timestamp,image_path_sky,image_path_optical_flow,image_path_cloud_mask,ghi,dni,dhi,temp,pressure
9/1/2019 6:42,datasets/dataset_cropped/09_Metas/01/06/20190901064200_00160.jpg,datasets_flow/dataset_cropped/09_Metas/01/06/20190901064200_00160.jpg,datasets_cloudmask/dataset_cropped/09_Metas/01/06/20190901064200_00160.png,3.8,0,3.5,19.5,959
9/1/2019 6:43,datasets/dataset_cropped/09_Metas/01/06/20190901064300_00160.jpg,datasets_flow/dataset_cropped/09_Metas/01/06/20190901064300_00160.jpg,datasets_cloudmask/dataset_cropped/09_Metas/01/06/20190901064300_00160.png,4.5,0,4.3,19.5,959
9/1/2019 6:44,datasets/dataset_cropped/09_Metas/01/06/20190901064400_00160.jpg,datasets_flow/dataset_cropped/09_Metas/01/06/20190901064400_00160.jpg,datasets_cloudmask/dataset_cropped/09_Metas/01/06/20190901064400_00160.png,5.3,0,5.1,19.4,959
9/1/2019 6:45,datasets/dataset_cropped/09_Metas/01/06/20190901064500_00160.jpg,datasets_flow/dataset_cropped/09_Metas/01/06/20190901064500_00160.jpg,datasets_cloudmask/dataset_cropped/09_Metas/01/06/20190901064500_00160.png,6.1,0,5.9,19.4,959
9/1/2019 6:46,datasets/dataset_cropped/09_Metas/01/06/20190901064600_00160.jpg,datasets_flow/dataset_cropped/09_Metas/01/06/20190901064600_00160.jpg,datasets_cloudmask/dataset_cropped/09_Metas/01/06/20190901064600_00160.png,6.8,0,6.6,19.3,960
9/1/2019 6:47,datasets/dataset_cropped/09_Metas/01/06/20190901064700_00160.jpg,datasets_flow/dataset_cropped/09_Metas/01/06/20190901064700_00160.jpg,datasets_cloudmask/dataset_cropped/09_Metas/01/06/20190901064700_00160.png,7.6,0,7.4,19.3,959
9/1/2019 6:48,datasets/dataset_cropped/09_Metas/01/06/20190901064800_00160.jpg,datasets_flow/dataset_cropped/09_Metas/01/06/20190901064800_00160.jpg,datasets_cloudmask/dataset_cropped/09_Metas/01/06/20190901064800_00160.png,8.4,0,8.2,19.2,959
9/1/2019 6:49,datasets/dataset_cropped/09_Metas/01/06/20190901064900_00160.jpg,datasets_flow/dataset_cropped/09_Metas/01/06/20190901064900_00160.jpg,datasets_cloudmask/dataset_cropped/09_Metas/01/06/20190901064900_00160.png,9.3,0,9.1,19.2,960
9/1/2019 6:50,datasets/dataset_cropped/09_Metas/01/06/20190901065000_00160.jpg,datasets_flow/dataset_cropped/09_Metas/01/06/20190901065000_00160.jpg,datasets_cloudmask/dataset_cropped/09_Metas/01/06/20190901065000_00160.png,10.1,0,10,19.2,959
9/1/2019 6:51,datasets/dataset_cropped/09_Metas/01/06/20190901065100_00160.jpg,datasets_flow/dataset_cropped/09_Metas/01/06/20190901065100_00160.jpg,datasets_cloudmask/dataset_cropped/09_Metas/01/06/20190901065100_00160.png,11,1.3,10.9,19.1,959
9/1/2019 6:52,datasets/dataset_cropped/09_Metas/01/06/20190901065200_00160.jpg,datasets_flow/dataset_cropped/09_Metas/01/06/20190901065200_00160.jpg,datasets_cloudmask/dataset_cropped/09_Metas/01/06/20190901065200_00160.png,11.9,19,11.8,19.2,960
9/1/2019 6:53,datasets/dataset_cropped/09_Metas/01/06/20190901065300_00160.jpg,datasets_flow/dataset_cropped/09_Metas/01/06/20190901065300_00160.jpg,datasets_cloudmask/dataset_cropped/09_Metas/01/06/20190901065300_00160.png,13.2,40,12.7,19.4,960
9/1/2019 6:54,datasets/dataset_cropped/09_Metas/01/06/20190901065400_00160.jpg,datasets_flow/dataset_cropped/09_Metas/01/06/20190901065400_00160.jpg,datasets_cloudmask/dataset_cropped/09_Metas/01/06/20190901065400_00160.png,14.3,30.2,13.6,19.6,960
9/1/2019 6:55,datasets/dataset_cropped/09_Metas/01/06/20190901065500_00160.jpg,datasets_flow/dataset_cropped/09_Metas/01/06/20190901065500_00160.jpg,datasets_cloudmask/dataset_cropped/09_Metas/01/06/20190901065500_00160.png,14.7,4.6,14.5,19.8,959
9/1/2019 6:56,datasets/dataset_cropped/09_Metas/01/06/20190901065600_00160.jpg,datasets_flow/dataset_cropped/09_Metas/01/06/20190901065600_00160.jpg,datasets_cloudmask/dataset_cropped/09_Metas/01/06/20190901065600_00160.png,15.5,18.1,15.4,19.9,960
9/1/2019 6:57,datasets/dataset_cropped/09_Metas/01/06/20190901065700_00160.jpg,datasets_flow/dataset_cropped/09_Metas/01/06/20190901065700_00160.jpg,datasets_cloudmask/dataset_cropped/09_Metas/01/06/20190901065700_00160.png,18.6,86.9,16.3,20,959
9/1/2019 6:58,datasets/dataset_cropped/09_Metas/01/06/20190901065800_00160.jpg,datasets_flow/dataset_cropped/09_Metas/01/06/20190901065800_00160.jpg,datasets_cloudmask/dataset_cropped/09_Metas/01/06/20190901065800_00160.png,23.6,143.1,17.1,20.1,960
9/1/2019 6:59,datasets/dataset_cropped/09_Metas/01/06/20190901065900_00160.jpg,datasets_flow/dataset_cropped/09_Metas/01/06/20190901065900_00160.jpg,datasets_cloudmask/dataset_cropped/09_Metas/01/06/20190901065900_00160.png,26.8,158.7,18.1,20.2,960
9/1/2019 7:00,datasets/dataset_cropped/09_Metas/01/07/20190901070000_00160.jpg,datasets_flow/dataset_cropped/09_Metas/01/07/20190901070000_00160.jpg,datasets_cloudmask/dataset_cropped/09_Metas/01/07/20190901070000_00160.png,28.6,167.4,18.9,20.3,960
9/1/2019 7:01,datasets/dataset_cropped/09_Metas/01/07/20190901070100_00160.jpg,datasets_flow/dataset_cropped/09_Metas/01/07/20190901070100_00160.jpg,datasets_cloudmask/dataset_cropped/09_Metas/01/07/20190901070100_00160.png,30.6,177,19.8,20.3,959
9/1/2019 7:02,datasets/dataset_cropped/09_Metas/01/07/20190901070200_00160.jpg,datasets_flow/dataset_cropped/09_Metas/01/07/20190901070200_00160.jpg,datasets_cloudmask/dataset_cropped/09_Metas/01/07/20190901070200_00160.png,32.5,186.9,20.4,20.4,959
9/1/2019 7:03,datasets/dataset_cropped/09_Metas/01/07/20190901070300_00160.jpg,datasets_flow/dataset_cropped/09_Metas/01/07/20190901070300_00160.jpg,datasets_cloudmask/dataset_cropped/09_Metas/01/07/20190901070300_00160.png,34.5,196.2,21.1,20.4,960
9/1/2019 7:04,datasets/dataset_cropped/09_Metas/01/07/20190901070400_00160.jpg,datasets_flow/dataset_cropped/09_Metas/01/07/20190901070400_00160.jpg,datasets_cloudmask/dataset_cropped/09_Metas/01/07/20190901070400_00160.png,36.6,205.2,21.9,20.5,960
9/1/2019 7:05,datasets/dataset_cropped/09_Metas/01/07/20190901070500_00160.jpg,datasets_flow/dataset_cropped/09_Metas/01/07/20190901070500_00160.jpg,datasets_cloudmask/dataset_cropped/09_Metas/01/07/20190901070500_00160.png,39,214.5,22.8,20.5,960
9/1/2019 7:06,datasets/dataset_cropped/09_Metas/01/07/20190901070600_00160.jpg,datasets_flow/dataset_cropped/09_Metas/01/07/20190901070600_00160.jpg,datasets_cloudmask/dataset_cropped/09_Metas/01/07/20190901070600_00160.png,41.2,223.1,23.7,20.5,960
9/1/2019 7:07,datasets/dataset_cropped/09_Metas/01/07/20190901070700_00160.jpg,datasets_flow/dataset_cropped/09_Metas/01/07/20190901070700_00160.jpg,datasets_cloudmask/dataset_cropped/09_Metas/01/07/20190901070700_00160.png,43.7,232.4,24.5,20.6,960
9/1/2019 7:08,datasets/dataset_cropped/09_Metas/01/07/20190901070800_00160.jpg,datasets_flow/dataset_cropped/09_Metas/01/07/20190901070800_00160.jpg,datasets_cloudmask/dataset_cropped/09_Metas/01/07/20190901070800_00160.png,46.1,241.7,25.4,20.7,960
9/1/2019 7:09,datasets/dataset_cropped/09_Metas/01/07/20190901070900_00160.jpg,datasets_flow/dataset_cropped/09_Metas/01/07/20190901070900_00160.jpg,datasets_cloudmask/dataset_cropped/09_Metas/01/07/20190901070900_00160.png,48.6,250.6,26.3,20.7,960
9/1/2019 7:10,datasets/dataset_cropped/09_Metas/01/07/20190901071000_00160.jpg,datasets_flow/dataset_cropped/09_Metas/01/07/20190901071000_00160.jpg,datasets_cloudmask/dataset_cropped/09_Metas/01/07/20190901071000_00160.png,51.1,258.7,27.3,20.8,960
9/1/2019 7:11,datasets/dataset_cropped/09_Metas/01/07/20190901071100_00160.jpg,datasets_flow/dataset_cropped/09_Metas/01/07/20190901071100_00160.jpg,datasets_cloudmask/dataset_cropped/09_Metas/01/07/20190901071100_00160.png,53.6,266.1,28.3,20.7,960
9/1/2019 7:12,datasets/dataset_cropped/09_Metas/01/07/20190901071200_00160.jpg,datasets_flow/dataset_cropped/09_Metas/01/07/20190901071200_00160.jpg,datasets_cloudmask/dataset_cropped/09_Metas/01/07/20190901071200_00160.png,56,273.2,29,20.5,960
9/1/2019 7:13,datasets/dataset_cropped/09_Metas/01/07/20190901071300_00160.jpg,datasets_flow/dataset_cropped/09_Metas/01/07/20190901071300_00160.jpg,datasets_cloudmask/dataset_cropped/09_Metas/01/07/20190901071300_00160.png,58.3,280.6,29.8,20.3,960
9/1/2019 7:14,datasets/dataset_cropped/09_Metas/01/07/20190901071400_00160.jpg,datasets_flow/dataset_cropped/09_Metas/01/07/20190901071400_00160.jpg,datasets_cloudmask/dataset_cropped/09_Metas/01/07/20190901071400_00160.png,60.8,286.9,30.7,20.2,960
9/1/2019 7:15,datasets/dataset_cropped/09_Metas/01/07/20190901071500_00160.jpg,datasets_flow/dataset_cropped/09_Metas/01/07/20190901071500_00160.jpg,datasets_cloudmask/dataset_cropped/09_Metas/01/07/20190901071500_00160.png,63.4,294.1,31.6,20.1,960
9/1/2019 7:16,datasets/dataset_cropped/09_Metas/01/07/20190901071600_00160.jpg,datasets_flow/dataset_cropped/09_Metas/01/07/20190901071600_00160.jpg,datasets_cloudmask/dataset_cropped/09_Metas/01/07/20190901071600_00160.png,66.1,302.2,32.4,20,960
9/1/2019 7:17,datasets/dataset_cropped/09_Metas/01/07/20190901071700_00160.jpg,datasets_flow/dataset_cropped/09_Metas/01/07/20190901071700_00160.jpg,datasets_cloudmask/dataset_cropped/09_Metas/01/07/20190901071700_00160.png,68.7,310,33.2,19.8,960
9/1/2019 7:18,datasets/dataset_cropped/09_Metas/01/07/20190901071800_00160.jpg,datasets_flow/dataset_cropped/09_Metas/01/07/20190901071800_00160.jpg,datasets_cloudmask/dataset_cropped/09_Metas/01/07/20190901071800_00160.png,71.4,317.5,33.9,19.6,960
9/1/2019 7:19,datasets/dataset_cropped/09_Metas/01/07/20190901071900_00160.jpg,datasets_flow/dataset_cropped/09_Metas/01/07/20190901071900_00160.jpg,datasets_cloudmask/dataset_cropped/09_Metas/01/07/20190901071900_00160.png,74,324.6,34.6,19.6,960
9/1/2019 7:20,datasets/dataset_cropped/09_Metas/01/07/20190901072000_00160.jpg,datasets_flow/dataset_cropped/09_Metas/01/07/20190901072000_00160.jpg,datasets_cloudmask/dataset_cropped/09_Metas/01/07/20190901072000_00160.png,76.7,331,35.3,19.6,960
9/1/2019 7:21,datasets/dataset_cropped/09_Metas/01/07/20190901072100_00160.jpg,datasets_flow/dataset_cropped/09_Metas/01/07/20190901072100_00160.jpg,datasets_cloudmask/dataset_cropped/09_Metas/01/07/20190901072100_00160.png,79.3,337.3,36.1,19.7,960
9/1/2019 7:22,datasets/dataset_cropped/09_Metas/01/07/20190901072200_00160.jpg,datasets_flow/dataset_cropped/09_Metas/01/07/20190901072200_00160.jpg,datasets_cloudmask/dataset_cropped/09_Metas/01/07/20190901072200_00160.png,82.1,344.3,36.8,19.8,960
9/1/2019 7:23,datasets/dataset_cropped/09_Metas/01/07/20190901072300_00160.jpg,datasets_flow/dataset_cropped/09_Metas/01/07/20190901072300_00160.jpg,datasets_cloudmask/dataset_cropped/09_Metas/01/07/20190901072300_00160.png,84.9,350.7,37.5,19.9,960
9/1/2019 7:24,datasets/dataset_cropped/09_Metas/01/07/20190901072400_00160.jpg,datasets_flow/dataset_cropped/09_Metas/01/07/20190901072400_00160.jpg,datasets_cloudmask/dataset_cropped/09_Metas/01/07/20190901072400_00160.png,87.6,356.8,38.2,20,960
9/1/2019 7:25,datasets/dataset_cropped/09_Metas/01/07/20190901072500_00160.jpg,datasets_flow/dataset_cropped/09_Metas/01/07/20190901072500_00160.jpg,datasets_cloudmask/dataset_cropped/09_Metas/01/07/20190901072500_00160.png,90.6,364,38.9,20.1,960
9/1/2019 7:26,datasets/dataset_cropped/09_Metas/01/07/20190901072600_00160.jpg,datasets_flow/dataset_cropped/09_Metas/01/07/20190901072600_00160.jpg,datasets_cloudmask/dataset_cropped/09_Metas/01/07/20190901072600_00160.png,93.6,371.5,39.6,20.2,960
9/1/2019 7:27,datasets/dataset_cropped/09_Metas/01/07/20190901072700_00160.jpg,datasets_flow/dataset_cropped/09_Metas/01/07/20190901072700_00160.jpg,datasets_cloudmask/dataset_cropped/09_Metas/01/07/20190901072700_00160.png,96.7,378.3,40.4,20.4,960
9/1/2019 7:28,datasets/dataset_cropped/09_Metas/01/07/20190901072800_00160.jpg,datasets_flow/dataset_cropped/09_Metas/01/07/20190901072800_00160.jpg,datasets_cloudmask/dataset_cropped/09_Metas/01/07/20190901072800_00160.png,99.7,385.1,41.1,20.6,960
9/1/2019 7:29,datasets/dataset_cropped/09_Metas/01/07/20190901072900_00160.jpg,datasets_flow/dataset_cropped/09_Metas/01/07/20190901072900_00160.jpg,datasets_cloudmask/dataset_cropped/09_Metas/01/07/20190901072900_00160.png,102.6,391.1,41.9,20.7,960
9/1/2019 7:30,datasets/dataset_cropped/09_Metas/01/07/20190901073000_00160.jpg,datasets_flow/dataset_cropped/09_Metas/01/07/20190901073000_00160.jpg,datasets_cloudmask/dataset_cropped/09_Metas/01/07/20190901073000_00160.png,105.5,396.8,42.6,20.8,960
9/1/2019 7:31,datasets/dataset_cropped/09_Metas/01/07/20190901073100_00160.jpg,datasets_flow/dataset_cropped/09_Metas/01/07/20190901073100_00160.jpg,datasets_cloudmask/dataset_cropped/09_Metas/01/07/20190901073100_00160.png,108.3,402.4,43.3,21,960
9/1/2019 7:32,datasets/dataset_cropped/09_Metas/01/07/20190901073200_00160.jpg,datasets_flow/dataset_cropped/09_Metas/01/07/20190901073200_00160.jpg,datasets_cloudmask/dataset_cropped/09_Metas/01/07/20190901073200_00160.png,111.1,407.9,44,21.1,960
9/1/2019 7:33,datasets/dataset_cropped/09_Metas/01/07/20190901073300_00160.jpg,datasets_flow/dataset_cropped/09_Metas/01/07/20190901073300_00160.jpg,datasets_cloudmask/dataset_cropped/09_Metas/01/07/20190901073300_00160.png,114,413.6,44.6,21.1,960
9/1/2019 7:34,datasets/dataset_cropped/09_Metas/01/07/20190901073400_00160.jpg,datasets_flow/dataset_cropped/09_Metas/01/07/20190901073400_00160.jpg,datasets_cloudmask/dataset_cropped/09_Metas/01/07/20190901073400_00160.png,117,419.1,45.3,21.1,960
9/1/2019 7:35,datasets/dataset_cropped/09_Metas/01/07/20190901073500_00160.jpg,datasets_flow/dataset_cropped/09_Metas/01/07/20190901073500_00160.jpg,datasets_cloudmask/dataset_cropped/09_Metas/01/07/20190901073500_00160.png,120,425.2,46,21.1,960
9/1/2019 7:36,datasets/dataset_cropped/09_Metas/01/07/20190901073600_00160.jpg,datasets_flow/dataset_cropped/09_Metas/01/07/20190901073600_00160.jpg,datasets_cloudmask/dataset_cropped/09_Metas/01/07/20190901073600_00160.png,122.9,430.2,46.7,21.2,960
9/1/2019 7:37,datasets/dataset_cropped/09_Metas/01/07/20190901073700_00160.jpg,datasets_flow/dataset_cropped/09_Metas/01/07/20190901073700_00160.jpg,datasets_cloudmask/dataset_cropped/09_Metas/01/07/20190901073700_00160.png,125.8,435.7,47.3,21.2,960
9/1/2019 7:38,datasets/dataset_cropped/09_Metas/01/07/20190901073800_00160.jpg,datasets_flow/dataset_cropped/09_Metas/01/07/20190901073800_00160.jpg,datasets_cloudmask/dataset_cropped/09_Metas/01/07/20190901073800_00160.png,128.8,440.9,48,21.4,960
9/1/2019 7:39,datasets/dataset_cropped/09_Metas/01/07/20190901073900_00160.jpg,datasets_flow/dataset_cropped/09_Metas/01/07/20190901073900_00160.jpg,datasets_cloudmask/dataset_cropped/09_Metas/01/07/20190901073900_00160.png,131.7,446.1,48.6,21.5,960
9/1/2019 7:40,datasets/dataset_cropped/09_Metas/01/07/20190901074000_00160.jpg,datasets_flow/dataset_cropped/09_Metas/01/07/20190901074000_00160.jpg,datasets_cloudmask/dataset_cropped/09_Metas/01/07/20190901074000_00160.png,134.6,450.8,49.2,21.5,960
9/1/2019 7:41,datasets/dataset_cropped/09_Metas/01/07/20190901074100_00160.jpg,datasets_flow/dataset_cropped/09_Metas/01/07/20190901074100_00160.jpg,datasets_cloudmask/dataset_cropped/09_Metas/01/07/20190901074100_00160.png,137.6,456.3,49.9,21.6,960
9/1/2019 7:42,datasets/dataset_cropped/09_Metas/01/07/20190901074200_00160.jpg,datasets_flow/dataset_cropped/09_Metas/01/07/20190901074200_00160.jpg,datasets_cloudmask/dataset_cropped/09_Metas/01/07/20190901074200_00160.png,140.8,461.8,50.6,21.7,960
9/1/2019 7:43,datasets/dataset_cropped/09_Metas/01/07/20190901074300_00160.jpg,datasets_flow/dataset_cropped/09_Metas/01/07/20190901074300_00160.jpg,datasets_cloudmask/dataset_cropped/09_Metas/01/07/20190901074300_00160.png,143.9,466.8,51.2,21.7,960
9/1/2019 7:44,datasets/dataset_cropped/09_Metas/01/07/20190901074400_00160.jpg,datasets_flow/dataset_cropped/09_Metas/01/07/20190901074400_00160.jpg,datasets_cloudmask/dataset_cropped/09_Metas/01/07/20190901074400_00160.png,147.1,472.1,51.8,21.9,960
9/1/2019 7:45,datasets/dataset_cropped/09_Metas/01/07/20190901074500_00160.jpg,datasets_flow/dataset_cropped/09_Metas/01/07/20190901074500_00160.jpg,datasets_cloudmask/dataset_cropped/09_Metas/01/07/20190901074500_00160.png,150.2,477.4,52.4,22,960
9/1/2019 7:46,datasets/dataset_cropped/09_Metas/01/07/20190901074600_00160.jpg,datasets_flow/dataset_cropped/09_Metas/01/07/20190901074600_00160.jpg,datasets_cloudmask/dataset_cropped/09_Metas/01/07/20190901074600_00160.png,153.5,482.3,53,22.1,960
9/1/2019 7:47,datasets/dataset_cropped/09_Metas/01/07/20190901074700_00160.jpg,datasets_flow/dataset_cropped/09_Metas/01/07/20190901074700_00160.jpg,datasets_cloudmask/dataset_cropped/09_Metas/01/07/20190901074700_00160.png,156.8,487.5,53.7,22.1,960
9/1/2019 7:48,datasets/dataset_cropped/09_Metas/01/07/20190901074800_00160.jpg,datasets_flow/dataset_cropped/09_Metas/01/07/20190901074800_00160.jpg,datasets_cloudmask/dataset_cropped/09_Metas/01/07/20190901074800_00160.png,160.2,492.3,54.4,22.1,960
9/1/2019 7:49,datasets/dataset_cropped/09_Metas/01/07/20190901074900_00160.jpg,datasets_flow/dataset_cropped/09_Metas/01/07/20190901074900_00160.jpg,datasets_cloudmask/dataset_cropped/09_Metas/01/07/20190901074900_00160.png,163.3,496.9,54.9,22.4,960
9/1/2019 7:50,datasets/dataset_cropped/09_Metas/01/07/20190901075000_00160.jpg,datasets_flow/dataset_cropped/09_Metas/01/07/20190901075000_00160.jpg,datasets_cloudmask/dataset_cropped/09_Metas/01/07/20190901075000_00160.png,166.5,501.6,55.4,22.6,960
9/1/2019 7:51,datasets/dataset_cropped/09_Metas/01/07/20190901075100_00160.jpg,datasets_flow/dataset_cropped/09_Metas/01/07/20190901075100_00160.jpg,datasets_cloudmask/dataset_cropped/09_Metas/01/07/20190901075100_00160.png,169.9,506,56,22.7,960
9/1/2019 7:52,datasets/dataset_cropped/09_Metas/01/07/20190901075200_00160.jpg,datasets_flow/dataset_cropped/09_Metas/01/07/20190901075200_00160.jpg,datasets_cloudmask/dataset_cropped/09_Metas/01/07/20190901075200_00160.png,173.3,510.8,56.5,22.7,960
9/1/2019 7:53,datasets/dataset_cropped/09_Metas/01/07/20190901075300_00160.jpg,datasets_flow/dataset_cropped/09_Metas/01/07/20190901075300_00160.jpg,datasets_cloudmask/dataset_cropped/09_Metas/01/07/20190901075300_00160.png,176.7,515.5,57,22.8,960
9/1/2019 7:54,datasets/dataset_cropped/09_Metas/01/07/20190901075400_00160.jpg,datasets_flow/dataset_cropped/09_Metas/01/07/20190901075400_00160.jpg,datasets_cloudmask/dataset_cropped/09_Metas/01/07/20190901075400_00160.png,180,520.1,57.5,22.8,960
9/1/2019 7:55,datasets/dataset_cropped/09_Metas/01/07/20190901075500_00160.jpg,datasets_flow/dataset_cropped/09_Metas/01/07/20190901075500_00160.jpg,datasets_cloudmask/dataset_cropped/09_Metas/01/07/20190901075500_00160.png,183.4,524.7,58,22.9,960
9/1/2019 7:56,datasets/dataset_cropped/09_Metas/01/07/20190901075600_00160.jpg,datasets_flow/dataset_cropped/09_Metas/01/07/20190901075600_00160.jpg,datasets_cloudmask/dataset_cropped/09_Metas/01/07/20190901075600_00160.png,187,529.9,58.6,23,960
9/1/2019 7:57,datasets/dataset_cropped/09_Metas/01/07/20190901075700_00160.jpg,datasets_flow/dataset_cropped/09_Metas/01/07/20190901075700_00160.jpg,datasets_cloudmask/dataset_cropped/09_Metas/01/07/20190901075700_00160.png,190.7,535.1,59.1,23,960
9/1/2019 7:58,datasets/dataset_cropped/09_Metas/01/07/20190901075800_00160.jpg,datasets_flow/dataset_cropped/09_Metas/01/07/20190901075800_00160.jpg,datasets_cloudmask/dataset_cropped/09_Metas/01/07/20190901075800_00160.png,194.3,539.6,59.6,23.1,960
9/1/2019 7:59,datasets/dataset_cropped/09_Metas/01/07/20190901075900_00160.jpg,datasets_flow/dataset_cropped/09_Metas/01/07/20190901075900_00160.jpg,datasets_cloudmask/dataset_cropped/09_Metas/01/07/20190901075900_00160.png,197.9,544,60.2,23.2,960
9/1/2019 8:00,datasets/dataset_cropped/09_Metas/01/08/20190901080000_00160.jpg,datasets_flow/dataset_cropped/09_Metas/01/08/20190901080000_00160.jpg,datasets_cloudmask/dataset_cropped/09_Metas/01/08/20190901080000_00160.png,201.5,549.1,60.6,23.3,960
9/1/2019 8:01,datasets/dataset_cropped/09_Metas/01/08/20190901080100_00160.jpg,datasets_flow/dataset_cropped/09_Metas/01/08/20190901080100_00160.jpg,datasets_cloudmask/dataset_cropped/09_Metas/01/08/20190901080100_00160.png,205.1,553.6,61.1,23.4,960
9/1/2019 8:02,datasets/dataset_cropped/09_Metas/01/08/20190901080200_00160.jpg,datasets_flow/dataset_cropped/09_Metas/01/08/20190901080200_00160.jpg,datasets_cloudmask/dataset_cropped/09_Metas/01/08/20190901080200_00160.png,208.6,557.7,61.6,23.5,960
9/1/2019 8:03,datasets/dataset_cropped/09_Metas/01/08/20190901080300_00160.jpg,datasets_flow/dataset_cropped/09_Metas/01/08/20190901080300_00160.jpg,datasets_cloudmask/dataset_cropped/09_Metas/01/08/20190901080300_00160.png,212.3,561.9,62.2,23.5,960
9/1/2019 8:04,datasets/dataset_cropped/09_Metas/01/08/20190901080400_00160.jpg,datasets_flow/dataset_cropped/09_Metas/01/08/20190901080400_00160.jpg,datasets_cloudmask/dataset_cropped/09_Metas/01/08/20190901080400_00160.png,215.9,566.3,62.7,23.6,960
9/1/2019 8:05,datasets/dataset_cropped/09_Metas/01/08/20190901080500_00160.jpg,datasets_flow/dataset_cropped/09_Metas/01/08/20190901080500_00160.jpg,datasets_cloudmask/dataset_cropped/09_Metas/01/08/20190901080500_00160.png,219.3,570,63,23.7,960
9/1/2019 8:06,datasets/dataset_cropped/09_Metas/01/08/20190901080600_00160.jpg,datasets_flow/dataset_cropped/09_Metas/01/08/20190901080600_00160.jpg,datasets_cloudmask/dataset_cropped/09_Metas/01/08/20190901080600_00160.png,222.7,573.6,63.5,23.9,960
9/1/2019 8:07,datasets/dataset_cropped/09_Metas/01/08/20190901080700_00160.jpg,datasets_flow/dataset_cropped/09_Metas/01/08/20190901080700_00160.jpg,datasets_cloudmask/dataset_cropped/09_Metas/01/08/20190901080700_00160.png,226.2,577.1,63.9,24,960
9/1/2019 8:08,datasets/dataset_cropped/09_Metas/01/08/20190901080800_00160.jpg,datasets_flow/dataset_cropped/09_Metas/01/08/20190901080800_00160.jpg,datasets_cloudmask/dataset_cropped/09_Metas/01/08/20190901080800_00160.png,229.9,581.6,64.4,24.1,960
9/1/2019 8:09,datasets/dataset_cropped/09_Metas/01/08/20190901080900_00160.jpg,datasets_flow/dataset_cropped/09_Metas/01/08/20190901080900_00160.jpg,datasets_cloudmask/dataset_cropped/09_Metas/01/08/20190901080900_00160.png,233.4,585.3,64.8,24.1,960
9/1/2019 8:10,datasets/dataset_cropped/09_Metas/01/08/20190901081000_00160.jpg,datasets_flow/dataset_cropped/09_Metas/01/08/20190901081000_00160.jpg,datasets_cloudmask/dataset_cropped/09_Metas/01/08/20190901081000_00160.png,237,589.4,65.4,24.2,960
9/1/2019 8:11,datasets/dataset_cropped/09_Metas/01/08/20190901081100_00160.jpg,datasets_flow/dataset_cropped/09_Metas/01/08/20190901081100_00160.jpg,datasets_cloudmask/dataset_cropped/09_Metas/01/08/20190901081100_00160.png,240.6,593.2,66,24.2,960
9/1/2019 8:12,datasets/dataset_cropped/09_Metas/01/08/20190901081200_00160.jpg,datasets_flow/dataset_cropped/09_Metas/01/08/20190901081200_00160.jpg,datasets_cloudmask/dataset_cropped/09_Metas/01/08/20190901081200_00160.png,244.6,597.1,66.7,24.1,960
9/1/2019 8:13,datasets/dataset_cropped/09_Metas/01/08/20190901081300_00160.jpg,datasets_flow/dataset_cropped/09_Metas/01/08/20190901081300_00160.jpg,datasets_cloudmask/dataset_cropped/09_Metas/01/08/20190901081300_00160.png,248.1,600.7,67.2,24.1,960
9/1/2019 8:14,datasets/dataset_cropped/09_Metas/01/08/20190901081400_00160.jpg,datasets_flow/dataset_cropped/09_Metas/01/08/20190901081400_00160.jpg,datasets_cloudmask/dataset_cropped/09_Metas/01/08/20190901081400_00160.png,251.4,603.5,67.7,24.2,960
9/1/2019 8:15,datasets/dataset_cropped/09_Metas/01/08/20190901081500_00160.jpg,datasets_flow/dataset_cropped/09_Metas/01/08/20190901081500_00160.jpg,datasets_cloudmask/dataset_cropped/09_Metas/01/08/20190901081500_00160.png,254.5,605.9,67.8,24.3,960
9/1/2019 8:16,datasets/dataset_cropped/09_Metas/01/08/20190901081600_00160.jpg,datasets_flow/dataset_cropped/09_Metas/01/08/20190901081600_00160.jpg,datasets_cloudmask/dataset_cropped/09_Metas/01/08/20190901081600_00160.png,257.5,607.4,68.2,24.5,960
9/1/2019 8:17,datasets/dataset_cropped/09_Metas/01/08/20190901081700_00160.jpg,datasets_flow/dataset_cropped/09_Metas/01/08/20190901081700_00160.jpg,datasets_cloudmask/dataset_cropped/09_Metas/01/08/20190901081700_00160.png,260.6,609.1,68.7,24.6,960
9/1/2019 8:18,datasets/dataset_cropped/09_Metas/01/08/20190901081800_00160.jpg,datasets_flow/dataset_cropped/09_Metas/01/08/20190901081800_00160.jpg,datasets_cloudmask/dataset_cropped/09_Metas/01/08/20190901081800_00160.png,264.4,613,69.1,24.6,960
9/1/2019 8:19,datasets/dataset_cropped/09_Metas/01/08/20190901081900_00160.jpg,datasets_flow/dataset_cropped/09_Metas/01/08/20190901081900_00160.jpg,datasets_cloudmask/dataset_cropped/09_Metas/01/08/20190901081900_00160.png,267.9,616.6,69.5,24.7,960
9/1/2019 8:20,datasets/dataset_cropped/09_Metas/01/08/20190901082000_00160.jpg,datasets_flow/dataset_cropped/09_Metas/01/08/20190901082000_00160.jpg,datasets_cloudmask/dataset_cropped/09_Metas/01/08/20190901082000_00160.png,271.6,619.8,70.3,24.7,960
9/1/2019 8:21,datasets/dataset_cropped/09_Metas/01/08/20190901082100_00160.jpg,datasets_flow/dataset_cropped/09_Metas/01/08/20190901082100_00160.jpg,datasets_cloudmask/dataset_cropped/09_Metas/01/08/20190901082100_00160.png,274.8,621.5,70.9,24.7,960
9/1/2019 8:22,datasets/dataset_cropped/09_Metas/01/08/20190901082200_00160.jpg,datasets_flow/dataset_cropped/09_Metas/01/08/20190901082200_00160.jpg,datasets_cloudmask/dataset_cropped/09_Metas/01/08/20190901082200_00160.png,278.1,624.5,71,24.8,960
9/1/2019 8:23,datasets/dataset_cropped/09_Metas/01/08/20190901082300_00160.jpg,datasets_flow/dataset_cropped/09_Metas/01/08/20190901082300_00160.jpg,datasets_cloudmask/dataset_cropped/09_Metas/01/08/20190901082300_00160.png,281.3,626.9,71.4,24.9,960
9/1/2019 8:24,datasets/dataset_cropped/09_Metas/01/08/20190901082400_00160.jpg,datasets_flow/dataset_cropped/09_Metas/01/08/20190901082400_00160.jpg,datasets_cloudmask/dataset_cropped/09_Metas/01/08/20190901082400_00160.png,284.8,630,71.8,24.9,960
9/1/2019 8:25,datasets/dataset_cropped/09_Metas/01/08/20190901082500_00160.jpg,datasets_flow/dataset_cropped/09_Metas/01/08/20190901082500_00160.jpg,datasets_cloudmask/dataset_cropped/09_Metas/01/08/20190901082500_00160.png,288.2,632.4,72.2,25,960
9/1/2019 8:26,datasets/dataset_cropped/09_Metas/01/08/20190901082600_00160.jpg,datasets_flow/dataset_cropped/09_Metas/01/08/20190901082600_00160.jpg,datasets_cloudmask/dataset_cropped/09_Metas/01/08/20190901082600_00160.png,291.6,634.6,72.8,25.1,960
9/1/2019 8:27,datasets/dataset_cropped/09_Metas/01/08/20190901082700_00160.jpg,datasets_flow/dataset_cropped/09_Metas/01/08/20190901082700_00160.jpg,datasets_cloudmask/dataset_cropped/09_Metas/01/08/20190901082700_00160.png,295.6,638.8,73.5,25.2,960
9/1/2019 8:28,datasets/dataset_cropped/09_Metas/01/08/20190901082800_00160.jpg,datasets_flow/dataset_cropped/09_Metas/01/08/20190901082800_00160.jpg,datasets_cloudmask/dataset_cropped/09_Metas/01/08/20190901082800_00160.png,298.8,641.8,73.5,25.2,960
9/1/2019 8:29,datasets/dataset_cropped/09_Metas/01/08/20190901082900_00160.jpg,datasets_flow/dataset_cropped/09_Metas/01/08/20190901082900_00160.jpg,datasets_cloudmask/dataset_cropped/09_Metas/01/08/20190901082900_00160.png,302.1,644.6,73.7,25.3,960
9/1/2019 8:30,datasets/dataset_cropped/09_Metas/01/08/20190901083000_00160.jpg,datasets_flow/dataset_cropped/09_Metas/01/08/20190901083000_00160.jpg,datasets_cloudmask/dataset_cropped/09_Metas/01/08/20190901083000_00160.png,305.7,648.3,74.1,25.4,960
9/1/2019 8:31,datasets/dataset_cropped/09_Metas/01/08/20190901083100_00160.jpg,datasets_flow/dataset_cropped/09_Metas/01/08/20190901083100_00160.jpg,datasets_cloudmask/dataset_cropped/09_Metas/01/08/20190901083100_00160.png,309.2,651,74.5,25.5,960
9/1/2019 8:32,datasets/dataset_cropped/09_Metas/01/08/20190901083200_00160.jpg,datasets_flow/dataset_cropped/09_Metas/01/08/20190901083200_00160.jpg,datasets_cloudmask/dataset_cropped/09_Metas/01/08/20190901083200_00160.png,312.8,653.5,75,25.5,960
9/1/2019 8:33,datasets/dataset_cropped/09_Metas/01/08/20190901083300_00160.jpg,datasets_flow/dataset_cropped/09_Metas/01/08/20190901083300_00160.jpg,datasets_cloudmask/dataset_cropped/09_Metas/01/08/20190901083300_00160.png,316.2,656.4,75.2,25.6,960
9/1/2019 8:34,datasets/dataset_cropped/09_Metas/01/08/20190901083400_00160.jpg,datasets_flow/dataset_cropped/09_Metas/01/08/20190901083400_00160.jpg,datasets_cloudmask/dataset_cropped/09_Metas/01/08/20190901083400_00160.png,319.5,659.1,75.4,25.7,960
9/1/2019 8:35,datasets/dataset_cropped/09_Metas/01/08/20190901083500_00160.jpg,datasets_flow/dataset_cropped/09_Metas/01/08/20190901083500_00160.jpg,datasets_cloudmask/dataset_cropped/09_Metas/01/08/20190901083500_00160.png,322.7,661.4,75.6,25.8,960
9/1/2019 8:36,datasets/dataset_cropped/09_Metas/01/08/20190901083600_00160.jpg,datasets_flow/dataset_cropped/09_Metas/01/08/20190901083600_00160.jpg,datasets_cloudmask/dataset_cropped/09_Metas/01/08/20190901083600_00160.png,325.8,663.7,75.8,25.9,960
9/1/2019 8:37,datasets/dataset_cropped/09_Metas/01/08/20190901083700_00160.jpg,datasets_flow/dataset_cropped/09_Metas/01/08/20190901083700_00160.jpg,datasets_cloudmask/dataset_cropped/09_Metas/01/08/20190901083700_00160.png,329,666.3,75.8,25.9,960
9/1/2019 8:38,datasets/dataset_cropped/09_Metas/01/08/20190901083800_00160.jpg,datasets_flow/dataset_cropped/09_Metas/01/08/20190901083800_00160.jpg,datasets_cloudmask/dataset_cropped/09_Metas/01/08/20190901083800_00160.png,332.6,669.1,76,26,960
9/1/2019 8:39,datasets/dataset_cropped/09_Metas/01/08/20190901083900_00160.jpg,datasets_flow/dataset_cropped/09_Metas/01/08/20190901083900_00160.jpg,datasets_cloudmask/dataset_cropped/09_Metas/01/08/20190901083900_00160.png,336.3,672.3,76.3,25.9,960
9/1/2019 8:40,datasets/dataset_cropped/09_Metas/01/08/20190901084000_00160.jpg,datasets_flow/dataset_cropped/09_Metas/01/08/20190901084000_00160.jpg,datasets_cloudmask/dataset_cropped/09_Metas/01/08/20190901084000_00160.png,339.8,675.2,76.6,25.7,960
9/1/2019 8:41,datasets/dataset_cropped/09_Metas/01/08/20190901084100_00160.jpg,datasets_flow/dataset_cropped/09_Metas/01/08/20190901084100_00160.jpg,datasets_cloudmask/dataset_cropped/09_Metas/01/08/20190901084100_00160.png,343.4,678,76.8,25.6,960
9/1/2019 8:42,datasets/dataset_cropped/09_Metas/01/08/20190901084200_00160.jpg,datasets_flow/dataset_cropped/09_Metas/01/08/20190901084200_00160.jpg,datasets_cloudmask/dataset_cropped/09_Metas/01/08/20190901084200_00160.png,347.1,681,77.2,25.7,960
9/1/2019 8:43,datasets/dataset_cropped/09_Metas/01/08/20190901084300_00160.jpg,datasets_flow/dataset_cropped/09_Metas/01/08/20190901084300_00160.jpg,datasets_cloudmask/dataset_cropped/09_Metas/01/08/20190901084300_00160.png,350.8,683.7,77.6,25.8,960
9/1/2019 8:44,datasets/dataset_cropped/09_Metas/01/08/20190901084400_00160.jpg,datasets_flow/dataset_cropped/09_Metas/01/08/20190901084400_00160.jpg,datasets_cloudmask/dataset_cropped/09_Metas/01/08/20190901084400_00160.png,353.8,685.8,77.9,25.9,960
9/1/2019 8:45,datasets/dataset_cropped/09_Metas/01/08/20190901084500_00160.jpg,datasets_flow/dataset_cropped/09_Metas/01/08/20190901084500_00160.jpg,datasets_cloudmask/dataset_cropped/09_Metas/01/08/20190901084500_00160.png,357,687.5,78.2,25.9,960
9/1/2019 8:46,datasets/dataset_cropped/09_Metas/01/08/20190901084600_00160.jpg,datasets_flow/dataset_cropped/09_Metas/01/08/20190901084600_00160.jpg,datasets_cloudmask/dataset_cropped/09_Metas/01/08/20190901084600_00160.png,360.3,689.2,78.5,25.9,960
9/1/2019 8:47,datasets/dataset_cropped/09_Metas/01/08/20190901084700_00160.jpg,datasets_flow/dataset_cropped/09_Metas/01/08/20190901084700_00160.jpg,datasets_cloudmask/dataset_cropped/09_Metas/01/08/20190901084700_00160.png,363.6,691.4,78.8,25.9,960
9/1/2019 8:48,datasets/dataset_cropped/09_Metas/01/08/20190901084800_00160.jpg,datasets_flow/dataset_cropped/09_Metas/01/08/20190901084800_00160.jpg,datasets_cloudmask/dataset_cropped/09_Metas/01/08/20190901084800_00160.png,367,693.3,79.1,26.1,960
9/1/2019 8:49,datasets/dataset_cropped/09_Metas/01/08/20190901084900_00160.jpg,datasets_flow/dataset_cropped/09_Metas/01/08/20190901084900_00160.jpg,datasets_cloudmask/dataset_cropped/09_Metas/01/08/20190901084900_00160.png,370.3,695.2,79.4,26.2,960
9/1/2019 8:50,datasets/dataset_cropped/09_Metas/01/08/20190901085000_00160.jpg,datasets_flow/dataset_cropped/09_Metas/01/08/20190901085000_00160.jpg,datasets_cloudmask/dataset_cropped/09_Metas/01/08/20190901085000_00160.png,373.5,696.8,79.6,26.3,960
9/1/2019 8:51,datasets/dataset_cropped/09_Metas/01/08/20190901085100_00160.jpg,datasets_flow/dataset_cropped/09_Metas/01/08/20190901085100_00160.jpg,datasets_cloudmask/dataset_cropped/09_Metas/01/08/20190901085100_00160.png,377,698.7,80,26.3,960
9/1/2019 8:52,datasets/dataset_cropped/09_Metas/01/08/20190901085200_00160.jpg,datasets_flow/dataset_cropped/09_Metas/01/08/20190901085200_00160.jpg,datasets_cloudmask/dataset_cropped/09_Metas/01/08/20190901085200_00160.png,380.4,700.8,80.4,26.3,960
9/1/2019 8:53,datasets/dataset_cropped/09_Metas/01/08/20190901085300_00160.jpg,datasets_flow/dataset_cropped/09_Metas/01/08/20190901085300_00160.jpg,datasets_cloudmask/dataset_cropped/09_Metas/01/08/20190901085300_00160.png,384,702.8,81,26.4,960
9/1/2019 8:54,datasets/dataset_cropped/09_Metas/01/08/20190901085400_00160.jpg,datasets_flow/dataset_cropped/09_Metas/01/08/20190901085400_00160.jpg,datasets_cloudmask/dataset_cropped/09_Metas/01/08/20190901085400_00160.png,387.2,704.7,81.1,26.3,960
9/1/2019 8:55,datasets/dataset_cropped/09_Metas/01/08/20190901085500_00160.jpg,datasets_flow/dataset_cropped/09_Metas/01/08/20190901085500_00160.jpg,datasets_cloudmask/dataset_cropped/09_Metas/01/08/20190901085500_00160.png,390.6,707.1,81.5,26.1,960
9/1/2019 8:56,datasets/dataset_cropped/09_Metas/01/08/20190901085600_00160.jpg,datasets_flow/dataset_cropped/09_Metas/01/08/20190901085600_00160.jpg,datasets_cloudmask/dataset_cropped/09_Metas/01/08/20190901085600_00160.png,394.2,709.2,81.8,26,960
9/1/2019 8:57,datasets/dataset_cropped/09_Metas/01/08/20190901085700_00160.jpg,datasets_flow/dataset_cropped/09_Metas/01/08/20190901085700_00160.jpg,datasets_cloudmask/dataset_cropped/09_Metas/01/08/20190901085700_00160.png,397.3,710.9,81.8,26,960
9/1/2019 8:58,datasets/dataset_cropped/09_Metas/01/08/20190901085800_00160.jpg,datasets_flow/dataset_cropped/09_Metas/01/08/20190901085800_00160.jpg,datasets_cloudmask/dataset_cropped/09_Metas/01/08/20190901085800_00160.png,400.9,713.1,82.3,26.3,960
9/1/2019 8:59,datasets/dataset_cropped/09_Metas/01/08/20190901085900_00160.jpg,datasets_flow/dataset_cropped/09_Metas/01/08/20190901085900_00160.jpg,datasets_cloudmask/dataset_cropped/09_Metas/01/08/20190901085900_00160.png,404.3,715.5,82.5,26.4,960
9/1/2019 9:00,datasets/dataset_cropped/09_Metas/01/09/20190901090000_00160.jpg,datasets_flow/dataset_cropped/09_Metas/01/09/20190901090000_00160.jpg,datasets_cloudmask/dataset_cropped/09_Metas/01/09/20190901090000_00160.png,408,718.3,82.8,26.2,960
9/1/2019 9:01,datasets/dataset_cropped/09_Metas/01/09/20190901090100_00160.jpg,datasets_flow/dataset_cropped/09_Metas/01/09/20190901090100_00160.jpg,datasets_cloudmask/dataset_cropped/09_Metas/01/09/20190901090100_00160.png,411.4,720.6,82.9,26.4,960
9/1/2019 9:02,datasets/dataset_cropped/09_Metas/01/09/20190901090200_00160.jpg,datasets_flow/dataset_cropped/09_Metas/01/09/20190901090200_00160.jpg,datasets_cloudmask/dataset_cropped/09_Metas/01/09/20190901090200_00160.png,415.2,723.4,83.3,26.6,960
9/1/2019 9:03,datasets/dataset_cropped/09_Metas/01/09/20190901090300_00160.jpg,datasets_flow/dataset_cropped/09_Metas/01/09/20190901090300_00160.jpg,datasets_cloudmask/dataset_cropped/09_Metas/01/09/20190901090300_00160.png,419,726.2,83.8,26.8,960
9/1/2019 9:04,datasets/dataset_cropped/09_Metas/01/09/20190901090400_00160.jpg,datasets_flow/dataset_cropped/09_Metas/01/09/20190901090400_00160.jpg,datasets_cloudmask/dataset_cropped/09_Metas/01/09/20190901090400_00160.png,422.3,728.4,83.9,26.8,960
9/1/2019 9:05,datasets/dataset_cropped/09_Metas/01/09/20190901090500_00160.jpg,datasets_flow/dataset_cropped/09_Metas/01/09/20190901090500_00160.jpg,datasets_cloudmask/dataset_cropped/09_Metas/01/09/20190901090500_00160.png,425.6,730.5,83.8,26.9,960
9/1/2019 9:06,datasets/dataset_cropped/09_Metas/01/09/20190901090600_00160.jpg,datasets_flow/dataset_cropped/09_Metas/01/09/20190901090600_00160.jpg,datasets_cloudmask/dataset_cropped/09_Metas/01/09/20190901090600_00160.png,428.9,732.3,84.1,26.9,960
9/1/2019 9:07,datasets/dataset_cropped/09_Metas/01/09/20190901090700_00160.jpg,datasets_flow/dataset_cropped/09_Metas/01/09/20190901090700_00160.jpg,datasets_cloudmask/dataset_cropped/09_Metas/01/09/20190901090700_00160.png,432,733.5,84.3,26.9,960
9/1/2019 9:08,datasets/dataset_cropped/09_Metas/01/09/20190901090800_00160.jpg,datasets_flow/dataset_cropped/09_Metas/01/09/20190901090800_00160.jpg,datasets_cloudmask/dataset_cropped/09_Metas/01/09/20190901090800_00160.png,435.4,735.3,84.8,26.8,960
9/1/2019 9:09,datasets/dataset_cropped/09_Metas/01/09/20190901090900_00160.jpg,datasets_flow/dataset_cropped/09_Metas/01/09/20190901090900_00160.jpg,datasets_cloudmask/dataset_cropped/09_Metas/01/09/20190901090900_00160.png,438.6,737.2,85.1,26.8,960
9/1/2019 9:10,datasets/dataset_cropped/09_Metas/01/09/20190901091000_00160.jpg,datasets_flow/dataset_cropped/09_Metas/01/09/20190901091000_00160.jpg,datasets_cloudmask/dataset_cropped/09_Metas/01/09/20190901091000_00160.png,441.8,739.1,85.2,26.9,960
9/1/2019 9:11,datasets/dataset_cropped/09_Metas/01/09/20190901091100_00160.jpg,datasets_flow/dataset_cropped/09_Metas/01/09/20190901091100_00160.jpg,datasets_cloudmask/dataset_cropped/09_Metas/01/09/20190901091100_00160.png,445.1,741.3,85.5,27.2,960
9/1/2019 9:12,datasets/dataset_cropped/09_Metas/01/09/20190901091200_00160.jpg,datasets_flow/dataset_cropped/09_Metas/01/09/20190901091200_00160.jpg,datasets_cloudmask/dataset_cropped/09_Metas/01/09/20190901091200_00160.png,448.3,743.1,85.7,27.3,960
9/1/2019 9:13,datasets/dataset_cropped/09_Metas/01/09/20190901091300_00160.jpg,datasets_flow/dataset_cropped/09_Metas/01/09/20190901091300_00160.jpg,datasets_cloudmask/dataset_cropped/09_Metas/01/09/20190901091300_00160.png,451.6,744.8,86.1,27.3,960
9/1/2019 9:14,datasets/dataset_cropped/09_Metas/01/09/20190901091400_00160.jpg,datasets_flow/dataset_cropped/09_Metas/01/09/20190901091400_00160.jpg,datasets_cloudmask/dataset_cropped/09_Metas/01/09/20190901091400_00160.png,455.2,746.5,86.6,27.5,960
9/1/2019 9:15,datasets/dataset_cropped/09_Metas/01/09/20190901091500_00160.jpg,datasets_flow/dataset_cropped/09_Metas/01/09/20190901091500_00160.jpg,datasets_cloudmask/dataset_cropped/09_Metas/01/09/20190901091500_00160.png,458.5,748.5,86.9,27.5,960
9/1/2019 9:16,datasets/dataset_cropped/09_Metas/01/09/20190901091600_00160.jpg,datasets_flow/dataset_cropped/09_Metas/01/09/20190901091600_00160.jpg,datasets_cloudmask/dataset_cropped/09_Metas/01/09/20190901091600_00160.png,461.5,749.7,87.1,27.4,960
9/1/2019 9:17,datasets/dataset_cropped/09_Metas/01/09/20190901091700_00160.jpg,datasets_flow/dataset_cropped/09_Metas/01/09/20190901091700_00160.jpg,datasets_cloudmask/dataset_cropped/09_Metas/01/09/20190901091700_00160.png,464.8,750.9,87.2,27.5,960
9/1/2019 9:18,datasets/dataset_cropped/09_Metas/01/09/20190901091800_00160.jpg,datasets_flow/dataset_cropped/09_Metas/01/09/20190901091800_00160.jpg,datasets_cloudmask/dataset_cropped/09_Metas/01/09/20190901091800_00160.png,467.8,752,87.3,27.8,960
9/1/2019 9:19,datasets/dataset_cropped/09_Metas/01/09/20190901091900_00160.jpg,datasets_flow/dataset_cropped/09_Metas/01/09/20190901091900_00160.jpg,datasets_cloudmask/dataset_cropped/09_Metas/01/09/20190901091900_00160.png,471.4,754.4,87.4,28,960
9/1/2019 9:20,datasets/dataset_cropped/09_Metas/01/09/20190901092000_00160.jpg,datasets_flow/dataset_cropped/09_Metas/01/09/20190901092000_00160.jpg,datasets_cloudmask/dataset_cropped/09_Metas/01/09/20190901092000_00160.png,474.3,755.6,87.5,27.9,960
9/1/2019 9:21,datasets/dataset_cropped/09_Metas/01/09/20190901092100_00160.jpg,datasets_flow/dataset_cropped/09_Metas/01/09/20190901092100_00160.jpg,datasets_cloudmask/dataset_cropped/09_Metas/01/09/20190901092100_00160.png,477.8,757.8,88,28,960
9/1/2019 9:22,datasets/dataset_cropped/09_Metas/01/09/20190901092200_00160.jpg,datasets_flow/dataset_cropped/09_Metas/01/09/20190901092200_00160.jpg,datasets_cloudmask/dataset_cropped/09_Metas/01/09/20190901092200_00160.png,481.1,759.6,88.8,28.1,960
9/1/2019 9:23,datasets/dataset_cropped/09_Metas/01/09/20190901092300_00160.jpg,datasets_flow/dataset_cropped/09_Metas/01/09/20190901092300_00160.jpg,datasets_cloudmask/dataset_cropped/09_Metas/01/09/20190901092300_00160.png,484.7,761.9,89.1,28.3,960
9/1/2019 9:24,datasets/dataset_cropped/09_Metas/01/09/20190901092400_00160.jpg,datasets_flow/dataset_cropped/09_Metas/01/09/20190901092400_00160.jpg,datasets_cloudmask/dataset_cropped/09_Metas/01/09/20190901092400_00160.png,488.2,764.2,89.5,28.4,960
9/1/2019 9:25,datasets/dataset_cropped/09_Metas/01/09/20190901092500_00160.jpg,datasets_flow/dataset_cropped/09_Metas/01/09/20190901092500_00160.jpg,datasets_cloudmask/dataset_cropped/09_Metas/01/09/20190901092500_00160.png,491.4,766,89.5,28.4,960
9/1/2019 9:26,datasets/dataset_cropped/09_Metas/01/09/20190901092600_00160.jpg,datasets_flow/dataset_cropped/09_Metas/01/09/20190901092600_00160.jpg,datasets_cloudmask/dataset_cropped/09_Metas/01/09/20190901092600_00160.png,494.2,766.9,89.6,28.1,960
9/1/2019 9:27,datasets/dataset_cropped/09_Metas/01/09/20190901092700_00160.jpg,datasets_flow/dataset_cropped/09_Metas/01/09/20190901092700_00160.jpg,datasets_cloudmask/dataset_cropped/09_Metas/01/09/20190901092700_00160.png,497.6,769.2,89.4,28.1,960
9/1/2019 9:28,datasets/dataset_cropped/09_Metas/01/09/20190901092800_00160.jpg,datasets_flow/dataset_cropped/09_Metas/01/09/20190901092800_00160.jpg,datasets_cloudmask/dataset_cropped/09_Metas/01/09/20190901092800_00160.png,500.5,769.4,89.7,28.1,960
9/1/2019 9:29,datasets/dataset_cropped/09_Metas/01/09/20190901092900_00160.jpg,datasets_flow/dataset_cropped/09_Metas/01/09/20190901092900_00160.jpg,datasets_cloudmask/dataset_cropped/09_Metas/01/09/20190901092900_00160.png,503.4,770.4,89.8,28.2,960
9/1/2019 9:30,datasets/dataset_cropped/09_Metas/01/09/20190901093000_00160.jpg,datasets_flow/dataset_cropped/09_Metas/01/09/20190901093000_00160.jpg,datasets_cloudmask/dataset_cropped/09_Metas/01/09/20190901093000_00160.png,507.2,773.1,89.9,28.6,960
9/1/2019 9:31,datasets/dataset_cropped/09_Metas/01/09/20190901093100_00160.jpg,datasets_flow/dataset_cropped/09_Metas/01/09/20190901093100_00160.jpg,datasets_cloudmask/dataset_cropped/09_Metas/01/09/20190901093100_00160.png,510.8,775.3,90.2,28.6,960
9/1/2019 9:32,datasets/dataset_cropped/09_Metas/01/09/20190901093200_00160.jpg,datasets_flow/dataset_cropped/09_Metas/01/09/20190901093200_00160.jpg,datasets_cloudmask/dataset_cropped/09_Metas/01/09/20190901093200_00160.png,513.8,777.1,90.3,28.6,960
9/1/2019 9:33,datasets/dataset_cropped/09_Metas/01/09/20190901093300_00160.jpg,datasets_flow/dataset_cropped/09_Metas/01/09/20190901093300_00160.jpg,datasets_cloudmask/dataset_cropped/09_Metas/01/09/20190901093300_00160.png,516.9,778.5,90.3,28.7,960
9/1/2019 9:34,datasets/dataset_cropped/09_Metas/01/09/20190901093400_00160.jpg,datasets_flow/dataset_cropped/09_Metas/01/09/20190901093400_00160.jpg,datasets_cloudmask/dataset_cropped/09_Metas/01/09/20190901093400_00160.png,520.2,780,90.5,28.9,960
9/1/2019 9:35,datasets/dataset_cropped/09_Metas/01/09/20190901093500_00160.jpg,datasets_flow/dataset_cropped/09_Metas/01/09/20190901093500_00160.jpg,datasets_cloudmask/dataset_cropped/09_Metas/01/09/20190901093500_00160.png,523.3,781.2,90.6,29.1,960
9/1/2019 9:36,datasets/dataset_cropped/09_Metas/01/09/20190901093600_00160.jpg,datasets_flow/dataset_cropped/09_Metas/01/09/20190901093600_00160.jpg,datasets_cloudmask/dataset_cropped/09_Metas/01/09/20190901093600_00160.png,526,781.5,91.1,29.2,960
9/1/2019 9:37,datasets/dataset_cropped/09_Metas/01/09/20190901093700_00160.jpg,datasets_flow/dataset_cropped/09_Metas/01/09/20190901093700_00160.jpg,datasets_cloudmask/dataset_cropped/09_Metas/01/09/20190901093700_00160.png,529.2,783,91.2,29.4,960
9/1/2019 9:38,datasets/dataset_cropped/09_Metas/01/09/20190901093800_00160.jpg,datasets_flow/dataset_cropped/09_Metas/01/09/20190901093800_00160.jpg,datasets_cloudmask/dataset_cropped/09_Metas/01/09/20190901093800_00160.png,532.6,784.5,91.6,29.3,960
9/1/2019 9:39,datasets/dataset_cropped/09_Metas/01/09/20190901093900_00160.jpg,datasets_flow/dataset_cropped/09_Metas/01/09/20190901093900_00160.jpg,datasets_cloudmask/dataset_cropped/09_Metas/01/09/20190901093900_00160.png,535.3,785.4,91.7,29.3,960
9/1/2019 9:40,datasets/dataset_cropped/09_Metas/01/09/20190901094000_00160.jpg,datasets_flow/dataset_cropped/09_Metas/01/09/20190901094000_00160.jpg,datasets_cloudmask/dataset_cropped/09_Metas/01/09/20190901094000_00160.png,538.5,786.5,92,29.4,960
9/1/2019 9:41,datasets/dataset_cropped/09_Metas/01/09/20190901094100_00160.jpg,datasets_flow/dataset_cropped/09_Metas/01/09/20190901094100_00160.jpg,datasets_cloudmask/dataset_cropped/09_Metas/01/09/20190901094100_00160.png,541.8,788.1,92.5,29.4,960
9/1/2019 9:42,datasets/dataset_cropped/09_Metas/01/09/20190901094200_00160.jpg,datasets_flow/dataset_cropped/09_Metas/01/09/20190901094200_00160.jpg,datasets_cloudmask/dataset_cropped/09_Metas/01/09/20190901094200_00160.png,545,789.8,92.6,29.2,960
9/1/2019 9:43,datasets/dataset_cropped/09_Metas/01/09/20190901094300_00160.jpg,datasets_flow/dataset_cropped/09_Metas/01/09/20190901094300_00160.jpg,datasets_cloudmask/dataset_cropped/09_Metas/01/09/20190901094300_00160.png,547.8,790.8,92.5,29.2,960
9/1/2019 9:44,datasets/dataset_cropped/09_Metas/01/09/20190901094400_00160.jpg,datasets_flow/dataset_cropped/09_Metas/01/09/20190901094400_00160.jpg,datasets_cloudmask/dataset_cropped/09_Metas/01/09/20190901094400_00160.png,550.9,792.1,92.7,28.9,960
9/1/2019 9:45,datasets/dataset_cropped/09_Metas/01/09/20190901094500_00160.jpg,datasets_flow/dataset_cropped/09_Metas/01/09/20190901094500_00160.jpg,datasets_cloudmask/dataset_cropped/09_Metas/01/09/20190901094500_00160.png,554.3,794.1,92.7,28.7,960
9/1/2019 9:46,datasets/dataset_cropped/09_Metas/01/09/20190901094600_00160.jpg,datasets_flow/dataset_cropped/09_Metas/01/09/20190901094600_00160.jpg,datasets_cloudmask/dataset_cropped/09_Metas/01/09/20190901094600_00160.png,557.5,795.4,92.9,28.7,960
9/1/2019 9:47,datasets/dataset_cropped/09_Metas/01/09/20190901094700_00160.jpg,datasets_flow/dataset_cropped/09_Metas/01/09/20190901094700_00160.jpg,datasets_cloudmask/dataset_cropped/09_Metas/01/09/20190901094700_00160.png,560.6,796.7,92.9,28.7,960
9/1/2019 9:48,datasets/dataset_cropped/09_Metas/01/09/20190901094800_00160.jpg,datasets_flow/dataset_cropped/09_Metas/01/09/20190901094800_00160.jpg,datasets_cloudmask/dataset_cropped/09_Metas/01/09/20190901094800_00160.png,564.2,798.2,93.2,28.8,960
9/1/2019 9:49,datasets/dataset_cropped/09_Metas/01/09/20190901094900_00160.jpg,datasets_flow/dataset_cropped/09_Metas/01/09/20190901094900_00160.jpg,datasets_cloudmask/dataset_cropped/09_Metas/01/09/20190901094900_00160.png,567.5,799.8,93.5,28.9,960
9/1/2019 9:50,datasets/dataset_cropped/09_Metas/01/09/20190901095000_00160.jpg,datasets_flow/dataset_cropped/09_Metas/01/09/20190901095000_00160.jpg,datasets_cloudmask/dataset_cropped/09_Metas/01/09/20190901095000_00160.png,570.8,802,94,29,960
9/1/2019 9:51,datasets/dataset_cropped/09_Metas/01/09/20190901095100_00160.jpg,datasets_flow/dataset_cropped/09_Metas/01/09/20190901095100_00160.jpg,datasets_cloudmask/dataset_cropped/09_Metas/01/09/20190901095100_00160.png,573.9,803,94.6,29.1,960
9/1/2019 9:52,datasets/dataset_cropped/09_Metas/01/09/20190901095200_00160.jpg,datasets_flow/dataset_cropped/09_Metas/01/09/20190901095200_00160.jpg,datasets_cloudmask/dataset_cropped/09_Metas/01/09/20190901095200_00160.png,577,805,94.1,29,960
9/1/2019 9:53,datasets/dataset_cropped/09_Metas/01/09/20190901095300_00160.jpg,datasets_flow/dataset_cropped/09_Metas/01/09/20190901095300_00160.jpg,datasets_cloudmask/dataset_cropped/09_Metas/01/09/20190901095300_00160.png,579.7,806,94.1,28.9,960
9/1/2019 9:54,datasets/dataset_cropped/09_Metas/01/09/20190901095400_00160.jpg,datasets_flow/dataset_cropped/09_Metas/01/09/20190901095400_00160.jpg,datasets_cloudmask/dataset_cropped/09_Metas/01/09/20190901095400_00160.png,582.9,808,94.4,29,960
9/1/2019 9:55,datasets/dataset_cropped/09_Metas/01/09/20190901095500_00160.jpg,datasets_flow/dataset_cropped/09_Metas/01/09/20190901095500_00160.jpg,datasets_cloudmask/dataset_cropped/09_Metas/01/09/20190901095500_00160.png,586.3,810,94.9,29.3,960
9/1/2019 9:56,datasets/dataset_cropped/09_Metas/01/09/20190901095600_00160.jpg,datasets_flow/dataset_cropped/09_Metas/01/09/20190901095600_00160.jpg,datasets_cloudmask/dataset_cropped/09_Metas/01/09/20190901095600_00160.png,589,811,94.6,29.6,960
9/1/2019 9:57,datasets/dataset_cropped/09_Metas/01/09/20190901095700_00160.jpg,datasets_flow/dataset_cropped/09_Metas/01/09/20190901095700_00160.jpg,datasets_cloudmask/dataset_cropped/09_Metas/01/09/20190901095700_00160.png,591.8,811,94.9,29.7,960
9/1/2019 9:58,datasets/dataset_cropped/09_Metas/01/09/20190901095800_00160.jpg,datasets_flow/dataset_cropped/09_Metas/01/09/20190901095800_00160.jpg,datasets_cloudmask/dataset_cropped/09_Metas/01/09/20190901095800_00160.png,594.4,812,95.1,29.8,960
9/1/2019 9:59,datasets/dataset_cropped/09_Metas/01/09/20190901095900_00160.jpg,datasets_flow/dataset_cropped/09_Metas/01/09/20190901095900_00160.jpg,datasets_cloudmask/dataset_cropped/09_Metas/01/09/20190901095900_00160.png,597.7,813,95.4,29.7,960
9/1/2019 10:00,datasets/dataset_cropped/09_Metas/01/10/20190901100000_00160.jpg,datasets_flow/dataset_cropped/09_Metas/01/10/20190901100000_00160.jpg,datasets_cloudmask/dataset_cropped/09_Metas/01/10/20190901100000_00160.png,600.7,815,95.5,29.7,960
9/1/2019 10:01,datasets/dataset_cropped/09_Metas/01/10/20190901100100_00160.jpg,datasets_flow/dataset_cropped/09_Metas/01/10/20190901100100_00160.jpg,datasets_cloudmask/dataset_cropped/09_Metas/01/10/20190901100100_00160.png,603.7,816,95.6,29.6,960
9/1/2019 10:02,datasets/dataset_cropped/09_Metas/01/10/20190901100200_00160.jpg,datasets_flow/dataset_cropped/09_Metas/01/10/20190901100200_00160.jpg,datasets_cloudmask/dataset_cropped/09_Metas/01/10/20190901100200_00160.png,606.7,817,96.2,29.6,960
9/1/2019 10:03,datasets/dataset_cropped/09_Metas/01/10/20190901100300_00160.jpg,datasets_flow/dataset_cropped/09_Metas/01/10/20190901100300_00160.jpg,datasets_cloudmask/dataset_cropped/09_Metas/01/10/20190901100300_00160.png,609.3,817,96.7,29.5,960
9/1/2019 10:04,datasets/dataset_cropped/09_Metas/01/10/20190901100400_00160.jpg,datasets_flow/dataset_cropped/09_Metas/01/10/20190901100400_00160.jpg,datasets_cloudmask/dataset_cropped/09_Metas/01/10/20190901100400_00160.png,611.7,817,97,29.7,960
9/1/2019 10:05,datasets/dataset_cropped/09_Metas/01/10/20190901100500_00160.jpg,datasets_flow/dataset_cropped/09_Metas/01/10/20190901100500_00160.jpg,datasets_cloudmask/dataset_cropped/09_Metas/01/10/20190901100500_00160.png,614.2,818,97.1,30,960
9/1/2019 10:06,datasets/dataset_cropped/09_Metas/01/10/20190901100600_00160.jpg,datasets_flow/dataset_cropped/09_Metas/01/10/20190901100600_00160.jpg,datasets_cloudmask/dataset_cropped/09_Metas/01/10/20190901100600_00160.png,616.6,818,97.2,29.9,960
9/1/2019 10:07,datasets/dataset_cropped/09_Metas/01/10/20190901100700_00160.jpg,datasets_flow/dataset_cropped/09_Metas/01/10/20190901100700_00160.jpg,datasets_cloudmask/dataset_cropped/09_Metas/01/10/20190901100700_00160.png,619.6,819,96.9,29.7,960
9/1/2019 10:08,datasets/dataset_cropped/09_Metas/01/10/20190901100800_00160.jpg,datasets_flow/dataset_cropped/09_Metas/01/10/20190901100800_00160.jpg,datasets_cloudmask/dataset_cropped/09_Metas/01/10/20190901100800_00160.png,622.7,820,97.1,29.4,960
9/1/2019 10:09,datasets/dataset_cropped/09_Metas/01/10/20190901100900_00160.jpg,datasets_flow/dataset_cropped/09_Metas/01/10/20190901100900_00160.jpg,datasets_cloudmask/dataset_cropped/09_Metas/01/10/20190901100900_00160.png,625.7,822,97.2,29.5,960
9/1/2019 10:10,datasets/dataset_cropped/09_Metas/01/10/20190901101000_00160.jpg,datasets_flow/dataset_cropped/09_Metas/01/10/20190901101000_00160.jpg,datasets_cloudmask/dataset_cropped/09_Metas/01/10/20190901101000_00160.png,629,823,97.3,29.6,960
9/1/2019 10:11,datasets/dataset_cropped/09_Metas/01/10/20190901101100_00160.jpg,datasets_flow/dataset_cropped/09_Metas/01/10/20190901101100_00160.jpg,datasets_cloudmask/dataset_cropped/09_Metas/01/10/20190901101100_00160.png,631.9,824,97.3,29.3,960
9/1/2019 10:12,datasets/dataset_cropped/09_Metas/01/10/20190901101200_00160.jpg,datasets_flow/dataset_cropped/09_Metas/01/10/20190901101200_00160.jpg,datasets_cloudmask/dataset_cropped/09_Metas/01/10/20190901101200_00160.png,634.9,825,97.8,29.4,960
9/1/2019 10:13,datasets/dataset_cropped/09_Metas/01/10/20190901101300_00160.jpg,datasets_flow/dataset_cropped/09_Metas/01/10/20190901101300_00160.jpg,datasets_cloudmask/dataset_cropped/09_Metas/01/10/20190901101300_00160.png,637.6,827,97.9,29.8,960
9/1/2019 10:14,datasets/dataset_cropped/09_Metas/01/10/20190901101400_00160.jpg,datasets_flow/dataset_cropped/09_Metas/01/10/20190901101400_00160.jpg,datasets_cloudmask/dataset_cropped/09_Metas/01/10/20190901101400_00160.png,640.4,828,97.9,29.9,960
9/1/2019 10:15,datasets/dataset_cropped/09_Metas/01/10/20190901101500_00160.jpg,datasets_flow/dataset_cropped/09_Metas/01/10/20190901101500_00160.jpg,datasets_cloudmask/dataset_cropped/09_Metas/01/10/20190901101500_00160.png,643.3,829,98.1,29.9,960
9/1/2019 10:16,datasets/dataset_cropped/09_Metas/01/10/20190901101600_00160.jpg,datasets_flow/dataset_cropped/09_Metas/01/10/20190901101600_00160.jpg,datasets_cloudmask/dataset_cropped/09_Metas/01/10/20190901101600_00160.png,646.1,829,98.6,29.9,960
9/1/2019 10:17,datasets/dataset_cropped/09_Metas/01/10/20190901101700_00160.jpg,datasets_flow/dataset_cropped/09_Metas/01/10/20190901101700_00160.jpg,datasets_cloudmask/dataset_cropped/09_Metas/01/10/20190901101700_00160.png,648.6,828,99.4,30.1,960
9/1/2019 10:18,datasets/dataset_cropped/09_Metas/01/10/20190901101800_00160.jpg,datasets_flow/dataset_cropped/09_Metas/01/10/20190901101800_00160.jpg,datasets_cloudmask/dataset_cropped/09_Metas/01/10/20190901101800_00160.png,650.9,829,99.5,30,960
9/1/2019 10:19,datasets/dataset_cropped/09_Metas/01/10/20190901101900_00160.jpg,datasets_flow/dataset_cropped/09_Metas/01/10/20190901101900_00160.jpg,datasets_cloudmask/dataset_cropped/09_Metas/01/10/20190901101900_00160.png,654.2,830,100.1,30.1,960
9/1/2019 10:20,datasets/dataset_cropped/09_Metas/01/10/20190901102000_00160.jpg,datasets_flow/dataset_cropped/09_Metas/01/10/20190901102000_00160.jpg,datasets_cloudmask/dataset_cropped/09_Metas/01/10/20190901102000_00160.png,657.5,831,100.6,30.2,960
9/1/2019 10:21,datasets/dataset_cropped/09_Metas/01/10/20190901102100_00160.jpg,datasets_flow/dataset_cropped/09_Metas/01/10/20190901102100_00160.jpg,datasets_cloudmask/dataset_cropped/09_Metas/01/10/20190901102100_00160.png,659.5,831,101.4,30,960
9/1/2019 10:22,datasets/dataset_cropped/09_Metas/01/10/20190901102200_00160.jpg,datasets_flow/dataset_cropped/09_Metas/01/10/20190901102200_00160.jpg,datasets_cloudmask/dataset_cropped/09_Metas/01/10/20190901102200_00160.png,661.2,831,101.7,29.9,960
9/1/2019 10:23,datasets/dataset_cropped/09_Metas/01/10/20190901102300_00160.jpg,datasets_flow/dataset_cropped/09_Metas/01/10/20190901102300_00160.jpg,datasets_cloudmask/dataset_cropped/09_Metas/01/10/20190901102300_00160.png,664.1,833,101.3,29.8,960
9/1/2019 10:24,datasets/dataset_cropped/09_Metas/01/10/20190901102400_00160.jpg,datasets_flow/dataset_cropped/09_Metas/01/10/20190901102400_00160.jpg,datasets_cloudmask/dataset_cropped/09_Metas/01/10/20190901102400_00160.png,667,835,100.5,30.1,960
9/1/2019 10:25,datasets/dataset_cropped/09_Metas/01/10/20190901102500_00160.jpg,datasets_flow/dataset_cropped/09_Metas/01/10/20190901102500_00160.jpg,datasets_cloudmask/dataset_cropped/09_Metas/01/10/20190901102500_00160.png,669.7,837,100.1,30.3,960
9/1/2019 10:26,datasets/dataset_cropped/09_Metas/01/10/20190901102600_00160.jpg,datasets_flow/dataset_cropped/09_Metas/01/10/20190901102600_00160.jpg,datasets_cloudmask/dataset_cropped/09_Metas/01/10/20190901102600_00160.png,673.1,839,100.1,30.6,960
9/1/2019 10:27,datasets/dataset_cropped/09_Metas/01/10/20190901102700_00160.jpg,datasets_flow/dataset_cropped/09_Metas/01/10/20190901102700_00160.jpg,datasets_cloudmask/dataset_cropped/09_Metas/01/10/20190901102700_00160.png,676,840,100,30.9,960
9/1/2019 10:28,datasets/dataset_cropped/09_Metas/01/10/20190901102800_00160.jpg,datasets_flow/dataset_cropped/09_Metas/01/10/20190901102800_00160.jpg,datasets_cloudmask/dataset_cropped/09_Metas/01/10/20190901102800_00160.png,678.6,841,99.7,30.7,960
9/1/2019 10:29,datasets/dataset_cropped/09_Metas/01/10/20190901102900_00160.jpg,datasets_flow/dataset_cropped/09_Metas/01/10/20190901102900_00160.jpg,datasets_cloudmask/dataset_cropped/09_Metas/01/10/20190901102900_00160.png,681.1,842,99.6,30.3,960
9/1/2019 10:30,datasets/dataset_cropped/09_Metas/01/10/20190901103000_00160.jpg,datasets_flow/dataset_cropped/09_Metas/01/10/20190901103000_00160.jpg,datasets_cloudmask/dataset_cropped/09_Metas/01/10/20190901103000_00160.png,683.7,843,99.4,30.1,960
9/1/2019 10:31,datasets/dataset_cropped/09_Metas/01/10/20190901103100_00160.jpg,datasets_flow/dataset_cropped/09_Metas/01/10/20190901103100_00160.jpg,datasets_cloudmask/dataset_cropped/09_Metas/01/10/20190901103100_00160.png,686.4,844,99.6,30,960
9/1/2019 10:32,datasets/dataset_cropped/09_Metas/01/10/20190901103200_00160.jpg,datasets_flow/dataset_cropped/09_Metas/01/10/20190901103200_00160.jpg,datasets_cloudmask/dataset_cropped/09_Metas/01/10/20190901103200_00160.png,688.5,843,99.9,30,960
9/1/2019 10:33,datasets/dataset_cropped/09_Metas/01/10/20190901103300_00160.jpg,datasets_flow/dataset_cropped/09_Metas/01/10/20190901103300_00160.jpg,datasets_cloudmask/dataset_cropped/09_Metas/01/10/20190901103300_00160.png,690.6,843,100.3,29.9,960
9/1/2019 10:34,datasets/dataset_cropped/09_Metas/01/10/20190901103400_00160.jpg,datasets_flow/dataset_cropped/09_Metas/01/10/20190901103400_00160.jpg,datasets_cloudmask/dataset_cropped/09_Metas/01/10/20190901103400_00160.png,693,844,100.6,29.9,960
9/1/2019 10:35,datasets/dataset_cropped/09_Metas/01/10/20190901103500_00160.jpg,datasets_flow/dataset_cropped/09_Metas/01/10/20190901103500_00160.jpg,datasets_cloudmask/dataset_cropped/09_Metas/01/10/20190901103500_00160.png,695.7,845,100.8,30.1,960
9/1/2019 10:36,datasets/dataset_cropped/09_Metas/01/10/20190901103600_00160.jpg,datasets_flow/dataset_cropped/09_Metas/01/10/20190901103600_00160.jpg,datasets_cloudmask/dataset_cropped/09_Metas/01/10/20190901103600_00160.png,698.4,847,101.1,30.4,960
9/1/2019 10:37,datasets/dataset_cropped/09_Metas/01/10/20190901103700_00160.jpg,datasets_flow/dataset_cropped/09_Metas/01/10/20190901103700_00160.jpg,datasets_cloudmask/dataset_cropped/09_Metas/01/10/20190901103700_00160.png,700.8,847,101.4,30.3,960
9/1/2019 10:38,datasets/dataset_cropped/09_Metas/01/10/20190901103800_00160.jpg,datasets_flow/dataset_cropped/09_Metas/01/10/20190901103800_00160.jpg,datasets_cloudmask/dataset_cropped/09_Metas/01/10/20190901103800_00160.png,703,847,101.8,30.2,960
9/1/2019 10:39,datasets/dataset_cropped/09_Metas/01/10/20190901103900_00160.jpg,datasets_flow/dataset_cropped/09_Metas/01/10/20190901103900_00160.jpg,datasets_cloudmask/dataset_cropped/09_Metas/01/10/20190901103900_00160.png,706.2,849,101.7,30.2,960
9/1/2019 10:40,datasets/dataset_cropped/09_Metas/01/10/20190901104000_00160.jpg,datasets_flow/dataset_cropped/09_Metas/01/10/20190901104000_00160.jpg,datasets_cloudmask/dataset_cropped/09_Metas/01/10/20190901104000_00160.png,708.8,851,101.2,30,960
9/1/2019 10:41,datasets/dataset_cropped/09_Metas/01/10/20190901104100_00160.jpg,datasets_flow/dataset_cropped/09_Metas/01/10/20190901104100_00160.jpg,datasets_cloudmask/dataset_cropped/09_Metas/01/10/20190901104100_00160.png,711.6,852,101.3,30.1,960
9/1/2019 10:42,datasets/dataset_cropped/09_Metas/01/10/20190901104200_00160.jpg,datasets_flow/dataset_cropped/09_Metas/01/10/20190901104200_00160.jpg,datasets_cloudmask/dataset_cropped/09_Metas/01/10/20190901104200_00160.png,714.1,853,101.3,30.4,960
9/1/2019 10:43,datasets/dataset_cropped/09_Metas/01/10/20190901104300_00160.jpg,datasets_flow/dataset_cropped/09_Metas/01/10/20190901104300_00160.jpg,datasets_cloudmask/dataset_cropped/09_Metas/01/10/20190901104300_00160.png,716.7,854,101.2,30.4,960
9/1/2019 10:44,datasets/dataset_cropped/09_Metas/01/10/20190901104400_00160.jpg,datasets_flow/dataset_cropped/09_Metas/01/10/20190901104400_00160.jpg,datasets_cloudmask/dataset_cropped/09_Metas/01/10/20190901104400_00160.png,719.3,855,101.5,30.6,960
9/1/2019 10:45,datasets/dataset_cropped/09_Metas/01/10/20190901104500_00160.jpg,datasets_flow/dataset_cropped/09_Metas/01/10/20190901104500_00160.jpg,datasets_cloudmask/dataset_cropped/09_Metas/01/10/20190901104500_00160.png,722.2,857,101.8,30.4,960
9/1/2019 10:46,datasets/dataset_cropped/09_Metas/01/10/20190901104600_00160.jpg,datasets_flow/dataset_cropped/09_Metas/01/10/20190901104600_00160.jpg,datasets_cloudmask/dataset_cropped/09_Metas/01/10/20190901104600_00160.png,725.1,858,101.7,30.5,960
9/1/2019 10:47,datasets/dataset_cropped/09_Metas/01/10/20190901104700_00160.jpg,datasets_flow/dataset_cropped/09_Metas/01/10/20190901104700_00160.jpg,datasets_cloudmask/dataset_cropped/09_Metas/01/10/20190901104700_00160.png,727.2,858,101.4,30.4,960
9/1/2019 10:48,datasets/dataset_cropped/09_Metas/01/10/20190901104800_00160.jpg,datasets_flow/dataset_cropped/09_Metas/01/10/20190901104800_00160.jpg,datasets_cloudmask/dataset_cropped/09_Metas/01/10/20190901104800_00160.png,729.8,860,101.4,30.2,960
9/1/2019 10:49,datasets/dataset_cropped/09_Metas/01/10/20190901104900_00160.jpg,datasets_flow/dataset_cropped/09_Metas/01/10/20190901104900_00160.jpg,datasets_cloudmask/dataset_cropped/09_Metas/01/10/20190901104900_00160.png,731.9,860,101.6,30.1,960
9/1/2019 10:50,datasets/dataset_cropped/09_Metas/01/10/20190901105000_00160.jpg,datasets_flow/dataset_cropped/09_Metas/01/10/20190901105000_00160.jpg,datasets_cloudmask/dataset_cropped/09_Metas/01/10/20190901105000_00160.png,734.5,861,102,30.2,960
9/1/2019 10:51,datasets/dataset_cropped/09_Metas/01/10/20190901105100_00160.jpg,datasets_flow/dataset_cropped/09_Metas/01/10/20190901105100_00160.jpg,datasets_cloudmask/dataset_cropped/09_Metas/01/10/20190901105100_00160.png,737.6,863,102.6,30.5,960
9/1/2019 10:52,datasets/dataset_cropped/09_Metas/01/10/20190901105200_00160.jpg,datasets_flow/dataset_cropped/09_Metas/01/10/20190901105200_00160.jpg,datasets_cloudmask/dataset_cropped/09_Metas/01/10/20190901105200_00160.png,740.1,864,103,30.6,960
9/1/2019 10:53,datasets/dataset_cropped/09_Metas/01/10/20190901105300_00160.jpg,datasets_flow/dataset_cropped/09_Metas/01/10/20190901105300_00160.jpg,datasets_cloudmask/dataset_cropped/09_Metas/01/10/20190901105300_00160.png,742,864,103.4,30.4,960
9/1/2019 10:54,datasets/dataset_cropped/09_Metas/01/10/20190901105400_00160.jpg,datasets_flow/dataset_cropped/09_Metas/01/10/20190901105400_00160.jpg,datasets_cloudmask/dataset_cropped/09_Metas/01/10/20190901105400_00160.png,743.6,863,103.3,30.4,960
9/1/2019 10:55,datasets/dataset_cropped/09_Metas/01/10/20190901105500_00160.jpg,datasets_flow/dataset_cropped/09_Metas/01/10/20190901105500_00160.jpg,datasets_cloudmask/dataset_cropped/09_Metas/01/10/20190901105500_00160.png,745.9,864,103.6,30.7,960
9/1/2019 10:56,datasets/dataset_cropped/09_Metas/01/10/20190901105600_00160.jpg,datasets_flow/dataset_cropped/09_Metas/01/10/20190901105600_00160.jpg,datasets_cloudmask/dataset_cropped/09_Metas/01/10/20190901105600_00160.png,748.2,864,104,30.8,960
9/1/2019 10:57,datasets/dataset_cropped/09_Metas/01/10/20190901105700_00160.jpg,datasets_flow/dataset_cropped/09_Metas/01/10/20190901105700_00160.jpg,datasets_cloudmask/dataset_cropped/09_Metas/01/10/20190901105700_00160.png,750.2,864,104.6,30.7,960
9/1/2019 10:58,datasets/dataset_cropped/09_Metas/01/10/20190901105800_00160.jpg,datasets_flow/dataset_cropped/09_Metas/01/10/20190901105800_00160.jpg,datasets_cloudmask/dataset_cropped/09_Metas/01/10/20190901105800_00160.png,752.6,865,104.7,30.6,960
9/1/2019 10:59,datasets/dataset_cropped/09_Metas/01/10/20190901105900_00160.jpg,datasets_flow/dataset_cropped/09_Metas/01/10/20190901105900_00160.jpg,datasets_cloudmask/dataset_cropped/09_Metas/01/10/20190901105900_00160.png,755.3,866,104.7,30.7,960
9/1/2019 11:00,datasets/dataset_cropped/09_Metas/01/11/20190901110000_00160.jpg,datasets_flow/dataset_cropped/09_Metas/01/11/20190901110000_00160.jpg,datasets_cloudmask/dataset_cropped/09_Metas/01/11/20190901110000_00160.png,757.5,866,105,30.6,960
9/1/2019 11:01,datasets/dataset_cropped/09_Metas/01/11/20190901110100_00160.jpg,datasets_flow/dataset_cropped/09_Metas/01/11/20190901110100_00160.jpg,datasets_cloudmask/dataset_cropped/09_Metas/01/11/20190901110100_00160.png,759.9,867,105.5,30.7,960
9/1/2019 11:02,datasets/dataset_cropped/09_Metas/01/11/20190901110200_00160.jpg,datasets_flow/dataset_cropped/09_Metas/01/11/20190901110200_00160.jpg,datasets_cloudmask/dataset_cropped/09_Metas/01/11/20190901110200_00160.png,762.4,868,105.8,30.8,960
9/1/2019 11:03,datasets/dataset_cropped/09_Metas/01/11/20190901110300_00160.jpg,datasets_flow/dataset_cropped/09_Metas/01/11/20190901110300_00160.jpg,datasets_cloudmask/dataset_cropped/09_Metas/01/11/20190901110300_00160.png,764.5,869,105.4,30.9,960
9/1/2019 11:04,datasets/dataset_cropped/09_Metas/01/11/20190901110400_00160.jpg,datasets_flow/dataset_cropped/09_Metas/01/11/20190901110400_00160.jpg,datasets_cloudmask/dataset_cropped/09_Metas/01/11/20190901110400_00160.png,766.7,869,105.3,31,960
9/1/2019 11:05,datasets/dataset_cropped/09_Metas/01/11/20190901110500_00160.jpg,datasets_flow/dataset_cropped/09_Metas/01/11/20190901110500_00160.jpg,datasets_cloudmask/dataset_cropped/09_Metas/01/11/20190901110500_00160.png,768.3,868,105.9,31.1,960
9/1/2019 11:06,datasets/dataset_cropped/09_Metas/01/11/20190901110600_00160.jpg,datasets_flow/dataset_cropped/09_Metas/01/11/20190901110600_00160.jpg,datasets_cloudmask/dataset_cropped/09_Metas/01/11/20190901110600_00160.png,770.7,869,106,30.9,960
9/1/2019 11:07,datasets/dataset_cropped/09_Metas/01/11/20190901110700_00160.jpg,datasets_flow/dataset_cropped/09_Metas/01/11/20190901110700_00160.jpg,datasets_cloudmask/dataset_cropped/09_Metas/01/11/20190901110700_00160.png,773.2,870,106,30.7,960
9/1/2019 11:08,datasets/dataset_cropped/09_Metas/01/11/20190901110800_00160.jpg,datasets_flow/dataset_cropped/09_Metas/01/11/20190901110800_00160.jpg,datasets_cloudmask/dataset_cropped/09_Metas/01/11/20190901110800_00160.png,775.5,870,106.1,30.7,960
9/1/2019 11:09,datasets/dataset_cropped/09_Metas/01/11/20190901110900_00160.jpg,datasets_flow/dataset_cropped/09_Metas/01/11/20190901110900_00160.jpg,datasets_cloudmask/dataset_cropped/09_Metas/01/11/20190901110900_00160.png,777.8,871,106.1,30.7,960
9/1/2019 11:10,datasets/dataset_cropped/09_Metas/01/11/20190901111000_00160.jpg,datasets_flow/dataset_cropped/09_Metas/01/11/20190901111000_00160.jpg,datasets_cloudmask/dataset_cropped/09_Metas/01/11/20190901111000_00160.png,779.1,870,106.4,30.8,960
9/1/2019 11:11,datasets/dataset_cropped/09_Metas/01/11/20190901111100_00160.jpg,datasets_flow/dataset_cropped/09_Metas/01/11/20190901111100_00160.jpg,datasets_cloudmask/dataset_cropped/09_Metas/01/11/20190901111100_00160.png,779.3,869,106.6,30.9,960
9/1/2019 11:12,datasets/dataset_cropped/09_Metas/01/11/20190901111200_00160.jpg,datasets_flow/dataset_cropped/09_Metas/01/11/20190901111200_00160.jpg,datasets_cloudmask/dataset_cropped/09_Metas/01/11/20190901111200_00160.png,781.5,869,106.9,30.9,960
9/1/2019 11:13,datasets/dataset_cropped/09_Metas/01/11/20190901111300_00160.jpg,datasets_flow/dataset_cropped/09_Metas/01/11/20190901111300_00160.jpg,datasets_cloudmask/dataset_cropped/09_Metas/01/11/20190901111300_00160.png,783.7,870,107.3,31,960
9/1/2019 11:14,datasets/dataset_cropped/09_Metas/01/11/20190901111400_00160.jpg,datasets_flow/dataset_cropped/09_Metas/01/11/20190901111400_00160.jpg,datasets_cloudmask/dataset_cropped/09_Metas/01/11/20190901111400_00160.png,785.8,871,107.7,31.2,960
9/1/2019 11:15,datasets/dataset_cropped/09_Metas/01/11/20190901111500_00160.jpg,datasets_flow/dataset_cropped/09_Metas/01/11/20190901111500_00160.jpg,datasets_cloudmask/dataset_cropped/09_Metas/01/11/20190901111500_00160.png,788.6,873,107.5,31.4,960
9/1/2019 11:16,datasets/dataset_cropped/09_Metas/01/11/20190901111600_00160.jpg,datasets_flow/dataset_cropped/09_Metas/01/11/20190901111600_00160.jpg,datasets_cloudmask/dataset_cropped/09_Metas/01/11/20190901111600_00160.png,789.7,872,107.6,31.4,960
9/1/2019 11:17,datasets/dataset_cropped/09_Metas/01/11/20190901111700_00160.jpg,datasets_flow/dataset_cropped/09_Metas/01/11/20190901111700_00160.jpg,datasets_cloudmask/dataset_cropped/09_Metas/01/11/20190901111700_00160.png,792.2,873,107.6,31.2,960
9/1/2019 11:18,datasets/dataset_cropped/09_Metas/01/11/20190901111800_00160.jpg,datasets_flow/dataset_cropped/09_Metas/01/11/20190901111800_00160.jpg,datasets_cloudmask/dataset_cropped/09_Metas/01/11/20190901111800_00160.png,793.5,872,108,31.4,960
9/1/2019 11:19,datasets/dataset_cropped/09_Metas/01/11/20190901111900_00160.jpg,datasets_flow/dataset_cropped/09_Metas/01/11/20190901111900_00160.jpg,datasets_cloudmask/dataset_cropped/09_Metas/01/11/20190901111900_00160.png,794.2,870,108.5,31.4,959
9/1/2019 11:20,datasets/dataset_cropped/09_Metas/01/11/20190901112000_00160.jpg,datasets_flow/dataset_cropped/09_Metas/01/11/20190901112000_00160.jpg,datasets_cloudmask/dataset_cropped/09_Metas/01/11/20190901112000_00160.png,796,871,108.6,31.4,959
9/1/2019 11:21,datasets/dataset_cropped/09_Metas/01/11/20190901112100_00160.jpg,datasets_flow/dataset_cropped/09_Metas/01/11/20190901112100_00160.jpg,datasets_cloudmask/dataset_cropped/09_Metas/01/11/20190901112100_00160.png,798.3,872,108.7,31.4,960
9/1/2019 11:22,datasets/dataset_cropped/09_Metas/01/11/20190901112200_00160.jpg,datasets_flow/dataset_cropped/09_Metas/01/11/20190901112200_00160.jpg,datasets_cloudmask/dataset_cropped/09_Metas/01/11/20190901112200_00160.png,800,872,109.1,31.3,959
9/1/2019 11:23,datasets/dataset_cropped/09_Metas/01/11/20190901112300_00160.jpg,datasets_flow/dataset_cropped/09_Metas/01/11/20190901112300_00160.jpg,datasets_cloudmask/dataset_cropped/09_Metas/01/11/20190901112300_00160.png,801,872,109.6,31.1,960
9/1/2019 11:24,datasets/dataset_cropped/09_Metas/01/11/20190901112400_00160.jpg,datasets_flow/dataset_cropped/09_Metas/01/11/20190901112400_00160.jpg,datasets_cloudmask/dataset_cropped/09_Metas/01/11/20190901112400_00160.png,804,873,109.2,31.1,960
9/1/2019 11:25,datasets/dataset_cropped/09_Metas/01/11/20190901112500_00160.jpg,datasets_flow/dataset_cropped/09_Metas/01/11/20190901112500_00160.jpg,datasets_cloudmask/dataset_cropped/09_Metas/01/11/20190901112500_00160.png,805,873,109.9,30.9,960
9/1/2019 11:26,datasets/dataset_cropped/09_Metas/01/11/20190901112600_00160.jpg,datasets_flow/dataset_cropped/09_Metas/01/11/20190901112600_00160.jpg,datasets_cloudmask/dataset_cropped/09_Metas/01/11/20190901112600_00160.png,806,873,110.7,30.9,959
9/1/2019 11:27,datasets/dataset_cropped/09_Metas/01/11/20190901112700_00160.jpg,datasets_flow/dataset_cropped/09_Metas/01/11/20190901112700_00160.jpg,datasets_cloudmask/dataset_cropped/09_Metas/01/11/20190901112700_00160.png,809,874,111.1,31,960
9/1/2019 11:28,datasets/dataset_cropped/09_Metas/01/11/20190901112800_00160.jpg,datasets_flow/dataset_cropped/09_Metas/01/11/20190901112800_00160.jpg,datasets_cloudmask/dataset_cropped/09_Metas/01/11/20190901112800_00160.png,811,876,111,31,960
9/1/2019 11:29,datasets/dataset_cropped/09_Metas/01/11/20190901112900_00160.jpg,datasets_flow/dataset_cropped/09_Metas/01/11/20190901112900_00160.jpg,datasets_cloudmask/dataset_cropped/09_Metas/01/11/20190901112900_00160.png,813,876,111,31.1,959
9/1/2019 11:30,datasets/dataset_cropped/09_Metas/01/11/20190901113000_00160.jpg,datasets_flow/dataset_cropped/09_Metas/01/11/20190901113000_00160.jpg,datasets_cloudmask/dataset_cropped/09_Metas/01/11/20190901113000_00160.png,814,875,111.4,31.2,960
9/1/2019 11:31,datasets/dataset_cropped/09_Metas/01/11/20190901113100_00160.jpg,datasets_flow/dataset_cropped/09_Metas/01/11/20190901113100_00160.jpg,datasets_cloudmask/dataset_cropped/09_Metas/01/11/20190901113100_00160.png,817,877,111.4,31.1,960
9/1/2019 11:32,datasets/dataset_cropped/09_Metas/01/11/20190901113200_00160.jpg,datasets_flow/dataset_cropped/09_Metas/01/11/20190901113200_00160.jpg,datasets_cloudmask/dataset_cropped/09_Metas/01/11/20190901113200_00160.png,818,876,111.5,31.2,960
9/1/2019 11:33,datasets/dataset_cropped/09_Metas/01/11/20190901113300_00160.jpg,datasets_flow/dataset_cropped/09_Metas/01/11/20190901113300_00160.jpg,datasets_cloudmask/dataset_cropped/09_Metas/01/11/20190901113300_00160.png,820,877,111.7,31.4,959
9/1/2019 11:34,datasets/dataset_cropped/09_Metas/01/11/20190901113400_00160.jpg,datasets_flow/dataset_cropped/09_Metas/01/11/20190901113400_00160.jpg,datasets_cloudmask/dataset_cropped/09_Metas/01/11/20190901113400_00160.png,823,880,111.8,31.8,960
9/1/2019 11:35,datasets/dataset_cropped/09_Metas/01/11/20190901113500_00160.jpg,datasets_flow/dataset_cropped/09_Metas/01/11/20190901113500_00160.jpg,datasets_cloudmask/dataset_cropped/09_Metas/01/11/20190901113500_00160.png,825,880,112.1,31.7,959
9/1/2019 11:36,datasets/dataset_cropped/09_Metas/01/11/20190901113600_00160.jpg,datasets_flow/dataset_cropped/09_Metas/01/11/20190901113600_00160.jpg,datasets_cloudmask/dataset_cropped/09_Metas/01/11/20190901113600_00160.png,827,880,112.3,31.8,959
9/1/2019 11:37,datasets/dataset_cropped/09_Metas/01/11/20190901113700_00160.jpg,datasets_flow/dataset_cropped/09_Metas/01/11/20190901113700_00160.jpg,datasets_cloudmask/dataset_cropped/09_Metas/01/11/20190901113700_00160.png,829,881,112.6,31.7,960
9/1/2019 11:38,datasets/dataset_cropped/09_Metas/01/11/20190901113800_00160.jpg,datasets_flow/dataset_cropped/09_Metas/01/11/20190901113800_00160.jpg,datasets_cloudmask/dataset_cropped/09_Metas/01/11/20190901113800_00160.png,833,883,113.2,31.9,959
9/1/2019 11:39,datasets/dataset_cropped/09_Metas/01/11/20190901113900_00160.jpg,datasets_flow/dataset_cropped/09_Metas/01/11/20190901113900_00160.jpg,datasets_cloudmask/dataset_cropped/09_Metas/01/11/20190901113900_00160.png,835,884,113.7,31.8,959
9/1/2019 11:40,datasets/dataset_cropped/09_Metas/01/11/20190901114000_00160.jpg,datasets_flow/dataset_cropped/09_Metas/01/11/20190901114000_00160.jpg,datasets_cloudmask/dataset_cropped/09_Metas/01/11/20190901114000_00160.png,836,883,114.7,31.7,960
9/1/2019 11:41,datasets/dataset_cropped/09_Metas/01/11/20190901114100_00160.jpg,datasets_flow/dataset_cropped/09_Metas/01/11/20190901114100_00160.jpg,datasets_cloudmask/dataset_cropped/09_Metas/01/11/20190901114100_00160.png,835,881,115.2,31.4,959
9/1/2019 11:42,datasets/dataset_cropped/09_Metas/01/11/20190901114200_00160.jpg,datasets_flow/dataset_cropped/09_Metas/01/11/20190901114200_00160.jpg,datasets_cloudmask/dataset_cropped/09_Metas/01/11/20190901114200_00160.png,837,882,115.6,31.3,959
9/1/2019 11:43,datasets/dataset_cropped/09_Metas/01/11/20190901114300_00160.jpg,datasets_flow/dataset_cropped/09_Metas/01/11/20190901114300_00160.jpg,datasets_cloudmask/dataset_cropped/09_Metas/01/11/20190901114300_00160.png,838,881,115.8,31.6,960
9/1/2019 11:44,datasets/dataset_cropped/09_Metas/01/11/20190901114400_00160.jpg,datasets_flow/dataset_cropped/09_Metas/01/11/20190901114400_00160.jpg,datasets_cloudmask/dataset_cropped/09_Metas/01/11/20190901114400_00160.png,838,879,115.8,32,959
9/1/2019 11:45,datasets/dataset_cropped/09_Metas/01/11/20190901114500_00160.jpg,datasets_flow/dataset_cropped/09_Metas/01/11/20190901114500_00160.jpg,datasets_cloudmask/dataset_cropped/09_Metas/01/11/20190901114500_00160.png,840,880,115.5,31.7,959
9/1/2019 11:46,datasets/dataset_cropped/09_Metas/01/11/20190901114600_00160.jpg,datasets_flow/dataset_cropped/09_Metas/01/11/20190901114600_00160.jpg,datasets_cloudmask/dataset_cropped/09_Metas/01/11/20190901114600_00160.png,842,881,115.4,31.7,959
9/1/2019 11:47,datasets/dataset_cropped/09_Metas/01/11/20190901114700_00160.jpg,datasets_flow/dataset_cropped/09_Metas/01/11/20190901114700_00160.jpg,datasets_cloudmask/dataset_cropped/09_Metas/01/11/20190901114700_00160.png,845,882,115.9,31.6,959
9/1/2019 11:48,datasets/dataset_cropped/09_Metas/01/11/20190901114800_00160.jpg,datasets_flow/dataset_cropped/09_Metas/01/11/20190901114800_00160.jpg,datasets_cloudmask/dataset_cropped/09_Metas/01/11/20190901114800_00160.png,849,885,116.4,31.5,959
9/1/2019 11:49,datasets/dataset_cropped/09_Metas/01/11/20190901114900_00160.jpg,datasets_flow/dataset_cropped/09_Metas/01/11/20190901114900_00160.jpg,datasets_cloudmask/dataset_cropped/09_Metas/01/11/20190901114900_00160.png,850,883,116.8,31.4,959
9/1/2019 11:50,datasets/dataset_cropped/09_Metas/01/11/20190901115000_00160.jpg,datasets_flow/dataset_cropped/09_Metas/01/11/20190901115000_00160.jpg,datasets_cloudmask/dataset_cropped/09_Metas/01/11/20190901115000_00160.png,851,883,117.7,31.6,959
9/1/2019 11:51,datasets/dataset_cropped/09_Metas/01/11/20190901115100_00160.jpg,datasets_flow/dataset_cropped/09_Metas/01/11/20190901115100_00160.jpg,datasets_cloudmask/dataset_cropped/09_Metas/01/11/20190901115100_00160.png,853,884,118.3,31.9,959
9/1/2019 11:52,datasets/dataset_cropped/09_Metas/01/11/20190901115200_00160.jpg,datasets_flow/dataset_cropped/09_Metas/01/11/20190901115200_00160.jpg,datasets_cloudmask/dataset_cropped/09_Metas/01/11/20190901115200_00160.png,853,883,118.2,31.9,959
9/1/2019 11:53,datasets/dataset_cropped/09_Metas/01/11/20190901115300_00160.jpg,datasets_flow/dataset_cropped/09_Metas/01/11/20190901115300_00160.jpg,datasets_cloudmask/dataset_cropped/09_Metas/01/11/20190901115300_00160.png,855,883,118.8,31.7,959
9/1/2019 11:54,datasets/dataset_cropped/09_Metas/01/11/20190901115400_00160.jpg,datasets_flow/dataset_cropped/09_Metas/01/11/20190901115400_00160.jpg,datasets_cloudmask/dataset_cropped/09_Metas/01/11/20190901115400_00160.png,856,883,119.4,31.8,959
9/1/2019 11:55,datasets/dataset_cropped/09_Metas/01/11/20190901115500_00160.jpg,datasets_flow/dataset_cropped/09_Metas/01/11/20190901115500_00160.jpg,datasets_cloudmask/dataset_cropped/09_Metas/01/11/20190901115500_00160.png,858,884,120.1,31.8,959
9/1/2019 11:56,datasets/dataset_cropped/09_Metas/01/11/20190901115600_00160.jpg,datasets_flow/dataset_cropped/09_Metas/01/11/20190901115600_00160.jpg,datasets_cloudmask/dataset_cropped/09_Metas/01/11/20190901115600_00160.png,861,885,120.8,31.7,959
9/1/2019 11:57,datasets/dataset_cropped/09_Metas/01/11/20190901115700_00160.jpg,datasets_flow/dataset_cropped/09_Metas/01/11/20190901115700_00160.jpg,datasets_cloudmask/dataset_cropped/09_Metas/01/11/20190901115700_00160.png,862,885,121.7,31.8,959
9/1/2019 11:58,datasets/dataset_cropped/09_Metas/01/11/20190901115800_00160.jpg,datasets_flow/dataset_cropped/09_Metas/01/11/20190901115800_00160.jpg,datasets_cloudmask/dataset_cropped/09_Metas/01/11/20190901115800_00160.png,864,885,122,31.7,959
9/1/2019 11:59,datasets/dataset_cropped/09_Metas/01/11/20190901115900_00160.jpg,datasets_flow/dataset_cropped/09_Metas/01/11/20190901115900_00160.jpg,datasets_cloudmask/dataset_cropped/09_Metas/01/11/20190901115900_00160.png,866,886,122,32.1,959
9/1/2019 12:00,datasets/dataset_cropped/09_Metas/01/12/20190901120000_00160.jpg,datasets_flow/dataset_cropped/09_Metas/01/12/20190901120000_00160.jpg,datasets_cloudmask/dataset_cropped/09_Metas/01/12/20190901120000_00160.png,868,887,122.4,32.6,959
9/1/2019 12:01,datasets/dataset_cropped/09_Metas/01/12/20190901120100_00160.jpg,datasets_flow/dataset_cropped/09_Metas/01/12/20190901120100_00160.jpg,datasets_cloudmask/dataset_cropped/09_Metas/01/12/20190901120100_00160.png,869,887,123,32.7,959
9/1/2019 12:02,datasets/dataset_cropped/09_Metas/01/12/20190901120200_00160.jpg,datasets_flow/dataset_cropped/09_Metas/01/12/20190901120200_00160.jpg,datasets_cloudmask/dataset_cropped/09_Metas/01/12/20190901120200_00160.png,871,886,123.6,32.6,959
9/1/2019 12:03,datasets/dataset_cropped/09_Metas/01/12/20190901120300_00160.jpg,datasets_flow/dataset_cropped/09_Metas/01/12/20190901120300_00160.jpg,datasets_cloudmask/dataset_cropped/09_Metas/01/12/20190901120300_00160.png,872,885,124,32.2,959
9/1/2019 12:04,datasets/dataset_cropped/09_Metas/01/12/20190901120400_00160.jpg,datasets_flow/dataset_cropped/09_Metas/01/12/20190901120400_00160.jpg,datasets_cloudmask/dataset_cropped/09_Metas/01/12/20190901120400_00160.png,874,886,125.1,32,959
9/1/2019 12:05,datasets/dataset_cropped/09_Metas/01/12/20190901120500_00160.jpg,datasets_flow/dataset_cropped/09_Metas/01/12/20190901120500_00160.jpg,datasets_cloudmask/dataset_cropped/09_Metas/01/12/20190901120500_00160.png,876,886,125.9,32,959
9/1/2019 12:06,datasets/dataset_cropped/09_Metas/01/12/20190901120600_00160.jpg,datasets_flow/dataset_cropped/09_Metas/01/12/20190901120600_00160.jpg,datasets_cloudmask/dataset_cropped/09_Metas/01/12/20190901120600_00160.png,877,885,126.9,32.4,959
9/1/2019 12:07,datasets/dataset_cropped/09_Metas/01/12/20190901120700_00160.jpg,datasets_flow/dataset_cropped/09_Metas/01/12/20190901120700_00160.jpg,datasets_cloudmask/dataset_cropped/09_Metas/01/12/20190901120700_00160.png,879,884,128.4,32.4,959
9/1/2019 12:08,datasets/dataset_cropped/09_Metas/01/12/20190901120800_00160.jpg,datasets_flow/dataset_cropped/09_Metas/01/12/20190901120800_00160.jpg,datasets_cloudmask/dataset_cropped/09_Metas/01/12/20190901120800_00160.png,881,884,130,32.7,959
9/1/2019 12:09,datasets/dataset_cropped/09_Metas/01/12/20190901120900_00160.jpg,datasets_flow/dataset_cropped/09_Metas/01/12/20190901120900_00160.jpg,datasets_cloudmask/dataset_cropped/09_Metas/01/12/20190901120900_00160.png,883,884,131.8,32.6,959
9/1/2019 12:10,datasets/dataset_cropped/09_Metas/01/12/20190901121000_00160.jpg,datasets_flow/dataset_cropped/09_Metas/01/12/20190901121000_00160.jpg,datasets_cloudmask/dataset_cropped/09_Metas/01/12/20190901121000_00160.png,885,885,132.8,32,959
9/1/2019 12:11,datasets/dataset_cropped/09_Metas/01/12/20190901121100_00160.jpg,datasets_flow/dataset_cropped/09_Metas/01/12/20190901121100_00160.jpg,datasets_cloudmask/dataset_cropped/09_Metas/01/12/20190901121100_00160.png,887,887,133.6,31.8,959
9/1/2019 12:12,datasets/dataset_cropped/09_Metas/01/12/20190901121200_00160.jpg,datasets_flow/dataset_cropped/09_Metas/01/12/20190901121200_00160.jpg,datasets_cloudmask/dataset_cropped/09_Metas/01/12/20190901121200_00160.png,890,888,134.3,32.1,959
9/1/2019 12:13,datasets/dataset_cropped/09_Metas/01/12/20190901121300_00160.jpg,datasets_flow/dataset_cropped/09_Metas/01/12/20190901121300_00160.jpg,datasets_cloudmask/dataset_cropped/09_Metas/01/12/20190901121300_00160.png,891,888,134.4,32.3,959
9/1/2019 12:14,datasets/dataset_cropped/09_Metas/01/12/20190901121400_00160.jpg,datasets_flow/dataset_cropped/09_Metas/01/12/20190901121400_00160.jpg,datasets_cloudmask/dataset_cropped/09_Metas/01/12/20190901121400_00160.png,891,888,134.5,32.1,959
9/1/2019 12:15,datasets/dataset_cropped/09_Metas/01/12/20190901121500_00160.jpg,datasets_flow/dataset_cropped/09_Metas/01/12/20190901121500_00160.jpg,datasets_cloudmask/dataset_cropped/09_Metas/01/12/20190901121500_00160.png,893,886,135.6,32.4,959
9/1/2019 12:16,datasets/dataset_cropped/09_Metas/01/12/20190901121600_00160.jpg,datasets_flow/dataset_cropped/09_Metas/01/12/20190901121600_00160.jpg,datasets_cloudmask/dataset_cropped/09_Metas/01/12/20190901121600_00160.png,894,884,137.2,32.5,959
9/1/2019 12:17,datasets/dataset_cropped/09_Metas/01/12/20190901121700_00160.jpg,datasets_flow/dataset_cropped/09_Metas/01/12/20190901121700_00160.jpg,datasets_cloudmask/dataset_cropped/09_Metas/01/12/20190901121700_00160.png,896,883,139.6,32.3,959
9/1/2019 12:18,datasets/dataset_cropped/09_Metas/01/12/20190901121800_00160.jpg,datasets_flow/dataset_cropped/09_Metas/01/12/20190901121800_00160.jpg,datasets_cloudmask/dataset_cropped/09_Metas/01/12/20190901121800_00160.png,897,880,141.8,32.3,959
9/1/2019 12:19,datasets/dataset_cropped/09_Metas/01/12/20190901121900_00160.jpg,datasets_flow/dataset_cropped/09_Metas/01/12/20190901121900_00160.jpg,datasets_cloudmask/dataset_cropped/09_Metas/01/12/20190901121900_00160.png,900,881,143.7,32.8,959
9/1/2019 12:20,datasets/dataset_cropped/09_Metas/01/12/20190901122000_00160.jpg,datasets_flow/dataset_cropped/09_Metas/01/12/20190901122000_00160.jpg,datasets_cloudmask/dataset_cropped/09_Metas/01/12/20190901122000_00160.png,900,880,144.1,32.6,959
9/1/2019 12:21,datasets/dataset_cropped/09_Metas/01/12/20190901122100_00160.jpg,datasets_flow/dataset_cropped/09_Metas/01/12/20190901122100_00160.jpg,datasets_cloudmask/dataset_cropped/09_Metas/01/12/20190901122100_00160.png,903,882,144.6,32.4,959
9/1/2019 12:22,datasets/dataset_cropped/09_Metas/01/12/20190901122200_00160.jpg,datasets_flow/dataset_cropped/09_Metas/01/12/20190901122200_00160.jpg,datasets_cloudmask/dataset_cropped/09_Metas/01/12/20190901122200_00160.png,905,883,145.1,32.5,959
9/1/2019 12:23,datasets/dataset_cropped/09_Metas/01/12/20190901122300_00160.jpg,datasets_flow/dataset_cropped/09_Metas/01/12/20190901122300_00160.jpg,datasets_cloudmask/dataset_cropped/09_Metas/01/12/20190901122300_00160.png,907,883,145.9,32.4,959
9/1/2019 12:24,datasets/dataset_cropped/09_Metas/01/12/20190901122400_00160.jpg,datasets_flow/dataset_cropped/09_Metas/01/12/20190901122400_00160.jpg,datasets_cloudmask/dataset_cropped/09_Metas/01/12/20190901122400_00160.png,904,878,147.2,32.4,959
9/1/2019 12:25,datasets/dataset_cropped/09_Metas/01/12/20190901122500_00160.jpg,datasets_flow/dataset_cropped/09_Metas/01/12/20190901122500_00160.jpg,datasets_cloudmask/dataset_cropped/09_Metas/01/12/20190901122500_00160.png,902,874,148.6,32.7,959
9/1/2019 12:26,datasets/dataset_cropped/09_Metas/01/12/20190901122600_00160.jpg,datasets_flow/dataset_cropped/09_Metas/01/12/20190901122600_00160.jpg,datasets_cloudmask/dataset_cropped/09_Metas/01/12/20190901122600_00160.png,903,872,150.6,32.9,959
9/1/2019 12:27,datasets/dataset_cropped/09_Metas/01/12/20190901122700_00160.jpg,datasets_flow/dataset_cropped/09_Metas/01/12/20190901122700_00160.jpg,datasets_cloudmask/dataset_cropped/09_Metas/01/12/20190901122700_00160.png,905,871,153.6,32.7,959
9/1/2019 12:28,datasets/dataset_cropped/09_Metas/01/12/20190901122800_00160.jpg,datasets_flow/dataset_cropped/09_Metas/01/12/20190901122800_00160.jpg,datasets_cloudmask/dataset_cropped/09_Metas/01/12/20190901122800_00160.png,909,871,156.6,32.9,959
9/1/2019 12:29,datasets/dataset_cropped/09_Metas/01/12/20190901122900_00160.jpg,datasets_flow/dataset_cropped/09_Metas/01/12/20190901122900_00160.jpg,datasets_cloudmask/dataset_cropped/09_Metas/01/12/20190901122900_00160.png,913,872,158.8,32.8,959
9/1/2019 12:30,datasets/dataset_cropped/09_Metas/01/12/20190901123000_00160.jpg,datasets_flow/dataset_cropped/09_Metas/01/12/20190901123000_00160.jpg,datasets_cloudmask/dataset_cropped/09_Metas/01/12/20190901123000_00160.png,916,871,162.4,32.6,959
9/1/2019 12:31,datasets/dataset_cropped/09_Metas/01/12/20190901123100_00160.jpg,datasets_flow/dataset_cropped/09_Metas/01/12/20190901123100_00160.jpg,datasets_cloudmask/dataset_cropped/09_Metas/01/12/20190901123100_00160.png,918,867,166.9,32.8,959
9/1/2019 12:32,datasets/dataset_cropped/09_Metas/01/12/20190901123200_00160.jpg,datasets_flow/dataset_cropped/09_Metas/01/12/20190901123200_00160.jpg,datasets_cloudmask/dataset_cropped/09_Metas/01/12/20190901123200_00160.png,918,863,171.4,32.9,959
9/1/2019 12:33,datasets/dataset_cropped/09_Metas/01/12/20190901123300_00160.jpg,datasets_flow/dataset_cropped/09_Metas/01/12/20190901123300_00160.jpg,datasets_cloudmask/dataset_cropped/09_Metas/01/12/20190901123300_00160.png,925,866,175.1,32.7,959
9/1/2019 12:34,datasets/dataset_cropped/09_Metas/01/12/20190901123400_00160.jpg,datasets_flow/dataset_cropped/09_Metas/01/12/20190901123400_00160.jpg,datasets_cloudmask/dataset_cropped/09_Metas/01/12/20190901123400_00160.png,931,868,178.1,33.3,959
9/1/2019 12:35,datasets/dataset_cropped/09_Metas/01/12/20190901123500_00160.jpg,datasets_flow/dataset_cropped/09_Metas/01/12/20190901123500_00160.jpg,datasets_cloudmask/dataset_cropped/09_Metas/01/12/20190901123500_00160.png,932,866,180.6,33.6,959
9/1/2019 12:36,datasets/dataset_cropped/09_Metas/01/12/20190901123600_00160.jpg,datasets_flow/dataset_cropped/09_Metas/01/12/20190901123600_00160.jpg,datasets_cloudmask/dataset_cropped/09_Metas/01/12/20190901123600_00160.png,935,865,184.2,33.8,959
9/1/2019 12:37,datasets/dataset_cropped/09_Metas/01/12/20190901123700_00160.jpg,datasets_flow/dataset_cropped/09_Metas/01/12/20190901123700_00160.jpg,datasets_cloudmask/dataset_cropped/09_Metas/01/12/20190901123700_00160.png,942,865,189,33.1,959
9/1/2019 12:38,datasets/dataset_cropped/09_Metas/01/12/20190901123800_00160.jpg,datasets_flow/dataset_cropped/09_Metas/01/12/20190901123800_00160.jpg,datasets_cloudmask/dataset_cropped/09_Metas/01/12/20190901123800_00160.png,950,868,194.5,32.7,959
9/1/2019 12:39,datasets/dataset_cropped/09_Metas/01/12/20190901123900_00160.jpg,datasets_flow/dataset_cropped/09_Metas/01/12/20190901123900_00160.jpg,datasets_cloudmask/dataset_cropped/09_Metas/01/12/20190901123900_00160.png,958,869,200.8,32.8,959
9/1/2019 12:40,datasets/dataset_cropped/09_Metas/01/12/20190901124000_00160.jpg,datasets_flow/dataset_cropped/09_Metas/01/12/20190901124000_00160.jpg,datasets_cloudmask/dataset_cropped/09_Metas/01/12/20190901124000_00160.png,965,867,209.8,33.2,959
9/1/2019 12:41,datasets/dataset_cropped/09_Metas/01/12/20190901124100_00160.jpg,datasets_flow/dataset_cropped/09_Metas/01/12/20190901124100_00160.jpg,datasets_cloudmask/dataset_cropped/09_Metas/01/12/20190901124100_00160.png,972,864,218.7,33.8,959
9/1/2019 12:42,datasets/dataset_cropped/09_Metas/01/12/20190901124200_00160.jpg,datasets_flow/dataset_cropped/09_Metas/01/12/20190901124200_00160.jpg,datasets_cloudmask/dataset_cropped/09_Metas/01/12/20190901124200_00160.png,978,862,224.6,33.5,959
9/1/2019 12:43,datasets/dataset_cropped/09_Metas/01/12/20190901124300_00160.jpg,datasets_flow/dataset_cropped/09_Metas/01/12/20190901124300_00160.jpg,datasets_cloudmask/dataset_cropped/09_Metas/01/12/20190901124300_00160.png,985,864,230,33,959
9/1/2019 12:44,datasets/dataset_cropped/09_Metas/01/12/20190901124400_00160.jpg,datasets_flow/dataset_cropped/09_Metas/01/12/20190901124400_00160.jpg,datasets_cloudmask/dataset_cropped/09_Metas/01/12/20190901124400_00160.png,989,863,234.7,32.6,959
9/1/2019 12:45,datasets/dataset_cropped/09_Metas/01/12/20190901124500_00160.jpg,datasets_flow/dataset_cropped/09_Metas/01/12/20190901124500_00160.jpg,datasets_cloudmask/dataset_cropped/09_Metas/01/12/20190901124500_00160.png,990,862,236,33,959
9/1/2019 12:46,datasets/dataset_cropped/09_Metas/01/12/20190901124600_00160.jpg,datasets_flow/dataset_cropped/09_Metas/01/12/20190901124600_00160.jpg,datasets_cloudmask/dataset_cropped/09_Metas/01/12/20190901124600_00160.png,990,862,236.1,33.4,959
9/1/2019 12:47,datasets/dataset_cropped/09_Metas/01/12/20190901124700_00160.jpg,datasets_flow/dataset_cropped/09_Metas/01/12/20190901124700_00160.jpg,datasets_cloudmask/dataset_cropped/09_Metas/01/12/20190901124700_00160.png,994,866,236.8,33.6,959
9/1/2019 12:48,datasets/dataset_cropped/09_Metas/01/12/20190901124800_00160.jpg,datasets_flow/dataset_cropped/09_Metas/01/12/20190901124800_00160.jpg,datasets_cloudmask/dataset_cropped/09_Metas/01/12/20190901124800_00160.png,1000,871,238.2,33.4,959
9/1/2019 12:49,datasets/dataset_cropped/09_Metas/01/12/20190901124900_00160.jpg,datasets_flow/dataset_cropped/09_Metas/01/12/20190901124900_00160.jpg,datasets_cloudmask/dataset_cropped/09_Metas/01/12/20190901124900_00160.png,1001,868,241.1,33.7,959
9/1/2019 12:50,datasets/dataset_cropped/09_Metas/01/12/20190901125000_00160.jpg,datasets_flow/dataset_cropped/09_Metas/01/12/20190901125000_00160.jpg,datasets_cloudmask/dataset_cropped/09_Metas/01/12/20190901125000_00160.png,1005,867,245.2,33.4,959
9/1/2019 12:51,datasets/dataset_cropped/09_Metas/01/12/20190901125100_00160.jpg,datasets_flow/dataset_cropped/09_Metas/01/12/20190901125100_00160.jpg,datasets_cloudmask/dataset_cropped/09_Metas/01/12/20190901125100_00160.png,1015,867,255.3,33.1,959
9/1/2019 12:52,datasets/dataset_cropped/09_Metas/01/12/20190901125200_00160.jpg,datasets_flow/dataset_cropped/09_Metas/01/12/20190901125200_00160.jpg,datasets_cloudmask/dataset_cropped/09_Metas/01/12/20190901125200_00160.png,996,820,277,33.2,959
9/1/2019 12:53,datasets/dataset_cropped/09_Metas/01/12/20190901125300_00160.jpg,datasets_flow/dataset_cropped/09_Metas/01/12/20190901125300_00160.jpg,datasets_cloudmask/dataset_cropped/09_Metas/01/12/20190901125300_00160.png,522.6,261.7,289.5,33.5,959
9/1/2019 12:54,datasets/dataset_cropped/09_Metas/01/12/20190901125400_00160.jpg,datasets_flow/dataset_cropped/09_Metas/01/12/20190901125400_00160.jpg,datasets_cloudmask/dataset_cropped/09_Metas/01/12/20190901125400_00160.png,320,20.4,297.1,33.4,959
9/1/2019 12:55,datasets/dataset_cropped/09_Metas/01/12/20190901125500_00160.jpg,datasets_flow/dataset_cropped/09_Metas/01/12/20190901125500_00160.jpg,datasets_cloudmask/dataset_cropped/09_Metas/01/12/20190901125500_00160.png,478.1,184.8,308.1,33.1,959
9/1/2019 12:56,datasets/dataset_cropped/09_Metas/01/12/20190901125600_00160.jpg,datasets_flow/dataset_cropped/09_Metas/01/12/20190901125600_00160.jpg,datasets_cloudmask/dataset_cropped/09_Metas/01/12/20190901125600_00160.png,394.3,76.8,319.8,32.6,959
9/1/2019 12:57,datasets/dataset_cropped/09_Metas/01/12/20190901125700_00160.jpg,datasets_flow/dataset_cropped/09_Metas/01/12/20190901125700_00160.jpg,datasets_cloudmask/dataset_cropped/09_Metas/01/12/20190901125700_00160.png,560.8,269.3,315.5,32.1,959
9/1/2019 12:58,datasets/dataset_cropped/09_Metas/01/12/20190901125800_00160.jpg,datasets_flow/dataset_cropped/09_Metas/01/12/20190901125800_00160.jpg,datasets_cloudmask/dataset_cropped/09_Metas/01/12/20190901125800_00160.png,415.8,130.2,297.6,31.8,959
9/1/2019 12:59,datasets/dataset_cropped/09_Metas/01/12/20190901125900_00160.jpg,datasets_flow/dataset_cropped/09_Metas/01/12/20190901125900_00160.jpg,datasets_cloudmask/dataset_cropped/09_Metas/01/12/20190901125900_00160.png,322.7,38.6,282.8,31.9,959
9/1/2019 13:00,datasets/dataset_cropped/09_Metas/01/13/20190901130000_00160.jpg,datasets_flow/dataset_cropped/09_Metas/01/13/20190901130000_00160.jpg,datasets_cloudmask/dataset_cropped/09_Metas/01/13/20190901130000_00160.png,322.2,40.3,277.7,32.2,959
9/1/2019 13:01,datasets/dataset_cropped/09_Metas/01/13/20190901130100_00160.jpg,datasets_flow/dataset_cropped/09_Metas/01/13/20190901130100_00160.jpg,datasets_cloudmask/dataset_cropped/09_Metas/01/13/20190901130100_00160.png,887,685.2,276.8,32.2,959
9/1/2019 13:02,datasets/dataset_cropped/09_Metas/01/13/20190901130200_00160.jpg,datasets_flow/dataset_cropped/09_Metas/01/13/20190901130200_00160.jpg,datasets_cloudmask/dataset_cropped/09_Metas/01/13/20190901130200_00160.png,932,760.4,261.6,32.1,959
9/1/2019 13:03,datasets/dataset_cropped/09_Metas/01/13/20190901130300_00160.jpg,datasets_flow/dataset_cropped/09_Metas/01/13/20190901130300_00160.jpg,datasets_cloudmask/dataset_cropped/09_Metas/01/13/20190901130300_00160.png,984,840,244.2,32,959
9/1/2019 13:04,datasets/dataset_cropped/09_Metas/01/13/20190901130400_00160.jpg,datasets_flow/dataset_cropped/09_Metas/01/13/20190901130400_00160.jpg,datasets_cloudmask/dataset_cropped/09_Metas/01/13/20190901130400_00160.png,974,852,224.5,32.6,959
9/1/2019 13:05,datasets/dataset_cropped/09_Metas/01/13/20190901130500_00160.jpg,datasets_flow/dataset_cropped/09_Metas/01/13/20190901130500_00160.jpg,datasets_cloudmask/dataset_cropped/09_Metas/01/13/20190901130500_00160.png,952,843,211.3,33,959
9/1/2019 13:06,datasets/dataset_cropped/09_Metas/01/13/20190901130600_00160.jpg,datasets_flow/dataset_cropped/09_Metas/01/13/20190901130600_00160.jpg,datasets_cloudmask/dataset_cropped/09_Metas/01/13/20190901130600_00160.png,953,851,205.6,32.9,959
9/1/2019 13:07,datasets/dataset_cropped/09_Metas/01/13/20190901130700_00160.jpg,datasets_flow/dataset_cropped/09_Metas/01/13/20190901130700_00160.jpg,datasets_cloudmask/dataset_cropped/09_Metas/01/13/20190901130700_00160.png,951,849,205,33.1,959
9/1/2019 13:08,datasets/dataset_cropped/09_Metas/01/13/20190901130800_00160.jpg,datasets_flow/dataset_cropped/09_Metas/01/13/20190901130800_00160.jpg,datasets_cloudmask/dataset_cropped/09_Metas/01/13/20190901130800_00160.png,953,852,204.8,33.1,959
9/1/2019 13:09,datasets/dataset_cropped/09_Metas/01/13/20190901130900_00160.jpg,datasets_flow/dataset_cropped/09_Metas/01/13/20190901130900_00160.jpg,datasets_cloudmask/dataset_cropped/09_Metas/01/13/20190901130900_00160.png,950,852,201.9,33.2,959
9/1/2019 13:10,datasets/dataset_cropped/09_Metas/01/13/20190901131000_00160.jpg,datasets_flow/dataset_cropped/09_Metas/01/13/20190901131000_00160.jpg,datasets_cloudmask/dataset_cropped/09_Metas/01/13/20190901131000_00160.png,946,854,196.4,33.3,959
9/1/2019 13:11,datasets/dataset_cropped/09_Metas/01/13/20190901131100_00160.jpg,datasets_flow/dataset_cropped/09_Metas/01/13/20190901131100_00160.jpg,datasets_cloudmask/dataset_cropped/09_Metas/01/13/20190901131100_00160.png,942,856,191.3,33.5,959
9/1/2019 13:12,datasets/dataset_cropped/09_Metas/01/13/20190901131200_00160.jpg,datasets_flow/dataset_cropped/09_Metas/01/13/20190901131200_00160.jpg,datasets_cloudmask/dataset_cropped/09_Metas/01/13/20190901131200_00160.png,940,858,188,33.4,959
9/1/2019 13:13,datasets/dataset_cropped/09_Metas/01/13/20190901131300_00160.jpg,datasets_flow/dataset_cropped/09_Metas/01/13/20190901131300_00160.jpg,datasets_cloudmask/dataset_cropped/09_Metas/01/13/20190901131300_00160.png,935,856,185.6,33.8,959
9/1/2019 13:14,datasets/dataset_cropped/09_Metas/01/13/20190901131400_00160.jpg,datasets_flow/dataset_cropped/09_Metas/01/13/20190901131400_00160.jpg,datasets_cloudmask/dataset_cropped/09_Metas/01/13/20190901131400_00160.png,932,852,185.1,33.4,959
9/1/2019 13:15,datasets/dataset_cropped/09_Metas/01/13/20190901131500_00160.jpg,datasets_flow/dataset_cropped/09_Metas/01/13/20190901131500_00160.jpg,datasets_cloudmask/dataset_cropped/09_Metas/01/13/20190901131500_00160.png,931,850,185.3,33.1,959
9/1/2019 13:16,datasets/dataset_cropped/09_Metas/01/13/20190901131600_00160.jpg,datasets_flow/dataset_cropped/09_Metas/01/13/20190901131600_00160.jpg,datasets_cloudmask/dataset_cropped/09_Metas/01/13/20190901131600_00160.png,931,849,186.9,33.3,959
9/1/2019 13:17,datasets/dataset_cropped/09_Metas/01/13/20190901131700_00160.jpg,datasets_flow/dataset_cropped/09_Metas/01/13/20190901131700_00160.jpg,datasets_cloudmask/dataset_cropped/09_Metas/01/13/20190901131700_00160.png,932,849,187.1,33.1,958
9/1/2019 13:18,datasets/dataset_cropped/09_Metas/01/13/20190901131800_00160.jpg,datasets_flow/dataset_cropped/09_Metas/01/13/20190901131800_00160.jpg,datasets_cloudmask/dataset_cropped/09_Metas/01/13/20190901131800_00160.png,935,851,188.1,32.9,959
9/1/2019 13:19,datasets/dataset_cropped/09_Metas/01/13/20190901131900_00160.jpg,datasets_flow/dataset_cropped/09_Metas/01/13/20190901131900_00160.jpg,datasets_cloudmask/dataset_cropped/09_Metas/01/13/20190901131900_00160.png,940,851,191.8,33.2,959
9/1/2019 13:20,datasets/dataset_cropped/09_Metas/01/13/20190901132000_00160.jpg,datasets_flow/dataset_cropped/09_Metas/01/13/20190901132000_00160.jpg,datasets_cloudmask/dataset_cropped/09_Metas/01/13/20190901132000_00160.png,948,852,198.9,33.1,959
9/1/2019 13:21,datasets/dataset_cropped/09_Metas/01/13/20190901132100_00160.jpg,datasets_flow/dataset_cropped/09_Metas/01/13/20190901132100_00160.jpg,datasets_cloudmask/dataset_cropped/09_Metas/01/13/20190901132100_00160.png,950,848,205.1,32.9,959
9/1/2019 13:22,datasets/dataset_cropped/09_Metas/01/13/20190901132200_00160.jpg,datasets_flow/dataset_cropped/09_Metas/01/13/20190901132200_00160.jpg,datasets_cloudmask/dataset_cropped/09_Metas/01/13/20190901132200_00160.png,944,839,207.3,32.8,959
9/1/2019 13:23,datasets/dataset_cropped/09_Metas/01/13/20190901132300_00160.jpg,datasets_flow/dataset_cropped/09_Metas/01/13/20190901132300_00160.jpg,datasets_cloudmask/dataset_cropped/09_Metas/01/13/20190901132300_00160.png,935,830,205.5,32.9,959
9/1/2019 13:24,datasets/dataset_cropped/09_Metas/01/13/20190901132400_00160.jpg,datasets_flow/dataset_cropped/09_Metas/01/13/20190901132400_00160.jpg,datasets_cloudmask/dataset_cropped/09_Metas/01/13/20190901132400_00160.png,929,831,199.5,33.1,959
9/1/2019 13:25,datasets/dataset_cropped/09_Metas/01/13/20190901132500_00160.jpg,datasets_flow/dataset_cropped/09_Metas/01/13/20190901132500_00160.jpg,datasets_cloudmask/dataset_cropped/09_Metas/01/13/20190901132500_00160.png,917,827,191.1,33.4,959
9/1/2019 13:26,datasets/dataset_cropped/09_Metas/01/13/20190901132600_00160.jpg,datasets_flow/dataset_cropped/09_Metas/01/13/20190901132600_00160.jpg,datasets_cloudmask/dataset_cropped/09_Metas/01/13/20190901132600_00160.png,909,826,184.5,33.1,959
9/1/2019 13:27,datasets/dataset_cropped/09_Metas/01/13/20190901132700_00160.jpg,datasets_flow/dataset_cropped/09_Metas/01/13/20190901132700_00160.jpg,datasets_cloudmask/dataset_cropped/09_Metas/01/13/20190901132700_00160.png,905,822,183.1,32.9,959
9/1/2019 13:28,datasets/dataset_cropped/09_Metas/01/13/20190901132800_00160.jpg,datasets_flow/dataset_cropped/09_Metas/01/13/20190901132800_00160.jpg,datasets_cloudmask/dataset_cropped/09_Metas/01/13/20190901132800_00160.png,843,750.9,184.2,33.1,959
9/1/2019 13:29,datasets/dataset_cropped/09_Metas/01/13/20190901132900_00160.jpg,datasets_flow/dataset_cropped/09_Metas/01/13/20190901132900_00160.jpg,datasets_cloudmask/dataset_cropped/09_Metas/01/13/20190901132900_00160.png,838,736.2,191.5,33,959
9/1/2019 13:30,datasets/dataset_cropped/09_Metas/01/13/20190901133000_00160.jpg,datasets_flow/dataset_cropped/09_Metas/01/13/20190901133000_00160.jpg,datasets_cloudmask/dataset_cropped/09_Metas/01/13/20190901133000_00160.png,904,810,194.4,33,959
9/1/2019 13:31,datasets/dataset_cropped/09_Metas/01/13/20190901133100_00160.jpg,datasets_flow/dataset_cropped/09_Metas/01/13/20190901133100_00160.jpg,datasets_cloudmask/dataset_cropped/09_Metas/01/13/20190901133100_00160.png,882,787.3,192.6,33.3,959
9/1/2019 13:32,datasets/dataset_cropped/09_Metas/01/13/20190901133200_00160.jpg,datasets_flow/dataset_cropped/09_Metas/01/13/20190901133200_00160.jpg,datasets_cloudmask/dataset_cropped/09_Metas/01/13/20190901133200_00160.png,915,832,186.6,33.4,958
9/1/2019 13:33,datasets/dataset_cropped/09_Metas/01/13/20190901133300_00160.jpg,datasets_flow/dataset_cropped/09_Metas/01/13/20190901133300_00160.jpg,datasets_cloudmask/dataset_cropped/09_Metas/01/13/20190901133300_00160.png,909,834,179.7,33.5,958
9/1/2019 13:34,datasets/dataset_cropped/09_Metas/01/13/20190901133400_00160.jpg,datasets_flow/dataset_cropped/09_Metas/01/13/20190901133400_00160.jpg,datasets_cloudmask/dataset_cropped/09_Metas/01/13/20190901133400_00160.png,903,834,174.3,32.9,959
9/1/2019 13:35,datasets/dataset_cropped/09_Metas/01/13/20190901133500_00160.jpg,datasets_flow/dataset_cropped/09_Metas/01/13/20190901133500_00160.jpg,datasets_cloudmask/dataset_cropped/09_Metas/01/13/20190901133500_00160.png,904,838,172.2,32.7,959
9/1/2019 13:36,datasets/dataset_cropped/09_Metas/01/13/20190901133600_00160.jpg,datasets_flow/dataset_cropped/09_Metas/01/13/20190901133600_00160.jpg,datasets_cloudmask/dataset_cropped/09_Metas/01/13/20190901133600_00160.png,903,837,173,33,959
9/1/2019 13:37,datasets/dataset_cropped/09_Metas/01/13/20190901133700_00160.jpg,datasets_flow/dataset_cropped/09_Metas/01/13/20190901133700_00160.jpg,datasets_cloudmask/dataset_cropped/09_Metas/01/13/20190901133700_00160.png,900,835,172.7,33.2,958
9/1/2019 13:38,datasets/dataset_cropped/09_Metas/01/13/20190901133800_00160.jpg,datasets_flow/dataset_cropped/09_Metas/01/13/20190901133800_00160.jpg,datasets_cloudmask/dataset_cropped/09_Metas/01/13/20190901133800_00160.png,896,829,173.7,33.1,958
9/1/2019 13:39,datasets/dataset_cropped/09_Metas/01/13/20190901133900_00160.jpg,datasets_flow/dataset_cropped/09_Metas/01/13/20190901133900_00160.jpg,datasets_cloudmask/dataset_cropped/09_Metas/01/13/20190901133900_00160.png,899,833,174.4,33.1,959
9/1/2019 13:40,datasets/dataset_cropped/09_Metas/01/13/20190901134000_00160.jpg,datasets_flow/dataset_cropped/09_Metas/01/13/20190901134000_00160.jpg,datasets_cloudmask/dataset_cropped/09_Metas/01/13/20190901134000_00160.png,904,838,174.4,33.4,958
9/1/2019 13:41,datasets/dataset_cropped/09_Metas/01/13/20190901134100_00160.jpg,datasets_flow/dataset_cropped/09_Metas/01/13/20190901134100_00160.jpg,datasets_cloudmask/dataset_cropped/09_Metas/01/13/20190901134100_00160.png,904,838,174.2,33.6,958
9/1/2019 13:42,datasets/dataset_cropped/09_Metas/01/13/20190901134200_00160.jpg,datasets_flow/dataset_cropped/09_Metas/01/13/20190901134200_00160.jpg,datasets_cloudmask/dataset_cropped/09_Metas/01/13/20190901134200_00160.png,901,836,174.1,33.7,958
9/1/2019 13:43,datasets/dataset_cropped/09_Metas/01/13/20190901134300_00160.jpg,datasets_flow/dataset_cropped/09_Metas/01/13/20190901134300_00160.jpg,datasets_cloudmask/dataset_cropped/09_Metas/01/13/20190901134300_00160.png,902,837,174.6,33.4,958
9/1/2019 13:44,datasets/dataset_cropped/09_Metas/01/13/20190901134400_00160.jpg,datasets_flow/dataset_cropped/09_Metas/01/13/20190901134400_00160.jpg,datasets_cloudmask/dataset_cropped/09_Metas/01/13/20190901134400_00160.png,904,840,174.3,33.1,958
9/1/2019 13:45,datasets/dataset_cropped/09_Metas/01/13/20190901134500_00160.jpg,datasets_flow/dataset_cropped/09_Metas/01/13/20190901134500_00160.jpg,datasets_cloudmask/dataset_cropped/09_Metas/01/13/20190901134500_00160.png,903,839,173.6,33,958
9/1/2019 13:46,datasets/dataset_cropped/09_Metas/01/13/20190901134600_00160.jpg,datasets_flow/dataset_cropped/09_Metas/01/13/20190901134600_00160.jpg,datasets_cloudmask/dataset_cropped/09_Metas/01/13/20190901134600_00160.png,900,835,174.3,33.2,958
9/1/2019 13:47,datasets/dataset_cropped/09_Metas/01/13/20190901134700_00160.jpg,datasets_flow/dataset_cropped/09_Metas/01/13/20190901134700_00160.jpg,datasets_cloudmask/dataset_cropped/09_Metas/01/13/20190901134700_00160.png,896,830,175.2,33.1,958
9/1/2019 13:48,datasets/dataset_cropped/09_Metas/01/13/20190901134800_00160.jpg,datasets_flow/dataset_cropped/09_Metas/01/13/20190901134800_00160.jpg,datasets_cloudmask/dataset_cropped/09_Metas/01/13/20190901134800_00160.png,896,827,177.3,33,959
9/1/2019 13:49,datasets/dataset_cropped/09_Metas/01/13/20190901134900_00160.jpg,datasets_flow/dataset_cropped/09_Metas/01/13/20190901134900_00160.jpg,datasets_cloudmask/dataset_cropped/09_Metas/01/13/20190901134900_00160.png,897,827,179.3,33.1,958
9/1/2019 13:50,datasets/dataset_cropped/09_Metas/01/13/20190901135000_00160.jpg,datasets_flow/dataset_cropped/09_Metas/01/13/20190901135000_00160.jpg,datasets_cloudmask/dataset_cropped/09_Metas/01/13/20190901135000_00160.png,895,825,180.2,33.4,958
9/1/2019 13:51,datasets/dataset_cropped/09_Metas/01/13/20190901135100_00160.jpg,datasets_flow/dataset_cropped/09_Metas/01/13/20190901135100_00160.jpg,datasets_cloudmask/dataset_cropped/09_Metas/01/13/20190901135100_00160.png,893,824,179.2,33.5,958
9/1/2019 13:52,datasets/dataset_cropped/09_Metas/01/13/20190901135200_00160.jpg,datasets_flow/dataset_cropped/09_Metas/01/13/20190901135200_00160.jpg,datasets_cloudmask/dataset_cropped/09_Metas/01/13/20190901135200_00160.png,892,825,178.6,33.5,958
9/1/2019 13:53,datasets/dataset_cropped/09_Metas/01/13/20190901135300_00160.jpg,datasets_flow/dataset_cropped/09_Metas/01/13/20190901135300_00160.jpg,datasets_cloudmask/dataset_cropped/09_Metas/01/13/20190901135300_00160.png,891,825,177.7,33,958
9/1/2019 13:54,datasets/dataset_cropped/09_Metas/01/13/20190901135400_00160.jpg,datasets_flow/dataset_cropped/09_Metas/01/13/20190901135400_00160.jpg,datasets_cloudmask/dataset_cropped/09_Metas/01/13/20190901135400_00160.png,892,827,176.9,33.1,958
9/1/2019 13:55,datasets/dataset_cropped/09_Metas/01/13/20190901135500_00160.jpg,datasets_flow/dataset_cropped/09_Metas/01/13/20190901135500_00160.jpg,datasets_cloudmask/dataset_cropped/09_Metas/01/13/20190901135500_00160.png,893,829,177,33.4,958
9/1/2019 13:56,datasets/dataset_cropped/09_Metas/01/13/20190901135600_00160.jpg,datasets_flow/dataset_cropped/09_Metas/01/13/20190901135600_00160.jpg,datasets_cloudmask/dataset_cropped/09_Metas/01/13/20190901135600_00160.png,892,828,177.5,33.4,958
9/1/2019 13:57,datasets/dataset_cropped/09_Metas/01/13/20190901135700_00160.jpg,datasets_flow/dataset_cropped/09_Metas/01/13/20190901135700_00160.jpg,datasets_cloudmask/dataset_cropped/09_Metas/01/13/20190901135700_00160.png,892,826,179.2,33.4,958
9/1/2019 13:58,datasets/dataset_cropped/09_Metas/01/13/20190901135800_00160.jpg,datasets_flow/dataset_cropped/09_Metas/01/13/20190901135800_00160.jpg,datasets_cloudmask/dataset_cropped/09_Metas/01/13/20190901135800_00160.png,892,825,181.5,33.1,958
9/1/2019 13:59,datasets/dataset_cropped/09_Metas/01/13/20190901135900_00160.jpg,datasets_flow/dataset_cropped/09_Metas/01/13/20190901135900_00160.jpg,datasets_cloudmask/dataset_cropped/09_Metas/01/13/20190901135900_00160.png,889,820,183.2,32.7,958
9/1/2019 14:00,datasets/dataset_cropped/09_Metas/01/14/20190901140000_00160.jpg,datasets_flow/dataset_cropped/09_Metas/01/14/20190901140000_00160.jpg,datasets_cloudmask/dataset_cropped/09_Metas/01/14/20190901140000_00160.png,889,820,184.6,32.9,958
9/1/2019 14:01,datasets/dataset_cropped/09_Metas/01/14/20190901140100_00160.jpg,datasets_flow/dataset_cropped/09_Metas/01/14/20190901140100_00160.jpg,datasets_cloudmask/dataset_cropped/09_Metas/01/14/20190901140100_00160.png,890,819,185.6,33.2,958
9/1/2019 14:02,datasets/dataset_cropped/09_Metas/01/14/20190901140200_00160.jpg,datasets_flow/dataset_cropped/09_Metas/01/14/20190901140200_00160.jpg,datasets_cloudmask/dataset_cropped/09_Metas/01/14/20190901140200_00160.png,889,817,186.5,33.2,958
9/1/2019 14:03,datasets/dataset_cropped/09_Metas/01/14/20190901140300_00160.jpg,datasets_flow/dataset_cropped/09_Metas/01/14/20190901140300_00160.jpg,datasets_cloudmask/dataset_cropped/09_Metas/01/14/20190901140300_00160.png,889,817,188.3,33.1,958
9/1/2019 14:04,datasets/dataset_cropped/09_Metas/01/14/20190901140400_00160.jpg,datasets_flow/dataset_cropped/09_Metas/01/14/20190901140400_00160.jpg,datasets_cloudmask/dataset_cropped/09_Metas/01/14/20190901140400_00160.png,890,818,189.7,33.4,958
9/1/2019 14:05,datasets/dataset_cropped/09_Metas/01/14/20190901140500_00160.jpg,datasets_flow/dataset_cropped/09_Metas/01/14/20190901140500_00160.jpg,datasets_cloudmask/dataset_cropped/09_Metas/01/14/20190901140500_00160.png,890,818,190.2,33.5,958
9/1/2019 14:06,datasets/dataset_cropped/09_Metas/01/14/20190901140600_00160.jpg,datasets_flow/dataset_cropped/09_Metas/01/14/20190901140600_00160.jpg,datasets_cloudmask/dataset_cropped/09_Metas/01/14/20190901140600_00160.png,890,817,191.2,33.3,958
9/1/2019 14:07,datasets/dataset_cropped/09_Metas/01/14/20190901140700_00160.jpg,datasets_flow/dataset_cropped/09_Metas/01/14/20190901140700_00160.jpg,datasets_cloudmask/dataset_cropped/09_Metas/01/14/20190901140700_00160.png,888,814,193,32.9,958
9/1/2019 14:08,datasets/dataset_cropped/09_Metas/01/14/20190901140800_00160.jpg,datasets_flow/dataset_cropped/09_Metas/01/14/20190901140800_00160.jpg,datasets_cloudmask/dataset_cropped/09_Metas/01/14/20190901140800_00160.png,891,817,195.1,33.1,958
9/1/2019 14:09,datasets/dataset_cropped/09_Metas/01/14/20190901140900_00160.jpg,datasets_flow/dataset_cropped/09_Metas/01/14/20190901140900_00160.jpg,datasets_cloudmask/dataset_cropped/09_Metas/01/14/20190901140900_00160.png,894,817,198.5,33.4,958
9/1/2019 14:10,datasets/dataset_cropped/09_Metas/01/14/20190901141000_00160.jpg,datasets_flow/dataset_cropped/09_Metas/01/14/20190901141000_00160.jpg,datasets_cloudmask/dataset_cropped/09_Metas/01/14/20190901141000_00160.png,895,814,202.8,33.6,958
9/1/2019 14:11,datasets/dataset_cropped/09_Metas/01/14/20190901141100_00160.jpg,datasets_flow/dataset_cropped/09_Metas/01/14/20190901141100_00160.jpg,datasets_cloudmask/dataset_cropped/09_Metas/01/14/20190901141100_00160.png,895,810,206.4,33.7,958
9/1/2019 14:12,datasets/dataset_cropped/09_Metas/01/14/20190901141200_00160.jpg,datasets_flow/dataset_cropped/09_Metas/01/14/20190901141200_00160.jpg,datasets_cloudmask/dataset_cropped/09_Metas/01/14/20190901141200_00160.png,896,808,208,33.5,958
9/1/2019 14:13,datasets/dataset_cropped/09_Metas/01/14/20190901141300_00160.jpg,datasets_flow/dataset_cropped/09_Metas/01/14/20190901141300_00160.jpg,datasets_cloudmask/dataset_cropped/09_Metas/01/14/20190901141300_00160.png,893,802,208.9,33.1,958
9/1/2019 14:14,datasets/dataset_cropped/09_Metas/01/14/20190901141400_00160.jpg,datasets_flow/dataset_cropped/09_Metas/01/14/20190901141400_00160.jpg,datasets_cloudmask/dataset_cropped/09_Metas/01/14/20190901141400_00160.png,889,797.3,209.9,32.8,958
9/1/2019 14:15,datasets/dataset_cropped/09_Metas/01/14/20190901141500_00160.jpg,datasets_flow/dataset_cropped/09_Metas/01/14/20190901141500_00160.jpg,datasets_cloudmask/dataset_cropped/09_Metas/01/14/20190901141500_00160.png,895,803,211.8,33.1,958
9/1/2019 14:16,datasets/dataset_cropped/09_Metas/01/14/20190901141600_00160.jpg,datasets_flow/dataset_cropped/09_Metas/01/14/20190901141600_00160.jpg,datasets_cloudmask/dataset_cropped/09_Metas/01/14/20190901141600_00160.png,899,805,214.7,33.2,958
9/1/2019 14:17,datasets/dataset_cropped/09_Metas/01/14/20190901141700_00160.jpg,datasets_flow/dataset_cropped/09_Metas/01/14/20190901141700_00160.jpg,datasets_cloudmask/dataset_cropped/09_Metas/01/14/20190901141700_00160.png,902,805,219,33.1,958
9/1/2019 14:18,datasets/dataset_cropped/09_Metas/01/14/20190901141800_00160.jpg,datasets_flow/dataset_cropped/09_Metas/01/14/20190901141800_00160.jpg,datasets_cloudmask/dataset_cropped/09_Metas/01/14/20190901141800_00160.png,908,806,224.2,33,958
9/1/2019 14:19,datasets/dataset_cropped/09_Metas/01/14/20190901141900_00160.jpg,datasets_flow/dataset_cropped/09_Metas/01/14/20190901141900_00160.jpg,datasets_cloudmask/dataset_cropped/09_Metas/01/14/20190901141900_00160.png,912,805,230.6,33.1,958
9/1/2019 14:20,datasets/dataset_cropped/09_Metas/01/14/20190901142000_00160.jpg,datasets_flow/dataset_cropped/09_Metas/01/14/20190901142000_00160.jpg,datasets_cloudmask/dataset_cropped/09_Metas/01/14/20190901142000_00160.png,913,799.9,236.7,33.6,958
9/1/2019 14:21,datasets/dataset_cropped/09_Metas/01/14/20190901142100_00160.jpg,datasets_flow/dataset_cropped/09_Metas/01/14/20190901142100_00160.jpg,datasets_cloudmask/dataset_cropped/09_Metas/01/14/20190901142100_00160.png,913,793.6,243.7,33.7,958
9/1/2019 14:22,datasets/dataset_cropped/09_Metas/01/14/20190901142200_00160.jpg,datasets_flow/dataset_cropped/09_Metas/01/14/20190901142200_00160.jpg,datasets_cloudmask/dataset_cropped/09_Metas/01/14/20190901142200_00160.png,918,791.9,251,33.4,958
9/1/2019 14:23,datasets/dataset_cropped/09_Metas/01/14/20190901142300_00160.jpg,datasets_flow/dataset_cropped/09_Metas/01/14/20190901142300_00160.jpg,datasets_cloudmask/dataset_cropped/09_Metas/01/14/20190901142300_00160.png,922,788.8,258.3,33.7,958
9/1/2019 14:24,datasets/dataset_cropped/09_Metas/01/14/20190901142400_00160.jpg,datasets_flow/dataset_cropped/09_Metas/01/14/20190901142400_00160.jpg,datasets_cloudmask/dataset_cropped/09_Metas/01/14/20190901142400_00160.png,931,787.6,268.5,33.7,958
9/1/2019 14:25,datasets/dataset_cropped/09_Metas/01/14/20190901142500_00160.jpg,datasets_flow/dataset_cropped/09_Metas/01/14/20190901142500_00160.jpg,datasets_cloudmask/dataset_cropped/09_Metas/01/14/20190901142500_00160.png,879,715.4,278,33.7,958
9/1/2019 14:26,datasets/dataset_cropped/09_Metas/01/14/20190901142600_00160.jpg,datasets_flow/dataset_cropped/09_Metas/01/14/20190901142600_00160.jpg,datasets_cloudmask/dataset_cropped/09_Metas/01/14/20190901142600_00160.png,801,608.7,287,33.6,958
9/1/2019 14:27,datasets/dataset_cropped/09_Metas/01/14/20190901142700_00160.jpg,datasets_flow/dataset_cropped/09_Metas/01/14/20190901142700_00160.jpg,datasets_cloudmask/dataset_cropped/09_Metas/01/14/20190901142700_00160.png,877,688.5,298.1,33.1,958
9/1/2019 14:28,datasets/dataset_cropped/09_Metas/01/14/20190901142800_00160.jpg,datasets_flow/dataset_cropped/09_Metas/01/14/20190901142800_00160.jpg,datasets_cloudmask/dataset_cropped/09_Metas/01/14/20190901142800_00160.png,599.1,350.5,298.9,33.4,958
9/1/2019 14:29,datasets/dataset_cropped/09_Metas/01/14/20190901142900_00160.jpg,datasets_flow/dataset_cropped/09_Metas/01/14/20190901142900_00160.jpg,datasets_cloudmask/dataset_cropped/09_Metas/01/14/20190901142900_00160.png,715.9,487.7,306.5,33.4,958
9/1/2019 14:30,datasets/dataset_cropped/09_Metas/01/14/20190901143000_00160.jpg,datasets_flow/dataset_cropped/09_Metas/01/14/20190901143000_00160.jpg,datasets_cloudmask/dataset_cropped/09_Metas/01/14/20190901143000_00160.png,960,779.2,309.2,33.5,958
9/1/2019 14:31,datasets/dataset_cropped/09_Metas/01/14/20190901143100_00160.jpg,datasets_flow/dataset_cropped/09_Metas/01/14/20190901143100_00160.jpg,datasets_cloudmask/dataset_cropped/09_Metas/01/14/20190901143100_00160.png,968,775.2,321.1,33.2,958
9/1/2019 14:32,datasets/dataset_cropped/09_Metas/01/14/20190901143200_00160.jpg,datasets_flow/dataset_cropped/09_Metas/01/14/20190901143200_00160.jpg,datasets_cloudmask/dataset_cropped/09_Metas/01/14/20190901143200_00160.png,844,605.9,341.2,33,958
9/1/2019 14:33,datasets/dataset_cropped/09_Metas/01/14/20190901143300_00160.jpg,datasets_flow/dataset_cropped/09_Metas/01/14/20190901143300_00160.jpg,datasets_cloudmask/dataset_cropped/09_Metas/01/14/20190901143300_00160.png,494.6,153,360.8,33.2,958
9/1/2019 14:34,datasets/dataset_cropped/09_Metas/01/14/20190901143400_00160.jpg,datasets_flow/dataset_cropped/09_Metas/01/14/20190901143400_00160.jpg,datasets_cloudmask/dataset_cropped/09_Metas/01/14/20190901143400_00160.png,682.1,359.6,375.6,33.2,958
9/1/2019 14:35,datasets/dataset_cropped/09_Metas/01/14/20190901143500_00160.jpg,datasets_flow/dataset_cropped/09_Metas/01/14/20190901143500_00160.jpg,datasets_cloudmask/dataset_cropped/09_Metas/01/14/20190901143500_00160.png,978,726.6,374.2,33,958
9/1/2019 14:36,datasets/dataset_cropped/09_Metas/01/14/20190901143600_00160.jpg,datasets_flow/dataset_cropped/09_Metas/01/14/20190901143600_00160.jpg,datasets_cloudmask/dataset_cropped/09_Metas/01/14/20190901143600_00160.png,1006,764.9,373.4,32.9,958
9/1/2019 14:37,datasets/dataset_cropped/09_Metas/01/14/20190901143700_00160.jpg,datasets_flow/dataset_cropped/09_Metas/01/14/20190901143700_00160.jpg,datasets_cloudmask/dataset_cropped/09_Metas/01/14/20190901143700_00160.png,631,326.8,360.8,33.1,958
9/1/2019 14:38,datasets/dataset_cropped/09_Metas/01/14/20190901143800_00160.jpg,datasets_flow/dataset_cropped/09_Metas/01/14/20190901143800_00160.jpg,datasets_cloudmask/dataset_cropped/09_Metas/01/14/20190901143800_00160.png,374.5,31.7,344.3,33,958
9/1/2019 14:39,datasets/dataset_cropped/09_Metas/01/14/20190901143900_00160.jpg,datasets_flow/dataset_cropped/09_Metas/01/14/20190901143900_00160.jpg,datasets_cloudmask/dataset_cropped/09_Metas/01/14/20190901143900_00160.png,332.4,4.2,324.7,32.8,958
9/1/2019 14:40,datasets/dataset_cropped/09_Metas/01/14/20190901144000_00160.jpg,datasets_flow/dataset_cropped/09_Metas/01/14/20190901144000_00160.jpg,datasets_cloudmask/dataset_cropped/09_Metas/01/14/20190901144000_00160.png,315.7,0,311.4,32.4,958
9/1/2019 14:41,datasets/dataset_cropped/09_Metas/01/14/20190901144100_00160.jpg,datasets_flow/dataset_cropped/09_Metas/01/14/20190901144100_00160.jpg,datasets_cloudmask/dataset_cropped/09_Metas/01/14/20190901144100_00160.png,306.3,0,302.1,32.2,958
9/1/2019 14:42,datasets/dataset_cropped/09_Metas/01/14/20190901144200_00160.jpg,datasets_flow/dataset_cropped/09_Metas/01/14/20190901144200_00160.jpg,datasets_cloudmask/dataset_cropped/09_Metas/01/14/20190901144200_00160.png,298.4,0,294.1,32.4,958
9/1/2019 14:43,datasets/dataset_cropped/09_Metas/01/14/20190901144300_00160.jpg,datasets_flow/dataset_cropped/09_Metas/01/14/20190901144300_00160.jpg,datasets_cloudmask/dataset_cropped/09_Metas/01/14/20190901144300_00160.png,293.1,0,289,32.2,958
9/1/2019 14:44,datasets/dataset_cropped/09_Metas/01/14/20190901144400_00160.jpg,datasets_flow/dataset_cropped/09_Metas/01/14/20190901144400_00160.jpg,datasets_cloudmask/dataset_cropped/09_Metas/01/14/20190901144400_00160.png,292.6,0,288.3,31.8,958
9/1/2019 14:45,datasets/dataset_cropped/09_Metas/01/14/20190901144500_00160.jpg,datasets_flow/dataset_cropped/09_Metas/01/14/20190901144500_00160.jpg,datasets_cloudmask/dataset_cropped/09_Metas/01/14/20190901144500_00160.png,293.4,0,288.6,31.6,958
9/1/2019 14:46,datasets/dataset_cropped/09_Metas/01/14/20190901144600_00160.jpg,datasets_flow/dataset_cropped/09_Metas/01/14/20190901144600_00160.jpg,datasets_cloudmask/dataset_cropped/09_Metas/01/14/20190901144600_00160.png,297.2,2.9,287.9,31.6,958
9/1/2019 14:47,datasets/dataset_cropped/09_Metas/01/14/20190901144700_00160.jpg,datasets_flow/dataset_cropped/09_Metas/01/14/20190901144700_00160.jpg,datasets_cloudmask/dataset_cropped/09_Metas/01/14/20190901144700_00160.png,291.1,3,282,31.9,958
9/1/2019 14:48,datasets/dataset_cropped/09_Metas/01/14/20190901144800_00160.jpg,datasets_flow/dataset_cropped/09_Metas/01/14/20190901144800_00160.jpg,datasets_cloudmask/dataset_cropped/09_Metas/01/14/20190901144800_00160.png,274.5,0.3,269,31.9,958
9/1/2019 14:49,datasets/dataset_cropped/09_Metas/01/14/20190901144900_00160.jpg,datasets_flow/dataset_cropped/09_Metas/01/14/20190901144900_00160.jpg,datasets_cloudmask/dataset_cropped/09_Metas/01/14/20190901144900_00160.png,262.7,0,258.7,31.5,958
9/1/2019 14:50,datasets/dataset_cropped/09_Metas/01/14/20190901145000_00160.jpg,datasets_flow/dataset_cropped/09_Metas/01/14/20190901145000_00160.jpg,datasets_cloudmask/dataset_cropped/09_Metas/01/14/20190901145000_00160.png,257.5,0,253.7,31.3,958
9/1/2019 14:51,datasets/dataset_cropped/09_Metas/01/14/20190901145100_00160.jpg,datasets_flow/dataset_cropped/09_Metas/01/14/20190901145100_00160.jpg,datasets_cloudmask/dataset_cropped/09_Metas/01/14/20190901145100_00160.png,255.1,0,251.3,31.5,958
9/1/2019 14:52,datasets/dataset_cropped/09_Metas/01/14/20190901145200_00160.jpg,datasets_flow/dataset_cropped/09_Metas/01/14/20190901145200_00160.jpg,datasets_cloudmask/dataset_cropped/09_Metas/01/14/20190901145200_00160.png,254.6,0,250.8,31.5,958
9/1/2019 14:53,datasets/dataset_cropped/09_Metas/01/14/20190901145300_00160.jpg,datasets_flow/dataset_cropped/09_Metas/01/14/20190901145300_00160.jpg,datasets_cloudmask/dataset_cropped/09_Metas/01/14/20190901145300_00160.png,254.5,0,250.8,31.5,958
9/1/2019 14:54,datasets/dataset_cropped/09_Metas/01/14/20190901145400_00160.jpg,datasets_flow/dataset_cropped/09_Metas/01/14/20190901145400_00160.jpg,datasets_cloudmask/dataset_cropped/09_Metas/01/14/20190901145400_00160.png,253.9,0,250.4,31.6,958
9/1/2019 14:55,datasets/dataset_cropped/09_Metas/01/14/20190901145500_00160.jpg,datasets_flow/dataset_cropped/09_Metas/01/14/20190901145500_00160.jpg,datasets_cloudmask/dataset_cropped/09_Metas/01/14/20190901145500_00160.png,252.5,0,249,31.5,958
9/1/2019 14:56,datasets/dataset_cropped/09_Metas/01/14/20190901145600_00160.jpg,datasets_flow/dataset_cropped/09_Metas/01/14/20190901145600_00160.jpg,datasets_cloudmask/dataset_cropped/09_Metas/01/14/20190901145600_00160.png,250.4,0,246.8,31.4,958
9/1/2019 14:57,datasets/dataset_cropped/09_Metas/01/14/20190901145700_00160.jpg,datasets_flow/dataset_cropped/09_Metas/01/14/20190901145700_00160.jpg,datasets_cloudmask/dataset_cropped/09_Metas/01/14/20190901145700_00160.png,249.4,0,245.9,31.3,958
9/1/2019 14:58,datasets/dataset_cropped/09_Metas/01/14/20190901145800_00160.jpg,datasets_flow/dataset_cropped/09_Metas/01/14/20190901145800_00160.jpg,datasets_cloudmask/dataset_cropped/09_Metas/01/14/20190901145800_00160.png,249.8,0.5,246.5,31.4,958
9/1/2019 14:59,datasets/dataset_cropped/09_Metas/01/14/20190901145900_00160.jpg,datasets_flow/dataset_cropped/09_Metas/01/14/20190901145900_00160.jpg,datasets_cloudmask/dataset_cropped/09_Metas/01/14/20190901145900_00160.png,251.4,0.6,248.4,31.4,958
9/1/2019 15:00,datasets/dataset_cropped/09_Metas/01/15/20190901150000_00160.jpg,datasets_flow/dataset_cropped/09_Metas/01/15/20190901150000_00160.jpg,datasets_cloudmask/dataset_cropped/09_Metas/01/15/20190901150000_00160.png,254.3,0.6,251.5,31.4,958
9/1/2019 15:01,datasets/dataset_cropped/09_Metas/01/15/20190901150100_00160.jpg,datasets_flow/dataset_cropped/09_Metas/01/15/20190901150100_00160.jpg,datasets_cloudmask/dataset_cropped/09_Metas/01/15/20190901150100_00160.png,257.9,0.6,255.2,31.4,958
9/1/2019 15:02,datasets/dataset_cropped/09_Metas/01/15/20190901150200_00160.jpg,datasets_flow/dataset_cropped/09_Metas/01/15/20190901150200_00160.jpg,datasets_cloudmask/dataset_cropped/09_Metas/01/15/20190901150200_00160.png,261.5,0.5,258.8,31.4,958
9/1/2019 15:03,datasets/dataset_cropped/09_Metas/01/15/20190901150300_00160.jpg,datasets_flow/dataset_cropped/09_Metas/01/15/20190901150300_00160.jpg,datasets_cloudmask/dataset_cropped/09_Metas/01/15/20190901150300_00160.png,264.6,0.2,262.1,31.5,958
9/1/2019 15:04,datasets/dataset_cropped/09_Metas/01/15/20190901150400_00160.jpg,datasets_flow/dataset_cropped/09_Metas/01/15/20190901150400_00160.jpg,datasets_cloudmask/dataset_cropped/09_Metas/01/15/20190901150400_00160.png,268.3,0.1,265.6,31.6,958
9/1/2019 15:05,datasets/dataset_cropped/09_Metas/01/15/20190901150500_00160.jpg,datasets_flow/dataset_cropped/09_Metas/01/15/20190901150500_00160.jpg,datasets_cloudmask/dataset_cropped/09_Metas/01/15/20190901150500_00160.png,272.2,0.3,269.5,31.7,958
9/1/2019 15:06,datasets/dataset_cropped/09_Metas/01/15/20190901150600_00160.jpg,datasets_flow/dataset_cropped/09_Metas/01/15/20190901150600_00160.jpg,datasets_cloudmask/dataset_cropped/09_Metas/01/15/20190901150600_00160.png,275.9,0.6,273.2,31.7,958
9/1/2019 15:07,datasets/dataset_cropped/09_Metas/01/15/20190901150700_00160.jpg,datasets_flow/dataset_cropped/09_Metas/01/15/20190901150700_00160.jpg,datasets_cloudmask/dataset_cropped/09_Metas/01/15/20190901150700_00160.png,280.9,0.3,278.2,31.6,958
9/1/2019 15:08,datasets/dataset_cropped/09_Metas/01/15/20190901150800_00160.jpg,datasets_flow/dataset_cropped/09_Metas/01/15/20190901150800_00160.jpg,datasets_cloudmask/dataset_cropped/09_Metas/01/15/20190901150800_00160.png,288,0.2,285.1,31.5,958
9/1/2019 15:09,datasets/dataset_cropped/09_Metas/01/15/20190901150900_00160.jpg,datasets_flow/dataset_cropped/09_Metas/01/15/20190901150900_00160.jpg,datasets_cloudmask/dataset_cropped/09_Metas/01/15/20190901150900_00160.png,297.4,0.8,293.9,31.6,958
9/1/2019 15:10,datasets/dataset_cropped/09_Metas/01/15/20190901151000_00160.jpg,datasets_flow/dataset_cropped/09_Metas/01/15/20190901151000_00160.jpg,datasets_cloudmask/dataset_cropped/09_Metas/01/15/20190901151000_00160.png,311.1,3.1,305.5,31.8,958
9/1/2019 15:11,datasets/dataset_cropped/09_Metas/01/15/20190901151100_00160.jpg,datasets_flow/dataset_cropped/09_Metas/01/15/20190901151100_00160.jpg,datasets_cloudmask/dataset_cropped/09_Metas/01/15/20190901151100_00160.png,323.8,5.6,316.3,31.5,958
9/1/2019 15:12,datasets/dataset_cropped/09_Metas/01/15/20190901151200_00160.jpg,datasets_flow/dataset_cropped/09_Metas/01/15/20190901151200_00160.jpg,datasets_cloudmask/dataset_cropped/09_Metas/01/15/20190901151200_00160.png,329.7,2,325.4,31.5,958
9/1/2019 15:13,datasets/dataset_cropped/09_Metas/01/15/20190901151300_00160.jpg,datasets_flow/dataset_cropped/09_Metas/01/15/20190901151300_00160.jpg,datasets_cloudmask/dataset_cropped/09_Metas/01/15/20190901151300_00160.png,335.3,1.1,331.9,31.5,958
9/1/2019 15:14,datasets/dataset_cropped/09_Metas/01/15/20190901151400_00160.jpg,datasets_flow/dataset_cropped/09_Metas/01/15/20190901151400_00160.jpg,datasets_cloudmask/dataset_cropped/09_Metas/01/15/20190901151400_00160.png,337.1,1.3,333.7,31.4,958
9/1/2019 15:15,datasets/dataset_cropped/09_Metas/01/15/20190901151500_00160.jpg,datasets_flow/dataset_cropped/09_Metas/01/15/20190901151500_00160.jpg,datasets_cloudmask/dataset_cropped/09_Metas/01/15/20190901151500_00160.png,336.6,0.7,333.4,31.2,958
9/1/2019 15:16,datasets/dataset_cropped/09_Metas/01/15/20190901151600_00160.jpg,datasets_flow/dataset_cropped/09_Metas/01/15/20190901151600_00160.jpg,datasets_cloudmask/dataset_cropped/09_Metas/01/15/20190901151600_00160.png,338.5,0.2,335.5,31.3,958
9/1/2019 15:17,datasets/dataset_cropped/09_Metas/01/15/20190901151700_00160.jpg,datasets_flow/dataset_cropped/09_Metas/01/15/20190901151700_00160.jpg,datasets_cloudmask/dataset_cropped/09_Metas/01/15/20190901151700_00160.png,340.1,0,337,31.1,958
9/1/2019 15:18,datasets/dataset_cropped/09_Metas/01/15/20190901151800_00160.jpg,datasets_flow/dataset_cropped/09_Metas/01/15/20190901151800_00160.jpg,datasets_cloudmask/dataset_cropped/09_Metas/01/15/20190901151800_00160.png,343.6,0.1,340.4,31.1,958
9/1/2019 15:19,datasets/dataset_cropped/09_Metas/01/15/20190901151900_00160.jpg,datasets_flow/dataset_cropped/09_Metas/01/15/20190901151900_00160.jpg,datasets_cloudmask/dataset_cropped/09_Metas/01/15/20190901151900_00160.png,351.7,0.3,348.1,31.3,958
9/1/2019 15:20,datasets/dataset_cropped/09_Metas/01/15/20190901152000_00160.jpg,datasets_flow/dataset_cropped/09_Metas/01/15/20190901152000_00160.jpg,datasets_cloudmask/dataset_cropped/09_Metas/01/15/20190901152000_00160.png,365.4,0,361.4,31.4,958
9/1/2019 15:21,datasets/dataset_cropped/09_Metas/01/15/20190901152100_00160.jpg,datasets_flow/dataset_cropped/09_Metas/01/15/20190901152100_00160.jpg,datasets_cloudmask/dataset_cropped/09_Metas/01/15/20190901152100_00160.png,382.2,0,377.6,31.3,958
9/1/2019 15:22,datasets/dataset_cropped/09_Metas/01/15/20190901152200_00160.jpg,datasets_flow/dataset_cropped/09_Metas/01/15/20190901152200_00160.jpg,datasets_cloudmask/dataset_cropped/09_Metas/01/15/20190901152200_00160.png,401,2.4,394,31.2,958
9/1/2019 15:23,datasets/dataset_cropped/09_Metas/01/15/20190901152300_00160.jpg,datasets_flow/dataset_cropped/09_Metas/01/15/20190901152300_00160.jpg,datasets_cloudmask/dataset_cropped/09_Metas/01/15/20190901152300_00160.png,427.7,14.8,411.3,31,958
9/1/2019 15:24,datasets/dataset_cropped/09_Metas/01/15/20190901152400_00160.jpg,datasets_flow/dataset_cropped/09_Metas/01/15/20190901152400_00160.jpg,datasets_cloudmask/dataset_cropped/09_Metas/01/15/20190901152400_00160.png,478.4,62.7,426.9,31.1,958
9/1/2019 15:25,datasets/dataset_cropped/09_Metas/01/15/20190901152500_00160.jpg,datasets_flow/dataset_cropped/09_Metas/01/15/20190901152500_00160.jpg,datasets_cloudmask/dataset_cropped/09_Metas/01/15/20190901152500_00160.png,584.5,198.7,434.9,31.1,958
9/1/2019 15:26,datasets/dataset_cropped/09_Metas/01/15/20190901152600_00160.jpg,datasets_flow/dataset_cropped/09_Metas/01/15/20190901152600_00160.jpg,datasets_cloudmask/dataset_cropped/09_Metas/01/15/20190901152600_00160.png,493.8,69.3,439.1,31.3,958
9/1/2019 15:27,datasets/dataset_cropped/09_Metas/01/15/20190901152700_00160.jpg,datasets_flow/dataset_cropped/09_Metas/01/15/20190901152700_00160.jpg,datasets_cloudmask/dataset_cropped/09_Metas/01/15/20190901152700_00160.png,737.3,381.4,450.9,31.5,958
9/1/2019 15:28,datasets/dataset_cropped/09_Metas/01/15/20190901152800_00160.jpg,datasets_flow/dataset_cropped/09_Metas/01/15/20190901152800_00160.jpg,datasets_cloudmask/dataset_cropped/09_Metas/01/15/20190901152800_00160.png,625.3,217.7,461.9,31.5,958
9/1/2019 15:29,datasets/dataset_cropped/09_Metas/01/15/20190901152900_00160.jpg,datasets_flow/dataset_cropped/09_Metas/01/15/20190901152900_00160.jpg,datasets_cloudmask/dataset_cropped/09_Metas/01/15/20190901152900_00160.png,523,62.4,473.2,31.6,958
9/1/2019 15:30,datasets/dataset_cropped/09_Metas/01/15/20190901153000_00160.jpg,datasets_flow/dataset_cropped/09_Metas/01/15/20190901153000_00160.jpg,datasets_cloudmask/dataset_cropped/09_Metas/01/15/20190901153000_00160.png,638.5,214.5,476.1,31.4,958
9/1/2019 15:31,datasets/dataset_cropped/09_Metas/01/15/20190901153100_00160.jpg,datasets_flow/dataset_cropped/09_Metas/01/15/20190901153100_00160.jpg,datasets_cloudmask/dataset_cropped/09_Metas/01/15/20190901153100_00160.png,695.7,298.3,472.3,31.5,958
9/1/2019 15:32,datasets/dataset_cropped/09_Metas/01/15/20190901153200_00160.jpg,datasets_flow/dataset_cropped/09_Metas/01/15/20190901153200_00160.jpg,datasets_cloudmask/dataset_cropped/09_Metas/01/15/20190901153200_00160.png,896,593.5,457.6,31.3,958
9/1/2019 15:33,datasets/dataset_cropped/09_Metas/01/15/20190901153300_00160.jpg,datasets_flow/dataset_cropped/09_Metas/01/15/20190901153300_00160.jpg,datasets_cloudmask/dataset_cropped/09_Metas/01/15/20190901153300_00160.png,624.6,253.8,435.6,31.3,958
9/1/2019 15:34,datasets/dataset_cropped/09_Metas/01/15/20190901153400_00160.jpg,datasets_flow/dataset_cropped/09_Metas/01/15/20190901153400_00160.jpg,datasets_cloudmask/dataset_cropped/09_Metas/01/15/20190901153400_00160.png,658.3,321.3,421.6,31.6,958
9/1/2019 15:35,datasets/dataset_cropped/09_Metas/01/15/20190901153500_00160.jpg,datasets_flow/dataset_cropped/09_Metas/01/15/20190901153500_00160.jpg,datasets_cloudmask/dataset_cropped/09_Metas/01/15/20190901153500_00160.png,467.5,67.9,415.4,31.7,958
9/1/2019 15:36,datasets/dataset_cropped/09_Metas/01/15/20190901153600_00160.jpg,datasets_flow/dataset_cropped/09_Metas/01/15/20190901153600_00160.jpg,datasets_cloudmask/dataset_cropped/09_Metas/01/15/20190901153600_00160.png,431.5,16.8,415.8,31.4,958
9/1/2019 15:37,datasets/dataset_cropped/09_Metas/01/15/20190901153700_00160.jpg,datasets_flow/dataset_cropped/09_Metas/01/15/20190901153700_00160.jpg,datasets_cloudmask/dataset_cropped/09_Metas/01/15/20190901153700_00160.png,434.3,35.3,405.9,31.2,958
9/1/2019 15:38,datasets/dataset_cropped/09_Metas/01/15/20190901153800_00160.jpg,datasets_flow/dataset_cropped/09_Metas/01/15/20190901153800_00160.jpg,datasets_cloudmask/dataset_cropped/09_Metas/01/15/20190901153800_00160.png,396.6,3.4,391.6,31.4,958
9/1/2019 15:39,datasets/dataset_cropped/09_Metas/01/15/20190901153900_00160.jpg,datasets_flow/dataset_cropped/09_Metas/01/15/20190901153900_00160.jpg,datasets_cloudmask/dataset_cropped/09_Metas/01/15/20190901153900_00160.png,391.9,5.4,384.4,31.3,958
9/1/2019 15:40,datasets/dataset_cropped/09_Metas/01/15/20190901154000_00160.jpg,datasets_flow/dataset_cropped/09_Metas/01/15/20190901154000_00160.jpg,datasets_cloudmask/dataset_cropped/09_Metas/01/15/20190901154000_00160.png,420.4,38.1,387.9,31.1,958
9/1/2019 15:41,datasets/dataset_cropped/09_Metas/01/15/20190901154100_00160.jpg,datasets_flow/dataset_cropped/09_Metas/01/15/20190901154100_00160.jpg,datasets_cloudmask/dataset_cropped/09_Metas/01/15/20190901154100_00160.png,564.3,226,396.4,31,958
9/1/2019 15:42,datasets/dataset_cropped/09_Metas/01/15/20190901154200_00160.jpg,datasets_flow/dataset_cropped/09_Metas/01/15/20190901154200_00160.jpg,datasets_cloudmask/dataset_cropped/09_Metas/01/15/20190901154200_00160.png,655.2,340,407.6,31.1,958
9/1/2019 15:43,datasets/dataset_cropped/09_Metas/01/15/20190901154300_00160.jpg,datasets_flow/dataset_cropped/09_Metas/01/15/20190901154300_00160.jpg,datasets_cloudmask/dataset_cropped/09_Metas/01/15/20190901154300_00160.png,695.1,387.6,416.1,31.3,958
9/1/2019 15:44,datasets/dataset_cropped/09_Metas/01/15/20190901154400_00160.jpg,datasets_flow/dataset_cropped/09_Metas/01/15/20190901154400_00160.jpg,datasets_cloudmask/dataset_cropped/09_Metas/01/15/20190901154400_00160.png,805,540,421.8,31.6,958
9/1/2019 15:45,datasets/dataset_cropped/09_Metas/01/15/20190901154500_00160.jpg,datasets_flow/dataset_cropped/09_Metas/01/15/20190901154500_00160.jpg,datasets_cloudmask/dataset_cropped/09_Metas/01/15/20190901154500_00160.png,858,608.9,428,31.5,958
9/1/2019 15:46,datasets/dataset_cropped/09_Metas/01/15/20190901154600_00160.jpg,datasets_flow/dataset_cropped/09_Metas/01/15/20190901154600_00160.jpg,datasets_cloudmask/dataset_cropped/09_Metas/01/15/20190901154600_00160.png,694.5,378.9,423,31.6,958
9/1/2019 15:47,datasets/dataset_cropped/09_Metas/01/15/20190901154700_00160.jpg,datasets_flow/dataset_cropped/09_Metas/01/15/20190901154700_00160.jpg,datasets_cloudmask/dataset_cropped/09_Metas/01/15/20190901154700_00160.png,654.1,334.3,417.5,31.3,958
9/1/2019 15:48,datasets/dataset_cropped/09_Metas/01/15/20190901154800_00160.jpg,datasets_flow/dataset_cropped/09_Metas/01/15/20190901154800_00160.jpg,datasets_cloudmask/dataset_cropped/09_Metas/01/15/20190901154800_00160.png,528.4,177.2,401.1,31.3,958
9/1/2019 15:49,datasets/dataset_cropped/09_Metas/01/15/20190901154900_00160.jpg,datasets_flow/dataset_cropped/09_Metas/01/15/20190901154900_00160.jpg,datasets_cloudmask/dataset_cropped/09_Metas/01/15/20190901154900_00160.png,577.1,267,386.5,31.2,958
9/1/2019 15:50,datasets/dataset_cropped/09_Metas/01/15/20190901155000_00160.jpg,datasets_flow/dataset_cropped/09_Metas/01/15/20190901155000_00160.jpg,datasets_cloudmask/dataset_cropped/09_Metas/01/15/20190901155000_00160.png,804,602.6,382.6,30.8,958
9/1/2019 15:51,datasets/dataset_cropped/09_Metas/01/15/20190901155100_00160.jpg,datasets_flow/dataset_cropped/09_Metas/01/15/20190901155100_00160.jpg,datasets_cloudmask/dataset_cropped/09_Metas/01/15/20190901155100_00160.png,708.6,465,385.1,30.9,958
9/1/2019 15:52,datasets/dataset_cropped/09_Metas/01/15/20190901155200_00160.jpg,datasets_flow/dataset_cropped/09_Metas/01/15/20190901155200_00160.jpg,datasets_cloudmask/dataset_cropped/09_Metas/01/15/20190901155200_00160.png,554.7,235.2,387.2,31.2,958
9/1/2019 15:53,datasets/dataset_cropped/09_Metas/01/15/20190901155300_00160.jpg,datasets_flow/dataset_cropped/09_Metas/01/15/20190901155300_00160.jpg,datasets_cloudmask/dataset_cropped/09_Metas/01/15/20190901155300_00160.png,464.9,108.6,386.2,31.2,958
9/1/2019 15:54,datasets/dataset_cropped/09_Metas/01/15/20190901155400_00160.jpg,datasets_flow/dataset_cropped/09_Metas/01/15/20190901155400_00160.jpg,datasets_cloudmask/dataset_cropped/09_Metas/01/15/20190901155400_00160.png,496.7,161.3,382.9,30.8,958
9/1/2019 15:55,datasets/dataset_cropped/09_Metas/01/15/20190901155500_00160.jpg,datasets_flow/dataset_cropped/09_Metas/01/15/20190901155500_00160.jpg,datasets_cloudmask/dataset_cropped/09_Metas/01/15/20190901155500_00160.png,521.5,197.5,382.3,30.8,958
9/1/2019 15:56,datasets/dataset_cropped/09_Metas/01/15/20190901155600_00160.jpg,datasets_flow/dataset_cropped/09_Metas/01/15/20190901155600_00160.jpg,datasets_cloudmask/dataset_cropped/09_Metas/01/15/20190901155600_00160.png,412.7,57.9,370,30.8,958
9/1/2019 15:57,datasets/dataset_cropped/09_Metas/01/15/20190901155700_00160.jpg,datasets_flow/dataset_cropped/09_Metas/01/15/20190901155700_00160.jpg,datasets_cloudmask/dataset_cropped/09_Metas/01/15/20190901155700_00160.png,395.5,63.4,350,30.8,958
9/1/2019 15:58,datasets/dataset_cropped/09_Metas/01/15/20190901155800_00160.jpg,datasets_flow/dataset_cropped/09_Metas/01/15/20190901155800_00160.jpg,datasets_cloudmask/dataset_cropped/09_Metas/01/15/20190901155800_00160.png,363.8,47.2,330.2,30.6,958
9/1/2019 15:59,datasets/dataset_cropped/09_Metas/01/15/20190901155900_00160.jpg,datasets_flow/dataset_cropped/09_Metas/01/15/20190901155900_00160.jpg,datasets_cloudmask/dataset_cropped/09_Metas/01/15/20190901155900_00160.png,363.7,59.1,320.3,30.5,958
9/1/2019 16:00,datasets/dataset_cropped/09_Metas/01/16/20190901160000_00160.jpg,datasets_flow/dataset_cropped/09_Metas/01/16/20190901160000_00160.jpg,datasets_cloudmask/dataset_cropped/09_Metas/01/16/20190901160000_00160.png,363.3,49,326.6,30.4,958
9/1/2019 16:01,datasets/dataset_cropped/09_Metas/01/16/20190901160100_00160.jpg,datasets_flow/dataset_cropped/09_Metas/01/16/20190901160100_00160.jpg,datasets_cloudmask/dataset_cropped/09_Metas/01/16/20190901160100_00160.png,351.7,27.1,331.6,30.3,958
9/1/2019 16:02,datasets/dataset_cropped/09_Metas/01/16/20190901160200_00160.jpg,datasets_flow/dataset_cropped/09_Metas/01/16/20190901160200_00160.jpg,datasets_cloudmask/dataset_cropped/09_Metas/01/16/20190901160200_00160.png,332,1.8,328.8,30.6,958
9/1/2019 16:03,datasets/dataset_cropped/09_Metas/01/16/20190901160300_00160.jpg,datasets_flow/dataset_cropped/09_Metas/01/16/20190901160300_00160.jpg,datasets_cloudmask/dataset_cropped/09_Metas/01/16/20190901160300_00160.png,328.6,7.9,321.2,30.6,958
9/1/2019 16:04,datasets/dataset_cropped/09_Metas/01/16/20190901160400_00160.jpg,datasets_flow/dataset_cropped/09_Metas/01/16/20190901160400_00160.jpg,datasets_cloudmask/dataset_cropped/09_Metas/01/16/20190901160400_00160.png,322.7,9.5,315.1,30.4,958
9/1/2019 16:05,datasets/dataset_cropped/09_Metas/01/16/20190901160500_00160.jpg,datasets_flow/dataset_cropped/09_Metas/01/16/20190901160500_00160.jpg,datasets_cloudmask/dataset_cropped/09_Metas/01/16/20190901160500_00160.png,329.2,28.6,308.1,30.2,958
9/1/2019 16:06,datasets/dataset_cropped/09_Metas/01/16/20190901160600_00160.jpg,datasets_flow/dataset_cropped/09_Metas/01/16/20190901160600_00160.jpg,datasets_cloudmask/dataset_cropped/09_Metas/01/16/20190901160600_00160.png,326.8,32.8,303.4,30.1,958
9/1/2019 16:07,datasets/dataset_cropped/09_Metas/01/16/20190901160700_00160.jpg,datasets_flow/dataset_cropped/09_Metas/01/16/20190901160700_00160.jpg,datasets_cloudmask/dataset_cropped/09_Metas/01/16/20190901160700_00160.png,306.9,2.8,303.6,30.1,958
9/1/2019 16:08,datasets/dataset_cropped/09_Metas/01/16/20190901160800_00160.jpg,datasets_flow/dataset_cropped/09_Metas/01/16/20190901160800_00160.jpg,datasets_cloudmask/dataset_cropped/09_Metas/01/16/20190901160800_00160.png,308.9,2.6,305.8,30.1,958
9/1/2019 16:09,datasets/dataset_cropped/09_Metas/01/16/20190901160900_00160.jpg,datasets_flow/dataset_cropped/09_Metas/01/16/20190901160900_00160.jpg,datasets_cloudmask/dataset_cropped/09_Metas/01/16/20190901160900_00160.png,326.3,14,315.5,30.1,958
9/1/2019 16:10,datasets/dataset_cropped/09_Metas/01/16/20190901161000_00160.jpg,datasets_flow/dataset_cropped/09_Metas/01/16/20190901161000_00160.jpg,datasets_cloudmask/dataset_cropped/09_Metas/01/16/20190901161000_00160.png,367.8,54.6,331,30,958
9/1/2019 16:11,datasets/dataset_cropped/09_Metas/01/16/20190901161100_00160.jpg,datasets_flow/dataset_cropped/09_Metas/01/16/20190901161100_00160.jpg,datasets_cloudmask/dataset_cropped/09_Metas/01/16/20190901161100_00160.png,466.1,184.3,346.4,29.8,958
9/1/2019 16:12,datasets/dataset_cropped/09_Metas/01/16/20190901161200_00160.jpg,datasets_flow/dataset_cropped/09_Metas/01/16/20190901161200_00160.jpg,datasets_cloudmask/dataset_cropped/09_Metas/01/16/20190901161200_00160.png,616,403.5,355.7,29.6,958
9/1/2019 16:13,datasets/dataset_cropped/09_Metas/01/16/20190901161300_00160.jpg,datasets_flow/dataset_cropped/09_Metas/01/16/20190901161300_00160.jpg,datasets_cloudmask/dataset_cropped/09_Metas/01/16/20190901161300_00160.png,565.2,324.7,356.4,30,958
9/1/2019 16:14,datasets/dataset_cropped/09_Metas/01/16/20190901161400_00160.jpg,datasets_flow/dataset_cropped/09_Metas/01/16/20190901161400_00160.jpg,datasets_cloudmask/dataset_cropped/09_Metas/01/16/20190901161400_00160.png,524.1,263.8,354.2,30.4,958
9/1/2019 16:15,datasets/dataset_cropped/09_Metas/01/16/20190901161500_00160.jpg,datasets_flow/dataset_cropped/09_Metas/01/16/20190901161500_00160.jpg,datasets_cloudmask/dataset_cropped/09_Metas/01/16/20190901161500_00160.png,447.6,151.4,351.4,30.4,958
9/1/2019 16:16,datasets/dataset_cropped/09_Metas/01/16/20190901161600_00160.jpg,datasets_flow/dataset_cropped/09_Metas/01/16/20190901161600_00160.jpg,datasets_cloudmask/dataset_cropped/09_Metas/01/16/20190901161600_00160.png,506.7,246.3,349.2,30.4,958
9/1/2019 16:17,datasets/dataset_cropped/09_Metas/01/16/20190901161700_00160.jpg,datasets_flow/dataset_cropped/09_Metas/01/16/20190901161700_00160.jpg,datasets_cloudmask/dataset_cropped/09_Metas/01/16/20190901161700_00160.png,608.6,419.8,343.1,30.5,958
9/1/2019 16:18,datasets/dataset_cropped/09_Metas/01/16/20190901161800_00160.jpg,datasets_flow/dataset_cropped/09_Metas/01/16/20190901161800_00160.jpg,datasets_cloudmask/dataset_cropped/09_Metas/01/16/20190901161800_00160.png,425.6,154.5,328.8,30.8,958
9/1/2019 16:19,datasets/dataset_cropped/09_Metas/01/16/20190901161900_00160.jpg,datasets_flow/dataset_cropped/09_Metas/01/16/20190901161900_00160.jpg,datasets_cloudmask/dataset_cropped/09_Metas/01/16/20190901161900_00160.png,323.1,21.2,309,30.9,958
9/1/2019 16:20,datasets/dataset_cropped/09_Metas/01/16/20190901162000_00160.jpg,datasets_flow/dataset_cropped/09_Metas/01/16/20190901162000_00160.jpg,datasets_cloudmask/dataset_cropped/09_Metas/01/16/20190901162000_00160.png,306.5,19.3,293,30.5,958
9/1/2019 16:21,datasets/dataset_cropped/09_Metas/01/16/20190901162100_00160.jpg,datasets_flow/dataset_cropped/09_Metas/01/16/20190901162100_00160.jpg,datasets_cloudmask/dataset_cropped/09_Metas/01/16/20190901162100_00160.png,298.8,17.4,285.6,30.2,958
9/1/2019 16:22,datasets/dataset_cropped/09_Metas/01/16/20190901162200_00160.jpg,datasets_flow/dataset_cropped/09_Metas/01/16/20190901162200_00160.jpg,datasets_cloudmask/dataset_cropped/09_Metas/01/16/20190901162200_00160.png,324.1,50.8,288.4,30,958
9/1/2019 16:23,datasets/dataset_cropped/09_Metas/01/16/20190901162300_00160.jpg,datasets_flow/dataset_cropped/09_Metas/01/16/20190901162300_00160.jpg,datasets_cloudmask/dataset_cropped/09_Metas/01/16/20190901162300_00160.png,439,224.4,296.2,29.7,958
9/1/2019 16:24,datasets/dataset_cropped/09_Metas/01/16/20190901162400_00160.jpg,datasets_flow/dataset_cropped/09_Metas/01/16/20190901162400_00160.jpg,datasets_cloudmask/dataset_cropped/09_Metas/01/16/20190901162400_00160.png,600.2,477.5,304.3,29.6,958
9/1/2019 16:25,datasets/dataset_cropped/09_Metas/01/16/20190901162500_00160.jpg,datasets_flow/dataset_cropped/09_Metas/01/16/20190901162500_00160.jpg,datasets_cloudmask/dataset_cropped/09_Metas/01/16/20190901162500_00160.png,701.4,652.8,302.6,29.9,958
9/1/2019 16:26,datasets/dataset_cropped/09_Metas/01/16/20190901162600_00160.jpg,datasets_flow/dataset_cropped/09_Metas/01/16/20190901162600_00160.jpg,datasets_cloudmask/dataset_cropped/09_Metas/01/16/20190901162600_00160.png,702.2,673.1,293.5,30.3,958
9/1/2019 16:27,datasets/dataset_cropped/09_Metas/01/16/20190901162700_00160.jpg,datasets_flow/dataset_cropped/09_Metas/01/16/20190901162700_00160.jpg,datasets_cloudmask/dataset_cropped/09_Metas/01/16/20190901162700_00160.png,689.9,674.5,282.4,30.6,958
9/1/2019 16:28,datasets/dataset_cropped/09_Metas/01/16/20190901162800_00160.jpg,datasets_flow/dataset_cropped/09_Metas/01/16/20190901162800_00160.jpg,datasets_cloudmask/dataset_cropped/09_Metas/01/16/20190901162800_00160.png,676.5,661.9,278.4,31,958
9/1/2019 16:29,datasets/dataset_cropped/09_Metas/01/16/20190901162900_00160.jpg,datasets_flow/dataset_cropped/09_Metas/01/16/20190901162900_00160.jpg,datasets_cloudmask/dataset_cropped/09_Metas/01/16/20190901162900_00160.png,641.5,596.4,284.7,31.2,958
9/1/2019 16:30,datasets/dataset_cropped/09_Metas/01/16/20190901163000_00160.jpg,datasets_flow/dataset_cropped/09_Metas/01/16/20190901163000_00160.jpg,datasets_cloudmask/dataset_cropped/09_Metas/01/16/20190901163000_00160.png,537.3,407.4,293.9,31.2,958
9/1/2019 16:31,datasets/dataset_cropped/09_Metas/01/16/20190901163100_00160.jpg,datasets_flow/dataset_cropped/09_Metas/01/16/20190901163100_00160.jpg,datasets_cloudmask/dataset_cropped/09_Metas/01/16/20190901163100_00160.png,422.1,216.1,290.4,31.1,958
9/1/2019 16:32,datasets/dataset_cropped/09_Metas/01/16/20190901163200_00160.jpg,datasets_flow/dataset_cropped/09_Metas/01/16/20190901163200_00160.jpg,datasets_cloudmask/dataset_cropped/09_Metas/01/16/20190901163200_00160.png,283.5,13,274.8,30.9,958
9/1/2019 16:33,datasets/dataset_cropped/09_Metas/01/16/20190901163300_00160.jpg,datasets_flow/dataset_cropped/09_Metas/01/16/20190901163300_00160.jpg,datasets_cloudmask/dataset_cropped/09_Metas/01/16/20190901163300_00160.png,267.5,15.9,257.4,30.6,958
9/1/2019 16:34,datasets/dataset_cropped/09_Metas/01/16/20190901163400_00160.jpg,datasets_flow/dataset_cropped/09_Metas/01/16/20190901163400_00160.jpg,datasets_cloudmask/dataset_cropped/09_Metas/01/16/20190901163400_00160.png,331.1,131.2,252.6,30.5,958
9/1/2019 16:35,datasets/dataset_cropped/09_Metas/01/16/20190901163500_00160.jpg,datasets_flow/dataset_cropped/09_Metas/01/16/20190901163500_00160.jpg,datasets_cloudmask/dataset_cropped/09_Metas/01/16/20190901163500_00160.png,379.8,212.6,253.6,30.5,958
9/1/2019 16:36,datasets/dataset_cropped/09_Metas/01/16/20190901163600_00160.jpg,datasets_flow/dataset_cropped/09_Metas/01/16/20190901163600_00160.jpg,datasets_cloudmask/dataset_cropped/09_Metas/01/16/20190901163600_00160.png,331.1,136.8,249.9,30.6,958
9/1/2019 16:37,datasets/dataset_cropped/09_Metas/01/16/20190901163700_00160.jpg,datasets_flow/dataset_cropped/09_Metas/01/16/20190901163700_00160.jpg,datasets_cloudmask/dataset_cropped/09_Metas/01/16/20190901163700_00160.png,247,11.8,238.6,30.6,958
9/1/2019 16:38,datasets/dataset_cropped/09_Metas/01/16/20190901163800_00160.jpg,datasets_flow/dataset_cropped/09_Metas/01/16/20190901163800_00160.jpg,datasets_cloudmask/dataset_cropped/09_Metas/01/16/20190901163800_00160.png,244,13.2,234.7,30.5,958
9/1/2019 16:39,datasets/dataset_cropped/09_Metas/01/16/20190901163900_00160.jpg,datasets_flow/dataset_cropped/09_Metas/01/16/20190901163900_00160.jpg,datasets_cloudmask/dataset_cropped/09_Metas/01/16/20190901163900_00160.png,304.1,100,244.9,30.4,958
9/1/2019 16:40,datasets/dataset_cropped/09_Metas/01/16/20190901164000_00160.jpg,datasets_flow/dataset_cropped/09_Metas/01/16/20190901164000_00160.jpg,datasets_cloudmask/dataset_cropped/09_Metas/01/16/20190901164000_00160.png,386.8,213.2,261.6,30.2,958
9/1/2019 16:41,datasets/dataset_cropped/09_Metas/01/16/20190901164100_00160.jpg,datasets_flow/dataset_cropped/09_Metas/01/16/20190901164100_00160.jpg,datasets_cloudmask/dataset_cropped/09_Metas/01/16/20190901164100_00160.png,424.3,258.1,275.4,30.1,958
9/1/2019 16:42,datasets/dataset_cropped/09_Metas/01/16/20190901164200_00160.jpg,datasets_flow/dataset_cropped/09_Metas/01/16/20190901164200_00160.jpg,datasets_cloudmask/dataset_cropped/09_Metas/01/16/20190901164200_00160.png,474.2,327.7,286.3,30.2,958
9/1/2019 16:43,datasets/dataset_cropped/09_Metas/01/16/20190901164300_00160.jpg,datasets_flow/dataset_cropped/09_Metas/01/16/20190901164300_00160.jpg,datasets_cloudmask/dataset_cropped/09_Metas/01/16/20190901164300_00160.png,356.9,116,290.6,30.3,958
9/1/2019 16:44,datasets/dataset_cropped/09_Metas/01/16/20190901164400_00160.jpg,datasets_flow/dataset_cropped/09_Metas/01/16/20190901164400_00160.jpg,datasets_cloudmask/dataset_cropped/09_Metas/01/16/20190901164400_00160.png,396.3,183.5,292.1,30.3,958
9/1/2019 16:45,datasets/dataset_cropped/09_Metas/01/16/20190901164500_00160.jpg,datasets_flow/dataset_cropped/09_Metas/01/16/20190901164500_00160.jpg,datasets_cloudmask/dataset_cropped/09_Metas/01/16/20190901164500_00160.png,660.3,647.6,299,30.4,958
9/1/2019 16:46,datasets/dataset_cropped/09_Metas/01/16/20190901164600_00160.jpg,datasets_flow/dataset_cropped/09_Metas/01/16/20190901164600_00160.jpg,datasets_cloudmask/dataset_cropped/09_Metas/01/16/20190901164600_00160.png,685.4,693.2,303.1,30.7,958
9/1/2019 16:47,datasets/dataset_cropped/09_Metas/01/16/20190901164700_00160.jpg,datasets_flow/dataset_cropped/09_Metas/01/16/20190901164700_00160.jpg,datasets_cloudmask/dataset_cropped/09_Metas/01/16/20190901164700_00160.png,549.8,448.9,301.4,30.5,958
9/1/2019 16:48,datasets/dataset_cropped/09_Metas/01/16/20190901164800_00160.jpg,datasets_flow/dataset_cropped/09_Metas/01/16/20190901164800_00160.jpg,datasets_cloudmask/dataset_cropped/09_Metas/01/16/20190901164800_00160.png,514.5,399.3,294.3,30.6,958
9/1/2019 16:49,datasets/dataset_cropped/09_Metas/01/16/20190901164900_00160.jpg,datasets_flow/dataset_cropped/09_Metas/01/16/20190901164900_00160.jpg,datasets_cloudmask/dataset_cropped/09_Metas/01/16/20190901164900_00160.png,644.1,654.4,288.2,30.7,958
9/1/2019 16:50,datasets/dataset_cropped/09_Metas/01/16/20190901165000_00160.jpg,datasets_flow/dataset_cropped/09_Metas/01/16/20190901165000_00160.jpg,datasets_cloudmask/dataset_cropped/09_Metas/01/16/20190901165000_00160.png,659.3,700,281.2,30.8,958
9/1/2019 16:51,datasets/dataset_cropped/09_Metas/01/16/20190901165100_00160.jpg,datasets_flow/dataset_cropped/09_Metas/01/16/20190901165100_00160.jpg,datasets_cloudmask/dataset_cropped/09_Metas/01/16/20190901165100_00160.png,657.8,703.8,279.8,30.9,958
9/1/2019 16:52,datasets/dataset_cropped/09_Metas/01/16/20190901165200_00160.jpg,datasets_flow/dataset_cropped/09_Metas/01/16/20190901165200_00160.jpg,datasets_cloudmask/dataset_cropped/09_Metas/01/16/20190901165200_00160.png,654.3,698.9,281,31.3,958
9/1/2019 16:53,datasets/dataset_cropped/09_Metas/01/16/20190901165300_00160.jpg,datasets_flow/dataset_cropped/09_Metas/01/16/20190901165300_00160.jpg,datasets_cloudmask/dataset_cropped/09_Metas/01/16/20190901165300_00160.png,650,695.9,280.1,31.6,958
9/1/2019 16:54,datasets/dataset_cropped/09_Metas/01/16/20190901165400_00160.jpg,datasets_flow/dataset_cropped/09_Metas/01/16/20190901165400_00160.jpg,datasets_cloudmask/dataset_cropped/09_Metas/01/16/20190901165400_00160.png,645.5,695,277.9,31.2,958
9/1/2019 16:55,datasets/dataset_cropped/09_Metas/01/16/20190901165500_00160.jpg,datasets_flow/dataset_cropped/09_Metas/01/16/20190901165500_00160.jpg,datasets_cloudmask/dataset_cropped/09_Metas/01/16/20190901165500_00160.png,635.5,682.9,276,31.1,958
9/1/2019 16:56,datasets/dataset_cropped/09_Metas/01/16/20190901165600_00160.jpg,datasets_flow/dataset_cropped/09_Metas/01/16/20190901165600_00160.jpg,datasets_cloudmask/dataset_cropped/09_Metas/01/16/20190901165600_00160.png,636.2,689.4,275,30.9,958
9/1/2019 16:57,datasets/dataset_cropped/09_Metas/01/16/20190901165700_00160.jpg,datasets_flow/dataset_cropped/09_Metas/01/16/20190901165700_00160.jpg,datasets_cloudmask/dataset_cropped/09_Metas/01/16/20190901165700_00160.png,629.4,692.9,268.5,31,958
9/1/2019 16:58,datasets/dataset_cropped/09_Metas/01/16/20190901165800_00160.jpg,datasets_flow/dataset_cropped/09_Metas/01/16/20190901165800_00160.jpg,datasets_cloudmask/dataset_cropped/09_Metas/01/16/20190901165800_00160.png,617.6,686,262,31.2,958
9/1/2019 16:59,datasets/dataset_cropped/09_Metas/01/16/20190901165900_00160.jpg,datasets_flow/dataset_cropped/09_Metas/01/16/20190901165900_00160.jpg,datasets_cloudmask/dataset_cropped/09_Metas/01/16/20190901165900_00160.png,609.3,679.2,259.1,31.2,958
9/1/2019 17:00,datasets/dataset_cropped/09_Metas/01/17/20190901170000_00160.jpg,datasets_flow/dataset_cropped/09_Metas/01/17/20190901170000_00160.jpg,datasets_cloudmask/dataset_cropped/09_Metas/01/17/20190901170000_00160.png,601.1,671.1,256.9,31.3,958
9/1/2019 17:01,datasets/dataset_cropped/09_Metas/01/17/20190901170100_00160.jpg,datasets_flow/dataset_cropped/09_Metas/01/17/20190901170100_00160.jpg,datasets_cloudmask/dataset_cropped/09_Metas/01/17/20190901170100_00160.png,592.5,662.9,254.7,31.4,958
9/1/2019 17:02,datasets/dataset_cropped/09_Metas/01/17/20190901170200_00160.jpg,datasets_flow/dataset_cropped/09_Metas/01/17/20190901170200_00160.jpg,datasets_cloudmask/dataset_cropped/09_Metas/01/17/20190901170200_00160.png,589.7,666.7,251.7,31.2,958
9/1/2019 17:03,datasets/dataset_cropped/09_Metas/01/17/20190901170300_00160.jpg,datasets_flow/dataset_cropped/09_Metas/01/17/20190901170300_00160.jpg,datasets_cloudmask/dataset_cropped/09_Metas/01/17/20190901170300_00160.png,580.6,667.4,244,31.3,958
9/1/2019 17:04,datasets/dataset_cropped/09_Metas/01/17/20190901170400_00160.jpg,datasets_flow/dataset_cropped/09_Metas/01/17/20190901170400_00160.jpg,datasets_cloudmask/dataset_cropped/09_Metas/01/17/20190901170400_00160.png,569.6,666.4,235.3,31.4,958
9/1/2019 17:05,datasets/dataset_cropped/09_Metas/01/17/20190901170500_00160.jpg,datasets_flow/dataset_cropped/09_Metas/01/17/20190901170500_00160.jpg,datasets_cloudmask/dataset_cropped/09_Metas/01/17/20190901170500_00160.png,557.8,661.2,228,31.2,958
9/1/2019 17:06,datasets/dataset_cropped/09_Metas/01/17/20190901170600_00160.jpg,datasets_flow/dataset_cropped/09_Metas/01/17/20190901170600_00160.jpg,datasets_cloudmask/dataset_cropped/09_Metas/01/17/20190901170600_00160.png,551.2,663.1,222.3,31.1,958
9/1/2019 17:07,datasets/dataset_cropped/09_Metas/01/17/20190901170700_00160.jpg,datasets_flow/dataset_cropped/09_Metas/01/17/20190901170700_00160.jpg,datasets_cloudmask/dataset_cropped/09_Metas/01/17/20190901170700_00160.png,540.8,656.9,217.1,31.2,958
9/1/2019 17:08,datasets/dataset_cropped/09_Metas/01/17/20190901170800_00160.jpg,datasets_flow/dataset_cropped/09_Metas/01/17/20190901170800_00160.jpg,datasets_cloudmask/dataset_cropped/09_Metas/01/17/20190901170800_00160.png,527.8,648.2,210.2,31.6,958
9/1/2019 17:09,datasets/dataset_cropped/09_Metas/01/17/20190901170900_00160.jpg,datasets_flow/dataset_cropped/09_Metas/01/17/20190901170900_00160.jpg,datasets_cloudmask/dataset_cropped/09_Metas/01/17/20190901170900_00160.png,515.2,641.1,202.9,31.4,958
9/1/2019 17:10,datasets/dataset_cropped/09_Metas/01/17/20190901171000_00160.jpg,datasets_flow/dataset_cropped/09_Metas/01/17/20190901171000_00160.jpg,datasets_cloudmask/dataset_cropped/09_Metas/01/17/20190901171000_00160.png,507.3,643.3,196,31.2,958
9/1/2019 17:11,datasets/dataset_cropped/09_Metas/01/17/20190901171100_00160.jpg,datasets_flow/dataset_cropped/09_Metas/01/17/20190901171100_00160.jpg,datasets_cloudmask/dataset_cropped/09_Metas/01/17/20190901171100_00160.png,494.6,643.3,185.5,31.2,958
9/1/2019 17:12,datasets/dataset_cropped/09_Metas/01/17/20190901171200_00160.jpg,datasets_flow/dataset_cropped/09_Metas/01/17/20190901171200_00160.jpg,datasets_cloudmask/dataset_cropped/09_Metas/01/17/20190901171200_00160.png,479,631.5,178.1,31.2,958
9/1/2019 17:13,datasets/dataset_cropped/09_Metas/01/17/20190901171300_00160.jpg,datasets_flow/dataset_cropped/09_Metas/01/17/20190901171300_00160.jpg,datasets_cloudmask/dataset_cropped/09_Metas/01/17/20190901171300_00160.png,304.6,286.3,168.2,31,958
9/1/2019 17:14,datasets/dataset_cropped/09_Metas/01/17/20190901171400_00160.jpg,datasets_flow/dataset_cropped/09_Metas/01/17/20190901171400_00160.jpg,datasets_cloudmask/dataset_cropped/09_Metas/01/17/20190901171400_00160.png,295.4,275.3,164.4,31,958
9/1/2019 17:15,datasets/dataset_cropped/09_Metas/01/17/20190901171500_00160.jpg,datasets_flow/dataset_cropped/09_Metas/01/17/20190901171500_00160.jpg,datasets_cloudmask/dataset_cropped/09_Metas/01/17/20190901171500_00160.png,416.5,537.4,163.4,30.7,958
9/1/2019 17:16,datasets/dataset_cropped/09_Metas/01/17/20190901171600_00160.jpg,datasets_flow/dataset_cropped/09_Metas/01/17/20190901171600_00160.jpg,datasets_cloudmask/dataset_cropped/09_Metas/01/17/20190901171600_00160.png,441.5,606.5,158.2,30.4,958
9/1/2019 17:17,datasets/dataset_cropped/09_Metas/01/17/20190901171700_00160.jpg,datasets_flow/dataset_cropped/09_Metas/01/17/20190901171700_00160.jpg,datasets_cloudmask/dataset_cropped/09_Metas/01/17/20190901171700_00160.png,412.8,569.3,149.3,30.4,958
9/1/2019 17:18,datasets/dataset_cropped/09_Metas/01/17/20190901171800_00160.jpg,datasets_flow/dataset_cropped/09_Metas/01/17/20190901171800_00160.jpg,datasets_cloudmask/dataset_cropped/09_Metas/01/17/20190901171800_00160.png,401.9,559.5,145,30.7,958
9/1/2019 17:19,datasets/dataset_cropped/09_Metas/01/17/20190901171900_00160.jpg,datasets_flow/dataset_cropped/09_Metas/01/17/20190901171900_00160.jpg,datasets_cloudmask/dataset_cropped/09_Metas/01/17/20190901171900_00160.png,327.1,403.9,143.8,31.1,958
9/1/2019 17:20,datasets/dataset_cropped/09_Metas/01/17/20190901172000_00160.jpg,datasets_flow/dataset_cropped/09_Metas/01/17/20190901172000_00160.jpg,datasets_cloudmask/dataset_cropped/09_Metas/01/17/20190901172000_00160.png,412.4,599.3,140.9,31,958
9/1/2019 17:21,datasets/dataset_cropped/09_Metas/01/17/20190901172100_00160.jpg,datasets_flow/dataset_cropped/09_Metas/01/17/20190901172100_00160.jpg,datasets_cloudmask/dataset_cropped/09_Metas/01/17/20190901172100_00160.png,407.4,606.9,134.3,30.9,958
9/1/2019 17:22,datasets/dataset_cropped/09_Metas/01/17/20190901172200_00160.jpg,datasets_flow/dataset_cropped/09_Metas/01/17/20190901172200_00160.jpg,datasets_cloudmask/dataset_cropped/09_Metas/01/17/20190901172200_00160.png,403.4,608.7,131.5,30.8,958
9/1/2019 17:23,datasets/dataset_cropped/09_Metas/01/17/20190901172300_00160.jpg,datasets_flow/dataset_cropped/09_Metas/01/17/20190901172300_00160.jpg,datasets_cloudmask/dataset_cropped/09_Metas/01/17/20190901172300_00160.png,397.6,597.3,132.9,30.8,958
9/1/2019 17:24,datasets/dataset_cropped/09_Metas/01/17/20190901172400_00160.jpg,datasets_flow/dataset_cropped/09_Metas/01/17/20190901172400_00160.jpg,datasets_cloudmask/dataset_cropped/09_Metas/01/17/20190901172400_00160.png,400.9,601.3,136.2,30.7,958
9/1/2019 17:25,datasets/dataset_cropped/09_Metas/01/17/20190901172500_00160.jpg,datasets_flow/dataset_cropped/09_Metas/01/17/20190901172500_00160.jpg,datasets_cloudmask/dataset_cropped/09_Metas/01/17/20190901172500_00160.png,382,564.1,135.7,30.6,958
9/1/2019 17:26,datasets/dataset_cropped/09_Metas/01/17/20190901172600_00160.jpg,datasets_flow/dataset_cropped/09_Metas/01/17/20190901172600_00160.jpg,datasets_cloudmask/dataset_cropped/09_Metas/01/17/20190901172600_00160.png,396.5,612.7,130.6,30.5,958
9/1/2019 17:27,datasets/dataset_cropped/09_Metas/01/17/20190901172700_00160.jpg,datasets_flow/dataset_cropped/09_Metas/01/17/20190901172700_00160.jpg,datasets_cloudmask/dataset_cropped/09_Metas/01/17/20190901172700_00160.png,388.5,609,126.3,30.6,958
9/1/2019 17:28,datasets/dataset_cropped/09_Metas/01/17/20190901172800_00160.jpg,datasets_flow/dataset_cropped/09_Metas/01/17/20190901172800_00160.jpg,datasets_cloudmask/dataset_cropped/09_Metas/01/17/20190901172800_00160.png,383.8,610.5,122.9,30.7,958
9/1/2019 17:29,datasets/dataset_cropped/09_Metas/01/17/20190901172900_00160.jpg,datasets_flow/dataset_cropped/09_Metas/01/17/20190901172900_00160.jpg,datasets_cloudmask/dataset_cropped/09_Metas/01/17/20190901172900_00160.png,376.3,603.6,120.2,30.8,958
9/1/2019 17:30,datasets/dataset_cropped/09_Metas/01/17/20190901173000_00160.jpg,datasets_flow/dataset_cropped/09_Metas/01/17/20190901173000_00160.jpg,datasets_cloudmask/dataset_cropped/09_Metas/01/17/20190901173000_00160.png,368.3,593.6,118.1,30.6,958
9/1/2019 17:31,datasets/dataset_cropped/09_Metas/01/17/20190901173100_00160.jpg,datasets_flow/dataset_cropped/09_Metas/01/17/20190901173100_00160.jpg,datasets_cloudmask/dataset_cropped/09_Metas/01/17/20190901173100_00160.png,366.1,598.6,115.3,30.4,958
9/1/2019 17:32,datasets/dataset_cropped/09_Metas/01/17/20190901173200_00160.jpg,datasets_flow/dataset_cropped/09_Metas/01/17/20190901173200_00160.jpg,datasets_cloudmask/dataset_cropped/09_Metas/01/17/20190901173200_00160.png,365.2,604.8,113.7,30.5,958
9/1/2019 17:33,datasets/dataset_cropped/09_Metas/01/17/20190901173300_00160.jpg,datasets_flow/dataset_cropped/09_Metas/01/17/20190901173300_00160.jpg,datasets_cloudmask/dataset_cropped/09_Metas/01/17/20190901173300_00160.png,361.6,604.2,112.3,30.5,958
9/1/2019 17:34,datasets/dataset_cropped/09_Metas/01/17/20190901173400_00160.jpg,datasets_flow/dataset_cropped/09_Metas/01/17/20190901173400_00160.jpg,datasets_cloudmask/dataset_cropped/09_Metas/01/17/20190901173400_00160.png,357.6,601,111.7,30.4,958
9/1/2019 17:35,datasets/dataset_cropped/09_Metas/01/17/20190901173500_00160.jpg,datasets_flow/dataset_cropped/09_Metas/01/17/20190901173500_00160.jpg,datasets_cloudmask/dataset_cropped/09_Metas/01/17/20190901173500_00160.png,352.4,595.9,110.7,30.3,958
9/1/2019 17:36,datasets/dataset_cropped/09_Metas/01/17/20190901173600_00160.jpg,datasets_flow/dataset_cropped/09_Metas/01/17/20190901173600_00160.jpg,datasets_cloudmask/dataset_cropped/09_Metas/01/17/20190901173600_00160.png,347.4,592.6,109.1,30.7,958
9/1/2019 17:37,datasets/dataset_cropped/09_Metas/01/17/20190901173700_00160.jpg,datasets_flow/dataset_cropped/09_Metas/01/17/20190901173700_00160.jpg,datasets_cloudmask/dataset_cropped/09_Metas/01/17/20190901173700_00160.png,341.5,586.3,107.2,30.8,958
9/1/2019 17:38,datasets/dataset_cropped/09_Metas/01/17/20190901173800_00160.jpg,datasets_flow/dataset_cropped/09_Metas/01/17/20190901173800_00160.jpg,datasets_cloudmask/dataset_cropped/09_Metas/01/17/20190901173800_00160.png,337.1,582.8,105.9,30.5,958
9/1/2019 17:39,datasets/dataset_cropped/09_Metas/01/17/20190901173900_00160.jpg,datasets_flow/dataset_cropped/09_Metas/01/17/20190901173900_00160.jpg,datasets_cloudmask/dataset_cropped/09_Metas/01/17/20190901173900_00160.png,331.8,577.5,104.4,30.3,958
9/1/2019 17:40,datasets/dataset_cropped/09_Metas/01/17/20190901174000_00160.jpg,datasets_flow/dataset_cropped/09_Metas/01/17/20190901174000_00160.jpg,datasets_cloudmask/dataset_cropped/09_Metas/01/17/20190901174000_00160.png,328.4,576.5,103.1,30.2,958
9/1/2019 17:41,datasets/dataset_cropped/09_Metas/01/17/20190901174100_00160.jpg,datasets_flow/dataset_cropped/09_Metas/01/17/20190901174100_00160.jpg,datasets_cloudmask/dataset_cropped/09_Metas/01/17/20190901174100_00160.png,325.6,576,102.2,30.2,958
9/1/2019 17:42,datasets/dataset_cropped/09_Metas/01/17/20190901174200_00160.jpg,datasets_flow/dataset_cropped/09_Metas/01/17/20190901174200_00160.jpg,datasets_cloudmask/dataset_cropped/09_Metas/01/17/20190901174200_00160.png,320.9,570.8,101.5,30.2,958
9/1/2019 17:43,datasets/dataset_cropped/09_Metas/01/17/20190901174300_00160.jpg,datasets_flow/dataset_cropped/09_Metas/01/17/20190901174300_00160.jpg,datasets_cloudmask/dataset_cropped/09_Metas/01/17/20190901174300_00160.png,318,569.4,100.9,30.1,958
9/1/2019 17:44,datasets/dataset_cropped/09_Metas/01/17/20190901174400_00160.jpg,datasets_flow/dataset_cropped/09_Metas/01/17/20190901174400_00160.jpg,datasets_cloudmask/dataset_cropped/09_Metas/01/17/20190901174400_00160.png,316.6,572.3,100.4,30.1,958
9/1/2019 17:45,datasets/dataset_cropped/09_Metas/01/17/20190901174500_00160.jpg,datasets_flow/dataset_cropped/09_Metas/01/17/20190901174500_00160.jpg,datasets_cloudmask/dataset_cropped/09_Metas/01/17/20190901174500_00160.png,313,570.3,99.7,30.2,958
9/1/2019 17:46,datasets/dataset_cropped/09_Metas/01/17/20190901174600_00160.jpg,datasets_flow/dataset_cropped/09_Metas/01/17/20190901174600_00160.jpg,datasets_cloudmask/dataset_cropped/09_Metas/01/17/20190901174600_00160.png,308.4,564.9,98.9,30.4,958
9/1/2019 17:47,datasets/dataset_cropped/09_Metas/01/17/20190901174700_00160.jpg,datasets_flow/dataset_cropped/09_Metas/01/17/20190901174700_00160.jpg,datasets_cloudmask/dataset_cropped/09_Metas/01/17/20190901174700_00160.png,302.9,556.7,98.1,30.4,958
9/1/2019 17:48,datasets/dataset_cropped/09_Metas/01/17/20190901174800_00160.jpg,datasets_flow/dataset_cropped/09_Metas/01/17/20190901174800_00160.jpg,datasets_cloudmask/dataset_cropped/09_Metas/01/17/20190901174800_00160.png,299,552.1,97.5,30.1,958
9/1/2019 17:49,datasets/dataset_cropped/09_Metas/01/17/20190901174900_00160.jpg,datasets_flow/dataset_cropped/09_Metas/01/17/20190901174900_00160.jpg,datasets_cloudmask/dataset_cropped/09_Metas/01/17/20190901174900_00160.png,296.6,551.5,97.1,30.1,958
9/1/2019 17:50,datasets/dataset_cropped/09_Metas/01/17/20190901175000_00160.jpg,datasets_flow/dataset_cropped/09_Metas/01/17/20190901175000_00160.jpg,datasets_cloudmask/dataset_cropped/09_Metas/01/17/20190901175000_00160.png,293.6,549,96.9,30.4,958
9/1/2019 17:51,datasets/dataset_cropped/09_Metas/01/17/20190901175100_00160.jpg,datasets_flow/dataset_cropped/09_Metas/01/17/20190901175100_00160.jpg,datasets_cloudmask/dataset_cropped/09_Metas/01/17/20190901175100_00160.png,289.4,543.8,96.5,30.2,958
9/1/2019 17:52,datasets/dataset_cropped/09_Metas/01/17/20190901175200_00160.jpg,datasets_flow/dataset_cropped/09_Metas/01/17/20190901175200_00160.jpg,datasets_cloudmask/dataset_cropped/09_Metas/01/17/20190901175200_00160.png,286.7,542.8,96,30.2,958
9/1/2019 17:53,datasets/dataset_cropped/09_Metas/01/17/20190901175300_00160.jpg,datasets_flow/dataset_cropped/09_Metas/01/17/20190901175300_00160.jpg,datasets_cloudmask/dataset_cropped/09_Metas/01/17/20190901175300_00160.png,284.7,543.7,95.4,30.4,958
9/1/2019 17:54,datasets/dataset_cropped/09_Metas/01/17/20190901175400_00160.jpg,datasets_flow/dataset_cropped/09_Metas/01/17/20190901175400_00160.jpg,datasets_cloudmask/dataset_cropped/09_Metas/01/17/20190901175400_00160.png,281.1,540.6,94.7,30.5,958
9/1/2019 17:55,datasets/dataset_cropped/09_Metas/01/17/20190901175500_00160.jpg,datasets_flow/dataset_cropped/09_Metas/01/17/20190901175500_00160.jpg,datasets_cloudmask/dataset_cropped/09_Metas/01/17/20190901175500_00160.png,276.6,534.8,93.9,30.5,958
9/1/2019 17:56,datasets/dataset_cropped/09_Metas/01/17/20190901175600_00160.jpg,datasets_flow/dataset_cropped/09_Metas/01/17/20190901175600_00160.jpg,datasets_cloudmask/dataset_cropped/09_Metas/01/17/20190901175600_00160.png,270.8,525.1,93.1,30.1,958
9/1/2019 17:57,datasets/dataset_cropped/09_Metas/01/17/20190901175700_00160.jpg,datasets_flow/dataset_cropped/09_Metas/01/17/20190901175700_00160.jpg,datasets_cloudmask/dataset_cropped/09_Metas/01/17/20190901175700_00160.png,265.6,516.2,92.5,30,958
9/1/2019 17:58,datasets/dataset_cropped/09_Metas/01/17/20190901175800_00160.jpg,datasets_flow/dataset_cropped/09_Metas/01/17/20190901175800_00160.jpg,datasets_cloudmask/dataset_cropped/09_Metas/01/17/20190901175800_00160.png,261.6,509.7,92.4,30.1,958
9/1/2019 17:59,datasets/dataset_cropped/09_Metas/01/17/20190901175900_00160.jpg,datasets_flow/dataset_cropped/09_Metas/01/17/20190901175900_00160.jpg,datasets_cloudmask/dataset_cropped/09_Metas/01/17/20190901175900_00160.png,257.7,503.1,92.2,30.1,958
9/1/2019 18:00,datasets/dataset_cropped/09_Metas/01/18/20190901180000_00160.jpg,datasets_flow/dataset_cropped/09_Metas/01/18/20190901180000_00160.jpg,datasets_cloudmask/dataset_cropped/09_Metas/01/18/20190901180000_00160.png,255.2,500.3,92.1,30.1,958
9/1/2019 18:01,datasets/dataset_cropped/09_Metas/01/18/20190901180100_00160.jpg,datasets_flow/dataset_cropped/09_Metas/01/18/20190901180100_00160.jpg,datasets_cloudmask/dataset_cropped/09_Metas/01/18/20190901180100_00160.png,254.3,501.7,92.3,30.1,958
9/1/2019 18:02,datasets/dataset_cropped/09_Metas/01/18/20190901180200_00160.jpg,datasets_flow/dataset_cropped/09_Metas/01/18/20190901180200_00160.jpg,datasets_cloudmask/dataset_cropped/09_Metas/01/18/20190901180200_00160.png,248.6,488.7,92.5,30.1,958
9/1/2019 18:03,datasets/dataset_cropped/09_Metas/01/18/20190901180300_00160.jpg,datasets_flow/dataset_cropped/09_Metas/01/18/20190901180300_00160.jpg,datasets_cloudmask/dataset_cropped/09_Metas/01/18/20190901180300_00160.png,240.8,468.2,92.9,30,958
9/1/2019 18:04,datasets/dataset_cropped/09_Metas/01/18/20190901180400_00160.jpg,datasets_flow/dataset_cropped/09_Metas/01/18/20190901180400_00160.jpg,datasets_cloudmask/dataset_cropped/09_Metas/01/18/20190901180400_00160.png,235.2,454.5,93.1,29.9,958
9/1/2019 18:05,datasets/dataset_cropped/09_Metas/01/18/20190901180500_00160.jpg,datasets_flow/dataset_cropped/09_Metas/01/18/20190901180500_00160.jpg,datasets_cloudmask/dataset_cropped/09_Metas/01/18/20190901180500_00160.png,234.6,456.4,93.6,29.8,958
9/1/2019 18:06,datasets/dataset_cropped/09_Metas/01/18/20190901180600_00160.jpg,datasets_flow/dataset_cropped/09_Metas/01/18/20190901180600_00160.jpg,datasets_cloudmask/dataset_cropped/09_Metas/01/18/20190901180600_00160.png,235.6,460.3,94.8,29.8,958
9/1/2019 18:07,datasets/dataset_cropped/09_Metas/01/18/20190901180700_00160.jpg,datasets_flow/dataset_cropped/09_Metas/01/18/20190901180700_00160.jpg,datasets_cloudmask/dataset_cropped/09_Metas/01/18/20190901180700_00160.png,239.2,468.8,97.3,29.8,958
9/1/2019 18:08,datasets/dataset_cropped/09_Metas/01/18/20190901180800_00160.jpg,datasets_flow/dataset_cropped/09_Metas/01/18/20190901180800_00160.jpg,datasets_cloudmask/dataset_cropped/09_Metas/01/18/20190901180800_00160.png,241.2,477.6,98.5,29.8,958
9/1/2019 18:09,datasets/dataset_cropped/09_Metas/01/18/20190901180900_00160.jpg,datasets_flow/dataset_cropped/09_Metas/01/18/20190901180900_00160.jpg,datasets_cloudmask/dataset_cropped/09_Metas/01/18/20190901180900_00160.png,240.4,482.4,97.7,29.9,958
9/1/2019 18:10,datasets/dataset_cropped/09_Metas/01/18/20190901181000_00160.jpg,datasets_flow/dataset_cropped/09_Metas/01/18/20190901181000_00160.jpg,datasets_cloudmask/dataset_cropped/09_Metas/01/18/20190901181000_00160.png,237.6,480.4,97.1,30,958
9/1/2019 18:11,datasets/dataset_cropped/09_Metas/01/18/20190901181100_00160.jpg,datasets_flow/dataset_cropped/09_Metas/01/18/20190901181100_00160.jpg,datasets_cloudmask/dataset_cropped/09_Metas/01/18/20190901181100_00160.png,235.3,477.3,97.4,30.1,958
9/1/2019 18:12,datasets/dataset_cropped/09_Metas/01/18/20190901181200_00160.jpg,datasets_flow/dataset_cropped/09_Metas/01/18/20190901181200_00160.jpg,datasets_cloudmask/dataset_cropped/09_Metas/01/18/20190901181200_00160.png,232.3,468.6,98.4,30.1,958
9/1/2019 18:13,datasets/dataset_cropped/09_Metas/01/18/20190901181300_00160.jpg,datasets_flow/dataset_cropped/09_Metas/01/18/20190901181300_00160.jpg,datasets_cloudmask/dataset_cropped/09_Metas/01/18/20190901181300_00160.png,230.2,458.4,100.7,30.1,958
9/1/2019 18:14,datasets/dataset_cropped/09_Metas/01/18/20190901181400_00160.jpg,datasets_flow/dataset_cropped/09_Metas/01/18/20190901181400_00160.jpg,datasets_cloudmask/dataset_cropped/09_Metas/01/18/20190901181400_00160.png,229.9,450.4,104.2,29.9,958
9/1/2019 18:15,datasets/dataset_cropped/09_Metas/01/18/20190901181500_00160.jpg,datasets_flow/dataset_cropped/09_Metas/01/18/20190901181500_00160.jpg,datasets_cloudmask/dataset_cropped/09_Metas/01/18/20190901181500_00160.png,223.9,423.3,107.5,29.6,958
9/1/2019 18:16,datasets/dataset_cropped/09_Metas/01/18/20190901181600_00160.jpg,datasets_flow/dataset_cropped/09_Metas/01/18/20190901181600_00160.jpg,datasets_cloudmask/dataset_cropped/09_Metas/01/18/20190901181600_00160.png,210.2,371.8,109.4,29.6,958
9/1/2019 18:17,datasets/dataset_cropped/09_Metas/01/18/20190901181700_00160.jpg,datasets_flow/dataset_cropped/09_Metas/01/18/20190901181700_00160.jpg,datasets_cloudmask/dataset_cropped/09_Metas/01/18/20190901181700_00160.png,188.8,294.1,110.1,29.8,958
9/1/2019 18:18,datasets/dataset_cropped/09_Metas/01/18/20190901181800_00160.jpg,datasets_flow/dataset_cropped/09_Metas/01/18/20190901181800_00160.jpg,datasets_cloudmask/dataset_cropped/09_Metas/01/18/20190901181800_00160.png,177.6,252.6,110.9,29.7,958
9/1/2019 18:19,datasets/dataset_cropped/09_Metas/01/18/20190901181900_00160.jpg,datasets_flow/dataset_cropped/09_Metas/01/18/20190901181900_00160.jpg,datasets_cloudmask/dataset_cropped/09_Metas/01/18/20190901181900_00160.png,185.9,284.8,111.8,29.6,958
9/1/2019 18:20,datasets/dataset_cropped/09_Metas/01/18/20190901182000_00160.jpg,datasets_flow/dataset_cropped/09_Metas/01/18/20190901182000_00160.jpg,datasets_cloudmask/dataset_cropped/09_Metas/01/18/20190901182000_00160.png,194.6,320.6,111.9,29.5,958
9/1/2019 18:21,datasets/dataset_cropped/09_Metas/01/18/20190901182100_00160.jpg,datasets_flow/dataset_cropped/09_Metas/01/18/20190901182100_00160.jpg,datasets_cloudmask/dataset_cropped/09_Metas/01/18/20190901182100_00160.png,209,385.1,110.9,29.4,958
9/1/2019 18:22,datasets/dataset_cropped/09_Metas/01/18/20190901182200_00160.jpg,datasets_flow/dataset_cropped/09_Metas/01/18/20190901182200_00160.jpg,datasets_cloudmask/dataset_cropped/09_Metas/01/18/20190901182200_00160.png,200.5,365.1,108.7,29.5,958
9/1/2019 18:23,datasets/dataset_cropped/09_Metas/01/18/20190901182300_00160.jpg,datasets_flow/dataset_cropped/09_Metas/01/18/20190901182300_00160.jpg,datasets_cloudmask/dataset_cropped/09_Metas/01/18/20190901182300_00160.png,189.6,332.4,106.9,29.6,958
9/1/2019 18:24,datasets/dataset_cropped/09_Metas/01/18/20190901182400_00160.jpg,datasets_flow/dataset_cropped/09_Metas/01/18/20190901182400_00160.jpg,datasets_cloudmask/dataset_cropped/09_Metas/01/18/20190901182400_00160.png,143.6,156.7,104.8,29.6,958
9/1/2019 18:25,datasets/dataset_cropped/09_Metas/01/18/20190901182500_00160.jpg,datasets_flow/dataset_cropped/09_Metas/01/18/20190901182500_00160.jpg,datasets_cloudmask/dataset_cropped/09_Metas/01/18/20190901182500_00160.png,171.3,282.9,102.6,29.4,958
9/1/2019 18:26,datasets/dataset_cropped/09_Metas/01/18/20190901182600_00160.jpg,datasets_flow/dataset_cropped/09_Metas/01/18/20190901182600_00160.jpg,datasets_cloudmask/dataset_cropped/09_Metas/01/18/20190901182600_00160.png,192.2,387.2,99.7,29.5,958
9/1/2019 18:27,datasets/dataset_cropped/09_Metas/01/18/20190901182700_00160.jpg,datasets_flow/dataset_cropped/09_Metas/01/18/20190901182700_00160.jpg,datasets_cloudmask/dataset_cropped/09_Metas/01/18/20190901182700_00160.png,173.2,330,95.5,29.6,958
9/1/2019 18:28,datasets/dataset_cropped/09_Metas/01/18/20190901182800_00160.jpg,datasets_flow/dataset_cropped/09_Metas/01/18/20190901182800_00160.jpg,datasets_cloudmask/dataset_cropped/09_Metas/01/18/20190901182800_00160.png,165.1,319.9,91,29.6,958
9/1/2019 18:29,datasets/dataset_cropped/09_Metas/01/18/20190901182900_00160.jpg,datasets_flow/dataset_cropped/09_Metas/01/18/20190901182900_00160.jpg,datasets_cloudmask/dataset_cropped/09_Metas/01/18/20190901182900_00160.png,174.4,377,88,29.4,958
9/1/2019 18:30,datasets/dataset_cropped/09_Metas/01/18/20190901183000_00160.jpg,datasets_flow/dataset_cropped/09_Metas/01/18/20190901183000_00160.jpg,datasets_cloudmask/dataset_cropped/09_Metas/01/18/20190901183000_00160.png,170,373.8,85.4,29.2,958
9/1/2019 18:31,datasets/dataset_cropped/09_Metas/01/18/20190901183100_00160.jpg,datasets_flow/dataset_cropped/09_Metas/01/18/20190901183100_00160.jpg,datasets_cloudmask/dataset_cropped/09_Metas/01/18/20190901183100_00160.png,158.2,341.6,82.2,29.2,958
9/1/2019 18:32,datasets/dataset_cropped/09_Metas/01/18/20190901183200_00160.jpg,datasets_flow/dataset_cropped/09_Metas/01/18/20190901183200_00160.jpg,datasets_cloudmask/dataset_cropped/09_Metas/01/18/20190901183200_00160.png,124.7,216,77.1,29.3,958
9/1/2019 18:33,datasets/dataset_cropped/09_Metas/01/18/20190901183300_00160.jpg,datasets_flow/dataset_cropped/09_Metas/01/18/20190901183300_00160.jpg,datasets_cloudmask/dataset_cropped/09_Metas/01/18/20190901183300_00160.png,108.2,168.1,71.6,29.2,958
9/1/2019 18:34,datasets/dataset_cropped/09_Metas/01/18/20190901183400_00160.jpg,datasets_flow/dataset_cropped/09_Metas/01/18/20190901183400_00160.jpg,datasets_cloudmask/dataset_cropped/09_Metas/01/18/20190901183400_00160.png,74.7,35.4,66.8,29.4,958
9/1/2019 18:35,datasets/dataset_cropped/09_Metas/01/18/20190901183500_00160.jpg,datasets_flow/dataset_cropped/09_Metas/01/18/20190901183500_00160.jpg,datasets_cloudmask/dataset_cropped/09_Metas/01/18/20190901183500_00160.png,63.6,3.2,62.7,29.3,958
9/1/2019 18:36,datasets/dataset_cropped/09_Metas/01/18/20190901183600_00160.jpg,datasets_flow/dataset_cropped/09_Metas/01/18/20190901183600_00160.jpg,datasets_cloudmask/dataset_cropped/09_Metas/01/18/20190901183600_00160.png,72.2,58.5,59.9,29.1,958
9/1/2019 18:37,datasets/dataset_cropped/09_Metas/01/18/20190901183700_00160.jpg,datasets_flow/dataset_cropped/09_Metas/01/18/20190901183700_00160.jpg,datasets_cloudmask/dataset_cropped/09_Metas/01/18/20190901183700_00160.png,82.5,115.7,58.5,28.9,958
9/1/2019 18:38,datasets/dataset_cropped/09_Metas/01/18/20190901183800_00160.jpg,datasets_flow/dataset_cropped/09_Metas/01/18/20190901183800_00160.jpg,datasets_cloudmask/dataset_cropped/09_Metas/01/18/20190901183800_00160.png,85.5,135.1,58,28.8,958
9/1/2019 18:39,datasets/dataset_cropped/09_Metas/01/18/20190901183900_00160.jpg,datasets_flow/dataset_cropped/09_Metas/01/18/20190901183900_00160.jpg,datasets_cloudmask/dataset_cropped/09_Metas/01/18/20190901183900_00160.png,102.7,226.6,57.8,28.8,958
9/1/2019 18:40,datasets/dataset_cropped/09_Metas/01/18/20190901184000_00160.jpg,datasets_flow/dataset_cropped/09_Metas/01/18/20190901184000_00160.jpg,datasets_cloudmask/dataset_cropped/09_Metas/01/18/20190901184000_00160.png,85.9,148,56.9,28.9,958
9/1/2019 18:41,datasets/dataset_cropped/09_Metas/01/18/20190901184100_00160.jpg,datasets_flow/dataset_cropped/09_Metas/01/18/20190901184100_00160.jpg,datasets_cloudmask/dataset_cropped/09_Metas/01/18/20190901184100_00160.png,63.9,41.7,55.8,29,958
9/1/2019 18:42,datasets/dataset_cropped/09_Metas/01/18/20190901184200_00160.jpg,datasets_flow/dataset_cropped/09_Metas/01/18/20190901184200_00160.jpg,datasets_cloudmask/dataset_cropped/09_Metas/01/18/20190901184200_00160.png,62.7,43.2,54.4,29.1,958
9/1/2019 18:43,datasets/dataset_cropped/09_Metas/01/18/20190901184300_00160.jpg,datasets_flow/dataset_cropped/09_Metas/01/18/20190901184300_00160.jpg,datasets_cloudmask/dataset_cropped/09_Metas/01/18/20190901184300_00160.png,99,250.1,53.4,29,958
9/1/2019 18:44,datasets/dataset_cropped/09_Metas/01/18/20190901184400_00160.jpg,datasets_flow/dataset_cropped/09_Metas/01/18/20190901184400_00160.jpg,datasets_cloudmask/dataset_cropped/09_Metas/01/18/20190901184400_00160.png,91.4,220.2,52.2,28.8,958
9/1/2019 18:45,datasets/dataset_cropped/09_Metas/01/18/20190901184500_00160.jpg,datasets_flow/dataset_cropped/09_Metas/01/18/20190901184500_00160.jpg,datasets_cloudmask/dataset_cropped/09_Metas/01/18/20190901184500_00160.png,75,138.6,50.9,28.8,958
9/1/2019 18:46,datasets/dataset_cropped/09_Metas/01/18/20190901184600_00160.jpg,datasets_flow/dataset_cropped/09_Metas/01/18/20190901184600_00160.jpg,datasets_cloudmask/dataset_cropped/09_Metas/01/18/20190901184600_00160.png,87.3,216.2,50.3,28.8,958
9/1/2019 18:47,datasets/dataset_cropped/09_Metas/01/18/20190901184700_00160.jpg,datasets_flow/dataset_cropped/09_Metas/01/18/20190901184700_00160.jpg,datasets_cloudmask/dataset_cropped/09_Metas/01/18/20190901184700_00160.png,95.3,270.3,49.7,28.8,958
9/1/2019 18:48,datasets/dataset_cropped/09_Metas/01/18/20190901184800_00160.jpg,datasets_flow/dataset_cropped/09_Metas/01/18/20190901184800_00160.jpg,datasets_cloudmask/dataset_cropped/09_Metas/01/18/20190901184800_00160.png,99,301.3,49.3,28.7,958
9/1/2019 18:49,datasets/dataset_cropped/09_Metas/01/18/20190901184900_00160.jpg,datasets_flow/dataset_cropped/09_Metas/01/18/20190901184900_00160.jpg,datasets_cloudmask/dataset_cropped/09_Metas/01/18/20190901184900_00160.png,97.1,299.1,48.7,28.5,958
9/1/2019 18:50,datasets/dataset_cropped/09_Metas/01/18/20190901185000_00160.jpg,datasets_flow/dataset_cropped/09_Metas/01/18/20190901185000_00160.jpg,datasets_cloudmask/dataset_cropped/09_Metas/01/18/20190901185000_00160.png,95.5,298.1,48.3,28.5,958
9/1/2019 18:51,datasets/dataset_cropped/09_Metas/01/18/20190901185100_00160.jpg,datasets_flow/dataset_cropped/09_Metas/01/18/20190901185100_00160.jpg,datasets_cloudmask/dataset_cropped/09_Metas/01/18/20190901185100_00160.png,92.7,291.9,47.6,28.6,958
9/1/2019 18:52,datasets/dataset_cropped/09_Metas/01/18/20190901185200_00160.jpg,datasets_flow/dataset_cropped/09_Metas/01/18/20190901185200_00160.jpg,datasets_cloudmask/dataset_cropped/09_Metas/01/18/20190901185200_00160.png,89.6,284.2,46.6,28.7,958
9/1/2019 18:53,datasets/dataset_cropped/09_Metas/01/18/20190901185300_00160.jpg,datasets_flow/dataset_cropped/09_Metas/01/18/20190901185300_00160.jpg,datasets_cloudmask/dataset_cropped/09_Metas/01/18/20190901185300_00160.png,86.4,277.1,45.4,28.8,958
9/1/2019 18:54,datasets/dataset_cropped/09_Metas/01/18/20190901185400_00160.jpg,datasets_flow/dataset_cropped/09_Metas/01/18/20190901185400_00160.jpg,datasets_cloudmask/dataset_cropped/09_Metas/01/18/20190901185400_00160.png,83.2,269.4,44.3,28.9,958
9/1/2019 18:55,datasets/dataset_cropped/09_Metas/01/18/20190901185500_00160.jpg,datasets_flow/dataset_cropped/09_Metas/01/18/20190901185500_00160.jpg,datasets_cloudmask/dataset_cropped/09_Metas/01/18/20190901185500_00160.png,80.5,265.3,43.1,28.8,958
9/1/2019 18:56,datasets/dataset_cropped/09_Metas/01/18/20190901185600_00160.jpg,datasets_flow/dataset_cropped/09_Metas/01/18/20190901185600_00160.jpg,datasets_cloudmask/dataset_cropped/09_Metas/01/18/20190901185600_00160.png,77,254.9,41.9,28.6,958
9/1/2019 18:57,datasets/dataset_cropped/09_Metas/01/18/20190901185700_00160.jpg,datasets_flow/dataset_cropped/09_Metas/01/18/20190901185700_00160.jpg,datasets_cloudmask/dataset_cropped/09_Metas/01/18/20190901185700_00160.png,74.2,249.1,40.8,28.4,958
9/1/2019 18:58,datasets/dataset_cropped/09_Metas/01/18/20190901185800_00160.jpg,datasets_flow/dataset_cropped/09_Metas/01/18/20190901185800_00160.jpg,datasets_cloudmask/dataset_cropped/09_Metas/01/18/20190901185800_00160.png,71.2,242.6,39.4,28.4,958
9/1/2019 18:59,datasets/dataset_cropped/09_Metas/01/18/20190901185900_00160.jpg,datasets_flow/dataset_cropped/09_Metas/01/18/20190901185900_00160.jpg,datasets_cloudmask/dataset_cropped/09_Metas/01/18/20190901185900_00160.png,66.5,223.8,37.8,28.4,958
9/1/2019 19:00,datasets/dataset_cropped/09_Metas/01/19/20190901190000_00160.jpg,datasets_flow/dataset_cropped/09_Metas/01/19/20190901190000_00160.jpg,datasets_cloudmask/dataset_cropped/09_Metas/01/19/20190901190000_00160.png,57.7,172.2,36,28.3,958
9/1/2019 19:01,datasets/dataset_cropped/09_Metas/01/19/20190901190100_00160.jpg,datasets_flow/dataset_cropped/09_Metas/01/19/20190901190100_00160.jpg,datasets_cloudmask/dataset_cropped/09_Metas/01/19/20190901190100_00160.png,43.8,79,34,28.3,958
9/1/2019 19:02,datasets/dataset_cropped/09_Metas/01/19/20190901190200_00160.jpg,datasets_flow/dataset_cropped/09_Metas/01/19/20190901190200_00160.jpg,datasets_cloudmask/dataset_cropped/09_Metas/01/19/20190901190200_00160.png,33.6,10.9,32.1,28.1,958
9/1/2019 19:03,datasets/dataset_cropped/09_Metas/01/19/20190901190300_00160.jpg,datasets_flow/dataset_cropped/09_Metas/01/19/20190901190300_00160.jpg,datasets_cloudmask/dataset_cropped/09_Metas/01/19/20190901190300_00160.png,31,2.6,30.5,28,958
9/1/2019 19:04,datasets/dataset_cropped/09_Metas/01/19/20190901190400_00160.jpg,datasets_flow/dataset_cropped/09_Metas/01/19/20190901190400_00160.jpg,datasets_cloudmask/dataset_cropped/09_Metas/01/19/20190901190400_00160.png,29.4,1,29,28,958
9/1/2019 19:05,datasets/dataset_cropped/09_Metas/01/19/20190901190500_00160.jpg,datasets_flow/dataset_cropped/09_Metas/01/19/20190901190500_00160.jpg,datasets_cloudmask/dataset_cropped/09_Metas/01/19/20190901190500_00160.png,27.9,0.3,27.5,27.9,958
9/1/2019 19:06,datasets/dataset_cropped/09_Metas/01/19/20190901190600_00160.jpg,datasets_flow/dataset_cropped/09_Metas/01/19/20190901190600_00160.jpg,datasets_cloudmask/dataset_cropped/09_Metas/01/19/20190901190600_00160.png,26.4,0,26.1,27.9,958
9/1/2019 19:07,datasets/dataset_cropped/09_Metas/01/19/20190901190700_00160.jpg,datasets_flow/dataset_cropped/09_Metas/01/19/20190901190700_00160.jpg,datasets_cloudmask/dataset_cropped/09_Metas/01/19/20190901190700_00160.png,25,0,24.8,27.9,958
9/1/2019 19:08,datasets/dataset_cropped/09_Metas/01/19/20190901190800_00160.jpg,datasets_flow/dataset_cropped/09_Metas/01/19/20190901190800_00160.jpg,datasets_cloudmask/dataset_cropped/09_Metas/01/19/20190901190800_00160.png,23.6,0,23.4,27.8,958
9/1/2019 19:09,datasets/dataset_cropped/09_Metas/01/19/20190901190900_00160.jpg,datasets_flow/dataset_cropped/09_Metas/01/19/20190901190900_00160.jpg,datasets_cloudmask/dataset_cropped/09_Metas/01/19/20190901190900_00160.png,22.1,0,21.9,27.7,958
9/1/2019 19:10,datasets/dataset_cropped/09_Metas/01/19/20190901191000_00160.jpg,datasets_flow/dataset_cropped/09_Metas/01/19/20190901191000_00160.jpg,datasets_cloudmask/dataset_cropped/09_Metas/01/19/20190901191000_00160.png,20.5,0,20.3,27.6,958
9/1/2019 19:11,datasets/dataset_cropped/09_Metas/01/19/20190901191100_00160.jpg,datasets_flow/dataset_cropped/09_Metas/01/19/20190901191100_00160.jpg,datasets_cloudmask/dataset_cropped/09_Metas/01/19/20190901191100_00160.png,19,0,18.8,27.6,958
9/1/2019 19:12,datasets/dataset_cropped/09_Metas/01/19/20190901191200_00160.jpg,datasets_flow/dataset_cropped/09_Metas/01/19/20190901191200_00160.jpg,datasets_cloudmask/dataset_cropped/09_Metas/01/19/20190901191200_00160.png,17.5,0,17.3,27.5,958
9/1/2019 19:13,datasets/dataset_cropped/09_Metas/01/19/20190901191300_00160.jpg,datasets_flow/dataset_cropped/09_Metas/01/19/20190901191300_00160.jpg,datasets_cloudmask/dataset_cropped/09_Metas/01/19/20190901191300_00160.png,16.3,0,16.1,27.4,958
9/1/2019 19:14,datasets/dataset_cropped/09_Metas/01/19/20190901191400_00160.jpg,datasets_flow/dataset_cropped/09_Metas/01/19/20190901191400_00160.jpg,datasets_cloudmask/dataset_cropped/09_Metas/01/19/20190901191400_00160.png,15.2,0,15,27.4,958
9/1/2019 19:15,datasets/dataset_cropped/09_Metas/01/19/20190901191500_00160.jpg,datasets_flow/dataset_cropped/09_Metas/01/19/20190901191500_00160.jpg,datasets_cloudmask/dataset_cropped/09_Metas/01/19/20190901191500_00160.png,14.3,0,14.1,27.4,958
9/1/2019 19:16,datasets/dataset_cropped/09_Metas/01/19/20190901191600_00160.jpg,datasets_flow/dataset_cropped/09_Metas/01/19/20190901191600_00160.jpg,datasets_cloudmask/dataset_cropped/09_Metas/01/19/20190901191600_00160.png,13.5,0,13.3,27.2,958
9/1/2019 19:17,datasets/dataset_cropped/09_Metas/01/19/20190901191700_00160.jpg,datasets_flow/dataset_cropped/09_Metas/01/19/20190901191700_00160.jpg,datasets_cloudmask/dataset_cropped/09_Metas/01/19/20190901191700_00160.png,12.7,0,12.5,27.1,958
9/1/2019 19:18,datasets/dataset_cropped/09_Metas/01/19/20190901191800_00160.jpg,datasets_flow/dataset_cropped/09_Metas/01/19/20190901191800_00160.jpg,datasets_cloudmask/dataset_cropped/09_Metas/01/19/20190901191800_00160.png,11.9,0,11.8,27.1,958
9/1/2019 19:19,datasets/dataset_cropped/09_Metas/01/19/20190901191900_00160.jpg,datasets_flow/dataset_cropped/09_Metas/01/19/20190901191900_00160.jpg,datasets_cloudmask/dataset_cropped/09_Metas/01/19/20190901191900_00160.png,11.2,0,11.1,27.2,958
9/1/2019 19:20,datasets/dataset_cropped/09_Metas/01/19/20190901192000_00160.jpg,datasets_flow/dataset_cropped/09_Metas/01/19/20190901192000_00160.jpg,datasets_cloudmask/dataset_cropped/09_Metas/01/19/20190901192000_00160.png,10.6,0,10.4,27.2,958
9/1/2019 19:21,datasets/dataset_cropped/09_Metas/01/19/20190901192100_00160.jpg,datasets_flow/dataset_cropped/09_Metas/01/19/20190901192100_00160.jpg,datasets_cloudmask/dataset_cropped/09_Metas/01/19/20190901192100_00160.png,9.9,0,9.7,27.1,958
9/1/2019 19:22,datasets/dataset_cropped/09_Metas/01/19/20190901192200_00160.jpg,datasets_flow/dataset_cropped/09_Metas/01/19/20190901192200_00160.jpg,datasets_cloudmask/dataset_cropped/09_Metas/01/19/20190901192200_00160.png,9.2,0,9.1,27.1,958
9/1/2019 19:23,datasets/dataset_cropped/09_Metas/01/19/20190901192300_00160.jpg,datasets_flow/dataset_cropped/09_Metas/01/19/20190901192300_00160.jpg,datasets_cloudmask/dataset_cropped/09_Metas/01/19/20190901192300_00160.png,8.6,0,8.4,27.1,958
9/1/2019 19:24,datasets/dataset_cropped/09_Metas/01/19/20190901192400_00160.jpg,datasets_flow/dataset_cropped/09_Metas/01/19/20190901192400_00160.jpg,datasets_cloudmask/dataset_cropped/09_Metas/01/19/20190901192400_00160.png,8,0,7.8,27,958
9/1/2019 19:25,datasets/dataset_cropped/09_Metas/01/19/20190901192500_00160.jpg,datasets_flow/dataset_cropped/09_Metas/01/19/20190901192500_00160.jpg,datasets_cloudmask/dataset_cropped/09_Metas/01/19/20190901192500_00160.png,7.4,0,7.2,26.9,958
9/1/2019 19:26,datasets/dataset_cropped/09_Metas/01/19/20190901192600_00160.jpg,datasets_flow/dataset_cropped/09_Metas/01/19/20190901192600_00160.jpg,datasets_cloudmask/dataset_cropped/09_Metas/01/19/20190901192600_00160.png,6.8,0,6.6,26.9,958
9/1/2019 19:27,datasets/dataset_cropped/09_Metas/01/19/20190901192700_00160.jpg,datasets_flow/dataset_cropped/09_Metas/01/19/20190901192700_00160.jpg,datasets_cloudmask/dataset_cropped/09_Metas/01/19/20190901192700_00160.png,6.3,0,6,26.8,958
9/1/2019 19:28,datasets/dataset_cropped/09_Metas/01/19/20190901192800_00160.jpg,datasets_flow/dataset_cropped/09_Metas/01/19/20190901192800_00160.jpg,datasets_cloudmask/dataset_cropped/09_Metas/01/19/20190901192800_00160.png,5.8,0,5.5,26.7,958
9/1/2019 19:29,datasets/dataset_cropped/09_Metas/01/19/20190901192900_00160.jpg,datasets_flow/dataset_cropped/09_Metas/01/19/20190901192900_00160.jpg,datasets_cloudmask/dataset_cropped/09_Metas/01/19/20190901192900_00160.png,5.3,0,5,26.6,958
9/1/2019 19:30,datasets/dataset_cropped/09_Metas/01/19/20190901193000_00160.jpg,datasets_flow/dataset_cropped/09_Metas/01/19/20190901193000_00160.jpg,datasets_cloudmask/dataset_cropped/09_Metas/01/19/20190901193000_00160.png,4.8,0,4.4,26.5,958
9/1/2019 19:31,datasets/dataset_cropped/09_Metas/01/19/20190901193100_00160.jpg,datasets_flow/dataset_cropped/09_Metas/01/19/20190901193100_00160.jpg,datasets_cloudmask/dataset_cropped/09_Metas/01/19/20190901193100_00160.png,4.3,0,4,26.4,958
9/1/2019 19:32,datasets/dataset_cropped/09_Metas/01/19/20190901193200_00160.jpg,datasets_flow/dataset_cropped/09_Metas/01/19/20190901193200_00160.jpg,datasets_cloudmask/dataset_cropped/09_Metas/01/19/20190901193200_00160.png,3.9,0,3.6,26.3,958
9/1/2019 19:33,datasets/dataset_cropped/09_Metas/01/19/20190901193300_00160.jpg,datasets_flow/dataset_cropped/09_Metas/01/19/20190901193300_00160.jpg,datasets_cloudmask/dataset_cropped/09_Metas/01/19/20190901193300_00160.png,3.5,0,3.1,26.3,958
9/1/2019 19:34,datasets/dataset_cropped/09_Metas/01/19/20190901193400_00160.jpg,datasets_flow/dataset_cropped/09_Metas/01/19/20190901193400_00160.jpg,datasets_cloudmask/dataset_cropped/09_Metas/01/19/20190901193400_00160.png,3,0,2.7,26.3,958
9/1/2019 19:35,datasets/dataset_cropped/09_Metas/01/19/20190901193500_00160.jpg,datasets_flow/dataset_cropped/09_Metas/01/19/20190901193500_00160.jpg,datasets_cloudmask/dataset_cropped/09_Metas/01/19/20190901193500_00160.png,2.6,0,2.3,26.2,958
9/1/2019 19:36,datasets/dataset_cropped/09_Metas/01/19/20190901193600_00160.jpg,datasets_flow/dataset_cropped/09_Metas/01/19/20190901193600_00160.jpg,datasets_cloudmask/dataset_cropped/09_Metas/01/19/20190901193600_00160.png,2.2,0,1.9,26.1,958
9/1/2019 19:37,datasets/dataset_cropped/09_Metas/01/19/20190901193700_00160.jpg,datasets_flow/dataset_cropped/09_Metas/01/19/20190901193700_00160.jpg,datasets_cloudmask/dataset_cropped/09_Metas/01/19/20190901193700_00160.png,1.8,0,1.4,26,958
9/2/2019 6:42,datasets/dataset_cropped/09_Metas/02/06/20190902064230_00160.jpg,datasets_flow/dataset_cropped/09_Metas/02/06/20190902064230_00160.jpg,datasets_cloudmask/dataset_cropped/09_Metas/02/06/20190902064230_00160.png,2.6,0,2.6,20.9,960
9/2/2019 6:43,datasets/dataset_cropped/09_Metas/02/06/20190902064300_00160.jpg,datasets_flow/dataset_cropped/09_Metas/02/06/20190902064300_00160.jpg,datasets_cloudmask/dataset_cropped/09_Metas/02/06/20190902064300_00160.png,2.6,0,2.6,20.9,960
9/2/2019 6:44,datasets/dataset_cropped/09_Metas/02/06/20190902064400_00160.jpg,datasets_flow/dataset_cropped/09_Metas/02/06/20190902064400_00160.jpg,datasets_cloudmask/dataset_cropped/09_Metas/02/06/20190902064400_00160.png,3,0,3,21,960
9/2/2019 6:45,datasets/dataset_cropped/09_Metas/02/06/20190902064500_00160.jpg,datasets_flow/dataset_cropped/09_Metas/02/06/20190902064500_00160.jpg,datasets_cloudmask/dataset_cropped/09_Metas/02/06/20190902064500_00160.png,3.4,0,3.4,21,960
9/2/2019 6:46,datasets/dataset_cropped/09_Metas/02/06/20190902064600_00160.jpg,datasets_flow/dataset_cropped/09_Metas/02/06/20190902064600_00160.jpg,datasets_cloudmask/dataset_cropped/09_Metas/02/06/20190902064600_00160.png,3.9,0.1,4,21.1,960
9/2/2019 6:47,datasets/dataset_cropped/09_Metas/02/06/20190902064700_00160.jpg,datasets_flow/dataset_cropped/09_Metas/02/06/20190902064700_00160.jpg,datasets_cloudmask/dataset_cropped/09_Metas/02/06/20190902064700_00160.png,4.4,0.2,4.5,21.1,960
9/2/2019 6:48,datasets/dataset_cropped/09_Metas/02/06/20190902064800_00160.jpg,datasets_flow/dataset_cropped/09_Metas/02/06/20190902064800_00160.jpg,datasets_cloudmask/dataset_cropped/09_Metas/02/06/20190902064800_00160.png,5,0.2,5.1,21.1,960
9/2/2019 6:49,datasets/dataset_cropped/09_Metas/02/06/20190902064900_00160.jpg,datasets_flow/dataset_cropped/09_Metas/02/06/20190902064900_00160.jpg,datasets_cloudmask/dataset_cropped/09_Metas/02/06/20190902064900_00160.png,5.6,0.2,5.7,21.1,960
9/2/2019 6:50,datasets/dataset_cropped/09_Metas/02/06/20190902065000_00160.jpg,datasets_flow/dataset_cropped/09_Metas/02/06/20190902065000_00160.jpg,datasets_cloudmask/dataset_cropped/09_Metas/02/06/20190902065000_00160.png,6.3,0.2,6.4,21.1,960
9/2/2019 6:51,datasets/dataset_cropped/09_Metas/02/06/20190902065100_00160.jpg,datasets_flow/dataset_cropped/09_Metas/02/06/20190902065100_00160.jpg,datasets_cloudmask/dataset_cropped/09_Metas/02/06/20190902065100_00160.png,7.1,4.5,7.1,21.2,960
9/2/2019 6:52,datasets/dataset_cropped/09_Metas/02/06/20190902065200_00160.jpg,datasets_flow/dataset_cropped/09_Metas/02/06/20190902065200_00160.jpg,datasets_cloudmask/dataset_cropped/09_Metas/02/06/20190902065200_00160.png,8.1,17.2,7.8,21.2,960
9/2/2019 6:53,datasets/dataset_cropped/09_Metas/02/06/20190902065300_00160.jpg,datasets_flow/dataset_cropped/09_Metas/02/06/20190902065300_00160.jpg,datasets_cloudmask/dataset_cropped/09_Metas/02/06/20190902065300_00160.png,9.3,27.9,8.6,21.2,960
9/2/2019 6:54,datasets/dataset_cropped/09_Metas/02/06/20190902065400_00160.jpg,datasets_flow/dataset_cropped/09_Metas/02/06/20190902065400_00160.jpg,datasets_cloudmask/dataset_cropped/09_Metas/02/06/20190902065400_00160.png,10.2,24.4,9.4,21.3,960
9/2/2019 6:55,datasets/dataset_cropped/09_Metas/02/06/20190902065500_00160.jpg,datasets_flow/dataset_cropped/09_Metas/02/06/20190902065500_00160.jpg,datasets_cloudmask/dataset_cropped/09_Metas/02/06/20190902065500_00160.png,10.3,10,10.1,21.4,960
9/2/2019 6:56,datasets/dataset_cropped/09_Metas/02/06/20190902065600_00160.jpg,datasets_flow/dataset_cropped/09_Metas/02/06/20190902065600_00160.jpg,datasets_cloudmask/dataset_cropped/09_Metas/02/06/20190902065600_00160.png,10.7,0.8,10.8,21.4,960
9/2/2019 6:57,datasets/dataset_cropped/09_Metas/02/06/20190902065700_00160.jpg,datasets_flow/dataset_cropped/09_Metas/02/06/20190902065700_00160.jpg,datasets_cloudmask/dataset_cropped/09_Metas/02/06/20190902065700_00160.png,11.4,0.8,11.6,21.4,960
9/2/2019 6:58,datasets/dataset_cropped/09_Metas/02/06/20190902065800_00160.jpg,datasets_flow/dataset_cropped/09_Metas/02/06/20190902065800_00160.jpg,datasets_cloudmask/dataset_cropped/09_Metas/02/06/20190902065800_00160.png,12.1,1.9,12.2,21.4,960
9/2/2019 6:59,datasets/dataset_cropped/09_Metas/02/06/20190902065900_00160.jpg,datasets_flow/dataset_cropped/09_Metas/02/06/20190902065900_00160.jpg,datasets_cloudmask/dataset_cropped/09_Metas/02/06/20190902065900_00160.png,12.8,1.1,12.9,21.4,960
9/2/2019 7:00,datasets/dataset_cropped/09_Metas/02/07/20190902070000_00160.jpg,datasets_flow/dataset_cropped/09_Metas/02/07/20190902070000_00160.jpg,datasets_cloudmask/dataset_cropped/09_Metas/02/07/20190902070000_00160.png,13.5,0.5,13.6,21.4,960
9/2/2019 7:01,datasets/dataset_cropped/09_Metas/02/07/20190902070100_00160.jpg,datasets_flow/dataset_cropped/09_Metas/02/07/20190902070100_00160.jpg,datasets_cloudmask/dataset_cropped/09_Metas/02/07/20190902070100_00160.png,14.3,0.4,14.4,21.4,960
9/2/2019 7:02,datasets/dataset_cropped/09_Metas/02/07/20190902070200_00160.jpg,datasets_flow/dataset_cropped/09_Metas/02/07/20190902070200_00160.jpg,datasets_cloudmask/dataset_cropped/09_Metas/02/07/20190902070200_00160.png,15.2,0.4,15.2,21.3,960
9/2/2019 7:03,datasets/dataset_cropped/09_Metas/02/07/20190902070300_00160.jpg,datasets_flow/dataset_cropped/09_Metas/02/07/20190902070300_00160.jpg,datasets_cloudmask/dataset_cropped/09_Metas/02/07/20190902070300_00160.png,15.9,0.4,16,21.3,960
9/2/2019 7:04,datasets/dataset_cropped/09_Metas/02/07/20190902070400_00160.jpg,datasets_flow/dataset_cropped/09_Metas/02/07/20190902070400_00160.jpg,datasets_cloudmask/dataset_cropped/09_Metas/02/07/20190902070400_00160.png,16.7,0.4,16.7,21.3,960
9/2/2019 7:05,datasets/dataset_cropped/09_Metas/02/07/20190902070500_00160.jpg,datasets_flow/dataset_cropped/09_Metas/02/07/20190902070500_00160.jpg,datasets_cloudmask/dataset_cropped/09_Metas/02/07/20190902070500_00160.png,17.4,0.3,17.4,21.3,960
9/2/2019 7:06,datasets/dataset_cropped/09_Metas/02/07/20190902070600_00160.jpg,datasets_flow/dataset_cropped/09_Metas/02/07/20190902070600_00160.jpg,datasets_cloudmask/dataset_cropped/09_Metas/02/07/20190902070600_00160.png,18.2,0.2,18.2,21.2,960
9/2/2019 7:07,datasets/dataset_cropped/09_Metas/02/07/20190902070700_00160.jpg,datasets_flow/dataset_cropped/09_Metas/02/07/20190902070700_00160.jpg,datasets_cloudmask/dataset_cropped/09_Metas/02/07/20190902070700_00160.png,19.1,0.1,19.1,21.2,960
9/2/2019 7:08,datasets/dataset_cropped/09_Metas/02/07/20190902070800_00160.jpg,datasets_flow/dataset_cropped/09_Metas/02/07/20190902070800_00160.jpg,datasets_cloudmask/dataset_cropped/09_Metas/02/07/20190902070800_00160.png,19.8,0,19.9,21.1,960
9/2/2019 7:09,datasets/dataset_cropped/09_Metas/02/07/20190902070900_00160.jpg,datasets_flow/dataset_cropped/09_Metas/02/07/20190902070900_00160.jpg,datasets_cloudmask/dataset_cropped/09_Metas/02/07/20190902070900_00160.png,20.7,0,20.6,21.1,960
9/2/2019 7:10,datasets/dataset_cropped/09_Metas/02/07/20190902071000_00160.jpg,datasets_flow/dataset_cropped/09_Metas/02/07/20190902071000_00160.jpg,datasets_cloudmask/dataset_cropped/09_Metas/02/07/20190902071000_00160.png,21.4,0,21.3,21,960
9/2/2019 7:11,datasets/dataset_cropped/09_Metas/02/07/20190902071100_00160.jpg,datasets_flow/dataset_cropped/09_Metas/02/07/20190902071100_00160.jpg,datasets_cloudmask/dataset_cropped/09_Metas/02/07/20190902071100_00160.png,22.1,0,21.9,20.9,960
9/2/2019 7:12,datasets/dataset_cropped/09_Metas/02/07/20190902071200_00160.jpg,datasets_flow/dataset_cropped/09_Metas/02/07/20190902071200_00160.jpg,datasets_cloudmask/dataset_cropped/09_Metas/02/07/20190902071200_00160.png,22.4,0,22.3,20.8,960
9/2/2019 7:13,datasets/dataset_cropped/09_Metas/02/07/20190902071300_00160.jpg,datasets_flow/dataset_cropped/09_Metas/02/07/20190902071300_00160.jpg,datasets_cloudmask/dataset_cropped/09_Metas/02/07/20190902071300_00160.png,21.1,0,20.9,20.8,960
9/2/2019 7:14,datasets/dataset_cropped/09_Metas/02/07/20190902071400_00160.jpg,datasets_flow/dataset_cropped/09_Metas/02/07/20190902071400_00160.jpg,datasets_cloudmask/dataset_cropped/09_Metas/02/07/20190902071400_00160.png,21.5,0,21.4,20.7,960
9/2/2019 7:15,datasets/dataset_cropped/09_Metas/02/07/20190902071500_00160.jpg,datasets_flow/dataset_cropped/09_Metas/02/07/20190902071500_00160.jpg,datasets_cloudmask/dataset_cropped/09_Metas/02/07/20190902071500_00160.png,21.9,0,21.8,20.7,960
9/2/2019 7:16,datasets/dataset_cropped/09_Metas/02/07/20190902071600_00160.jpg,datasets_flow/dataset_cropped/09_Metas/02/07/20190902071600_00160.jpg,datasets_cloudmask/dataset_cropped/09_Metas/02/07/20190902071600_00160.png,21.9,0,21.7,20.6,960
9/2/2019 7:17,datasets/dataset_cropped/09_Metas/02/07/20190902071700_00160.jpg,datasets_flow/dataset_cropped/09_Metas/02/07/20190902071700_00160.jpg,datasets_cloudmask/dataset_cropped/09_Metas/02/07/20190902071700_00160.png,23.1,0,22.9,20.6,960
9/2/2019 7:18,datasets/dataset_cropped/09_Metas/02/07/20190902071800_00160.jpg,datasets_flow/dataset_cropped/09_Metas/02/07/20190902071800_00160.jpg,datasets_cloudmask/dataset_cropped/09_Metas/02/07/20190902071800_00160.png,24.4,0,24.3,20.6,960
9/2/2019 7:19,datasets/dataset_cropped/09_Metas/02/07/20190902071900_00160.jpg,datasets_flow/dataset_cropped/09_Metas/02/07/20190902071900_00160.jpg,datasets_cloudmask/dataset_cropped/09_Metas/02/07/20190902071900_00160.png,25.6,0,25.4,20.6,960
9/2/2019 7:20,datasets/dataset_cropped/09_Metas/02/07/20190902072000_00160.jpg,datasets_flow/dataset_cropped/09_Metas/02/07/20190902072000_00160.jpg,datasets_cloudmask/dataset_cropped/09_Metas/02/07/20190902072000_00160.png,27.3,0,27.2,20.6,960
9/2/2019 7:21,datasets/dataset_cropped/09_Metas/02/07/20190902072100_00160.jpg,datasets_flow/dataset_cropped/09_Metas/02/07/20190902072100_00160.jpg,datasets_cloudmask/dataset_cropped/09_Metas/02/07/20190902072100_00160.png,28,0,27.9,20.6,960
9/2/2019 7:22,datasets/dataset_cropped/09_Metas/02/07/20190902072200_00160.jpg,datasets_flow/dataset_cropped/09_Metas/02/07/20190902072200_00160.jpg,datasets_cloudmask/dataset_cropped/09_Metas/02/07/20190902072200_00160.png,28.6,0,28.5,20.6,961
9/2/2019 7:23,datasets/dataset_cropped/09_Metas/02/07/20190902072300_00160.jpg,datasets_flow/dataset_cropped/09_Metas/02/07/20190902072300_00160.jpg,datasets_cloudmask/dataset_cropped/09_Metas/02/07/20190902072300_00160.png,28.6,0,28.5,20.6,960
9/2/2019 7:24,datasets/dataset_cropped/09_Metas/02/07/20190902072400_00160.jpg,datasets_flow/dataset_cropped/09_Metas/02/07/20190902072400_00160.jpg,datasets_cloudmask/dataset_cropped/09_Metas/02/07/20190902072400_00160.png,29.2,0,29.1,20.6,960
9/2/2019 7:25,datasets/dataset_cropped/09_Metas/02/07/20190902072500_00160.jpg,datasets_flow/dataset_cropped/09_Metas/02/07/20190902072500_00160.jpg,datasets_cloudmask/dataset_cropped/09_Metas/02/07/20190902072500_00160.png,29.6,0,29.6,20.6,961
9/2/2019 7:26,datasets/dataset_cropped/09_Metas/02/07/20190902072600_00160.jpg,datasets_flow/dataset_cropped/09_Metas/02/07/20190902072600_00160.jpg,datasets_cloudmask/dataset_cropped/09_Metas/02/07/20190902072600_00160.png,30.3,0,30.3,20.6,960
9/2/2019 7:27,datasets/dataset_cropped/09_Metas/02/07/20190902072700_00160.jpg,datasets_flow/dataset_cropped/09_Metas/02/07/20190902072700_00160.jpg,datasets_cloudmask/dataset_cropped/09_Metas/02/07/20190902072700_00160.png,32.4,0.2,32.5,20.7,961
9/2/2019 7:28,datasets/dataset_cropped/09_Metas/02/07/20190902072800_00160.jpg,datasets_flow/dataset_cropped/09_Metas/02/07/20190902072800_00160.jpg,datasets_cloudmask/dataset_cropped/09_Metas/02/07/20190902072800_00160.png,33.2,0.2,33.2,20.7,961
9/2/2019 7:29,datasets/dataset_cropped/09_Metas/02/07/20190902072900_00160.jpg,datasets_flow/dataset_cropped/09_Metas/02/07/20190902072900_00160.jpg,datasets_cloudmask/dataset_cropped/09_Metas/02/07/20190902072900_00160.png,34.3,0.3,34.4,20.8,961
9/2/2019 7:30,datasets/dataset_cropped/09_Metas/02/07/20190902073000_00160.jpg,datasets_flow/dataset_cropped/09_Metas/02/07/20190902073000_00160.jpg,datasets_cloudmask/dataset_cropped/09_Metas/02/07/20190902073000_00160.png,36.1,0.5,36.2,20.8,961
9/2/2019 7:31,datasets/dataset_cropped/09_Metas/02/07/20190902073100_00160.jpg,datasets_flow/dataset_cropped/09_Metas/02/07/20190902073100_00160.jpg,datasets_cloudmask/dataset_cropped/09_Metas/02/07/20190902073100_00160.png,37.2,0.4,37.3,20.8,961
9/2/2019 7:32,datasets/dataset_cropped/09_Metas/02/07/20190902073200_00160.jpg,datasets_flow/dataset_cropped/09_Metas/02/07/20190902073200_00160.jpg,datasets_cloudmask/dataset_cropped/09_Metas/02/07/20190902073200_00160.png,38.1,0.4,38.2,20.9,961
9/2/2019 7:33,datasets/dataset_cropped/09_Metas/02/07/20190902073300_00160.jpg,datasets_flow/dataset_cropped/09_Metas/02/07/20190902073300_00160.jpg,datasets_cloudmask/dataset_cropped/09_Metas/02/07/20190902073300_00160.png,39,0.4,39.2,20.9,961
9/2/2019 7:34,datasets/dataset_cropped/09_Metas/02/07/20190902073400_00160.jpg,datasets_flow/dataset_cropped/09_Metas/02/07/20190902073400_00160.jpg,datasets_cloudmask/dataset_cropped/09_Metas/02/07/20190902073400_00160.png,39.7,0.5,39.8,20.9,961
9/2/2019 7:35,datasets/dataset_cropped/09_Metas/02/07/20190902073500_00160.jpg,datasets_flow/dataset_cropped/09_Metas/02/07/20190902073500_00160.jpg,datasets_cloudmask/dataset_cropped/09_Metas/02/07/20190902073500_00160.png,40.7,0.6,40.8,20.9,961
9/2/2019 7:36,datasets/dataset_cropped/09_Metas/02/07/20190902073600_00160.jpg,datasets_flow/dataset_cropped/09_Metas/02/07/20190902073600_00160.jpg,datasets_cloudmask/dataset_cropped/09_Metas/02/07/20190902073600_00160.png,41.6,0.6,41.7,20.9,961
9/2/2019 7:37,datasets/dataset_cropped/09_Metas/02/07/20190902073700_00160.jpg,datasets_flow/dataset_cropped/09_Metas/02/07/20190902073700_00160.jpg,datasets_cloudmask/dataset_cropped/09_Metas/02/07/20190902073700_00160.png,42.6,0.7,42.7,20.9,961
9/2/2019 7:38,datasets/dataset_cropped/09_Metas/02/07/20190902073800_00160.jpg,datasets_flow/dataset_cropped/09_Metas/02/07/20190902073800_00160.jpg,datasets_cloudmask/dataset_cropped/09_Metas/02/07/20190902073800_00160.png,43.9,0.6,44,20.9,961
9/2/2019 7:39,datasets/dataset_cropped/09_Metas/02/07/20190902073900_00160.jpg,datasets_flow/dataset_cropped/09_Metas/02/07/20190902073900_00160.jpg,datasets_cloudmask/dataset_cropped/09_Metas/02/07/20190902073900_00160.png,44.9,0.6,45,20.9,961
9/2/2019 7:40,datasets/dataset_cropped/09_Metas/02/07/20190902074000_00160.jpg,datasets_flow/dataset_cropped/09_Metas/02/07/20190902074000_00160.jpg,datasets_cloudmask/dataset_cropped/09_Metas/02/07/20190902074000_00160.png,46.2,0.6,46.3,20.9,961
9/2/2019 7:41,datasets/dataset_cropped/09_Metas/02/07/20190902074100_00160.jpg,datasets_flow/dataset_cropped/09_Metas/02/07/20190902074100_00160.jpg,datasets_cloudmask/dataset_cropped/09_Metas/02/07/20190902074100_00160.png,47.4,0.8,47.5,21,961
9/2/2019 7:42,datasets/dataset_cropped/09_Metas/02/07/20190902074200_00160.jpg,datasets_flow/dataset_cropped/09_Metas/02/07/20190902074200_00160.jpg,datasets_cloudmask/dataset_cropped/09_Metas/02/07/20190902074200_00160.png,48.6,1,48.7,21,961
9/2/2019 7:43,datasets/dataset_cropped/09_Metas/02/07/20190902074300_00160.jpg,datasets_flow/dataset_cropped/09_Metas/02/07/20190902074300_00160.jpg,datasets_cloudmask/dataset_cropped/09_Metas/02/07/20190902074300_00160.png,49.9,1.2,49.9,21,961
9/2/2019 7:44,datasets/dataset_cropped/09_Metas/02/07/20190902074400_00160.jpg,datasets_flow/dataset_cropped/09_Metas/02/07/20190902074400_00160.jpg,datasets_cloudmask/dataset_cropped/09_Metas/02/07/20190902074400_00160.png,51,1.6,51,21,961
9/2/2019 7:45,datasets/dataset_cropped/09_Metas/02/07/20190902074500_00160.jpg,datasets_flow/dataset_cropped/09_Metas/02/07/20190902074500_00160.jpg,datasets_cloudmask/dataset_cropped/09_Metas/02/07/20190902074500_00160.png,52.2,1.4,52.1,21,961
9/2/2019 7:46,datasets/dataset_cropped/09_Metas/02/07/20190902074600_00160.jpg,datasets_flow/dataset_cropped/09_Metas/02/07/20190902074600_00160.jpg,datasets_cloudmask/dataset_cropped/09_Metas/02/07/20190902074600_00160.png,53.5,1.5,53.4,21.1,961
9/2/2019 7:47,datasets/dataset_cropped/09_Metas/02/07/20190902074700_00160.jpg,datasets_flow/dataset_cropped/09_Metas/02/07/20190902074700_00160.jpg,datasets_cloudmask/dataset_cropped/09_Metas/02/07/20190902074700_00160.png,55.2,1.9,55,21.1,961
9/2/2019 7:48,datasets/dataset_cropped/09_Metas/02/07/20190902074800_00160.jpg,datasets_flow/dataset_cropped/09_Metas/02/07/20190902074800_00160.jpg,datasets_cloudmask/dataset_cropped/09_Metas/02/07/20190902074800_00160.png,57.6,2.4,57.4,21.1,961
9/2/2019 7:49,datasets/dataset_cropped/09_Metas/02/07/20190902074900_00160.jpg,datasets_flow/dataset_cropped/09_Metas/02/07/20190902074900_00160.jpg,datasets_cloudmask/dataset_cropped/09_Metas/02/07/20190902074900_00160.png,76.3,61.9,63.2,21.1,961
9/2/2019 7:50,datasets/dataset_cropped/09_Metas/02/07/20190902075000_00160.jpg,datasets_flow/dataset_cropped/09_Metas/02/07/20190902075000_00160.jpg,datasets_cloudmask/dataset_cropped/09_Metas/02/07/20190902075000_00160.png,119.5,228.9,70,21.2,961
9/2/2019 7:51,datasets/dataset_cropped/09_Metas/02/07/20190902075100_00160.jpg,datasets_flow/dataset_cropped/09_Metas/02/07/20190902075100_00160.jpg,datasets_cloudmask/dataset_cropped/09_Metas/02/07/20190902075100_00160.png,138.9,298.4,73.4,21.2,961
9/2/2019 7:52,datasets/dataset_cropped/09_Metas/02/07/20190902075200_00160.jpg,datasets_flow/dataset_cropped/09_Metas/02/07/20190902075200_00160.jpg,datasets_cloudmask/dataset_cropped/09_Metas/02/07/20190902075200_00160.png,148.4,327.8,75.3,21.3,961
9/2/2019 7:53,datasets/dataset_cropped/09_Metas/02/07/20190902075300_00160.jpg,datasets_flow/dataset_cropped/09_Metas/02/07/20190902075300_00160.jpg,datasets_cloudmask/dataset_cropped/09_Metas/02/07/20190902075300_00160.png,151.2,328.9,76.5,21.4,961
9/2/2019 7:54,datasets/dataset_cropped/09_Metas/02/07/20190902075400_00160.jpg,datasets_flow/dataset_cropped/09_Metas/02/07/20190902075400_00160.jpg,datasets_cloudmask/dataset_cropped/09_Metas/02/07/20190902075400_00160.png,157.9,346.9,77.8,21.5,961
9/2/2019 7:55,datasets/dataset_cropped/09_Metas/02/07/20190902075500_00160.jpg,datasets_flow/dataset_cropped/09_Metas/02/07/20190902075500_00160.jpg,datasets_cloudmask/dataset_cropped/09_Metas/02/07/20190902075500_00160.png,161.8,353.7,78.9,21.6,961
9/2/2019 7:56,datasets/dataset_cropped/09_Metas/02/07/20190902075600_00160.jpg,datasets_flow/dataset_cropped/09_Metas/02/07/20190902075600_00160.jpg,datasets_cloudmask/dataset_cropped/09_Metas/02/07/20190902075600_00160.png,164.1,356.9,79.2,21.7,961
9/2/2019 7:57,datasets/dataset_cropped/09_Metas/02/07/20190902075700_00160.jpg,datasets_flow/dataset_cropped/09_Metas/02/07/20190902075700_00160.jpg,datasets_cloudmask/dataset_cropped/09_Metas/02/07/20190902075700_00160.png,168.3,367.6,79.5,21.8,961
9/2/2019 7:58,datasets/dataset_cropped/09_Metas/02/07/20190902075800_00160.jpg,datasets_flow/dataset_cropped/09_Metas/02/07/20190902075800_00160.jpg,datasets_cloudmask/dataset_cropped/09_Metas/02/07/20190902075800_00160.png,171.3,372.9,79.8,21.9,961
9/2/2019 7:59,datasets/dataset_cropped/09_Metas/02/07/20190902075900_00160.jpg,datasets_flow/dataset_cropped/09_Metas/02/07/20190902075900_00160.jpg,datasets_cloudmask/dataset_cropped/09_Metas/02/07/20190902075900_00160.png,175.9,383.2,80.3,21.9,961
9/2/2019 8:00,datasets/dataset_cropped/09_Metas/02/08/20190902080000_00160.jpg,datasets_flow/dataset_cropped/09_Metas/02/08/20190902080000_00160.jpg,datasets_cloudmask/dataset_cropped/09_Metas/02/08/20190902080000_00160.png,180.2,392.5,80.8,21.9,961
9/2/2019 8:01,datasets/dataset_cropped/09_Metas/02/08/20190902080100_00160.jpg,datasets_flow/dataset_cropped/09_Metas/02/08/20190902080100_00160.jpg,datasets_cloudmask/dataset_cropped/09_Metas/02/08/20190902080100_00160.png,183,394.6,81.5,22,961
9/2/2019 8:02,datasets/dataset_cropped/09_Metas/02/08/20190902080200_00160.jpg,datasets_flow/dataset_cropped/09_Metas/02/08/20190902080200_00160.jpg,datasets_cloudmask/dataset_cropped/09_Metas/02/08/20190902080200_00160.png,188.1,405.4,82.4,22.1,961
9/2/2019 8:03,datasets/dataset_cropped/09_Metas/02/08/20190902080300_00160.jpg,datasets_flow/dataset_cropped/09_Metas/02/08/20190902080300_00160.jpg,datasets_cloudmask/dataset_cropped/09_Metas/02/08/20190902080300_00160.png,190.9,407.8,83.1,22.2,961
9/2/2019 8:04,datasets/dataset_cropped/09_Metas/02/08/20190902080400_00160.jpg,datasets_flow/dataset_cropped/09_Metas/02/08/20190902080400_00160.jpg,datasets_cloudmask/dataset_cropped/09_Metas/02/08/20190902080400_00160.png,195.1,415.2,83.9,22.3,961
9/2/2019 8:05,datasets/dataset_cropped/09_Metas/02/08/20190902080500_00160.jpg,datasets_flow/dataset_cropped/09_Metas/02/08/20190902080500_00160.jpg,datasets_cloudmask/dataset_cropped/09_Metas/02/08/20190902080500_00160.png,198.5,419.6,84.6,22.4,961
9/2/2019 8:06,datasets/dataset_cropped/09_Metas/02/08/20190902080600_00160.jpg,datasets_flow/dataset_cropped/09_Metas/02/08/20190902080600_00160.jpg,datasets_cloudmask/dataset_cropped/09_Metas/02/08/20190902080600_00160.png,201,420.4,85.3,22.4,961
9/2/2019 8:07,datasets/dataset_cropped/09_Metas/02/08/20190902080700_00160.jpg,datasets_flow/dataset_cropped/09_Metas/02/08/20190902080700_00160.jpg,datasets_cloudmask/dataset_cropped/09_Metas/02/08/20190902080700_00160.png,204.4,423.7,86.2,22.5,961
9/2/2019 8:08,datasets/dataset_cropped/09_Metas/02/08/20190902080800_00160.jpg,datasets_flow/dataset_cropped/09_Metas/02/08/20190902080800_00160.jpg,datasets_cloudmask/dataset_cropped/09_Metas/02/08/20190902080800_00160.png,209.1,432.7,86.8,22.5,961
9/2/2019 8:09,datasets/dataset_cropped/09_Metas/02/08/20190902080900_00160.jpg,datasets_flow/dataset_cropped/09_Metas/02/08/20190902080900_00160.jpg,datasets_cloudmask/dataset_cropped/09_Metas/02/08/20190902080900_00160.png,212.1,435.5,87.4,22.6,961
9/2/2019 8:10,datasets/dataset_cropped/09_Metas/02/08/20190902081000_00160.jpg,datasets_flow/dataset_cropped/09_Metas/02/08/20190902081000_00160.jpg,datasets_cloudmask/dataset_cropped/09_Metas/02/08/20190902081000_00160.png,214.5,437.9,87.7,22.6,961
9/2/2019 8:11,datasets/dataset_cropped/09_Metas/02/08/20190902081100_00160.jpg,datasets_flow/dataset_cropped/09_Metas/02/08/20190902081100_00160.jpg,datasets_cloudmask/dataset_cropped/09_Metas/02/08/20190902081100_00160.png,219.6,448.5,88,22.6,961
9/2/2019 8:12,datasets/dataset_cropped/09_Metas/02/08/20190902081200_00160.jpg,datasets_flow/dataset_cropped/09_Metas/02/08/20190902081200_00160.jpg,datasets_cloudmask/dataset_cropped/09_Metas/02/08/20190902081200_00160.png,222.5,452.2,88.2,22.7,961
9/2/2019 8:13,datasets/dataset_cropped/09_Metas/02/08/20190902081300_00160.jpg,datasets_flow/dataset_cropped/09_Metas/02/08/20190902081300_00160.jpg,datasets_cloudmask/dataset_cropped/09_Metas/02/08/20190902081300_00160.png,227.3,460.6,88.9,22.8,961
9/2/2019 8:14,datasets/dataset_cropped/09_Metas/02/08/20190902081400_00160.jpg,datasets_flow/dataset_cropped/09_Metas/02/08/20190902081400_00160.jpg,datasets_cloudmask/dataset_cropped/09_Metas/02/08/20190902081400_00160.png,231.5,469.2,88.9,22.8,961
9/2/2019 8:15,datasets/dataset_cropped/09_Metas/02/08/20190902081500_00160.jpg,datasets_flow/dataset_cropped/09_Metas/02/08/20190902081500_00160.jpg,datasets_cloudmask/dataset_cropped/09_Metas/02/08/20190902081500_00160.png,233.6,469.8,89.2,22.9,961
9/2/2019 8:16,datasets/dataset_cropped/09_Metas/02/08/20190902081600_00160.jpg,datasets_flow/dataset_cropped/09_Metas/02/08/20190902081600_00160.jpg,datasets_cloudmask/dataset_cropped/09_Metas/02/08/20190902081600_00160.png,235.4,470.2,89.3,22.9,961
9/2/2019 8:17,datasets/dataset_cropped/09_Metas/02/08/20190902081700_00160.jpg,datasets_flow/dataset_cropped/09_Metas/02/08/20190902081700_00160.jpg,datasets_cloudmask/dataset_cropped/09_Metas/02/08/20190902081700_00160.png,240.3,476.1,90.7,22.9,961
9/2/2019 8:18,datasets/dataset_cropped/09_Metas/02/08/20190902081800_00160.jpg,datasets_flow/dataset_cropped/09_Metas/02/08/20190902081800_00160.jpg,datasets_cloudmask/dataset_cropped/09_Metas/02/08/20190902081800_00160.png,246.5,488.8,91.2,22.9,961
9/2/2019 8:19,datasets/dataset_cropped/09_Metas/02/08/20190902081900_00160.jpg,datasets_flow/dataset_cropped/09_Metas/02/08/20190902081900_00160.jpg,datasets_cloudmask/dataset_cropped/09_Metas/02/08/20190902081900_00160.png,249.6,491.5,91.7,22.9,961
9/2/2019 8:20,datasets/dataset_cropped/09_Metas/02/08/20190902082000_00160.jpg,datasets_flow/dataset_cropped/09_Metas/02/08/20190902082000_00160.jpg,datasets_cloudmask/dataset_cropped/09_Metas/02/08/20190902082000_00160.png,252.1,491.4,92.5,22.9,961
9/2/2019 8:21,datasets/dataset_cropped/09_Metas/02/08/20190902082100_00160.jpg,datasets_flow/dataset_cropped/09_Metas/02/08/20190902082100_00160.jpg,datasets_cloudmask/dataset_cropped/09_Metas/02/08/20190902082100_00160.png,256.4,497.6,93.2,23,961
9/2/2019 8:22,datasets/dataset_cropped/09_Metas/02/08/20190902082200_00160.jpg,datasets_flow/dataset_cropped/09_Metas/02/08/20190902082200_00160.jpg,datasets_cloudmask/dataset_cropped/09_Metas/02/08/20190902082200_00160.png,259.6,501.2,93.6,23,961
9/2/2019 8:23,datasets/dataset_cropped/09_Metas/02/08/20190902082300_00160.jpg,datasets_flow/dataset_cropped/09_Metas/02/08/20190902082300_00160.jpg,datasets_cloudmask/dataset_cropped/09_Metas/02/08/20190902082300_00160.png,263.8,507.5,94,23,961
9/2/2019 8:24,datasets/dataset_cropped/09_Metas/02/08/20190902082400_00160.jpg,datasets_flow/dataset_cropped/09_Metas/02/08/20190902082400_00160.jpg,datasets_cloudmask/dataset_cropped/09_Metas/02/08/20190902082400_00160.png,267.9,512.1,95,23.1,961
9/2/2019 8:25,datasets/dataset_cropped/09_Metas/02/08/20190902082500_00160.jpg,datasets_flow/dataset_cropped/09_Metas/02/08/20190902082500_00160.jpg,datasets_cloudmask/dataset_cropped/09_Metas/02/08/20190902082500_00160.png,271,514.6,95.5,23.1,961
9/2/2019 8:26,datasets/dataset_cropped/09_Metas/02/08/20190902082600_00160.jpg,datasets_flow/dataset_cropped/09_Metas/02/08/20190902082600_00160.jpg,datasets_cloudmask/dataset_cropped/09_Metas/02/08/20190902082600_00160.png,275.5,520.5,96.3,23.2,961
9/2/2019 8:27,datasets/dataset_cropped/09_Metas/02/08/20190902082700_00160.jpg,datasets_flow/dataset_cropped/09_Metas/02/08/20190902082700_00160.jpg,datasets_cloudmask/dataset_cropped/09_Metas/02/08/20190902082700_00160.png,281.5,532,96.6,23.3,961
9/2/2019 8:28,datasets/dataset_cropped/09_Metas/02/08/20190902082800_00160.jpg,datasets_flow/dataset_cropped/09_Metas/02/08/20190902082800_00160.jpg,datasets_cloudmask/dataset_cropped/09_Metas/02/08/20190902082800_00160.png,284,535.2,96.3,23.3,961
9/2/2019 8:29,datasets/dataset_cropped/09_Metas/02/08/20190902082900_00160.jpg,datasets_flow/dataset_cropped/09_Metas/02/08/20190902082900_00160.jpg,datasets_cloudmask/dataset_cropped/09_Metas/02/08/20190902082900_00160.png,287.4,538.8,96.7,23.3,961
9/2/2019 8:30,datasets/dataset_cropped/09_Metas/02/08/20190902083000_00160.jpg,datasets_flow/dataset_cropped/09_Metas/02/08/20190902083000_00160.jpg,datasets_cloudmask/dataset_cropped/09_Metas/02/08/20190902083000_00160.png,290.9,543.2,96.9,23.5,961
9/2/2019 8:31,datasets/dataset_cropped/09_Metas/02/08/20190902083100_00160.jpg,datasets_flow/dataset_cropped/09_Metas/02/08/20190902083100_00160.jpg,datasets_cloudmask/dataset_cropped/09_Metas/02/08/20190902083100_00160.png,294,547.7,96.7,23.6,961
9/2/2019 8:32,datasets/dataset_cropped/09_Metas/02/08/20190902083200_00160.jpg,datasets_flow/dataset_cropped/09_Metas/02/08/20190902083200_00160.jpg,datasets_cloudmask/dataset_cropped/09_Metas/02/08/20190902083200_00160.png,298.5,555,96.8,23.6,961
9/2/2019 8:33,datasets/dataset_cropped/09_Metas/02/08/20190902083300_00160.jpg,datasets_flow/dataset_cropped/09_Metas/02/08/20190902083300_00160.jpg,datasets_cloudmask/dataset_cropped/09_Metas/02/08/20190902083300_00160.png,302.9,562.3,96.7,23.7,961
9/2/2019 8:34,datasets/dataset_cropped/09_Metas/02/08/20190902083400_00160.jpg,datasets_flow/dataset_cropped/09_Metas/02/08/20190902083400_00160.jpg,datasets_cloudmask/dataset_cropped/09_Metas/02/08/20190902083400_00160.png,306.7,567.8,96.7,23.7,961
9/2/2019 8:35,datasets/dataset_cropped/09_Metas/02/08/20190902083500_00160.jpg,datasets_flow/dataset_cropped/09_Metas/02/08/20190902083500_00160.jpg,datasets_cloudmask/dataset_cropped/09_Metas/02/08/20190902083500_00160.png,310.5,573.1,96.6,23.7,961
9/2/2019 8:36,datasets/dataset_cropped/09_Metas/02/08/20190902083600_00160.jpg,datasets_flow/dataset_cropped/09_Metas/02/08/20190902083600_00160.jpg,datasets_cloudmask/dataset_cropped/09_Metas/02/08/20190902083600_00160.png,314,576.8,96.9,23.8,961
9/2/2019 8:37,datasets/dataset_cropped/09_Metas/02/08/20190902083700_00160.jpg,datasets_flow/dataset_cropped/09_Metas/02/08/20190902083700_00160.jpg,datasets_cloudmask/dataset_cropped/09_Metas/02/08/20190902083700_00160.png,318.1,581,97.7,23.9,961
9/2/2019 8:38,datasets/dataset_cropped/09_Metas/02/08/20190902083800_00160.jpg,datasets_flow/dataset_cropped/09_Metas/02/08/20190902083800_00160.jpg,datasets_cloudmask/dataset_cropped/09_Metas/02/08/20190902083800_00160.png,321.4,584.9,97.7,24.1,961
9/2/2019 8:39,datasets/dataset_cropped/09_Metas/02/08/20190902083900_00160.jpg,datasets_flow/dataset_cropped/09_Metas/02/08/20190902083900_00160.jpg,datasets_cloudmask/dataset_cropped/09_Metas/02/08/20190902083900_00160.png,326.4,592.6,97.7,24.3,961
9/2/2019 8:40,datasets/dataset_cropped/09_Metas/02/08/20190902084000_00160.jpg,datasets_flow/dataset_cropped/09_Metas/02/08/20190902084000_00160.jpg,datasets_cloudmask/dataset_cropped/09_Metas/02/08/20190902084000_00160.png,329.1,593.6,98.2,24.4,961
9/2/2019 8:41,datasets/dataset_cropped/09_Metas/02/08/20190902084100_00160.jpg,datasets_flow/dataset_cropped/09_Metas/02/08/20190902084100_00160.jpg,datasets_cloudmask/dataset_cropped/09_Metas/02/08/20190902084100_00160.png,333.7,597.6,99.5,24.3,961
9/2/2019 8:42,datasets/dataset_cropped/09_Metas/02/08/20190902084200_00160.jpg,datasets_flow/dataset_cropped/09_Metas/02/08/20190902084200_00160.jpg,datasets_cloudmask/dataset_cropped/09_Metas/02/08/20190902084200_00160.png,336.4,599.8,99.5,24.2,961
9/2/2019 8:43,datasets/dataset_cropped/09_Metas/02/08/20190902084300_00160.jpg,datasets_flow/dataset_cropped/09_Metas/02/08/20190902084300_00160.jpg,datasets_cloudmask/dataset_cropped/09_Metas/02/08/20190902084300_00160.png,338.4,598.4,100.3,24.3,961
9/2/2019 8:44,datasets/dataset_cropped/09_Metas/02/08/20190902084400_00160.jpg,datasets_flow/dataset_cropped/09_Metas/02/08/20190902084400_00160.jpg,datasets_cloudmask/dataset_cropped/09_Metas/02/08/20190902084400_00160.png,344,607.2,100.5,24.5,961
9/2/2019 8:45,datasets/dataset_cropped/09_Metas/02/08/20190902084500_00160.jpg,datasets_flow/dataset_cropped/09_Metas/02/08/20190902084500_00160.jpg,datasets_cloudmask/dataset_cropped/09_Metas/02/08/20190902084500_00160.png,348.1,611.5,100.8,24.6,961
9/2/2019 8:46,datasets/dataset_cropped/09_Metas/02/08/20190902084600_00160.jpg,datasets_flow/dataset_cropped/09_Metas/02/08/20190902084600_00160.jpg,datasets_cloudmask/dataset_cropped/09_Metas/02/08/20190902084600_00160.png,351.4,614.9,100.7,24.7,961
9/2/2019 8:47,datasets/dataset_cropped/09_Metas/02/08/20190902084700_00160.jpg,datasets_flow/dataset_cropped/09_Metas/02/08/20190902084700_00160.jpg,datasets_cloudmask/dataset_cropped/09_Metas/02/08/20190902084700_00160.png,356.3,619.6,101.6,24.8,961
9/2/2019 8:48,datasets/dataset_cropped/09_Metas/02/08/20190902084800_00160.jpg,datasets_flow/dataset_cropped/09_Metas/02/08/20190902084800_00160.jpg,datasets_cloudmask/dataset_cropped/09_Metas/02/08/20190902084800_00160.png,361.3,625.6,102.3,24.8,961
9/2/2019 8:49,datasets/dataset_cropped/09_Metas/02/08/20190902084900_00160.jpg,datasets_flow/dataset_cropped/09_Metas/02/08/20190902084900_00160.jpg,datasets_cloudmask/dataset_cropped/09_Metas/02/08/20190902084900_00160.png,363.4,625.3,102.6,24.7,961
9/2/2019 8:50,datasets/dataset_cropped/09_Metas/02/08/20190902085000_00160.jpg,datasets_flow/dataset_cropped/09_Metas/02/08/20190902085000_00160.jpg,datasets_cloudmask/dataset_cropped/09_Metas/02/08/20190902085000_00160.png,366.1,625.5,103.3,24.6,961
9/2/2019 8:51,datasets/dataset_cropped/09_Metas/02/08/20190902085100_00160.jpg,datasets_flow/dataset_cropped/09_Metas/02/08/20190902085100_00160.jpg,datasets_cloudmask/dataset_cropped/09_Metas/02/08/20190902085100_00160.png,369.8,629,103.5,24.7,962
9/2/2019 8:52,datasets/dataset_cropped/09_Metas/02/08/20190902085200_00160.jpg,datasets_flow/dataset_cropped/09_Metas/02/08/20190902085200_00160.jpg,datasets_cloudmask/dataset_cropped/09_Metas/02/08/20190902085200_00160.png,372.7,629.1,104.3,24.9,961
9/2/2019 8:53,datasets/dataset_cropped/09_Metas/02/08/20190902085300_00160.jpg,datasets_flow/dataset_cropped/09_Metas/02/08/20190902085300_00160.jpg,datasets_cloudmask/dataset_cropped/09_Metas/02/08/20190902085300_00160.png,377.3,633.3,104.9,24.9,961
9/2/2019 8:54,datasets/dataset_cropped/09_Metas/02/08/20190902085400_00160.jpg,datasets_flow/dataset_cropped/09_Metas/02/08/20190902085400_00160.jpg,datasets_cloudmask/dataset_cropped/09_Metas/02/08/20190902085400_00160.png,381.5,638.1,105.1,24.9,961
9/2/2019 8:55,datasets/dataset_cropped/09_Metas/02/08/20190902085500_00160.jpg,datasets_flow/dataset_cropped/09_Metas/02/08/20190902085500_00160.jpg,datasets_cloudmask/dataset_cropped/09_Metas/02/08/20190902085500_00160.png,384.1,637.6,106.1,24.8,962
9/2/2019 8:56,datasets/dataset_cropped/09_Metas/02/08/20190902085600_00160.jpg,datasets_flow/dataset_cropped/09_Metas/02/08/20190902085600_00160.jpg,datasets_cloudmask/dataset_cropped/09_Metas/02/08/20190902085600_00160.png,388.6,641.2,107,24.8,961
9/2/2019 8:57,datasets/dataset_cropped/09_Metas/02/08/20190902085700_00160.jpg,datasets_flow/dataset_cropped/09_Metas/02/08/20190902085700_00160.jpg,datasets_cloudmask/dataset_cropped/09_Metas/02/08/20190902085700_00160.png,388.1,634.4,107.7,24.8,961
9/2/2019 8:58,datasets/dataset_cropped/09_Metas/02/08/20190902085800_00160.jpg,datasets_flow/dataset_cropped/09_Metas/02/08/20190902085800_00160.jpg,datasets_cloudmask/dataset_cropped/09_Metas/02/08/20190902085800_00160.png,391.1,635.2,108.4,25.1,962
9/2/2019 8:59,datasets/dataset_cropped/09_Metas/02/08/20190902085900_00160.jpg,datasets_flow/dataset_cropped/09_Metas/02/08/20190902085900_00160.jpg,datasets_cloudmask/dataset_cropped/09_Metas/02/08/20190902085900_00160.png,395.9,639.3,109.1,25.1,962
9/2/2019 9:00,datasets/dataset_cropped/09_Metas/02/09/20190902090000_00160.jpg,datasets_flow/dataset_cropped/09_Metas/02/09/20190902090000_00160.jpg,datasets_cloudmask/dataset_cropped/09_Metas/02/09/20190902090000_00160.png,397.9,637.9,109.8,25.1,962
9/2/2019 9:01,datasets/dataset_cropped/09_Metas/02/09/20190902090100_00160.jpg,datasets_flow/dataset_cropped/09_Metas/02/09/20190902090100_00160.jpg,datasets_cloudmask/dataset_cropped/09_Metas/02/09/20190902090100_00160.png,396.9,629.2,111.1,25.2,962
9/2/2019 9:02,datasets/dataset_cropped/09_Metas/02/09/20190902090200_00160.jpg,datasets_flow/dataset_cropped/09_Metas/02/09/20190902090200_00160.jpg,datasets_cloudmask/dataset_cropped/09_Metas/02/09/20190902090200_00160.png,402.6,635.5,112.2,25.4,962
9/2/2019 9:03,datasets/dataset_cropped/09_Metas/02/09/20190902090300_00160.jpg,datasets_flow/dataset_cropped/09_Metas/02/09/20190902090300_00160.jpg,datasets_cloudmask/dataset_cropped/09_Metas/02/09/20190902090300_00160.png,410.3,647,112.5,25.5,962
9/2/2019 9:04,datasets/dataset_cropped/09_Metas/02/09/20190902090400_00160.jpg,datasets_flow/dataset_cropped/09_Metas/02/09/20190902090400_00160.jpg,datasets_cloudmask/dataset_cropped/09_Metas/02/09/20190902090400_00160.png,416.5,655.1,112.7,25.4,962
9/2/2019 9:05,datasets/dataset_cropped/09_Metas/02/09/20190902090500_00160.jpg,datasets_flow/dataset_cropped/09_Metas/02/09/20190902090500_00160.jpg,datasets_cloudmask/dataset_cropped/09_Metas/02/09/20190902090500_00160.png,417.7,652.5,112.9,25.3,962
9/2/2019 9:06,datasets/dataset_cropped/09_Metas/02/09/20190902090600_00160.jpg,datasets_flow/dataset_cropped/09_Metas/02/09/20190902090600_00160.jpg,datasets_cloudmask/dataset_cropped/09_Metas/02/09/20190902090600_00160.png,419.1,650.1,113.6,25.2,962
9/2/2019 9:07,datasets/dataset_cropped/09_Metas/02/09/20190902090700_00160.jpg,datasets_flow/dataset_cropped/09_Metas/02/09/20190902090700_00160.jpg,datasets_cloudmask/dataset_cropped/09_Metas/02/09/20190902090700_00160.png,422.3,651.1,114.3,25.1,962
9/2/2019 9:08,datasets/dataset_cropped/09_Metas/02/09/20190902090800_00160.jpg,datasets_flow/dataset_cropped/09_Metas/02/09/20190902090800_00160.jpg,datasets_cloudmask/dataset_cropped/09_Metas/02/09/20190902090800_00160.png,425.7,654.9,114.1,25.2,962
9/2/2019 9:09,datasets/dataset_cropped/09_Metas/02/09/20190902090900_00160.jpg,datasets_flow/dataset_cropped/09_Metas/02/09/20190902090900_00160.jpg,datasets_cloudmask/dataset_cropped/09_Metas/02/09/20190902090900_00160.png,429.8,661.2,113.1,25.2,962
9/2/2019 9:10,datasets/dataset_cropped/09_Metas/02/09/20190902091000_00160.jpg,datasets_flow/dataset_cropped/09_Metas/02/09/20190902091000_00160.jpg,datasets_cloudmask/dataset_cropped/09_Metas/02/09/20190902091000_00160.png,433.3,665.4,112.5,25.1,962
9/2/2019 9:11,datasets/dataset_cropped/09_Metas/02/09/20190902091100_00160.jpg,datasets_flow/dataset_cropped/09_Metas/02/09/20190902091100_00160.jpg,datasets_cloudmask/dataset_cropped/09_Metas/02/09/20190902091100_00160.png,434.6,663.7,112.5,25.2,962
9/2/2019 9:12,datasets/dataset_cropped/09_Metas/02/09/20190902091200_00160.jpg,datasets_flow/dataset_cropped/09_Metas/02/09/20190902091200_00160.jpg,datasets_cloudmask/dataset_cropped/09_Metas/02/09/20190902091200_00160.png,438.4,667,112.7,25.3,962
9/2/2019 9:13,datasets/dataset_cropped/09_Metas/02/09/20190902091300_00160.jpg,datasets_flow/dataset_cropped/09_Metas/02/09/20190902091300_00160.jpg,datasets_cloudmask/dataset_cropped/09_Metas/02/09/20190902091300_00160.png,442.7,671.2,112.8,25.3,962
9/2/2019 9:14,datasets/dataset_cropped/09_Metas/02/09/20190902091400_00160.jpg,datasets_flow/dataset_cropped/09_Metas/02/09/20190902091400_00160.jpg,datasets_cloudmask/dataset_cropped/09_Metas/02/09/20190902091400_00160.png,445.3,670.7,113.7,25.2,962
9/2/2019 9:15,datasets/dataset_cropped/09_Metas/02/09/20190902091500_00160.jpg,datasets_flow/dataset_cropped/09_Metas/02/09/20190902091500_00160.jpg,datasets_cloudmask/dataset_cropped/09_Metas/02/09/20190902091500_00160.png,443.5,661.5,114.8,25.2,962
9/2/2019 9:16,datasets/dataset_cropped/09_Metas/02/09/20190902091600_00160.jpg,datasets_flow/dataset_cropped/09_Metas/02/09/20190902091600_00160.jpg,datasets_cloudmask/dataset_cropped/09_Metas/02/09/20190902091600_00160.png,448.4,666.7,115.4,25.2,962
9/2/2019 9:17,datasets/dataset_cropped/09_Metas/02/09/20190902091700_00160.jpg,datasets_flow/dataset_cropped/09_Metas/02/09/20190902091700_00160.jpg,datasets_cloudmask/dataset_cropped/09_Metas/02/09/20190902091700_00160.png,454.9,676.2,114.9,25.2,962
9/2/2019 9:18,datasets/dataset_cropped/09_Metas/02/09/20190902091800_00160.jpg,datasets_flow/dataset_cropped/09_Metas/02/09/20190902091800_00160.jpg,datasets_cloudmask/dataset_cropped/09_Metas/02/09/20190902091800_00160.png,459.7,682.2,114.7,25.3,962
9/2/2019 9:19,datasets/dataset_cropped/09_Metas/02/09/20190902091900_00160.jpg,datasets_flow/dataset_cropped/09_Metas/02/09/20190902091900_00160.jpg,datasets_cloudmask/dataset_cropped/09_Metas/02/09/20190902091900_00160.png,458.9,676,115.1,25.6,962
9/2/2019 9:20,datasets/dataset_cropped/09_Metas/02/09/20190902092000_00160.jpg,datasets_flow/dataset_cropped/09_Metas/02/09/20190902092000_00160.jpg,datasets_cloudmask/dataset_cropped/09_Metas/02/09/20190902092000_00160.png,462,677.1,115.9,25.6,962
9/2/2019 9:21,datasets/dataset_cropped/09_Metas/02/09/20190902092100_00160.jpg,datasets_flow/dataset_cropped/09_Metas/02/09/20190902092100_00160.jpg,datasets_cloudmask/dataset_cropped/09_Metas/02/09/20190902092100_00160.png,469.1,687.1,116,25.5,962
9/2/2019 9:22,datasets/dataset_cropped/09_Metas/02/09/20190902092200_00160.jpg,datasets_flow/dataset_cropped/09_Metas/02/09/20190902092200_00160.jpg,datasets_cloudmask/dataset_cropped/09_Metas/02/09/20190902092200_00160.png,471,687.9,115.3,25.5,962
9/2/2019 9:23,datasets/dataset_cropped/09_Metas/02/09/20190902092300_00160.jpg,datasets_flow/dataset_cropped/09_Metas/02/09/20190902092300_00160.jpg,datasets_cloudmask/dataset_cropped/09_Metas/02/09/20190902092300_00160.png,476.2,694.9,114.6,25.5,962
9/2/2019 9:24,datasets/dataset_cropped/09_Metas/02/09/20190902092400_00160.jpg,datasets_flow/dataset_cropped/09_Metas/02/09/20190902092400_00160.jpg,datasets_cloudmask/dataset_cropped/09_Metas/02/09/20190902092400_00160.png,478.5,696.6,113.9,25.8,962
9/2/2019 9:25,datasets/dataset_cropped/09_Metas/02/09/20190902092500_00160.jpg,datasets_flow/dataset_cropped/09_Metas/02/09/20190902092500_00160.jpg,datasets_cloudmask/dataset_cropped/09_Metas/02/09/20190902092500_00160.png,480.4,695.9,114.2,25.9,962
9/2/2019 9:26,datasets/dataset_cropped/09_Metas/02/09/20190902092600_00160.jpg,datasets_flow/dataset_cropped/09_Metas/02/09/20190902092600_00160.jpg,datasets_cloudmask/dataset_cropped/09_Metas/02/09/20190902092600_00160.png,484.4,699.3,114.4,25.7,962
9/2/2019 9:27,datasets/dataset_cropped/09_Metas/02/09/20190902092700_00160.jpg,datasets_flow/dataset_cropped/09_Metas/02/09/20190902092700_00160.jpg,datasets_cloudmask/dataset_cropped/09_Metas/02/09/20190902092700_00160.png,489.7,706,114.3,25.7,962
9/2/2019 9:28,datasets/dataset_cropped/09_Metas/02/09/20190902092800_00160.jpg,datasets_flow/dataset_cropped/09_Metas/02/09/20190902092800_00160.jpg,datasets_cloudmask/dataset_cropped/09_Metas/02/09/20190902092800_00160.png,490.1,701.7,115,25.8,962
9/2/2019 9:29,datasets/dataset_cropped/09_Metas/02/09/20190902092900_00160.jpg,datasets_flow/dataset_cropped/09_Metas/02/09/20190902092900_00160.jpg,datasets_cloudmask/dataset_cropped/09_Metas/02/09/20190902092900_00160.png,492,700.5,115.8,26.1,962
9/2/2019 9:30,datasets/dataset_cropped/09_Metas/02/09/20190902093000_00160.jpg,datasets_flow/dataset_cropped/09_Metas/02/09/20190902093000_00160.jpg,datasets_cloudmask/dataset_cropped/09_Metas/02/09/20190902093000_00160.png,499.8,711.1,115.9,26,962
9/2/2019 9:31,datasets/dataset_cropped/09_Metas/02/09/20190902093100_00160.jpg,datasets_flow/dataset_cropped/09_Metas/02/09/20190902093100_00160.jpg,datasets_cloudmask/dataset_cropped/09_Metas/02/09/20190902093100_00160.png,490.5,690.6,115.5,26.1,962
9/2/2019 9:32,datasets/dataset_cropped/09_Metas/02/09/20190902093200_00160.jpg,datasets_flow/dataset_cropped/09_Metas/02/09/20190902093200_00160.jpg,datasets_cloudmask/dataset_cropped/09_Metas/02/09/20190902093200_00160.png,504.4,711.7,115.6,26.2,962
9/2/2019 9:33,datasets/dataset_cropped/09_Metas/02/09/20190902093300_00160.jpg,datasets_flow/dataset_cropped/09_Metas/02/09/20190902093300_00160.jpg,datasets_cloudmask/dataset_cropped/09_Metas/02/09/20190902093300_00160.png,508.6,717.1,115.2,26,962
9/2/2019 9:34,datasets/dataset_cropped/09_Metas/02/09/20190902093400_00160.jpg,datasets_flow/dataset_cropped/09_Metas/02/09/20190902093400_00160.jpg,datasets_cloudmask/dataset_cropped/09_Metas/02/09/20190902093400_00160.png,499,696,115.2,26,962
9/2/2019 9:35,datasets/dataset_cropped/09_Metas/02/09/20190902093500_00160.jpg,datasets_flow/dataset_cropped/09_Metas/02/09/20190902093500_00160.jpg,datasets_cloudmask/dataset_cropped/09_Metas/02/09/20190902093500_00160.png,500.6,692.1,117.1,26,962
9/2/2019 9:36,datasets/dataset_cropped/09_Metas/02/09/20190902093600_00160.jpg,datasets_flow/dataset_cropped/09_Metas/02/09/20190902093600_00160.jpg,datasets_cloudmask/dataset_cropped/09_Metas/02/09/20190902093600_00160.png,505.4,695.4,117.7,25.9,962
9/2/2019 9:37,datasets/dataset_cropped/09_Metas/02/09/20190902093700_00160.jpg,datasets_flow/dataset_cropped/09_Metas/02/09/20190902093700_00160.jpg,datasets_cloudmask/dataset_cropped/09_Metas/02/09/20190902093700_00160.png,513.4,704.9,118.2,26,962
9/2/2019 9:38,datasets/dataset_cropped/09_Metas/02/09/20190902093800_00160.jpg,datasets_flow/dataset_cropped/09_Metas/02/09/20190902093800_00160.jpg,datasets_cloudmask/dataset_cropped/09_Metas/02/09/20190902093800_00160.png,516.6,708.3,117.7,26.1,962
9/2/2019 9:39,datasets/dataset_cropped/09_Metas/02/09/20190902093900_00160.jpg,datasets_flow/dataset_cropped/09_Metas/02/09/20190902093900_00160.jpg,datasets_cloudmask/dataset_cropped/09_Metas/02/09/20190902093900_00160.png,528.3,728.5,116.3,26.2,962
9/2/2019 9:40,datasets/dataset_cropped/09_Metas/02/09/20190902094000_00160.jpg,datasets_flow/dataset_cropped/09_Metas/02/09/20190902094000_00160.jpg,datasets_cloudmask/dataset_cropped/09_Metas/02/09/20190902094000_00160.png,529.6,729.9,115.2,26.2,962
9/2/2019 9:41,datasets/dataset_cropped/09_Metas/02/09/20190902094100_00160.jpg,datasets_flow/dataset_cropped/09_Metas/02/09/20190902094100_00160.jpg,datasets_cloudmask/dataset_cropped/09_Metas/02/09/20190902094100_00160.png,530.1,727,115.5,26.4,962
9/2/2019 9:42,datasets/dataset_cropped/09_Metas/02/09/20190902094200_00160.jpg,datasets_flow/dataset_cropped/09_Metas/02/09/20190902094200_00160.jpg,datasets_cloudmask/dataset_cropped/09_Metas/02/09/20190902094200_00160.png,535.5,732.7,116.1,26.3,962
9/2/2019 9:43,datasets/dataset_cropped/09_Metas/02/09/20190902094300_00160.jpg,datasets_flow/dataset_cropped/09_Metas/02/09/20190902094300_00160.jpg,datasets_cloudmask/dataset_cropped/09_Metas/02/09/20190902094300_00160.png,540,738.4,115.4,26.4,962
9/2/2019 9:44,datasets/dataset_cropped/09_Metas/02/09/20190902094400_00160.jpg,datasets_flow/dataset_cropped/09_Metas/02/09/20190902094400_00160.jpg,datasets_cloudmask/dataset_cropped/09_Metas/02/09/20190902094400_00160.png,541.4,737.8,114.8,26.2,962
9/2/2019 9:45,datasets/dataset_cropped/09_Metas/02/09/20190902094500_00160.jpg,datasets_flow/dataset_cropped/09_Metas/02/09/20190902094500_00160.jpg,datasets_cloudmask/dataset_cropped/09_Metas/02/09/20190902094500_00160.png,539.2,730.4,115,26.3,962
9/2/2019 9:46,datasets/dataset_cropped/09_Metas/02/09/20190902094600_00160.jpg,datasets_flow/dataset_cropped/09_Metas/02/09/20190902094600_00160.jpg,datasets_cloudmask/dataset_cropped/09_Metas/02/09/20190902094600_00160.png,548.4,742.2,115.2,26.4,962
9/2/2019 9:47,datasets/dataset_cropped/09_Metas/02/09/20190902094700_00160.jpg,datasets_flow/dataset_cropped/09_Metas/02/09/20190902094700_00160.jpg,datasets_cloudmask/dataset_cropped/09_Metas/02/09/20190902094700_00160.png,548.1,737.5,115.4,26.5,962
9/2/2019 9:48,datasets/dataset_cropped/09_Metas/02/09/20190902094800_00160.jpg,datasets_flow/dataset_cropped/09_Metas/02/09/20190902094800_00160.jpg,datasets_cloudmask/dataset_cropped/09_Metas/02/09/20190902094800_00160.png,552.9,741.7,115.7,26.2,962
9/2/2019 9:49,datasets/dataset_cropped/09_Metas/02/09/20190902094900_00160.jpg,datasets_flow/dataset_cropped/09_Metas/02/09/20190902094900_00160.jpg,datasets_cloudmask/dataset_cropped/09_Metas/02/09/20190902094900_00160.png,560.8,752.7,115.1,26.3,962
9/2/2019 9:50,datasets/dataset_cropped/09_Metas/02/09/20190902095000_00160.jpg,datasets_flow/dataset_cropped/09_Metas/02/09/20190902095000_00160.jpg,datasets_cloudmask/dataset_cropped/09_Metas/02/09/20190902095000_00160.png,561.6,752,114.5,26.5,962
9/2/2019 9:51,datasets/dataset_cropped/09_Metas/02/09/20190902095100_00160.jpg,datasets_flow/dataset_cropped/09_Metas/02/09/20190902095100_00160.jpg,datasets_cloudmask/dataset_cropped/09_Metas/02/09/20190902095100_00160.png,562.2,748.3,115.5,26.8,962
9/2/2019 9:52,datasets/dataset_cropped/09_Metas/02/09/20190902095200_00160.jpg,datasets_flow/dataset_cropped/09_Metas/02/09/20190902095200_00160.jpg,datasets_cloudmask/dataset_cropped/09_Metas/02/09/20190902095200_00160.png,563.4,746.5,115.6,26.9,962
9/2/2019 9:53,datasets/dataset_cropped/09_Metas/02/09/20190902095300_00160.jpg,datasets_flow/dataset_cropped/09_Metas/02/09/20190902095300_00160.jpg,datasets_cloudmask/dataset_cropped/09_Metas/02/09/20190902095300_00160.png,568.7,752.8,115.2,27,962
9/2/2019 9:54,datasets/dataset_cropped/09_Metas/02/09/20190902095400_00160.jpg,datasets_flow/dataset_cropped/09_Metas/02/09/20190902095400_00160.jpg,datasets_cloudmask/dataset_cropped/09_Metas/02/09/20190902095400_00160.png,573.8,760.5,114,27.1,962
9/2/2019 9:55,datasets/dataset_cropped/09_Metas/02/09/20190902095500_00160.jpg,datasets_flow/dataset_cropped/09_Metas/02/09/20190902095500_00160.jpg,datasets_cloudmask/dataset_cropped/09_Metas/02/09/20190902095500_00160.png,575.9,761.8,113.4,26.9,962
9/2/2019 9:56,datasets/dataset_cropped/09_Metas/02/09/20190902095600_00160.jpg,datasets_flow/dataset_cropped/09_Metas/02/09/20190902095600_00160.jpg,datasets_cloudmask/dataset_cropped/09_Metas/02/09/20190902095600_00160.png,580.2,766,113.6,26.9,962
9/2/2019 9:57,datasets/dataset_cropped/09_Metas/02/09/20190902095700_00160.jpg,datasets_flow/dataset_cropped/09_Metas/02/09/20190902095700_00160.jpg,datasets_cloudmask/dataset_cropped/09_Metas/02/09/20190902095700_00160.png,582.6,766.4,113.4,26.9,962
9/2/2019 9:58,datasets/dataset_cropped/09_Metas/02/09/20190902095800_00160.jpg,datasets_flow/dataset_cropped/09_Metas/02/09/20190902095800_00160.jpg,datasets_cloudmask/dataset_cropped/09_Metas/02/09/20190902095800_00160.png,586.4,768.7,113.5,26.8,962
9/2/2019 9:59,datasets/dataset_cropped/09_Metas/02/09/20190902095900_00160.jpg,datasets_flow/dataset_cropped/09_Metas/02/09/20190902095900_00160.jpg,datasets_cloudmask/dataset_cropped/09_Metas/02/09/20190902095900_00160.png,590.1,771.8,113.1,26.7,962
9/2/2019 10:00,datasets/dataset_cropped/09_Metas/02/10/20190902100000_00160.jpg,datasets_flow/dataset_cropped/09_Metas/02/10/20190902100000_00160.jpg,datasets_cloudmask/dataset_cropped/09_Metas/02/10/20190902100000_00160.png,593.4,774.2,112.7,26.7,962
9/2/2019 10:01,datasets/dataset_cropped/09_Metas/02/10/20190902100100_00160.jpg,datasets_flow/dataset_cropped/09_Metas/02/10/20190902100100_00160.jpg,datasets_cloudmask/dataset_cropped/09_Metas/02/10/20190902100100_00160.png,595.3,774.7,112.9,26.9,962
9/2/2019 10:02,datasets/dataset_cropped/09_Metas/02/10/20190902100200_00160.jpg,datasets_flow/dataset_cropped/09_Metas/02/10/20190902100200_00160.jpg,datasets_cloudmask/dataset_cropped/09_Metas/02/10/20190902100200_00160.png,597.4,775.2,112.7,27.2,962
9/2/2019 10:03,datasets/dataset_cropped/09_Metas/02/10/20190902100300_00160.jpg,datasets_flow/dataset_cropped/09_Metas/02/10/20190902100300_00160.jpg,datasets_cloudmask/dataset_cropped/09_Metas/02/10/20190902100300_00160.png,600.2,776.8,112.4,27.1,962
9/2/2019 10:04,datasets/dataset_cropped/09_Metas/02/10/20190902100400_00160.jpg,datasets_flow/dataset_cropped/09_Metas/02/10/20190902100400_00160.jpg,datasets_cloudmask/dataset_cropped/09_Metas/02/10/20190902100400_00160.png,602.4,777.3,112.5,27.2,962
9/2/2019 10:05,datasets/dataset_cropped/09_Metas/02/10/20190902100500_00160.jpg,datasets_flow/dataset_cropped/09_Metas/02/10/20190902100500_00160.jpg,datasets_cloudmask/dataset_cropped/09_Metas/02/10/20190902100500_00160.png,607.5,783.2,111.8,27.2,962
9/2/2019 10:06,datasets/dataset_cropped/09_Metas/02/10/20190902100600_00160.jpg,datasets_flow/dataset_cropped/09_Metas/02/10/20190902100600_00160.jpg,datasets_cloudmask/dataset_cropped/09_Metas/02/10/20190902100600_00160.png,610,785.1,111.3,27.2,962
9/2/2019 10:07,datasets/dataset_cropped/09_Metas/02/10/20190902100700_00160.jpg,datasets_flow/dataset_cropped/09_Metas/02/10/20190902100700_00160.jpg,datasets_cloudmask/dataset_cropped/09_Metas/02/10/20190902100700_00160.png,613.6,787.7,111.5,27.6,962
9/2/2019 10:08,datasets/dataset_cropped/09_Metas/02/10/20190902100800_00160.jpg,datasets_flow/dataset_cropped/09_Metas/02/10/20190902100800_00160.jpg,datasets_cloudmask/dataset_cropped/09_Metas/02/10/20190902100800_00160.png,616.2,788.8,111.4,27.8,962
9/2/2019 10:09,datasets/dataset_cropped/09_Metas/02/10/20190902100900_00160.jpg,datasets_flow/dataset_cropped/09_Metas/02/10/20190902100900_00160.jpg,datasets_cloudmask/dataset_cropped/09_Metas/02/10/20190902100900_00160.png,619.4,790.4,111.5,27.7,962
9/2/2019 10:10,datasets/dataset_cropped/09_Metas/02/10/20190902101000_00160.jpg,datasets_flow/dataset_cropped/09_Metas/02/10/20190902101000_00160.jpg,datasets_cloudmask/dataset_cropped/09_Metas/02/10/20190902101000_00160.png,623.2,793.1,111.8,27.4,962
9/2/2019 10:11,datasets/dataset_cropped/09_Metas/02/10/20190902101100_00160.jpg,datasets_flow/dataset_cropped/09_Metas/02/10/20190902101100_00160.jpg,datasets_cloudmask/dataset_cropped/09_Metas/02/10/20190902101100_00160.png,625,793.3,111.6,27.2,962
9/2/2019 10:12,datasets/dataset_cropped/09_Metas/02/10/20190902101200_00160.jpg,datasets_flow/dataset_cropped/09_Metas/02/10/20190902101200_00160.jpg,datasets_cloudmask/dataset_cropped/09_Metas/02/10/20190902101200_00160.png,627.7,793.9,111.8,27.2,962
9/2/2019 10:13,datasets/dataset_cropped/09_Metas/02/10/20190902101300_00160.jpg,datasets_flow/dataset_cropped/09_Metas/02/10/20190902101300_00160.jpg,datasets_cloudmask/dataset_cropped/09_Metas/02/10/20190902101300_00160.png,629.5,792.9,112,27,962
9/2/2019 10:14,datasets/dataset_cropped/09_Metas/02/10/20190902101400_00160.jpg,datasets_flow/dataset_cropped/09_Metas/02/10/20190902101400_00160.jpg,datasets_cloudmask/dataset_cropped/09_Metas/02/10/20190902101400_00160.png,631.4,792,112.2,26.8,962
9/2/2019 10:15,datasets/dataset_cropped/09_Metas/02/10/20190902101500_00160.jpg,datasets_flow/dataset_cropped/09_Metas/02/10/20190902101500_00160.jpg,datasets_cloudmask/dataset_cropped/09_Metas/02/10/20190902101500_00160.png,635,794.1,112.4,26.9,962
9/2/2019 10:16,datasets/dataset_cropped/09_Metas/02/10/20190902101600_00160.jpg,datasets_flow/dataset_cropped/09_Metas/02/10/20190902101600_00160.jpg,datasets_cloudmask/dataset_cropped/09_Metas/02/10/20190902101600_00160.png,636.8,793.5,113,27.1,962
9/2/2019 10:17,datasets/dataset_cropped/09_Metas/02/10/20190902101700_00160.jpg,datasets_flow/dataset_cropped/09_Metas/02/10/20190902101700_00160.jpg,datasets_cloudmask/dataset_cropped/09_Metas/02/10/20190902101700_00160.png,639.9,795.3,112.8,26.9,962
9/2/2019 10:18,datasets/dataset_cropped/09_Metas/02/10/20190902101800_00160.jpg,datasets_flow/dataset_cropped/09_Metas/02/10/20190902101800_00160.jpg,datasets_cloudmask/dataset_cropped/09_Metas/02/10/20190902101800_00160.png,642.9,796.4,113,26.9,962
9/2/2019 10:19,datasets/dataset_cropped/09_Metas/02/10/20190902101900_00160.jpg,datasets_flow/dataset_cropped/09_Metas/02/10/20190902101900_00160.jpg,datasets_cloudmask/dataset_cropped/09_Metas/02/10/20190902101900_00160.png,644.9,796.7,113.4,27.3,962
9/2/2019 10:20,datasets/dataset_cropped/09_Metas/02/10/20190902102000_00160.jpg,datasets_flow/dataset_cropped/09_Metas/02/10/20190902102000_00160.jpg,datasets_cloudmask/dataset_cropped/09_Metas/02/10/20190902102000_00160.png,649.6,801,113.9,27.3,962
9/2/2019 10:21,datasets/dataset_cropped/09_Metas/02/10/20190902102100_00160.jpg,datasets_flow/dataset_cropped/09_Metas/02/10/20190902102100_00160.jpg,datasets_cloudmask/dataset_cropped/09_Metas/02/10/20190902102100_00160.png,653.3,805,113.5,27.1,962
9/2/2019 10:22,datasets/dataset_cropped/09_Metas/02/10/20190902102200_00160.jpg,datasets_flow/dataset_cropped/09_Metas/02/10/20190902102200_00160.jpg,datasets_cloudmask/dataset_cropped/09_Metas/02/10/20190902102200_00160.png,655.1,804,113.2,27,962
9/2/2019 10:23,datasets/dataset_cropped/09_Metas/02/10/20190902102300_00160.jpg,datasets_flow/dataset_cropped/09_Metas/02/10/20190902102300_00160.jpg,datasets_cloudmask/dataset_cropped/09_Metas/02/10/20190902102300_00160.png,656,802,113.8,27.3,962
9/2/2019 10:24,datasets/dataset_cropped/09_Metas/02/10/20190902102400_00160.jpg,datasets_flow/dataset_cropped/09_Metas/02/10/20190902102400_00160.jpg,datasets_cloudmask/dataset_cropped/09_Metas/02/10/20190902102400_00160.png,659.1,803,114.3,27.6,962
9/2/2019 10:25,datasets/dataset_cropped/09_Metas/02/10/20190902102500_00160.jpg,datasets_flow/dataset_cropped/09_Metas/02/10/20190902102500_00160.jpg,datasets_cloudmask/dataset_cropped/09_Metas/02/10/20190902102500_00160.png,662.2,806,114.3,27.6,962
9/2/2019 10:26,datasets/dataset_cropped/09_Metas/02/10/20190902102600_00160.jpg,datasets_flow/dataset_cropped/09_Metas/02/10/20190902102600_00160.jpg,datasets_cloudmask/dataset_cropped/09_Metas/02/10/20190902102600_00160.png,666,809,113.9,27.6,962
9/2/2019 10:27,datasets/dataset_cropped/09_Metas/02/10/20190902102700_00160.jpg,datasets_flow/dataset_cropped/09_Metas/02/10/20190902102700_00160.jpg,datasets_cloudmask/dataset_cropped/09_Metas/02/10/20190902102700_00160.png,666.7,808,113.6,27.6,962
9/2/2019 10:28,datasets/dataset_cropped/09_Metas/02/10/20190902102800_00160.jpg,datasets_flow/dataset_cropped/09_Metas/02/10/20190902102800_00160.jpg,datasets_cloudmask/dataset_cropped/09_Metas/02/10/20190902102800_00160.png,670.4,809,114.2,27.5,962
9/2/2019 10:29,datasets/dataset_cropped/09_Metas/02/10/20190902102900_00160.jpg,datasets_flow/dataset_cropped/09_Metas/02/10/20190902102900_00160.jpg,datasets_cloudmask/dataset_cropped/09_Metas/02/10/20190902102900_00160.png,672.8,809,114.8,27.5,962
9/2/2019 10:30,datasets/dataset_cropped/09_Metas/02/10/20190902103000_00160.jpg,datasets_flow/dataset_cropped/09_Metas/02/10/20190902103000_00160.jpg,datasets_cloudmask/dataset_cropped/09_Metas/02/10/20190902103000_00160.png,675.6,809,115.9,27.6,962
9/2/2019 10:31,datasets/dataset_cropped/09_Metas/02/10/20190902103100_00160.jpg,datasets_flow/dataset_cropped/09_Metas/02/10/20190902103100_00160.jpg,datasets_cloudmask/dataset_cropped/09_Metas/02/10/20190902103100_00160.png,678.3,811,116.1,27.5,962
9/2/2019 10:32,datasets/dataset_cropped/09_Metas/02/10/20190902103200_00160.jpg,datasets_flow/dataset_cropped/09_Metas/02/10/20190902103200_00160.jpg,datasets_cloudmask/dataset_cropped/09_Metas/02/10/20190902103200_00160.png,680.2,811,115.4,27.4,962
9/2/2019 10:33,datasets/dataset_cropped/09_Metas/02/10/20190902103300_00160.jpg,datasets_flow/dataset_cropped/09_Metas/02/10/20190902103300_00160.jpg,datasets_cloudmask/dataset_cropped/09_Metas/02/10/20190902103300_00160.png,682.9,812,115.1,27.4,962
9/2/2019 10:34,datasets/dataset_cropped/09_Metas/02/10/20190902103400_00160.jpg,datasets_flow/dataset_cropped/09_Metas/02/10/20190902103400_00160.jpg,datasets_cloudmask/dataset_cropped/09_Metas/02/10/20190902103400_00160.png,682.4,807,115.7,27.5,962
9/2/2019 10:35,datasets/dataset_cropped/09_Metas/02/10/20190902103500_00160.jpg,datasets_flow/dataset_cropped/09_Metas/02/10/20190902103500_00160.jpg,datasets_cloudmask/dataset_cropped/09_Metas/02/10/20190902103500_00160.png,685.3,809,115.9,27.5,963
9/2/2019 10:36,datasets/dataset_cropped/09_Metas/02/10/20190902103600_00160.jpg,datasets_flow/dataset_cropped/09_Metas/02/10/20190902103600_00160.jpg,datasets_cloudmask/dataset_cropped/09_Metas/02/10/20190902103600_00160.png,691.1,816,115.5,27.7,962
9/2/2019 10:37,datasets/dataset_cropped/09_Metas/02/10/20190902103700_00160.jpg,datasets_flow/dataset_cropped/09_Metas/02/10/20190902103700_00160.jpg,datasets_cloudmask/dataset_cropped/09_Metas/02/10/20190902103700_00160.png,693.7,818,115,27.6,963
9/2/2019 10:38,datasets/dataset_cropped/09_Metas/02/10/20190902103800_00160.jpg,datasets_flow/dataset_cropped/09_Metas/02/10/20190902103800_00160.jpg,datasets_cloudmask/dataset_cropped/09_Metas/02/10/20190902103800_00160.png,696.5,820,115.6,27.6,962
9/2/2019 10:39,datasets/dataset_cropped/09_Metas/02/10/20190902103900_00160.jpg,datasets_flow/dataset_cropped/09_Metas/02/10/20190902103900_00160.jpg,datasets_cloudmask/dataset_cropped/09_Metas/02/10/20190902103900_00160.png,697.3,818,116.1,27.4,962
9/2/2019 10:40,datasets/dataset_cropped/09_Metas/02/10/20190902104000_00160.jpg,datasets_flow/dataset_cropped/09_Metas/02/10/20190902104000_00160.jpg,datasets_cloudmask/dataset_cropped/09_Metas/02/10/20190902104000_00160.png,698.1,816,116.3,27.6,963
9/2/2019 10:41,datasets/dataset_cropped/09_Metas/02/10/20190902104100_00160.jpg,datasets_flow/dataset_cropped/09_Metas/02/10/20190902104100_00160.jpg,datasets_cloudmask/dataset_cropped/09_Metas/02/10/20190902104100_00160.png,701,817,116.2,27.6,962
9/2/2019 10:42,datasets/dataset_cropped/09_Metas/02/10/20190902104200_00160.jpg,datasets_flow/dataset_cropped/09_Metas/02/10/20190902104200_00160.jpg,datasets_cloudmask/dataset_cropped/09_Metas/02/10/20190902104200_00160.png,702.2,817,116.2,27.5,963
9/2/2019 10:43,datasets/dataset_cropped/09_Metas/02/10/20190902104300_00160.jpg,datasets_flow/dataset_cropped/09_Metas/02/10/20190902104300_00160.jpg,datasets_cloudmask/dataset_cropped/09_Metas/02/10/20190902104300_00160.png,706.9,821,116.8,27.5,963
9/2/2019 10:44,datasets/dataset_cropped/09_Metas/02/10/20190902104400_00160.jpg,datasets_flow/dataset_cropped/09_Metas/02/10/20190902104400_00160.jpg,datasets_cloudmask/dataset_cropped/09_Metas/02/10/20190902104400_00160.png,708.8,821,117.5,27.8,963
9/2/2019 10:45,datasets/dataset_cropped/09_Metas/02/10/20190902104500_00160.jpg,datasets_flow/dataset_cropped/09_Metas/02/10/20190902104500_00160.jpg,datasets_cloudmask/dataset_cropped/09_Metas/02/10/20190902104500_00160.png,710,819,118.5,28,962
9/2/2019 10:46,datasets/dataset_cropped/09_Metas/02/10/20190902104600_00160.jpg,datasets_flow/dataset_cropped/09_Metas/02/10/20190902104600_00160.jpg,datasets_cloudmask/dataset_cropped/09_Metas/02/10/20190902104600_00160.png,713,820,118.3,27.9,963
9/2/2019 10:47,datasets/dataset_cropped/09_Metas/02/10/20190902104700_00160.jpg,datasets_flow/dataset_cropped/09_Metas/02/10/20190902104700_00160.jpg,datasets_cloudmask/dataset_cropped/09_Metas/02/10/20190902104700_00160.png,715.4,821,118.1,28.1,963
9/2/2019 10:48,datasets/dataset_cropped/09_Metas/02/10/20190902104800_00160.jpg,datasets_flow/dataset_cropped/09_Metas/02/10/20190902104800_00160.jpg,datasets_cloudmask/dataset_cropped/09_Metas/02/10/20190902104800_00160.png,718.3,824,117.7,28,963
9/2/2019 10:49,datasets/dataset_cropped/09_Metas/02/10/20190902104900_00160.jpg,datasets_flow/dataset_cropped/09_Metas/02/10/20190902104900_00160.jpg,datasets_cloudmask/dataset_cropped/09_Metas/02/10/20190902104900_00160.png,716.2,820,116.8,28,963
9/2/2019 10:50,datasets/dataset_cropped/09_Metas/02/10/20190902105000_00160.jpg,datasets_flow/dataset_cropped/09_Metas/02/10/20190902105000_00160.jpg,datasets_cloudmask/dataset_cropped/09_Metas/02/10/20190902105000_00160.png,719.9,823,116.8,27.9,963
9/2/2019 10:51,datasets/dataset_cropped/09_Metas/02/10/20190902105100_00160.jpg,datasets_flow/dataset_cropped/09_Metas/02/10/20190902105100_00160.jpg,datasets_cloudmask/dataset_cropped/09_Metas/02/10/20190902105100_00160.png,729.2,834,116,27.9,963
9/2/2019 10:52,datasets/dataset_cropped/09_Metas/02/10/20190902105200_00160.jpg,datasets_flow/dataset_cropped/09_Metas/02/10/20190902105200_00160.jpg,datasets_cloudmask/dataset_cropped/09_Metas/02/10/20190902105200_00160.png,731.1,835,115.6,28,962
9/2/2019 10:53,datasets/dataset_cropped/09_Metas/02/10/20190902105300_00160.jpg,datasets_flow/dataset_cropped/09_Metas/02/10/20190902105300_00160.jpg,datasets_cloudmask/dataset_cropped/09_Metas/02/10/20190902105300_00160.png,733.3,836,114.9,27.9,962
9/2/2019 10:54,datasets/dataset_cropped/09_Metas/02/10/20190902105400_00160.jpg,datasets_flow/dataset_cropped/09_Metas/02/10/20190902105400_00160.jpg,datasets_cloudmask/dataset_cropped/09_Metas/02/10/20190902105400_00160.png,734.8,836,114.3,27.7,962
9/2/2019 10:55,datasets/dataset_cropped/09_Metas/02/10/20190902105500_00160.jpg,datasets_flow/dataset_cropped/09_Metas/02/10/20190902105500_00160.jpg,datasets_cloudmask/dataset_cropped/09_Metas/02/10/20190902105500_00160.png,736.4,835,114.5,27.9,963
9/2/2019 10:56,datasets/dataset_cropped/09_Metas/02/10/20190902105600_00160.jpg,datasets_flow/dataset_cropped/09_Metas/02/10/20190902105600_00160.jpg,datasets_cloudmask/dataset_cropped/09_Metas/02/10/20190902105600_00160.png,738.2,835,115,28,963
9/2/2019 10:57,datasets/dataset_cropped/09_Metas/02/10/20190902105700_00160.jpg,datasets_flow/dataset_cropped/09_Metas/02/10/20190902105700_00160.jpg,datasets_cloudmask/dataset_cropped/09_Metas/02/10/20190902105700_00160.png,739.5,835,115.2,27.9,963
9/2/2019 10:58,datasets/dataset_cropped/09_Metas/02/10/20190902105800_00160.jpg,datasets_flow/dataset_cropped/09_Metas/02/10/20190902105800_00160.jpg,datasets_cloudmask/dataset_cropped/09_Metas/02/10/20190902105800_00160.png,745.6,841,115.6,28,962
9/2/2019 10:59,datasets/dataset_cropped/09_Metas/02/10/20190902105900_00160.jpg,datasets_flow/dataset_cropped/09_Metas/02/10/20190902105900_00160.jpg,datasets_cloudmask/dataset_cropped/09_Metas/02/10/20190902105900_00160.png,746,840,115.8,28.3,963
9/2/2019 11:00,datasets/dataset_cropped/09_Metas/02/11/20190902110000_00160.jpg,datasets_flow/dataset_cropped/09_Metas/02/11/20190902110000_00160.jpg,datasets_cloudmask/dataset_cropped/09_Metas/02/11/20190902110000_00160.png,747.2,839,116,28,963
9/2/2019 11:01,datasets/dataset_cropped/09_Metas/02/11/20190902110100_00160.jpg,datasets_flow/dataset_cropped/09_Metas/02/11/20190902110100_00160.jpg,datasets_cloudmask/dataset_cropped/09_Metas/02/11/20190902110100_00160.png,751.5,843,115.7,27.7,963
9/2/2019 11:02,datasets/dataset_cropped/09_Metas/02/11/20190902110200_00160.jpg,datasets_flow/dataset_cropped/09_Metas/02/11/20190902110200_00160.jpg,datasets_cloudmask/dataset_cropped/09_Metas/02/11/20190902110200_00160.png,751.8,840,116.5,27.8,963
9/2/2019 11:03,datasets/dataset_cropped/09_Metas/02/11/20190902110300_00160.jpg,datasets_flow/dataset_cropped/09_Metas/02/11/20190902110300_00160.jpg,datasets_cloudmask/dataset_cropped/09_Metas/02/11/20190902110300_00160.png,752.8,839,117.4,27.7,963
9/2/2019 11:04,datasets/dataset_cropped/09_Metas/02/11/20190902110400_00160.jpg,datasets_flow/dataset_cropped/09_Metas/02/11/20190902110400_00160.jpg,datasets_cloudmask/dataset_cropped/09_Metas/02/11/20190902110400_00160.png,755.8,841,117.2,27.9,963
9/2/2019 11:05,datasets/dataset_cropped/09_Metas/02/11/20190902110500_00160.jpg,datasets_flow/dataset_cropped/09_Metas/02/11/20190902110500_00160.jpg,datasets_cloudmask/dataset_cropped/09_Metas/02/11/20190902110500_00160.png,759.6,845,116.3,28.1,963
9/2/2019 11:06,datasets/dataset_cropped/09_Metas/02/11/20190902110600_00160.jpg,datasets_flow/dataset_cropped/09_Metas/02/11/20190902110600_00160.jpg,datasets_cloudmask/dataset_cropped/09_Metas/02/11/20190902110600_00160.png,760.6,845,115.7,28.2,963
9/2/2019 11:07,datasets/dataset_cropped/09_Metas/02/11/20190902110700_00160.jpg,datasets_flow/dataset_cropped/09_Metas/02/11/20190902110700_00160.jpg,datasets_cloudmask/dataset_cropped/09_Metas/02/11/20190902110700_00160.png,761.8,843,115.9,28,963
9/2/2019 11:08,datasets/dataset_cropped/09_Metas/02/11/20190902110800_00160.jpg,datasets_flow/dataset_cropped/09_Metas/02/11/20190902110800_00160.jpg,datasets_cloudmask/dataset_cropped/09_Metas/02/11/20190902110800_00160.png,765,844,116.5,27.9,963
9/2/2019 11:09,datasets/dataset_cropped/09_Metas/02/11/20190902110900_00160.jpg,datasets_flow/dataset_cropped/09_Metas/02/11/20190902110900_00160.jpg,datasets_cloudmask/dataset_cropped/09_Metas/02/11/20190902110900_00160.png,767.9,846,116.8,28.2,963
9/2/2019 11:10,datasets/dataset_cropped/09_Metas/02/11/20190902111000_00160.jpg,datasets_flow/dataset_cropped/09_Metas/02/11/20190902111000_00160.jpg,datasets_cloudmask/dataset_cropped/09_Metas/02/11/20190902111000_00160.png,770.7,848,117.4,28.8,963
9/2/2019 11:11,datasets/dataset_cropped/09_Metas/02/11/20190902111100_00160.jpg,datasets_flow/dataset_cropped/09_Metas/02/11/20190902111100_00160.jpg,datasets_cloudmask/dataset_cropped/09_Metas/02/11/20190902111100_00160.png,767.6,841,118.1,28.7,962
9/2/2019 11:12,datasets/dataset_cropped/09_Metas/02/11/20190902111200_00160.jpg,datasets_flow/dataset_cropped/09_Metas/02/11/20190902111200_00160.jpg,datasets_cloudmask/dataset_cropped/09_Metas/02/11/20190902111200_00160.png,772.6,847,117.1,28.5,963
9/2/2019 11:13,datasets/dataset_cropped/09_Metas/02/11/20190902111300_00160.jpg,datasets_flow/dataset_cropped/09_Metas/02/11/20190902111300_00160.jpg,datasets_cloudmask/dataset_cropped/09_Metas/02/11/20190902111300_00160.png,778.1,854,115.9,28.3,963
9/2/2019 11:14,datasets/dataset_cropped/09_Metas/02/11/20190902111400_00160.jpg,datasets_flow/dataset_cropped/09_Metas/02/11/20190902111400_00160.jpg,datasets_cloudmask/dataset_cropped/09_Metas/02/11/20190902111400_00160.png,777.2,850,116.4,28.4,963
9/2/2019 11:15,datasets/dataset_cropped/09_Metas/02/11/20190902111500_00160.jpg,datasets_flow/dataset_cropped/09_Metas/02/11/20190902111500_00160.jpg,datasets_cloudmask/dataset_cropped/09_Metas/02/11/20190902111500_00160.png,773.1,842,117.1,28.7,963
9/2/2019 11:16,datasets/dataset_cropped/09_Metas/02/11/20190902111600_00160.jpg,datasets_flow/dataset_cropped/09_Metas/02/11/20190902111600_00160.jpg,datasets_cloudmask/dataset_cropped/09_Metas/02/11/20190902111600_00160.png,781,851,117.3,28.7,963
9/2/2019 11:17,datasets/dataset_cropped/09_Metas/02/11/20190902111700_00160.jpg,datasets_flow/dataset_cropped/09_Metas/02/11/20190902111700_00160.jpg,datasets_cloudmask/dataset_cropped/09_Metas/02/11/20190902111700_00160.png,784,853,117.3,28.6,963
9/2/2019 11:18,datasets/dataset_cropped/09_Metas/02/11/20190902111800_00160.jpg,datasets_flow/dataset_cropped/09_Metas/02/11/20190902111800_00160.jpg,datasets_cloudmask/dataset_cropped/09_Metas/02/11/20190902111800_00160.png,786.8,857,117.2,29,963
9/2/2019 11:19,datasets/dataset_cropped/09_Metas/02/11/20190902111900_00160.jpg,datasets_flow/dataset_cropped/09_Metas/02/11/20190902111900_00160.jpg,datasets_cloudmask/dataset_cropped/09_Metas/02/11/20190902111900_00160.png,787.5,856,116.9,29,963
9/2/2019 11:20,datasets/dataset_cropped/09_Metas/02/11/20190902112000_00160.jpg,datasets_flow/dataset_cropped/09_Metas/02/11/20190902112000_00160.jpg,datasets_cloudmask/dataset_cropped/09_Metas/02/11/20190902112000_00160.png,789.4,856,116.4,28.8,963
9/2/2019 11:21,datasets/dataset_cropped/09_Metas/02/11/20190902112100_00160.jpg,datasets_flow/dataset_cropped/09_Metas/02/11/20190902112100_00160.jpg,datasets_cloudmask/dataset_cropped/09_Metas/02/11/20190902112100_00160.png,789.2,852,117.6,28.9,962
9/2/2019 11:22,datasets/dataset_cropped/09_Metas/02/11/20190902112200_00160.jpg,datasets_flow/dataset_cropped/09_Metas/02/11/20190902112200_00160.jpg,datasets_cloudmask/dataset_cropped/09_Metas/02/11/20190902112200_00160.png,790.8,851,118.6,28.7,963
9/2/2019 11:23,datasets/dataset_cropped/09_Metas/02/11/20190902112300_00160.jpg,datasets_flow/dataset_cropped/09_Metas/02/11/20190902112300_00160.jpg,datasets_cloudmask/dataset_cropped/09_Metas/02/11/20190902112300_00160.png,793.6,852,119,28.4,963
9/2/2019 11:24,datasets/dataset_cropped/09_Metas/02/11/20190902112400_00160.jpg,datasets_flow/dataset_cropped/09_Metas/02/11/20190902112400_00160.jpg,datasets_cloudmask/dataset_cropped/09_Metas/02/11/20190902112400_00160.png,798.4,856,118.9,28.1,963
9/2/2019 11:25,datasets/dataset_cropped/09_Metas/02/11/20190902112500_00160.jpg,datasets_flow/dataset_cropped/09_Metas/02/11/20190902112500_00160.jpg,datasets_cloudmask/dataset_cropped/09_Metas/02/11/20190902112500_00160.png,803,859,119.9,28.2,963
9/2/2019 11:26,datasets/dataset_cropped/09_Metas/02/11/20190902112600_00160.jpg,datasets_flow/dataset_cropped/09_Metas/02/11/20190902112600_00160.jpg,datasets_cloudmask/dataset_cropped/09_Metas/02/11/20190902112600_00160.png,789.3,837,122.6,28.5,963
9/2/2019 11:27,datasets/dataset_cropped/09_Metas/02/11/20190902112700_00160.jpg,datasets_flow/dataset_cropped/09_Metas/02/11/20190902112700_00160.jpg,datasets_cloudmask/dataset_cropped/09_Metas/02/11/20190902112700_00160.png,797.5,844,124.2,29,963
9/2/2019 11:28,datasets/dataset_cropped/09_Metas/02/11/20190902112800_00160.jpg,datasets_flow/dataset_cropped/09_Metas/02/11/20190902112800_00160.jpg,datasets_cloudmask/dataset_cropped/09_Metas/02/11/20190902112800_00160.png,801,848,123.6,28.9,963
9/2/2019 11:29,datasets/dataset_cropped/09_Metas/02/11/20190902112900_00160.jpg,datasets_flow/dataset_cropped/09_Metas/02/11/20190902112900_00160.jpg,datasets_cloudmask/dataset_cropped/09_Metas/02/11/20190902112900_00160.png,802,849,123,28.9,963
9/2/2019 11:30,datasets/dataset_cropped/09_Metas/02/11/20190902113000_00160.jpg,datasets_flow/dataset_cropped/09_Metas/02/11/20190902113000_00160.jpg,datasets_cloudmask/dataset_cropped/09_Metas/02/11/20190902113000_00160.png,803,849,123.1,28.5,963
9/2/2019 11:31,datasets/dataset_cropped/09_Metas/02/11/20190902113100_00160.jpg,datasets_flow/dataset_cropped/09_Metas/02/11/20190902113100_00160.jpg,datasets_cloudmask/dataset_cropped/09_Metas/02/11/20190902113100_00160.png,803,846,123.2,28.3,963
9/2/2019 11:32,datasets/dataset_cropped/09_Metas/02/11/20190902113200_00160.jpg,datasets_flow/dataset_cropped/09_Metas/02/11/20190902113200_00160.jpg,datasets_cloudmask/dataset_cropped/09_Metas/02/11/20190902113200_00160.png,801,842,123,28.4,963
9/2/2019 11:33,datasets/dataset_cropped/09_Metas/02/11/20190902113300_00160.jpg,datasets_flow/dataset_cropped/09_Metas/02/11/20190902113300_00160.jpg,datasets_cloudmask/dataset_cropped/09_Metas/02/11/20190902113300_00160.png,809,850,123.7,29,963
9/2/2019 11:34,datasets/dataset_cropped/09_Metas/02/11/20190902113400_00160.jpg,datasets_flow/dataset_cropped/09_Metas/02/11/20190902113400_00160.jpg,datasets_cloudmask/dataset_cropped/09_Metas/02/11/20190902113400_00160.png,810,849,125,29,963
9/2/2019 11:35,datasets/dataset_cropped/09_Metas/02/11/20190902113500_00160.jpg,datasets_flow/dataset_cropped/09_Metas/02/11/20190902113500_00160.jpg,datasets_cloudmask/dataset_cropped/09_Metas/02/11/20190902113500_00160.png,810,846,125.8,28.5,963
9/2/2019 11:36,datasets/dataset_cropped/09_Metas/02/11/20190902113600_00160.jpg,datasets_flow/dataset_cropped/09_Metas/02/11/20190902113600_00160.jpg,datasets_cloudmask/dataset_cropped/09_Metas/02/11/20190902113600_00160.png,815,850,125.9,28.2,963
9/2/2019 11:37,datasets/dataset_cropped/09_Metas/02/11/20190902113700_00160.jpg,datasets_flow/dataset_cropped/09_Metas/02/11/20190902113700_00160.jpg,datasets_cloudmask/dataset_cropped/09_Metas/02/11/20190902113700_00160.png,820,851,128.1,28.4,963
9/2/2019 11:38,datasets/dataset_cropped/09_Metas/02/11/20190902113800_00160.jpg,datasets_flow/dataset_cropped/09_Metas/02/11/20190902113800_00160.jpg,datasets_cloudmask/dataset_cropped/09_Metas/02/11/20190902113800_00160.png,822,849,131.6,28.6,963
9/2/2019 11:39,datasets/dataset_cropped/09_Metas/02/11/20190902113900_00160.jpg,datasets_flow/dataset_cropped/09_Metas/02/11/20190902113900_00160.jpg,datasets_cloudmask/dataset_cropped/09_Metas/02/11/20190902113900_00160.png,823,848,132.1,28.6,963
9/2/2019 11:40,datasets/dataset_cropped/09_Metas/02/11/20190902114000_00160.jpg,datasets_flow/dataset_cropped/09_Metas/02/11/20190902114000_00160.jpg,datasets_cloudmask/dataset_cropped/09_Metas/02/11/20190902114000_00160.png,813,832,134,28.4,963
9/2/2019 11:41,datasets/dataset_cropped/09_Metas/02/11/20190902114100_00160.jpg,datasets_flow/dataset_cropped/09_Metas/02/11/20190902114100_00160.jpg,datasets_cloudmask/dataset_cropped/09_Metas/02/11/20190902114100_00160.png,807,819,137.4,28.6,963
9/2/2019 11:42,datasets/dataset_cropped/09_Metas/02/11/20190902114200_00160.jpg,datasets_flow/dataset_cropped/09_Metas/02/11/20190902114200_00160.jpg,datasets_cloudmask/dataset_cropped/09_Metas/02/11/20190902114200_00160.png,816,829,138,28.9,963
9/2/2019 11:43,datasets/dataset_cropped/09_Metas/02/11/20190902114300_00160.jpg,datasets_flow/dataset_cropped/09_Metas/02/11/20190902114300_00160.jpg,datasets_cloudmask/dataset_cropped/09_Metas/02/11/20190902114300_00160.png,826,843,135.1,28.6,963
9/2/2019 11:44,datasets/dataset_cropped/09_Metas/02/11/20190902114400_00160.jpg,datasets_flow/dataset_cropped/09_Metas/02/11/20190902114400_00160.jpg,datasets_cloudmask/dataset_cropped/09_Metas/02/11/20190902114400_00160.png,821,838,132.9,28.2,963
9/2/2019 11:45,datasets/dataset_cropped/09_Metas/02/11/20190902114500_00160.jpg,datasets_flow/dataset_cropped/09_Metas/02/11/20190902114500_00160.jpg,datasets_cloudmask/dataset_cropped/09_Metas/02/11/20190902114500_00160.png,823,839,132.5,28.5,963
9/2/2019 11:46,datasets/dataset_cropped/09_Metas/02/11/20190902114600_00160.jpg,datasets_flow/dataset_cropped/09_Metas/02/11/20190902114600_00160.jpg,datasets_cloudmask/dataset_cropped/09_Metas/02/11/20190902114600_00160.png,826,841,133.4,28.5,963
9/2/2019 11:47,datasets/dataset_cropped/09_Metas/02/11/20190902114700_00160.jpg,datasets_flow/dataset_cropped/09_Metas/02/11/20190902114700_00160.jpg,datasets_cloudmask/dataset_cropped/09_Metas/02/11/20190902114700_00160.png,827,841,132.9,28.2,963
9/2/2019 11:48,datasets/dataset_cropped/09_Metas/02/11/20190902114800_00160.jpg,datasets_flow/dataset_cropped/09_Metas/02/11/20190902114800_00160.jpg,datasets_cloudmask/dataset_cropped/09_Metas/02/11/20190902114800_00160.png,828,842,133.1,28.2,963
9/2/2019 11:49,datasets/dataset_cropped/09_Metas/02/11/20190902114900_00160.jpg,datasets_flow/dataset_cropped/09_Metas/02/11/20190902114900_00160.jpg,datasets_cloudmask/dataset_cropped/09_Metas/02/11/20190902114900_00160.png,830,843,133.3,28.5,963
9/2/2019 11:50,datasets/dataset_cropped/09_Metas/02/11/20190902115000_00160.jpg,datasets_flow/dataset_cropped/09_Metas/02/11/20190902115000_00160.jpg,datasets_cloudmask/dataset_cropped/09_Metas/02/11/20190902115000_00160.png,836,849,133.8,28.5,963
9/2/2019 11:51,datasets/dataset_cropped/09_Metas/02/11/20190902115100_00160.jpg,datasets_flow/dataset_cropped/09_Metas/02/11/20190902115100_00160.jpg,datasets_cloudmask/dataset_cropped/09_Metas/02/11/20190902115100_00160.png,836,849,132.7,28.3,963
9/2/2019 11:52,datasets/dataset_cropped/09_Metas/02/11/20190902115200_00160.jpg,datasets_flow/dataset_cropped/09_Metas/02/11/20190902115200_00160.jpg,datasets_cloudmask/dataset_cropped/09_Metas/02/11/20190902115200_00160.png,837,851,131.2,28.2,963
9/2/2019 11:53,datasets/dataset_cropped/09_Metas/02/11/20190902115300_00160.jpg,datasets_flow/dataset_cropped/09_Metas/02/11/20190902115300_00160.jpg,datasets_cloudmask/dataset_cropped/09_Metas/02/11/20190902115300_00160.png,838,848,132,28.4,963
9/2/2019 11:54,datasets/dataset_cropped/09_Metas/02/11/20190902115400_00160.jpg,datasets_flow/dataset_cropped/09_Metas/02/11/20190902115400_00160.jpg,datasets_cloudmask/dataset_cropped/09_Metas/02/11/20190902115400_00160.png,838,844,135.2,28.6,963
9/2/2019 11:55,datasets/dataset_cropped/09_Metas/02/11/20190902115500_00160.jpg,datasets_flow/dataset_cropped/09_Metas/02/11/20190902115500_00160.jpg,datasets_cloudmask/dataset_cropped/09_Metas/02/11/20190902115500_00160.png,835,837,136.9,28.5,963
9/2/2019 11:56,datasets/dataset_cropped/09_Metas/02/11/20190902115600_00160.jpg,datasets_flow/dataset_cropped/09_Metas/02/11/20190902115600_00160.jpg,datasets_cloudmask/dataset_cropped/09_Metas/02/11/20190902115600_00160.png,833,836,135.5,28.5,963
9/2/2019 11:57,datasets/dataset_cropped/09_Metas/02/11/20190902115700_00160.jpg,datasets_flow/dataset_cropped/09_Metas/02/11/20190902115700_00160.jpg,datasets_cloudmask/dataset_cropped/09_Metas/02/11/20190902115700_00160.png,843,850,132.7,28.5,963
9/2/2019 11:58,datasets/dataset_cropped/09_Metas/02/11/20190902115800_00160.jpg,datasets_flow/dataset_cropped/09_Metas/02/11/20190902115800_00160.jpg,datasets_cloudmask/dataset_cropped/09_Metas/02/11/20190902115800_00160.png,844,851,131.8,28.2,963
9/2/2019 11:59,datasets/dataset_cropped/09_Metas/02/11/20190902115900_00160.jpg,datasets_flow/dataset_cropped/09_Metas/02/11/20190902115900_00160.jpg,datasets_cloudmask/dataset_cropped/09_Metas/02/11/20190902115900_00160.png,842,848,130.1,28,963
9/2/2019 12:00,datasets/dataset_cropped/09_Metas/02/12/20190902120000_00160.jpg,datasets_flow/dataset_cropped/09_Metas/02/12/20190902120000_00160.jpg,datasets_cloudmask/dataset_cropped/09_Metas/02/12/20190902120000_00160.png,849,856,129.4,28.2,963
9/2/2019 12:01,datasets/dataset_cropped/09_Metas/02/12/20190902120100_00160.jpg,datasets_flow/dataset_cropped/09_Metas/02/12/20190902120100_00160.jpg,datasets_cloudmask/dataset_cropped/09_Metas/02/12/20190902120100_00160.png,850,857,129.6,28.1,963
9/2/2019 12:02,datasets/dataset_cropped/09_Metas/02/12/20190902120200_00160.jpg,datasets_flow/dataset_cropped/09_Metas/02/12/20190902120200_00160.jpg,datasets_cloudmask/dataset_cropped/09_Metas/02/12/20190902120200_00160.png,848,851,131.2,28.2,963
9/2/2019 12:03,datasets/dataset_cropped/09_Metas/02/12/20190902120300_00160.jpg,datasets_flow/dataset_cropped/09_Metas/02/12/20190902120300_00160.jpg,datasets_cloudmask/dataset_cropped/09_Metas/02/12/20190902120300_00160.png,834,829,135.4,28.4,963
9/2/2019 12:04,datasets/dataset_cropped/09_Metas/02/12/20190902120400_00160.jpg,datasets_flow/dataset_cropped/09_Metas/02/12/20190902120400_00160.jpg,datasets_cloudmask/dataset_cropped/09_Metas/02/12/20190902120400_00160.png,848,839,139.4,28,963
9/2/2019 12:05,datasets/dataset_cropped/09_Metas/02/12/20190902120500_00160.jpg,datasets_flow/dataset_cropped/09_Metas/02/12/20190902120500_00160.jpg,datasets_cloudmask/dataset_cropped/09_Metas/02/12/20190902120500_00160.png,844,827,144.6,28.2,963
9/2/2019 12:06,datasets/dataset_cropped/09_Metas/02/12/20190902120600_00160.jpg,datasets_flow/dataset_cropped/09_Metas/02/12/20190902120600_00160.jpg,datasets_cloudmask/dataset_cropped/09_Metas/02/12/20190902120600_00160.png,847,831,144.3,28.3,963
9/2/2019 12:07,datasets/dataset_cropped/09_Metas/02/12/20190902120700_00160.jpg,datasets_flow/dataset_cropped/09_Metas/02/12/20190902120700_00160.jpg,datasets_cloudmask/dataset_cropped/09_Metas/02/12/20190902120700_00160.png,841,832,137.6,28.3,963
9/2/2019 12:08,datasets/dataset_cropped/09_Metas/02/12/20190902120800_00160.jpg,datasets_flow/dataset_cropped/09_Metas/02/12/20190902120800_00160.jpg,datasets_cloudmask/dataset_cropped/09_Metas/02/12/20190902120800_00160.png,858,860,130.6,28.6,963
9/2/2019 12:09,datasets/dataset_cropped/09_Metas/02/12/20190902120900_00160.jpg,datasets_flow/dataset_cropped/09_Metas/02/12/20190902120900_00160.jpg,datasets_cloudmask/dataset_cropped/09_Metas/02/12/20190902120900_00160.png,866,875,124.9,28.5,963
9/2/2019 12:10,datasets/dataset_cropped/09_Metas/02/12/20190902121000_00160.jpg,datasets_flow/dataset_cropped/09_Metas/02/12/20190902121000_00160.jpg,datasets_cloudmask/dataset_cropped/09_Metas/02/12/20190902121000_00160.png,870,881,122.8,28.2,963
9/2/2019 12:11,datasets/dataset_cropped/09_Metas/02/12/20190902121100_00160.jpg,datasets_flow/dataset_cropped/09_Metas/02/12/20190902121100_00160.jpg,datasets_cloudmask/dataset_cropped/09_Metas/02/12/20190902121100_00160.png,870,876,125.1,28.3,963
9/2/2019 12:12,datasets/dataset_cropped/09_Metas/02/12/20190902121200_00160.jpg,datasets_flow/dataset_cropped/09_Metas/02/12/20190902121200_00160.jpg,datasets_cloudmask/dataset_cropped/09_Metas/02/12/20190902121200_00160.png,854,851,129.4,28.4,963
9/2/2019 12:13,datasets/dataset_cropped/09_Metas/02/12/20190902121300_00160.jpg,datasets_flow/dataset_cropped/09_Metas/02/12/20190902121300_00160.jpg,datasets_cloudmask/dataset_cropped/09_Metas/02/12/20190902121300_00160.png,866,862,131.1,28.2,963
9/2/2019 12:14,datasets/dataset_cropped/09_Metas/02/12/20190902121400_00160.jpg,datasets_flow/dataset_cropped/09_Metas/02/12/20190902121400_00160.jpg,datasets_cloudmask/dataset_cropped/09_Metas/02/12/20190902121400_00160.png,868,867,128.4,28.4,963
9/2/2019 12:15,datasets/dataset_cropped/09_Metas/02/12/20190902121500_00160.jpg,datasets_flow/dataset_cropped/09_Metas/02/12/20190902121500_00160.jpg,datasets_cloudmask/dataset_cropped/09_Metas/02/12/20190902121500_00160.png,870,872,125.3,28.3,963
9/2/2019 12:16,datasets/dataset_cropped/09_Metas/02/12/20190902121600_00160.jpg,datasets_flow/dataset_cropped/09_Metas/02/12/20190902121600_00160.jpg,datasets_cloudmask/dataset_cropped/09_Metas/02/12/20190902121600_00160.png,869,873,123.7,28.5,963
9/2/2019 12:17,datasets/dataset_cropped/09_Metas/02/12/20190902121700_00160.jpg,datasets_flow/dataset_cropped/09_Metas/02/12/20190902121700_00160.jpg,datasets_cloudmask/dataset_cropped/09_Metas/02/12/20190902121700_00160.png,872,877,122.9,28.9,963
9/2/2019 12:18,datasets/dataset_cropped/09_Metas/02/12/20190902121800_00160.jpg,datasets_flow/dataset_cropped/09_Metas/02/12/20190902121800_00160.jpg,datasets_cloudmask/dataset_cropped/09_Metas/02/12/20190902121800_00160.png,867,871,121.8,28.9,963
9/2/2019 12:19,datasets/dataset_cropped/09_Metas/02/12/20190902121900_00160.jpg,datasets_flow/dataset_cropped/09_Metas/02/12/20190902121900_00160.jpg,datasets_cloudmask/dataset_cropped/09_Metas/02/12/20190902121900_00160.png,865,866,123.4,28.6,963
9/2/2019 12:20,datasets/dataset_cropped/09_Metas/02/12/20190902122000_00160.jpg,datasets_flow/dataset_cropped/09_Metas/02/12/20190902122000_00160.jpg,datasets_cloudmask/dataset_cropped/09_Metas/02/12/20190902122000_00160.png,870,868,125.1,28.6,963
9/2/2019 12:21,datasets/dataset_cropped/09_Metas/02/12/20190902122100_00160.jpg,datasets_flow/dataset_cropped/09_Metas/02/12/20190902122100_00160.jpg,datasets_cloudmask/dataset_cropped/09_Metas/02/12/20190902122100_00160.png,872,869,127,28.9,963
9/2/2019 12:22,datasets/dataset_cropped/09_Metas/02/12/20190902122200_00160.jpg,datasets_flow/dataset_cropped/09_Metas/02/12/20190902122200_00160.jpg,datasets_cloudmask/dataset_cropped/09_Metas/02/12/20190902122200_00160.png,874,871,127.3,29.1,963
9/2/2019 12:23,datasets/dataset_cropped/09_Metas/02/12/20190902122300_00160.jpg,datasets_flow/dataset_cropped/09_Metas/02/12/20190902122300_00160.jpg,datasets_cloudmask/dataset_cropped/09_Metas/02/12/20190902122300_00160.png,869,865,126.1,28.9,963
9/2/2019 12:24,datasets/dataset_cropped/09_Metas/02/12/20190902122400_00160.jpg,datasets_flow/dataset_cropped/09_Metas/02/12/20190902122400_00160.jpg,datasets_cloudmask/dataset_cropped/09_Metas/02/12/20190902122400_00160.png,875,872,126.1,28.8,963
9/2/2019 12:25,datasets/dataset_cropped/09_Metas/02/12/20190902122500_00160.jpg,datasets_flow/dataset_cropped/09_Metas/02/12/20190902122500_00160.jpg,datasets_cloudmask/dataset_cropped/09_Metas/02/12/20190902122500_00160.png,871,866,126.4,29.1,963
9/2/2019 12:26,datasets/dataset_cropped/09_Metas/02/12/20190902122600_00160.jpg,datasets_flow/dataset_cropped/09_Metas/02/12/20190902122600_00160.jpg,datasets_cloudmask/dataset_cropped/09_Metas/02/12/20190902122600_00160.png,875,871,126.1,29.1,963
9/2/2019 12:27,datasets/dataset_cropped/09_Metas/02/12/20190902122700_00160.jpg,datasets_flow/dataset_cropped/09_Metas/02/12/20190902122700_00160.jpg,datasets_cloudmask/dataset_cropped/09_Metas/02/12/20190902122700_00160.png,867,859,127.1,28.9,963
9/2/2019 12:28,datasets/dataset_cropped/09_Metas/02/12/20190902122800_00160.jpg,datasets_flow/dataset_cropped/09_Metas/02/12/20190902122800_00160.jpg,datasets_cloudmask/dataset_cropped/09_Metas/02/12/20190902122800_00160.png,871,862,127.9,29,963
9/2/2019 12:29,datasets/dataset_cropped/09_Metas/02/12/20190902122900_00160.jpg,datasets_flow/dataset_cropped/09_Metas/02/12/20190902122900_00160.jpg,datasets_cloudmask/dataset_cropped/09_Metas/02/12/20190902122900_00160.png,884,878,126.9,29.1,963
9/2/2019 12:30,datasets/dataset_cropped/09_Metas/02/12/20190902123000_00160.jpg,datasets_flow/dataset_cropped/09_Metas/02/12/20190902123000_00160.jpg,datasets_cloudmask/dataset_cropped/09_Metas/02/12/20190902123000_00160.png,883,879,125.1,28.9,963
9/2/2019 12:31,datasets/dataset_cropped/09_Metas/02/12/20190902123100_00160.jpg,datasets_flow/dataset_cropped/09_Metas/02/12/20190902123100_00160.jpg,datasets_cloudmask/dataset_cropped/09_Metas/02/12/20190902123100_00160.png,883,882,122.9,28.7,963
9/2/2019 12:32,datasets/dataset_cropped/09_Metas/02/12/20190902123200_00160.jpg,datasets_flow/dataset_cropped/09_Metas/02/12/20190902123200_00160.jpg,datasets_cloudmask/dataset_cropped/09_Metas/02/12/20190902123200_00160.png,883,882,121.1,28.8,963
9/2/2019 12:33,datasets/dataset_cropped/09_Metas/02/12/20190902123300_00160.jpg,datasets_flow/dataset_cropped/09_Metas/02/12/20190902123300_00160.jpg,datasets_cloudmask/dataset_cropped/09_Metas/02/12/20190902123300_00160.png,882,880,120.3,29.2,963
9/2/2019 12:34,datasets/dataset_cropped/09_Metas/02/12/20190902123400_00160.jpg,datasets_flow/dataset_cropped/09_Metas/02/12/20190902123400_00160.jpg,datasets_cloudmask/dataset_cropped/09_Metas/02/12/20190902123400_00160.png,880,877,120.2,29.1,963
9/2/2019 12:35,datasets/dataset_cropped/09_Metas/02/12/20190902123500_00160.jpg,datasets_flow/dataset_cropped/09_Metas/02/12/20190902123500_00160.jpg,datasets_cloudmask/dataset_cropped/09_Metas/02/12/20190902123500_00160.png,883,880,120.5,28.7,963
9/2/2019 12:36,datasets/dataset_cropped/09_Metas/02/12/20190902123600_00160.jpg,datasets_flow/dataset_cropped/09_Metas/02/12/20190902123600_00160.jpg,datasets_cloudmask/dataset_cropped/09_Metas/02/12/20190902123600_00160.png,881,878,120.8,28.7,963
9/2/2019 12:37,datasets/dataset_cropped/09_Metas/02/12/20190902123700_00160.jpg,datasets_flow/dataset_cropped/09_Metas/02/12/20190902123700_00160.jpg,datasets_cloudmask/dataset_cropped/09_Metas/02/12/20190902123700_00160.png,881,878,119.9,28.5,963
9/2/2019 12:38,datasets/dataset_cropped/09_Metas/02/12/20190902123800_00160.jpg,datasets_flow/dataset_cropped/09_Metas/02/12/20190902123800_00160.jpg,datasets_cloudmask/dataset_cropped/09_Metas/02/12/20190902123800_00160.png,882,877,120.3,28.7,963
9/2/2019 12:39,datasets/dataset_cropped/09_Metas/02/12/20190902123900_00160.jpg,datasets_flow/dataset_cropped/09_Metas/02/12/20190902123900_00160.jpg,datasets_cloudmask/dataset_cropped/09_Metas/02/12/20190902123900_00160.png,885,880,120.9,28.5,963
9/2/2019 12:40,datasets/dataset_cropped/09_Metas/02/12/20190902124000_00160.jpg,datasets_flow/dataset_cropped/09_Metas/02/12/20190902124000_00160.jpg,datasets_cloudmask/dataset_cropped/09_Metas/02/12/20190902124000_00160.png,885,880,120.5,28.6,963
9/2/2019 12:41,datasets/dataset_cropped/09_Metas/02/12/20190902124100_00160.jpg,datasets_flow/dataset_cropped/09_Metas/02/12/20190902124100_00160.jpg,datasets_cloudmask/dataset_cropped/09_Metas/02/12/20190902124100_00160.png,887,883,120.2,28.7,963
9/2/2019 12:42,datasets/dataset_cropped/09_Metas/02/12/20190902124200_00160.jpg,datasets_flow/dataset_cropped/09_Metas/02/12/20190902124200_00160.jpg,datasets_cloudmask/dataset_cropped/09_Metas/02/12/20190902124200_00160.png,881,875,120.7,28.6,963
9/2/2019 12:43,datasets/dataset_cropped/09_Metas/02/12/20190902124300_00160.jpg,datasets_flow/dataset_cropped/09_Metas/02/12/20190902124300_00160.jpg,datasets_cloudmask/dataset_cropped/09_Metas/02/12/20190902124300_00160.png,883,876,121,28.7,963
9/2/2019 12:44,datasets/dataset_cropped/09_Metas/02/12/20190902124400_00160.jpg,datasets_flow/dataset_cropped/09_Metas/02/12/20190902124400_00160.jpg,datasets_cloudmask/dataset_cropped/09_Metas/02/12/20190902124400_00160.png,884,877,120.4,28.7,963
9/2/2019 12:45,datasets/dataset_cropped/09_Metas/02/12/20190902124500_00160.jpg,datasets_flow/dataset_cropped/09_Metas/02/12/20190902124500_00160.jpg,datasets_cloudmask/dataset_cropped/09_Metas/02/12/20190902124500_00160.png,889,884,118.7,29,963
9/2/2019 12:46,datasets/dataset_cropped/09_Metas/02/12/20190902124600_00160.jpg,datasets_flow/dataset_cropped/09_Metas/02/12/20190902124600_00160.jpg,datasets_cloudmask/dataset_cropped/09_Metas/02/12/20190902124600_00160.png,889,886,117.6,29.3,963
9/2/2019 12:47,datasets/dataset_cropped/09_Metas/02/12/20190902124700_00160.jpg,datasets_flow/dataset_cropped/09_Metas/02/12/20190902124700_00160.jpg,datasets_cloudmask/dataset_cropped/09_Metas/02/12/20190902124700_00160.png,890,887,116.3,28.8,963
9/2/2019 12:48,datasets/dataset_cropped/09_Metas/02/12/20190902124800_00160.jpg,datasets_flow/dataset_cropped/09_Metas/02/12/20190902124800_00160.jpg,datasets_cloudmask/dataset_cropped/09_Metas/02/12/20190902124800_00160.png,891,889,115.6,28.8,963
9/2/2019 12:49,datasets/dataset_cropped/09_Metas/02/12/20190902124900_00160.jpg,datasets_flow/dataset_cropped/09_Metas/02/12/20190902124900_00160.jpg,datasets_cloudmask/dataset_cropped/09_Metas/02/12/20190902124900_00160.png,891,890,114.6,28.8,963
9/2/2019 12:50,datasets/dataset_cropped/09_Metas/02/12/20190902125000_00160.jpg,datasets_flow/dataset_cropped/09_Metas/02/12/20190902125000_00160.jpg,datasets_cloudmask/dataset_cropped/09_Metas/02/12/20190902125000_00160.png,890,889,114.2,28.6,963
9/2/2019 12:51,datasets/dataset_cropped/09_Metas/02/12/20190902125100_00160.jpg,datasets_flow/dataset_cropped/09_Metas/02/12/20190902125100_00160.jpg,datasets_cloudmask/dataset_cropped/09_Metas/02/12/20190902125100_00160.png,890,888,114.7,28.4,963
9/2/2019 12:52,datasets/dataset_cropped/09_Metas/02/12/20190902125200_00160.jpg,datasets_flow/dataset_cropped/09_Metas/02/12/20190902125200_00160.jpg,datasets_cloudmask/dataset_cropped/09_Metas/02/12/20190902125200_00160.png,895,891,116.3,28.5,963
9/2/2019 12:53,datasets/dataset_cropped/09_Metas/02/12/20190902125300_00160.jpg,datasets_flow/dataset_cropped/09_Metas/02/12/20190902125300_00160.jpg,datasets_cloudmask/dataset_cropped/09_Metas/02/12/20190902125300_00160.png,887,878,120.1,28.7,963
9/2/2019 12:54,datasets/dataset_cropped/09_Metas/02/12/20190902125400_00160.jpg,datasets_flow/dataset_cropped/09_Metas/02/12/20190902125400_00160.jpg,datasets_cloudmask/dataset_cropped/09_Metas/02/12/20190902125400_00160.png,882,872,120.8,29.4,963
9/2/2019 12:55,datasets/dataset_cropped/09_Metas/02/12/20190902125500_00160.jpg,datasets_flow/dataset_cropped/09_Metas/02/12/20190902125500_00160.jpg,datasets_cloudmask/dataset_cropped/09_Metas/02/12/20190902125500_00160.png,884,876,119.4,29.4,963
9/2/2019 12:56,datasets/dataset_cropped/09_Metas/02/12/20190902125600_00160.jpg,datasets_flow/dataset_cropped/09_Metas/02/12/20190902125600_00160.jpg,datasets_cloudmask/dataset_cropped/09_Metas/02/12/20190902125600_00160.png,893,890,116.6,29.6,963
9/2/2019 12:57,datasets/dataset_cropped/09_Metas/02/12/20190902125700_00160.jpg,datasets_flow/dataset_cropped/09_Metas/02/12/20190902125700_00160.jpg,datasets_cloudmask/dataset_cropped/09_Metas/02/12/20190902125700_00160.png,898,899,113.3,28.9,963
9/2/2019 12:58,datasets/dataset_cropped/09_Metas/02/12/20190902125800_00160.jpg,datasets_flow/dataset_cropped/09_Metas/02/12/20190902125800_00160.jpg,datasets_cloudmask/dataset_cropped/09_Metas/02/12/20190902125800_00160.png,896,898,111.8,28.5,963
9/2/2019 12:59,datasets/dataset_cropped/09_Metas/02/12/20190902125900_00160.jpg,datasets_flow/dataset_cropped/09_Metas/02/12/20190902125900_00160.jpg,datasets_cloudmask/dataset_cropped/09_Metas/02/12/20190902125900_00160.png,897,897,113.2,28.7,963
9/2/2019 13:00,datasets/dataset_cropped/09_Metas/02/13/20190902130000_00160.jpg,datasets_flow/dataset_cropped/09_Metas/02/13/20190902130000_00160.jpg,datasets_cloudmask/dataset_cropped/09_Metas/02/13/20190902130000_00160.png,896,894,115.3,28.8,963
9/2/2019 13:01,datasets/dataset_cropped/09_Metas/02/13/20190902130100_00160.jpg,datasets_flow/dataset_cropped/09_Metas/02/13/20190902130100_00160.jpg,datasets_cloudmask/dataset_cropped/09_Metas/02/13/20190902130100_00160.png,894,890,115.6,28.7,963
9/2/2019 13:02,datasets/dataset_cropped/09_Metas/02/13/20190902130200_00160.jpg,datasets_flow/dataset_cropped/09_Metas/02/13/20190902130200_00160.jpg,datasets_cloudmask/dataset_cropped/09_Metas/02/13/20190902130200_00160.png,889,884,115.8,28.9,963
9/2/2019 13:03,datasets/dataset_cropped/09_Metas/02/13/20190902130300_00160.jpg,datasets_flow/dataset_cropped/09_Metas/02/13/20190902130300_00160.jpg,datasets_cloudmask/dataset_cropped/09_Metas/02/13/20190902130300_00160.png,889,885,115.3,28.8,963
9/2/2019 13:04,datasets/dataset_cropped/09_Metas/02/13/20190902130400_00160.jpg,datasets_flow/dataset_cropped/09_Metas/02/13/20190902130400_00160.jpg,datasets_cloudmask/dataset_cropped/09_Metas/02/13/20190902130400_00160.png,895,892,114.3,28.9,963
9/2/2019 13:05,datasets/dataset_cropped/09_Metas/02/13/20190902130500_00160.jpg,datasets_flow/dataset_cropped/09_Metas/02/13/20190902130500_00160.jpg,datasets_cloudmask/dataset_cropped/09_Metas/02/13/20190902130500_00160.png,894,891,114.5,29,963
9/2/2019 13:06,datasets/dataset_cropped/09_Metas/02/13/20190902130600_00160.jpg,datasets_flow/dataset_cropped/09_Metas/02/13/20190902130600_00160.jpg,datasets_cloudmask/dataset_cropped/09_Metas/02/13/20190902130600_00160.png,893,889,114.8,28.7,963
9/2/2019 13:07,datasets/dataset_cropped/09_Metas/02/13/20190902130700_00160.jpg,datasets_flow/dataset_cropped/09_Metas/02/13/20190902130700_00160.jpg,datasets_cloudmask/dataset_cropped/09_Metas/02/13/20190902130700_00160.png,897,893,114.8,28.7,963
9/2/2019 13:08,datasets/dataset_cropped/09_Metas/02/13/20190902130800_00160.jpg,datasets_flow/dataset_cropped/09_Metas/02/13/20190902130800_00160.jpg,datasets_cloudmask/dataset_cropped/09_Metas/02/13/20190902130800_00160.png,892,885,116.7,28.4,963
9/2/2019 13:09,datasets/dataset_cropped/09_Metas/02/13/20190902130900_00160.jpg,datasets_flow/dataset_cropped/09_Metas/02/13/20190902130900_00160.jpg,datasets_cloudmask/dataset_cropped/09_Metas/02/13/20190902130900_00160.png,891,883,118.4,28.5,963
9/2/2019 13:10,datasets/dataset_cropped/09_Metas/02/13/20190902131000_00160.jpg,datasets_flow/dataset_cropped/09_Metas/02/13/20190902131000_00160.jpg,datasets_cloudmask/dataset_cropped/09_Metas/02/13/20190902131000_00160.png,898,890,119.2,28.7,963
9/2/2019 13:11,datasets/dataset_cropped/09_Metas/02/13/20190902131100_00160.jpg,datasets_flow/dataset_cropped/09_Metas/02/13/20190902131100_00160.jpg,datasets_cloudmask/dataset_cropped/09_Metas/02/13/20190902131100_00160.png,897,892,118.1,29,963
9/2/2019 13:12,datasets/dataset_cropped/09_Metas/02/13/20190902131200_00160.jpg,datasets_flow/dataset_cropped/09_Metas/02/13/20190902131200_00160.jpg,datasets_cloudmask/dataset_cropped/09_Metas/02/13/20190902131200_00160.png,898,896,115.7,28.8,963
9/2/2019 13:13,datasets/dataset_cropped/09_Metas/02/13/20190902131300_00160.jpg,datasets_flow/dataset_cropped/09_Metas/02/13/20190902131300_00160.jpg,datasets_cloudmask/dataset_cropped/09_Metas/02/13/20190902131300_00160.png,898,896,114.9,28.7,963
9/2/2019 13:14,datasets/dataset_cropped/09_Metas/02/13/20190902131400_00160.jpg,datasets_flow/dataset_cropped/09_Metas/02/13/20190902131400_00160.jpg,datasets_cloudmask/dataset_cropped/09_Metas/02/13/20190902131400_00160.png,898,897,114.4,28.6,963
9/2/2019 13:15,datasets/dataset_cropped/09_Metas/02/13/20190902131500_00160.jpg,datasets_flow/dataset_cropped/09_Metas/02/13/20190902131500_00160.jpg,datasets_cloudmask/dataset_cropped/09_Metas/02/13/20190902131500_00160.png,895,891,115.9,28.6,963
9/2/2019 13:16,datasets/dataset_cropped/09_Metas/02/13/20190902131600_00160.jpg,datasets_flow/dataset_cropped/09_Metas/02/13/20190902131600_00160.jpg,datasets_cloudmask/dataset_cropped/09_Metas/02/13/20190902131600_00160.png,895,888,117.4,28.5,962
9/2/2019 13:17,datasets/dataset_cropped/09_Metas/02/13/20190902131700_00160.jpg,datasets_flow/dataset_cropped/09_Metas/02/13/20190902131700_00160.jpg,datasets_cloudmask/dataset_cropped/09_Metas/02/13/20190902131700_00160.png,894,886,118.1,28.8,963
9/2/2019 13:18,datasets/dataset_cropped/09_Metas/02/13/20190902131800_00160.jpg,datasets_flow/dataset_cropped/09_Metas/02/13/20190902131800_00160.jpg,datasets_cloudmask/dataset_cropped/09_Metas/02/13/20190902131800_00160.png,896,891,116.5,28.4,963
9/2/2019 13:19,datasets/dataset_cropped/09_Metas/02/13/20190902131900_00160.jpg,datasets_flow/dataset_cropped/09_Metas/02/13/20190902131900_00160.jpg,datasets_cloudmask/dataset_cropped/09_Metas/02/13/20190902131900_00160.png,895,889,117.2,28.8,962
9/2/2019 13:20,datasets/dataset_cropped/09_Metas/02/13/20190902132000_00160.jpg,datasets_flow/dataset_cropped/09_Metas/02/13/20190902132000_00160.jpg,datasets_cloudmask/dataset_cropped/09_Metas/02/13/20190902132000_00160.png,894,890,116.7,29,962
9/2/2019 13:21,datasets/dataset_cropped/09_Metas/02/13/20190902132100_00160.jpg,datasets_flow/dataset_cropped/09_Metas/02/13/20190902132100_00160.jpg,datasets_cloudmask/dataset_cropped/09_Metas/02/13/20190902132100_00160.png,892,888,116.4,29,962
9/2/2019 13:22,datasets/dataset_cropped/09_Metas/02/13/20190902132200_00160.jpg,datasets_flow/dataset_cropped/09_Metas/02/13/20190902132200_00160.jpg,datasets_cloudmask/dataset_cropped/09_Metas/02/13/20190902132200_00160.png,892,887,117.4,29.2,962
9/2/2019 13:23,datasets/dataset_cropped/09_Metas/02/13/20190902132300_00160.jpg,datasets_flow/dataset_cropped/09_Metas/02/13/20190902132300_00160.jpg,datasets_cloudmask/dataset_cropped/09_Metas/02/13/20190902132300_00160.png,895,892,117,29.5,963
9/2/2019 13:24,datasets/dataset_cropped/09_Metas/02/13/20190902132400_00160.jpg,datasets_flow/dataset_cropped/09_Metas/02/13/20190902132400_00160.jpg,datasets_cloudmask/dataset_cropped/09_Metas/02/13/20190902132400_00160.png,894,890,117.3,29.2,962
9/2/2019 13:25,datasets/dataset_cropped/09_Metas/02/13/20190902132500_00160.jpg,datasets_flow/dataset_cropped/09_Metas/02/13/20190902132500_00160.jpg,datasets_cloudmask/dataset_cropped/09_Metas/02/13/20190902132500_00160.png,889,884,117.5,28.9,962
9/2/2019 13:26,datasets/dataset_cropped/09_Metas/02/13/20190902132600_00160.jpg,datasets_flow/dataset_cropped/09_Metas/02/13/20190902132600_00160.jpg,datasets_cloudmask/dataset_cropped/09_Metas/02/13/20190902132600_00160.png,890,886,117.7,28.6,963
9/2/2019 13:27,datasets/dataset_cropped/09_Metas/02/13/20190902132700_00160.jpg,datasets_flow/dataset_cropped/09_Metas/02/13/20190902132700_00160.jpg,datasets_cloudmask/dataset_cropped/09_Metas/02/13/20190902132700_00160.png,889,883,119.1,29,962
9/2/2019 13:28,datasets/dataset_cropped/09_Metas/02/13/20190902132800_00160.jpg,datasets_flow/dataset_cropped/09_Metas/02/13/20190902132800_00160.jpg,datasets_cloudmask/dataset_cropped/09_Metas/02/13/20190902132800_00160.png,883,874,121.4,29.5,962
9/2/2019 13:29,datasets/dataset_cropped/09_Metas/02/13/20190902132900_00160.jpg,datasets_flow/dataset_cropped/09_Metas/02/13/20190902132900_00160.jpg,datasets_cloudmask/dataset_cropped/09_Metas/02/13/20190902132900_00160.png,888,878,122,29.6,962
9/2/2019 13:30,datasets/dataset_cropped/09_Metas/02/13/20190902133000_00160.jpg,datasets_flow/dataset_cropped/09_Metas/02/13/20190902133000_00160.jpg,datasets_cloudmask/dataset_cropped/09_Metas/02/13/20190902133000_00160.png,879,867,122.3,29.3,962
9/2/2019 13:31,datasets/dataset_cropped/09_Metas/02/13/20190902133100_00160.jpg,datasets_flow/dataset_cropped/09_Metas/02/13/20190902133100_00160.jpg,datasets_cloudmask/dataset_cropped/09_Metas/02/13/20190902133100_00160.png,878,867,121.6,29.4,962
9/2/2019 13:32,datasets/dataset_cropped/09_Metas/02/13/20190902133200_00160.jpg,datasets_flow/dataset_cropped/09_Metas/02/13/20190902133200_00160.jpg,datasets_cloudmask/dataset_cropped/09_Metas/02/13/20190902133200_00160.png,886,879,119.9,29.3,962
9/2/2019 13:33,datasets/dataset_cropped/09_Metas/02/13/20190902133300_00160.jpg,datasets_flow/dataset_cropped/09_Metas/02/13/20190902133300_00160.jpg,datasets_cloudmask/dataset_cropped/09_Metas/02/13/20190902133300_00160.png,888,881,120,29.2,962
9/2/2019 13:34,datasets/dataset_cropped/09_Metas/02/13/20190902133400_00160.jpg,datasets_flow/dataset_cropped/09_Metas/02/13/20190902133400_00160.jpg,datasets_cloudmask/dataset_cropped/09_Metas/02/13/20190902133400_00160.png,887,882,119.3,29.2,962
9/2/2019 13:35,datasets/dataset_cropped/09_Metas/02/13/20190902133500_00160.jpg,datasets_flow/dataset_cropped/09_Metas/02/13/20190902133500_00160.jpg,datasets_cloudmask/dataset_cropped/09_Metas/02/13/20190902133500_00160.png,887,884,118.1,29.3,962
9/2/2019 13:36,datasets/dataset_cropped/09_Metas/02/13/20190902133600_00160.jpg,datasets_flow/dataset_cropped/09_Metas/02/13/20190902133600_00160.jpg,datasets_cloudmask/dataset_cropped/09_Metas/02/13/20190902133600_00160.png,886,883,117.8,28.9,962
9/2/2019 13:37,datasets/dataset_cropped/09_Metas/02/13/20190902133700_00160.jpg,datasets_flow/dataset_cropped/09_Metas/02/13/20190902133700_00160.jpg,datasets_cloudmask/dataset_cropped/09_Metas/02/13/20190902133700_00160.png,885,881,118.7,28.9,962
9/2/2019 13:38,datasets/dataset_cropped/09_Metas/02/13/20190902133800_00160.jpg,datasets_flow/dataset_cropped/09_Metas/02/13/20190902133800_00160.jpg,datasets_cloudmask/dataset_cropped/09_Metas/02/13/20190902133800_00160.png,882,877,119.1,28.8,962
9/2/2019 13:39,datasets/dataset_cropped/09_Metas/02/13/20190902133900_00160.jpg,datasets_flow/dataset_cropped/09_Metas/02/13/20190902133900_00160.jpg,datasets_cloudmask/dataset_cropped/09_Metas/02/13/20190902133900_00160.png,882,877,119.3,29.2,962
9/2/2019 13:40,datasets/dataset_cropped/09_Metas/02/13/20190902134000_00160.jpg,datasets_flow/dataset_cropped/09_Metas/02/13/20190902134000_00160.jpg,datasets_cloudmask/dataset_cropped/09_Metas/02/13/20190902134000_00160.png,882,877,119.8,29.1,962
9/2/2019 13:41,datasets/dataset_cropped/09_Metas/02/13/20190902134100_00160.jpg,datasets_flow/dataset_cropped/09_Metas/02/13/20190902134100_00160.jpg,datasets_cloudmask/dataset_cropped/09_Metas/02/13/20190902134100_00160.png,883,880,119.7,29.1,962
9/2/2019 13:42,datasets/dataset_cropped/09_Metas/02/13/20190902134200_00160.jpg,datasets_flow/dataset_cropped/09_Metas/02/13/20190902134200_00160.jpg,datasets_cloudmask/dataset_cropped/09_Metas/02/13/20190902134200_00160.png,881,878,119.7,29.2,962
9/2/2019 13:43,datasets/dataset_cropped/09_Metas/02/13/20190902134300_00160.jpg,datasets_flow/dataset_cropped/09_Metas/02/13/20190902134300_00160.jpg,datasets_cloudmask/dataset_cropped/09_Metas/02/13/20190902134300_00160.png,877,873,119.4,29,962
9/2/2019 13:44,datasets/dataset_cropped/09_Metas/02/13/20190902134400_00160.jpg,datasets_flow/dataset_cropped/09_Metas/02/13/20190902134400_00160.jpg,datasets_cloudmask/dataset_cropped/09_Metas/02/13/20190902134400_00160.png,879,875,119.7,29.2,962
9/2/2019 13:45,datasets/dataset_cropped/09_Metas/02/13/20190902134500_00160.jpg,datasets_flow/dataset_cropped/09_Metas/02/13/20190902134500_00160.jpg,datasets_cloudmask/dataset_cropped/09_Metas/02/13/20190902134500_00160.png,880,876,120,29.1,962
9/2/2019 13:46,datasets/dataset_cropped/09_Metas/02/13/20190902134600_00160.jpg,datasets_flow/dataset_cropped/09_Metas/02/13/20190902134600_00160.jpg,datasets_cloudmask/dataset_cropped/09_Metas/02/13/20190902134600_00160.png,877,872,122.2,29.1,962
9/2/2019 13:47,datasets/dataset_cropped/09_Metas/02/13/20190902134700_00160.jpg,datasets_flow/dataset_cropped/09_Metas/02/13/20190902134700_00160.jpg,datasets_cloudmask/dataset_cropped/09_Metas/02/13/20190902134700_00160.png,878,873,122.9,29.1,962
9/2/2019 13:48,datasets/dataset_cropped/09_Metas/02/13/20190902134800_00160.jpg,datasets_flow/dataset_cropped/09_Metas/02/13/20190902134800_00160.jpg,datasets_cloudmask/dataset_cropped/09_Metas/02/13/20190902134800_00160.png,871,864,123.8,28.8,962
9/2/2019 13:49,datasets/dataset_cropped/09_Metas/02/13/20190902134900_00160.jpg,datasets_flow/dataset_cropped/09_Metas/02/13/20190902134900_00160.jpg,datasets_cloudmask/dataset_cropped/09_Metas/02/13/20190902134900_00160.png,860,851,124.7,28.9,962
9/2/2019 13:50,datasets/dataset_cropped/09_Metas/02/13/20190902135000_00160.jpg,datasets_flow/dataset_cropped/09_Metas/02/13/20190902135000_00160.jpg,datasets_cloudmask/dataset_cropped/09_Metas/02/13/20190902135000_00160.png,866,857,125,28.9,962
9/2/2019 13:51,datasets/dataset_cropped/09_Metas/02/13/20190902135100_00160.jpg,datasets_flow/dataset_cropped/09_Metas/02/13/20190902135100_00160.jpg,datasets_cloudmask/dataset_cropped/09_Metas/02/13/20190902135100_00160.png,866,861,123.5,29.4,962
9/2/2019 13:52,datasets/dataset_cropped/09_Metas/02/13/20190902135200_00160.jpg,datasets_flow/dataset_cropped/09_Metas/02/13/20190902135200_00160.jpg,datasets_cloudmask/dataset_cropped/09_Metas/02/13/20190902135200_00160.png,870,868,122,29.6,962
9/2/2019 13:53,datasets/dataset_cropped/09_Metas/02/13/20190902135300_00160.jpg,datasets_flow/dataset_cropped/09_Metas/02/13/20190902135300_00160.jpg,datasets_cloudmask/dataset_cropped/09_Metas/02/13/20190902135300_00160.png,873,875,120.2,29.8,962
9/2/2019 13:54,datasets/dataset_cropped/09_Metas/02/13/20190902135400_00160.jpg,datasets_flow/dataset_cropped/09_Metas/02/13/20190902135400_00160.jpg,datasets_cloudmask/dataset_cropped/09_Metas/02/13/20190902135400_00160.png,877,884,117.9,29.9,962
9/2/2019 13:55,datasets/dataset_cropped/09_Metas/02/13/20190902135500_00160.jpg,datasets_flow/dataset_cropped/09_Metas/02/13/20190902135500_00160.jpg,datasets_cloudmask/dataset_cropped/09_Metas/02/13/20190902135500_00160.png,878,888,115.7,29.6,962
9/2/2019 13:56,datasets/dataset_cropped/09_Metas/02/13/20190902135600_00160.jpg,datasets_flow/dataset_cropped/09_Metas/02/13/20190902135600_00160.jpg,datasets_cloudmask/dataset_cropped/09_Metas/02/13/20190902135600_00160.png,866,871,117.4,29.6,962
9/2/2019 13:57,datasets/dataset_cropped/09_Metas/02/13/20190902135700_00160.jpg,datasets_flow/dataset_cropped/09_Metas/02/13/20190902135700_00160.jpg,datasets_cloudmask/dataset_cropped/09_Metas/02/13/20190902135700_00160.png,865,867,120,29.6,962
9/2/2019 13:58,datasets/dataset_cropped/09_Metas/02/13/20190902135800_00160.jpg,datasets_flow/dataset_cropped/09_Metas/02/13/20190902135800_00160.jpg,datasets_cloudmask/dataset_cropped/09_Metas/02/13/20190902135800_00160.png,868,871,120.5,29.1,962
9/2/2019 13:59,datasets/dataset_cropped/09_Metas/02/13/20190902135900_00160.jpg,datasets_flow/dataset_cropped/09_Metas/02/13/20190902135900_00160.jpg,datasets_cloudmask/dataset_cropped/09_Metas/02/13/20190902135900_00160.png,863,865,121.5,29.1,962
9/2/2019 14:00,datasets/dataset_cropped/09_Metas/02/14/20190902140000_00160.jpg,datasets_flow/dataset_cropped/09_Metas/02/14/20190902140000_00160.jpg,datasets_cloudmask/dataset_cropped/09_Metas/02/14/20190902140000_00160.png,865,868,121.5,29.1,962
9/2/2019 14:01,datasets/dataset_cropped/09_Metas/02/14/20190902140100_00160.jpg,datasets_flow/dataset_cropped/09_Metas/02/14/20190902140100_00160.jpg,datasets_cloudmask/dataset_cropped/09_Metas/02/14/20190902140100_00160.png,865,869,122,29,962
9/2/2019 14:02,datasets/dataset_cropped/09_Metas/02/14/20190902140200_00160.jpg,datasets_flow/dataset_cropped/09_Metas/02/14/20190902140200_00160.jpg,datasets_cloudmask/dataset_cropped/09_Metas/02/14/20190902140200_00160.png,863,868,121.9,28.6,962
9/2/2019 14:03,datasets/dataset_cropped/09_Metas/02/14/20190902140300_00160.jpg,datasets_flow/dataset_cropped/09_Metas/02/14/20190902140300_00160.jpg,datasets_cloudmask/dataset_cropped/09_Metas/02/14/20190902140300_00160.png,859,863,122.2,28.8,962
9/2/2019 14:04,datasets/dataset_cropped/09_Metas/02/14/20190902140400_00160.jpg,datasets_flow/dataset_cropped/09_Metas/02/14/20190902140400_00160.jpg,datasets_cloudmask/dataset_cropped/09_Metas/02/14/20190902140400_00160.png,859,865,120.5,29.3,962
9/2/2019 14:05,datasets/dataset_cropped/09_Metas/02/14/20190902140500_00160.jpg,datasets_flow/dataset_cropped/09_Metas/02/14/20190902140500_00160.jpg,datasets_cloudmask/dataset_cropped/09_Metas/02/14/20190902140500_00160.png,859,866,120,29.1,962
9/2/2019 14:06,datasets/dataset_cropped/09_Metas/02/14/20190902140600_00160.jpg,datasets_flow/dataset_cropped/09_Metas/02/14/20190902140600_00160.jpg,datasets_cloudmask/dataset_cropped/09_Metas/02/14/20190902140600_00160.png,861,869,120.3,29.2,962
9/2/2019 14:07,datasets/dataset_cropped/09_Metas/02/14/20190902140700_00160.jpg,datasets_flow/dataset_cropped/09_Metas/02/14/20190902140700_00160.jpg,datasets_cloudmask/dataset_cropped/09_Metas/02/14/20190902140700_00160.png,859,867,121,29.4,962
9/2/2019 14:08,datasets/dataset_cropped/09_Metas/02/14/20190902140800_00160.jpg,datasets_flow/dataset_cropped/09_Metas/02/14/20190902140800_00160.jpg,datasets_cloudmask/dataset_cropped/09_Metas/02/14/20190902140800_00160.png,856,866,120.2,29.1,962
9/2/2019 14:09,datasets/dataset_cropped/09_Metas/02/14/20190902140900_00160.jpg,datasets_flow/dataset_cropped/09_Metas/02/14/20190902140900_00160.jpg,datasets_cloudmask/dataset_cropped/09_Metas/02/14/20190902140900_00160.png,854,865,119.9,28.6,962
9/2/2019 14:10,datasets/dataset_cropped/09_Metas/02/14/20190902141000_00160.jpg,datasets_flow/dataset_cropped/09_Metas/02/14/20190902141000_00160.jpg,datasets_cloudmask/dataset_cropped/09_Metas/02/14/20190902141000_00160.png,857,872,118.9,29,962
9/2/2019 14:11,datasets/dataset_cropped/09_Metas/02/14/20190902141100_00160.jpg,datasets_flow/dataset_cropped/09_Metas/02/14/20190902141100_00160.jpg,datasets_cloudmask/dataset_cropped/09_Metas/02/14/20190902141100_00160.png,858,874,117.5,29.3,962
9/2/2019 14:12,datasets/dataset_cropped/09_Metas/02/14/20190902141200_00160.jpg,datasets_flow/dataset_cropped/09_Metas/02/14/20190902141200_00160.jpg,datasets_cloudmask/dataset_cropped/09_Metas/02/14/20190902141200_00160.png,856,873,117.9,29,962
9/2/2019 14:13,datasets/dataset_cropped/09_Metas/02/14/20190902141300_00160.jpg,datasets_flow/dataset_cropped/09_Metas/02/14/20190902141300_00160.jpg,datasets_cloudmask/dataset_cropped/09_Metas/02/14/20190902141300_00160.png,852,869,118.3,29.4,962
9/2/2019 14:14,datasets/dataset_cropped/09_Metas/02/14/20190902141400_00160.jpg,datasets_flow/dataset_cropped/09_Metas/02/14/20190902141400_00160.jpg,datasets_cloudmask/dataset_cropped/09_Metas/02/14/20190902141400_00160.png,854,872,117.5,29.3,962
9/2/2019 14:15,datasets/dataset_cropped/09_Metas/02/14/20190902141500_00160.jpg,datasets_flow/dataset_cropped/09_Metas/02/14/20190902141500_00160.jpg,datasets_cloudmask/dataset_cropped/09_Metas/02/14/20190902141500_00160.png,853,873,116,29.1,962
9/2/2019 14:16,datasets/dataset_cropped/09_Metas/02/14/20190902141600_00160.jpg,datasets_flow/dataset_cropped/09_Metas/02/14/20190902141600_00160.jpg,datasets_cloudmask/dataset_cropped/09_Metas/02/14/20190902141600_00160.png,852,873,116.5,29,962
9/2/2019 14:17,datasets/dataset_cropped/09_Metas/02/14/20190902141700_00160.jpg,datasets_flow/dataset_cropped/09_Metas/02/14/20190902141700_00160.jpg,datasets_cloudmask/dataset_cropped/09_Metas/02/14/20190902141700_00160.png,849,870,117.2,28.8,962
9/2/2019 14:18,datasets/dataset_cropped/09_Metas/02/14/20190902141800_00160.jpg,datasets_flow/dataset_cropped/09_Metas/02/14/20190902141800_00160.jpg,datasets_cloudmask/dataset_cropped/09_Metas/02/14/20190902141800_00160.png,852,876,115.5,28.9,962
9/2/2019 14:19,datasets/dataset_cropped/09_Metas/02/14/20190902141900_00160.jpg,datasets_flow/dataset_cropped/09_Metas/02/14/20190902141900_00160.jpg,datasets_cloudmask/dataset_cropped/09_Metas/02/14/20190902141900_00160.png,852,878,115.7,28.9,962
9/2/2019 14:20,datasets/dataset_cropped/09_Metas/02/14/20190902142000_00160.jpg,datasets_flow/dataset_cropped/09_Metas/02/14/20190902142000_00160.jpg,datasets_cloudmask/dataset_cropped/09_Metas/02/14/20190902142000_00160.png,848,875,115.9,29.2,962
9/2/2019 14:21,datasets/dataset_cropped/09_Metas/02/14/20190902142100_00160.jpg,datasets_flow/dataset_cropped/09_Metas/02/14/20190902142100_00160.jpg,datasets_cloudmask/dataset_cropped/09_Metas/02/14/20190902142100_00160.png,846,872,116.9,29.4,962
9/2/2019 14:22,datasets/dataset_cropped/09_Metas/02/14/20190902142200_00160.jpg,datasets_flow/dataset_cropped/09_Metas/02/14/20190902142200_00160.jpg,datasets_cloudmask/dataset_cropped/09_Metas/02/14/20190902142200_00160.png,843,866,119.6,29.9,962
9/2/2019 14:23,datasets/dataset_cropped/09_Metas/02/14/20190902142300_00160.jpg,datasets_flow/dataset_cropped/09_Metas/02/14/20190902142300_00160.jpg,datasets_cloudmask/dataset_cropped/09_Metas/02/14/20190902142300_00160.png,839,863,118.7,29.8,962
9/2/2019 14:24,datasets/dataset_cropped/09_Metas/02/14/20190902142400_00160.jpg,datasets_flow/dataset_cropped/09_Metas/02/14/20190902142400_00160.jpg,datasets_cloudmask/dataset_cropped/09_Metas/02/14/20190902142400_00160.png,842,870,117.8,29.4,962
9/2/2019 14:25,datasets/dataset_cropped/09_Metas/02/14/20190902142500_00160.jpg,datasets_flow/dataset_cropped/09_Metas/02/14/20190902142500_00160.jpg,datasets_cloudmask/dataset_cropped/09_Metas/02/14/20190902142500_00160.png,839,866,117.5,29.1,962
9/2/2019 14:26,datasets/dataset_cropped/09_Metas/02/14/20190902142600_00160.jpg,datasets_flow/dataset_cropped/09_Metas/02/14/20190902142600_00160.jpg,datasets_cloudmask/dataset_cropped/09_Metas/02/14/20190902142600_00160.png,839,867,117.5,29.1,962
9/2/2019 14:27,datasets/dataset_cropped/09_Metas/02/14/20190902142700_00160.jpg,datasets_flow/dataset_cropped/09_Metas/02/14/20190902142700_00160.jpg,datasets_cloudmask/dataset_cropped/09_Metas/02/14/20190902142700_00160.png,840,870,117.9,29.2,962
9/2/2019 14:28,datasets/dataset_cropped/09_Metas/02/14/20190902142800_00160.jpg,datasets_flow/dataset_cropped/09_Metas/02/14/20190902142800_00160.jpg,datasets_cloudmask/dataset_cropped/09_Metas/02/14/20190902142800_00160.png,838,871,116.7,29.3,962
9/2/2019 14:29,datasets/dataset_cropped/09_Metas/02/14/20190902142900_00160.jpg,datasets_flow/dataset_cropped/09_Metas/02/14/20190902142900_00160.jpg,datasets_cloudmask/dataset_cropped/09_Metas/02/14/20190902142900_00160.png,840,875,116.2,29,962
9/2/2019 14:30,datasets/dataset_cropped/09_Metas/02/14/20190902143000_00160.jpg,datasets_flow/dataset_cropped/09_Metas/02/14/20190902143000_00160.jpg,datasets_cloudmask/dataset_cropped/09_Metas/02/14/20190902143000_00160.png,839,876,115.4,29.1,962
9/2/2019 14:31,datasets/dataset_cropped/09_Metas/02/14/20190902143100_00160.jpg,datasets_flow/dataset_cropped/09_Metas/02/14/20190902143100_00160.jpg,datasets_cloudmask/dataset_cropped/09_Metas/02/14/20190902143100_00160.png,837,874,114.5,29.6,962
9/2/2019 14:32,datasets/dataset_cropped/09_Metas/02/14/20190902143200_00160.jpg,datasets_flow/dataset_cropped/09_Metas/02/14/20190902143200_00160.jpg,datasets_cloudmask/dataset_cropped/09_Metas/02/14/20190902143200_00160.png,833,871,113.7,29.4,962
9/2/2019 14:33,datasets/dataset_cropped/09_Metas/02/14/20190902143300_00160.jpg,datasets_flow/dataset_cropped/09_Metas/02/14/20190902143300_00160.jpg,datasets_cloudmask/dataset_cropped/09_Metas/02/14/20190902143300_00160.png,836,877,113.3,29.2,962
9/2/2019 14:34,datasets/dataset_cropped/09_Metas/02/14/20190902143400_00160.jpg,datasets_flow/dataset_cropped/09_Metas/02/14/20190902143400_00160.jpg,datasets_cloudmask/dataset_cropped/09_Metas/02/14/20190902143400_00160.png,833,872,114.9,29.1,962
9/2/2019 14:35,datasets/dataset_cropped/09_Metas/02/14/20190902143500_00160.jpg,datasets_flow/dataset_cropped/09_Metas/02/14/20190902143500_00160.jpg,datasets_cloudmask/dataset_cropped/09_Metas/02/14/20190902143500_00160.png,829,868,116.4,29.5,962
9/2/2019 14:36,datasets/dataset_cropped/09_Metas/02/14/20190902143600_00160.jpg,datasets_flow/dataset_cropped/09_Metas/02/14/20190902143600_00160.jpg,datasets_cloudmask/dataset_cropped/09_Metas/02/14/20190902143600_00160.png,829,870,115.8,29.9,962
9/2/2019 14:37,datasets/dataset_cropped/09_Metas/02/14/20190902143700_00160.jpg,datasets_flow/dataset_cropped/09_Metas/02/14/20190902143700_00160.jpg,datasets_cloudmask/dataset_cropped/09_Metas/02/14/20190902143700_00160.png,827,869,115.5,30.2,962
9/2/2019 14:38,datasets/dataset_cropped/09_Metas/02/14/20190902143800_00160.jpg,datasets_flow/dataset_cropped/09_Metas/02/14/20190902143800_00160.jpg,datasets_cloudmask/dataset_cropped/09_Metas/02/14/20190902143800_00160.png,825,869,115.4,29.8,962
9/2/2019 14:39,datasets/dataset_cropped/09_Metas/02/14/20190902143900_00160.jpg,datasets_flow/dataset_cropped/09_Metas/02/14/20190902143900_00160.jpg,datasets_cloudmask/dataset_cropped/09_Metas/02/14/20190902143900_00160.png,824,869,114.7,29.6,962
9/2/2019 14:40,datasets/dataset_cropped/09_Metas/02/14/20190902144000_00160.jpg,datasets_flow/dataset_cropped/09_Metas/02/14/20190902144000_00160.jpg,datasets_cloudmask/dataset_cropped/09_Metas/02/14/20190902144000_00160.png,818,865,114.1,29.6,962
9/2/2019 14:41,datasets/dataset_cropped/09_Metas/02/14/20190902144100_00160.jpg,datasets_flow/dataset_cropped/09_Metas/02/14/20190902144100_00160.jpg,datasets_cloudmask/dataset_cropped/09_Metas/02/14/20190902144100_00160.png,816,863,114.5,29.5,962
9/2/2019 14:42,datasets/dataset_cropped/09_Metas/02/14/20190902144200_00160.jpg,datasets_flow/dataset_cropped/09_Metas/02/14/20190902144200_00160.jpg,datasets_cloudmask/dataset_cropped/09_Metas/02/14/20190902144200_00160.png,815,864,114.4,29.4,962
9/2/2019 14:43,datasets/dataset_cropped/09_Metas/02/14/20190902144300_00160.jpg,datasets_flow/dataset_cropped/09_Metas/02/14/20190902144300_00160.jpg,datasets_cloudmask/dataset_cropped/09_Metas/02/14/20190902144300_00160.png,814,865,113.3,28.8,962
9/2/2019 14:44,datasets/dataset_cropped/09_Metas/02/14/20190902144400_00160.jpg,datasets_flow/dataset_cropped/09_Metas/02/14/20190902144400_00160.jpg,datasets_cloudmask/dataset_cropped/09_Metas/02/14/20190902144400_00160.png,815,869,111.8,28.6,962
9/2/2019 14:45,datasets/dataset_cropped/09_Metas/02/14/20190902144500_00160.jpg,datasets_flow/dataset_cropped/09_Metas/02/14/20190902144500_00160.jpg,datasets_cloudmask/dataset_cropped/09_Metas/02/14/20190902144500_00160.png,812,866,112.2,29.1,962
9/2/2019 14:46,datasets/dataset_cropped/09_Metas/02/14/20190902144600_00160.jpg,datasets_flow/dataset_cropped/09_Metas/02/14/20190902144600_00160.jpg,datasets_cloudmask/dataset_cropped/09_Metas/02/14/20190902144600_00160.png,808,862,113.2,29.2,962
9/2/2019 14:47,datasets/dataset_cropped/09_Metas/02/14/20190902144700_00160.jpg,datasets_flow/dataset_cropped/09_Metas/02/14/20190902144700_00160.jpg,datasets_cloudmask/dataset_cropped/09_Metas/02/14/20190902144700_00160.png,804,859,112.9,29.5,962
9/2/2019 14:48,datasets/dataset_cropped/09_Metas/02/14/20190902144800_00160.jpg,datasets_flow/dataset_cropped/09_Metas/02/14/20190902144800_00160.jpg,datasets_cloudmask/dataset_cropped/09_Metas/02/14/20190902144800_00160.png,805,862,111.4,29.5,962
9/2/2019 14:49,datasets/dataset_cropped/09_Metas/02/14/20190902144900_00160.jpg,datasets_flow/dataset_cropped/09_Metas/02/14/20190902144900_00160.jpg,datasets_cloudmask/dataset_cropped/09_Metas/02/14/20190902144900_00160.png,805,865,110,29.1,962
9/2/2019 14:50,datasets/dataset_cropped/09_Metas/02/14/20190902145000_00160.jpg,datasets_flow/dataset_cropped/09_Metas/02/14/20190902145000_00160.jpg,datasets_cloudmask/dataset_cropped/09_Metas/02/14/20190902145000_00160.png,804,866,110.1,28.7,962
9/2/2019 14:51,datasets/dataset_cropped/09_Metas/02/14/20190902145100_00160.jpg,datasets_flow/dataset_cropped/09_Metas/02/14/20190902145100_00160.jpg,datasets_cloudmask/dataset_cropped/09_Metas/02/14/20190902145100_00160.png,805,868,110.9,28.7,962
9/2/2019 14:52,datasets/dataset_cropped/09_Metas/02/14/20190902145200_00160.jpg,datasets_flow/dataset_cropped/09_Metas/02/14/20190902145200_00160.jpg,datasets_cloudmask/dataset_cropped/09_Metas/02/14/20190902145200_00160.png,803,867,111.3,28.9,962
9/2/2019 14:53,datasets/dataset_cropped/09_Metas/02/14/20190902145300_00160.jpg,datasets_flow/dataset_cropped/09_Metas/02/14/20190902145300_00160.jpg,datasets_cloudmask/dataset_cropped/09_Metas/02/14/20190902145300_00160.png,801,866,111.8,29.3,962
9/2/2019 14:54,datasets/dataset_cropped/09_Metas/02/14/20190902145400_00160.jpg,datasets_flow/dataset_cropped/09_Metas/02/14/20190902145400_00160.jpg,datasets_cloudmask/dataset_cropped/09_Metas/02/14/20190902145400_00160.png,798.4,864,112.7,29.4,962
9/2/2019 14:55,datasets/dataset_cropped/09_Metas/02/14/20190902145500_00160.jpg,datasets_flow/dataset_cropped/09_Metas/02/14/20190902145500_00160.jpg,datasets_cloudmask/dataset_cropped/09_Metas/02/14/20190902145500_00160.png,799,867,111.7,29.7,962
9/2/2019 14:56,datasets/dataset_cropped/09_Metas/02/14/20190902145600_00160.jpg,datasets_flow/dataset_cropped/09_Metas/02/14/20190902145600_00160.jpg,datasets_cloudmask/dataset_cropped/09_Metas/02/14/20190902145600_00160.png,795.7,864,111.5,29.4,962
9/2/2019 14:57,datasets/dataset_cropped/09_Metas/02/14/20190902145700_00160.jpg,datasets_flow/dataset_cropped/09_Metas/02/14/20190902145700_00160.jpg,datasets_cloudmask/dataset_cropped/09_Metas/02/14/20190902145700_00160.png,792.2,860,112.1,29.5,962
9/2/2019 14:58,datasets/dataset_cropped/09_Metas/02/14/20190902145800_00160.jpg,datasets_flow/dataset_cropped/09_Metas/02/14/20190902145800_00160.jpg,datasets_cloudmask/dataset_cropped/09_Metas/02/14/20190902145800_00160.png,791.5,862,112.4,29.5,962
9/2/2019 14:59,datasets/dataset_cropped/09_Metas/02/14/20190902145900_00160.jpg,datasets_flow/dataset_cropped/09_Metas/02/14/20190902145900_00160.jpg,datasets_cloudmask/dataset_cropped/09_Metas/02/14/20190902145900_00160.png,789.9,862,111.9,29.3,962
9/2/2019 15:00,datasets/dataset_cropped/09_Metas/02/15/20190902150000_00160.jpg,datasets_flow/dataset_cropped/09_Metas/02/15/20190902150000_00160.jpg,datasets_cloudmask/dataset_cropped/09_Metas/02/15/20190902150000_00160.png,789.2,863,111.6,29.6,962
9/2/2019 15:01,datasets/dataset_cropped/09_Metas/02/15/20190902150100_00160.jpg,datasets_flow/dataset_cropped/09_Metas/02/15/20190902150100_00160.jpg,datasets_cloudmask/dataset_cropped/09_Metas/02/15/20190902150100_00160.png,786.9,861,112,29.6,962
9/2/2019 15:02,datasets/dataset_cropped/09_Metas/02/15/20190902150200_00160.jpg,datasets_flow/dataset_cropped/09_Metas/02/15/20190902150200_00160.jpg,datasets_cloudmask/dataset_cropped/09_Metas/02/15/20190902150200_00160.png,782.9,858,112.6,29.8,962
9/2/2019 15:03,datasets/dataset_cropped/09_Metas/02/15/20190902150300_00160.jpg,datasets_flow/dataset_cropped/09_Metas/02/15/20190902150300_00160.jpg,datasets_cloudmask/dataset_cropped/09_Metas/02/15/20190902150300_00160.png,780.8,859,111.7,29.6,962
9/2/2019 15:04,datasets/dataset_cropped/09_Metas/02/15/20190902150400_00160.jpg,datasets_flow/dataset_cropped/09_Metas/02/15/20190902150400_00160.jpg,datasets_cloudmask/dataset_cropped/09_Metas/02/15/20190902150400_00160.png,781.3,863,110.9,29.5,962
9/2/2019 15:05,datasets/dataset_cropped/09_Metas/02/15/20190902150500_00160.jpg,datasets_flow/dataset_cropped/09_Metas/02/15/20190902150500_00160.jpg,datasets_cloudmask/dataset_cropped/09_Metas/02/15/20190902150500_00160.png,778.5,862,110,29.4,962
9/2/2019 15:06,datasets/dataset_cropped/09_Metas/02/15/20190902150600_00160.jpg,datasets_flow/dataset_cropped/09_Metas/02/15/20190902150600_00160.jpg,datasets_cloudmask/dataset_cropped/09_Metas/02/15/20190902150600_00160.png,776.2,860,109.2,29.4,962
9/2/2019 15:07,datasets/dataset_cropped/09_Metas/02/15/20190902150700_00160.jpg,datasets_flow/dataset_cropped/09_Metas/02/15/20190902150700_00160.jpg,datasets_cloudmask/dataset_cropped/09_Metas/02/15/20190902150700_00160.png,776.8,864,107.9,29.7,962
9/2/2019 15:08,datasets/dataset_cropped/09_Metas/02/15/20190902150800_00160.jpg,datasets_flow/dataset_cropped/09_Metas/02/15/20190902150800_00160.jpg,datasets_cloudmask/dataset_cropped/09_Metas/02/15/20190902150800_00160.png,777.3,867,107.5,29.6,962
9/2/2019 15:09,datasets/dataset_cropped/09_Metas/02/15/20190902150900_00160.jpg,datasets_flow/dataset_cropped/09_Metas/02/15/20190902150900_00160.jpg,datasets_cloudmask/dataset_cropped/09_Metas/02/15/20190902150900_00160.png,775.6,867,107.3,29.5,962
9/2/2019 15:10,datasets/dataset_cropped/09_Metas/02/15/20190902151000_00160.jpg,datasets_flow/dataset_cropped/09_Metas/02/15/20190902151000_00160.jpg,datasets_cloudmask/dataset_cropped/09_Metas/02/15/20190902151000_00160.png,772,864,107.4,29.6,962
9/2/2019 15:11,datasets/dataset_cropped/09_Metas/02/15/20190902151100_00160.jpg,datasets_flow/dataset_cropped/09_Metas/02/15/20190902151100_00160.jpg,datasets_cloudmask/dataset_cropped/09_Metas/02/15/20190902151100_00160.png,767.2,859,107.8,29.5,962
9/2/2019 15:12,datasets/dataset_cropped/09_Metas/02/15/20190902151200_00160.jpg,datasets_flow/dataset_cropped/09_Metas/02/15/20190902151200_00160.jpg,datasets_cloudmask/dataset_cropped/09_Metas/02/15/20190902151200_00160.png,765.5,859,107.5,29.4,962
9/2/2019 15:13,datasets/dataset_cropped/09_Metas/02/15/20190902151300_00160.jpg,datasets_flow/dataset_cropped/09_Metas/02/15/20190902151300_00160.jpg,datasets_cloudmask/dataset_cropped/09_Metas/02/15/20190902151300_00160.png,761.8,857,107.8,29.7,962
9/2/2019 15:14,datasets/dataset_cropped/09_Metas/02/15/20190902151400_00160.jpg,datasets_flow/dataset_cropped/09_Metas/02/15/20190902151400_00160.jpg,datasets_cloudmask/dataset_cropped/09_Metas/02/15/20190902151400_00160.png,762.1,860,107.3,29.6,962
9/2/2019 15:15,datasets/dataset_cropped/09_Metas/02/15/20190902151500_00160.jpg,datasets_flow/dataset_cropped/09_Metas/02/15/20190902151500_00160.jpg,datasets_cloudmask/dataset_cropped/09_Metas/02/15/20190902151500_00160.png,760.1,858,107.3,29.4,962
9/2/2019 15:16,datasets/dataset_cropped/09_Metas/02/15/20190902151600_00160.jpg,datasets_flow/dataset_cropped/09_Metas/02/15/20190902151600_00160.jpg,datasets_cloudmask/dataset_cropped/09_Metas/02/15/20190902151600_00160.png,755,853,108,29.2,962
9/2/2019 15:17,datasets/dataset_cropped/09_Metas/02/15/20190902151700_00160.jpg,datasets_flow/dataset_cropped/09_Metas/02/15/20190902151700_00160.jpg,datasets_cloudmask/dataset_cropped/09_Metas/02/15/20190902151700_00160.png,753.5,854,107,28.9,962
9/2/2019 15:18,datasets/dataset_cropped/09_Metas/02/15/20190902151800_00160.jpg,datasets_flow/dataset_cropped/09_Metas/02/15/20190902151800_00160.jpg,datasets_cloudmask/dataset_cropped/09_Metas/02/15/20190902151800_00160.png,752.9,855,106.2,29.2,962
9/2/2019 15:19,datasets/dataset_cropped/09_Metas/02/15/20190902151900_00160.jpg,datasets_flow/dataset_cropped/09_Metas/02/15/20190902151900_00160.jpg,datasets_cloudmask/dataset_cropped/09_Metas/02/15/20190902151900_00160.png,751.7,856,106.2,29.3,962
9/2/2019 15:20,datasets/dataset_cropped/09_Metas/02/15/20190902152000_00160.jpg,datasets_flow/dataset_cropped/09_Metas/02/15/20190902152000_00160.jpg,datasets_cloudmask/dataset_cropped/09_Metas/02/15/20190902152000_00160.png,750.5,856,106.1,29.1,962
9/2/2019 15:21,datasets/dataset_cropped/09_Metas/02/15/20190902152100_00160.jpg,datasets_flow/dataset_cropped/09_Metas/02/15/20190902152100_00160.jpg,datasets_cloudmask/dataset_cropped/09_Metas/02/15/20190902152100_00160.png,747.6,855,106.2,29.2,962
9/2/2019 15:22,datasets/dataset_cropped/09_Metas/02/15/20190902152200_00160.jpg,datasets_flow/dataset_cropped/09_Metas/02/15/20190902152200_00160.jpg,datasets_cloudmask/dataset_cropped/09_Metas/02/15/20190902152200_00160.png,745.9,855,105.3,29.1,962
9/2/2019 15:23,datasets/dataset_cropped/09_Metas/02/15/20190902152300_00160.jpg,datasets_flow/dataset_cropped/09_Metas/02/15/20190902152300_00160.jpg,datasets_cloudmask/dataset_cropped/09_Metas/02/15/20190902152300_00160.png,745.6,858,105.1,29.2,962
9/2/2019 15:24,datasets/dataset_cropped/09_Metas/02/15/20190902152400_00160.jpg,datasets_flow/dataset_cropped/09_Metas/02/15/20190902152400_00160.jpg,datasets_cloudmask/dataset_cropped/09_Metas/02/15/20190902152400_00160.png,743.2,858,105.1,29.1,962
9/2/2019 15:25,datasets/dataset_cropped/09_Metas/02/15/20190902152500_00160.jpg,datasets_flow/dataset_cropped/09_Metas/02/15/20190902152500_00160.jpg,datasets_cloudmask/dataset_cropped/09_Metas/02/15/20190902152500_00160.png,741.6,859,104.2,29.3,962
9/2/2019 15:26,datasets/dataset_cropped/09_Metas/02/15/20190902152600_00160.jpg,datasets_flow/dataset_cropped/09_Metas/02/15/20190902152600_00160.jpg,datasets_cloudmask/dataset_cropped/09_Metas/02/15/20190902152600_00160.png,737,855,103.8,29.2,962
9/2/2019 15:27,datasets/dataset_cropped/09_Metas/02/15/20190902152700_00160.jpg,datasets_flow/dataset_cropped/09_Metas/02/15/20190902152700_00160.jpg,datasets_cloudmask/dataset_cropped/09_Metas/02/15/20190902152700_00160.png,735.3,855,104,29.3,962
9/2/2019 15:28,datasets/dataset_cropped/09_Metas/02/15/20190902152800_00160.jpg,datasets_flow/dataset_cropped/09_Metas/02/15/20190902152800_00160.jpg,datasets_cloudmask/dataset_cropped/09_Metas/02/15/20190902152800_00160.png,732.6,852,104.7,29.1,962
9/2/2019 15:29,datasets/dataset_cropped/09_Metas/02/15/20190902152900_00160.jpg,datasets_flow/dataset_cropped/09_Metas/02/15/20190902152900_00160.jpg,datasets_cloudmask/dataset_cropped/09_Metas/02/15/20190902152900_00160.png,729.6,851,104.9,29.3,962
9/2/2019 15:30,datasets/dataset_cropped/09_Metas/02/15/20190902153000_00160.jpg,datasets_flow/dataset_cropped/09_Metas/02/15/20190902153000_00160.jpg,datasets_cloudmask/dataset_cropped/09_Metas/02/15/20190902153000_00160.png,730.4,855,104.7,29.4,962
9/2/2019 15:31,datasets/dataset_cropped/09_Metas/02/15/20190902153100_00160.jpg,datasets_flow/dataset_cropped/09_Metas/02/15/20190902153100_00160.jpg,datasets_cloudmask/dataset_cropped/09_Metas/02/15/20190902153100_00160.png,728,854,104.4,29,962
9/2/2019 15:32,datasets/dataset_cropped/09_Metas/02/15/20190902153200_00160.jpg,datasets_flow/dataset_cropped/09_Metas/02/15/20190902153200_00160.jpg,datasets_cloudmask/dataset_cropped/09_Metas/02/15/20190902153200_00160.png,725.4,853,104.2,29.1,962
9/2/2019 15:33,datasets/dataset_cropped/09_Metas/02/15/20190902153300_00160.jpg,datasets_flow/dataset_cropped/09_Metas/02/15/20190902153300_00160.jpg,datasets_cloudmask/dataset_cropped/09_Metas/02/15/20190902153300_00160.png,724.6,855,103.9,29.4,962
9/2/2019 15:34,datasets/dataset_cropped/09_Metas/02/15/20190902153400_00160.jpg,datasets_flow/dataset_cropped/09_Metas/02/15/20190902153400_00160.jpg,datasets_cloudmask/dataset_cropped/09_Metas/02/15/20190902153400_00160.png,720.9,851,104.7,29.3,962
9/2/2019 15:35,datasets/dataset_cropped/09_Metas/02/15/20190902153500_00160.jpg,datasets_flow/dataset_cropped/09_Metas/02/15/20190902153500_00160.jpg,datasets_cloudmask/dataset_cropped/09_Metas/02/15/20190902153500_00160.png,716.8,848,104.6,29.4,962
9/2/2019 15:36,datasets/dataset_cropped/09_Metas/02/15/20190902153600_00160.jpg,datasets_flow/dataset_cropped/09_Metas/02/15/20190902153600_00160.jpg,datasets_cloudmask/dataset_cropped/09_Metas/02/15/20190902153600_00160.png,714.6,847,104.2,29.2,962
9/2/2019 15:37,datasets/dataset_cropped/09_Metas/02/15/20190902153700_00160.jpg,datasets_flow/dataset_cropped/09_Metas/02/15/20190902153700_00160.jpg,datasets_cloudmask/dataset_cropped/09_Metas/02/15/20190902153700_00160.png,714.4,850,103.7,29.2,962
9/2/2019 15:38,datasets/dataset_cropped/09_Metas/02/15/20190902153800_00160.jpg,datasets_flow/dataset_cropped/09_Metas/02/15/20190902153800_00160.jpg,datasets_cloudmask/dataset_cropped/09_Metas/02/15/20190902153800_00160.png,712.9,850,103.6,29.7,962
9/2/2019 15:39,datasets/dataset_cropped/09_Metas/02/15/20190902153900_00160.jpg,datasets_flow/dataset_cropped/09_Metas/02/15/20190902153900_00160.jpg,datasets_cloudmask/dataset_cropped/09_Metas/02/15/20190902153900_00160.png,709.6,850,103.3,29.6,962
9/2/2019 15:40,datasets/dataset_cropped/09_Metas/02/15/20190902154000_00160.jpg,datasets_flow/dataset_cropped/09_Metas/02/15/20190902154000_00160.jpg,datasets_cloudmask/dataset_cropped/09_Metas/02/15/20190902154000_00160.png,707.7,851,102.4,29.3,962
9/2/2019 15:41,datasets/dataset_cropped/09_Metas/02/15/20190902154100_00160.jpg,datasets_flow/dataset_cropped/09_Metas/02/15/20190902154100_00160.jpg,datasets_cloudmask/dataset_cropped/09_Metas/02/15/20190902154100_00160.png,706.8,853,102.1,29,962
9/2/2019 15:42,datasets/dataset_cropped/09_Metas/02/15/20190902154200_00160.jpg,datasets_flow/dataset_cropped/09_Metas/02/15/20190902154200_00160.jpg,datasets_cloudmask/dataset_cropped/09_Metas/02/15/20190902154200_00160.png,704.6,851,101.9,29.5,962
9/2/2019 15:43,datasets/dataset_cropped/09_Metas/02/15/20190902154300_00160.jpg,datasets_flow/dataset_cropped/09_Metas/02/15/20190902154300_00160.jpg,datasets_cloudmask/dataset_cropped/09_Metas/02/15/20190902154300_00160.png,702,850,101.6,29.6,962
9/2/2019 15:44,datasets/dataset_cropped/09_Metas/02/15/20190902154400_00160.jpg,datasets_flow/dataset_cropped/09_Metas/02/15/20190902154400_00160.jpg,datasets_cloudmask/dataset_cropped/09_Metas/02/15/20190902154400_00160.png,699.6,849,102.1,29.6,962
9/2/2019 15:45,datasets/dataset_cropped/09_Metas/02/15/20190902154500_00160.jpg,datasets_flow/dataset_cropped/09_Metas/02/15/20190902154500_00160.jpg,datasets_cloudmask/dataset_cropped/09_Metas/02/15/20190902154500_00160.png,696,847,101.6,29.4,961
9/2/2019 15:46,datasets/dataset_cropped/09_Metas/02/15/20190902154600_00160.jpg,datasets_flow/dataset_cropped/09_Metas/02/15/20190902154600_00160.jpg,datasets_cloudmask/dataset_cropped/09_Metas/02/15/20190902154600_00160.png,693.8,847,101.3,29.2,962
9/2/2019 15:47,datasets/dataset_cropped/09_Metas/02/15/20190902154700_00160.jpg,datasets_flow/dataset_cropped/09_Metas/02/15/20190902154700_00160.jpg,datasets_cloudmask/dataset_cropped/09_Metas/02/15/20190902154700_00160.png,690.4,844,101.8,29.1,962
9/2/2019 15:48,datasets/dataset_cropped/09_Metas/02/15/20190902154800_00160.jpg,datasets_flow/dataset_cropped/09_Metas/02/15/20190902154800_00160.jpg,datasets_cloudmask/dataset_cropped/09_Metas/02/15/20190902154800_00160.png,688.6,844,102,29.3,961
9/2/2019 15:49,datasets/dataset_cropped/09_Metas/02/15/20190902154900_00160.jpg,datasets_flow/dataset_cropped/09_Metas/02/15/20190902154900_00160.jpg,datasets_cloudmask/dataset_cropped/09_Metas/02/15/20190902154900_00160.png,686.1,844,101.8,29.4,961
9/2/2019 15:50,datasets/dataset_cropped/09_Metas/02/15/20190902155000_00160.jpg,datasets_flow/dataset_cropped/09_Metas/02/15/20190902155000_00160.jpg,datasets_cloudmask/dataset_cropped/09_Metas/02/15/20190902155000_00160.png,682.8,843,101.3,29.1,961
9/2/2019 15:51,datasets/dataset_cropped/09_Metas/02/15/20190902155100_00160.jpg,datasets_flow/dataset_cropped/09_Metas/02/15/20190902155100_00160.jpg,datasets_cloudmask/dataset_cropped/09_Metas/02/15/20190902155100_00160.png,681,843,100.8,29.4,961
9/2/2019 15:52,datasets/dataset_cropped/09_Metas/02/15/20190902155200_00160.jpg,datasets_flow/dataset_cropped/09_Metas/02/15/20190902155200_00160.jpg,datasets_cloudmask/dataset_cropped/09_Metas/02/15/20190902155200_00160.png,681.1,847,100.2,29.5,961
9/2/2019 15:53,datasets/dataset_cropped/09_Metas/02/15/20190902155300_00160.jpg,datasets_flow/dataset_cropped/09_Metas/02/15/20190902155300_00160.jpg,datasets_cloudmask/dataset_cropped/09_Metas/02/15/20190902155300_00160.png,679,847,99.6,29.8,961
9/2/2019 15:54,datasets/dataset_cropped/09_Metas/02/15/20190902155400_00160.jpg,datasets_flow/dataset_cropped/09_Metas/02/15/20190902155400_00160.jpg,datasets_cloudmask/dataset_cropped/09_Metas/02/15/20190902155400_00160.png,676.4,846,99.5,29.9,961
9/2/2019 15:55,datasets/dataset_cropped/09_Metas/02/15/20190902155500_00160.jpg,datasets_flow/dataset_cropped/09_Metas/02/15/20190902155500_00160.jpg,datasets_cloudmask/dataset_cropped/09_Metas/02/15/20190902155500_00160.png,673.2,843,100,29.8,961
9/2/2019 15:56,datasets/dataset_cropped/09_Metas/02/15/20190902155600_00160.jpg,datasets_flow/dataset_cropped/09_Metas/02/15/20190902155600_00160.jpg,datasets_cloudmask/dataset_cropped/09_Metas/02/15/20190902155600_00160.png,671.4,843,99.8,29.4,961
9/2/2019 15:57,datasets/dataset_cropped/09_Metas/02/15/20190902155700_00160.jpg,datasets_flow/dataset_cropped/09_Metas/02/15/20190902155700_00160.jpg,datasets_cloudmask/dataset_cropped/09_Metas/02/15/20190902155700_00160.png,668.4,840,100.4,29.5,961
9/2/2019 15:58,datasets/dataset_cropped/09_Metas/02/15/20190902155800_00160.jpg,datasets_flow/dataset_cropped/09_Metas/02/15/20190902155800_00160.jpg,datasets_cloudmask/dataset_cropped/09_Metas/02/15/20190902155800_00160.png,664.1,837,101,29.6,961
9/2/2019 15:59,datasets/dataset_cropped/09_Metas/02/15/20190902155900_00160.jpg,datasets_flow/dataset_cropped/09_Metas/02/15/20190902155900_00160.jpg,datasets_cloudmask/dataset_cropped/09_Metas/02/15/20190902155900_00160.png,661.6,836,101.2,29.5,961
9/2/2019 16:00,datasets/dataset_cropped/09_Metas/02/16/20190902160000_00160.jpg,datasets_flow/dataset_cropped/09_Metas/02/16/20190902160000_00160.jpg,datasets_cloudmask/dataset_cropped/09_Metas/02/16/20190902160000_00160.png,660.6,838,101,29.5,961
9/2/2019 16:01,datasets/dataset_cropped/09_Metas/02/16/20190902160100_00160.jpg,datasets_flow/dataset_cropped/09_Metas/02/16/20190902160100_00160.jpg,datasets_cloudmask/dataset_cropped/09_Metas/02/16/20190902160100_00160.png,658.5,838,100.9,29.5,961
9/2/2019 16:02,datasets/dataset_cropped/09_Metas/02/16/20190902160200_00160.jpg,datasets_flow/dataset_cropped/09_Metas/02/16/20190902160200_00160.jpg,datasets_cloudmask/dataset_cropped/09_Metas/02/16/20190902160200_00160.png,653.7,834,100.2,29.5,961
9/2/2019 16:03,datasets/dataset_cropped/09_Metas/02/16/20190902160300_00160.jpg,datasets_flow/dataset_cropped/09_Metas/02/16/20190902160300_00160.jpg,datasets_cloudmask/dataset_cropped/09_Metas/02/16/20190902160300_00160.png,649,829,100.3,29.6,961
9/2/2019 16:04,datasets/dataset_cropped/09_Metas/02/16/20190902160400_00160.jpg,datasets_flow/dataset_cropped/09_Metas/02/16/20190902160400_00160.jpg,datasets_cloudmask/dataset_cropped/09_Metas/02/16/20190902160400_00160.png,646.2,827,100.9,29.5,961
9/2/2019 16:05,datasets/dataset_cropped/09_Metas/02/16/20190902160500_00160.jpg,datasets_flow/dataset_cropped/09_Metas/02/16/20190902160500_00160.jpg,datasets_cloudmask/dataset_cropped/09_Metas/02/16/20190902160500_00160.png,643,825,100.8,29.5,961
9/2/2019 16:06,datasets/dataset_cropped/09_Metas/02/16/20190902160600_00160.jpg,datasets_flow/dataset_cropped/09_Metas/02/16/20190902160600_00160.jpg,datasets_cloudmask/dataset_cropped/09_Metas/02/16/20190902160600_00160.png,639.9,824,100.7,29.5,961
9/2/2019 16:07,datasets/dataset_cropped/09_Metas/02/16/20190902160700_00160.jpg,datasets_flow/dataset_cropped/09_Metas/02/16/20190902160700_00160.jpg,datasets_cloudmask/dataset_cropped/09_Metas/02/16/20190902160700_00160.png,636.6,822,100.6,29.2,961
9/2/2019 16:08,datasets/dataset_cropped/09_Metas/02/16/20190902160800_00160.jpg,datasets_flow/dataset_cropped/09_Metas/02/16/20190902160800_00160.jpg,datasets_cloudmask/dataset_cropped/09_Metas/02/16/20190902160800_00160.png,634.2,821,100.5,29.4,961
9/2/2019 16:09,datasets/dataset_cropped/09_Metas/02/16/20190902160900_00160.jpg,datasets_flow/dataset_cropped/09_Metas/02/16/20190902160900_00160.jpg,datasets_cloudmask/dataset_cropped/09_Metas/02/16/20190902160900_00160.png,631.1,820,100.4,29.1,961
9/2/2019 16:10,datasets/dataset_cropped/09_Metas/02/16/20190902161000_00160.jpg,datasets_flow/dataset_cropped/09_Metas/02/16/20190902161000_00160.jpg,datasets_cloudmask/dataset_cropped/09_Metas/02/16/20190902161000_00160.png,627.7,817,100.3,29.1,961
9/2/2019 16:11,datasets/dataset_cropped/09_Metas/02/16/20190902161100_00160.jpg,datasets_flow/dataset_cropped/09_Metas/02/16/20190902161100_00160.jpg,datasets_cloudmask/dataset_cropped/09_Metas/02/16/20190902161100_00160.png,625.7,817,100.6,29.2,961
9/2/2019 16:12,datasets/dataset_cropped/09_Metas/02/16/20190902161200_00160.jpg,datasets_flow/dataset_cropped/09_Metas/02/16/20190902161200_00160.jpg,datasets_cloudmask/dataset_cropped/09_Metas/02/16/20190902161200_00160.png,623.8,817,101.4,29.6,961
9/2/2019 16:13,datasets/dataset_cropped/09_Metas/02/16/20190902161300_00160.jpg,datasets_flow/dataset_cropped/09_Metas/02/16/20190902161300_00160.jpg,datasets_cloudmask/dataset_cropped/09_Metas/02/16/20190902161300_00160.png,620.7,815,101.3,29.4,961
9/2/2019 16:14,datasets/dataset_cropped/09_Metas/02/16/20190902161400_00160.jpg,datasets_flow/dataset_cropped/09_Metas/02/16/20190902161400_00160.jpg,datasets_cloudmask/dataset_cropped/09_Metas/02/16/20190902161400_00160.png,617.7,814,101,29.5,961
9/2/2019 16:15,datasets/dataset_cropped/09_Metas/02/16/20190902161500_00160.jpg,datasets_flow/dataset_cropped/09_Metas/02/16/20190902161500_00160.jpg,datasets_cloudmask/dataset_cropped/09_Metas/02/16/20190902161500_00160.png,614.7,812,101.2,29.5,961
9/2/2019 16:16,datasets/dataset_cropped/09_Metas/02/16/20190902161600_00160.jpg,datasets_flow/dataset_cropped/09_Metas/02/16/20190902161600_00160.jpg,datasets_cloudmask/dataset_cropped/09_Metas/02/16/20190902161600_00160.png,611,810,101.5,29.9,961
9/2/2019 16:17,datasets/dataset_cropped/09_Metas/02/16/20190902161700_00160.jpg,datasets_flow/dataset_cropped/09_Metas/02/16/20190902161700_00160.jpg,datasets_cloudmask/dataset_cropped/09_Metas/02/16/20190902161700_00160.png,607.7,808,101.4,29.9,961
9/2/2019 16:18,datasets/dataset_cropped/09_Metas/02/16/20190902161800_00160.jpg,datasets_flow/dataset_cropped/09_Metas/02/16/20190902161800_00160.jpg,datasets_cloudmask/dataset_cropped/09_Metas/02/16/20190902161800_00160.png,605.9,808,101.6,29.9,961
9/2/2019 16:19,datasets/dataset_cropped/09_Metas/02/16/20190902161900_00160.jpg,datasets_flow/dataset_cropped/09_Metas/02/16/20190902161900_00160.jpg,datasets_cloudmask/dataset_cropped/09_Metas/02/16/20190902161900_00160.png,603,806,101.9,29.8,961
9/2/2019 16:20,datasets/dataset_cropped/09_Metas/02/16/20190902162000_00160.jpg,datasets_flow/dataset_cropped/09_Metas/02/16/20190902162000_00160.jpg,datasets_cloudmask/dataset_cropped/09_Metas/02/16/20190902162000_00160.png,600.1,805,102.1,29.8,961
9/2/2019 16:21,datasets/dataset_cropped/09_Metas/02/16/20190902162100_00160.jpg,datasets_flow/dataset_cropped/09_Metas/02/16/20190902162100_00160.jpg,datasets_cloudmask/dataset_cropped/09_Metas/02/16/20190902162100_00160.png,595.8,802,102,29.8,961
9/2/2019 16:22,datasets/dataset_cropped/09_Metas/02/16/20190902162200_00160.jpg,datasets_flow/dataset_cropped/09_Metas/02/16/20190902162200_00160.jpg,datasets_cloudmask/dataset_cropped/09_Metas/02/16/20190902162200_00160.png,590.1,795.8,102.2,29.7,961
9/2/2019 16:23,datasets/dataset_cropped/09_Metas/02/16/20190902162300_00160.jpg,datasets_flow/dataset_cropped/09_Metas/02/16/20190902162300_00160.jpg,datasets_cloudmask/dataset_cropped/09_Metas/02/16/20190902162300_00160.png,586.2,792.8,102.1,29.9,961
9/2/2019 16:24,datasets/dataset_cropped/09_Metas/02/16/20190902162400_00160.jpg,datasets_flow/dataset_cropped/09_Metas/02/16/20190902162400_00160.jpg,datasets_cloudmask/dataset_cropped/09_Metas/02/16/20190902162400_00160.png,585.8,795.9,101.4,30.1,961
9/2/2019 16:25,datasets/dataset_cropped/09_Metas/02/16/20190902162500_00160.jpg,datasets_flow/dataset_cropped/09_Metas/02/16/20190902162500_00160.jpg,datasets_cloudmask/dataset_cropped/09_Metas/02/16/20190902162500_00160.png,583.8,796.2,101.1,30.2,961
9/2/2019 16:26,datasets/dataset_cropped/09_Metas/02/16/20190902162600_00160.jpg,datasets_flow/dataset_cropped/09_Metas/02/16/20190902162600_00160.jpg,datasets_cloudmask/dataset_cropped/09_Metas/02/16/20190902162600_00160.png,580.9,794.4,100.6,29.8,961
9/2/2019 16:27,datasets/dataset_cropped/09_Metas/02/16/20190902162700_00160.jpg,datasets_flow/dataset_cropped/09_Metas/02/16/20190902162700_00160.jpg,datasets_cloudmask/dataset_cropped/09_Metas/02/16/20190902162700_00160.png,578.3,793.6,100.5,29.4,961
9/2/2019 16:28,datasets/dataset_cropped/09_Metas/02/16/20190902162800_00160.jpg,datasets_flow/dataset_cropped/09_Metas/02/16/20190902162800_00160.jpg,datasets_cloudmask/dataset_cropped/09_Metas/02/16/20190902162800_00160.png,577.9,796.6,100.3,29.2,961
9/2/2019 16:29,datasets/dataset_cropped/09_Metas/02/16/20190902162900_00160.jpg,datasets_flow/dataset_cropped/09_Metas/02/16/20190902162900_00160.jpg,datasets_cloudmask/dataset_cropped/09_Metas/02/16/20190902162900_00160.png,575,794.6,100.1,29.3,961
9/2/2019 16:30,datasets/dataset_cropped/09_Metas/02/16/20190902163000_00160.jpg,datasets_flow/dataset_cropped/09_Metas/02/16/20190902163000_00160.jpg,datasets_cloudmask/dataset_cropped/09_Metas/02/16/20190902163000_00160.png,571.2,790.6,100.8,29.4,961
9/2/2019 16:31,datasets/dataset_cropped/09_Metas/02/16/20190902163100_00160.jpg,datasets_flow/dataset_cropped/09_Metas/02/16/20190902163100_00160.jpg,datasets_cloudmask/dataset_cropped/09_Metas/02/16/20190902163100_00160.png,567.4,787.2,101.3,29.4,961
9/2/2019 16:32,datasets/dataset_cropped/09_Metas/02/16/20190902163200_00160.jpg,datasets_flow/dataset_cropped/09_Metas/02/16/20190902163200_00160.jpg,datasets_cloudmask/dataset_cropped/09_Metas/02/16/20190902163200_00160.png,564.1,785.5,101.4,29.2,961
9/2/2019 16:33,datasets/dataset_cropped/09_Metas/02/16/20190902163300_00160.jpg,datasets_flow/dataset_cropped/09_Metas/02/16/20190902163300_00160.jpg,datasets_cloudmask/dataset_cropped/09_Metas/02/16/20190902163300_00160.png,559.4,781.4,101.2,29.3,961
9/2/2019 16:34,datasets/dataset_cropped/09_Metas/02/16/20190902163400_00160.jpg,datasets_flow/dataset_cropped/09_Metas/02/16/20190902163400_00160.jpg,datasets_cloudmask/dataset_cropped/09_Metas/02/16/20190902163400_00160.png,556,779.2,101.2,29.7,961
9/2/2019 16:35,datasets/dataset_cropped/09_Metas/02/16/20190902163500_00160.jpg,datasets_flow/dataset_cropped/09_Metas/02/16/20190902163500_00160.jpg,datasets_cloudmask/dataset_cropped/09_Metas/02/16/20190902163500_00160.png,551.2,774.8,101.2,29.9,961
9/2/2019 16:36,datasets/dataset_cropped/09_Metas/02/16/20190902163600_00160.jpg,datasets_flow/dataset_cropped/09_Metas/02/16/20190902163600_00160.jpg,datasets_cloudmask/dataset_cropped/09_Metas/02/16/20190902163600_00160.png,547.5,772.3,101.2,29.8,961
9/2/2019 16:37,datasets/dataset_cropped/09_Metas/02/16/20190902163700_00160.jpg,datasets_flow/dataset_cropped/09_Metas/02/16/20190902163700_00160.jpg,datasets_cloudmask/dataset_cropped/09_Metas/02/16/20190902163700_00160.png,545.1,771.8,101.4,30,961
9/2/2019 16:38,datasets/dataset_cropped/09_Metas/02/16/20190902163800_00160.jpg,datasets_flow/dataset_cropped/09_Metas/02/16/20190902163800_00160.jpg,datasets_cloudmask/dataset_cropped/09_Metas/02/16/20190902163800_00160.png,542.5,771.8,101.5,30.2,961
9/2/2019 16:39,datasets/dataset_cropped/09_Metas/02/16/20190902163900_00160.jpg,datasets_flow/dataset_cropped/09_Metas/02/16/20190902163900_00160.jpg,datasets_cloudmask/dataset_cropped/09_Metas/02/16/20190902163900_00160.png,538.8,770,100.6,29.8,961
9/2/2019 16:40,datasets/dataset_cropped/09_Metas/02/16/20190902164000_00160.jpg,datasets_flow/dataset_cropped/09_Metas/02/16/20190902164000_00160.jpg,datasets_cloudmask/dataset_cropped/09_Metas/02/16/20190902164000_00160.png,535.4,768.6,100.3,29.7,961
9/2/2019 16:41,datasets/dataset_cropped/09_Metas/02/16/20190902164100_00160.jpg,datasets_flow/dataset_cropped/09_Metas/02/16/20190902164100_00160.jpg,datasets_cloudmask/dataset_cropped/09_Metas/02/16/20190902164100_00160.png,531.6,765.6,99.8,29.3,961
9/2/2019 16:42,datasets/dataset_cropped/09_Metas/02/16/20190902164200_00160.jpg,datasets_flow/dataset_cropped/09_Metas/02/16/20190902164200_00160.jpg,datasets_cloudmask/dataset_cropped/09_Metas/02/16/20190902164200_00160.png,528.5,763.9,99.4,29.2,961
9/2/2019 16:43,datasets/dataset_cropped/09_Metas/02/16/20190902164300_00160.jpg,datasets_flow/dataset_cropped/09_Metas/02/16/20190902164300_00160.jpg,datasets_cloudmask/dataset_cropped/09_Metas/02/16/20190902164300_00160.png,526.9,765.1,99.1,29.5,961
9/2/2019 16:44,datasets/dataset_cropped/09_Metas/02/16/20190902164400_00160.jpg,datasets_flow/dataset_cropped/09_Metas/02/16/20190902164400_00160.jpg,datasets_cloudmask/dataset_cropped/09_Metas/02/16/20190902164400_00160.png,524.8,765.4,98.9,29.6,961
9/2/2019 16:45,datasets/dataset_cropped/09_Metas/02/16/20190902164500_00160.jpg,datasets_flow/dataset_cropped/09_Metas/02/16/20190902164500_00160.jpg,datasets_cloudmask/dataset_cropped/09_Metas/02/16/20190902164500_00160.png,522.4,765.5,98.8,29.7,961
9/2/2019 16:46,datasets/dataset_cropped/09_Metas/02/16/20190902164600_00160.jpg,datasets_flow/dataset_cropped/09_Metas/02/16/20190902164600_00160.jpg,datasets_cloudmask/dataset_cropped/09_Metas/02/16/20190902164600_00160.png,518.1,762,98.8,29.8,961
9/2/2019 16:47,datasets/dataset_cropped/09_Metas/02/16/20190902164700_00160.jpg,datasets_flow/dataset_cropped/09_Metas/02/16/20190902164700_00160.jpg,datasets_cloudmask/dataset_cropped/09_Metas/02/16/20190902164700_00160.png,513.9,758.5,98.5,29.7,961
9/2/2019 16:48,datasets/dataset_cropped/09_Metas/02/16/20190902164800_00160.jpg,datasets_flow/dataset_cropped/09_Metas/02/16/20190902164800_00160.jpg,datasets_cloudmask/dataset_cropped/09_Metas/02/16/20190902164800_00160.png,510.1,755.7,98.3,29.6,961
9/2/2019 16:49,datasets/dataset_cropped/09_Metas/02/16/20190902164900_00160.jpg,datasets_flow/dataset_cropped/09_Metas/02/16/20190902164900_00160.jpg,datasets_cloudmask/dataset_cropped/09_Metas/02/16/20190902164900_00160.png,505.4,751.5,98,29.6,961
9/2/2019 16:50,datasets/dataset_cropped/09_Metas/02/16/20190902165000_00160.jpg,datasets_flow/dataset_cropped/09_Metas/02/16/20190902165000_00160.jpg,datasets_cloudmask/dataset_cropped/09_Metas/02/16/20190902165000_00160.png,501.7,748.6,97.6,29.8,961
9/2/2019 16:51,datasets/dataset_cropped/09_Metas/02/16/20190902165100_00160.jpg,datasets_flow/dataset_cropped/09_Metas/02/16/20190902165100_00160.jpg,datasets_cloudmask/dataset_cropped/09_Metas/02/16/20190902165100_00160.png,498.9,747.7,97.4,29.7,961
9/2/2019 16:52,datasets/dataset_cropped/09_Metas/02/16/20190902165200_00160.jpg,datasets_flow/dataset_cropped/09_Metas/02/16/20190902165200_00160.jpg,datasets_cloudmask/dataset_cropped/09_Metas/02/16/20190902165200_00160.png,497.2,749.2,97.2,29.9,961
9/2/2019 16:53,datasets/dataset_cropped/09_Metas/02/16/20190902165300_00160.jpg,datasets_flow/dataset_cropped/09_Metas/02/16/20190902165300_00160.jpg,datasets_cloudmask/dataset_cropped/09_Metas/02/16/20190902165300_00160.png,495,749.3,97,29.8,961
9/2/2019 16:54,datasets/dataset_cropped/09_Metas/02/16/20190902165400_00160.jpg,datasets_flow/dataset_cropped/09_Metas/02/16/20190902165400_00160.jpg,datasets_cloudmask/dataset_cropped/09_Metas/02/16/20190902165400_00160.png,491.4,746.8,96.7,29.2,961
9/2/2019 16:55,datasets/dataset_cropped/09_Metas/02/16/20190902165500_00160.jpg,datasets_flow/dataset_cropped/09_Metas/02/16/20190902165500_00160.jpg,datasets_cloudmask/dataset_cropped/09_Metas/02/16/20190902165500_00160.png,488.2,745.3,96.4,28.9,961
9/2/2019 16:56,datasets/dataset_cropped/09_Metas/02/16/20190902165600_00160.jpg,datasets_flow/dataset_cropped/09_Metas/02/16/20190902165600_00160.jpg,datasets_cloudmask/dataset_cropped/09_Metas/02/16/20190902165600_00160.png,484.2,741.4,96.6,29.2,961
9/2/2019 16:57,datasets/dataset_cropped/09_Metas/02/16/20190902165700_00160.jpg,datasets_flow/dataset_cropped/09_Metas/02/16/20190902165700_00160.jpg,datasets_cloudmask/dataset_cropped/09_Metas/02/16/20190902165700_00160.png,480.2,738,96.8,29.4,961
9/2/2019 16:58,datasets/dataset_cropped/09_Metas/02/16/20190902165800_00160.jpg,datasets_flow/dataset_cropped/09_Metas/02/16/20190902165800_00160.jpg,datasets_cloudmask/dataset_cropped/09_Metas/02/16/20190902165800_00160.png,476.8,735.9,96.9,29.4,961
9/2/2019 16:59,datasets/dataset_cropped/09_Metas/02/16/20190902165900_00160.jpg,datasets_flow/dataset_cropped/09_Metas/02/16/20190902165900_00160.jpg,datasets_cloudmask/dataset_cropped/09_Metas/02/16/20190902165900_00160.png,472.8,732.6,96.9,29.3,961
9/2/2019 17:00,datasets/dataset_cropped/09_Metas/02/17/20190902170000_00160.jpg,datasets_flow/dataset_cropped/09_Metas/02/17/20190902170000_00160.jpg,datasets_cloudmask/dataset_cropped/09_Metas/02/17/20190902170000_00160.png,468.5,729.2,96.2,29.2,961
9/2/2019 17:01,datasets/dataset_cropped/09_Metas/02/17/20190902170100_00160.jpg,datasets_flow/dataset_cropped/09_Metas/02/17/20190902170100_00160.jpg,datasets_cloudmask/dataset_cropped/09_Metas/02/17/20190902170100_00160.png,465.9,728.6,95.9,29.6,961
9/2/2019 17:02,datasets/dataset_cropped/09_Metas/02/17/20190902170200_00160.jpg,datasets_flow/dataset_cropped/09_Metas/02/17/20190902170200_00160.jpg,datasets_cloudmask/dataset_cropped/09_Metas/02/17/20190902170200_00160.png,462.6,727.1,95.8,29.7,961
9/2/2019 17:03,datasets/dataset_cropped/09_Metas/02/17/20190902170300_00160.jpg,datasets_flow/dataset_cropped/09_Metas/02/17/20190902170300_00160.jpg,datasets_cloudmask/dataset_cropped/09_Metas/02/17/20190902170300_00160.png,459.8,726.8,95.5,29.3,961
9/2/2019 17:04,datasets/dataset_cropped/09_Metas/02/17/20190902170400_00160.jpg,datasets_flow/dataset_cropped/09_Metas/02/17/20190902170400_00160.jpg,datasets_cloudmask/dataset_cropped/09_Metas/02/17/20190902170400_00160.png,458.2,729,95,29.4,961
9/2/2019 17:05,datasets/dataset_cropped/09_Metas/02/17/20190902170500_00160.jpg,datasets_flow/dataset_cropped/09_Metas/02/17/20190902170500_00160.jpg,datasets_cloudmask/dataset_cropped/09_Metas/02/17/20190902170500_00160.png,456.9,731.3,94.7,29.7,961
9/2/2019 17:06,datasets/dataset_cropped/09_Metas/02/17/20190902170600_00160.jpg,datasets_flow/dataset_cropped/09_Metas/02/17/20190902170600_00160.jpg,datasets_cloudmask/dataset_cropped/09_Metas/02/17/20190902170600_00160.png,453,728.2,94.4,29.8,961
9/2/2019 17:07,datasets/dataset_cropped/09_Metas/02/17/20190902170700_00160.jpg,datasets_flow/dataset_cropped/09_Metas/02/17/20190902170700_00160.jpg,datasets_cloudmask/dataset_cropped/09_Metas/02/17/20190902170700_00160.png,449.7,725.9,94.3,29.6,961
9/2/2019 17:08,datasets/dataset_cropped/09_Metas/02/17/20190902170800_00160.jpg,datasets_flow/dataset_cropped/09_Metas/02/17/20190902170800_00160.jpg,datasets_cloudmask/dataset_cropped/09_Metas/02/17/20190902170800_00160.png,446.2,723.7,93.9,29.6,961
9/2/2019 17:09,datasets/dataset_cropped/09_Metas/02/17/20190902170900_00160.jpg,datasets_flow/dataset_cropped/09_Metas/02/17/20190902170900_00160.jpg,datasets_cloudmask/dataset_cropped/09_Metas/02/17/20190902170900_00160.png,443,721.9,93.4,29.8,961
9/2/2019 17:10,datasets/dataset_cropped/09_Metas/02/17/20190902171000_00160.jpg,datasets_flow/dataset_cropped/09_Metas/02/17/20190902171000_00160.jpg,datasets_cloudmask/dataset_cropped/09_Metas/02/17/20190902171000_00160.png,441,722.6,93.4,29.6,961
9/2/2019 17:11,datasets/dataset_cropped/09_Metas/02/17/20190902171100_00160.jpg,datasets_flow/dataset_cropped/09_Metas/02/17/20190902171100_00160.jpg,datasets_cloudmask/dataset_cropped/09_Metas/02/17/20190902171100_00160.png,438.4,722.1,93.4,29.4,961
9/2/2019 17:12,datasets/dataset_cropped/09_Metas/02/17/20190902171200_00160.jpg,datasets_flow/dataset_cropped/09_Metas/02/17/20190902171200_00160.jpg,datasets_cloudmask/dataset_cropped/09_Metas/02/17/20190902171200_00160.png,436,722.5,93.1,29.3,961
9/2/2019 17:13,datasets/dataset_cropped/09_Metas/02/17/20190902171300_00160.jpg,datasets_flow/dataset_cropped/09_Metas/02/17/20190902171300_00160.jpg,datasets_cloudmask/dataset_cropped/09_Metas/02/17/20190902171300_00160.png,432.1,719.6,92.7,29.3,961
9/2/2019 17:14,datasets/dataset_cropped/09_Metas/02/17/20190902171400_00160.jpg,datasets_flow/dataset_cropped/09_Metas/02/17/20190902171400_00160.jpg,datasets_cloudmask/dataset_cropped/09_Metas/02/17/20190902171400_00160.png,428.7,717.6,92.3,29.5,961
9/2/2019 17:15,datasets/dataset_cropped/09_Metas/02/17/20190902171500_00160.jpg,datasets_flow/dataset_cropped/09_Metas/02/17/20190902171500_00160.jpg,datasets_cloudmask/dataset_cropped/09_Metas/02/17/20190902171500_00160.png,424.8,714.3,92.2,29.4,961
9/2/2019 17:16,datasets/dataset_cropped/09_Metas/02/17/20190902171600_00160.jpg,datasets_flow/dataset_cropped/09_Metas/02/17/20190902171600_00160.jpg,datasets_cloudmask/dataset_cropped/09_Metas/02/17/20190902171600_00160.png,421.1,711.5,92,29.6,961
9/2/2019 17:17,datasets/dataset_cropped/09_Metas/02/17/20190902171700_00160.jpg,datasets_flow/dataset_cropped/09_Metas/02/17/20190902171700_00160.jpg,datasets_cloudmask/dataset_cropped/09_Metas/02/17/20190902171700_00160.png,417.9,709.9,91.9,29.6,961
9/2/2019 17:18,datasets/dataset_cropped/09_Metas/02/17/20190902171800_00160.jpg,datasets_flow/dataset_cropped/09_Metas/02/17/20190902171800_00160.jpg,datasets_cloudmask/dataset_cropped/09_Metas/02/17/20190902171800_00160.png,414.6,708,91.7,29.9,961
9/2/2019 17:19,datasets/dataset_cropped/09_Metas/02/17/20190902171900_00160.jpg,datasets_flow/dataset_cropped/09_Metas/02/17/20190902171900_00160.jpg,datasets_cloudmask/dataset_cropped/09_Metas/02/17/20190902171900_00160.png,411,705.9,91.2,29.7,961
9/2/2019 17:20,datasets/dataset_cropped/09_Metas/02/17/20190902172000_00160.jpg,datasets_flow/dataset_cropped/09_Metas/02/17/20190902172000_00160.jpg,datasets_cloudmask/dataset_cropped/09_Metas/02/17/20190902172000_00160.png,407.2,703.1,90.7,29.6,961
9/2/2019 17:21,datasets/dataset_cropped/09_Metas/02/17/20190902172100_00160.jpg,datasets_flow/dataset_cropped/09_Metas/02/17/20190902172100_00160.jpg,datasets_cloudmask/dataset_cropped/09_Metas/02/17/20190902172100_00160.png,403.5,700.5,90.3,29.6,961
9/2/2019 17:22,datasets/dataset_cropped/09_Metas/02/17/20190902172200_00160.jpg,datasets_flow/dataset_cropped/09_Metas/02/17/20190902172200_00160.jpg,datasets_cloudmask/dataset_cropped/09_Metas/02/17/20190902172200_00160.png,399.7,697.3,89.9,29.5,961
9/2/2019 17:23,datasets/dataset_cropped/09_Metas/02/17/20190902172300_00160.jpg,datasets_flow/dataset_cropped/09_Metas/02/17/20190902172300_00160.jpg,datasets_cloudmask/dataset_cropped/09_Metas/02/17/20190902172300_00160.png,396.3,694.8,89.9,29.2,961
9/2/2019 17:24,datasets/dataset_cropped/09_Metas/02/17/20190902172400_00160.jpg,datasets_flow/dataset_cropped/09_Metas/02/17/20190902172400_00160.jpg,datasets_cloudmask/dataset_cropped/09_Metas/02/17/20190902172400_00160.png,392.3,691.4,89.7,29.2,961
9/2/2019 17:25,datasets/dataset_cropped/09_Metas/02/17/20190902172500_00160.jpg,datasets_flow/dataset_cropped/09_Metas/02/17/20190902172500_00160.jpg,datasets_cloudmask/dataset_cropped/09_Metas/02/17/20190902172500_00160.png,388,687.3,89.4,29.4,961
9/2/2019 17:26,datasets/dataset_cropped/09_Metas/02/17/20190902172600_00160.jpg,datasets_flow/dataset_cropped/09_Metas/02/17/20190902172600_00160.jpg,datasets_cloudmask/dataset_cropped/09_Metas/02/17/20190902172600_00160.png,384.3,684.2,89.1,29.5,961
9/2/2019 17:27,datasets/dataset_cropped/09_Metas/02/17/20190902172700_00160.jpg,datasets_flow/dataset_cropped/09_Metas/02/17/20190902172700_00160.jpg,datasets_cloudmask/dataset_cropped/09_Metas/02/17/20190902172700_00160.png,379.8,679.5,88.5,29.2,961
9/2/2019 17:28,datasets/dataset_cropped/09_Metas/02/17/20190902172800_00160.jpg,datasets_flow/dataset_cropped/09_Metas/02/17/20190902172800_00160.jpg,datasets_cloudmask/dataset_cropped/09_Metas/02/17/20190902172800_00160.png,375.5,675.1,88.3,29.2,961
9/2/2019 17:29,datasets/dataset_cropped/09_Metas/02/17/20190902172900_00160.jpg,datasets_flow/dataset_cropped/09_Metas/02/17/20190902172900_00160.jpg,datasets_cloudmask/dataset_cropped/09_Metas/02/17/20190902172900_00160.png,373,675.5,88,29.1,961
9/2/2019 17:30,datasets/dataset_cropped/09_Metas/02/17/20190902173000_00160.jpg,datasets_flow/dataset_cropped/09_Metas/02/17/20190902173000_00160.jpg,datasets_cloudmask/dataset_cropped/09_Metas/02/17/20190902173000_00160.png,369.9,674.8,87.2,29.1,961
9/2/2019 17:31,datasets/dataset_cropped/09_Metas/02/17/20190902173100_00160.jpg,datasets_flow/dataset_cropped/09_Metas/02/17/20190902173100_00160.jpg,datasets_cloudmask/dataset_cropped/09_Metas/02/17/20190902173100_00160.png,366.3,672.3,86.5,28.9,961
9/2/2019 17:32,datasets/dataset_cropped/09_Metas/02/17/20190902173200_00160.jpg,datasets_flow/dataset_cropped/09_Metas/02/17/20190902173200_00160.jpg,datasets_cloudmask/dataset_cropped/09_Metas/02/17/20190902173200_00160.png,362.5,669.1,85.9,28.9,961
9/2/2019 17:33,datasets/dataset_cropped/09_Metas/02/17/20190902173300_00160.jpg,datasets_flow/dataset_cropped/09_Metas/02/17/20190902173300_00160.jpg,datasets_cloudmask/dataset_cropped/09_Metas/02/17/20190902173300_00160.png,358.6,665.5,85.6,29.1,961
9/2/2019 17:34,datasets/dataset_cropped/09_Metas/02/17/20190902173400_00160.jpg,datasets_flow/dataset_cropped/09_Metas/02/17/20190902173400_00160.jpg,datasets_cloudmask/dataset_cropped/09_Metas/02/17/20190902173400_00160.png,354.6,662.4,85.3,29.1,961
9/2/2019 17:35,datasets/dataset_cropped/09_Metas/02/17/20190902173500_00160.jpg,datasets_flow/dataset_cropped/09_Metas/02/17/20190902173500_00160.jpg,datasets_cloudmask/dataset_cropped/09_Metas/02/17/20190902173500_00160.png,350.5,658.2,85,29.3,961
9/2/2019 17:36,datasets/dataset_cropped/09_Metas/02/17/20190902173600_00160.jpg,datasets_flow/dataset_cropped/09_Metas/02/17/20190902173600_00160.jpg,datasets_cloudmask/dataset_cropped/09_Metas/02/17/20190902173600_00160.png,346.8,656.3,84.5,29.4,961
9/2/2019 17:37,datasets/dataset_cropped/09_Metas/02/17/20190902173700_00160.jpg,datasets_flow/dataset_cropped/09_Metas/02/17/20190902173700_00160.jpg,datasets_cloudmask/dataset_cropped/09_Metas/02/17/20190902173700_00160.png,342.3,652.3,83.7,29.4,961
9/2/2019 17:38,datasets/dataset_cropped/09_Metas/02/17/20190902173800_00160.jpg,datasets_flow/dataset_cropped/09_Metas/02/17/20190902173800_00160.jpg,datasets_cloudmask/dataset_cropped/09_Metas/02/17/20190902173800_00160.png,338.2,648.7,82.7,29.5,961
9/2/2019 17:39,datasets/dataset_cropped/09_Metas/02/17/20190902173900_00160.jpg,datasets_flow/dataset_cropped/09_Metas/02/17/20190902173900_00160.jpg,datasets_cloudmask/dataset_cropped/09_Metas/02/17/20190902173900_00160.png,333.3,642.9,81.9,29.5,961
9/2/2019 17:40,datasets/dataset_cropped/09_Metas/02/17/20190902174000_00160.jpg,datasets_flow/dataset_cropped/09_Metas/02/17/20190902174000_00160.jpg,datasets_cloudmask/dataset_cropped/09_Metas/02/17/20190902174000_00160.png,331.1,644,81.2,29.3,961
9/2/2019 17:41,datasets/dataset_cropped/09_Metas/02/17/20190902174100_00160.jpg,datasets_flow/dataset_cropped/09_Metas/02/17/20190902174100_00160.jpg,datasets_cloudmask/dataset_cropped/09_Metas/02/17/20190902174100_00160.png,321.3,625.4,80.6,29.5,961
9/2/2019 17:42,datasets/dataset_cropped/09_Metas/02/17/20190902174200_00160.jpg,datasets_flow/dataset_cropped/09_Metas/02/17/20190902174200_00160.jpg,datasets_cloudmask/dataset_cropped/09_Metas/02/17/20190902174200_00160.png,309.3,601.1,79.7,29.1,961
9/2/2019 17:43,datasets/dataset_cropped/09_Metas/02/17/20190902174300_00160.jpg,datasets_flow/dataset_cropped/09_Metas/02/17/20190902174300_00160.jpg,datasets_cloudmask/dataset_cropped/09_Metas/02/17/20190902174300_00160.png,320.3,636.9,79.1,29,961
9/2/2019 17:44,datasets/dataset_cropped/09_Metas/02/17/20190902174400_00160.jpg,datasets_flow/dataset_cropped/09_Metas/02/17/20190902174400_00160.jpg,datasets_cloudmask/dataset_cropped/09_Metas/02/17/20190902174400_00160.png,318.8,638.6,79.2,28.9,961
9/2/2019 17:45,datasets/dataset_cropped/09_Metas/02/17/20190902174500_00160.jpg,datasets_flow/dataset_cropped/09_Metas/02/17/20190902174500_00160.jpg,datasets_cloudmask/dataset_cropped/09_Metas/02/17/20190902174500_00160.png,313.7,631.1,79.1,29.1,961
9/2/2019 17:46,datasets/dataset_cropped/09_Metas/02/17/20190902174600_00160.jpg,datasets_flow/dataset_cropped/09_Metas/02/17/20190902174600_00160.jpg,datasets_cloudmask/dataset_cropped/09_Metas/02/17/20190902174600_00160.png,309,624,79,29,961
9/2/2019 17:47,datasets/dataset_cropped/09_Metas/02/17/20190902174700_00160.jpg,datasets_flow/dataset_cropped/09_Metas/02/17/20190902174700_00160.jpg,datasets_cloudmask/dataset_cropped/09_Metas/02/17/20190902174700_00160.png,302.3,611.9,78.8,28.9,961
9/2/2019 17:48,datasets/dataset_cropped/09_Metas/02/17/20190902174800_00160.jpg,datasets_flow/dataset_cropped/09_Metas/02/17/20190902174800_00160.jpg,datasets_cloudmask/dataset_cropped/09_Metas/02/17/20190902174800_00160.png,290.2,584.6,78.5,28.9,961
9/2/2019 17:49,datasets/dataset_cropped/09_Metas/02/17/20190902174900_00160.jpg,datasets_flow/dataset_cropped/09_Metas/02/17/20190902174900_00160.jpg,datasets_cloudmask/dataset_cropped/09_Metas/02/17/20190902174900_00160.png,291.3,593.2,78.4,28.9,961
9/2/2019 17:50,datasets/dataset_cropped/09_Metas/02/17/20190902175000_00160.jpg,datasets_flow/dataset_cropped/09_Metas/02/17/20190902175000_00160.jpg,datasets_cloudmask/dataset_cropped/09_Metas/02/17/20190902175000_00160.png,286.5,586,78.2,29,961
9/2/2019 17:51,datasets/dataset_cropped/09_Metas/02/17/20190902175100_00160.jpg,datasets_flow/dataset_cropped/09_Metas/02/17/20190902175100_00160.jpg,datasets_cloudmask/dataset_cropped/09_Metas/02/17/20190902175100_00160.png,273.7,556.6,77.6,28.9,961
9/2/2019 17:52,datasets/dataset_cropped/09_Metas/02/17/20190902175200_00160.jpg,datasets_flow/dataset_cropped/09_Metas/02/17/20190902175200_00160.jpg,datasets_cloudmask/dataset_cropped/09_Metas/02/17/20190902175200_00160.png,272.6,560.4,76.9,28.7,961
9/2/2019 17:53,datasets/dataset_cropped/09_Metas/02/17/20190902175300_00160.jpg,datasets_flow/dataset_cropped/09_Metas/02/17/20190902175300_00160.jpg,datasets_cloudmask/dataset_cropped/09_Metas/02/17/20190902175300_00160.png,269.7,558.2,76.7,28.8,961
9/2/2019 17:54,datasets/dataset_cropped/09_Metas/02/17/20190902175400_00160.jpg,datasets_flow/dataset_cropped/09_Metas/02/17/20190902175400_00160.jpg,datasets_cloudmask/dataset_cropped/09_Metas/02/17/20190902175400_00160.png,271.5,569.7,76.6,28.9,961
9/2/2019 17:55,datasets/dataset_cropped/09_Metas/02/17/20190902175500_00160.jpg,datasets_flow/dataset_cropped/09_Metas/02/17/20190902175500_00160.jpg,datasets_cloudmask/dataset_cropped/09_Metas/02/17/20190902175500_00160.png,275.5,587.5,76.4,28.8,961
9/2/2019 17:56,datasets/dataset_cropped/09_Metas/02/17/20190902175600_00160.jpg,datasets_flow/dataset_cropped/09_Metas/02/17/20190902175600_00160.jpg,datasets_cloudmask/dataset_cropped/09_Metas/02/17/20190902175600_00160.png,266.5,567.8,76.2,28.8,961
9/2/2019 17:57,datasets/dataset_cropped/09_Metas/02/17/20190902175700_00160.jpg,datasets_flow/dataset_cropped/09_Metas/02/17/20190902175700_00160.jpg,datasets_cloudmask/dataset_cropped/09_Metas/02/17/20190902175700_00160.png,256.2,544.3,75.4,28.8,961
9/2/2019 17:58,datasets/dataset_cropped/09_Metas/02/17/20190902175800_00160.jpg,datasets_flow/dataset_cropped/09_Metas/02/17/20190902175800_00160.jpg,datasets_cloudmask/dataset_cropped/09_Metas/02/17/20190902175800_00160.png,255.1,548.1,74.9,28.7,961
9/2/2019 17:59,datasets/dataset_cropped/09_Metas/02/17/20190902175900_00160.jpg,datasets_flow/dataset_cropped/09_Metas/02/17/20190902175900_00160.jpg,datasets_cloudmask/dataset_cropped/09_Metas/02/17/20190902175900_00160.png,259.9,570.1,74.3,28.8,961
9/2/2019 18:00,datasets/dataset_cropped/09_Metas/02/18/20190902180000_00160.jpg,datasets_flow/dataset_cropped/09_Metas/02/18/20190902180000_00160.jpg,datasets_cloudmask/dataset_cropped/09_Metas/02/18/20190902180000_00160.png,258.1,571.8,73.8,28.9,961
9/2/2019 18:01,datasets/dataset_cropped/09_Metas/02/18/20190902180100_00160.jpg,datasets_flow/dataset_cropped/09_Metas/02/18/20190902180100_00160.jpg,datasets_cloudmask/dataset_cropped/09_Metas/02/18/20190902180100_00160.png,230.1,492.7,73,29,961
9/2/2019 18:02,datasets/dataset_cropped/09_Metas/02/18/20190902180200_00160.jpg,datasets_flow/dataset_cropped/09_Metas/02/18/20190902180200_00160.jpg,datasets_cloudmask/dataset_cropped/09_Metas/02/18/20190902180200_00160.png,217.7,461.9,71.7,29.2,961
9/2/2019 18:03,datasets/dataset_cropped/09_Metas/02/18/20190902180300_00160.jpg,datasets_flow/dataset_cropped/09_Metas/02/18/20190902180300_00160.jpg,datasets_cloudmask/dataset_cropped/09_Metas/02/18/20190902180300_00160.png,209.4,441.7,71.1,29,961
9/2/2019 18:04,datasets/dataset_cropped/09_Metas/02/18/20190902180400_00160.jpg,datasets_flow/dataset_cropped/09_Metas/02/18/20190902180400_00160.jpg,datasets_cloudmask/dataset_cropped/09_Metas/02/18/20190902180400_00160.png,203,428.4,70.1,28.9,961
9/2/2019 18:05,datasets/dataset_cropped/09_Metas/02/18/20190902180500_00160.jpg,datasets_flow/dataset_cropped/09_Metas/02/18/20190902180500_00160.jpg,datasets_cloudmask/dataset_cropped/09_Metas/02/18/20190902180500_00160.png,192.9,403,69.1,28.6,961
9/2/2019 18:06,datasets/dataset_cropped/09_Metas/02/18/20190902180600_00160.jpg,datasets_flow/dataset_cropped/09_Metas/02/18/20190902180600_00160.jpg,datasets_cloudmask/dataset_cropped/09_Metas/02/18/20190902180600_00160.png,203.5,443.5,68.7,28.5,961
9/2/2019 18:07,datasets/dataset_cropped/09_Metas/02/18/20190902180700_00160.jpg,datasets_flow/dataset_cropped/09_Metas/02/18/20190902180700_00160.jpg,datasets_cloudmask/dataset_cropped/09_Metas/02/18/20190902180700_00160.png,208.6,466.2,68.5,28.3,961
9/2/2019 18:08,datasets/dataset_cropped/09_Metas/02/18/20190902180800_00160.jpg,datasets_flow/dataset_cropped/09_Metas/02/18/20190902180800_00160.jpg,datasets_cloudmask/dataset_cropped/09_Metas/02/18/20190902180800_00160.png,204.4,459,68.2,28.3,961
9/2/2019 18:09,datasets/dataset_cropped/09_Metas/02/18/20190902180900_00160.jpg,datasets_flow/dataset_cropped/09_Metas/02/18/20190902180900_00160.jpg,datasets_cloudmask/dataset_cropped/09_Metas/02/18/20190902180900_00160.png,203.9,465.6,67.5,28.2,961
9/2/2019 18:10,datasets/dataset_cropped/09_Metas/02/18/20190902181000_00160.jpg,datasets_flow/dataset_cropped/09_Metas/02/18/20190902181000_00160.jpg,datasets_cloudmask/dataset_cropped/09_Metas/02/18/20190902181000_00160.png,208.8,490.5,66.8,28.1,961
9/2/2019 18:11,datasets/dataset_cropped/09_Metas/02/18/20190902181100_00160.jpg,datasets_flow/dataset_cropped/09_Metas/02/18/20190902181100_00160.jpg,datasets_cloudmask/dataset_cropped/09_Metas/02/18/20190902181100_00160.png,199.1,465,66,28.1,961
9/2/2019 18:12,datasets/dataset_cropped/09_Metas/02/18/20190902181200_00160.jpg,datasets_flow/dataset_cropped/09_Metas/02/18/20190902181200_00160.jpg,datasets_cloudmask/dataset_cropped/09_Metas/02/18/20190902181200_00160.png,184.8,423.4,64.9,28.2,961
9/2/2019 18:13,datasets/dataset_cropped/09_Metas/02/18/20190902181300_00160.jpg,datasets_flow/dataset_cropped/09_Metas/02/18/20190902181300_00160.jpg,datasets_cloudmask/dataset_cropped/09_Metas/02/18/20190902181300_00160.png,180.8,417.7,63.8,28.2,961
9/2/2019 18:14,datasets/dataset_cropped/09_Metas/02/18/20190902181400_00160.jpg,datasets_flow/dataset_cropped/09_Metas/02/18/20190902181400_00160.jpg,datasets_cloudmask/dataset_cropped/09_Metas/02/18/20190902181400_00160.png,181.9,429.1,62.9,28.1,961
9/2/2019 18:15,datasets/dataset_cropped/09_Metas/02/18/20190902181500_00160.jpg,datasets_flow/dataset_cropped/09_Metas/02/18/20190902181500_00160.jpg,datasets_cloudmask/dataset_cropped/09_Metas/02/18/20190902181500_00160.png,174,408.2,62.3,28,961
9/2/2019 18:16,datasets/dataset_cropped/09_Metas/02/18/20190902181600_00160.jpg,datasets_flow/dataset_cropped/09_Metas/02/18/20190902181600_00160.jpg,datasets_cloudmask/dataset_cropped/09_Metas/02/18/20190902181600_00160.png,169.7,400.3,61.5,28.1,961
9/2/2019 18:17,datasets/dataset_cropped/09_Metas/02/18/20190902181700_00160.jpg,datasets_flow/dataset_cropped/09_Metas/02/18/20190902181700_00160.jpg,datasets_cloudmask/dataset_cropped/09_Metas/02/18/20190902181700_00160.png,159.2,369.4,60.5,28.1,961
9/2/2019 18:18,datasets/dataset_cropped/09_Metas/02/18/20190902181800_00160.jpg,datasets_flow/dataset_cropped/09_Metas/02/18/20190902181800_00160.jpg,datasets_cloudmask/dataset_cropped/09_Metas/02/18/20190902181800_00160.png,157.5,371.2,59.7,28,961
9/2/2019 18:19,datasets/dataset_cropped/09_Metas/02/18/20190902181900_00160.jpg,datasets_flow/dataset_cropped/09_Metas/02/18/20190902181900_00160.jpg,datasets_cloudmask/dataset_cropped/09_Metas/02/18/20190902181900_00160.png,171.7,432.8,59.2,28,961
9/2/2019 18:20,datasets/dataset_cropped/09_Metas/02/18/20190902182000_00160.jpg,datasets_flow/dataset_cropped/09_Metas/02/18/20190902182000_00160.jpg,datasets_cloudmask/dataset_cropped/09_Metas/02/18/20190902182000_00160.png,169.3,430.7,58.8,28,961
9/2/2019 18:21,datasets/dataset_cropped/09_Metas/02/18/20190902182100_00160.jpg,datasets_flow/dataset_cropped/09_Metas/02/18/20190902182100_00160.jpg,datasets_cloudmask/dataset_cropped/09_Metas/02/18/20190902182100_00160.png,154.5,380.7,58,28,961
9/2/2019 18:22,datasets/dataset_cropped/09_Metas/02/18/20190902182200_00160.jpg,datasets_flow/dataset_cropped/09_Metas/02/18/20190902182200_00160.jpg,datasets_cloudmask/dataset_cropped/09_Metas/02/18/20190902182200_00160.png,143.3,343.9,57.2,28,961
9/2/2019 18:23,datasets/dataset_cropped/09_Metas/02/18/20190902182300_00160.jpg,datasets_flow/dataset_cropped/09_Metas/02/18/20190902182300_00160.jpg,datasets_cloudmask/dataset_cropped/09_Metas/02/18/20190902182300_00160.png,148.4,372.2,56.6,27.9,961
9/2/2019 18:24,datasets/dataset_cropped/09_Metas/02/18/20190902182400_00160.jpg,datasets_flow/dataset_cropped/09_Metas/02/18/20190902182400_00160.jpg,datasets_cloudmask/dataset_cropped/09_Metas/02/18/20190902182400_00160.png,160.1,427.6,56.1,27.8,961
9/2/2019 18:25,datasets/dataset_cropped/09_Metas/02/18/20190902182500_00160.jpg,datasets_flow/dataset_cropped/09_Metas/02/18/20190902182500_00160.jpg,datasets_cloudmask/dataset_cropped/09_Metas/02/18/20190902182500_00160.png,163.7,449.2,55.9,27.8,961
9/2/2019 18:26,datasets/dataset_cropped/09_Metas/02/18/20190902182600_00160.jpg,datasets_flow/dataset_cropped/09_Metas/02/18/20190902182600_00160.jpg,datasets_cloudmask/dataset_cropped/09_Metas/02/18/20190902182600_00160.png,167.8,474.2,55.7,27.8,961
9/2/2019 18:27,datasets/dataset_cropped/09_Metas/02/18/20190902182700_00160.jpg,datasets_flow/dataset_cropped/09_Metas/02/18/20190902182700_00160.jpg,datasets_cloudmask/dataset_cropped/09_Metas/02/18/20190902182700_00160.png,167.1,479.1,55.6,27.9,961
9/2/2019 18:28,datasets/dataset_cropped/09_Metas/02/18/20190902182800_00160.jpg,datasets_flow/dataset_cropped/09_Metas/02/18/20190902182800_00160.jpg,datasets_cloudmask/dataset_cropped/09_Metas/02/18/20190902182800_00160.png,163.5,472.8,55.2,27.9,961
9/2/2019 18:29,datasets/dataset_cropped/09_Metas/02/18/20190902182900_00160.jpg,datasets_flow/dataset_cropped/09_Metas/02/18/20190902182900_00160.jpg,datasets_cloudmask/dataset_cropped/09_Metas/02/18/20190902182900_00160.png,159.8,465.5,54.8,27.9,961
9/2/2019 18:30,datasets/dataset_cropped/09_Metas/02/18/20190902183000_00160.jpg,datasets_flow/dataset_cropped/09_Metas/02/18/20190902183000_00160.jpg,datasets_cloudmask/dataset_cropped/09_Metas/02/18/20190902183000_00160.png,156.5,459.9,54.2,27.9,961
9/2/2019 18:31,datasets/dataset_cropped/09_Metas/02/18/20190902183100_00160.jpg,datasets_flow/dataset_cropped/09_Metas/02/18/20190902183100_00160.jpg,datasets_cloudmask/dataset_cropped/09_Metas/02/18/20190902183100_00160.png,153.1,454.5,53.5,27.9,961
9/2/2019 18:32,datasets/dataset_cropped/09_Metas/02/18/20190902183200_00160.jpg,datasets_flow/dataset_cropped/09_Metas/02/18/20190902183200_00160.jpg,datasets_cloudmask/dataset_cropped/09_Metas/02/18/20190902183200_00160.png,150.4,451.7,53,28,961
9/2/2019 18:33,datasets/dataset_cropped/09_Metas/02/18/20190902183300_00160.jpg,datasets_flow/dataset_cropped/09_Metas/02/18/20190902183300_00160.jpg,datasets_cloudmask/dataset_cropped/09_Metas/02/18/20190902183300_00160.png,148,449.2,52.7,27.9,961
9/2/2019 18:34,datasets/dataset_cropped/09_Metas/02/18/20190902183400_00160.jpg,datasets_flow/dataset_cropped/09_Metas/02/18/20190902183400_00160.jpg,datasets_cloudmask/dataset_cropped/09_Metas/02/18/20190902183400_00160.png,145.2,445.7,52.2,27.9,961
9/2/2019 18:35,datasets/dataset_cropped/09_Metas/02/18/20190902183500_00160.jpg,datasets_flow/dataset_cropped/09_Metas/02/18/20190902183500_00160.jpg,datasets_cloudmask/dataset_cropped/09_Metas/02/18/20190902183500_00160.png,142.1,440.6,51.6,28.1,961
9/2/2019 18:36,datasets/dataset_cropped/09_Metas/02/18/20190902183600_00160.jpg,datasets_flow/dataset_cropped/09_Metas/02/18/20190902183600_00160.jpg,datasets_cloudmask/dataset_cropped/09_Metas/02/18/20190902183600_00160.png,138.8,435.5,50.8,28,961
9/2/2019 18:37,datasets/dataset_cropped/09_Metas/02/18/20190902183700_00160.jpg,datasets_flow/dataset_cropped/09_Metas/02/18/20190902183700_00160.jpg,datasets_cloudmask/dataset_cropped/09_Metas/02/18/20190902183700_00160.png,135.5,429.9,50,27.7,961
9/2/2019 18:38,datasets/dataset_cropped/09_Metas/02/18/20190902183800_00160.jpg,datasets_flow/dataset_cropped/09_Metas/02/18/20190902183800_00160.jpg,datasets_cloudmask/dataset_cropped/09_Metas/02/18/20190902183800_00160.png,132.2,423.9,49.3,27.7,961
9/2/2019 18:39,datasets/dataset_cropped/09_Metas/02/18/20190902183900_00160.jpg,datasets_flow/dataset_cropped/09_Metas/02/18/20190902183900_00160.jpg,datasets_cloudmask/dataset_cropped/09_Metas/02/18/20190902183900_00160.png,128.7,415.9,48.8,27.9,961
9/2/2019 18:40,datasets/dataset_cropped/09_Metas/02/18/20190902184000_00160.jpg,datasets_flow/dataset_cropped/09_Metas/02/18/20190902184000_00160.jpg,datasets_cloudmask/dataset_cropped/09_Metas/02/18/20190902184000_00160.png,125,407.9,48.2,27.8,961
9/2/2019 18:41,datasets/dataset_cropped/09_Metas/02/18/20190902184100_00160.jpg,datasets_flow/dataset_cropped/09_Metas/02/18/20190902184100_00160.jpg,datasets_cloudmask/dataset_cropped/09_Metas/02/18/20190902184100_00160.png,121.2,399,47.4,27.7,961
9/2/2019 18:42,datasets/dataset_cropped/09_Metas/02/18/20190902184200_00160.jpg,datasets_flow/dataset_cropped/09_Metas/02/18/20190902184200_00160.jpg,datasets_cloudmask/dataset_cropped/09_Metas/02/18/20190902184200_00160.png,117.5,390.3,46.6,27.7,961
9/2/2019 18:43,datasets/dataset_cropped/09_Metas/02/18/20190902184300_00160.jpg,datasets_flow/dataset_cropped/09_Metas/02/18/20190902184300_00160.jpg,datasets_cloudmask/dataset_cropped/09_Metas/02/18/20190902184300_00160.png,114.2,383.1,45.9,27.8,961
9/2/2019 18:44,datasets/dataset_cropped/09_Metas/02/18/20190902184400_00160.jpg,datasets_flow/dataset_cropped/09_Metas/02/18/20190902184400_00160.jpg,datasets_cloudmask/dataset_cropped/09_Metas/02/18/20190902184400_00160.png,111.1,377.2,45.1,27.7,961
9/2/2019 18:45,datasets/dataset_cropped/09_Metas/02/18/20190902184500_00160.jpg,datasets_flow/dataset_cropped/09_Metas/02/18/20190902184500_00160.jpg,datasets_cloudmask/dataset_cropped/09_Metas/02/18/20190902184500_00160.png,107.8,370.4,44.3,27.6,961
9/2/2019 18:46,datasets/dataset_cropped/09_Metas/02/18/20190902184600_00160.jpg,datasets_flow/dataset_cropped/09_Metas/02/18/20190902184600_00160.jpg,datasets_cloudmask/dataset_cropped/09_Metas/02/18/20190902184600_00160.png,104.2,361.4,43.5,27.5,961
9/2/2019 18:47,datasets/dataset_cropped/09_Metas/02/18/20190902184700_00160.jpg,datasets_flow/dataset_cropped/09_Metas/02/18/20190902184700_00160.jpg,datasets_cloudmask/dataset_cropped/09_Metas/02/18/20190902184700_00160.png,100.7,352.6,42.7,27.6,961
9/2/2019 18:48,datasets/dataset_cropped/09_Metas/02/18/20190902184800_00160.jpg,datasets_flow/dataset_cropped/09_Metas/02/18/20190902184800_00160.jpg,datasets_cloudmask/dataset_cropped/09_Metas/02/18/20190902184800_00160.png,97.6,345.5,41.9,27.7,961
9/2/2019 18:49,datasets/dataset_cropped/09_Metas/02/18/20190902184900_00160.jpg,datasets_flow/dataset_cropped/09_Metas/02/18/20190902184900_00160.jpg,datasets_cloudmask/dataset_cropped/09_Metas/02/18/20190902184900_00160.png,94.4,338.3,41.1,27.6,961
9/2/2019 18:50,datasets/dataset_cropped/09_Metas/02/18/20190902185000_00160.jpg,datasets_flow/dataset_cropped/09_Metas/02/18/20190902185000_00160.jpg,datasets_cloudmask/dataset_cropped/09_Metas/02/18/20190902185000_00160.png,91.4,332.6,40,27.5,961
9/2/2019 18:51,datasets/dataset_cropped/09_Metas/02/18/20190902185100_00160.jpg,datasets_flow/dataset_cropped/09_Metas/02/18/20190902185100_00160.jpg,datasets_cloudmask/dataset_cropped/09_Metas/02/18/20190902185100_00160.png,89,331.6,38.9,27.5,961
9/2/2019 18:52,datasets/dataset_cropped/09_Metas/02/18/20190902185200_00160.jpg,datasets_flow/dataset_cropped/09_Metas/02/18/20190902185200_00160.jpg,datasets_cloudmask/dataset_cropped/09_Metas/02/18/20190902185200_00160.png,85.3,320.3,37.9,27.4,961
9/2/2019 18:53,datasets/dataset_cropped/09_Metas/02/18/20190902185300_00160.jpg,datasets_flow/dataset_cropped/09_Metas/02/18/20190902185300_00160.jpg,datasets_cloudmask/dataset_cropped/09_Metas/02/18/20190902185300_00160.png,70.5,232.2,36.6,27.3,961
9/2/2019 18:54,datasets/dataset_cropped/09_Metas/02/18/20190902185400_00160.jpg,datasets_flow/dataset_cropped/09_Metas/02/18/20190902185400_00160.jpg,datasets_cloudmask/dataset_cropped/09_Metas/02/18/20190902185400_00160.png,53.2,126.4,35,27.2,961
9/2/2019 18:55,datasets/dataset_cropped/09_Metas/02/18/20190902185500_00160.jpg,datasets_flow/dataset_cropped/09_Metas/02/18/20190902185500_00160.jpg,datasets_cloudmask/dataset_cropped/09_Metas/02/18/20190902185500_00160.png,52.6,136,33.8,27.2,961
9/2/2019 18:56,datasets/dataset_cropped/09_Metas/02/18/20190902185600_00160.jpg,datasets_flow/dataset_cropped/09_Metas/02/18/20190902185600_00160.jpg,datasets_cloudmask/dataset_cropped/09_Metas/02/18/20190902185600_00160.png,62,216.4,32.9,27.1,961
9/2/2019 18:57,datasets/dataset_cropped/09_Metas/02/18/20190902185700_00160.jpg,datasets_flow/dataset_cropped/09_Metas/02/18/20190902185700_00160.jpg,datasets_cloudmask/dataset_cropped/09_Metas/02/18/20190902185700_00160.png,68.5,276.5,32.3,27.1,961
9/2/2019 18:58,datasets/dataset_cropped/09_Metas/02/18/20190902185800_00160.jpg,datasets_flow/dataset_cropped/09_Metas/02/18/20190902185800_00160.jpg,datasets_cloudmask/dataset_cropped/09_Metas/02/18/20190902185800_00160.png,67,278,31.5,27,961
9/2/2019 18:59,datasets/dataset_cropped/09_Metas/02/18/20190902185900_00160.jpg,datasets_flow/dataset_cropped/09_Metas/02/18/20190902185900_00160.jpg,datasets_cloudmask/dataset_cropped/09_Metas/02/18/20190902185900_00160.png,64.2,269.6,30.8,27,961
9/2/2019 19:00,datasets/dataset_cropped/09_Metas/02/19/20190902190000_00160.jpg,datasets_flow/dataset_cropped/09_Metas/02/19/20190902190000_00160.jpg,datasets_cloudmask/dataset_cropped/09_Metas/02/19/20190902190000_00160.png,61.4,261.2,29.9,27,961
9/2/2019 19:01,datasets/dataset_cropped/09_Metas/02/19/20190902190100_00160.jpg,datasets_flow/dataset_cropped/09_Metas/02/19/20190902190100_00160.jpg,datasets_cloudmask/dataset_cropped/09_Metas/02/19/20190902190100_00160.png,58,246.6,29,27.1,961
9/2/2019 19:02,datasets/dataset_cropped/09_Metas/02/19/20190902190200_00160.jpg,datasets_flow/dataset_cropped/09_Metas/02/19/20190902190200_00160.jpg,datasets_cloudmask/dataset_cropped/09_Metas/02/19/20190902190200_00160.png,48.5,179.6,27.9,27.1,961
9/2/2019 19:03,datasets/dataset_cropped/09_Metas/02/19/20190902190300_00160.jpg,datasets_flow/dataset_cropped/09_Metas/02/19/20190902190300_00160.jpg,datasets_cloudmask/dataset_cropped/09_Metas/02/19/20190902190300_00160.png,42.1,139.8,26.6,27.1,961
9/2/2019 19:04,datasets/dataset_cropped/09_Metas/02/19/20190902190400_00160.jpg,datasets_flow/dataset_cropped/09_Metas/02/19/20190902190400_00160.jpg,datasets_cloudmask/dataset_cropped/09_Metas/02/19/20190902190400_00160.png,34.1,84.6,24.9,27.1,961
9/2/2019 19:05,datasets/dataset_cropped/09_Metas/02/19/20190902190500_00160.jpg,datasets_flow/dataset_cropped/09_Metas/02/19/20190902190500_00160.jpg,datasets_cloudmask/dataset_cropped/09_Metas/02/19/20190902190500_00160.png,28.6,50.8,23.1,27,961
9/2/2019 19:06,datasets/dataset_cropped/09_Metas/02/19/20190902190600_00160.jpg,datasets_flow/dataset_cropped/09_Metas/02/19/20190902190600_00160.jpg,datasets_cloudmask/dataset_cropped/09_Metas/02/19/20190902190600_00160.png,24.5,28.8,21.4,27,961
9/2/2019 19:07,datasets/dataset_cropped/09_Metas/02/19/20190902190700_00160.jpg,datasets_flow/dataset_cropped/09_Metas/02/19/20190902190700_00160.jpg,datasets_cloudmask/dataset_cropped/09_Metas/02/19/20190902190700_00160.png,21.7,16.4,19.9,26.9,961
9/2/2019 19:08,datasets/dataset_cropped/09_Metas/02/19/20190902190800_00160.jpg,datasets_flow/dataset_cropped/09_Metas/02/19/20190902190800_00160.jpg,datasets_cloudmask/dataset_cropped/09_Metas/02/19/20190902190800_00160.png,19.6,8.5,18.5,26.8,961
9/2/2019 19:09,datasets/dataset_cropped/09_Metas/02/19/20190902190900_00160.jpg,datasets_flow/dataset_cropped/09_Metas/02/19/20190902190900_00160.jpg,datasets_cloudmask/dataset_cropped/09_Metas/02/19/20190902190900_00160.png,18,5.3,17.3,26.8,961
9/2/2019 19:10,datasets/dataset_cropped/09_Metas/02/19/20190902191000_00160.jpg,datasets_flow/dataset_cropped/09_Metas/02/19/20190902191000_00160.jpg,datasets_cloudmask/dataset_cropped/09_Metas/02/19/20190902191000_00160.png,16.8,4.3,16.2,26.7,961
9/2/2019 19:11,datasets/dataset_cropped/09_Metas/02/19/20190902191100_00160.jpg,datasets_flow/dataset_cropped/09_Metas/02/19/20190902191100_00160.jpg,datasets_cloudmask/dataset_cropped/09_Metas/02/19/20190902191100_00160.png,15.8,3.9,15.3,26.6,961
9/2/2019 19:12,datasets/dataset_cropped/09_Metas/02/19/20190902191200_00160.jpg,datasets_flow/dataset_cropped/09_Metas/02/19/20190902191200_00160.jpg,datasets_cloudmask/dataset_cropped/09_Metas/02/19/20190902191200_00160.png,15.1,4.7,14.4,26.6,961
9/2/2019 19:13,datasets/dataset_cropped/09_Metas/02/19/20190902191300_00160.jpg,datasets_flow/dataset_cropped/09_Metas/02/19/20190902191300_00160.jpg,datasets_cloudmask/dataset_cropped/09_Metas/02/19/20190902191300_00160.png,14.6,8.6,13.7,26.5,961
9/2/2019 19:14,datasets/dataset_cropped/09_Metas/02/19/20190902191400_00160.jpg,datasets_flow/dataset_cropped/09_Metas/02/19/20190902191400_00160.jpg,datasets_cloudmask/dataset_cropped/09_Metas/02/19/20190902191400_00160.png,15.1,25.2,13,26.5,961
9/2/2019 19:15,datasets/dataset_cropped/09_Metas/02/19/20190902191500_00160.jpg,datasets_flow/dataset_cropped/09_Metas/02/19/20190902191500_00160.jpg,datasets_cloudmask/dataset_cropped/09_Metas/02/19/20190902191500_00160.png,15.6,39.5,12.5,26.5,961
9/2/2019 19:16,datasets/dataset_cropped/09_Metas/02/19/20190902191600_00160.jpg,datasets_flow/dataset_cropped/09_Metas/02/19/20190902191600_00160.jpg,datasets_cloudmask/dataset_cropped/09_Metas/02/19/20190902191600_00160.png,15.4,46.1,12.1,26.5,961
9/2/2019 19:17,datasets/dataset_cropped/09_Metas/02/19/20190902191700_00160.jpg,datasets_flow/dataset_cropped/09_Metas/02/19/20190902191700_00160.jpg,datasets_cloudmask/dataset_cropped/09_Metas/02/19/20190902191700_00160.png,15.7,61.4,11.7,26.4,961
9/2/2019 19:18,datasets/dataset_cropped/09_Metas/02/19/20190902191800_00160.jpg,datasets_flow/dataset_cropped/09_Metas/02/19/20190902191800_00160.jpg,datasets_cloudmask/dataset_cropped/09_Metas/02/19/20190902191800_00160.png,15.7,69.6,11.3,26.5,962
9/2/2019 19:19,datasets/dataset_cropped/09_Metas/02/19/20190902191900_00160.jpg,datasets_flow/dataset_cropped/09_Metas/02/19/20190902191900_00160.jpg,datasets_cloudmask/dataset_cropped/09_Metas/02/19/20190902191900_00160.png,13.5,42.5,10.8,26.4,962
9/2/2019 19:20,datasets/dataset_cropped/09_Metas/02/19/20190902192000_00160.jpg,datasets_flow/dataset_cropped/09_Metas/02/19/20190902192000_00160.jpg,datasets_cloudmask/dataset_cropped/09_Metas/02/19/20190902192000_00160.png,11.9,27,10.2,26.4,962
9/2/2019 19:21,datasets/dataset_cropped/09_Metas/02/19/20190902192100_00160.jpg,datasets_flow/dataset_cropped/09_Metas/02/19/20190902192100_00160.jpg,datasets_cloudmask/dataset_cropped/09_Metas/02/19/20190902192100_00160.png,11.9,39.4,9.7,26.4,962
9/2/2019 19:22,datasets/dataset_cropped/09_Metas/02/19/20190902192200_00160.jpg,datasets_flow/dataset_cropped/09_Metas/02/19/20190902192200_00160.jpg,datasets_cloudmask/dataset_cropped/09_Metas/02/19/20190902192200_00160.png,10.6,26.1,9.1,26.3,962
9/2/2019 19:23,datasets/dataset_cropped/09_Metas/02/19/20190902192300_00160.jpg,datasets_flow/dataset_cropped/09_Metas/02/19/20190902192300_00160.jpg,datasets_cloudmask/dataset_cropped/09_Metas/02/19/20190902192300_00160.png,8.9,3.8,8.5,26.3,961
9/2/2019 19:24,datasets/dataset_cropped/09_Metas/02/19/20190902192400_00160.jpg,datasets_flow/dataset_cropped/09_Metas/02/19/20190902192400_00160.jpg,datasets_cloudmask/dataset_cropped/09_Metas/02/19/20190902192400_00160.png,8.1,0.6,7.8,26.3,962
9/2/2019 19:25,datasets/dataset_cropped/09_Metas/02/19/20190902192500_00160.jpg,datasets_flow/dataset_cropped/09_Metas/02/19/20190902192500_00160.jpg,datasets_cloudmask/dataset_cropped/09_Metas/02/19/20190902192500_00160.png,7.4,0.1,7.2,26.3,962
9/2/2019 19:26,datasets/dataset_cropped/09_Metas/02/19/20190902192600_00160.jpg,datasets_flow/dataset_cropped/09_Metas/02/19/20190902192600_00160.jpg,datasets_cloudmask/dataset_cropped/09_Metas/02/19/20190902192600_00160.png,6.8,0,6.6,26.2,962
9/2/2019 19:27,datasets/dataset_cropped/09_Metas/02/19/20190902192700_00160.jpg,datasets_flow/dataset_cropped/09_Metas/02/19/20190902192700_00160.jpg,datasets_cloudmask/dataset_cropped/09_Metas/02/19/20190902192700_00160.png,6.3,0,6,26.2,962
9/2/2019 19:28,datasets/dataset_cropped/09_Metas/02/19/20190902192800_00160.jpg,datasets_flow/dataset_cropped/09_Metas/02/19/20190902192800_00160.jpg,datasets_cloudmask/dataset_cropped/09_Metas/02/19/20190902192800_00160.png,5.7,0,5.5,26.2,962
9/2/2019 19:29,datasets/dataset_cropped/09_Metas/02/19/20190902192900_00160.jpg,datasets_flow/dataset_cropped/09_Metas/02/19/20190902192900_00160.jpg,datasets_cloudmask/dataset_cropped/09_Metas/02/19/20190902192900_00160.png,5.2,0,5,26.1,962
9/2/2019 19:30,datasets/dataset_cropped/09_Metas/02/19/20190902193000_00160.jpg,datasets_flow/dataset_cropped/09_Metas/02/19/20190902193000_00160.jpg,datasets_cloudmask/dataset_cropped/09_Metas/02/19/20190902193000_00160.png,4.6,0,4.4,26.1,962
9/2/2019 19:31,datasets/dataset_cropped/09_Metas/02/19/20190902193100_00160.jpg,datasets_flow/dataset_cropped/09_Metas/02/19/20190902193100_00160.jpg,datasets_cloudmask/dataset_cropped/09_Metas/02/19/20190902193100_00160.png,4.2,0,3.9,26.1,962
9/2/2019 19:32,datasets/dataset_cropped/09_Metas/02/19/20190902193200_00160.jpg,datasets_flow/dataset_cropped/09_Metas/02/19/20190902193200_00160.jpg,datasets_cloudmask/dataset_cropped/09_Metas/02/19/20190902193200_00160.png,3.7,0,3.5,26.1,962
9/2/2019 19:33,datasets/dataset_cropped/09_Metas/02/19/20190902193300_00160.jpg,datasets_flow/dataset_cropped/09_Metas/02/19/20190902193300_00160.jpg,datasets_cloudmask/dataset_cropped/09_Metas/02/19/20190902193300_00160.png,3.2,0,3,26.1,962
9/2/2019 19:34,datasets/dataset_cropped/09_Metas/02/19/20190902193400_00160.jpg,datasets_flow/dataset_cropped/09_Metas/02/19/20190902193400_00160.jpg,datasets_cloudmask/dataset_cropped/09_Metas/02/19/20190902193400_00160.png,2.7,0,2.6,26.1,962
9/2/2019 19:35,datasets/dataset_cropped/09_Metas/02/19/20190902193500_00160.jpg,datasets_flow/dataset_cropped/09_Metas/02/19/20190902193500_00160.jpg,datasets_cloudmask/dataset_cropped/09_Metas/02/19/20190902193500_00160.png,2.3,0,2.2,26,962
9/3/2019 6:43,datasets/dataset_cropped/09_Metas/03/06/20190903064300_00160.jpg,datasets_flow/dataset_cropped/09_Metas/03/06/20190903064300_00160.jpg,datasets_cloudmask/dataset_cropped/09_Metas/03/06/20190903064300_00160.png,3.8,0,3.9,20,964
9/3/2019 6:44,datasets/dataset_cropped/09_Metas/03/06/20190903064400_00160.jpg,datasets_flow/dataset_cropped/09_Metas/03/06/20190903064400_00160.jpg,datasets_cloudmask/dataset_cropped/09_Metas/03/06/20190903064400_00160.png,4.5,0.3,4.7,20,964
9/3/2019 6:45,datasets/dataset_cropped/09_Metas/03/06/20190903064500_00160.jpg,datasets_flow/dataset_cropped/09_Metas/03/06/20190903064500_00160.jpg,datasets_cloudmask/dataset_cropped/09_Metas/03/06/20190903064500_00160.png,5.2,0.5,5.3,20,964
9/3/2019 6:46,datasets/dataset_cropped/09_Metas/03/06/20190903064600_00160.jpg,datasets_flow/dataset_cropped/09_Metas/03/06/20190903064600_00160.jpg,datasets_cloudmask/dataset_cropped/09_Metas/03/06/20190903064600_00160.png,5.9,0.5,6,20.1,964
9/3/2019 6:47,datasets/dataset_cropped/09_Metas/03/06/20190903064700_00160.jpg,datasets_flow/dataset_cropped/09_Metas/03/06/20190903064700_00160.jpg,datasets_cloudmask/dataset_cropped/09_Metas/03/06/20190903064700_00160.png,6.6,0.6,6.7,20.1,964
9/3/2019 6:48,datasets/dataset_cropped/09_Metas/03/06/20190903064800_00160.jpg,datasets_flow/dataset_cropped/09_Metas/03/06/20190903064800_00160.jpg,datasets_cloudmask/dataset_cropped/09_Metas/03/06/20190903064800_00160.png,7.3,0.6,7.4,20.1,964
9/3/2019 6:49,datasets/dataset_cropped/09_Metas/03/06/20190903064900_00160.jpg,datasets_flow/dataset_cropped/09_Metas/03/06/20190903064900_00160.jpg,datasets_cloudmask/dataset_cropped/09_Metas/03/06/20190903064900_00160.png,8.1,0.7,8.3,20.1,964
9/3/2019 6:50,datasets/dataset_cropped/09_Metas/03/06/20190903065000_00160.jpg,datasets_flow/dataset_cropped/09_Metas/03/06/20190903065000_00160.jpg,datasets_cloudmask/dataset_cropped/09_Metas/03/06/20190903065000_00160.png,9,0.8,9.1,20.1,964
9/3/2019 6:51,datasets/dataset_cropped/09_Metas/03/06/20190903065100_00160.jpg,datasets_flow/dataset_cropped/09_Metas/03/06/20190903065100_00160.jpg,datasets_cloudmask/dataset_cropped/09_Metas/03/06/20190903065100_00160.png,9.8,1.1,9.9,20.2,964
9/3/2019 6:52,datasets/dataset_cropped/09_Metas/03/06/20190903065200_00160.jpg,datasets_flow/dataset_cropped/09_Metas/03/06/20190903065200_00160.jpg,datasets_cloudmask/dataset_cropped/09_Metas/03/06/20190903065200_00160.png,10.9,11.6,10.8,20.2,964
9/3/2019 6:53,datasets/dataset_cropped/09_Metas/03/06/20190903065300_00160.jpg,datasets_flow/dataset_cropped/09_Metas/03/06/20190903065300_00160.jpg,datasets_cloudmask/dataset_cropped/09_Metas/03/06/20190903065300_00160.png,12.4,31.5,11.6,20.2,964
9/3/2019 6:54,datasets/dataset_cropped/09_Metas/03/06/20190903065400_00160.jpg,datasets_flow/dataset_cropped/09_Metas/03/06/20190903065400_00160.jpg,datasets_cloudmask/dataset_cropped/09_Metas/03/06/20190903065400_00160.png,13.9,45.3,12.4,20.2,964
9/3/2019 6:55,datasets/dataset_cropped/09_Metas/03/06/20190903065500_00160.jpg,datasets_flow/dataset_cropped/09_Metas/03/06/20190903065500_00160.jpg,datasets_cloudmask/dataset_cropped/09_Metas/03/06/20190903065500_00160.png,15.2,51.8,13.3,20.2,964
9/3/2019 6:56,datasets/dataset_cropped/09_Metas/03/06/20190903065600_00160.jpg,datasets_flow/dataset_cropped/09_Metas/03/06/20190903065600_00160.jpg,datasets_cloudmask/dataset_cropped/09_Metas/03/06/20190903065600_00160.png,16.6,56.5,14.3,20.2,965
9/3/2019 6:57,datasets/dataset_cropped/09_Metas/03/06/20190903065700_00160.jpg,datasets_flow/dataset_cropped/09_Metas/03/06/20190903065700_00160.jpg,datasets_cloudmask/dataset_cropped/09_Metas/03/06/20190903065700_00160.png,18,61.7,15.3,20.2,964
9/3/2019 6:58,datasets/dataset_cropped/09_Metas/03/06/20190903065800_00160.jpg,datasets_flow/dataset_cropped/09_Metas/03/06/20190903065800_00160.jpg,datasets_cloudmask/dataset_cropped/09_Metas/03/06/20190903065800_00160.png,19.6,69.1,16.2,20.2,964
9/3/2019 6:59,datasets/dataset_cropped/09_Metas/03/06/20190903065900_00160.jpg,datasets_flow/dataset_cropped/09_Metas/03/06/20190903065900_00160.jpg,datasets_cloudmask/dataset_cropped/09_Metas/03/06/20190903065900_00160.png,21.2,78,17.2,20.2,964
9/3/2019 7:00,datasets/dataset_cropped/09_Metas/03/07/20190903070000_00160.jpg,datasets_flow/dataset_cropped/09_Metas/03/07/20190903070000_00160.jpg,datasets_cloudmask/dataset_cropped/09_Metas/03/07/20190903070000_00160.png,22.9,85.5,18.2,20.2,964
9/3/2019 7:01,datasets/dataset_cropped/09_Metas/03/07/20190903070100_00160.jpg,datasets_flow/dataset_cropped/09_Metas/03/07/20190903070100_00160.jpg,datasets_cloudmask/dataset_cropped/09_Metas/03/07/20190903070100_00160.png,24.5,92.9,19.2,20.3,964
9/3/2019 7:02,datasets/dataset_cropped/09_Metas/03/07/20190903070200_00160.jpg,datasets_flow/dataset_cropped/09_Metas/03/07/20190903070200_00160.jpg,datasets_cloudmask/dataset_cropped/09_Metas/03/07/20190903070200_00160.png,26.4,101.7,20.2,20.3,964
9/3/2019 7:03,datasets/dataset_cropped/09_Metas/03/07/20190903070300_00160.jpg,datasets_flow/dataset_cropped/09_Metas/03/07/20190903070300_00160.jpg,datasets_cloudmask/dataset_cropped/09_Metas/03/07/20190903070300_00160.png,28.2,110.4,21.2,20.3,964
9/3/2019 7:04,datasets/dataset_cropped/09_Metas/03/07/20190903070400_00160.jpg,datasets_flow/dataset_cropped/09_Metas/03/07/20190903070400_00160.jpg,datasets_cloudmask/dataset_cropped/09_Metas/03/07/20190903070400_00160.png,30.2,119,22.2,20.3,964
9/3/2019 7:05,datasets/dataset_cropped/09_Metas/03/07/20190903070500_00160.jpg,datasets_flow/dataset_cropped/09_Metas/03/07/20190903070500_00160.jpg,datasets_cloudmask/dataset_cropped/09_Metas/03/07/20190903070500_00160.png,32.1,127.6,23.2,20.3,964
9/3/2019 7:06,datasets/dataset_cropped/09_Metas/03/07/20190903070600_00160.jpg,datasets_flow/dataset_cropped/09_Metas/03/07/20190903070600_00160.jpg,datasets_cloudmask/dataset_cropped/09_Metas/03/07/20190903070600_00160.png,34.1,136.5,24.1,20.4,964
9/3/2019 7:07,datasets/dataset_cropped/09_Metas/03/07/20190903070700_00160.jpg,datasets_flow/dataset_cropped/09_Metas/03/07/20190903070700_00160.jpg,datasets_cloudmask/dataset_cropped/09_Metas/03/07/20190903070700_00160.png,36.3,145.4,25.1,20.5,965
9/3/2019 7:08,datasets/dataset_cropped/09_Metas/03/07/20190903070800_00160.jpg,datasets_flow/dataset_cropped/09_Metas/03/07/20190903070800_00160.jpg,datasets_cloudmask/dataset_cropped/09_Metas/03/07/20190903070800_00160.png,38.6,154.6,26.1,20.6,964
9/3/2019 7:09,datasets/dataset_cropped/09_Metas/03/07/20190903070900_00160.jpg,datasets_flow/dataset_cropped/09_Metas/03/07/20190903070900_00160.jpg,datasets_cloudmask/dataset_cropped/09_Metas/03/07/20190903070900_00160.png,41,164.9,27.2,20.6,964
9/3/2019 7:10,datasets/dataset_cropped/09_Metas/03/07/20190903071000_00160.jpg,datasets_flow/dataset_cropped/09_Metas/03/07/20190903071000_00160.jpg,datasets_cloudmask/dataset_cropped/09_Metas/03/07/20190903071000_00160.png,43.4,174.5,28.2,20.7,964
9/3/2019 7:11,datasets/dataset_cropped/09_Metas/03/07/20190903071100_00160.jpg,datasets_flow/dataset_cropped/09_Metas/03/07/20190903071100_00160.jpg,datasets_cloudmask/dataset_cropped/09_Metas/03/07/20190903071100_00160.png,45.7,182.6,29.2,20.7,964
9/3/2019 7:12,datasets/dataset_cropped/09_Metas/03/07/20190903071200_00160.jpg,datasets_flow/dataset_cropped/09_Metas/03/07/20190903071200_00160.jpg,datasets_cloudmask/dataset_cropped/09_Metas/03/07/20190903071200_00160.png,48.1,191.1,30.2,20.8,964
9/3/2019 7:13,datasets/dataset_cropped/09_Metas/03/07/20190903071300_00160.jpg,datasets_flow/dataset_cropped/09_Metas/03/07/20190903071300_00160.jpg,datasets_cloudmask/dataset_cropped/09_Metas/03/07/20190903071300_00160.png,50.6,200,31.2,20.9,964
9/3/2019 7:14,datasets/dataset_cropped/09_Metas/03/07/20190903071400_00160.jpg,datasets_flow/dataset_cropped/09_Metas/03/07/20190903071400_00160.jpg,datasets_cloudmask/dataset_cropped/09_Metas/03/07/20190903071400_00160.png,53.1,208.2,32.2,20.9,964
9/3/2019 7:15,datasets/dataset_cropped/09_Metas/03/07/20190903071500_00160.jpg,datasets_flow/dataset_cropped/09_Metas/03/07/20190903071500_00160.jpg,datasets_cloudmask/dataset_cropped/09_Metas/03/07/20190903071500_00160.png,55.4,215.6,33.1,20.9,964
9/3/2019 7:16,datasets/dataset_cropped/09_Metas/03/07/20190903071600_00160.jpg,datasets_flow/dataset_cropped/09_Metas/03/07/20190903071600_00160.jpg,datasets_cloudmask/dataset_cropped/09_Metas/03/07/20190903071600_00160.png,57.8,223.3,33.9,21,964
9/3/2019 7:17,datasets/dataset_cropped/09_Metas/03/07/20190903071700_00160.jpg,datasets_flow/dataset_cropped/09_Metas/03/07/20190903071700_00160.jpg,datasets_cloudmask/dataset_cropped/09_Metas/03/07/20190903071700_00160.png,60.3,230.6,34.8,21.1,965
9/3/2019 7:18,datasets/dataset_cropped/09_Metas/03/07/20190903071800_00160.jpg,datasets_flow/dataset_cropped/09_Metas/03/07/20190903071800_00160.jpg,datasets_cloudmask/dataset_cropped/09_Metas/03/07/20190903071800_00160.png,62.8,237.7,35.7,21.1,964
9/3/2019 7:19,datasets/dataset_cropped/09_Metas/03/07/20190903071900_00160.jpg,datasets_flow/dataset_cropped/09_Metas/03/07/20190903071900_00160.jpg,datasets_cloudmask/dataset_cropped/09_Metas/03/07/20190903071900_00160.png,65.4,245.5,36.6,21.2,965
9/3/2019 7:20,datasets/dataset_cropped/09_Metas/03/07/20190903072000_00160.jpg,datasets_flow/dataset_cropped/09_Metas/03/07/20190903072000_00160.jpg,datasets_cloudmask/dataset_cropped/09_Metas/03/07/20190903072000_00160.png,68.1,253.5,37.5,21.1,964
9/3/2019 7:21,datasets/dataset_cropped/09_Metas/03/07/20190903072100_00160.jpg,datasets_flow/dataset_cropped/09_Metas/03/07/20190903072100_00160.jpg,datasets_cloudmask/dataset_cropped/09_Metas/03/07/20190903072100_00160.png,70.8,260.9,38.4,21.1,965
9/3/2019 7:22,datasets/dataset_cropped/09_Metas/03/07/20190903072200_00160.jpg,datasets_flow/dataset_cropped/09_Metas/03/07/20190903072200_00160.jpg,datasets_cloudmask/dataset_cropped/09_Metas/03/07/20190903072200_00160.png,73.3,267.1,39.3,21.2,965
9/3/2019 7:23,datasets/dataset_cropped/09_Metas/03/07/20190903072300_00160.jpg,datasets_flow/dataset_cropped/09_Metas/03/07/20190903072300_00160.jpg,datasets_cloudmask/dataset_cropped/09_Metas/03/07/20190903072300_00160.png,76.1,274.6,40.2,21.2,965
9/3/2019 7:24,datasets/dataset_cropped/09_Metas/03/07/20190903072400_00160.jpg,datasets_flow/dataset_cropped/09_Metas/03/07/20190903072400_00160.jpg,datasets_cloudmask/dataset_cropped/09_Metas/03/07/20190903072400_00160.png,79,282.3,41.1,21.3,965
9/3/2019 7:25,datasets/dataset_cropped/09_Metas/03/07/20190903072500_00160.jpg,datasets_flow/dataset_cropped/09_Metas/03/07/20190903072500_00160.jpg,datasets_cloudmask/dataset_cropped/09_Metas/03/07/20190903072500_00160.png,82,290.7,42.1,21.4,965
9/3/2019 7:26,datasets/dataset_cropped/09_Metas/03/07/20190903072600_00160.jpg,datasets_flow/dataset_cropped/09_Metas/03/07/20190903072600_00160.jpg,datasets_cloudmask/dataset_cropped/09_Metas/03/07/20190903072600_00160.png,84.9,298.3,43,21.5,965
9/3/2019 7:27,datasets/dataset_cropped/09_Metas/03/07/20190903072700_00160.jpg,datasets_flow/dataset_cropped/09_Metas/03/07/20190903072700_00160.jpg,datasets_cloudmask/dataset_cropped/09_Metas/03/07/20190903072700_00160.png,87.7,304.5,43.8,21.6,965
9/3/2019 7:28,datasets/dataset_cropped/09_Metas/03/07/20190903072800_00160.jpg,datasets_flow/dataset_cropped/09_Metas/03/07/20190903072800_00160.jpg,datasets_cloudmask/dataset_cropped/09_Metas/03/07/20190903072800_00160.png,90.6,310.8,44.7,21.6,965
9/3/2019 7:29,datasets/dataset_cropped/09_Metas/03/07/20190903072900_00160.jpg,datasets_flow/dataset_cropped/09_Metas/03/07/20190903072900_00160.jpg,datasets_cloudmask/dataset_cropped/09_Metas/03/07/20190903072900_00160.png,93.4,317,45.5,21.7,965
9/3/2019 7:30,datasets/dataset_cropped/09_Metas/03/07/20190903073000_00160.jpg,datasets_flow/dataset_cropped/09_Metas/03/07/20190903073000_00160.jpg,datasets_cloudmask/dataset_cropped/09_Metas/03/07/20190903073000_00160.png,96.1,322,46.4,21.8,965
9/3/2019 7:31,datasets/dataset_cropped/09_Metas/03/07/20190903073100_00160.jpg,datasets_flow/dataset_cropped/09_Metas/03/07/20190903073100_00160.jpg,datasets_cloudmask/dataset_cropped/09_Metas/03/07/20190903073100_00160.png,98.7,326.5,47.3,21.8,965
9/3/2019 7:32,datasets/dataset_cropped/09_Metas/03/07/20190903073200_00160.jpg,datasets_flow/dataset_cropped/09_Metas/03/07/20190903073200_00160.jpg,datasets_cloudmask/dataset_cropped/09_Metas/03/07/20190903073200_00160.png,101.5,331,48.2,21.9,965
9/3/2019 7:33,datasets/dataset_cropped/09_Metas/03/07/20190903073300_00160.jpg,datasets_flow/dataset_cropped/09_Metas/03/07/20190903073300_00160.jpg,datasets_cloudmask/dataset_cropped/09_Metas/03/07/20190903073300_00160.png,104.3,336.5,49.1,21.9,965
9/3/2019 7:34,datasets/dataset_cropped/09_Metas/03/07/20190903073400_00160.jpg,datasets_flow/dataset_cropped/09_Metas/03/07/20190903073400_00160.jpg,datasets_cloudmask/dataset_cropped/09_Metas/03/07/20190903073400_00160.png,107.3,342.7,50,22,965
9/3/2019 7:35,datasets/dataset_cropped/09_Metas/03/07/20190903073500_00160.jpg,datasets_flow/dataset_cropped/09_Metas/03/07/20190903073500_00160.jpg,datasets_cloudmask/dataset_cropped/09_Metas/03/07/20190903073500_00160.png,109.9,347.2,50.8,22.1,965
9/3/2019 7:36,datasets/dataset_cropped/09_Metas/03/07/20190903073600_00160.jpg,datasets_flow/dataset_cropped/09_Metas/03/07/20190903073600_00160.jpg,datasets_cloudmask/dataset_cropped/09_Metas/03/07/20190903073600_00160.png,112.4,352.3,51.2,22.1,965
9/3/2019 7:37,datasets/dataset_cropped/09_Metas/03/07/20190903073700_00160.jpg,datasets_flow/dataset_cropped/09_Metas/03/07/20190903073700_00160.jpg,datasets_cloudmask/dataset_cropped/09_Metas/03/07/20190903073700_00160.png,114.9,357.6,51.7,22.1,965
9/3/2019 7:38,datasets/dataset_cropped/09_Metas/03/07/20190903073800_00160.jpg,datasets_flow/dataset_cropped/09_Metas/03/07/20190903073800_00160.jpg,datasets_cloudmask/dataset_cropped/09_Metas/03/07/20190903073800_00160.png,117.8,362.9,52.5,22.1,965
9/3/2019 7:39,datasets/dataset_cropped/09_Metas/03/07/20190903073900_00160.jpg,datasets_flow/dataset_cropped/09_Metas/03/07/20190903073900_00160.jpg,datasets_cloudmask/dataset_cropped/09_Metas/03/07/20190903073900_00160.png,121,369.3,53.2,22.2,965
9/3/2019 7:40,datasets/dataset_cropped/09_Metas/03/07/20190903074000_00160.jpg,datasets_flow/dataset_cropped/09_Metas/03/07/20190903074000_00160.jpg,datasets_cloudmask/dataset_cropped/09_Metas/03/07/20190903074000_00160.png,124.1,375.5,54.1,22.3,965
9/3/2019 7:41,datasets/dataset_cropped/09_Metas/03/07/20190903074100_00160.jpg,datasets_flow/dataset_cropped/09_Metas/03/07/20190903074100_00160.jpg,datasets_cloudmask/dataset_cropped/09_Metas/03/07/20190903074100_00160.png,127.2,381.4,55,22.2,965
9/3/2019 7:42,datasets/dataset_cropped/09_Metas/03/07/20190903074200_00160.jpg,datasets_flow/dataset_cropped/09_Metas/03/07/20190903074200_00160.jpg,datasets_cloudmask/dataset_cropped/09_Metas/03/07/20190903074200_00160.png,130.4,388.1,55.7,22.2,965
9/3/2019 7:43,datasets/dataset_cropped/09_Metas/03/07/20190903074300_00160.jpg,datasets_flow/dataset_cropped/09_Metas/03/07/20190903074300_00160.jpg,datasets_cloudmask/dataset_cropped/09_Metas/03/07/20190903074300_00160.png,133.8,395.2,56.5,22.4,965
9/3/2019 7:44,datasets/dataset_cropped/09_Metas/03/07/20190903074400_00160.jpg,datasets_flow/dataset_cropped/09_Metas/03/07/20190903074400_00160.jpg,datasets_cloudmask/dataset_cropped/09_Metas/03/07/20190903074400_00160.png,137.1,402.2,57.2,22.4,965
9/3/2019 7:45,datasets/dataset_cropped/09_Metas/03/07/20190903074500_00160.jpg,datasets_flow/dataset_cropped/09_Metas/03/07/20190903074500_00160.jpg,datasets_cloudmask/dataset_cropped/09_Metas/03/07/20190903074500_00160.png,140.3,408.2,57.9,22.5,965
9/3/2019 7:46,datasets/dataset_cropped/09_Metas/03/07/20190903074600_00160.jpg,datasets_flow/dataset_cropped/09_Metas/03/07/20190903074600_00160.jpg,datasets_cloudmask/dataset_cropped/09_Metas/03/07/20190903074600_00160.png,143.2,412.9,58.6,22.5,965
9/3/2019 7:47,datasets/dataset_cropped/09_Metas/03/07/20190903074700_00160.jpg,datasets_flow/dataset_cropped/09_Metas/03/07/20190903074700_00160.jpg,datasets_cloudmask/dataset_cropped/09_Metas/03/07/20190903074700_00160.png,146.3,418.2,59.3,22.5,965
9/3/2019 7:48,datasets/dataset_cropped/09_Metas/03/07/20190903074800_00160.jpg,datasets_flow/dataset_cropped/09_Metas/03/07/20190903074800_00160.jpg,datasets_cloudmask/dataset_cropped/09_Metas/03/07/20190903074800_00160.png,149.5,423.5,60,22.6,965
9/3/2019 7:49,datasets/dataset_cropped/09_Metas/03/07/20190903074900_00160.jpg,datasets_flow/dataset_cropped/09_Metas/03/07/20190903074900_00160.jpg,datasets_cloudmask/dataset_cropped/09_Metas/03/07/20190903074900_00160.png,152.6,428,60.8,22.6,965
9/3/2019 7:50,datasets/dataset_cropped/09_Metas/03/07/20190903075000_00160.jpg,datasets_flow/dataset_cropped/09_Metas/03/07/20190903075000_00160.jpg,datasets_cloudmask/dataset_cropped/09_Metas/03/07/20190903075000_00160.png,155.9,433.1,61.5,22.7,965
9/3/2019 7:51,datasets/dataset_cropped/09_Metas/03/07/20190903075100_00160.jpg,datasets_flow/dataset_cropped/09_Metas/03/07/20190903075100_00160.jpg,datasets_cloudmask/dataset_cropped/09_Metas/03/07/20190903075100_00160.png,159,437.3,62.1,22.8,965
9/3/2019 7:52,datasets/dataset_cropped/09_Metas/03/07/20190903075200_00160.jpg,datasets_flow/dataset_cropped/09_Metas/03/07/20190903075200_00160.jpg,datasets_cloudmask/dataset_cropped/09_Metas/03/07/20190903075200_00160.png,162.4,442.3,62.9,22.9,965
9/3/2019 7:53,datasets/dataset_cropped/09_Metas/03/07/20190903075300_00160.jpg,datasets_flow/dataset_cropped/09_Metas/03/07/20190903075300_00160.jpg,datasets_cloudmask/dataset_cropped/09_Metas/03/07/20190903075300_00160.png,165.7,447,63.6,22.9,965
9/3/2019 7:54,datasets/dataset_cropped/09_Metas/03/07/20190903075400_00160.jpg,datasets_flow/dataset_cropped/09_Metas/03/07/20190903075400_00160.jpg,datasets_cloudmask/dataset_cropped/09_Metas/03/07/20190903075400_00160.png,168.9,450.8,64.3,22.9,965
9/3/2019 7:55,datasets/dataset_cropped/09_Metas/03/07/20190903075500_00160.jpg,datasets_flow/dataset_cropped/09_Metas/03/07/20190903075500_00160.jpg,datasets_cloudmask/dataset_cropped/09_Metas/03/07/20190903075500_00160.png,172.3,455.5,65.2,22.9,965
9/3/2019 7:56,datasets/dataset_cropped/09_Metas/03/07/20190903075600_00160.jpg,datasets_flow/dataset_cropped/09_Metas/03/07/20190903075600_00160.jpg,datasets_cloudmask/dataset_cropped/09_Metas/03/07/20190903075600_00160.png,175.6,460,65.9,22.9,965
9/3/2019 7:57,datasets/dataset_cropped/09_Metas/03/07/20190903075700_00160.jpg,datasets_flow/dataset_cropped/09_Metas/03/07/20190903075700_00160.jpg,datasets_cloudmask/dataset_cropped/09_Metas/03/07/20190903075700_00160.png,178.5,463.1,66.5,23.1,965
9/3/2019 7:58,datasets/dataset_cropped/09_Metas/03/07/20190903075800_00160.jpg,datasets_flow/dataset_cropped/09_Metas/03/07/20190903075800_00160.jpg,datasets_cloudmask/dataset_cropped/09_Metas/03/07/20190903075800_00160.png,181.5,466.2,67.1,23.2,965
9/3/2019 7:59,datasets/dataset_cropped/09_Metas/03/07/20190903075900_00160.jpg,datasets_flow/dataset_cropped/09_Metas/03/07/20190903075900_00160.jpg,datasets_cloudmask/dataset_cropped/09_Metas/03/07/20190903075900_00160.png,184.7,470.1,67.7,23.2,965
9/3/2019 8:00,datasets/dataset_cropped/09_Metas/03/08/20190903080000_00160.jpg,datasets_flow/dataset_cropped/09_Metas/03/08/20190903080000_00160.jpg,datasets_cloudmask/dataset_cropped/09_Metas/03/08/20190903080000_00160.png,188.2,475.3,68.2,23.1,965
9/3/2019 8:01,datasets/dataset_cropped/09_Metas/03/08/20190903080100_00160.jpg,datasets_flow/dataset_cropped/09_Metas/03/08/20190903080100_00160.jpg,datasets_cloudmask/dataset_cropped/09_Metas/03/08/20190903080100_00160.png,191.8,480.5,68.8,23.1,965
9/3/2019 8:02,datasets/dataset_cropped/09_Metas/03/08/20190903080200_00160.jpg,datasets_flow/dataset_cropped/09_Metas/03/08/20190903080200_00160.jpg,datasets_cloudmask/dataset_cropped/09_Metas/03/08/20190903080200_00160.png,195.7,486.6,69.5,23.1,965
9/3/2019 8:03,datasets/dataset_cropped/09_Metas/03/08/20190903080300_00160.jpg,datasets_flow/dataset_cropped/09_Metas/03/08/20190903080300_00160.jpg,datasets_cloudmask/dataset_cropped/09_Metas/03/08/20190903080300_00160.png,199.3,491.7,70.1,23.1,965
9/3/2019 8:04,datasets/dataset_cropped/09_Metas/03/08/20190903080400_00160.jpg,datasets_flow/dataset_cropped/09_Metas/03/08/20190903080400_00160.jpg,datasets_cloudmask/dataset_cropped/09_Metas/03/08/20190903080400_00160.png,202.6,495.5,70.6,23.1,965
9/3/2019 8:05,datasets/dataset_cropped/09_Metas/03/08/20190903080500_00160.jpg,datasets_flow/dataset_cropped/09_Metas/03/08/20190903080500_00160.jpg,datasets_cloudmask/dataset_cropped/09_Metas/03/08/20190903080500_00160.png,205.6,498.1,71.2,23,965
9/3/2019 8:06,datasets/dataset_cropped/09_Metas/03/08/20190903080600_00160.jpg,datasets_flow/dataset_cropped/09_Metas/03/08/20190903080600_00160.jpg,datasets_cloudmask/dataset_cropped/09_Metas/03/08/20190903080600_00160.png,208.9,502,71.6,23,965
9/3/2019 8:07,datasets/dataset_cropped/09_Metas/03/08/20190903080700_00160.jpg,datasets_flow/dataset_cropped/09_Metas/03/08/20190903080700_00160.jpg,datasets_cloudmask/dataset_cropped/09_Metas/03/08/20190903080700_00160.png,212.4,506.1,72.3,23.1,965
9/3/2019 8:08,datasets/dataset_cropped/09_Metas/03/08/20190903080800_00160.jpg,datasets_flow/dataset_cropped/09_Metas/03/08/20190903080800_00160.jpg,datasets_cloudmask/dataset_cropped/09_Metas/03/08/20190903080800_00160.png,215.7,509.2,72.9,23.2,965
9/3/2019 8:09,datasets/dataset_cropped/09_Metas/03/08/20190903080900_00160.jpg,datasets_flow/dataset_cropped/09_Metas/03/08/20190903080900_00160.jpg,datasets_cloudmask/dataset_cropped/09_Metas/03/08/20190903080900_00160.png,218.8,512.2,73.3,23.1,965
9/3/2019 8:10,datasets/dataset_cropped/09_Metas/03/08/20190903081000_00160.jpg,datasets_flow/dataset_cropped/09_Metas/03/08/20190903081000_00160.jpg,datasets_cloudmask/dataset_cropped/09_Metas/03/08/20190903081000_00160.png,222.5,516,74,23.2,965
9/3/2019 8:11,datasets/dataset_cropped/09_Metas/03/08/20190903081100_00160.jpg,datasets_flow/dataset_cropped/09_Metas/03/08/20190903081100_00160.jpg,datasets_cloudmask/dataset_cropped/09_Metas/03/08/20190903081100_00160.png,225.9,519.8,74.5,23.3,965
9/3/2019 8:12,datasets/dataset_cropped/09_Metas/03/08/20190903081200_00160.jpg,datasets_flow/dataset_cropped/09_Metas/03/08/20190903081200_00160.jpg,datasets_cloudmask/dataset_cropped/09_Metas/03/08/20190903081200_00160.png,229.3,523.6,75,23.3,965
9/3/2019 8:13,datasets/dataset_cropped/09_Metas/03/08/20190903081300_00160.jpg,datasets_flow/dataset_cropped/09_Metas/03/08/20190903081300_00160.jpg,datasets_cloudmask/dataset_cropped/09_Metas/03/08/20190903081300_00160.png,233,528.1,75.5,23.5,965
9/3/2019 8:14,datasets/dataset_cropped/09_Metas/03/08/20190903081400_00160.jpg,datasets_flow/dataset_cropped/09_Metas/03/08/20190903081400_00160.jpg,datasets_cloudmask/dataset_cropped/09_Metas/03/08/20190903081400_00160.png,236.8,533.2,76,23.5,965
9/3/2019 8:15,datasets/dataset_cropped/09_Metas/03/08/20190903081500_00160.jpg,datasets_flow/dataset_cropped/09_Metas/03/08/20190903081500_00160.jpg,datasets_cloudmask/dataset_cropped/09_Metas/03/08/20190903081500_00160.png,240.6,538.3,76.4,23.4,965
9/3/2019 8:16,datasets/dataset_cropped/09_Metas/03/08/20190903081600_00160.jpg,datasets_flow/dataset_cropped/09_Metas/03/08/20190903081600_00160.jpg,datasets_cloudmask/dataset_cropped/09_Metas/03/08/20190903081600_00160.png,244.3,542.6,76.9,23.4,965
9/3/2019 8:17,datasets/dataset_cropped/09_Metas/03/08/20190903081700_00160.jpg,datasets_flow/dataset_cropped/09_Metas/03/08/20190903081700_00160.jpg,datasets_cloudmask/dataset_cropped/09_Metas/03/08/20190903081700_00160.png,248.1,546.8,77.5,23.4,965
9/3/2019 8:18,datasets/dataset_cropped/09_Metas/03/08/20190903081800_00160.jpg,datasets_flow/dataset_cropped/09_Metas/03/08/20190903081800_00160.jpg,datasets_cloudmask/dataset_cropped/09_Metas/03/08/20190903081800_00160.png,251.6,551,77.9,23.5,965
9/3/2019 8:19,datasets/dataset_cropped/09_Metas/03/08/20190903081900_00160.jpg,datasets_flow/dataset_cropped/09_Metas/03/08/20190903081900_00160.jpg,datasets_cloudmask/dataset_cropped/09_Metas/03/08/20190903081900_00160.png,254.8,554.1,78.2,23.5,965
9/3/2019 8:20,datasets/dataset_cropped/09_Metas/03/08/20190903082000_00160.jpg,datasets_flow/dataset_cropped/09_Metas/03/08/20190903082000_00160.jpg,datasets_cloudmask/dataset_cropped/09_Metas/03/08/20190903082000_00160.png,257.9,556.8,78.6,23.5,965
9/3/2019 8:21,datasets/dataset_cropped/09_Metas/03/08/20190903082100_00160.jpg,datasets_flow/dataset_cropped/09_Metas/03/08/20190903082100_00160.jpg,datasets_cloudmask/dataset_cropped/09_Metas/03/08/20190903082100_00160.png,261.6,561.4,79.1,23.6,965
9/3/2019 8:22,datasets/dataset_cropped/09_Metas/03/08/20190903082200_00160.jpg,datasets_flow/dataset_cropped/09_Metas/03/08/20190903082200_00160.jpg,datasets_cloudmask/dataset_cropped/09_Metas/03/08/20190903082200_00160.png,265.5,566.1,79.7,23.6,965
9/3/2019 8:23,datasets/dataset_cropped/09_Metas/03/08/20190903082300_00160.jpg,datasets_flow/dataset_cropped/09_Metas/03/08/20190903082300_00160.jpg,datasets_cloudmask/dataset_cropped/09_Metas/03/08/20190903082300_00160.png,269.1,570.2,80,23.7,965
9/3/2019 8:24,datasets/dataset_cropped/09_Metas/03/08/20190903082400_00160.jpg,datasets_flow/dataset_cropped/09_Metas/03/08/20190903082400_00160.jpg,datasets_cloudmask/dataset_cropped/09_Metas/03/08/20190903082400_00160.png,272.2,572.8,80.5,23.6,965
9/3/2019 8:25,datasets/dataset_cropped/09_Metas/03/08/20190903082500_00160.jpg,datasets_flow/dataset_cropped/09_Metas/03/08/20190903082500_00160.jpg,datasets_cloudmask/dataset_cropped/09_Metas/03/08/20190903082500_00160.png,275.8,576.2,80.9,23.8,965
9/3/2019 8:26,datasets/dataset_cropped/09_Metas/03/08/20190903082600_00160.jpg,datasets_flow/dataset_cropped/09_Metas/03/08/20190903082600_00160.jpg,datasets_cloudmask/dataset_cropped/09_Metas/03/08/20190903082600_00160.png,278.9,578.7,81.3,23.8,965
9/3/2019 8:27,datasets/dataset_cropped/09_Metas/03/08/20190903082700_00160.jpg,datasets_flow/dataset_cropped/09_Metas/03/08/20190903082700_00160.jpg,datasets_cloudmask/dataset_cropped/09_Metas/03/08/20190903082700_00160.png,282.3,582,81.7,23.7,965
9/3/2019 8:28,datasets/dataset_cropped/09_Metas/03/08/20190903082800_00160.jpg,datasets_flow/dataset_cropped/09_Metas/03/08/20190903082800_00160.jpg,datasets_cloudmask/dataset_cropped/09_Metas/03/08/20190903082800_00160.png,285.7,585.7,82.1,23.7,965
9/3/2019 8:29,datasets/dataset_cropped/09_Metas/03/08/20190903082900_00160.jpg,datasets_flow/dataset_cropped/09_Metas/03/08/20190903082900_00160.jpg,datasets_cloudmask/dataset_cropped/09_Metas/03/08/20190903082900_00160.png,289,588.4,82.5,23.8,965
9/3/2019 8:30,datasets/dataset_cropped/09_Metas/03/08/20190903083000_00160.jpg,datasets_flow/dataset_cropped/09_Metas/03/08/20190903083000_00160.jpg,datasets_cloudmask/dataset_cropped/09_Metas/03/08/20190903083000_00160.png,292,589.9,83.2,23.8,965
9/3/2019 8:31,datasets/dataset_cropped/09_Metas/03/08/20190903083100_00160.jpg,datasets_flow/dataset_cropped/09_Metas/03/08/20190903083100_00160.jpg,datasets_cloudmask/dataset_cropped/09_Metas/03/08/20190903083100_00160.png,294.9,591.6,83.6,24,965
9/3/2019 8:32,datasets/dataset_cropped/09_Metas/03/08/20190903083200_00160.jpg,datasets_flow/dataset_cropped/09_Metas/03/08/20190903083200_00160.jpg,datasets_cloudmask/dataset_cropped/09_Metas/03/08/20190903083200_00160.png,298.1,594.4,84.1,23.9,965
9/3/2019 8:33,datasets/dataset_cropped/09_Metas/03/08/20190903083300_00160.jpg,datasets_flow/dataset_cropped/09_Metas/03/08/20190903083300_00160.jpg,datasets_cloudmask/dataset_cropped/09_Metas/03/08/20190903083300_00160.png,301.4,597.3,84.3,23.9,965
9/3/2019 8:34,datasets/dataset_cropped/09_Metas/03/08/20190903083400_00160.jpg,datasets_flow/dataset_cropped/09_Metas/03/08/20190903083400_00160.jpg,datasets_cloudmask/dataset_cropped/09_Metas/03/08/20190903083400_00160.png,305.3,601.1,84.8,24,965
9/3/2019 8:35,datasets/dataset_cropped/09_Metas/03/08/20190903083500_00160.jpg,datasets_flow/dataset_cropped/09_Metas/03/08/20190903083500_00160.jpg,datasets_cloudmask/dataset_cropped/09_Metas/03/08/20190903083500_00160.png,308.5,603.3,85.2,24,965
9/3/2019 8:36,datasets/dataset_cropped/09_Metas/03/08/20190903083600_00160.jpg,datasets_flow/dataset_cropped/09_Metas/03/08/20190903083600_00160.jpg,datasets_cloudmask/dataset_cropped/09_Metas/03/08/20190903083600_00160.png,311.7,605.4,85.6,24.1,965
9/3/2019 8:37,datasets/dataset_cropped/09_Metas/03/08/20190903083700_00160.jpg,datasets_flow/dataset_cropped/09_Metas/03/08/20190903083700_00160.jpg,datasets_cloudmask/dataset_cropped/09_Metas/03/08/20190903083700_00160.png,315.3,609,85.9,24.3,965
9/3/2019 8:38,datasets/dataset_cropped/09_Metas/03/08/20190903083800_00160.jpg,datasets_flow/dataset_cropped/09_Metas/03/08/20190903083800_00160.jpg,datasets_cloudmask/dataset_cropped/09_Metas/03/08/20190903083800_00160.png,318.8,611.6,86.2,24.4,965
9/3/2019 8:39,datasets/dataset_cropped/09_Metas/03/08/20190903083900_00160.jpg,datasets_flow/dataset_cropped/09_Metas/03/08/20190903083900_00160.jpg,datasets_cloudmask/dataset_cropped/09_Metas/03/08/20190903083900_00160.png,322.1,614.1,86.7,24.3,965
9/3/2019 8:40,datasets/dataset_cropped/09_Metas/03/08/20190903084000_00160.jpg,datasets_flow/dataset_cropped/09_Metas/03/08/20190903084000_00160.jpg,datasets_cloudmask/dataset_cropped/09_Metas/03/08/20190903084000_00160.png,325.8,617.5,87.1,24.4,965
9/3/2019 8:41,datasets/dataset_cropped/09_Metas/03/08/20190903084100_00160.jpg,datasets_flow/dataset_cropped/09_Metas/03/08/20190903084100_00160.jpg,datasets_cloudmask/dataset_cropped/09_Metas/03/08/20190903084100_00160.png,329.9,621.5,87.7,24.4,965
9/3/2019 8:42,datasets/dataset_cropped/09_Metas/03/08/20190903084200_00160.jpg,datasets_flow/dataset_cropped/09_Metas/03/08/20190903084200_00160.jpg,datasets_cloudmask/dataset_cropped/09_Metas/03/08/20190903084200_00160.png,333.6,625.5,88.1,24.4,965
9/3/2019 8:43,datasets/dataset_cropped/09_Metas/03/08/20190903084300_00160.jpg,datasets_flow/dataset_cropped/09_Metas/03/08/20190903084300_00160.jpg,datasets_cloudmask/dataset_cropped/09_Metas/03/08/20190903084300_00160.png,337.1,629.1,88.2,24.4,965
9/3/2019 8:44,datasets/dataset_cropped/09_Metas/03/08/20190903084400_00160.jpg,datasets_flow/dataset_cropped/09_Metas/03/08/20190903084400_00160.jpg,datasets_cloudmask/dataset_cropped/09_Metas/03/08/20190903084400_00160.png,340.9,632.6,88.4,24.4,965
9/3/2019 8:45,datasets/dataset_cropped/09_Metas/03/08/20190903084500_00160.jpg,datasets_flow/dataset_cropped/09_Metas/03/08/20190903084500_00160.jpg,datasets_cloudmask/dataset_cropped/09_Metas/03/08/20190903084500_00160.png,345.2,637,88.9,24.5,965
9/3/2019 8:46,datasets/dataset_cropped/09_Metas/03/08/20190903084600_00160.jpg,datasets_flow/dataset_cropped/09_Metas/03/08/20190903084600_00160.jpg,datasets_cloudmask/dataset_cropped/09_Metas/03/08/20190903084600_00160.png,348.2,638.8,89.2,24.6,965
9/3/2019 8:47,datasets/dataset_cropped/09_Metas/03/08/20190903084700_00160.jpg,datasets_flow/dataset_cropped/09_Metas/03/08/20190903084700_00160.jpg,datasets_cloudmask/dataset_cropped/09_Metas/03/08/20190903084700_00160.png,351.4,640.7,89.4,24.6,965
9/3/2019 8:48,datasets/dataset_cropped/09_Metas/03/08/20190903084800_00160.jpg,datasets_flow/dataset_cropped/09_Metas/03/08/20190903084800_00160.jpg,datasets_cloudmask/dataset_cropped/09_Metas/03/08/20190903084800_00160.png,354.5,642.3,89.7,24.6,965
9/3/2019 8:49,datasets/dataset_cropped/09_Metas/03/08/20190903084900_00160.jpg,datasets_flow/dataset_cropped/09_Metas/03/08/20190903084900_00160.jpg,datasets_cloudmask/dataset_cropped/09_Metas/03/08/20190903084900_00160.png,357.9,644.6,90.1,24.6,965
9/3/2019 8:50,datasets/dataset_cropped/09_Metas/03/08/20190903085000_00160.jpg,datasets_flow/dataset_cropped/09_Metas/03/08/20190903085000_00160.jpg,datasets_cloudmask/dataset_cropped/09_Metas/03/08/20190903085000_00160.png,361.6,647.3,90.6,24.8,965
9/3/2019 8:51,datasets/dataset_cropped/09_Metas/03/08/20190903085100_00160.jpg,datasets_flow/dataset_cropped/09_Metas/03/08/20190903085100_00160.jpg,datasets_cloudmask/dataset_cropped/09_Metas/03/08/20190903085100_00160.png,365,649.6,91.1,24.7,965
9/3/2019 8:52,datasets/dataset_cropped/09_Metas/03/08/20190903085200_00160.jpg,datasets_flow/dataset_cropped/09_Metas/03/08/20190903085200_00160.jpg,datasets_cloudmask/dataset_cropped/09_Metas/03/08/20190903085200_00160.png,368.6,652.3,91.4,24.6,965
9/3/2019 8:53,datasets/dataset_cropped/09_Metas/03/08/20190903085300_00160.jpg,datasets_flow/dataset_cropped/09_Metas/03/08/20190903085300_00160.jpg,datasets_cloudmask/dataset_cropped/09_Metas/03/08/20190903085300_00160.png,371.5,653.2,91.9,24.7,965
9/3/2019 8:54,datasets/dataset_cropped/09_Metas/03/08/20190903085400_00160.jpg,datasets_flow/dataset_cropped/09_Metas/03/08/20190903085400_00160.jpg,datasets_cloudmask/dataset_cropped/09_Metas/03/08/20190903085400_00160.png,374.6,654.7,92.3,24.9,965
9/3/2019 8:55,datasets/dataset_cropped/09_Metas/03/08/20190903085500_00160.jpg,datasets_flow/dataset_cropped/09_Metas/03/08/20190903085500_00160.jpg,datasets_cloudmask/dataset_cropped/09_Metas/03/08/20190903085500_00160.png,377.8,656.1,92.8,24.8,965
9/3/2019 8:56,datasets/dataset_cropped/09_Metas/03/08/20190903085600_00160.jpg,datasets_flow/dataset_cropped/09_Metas/03/08/20190903085600_00160.jpg,datasets_cloudmask/dataset_cropped/09_Metas/03/08/20190903085600_00160.png,380.9,657.2,93.7,24.8,965
9/3/2019 8:57,datasets/dataset_cropped/09_Metas/03/08/20190903085700_00160.jpg,datasets_flow/dataset_cropped/09_Metas/03/08/20190903085700_00160.jpg,datasets_cloudmask/dataset_cropped/09_Metas/03/08/20190903085700_00160.png,384.3,659.6,94.1,24.9,965
9/3/2019 8:58,datasets/dataset_cropped/09_Metas/03/08/20190903085800_00160.jpg,datasets_flow/dataset_cropped/09_Metas/03/08/20190903085800_00160.jpg,datasets_cloudmask/dataset_cropped/09_Metas/03/08/20190903085800_00160.png,387.8,662.1,94.5,24.8,965
9/3/2019 8:59,datasets/dataset_cropped/09_Metas/03/08/20190903085900_00160.jpg,datasets_flow/dataset_cropped/09_Metas/03/08/20190903085900_00160.jpg,datasets_cloudmask/dataset_cropped/09_Metas/03/08/20190903085900_00160.png,391.1,664,94.9,24.8,965
9/3/2019 9:00,datasets/dataset_cropped/09_Metas/03/09/20190903090000_00160.jpg,datasets_flow/dataset_cropped/09_Metas/03/09/20190903090000_00160.jpg,datasets_cloudmask/dataset_cropped/09_Metas/03/09/20190903090000_00160.png,394.4,666.1,95.2,24.9,965
9/3/2019 9:01,datasets/dataset_cropped/09_Metas/03/09/20190903090100_00160.jpg,datasets_flow/dataset_cropped/09_Metas/03/09/20190903090100_00160.jpg,datasets_cloudmask/dataset_cropped/09_Metas/03/09/20190903090100_00160.png,397.8,668,95.5,24.9,965
9/3/2019 9:02,datasets/dataset_cropped/09_Metas/03/09/20190903090200_00160.jpg,datasets_flow/dataset_cropped/09_Metas/03/09/20190903090200_00160.jpg,datasets_cloudmask/dataset_cropped/09_Metas/03/09/20190903090200_00160.png,401.1,669.8,95.9,25,965
9/3/2019 9:03,datasets/dataset_cropped/09_Metas/03/09/20190903090300_00160.jpg,datasets_flow/dataset_cropped/09_Metas/03/09/20190903090300_00160.jpg,datasets_cloudmask/dataset_cropped/09_Metas/03/09/20190903090300_00160.png,404.4,671.2,96.4,25.1,965
9/3/2019 9:04,datasets/dataset_cropped/09_Metas/03/09/20190903090400_00160.jpg,datasets_flow/dataset_cropped/09_Metas/03/09/20190903090400_00160.jpg,datasets_cloudmask/dataset_cropped/09_Metas/03/09/20190903090400_00160.png,407.7,672.6,97,25.1,965
9/3/2019 9:05,datasets/dataset_cropped/09_Metas/03/09/20190903090500_00160.jpg,datasets_flow/dataset_cropped/09_Metas/03/09/20190903090500_00160.jpg,datasets_cloudmask/dataset_cropped/09_Metas/03/09/20190903090500_00160.png,410.6,673.8,97.5,25.3,965
9/3/2019 9:06,datasets/dataset_cropped/09_Metas/03/09/20190903090600_00160.jpg,datasets_flow/dataset_cropped/09_Metas/03/09/20190903090600_00160.jpg,datasets_cloudmask/dataset_cropped/09_Metas/03/09/20190903090600_00160.png,413.5,674.8,98,25.4,965
9/3/2019 9:07,datasets/dataset_cropped/09_Metas/03/09/20190903090700_00160.jpg,datasets_flow/dataset_cropped/09_Metas/03/09/20190903090700_00160.jpg,datasets_cloudmask/dataset_cropped/09_Metas/03/09/20190903090700_00160.png,416.6,675.8,98.5,25.6,965
9/3/2019 9:08,datasets/dataset_cropped/09_Metas/03/09/20190903090800_00160.jpg,datasets_flow/dataset_cropped/09_Metas/03/09/20190903090800_00160.jpg,datasets_cloudmask/dataset_cropped/09_Metas/03/09/20190903090800_00160.png,421,679.9,98.9,25.6,965
9/3/2019 9:09,datasets/dataset_cropped/09_Metas/03/09/20190903090900_00160.jpg,datasets_flow/dataset_cropped/09_Metas/03/09/20190903090900_00160.jpg,datasets_cloudmask/dataset_cropped/09_Metas/03/09/20190903090900_00160.png,425.6,684.1,99.4,25.4,965
9/3/2019 9:10,datasets/dataset_cropped/09_Metas/03/09/20190903091000_00160.jpg,datasets_flow/dataset_cropped/09_Metas/03/09/20190903091000_00160.jpg,datasets_cloudmask/dataset_cropped/09_Metas/03/09/20190903091000_00160.png,429.4,687.3,99.8,25.4,965
9/3/2019 9:11,datasets/dataset_cropped/09_Metas/03/09/20190903091100_00160.jpg,datasets_flow/dataset_cropped/09_Metas/03/09/20190903091100_00160.jpg,datasets_cloudmask/dataset_cropped/09_Metas/03/09/20190903091100_00160.png,431.8,688,99.9,25.6,965
9/3/2019 9:12,datasets/dataset_cropped/09_Metas/03/09/20190903091200_00160.jpg,datasets_flow/dataset_cropped/09_Metas/03/09/20190903091200_00160.jpg,datasets_cloudmask/dataset_cropped/09_Metas/03/09/20190903091200_00160.png,434.1,687.3,100.3,25.4,965
9/3/2019 9:13,datasets/dataset_cropped/09_Metas/03/09/20190903091300_00160.jpg,datasets_flow/dataset_cropped/09_Metas/03/09/20190903091300_00160.jpg,datasets_cloudmask/dataset_cropped/09_Metas/03/09/20190903091300_00160.png,437.9,689.7,101,25.5,965
9/3/2019 9:14,datasets/dataset_cropped/09_Metas/03/09/20190903091400_00160.jpg,datasets_flow/dataset_cropped/09_Metas/03/09/20190903091400_00160.jpg,datasets_cloudmask/dataset_cropped/09_Metas/03/09/20190903091400_00160.png,441.3,692,101.3,25.7,965
9/3/2019 9:15,datasets/dataset_cropped/09_Metas/03/09/20190903091500_00160.jpg,datasets_flow/dataset_cropped/09_Metas/03/09/20190903091500_00160.jpg,datasets_cloudmask/dataset_cropped/09_Metas/03/09/20190903091500_00160.png,444.2,693,101.9,25.7,965
9/3/2019 9:16,datasets/dataset_cropped/09_Metas/03/09/20190903091600_00160.jpg,datasets_flow/dataset_cropped/09_Metas/03/09/20190903091600_00160.jpg,datasets_cloudmask/dataset_cropped/09_Metas/03/09/20190903091600_00160.png,445.1,690.2,102.1,25.6,965
9/3/2019 9:17,datasets/dataset_cropped/09_Metas/03/09/20190903091700_00160.jpg,datasets_flow/dataset_cropped/09_Metas/03/09/20190903091700_00160.jpg,datasets_cloudmask/dataset_cropped/09_Metas/03/09/20190903091700_00160.png,448.8,692.4,102.5,25.7,965
9/3/2019 9:18,datasets/dataset_cropped/09_Metas/03/09/20190903091800_00160.jpg,datasets_flow/dataset_cropped/09_Metas/03/09/20190903091800_00160.jpg,datasets_cloudmask/dataset_cropped/09_Metas/03/09/20190903091800_00160.png,452.7,695.5,102.6,25.9,965
9/3/2019 9:19,datasets/dataset_cropped/09_Metas/03/09/20190903091900_00160.jpg,datasets_flow/dataset_cropped/09_Metas/03/09/20190903091900_00160.jpg,datasets_cloudmask/dataset_cropped/09_Metas/03/09/20190903091900_00160.png,456.5,698.4,102.8,26,965
9/3/2019 9:20,datasets/dataset_cropped/09_Metas/03/09/20190903092000_00160.jpg,datasets_flow/dataset_cropped/09_Metas/03/09/20190903092000_00160.jpg,datasets_cloudmask/dataset_cropped/09_Metas/03/09/20190903092000_00160.png,460.2,701.3,102.9,26.1,965
9/3/2019 9:21,datasets/dataset_cropped/09_Metas/03/09/20190903092100_00160.jpg,datasets_flow/dataset_cropped/09_Metas/03/09/20190903092100_00160.jpg,datasets_cloudmask/dataset_cropped/09_Metas/03/09/20190903092100_00160.png,463.8,704.2,102.8,25.9,965
9/3/2019 9:22,datasets/dataset_cropped/09_Metas/03/09/20190903092200_00160.jpg,datasets_flow/dataset_cropped/09_Metas/03/09/20190903092200_00160.jpg,datasets_cloudmask/dataset_cropped/09_Metas/03/09/20190903092200_00160.png,467.9,707.4,103.4,25.9,965
9/3/2019 9:23,datasets/dataset_cropped/09_Metas/03/09/20190903092300_00160.jpg,datasets_flow/dataset_cropped/09_Metas/03/09/20190903092300_00160.jpg,datasets_cloudmask/dataset_cropped/09_Metas/03/09/20190903092300_00160.png,471,709.6,103.7,26.1,965
9/3/2019 9:24,datasets/dataset_cropped/09_Metas/03/09/20190903092400_00160.jpg,datasets_flow/dataset_cropped/09_Metas/03/09/20190903092400_00160.jpg,datasets_cloudmask/dataset_cropped/09_Metas/03/09/20190903092400_00160.png,474.4,712.2,103.6,26.2,965
9/3/2019 9:25,datasets/dataset_cropped/09_Metas/03/09/20190903092500_00160.jpg,datasets_flow/dataset_cropped/09_Metas/03/09/20190903092500_00160.jpg,datasets_cloudmask/dataset_cropped/09_Metas/03/09/20190903092500_00160.png,477.8,714.9,103.7,26.3,965
9/3/2019 9:26,datasets/dataset_cropped/09_Metas/03/09/20190903092600_00160.jpg,datasets_flow/dataset_cropped/09_Metas/03/09/20190903092600_00160.jpg,datasets_cloudmask/dataset_cropped/09_Metas/03/09/20190903092600_00160.png,481.1,716.8,104,26.4,965
9/3/2019 9:27,datasets/dataset_cropped/09_Metas/03/09/20190903092700_00160.jpg,datasets_flow/dataset_cropped/09_Metas/03/09/20190903092700_00160.jpg,datasets_cloudmask/dataset_cropped/09_Metas/03/09/20190903092700_00160.png,484.8,719.6,104.1,26.3,965
9/3/2019 9:28,datasets/dataset_cropped/09_Metas/03/09/20190903092800_00160.jpg,datasets_flow/dataset_cropped/09_Metas/03/09/20190903092800_00160.jpg,datasets_cloudmask/dataset_cropped/09_Metas/03/09/20190903092800_00160.png,488.3,721.5,104.4,26.2,965
9/3/2019 9:29,datasets/dataset_cropped/09_Metas/03/09/20190903092900_00160.jpg,datasets_flow/dataset_cropped/09_Metas/03/09/20190903092900_00160.jpg,datasets_cloudmask/dataset_cropped/09_Metas/03/09/20190903092900_00160.png,491.2,722.2,104.6,26.3,965
9/3/2019 9:30,datasets/dataset_cropped/09_Metas/03/09/20190903093000_00160.jpg,datasets_flow/dataset_cropped/09_Metas/03/09/20190903093000_00160.jpg,datasets_cloudmask/dataset_cropped/09_Metas/03/09/20190903093000_00160.png,495.2,725.3,105.1,26.4,965
9/3/2019 9:31,datasets/dataset_cropped/09_Metas/03/09/20190903093100_00160.jpg,datasets_flow/dataset_cropped/09_Metas/03/09/20190903093100_00160.jpg,datasets_cloudmask/dataset_cropped/09_Metas/03/09/20190903093100_00160.png,499.5,729.3,105.2,26.4,965
9/3/2019 9:32,datasets/dataset_cropped/09_Metas/03/09/20190903093200_00160.jpg,datasets_flow/dataset_cropped/09_Metas/03/09/20190903093200_00160.jpg,datasets_cloudmask/dataset_cropped/09_Metas/03/09/20190903093200_00160.png,503.3,732.6,105.4,26.5,965
9/3/2019 9:33,datasets/dataset_cropped/09_Metas/03/09/20190903093300_00160.jpg,datasets_flow/dataset_cropped/09_Metas/03/09/20190903093300_00160.jpg,datasets_cloudmask/dataset_cropped/09_Metas/03/09/20190903093300_00160.png,505.4,732.9,105.2,26.8,965
9/3/2019 9:34,datasets/dataset_cropped/09_Metas/03/09/20190903093400_00160.jpg,datasets_flow/dataset_cropped/09_Metas/03/09/20190903093400_00160.jpg,datasets_cloudmask/dataset_cropped/09_Metas/03/09/20190903093400_00160.png,507.8,733.3,105.3,26.6,965
9/3/2019 9:35,datasets/dataset_cropped/09_Metas/03/09/20190903093500_00160.jpg,datasets_flow/dataset_cropped/09_Metas/03/09/20190903093500_00160.jpg,datasets_cloudmask/dataset_cropped/09_Metas/03/09/20190903093500_00160.png,512.2,736.7,105.4,26.3,965
9/3/2019 9:36,datasets/dataset_cropped/09_Metas/03/09/20190903093600_00160.jpg,datasets_flow/dataset_cropped/09_Metas/03/09/20190903093600_00160.jpg,datasets_cloudmask/dataset_cropped/09_Metas/03/09/20190903093600_00160.png,516.1,740,105.7,26.6,965
9/3/2019 9:37,datasets/dataset_cropped/09_Metas/03/09/20190903093700_00160.jpg,datasets_flow/dataset_cropped/09_Metas/03/09/20190903093700_00160.jpg,datasets_cloudmask/dataset_cropped/09_Metas/03/09/20190903093700_00160.png,519.5,742.6,105.7,26.6,965
9/3/2019 9:38,datasets/dataset_cropped/09_Metas/03/09/20190903093800_00160.jpg,datasets_flow/dataset_cropped/09_Metas/03/09/20190903093800_00160.jpg,datasets_cloudmask/dataset_cropped/09_Metas/03/09/20190903093800_00160.png,522.3,744.2,105.6,26.5,965
9/3/2019 9:39,datasets/dataset_cropped/09_Metas/03/09/20190903093900_00160.jpg,datasets_flow/dataset_cropped/09_Metas/03/09/20190903093900_00160.jpg,datasets_cloudmask/dataset_cropped/09_Metas/03/09/20190903093900_00160.png,525,744.9,105.7,26.5,965
9/3/2019 9:40,datasets/dataset_cropped/09_Metas/03/09/20190903094000_00160.jpg,datasets_flow/dataset_cropped/09_Metas/03/09/20190903094000_00160.jpg,datasets_cloudmask/dataset_cropped/09_Metas/03/09/20190903094000_00160.png,529.1,748.1,105.9,26.6,965
9/3/2019 9:41,datasets/dataset_cropped/09_Metas/03/09/20190903094100_00160.jpg,datasets_flow/dataset_cropped/09_Metas/03/09/20190903094100_00160.jpg,datasets_cloudmask/dataset_cropped/09_Metas/03/09/20190903094100_00160.png,532.6,750.9,105.9,26.6,965
9/3/2019 9:42,datasets/dataset_cropped/09_Metas/03/09/20190903094200_00160.jpg,datasets_flow/dataset_cropped/09_Metas/03/09/20190903094200_00160.jpg,datasets_cloudmask/dataset_cropped/09_Metas/03/09/20190903094200_00160.png,535.3,752.2,105.5,26.6,965
9/3/2019 9:43,datasets/dataset_cropped/09_Metas/03/09/20190903094300_00160.jpg,datasets_flow/dataset_cropped/09_Metas/03/09/20190903094300_00160.jpg,datasets_cloudmask/dataset_cropped/09_Metas/03/09/20190903094300_00160.png,538,752.7,105.7,26.6,965
9/3/2019 9:44,datasets/dataset_cropped/09_Metas/03/09/20190903094400_00160.jpg,datasets_flow/dataset_cropped/09_Metas/03/09/20190903094400_00160.jpg,datasets_cloudmask/dataset_cropped/09_Metas/03/09/20190903094400_00160.png,541.6,755.1,106.3,26.7,965
9/3/2019 9:45,datasets/dataset_cropped/09_Metas/03/09/20190903094500_00160.jpg,datasets_flow/dataset_cropped/09_Metas/03/09/20190903094500_00160.jpg,datasets_cloudmask/dataset_cropped/09_Metas/03/09/20190903094500_00160.png,545.4,757.8,106.6,26.9,965
9/3/2019 9:46,datasets/dataset_cropped/09_Metas/03/09/20190903094600_00160.jpg,datasets_flow/dataset_cropped/09_Metas/03/09/20190903094600_00160.jpg,datasets_cloudmask/dataset_cropped/09_Metas/03/09/20190903094600_00160.png,548.3,759.3,106.6,27.1,965
9/3/2019 9:47,datasets/dataset_cropped/09_Metas/03/09/20190903094700_00160.jpg,datasets_flow/dataset_cropped/09_Metas/03/09/20190903094700_00160.jpg,datasets_cloudmask/dataset_cropped/09_Metas/03/09/20190903094700_00160.png,551.6,761.2,106.8,27,965
9/3/2019 9:48,datasets/dataset_cropped/09_Metas/03/09/20190903094800_00160.jpg,datasets_flow/dataset_cropped/09_Metas/03/09/20190903094800_00160.jpg,datasets_cloudmask/dataset_cropped/09_Metas/03/09/20190903094800_00160.png,553.8,760.9,107.3,27,965
9/3/2019 9:49,datasets/dataset_cropped/09_Metas/03/09/20190903094900_00160.jpg,datasets_flow/dataset_cropped/09_Metas/03/09/20190903094900_00160.jpg,datasets_cloudmask/dataset_cropped/09_Metas/03/09/20190903094900_00160.png,556.6,762.5,107.4,27.1,965
9/3/2019 9:50,datasets/dataset_cropped/09_Metas/03/09/20190903095000_00160.jpg,datasets_flow/dataset_cropped/09_Metas/03/09/20190903095000_00160.jpg,datasets_cloudmask/dataset_cropped/09_Metas/03/09/20190903095000_00160.png,559.4,763.7,107.2,27,965
9/3/2019 9:51,datasets/dataset_cropped/09_Metas/03/09/20190903095100_00160.jpg,datasets_flow/dataset_cropped/09_Metas/03/09/20190903095100_00160.jpg,datasets_cloudmask/dataset_cropped/09_Metas/03/09/20190903095100_00160.png,560.6,761.7,107.2,27.2,965
9/3/2019 9:52,datasets/dataset_cropped/09_Metas/03/09/20190903095200_00160.jpg,datasets_flow/dataset_cropped/09_Metas/03/09/20190903095200_00160.jpg,datasets_cloudmask/dataset_cropped/09_Metas/03/09/20190903095200_00160.png,564.3,763.5,107.9,27.2,965
9/3/2019 9:53,datasets/dataset_cropped/09_Metas/03/09/20190903095300_00160.jpg,datasets_flow/dataset_cropped/09_Metas/03/09/20190903095300_00160.jpg,datasets_cloudmask/dataset_cropped/09_Metas/03/09/20190903095300_00160.png,568.6,767.2,108.4,27.3,965
9/3/2019 9:54,datasets/dataset_cropped/09_Metas/03/09/20190903095400_00160.jpg,datasets_flow/dataset_cropped/09_Metas/03/09/20190903095400_00160.jpg,datasets_cloudmask/dataset_cropped/09_Metas/03/09/20190903095400_00160.png,571.9,769.6,108.3,27.1,965
9/3/2019 9:55,datasets/dataset_cropped/09_Metas/03/09/20190903095500_00160.jpg,datasets_flow/dataset_cropped/09_Metas/03/09/20190903095500_00160.jpg,datasets_cloudmask/dataset_cropped/09_Metas/03/09/20190903095500_00160.png,574.6,770.4,108.1,27,965
9/3/2019 9:56,datasets/dataset_cropped/09_Metas/03/09/20190903095600_00160.jpg,datasets_flow/dataset_cropped/09_Metas/03/09/20190903095600_00160.jpg,datasets_cloudmask/dataset_cropped/09_Metas/03/09/20190903095600_00160.png,577.9,771.7,108.3,27.1,965
9/3/2019 9:57,datasets/dataset_cropped/09_Metas/03/09/20190903095700_00160.jpg,datasets_flow/dataset_cropped/09_Metas/03/09/20190903095700_00160.jpg,datasets_cloudmask/dataset_cropped/09_Metas/03/09/20190903095700_00160.png,581.9,774.7,108.8,27.1,965
9/3/2019 9:58,datasets/dataset_cropped/09_Metas/03/09/20190903095800_00160.jpg,datasets_flow/dataset_cropped/09_Metas/03/09/20190903095800_00160.jpg,datasets_cloudmask/dataset_cropped/09_Metas/03/09/20190903095800_00160.png,584.4,775.2,109.2,27.3,965
9/3/2019 9:59,datasets/dataset_cropped/09_Metas/03/09/20190903095900_00160.jpg,datasets_flow/dataset_cropped/09_Metas/03/09/20190903095900_00160.jpg,datasets_cloudmask/dataset_cropped/09_Metas/03/09/20190903095900_00160.png,585.9,773.8,109.3,27.4,965
9/3/2019 10:00,datasets/dataset_cropped/09_Metas/03/10/20190903100000_00160.jpg,datasets_flow/dataset_cropped/09_Metas/03/10/20190903100000_00160.jpg,datasets_cloudmask/dataset_cropped/09_Metas/03/10/20190903100000_00160.png,588.9,774.6,110.2,27.2,965
9/3/2019 10:01,datasets/dataset_cropped/09_Metas/03/10/20190903100100_00160.jpg,datasets_flow/dataset_cropped/09_Metas/03/10/20190903100100_00160.jpg,datasets_cloudmask/dataset_cropped/09_Metas/03/10/20190903100100_00160.png,591.7,775.8,110.3,27.2,965
9/3/2019 10:02,datasets/dataset_cropped/09_Metas/03/10/20190903100200_00160.jpg,datasets_flow/dataset_cropped/09_Metas/03/10/20190903100200_00160.jpg,datasets_cloudmask/dataset_cropped/09_Metas/03/10/20190903100200_00160.png,594.7,777.3,110,27.3,965
9/3/2019 10:03,datasets/dataset_cropped/09_Metas/03/10/20190903100300_00160.jpg,datasets_flow/dataset_cropped/09_Metas/03/10/20190903100300_00160.jpg,datasets_cloudmask/dataset_cropped/09_Metas/03/10/20190903100300_00160.png,597.1,777.2,110.4,27.6,965
9/3/2019 10:04,datasets/dataset_cropped/09_Metas/03/10/20190903100400_00160.jpg,datasets_flow/dataset_cropped/09_Metas/03/10/20190903100400_00160.jpg,datasets_cloudmask/dataset_cropped/09_Metas/03/10/20190903100400_00160.png,600,777.9,110.5,27.6,965
9/3/2019 10:05,datasets/dataset_cropped/09_Metas/03/10/20190903100500_00160.jpg,datasets_flow/dataset_cropped/09_Metas/03/10/20190903100500_00160.jpg,datasets_cloudmask/dataset_cropped/09_Metas/03/10/20190903100500_00160.png,603.4,779.5,111,27.5,965
9/3/2019 10:06,datasets/dataset_cropped/09_Metas/03/10/20190903100600_00160.jpg,datasets_flow/dataset_cropped/09_Metas/03/10/20190903100600_00160.jpg,datasets_cloudmask/dataset_cropped/09_Metas/03/10/20190903100600_00160.png,605.9,779.8,111.1,27.4,965
9/3/2019 10:07,datasets/dataset_cropped/09_Metas/03/10/20190903100700_00160.jpg,datasets_flow/dataset_cropped/09_Metas/03/10/20190903100700_00160.jpg,datasets_cloudmask/dataset_cropped/09_Metas/03/10/20190903100700_00160.png,609.2,781.7,111.2,27.5,965
9/3/2019 10:08,datasets/dataset_cropped/09_Metas/03/10/20190903100800_00160.jpg,datasets_flow/dataset_cropped/09_Metas/03/10/20190903100800_00160.jpg,datasets_cloudmask/dataset_cropped/09_Metas/03/10/20190903100800_00160.png,612.9,784.1,111.7,27.8,965
9/3/2019 10:09,datasets/dataset_cropped/09_Metas/03/10/20190903100900_00160.jpg,datasets_flow/dataset_cropped/09_Metas/03/10/20190903100900_00160.jpg,datasets_cloudmask/dataset_cropped/09_Metas/03/10/20190903100900_00160.png,616.1,786.2,112.2,27.7,965
9/3/2019 10:10,datasets/dataset_cropped/09_Metas/03/10/20190903101000_00160.jpg,datasets_flow/dataset_cropped/09_Metas/03/10/20190903101000_00160.jpg,datasets_cloudmask/dataset_cropped/09_Metas/03/10/20190903101000_00160.png,618.4,787,112.3,27.8,965
9/3/2019 10:11,datasets/dataset_cropped/09_Metas/03/10/20190903101100_00160.jpg,datasets_flow/dataset_cropped/09_Metas/03/10/20190903101100_00160.jpg,datasets_cloudmask/dataset_cropped/09_Metas/03/10/20190903101100_00160.png,620,786.3,112.1,28,965
9/3/2019 10:12,datasets/dataset_cropped/09_Metas/03/10/20190903101200_00160.jpg,datasets_flow/dataset_cropped/09_Metas/03/10/20190903101200_00160.jpg,datasets_cloudmask/dataset_cropped/09_Metas/03/10/20190903101200_00160.png,622.8,787,112.8,27.9,965
9/3/2019 10:13,datasets/dataset_cropped/09_Metas/03/10/20190903101300_00160.jpg,datasets_flow/dataset_cropped/09_Metas/03/10/20190903101300_00160.jpg,datasets_cloudmask/dataset_cropped/09_Metas/03/10/20190903101300_00160.png,625.4,787.7,113,27.9,965
9/3/2019 10:14,datasets/dataset_cropped/09_Metas/03/10/20190903101400_00160.jpg,datasets_flow/dataset_cropped/09_Metas/03/10/20190903101400_00160.jpg,datasets_cloudmask/dataset_cropped/09_Metas/03/10/20190903101400_00160.png,626.9,786.8,113.5,27.8,965
9/3/2019 10:15,datasets/dataset_cropped/09_Metas/03/10/20190903101500_00160.jpg,datasets_flow/dataset_cropped/09_Metas/03/10/20190903101500_00160.jpg,datasets_cloudmask/dataset_cropped/09_Metas/03/10/20190903101500_00160.png,629.1,787.1,113.5,27.6,965
9/3/2019 10:16,datasets/dataset_cropped/09_Metas/03/10/20190903101600_00160.jpg,datasets_flow/dataset_cropped/09_Metas/03/10/20190903101600_00160.jpg,datasets_cloudmask/dataset_cropped/09_Metas/03/10/20190903101600_00160.png,632.4,788.8,114,27.6,965
9/3/2019 10:17,datasets/dataset_cropped/09_Metas/03/10/20190903101700_00160.jpg,datasets_flow/dataset_cropped/09_Metas/03/10/20190903101700_00160.jpg,datasets_cloudmask/dataset_cropped/09_Metas/03/10/20190903101700_00160.png,635.2,790.5,113.6,27.9,965
9/3/2019 10:18,datasets/dataset_cropped/09_Metas/03/10/20190903101800_00160.jpg,datasets_flow/dataset_cropped/09_Metas/03/10/20190903101800_00160.jpg,datasets_cloudmask/dataset_cropped/09_Metas/03/10/20190903101800_00160.png,638.3,792.2,113.6,27.9,965
9/3/2019 10:19,datasets/dataset_cropped/09_Metas/03/10/20190903101900_00160.jpg,datasets_flow/dataset_cropped/09_Metas/03/10/20190903101900_00160.jpg,datasets_cloudmask/dataset_cropped/09_Metas/03/10/20190903101900_00160.png,639.4,790.4,113.9,27.9,965
9/3/2019 10:20,datasets/dataset_cropped/09_Metas/03/10/20190903102000_00160.jpg,datasets_flow/dataset_cropped/09_Metas/03/10/20190903102000_00160.jpg,datasets_cloudmask/dataset_cropped/09_Metas/03/10/20190903102000_00160.png,642.3,790.7,114.4,27.8,965
9/3/2019 10:21,datasets/dataset_cropped/09_Metas/03/10/20190903102100_00160.jpg,datasets_flow/dataset_cropped/09_Metas/03/10/20190903102100_00160.jpg,datasets_cloudmask/dataset_cropped/09_Metas/03/10/20190903102100_00160.png,644.1,789.2,115.1,27.9,965
9/3/2019 10:22,datasets/dataset_cropped/09_Metas/03/10/20190903102200_00160.jpg,datasets_flow/dataset_cropped/09_Metas/03/10/20190903102200_00160.jpg,datasets_cloudmask/dataset_cropped/09_Metas/03/10/20190903102200_00160.png,646.8,789.3,116,27.9,965
9/3/2019 10:23,datasets/dataset_cropped/09_Metas/03/10/20190903102300_00160.jpg,datasets_flow/dataset_cropped/09_Metas/03/10/20190903102300_00160.jpg,datasets_cloudmask/dataset_cropped/09_Metas/03/10/20190903102300_00160.png,648.2,788.4,116.6,27.9,965
9/3/2019 10:24,datasets/dataset_cropped/09_Metas/03/10/20190903102400_00160.jpg,datasets_flow/dataset_cropped/09_Metas/03/10/20190903102400_00160.jpg,datasets_cloudmask/dataset_cropped/09_Metas/03/10/20190903102400_00160.png,650.4,788.3,117,28.2,965
9/3/2019 10:25,datasets/dataset_cropped/09_Metas/03/10/20190903102500_00160.jpg,datasets_flow/dataset_cropped/09_Metas/03/10/20190903102500_00160.jpg,datasets_cloudmask/dataset_cropped/09_Metas/03/10/20190903102500_00160.png,655.1,792.7,117.3,28.5,965
9/3/2019 10:26,datasets/dataset_cropped/09_Metas/03/10/20190903102600_00160.jpg,datasets_flow/dataset_cropped/09_Metas/03/10/20190903102600_00160.jpg,datasets_cloudmask/dataset_cropped/09_Metas/03/10/20190903102600_00160.png,659.4,796.5,117.6,28.4,965
9/3/2019 10:27,datasets/dataset_cropped/09_Metas/03/10/20190903102700_00160.jpg,datasets_flow/dataset_cropped/09_Metas/03/10/20190903102700_00160.jpg,datasets_cloudmask/dataset_cropped/09_Metas/03/10/20190903102700_00160.png,662,798,117.9,28.3,965
9/3/2019 10:28,datasets/dataset_cropped/09_Metas/03/10/20190903102800_00160.jpg,datasets_flow/dataset_cropped/09_Metas/03/10/20190903102800_00160.jpg,datasets_cloudmask/dataset_cropped/09_Metas/03/10/20190903102800_00160.png,664.3,798.4,118.2,28.4,965
9/3/2019 10:29,datasets/dataset_cropped/09_Metas/03/10/20190903102900_00160.jpg,datasets_flow/dataset_cropped/09_Metas/03/10/20190903102900_00160.jpg,datasets_cloudmask/dataset_cropped/09_Metas/03/10/20190903102900_00160.png,666.5,798.6,118.6,28.4,965
9/3/2019 10:30,datasets/dataset_cropped/09_Metas/03/10/20190903103000_00160.jpg,datasets_flow/dataset_cropped/09_Metas/03/10/20190903103000_00160.jpg,datasets_cloudmask/dataset_cropped/09_Metas/03/10/20190903103000_00160.png,668.8,798.8,118.5,28.4,965
9/3/2019 10:31,datasets/dataset_cropped/09_Metas/03/10/20190903103100_00160.jpg,datasets_flow/dataset_cropped/09_Metas/03/10/20190903103100_00160.jpg,datasets_cloudmask/dataset_cropped/09_Metas/03/10/20190903103100_00160.png,670.5,797.7,118.9,28.2,965
9/3/2019 10:32,datasets/dataset_cropped/09_Metas/03/10/20190903103200_00160.jpg,datasets_flow/dataset_cropped/09_Metas/03/10/20190903103200_00160.jpg,datasets_cloudmask/dataset_cropped/09_Metas/03/10/20190903103200_00160.png,672.7,797.5,119.5,28.3,965
9/3/2019 10:33,datasets/dataset_cropped/09_Metas/03/10/20190903103300_00160.jpg,datasets_flow/dataset_cropped/09_Metas/03/10/20190903103300_00160.jpg,datasets_cloudmask/dataset_cropped/09_Metas/03/10/20190903103300_00160.png,673.3,794.9,119.9,28.4,965
9/3/2019 10:34,datasets/dataset_cropped/09_Metas/03/10/20190903103400_00160.jpg,datasets_flow/dataset_cropped/09_Metas/03/10/20190903103400_00160.jpg,datasets_cloudmask/dataset_cropped/09_Metas/03/10/20190903103400_00160.png,676.4,796.3,120.6,28.6,965
9/3/2019 10:35,datasets/dataset_cropped/09_Metas/03/10/20190903103500_00160.jpg,datasets_flow/dataset_cropped/09_Metas/03/10/20190903103500_00160.jpg,datasets_cloudmask/dataset_cropped/09_Metas/03/10/20190903103500_00160.png,679.6,798.4,120.4,28.6,965
9/3/2019 10:36,datasets/dataset_cropped/09_Metas/03/10/20190903103600_00160.jpg,datasets_flow/dataset_cropped/09_Metas/03/10/20190903103600_00160.jpg,datasets_cloudmask/dataset_cropped/09_Metas/03/10/20190903103600_00160.png,684,802,120.1,28.5,965
9/3/2019 10:37,datasets/dataset_cropped/09_Metas/03/10/20190903103700_00160.jpg,datasets_flow/dataset_cropped/09_Metas/03/10/20190903103700_00160.jpg,datasets_cloudmask/dataset_cropped/09_Metas/03/10/20190903103700_00160.png,687.8,805,120.5,28.3,965
9/3/2019 10:38,datasets/dataset_cropped/09_Metas/03/10/20190903103800_00160.jpg,datasets_flow/dataset_cropped/09_Metas/03/10/20190903103800_00160.jpg,datasets_cloudmask/dataset_cropped/09_Metas/03/10/20190903103800_00160.png,687.4,802,120.9,28.4,965
9/3/2019 10:39,datasets/dataset_cropped/09_Metas/03/10/20190903103900_00160.jpg,datasets_flow/dataset_cropped/09_Metas/03/10/20190903103900_00160.jpg,datasets_cloudmask/dataset_cropped/09_Metas/03/10/20190903103900_00160.png,687.5,799.2,121,28.4,965
9/3/2019 10:40,datasets/dataset_cropped/09_Metas/03/10/20190903104000_00160.jpg,datasets_flow/dataset_cropped/09_Metas/03/10/20190903104000_00160.jpg,datasets_cloudmask/dataset_cropped/09_Metas/03/10/20190903104000_00160.png,691.7,802,121.2,28.2,965
9/3/2019 10:41,datasets/dataset_cropped/09_Metas/03/10/20190903104100_00160.jpg,datasets_flow/dataset_cropped/09_Metas/03/10/20190903104100_00160.jpg,datasets_cloudmask/dataset_cropped/09_Metas/03/10/20190903104100_00160.png,693.6,802,121.6,28.5,965
9/3/2019 10:42,datasets/dataset_cropped/09_Metas/03/10/20190903104200_00160.jpg,datasets_flow/dataset_cropped/09_Metas/03/10/20190903104200_00160.jpg,datasets_cloudmask/dataset_cropped/09_Metas/03/10/20190903104200_00160.png,694.3,801,121.7,28.5,965
9/3/2019 10:43,datasets/dataset_cropped/09_Metas/03/10/20190903104300_00160.jpg,datasets_flow/dataset_cropped/09_Metas/03/10/20190903104300_00160.jpg,datasets_cloudmask/dataset_cropped/09_Metas/03/10/20190903104300_00160.png,697.5,803,121.7,28.5,965
9/3/2019 10:44,datasets/dataset_cropped/09_Metas/03/10/20190903104400_00160.jpg,datasets_flow/dataset_cropped/09_Metas/03/10/20190903104400_00160.jpg,datasets_cloudmask/dataset_cropped/09_Metas/03/10/20190903104400_00160.png,699.6,802,122.2,28.5,965
9/3/2019 10:45,datasets/dataset_cropped/09_Metas/03/10/20190903104500_00160.jpg,datasets_flow/dataset_cropped/09_Metas/03/10/20190903104500_00160.jpg,datasets_cloudmask/dataset_cropped/09_Metas/03/10/20190903104500_00160.png,702.7,804,122.6,28.6,965
9/3/2019 10:46,datasets/dataset_cropped/09_Metas/03/10/20190903104600_00160.jpg,datasets_flow/dataset_cropped/09_Metas/03/10/20190903104600_00160.jpg,datasets_cloudmask/dataset_cropped/09_Metas/03/10/20190903104600_00160.png,706,807,122.4,28.7,965
9/3/2019 10:47,datasets/dataset_cropped/09_Metas/03/10/20190903104700_00160.jpg,datasets_flow/dataset_cropped/09_Metas/03/10/20190903104700_00160.jpg,datasets_cloudmask/dataset_cropped/09_Metas/03/10/20190903104700_00160.png,708.7,808,122.4,29,965
9/3/2019 10:48,datasets/dataset_cropped/09_Metas/03/10/20190903104800_00160.jpg,datasets_flow/dataset_cropped/09_Metas/03/10/20190903104800_00160.jpg,datasets_cloudmask/dataset_cropped/09_Metas/03/10/20190903104800_00160.png,711.2,810,122.1,29.2,965
9/3/2019 10:49,datasets/dataset_cropped/09_Metas/03/10/20190903104900_00160.jpg,datasets_flow/dataset_cropped/09_Metas/03/10/20190903104900_00160.jpg,datasets_cloudmask/dataset_cropped/09_Metas/03/10/20190903104900_00160.png,714.3,812,121.5,29,965
9/3/2019 10:50,datasets/dataset_cropped/09_Metas/03/10/20190903105000_00160.jpg,datasets_flow/dataset_cropped/09_Metas/03/10/20190903105000_00160.jpg,datasets_cloudmask/dataset_cropped/09_Metas/03/10/20190903105000_00160.png,715.4,811,121.4,28.7,965
9/3/2019 10:51,datasets/dataset_cropped/09_Metas/03/10/20190903105100_00160.jpg,datasets_flow/dataset_cropped/09_Metas/03/10/20190903105100_00160.jpg,datasets_cloudmask/dataset_cropped/09_Metas/03/10/20190903105100_00160.png,717.8,812,121.7,28.8,965
9/3/2019 10:52,datasets/dataset_cropped/09_Metas/03/10/20190903105200_00160.jpg,datasets_flow/dataset_cropped/09_Metas/03/10/20190903105200_00160.jpg,datasets_cloudmask/dataset_cropped/09_Metas/03/10/20190903105200_00160.png,721.7,815,122,29,965
9/3/2019 10:53,datasets/dataset_cropped/09_Metas/03/10/20190903105300_00160.jpg,datasets_flow/dataset_cropped/09_Metas/03/10/20190903105300_00160.jpg,datasets_cloudmask/dataset_cropped/09_Metas/03/10/20190903105300_00160.png,725.1,819,121.8,28.9,965
9/3/2019 10:54,datasets/dataset_cropped/09_Metas/03/10/20190903105400_00160.jpg,datasets_flow/dataset_cropped/09_Metas/03/10/20190903105400_00160.jpg,datasets_cloudmask/dataset_cropped/09_Metas/03/10/20190903105400_00160.png,727.1,819,121.7,28.8,965
9/3/2019 10:55,datasets/dataset_cropped/09_Metas/03/10/20190903105500_00160.jpg,datasets_flow/dataset_cropped/09_Metas/03/10/20190903105500_00160.jpg,datasets_cloudmask/dataset_cropped/09_Metas/03/10/20190903105500_00160.png,729.2,820,121.5,28.8,965
9/3/2019 10:56,datasets/dataset_cropped/09_Metas/03/10/20190903105600_00160.jpg,datasets_flow/dataset_cropped/09_Metas/03/10/20190903105600_00160.jpg,datasets_cloudmask/dataset_cropped/09_Metas/03/10/20190903105600_00160.png,730.5,819,121.7,28.8,965
9/3/2019 10:57,datasets/dataset_cropped/09_Metas/03/10/20190903105700_00160.jpg,datasets_flow/dataset_cropped/09_Metas/03/10/20190903105700_00160.jpg,datasets_cloudmask/dataset_cropped/09_Metas/03/10/20190903105700_00160.png,732.7,819,122.2,28.6,965
9/3/2019 10:58,datasets/dataset_cropped/09_Metas/03/10/20190903105800_00160.jpg,datasets_flow/dataset_cropped/09_Metas/03/10/20190903105800_00160.jpg,datasets_cloudmask/dataset_cropped/09_Metas/03/10/20190903105800_00160.png,735.3,820,122.2,28.7,965
9/3/2019 10:59,datasets/dataset_cropped/09_Metas/03/10/20190903105900_00160.jpg,datasets_flow/dataset_cropped/09_Metas/03/10/20190903105900_00160.jpg,datasets_cloudmask/dataset_cropped/09_Metas/03/10/20190903105900_00160.png,735.6,818,122.9,28.6,965
9/3/2019 11:00,datasets/dataset_cropped/09_Metas/03/11/20190903110000_00160.jpg,datasets_flow/dataset_cropped/09_Metas/03/11/20190903110000_00160.jpg,datasets_cloudmask/dataset_cropped/09_Metas/03/11/20190903110000_00160.png,739.4,822,122.4,28.8,965
9/3/2019 11:01,datasets/dataset_cropped/09_Metas/03/11/20190903110100_00160.jpg,datasets_flow/dataset_cropped/09_Metas/03/11/20190903110100_00160.jpg,datasets_cloudmask/dataset_cropped/09_Metas/03/11/20190903110100_00160.png,743,825,122.3,28.8,965
9/3/2019 11:02,datasets/dataset_cropped/09_Metas/03/11/20190903110200_00160.jpg,datasets_flow/dataset_cropped/09_Metas/03/11/20190903110200_00160.jpg,datasets_cloudmask/dataset_cropped/09_Metas/03/11/20190903110200_00160.png,745.2,826,122.2,28.9,965
9/3/2019 11:03,datasets/dataset_cropped/09_Metas/03/11/20190903110300_00160.jpg,datasets_flow/dataset_cropped/09_Metas/03/11/20190903110300_00160.jpg,datasets_cloudmask/dataset_cropped/09_Metas/03/11/20190903110300_00160.png,746.6,826,122.5,29.1,965
9/3/2019 11:04,datasets/dataset_cropped/09_Metas/03/11/20190903110400_00160.jpg,datasets_flow/dataset_cropped/09_Metas/03/11/20190903110400_00160.jpg,datasets_cloudmask/dataset_cropped/09_Metas/03/11/20190903110400_00160.png,746,822,122.7,29.1,965
9/3/2019 11:05,datasets/dataset_cropped/09_Metas/03/11/20190903110500_00160.jpg,datasets_flow/dataset_cropped/09_Metas/03/11/20190903110500_00160.jpg,datasets_cloudmask/dataset_cropped/09_Metas/03/11/20190903110500_00160.png,749.2,824,123,29,965
9/3/2019 11:06,datasets/dataset_cropped/09_Metas/03/11/20190903110600_00160.jpg,datasets_flow/dataset_cropped/09_Metas/03/11/20190903110600_00160.jpg,datasets_cloudmask/dataset_cropped/09_Metas/03/11/20190903110600_00160.png,751.2,824,123.3,29,965
9/3/2019 11:07,datasets/dataset_cropped/09_Metas/03/11/20190903110700_00160.jpg,datasets_flow/dataset_cropped/09_Metas/03/11/20190903110700_00160.jpg,datasets_cloudmask/dataset_cropped/09_Metas/03/11/20190903110700_00160.png,751.2,822,123.4,29,965
9/3/2019 11:08,datasets/dataset_cropped/09_Metas/03/11/20190903110800_00160.jpg,datasets_flow/dataset_cropped/09_Metas/03/11/20190903110800_00160.jpg,datasets_cloudmask/dataset_cropped/09_Metas/03/11/20190903110800_00160.png,753.5,822,123.5,29,965
9/3/2019 11:09,datasets/dataset_cropped/09_Metas/03/11/20190903110900_00160.jpg,datasets_flow/dataset_cropped/09_Metas/03/11/20190903110900_00160.jpg,datasets_cloudmask/dataset_cropped/09_Metas/03/11/20190903110900_00160.png,756.4,824,123.9,29.1,965
9/3/2019 11:10,datasets/dataset_cropped/09_Metas/03/11/20190903111000_00160.jpg,datasets_flow/dataset_cropped/09_Metas/03/11/20190903111000_00160.jpg,datasets_cloudmask/dataset_cropped/09_Metas/03/11/20190903111000_00160.png,757.8,824,124.5,29.3,965
9/3/2019 11:11,datasets/dataset_cropped/09_Metas/03/11/20190903111100_00160.jpg,datasets_flow/dataset_cropped/09_Metas/03/11/20190903111100_00160.jpg,datasets_cloudmask/dataset_cropped/09_Metas/03/11/20190903111100_00160.png,759.1,824,124.7,29.2,965
9/3/2019 11:12,datasets/dataset_cropped/09_Metas/03/11/20190903111200_00160.jpg,datasets_flow/dataset_cropped/09_Metas/03/11/20190903111200_00160.jpg,datasets_cloudmask/dataset_cropped/09_Metas/03/11/20190903111200_00160.png,761.5,826,124.1,29.2,965
9/3/2019 11:13,datasets/dataset_cropped/09_Metas/03/11/20190903111300_00160.jpg,datasets_flow/dataset_cropped/09_Metas/03/11/20190903111300_00160.jpg,datasets_cloudmask/dataset_cropped/09_Metas/03/11/20190903111300_00160.png,765,829,124.1,29.1,965
9/3/2019 11:14,datasets/dataset_cropped/09_Metas/03/11/20190903111400_00160.jpg,datasets_flow/dataset_cropped/09_Metas/03/11/20190903111400_00160.jpg,datasets_cloudmask/dataset_cropped/09_Metas/03/11/20190903111400_00160.png,768,831,123.9,29,965
9/3/2019 11:15,datasets/dataset_cropped/09_Metas/03/11/20190903111500_00160.jpg,datasets_flow/dataset_cropped/09_Metas/03/11/20190903111500_00160.jpg,datasets_cloudmask/dataset_cropped/09_Metas/03/11/20190903111500_00160.png,770,831,124,29.4,965
9/3/2019 11:16,datasets/dataset_cropped/09_Metas/03/11/20190903111600_00160.jpg,datasets_flow/dataset_cropped/09_Metas/03/11/20190903111600_00160.jpg,datasets_cloudmask/dataset_cropped/09_Metas/03/11/20190903111600_00160.png,768.5,826,124.6,29.4,965
9/3/2019 11:17,datasets/dataset_cropped/09_Metas/03/11/20190903111700_00160.jpg,datasets_flow/dataset_cropped/09_Metas/03/11/20190903111700_00160.jpg,datasets_cloudmask/dataset_cropped/09_Metas/03/11/20190903111700_00160.png,770,825,125.7,29.3,965
9/3/2019 11:18,datasets/dataset_cropped/09_Metas/03/11/20190903111800_00160.jpg,datasets_flow/dataset_cropped/09_Metas/03/11/20190903111800_00160.jpg,datasets_cloudmask/dataset_cropped/09_Metas/03/11/20190903111800_00160.png,772.8,826,126.5,29.3,965
9/3/2019 11:19,datasets/dataset_cropped/09_Metas/03/11/20190903111900_00160.jpg,datasets_flow/dataset_cropped/09_Metas/03/11/20190903111900_00160.jpg,datasets_cloudmask/dataset_cropped/09_Metas/03/11/20190903111900_00160.png,774.4,826,126.4,29.1,965
9/3/2019 11:20,datasets/dataset_cropped/09_Metas/03/11/20190903112000_00160.jpg,datasets_flow/dataset_cropped/09_Metas/03/11/20190903112000_00160.jpg,datasets_cloudmask/dataset_cropped/09_Metas/03/11/20190903112000_00160.png,775.9,826,126.1,29.2,965
9/3/2019 11:21,datasets/dataset_cropped/09_Metas/03/11/20190903112100_00160.jpg,datasets_flow/dataset_cropped/09_Metas/03/11/20190903112100_00160.jpg,datasets_cloudmask/dataset_cropped/09_Metas/03/11/20190903112100_00160.png,778.3,828,126.2,28.9,965
9/3/2019 11:22,datasets/dataset_cropped/09_Metas/03/11/20190903112200_00160.jpg,datasets_flow/dataset_cropped/09_Metas/03/11/20190903112200_00160.jpg,datasets_cloudmask/dataset_cropped/09_Metas/03/11/20190903112200_00160.png,780.3,829,127,29,965
9/3/2019 11:23,datasets/dataset_cropped/09_Metas/03/11/20190903112300_00160.jpg,datasets_flow/dataset_cropped/09_Metas/03/11/20190903112300_00160.jpg,datasets_cloudmask/dataset_cropped/09_Metas/03/11/20190903112300_00160.png,782,829,127.8,29.2,965
9/3/2019 11:24,datasets/dataset_cropped/09_Metas/03/11/20190903112400_00160.jpg,datasets_flow/dataset_cropped/09_Metas/03/11/20190903112400_00160.jpg,datasets_cloudmask/dataset_cropped/09_Metas/03/11/20190903112400_00160.png,783.9,830,127.9,29.2,965
9/3/2019 11:25,datasets/dataset_cropped/09_Metas/03/11/20190903112500_00160.jpg,datasets_flow/dataset_cropped/09_Metas/03/11/20190903112500_00160.jpg,datasets_cloudmask/dataset_cropped/09_Metas/03/11/20190903112500_00160.png,784.9,830,127.8,29.6,965
9/3/2019 11:26,datasets/dataset_cropped/09_Metas/03/11/20190903112600_00160.jpg,datasets_flow/dataset_cropped/09_Metas/03/11/20190903112600_00160.jpg,datasets_cloudmask/dataset_cropped/09_Metas/03/11/20190903112600_00160.png,786.9,830,127.6,29.6,965
9/3/2019 11:27,datasets/dataset_cropped/09_Metas/03/11/20190903112700_00160.jpg,datasets_flow/dataset_cropped/09_Metas/03/11/20190903112700_00160.jpg,datasets_cloudmask/dataset_cropped/09_Metas/03/11/20190903112700_00160.png,788.3,830,127.7,29.6,965
9/3/2019 11:28,datasets/dataset_cropped/09_Metas/03/11/20190903112800_00160.jpg,datasets_flow/dataset_cropped/09_Metas/03/11/20190903112800_00160.jpg,datasets_cloudmask/dataset_cropped/09_Metas/03/11/20190903112800_00160.png,789.4,829,127.9,29.4,965
9/3/2019 11:29,datasets/dataset_cropped/09_Metas/03/11/20190903112900_00160.jpg,datasets_flow/dataset_cropped/09_Metas/03/11/20190903112900_00160.jpg,datasets_cloudmask/dataset_cropped/09_Metas/03/11/20190903112900_00160.png,791.3,830,128.4,29.3,965
9/3/2019 11:30,datasets/dataset_cropped/09_Metas/03/11/20190903113000_00160.jpg,datasets_flow/dataset_cropped/09_Metas/03/11/20190903113000_00160.jpg,datasets_cloudmask/dataset_cropped/09_Metas/03/11/20190903113000_00160.png,793.1,831,128.6,29.5,965
9/3/2019 11:31,datasets/dataset_cropped/09_Metas/03/11/20190903113100_00160.jpg,datasets_flow/dataset_cropped/09_Metas/03/11/20190903113100_00160.jpg,datasets_cloudmask/dataset_cropped/09_Metas/03/11/20190903113100_00160.png,795.6,833,128.6,29.6,965
9/3/2019 11:32,datasets/dataset_cropped/09_Metas/03/11/20190903113200_00160.jpg,datasets_flow/dataset_cropped/09_Metas/03/11/20190903113200_00160.jpg,datasets_cloudmask/dataset_cropped/09_Metas/03/11/20190903113200_00160.png,797.4,834.7,128.8,29.7,965
9/3/2019 11:33,datasets/dataset_cropped/09_Metas/03/11/20190903113300_00160.jpg,datasets_flow/dataset_cropped/09_Metas/03/11/20190903113300_00160.jpg,datasets_cloudmask/dataset_cropped/09_Metas/03/11/20190903113300_00160.png,799.2,836.3,128.9,29.7,965
9/3/2019 11:34,datasets/dataset_cropped/09_Metas/03/11/20190903113400_00160.jpg,datasets_flow/dataset_cropped/09_Metas/03/11/20190903113400_00160.jpg,datasets_cloudmask/dataset_cropped/09_Metas/03/11/20190903113400_00160.png,801,838,129.1,29.8,965
9/3/2019 11:35,datasets/dataset_cropped/09_Metas/03/11/20190903113500_00160.jpg,datasets_flow/dataset_cropped/09_Metas/03/11/20190903113500_00160.jpg,datasets_cloudmask/dataset_cropped/09_Metas/03/11/20190903113500_00160.png,802,838,129.5,30.1,965
9/3/2019 11:36,datasets/dataset_cropped/09_Metas/03/11/20190903113600_00160.jpg,datasets_flow/dataset_cropped/09_Metas/03/11/20190903113600_00160.jpg,datasets_cloudmask/dataset_cropped/09_Metas/03/11/20190903113600_00160.png,803,838,129.4,29.9,965
9/3/2019 11:37,datasets/dataset_cropped/09_Metas/03/11/20190903113700_00160.jpg,datasets_flow/dataset_cropped/09_Metas/03/11/20190903113700_00160.jpg,datasets_cloudmask/dataset_cropped/09_Metas/03/11/20190903113700_00160.png,804,838,129.3,30.1,965
9/3/2019 11:38,datasets/dataset_cropped/09_Metas/03/11/20190903113800_00160.jpg,datasets_flow/dataset_cropped/09_Metas/03/11/20190903113800_00160.jpg,datasets_cloudmask/dataset_cropped/09_Metas/03/11/20190903113800_00160.png,806,838,129.6,30.1,965
9/3/2019 11:39,datasets/dataset_cropped/09_Metas/03/11/20190903113900_00160.jpg,datasets_flow/dataset_cropped/09_Metas/03/11/20190903113900_00160.jpg,datasets_cloudmask/dataset_cropped/09_Metas/03/11/20190903113900_00160.png,807,838,129.4,29.7,965
9/3/2019 11:40,datasets/dataset_cropped/09_Metas/03/11/20190903114000_00160.jpg,datasets_flow/dataset_cropped/09_Metas/03/11/20190903114000_00160.jpg,datasets_cloudmask/dataset_cropped/09_Metas/03/11/20190903114000_00160.png,809,838,129.9,29.8,965
9/3/2019 11:41,datasets/dataset_cropped/09_Metas/03/11/20190903114100_00160.jpg,datasets_flow/dataset_cropped/09_Metas/03/11/20190903114100_00160.jpg,datasets_cloudmask/dataset_cropped/09_Metas/03/11/20190903114100_00160.png,810,839,130,29.8,965
9/3/2019 11:42,datasets/dataset_cropped/09_Metas/03/11/20190903114200_00160.jpg,datasets_flow/dataset_cropped/09_Metas/03/11/20190903114200_00160.jpg,datasets_cloudmask/dataset_cropped/09_Metas/03/11/20190903114200_00160.png,812,839,130.1,29.7,965
9/3/2019 11:43,datasets/dataset_cropped/09_Metas/03/11/20190903114300_00160.jpg,datasets_flow/dataset_cropped/09_Metas/03/11/20190903114300_00160.jpg,datasets_cloudmask/dataset_cropped/09_Metas/03/11/20190903114300_00160.png,814,840,130.3,29.7,965
9/3/2019 11:44,datasets/dataset_cropped/09_Metas/03/11/20190903114400_00160.jpg,datasets_flow/dataset_cropped/09_Metas/03/11/20190903114400_00160.jpg,datasets_cloudmask/dataset_cropped/09_Metas/03/11/20190903114400_00160.png,816,841,130.5,29.8,965
9/3/2019 11:45,datasets/dataset_cropped/09_Metas/03/11/20190903114500_00160.jpg,datasets_flow/dataset_cropped/09_Metas/03/11/20190903114500_00160.jpg,datasets_cloudmask/dataset_cropped/09_Metas/03/11/20190903114500_00160.png,817,842,131.3,30,965
9/3/2019 11:46,datasets/dataset_cropped/09_Metas/03/11/20190903114600_00160.jpg,datasets_flow/dataset_cropped/09_Metas/03/11/20190903114600_00160.jpg,datasets_cloudmask/dataset_cropped/09_Metas/03/11/20190903114600_00160.png,818,843,131.3,30,965
9/3/2019 11:47,datasets/dataset_cropped/09_Metas/03/11/20190903114700_00160.jpg,datasets_flow/dataset_cropped/09_Metas/03/11/20190903114700_00160.jpg,datasets_cloudmask/dataset_cropped/09_Metas/03/11/20190903114700_00160.png,819,843,131,29.9,965
9/3/2019 11:48,datasets/dataset_cropped/09_Metas/03/11/20190903114800_00160.jpg,datasets_flow/dataset_cropped/09_Metas/03/11/20190903114800_00160.jpg,datasets_cloudmask/dataset_cropped/09_Metas/03/11/20190903114800_00160.png,821,843,131.2,30,965
9/3/2019 11:49,datasets/dataset_cropped/09_Metas/03/11/20190903114900_00160.jpg,datasets_flow/dataset_cropped/09_Metas/03/11/20190903114900_00160.jpg,datasets_cloudmask/dataset_cropped/09_Metas/03/11/20190903114900_00160.png,822,843,130.7,29.9,965
9/3/2019 11:50,datasets/dataset_cropped/09_Metas/03/11/20190903115000_00160.jpg,datasets_flow/dataset_cropped/09_Metas/03/11/20190903115000_00160.jpg,datasets_cloudmask/dataset_cropped/09_Metas/03/11/20190903115000_00160.png,824,843,130.7,29.7,965
9/3/2019 11:51,datasets/dataset_cropped/09_Metas/03/11/20190903115100_00160.jpg,datasets_flow/dataset_cropped/09_Metas/03/11/20190903115100_00160.jpg,datasets_cloudmask/dataset_cropped/09_Metas/03/11/20190903115100_00160.png,825,843,130.3,29.9,965
9/3/2019 11:52,datasets/dataset_cropped/09_Metas/03/11/20190903115200_00160.jpg,datasets_flow/dataset_cropped/09_Metas/03/11/20190903115200_00160.jpg,datasets_cloudmask/dataset_cropped/09_Metas/03/11/20190903115200_00160.png,827,843,130.3,30.1,965
9/3/2019 11:53,datasets/dataset_cropped/09_Metas/03/11/20190903115300_00160.jpg,datasets_flow/dataset_cropped/09_Metas/03/11/20190903115300_00160.jpg,datasets_cloudmask/dataset_cropped/09_Metas/03/11/20190903115300_00160.png,828,844,130.8,30,965
9/3/2019 11:54,datasets/dataset_cropped/09_Metas/03/11/20190903115400_00160.jpg,datasets_flow/dataset_cropped/09_Metas/03/11/20190903115400_00160.jpg,datasets_cloudmask/dataset_cropped/09_Metas/03/11/20190903115400_00160.png,829,845,130.5,29.9,965
9/3/2019 11:55,datasets/dataset_cropped/09_Metas/03/11/20190903115500_00160.jpg,datasets_flow/dataset_cropped/09_Metas/03/11/20190903115500_00160.jpg,datasets_cloudmask/dataset_cropped/09_Metas/03/11/20190903115500_00160.png,831,846,130.7,30.1,965
9/3/2019 11:56,datasets/dataset_cropped/09_Metas/03/11/20190903115600_00160.jpg,datasets_flow/dataset_cropped/09_Metas/03/11/20190903115600_00160.jpg,datasets_cloudmask/dataset_cropped/09_Metas/03/11/20190903115600_00160.png,832,846,131.5,29.9,965
9/3/2019 11:57,datasets/dataset_cropped/09_Metas/03/11/20190903115700_00160.jpg,datasets_flow/dataset_cropped/09_Metas/03/11/20190903115700_00160.jpg,datasets_cloudmask/dataset_cropped/09_Metas/03/11/20190903115700_00160.png,833,847,131.3,30.4,965
9/3/2019 11:58,datasets/dataset_cropped/09_Metas/03/11/20190903115800_00160.jpg,datasets_flow/dataset_cropped/09_Metas/03/11/20190903115800_00160.jpg,datasets_cloudmask/dataset_cropped/09_Metas/03/11/20190903115800_00160.png,834,847,131,30.4,965
9/3/2019 11:59,datasets/dataset_cropped/09_Metas/03/11/20190903115900_00160.jpg,datasets_flow/dataset_cropped/09_Metas/03/11/20190903115900_00160.jpg,datasets_cloudmask/dataset_cropped/09_Metas/03/11/20190903115900_00160.png,836,847,131.4,30.5,965
9/3/2019 12:00,datasets/dataset_cropped/09_Metas/03/12/20190903120000_00160.jpg,datasets_flow/dataset_cropped/09_Metas/03/12/20190903120000_00160.jpg,datasets_cloudmask/dataset_cropped/09_Metas/03/12/20190903120000_00160.png,838,848,132.2,30.9,965
9/3/2019 12:01,datasets/dataset_cropped/09_Metas/03/12/20190903120100_00160.jpg,datasets_flow/dataset_cropped/09_Metas/03/12/20190903120100_00160.jpg,datasets_cloudmask/dataset_cropped/09_Metas/03/12/20190903120100_00160.png,839,848,131.7,30.6,965
9/3/2019 12:02,datasets/dataset_cropped/09_Metas/03/12/20190903120200_00160.jpg,datasets_flow/dataset_cropped/09_Metas/03/12/20190903120200_00160.jpg,datasets_cloudmask/dataset_cropped/09_Metas/03/12/20190903120200_00160.png,840,847,131.5,30.3,965
9/3/2019 12:03,datasets/dataset_cropped/09_Metas/03/12/20190903120300_00160.jpg,datasets_flow/dataset_cropped/09_Metas/03/12/20190903120300_00160.jpg,datasets_cloudmask/dataset_cropped/09_Metas/03/12/20190903120300_00160.png,840,847,131.6,30.2,965
9/3/2019 12:04,datasets/dataset_cropped/09_Metas/03/12/20190903120400_00160.jpg,datasets_flow/dataset_cropped/09_Metas/03/12/20190903120400_00160.jpg,datasets_cloudmask/dataset_cropped/09_Metas/03/12/20190903120400_00160.png,842,848,131.4,30.3,965
9/3/2019 12:05,datasets/dataset_cropped/09_Metas/03/12/20190903120500_00160.jpg,datasets_flow/dataset_cropped/09_Metas/03/12/20190903120500_00160.jpg,datasets_cloudmask/dataset_cropped/09_Metas/03/12/20190903120500_00160.png,843,849,131.5,30.2,965
9/3/2019 12:06,datasets/dataset_cropped/09_Metas/03/12/20190903120600_00160.jpg,datasets_flow/dataset_cropped/09_Metas/03/12/20190903120600_00160.jpg,datasets_cloudmask/dataset_cropped/09_Metas/03/12/20190903120600_00160.png,844,849,131.7,29.8,965
9/3/2019 12:07,datasets/dataset_cropped/09_Metas/03/12/20190903120700_00160.jpg,datasets_flow/dataset_cropped/09_Metas/03/12/20190903120700_00160.jpg,datasets_cloudmask/dataset_cropped/09_Metas/03/12/20190903120700_00160.png,845,850,131,29.9,965
9/3/2019 12:08,datasets/dataset_cropped/09_Metas/03/12/20190903120800_00160.jpg,datasets_flow/dataset_cropped/09_Metas/03/12/20190903120800_00160.jpg,datasets_cloudmask/dataset_cropped/09_Metas/03/12/20190903120800_00160.png,848,852,130.7,30,965
9/3/2019 12:09,datasets/dataset_cropped/09_Metas/03/12/20190903120900_00160.jpg,datasets_flow/dataset_cropped/09_Metas/03/12/20190903120900_00160.jpg,datasets_cloudmask/dataset_cropped/09_Metas/03/12/20190903120900_00160.png,849,852,130.5,29.8,965
9/3/2019 12:10,datasets/dataset_cropped/09_Metas/03/12/20190903121000_00160.jpg,datasets_flow/dataset_cropped/09_Metas/03/12/20190903121000_00160.jpg,datasets_cloudmask/dataset_cropped/09_Metas/03/12/20190903121000_00160.png,849,852,130.6,29.9,965
9/3/2019 12:11,datasets/dataset_cropped/09_Metas/03/12/20190903121100_00160.jpg,datasets_flow/dataset_cropped/09_Metas/03/12/20190903121100_00160.jpg,datasets_cloudmask/dataset_cropped/09_Metas/03/12/20190903121100_00160.png,851,852,130.8,30.2,965
9/3/2019 12:12,datasets/dataset_cropped/09_Metas/03/12/20190903121200_00160.jpg,datasets_flow/dataset_cropped/09_Metas/03/12/20190903121200_00160.jpg,datasets_cloudmask/dataset_cropped/09_Metas/03/12/20190903121200_00160.png,852,853,131.1,30,965
9/3/2019 12:13,datasets/dataset_cropped/09_Metas/03/12/20190903121300_00160.jpg,datasets_flow/dataset_cropped/09_Metas/03/12/20190903121300_00160.jpg,datasets_cloudmask/dataset_cropped/09_Metas/03/12/20190903121300_00160.png,853,853,131.2,30.1,965
9/3/2019 12:14,datasets/dataset_cropped/09_Metas/03/12/20190903121400_00160.jpg,datasets_flow/dataset_cropped/09_Metas/03/12/20190903121400_00160.jpg,datasets_cloudmask/dataset_cropped/09_Metas/03/12/20190903121400_00160.png,853,853,131,30,965
9/3/2019 12:15,datasets/dataset_cropped/09_Metas/03/12/20190903121500_00160.jpg,datasets_flow/dataset_cropped/09_Metas/03/12/20190903121500_00160.jpg,datasets_cloudmask/dataset_cropped/09_Metas/03/12/20190903121500_00160.png,854,854,131.2,30.1,965
9/3/2019 12:16,datasets/dataset_cropped/09_Metas/03/12/20190903121600_00160.jpg,datasets_flow/dataset_cropped/09_Metas/03/12/20190903121600_00160.jpg,datasets_cloudmask/dataset_cropped/09_Metas/03/12/20190903121600_00160.png,854,853,130.9,30.4,965
9/3/2019 12:17,datasets/dataset_cropped/09_Metas/03/12/20190903121700_00160.jpg,datasets_flow/dataset_cropped/09_Metas/03/12/20190903121700_00160.jpg,datasets_cloudmask/dataset_cropped/09_Metas/03/12/20190903121700_00160.png,855,852,130.7,30.2,965
9/3/2019 12:18,datasets/dataset_cropped/09_Metas/03/12/20190903121800_00160.jpg,datasets_flow/dataset_cropped/09_Metas/03/12/20190903121800_00160.jpg,datasets_cloudmask/dataset_cropped/09_Metas/03/12/20190903121800_00160.png,856,853,131.2,30.1,965
9/3/2019 12:19,datasets/dataset_cropped/09_Metas/03/12/20190903121900_00160.jpg,datasets_flow/dataset_cropped/09_Metas/03/12/20190903121900_00160.jpg,datasets_cloudmask/dataset_cropped/09_Metas/03/12/20190903121900_00160.png,858,855,131.2,30.4,965
9/3/2019 12:20,datasets/dataset_cropped/09_Metas/03/12/20190903122000_00160.jpg,datasets_flow/dataset_cropped/09_Metas/03/12/20190903122000_00160.jpg,datasets_cloudmask/dataset_cropped/09_Metas/03/12/20190903122000_00160.png,859,856,130.9,30.8,965
9/3/2019 12:21,datasets/dataset_cropped/09_Metas/03/12/20190903122100_00160.jpg,datasets_flow/dataset_cropped/09_Metas/03/12/20190903122100_00160.jpg,datasets_cloudmask/dataset_cropped/09_Metas/03/12/20190903122100_00160.png,860,856,130.8,30.9,965
9/3/2019 12:22,datasets/dataset_cropped/09_Metas/03/12/20190903122200_00160.jpg,datasets_flow/dataset_cropped/09_Metas/03/12/20190903122200_00160.jpg,datasets_cloudmask/dataset_cropped/09_Metas/03/12/20190903122200_00160.png,860,856,131,31.4,965
9/3/2019 12:23,datasets/dataset_cropped/09_Metas/03/12/20190903122300_00160.jpg,datasets_flow/dataset_cropped/09_Metas/03/12/20190903122300_00160.jpg,datasets_cloudmask/dataset_cropped/09_Metas/03/12/20190903122300_00160.png,861,856,130.9,31.5,965
9/3/2019 12:24,datasets/dataset_cropped/09_Metas/03/12/20190903122400_00160.jpg,datasets_flow/dataset_cropped/09_Metas/03/12/20190903122400_00160.jpg,datasets_cloudmask/dataset_cropped/09_Metas/03/12/20190903122400_00160.png,861,856,131.1,30.9,965
9/3/2019 12:25,datasets/dataset_cropped/09_Metas/03/12/20190903122500_00160.jpg,datasets_flow/dataset_cropped/09_Metas/03/12/20190903122500_00160.jpg,datasets_cloudmask/dataset_cropped/09_Metas/03/12/20190903122500_00160.png,862,855,130.5,30.8,965
9/3/2019 12:26,datasets/dataset_cropped/09_Metas/03/12/20190903122600_00160.jpg,datasets_flow/dataset_cropped/09_Metas/03/12/20190903122600_00160.jpg,datasets_cloudmask/dataset_cropped/09_Metas/03/12/20190903122600_00160.png,863,856,130.8,30.9,965
9/3/2019 12:27,datasets/dataset_cropped/09_Metas/03/12/20190903122700_00160.jpg,datasets_flow/dataset_cropped/09_Metas/03/12/20190903122700_00160.jpg,datasets_cloudmask/dataset_cropped/09_Metas/03/12/20190903122700_00160.png,864,857,131,31,965
9/3/2019 12:28,datasets/dataset_cropped/09_Metas/03/12/20190903122800_00160.jpg,datasets_flow/dataset_cropped/09_Metas/03/12/20190903122800_00160.jpg,datasets_cloudmask/dataset_cropped/09_Metas/03/12/20190903122800_00160.png,866,859,131.6,31,965
9/3/2019 12:29,datasets/dataset_cropped/09_Metas/03/12/20190903122900_00160.jpg,datasets_flow/dataset_cropped/09_Metas/03/12/20190903122900_00160.jpg,datasets_cloudmask/dataset_cropped/09_Metas/03/12/20190903122900_00160.png,867,859,132,30.9,965
9/3/2019 12:30,datasets/dataset_cropped/09_Metas/03/12/20190903123000_00160.jpg,datasets_flow/dataset_cropped/09_Metas/03/12/20190903123000_00160.jpg,datasets_cloudmask/dataset_cropped/09_Metas/03/12/20190903123000_00160.png,867,859,132,30.8,965
9/3/2019 12:31,datasets/dataset_cropped/09_Metas/03/12/20190903123100_00160.jpg,datasets_flow/dataset_cropped/09_Metas/03/12/20190903123100_00160.jpg,datasets_cloudmask/dataset_cropped/09_Metas/03/12/20190903123100_00160.png,867,858,132.2,30.6,965
9/3/2019 12:32,datasets/dataset_cropped/09_Metas/03/12/20190903123200_00160.jpg,datasets_flow/dataset_cropped/09_Metas/03/12/20190903123200_00160.jpg,datasets_cloudmask/dataset_cropped/09_Metas/03/12/20190903123200_00160.png,867,857,131.7,30.7,965
9/3/2019 12:33,datasets/dataset_cropped/09_Metas/03/12/20190903123300_00160.jpg,datasets_flow/dataset_cropped/09_Metas/03/12/20190903123300_00160.jpg,datasets_cloudmask/dataset_cropped/09_Metas/03/12/20190903123300_00160.png,867,857,131.7,30.8,965
9/3/2019 12:34,datasets/dataset_cropped/09_Metas/03/12/20190903123400_00160.jpg,datasets_flow/dataset_cropped/09_Metas/03/12/20190903123400_00160.jpg,datasets_cloudmask/dataset_cropped/09_Metas/03/12/20190903123400_00160.png,867,856,131.6,30.8,965
9/3/2019 12:35,datasets/dataset_cropped/09_Metas/03/12/20190903123500_00160.jpg,datasets_flow/dataset_cropped/09_Metas/03/12/20190903123500_00160.jpg,datasets_cloudmask/dataset_cropped/09_Metas/03/12/20190903123500_00160.png,869,857,131.9,30.6,965
9/3/2019 12:36,datasets/dataset_cropped/09_Metas/03/12/20190903123600_00160.jpg,datasets_flow/dataset_cropped/09_Metas/03/12/20190903123600_00160.jpg,datasets_cloudmask/dataset_cropped/09_Metas/03/12/20190903123600_00160.png,870,858,132.1,30.4,965
9/3/2019 12:37,datasets/dataset_cropped/09_Metas/03/12/20190903123700_00160.jpg,datasets_flow/dataset_cropped/09_Metas/03/12/20190903123700_00160.jpg,datasets_cloudmask/dataset_cropped/09_Metas/03/12/20190903123700_00160.png,871,859,132.2,30.4,965
9/3/2019 12:38,datasets/dataset_cropped/09_Metas/03/12/20190903123800_00160.jpg,datasets_flow/dataset_cropped/09_Metas/03/12/20190903123800_00160.jpg,datasets_cloudmask/dataset_cropped/09_Metas/03/12/20190903123800_00160.png,871,859,132.2,30.8,965
9/3/2019 12:39,datasets/dataset_cropped/09_Metas/03/12/20190903123900_00160.jpg,datasets_flow/dataset_cropped/09_Metas/03/12/20190903123900_00160.jpg,datasets_cloudmask/dataset_cropped/09_Metas/03/12/20190903123900_00160.png,872,860,132.2,31,965
9/3/2019 12:40,datasets/dataset_cropped/09_Metas/03/12/20190903124000_00160.jpg,datasets_flow/dataset_cropped/09_Metas/03/12/20190903124000_00160.jpg,datasets_cloudmask/dataset_cropped/09_Metas/03/12/20190903124000_00160.png,872,860,131.8,31.1,965
9/3/2019 12:41,datasets/dataset_cropped/09_Metas/03/12/20190903124100_00160.jpg,datasets_flow/dataset_cropped/09_Metas/03/12/20190903124100_00160.jpg,datasets_cloudmask/dataset_cropped/09_Metas/03/12/20190903124100_00160.png,872,860,131.9,31.2,965
9/3/2019 12:42,datasets/dataset_cropped/09_Metas/03/12/20190903124200_00160.jpg,datasets_flow/dataset_cropped/09_Metas/03/12/20190903124200_00160.jpg,datasets_cloudmask/dataset_cropped/09_Metas/03/12/20190903124200_00160.png,873,860,131.3,30.8,965
9/3/2019 12:43,datasets/dataset_cropped/09_Metas/03/12/20190903124300_00160.jpg,datasets_flow/dataset_cropped/09_Metas/03/12/20190903124300_00160.jpg,datasets_cloudmask/dataset_cropped/09_Metas/03/12/20190903124300_00160.png,873,860,131.3,30.2,965
9/3/2019 12:44,datasets/dataset_cropped/09_Metas/03/12/20190903124400_00160.jpg,datasets_flow/dataset_cropped/09_Metas/03/12/20190903124400_00160.jpg,datasets_cloudmask/dataset_cropped/09_Metas/03/12/20190903124400_00160.png,874,859,130.7,30.2,965
9/3/2019 12:45,datasets/dataset_cropped/09_Metas/03/12/20190903124500_00160.jpg,datasets_flow/dataset_cropped/09_Metas/03/12/20190903124500_00160.jpg,datasets_cloudmask/dataset_cropped/09_Metas/03/12/20190903124500_00160.png,875,859,130.8,30.6,965
9/3/2019 12:46,datasets/dataset_cropped/09_Metas/03/12/20190903124600_00160.jpg,datasets_flow/dataset_cropped/09_Metas/03/12/20190903124600_00160.jpg,datasets_cloudmask/dataset_cropped/09_Metas/03/12/20190903124600_00160.png,875,860,130.7,30.5,965
9/3/2019 12:47,datasets/dataset_cropped/09_Metas/03/12/20190903124700_00160.jpg,datasets_flow/dataset_cropped/09_Metas/03/12/20190903124700_00160.jpg,datasets_cloudmask/dataset_cropped/09_Metas/03/12/20190903124700_00160.png,875,860,131,30.7,964
9/3/2019 12:48,datasets/dataset_cropped/09_Metas/03/12/20190903124800_00160.jpg,datasets_flow/dataset_cropped/09_Metas/03/12/20190903124800_00160.jpg,datasets_cloudmask/dataset_cropped/09_Metas/03/12/20190903124800_00160.png,877,862,131.6,31,965
9/3/2019 12:49,datasets/dataset_cropped/09_Metas/03/12/20190903124900_00160.jpg,datasets_flow/dataset_cropped/09_Metas/03/12/20190903124900_00160.jpg,datasets_cloudmask/dataset_cropped/09_Metas/03/12/20190903124900_00160.png,877,863,131.4,31,964
9/3/2019 12:50,datasets/dataset_cropped/09_Metas/03/12/20190903125000_00160.jpg,datasets_flow/dataset_cropped/09_Metas/03/12/20190903125000_00160.jpg,datasets_cloudmask/dataset_cropped/09_Metas/03/12/20190903125000_00160.png,877,863,131.7,31.2,964
9/3/2019 12:51,datasets/dataset_cropped/09_Metas/03/12/20190903125100_00160.jpg,datasets_flow/dataset_cropped/09_Metas/03/12/20190903125100_00160.jpg,datasets_cloudmask/dataset_cropped/09_Metas/03/12/20190903125100_00160.png,877,864,131.3,31.4,964
9/3/2019 12:52,datasets/dataset_cropped/09_Metas/03/12/20190903125200_00160.jpg,datasets_flow/dataset_cropped/09_Metas/03/12/20190903125200_00160.jpg,datasets_cloudmask/dataset_cropped/09_Metas/03/12/20190903125200_00160.png,878,863,131.5,31.4,964
9/3/2019 12:53,datasets/dataset_cropped/09_Metas/03/12/20190903125300_00160.jpg,datasets_flow/dataset_cropped/09_Metas/03/12/20190903125300_00160.jpg,datasets_cloudmask/dataset_cropped/09_Metas/03/12/20190903125300_00160.png,878,863,131.4,31.6,964
9/3/2019 12:54,datasets/dataset_cropped/09_Metas/03/12/20190903125400_00160.jpg,datasets_flow/dataset_cropped/09_Metas/03/12/20190903125400_00160.jpg,datasets_cloudmask/dataset_cropped/09_Metas/03/12/20190903125400_00160.png,878,862,130.9,31.6,964
9/3/2019 12:55,datasets/dataset_cropped/09_Metas/03/12/20190903125500_00160.jpg,datasets_flow/dataset_cropped/09_Metas/03/12/20190903125500_00160.jpg,datasets_cloudmask/dataset_cropped/09_Metas/03/12/20190903125500_00160.png,878,861,130.7,31.2,964
9/3/2019 12:56,datasets/dataset_cropped/09_Metas/03/12/20190903125600_00160.jpg,datasets_flow/dataset_cropped/09_Metas/03/12/20190903125600_00160.jpg,datasets_cloudmask/dataset_cropped/09_Metas/03/12/20190903125600_00160.png,878,861,130.4,30.9,964
9/3/2019 12:57,datasets/dataset_cropped/09_Metas/03/12/20190903125700_00160.jpg,datasets_flow/dataset_cropped/09_Metas/03/12/20190903125700_00160.jpg,datasets_cloudmask/dataset_cropped/09_Metas/03/12/20190903125700_00160.png,878,861,130.2,31.2,964
9/3/2019 12:58,datasets/dataset_cropped/09_Metas/03/12/20190903125800_00160.jpg,datasets_flow/dataset_cropped/09_Metas/03/12/20190903125800_00160.jpg,datasets_cloudmask/dataset_cropped/09_Metas/03/12/20190903125800_00160.png,879,862,130.3,31.3,964
9/3/2019 12:59,datasets/dataset_cropped/09_Metas/03/12/20190903125900_00160.jpg,datasets_flow/dataset_cropped/09_Metas/03/12/20190903125900_00160.jpg,datasets_cloudmask/dataset_cropped/09_Metas/03/12/20190903125900_00160.png,879,862,130.3,31.2,964
9/3/2019 13:00,datasets/dataset_cropped/09_Metas/03/13/20190903130000_00160.jpg,datasets_flow/dataset_cropped/09_Metas/03/13/20190903130000_00160.jpg,datasets_cloudmask/dataset_cropped/09_Metas/03/13/20190903130000_00160.png,880,862,130.5,31,964
9/3/2019 13:01,datasets/dataset_cropped/09_Metas/03/13/20190903130100_00160.jpg,datasets_flow/dataset_cropped/09_Metas/03/13/20190903130100_00160.jpg,datasets_cloudmask/dataset_cropped/09_Metas/03/13/20190903130100_00160.png,880,862,130.3,31.1,964
9/3/2019 13:02,datasets/dataset_cropped/09_Metas/03/13/20190903130200_00160.jpg,datasets_flow/dataset_cropped/09_Metas/03/13/20190903130200_00160.jpg,datasets_cloudmask/dataset_cropped/09_Metas/03/13/20190903130200_00160.png,879,861,130.2,31.4,964
9/3/2019 13:03,datasets/dataset_cropped/09_Metas/03/13/20190903130300_00160.jpg,datasets_flow/dataset_cropped/09_Metas/03/13/20190903130300_00160.jpg,datasets_cloudmask/dataset_cropped/09_Metas/03/13/20190903130300_00160.png,880,861,130.3,31.6,964
9/3/2019 13:04,datasets/dataset_cropped/09_Metas/03/13/20190903130400_00160.jpg,datasets_flow/dataset_cropped/09_Metas/03/13/20190903130400_00160.jpg,datasets_cloudmask/dataset_cropped/09_Metas/03/13/20190903130400_00160.png,879,861,130.6,31.9,964
9/3/2019 13:05,datasets/dataset_cropped/09_Metas/03/13/20190903130500_00160.jpg,datasets_flow/dataset_cropped/09_Metas/03/13/20190903130500_00160.jpg,datasets_cloudmask/dataset_cropped/09_Metas/03/13/20190903130500_00160.png,879,861,130.3,32.1,965
9/3/2019 13:06,datasets/dataset_cropped/09_Metas/03/13/20190903130600_00160.jpg,datasets_flow/dataset_cropped/09_Metas/03/13/20190903130600_00160.jpg,datasets_cloudmask/dataset_cropped/09_Metas/03/13/20190903130600_00160.png,880,862,130.4,31.8,964
9/3/2019 13:07,datasets/dataset_cropped/09_Metas/03/13/20190903130700_00160.jpg,datasets_flow/dataset_cropped/09_Metas/03/13/20190903130700_00160.jpg,datasets_cloudmask/dataset_cropped/09_Metas/03/13/20190903130700_00160.png,880,863,130.4,31.9,964
9/3/2019 13:08,datasets/dataset_cropped/09_Metas/03/13/20190903130800_00160.jpg,datasets_flow/dataset_cropped/09_Metas/03/13/20190903130800_00160.jpg,datasets_cloudmask/dataset_cropped/09_Metas/03/13/20190903130800_00160.png,881,864,131,31.9,965
9/3/2019 13:09,datasets/dataset_cropped/09_Metas/03/13/20190903130900_00160.jpg,datasets_flow/dataset_cropped/09_Metas/03/13/20190903130900_00160.jpg,datasets_cloudmask/dataset_cropped/09_Metas/03/13/20190903130900_00160.png,882,865,130.9,31.6,964
9/3/2019 13:10,datasets/dataset_cropped/09_Metas/03/13/20190903131000_00160.jpg,datasets_flow/dataset_cropped/09_Metas/03/13/20190903131000_00160.jpg,datasets_cloudmask/dataset_cropped/09_Metas/03/13/20190903131000_00160.png,882,865,130.6,31.4,964
9/3/2019 13:11,datasets/dataset_cropped/09_Metas/03/13/20190903131100_00160.jpg,datasets_flow/dataset_cropped/09_Metas/03/13/20190903131100_00160.jpg,datasets_cloudmask/dataset_cropped/09_Metas/03/13/20190903131100_00160.png,882,865,130.6,31.3,964
9/3/2019 13:12,datasets/dataset_cropped/09_Metas/03/13/20190903131200_00160.jpg,datasets_flow/dataset_cropped/09_Metas/03/13/20190903131200_00160.jpg,datasets_cloudmask/dataset_cropped/09_Metas/03/13/20190903131200_00160.png,882,865,130.7,31,964
9/3/2019 13:13,datasets/dataset_cropped/09_Metas/03/13/20190903131300_00160.jpg,datasets_flow/dataset_cropped/09_Metas/03/13/20190903131300_00160.jpg,datasets_cloudmask/dataset_cropped/09_Metas/03/13/20190903131300_00160.png,882,865,130.7,30.9,964
9/3/2019 13:14,datasets/dataset_cropped/09_Metas/03/13/20190903131400_00160.jpg,datasets_flow/dataset_cropped/09_Metas/03/13/20190903131400_00160.jpg,datasets_cloudmask/dataset_cropped/09_Metas/03/13/20190903131400_00160.png,882,865,130.6,30.7,964
9/3/2019 13:15,datasets/dataset_cropped/09_Metas/03/13/20190903131500_00160.jpg,datasets_flow/dataset_cropped/09_Metas/03/13/20190903131500_00160.jpg,datasets_cloudmask/dataset_cropped/09_Metas/03/13/20190903131500_00160.png,881,864,130.7,30.7,964
9/3/2019 13:16,datasets/dataset_cropped/09_Metas/03/13/20190903131600_00160.jpg,datasets_flow/dataset_cropped/09_Metas/03/13/20190903131600_00160.jpg,datasets_cloudmask/dataset_cropped/09_Metas/03/13/20190903131600_00160.png,879,862,130.6,30.6,964
9/3/2019 13:17,datasets/dataset_cropped/09_Metas/03/13/20190903131700_00160.jpg,datasets_flow/dataset_cropped/09_Metas/03/13/20190903131700_00160.jpg,datasets_cloudmask/dataset_cropped/09_Metas/03/13/20190903131700_00160.png,879,861,131.1,31,964
9/3/2019 13:18,datasets/dataset_cropped/09_Metas/03/13/20190903131800_00160.jpg,datasets_flow/dataset_cropped/09_Metas/03/13/20190903131800_00160.jpg,datasets_cloudmask/dataset_cropped/09_Metas/03/13/20190903131800_00160.png,879,862,131.4,31.4,964
9/3/2019 13:19,datasets/dataset_cropped/09_Metas/03/13/20190903131900_00160.jpg,datasets_flow/dataset_cropped/09_Metas/03/13/20190903131900_00160.jpg,datasets_cloudmask/dataset_cropped/09_Metas/03/13/20190903131900_00160.png,878,862,131.4,31.8,964
9/3/2019 13:20,datasets/dataset_cropped/09_Metas/03/13/20190903132000_00160.jpg,datasets_flow/dataset_cropped/09_Metas/03/13/20190903132000_00160.jpg,datasets_cloudmask/dataset_cropped/09_Metas/03/13/20190903132000_00160.png,878,862,131.7,31.6,964
9/3/2019 13:21,datasets/dataset_cropped/09_Metas/03/13/20190903132100_00160.jpg,datasets_flow/dataset_cropped/09_Metas/03/13/20190903132100_00160.jpg,datasets_cloudmask/dataset_cropped/09_Metas/03/13/20190903132100_00160.png,878,863,131.3,31.9,964
9/3/2019 13:22,datasets/dataset_cropped/09_Metas/03/13/20190903132200_00160.jpg,datasets_flow/dataset_cropped/09_Metas/03/13/20190903132200_00160.jpg,datasets_cloudmask/dataset_cropped/09_Metas/03/13/20190903132200_00160.png,878,862,131.3,31.4,964
9/3/2019 13:23,datasets/dataset_cropped/09_Metas/03/13/20190903132300_00160.jpg,datasets_flow/dataset_cropped/09_Metas/03/13/20190903132300_00160.jpg,datasets_cloudmask/dataset_cropped/09_Metas/03/13/20190903132300_00160.png,878,863,130.9,31.5,964
9/3/2019 13:24,datasets/dataset_cropped/09_Metas/03/13/20190903132400_00160.jpg,datasets_flow/dataset_cropped/09_Metas/03/13/20190903132400_00160.jpg,datasets_cloudmask/dataset_cropped/09_Metas/03/13/20190903132400_00160.png,879,864,130.9,31.4,964
9/3/2019 13:25,datasets/dataset_cropped/09_Metas/03/13/20190903132500_00160.jpg,datasets_flow/dataset_cropped/09_Metas/03/13/20190903132500_00160.jpg,datasets_cloudmask/dataset_cropped/09_Metas/03/13/20190903132500_00160.png,879,863,130.4,31.6,964
9/3/2019 13:26,datasets/dataset_cropped/09_Metas/03/13/20190903132600_00160.jpg,datasets_flow/dataset_cropped/09_Metas/03/13/20190903132600_00160.jpg,datasets_cloudmask/dataset_cropped/09_Metas/03/13/20190903132600_00160.png,880,864,130.8,31.5,964
9/3/2019 13:27,datasets/dataset_cropped/09_Metas/03/13/20190903132700_00160.jpg,datasets_flow/dataset_cropped/09_Metas/03/13/20190903132700_00160.jpg,datasets_cloudmask/dataset_cropped/09_Metas/03/13/20190903132700_00160.png,879,864,130.3,31.1,964
9/3/2019 13:28,datasets/dataset_cropped/09_Metas/03/13/20190903132800_00160.jpg,datasets_flow/dataset_cropped/09_Metas/03/13/20190903132800_00160.jpg,datasets_cloudmask/dataset_cropped/09_Metas/03/13/20190903132800_00160.png,878,863,130.1,31.4,964
9/3/2019 13:29,datasets/dataset_cropped/09_Metas/03/13/20190903132900_00160.jpg,datasets_flow/dataset_cropped/09_Metas/03/13/20190903132900_00160.jpg,datasets_cloudmask/dataset_cropped/09_Metas/03/13/20190903132900_00160.png,878,862,130.3,31.3,964
9/3/2019 13:30,datasets/dataset_cropped/09_Metas/03/13/20190903133000_00160.jpg,datasets_flow/dataset_cropped/09_Metas/03/13/20190903133000_00160.jpg,datasets_cloudmask/dataset_cropped/09_Metas/03/13/20190903133000_00160.png,877,861,130.5,31.1,964
9/3/2019 13:31,datasets/dataset_cropped/09_Metas/03/13/20190903133100_00160.jpg,datasets_flow/dataset_cropped/09_Metas/03/13/20190903133100_00160.jpg,datasets_cloudmask/dataset_cropped/09_Metas/03/13/20190903133100_00160.png,876,860,130.7,31.3,964
9/3/2019 13:32,datasets/dataset_cropped/09_Metas/03/13/20190903133200_00160.jpg,datasets_flow/dataset_cropped/09_Metas/03/13/20190903133200_00160.jpg,datasets_cloudmask/dataset_cropped/09_Metas/03/13/20190903133200_00160.png,875,859,131.3,31.4,964
9/3/2019 13:33,datasets/dataset_cropped/09_Metas/03/13/20190903133300_00160.jpg,datasets_flow/dataset_cropped/09_Metas/03/13/20190903133300_00160.jpg,datasets_cloudmask/dataset_cropped/09_Metas/03/13/20190903133300_00160.png,874,858,131.4,31.5,964
9/3/2019 13:34,datasets/dataset_cropped/09_Metas/03/13/20190903133400_00160.jpg,datasets_flow/dataset_cropped/09_Metas/03/13/20190903133400_00160.jpg,datasets_cloudmask/dataset_cropped/09_Metas/03/13/20190903133400_00160.png,874,859,131.6,31.6,964
9/3/2019 13:35,datasets/dataset_cropped/09_Metas/03/13/20190903133500_00160.jpg,datasets_flow/dataset_cropped/09_Metas/03/13/20190903133500_00160.jpg,datasets_cloudmask/dataset_cropped/09_Metas/03/13/20190903133500_00160.png,874,859,131.7,31.5,964
9/3/2019 13:36,datasets/dataset_cropped/09_Metas/03/13/20190903133600_00160.jpg,datasets_flow/dataset_cropped/09_Metas/03/13/20190903133600_00160.jpg,datasets_cloudmask/dataset_cropped/09_Metas/03/13/20190903133600_00160.png,873,859,131.4,31.8,964
9/3/2019 13:37,datasets/dataset_cropped/09_Metas/03/13/20190903133700_00160.jpg,datasets_flow/dataset_cropped/09_Metas/03/13/20190903133700_00160.jpg,datasets_cloudmask/dataset_cropped/09_Metas/03/13/20190903133700_00160.png,872,859,131.2,31.8,964
9/3/2019 13:38,datasets/dataset_cropped/09_Metas/03/13/20190903133800_00160.jpg,datasets_flow/dataset_cropped/09_Metas/03/13/20190903133800_00160.jpg,datasets_cloudmask/dataset_cropped/09_Metas/03/13/20190903133800_00160.png,873,860,131.4,31.6,964
9/3/2019 13:39,datasets/dataset_cropped/09_Metas/03/13/20190903133900_00160.jpg,datasets_flow/dataset_cropped/09_Metas/03/13/20190903133900_00160.jpg,datasets_cloudmask/dataset_cropped/09_Metas/03/13/20190903133900_00160.png,873,861,131.6,31.4,964
9/3/2019 13:40,datasets/dataset_cropped/09_Metas/03/13/20190903134000_00160.jpg,datasets_flow/dataset_cropped/09_Metas/03/13/20190903134000_00160.jpg,datasets_cloudmask/dataset_cropped/09_Metas/03/13/20190903134000_00160.png,873,861,132.1,31.3,964
9/3/2019 13:41,datasets/dataset_cropped/09_Metas/03/13/20190903134100_00160.jpg,datasets_flow/dataset_cropped/09_Metas/03/13/20190903134100_00160.jpg,datasets_cloudmask/dataset_cropped/09_Metas/03/13/20190903134100_00160.png,872,860,131.8,31.4,964
9/3/2019 13:42,datasets/dataset_cropped/09_Metas/03/13/20190903134200_00160.jpg,datasets_flow/dataset_cropped/09_Metas/03/13/20190903134200_00160.jpg,datasets_cloudmask/dataset_cropped/09_Metas/03/13/20190903134200_00160.png,870,859,131.2,31.2,964
9/3/2019 13:43,datasets/dataset_cropped/09_Metas/03/13/20190903134300_00160.jpg,datasets_flow/dataset_cropped/09_Metas/03/13/20190903134300_00160.jpg,datasets_cloudmask/dataset_cropped/09_Metas/03/13/20190903134300_00160.png,870,858,130.4,31.3,964
9/3/2019 13:44,datasets/dataset_cropped/09_Metas/03/13/20190903134400_00160.jpg,datasets_flow/dataset_cropped/09_Metas/03/13/20190903134400_00160.jpg,datasets_cloudmask/dataset_cropped/09_Metas/03/13/20190903134400_00160.png,868,856,130.6,31.5,964
9/3/2019 13:45,datasets/dataset_cropped/09_Metas/03/13/20190903134500_00160.jpg,datasets_flow/dataset_cropped/09_Metas/03/13/20190903134500_00160.jpg,datasets_cloudmask/dataset_cropped/09_Metas/03/13/20190903134500_00160.png,867,855,131.6,31.1,964
9/3/2019 13:46,datasets/dataset_cropped/09_Metas/03/13/20190903134600_00160.jpg,datasets_flow/dataset_cropped/09_Metas/03/13/20190903134600_00160.jpg,datasets_cloudmask/dataset_cropped/09_Metas/03/13/20190903134600_00160.png,866,855,131.5,31.1,964
9/3/2019 13:47,datasets/dataset_cropped/09_Metas/03/13/20190903134700_00160.jpg,datasets_flow/dataset_cropped/09_Metas/03/13/20190903134700_00160.jpg,datasets_cloudmask/dataset_cropped/09_Metas/03/13/20190903134700_00160.png,865,855,131.1,31,964
9/3/2019 13:48,datasets/dataset_cropped/09_Metas/03/13/20190903134800_00160.jpg,datasets_flow/dataset_cropped/09_Metas/03/13/20190903134800_00160.jpg,datasets_cloudmask/dataset_cropped/09_Metas/03/13/20190903134800_00160.png,866,856,131.2,31.3,964
9/3/2019 13:49,datasets/dataset_cropped/09_Metas/03/13/20190903134900_00160.jpg,datasets_flow/dataset_cropped/09_Metas/03/13/20190903134900_00160.jpg,datasets_cloudmask/dataset_cropped/09_Metas/03/13/20190903134900_00160.png,865,856,131.3,31.5,964
9/3/2019 13:50,datasets/dataset_cropped/09_Metas/03/13/20190903135000_00160.jpg,datasets_flow/dataset_cropped/09_Metas/03/13/20190903135000_00160.jpg,datasets_cloudmask/dataset_cropped/09_Metas/03/13/20190903135000_00160.png,864,855,130.9,31.9,964
9/3/2019 13:51,datasets/dataset_cropped/09_Metas/03/13/20190903135100_00160.jpg,datasets_flow/dataset_cropped/09_Metas/03/13/20190903135100_00160.jpg,datasets_cloudmask/dataset_cropped/09_Metas/03/13/20190903135100_00160.png,862,853,130.8,32.1,964
9/3/2019 13:52,datasets/dataset_cropped/09_Metas/03/13/20190903135200_00160.jpg,datasets_flow/dataset_cropped/09_Metas/03/13/20190903135200_00160.jpg,datasets_cloudmask/dataset_cropped/09_Metas/03/13/20190903135200_00160.png,861,853,131,32.5,964
9/3/2019 13:53,datasets/dataset_cropped/09_Metas/03/13/20190903135300_00160.jpg,datasets_flow/dataset_cropped/09_Metas/03/13/20190903135300_00160.jpg,datasets_cloudmask/dataset_cropped/09_Metas/03/13/20190903135300_00160.png,861,853,131.5,32,964
9/3/2019 13:54,datasets/dataset_cropped/09_Metas/03/13/20190903135400_00160.jpg,datasets_flow/dataset_cropped/09_Metas/03/13/20190903135400_00160.jpg,datasets_cloudmask/dataset_cropped/09_Metas/03/13/20190903135400_00160.png,860,854,131.1,31.7,964
9/3/2019 13:55,datasets/dataset_cropped/09_Metas/03/13/20190903135500_00160.jpg,datasets_flow/dataset_cropped/09_Metas/03/13/20190903135500_00160.jpg,datasets_cloudmask/dataset_cropped/09_Metas/03/13/20190903135500_00160.png,859,854,130.6,31.4,964
9/3/2019 13:56,datasets/dataset_cropped/09_Metas/03/13/20190903135600_00160.jpg,datasets_flow/dataset_cropped/09_Metas/03/13/20190903135600_00160.jpg,datasets_cloudmask/dataset_cropped/09_Metas/03/13/20190903135600_00160.png,858,853,130.7,31.3,964
9/3/2019 13:57,datasets/dataset_cropped/09_Metas/03/13/20190903135700_00160.jpg,datasets_flow/dataset_cropped/09_Metas/03/13/20190903135700_00160.jpg,datasets_cloudmask/dataset_cropped/09_Metas/03/13/20190903135700_00160.png,859,855,130.8,31.6,964
9/3/2019 13:58,datasets/dataset_cropped/09_Metas/03/13/20190903135800_00160.jpg,datasets_flow/dataset_cropped/09_Metas/03/13/20190903135800_00160.jpg,datasets_cloudmask/dataset_cropped/09_Metas/03/13/20190903135800_00160.png,859,856,131.3,31.5,964
9/3/2019 13:59,datasets/dataset_cropped/09_Metas/03/13/20190903135900_00160.jpg,datasets_flow/dataset_cropped/09_Metas/03/13/20190903135900_00160.jpg,datasets_cloudmask/dataset_cropped/09_Metas/03/13/20190903135900_00160.png,858,856,130.8,31.6,964
9/3/2019 14:00,datasets/dataset_cropped/09_Metas/03/14/20190903140000_00160.jpg,datasets_flow/dataset_cropped/09_Metas/03/14/20190903140000_00160.jpg,datasets_cloudmask/dataset_cropped/09_Metas/03/14/20190903140000_00160.png,856,855,130.2,31.7,964
9/3/2019 14:01,datasets/dataset_cropped/09_Metas/03/14/20190903140100_00160.jpg,datasets_flow/dataset_cropped/09_Metas/03/14/20190903140100_00160.jpg,datasets_cloudmask/dataset_cropped/09_Metas/03/14/20190903140100_00160.png,855,854,130.1,31.8,964
9/3/2019 14:02,datasets/dataset_cropped/09_Metas/03/14/20190903140200_00160.jpg,datasets_flow/dataset_cropped/09_Metas/03/14/20190903140200_00160.jpg,datasets_cloudmask/dataset_cropped/09_Metas/03/14/20190903140200_00160.png,853,851,131.4,31.8,964
9/3/2019 14:03,datasets/dataset_cropped/09_Metas/03/14/20190903140300_00160.jpg,datasets_flow/dataset_cropped/09_Metas/03/14/20190903140300_00160.jpg,datasets_cloudmask/dataset_cropped/09_Metas/03/14/20190903140300_00160.png,851,851,130.8,31.6,964
9/3/2019 14:04,datasets/dataset_cropped/09_Metas/03/14/20190903140400_00160.jpg,datasets_flow/dataset_cropped/09_Metas/03/14/20190903140400_00160.jpg,datasets_cloudmask/dataset_cropped/09_Metas/03/14/20190903140400_00160.png,850,851,130.4,31.8,964
9/3/2019 14:05,datasets/dataset_cropped/09_Metas/03/14/20190903140500_00160.jpg,datasets_flow/dataset_cropped/09_Metas/03/14/20190903140500_00160.jpg,datasets_cloudmask/dataset_cropped/09_Metas/03/14/20190903140500_00160.png,850,851,130.2,31.9,964
9/3/2019 14:06,datasets/dataset_cropped/09_Metas/03/14/20190903140600_00160.jpg,datasets_flow/dataset_cropped/09_Metas/03/14/20190903140600_00160.jpg,datasets_cloudmask/dataset_cropped/09_Metas/03/14/20190903140600_00160.png,849,851,130.1,32.3,964
9/3/2019 14:07,datasets/dataset_cropped/09_Metas/03/14/20190903140700_00160.jpg,datasets_flow/dataset_cropped/09_Metas/03/14/20190903140700_00160.jpg,datasets_cloudmask/dataset_cropped/09_Metas/03/14/20190903140700_00160.png,848,851,130.3,32.3,964
9/3/2019 14:08,datasets/dataset_cropped/09_Metas/03/14/20190903140800_00160.jpg,datasets_flow/dataset_cropped/09_Metas/03/14/20190903140800_00160.jpg,datasets_cloudmask/dataset_cropped/09_Metas/03/14/20190903140800_00160.png,848,852,130.1,31.9,964
9/3/2019 14:09,datasets/dataset_cropped/09_Metas/03/14/20190903140900_00160.jpg,datasets_flow/dataset_cropped/09_Metas/03/14/20190903140900_00160.jpg,datasets_cloudmask/dataset_cropped/09_Metas/03/14/20190903140900_00160.png,848,852,130.4,31.7,964
9/3/2019 14:10,datasets/dataset_cropped/09_Metas/03/14/20190903141000_00160.jpg,datasets_flow/dataset_cropped/09_Metas/03/14/20190903141000_00160.jpg,datasets_cloudmask/dataset_cropped/09_Metas/03/14/20190903141000_00160.png,847,853,129.8,31.3,964
9/3/2019 14:11,datasets/dataset_cropped/09_Metas/03/14/20190903141100_00160.jpg,datasets_flow/dataset_cropped/09_Metas/03/14/20190903141100_00160.jpg,datasets_cloudmask/dataset_cropped/09_Metas/03/14/20190903141100_00160.png,846,852,129.2,31.2,964
9/3/2019 14:12,datasets/dataset_cropped/09_Metas/03/14/20190903141200_00160.jpg,datasets_flow/dataset_cropped/09_Metas/03/14/20190903141200_00160.jpg,datasets_cloudmask/dataset_cropped/09_Metas/03/14/20190903141200_00160.png,845,851,129.9,31.7,964
9/3/2019 14:13,datasets/dataset_cropped/09_Metas/03/14/20190903141300_00160.jpg,datasets_flow/dataset_cropped/09_Metas/03/14/20190903141300_00160.jpg,datasets_cloudmask/dataset_cropped/09_Metas/03/14/20190903141300_00160.png,845,853,130.2,31.8,964
9/3/2019 14:14,datasets/dataset_cropped/09_Metas/03/14/20190903141400_00160.jpg,datasets_flow/dataset_cropped/09_Metas/03/14/20190903141400_00160.jpg,datasets_cloudmask/dataset_cropped/09_Metas/03/14/20190903141400_00160.png,844,852,130.3,32,964
9/3/2019 14:15,datasets/dataset_cropped/09_Metas/03/14/20190903141500_00160.jpg,datasets_flow/dataset_cropped/09_Metas/03/14/20190903141500_00160.jpg,datasets_cloudmask/dataset_cropped/09_Metas/03/14/20190903141500_00160.png,841,850,130.9,32.1,964
9/3/2019 14:16,datasets/dataset_cropped/09_Metas/03/14/20190903141600_00160.jpg,datasets_flow/dataset_cropped/09_Metas/03/14/20190903141600_00160.jpg,datasets_cloudmask/dataset_cropped/09_Metas/03/14/20190903141600_00160.png,840,849,130.4,31.9,964
9/3/2019 14:17,datasets/dataset_cropped/09_Metas/03/14/20190903141700_00160.jpg,datasets_flow/dataset_cropped/09_Metas/03/14/20190903141700_00160.jpg,datasets_cloudmask/dataset_cropped/09_Metas/03/14/20190903141700_00160.png,839,849,130,31.8,964
9/3/2019 14:18,datasets/dataset_cropped/09_Metas/03/14/20190903141800_00160.jpg,datasets_flow/dataset_cropped/09_Metas/03/14/20190903141800_00160.jpg,datasets_cloudmask/dataset_cropped/09_Metas/03/14/20190903141800_00160.png,838,849,130.1,32.2,964
9/3/2019 14:19,datasets/dataset_cropped/09_Metas/03/14/20190903141900_00160.jpg,datasets_flow/dataset_cropped/09_Metas/03/14/20190903141900_00160.jpg,datasets_cloudmask/dataset_cropped/09_Metas/03/14/20190903141900_00160.png,838,850,129.4,31.9,964
9/3/2019 14:20,datasets/dataset_cropped/09_Metas/03/14/20190903142000_00160.jpg,datasets_flow/dataset_cropped/09_Metas/03/14/20190903142000_00160.jpg,datasets_cloudmask/dataset_cropped/09_Metas/03/14/20190903142000_00160.png,837,849,129.5,31.6,964
9/3/2019 14:21,datasets/dataset_cropped/09_Metas/03/14/20190903142100_00160.jpg,datasets_flow/dataset_cropped/09_Metas/03/14/20190903142100_00160.jpg,datasets_cloudmask/dataset_cropped/09_Metas/03/14/20190903142100_00160.png,836,849,130.4,31.5,964
9/3/2019 14:22,datasets/dataset_cropped/09_Metas/03/14/20190903142200_00160.jpg,datasets_flow/dataset_cropped/09_Metas/03/14/20190903142200_00160.jpg,datasets_cloudmask/dataset_cropped/09_Metas/03/14/20190903142200_00160.png,834,848,130.9,31.3,964
9/3/2019 14:23,datasets/dataset_cropped/09_Metas/03/14/20190903142300_00160.jpg,datasets_flow/dataset_cropped/09_Metas/03/14/20190903142300_00160.jpg,datasets_cloudmask/dataset_cropped/09_Metas/03/14/20190903142300_00160.png,832,847,130.9,31.4,964
9/3/2019 14:24,datasets/dataset_cropped/09_Metas/03/14/20190903142400_00160.jpg,datasets_flow/dataset_cropped/09_Metas/03/14/20190903142400_00160.jpg,datasets_cloudmask/dataset_cropped/09_Metas/03/14/20190903142400_00160.png,830,847,130.2,31.4,964
9/3/2019 14:25,datasets/dataset_cropped/09_Metas/03/14/20190903142500_00160.jpg,datasets_flow/dataset_cropped/09_Metas/03/14/20190903142500_00160.jpg,datasets_cloudmask/dataset_cropped/09_Metas/03/14/20190903142500_00160.png,829,846,129.7,31.4,964
9/3/2019 14:26,datasets/dataset_cropped/09_Metas/03/14/20190903142600_00160.jpg,datasets_flow/dataset_cropped/09_Metas/03/14/20190903142600_00160.jpg,datasets_cloudmask/dataset_cropped/09_Metas/03/14/20190903142600_00160.png,827,844,130.5,31.5,964
9/3/2019 14:27,datasets/dataset_cropped/09_Metas/03/14/20190903142700_00160.jpg,datasets_flow/dataset_cropped/09_Metas/03/14/20190903142700_00160.jpg,datasets_cloudmask/dataset_cropped/09_Metas/03/14/20190903142700_00160.png,826,844,130.3,31.3,964
9/3/2019 14:28,datasets/dataset_cropped/09_Metas/03/14/20190903142800_00160.jpg,datasets_flow/dataset_cropped/09_Metas/03/14/20190903142800_00160.jpg,datasets_cloudmask/dataset_cropped/09_Metas/03/14/20190903142800_00160.png,825,845,129.7,31.4,964
9/3/2019 14:29,datasets/dataset_cropped/09_Metas/03/14/20190903142900_00160.jpg,datasets_flow/dataset_cropped/09_Metas/03/14/20190903142900_00160.jpg,datasets_cloudmask/dataset_cropped/09_Metas/03/14/20190903142900_00160.png,825,845,130.1,31.5,964
9/3/2019 14:30,datasets/dataset_cropped/09_Metas/03/14/20190903143000_00160.jpg,datasets_flow/dataset_cropped/09_Metas/03/14/20190903143000_00160.jpg,datasets_cloudmask/dataset_cropped/09_Metas/03/14/20190903143000_00160.png,822,843,130,31.3,964
9/3/2019 14:31,datasets/dataset_cropped/09_Metas/03/14/20190903143100_00160.jpg,datasets_flow/dataset_cropped/09_Metas/03/14/20190903143100_00160.jpg,datasets_cloudmask/dataset_cropped/09_Metas/03/14/20190903143100_00160.png,819,841,129.7,31.2,964
9/3/2019 14:32,datasets/dataset_cropped/09_Metas/03/14/20190903143200_00160.jpg,datasets_flow/dataset_cropped/09_Metas/03/14/20190903143200_00160.jpg,datasets_cloudmask/dataset_cropped/09_Metas/03/14/20190903143200_00160.png,817,840,129.9,31.6,964
9/3/2019 14:33,datasets/dataset_cropped/09_Metas/03/14/20190903143300_00160.jpg,datasets_flow/dataset_cropped/09_Metas/03/14/20190903143300_00160.jpg,datasets_cloudmask/dataset_cropped/09_Metas/03/14/20190903143300_00160.png,817,841,130.3,31.8,964
9/3/2019 14:34,datasets/dataset_cropped/09_Metas/03/14/20190903143400_00160.jpg,datasets_flow/dataset_cropped/09_Metas/03/14/20190903143400_00160.jpg,datasets_cloudmask/dataset_cropped/09_Metas/03/14/20190903143400_00160.png,816,841,130.5,31.4,964
9/3/2019 14:35,datasets/dataset_cropped/09_Metas/03/14/20190903143500_00160.jpg,datasets_flow/dataset_cropped/09_Metas/03/14/20190903143500_00160.jpg,datasets_cloudmask/dataset_cropped/09_Metas/03/14/20190903143500_00160.png,814,840,130.4,31.1,964
9/3/2019 14:36,datasets/dataset_cropped/09_Metas/03/14/20190903143600_00160.jpg,datasets_flow/dataset_cropped/09_Metas/03/14/20190903143600_00160.jpg,datasets_cloudmask/dataset_cropped/09_Metas/03/14/20190903143600_00160.png,812,838,130.4,31.3,964
9/3/2019 14:37,datasets/dataset_cropped/09_Metas/03/14/20190903143700_00160.jpg,datasets_flow/dataset_cropped/09_Metas/03/14/20190903143700_00160.jpg,datasets_cloudmask/dataset_cropped/09_Metas/03/14/20190903143700_00160.png,808,834,131.5,31.5,964
9/3/2019 14:38,datasets/dataset_cropped/09_Metas/03/14/20190903143800_00160.jpg,datasets_flow/dataset_cropped/09_Metas/03/14/20190903143800_00160.jpg,datasets_cloudmask/dataset_cropped/09_Metas/03/14/20190903143800_00160.png,804,830,131.6,31.7,964
9/3/2019 14:39,datasets/dataset_cropped/09_Metas/03/14/20190903143900_00160.jpg,datasets_flow/dataset_cropped/09_Metas/03/14/20190903143900_00160.jpg,datasets_cloudmask/dataset_cropped/09_Metas/03/14/20190903143900_00160.png,804,831,131.5,32.1,963
9/3/2019 14:40,datasets/dataset_cropped/09_Metas/03/14/20190903144000_00160.jpg,datasets_flow/dataset_cropped/09_Metas/03/14/20190903144000_00160.jpg,datasets_cloudmask/dataset_cropped/09_Metas/03/14/20190903144000_00160.png,803,832,130.6,31.5,963
9/3/2019 14:41,datasets/dataset_cropped/09_Metas/03/14/20190903144100_00160.jpg,datasets_flow/dataset_cropped/09_Metas/03/14/20190903144100_00160.jpg,datasets_cloudmask/dataset_cropped/09_Metas/03/14/20190903144100_00160.png,804,835,129.2,30.9,963
9/3/2019 14:42,datasets/dataset_cropped/09_Metas/03/14/20190903144200_00160.jpg,datasets_flow/dataset_cropped/09_Metas/03/14/20190903144200_00160.jpg,datasets_cloudmask/dataset_cropped/09_Metas/03/14/20190903144200_00160.png,804,838,128.9,30.7,964
9/3/2019 14:43,datasets/dataset_cropped/09_Metas/03/14/20190903144300_00160.jpg,datasets_flow/dataset_cropped/09_Metas/03/14/20190903144300_00160.jpg,datasets_cloudmask/dataset_cropped/09_Metas/03/14/20190903144300_00160.png,804,840,128.1,31,963
9/3/2019 14:44,datasets/dataset_cropped/09_Metas/03/14/20190903144400_00160.jpg,datasets_flow/dataset_cropped/09_Metas/03/14/20190903144400_00160.jpg,datasets_cloudmask/dataset_cropped/09_Metas/03/14/20190903144400_00160.png,804,842,127.8,30.8,963
9/3/2019 14:45,datasets/dataset_cropped/09_Metas/03/14/20190903144500_00160.jpg,datasets_flow/dataset_cropped/09_Metas/03/14/20190903144500_00160.jpg,datasets_cloudmask/dataset_cropped/09_Metas/03/14/20190903144500_00160.png,802,842,126.9,30.7,963
9/3/2019 14:46,datasets/dataset_cropped/09_Metas/03/14/20190903144600_00160.jpg,datasets_flow/dataset_cropped/09_Metas/03/14/20190903144600_00160.jpg,datasets_cloudmask/dataset_cropped/09_Metas/03/14/20190903144600_00160.png,801,842,126.9,30.6,963
9/3/2019 14:47,datasets/dataset_cropped/09_Metas/03/14/20190903144700_00160.jpg,datasets_flow/dataset_cropped/09_Metas/03/14/20190903144700_00160.jpg,datasets_cloudmask/dataset_cropped/09_Metas/03/14/20190903144700_00160.png,798.9,841,127.1,31,963
9/3/2019 14:48,datasets/dataset_cropped/09_Metas/03/14/20190903144800_00160.jpg,datasets_flow/dataset_cropped/09_Metas/03/14/20190903144800_00160.jpg,datasets_cloudmask/dataset_cropped/09_Metas/03/14/20190903144800_00160.png,796.4,840,127.3,31.5,963
9/3/2019 14:49,datasets/dataset_cropped/09_Metas/03/14/20190903144900_00160.jpg,datasets_flow/dataset_cropped/09_Metas/03/14/20190903144900_00160.jpg,datasets_cloudmask/dataset_cropped/09_Metas/03/14/20190903144900_00160.png,793.8,838,127.5,31.6,963
9/3/2019 14:50,datasets/dataset_cropped/09_Metas/03/14/20190903145000_00160.jpg,datasets_flow/dataset_cropped/09_Metas/03/14/20190903145000_00160.jpg,datasets_cloudmask/dataset_cropped/09_Metas/03/14/20190903145000_00160.png,790.5,834,128.6,31.5,963
9/3/2019 14:51,datasets/dataset_cropped/09_Metas/03/14/20190903145100_00160.jpg,datasets_flow/dataset_cropped/09_Metas/03/14/20190903145100_00160.jpg,datasets_cloudmask/dataset_cropped/09_Metas/03/14/20190903145100_00160.png,789.7,835,127.8,30.9,963
9/3/2019 14:52,datasets/dataset_cropped/09_Metas/03/14/20190903145200_00160.jpg,datasets_flow/dataset_cropped/09_Metas/03/14/20190903145200_00160.jpg,datasets_cloudmask/dataset_cropped/09_Metas/03/14/20190903145200_00160.png,787.2,834,127.6,30.9,963
9/3/2019 14:53,datasets/dataset_cropped/09_Metas/03/14/20190903145300_00160.jpg,datasets_flow/dataset_cropped/09_Metas/03/14/20190903145300_00160.jpg,datasets_cloudmask/dataset_cropped/09_Metas/03/14/20190903145300_00160.png,784.9,832,128,31.1,963
9/3/2019 14:54,datasets/dataset_cropped/09_Metas/03/14/20190903145400_00160.jpg,datasets_flow/dataset_cropped/09_Metas/03/14/20190903145400_00160.jpg,datasets_cloudmask/dataset_cropped/09_Metas/03/14/20190903145400_00160.png,783.1,832,127.2,31.1,963
9/3/2019 14:55,datasets/dataset_cropped/09_Metas/03/14/20190903145500_00160.jpg,datasets_flow/dataset_cropped/09_Metas/03/14/20190903145500_00160.jpg,datasets_cloudmask/dataset_cropped/09_Metas/03/14/20190903145500_00160.png,782.2,833,127.1,31.2,963
9/3/2019 14:56,datasets/dataset_cropped/09_Metas/03/14/20190903145600_00160.jpg,datasets_flow/dataset_cropped/09_Metas/03/14/20190903145600_00160.jpg,datasets_cloudmask/dataset_cropped/09_Metas/03/14/20190903145600_00160.png,781.8,834,126.7,31,963
9/3/2019 14:57,datasets/dataset_cropped/09_Metas/03/14/20190903145700_00160.jpg,datasets_flow/dataset_cropped/09_Metas/03/14/20190903145700_00160.jpg,datasets_cloudmask/dataset_cropped/09_Metas/03/14/20190903145700_00160.png,780.9,835,126.7,31.1,963
9/3/2019 14:58,datasets/dataset_cropped/09_Metas/03/14/20190903145800_00160.jpg,datasets_flow/dataset_cropped/09_Metas/03/14/20190903145800_00160.jpg,datasets_cloudmask/dataset_cropped/09_Metas/03/14/20190903145800_00160.png,778.6,834,126.1,31.7,963
9/3/2019 14:59,datasets/dataset_cropped/09_Metas/03/14/20190903145900_00160.jpg,datasets_flow/dataset_cropped/09_Metas/03/14/20190903145900_00160.jpg,datasets_cloudmask/dataset_cropped/09_Metas/03/14/20190903145900_00160.png,776.7,833,125.7,32.5,963
9/3/2019 15:00,datasets/dataset_cropped/09_Metas/03/15/20190903150000_00160.jpg,datasets_flow/dataset_cropped/09_Metas/03/15/20190903150000_00160.jpg,datasets_cloudmask/dataset_cropped/09_Metas/03/15/20190903150000_00160.png,775.1,833,126.4,32.6,963
9/3/2019 15:01,datasets/dataset_cropped/09_Metas/03/15/20190903150100_00160.jpg,datasets_flow/dataset_cropped/09_Metas/03/15/20190903150100_00160.jpg,datasets_cloudmask/dataset_cropped/09_Metas/03/15/20190903150100_00160.png,772.8,832,126.3,32,963
9/3/2019 15:02,datasets/dataset_cropped/09_Metas/03/15/20190903150200_00160.jpg,datasets_flow/dataset_cropped/09_Metas/03/15/20190903150200_00160.jpg,datasets_cloudmask/dataset_cropped/09_Metas/03/15/20190903150200_00160.png,771,832,126.4,31.8,963
9/3/2019 15:03,datasets/dataset_cropped/09_Metas/03/15/20190903150300_00160.jpg,datasets_flow/dataset_cropped/09_Metas/03/15/20190903150300_00160.jpg,datasets_cloudmask/dataset_cropped/09_Metas/03/15/20190903150300_00160.png,769.5,831,125.8,31.9,963
9/3/2019 15:04,datasets/dataset_cropped/09_Metas/03/15/20190903150400_00160.jpg,datasets_flow/dataset_cropped/09_Metas/03/15/20190903150400_00160.jpg,datasets_cloudmask/dataset_cropped/09_Metas/03/15/20190903150400_00160.png,767.3,830,126,31.5,963
9/3/2019 15:05,datasets/dataset_cropped/09_Metas/03/15/20190903150500_00160.jpg,datasets_flow/dataset_cropped/09_Metas/03/15/20190903150500_00160.jpg,datasets_cloudmask/dataset_cropped/09_Metas/03/15/20190903150500_00160.png,765.5,829,126.2,31.5,963
9/3/2019 15:06,datasets/dataset_cropped/09_Metas/03/15/20190903150600_00160.jpg,datasets_flow/dataset_cropped/09_Metas/03/15/20190903150600_00160.jpg,datasets_cloudmask/dataset_cropped/09_Metas/03/15/20190903150600_00160.png,763.9,828,126.6,32,963
9/3/2019 15:07,datasets/dataset_cropped/09_Metas/03/15/20190903150700_00160.jpg,datasets_flow/dataset_cropped/09_Metas/03/15/20190903150700_00160.jpg,datasets_cloudmask/dataset_cropped/09_Metas/03/15/20190903150700_00160.png,762.8,829,126.1,32.1,963
9/3/2019 15:08,datasets/dataset_cropped/09_Metas/03/15/20190903150800_00160.jpg,datasets_flow/dataset_cropped/09_Metas/03/15/20190903150800_00160.jpg,datasets_cloudmask/dataset_cropped/09_Metas/03/15/20190903150800_00160.png,761.6,829,125.9,31.4,963
9/3/2019 15:09,datasets/dataset_cropped/09_Metas/03/15/20190903150900_00160.jpg,datasets_flow/dataset_cropped/09_Metas/03/15/20190903150900_00160.jpg,datasets_cloudmask/dataset_cropped/09_Metas/03/15/20190903150900_00160.png,759.3,828,125.8,31.3,963
9/3/2019 15:10,datasets/dataset_cropped/09_Metas/03/15/20190903151000_00160.jpg,datasets_flow/dataset_cropped/09_Metas/03/15/20190903151000_00160.jpg,datasets_cloudmask/dataset_cropped/09_Metas/03/15/20190903151000_00160.png,757.7,827,126.2,30.9,963
9/3/2019 15:11,datasets/dataset_cropped/09_Metas/03/15/20190903151100_00160.jpg,datasets_flow/dataset_cropped/09_Metas/03/15/20190903151100_00160.jpg,datasets_cloudmask/dataset_cropped/09_Metas/03/15/20190903151100_00160.png,755.1,825,126.3,31,963
9/3/2019 15:12,datasets/dataset_cropped/09_Metas/03/15/20190903151200_00160.jpg,datasets_flow/dataset_cropped/09_Metas/03/15/20190903151200_00160.jpg,datasets_cloudmask/dataset_cropped/09_Metas/03/15/20190903151200_00160.png,752.4,825,126.4,31.3,963
9/3/2019 15:13,datasets/dataset_cropped/09_Metas/03/15/20190903151300_00160.jpg,datasets_flow/dataset_cropped/09_Metas/03/15/20190903151300_00160.jpg,datasets_cloudmask/dataset_cropped/09_Metas/03/15/20190903151300_00160.png,749.1,822,126.1,30.9,963
9/3/2019 15:14,datasets/dataset_cropped/09_Metas/03/15/20190903151400_00160.jpg,datasets_flow/dataset_cropped/09_Metas/03/15/20190903151400_00160.jpg,datasets_cloudmask/dataset_cropped/09_Metas/03/15/20190903151400_00160.png,746.3,820,125.9,31.3,963
9/3/2019 15:15,datasets/dataset_cropped/09_Metas/03/15/20190903151500_00160.jpg,datasets_flow/dataset_cropped/09_Metas/03/15/20190903151500_00160.jpg,datasets_cloudmask/dataset_cropped/09_Metas/03/15/20190903151500_00160.png,744.4,819,126.2,31.3,963
9/3/2019 15:16,datasets/dataset_cropped/09_Metas/03/15/20190903151600_00160.jpg,datasets_flow/dataset_cropped/09_Metas/03/15/20190903151600_00160.jpg,datasets_cloudmask/dataset_cropped/09_Metas/03/15/20190903151600_00160.png,742.7,818,126.3,31.3,963
9/3/2019 15:17,datasets/dataset_cropped/09_Metas/03/15/20190903151700_00160.jpg,datasets_flow/dataset_cropped/09_Metas/03/15/20190903151700_00160.jpg,datasets_cloudmask/dataset_cropped/09_Metas/03/15/20190903151700_00160.png,741.7,817,127.6,31.2,963
9/3/2019 15:18,datasets/dataset_cropped/09_Metas/03/15/20190903151800_00160.jpg,datasets_flow/dataset_cropped/09_Metas/03/15/20190903151800_00160.jpg,datasets_cloudmask/dataset_cropped/09_Metas/03/15/20190903151800_00160.png,737.8,813,128.4,31,963
9/3/2019 15:19,datasets/dataset_cropped/09_Metas/03/15/20190903151900_00160.jpg,datasets_flow/dataset_cropped/09_Metas/03/15/20190903151900_00160.jpg,datasets_cloudmask/dataset_cropped/09_Metas/03/15/20190903151900_00160.png,733.4,808,129.1,30.9,963
9/3/2019 15:20,datasets/dataset_cropped/09_Metas/03/15/20190903152000_00160.jpg,datasets_flow/dataset_cropped/09_Metas/03/15/20190903152000_00160.jpg,datasets_cloudmask/dataset_cropped/09_Metas/03/15/20190903152000_00160.png,730.3,806,129.3,30.8,963
9/3/2019 15:21,datasets/dataset_cropped/09_Metas/03/15/20190903152100_00160.jpg,datasets_flow/dataset_cropped/09_Metas/03/15/20190903152100_00160.jpg,datasets_cloudmask/dataset_cropped/09_Metas/03/15/20190903152100_00160.png,730.5,808,128.9,30.7,963
9/3/2019 15:22,datasets/dataset_cropped/09_Metas/03/15/20190903152200_00160.jpg,datasets_flow/dataset_cropped/09_Metas/03/15/20190903152200_00160.jpg,datasets_cloudmask/dataset_cropped/09_Metas/03/15/20190903152200_00160.png,729.7,810,128.7,30.9,963
9/3/2019 15:23,datasets/dataset_cropped/09_Metas/03/15/20190903152300_00160.jpg,datasets_flow/dataset_cropped/09_Metas/03/15/20190903152300_00160.jpg,datasets_cloudmask/dataset_cropped/09_Metas/03/15/20190903152300_00160.png,728.3,810,129.4,31.2,963
9/3/2019 15:24,datasets/dataset_cropped/09_Metas/03/15/20190903152400_00160.jpg,datasets_flow/dataset_cropped/09_Metas/03/15/20190903152400_00160.jpg,datasets_cloudmask/dataset_cropped/09_Metas/03/15/20190903152400_00160.png,726.1,809,128.9,31.1,963
9/3/2019 15:25,datasets/dataset_cropped/09_Metas/03/15/20190903152500_00160.jpg,datasets_flow/dataset_cropped/09_Metas/03/15/20190903152500_00160.jpg,datasets_cloudmask/dataset_cropped/09_Metas/03/15/20190903152500_00160.png,722.3,806,128.6,31.2,963
9/3/2019 15:26,datasets/dataset_cropped/09_Metas/03/15/20190903152600_00160.jpg,datasets_flow/dataset_cropped/09_Metas/03/15/20190903152600_00160.jpg,datasets_cloudmask/dataset_cropped/09_Metas/03/15/20190903152600_00160.png,718.3,803,128.2,31.3,963
9/3/2019 15:27,datasets/dataset_cropped/09_Metas/03/15/20190903152700_00160.jpg,datasets_flow/dataset_cropped/09_Metas/03/15/20190903152700_00160.jpg,datasets_cloudmask/dataset_cropped/09_Metas/03/15/20190903152700_00160.png,714.8,801,127.9,31.5,963
9/3/2019 15:28,datasets/dataset_cropped/09_Metas/03/15/20190903152800_00160.jpg,datasets_flow/dataset_cropped/09_Metas/03/15/20190903152800_00160.jpg,datasets_cloudmask/dataset_cropped/09_Metas/03/15/20190903152800_00160.png,712.8,799.4,128,31.3,963
9/3/2019 15:29,datasets/dataset_cropped/09_Metas/03/15/20190903152900_00160.jpg,datasets_flow/dataset_cropped/09_Metas/03/15/20190903152900_00160.jpg,datasets_cloudmask/dataset_cropped/09_Metas/03/15/20190903152900_00160.png,710.4,797.9,128.3,31.3,963
9/3/2019 15:30,datasets/dataset_cropped/09_Metas/03/15/20190903153000_00160.jpg,datasets_flow/dataset_cropped/09_Metas/03/15/20190903153000_00160.jpg,datasets_cloudmask/dataset_cropped/09_Metas/03/15/20190903153000_00160.png,708,797.2,128.8,31.5,963
9/3/2019 15:31,datasets/dataset_cropped/09_Metas/03/15/20190903153100_00160.jpg,datasets_flow/dataset_cropped/09_Metas/03/15/20190903153100_00160.jpg,datasets_cloudmask/dataset_cropped/09_Metas/03/15/20190903153100_00160.png,705,796.4,129.2,31.3,963
9/3/2019 15:32,datasets/dataset_cropped/09_Metas/03/15/20190903153200_00160.jpg,datasets_flow/dataset_cropped/09_Metas/03/15/20190903153200_00160.jpg,datasets_cloudmask/dataset_cropped/09_Metas/03/15/20190903153200_00160.png,700.8,792.7,129.2,31.1,963
9/3/2019 15:33,datasets/dataset_cropped/09_Metas/03/15/20190903153300_00160.jpg,datasets_flow/dataset_cropped/09_Metas/03/15/20190903153300_00160.jpg,datasets_cloudmask/dataset_cropped/09_Metas/03/15/20190903153300_00160.png,696.6,788.5,129.1,31.1,963
9/3/2019 15:34,datasets/dataset_cropped/09_Metas/03/15/20190903153400_00160.jpg,datasets_flow/dataset_cropped/09_Metas/03/15/20190903153400_00160.jpg,datasets_cloudmask/dataset_cropped/09_Metas/03/15/20190903153400_00160.png,693.4,786,128.7,31.1,963
9/3/2019 15:35,datasets/dataset_cropped/09_Metas/03/15/20190903153500_00160.jpg,datasets_flow/dataset_cropped/09_Metas/03/15/20190903153500_00160.jpg,datasets_cloudmask/dataset_cropped/09_Metas/03/15/20190903153500_00160.png,691.5,785.4,128.2,31.1,963
9/3/2019 15:36,datasets/dataset_cropped/09_Metas/03/15/20190903153600_00160.jpg,datasets_flow/dataset_cropped/09_Metas/03/15/20190903153600_00160.jpg,datasets_cloudmask/dataset_cropped/09_Metas/03/15/20190903153600_00160.png,689.7,785.5,128,30.9,963
9/3/2019 15:37,datasets/dataset_cropped/09_Metas/03/15/20190903153700_00160.jpg,datasets_flow/dataset_cropped/09_Metas/03/15/20190903153700_00160.jpg,datasets_cloudmask/dataset_cropped/09_Metas/03/15/20190903153700_00160.png,689.1,786.7,128.3,30.9,963
9/3/2019 15:38,datasets/dataset_cropped/09_Metas/03/15/20190903153800_00160.jpg,datasets_flow/dataset_cropped/09_Metas/03/15/20190903153800_00160.jpg,datasets_cloudmask/dataset_cropped/09_Metas/03/15/20190903153800_00160.png,687.4,786.3,128.4,30.9,963
9/3/2019 15:39,datasets/dataset_cropped/09_Metas/03/15/20190903153900_00160.jpg,datasets_flow/dataset_cropped/09_Metas/03/15/20190903153900_00160.jpg,datasets_cloudmask/dataset_cropped/09_Metas/03/15/20190903153900_00160.png,685.8,785.8,128.5,31.2,963
9/3/2019 15:40,datasets/dataset_cropped/09_Metas/03/15/20190903154000_00160.jpg,datasets_flow/dataset_cropped/09_Metas/03/15/20190903154000_00160.jpg,datasets_cloudmask/dataset_cropped/09_Metas/03/15/20190903154000_00160.png,683.1,784.3,128.8,31.2,963
9/3/2019 15:41,datasets/dataset_cropped/09_Metas/03/15/20190903154100_00160.jpg,datasets_flow/dataset_cropped/09_Metas/03/15/20190903154100_00160.jpg,datasets_cloudmask/dataset_cropped/09_Metas/03/15/20190903154100_00160.png,680.7,782.5,129.4,31,963
9/3/2019 15:42,datasets/dataset_cropped/09_Metas/03/15/20190903154200_00160.jpg,datasets_flow/dataset_cropped/09_Metas/03/15/20190903154200_00160.jpg,datasets_cloudmask/dataset_cropped/09_Metas/03/15/20190903154200_00160.png,678.9,782.1,129.7,31.4,963
9/3/2019 15:43,datasets/dataset_cropped/09_Metas/03/15/20190903154300_00160.jpg,datasets_flow/dataset_cropped/09_Metas/03/15/20190903154300_00160.jpg,datasets_cloudmask/dataset_cropped/09_Metas/03/15/20190903154300_00160.png,677.5,781.9,130.6,31.4,963
9/3/2019 15:44,datasets/dataset_cropped/09_Metas/03/15/20190903154400_00160.jpg,datasets_flow/dataset_cropped/09_Metas/03/15/20190903154400_00160.jpg,datasets_cloudmask/dataset_cropped/09_Metas/03/15/20190903154400_00160.png,674.7,780.2,131,31.6,963
9/3/2019 15:45,datasets/dataset_cropped/09_Metas/03/15/20190903154500_00160.jpg,datasets_flow/dataset_cropped/09_Metas/03/15/20190903154500_00160.jpg,datasets_cloudmask/dataset_cropped/09_Metas/03/15/20190903154500_00160.png,672,779.3,130.5,31.3,963
9/3/2019 15:46,datasets/dataset_cropped/09_Metas/03/15/20190903154600_00160.jpg,datasets_flow/dataset_cropped/09_Metas/03/15/20190903154600_00160.jpg,datasets_cloudmask/dataset_cropped/09_Metas/03/15/20190903154600_00160.png,668.3,777.3,129.7,31.1,963
9/3/2019 15:47,datasets/dataset_cropped/09_Metas/03/15/20190903154700_00160.jpg,datasets_flow/dataset_cropped/09_Metas/03/15/20190903154700_00160.jpg,datasets_cloudmask/dataset_cropped/09_Metas/03/15/20190903154700_00160.png,664.9,775.8,128.6,31.2,963
9/3/2019 15:48,datasets/dataset_cropped/09_Metas/03/15/20190903154800_00160.jpg,datasets_flow/dataset_cropped/09_Metas/03/15/20190903154800_00160.jpg,datasets_cloudmask/dataset_cropped/09_Metas/03/15/20190903154800_00160.png,663.1,776.1,128.1,30.9,963
9/3/2019 15:49,datasets/dataset_cropped/09_Metas/03/15/20190903154900_00160.jpg,datasets_flow/dataset_cropped/09_Metas/03/15/20190903154900_00160.jpg,datasets_cloudmask/dataset_cropped/09_Metas/03/15/20190903154900_00160.png,661.5,778.8,126.4,31,963
9/3/2019 15:50,datasets/dataset_cropped/09_Metas/03/15/20190903155000_00160.jpg,datasets_flow/dataset_cropped/09_Metas/03/15/20190903155000_00160.jpg,datasets_cloudmask/dataset_cropped/09_Metas/03/15/20190903155000_00160.png,657.7,776.6,125.8,31.4,963
9/3/2019 15:51,datasets/dataset_cropped/09_Metas/03/15/20190903155100_00160.jpg,datasets_flow/dataset_cropped/09_Metas/03/15/20190903155100_00160.jpg,datasets_cloudmask/dataset_cropped/09_Metas/03/15/20190903155100_00160.png,654.6,775.3,125.7,31.6,963
9/3/2019 15:52,datasets/dataset_cropped/09_Metas/03/15/20190903155200_00160.jpg,datasets_flow/dataset_cropped/09_Metas/03/15/20190903155200_00160.jpg,datasets_cloudmask/dataset_cropped/09_Metas/03/15/20190903155200_00160.png,653.5,777.2,125.2,31.1,963
9/3/2019 15:53,datasets/dataset_cropped/09_Metas/03/15/20190903155300_00160.jpg,datasets_flow/dataset_cropped/09_Metas/03/15/20190903155300_00160.jpg,datasets_cloudmask/dataset_cropped/09_Metas/03/15/20190903155300_00160.png,650.5,774.9,124.8,30.7,963
9/3/2019 15:54,datasets/dataset_cropped/09_Metas/03/15/20190903155400_00160.jpg,datasets_flow/dataset_cropped/09_Metas/03/15/20190903155400_00160.jpg,datasets_cloudmask/dataset_cropped/09_Metas/03/15/20190903155400_00160.png,644.2,767.6,125.1,30.4,963
9/3/2019 15:55,datasets/dataset_cropped/09_Metas/03/15/20190903155500_00160.jpg,datasets_flow/dataset_cropped/09_Metas/03/15/20190903155500_00160.jpg,datasets_cloudmask/dataset_cropped/09_Metas/03/15/20190903155500_00160.png,639.3,763.1,125.2,30.5,963
9/3/2019 15:56,datasets/dataset_cropped/09_Metas/03/15/20190903155600_00160.jpg,datasets_flow/dataset_cropped/09_Metas/03/15/20190903155600_00160.jpg,datasets_cloudmask/dataset_cropped/09_Metas/03/15/20190903155600_00160.png,637.3,762.6,125.5,30.7,963
9/3/2019 15:57,datasets/dataset_cropped/09_Metas/03/15/20190903155700_00160.jpg,datasets_flow/dataset_cropped/09_Metas/03/15/20190903155700_00160.jpg,datasets_cloudmask/dataset_cropped/09_Metas/03/15/20190903155700_00160.png,636.9,764.1,125.6,31.3,963
9/3/2019 15:58,datasets/dataset_cropped/09_Metas/03/15/20190903155800_00160.jpg,datasets_flow/dataset_cropped/09_Metas/03/15/20190903155800_00160.jpg,datasets_cloudmask/dataset_cropped/09_Metas/03/15/20190903155800_00160.png,635.9,764.6,126.1,31.6,963
9/3/2019 15:59,datasets/dataset_cropped/09_Metas/03/15/20190903155900_00160.jpg,datasets_flow/dataset_cropped/09_Metas/03/15/20190903155900_00160.jpg,datasets_cloudmask/dataset_cropped/09_Metas/03/15/20190903155900_00160.png,633.2,763.4,125.8,31.4,963
9/3/2019 16:00,datasets/dataset_cropped/09_Metas/03/16/20190903160000_00160.jpg,datasets_flow/dataset_cropped/09_Metas/03/16/20190903160000_00160.jpg,datasets_cloudmask/dataset_cropped/09_Metas/03/16/20190903160000_00160.png,630.5,762.4,125.5,31.1,963
9/3/2019 16:01,datasets/dataset_cropped/09_Metas/03/16/20190903160100_00160.jpg,datasets_flow/dataset_cropped/09_Metas/03/16/20190903160100_00160.jpg,datasets_cloudmask/dataset_cropped/09_Metas/03/16/20190903160100_00160.png,627.6,760.8,124.9,30.9,963
9/3/2019 16:02,datasets/dataset_cropped/09_Metas/03/16/20190903160200_00160.jpg,datasets_flow/dataset_cropped/09_Metas/03/16/20190903160200_00160.jpg,datasets_cloudmask/dataset_cropped/09_Metas/03/16/20190903160200_00160.png,625.1,759.8,124.2,30.7,963
9/3/2019 16:03,datasets/dataset_cropped/09_Metas/03/16/20190903160300_00160.jpg,datasets_flow/dataset_cropped/09_Metas/03/16/20190903160300_00160.jpg,datasets_cloudmask/dataset_cropped/09_Metas/03/16/20190903160300_00160.png,623.3,759,124.4,30.8,963
9/3/2019 16:04,datasets/dataset_cropped/09_Metas/03/16/20190903160400_00160.jpg,datasets_flow/dataset_cropped/09_Metas/03/16/20190903160400_00160.jpg,datasets_cloudmask/dataset_cropped/09_Metas/03/16/20190903160400_00160.png,619.7,756.3,124.8,30.9,963
9/3/2019 16:05,datasets/dataset_cropped/09_Metas/03/16/20190903160500_00160.jpg,datasets_flow/dataset_cropped/09_Metas/03/16/20190903160500_00160.jpg,datasets_cloudmask/dataset_cropped/09_Metas/03/16/20190903160500_00160.png,617.7,756.4,124.1,30.9,963
9/3/2019 16:06,datasets/dataset_cropped/09_Metas/03/16/20190903160600_00160.jpg,datasets_flow/dataset_cropped/09_Metas/03/16/20190903160600_00160.jpg,datasets_cloudmask/dataset_cropped/09_Metas/03/16/20190903160600_00160.png,615.8,756,125.1,31.1,963
9/3/2019 16:07,datasets/dataset_cropped/09_Metas/03/16/20190903160700_00160.jpg,datasets_flow/dataset_cropped/09_Metas/03/16/20190903160700_00160.jpg,datasets_cloudmask/dataset_cropped/09_Metas/03/16/20190903160700_00160.png,613,754.7,124.8,30.9,963
9/3/2019 16:08,datasets/dataset_cropped/09_Metas/03/16/20190903160800_00160.jpg,datasets_flow/dataset_cropped/09_Metas/03/16/20190903160800_00160.jpg,datasets_cloudmask/dataset_cropped/09_Metas/03/16/20190903160800_00160.png,610.1,753.3,124.7,30.9,963
9/3/2019 16:09,datasets/dataset_cropped/09_Metas/03/16/20190903160900_00160.jpg,datasets_flow/dataset_cropped/09_Metas/03/16/20190903160900_00160.jpg,datasets_cloudmask/dataset_cropped/09_Metas/03/16/20190903160900_00160.png,606.2,750.6,124.4,31.2,963
9/3/2019 16:10,datasets/dataset_cropped/09_Metas/03/16/20190903161000_00160.jpg,datasets_flow/dataset_cropped/09_Metas/03/16/20190903161000_00160.jpg,datasets_cloudmask/dataset_cropped/09_Metas/03/16/20190903161000_00160.png,602.7,748.5,123.9,31.2,963
9/3/2019 16:11,datasets/dataset_cropped/09_Metas/03/16/20190903161100_00160.jpg,datasets_flow/dataset_cropped/09_Metas/03/16/20190903161100_00160.jpg,datasets_cloudmask/dataset_cropped/09_Metas/03/16/20190903161100_00160.png,600.1,747.1,123.7,31,963
9/3/2019 16:12,datasets/dataset_cropped/09_Metas/03/16/20190903161200_00160.jpg,datasets_flow/dataset_cropped/09_Metas/03/16/20190903161200_00160.jpg,datasets_cloudmask/dataset_cropped/09_Metas/03/16/20190903161200_00160.png,597.5,744.6,124.4,30.7,963
9/3/2019 16:13,datasets/dataset_cropped/09_Metas/03/16/20190903161300_00160.jpg,datasets_flow/dataset_cropped/09_Metas/03/16/20190903161300_00160.jpg,datasets_cloudmask/dataset_cropped/09_Metas/03/16/20190903161300_00160.png,594.2,739.9,126.3,31,963
9/3/2019 16:14,datasets/dataset_cropped/09_Metas/03/16/20190903161400_00160.jpg,datasets_flow/dataset_cropped/09_Metas/03/16/20190903161400_00160.jpg,datasets_cloudmask/dataset_cropped/09_Metas/03/16/20190903161400_00160.png,589.4,735.7,125.9,31,963
9/3/2019 16:15,datasets/dataset_cropped/09_Metas/03/16/20190903161500_00160.jpg,datasets_flow/dataset_cropped/09_Metas/03/16/20190903161500_00160.jpg,datasets_cloudmask/dataset_cropped/09_Metas/03/16/20190903161500_00160.png,588.2,738.1,124.7,30.7,963
9/3/2019 16:16,datasets/dataset_cropped/09_Metas/03/16/20190903161600_00160.jpg,datasets_flow/dataset_cropped/09_Metas/03/16/20190903161600_00160.jpg,datasets_cloudmask/dataset_cropped/09_Metas/03/16/20190903161600_00160.png,586.7,739.1,124.3,30.7,963
9/3/2019 16:17,datasets/dataset_cropped/09_Metas/03/16/20190903161700_00160.jpg,datasets_flow/dataset_cropped/09_Metas/03/16/20190903161700_00160.jpg,datasets_cloudmask/dataset_cropped/09_Metas/03/16/20190903161700_00160.png,584.6,740,123.9,30.4,963
9/3/2019 16:18,datasets/dataset_cropped/09_Metas/03/16/20190903161800_00160.jpg,datasets_flow/dataset_cropped/09_Metas/03/16/20190903161800_00160.jpg,datasets_cloudmask/dataset_cropped/09_Metas/03/16/20190903161800_00160.png,581.7,740.1,123.1,30.5,963
9/3/2019 16:19,datasets/dataset_cropped/09_Metas/03/16/20190903161900_00160.jpg,datasets_flow/dataset_cropped/09_Metas/03/16/20190903161900_00160.jpg,datasets_cloudmask/dataset_cropped/09_Metas/03/16/20190903161900_00160.png,578,738.4,122.1,30.6,963
9/3/2019 16:20,datasets/dataset_cropped/09_Metas/03/16/20190903162000_00160.jpg,datasets_flow/dataset_cropped/09_Metas/03/16/20190903162000_00160.jpg,datasets_cloudmask/dataset_cropped/09_Metas/03/16/20190903162000_00160.png,575.9,737.8,122.1,30.5,963
9/3/2019 16:21,datasets/dataset_cropped/09_Metas/03/16/20190903162100_00160.jpg,datasets_flow/dataset_cropped/09_Metas/03/16/20190903162100_00160.jpg,datasets_cloudmask/dataset_cropped/09_Metas/03/16/20190903162100_00160.png,573,735.2,122.6,30.4,963
9/3/2019 16:22,datasets/dataset_cropped/09_Metas/03/16/20190903162200_00160.jpg,datasets_flow/dataset_cropped/09_Metas/03/16/20190903162200_00160.jpg,datasets_cloudmask/dataset_cropped/09_Metas/03/16/20190903162200_00160.png,571.3,734.1,123.9,30.3,963
9/3/2019 16:23,datasets/dataset_cropped/09_Metas/03/16/20190903162300_00160.jpg,datasets_flow/dataset_cropped/09_Metas/03/16/20190903162300_00160.jpg,datasets_cloudmask/dataset_cropped/09_Metas/03/16/20190903162300_00160.png,568.9,733.5,124.6,30.5,963
9/3/2019 16:24,datasets/dataset_cropped/09_Metas/03/16/20190903162400_00160.jpg,datasets_flow/dataset_cropped/09_Metas/03/16/20190903162400_00160.jpg,datasets_cloudmask/dataset_cropped/09_Metas/03/16/20190903162400_00160.png,565,731.7,123.4,30.5,963
9/3/2019 16:25,datasets/dataset_cropped/09_Metas/03/16/20190903162500_00160.jpg,datasets_flow/dataset_cropped/09_Metas/03/16/20190903162500_00160.jpg,datasets_cloudmask/dataset_cropped/09_Metas/03/16/20190903162500_00160.png,562.5,729.9,123.4,29.9,963
9/3/2019 16:26,datasets/dataset_cropped/09_Metas/03/16/20190903162600_00160.jpg,datasets_flow/dataset_cropped/09_Metas/03/16/20190903162600_00160.jpg,datasets_cloudmask/dataset_cropped/09_Metas/03/16/20190903162600_00160.png,559.7,728.3,123.7,30.1,963
9/3/2019 16:27,datasets/dataset_cropped/09_Metas/03/16/20190903162700_00160.jpg,datasets_flow/dataset_cropped/09_Metas/03/16/20190903162700_00160.jpg,datasets_cloudmask/dataset_cropped/09_Metas/03/16/20190903162700_00160.png,556.1,726,123.4,30,963
9/3/2019 16:28,datasets/dataset_cropped/09_Metas/03/16/20190903162800_00160.jpg,datasets_flow/dataset_cropped/09_Metas/03/16/20190903162800_00160.jpg,datasets_cloudmask/dataset_cropped/09_Metas/03/16/20190903162800_00160.png,551.7,721.8,122.9,30.1,963
9/3/2019 16:29,datasets/dataset_cropped/09_Metas/03/16/20190903162900_00160.jpg,datasets_flow/dataset_cropped/09_Metas/03/16/20190903162900_00160.jpg,datasets_cloudmask/dataset_cropped/09_Metas/03/16/20190903162900_00160.png,548.6,720.4,122.2,30.4,963
9/3/2019 16:30,datasets/dataset_cropped/09_Metas/03/16/20190903163000_00160.jpg,datasets_flow/dataset_cropped/09_Metas/03/16/20190903163000_00160.jpg,datasets_cloudmask/dataset_cropped/09_Metas/03/16/20190903163000_00160.png,546.4,720.1,121.8,30.1,963
9/3/2019 16:31,datasets/dataset_cropped/09_Metas/03/16/20190903163100_00160.jpg,datasets_flow/dataset_cropped/09_Metas/03/16/20190903163100_00160.jpg,datasets_cloudmask/dataset_cropped/09_Metas/03/16/20190903163100_00160.png,545,721.9,121.3,29.9,963
9/3/2019 16:32,datasets/dataset_cropped/09_Metas/03/16/20190903163200_00160.jpg,datasets_flow/dataset_cropped/09_Metas/03/16/20190903163200_00160.jpg,datasets_cloudmask/dataset_cropped/09_Metas/03/16/20190903163200_00160.png,543.5,723,121.3,29.8,963
9/3/2019 16:33,datasets/dataset_cropped/09_Metas/03/16/20190903163300_00160.jpg,datasets_flow/dataset_cropped/09_Metas/03/16/20190903163300_00160.jpg,datasets_cloudmask/dataset_cropped/09_Metas/03/16/20190903163300_00160.png,541.7,722.3,122,29.8,963
9/3/2019 16:34,datasets/dataset_cropped/09_Metas/03/16/20190903163400_00160.jpg,datasets_flow/dataset_cropped/09_Metas/03/16/20190903163400_00160.jpg,datasets_cloudmask/dataset_cropped/09_Metas/03/16/20190903163400_00160.png,538.3,719,122.8,29.5,963
9/3/2019 16:35,datasets/dataset_cropped/09_Metas/03/16/20190903163500_00160.jpg,datasets_flow/dataset_cropped/09_Metas/03/16/20190903163500_00160.jpg,datasets_cloudmask/dataset_cropped/09_Metas/03/16/20190903163500_00160.png,534.9,716.3,122.6,29.8,963
9/3/2019 16:36,datasets/dataset_cropped/09_Metas/03/16/20190903163600_00160.jpg,datasets_flow/dataset_cropped/09_Metas/03/16/20190903163600_00160.jpg,datasets_cloudmask/dataset_cropped/09_Metas/03/16/20190903163600_00160.png,532.6,715.4,122.9,30.1,963
9/3/2019 16:37,datasets/dataset_cropped/09_Metas/03/16/20190903163700_00160.jpg,datasets_flow/dataset_cropped/09_Metas/03/16/20190903163700_00160.jpg,datasets_cloudmask/dataset_cropped/09_Metas/03/16/20190903163700_00160.png,529.2,713.7,122.5,30.2,963
9/3/2019 16:38,datasets/dataset_cropped/09_Metas/03/16/20190903163800_00160.jpg,datasets_flow/dataset_cropped/09_Metas/03/16/20190903163800_00160.jpg,datasets_cloudmask/dataset_cropped/09_Metas/03/16/20190903163800_00160.png,525.5,710.4,122.9,30.2,963
9/3/2019 16:39,datasets/dataset_cropped/09_Metas/03/16/20190903163900_00160.jpg,datasets_flow/dataset_cropped/09_Metas/03/16/20190903163900_00160.jpg,datasets_cloudmask/dataset_cropped/09_Metas/03/16/20190903163900_00160.png,521.6,707.3,122.6,30.1,963
9/3/2019 16:40,datasets/dataset_cropped/09_Metas/03/16/20190903164000_00160.jpg,datasets_flow/dataset_cropped/09_Metas/03/16/20190903164000_00160.jpg,datasets_cloudmask/dataset_cropped/09_Metas/03/16/20190903164000_00160.png,517.8,703.6,123,30,963
9/3/2019 16:41,datasets/dataset_cropped/09_Metas/03/16/20190903164100_00160.jpg,datasets_flow/dataset_cropped/09_Metas/03/16/20190903164100_00160.jpg,datasets_cloudmask/dataset_cropped/09_Metas/03/16/20190903164100_00160.png,514.4,702.7,122.2,29.8,963
9/3/2019 16:42,datasets/dataset_cropped/09_Metas/03/16/20190903164200_00160.jpg,datasets_flow/dataset_cropped/09_Metas/03/16/20190903164200_00160.jpg,datasets_cloudmask/dataset_cropped/09_Metas/03/16/20190903164200_00160.png,511.4,702,121.6,29.6,963
9/3/2019 16:43,datasets/dataset_cropped/09_Metas/03/16/20190903164300_00160.jpg,datasets_flow/dataset_cropped/09_Metas/03/16/20190903164300_00160.jpg,datasets_cloudmask/dataset_cropped/09_Metas/03/16/20190903164300_00160.png,509,701.3,121.2,29.5,963
9/3/2019 16:44,datasets/dataset_cropped/09_Metas/03/16/20190903164400_00160.jpg,datasets_flow/dataset_cropped/09_Metas/03/16/20190903164400_00160.jpg,datasets_cloudmask/dataset_cropped/09_Metas/03/16/20190903164400_00160.png,505.2,698.2,120.6,29.3,963
9/3/2019 16:45,datasets/dataset_cropped/09_Metas/03/16/20190903164500_00160.jpg,datasets_flow/dataset_cropped/09_Metas/03/16/20190903164500_00160.jpg,datasets_cloudmask/dataset_cropped/09_Metas/03/16/20190903164500_00160.png,501.4,695.3,120.4,29.4,963
9/3/2019 16:46,datasets/dataset_cropped/09_Metas/03/16/20190903164600_00160.jpg,datasets_flow/dataset_cropped/09_Metas/03/16/20190903164600_00160.jpg,datasets_cloudmask/dataset_cropped/09_Metas/03/16/20190903164600_00160.png,498.7,695.1,119.9,29.5,963
9/3/2019 16:47,datasets/dataset_cropped/09_Metas/03/16/20190903164700_00160.jpg,datasets_flow/dataset_cropped/09_Metas/03/16/20190903164700_00160.jpg,datasets_cloudmask/dataset_cropped/09_Metas/03/16/20190903164700_00160.png,495.9,693.5,119.6,29.1,963
9/3/2019 16:48,datasets/dataset_cropped/09_Metas/03/16/20190903164800_00160.jpg,datasets_flow/dataset_cropped/09_Metas/03/16/20190903164800_00160.jpg,datasets_cloudmask/dataset_cropped/09_Metas/03/16/20190903164800_00160.png,492.8,691.5,119.7,29.1,963
9/3/2019 16:49,datasets/dataset_cropped/09_Metas/03/16/20190903164900_00160.jpg,datasets_flow/dataset_cropped/09_Metas/03/16/20190903164900_00160.jpg,datasets_cloudmask/dataset_cropped/09_Metas/03/16/20190903164900_00160.png,488.9,688.2,119.4,29.3,963
9/3/2019 16:50,datasets/dataset_cropped/09_Metas/03/16/20190903165000_00160.jpg,datasets_flow/dataset_cropped/09_Metas/03/16/20190903165000_00160.jpg,datasets_cloudmask/dataset_cropped/09_Metas/03/16/20190903165000_00160.png,485.5,685.9,119.2,29.2,963
9/3/2019 16:51,datasets/dataset_cropped/09_Metas/03/16/20190903165100_00160.jpg,datasets_flow/dataset_cropped/09_Metas/03/16/20190903165100_00160.jpg,datasets_cloudmask/dataset_cropped/09_Metas/03/16/20190903165100_00160.png,482.4,684.6,118.4,29.2,963
9/3/2019 16:52,datasets/dataset_cropped/09_Metas/03/16/20190903165200_00160.jpg,datasets_flow/dataset_cropped/09_Metas/03/16/20190903165200_00160.jpg,datasets_cloudmask/dataset_cropped/09_Metas/03/16/20190903165200_00160.png,479.6,683.4,118.1,29.4,963
9/3/2019 16:53,datasets/dataset_cropped/09_Metas/03/16/20190903165300_00160.jpg,datasets_flow/dataset_cropped/09_Metas/03/16/20190903165300_00160.jpg,datasets_cloudmask/dataset_cropped/09_Metas/03/16/20190903165300_00160.png,477.1,683.2,117.6,29.4,963
9/3/2019 16:54,datasets/dataset_cropped/09_Metas/03/16/20190903165400_00160.jpg,datasets_flow/dataset_cropped/09_Metas/03/16/20190903165400_00160.jpg,datasets_cloudmask/dataset_cropped/09_Metas/03/16/20190903165400_00160.png,474.4,682.2,117.4,29.4,963
9/3/2019 16:55,datasets/dataset_cropped/09_Metas/03/16/20190903165500_00160.jpg,datasets_flow/dataset_cropped/09_Metas/03/16/20190903165500_00160.jpg,datasets_cloudmask/dataset_cropped/09_Metas/03/16/20190903165500_00160.png,471.3,680.7,117.5,29.6,963
9/3/2019 16:56,datasets/dataset_cropped/09_Metas/03/16/20190903165600_00160.jpg,datasets_flow/dataset_cropped/09_Metas/03/16/20190903165600_00160.jpg,datasets_cloudmask/dataset_cropped/09_Metas/03/16/20190903165600_00160.png,467.4,677.8,117.6,29.9,963
9/3/2019 16:57,datasets/dataset_cropped/09_Metas/03/16/20190903165700_00160.jpg,datasets_flow/dataset_cropped/09_Metas/03/16/20190903165700_00160.jpg,datasets_cloudmask/dataset_cropped/09_Metas/03/16/20190903165700_00160.png,462.8,674,117.1,29.8,963
9/3/2019 16:58,datasets/dataset_cropped/09_Metas/03/16/20190903165800_00160.jpg,datasets_flow/dataset_cropped/09_Metas/03/16/20190903165800_00160.jpg,datasets_cloudmask/dataset_cropped/09_Metas/03/16/20190903165800_00160.png,459,670.6,116.8,29.5,963
9/3/2019 16:59,datasets/dataset_cropped/09_Metas/03/16/20190903165900_00160.jpg,datasets_flow/dataset_cropped/09_Metas/03/16/20190903165900_00160.jpg,datasets_cloudmask/dataset_cropped/09_Metas/03/16/20190903165900_00160.png,456.2,668.9,116.3,29.3,963
9/3/2019 17:00,datasets/dataset_cropped/09_Metas/03/17/20190903170000_00160.jpg,datasets_flow/dataset_cropped/09_Metas/03/17/20190903170000_00160.jpg,datasets_cloudmask/dataset_cropped/09_Metas/03/17/20190903170000_00160.png,453.5,667,115.9,29.1,963
9/3/2019 17:01,datasets/dataset_cropped/09_Metas/03/17/20190903170100_00160.jpg,datasets_flow/dataset_cropped/09_Metas/03/17/20190903170100_00160.jpg,datasets_cloudmask/dataset_cropped/09_Metas/03/17/20190903170100_00160.png,450.3,664.6,116.2,29.2,963
9/3/2019 17:02,datasets/dataset_cropped/09_Metas/03/17/20190903170200_00160.jpg,datasets_flow/dataset_cropped/09_Metas/03/17/20190903170200_00160.jpg,datasets_cloudmask/dataset_cropped/09_Metas/03/17/20190903170200_00160.png,446.4,661.3,116.1,29.5,963
9/3/2019 17:03,datasets/dataset_cropped/09_Metas/03/17/20190903170300_00160.jpg,datasets_flow/dataset_cropped/09_Metas/03/17/20190903170300_00160.jpg,datasets_cloudmask/dataset_cropped/09_Metas/03/17/20190903170300_00160.png,443,658.6,116.3,29.5,963
9/3/2019 17:04,datasets/dataset_cropped/09_Metas/03/17/20190903170400_00160.jpg,datasets_flow/dataset_cropped/09_Metas/03/17/20190903170400_00160.jpg,datasets_cloudmask/dataset_cropped/09_Metas/03/17/20190903170400_00160.png,440.2,658,116,29.6,963
9/3/2019 17:05,datasets/dataset_cropped/09_Metas/03/17/20190903170500_00160.jpg,datasets_flow/dataset_cropped/09_Metas/03/17/20190903170500_00160.jpg,datasets_cloudmask/dataset_cropped/09_Metas/03/17/20190903170500_00160.png,437.1,658.2,114.7,29.4,963
9/3/2019 17:06,datasets/dataset_cropped/09_Metas/03/17/20190903170600_00160.jpg,datasets_flow/dataset_cropped/09_Metas/03/17/20190903170600_00160.jpg,datasets_cloudmask/dataset_cropped/09_Metas/03/17/20190903170600_00160.png,433.5,655.7,113.9,29.1,963
9/3/2019 17:07,datasets/dataset_cropped/09_Metas/03/17/20190903170700_00160.jpg,datasets_flow/dataset_cropped/09_Metas/03/17/20190903170700_00160.jpg,datasets_cloudmask/dataset_cropped/09_Metas/03/17/20190903170700_00160.png,429,650.8,113.2,28.9,963
9/3/2019 17:08,datasets/dataset_cropped/09_Metas/03/17/20190903170800_00160.jpg,datasets_flow/dataset_cropped/09_Metas/03/17/20190903170800_00160.jpg,datasets_cloudmask/dataset_cropped/09_Metas/03/17/20190903170800_00160.png,425.2,647.4,113,29.1,963
9/3/2019 17:09,datasets/dataset_cropped/09_Metas/03/17/20190903170900_00160.jpg,datasets_flow/dataset_cropped/09_Metas/03/17/20190903170900_00160.jpg,datasets_cloudmask/dataset_cropped/09_Metas/03/17/20190903170900_00160.png,421.7,644.7,112.8,29.1,963
9/3/2019 17:10,datasets/dataset_cropped/09_Metas/03/17/20190903171000_00160.jpg,datasets_flow/dataset_cropped/09_Metas/03/17/20190903171000_00160.jpg,datasets_cloudmask/dataset_cropped/09_Metas/03/17/20190903171000_00160.png,418,641.5,112.6,29.2,963
9/3/2019 17:11,datasets/dataset_cropped/09_Metas/03/17/20190903171100_00160.jpg,datasets_flow/dataset_cropped/09_Metas/03/17/20190903171100_00160.jpg,datasets_cloudmask/dataset_cropped/09_Metas/03/17/20190903171100_00160.png,415.1,640.3,112.6,29.2,963
9/3/2019 17:12,datasets/dataset_cropped/09_Metas/03/17/20190903171200_00160.jpg,datasets_flow/dataset_cropped/09_Metas/03/17/20190903171200_00160.jpg,datasets_cloudmask/dataset_cropped/09_Metas/03/17/20190903171200_00160.png,412.3,639.2,112.2,29.1,963
9/3/2019 17:13,datasets/dataset_cropped/09_Metas/03/17/20190903171300_00160.jpg,datasets_flow/dataset_cropped/09_Metas/03/17/20190903171300_00160.jpg,datasets_cloudmask/dataset_cropped/09_Metas/03/17/20190903171300_00160.png,409.2,637,112.2,29.2,963
9/3/2019 17:14,datasets/dataset_cropped/09_Metas/03/17/20190903171400_00160.jpg,datasets_flow/dataset_cropped/09_Metas/03/17/20190903171400_00160.jpg,datasets_cloudmask/dataset_cropped/09_Metas/03/17/20190903171400_00160.png,405.6,633.9,112.2,29.2,963
9/3/2019 17:15,datasets/dataset_cropped/09_Metas/03/17/20190903171500_00160.jpg,datasets_flow/dataset_cropped/09_Metas/03/17/20190903171500_00160.jpg,datasets_cloudmask/dataset_cropped/09_Metas/03/17/20190903171500_00160.png,402.3,630.6,112.2,29.2,963
9/3/2019 17:16,datasets/dataset_cropped/09_Metas/03/17/20190903171600_00160.jpg,datasets_flow/dataset_cropped/09_Metas/03/17/20190903171600_00160.jpg,datasets_cloudmask/dataset_cropped/09_Metas/03/17/20190903171600_00160.png,398,626,112.2,29.3,963
9/3/2019 17:17,datasets/dataset_cropped/09_Metas/03/17/20190903171700_00160.jpg,datasets_flow/dataset_cropped/09_Metas/03/17/20190903171700_00160.jpg,datasets_cloudmask/dataset_cropped/09_Metas/03/17/20190903171700_00160.png,394.4,623.2,112,28.9,963
9/3/2019 17:18,datasets/dataset_cropped/09_Metas/03/17/20190903171800_00160.jpg,datasets_flow/dataset_cropped/09_Metas/03/17/20190903171800_00160.jpg,datasets_cloudmask/dataset_cropped/09_Metas/03/17/20190903171800_00160.png,390.8,620.9,111.3,28.8,963
9/3/2019 17:19,datasets/dataset_cropped/09_Metas/03/17/20190903171900_00160.jpg,datasets_flow/dataset_cropped/09_Metas/03/17/20190903171900_00160.jpg,datasets_cloudmask/dataset_cropped/09_Metas/03/17/20190903171900_00160.png,386.9,617.3,110.6,28.9,963
9/3/2019 17:20,datasets/dataset_cropped/09_Metas/03/17/20190903172000_00160.jpg,datasets_flow/dataset_cropped/09_Metas/03/17/20190903172000_00160.jpg,datasets_cloudmask/dataset_cropped/09_Metas/03/17/20190903172000_00160.png,382.4,612.1,110.3,28.9,963
9/3/2019 17:21,datasets/dataset_cropped/09_Metas/03/17/20190903172100_00160.jpg,datasets_flow/dataset_cropped/09_Metas/03/17/20190903172100_00160.jpg,datasets_cloudmask/dataset_cropped/09_Metas/03/17/20190903172100_00160.png,377.9,607,109.6,28.7,963
9/3/2019 17:22,datasets/dataset_cropped/09_Metas/03/17/20190903172200_00160.jpg,datasets_flow/dataset_cropped/09_Metas/03/17/20190903172200_00160.jpg,datasets_cloudmask/dataset_cropped/09_Metas/03/17/20190903172200_00160.png,372.3,599.3,109,28.7,963
9/3/2019 17:23,datasets/dataset_cropped/09_Metas/03/17/20190903172300_00160.jpg,datasets_flow/dataset_cropped/09_Metas/03/17/20190903172300_00160.jpg,datasets_cloudmask/dataset_cropped/09_Metas/03/17/20190903172300_00160.png,368,594.3,108.8,28.9,963
9/3/2019 17:24,datasets/dataset_cropped/09_Metas/03/17/20190903172400_00160.jpg,datasets_flow/dataset_cropped/09_Metas/03/17/20190903172400_00160.jpg,datasets_cloudmask/dataset_cropped/09_Metas/03/17/20190903172400_00160.png,364.9,592,108.8,29,963
9/3/2019 17:25,datasets/dataset_cropped/09_Metas/03/17/20190903172500_00160.jpg,datasets_flow/dataset_cropped/09_Metas/03/17/20190903172500_00160.jpg,datasets_cloudmask/dataset_cropped/09_Metas/03/17/20190903172500_00160.png,361.3,588.6,108.7,29.1,963
9/3/2019 17:26,datasets/dataset_cropped/09_Metas/03/17/20190903172600_00160.jpg,datasets_flow/dataset_cropped/09_Metas/03/17/20190903172600_00160.jpg,datasets_cloudmask/dataset_cropped/09_Metas/03/17/20190903172600_00160.png,358,586.4,108.3,29,963
9/3/2019 17:27,datasets/dataset_cropped/09_Metas/03/17/20190903172700_00160.jpg,datasets_flow/dataset_cropped/09_Metas/03/17/20190903172700_00160.jpg,datasets_cloudmask/dataset_cropped/09_Metas/03/17/20190903172700_00160.png,354.5,584.4,107.5,28.9,963
9/3/2019 17:28,datasets/dataset_cropped/09_Metas/03/17/20190903172800_00160.jpg,datasets_flow/dataset_cropped/09_Metas/03/17/20190903172800_00160.jpg,datasets_cloudmask/dataset_cropped/09_Metas/03/17/20190903172800_00160.png,351.2,582.8,106.6,28.9,963
9/3/2019 17:29,datasets/dataset_cropped/09_Metas/03/17/20190903172900_00160.jpg,datasets_flow/dataset_cropped/09_Metas/03/17/20190903172900_00160.jpg,datasets_cloudmask/dataset_cropped/09_Metas/03/17/20190903172900_00160.png,347.6,580.2,105.7,29,963
9/3/2019 17:30,datasets/dataset_cropped/09_Metas/03/17/20190903173000_00160.jpg,datasets_flow/dataset_cropped/09_Metas/03/17/20190903173000_00160.jpg,datasets_cloudmask/dataset_cropped/09_Metas/03/17/20190903173000_00160.png,343.7,576.7,105.4,28.9,963
9/3/2019 17:31,datasets/dataset_cropped/09_Metas/03/17/20190903173100_00160.jpg,datasets_flow/dataset_cropped/09_Metas/03/17/20190903173100_00160.jpg,datasets_cloudmask/dataset_cropped/09_Metas/03/17/20190903173100_00160.png,339.9,574.5,104.5,29,963
9/3/2019 17:32,datasets/dataset_cropped/09_Metas/03/17/20190903173200_00160.jpg,datasets_flow/dataset_cropped/09_Metas/03/17/20190903173200_00160.jpg,datasets_cloudmask/dataset_cropped/09_Metas/03/17/20190903173200_00160.png,336.7,573.9,103.3,29,963
9/3/2019 17:33,datasets/dataset_cropped/09_Metas/03/17/20190903173300_00160.jpg,datasets_flow/dataset_cropped/09_Metas/03/17/20190903173300_00160.jpg,datasets_cloudmask/dataset_cropped/09_Metas/03/17/20190903173300_00160.png,332,570.4,101.7,29,963
9/3/2019 17:34,datasets/dataset_cropped/09_Metas/03/17/20190903173400_00160.jpg,datasets_flow/dataset_cropped/09_Metas/03/17/20190903173400_00160.jpg,datasets_cloudmask/dataset_cropped/09_Metas/03/17/20190903173400_00160.png,327.9,569.2,99.6,28.9,963
9/3/2019 17:35,datasets/dataset_cropped/09_Metas/03/17/20190903173500_00160.jpg,datasets_flow/dataset_cropped/09_Metas/03/17/20190903173500_00160.jpg,datasets_cloudmask/dataset_cropped/09_Metas/03/17/20190903173500_00160.png,318.8,557,97.1,29.1,963
9/3/2019 17:36,datasets/dataset_cropped/09_Metas/03/17/20190903173600_00160.jpg,datasets_flow/dataset_cropped/09_Metas/03/17/20190903173600_00160.jpg,datasets_cloudmask/dataset_cropped/09_Metas/03/17/20190903173600_00160.png,274.3,460.4,92.6,28.9,963
9/3/2019 17:37,datasets/dataset_cropped/09_Metas/03/17/20190903173700_00160.jpg,datasets_flow/dataset_cropped/09_Metas/03/17/20190903173700_00160.jpg,datasets_cloudmask/dataset_cropped/09_Metas/03/17/20190903173700_00160.png,201.6,292.3,87,28.7,964
9/3/2019 17:38,datasets/dataset_cropped/09_Metas/03/17/20190903173800_00160.jpg,datasets_flow/dataset_cropped/09_Metas/03/17/20190903173800_00160.jpg,datasets_cloudmask/dataset_cropped/09_Metas/03/17/20190903173800_00160.png,163.8,210.3,81.5,28.5,963
9/3/2019 17:39,datasets/dataset_cropped/09_Metas/03/17/20190903173900_00160.jpg,datasets_flow/dataset_cropped/09_Metas/03/17/20190903173900_00160.jpg,datasets_cloudmask/dataset_cropped/09_Metas/03/17/20190903173900_00160.png,130.1,136.9,76.6,28.4,964
9/3/2019 17:40,datasets/dataset_cropped/09_Metas/03/17/20190903174000_00160.jpg,datasets_flow/dataset_cropped/09_Metas/03/17/20190903174000_00160.jpg,datasets_cloudmask/dataset_cropped/09_Metas/03/17/20190903174000_00160.png,112.2,102.1,72.3,28.3,964
9/3/2019 17:41,datasets/dataset_cropped/09_Metas/03/17/20190903174100_00160.jpg,datasets_flow/dataset_cropped/09_Metas/03/17/20190903174100_00160.jpg,datasets_cloudmask/dataset_cropped/09_Metas/03/17/20190903174100_00160.png,101.2,83.8,68.6,28.4,963
9/3/2019 17:42,datasets/dataset_cropped/09_Metas/03/17/20190903174200_00160.jpg,datasets_flow/dataset_cropped/09_Metas/03/17/20190903174200_00160.jpg,datasets_cloudmask/dataset_cropped/09_Metas/03/17/20190903174200_00160.png,72.5,18.8,64.9,28.2,964
9/3/2019 17:43,datasets/dataset_cropped/09_Metas/03/17/20190903174300_00160.jpg,datasets_flow/dataset_cropped/09_Metas/03/17/20190903174300_00160.jpg,datasets_cloudmask/dataset_cropped/09_Metas/03/17/20190903174300_00160.png,63.6,4,61.6,28.1,964
9/3/2019 17:44,datasets/dataset_cropped/09_Metas/03/17/20190903174400_00160.jpg,datasets_flow/dataset_cropped/09_Metas/03/17/20190903174400_00160.jpg,datasets_cloudmask/dataset_cropped/09_Metas/03/17/20190903174400_00160.png,59.7,0.6,59,27.9,964
9/3/2019 17:45,datasets/dataset_cropped/09_Metas/03/17/20190903174500_00160.jpg,datasets_flow/dataset_cropped/09_Metas/03/17/20190903174500_00160.jpg,datasets_cloudmask/dataset_cropped/09_Metas/03/17/20190903174500_00160.png,57,0,56.9,27.7,964
9/3/2019 17:46,datasets/dataset_cropped/09_Metas/03/17/20190903174600_00160.jpg,datasets_flow/dataset_cropped/09_Metas/03/17/20190903174600_00160.jpg,datasets_cloudmask/dataset_cropped/09_Metas/03/17/20190903174600_00160.png,55,0,54.9,27.7,964
9/3/2019 17:47,datasets/dataset_cropped/09_Metas/03/17/20190903174700_00160.jpg,datasets_flow/dataset_cropped/09_Metas/03/17/20190903174700_00160.jpg,datasets_cloudmask/dataset_cropped/09_Metas/03/17/20190903174700_00160.png,53.3,0,53.2,27.6,964
9/3/2019 17:48,datasets/dataset_cropped/09_Metas/03/17/20190903174800_00160.jpg,datasets_flow/dataset_cropped/09_Metas/03/17/20190903174800_00160.jpg,datasets_cloudmask/dataset_cropped/09_Metas/03/17/20190903174800_00160.png,52,0,52,27.6,964
9/3/2019 17:49,datasets/dataset_cropped/09_Metas/03/17/20190903174900_00160.jpg,datasets_flow/dataset_cropped/09_Metas/03/17/20190903174900_00160.jpg,datasets_cloudmask/dataset_cropped/09_Metas/03/17/20190903174900_00160.png,50.9,0,50.9,27.5,964
9/3/2019 17:50,datasets/dataset_cropped/09_Metas/03/17/20190903175000_00160.jpg,datasets_flow/dataset_cropped/09_Metas/03/17/20190903175000_00160.jpg,datasets_cloudmask/dataset_cropped/09_Metas/03/17/20190903175000_00160.png,50.1,0,50,27.5,964
9/3/2019 17:51,datasets/dataset_cropped/09_Metas/03/17/20190903175100_00160.jpg,datasets_flow/dataset_cropped/09_Metas/03/17/20190903175100_00160.jpg,datasets_cloudmask/dataset_cropped/09_Metas/03/17/20190903175100_00160.png,49.3,0,49.2,27.5,964
9/3/2019 17:52,datasets/dataset_cropped/09_Metas/03/17/20190903175200_00160.jpg,datasets_flow/dataset_cropped/09_Metas/03/17/20190903175200_00160.jpg,datasets_cloudmask/dataset_cropped/09_Metas/03/17/20190903175200_00160.png,48.7,0,48.7,27.5,964
9/3/2019 17:53,datasets/dataset_cropped/09_Metas/03/17/20190903175300_00160.jpg,datasets_flow/dataset_cropped/09_Metas/03/17/20190903175300_00160.jpg,datasets_cloudmask/dataset_cropped/09_Metas/03/17/20190903175300_00160.png,48.2,0,48.2,27.5,964
9/3/2019 17:54,datasets/dataset_cropped/09_Metas/03/17/20190903175400_00160.jpg,datasets_flow/dataset_cropped/09_Metas/03/17/20190903175400_00160.jpg,datasets_cloudmask/dataset_cropped/09_Metas/03/17/20190903175400_00160.png,47.9,0,47.9,27.4,964
9/3/2019 17:55,datasets/dataset_cropped/09_Metas/03/17/20190903175500_00160.jpg,datasets_flow/dataset_cropped/09_Metas/03/17/20190903175500_00160.jpg,datasets_cloudmask/dataset_cropped/09_Metas/03/17/20190903175500_00160.png,47.5,0,47.5,27.5,964
9/3/2019 17:56,datasets/dataset_cropped/09_Metas/03/17/20190903175600_00160.jpg,datasets_flow/dataset_cropped/09_Metas/03/17/20190903175600_00160.jpg,datasets_cloudmask/dataset_cropped/09_Metas/03/17/20190903175600_00160.png,47,0,47.1,27.5,964
9/3/2019 17:57,datasets/dataset_cropped/09_Metas/03/17/20190903175700_00160.jpg,datasets_flow/dataset_cropped/09_Metas/03/17/20190903175700_00160.jpg,datasets_cloudmask/dataset_cropped/09_Metas/03/17/20190903175700_00160.png,46.7,0,46.8,27.4,964
9/3/2019 17:58,datasets/dataset_cropped/09_Metas/03/17/20190903175800_00160.jpg,datasets_flow/dataset_cropped/09_Metas/03/17/20190903175800_00160.jpg,datasets_cloudmask/dataset_cropped/09_Metas/03/17/20190903175800_00160.png,46.2,0,46.3,27.4,964
9/3/2019 17:59,datasets/dataset_cropped/09_Metas/03/17/20190903175900_00160.jpg,datasets_flow/dataset_cropped/09_Metas/03/17/20190903175900_00160.jpg,datasets_cloudmask/dataset_cropped/09_Metas/03/17/20190903175900_00160.png,45.8,0,45.9,27.5,964
9/3/2019 18:00,datasets/dataset_cropped/09_Metas/03/18/20190903180000_00160.jpg,datasets_flow/dataset_cropped/09_Metas/03/18/20190903180000_00160.jpg,datasets_cloudmask/dataset_cropped/09_Metas/03/18/20190903180000_00160.png,45.3,0,45.4,27.5,964
9/3/2019 18:01,datasets/dataset_cropped/09_Metas/03/18/20190903180100_00160.jpg,datasets_flow/dataset_cropped/09_Metas/03/18/20190903180100_00160.jpg,datasets_cloudmask/dataset_cropped/09_Metas/03/18/20190903180100_00160.png,44.8,0,44.9,27.5,964
9/3/2019 18:02,datasets/dataset_cropped/09_Metas/03/18/20190903180200_00160.jpg,datasets_flow/dataset_cropped/09_Metas/03/18/20190903180200_00160.jpg,datasets_cloudmask/dataset_cropped/09_Metas/03/18/20190903180200_00160.png,44.3,0,44.3,27.4,964
9/3/2019 18:03,datasets/dataset_cropped/09_Metas/03/18/20190903180300_00160.jpg,datasets_flow/dataset_cropped/09_Metas/03/18/20190903180300_00160.jpg,datasets_cloudmask/dataset_cropped/09_Metas/03/18/20190903180300_00160.png,44,0,44,27.3,964
9/3/2019 18:04,datasets/dataset_cropped/09_Metas/03/18/20190903180400_00160.jpg,datasets_flow/dataset_cropped/09_Metas/03/18/20190903180400_00160.jpg,datasets_cloudmask/dataset_cropped/09_Metas/03/18/20190903180400_00160.png,43.5,0,43.5,27.3,964
9/3/2019 18:05,datasets/dataset_cropped/09_Metas/03/18/20190903180500_00160.jpg,datasets_flow/dataset_cropped/09_Metas/03/18/20190903180500_00160.jpg,datasets_cloudmask/dataset_cropped/09_Metas/03/18/20190903180500_00160.png,43.1,0,43.1,27.3,964
9/3/2019 18:06,datasets/dataset_cropped/09_Metas/03/18/20190903180600_00160.jpg,datasets_flow/dataset_cropped/09_Metas/03/18/20190903180600_00160.jpg,datasets_cloudmask/dataset_cropped/09_Metas/03/18/20190903180600_00160.png,42.8,0,42.9,27.3,964
9/3/2019 18:07,datasets/dataset_cropped/09_Metas/03/18/20190903180700_00160.jpg,datasets_flow/dataset_cropped/09_Metas/03/18/20190903180700_00160.jpg,datasets_cloudmask/dataset_cropped/09_Metas/03/18/20190903180700_00160.png,42.5,0,42.6,27.4,964
9/3/2019 18:08,datasets/dataset_cropped/09_Metas/03/18/20190903180800_00160.jpg,datasets_flow/dataset_cropped/09_Metas/03/18/20190903180800_00160.jpg,datasets_cloudmask/dataset_cropped/09_Metas/03/18/20190903180800_00160.png,42.1,0,42.2,27.4,964
9/3/2019 18:09,datasets/dataset_cropped/09_Metas/03/18/20190903180900_00160.jpg,datasets_flow/dataset_cropped/09_Metas/03/18/20190903180900_00160.jpg,datasets_cloudmask/dataset_cropped/09_Metas/03/18/20190903180900_00160.png,41.8,0,42,27.4,964
9/3/2019 18:10,datasets/dataset_cropped/09_Metas/03/18/20190903181000_00160.jpg,datasets_flow/dataset_cropped/09_Metas/03/18/20190903181000_00160.jpg,datasets_cloudmask/dataset_cropped/09_Metas/03/18/20190903181000_00160.png,41.6,0,41.7,27.4,964
9/3/2019 18:11,datasets/dataset_cropped/09_Metas/03/18/20190903181100_00160.jpg,datasets_flow/dataset_cropped/09_Metas/03/18/20190903181100_00160.jpg,datasets_cloudmask/dataset_cropped/09_Metas/03/18/20190903181100_00160.png,41.2,0,41.3,27.4,964
9/3/2019 18:12,datasets/dataset_cropped/09_Metas/03/18/20190903181200_00160.jpg,datasets_flow/dataset_cropped/09_Metas/03/18/20190903181200_00160.jpg,datasets_cloudmask/dataset_cropped/09_Metas/03/18/20190903181200_00160.png,40.7,0,40.9,27.4,964
9/3/2019 18:13,datasets/dataset_cropped/09_Metas/03/18/20190903181300_00160.jpg,datasets_flow/dataset_cropped/09_Metas/03/18/20190903181300_00160.jpg,datasets_cloudmask/dataset_cropped/09_Metas/03/18/20190903181300_00160.png,40.1,0,40.2,27.4,964
9/3/2019 18:14,datasets/dataset_cropped/09_Metas/03/18/20190903181400_00160.jpg,datasets_flow/dataset_cropped/09_Metas/03/18/20190903181400_00160.jpg,datasets_cloudmask/dataset_cropped/09_Metas/03/18/20190903181400_00160.png,39.3,0,39.4,27.3,964
9/3/2019 18:15,datasets/dataset_cropped/09_Metas/03/18/20190903181500_00160.jpg,datasets_flow/dataset_cropped/09_Metas/03/18/20190903181500_00160.jpg,datasets_cloudmask/dataset_cropped/09_Metas/03/18/20190903181500_00160.png,38.7,0,38.8,27.2,964
9/3/2019 18:16,datasets/dataset_cropped/09_Metas/03/18/20190903181600_00160.jpg,datasets_flow/dataset_cropped/09_Metas/03/18/20190903181600_00160.jpg,datasets_cloudmask/dataset_cropped/09_Metas/03/18/20190903181600_00160.png,38.3,0,38.4,27.1,964
9/3/2019 18:17,datasets/dataset_cropped/09_Metas/03/18/20190903181700_00160.jpg,datasets_flow/dataset_cropped/09_Metas/03/18/20190903181700_00160.jpg,datasets_cloudmask/dataset_cropped/09_Metas/03/18/20190903181700_00160.png,38.4,0,38.4,27.2,964
9/3/2019 18:18,datasets/dataset_cropped/09_Metas/03/18/20190903181800_00160.jpg,datasets_flow/dataset_cropped/09_Metas/03/18/20190903181800_00160.jpg,datasets_cloudmask/dataset_cropped/09_Metas/03/18/20190903181800_00160.png,38.6,0,38.7,27.2,964
9/3/2019 18:19,datasets/dataset_cropped/09_Metas/03/18/20190903181900_00160.jpg,datasets_flow/dataset_cropped/09_Metas/03/18/20190903181900_00160.jpg,datasets_cloudmask/dataset_cropped/09_Metas/03/18/20190903181900_00160.png,38.7,0,38.8,27.2,964
9/3/2019 18:20,datasets/dataset_cropped/09_Metas/03/18/20190903182000_00160.jpg,datasets_flow/dataset_cropped/09_Metas/03/18/20190903182000_00160.jpg,datasets_cloudmask/dataset_cropped/09_Metas/03/18/20190903182000_00160.png,38.9,0,38.9,27.3,964
9/3/2019 18:21,datasets/dataset_cropped/09_Metas/03/18/20190903182100_00160.jpg,datasets_flow/dataset_cropped/09_Metas/03/18/20190903182100_00160.jpg,datasets_cloudmask/dataset_cropped/09_Metas/03/18/20190903182100_00160.png,38.8,0,38.8,27.3,964
9/3/2019 18:22,datasets/dataset_cropped/09_Metas/03/18/20190903182200_00160.jpg,datasets_flow/dataset_cropped/09_Metas/03/18/20190903182200_00160.jpg,datasets_cloudmask/dataset_cropped/09_Metas/03/18/20190903182200_00160.png,38.5,0,38.6,27.2,964
9/3/2019 18:23,datasets/dataset_cropped/09_Metas/03/18/20190903182300_00160.jpg,datasets_flow/dataset_cropped/09_Metas/03/18/20190903182300_00160.jpg,datasets_cloudmask/dataset_cropped/09_Metas/03/18/20190903182300_00160.png,38.2,0,38.3,27.2,964
9/3/2019 18:24,datasets/dataset_cropped/09_Metas/03/18/20190903182400_00160.jpg,datasets_flow/dataset_cropped/09_Metas/03/18/20190903182400_00160.jpg,datasets_cloudmask/dataset_cropped/09_Metas/03/18/20190903182400_00160.png,37.8,0,37.9,27.1,964
9/3/2019 18:25,datasets/dataset_cropped/09_Metas/03/18/20190903182500_00160.jpg,datasets_flow/dataset_cropped/09_Metas/03/18/20190903182500_00160.jpg,datasets_cloudmask/dataset_cropped/09_Metas/03/18/20190903182500_00160.png,37.5,0,37.6,27.2,964
9/3/2019 18:26,datasets/dataset_cropped/09_Metas/03/18/20190903182600_00160.jpg,datasets_flow/dataset_cropped/09_Metas/03/18/20190903182600_00160.jpg,datasets_cloudmask/dataset_cropped/09_Metas/03/18/20190903182600_00160.png,37.2,0,37.2,27.2,964
9/3/2019 18:27,datasets/dataset_cropped/09_Metas/03/18/20190903182700_00160.jpg,datasets_flow/dataset_cropped/09_Metas/03/18/20190903182700_00160.jpg,datasets_cloudmask/dataset_cropped/09_Metas/03/18/20190903182700_00160.png,36.9,0,37,27.2,964
9/3/2019 18:28,datasets/dataset_cropped/09_Metas/03/18/20190903182800_00160.jpg,datasets_flow/dataset_cropped/09_Metas/03/18/20190903182800_00160.jpg,datasets_cloudmask/dataset_cropped/09_Metas/03/18/20190903182800_00160.png,36.4,0,36.5,27.1,964
9/3/2019 18:29,datasets/dataset_cropped/09_Metas/03/18/20190903182900_00160.jpg,datasets_flow/dataset_cropped/09_Metas/03/18/20190903182900_00160.jpg,datasets_cloudmask/dataset_cropped/09_Metas/03/18/20190903182900_00160.png,35.8,0,35.9,27.1,964
9/3/2019 18:30,datasets/dataset_cropped/09_Metas/03/18/20190903183000_00160.jpg,datasets_flow/dataset_cropped/09_Metas/03/18/20190903183000_00160.jpg,datasets_cloudmask/dataset_cropped/09_Metas/03/18/20190903183000_00160.png,35.3,0,35.3,27.1,964
9/3/2019 18:31,datasets/dataset_cropped/09_Metas/03/18/20190903183100_00160.jpg,datasets_flow/dataset_cropped/09_Metas/03/18/20190903183100_00160.jpg,datasets_cloudmask/dataset_cropped/09_Metas/03/18/20190903183100_00160.png,34.7,0,34.7,27.1,964
9/3/2019 18:32,datasets/dataset_cropped/09_Metas/03/18/20190903183200_00160.jpg,datasets_flow/dataset_cropped/09_Metas/03/18/20190903183200_00160.jpg,datasets_cloudmask/dataset_cropped/09_Metas/03/18/20190903183200_00160.png,34.1,0,34.1,27,964
9/3/2019 18:33,datasets/dataset_cropped/09_Metas/03/18/20190903183300_00160.jpg,datasets_flow/dataset_cropped/09_Metas/03/18/20190903183300_00160.jpg,datasets_cloudmask/dataset_cropped/09_Metas/03/18/20190903183300_00160.png,33.4,0,33.4,27.1,964
9/3/2019 18:34,datasets/dataset_cropped/09_Metas/03/18/20190903183400_00160.jpg,datasets_flow/dataset_cropped/09_Metas/03/18/20190903183400_00160.jpg,datasets_cloudmask/dataset_cropped/09_Metas/03/18/20190903183400_00160.png,32.7,0,32.8,27.1,964
9/3/2019 18:35,datasets/dataset_cropped/09_Metas/03/18/20190903183500_00160.jpg,datasets_flow/dataset_cropped/09_Metas/03/18/20190903183500_00160.jpg,datasets_cloudmask/dataset_cropped/09_Metas/03/18/20190903183500_00160.png,32,0,32.1,27,964
9/3/2019 18:36,datasets/dataset_cropped/09_Metas/03/18/20190903183600_00160.jpg,datasets_flow/dataset_cropped/09_Metas/03/18/20190903183600_00160.jpg,datasets_cloudmask/dataset_cropped/09_Metas/03/18/20190903183600_00160.png,31.3,0,31.5,27,964
9/3/2019 18:37,datasets/dataset_cropped/09_Metas/03/18/20190903183700_00160.jpg,datasets_flow/dataset_cropped/09_Metas/03/18/20190903183700_00160.jpg,datasets_cloudmask/dataset_cropped/09_Metas/03/18/20190903183700_00160.png,30.5,0,30.7,26.9,964
9/3/2019 18:38,datasets/dataset_cropped/09_Metas/03/18/20190903183800_00160.jpg,datasets_flow/dataset_cropped/09_Metas/03/18/20190903183800_00160.jpg,datasets_cloudmask/dataset_cropped/09_Metas/03/18/20190903183800_00160.png,29.7,0,29.8,26.9,964
9/3/2019 18:39,datasets/dataset_cropped/09_Metas/03/18/20190903183900_00160.jpg,datasets_flow/dataset_cropped/09_Metas/03/18/20190903183900_00160.jpg,datasets_cloudmask/dataset_cropped/09_Metas/03/18/20190903183900_00160.png,28.9,0,29,26.8,964
9/3/2019 18:40,datasets/dataset_cropped/09_Metas/03/18/20190903184000_00160.jpg,datasets_flow/dataset_cropped/09_Metas/03/18/20190903184000_00160.jpg,datasets_cloudmask/dataset_cropped/09_Metas/03/18/20190903184000_00160.png,28.1,0,28.2,26.8,964
9/3/2019 18:41,datasets/dataset_cropped/09_Metas/03/18/20190903184100_00160.jpg,datasets_flow/dataset_cropped/09_Metas/03/18/20190903184100_00160.jpg,datasets_cloudmask/dataset_cropped/09_Metas/03/18/20190903184100_00160.png,27.4,0,27.4,26.9,964
9/3/2019 18:42,datasets/dataset_cropped/09_Metas/03/18/20190903184200_00160.jpg,datasets_flow/dataset_cropped/09_Metas/03/18/20190903184200_00160.jpg,datasets_cloudmask/dataset_cropped/09_Metas/03/18/20190903184200_00160.png,26.8,0,26.7,26.9,964
9/3/2019 18:43,datasets/dataset_cropped/09_Metas/03/18/20190903184300_00160.jpg,datasets_flow/dataset_cropped/09_Metas/03/18/20190903184300_00160.jpg,datasets_cloudmask/dataset_cropped/09_Metas/03/18/20190903184300_00160.png,26.2,0,26.1,26.9,964
9/3/2019 18:44,datasets/dataset_cropped/09_Metas/03/18/20190903184400_00160.jpg,datasets_flow/dataset_cropped/09_Metas/03/18/20190903184400_00160.jpg,datasets_cloudmask/dataset_cropped/09_Metas/03/18/20190903184400_00160.png,25.7,0,25.6,26.8,964
9/3/2019 18:45,datasets/dataset_cropped/09_Metas/03/18/20190903184500_00160.jpg,datasets_flow/dataset_cropped/09_Metas/03/18/20190903184500_00160.jpg,datasets_cloudmask/dataset_cropped/09_Metas/03/18/20190903184500_00160.png,25.3,0,25.2,26.8,964
9/3/2019 18:46,datasets/dataset_cropped/09_Metas/03/18/20190903184600_00160.jpg,datasets_flow/dataset_cropped/09_Metas/03/18/20190903184600_00160.jpg,datasets_cloudmask/dataset_cropped/09_Metas/03/18/20190903184600_00160.png,24.9,0,24.9,26.8,964
9/3/2019 18:47,datasets/dataset_cropped/09_Metas/03/18/20190903184700_00160.jpg,datasets_flow/dataset_cropped/09_Metas/03/18/20190903184700_00160.jpg,datasets_cloudmask/dataset_cropped/09_Metas/03/18/20190903184700_00160.png,24.5,0,24.4,26.6,964
9/3/2019 18:48,datasets/dataset_cropped/09_Metas/03/18/20190903184800_00160.jpg,datasets_flow/dataset_cropped/09_Metas/03/18/20190903184800_00160.jpg,datasets_cloudmask/dataset_cropped/09_Metas/03/18/20190903184800_00160.png,24,0,23.9,26.6,964
9/3/2019 18:49,datasets/dataset_cropped/09_Metas/03/18/20190903184900_00160.jpg,datasets_flow/dataset_cropped/09_Metas/03/18/20190903184900_00160.jpg,datasets_cloudmask/dataset_cropped/09_Metas/03/18/20190903184900_00160.png,23.6,0,23.5,26.6,964
9/3/2019 18:50,datasets/dataset_cropped/09_Metas/03/18/20190903185000_00160.jpg,datasets_flow/dataset_cropped/09_Metas/03/18/20190903185000_00160.jpg,datasets_cloudmask/dataset_cropped/09_Metas/03/18/20190903185000_00160.png,23.2,0,23.1,26.6,964
9/3/2019 18:51,datasets/dataset_cropped/09_Metas/03/18/20190903185100_00160.jpg,datasets_flow/dataset_cropped/09_Metas/03/18/20190903185100_00160.jpg,datasets_cloudmask/dataset_cropped/09_Metas/03/18/20190903185100_00160.png,22.8,0,22.7,26.5,964
9/3/2019 18:52,datasets/dataset_cropped/09_Metas/03/18/20190903185200_00160.jpg,datasets_flow/dataset_cropped/09_Metas/03/18/20190903185200_00160.jpg,datasets_cloudmask/dataset_cropped/09_Metas/03/18/20190903185200_00160.png,22.4,0,22.3,26.5,964
9/3/2019 18:53,datasets/dataset_cropped/09_Metas/03/18/20190903185300_00160.jpg,datasets_flow/dataset_cropped/09_Metas/03/18/20190903185300_00160.jpg,datasets_cloudmask/dataset_cropped/09_Metas/03/18/20190903185300_00160.png,21.9,0,21.9,26.5,964
9/3/2019 18:54,datasets/dataset_cropped/09_Metas/03/18/20190903185400_00160.jpg,datasets_flow/dataset_cropped/09_Metas/03/18/20190903185400_00160.jpg,datasets_cloudmask/dataset_cropped/09_Metas/03/18/20190903185400_00160.png,21.4,0,21.4,26.5,964
9/3/2019 18:55,datasets/dataset_cropped/09_Metas/03/18/20190903185500_00160.jpg,datasets_flow/dataset_cropped/09_Metas/03/18/20190903185500_00160.jpg,datasets_cloudmask/dataset_cropped/09_Metas/03/18/20190903185500_00160.png,21,0,20.9,26.4,964
9/3/2019 18:56,datasets/dataset_cropped/09_Metas/03/18/20190903185600_00160.jpg,datasets_flow/dataset_cropped/09_Metas/03/18/20190903185600_00160.jpg,datasets_cloudmask/dataset_cropped/09_Metas/03/18/20190903185600_00160.png,20.6,0,20.6,26.4,964
9/3/2019 18:57,datasets/dataset_cropped/09_Metas/03/18/20190903185700_00160.jpg,datasets_flow/dataset_cropped/09_Metas/03/18/20190903185700_00160.jpg,datasets_cloudmask/dataset_cropped/09_Metas/03/18/20190903185700_00160.png,20.2,0,20.1,26.4,964
9/3/2019 18:58,datasets/dataset_cropped/09_Metas/03/18/20190903185800_00160.jpg,datasets_flow/dataset_cropped/09_Metas/03/18/20190903185800_00160.jpg,datasets_cloudmask/dataset_cropped/09_Metas/03/18/20190903185800_00160.png,19.8,0,19.7,26.4,964
9/3/2019 18:59,datasets/dataset_cropped/09_Metas/03/18/20190903185900_00160.jpg,datasets_flow/dataset_cropped/09_Metas/03/18/20190903185900_00160.jpg,datasets_cloudmask/dataset_cropped/09_Metas/03/18/20190903185900_00160.png,19.3,0,19.2,26.3,964
9/3/2019 19:00,datasets/dataset_cropped/09_Metas/03/19/20190903190000_00160.jpg,datasets_flow/dataset_cropped/09_Metas/03/19/20190903190000_00160.jpg,datasets_cloudmask/dataset_cropped/09_Metas/03/19/20190903190000_00160.png,18.9,0,18.8,26.3,964
9/3/2019 19:01,datasets/dataset_cropped/09_Metas/03/19/20190903190100_00160.jpg,datasets_flow/dataset_cropped/09_Metas/03/19/20190903190100_00160.jpg,datasets_cloudmask/dataset_cropped/09_Metas/03/19/20190903190100_00160.png,18.4,0,18.4,26.3,964
9/3/2019 19:02,datasets/dataset_cropped/09_Metas/03/19/20190903190200_00160.jpg,datasets_flow/dataset_cropped/09_Metas/03/19/20190903190200_00160.jpg,datasets_cloudmask/dataset_cropped/09_Metas/03/19/20190903190200_00160.png,18,0,17.9,26.3,964
9/3/2019 19:03,datasets/dataset_cropped/09_Metas/03/19/20190903190300_00160.jpg,datasets_flow/dataset_cropped/09_Metas/03/19/20190903190300_00160.jpg,datasets_cloudmask/dataset_cropped/09_Metas/03/19/20190903190300_00160.png,17.5,0,17.5,26.3,964
9/3/2019 19:04,datasets/dataset_cropped/09_Metas/03/19/20190903190400_00160.jpg,datasets_flow/dataset_cropped/09_Metas/03/19/20190903190400_00160.jpg,datasets_cloudmask/dataset_cropped/09_Metas/03/19/20190903190400_00160.png,17.1,0,17,26.2,964
9/3/2019 19:05,datasets/dataset_cropped/09_Metas/03/19/20190903190500_00160.jpg,datasets_flow/dataset_cropped/09_Metas/03/19/20190903190500_00160.jpg,datasets_cloudmask/dataset_cropped/09_Metas/03/19/20190903190500_00160.png,16.6,0,16.6,26.2,964
9/3/2019 19:06,datasets/dataset_cropped/09_Metas/03/19/20190903190600_00160.jpg,datasets_flow/dataset_cropped/09_Metas/03/19/20190903190600_00160.jpg,datasets_cloudmask/dataset_cropped/09_Metas/03/19/20190903190600_00160.png,16.1,0,16.1,26.1,964
9/3/2019 19:07,datasets/dataset_cropped/09_Metas/03/19/20190903190700_00160.jpg,datasets_flow/dataset_cropped/09_Metas/03/19/20190903190700_00160.jpg,datasets_cloudmask/dataset_cropped/09_Metas/03/19/20190903190700_00160.png,15.5,0,15.4,26.1,964
9/3/2019 19:08,datasets/dataset_cropped/09_Metas/03/19/20190903190800_00160.jpg,datasets_flow/dataset_cropped/09_Metas/03/19/20190903190800_00160.jpg,datasets_cloudmask/dataset_cropped/09_Metas/03/19/20190903190800_00160.png,15,0,14.9,26.1,964
9/3/2019 19:09,datasets/dataset_cropped/09_Metas/03/19/20190903190900_00160.jpg,datasets_flow/dataset_cropped/09_Metas/03/19/20190903190900_00160.jpg,datasets_cloudmask/dataset_cropped/09_Metas/03/19/20190903190900_00160.png,14.5,0,14.4,26,964
9/3/2019 19:10,datasets/dataset_cropped/09_Metas/03/19/20190903191000_00160.jpg,datasets_flow/dataset_cropped/09_Metas/03/19/20190903191000_00160.jpg,datasets_cloudmask/dataset_cropped/09_Metas/03/19/20190903191000_00160.png,14,0,13.9,26,964
9/3/2019 19:11,datasets/dataset_cropped/09_Metas/03/19/20190903191100_00160.jpg,datasets_flow/dataset_cropped/09_Metas/03/19/20190903191100_00160.jpg,datasets_cloudmask/dataset_cropped/09_Metas/03/19/20190903191100_00160.png,13.4,0,13.3,26,964
9/3/2019 19:12,datasets/dataset_cropped/09_Metas/03/19/20190903191200_00160.jpg,datasets_flow/dataset_cropped/09_Metas/03/19/20190903191200_00160.jpg,datasets_cloudmask/dataset_cropped/09_Metas/03/19/20190903191200_00160.png,12.9,0,12.8,26,964
9/3/2019 19:13,datasets/dataset_cropped/09_Metas/03/19/20190903191300_00160.jpg,datasets_flow/dataset_cropped/09_Metas/03/19/20190903191300_00160.jpg,datasets_cloudmask/dataset_cropped/09_Metas/03/19/20190903191300_00160.png,12.4,0,12.3,26,964
9/3/2019 19:14,datasets/dataset_cropped/09_Metas/03/19/20190903191400_00160.jpg,datasets_flow/dataset_cropped/09_Metas/03/19/20190903191400_00160.jpg,datasets_cloudmask/dataset_cropped/09_Metas/03/19/20190903191400_00160.png,11.9,0,11.8,26,964
9/3/2019 19:15,datasets/dataset_cropped/09_Metas/03/19/20190903191500_00160.jpg,datasets_flow/dataset_cropped/09_Metas/03/19/20190903191500_00160.jpg,datasets_cloudmask/dataset_cropped/09_Metas/03/19/20190903191500_00160.png,11.4,0,11.3,25.9,964
9/3/2019 19:16,datasets/dataset_cropped/09_Metas/03/19/20190903191600_00160.jpg,datasets_flow/dataset_cropped/09_Metas/03/19/20190903191600_00160.jpg,datasets_cloudmask/dataset_cropped/09_Metas/03/19/20190903191600_00160.png,10.8,0,10.7,25.9,964
9/3/2019 19:17,datasets/dataset_cropped/09_Metas/03/19/20190903191700_00160.jpg,datasets_flow/dataset_cropped/09_Metas/03/19/20190903191700_00160.jpg,datasets_cloudmask/dataset_cropped/09_Metas/03/19/20190903191700_00160.png,10.3,0,10.2,25.9,964
9/3/2019 19:18,datasets/dataset_cropped/09_Metas/03/19/20190903191800_00160.jpg,datasets_flow/dataset_cropped/09_Metas/03/19/20190903191800_00160.jpg,datasets_cloudmask/dataset_cropped/09_Metas/03/19/20190903191800_00160.png,9.8,0,9.6,25.9,964
9/3/2019 19:19,datasets/dataset_cropped/09_Metas/03/19/20190903191900_00160.jpg,datasets_flow/dataset_cropped/09_Metas/03/19/20190903191900_00160.jpg,datasets_cloudmask/dataset_cropped/09_Metas/03/19/20190903191900_00160.png,9.2,0,9.2,25.9,964
9/3/2019 19:20,datasets/dataset_cropped/09_Metas/03/19/20190903192000_00160.jpg,datasets_flow/dataset_cropped/09_Metas/03/19/20190903192000_00160.jpg,datasets_cloudmask/dataset_cropped/09_Metas/03/19/20190903192000_00160.png,8.7,0,8.6,25.8,964
9/3/2019 19:21,datasets/dataset_cropped/09_Metas/03/19/20190903192100_00160.jpg,datasets_flow/dataset_cropped/09_Metas/03/19/20190903192100_00160.jpg,datasets_cloudmask/dataset_cropped/09_Metas/03/19/20190903192100_00160.png,8.2,0,8.1,25.8,964
9/3/2019 19:22,datasets/dataset_cropped/09_Metas/03/19/20190903192200_00160.jpg,datasets_flow/dataset_cropped/09_Metas/03/19/20190903192200_00160.jpg,datasets_cloudmask/dataset_cropped/09_Metas/03/19/20190903192200_00160.png,7.6,0,7.6,25.7,964
9/3/2019 19:23,datasets/dataset_cropped/09_Metas/03/19/20190903192300_00160.jpg,datasets_flow/dataset_cropped/09_Metas/03/19/20190903192300_00160.jpg,datasets_cloudmask/dataset_cropped/09_Metas/03/19/20190903192300_00160.png,7.1,0,7,25.7,964
9/3/2019 19:24,datasets/dataset_cropped/09_Metas/03/19/20190903192400_00160.jpg,datasets_flow/dataset_cropped/09_Metas/03/19/20190903192400_00160.jpg,datasets_cloudmask/dataset_cropped/09_Metas/03/19/20190903192400_00160.png,6.5,0,6.4,25.7,964
9/3/2019 19:25,datasets/dataset_cropped/09_Metas/03/19/20190903192500_00160.jpg,datasets_flow/dataset_cropped/09_Metas/03/19/20190903192500_00160.jpg,datasets_cloudmask/dataset_cropped/09_Metas/03/19/20190903192500_00160.png,6,0,5.9,25.6,964
9/3/2019 19:26,datasets/dataset_cropped/09_Metas/03/19/20190903192600_00160.jpg,datasets_flow/dataset_cropped/09_Metas/03/19/20190903192600_00160.jpg,datasets_cloudmask/dataset_cropped/09_Metas/03/19/20190903192600_00160.png,5.5,0,5.4,25.6,964
9/3/2019 19:27,datasets/dataset_cropped/09_Metas/03/19/20190903192700_00160.jpg,datasets_flow/dataset_cropped/09_Metas/03/19/20190903192700_00160.jpg,datasets_cloudmask/dataset_cropped/09_Metas/03/19/20190903192700_00160.png,5,0,4.9,25.6,964
9/3/2019 19:28,datasets/dataset_cropped/09_Metas/03/19/20190903192800_00160.jpg,datasets_flow/dataset_cropped/09_Metas/03/19/20190903192800_00160.jpg,datasets_cloudmask/dataset_cropped/09_Metas/03/19/20190903192800_00160.png,4.5,0,4.4,25.6,964
9/3/2019 19:29,datasets/dataset_cropped/09_Metas/03/19/20190903192900_00160.jpg,datasets_flow/dataset_cropped/09_Metas/03/19/20190903192900_00160.jpg,datasets_cloudmask/dataset_cropped/09_Metas/03/19/20190903192900_00160.png,4,0,3.9,25.6,964
9/3/2019 19:30,datasets/dataset_cropped/09_Metas/03/19/20190903193000_00160.jpg,datasets_flow/dataset_cropped/09_Metas/03/19/20190903193000_00160.jpg,datasets_cloudmask/dataset_cropped/09_Metas/03/19/20190903193000_00160.png,3.6,0,3.5,25.6,964
9/3/2019 19:31,datasets/dataset_cropped/09_Metas/03/19/20190903193100_00160.jpg,datasets_flow/dataset_cropped/09_Metas/03/19/20190903193100_00160.jpg,datasets_cloudmask/dataset_cropped/09_Metas/03/19/20190903193100_00160.png,3.1,0,3,25.6,964
9/3/2019 19:32,datasets/dataset_cropped/09_Metas/03/19/20190903193200_00160.jpg,datasets_flow/dataset_cropped/09_Metas/03/19/20190903193200_00160.jpg,datasets_cloudmask/dataset_cropped/09_Metas/03/19/20190903193200_00160.png,2.6,0,2.5,25.6,964
9/3/2019 19:33,datasets/dataset_cropped/09_Metas/03/19/20190903193300_00160.jpg,datasets_flow/dataset_cropped/09_Metas/03/19/20190903193300_00160.jpg,datasets_cloudmask/dataset_cropped/09_Metas/03/19/20190903193300_00160.png,2.2,0,2.2,25.6,964
9/3/2019 19:34,datasets/dataset_cropped/09_Metas/03/19/20190903193400_00160.jpg,datasets_flow/dataset_cropped/09_Metas/03/19/20190903193400_00160.jpg,datasets_cloudmask/dataset_cropped/09_Metas/03/19/20190903193400_00160.png,1.8,0,1.7,25.6,964
9/4/2019 6:44,datasets/dataset_cropped/09_Metas/04/06/20190904064400_00160.jpg,datasets_flow/dataset_cropped/09_Metas/04/06/20190904064400_00160.jpg,datasets_cloudmask/dataset_cropped/09_Metas/04/06/20190904064400_00160.png,3.6,0,3.4,20.3,963
9/4/2019 6:45,datasets/dataset_cropped/09_Metas/04/06/20190904064500_00160.jpg,datasets_flow/dataset_cropped/09_Metas/04/06/20190904064500_00160.jpg,datasets_cloudmask/dataset_cropped/09_Metas/04/06/20190904064500_00160.png,4.3,0,4.1,20.3,963
9/4/2019 6:46,datasets/dataset_cropped/09_Metas/04/06/20190904064600_00160.jpg,datasets_flow/dataset_cropped/09_Metas/04/06/20190904064600_00160.jpg,datasets_cloudmask/dataset_cropped/09_Metas/04/06/20190904064600_00160.png,5.1,0,4.8,20.3,963
9/4/2019 6:47,datasets/dataset_cropped/09_Metas/04/06/20190904064700_00160.jpg,datasets_flow/dataset_cropped/09_Metas/04/06/20190904064700_00160.jpg,datasets_cloudmask/dataset_cropped/09_Metas/04/06/20190904064700_00160.png,5.9,0,5.7,20.2,964
9/4/2019 6:48,datasets/dataset_cropped/09_Metas/04/06/20190904064800_00160.jpg,datasets_flow/dataset_cropped/09_Metas/04/06/20190904064800_00160.jpg,datasets_cloudmask/dataset_cropped/09_Metas/04/06/20190904064800_00160.png,6.8,0,6.6,20.1,963
9/4/2019 6:49,datasets/dataset_cropped/09_Metas/04/06/20190904064900_00160.jpg,datasets_flow/dataset_cropped/09_Metas/04/06/20190904064900_00160.jpg,datasets_cloudmask/dataset_cropped/09_Metas/04/06/20190904064900_00160.png,7.8,0,7.6,20.1,963
9/4/2019 6:50,datasets/dataset_cropped/09_Metas/04/06/20190904065000_00160.jpg,datasets_flow/dataset_cropped/09_Metas/04/06/20190904065000_00160.jpg,datasets_cloudmask/dataset_cropped/09_Metas/04/06/20190904065000_00160.png,8.8,0,8.6,20,964
9/4/2019 6:51,datasets/dataset_cropped/09_Metas/04/06/20190904065100_00160.jpg,datasets_flow/dataset_cropped/09_Metas/04/06/20190904065100_00160.jpg,datasets_cloudmask/dataset_cropped/09_Metas/04/06/20190904065100_00160.png,9.8,0.5,9.7,19.9,964
9/4/2019 6:52,datasets/dataset_cropped/09_Metas/04/06/20190904065200_00160.jpg,datasets_flow/dataset_cropped/09_Metas/04/06/20190904065200_00160.jpg,datasets_cloudmask/dataset_cropped/09_Metas/04/06/20190904065200_00160.png,10.8,3,10.7,19.8,963
9/4/2019 6:53,datasets/dataset_cropped/09_Metas/04/06/20190904065300_00160.jpg,datasets_flow/dataset_cropped/09_Metas/04/06/20190904065300_00160.jpg,datasets_cloudmask/dataset_cropped/09_Metas/04/06/20190904065300_00160.png,11.9,4.8,11.7,19.8,963
9/4/2019 6:54,datasets/dataset_cropped/09_Metas/04/06/20190904065400_00160.jpg,datasets_flow/dataset_cropped/09_Metas/04/06/20190904065400_00160.jpg,datasets_cloudmask/dataset_cropped/09_Metas/04/06/20190904065400_00160.png,13.2,8.9,12.8,19.8,963
9/4/2019 6:55,datasets/dataset_cropped/09_Metas/04/06/20190904065500_00160.jpg,datasets_flow/dataset_cropped/09_Metas/04/06/20190904065500_00160.jpg,datasets_cloudmask/dataset_cropped/09_Metas/04/06/20190904065500_00160.png,14.4,12.1,13.9,19.8,964
9/4/2019 6:56,datasets/dataset_cropped/09_Metas/04/06/20190904065600_00160.jpg,datasets_flow/dataset_cropped/09_Metas/04/06/20190904065600_00160.jpg,datasets_cloudmask/dataset_cropped/09_Metas/04/06/20190904065600_00160.png,15.5,11.5,15,19.8,964
9/4/2019 6:57,datasets/dataset_cropped/09_Metas/04/06/20190904065700_00160.jpg,datasets_flow/dataset_cropped/09_Metas/04/06/20190904065700_00160.jpg,datasets_cloudmask/dataset_cropped/09_Metas/04/06/20190904065700_00160.png,17.1,18.8,16.2,19.8,964
9/4/2019 6:58,datasets/dataset_cropped/09_Metas/04/06/20190904065800_00160.jpg,datasets_flow/dataset_cropped/09_Metas/04/06/20190904065800_00160.jpg,datasets_cloudmask/dataset_cropped/09_Metas/04/06/20190904065800_00160.png,19.2,36,17.5,19.8,964
9/4/2019 6:59,datasets/dataset_cropped/09_Metas/04/06/20190904065900_00160.jpg,datasets_flow/dataset_cropped/09_Metas/04/06/20190904065900_00160.jpg,datasets_cloudmask/dataset_cropped/09_Metas/04/06/20190904065900_00160.png,21.1,50.2,18.6,19.9,964
9/4/2019 7:00,datasets/dataset_cropped/09_Metas/04/07/20190904070000_00160.jpg,datasets_flow/dataset_cropped/09_Metas/04/07/20190904070000_00160.jpg,datasets_cloudmask/dataset_cropped/09_Metas/04/07/20190904070000_00160.png,22.9,57.9,19.9,19.9,964
9/4/2019 7:01,datasets/dataset_cropped/09_Metas/04/07/20190904070100_00160.jpg,datasets_flow/dataset_cropped/09_Metas/04/07/20190904070100_00160.jpg,datasets_cloudmask/dataset_cropped/09_Metas/04/07/20190904070100_00160.png,24.6,64.5,21,19.9,964
9/4/2019 7:02,datasets/dataset_cropped/09_Metas/04/07/20190904070200_00160.jpg,datasets_flow/dataset_cropped/09_Metas/04/07/20190904070200_00160.jpg,datasets_cloudmask/dataset_cropped/09_Metas/04/07/20190904070200_00160.png,26.4,71.9,22.2,19.9,964
9/4/2019 7:03,datasets/dataset_cropped/09_Metas/04/07/20190904070300_00160.jpg,datasets_flow/dataset_cropped/09_Metas/04/07/20190904070300_00160.jpg,datasets_cloudmask/dataset_cropped/09_Metas/04/07/20190904070300_00160.png,28.3,80.4,23.4,20,964
9/4/2019 7:04,datasets/dataset_cropped/09_Metas/04/07/20190904070400_00160.jpg,datasets_flow/dataset_cropped/09_Metas/04/07/20190904070400_00160.jpg,datasets_cloudmask/dataset_cropped/09_Metas/04/07/20190904070400_00160.png,30.2,88.1,24.5,20,964
9/4/2019 7:05,datasets/dataset_cropped/09_Metas/04/07/20190904070500_00160.jpg,datasets_flow/dataset_cropped/09_Metas/04/07/20190904070500_00160.jpg,datasets_cloudmask/dataset_cropped/09_Metas/04/07/20190904070500_00160.png,32.1,94.4,25.7,20.1,963
9/4/2019 7:06,datasets/dataset_cropped/09_Metas/04/07/20190904070600_00160.jpg,datasets_flow/dataset_cropped/09_Metas/04/07/20190904070600_00160.jpg,datasets_cloudmask/dataset_cropped/09_Metas/04/07/20190904070600_00160.png,34,100.3,26.9,20.1,964
9/4/2019 7:07,datasets/dataset_cropped/09_Metas/04/07/20190904070700_00160.jpg,datasets_flow/dataset_cropped/09_Metas/04/07/20190904070700_00160.jpg,datasets_cloudmask/dataset_cropped/09_Metas/04/07/20190904070700_00160.png,36,108.2,28.1,20.2,964
9/4/2019 7:08,datasets/dataset_cropped/09_Metas/04/07/20190904070800_00160.jpg,datasets_flow/dataset_cropped/09_Metas/04/07/20190904070800_00160.jpg,datasets_cloudmask/dataset_cropped/09_Metas/04/07/20190904070800_00160.png,38.2,116.4,29.2,20.2,964
9/4/2019 7:09,datasets/dataset_cropped/09_Metas/04/07/20190904070900_00160.jpg,datasets_flow/dataset_cropped/09_Metas/04/07/20190904070900_00160.jpg,datasets_cloudmask/dataset_cropped/09_Metas/04/07/20190904070900_00160.png,40.2,123.4,30.4,20.2,964
9/4/2019 7:10,datasets/dataset_cropped/09_Metas/04/07/20190904071000_00160.jpg,datasets_flow/dataset_cropped/09_Metas/04/07/20190904071000_00160.jpg,datasets_cloudmask/dataset_cropped/09_Metas/04/07/20190904071000_00160.png,42.2,128.8,31.5,20.2,964
9/4/2019 7:11,datasets/dataset_cropped/09_Metas/04/07/20190904071100_00160.jpg,datasets_flow/dataset_cropped/09_Metas/04/07/20190904071100_00160.jpg,datasets_cloudmask/dataset_cropped/09_Metas/04/07/20190904071100_00160.png,44.2,134.4,32.6,20.3,964
9/4/2019 7:12,datasets/dataset_cropped/09_Metas/04/07/20190904071200_00160.jpg,datasets_flow/dataset_cropped/09_Metas/04/07/20190904071200_00160.jpg,datasets_cloudmask/dataset_cropped/09_Metas/04/07/20190904071200_00160.png,46.3,140.8,33.7,20.4,964
9/4/2019 7:13,datasets/dataset_cropped/09_Metas/04/07/20190904071300_00160.jpg,datasets_flow/dataset_cropped/09_Metas/04/07/20190904071300_00160.jpg,datasets_cloudmask/dataset_cropped/09_Metas/04/07/20190904071300_00160.png,48.4,146.7,34.9,20.4,964
9/4/2019 7:14,datasets/dataset_cropped/09_Metas/04/07/20190904071400_00160.jpg,datasets_flow/dataset_cropped/09_Metas/04/07/20190904071400_00160.jpg,datasets_cloudmask/dataset_cropped/09_Metas/04/07/20190904071400_00160.png,50.7,153.1,36,20.5,964
9/4/2019 7:15,datasets/dataset_cropped/09_Metas/04/07/20190904071500_00160.jpg,datasets_flow/dataset_cropped/09_Metas/04/07/20190904071500_00160.jpg,datasets_cloudmask/dataset_cropped/09_Metas/04/07/20190904071500_00160.png,53,159.6,37.2,20.5,964
9/4/2019 7:16,datasets/dataset_cropped/09_Metas/04/07/20190904071600_00160.jpg,datasets_flow/dataset_cropped/09_Metas/04/07/20190904071600_00160.jpg,datasets_cloudmask/dataset_cropped/09_Metas/04/07/20190904071600_00160.png,55.3,165.5,38.3,20.6,964
9/4/2019 7:17,datasets/dataset_cropped/09_Metas/04/07/20190904071700_00160.jpg,datasets_flow/dataset_cropped/09_Metas/04/07/20190904071700_00160.jpg,datasets_cloudmask/dataset_cropped/09_Metas/04/07/20190904071700_00160.png,57.6,171.5,39.4,20.6,964
9/4/2019 7:18,datasets/dataset_cropped/09_Metas/04/07/20190904071800_00160.jpg,datasets_flow/dataset_cropped/09_Metas/04/07/20190904071800_00160.jpg,datasets_cloudmask/dataset_cropped/09_Metas/04/07/20190904071800_00160.png,60,177.9,40.4,20.7,964
9/4/2019 7:19,datasets/dataset_cropped/09_Metas/04/07/20190904071900_00160.jpg,datasets_flow/dataset_cropped/09_Metas/04/07/20190904071900_00160.jpg,datasets_cloudmask/dataset_cropped/09_Metas/04/07/20190904071900_00160.png,62.4,184.3,41.5,20.8,964
9/4/2019 7:20,datasets/dataset_cropped/09_Metas/04/07/20190904072000_00160.jpg,datasets_flow/dataset_cropped/09_Metas/04/07/20190904072000_00160.jpg,datasets_cloudmask/dataset_cropped/09_Metas/04/07/20190904072000_00160.png,64.7,189.2,42.6,20.8,964
9/4/2019 7:21,datasets/dataset_cropped/09_Metas/04/07/20190904072100_00160.jpg,datasets_flow/dataset_cropped/09_Metas/04/07/20190904072100_00160.jpg,datasets_cloudmask/dataset_cropped/09_Metas/04/07/20190904072100_00160.png,67,193.6,43.7,20.9,964
9/4/2019 7:22,datasets/dataset_cropped/09_Metas/04/07/20190904072200_00160.jpg,datasets_flow/dataset_cropped/09_Metas/04/07/20190904072200_00160.jpg,datasets_cloudmask/dataset_cropped/09_Metas/04/07/20190904072200_00160.png,69.2,197.5,44.8,20.9,964
9/4/2019 7:23,datasets/dataset_cropped/09_Metas/04/07/20190904072300_00160.jpg,datasets_flow/dataset_cropped/09_Metas/04/07/20190904072300_00160.jpg,datasets_cloudmask/dataset_cropped/09_Metas/04/07/20190904072300_00160.png,71.7,203,46,21,964
9/4/2019 7:24,datasets/dataset_cropped/09_Metas/04/07/20190904072400_00160.jpg,datasets_flow/dataset_cropped/09_Metas/04/07/20190904072400_00160.jpg,datasets_cloudmask/dataset_cropped/09_Metas/04/07/20190904072400_00160.png,74.4,210,47.1,21.1,964
9/4/2019 7:25,datasets/dataset_cropped/09_Metas/04/07/20190904072500_00160.jpg,datasets_flow/dataset_cropped/09_Metas/04/07/20190904072500_00160.jpg,datasets_cloudmask/dataset_cropped/09_Metas/04/07/20190904072500_00160.png,76.9,215.2,48.2,21.1,964
9/4/2019 7:26,datasets/dataset_cropped/09_Metas/04/07/20190904072600_00160.jpg,datasets_flow/dataset_cropped/09_Metas/04/07/20190904072600_00160.jpg,datasets_cloudmask/dataset_cropped/09_Metas/04/07/20190904072600_00160.png,79.2,219.2,49.3,21.1,964
9/4/2019 7:27,datasets/dataset_cropped/09_Metas/04/07/20190904072700_00160.jpg,datasets_flow/dataset_cropped/09_Metas/04/07/20190904072700_00160.jpg,datasets_cloudmask/dataset_cropped/09_Metas/04/07/20190904072700_00160.png,81.4,222.1,50.3,21.2,964
9/4/2019 7:28,datasets/dataset_cropped/09_Metas/04/07/20190904072800_00160.jpg,datasets_flow/dataset_cropped/09_Metas/04/07/20190904072800_00160.jpg,datasets_cloudmask/dataset_cropped/09_Metas/04/07/20190904072800_00160.png,83.4,223.6,51.5,21.2,964
9/4/2019 7:29,datasets/dataset_cropped/09_Metas/04/07/20190904072900_00160.jpg,datasets_flow/dataset_cropped/09_Metas/04/07/20190904072900_00160.jpg,datasets_cloudmask/dataset_cropped/09_Metas/04/07/20190904072900_00160.png,85.7,226.3,52.6,21.3,964
9/4/2019 7:30,datasets/dataset_cropped/09_Metas/04/07/20190904073000_00160.jpg,datasets_flow/dataset_cropped/09_Metas/04/07/20190904073000_00160.jpg,datasets_cloudmask/dataset_cropped/09_Metas/04/07/20190904073000_00160.png,88.5,232.1,53.8,21.3,964
9/4/2019 7:31,datasets/dataset_cropped/09_Metas/04/07/20190904073100_00160.jpg,datasets_flow/dataset_cropped/09_Metas/04/07/20190904073100_00160.jpg,datasets_cloudmask/dataset_cropped/09_Metas/04/07/20190904073100_00160.png,91.6,239.5,55,21.4,964
9/4/2019 7:32,datasets/dataset_cropped/09_Metas/04/07/20190904073200_00160.jpg,datasets_flow/dataset_cropped/09_Metas/04/07/20190904073200_00160.jpg,datasets_cloudmask/dataset_cropped/09_Metas/04/07/20190904073200_00160.png,94.8,247.4,56.1,21.4,964
9/4/2019 7:33,datasets/dataset_cropped/09_Metas/04/07/20190904073300_00160.jpg,datasets_flow/dataset_cropped/09_Metas/04/07/20190904073300_00160.jpg,datasets_cloudmask/dataset_cropped/09_Metas/04/07/20190904073300_00160.png,98,255,57.2,21.4,964
9/4/2019 7:34,datasets/dataset_cropped/09_Metas/04/07/20190904073400_00160.jpg,datasets_flow/dataset_cropped/09_Metas/04/07/20190904073400_00160.jpg,datasets_cloudmask/dataset_cropped/09_Metas/04/07/20190904073400_00160.png,101.1,261.6,58.4,21.5,964
9/4/2019 7:35,datasets/dataset_cropped/09_Metas/04/07/20190904073500_00160.jpg,datasets_flow/dataset_cropped/09_Metas/04/07/20190904073500_00160.jpg,datasets_cloudmask/dataset_cropped/09_Metas/04/07/20190904073500_00160.png,104.1,267.8,59.5,21.6,964
9/4/2019 7:36,datasets/dataset_cropped/09_Metas/04/07/20190904073600_00160.jpg,datasets_flow/dataset_cropped/09_Metas/04/07/20190904073600_00160.jpg,datasets_cloudmask/dataset_cropped/09_Metas/04/07/20190904073600_00160.png,107.3,274.4,60.7,21.6,964
9/4/2019 7:37,datasets/dataset_cropped/09_Metas/04/07/20190904073700_00160.jpg,datasets_flow/dataset_cropped/09_Metas/04/07/20190904073700_00160.jpg,datasets_cloudmask/dataset_cropped/09_Metas/04/07/20190904073700_00160.png,110.2,279.9,61.7,21.7,964
9/4/2019 7:38,datasets/dataset_cropped/09_Metas/04/07/20190904073800_00160.jpg,datasets_flow/dataset_cropped/09_Metas/04/07/20190904073800_00160.jpg,datasets_cloudmask/dataset_cropped/09_Metas/04/07/20190904073800_00160.png,113.4,286.6,62.8,21.8,964
9/4/2019 7:39,datasets/dataset_cropped/09_Metas/04/07/20190904073900_00160.jpg,datasets_flow/dataset_cropped/09_Metas/04/07/20190904073900_00160.jpg,datasets_cloudmask/dataset_cropped/09_Metas/04/07/20190904073900_00160.png,116.3,291.7,63.8,21.8,964
9/4/2019 7:40,datasets/dataset_cropped/09_Metas/04/07/20190904074000_00160.jpg,datasets_flow/dataset_cropped/09_Metas/04/07/20190904074000_00160.jpg,datasets_cloudmask/dataset_cropped/09_Metas/04/07/20190904074000_00160.png,119.4,297.6,64.9,22,964
9/4/2019 7:41,datasets/dataset_cropped/09_Metas/04/07/20190904074100_00160.jpg,datasets_flow/dataset_cropped/09_Metas/04/07/20190904074100_00160.jpg,datasets_cloudmask/dataset_cropped/09_Metas/04/07/20190904074100_00160.png,122.6,303.7,65.9,22,964
9/4/2019 7:42,datasets/dataset_cropped/09_Metas/04/07/20190904074200_00160.jpg,datasets_flow/dataset_cropped/09_Metas/04/07/20190904074200_00160.jpg,datasets_cloudmask/dataset_cropped/09_Metas/04/07/20190904074200_00160.png,125.8,309.8,66.9,22,964
9/4/2019 7:43,datasets/dataset_cropped/09_Metas/04/07/20190904074300_00160.jpg,datasets_flow/dataset_cropped/09_Metas/04/07/20190904074300_00160.jpg,datasets_cloudmask/dataset_cropped/09_Metas/04/07/20190904074300_00160.png,129,315.1,68,22.1,964
9/4/2019 7:44,datasets/dataset_cropped/09_Metas/04/07/20190904074400_00160.jpg,datasets_flow/dataset_cropped/09_Metas/04/07/20190904074400_00160.jpg,datasets_cloudmask/dataset_cropped/09_Metas/04/07/20190904074400_00160.png,132,319.7,69.1,22.1,964
9/4/2019 7:45,datasets/dataset_cropped/09_Metas/04/07/20190904074500_00160.jpg,datasets_flow/dataset_cropped/09_Metas/04/07/20190904074500_00160.jpg,datasets_cloudmask/dataset_cropped/09_Metas/04/07/20190904074500_00160.png,135.1,325.1,70.1,22,964
9/4/2019 7:46,datasets/dataset_cropped/09_Metas/04/07/20190904074600_00160.jpg,datasets_flow/dataset_cropped/09_Metas/04/07/20190904074600_00160.jpg,datasets_cloudmask/dataset_cropped/09_Metas/04/07/20190904074600_00160.png,137.8,329.3,70.8,22,964
9/4/2019 7:47,datasets/dataset_cropped/09_Metas/04/07/20190904074700_00160.jpg,datasets_flow/dataset_cropped/09_Metas/04/07/20190904074700_00160.jpg,datasets_cloudmask/dataset_cropped/09_Metas/04/07/20190904074700_00160.png,140.3,331.6,71.7,21.9,964
9/4/2019 7:48,datasets/dataset_cropped/09_Metas/04/07/20190904074800_00160.jpg,datasets_flow/dataset_cropped/09_Metas/04/07/20190904074800_00160.jpg,datasets_cloudmask/dataset_cropped/09_Metas/04/07/20190904074800_00160.png,143,334.4,72.7,21.9,964
9/4/2019 7:49,datasets/dataset_cropped/09_Metas/04/07/20190904074900_00160.jpg,datasets_flow/dataset_cropped/09_Metas/04/07/20190904074900_00160.jpg,datasets_cloudmask/dataset_cropped/09_Metas/04/07/20190904074900_00160.png,146.1,338.2,73.7,21.9,964
9/4/2019 7:50,datasets/dataset_cropped/09_Metas/04/07/20190904075000_00160.jpg,datasets_flow/dataset_cropped/09_Metas/04/07/20190904075000_00160.jpg,datasets_cloudmask/dataset_cropped/09_Metas/04/07/20190904075000_00160.png,149.6,343.4,74.9,21.9,964
9/4/2019 7:51,datasets/dataset_cropped/09_Metas/04/07/20190904075100_00160.jpg,datasets_flow/dataset_cropped/09_Metas/04/07/20190904075100_00160.jpg,datasets_cloudmask/dataset_cropped/09_Metas/04/07/20190904075100_00160.png,153.3,350,76,21.8,964
9/4/2019 7:52,datasets/dataset_cropped/09_Metas/04/07/20190904075200_00160.jpg,datasets_flow/dataset_cropped/09_Metas/04/07/20190904075200_00160.jpg,datasets_cloudmask/dataset_cropped/09_Metas/04/07/20190904075200_00160.png,156.7,354.4,77.2,21.9,964
9/4/2019 7:53,datasets/dataset_cropped/09_Metas/04/07/20190904075300_00160.jpg,datasets_flow/dataset_cropped/09_Metas/04/07/20190904075300_00160.jpg,datasets_cloudmask/dataset_cropped/09_Metas/04/07/20190904075300_00160.png,159.5,356.7,78.2,21.8,964
9/4/2019 7:54,datasets/dataset_cropped/09_Metas/04/07/20190904075400_00160.jpg,datasets_flow/dataset_cropped/09_Metas/04/07/20190904075400_00160.jpg,datasets_cloudmask/dataset_cropped/09_Metas/04/07/20190904075400_00160.png,162.4,359.7,79.2,21.8,964
9/4/2019 7:55,datasets/dataset_cropped/09_Metas/04/07/20190904075500_00160.jpg,datasets_flow/dataset_cropped/09_Metas/04/07/20190904075500_00160.jpg,datasets_cloudmask/dataset_cropped/09_Metas/04/07/20190904075500_00160.png,165.5,363.3,80.2,21.9,964
9/4/2019 7:56,datasets/dataset_cropped/09_Metas/04/07/20190904075600_00160.jpg,datasets_flow/dataset_cropped/09_Metas/04/07/20190904075600_00160.jpg,datasets_cloudmask/dataset_cropped/09_Metas/04/07/20190904075600_00160.png,169.8,371.5,81.3,22,964
9/4/2019 7:57,datasets/dataset_cropped/09_Metas/04/07/20190904075700_00160.jpg,datasets_flow/dataset_cropped/09_Metas/04/07/20190904075700_00160.jpg,datasets_cloudmask/dataset_cropped/09_Metas/04/07/20190904075700_00160.png,173.8,378.3,82.4,22.1,964
9/4/2019 7:58,datasets/dataset_cropped/09_Metas/04/07/20190904075800_00160.jpg,datasets_flow/dataset_cropped/09_Metas/04/07/20190904075800_00160.jpg,datasets_cloudmask/dataset_cropped/09_Metas/04/07/20190904075800_00160.png,177.2,382.7,83.5,22.1,964
9/4/2019 7:59,datasets/dataset_cropped/09_Metas/04/07/20190904075900_00160.jpg,datasets_flow/dataset_cropped/09_Metas/04/07/20190904075900_00160.jpg,datasets_cloudmask/dataset_cropped/09_Metas/04/07/20190904075900_00160.png,180.2,385,84.6,22.2,964
9/4/2019 8:00,datasets/dataset_cropped/09_Metas/04/08/20190904080000_00160.jpg,datasets_flow/dataset_cropped/09_Metas/04/08/20190904080000_00160.jpg,datasets_cloudmask/dataset_cropped/09_Metas/04/08/20190904080000_00160.png,183.1,386.7,85.7,22.3,964
9/4/2019 8:01,datasets/dataset_cropped/09_Metas/04/08/20190904080100_00160.jpg,datasets_flow/dataset_cropped/09_Metas/04/08/20190904080100_00160.jpg,datasets_cloudmask/dataset_cropped/09_Metas/04/08/20190904080100_00160.png,186.3,390.3,86.7,22.2,964
9/4/2019 8:02,datasets/dataset_cropped/09_Metas/04/08/20190904080200_00160.jpg,datasets_flow/dataset_cropped/09_Metas/04/08/20190904080200_00160.jpg,datasets_cloudmask/dataset_cropped/09_Metas/04/08/20190904080200_00160.png,189.7,395.3,87.8,22.2,964
9/4/2019 8:03,datasets/dataset_cropped/09_Metas/04/08/20190904080300_00160.jpg,datasets_flow/dataset_cropped/09_Metas/04/08/20190904080300_00160.jpg,datasets_cloudmask/dataset_cropped/09_Metas/04/08/20190904080300_00160.png,184.9,399,88.7,22.2,964
9/4/2019 8:04,datasets/dataset_cropped/09_Metas/04/08/20190904080400_00160.jpg,datasets_flow/dataset_cropped/09_Metas/04/08/20190904080400_00160.jpg,datasets_cloudmask/dataset_cropped/09_Metas/04/08/20190904080400_00160.png,191.7,399.8,89.3,22.3,964
9/4/2019 8:05,datasets/dataset_cropped/09_Metas/04/08/20190904080500_00160.jpg,datasets_flow/dataset_cropped/09_Metas/04/08/20190904080500_00160.jpg,datasets_cloudmask/dataset_cropped/09_Metas/04/08/20190904080500_00160.png,195.7,403.4,90,22.3,964
9/4/2019 8:06,datasets/dataset_cropped/09_Metas/04/08/20190904080600_00160.jpg,datasets_flow/dataset_cropped/09_Metas/04/08/20190904080600_00160.jpg,datasets_cloudmask/dataset_cropped/09_Metas/04/08/20190904080600_00160.png,199.9,406.8,91.1,22.3,964
9/4/2019 8:07,datasets/dataset_cropped/09_Metas/04/08/20190904080700_00160.jpg,datasets_flow/dataset_cropped/09_Metas/04/08/20190904080700_00160.jpg,datasets_cloudmask/dataset_cropped/09_Metas/04/08/20190904080700_00160.png,204.5,412.3,91.9,22.4,964
9/4/2019 8:08,datasets/dataset_cropped/09_Metas/04/08/20190904080800_00160.jpg,datasets_flow/dataset_cropped/09_Metas/04/08/20190904080800_00160.jpg,datasets_cloudmask/dataset_cropped/09_Metas/04/08/20190904080800_00160.png,207.6,417.6,92.4,22.5,964
9/4/2019 8:09,datasets/dataset_cropped/09_Metas/04/08/20190904080900_00160.jpg,datasets_flow/dataset_cropped/09_Metas/04/08/20190904080900_00160.jpg,datasets_cloudmask/dataset_cropped/09_Metas/04/08/20190904080900_00160.png,210.7,422.9,92.9,22.5,964
9/4/2019 8:10,datasets/dataset_cropped/09_Metas/04/08/20190904081000_00160.jpg,datasets_flow/dataset_cropped/09_Metas/04/08/20190904081000_00160.jpg,datasets_cloudmask/dataset_cropped/09_Metas/04/08/20190904081000_00160.png,213.9,428.1,93.5,22.6,964
9/4/2019 8:11,datasets/dataset_cropped/09_Metas/04/08/20190904081100_00160.jpg,datasets_flow/dataset_cropped/09_Metas/04/08/20190904081100_00160.jpg,datasets_cloudmask/dataset_cropped/09_Metas/04/08/20190904081100_00160.png,217,433.4,94,22.6,964
9/4/2019 8:12,datasets/dataset_cropped/09_Metas/04/08/20190904081200_00160.jpg,datasets_flow/dataset_cropped/09_Metas/04/08/20190904081200_00160.jpg,datasets_cloudmask/dataset_cropped/09_Metas/04/08/20190904081200_00160.png,220.1,438.7,94.5,22.7,964
9/4/2019 8:13,datasets/dataset_cropped/09_Metas/04/08/20190904081300_00160.jpg,datasets_flow/dataset_cropped/09_Metas/04/08/20190904081300_00160.jpg,datasets_cloudmask/dataset_cropped/09_Metas/04/08/20190904081300_00160.png,220.6,439.5,93.9,22.6,964
9/4/2019 8:14,datasets/dataset_cropped/09_Metas/04/08/20190904081400_00160.jpg,datasets_flow/dataset_cropped/09_Metas/04/08/20190904081400_00160.jpg,datasets_cloudmask/dataset_cropped/09_Metas/04/08/20190904081400_00160.png,223.5,441.3,94.9,22.7,964
9/4/2019 8:15,datasets/dataset_cropped/09_Metas/04/08/20190904081500_00160.jpg,datasets_flow/dataset_cropped/09_Metas/04/08/20190904081500_00160.jpg,datasets_cloudmask/dataset_cropped/09_Metas/04/08/20190904081500_00160.png,228.6,447.6,96.4,22.7,964
9/4/2019 8:16,datasets/dataset_cropped/09_Metas/04/08/20190904081600_00160.jpg,datasets_flow/dataset_cropped/09_Metas/04/08/20190904081600_00160.jpg,datasets_cloudmask/dataset_cropped/09_Metas/04/08/20190904081600_00160.png,233,452.2,97.6,22.7,964
9/4/2019 8:17,datasets/dataset_cropped/09_Metas/04/08/20190904081700_00160.jpg,datasets_flow/dataset_cropped/09_Metas/04/08/20190904081700_00160.jpg,datasets_cloudmask/dataset_cropped/09_Metas/04/08/20190904081700_00160.png,237.3,456.7,98.8,22.8,964
9/4/2019 8:18,datasets/dataset_cropped/09_Metas/04/08/20190904081800_00160.jpg,datasets_flow/dataset_cropped/09_Metas/04/08/20190904081800_00160.jpg,datasets_cloudmask/dataset_cropped/09_Metas/04/08/20190904081800_00160.png,241.6,461.2,100,22.8,964
9/4/2019 8:19,datasets/dataset_cropped/09_Metas/04/08/20190904081900_00160.jpg,datasets_flow/dataset_cropped/09_Metas/04/08/20190904081900_00160.jpg,datasets_cloudmask/dataset_cropped/09_Metas/04/08/20190904081900_00160.png,246,465.8,101.2,22.8,964
9/4/2019 8:20,datasets/dataset_cropped/09_Metas/04/08/20190904082000_00160.jpg,datasets_flow/dataset_cropped/09_Metas/04/08/20190904082000_00160.jpg,datasets_cloudmask/dataset_cropped/09_Metas/04/08/20190904082000_00160.png,249.7,466.7,102.5,22.7,964
9/4/2019 8:21,datasets/dataset_cropped/09_Metas/04/08/20190904082100_00160.jpg,datasets_flow/dataset_cropped/09_Metas/04/08/20190904082100_00160.jpg,datasets_cloudmask/dataset_cropped/09_Metas/04/08/20190904082100_00160.png,253.7,469.9,103.6,22.7,964
9/4/2019 8:22,datasets/dataset_cropped/09_Metas/04/08/20190904082200_00160.jpg,datasets_flow/dataset_cropped/09_Metas/04/08/20190904082200_00160.jpg,datasets_cloudmask/dataset_cropped/09_Metas/04/08/20190904082200_00160.png,257.1,472,104.7,22.7,964
9/4/2019 8:23,datasets/dataset_cropped/09_Metas/04/08/20190904082300_00160.jpg,datasets_flow/dataset_cropped/09_Metas/04/08/20190904082300_00160.jpg,datasets_cloudmask/dataset_cropped/09_Metas/04/08/20190904082300_00160.png,260.3,473.7,105.6,22.8,964
9/4/2019 8:24,datasets/dataset_cropped/09_Metas/04/08/20190904082400_00160.jpg,datasets_flow/dataset_cropped/09_Metas/04/08/20190904082400_00160.jpg,datasets_cloudmask/dataset_cropped/09_Metas/04/08/20190904082400_00160.png,264.3,478,106.3,22.8,964
9/4/2019 8:25,datasets/dataset_cropped/09_Metas/04/08/20190904082500_00160.jpg,datasets_flow/dataset_cropped/09_Metas/04/08/20190904082500_00160.jpg,datasets_cloudmask/dataset_cropped/09_Metas/04/08/20190904082500_00160.png,268.2,483,107,22.8,964
9/4/2019 8:26,datasets/dataset_cropped/09_Metas/04/08/20190904082600_00160.jpg,datasets_flow/dataset_cropped/09_Metas/04/08/20190904082600_00160.jpg,datasets_cloudmask/dataset_cropped/09_Metas/04/08/20190904082600_00160.png,272,487.2,107.7,22.8,964
9/4/2019 8:27,datasets/dataset_cropped/09_Metas/04/08/20190904082700_00160.jpg,datasets_flow/dataset_cropped/09_Metas/04/08/20190904082700_00160.jpg,datasets_cloudmask/dataset_cropped/09_Metas/04/08/20190904082700_00160.png,275.8,491,108.7,22.8,964
9/4/2019 8:28,datasets/dataset_cropped/09_Metas/04/08/20190904082800_00160.jpg,datasets_flow/dataset_cropped/09_Metas/04/08/20190904082800_00160.jpg,datasets_cloudmask/dataset_cropped/09_Metas/04/08/20190904082800_00160.png,280.8,497.2,109.9,22.9,964
9/4/2019 8:29,datasets/dataset_cropped/09_Metas/04/08/20190904082900_00160.jpg,datasets_flow/dataset_cropped/09_Metas/04/08/20190904082900_00160.jpg,datasets_cloudmask/dataset_cropped/09_Metas/04/08/20190904082900_00160.png,285.4,501.7,111.3,23,964
9/4/2019 8:30,datasets/dataset_cropped/09_Metas/04/08/20190904083000_00160.jpg,datasets_flow/dataset_cropped/09_Metas/04/08/20190904083000_00160.jpg,datasets_cloudmask/dataset_cropped/09_Metas/04/08/20190904083000_00160.png,289.9,506.5,112.4,23,964
9/4/2019 8:31,datasets/dataset_cropped/09_Metas/04/08/20190904083100_00160.jpg,datasets_flow/dataset_cropped/09_Metas/04/08/20190904083100_00160.jpg,datasets_cloudmask/dataset_cropped/09_Metas/04/08/20190904083100_00160.png,293.8,511.1,113.1,23,964
9/4/2019 8:32,datasets/dataset_cropped/09_Metas/04/08/20190904083200_00160.jpg,datasets_flow/dataset_cropped/09_Metas/04/08/20190904083200_00160.jpg,datasets_cloudmask/dataset_cropped/09_Metas/04/08/20190904083200_00160.png,296.4,512.7,113.6,23.1,964
9/4/2019 8:33,datasets/dataset_cropped/09_Metas/04/08/20190904083300_00160.jpg,datasets_flow/dataset_cropped/09_Metas/04/08/20190904083300_00160.jpg,datasets_cloudmask/dataset_cropped/09_Metas/04/08/20190904083300_00160.png,299.5,515.5,114,23.2,964
9/4/2019 8:34,datasets/dataset_cropped/09_Metas/04/08/20190904083400_00160.jpg,datasets_flow/dataset_cropped/09_Metas/04/08/20190904083400_00160.jpg,datasets_cloudmask/dataset_cropped/09_Metas/04/08/20190904083400_00160.png,301.7,516.2,114.2,23.1,964
9/4/2019 8:35,datasets/dataset_cropped/09_Metas/04/08/20190904083500_00160.jpg,datasets_flow/dataset_cropped/09_Metas/04/08/20190904083500_00160.jpg,datasets_cloudmask/dataset_cropped/09_Metas/04/08/20190904083500_00160.png,304.7,518.9,114.6,23.2,964
9/4/2019 8:36,datasets/dataset_cropped/09_Metas/04/08/20190904083600_00160.jpg,datasets_flow/dataset_cropped/09_Metas/04/08/20190904083600_00160.jpg,datasets_cloudmask/dataset_cropped/09_Metas/04/08/20190904083600_00160.png,306.9,520.5,114.3,23.2,964
9/4/2019 8:37,datasets/dataset_cropped/09_Metas/04/08/20190904083700_00160.jpg,datasets_flow/dataset_cropped/09_Metas/04/08/20190904083700_00160.jpg,datasets_cloudmask/dataset_cropped/09_Metas/04/08/20190904083700_00160.png,309.9,523.6,114.6,23.2,964
9/4/2019 8:38,datasets/dataset_cropped/09_Metas/04/08/20190904083800_00160.jpg,datasets_flow/dataset_cropped/09_Metas/04/08/20190904083800_00160.jpg,datasets_cloudmask/dataset_cropped/09_Metas/04/08/20190904083800_00160.png,312.2,523.8,115.1,23.2,964
9/4/2019 8:39,datasets/dataset_cropped/09_Metas/04/08/20190904083900_00160.jpg,datasets_flow/dataset_cropped/09_Metas/04/08/20190904083900_00160.jpg,datasets_cloudmask/dataset_cropped/09_Metas/04/08/20190904083900_00160.png,317.1,529.9,116,23.2,964
9/4/2019 8:40,datasets/dataset_cropped/09_Metas/04/08/20190904084000_00160.jpg,datasets_flow/dataset_cropped/09_Metas/04/08/20190904084000_00160.jpg,datasets_cloudmask/dataset_cropped/09_Metas/04/08/20190904084000_00160.png,322.6,538.2,116.7,23.2,964
9/4/2019 8:41,datasets/dataset_cropped/09_Metas/04/08/20190904084100_00160.jpg,datasets_flow/dataset_cropped/09_Metas/04/08/20190904084100_00160.jpg,datasets_cloudmask/dataset_cropped/09_Metas/04/08/20190904084100_00160.png,326.2,542,117.2,23.2,964
9/4/2019 8:42,datasets/dataset_cropped/09_Metas/04/08/20190904084200_00160.jpg,datasets_flow/dataset_cropped/09_Metas/04/08/20190904084200_00160.jpg,datasets_cloudmask/dataset_cropped/09_Metas/04/08/20190904084200_00160.png,328.5,543.1,117.3,23.4,964
9/4/2019 8:43,datasets/dataset_cropped/09_Metas/04/08/20190904084300_00160.jpg,datasets_flow/dataset_cropped/09_Metas/04/08/20190904084300_00160.jpg,datasets_cloudmask/dataset_cropped/09_Metas/04/08/20190904084300_00160.png,331.2,545.5,117.4,23.5,964
9/4/2019 8:44,datasets/dataset_cropped/09_Metas/04/08/20190904084400_00160.jpg,datasets_flow/dataset_cropped/09_Metas/04/08/20190904084400_00160.jpg,datasets_cloudmask/dataset_cropped/09_Metas/04/08/20190904084400_00160.png,332,542.8,117.6,23.4,964
9/4/2019 8:45,datasets/dataset_cropped/09_Metas/04/08/20190904084500_00160.jpg,datasets_flow/dataset_cropped/09_Metas/04/08/20190904084500_00160.jpg,datasets_cloudmask/dataset_cropped/09_Metas/04/08/20190904084500_00160.png,335.5,546,118,23.3,964
9/4/2019 8:46,datasets/dataset_cropped/09_Metas/04/08/20190904084600_00160.jpg,datasets_flow/dataset_cropped/09_Metas/04/08/20190904084600_00160.jpg,datasets_cloudmask/dataset_cropped/09_Metas/04/08/20190904084600_00160.png,337.8,546.7,118.3,23.3,964
9/4/2019 8:47,datasets/dataset_cropped/09_Metas/04/08/20190904084700_00160.jpg,datasets_flow/dataset_cropped/09_Metas/04/08/20190904084700_00160.jpg,datasets_cloudmask/dataset_cropped/09_Metas/04/08/20190904084700_00160.png,342.8,553.8,118.6,23.3,964
9/4/2019 8:48,datasets/dataset_cropped/09_Metas/04/08/20190904084800_00160.jpg,datasets_flow/dataset_cropped/09_Metas/04/08/20190904084800_00160.jpg,datasets_cloudmask/dataset_cropped/09_Metas/04/08/20190904084800_00160.png,346.9,560,118.4,23.2,964
9/4/2019 8:49,datasets/dataset_cropped/09_Metas/04/08/20190904084900_00160.jpg,datasets_flow/dataset_cropped/09_Metas/04/08/20190904084900_00160.jpg,datasets_cloudmask/dataset_cropped/09_Metas/04/08/20190904084900_00160.png,350.9,567.2,117.7,23.2,964
9/4/2019 8:50,datasets/dataset_cropped/09_Metas/04/08/20190904085000_00160.jpg,datasets_flow/dataset_cropped/09_Metas/04/08/20190904085000_00160.jpg,datasets_cloudmask/dataset_cropped/09_Metas/04/08/20190904085000_00160.png,354.4,571.6,117.7,23.2,964
9/4/2019 8:51,datasets/dataset_cropped/09_Metas/04/08/20190904085100_00160.jpg,datasets_flow/dataset_cropped/09_Metas/04/08/20190904085100_00160.jpg,datasets_cloudmask/dataset_cropped/09_Metas/04/08/20190904085100_00160.png,357.1,572.4,118.4,23.4,964
9/4/2019 8:52,datasets/dataset_cropped/09_Metas/04/08/20190904085200_00160.jpg,datasets_flow/dataset_cropped/09_Metas/04/08/20190904085200_00160.jpg,datasets_cloudmask/dataset_cropped/09_Metas/04/08/20190904085200_00160.png,361.7,577.9,118.9,23.6,964
9/4/2019 8:53,datasets/dataset_cropped/09_Metas/04/08/20190904085300_00160.jpg,datasets_flow/dataset_cropped/09_Metas/04/08/20190904085300_00160.jpg,datasets_cloudmask/dataset_cropped/09_Metas/04/08/20190904085300_00160.png,363.6,577,119.3,23.9,964
9/4/2019 8:54,datasets/dataset_cropped/09_Metas/04/08/20190904085400_00160.jpg,datasets_flow/dataset_cropped/09_Metas/04/08/20190904085400_00160.jpg,datasets_cloudmask/dataset_cropped/09_Metas/04/08/20190904085400_00160.png,367,579.1,120.1,24,964
9/4/2019 8:55,datasets/dataset_cropped/09_Metas/04/08/20190904085500_00160.jpg,datasets_flow/dataset_cropped/09_Metas/04/08/20190904085500_00160.jpg,datasets_cloudmask/dataset_cropped/09_Metas/04/08/20190904085500_00160.png,371.7,583.7,120.9,24.1,964
9/4/2019 8:56,datasets/dataset_cropped/09_Metas/04/08/20190904085600_00160.jpg,datasets_flow/dataset_cropped/09_Metas/04/08/20190904085600_00160.jpg,datasets_cloudmask/dataset_cropped/09_Metas/04/08/20190904085600_00160.png,374.1,583.3,121.8,23.9,964
9/4/2019 8:57,datasets/dataset_cropped/09_Metas/04/08/20190904085700_00160.jpg,datasets_flow/dataset_cropped/09_Metas/04/08/20190904085700_00160.jpg,datasets_cloudmask/dataset_cropped/09_Metas/04/08/20190904085700_00160.png,375.3,580.1,122.5,23.7,964
9/4/2019 8:58,datasets/dataset_cropped/09_Metas/04/08/20190904085800_00160.jpg,datasets_flow/dataset_cropped/09_Metas/04/08/20190904085800_00160.jpg,datasets_cloudmask/dataset_cropped/09_Metas/04/08/20190904085800_00160.png,379.2,583.5,123.2,23.7,964
9/4/2019 8:59,datasets/dataset_cropped/09_Metas/04/08/20190904085900_00160.jpg,datasets_flow/dataset_cropped/09_Metas/04/08/20190904085900_00160.jpg,datasets_cloudmask/dataset_cropped/09_Metas/04/08/20190904085900_00160.png,384.8,591.7,123.3,23.6,964
9/4/2019 9:00,datasets/dataset_cropped/09_Metas/04/09/20190904090000_00160.jpg,datasets_flow/dataset_cropped/09_Metas/04/09/20190904090000_00160.jpg,datasets_cloudmask/dataset_cropped/09_Metas/04/09/20190904090000_00160.png,387.6,593.4,123.6,23.5,964
9/4/2019 9:01,datasets/dataset_cropped/09_Metas/04/09/20190904090100_00160.jpg,datasets_flow/dataset_cropped/09_Metas/04/09/20190904090100_00160.jpg,datasets_cloudmask/dataset_cropped/09_Metas/04/09/20190904090100_00160.png,391.2,595.9,124.3,23.6,964
9/4/2019 9:02,datasets/dataset_cropped/09_Metas/04/09/20190904090200_00160.jpg,datasets_flow/dataset_cropped/09_Metas/04/09/20190904090200_00160.jpg,datasets_cloudmask/dataset_cropped/09_Metas/04/09/20190904090200_00160.png,394.3,597.3,124.7,23.8,964
9/4/2019 9:03,datasets/dataset_cropped/09_Metas/04/09/20190904090300_00160.jpg,datasets_flow/dataset_cropped/09_Metas/04/09/20190904090300_00160.jpg,datasets_cloudmask/dataset_cropped/09_Metas/04/09/20190904090300_00160.png,397.4,599.1,125,23.7,964
9/4/2019 9:04,datasets/dataset_cropped/09_Metas/04/09/20190904090400_00160.jpg,datasets_flow/dataset_cropped/09_Metas/04/09/20190904090400_00160.jpg,datasets_cloudmask/dataset_cropped/09_Metas/04/09/20190904090400_00160.png,401,601.9,125.6,23.7,964
9/4/2019 9:05,datasets/dataset_cropped/09_Metas/04/09/20190904090500_00160.jpg,datasets_flow/dataset_cropped/09_Metas/04/09/20190904090500_00160.jpg,datasets_cloudmask/dataset_cropped/09_Metas/04/09/20190904090500_00160.png,404.6,605,126,23.7,964
9/4/2019 9:06,datasets/dataset_cropped/09_Metas/04/09/20190904090600_00160.jpg,datasets_flow/dataset_cropped/09_Metas/04/09/20190904090600_00160.jpg,datasets_cloudmask/dataset_cropped/09_Metas/04/09/20190904090600_00160.png,407.5,606.6,126.3,23.7,964
9/4/2019 9:07,datasets/dataset_cropped/09_Metas/04/09/20190904090700_00160.jpg,datasets_flow/dataset_cropped/09_Metas/04/09/20190904090700_00160.jpg,datasets_cloudmask/dataset_cropped/09_Metas/04/09/20190904090700_00160.png,411,610,126.5,23.6,964
9/4/2019 9:08,datasets/dataset_cropped/09_Metas/04/09/20190904090800_00160.jpg,datasets_flow/dataset_cropped/09_Metas/04/09/20190904090800_00160.jpg,datasets_cloudmask/dataset_cropped/09_Metas/04/09/20190904090800_00160.png,415.2,614.6,126.7,23.6,964
9/4/2019 9:09,datasets/dataset_cropped/09_Metas/04/09/20190904090900_00160.jpg,datasets_flow/dataset_cropped/09_Metas/04/09/20190904090900_00160.jpg,datasets_cloudmask/dataset_cropped/09_Metas/04/09/20190904090900_00160.png,417.7,614.7,127.2,23.7,964
9/4/2019 9:10,datasets/dataset_cropped/09_Metas/04/09/20190904091000_00160.jpg,datasets_flow/dataset_cropped/09_Metas/04/09/20190904091000_00160.jpg,datasets_cloudmask/dataset_cropped/09_Metas/04/09/20190904091000_00160.png,420.5,615.5,127.9,23.8,964
9/4/2019 9:11,datasets/dataset_cropped/09_Metas/04/09/20190904091100_00160.jpg,datasets_flow/dataset_cropped/09_Metas/04/09/20190904091100_00160.jpg,datasets_cloudmask/dataset_cropped/09_Metas/04/09/20190904091100_00160.png,424.4,618.8,128.4,23.8,964
9/4/2019 9:12,datasets/dataset_cropped/09_Metas/04/09/20190904091200_00160.jpg,datasets_flow/dataset_cropped/09_Metas/04/09/20190904091200_00160.jpg,datasets_cloudmask/dataset_cropped/09_Metas/04/09/20190904091200_00160.png,427.8,622,128.4,23.8,964
9/4/2019 9:13,datasets/dataset_cropped/09_Metas/04/09/20190904091300_00160.jpg,datasets_flow/dataset_cropped/09_Metas/04/09/20190904091300_00160.jpg,datasets_cloudmask/dataset_cropped/09_Metas/04/09/20190904091300_00160.png,431.1,624.6,128.5,23.8,964
9/4/2019 9:14,datasets/dataset_cropped/09_Metas/04/09/20190904091400_00160.jpg,datasets_flow/dataset_cropped/09_Metas/04/09/20190904091400_00160.jpg,datasets_cloudmask/dataset_cropped/09_Metas/04/09/20190904091400_00160.png,432.1,621.9,129.1,23.8,964
9/4/2019 9:15,datasets/dataset_cropped/09_Metas/04/09/20190904091500_00160.jpg,datasets_flow/dataset_cropped/09_Metas/04/09/20190904091500_00160.jpg,datasets_cloudmask/dataset_cropped/09_Metas/04/09/20190904091500_00160.png,434.5,620.7,130.2,23.9,964
9/4/2019 9:16,datasets/dataset_cropped/09_Metas/04/09/20190904091600_00160.jpg,datasets_flow/dataset_cropped/09_Metas/04/09/20190904091600_00160.jpg,datasets_cloudmask/dataset_cropped/09_Metas/04/09/20190904091600_00160.png,437.6,621.4,131.4,23.9,964
9/4/2019 9:17,datasets/dataset_cropped/09_Metas/04/09/20190904091700_00160.jpg,datasets_flow/dataset_cropped/09_Metas/04/09/20190904091700_00160.jpg,datasets_cloudmask/dataset_cropped/09_Metas/04/09/20190904091700_00160.png,441.2,624.6,131.9,24,964
9/4/2019 9:18,datasets/dataset_cropped/09_Metas/04/09/20190904091800_00160.jpg,datasets_flow/dataset_cropped/09_Metas/04/09/20190904091800_00160.jpg,datasets_cloudmask/dataset_cropped/09_Metas/04/09/20190904091800_00160.png,445.9,630,131.9,24,964
9/4/2019 9:19,datasets/dataset_cropped/09_Metas/04/09/20190904091900_00160.jpg,datasets_flow/dataset_cropped/09_Metas/04/09/20190904091900_00160.jpg,datasets_cloudmask/dataset_cropped/09_Metas/04/09/20190904091900_00160.png,451.2,637,131.6,23.9,964
9/4/2019 9:20,datasets/dataset_cropped/09_Metas/04/09/20190904092000_00160.jpg,datasets_flow/dataset_cropped/09_Metas/04/09/20190904092000_00160.jpg,datasets_cloudmask/dataset_cropped/09_Metas/04/09/20190904092000_00160.png,454.9,640.5,131.4,23.8,964
9/4/2019 9:21,datasets/dataset_cropped/09_Metas/04/09/20190904092100_00160.jpg,datasets_flow/dataset_cropped/09_Metas/04/09/20190904092100_00160.jpg,datasets_cloudmask/dataset_cropped/09_Metas/04/09/20190904092100_00160.png,456.7,638.5,132,23.8,964
9/4/2019 9:22,datasets/dataset_cropped/09_Metas/04/09/20190904092200_00160.jpg,datasets_flow/dataset_cropped/09_Metas/04/09/20190904092200_00160.jpg,datasets_cloudmask/dataset_cropped/09_Metas/04/09/20190904092200_00160.png,460.6,641.2,132.7,23.8,964
9/4/2019 9:23,datasets/dataset_cropped/09_Metas/04/09/20190904092300_00160.jpg,datasets_flow/dataset_cropped/09_Metas/04/09/20190904092300_00160.jpg,datasets_cloudmask/dataset_cropped/09_Metas/04/09/20190904092300_00160.png,462.9,640.6,133.5,23.9,964
9/4/2019 9:24,datasets/dataset_cropped/09_Metas/04/09/20190904092400_00160.jpg,datasets_flow/dataset_cropped/09_Metas/04/09/20190904092400_00160.jpg,datasets_cloudmask/dataset_cropped/09_Metas/04/09/20190904092400_00160.png,464.7,639.4,134.2,24,964
9/4/2019 9:25,datasets/dataset_cropped/09_Metas/04/09/20190904092500_00160.jpg,datasets_flow/dataset_cropped/09_Metas/04/09/20190904092500_00160.jpg,datasets_cloudmask/dataset_cropped/09_Metas/04/09/20190904092500_00160.png,468.9,643.3,134.4,24.3,964
9/4/2019 9:26,datasets/dataset_cropped/09_Metas/04/09/20190904092600_00160.jpg,datasets_flow/dataset_cropped/09_Metas/04/09/20190904092600_00160.jpg,datasets_cloudmask/dataset_cropped/09_Metas/04/09/20190904092600_00160.png,472.7,646.8,134.7,24.2,964
9/4/2019 9:27,datasets/dataset_cropped/09_Metas/04/09/20190904092700_00160.jpg,datasets_flow/dataset_cropped/09_Metas/04/09/20190904092700_00160.jpg,datasets_cloudmask/dataset_cropped/09_Metas/04/09/20190904092700_00160.png,477.7,652.1,135.2,24.2,964
9/4/2019 9:28,datasets/dataset_cropped/09_Metas/04/09/20190904092800_00160.jpg,datasets_flow/dataset_cropped/09_Metas/04/09/20190904092800_00160.jpg,datasets_cloudmask/dataset_cropped/09_Metas/04/09/20190904092800_00160.png,480.9,654.4,135.3,24.3,964
9/4/2019 9:29,datasets/dataset_cropped/09_Metas/04/09/20190904092900_00160.jpg,datasets_flow/dataset_cropped/09_Metas/04/09/20190904092900_00160.jpg,datasets_cloudmask/dataset_cropped/09_Metas/04/09/20190904092900_00160.png,481.6,651.3,135.8,24.4,964
9/4/2019 9:30,datasets/dataset_cropped/09_Metas/04/09/20190904093000_00160.jpg,datasets_flow/dataset_cropped/09_Metas/04/09/20190904093000_00160.jpg,datasets_cloudmask/dataset_cropped/09_Metas/04/09/20190904093000_00160.png,480.4,644.5,136.4,24.4,964
9/4/2019 9:31,datasets/dataset_cropped/09_Metas/04/09/20190904093100_00160.jpg,datasets_flow/dataset_cropped/09_Metas/04/09/20190904093100_00160.jpg,datasets_cloudmask/dataset_cropped/09_Metas/04/09/20190904093100_00160.png,484.6,648.3,136.7,24.2,964
9/4/2019 9:32,datasets/dataset_cropped/09_Metas/04/09/20190904093200_00160.jpg,datasets_flow/dataset_cropped/09_Metas/04/09/20190904093200_00160.jpg,datasets_cloudmask/dataset_cropped/09_Metas/04/09/20190904093200_00160.png,489,652.2,137.3,24.3,964
9/4/2019 9:33,datasets/dataset_cropped/09_Metas/04/09/20190904093300_00160.jpg,datasets_flow/dataset_cropped/09_Metas/04/09/20190904093300_00160.jpg,datasets_cloudmask/dataset_cropped/09_Metas/04/09/20190904093300_00160.png,491.1,650.3,138.6,24.4,964
9/4/2019 9:34,datasets/dataset_cropped/09_Metas/04/09/20190904093400_00160.jpg,datasets_flow/dataset_cropped/09_Metas/04/09/20190904093400_00160.jpg,datasets_cloudmask/dataset_cropped/09_Metas/04/09/20190904093400_00160.png,497,658.1,138.3,24.5,964
9/4/2019 9:35,datasets/dataset_cropped/09_Metas/04/09/20190904093500_00160.jpg,datasets_flow/dataset_cropped/09_Metas/04/09/20190904093500_00160.jpg,datasets_cloudmask/dataset_cropped/09_Metas/04/09/20190904093500_00160.png,499,656.2,139.5,24.5,964
9/4/2019 9:36,datasets/dataset_cropped/09_Metas/04/09/20190904093600_00160.jpg,datasets_flow/dataset_cropped/09_Metas/04/09/20190904093600_00160.jpg,datasets_cloudmask/dataset_cropped/09_Metas/04/09/20190904093600_00160.png,503.8,662.3,139.2,24.5,964
9/4/2019 9:37,datasets/dataset_cropped/09_Metas/04/09/20190904093700_00160.jpg,datasets_flow/dataset_cropped/09_Metas/04/09/20190904093700_00160.jpg,datasets_cloudmask/dataset_cropped/09_Metas/04/09/20190904093700_00160.png,506.5,662.7,139.8,24.8,964
9/4/2019 9:38,datasets/dataset_cropped/09_Metas/04/09/20190904093800_00160.jpg,datasets_flow/dataset_cropped/09_Metas/04/09/20190904093800_00160.jpg,datasets_cloudmask/dataset_cropped/09_Metas/04/09/20190904093800_00160.png,509.1,662.6,140.7,24.7,964
9/4/2019 9:39,datasets/dataset_cropped/09_Metas/04/09/20190904093900_00160.jpg,datasets_flow/dataset_cropped/09_Metas/04/09/20190904093900_00160.jpg,datasets_cloudmask/dataset_cropped/09_Metas/04/09/20190904093900_00160.png,510.9,662.2,141,24.7,964
9/4/2019 9:40,datasets/dataset_cropped/09_Metas/04/09/20190904094000_00160.jpg,datasets_flow/dataset_cropped/09_Metas/04/09/20190904094000_00160.jpg,datasets_cloudmask/dataset_cropped/09_Metas/04/09/20190904094000_00160.png,515.1,666.3,141.3,24.8,964
9/4/2019 9:41,datasets/dataset_cropped/09_Metas/04/09/20190904094100_00160.jpg,datasets_flow/dataset_cropped/09_Metas/04/09/20190904094100_00160.jpg,datasets_cloudmask/dataset_cropped/09_Metas/04/09/20190904094100_00160.png,517.2,667.2,140.9,25,964
9/4/2019 9:42,datasets/dataset_cropped/09_Metas/04/09/20190904094200_00160.jpg,datasets_flow/dataset_cropped/09_Metas/04/09/20190904094200_00160.jpg,datasets_cloudmask/dataset_cropped/09_Metas/04/09/20190904094200_00160.png,515.5,661.3,140.9,24.9,964
9/4/2019 9:43,datasets/dataset_cropped/09_Metas/04/09/20190904094300_00160.jpg,datasets_flow/dataset_cropped/09_Metas/04/09/20190904094300_00160.jpg,datasets_cloudmask/dataset_cropped/09_Metas/04/09/20190904094300_00160.png,516.4,658.7,141.5,24.9,964
9/4/2019 9:44,datasets/dataset_cropped/09_Metas/04/09/20190904094400_00160.jpg,datasets_flow/dataset_cropped/09_Metas/04/09/20190904094400_00160.jpg,datasets_cloudmask/dataset_cropped/09_Metas/04/09/20190904094400_00160.png,524.9,668.6,142.5,25.1,964
9/4/2019 9:45,datasets/dataset_cropped/09_Metas/04/09/20190904094500_00160.jpg,datasets_flow/dataset_cropped/09_Metas/04/09/20190904094500_00160.jpg,datasets_cloudmask/dataset_cropped/09_Metas/04/09/20190904094500_00160.png,527.7,668.9,143.3,25.3,964
9/4/2019 9:46,datasets/dataset_cropped/09_Metas/04/09/20190904094600_00160.jpg,datasets_flow/dataset_cropped/09_Metas/04/09/20190904094600_00160.jpg,datasets_cloudmask/dataset_cropped/09_Metas/04/09/20190904094600_00160.png,524.6,659.4,143.8,25.5,964
9/4/2019 9:47,datasets/dataset_cropped/09_Metas/04/09/20190904094700_00160.jpg,datasets_flow/dataset_cropped/09_Metas/04/09/20190904094700_00160.jpg,datasets_cloudmask/dataset_cropped/09_Metas/04/09/20190904094700_00160.png,487.2,591.5,144.3,25.3,964
9/4/2019 9:48,datasets/dataset_cropped/09_Metas/04/09/20190904094800_00160.jpg,datasets_flow/dataset_cropped/09_Metas/04/09/20190904094800_00160.jpg,datasets_cloudmask/dataset_cropped/09_Metas/04/09/20190904094800_00160.png,511.7,625.3,147.1,25.4,964
9/4/2019 9:49,datasets/dataset_cropped/09_Metas/04/09/20190904094900_00160.jpg,datasets_flow/dataset_cropped/09_Metas/04/09/20190904094900_00160.jpg,datasets_cloudmask/dataset_cropped/09_Metas/04/09/20190904094900_00160.png,538.4,667.2,147.9,25.5,964
9/4/2019 9:50,datasets/dataset_cropped/09_Metas/04/09/20190904095000_00160.jpg,datasets_flow/dataset_cropped/09_Metas/04/09/20190904095000_00160.jpg,datasets_cloudmask/dataset_cropped/09_Metas/04/09/20190904095000_00160.png,544.1,673.7,147.7,25.4,964
9/4/2019 9:51,datasets/dataset_cropped/09_Metas/04/09/20190904095100_00160.jpg,datasets_flow/dataset_cropped/09_Metas/04/09/20190904095100_00160.jpg,datasets_cloudmask/dataset_cropped/09_Metas/04/09/20190904095100_00160.png,544.6,669.8,148.4,25.6,964
9/4/2019 9:52,datasets/dataset_cropped/09_Metas/04/09/20190904095200_00160.jpg,datasets_flow/dataset_cropped/09_Metas/04/09/20190904095200_00160.jpg,datasets_cloudmask/dataset_cropped/09_Metas/04/09/20190904095200_00160.png,545.7,669.7,149.1,25.6,964
9/4/2019 9:53,datasets/dataset_cropped/09_Metas/04/09/20190904095300_00160.jpg,datasets_flow/dataset_cropped/09_Metas/04/09/20190904095300_00160.jpg,datasets_cloudmask/dataset_cropped/09_Metas/04/09/20190904095300_00160.png,549.9,671.1,150.1,25.7,964
9/4/2019 9:54,datasets/dataset_cropped/09_Metas/04/09/20190904095400_00160.jpg,datasets_flow/dataset_cropped/09_Metas/04/09/20190904095400_00160.jpg,datasets_cloudmask/dataset_cropped/09_Metas/04/09/20190904095400_00160.png,552.3,673.3,149.7,25.9,964
9/4/2019 9:55,datasets/dataset_cropped/09_Metas/04/09/20190904095500_00160.jpg,datasets_flow/dataset_cropped/09_Metas/04/09/20190904095500_00160.jpg,datasets_cloudmask/dataset_cropped/09_Metas/04/09/20190904095500_00160.png,553.8,673.5,149.8,26,964
9/4/2019 9:56,datasets/dataset_cropped/09_Metas/04/09/20190904095600_00160.jpg,datasets_flow/dataset_cropped/09_Metas/04/09/20190904095600_00160.jpg,datasets_cloudmask/dataset_cropped/09_Metas/04/09/20190904095600_00160.png,555.7,674.9,149.3,26,964
9/4/2019 9:57,datasets/dataset_cropped/09_Metas/04/09/20190904095700_00160.jpg,datasets_flow/dataset_cropped/09_Metas/04/09/20190904095700_00160.jpg,datasets_cloudmask/dataset_cropped/09_Metas/04/09/20190904095700_00160.png,555.4,672.2,149,25.8,964
9/4/2019 9:58,datasets/dataset_cropped/09_Metas/04/09/20190904095800_00160.jpg,datasets_flow/dataset_cropped/09_Metas/04/09/20190904095800_00160.jpg,datasets_cloudmask/dataset_cropped/09_Metas/04/09/20190904095800_00160.png,563.9,684.7,148.4,25.7,964
9/4/2019 9:59,datasets/dataset_cropped/09_Metas/04/09/20190904095900_00160.jpg,datasets_flow/dataset_cropped/09_Metas/04/09/20190904095900_00160.jpg,datasets_cloudmask/dataset_cropped/09_Metas/04/09/20190904095900_00160.png,569.6,691.5,147.8,25.8,964
9/4/2019 10:00,datasets/dataset_cropped/09_Metas/04/10/20190904100000_00160.jpg,datasets_flow/dataset_cropped/09_Metas/04/10/20190904100000_00160.jpg,datasets_cloudmask/dataset_cropped/09_Metas/04/10/20190904100000_00160.png,572.2,692.9,147.4,26,964
9/4/2019 10:01,datasets/dataset_cropped/09_Metas/04/10/20190904100100_00160.jpg,datasets_flow/dataset_cropped/09_Metas/04/10/20190904100100_00160.jpg,datasets_cloudmask/dataset_cropped/09_Metas/04/10/20190904100100_00160.png,574.8,693.7,147.4,26,964
9/4/2019 10:02,datasets/dataset_cropped/09_Metas/04/10/20190904100200_00160.jpg,datasets_flow/dataset_cropped/09_Metas/04/10/20190904100200_00160.jpg,datasets_cloudmask/dataset_cropped/09_Metas/04/10/20190904100200_00160.png,577.6,694.7,147.3,25.7,964
9/4/2019 10:03,datasets/dataset_cropped/09_Metas/04/10/20190904100300_00160.jpg,datasets_flow/dataset_cropped/09_Metas/04/10/20190904100300_00160.jpg,datasets_cloudmask/dataset_cropped/09_Metas/04/10/20190904100300_00160.png,580.7,696.4,147.2,25.8,964
9/4/2019 10:04,datasets/dataset_cropped/09_Metas/04/10/20190904100400_00160.jpg,datasets_flow/dataset_cropped/09_Metas/04/10/20190904100400_00160.jpg,datasets_cloudmask/dataset_cropped/09_Metas/04/10/20190904100400_00160.png,585.6,700.8,147.7,26,964
9/4/2019 10:05,datasets/dataset_cropped/09_Metas/04/10/20190904100500_00160.jpg,datasets_flow/dataset_cropped/09_Metas/04/10/20190904100500_00160.jpg,datasets_cloudmask/dataset_cropped/09_Metas/04/10/20190904100500_00160.png,588,701.8,148,26.2,964
9/4/2019 10:06,datasets/dataset_cropped/09_Metas/04/10/20190904100600_00160.jpg,datasets_flow/dataset_cropped/09_Metas/04/10/20190904100600_00160.jpg,datasets_cloudmask/dataset_cropped/09_Metas/04/10/20190904100600_00160.png,591.6,704.7,148.1,26.2,964
9/4/2019 10:07,datasets/dataset_cropped/09_Metas/04/10/20190904100700_00160.jpg,datasets_flow/dataset_cropped/09_Metas/04/10/20190904100700_00160.jpg,datasets_cloudmask/dataset_cropped/09_Metas/04/10/20190904100700_00160.png,592.1,702.3,148.1,26.2,964
9/4/2019 10:08,datasets/dataset_cropped/09_Metas/04/10/20190904100800_00160.jpg,datasets_flow/dataset_cropped/09_Metas/04/10/20190904100800_00160.jpg,datasets_cloudmask/dataset_cropped/09_Metas/04/10/20190904100800_00160.png,593.6,701.7,148,26.2,964
9/4/2019 10:09,datasets/dataset_cropped/09_Metas/04/10/20190904100900_00160.jpg,datasets_flow/dataset_cropped/09_Metas/04/10/20190904100900_00160.jpg,datasets_cloudmask/dataset_cropped/09_Metas/04/10/20190904100900_00160.png,596.8,703.7,148,26,964
9/4/2019 10:10,datasets/dataset_cropped/09_Metas/04/10/20190904101000_00160.jpg,datasets_flow/dataset_cropped/09_Metas/04/10/20190904101000_00160.jpg,datasets_cloudmask/dataset_cropped/09_Metas/04/10/20190904101000_00160.png,599.3,705,148,26.1,964
9/4/2019 10:11,datasets/dataset_cropped/09_Metas/04/10/20190904101100_00160.jpg,datasets_flow/dataset_cropped/09_Metas/04/10/20190904101100_00160.jpg,datasets_cloudmask/dataset_cropped/09_Metas/04/10/20190904101100_00160.png,602.5,707.9,148.1,26.4,964
9/4/2019 10:12,datasets/dataset_cropped/09_Metas/04/10/20190904101200_00160.jpg,datasets_flow/dataset_cropped/09_Metas/04/10/20190904101200_00160.jpg,datasets_cloudmask/dataset_cropped/09_Metas/04/10/20190904101200_00160.png,607.7,713,148.9,26.6,964
9/4/2019 10:13,datasets/dataset_cropped/09_Metas/04/10/20190904101300_00160.jpg,datasets_flow/dataset_cropped/09_Metas/04/10/20190904101300_00160.jpg,datasets_cloudmask/dataset_cropped/09_Metas/04/10/20190904101300_00160.png,609.1,712.4,149.2,26.6,964
9/4/2019 10:14,datasets/dataset_cropped/09_Metas/04/10/20190904101400_00160.jpg,datasets_flow/dataset_cropped/09_Metas/04/10/20190904101400_00160.jpg,datasets_cloudmask/dataset_cropped/09_Metas/04/10/20190904101400_00160.png,612.6,713.9,149.6,26.6,964
9/4/2019 10:15,datasets/dataset_cropped/09_Metas/04/10/20190904101500_00160.jpg,datasets_flow/dataset_cropped/09_Metas/04/10/20190904101500_00160.jpg,datasets_cloudmask/dataset_cropped/09_Metas/04/10/20190904101500_00160.png,616.7,717,149.8,26.6,964
9/4/2019 10:16,datasets/dataset_cropped/09_Metas/04/10/20190904101600_00160.jpg,datasets_flow/dataset_cropped/09_Metas/04/10/20190904101600_00160.jpg,datasets_cloudmask/dataset_cropped/09_Metas/04/10/20190904101600_00160.png,619.6,718.3,150.1,26.4,964
9/4/2019 10:17,datasets/dataset_cropped/09_Metas/04/10/20190904101700_00160.jpg,datasets_flow/dataset_cropped/09_Metas/04/10/20190904101700_00160.jpg,datasets_cloudmask/dataset_cropped/09_Metas/04/10/20190904101700_00160.png,621.6,718.1,150.6,26.4,964
9/4/2019 10:18,datasets/dataset_cropped/09_Metas/04/10/20190904101800_00160.jpg,datasets_flow/dataset_cropped/09_Metas/04/10/20190904101800_00160.jpg,datasets_cloudmask/dataset_cropped/09_Metas/04/10/20190904101800_00160.png,625,719.6,151.4,26.4,964
9/4/2019 10:19,datasets/dataset_cropped/09_Metas/04/10/20190904101900_00160.jpg,datasets_flow/dataset_cropped/09_Metas/04/10/20190904101900_00160.jpg,datasets_cloudmask/dataset_cropped/09_Metas/04/10/20190904101900_00160.png,629.6,722.3,152.7,26.5,964
9/4/2019 10:20,datasets/dataset_cropped/09_Metas/04/10/20190904102000_00160.jpg,datasets_flow/dataset_cropped/09_Metas/04/10/20190904102000_00160.jpg,datasets_cloudmask/dataset_cropped/09_Metas/04/10/20190904102000_00160.png,632.8,723.5,153.8,26.6,964
9/4/2019 10:21,datasets/dataset_cropped/09_Metas/04/10/20190904102100_00160.jpg,datasets_flow/dataset_cropped/09_Metas/04/10/20190904102100_00160.jpg,datasets_cloudmask/dataset_cropped/09_Metas/04/10/20190904102100_00160.png,634.6,722.7,155,26.7,964
9/4/2019 10:22,datasets/dataset_cropped/09_Metas/04/10/20190904102200_00160.jpg,datasets_flow/dataset_cropped/09_Metas/04/10/20190904102200_00160.jpg,datasets_cloudmask/dataset_cropped/09_Metas/04/10/20190904102200_00160.png,636,721.7,156.1,26.6,964
9/4/2019 10:23,datasets/dataset_cropped/09_Metas/04/10/20190904102300_00160.jpg,datasets_flow/dataset_cropped/09_Metas/04/10/20190904102300_00160.jpg,datasets_cloudmask/dataset_cropped/09_Metas/04/10/20190904102300_00160.png,638.2,721.4,157.2,26.6,964
9/4/2019 10:24,datasets/dataset_cropped/09_Metas/04/10/20190904102400_00160.jpg,datasets_flow/dataset_cropped/09_Metas/04/10/20190904102400_00160.jpg,datasets_cloudmask/dataset_cropped/09_Metas/04/10/20190904102400_00160.png,640.5,721.9,158,26.5,964
9/4/2019 10:25,datasets/dataset_cropped/09_Metas/04/10/20190904102500_00160.jpg,datasets_flow/dataset_cropped/09_Metas/04/10/20190904102500_00160.jpg,datasets_cloudmask/dataset_cropped/09_Metas/04/10/20190904102500_00160.png,642.1,720.5,158.1,26.5,964
9/4/2019 10:26,datasets/dataset_cropped/09_Metas/04/10/20190904102600_00160.jpg,datasets_flow/dataset_cropped/09_Metas/04/10/20190904102600_00160.jpg,datasets_cloudmask/dataset_cropped/09_Metas/04/10/20190904102600_00160.png,644.9,720.8,158.5,26.6,964
9/4/2019 10:27,datasets/dataset_cropped/09_Metas/04/10/20190904102700_00160.jpg,datasets_flow/dataset_cropped/09_Metas/04/10/20190904102700_00160.jpg,datasets_cloudmask/dataset_cropped/09_Metas/04/10/20190904102700_00160.png,648.2,721.8,158.6,26.9,964
9/4/2019 10:28,datasets/dataset_cropped/09_Metas/04/10/20190904102800_00160.jpg,datasets_flow/dataset_cropped/09_Metas/04/10/20190904102800_00160.jpg,datasets_cloudmask/dataset_cropped/09_Metas/04/10/20190904102800_00160.png,652.1,723.4,159.3,27.2,964
9/4/2019 10:29,datasets/dataset_cropped/09_Metas/04/10/20190904102900_00160.jpg,datasets_flow/dataset_cropped/09_Metas/04/10/20190904102900_00160.jpg,datasets_cloudmask/dataset_cropped/09_Metas/04/10/20190904102900_00160.png,655.5,724.9,159.9,27.5,964
9/4/2019 10:30,datasets/dataset_cropped/09_Metas/04/10/20190904103000_00160.jpg,datasets_flow/dataset_cropped/09_Metas/04/10/20190904103000_00160.jpg,datasets_cloudmask/dataset_cropped/09_Metas/04/10/20190904103000_00160.png,660.6,729,160.1,27.3,964
9/4/2019 10:31,datasets/dataset_cropped/09_Metas/04/10/20190904103100_00160.jpg,datasets_flow/dataset_cropped/09_Metas/04/10/20190904103100_00160.jpg,datasets_cloudmask/dataset_cropped/09_Metas/04/10/20190904103100_00160.png,663.3,729.6,160.8,27.2,964
9/4/2019 10:32,datasets/dataset_cropped/09_Metas/04/10/20190904103200_00160.jpg,datasets_flow/dataset_cropped/09_Metas/04/10/20190904103200_00160.jpg,datasets_cloudmask/dataset_cropped/09_Metas/04/10/20190904103200_00160.png,665.3,729.7,161.6,27.1,964
9/4/2019 10:33,datasets/dataset_cropped/09_Metas/04/10/20190904103300_00160.jpg,datasets_flow/dataset_cropped/09_Metas/04/10/20190904103300_00160.jpg,datasets_cloudmask/dataset_cropped/09_Metas/04/10/20190904103300_00160.png,667.3,729.6,162.2,27.2,964
9/4/2019 10:34,datasets/dataset_cropped/09_Metas/04/10/20190904103400_00160.jpg,datasets_flow/dataset_cropped/09_Metas/04/10/20190904103400_00160.jpg,datasets_cloudmask/dataset_cropped/09_Metas/04/10/20190904103400_00160.png,670.5,730.1,162.7,27.1,964
9/4/2019 10:35,datasets/dataset_cropped/09_Metas/04/10/20190904103500_00160.jpg,datasets_flow/dataset_cropped/09_Metas/04/10/20190904103500_00160.jpg,datasets_cloudmask/dataset_cropped/09_Metas/04/10/20190904103500_00160.png,673.7,729.8,164.1,27.1,964
9/4/2019 10:36,datasets/dataset_cropped/09_Metas/04/10/20190904103600_00160.jpg,datasets_flow/dataset_cropped/09_Metas/04/10/20190904103600_00160.jpg,datasets_cloudmask/dataset_cropped/09_Metas/04/10/20190904103600_00160.png,676.8,729,166.5,27.1,964
9/4/2019 10:37,datasets/dataset_cropped/09_Metas/04/10/20190904103700_00160.jpg,datasets_flow/dataset_cropped/09_Metas/04/10/20190904103700_00160.jpg,datasets_cloudmask/dataset_cropped/09_Metas/04/10/20190904103700_00160.png,679.4,727.7,168.8,27,964
9/4/2019 10:38,datasets/dataset_cropped/09_Metas/04/10/20190904103800_00160.jpg,datasets_flow/dataset_cropped/09_Metas/04/10/20190904103800_00160.jpg,datasets_cloudmask/dataset_cropped/09_Metas/04/10/20190904103800_00160.png,681.7,725.5,171.6,27,964
9/4/2019 10:39,datasets/dataset_cropped/09_Metas/04/10/20190904103900_00160.jpg,datasets_flow/dataset_cropped/09_Metas/04/10/20190904103900_00160.jpg,datasets_cloudmask/dataset_cropped/09_Metas/04/10/20190904103900_00160.png,685.1,723.5,174.7,27.1,964
9/4/2019 10:40,datasets/dataset_cropped/09_Metas/04/10/20190904104000_00160.jpg,datasets_flow/dataset_cropped/09_Metas/04/10/20190904104000_00160.jpg,datasets_cloudmask/dataset_cropped/09_Metas/04/10/20190904104000_00160.png,686.1,718.7,178.5,27.3,964
9/4/2019 10:41,datasets/dataset_cropped/09_Metas/04/10/20190904104100_00160.jpg,datasets_flow/dataset_cropped/09_Metas/04/10/20190904104100_00160.jpg,datasets_cloudmask/dataset_cropped/09_Metas/04/10/20190904104100_00160.png,690.2,720.1,180.5,27.2,964
9/4/2019 10:42,datasets/dataset_cropped/09_Metas/04/10/20190904104200_00160.jpg,datasets_flow/dataset_cropped/09_Metas/04/10/20190904104200_00160.jpg,datasets_cloudmask/dataset_cropped/09_Metas/04/10/20190904104200_00160.png,693.2,720.6,181.7,27.2,964
9/4/2019 10:43,datasets/dataset_cropped/09_Metas/04/10/20190904104300_00160.jpg,datasets_flow/dataset_cropped/09_Metas/04/10/20190904104300_00160.jpg,datasets_cloudmask/dataset_cropped/09_Metas/04/10/20190904104300_00160.png,696.4,722,181.9,27.1,964
9/4/2019 10:44,datasets/dataset_cropped/09_Metas/04/10/20190904104400_00160.jpg,datasets_flow/dataset_cropped/09_Metas/04/10/20190904104400_00160.jpg,datasets_cloudmask/dataset_cropped/09_Metas/04/10/20190904104400_00160.png,699.6,722.9,182.1,27,964
9/4/2019 10:45,datasets/dataset_cropped/09_Metas/04/10/20190904104500_00160.jpg,datasets_flow/dataset_cropped/09_Metas/04/10/20190904104500_00160.jpg,datasets_cloudmask/dataset_cropped/09_Metas/04/10/20190904104500_00160.png,702.1,722.9,182.9,27,964
9/4/2019 10:46,datasets/dataset_cropped/09_Metas/04/10/20190904104600_00160.jpg,datasets_flow/dataset_cropped/09_Metas/04/10/20190904104600_00160.jpg,datasets_cloudmask/dataset_cropped/09_Metas/04/10/20190904104600_00160.png,704,722.5,183.1,27,964
9/4/2019 10:47,datasets/dataset_cropped/09_Metas/04/10/20190904104700_00160.jpg,datasets_flow/dataset_cropped/09_Metas/04/10/20190904104700_00160.jpg,datasets_cloudmask/dataset_cropped/09_Metas/04/10/20190904104700_00160.png,705.8,723.1,182.9,27,964
9/4/2019 10:48,datasets/dataset_cropped/09_Metas/04/10/20190904104800_00160.jpg,datasets_flow/dataset_cropped/09_Metas/04/10/20190904104800_00160.jpg,datasets_cloudmask/dataset_cropped/09_Metas/04/10/20190904104800_00160.png,706.7,724.5,181.9,27.3,964
9/4/2019 10:49,datasets/dataset_cropped/09_Metas/04/10/20190904104900_00160.jpg,datasets_flow/dataset_cropped/09_Metas/04/10/20190904104900_00160.jpg,datasets_cloudmask/dataset_cropped/09_Metas/04/10/20190904104900_00160.png,708.2,726.4,180.7,27.5,964
9/4/2019 10:50,datasets/dataset_cropped/09_Metas/04/10/20190904105000_00160.jpg,datasets_flow/dataset_cropped/09_Metas/04/10/20190904105000_00160.jpg,datasets_cloudmask/dataset_cropped/09_Metas/04/10/20190904105000_00160.png,709.4,726.4,180.1,27.7,964
9/4/2019 10:51,datasets/dataset_cropped/09_Metas/04/10/20190904105100_00160.jpg,datasets_flow/dataset_cropped/09_Metas/04/10/20190904105100_00160.jpg,datasets_cloudmask/dataset_cropped/09_Metas/04/10/20190904105100_00160.png,711.9,727.6,180.2,27.8,964
9/4/2019 10:52,datasets/dataset_cropped/09_Metas/04/10/20190904105200_00160.jpg,datasets_flow/dataset_cropped/09_Metas/04/10/20190904105200_00160.jpg,datasets_cloudmask/dataset_cropped/09_Metas/04/10/20190904105200_00160.png,712.4,726.4,180,27.7,964
9/4/2019 10:53,datasets/dataset_cropped/09_Metas/04/10/20190904105300_00160.jpg,datasets_flow/dataset_cropped/09_Metas/04/10/20190904105300_00160.jpg,datasets_cloudmask/dataset_cropped/09_Metas/04/10/20190904105300_00160.png,715.4,728.9,180.1,27.8,964
9/4/2019 10:54,datasets/dataset_cropped/09_Metas/04/10/20190904105400_00160.jpg,datasets_flow/dataset_cropped/09_Metas/04/10/20190904105400_00160.jpg,datasets_cloudmask/dataset_cropped/09_Metas/04/10/20190904105400_00160.png,714.6,726,179.5,28.2,964
9/4/2019 10:55,datasets/dataset_cropped/09_Metas/04/10/20190904105500_00160.jpg,datasets_flow/dataset_cropped/09_Metas/04/10/20190904105500_00160.jpg,datasets_cloudmask/dataset_cropped/09_Metas/04/10/20190904105500_00160.png,718,728.2,179.4,28.5,964
9/4/2019 10:56,datasets/dataset_cropped/09_Metas/04/10/20190904105600_00160.jpg,datasets_flow/dataset_cropped/09_Metas/04/10/20190904105600_00160.jpg,datasets_cloudmask/dataset_cropped/09_Metas/04/10/20190904105600_00160.png,722.1,730.8,180.8,28.4,964
9/4/2019 10:57,datasets/dataset_cropped/09_Metas/04/10/20190904105700_00160.jpg,datasets_flow/dataset_cropped/09_Metas/04/10/20190904105700_00160.jpg,datasets_cloudmask/dataset_cropped/09_Metas/04/10/20190904105700_00160.png,728.7,736.7,181.9,28.1,964
9/4/2019 10:58,datasets/dataset_cropped/09_Metas/04/10/20190904105800_00160.jpg,datasets_flow/dataset_cropped/09_Metas/04/10/20190904105800_00160.jpg,datasets_cloudmask/dataset_cropped/09_Metas/04/10/20190904105800_00160.png,733.7,739.6,183.2,27.9,964
9/4/2019 10:59,datasets/dataset_cropped/09_Metas/04/10/20190904105900_00160.jpg,datasets_flow/dataset_cropped/09_Metas/04/10/20190904105900_00160.jpg,datasets_cloudmask/dataset_cropped/09_Metas/04/10/20190904105900_00160.png,735.9,739.1,184.5,27.9,964
9/4/2019 11:00,datasets/dataset_cropped/09_Metas/04/11/20190904110000_00160.jpg,datasets_flow/dataset_cropped/09_Metas/04/11/20190904110000_00160.jpg,datasets_cloudmask/dataset_cropped/09_Metas/04/11/20190904110000_00160.png,734.1,734.9,184.7,28,964
9/4/2019 11:01,datasets/dataset_cropped/09_Metas/04/11/20190904110100_00160.jpg,datasets_flow/dataset_cropped/09_Metas/04/11/20190904110100_00160.jpg,datasets_cloudmask/dataset_cropped/09_Metas/04/11/20190904110100_00160.png,730.6,730.3,182.9,27.9,964
9/4/2019 11:02,datasets/dataset_cropped/09_Metas/04/11/20190904110200_00160.jpg,datasets_flow/dataset_cropped/09_Metas/04/11/20190904110200_00160.jpg,datasets_cloudmask/dataset_cropped/09_Metas/04/11/20190904110200_00160.png,730.8,732.5,180.1,27.8,964
9/4/2019 11:03,datasets/dataset_cropped/09_Metas/04/11/20190904110300_00160.jpg,datasets_flow/dataset_cropped/09_Metas/04/11/20190904110300_00160.jpg,datasets_cloudmask/dataset_cropped/09_Metas/04/11/20190904110300_00160.png,726.4,727.9,178,27.9,964
9/4/2019 11:04,datasets/dataset_cropped/09_Metas/04/11/20190904110400_00160.jpg,datasets_flow/dataset_cropped/09_Metas/04/11/20190904110400_00160.jpg,datasets_cloudmask/dataset_cropped/09_Metas/04/11/20190904110400_00160.png,727.5,732.3,174.7,28,964
9/4/2019 11:05,datasets/dataset_cropped/09_Metas/04/11/20190904110500_00160.jpg,datasets_flow/dataset_cropped/09_Metas/04/11/20190904110500_00160.jpg,datasets_cloudmask/dataset_cropped/09_Metas/04/11/20190904110500_00160.png,734,741.5,173,28.1,964
9/4/2019 11:06,datasets/dataset_cropped/09_Metas/04/11/20190904110600_00160.jpg,datasets_flow/dataset_cropped/09_Metas/04/11/20190904110600_00160.jpg,datasets_cloudmask/dataset_cropped/09_Metas/04/11/20190904110600_00160.png,742.1,751.7,172,28,964
9/4/2019 11:07,datasets/dataset_cropped/09_Metas/04/11/20190904110700_00160.jpg,datasets_flow/dataset_cropped/09_Metas/04/11/20190904110700_00160.jpg,datasets_cloudmask/dataset_cropped/09_Metas/04/11/20190904110700_00160.png,745.2,754.8,171.5,28.1,964
9/4/2019 11:08,datasets/dataset_cropped/09_Metas/04/11/20190904110800_00160.jpg,datasets_flow/dataset_cropped/09_Metas/04/11/20190904110800_00160.jpg,datasets_cloudmask/dataset_cropped/09_Metas/04/11/20190904110800_00160.png,746.2,754,171.8,28,964
9/4/2019 11:09,datasets/dataset_cropped/09_Metas/04/11/20190904110900_00160.jpg,datasets_flow/dataset_cropped/09_Metas/04/11/20190904110900_00160.jpg,datasets_cloudmask/dataset_cropped/09_Metas/04/11/20190904110900_00160.png,744.8,749.5,172.3,28.3,964
9/4/2019 11:10,datasets/dataset_cropped/09_Metas/04/11/20190904111000_00160.jpg,datasets_flow/dataset_cropped/09_Metas/04/11/20190904111000_00160.jpg,datasets_cloudmask/dataset_cropped/09_Metas/04/11/20190904111000_00160.png,742.8,745,173,28.5,964
9/4/2019 11:11,datasets/dataset_cropped/09_Metas/04/11/20190904111100_00160.jpg,datasets_flow/dataset_cropped/09_Metas/04/11/20190904111100_00160.jpg,datasets_cloudmask/dataset_cropped/09_Metas/04/11/20190904111100_00160.png,743.6,744.6,173.1,28.6,964
9/4/2019 11:12,datasets/dataset_cropped/09_Metas/04/11/20190904111200_00160.jpg,datasets_flow/dataset_cropped/09_Metas/04/11/20190904111200_00160.jpg,datasets_cloudmask/dataset_cropped/09_Metas/04/11/20190904111200_00160.png,745.3,745.2,173.1,28.8,964
9/4/2019 11:13,datasets/dataset_cropped/09_Metas/04/11/20190904111300_00160.jpg,datasets_flow/dataset_cropped/09_Metas/04/11/20190904111300_00160.jpg,datasets_cloudmask/dataset_cropped/09_Metas/04/11/20190904111300_00160.png,747.2,746.5,172.9,28.6,964
9/4/2019 11:14,datasets/dataset_cropped/09_Metas/04/11/20190904111400_00160.jpg,datasets_flow/dataset_cropped/09_Metas/04/11/20190904111400_00160.jpg,datasets_cloudmask/dataset_cropped/09_Metas/04/11/20190904111400_00160.png,752.1,752,172.5,28.4,964
9/4/2019 11:15,datasets/dataset_cropped/09_Metas/04/11/20190904111500_00160.jpg,datasets_flow/dataset_cropped/09_Metas/04/11/20190904111500_00160.jpg,datasets_cloudmask/dataset_cropped/09_Metas/04/11/20190904111500_00160.png,754.9,754.4,172.6,28.4,964
9/4/2019 11:16,datasets/dataset_cropped/09_Metas/04/11/20190904111600_00160.jpg,datasets_flow/dataset_cropped/09_Metas/04/11/20190904111600_00160.jpg,datasets_cloudmask/dataset_cropped/09_Metas/04/11/20190904111600_00160.png,755.6,754.9,172,28.4,964
9/4/2019 11:17,datasets/dataset_cropped/09_Metas/04/11/20190904111700_00160.jpg,datasets_flow/dataset_cropped/09_Metas/04/11/20190904111700_00160.jpg,datasets_cloudmask/dataset_cropped/09_Metas/04/11/20190904111700_00160.png,756.9,755.8,171.3,28.6,964
9/4/2019 11:18,datasets/dataset_cropped/09_Metas/04/11/20190904111800_00160.jpg,datasets_flow/dataset_cropped/09_Metas/04/11/20190904111800_00160.jpg,datasets_cloudmask/dataset_cropped/09_Metas/04/11/20190904111800_00160.png,761.6,759.9,171.1,28.6,964
9/4/2019 11:19,datasets/dataset_cropped/09_Metas/04/11/20190904111900_00160.jpg,datasets_flow/dataset_cropped/09_Metas/04/11/20190904111900_00160.jpg,datasets_cloudmask/dataset_cropped/09_Metas/04/11/20190904111900_00160.png,762,758.8,171.2,28.5,964
9/4/2019 11:20,datasets/dataset_cropped/09_Metas/04/11/20190904112000_00160.jpg,datasets_flow/dataset_cropped/09_Metas/04/11/20190904112000_00160.jpg,datasets_cloudmask/dataset_cropped/09_Metas/04/11/20190904112000_00160.png,761.8,756.6,171.1,28.5,964
9/4/2019 11:21,datasets/dataset_cropped/09_Metas/04/11/20190904112100_00160.jpg,datasets_flow/dataset_cropped/09_Metas/04/11/20190904112100_00160.jpg,datasets_cloudmask/dataset_cropped/09_Metas/04/11/20190904112100_00160.png,765.3,758.9,171.3,28.2,964
9/4/2019 11:22,datasets/dataset_cropped/09_Metas/04/11/20190904112200_00160.jpg,datasets_flow/dataset_cropped/09_Metas/04/11/20190904112200_00160.jpg,datasets_cloudmask/dataset_cropped/09_Metas/04/11/20190904112200_00160.png,770.1,762.7,171.5,27.9,964
9/4/2019 11:23,datasets/dataset_cropped/09_Metas/04/11/20190904112300_00160.jpg,datasets_flow/dataset_cropped/09_Metas/04/11/20190904112300_00160.jpg,datasets_cloudmask/dataset_cropped/09_Metas/04/11/20190904112300_00160.png,773,764.5,171.4,28.1,964
9/4/2019 11:24,datasets/dataset_cropped/09_Metas/04/11/20190904112400_00160.jpg,datasets_flow/dataset_cropped/09_Metas/04/11/20190904112400_00160.jpg,datasets_cloudmask/dataset_cropped/09_Metas/04/11/20190904112400_00160.png,775.2,765.1,171.7,28,964
9/4/2019 11:25,datasets/dataset_cropped/09_Metas/04/11/20190904112500_00160.jpg,datasets_flow/dataset_cropped/09_Metas/04/11/20190904112500_00160.jpg,datasets_cloudmask/dataset_cropped/09_Metas/04/11/20190904112500_00160.png,775.4,764,171.8,28.2,964
9/4/2019 11:26,datasets/dataset_cropped/09_Metas/04/11/20190904112600_00160.jpg,datasets_flow/dataset_cropped/09_Metas/04/11/20190904112600_00160.jpg,datasets_cloudmask/dataset_cropped/09_Metas/04/11/20190904112600_00160.png,777.3,765.2,171.7,28.2,964
9/4/2019 11:27,datasets/dataset_cropped/09_Metas/04/11/20190904112700_00160.jpg,datasets_flow/dataset_cropped/09_Metas/04/11/20190904112700_00160.jpg,datasets_cloudmask/dataset_cropped/09_Metas/04/11/20190904112700_00160.png,777.3,763.9,171.9,28.1,964
9/4/2019 11:28,datasets/dataset_cropped/09_Metas/04/11/20190904112800_00160.jpg,datasets_flow/dataset_cropped/09_Metas/04/11/20190904112800_00160.jpg,datasets_cloudmask/dataset_cropped/09_Metas/04/11/20190904112800_00160.png,778.9,763.7,172.3,28.1,964
9/4/2019 11:29,datasets/dataset_cropped/09_Metas/04/11/20190904112900_00160.jpg,datasets_flow/dataset_cropped/09_Metas/04/11/20190904112900_00160.jpg,datasets_cloudmask/dataset_cropped/09_Metas/04/11/20190904112900_00160.png,782.6,766.3,173,28.2,964
9/4/2019 11:30,datasets/dataset_cropped/09_Metas/04/11/20190904113000_00160.jpg,datasets_flow/dataset_cropped/09_Metas/04/11/20190904113000_00160.jpg,datasets_cloudmask/dataset_cropped/09_Metas/04/11/20190904113000_00160.png,784.3,766,173.8,28.3,964
9/4/2019 11:31,datasets/dataset_cropped/09_Metas/04/11/20190904113100_00160.jpg,datasets_flow/dataset_cropped/09_Metas/04/11/20190904113100_00160.jpg,datasets_cloudmask/dataset_cropped/09_Metas/04/11/20190904113100_00160.png,787.2,767.4,174.4,28.7,964
9/4/2019 11:32,datasets/dataset_cropped/09_Metas/04/11/20190904113200_00160.jpg,datasets_flow/dataset_cropped/09_Metas/04/11/20190904113200_00160.jpg,datasets_cloudmask/dataset_cropped/09_Metas/04/11/20190904113200_00160.png,788.1,765.8,175.7,29.3,964
9/4/2019 11:33,datasets/dataset_cropped/09_Metas/04/11/20190904113300_00160.jpg,datasets_flow/dataset_cropped/09_Metas/04/11/20190904113300_00160.jpg,datasets_cloudmask/dataset_cropped/09_Metas/04/11/20190904113300_00160.png,790.5,766.9,176.1,29.5,964
9/4/2019 11:34,datasets/dataset_cropped/09_Metas/04/11/20190904113400_00160.jpg,datasets_flow/dataset_cropped/09_Metas/04/11/20190904113400_00160.jpg,datasets_cloudmask/dataset_cropped/09_Metas/04/11/20190904113400_00160.png,791.7,766.4,176.6,29.5,964
9/4/2019 11:35,datasets/dataset_cropped/09_Metas/04/11/20190904113500_00160.jpg,datasets_flow/dataset_cropped/09_Metas/04/11/20190904113500_00160.jpg,datasets_cloudmask/dataset_cropped/09_Metas/04/11/20190904113500_00160.png,791.5,764.1,176.8,29.1,964
9/4/2019 11:36,datasets/dataset_cropped/09_Metas/04/11/20190904113600_00160.jpg,datasets_flow/dataset_cropped/09_Metas/04/11/20190904113600_00160.jpg,datasets_cloudmask/dataset_cropped/09_Metas/04/11/20190904113600_00160.png,791.1,762.2,176.7,28.7,964
9/4/2019 11:37,datasets/dataset_cropped/09_Metas/04/11/20190904113700_00160.jpg,datasets_flow/dataset_cropped/09_Metas/04/11/20190904113700_00160.jpg,datasets_cloudmask/dataset_cropped/09_Metas/04/11/20190904113700_00160.png,792.1,762.4,176.7,28.9,964
9/4/2019 11:38,datasets/dataset_cropped/09_Metas/04/11/20190904113800_00160.jpg,datasets_flow/dataset_cropped/09_Metas/04/11/20190904113800_00160.jpg,datasets_cloudmask/dataset_cropped/09_Metas/04/11/20190904113800_00160.png,794.8,764.3,177,29.1,964
9/4/2019 11:39,datasets/dataset_cropped/09_Metas/04/11/20190904113900_00160.jpg,datasets_flow/dataset_cropped/09_Metas/04/11/20190904113900_00160.jpg,datasets_cloudmask/dataset_cropped/09_Metas/04/11/20190904113900_00160.png,794.2,761.9,177.5,29,964
9/4/2019 11:40,datasets/dataset_cropped/09_Metas/04/11/20190904114000_00160.jpg,datasets_flow/dataset_cropped/09_Metas/04/11/20190904114000_00160.jpg,datasets_cloudmask/dataset_cropped/09_Metas/04/11/20190904114000_00160.png,796.9,762.8,178.1,29,964
9/4/2019 11:41,datasets/dataset_cropped/09_Metas/04/11/20190904114100_00160.jpg,datasets_flow/dataset_cropped/09_Metas/04/11/20190904114100_00160.jpg,datasets_cloudmask/dataset_cropped/09_Metas/04/11/20190904114100_00160.png,793.1,756,179.2,28.9,964
9/4/2019 11:42,datasets/dataset_cropped/09_Metas/04/11/20190904114200_00160.jpg,datasets_flow/dataset_cropped/09_Metas/04/11/20190904114200_00160.jpg,datasets_cloudmask/dataset_cropped/09_Metas/04/11/20190904114200_00160.png,792.2,753.4,179.3,29,964
9/4/2019 11:43,datasets/dataset_cropped/09_Metas/04/11/20190904114300_00160.jpg,datasets_flow/dataset_cropped/09_Metas/04/11/20190904114300_00160.jpg,datasets_cloudmask/dataset_cropped/09_Metas/04/11/20190904114300_00160.png,796.2,757.2,179.6,28.7,964
9/4/2019 11:44,datasets/dataset_cropped/09_Metas/04/11/20190904114400_00160.jpg,datasets_flow/dataset_cropped/09_Metas/04/11/20190904114400_00160.jpg,datasets_cloudmask/dataset_cropped/09_Metas/04/11/20190904114400_00160.png,806,768.3,179.7,28.6,964
9/4/2019 11:45,datasets/dataset_cropped/09_Metas/04/11/20190904114500_00160.jpg,datasets_flow/dataset_cropped/09_Metas/04/11/20190904114500_00160.jpg,datasets_cloudmask/dataset_cropped/09_Metas/04/11/20190904114500_00160.png,810,773,179.9,28.9,964
9/4/2019 11:46,datasets/dataset_cropped/09_Metas/04/11/20190904114600_00160.jpg,datasets_flow/dataset_cropped/09_Metas/04/11/20190904114600_00160.jpg,datasets_cloudmask/dataset_cropped/09_Metas/04/11/20190904114600_00160.png,812,775.2,179.1,28.9,964
9/4/2019 11:47,datasets/dataset_cropped/09_Metas/04/11/20190904114700_00160.jpg,datasets_flow/dataset_cropped/09_Metas/04/11/20190904114700_00160.jpg,datasets_cloudmask/dataset_cropped/09_Metas/04/11/20190904114700_00160.png,816,778.8,178.5,28.6,964
9/4/2019 11:48,datasets/dataset_cropped/09_Metas/04/11/20190904114800_00160.jpg,datasets_flow/dataset_cropped/09_Metas/04/11/20190904114800_00160.jpg,datasets_cloudmask/dataset_cropped/09_Metas/04/11/20190904114800_00160.png,816,777.6,177.9,28.4,964
9/4/2019 11:49,datasets/dataset_cropped/09_Metas/04/11/20190904114900_00160.jpg,datasets_flow/dataset_cropped/09_Metas/04/11/20190904114900_00160.jpg,datasets_cloudmask/dataset_cropped/09_Metas/04/11/20190904114900_00160.png,813,774,177.1,28.2,964
9/4/2019 11:50,datasets/dataset_cropped/09_Metas/04/11/20190904115000_00160.jpg,datasets_flow/dataset_cropped/09_Metas/04/11/20190904115000_00160.jpg,datasets_cloudmask/dataset_cropped/09_Metas/04/11/20190904115000_00160.png,814,774.7,177.1,28.5,963
9/4/2019 11:51,datasets/dataset_cropped/09_Metas/04/11/20190904115100_00160.jpg,datasets_flow/dataset_cropped/09_Metas/04/11/20190904115100_00160.jpg,datasets_cloudmask/dataset_cropped/09_Metas/04/11/20190904115100_00160.png,820,781.1,176.7,28.9,963
9/4/2019 11:52,datasets/dataset_cropped/09_Metas/04/11/20190904115200_00160.jpg,datasets_flow/dataset_cropped/09_Metas/04/11/20190904115200_00160.jpg,datasets_cloudmask/dataset_cropped/09_Metas/04/11/20190904115200_00160.png,822,782.9,176.5,28.8,964
9/4/2019 11:53,datasets/dataset_cropped/09_Metas/04/11/20190904115300_00160.jpg,datasets_flow/dataset_cropped/09_Metas/04/11/20190904115300_00160.jpg,datasets_cloudmask/dataset_cropped/09_Metas/04/11/20190904115300_00160.png,823,784.4,176.3,28.7,963
9/4/2019 11:54,datasets/dataset_cropped/09_Metas/04/11/20190904115400_00160.jpg,datasets_flow/dataset_cropped/09_Metas/04/11/20190904115400_00160.jpg,datasets_cloudmask/dataset_cropped/09_Metas/04/11/20190904115400_00160.png,826,787.8,175.4,28.9,964
9/4/2019 11:55,datasets/dataset_cropped/09_Metas/04/11/20190904115500_00160.jpg,datasets_flow/dataset_cropped/09_Metas/04/11/20190904115500_00160.jpg,datasets_cloudmask/dataset_cropped/09_Metas/04/11/20190904115500_00160.png,824,785.1,175.2,28.8,963
9/4/2019 11:56,datasets/dataset_cropped/09_Metas/04/11/20190904115600_00160.jpg,datasets_flow/dataset_cropped/09_Metas/04/11/20190904115600_00160.jpg,datasets_cloudmask/dataset_cropped/09_Metas/04/11/20190904115600_00160.png,825,784.9,174.8,28.9,963
9/4/2019 11:57,datasets/dataset_cropped/09_Metas/04/11/20190904115700_00160.jpg,datasets_flow/dataset_cropped/09_Metas/04/11/20190904115700_00160.jpg,datasets_cloudmask/dataset_cropped/09_Metas/04/11/20190904115700_00160.png,826,784.6,174.4,29,963
9/4/2019 11:58,datasets/dataset_cropped/09_Metas/04/11/20190904115800_00160.jpg,datasets_flow/dataset_cropped/09_Metas/04/11/20190904115800_00160.jpg,datasets_cloudmask/dataset_cropped/09_Metas/04/11/20190904115800_00160.png,828,785.7,174.8,29.2,963
9/4/2019 11:59,datasets/dataset_cropped/09_Metas/04/11/20190904115900_00160.jpg,datasets_flow/dataset_cropped/09_Metas/04/11/20190904115900_00160.jpg,datasets_cloudmask/dataset_cropped/09_Metas/04/11/20190904115900_00160.png,829,786.4,174.6,29.5,963
9/4/2019 12:00,datasets/dataset_cropped/09_Metas/04/12/20190904120000_00160.jpg,datasets_flow/dataset_cropped/09_Metas/04/12/20190904120000_00160.jpg,datasets_cloudmask/dataset_cropped/09_Metas/04/12/20190904120000_00160.png,830,787.1,174.8,29.7,963
9/4/2019 12:01,datasets/dataset_cropped/09_Metas/04/12/20190904120100_00160.jpg,datasets_flow/dataset_cropped/09_Metas/04/12/20190904120100_00160.jpg,datasets_cloudmask/dataset_cropped/09_Metas/04/12/20190904120100_00160.png,836,793.2,175.4,29.4,963
9/4/2019 12:02,datasets/dataset_cropped/09_Metas/04/12/20190904120200_00160.jpg,datasets_flow/dataset_cropped/09_Metas/04/12/20190904120200_00160.jpg,datasets_cloudmask/dataset_cropped/09_Metas/04/12/20190904120200_00160.png,839,795.8,174.8,29.4,963
9/4/2019 12:03,datasets/dataset_cropped/09_Metas/04/12/20190904120300_00160.jpg,datasets_flow/dataset_cropped/09_Metas/04/12/20190904120300_00160.jpg,datasets_cloudmask/dataset_cropped/09_Metas/04/12/20190904120300_00160.png,840,795.1,174.8,29.5,963
9/4/2019 12:04,datasets/dataset_cropped/09_Metas/04/12/20190904120400_00160.jpg,datasets_flow/dataset_cropped/09_Metas/04/12/20190904120400_00160.jpg,datasets_cloudmask/dataset_cropped/09_Metas/04/12/20190904120400_00160.png,839,793.6,174.3,29.4,963
9/4/2019 12:05,datasets/dataset_cropped/09_Metas/04/12/20190904120500_00160.jpg,datasets_flow/dataset_cropped/09_Metas/04/12/20190904120500_00160.jpg,datasets_cloudmask/dataset_cropped/09_Metas/04/12/20190904120500_00160.png,836,788.8,174.5,29.6,964
9/4/2019 12:06,datasets/dataset_cropped/09_Metas/04/12/20190904120600_00160.jpg,datasets_flow/dataset_cropped/09_Metas/04/12/20190904120600_00160.jpg,datasets_cloudmask/dataset_cropped/09_Metas/04/12/20190904120600_00160.png,838,788.3,175.1,29.8,963
9/4/2019 12:07,datasets/dataset_cropped/09_Metas/04/12/20190904120700_00160.jpg,datasets_flow/dataset_cropped/09_Metas/04/12/20190904120700_00160.jpg,datasets_cloudmask/dataset_cropped/09_Metas/04/12/20190904120700_00160.png,840,787.8,176.4,29.4,963
9/4/2019 12:08,datasets/dataset_cropped/09_Metas/04/12/20190904120800_00160.jpg,datasets_flow/dataset_cropped/09_Metas/04/12/20190904120800_00160.jpg,datasets_cloudmask/dataset_cropped/09_Metas/04/12/20190904120800_00160.png,843,788.8,178.3,29.2,963
9/4/2019 12:09,datasets/dataset_cropped/09_Metas/04/12/20190904120900_00160.jpg,datasets_flow/dataset_cropped/09_Metas/04/12/20190904120900_00160.jpg,datasets_cloudmask/dataset_cropped/09_Metas/04/12/20190904120900_00160.png,843,786.8,181.1,29.6,963
9/4/2019 12:10,datasets/dataset_cropped/09_Metas/04/12/20190904121000_00160.jpg,datasets_flow/dataset_cropped/09_Metas/04/12/20190904121000_00160.jpg,datasets_cloudmask/dataset_cropped/09_Metas/04/12/20190904121000_00160.png,838,777.9,182.7,30,963
9/4/2019 12:11,datasets/dataset_cropped/09_Metas/04/12/20190904121100_00160.jpg,datasets_flow/dataset_cropped/09_Metas/04/12/20190904121100_00160.jpg,datasets_cloudmask/dataset_cropped/09_Metas/04/12/20190904121100_00160.png,836,773.8,183.4,29.7,963
9/4/2019 12:12,datasets/dataset_cropped/09_Metas/04/12/20190904121200_00160.jpg,datasets_flow/dataset_cropped/09_Metas/04/12/20190904121200_00160.jpg,datasets_cloudmask/dataset_cropped/09_Metas/04/12/20190904121200_00160.png,841,780,183.1,29.6,963
9/4/2019 12:13,datasets/dataset_cropped/09_Metas/04/12/20190904121300_00160.jpg,datasets_flow/dataset_cropped/09_Metas/04/12/20190904121300_00160.jpg,datasets_cloudmask/dataset_cropped/09_Metas/04/12/20190904121300_00160.png,847,785,183.9,29.7,963
9/4/2019 12:14,datasets/dataset_cropped/09_Metas/04/12/20190904121400_00160.jpg,datasets_flow/dataset_cropped/09_Metas/04/12/20190904121400_00160.jpg,datasets_cloudmask/dataset_cropped/09_Metas/04/12/20190904121400_00160.png,849,786.8,183.3,29.9,963
9/4/2019 12:15,datasets/dataset_cropped/09_Metas/04/12/20190904121500_00160.jpg,datasets_flow/dataset_cropped/09_Metas/04/12/20190904121500_00160.jpg,datasets_cloudmask/dataset_cropped/09_Metas/04/12/20190904121500_00160.png,847,782.9,184.1,29.7,963
9/4/2019 12:16,datasets/dataset_cropped/09_Metas/04/12/20190904121600_00160.jpg,datasets_flow/dataset_cropped/09_Metas/04/12/20190904121600_00160.jpg,datasets_cloudmask/dataset_cropped/09_Metas/04/12/20190904121600_00160.png,841,772.8,185.5,29.4,963
9/4/2019 12:17,datasets/dataset_cropped/09_Metas/04/12/20190904121700_00160.jpg,datasets_flow/dataset_cropped/09_Metas/04/12/20190904121700_00160.jpg,datasets_cloudmask/dataset_cropped/09_Metas/04/12/20190904121700_00160.png,837,763.8,187.5,29.7,963
9/4/2019 12:18,datasets/dataset_cropped/09_Metas/04/12/20190904121800_00160.jpg,datasets_flow/dataset_cropped/09_Metas/04/12/20190904121800_00160.jpg,datasets_cloudmask/dataset_cropped/09_Metas/04/12/20190904121800_00160.png,834,751.6,194.9,29.9,963
9/4/2019 12:19,datasets/dataset_cropped/09_Metas/04/12/20190904121900_00160.jpg,datasets_flow/dataset_cropped/09_Metas/04/12/20190904121900_00160.jpg,datasets_cloudmask/dataset_cropped/09_Metas/04/12/20190904121900_00160.png,845,759,198.7,29.4,963
9/4/2019 12:20,datasets/dataset_cropped/09_Metas/04/12/20190904122000_00160.jpg,datasets_flow/dataset_cropped/09_Metas/04/12/20190904122000_00160.jpg,datasets_cloudmask/dataset_cropped/09_Metas/04/12/20190904122000_00160.png,841,755.2,195.9,29.4,963
9/4/2019 12:21,datasets/dataset_cropped/09_Metas/04/12/20190904122100_00160.jpg,datasets_flow/dataset_cropped/09_Metas/04/12/20190904122100_00160.jpg,datasets_cloudmask/dataset_cropped/09_Metas/04/12/20190904122100_00160.png,833,747.8,193.2,29.9,963
9/4/2019 12:22,datasets/dataset_cropped/09_Metas/04/12/20190904122200_00160.jpg,datasets_flow/dataset_cropped/09_Metas/04/12/20190904122200_00160.jpg,datasets_cloudmask/dataset_cropped/09_Metas/04/12/20190904122200_00160.png,840,754.7,194.2,30.2,963
9/4/2019 12:23,datasets/dataset_cropped/09_Metas/04/12/20190904122300_00160.jpg,datasets_flow/dataset_cropped/09_Metas/04/12/20190904122300_00160.jpg,datasets_cloudmask/dataset_cropped/09_Metas/04/12/20190904122300_00160.png,844,756.8,195.7,30.1,963
9/4/2019 12:24,datasets/dataset_cropped/09_Metas/04/12/20190904122400_00160.jpg,datasets_flow/dataset_cropped/09_Metas/04/12/20190904122400_00160.jpg,datasets_cloudmask/dataset_cropped/09_Metas/04/12/20190904122400_00160.png,848,757.9,198.9,30.1,963
9/4/2019 12:25,datasets/dataset_cropped/09_Metas/04/12/20190904122500_00160.jpg,datasets_flow/dataset_cropped/09_Metas/04/12/20190904122500_00160.jpg,datasets_cloudmask/dataset_cropped/09_Metas/04/12/20190904122500_00160.png,822,728.1,198.7,30.1,963
9/4/2019 12:26,datasets/dataset_cropped/09_Metas/04/12/20190904122600_00160.jpg,datasets_flow/dataset_cropped/09_Metas/04/12/20190904122600_00160.jpg,datasets_cloudmask/dataset_cropped/09_Metas/04/12/20190904122600_00160.png,856,769.2,198.1,29.9,963
9/4/2019 12:27,datasets/dataset_cropped/09_Metas/04/12/20190904122700_00160.jpg,datasets_flow/dataset_cropped/09_Metas/04/12/20190904122700_00160.jpg,datasets_cloudmask/dataset_cropped/09_Metas/04/12/20190904122700_00160.png,857,766.8,200.6,29.8,963
9/4/2019 12:28,datasets/dataset_cropped/09_Metas/04/12/20190904122800_00160.jpg,datasets_flow/dataset_cropped/09_Metas/04/12/20190904122800_00160.jpg,datasets_cloudmask/dataset_cropped/09_Metas/04/12/20190904122800_00160.png,849,754.2,203.9,30.2,963
9/4/2019 12:29,datasets/dataset_cropped/09_Metas/04/12/20190904122900_00160.jpg,datasets_flow/dataset_cropped/09_Metas/04/12/20190904122900_00160.jpg,datasets_cloudmask/dataset_cropped/09_Metas/04/12/20190904122900_00160.png,852,760.2,201.7,30,963
9/4/2019 12:30,datasets/dataset_cropped/09_Metas/04/12/20190904123000_00160.jpg,datasets_flow/dataset_cropped/09_Metas/04/12/20190904123000_00160.jpg,datasets_cloudmask/dataset_cropped/09_Metas/04/12/20190904123000_00160.png,859,766.8,202.5,30.1,963
9/4/2019 12:31,datasets/dataset_cropped/09_Metas/04/12/20190904123100_00160.jpg,datasets_flow/dataset_cropped/09_Metas/04/12/20190904123100_00160.jpg,datasets_cloudmask/dataset_cropped/09_Metas/04/12/20190904123100_00160.png,859,763.2,204.6,30.5,963
9/4/2019 12:32,datasets/dataset_cropped/09_Metas/04/12/20190904123200_00160.jpg,datasets_flow/dataset_cropped/09_Metas/04/12/20190904123200_00160.jpg,datasets_cloudmask/dataset_cropped/09_Metas/04/12/20190904123200_00160.png,859,761,206.2,30.6,963
9/4/2019 12:33,datasets/dataset_cropped/09_Metas/04/12/20190904123300_00160.jpg,datasets_flow/dataset_cropped/09_Metas/04/12/20190904123300_00160.jpg,datasets_cloudmask/dataset_cropped/09_Metas/04/12/20190904123300_00160.png,862,759.5,209.2,30.8,963
9/4/2019 12:34,datasets/dataset_cropped/09_Metas/04/12/20190904123400_00160.jpg,datasets_flow/dataset_cropped/09_Metas/04/12/20190904123400_00160.jpg,datasets_cloudmask/dataset_cropped/09_Metas/04/12/20190904123400_00160.png,873,764,214.9,31.3,963
9/4/2019 12:35,datasets/dataset_cropped/09_Metas/04/12/20190904123500_00160.jpg,datasets_flow/dataset_cropped/09_Metas/04/12/20190904123500_00160.jpg,datasets_cloudmask/dataset_cropped/09_Metas/04/12/20190904123500_00160.png,751.1,614.9,220.9,31.4,963
9/4/2019 12:36,datasets/dataset_cropped/09_Metas/04/12/20190904123600_00160.jpg,datasets_flow/dataset_cropped/09_Metas/04/12/20190904123600_00160.jpg,datasets_cloudmask/dataset_cropped/09_Metas/04/12/20190904123600_00160.png,691.2,541.2,223.2,31.3,963
9/4/2019 12:37,datasets/dataset_cropped/09_Metas/04/12/20190904123700_00160.jpg,datasets_flow/dataset_cropped/09_Metas/04/12/20190904123700_00160.jpg,datasets_cloudmask/dataset_cropped/09_Metas/04/12/20190904123700_00160.png,796.9,662.7,221.3,31,963
9/4/2019 12:38,datasets/dataset_cropped/09_Metas/04/12/20190904123800_00160.jpg,datasets_flow/dataset_cropped/09_Metas/04/12/20190904123800_00160.jpg,datasets_cloudmask/dataset_cropped/09_Metas/04/12/20190904123800_00160.png,875,760.5,215.8,30.4,963
9/4/2019 12:39,datasets/dataset_cropped/09_Metas/04/12/20190904123900_00160.jpg,datasets_flow/dataset_cropped/09_Metas/04/12/20190904123900_00160.jpg,datasets_cloudmask/dataset_cropped/09_Metas/04/12/20190904123900_00160.png,861,746.6,213.6,30.2,963
9/4/2019 12:40,datasets/dataset_cropped/09_Metas/04/12/20190904124000_00160.jpg,datasets_flow/dataset_cropped/09_Metas/04/12/20190904124000_00160.jpg,datasets_cloudmask/dataset_cropped/09_Metas/04/12/20190904124000_00160.png,855,746.1,208.3,30.4,963
9/4/2019 12:41,datasets/dataset_cropped/09_Metas/04/12/20190904124100_00160.jpg,datasets_flow/dataset_cropped/09_Metas/04/12/20190904124100_00160.jpg,datasets_cloudmask/dataset_cropped/09_Metas/04/12/20190904124100_00160.png,874,770,205.5,30.2,963
9/4/2019 12:42,datasets/dataset_cropped/09_Metas/04/12/20190904124200_00160.jpg,datasets_flow/dataset_cropped/09_Metas/04/12/20190904124200_00160.jpg,datasets_cloudmask/dataset_cropped/09_Metas/04/12/20190904124200_00160.png,861,756.1,204.1,30.4,963
9/4/2019 12:43,datasets/dataset_cropped/09_Metas/04/12/20190904124300_00160.jpg,datasets_flow/dataset_cropped/09_Metas/04/12/20190904124300_00160.jpg,datasets_cloudmask/dataset_cropped/09_Metas/04/12/20190904124300_00160.png,864,757.5,206.6,30.8,963
9/4/2019 12:44,datasets/dataset_cropped/09_Metas/04/12/20190904124400_00160.jpg,datasets_flow/dataset_cropped/09_Metas/04/12/20190904124400_00160.jpg,datasets_cloudmask/dataset_cropped/09_Metas/04/12/20190904124400_00160.png,878,769,210.4,30.7,963
9/4/2019 12:45,datasets/dataset_cropped/09_Metas/04/12/20190904124500_00160.jpg,datasets_flow/dataset_cropped/09_Metas/04/12/20190904124500_00160.jpg,datasets_cloudmask/dataset_cropped/09_Metas/04/12/20190904124500_00160.png,881,772.1,211,30.4,963
9/4/2019 12:46,datasets/dataset_cropped/09_Metas/04/12/20190904124600_00160.jpg,datasets_flow/dataset_cropped/09_Metas/04/12/20190904124600_00160.jpg,datasets_cloudmask/dataset_cropped/09_Metas/04/12/20190904124600_00160.png,880,772.1,210.3,30.4,963
9/4/2019 12:47,datasets/dataset_cropped/09_Metas/04/12/20190904124700_00160.jpg,datasets_flow/dataset_cropped/09_Metas/04/12/20190904124700_00160.jpg,datasets_cloudmask/dataset_cropped/09_Metas/04/12/20190904124700_00160.png,882,776.4,209.1,30.4,963
9/4/2019 12:48,datasets/dataset_cropped/09_Metas/04/12/20190904124800_00160.jpg,datasets_flow/dataset_cropped/09_Metas/04/12/20190904124800_00160.jpg,datasets_cloudmask/dataset_cropped/09_Metas/04/12/20190904124800_00160.png,878,772.5,208.1,30.5,963
9/4/2019 12:49,datasets/dataset_cropped/09_Metas/04/12/20190904124900_00160.jpg,datasets_flow/dataset_cropped/09_Metas/04/12/20190904124900_00160.jpg,datasets_cloudmask/dataset_cropped/09_Metas/04/12/20190904124900_00160.png,881,778.1,206.5,30.7,963
9/4/2019 12:50,datasets/dataset_cropped/09_Metas/04/12/20190904125000_00160.jpg,datasets_flow/dataset_cropped/09_Metas/04/12/20190904125000_00160.jpg,datasets_cloudmask/dataset_cropped/09_Metas/04/12/20190904125000_00160.png,880,779.1,204.3,30.7,963
9/4/2019 12:51,datasets/dataset_cropped/09_Metas/04/12/20190904125100_00160.jpg,datasets_flow/dataset_cropped/09_Metas/04/12/20190904125100_00160.jpg,datasets_cloudmask/dataset_cropped/09_Metas/04/12/20190904125100_00160.png,885,783.4,204.8,30.5,963
9/4/2019 12:52,datasets/dataset_cropped/09_Metas/04/12/20190904125200_00160.jpg,datasets_flow/dataset_cropped/09_Metas/04/12/20190904125200_00160.jpg,datasets_cloudmask/dataset_cropped/09_Metas/04/12/20190904125200_00160.png,893,788.6,207.7,30.6,963
9/4/2019 12:53,datasets/dataset_cropped/09_Metas/04/12/20190904125300_00160.jpg,datasets_flow/dataset_cropped/09_Metas/04/12/20190904125300_00160.jpg,datasets_cloudmask/dataset_cropped/09_Metas/04/12/20190904125300_00160.png,900,788.5,213.8,30.2,963
9/4/2019 12:54,datasets/dataset_cropped/09_Metas/04/12/20190904125400_00160.jpg,datasets_flow/dataset_cropped/09_Metas/04/12/20190904125400_00160.jpg,datasets_cloudmask/dataset_cropped/09_Metas/04/12/20190904125400_00160.png,898,780.2,219.9,30.4,963
9/4/2019 12:55,datasets/dataset_cropped/09_Metas/04/12/20190904125500_00160.jpg,datasets_flow/dataset_cropped/09_Metas/04/12/20190904125500_00160.jpg,datasets_cloudmask/dataset_cropped/09_Metas/04/12/20190904125500_00160.png,764.3,617.8,225.7,30.4,963
9/4/2019 12:56,datasets/dataset_cropped/09_Metas/04/12/20190904125600_00160.jpg,datasets_flow/dataset_cropped/09_Metas/04/12/20190904125600_00160.jpg,datasets_cloudmask/dataset_cropped/09_Metas/04/12/20190904125600_00160.png,760.6,605.5,229.9,30.2,963
9/4/2019 12:57,datasets/dataset_cropped/09_Metas/04/12/20190904125700_00160.jpg,datasets_flow/dataset_cropped/09_Metas/04/12/20190904125700_00160.jpg,datasets_cloudmask/dataset_cropped/09_Metas/04/12/20190904125700_00160.png,878,753.3,221.5,30.1,963
9/4/2019 12:58,datasets/dataset_cropped/09_Metas/04/12/20190904125800_00160.jpg,datasets_flow/dataset_cropped/09_Metas/04/12/20190904125800_00160.jpg,datasets_cloudmask/dataset_cropped/09_Metas/04/12/20190904125800_00160.png,880,767.2,212,30,963
9/4/2019 12:59,datasets/dataset_cropped/09_Metas/04/12/20190904125900_00160.jpg,datasets_flow/dataset_cropped/09_Metas/04/12/20190904125900_00160.jpg,datasets_cloudmask/dataset_cropped/09_Metas/04/12/20190904125900_00160.png,884,778.4,206.4,30.1,963
9/4/2019 13:00,datasets/dataset_cropped/09_Metas/04/13/20190904130000_00160.jpg,datasets_flow/dataset_cropped/09_Metas/04/13/20190904130000_00160.jpg,datasets_cloudmask/dataset_cropped/09_Metas/04/13/20190904130000_00160.png,880,778.7,201.9,30.2,963
9/4/2019 13:01,datasets/dataset_cropped/09_Metas/04/13/20190904130100_00160.jpg,datasets_flow/dataset_cropped/09_Metas/04/13/20190904130100_00160.jpg,datasets_cloudmask/dataset_cropped/09_Metas/04/13/20190904130100_00160.png,883,784.2,199.9,30.4,963
9/4/2019 13:02,datasets/dataset_cropped/09_Metas/04/13/20190904130200_00160.jpg,datasets_flow/dataset_cropped/09_Metas/04/13/20190904130200_00160.jpg,datasets_cloudmask/dataset_cropped/09_Metas/04/13/20190904130200_00160.png,888,790.8,199.1,30.7,963
9/4/2019 13:03,datasets/dataset_cropped/09_Metas/04/13/20190904130300_00160.jpg,datasets_flow/dataset_cropped/09_Metas/04/13/20190904130300_00160.jpg,datasets_cloudmask/dataset_cropped/09_Metas/04/13/20190904130300_00160.png,889,791.5,200.3,30.6,963
9/4/2019 13:04,datasets/dataset_cropped/09_Metas/04/13/20190904130400_00160.jpg,datasets_flow/dataset_cropped/09_Metas/04/13/20190904130400_00160.jpg,datasets_cloudmask/dataset_cropped/09_Metas/04/13/20190904130400_00160.png,885,785.1,201.3,30.9,963
9/4/2019 13:05,datasets/dataset_cropped/09_Metas/04/13/20190904130500_00160.jpg,datasets_flow/dataset_cropped/09_Metas/04/13/20190904130500_00160.jpg,datasets_cloudmask/dataset_cropped/09_Metas/04/13/20190904130500_00160.png,879,776.3,202.5,30.6,963
9/4/2019 13:06,datasets/dataset_cropped/09_Metas/04/13/20190904130600_00160.jpg,datasets_flow/dataset_cropped/09_Metas/04/13/20190904130600_00160.jpg,datasets_cloudmask/dataset_cropped/09_Metas/04/13/20190904130600_00160.png,884,778.9,204.4,30.8,963
9/4/2019 13:07,datasets/dataset_cropped/09_Metas/04/13/20190904130700_00160.jpg,datasets_flow/dataset_cropped/09_Metas/04/13/20190904130700_00160.jpg,datasets_cloudmask/dataset_cropped/09_Metas/04/13/20190904130700_00160.png,890,782.6,206.7,30.2,963
9/4/2019 13:08,datasets/dataset_cropped/09_Metas/04/13/20190904130800_00160.jpg,datasets_flow/dataset_cropped/09_Metas/04/13/20190904130800_00160.jpg,datasets_cloudmask/dataset_cropped/09_Metas/04/13/20190904130800_00160.png,883,771.9,209.3,29.9,963
9/4/2019 13:09,datasets/dataset_cropped/09_Metas/04/13/20190904130900_00160.jpg,datasets_flow/dataset_cropped/09_Metas/04/13/20190904130900_00160.jpg,datasets_cloudmask/dataset_cropped/09_Metas/04/13/20190904130900_00160.png,721.3,585.2,209.5,30,963
9/4/2019 13:10,datasets/dataset_cropped/09_Metas/04/13/20190904131000_00160.jpg,datasets_flow/dataset_cropped/09_Metas/04/13/20190904131000_00160.jpg,datasets_cloudmask/dataset_cropped/09_Metas/04/13/20190904131000_00160.png,891,778.7,212.4,30.5,963
9/4/2019 13:11,datasets/dataset_cropped/09_Metas/04/13/20190904131100_00160.jpg,datasets_flow/dataset_cropped/09_Metas/04/13/20190904131100_00160.jpg,datasets_cloudmask/dataset_cropped/09_Metas/04/13/20190904131100_00160.png,889,781.2,208,30.5,963
9/4/2019 13:12,datasets/dataset_cropped/09_Metas/04/13/20190904131200_00160.jpg,datasets_flow/dataset_cropped/09_Metas/04/13/20190904131200_00160.jpg,datasets_cloudmask/dataset_cropped/09_Metas/04/13/20190904131200_00160.png,893,788,206.1,30.6,962
9/4/2019 13:13,datasets/dataset_cropped/09_Metas/04/13/20190904131300_00160.jpg,datasets_flow/dataset_cropped/09_Metas/04/13/20190904131300_00160.jpg,datasets_cloudmask/dataset_cropped/09_Metas/04/13/20190904131300_00160.png,891,789.4,202.4,31.2,962
9/4/2019 13:14,datasets/dataset_cropped/09_Metas/04/13/20190904131400_00160.jpg,datasets_flow/dataset_cropped/09_Metas/04/13/20190904131400_00160.jpg,datasets_cloudmask/dataset_cropped/09_Metas/04/13/20190904131400_00160.png,889,788.1,201.4,31.3,962
9/4/2019 13:15,datasets/dataset_cropped/09_Metas/04/13/20190904131500_00160.jpg,datasets_flow/dataset_cropped/09_Metas/04/13/20190904131500_00160.jpg,datasets_cloudmask/dataset_cropped/09_Metas/04/13/20190904131500_00160.png,892,788.4,205,30.9,963
9/4/2019 13:16,datasets/dataset_cropped/09_Metas/04/13/20190904131600_00160.jpg,datasets_flow/dataset_cropped/09_Metas/04/13/20190904131600_00160.jpg,datasets_cloudmask/dataset_cropped/09_Metas/04/13/20190904131600_00160.png,900,788.3,212.6,30.4,962
9/4/2019 13:17,datasets/dataset_cropped/09_Metas/04/13/20190904131700_00160.jpg,datasets_flow/dataset_cropped/09_Metas/04/13/20190904131700_00160.jpg,datasets_cloudmask/dataset_cropped/09_Metas/04/13/20190904131700_00160.png,908,784.1,224.4,30.3,963
9/4/2019 13:18,datasets/dataset_cropped/09_Metas/04/13/20190904131800_00160.jpg,datasets_flow/dataset_cropped/09_Metas/04/13/20190904131800_00160.jpg,datasets_cloudmask/dataset_cropped/09_Metas/04/13/20190904131800_00160.png,910,770.9,238.8,30.4,963
9/4/2019 13:19,datasets/dataset_cropped/09_Metas/04/13/20190904131900_00160.jpg,datasets_flow/dataset_cropped/09_Metas/04/13/20190904131900_00160.jpg,datasets_cloudmask/dataset_cropped/09_Metas/04/13/20190904131900_00160.png,909,754.8,251.8,30.2,963
9/4/2019 13:20,datasets/dataset_cropped/09_Metas/04/13/20190904132000_00160.jpg,datasets_flow/dataset_cropped/09_Metas/04/13/20190904132000_00160.jpg,datasets_cloudmask/dataset_cropped/09_Metas/04/13/20190904132000_00160.png,915,750.3,261.4,30.2,962
9/4/2019 13:21,datasets/dataset_cropped/09_Metas/04/13/20190904132100_00160.jpg,datasets_flow/dataset_cropped/09_Metas/04/13/20190904132100_00160.jpg,datasets_cloudmask/dataset_cropped/09_Metas/04/13/20190904132100_00160.png,807,619.6,266.1,30.2,962
9/4/2019 13:22,datasets/dataset_cropped/09_Metas/04/13/20190904132200_00160.jpg,datasets_flow/dataset_cropped/09_Metas/04/13/20190904132200_00160.jpg,datasets_cloudmask/dataset_cropped/09_Metas/04/13/20190904132200_00160.png,831,656,262.6,30,962
9/4/2019 13:23,datasets/dataset_cropped/09_Metas/04/13/20190904132300_00160.jpg,datasets_flow/dataset_cropped/09_Metas/04/13/20190904132300_00160.jpg,datasets_cloudmask/dataset_cropped/09_Metas/04/13/20190904132300_00160.png,891,736.9,248.2,30.3,962
9/4/2019 13:24,datasets/dataset_cropped/09_Metas/04/13/20190904132400_00160.jpg,datasets_flow/dataset_cropped/09_Metas/04/13/20190904132400_00160.jpg,datasets_cloudmask/dataset_cropped/09_Metas/04/13/20190904132400_00160.png,899,764.8,232.8,30.5,962
9/4/2019 13:25,datasets/dataset_cropped/09_Metas/04/13/20190904132500_00160.jpg,datasets_flow/dataset_cropped/09_Metas/04/13/20190904132500_00160.jpg,datasets_cloudmask/dataset_cropped/09_Metas/04/13/20190904132500_00160.png,892,768.2,223.2,30.4,962
9/4/2019 13:26,datasets/dataset_cropped/09_Metas/04/13/20190904132600_00160.jpg,datasets_flow/dataset_cropped/09_Metas/04/13/20190904132600_00160.jpg,datasets_cloudmask/dataset_cropped/09_Metas/04/13/20190904132600_00160.png,888,772.9,216.1,29.8,962
9/4/2019 13:27,datasets/dataset_cropped/09_Metas/04/13/20190904132700_00160.jpg,datasets_flow/dataset_cropped/09_Metas/04/13/20190904132700_00160.jpg,datasets_cloudmask/dataset_cropped/09_Metas/04/13/20190904132700_00160.png,894,785.7,211.7,30.1,962
9/4/2019 13:28,datasets/dataset_cropped/09_Metas/04/13/20190904132800_00160.jpg,datasets_flow/dataset_cropped/09_Metas/04/13/20190904132800_00160.jpg,datasets_cloudmask/dataset_cropped/09_Metas/04/13/20190904132800_00160.png,886,776.7,211.2,30.2,962
9/4/2019 13:29,datasets/dataset_cropped/09_Metas/04/13/20190904132900_00160.jpg,datasets_flow/dataset_cropped/09_Metas/04/13/20190904132900_00160.jpg,datasets_cloudmask/dataset_cropped/09_Metas/04/13/20190904132900_00160.png,892,783.5,211.5,30.3,962
9/4/2019 13:30,datasets/dataset_cropped/09_Metas/04/13/20190904133000_00160.jpg,datasets_flow/dataset_cropped/09_Metas/04/13/20190904133000_00160.jpg,datasets_cloudmask/dataset_cropped/09_Metas/04/13/20190904133000_00160.png,893,783.2,212.5,30.2,962
9/4/2019 13:31,datasets/dataset_cropped/09_Metas/04/13/20190904133100_00160.jpg,datasets_flow/dataset_cropped/09_Metas/04/13/20190904133100_00160.jpg,datasets_cloudmask/dataset_cropped/09_Metas/04/13/20190904133100_00160.png,891,779.6,214.8,30.1,962
9/4/2019 13:32,datasets/dataset_cropped/09_Metas/04/13/20190904133200_00160.jpg,datasets_flow/dataset_cropped/09_Metas/04/13/20190904133200_00160.jpg,datasets_cloudmask/dataset_cropped/09_Metas/04/13/20190904133200_00160.png,887,771.8,216.8,30,962
9/4/2019 13:33,datasets/dataset_cropped/09_Metas/04/13/20190904133300_00160.jpg,datasets_flow/dataset_cropped/09_Metas/04/13/20190904133300_00160.jpg,datasets_cloudmask/dataset_cropped/09_Metas/04/13/20190904133300_00160.png,881,764.3,217.4,30.2,962
9/4/2019 13:34,datasets/dataset_cropped/09_Metas/04/13/20190904133400_00160.jpg,datasets_flow/dataset_cropped/09_Metas/04/13/20190904133400_00160.jpg,datasets_cloudmask/dataset_cropped/09_Metas/04/13/20190904133400_00160.png,885,769.1,217.8,30.2,962
9/4/2019 13:35,datasets/dataset_cropped/09_Metas/04/13/20190904133500_00160.jpg,datasets_flow/dataset_cropped/09_Metas/04/13/20190904133500_00160.jpg,datasets_cloudmask/dataset_cropped/09_Metas/04/13/20190904133500_00160.png,880,764.2,217.5,30.4,962
9/4/2019 13:36,datasets/dataset_cropped/09_Metas/04/13/20190904133600_00160.jpg,datasets_flow/dataset_cropped/09_Metas/04/13/20190904133600_00160.jpg,datasets_cloudmask/dataset_cropped/09_Metas/04/13/20190904133600_00160.png,886,770.7,217.6,30.3,962
9/4/2019 13:37,datasets/dataset_cropped/09_Metas/04/13/20190904133700_00160.jpg,datasets_flow/dataset_cropped/09_Metas/04/13/20190904133700_00160.jpg,datasets_cloudmask/dataset_cropped/09_Metas/04/13/20190904133700_00160.png,872,757.3,216,30.3,962
9/4/2019 13:38,datasets/dataset_cropped/09_Metas/04/13/20190904133800_00160.jpg,datasets_flow/dataset_cropped/09_Metas/04/13/20190904133800_00160.jpg,datasets_cloudmask/dataset_cropped/09_Metas/04/13/20190904133800_00160.png,800,686.1,207.3,30.3,962
9/4/2019 13:39,datasets/dataset_cropped/09_Metas/04/13/20190904133900_00160.jpg,datasets_flow/dataset_cropped/09_Metas/04/13/20190904133900_00160.jpg,datasets_cloudmask/dataset_cropped/09_Metas/04/13/20190904133900_00160.png,877,776.3,205.3,30.3,962
9/4/2019 13:40,datasets/dataset_cropped/09_Metas/04/13/20190904134000_00160.jpg,datasets_flow/dataset_cropped/09_Metas/04/13/20190904134000_00160.jpg,datasets_cloudmask/dataset_cropped/09_Metas/04/13/20190904134000_00160.png,886,780.9,210.9,30.3,962
9/4/2019 13:41,datasets/dataset_cropped/09_Metas/04/13/20190904134100_00160.jpg,datasets_flow/dataset_cropped/09_Metas/04/13/20190904134100_00160.jpg,datasets_cloudmask/dataset_cropped/09_Metas/04/13/20190904134100_00160.png,897,778.8,223.7,30.5,962
9/4/2019 13:42,datasets/dataset_cropped/09_Metas/04/13/20190904134200_00160.jpg,datasets_flow/dataset_cropped/09_Metas/04/13/20190904134200_00160.jpg,datasets_cloudmask/dataset_cropped/09_Metas/04/13/20190904134200_00160.png,906,763.1,246.7,30.5,962
9/4/2019 13:43,datasets/dataset_cropped/09_Metas/04/13/20190904134300_00160.jpg,datasets_flow/dataset_cropped/09_Metas/04/13/20190904134300_00160.jpg,datasets_cloudmask/dataset_cropped/09_Metas/04/13/20190904134300_00160.png,772,569.3,280.6,30.7,962
9/4/2019 13:44,datasets/dataset_cropped/09_Metas/04/13/20190904134400_00160.jpg,datasets_flow/dataset_cropped/09_Metas/04/13/20190904134400_00160.jpg,datasets_cloudmask/dataset_cropped/09_Metas/04/13/20190904134400_00160.png,422.6,131.7,304,31.4,962
9/4/2019 13:45,datasets/dataset_cropped/09_Metas/04/13/20190904134500_00160.jpg,datasets_flow/dataset_cropped/09_Metas/04/13/20190904134500_00160.jpg,datasets_cloudmask/dataset_cropped/09_Metas/04/13/20190904134500_00160.png,358.7,39.7,318,31.5,962
9/4/2019 13:46,datasets/dataset_cropped/09_Metas/04/13/20190904134600_00160.jpg,datasets_flow/dataset_cropped/09_Metas/04/13/20190904134600_00160.jpg,datasets_cloudmask/dataset_cropped/09_Metas/04/13/20190904134600_00160.png,580.6,275.5,338.2,30.9,962
9/4/2019 13:47,datasets/dataset_cropped/09_Metas/04/13/20190904134700_00160.jpg,datasets_flow/dataset_cropped/09_Metas/04/13/20190904134700_00160.jpg,datasets_cloudmask/dataset_cropped/09_Metas/04/13/20190904134700_00160.png,485.7,170.8,333.3,30.2,962
9/4/2019 13:48,datasets/dataset_cropped/09_Metas/04/13/20190904134800_00160.jpg,datasets_flow/dataset_cropped/09_Metas/04/13/20190904134800_00160.jpg,datasets_cloudmask/dataset_cropped/09_Metas/04/13/20190904134800_00160.png,526.2,226.1,324.9,30,962
9/4/2019 13:49,datasets/dataset_cropped/09_Metas/04/13/20190904134900_00160.jpg,datasets_flow/dataset_cropped/09_Metas/04/13/20190904134900_00160.jpg,datasets_cloudmask/dataset_cropped/09_Metas/04/13/20190904134900_00160.png,893,659.7,323.6,30.3,962
9/4/2019 13:50,datasets/dataset_cropped/09_Metas/04/13/20190904135000_00160.jpg,datasets_flow/dataset_cropped/09_Metas/04/13/20190904135000_00160.jpg,datasets_cloudmask/dataset_cropped/09_Metas/04/13/20190904135000_00160.png,940,720.5,319.1,30.8,962
9/4/2019 13:51,datasets/dataset_cropped/09_Metas/04/13/20190904135100_00160.jpg,datasets_flow/dataset_cropped/09_Metas/04/13/20190904135100_00160.jpg,datasets_cloudmask/dataset_cropped/09_Metas/04/13/20190904135100_00160.png,949,731.1,320.6,30.4,962
9/4/2019 13:52,datasets/dataset_cropped/09_Metas/04/13/20190904135200_00160.jpg,datasets_flow/dataset_cropped/09_Metas/04/13/20190904135200_00160.jpg,datasets_cloudmask/dataset_cropped/09_Metas/04/13/20190904135200_00160.png,753.1,494.7,326.2,29.8,962
9/4/2019 13:53,datasets/dataset_cropped/09_Metas/04/13/20190904135300_00160.jpg,datasets_flow/dataset_cropped/09_Metas/04/13/20190904135300_00160.jpg,datasets_cloudmask/dataset_cropped/09_Metas/04/13/20190904135300_00160.png,498.9,196.2,329.3,30.1,962
9/4/2019 13:54,datasets/dataset_cropped/09_Metas/04/13/20190904135400_00160.jpg,datasets_flow/dataset_cropped/09_Metas/04/13/20190904135400_00160.jpg,datasets_cloudmask/dataset_cropped/09_Metas/04/13/20190904135400_00160.png,522,212.2,335.8,30.6,962
9/4/2019 13:55,datasets/dataset_cropped/09_Metas/04/13/20190904135500_00160.jpg,datasets_flow/dataset_cropped/09_Metas/04/13/20190904135500_00160.jpg,datasets_cloudmask/dataset_cropped/09_Metas/04/13/20190904135500_00160.png,934,696.6,336,30.6,962
9/4/2019 13:56,datasets/dataset_cropped/09_Metas/04/13/20190904135600_00160.jpg,datasets_flow/dataset_cropped/09_Metas/04/13/20190904135600_00160.jpg,datasets_cloudmask/dataset_cropped/09_Metas/04/13/20190904135600_00160.png,988,766.1,333.3,30.4,962
9/4/2019 13:57,datasets/dataset_cropped/09_Metas/04/13/20190904135700_00160.jpg,datasets_flow/dataset_cropped/09_Metas/04/13/20190904135700_00160.jpg,datasets_cloudmask/dataset_cropped/09_Metas/04/13/20190904135700_00160.png,988,769.6,331.5,30.5,962
9/4/2019 13:58,datasets/dataset_cropped/09_Metas/04/13/20190904135800_00160.jpg,datasets_flow/dataset_cropped/09_Metas/04/13/20190904135800_00160.jpg,datasets_cloudmask/dataset_cropped/09_Metas/04/13/20190904135800_00160.png,982,771.1,324.4,30.4,962
9/4/2019 13:59,datasets/dataset_cropped/09_Metas/04/13/20190904135900_00160.jpg,datasets_flow/dataset_cropped/09_Metas/04/13/20190904135900_00160.jpg,datasets_cloudmask/dataset_cropped/09_Metas/04/13/20190904135900_00160.png,971,767.2,316,30.1,962
9/4/2019 14:00,datasets/dataset_cropped/09_Metas/04/14/20190904140000_00160.jpg,datasets_flow/dataset_cropped/09_Metas/04/14/20190904140000_00160.jpg,datasets_cloudmask/dataset_cropped/09_Metas/04/14/20190904140000_00160.png,958,760.9,308.3,30.2,962
9/4/2019 14:01,datasets/dataset_cropped/09_Metas/04/14/20190904140100_00160.jpg,datasets_flow/dataset_cropped/09_Metas/04/14/20190904140100_00160.jpg,datasets_cloudmask/dataset_cropped/09_Metas/04/14/20190904140100_00160.png,713.4,481,301.4,30.4,962
9/4/2019 14:02,datasets/dataset_cropped/09_Metas/04/14/20190904140200_00160.jpg,datasets_flow/dataset_cropped/09_Metas/04/14/20190904140200_00160.jpg,datasets_cloudmask/dataset_cropped/09_Metas/04/14/20190904140200_00160.png,436.8,167.3,290.4,30.4,962
9/4/2019 14:03,datasets/dataset_cropped/09_Metas/04/14/20190904140300_00160.jpg,datasets_flow/dataset_cropped/09_Metas/04/14/20190904140300_00160.jpg,datasets_cloudmask/dataset_cropped/09_Metas/04/14/20190904140300_00160.png,566.2,330.7,280,30.4,962
9/4/2019 14:04,datasets/dataset_cropped/09_Metas/04/14/20190904140400_00160.jpg,datasets_flow/dataset_cropped/09_Metas/04/14/20190904140400_00160.jpg,datasets_cloudmask/dataset_cropped/09_Metas/04/14/20190904140400_00160.png,632.5,434.2,263.2,30.2,962
9/4/2019 14:05,datasets/dataset_cropped/09_Metas/04/14/20190904140500_00160.jpg,datasets_flow/dataset_cropped/09_Metas/04/14/20190904140500_00160.jpg,datasets_cloudmask/dataset_cropped/09_Metas/04/14/20190904140500_00160.png,274.1,20.8,251.4,30.2,962
9/4/2019 14:06,datasets/dataset_cropped/09_Metas/04/14/20190904140600_00160.jpg,datasets_flow/dataset_cropped/09_Metas/04/14/20190904140600_00160.jpg,datasets_cloudmask/dataset_cropped/09_Metas/04/14/20190904140600_00160.png,821,654.9,262.6,30,962
9/4/2019 14:07,datasets/dataset_cropped/09_Metas/04/14/20190904140700_00160.jpg,datasets_flow/dataset_cropped/09_Metas/04/14/20190904140700_00160.jpg,datasets_cloudmask/dataset_cropped/09_Metas/04/14/20190904140700_00160.png,925,771.7,270.8,29.9,962
9/4/2019 14:08,datasets/dataset_cropped/09_Metas/04/14/20190904140800_00160.jpg,datasets_flow/dataset_cropped/09_Metas/04/14/20190904140800_00160.jpg,datasets_cloudmask/dataset_cropped/09_Metas/04/14/20190904140800_00160.png,923,761.2,279.1,30.1,962
9/4/2019 14:09,datasets/dataset_cropped/09_Metas/04/14/20190904140900_00160.jpg,datasets_flow/dataset_cropped/09_Metas/04/14/20190904140900_00160.jpg,datasets_cloudmask/dataset_cropped/09_Metas/04/14/20190904140900_00160.png,866,684.6,286.3,29.9,962
9/4/2019 14:10,datasets/dataset_cropped/09_Metas/04/14/20190904141000_00160.jpg,datasets_flow/dataset_cropped/09_Metas/04/14/20190904141000_00160.jpg,datasets_cloudmask/dataset_cropped/09_Metas/04/14/20190904141000_00160.png,934,761.5,292,30,962
9/4/2019 14:11,datasets/dataset_cropped/09_Metas/04/14/20190904141100_00160.jpg,datasets_flow/dataset_cropped/09_Metas/04/14/20190904141100_00160.jpg,datasets_cloudmask/dataset_cropped/09_Metas/04/14/20190904141100_00160.png,947,769.2,299.1,30,962
9/4/2019 14:12,datasets/dataset_cropped/09_Metas/04/14/20190904141200_00160.jpg,datasets_flow/dataset_cropped/09_Metas/04/14/20190904141200_00160.jpg,datasets_cloudmask/dataset_cropped/09_Metas/04/14/20190904141200_00160.png,950,766.8,304,30,962
9/4/2019 14:13,datasets/dataset_cropped/09_Metas/04/14/20190904141300_00160.jpg,datasets_flow/dataset_cropped/09_Metas/04/14/20190904141300_00160.jpg,datasets_cloudmask/dataset_cropped/09_Metas/04/14/20190904141300_00160.png,944,762.3,303.1,29.8,962
9/4/2019 14:14,datasets/dataset_cropped/09_Metas/04/14/20190904141400_00160.jpg,datasets_flow/dataset_cropped/09_Metas/04/14/20190904141400_00160.jpg,datasets_cloudmask/dataset_cropped/09_Metas/04/14/20190904141400_00160.png,931,752.6,299,30,962
9/4/2019 14:15,datasets/dataset_cropped/09_Metas/04/14/20190904141500_00160.jpg,datasets_flow/dataset_cropped/09_Metas/04/14/20190904141500_00160.jpg,datasets_cloudmask/dataset_cropped/09_Metas/04/14/20190904141500_00160.png,936,762.2,296.9,30.2,962
9/4/2019 14:16,datasets/dataset_cropped/09_Metas/04/14/20190904141600_00160.jpg,datasets_flow/dataset_cropped/09_Metas/04/14/20190904141600_00160.jpg,datasets_cloudmask/dataset_cropped/09_Metas/04/14/20190904141600_00160.png,704.6,488.2,292.4,30.3,962
9/4/2019 14:17,datasets/dataset_cropped/09_Metas/04/14/20190904141700_00160.jpg,datasets_flow/dataset_cropped/09_Metas/04/14/20190904141700_00160.jpg,datasets_cloudmask/dataset_cropped/09_Metas/04/14/20190904141700_00160.png,566.1,325.2,287.8,30,962
9/4/2019 14:18,datasets/dataset_cropped/09_Metas/04/14/20190904141800_00160.jpg,datasets_flow/dataset_cropped/09_Metas/04/14/20190904141800_00160.jpg,datasets_cloudmask/dataset_cropped/09_Metas/04/14/20190904141800_00160.png,926,747.8,300.9,29.4,962
9/4/2019 14:19,datasets/dataset_cropped/09_Metas/04/14/20190904141900_00160.jpg,datasets_flow/dataset_cropped/09_Metas/04/14/20190904141900_00160.jpg,datasets_cloudmask/dataset_cropped/09_Metas/04/14/20190904141900_00160.png,957,768,315.6,29.1,962
9/4/2019 14:20,datasets/dataset_cropped/09_Metas/04/14/20190904142000_00160.jpg,datasets_flow/dataset_cropped/09_Metas/04/14/20190904142000_00160.jpg,datasets_cloudmask/dataset_cropped/09_Metas/04/14/20190904142000_00160.png,765,528.8,324.2,29.3,962
9/4/2019 14:21,datasets/dataset_cropped/09_Metas/04/14/20190904142100_00160.jpg,datasets_flow/dataset_cropped/09_Metas/04/14/20190904142100_00160.jpg,datasets_cloudmask/dataset_cropped/09_Metas/04/14/20190904142100_00160.png,504.6,211.4,321.7,29.3,962
9/4/2019 14:22,datasets/dataset_cropped/09_Metas/04/14/20190904142200_00160.jpg,datasets_flow/dataset_cropped/09_Metas/04/14/20190904142200_00160.jpg,datasets_cloudmask/dataset_cropped/09_Metas/04/14/20190904142200_00160.png,835,619.3,317.3,29.4,962
9/4/2019 14:23,datasets/dataset_cropped/09_Metas/04/14/20190904142300_00160.jpg,datasets_flow/dataset_cropped/09_Metas/04/14/20190904142300_00160.jpg,datasets_cloudmask/dataset_cropped/09_Metas/04/14/20190904142300_00160.png,899,711.2,306.3,29.8,962
9/4/2019 14:24,datasets/dataset_cropped/09_Metas/04/14/20190904142400_00160.jpg,datasets_flow/dataset_cropped/09_Metas/04/14/20190904142400_00160.jpg,datasets_cloudmask/dataset_cropped/09_Metas/04/14/20190904142400_00160.png,728.7,519.7,294.8,29.7,962
9/4/2019 14:25,datasets/dataset_cropped/09_Metas/04/14/20190904142500_00160.jpg,datasets_flow/dataset_cropped/09_Metas/04/14/20190904142500_00160.jpg,datasets_cloudmask/dataset_cropped/09_Metas/04/14/20190904142500_00160.png,312.6,40.2,275.4,29.4,962
9/4/2019 14:26,datasets/dataset_cropped/09_Metas/04/14/20190904142600_00160.jpg,datasets_flow/dataset_cropped/09_Metas/04/14/20190904142600_00160.jpg,datasets_cloudmask/dataset_cropped/09_Metas/04/14/20190904142600_00160.png,268.5,1,263.5,29.4,962
9/4/2019 14:27,datasets/dataset_cropped/09_Metas/04/14/20190904142700_00160.jpg,datasets_flow/dataset_cropped/09_Metas/04/14/20190904142700_00160.jpg,datasets_cloudmask/dataset_cropped/09_Metas/04/14/20190904142700_00160.png,265.1,0,261,29.1,962
9/4/2019 14:28,datasets/dataset_cropped/09_Metas/04/14/20190904142800_00160.jpg,datasets_flow/dataset_cropped/09_Metas/04/14/20190904142800_00160.jpg,datasets_cloudmask/dataset_cropped/09_Metas/04/14/20190904142800_00160.png,266.3,0,262,28.9,962
9/4/2019 14:29,datasets/dataset_cropped/09_Metas/04/14/20190904142900_00160.jpg,datasets_flow/dataset_cropped/09_Metas/04/14/20190904142900_00160.jpg,datasets_cloudmask/dataset_cropped/09_Metas/04/14/20190904142900_00160.png,266.6,0,262.7,28.6,962
9/4/2019 14:30,datasets/dataset_cropped/09_Metas/04/14/20190904143000_00160.jpg,datasets_flow/dataset_cropped/09_Metas/04/14/20190904143000_00160.jpg,datasets_cloudmask/dataset_cropped/09_Metas/04/14/20190904143000_00160.png,266.4,0,262.8,28.7,962
9/4/2019 14:31,datasets/dataset_cropped/09_Metas/04/14/20190904143100_00160.jpg,datasets_flow/dataset_cropped/09_Metas/04/14/20190904143100_00160.jpg,datasets_cloudmask/dataset_cropped/09_Metas/04/14/20190904143100_00160.png,270.1,0,266.7,28.8,962
9/4/2019 14:32,datasets/dataset_cropped/09_Metas/04/14/20190904143200_00160.jpg,datasets_flow/dataset_cropped/09_Metas/04/14/20190904143200_00160.jpg,datasets_cloudmask/dataset_cropped/09_Metas/04/14/20190904143200_00160.png,281.1,1,275.8,29,962
9/4/2019 14:33,datasets/dataset_cropped/09_Metas/04/14/20190904143300_00160.jpg,datasets_flow/dataset_cropped/09_Metas/04/14/20190904143300_00160.jpg,datasets_cloudmask/dataset_cropped/09_Metas/04/14/20190904143300_00160.png,344.6,49,300.1,28.8,962
9/4/2019 14:34,datasets/dataset_cropped/09_Metas/04/14/20190904143400_00160.jpg,datasets_flow/dataset_cropped/09_Metas/04/14/20190904143400_00160.jpg,datasets_cloudmask/dataset_cropped/09_Metas/04/14/20190904143400_00160.png,346.1,28.3,317.1,28.7,962
9/4/2019 14:35,datasets/dataset_cropped/09_Metas/04/14/20190904143500_00160.jpg,datasets_flow/dataset_cropped/09_Metas/04/14/20190904143500_00160.jpg,datasets_cloudmask/dataset_cropped/09_Metas/04/14/20190904143500_00160.png,799.6,578.1,316,28.9,962
9/4/2019 14:36,datasets/dataset_cropped/09_Metas/04/14/20190904143600_00160.jpg,datasets_flow/dataset_cropped/09_Metas/04/14/20190904143600_00160.jpg,datasets_cloudmask/dataset_cropped/09_Metas/04/14/20190904143600_00160.png,924,751.7,311.9,29,962
9/4/2019 14:37,datasets/dataset_cropped/09_Metas/04/14/20190904143700_00160.jpg,datasets_flow/dataset_cropped/09_Metas/04/14/20190904143700_00160.jpg,datasets_cloudmask/dataset_cropped/09_Metas/04/14/20190904143700_00160.png,426.5,142.5,309,29.2,962
9/4/2019 14:38,datasets/dataset_cropped/09_Metas/04/14/20190904143800_00160.jpg,datasets_flow/dataset_cropped/09_Metas/04/14/20190904143800_00160.jpg,datasets_cloudmask/dataset_cropped/09_Metas/04/14/20190904143800_00160.png,319.3,18.4,300.8,29.6,962
9/4/2019 14:39,datasets/dataset_cropped/09_Metas/04/14/20190904143900_00160.jpg,datasets_flow/dataset_cropped/09_Metas/04/14/20190904143900_00160.jpg,datasets_cloudmask/dataset_cropped/09_Metas/04/14/20190904143900_00160.png,295.5,10.4,283.8,29.9,962
9/4/2019 14:40,datasets/dataset_cropped/09_Metas/04/14/20190904144000_00160.jpg,datasets_flow/dataset_cropped/09_Metas/04/14/20190904144000_00160.jpg,datasets_cloudmask/dataset_cropped/09_Metas/04/14/20190904144000_00160.png,315,45.1,272.7,29.8,962
9/4/2019 14:41,datasets/dataset_cropped/09_Metas/04/14/20190904144100_00160.jpg,datasets_flow/dataset_cropped/09_Metas/04/14/20190904144100_00160.jpg,datasets_cloudmask/dataset_cropped/09_Metas/04/14/20190904144100_00160.png,373,119.2,272.4,29.2,962
9/4/2019 14:42,datasets/dataset_cropped/09_Metas/04/14/20190904144200_00160.jpg,datasets_flow/dataset_cropped/09_Metas/04/14/20190904144200_00160.jpg,datasets_cloudmask/dataset_cropped/09_Metas/04/14/20190904144200_00160.png,331.5,76.3,266.5,29,962
9/4/2019 14:43,datasets/dataset_cropped/09_Metas/04/14/20190904144300_00160.jpg,datasets_flow/dataset_cropped/09_Metas/04/14/20190904144300_00160.jpg,datasets_cloudmask/dataset_cropped/09_Metas/04/14/20190904144300_00160.png,386.2,142.4,265.9,28.7,962
9/4/2019 14:44,datasets/dataset_cropped/09_Metas/04/14/20190904144400_00160.jpg,datasets_flow/dataset_cropped/09_Metas/04/14/20190904144400_00160.jpg,datasets_cloudmask/dataset_cropped/09_Metas/04/14/20190904144400_00160.png,860,718.8,280.3,28.8,962
9/4/2019 14:45,datasets/dataset_cropped/09_Metas/04/14/20190904144500_00160.jpg,datasets_flow/dataset_cropped/09_Metas/04/14/20190904144500_00160.jpg,datasets_cloudmask/dataset_cropped/09_Metas/04/14/20190904144500_00160.png,880,747.8,277.5,28.8,962
9/4/2019 14:46,datasets/dataset_cropped/09_Metas/04/14/20190904144600_00160.jpg,datasets_flow/dataset_cropped/09_Metas/04/14/20190904144600_00160.jpg,datasets_cloudmask/dataset_cropped/09_Metas/04/14/20190904144600_00160.png,656.4,482.8,266.1,28.6,962
9/4/2019 14:47,datasets/dataset_cropped/09_Metas/04/14/20190904144700_00160.jpg,datasets_flow/dataset_cropped/09_Metas/04/14/20190904144700_00160.jpg,datasets_cloudmask/dataset_cropped/09_Metas/04/14/20190904144700_00160.png,374.1,134.1,262.5,28.6,961
9/4/2019 14:48,datasets/dataset_cropped/09_Metas/04/14/20190904144800_00160.jpg,datasets_flow/dataset_cropped/09_Metas/04/14/20190904144800_00160.jpg,datasets_cloudmask/dataset_cropped/09_Metas/04/14/20190904144800_00160.png,842,738.3,252.5,28.8,962
9/4/2019 14:49,datasets/dataset_cropped/09_Metas/04/14/20190904144900_00160.jpg,datasets_flow/dataset_cropped/09_Metas/04/14/20190904144900_00160.jpg,datasets_cloudmask/dataset_cropped/09_Metas/04/14/20190904144900_00160.png,833,750.4,234,29.2,961
9/4/2019 14:50,datasets/dataset_cropped/09_Metas/04/14/20190904145000_00160.jpg,datasets_flow/dataset_cropped/09_Metas/04/14/20190904145000_00160.jpg,datasets_cloudmask/dataset_cropped/09_Metas/04/14/20190904145000_00160.png,772.8,692.4,221.1,29.5,961
9/4/2019 14:51,datasets/dataset_cropped/09_Metas/04/14/20190904145100_00160.jpg,datasets_flow/dataset_cropped/09_Metas/04/14/20190904145100_00160.jpg,datasets_cloudmask/dataset_cropped/09_Metas/04/14/20190904145100_00160.png,792.6,732.3,211.4,29.9,961
9/4/2019 14:52,datasets/dataset_cropped/09_Metas/04/14/20190904145200_00160.jpg,datasets_flow/dataset_cropped/09_Metas/04/14/20190904145200_00160.jpg,datasets_cloudmask/dataset_cropped/09_Metas/04/14/20190904145200_00160.png,796.2,748.4,203.8,29.3,962
9/4/2019 14:53,datasets/dataset_cropped/09_Metas/04/14/20190904145300_00160.jpg,datasets_flow/dataset_cropped/09_Metas/04/14/20190904145300_00160.jpg,datasets_cloudmask/dataset_cropped/09_Metas/04/14/20190904145300_00160.png,794,756.8,196,29.5,961
9/4/2019 14:54,datasets/dataset_cropped/09_Metas/04/14/20190904145400_00160.jpg,datasets_flow/dataset_cropped/09_Metas/04/14/20190904145400_00160.jpg,datasets_cloudmask/dataset_cropped/09_Metas/04/14/20190904145400_00160.png,782.9,747.1,193.3,29.7,961
9/4/2019 14:55,datasets/dataset_cropped/09_Metas/04/14/20190904145500_00160.jpg,datasets_flow/dataset_cropped/09_Metas/04/14/20190904145500_00160.jpg,datasets_cloudmask/dataset_cropped/09_Metas/04/14/20190904145500_00160.png,780.6,744.1,193.6,29.7,961
9/4/2019 14:56,datasets/dataset_cropped/09_Metas/04/14/20190904145600_00160.jpg,datasets_flow/dataset_cropped/09_Metas/04/14/20190904145600_00160.jpg,datasets_cloudmask/dataset_cropped/09_Metas/04/14/20190904145600_00160.png,786.7,750.9,195.1,29.9,961
9/4/2019 14:57,datasets/dataset_cropped/09_Metas/04/14/20190904145700_00160.jpg,datasets_flow/dataset_cropped/09_Metas/04/14/20190904145700_00160.jpg,datasets_cloudmask/dataset_cropped/09_Metas/04/14/20190904145700_00160.png,783.9,747.2,196.6,29.6,961
9/4/2019 14:58,datasets/dataset_cropped/09_Metas/04/14/20190904145800_00160.jpg,datasets_flow/dataset_cropped/09_Metas/04/14/20190904145800_00160.jpg,datasets_cloudmask/dataset_cropped/09_Metas/04/14/20190904145800_00160.png,780,743.3,197.5,29.8,961
9/4/2019 14:59,datasets/dataset_cropped/09_Metas/04/14/20190904145900_00160.jpg,datasets_flow/dataset_cropped/09_Metas/04/14/20190904145900_00160.jpg,datasets_cloudmask/dataset_cropped/09_Metas/04/14/20190904145900_00160.png,786.1,753.9,196.8,29.9,961
9/4/2019 15:00,datasets/dataset_cropped/09_Metas/04/15/20190904150000_00160.jpg,datasets_flow/dataset_cropped/09_Metas/04/15/20190904150000_00160.jpg,datasets_cloudmask/dataset_cropped/09_Metas/04/15/20190904150000_00160.png,778.9,748.3,194.9,29.8,961
9/4/2019 15:01,datasets/dataset_cropped/09_Metas/04/15/20190904150100_00160.jpg,datasets_flow/dataset_cropped/09_Metas/04/15/20190904150100_00160.jpg,datasets_cloudmask/dataset_cropped/09_Metas/04/15/20190904150100_00160.png,773.1,744.9,192.6,29.8,961
9/4/2019 15:02,datasets/dataset_cropped/09_Metas/04/15/20190904150200_00160.jpg,datasets_flow/dataset_cropped/09_Metas/04/15/20190904150200_00160.jpg,datasets_cloudmask/dataset_cropped/09_Metas/04/15/20190904150200_00160.png,771.5,745.4,191.1,30,961
9/4/2019 15:03,datasets/dataset_cropped/09_Metas/04/15/20190904150300_00160.jpg,datasets_flow/dataset_cropped/09_Metas/04/15/20190904150300_00160.jpg,datasets_cloudmask/dataset_cropped/09_Metas/04/15/20190904150300_00160.png,772,749.2,190.2,30.4,961
9/4/2019 15:04,datasets/dataset_cropped/09_Metas/04/15/20190904150400_00160.jpg,datasets_flow/dataset_cropped/09_Metas/04/15/20190904150400_00160.jpg,datasets_cloudmask/dataset_cropped/09_Metas/04/15/20190904150400_00160.png,771.5,751.6,189.4,30.7,961
9/4/2019 15:05,datasets/dataset_cropped/09_Metas/04/15/20190904150500_00160.jpg,datasets_flow/dataset_cropped/09_Metas/04/15/20190904150500_00160.jpg,datasets_cloudmask/dataset_cropped/09_Metas/04/15/20190904150500_00160.png,767.2,749.4,187.6,30.1,961
9/4/2019 15:06,datasets/dataset_cropped/09_Metas/04/15/20190904150600_00160.jpg,datasets_flow/dataset_cropped/09_Metas/04/15/20190904150600_00160.jpg,datasets_cloudmask/dataset_cropped/09_Metas/04/15/20190904150600_00160.png,759.1,741.8,186.1,29.6,961
9/4/2019 15:07,datasets/dataset_cropped/09_Metas/04/15/20190904150700_00160.jpg,datasets_flow/dataset_cropped/09_Metas/04/15/20190904150700_00160.jpg,datasets_cloudmask/dataset_cropped/09_Metas/04/15/20190904150700_00160.png,754.7,738.8,185.1,29.4,961
9/4/2019 15:08,datasets/dataset_cropped/09_Metas/04/15/20190904150800_00160.jpg,datasets_flow/dataset_cropped/09_Metas/04/15/20190904150800_00160.jpg,datasets_cloudmask/dataset_cropped/09_Metas/04/15/20190904150800_00160.png,749.1,733.4,184.6,29.1,961
9/4/2019 15:09,datasets/dataset_cropped/09_Metas/04/15/20190904150900_00160.jpg,datasets_flow/dataset_cropped/09_Metas/04/15/20190904150900_00160.jpg,datasets_cloudmask/dataset_cropped/09_Metas/04/15/20190904150900_00160.png,750,735.8,185,29.3,961
9/4/2019 15:10,datasets/dataset_cropped/09_Metas/04/15/20190904151000_00160.jpg,datasets_flow/dataset_cropped/09_Metas/04/15/20190904151000_00160.jpg,datasets_cloudmask/dataset_cropped/09_Metas/04/15/20190904151000_00160.png,751.9,739.4,185.3,29.3,961
9/4/2019 15:11,datasets/dataset_cropped/09_Metas/04/15/20190904151100_00160.jpg,datasets_flow/dataset_cropped/09_Metas/04/15/20190904151100_00160.jpg,datasets_cloudmask/dataset_cropped/09_Metas/04/15/20190904151100_00160.png,750.2,736.8,186.5,29.6,961
9/4/2019 15:12,datasets/dataset_cropped/09_Metas/04/15/20190904151200_00160.jpg,datasets_flow/dataset_cropped/09_Metas/04/15/20190904151200_00160.jpg,datasets_cloudmask/dataset_cropped/09_Metas/04/15/20190904151200_00160.png,750.4,735.8,188.8,29.6,961
9/4/2019 15:13,datasets/dataset_cropped/09_Metas/04/15/20190904151300_00160.jpg,datasets_flow/dataset_cropped/09_Metas/04/15/20190904151300_00160.jpg,datasets_cloudmask/dataset_cropped/09_Metas/04/15/20190904151300_00160.png,756,741,191.9,30.1,961
9/4/2019 15:14,datasets/dataset_cropped/09_Metas/04/15/20190904151400_00160.jpg,datasets_flow/dataset_cropped/09_Metas/04/15/20190904151400_00160.jpg,datasets_cloudmask/dataset_cropped/09_Metas/04/15/20190904151400_00160.png,749.1,728.6,196.2,29.7,961
9/4/2019 15:15,datasets/dataset_cropped/09_Metas/04/15/20190904151500_00160.jpg,datasets_flow/dataset_cropped/09_Metas/04/15/20190904151500_00160.jpg,datasets_cloudmask/dataset_cropped/09_Metas/04/15/20190904151500_00160.png,753.3,729.1,201.8,29.5,961
9/4/2019 15:16,datasets/dataset_cropped/09_Metas/04/15/20190904151600_00160.jpg,datasets_flow/dataset_cropped/09_Metas/04/15/20190904151600_00160.jpg,datasets_cloudmask/dataset_cropped/09_Metas/04/15/20190904151600_00160.png,752.9,724.7,206.3,29.2,961
9/4/2019 15:17,datasets/dataset_cropped/09_Metas/04/15/20190904151700_00160.jpg,datasets_flow/dataset_cropped/09_Metas/04/15/20190904151700_00160.jpg,datasets_cloudmask/dataset_cropped/09_Metas/04/15/20190904151700_00160.png,753.7,722.5,210.4,29.4,961
9/4/2019 15:18,datasets/dataset_cropped/09_Metas/04/15/20190904151800_00160.jpg,datasets_flow/dataset_cropped/09_Metas/04/15/20190904151800_00160.jpg,datasets_cloudmask/dataset_cropped/09_Metas/04/15/20190904151800_00160.png,737.9,697.3,214.6,29.1,961
9/4/2019 15:19,datasets/dataset_cropped/09_Metas/04/15/20190904151900_00160.jpg,datasets_flow/dataset_cropped/09_Metas/04/15/20190904151900_00160.jpg,datasets_cloudmask/dataset_cropped/09_Metas/04/15/20190904151900_00160.png,662.5,594.5,216.6,29.2,961
9/4/2019 15:20,datasets/dataset_cropped/09_Metas/04/15/20190904152000_00160.jpg,datasets_flow/dataset_cropped/09_Metas/04/15/20190904152000_00160.jpg,datasets_cloudmask/dataset_cropped/09_Metas/04/15/20190904152000_00160.png,722.9,670.7,221.7,29.1,961
9/4/2019 15:21,datasets/dataset_cropped/09_Metas/04/15/20190904152100_00160.jpg,datasets_flow/dataset_cropped/09_Metas/04/15/20190904152100_00160.jpg,datasets_cloudmask/dataset_cropped/09_Metas/04/15/20190904152100_00160.png,721.7,662,229.3,29,961
9/4/2019 15:22,datasets/dataset_cropped/09_Metas/04/15/20190904152200_00160.jpg,datasets_flow/dataset_cropped/09_Metas/04/15/20190904152200_00160.jpg,datasets_cloudmask/dataset_cropped/09_Metas/04/15/20190904152200_00160.png,728.3,655.4,241.8,29.1,961
9/4/2019 15:23,datasets/dataset_cropped/09_Metas/04/15/20190904152300_00160.jpg,datasets_flow/dataset_cropped/09_Metas/04/15/20190904152300_00160.jpg,datasets_cloudmask/dataset_cropped/09_Metas/04/15/20190904152300_00160.png,532.8,377.2,253.1,29,961
9/4/2019 15:24,datasets/dataset_cropped/09_Metas/04/15/20190904152400_00160.jpg,datasets_flow/dataset_cropped/09_Metas/04/15/20190904152400_00160.jpg,datasets_cloudmask/dataset_cropped/09_Metas/04/15/20190904152400_00160.png,647.9,524.4,261.5,29.1,961
9/4/2019 15:25,datasets/dataset_cropped/09_Metas/04/15/20190904152500_00160.jpg,datasets_flow/dataset_cropped/09_Metas/04/15/20190904152500_00160.jpg,datasets_cloudmask/dataset_cropped/09_Metas/04/15/20190904152500_00160.png,691.6,573.9,268.5,29,961
9/4/2019 15:26,datasets/dataset_cropped/09_Metas/04/15/20190904152600_00160.jpg,datasets_flow/dataset_cropped/09_Metas/04/15/20190904152600_00160.jpg,datasets_cloudmask/dataset_cropped/09_Metas/04/15/20190904152600_00160.png,792.9,706.1,273.8,29.2,961
9/4/2019 15:27,datasets/dataset_cropped/09_Metas/04/15/20190904152700_00160.jpg,datasets_flow/dataset_cropped/09_Metas/04/15/20190904152700_00160.jpg,datasets_cloudmask/dataset_cropped/09_Metas/04/15/20190904152700_00160.png,796.4,700.5,281.7,28.9,961
9/4/2019 15:28,datasets/dataset_cropped/09_Metas/04/15/20190904152800_00160.jpg,datasets_flow/dataset_cropped/09_Metas/04/15/20190904152800_00160.jpg,datasets_cloudmask/dataset_cropped/09_Metas/04/15/20190904152800_00160.png,765.9,648.7,290.7,28.9,961
9/4/2019 15:29,datasets/dataset_cropped/09_Metas/04/15/20190904152900_00160.jpg,datasets_flow/dataset_cropped/09_Metas/04/15/20190904152900_00160.jpg,datasets_cloudmask/dataset_cropped/09_Metas/04/15/20190904152900_00160.png,601.7,414.1,296.6,29.3,961
9/4/2019 15:30,datasets/dataset_cropped/09_Metas/04/15/20190904153000_00160.jpg,datasets_flow/dataset_cropped/09_Metas/04/15/20190904153000_00160.jpg,datasets_cloudmask/dataset_cropped/09_Metas/04/15/20190904153000_00160.png,512.6,288.5,301.2,28.8,961
9/4/2019 15:31,datasets/dataset_cropped/09_Metas/04/15/20190904153100_00160.jpg,datasets_flow/dataset_cropped/09_Metas/04/15/20190904153100_00160.jpg,datasets_cloudmask/dataset_cropped/09_Metas/04/15/20190904153100_00160.png,626.2,443,302.9,28.7,961
9/4/2019 15:32,datasets/dataset_cropped/09_Metas/04/15/20190904153200_00160.jpg,datasets_flow/dataset_cropped/09_Metas/04/15/20190904153200_00160.jpg,datasets_cloudmask/dataset_cropped/09_Metas/04/15/20190904153200_00160.png,811,708.5,299.3,28.5,961
9/4/2019 15:33,datasets/dataset_cropped/09_Metas/04/15/20190904153300_00160.jpg,datasets_flow/dataset_cropped/09_Metas/04/15/20190904153300_00160.jpg,datasets_cloudmask/dataset_cropped/09_Metas/04/15/20190904153300_00160.png,807,708.9,296.9,28.4,961
9/4/2019 15:34,datasets/dataset_cropped/09_Metas/04/15/20190904153400_00160.jpg,datasets_flow/dataset_cropped/09_Metas/04/15/20190904153400_00160.jpg,datasets_cloudmask/dataset_cropped/09_Metas/04/15/20190904153400_00160.png,783,678.1,296.3,28.5,961
9/4/2019 15:35,datasets/dataset_cropped/09_Metas/04/15/20190904153500_00160.jpg,datasets_flow/dataset_cropped/09_Metas/04/15/20190904153500_00160.jpg,datasets_cloudmask/dataset_cropped/09_Metas/04/15/20190904153500_00160.png,779.8,672,298.3,28.8,961
9/4/2019 15:36,datasets/dataset_cropped/09_Metas/04/15/20190904153600_00160.jpg,datasets_flow/dataset_cropped/09_Metas/04/15/20190904153600_00160.jpg,datasets_cloudmask/dataset_cropped/09_Metas/04/15/20190904153600_00160.png,676.7,523.8,302.3,29,961
9/4/2019 15:37,datasets/dataset_cropped/09_Metas/04/15/20190904153700_00160.jpg,datasets_flow/dataset_cropped/09_Metas/04/15/20190904153700_00160.jpg,datasets_cloudmask/dataset_cropped/09_Metas/04/15/20190904153700_00160.png,487.7,262,299.9,28.8,961
9/4/2019 15:38,datasets/dataset_cropped/09_Metas/04/15/20190904153800_00160.jpg,datasets_flow/dataset_cropped/09_Metas/04/15/20190904153800_00160.jpg,datasets_cloudmask/dataset_cropped/09_Metas/04/15/20190904153800_00160.png,408.5,162.7,289.8,28.8,961
9/4/2019 15:39,datasets/dataset_cropped/09_Metas/04/15/20190904153900_00160.jpg,datasets_flow/dataset_cropped/09_Metas/04/15/20190904153900_00160.jpg,datasets_cloudmask/dataset_cropped/09_Metas/04/15/20190904153900_00160.png,761.4,660.2,293.4,28.7,961
9/4/2019 15:40,datasets/dataset_cropped/09_Metas/04/15/20190904154000_00160.jpg,datasets_flow/dataset_cropped/09_Metas/04/15/20190904154000_00160.jpg,datasets_cloudmask/dataset_cropped/09_Metas/04/15/20190904154000_00160.png,760.5,652.4,297.4,28.4,961
9/4/2019 15:41,datasets/dataset_cropped/09_Metas/04/15/20190904154100_00160.jpg,datasets_flow/dataset_cropped/09_Metas/04/15/20190904154100_00160.jpg,datasets_cloudmask/dataset_cropped/09_Metas/04/15/20190904154100_00160.png,777.7,675.5,301.1,28.5,961
9/4/2019 15:42,datasets/dataset_cropped/09_Metas/04/15/20190904154200_00160.jpg,datasets_flow/dataset_cropped/09_Metas/04/15/20190904154200_00160.jpg,datasets_cloudmask/dataset_cropped/09_Metas/04/15/20190904154200_00160.png,774.8,669.1,304.7,28.4,961
9/4/2019 15:43,datasets/dataset_cropped/09_Metas/04/15/20190904154300_00160.jpg,datasets_flow/dataset_cropped/09_Metas/04/15/20190904154300_00160.jpg,datasets_cloudmask/dataset_cropped/09_Metas/04/15/20190904154300_00160.png,597.8,400,315.2,28.5,961
9/4/2019 15:44,datasets/dataset_cropped/09_Metas/04/15/20190904154400_00160.jpg,datasets_flow/dataset_cropped/09_Metas/04/15/20190904154400_00160.jpg,datasets_cloudmask/dataset_cropped/09_Metas/04/15/20190904154400_00160.png,347.9,37.6,319.6,28.7,961
9/4/2019 15:45,datasets/dataset_cropped/09_Metas/04/15/20190904154500_00160.jpg,datasets_flow/dataset_cropped/09_Metas/04/15/20190904154500_00160.jpg,datasets_cloudmask/dataset_cropped/09_Metas/04/15/20190904154500_00160.png,614.3,414.3,324,28.7,961
9/4/2019 15:46,datasets/dataset_cropped/09_Metas/04/15/20190904154600_00160.jpg,datasets_flow/dataset_cropped/09_Metas/04/15/20190904154600_00160.jpg,datasets_cloudmask/dataset_cropped/09_Metas/04/15/20190904154600_00160.png,381.1,78.2,323.1,28.4,961
9/4/2019 15:47,datasets/dataset_cropped/09_Metas/04/15/20190904154700_00160.jpg,datasets_flow/dataset_cropped/09_Metas/04/15/20190904154700_00160.jpg,datasets_cloudmask/dataset_cropped/09_Metas/04/15/20190904154700_00160.png,642,456.7,323.4,28.2,961
9/4/2019 15:48,datasets/dataset_cropped/09_Metas/04/15/20190904154800_00160.jpg,datasets_flow/dataset_cropped/09_Metas/04/15/20190904154800_00160.jpg,datasets_cloudmask/dataset_cropped/09_Metas/04/15/20190904154800_00160.png,779.1,670.1,317.6,28,961
9/4/2019 15:49,datasets/dataset_cropped/09_Metas/04/15/20190904154900_00160.jpg,datasets_flow/dataset_cropped/09_Metas/04/15/20190904154900_00160.jpg,datasets_cloudmask/dataset_cropped/09_Metas/04/15/20190904154900_00160.png,787.5,688.7,315.3,28.1,961
9/4/2019 15:50,datasets/dataset_cropped/09_Metas/04/15/20190904155000_00160.jpg,datasets_flow/dataset_cropped/09_Metas/04/15/20190904155000_00160.jpg,datasets_cloudmask/dataset_cropped/09_Metas/04/15/20190904155000_00160.png,788.4,690.1,317.1,28.2,961
9/4/2019 15:51,datasets/dataset_cropped/09_Metas/04/15/20190904155100_00160.jpg,datasets_flow/dataset_cropped/09_Metas/04/15/20190904155100_00160.jpg,datasets_cloudmask/dataset_cropped/09_Metas/04/15/20190904155100_00160.png,777.8,673.6,318.7,28.4,961
9/4/2019 15:52,datasets/dataset_cropped/09_Metas/04/15/20190904155200_00160.jpg,datasets_flow/dataset_cropped/09_Metas/04/15/20190904155200_00160.jpg,datasets_cloudmask/dataset_cropped/09_Metas/04/15/20190904155200_00160.png,759.1,654.5,314.3,28.8,961
9/4/2019 15:53,datasets/dataset_cropped/09_Metas/04/15/20190904155300_00160.jpg,datasets_flow/dataset_cropped/09_Metas/04/15/20190904155300_00160.jpg,datasets_cloudmask/dataset_cropped/09_Metas/04/15/20190904155300_00160.png,753.8,660.9,306.1,29.1,961
9/4/2019 15:54,datasets/dataset_cropped/09_Metas/04/15/20190904155400_00160.jpg,datasets_flow/dataset_cropped/09_Metas/04/15/20190904155400_00160.jpg,datasets_cloudmask/dataset_cropped/09_Metas/04/15/20190904155400_00160.png,753.3,675.8,297.5,29.6,961
9/4/2019 15:55,datasets/dataset_cropped/09_Metas/04/15/20190904155500_00160.jpg,datasets_flow/dataset_cropped/09_Metas/04/15/20190904155500_00160.jpg,datasets_cloudmask/dataset_cropped/09_Metas/04/15/20190904155500_00160.png,734.9,661.5,290.5,29.4,961
9/4/2019 15:56,datasets/dataset_cropped/09_Metas/04/15/20190904155600_00160.jpg,datasets_flow/dataset_cropped/09_Metas/04/15/20190904155600_00160.jpg,datasets_cloudmask/dataset_cropped/09_Metas/04/15/20190904155600_00160.png,737.8,674.7,285.2,29.2,961
9/4/2019 15:57,datasets/dataset_cropped/09_Metas/04/15/20190904155700_00160.jpg,datasets_flow/dataset_cropped/09_Metas/04/15/20190904155700_00160.jpg,datasets_cloudmask/dataset_cropped/09_Metas/04/15/20190904155700_00160.png,733.6,676.5,281.3,29.1,961
9/4/2019 15:58,datasets/dataset_cropped/09_Metas/04/15/20190904155800_00160.jpg,datasets_flow/dataset_cropped/09_Metas/04/15/20190904155800_00160.jpg,datasets_cloudmask/dataset_cropped/09_Metas/04/15/20190904155800_00160.png,732,685.5,276.1,29.1,961
9/4/2019 15:59,datasets/dataset_cropped/09_Metas/04/15/20190904155900_00160.jpg,datasets_flow/dataset_cropped/09_Metas/04/15/20190904155900_00160.jpg,datasets_cloudmask/dataset_cropped/09_Metas/04/15/20190904155900_00160.png,724.6,686.5,269.8,29.1,961
9/4/2019 16:00,datasets/dataset_cropped/09_Metas/04/16/20190904160000_00160.jpg,datasets_flow/dataset_cropped/09_Metas/04/16/20190904160000_00160.jpg,datasets_cloudmask/dataset_cropped/09_Metas/04/16/20190904160000_00160.png,717.4,682.4,266.3,29.1,961
9/4/2019 16:01,datasets/dataset_cropped/09_Metas/04/16/20190904160100_00160.jpg,datasets_flow/dataset_cropped/09_Metas/04/16/20190904160100_00160.jpg,datasets_cloudmask/dataset_cropped/09_Metas/04/16/20190904160100_00160.png,649.2,582.5,264.1,29,961
9/4/2019 16:02,datasets/dataset_cropped/09_Metas/04/16/20190904160200_00160.jpg,datasets_flow/dataset_cropped/09_Metas/04/16/20190904160200_00160.jpg,datasets_cloudmask/dataset_cropped/09_Metas/04/16/20190904160200_00160.png,702.4,666.8,263.9,29.4,961
9/4/2019 16:03,datasets/dataset_cropped/09_Metas/04/16/20190904160300_00160.jpg,datasets_flow/dataset_cropped/09_Metas/04/16/20190904160300_00160.jpg,datasets_cloudmask/dataset_cropped/09_Metas/04/16/20190904160300_00160.png,698.3,666.7,261.5,29.4,961
9/4/2019 16:04,datasets/dataset_cropped/09_Metas/04/16/20190904160400_00160.jpg,datasets_flow/dataset_cropped/09_Metas/04/16/20190904160400_00160.jpg,datasets_cloudmask/dataset_cropped/09_Metas/04/16/20190904160400_00160.png,697.4,671.1,259.1,29.4,961
9/4/2019 16:05,datasets/dataset_cropped/09_Metas/04/16/20190904160500_00160.jpg,datasets_flow/dataset_cropped/09_Metas/04/16/20190904160500_00160.jpg,datasets_cloudmask/dataset_cropped/09_Metas/04/16/20190904160500_00160.png,700.9,680.6,258.1,30,961
9/4/2019 16:06,datasets/dataset_cropped/09_Metas/04/16/20190904160600_00160.jpg,datasets_flow/dataset_cropped/09_Metas/04/16/20190904160600_00160.jpg,datasets_cloudmask/dataset_cropped/09_Metas/04/16/20190904160600_00160.png,665.7,627.8,257.7,30.1,961
9/4/2019 16:07,datasets/dataset_cropped/09_Metas/04/16/20190904160700_00160.jpg,datasets_flow/dataset_cropped/09_Metas/04/16/20190904160700_00160.jpg,datasets_cloudmask/dataset_cropped/09_Metas/04/16/20190904160700_00160.png,560.8,477,250.9,29.5,961
9/4/2019 16:08,datasets/dataset_cropped/09_Metas/04/16/20190904160800_00160.jpg,datasets_flow/dataset_cropped/09_Metas/04/16/20190904160800_00160.jpg,datasets_cloudmask/dataset_cropped/09_Metas/04/16/20190904160800_00160.png,647.1,632.4,239.9,29.5,961
9/4/2019 16:09,datasets/dataset_cropped/09_Metas/04/16/20190904160900_00160.jpg,datasets_flow/dataset_cropped/09_Metas/04/16/20190904160900_00160.jpg,datasets_cloudmask/dataset_cropped/09_Metas/04/16/20190904160900_00160.png,658.2,671.3,228.6,29.4,961
9/4/2019 16:10,datasets/dataset_cropped/09_Metas/04/16/20190904161000_00160.jpg,datasets_flow/dataset_cropped/09_Metas/04/16/20190904161000_00160.jpg,datasets_cloudmask/dataset_cropped/09_Metas/04/16/20190904161000_00160.png,653,676.1,222,29,961
9/4/2019 16:11,datasets/dataset_cropped/09_Metas/04/16/20190904161100_00160.jpg,datasets_flow/dataset_cropped/09_Metas/04/16/20190904161100_00160.jpg,datasets_cloudmask/dataset_cropped/09_Metas/04/16/20190904161100_00160.png,648.7,676.5,219,28.9,961
9/4/2019 16:12,datasets/dataset_cropped/09_Metas/04/16/20190904161200_00160.jpg,datasets_flow/dataset_cropped/09_Metas/04/16/20190904161200_00160.jpg,datasets_cloudmask/dataset_cropped/09_Metas/04/16/20190904161200_00160.png,643.8,674.3,216.6,28.6,961
9/4/2019 16:13,datasets/dataset_cropped/09_Metas/04/16/20190904161300_00160.jpg,datasets_flow/dataset_cropped/09_Metas/04/16/20190904161300_00160.jpg,datasets_cloudmask/dataset_cropped/09_Metas/04/16/20190904161300_00160.png,640.5,672.5,216.2,28.7,961
9/4/2019 16:14,datasets/dataset_cropped/09_Metas/04/16/20190904161400_00160.jpg,datasets_flow/dataset_cropped/09_Metas/04/16/20190904161400_00160.jpg,datasets_cloudmask/dataset_cropped/09_Metas/04/16/20190904161400_00160.png,628.1,654.7,216.8,28.8,961
9/4/2019 16:15,datasets/dataset_cropped/09_Metas/04/16/20190904161500_00160.jpg,datasets_flow/dataset_cropped/09_Metas/04/16/20190904161500_00160.jpg,datasets_cloudmask/dataset_cropped/09_Metas/04/16/20190904161500_00160.png,621,641.6,219.2,28.6,961
9/4/2019 16:16,datasets/dataset_cropped/09_Metas/04/16/20190904161600_00160.jpg,datasets_flow/dataset_cropped/09_Metas/04/16/20190904161600_00160.jpg,datasets_cloudmask/dataset_cropped/09_Metas/04/16/20190904161600_00160.png,585.3,584.7,221,28.2,961
9/4/2019 16:17,datasets/dataset_cropped/09_Metas/04/16/20190904161700_00160.jpg,datasets_flow/dataset_cropped/09_Metas/04/16/20190904161700_00160.jpg,datasets_cloudmask/dataset_cropped/09_Metas/04/16/20190904161700_00160.png,603.6,618.9,219.4,28.1,961
9/4/2019 16:18,datasets/dataset_cropped/09_Metas/04/16/20190904161800_00160.jpg,datasets_flow/dataset_cropped/09_Metas/04/16/20190904161800_00160.jpg,datasets_cloudmask/dataset_cropped/09_Metas/04/16/20190904161800_00160.png,616.4,650.2,214.9,28.1,961
9/4/2019 16:19,datasets/dataset_cropped/09_Metas/04/16/20190904161900_00160.jpg,datasets_flow/dataset_cropped/09_Metas/04/16/20190904161900_00160.jpg,datasets_cloudmask/dataset_cropped/09_Metas/04/16/20190904161900_00160.png,609.6,649.5,210,28.1,961
9/4/2019 16:20,datasets/dataset_cropped/09_Metas/04/16/20190904162000_00160.jpg,datasets_flow/dataset_cropped/09_Metas/04/16/20190904162000_00160.jpg,datasets_cloudmask/dataset_cropped/09_Metas/04/16/20190904162000_00160.png,601.8,644,207,28.4,961
9/4/2019 16:21,datasets/dataset_cropped/09_Metas/04/16/20190904162100_00160.jpg,datasets_flow/dataset_cropped/09_Metas/04/16/20190904162100_00160.jpg,datasets_cloudmask/dataset_cropped/09_Metas/04/16/20190904162100_00160.png,600.1,649.3,203.6,28.6,961
9/4/2019 16:22,datasets/dataset_cropped/09_Metas/04/16/20190904162200_00160.jpg,datasets_flow/dataset_cropped/09_Metas/04/16/20190904162200_00160.jpg,datasets_cloudmask/dataset_cropped/09_Metas/04/16/20190904162200_00160.png,598.1,655,199.3,28.8,961
9/4/2019 16:23,datasets/dataset_cropped/09_Metas/04/16/20190904162300_00160.jpg,datasets_flow/dataset_cropped/09_Metas/04/16/20190904162300_00160.jpg,datasets_cloudmask/dataset_cropped/09_Metas/04/16/20190904162300_00160.png,591.9,653.4,195.8,28.9,961
9/4/2019 16:24,datasets/dataset_cropped/09_Metas/04/16/20190904162400_00160.jpg,datasets_flow/dataset_cropped/09_Metas/04/16/20190904162400_00160.jpg,datasets_cloudmask/dataset_cropped/09_Metas/04/16/20190904162400_00160.png,584.3,647.1,193.8,28.8,961
9/4/2019 16:25,datasets/dataset_cropped/09_Metas/04/16/20190904162500_00160.jpg,datasets_flow/dataset_cropped/09_Metas/04/16/20190904162500_00160.jpg,datasets_cloudmask/dataset_cropped/09_Metas/04/16/20190904162500_00160.png,578.1,641.9,192.4,28.4,961
9/4/2019 16:26,datasets/dataset_cropped/09_Metas/04/16/20190904162600_00160.jpg,datasets_flow/dataset_cropped/09_Metas/04/16/20190904162600_00160.jpg,datasets_cloudmask/dataset_cropped/09_Metas/04/16/20190904162600_00160.png,580.1,653.6,189.2,28.3,961
9/4/2019 16:27,datasets/dataset_cropped/09_Metas/04/16/20190904162700_00160.jpg,datasets_flow/dataset_cropped/09_Metas/04/16/20190904162700_00160.jpg,datasets_cloudmask/dataset_cropped/09_Metas/04/16/20190904162700_00160.png,575.7,655.4,185.4,28.5,961
9/4/2019 16:28,datasets/dataset_cropped/09_Metas/04/16/20190904162800_00160.jpg,datasets_flow/dataset_cropped/09_Metas/04/16/20190904162800_00160.jpg,datasets_cloudmask/dataset_cropped/09_Metas/04/16/20190904162800_00160.png,571.1,655.7,182.4,28.5,961
9/4/2019 16:29,datasets/dataset_cropped/09_Metas/04/16/20190904162900_00160.jpg,datasets_flow/dataset_cropped/09_Metas/04/16/20190904162900_00160.jpg,datasets_cloudmask/dataset_cropped/09_Metas/04/16/20190904162900_00160.png,562.2,648.9,179.5,28.3,961
9/4/2019 16:30,datasets/dataset_cropped/09_Metas/04/16/20190904163000_00160.jpg,datasets_flow/dataset_cropped/09_Metas/04/16/20190904163000_00160.jpg,datasets_cloudmask/dataset_cropped/09_Metas/04/16/20190904163000_00160.png,549.9,635.7,176.1,28,961
9/4/2019 16:31,datasets/dataset_cropped/09_Metas/04/16/20190904163100_00160.jpg,datasets_flow/dataset_cropped/09_Metas/04/16/20190904163100_00160.jpg,datasets_cloudmask/dataset_cropped/09_Metas/04/16/20190904163100_00160.png,547.8,649,168.4,28.1,961
9/4/2019 16:32,datasets/dataset_cropped/09_Metas/04/16/20190904163200_00160.jpg,datasets_flow/dataset_cropped/09_Metas/04/16/20190904163200_00160.jpg,datasets_cloudmask/dataset_cropped/09_Metas/04/16/20190904163200_00160.png,545.7,656.3,163.7,28.2,961
9/4/2019 16:33,datasets/dataset_cropped/09_Metas/04/16/20190904163300_00160.jpg,datasets_flow/dataset_cropped/09_Metas/04/16/20190904163300_00160.jpg,datasets_cloudmask/dataset_cropped/09_Metas/04/16/20190904163300_00160.png,540.5,653.5,161.8,28.6,961
9/4/2019 16:34,datasets/dataset_cropped/09_Metas/04/16/20190904163400_00160.jpg,datasets_flow/dataset_cropped/09_Metas/04/16/20190904163400_00160.jpg,datasets_cloudmask/dataset_cropped/09_Metas/04/16/20190904163400_00160.png,534.9,649.3,160.4,28.6,961
9/4/2019 16:35,datasets/dataset_cropped/09_Metas/04/16/20190904163500_00160.jpg,datasets_flow/dataset_cropped/09_Metas/04/16/20190904163500_00160.jpg,datasets_cloudmask/dataset_cropped/09_Metas/04/16/20190904163500_00160.png,528.3,642,159.7,28.4,961
9/4/2019 16:36,datasets/dataset_cropped/09_Metas/04/16/20190904163600_00160.jpg,datasets_flow/dataset_cropped/09_Metas/04/16/20190904163600_00160.jpg,datasets_cloudmask/dataset_cropped/09_Metas/04/16/20190904163600_00160.png,524.5,639.7,159.1,28.5,961
9/4/2019 16:37,datasets/dataset_cropped/09_Metas/04/16/20190904163700_00160.jpg,datasets_flow/dataset_cropped/09_Metas/04/16/20190904163700_00160.jpg,datasets_cloudmask/dataset_cropped/09_Metas/04/16/20190904163700_00160.png,515.5,628.2,158.7,28.4,961
9/4/2019 16:38,datasets/dataset_cropped/09_Metas/04/16/20190904163800_00160.jpg,datasets_flow/dataset_cropped/09_Metas/04/16/20190904163800_00160.jpg,datasets_cloudmask/dataset_cropped/09_Metas/04/16/20190904163800_00160.png,509.3,620.6,158.5,28.5,961
9/4/2019 16:39,datasets/dataset_cropped/09_Metas/04/16/20190904163900_00160.jpg,datasets_flow/dataset_cropped/09_Metas/04/16/20190904163900_00160.jpg,datasets_cloudmask/dataset_cropped/09_Metas/04/16/20190904163900_00160.png,508.6,624.2,157.3,28.4,961
9/4/2019 16:40,datasets/dataset_cropped/09_Metas/04/16/20190904164000_00160.jpg,datasets_flow/dataset_cropped/09_Metas/04/16/20190904164000_00160.jpg,datasets_cloudmask/dataset_cropped/09_Metas/04/16/20190904164000_00160.png,505.4,623.2,156.4,28.4,961
9/4/2019 16:41,datasets/dataset_cropped/09_Metas/04/16/20190904164100_00160.jpg,datasets_flow/dataset_cropped/09_Metas/04/16/20190904164100_00160.jpg,datasets_cloudmask/dataset_cropped/09_Metas/04/16/20190904164100_00160.png,506.2,627.3,156.7,28.5,961
9/4/2019 16:42,datasets/dataset_cropped/09_Metas/04/16/20190904164200_00160.jpg,datasets_flow/dataset_cropped/09_Metas/04/16/20190904164200_00160.jpg,datasets_cloudmask/dataset_cropped/09_Metas/04/16/20190904164200_00160.png,507.4,631.7,157.5,28.5,961
9/4/2019 16:43,datasets/dataset_cropped/09_Metas/04/16/20190904164300_00160.jpg,datasets_flow/dataset_cropped/09_Metas/04/16/20190904164300_00160.jpg,datasets_cloudmask/dataset_cropped/09_Metas/04/16/20190904164300_00160.png,506.2,632.9,157.5,28.4,961
9/4/2019 16:44,datasets/dataset_cropped/09_Metas/04/16/20190904164400_00160.jpg,datasets_flow/dataset_cropped/09_Metas/04/16/20190904164400_00160.jpg,datasets_cloudmask/dataset_cropped/09_Metas/04/16/20190904164400_00160.png,503.7,632,157.3,28.4,961
9/4/2019 16:45,datasets/dataset_cropped/09_Metas/04/16/20190904164500_00160.jpg,datasets_flow/dataset_cropped/09_Metas/04/16/20190904164500_00160.jpg,datasets_cloudmask/dataset_cropped/09_Metas/04/16/20190904164500_00160.png,500.8,630.2,157,28.5,961
9/4/2019 16:46,datasets/dataset_cropped/09_Metas/04/16/20190904164600_00160.jpg,datasets_flow/dataset_cropped/09_Metas/04/16/20190904164600_00160.jpg,datasets_cloudmask/dataset_cropped/09_Metas/04/16/20190904164600_00160.png,497,626.3,157.1,28.6,961
9/4/2019 16:47,datasets/dataset_cropped/09_Metas/04/16/20190904164700_00160.jpg,datasets_flow/dataset_cropped/09_Metas/04/16/20190904164700_00160.jpg,datasets_cloudmask/dataset_cropped/09_Metas/04/16/20190904164700_00160.png,494.3,624.7,157.2,28.4,961
9/4/2019 16:48,datasets/dataset_cropped/09_Metas/04/16/20190904164800_00160.jpg,datasets_flow/dataset_cropped/09_Metas/04/16/20190904164800_00160.jpg,datasets_cloudmask/dataset_cropped/09_Metas/04/16/20190904164800_00160.png,492.4,625.5,156.6,28.5,961
9/4/2019 16:49,datasets/dataset_cropped/09_Metas/04/16/20190904164900_00160.jpg,datasets_flow/dataset_cropped/09_Metas/04/16/20190904164900_00160.jpg,datasets_cloudmask/dataset_cropped/09_Metas/04/16/20190904164900_00160.png,486.5,618.1,156.7,28.7,961
9/4/2019 16:50,datasets/dataset_cropped/09_Metas/04/16/20190904165000_00160.jpg,datasets_flow/dataset_cropped/09_Metas/04/16/20190904165000_00160.jpg,datasets_cloudmask/dataset_cropped/09_Metas/04/16/20190904165000_00160.png,482.8,615.7,156,28.5,961
9/4/2019 16:51,datasets/dataset_cropped/09_Metas/04/16/20190904165100_00160.jpg,datasets_flow/dataset_cropped/09_Metas/04/16/20190904165100_00160.jpg,datasets_cloudmask/dataset_cropped/09_Metas/04/16/20190904165100_00160.png,480.4,614.6,155.7,28.3,961
9/4/2019 16:52,datasets/dataset_cropped/09_Metas/04/16/20190904165200_00160.jpg,datasets_flow/dataset_cropped/09_Metas/04/16/20190904165200_00160.jpg,datasets_cloudmask/dataset_cropped/09_Metas/04/16/20190904165200_00160.png,479.1,613.9,156.3,28.3,961
9/4/2019 16:53,datasets/dataset_cropped/09_Metas/04/16/20190904165300_00160.jpg,datasets_flow/dataset_cropped/09_Metas/04/16/20190904165300_00160.jpg,datasets_cloudmask/dataset_cropped/09_Metas/04/16/20190904165300_00160.png,474.2,605.4,157.5,28.4,961
9/4/2019 16:54,datasets/dataset_cropped/09_Metas/04/16/20190904165400_00160.jpg,datasets_flow/dataset_cropped/09_Metas/04/16/20190904165400_00160.jpg,datasets_cloudmask/dataset_cropped/09_Metas/04/16/20190904165400_00160.png,471.5,598.7,160.1,28.4,961
9/4/2019 16:55,datasets/dataset_cropped/09_Metas/04/16/20190904165500_00160.jpg,datasets_flow/dataset_cropped/09_Metas/04/16/20190904165500_00160.jpg,datasets_cloudmask/dataset_cropped/09_Metas/04/16/20190904165500_00160.png,468.1,590,162.9,28.4,961
9/4/2019 16:56,datasets/dataset_cropped/09_Metas/04/16/20190904165600_00160.jpg,datasets_flow/dataset_cropped/09_Metas/04/16/20190904165600_00160.jpg,datasets_cloudmask/dataset_cropped/09_Metas/04/16/20190904165600_00160.png,467.9,588.3,165.8,28.4,961
9/4/2019 16:57,datasets/dataset_cropped/09_Metas/04/16/20190904165700_00160.jpg,datasets_flow/dataset_cropped/09_Metas/04/16/20190904165700_00160.jpg,datasets_cloudmask/dataset_cropped/09_Metas/04/16/20190904165700_00160.png,471.9,597,166.6,28.5,961
9/4/2019 16:58,datasets/dataset_cropped/09_Metas/04/16/20190904165800_00160.jpg,datasets_flow/dataset_cropped/09_Metas/04/16/20190904165800_00160.jpg,datasets_cloudmask/dataset_cropped/09_Metas/04/16/20190904165800_00160.png,469.7,595.1,167.4,28.1,961
9/4/2019 16:59,datasets/dataset_cropped/09_Metas/04/16/20190904165900_00160.jpg,datasets_flow/dataset_cropped/09_Metas/04/16/20190904165900_00160.jpg,datasets_cloudmask/dataset_cropped/09_Metas/04/16/20190904165900_00160.png,408.9,485.6,163.8,28,961
9/4/2019 17:00,datasets/dataset_cropped/09_Metas/04/17/20190904170000_00160.jpg,datasets_flow/dataset_cropped/09_Metas/04/17/20190904170000_00160.jpg,datasets_cloudmask/dataset_cropped/09_Metas/04/17/20190904170000_00160.png,174.4,31.5,157.2,27.8,961
9/4/2019 17:01,datasets/dataset_cropped/09_Metas/04/17/20190904170100_00160.jpg,datasets_flow/dataset_cropped/09_Metas/04/17/20190904170100_00160.jpg,datasets_cloudmask/dataset_cropped/09_Metas/04/17/20190904170100_00160.png,225.9,132.8,157.3,28,961
9/4/2019 17:02,datasets/dataset_cropped/09_Metas/04/17/20190904170200_00160.jpg,datasets_flow/dataset_cropped/09_Metas/04/17/20190904170200_00160.jpg,datasets_cloudmask/dataset_cropped/09_Metas/04/17/20190904170200_00160.png,170,20.8,157.9,27.9,961
9/4/2019 17:03,datasets/dataset_cropped/09_Metas/04/17/20190904170300_00160.jpg,datasets_flow/dataset_cropped/09_Metas/04/17/20190904170300_00160.jpg,datasets_cloudmask/dataset_cropped/09_Metas/04/17/20190904170300_00160.png,265.4,217.8,155.1,27.6,961
9/4/2019 17:04,datasets/dataset_cropped/09_Metas/04/17/20190904170400_00160.jpg,datasets_flow/dataset_cropped/09_Metas/04/17/20190904170400_00160.jpg,datasets_cloudmask/dataset_cropped/09_Metas/04/17/20190904170400_00160.png,399.9,494.9,155.1,27.4,961
9/4/2019 17:05,datasets/dataset_cropped/09_Metas/04/17/20190904170500_00160.jpg,datasets_flow/dataset_cropped/09_Metas/04/17/20190904170500_00160.jpg,datasets_cloudmask/dataset_cropped/09_Metas/04/17/20190904170500_00160.png,436.6,574.9,154.4,27.2,961
9/4/2019 17:06,datasets/dataset_cropped/09_Metas/04/17/20190904170600_00160.jpg,datasets_flow/dataset_cropped/09_Metas/04/17/20190904170600_00160.jpg,datasets_cloudmask/dataset_cropped/09_Metas/04/17/20190904170600_00160.png,367.7,442.4,152,27.2,961
9/4/2019 17:07,datasets/dataset_cropped/09_Metas/04/17/20190904170700_00160.jpg,datasets_flow/dataset_cropped/09_Metas/04/17/20190904170700_00160.jpg,datasets_cloudmask/dataset_cropped/09_Metas/04/17/20190904170700_00160.png,387.4,487.5,151.8,27.2,961
9/4/2019 17:08,datasets/dataset_cropped/09_Metas/04/17/20190904170800_00160.jpg,datasets_flow/dataset_cropped/09_Metas/04/17/20190904170800_00160.jpg,datasets_cloudmask/dataset_cropped/09_Metas/04/17/20190904170800_00160.png,408.8,536,152.5,27.4,961
9/4/2019 17:09,datasets/dataset_cropped/09_Metas/04/17/20190904170900_00160.jpg,datasets_flow/dataset_cropped/09_Metas/04/17/20190904170900_00160.jpg,datasets_cloudmask/dataset_cropped/09_Metas/04/17/20190904170900_00160.png,415.6,555.4,151.8,27.5,961
9/4/2019 17:10,datasets/dataset_cropped/09_Metas/04/17/20190904171000_00160.jpg,datasets_flow/dataset_cropped/09_Metas/04/17/20190904171000_00160.jpg,datasets_cloudmask/dataset_cropped/09_Metas/04/17/20190904171000_00160.png,341.6,414.5,146.5,27.4,961
9/4/2019 17:11,datasets/dataset_cropped/09_Metas/04/17/20190904171100_00160.jpg,datasets_flow/dataset_cropped/09_Metas/04/17/20190904171100_00160.jpg,datasets_cloudmask/dataset_cropped/09_Metas/04/17/20190904171100_00160.png,207.3,139,142.3,27.6,961
9/4/2019 17:12,datasets/dataset_cropped/09_Metas/04/17/20190904171200_00160.jpg,datasets_flow/dataset_cropped/09_Metas/04/17/20190904171200_00160.jpg,datasets_cloudmask/dataset_cropped/09_Metas/04/17/20190904171200_00160.png,164.3,56.6,138.1,27.5,961
9/4/2019 17:13,datasets/dataset_cropped/09_Metas/04/17/20190904171300_00160.jpg,datasets_flow/dataset_cropped/09_Metas/04/17/20190904171300_00160.jpg,datasets_cloudmask/dataset_cropped/09_Metas/04/17/20190904171300_00160.png,259.4,273.2,132,27.3,961
9/4/2019 17:14,datasets/dataset_cropped/09_Metas/04/17/20190904171400_00160.jpg,datasets_flow/dataset_cropped/09_Metas/04/17/20190904171400_00160.jpg,datasets_cloudmask/dataset_cropped/09_Metas/04/17/20190904171400_00160.png,227.9,219.3,127.3,27.2,961
9/4/2019 17:15,datasets/dataset_cropped/09_Metas/04/17/20190904171500_00160.jpg,datasets_flow/dataset_cropped/09_Metas/04/17/20190904171500_00160.jpg,datasets_cloudmask/dataset_cropped/09_Metas/04/17/20190904171500_00160.png,168.1,92.3,124.5,27,961
9/4/2019 17:16,datasets/dataset_cropped/09_Metas/04/17/20190904171600_00160.jpg,datasets_flow/dataset_cropped/09_Metas/04/17/20190904171600_00160.jpg,datasets_cloudmask/dataset_cropped/09_Metas/04/17/20190904171600_00160.png,279.5,336.5,126.1,27,961
9/4/2019 17:17,datasets/dataset_cropped/09_Metas/04/17/20190904171700_00160.jpg,datasets_flow/dataset_cropped/09_Metas/04/17/20190904171700_00160.jpg,datasets_cloudmask/dataset_cropped/09_Metas/04/17/20190904171700_00160.png,278.4,338.8,124.9,27.1,961
9/4/2019 17:18,datasets/dataset_cropped/09_Metas/04/17/20190904171800_00160.jpg,datasets_flow/dataset_cropped/09_Metas/04/17/20190904171800_00160.jpg,datasets_cloudmask/dataset_cropped/09_Metas/04/17/20190904171800_00160.png,289,374.4,121.4,27,961
9/4/2019 17:19,datasets/dataset_cropped/09_Metas/04/17/20190904171900_00160.jpg,datasets_flow/dataset_cropped/09_Metas/04/17/20190904171900_00160.jpg,datasets_cloudmask/dataset_cropped/09_Metas/04/17/20190904171900_00160.png,155.6,85.6,117.3,26.9,961
9/4/2019 17:20,datasets/dataset_cropped/09_Metas/04/17/20190904172000_00160.jpg,datasets_flow/dataset_cropped/09_Metas/04/17/20190904172000_00160.jpg,datasets_cloudmask/dataset_cropped/09_Metas/04/17/20190904172000_00160.png,126.5,19,117.4,26.9,961
9/4/2019 17:21,datasets/dataset_cropped/09_Metas/04/17/20190904172100_00160.jpg,datasets_flow/dataset_cropped/09_Metas/04/17/20190904172100_00160.jpg,datasets_cloudmask/dataset_cropped/09_Metas/04/17/20190904172100_00160.png,134.3,25.4,122.3,26.7,961
9/4/2019 17:22,datasets/dataset_cropped/09_Metas/04/17/20190904172200_00160.jpg,datasets_flow/dataset_cropped/09_Metas/04/17/20190904172200_00160.jpg,datasets_cloudmask/dataset_cropped/09_Metas/04/17/20190904172200_00160.png,252.1,275.9,130.6,26.7,961
9/4/2019 17:23,datasets/dataset_cropped/09_Metas/04/17/20190904172300_00160.jpg,datasets_flow/dataset_cropped/09_Metas/04/17/20190904172300_00160.jpg,datasets_cloudmask/dataset_cropped/09_Metas/04/17/20190904172300_00160.png,317,418.9,135.5,26.6,961
9/4/2019 17:24,datasets/dataset_cropped/09_Metas/04/17/20190904172400_00160.jpg,datasets_flow/dataset_cropped/09_Metas/04/17/20190904172400_00160.jpg,datasets_cloudmask/dataset_cropped/09_Metas/04/17/20190904172400_00160.png,259.7,289.5,135.7,26.7,961
9/4/2019 17:25,datasets/dataset_cropped/09_Metas/04/17/20190904172500_00160.jpg,datasets_flow/dataset_cropped/09_Metas/04/17/20190904172500_00160.jpg,datasets_cloudmask/dataset_cropped/09_Metas/04/17/20190904172500_00160.png,154.3,51.5,131.5,26.9,961
9/4/2019 17:26,datasets/dataset_cropped/09_Metas/04/17/20190904172600_00160.jpg,datasets_flow/dataset_cropped/09_Metas/04/17/20190904172600_00160.jpg,datasets_cloudmask/dataset_cropped/09_Metas/04/17/20190904172600_00160.png,138.2,25.2,127.4,27,961
9/4/2019 17:27,datasets/dataset_cropped/09_Metas/04/17/20190904172700_00160.jpg,datasets_flow/dataset_cropped/09_Metas/04/17/20190904172700_00160.jpg,datasets_cloudmask/dataset_cropped/09_Metas/04/17/20190904172700_00160.png,129.9,6.4,126.1,27,961
9/4/2019 17:28,datasets/dataset_cropped/09_Metas/04/17/20190904172800_00160.jpg,datasets_flow/dataset_cropped/09_Metas/04/17/20190904172800_00160.jpg,datasets_cloudmask/dataset_cropped/09_Metas/04/17/20190904172800_00160.png,221.5,220.2,128.1,27,961
9/4/2019 17:29,datasets/dataset_cropped/09_Metas/04/17/20190904172900_00160.jpg,datasets_flow/dataset_cropped/09_Metas/04/17/20190904172900_00160.jpg,datasets_cloudmask/dataset_cropped/09_Metas/04/17/20190904172900_00160.png,263.4,324.5,129.6,26.8,961
9/4/2019 17:30,datasets/dataset_cropped/09_Metas/04/17/20190904173000_00160.jpg,datasets_flow/dataset_cropped/09_Metas/04/17/20190904173000_00160.jpg,datasets_cloudmask/dataset_cropped/09_Metas/04/17/20190904173000_00160.png,131.6,17.8,124,27,961
9/4/2019 17:31,datasets/dataset_cropped/09_Metas/04/17/20190904173100_00160.jpg,datasets_flow/dataset_cropped/09_Metas/04/17/20190904173100_00160.jpg,datasets_cloudmask/dataset_cropped/09_Metas/04/17/20190904173100_00160.png,116.2,2.1,115.4,27.1,961
9/4/2019 17:32,datasets/dataset_cropped/09_Metas/04/17/20190904173200_00160.jpg,datasets_flow/dataset_cropped/09_Metas/04/17/20190904173200_00160.jpg,datasets_cloudmask/dataset_cropped/09_Metas/04/17/20190904173200_00160.png,106.3,0.2,106.3,27.1,961
9/4/2019 17:33,datasets/dataset_cropped/09_Metas/04/17/20190904173300_00160.jpg,datasets_flow/dataset_cropped/09_Metas/04/17/20190904173300_00160.jpg,datasets_cloudmask/dataset_cropped/09_Metas/04/17/20190904173300_00160.png,98.8,0,98.7,26.9,961
9/4/2019 17:34,datasets/dataset_cropped/09_Metas/04/17/20190904173400_00160.jpg,datasets_flow/dataset_cropped/09_Metas/04/17/20190904173400_00160.jpg,datasets_cloudmask/dataset_cropped/09_Metas/04/17/20190904173400_00160.png,94.5,0,94.4,26.8,961
9/4/2019 17:35,datasets/dataset_cropped/09_Metas/04/17/20190904173500_00160.jpg,datasets_flow/dataset_cropped/09_Metas/04/17/20190904173500_00160.jpg,datasets_cloudmask/dataset_cropped/09_Metas/04/17/20190904173500_00160.png,94.1,0,94.1,26.7,961
9/4/2019 17:36,datasets/dataset_cropped/09_Metas/04/17/20190904173600_00160.jpg,datasets_flow/dataset_cropped/09_Metas/04/17/20190904173600_00160.jpg,datasets_cloudmask/dataset_cropped/09_Metas/04/17/20190904173600_00160.png,96.9,0,97,26.6,961
9/4/2019 17:37,datasets/dataset_cropped/09_Metas/04/17/20190904173700_00160.jpg,datasets_flow/dataset_cropped/09_Metas/04/17/20190904173700_00160.jpg,datasets_cloudmask/dataset_cropped/09_Metas/04/17/20190904173700_00160.png,100.5,0,100.4,26.4,961
9/4/2019 17:38,datasets/dataset_cropped/09_Metas/04/17/20190904173800_00160.jpg,datasets_flow/dataset_cropped/09_Metas/04/17/20190904173800_00160.jpg,datasets_cloudmask/dataset_cropped/09_Metas/04/17/20190904173800_00160.png,101.3,0,101.2,26.3,961
9/4/2019 17:39,datasets/dataset_cropped/09_Metas/04/17/20190904173900_00160.jpg,datasets_flow/dataset_cropped/09_Metas/04/17/20190904173900_00160.jpg,datasets_cloudmask/dataset_cropped/09_Metas/04/17/20190904173900_00160.png,101.3,0,101.3,26.3,961
9/4/2019 17:40,datasets/dataset_cropped/09_Metas/04/17/20190904174000_00160.jpg,datasets_flow/dataset_cropped/09_Metas/04/17/20190904174000_00160.jpg,datasets_cloudmask/dataset_cropped/09_Metas/04/17/20190904174000_00160.png,101,0,101.1,26.2,961
9/4/2019 17:41,datasets/dataset_cropped/09_Metas/04/17/20190904174100_00160.jpg,datasets_flow/dataset_cropped/09_Metas/04/17/20190904174100_00160.jpg,datasets_cloudmask/dataset_cropped/09_Metas/04/17/20190904174100_00160.png,101.5,0,101.5,26.2,961
9/4/2019 17:42,datasets/dataset_cropped/09_Metas/04/17/20190904174200_00160.jpg,datasets_flow/dataset_cropped/09_Metas/04/17/20190904174200_00160.jpg,datasets_cloudmask/dataset_cropped/09_Metas/04/17/20190904174200_00160.png,101.5,0,101.5,26.1,961
9/4/2019 17:43,datasets/dataset_cropped/09_Metas/04/17/20190904174300_00160.jpg,datasets_flow/dataset_cropped/09_Metas/04/17/20190904174300_00160.jpg,datasets_cloudmask/dataset_cropped/09_Metas/04/17/20190904174300_00160.png,100.6,0,100.7,26.1,961
9/4/2019 17:44,datasets/dataset_cropped/09_Metas/04/17/20190904174400_00160.jpg,datasets_flow/dataset_cropped/09_Metas/04/17/20190904174400_00160.jpg,datasets_cloudmask/dataset_cropped/09_Metas/04/17/20190904174400_00160.png,99.3,0,99.4,26,961
9/4/2019 17:45,datasets/dataset_cropped/09_Metas/04/17/20190904174500_00160.jpg,datasets_flow/dataset_cropped/09_Metas/04/17/20190904174500_00160.jpg,datasets_cloudmask/dataset_cropped/09_Metas/04/17/20190904174500_00160.png,97.4,0,97.6,25.9,961
9/4/2019 17:46,datasets/dataset_cropped/09_Metas/04/17/20190904174600_00160.jpg,datasets_flow/dataset_cropped/09_Metas/04/17/20190904174600_00160.jpg,datasets_cloudmask/dataset_cropped/09_Metas/04/17/20190904174600_00160.png,94.5,0,94.6,25.8,961
9/4/2019 17:47,datasets/dataset_cropped/09_Metas/04/17/20190904174700_00160.jpg,datasets_flow/dataset_cropped/09_Metas/04/17/20190904174700_00160.jpg,datasets_cloudmask/dataset_cropped/09_Metas/04/17/20190904174700_00160.png,89.5,0,89.6,25.8,961
9/4/2019 17:48,datasets/dataset_cropped/09_Metas/04/17/20190904174800_00160.jpg,datasets_flow/dataset_cropped/09_Metas/04/17/20190904174800_00160.jpg,datasets_cloudmask/dataset_cropped/09_Metas/04/17/20190904174800_00160.png,82.9,0,82.9,25.7,961
9/4/2019 17:49,datasets/dataset_cropped/09_Metas/04/17/20190904174900_00160.jpg,datasets_flow/dataset_cropped/09_Metas/04/17/20190904174900_00160.jpg,datasets_cloudmask/dataset_cropped/09_Metas/04/17/20190904174900_00160.png,75.7,0,75.8,25.6,961
9/4/2019 17:50,datasets/dataset_cropped/09_Metas/04/17/20190904175000_00160.jpg,datasets_flow/dataset_cropped/09_Metas/04/17/20190904175000_00160.jpg,datasets_cloudmask/dataset_cropped/09_Metas/04/17/20190904175000_00160.png,68.8,0,68.9,25.5,961
9/4/2019 17:51,datasets/dataset_cropped/09_Metas/04/17/20190904175100_00160.jpg,datasets_flow/dataset_cropped/09_Metas/04/17/20190904175100_00160.jpg,datasets_cloudmask/dataset_cropped/09_Metas/04/17/20190904175100_00160.png,62.3,0,62.5,25.5,961
9/4/2019 17:52,datasets/dataset_cropped/09_Metas/04/17/20190904175200_00160.jpg,datasets_flow/dataset_cropped/09_Metas/04/17/20190904175200_00160.jpg,datasets_cloudmask/dataset_cropped/09_Metas/04/17/20190904175200_00160.png,56.9,0,57.1,25.6,961
9/4/2019 17:53,datasets/dataset_cropped/09_Metas/04/17/20190904175300_00160.jpg,datasets_flow/dataset_cropped/09_Metas/04/17/20190904175300_00160.jpg,datasets_cloudmask/dataset_cropped/09_Metas/04/17/20190904175300_00160.png,51.5,0,51.8,25.7,961
9/4/2019 17:54,datasets/dataset_cropped/09_Metas/04/17/20190904175400_00160.jpg,datasets_flow/dataset_cropped/09_Metas/04/17/20190904175400_00160.jpg,datasets_cloudmask/dataset_cropped/09_Metas/04/17/20190904175400_00160.png,46.6,0,46.9,25.8,961
9/4/2019 17:55,datasets/dataset_cropped/09_Metas/04/17/20190904175500_00160.jpg,datasets_flow/dataset_cropped/09_Metas/04/17/20190904175500_00160.jpg,datasets_cloudmask/dataset_cropped/09_Metas/04/17/20190904175500_00160.png,42.8,0,43,25.7,961
9/4/2019 17:56,datasets/dataset_cropped/09_Metas/04/17/20190904175600_00160.jpg,datasets_flow/dataset_cropped/09_Metas/04/17/20190904175600_00160.jpg,datasets_cloudmask/dataset_cropped/09_Metas/04/17/20190904175600_00160.png,39.9,0,40.1,25.6,961
9/4/2019 17:57,datasets/dataset_cropped/09_Metas/04/17/20190904175700_00160.jpg,datasets_flow/dataset_cropped/09_Metas/04/17/20190904175700_00160.jpg,datasets_cloudmask/dataset_cropped/09_Metas/04/17/20190904175700_00160.png,37.4,0,37.5,25.6,961
9/4/2019 17:58,datasets/dataset_cropped/09_Metas/04/17/20190904175800_00160.jpg,datasets_flow/dataset_cropped/09_Metas/04/17/20190904175800_00160.jpg,datasets_cloudmask/dataset_cropped/09_Metas/04/17/20190904175800_00160.png,35.1,0,35.2,25.5,961
9/4/2019 17:59,datasets/dataset_cropped/09_Metas/04/17/20190904175900_00160.jpg,datasets_flow/dataset_cropped/09_Metas/04/17/20190904175900_00160.jpg,datasets_cloudmask/dataset_cropped/09_Metas/04/17/20190904175900_00160.png,33,0,33.1,25.5,961
9/4/2019 18:00,datasets/dataset_cropped/09_Metas/04/18/20190904180000_00160.jpg,datasets_flow/dataset_cropped/09_Metas/04/18/20190904180000_00160.jpg,datasets_cloudmask/dataset_cropped/09_Metas/04/18/20190904180000_00160.png,30.8,0,30.9,25.5,961
9/4/2019 18:01,datasets/dataset_cropped/09_Metas/04/18/20190904180100_00160.jpg,datasets_flow/dataset_cropped/09_Metas/04/18/20190904180100_00160.jpg,datasets_cloudmask/dataset_cropped/09_Metas/04/18/20190904180100_00160.png,28.5,0,28.6,25.5,961
9/4/2019 18:02,datasets/dataset_cropped/09_Metas/04/18/20190904180200_00160.jpg,datasets_flow/dataset_cropped/09_Metas/04/18/20190904180200_00160.jpg,datasets_cloudmask/dataset_cropped/09_Metas/04/18/20190904180200_00160.png,26.2,0,26.3,25.5,961
9/4/2019 18:03,datasets/dataset_cropped/09_Metas/04/18/20190904180300_00160.jpg,datasets_flow/dataset_cropped/09_Metas/04/18/20190904180300_00160.jpg,datasets_cloudmask/dataset_cropped/09_Metas/04/18/20190904180300_00160.png,24.4,0,24.5,25.5,961
9/4/2019 18:04,datasets/dataset_cropped/09_Metas/04/18/20190904180400_00160.jpg,datasets_flow/dataset_cropped/09_Metas/04/18/20190904180400_00160.jpg,datasets_cloudmask/dataset_cropped/09_Metas/04/18/20190904180400_00160.png,23.1,0,23.3,25.5,961
9/4/2019 18:05,datasets/dataset_cropped/09_Metas/04/18/20190904180500_00160.jpg,datasets_flow/dataset_cropped/09_Metas/04/18/20190904180500_00160.jpg,datasets_cloudmask/dataset_cropped/09_Metas/04/18/20190904180500_00160.png,22,0,22.1,25.5,961
9/4/2019 18:06,datasets/dataset_cropped/09_Metas/04/18/20190904180600_00160.jpg,datasets_flow/dataset_cropped/09_Metas/04/18/20190904180600_00160.jpg,datasets_cloudmask/dataset_cropped/09_Metas/04/18/20190904180600_00160.png,21.1,0,21.2,25.5,961
9/4/2019 18:07,datasets/dataset_cropped/09_Metas/04/18/20190904180700_00160.jpg,datasets_flow/dataset_cropped/09_Metas/04/18/20190904180700_00160.jpg,datasets_cloudmask/dataset_cropped/09_Metas/04/18/20190904180700_00160.png,20,0.1,20.2,25.6,961
9/4/2019 18:08,datasets/dataset_cropped/09_Metas/04/18/20190904180800_00160.jpg,datasets_flow/dataset_cropped/09_Metas/04/18/20190904180800_00160.jpg,datasets_cloudmask/dataset_cropped/09_Metas/04/18/20190904180800_00160.png,18.8,0.2,18.9,25.7,961
9/4/2019 18:09,datasets/dataset_cropped/09_Metas/04/18/20190904180900_00160.jpg,datasets_flow/dataset_cropped/09_Metas/04/18/20190904180900_00160.jpg,datasets_cloudmask/dataset_cropped/09_Metas/04/18/20190904180900_00160.png,17.5,0.2,17.6,25.8,961
9/4/2019 18:10,datasets/dataset_cropped/09_Metas/04/18/20190904181000_00160.jpg,datasets_flow/dataset_cropped/09_Metas/04/18/20190904181000_00160.jpg,datasets_cloudmask/dataset_cropped/09_Metas/04/18/20190904181000_00160.png,16.1,0.1,16.3,25.8,961
9/4/2019 18:11,datasets/dataset_cropped/09_Metas/04/18/20190904181100_00160.jpg,datasets_flow/dataset_cropped/09_Metas/04/18/20190904181100_00160.jpg,datasets_cloudmask/dataset_cropped/09_Metas/04/18/20190904181100_00160.png,15.1,0,15.2,25.8,961
9/4/2019 18:12,datasets/dataset_cropped/09_Metas/04/18/20190904181200_00160.jpg,datasets_flow/dataset_cropped/09_Metas/04/18/20190904181200_00160.jpg,datasets_cloudmask/dataset_cropped/09_Metas/04/18/20190904181200_00160.png,14,0,14.2,25.7,961
9/4/2019 18:13,datasets/dataset_cropped/09_Metas/04/18/20190904181300_00160.jpg,datasets_flow/dataset_cropped/09_Metas/04/18/20190904181300_00160.jpg,datasets_cloudmask/dataset_cropped/09_Metas/04/18/20190904181300_00160.png,13.1,0,13.3,25.7,961
9/4/2019 18:14,datasets/dataset_cropped/09_Metas/04/18/20190904181400_00160.jpg,datasets_flow/dataset_cropped/09_Metas/04/18/20190904181400_00160.jpg,datasets_cloudmask/dataset_cropped/09_Metas/04/18/20190904181400_00160.png,12.1,0,12.2,25.7,961
9/4/2019 18:15,datasets/dataset_cropped/09_Metas/04/18/20190904181500_00160.jpg,datasets_flow/dataset_cropped/09_Metas/04/18/20190904181500_00160.jpg,datasets_cloudmask/dataset_cropped/09_Metas/04/18/20190904181500_00160.png,11.8,0,11.8,25.7,961
9/4/2019 18:16,datasets/dataset_cropped/09_Metas/04/18/20190904181600_00160.jpg,datasets_flow/dataset_cropped/09_Metas/04/18/20190904181600_00160.jpg,datasets_cloudmask/dataset_cropped/09_Metas/04/18/20190904181600_00160.png,11.7,0,11.7,25.6,961
9/4/2019 18:17,datasets/dataset_cropped/09_Metas/04/18/20190904181700_00160.jpg,datasets_flow/dataset_cropped/09_Metas/04/18/20190904181700_00160.jpg,datasets_cloudmask/dataset_cropped/09_Metas/04/18/20190904181700_00160.png,11.9,0,12,25.6,961
9/4/2019 18:18,datasets/dataset_cropped/09_Metas/04/18/20190904181800_00160.jpg,datasets_flow/dataset_cropped/09_Metas/04/18/20190904181800_00160.jpg,datasets_cloudmask/dataset_cropped/09_Metas/04/18/20190904181800_00160.png,12.2,0,12.2,25.5,961
9/4/2019 18:19,datasets/dataset_cropped/09_Metas/04/18/20190904181900_00160.jpg,datasets_flow/dataset_cropped/09_Metas/04/18/20190904181900_00160.jpg,datasets_cloudmask/dataset_cropped/09_Metas/04/18/20190904181900_00160.png,12.1,0,12.1,25.6,961
9/4/2019 18:20,datasets/dataset_cropped/09_Metas/04/18/20190904182000_00160.jpg,datasets_flow/dataset_cropped/09_Metas/04/18/20190904182000_00160.jpg,datasets_cloudmask/dataset_cropped/09_Metas/04/18/20190904182000_00160.png,12.1,0,12.2,25.6,961
9/4/2019 18:21,datasets/dataset_cropped/09_Metas/04/18/20190904182100_00160.jpg,datasets_flow/dataset_cropped/09_Metas/04/18/20190904182100_00160.jpg,datasets_cloudmask/dataset_cropped/09_Metas/04/18/20190904182100_00160.png,12,0,12.1,25.5,961
9/4/2019 18:22,datasets/dataset_cropped/09_Metas/04/18/20190904182200_00160.jpg,datasets_flow/dataset_cropped/09_Metas/04/18/20190904182200_00160.jpg,datasets_cloudmask/dataset_cropped/09_Metas/04/18/20190904182200_00160.png,12.1,0,12.1,25.5,961
9/4/2019 18:23,datasets/dataset_cropped/09_Metas/04/18/20190904182300_00160.jpg,datasets_flow/dataset_cropped/09_Metas/04/18/20190904182300_00160.jpg,datasets_cloudmask/dataset_cropped/09_Metas/04/18/20190904182300_00160.png,12.5,0,12.5,25.5,961
9/4/2019 18:24,datasets/dataset_cropped/09_Metas/04/18/20190904182400_00160.jpg,datasets_flow/dataset_cropped/09_Metas/04/18/20190904182400_00160.jpg,datasets_cloudmask/dataset_cropped/09_Metas/04/18/20190904182400_00160.png,13,0,13,25.5,961
9/4/2019 18:25,datasets/dataset_cropped/09_Metas/04/18/20190904182500_00160.jpg,datasets_flow/dataset_cropped/09_Metas/04/18/20190904182500_00160.jpg,datasets_cloudmask/dataset_cropped/09_Metas/04/18/20190904182500_00160.png,13.6,0,13.7,25.4,961
9/4/2019 18:26,datasets/dataset_cropped/09_Metas/04/18/20190904182600_00160.jpg,datasets_flow/dataset_cropped/09_Metas/04/18/20190904182600_00160.jpg,datasets_cloudmask/dataset_cropped/09_Metas/04/18/20190904182600_00160.png,14.5,0,14.6,25.4,961
9/4/2019 18:27,datasets/dataset_cropped/09_Metas/04/18/20190904182700_00160.jpg,datasets_flow/dataset_cropped/09_Metas/04/18/20190904182700_00160.jpg,datasets_cloudmask/dataset_cropped/09_Metas/04/18/20190904182700_00160.png,15.4,0,15.4,25.4,961
9/4/2019 18:28,datasets/dataset_cropped/09_Metas/04/18/20190904182800_00160.jpg,datasets_flow/dataset_cropped/09_Metas/04/18/20190904182800_00160.jpg,datasets_cloudmask/dataset_cropped/09_Metas/04/18/20190904182800_00160.png,16.4,0,16.4,25.4,961
9/4/2019 18:29,datasets/dataset_cropped/09_Metas/04/18/20190904182900_00160.jpg,datasets_flow/dataset_cropped/09_Metas/04/18/20190904182900_00160.jpg,datasets_cloudmask/dataset_cropped/09_Metas/04/18/20190904182900_00160.png,17.4,0,17.4,25.4,961
9/4/2019 18:30,datasets/dataset_cropped/09_Metas/04/18/20190904183000_00160.jpg,datasets_flow/dataset_cropped/09_Metas/04/18/20190904183000_00160.jpg,datasets_cloudmask/dataset_cropped/09_Metas/04/18/20190904183000_00160.png,18.2,0,18.3,25.4,961
9/4/2019 18:31,datasets/dataset_cropped/09_Metas/04/18/20190904183100_00160.jpg,datasets_flow/dataset_cropped/09_Metas/04/18/20190904183100_00160.jpg,datasets_cloudmask/dataset_cropped/09_Metas/04/18/20190904183100_00160.png,18.7,0,18.8,25.3,961
9/4/2019 18:32,datasets/dataset_cropped/09_Metas/04/18/20190904183200_00160.jpg,datasets_flow/dataset_cropped/09_Metas/04/18/20190904183200_00160.jpg,datasets_cloudmask/dataset_cropped/09_Metas/04/18/20190904183200_00160.png,18.9,0,18.9,25.2,961
9/4/2019 18:33,datasets/dataset_cropped/09_Metas/04/18/20190904183300_00160.jpg,datasets_flow/dataset_cropped/09_Metas/04/18/20190904183300_00160.jpg,datasets_cloudmask/dataset_cropped/09_Metas/04/18/20190904183300_00160.png,19.2,0,19.1,25.2,961
9/4/2019 18:34,datasets/dataset_cropped/09_Metas/04/18/20190904183400_00160.jpg,datasets_flow/dataset_cropped/09_Metas/04/18/20190904183400_00160.jpg,datasets_cloudmask/dataset_cropped/09_Metas/04/18/20190904183400_00160.png,19.3,0,19.3,25.2,961
9/4/2019 18:35,datasets/dataset_cropped/09_Metas/04/18/20190904183500_00160.jpg,datasets_flow/dataset_cropped/09_Metas/04/18/20190904183500_00160.jpg,datasets_cloudmask/dataset_cropped/09_Metas/04/18/20190904183500_00160.png,19.1,0,19.1,25.2,961
9/4/2019 18:36,datasets/dataset_cropped/09_Metas/04/18/20190904183600_00160.jpg,datasets_flow/dataset_cropped/09_Metas/04/18/20190904183600_00160.jpg,datasets_cloudmask/dataset_cropped/09_Metas/04/18/20190904183600_00160.png,18.8,0,18.8,25.1,961
9/4/2019 18:37,datasets/dataset_cropped/09_Metas/04/18/20190904183700_00160.jpg,datasets_flow/dataset_cropped/09_Metas/04/18/20190904183700_00160.jpg,datasets_cloudmask/dataset_cropped/09_Metas/04/18/20190904183700_00160.png,18.2,0,18.2,25.1,961
9/4/2019 18:38,datasets/dataset_cropped/09_Metas/04/18/20190904183800_00160.jpg,datasets_flow/dataset_cropped/09_Metas/04/18/20190904183800_00160.jpg,datasets_cloudmask/dataset_cropped/09_Metas/04/18/20190904183800_00160.png,17.6,0,17.5,25.1,961
9/4/2019 18:39,datasets/dataset_cropped/09_Metas/04/18/20190904183900_00160.jpg,datasets_flow/dataset_cropped/09_Metas/04/18/20190904183900_00160.jpg,datasets_cloudmask/dataset_cropped/09_Metas/04/18/20190904183900_00160.png,16.8,0,16.8,25,961
9/4/2019 18:40,datasets/dataset_cropped/09_Metas/04/18/20190904184000_00160.jpg,datasets_flow/dataset_cropped/09_Metas/04/18/20190904184000_00160.jpg,datasets_cloudmask/dataset_cropped/09_Metas/04/18/20190904184000_00160.png,15.8,0,15.7,25,961
9/4/2019 18:41,datasets/dataset_cropped/09_Metas/04/18/20190904184100_00160.jpg,datasets_flow/dataset_cropped/09_Metas/04/18/20190904184100_00160.jpg,datasets_cloudmask/dataset_cropped/09_Metas/04/18/20190904184100_00160.png,15.2,0,15.1,25,961
9/4/2019 18:42,datasets/dataset_cropped/09_Metas/04/18/20190904184200_00160.jpg,datasets_flow/dataset_cropped/09_Metas/04/18/20190904184200_00160.jpg,datasets_cloudmask/dataset_cropped/09_Metas/04/18/20190904184200_00160.png,14.9,0,14.8,24.9,961
9/4/2019 18:43,datasets/dataset_cropped/09_Metas/04/18/20190904184300_00160.jpg,datasets_flow/dataset_cropped/09_Metas/04/18/20190904184300_00160.jpg,datasets_cloudmask/dataset_cropped/09_Metas/04/18/20190904184300_00160.png,14.7,0,14.5,24.9,961
9/4/2019 18:44,datasets/dataset_cropped/09_Metas/04/18/20190904184400_00160.jpg,datasets_flow/dataset_cropped/09_Metas/04/18/20190904184400_00160.jpg,datasets_cloudmask/dataset_cropped/09_Metas/04/18/20190904184400_00160.png,14.4,0,14.3,24.8,961
9/4/2019 18:45,datasets/dataset_cropped/09_Metas/04/18/20190904184500_00160.jpg,datasets_flow/dataset_cropped/09_Metas/04/18/20190904184500_00160.jpg,datasets_cloudmask/dataset_cropped/09_Metas/04/18/20190904184500_00160.png,14.2,0,14.1,24.7,961
9/4/2019 18:46,datasets/dataset_cropped/09_Metas/04/18/20190904184600_00160.jpg,datasets_flow/dataset_cropped/09_Metas/04/18/20190904184600_00160.jpg,datasets_cloudmask/dataset_cropped/09_Metas/04/18/20190904184600_00160.png,14,0,13.9,24.7,961
9/4/2019 18:47,datasets/dataset_cropped/09_Metas/04/18/20190904184700_00160.jpg,datasets_flow/dataset_cropped/09_Metas/04/18/20190904184700_00160.jpg,datasets_cloudmask/dataset_cropped/09_Metas/04/18/20190904184700_00160.png,13.8,0,13.7,24.7,961
9/4/2019 18:48,datasets/dataset_cropped/09_Metas/04/18/20190904184800_00160.jpg,datasets_flow/dataset_cropped/09_Metas/04/18/20190904184800_00160.jpg,datasets_cloudmask/dataset_cropped/09_Metas/04/18/20190904184800_00160.png,13.5,0,13.4,24.6,961
9/4/2019 18:49,datasets/dataset_cropped/09_Metas/04/18/20190904184900_00160.jpg,datasets_flow/dataset_cropped/09_Metas/04/18/20190904184900_00160.jpg,datasets_cloudmask/dataset_cropped/09_Metas/04/18/20190904184900_00160.png,13.3,0,13.2,24.6,961
9/4/2019 18:50,datasets/dataset_cropped/09_Metas/04/18/20190904185000_00160.jpg,datasets_flow/dataset_cropped/09_Metas/04/18/20190904185000_00160.jpg,datasets_cloudmask/dataset_cropped/09_Metas/04/18/20190904185000_00160.png,13,0,12.8,24.6,961
9/4/2019 18:51,datasets/dataset_cropped/09_Metas/04/18/20190904185100_00160.jpg,datasets_flow/dataset_cropped/09_Metas/04/18/20190904185100_00160.jpg,datasets_cloudmask/dataset_cropped/09_Metas/04/18/20190904185100_00160.png,12.6,0,12.5,24.5,961
9/4/2019 18:52,datasets/dataset_cropped/09_Metas/04/18/20190904185200_00160.jpg,datasets_flow/dataset_cropped/09_Metas/04/18/20190904185200_00160.jpg,datasets_cloudmask/dataset_cropped/09_Metas/04/18/20190904185200_00160.png,12.3,0,12.1,24.5,961
9/4/2019 18:53,datasets/dataset_cropped/09_Metas/04/18/20190904185300_00160.jpg,datasets_flow/dataset_cropped/09_Metas/04/18/20190904185300_00160.jpg,datasets_cloudmask/dataset_cropped/09_Metas/04/18/20190904185300_00160.png,11.9,0,11.8,24.4,961
9/4/2019 18:54,datasets/dataset_cropped/09_Metas/04/18/20190904185400_00160.jpg,datasets_flow/dataset_cropped/09_Metas/04/18/20190904185400_00160.jpg,datasets_cloudmask/dataset_cropped/09_Metas/04/18/20190904185400_00160.png,11.6,0,11.5,24.4,961
9/4/2019 18:55,datasets/dataset_cropped/09_Metas/04/18/20190904185500_00160.jpg,datasets_flow/dataset_cropped/09_Metas/04/18/20190904185500_00160.jpg,datasets_cloudmask/dataset_cropped/09_Metas/04/18/20190904185500_00160.png,11.3,0,11.2,24.4,961
9/4/2019 18:56,datasets/dataset_cropped/09_Metas/04/18/20190904185600_00160.jpg,datasets_flow/dataset_cropped/09_Metas/04/18/20190904185600_00160.jpg,datasets_cloudmask/dataset_cropped/09_Metas/04/18/20190904185600_00160.png,11,0,10.8,24.3,961
9/4/2019 18:57,datasets/dataset_cropped/09_Metas/04/18/20190904185700_00160.jpg,datasets_flow/dataset_cropped/09_Metas/04/18/20190904185700_00160.jpg,datasets_cloudmask/dataset_cropped/09_Metas/04/18/20190904185700_00160.png,10.7,0,10.6,24.3,961
9/4/2019 18:58,datasets/dataset_cropped/09_Metas/04/18/20190904185800_00160.jpg,datasets_flow/dataset_cropped/09_Metas/04/18/20190904185800_00160.jpg,datasets_cloudmask/dataset_cropped/09_Metas/04/18/20190904185800_00160.png,10.4,0,10.3,24.2,961
9/4/2019 18:59,datasets/dataset_cropped/09_Metas/04/18/20190904185900_00160.jpg,datasets_flow/dataset_cropped/09_Metas/04/18/20190904185900_00160.jpg,datasets_cloudmask/dataset_cropped/09_Metas/04/18/20190904185900_00160.png,10.1,0,9.9,24.2,961
9/4/2019 19:00,datasets/dataset_cropped/09_Metas/04/19/20190904190000_00160.jpg,datasets_flow/dataset_cropped/09_Metas/04/19/20190904190000_00160.jpg,datasets_cloudmask/dataset_cropped/09_Metas/04/19/20190904190000_00160.png,9.8,0,9.6,24.1,961
9/4/2019 19:01,datasets/dataset_cropped/09_Metas/04/19/20190904190100_00160.jpg,datasets_flow/dataset_cropped/09_Metas/04/19/20190904190100_00160.jpg,datasets_cloudmask/dataset_cropped/09_Metas/04/19/20190904190100_00160.png,9.6,0,9.4,24.1,961
9/4/2019 19:02,datasets/dataset_cropped/09_Metas/04/19/20190904190200_00160.jpg,datasets_flow/dataset_cropped/09_Metas/04/19/20190904190200_00160.jpg,datasets_cloudmask/dataset_cropped/09_Metas/04/19/20190904190200_00160.png,9.3,0,9.2,24,961
9/4/2019 19:03,datasets/dataset_cropped/09_Metas/04/19/20190904190300_00160.jpg,datasets_flow/dataset_cropped/09_Metas/04/19/20190904190300_00160.jpg,datasets_cloudmask/dataset_cropped/09_Metas/04/19/20190904190300_00160.png,9.1,0,9,24,961
9/4/2019 19:04,datasets/dataset_cropped/09_Metas/04/19/20190904190400_00160.jpg,datasets_flow/dataset_cropped/09_Metas/04/19/20190904190400_00160.jpg,datasets_cloudmask/dataset_cropped/09_Metas/04/19/20190904190400_00160.png,8.9,0,8.9,24,961
9/4/2019 19:05,datasets/dataset_cropped/09_Metas/04/19/20190904190500_00160.jpg,datasets_flow/dataset_cropped/09_Metas/04/19/20190904190500_00160.jpg,datasets_cloudmask/dataset_cropped/09_Metas/04/19/20190904190500_00160.png,8.8,0,8.8,24,961
9/4/2019 19:06,datasets/dataset_cropped/09_Metas/04/19/20190904190600_00160.jpg,datasets_flow/dataset_cropped/09_Metas/04/19/20190904190600_00160.jpg,datasets_cloudmask/dataset_cropped/09_Metas/04/19/20190904190600_00160.png,8.8,0,8.8,24,961
9/4/2019 19:07,datasets/dataset_cropped/09_Metas/04/19/20190904190700_00160.jpg,datasets_flow/dataset_cropped/09_Metas/04/19/20190904190700_00160.jpg,datasets_cloudmask/dataset_cropped/09_Metas/04/19/20190904190700_00160.png,8.7,0,8.7,24,961
9/4/2019 19:08,datasets/dataset_cropped/09_Metas/04/19/20190904190800_00160.jpg,datasets_flow/dataset_cropped/09_Metas/04/19/20190904190800_00160.jpg,datasets_cloudmask/dataset_cropped/09_Metas/04/19/20190904190800_00160.png,8.6,0,8.6,24,961
9/4/2019 19:09,datasets/dataset_cropped/09_Metas/04/19/20190904190900_00160.jpg,datasets_flow/dataset_cropped/09_Metas/04/19/20190904190900_00160.jpg,datasets_cloudmask/dataset_cropped/09_Metas/04/19/20190904190900_00160.png,8.5,0,8.4,24,961
9/4/2019 19:10,datasets/dataset_cropped/09_Metas/04/19/20190904191000_00160.jpg,datasets_flow/dataset_cropped/09_Metas/04/19/20190904191000_00160.jpg,datasets_cloudmask/dataset_cropped/09_Metas/04/19/20190904191000_00160.png,8.3,0,8.2,23.9,961
9/4/2019 19:11,datasets/dataset_cropped/09_Metas/04/19/20190904191100_00160.jpg,datasets_flow/dataset_cropped/09_Metas/04/19/20190904191100_00160.jpg,datasets_cloudmask/dataset_cropped/09_Metas/04/19/20190904191100_00160.png,8,0,8,23.9,961
9/4/2019 19:12,datasets/dataset_cropped/09_Metas/04/19/20190904191200_00160.jpg,datasets_flow/dataset_cropped/09_Metas/04/19/20190904191200_00160.jpg,datasets_cloudmask/dataset_cropped/09_Metas/04/19/20190904191200_00160.png,7.8,0,7.8,23.9,961
9/4/2019 19:13,datasets/dataset_cropped/09_Metas/04/19/20190904191300_00160.jpg,datasets_flow/dataset_cropped/09_Metas/04/19/20190904191300_00160.jpg,datasets_cloudmask/dataset_cropped/09_Metas/04/19/20190904191300_00160.png,7.6,0,7.6,24,961
9/4/2019 19:14,datasets/dataset_cropped/09_Metas/04/19/20190904191400_00160.jpg,datasets_flow/dataset_cropped/09_Metas/04/19/20190904191400_00160.jpg,datasets_cloudmask/dataset_cropped/09_Metas/04/19/20190904191400_00160.png,7.3,0,7.3,23.9,961
9/4/2019 19:15,datasets/dataset_cropped/09_Metas/04/19/20190904191500_00160.jpg,datasets_flow/dataset_cropped/09_Metas/04/19/20190904191500_00160.jpg,datasets_cloudmask/dataset_cropped/09_Metas/04/19/20190904191500_00160.png,7,0,7,23.9,961
9/4/2019 19:16,datasets/dataset_cropped/09_Metas/04/19/20190904191600_00160.jpg,datasets_flow/dataset_cropped/09_Metas/04/19/20190904191600_00160.jpg,datasets_cloudmask/dataset_cropped/09_Metas/04/19/20190904191600_00160.png,6.7,0,6.7,23.9,961
9/4/2019 19:17,datasets/dataset_cropped/09_Metas/04/19/20190904191700_00160.jpg,datasets_flow/dataset_cropped/09_Metas/04/19/20190904191700_00160.jpg,datasets_cloudmask/dataset_cropped/09_Metas/04/19/20190904191700_00160.png,6.4,0,6.4,23.9,961
9/4/2019 19:18,datasets/dataset_cropped/09_Metas/04/19/20190904191800_00160.jpg,datasets_flow/dataset_cropped/09_Metas/04/19/20190904191800_00160.jpg,datasets_cloudmask/dataset_cropped/09_Metas/04/19/20190904191800_00160.png,6.1,0,6.1,23.9,961
9/4/2019 19:19,datasets/dataset_cropped/09_Metas/04/19/20190904191900_00160.jpg,datasets_flow/dataset_cropped/09_Metas/04/19/20190904191900_00160.jpg,datasets_cloudmask/dataset_cropped/09_Metas/04/19/20190904191900_00160.png,5.8,0,5.8,24,961
9/4/2019 19:20,datasets/dataset_cropped/09_Metas/04/19/20190904192000_00160.jpg,datasets_flow/dataset_cropped/09_Metas/04/19/20190904192000_00160.jpg,datasets_cloudmask/dataset_cropped/09_Metas/04/19/20190904192000_00160.png,5.4,0,5.4,24,961
9/4/2019 19:21,datasets/dataset_cropped/09_Metas/04/19/20190904192100_00160.jpg,datasets_flow/dataset_cropped/09_Metas/04/19/20190904192100_00160.jpg,datasets_cloudmask/dataset_cropped/09_Metas/04/19/20190904192100_00160.png,5.1,0,5.1,24,961
9/4/2019 19:22,datasets/dataset_cropped/09_Metas/04/19/20190904192200_00160.jpg,datasets_flow/dataset_cropped/09_Metas/04/19/20190904192200_00160.jpg,datasets_cloudmask/dataset_cropped/09_Metas/04/19/20190904192200_00160.png,4.7,0,4.7,24,961
9/4/2019 19:23,datasets/dataset_cropped/09_Metas/04/19/20190904192300_00160.jpg,datasets_flow/dataset_cropped/09_Metas/04/19/20190904192300_00160.jpg,datasets_cloudmask/dataset_cropped/09_Metas/04/19/20190904192300_00160.png,4.4,0,4.4,24,961
9/4/2019 19:24,datasets/dataset_cropped/09_Metas/04/19/20190904192400_00160.jpg,datasets_flow/dataset_cropped/09_Metas/04/19/20190904192400_00160.jpg,datasets_cloudmask/dataset_cropped/09_Metas/04/19/20190904192400_00160.png,4.1,0,4.1,24,961
9/4/2019 19:25,datasets/dataset_cropped/09_Metas/04/19/20190904192500_00160.jpg,datasets_flow/dataset_cropped/09_Metas/04/19/20190904192500_00160.jpg,datasets_cloudmask/dataset_cropped/09_Metas/04/19/20190904192500_00160.png,3.8,0,3.8,24,961
9/4/2019 19:26,datasets/dataset_cropped/09_Metas/04/19/20190904192600_00160.jpg,datasets_flow/dataset_cropped/09_Metas/04/19/20190904192600_00160.jpg,datasets_cloudmask/dataset_cropped/09_Metas/04/19/20190904192600_00160.png,3.4,0,3.5,24,961
9/4/2019 19:27,datasets/dataset_cropped/09_Metas/04/19/20190904192700_00160.jpg,datasets_flow/dataset_cropped/09_Metas/04/19/20190904192700_00160.jpg,datasets_cloudmask/dataset_cropped/09_Metas/04/19/20190904192700_00160.png,3.1,0,3.1,24,961
9/4/2019 19:28,datasets/dataset_cropped/09_Metas/04/19/20190904192800_00160.jpg,datasets_flow/dataset_cropped/09_Metas/04/19/20190904192800_00160.jpg,datasets_cloudmask/dataset_cropped/09_Metas/04/19/20190904192800_00160.png,2.7,0,2.7,24,961
9/4/2019 19:29,datasets/dataset_cropped/09_Metas/04/19/20190904192900_00160.jpg,datasets_flow/dataset_cropped/09_Metas/04/19/20190904192900_00160.jpg,datasets_cloudmask/dataset_cropped/09_Metas/04/19/20190904192900_00160.png,2.4,0,2.4,24,961
9/4/2019 19:30,datasets/dataset_cropped/09_Metas/04/19/20190904193000_00160.jpg,datasets_flow/dataset_cropped/09_Metas/04/19/20190904193000_00160.jpg,datasets_cloudmask/dataset_cropped/09_Metas/04/19/20190904193000_00160.png,2.1,0,2.1,24,961
9/4/2019 19:31,datasets/dataset_cropped/09_Metas/04/19/20190904193100_00160.jpg,datasets_flow/dataset_cropped/09_Metas/04/19/20190904193100_00160.jpg,datasets_cloudmask/dataset_cropped/09_Metas/04/19/20190904193100_00160.png,1.8,0,1.8,24.1,961
9/4/2019 19:32,datasets/dataset_cropped/09_Metas/04/19/20190904193200_00160.jpg,datasets_flow/dataset_cropped/09_Metas/04/19/20190904193200_00160.jpg,datasets_cloudmask/dataset_cropped/09_Metas/04/19/20190904193200_00160.png,1.4,0,1.4,24.1,961
9/5/2019 6:45,datasets/dataset_cropped/09_Metas/05/06/20190905064500_00160.jpg,datasets_flow/dataset_cropped/09_Metas/05/06/20190905064500_00160.jpg,datasets_cloudmask/dataset_cropped/09_Metas/05/06/20190905064500_00160.png,1.6,0,1.7,22.4,961
9/5/2019 6:46,datasets/dataset_cropped/09_Metas/05/06/20190905064600_00160.jpg,datasets_flow/dataset_cropped/09_Metas/05/06/20190905064600_00160.jpg,datasets_cloudmask/dataset_cropped/09_Metas/05/06/20190905064600_00160.png,2,0,2,22.4,961
9/5/2019 6:47,datasets/dataset_cropped/09_Metas/05/06/20190905064700_00160.jpg,datasets_flow/dataset_cropped/09_Metas/05/06/20190905064700_00160.jpg,datasets_cloudmask/dataset_cropped/09_Metas/05/06/20190905064700_00160.png,2.3,0,2.3,22.4,961
9/5/2019 6:48,datasets/dataset_cropped/09_Metas/05/06/20190905064800_00160.jpg,datasets_flow/dataset_cropped/09_Metas/05/06/20190905064800_00160.jpg,datasets_cloudmask/dataset_cropped/09_Metas/05/06/20190905064800_00160.png,2.5,0,2.5,22.4,961
9/5/2019 6:49,datasets/dataset_cropped/09_Metas/05/06/20190905064900_00160.jpg,datasets_flow/dataset_cropped/09_Metas/05/06/20190905064900_00160.jpg,datasets_cloudmask/dataset_cropped/09_Metas/05/06/20190905064900_00160.png,2.9,0,2.9,22.4,961
9/5/2019 6:50,datasets/dataset_cropped/09_Metas/05/06/20190905065000_00160.jpg,datasets_flow/dataset_cropped/09_Metas/05/06/20190905065000_00160.jpg,datasets_cloudmask/dataset_cropped/09_Metas/05/06/20190905065000_00160.png,3.5,0,3.4,22.4,961
9/5/2019 6:51,datasets/dataset_cropped/09_Metas/05/06/20190905065100_00160.jpg,datasets_flow/dataset_cropped/09_Metas/05/06/20190905065100_00160.jpg,datasets_cloudmask/dataset_cropped/09_Metas/05/06/20190905065100_00160.png,4.1,0,4.1,22.4,961
9/5/2019 6:52,datasets/dataset_cropped/09_Metas/05/06/20190905065200_00160.jpg,datasets_flow/dataset_cropped/09_Metas/05/06/20190905065200_00160.jpg,datasets_cloudmask/dataset_cropped/09_Metas/05/06/20190905065200_00160.png,4.7,0,4.7,22.4,961
9/5/2019 6:53,datasets/dataset_cropped/09_Metas/05/06/20190905065300_00160.jpg,datasets_flow/dataset_cropped/09_Metas/05/06/20190905065300_00160.jpg,datasets_cloudmask/dataset_cropped/09_Metas/05/06/20190905065300_00160.png,5.3,0,5.3,22.4,961
9/5/2019 6:54,datasets/dataset_cropped/09_Metas/05/06/20190905065400_00160.jpg,datasets_flow/dataset_cropped/09_Metas/05/06/20190905065400_00160.jpg,datasets_cloudmask/dataset_cropped/09_Metas/05/06/20190905065400_00160.png,5.9,0,6,22.4,961
9/5/2019 6:55,datasets/dataset_cropped/09_Metas/05/06/20190905065500_00160.jpg,datasets_flow/dataset_cropped/09_Metas/05/06/20190905065500_00160.jpg,datasets_cloudmask/dataset_cropped/09_Metas/05/06/20190905065500_00160.png,6.6,0,6.6,22.4,961
9/5/2019 6:56,datasets/dataset_cropped/09_Metas/05/06/20190905065600_00160.jpg,datasets_flow/dataset_cropped/09_Metas/05/06/20190905065600_00160.jpg,datasets_cloudmask/dataset_cropped/09_Metas/05/06/20190905065600_00160.png,7.3,0,7.4,22.4,961
9/5/2019 6:57,datasets/dataset_cropped/09_Metas/05/06/20190905065700_00160.jpg,datasets_flow/dataset_cropped/09_Metas/05/06/20190905065700_00160.jpg,datasets_cloudmask/dataset_cropped/09_Metas/05/06/20190905065700_00160.png,8.2,0,8.2,22.4,961
9/5/2019 6:58,datasets/dataset_cropped/09_Metas/05/06/20190905065800_00160.jpg,datasets_flow/dataset_cropped/09_Metas/05/06/20190905065800_00160.jpg,datasets_cloudmask/dataset_cropped/09_Metas/05/06/20190905065800_00160.png,9.1,0,9.2,22.4,961
9/5/2019 6:59,datasets/dataset_cropped/09_Metas/05/06/20190905065900_00160.jpg,datasets_flow/dataset_cropped/09_Metas/05/06/20190905065900_00160.jpg,datasets_cloudmask/dataset_cropped/09_Metas/05/06/20190905065900_00160.png,10.1,0,10.1,22.4,961
9/5/2019 7:00,datasets/dataset_cropped/09_Metas/05/07/20190905070000_00160.jpg,datasets_flow/dataset_cropped/09_Metas/05/07/20190905070000_00160.jpg,datasets_cloudmask/dataset_cropped/09_Metas/05/07/20190905070000_00160.png,11.2,0,11.2,22.4,961
9/5/2019 7:01,datasets/dataset_cropped/09_Metas/05/07/20190905070100_00160.jpg,datasets_flow/dataset_cropped/09_Metas/05/07/20190905070100_00160.jpg,datasets_cloudmask/dataset_cropped/09_Metas/05/07/20190905070100_00160.png,12.2,0,12.3,22.4,961
9/5/2019 7:02,datasets/dataset_cropped/09_Metas/05/07/20190905070200_00160.jpg,datasets_flow/dataset_cropped/09_Metas/05/07/20190905070200_00160.jpg,datasets_cloudmask/dataset_cropped/09_Metas/05/07/20190905070200_00160.png,13.2,0,13.2,22.4,961
9/5/2019 7:03,datasets/dataset_cropped/09_Metas/05/07/20190905070300_00160.jpg,datasets_flow/dataset_cropped/09_Metas/05/07/20190905070300_00160.jpg,datasets_cloudmask/dataset_cropped/09_Metas/05/07/20190905070300_00160.png,13.9,0,13.9,22.4,961
9/5/2019 7:04,datasets/dataset_cropped/09_Metas/05/07/20190905070400_00160.jpg,datasets_flow/dataset_cropped/09_Metas/05/07/20190905070400_00160.jpg,datasets_cloudmask/dataset_cropped/09_Metas/05/07/20190905070400_00160.png,14.6,0,14.6,22.4,961
9/5/2019 7:05,datasets/dataset_cropped/09_Metas/05/07/20190905070500_00160.jpg,datasets_flow/dataset_cropped/09_Metas/05/07/20190905070500_00160.jpg,datasets_cloudmask/dataset_cropped/09_Metas/05/07/20190905070500_00160.png,15.4,0,15.5,22.4,961
9/5/2019 7:06,datasets/dataset_cropped/09_Metas/05/07/20190905070600_00160.jpg,datasets_flow/dataset_cropped/09_Metas/05/07/20190905070600_00160.jpg,datasets_cloudmask/dataset_cropped/09_Metas/05/07/20190905070600_00160.png,16.7,0,16.8,22.4,961
9/5/2019 7:07,datasets/dataset_cropped/09_Metas/05/07/20190905070700_00160.jpg,datasets_flow/dataset_cropped/09_Metas/05/07/20190905070700_00160.jpg,datasets_cloudmask/dataset_cropped/09_Metas/05/07/20190905070700_00160.png,17.8,0,17.8,22.4,961
9/5/2019 7:08,datasets/dataset_cropped/09_Metas/05/07/20190905070800_00160.jpg,datasets_flow/dataset_cropped/09_Metas/05/07/20190905070800_00160.jpg,datasets_cloudmask/dataset_cropped/09_Metas/05/07/20190905070800_00160.png,18.5,0,18.6,22.4,961
9/5/2019 7:09,datasets/dataset_cropped/09_Metas/05/07/20190905070900_00160.jpg,datasets_flow/dataset_cropped/09_Metas/05/07/20190905070900_00160.jpg,datasets_cloudmask/dataset_cropped/09_Metas/05/07/20190905070900_00160.png,19.2,0,19.3,22.4,961
9/5/2019 7:10,datasets/dataset_cropped/09_Metas/05/07/20190905071000_00160.jpg,datasets_flow/dataset_cropped/09_Metas/05/07/20190905071000_00160.jpg,datasets_cloudmask/dataset_cropped/09_Metas/05/07/20190905071000_00160.png,20.2,0,20.3,22.4,961
9/5/2019 7:11,datasets/dataset_cropped/09_Metas/05/07/20190905071100_00160.jpg,datasets_flow/dataset_cropped/09_Metas/05/07/20190905071100_00160.jpg,datasets_cloudmask/dataset_cropped/09_Metas/05/07/20190905071100_00160.png,21.2,0,21.4,22.4,961
9/5/2019 7:12,datasets/dataset_cropped/09_Metas/05/07/20190905071200_00160.jpg,datasets_flow/dataset_cropped/09_Metas/05/07/20190905071200_00160.jpg,datasets_cloudmask/dataset_cropped/09_Metas/05/07/20190905071200_00160.png,22.5,0.1,22.6,22.4,961
9/5/2019 7:13,datasets/dataset_cropped/09_Metas/05/07/20190905071300_00160.jpg,datasets_flow/dataset_cropped/09_Metas/05/07/20190905071300_00160.jpg,datasets_cloudmask/dataset_cropped/09_Metas/05/07/20190905071300_00160.png,24.2,0.1,24.3,22.5,961
9/5/2019 7:14,datasets/dataset_cropped/09_Metas/05/07/20190905071400_00160.jpg,datasets_flow/dataset_cropped/09_Metas/05/07/20190905071400_00160.jpg,datasets_cloudmask/dataset_cropped/09_Metas/05/07/20190905071400_00160.png,25.4,0.1,25.5,22.6,961
9/5/2019 7:15,datasets/dataset_cropped/09_Metas/05/07/20190905071500_00160.jpg,datasets_flow/dataset_cropped/09_Metas/05/07/20190905071500_00160.jpg,datasets_cloudmask/dataset_cropped/09_Metas/05/07/20190905071500_00160.png,26.4,0.1,26.5,22.6,961
9/5/2019 7:16,datasets/dataset_cropped/09_Metas/05/07/20190905071600_00160.jpg,datasets_flow/dataset_cropped/09_Metas/05/07/20190905071600_00160.jpg,datasets_cloudmask/dataset_cropped/09_Metas/05/07/20190905071600_00160.png,27.1,0.1,27.2,22.6,961
9/5/2019 7:17,datasets/dataset_cropped/09_Metas/05/07/20190905071700_00160.jpg,datasets_flow/dataset_cropped/09_Metas/05/07/20190905071700_00160.jpg,datasets_cloudmask/dataset_cropped/09_Metas/05/07/20190905071700_00160.png,27.3,0.2,27.4,22.6,961
9/5/2019 7:18,datasets/dataset_cropped/09_Metas/05/07/20190905071800_00160.jpg,datasets_flow/dataset_cropped/09_Metas/05/07/20190905071800_00160.jpg,datasets_cloudmask/dataset_cropped/09_Metas/05/07/20190905071800_00160.png,27.2,0.2,27.4,22.6,961
9/5/2019 7:19,datasets/dataset_cropped/09_Metas/05/07/20190905071900_00160.jpg,datasets_flow/dataset_cropped/09_Metas/05/07/20190905071900_00160.jpg,datasets_cloudmask/dataset_cropped/09_Metas/05/07/20190905071900_00160.png,26.3,0.2,26.5,22.5,961
9/5/2019 7:20,datasets/dataset_cropped/09_Metas/05/07/20190905072000_00160.jpg,datasets_flow/dataset_cropped/09_Metas/05/07/20190905072000_00160.jpg,datasets_cloudmask/dataset_cropped/09_Metas/05/07/20190905072000_00160.png,25.5,0.2,25.7,22.5,961
9/5/2019 7:21,datasets/dataset_cropped/09_Metas/05/07/20190905072100_00160.jpg,datasets_flow/dataset_cropped/09_Metas/05/07/20190905072100_00160.jpg,datasets_cloudmask/dataset_cropped/09_Metas/05/07/20190905072100_00160.png,25.3,0.2,25.5,22.5,961
9/5/2019 7:22,datasets/dataset_cropped/09_Metas/05/07/20190905072200_00160.jpg,datasets_flow/dataset_cropped/09_Metas/05/07/20190905072200_00160.jpg,datasets_cloudmask/dataset_cropped/09_Metas/05/07/20190905072200_00160.png,25.1,0.2,25.3,22.6,961
9/5/2019 7:23,datasets/dataset_cropped/09_Metas/05/07/20190905072300_00160.jpg,datasets_flow/dataset_cropped/09_Metas/05/07/20190905072300_00160.jpg,datasets_cloudmask/dataset_cropped/09_Metas/05/07/20190905072300_00160.png,25,0.2,25.2,22.6,961
9/5/2019 7:24,datasets/dataset_cropped/09_Metas/05/07/20190905072400_00160.jpg,datasets_flow/dataset_cropped/09_Metas/05/07/20190905072400_00160.jpg,datasets_cloudmask/dataset_cropped/09_Metas/05/07/20190905072400_00160.png,24.6,0.2,24.8,22.5,961
9/5/2019 7:25,datasets/dataset_cropped/09_Metas/05/07/20190905072500_00160.jpg,datasets_flow/dataset_cropped/09_Metas/05/07/20190905072500_00160.jpg,datasets_cloudmask/dataset_cropped/09_Metas/05/07/20190905072500_00160.png,23.8,0.2,24,22.5,961
9/5/2019 7:26,datasets/dataset_cropped/09_Metas/05/07/20190905072600_00160.jpg,datasets_flow/dataset_cropped/09_Metas/05/07/20190905072600_00160.jpg,datasets_cloudmask/dataset_cropped/09_Metas/05/07/20190905072600_00160.png,22.7,0.2,22.9,22.5,961
9/5/2019 7:27,datasets/dataset_cropped/09_Metas/05/07/20190905072700_00160.jpg,datasets_flow/dataset_cropped/09_Metas/05/07/20190905072700_00160.jpg,datasets_cloudmask/dataset_cropped/09_Metas/05/07/20190905072700_00160.png,21.6,0.2,21.8,22.5,961
9/5/2019 7:28,datasets/dataset_cropped/09_Metas/05/07/20190905072800_00160.jpg,datasets_flow/dataset_cropped/09_Metas/05/07/20190905072800_00160.jpg,datasets_cloudmask/dataset_cropped/09_Metas/05/07/20190905072800_00160.png,20.5,0.2,20.7,22.6,961
9/5/2019 7:29,datasets/dataset_cropped/09_Metas/05/07/20190905072900_00160.jpg,datasets_flow/dataset_cropped/09_Metas/05/07/20190905072900_00160.jpg,datasets_cloudmask/dataset_cropped/09_Metas/05/07/20190905072900_00160.png,19.2,0.2,19.5,22.6,961
9/5/2019 7:30,datasets/dataset_cropped/09_Metas/05/07/20190905073000_00160.jpg,datasets_flow/dataset_cropped/09_Metas/05/07/20190905073000_00160.jpg,datasets_cloudmask/dataset_cropped/09_Metas/05/07/20190905073000_00160.png,18.1,0.2,18.4,22.6,961
9/5/2019 7:31,datasets/dataset_cropped/09_Metas/05/07/20190905073100_00160.jpg,datasets_flow/dataset_cropped/09_Metas/05/07/20190905073100_00160.jpg,datasets_cloudmask/dataset_cropped/09_Metas/05/07/20190905073100_00160.png,17.6,0.2,17.8,22.6,961
9/5/2019 7:32,datasets/dataset_cropped/09_Metas/05/07/20190905073200_00160.jpg,datasets_flow/dataset_cropped/09_Metas/05/07/20190905073200_00160.jpg,datasets_cloudmask/dataset_cropped/09_Metas/05/07/20190905073200_00160.png,18,0.2,18.2,22.6,961
9/5/2019 7:33,datasets/dataset_cropped/09_Metas/05/07/20190905073300_00160.jpg,datasets_flow/dataset_cropped/09_Metas/05/07/20190905073300_00160.jpg,datasets_cloudmask/dataset_cropped/09_Metas/05/07/20190905073300_00160.png,20.1,0.2,20.3,22.6,961
9/5/2019 7:34,datasets/dataset_cropped/09_Metas/05/07/20190905073400_00160.jpg,datasets_flow/dataset_cropped/09_Metas/05/07/20190905073400_00160.jpg,datasets_cloudmask/dataset_cropped/09_Metas/05/07/20190905073400_00160.png,24.1,0.2,24.3,22.6,961
9/5/2019 7:35,datasets/dataset_cropped/09_Metas/05/07/20190905073500_00160.jpg,datasets_flow/dataset_cropped/09_Metas/05/07/20190905073500_00160.jpg,datasets_cloudmask/dataset_cropped/09_Metas/05/07/20190905073500_00160.png,27.4,0.2,27.6,22.6,961
9/5/2019 7:36,datasets/dataset_cropped/09_Metas/05/07/20190905073600_00160.jpg,datasets_flow/dataset_cropped/09_Metas/05/07/20190905073600_00160.jpg,datasets_cloudmask/dataset_cropped/09_Metas/05/07/20190905073600_00160.png,30.2,0.2,30.4,22.7,961
9/5/2019 7:37,datasets/dataset_cropped/09_Metas/05/07/20190905073700_00160.jpg,datasets_flow/dataset_cropped/09_Metas/05/07/20190905073700_00160.jpg,datasets_cloudmask/dataset_cropped/09_Metas/05/07/20190905073700_00160.png,32.2,0.2,32.5,22.7,961
9/5/2019 7:38,datasets/dataset_cropped/09_Metas/05/07/20190905073800_00160.jpg,datasets_flow/dataset_cropped/09_Metas/05/07/20190905073800_00160.jpg,datasets_cloudmask/dataset_cropped/09_Metas/05/07/20190905073800_00160.png,33.5,0.2,33.8,22.7,961
9/5/2019 7:39,datasets/dataset_cropped/09_Metas/05/07/20190905073900_00160.jpg,datasets_flow/dataset_cropped/09_Metas/05/07/20190905073900_00160.jpg,datasets_cloudmask/dataset_cropped/09_Metas/05/07/20190905073900_00160.png,34.5,0.3,34.8,22.7,961
9/5/2019 7:40,datasets/dataset_cropped/09_Metas/05/07/20190905074000_00160.jpg,datasets_flow/dataset_cropped/09_Metas/05/07/20190905074000_00160.jpg,datasets_cloudmask/dataset_cropped/09_Metas/05/07/20190905074000_00160.png,34.5,0.3,34.8,22.7,961
9/5/2019 7:41,datasets/dataset_cropped/09_Metas/05/07/20190905074100_00160.jpg,datasets_flow/dataset_cropped/09_Metas/05/07/20190905074100_00160.jpg,datasets_cloudmask/dataset_cropped/09_Metas/05/07/20190905074100_00160.png,34.1,0.4,34.4,22.8,961
9/5/2019 7:42,datasets/dataset_cropped/09_Metas/05/07/20190905074200_00160.jpg,datasets_flow/dataset_cropped/09_Metas/05/07/20190905074200_00160.jpg,datasets_cloudmask/dataset_cropped/09_Metas/05/07/20190905074200_00160.png,33.7,0.4,34,22.7,961
9/5/2019 7:43,datasets/dataset_cropped/09_Metas/05/07/20190905074300_00160.jpg,datasets_flow/dataset_cropped/09_Metas/05/07/20190905074300_00160.jpg,datasets_cloudmask/dataset_cropped/09_Metas/05/07/20190905074300_00160.png,33.9,0.3,34.2,22.8,961
9/5/2019 7:44,datasets/dataset_cropped/09_Metas/05/07/20190905074400_00160.jpg,datasets_flow/dataset_cropped/09_Metas/05/07/20190905074400_00160.jpg,datasets_cloudmask/dataset_cropped/09_Metas/05/07/20190905074400_00160.png,35.4,0.2,35.6,22.8,961
9/5/2019 7:45,datasets/dataset_cropped/09_Metas/05/07/20190905074500_00160.jpg,datasets_flow/dataset_cropped/09_Metas/05/07/20190905074500_00160.jpg,datasets_cloudmask/dataset_cropped/09_Metas/05/07/20190905074500_00160.png,38.1,0.2,38.4,22.8,961
9/5/2019 7:46,datasets/dataset_cropped/09_Metas/05/07/20190905074600_00160.jpg,datasets_flow/dataset_cropped/09_Metas/05/07/20190905074600_00160.jpg,datasets_cloudmask/dataset_cropped/09_Metas/05/07/20190905074600_00160.png,41.8,0.2,42.1,22.8,961
9/5/2019 7:47,datasets/dataset_cropped/09_Metas/05/07/20190905074700_00160.jpg,datasets_flow/dataset_cropped/09_Metas/05/07/20190905074700_00160.jpg,datasets_cloudmask/dataset_cropped/09_Metas/05/07/20190905074700_00160.png,44.9,0.2,45.2,22.9,961
9/5/2019 7:48,datasets/dataset_cropped/09_Metas/05/07/20190905074800_00160.jpg,datasets_flow/dataset_cropped/09_Metas/05/07/20190905074800_00160.jpg,datasets_cloudmask/dataset_cropped/09_Metas/05/07/20190905074800_00160.png,47.2,0.2,47.6,22.9,961
9/5/2019 7:49,datasets/dataset_cropped/09_Metas/05/07/20190905074900_00160.jpg,datasets_flow/dataset_cropped/09_Metas/05/07/20190905074900_00160.jpg,datasets_cloudmask/dataset_cropped/09_Metas/05/07/20190905074900_00160.png,49.2,0.2,49.5,22.9,961
9/5/2019 7:50,datasets/dataset_cropped/09_Metas/05/07/20190905075000_00160.jpg,datasets_flow/dataset_cropped/09_Metas/05/07/20190905075000_00160.jpg,datasets_cloudmask/dataset_cropped/09_Metas/05/07/20190905075000_00160.png,50.9,0.2,51.2,22.9,961
9/5/2019 7:51,datasets/dataset_cropped/09_Metas/05/07/20190905075100_00160.jpg,datasets_flow/dataset_cropped/09_Metas/05/07/20190905075100_00160.jpg,datasets_cloudmask/dataset_cropped/09_Metas/05/07/20190905075100_00160.png,52.1,0.2,52.4,22.9,961
9/5/2019 7:52,datasets/dataset_cropped/09_Metas/05/07/20190905075200_00160.jpg,datasets_flow/dataset_cropped/09_Metas/05/07/20190905075200_00160.jpg,datasets_cloudmask/dataset_cropped/09_Metas/05/07/20190905075200_00160.png,53.1,0.1,53.3,22.9,961
9/5/2019 7:53,datasets/dataset_cropped/09_Metas/05/07/20190905075300_00160.jpg,datasets_flow/dataset_cropped/09_Metas/05/07/20190905075300_00160.jpg,datasets_cloudmask/dataset_cropped/09_Metas/05/07/20190905075300_00160.png,54.2,0,54.4,22.8,961
9/5/2019 7:54,datasets/dataset_cropped/09_Metas/05/07/20190905075400_00160.jpg,datasets_flow/dataset_cropped/09_Metas/05/07/20190905075400_00160.jpg,datasets_cloudmask/dataset_cropped/09_Metas/05/07/20190905075400_00160.png,55.6,0,55.9,22.7,961
9/5/2019 7:55,datasets/dataset_cropped/09_Metas/05/07/20190905075500_00160.jpg,datasets_flow/dataset_cropped/09_Metas/05/07/20190905075500_00160.jpg,datasets_cloudmask/dataset_cropped/09_Metas/05/07/20190905075500_00160.png,57.2,0.1,57.6,22.7,961
9/5/2019 7:56,datasets/dataset_cropped/09_Metas/05/07/20190905075600_00160.jpg,datasets_flow/dataset_cropped/09_Metas/05/07/20190905075600_00160.jpg,datasets_cloudmask/dataset_cropped/09_Metas/05/07/20190905075600_00160.png,59.4,0.1,59.8,22.7,961
9/5/2019 7:57,datasets/dataset_cropped/09_Metas/05/07/20190905075700_00160.jpg,datasets_flow/dataset_cropped/09_Metas/05/07/20190905075700_00160.jpg,datasets_cloudmask/dataset_cropped/09_Metas/05/07/20190905075700_00160.png,60.8,0.1,61.2,22.8,961
9/5/2019 7:58,datasets/dataset_cropped/09_Metas/05/07/20190905075800_00160.jpg,datasets_flow/dataset_cropped/09_Metas/05/07/20190905075800_00160.jpg,datasets_cloudmask/dataset_cropped/09_Metas/05/07/20190905075800_00160.png,62.2,0.2,62.6,22.8,961
9/5/2019 7:59,datasets/dataset_cropped/09_Metas/05/07/20190905075900_00160.jpg,datasets_flow/dataset_cropped/09_Metas/05/07/20190905075900_00160.jpg,datasets_cloudmask/dataset_cropped/09_Metas/05/07/20190905075900_00160.png,64.1,0.3,64.5,22.8,961
9/5/2019 8:00,datasets/dataset_cropped/09_Metas/05/08/20190905080000_00160.jpg,datasets_flow/dataset_cropped/09_Metas/05/08/20190905080000_00160.jpg,datasets_cloudmask/dataset_cropped/09_Metas/05/08/20190905080000_00160.png,65.8,0.3,66.2,22.8,961
9/5/2019 8:01,datasets/dataset_cropped/09_Metas/05/08/20190905080100_00160.jpg,datasets_flow/dataset_cropped/09_Metas/05/08/20190905080100_00160.jpg,datasets_cloudmask/dataset_cropped/09_Metas/05/08/20190905080100_00160.png,69,0.4,69.3,22.8,961
9/5/2019 8:02,datasets/dataset_cropped/09_Metas/05/08/20190905080200_00160.jpg,datasets_flow/dataset_cropped/09_Metas/05/08/20190905080200_00160.jpg,datasets_cloudmask/dataset_cropped/09_Metas/05/08/20190905080200_00160.png,75.1,0.7,75.3,22.8,961
9/5/2019 8:03,datasets/dataset_cropped/09_Metas/05/08/20190905080300_00160.jpg,datasets_flow/dataset_cropped/09_Metas/05/08/20190905080300_00160.jpg,datasets_cloudmask/dataset_cropped/09_Metas/05/08/20190905080300_00160.png,82.6,0.6,83,22.9,961
9/5/2019 8:04,datasets/dataset_cropped/09_Metas/05/08/20190905080400_00160.jpg,datasets_flow/dataset_cropped/09_Metas/05/08/20190905080400_00160.jpg,datasets_cloudmask/dataset_cropped/09_Metas/05/08/20190905080400_00160.png,90.9,0.4,91.3,22.8,961
9/5/2019 8:05,datasets/dataset_cropped/09_Metas/05/08/20190905080500_00160.jpg,datasets_flow/dataset_cropped/09_Metas/05/08/20190905080500_00160.jpg,datasets_cloudmask/dataset_cropped/09_Metas/05/08/20190905080500_00160.png,97.5,0.4,97.9,22.9,961
9/5/2019 8:06,datasets/dataset_cropped/09_Metas/05/08/20190905080600_00160.jpg,datasets_flow/dataset_cropped/09_Metas/05/08/20190905080600_00160.jpg,datasets_cloudmask/dataset_cropped/09_Metas/05/08/20190905080600_00160.png,100.8,0.4,101.2,22.8,961
9/5/2019 8:07,datasets/dataset_cropped/09_Metas/05/08/20190905080700_00160.jpg,datasets_flow/dataset_cropped/09_Metas/05/08/20190905080700_00160.jpg,datasets_cloudmask/dataset_cropped/09_Metas/05/08/20190905080700_00160.png,104,0.5,104.5,22.8,961
9/5/2019 8:08,datasets/dataset_cropped/09_Metas/05/08/20190905080800_00160.jpg,datasets_flow/dataset_cropped/09_Metas/05/08/20190905080800_00160.jpg,datasets_cloudmask/dataset_cropped/09_Metas/05/08/20190905080800_00160.png,111.6,0.8,112,22.8,961
9/5/2019 8:09,datasets/dataset_cropped/09_Metas/05/08/20190905080900_00160.jpg,datasets_flow/dataset_cropped/09_Metas/05/08/20190905080900_00160.jpg,datasets_cloudmask/dataset_cropped/09_Metas/05/08/20190905080900_00160.png,119.5,2,119.4,22.9,961
9/5/2019 8:10,datasets/dataset_cropped/09_Metas/05/08/20190905081000_00160.jpg,datasets_flow/dataset_cropped/09_Metas/05/08/20190905081000_00160.jpg,datasets_cloudmask/dataset_cropped/09_Metas/05/08/20190905081000_00160.png,128.3,19.8,123.2,22.9,961
9/5/2019 8:11,datasets/dataset_cropped/09_Metas/05/08/20190905081100_00160.jpg,datasets_flow/dataset_cropped/09_Metas/05/08/20190905081100_00160.jpg,datasets_cloudmask/dataset_cropped/09_Metas/05/08/20190905081100_00160.png,135.7,42,124.2,22.9,961
9/5/2019 8:12,datasets/dataset_cropped/09_Metas/05/08/20190905081200_00160.jpg,datasets_flow/dataset_cropped/09_Metas/05/08/20190905081200_00160.jpg,datasets_cloudmask/dataset_cropped/09_Metas/05/08/20190905081200_00160.png,137.3,33.8,127.4,22.9,961
9/5/2019 8:13,datasets/dataset_cropped/09_Metas/05/08/20190905081300_00160.jpg,datasets_flow/dataset_cropped/09_Metas/05/08/20190905081300_00160.jpg,datasets_cloudmask/dataset_cropped/09_Metas/05/08/20190905081300_00160.png,134.7,17.1,129.9,23,961
9/5/2019 8:14,datasets/dataset_cropped/09_Metas/05/08/20190905081400_00160.jpg,datasets_flow/dataset_cropped/09_Metas/05/08/20190905081400_00160.jpg,datasets_cloudmask/dataset_cropped/09_Metas/05/08/20190905081400_00160.png,142.8,37.2,131.8,22.9,961
9/5/2019 8:15,datasets/dataset_cropped/09_Metas/05/08/20190905081500_00160.jpg,datasets_flow/dataset_cropped/09_Metas/05/08/20190905081500_00160.jpg,datasets_cloudmask/dataset_cropped/09_Metas/05/08/20190905081500_00160.png,151.6,60.1,133.5,22.8,961
9/5/2019 8:16,datasets/dataset_cropped/09_Metas/05/08/20190905081600_00160.jpg,datasets_flow/dataset_cropped/09_Metas/05/08/20190905081600_00160.jpg,datasets_cloudmask/dataset_cropped/09_Metas/05/08/20190905081600_00160.png,212.4,254,135.8,22.9,961
9/5/2019 8:17,datasets/dataset_cropped/09_Metas/05/08/20190905081700_00160.jpg,datasets_flow/dataset_cropped/09_Metas/05/08/20190905081700_00160.jpg,datasets_cloudmask/dataset_cropped/09_Metas/05/08/20190905081700_00160.png,248.3,361.5,137.8,23,961
9/5/2019 8:18,datasets/dataset_cropped/09_Metas/05/08/20190905081800_00160.jpg,datasets_flow/dataset_cropped/09_Metas/05/08/20190905081800_00160.jpg,datasets_cloudmask/dataset_cropped/09_Metas/05/08/20190905081800_00160.png,249.2,343.1,142.5,23.1,962
9/5/2019 8:19,datasets/dataset_cropped/09_Metas/05/08/20190905081900_00160.jpg,datasets_flow/dataset_cropped/09_Metas/05/08/20190905081900_00160.jpg,datasets_cloudmask/dataset_cropped/09_Metas/05/08/20190905081900_00160.png,162.5,51.7,146.8,23.3,961
9/5/2019 8:20,datasets/dataset_cropped/09_Metas/05/08/20190905082000_00160.jpg,datasets_flow/dataset_cropped/09_Metas/05/08/20190905082000_00160.jpg,datasets_cloudmask/dataset_cropped/09_Metas/05/08/20190905082000_00160.png,208.5,193.6,148.6,23.3,961
9/5/2019 8:21,datasets/dataset_cropped/09_Metas/05/08/20190905082100_00160.jpg,datasets_flow/dataset_cropped/09_Metas/05/08/20190905082100_00160.jpg,datasets_cloudmask/dataset_cropped/09_Metas/05/08/20190905082100_00160.png,260.1,362.4,145.1,23.4,961
9/5/2019 8:22,datasets/dataset_cropped/09_Metas/05/08/20190905082200_00160.jpg,datasets_flow/dataset_cropped/09_Metas/05/08/20190905082200_00160.jpg,datasets_cloudmask/dataset_cropped/09_Metas/05/08/20190905082200_00160.png,266.7,392.8,140.1,23.5,961
9/5/2019 8:23,datasets/dataset_cropped/09_Metas/05/08/20190905082300_00160.jpg,datasets_flow/dataset_cropped/09_Metas/05/08/20190905082300_00160.jpg,datasets_cloudmask/dataset_cropped/09_Metas/05/08/20190905082300_00160.png,273.3,402.4,141.7,23.6,961
9/5/2019 8:24,datasets/dataset_cropped/09_Metas/05/08/20190905082400_00160.jpg,datasets_flow/dataset_cropped/09_Metas/05/08/20190905082400_00160.jpg,datasets_cloudmask/dataset_cropped/09_Metas/05/08/20190905082400_00160.png,291.9,443.6,145.5,23.8,961
9/5/2019 8:25,datasets/dataset_cropped/09_Metas/05/08/20190905082500_00160.jpg,datasets_flow/dataset_cropped/09_Metas/05/08/20190905082500_00160.jpg,datasets_cloudmask/dataset_cropped/09_Metas/05/08/20190905082500_00160.png,303.4,464.6,148.5,23.8,961
9/5/2019 8:26,datasets/dataset_cropped/09_Metas/05/08/20190905082600_00160.jpg,datasets_flow/dataset_cropped/09_Metas/05/08/20190905082600_00160.jpg,datasets_cloudmask/dataset_cropped/09_Metas/05/08/20190905082600_00160.png,307.9,469.8,149.6,23.9,961
9/5/2019 8:27,datasets/dataset_cropped/09_Metas/05/08/20190905082700_00160.jpg,datasets_flow/dataset_cropped/09_Metas/05/08/20190905082700_00160.jpg,datasets_cloudmask/dataset_cropped/09_Metas/05/08/20190905082700_00160.png,307,454.9,152.4,23.9,961
9/5/2019 8:28,datasets/dataset_cropped/09_Metas/05/08/20190905082800_00160.jpg,datasets_flow/dataset_cropped/09_Metas/05/08/20190905082800_00160.jpg,datasets_cloudmask/dataset_cropped/09_Metas/05/08/20190905082800_00160.png,308.9,439,158.3,23.8,961
9/5/2019 8:29,datasets/dataset_cropped/09_Metas/05/08/20190905082900_00160.jpg,datasets_flow/dataset_cropped/09_Metas/05/08/20190905082900_00160.jpg,datasets_cloudmask/dataset_cropped/09_Metas/05/08/20190905082900_00160.png,318.1,443,164.7,23.9,962
9/5/2019 8:30,datasets/dataset_cropped/09_Metas/05/08/20190905083000_00160.jpg,datasets_flow/dataset_cropped/09_Metas/05/08/20190905083000_00160.jpg,datasets_cloudmask/dataset_cropped/09_Metas/05/08/20190905083000_00160.png,327.9,447.6,171.6,24.1,961
9/5/2019 8:31,datasets/dataset_cropped/09_Metas/05/08/20190905083100_00160.jpg,datasets_flow/dataset_cropped/09_Metas/05/08/20190905083100_00160.jpg,datasets_cloudmask/dataset_cropped/09_Metas/05/08/20190905083100_00160.png,336.7,446.3,179.3,24.1,962
9/5/2019 8:32,datasets/dataset_cropped/09_Metas/05/08/20190905083200_00160.jpg,datasets_flow/dataset_cropped/09_Metas/05/08/20190905083200_00160.jpg,datasets_cloudmask/dataset_cropped/09_Metas/05/08/20190905083200_00160.png,336.2,439.7,179.7,24.2,961
9/5/2019 8:33,datasets/dataset_cropped/09_Metas/05/08/20190905083300_00160.jpg,datasets_flow/dataset_cropped/09_Metas/05/08/20190905083300_00160.jpg,datasets_cloudmask/dataset_cropped/09_Metas/05/08/20190905083300_00160.png,341.9,455.3,178.2,24.2,961
9/5/2019 8:34,datasets/dataset_cropped/09_Metas/05/08/20190905083400_00160.jpg,datasets_flow/dataset_cropped/09_Metas/05/08/20190905083400_00160.jpg,datasets_cloudmask/dataset_cropped/09_Metas/05/08/20190905083400_00160.png,346.6,454.4,181.9,24.2,961
9/5/2019 8:35,datasets/dataset_cropped/09_Metas/05/08/20190905083500_00160.jpg,datasets_flow/dataset_cropped/09_Metas/05/08/20190905083500_00160.jpg,datasets_cloudmask/dataset_cropped/09_Metas/05/08/20190905083500_00160.png,353.7,461.2,184.9,24.3,961
9/5/2019 8:36,datasets/dataset_cropped/09_Metas/05/08/20190905083600_00160.jpg,datasets_flow/dataset_cropped/09_Metas/05/08/20190905083600_00160.jpg,datasets_cloudmask/dataset_cropped/09_Metas/05/08/20190905083600_00160.png,354.2,463.8,182.8,24.3,961
9/5/2019 8:37,datasets/dataset_cropped/09_Metas/05/08/20190905083700_00160.jpg,datasets_flow/dataset_cropped/09_Metas/05/08/20190905083700_00160.jpg,datasets_cloudmask/dataset_cropped/09_Metas/05/08/20190905083700_00160.png,347.8,459.1,176.9,24.1,961
9/5/2019 8:38,datasets/dataset_cropped/09_Metas/05/08/20190905083800_00160.jpg,datasets_flow/dataset_cropped/09_Metas/05/08/20190905083800_00160.jpg,datasets_cloudmask/dataset_cropped/09_Metas/05/08/20190905083800_00160.png,341.6,437.8,177.4,24.1,962
9/5/2019 8:39,datasets/dataset_cropped/09_Metas/05/08/20190905083900_00160.jpg,datasets_flow/dataset_cropped/09_Metas/05/08/20190905083900_00160.jpg,datasets_cloudmask/dataset_cropped/09_Metas/05/08/20190905083900_00160.png,342,410.3,187.3,24.3,961
9/5/2019 8:40,datasets/dataset_cropped/09_Metas/05/08/20190905084000_00160.jpg,datasets_flow/dataset_cropped/09_Metas/05/08/20190905084000_00160.jpg,datasets_cloudmask/dataset_cropped/09_Metas/05/08/20190905084000_00160.png,359,409.4,203.3,24.5,961
9/5/2019 8:41,datasets/dataset_cropped/09_Metas/05/08/20190905084100_00160.jpg,datasets_flow/dataset_cropped/09_Metas/05/08/20190905084100_00160.jpg,datasets_cloudmask/dataset_cropped/09_Metas/05/08/20190905084100_00160.png,324,299.8,211.1,24.7,961
9/5/2019 8:42,datasets/dataset_cropped/09_Metas/05/08/20190905084200_00160.jpg,datasets_flow/dataset_cropped/09_Metas/05/08/20190905084200_00160.jpg,datasets_cloudmask/dataset_cropped/09_Metas/05/08/20190905084200_00160.png,376.7,427.8,211.7,24.6,962
9/5/2019 8:43,datasets/dataset_cropped/09_Metas/05/08/20190905084300_00160.jpg,datasets_flow/dataset_cropped/09_Metas/05/08/20190905084300_00160.jpg,datasets_cloudmask/dataset_cropped/09_Metas/05/08/20190905084300_00160.png,401.9,475.2,215.8,24.5,961
9/5/2019 8:44,datasets/dataset_cropped/09_Metas/05/08/20190905084400_00160.jpg,datasets_flow/dataset_cropped/09_Metas/05/08/20190905084400_00160.jpg,datasets_cloudmask/dataset_cropped/09_Metas/05/08/20190905084400_00160.png,409.6,470.9,223.9,24.5,962
9/5/2019 8:45,datasets/dataset_cropped/09_Metas/05/08/20190905084500_00160.jpg,datasets_flow/dataset_cropped/09_Metas/05/08/20190905084500_00160.jpg,datasets_cloudmask/dataset_cropped/09_Metas/05/08/20190905084500_00160.png,415.9,463.5,231.7,24.6,961
9/5/2019 8:46,datasets/dataset_cropped/09_Metas/05/08/20190905084600_00160.jpg,datasets_flow/dataset_cropped/09_Metas/05/08/20190905084600_00160.jpg,datasets_cloudmask/dataset_cropped/09_Metas/05/08/20190905084600_00160.png,417.6,458.7,234,24.4,962
9/5/2019 8:47,datasets/dataset_cropped/09_Metas/05/08/20190905084700_00160.jpg,datasets_flow/dataset_cropped/09_Metas/05/08/20190905084700_00160.jpg,datasets_cloudmask/dataset_cropped/09_Metas/05/08/20190905084700_00160.png,420.3,454.2,237.5,24.4,961
9/5/2019 8:48,datasets/dataset_cropped/09_Metas/05/08/20190905084800_00160.jpg,datasets_flow/dataset_cropped/09_Metas/05/08/20190905084800_00160.jpg,datasets_cloudmask/dataset_cropped/09_Metas/05/08/20190905084800_00160.png,379.4,336.9,242.4,24.5,962
9/5/2019 8:49,datasets/dataset_cropped/09_Metas/05/08/20190905084900_00160.jpg,datasets_flow/dataset_cropped/09_Metas/05/08/20190905084900_00160.jpg,datasets_cloudmask/dataset_cropped/09_Metas/05/08/20190905084900_00160.png,426.5,436.1,247.4,24.2,962
9/5/2019 8:50,datasets/dataset_cropped/09_Metas/05/08/20190905085000_00160.jpg,datasets_flow/dataset_cropped/09_Metas/05/08/20190905085000_00160.jpg,datasets_cloudmask/dataset_cropped/09_Metas/05/08/20190905085000_00160.png,377.6,322.8,243,24.1,962
9/5/2019 8:51,datasets/dataset_cropped/09_Metas/05/08/20190905085100_00160.jpg,datasets_flow/dataset_cropped/09_Metas/05/08/20190905085100_00160.jpg,datasets_cloudmask/dataset_cropped/09_Metas/05/08/20190905085100_00160.png,284.8,120.7,234.7,24.4,962
9/5/2019 8:52,datasets/dataset_cropped/09_Metas/05/08/20190905085200_00160.jpg,datasets_flow/dataset_cropped/09_Metas/05/08/20190905085200_00160.jpg,datasets_cloudmask/dataset_cropped/09_Metas/05/08/20190905085200_00160.png,241.4,22,232.3,24.6,962
9/5/2019 8:53,datasets/dataset_cropped/09_Metas/05/08/20190905085300_00160.jpg,datasets_flow/dataset_cropped/09_Metas/05/08/20190905085300_00160.jpg,datasets_cloudmask/dataset_cropped/09_Metas/05/08/20190905085300_00160.png,253.4,35,239.7,24.5,961
9/5/2019 8:54,datasets/dataset_cropped/09_Metas/05/08/20190905085400_00160.jpg,datasets_flow/dataset_cropped/09_Metas/05/08/20190905085400_00160.jpg,datasets_cloudmask/dataset_cropped/09_Metas/05/08/20190905085400_00160.png,273.7,42.5,255.6,24.7,961
9/5/2019 8:55,datasets/dataset_cropped/09_Metas/05/08/20190905085500_00160.jpg,datasets_flow/dataset_cropped/09_Metas/05/08/20190905085500_00160.jpg,datasets_cloudmask/dataset_cropped/09_Metas/05/08/20190905085500_00160.png,389.6,290.9,263.4,24.7,962
9/5/2019 8:56,datasets/dataset_cropped/09_Metas/05/08/20190905085600_00160.jpg,datasets_flow/dataset_cropped/09_Metas/05/08/20190905085600_00160.jpg,datasets_cloudmask/dataset_cropped/09_Metas/05/08/20190905085600_00160.png,276.4,46.5,256.5,24.8,962
9/5/2019 8:57,datasets/dataset_cropped/09_Metas/05/08/20190905085700_00160.jpg,datasets_flow/dataset_cropped/09_Metas/05/08/20190905085700_00160.jpg,datasets_cloudmask/dataset_cropped/09_Metas/05/08/20190905085700_00160.png,293.3,106,246.8,24.9,962
9/5/2019 8:58,datasets/dataset_cropped/09_Metas/05/08/20190905085800_00160.jpg,datasets_flow/dataset_cropped/09_Metas/05/08/20190905085800_00160.jpg,datasets_cloudmask/dataset_cropped/09_Metas/05/08/20190905085800_00160.png,451.4,457.8,250.3,24.7,961
9/5/2019 8:59,datasets/dataset_cropped/09_Metas/05/08/20190905085900_00160.jpg,datasets_flow/dataset_cropped/09_Metas/05/08/20190905085900_00160.jpg,datasets_cloudmask/dataset_cropped/09_Metas/05/08/20190905085900_00160.png,461.7,470.7,253,24.6,962
9/5/2019 9:00,datasets/dataset_cropped/09_Metas/05/09/20190905090000_00160.jpg,datasets_flow/dataset_cropped/09_Metas/05/09/20190905090000_00160.jpg,datasets_cloudmask/dataset_cropped/09_Metas/05/09/20190905090000_00160.png,478.4,503.7,254.3,24.6,961
9/5/2019 9:01,datasets/dataset_cropped/09_Metas/05/09/20190905090100_00160.jpg,datasets_flow/dataset_cropped/09_Metas/05/09/20190905090100_00160.jpg,datasets_cloudmask/dataset_cropped/09_Metas/05/09/20190905090100_00160.png,481.4,501.5,257.3,24.5,961
9/5/2019 9:02,datasets/dataset_cropped/09_Metas/05/09/20190905090200_00160.jpg,datasets_flow/dataset_cropped/09_Metas/05/09/20190905090200_00160.jpg,datasets_cloudmask/dataset_cropped/09_Metas/05/09/20190905090200_00160.png,493.7,523.8,257.6,24.5,962
9/5/2019 9:03,datasets/dataset_cropped/09_Metas/05/09/20190905090300_00160.jpg,datasets_flow/dataset_cropped/09_Metas/05/09/20190905090300_00160.jpg,datasets_cloudmask/dataset_cropped/09_Metas/05/09/20190905090300_00160.png,501.9,543.7,255.1,24.4,961
9/5/2019 9:04,datasets/dataset_cropped/09_Metas/05/09/20190905090400_00160.jpg,datasets_flow/dataset_cropped/09_Metas/05/09/20190905090400_00160.jpg,datasets_cloudmask/dataset_cropped/09_Metas/05/09/20190905090400_00160.png,505.5,552.4,253.1,24.5,961
9/5/2019 9:05,datasets/dataset_cropped/09_Metas/05/09/20190905090500_00160.jpg,datasets_flow/dataset_cropped/09_Metas/05/09/20190905090500_00160.jpg,datasets_cloudmask/dataset_cropped/09_Metas/05/09/20190905090500_00160.png,281,83.1,243.8,24.4,961
9/5/2019 9:06,datasets/dataset_cropped/09_Metas/05/09/20190905090600_00160.jpg,datasets_flow/dataset_cropped/09_Metas/05/09/20190905090600_00160.jpg,datasets_cloudmask/dataset_cropped/09_Metas/05/09/20190905090600_00160.png,233.1,1.2,232.8,24.2,961
9/5/2019 9:07,datasets/dataset_cropped/09_Metas/05/09/20190905090700_00160.jpg,datasets_flow/dataset_cropped/09_Metas/05/09/20190905090700_00160.jpg,datasets_cloudmask/dataset_cropped/09_Metas/05/09/20190905090700_00160.png,226.2,2.5,224.9,24.2,961
9/5/2019 9:08,datasets/dataset_cropped/09_Metas/05/09/20190905090800_00160.jpg,datasets_flow/dataset_cropped/09_Metas/05/09/20190905090800_00160.jpg,datasets_cloudmask/dataset_cropped/09_Metas/05/09/20190905090800_00160.png,228.4,6.1,224.8,24.3,962
9/5/2019 9:09,datasets/dataset_cropped/09_Metas/05/09/20190905090900_00160.jpg,datasets_flow/dataset_cropped/09_Metas/05/09/20190905090900_00160.jpg,datasets_cloudmask/dataset_cropped/09_Metas/05/09/20190905090900_00160.png,401.9,355.3,233.2,24.5,961
9/5/2019 9:10,datasets/dataset_cropped/09_Metas/05/09/20190905091000_00160.jpg,datasets_flow/dataset_cropped/09_Metas/05/09/20190905091000_00160.jpg,datasets_cloudmask/dataset_cropped/09_Metas/05/09/20190905091000_00160.png,354.9,245.7,238.7,24.9,962
9/5/2019 9:11,datasets/dataset_cropped/09_Metas/05/09/20190905091100_00160.jpg,datasets_flow/dataset_cropped/09_Metas/05/09/20190905091100_00160.jpg,datasets_cloudmask/dataset_cropped/09_Metas/05/09/20190905091100_00160.png,496.5,537.2,238.5,25.1,961
9/5/2019 9:12,datasets/dataset_cropped/09_Metas/05/09/20190905091200_00160.jpg,datasets_flow/dataset_cropped/09_Metas/05/09/20190905091200_00160.jpg,datasets_cloudmask/dataset_cropped/09_Metas/05/09/20190905091200_00160.png,465.5,483.5,233.3,25,961
9/5/2019 9:13,datasets/dataset_cropped/09_Metas/05/09/20190905091300_00160.jpg,datasets_flow/dataset_cropped/09_Metas/05/09/20190905091300_00160.jpg,datasets_cloudmask/dataset_cropped/09_Metas/05/09/20190905091300_00160.png,486.1,531.4,227.9,24.7,961
9/5/2019 9:14,datasets/dataset_cropped/09_Metas/05/09/20190905091400_00160.jpg,datasets_flow/dataset_cropped/09_Metas/05/09/20190905091400_00160.jpg,datasets_cloudmask/dataset_cropped/09_Metas/05/09/20190905091400_00160.png,488.8,548.1,221.2,24.7,961
9/5/2019 9:15,datasets/dataset_cropped/09_Metas/05/09/20190905091500_00160.jpg,datasets_flow/dataset_cropped/09_Metas/05/09/20190905091500_00160.jpg,datasets_cloudmask/dataset_cropped/09_Metas/05/09/20190905091500_00160.png,390.1,384.1,202.7,24.6,962
9/5/2019 9:16,datasets/dataset_cropped/09_Metas/05/09/20190905091600_00160.jpg,datasets_flow/dataset_cropped/09_Metas/05/09/20190905091600_00160.jpg,datasets_cloudmask/dataset_cropped/09_Metas/05/09/20190905091600_00160.png,182.7,1.5,182,24.6,961
9/5/2019 9:17,datasets/dataset_cropped/09_Metas/05/09/20190905091700_00160.jpg,datasets_flow/dataset_cropped/09_Metas/05/09/20190905091700_00160.jpg,datasets_cloudmask/dataset_cropped/09_Metas/05/09/20190905091700_00160.png,171,0.5,170.2,24.4,962
9/5/2019 9:18,datasets/dataset_cropped/09_Metas/05/09/20190905091800_00160.jpg,datasets_flow/dataset_cropped/09_Metas/05/09/20190905091800_00160.jpg,datasets_cloudmask/dataset_cropped/09_Metas/05/09/20190905091800_00160.png,174.5,4.2,171.7,24.4,962
9/5/2019 9:19,datasets/dataset_cropped/09_Metas/05/09/20190905091900_00160.jpg,datasets_flow/dataset_cropped/09_Metas/05/09/20190905091900_00160.jpg,datasets_cloudmask/dataset_cropped/09_Metas/05/09/20190905091900_00160.png,336.3,284.5,188.5,24.7,961
9/5/2019 9:20,datasets/dataset_cropped/09_Metas/05/09/20190905092000_00160.jpg,datasets_flow/dataset_cropped/09_Metas/05/09/20190905092000_00160.jpg,datasets_cloudmask/dataset_cropped/09_Metas/05/09/20190905092000_00160.png,343,266.9,206.4,24.8,962
9/5/2019 9:21,datasets/dataset_cropped/09_Metas/05/09/20190905092100_00160.jpg,datasets_flow/dataset_cropped/09_Metas/05/09/20190905092100_00160.jpg,datasets_cloudmask/dataset_cropped/09_Metas/05/09/20190905092100_00160.png,231.5,35.2,212.6,24.8,962
9/5/2019 9:22,datasets/dataset_cropped/09_Metas/05/09/20190905092200_00160.jpg,datasets_flow/dataset_cropped/09_Metas/05/09/20190905092200_00160.jpg,datasets_cloudmask/dataset_cropped/09_Metas/05/09/20190905092200_00160.png,237.4,13.7,230.4,24.9,961
9/5/2019 9:23,datasets/dataset_cropped/09_Metas/05/09/20190905092300_00160.jpg,datasets_flow/dataset_cropped/09_Metas/05/09/20190905092300_00160.jpg,datasets_cloudmask/dataset_cropped/09_Metas/05/09/20190905092300_00160.png,407.5,326.1,241.4,25,961
9/5/2019 9:24,datasets/dataset_cropped/09_Metas/05/09/20190905092400_00160.jpg,datasets_flow/dataset_cropped/09_Metas/05/09/20190905092400_00160.jpg,datasets_cloudmask/dataset_cropped/09_Metas/05/09/20190905092400_00160.png,425,332.1,254.5,25.1,961
9/5/2019 9:25,datasets/dataset_cropped/09_Metas/05/09/20190905092500_00160.jpg,datasets_flow/dataset_cropped/09_Metas/05/09/20190905092500_00160.jpg,datasets_cloudmask/dataset_cropped/09_Metas/05/09/20190905092500_00160.png,351.3,176.2,261.3,25.1,962
9/5/2019 9:26,datasets/dataset_cropped/09_Metas/05/09/20190905092600_00160.jpg,datasets_flow/dataset_cropped/09_Metas/05/09/20190905092600_00160.jpg,datasets_cloudmask/dataset_cropped/09_Metas/05/09/20190905092600_00160.png,422.4,294.7,265.9,25.2,961
9/5/2019 9:27,datasets/dataset_cropped/09_Metas/05/09/20190905092700_00160.jpg,datasets_flow/dataset_cropped/09_Metas/05/09/20190905092700_00160.jpg,datasets_cloudmask/dataset_cropped/09_Metas/05/09/20190905092700_00160.png,452.5,349.9,268.6,25.2,961
9/5/2019 9:28,datasets/dataset_cropped/09_Metas/05/09/20190905092800_00160.jpg,datasets_flow/dataset_cropped/09_Metas/05/09/20190905092800_00160.jpg,datasets_cloudmask/dataset_cropped/09_Metas/05/09/20190905092800_00160.png,304.3,60.6,272.1,25.4,962
9/5/2019 9:29,datasets/dataset_cropped/09_Metas/05/09/20190905092900_00160.jpg,datasets_flow/dataset_cropped/09_Metas/05/09/20190905092900_00160.jpg,datasets_cloudmask/dataset_cropped/09_Metas/05/09/20190905092900_00160.png,334,118.7,273.5,25.4,961
9/5/2019 9:30,datasets/dataset_cropped/09_Metas/05/09/20190905093000_00160.jpg,datasets_flow/dataset_cropped/09_Metas/05/09/20190905093000_00160.jpg,datasets_cloudmask/dataset_cropped/09_Metas/05/09/20190905093000_00160.png,549.5,518.9,272.6,25.2,962
9/5/2019 9:31,datasets/dataset_cropped/09_Metas/05/09/20190905093100_00160.jpg,datasets_flow/dataset_cropped/09_Metas/05/09/20190905093100_00160.jpg,datasets_cloudmask/dataset_cropped/09_Metas/05/09/20190905093100_00160.png,387.2,218,267.6,25.2,961
9/5/2019 9:32,datasets/dataset_cropped/09_Metas/05/09/20190905093200_00160.jpg,datasets_flow/dataset_cropped/09_Metas/05/09/20190905093200_00160.jpg,datasets_cloudmask/dataset_cropped/09_Metas/05/09/20190905093200_00160.png,264.5,8.7,260.4,25.4,961
9/5/2019 9:33,datasets/dataset_cropped/09_Metas/05/09/20190905093300_00160.jpg,datasets_flow/dataset_cropped/09_Metas/05/09/20190905093300_00160.jpg,datasets_cloudmask/dataset_cropped/09_Metas/05/09/20190905093300_00160.png,263.8,6.5,261.2,25.5,961
9/5/2019 9:34,datasets/dataset_cropped/09_Metas/05/09/20190905093400_00160.jpg,datasets_flow/dataset_cropped/09_Metas/05/09/20190905093400_00160.jpg,datasets_cloudmask/dataset_cropped/09_Metas/05/09/20190905093400_00160.png,286.8,28.9,271.6,25.4,962
9/5/2019 9:35,datasets/dataset_cropped/09_Metas/05/09/20190905093500_00160.jpg,datasets_flow/dataset_cropped/09_Metas/05/09/20190905093500_00160.jpg,datasets_cloudmask/dataset_cropped/09_Metas/05/09/20190905093500_00160.png,347.1,111.9,286.4,25.5,961
9/5/2019 9:36,datasets/dataset_cropped/09_Metas/05/09/20190905093600_00160.jpg,datasets_flow/dataset_cropped/09_Metas/05/09/20190905093600_00160.jpg,datasets_cloudmask/dataset_cropped/09_Metas/05/09/20190905093600_00160.png,478.5,341.3,293.8,25.6,961
9/5/2019 9:37,datasets/dataset_cropped/09_Metas/05/09/20190905093700_00160.jpg,datasets_flow/dataset_cropped/09_Metas/05/09/20190905093700_00160.jpg,datasets_cloudmask/dataset_cropped/09_Metas/05/09/20190905093700_00160.png,466.1,327.2,286.7,25.5,961
9/5/2019 9:38,datasets/dataset_cropped/09_Metas/05/09/20190905093800_00160.jpg,datasets_flow/dataset_cropped/09_Metas/05/09/20190905093800_00160.jpg,datasets_cloudmask/dataset_cropped/09_Metas/05/09/20190905093800_00160.png,569.8,519.7,276,25.9,962
9/5/2019 9:39,datasets/dataset_cropped/09_Metas/05/09/20190905093900_00160.jpg,datasets_flow/dataset_cropped/09_Metas/05/09/20190905093900_00160.jpg,datasets_cloudmask/dataset_cropped/09_Metas/05/09/20190905093900_00160.png,411,254.7,264,26.1,961
9/5/2019 9:40,datasets/dataset_cropped/09_Metas/05/09/20190905094000_00160.jpg,datasets_flow/dataset_cropped/09_Metas/05/09/20190905094000_00160.jpg,datasets_cloudmask/dataset_cropped/09_Metas/05/09/20190905094000_00160.png,620,632,265,26.1,962
9/5/2019 9:41,datasets/dataset_cropped/09_Metas/05/09/20190905094100_00160.jpg,datasets_flow/dataset_cropped/09_Metas/05/09/20190905094100_00160.jpg,datasets_cloudmask/dataset_cropped/09_Metas/05/09/20190905094100_00160.png,627.5,638.8,267.2,26.3,962
9/5/2019 9:42,datasets/dataset_cropped/09_Metas/05/09/20190905094200_00160.jpg,datasets_flow/dataset_cropped/09_Metas/05/09/20190905094200_00160.jpg,datasets_cloudmask/dataset_cropped/09_Metas/05/09/20190905094200_00160.png,629.9,631.9,271.9,26.4,961
9/5/2019 9:43,datasets/dataset_cropped/09_Metas/05/09/20190905094300_00160.jpg,datasets_flow/dataset_cropped/09_Metas/05/09/20190905094300_00160.jpg,datasets_cloudmask/dataset_cropped/09_Metas/05/09/20190905094300_00160.png,636.7,627,279.9,26.2,962
9/5/2019 9:44,datasets/dataset_cropped/09_Metas/05/09/20190905094400_00160.jpg,datasets_flow/dataset_cropped/09_Metas/05/09/20190905094400_00160.jpg,datasets_cloudmask/dataset_cropped/09_Metas/05/09/20190905094400_00160.png,643.4,623.2,287.7,26,962
9/5/2019 9:45,datasets/dataset_cropped/09_Metas/05/09/20190905094500_00160.jpg,datasets_flow/dataset_cropped/09_Metas/05/09/20190905094500_00160.jpg,datasets_cloudmask/dataset_cropped/09_Metas/05/09/20190905094500_00160.png,650.1,624,292.3,25.8,961
9/5/2019 9:46,datasets/dataset_cropped/09_Metas/05/09/20190905094600_00160.jpg,datasets_flow/dataset_cropped/09_Metas/05/09/20190905094600_00160.jpg,datasets_cloudmask/dataset_cropped/09_Metas/05/09/20190905094600_00160.png,656,618.4,299.7,25.7,961
9/5/2019 9:47,datasets/dataset_cropped/09_Metas/05/09/20190905094700_00160.jpg,datasets_flow/dataset_cropped/09_Metas/05/09/20190905094700_00160.jpg,datasets_cloudmask/dataset_cropped/09_Metas/05/09/20190905094700_00160.png,588.3,492.9,306.8,25.7,961
9/5/2019 9:48,datasets/dataset_cropped/09_Metas/05/09/20190905094800_00160.jpg,datasets_flow/dataset_cropped/09_Metas/05/09/20190905094800_00160.jpg,datasets_cloudmask/dataset_cropped/09_Metas/05/09/20190905094800_00160.png,496.4,327.7,304.8,25.7,961
9/5/2019 9:49,datasets/dataset_cropped/09_Metas/05/09/20190905094900_00160.jpg,datasets_flow/dataset_cropped/09_Metas/05/09/20190905094900_00160.jpg,datasets_cloudmask/dataset_cropped/09_Metas/05/09/20190905094900_00160.png,640.8,586.3,297.8,25.6,961
9/5/2019 9:50,datasets/dataset_cropped/09_Metas/05/09/20190905095000_00160.jpg,datasets_flow/dataset_cropped/09_Metas/05/09/20190905095000_00160.jpg,datasets_cloudmask/dataset_cropped/09_Metas/05/09/20190905095000_00160.png,616.6,544.8,288.3,25.7,961
9/5/2019 9:51,datasets/dataset_cropped/09_Metas/05/09/20190905095100_00160.jpg,datasets_flow/dataset_cropped/09_Metas/05/09/20190905095100_00160.jpg,datasets_cloudmask/dataset_cropped/09_Metas/05/09/20190905095100_00160.png,572.2,488.7,284.6,25.9,962
9/5/2019 9:52,datasets/dataset_cropped/09_Metas/05/09/20190905095200_00160.jpg,datasets_flow/dataset_cropped/09_Metas/05/09/20190905095200_00160.jpg,datasets_cloudmask/dataset_cropped/09_Metas/05/09/20190905095200_00160.png,631.7,591.9,281.9,25.9,961
9/5/2019 9:53,datasets/dataset_cropped/09_Metas/05/09/20190905095300_00160.jpg,datasets_flow/dataset_cropped/09_Metas/05/09/20190905095300_00160.jpg,datasets_cloudmask/dataset_cropped/09_Metas/05/09/20190905095300_00160.png,561.3,480.7,277.7,25.7,962
9/5/2019 9:54,datasets/dataset_cropped/09_Metas/05/09/20190905095400_00160.jpg,datasets_flow/dataset_cropped/09_Metas/05/09/20190905095400_00160.jpg,datasets_cloudmask/dataset_cropped/09_Metas/05/09/20190905095400_00160.png,409.6,220.1,278.8,25.6,961
9/5/2019 9:55,datasets/dataset_cropped/09_Metas/05/09/20190905095500_00160.jpg,datasets_flow/dataset_cropped/09_Metas/05/09/20190905095500_00160.jpg,datasets_cloudmask/dataset_cropped/09_Metas/05/09/20190905095500_00160.png,502.6,366.6,279.4,25.7,961
9/5/2019 9:56,datasets/dataset_cropped/09_Metas/05/09/20190905095600_00160.jpg,datasets_flow/dataset_cropped/09_Metas/05/09/20190905095600_00160.jpg,datasets_cloudmask/dataset_cropped/09_Metas/05/09/20190905095600_00160.png,629.3,617.4,257.8,25.8,961
9/5/2019 9:57,datasets/dataset_cropped/09_Metas/05/09/20190905095700_00160.jpg,datasets_flow/dataset_cropped/09_Metas/05/09/20190905095700_00160.jpg,datasets_cloudmask/dataset_cropped/09_Metas/05/09/20190905095700_00160.png,648.2,669.4,240.7,25.8,962
9/5/2019 9:58,datasets/dataset_cropped/09_Metas/05/09/20190905095800_00160.jpg,datasets_flow/dataset_cropped/09_Metas/05/09/20190905095800_00160.jpg,datasets_cloudmask/dataset_cropped/09_Metas/05/09/20190905095800_00160.png,650.3,672.4,239.6,25.9,961
9/5/2019 9:59,datasets/dataset_cropped/09_Metas/05/09/20190905095900_00160.jpg,datasets_flow/dataset_cropped/09_Metas/05/09/20190905095900_00160.jpg,datasets_cloudmask/dataset_cropped/09_Metas/05/09/20190905095900_00160.png,641.6,648,244.7,26.3,961
9/5/2019 10:00,datasets/dataset_cropped/09_Metas/05/10/20190905100000_00160.jpg,datasets_flow/dataset_cropped/09_Metas/05/10/20190905100000_00160.jpg,datasets_cloudmask/dataset_cropped/09_Metas/05/10/20190905100000_00160.png,558,479.3,249.9,26.7,961
9/5/2019 10:01,datasets/dataset_cropped/09_Metas/05/10/20190905100100_00160.jpg,datasets_flow/dataset_cropped/09_Metas/05/10/20190905100100_00160.jpg,datasets_cloudmask/dataset_cropped/09_Metas/05/10/20190905100100_00160.png,625.1,604,247.1,26.6,961
9/5/2019 10:02,datasets/dataset_cropped/09_Metas/05/10/20190905100200_00160.jpg,datasets_flow/dataset_cropped/09_Metas/05/10/20190905100200_00160.jpg,datasets_cloudmask/dataset_cropped/09_Metas/05/10/20190905100200_00160.png,658.2,678.6,237.2,26.4,961
9/5/2019 10:03,datasets/dataset_cropped/09_Metas/05/10/20190905100300_00160.jpg,datasets_flow/dataset_cropped/09_Metas/05/10/20190905100300_00160.jpg,datasets_cloudmask/dataset_cropped/09_Metas/05/10/20190905100300_00160.png,654.8,686.1,227.1,26.3,961
9/5/2019 10:04,datasets/dataset_cropped/09_Metas/05/10/20190905100400_00160.jpg,datasets_flow/dataset_cropped/09_Metas/05/10/20190905100400_00160.jpg,datasets_cloudmask/dataset_cropped/09_Metas/05/10/20190905100400_00160.png,647.1,688.2,216.2,26.5,961
9/5/2019 10:05,datasets/dataset_cropped/09_Metas/05/10/20190905100500_00160.jpg,datasets_flow/dataset_cropped/09_Metas/05/10/20190905100500_00160.jpg,datasets_cloudmask/dataset_cropped/09_Metas/05/10/20190905100500_00160.png,640.8,693.3,205.3,26.4,961
9/5/2019 10:06,datasets/dataset_cropped/09_Metas/05/10/20190905100600_00160.jpg,datasets_flow/dataset_cropped/09_Metas/05/10/20190905100600_00160.jpg,datasets_cloudmask/dataset_cropped/09_Metas/05/10/20190905100600_00160.png,638.5,698.1,198.2,26.2,961
9/5/2019 10:07,datasets/dataset_cropped/09_Metas/05/10/20190905100700_00160.jpg,datasets_flow/dataset_cropped/09_Metas/05/10/20190905100700_00160.jpg,datasets_cloudmask/dataset_cropped/09_Metas/05/10/20190905100700_00160.png,639.6,703.3,194,26.2,962
9/5/2019 10:08,datasets/dataset_cropped/09_Metas/05/10/20190905100800_00160.jpg,datasets_flow/dataset_cropped/09_Metas/05/10/20190905100800_00160.jpg,datasets_cloudmask/dataset_cropped/09_Metas/05/10/20190905100800_00160.png,640.1,703.5,192.6,26.3,962
9/5/2019 10:09,datasets/dataset_cropped/09_Metas/05/10/20190905100900_00160.jpg,datasets_flow/dataset_cropped/09_Metas/05/10/20190905100900_00160.jpg,datasets_cloudmask/dataset_cropped/09_Metas/05/10/20190905100900_00160.png,639,699.7,191.9,26.5,961
9/5/2019 10:10,datasets/dataset_cropped/09_Metas/05/10/20190905101000_00160.jpg,datasets_flow/dataset_cropped/09_Metas/05/10/20190905101000_00160.jpg,datasets_cloudmask/dataset_cropped/09_Metas/05/10/20190905101000_00160.png,637.7,695.7,191,26.4,961
9/5/2019 10:11,datasets/dataset_cropped/09_Metas/05/10/20190905101100_00160.jpg,datasets_flow/dataset_cropped/09_Metas/05/10/20190905101100_00160.jpg,datasets_cloudmask/dataset_cropped/09_Metas/05/10/20190905101100_00160.png,637.5,690.9,193.2,26.4,961
9/5/2019 10:12,datasets/dataset_cropped/09_Metas/05/10/20190905101200_00160.jpg,datasets_flow/dataset_cropped/09_Metas/05/10/20190905101200_00160.jpg,datasets_cloudmask/dataset_cropped/09_Metas/05/10/20190905101200_00160.png,633.6,679.5,194.9,26.5,961
9/5/2019 10:13,datasets/dataset_cropped/09_Metas/05/10/20190905101300_00160.jpg,datasets_flow/dataset_cropped/09_Metas/05/10/20190905101300_00160.jpg,datasets_cloudmask/dataset_cropped/09_Metas/05/10/20190905101300_00160.png,633.7,678.1,194.7,26.1,961
9/5/2019 10:14,datasets/dataset_cropped/09_Metas/05/10/20190905101400_00160.jpg,datasets_flow/dataset_cropped/09_Metas/05/10/20190905101400_00160.jpg,datasets_cloudmask/dataset_cropped/09_Metas/05/10/20190905101400_00160.png,634.2,673.8,196.1,25.9,961
9/5/2019 10:15,datasets/dataset_cropped/09_Metas/05/10/20190905101500_00160.jpg,datasets_flow/dataset_cropped/09_Metas/05/10/20190905101500_00160.jpg,datasets_cloudmask/dataset_cropped/09_Metas/05/10/20190905101500_00160.png,642.1,678.2,199,26.1,961
9/5/2019 10:16,datasets/dataset_cropped/09_Metas/05/10/20190905101600_00160.jpg,datasets_flow/dataset_cropped/09_Metas/05/10/20190905101600_00160.jpg,datasets_cloudmask/dataset_cropped/09_Metas/05/10/20190905101600_00160.png,655.4,694.4,200.2,26.4,962
9/5/2019 10:17,datasets/dataset_cropped/09_Metas/05/10/20190905101700_00160.jpg,datasets_flow/dataset_cropped/09_Metas/05/10/20190905101700_00160.jpg,datasets_cloudmask/dataset_cropped/09_Metas/05/10/20190905101700_00160.png,664,699.2,204.1,26.3,961
9/5/2019 10:18,datasets/dataset_cropped/09_Metas/05/10/20190905101800_00160.jpg,datasets_flow/dataset_cropped/09_Metas/05/10/20190905101800_00160.jpg,datasets_cloudmask/dataset_cropped/09_Metas/05/10/20190905101800_00160.png,669.2,702.4,205.7,26.4,961
9/5/2019 10:19,datasets/dataset_cropped/09_Metas/05/10/20190905101900_00160.jpg,datasets_flow/dataset_cropped/09_Metas/05/10/20190905101900_00160.jpg,datasets_cloudmask/dataset_cropped/09_Metas/05/10/20190905101900_00160.png,677.1,706.5,209.1,26.5,961
9/5/2019 10:20,datasets/dataset_cropped/09_Metas/05/10/20190905102000_00160.jpg,datasets_flow/dataset_cropped/09_Metas/05/10/20190905102000_00160.jpg,datasets_cloudmask/dataset_cropped/09_Metas/05/10/20190905102000_00160.png,684,707.4,213.4,26.2,962
9/5/2019 10:21,datasets/dataset_cropped/09_Metas/05/10/20190905102100_00160.jpg,datasets_flow/dataset_cropped/09_Metas/05/10/20190905102100_00160.jpg,datasets_cloudmask/dataset_cropped/09_Metas/05/10/20190905102100_00160.png,407.3,277.5,218.3,26,961
9/5/2019 10:22,datasets/dataset_cropped/09_Metas/05/10/20190905102200_00160.jpg,datasets_flow/dataset_cropped/09_Metas/05/10/20190905102200_00160.jpg,datasets_cloudmask/dataset_cropped/09_Metas/05/10/20190905102200_00160.png,252.9,37,224.3,26.1,961
9/5/2019 10:23,datasets/dataset_cropped/09_Metas/05/10/20190905102300_00160.jpg,datasets_flow/dataset_cropped/09_Metas/05/10/20190905102300_00160.jpg,datasets_cloudmask/dataset_cropped/09_Metas/05/10/20190905102300_00160.png,266.7,34.7,239.4,26,961
9/5/2019 10:24,datasets/dataset_cropped/09_Metas/05/10/20190905102400_00160.jpg,datasets_flow/dataset_cropped/09_Metas/05/10/20190905102400_00160.jpg,datasets_cloudmask/dataset_cropped/09_Metas/05/10/20190905102400_00160.png,339.5,120.8,256.4,26.1,961
9/5/2019 10:25,datasets/dataset_cropped/09_Metas/05/10/20190905102500_00160.jpg,datasets_flow/dataset_cropped/09_Metas/05/10/20190905102500_00160.jpg,datasets_cloudmask/dataset_cropped/09_Metas/05/10/20190905102500_00160.png,569.4,461.6,259.1,26.2,961
9/5/2019 10:26,datasets/dataset_cropped/09_Metas/05/10/20190905102600_00160.jpg,datasets_flow/dataset_cropped/09_Metas/05/10/20190905102600_00160.jpg,datasets_cloudmask/dataset_cropped/09_Metas/05/10/20190905102600_00160.png,238.8,2.6,236.3,26.1,961
9/5/2019 10:27,datasets/dataset_cropped/09_Metas/05/10/20190905102700_00160.jpg,datasets_flow/dataset_cropped/09_Metas/05/10/20190905102700_00160.jpg,datasets_cloudmask/dataset_cropped/09_Metas/05/10/20190905102700_00160.png,224,0.7,223.1,26.2,962
9/5/2019 10:28,datasets/dataset_cropped/09_Metas/05/10/20190905102800_00160.jpg,datasets_flow/dataset_cropped/09_Metas/05/10/20190905102800_00160.jpg,datasets_cloudmask/dataset_cropped/09_Metas/05/10/20190905102800_00160.png,226.2,1,225.1,26.3,961
9/5/2019 10:29,datasets/dataset_cropped/09_Metas/05/10/20190905102900_00160.jpg,datasets_flow/dataset_cropped/09_Metas/05/10/20190905102900_00160.jpg,datasets_cloudmask/dataset_cropped/09_Metas/05/10/20190905102900_00160.png,233.9,2.5,231.5,26.5,962
9/5/2019 10:30,datasets/dataset_cropped/09_Metas/05/10/20190905103000_00160.jpg,datasets_flow/dataset_cropped/09_Metas/05/10/20190905103000_00160.jpg,datasets_cloudmask/dataset_cropped/09_Metas/05/10/20190905103000_00160.png,266.4,31.6,243.4,26.9,961
9/5/2019 10:31,datasets/dataset_cropped/09_Metas/05/10/20190905103100_00160.jpg,datasets_flow/dataset_cropped/09_Metas/05/10/20190905103100_00160.jpg,datasets_cloudmask/dataset_cropped/09_Metas/05/10/20190905103100_00160.png,683.9,622.5,260.6,26.8,961
9/5/2019 10:32,datasets/dataset_cropped/09_Metas/05/10/20190905103200_00160.jpg,datasets_flow/dataset_cropped/09_Metas/05/10/20190905103200_00160.jpg,datasets_cloudmask/dataset_cropped/09_Metas/05/10/20190905103200_00160.png,753.3,709.1,262.2,26.3,961
9/5/2019 10:33,datasets/dataset_cropped/09_Metas/05/10/20190905103300_00160.jpg,datasets_flow/dataset_cropped/09_Metas/05/10/20190905103300_00160.jpg,datasets_cloudmask/dataset_cropped/09_Metas/05/10/20190905103300_00160.png,744.7,710.4,251.4,26,961
9/5/2019 10:34,datasets/dataset_cropped/09_Metas/05/10/20190905103400_00160.jpg,datasets_flow/dataset_cropped/09_Metas/05/10/20190905103400_00160.jpg,datasets_cloudmask/dataset_cropped/09_Metas/05/10/20190905103400_00160.png,595.1,485.1,251.1,26.1,962
9/5/2019 10:35,datasets/dataset_cropped/09_Metas/05/10/20190905103500_00160.jpg,datasets_flow/dataset_cropped/09_Metas/05/10/20190905103500_00160.jpg,datasets_cloudmask/dataset_cropped/09_Metas/05/10/20190905103500_00160.png,731.5,685.5,253.1,26.1,962
9/5/2019 10:36,datasets/dataset_cropped/09_Metas/05/10/20190905103600_00160.jpg,datasets_flow/dataset_cropped/09_Metas/05/10/20190905103600_00160.jpg,datasets_cloudmask/dataset_cropped/09_Metas/05/10/20190905103600_00160.png,747.2,711.4,249.4,26.5,961
9/5/2019 10:37,datasets/dataset_cropped/09_Metas/05/10/20190905103700_00160.jpg,datasets_flow/dataset_cropped/09_Metas/05/10/20190905103700_00160.jpg,datasets_cloudmask/dataset_cropped/09_Metas/05/10/20190905103700_00160.png,752.5,714.4,251.3,26.8,961
9/5/2019 10:38,datasets/dataset_cropped/09_Metas/05/10/20190905103800_00160.jpg,datasets_flow/dataset_cropped/09_Metas/05/10/20190905103800_00160.jpg,datasets_cloudmask/dataset_cropped/09_Metas/05/10/20190905103800_00160.png,714.5,650.9,256.8,26.6,961
9/5/2019 10:39,datasets/dataset_cropped/09_Metas/05/10/20190905103900_00160.jpg,datasets_flow/dataset_cropped/09_Metas/05/10/20190905103900_00160.jpg,datasets_cloudmask/dataset_cropped/09_Metas/05/10/20190905103900_00160.png,278.4,31.7,253.2,26.4,961
9/5/2019 10:40,datasets/dataset_cropped/09_Metas/05/10/20190905104000_00160.jpg,datasets_flow/dataset_cropped/09_Metas/05/10/20190905104000_00160.jpg,datasets_cloudmask/dataset_cropped/09_Metas/05/10/20190905104000_00160.png,249.5,2.6,246.2,26.3,961
9/5/2019 10:41,datasets/dataset_cropped/09_Metas/05/10/20190905104100_00160.jpg,datasets_flow/dataset_cropped/09_Metas/05/10/20190905104100_00160.jpg,datasets_cloudmask/dataset_cropped/09_Metas/05/10/20190905104100_00160.png,240.3,0.9,238,26.1,961
9/5/2019 10:42,datasets/dataset_cropped/09_Metas/05/10/20190905104200_00160.jpg,datasets_flow/dataset_cropped/09_Metas/05/10/20190905104200_00160.jpg,datasets_cloudmask/dataset_cropped/09_Metas/05/10/20190905104200_00160.png,237.5,1.2,234.7,25.9,962
9/5/2019 10:43,datasets/dataset_cropped/09_Metas/05/10/20190905104300_00160.jpg,datasets_flow/dataset_cropped/09_Metas/05/10/20190905104300_00160.jpg,datasets_cloudmask/dataset_cropped/09_Metas/05/10/20190905104300_00160.png,241.3,11.2,230,25.9,961
9/5/2019 10:44,datasets/dataset_cropped/09_Metas/05/10/20190905104400_00160.jpg,datasets_flow/dataset_cropped/09_Metas/05/10/20190905104400_00160.jpg,datasets_cloudmask/dataset_cropped/09_Metas/05/10/20190905104400_00160.png,246.2,10.5,235.5,26,961
9/5/2019 10:45,datasets/dataset_cropped/09_Metas/05/10/20190905104500_00160.jpg,datasets_flow/dataset_cropped/09_Metas/05/10/20190905104500_00160.jpg,datasets_cloudmask/dataset_cropped/09_Metas/05/10/20190905104500_00160.png,250.1,4.8,244.1,26,961
9/5/2019 10:46,datasets/dataset_cropped/09_Metas/05/10/20190905104600_00160.jpg,datasets_flow/dataset_cropped/09_Metas/05/10/20190905104600_00160.jpg,datasets_cloudmask/dataset_cropped/09_Metas/05/10/20190905104600_00160.png,282.7,27.7,259.7,26.1,961
9/5/2019 10:47,datasets/dataset_cropped/09_Metas/05/10/20190905104700_00160.jpg,datasets_flow/dataset_cropped/09_Metas/05/10/20190905104700_00160.jpg,datasets_cloudmask/dataset_cropped/09_Metas/05/10/20190905104700_00160.png,292.7,24.8,273.2,26.6,961
9/5/2019 10:48,datasets/dataset_cropped/09_Metas/05/10/20190905104800_00160.jpg,datasets_flow/dataset_cropped/09_Metas/05/10/20190905104800_00160.jpg,datasets_cloudmask/dataset_cropped/09_Metas/05/10/20190905104800_00160.png,279.5,2.4,276.9,27.1,962
9/5/2019 10:49,datasets/dataset_cropped/09_Metas/05/10/20190905104900_00160.jpg,datasets_flow/dataset_cropped/09_Metas/05/10/20190905104900_00160.jpg,datasets_cloudmask/dataset_cropped/09_Metas/05/10/20190905104900_00160.png,278.7,3,275.8,27.2,961
9/5/2019 10:50,datasets/dataset_cropped/09_Metas/05/10/20190905105000_00160.jpg,datasets_flow/dataset_cropped/09_Metas/05/10/20190905105000_00160.jpg,datasets_cloudmask/dataset_cropped/09_Metas/05/10/20190905105000_00160.png,365.3,108.4,277.4,26.8,961
9/5/2019 10:51,datasets/dataset_cropped/09_Metas/05/10/20190905105100_00160.jpg,datasets_flow/dataset_cropped/09_Metas/05/10/20190905105100_00160.jpg,datasets_cloudmask/dataset_cropped/09_Metas/05/10/20190905105100_00160.png,459.5,254.4,275.3,26.7,962
9/5/2019 10:52,datasets/dataset_cropped/09_Metas/05/10/20190905105200_00160.jpg,datasets_flow/dataset_cropped/09_Metas/05/10/20190905105200_00160.jpg,datasets_cloudmask/dataset_cropped/09_Metas/05/10/20190905105200_00160.png,334.9,102.4,263.8,27,961
9/5/2019 10:53,datasets/dataset_cropped/09_Metas/05/10/20190905105300_00160.jpg,datasets_flow/dataset_cropped/09_Metas/05/10/20190905105300_00160.jpg,datasets_cloudmask/dataset_cropped/09_Metas/05/10/20190905105300_00160.png,334.4,108.4,262.4,27.3,962
9/5/2019 10:54,datasets/dataset_cropped/09_Metas/05/10/20190905105400_00160.jpg,datasets_flow/dataset_cropped/09_Metas/05/10/20190905105400_00160.jpg,datasets_cloudmask/dataset_cropped/09_Metas/05/10/20190905105400_00160.png,491.1,284.7,265.7,27.2,962
9/5/2019 10:55,datasets/dataset_cropped/09_Metas/05/10/20190905105500_00160.jpg,datasets_flow/dataset_cropped/09_Metas/05/10/20190905105500_00160.jpg,datasets_cloudmask/dataset_cropped/09_Metas/05/10/20190905105500_00160.png,594.9,434.7,282,27.1,961
9/5/2019 10:56,datasets/dataset_cropped/09_Metas/05/10/20190905105600_00160.jpg,datasets_flow/dataset_cropped/09_Metas/05/10/20190905105600_00160.jpg,datasets_cloudmask/dataset_cropped/09_Metas/05/10/20190905105600_00160.png,562.3,363.4,295.5,27,962
9/5/2019 10:57,datasets/dataset_cropped/09_Metas/05/10/20190905105700_00160.jpg,datasets_flow/dataset_cropped/09_Metas/05/10/20190905105700_00160.jpg,datasets_cloudmask/dataset_cropped/09_Metas/05/10/20190905105700_00160.png,823,695.7,305.3,26.8,961
9/5/2019 10:58,datasets/dataset_cropped/09_Metas/05/10/20190905105800_00160.jpg,datasets_flow/dataset_cropped/09_Metas/05/10/20190905105800_00160.jpg,datasets_cloudmask/dataset_cropped/09_Metas/05/10/20190905105800_00160.png,843,721.9,306.3,27,962
9/5/2019 10:59,datasets/dataset_cropped/09_Metas/05/10/20190905105900_00160.jpg,datasets_flow/dataset_cropped/09_Metas/05/10/20190905105900_00160.jpg,datasets_cloudmask/dataset_cropped/09_Metas/05/10/20190905105900_00160.png,839,728.8,295.3,27.2,961
9/5/2019 11:00,datasets/dataset_cropped/09_Metas/05/11/20190905110000_00160.jpg,datasets_flow/dataset_cropped/09_Metas/05/11/20190905110000_00160.jpg,datasets_cloudmask/dataset_cropped/09_Metas/05/11/20190905110000_00160.png,823,728.4,278.3,27.3,961
9/5/2019 11:01,datasets/dataset_cropped/09_Metas/05/11/20190905110100_00160.jpg,datasets_flow/dataset_cropped/09_Metas/05/11/20190905110100_00160.jpg,datasets_cloudmask/dataset_cropped/09_Metas/05/11/20190905110100_00160.png,810,728.8,263.5,27.4,961
9/5/2019 11:02,datasets/dataset_cropped/09_Metas/05/11/20190905110200_00160.jpg,datasets_flow/dataset_cropped/09_Metas/05/11/20190905110200_00160.jpg,datasets_cloudmask/dataset_cropped/09_Metas/05/11/20190905110200_00160.png,803,733.4,252.3,27.5,961
9/5/2019 11:03,datasets/dataset_cropped/09_Metas/05/11/20190905110300_00160.jpg,datasets_flow/dataset_cropped/09_Metas/05/11/20190905110300_00160.jpg,datasets_cloudmask/dataset_cropped/09_Metas/05/11/20190905110300_00160.png,797.1,737.4,241.6,27.5,962
9/5/2019 11:04,datasets/dataset_cropped/09_Metas/05/11/20190905110400_00160.jpg,datasets_flow/dataset_cropped/09_Metas/05/11/20190905110400_00160.jpg,datasets_cloudmask/dataset_cropped/09_Metas/05/11/20190905110400_00160.png,783.3,727.8,233.4,27.6,961
9/5/2019 11:05,datasets/dataset_cropped/09_Metas/05/11/20190905110500_00160.jpg,datasets_flow/dataset_cropped/09_Metas/05/11/20190905110500_00160.jpg,datasets_cloudmask/dataset_cropped/09_Metas/05/11/20190905110500_00160.png,772,715,230.5,27.8,961
9/5/2019 11:06,datasets/dataset_cropped/09_Metas/05/11/20190905110600_00160.jpg,datasets_flow/dataset_cropped/09_Metas/05/11/20190905110600_00160.jpg,datasets_cloudmask/dataset_cropped/09_Metas/05/11/20190905110600_00160.png,752.1,678,234.4,27.9,961
9/5/2019 11:07,datasets/dataset_cropped/09_Metas/05/11/20190905110700_00160.jpg,datasets_flow/dataset_cropped/09_Metas/05/11/20190905110700_00160.jpg,datasets_cloudmask/dataset_cropped/09_Metas/05/11/20190905110700_00160.png,730,639.7,237.1,27.4,961
9/5/2019 11:08,datasets/dataset_cropped/09_Metas/05/11/20190905110800_00160.jpg,datasets_flow/dataset_cropped/09_Metas/05/11/20190905110800_00160.jpg,datasets_cloudmask/dataset_cropped/09_Metas/05/11/20190905110800_00160.png,783.5,711.3,240.2,27.4,961
9/5/2019 11:09,datasets/dataset_cropped/09_Metas/05/11/20190905110900_00160.jpg,datasets_flow/dataset_cropped/09_Metas/05/11/20190905110900_00160.jpg,datasets_cloudmask/dataset_cropped/09_Metas/05/11/20190905110900_00160.png,800,724,246.1,27.4,962
9/5/2019 11:10,datasets/dataset_cropped/09_Metas/05/11/20190905111000_00160.jpg,datasets_flow/dataset_cropped/09_Metas/05/11/20190905111000_00160.jpg,datasets_cloudmask/dataset_cropped/09_Metas/05/11/20190905111000_00160.png,818,737.4,252,27.2,961
9/5/2019 11:11,datasets/dataset_cropped/09_Metas/05/11/20190905111100_00160.jpg,datasets_flow/dataset_cropped/09_Metas/05/11/20190905111100_00160.jpg,datasets_cloudmask/dataset_cropped/09_Metas/05/11/20190905111100_00160.png,823,746.3,249.2,27.4,961
9/5/2019 11:12,datasets/dataset_cropped/09_Metas/05/11/20190905111200_00160.jpg,datasets_flow/dataset_cropped/09_Metas/05/11/20190905111200_00160.jpg,datasets_cloudmask/dataset_cropped/09_Metas/05/11/20190905111200_00160.png,826,746.7,250.1,27.8,961
9/5/2019 11:13,datasets/dataset_cropped/09_Metas/05/11/20190905111300_00160.jpg,datasets_flow/dataset_cropped/09_Metas/05/11/20190905111300_00160.jpg,datasets_cloudmask/dataset_cropped/09_Metas/05/11/20190905111300_00160.png,820,732.6,253.8,28,961
9/5/2019 11:14,datasets/dataset_cropped/09_Metas/05/11/20190905111400_00160.jpg,datasets_flow/dataset_cropped/09_Metas/05/11/20190905111400_00160.jpg,datasets_cloudmask/dataset_cropped/09_Metas/05/11/20190905111400_00160.png,802,695.3,263.7,27.8,962
9/5/2019 11:15,datasets/dataset_cropped/09_Metas/05/11/20190905111500_00160.jpg,datasets_flow/dataset_cropped/09_Metas/05/11/20190905111500_00160.jpg,datasets_cloudmask/dataset_cropped/09_Metas/05/11/20190905111500_00160.png,624.2,444.3,280.9,28,962
9/5/2019 11:16,datasets/dataset_cropped/09_Metas/05/11/20190905111600_00160.jpg,datasets_flow/dataset_cropped/09_Metas/05/11/20190905111600_00160.jpg,datasets_cloudmask/dataset_cropped/09_Metas/05/11/20190905111600_00160.png,406.2,136.7,305.1,28.1,961
9/5/2019 11:17,datasets/dataset_cropped/09_Metas/05/11/20190905111700_00160.jpg,datasets_flow/dataset_cropped/09_Metas/05/11/20190905111700_00160.jpg,datasets_cloudmask/dataset_cropped/09_Metas/05/11/20190905111700_00160.png,702.2,490.3,316.4,27.9,962
9/5/2019 11:18,datasets/dataset_cropped/09_Metas/05/11/20190905111800_00160.jpg,datasets_flow/dataset_cropped/09_Metas/05/11/20190905111800_00160.jpg,datasets_cloudmask/dataset_cropped/09_Metas/05/11/20190905111800_00160.png,865,712.7,307.4,27.6,961
9/5/2019 11:19,datasets/dataset_cropped/09_Metas/05/11/20190905111900_00160.jpg,datasets_flow/dataset_cropped/09_Metas/05/11/20190905111900_00160.jpg,datasets_cloudmask/dataset_cropped/09_Metas/05/11/20190905111900_00160.png,862,714.2,302,27.4,962
9/5/2019 11:20,datasets/dataset_cropped/09_Metas/05/11/20190905112000_00160.jpg,datasets_flow/dataset_cropped/09_Metas/05/11/20190905112000_00160.jpg,datasets_cloudmask/dataset_cropped/09_Metas/05/11/20190905112000_00160.png,798.2,623.6,306.3,27.2,962
9/5/2019 11:21,datasets/dataset_cropped/09_Metas/05/11/20190905112100_00160.jpg,datasets_flow/dataset_cropped/09_Metas/05/11/20190905112100_00160.jpg,datasets_cloudmask/dataset_cropped/09_Metas/05/11/20190905112100_00160.png,502.9,236,317.9,27.1,961
9/5/2019 11:22,datasets/dataset_cropped/09_Metas/05/11/20190905112200_00160.jpg,datasets_flow/dataset_cropped/09_Metas/05/11/20190905112200_00160.jpg,datasets_cloudmask/dataset_cropped/09_Metas/05/11/20190905112200_00160.png,418.9,129.5,326.3,27.3,961
9/5/2019 11:23,datasets/dataset_cropped/09_Metas/05/11/20190905112300_00160.jpg,datasets_flow/dataset_cropped/09_Metas/05/11/20190905112300_00160.jpg,datasets_cloudmask/dataset_cropped/09_Metas/05/11/20190905112300_00160.png,639.1,398.9,331.6,27.3,962
9/5/2019 11:24,datasets/dataset_cropped/09_Metas/05/11/20190905112400_00160.jpg,datasets_flow/dataset_cropped/09_Metas/05/11/20190905112400_00160.jpg,datasets_cloudmask/dataset_cropped/09_Metas/05/11/20190905112400_00160.png,681.9,454.4,332.3,27.2,962
9/5/2019 11:25,datasets/dataset_cropped/09_Metas/05/11/20190905112500_00160.jpg,datasets_flow/dataset_cropped/09_Metas/05/11/20190905112500_00160.jpg,datasets_cloudmask/dataset_cropped/09_Metas/05/11/20190905112500_00160.png,854,658,336.4,27.6,962
9/5/2019 11:26,datasets/dataset_cropped/09_Metas/05/11/20190905112600_00160.jpg,datasets_flow/dataset_cropped/09_Metas/05/11/20190905112600_00160.jpg,datasets_cloudmask/dataset_cropped/09_Metas/05/11/20190905112600_00160.png,738,510.1,331.9,27.9,962
9/5/2019 11:27,datasets/dataset_cropped/09_Metas/05/11/20190905112700_00160.jpg,datasets_flow/dataset_cropped/09_Metas/05/11/20190905112700_00160.jpg,datasets_cloudmask/dataset_cropped/09_Metas/05/11/20190905112700_00160.png,623.8,356.3,335.1,28.1,962
9/5/2019 11:28,datasets/dataset_cropped/09_Metas/05/11/20190905112800_00160.jpg,datasets_flow/dataset_cropped/09_Metas/05/11/20190905112800_00160.jpg,datasets_cloudmask/dataset_cropped/09_Metas/05/11/20190905112800_00160.png,397.1,68.4,338.3,27.9,962
9/5/2019 11:29,datasets/dataset_cropped/09_Metas/05/11/20190905112900_00160.jpg,datasets_flow/dataset_cropped/09_Metas/05/11/20190905112900_00160.jpg,datasets_cloudmask/dataset_cropped/09_Metas/05/11/20190905112900_00160.png,373.8,28.2,348.1,27.7,961
9/5/2019 11:30,datasets/dataset_cropped/09_Metas/05/11/20190905113000_00160.jpg,datasets_flow/dataset_cropped/09_Metas/05/11/20190905113000_00160.jpg,datasets_cloudmask/dataset_cropped/09_Metas/05/11/20190905113000_00160.png,430.3,82.4,357.5,27.6,962
9/5/2019 11:31,datasets/dataset_cropped/09_Metas/05/11/20190905113100_00160.jpg,datasets_flow/dataset_cropped/09_Metas/05/11/20190905113100_00160.jpg,datasets_cloudmask/dataset_cropped/09_Metas/05/11/20190905113100_00160.png,419.3,67.8,353.6,27.7,962
9/5/2019 11:32,datasets/dataset_cropped/09_Metas/05/11/20190905113200_00160.jpg,datasets_flow/dataset_cropped/09_Metas/05/11/20190905113200_00160.jpg,datasets_cloudmask/dataset_cropped/09_Metas/05/11/20190905113200_00160.png,400.9,45.3,355.8,27.7,961
9/5/2019 11:33,datasets/dataset_cropped/09_Metas/05/11/20190905113316_00160.jpg,datasets_flow/dataset_cropped/09_Metas/05/11/20190905113316_00160.jpg,datasets_cloudmask/dataset_cropped/09_Metas/05/11/20190905113316_00160.png,701.8,453.4,333.9,27.8,961
9/5/2019 11:34,datasets/dataset_cropped/09_Metas/05/11/20190905113400_00160.jpg,datasets_flow/dataset_cropped/09_Metas/05/11/20190905113400_00160.jpg,datasets_cloudmask/dataset_cropped/09_Metas/05/11/20190905113400_00160.png,876,689.6,321.2,27.9,961
9/5/2019 11:35,datasets/dataset_cropped/09_Metas/05/11/20190905113500_00160.jpg,datasets_flow/dataset_cropped/09_Metas/05/11/20190905113500_00160.jpg,datasets_cloudmask/dataset_cropped/09_Metas/05/11/20190905113500_00160.png,900,733.1,308.8,27.9,962
9/5/2019 11:36,datasets/dataset_cropped/09_Metas/05/11/20190905113600_00160.jpg,datasets_flow/dataset_cropped/09_Metas/05/11/20190905113600_00160.jpg,datasets_cloudmask/dataset_cropped/09_Metas/05/11/20190905113600_00160.png,907,742.3,307.1,27.9,962
9/5/2019 11:37,datasets/dataset_cropped/09_Metas/05/11/20190905113700_00160.jpg,datasets_flow/dataset_cropped/09_Metas/05/11/20190905113700_00160.jpg,datasets_cloudmask/dataset_cropped/09_Metas/05/11/20190905113700_00160.png,913,744.6,309.9,28.1,961
9/5/2019 11:38,datasets/dataset_cropped/09_Metas/05/11/20190905113800_00160.jpg,datasets_flow/dataset_cropped/09_Metas/05/11/20190905113800_00160.jpg,datasets_cloudmask/dataset_cropped/09_Metas/05/11/20190905113800_00160.png,896,713.8,313.1,28.2,961
9/5/2019 11:39,datasets/dataset_cropped/09_Metas/05/11/20190905113900_00160.jpg,datasets_flow/dataset_cropped/09_Metas/05/11/20190905113900_00160.jpg,datasets_cloudmask/dataset_cropped/09_Metas/05/11/20190905113900_00160.png,889,705.7,318.1,28.2,962
9/5/2019 11:40,datasets/dataset_cropped/09_Metas/05/11/20190905114000_00160.jpg,datasets_flow/dataset_cropped/09_Metas/05/11/20190905114000_00160.jpg,datasets_cloudmask/dataset_cropped/09_Metas/05/11/20190905114000_00160.png,908,722.2,320.5,28,961
9/5/2019 11:41,datasets/dataset_cropped/09_Metas/05/11/20190905114100_00160.jpg,datasets_flow/dataset_cropped/09_Metas/05/11/20190905114100_00160.jpg,datasets_cloudmask/dataset_cropped/09_Metas/05/11/20190905114100_00160.png,867,664.1,317.7,27.9,962
9/5/2019 11:42,datasets/dataset_cropped/09_Metas/05/11/20190905114200_00160.jpg,datasets_flow/dataset_cropped/09_Metas/05/11/20190905114200_00160.jpg,datasets_cloudmask/dataset_cropped/09_Metas/05/11/20190905114200_00160.png,734.1,504.3,316.7,27.9,961
9/5/2019 11:43,datasets/dataset_cropped/09_Metas/05/11/20190905114300_00160.jpg,datasets_flow/dataset_cropped/09_Metas/05/11/20190905114300_00160.jpg,datasets_cloudmask/dataset_cropped/09_Metas/05/11/20190905114300_00160.png,652.3,395,316.2,27.8,961
9/5/2019 11:44,datasets/dataset_cropped/09_Metas/05/11/20190905114400_00160.jpg,datasets_flow/dataset_cropped/09_Metas/05/11/20190905114400_00160.jpg,datasets_cloudmask/dataset_cropped/09_Metas/05/11/20190905114400_00160.png,822,605.9,316.6,28,961
9/5/2019 11:45,datasets/dataset_cropped/09_Metas/05/11/20190905114500_00160.jpg,datasets_flow/dataset_cropped/09_Metas/05/11/20190905114500_00160.jpg,datasets_cloudmask/dataset_cropped/09_Metas/05/11/20190905114500_00160.png,862,691.5,295.7,28.5,961
9/5/2019 11:46,datasets/dataset_cropped/09_Metas/05/11/20190905114600_00160.jpg,datasets_flow/dataset_cropped/09_Metas/05/11/20190905114600_00160.jpg,datasets_cloudmask/dataset_cropped/09_Metas/05/11/20190905114600_00160.png,879,724.7,285.6,28.4,961
9/5/2019 11:47,datasets/dataset_cropped/09_Metas/05/11/20190905114700_00160.jpg,datasets_flow/dataset_cropped/09_Metas/05/11/20190905114700_00160.jpg,datasets_cloudmask/dataset_cropped/09_Metas/05/11/20190905114700_00160.png,885,743.8,274.8,28.4,961
9/5/2019 11:48,datasets/dataset_cropped/09_Metas/05/11/20190905114800_00160.jpg,datasets_flow/dataset_cropped/09_Metas/05/11/20190905114800_00160.jpg,datasets_cloudmask/dataset_cropped/09_Metas/05/11/20190905114800_00160.png,889,757.6,267,28.9,961
9/5/2019 11:49,datasets/dataset_cropped/09_Metas/05/11/20190905114900_00160.jpg,datasets_flow/dataset_cropped/09_Metas/05/11/20190905114900_00160.jpg,datasets_cloudmask/dataset_cropped/09_Metas/05/11/20190905114900_00160.png,893,763.7,264.2,28.9,961
9/5/2019 11:50,datasets/dataset_cropped/09_Metas/05/11/20190905115000_00160.jpg,datasets_flow/dataset_cropped/09_Metas/05/11/20190905115000_00160.jpg,datasets_cloudmask/dataset_cropped/09_Metas/05/11/20190905115000_00160.png,898,767.5,264.2,28.7,961
9/5/2019 11:51,datasets/dataset_cropped/09_Metas/05/11/20190905115100_00160.jpg,datasets_flow/dataset_cropped/09_Metas/05/11/20190905115100_00160.jpg,datasets_cloudmask/dataset_cropped/09_Metas/05/11/20190905115100_00160.png,899,766.5,265.6,28.7,961
9/5/2019 11:52,datasets/dataset_cropped/09_Metas/05/11/20190905115200_00160.jpg,datasets_flow/dataset_cropped/09_Metas/05/11/20190905115200_00160.jpg,datasets_cloudmask/dataset_cropped/09_Metas/05/11/20190905115200_00160.png,894,766.5,260,28.7,961
9/5/2019 11:53,datasets/dataset_cropped/09_Metas/05/11/20190905115300_00160.jpg,datasets_flow/dataset_cropped/09_Metas/05/11/20190905115300_00160.jpg,datasets_cloudmask/dataset_cropped/09_Metas/05/11/20190905115300_00160.png,886,763.1,254.9,28.8,961
9/5/2019 11:54,datasets/dataset_cropped/09_Metas/05/11/20190905115400_00160.jpg,datasets_flow/dataset_cropped/09_Metas/05/11/20190905115400_00160.jpg,datasets_cloudmask/dataset_cropped/09_Metas/05/11/20190905115400_00160.png,889,762.6,257.2,28.8,961
9/5/2019 11:55,datasets/dataset_cropped/09_Metas/05/11/20190905115500_00160.jpg,datasets_flow/dataset_cropped/09_Metas/05/11/20190905115500_00160.jpg,datasets_cloudmask/dataset_cropped/09_Metas/05/11/20190905115500_00160.png,890,763.1,257.4,28.6,961
9/5/2019 11:56,datasets/dataset_cropped/09_Metas/05/11/20190905115600_00160.jpg,datasets_flow/dataset_cropped/09_Metas/05/11/20190905115600_00160.jpg,datasets_cloudmask/dataset_cropped/09_Metas/05/11/20190905115600_00160.png,895,767.5,257.8,28.5,961
9/5/2019 11:57,datasets/dataset_cropped/09_Metas/05/11/20190905115700_00160.jpg,datasets_flow/dataset_cropped/09_Metas/05/11/20190905115700_00160.jpg,datasets_cloudmask/dataset_cropped/09_Metas/05/11/20190905115700_00160.png,898,768.7,258.7,28.6,961
9/5/2019 11:58,datasets/dataset_cropped/09_Metas/05/11/20190905115800_00160.jpg,datasets_flow/dataset_cropped/09_Metas/05/11/20190905115800_00160.jpg,datasets_cloudmask/dataset_cropped/09_Metas/05/11/20190905115800_00160.png,896,768.1,256.2,28.5,961
9/5/2019 11:59,datasets/dataset_cropped/09_Metas/05/11/20190905115900_00160.jpg,datasets_flow/dataset_cropped/09_Metas/05/11/20190905115900_00160.jpg,datasets_cloudmask/dataset_cropped/09_Metas/05/11/20190905115900_00160.png,897,767.4,256,28.3,961
9/5/2019 12:00,datasets/dataset_cropped/09_Metas/05/12/20190905120000_00160.jpg,datasets_flow/dataset_cropped/09_Metas/05/12/20190905120000_00160.jpg,datasets_cloudmask/dataset_cropped/09_Metas/05/12/20190905120000_00160.png,888,753.7,258.7,28.7,961
9/5/2019 12:01,datasets/dataset_cropped/09_Metas/05/12/20190905120100_00160.jpg,datasets_flow/dataset_cropped/09_Metas/05/12/20190905120100_00160.jpg,datasets_cloudmask/dataset_cropped/09_Metas/05/12/20190905120100_00160.png,883,745.6,259.7,28.8,961
9/5/2019 12:02,datasets/dataset_cropped/09_Metas/05/12/20190905120200_00160.jpg,datasets_flow/dataset_cropped/09_Metas/05/12/20190905120200_00160.jpg,datasets_cloudmask/dataset_cropped/09_Metas/05/12/20190905120200_00160.png,876,739.5,257.5,28.8,961
9/5/2019 12:03,datasets/dataset_cropped/09_Metas/05/12/20190905120300_00160.jpg,datasets_flow/dataset_cropped/09_Metas/05/12/20190905120300_00160.jpg,datasets_cloudmask/dataset_cropped/09_Metas/05/12/20190905120300_00160.png,881,744.4,257.2,28.7,961
9/5/2019 12:04,datasets/dataset_cropped/09_Metas/05/12/20190905120400_00160.jpg,datasets_flow/dataset_cropped/09_Metas/05/12/20190905120400_00160.jpg,datasets_cloudmask/dataset_cropped/09_Metas/05/12/20190905120400_00160.png,895,753.6,261.7,28.4,961
9/5/2019 12:05,datasets/dataset_cropped/09_Metas/05/12/20190905120500_00160.jpg,datasets_flow/dataset_cropped/09_Metas/05/12/20190905120500_00160.jpg,datasets_cloudmask/dataset_cropped/09_Metas/05/12/20190905120500_00160.png,907,757.3,269.4,28.4,961
9/5/2019 12:06,datasets/dataset_cropped/09_Metas/05/12/20190905120600_00160.jpg,datasets_flow/dataset_cropped/09_Metas/05/12/20190905120600_00160.jpg,datasets_cloudmask/dataset_cropped/09_Metas/05/12/20190905120600_00160.png,916,757.8,277.4,28.6,961
9/5/2019 12:07,datasets/dataset_cropped/09_Metas/05/12/20190905120700_00160.jpg,datasets_flow/dataset_cropped/09_Metas/05/12/20190905120700_00160.jpg,datasets_cloudmask/dataset_cropped/09_Metas/05/12/20190905120700_00160.png,924,759.2,284.3,28.7,961
9/5/2019 12:08,datasets/dataset_cropped/09_Metas/05/12/20190905120800_00160.jpg,datasets_flow/dataset_cropped/09_Metas/05/12/20190905120800_00160.jpg,datasets_cloudmask/dataset_cropped/09_Metas/05/12/20190905120800_00160.png,931,755.9,293.3,28.7,961
9/5/2019 12:09,datasets/dataset_cropped/09_Metas/05/12/20190905120900_00160.jpg,datasets_flow/dataset_cropped/09_Metas/05/12/20190905120900_00160.jpg,datasets_cloudmask/dataset_cropped/09_Metas/05/12/20190905120900_00160.png,941,751.7,305.4,28.6,961
9/5/2019 12:10,datasets/dataset_cropped/09_Metas/05/12/20190905121000_00160.jpg,datasets_flow/dataset_cropped/09_Metas/05/12/20190905121000_00160.jpg,datasets_cloudmask/dataset_cropped/09_Metas/05/12/20190905121000_00160.png,954,750.1,319.3,28.6,961
9/5/2019 12:11,datasets/dataset_cropped/09_Metas/05/12/20190905121100_00160.jpg,datasets_flow/dataset_cropped/09_Metas/05/12/20190905121100_00160.jpg,datasets_cloudmask/dataset_cropped/09_Metas/05/12/20190905121100_00160.png,981,763.6,335.2,28.6,961
9/5/2019 12:12,datasets/dataset_cropped/09_Metas/05/12/20190905121200_00160.jpg,datasets_flow/dataset_cropped/09_Metas/05/12/20190905121200_00160.jpg,datasets_cloudmask/dataset_cropped/09_Metas/05/12/20190905121200_00160.png,1005,760.4,361.9,28.7,961
9/5/2019 12:13,datasets/dataset_cropped/09_Metas/05/12/20190905121300_00160.jpg,datasets_flow/dataset_cropped/09_Metas/05/12/20190905121300_00160.jpg,datasets_cloudmask/dataset_cropped/09_Metas/05/12/20190905121300_00160.png,760.7,453.5,375.6,28.8,961
9/5/2019 12:14,datasets/dataset_cropped/09_Metas/05/12/20190905121400_00160.jpg,datasets_flow/dataset_cropped/09_Metas/05/12/20190905121400_00160.jpg,datasets_cloudmask/dataset_cropped/09_Metas/05/12/20190905121400_00160.png,506.1,140.6,386.7,28.6,961
9/5/2019 12:15,datasets/dataset_cropped/09_Metas/05/12/20190905121500_00160.jpg,datasets_flow/dataset_cropped/09_Metas/05/12/20190905121500_00160.jpg,datasets_cloudmask/dataset_cropped/09_Metas/05/12/20190905121500_00160.png,421.5,25.8,397.6,28.3,961
9/5/2019 12:16,datasets/dataset_cropped/09_Metas/05/12/20190905121600_00160.jpg,datasets_flow/dataset_cropped/09_Metas/05/12/20190905121600_00160.jpg,datasets_cloudmask/dataset_cropped/09_Metas/05/12/20190905121600_00160.png,436.2,25.5,410.4,28.6,961
9/5/2019 12:17,datasets/dataset_cropped/09_Metas/05/12/20190905121700_00160.jpg,datasets_flow/dataset_cropped/09_Metas/05/12/20190905121700_00160.jpg,datasets_cloudmask/dataset_cropped/09_Metas/05/12/20190905121700_00160.png,454.5,29.7,423.3,29.2,961
9/5/2019 12:18,datasets/dataset_cropped/09_Metas/05/12/20190905121800_00160.jpg,datasets_flow/dataset_cropped/09_Metas/05/12/20190905121800_00160.jpg,datasets_cloudmask/dataset_cropped/09_Metas/05/12/20190905121800_00160.png,652.5,243.8,436.4,29.4,961
9/5/2019 12:19,datasets/dataset_cropped/09_Metas/05/12/20190905121900_00160.jpg,datasets_flow/dataset_cropped/09_Metas/05/12/20190905121900_00160.jpg,datasets_cloudmask/dataset_cropped/09_Metas/05/12/20190905121900_00160.png,995,672.9,418.4,29.1,961
9/5/2019 12:20,datasets/dataset_cropped/09_Metas/05/12/20190905122000_00160.jpg,datasets_flow/dataset_cropped/09_Metas/05/12/20190905122000_00160.jpg,datasets_cloudmask/dataset_cropped/09_Metas/05/12/20190905122000_00160.png,1044,724.5,423.4,28.9,961
9/5/2019 12:21,datasets/dataset_cropped/09_Metas/05/12/20190905122100_00160.jpg,datasets_flow/dataset_cropped/09_Metas/05/12/20190905122100_00160.jpg,datasets_cloudmask/dataset_cropped/09_Metas/05/12/20190905122100_00160.png,867,499,424.1,28.8,961
9/5/2019 12:22,datasets/dataset_cropped/09_Metas/05/12/20190905122200_00160.jpg,datasets_flow/dataset_cropped/09_Metas/05/12/20190905122200_00160.jpg,datasets_cloudmask/dataset_cropped/09_Metas/05/12/20190905122200_00160.png,863,475,444.8,28.4,961
9/5/2019 12:23,datasets/dataset_cropped/09_Metas/05/12/20190905122300_00160.jpg,datasets_flow/dataset_cropped/09_Metas/05/12/20190905122300_00160.jpg,datasets_cloudmask/dataset_cropped/09_Metas/05/12/20190905122300_00160.png,843,443.7,459.7,28.3,961
9/5/2019 12:24,datasets/dataset_cropped/09_Metas/05/12/20190905122400_00160.jpg,datasets_flow/dataset_cropped/09_Metas/05/12/20190905122400_00160.jpg,datasets_cloudmask/dataset_cropped/09_Metas/05/12/20190905122400_00160.png,508.6,66.5,451.8,28.2,961
9/5/2019 12:25,datasets/dataset_cropped/09_Metas/05/12/20190905122500_00160.jpg,datasets_flow/dataset_cropped/09_Metas/05/12/20190905122500_00160.jpg,datasets_cloudmask/dataset_cropped/09_Metas/05/12/20190905122500_00160.png,496.2,52.7,446.3,28,961
9/5/2019 12:26,datasets/dataset_cropped/09_Metas/05/12/20190905122600_00160.jpg,datasets_flow/dataset_cropped/09_Metas/05/12/20190905122600_00160.jpg,datasets_cloudmask/dataset_cropped/09_Metas/05/12/20190905122600_00160.png,746,328.3,447.9,27.9,961
9/5/2019 12:27,datasets/dataset_cropped/09_Metas/05/12/20190905122700_00160.jpg,datasets_flow/dataset_cropped/09_Metas/05/12/20190905122700_00160.jpg,datasets_cloudmask/dataset_cropped/09_Metas/05/12/20190905122700_00160.png,978,605.6,456.1,27.6,961
9/5/2019 12:28,datasets/dataset_cropped/09_Metas/05/12/20190905122800_00160.jpg,datasets_flow/dataset_cropped/09_Metas/05/12/20190905122800_00160.jpg,datasets_cloudmask/dataset_cropped/09_Metas/05/12/20190905122800_00160.png,822,429.5,452.3,27.8,961
9/5/2019 12:29,datasets/dataset_cropped/09_Metas/05/12/20190905122900_00160.jpg,datasets_flow/dataset_cropped/09_Metas/05/12/20190905122900_00160.jpg,datasets_cloudmask/dataset_cropped/09_Metas/05/12/20190905122900_00160.png,953,576.9,454.5,27.8,961
9/5/2019 12:30,datasets/dataset_cropped/09_Metas/05/12/20190905123000_00160.jpg,datasets_flow/dataset_cropped/09_Metas/05/12/20190905123000_00160.jpg,datasets_cloudmask/dataset_cropped/09_Metas/05/12/20190905123000_00160.png,596.5,155.4,461.2,28,961
9/5/2019 12:31,datasets/dataset_cropped/09_Metas/05/12/20190905123100_00160.jpg,datasets_flow/dataset_cropped/09_Metas/05/12/20190905123100_00160.jpg,datasets_cloudmask/dataset_cropped/09_Metas/05/12/20190905123100_00160.png,475.5,50.8,426.6,27.7,961
9/5/2019 12:32,datasets/dataset_cropped/09_Metas/05/12/20190905123200_00160.jpg,datasets_flow/dataset_cropped/09_Metas/05/12/20190905123200_00160.jpg,datasets_cloudmask/dataset_cropped/09_Metas/05/12/20190905123200_00160.png,409.4,13.5,395,27.5,961
9/5/2019 12:33,datasets/dataset_cropped/09_Metas/05/12/20190905123300_00160.jpg,datasets_flow/dataset_cropped/09_Metas/05/12/20190905123300_00160.jpg,datasets_cloudmask/dataset_cropped/09_Metas/05/12/20190905123300_00160.png,398.7,1.9,392.1,27.7,961
9/5/2019 12:34,datasets/dataset_cropped/09_Metas/05/12/20190905123400_00160.jpg,datasets_flow/dataset_cropped/09_Metas/05/12/20190905123400_00160.jpg,datasets_cloudmask/dataset_cropped/09_Metas/05/12/20190905123400_00160.png,407.6,1.1,401.5,28,961
9/5/2019 12:35,datasets/dataset_cropped/09_Metas/05/12/20190905123500_00160.jpg,datasets_flow/dataset_cropped/09_Metas/05/12/20190905123500_00160.jpg,datasets_cloudmask/dataset_cropped/09_Metas/05/12/20190905123500_00160.png,464.6,43.7,423.4,28,961
9/5/2019 12:36,datasets/dataset_cropped/09_Metas/05/12/20190905123600_00160.jpg,datasets_flow/dataset_cropped/09_Metas/05/12/20190905123600_00160.jpg,datasets_cloudmask/dataset_cropped/09_Metas/05/12/20190905123600_00160.png,474.4,48.6,429.7,28.1,961
9/5/2019 12:37,datasets/dataset_cropped/09_Metas/05/12/20190905123700_00160.jpg,datasets_flow/dataset_cropped/09_Metas/05/12/20190905123700_00160.jpg,datasets_cloudmask/dataset_cropped/09_Metas/05/12/20190905123700_00160.png,428,3.9,419.9,28,961
9/5/2019 12:38,datasets/dataset_cropped/09_Metas/05/12/20190905123800_00160.jpg,datasets_flow/dataset_cropped/09_Metas/05/12/20190905123800_00160.jpg,datasets_cloudmask/dataset_cropped/09_Metas/05/12/20190905123800_00160.png,433.2,2.4,426.4,27.8,961
9/5/2019 12:39,datasets/dataset_cropped/09_Metas/05/12/20190905123900_00160.jpg,datasets_flow/dataset_cropped/09_Metas/05/12/20190905123900_00160.jpg,datasets_cloudmask/dataset_cropped/09_Metas/05/12/20190905123900_00160.png,446.4,0.6,440.9,27.9,961
9/5/2019 12:40,datasets/dataset_cropped/09_Metas/05/12/20190905124000_00160.jpg,datasets_flow/dataset_cropped/09_Metas/05/12/20190905124000_00160.jpg,datasets_cloudmask/dataset_cropped/09_Metas/05/12/20190905124000_00160.png,471.9,5.5,463,28,961
9/5/2019 12:41,datasets/dataset_cropped/09_Metas/05/12/20190905124100_00160.jpg,datasets_flow/dataset_cropped/09_Metas/05/12/20190905124100_00160.jpg,datasets_cloudmask/dataset_cropped/09_Metas/05/12/20190905124100_00160.png,610.3,146.2,478.8,27.9,961
9/5/2019 12:42,datasets/dataset_cropped/09_Metas/05/12/20190905124200_00160.jpg,datasets_flow/dataset_cropped/09_Metas/05/12/20190905124200_00160.jpg,datasets_cloudmask/dataset_cropped/09_Metas/05/12/20190905124200_00160.png,1002,588.9,485.2,27.8,961
9/5/2019 12:43,datasets/dataset_cropped/09_Metas/05/12/20190905124300_00160.jpg,datasets_flow/dataset_cropped/09_Metas/05/12/20190905124300_00160.jpg,datasets_cloudmask/dataset_cropped/09_Metas/05/12/20190905124300_00160.png,1063,671.6,479,27.8,961
9/5/2019 12:44,datasets/dataset_cropped/09_Metas/05/12/20190905124400_00160.jpg,datasets_flow/dataset_cropped/09_Metas/05/12/20190905124400_00160.jpg,datasets_cloudmask/dataset_cropped/09_Metas/05/12/20190905124400_00160.png,1037,657.9,466.1,28.1,961
9/5/2019 12:45,datasets/dataset_cropped/09_Metas/05/12/20190905124500_00160.jpg,datasets_flow/dataset_cropped/09_Metas/05/12/20190905124500_00160.jpg,datasets_cloudmask/dataset_cropped/09_Metas/05/12/20190905124500_00160.png,690.7,273,461,28.3,961
9/5/2019 12:46,datasets/dataset_cropped/09_Metas/05/12/20190905124600_00160.jpg,datasets_flow/dataset_cropped/09_Metas/05/12/20190905124600_00160.jpg,datasets_cloudmask/dataset_cropped/09_Metas/05/12/20190905124600_00160.png,729.5,284.4,476.6,28.7,961
9/5/2019 12:47,datasets/dataset_cropped/09_Metas/05/12/20190905124700_00160.jpg,datasets_flow/dataset_cropped/09_Metas/05/12/20190905124700_00160.jpg,datasets_cloudmask/dataset_cropped/09_Metas/05/12/20190905124700_00160.png,777.2,329.4,492.5,28.4,961
9/5/2019 12:48,datasets/dataset_cropped/09_Metas/05/12/20190905124800_00160.jpg,datasets_flow/dataset_cropped/09_Metas/05/12/20190905124800_00160.jpg,datasets_cloudmask/dataset_cropped/09_Metas/05/12/20190905124800_00160.png,854,409.2,504.4,28.7,961
9/5/2019 12:49,datasets/dataset_cropped/09_Metas/05/12/20190905124900_00160.jpg,datasets_flow/dataset_cropped/09_Metas/05/12/20190905124900_00160.jpg,datasets_cloudmask/dataset_cropped/09_Metas/05/12/20190905124900_00160.png,778.7,307.7,510.2,29,961
9/5/2019 12:50,datasets/dataset_cropped/09_Metas/05/12/20190905125000_00160.jpg,datasets_flow/dataset_cropped/09_Metas/05/12/20190905125000_00160.jpg,datasets_cloudmask/dataset_cropped/09_Metas/05/12/20190905125000_00160.png,692.8,225.3,492.6,28.8,961
9/5/2019 12:51,datasets/dataset_cropped/09_Metas/05/12/20190905125100_00160.jpg,datasets_flow/dataset_cropped/09_Metas/05/12/20190905125100_00160.jpg,datasets_cloudmask/dataset_cropped/09_Metas/05/12/20190905125100_00160.png,474,31.2,443.8,28.9,961
9/5/2019 12:52,datasets/dataset_cropped/09_Metas/05/12/20190905125200_00160.jpg,datasets_flow/dataset_cropped/09_Metas/05/12/20190905125200_00160.jpg,datasets_cloudmask/dataset_cropped/09_Metas/05/12/20190905125200_00160.png,414.8,2.2,409.3,28.7,961
9/5/2019 12:53,datasets/dataset_cropped/09_Metas/05/12/20190905125300_00160.jpg,datasets_flow/dataset_cropped/09_Metas/05/12/20190905125300_00160.jpg,datasets_cloudmask/dataset_cropped/09_Metas/05/12/20190905125300_00160.png,389.3,0.8,385,28.3,961
9/5/2019 12:54,datasets/dataset_cropped/09_Metas/05/12/20190905125400_00160.jpg,datasets_flow/dataset_cropped/09_Metas/05/12/20190905125400_00160.jpg,datasets_cloudmask/dataset_cropped/09_Metas/05/12/20190905125400_00160.png,368.7,0.8,363.6,28.3,961
9/5/2019 12:55,datasets/dataset_cropped/09_Metas/05/12/20190905125500_00160.jpg,datasets_flow/dataset_cropped/09_Metas/05/12/20190905125500_00160.jpg,datasets_cloudmask/dataset_cropped/09_Metas/05/12/20190905125500_00160.png,357.9,0,353.7,28,961
9/5/2019 12:56,datasets/dataset_cropped/09_Metas/05/12/20190905125600_00160.jpg,datasets_flow/dataset_cropped/09_Metas/05/12/20190905125600_00160.jpg,datasets_cloudmask/dataset_cropped/09_Metas/05/12/20190905125600_00160.png,372,0,368.2,27.9,961
9/5/2019 12:57,datasets/dataset_cropped/09_Metas/05/12/20190905125700_00160.jpg,datasets_flow/dataset_cropped/09_Metas/05/12/20190905125700_00160.jpg,datasets_cloudmask/dataset_cropped/09_Metas/05/12/20190905125700_00160.png,404.7,11.4,389,28.1,961
9/5/2019 12:58,datasets/dataset_cropped/09_Metas/05/12/20190905125800_00160.jpg,datasets_flow/dataset_cropped/09_Metas/05/12/20190905125800_00160.jpg,datasets_cloudmask/dataset_cropped/09_Metas/05/12/20190905125800_00160.png,455.7,42,415.2,28.1,961
9/5/2019 12:59,datasets/dataset_cropped/09_Metas/05/12/20190905125900_00160.jpg,datasets_flow/dataset_cropped/09_Metas/05/12/20190905125900_00160.jpg,datasets_cloudmask/dataset_cropped/09_Metas/05/12/20190905125900_00160.png,451.5,35.4,416.9,27.9,961
9/5/2019 13:00,datasets/dataset_cropped/09_Metas/05/13/20190905130000_00160.jpg,datasets_flow/dataset_cropped/09_Metas/05/13/20190905130000_00160.jpg,datasets_cloudmask/dataset_cropped/09_Metas/05/13/20190905130000_00160.png,552.6,145.2,420.1,27.9,961
9/5/2019 13:01,datasets/dataset_cropped/09_Metas/05/13/20190905130100_00160.jpg,datasets_flow/dataset_cropped/09_Metas/05/13/20190905130100_00160.jpg,datasets_cloudmask/dataset_cropped/09_Metas/05/13/20190905130100_00160.png,662.1,270.8,419,27.9,961
9/5/2019 13:02,datasets/dataset_cropped/09_Metas/05/13/20190905130200_00160.jpg,datasets_flow/dataset_cropped/09_Metas/05/13/20190905130200_00160.jpg,datasets_cloudmask/dataset_cropped/09_Metas/05/13/20190905130200_00160.png,491,91.9,411.4,27.9,961
9/5/2019 13:03,datasets/dataset_cropped/09_Metas/05/13/20190905130300_00160.jpg,datasets_flow/dataset_cropped/09_Metas/05/13/20190905130300_00160.jpg,datasets_cloudmask/dataset_cropped/09_Metas/05/13/20190905130300_00160.png,427.4,2.3,422.2,28.1,961
9/5/2019 13:04,datasets/dataset_cropped/09_Metas/05/13/20190905130400_00160.jpg,datasets_flow/dataset_cropped/09_Metas/05/13/20190905130400_00160.jpg,datasets_cloudmask/dataset_cropped/09_Metas/05/13/20190905130400_00160.png,443.1,9.1,430.4,28,961
9/5/2019 13:05,datasets/dataset_cropped/09_Metas/05/13/20190905130500_00160.jpg,datasets_flow/dataset_cropped/09_Metas/05/13/20190905130500_00160.jpg,datasets_cloudmask/dataset_cropped/09_Metas/05/13/20190905130500_00160.png,448.7,0.8,443.5,27.7,961
9/5/2019 13:06,datasets/dataset_cropped/09_Metas/05/13/20190905130600_00160.jpg,datasets_flow/dataset_cropped/09_Metas/05/13/20190905130600_00160.jpg,datasets_cloudmask/dataset_cropped/09_Metas/05/13/20190905130600_00160.png,467.3,0.6,462,27.5,961
9/5/2019 13:07,datasets/dataset_cropped/09_Metas/05/13/20190905130700_00160.jpg,datasets_flow/dataset_cropped/09_Metas/05/13/20190905130700_00160.jpg,datasets_cloudmask/dataset_cropped/09_Metas/05/13/20190905130700_00160.png,471.2,2.8,463.5,27.7,961
9/5/2019 13:08,datasets/dataset_cropped/09_Metas/05/13/20190905130800_00160.jpg,datasets_flow/dataset_cropped/09_Metas/05/13/20190905130800_00160.jpg,datasets_cloudmask/dataset_cropped/09_Metas/05/13/20190905130800_00160.png,444.2,4.4,435.8,28.1,961
9/5/2019 13:09,datasets/dataset_cropped/09_Metas/05/13/20190905130900_00160.jpg,datasets_flow/dataset_cropped/09_Metas/05/13/20190905130900_00160.jpg,datasets_cloudmask/dataset_cropped/09_Metas/05/13/20190905130900_00160.png,425.3,0.8,421,27.9,961
9/5/2019 13:10,datasets/dataset_cropped/09_Metas/05/13/20190905131000_00160.jpg,datasets_flow/dataset_cropped/09_Metas/05/13/20190905131000_00160.jpg,datasets_cloudmask/dataset_cropped/09_Metas/05/13/20190905131000_00160.png,474.5,53.4,422.4,28.1,961
9/5/2019 13:11,datasets/dataset_cropped/09_Metas/05/13/20190905131100_00160.jpg,datasets_flow/dataset_cropped/09_Metas/05/13/20190905131100_00160.jpg,datasets_cloudmask/dataset_cropped/09_Metas/05/13/20190905131100_00160.png,738.3,349.2,427.2,28.3,961
9/5/2019 13:12,datasets/dataset_cropped/09_Metas/05/13/20190905131200_00160.jpg,datasets_flow/dataset_cropped/09_Metas/05/13/20190905131200_00160.jpg,datasets_cloudmask/dataset_cropped/09_Metas/05/13/20190905131200_00160.png,667,292.3,406.6,28.2,961
9/5/2019 13:13,datasets/dataset_cropped/09_Metas/05/13/20190905131300_00160.jpg,datasets_flow/dataset_cropped/09_Metas/05/13/20190905131300_00160.jpg,datasets_cloudmask/dataset_cropped/09_Metas/05/13/20190905131300_00160.png,551.5,206.3,374.5,27.9,961
9/5/2019 13:14,datasets/dataset_cropped/09_Metas/05/13/20190905131400_00160.jpg,datasets_flow/dataset_cropped/09_Metas/05/13/20190905131400_00160.jpg,datasets_cloudmask/dataset_cropped/09_Metas/05/13/20190905131400_00160.png,361.3,2.1,354.4,27.6,961
9/5/2019 13:15,datasets/dataset_cropped/09_Metas/05/13/20190905131500_00160.jpg,datasets_flow/dataset_cropped/09_Metas/05/13/20190905131500_00160.jpg,datasets_cloudmask/dataset_cropped/09_Metas/05/13/20190905131500_00160.png,339.6,0,335,27.6,961
9/5/2019 13:16,datasets/dataset_cropped/09_Metas/05/13/20190905131600_00160.jpg,datasets_flow/dataset_cropped/09_Metas/05/13/20190905131600_00160.jpg,datasets_cloudmask/dataset_cropped/09_Metas/05/13/20190905131600_00160.png,332.2,0,327.9,27.6,961
9/5/2019 13:17,datasets/dataset_cropped/09_Metas/05/13/20190905131700_00160.jpg,datasets_flow/dataset_cropped/09_Metas/05/13/20190905131700_00160.jpg,datasets_cloudmask/dataset_cropped/09_Metas/05/13/20190905131700_00160.png,335.4,0.7,330.6,27.5,961
9/5/2019 13:18,datasets/dataset_cropped/09_Metas/05/13/20190905131800_00160.jpg,datasets_flow/dataset_cropped/09_Metas/05/13/20190905131800_00160.jpg,datasets_cloudmask/dataset_cropped/09_Metas/05/13/20190905131800_00160.png,398.8,47.2,353.7,27.7,961
9/5/2019 13:19,datasets/dataset_cropped/09_Metas/05/13/20190905131900_00160.jpg,datasets_flow/dataset_cropped/09_Metas/05/13/20190905131900_00160.jpg,datasets_cloudmask/dataset_cropped/09_Metas/05/13/20190905131900_00160.png,424.4,39.9,383,27.9,961
9/5/2019 13:20,datasets/dataset_cropped/09_Metas/05/13/20190905132000_00160.jpg,datasets_flow/dataset_cropped/09_Metas/05/13/20190905132000_00160.jpg,datasets_cloudmask/dataset_cropped/09_Metas/05/13/20190905132000_00160.png,578.3,220.2,385.7,27.7,961
9/5/2019 13:21,datasets/dataset_cropped/09_Metas/05/13/20190905132100_00160.jpg,datasets_flow/dataset_cropped/09_Metas/05/13/20190905132100_00160.jpg,datasets_cloudmask/dataset_cropped/09_Metas/05/13/20190905132100_00160.png,819,515.9,362.7,27.8,961
9/5/2019 13:22,datasets/dataset_cropped/09_Metas/05/13/20190905132200_00160.jpg,datasets_flow/dataset_cropped/09_Metas/05/13/20190905132200_00160.jpg,datasets_cloudmask/dataset_cropped/09_Metas/05/13/20190905132200_00160.png,977,719.1,350.8,27.7,961
9/5/2019 13:23,datasets/dataset_cropped/09_Metas/05/13/20190905132300_00160.jpg,datasets_flow/dataset_cropped/09_Metas/05/13/20190905132300_00160.jpg,datasets_cloudmask/dataset_cropped/09_Metas/05/13/20190905132300_00160.png,987,728.6,353.2,27.8,961
9/5/2019 13:24,datasets/dataset_cropped/09_Metas/05/13/20190905132400_00160.jpg,datasets_flow/dataset_cropped/09_Metas/05/13/20190905132400_00160.jpg,datasets_cloudmask/dataset_cropped/09_Metas/05/13/20190905132400_00160.png,598.9,273.3,359.7,28,961
9/5/2019 13:25,datasets/dataset_cropped/09_Metas/05/13/20190905132500_00160.jpg,datasets_flow/dataset_cropped/09_Metas/05/13/20190905132500_00160.jpg,datasets_cloudmask/dataset_cropped/09_Metas/05/13/20190905132500_00160.png,487.7,122.8,375.2,28.1,961
9/5/2019 13:26,datasets/dataset_cropped/09_Metas/05/13/20190905132600_00160.jpg,datasets_flow/dataset_cropped/09_Metas/05/13/20190905132600_00160.jpg,datasets_cloudmask/dataset_cropped/09_Metas/05/13/20190905132600_00160.png,994,675.7,405.4,28.6,961
9/5/2019 13:27,datasets/dataset_cropped/09_Metas/05/13/20190905132700_00160.jpg,datasets_flow/dataset_cropped/09_Metas/05/13/20190905132700_00160.jpg,datasets_cloudmask/dataset_cropped/09_Metas/05/13/20190905132700_00160.png,841,464.3,435.5,28.9,961
9/5/2019 13:28,datasets/dataset_cropped/09_Metas/05/13/20190905132800_00160.jpg,datasets_flow/dataset_cropped/09_Metas/05/13/20190905132800_00160.jpg,datasets_cloudmask/dataset_cropped/09_Metas/05/13/20190905132800_00160.png,761.3,339.3,460.9,29,961
9/5/2019 13:29,datasets/dataset_cropped/09_Metas/05/13/20190905132900_00160.jpg,datasets_flow/dataset_cropped/09_Metas/05/13/20190905132900_00160.jpg,datasets_cloudmask/dataset_cropped/09_Metas/05/13/20190905132900_00160.png,631.3,194.7,464.1,28.9,961
9/5/2019 13:30,datasets/dataset_cropped/09_Metas/05/13/20190905133000_00160.jpg,datasets_flow/dataset_cropped/09_Metas/05/13/20190905133000_00160.jpg,datasets_cloudmask/dataset_cropped/09_Metas/05/13/20190905133000_00160.png,646.4,188.8,473.5,29,961
9/5/2019 13:31,datasets/dataset_cropped/09_Metas/05/13/20190905133100_00160.jpg,datasets_flow/dataset_cropped/09_Metas/05/13/20190905133100_00160.jpg,datasets_cloudmask/dataset_cropped/09_Metas/05/13/20190905133100_00160.png,887,480.2,469.5,28.7,961
9/5/2019 13:32,datasets/dataset_cropped/09_Metas/05/13/20190905133200_00160.jpg,datasets_flow/dataset_cropped/09_Metas/05/13/20190905133200_00160.jpg,datasets_cloudmask/dataset_cropped/09_Metas/05/13/20190905133200_00160.png,874,476.3,460.9,28.6,961
9/5/2019 13:33,datasets/dataset_cropped/09_Metas/05/13/20190905133300_00160.jpg,datasets_flow/dataset_cropped/09_Metas/05/13/20190905133300_00160.jpg,datasets_cloudmask/dataset_cropped/09_Metas/05/13/20190905133300_00160.png,1013,628,465,29.1,961
9/5/2019 13:34,datasets/dataset_cropped/09_Metas/05/13/20190905133400_00160.jpg,datasets_flow/dataset_cropped/09_Metas/05/13/20190905133400_00160.jpg,datasets_cloudmask/dataset_cropped/09_Metas/05/13/20190905133400_00160.png,903,497,469.9,28.7,961
9/5/2019 13:35,datasets/dataset_cropped/09_Metas/05/13/20190905133500_00160.jpg,datasets_flow/dataset_cropped/09_Metas/05/13/20190905133500_00160.jpg,datasets_cloudmask/dataset_cropped/09_Metas/05/13/20190905133500_00160.png,787.5,384.5,457.2,28.6,961
9/5/2019 13:36,datasets/dataset_cropped/09_Metas/05/13/20190905133600_00160.jpg,datasets_flow/dataset_cropped/09_Metas/05/13/20190905133600_00160.jpg,datasets_cloudmask/dataset_cropped/09_Metas/05/13/20190905133600_00160.png,448.8,11.4,437.4,28.7,961
9/5/2019 13:37,datasets/dataset_cropped/09_Metas/05/13/20190905133700_00160.jpg,datasets_flow/dataset_cropped/09_Metas/05/13/20190905133700_00160.jpg,datasets_cloudmask/dataset_cropped/09_Metas/05/13/20190905133700_00160.png,443.1,5.6,437.1,29.2,961
9/5/2019 13:38,datasets/dataset_cropped/09_Metas/05/13/20190905133800_00160.jpg,datasets_flow/dataset_cropped/09_Metas/05/13/20190905133800_00160.jpg,datasets_cloudmask/dataset_cropped/09_Metas/05/13/20190905133800_00160.png,460,10.7,447.8,29.1,961
9/5/2019 13:39,datasets/dataset_cropped/09_Metas/05/13/20190905133900_00160.jpg,datasets_flow/dataset_cropped/09_Metas/05/13/20190905133900_00160.jpg,datasets_cloudmask/dataset_cropped/09_Metas/05/13/20190905133900_00160.png,890,481.2,470.1,29.2,961
9/5/2019 13:40,datasets/dataset_cropped/09_Metas/05/13/20190905134000_00160.jpg,datasets_flow/dataset_cropped/09_Metas/05/13/20190905134000_00160.jpg,datasets_cloudmask/dataset_cropped/09_Metas/05/13/20190905134000_00160.png,903,500.6,473.8,29,961
9/5/2019 13:41,datasets/dataset_cropped/09_Metas/05/13/20190905134100_00160.jpg,datasets_flow/dataset_cropped/09_Metas/05/13/20190905134100_00160.jpg,datasets_cloudmask/dataset_cropped/09_Metas/05/13/20190905134100_00160.png,720.2,294.4,459.3,28.5,961
9/5/2019 13:42,datasets/dataset_cropped/09_Metas/05/13/20190905134200_00160.jpg,datasets_flow/dataset_cropped/09_Metas/05/13/20190905134200_00160.jpg,datasets_cloudmask/dataset_cropped/09_Metas/05/13/20190905134200_00160.png,600.7,197.1,429,28.5,961
9/5/2019 13:43,datasets/dataset_cropped/09_Metas/05/13/20190905134300_00160.jpg,datasets_flow/dataset_cropped/09_Metas/05/13/20190905134300_00160.jpg,datasets_cloudmask/dataset_cropped/09_Metas/05/13/20190905134300_00160.png,970,614.9,438.1,29.1,961
9/5/2019 13:44,datasets/dataset_cropped/09_Metas/05/13/20190905134400_00160.jpg,datasets_flow/dataset_cropped/09_Metas/05/13/20190905134400_00160.jpg,datasets_cloudmask/dataset_cropped/09_Metas/05/13/20190905134400_00160.png,981,611,452.1,29,961
9/5/2019 13:45,datasets/dataset_cropped/09_Metas/05/13/20190905134500_00160.jpg,datasets_flow/dataset_cropped/09_Metas/05/13/20190905134500_00160.jpg,datasets_cloudmask/dataset_cropped/09_Metas/05/13/20190905134500_00160.png,654,246.5,440.4,28.8,961
9/5/2019 13:46,datasets/dataset_cropped/09_Metas/05/13/20190905134600_00160.jpg,datasets_flow/dataset_cropped/09_Metas/05/13/20190905134600_00160.jpg,datasets_cloudmask/dataset_cropped/09_Metas/05/13/20190905134600_00160.png,419.5,10.1,407.8,28.8,961
9/5/2019 13:47,datasets/dataset_cropped/09_Metas/05/13/20190905134700_00160.jpg,datasets_flow/dataset_cropped/09_Metas/05/13/20190905134700_00160.jpg,datasets_cloudmask/dataset_cropped/09_Metas/05/13/20190905134700_00160.png,373.7,0.1,370,28.5,961
9/5/2019 13:48,datasets/dataset_cropped/09_Metas/05/13/20190905134800_00160.jpg,datasets_flow/dataset_cropped/09_Metas/05/13/20190905134800_00160.jpg,datasets_cloudmask/dataset_cropped/09_Metas/05/13/20190905134800_00160.png,344.5,0.6,340.7,28.3,961
9/5/2019 13:49,datasets/dataset_cropped/09_Metas/05/13/20190905134900_00160.jpg,datasets_flow/dataset_cropped/09_Metas/05/13/20190905134900_00160.jpg,datasets_cloudmask/dataset_cropped/09_Metas/05/13/20190905134900_00160.png,329.9,4.9,321.8,28.1,961
9/5/2019 13:50,datasets/dataset_cropped/09_Metas/05/13/20190905135000_00160.jpg,datasets_flow/dataset_cropped/09_Metas/05/13/20190905135000_00160.jpg,datasets_cloudmask/dataset_cropped/09_Metas/05/13/20190905135000_00160.png,321.5,3,315.3,27.9,961
9/5/2019 13:51,datasets/dataset_cropped/09_Metas/05/13/20190905135100_00160.jpg,datasets_flow/dataset_cropped/09_Metas/05/13/20190905135100_00160.jpg,datasets_cloudmask/dataset_cropped/09_Metas/05/13/20190905135100_00160.png,331.5,2.6,325,27.8,961
9/5/2019 13:52,datasets/dataset_cropped/09_Metas/05/13/20190905135200_00160.jpg,datasets_flow/dataset_cropped/09_Metas/05/13/20190905135200_00160.jpg,datasets_cloudmask/dataset_cropped/09_Metas/05/13/20190905135200_00160.png,340.1,1.9,334.3,27.7,961
9/5/2019 13:53,datasets/dataset_cropped/09_Metas/05/13/20190905135300_00160.jpg,datasets_flow/dataset_cropped/09_Metas/05/13/20190905135300_00160.jpg,datasets_cloudmask/dataset_cropped/09_Metas/05/13/20190905135300_00160.png,338.9,0.4,334.9,27.9,961
9/5/2019 13:54,datasets/dataset_cropped/09_Metas/05/13/20190905135400_00160.jpg,datasets_flow/dataset_cropped/09_Metas/05/13/20190905135400_00160.jpg,datasets_cloudmask/dataset_cropped/09_Metas/05/13/20190905135400_00160.png,333,0.6,329.2,27.8,961
9/5/2019 13:55,datasets/dataset_cropped/09_Metas/05/13/20190905135500_00160.jpg,datasets_flow/dataset_cropped/09_Metas/05/13/20190905135500_00160.jpg,datasets_cloudmask/dataset_cropped/09_Metas/05/13/20190905135500_00160.png,325.4,2.6,319.4,28,961
9/5/2019 13:56,datasets/dataset_cropped/09_Metas/05/13/20190905135600_00160.jpg,datasets_flow/dataset_cropped/09_Metas/05/13/20190905135600_00160.jpg,datasets_cloudmask/dataset_cropped/09_Metas/05/13/20190905135600_00160.png,320.4,0,316.7,28.4,961
9/5/2019 13:57,datasets/dataset_cropped/09_Metas/05/13/20190905135700_00160.jpg,datasets_flow/dataset_cropped/09_Metas/05/13/20190905135700_00160.jpg,datasets_cloudmask/dataset_cropped/09_Metas/05/13/20190905135700_00160.png,326.7,0,323.7,28.2,961
9/5/2019 13:58,datasets/dataset_cropped/09_Metas/05/13/20190905135800_00160.jpg,datasets_flow/dataset_cropped/09_Metas/05/13/20190905135800_00160.jpg,datasets_cloudmask/dataset_cropped/09_Metas/05/13/20190905135800_00160.png,338.5,1.9,334.2,28.1,961
9/5/2019 13:59,datasets/dataset_cropped/09_Metas/05/13/20190905135900_00160.jpg,datasets_flow/dataset_cropped/09_Metas/05/13/20190905135900_00160.jpg,datasets_cloudmask/dataset_cropped/09_Metas/05/13/20190905135900_00160.png,344.2,1.7,340.1,28,961
9/5/2019 14:00,datasets/dataset_cropped/09_Metas/05/14/20190905140000_00160.jpg,datasets_flow/dataset_cropped/09_Metas/05/14/20190905140000_00160.jpg,datasets_cloudmask/dataset_cropped/09_Metas/05/14/20190905140000_00160.png,355.6,3,349.7,28,961
9/5/2019 14:01,datasets/dataset_cropped/09_Metas/05/14/20190905140100_00160.jpg,datasets_flow/dataset_cropped/09_Metas/05/14/20190905140100_00160.jpg,datasets_cloudmask/dataset_cropped/09_Metas/05/14/20190905140100_00160.png,351.2,4.1,344,28,961
9/5/2019 14:02,datasets/dataset_cropped/09_Metas/05/14/20190905140200_00160.jpg,datasets_flow/dataset_cropped/09_Metas/05/14/20190905140200_00160.jpg,datasets_cloudmask/dataset_cropped/09_Metas/05/14/20190905140200_00160.png,333.8,0.8,331,28.2,961
9/5/2019 14:03,datasets/dataset_cropped/09_Metas/05/14/20190905140300_00160.jpg,datasets_flow/dataset_cropped/09_Metas/05/14/20190905140300_00160.jpg,datasets_cloudmask/dataset_cropped/09_Metas/05/14/20190905140300_00160.png,327.3,0.4,325,28.1,961
9/5/2019 14:04,datasets/dataset_cropped/09_Metas/05/14/20190905140400_00160.jpg,datasets_flow/dataset_cropped/09_Metas/05/14/20190905140400_00160.jpg,datasets_cloudmask/dataset_cropped/09_Metas/05/14/20190905140400_00160.png,323.2,0.3,320.8,28,961
9/5/2019 14:05,datasets/dataset_cropped/09_Metas/05/14/20190905140500_00160.jpg,datasets_flow/dataset_cropped/09_Metas/05/14/20190905140500_00160.jpg,datasets_cloudmask/dataset_cropped/09_Metas/05/14/20190905140500_00160.png,317.8,1,314.2,28,961
9/5/2019 14:06,datasets/dataset_cropped/09_Metas/05/14/20190905140600_00160.jpg,datasets_flow/dataset_cropped/09_Metas/05/14/20190905140600_00160.jpg,datasets_cloudmask/dataset_cropped/09_Metas/05/14/20190905140600_00160.png,301.6,0.7,298.8,27.8,961
9/5/2019 14:07,datasets/dataset_cropped/09_Metas/05/14/20190905140700_00160.jpg,datasets_flow/dataset_cropped/09_Metas/05/14/20190905140700_00160.jpg,datasets_cloudmask/dataset_cropped/09_Metas/05/14/20190905140700_00160.png,280.7,0.6,278.7,27.6,961
9/5/2019 14:08,datasets/dataset_cropped/09_Metas/05/14/20190905140800_00160.jpg,datasets_flow/dataset_cropped/09_Metas/05/14/20190905140800_00160.jpg,datasets_cloudmask/dataset_cropped/09_Metas/05/14/20190905140800_00160.png,260.8,0.5,259.3,27.6,961
9/5/2019 14:09,datasets/dataset_cropped/09_Metas/05/14/20190905140900_00160.jpg,datasets_flow/dataset_cropped/09_Metas/05/14/20190905140900_00160.jpg,datasets_cloudmask/dataset_cropped/09_Metas/05/14/20190905140900_00160.png,246.8,0.9,245.2,27.5,961
9/5/2019 14:10,datasets/dataset_cropped/09_Metas/05/14/20190905141000_00160.jpg,datasets_flow/dataset_cropped/09_Metas/05/14/20190905141000_00160.jpg,datasets_cloudmask/dataset_cropped/09_Metas/05/14/20190905141000_00160.png,243.9,0.9,241.9,27.6,961
9/5/2019 14:11,datasets/dataset_cropped/09_Metas/05/14/20190905141100_00160.jpg,datasets_flow/dataset_cropped/09_Metas/05/14/20190905141100_00160.jpg,datasets_cloudmask/dataset_cropped/09_Metas/05/14/20190905141100_00160.png,251.9,0.8,249.7,27.9,961
9/5/2019 14:12,datasets/dataset_cropped/09_Metas/05/14/20190905141200_00160.jpg,datasets_flow/dataset_cropped/09_Metas/05/14/20190905141200_00160.jpg,datasets_cloudmask/dataset_cropped/09_Metas/05/14/20190905141200_00160.png,266.4,1.4,263.7,28,961
9/5/2019 14:13,datasets/dataset_cropped/09_Metas/05/14/20190905141300_00160.jpg,datasets_flow/dataset_cropped/09_Metas/05/14/20190905141300_00160.jpg,datasets_cloudmask/dataset_cropped/09_Metas/05/14/20190905141300_00160.png,288.2,2.8,283.9,27.9,961
9/5/2019 14:14,datasets/dataset_cropped/09_Metas/05/14/20190905141400_00160.jpg,datasets_flow/dataset_cropped/09_Metas/05/14/20190905141400_00160.jpg,datasets_cloudmask/dataset_cropped/09_Metas/05/14/20190905141400_00160.png,297.1,0.6,294.9,28.1,961
9/5/2019 14:15,datasets/dataset_cropped/09_Metas/05/14/20190905141500_00160.jpg,datasets_flow/dataset_cropped/09_Metas/05/14/20190905141500_00160.jpg,datasets_cloudmask/dataset_cropped/09_Metas/05/14/20190905141500_00160.png,306.5,0.2,304.3,28.2,961
9/5/2019 14:16,datasets/dataset_cropped/09_Metas/05/14/20190905141600_00160.jpg,datasets_flow/dataset_cropped/09_Metas/05/14/20190905141600_00160.jpg,datasets_cloudmask/dataset_cropped/09_Metas/05/14/20190905141600_00160.png,302.8,1.2,299.5,28.2,961
9/5/2019 14:17,datasets/dataset_cropped/09_Metas/05/14/20190905141700_00160.jpg,datasets_flow/dataset_cropped/09_Metas/05/14/20190905141700_00160.jpg,datasets_cloudmask/dataset_cropped/09_Metas/05/14/20190905141700_00160.png,291.9,1.1,288.6,28.4,961
9/5/2019 14:18,datasets/dataset_cropped/09_Metas/05/14/20190905141800_00160.jpg,datasets_flow/dataset_cropped/09_Metas/05/14/20190905141800_00160.jpg,datasets_cloudmask/dataset_cropped/09_Metas/05/14/20190905141800_00160.png,287.1,1.4,283.3,28.4,961
9/5/2019 14:19,datasets/dataset_cropped/09_Metas/05/14/20190905141900_00160.jpg,datasets_flow/dataset_cropped/09_Metas/05/14/20190905141900_00160.jpg,datasets_cloudmask/dataset_cropped/09_Metas/05/14/20190905141900_00160.png,279.6,0.8,275.1,28.5,961
9/5/2019 14:20,datasets/dataset_cropped/09_Metas/05/14/20190905142000_00160.jpg,datasets_flow/dataset_cropped/09_Metas/05/14/20190905142000_00160.jpg,datasets_cloudmask/dataset_cropped/09_Metas/05/14/20190905142000_00160.png,286.2,0.8,281,28.2,961
9/5/2019 14:21,datasets/dataset_cropped/09_Metas/05/14/20190905142100_00160.jpg,datasets_flow/dataset_cropped/09_Metas/05/14/20190905142100_00160.jpg,datasets_cloudmask/dataset_cropped/09_Metas/05/14/20190905142100_00160.png,318.7,0.3,313.6,28,961
9/5/2019 14:22,datasets/dataset_cropped/09_Metas/05/14/20190905142200_00160.jpg,datasets_flow/dataset_cropped/09_Metas/05/14/20190905142200_00160.jpg,datasets_cloudmask/dataset_cropped/09_Metas/05/14/20190905142200_00160.png,379.4,4.1,371.2,28,961
9/5/2019 14:23,datasets/dataset_cropped/09_Metas/05/14/20190905142300_00160.jpg,datasets_flow/dataset_cropped/09_Metas/05/14/20190905142300_00160.jpg,datasets_cloudmask/dataset_cropped/09_Metas/05/14/20190905142300_00160.png,777.5,414.1,427.5,28.1,961
9/5/2019 14:24,datasets/dataset_cropped/09_Metas/05/14/20190905142400_00160.jpg,datasets_flow/dataset_cropped/09_Metas/05/14/20190905142400_00160.jpg,datasets_cloudmask/dataset_cropped/09_Metas/05/14/20190905142400_00160.png,986,680.3,422.7,28.2,961
9/5/2019 14:25,datasets/dataset_cropped/09_Metas/05/14/20190905142500_00160.jpg,datasets_flow/dataset_cropped/09_Metas/05/14/20190905142500_00160.jpg,datasets_cloudmask/dataset_cropped/09_Metas/05/14/20190905142500_00160.png,970,699,394.8,28.4,961
9/5/2019 14:26,datasets/dataset_cropped/09_Metas/05/14/20190905142600_00160.jpg,datasets_flow/dataset_cropped/09_Metas/05/14/20190905142600_00160.jpg,datasets_cloudmask/dataset_cropped/09_Metas/05/14/20190905142600_00160.png,953,701.3,376.7,28.6,961
9/5/2019 14:27,datasets/dataset_cropped/09_Metas/05/14/20190905142700_00160.jpg,datasets_flow/dataset_cropped/09_Metas/05/14/20190905142700_00160.jpg,datasets_cloudmask/dataset_cropped/09_Metas/05/14/20190905142700_00160.png,961,703.7,382.5,28.5,961
9/5/2019 14:28,datasets/dataset_cropped/09_Metas/05/14/20190905142800_00160.jpg,datasets_flow/dataset_cropped/09_Metas/05/14/20190905142800_00160.jpg,datasets_cloudmask/dataset_cropped/09_Metas/05/14/20190905142800_00160.png,980,700.2,405.9,28.1,961
9/5/2019 14:29,datasets/dataset_cropped/09_Metas/05/14/20190905142900_00160.jpg,datasets_flow/dataset_cropped/09_Metas/05/14/20190905142900_00160.jpg,datasets_cloudmask/dataset_cropped/09_Metas/05/14/20190905142900_00160.png,701.3,370.1,395.6,28.1,961
9/5/2019 14:30,datasets/dataset_cropped/09_Metas/05/14/20190905143000_00160.jpg,datasets_flow/dataset_cropped/09_Metas/05/14/20190905143000_00160.jpg,datasets_cloudmask/dataset_cropped/09_Metas/05/14/20190905143000_00160.png,381,12.9,370.4,28.1,961
9/5/2019 14:31,datasets/dataset_cropped/09_Metas/05/14/20190905143100_00160.jpg,datasets_flow/dataset_cropped/09_Metas/05/14/20190905143100_00160.jpg,datasets_cloudmask/dataset_cropped/09_Metas/05/14/20190905143100_00160.png,361.6,1.5,358.5,28.1,961
9/5/2019 14:32,datasets/dataset_cropped/09_Metas/05/14/20190905143200_00160.jpg,datasets_flow/dataset_cropped/09_Metas/05/14/20190905143200_00160.jpg,datasets_cloudmask/dataset_cropped/09_Metas/05/14/20190905143200_00160.png,325.9,0.3,323.2,28.2,961
9/5/2019 14:33,datasets/dataset_cropped/09_Metas/05/14/20190905143300_00160.jpg,datasets_flow/dataset_cropped/09_Metas/05/14/20190905143300_00160.jpg,datasets_cloudmask/dataset_cropped/09_Metas/05/14/20190905143300_00160.png,288.6,0,286.8,28.1,961
9/5/2019 14:34,datasets/dataset_cropped/09_Metas/05/14/20190905143400_00160.jpg,datasets_flow/dataset_cropped/09_Metas/05/14/20190905143400_00160.jpg,datasets_cloudmask/dataset_cropped/09_Metas/05/14/20190905143400_00160.png,265.2,0,264.2,27.9,961
9/5/2019 14:35,datasets/dataset_cropped/09_Metas/05/14/20190905143500_00160.jpg,datasets_flow/dataset_cropped/09_Metas/05/14/20190905143500_00160.jpg,datasets_cloudmask/dataset_cropped/09_Metas/05/14/20190905143500_00160.png,257.9,0,256.8,27.8,961
9/5/2019 14:36,datasets/dataset_cropped/09_Metas/05/14/20190905143600_00160.jpg,datasets_flow/dataset_cropped/09_Metas/05/14/20190905143600_00160.jpg,datasets_cloudmask/dataset_cropped/09_Metas/05/14/20190905143600_00160.png,254.4,0,253.7,27.7,961
9/5/2019 14:37,datasets/dataset_cropped/09_Metas/05/14/20190905143700_00160.jpg,datasets_flow/dataset_cropped/09_Metas/05/14/20190905143700_00160.jpg,datasets_cloudmask/dataset_cropped/09_Metas/05/14/20190905143700_00160.png,268.9,0.1,268.9,27.7,961
9/5/2019 14:38,datasets/dataset_cropped/09_Metas/05/14/20190905143800_00160.jpg,datasets_flow/dataset_cropped/09_Metas/05/14/20190905143800_00160.jpg,datasets_cloudmask/dataset_cropped/09_Metas/05/14/20190905143800_00160.png,385,76,318.2,27.7,961
9/5/2019 14:39,datasets/dataset_cropped/09_Metas/05/14/20190905143900_00160.jpg,datasets_flow/dataset_cropped/09_Metas/05/14/20190905143900_00160.jpg,datasets_cloudmask/dataset_cropped/09_Metas/05/14/20190905143900_00160.png,429.8,81.5,360.8,27.9,961
9/5/2019 14:40,datasets/dataset_cropped/09_Metas/05/14/20190905144000_00160.jpg,datasets_flow/dataset_cropped/09_Metas/05/14/20190905144000_00160.jpg,datasets_cloudmask/dataset_cropped/09_Metas/05/14/20190905144000_00160.png,756.4,444.2,390.8,27.9,961
9/5/2019 14:41,datasets/dataset_cropped/09_Metas/05/14/20190905144100_00160.jpg,datasets_flow/dataset_cropped/09_Metas/05/14/20190905144100_00160.jpg,datasets_cloudmask/dataset_cropped/09_Metas/05/14/20190905144100_00160.png,899,607.3,410.4,27.8,961
9/5/2019 14:42,datasets/dataset_cropped/09_Metas/05/14/20190905144200_00160.jpg,datasets_flow/dataset_cropped/09_Metas/05/14/20190905144200_00160.jpg,datasets_cloudmask/dataset_cropped/09_Metas/05/14/20190905144200_00160.png,795.8,500.8,398.8,28.1,961
9/5/2019 14:43,datasets/dataset_cropped/09_Metas/05/14/20190905144300_00160.jpg,datasets_flow/dataset_cropped/09_Metas/05/14/20190905144300_00160.jpg,datasets_cloudmask/dataset_cropped/09_Metas/05/14/20190905144300_00160.png,427.1,107.7,344.6,28.2,961
9/5/2019 14:44,datasets/dataset_cropped/09_Metas/05/14/20190905144400_00160.jpg,datasets_flow/dataset_cropped/09_Metas/05/14/20190905144400_00160.jpg,datasets_cloudmask/dataset_cropped/09_Metas/05/14/20190905144400_00160.png,255,5.5,253.3,27.9,961
9/5/2019 14:45,datasets/dataset_cropped/09_Metas/05/14/20190905144500_00160.jpg,datasets_flow/dataset_cropped/09_Metas/05/14/20190905144500_00160.jpg,datasets_cloudmask/dataset_cropped/09_Metas/05/14/20190905144500_00160.png,191.5,2.5,191,28.1,961
9/5/2019 14:46,datasets/dataset_cropped/09_Metas/05/14/20190905144600_00160.jpg,datasets_flow/dataset_cropped/09_Metas/05/14/20190905144600_00160.jpg,datasets_cloudmask/dataset_cropped/09_Metas/05/14/20190905144600_00160.png,150.9,1.8,150,27.8,961
9/5/2019 14:47,datasets/dataset_cropped/09_Metas/05/14/20190905144700_00160.jpg,datasets_flow/dataset_cropped/09_Metas/05/14/20190905144700_00160.jpg,datasets_cloudmask/dataset_cropped/09_Metas/05/14/20190905144700_00160.png,124,0.2,124,27.5,961
9/5/2019 14:48,datasets/dataset_cropped/09_Metas/05/14/20190905144800_00160.jpg,datasets_flow/dataset_cropped/09_Metas/05/14/20190905144800_00160.jpg,datasets_cloudmask/dataset_cropped/09_Metas/05/14/20190905144800_00160.png,113.5,0,113.5,27.8,961
9/5/2019 14:49,datasets/dataset_cropped/09_Metas/05/14/20190905144900_00160.jpg,datasets_flow/dataset_cropped/09_Metas/05/14/20190905144900_00160.jpg,datasets_cloudmask/dataset_cropped/09_Metas/05/14/20190905144900_00160.png,111.7,0,111.9,27.7,961
9/5/2019 14:50,datasets/dataset_cropped/09_Metas/05/14/20190905145000_00160.jpg,datasets_flow/dataset_cropped/09_Metas/05/14/20190905145000_00160.jpg,datasets_cloudmask/dataset_cropped/09_Metas/05/14/20190905145000_00160.png,112.7,0,112.8,27.5,961
9/5/2019 14:51,datasets/dataset_cropped/09_Metas/05/14/20190905145100_00160.jpg,datasets_flow/dataset_cropped/09_Metas/05/14/20190905145100_00160.jpg,datasets_cloudmask/dataset_cropped/09_Metas/05/14/20190905145100_00160.png,115.3,0,115.1,27.4,961
9/5/2019 14:52,datasets/dataset_cropped/09_Metas/05/14/20190905145200_00160.jpg,datasets_flow/dataset_cropped/09_Metas/05/14/20190905145200_00160.jpg,datasets_cloudmask/dataset_cropped/09_Metas/05/14/20190905145200_00160.png,116.9,0,116.7,27.4,961
9/5/2019 14:53,datasets/dataset_cropped/09_Metas/05/14/20190905145300_00160.jpg,datasets_flow/dataset_cropped/09_Metas/05/14/20190905145300_00160.jpg,datasets_cloudmask/dataset_cropped/09_Metas/05/14/20190905145300_00160.png,119.3,0,119.1,27.3,961
9/5/2019 14:54,datasets/dataset_cropped/09_Metas/05/14/20190905145400_00160.jpg,datasets_flow/dataset_cropped/09_Metas/05/14/20190905145400_00160.jpg,datasets_cloudmask/dataset_cropped/09_Metas/05/14/20190905145400_00160.png,125.4,0,125.1,27.2,961
9/5/2019 14:55,datasets/dataset_cropped/09_Metas/05/14/20190905145500_00160.jpg,datasets_flow/dataset_cropped/09_Metas/05/14/20190905145500_00160.jpg,datasets_cloudmask/dataset_cropped/09_Metas/05/14/20190905145500_00160.png,131.6,0,131.4,27.2,961
9/5/2019 14:56,datasets/dataset_cropped/09_Metas/05/14/20190905145600_00160.jpg,datasets_flow/dataset_cropped/09_Metas/05/14/20190905145600_00160.jpg,datasets_cloudmask/dataset_cropped/09_Metas/05/14/20190905145600_00160.png,133.6,0,133.5,27.3,961
9/5/2019 14:57,datasets/dataset_cropped/09_Metas/05/14/20190905145700_00160.jpg,datasets_flow/dataset_cropped/09_Metas/05/14/20190905145700_00160.jpg,datasets_cloudmask/dataset_cropped/09_Metas/05/14/20190905145700_00160.png,130.3,0,130.2,27.4,961
9/5/2019 14:58,datasets/dataset_cropped/09_Metas/05/14/20190905145800_00160.jpg,datasets_flow/dataset_cropped/09_Metas/05/14/20190905145800_00160.jpg,datasets_cloudmask/dataset_cropped/09_Metas/05/14/20190905145800_00160.png,126.6,0,126.4,27.4,961
9/5/2019 14:59,datasets/dataset_cropped/09_Metas/05/14/20190905145900_00160.jpg,datasets_flow/dataset_cropped/09_Metas/05/14/20190905145900_00160.jpg,datasets_cloudmask/dataset_cropped/09_Metas/05/14/20190905145900_00160.png,123.5,0,123.3,27.3,961
9/5/2019 15:00,datasets/dataset_cropped/09_Metas/05/15/20190905150000_00160.jpg,datasets_flow/dataset_cropped/09_Metas/05/15/20190905150000_00160.jpg,datasets_cloudmask/dataset_cropped/09_Metas/05/15/20190905150000_00160.png,123.8,0,123.6,27.3,961
9/5/2019 15:01,datasets/dataset_cropped/09_Metas/05/15/20190905150100_00160.jpg,datasets_flow/dataset_cropped/09_Metas/05/15/20190905150100_00160.jpg,datasets_cloudmask/dataset_cropped/09_Metas/05/15/20190905150100_00160.png,127.4,0,127.1,27.1,961
9/5/2019 15:02,datasets/dataset_cropped/09_Metas/05/15/20190905150200_00160.jpg,datasets_flow/dataset_cropped/09_Metas/05/15/20190905150200_00160.jpg,datasets_cloudmask/dataset_cropped/09_Metas/05/15/20190905150200_00160.png,130.5,0,130.1,27,961
9/5/2019 15:03,datasets/dataset_cropped/09_Metas/05/15/20190905150300_00160.jpg,datasets_flow/dataset_cropped/09_Metas/05/15/20190905150300_00160.jpg,datasets_cloudmask/dataset_cropped/09_Metas/05/15/20190905150300_00160.png,133.1,0,132.8,27.1,961
9/5/2019 15:04,datasets/dataset_cropped/09_Metas/05/15/20190905150400_00160.jpg,datasets_flow/dataset_cropped/09_Metas/05/15/20190905150400_00160.jpg,datasets_cloudmask/dataset_cropped/09_Metas/05/15/20190905150400_00160.png,134.2,0,133.9,27.3,961
9/5/2019 15:05,datasets/dataset_cropped/09_Metas/05/15/20190905150500_00160.jpg,datasets_flow/dataset_cropped/09_Metas/05/15/20190905150500_00160.jpg,datasets_cloudmask/dataset_cropped/09_Metas/05/15/20190905150500_00160.png,133.7,0,133.4,27.4,961
9/5/2019 15:06,datasets/dataset_cropped/09_Metas/05/15/20190905150600_00160.jpg,datasets_flow/dataset_cropped/09_Metas/05/15/20190905150600_00160.jpg,datasets_cloudmask/dataset_cropped/09_Metas/05/15/20190905150600_00160.png,131.5,0,131.1,27.2,961
9/5/2019 15:07,datasets/dataset_cropped/09_Metas/05/15/20190905150700_00160.jpg,datasets_flow/dataset_cropped/09_Metas/05/15/20190905150700_00160.jpg,datasets_cloudmask/dataset_cropped/09_Metas/05/15/20190905150700_00160.png,129.1,0,128.7,27.1,961
9/5/2019 15:08,datasets/dataset_cropped/09_Metas/05/15/20190905150800_00160.jpg,datasets_flow/dataset_cropped/09_Metas/05/15/20190905150800_00160.jpg,datasets_cloudmask/dataset_cropped/09_Metas/05/15/20190905150800_00160.png,129.3,0,128.9,27,961
9/5/2019 15:09,datasets/dataset_cropped/09_Metas/05/15/20190905150900_00160.jpg,datasets_flow/dataset_cropped/09_Metas/05/15/20190905150900_00160.jpg,datasets_cloudmask/dataset_cropped/09_Metas/05/15/20190905150900_00160.png,130.8,0,130.5,26.9,961
9/5/2019 15:10,datasets/dataset_cropped/09_Metas/05/15/20190905151000_00160.jpg,datasets_flow/dataset_cropped/09_Metas/05/15/20190905151000_00160.jpg,datasets_cloudmask/dataset_cropped/09_Metas/05/15/20190905151000_00160.png,130.6,0,130.4,26.9,961
9/5/2019 15:11,datasets/dataset_cropped/09_Metas/05/15/20190905151100_00160.jpg,datasets_flow/dataset_cropped/09_Metas/05/15/20190905151100_00160.jpg,datasets_cloudmask/dataset_cropped/09_Metas/05/15/20190905151100_00160.png,129.6,0,129.4,26.9,961
9/5/2019 15:12,datasets/dataset_cropped/09_Metas/05/15/20190905151200_00160.jpg,datasets_flow/dataset_cropped/09_Metas/05/15/20190905151200_00160.jpg,datasets_cloudmask/dataset_cropped/09_Metas/05/15/20190905151200_00160.png,128.4,0,128.2,26.9,961
9/5/2019 15:13,datasets/dataset_cropped/09_Metas/05/15/20190905151300_00160.jpg,datasets_flow/dataset_cropped/09_Metas/05/15/20190905151300_00160.jpg,datasets_cloudmask/dataset_cropped/09_Metas/05/15/20190905151300_00160.png,126.9,0,126.8,26.8,961
9/5/2019 15:14,datasets/dataset_cropped/09_Metas/05/15/20190905151400_00160.jpg,datasets_flow/dataset_cropped/09_Metas/05/15/20190905151400_00160.jpg,datasets_cloudmask/dataset_cropped/09_Metas/05/15/20190905151400_00160.png,125.1,0,125.1,26.8,961
9/5/2019 15:15,datasets/dataset_cropped/09_Metas/05/15/20190905151500_00160.jpg,datasets_flow/dataset_cropped/09_Metas/05/15/20190905151500_00160.jpg,datasets_cloudmask/dataset_cropped/09_Metas/05/15/20190905151500_00160.png,123.1,0,123.2,26.9,961
9/5/2019 15:16,datasets/dataset_cropped/09_Metas/05/15/20190905151600_00160.jpg,datasets_flow/dataset_cropped/09_Metas/05/15/20190905151600_00160.jpg,datasets_cloudmask/dataset_cropped/09_Metas/05/15/20190905151600_00160.png,120.6,0,120.7,27,961
9/5/2019 15:17,datasets/dataset_cropped/09_Metas/05/15/20190905151700_00160.jpg,datasets_flow/dataset_cropped/09_Metas/05/15/20190905151700_00160.jpg,datasets_cloudmask/dataset_cropped/09_Metas/05/15/20190905151700_00160.png,112.5,0,112.7,27,961
9/5/2019 15:18,datasets/dataset_cropped/09_Metas/05/15/20190905151800_00160.jpg,datasets_flow/dataset_cropped/09_Metas/05/15/20190905151800_00160.jpg,datasets_cloudmask/dataset_cropped/09_Metas/05/15/20190905151800_00160.png,98.8,0,98.9,26.8,961
9/5/2019 15:19,datasets/dataset_cropped/09_Metas/05/15/20190905151900_00160.jpg,datasets_flow/dataset_cropped/09_Metas/05/15/20190905151900_00160.jpg,datasets_cloudmask/dataset_cropped/09_Metas/05/15/20190905151900_00160.png,94.3,0,94.5,26.9,961
9/5/2019 15:20,datasets/dataset_cropped/09_Metas/05/15/20190905152000_00160.jpg,datasets_flow/dataset_cropped/09_Metas/05/15/20190905152000_00160.jpg,datasets_cloudmask/dataset_cropped/09_Metas/05/15/20190905152000_00160.png,94.9,0,95.3,26.8,961
9/5/2019 15:21,datasets/dataset_cropped/09_Metas/05/15/20190905152100_00160.jpg,datasets_flow/dataset_cropped/09_Metas/05/15/20190905152100_00160.jpg,datasets_cloudmask/dataset_cropped/09_Metas/05/15/20190905152100_00160.png,98.9,0,99.1,26.7,961
9/5/2019 15:22,datasets/dataset_cropped/09_Metas/05/15/20190905152200_00160.jpg,datasets_flow/dataset_cropped/09_Metas/05/15/20190905152200_00160.jpg,datasets_cloudmask/dataset_cropped/09_Metas/05/15/20190905152200_00160.png,102.2,0,102.4,26.6,961
9/5/2019 15:23,datasets/dataset_cropped/09_Metas/05/15/20190905152300_00160.jpg,datasets_flow/dataset_cropped/09_Metas/05/15/20190905152300_00160.jpg,datasets_cloudmask/dataset_cropped/09_Metas/05/15/20190905152300_00160.png,104,0,104.2,26.7,961
9/5/2019 15:24,datasets/dataset_cropped/09_Metas/05/15/20190905152400_00160.jpg,datasets_flow/dataset_cropped/09_Metas/05/15/20190905152400_00160.jpg,datasets_cloudmask/dataset_cropped/09_Metas/05/15/20190905152400_00160.png,101.9,0,102,26.8,961
9/5/2019 15:25,datasets/dataset_cropped/09_Metas/05/15/20190905152500_00160.jpg,datasets_flow/dataset_cropped/09_Metas/05/15/20190905152500_00160.jpg,datasets_cloudmask/dataset_cropped/09_Metas/05/15/20190905152500_00160.png,95.4,0,95.5,26.8,961
9/5/2019 15:26,datasets/dataset_cropped/09_Metas/05/15/20190905152600_00160.jpg,datasets_flow/dataset_cropped/09_Metas/05/15/20190905152600_00160.jpg,datasets_cloudmask/dataset_cropped/09_Metas/05/15/20190905152600_00160.png,88.1,0,88.3,26.8,961
9/5/2019 15:27,datasets/dataset_cropped/09_Metas/05/15/20190905152700_00160.jpg,datasets_flow/dataset_cropped/09_Metas/05/15/20190905152700_00160.jpg,datasets_cloudmask/dataset_cropped/09_Metas/05/15/20190905152700_00160.png,82.6,0,82.8,26.6,961
9/5/2019 15:28,datasets/dataset_cropped/09_Metas/05/15/20190905152800_00160.jpg,datasets_flow/dataset_cropped/09_Metas/05/15/20190905152800_00160.jpg,datasets_cloudmask/dataset_cropped/09_Metas/05/15/20190905152800_00160.png,80.3,0,80.5,26.6,960
9/5/2019 15:29,datasets/dataset_cropped/09_Metas/05/15/20190905152900_00160.jpg,datasets_flow/dataset_cropped/09_Metas/05/15/20190905152900_00160.jpg,datasets_cloudmask/dataset_cropped/09_Metas/05/15/20190905152900_00160.png,81.8,0,81.9,26.7,960
9/5/2019 15:30,datasets/dataset_cropped/09_Metas/05/15/20190905153000_00160.jpg,datasets_flow/dataset_cropped/09_Metas/05/15/20190905153000_00160.jpg,datasets_cloudmask/dataset_cropped/09_Metas/05/15/20190905153000_00160.png,87.1,0,87.2,26.7,961
9/5/2019 15:31,datasets/dataset_cropped/09_Metas/05/15/20190905153100_00160.jpg,datasets_flow/dataset_cropped/09_Metas/05/15/20190905153100_00160.jpg,datasets_cloudmask/dataset_cropped/09_Metas/05/15/20190905153100_00160.png,94.2,0,94.5,26.6,961
9/5/2019 15:32,datasets/dataset_cropped/09_Metas/05/15/20190905153200_00160.jpg,datasets_flow/dataset_cropped/09_Metas/05/15/20190905153200_00160.jpg,datasets_cloudmask/dataset_cropped/09_Metas/05/15/20190905153200_00160.png,100.6,0,100.8,26.5,961
9/5/2019 15:33,datasets/dataset_cropped/09_Metas/05/15/20190905153300_00160.jpg,datasets_flow/dataset_cropped/09_Metas/05/15/20190905153300_00160.jpg,datasets_cloudmask/dataset_cropped/09_Metas/05/15/20190905153300_00160.png,104.5,0,104.8,26.5,961
9/5/2019 15:34,datasets/dataset_cropped/09_Metas/05/15/20190905153400_00160.jpg,datasets_flow/dataset_cropped/09_Metas/05/15/20190905153400_00160.jpg,datasets_cloudmask/dataset_cropped/09_Metas/05/15/20190905153400_00160.png,107,0,107.3,26.5,961
9/5/2019 15:35,datasets/dataset_cropped/09_Metas/05/15/20190905153500_00160.jpg,datasets_flow/dataset_cropped/09_Metas/05/15/20190905153500_00160.jpg,datasets_cloudmask/dataset_cropped/09_Metas/05/15/20190905153500_00160.png,109.9,0.2,110.2,26.6,961
9/5/2019 15:36,datasets/dataset_cropped/09_Metas/05/15/20190905153600_00160.jpg,datasets_flow/dataset_cropped/09_Metas/05/15/20190905153600_00160.jpg,datasets_cloudmask/dataset_cropped/09_Metas/05/15/20190905153600_00160.png,111.9,0.2,112.1,26.5,961
9/5/2019 15:37,datasets/dataset_cropped/09_Metas/05/15/20190905153700_00160.jpg,datasets_flow/dataset_cropped/09_Metas/05/15/20190905153700_00160.jpg,datasets_cloudmask/dataset_cropped/09_Metas/05/15/20190905153700_00160.png,113.5,0,113.7,26.3,961
9/5/2019 15:38,datasets/dataset_cropped/09_Metas/05/15/20190905153800_00160.jpg,datasets_flow/dataset_cropped/09_Metas/05/15/20190905153800_00160.jpg,datasets_cloudmask/dataset_cropped/09_Metas/05/15/20190905153800_00160.png,115.4,0,115.5,26.3,961
9/5/2019 15:39,datasets/dataset_cropped/09_Metas/05/15/20190905153900_00160.jpg,datasets_flow/dataset_cropped/09_Metas/05/15/20190905153900_00160.jpg,datasets_cloudmask/dataset_cropped/09_Metas/05/15/20190905153900_00160.png,117.3,0,117.4,26.3,961
9/5/2019 15:40,datasets/dataset_cropped/09_Metas/05/15/20190905154000_00160.jpg,datasets_flow/dataset_cropped/09_Metas/05/15/20190905154000_00160.jpg,datasets_cloudmask/dataset_cropped/09_Metas/05/15/20190905154000_00160.png,119.6,0,119.7,26.3,961
9/5/2019 15:41,datasets/dataset_cropped/09_Metas/05/15/20190905154100_00160.jpg,datasets_flow/dataset_cropped/09_Metas/05/15/20190905154100_00160.jpg,datasets_cloudmask/dataset_cropped/09_Metas/05/15/20190905154100_00160.png,121.5,0,121.6,26.3,960
9/5/2019 15:42,datasets/dataset_cropped/09_Metas/05/15/20190905154200_00160.jpg,datasets_flow/dataset_cropped/09_Metas/05/15/20190905154200_00160.jpg,datasets_cloudmask/dataset_cropped/09_Metas/05/15/20190905154200_00160.png,122.7,0,122.8,26.2,961
9/5/2019 15:43,datasets/dataset_cropped/09_Metas/05/15/20190905154300_00160.jpg,datasets_flow/dataset_cropped/09_Metas/05/15/20190905154300_00160.jpg,datasets_cloudmask/dataset_cropped/09_Metas/05/15/20190905154300_00160.png,121.6,0,121.7,26.2,961
9/5/2019 15:44,datasets/dataset_cropped/09_Metas/05/15/20190905154400_00160.jpg,datasets_flow/dataset_cropped/09_Metas/05/15/20190905154400_00160.jpg,datasets_cloudmask/dataset_cropped/09_Metas/05/15/20190905154400_00160.png,119.4,0,119.5,26.2,961
9/5/2019 15:45,datasets/dataset_cropped/09_Metas/05/15/20190905154500_00160.jpg,datasets_flow/dataset_cropped/09_Metas/05/15/20190905154500_00160.jpg,datasets_cloudmask/dataset_cropped/09_Metas/05/15/20190905154500_00160.png,117.7,0,117.9,26.3,961
9/5/2019 15:46,datasets/dataset_cropped/09_Metas/05/15/20190905154600_00160.jpg,datasets_flow/dataset_cropped/09_Metas/05/15/20190905154600_00160.jpg,datasets_cloudmask/dataset_cropped/09_Metas/05/15/20190905154600_00160.png,118.1,0,118.4,26.1,961
9/5/2019 15:47,datasets/dataset_cropped/09_Metas/05/15/20190905154700_00160.jpg,datasets_flow/dataset_cropped/09_Metas/05/15/20190905154700_00160.jpg,datasets_cloudmask/dataset_cropped/09_Metas/05/15/20190905154700_00160.png,118.5,0,118.8,26.1,961
9/5/2019 15:48,datasets/dataset_cropped/09_Metas/05/15/20190905154800_00160.jpg,datasets_flow/dataset_cropped/09_Metas/05/15/20190905154800_00160.jpg,datasets_cloudmask/dataset_cropped/09_Metas/05/15/20190905154800_00160.png,119.4,0,119.6,26.2,961
9/5/2019 15:49,datasets/dataset_cropped/09_Metas/05/15/20190905154900_00160.jpg,datasets_flow/dataset_cropped/09_Metas/05/15/20190905154900_00160.jpg,datasets_cloudmask/dataset_cropped/09_Metas/05/15/20190905154900_00160.png,121.5,0.1,121.7,26.4,961
9/5/2019 15:50,datasets/dataset_cropped/09_Metas/05/15/20190905155000_00160.jpg,datasets_flow/dataset_cropped/09_Metas/05/15/20190905155000_00160.jpg,datasets_cloudmask/dataset_cropped/09_Metas/05/15/20190905155000_00160.png,123.4,0.1,123.6,26.2,961
9/5/2019 15:51,datasets/dataset_cropped/09_Metas/05/15/20190905155100_00160.jpg,datasets_flow/dataset_cropped/09_Metas/05/15/20190905155100_00160.jpg,datasets_cloudmask/dataset_cropped/09_Metas/05/15/20190905155100_00160.png,125.4,0,125.5,26.2,961
9/5/2019 15:52,datasets/dataset_cropped/09_Metas/05/15/20190905155200_00160.jpg,datasets_flow/dataset_cropped/09_Metas/05/15/20190905155200_00160.jpg,datasets_cloudmask/dataset_cropped/09_Metas/05/15/20190905155200_00160.png,125.9,0,126.1,26.3,960
9/5/2019 15:53,datasets/dataset_cropped/09_Metas/05/15/20190905155300_00160.jpg,datasets_flow/dataset_cropped/09_Metas/05/15/20190905155300_00160.jpg,datasets_cloudmask/dataset_cropped/09_Metas/05/15/20190905155300_00160.png,124.6,0,124.9,26.4,960
9/5/2019 15:54,datasets/dataset_cropped/09_Metas/05/15/20190905155400_00160.jpg,datasets_flow/dataset_cropped/09_Metas/05/15/20190905155400_00160.jpg,datasets_cloudmask/dataset_cropped/09_Metas/05/15/20190905155400_00160.png,122.3,0,122.6,26.3,960
9/5/2019 15:55,datasets/dataset_cropped/09_Metas/05/15/20190905155500_00160.jpg,datasets_flow/dataset_cropped/09_Metas/05/15/20190905155500_00160.jpg,datasets_cloudmask/dataset_cropped/09_Metas/05/15/20190905155500_00160.png,120.5,0,120.8,26.2,960
9/5/2019 15:56,datasets/dataset_cropped/09_Metas/05/15/20190905155600_00160.jpg,datasets_flow/dataset_cropped/09_Metas/05/15/20190905155600_00160.jpg,datasets_cloudmask/dataset_cropped/09_Metas/05/15/20190905155600_00160.png,121.7,0,122.1,26.2,960
9/5/2019 15:57,datasets/dataset_cropped/09_Metas/05/15/20190905155700_00160.jpg,datasets_flow/dataset_cropped/09_Metas/05/15/20190905155700_00160.jpg,datasets_cloudmask/dataset_cropped/09_Metas/05/15/20190905155700_00160.png,125.4,0,125.8,26.1,961
9/5/2019 15:58,datasets/dataset_cropped/09_Metas/05/15/20190905155800_00160.jpg,datasets_flow/dataset_cropped/09_Metas/05/15/20190905155800_00160.jpg,datasets_cloudmask/dataset_cropped/09_Metas/05/15/20190905155800_00160.png,130.4,0,130.7,26,960
9/5/2019 15:59,datasets/dataset_cropped/09_Metas/05/15/20190905155900_00160.jpg,datasets_flow/dataset_cropped/09_Metas/05/15/20190905155900_00160.jpg,datasets_cloudmask/dataset_cropped/09_Metas/05/15/20190905155900_00160.png,135.5,0,135.7,26.1,961
9/5/2019 16:00,datasets/dataset_cropped/09_Metas/05/16/20190905160000_00160.jpg,datasets_flow/dataset_cropped/09_Metas/05/16/20190905160000_00160.jpg,datasets_cloudmask/dataset_cropped/09_Metas/05/16/20190905160000_00160.png,140,0.1,140.2,26.2,960
9/5/2019 16:01,datasets/dataset_cropped/09_Metas/05/16/20190905160100_00160.jpg,datasets_flow/dataset_cropped/09_Metas/05/16/20190905160100_00160.jpg,datasets_cloudmask/dataset_cropped/09_Metas/05/16/20190905160100_00160.png,142.2,0.2,142.4,26.2,961
9/5/2019 16:02,datasets/dataset_cropped/09_Metas/05/16/20190905160200_00160.jpg,datasets_flow/dataset_cropped/09_Metas/05/16/20190905160200_00160.jpg,datasets_cloudmask/dataset_cropped/09_Metas/05/16/20190905160200_00160.png,142.9,0.5,143.3,26.3,960
9/5/2019 16:03,datasets/dataset_cropped/09_Metas/05/16/20190905160300_00160.jpg,datasets_flow/dataset_cropped/09_Metas/05/16/20190905160300_00160.jpg,datasets_cloudmask/dataset_cropped/09_Metas/05/16/20190905160300_00160.png,140.4,0.6,141,26.4,960
9/5/2019 16:04,datasets/dataset_cropped/09_Metas/05/16/20190905160400_00160.jpg,datasets_flow/dataset_cropped/09_Metas/05/16/20190905160400_00160.jpg,datasets_cloudmask/dataset_cropped/09_Metas/05/16/20190905160400_00160.png,134.4,0.6,135,26.3,960
9/5/2019 16:05,datasets/dataset_cropped/09_Metas/05/16/20190905160500_00160.jpg,datasets_flow/dataset_cropped/09_Metas/05/16/20190905160500_00160.jpg,datasets_cloudmask/dataset_cropped/09_Metas/05/16/20190905160500_00160.png,129,0.6,129.7,26.1,960
9/5/2019 16:06,datasets/dataset_cropped/09_Metas/05/16/20190905160600_00160.jpg,datasets_flow/dataset_cropped/09_Metas/05/16/20190905160600_00160.jpg,datasets_cloudmask/dataset_cropped/09_Metas/05/16/20190905160600_00160.png,130.1,0.5,130.8,26.1,960
9/5/2019 16:07,datasets/dataset_cropped/09_Metas/05/16/20190905160700_00160.jpg,datasets_flow/dataset_cropped/09_Metas/05/16/20190905160700_00160.jpg,datasets_cloudmask/dataset_cropped/09_Metas/05/16/20190905160700_00160.png,137.6,0.1,138.3,26.2,960
9/5/2019 16:08,datasets/dataset_cropped/09_Metas/05/16/20190905160800_00160.jpg,datasets_flow/dataset_cropped/09_Metas/05/16/20190905160800_00160.jpg,datasets_cloudmask/dataset_cropped/09_Metas/05/16/20190905160800_00160.png,146.6,0,147.2,26.2,960
9/5/2019 16:09,datasets/dataset_cropped/09_Metas/05/16/20190905160900_00160.jpg,datasets_flow/dataset_cropped/09_Metas/05/16/20190905160900_00160.jpg,datasets_cloudmask/dataset_cropped/09_Metas/05/16/20190905160900_00160.png,151.8,0,152.4,26.2,960
9/5/2019 16:10,datasets/dataset_cropped/09_Metas/05/16/20190905161000_00160.jpg,datasets_flow/dataset_cropped/09_Metas/05/16/20190905161000_00160.jpg,datasets_cloudmask/dataset_cropped/09_Metas/05/16/20190905161000_00160.png,149.2,0.1,149.6,26.1,960
9/5/2019 16:11,datasets/dataset_cropped/09_Metas/05/16/20190905161100_00160.jpg,datasets_flow/dataset_cropped/09_Metas/05/16/20190905161100_00160.jpg,datasets_cloudmask/dataset_cropped/09_Metas/05/16/20190905161100_00160.png,144.5,1,144.3,26.1,960
9/5/2019 16:12,datasets/dataset_cropped/09_Metas/05/16/20190905161200_00160.jpg,datasets_flow/dataset_cropped/09_Metas/05/16/20190905161200_00160.jpg,datasets_cloudmask/dataset_cropped/09_Metas/05/16/20190905161200_00160.png,138.6,0.1,138.8,26.1,960
9/5/2019 16:13,datasets/dataset_cropped/09_Metas/05/16/20190905161300_00160.jpg,datasets_flow/dataset_cropped/09_Metas/05/16/20190905161300_00160.jpg,datasets_cloudmask/dataset_cropped/09_Metas/05/16/20190905161300_00160.png,135.9,0,136.1,26.1,960
9/5/2019 16:14,datasets/dataset_cropped/09_Metas/05/16/20190905161400_00160.jpg,datasets_flow/dataset_cropped/09_Metas/05/16/20190905161400_00160.jpg,datasets_cloudmask/dataset_cropped/09_Metas/05/16/20190905161400_00160.png,137.4,0,137.6,26.1,960
9/5/2019 16:15,datasets/dataset_cropped/09_Metas/05/16/20190905161500_00160.jpg,datasets_flow/dataset_cropped/09_Metas/05/16/20190905161500_00160.jpg,datasets_cloudmask/dataset_cropped/09_Metas/05/16/20190905161500_00160.png,140.3,0,140.4,25.9,960
9/5/2019 16:16,datasets/dataset_cropped/09_Metas/05/16/20190905161600_00160.jpg,datasets_flow/dataset_cropped/09_Metas/05/16/20190905161600_00160.jpg,datasets_cloudmask/dataset_cropped/09_Metas/05/16/20190905161600_00160.png,138.8,0.4,138.7,25.8,960
9/5/2019 16:17,datasets/dataset_cropped/09_Metas/05/16/20190905161700_00160.jpg,datasets_flow/dataset_cropped/09_Metas/05/16/20190905161700_00160.jpg,datasets_cloudmask/dataset_cropped/09_Metas/05/16/20190905161700_00160.png,136.6,2,135.7,25.8,960
9/5/2019 16:18,datasets/dataset_cropped/09_Metas/05/16/20190905161800_00160.jpg,datasets_flow/dataset_cropped/09_Metas/05/16/20190905161800_00160.jpg,datasets_cloudmask/dataset_cropped/09_Metas/05/16/20190905161800_00160.png,133.1,0.7,133.1,25.9,960
9/5/2019 16:19,datasets/dataset_cropped/09_Metas/05/16/20190905161900_00160.jpg,datasets_flow/dataset_cropped/09_Metas/05/16/20190905161900_00160.jpg,datasets_cloudmask/dataset_cropped/09_Metas/05/16/20190905161900_00160.png,132,0,132.5,26,960
9/5/2019 16:20,datasets/dataset_cropped/09_Metas/05/16/20190905162000_00160.jpg,datasets_flow/dataset_cropped/09_Metas/05/16/20190905162000_00160.jpg,datasets_cloudmask/dataset_cropped/09_Metas/05/16/20190905162000_00160.png,136.9,0,137.4,26,960
9/5/2019 16:21,datasets/dataset_cropped/09_Metas/05/16/20190905162100_00160.jpg,datasets_flow/dataset_cropped/09_Metas/05/16/20190905162100_00160.jpg,datasets_cloudmask/dataset_cropped/09_Metas/05/16/20190905162100_00160.png,148.4,0,148.9,26,960
9/5/2019 16:22,datasets/dataset_cropped/09_Metas/05/16/20190905162200_00160.jpg,datasets_flow/dataset_cropped/09_Metas/05/16/20190905162200_00160.jpg,datasets_cloudmask/dataset_cropped/09_Metas/05/16/20190905162200_00160.png,155.9,0,156.5,25.9,960
9/5/2019 16:23,datasets/dataset_cropped/09_Metas/05/16/20190905162300_00160.jpg,datasets_flow/dataset_cropped/09_Metas/05/16/20190905162300_00160.jpg,datasets_cloudmask/dataset_cropped/09_Metas/05/16/20190905162300_00160.png,154.2,0.1,154.7,25.8,961
9/5/2019 16:24,datasets/dataset_cropped/09_Metas/05/16/20190905162400_00160.jpg,datasets_flow/dataset_cropped/09_Metas/05/16/20190905162400_00160.jpg,datasets_cloudmask/dataset_cropped/09_Metas/05/16/20190905162400_00160.png,150.6,0.2,151.1,25.9,961
9/5/2019 16:25,datasets/dataset_cropped/09_Metas/05/16/20190905162500_00160.jpg,datasets_flow/dataset_cropped/09_Metas/05/16/20190905162500_00160.jpg,datasets_cloudmask/dataset_cropped/09_Metas/05/16/20190905162500_00160.png,146.1,0.3,146.6,25.9,961
9/5/2019 16:26,datasets/dataset_cropped/09_Metas/05/16/20190905162600_00160.jpg,datasets_flow/dataset_cropped/09_Metas/05/16/20190905162600_00160.jpg,datasets_cloudmask/dataset_cropped/09_Metas/05/16/20190905162600_00160.png,142.7,0.1,143.2,25.9,961
9/5/2019 16:27,datasets/dataset_cropped/09_Metas/05/16/20190905162700_00160.jpg,datasets_flow/dataset_cropped/09_Metas/05/16/20190905162700_00160.jpg,datasets_cloudmask/dataset_cropped/09_Metas/05/16/20190905162700_00160.png,144.2,0,144.7,25.9,961
9/5/2019 16:28,datasets/dataset_cropped/09_Metas/05/16/20190905162800_00160.jpg,datasets_flow/dataset_cropped/09_Metas/05/16/20190905162800_00160.jpg,datasets_cloudmask/dataset_cropped/09_Metas/05/16/20190905162800_00160.png,148.3,0,149,25.9,961
9/5/2019 16:29,datasets/dataset_cropped/09_Metas/05/16/20190905162900_00160.jpg,datasets_flow/dataset_cropped/09_Metas/05/16/20190905162900_00160.jpg,datasets_cloudmask/dataset_cropped/09_Metas/05/16/20190905162900_00160.png,149.9,0.4,150.8,25.8,961
9/5/2019 16:30,datasets/dataset_cropped/09_Metas/05/16/20190905163000_00160.jpg,datasets_flow/dataset_cropped/09_Metas/05/16/20190905163000_00160.jpg,datasets_cloudmask/dataset_cropped/09_Metas/05/16/20190905163000_00160.png,149.4,0.5,150.3,25.8,961
9/5/2019 16:31,datasets/dataset_cropped/09_Metas/05/16/20190905163100_00160.jpg,datasets_flow/dataset_cropped/09_Metas/05/16/20190905163100_00160.jpg,datasets_cloudmask/dataset_cropped/09_Metas/05/16/20190905163100_00160.png,150.5,0.2,151.3,25.9,961
9/5/2019 16:32,datasets/dataset_cropped/09_Metas/05/16/20190905163200_00160.jpg,datasets_flow/dataset_cropped/09_Metas/05/16/20190905163200_00160.jpg,datasets_cloudmask/dataset_cropped/09_Metas/05/16/20190905163200_00160.png,172.3,0.4,173.2,25.9,961
9/5/2019 16:33,datasets/dataset_cropped/09_Metas/05/16/20190905163300_00160.jpg,datasets_flow/dataset_cropped/09_Metas/05/16/20190905163300_00160.jpg,datasets_cloudmask/dataset_cropped/09_Metas/05/16/20190905163300_00160.png,201.6,0.6,202.7,25.9,961
9/5/2019 16:34,datasets/dataset_cropped/09_Metas/05/16/20190905163400_00160.jpg,datasets_flow/dataset_cropped/09_Metas/05/16/20190905163400_00160.jpg,datasets_cloudmask/dataset_cropped/09_Metas/05/16/20190905163400_00160.png,216.8,1.5,217.2,25.8,961
9/5/2019 16:35,datasets/dataset_cropped/09_Metas/05/16/20190905163500_00160.jpg,datasets_flow/dataset_cropped/09_Metas/05/16/20190905163500_00160.jpg,datasets_cloudmask/dataset_cropped/09_Metas/05/16/20190905163500_00160.png,227.7,12.8,221.9,25.9,961
9/5/2019 16:36,datasets/dataset_cropped/09_Metas/05/16/20190905163600_00160.jpg,datasets_flow/dataset_cropped/09_Metas/05/16/20190905163600_00160.jpg,datasets_cloudmask/dataset_cropped/09_Metas/05/16/20190905163600_00160.png,242.2,14.1,234.4,26,961
9/5/2019 16:37,datasets/dataset_cropped/09_Metas/05/16/20190905163700_00160.jpg,datasets_flow/dataset_cropped/09_Metas/05/16/20190905163700_00160.jpg,datasets_cloudmask/dataset_cropped/09_Metas/05/16/20190905163700_00160.png,239.9,1.6,239.9,25.9,961
9/5/2019 16:38,datasets/dataset_cropped/09_Metas/05/16/20190905163800_00160.jpg,datasets_flow/dataset_cropped/09_Metas/05/16/20190905163800_00160.jpg,datasets_cloudmask/dataset_cropped/09_Metas/05/16/20190905163800_00160.png,245.3,1.6,245.4,25.9,960
9/5/2019 16:39,datasets/dataset_cropped/09_Metas/05/16/20190905163900_00160.jpg,datasets_flow/dataset_cropped/09_Metas/05/16/20190905163900_00160.jpg,datasets_cloudmask/dataset_cropped/09_Metas/05/16/20190905163900_00160.png,245.5,0.7,246.1,25.9,961
9/5/2019 16:40,datasets/dataset_cropped/09_Metas/05/16/20190905164000_00160.jpg,datasets_flow/dataset_cropped/09_Metas/05/16/20190905164000_00160.jpg,datasets_cloudmask/dataset_cropped/09_Metas/05/16/20190905164000_00160.png,241.7,0.5,242.6,26.2,960
9/5/2019 16:41,datasets/dataset_cropped/09_Metas/05/16/20190905164100_00160.jpg,datasets_flow/dataset_cropped/09_Metas/05/16/20190905164100_00160.jpg,datasets_cloudmask/dataset_cropped/09_Metas/05/16/20190905164100_00160.png,238.6,0.6,239.3,26.2,960
9/5/2019 16:42,datasets/dataset_cropped/09_Metas/05/16/20190905164200_00160.jpg,datasets_flow/dataset_cropped/09_Metas/05/16/20190905164200_00160.jpg,datasets_cloudmask/dataset_cropped/09_Metas/05/16/20190905164200_00160.png,233.7,0.4,234.4,26.1,960
9/5/2019 16:43,datasets/dataset_cropped/09_Metas/05/16/20190905164300_00160.jpg,datasets_flow/dataset_cropped/09_Metas/05/16/20190905164300_00160.jpg,datasets_cloudmask/dataset_cropped/09_Metas/05/16/20190905164300_00160.png,223.1,0.7,223.6,26.1,960
9/5/2019 16:44,datasets/dataset_cropped/09_Metas/05/16/20190905164400_00160.jpg,datasets_flow/dataset_cropped/09_Metas/05/16/20190905164400_00160.jpg,datasets_cloudmask/dataset_cropped/09_Metas/05/16/20190905164400_00160.png,213.6,0.9,214.1,26.2,960
9/5/2019 16:45,datasets/dataset_cropped/09_Metas/05/16/20190905164500_00160.jpg,datasets_flow/dataset_cropped/09_Metas/05/16/20190905164500_00160.jpg,datasets_cloudmask/dataset_cropped/09_Metas/05/16/20190905164500_00160.png,209.6,0.7,210.4,26.1,960
9/5/2019 16:46,datasets/dataset_cropped/09_Metas/05/16/20190905164600_00160.jpg,datasets_flow/dataset_cropped/09_Metas/05/16/20190905164600_00160.jpg,datasets_cloudmask/dataset_cropped/09_Metas/05/16/20190905164600_00160.png,207,0.6,207.9,26.1,961
9/5/2019 16:47,datasets/dataset_cropped/09_Metas/05/16/20190905164700_00160.jpg,datasets_flow/dataset_cropped/09_Metas/05/16/20190905164700_00160.jpg,datasets_cloudmask/dataset_cropped/09_Metas/05/16/20190905164700_00160.png,205.8,0.5,206.6,26.2,961
9/5/2019 16:48,datasets/dataset_cropped/09_Metas/05/16/20190905164800_00160.jpg,datasets_flow/dataset_cropped/09_Metas/05/16/20190905164800_00160.jpg,datasets_cloudmask/dataset_cropped/09_Metas/05/16/20190905164800_00160.png,211.6,0.3,212.4,26.1,961
9/5/2019 16:49,datasets/dataset_cropped/09_Metas/05/16/20190905164900_00160.jpg,datasets_flow/dataset_cropped/09_Metas/05/16/20190905164900_00160.jpg,datasets_cloudmask/dataset_cropped/09_Metas/05/16/20190905164900_00160.png,218,0.3,218.9,25.9,960
9/5/2019 16:50,datasets/dataset_cropped/09_Metas/05/16/20190905165000_00160.jpg,datasets_flow/dataset_cropped/09_Metas/05/16/20190905165000_00160.jpg,datasets_cloudmask/dataset_cropped/09_Metas/05/16/20190905165000_00160.png,216.8,0.3,217.6,25.9,961
9/5/2019 16:51,datasets/dataset_cropped/09_Metas/05/16/20190905165100_00160.jpg,datasets_flow/dataset_cropped/09_Metas/05/16/20190905165100_00160.jpg,datasets_cloudmask/dataset_cropped/09_Metas/05/16/20190905165100_00160.png,214.6,10.4,210,25.9,960
9/5/2019 16:52,datasets/dataset_cropped/09_Metas/05/16/20190905165200_00160.jpg,datasets_flow/dataset_cropped/09_Metas/05/16/20190905165200_00160.jpg,datasets_cloudmask/dataset_cropped/09_Metas/05/16/20190905165200_00160.png,219.2,23.3,208.6,25.9,960
9/5/2019 16:53,datasets/dataset_cropped/09_Metas/05/16/20190905165300_00160.jpg,datasets_flow/dataset_cropped/09_Metas/05/16/20190905165300_00160.jpg,datasets_cloudmask/dataset_cropped/09_Metas/05/16/20190905165300_00160.png,220.3,10,215.5,25.8,961
9/5/2019 16:54,datasets/dataset_cropped/09_Metas/05/16/20190905165400_00160.jpg,datasets_flow/dataset_cropped/09_Metas/05/16/20190905165400_00160.jpg,datasets_cloudmask/dataset_cropped/09_Metas/05/16/20190905165400_00160.png,253,70.7,216.8,26,960
9/5/2019 16:55,datasets/dataset_cropped/09_Metas/05/16/20190905165500_00160.jpg,datasets_flow/dataset_cropped/09_Metas/05/16/20190905165500_00160.jpg,datasets_cloudmask/dataset_cropped/09_Metas/05/16/20190905165500_00160.png,210.1,3.5,209.4,26.1,961
9/5/2019 16:56,datasets/dataset_cropped/09_Metas/05/16/20190905165600_00160.jpg,datasets_flow/dataset_cropped/09_Metas/05/16/20190905165600_00160.jpg,datasets_cloudmask/dataset_cropped/09_Metas/05/16/20190905165600_00160.png,205.9,1.2,206.2,26.1,960
9/5/2019 16:57,datasets/dataset_cropped/09_Metas/05/16/20190905165700_00160.jpg,datasets_flow/dataset_cropped/09_Metas/05/16/20190905165700_00160.jpg,datasets_cloudmask/dataset_cropped/09_Metas/05/16/20190905165700_00160.png,214.7,1,215,26.1,960
9/5/2019 16:58,datasets/dataset_cropped/09_Metas/05/16/20190905165800_00160.jpg,datasets_flow/dataset_cropped/09_Metas/05/16/20190905165800_00160.jpg,datasets_cloudmask/dataset_cropped/09_Metas/05/16/20190905165800_00160.png,233.3,1.1,233.5,26,960
9/5/2019 16:59,datasets/dataset_cropped/09_Metas/05/16/20190905165900_00160.jpg,datasets_flow/dataset_cropped/09_Metas/05/16/20190905165900_00160.jpg,datasets_cloudmask/dataset_cropped/09_Metas/05/16/20190905165900_00160.png,267.5,20.2,256.4,26.1,960
9/5/2019 17:00,datasets/dataset_cropped/09_Metas/05/17/20190905170000_00160.jpg,datasets_flow/dataset_cropped/09_Metas/05/17/20190905170000_00160.jpg,datasets_cloudmask/dataset_cropped/09_Metas/05/17/20190905170000_00160.png,301.3,99.9,251.7,26.1,960
9/5/2019 17:01,datasets/dataset_cropped/09_Metas/05/17/20190905170100_00160.jpg,datasets_flow/dataset_cropped/09_Metas/05/17/20190905170100_00160.jpg,datasets_cloudmask/dataset_cropped/09_Metas/05/17/20190905170100_00160.png,250.2,54,223,26.2,960
9/5/2019 17:02,datasets/dataset_cropped/09_Metas/05/17/20190905170200_00160.jpg,datasets_flow/dataset_cropped/09_Metas/05/17/20190905170200_00160.jpg,datasets_cloudmask/dataset_cropped/09_Metas/05/17/20190905170200_00160.png,391.5,391.2,198,26.6,960
9/5/2019 17:03,datasets/dataset_cropped/09_Metas/05/17/20190905170300_00160.jpg,datasets_flow/dataset_cropped/09_Metas/05/17/20190905170300_00160.jpg,datasets_cloudmask/dataset_cropped/09_Metas/05/17/20190905170300_00160.png,376,399.9,178.5,26.7,960
9/5/2019 17:04,datasets/dataset_cropped/09_Metas/05/17/20190905170400_00160.jpg,datasets_flow/dataset_cropped/09_Metas/05/17/20190905170400_00160.jpg,datasets_cloudmask/dataset_cropped/09_Metas/05/17/20190905170400_00160.png,296.5,282.9,158.7,26.7,960
9/5/2019 17:05,datasets/dataset_cropped/09_Metas/05/17/20190905170500_00160.jpg,datasets_flow/dataset_cropped/09_Metas/05/17/20190905170500_00160.jpg,datasets_cloudmask/dataset_cropped/09_Metas/05/17/20190905170500_00160.png,220.6,156.3,144.8,26.7,960
9/5/2019 17:06,datasets/dataset_cropped/09_Metas/05/17/20190905170600_00160.jpg,datasets_flow/dataset_cropped/09_Metas/05/17/20190905170600_00160.jpg,datasets_cloudmask/dataset_cropped/09_Metas/05/17/20190905170600_00160.png,171.9,77.2,134.5,26.5,960
9/5/2019 17:07,datasets/dataset_cropped/09_Metas/05/17/20190905170700_00160.jpg,datasets_flow/dataset_cropped/09_Metas/05/17/20190905170700_00160.jpg,datasets_cloudmask/dataset_cropped/09_Metas/05/17/20190905170700_00160.png,158.9,60.3,129.3,26.3,960
9/5/2019 17:08,datasets/dataset_cropped/09_Metas/05/17/20190905170800_00160.jpg,datasets_flow/dataset_cropped/09_Metas/05/17/20190905170800_00160.jpg,datasets_cloudmask/dataset_cropped/09_Metas/05/17/20190905170800_00160.png,176.9,92.8,131.9,26,960
9/5/2019 17:09,datasets/dataset_cropped/09_Metas/05/17/20190905170900_00160.jpg,datasets_flow/dataset_cropped/09_Metas/05/17/20190905170900_00160.jpg,datasets_cloudmask/dataset_cropped/09_Metas/05/17/20190905170900_00160.png,192.1,122.1,133.7,26,960
9/5/2019 17:10,datasets/dataset_cropped/09_Metas/05/17/20190905171000_00160.jpg,datasets_flow/dataset_cropped/09_Metas/05/17/20190905171000_00160.jpg,datasets_cloudmask/dataset_cropped/09_Metas/05/17/20190905171000_00160.png,182.7,104.1,133.1,26,960
9/5/2019 17:11,datasets/dataset_cropped/09_Metas/05/17/20190905171100_00160.jpg,datasets_flow/dataset_cropped/09_Metas/05/17/20190905171100_00160.jpg,datasets_cloudmask/dataset_cropped/09_Metas/05/17/20190905171100_00160.png,174.3,88.8,132.2,25.9,960
9/5/2019 17:12,datasets/dataset_cropped/09_Metas/05/17/20190905171200_00160.jpg,datasets_flow/dataset_cropped/09_Metas/05/17/20190905171200_00160.jpg,datasets_cloudmask/dataset_cropped/09_Metas/05/17/20190905171200_00160.png,192.3,128.4,132.1,25.9,960
9/5/2019 17:13,datasets/dataset_cropped/09_Metas/05/17/20190905171300_00160.jpg,datasets_flow/dataset_cropped/09_Metas/05/17/20190905171300_00160.jpg,datasets_cloudmask/dataset_cropped/09_Metas/05/17/20190905171300_00160.png,173.6,90.2,131.1,25.9,960
9/5/2019 17:14,datasets/dataset_cropped/09_Metas/05/17/20190905171400_00160.jpg,datasets_flow/dataset_cropped/09_Metas/05/17/20190905171400_00160.jpg,datasets_cloudmask/dataset_cropped/09_Metas/05/17/20190905171400_00160.png,178.6,97.9,132.7,25.9,960
9/5/2019 17:15,datasets/dataset_cropped/09_Metas/05/17/20190905171500_00160.jpg,datasets_flow/dataset_cropped/09_Metas/05/17/20190905171500_00160.jpg,datasets_cloudmask/dataset_cropped/09_Metas/05/17/20190905171500_00160.png,178.5,93,135.2,25.7,960
9/5/2019 17:16,datasets/dataset_cropped/09_Metas/05/17/20190905171600_00160.jpg,datasets_flow/dataset_cropped/09_Metas/05/17/20190905171600_00160.jpg,datasets_cloudmask/dataset_cropped/09_Metas/05/17/20190905171600_00160.png,175.5,74,141.5,25.8,960
9/5/2019 17:17,datasets/dataset_cropped/09_Metas/05/17/20190905171700_00160.jpg,datasets_flow/dataset_cropped/09_Metas/05/17/20190905171700_00160.jpg,datasets_cloudmask/dataset_cropped/09_Metas/05/17/20190905171700_00160.png,205.9,119.7,152.4,25.8,960
9/5/2019 17:18,datasets/dataset_cropped/09_Metas/05/17/20190905171800_00160.jpg,datasets_flow/dataset_cropped/09_Metas/05/17/20190905171800_00160.jpg,datasets_cloudmask/dataset_cropped/09_Metas/05/17/20190905171800_00160.png,241.2,175.7,161.9,26,960
9/5/2019 17:19,datasets/dataset_cropped/09_Metas/05/17/20190905171900_00160.jpg,datasets_flow/dataset_cropped/09_Metas/05/17/20190905171900_00160.jpg,datasets_cloudmask/dataset_cropped/09_Metas/05/17/20190905171900_00160.png,250.6,183.7,169.7,25.9,960
9/5/2019 17:20,datasets/dataset_cropped/09_Metas/05/17/20190905172000_00160.jpg,datasets_flow/dataset_cropped/09_Metas/05/17/20190905172000_00160.jpg,datasets_cloudmask/dataset_cropped/09_Metas/05/17/20190905172000_00160.png,323.8,331.9,178.1,25.9,960
9/5/2019 17:21,datasets/dataset_cropped/09_Metas/05/17/20190905172100_00160.jpg,datasets_flow/dataset_cropped/09_Metas/05/17/20190905172100_00160.jpg,datasets_cloudmask/dataset_cropped/09_Metas/05/17/20190905172100_00160.png,338.4,349.4,186.3,26.1,960
9/5/2019 17:22,datasets/dataset_cropped/09_Metas/05/17/20190905172200_00160.jpg,datasets_flow/dataset_cropped/09_Metas/05/17/20190905172200_00160.jpg,datasets_cloudmask/dataset_cropped/09_Metas/05/17/20190905172200_00160.png,337.7,345.4,188.6,26.3,960
9/5/2019 17:23,datasets/dataset_cropped/09_Metas/05/17/20190905172300_00160.jpg,datasets_flow/dataset_cropped/09_Metas/05/17/20190905172300_00160.jpg,datasets_cloudmask/dataset_cropped/09_Metas/05/17/20190905172300_00160.png,324.6,325.6,185.1,26.2,960
9/5/2019 17:24,datasets/dataset_cropped/09_Metas/05/17/20190905172400_00160.jpg,datasets_flow/dataset_cropped/09_Metas/05/17/20190905172400_00160.jpg,datasets_cloudmask/dataset_cropped/09_Metas/05/17/20190905172400_00160.png,303.3,285.5,182,26.4,960
9/5/2019 17:25,datasets/dataset_cropped/09_Metas/05/17/20190905172500_00160.jpg,datasets_flow/dataset_cropped/09_Metas/05/17/20190905172500_00160.jpg,datasets_cloudmask/dataset_cropped/09_Metas/05/17/20190905172500_00160.png,312.3,304.4,183.9,26.3,961
9/5/2019 17:26,datasets/dataset_cropped/09_Metas/05/17/20190905172600_00160.jpg,datasets_flow/dataset_cropped/09_Metas/05/17/20190905172600_00160.jpg,datasets_cloudmask/dataset_cropped/09_Metas/05/17/20190905172600_00160.png,331.2,345.3,186.5,26.3,960
9/5/2019 17:27,datasets/dataset_cropped/09_Metas/05/17/20190905172700_00160.jpg,datasets_flow/dataset_cropped/09_Metas/05/17/20190905172700_00160.jpg,datasets_cloudmask/dataset_cropped/09_Metas/05/17/20190905172700_00160.png,340,366.2,187.7,26.3,960
9/5/2019 17:28,datasets/dataset_cropped/09_Metas/05/17/20190905172800_00160.jpg,datasets_flow/dataset_cropped/09_Metas/05/17/20190905172800_00160.jpg,datasets_cloudmask/dataset_cropped/09_Metas/05/17/20190905172800_00160.png,332.6,353.5,186.8,26.2,960
9/5/2019 17:29,datasets/dataset_cropped/09_Metas/05/17/20190905172900_00160.jpg,datasets_flow/dataset_cropped/09_Metas/05/17/20190905172900_00160.jpg,datasets_cloudmask/dataset_cropped/09_Metas/05/17/20190905172900_00160.png,310.1,308.3,184.2,26,960
9/5/2019 17:30,datasets/dataset_cropped/09_Metas/05/17/20190905173000_00160.jpg,datasets_flow/dataset_cropped/09_Metas/05/17/20190905173000_00160.jpg,datasets_cloudmask/dataset_cropped/09_Metas/05/17/20190905173000_00160.png,312.5,320.1,182.8,26.2,961
9/5/2019 17:31,datasets/dataset_cropped/09_Metas/05/17/20190905173100_00160.jpg,datasets_flow/dataset_cropped/09_Metas/05/17/20190905173100_00160.jpg,datasets_cloudmask/dataset_cropped/09_Metas/05/17/20190905173100_00160.png,299.1,307.6,175.4,26.2,960
9/5/2019 17:32,datasets/dataset_cropped/09_Metas/05/17/20190905173200_00160.jpg,datasets_flow/dataset_cropped/09_Metas/05/17/20190905173200_00160.jpg,datasets_cloudmask/dataset_cropped/09_Metas/05/17/20190905173200_00160.png,287.7,298,168.8,26.1,961
9/5/2019 17:33,datasets/dataset_cropped/09_Metas/05/17/20190905173300_00160.jpg,datasets_flow/dataset_cropped/09_Metas/05/17/20190905173300_00160.jpg,datasets_cloudmask/dataset_cropped/09_Metas/05/17/20190905173300_00160.png,271.8,267.2,166,26.2,960
9/5/2019 17:34,datasets/dataset_cropped/09_Metas/05/17/20190905173400_00160.jpg,datasets_flow/dataset_cropped/09_Metas/05/17/20190905173400_00160.jpg,datasets_cloudmask/dataset_cropped/09_Metas/05/17/20190905173400_00160.png,183.6,69.2,156.5,26.1,961
9/5/2019 17:35,datasets/dataset_cropped/09_Metas/05/17/20190905173500_00160.jpg,datasets_flow/dataset_cropped/09_Metas/05/17/20190905173500_00160.jpg,datasets_cloudmask/dataset_cropped/09_Metas/05/17/20190905173500_00160.png,152.2,0.2,152.5,26.1,960
9/5/2019 17:36,datasets/dataset_cropped/09_Metas/05/17/20190905173600_00160.jpg,datasets_flow/dataset_cropped/09_Metas/05/17/20190905173600_00160.jpg,datasets_cloudmask/dataset_cropped/09_Metas/05/17/20190905173600_00160.png,149.1,0,149.6,26,961
9/5/2019 17:37,datasets/dataset_cropped/09_Metas/05/17/20190905173700_00160.jpg,datasets_flow/dataset_cropped/09_Metas/05/17/20190905173700_00160.jpg,datasets_cloudmask/dataset_cropped/09_Metas/05/17/20190905173700_00160.png,136.4,0,136.9,25.8,960
9/5/2019 17:38,datasets/dataset_cropped/09_Metas/05/17/20190905173800_00160.jpg,datasets_flow/dataset_cropped/09_Metas/05/17/20190905173800_00160.jpg,datasets_cloudmask/dataset_cropped/09_Metas/05/17/20190905173800_00160.png,119.1,0,119.6,25.8,960
9/5/2019 17:39,datasets/dataset_cropped/09_Metas/05/17/20190905173900_00160.jpg,datasets_flow/dataset_cropped/09_Metas/05/17/20190905173900_00160.jpg,datasets_cloudmask/dataset_cropped/09_Metas/05/17/20190905173900_00160.png,102.7,0,103.1,26,961
9/5/2019 17:40,datasets/dataset_cropped/09_Metas/05/17/20190905174000_00160.jpg,datasets_flow/dataset_cropped/09_Metas/05/17/20190905174000_00160.jpg,datasets_cloudmask/dataset_cropped/09_Metas/05/17/20190905174000_00160.png,91.2,0,91.6,26.1,960
9/5/2019 17:41,datasets/dataset_cropped/09_Metas/05/17/20190905174100_00160.jpg,datasets_flow/dataset_cropped/09_Metas/05/17/20190905174100_00160.jpg,datasets_cloudmask/dataset_cropped/09_Metas/05/17/20190905174100_00160.png,83,0,83.4,25.9,961
9/5/2019 17:42,datasets/dataset_cropped/09_Metas/05/17/20190905174200_00160.jpg,datasets_flow/dataset_cropped/09_Metas/05/17/20190905174200_00160.jpg,datasets_cloudmask/dataset_cropped/09_Metas/05/17/20190905174200_00160.png,76.9,0,77.2,25.7,961
9/5/2019 17:43,datasets/dataset_cropped/09_Metas/05/17/20190905174300_00160.jpg,datasets_flow/dataset_cropped/09_Metas/05/17/20190905174300_00160.jpg,datasets_cloudmask/dataset_cropped/09_Metas/05/17/20190905174300_00160.png,74.3,0,74.6,25.5,961
9/5/2019 17:44,datasets/dataset_cropped/09_Metas/05/17/20190905174400_00160.jpg,datasets_flow/dataset_cropped/09_Metas/05/17/20190905174400_00160.jpg,datasets_cloudmask/dataset_cropped/09_Metas/05/17/20190905174400_00160.png,72.4,0,72.6,25.4,961
9/5/2019 17:45,datasets/dataset_cropped/09_Metas/05/17/20190905174500_00160.jpg,datasets_flow/dataset_cropped/09_Metas/05/17/20190905174500_00160.jpg,datasets_cloudmask/dataset_cropped/09_Metas/05/17/20190905174500_00160.png,71.7,0,71.8,25.4,961
9/5/2019 17:46,datasets/dataset_cropped/09_Metas/05/17/20190905174600_00160.jpg,datasets_flow/dataset_cropped/09_Metas/05/17/20190905174600_00160.jpg,datasets_cloudmask/dataset_cropped/09_Metas/05/17/20190905174600_00160.png,73.3,1,72.8,25.4,961
9/5/2019 17:47,datasets/dataset_cropped/09_Metas/05/17/20190905174700_00160.jpg,datasets_flow/dataset_cropped/09_Metas/05/17/20190905174700_00160.jpg,datasets_cloudmask/dataset_cropped/09_Metas/05/17/20190905174700_00160.png,75.9,6.1,73.6,25.5,961
9/5/2019 17:48,datasets/dataset_cropped/09_Metas/05/17/20190905174800_00160.jpg,datasets_flow/dataset_cropped/09_Metas/05/17/20190905174800_00160.jpg,datasets_cloudmask/dataset_cropped/09_Metas/05/17/20190905174800_00160.png,76,7.3,73.5,25.4,961
9/5/2019 17:49,datasets/dataset_cropped/09_Metas/05/17/20190905174900_00160.jpg,datasets_flow/dataset_cropped/09_Metas/05/17/20190905174900_00160.jpg,datasets_cloudmask/dataset_cropped/09_Metas/05/17/20190905174900_00160.png,74.1,5.2,72.3,25.4,961
9/5/2019 17:50,datasets/dataset_cropped/09_Metas/05/17/20190905175000_00160.jpg,datasets_flow/dataset_cropped/09_Metas/05/17/20190905175000_00160.jpg,datasets_cloudmask/dataset_cropped/09_Metas/05/17/20190905175000_00160.png,73.4,4.5,71.9,25.4,961
9/5/2019 17:51,datasets/dataset_cropped/09_Metas/05/17/20190905175100_00160.jpg,datasets_flow/dataset_cropped/09_Metas/05/17/20190905175100_00160.jpg,datasets_cloudmask/dataset_cropped/09_Metas/05/17/20190905175100_00160.png,74.1,3.5,73,25.2,961
9/5/2019 17:52,datasets/dataset_cropped/09_Metas/05/17/20190905175200_00160.jpg,datasets_flow/dataset_cropped/09_Metas/05/17/20190905175200_00160.jpg,datasets_cloudmask/dataset_cropped/09_Metas/05/17/20190905175200_00160.png,75.1,3.3,73.9,25.1,961
9/5/2019 17:53,datasets/dataset_cropped/09_Metas/05/17/20190905175300_00160.jpg,datasets_flow/dataset_cropped/09_Metas/05/17/20190905175300_00160.jpg,datasets_cloudmask/dataset_cropped/09_Metas/05/17/20190905175300_00160.png,76.2,2.6,75.2,25,961
9/5/2019 17:54,datasets/dataset_cropped/09_Metas/05/17/20190905175400_00160.jpg,datasets_flow/dataset_cropped/09_Metas/05/17/20190905175400_00160.jpg,datasets_cloudmask/dataset_cropped/09_Metas/05/17/20190905175400_00160.png,77.7,1.1,77.1,25,961
9/5/2019 17:55,datasets/dataset_cropped/09_Metas/05/17/20190905175500_00160.jpg,datasets_flow/dataset_cropped/09_Metas/05/17/20190905175500_00160.jpg,datasets_cloudmask/dataset_cropped/09_Metas/05/17/20190905175500_00160.png,79.5,0.4,79.4,25.1,961
9/5/2019 17:56,datasets/dataset_cropped/09_Metas/05/17/20190905175600_00160.jpg,datasets_flow/dataset_cropped/09_Metas/05/17/20190905175600_00160.jpg,datasets_cloudmask/dataset_cropped/09_Metas/05/17/20190905175600_00160.png,80.7,0,80.8,25.1,961
9/5/2019 17:57,datasets/dataset_cropped/09_Metas/05/17/20190905175700_00160.jpg,datasets_flow/dataset_cropped/09_Metas/05/17/20190905175700_00160.jpg,datasets_cloudmask/dataset_cropped/09_Metas/05/17/20190905175700_00160.png,81.7,0,82,25.1,961
9/5/2019 17:58,datasets/dataset_cropped/09_Metas/05/17/20190905175800_00160.jpg,datasets_flow/dataset_cropped/09_Metas/05/17/20190905175800_00160.jpg,datasets_cloudmask/dataset_cropped/09_Metas/05/17/20190905175800_00160.png,82.9,0,83.2,25.1,961
9/5/2019 17:59,datasets/dataset_cropped/09_Metas/05/17/20190905175900_00160.jpg,datasets_flow/dataset_cropped/09_Metas/05/17/20190905175900_00160.jpg,datasets_cloudmask/dataset_cropped/09_Metas/05/17/20190905175900_00160.png,84.3,0,84.5,25.1,961
9/5/2019 18:00,datasets/dataset_cropped/09_Metas/05/18/20190905180000_00160.jpg,datasets_flow/dataset_cropped/09_Metas/05/18/20190905180000_00160.jpg,datasets_cloudmask/dataset_cropped/09_Metas/05/18/20190905180000_00160.png,85.6,0,85.9,25.1,961
9/5/2019 18:01,datasets/dataset_cropped/09_Metas/05/18/20190905180100_00160.jpg,datasets_flow/dataset_cropped/09_Metas/05/18/20190905180100_00160.jpg,datasets_cloudmask/dataset_cropped/09_Metas/05/18/20190905180100_00160.png,86.6,0,86.9,25,961
9/5/2019 18:02,datasets/dataset_cropped/09_Metas/05/18/20190905180200_00160.jpg,datasets_flow/dataset_cropped/09_Metas/05/18/20190905180200_00160.jpg,datasets_cloudmask/dataset_cropped/09_Metas/05/18/20190905180200_00160.png,87,0,87.3,25,961
9/5/2019 18:03,datasets/dataset_cropped/09_Metas/05/18/20190905180300_00160.jpg,datasets_flow/dataset_cropped/09_Metas/05/18/20190905180300_00160.jpg,datasets_cloudmask/dataset_cropped/09_Metas/05/18/20190905180300_00160.png,86.4,0,86.7,25.1,961
9/5/2019 18:04,datasets/dataset_cropped/09_Metas/05/18/20190905180400_00160.jpg,datasets_flow/dataset_cropped/09_Metas/05/18/20190905180400_00160.jpg,datasets_cloudmask/dataset_cropped/09_Metas/05/18/20190905180400_00160.png,86.1,0,86.4,25.1,961
9/5/2019 18:05,datasets/dataset_cropped/09_Metas/05/18/20190905180500_00160.jpg,datasets_flow/dataset_cropped/09_Metas/05/18/20190905180500_00160.jpg,datasets_cloudmask/dataset_cropped/09_Metas/05/18/20190905180500_00160.png,86,0.1,86.3,25.1,961
9/5/2019 18:06,datasets/dataset_cropped/09_Metas/05/18/20190905180600_00160.jpg,datasets_flow/dataset_cropped/09_Metas/05/18/20190905180600_00160.jpg,datasets_cloudmask/dataset_cropped/09_Metas/05/18/20190905180600_00160.png,86,0.1,86.3,25,961
9/5/2019 18:07,datasets/dataset_cropped/09_Metas/05/18/20190905180700_00160.jpg,datasets_flow/dataset_cropped/09_Metas/05/18/20190905180700_00160.jpg,datasets_cloudmask/dataset_cropped/09_Metas/05/18/20190905180700_00160.png,86.6,0.1,87,25.1,961
9/5/2019 18:08,datasets/dataset_cropped/09_Metas/05/18/20190905180800_00160.jpg,datasets_flow/dataset_cropped/09_Metas/05/18/20190905180800_00160.jpg,datasets_cloudmask/dataset_cropped/09_Metas/05/18/20190905180800_00160.png,88.7,0.2,89,25.1,961
9/5/2019 18:09,datasets/dataset_cropped/09_Metas/05/18/20190905180900_00160.jpg,datasets_flow/dataset_cropped/09_Metas/05/18/20190905180900_00160.jpg,datasets_cloudmask/dataset_cropped/09_Metas/05/18/20190905180900_00160.png,90.6,0.2,90.9,25,961
9/5/2019 18:10,datasets/dataset_cropped/09_Metas/05/18/20190905181000_00160.jpg,datasets_flow/dataset_cropped/09_Metas/05/18/20190905181000_00160.jpg,datasets_cloudmask/dataset_cropped/09_Metas/05/18/20190905181000_00160.png,92.8,0.2,93,24.9,961
9/5/2019 18:11,datasets/dataset_cropped/09_Metas/05/18/20190905181100_00160.jpg,datasets_flow/dataset_cropped/09_Metas/05/18/20190905181100_00160.jpg,datasets_cloudmask/dataset_cropped/09_Metas/05/18/20190905181100_00160.png,94.8,0.2,95.1,24.9,961
9/5/2019 18:12,datasets/dataset_cropped/09_Metas/05/18/20190905181200_00160.jpg,datasets_flow/dataset_cropped/09_Metas/05/18/20190905181200_00160.jpg,datasets_cloudmask/dataset_cropped/09_Metas/05/18/20190905181200_00160.png,97.2,0.2,97.5,24.9,961
9/5/2019 18:13,datasets/dataset_cropped/09_Metas/05/18/20190905181300_00160.jpg,datasets_flow/dataset_cropped/09_Metas/05/18/20190905181300_00160.jpg,datasets_cloudmask/dataset_cropped/09_Metas/05/18/20190905181300_00160.png,100.1,0.3,100.3,24.9,961
9/5/2019 18:14,datasets/dataset_cropped/09_Metas/05/18/20190905181400_00160.jpg,datasets_flow/dataset_cropped/09_Metas/05/18/20190905181400_00160.jpg,datasets_cloudmask/dataset_cropped/09_Metas/05/18/20190905181400_00160.png,102,0.4,102.2,24.9,961
9/5/2019 18:15,datasets/dataset_cropped/09_Metas/05/18/20190905181500_00160.jpg,datasets_flow/dataset_cropped/09_Metas/05/18/20190905181500_00160.jpg,datasets_cloudmask/dataset_cropped/09_Metas/05/18/20190905181500_00160.png,103.5,0.5,103.7,24.9,961
9/5/2019 18:16,datasets/dataset_cropped/09_Metas/05/18/20190905181600_00160.jpg,datasets_flow/dataset_cropped/09_Metas/05/18/20190905181600_00160.jpg,datasets_cloudmask/dataset_cropped/09_Metas/05/18/20190905181600_00160.png,104.9,0.5,105,24.9,961
9/5/2019 18:17,datasets/dataset_cropped/09_Metas/05/18/20190905181700_00160.jpg,datasets_flow/dataset_cropped/09_Metas/05/18/20190905181700_00160.jpg,datasets_cloudmask/dataset_cropped/09_Metas/05/18/20190905181700_00160.png,106.2,0.5,106.4,24.8,961
9/5/2019 18:18,datasets/dataset_cropped/09_Metas/05/18/20190905181800_00160.jpg,datasets_flow/dataset_cropped/09_Metas/05/18/20190905181800_00160.jpg,datasets_cloudmask/dataset_cropped/09_Metas/05/18/20190905181800_00160.png,107.7,0.4,107.9,24.9,961
9/5/2019 18:19,datasets/dataset_cropped/09_Metas/05/18/20190905181900_00160.jpg,datasets_flow/dataset_cropped/09_Metas/05/18/20190905181900_00160.jpg,datasets_cloudmask/dataset_cropped/09_Metas/05/18/20190905181900_00160.png,107.6,0.3,107.9,25,961
9/5/2019 18:20,datasets/dataset_cropped/09_Metas/05/18/20190905182000_00160.jpg,datasets_flow/dataset_cropped/09_Metas/05/18/20190905182000_00160.jpg,datasets_cloudmask/dataset_cropped/09_Metas/05/18/20190905182000_00160.png,105.6,0.3,106,25,961
9/5/2019 18:21,datasets/dataset_cropped/09_Metas/05/18/20190905182100_00160.jpg,datasets_flow/dataset_cropped/09_Metas/05/18/20190905182100_00160.jpg,datasets_cloudmask/dataset_cropped/09_Metas/05/18/20190905182100_00160.png,103.7,0.2,104.1,24.9,961
9/5/2019 18:22,datasets/dataset_cropped/09_Metas/05/18/20190905182200_00160.jpg,datasets_flow/dataset_cropped/09_Metas/05/18/20190905182200_00160.jpg,datasets_cloudmask/dataset_cropped/09_Metas/05/18/20190905182200_00160.png,104,0.7,104.2,24.9,961
9/5/2019 18:23,datasets/dataset_cropped/09_Metas/05/18/20190905182300_00160.jpg,datasets_flow/dataset_cropped/09_Metas/05/18/20190905182300_00160.jpg,datasets_cloudmask/dataset_cropped/09_Metas/05/18/20190905182300_00160.png,107.1,1.4,107,24.8,961
9/5/2019 18:24,datasets/dataset_cropped/09_Metas/05/18/20190905182400_00160.jpg,datasets_flow/dataset_cropped/09_Metas/05/18/20190905182400_00160.jpg,datasets_cloudmask/dataset_cropped/09_Metas/05/18/20190905182400_00160.png,112.2,3.5,111.6,24.8,961
9/5/2019 18:25,datasets/dataset_cropped/09_Metas/05/18/20190905182500_00160.jpg,datasets_flow/dataset_cropped/09_Metas/05/18/20190905182500_00160.jpg,datasets_cloudmask/dataset_cropped/09_Metas/05/18/20190905182500_00160.png,124.5,20.6,119.9,24.9,961
9/5/2019 18:26,datasets/dataset_cropped/09_Metas/05/18/20190905182600_00160.jpg,datasets_flow/dataset_cropped/09_Metas/05/18/20190905182600_00160.jpg,datasets_cloudmask/dataset_cropped/09_Metas/05/18/20190905182600_00160.png,168.7,194.4,125.8,25,961
9/5/2019 18:27,datasets/dataset_cropped/09_Metas/05/18/20190905182700_00160.jpg,datasets_flow/dataset_cropped/09_Metas/05/18/20190905182700_00160.jpg,datasets_cloudmask/dataset_cropped/09_Metas/05/18/20190905182700_00160.png,171.3,215,124.8,25.1,961
9/5/2019 18:28,datasets/dataset_cropped/09_Metas/05/18/20190905182800_00160.jpg,datasets_flow/dataset_cropped/09_Metas/05/18/20190905182800_00160.jpg,datasets_cloudmask/dataset_cropped/09_Metas/05/18/20190905182800_00160.png,167.6,211.7,122.5,25.1,961
9/5/2019 18:29,datasets/dataset_cropped/09_Metas/05/18/20190905182900_00160.jpg,datasets_flow/dataset_cropped/09_Metas/05/18/20190905182900_00160.jpg,datasets_cloudmask/dataset_cropped/09_Metas/05/18/20190905182900_00160.png,162.8,199.7,120.9,25.1,961
9/5/2019 18:30,datasets/dataset_cropped/09_Metas/05/18/20190905183000_00160.jpg,datasets_flow/dataset_cropped/09_Metas/05/18/20190905183000_00160.jpg,datasets_cloudmask/dataset_cropped/09_Metas/05/18/20190905183000_00160.png,152.6,176.3,116.2,25.1,961
9/5/2019 18:31,datasets/dataset_cropped/09_Metas/05/18/20190905183100_00160.jpg,datasets_flow/dataset_cropped/09_Metas/05/18/20190905183100_00160.jpg,datasets_cloudmask/dataset_cropped/09_Metas/05/18/20190905183100_00160.png,135.9,126.4,110.1,25,961
9/5/2019 18:32,datasets/dataset_cropped/09_Metas/05/18/20190905183200_00160.jpg,datasets_flow/dataset_cropped/09_Metas/05/18/20190905183200_00160.jpg,datasets_cloudmask/dataset_cropped/09_Metas/05/18/20190905183200_00160.png,128.1,115.8,104.9,25,961
9/5/2019 18:33,datasets/dataset_cropped/09_Metas/05/18/20190905183300_00160.jpg,datasets_flow/dataset_cropped/09_Metas/05/18/20190905183300_00160.jpg,datasets_cloudmask/dataset_cropped/09_Metas/05/18/20190905183300_00160.png,124.3,115.9,101.4,25,961
9/5/2019 18:34,datasets/dataset_cropped/09_Metas/05/18/20190905183400_00160.jpg,datasets_flow/dataset_cropped/09_Metas/05/18/20190905183400_00160.jpg,datasets_cloudmask/dataset_cropped/09_Metas/05/18/20190905183400_00160.png,123.5,125.7,99.1,25,961
9/5/2019 18:35,datasets/dataset_cropped/09_Metas/05/18/20190905183500_00160.jpg,datasets_flow/dataset_cropped/09_Metas/05/18/20190905183500_00160.jpg,datasets_cloudmask/dataset_cropped/09_Metas/05/18/20190905183500_00160.png,125.6,148.6,97,25.1,961
9/5/2019 18:36,datasets/dataset_cropped/09_Metas/05/18/20190905183600_00160.jpg,datasets_flow/dataset_cropped/09_Metas/05/18/20190905183600_00160.jpg,datasets_cloudmask/dataset_cropped/09_Metas/05/18/20190905183600_00160.png,129.1,178.6,95.3,25.1,961
9/5/2019 18:37,datasets/dataset_cropped/09_Metas/05/18/20190905183700_00160.jpg,datasets_flow/dataset_cropped/09_Metas/05/18/20190905183700_00160.jpg,datasets_cloudmask/dataset_cropped/09_Metas/05/18/20190905183700_00160.png,130.1,197.6,93.5,25,961
9/5/2019 18:38,datasets/dataset_cropped/09_Metas/05/18/20190905183800_00160.jpg,datasets_flow/dataset_cropped/09_Metas/05/18/20190905183800_00160.jpg,datasets_cloudmask/dataset_cropped/09_Metas/05/18/20190905183800_00160.png,127.5,200.7,91,24.9,961
9/5/2019 18:39,datasets/dataset_cropped/09_Metas/05/18/20190905183900_00160.jpg,datasets_flow/dataset_cropped/09_Metas/05/18/20190905183900_00160.jpg,datasets_cloudmask/dataset_cropped/09_Metas/05/18/20190905183900_00160.png,122.6,190.2,88.6,24.9,961
9/5/2019 18:40,datasets/dataset_cropped/09_Metas/05/18/20190905184000_00160.jpg,datasets_flow/dataset_cropped/09_Metas/05/18/20190905184000_00160.jpg,datasets_cloudmask/dataset_cropped/09_Metas/05/18/20190905184000_00160.png,120.9,197.7,86.4,24.8,961
9/5/2019 18:41,datasets/dataset_cropped/09_Metas/05/18/20190905184100_00160.jpg,datasets_flow/dataset_cropped/09_Metas/05/18/20190905184100_00160.jpg,datasets_cloudmask/dataset_cropped/09_Metas/05/18/20190905184100_00160.png,115.2,179,84.6,24.8,961
9/5/2019 18:42,datasets/dataset_cropped/09_Metas/05/18/20190905184200_00160.jpg,datasets_flow/dataset_cropped/09_Metas/05/18/20190905184200_00160.jpg,datasets_cloudmask/dataset_cropped/09_Metas/05/18/20190905184200_00160.png,113.8,182.5,83.3,24.9,961
9/5/2019 18:43,datasets/dataset_cropped/09_Metas/05/18/20190905184300_00160.jpg,datasets_flow/dataset_cropped/09_Metas/05/18/20190905184300_00160.jpg,datasets_cloudmask/dataset_cropped/09_Metas/05/18/20190905184300_00160.png,111.4,177.9,82.2,25.1,961
9/5/2019 18:44,datasets/dataset_cropped/09_Metas/05/18/20190905184400_00160.jpg,datasets_flow/dataset_cropped/09_Metas/05/18/20190905184400_00160.jpg,datasets_cloudmask/dataset_cropped/09_Metas/05/18/20190905184400_00160.png,102.4,134,80.8,25.1,961
9/5/2019 18:45,datasets/dataset_cropped/09_Metas/05/18/20190905184500_00160.jpg,datasets_flow/dataset_cropped/09_Metas/05/18/20190905184500_00160.jpg,datasets_cloudmask/dataset_cropped/09_Metas/05/18/20190905184500_00160.png,99.7,130.5,79.1,24.9,961
9/5/2019 18:46,datasets/dataset_cropped/09_Metas/05/18/20190905184600_00160.jpg,datasets_flow/dataset_cropped/09_Metas/05/18/20190905184600_00160.jpg,datasets_cloudmask/dataset_cropped/09_Metas/05/18/20190905184600_00160.png,92.9,109.8,76.1,24.8,961
9/5/2019 18:47,datasets/dataset_cropped/09_Metas/05/18/20190905184700_00160.jpg,datasets_flow/dataset_cropped/09_Metas/05/18/20190905184700_00160.jpg,datasets_cloudmask/dataset_cropped/09_Metas/05/18/20190905184700_00160.png,86.1,91.7,72.2,24.7,961
9/5/2019 18:48,datasets/dataset_cropped/09_Metas/05/18/20190905184800_00160.jpg,datasets_flow/dataset_cropped/09_Metas/05/18/20190905184800_00160.jpg,datasets_cloudmask/dataset_cropped/09_Metas/05/18/20190905184800_00160.png,84.3,101.8,69.4,24.6,961
9/5/2019 18:49,datasets/dataset_cropped/09_Metas/05/18/20190905184900_00160.jpg,datasets_flow/dataset_cropped/09_Metas/05/18/20190905184900_00160.jpg,datasets_cloudmask/dataset_cropped/09_Metas/05/18/20190905184900_00160.png,78.4,69.6,68.2,24.6,961
9/5/2019 18:50,datasets/dataset_cropped/09_Metas/05/18/20190905185000_00160.jpg,datasets_flow/dataset_cropped/09_Metas/05/18/20190905185000_00160.jpg,datasets_cloudmask/dataset_cropped/09_Metas/05/18/20190905185000_00160.png,74.4,45.9,67.8,24.6,961
9/5/2019 18:51,datasets/dataset_cropped/09_Metas/05/18/20190905185100_00160.jpg,datasets_flow/dataset_cropped/09_Metas/05/18/20190905185100_00160.jpg,datasets_cloudmask/dataset_cropped/09_Metas/05/18/20190905185100_00160.png,67.5,6.8,66.5,24.6,961
9/5/2019 18:52,datasets/dataset_cropped/09_Metas/05/18/20190905185200_00160.jpg,datasets_flow/dataset_cropped/09_Metas/05/18/20190905185200_00160.jpg,datasets_cloudmask/dataset_cropped/09_Metas/05/18/20190905185200_00160.png,64.9,2.9,64.5,24.6,961
9/5/2019 18:53,datasets/dataset_cropped/09_Metas/05/18/20190905185300_00160.jpg,datasets_flow/dataset_cropped/09_Metas/05/18/20190905185300_00160.jpg,datasets_cloudmask/dataset_cropped/09_Metas/05/18/20190905185300_00160.png,62.5,2.3,62.2,24.6,961
9/5/2019 18:54,datasets/dataset_cropped/09_Metas/05/18/20190905185400_00160.jpg,datasets_flow/dataset_cropped/09_Metas/05/18/20190905185400_00160.jpg,datasets_cloudmask/dataset_cropped/09_Metas/05/18/20190905185400_00160.png,60.1,2.1,59.8,24.6,961
9/5/2019 18:55,datasets/dataset_cropped/09_Metas/05/18/20190905185500_00160.jpg,datasets_flow/dataset_cropped/09_Metas/05/18/20190905185500_00160.jpg,datasets_cloudmask/dataset_cropped/09_Metas/05/18/20190905185500_00160.png,57.8,1.9,57.6,24.6,961
9/5/2019 18:56,datasets/dataset_cropped/09_Metas/05/18/20190905185600_00160.jpg,datasets_flow/dataset_cropped/09_Metas/05/18/20190905185600_00160.jpg,datasets_cloudmask/dataset_cropped/09_Metas/05/18/20190905185600_00160.png,55.8,1.6,55.7,24.5,961
9/5/2019 18:57,datasets/dataset_cropped/09_Metas/05/18/20190905185700_00160.jpg,datasets_flow/dataset_cropped/09_Metas/05/18/20190905185700_00160.jpg,datasets_cloudmask/dataset_cropped/09_Metas/05/18/20190905185700_00160.png,53.8,1.3,53.6,24.5,961
9/5/2019 18:58,datasets/dataset_cropped/09_Metas/05/18/20190905185800_00160.jpg,datasets_flow/dataset_cropped/09_Metas/05/18/20190905185800_00160.jpg,datasets_cloudmask/dataset_cropped/09_Metas/05/18/20190905185800_00160.png,51.6,0.9,51.5,24.4,961
9/5/2019 18:59,datasets/dataset_cropped/09_Metas/05/18/20190905185900_00160.jpg,datasets_flow/dataset_cropped/09_Metas/05/18/20190905185900_00160.jpg,datasets_cloudmask/dataset_cropped/09_Metas/05/18/20190905185900_00160.png,49.3,0.5,49.2,24.4,961
9/5/2019 19:00,datasets/dataset_cropped/09_Metas/05/19/20190905190000_00160.jpg,datasets_flow/dataset_cropped/09_Metas/05/19/20190905190000_00160.jpg,datasets_cloudmask/dataset_cropped/09_Metas/05/19/20190905190000_00160.png,47,0.3,46.8,24.4,961
9/5/2019 19:01,datasets/dataset_cropped/09_Metas/05/19/20190905190100_00160.jpg,datasets_flow/dataset_cropped/09_Metas/05/19/20190905190100_00160.jpg,datasets_cloudmask/dataset_cropped/09_Metas/05/19/20190905190100_00160.png,44.8,0.2,44.7,24.4,961
9/5/2019 19:02,datasets/dataset_cropped/09_Metas/05/19/20190905190200_00160.jpg,datasets_flow/dataset_cropped/09_Metas/05/19/20190905190200_00160.jpg,datasets_cloudmask/dataset_cropped/09_Metas/05/19/20190905190200_00160.png,43.1,0.1,43,24.4,961
9/5/2019 19:03,datasets/dataset_cropped/09_Metas/05/19/20190905190300_00160.jpg,datasets_flow/dataset_cropped/09_Metas/05/19/20190905190300_00160.jpg,datasets_cloudmask/dataset_cropped/09_Metas/05/19/20190905190300_00160.png,42,0,41.9,24.4,961
9/5/2019 19:04,datasets/dataset_cropped/09_Metas/05/19/20190905190400_00160.jpg,datasets_flow/dataset_cropped/09_Metas/05/19/20190905190400_00160.jpg,datasets_cloudmask/dataset_cropped/09_Metas/05/19/20190905190400_00160.png,40.6,0,40.6,24.3,961
9/5/2019 19:05,datasets/dataset_cropped/09_Metas/05/19/20190905190500_00160.jpg,datasets_flow/dataset_cropped/09_Metas/05/19/20190905190500_00160.jpg,datasets_cloudmask/dataset_cropped/09_Metas/05/19/20190905190500_00160.png,38.7,0,38.6,24.3,961
9/5/2019 19:06,datasets/dataset_cropped/09_Metas/05/19/20190905190600_00160.jpg,datasets_flow/dataset_cropped/09_Metas/05/19/20190905190600_00160.jpg,datasets_cloudmask/dataset_cropped/09_Metas/05/19/20190905190600_00160.png,37,0,36.9,24.3,961
9/5/2019 19:07,datasets/dataset_cropped/09_Metas/05/19/20190905190700_00160.jpg,datasets_flow/dataset_cropped/09_Metas/05/19/20190905190700_00160.jpg,datasets_cloudmask/dataset_cropped/09_Metas/05/19/20190905190700_00160.png,35.4,0,35.3,24.2,961
9/5/2019 19:08,datasets/dataset_cropped/09_Metas/05/19/20190905190800_00160.jpg,datasets_flow/dataset_cropped/09_Metas/05/19/20190905190800_00160.jpg,datasets_cloudmask/dataset_cropped/09_Metas/05/19/20190905190800_00160.png,34.1,0,34.1,24.2,961
9/5/2019 19:09,datasets/dataset_cropped/09_Metas/05/19/20190905190900_00160.jpg,datasets_flow/dataset_cropped/09_Metas/05/19/20190905190900_00160.jpg,datasets_cloudmask/dataset_cropped/09_Metas/05/19/20190905190900_00160.png,32.7,0,32.7,24.2,961
9/5/2019 19:10,datasets/dataset_cropped/09_Metas/05/19/20190905191000_00160.jpg,datasets_flow/dataset_cropped/09_Metas/05/19/20190905191000_00160.jpg,datasets_cloudmask/dataset_cropped/09_Metas/05/19/20190905191000_00160.png,31.4,0,31.3,24.2,961
9/5/2019 19:11,datasets/dataset_cropped/09_Metas/05/19/20190905191100_00160.jpg,datasets_flow/dataset_cropped/09_Metas/05/19/20190905191100_00160.jpg,datasets_cloudmask/dataset_cropped/09_Metas/05/19/20190905191100_00160.png,30.5,0,30.4,24.2,961
9/5/2019 19:12,datasets/dataset_cropped/09_Metas/05/19/20190905191200_00160.jpg,datasets_flow/dataset_cropped/09_Metas/05/19/20190905191200_00160.jpg,datasets_cloudmask/dataset_cropped/09_Metas/05/19/20190905191200_00160.png,28.9,0,28.8,24.1,961
9/5/2019 19:13,datasets/dataset_cropped/09_Metas/05/19/20190905191300_00160.jpg,datasets_flow/dataset_cropped/09_Metas/05/19/20190905191300_00160.jpg,datasets_cloudmask/dataset_cropped/09_Metas/05/19/20190905191300_00160.png,26.6,0,26.5,24.1,961
9/5/2019 19:14,datasets/dataset_cropped/09_Metas/05/19/20190905191400_00160.jpg,datasets_flow/dataset_cropped/09_Metas/05/19/20190905191400_00160.jpg,datasets_cloudmask/dataset_cropped/09_Metas/05/19/20190905191400_00160.png,23.9,0,23.8,24.1,961
9/5/2019 19:15,datasets/dataset_cropped/09_Metas/05/19/20190905191500_00160.jpg,datasets_flow/dataset_cropped/09_Metas/05/19/20190905191500_00160.jpg,datasets_cloudmask/dataset_cropped/09_Metas/05/19/20190905191500_00160.png,21.4,0,21.3,24.1,961
9/5/2019 19:16,datasets/dataset_cropped/09_Metas/05/19/20190905191600_00160.jpg,datasets_flow/dataset_cropped/09_Metas/05/19/20190905191600_00160.jpg,datasets_cloudmask/dataset_cropped/09_Metas/05/19/20190905191600_00160.png,19.1,1.3,18.9,24.1,961
9/5/2019 19:17,datasets/dataset_cropped/09_Metas/05/19/20190905191700_00160.jpg,datasets_flow/dataset_cropped/09_Metas/05/19/20190905191700_00160.jpg,datasets_cloudmask/dataset_cropped/09_Metas/05/19/20190905191700_00160.png,17.4,4,17.2,24.1,961
9/5/2019 19:18,datasets/dataset_cropped/09_Metas/05/19/20190905191800_00160.jpg,datasets_flow/dataset_cropped/09_Metas/05/19/20190905191800_00160.jpg,datasets_cloudmask/dataset_cropped/09_Metas/05/19/20190905191800_00160.png,15.9,4.2,15.6,24.1,961
9/5/2019 19:19,datasets/dataset_cropped/09_Metas/05/19/20190905191900_00160.jpg,datasets_flow/dataset_cropped/09_Metas/05/19/20190905191900_00160.jpg,datasets_cloudmask/dataset_cropped/09_Metas/05/19/20190905191900_00160.png,13.9,1.3,13.8,24.1,961
9/5/2019 19:20,datasets/dataset_cropped/09_Metas/05/19/20190905192000_00160.jpg,datasets_flow/dataset_cropped/09_Metas/05/19/20190905192000_00160.jpg,datasets_cloudmask/dataset_cropped/09_Metas/05/19/20190905192000_00160.png,11.7,0,11.6,24.1,961
9/5/2019 19:21,datasets/dataset_cropped/09_Metas/05/19/20190905192100_00160.jpg,datasets_flow/dataset_cropped/09_Metas/05/19/20190905192100_00160.jpg,datasets_cloudmask/dataset_cropped/09_Metas/05/19/20190905192100_00160.png,9.7,0,9.6,24.1,961
9/5/2019 19:22,datasets/dataset_cropped/09_Metas/05/19/20190905192200_00160.jpg,datasets_flow/dataset_cropped/09_Metas/05/19/20190905192200_00160.jpg,datasets_cloudmask/dataset_cropped/09_Metas/05/19/20190905192200_00160.png,8.2,0,8.1,24.1,961
9/5/2019 19:23,datasets/dataset_cropped/09_Metas/05/19/20190905192300_00160.jpg,datasets_flow/dataset_cropped/09_Metas/05/19/20190905192300_00160.jpg,datasets_cloudmask/dataset_cropped/09_Metas/05/19/20190905192300_00160.png,6.9,0,6.8,24,961
9/5/2019 19:24,datasets/dataset_cropped/09_Metas/05/19/20190905192400_00160.jpg,datasets_flow/dataset_cropped/09_Metas/05/19/20190905192400_00160.jpg,datasets_cloudmask/dataset_cropped/09_Metas/05/19/20190905192400_00160.png,5.4,0,5.3,24,961
9/5/2019 19:25,datasets/dataset_cropped/09_Metas/05/19/20190905192500_00160.jpg,datasets_flow/dataset_cropped/09_Metas/05/19/20190905192500_00160.jpg,datasets_cloudmask/dataset_cropped/09_Metas/05/19/20190905192500_00160.png,4.3,0,4.2,24,961
9/5/2019 19:26,datasets/dataset_cropped/09_Metas/05/19/20190905192600_00160.jpg,datasets_flow/dataset_cropped/09_Metas/05/19/20190905192600_00160.jpg,datasets_cloudmask/dataset_cropped/09_Metas/05/19/20190905192600_00160.png,3.7,0,3.6,24,961
9/5/2019 19:27,datasets/dataset_cropped/09_Metas/05/19/20190905192700_00160.jpg,datasets_flow/dataset_cropped/09_Metas/05/19/20190905192700_00160.jpg,datasets_cloudmask/dataset_cropped/09_Metas/05/19/20190905192700_00160.png,3.2,0,3.1,24,961
9/5/2019 19:28,datasets/dataset_cropped/09_Metas/05/19/20190905192800_00160.jpg,datasets_flow/dataset_cropped/09_Metas/05/19/20190905192800_00160.jpg,datasets_cloudmask/dataset_cropped/09_Metas/05/19/20190905192800_00160.png,2.7,0,2.6,24,961
9/5/2019 19:29,datasets/dataset_cropped/09_Metas/05/19/20190905192900_00160.jpg,datasets_flow/dataset_cropped/09_Metas/05/19/20190905192900_00160.jpg,datasets_cloudmask/dataset_cropped/09_Metas/05/19/20190905192900_00160.png,2.2,0,2.2,24,961
9/5/2019 19:30,datasets/dataset_cropped/09_Metas/05/19/20190905193000_00160.jpg,datasets_flow/dataset_cropped/09_Metas/05/19/20190905193000_00160.jpg,datasets_cloudmask/dataset_cropped/09_Metas/05/19/20190905193000_00160.png,1.8,0,1.7,24,961
9/5/2019 19:31,datasets/dataset_cropped/09_Metas/05/19/20190905193100_00160.jpg,datasets_flow/dataset_cropped/09_Metas/05/19/20190905193100_00160.jpg,datasets_cloudmask/dataset_cropped/09_Metas/05/19/20190905193100_00160.png,1.4,0,1.3,24,961
9/6/2019 6:45,datasets/dataset_cropped/09_Metas/06/06/20190906064530_00160.jpg,datasets_flow/dataset_cropped/09_Metas/06/06/20190906064530_00160.jpg,datasets_cloudmask/dataset_cropped/09_Metas/06/06/20190906064530_00160.png,3.7,0,3.7,19.1,962
9/6/2019 6:46,datasets/dataset_cropped/09_Metas/06/06/20190906064600_00160.jpg,datasets_flow/dataset_cropped/09_Metas/06/06/20190906064600_00160.jpg,datasets_cloudmask/dataset_cropped/09_Metas/06/06/20190906064600_00160.png,3.7,0,3.7,19.1,962
9/6/2019 6:47,datasets/dataset_cropped/09_Metas/06/06/20190906064700_00160.jpg,datasets_flow/dataset_cropped/09_Metas/06/06/20190906064700_00160.jpg,datasets_cloudmask/dataset_cropped/09_Metas/06/06/20190906064700_00160.png,4.4,0,4.3,19.1,962
9/6/2019 6:48,datasets/dataset_cropped/09_Metas/06/06/20190906064800_00160.jpg,datasets_flow/dataset_cropped/09_Metas/06/06/20190906064800_00160.jpg,datasets_cloudmask/dataset_cropped/09_Metas/06/06/20190906064800_00160.png,5.1,0,5,19.1,962
9/6/2019 6:49,datasets/dataset_cropped/09_Metas/06/06/20190906064900_00160.jpg,datasets_flow/dataset_cropped/09_Metas/06/06/20190906064900_00160.jpg,datasets_cloudmask/dataset_cropped/09_Metas/06/06/20190906064900_00160.png,5.8,0,5.8,19,962
9/6/2019 6:50,datasets/dataset_cropped/09_Metas/06/06/20190906065000_00160.jpg,datasets_flow/dataset_cropped/09_Metas/06/06/20190906065000_00160.jpg,datasets_cloudmask/dataset_cropped/09_Metas/06/06/20190906065000_00160.png,6.6,0,6.5,19,962
9/6/2019 6:51,datasets/dataset_cropped/09_Metas/06/06/20190906065100_00160.jpg,datasets_flow/dataset_cropped/09_Metas/06/06/20190906065100_00160.jpg,datasets_cloudmask/dataset_cropped/09_Metas/06/06/20190906065100_00160.png,7.4,0,7.3,19,962
9/6/2019 6:52,datasets/dataset_cropped/09_Metas/06/06/20190906065200_00160.jpg,datasets_flow/dataset_cropped/09_Metas/06/06/20190906065200_00160.jpg,datasets_cloudmask/dataset_cropped/09_Metas/06/06/20190906065200_00160.png,8.3,0,8.2,19.1,962
9/6/2019 6:53,datasets/dataset_cropped/09_Metas/06/06/20190906065300_00160.jpg,datasets_flow/dataset_cropped/09_Metas/06/06/20190906065300_00160.jpg,datasets_cloudmask/dataset_cropped/09_Metas/06/06/20190906065300_00160.png,9.3,3.1,9,19.1,962
9/6/2019 6:54,datasets/dataset_cropped/09_Metas/06/06/20190906065400_00160.jpg,datasets_flow/dataset_cropped/09_Metas/06/06/20190906065400_00160.jpg,datasets_cloudmask/dataset_cropped/09_Metas/06/06/20190906065400_00160.png,10.6,12,10.1,19.1,962
9/6/2019 6:55,datasets/dataset_cropped/09_Metas/06/06/20190906065500_00160.jpg,datasets_flow/dataset_cropped/09_Metas/06/06/20190906065500_00160.jpg,datasets_cloudmask/dataset_cropped/09_Metas/06/06/20190906065500_00160.png,12,21.3,11.2,19.1,962
9/6/2019 6:56,datasets/dataset_cropped/09_Metas/06/06/20190906065600_00160.jpg,datasets_flow/dataset_cropped/09_Metas/06/06/20190906065600_00160.jpg,datasets_cloudmask/dataset_cropped/09_Metas/06/06/20190906065600_00160.png,13.3,30.1,12.2,19.1,962
9/6/2019 6:57,datasets/dataset_cropped/09_Metas/06/06/20190906065700_00160.jpg,datasets_flow/dataset_cropped/09_Metas/06/06/20190906065700_00160.jpg,datasets_cloudmask/dataset_cropped/09_Metas/06/06/20190906065700_00160.png,14.6,36.3,13.2,19,962
9/6/2019 6:58,datasets/dataset_cropped/09_Metas/06/06/20190906065800_00160.jpg,datasets_flow/dataset_cropped/09_Metas/06/06/20190906065800_00160.jpg,datasets_cloudmask/dataset_cropped/09_Metas/06/06/20190906065800_00160.png,16,41.4,14.3,19,962
9/6/2019 6:59,datasets/dataset_cropped/09_Metas/06/06/20190906065900_00160.jpg,datasets_flow/dataset_cropped/09_Metas/06/06/20190906065900_00160.jpg,datasets_cloudmask/dataset_cropped/09_Metas/06/06/20190906065900_00160.png,17.4,46.7,15.3,19,962
9/6/2019 7:00,datasets/dataset_cropped/09_Metas/06/07/20190906070000_00160.jpg,datasets_flow/dataset_cropped/09_Metas/06/07/20190906070000_00160.jpg,datasets_cloudmask/dataset_cropped/09_Metas/06/07/20190906070000_00160.png,18.9,52.5,16.5,19,962
9/6/2019 7:01,datasets/dataset_cropped/09_Metas/06/07/20190906070100_00160.jpg,datasets_flow/dataset_cropped/09_Metas/06/07/20190906070100_00160.jpg,datasets_cloudmask/dataset_cropped/09_Metas/06/07/20190906070100_00160.png,20.3,58.5,17.4,19,962
9/6/2019 7:02,datasets/dataset_cropped/09_Metas/06/07/20190906070200_00160.jpg,datasets_flow/dataset_cropped/09_Metas/06/07/20190906070200_00160.jpg,datasets_cloudmask/dataset_cropped/09_Metas/06/07/20190906070200_00160.png,21.7,64.3,18.2,19.1,962
9/6/2019 7:03,datasets/dataset_cropped/09_Metas/06/07/20190906070300_00160.jpg,datasets_flow/dataset_cropped/09_Metas/06/07/20190906070300_00160.jpg,datasets_cloudmask/dataset_cropped/09_Metas/06/07/20190906070300_00160.png,23.2,70.1,19.2,19.1,962
9/6/2019 7:04,datasets/dataset_cropped/09_Metas/06/07/20190906070400_00160.jpg,datasets_flow/dataset_cropped/09_Metas/06/07/20190906070400_00160.jpg,datasets_cloudmask/dataset_cropped/09_Metas/06/07/20190906070400_00160.png,24.9,75.7,20.4,19.1,962
9/6/2019 7:05,datasets/dataset_cropped/09_Metas/06/07/20190906070500_00160.jpg,datasets_flow/dataset_cropped/09_Metas/06/07/20190906070500_00160.jpg,datasets_cloudmask/dataset_cropped/09_Metas/06/07/20190906070500_00160.png,26.7,82.3,21.6,19.1,962
9/6/2019 7:06,datasets/dataset_cropped/09_Metas/06/07/20190906070600_00160.jpg,datasets_flow/dataset_cropped/09_Metas/06/07/20190906070600_00160.jpg,datasets_cloudmask/dataset_cropped/09_Metas/06/07/20190906070600_00160.png,28.6,89.9,22.6,19.1,962
9/6/2019 7:07,datasets/dataset_cropped/09_Metas/06/07/20190906070700_00160.jpg,datasets_flow/dataset_cropped/09_Metas/06/07/20190906070700_00160.jpg,datasets_cloudmask/dataset_cropped/09_Metas/06/07/20190906070700_00160.png,30.4,97.2,23.7,19.2,962
9/6/2019 7:08,datasets/dataset_cropped/09_Metas/06/07/20190906070800_00160.jpg,datasets_flow/dataset_cropped/09_Metas/06/07/20190906070800_00160.jpg,datasets_cloudmask/dataset_cropped/09_Metas/06/07/20190906070800_00160.png,32.3,104.1,24.8,19.2,962
9/6/2019 7:09,datasets/dataset_cropped/09_Metas/06/07/20190906070900_00160.jpg,datasets_flow/dataset_cropped/09_Metas/06/07/20190906070900_00160.jpg,datasets_cloudmask/dataset_cropped/09_Metas/06/07/20190906070900_00160.png,34.3,112.2,25.9,19.1,962
9/6/2019 7:10,datasets/dataset_cropped/09_Metas/06/07/20190906071000_00160.jpg,datasets_flow/dataset_cropped/09_Metas/06/07/20190906071000_00160.jpg,datasets_cloudmask/dataset_cropped/09_Metas/06/07/20190906071000_00160.png,36.4,120.6,26.9,19.1,962
9/6/2019 7:11,datasets/dataset_cropped/09_Metas/06/07/20190906071100_00160.jpg,datasets_flow/dataset_cropped/09_Metas/06/07/20190906071100_00160.jpg,datasets_cloudmask/dataset_cropped/09_Metas/06/07/20190906071100_00160.png,38.5,127.3,28.1,19.1,962
9/6/2019 7:12,datasets/dataset_cropped/09_Metas/06/07/20190906071200_00160.jpg,datasets_flow/dataset_cropped/09_Metas/06/07/20190906071200_00160.jpg,datasets_cloudmask/dataset_cropped/09_Metas/06/07/20190906071200_00160.png,40.6,133.7,29.2,19.2,962
9/6/2019 7:13,datasets/dataset_cropped/09_Metas/06/07/20190906071300_00160.jpg,datasets_flow/dataset_cropped/09_Metas/06/07/20190906071300_00160.jpg,datasets_cloudmask/dataset_cropped/09_Metas/06/07/20190906071300_00160.png,42.8,141.1,30.4,19.3,962
9/6/2019 7:14,datasets/dataset_cropped/09_Metas/06/07/20190906071400_00160.jpg,datasets_flow/dataset_cropped/09_Metas/06/07/20190906071400_00160.jpg,datasets_cloudmask/dataset_cropped/09_Metas/06/07/20190906071400_00160.png,45.2,149.4,31.5,19.3,962
9/6/2019 7:15,datasets/dataset_cropped/09_Metas/06/07/20190906071500_00160.jpg,datasets_flow/dataset_cropped/09_Metas/06/07/20190906071500_00160.jpg,datasets_cloudmask/dataset_cropped/09_Metas/06/07/20190906071500_00160.png,47.6,158.1,32.6,19.4,962
9/6/2019 7:16,datasets/dataset_cropped/09_Metas/06/07/20190906071600_00160.jpg,datasets_flow/dataset_cropped/09_Metas/06/07/20190906071600_00160.jpg,datasets_cloudmask/dataset_cropped/09_Metas/06/07/20190906071600_00160.png,50,165.9,33.6,19.4,962
9/6/2019 7:17,datasets/dataset_cropped/09_Metas/06/07/20190906071700_00160.jpg,datasets_flow/dataset_cropped/09_Metas/06/07/20190906071700_00160.jpg,datasets_cloudmask/dataset_cropped/09_Metas/06/07/20190906071700_00160.png,52.4,173.6,34.6,19.5,962
9/6/2019 7:18,datasets/dataset_cropped/09_Metas/06/07/20190906071800_00160.jpg,datasets_flow/dataset_cropped/09_Metas/06/07/20190906071800_00160.jpg,datasets_cloudmask/dataset_cropped/09_Metas/06/07/20190906071800_00160.png,54.9,182,35.7,19.6,962
9/6/2019 7:19,datasets/dataset_cropped/09_Metas/06/07/20190906071900_00160.jpg,datasets_flow/dataset_cropped/09_Metas/06/07/20190906071900_00160.jpg,datasets_cloudmask/dataset_cropped/09_Metas/06/07/20190906071900_00160.png,57.3,189.3,36.6,19.6,962
9/6/2019 7:20,datasets/dataset_cropped/09_Metas/06/07/20190906072000_00160.jpg,datasets_flow/dataset_cropped/09_Metas/06/07/20190906072000_00160.jpg,datasets_cloudmask/dataset_cropped/09_Metas/06/07/20190906072000_00160.png,59.6,195.8,37.6,19.7,962
9/6/2019 7:21,datasets/dataset_cropped/09_Metas/06/07/20190906072100_00160.jpg,datasets_flow/dataset_cropped/09_Metas/06/07/20190906072100_00160.jpg,datasets_cloudmask/dataset_cropped/09_Metas/06/07/20190906072100_00160.png,62.1,202.2,38.6,19.7,962
9/6/2019 7:22,datasets/dataset_cropped/09_Metas/06/07/20190906072200_00160.jpg,datasets_flow/dataset_cropped/09_Metas/06/07/20190906072200_00160.jpg,datasets_cloudmask/dataset_cropped/09_Metas/06/07/20190906072200_00160.png,64.4,208.2,39.6,19.7,962
9/6/2019 7:23,datasets/dataset_cropped/09_Metas/06/07/20190906072300_00160.jpg,datasets_flow/dataset_cropped/09_Metas/06/07/20190906072300_00160.jpg,datasets_cloudmask/dataset_cropped/09_Metas/06/07/20190906072300_00160.png,66.7,214.4,40.4,19.8,962
9/6/2019 7:24,datasets/dataset_cropped/09_Metas/06/07/20190906072400_00160.jpg,datasets_flow/dataset_cropped/09_Metas/06/07/20190906072400_00160.jpg,datasets_cloudmask/dataset_cropped/09_Metas/06/07/20190906072400_00160.png,69.4,222.3,41.3,19.8,962
9/6/2019 7:25,datasets/dataset_cropped/09_Metas/06/07/20190906072500_00160.jpg,datasets_flow/dataset_cropped/09_Metas/06/07/20190906072500_00160.jpg,datasets_cloudmask/dataset_cropped/09_Metas/06/07/20190906072500_00160.png,72.3,230.9,42.3,19.9,962
9/6/2019 7:26,datasets/dataset_cropped/09_Metas/06/07/20190906072600_00160.jpg,datasets_flow/dataset_cropped/09_Metas/06/07/20190906072600_00160.jpg,datasets_cloudmask/dataset_cropped/09_Metas/06/07/20190906072600_00160.png,75.1,238.3,43.3,19.9,962
9/6/2019 7:27,datasets/dataset_cropped/09_Metas/06/07/20190906072700_00160.jpg,datasets_flow/dataset_cropped/09_Metas/06/07/20190906072700_00160.jpg,datasets_cloudmask/dataset_cropped/09_Metas/06/07/20190906072700_00160.png,77.8,245.4,44.2,20,962
9/6/2019 7:28,datasets/dataset_cropped/09_Metas/06/07/20190906072800_00160.jpg,datasets_flow/dataset_cropped/09_Metas/06/07/20190906072800_00160.jpg,datasets_cloudmask/dataset_cropped/09_Metas/06/07/20190906072800_00160.png,80.6,252.6,45.1,20,962
9/6/2019 7:29,datasets/dataset_cropped/09_Metas/06/07/20190906072900_00160.jpg,datasets_flow/dataset_cropped/09_Metas/06/07/20190906072900_00160.jpg,datasets_cloudmask/dataset_cropped/09_Metas/06/07/20190906072900_00160.png,83.4,259.4,46,20.1,962
9/6/2019 7:30,datasets/dataset_cropped/09_Metas/06/07/20190906073000_00160.jpg,datasets_flow/dataset_cropped/09_Metas/06/07/20190906073000_00160.jpg,datasets_cloudmask/dataset_cropped/09_Metas/06/07/20190906073000_00160.png,86.1,265.6,47,20.1,962
9/6/2019 7:31,datasets/dataset_cropped/09_Metas/06/07/20190906073100_00160.jpg,datasets_flow/dataset_cropped/09_Metas/06/07/20190906073100_00160.jpg,datasets_cloudmask/dataset_cropped/09_Metas/06/07/20190906073100_00160.png,89.1,273.3,47.9,20.1,962
9/6/2019 7:32,datasets/dataset_cropped/09_Metas/06/07/20190906073200_00160.jpg,datasets_flow/dataset_cropped/09_Metas/06/07/20190906073200_00160.jpg,datasets_cloudmask/dataset_cropped/09_Metas/06/07/20190906073200_00160.png,92.1,280.8,48.8,20.1,962
9/6/2019 7:33,datasets/dataset_cropped/09_Metas/06/07/20190906073300_00160.jpg,datasets_flow/dataset_cropped/09_Metas/06/07/20190906073300_00160.jpg,datasets_cloudmask/dataset_cropped/09_Metas/06/07/20190906073300_00160.png,95.1,287.8,49.6,20.2,962
9/6/2019 7:34,datasets/dataset_cropped/09_Metas/06/07/20190906073400_00160.jpg,datasets_flow/dataset_cropped/09_Metas/06/07/20190906073400_00160.jpg,datasets_cloudmask/dataset_cropped/09_Metas/06/07/20190906073400_00160.png,98.2,295.8,50.5,20.2,962
9/6/2019 7:35,datasets/dataset_cropped/09_Metas/06/07/20190906073500_00160.jpg,datasets_flow/dataset_cropped/09_Metas/06/07/20190906073500_00160.jpg,datasets_cloudmask/dataset_cropped/09_Metas/06/07/20190906073500_00160.png,101.6,304.7,51.3,20.2,962
9/6/2019 7:36,datasets/dataset_cropped/09_Metas/06/07/20190906073600_00160.jpg,datasets_flow/dataset_cropped/09_Metas/06/07/20190906073600_00160.jpg,datasets_cloudmask/dataset_cropped/09_Metas/06/07/20190906073600_00160.png,104.7,311.7,52.2,20.2,962
9/6/2019 7:37,datasets/dataset_cropped/09_Metas/06/07/20190906073700_00160.jpg,datasets_flow/dataset_cropped/09_Metas/06/07/20190906073700_00160.jpg,datasets_cloudmask/dataset_cropped/09_Metas/06/07/20190906073700_00160.png,108.1,319.1,53.2,20.3,962
9/6/2019 7:38,datasets/dataset_cropped/09_Metas/06/07/20190906073800_00160.jpg,datasets_flow/dataset_cropped/09_Metas/06/07/20190906073800_00160.jpg,datasets_cloudmask/dataset_cropped/09_Metas/06/07/20190906073800_00160.png,111.3,325.2,54.2,20.2,962
9/6/2019 7:39,datasets/dataset_cropped/09_Metas/06/07/20190906073900_00160.jpg,datasets_flow/dataset_cropped/09_Metas/06/07/20190906073900_00160.jpg,datasets_cloudmask/dataset_cropped/09_Metas/06/07/20190906073900_00160.png,114.4,330.7,55.2,20.3,962
9/6/2019 7:40,datasets/dataset_cropped/09_Metas/06/07/20190906074000_00160.jpg,datasets_flow/dataset_cropped/09_Metas/06/07/20190906074000_00160.jpg,datasets_cloudmask/dataset_cropped/09_Metas/06/07/20190906074000_00160.png,117.4,335.7,56.2,20.3,962
9/6/2019 7:41,datasets/dataset_cropped/09_Metas/06/07/20190906074100_00160.jpg,datasets_flow/dataset_cropped/09_Metas/06/07/20190906074100_00160.jpg,datasets_cloudmask/dataset_cropped/09_Metas/06/07/20190906074100_00160.png,120.7,342.5,57.1,20.3,962
9/6/2019 7:42,datasets/dataset_cropped/09_Metas/06/07/20190906074200_00160.jpg,datasets_flow/dataset_cropped/09_Metas/06/07/20190906074200_00160.jpg,datasets_cloudmask/dataset_cropped/09_Metas/06/07/20190906074200_00160.png,124.1,349.8,57.9,20.4,962
9/6/2019 7:43,datasets/dataset_cropped/09_Metas/06/07/20190906074300_00160.jpg,datasets_flow/dataset_cropped/09_Metas/06/07/20190906074300_00160.jpg,datasets_cloudmask/dataset_cropped/09_Metas/06/07/20190906074300_00160.png,127.4,356.2,58.8,20.4,962
9/6/2019 7:44,datasets/dataset_cropped/09_Metas/06/07/20190906074400_00160.jpg,datasets_flow/dataset_cropped/09_Metas/06/07/20190906074400_00160.jpg,datasets_cloudmask/dataset_cropped/09_Metas/06/07/20190906074400_00160.png,130.7,362.8,59.6,20.4,962
9/6/2019 7:45,datasets/dataset_cropped/09_Metas/06/07/20190906074500_00160.jpg,datasets_flow/dataset_cropped/09_Metas/06/07/20190906074500_00160.jpg,datasets_cloudmask/dataset_cropped/09_Metas/06/07/20190906074500_00160.png,134,369.7,60.3,20.4,962
9/6/2019 7:46,datasets/dataset_cropped/09_Metas/06/07/20190906074600_00160.jpg,datasets_flow/dataset_cropped/09_Metas/06/07/20190906074600_00160.jpg,datasets_cloudmask/dataset_cropped/09_Metas/06/07/20190906074600_00160.png,137.3,375.6,61,20.4,962
9/6/2019 7:47,datasets/dataset_cropped/09_Metas/06/07/20190906074700_00160.jpg,datasets_flow/dataset_cropped/09_Metas/06/07/20190906074700_00160.jpg,datasets_cloudmask/dataset_cropped/09_Metas/06/07/20190906074700_00160.png,139.4,376.6,61.8,20.4,962
9/6/2019 7:48,datasets/dataset_cropped/09_Metas/06/07/20190906074800_00160.jpg,datasets_flow/dataset_cropped/09_Metas/06/07/20190906074800_00160.jpg,datasets_cloudmask/dataset_cropped/09_Metas/06/07/20190906074800_00160.png,141.5,377,62.6,20.4,962
9/6/2019 7:49,datasets/dataset_cropped/09_Metas/06/07/20190906074900_00160.jpg,datasets_flow/dataset_cropped/09_Metas/06/07/20190906074900_00160.jpg,datasets_cloudmask/dataset_cropped/09_Metas/06/07/20190906074900_00160.png,144.6,381,63.5,20.5,962
9/6/2019 7:50,datasets/dataset_cropped/09_Metas/06/07/20190906075000_00160.jpg,datasets_flow/dataset_cropped/09_Metas/06/07/20190906075000_00160.jpg,datasets_cloudmask/dataset_cropped/09_Metas/06/07/20190906075000_00160.png,148.4,388,64.5,20.5,962
9/6/2019 7:51,datasets/dataset_cropped/09_Metas/06/07/20190906075100_00160.jpg,datasets_flow/dataset_cropped/09_Metas/06/07/20190906075100_00160.jpg,datasets_cloudmask/dataset_cropped/09_Metas/06/07/20190906075100_00160.png,152.3,394.5,65.6,20.5,962
9/6/2019 7:52,datasets/dataset_cropped/09_Metas/06/07/20190906075200_00160.jpg,datasets_flow/dataset_cropped/09_Metas/06/07/20190906075200_00160.jpg,datasets_cloudmask/dataset_cropped/09_Metas/06/07/20190906075200_00160.png,156.1,401,66.6,20.7,962
9/6/2019 7:53,datasets/dataset_cropped/09_Metas/06/07/20190906075300_00160.jpg,datasets_flow/dataset_cropped/09_Metas/06/07/20190906075300_00160.jpg,datasets_cloudmask/dataset_cropped/09_Metas/06/07/20190906075300_00160.png,160.1,409.3,67.5,20.7,962
9/6/2019 7:54,datasets/dataset_cropped/09_Metas/06/07/20190906075400_00160.jpg,datasets_flow/dataset_cropped/09_Metas/06/07/20190906075400_00160.jpg,datasets_cloudmask/dataset_cropped/09_Metas/06/07/20190906075400_00160.png,163.2,413.5,68.3,20.7,962
9/6/2019 7:55,datasets/dataset_cropped/09_Metas/06/07/20190906075500_00160.jpg,datasets_flow/dataset_cropped/09_Metas/06/07/20190906075500_00160.jpg,datasets_cloudmask/dataset_cropped/09_Metas/06/07/20190906075500_00160.png,166.1,417.1,68.9,20.8,962
9/6/2019 7:56,datasets/dataset_cropped/09_Metas/06/07/20190906075600_00160.jpg,datasets_flow/dataset_cropped/09_Metas/06/07/20190906075600_00160.jpg,datasets_cloudmask/dataset_cropped/09_Metas/06/07/20190906075600_00160.png,169.2,420,69.9,20.8,962
9/6/2019 7:57,datasets/dataset_cropped/09_Metas/06/07/20190906075700_00160.jpg,datasets_flow/dataset_cropped/09_Metas/06/07/20190906075700_00160.jpg,datasets_cloudmask/dataset_cropped/09_Metas/06/07/20190906075700_00160.png,172.7,425.2,70.8,20.8,962
9/6/2019 7:58,datasets/dataset_cropped/09_Metas/06/07/20190906075800_00160.jpg,datasets_flow/dataset_cropped/09_Metas/06/07/20190906075800_00160.jpg,datasets_cloudmask/dataset_cropped/09_Metas/06/07/20190906075800_00160.png,176,430,71.5,20.7,962
9/6/2019 7:59,datasets/dataset_cropped/09_Metas/06/07/20190906075900_00160.jpg,datasets_flow/dataset_cropped/09_Metas/06/07/20190906075900_00160.jpg,datasets_cloudmask/dataset_cropped/09_Metas/06/07/20190906075900_00160.png,179,434.2,72,20.8,962
9/6/2019 8:00,datasets/dataset_cropped/09_Metas/06/08/20190906080000_00160.jpg,datasets_flow/dataset_cropped/09_Metas/06/08/20190906080000_00160.jpg,datasets_cloudmask/dataset_cropped/09_Metas/06/08/20190906080000_00160.png,183,441.7,72.8,20.8,962
9/6/2019 8:01,datasets/dataset_cropped/09_Metas/06/08/20190906080100_00160.jpg,datasets_flow/dataset_cropped/09_Metas/06/08/20190906080100_00160.jpg,datasets_cloudmask/dataset_cropped/09_Metas/06/08/20190906080100_00160.png,186.3,447.2,73.2,20.9,962
9/6/2019 8:02,datasets/dataset_cropped/09_Metas/06/08/20190906080200_00160.jpg,datasets_flow/dataset_cropped/09_Metas/06/08/20190906080200_00160.jpg,datasets_cloudmask/dataset_cropped/09_Metas/06/08/20190906080200_00160.png,189.9,452.8,73.7,20.9,962
9/6/2019 8:03,datasets/dataset_cropped/09_Metas/06/08/20190906080300_00160.jpg,datasets_flow/dataset_cropped/09_Metas/06/08/20190906080300_00160.jpg,datasets_cloudmask/dataset_cropped/09_Metas/06/08/20190906080300_00160.png,193.1,456.4,74.4,21.1,962
9/6/2019 8:04,datasets/dataset_cropped/09_Metas/06/08/20190906080400_00160.jpg,datasets_flow/dataset_cropped/09_Metas/06/08/20190906080400_00160.jpg,datasets_cloudmask/dataset_cropped/09_Metas/06/08/20190906080400_00160.png,196.3,459.8,75.3,21.2,962
9/6/2019 8:05,datasets/dataset_cropped/09_Metas/06/08/20190906080500_00160.jpg,datasets_flow/dataset_cropped/09_Metas/06/08/20190906080500_00160.jpg,datasets_cloudmask/dataset_cropped/09_Metas/06/08/20190906080500_00160.png,199.6,464.3,75.8,21.3,962
9/6/2019 8:06,datasets/dataset_cropped/09_Metas/06/08/20190906080600_00160.jpg,datasets_flow/dataset_cropped/09_Metas/06/08/20190906080600_00160.jpg,datasets_cloudmask/dataset_cropped/09_Metas/06/08/20190906080600_00160.png,203.4,470.1,76.6,21.2,962
9/6/2019 8:07,datasets/dataset_cropped/09_Metas/06/08/20190906080700_00160.jpg,datasets_flow/dataset_cropped/09_Metas/06/08/20190906080700_00160.jpg,datasets_cloudmask/dataset_cropped/09_Metas/06/08/20190906080700_00160.png,206.7,473.7,77.3,21.2,962
9/6/2019 8:08,datasets/dataset_cropped/09_Metas/06/08/20190906080800_00160.jpg,datasets_flow/dataset_cropped/09_Metas/06/08/20190906080800_00160.jpg,datasets_cloudmask/dataset_cropped/09_Metas/06/08/20190906080800_00160.png,210.2,477.8,78.1,21.2,962
9/6/2019 8:09,datasets/dataset_cropped/09_Metas/06/08/20190906080900_00160.jpg,datasets_flow/dataset_cropped/09_Metas/06/08/20190906080900_00160.jpg,datasets_cloudmask/dataset_cropped/09_Metas/06/08/20190906080900_00160.png,214.1,483.6,78.6,21.2,962
9/6/2019 8:10,datasets/dataset_cropped/09_Metas/06/08/20190906081000_00160.jpg,datasets_flow/dataset_cropped/09_Metas/06/08/20190906081000_00160.jpg,datasets_cloudmask/dataset_cropped/09_Metas/06/08/20190906081000_00160.png,217.6,488.7,79,21.2,962
9/6/2019 8:11,datasets/dataset_cropped/09_Metas/06/08/20190906081100_00160.jpg,datasets_flow/dataset_cropped/09_Metas/06/08/20190906081100_00160.jpg,datasets_cloudmask/dataset_cropped/09_Metas/06/08/20190906081100_00160.png,221.8,496.5,79.3,21.2,962
9/6/2019 8:12,datasets/dataset_cropped/09_Metas/06/08/20190906081200_00160.jpg,datasets_flow/dataset_cropped/09_Metas/06/08/20190906081200_00160.jpg,datasets_cloudmask/dataset_cropped/09_Metas/06/08/20190906081200_00160.png,224.6,499.3,79.7,21.2,962
9/6/2019 8:13,datasets/dataset_cropped/09_Metas/06/08/20190906081300_00160.jpg,datasets_flow/dataset_cropped/09_Metas/06/08/20190906081300_00160.jpg,datasets_cloudmask/dataset_cropped/09_Metas/06/08/20190906081300_00160.png,227.9,503.8,79.9,21.2,963
9/6/2019 8:14,datasets/dataset_cropped/09_Metas/06/08/20190906081400_00160.jpg,datasets_flow/dataset_cropped/09_Metas/06/08/20190906081400_00160.jpg,datasets_cloudmask/dataset_cropped/09_Metas/06/08/20190906081400_00160.png,231.1,507.8,80.4,21.3,962
9/6/2019 8:15,datasets/dataset_cropped/09_Metas/06/08/20190906081500_00160.jpg,datasets_flow/dataset_cropped/09_Metas/06/08/20190906081500_00160.jpg,datasets_cloudmask/dataset_cropped/09_Metas/06/08/20190906081500_00160.png,234.5,511.5,81,21.3,962
9/6/2019 8:16,datasets/dataset_cropped/09_Metas/06/08/20190906081600_00160.jpg,datasets_flow/dataset_cropped/09_Metas/06/08/20190906081600_00160.jpg,datasets_cloudmask/dataset_cropped/09_Metas/06/08/20190906081600_00160.png,237.9,514.2,81.7,21.3,962
9/6/2019 8:17,datasets/dataset_cropped/09_Metas/06/08/20190906081700_00160.jpg,datasets_flow/dataset_cropped/09_Metas/06/08/20190906081700_00160.jpg,datasets_cloudmask/dataset_cropped/09_Metas/06/08/20190906081700_00160.png,241,516.6,82.4,21.3,963
9/6/2019 8:18,datasets/dataset_cropped/09_Metas/06/08/20190906081800_00160.jpg,datasets_flow/dataset_cropped/09_Metas/06/08/20190906081800_00160.jpg,datasets_cloudmask/dataset_cropped/09_Metas/06/08/20190906081800_00160.png,244.6,520.8,83,21.4,963
9/6/2019 8:19,datasets/dataset_cropped/09_Metas/06/08/20190906081900_00160.jpg,datasets_flow/dataset_cropped/09_Metas/06/08/20190906081900_00160.jpg,datasets_cloudmask/dataset_cropped/09_Metas/06/08/20190906081900_00160.png,248.7,526.8,83.5,21.5,962
9/6/2019 8:20,datasets/dataset_cropped/09_Metas/06/08/20190906082000_00160.jpg,datasets_flow/dataset_cropped/09_Metas/06/08/20190906082000_00160.jpg,datasets_cloudmask/dataset_cropped/09_Metas/06/08/20190906082000_00160.png,253.1,534,84,21.6,962
9/6/2019 8:21,datasets/dataset_cropped/09_Metas/06/08/20190906082100_00160.jpg,datasets_flow/dataset_cropped/09_Metas/06/08/20190906082100_00160.jpg,datasets_cloudmask/dataset_cropped/09_Metas/06/08/20190906082100_00160.png,257.1,540.2,84.3,21.7,963
9/6/2019 8:22,datasets/dataset_cropped/09_Metas/06/08/20190906082200_00160.jpg,datasets_flow/dataset_cropped/09_Metas/06/08/20190906082200_00160.jpg,datasets_cloudmask/dataset_cropped/09_Metas/06/08/20190906082200_00160.png,260.7,544.8,84.6,21.7,962
9/6/2019 8:23,datasets/dataset_cropped/09_Metas/06/08/20190906082300_00160.jpg,datasets_flow/dataset_cropped/09_Metas/06/08/20190906082300_00160.jpg,datasets_cloudmask/dataset_cropped/09_Metas/06/08/20190906082300_00160.png,263.9,548.4,84.8,21.7,962
9/6/2019 8:24,datasets/dataset_cropped/09_Metas/06/08/20190906082400_00160.jpg,datasets_flow/dataset_cropped/09_Metas/06/08/20190906082400_00160.jpg,datasets_cloudmask/dataset_cropped/09_Metas/06/08/20190906082400_00160.png,266.8,550.4,85.4,21.8,963
9/6/2019 8:25,datasets/dataset_cropped/09_Metas/06/08/20190906082500_00160.jpg,datasets_flow/dataset_cropped/09_Metas/06/08/20190906082500_00160.jpg,datasets_cloudmask/dataset_cropped/09_Metas/06/08/20190906082500_00160.png,270,552.5,86,21.9,962
9/6/2019 8:26,datasets/dataset_cropped/09_Metas/06/08/20190906082600_00160.jpg,datasets_flow/dataset_cropped/09_Metas/06/08/20190906082600_00160.jpg,datasets_cloudmask/dataset_cropped/09_Metas/06/08/20190906082600_00160.png,273.9,556.7,86.8,21.9,963
9/6/2019 8:27,datasets/dataset_cropped/09_Metas/06/08/20190906082700_00160.jpg,datasets_flow/dataset_cropped/09_Metas/06/08/20190906082700_00160.jpg,datasets_cloudmask/dataset_cropped/09_Metas/06/08/20190906082700_00160.png,277.3,560.1,87.2,22,963
9/6/2019 8:28,datasets/dataset_cropped/09_Metas/06/08/20190906082800_00160.jpg,datasets_flow/dataset_cropped/09_Metas/06/08/20190906082800_00160.jpg,datasets_cloudmask/dataset_cropped/09_Metas/06/08/20190906082800_00160.png,281.5,565.6,87.7,22.1,963
9/6/2019 8:29,datasets/dataset_cropped/09_Metas/06/08/20190906082900_00160.jpg,datasets_flow/dataset_cropped/09_Metas/06/08/20190906082900_00160.jpg,datasets_cloudmask/dataset_cropped/09_Metas/06/08/20190906082900_00160.png,284.9,568.9,88.1,22.1,963
9/6/2019 8:30,datasets/dataset_cropped/09_Metas/06/08/20190906083000_00160.jpg,datasets_flow/dataset_cropped/09_Metas/06/08/20190906083000_00160.jpg,datasets_cloudmask/dataset_cropped/09_Metas/06/08/20190906083000_00160.png,289.3,575.3,88.3,22.1,962
9/6/2019 8:31,datasets/dataset_cropped/09_Metas/06/08/20190906083100_00160.jpg,datasets_flow/dataset_cropped/09_Metas/06/08/20190906083100_00160.jpg,datasets_cloudmask/dataset_cropped/09_Metas/06/08/20190906083100_00160.png,292.1,577.4,88.6,22.1,963
9/6/2019 8:32,datasets/dataset_cropped/09_Metas/06/08/20190906083200_00160.jpg,datasets_flow/dataset_cropped/09_Metas/06/08/20190906083200_00160.jpg,datasets_cloudmask/dataset_cropped/09_Metas/06/08/20190906083200_00160.png,295.5,580.8,89,22.2,963
9/6/2019 8:33,datasets/dataset_cropped/09_Metas/06/08/20190906083300_00160.jpg,datasets_flow/dataset_cropped/09_Metas/06/08/20190906083300_00160.jpg,datasets_cloudmask/dataset_cropped/09_Metas/06/08/20190906083300_00160.png,298.5,582.7,89.4,22.2,963
9/6/2019 8:34,datasets/dataset_cropped/09_Metas/06/08/20190906083400_00160.jpg,datasets_flow/dataset_cropped/09_Metas/06/08/20190906083400_00160.jpg,datasets_cloudmask/dataset_cropped/09_Metas/06/08/20190906083400_00160.png,301.1,583.1,90,22.3,962
9/6/2019 8:35,datasets/dataset_cropped/09_Metas/06/08/20190906083500_00160.jpg,datasets_flow/dataset_cropped/09_Metas/06/08/20190906083500_00160.jpg,datasets_cloudmask/dataset_cropped/09_Metas/06/08/20190906083500_00160.png,303.2,582.4,90.5,22.4,962
9/6/2019 8:36,datasets/dataset_cropped/09_Metas/06/08/20190906083600_00160.jpg,datasets_flow/dataset_cropped/09_Metas/06/08/20190906083600_00160.jpg,datasets_cloudmask/dataset_cropped/09_Metas/06/08/20190906083600_00160.png,306.3,583.6,91.4,22.4,963
9/6/2019 8:37,datasets/dataset_cropped/09_Metas/06/08/20190906083700_00160.jpg,datasets_flow/dataset_cropped/09_Metas/06/08/20190906083700_00160.jpg,datasets_cloudmask/dataset_cropped/09_Metas/06/08/20190906083700_00160.png,309.8,585.8,92.2,22.5,963
9/6/2019 8:38,datasets/dataset_cropped/09_Metas/06/08/20190906083800_00160.jpg,datasets_flow/dataset_cropped/09_Metas/06/08/20190906083800_00160.jpg,datasets_cloudmask/dataset_cropped/09_Metas/06/08/20190906083800_00160.png,313.7,589.8,92.7,22.6,963
9/6/2019 8:39,datasets/dataset_cropped/09_Metas/06/08/20190906083900_00160.jpg,datasets_flow/dataset_cropped/09_Metas/06/08/20190906083900_00160.jpg,datasets_cloudmask/dataset_cropped/09_Metas/06/08/20190906083900_00160.png,317.7,592.3,93.6,22.6,963
9/6/2019 8:40,datasets/dataset_cropped/09_Metas/06/08/20190906084000_00160.jpg,datasets_flow/dataset_cropped/09_Metas/06/08/20190906084000_00160.jpg,datasets_cloudmask/dataset_cropped/09_Metas/06/08/20190906084000_00160.png,321.2,594.7,94.4,22.6,963
9/6/2019 8:41,datasets/dataset_cropped/09_Metas/06/08/20190906084100_00160.jpg,datasets_flow/dataset_cropped/09_Metas/06/08/20190906084100_00160.jpg,datasets_cloudmask/dataset_cropped/09_Metas/06/08/20190906084100_00160.png,324.8,598.3,94.7,22.7,963
9/6/2019 8:42,datasets/dataset_cropped/09_Metas/06/08/20190906084200_00160.jpg,datasets_flow/dataset_cropped/09_Metas/06/08/20190906084200_00160.jpg,datasets_cloudmask/dataset_cropped/09_Metas/06/08/20190906084200_00160.png,328.5,601.4,95.2,22.9,963
9/6/2019 8:43,datasets/dataset_cropped/09_Metas/06/08/20190906084300_00160.jpg,datasets_flow/dataset_cropped/09_Metas/06/08/20190906084300_00160.jpg,datasets_cloudmask/dataset_cropped/09_Metas/06/08/20190906084300_00160.png,331.8,602.8,96,23,963
9/6/2019 8:44,datasets/dataset_cropped/09_Metas/06/08/20190906084400_00160.jpg,datasets_flow/dataset_cropped/09_Metas/06/08/20190906084400_00160.jpg,datasets_cloudmask/dataset_cropped/09_Metas/06/08/20190906084400_00160.png,335.2,604.2,96.9,23,963
9/6/2019 8:45,datasets/dataset_cropped/09_Metas/06/08/20190906084500_00160.jpg,datasets_flow/dataset_cropped/09_Metas/06/08/20190906084500_00160.jpg,datasets_cloudmask/dataset_cropped/09_Metas/06/08/20190906084500_00160.png,338.3,605.4,97.7,23,963
9/6/2019 8:46,datasets/dataset_cropped/09_Metas/06/08/20190906084600_00160.jpg,datasets_flow/dataset_cropped/09_Metas/06/08/20190906084600_00160.jpg,datasets_cloudmask/dataset_cropped/09_Metas/06/08/20190906084600_00160.png,341.7,607.3,98.4,23.1,963
9/6/2019 8:47,datasets/dataset_cropped/09_Metas/06/08/20190906084700_00160.jpg,datasets_flow/dataset_cropped/09_Metas/06/08/20190906084700_00160.jpg,datasets_cloudmask/dataset_cropped/09_Metas/06/08/20190906084700_00160.png,345.9,611.8,98.8,23.2,963
9/6/2019 8:48,datasets/dataset_cropped/09_Metas/06/08/20190906084800_00160.jpg,datasets_flow/dataset_cropped/09_Metas/06/08/20190906084800_00160.jpg,datasets_cloudmask/dataset_cropped/09_Metas/06/08/20190906084800_00160.png,350,615.9,99.4,23.2,963
9/6/2019 8:49,datasets/dataset_cropped/09_Metas/06/08/20190906084900_00160.jpg,datasets_flow/dataset_cropped/09_Metas/06/08/20190906084900_00160.jpg,datasets_cloudmask/dataset_cropped/09_Metas/06/08/20190906084900_00160.png,355.1,623,99.7,23.3,963
9/6/2019 8:50,datasets/dataset_cropped/09_Metas/06/08/20190906085000_00160.jpg,datasets_flow/dataset_cropped/09_Metas/06/08/20190906085000_00160.jpg,datasets_cloudmask/dataset_cropped/09_Metas/06/08/20190906085000_00160.png,359.2,627.4,100,23.2,963
9/6/2019 8:51,datasets/dataset_cropped/09_Metas/06/08/20190906085100_00160.jpg,datasets_flow/dataset_cropped/09_Metas/06/08/20190906085100_00160.jpg,datasets_cloudmask/dataset_cropped/09_Metas/06/08/20190906085100_00160.png,362.5,629.9,100.5,23.1,963
9/6/2019 8:52,datasets/dataset_cropped/09_Metas/06/08/20190906085200_00160.jpg,datasets_flow/dataset_cropped/09_Metas/06/08/20190906085200_00160.jpg,datasets_cloudmask/dataset_cropped/09_Metas/06/08/20190906085200_00160.png,365.2,630.9,100.7,23.2,963
9/6/2019 8:53,datasets/dataset_cropped/09_Metas/06/08/20190906085300_00160.jpg,datasets_flow/dataset_cropped/09_Metas/06/08/20190906085300_00160.jpg,datasets_cloudmask/dataset_cropped/09_Metas/06/08/20190906085300_00160.png,367.8,631.3,101.2,23.2,963
9/6/2019 8:54,datasets/dataset_cropped/09_Metas/06/08/20190906085400_00160.jpg,datasets_flow/dataset_cropped/09_Metas/06/08/20190906085400_00160.jpg,datasets_cloudmask/dataset_cropped/09_Metas/06/08/20190906085400_00160.png,372.4,635.6,101.8,23,963
9/6/2019 8:55,datasets/dataset_cropped/09_Metas/06/08/20190906085500_00160.jpg,datasets_flow/dataset_cropped/09_Metas/06/08/20190906085500_00160.jpg,datasets_cloudmask/dataset_cropped/09_Metas/06/08/20190906085500_00160.png,376,638.1,102.1,23,963
9/6/2019 8:56,datasets/dataset_cropped/09_Metas/06/08/20190906085600_00160.jpg,datasets_flow/dataset_cropped/09_Metas/06/08/20190906085600_00160.jpg,datasets_cloudmask/dataset_cropped/09_Metas/06/08/20190906085600_00160.png,380.4,642.4,102.4,23.1,963
9/6/2019 8:57,datasets/dataset_cropped/09_Metas/06/08/20190906085700_00160.jpg,datasets_flow/dataset_cropped/09_Metas/06/08/20190906085700_00160.jpg,datasets_cloudmask/dataset_cropped/09_Metas/06/08/20190906085700_00160.png,383.9,644.6,103.2,23.1,963
9/6/2019 8:58,datasets/dataset_cropped/09_Metas/06/08/20190906085800_00160.jpg,datasets_flow/dataset_cropped/09_Metas/06/08/20190906085800_00160.jpg,datasets_cloudmask/dataset_cropped/09_Metas/06/08/20190906085800_00160.png,386.2,644.5,103.4,23.3,963
9/6/2019 8:59,datasets/dataset_cropped/09_Metas/06/08/20190906085900_00160.jpg,datasets_flow/dataset_cropped/09_Metas/06/08/20190906085900_00160.jpg,datasets_cloudmask/dataset_cropped/09_Metas/06/08/20190906085900_00160.png,391.8,651.5,103.9,23.3,963
9/6/2019 9:00,datasets/dataset_cropped/09_Metas/06/09/20190906090000_00160.jpg,datasets_flow/dataset_cropped/09_Metas/06/09/20190906090000_00160.jpg,datasets_cloudmask/dataset_cropped/09_Metas/06/09/20190906090000_00160.png,394.9,652.9,104.4,23.3,963
9/6/2019 9:01,datasets/dataset_cropped/09_Metas/06/09/20190906090100_00160.jpg,datasets_flow/dataset_cropped/09_Metas/06/09/20190906090100_00160.jpg,datasets_cloudmask/dataset_cropped/09_Metas/06/09/20190906090100_00160.png,392.7,642.7,104.8,23.5,963
9/6/2019 9:02,datasets/dataset_cropped/09_Metas/06/09/20190906090200_00160.jpg,datasets_flow/dataset_cropped/09_Metas/06/09/20190906090200_00160.jpg,datasets_cloudmask/dataset_cropped/09_Metas/06/09/20190906090200_00160.png,397.2,645.9,105.9,23.6,963
9/6/2019 9:03,datasets/dataset_cropped/09_Metas/06/09/20190906090300_00160.jpg,datasets_flow/dataset_cropped/09_Metas/06/09/20190906090300_00160.jpg,datasets_cloudmask/dataset_cropped/09_Metas/06/09/20190906090300_00160.png,405.3,656.8,107,23.7,963
9/6/2019 9:04,datasets/dataset_cropped/09_Metas/06/09/20190906090400_00160.jpg,datasets_flow/dataset_cropped/09_Metas/06/09/20190906090400_00160.jpg,datasets_cloudmask/dataset_cropped/09_Metas/06/09/20190906090400_00160.png,411.2,664.6,107.2,23.7,963
9/6/2019 9:05,datasets/dataset_cropped/09_Metas/06/09/20190906090500_00160.jpg,datasets_flow/dataset_cropped/09_Metas/06/09/20190906090500_00160.jpg,datasets_cloudmask/dataset_cropped/09_Metas/06/09/20190906090500_00160.png,413.8,666.4,107,23.9,963
9/6/2019 9:06,datasets/dataset_cropped/09_Metas/06/09/20190906090600_00160.jpg,datasets_flow/dataset_cropped/09_Metas/06/09/20190906090600_00160.jpg,datasets_cloudmask/dataset_cropped/09_Metas/06/09/20190906090600_00160.png,416.3,668.3,106.7,23.8,963
9/6/2019 9:07,datasets/dataset_cropped/09_Metas/06/09/20190906090700_00160.jpg,datasets_flow/dataset_cropped/09_Metas/06/09/20190906090700_00160.jpg,datasets_cloudmask/dataset_cropped/09_Metas/06/09/20190906090700_00160.png,416.8,664.2,107.2,24.1,963
9/6/2019 9:08,datasets/dataset_cropped/09_Metas/06/09/20190906090800_00160.jpg,datasets_flow/dataset_cropped/09_Metas/06/09/20190906090800_00160.jpg,datasets_cloudmask/dataset_cropped/09_Metas/06/09/20190906090800_00160.png,419.4,662.5,108.4,24.3,963
9/6/2019 9:09,datasets/dataset_cropped/09_Metas/06/09/20190906090900_00160.jpg,datasets_flow/dataset_cropped/09_Metas/06/09/20190906090900_00160.jpg,datasets_cloudmask/dataset_cropped/09_Metas/06/09/20190906090900_00160.png,424.9,667.6,109.5,24.3,963
9/6/2019 9:10,datasets/dataset_cropped/09_Metas/06/09/20190906091000_00160.jpg,datasets_flow/dataset_cropped/09_Metas/06/09/20190906091000_00160.jpg,datasets_cloudmask/dataset_cropped/09_Metas/06/09/20190906091000_00160.png,430.4,673.6,110.2,24.1,963
9/6/2019 9:11,datasets/dataset_cropped/09_Metas/06/09/20190906091100_00160.jpg,datasets_flow/dataset_cropped/09_Metas/06/09/20190906091100_00160.jpg,datasets_cloudmask/dataset_cropped/09_Metas/06/09/20190906091100_00160.png,430.3,668,111,23.9,963
9/6/2019 9:12,datasets/dataset_cropped/09_Metas/06/09/20190906091200_00160.jpg,datasets_flow/dataset_cropped/09_Metas/06/09/20190906091200_00160.jpg,datasets_cloudmask/dataset_cropped/09_Metas/06/09/20190906091200_00160.png,437.2,675,112.4,23.9,963
9/6/2019 9:13,datasets/dataset_cropped/09_Metas/06/09/20190906091300_00160.jpg,datasets_flow/dataset_cropped/09_Metas/06/09/20190906091300_00160.jpg,datasets_cloudmask/dataset_cropped/09_Metas/06/09/20190906091300_00160.png,435.1,664.5,113.5,23.9,963
9/6/2019 9:14,datasets/dataset_cropped/09_Metas/06/09/20190906091400_00160.jpg,datasets_flow/dataset_cropped/09_Metas/06/09/20190906091400_00160.jpg,datasets_cloudmask/dataset_cropped/09_Metas/06/09/20190906091400_00160.png,442.6,674.2,114.2,23.9,963
9/6/2019 9:15,datasets/dataset_cropped/09_Metas/06/09/20190906091500_00160.jpg,datasets_flow/dataset_cropped/09_Metas/06/09/20190906091500_00160.jpg,datasets_cloudmask/dataset_cropped/09_Metas/06/09/20190906091500_00160.png,449.3,683,114.4,24.2,963
9/6/2019 9:16,datasets/dataset_cropped/09_Metas/06/09/20190906091600_00160.jpg,datasets_flow/dataset_cropped/09_Metas/06/09/20190906091600_00160.jpg,datasets_cloudmask/dataset_cropped/09_Metas/06/09/20190906091600_00160.png,450.9,682.4,114.4,24.5,963
9/6/2019 9:17,datasets/dataset_cropped/09_Metas/06/09/20190906091700_00160.jpg,datasets_flow/dataset_cropped/09_Metas/06/09/20190906091700_00160.jpg,datasets_cloudmask/dataset_cropped/09_Metas/06/09/20190906091700_00160.png,454.3,684.7,114.8,24.6,963
9/6/2019 9:18,datasets/dataset_cropped/09_Metas/06/09/20190906091800_00160.jpg,datasets_flow/dataset_cropped/09_Metas/06/09/20190906091800_00160.jpg,datasets_cloudmask/dataset_cropped/09_Metas/06/09/20190906091800_00160.png,457.4,686.4,115,24.5,963
9/6/2019 9:19,datasets/dataset_cropped/09_Metas/06/09/20190906091900_00160.jpg,datasets_flow/dataset_cropped/09_Metas/06/09/20190906091900_00160.jpg,datasets_cloudmask/dataset_cropped/09_Metas/06/09/20190906091900_00160.png,458.1,683.1,115.3,24.4,963
9/6/2019 9:20,datasets/dataset_cropped/09_Metas/06/09/20190906092000_00160.jpg,datasets_flow/dataset_cropped/09_Metas/06/09/20190906092000_00160.jpg,datasets_cloudmask/dataset_cropped/09_Metas/06/09/20190906092000_00160.png,461.3,684.9,115.9,24.4,963
9/6/2019 9:21,datasets/dataset_cropped/09_Metas/06/09/20190906092100_00160.jpg,datasets_flow/dataset_cropped/09_Metas/06/09/20190906092100_00160.jpg,datasets_cloudmask/dataset_cropped/09_Metas/06/09/20190906092100_00160.png,464.6,686.8,116.3,24.2,963
9/6/2019 9:22,datasets/dataset_cropped/09_Metas/06/09/20190906092200_00160.jpg,datasets_flow/dataset_cropped/09_Metas/06/09/20190906092200_00160.jpg,datasets_cloudmask/dataset_cropped/09_Metas/06/09/20190906092200_00160.png,469.5,691.1,116.8,24.2,963
9/6/2019 9:23,datasets/dataset_cropped/09_Metas/06/09/20190906092300_00160.jpg,datasets_flow/dataset_cropped/09_Metas/06/09/20190906092300_00160.jpg,datasets_cloudmask/dataset_cropped/09_Metas/06/09/20190906092300_00160.png,472,688.5,118.4,24.1,963
9/6/2019 9:24,datasets/dataset_cropped/09_Metas/06/09/20190906092400_00160.jpg,datasets_flow/dataset_cropped/09_Metas/06/09/20190906092400_00160.jpg,datasets_cloudmask/dataset_cropped/09_Metas/06/09/20190906092400_00160.png,476.5,689.1,120.4,24.1,963
9/6/2019 9:25,datasets/dataset_cropped/09_Metas/06/09/20190906092500_00160.jpg,datasets_flow/dataset_cropped/09_Metas/06/09/20190906092500_00160.jpg,datasets_cloudmask/dataset_cropped/09_Metas/06/09/20190906092500_00160.png,481.2,691.4,122.1,24.1,963
9/6/2019 9:26,datasets/dataset_cropped/09_Metas/06/09/20190906092600_00160.jpg,datasets_flow/dataset_cropped/09_Metas/06/09/20190906092600_00160.jpg,datasets_cloudmask/dataset_cropped/09_Metas/06/09/20190906092600_00160.png,488,693.9,125.8,23.9,963
9/6/2019 9:27,datasets/dataset_cropped/09_Metas/06/09/20190906092700_00160.jpg,datasets_flow/dataset_cropped/09_Metas/06/09/20190906092700_00160.jpg,datasets_cloudmask/dataset_cropped/09_Metas/06/09/20190906092700_00160.png,394.1,488,132.1,23.6,963
9/6/2019 9:28,datasets/dataset_cropped/09_Metas/06/09/20190906092800_00160.jpg,datasets_flow/dataset_cropped/09_Metas/06/09/20190906092800_00160.jpg,datasets_cloudmask/dataset_cropped/09_Metas/06/09/20190906092800_00160.png,480.3,648.2,136.6,23.6,963
9/6/2019 9:29,datasets/dataset_cropped/09_Metas/06/09/20190906092900_00160.jpg,datasets_flow/dataset_cropped/09_Metas/06/09/20190906092900_00160.jpg,datasets_cloudmask/dataset_cropped/09_Metas/06/09/20190906092900_00160.png,467.9,617.4,143.4,23.4,963
9/6/2019 9:30,datasets/dataset_cropped/09_Metas/06/09/20190906093000_00160.jpg,datasets_flow/dataset_cropped/09_Metas/06/09/20190906093000_00160.jpg,datasets_cloudmask/dataset_cropped/09_Metas/06/09/20190906093000_00160.png,207.7,120.1,142.6,23.3,963
9/6/2019 9:31,datasets/dataset_cropped/09_Metas/06/09/20190906093100_00160.jpg,datasets_flow/dataset_cropped/09_Metas/06/09/20190906093100_00160.jpg,datasets_cloudmask/dataset_cropped/09_Metas/06/09/20190906093100_00160.png,309.8,301.5,147.2,23.3,963
9/6/2019 9:32,datasets/dataset_cropped/09_Metas/06/09/20190906093200_00160.jpg,datasets_flow/dataset_cropped/09_Metas/06/09/20190906093200_00160.jpg,datasets_cloudmask/dataset_cropped/09_Metas/06/09/20190906093200_00160.png,522.7,693.7,148,23.2,963
9/6/2019 9:33,datasets/dataset_cropped/09_Metas/06/09/20190906093300_00160.jpg,datasets_flow/dataset_cropped/09_Metas/06/09/20190906093300_00160.jpg,datasets_cloudmask/dataset_cropped/09_Metas/06/09/20190906093300_00160.png,512.8,685.9,140.7,23.5,963
9/6/2019 9:34,datasets/dataset_cropped/09_Metas/06/09/20190906093400_00160.jpg,datasets_flow/dataset_cropped/09_Metas/06/09/20190906093400_00160.jpg,datasets_cloudmask/dataset_cropped/09_Metas/06/09/20190906093400_00160.png,516.2,689.8,140.3,23.9,963
9/6/2019 9:35,datasets/dataset_cropped/09_Metas/06/09/20190906093500_00160.jpg,datasets_flow/dataset_cropped/09_Metas/06/09/20190906093500_00160.jpg,datasets_cloudmask/dataset_cropped/09_Metas/06/09/20190906093500_00160.png,528.6,705.7,142.1,24.3,963
9/6/2019 9:36,datasets/dataset_cropped/09_Metas/06/09/20190906093600_00160.jpg,datasets_flow/dataset_cropped/09_Metas/06/09/20190906093600_00160.jpg,datasets_cloudmask/dataset_cropped/09_Metas/06/09/20190906093600_00160.png,533.3,712.7,141.1,24.4,963
9/6/2019 9:37,datasets/dataset_cropped/09_Metas/06/09/20190906093700_00160.jpg,datasets_flow/dataset_cropped/09_Metas/06/09/20190906093700_00160.jpg,datasets_cloudmask/dataset_cropped/09_Metas/06/09/20190906093700_00160.png,532.8,712.8,139.1,24.4,963
9/6/2019 9:38,datasets/dataset_cropped/09_Metas/06/09/20190906093800_00160.jpg,datasets_flow/dataset_cropped/09_Metas/06/09/20190906093800_00160.jpg,datasets_cloudmask/dataset_cropped/09_Metas/06/09/20190906093800_00160.png,486.1,626,138.3,24.1,963
9/6/2019 9:39,datasets/dataset_cropped/09_Metas/06/09/20190906093900_00160.jpg,datasets_flow/dataset_cropped/09_Metas/06/09/20190906093900_00160.jpg,datasets_cloudmask/dataset_cropped/09_Metas/06/09/20190906093900_00160.png,207,119.2,137.2,23.8,963
9/6/2019 9:40,datasets/dataset_cropped/09_Metas/06/09/20190906094000_00160.jpg,datasets_flow/dataset_cropped/09_Metas/06/09/20190906094000_00160.jpg,datasets_cloudmask/dataset_cropped/09_Metas/06/09/20190906094000_00160.png,190.3,69.8,148.9,23.6,963
9/6/2019 9:41,datasets/dataset_cropped/09_Metas/06/09/20190906094100_00160.jpg,datasets_flow/dataset_cropped/09_Metas/06/09/20190906094100_00160.jpg,datasets_cloudmask/dataset_cropped/09_Metas/06/09/20190906094100_00160.png,308.1,259.7,162.7,23.4,963
9/6/2019 9:42,datasets/dataset_cropped/09_Metas/06/09/20190906094200_00160.jpg,datasets_flow/dataset_cropped/09_Metas/06/09/20190906094200_00160.jpg,datasets_cloudmask/dataset_cropped/09_Metas/06/09/20190906094200_00160.png,421.8,432.1,176.7,23.4,963
9/6/2019 9:43,datasets/dataset_cropped/09_Metas/06/09/20190906094300_00160.jpg,datasets_flow/dataset_cropped/09_Metas/06/09/20190906094300_00160.jpg,datasets_cloudmask/dataset_cropped/09_Metas/06/09/20190906094300_00160.png,583.7,692.7,188.7,23.5,963
9/6/2019 9:44,datasets/dataset_cropped/09_Metas/06/09/20190906094400_00160.jpg,datasets_flow/dataset_cropped/09_Metas/06/09/20190906094400_00160.jpg,datasets_cloudmask/dataset_cropped/09_Metas/06/09/20190906094400_00160.png,584.4,694.4,186.6,23.9,963
9/6/2019 9:45,datasets/dataset_cropped/09_Metas/06/09/20190906094500_00160.jpg,datasets_flow/dataset_cropped/09_Metas/06/09/20190906094500_00160.jpg,datasets_cloudmask/dataset_cropped/09_Metas/06/09/20190906094500_00160.png,572.1,695.1,172.7,24.1,963
9/6/2019 9:46,datasets/dataset_cropped/09_Metas/06/09/20190906094600_00160.jpg,datasets_flow/dataset_cropped/09_Metas/06/09/20190906094600_00160.jpg,datasets_cloudmask/dataset_cropped/09_Metas/06/09/20190906094600_00160.png,574.1,723.1,156.9,24.4,963
9/6/2019 9:47,datasets/dataset_cropped/09_Metas/06/09/20190906094700_00160.jpg,datasets_flow/dataset_cropped/09_Metas/06/09/20190906094700_00160.jpg,datasets_cloudmask/dataset_cropped/09_Metas/06/09/20190906094700_00160.png,563,720,146,24.8,963
9/6/2019 9:48,datasets/dataset_cropped/09_Metas/06/09/20190906094800_00160.jpg,datasets_flow/dataset_cropped/09_Metas/06/09/20190906094800_00160.jpg,datasets_cloudmask/dataset_cropped/09_Metas/06/09/20190906094800_00160.png,555.2,712.9,140.6,24.8,963
9/6/2019 9:49,datasets/dataset_cropped/09_Metas/06/09/20190906094900_00160.jpg,datasets_flow/dataset_cropped/09_Metas/06/09/20190906094900_00160.jpg,datasets_cloudmask/dataset_cropped/09_Metas/06/09/20190906094900_00160.png,565.1,727.1,140.2,24.6,963
9/6/2019 9:50,datasets/dataset_cropped/09_Metas/06/09/20190906095000_00160.jpg,datasets_flow/dataset_cropped/09_Metas/06/09/20190906095000_00160.jpg,datasets_cloudmask/dataset_cropped/09_Metas/06/09/20190906095000_00160.png,452.8,511.2,146.7,24.5,963
9/6/2019 9:51,datasets/dataset_cropped/09_Metas/06/09/20190906095100_00160.jpg,datasets_flow/dataset_cropped/09_Metas/06/09/20190906095100_00160.jpg,datasets_cloudmask/dataset_cropped/09_Metas/06/09/20190906095100_00160.png,571.5,715.1,149.7,24.5,963
9/6/2019 9:52,datasets/dataset_cropped/09_Metas/06/09/20190906095200_00160.jpg,datasets_flow/dataset_cropped/09_Metas/06/09/20190906095200_00160.jpg,datasets_cloudmask/dataset_cropped/09_Metas/06/09/20190906095200_00160.png,582,741.2,142.2,24.4,963
9/6/2019 9:53,datasets/dataset_cropped/09_Metas/06/09/20190906095300_00160.jpg,datasets_flow/dataset_cropped/09_Metas/06/09/20190906095300_00160.jpg,datasets_cloudmask/dataset_cropped/09_Metas/06/09/20190906095300_00160.png,580.6,744.4,137,24.5,963
9/6/2019 9:54,datasets/dataset_cropped/09_Metas/06/09/20190906095400_00160.jpg,datasets_flow/dataset_cropped/09_Metas/06/09/20190906095400_00160.jpg,datasets_cloudmask/dataset_cropped/09_Metas/06/09/20190906095400_00160.png,578.8,743.5,134.1,24.4,963
9/6/2019 9:55,datasets/dataset_cropped/09_Metas/06/09/20190906095500_00160.jpg,datasets_flow/dataset_cropped/09_Metas/06/09/20190906095500_00160.jpg,datasets_cloudmask/dataset_cropped/09_Metas/06/09/20190906095500_00160.png,576.1,735.4,134.3,24.5,963
9/6/2019 9:56,datasets/dataset_cropped/09_Metas/06/09/20190906095600_00160.jpg,datasets_flow/dataset_cropped/09_Metas/06/09/20190906095600_00160.jpg,datasets_cloudmask/dataset_cropped/09_Metas/06/09/20190906095600_00160.png,582.8,740.5,136.2,24.7,963
9/6/2019 9:57,datasets/dataset_cropped/09_Metas/06/09/20190906095700_00160.jpg,datasets_flow/dataset_cropped/09_Metas/06/09/20190906095700_00160.jpg,datasets_cloudmask/dataset_cropped/09_Metas/06/09/20190906095700_00160.png,589.7,745.3,138.3,25.1,963
9/6/2019 9:58,datasets/dataset_cropped/09_Metas/06/09/20190906095800_00160.jpg,datasets_flow/dataset_cropped/09_Metas/06/09/20190906095800_00160.jpg,datasets_cloudmask/dataset_cropped/09_Metas/06/09/20190906095800_00160.png,595.6,748.8,140.2,24.9,963
9/6/2019 9:59,datasets/dataset_cropped/09_Metas/06/09/20190906095900_00160.jpg,datasets_flow/dataset_cropped/09_Metas/06/09/20190906095900_00160.jpg,datasets_cloudmask/dataset_cropped/09_Metas/06/09/20190906095900_00160.png,601.2,751.4,142.7,24.5,963
9/6/2019 10:00,datasets/dataset_cropped/09_Metas/06/10/20190906100000_00160.jpg,datasets_flow/dataset_cropped/09_Metas/06/10/20190906100000_00160.jpg,datasets_cloudmask/dataset_cropped/09_Metas/06/10/20190906100000_00160.png,547.6,642.8,146.8,24.1,963
9/6/2019 10:01,datasets/dataset_cropped/09_Metas/06/10/20190906100100_00160.jpg,datasets_flow/dataset_cropped/09_Metas/06/10/20190906100100_00160.jpg,datasets_cloudmask/dataset_cropped/09_Metas/06/10/20190906100100_00160.png,487.6,538.6,158.6,24.1,963
9/6/2019 10:02,datasets/dataset_cropped/09_Metas/06/10/20190906100200_00160.jpg,datasets_flow/dataset_cropped/09_Metas/06/10/20190906100200_00160.jpg,datasets_cloudmask/dataset_cropped/09_Metas/06/10/20190906100200_00160.png,436,452.3,156,24.2,963
9/6/2019 10:03,datasets/dataset_cropped/09_Metas/06/10/20190906100300_00160.jpg,datasets_flow/dataset_cropped/09_Metas/06/10/20190906100300_00160.jpg,datasets_cloudmask/dataset_cropped/09_Metas/06/10/20190906100300_00160.png,606.2,743.9,143.5,24.4,963
9/6/2019 10:04,datasets/dataset_cropped/09_Metas/06/10/20190906100400_00160.jpg,datasets_flow/dataset_cropped/09_Metas/06/10/20190906100400_00160.jpg,datasets_cloudmask/dataset_cropped/09_Metas/06/10/20190906100400_00160.png,614.8,756.5,142.4,24.6,963
9/6/2019 10:05,datasets/dataset_cropped/09_Metas/06/10/20190906100500_00160.jpg,datasets_flow/dataset_cropped/09_Metas/06/10/20190906100500_00160.jpg,datasets_cloudmask/dataset_cropped/09_Metas/06/10/20190906100500_00160.png,616.5,755.6,142.9,24.4,963
9/6/2019 10:06,datasets/dataset_cropped/09_Metas/06/10/20190906100600_00160.jpg,datasets_flow/dataset_cropped/09_Metas/06/10/20190906100600_00160.jpg,datasets_cloudmask/dataset_cropped/09_Metas/06/10/20190906100600_00160.png,357.2,325.1,141.2,24.1,963
9/6/2019 10:07,datasets/dataset_cropped/09_Metas/06/10/20190906100700_00160.jpg,datasets_flow/dataset_cropped/09_Metas/06/10/20190906100700_00160.jpg,datasets_cloudmask/dataset_cropped/09_Metas/06/10/20190906100700_00160.png,142.7,2.1,140,23.9,963
9/6/2019 10:08,datasets/dataset_cropped/09_Metas/06/10/20190906100800_00160.jpg,datasets_flow/dataset_cropped/09_Metas/06/10/20190906100800_00160.jpg,datasets_cloudmask/dataset_cropped/09_Metas/06/10/20190906100800_00160.png,144.5,0,143.3,23.8,963
9/6/2019 10:09,datasets/dataset_cropped/09_Metas/06/10/20190906100900_00160.jpg,datasets_flow/dataset_cropped/09_Metas/06/10/20190906100900_00160.jpg,datasets_cloudmask/dataset_cropped/09_Metas/06/10/20190906100900_00160.png,336,274.3,159.8,23.7,963
9/6/2019 10:10,datasets/dataset_cropped/09_Metas/06/10/20190906101000_00160.jpg,datasets_flow/dataset_cropped/09_Metas/06/10/20190906101000_00160.jpg,datasets_cloudmask/dataset_cropped/09_Metas/06/10/20190906101000_00160.png,656.1,746.6,178.2,24.1,963
9/6/2019 10:11,datasets/dataset_cropped/09_Metas/06/10/20190906101100_00160.jpg,datasets_flow/dataset_cropped/09_Metas/06/10/20190906101100_00160.jpg,datasets_cloudmask/dataset_cropped/09_Metas/06/10/20190906101100_00160.png,664.5,761.6,176,24.2,963
9/6/2019 10:12,datasets/dataset_cropped/09_Metas/06/10/20190906101200_00160.jpg,datasets_flow/dataset_cropped/09_Metas/06/10/20190906101200_00160.jpg,datasets_cloudmask/dataset_cropped/09_Metas/06/10/20190906101200_00160.png,312.8,236.5,159.2,24.2,963
9/6/2019 10:13,datasets/dataset_cropped/09_Metas/06/10/20190906101300_00160.jpg,datasets_flow/dataset_cropped/09_Metas/06/10/20190906101300_00160.jpg,datasets_cloudmask/dataset_cropped/09_Metas/06/10/20190906101300_00160.png,220.1,93.3,158.6,24,963
9/6/2019 10:14,datasets/dataset_cropped/09_Metas/06/10/20190906101400_00160.jpg,datasets_flow/dataset_cropped/09_Metas/06/10/20190906101400_00160.jpg,datasets_cloudmask/dataset_cropped/09_Metas/06/10/20190906101400_00160.png,242,109.8,172.6,24,963
9/6/2019 10:15,datasets/dataset_cropped/09_Metas/06/10/20190906101500_00160.jpg,datasets_flow/dataset_cropped/09_Metas/06/10/20190906101500_00160.jpg,datasets_cloudmask/dataset_cropped/09_Metas/06/10/20190906101500_00160.png,529.3,529.9,181.2,24.1,963
9/6/2019 10:16,datasets/dataset_cropped/09_Metas/06/10/20190906101600_00160.jpg,datasets_flow/dataset_cropped/09_Metas/06/10/20190906101600_00160.jpg,datasets_cloudmask/dataset_cropped/09_Metas/06/10/20190906101600_00160.png,664,749.3,174.3,24.4,963
9/6/2019 10:17,datasets/dataset_cropped/09_Metas/06/10/20190906101700_00160.jpg,datasets_flow/dataset_cropped/09_Metas/06/10/20190906101700_00160.jpg,datasets_cloudmask/dataset_cropped/09_Metas/06/10/20190906101700_00160.png,667,754.7,172.8,24.6,963
9/6/2019 10:18,datasets/dataset_cropped/09_Metas/06/10/20190906101800_00160.jpg,datasets_flow/dataset_cropped/09_Metas/06/10/20190906101800_00160.jpg,datasets_cloudmask/dataset_cropped/09_Metas/06/10/20190906101800_00160.png,673.9,749.3,181.9,24.6,963
9/6/2019 10:19,datasets/dataset_cropped/09_Metas/06/10/20190906101900_00160.jpg,datasets_flow/dataset_cropped/09_Metas/06/10/20190906101900_00160.jpg,datasets_cloudmask/dataset_cropped/09_Metas/06/10/20190906101900_00160.png,658.9,698.2,199.5,24.4,963
9/6/2019 10:20,datasets/dataset_cropped/09_Metas/06/10/20190906102000_00160.jpg,datasets_flow/dataset_cropped/09_Metas/06/10/20190906102000_00160.jpg,datasets_cloudmask/dataset_cropped/09_Metas/06/10/20190906102000_00160.png,569.1,574.7,193.5,24.5,963
9/6/2019 10:21,datasets/dataset_cropped/09_Metas/06/10/20190906102100_00160.jpg,datasets_flow/dataset_cropped/09_Metas/06/10/20190906102100_00160.jpg,datasets_cloudmask/dataset_cropped/09_Metas/06/10/20190906102100_00160.png,635.4,688.1,179,24.7,963
9/6/2019 10:22,datasets/dataset_cropped/09_Metas/06/10/20190906102200_00160.jpg,datasets_flow/dataset_cropped/09_Metas/06/10/20190906102200_00160.jpg,datasets_cloudmask/dataset_cropped/09_Metas/06/10/20190906102200_00160.png,684.5,760.4,178.4,24.9,963
9/6/2019 10:23,datasets/dataset_cropped/09_Metas/06/10/20190906102300_00160.jpg,datasets_flow/dataset_cropped/09_Metas/06/10/20190906102300_00160.jpg,datasets_cloudmask/dataset_cropped/09_Metas/06/10/20190906102300_00160.png,688.7,769.1,174.8,25.1,963
9/6/2019 10:24,datasets/dataset_cropped/09_Metas/06/10/20190906102400_00160.jpg,datasets_flow/dataset_cropped/09_Metas/06/10/20190906102400_00160.jpg,datasets_cloudmask/dataset_cropped/09_Metas/06/10/20190906102400_00160.png,694.3,773.3,175.7,25.2,963
9/6/2019 10:25,datasets/dataset_cropped/09_Metas/06/10/20190906102500_00160.jpg,datasets_flow/dataset_cropped/09_Metas/06/10/20190906102500_00160.jpg,datasets_cloudmask/dataset_cropped/09_Metas/06/10/20190906102500_00160.png,693.5,771.1,174.9,25.1,963
9/6/2019 10:26,datasets/dataset_cropped/09_Metas/06/10/20190906102600_00160.jpg,datasets_flow/dataset_cropped/09_Metas/06/10/20190906102600_00160.jpg,datasets_cloudmask/dataset_cropped/09_Metas/06/10/20190906102600_00160.png,685.1,767.8,166.8,25,963
9/6/2019 10:27,datasets/dataset_cropped/09_Metas/06/10/20190906102700_00160.jpg,datasets_flow/dataset_cropped/09_Metas/06/10/20190906102700_00160.jpg,datasets_cloudmask/dataset_cropped/09_Metas/06/10/20190906102700_00160.png,683.1,771.9,160,25.1,963
9/6/2019 10:28,datasets/dataset_cropped/09_Metas/06/10/20190906102800_00160.jpg,datasets_flow/dataset_cropped/09_Metas/06/10/20190906102800_00160.jpg,datasets_cloudmask/dataset_cropped/09_Metas/06/10/20190906102800_00160.png,685.8,778,157.1,25.2,963
9/6/2019 10:29,datasets/dataset_cropped/09_Metas/06/10/20190906102900_00160.jpg,datasets_flow/dataset_cropped/09_Metas/06/10/20190906102900_00160.jpg,datasets_cloudmask/dataset_cropped/09_Metas/06/10/20190906102900_00160.png,686.6,779.1,155.1,25.2,963
9/6/2019 10:30,datasets/dataset_cropped/09_Metas/06/10/20190906103000_00160.jpg,datasets_flow/dataset_cropped/09_Metas/06/10/20190906103000_00160.jpg,datasets_cloudmask/dataset_cropped/09_Metas/06/10/20190906103000_00160.png,687.2,779.3,153.9,25.1,963
9/6/2019 10:31,datasets/dataset_cropped/09_Metas/06/10/20190906103100_00160.jpg,datasets_flow/dataset_cropped/09_Metas/06/10/20190906103100_00160.jpg,datasets_cloudmask/dataset_cropped/09_Metas/06/10/20190906103100_00160.png,688.8,779.3,153.2,25.1,963
9/6/2019 10:32,datasets/dataset_cropped/09_Metas/06/10/20190906103200_00160.jpg,datasets_flow/dataset_cropped/09_Metas/06/10/20190906103200_00160.jpg,datasets_cloudmask/dataset_cropped/09_Metas/06/10/20190906103200_00160.png,691.7,782.9,151.8,25.3,963
9/6/2019 10:33,datasets/dataset_cropped/09_Metas/06/10/20190906103300_00160.jpg,datasets_flow/dataset_cropped/09_Metas/06/10/20190906103300_00160.jpg,datasets_cloudmask/dataset_cropped/09_Metas/06/10/20190906103300_00160.png,690.6,782.9,149,25.6,963
9/6/2019 10:34,datasets/dataset_cropped/09_Metas/06/10/20190906103400_00160.jpg,datasets_flow/dataset_cropped/09_Metas/06/10/20190906103400_00160.jpg,datasets_cloudmask/dataset_cropped/09_Metas/06/10/20190906103400_00160.png,690.6,784.4,146.5,25.6,963
9/6/2019 10:35,datasets/dataset_cropped/09_Metas/06/10/20190906103500_00160.jpg,datasets_flow/dataset_cropped/09_Metas/06/10/20190906103500_00160.jpg,datasets_cloudmask/dataset_cropped/09_Metas/06/10/20190906103500_00160.png,692.5,790.4,142.5,25.3,963
9/6/2019 10:36,datasets/dataset_cropped/09_Metas/06/10/20190906103600_00160.jpg,datasets_flow/dataset_cropped/09_Metas/06/10/20190906103600_00160.jpg,datasets_cloudmask/dataset_cropped/09_Metas/06/10/20190906103600_00160.png,692.8,792.5,139.4,25.3,963
9/6/2019 10:37,datasets/dataset_cropped/09_Metas/06/10/20190906103700_00160.jpg,datasets_flow/dataset_cropped/09_Metas/06/10/20190906103700_00160.jpg,datasets_cloudmask/dataset_cropped/09_Metas/06/10/20190906103700_00160.png,692.6,791.8,137.8,25.3,963
9/6/2019 10:38,datasets/dataset_cropped/09_Metas/06/10/20190906103800_00160.jpg,datasets_flow/dataset_cropped/09_Metas/06/10/20190906103800_00160.jpg,datasets_cloudmask/dataset_cropped/09_Metas/06/10/20190906103800_00160.png,694.9,793.4,137.5,25.4,963
9/6/2019 10:39,datasets/dataset_cropped/09_Metas/06/10/20190906103900_00160.jpg,datasets_flow/dataset_cropped/09_Metas/06/10/20190906103900_00160.jpg,datasets_cloudmask/dataset_cropped/09_Metas/06/10/20190906103900_00160.png,694,789.4,137.6,25.5,963
9/6/2019 10:40,datasets/dataset_cropped/09_Metas/06/10/20190906104000_00160.jpg,datasets_flow/dataset_cropped/09_Metas/06/10/20190906104000_00160.jpg,datasets_cloudmask/dataset_cropped/09_Metas/06/10/20190906104000_00160.png,702.1,798.8,137.4,25.6,963
9/6/2019 10:41,datasets/dataset_cropped/09_Metas/06/10/20190906104100_00160.jpg,datasets_flow/dataset_cropped/09_Metas/06/10/20190906104100_00160.jpg,datasets_cloudmask/dataset_cropped/09_Metas/06/10/20190906104100_00160.png,707,803,138,25.7,963
9/6/2019 10:42,datasets/dataset_cropped/09_Metas/06/10/20190906104200_00160.jpg,datasets_flow/dataset_cropped/09_Metas/06/10/20190906104200_00160.jpg,datasets_cloudmask/dataset_cropped/09_Metas/06/10/20190906104200_00160.png,707.1,801,138.3,25.8,963
9/6/2019 10:43,datasets/dataset_cropped/09_Metas/06/10/20190906104300_00160.jpg,datasets_flow/dataset_cropped/09_Metas/06/10/20190906104300_00160.jpg,datasets_cloudmask/dataset_cropped/09_Metas/06/10/20190906104300_00160.png,711.8,805,138.6,25.7,963
9/6/2019 10:44,datasets/dataset_cropped/09_Metas/06/10/20190906104400_00160.jpg,datasets_flow/dataset_cropped/09_Metas/06/10/20190906104400_00160.jpg,datasets_cloudmask/dataset_cropped/09_Metas/06/10/20190906104400_00160.png,708.4,797.3,138,25.4,963
9/6/2019 10:45,datasets/dataset_cropped/09_Metas/06/10/20190906104500_00160.jpg,datasets_flow/dataset_cropped/09_Metas/06/10/20190906104500_00160.jpg,datasets_cloudmask/dataset_cropped/09_Metas/06/10/20190906104500_00160.png,712.6,800,138,25.5,963
9/6/2019 10:46,datasets/dataset_cropped/09_Metas/06/10/20190906104600_00160.jpg,datasets_flow/dataset_cropped/09_Metas/06/10/20190906104600_00160.jpg,datasets_cloudmask/dataset_cropped/09_Metas/06/10/20190906104600_00160.png,716.4,803,138.4,25.6,963
9/6/2019 10:47,datasets/dataset_cropped/09_Metas/06/10/20190906104700_00160.jpg,datasets_flow/dataset_cropped/09_Metas/06/10/20190906104700_00160.jpg,datasets_cloudmask/dataset_cropped/09_Metas/06/10/20190906104700_00160.png,718.1,803,139.2,25.7,963
9/6/2019 10:48,datasets/dataset_cropped/09_Metas/06/10/20190906104800_00160.jpg,datasets_flow/dataset_cropped/09_Metas/06/10/20190906104800_00160.jpg,datasets_cloudmask/dataset_cropped/09_Metas/06/10/20190906104800_00160.png,720.9,803,140.8,26,963
9/6/2019 10:49,datasets/dataset_cropped/09_Metas/06/10/20190906104900_00160.jpg,datasets_flow/dataset_cropped/09_Metas/06/10/20190906104900_00160.jpg,datasets_cloudmask/dataset_cropped/09_Metas/06/10/20190906104900_00160.png,724.3,803,142.8,26,963
9/6/2019 10:50,datasets/dataset_cropped/09_Metas/06/10/20190906105000_00160.jpg,datasets_flow/dataset_cropped/09_Metas/06/10/20190906105000_00160.jpg,datasets_cloudmask/dataset_cropped/09_Metas/06/10/20190906105000_00160.png,722.9,794.4,145.6,25.9,963
9/6/2019 10:51,datasets/dataset_cropped/09_Metas/06/10/20190906105100_00160.jpg,datasets_flow/dataset_cropped/09_Metas/06/10/20190906105100_00160.jpg,datasets_cloudmask/dataset_cropped/09_Metas/06/10/20190906105100_00160.png,734.8,798,152.6,26,963
9/6/2019 10:52,datasets/dataset_cropped/09_Metas/06/10/20190906105200_00160.jpg,datasets_flow/dataset_cropped/09_Metas/06/10/20190906105200_00160.jpg,datasets_cloudmask/dataset_cropped/09_Metas/06/10/20190906105200_00160.png,734.9,779,163,25.8,963
9/6/2019 10:53,datasets/dataset_cropped/09_Metas/06/10/20190906105300_00160.jpg,datasets_flow/dataset_cropped/09_Metas/06/10/20190906105300_00160.jpg,datasets_cloudmask/dataset_cropped/09_Metas/06/10/20190906105300_00160.png,698.5,721.3,159.8,25.7,963
9/6/2019 10:54,datasets/dataset_cropped/09_Metas/06/10/20190906105400_00160.jpg,datasets_flow/dataset_cropped/09_Metas/06/10/20190906105400_00160.jpg,datasets_cloudmask/dataset_cropped/09_Metas/06/10/20190906105400_00160.png,734.1,786.5,155.4,25.9,963
9/6/2019 10:55,datasets/dataset_cropped/09_Metas/06/10/20190906105500_00160.jpg,datasets_flow/dataset_cropped/09_Metas/06/10/20190906105500_00160.jpg,datasets_cloudmask/dataset_cropped/09_Metas/06/10/20190906105500_00160.png,742,797.2,154.4,25.9,963
9/6/2019 10:56,datasets/dataset_cropped/09_Metas/06/10/20190906105600_00160.jpg,datasets_flow/dataset_cropped/09_Metas/06/10/20190906105600_00160.jpg,datasets_cloudmask/dataset_cropped/09_Metas/06/10/20190906105600_00160.png,744.1,799.4,153.9,26,963
9/6/2019 10:57,datasets/dataset_cropped/09_Metas/06/10/20190906105700_00160.jpg,datasets_flow/dataset_cropped/09_Metas/06/10/20190906105700_00160.jpg,datasets_cloudmask/dataset_cropped/09_Metas/06/10/20190906105700_00160.png,748.4,803,154.2,26.1,963
9/6/2019 10:58,datasets/dataset_cropped/09_Metas/06/10/20190906105800_00160.jpg,datasets_flow/dataset_cropped/09_Metas/06/10/20190906105800_00160.jpg,datasets_cloudmask/dataset_cropped/09_Metas/06/10/20190906105800_00160.png,749.4,799.4,156.1,26.6,963
9/6/2019 10:59,datasets/dataset_cropped/09_Metas/06/10/20190906105900_00160.jpg,datasets_flow/dataset_cropped/09_Metas/06/10/20190906105900_00160.jpg,datasets_cloudmask/dataset_cropped/09_Metas/06/10/20190906105900_00160.png,748.2,794.2,156.8,26.7,963
9/6/2019 11:00,datasets/dataset_cropped/09_Metas/06/11/20190906110000_00160.jpg,datasets_flow/dataset_cropped/09_Metas/06/11/20190906110000_00160.jpg,datasets_cloudmask/dataset_cropped/09_Metas/06/11/20190906110000_00160.png,749.7,794,157.1,26.8,963
9/6/2019 11:01,datasets/dataset_cropped/09_Metas/06/11/20190906110100_00160.jpg,datasets_flow/dataset_cropped/09_Metas/06/11/20190906110100_00160.jpg,datasets_cloudmask/dataset_cropped/09_Metas/06/11/20190906110100_00160.png,744.6,789.3,153.7,26.3,963
9/6/2019 11:02,datasets/dataset_cropped/09_Metas/06/11/20190906110200_00160.jpg,datasets_flow/dataset_cropped/09_Metas/06/11/20190906110200_00160.jpg,datasets_cloudmask/dataset_cropped/09_Metas/06/11/20190906110200_00160.png,743.6,789.3,151,26.1,963
9/6/2019 11:03,datasets/dataset_cropped/09_Metas/06/11/20190906110300_00160.jpg,datasets_flow/dataset_cropped/09_Metas/06/11/20190906110300_00160.jpg,datasets_cloudmask/dataset_cropped/09_Metas/06/11/20190906110300_00160.png,745.8,790,150.9,26,963
9/6/2019 11:04,datasets/dataset_cropped/09_Metas/06/11/20190906110400_00160.jpg,datasets_flow/dataset_cropped/09_Metas/06/11/20190906110400_00160.jpg,datasets_cloudmask/dataset_cropped/09_Metas/06/11/20190906110400_00160.png,754,795.8,153,26.2,963
9/6/2019 11:05,datasets/dataset_cropped/09_Metas/06/11/20190906110500_00160.jpg,datasets_flow/dataset_cropped/09_Metas/06/11/20190906110500_00160.jpg,datasets_cloudmask/dataset_cropped/09_Metas/06/11/20190906110500_00160.png,762,802,154.9,26.1,963
9/6/2019 11:06,datasets/dataset_cropped/09_Metas/06/11/20190906110600_00160.jpg,datasets_flow/dataset_cropped/09_Metas/06/11/20190906110600_00160.jpg,datasets_cloudmask/dataset_cropped/09_Metas/06/11/20190906110600_00160.png,765.3,803,156.2,26.2,963
9/6/2019 11:07,datasets/dataset_cropped/09_Metas/06/11/20190906110700_00160.jpg,datasets_flow/dataset_cropped/09_Metas/06/11/20190906110700_00160.jpg,datasets_cloudmask/dataset_cropped/09_Metas/06/11/20190906110700_00160.png,771.4,807,158.1,26,963
9/6/2019 11:08,datasets/dataset_cropped/09_Metas/06/11/20190906110800_00160.jpg,datasets_flow/dataset_cropped/09_Metas/06/11/20190906110800_00160.jpg,datasets_cloudmask/dataset_cropped/09_Metas/06/11/20190906110800_00160.png,771.4,805,158.4,26,963
9/6/2019 11:09,datasets/dataset_cropped/09_Metas/06/11/20190906110900_00160.jpg,datasets_flow/dataset_cropped/09_Metas/06/11/20190906110900_00160.jpg,datasets_cloudmask/dataset_cropped/09_Metas/06/11/20190906110900_00160.png,774.6,808,158.2,26.1,963
9/6/2019 11:10,datasets/dataset_cropped/09_Metas/06/11/20190906111000_00160.jpg,datasets_flow/dataset_cropped/09_Metas/06/11/20190906111000_00160.jpg,datasets_cloudmask/dataset_cropped/09_Metas/06/11/20190906111000_00160.png,775.3,810,155.9,26.1,963
9/6/2019 11:11,datasets/dataset_cropped/09_Metas/06/11/20190906111100_00160.jpg,datasets_flow/dataset_cropped/09_Metas/06/11/20190906111100_00160.jpg,datasets_cloudmask/dataset_cropped/09_Metas/06/11/20190906111100_00160.png,775.6,808,156.3,26.1,963
9/6/2019 11:12,datasets/dataset_cropped/09_Metas/06/11/20190906111200_00160.jpg,datasets_flow/dataset_cropped/09_Metas/06/11/20190906111200_00160.jpg,datasets_cloudmask/dataset_cropped/09_Metas/06/11/20190906111200_00160.png,765.2,790.6,157.6,25.7,963
9/6/2019 11:13,datasets/dataset_cropped/09_Metas/06/11/20190906111300_00160.jpg,datasets_flow/dataset_cropped/09_Metas/06/11/20190906111300_00160.jpg,datasets_cloudmask/dataset_cropped/09_Metas/06/11/20190906111300_00160.png,761.1,784.9,157.3,25.8,963
9/6/2019 11:14,datasets/dataset_cropped/09_Metas/06/11/20190906111400_00160.jpg,datasets_flow/dataset_cropped/09_Metas/06/11/20190906111400_00160.jpg,datasets_cloudmask/dataset_cropped/09_Metas/06/11/20190906111400_00160.png,773.2,799.3,156.6,26.1,963
9/6/2019 11:15,datasets/dataset_cropped/09_Metas/06/11/20190906111500_00160.jpg,datasets_flow/dataset_cropped/09_Metas/06/11/20190906111500_00160.jpg,datasets_cloudmask/dataset_cropped/09_Metas/06/11/20190906111500_00160.png,773.8,798.1,156.9,26.5,963
9/6/2019 11:16,datasets/dataset_cropped/09_Metas/06/11/20190906111600_00160.jpg,datasets_flow/dataset_cropped/09_Metas/06/11/20190906111600_00160.jpg,datasets_cloudmask/dataset_cropped/09_Metas/06/11/20190906111600_00160.png,777.2,799.3,157.8,26.5,963
9/6/2019 11:17,datasets/dataset_cropped/09_Metas/06/11/20190906111700_00160.jpg,datasets_flow/dataset_cropped/09_Metas/06/11/20190906111700_00160.jpg,datasets_cloudmask/dataset_cropped/09_Metas/06/11/20190906111700_00160.png,776.3,795,159.1,26.4,963
9/6/2019 11:18,datasets/dataset_cropped/09_Metas/06/11/20190906111800_00160.jpg,datasets_flow/dataset_cropped/09_Metas/06/11/20190906111800_00160.jpg,datasets_cloudmask/dataset_cropped/09_Metas/06/11/20190906111800_00160.png,780,796.7,160.2,26.2,963
9/6/2019 11:19,datasets/dataset_cropped/09_Metas/06/11/20190906111900_00160.jpg,datasets_flow/dataset_cropped/09_Metas/06/11/20190906111900_00160.jpg,datasets_cloudmask/dataset_cropped/09_Metas/06/11/20190906111900_00160.png,789.9,808,160.2,26.1,963
9/6/2019 11:20,datasets/dataset_cropped/09_Metas/06/11/20190906112000_00160.jpg,datasets_flow/dataset_cropped/09_Metas/06/11/20190906112000_00160.jpg,datasets_cloudmask/dataset_cropped/09_Metas/06/11/20190906112000_00160.png,795.6,814,159.8,26,963
9/6/2019 11:21,datasets/dataset_cropped/09_Metas/06/11/20190906112100_00160.jpg,datasets_flow/dataset_cropped/09_Metas/06/11/20190906112100_00160.jpg,datasets_cloudmask/dataset_cropped/09_Metas/06/11/20190906112100_00160.png,795.4,811,160.4,26.3,963
9/6/2019 11:22,datasets/dataset_cropped/09_Metas/06/11/20190906112200_00160.jpg,datasets_flow/dataset_cropped/09_Metas/06/11/20190906112200_00160.jpg,datasets_cloudmask/dataset_cropped/09_Metas/06/11/20190906112200_00160.png,796.8,810,162.2,26.1,963
9/6/2019 11:23,datasets/dataset_cropped/09_Metas/06/11/20190906112300_00160.jpg,datasets_flow/dataset_cropped/09_Metas/06/11/20190906112300_00160.jpg,datasets_cloudmask/dataset_cropped/09_Metas/06/11/20190906112300_00160.png,797.7,809,162.9,26.2,963
9/6/2019 11:24,datasets/dataset_cropped/09_Metas/06/11/20190906112400_00160.jpg,datasets_flow/dataset_cropped/09_Metas/06/11/20190906112400_00160.jpg,datasets_cloudmask/dataset_cropped/09_Metas/06/11/20190906112400_00160.png,799.7,811,162.4,26.2,963
9/6/2019 11:25,datasets/dataset_cropped/09_Metas/06/11/20190906112500_00160.jpg,datasets_flow/dataset_cropped/09_Metas/06/11/20190906112500_00160.jpg,datasets_cloudmask/dataset_cropped/09_Metas/06/11/20190906112500_00160.png,803,815,160.9,26.3,963
9/6/2019 11:26,datasets/dataset_cropped/09_Metas/06/11/20190906112600_00160.jpg,datasets_flow/dataset_cropped/09_Metas/06/11/20190906112600_00160.jpg,datasets_cloudmask/dataset_cropped/09_Metas/06/11/20190906112600_00160.png,804,816,160.2,26.2,963
9/6/2019 11:27,datasets/dataset_cropped/09_Metas/06/11/20190906112700_00160.jpg,datasets_flow/dataset_cropped/09_Metas/06/11/20190906112700_00160.jpg,datasets_cloudmask/dataset_cropped/09_Metas/06/11/20190906112700_00160.png,803,813,160.8,26.4,963
9/6/2019 11:28,datasets/dataset_cropped/09_Metas/06/11/20190906112800_00160.jpg,datasets_flow/dataset_cropped/09_Metas/06/11/20190906112800_00160.jpg,datasets_cloudmask/dataset_cropped/09_Metas/06/11/20190906112800_00160.png,800,806,161.6,27,963
9/6/2019 11:29,datasets/dataset_cropped/09_Metas/06/11/20190906112900_00160.jpg,datasets_flow/dataset_cropped/09_Metas/06/11/20190906112900_00160.jpg,datasets_cloudmask/dataset_cropped/09_Metas/06/11/20190906112900_00160.png,795.1,795.1,163.4,27,963
9/6/2019 11:30,datasets/dataset_cropped/09_Metas/06/11/20190906113000_00160.jpg,datasets_flow/dataset_cropped/09_Metas/06/11/20190906113000_00160.jpg,datasets_cloudmask/dataset_cropped/09_Metas/06/11/20190906113000_00160.png,783.6,775.5,166.6,26.8,963
9/6/2019 11:31,datasets/dataset_cropped/09_Metas/06/11/20190906113100_00160.jpg,datasets_flow/dataset_cropped/09_Metas/06/11/20190906113100_00160.jpg,datasets_cloudmask/dataset_cropped/09_Metas/06/11/20190906113100_00160.png,780.4,762.8,172.7,27,963
9/6/2019 11:32,datasets/dataset_cropped/09_Metas/06/11/20190906113200_00160.jpg,datasets_flow/dataset_cropped/09_Metas/06/11/20190906113200_00160.jpg,datasets_cloudmask/dataset_cropped/09_Metas/06/11/20190906113200_00160.png,785,745.5,188.5,26.8,963
9/6/2019 11:33,datasets/dataset_cropped/09_Metas/06/11/20190906113300_00160.jpg,datasets_flow/dataset_cropped/09_Metas/06/11/20190906113300_00160.jpg,datasets_cloudmask/dataset_cropped/09_Metas/06/11/20190906113300_00160.png,757,698.8,195.4,26.5,963
9/6/2019 11:34,datasets/dataset_cropped/09_Metas/06/11/20190906113400_00160.jpg,datasets_flow/dataset_cropped/09_Metas/06/11/20190906113400_00160.jpg,datasets_cloudmask/dataset_cropped/09_Metas/06/11/20190906113400_00160.png,436.3,306.5,182.8,26.6,963
9/6/2019 11:35,datasets/dataset_cropped/09_Metas/06/11/20190906113500_00160.jpg,datasets_flow/dataset_cropped/09_Metas/06/11/20190906113500_00160.jpg,datasets_cloudmask/dataset_cropped/09_Metas/06/11/20190906113500_00160.png,804,781.6,175.5,26.9,963
9/6/2019 11:36,datasets/dataset_cropped/09_Metas/06/11/20190906113600_00160.jpg,datasets_flow/dataset_cropped/09_Metas/06/11/20190906113600_00160.jpg,datasets_cloudmask/dataset_cropped/09_Metas/06/11/20190906113600_00160.png,820,804,172.8,26.6,963
9/6/2019 11:37,datasets/dataset_cropped/09_Metas/06/11/20190906113700_00160.jpg,datasets_flow/dataset_cropped/09_Metas/06/11/20190906113700_00160.jpg,datasets_cloudmask/dataset_cropped/09_Metas/06/11/20190906113700_00160.png,827,811,172.4,26.7,963
9/6/2019 11:38,datasets/dataset_cropped/09_Metas/06/11/20190906113800_00160.jpg,datasets_flow/dataset_cropped/09_Metas/06/11/20190906113800_00160.jpg,datasets_cloudmask/dataset_cropped/09_Metas/06/11/20190906113800_00160.png,832,815,173.5,26.5,963
9/6/2019 11:39,datasets/dataset_cropped/09_Metas/06/11/20190906113900_00160.jpg,datasets_flow/dataset_cropped/09_Metas/06/11/20190906113900_00160.jpg,datasets_cloudmask/dataset_cropped/09_Metas/06/11/20190906113900_00160.png,831,810,175.7,26.8,963
9/6/2019 11:40,datasets/dataset_cropped/09_Metas/06/11/20190906114000_00160.jpg,datasets_flow/dataset_cropped/09_Metas/06/11/20190906114000_00160.jpg,datasets_cloudmask/dataset_cropped/09_Metas/06/11/20190906114000_00160.png,826,796.5,180.3,26.6,963
9/6/2019 11:41,datasets/dataset_cropped/09_Metas/06/11/20190906114100_00160.jpg,datasets_flow/dataset_cropped/09_Metas/06/11/20190906114100_00160.jpg,datasets_cloudmask/dataset_cropped/09_Metas/06/11/20190906114100_00160.png,823,789.5,182.4,26.5,963
9/6/2019 11:42,datasets/dataset_cropped/09_Metas/06/11/20190906114200_00160.jpg,datasets_flow/dataset_cropped/09_Metas/06/11/20190906114200_00160.jpg,datasets_cloudmask/dataset_cropped/09_Metas/06/11/20190906114200_00160.png,823,784.7,185.2,26.5,963
9/6/2019 11:43,datasets/dataset_cropped/09_Metas/06/11/20190906114300_00160.jpg,datasets_flow/dataset_cropped/09_Metas/06/11/20190906114300_00160.jpg,datasets_cloudmask/dataset_cropped/09_Metas/06/11/20190906114300_00160.png,842,800,190.9,26.3,963
9/6/2019 11:44,datasets/dataset_cropped/09_Metas/06/11/20190906114400_00160.jpg,datasets_flow/dataset_cropped/09_Metas/06/11/20190906114400_00160.jpg,datasets_cloudmask/dataset_cropped/09_Metas/06/11/20190906114400_00160.png,856,810,196.2,26.8,963
9/6/2019 11:45,datasets/dataset_cropped/09_Metas/06/11/20190906114500_00160.jpg,datasets_flow/dataset_cropped/09_Metas/06/11/20190906114500_00160.jpg,datasets_cloudmask/dataset_cropped/09_Metas/06/11/20190906114500_00160.png,862,815,197.2,26.8,963
9/6/2019 11:46,datasets/dataset_cropped/09_Metas/06/11/20190906114600_00160.jpg,datasets_flow/dataset_cropped/09_Metas/06/11/20190906114600_00160.jpg,datasets_cloudmask/dataset_cropped/09_Metas/06/11/20190906114600_00160.png,863,812,199.7,26.9,963
9/6/2019 11:47,datasets/dataset_cropped/09_Metas/06/11/20190906114700_00160.jpg,datasets_flow/dataset_cropped/09_Metas/06/11/20190906114700_00160.jpg,datasets_cloudmask/dataset_cropped/09_Metas/06/11/20190906114700_00160.png,865,809,202.5,27,963
9/6/2019 11:48,datasets/dataset_cropped/09_Metas/06/11/20190906114800_00160.jpg,datasets_flow/dataset_cropped/09_Metas/06/11/20190906114800_00160.jpg,datasets_cloudmask/dataset_cropped/09_Metas/06/11/20190906114800_00160.png,873,808,211.6,26.9,963
9/6/2019 11:49,datasets/dataset_cropped/09_Metas/06/11/20190906114900_00160.jpg,datasets_flow/dataset_cropped/09_Metas/06/11/20190906114900_00160.jpg,datasets_cloudmask/dataset_cropped/09_Metas/06/11/20190906114900_00160.png,879,803,220.6,27.2,963
9/6/2019 11:50,datasets/dataset_cropped/09_Metas/06/11/20190906115000_00160.jpg,datasets_flow/dataset_cropped/09_Metas/06/11/20190906115000_00160.jpg,datasets_cloudmask/dataset_cropped/09_Metas/06/11/20190906115000_00160.png,885,796.9,230.8,27.4,963
9/6/2019 11:51,datasets/dataset_cropped/09_Metas/06/11/20190906115100_00160.jpg,datasets_flow/dataset_cropped/09_Metas/06/11/20190906115100_00160.jpg,datasets_cloudmask/dataset_cropped/09_Metas/06/11/20190906115100_00160.png,903,801,244.2,27.5,963
9/6/2019 11:52,datasets/dataset_cropped/09_Metas/06/11/20190906115200_00160.jpg,datasets_flow/dataset_cropped/09_Metas/06/11/20190906115200_00160.jpg,datasets_cloudmask/dataset_cropped/09_Metas/06/11/20190906115200_00160.png,915,803,254.1,27.7,963
9/6/2019 11:53,datasets/dataset_cropped/09_Metas/06/11/20190906115300_00160.jpg,datasets_flow/dataset_cropped/09_Metas/06/11/20190906115300_00160.jpg,datasets_cloudmask/dataset_cropped/09_Metas/06/11/20190906115300_00160.png,925,808,258.7,27.6,963
9/6/2019 11:54,datasets/dataset_cropped/09_Metas/06/11/20190906115400_00160.jpg,datasets_flow/dataset_cropped/09_Metas/06/11/20190906115400_00160.jpg,datasets_cloudmask/dataset_cropped/09_Metas/06/11/20190906115400_00160.png,921,808,253.8,27.4,963
9/6/2019 11:55,datasets/dataset_cropped/09_Metas/06/11/20190906115500_00160.jpg,datasets_flow/dataset_cropped/09_Metas/06/11/20190906115500_00160.jpg,datasets_cloudmask/dataset_cropped/09_Metas/06/11/20190906115500_00160.png,909,804,243.2,27.6,963
9/6/2019 11:56,datasets/dataset_cropped/09_Metas/06/11/20190906115600_00160.jpg,datasets_flow/dataset_cropped/09_Metas/06/11/20190906115600_00160.jpg,datasets_cloudmask/dataset_cropped/09_Metas/06/11/20190906115600_00160.png,898,803,232,27.9,963
9/6/2019 11:57,datasets/dataset_cropped/09_Metas/06/11/20190906115700_00160.jpg,datasets_flow/dataset_cropped/09_Metas/06/11/20190906115700_00160.jpg,datasets_cloudmask/dataset_cropped/09_Metas/06/11/20190906115700_00160.png,892,799.4,228.9,27.9,963
9/6/2019 11:58,datasets/dataset_cropped/09_Metas/06/11/20190906115800_00160.jpg,datasets_flow/dataset_cropped/09_Metas/06/11/20190906115800_00160.jpg,datasets_cloudmask/dataset_cropped/09_Metas/06/11/20190906115800_00160.png,878,773.2,235,27.4,963
9/6/2019 11:59,datasets/dataset_cropped/09_Metas/06/11/20190906115900_00160.jpg,datasets_flow/dataset_cropped/09_Metas/06/11/20190906115900_00160.jpg,datasets_cloudmask/dataset_cropped/09_Metas/06/11/20190906115900_00160.png,886,769.7,247.3,27.4,963
9/6/2019 12:00,datasets/dataset_cropped/09_Metas/06/12/20190906120000_00160.jpg,datasets_flow/dataset_cropped/09_Metas/06/12/20190906120000_00160.jpg,datasets_cloudmask/dataset_cropped/09_Metas/06/12/20190906120000_00160.png,536.8,335.2,251.5,27.5,963
9/6/2019 12:01,datasets/dataset_cropped/09_Metas/06/12/20190906120100_00160.jpg,datasets_flow/dataset_cropped/09_Metas/06/12/20190906120100_00160.jpg,datasets_cloudmask/dataset_cropped/09_Metas/06/12/20190906120100_00160.png,466.5,265.8,247.2,27.7,963
9/6/2019 12:02,datasets/dataset_cropped/09_Metas/06/12/20190906120200_00160.jpg,datasets_flow/dataset_cropped/09_Metas/06/12/20190906120200_00160.jpg,datasets_cloudmask/dataset_cropped/09_Metas/06/12/20190906120200_00160.png,898,776.8,247.7,27.7,963
9/6/2019 12:03,datasets/dataset_cropped/09_Metas/06/12/20190906120300_00160.jpg,datasets_flow/dataset_cropped/09_Metas/06/12/20190906120300_00160.jpg,datasets_cloudmask/dataset_cropped/09_Metas/06/12/20190906120300_00160.png,879,776,229.3,27.7,963
9/6/2019 12:04,datasets/dataset_cropped/09_Metas/06/12/20190906120400_00160.jpg,datasets_flow/dataset_cropped/09_Metas/06/12/20190906120400_00160.jpg,datasets_cloudmask/dataset_cropped/09_Metas/06/12/20190906120400_00160.png,876,782.8,220.3,27.7,963
9/6/2019 12:05,datasets/dataset_cropped/09_Metas/06/12/20190906120500_00160.jpg,datasets_flow/dataset_cropped/09_Metas/06/12/20190906120500_00160.jpg,datasets_cloudmask/dataset_cropped/09_Metas/06/12/20190906120500_00160.png,888,791.9,223.4,27.7,963
9/6/2019 12:06,datasets/dataset_cropped/09_Metas/06/12/20190906120600_00160.jpg,datasets_flow/dataset_cropped/09_Metas/06/12/20190906120600_00160.jpg,datasets_cloudmask/dataset_cropped/09_Metas/06/12/20190906120600_00160.png,900,804,223.5,27.5,963
9/6/2019 12:07,datasets/dataset_cropped/09_Metas/06/12/20190906120700_00160.jpg,datasets_flow/dataset_cropped/09_Metas/06/12/20190906120700_00160.jpg,datasets_cloudmask/dataset_cropped/09_Metas/06/12/20190906120700_00160.png,898,804,221.2,27.8,963
9/6/2019 12:08,datasets/dataset_cropped/09_Metas/06/12/20190906120800_00160.jpg,datasets_flow/dataset_cropped/09_Metas/06/12/20190906120800_00160.jpg,datasets_cloudmask/dataset_cropped/09_Metas/06/12/20190906120800_00160.png,897,802,222.3,28.1,963
9/6/2019 12:09,datasets/dataset_cropped/09_Metas/06/12/20190906120900_00160.jpg,datasets_flow/dataset_cropped/09_Metas/06/12/20190906120900_00160.jpg,datasets_cloudmask/dataset_cropped/09_Metas/06/12/20190906120900_00160.png,905,807,225.9,28.2,963
9/6/2019 12:10,datasets/dataset_cropped/09_Metas/06/12/20190906121000_00160.jpg,datasets_flow/dataset_cropped/09_Metas/06/12/20190906121000_00160.jpg,datasets_cloudmask/dataset_cropped/09_Metas/06/12/20190906121000_00160.png,917,809,235.3,28.2,962
9/6/2019 12:11,datasets/dataset_cropped/09_Metas/06/12/20190906121100_00160.jpg,datasets_flow/dataset_cropped/09_Metas/06/12/20190906121100_00160.jpg,datasets_cloudmask/dataset_cropped/09_Metas/06/12/20190906121100_00160.png,931,805,252,28.3,963
9/6/2019 12:12,datasets/dataset_cropped/09_Metas/06/12/20190906121200_00160.jpg,datasets_flow/dataset_cropped/09_Metas/06/12/20190906121200_00160.jpg,datasets_cloudmask/dataset_cropped/09_Metas/06/12/20190906121200_00160.png,933,806,253.9,28.3,962
9/6/2019 12:13,datasets/dataset_cropped/09_Metas/06/12/20190906121300_00160.jpg,datasets_flow/dataset_cropped/09_Metas/06/12/20190906121300_00160.jpg,datasets_cloudmask/dataset_cropped/09_Metas/06/12/20190906121300_00160.png,937,807,256.1,27.9,962
9/6/2019 12:14,datasets/dataset_cropped/09_Metas/06/12/20190906121400_00160.jpg,datasets_flow/dataset_cropped/09_Metas/06/12/20190906121400_00160.jpg,datasets_cloudmask/dataset_cropped/09_Metas/06/12/20190906121400_00160.png,951,806,269.8,27.6,963
9/6/2019 12:15,datasets/dataset_cropped/09_Metas/06/12/20190906121500_00160.jpg,datasets_flow/dataset_cropped/09_Metas/06/12/20190906121500_00160.jpg,datasets_cloudmask/dataset_cropped/09_Metas/06/12/20190906121500_00160.png,977,806,294.2,27.8,962
9/6/2019 12:16,datasets/dataset_cropped/09_Metas/06/12/20190906121600_00160.jpg,datasets_flow/dataset_cropped/09_Metas/06/12/20190906121600_00160.jpg,datasets_cloudmask/dataset_cropped/09_Metas/06/12/20190906121600_00160.png,1001,807,316.2,27.7,962
9/6/2019 12:17,datasets/dataset_cropped/09_Metas/06/12/20190906121700_00160.jpg,datasets_flow/dataset_cropped/09_Metas/06/12/20190906121700_00160.jpg,datasets_cloudmask/dataset_cropped/09_Metas/06/12/20190906121700_00160.png,793.4,534.4,336.3,27.3,962
9/6/2019 12:18,datasets/dataset_cropped/09_Metas/06/12/20190906121800_00160.jpg,datasets_flow/dataset_cropped/09_Metas/06/12/20190906121800_00160.jpg,datasets_cloudmask/dataset_cropped/09_Metas/06/12/20190906121800_00160.png,959,727.7,342.8,27.7,962
9/6/2019 12:19,datasets/dataset_cropped/09_Metas/06/12/20190906121900_00160.jpg,datasets_flow/dataset_cropped/09_Metas/06/12/20190906121900_00160.jpg,datasets_cloudmask/dataset_cropped/09_Metas/06/12/20190906121900_00160.png,711.6,438.2,332.1,28,962
9/6/2019 12:20,datasets/dataset_cropped/09_Metas/06/12/20190906122000_00160.jpg,datasets_flow/dataset_cropped/09_Metas/06/12/20190906122000_00160.jpg,datasets_cloudmask/dataset_cropped/09_Metas/06/12/20190906122000_00160.png,945,741.5,313.4,27.5,963
9/6/2019 12:21,datasets/dataset_cropped/09_Metas/06/12/20190906122100_00160.jpg,datasets_flow/dataset_cropped/09_Metas/06/12/20190906122100_00160.jpg,datasets_cloudmask/dataset_cropped/09_Metas/06/12/20190906122100_00160.png,987,793,310.4,27.4,962
9/6/2019 12:22,datasets/dataset_cropped/09_Metas/06/12/20190906122200_00160.jpg,datasets_flow/dataset_cropped/09_Metas/06/12/20190906122200_00160.jpg,datasets_cloudmask/dataset_cropped/09_Metas/06/12/20190906122200_00160.png,988,790.5,312.8,27.4,962
9/6/2019 12:23,datasets/dataset_cropped/09_Metas/06/12/20190906122300_00160.jpg,datasets_flow/dataset_cropped/09_Metas/06/12/20190906122300_00160.jpg,datasets_cloudmask/dataset_cropped/09_Metas/06/12/20190906122300_00160.png,988,790,313.9,27.6,962
9/6/2019 12:24,datasets/dataset_cropped/09_Metas/06/12/20190906122400_00160.jpg,datasets_flow/dataset_cropped/09_Metas/06/12/20190906122400_00160.jpg,datasets_cloudmask/dataset_cropped/09_Metas/06/12/20190906122400_00160.png,982,784.9,312.3,27.9,962
9/6/2019 12:25,datasets/dataset_cropped/09_Metas/06/12/20190906122500_00160.jpg,datasets_flow/dataset_cropped/09_Metas/06/12/20190906122500_00160.jpg,datasets_cloudmask/dataset_cropped/09_Metas/06/12/20190906122500_00160.png,981,783.8,312.7,28.5,962
9/6/2019 12:26,datasets/dataset_cropped/09_Metas/06/12/20190906122600_00160.jpg,datasets_flow/dataset_cropped/09_Metas/06/12/20190906122600_00160.jpg,datasets_cloudmask/dataset_cropped/09_Metas/06/12/20190906122600_00160.png,993,790.3,319.6,28,962
9/6/2019 12:27,datasets/dataset_cropped/09_Metas/06/12/20190906122700_00160.jpg,datasets_flow/dataset_cropped/09_Metas/06/12/20190906122700_00160.jpg,datasets_cloudmask/dataset_cropped/09_Metas/06/12/20190906122700_00160.png,1005,792.6,328.2,27.8,962
9/6/2019 12:28,datasets/dataset_cropped/09_Metas/06/12/20190906122800_00160.jpg,datasets_flow/dataset_cropped/09_Metas/06/12/20190906122800_00160.jpg,datasets_cloudmask/dataset_cropped/09_Metas/06/12/20190906122800_00160.png,940,707.9,331.2,27.7,962
9/6/2019 12:29,datasets/dataset_cropped/09_Metas/06/12/20190906122900_00160.jpg,datasets_flow/dataset_cropped/09_Metas/06/12/20190906122900_00160.jpg,datasets_cloudmask/dataset_cropped/09_Metas/06/12/20190906122900_00160.png,532.2,233.2,320.3,27.5,962
9/6/2019 12:30,datasets/dataset_cropped/09_Metas/06/12/20190906123000_00160.jpg,datasets_flow/dataset_cropped/09_Metas/06/12/20190906123000_00160.jpg,datasets_cloudmask/dataset_cropped/09_Metas/06/12/20190906123000_00160.png,312,1.6,307.6,27.5,962
9/6/2019 12:31,datasets/dataset_cropped/09_Metas/06/12/20190906123100_00160.jpg,datasets_flow/dataset_cropped/09_Metas/06/12/20190906123100_00160.jpg,datasets_cloudmask/dataset_cropped/09_Metas/06/12/20190906123100_00160.png,308.4,0,305.1,27.4,962
9/6/2019 12:32,datasets/dataset_cropped/09_Metas/06/12/20190906123200_00160.jpg,datasets_flow/dataset_cropped/09_Metas/06/12/20190906123200_00160.jpg,datasets_cloudmask/dataset_cropped/09_Metas/06/12/20190906123200_00160.png,317,0,313.3,27.5,962
9/6/2019 12:33,datasets/dataset_cropped/09_Metas/06/12/20190906123300_00160.jpg,datasets_flow/dataset_cropped/09_Metas/06/12/20190906123300_00160.jpg,datasets_cloudmask/dataset_cropped/09_Metas/06/12/20190906123300_00160.png,317.5,0,313.9,27.2,962
9/6/2019 12:34,datasets/dataset_cropped/09_Metas/06/12/20190906123400_00160.jpg,datasets_flow/dataset_cropped/09_Metas/06/12/20190906123400_00160.jpg,datasets_cloudmask/dataset_cropped/09_Metas/06/12/20190906123400_00160.png,328,0,324.3,26.9,962
9/6/2019 12:35,datasets/dataset_cropped/09_Metas/06/12/20190906123500_00160.jpg,datasets_flow/dataset_cropped/09_Metas/06/12/20190906123500_00160.jpg,datasets_cloudmask/dataset_cropped/09_Metas/06/12/20190906123500_00160.png,345.1,1,340.6,26.8,962
9/6/2019 12:36,datasets/dataset_cropped/09_Metas/06/12/20190906123600_00160.jpg,datasets_flow/dataset_cropped/09_Metas/06/12/20190906123600_00160.jpg,datasets_cloudmask/dataset_cropped/09_Metas/06/12/20190906123600_00160.png,525.9,165.6,381,26.6,962
9/6/2019 12:37,datasets/dataset_cropped/09_Metas/06/12/20190906123700_00160.jpg,datasets_flow/dataset_cropped/09_Metas/06/12/20190906123700_00160.jpg,datasets_cloudmask/dataset_cropped/09_Metas/06/12/20190906123700_00160.png,991,709.8,385.2,26.5,962
9/6/2019 12:38,datasets/dataset_cropped/09_Metas/06/12/20190906123800_00160.jpg,datasets_flow/dataset_cropped/09_Metas/06/12/20190906123800_00160.jpg,datasets_cloudmask/dataset_cropped/09_Metas/06/12/20190906123800_00160.png,1025,785.6,345.4,26.7,962
9/6/2019 12:39,datasets/dataset_cropped/09_Metas/06/12/20190906123900_00160.jpg,datasets_flow/dataset_cropped/09_Metas/06/12/20190906123900_00160.jpg,datasets_cloudmask/dataset_cropped/09_Metas/06/12/20190906123900_00160.png,1018,794.8,330.3,26.7,962
9/6/2019 12:40,datasets/dataset_cropped/09_Metas/06/12/20190906124000_00160.jpg,datasets_flow/dataset_cropped/09_Metas/06/12/20190906124000_00160.jpg,datasets_cloudmask/dataset_cropped/09_Metas/06/12/20190906124000_00160.png,1010,796.4,322.5,27.1,962
9/6/2019 12:41,datasets/dataset_cropped/09_Metas/06/12/20190906124100_00160.jpg,datasets_flow/dataset_cropped/09_Metas/06/12/20190906124100_00160.jpg,datasets_cloudmask/dataset_cropped/09_Metas/06/12/20190906124100_00160.png,998,807,301.5,27.6,962
9/6/2019 12:42,datasets/dataset_cropped/09_Metas/06/12/20190906124200_00160.jpg,datasets_flow/dataset_cropped/09_Metas/06/12/20190906124200_00160.jpg,datasets_cloudmask/dataset_cropped/09_Metas/06/12/20190906124200_00160.png,982,807,285.4,27.8,962
9/6/2019 12:43,datasets/dataset_cropped/09_Metas/06/12/20190906124300_00160.jpg,datasets_flow/dataset_cropped/09_Metas/06/12/20190906124300_00160.jpg,datasets_cloudmask/dataset_cropped/09_Metas/06/12/20190906124300_00160.png,988,803,294.7,27.4,962
9/6/2019 12:44,datasets/dataset_cropped/09_Metas/06/12/20190906124400_00160.jpg,datasets_flow/dataset_cropped/09_Metas/06/12/20190906124400_00160.jpg,datasets_cloudmask/dataset_cropped/09_Metas/06/12/20190906124400_00160.png,998,809,298.4,27.3,962
9/6/2019 12:45,datasets/dataset_cropped/09_Metas/06/12/20190906124500_00160.jpg,datasets_flow/dataset_cropped/09_Metas/06/12/20190906124500_00160.jpg,datasets_cloudmask/dataset_cropped/09_Metas/06/12/20190906124500_00160.png,1002,812,299.4,27.2,962
9/6/2019 12:46,datasets/dataset_cropped/09_Metas/06/12/20190906124600_00160.jpg,datasets_flow/dataset_cropped/09_Metas/06/12/20190906124600_00160.jpg,datasets_cloudmask/dataset_cropped/09_Metas/06/12/20190906124600_00160.png,1013,817,305.6,27.3,962
9/6/2019 12:47,datasets/dataset_cropped/09_Metas/06/12/20190906124700_00160.jpg,datasets_flow/dataset_cropped/09_Metas/06/12/20190906124700_00160.jpg,datasets_cloudmask/dataset_cropped/09_Metas/06/12/20190906124700_00160.png,1019,817,311.2,27.8,962
9/6/2019 12:48,datasets/dataset_cropped/09_Metas/06/12/20190906124800_00160.jpg,datasets_flow/dataset_cropped/09_Metas/06/12/20190906124800_00160.jpg,datasets_cloudmask/dataset_cropped/09_Metas/06/12/20190906124800_00160.png,971,749.2,321.4,28,962
9/6/2019 12:49,datasets/dataset_cropped/09_Metas/06/12/20190906124900_00160.jpg,datasets_flow/dataset_cropped/09_Metas/06/12/20190906124900_00160.jpg,datasets_cloudmask/dataset_cropped/09_Metas/06/12/20190906124900_00160.png,1018,801,325.8,27.5,962
9/6/2019 12:50,datasets/dataset_cropped/09_Metas/06/12/20190906125000_00160.jpg,datasets_flow/dataset_cropped/09_Metas/06/12/20190906125000_00160.jpg,datasets_cloudmask/dataset_cropped/09_Metas/06/12/20190906125000_00160.png,994,769.9,325.8,27.9,962
9/6/2019 12:51,datasets/dataset_cropped/09_Metas/06/12/20190906125100_00160.jpg,datasets_flow/dataset_cropped/09_Metas/06/12/20190906125100_00160.jpg,datasets_cloudmask/dataset_cropped/09_Metas/06/12/20190906125100_00160.png,997,796.5,308.2,27.9,962
9/6/2019 12:52,datasets/dataset_cropped/09_Metas/06/12/20190906125200_00160.jpg,datasets_flow/dataset_cropped/09_Metas/06/12/20190906125200_00160.jpg,datasets_cloudmask/dataset_cropped/09_Metas/06/12/20190906125200_00160.png,987,803,292.5,27.6,962
9/6/2019 12:53,datasets/dataset_cropped/09_Metas/06/12/20190906125300_00160.jpg,datasets_flow/dataset_cropped/09_Metas/06/12/20190906125300_00160.jpg,datasets_cloudmask/dataset_cropped/09_Metas/06/12/20190906125300_00160.png,976,809,274.7,27.6,962
9/6/2019 12:54,datasets/dataset_cropped/09_Metas/06/12/20190906125400_00160.jpg,datasets_flow/dataset_cropped/09_Metas/06/12/20190906125400_00160.jpg,datasets_cloudmask/dataset_cropped/09_Metas/06/12/20190906125400_00160.png,968,816,260.2,27.8,962
9/6/2019 12:55,datasets/dataset_cropped/09_Metas/06/12/20190906125500_00160.jpg,datasets_flow/dataset_cropped/09_Metas/06/12/20190906125500_00160.jpg,datasets_cloudmask/dataset_cropped/09_Metas/06/12/20190906125500_00160.png,960,817,251.7,27.8,962
9/6/2019 12:56,datasets/dataset_cropped/09_Metas/06/12/20190906125600_00160.jpg,datasets_flow/dataset_cropped/09_Metas/06/12/20190906125600_00160.jpg,datasets_cloudmask/dataset_cropped/09_Metas/06/12/20190906125600_00160.png,956,815,248.7,28.4,962
9/6/2019 12:57,datasets/dataset_cropped/09_Metas/06/12/20190906125700_00160.jpg,datasets_flow/dataset_cropped/09_Metas/06/12/20190906125700_00160.jpg,datasets_cloudmask/dataset_cropped/09_Metas/06/12/20190906125700_00160.png,956,816,248.6,28.3,962
9/6/2019 12:58,datasets/dataset_cropped/09_Metas/06/12/20190906125800_00160.jpg,datasets_flow/dataset_cropped/09_Metas/06/12/20190906125800_00160.jpg,datasets_cloudmask/dataset_cropped/09_Metas/06/12/20190906125800_00160.png,952,820,241,28.4,962
9/6/2019 12:59,datasets/dataset_cropped/09_Metas/06/12/20190906125900_00160.jpg,datasets_flow/dataset_cropped/09_Metas/06/12/20190906125900_00160.jpg,datasets_cloudmask/dataset_cropped/09_Metas/06/12/20190906125900_00160.png,944,822,231.2,28.6,962
9/6/2019 13:00,datasets/dataset_cropped/09_Metas/06/13/20190906130000_00160.jpg,datasets_flow/dataset_cropped/09_Metas/06/13/20190906130000_00160.jpg,datasets_cloudmask/dataset_cropped/09_Metas/06/13/20190906130000_00160.png,938,824,223.7,28.7,962
9/6/2019 13:01,datasets/dataset_cropped/09_Metas/06/13/20190906130100_00160.jpg,datasets_flow/dataset_cropped/09_Metas/06/13/20190906130100_00160.jpg,datasets_cloudmask/dataset_cropped/09_Metas/06/13/20190906130100_00160.png,931,824,216,28.3,962
9/6/2019 13:02,datasets/dataset_cropped/09_Metas/06/13/20190906130200_00160.jpg,datasets_flow/dataset_cropped/09_Metas/06/13/20190906130200_00160.jpg,datasets_cloudmask/dataset_cropped/09_Metas/06/13/20190906130200_00160.png,925,824,210.5,27.8,962
9/6/2019 13:03,datasets/dataset_cropped/09_Metas/06/13/20190906130300_00160.jpg,datasets_flow/dataset_cropped/09_Metas/06/13/20190906130300_00160.jpg,datasets_cloudmask/dataset_cropped/09_Metas/06/13/20190906130300_00160.png,922,823,208.7,27.4,962
9/6/2019 13:04,datasets/dataset_cropped/09_Metas/06/13/20190906130400_00160.jpg,datasets_flow/dataset_cropped/09_Metas/06/13/20190906130400_00160.jpg,datasets_cloudmask/dataset_cropped/09_Metas/06/13/20190906130400_00160.png,924,827,207,27.7,962
9/6/2019 13:05,datasets/dataset_cropped/09_Metas/06/13/20190906130500_00160.jpg,datasets_flow/dataset_cropped/09_Metas/06/13/20190906130500_00160.jpg,datasets_cloudmask/dataset_cropped/09_Metas/06/13/20190906130500_00160.png,920,826,204.3,27.9,962
9/6/2019 13:06,datasets/dataset_cropped/09_Metas/06/13/20190906130600_00160.jpg,datasets_flow/dataset_cropped/09_Metas/06/13/20190906130600_00160.jpg,datasets_cloudmask/dataset_cropped/09_Metas/06/13/20190906130600_00160.png,917,818,208.3,28.5,962
9/6/2019 13:07,datasets/dataset_cropped/09_Metas/06/13/20190906130700_00160.jpg,datasets_flow/dataset_cropped/09_Metas/06/13/20190906130700_00160.jpg,datasets_cloudmask/dataset_cropped/09_Metas/06/13/20190906130700_00160.png,909,801,215.4,28.5,962
9/6/2019 13:08,datasets/dataset_cropped/09_Metas/06/13/20190906130800_00160.jpg,datasets_flow/dataset_cropped/09_Metas/06/13/20190906130800_00160.jpg,datasets_cloudmask/dataset_cropped/09_Metas/06/13/20190906130800_00160.png,925,814,219.8,28.2,962
9/6/2019 13:09,datasets/dataset_cropped/09_Metas/06/13/20190906130900_00160.jpg,datasets_flow/dataset_cropped/09_Metas/06/13/20190906130900_00160.jpg,datasets_cloudmask/dataset_cropped/09_Metas/06/13/20190906130900_00160.png,926,814,220.8,27.8,962
9/6/2019 13:10,datasets/dataset_cropped/09_Metas/06/13/20190906131000_00160.jpg,datasets_flow/dataset_cropped/09_Metas/06/13/20190906131000_00160.jpg,datasets_cloudmask/dataset_cropped/09_Metas/06/13/20190906131000_00160.png,929,806,228.9,27.6,962
9/6/2019 13:11,datasets/dataset_cropped/09_Metas/06/13/20190906131100_00160.jpg,datasets_flow/dataset_cropped/09_Metas/06/13/20190906131100_00160.jpg,datasets_cloudmask/dataset_cropped/09_Metas/06/13/20190906131100_00160.png,942,813,235.1,27.5,962
9/6/2019 13:12,datasets/dataset_cropped/09_Metas/06/13/20190906131200_00160.jpg,datasets_flow/dataset_cropped/09_Metas/06/13/20190906131200_00160.jpg,datasets_cloudmask/dataset_cropped/09_Metas/06/13/20190906131200_00160.png,948,819,235.6,27.5,962
9/6/2019 13:13,datasets/dataset_cropped/09_Metas/06/13/20190906131300_00160.jpg,datasets_flow/dataset_cropped/09_Metas/06/13/20190906131300_00160.jpg,datasets_cloudmask/dataset_cropped/09_Metas/06/13/20190906131300_00160.png,952,814,245.5,27.8,962
9/6/2019 13:14,datasets/dataset_cropped/09_Metas/06/13/20190906131400_00160.jpg,datasets_flow/dataset_cropped/09_Metas/06/13/20190906131400_00160.jpg,datasets_cloudmask/dataset_cropped/09_Metas/06/13/20190906131400_00160.png,820,620,278.3,28,962
9/6/2019 13:15,datasets/dataset_cropped/09_Metas/06/13/20190906131500_00160.jpg,datasets_flow/dataset_cropped/09_Metas/06/13/20190906131500_00160.jpg,datasets_cloudmask/dataset_cropped/09_Metas/06/13/20190906131500_00160.png,913,714.9,290.8,28.2,962
9/6/2019 13:16,datasets/dataset_cropped/09_Metas/06/13/20190906131600_00160.jpg,datasets_flow/dataset_cropped/09_Metas/06/13/20190906131600_00160.jpg,datasets_cloudmask/dataset_cropped/09_Metas/06/13/20190906131600_00160.png,272.7,5.3,264.5,28.2,962
9/6/2019 13:17,datasets/dataset_cropped/09_Metas/06/13/20190906131700_00160.jpg,datasets_flow/dataset_cropped/09_Metas/06/13/20190906131700_00160.jpg,datasets_cloudmask/dataset_cropped/09_Metas/06/13/20190906131700_00160.png,298.1,13.4,282.8,28.3,962
9/6/2019 13:18,datasets/dataset_cropped/09_Metas/06/13/20190906131800_00160.jpg,datasets_flow/dataset_cropped/09_Metas/06/13/20190906131800_00160.jpg,datasets_cloudmask/dataset_cropped/09_Metas/06/13/20190906131800_00160.png,753,503.4,305.5,28.1,962
9/6/2019 13:19,datasets/dataset_cropped/09_Metas/06/13/20190906131900_00160.jpg,datasets_flow/dataset_cropped/09_Metas/06/13/20190906131900_00160.jpg,datasets_cloudmask/dataset_cropped/09_Metas/06/13/20190906131900_00160.png,949,770.9,279.6,28.1,962
9/6/2019 13:20,datasets/dataset_cropped/09_Metas/06/13/20190906132000_00160.jpg,datasets_flow/dataset_cropped/09_Metas/06/13/20190906132000_00160.jpg,datasets_cloudmask/dataset_cropped/09_Metas/06/13/20190906132000_00160.png,972,812,266,28.2,962
9/6/2019 13:21,datasets/dataset_cropped/09_Metas/06/13/20190906132100_00160.jpg,datasets_flow/dataset_cropped/09_Metas/06/13/20190906132100_00160.jpg,datasets_cloudmask/dataset_cropped/09_Metas/06/13/20190906132100_00160.png,983,823,268.5,28.6,962
9/6/2019 13:22,datasets/dataset_cropped/09_Metas/06/13/20190906132200_00160.jpg,datasets_flow/dataset_cropped/09_Metas/06/13/20190906132200_00160.jpg,datasets_cloudmask/dataset_cropped/09_Metas/06/13/20190906132200_00160.png,977,823,264.7,28.9,962
9/6/2019 13:23,datasets/dataset_cropped/09_Metas/06/13/20190906132300_00160.jpg,datasets_flow/dataset_cropped/09_Metas/06/13/20190906132300_00160.jpg,datasets_cloudmask/dataset_cropped/09_Metas/06/13/20190906132300_00160.png,974,824,261.7,28.7,962
9/6/2019 13:24,datasets/dataset_cropped/09_Metas/06/13/20190906132400_00160.jpg,datasets_flow/dataset_cropped/09_Metas/06/13/20190906132400_00160.jpg,datasets_cloudmask/dataset_cropped/09_Metas/06/13/20190906132400_00160.png,952,811,251.5,28.4,962
9/6/2019 13:25,datasets/dataset_cropped/09_Metas/06/13/20190906132500_00160.jpg,datasets_flow/dataset_cropped/09_Metas/06/13/20190906132500_00160.jpg,datasets_cloudmask/dataset_cropped/09_Metas/06/13/20190906132500_00160.png,936,795.7,248,28.3,962
9/6/2019 13:26,datasets/dataset_cropped/09_Metas/06/13/20190906132600_00160.jpg,datasets_flow/dataset_cropped/09_Metas/06/13/20190906132600_00160.jpg,datasets_cloudmask/dataset_cropped/09_Metas/06/13/20190906132600_00160.png,934,793.2,247.9,28.2,962
9/6/2019 13:27,datasets/dataset_cropped/09_Metas/06/13/20190906132700_00160.jpg,datasets_flow/dataset_cropped/09_Metas/06/13/20190906132700_00160.jpg,datasets_cloudmask/dataset_cropped/09_Metas/06/13/20190906132700_00160.png,943,798,252.4,28.1,962
9/6/2019 13:28,datasets/dataset_cropped/09_Metas/06/13/20190906132800_00160.jpg,datasets_flow/dataset_cropped/09_Metas/06/13/20190906132800_00160.jpg,datasets_cloudmask/dataset_cropped/09_Metas/06/13/20190906132800_00160.png,948,801,256.3,28.5,962
9/6/2019 13:29,datasets/dataset_cropped/09_Metas/06/13/20190906132900_00160.jpg,datasets_flow/dataset_cropped/09_Metas/06/13/20190906132900_00160.jpg,datasets_cloudmask/dataset_cropped/09_Metas/06/13/20190906132900_00160.png,946,805,251.2,29,962
9/6/2019 13:30,datasets/dataset_cropped/09_Metas/06/13/20190906133000_00160.jpg,datasets_flow/dataset_cropped/09_Metas/06/13/20190906133000_00160.jpg,datasets_cloudmask/dataset_cropped/09_Metas/06/13/20190906133000_00160.png,958,809,259.4,28.5,962
9/6/2019 13:31,datasets/dataset_cropped/09_Metas/06/13/20190906133100_00160.jpg,datasets_flow/dataset_cropped/09_Metas/06/13/20190906133100_00160.jpg,datasets_cloudmask/dataset_cropped/09_Metas/06/13/20190906133100_00160.png,974,808,277.1,28.4,962
9/6/2019 13:32,datasets/dataset_cropped/09_Metas/06/13/20190906133200_00160.jpg,datasets_flow/dataset_cropped/09_Metas/06/13/20190906133200_00160.jpg,datasets_cloudmask/dataset_cropped/09_Metas/06/13/20190906133200_00160.png,987,809,288.1,28.3,962
9/6/2019 13:33,datasets/dataset_cropped/09_Metas/06/13/20190906133300_00160.jpg,datasets_flow/dataset_cropped/09_Metas/06/13/20190906133300_00160.jpg,datasets_cloudmask/dataset_cropped/09_Metas/06/13/20190906133300_00160.png,985,800,294.7,27.8,962
9/6/2019 13:34,datasets/dataset_cropped/09_Metas/06/13/20190906133400_00160.jpg,datasets_flow/dataset_cropped/09_Metas/06/13/20190906133400_00160.jpg,datasets_cloudmask/dataset_cropped/09_Metas/06/13/20190906133400_00160.png,996,803,303.7,27.9,962
9/6/2019 13:35,datasets/dataset_cropped/09_Metas/06/13/20190906133500_00160.jpg,datasets_flow/dataset_cropped/09_Metas/06/13/20190906133500_00160.jpg,datasets_cloudmask/dataset_cropped/09_Metas/06/13/20190906133500_00160.png,1010,806,315.8,28,962
9/6/2019 13:36,datasets/dataset_cropped/09_Metas/06/13/20190906133600_00160.jpg,datasets_flow/dataset_cropped/09_Metas/06/13/20190906133600_00160.jpg,datasets_cloudmask/dataset_cropped/09_Metas/06/13/20190906133600_00160.png,1010,801,320.9,28.1,962
9/6/2019 13:37,datasets/dataset_cropped/09_Metas/06/13/20190906133700_00160.jpg,datasets_flow/dataset_cropped/09_Metas/06/13/20190906133700_00160.jpg,datasets_cloudmask/dataset_cropped/09_Metas/06/13/20190906133700_00160.png,1001,802,311.6,28.7,962
9/6/2019 13:38,datasets/dataset_cropped/09_Metas/06/13/20190906133800_00160.jpg,datasets_flow/dataset_cropped/09_Metas/06/13/20190906133800_00160.jpg,datasets_cloudmask/dataset_cropped/09_Metas/06/13/20190906133800_00160.png,986,801,297.6,28.5,962
9/6/2019 13:39,datasets/dataset_cropped/09_Metas/06/13/20190906133900_00160.jpg,datasets_flow/dataset_cropped/09_Metas/06/13/20190906133900_00160.jpg,datasets_cloudmask/dataset_cropped/09_Metas/06/13/20190906133900_00160.png,986,807,291.8,28.1,962
9/6/2019 13:40,datasets/dataset_cropped/09_Metas/06/13/20190906134000_00160.jpg,datasets_flow/dataset_cropped/09_Metas/06/13/20190906134000_00160.jpg,datasets_cloudmask/dataset_cropped/09_Metas/06/13/20190906134000_00160.png,984,792.2,301.8,27.9,962
9/6/2019 13:41,datasets/dataset_cropped/09_Metas/06/13/20190906134100_00160.jpg,datasets_flow/dataset_cropped/09_Metas/06/13/20190906134100_00160.jpg,datasets_cloudmask/dataset_cropped/09_Metas/06/13/20190906134100_00160.png,1008,787.3,331.8,28.2,962
9/6/2019 13:42,datasets/dataset_cropped/09_Metas/06/13/20190906134200_00160.jpg,datasets_flow/dataset_cropped/09_Metas/06/13/20190906134200_00160.jpg,datasets_cloudmask/dataset_cropped/09_Metas/06/13/20190906134200_00160.png,1038,777.6,369.7,28.7,962
9/6/2019 13:43,datasets/dataset_cropped/09_Metas/06/13/20190906134300_00160.jpg,datasets_flow/dataset_cropped/09_Metas/06/13/20190906134300_00160.jpg,datasets_cloudmask/dataset_cropped/09_Metas/06/13/20190906134300_00160.png,537.2,166.7,383.1,28.6,962
9/6/2019 13:44,datasets/dataset_cropped/09_Metas/06/13/20190906134400_00160.jpg,datasets_flow/dataset_cropped/09_Metas/06/13/20190906134400_00160.jpg,datasets_cloudmask/dataset_cropped/09_Metas/06/13/20190906134400_00160.png,796.4,508.2,362.2,28.7,962
9/6/2019 13:45,datasets/dataset_cropped/09_Metas/06/13/20190906134500_00160.jpg,datasets_flow/dataset_cropped/09_Metas/06/13/20190906134500_00160.jpg,datasets_cloudmask/dataset_cropped/09_Metas/06/13/20190906134500_00160.png,560.7,241,351.5,28.1,962
9/6/2019 13:46,datasets/dataset_cropped/09_Metas/06/13/20190906134600_00160.jpg,datasets_flow/dataset_cropped/09_Metas/06/13/20190906134600_00160.jpg,datasets_cloudmask/dataset_cropped/09_Metas/06/13/20190906134600_00160.png,976,709.5,369.3,27.9,962
9/6/2019 13:47,datasets/dataset_cropped/09_Metas/06/13/20190906134700_00160.jpg,datasets_flow/dataset_cropped/09_Metas/06/13/20190906134700_00160.jpg,datasets_cloudmask/dataset_cropped/09_Metas/06/13/20190906134700_00160.png,1021,774.6,356.2,27.9,962
9/6/2019 13:48,datasets/dataset_cropped/09_Metas/06/13/20190906134800_00160.jpg,datasets_flow/dataset_cropped/09_Metas/06/13/20190906134800_00160.jpg,datasets_cloudmask/dataset_cropped/09_Metas/06/13/20190906134800_00160.png,1030,803,341.6,28.1,962
9/6/2019 13:49,datasets/dataset_cropped/09_Metas/06/13/20190906134900_00160.jpg,datasets_flow/dataset_cropped/09_Metas/06/13/20190906134900_00160.jpg,datasets_cloudmask/dataset_cropped/09_Metas/06/13/20190906134900_00160.png,1019,788.8,345.1,28.5,962
9/6/2019 13:50,datasets/dataset_cropped/09_Metas/06/13/20190906135000_00160.jpg,datasets_flow/dataset_cropped/09_Metas/06/13/20190906135000_00160.jpg,datasets_cloudmask/dataset_cropped/09_Metas/06/13/20190906135000_00160.png,1013,775.3,351.6,28.4,962
9/6/2019 13:51,datasets/dataset_cropped/09_Metas/06/13/20190906135100_00160.jpg,datasets_flow/dataset_cropped/09_Metas/06/13/20190906135100_00160.jpg,datasets_cloudmask/dataset_cropped/09_Metas/06/13/20190906135100_00160.png,956,730,336.2,28.6,962
9/6/2019 13:52,datasets/dataset_cropped/09_Metas/06/13/20190906135200_00160.jpg,datasets_flow/dataset_cropped/09_Metas/06/13/20190906135200_00160.jpg,datasets_cloudmask/dataset_cropped/09_Metas/06/13/20190906135200_00160.png,821,592.6,323,28.5,962
9/6/2019 13:53,datasets/dataset_cropped/09_Metas/06/13/20190906135300_00160.jpg,datasets_flow/dataset_cropped/09_Metas/06/13/20190906135300_00160.jpg,datasets_cloudmask/dataset_cropped/09_Metas/06/13/20190906135300_00160.png,903,683.8,317.9,28.1,961
9/6/2019 13:54,datasets/dataset_cropped/09_Metas/06/13/20190906135400_00160.jpg,datasets_flow/dataset_cropped/09_Metas/06/13/20190906135400_00160.jpg,datasets_cloudmask/dataset_cropped/09_Metas/06/13/20190906135400_00160.png,1003,798.4,324.1,28,961
9/6/2019 13:55,datasets/dataset_cropped/09_Metas/06/13/20190906135500_00160.jpg,datasets_flow/dataset_cropped/09_Metas/06/13/20190906135500_00160.jpg,datasets_cloudmask/dataset_cropped/09_Metas/06/13/20190906135500_00160.png,910,685.1,327.9,28,961
9/6/2019 13:56,datasets/dataset_cropped/09_Metas/06/13/20190906135600_00160.jpg,datasets_flow/dataset_cropped/09_Metas/06/13/20190906135600_00160.jpg,datasets_cloudmask/dataset_cropped/09_Metas/06/13/20190906135600_00160.png,859,645,310.3,28.7,961
9/6/2019 13:57,datasets/dataset_cropped/09_Metas/06/13/20190906135700_00160.jpg,datasets_flow/dataset_cropped/09_Metas/06/13/20190906135700_00160.jpg,datasets_cloudmask/dataset_cropped/09_Metas/06/13/20190906135700_00160.png,967,788.2,297.3,28.5,961
9/6/2019 13:58,datasets/dataset_cropped/09_Metas/06/13/20190906135800_00160.jpg,datasets_flow/dataset_cropped/09_Metas/06/13/20190906135800_00160.jpg,datasets_cloudmask/dataset_cropped/09_Metas/06/13/20190906135800_00160.png,967,781.6,303.1,28.6,961
9/6/2019 13:59,datasets/dataset_cropped/09_Metas/06/13/20190906135900_00160.jpg,datasets_flow/dataset_cropped/09_Metas/06/13/20190906135900_00160.jpg,datasets_cloudmask/dataset_cropped/09_Metas/06/13/20190906135900_00160.png,934,734.8,305.4,29,961
9/6/2019 14:00,datasets/dataset_cropped/09_Metas/06/14/20190906140000_00160.jpg,datasets_flow/dataset_cropped/09_Metas/06/14/20190906140000_00160.jpg,datasets_cloudmask/dataset_cropped/09_Metas/06/14/20190906140000_00160.png,737.5,494.1,314.6,28.9,961
9/6/2019 14:01,datasets/dataset_cropped/09_Metas/06/14/20190906140100_00160.jpg,datasets_flow/dataset_cropped/09_Metas/06/14/20190906140100_00160.jpg,datasets_cloudmask/dataset_cropped/09_Metas/06/14/20190906140100_00160.png,982,766.7,331.2,28.7,961
9/6/2019 14:02,datasets/dataset_cropped/09_Metas/06/14/20190906140200_00160.jpg,datasets_flow/dataset_cropped/09_Metas/06/14/20190906140200_00160.jpg,datasets_cloudmask/dataset_cropped/09_Metas/06/14/20190906140200_00160.png,999,797.1,323.3,29.2,961
9/6/2019 14:03,datasets/dataset_cropped/09_Metas/06/14/20190906140300_00160.jpg,datasets_flow/dataset_cropped/09_Metas/06/14/20190906140300_00160.jpg,datasets_cloudmask/dataset_cropped/09_Metas/06/14/20190906140300_00160.png,907,699.5,316,29.1,961
9/6/2019 14:04,datasets/dataset_cropped/09_Metas/06/14/20190906140400_00160.jpg,datasets_flow/dataset_cropped/09_Metas/06/14/20190906140400_00160.jpg,datasets_cloudmask/dataset_cropped/09_Metas/06/14/20190906140400_00160.png,925,736.7,310.3,28.9,961
9/6/2019 14:05,datasets/dataset_cropped/09_Metas/06/14/20190906140500_00160.jpg,datasets_flow/dataset_cropped/09_Metas/06/14/20190906140500_00160.jpg,datasets_cloudmask/dataset_cropped/09_Metas/06/14/20190906140500_00160.png,943,770.5,296.9,28.7,961
9/6/2019 14:06,datasets/dataset_cropped/09_Metas/06/14/20190906140600_00160.jpg,datasets_flow/dataset_cropped/09_Metas/06/14/20190906140600_00160.jpg,datasets_cloudmask/dataset_cropped/09_Metas/06/14/20190906140600_00160.png,979,812,294.5,28.9,961
9/6/2019 14:07,datasets/dataset_cropped/09_Metas/06/14/20190906140700_00160.jpg,datasets_flow/dataset_cropped/09_Metas/06/14/20190906140700_00160.jpg,datasets_cloudmask/dataset_cropped/09_Metas/06/14/20190906140700_00160.png,988,814,303.6,28.9,961
9/6/2019 14:08,datasets/dataset_cropped/09_Metas/06/14/20190906140800_00160.jpg,datasets_flow/dataset_cropped/09_Metas/06/14/20190906140800_00160.jpg,datasets_cloudmask/dataset_cropped/09_Metas/06/14/20190906140800_00160.png,1006,810,326.1,29,961
9/6/2019 14:09,datasets/dataset_cropped/09_Metas/06/14/20190906140900_00160.jpg,datasets_flow/dataset_cropped/09_Metas/06/14/20190906140900_00160.jpg,datasets_cloudmask/dataset_cropped/09_Metas/06/14/20190906140900_00160.png,1025,808,347,28.8,961
9/6/2019 14:10,datasets/dataset_cropped/09_Metas/06/14/20190906141000_00160.jpg,datasets_flow/dataset_cropped/09_Metas/06/14/20190906141000_00160.jpg,datasets_cloudmask/dataset_cropped/09_Metas/06/14/20190906141000_00160.png,927,682.9,362.8,28.6,961
9/6/2019 14:11,datasets/dataset_cropped/09_Metas/06/14/20190906141100_00160.jpg,datasets_flow/dataset_cropped/09_Metas/06/14/20190906141100_00160.jpg,datasets_cloudmask/dataset_cropped/09_Metas/06/14/20190906141100_00160.png,576.5,253.4,372.4,28.1,961
9/6/2019 14:12,datasets/dataset_cropped/09_Metas/06/14/20190906141200_00160.jpg,datasets_flow/dataset_cropped/09_Metas/06/14/20190906141200_00160.jpg,datasets_cloudmask/dataset_cropped/09_Metas/06/14/20190906141200_00160.png,380.7,13.8,367.9,28.4,961
9/6/2019 14:13,datasets/dataset_cropped/09_Metas/06/14/20190906141300_00160.jpg,datasets_flow/dataset_cropped/09_Metas/06/14/20190906141300_00160.jpg,datasets_cloudmask/dataset_cropped/09_Metas/06/14/20190906141300_00160.png,462.8,106,372.1,28.4,961
9/6/2019 14:14,datasets/dataset_cropped/09_Metas/06/14/20190906141400_00160.jpg,datasets_flow/dataset_cropped/09_Metas/06/14/20190906141400_00160.jpg,datasets_cloudmask/dataset_cropped/09_Metas/06/14/20190906141400_00160.png,449.9,80.3,378.2,27.9,961
9/6/2019 14:15,datasets/dataset_cropped/09_Metas/06/14/20190906141500_00160.jpg,datasets_flow/dataset_cropped/09_Metas/06/14/20190906141500_00160.jpg,datasets_cloudmask/dataset_cropped/09_Metas/06/14/20190906141500_00160.png,363,1.1,359.1,27.7,961
9/6/2019 14:16,datasets/dataset_cropped/09_Metas/06/14/20190906141600_00160.jpg,datasets_flow/dataset_cropped/09_Metas/06/14/20190906141600_00160.jpg,datasets_cloudmask/dataset_cropped/09_Metas/06/14/20190906141600_00160.png,331.1,0,328.5,28,961
9/6/2019 14:17,datasets/dataset_cropped/09_Metas/06/14/20190906141700_00160.jpg,datasets_flow/dataset_cropped/09_Metas/06/14/20190906141700_00160.jpg,datasets_cloudmask/dataset_cropped/09_Metas/06/14/20190906141700_00160.png,327.5,0,325.1,28.5,961
9/6/2019 14:18,datasets/dataset_cropped/09_Metas/06/14/20190906141800_00160.jpg,datasets_flow/dataset_cropped/09_Metas/06/14/20190906141800_00160.jpg,datasets_cloudmask/dataset_cropped/09_Metas/06/14/20190906141800_00160.png,324.4,0,322.5,28.6,961
9/6/2019 14:19,datasets/dataset_cropped/09_Metas/06/14/20190906141900_00160.jpg,datasets_flow/dataset_cropped/09_Metas/06/14/20190906141900_00160.jpg,datasets_cloudmask/dataset_cropped/09_Metas/06/14/20190906141900_00160.png,378.8,67.6,318.3,28.4,961
9/6/2019 14:20,datasets/dataset_cropped/09_Metas/06/14/20190906142000_00160.jpg,datasets_flow/dataset_cropped/09_Metas/06/14/20190906142000_00160.jpg,datasets_cloudmask/dataset_cropped/09_Metas/06/14/20190906142000_00160.png,534.8,228.2,322.5,28.1,961
9/6/2019 14:21,datasets/dataset_cropped/09_Metas/06/14/20190906142100_00160.jpg,datasets_flow/dataset_cropped/09_Metas/06/14/20190906142100_00160.jpg,datasets_cloudmask/dataset_cropped/09_Metas/06/14/20190906142100_00160.png,370,41.3,323.5,27.9,961
9/6/2019 14:22,datasets/dataset_cropped/09_Metas/06/14/20190906142200_00160.jpg,datasets_flow/dataset_cropped/09_Metas/06/14/20190906142200_00160.jpg,datasets_cloudmask/dataset_cropped/09_Metas/06/14/20190906142200_00160.png,343.3,11,330.7,27.8,961
9/6/2019 14:23,datasets/dataset_cropped/09_Metas/06/14/20190906142300_00160.jpg,datasets_flow/dataset_cropped/09_Metas/06/14/20190906142300_00160.jpg,datasets_cloudmask/dataset_cropped/09_Metas/06/14/20190906142300_00160.png,497.8,189.6,338.1,27.7,961
9/6/2019 14:24,datasets/dataset_cropped/09_Metas/06/14/20190906142400_00160.jpg,datasets_flow/dataset_cropped/09_Metas/06/14/20190906142400_00160.jpg,datasets_cloudmask/dataset_cropped/09_Metas/06/14/20190906142400_00160.png,305.4,7.1,298.3,27.7,961
9/6/2019 14:25,datasets/dataset_cropped/09_Metas/06/14/20190906142500_00160.jpg,datasets_flow/dataset_cropped/09_Metas/06/14/20190906142500_00160.jpg,datasets_cloudmask/dataset_cropped/09_Metas/06/14/20190906142500_00160.png,294.1,0.1,292.9,27.8,961
9/6/2019 14:26,datasets/dataset_cropped/09_Metas/06/14/20190906142600_00160.jpg,datasets_flow/dataset_cropped/09_Metas/06/14/20190906142600_00160.jpg,datasets_cloudmask/dataset_cropped/09_Metas/06/14/20190906142600_00160.png,299.1,0.1,297.7,28,961
9/6/2019 14:27,datasets/dataset_cropped/09_Metas/06/14/20190906142700_00160.jpg,datasets_flow/dataset_cropped/09_Metas/06/14/20190906142700_00160.jpg,datasets_cloudmask/dataset_cropped/09_Metas/06/14/20190906142700_00160.png,312.3,0,310.2,28.3,961
9/6/2019 14:28,datasets/dataset_cropped/09_Metas/06/14/20190906142800_00160.jpg,datasets_flow/dataset_cropped/09_Metas/06/14/20190906142800_00160.jpg,datasets_cloudmask/dataset_cropped/09_Metas/06/14/20190906142800_00160.png,326.3,4.9,318.6,28.1,961
9/6/2019 14:29,datasets/dataset_cropped/09_Metas/06/14/20190906142900_00160.jpg,datasets_flow/dataset_cropped/09_Metas/06/14/20190906142900_00160.jpg,datasets_cloudmask/dataset_cropped/09_Metas/06/14/20190906142900_00160.png,646.9,338.3,367.5,28,961
9/6/2019 14:30,datasets/dataset_cropped/09_Metas/06/14/20190906143000_00160.jpg,datasets_flow/dataset_cropped/09_Metas/06/14/20190906143000_00160.jpg,datasets_cloudmask/dataset_cropped/09_Metas/06/14/20190906143000_00160.png,725.8,420.3,379.2,28.4,961
9/6/2019 14:31,datasets/dataset_cropped/09_Metas/06/14/20190906143100_00160.jpg,datasets_flow/dataset_cropped/09_Metas/06/14/20190906143100_00160.jpg,datasets_cloudmask/dataset_cropped/09_Metas/06/14/20190906143100_00160.png,1029,792.4,383,28.3,961
9/6/2019 14:32,datasets/dataset_cropped/09_Metas/06/14/20190906143200_00160.jpg,datasets_flow/dataset_cropped/09_Metas/06/14/20190906143200_00160.jpg,datasets_cloudmask/dataset_cropped/09_Metas/06/14/20190906143200_00160.png,1003,746.3,396.6,28.2,961
9/6/2019 14:33,datasets/dataset_cropped/09_Metas/06/14/20190906143300_00160.jpg,datasets_flow/dataset_cropped/09_Metas/06/14/20190906143300_00160.jpg,datasets_cloudmask/dataset_cropped/09_Metas/06/14/20190906143300_00160.png,965,707.1,394.3,28.6,961
9/6/2019 14:34,datasets/dataset_cropped/09_Metas/06/14/20190906143400_00160.jpg,datasets_flow/dataset_cropped/09_Metas/06/14/20190906143400_00160.jpg,datasets_cloudmask/dataset_cropped/09_Metas/06/14/20190906143400_00160.png,994,756.5,379.6,28.7,961
9/6/2019 14:35,datasets/dataset_cropped/09_Metas/06/14/20190906143500_00160.jpg,datasets_flow/dataset_cropped/09_Metas/06/14/20190906143500_00160.jpg,datasets_cloudmask/dataset_cropped/09_Metas/06/14/20190906143500_00160.png,698.4,427,339,29,961
9/6/2019 14:36,datasets/dataset_cropped/09_Metas/06/14/20190906143600_00160.jpg,datasets_flow/dataset_cropped/09_Metas/06/14/20190906143600_00160.jpg,datasets_cloudmask/dataset_cropped/09_Metas/06/14/20190906143600_00160.png,391.7,86.1,323.6,28.9,961
9/6/2019 14:37,datasets/dataset_cropped/09_Metas/06/14/20190906143700_00160.jpg,datasets_flow/dataset_cropped/09_Metas/06/14/20190906143700_00160.jpg,datasets_cloudmask/dataset_cropped/09_Metas/06/14/20190906143700_00160.png,615.8,355.2,320,28.6,961
9/6/2019 14:38,datasets/dataset_cropped/09_Metas/06/14/20190906143800_00160.jpg,datasets_flow/dataset_cropped/09_Metas/06/14/20190906143800_00160.jpg,datasets_cloudmask/dataset_cropped/09_Metas/06/14/20190906143800_00160.png,895,727.9,312.4,28.3,961
9/6/2019 14:39,datasets/dataset_cropped/09_Metas/06/14/20190906143900_00160.jpg,datasets_flow/dataset_cropped/09_Metas/06/14/20190906143900_00160.jpg,datasets_cloudmask/dataset_cropped/09_Metas/06/14/20190906143900_00160.png,943,776.1,318.9,28.2,961
9/6/2019 14:40,datasets/dataset_cropped/09_Metas/06/14/20190906144000_00160.jpg,datasets_flow/dataset_cropped/09_Metas/06/14/20190906144000_00160.jpg,datasets_cloudmask/dataset_cropped/09_Metas/06/14/20190906144000_00160.png,799.9,563.3,336.3,28.1,961
9/6/2019 14:41,datasets/dataset_cropped/09_Metas/06/14/20190906144100_00160.jpg,datasets_flow/dataset_cropped/09_Metas/06/14/20190906144100_00160.jpg,datasets_cloudmask/dataset_cropped/09_Metas/06/14/20190906144100_00160.png,509.9,198.2,332.5,28.3,961
9/6/2019 14:42,datasets/dataset_cropped/09_Metas/06/14/20190906144200_00160.jpg,datasets_flow/dataset_cropped/09_Metas/06/14/20190906144200_00160.jpg,datasets_cloudmask/dataset_cropped/09_Metas/06/14/20190906144200_00160.png,376.9,72.9,315.9,28.2,961
9/6/2019 14:43,datasets/dataset_cropped/09_Metas/06/14/20190906144300_00160.jpg,datasets_flow/dataset_cropped/09_Metas/06/14/20190906144300_00160.jpg,datasets_cloudmask/dataset_cropped/09_Metas/06/14/20190906144300_00160.png,412.7,114.7,321.8,28.4,961
9/6/2019 14:44,datasets/dataset_cropped/09_Metas/06/14/20190906144400_00160.jpg,datasets_flow/dataset_cropped/09_Metas/06/14/20190906144400_00160.jpg,datasets_cloudmask/dataset_cropped/09_Metas/06/14/20190906144400_00160.png,419.5,124.3,324.9,28.3,961
9/6/2019 14:45,datasets/dataset_cropped/09_Metas/06/14/20190906144500_00160.jpg,datasets_flow/dataset_cropped/09_Metas/06/14/20190906144500_00160.jpg,datasets_cloudmask/dataset_cropped/09_Metas/06/14/20190906144500_00160.png,335.7,14.9,324.4,27.9,961
9/6/2019 14:46,datasets/dataset_cropped/09_Metas/06/14/20190906144600_00160.jpg,datasets_flow/dataset_cropped/09_Metas/06/14/20190906144600_00160.jpg,datasets_cloudmask/dataset_cropped/09_Metas/06/14/20190906144600_00160.png,311.6,4.3,307.8,27.6,961
9/6/2019 14:47,datasets/dataset_cropped/09_Metas/06/14/20190906144700_00160.jpg,datasets_flow/dataset_cropped/09_Metas/06/14/20190906144700_00160.jpg,datasets_cloudmask/dataset_cropped/09_Metas/06/14/20190906144700_00160.png,345.9,56.1,294.6,27.5,961
9/6/2019 14:48,datasets/dataset_cropped/09_Metas/06/14/20190906144800_00160.jpg,datasets_flow/dataset_cropped/09_Metas/06/14/20190906144800_00160.jpg,datasets_cloudmask/dataset_cropped/09_Metas/06/14/20190906144800_00160.png,275.2,0.5,274.5,27.5,961
9/6/2019 14:49,datasets/dataset_cropped/09_Metas/06/14/20190906144900_00160.jpg,datasets_flow/dataset_cropped/09_Metas/06/14/20190906144900_00160.jpg,datasets_cloudmask/dataset_cropped/09_Metas/06/14/20190906144900_00160.png,266.3,0.3,264.8,27.3,961
9/6/2019 14:50,datasets/dataset_cropped/09_Metas/06/14/20190906145000_00160.jpg,datasets_flow/dataset_cropped/09_Metas/06/14/20190906145000_00160.jpg,datasets_cloudmask/dataset_cropped/09_Metas/06/14/20190906145000_00160.png,260.9,1.1,258.9,27.5,961
9/6/2019 14:51,datasets/dataset_cropped/09_Metas/06/14/20190906145100_00160.jpg,datasets_flow/dataset_cropped/09_Metas/06/14/20190906145100_00160.jpg,datasets_cloudmask/dataset_cropped/09_Metas/06/14/20190906145100_00160.png,286,27.1,266.6,27.6,961
9/6/2019 14:52,datasets/dataset_cropped/09_Metas/06/14/20190906145200_00160.jpg,datasets_flow/dataset_cropped/09_Metas/06/14/20190906145200_00160.jpg,datasets_cloudmask/dataset_cropped/09_Metas/06/14/20190906145200_00160.png,335.6,38.2,305.2,27.5,961
9/6/2019 14:53,datasets/dataset_cropped/09_Metas/06/14/20190906145300_00160.jpg,datasets_flow/dataset_cropped/09_Metas/06/14/20190906145300_00160.jpg,datasets_cloudmask/dataset_cropped/09_Metas/06/14/20190906145300_00160.png,647.8,396.6,339.5,27.9,961
9/6/2019 14:54,datasets/dataset_cropped/09_Metas/06/14/20190906145400_00160.jpg,datasets_flow/dataset_cropped/09_Metas/06/14/20190906145400_00160.jpg,datasets_cloudmask/dataset_cropped/09_Metas/06/14/20190906145400_00160.png,778.3,563.2,329.8,28.4,961
9/6/2019 14:55,datasets/dataset_cropped/09_Metas/06/14/20190906145500_00160.jpg,datasets_flow/dataset_cropped/09_Metas/06/14/20190906145500_00160.jpg,datasets_cloudmask/dataset_cropped/09_Metas/06/14/20190906145500_00160.png,850,699.5,300.8,28.7,961
9/6/2019 14:56,datasets/dataset_cropped/09_Metas/06/14/20190906145600_00160.jpg,datasets_flow/dataset_cropped/09_Metas/06/14/20190906145600_00160.jpg,datasets_cloudmask/dataset_cropped/09_Metas/06/14/20190906145600_00160.png,359.1,126.7,260.3,28.7,961
9/6/2019 14:57,datasets/dataset_cropped/09_Metas/06/14/20190906145700_00160.jpg,datasets_flow/dataset_cropped/09_Metas/06/14/20190906145700_00160.jpg,datasets_cloudmask/dataset_cropped/09_Metas/06/14/20190906145700_00160.png,247.1,6.9,242.1,28.9,961
9/6/2019 14:58,datasets/dataset_cropped/09_Metas/06/14/20190906145800_00160.jpg,datasets_flow/dataset_cropped/09_Metas/06/14/20190906145800_00160.jpg,datasets_cloudmask/dataset_cropped/09_Metas/06/14/20190906145800_00160.png,226.1,1,226,28.5,961
9/6/2019 14:59,datasets/dataset_cropped/09_Metas/06/14/20190906145900_00160.jpg,datasets_flow/dataset_cropped/09_Metas/06/14/20190906145900_00160.jpg,datasets_cloudmask/dataset_cropped/09_Metas/06/14/20190906145900_00160.png,212,0,211.9,27.9,961
9/6/2019 15:00,datasets/dataset_cropped/09_Metas/06/15/20190906150000_00160.jpg,datasets_flow/dataset_cropped/09_Metas/06/15/20190906150000_00160.jpg,datasets_cloudmask/dataset_cropped/09_Metas/06/15/20190906150000_00160.png,203.6,0,203.4,27.7,961
9/6/2019 15:01,datasets/dataset_cropped/09_Metas/06/15/20190906150100_00160.jpg,datasets_flow/dataset_cropped/09_Metas/06/15/20190906150100_00160.jpg,datasets_cloudmask/dataset_cropped/09_Metas/06/15/20190906150100_00160.png,192.1,0,191.8,27.6,961
9/6/2019 15:02,datasets/dataset_cropped/09_Metas/06/15/20190906150200_00160.jpg,datasets_flow/dataset_cropped/09_Metas/06/15/20190906150200_00160.jpg,datasets_cloudmask/dataset_cropped/09_Metas/06/15/20190906150200_00160.png,184.1,0,183.6,27.7,961
9/6/2019 15:03,datasets/dataset_cropped/09_Metas/06/15/20190906150300_00160.jpg,datasets_flow/dataset_cropped/09_Metas/06/15/20190906150300_00160.jpg,datasets_cloudmask/dataset_cropped/09_Metas/06/15/20190906150300_00160.png,187.2,0,186.5,27.6,961
9/6/2019 15:04,datasets/dataset_cropped/09_Metas/06/15/20190906150400_00160.jpg,datasets_flow/dataset_cropped/09_Metas/06/15/20190906150400_00160.jpg,datasets_cloudmask/dataset_cropped/09_Metas/06/15/20190906150400_00160.png,190.4,0,189.9,27.7,961
9/6/2019 15:05,datasets/dataset_cropped/09_Metas/06/15/20190906150500_00160.jpg,datasets_flow/dataset_cropped/09_Metas/06/15/20190906150500_00160.jpg,datasets_cloudmask/dataset_cropped/09_Metas/06/15/20190906150500_00160.png,194.4,0,193.7,27.7,961
9/6/2019 15:06,datasets/dataset_cropped/09_Metas/06/15/20190906150600_00160.jpg,datasets_flow/dataset_cropped/09_Metas/06/15/20190906150600_00160.jpg,datasets_cloudmask/dataset_cropped/09_Metas/06/15/20190906150600_00160.png,202.3,0,201.5,27.4,961
9/6/2019 15:07,datasets/dataset_cropped/09_Metas/06/15/20190906150700_00160.jpg,datasets_flow/dataset_cropped/09_Metas/06/15/20190906150700_00160.jpg,datasets_cloudmask/dataset_cropped/09_Metas/06/15/20190906150700_00160.png,213.8,0,213.3,27.4,961
9/6/2019 15:08,datasets/dataset_cropped/09_Metas/06/15/20190906150800_00160.jpg,datasets_flow/dataset_cropped/09_Metas/06/15/20190906150800_00160.jpg,datasets_cloudmask/dataset_cropped/09_Metas/06/15/20190906150800_00160.png,216.4,0.1,216.3,27.3,961
9/6/2019 15:09,datasets/dataset_cropped/09_Metas/06/15/20190906150900_00160.jpg,datasets_flow/dataset_cropped/09_Metas/06/15/20190906150900_00160.jpg,datasets_cloudmask/dataset_cropped/09_Metas/06/15/20190906150900_00160.png,215.1,0.1,214.8,27.4,961
9/6/2019 15:10,datasets/dataset_cropped/09_Metas/06/15/20190906151000_00160.jpg,datasets_flow/dataset_cropped/09_Metas/06/15/20190906151000_00160.jpg,datasets_cloudmask/dataset_cropped/09_Metas/06/15/20190906151000_00160.png,213.1,0.2,212.7,27.4,961
9/6/2019 15:11,datasets/dataset_cropped/09_Metas/06/15/20190906151100_00160.jpg,datasets_flow/dataset_cropped/09_Metas/06/15/20190906151100_00160.jpg,datasets_cloudmask/dataset_cropped/09_Metas/06/15/20190906151100_00160.png,209,0.1,208.5,27.2,961
9/6/2019 15:12,datasets/dataset_cropped/09_Metas/06/15/20190906151200_00160.jpg,datasets_flow/dataset_cropped/09_Metas/06/15/20190906151200_00160.jpg,datasets_cloudmask/dataset_cropped/09_Metas/06/15/20190906151200_00160.png,199.2,0,198.7,27.2,961
9/6/2019 15:13,datasets/dataset_cropped/09_Metas/06/15/20190906151300_00160.jpg,datasets_flow/dataset_cropped/09_Metas/06/15/20190906151300_00160.jpg,datasets_cloudmask/dataset_cropped/09_Metas/06/15/20190906151300_00160.png,192.6,0,192.2,27.1,961
9/6/2019 15:14,datasets/dataset_cropped/09_Metas/06/15/20190906151400_00160.jpg,datasets_flow/dataset_cropped/09_Metas/06/15/20190906151400_00160.jpg,datasets_cloudmask/dataset_cropped/09_Metas/06/15/20190906151400_00160.png,196.5,0,196.3,27.3,961
9/6/2019 15:15,datasets/dataset_cropped/09_Metas/06/15/20190906151500_00160.jpg,datasets_flow/dataset_cropped/09_Metas/06/15/20190906151500_00160.jpg,datasets_cloudmask/dataset_cropped/09_Metas/06/15/20190906151500_00160.png,207,0,206.9,27.3,961
9/6/2019 15:16,datasets/dataset_cropped/09_Metas/06/15/20190906151600_00160.jpg,datasets_flow/dataset_cropped/09_Metas/06/15/20190906151600_00160.jpg,datasets_cloudmask/dataset_cropped/09_Metas/06/15/20190906151600_00160.png,224.8,0,224.5,27.2,961
9/6/2019 15:17,datasets/dataset_cropped/09_Metas/06/15/20190906151700_00160.jpg,datasets_flow/dataset_cropped/09_Metas/06/15/20190906151700_00160.jpg,datasets_cloudmask/dataset_cropped/09_Metas/06/15/20190906151700_00160.png,238.9,0,238.1,27.1,961
9/6/2019 15:18,datasets/dataset_cropped/09_Metas/06/15/20190906151800_00160.jpg,datasets_flow/dataset_cropped/09_Metas/06/15/20190906151800_00160.jpg,datasets_cloudmask/dataset_cropped/09_Metas/06/15/20190906151800_00160.png,242.1,0,241,27.2,961
9/6/2019 15:19,datasets/dataset_cropped/09_Metas/06/15/20190906151900_00160.jpg,datasets_flow/dataset_cropped/09_Metas/06/15/20190906151900_00160.jpg,datasets_cloudmask/dataset_cropped/09_Metas/06/15/20190906151900_00160.png,242.4,0.1,241.6,27.3,961
9/6/2019 15:20,datasets/dataset_cropped/09_Metas/06/15/20190906152000_00160.jpg,datasets_flow/dataset_cropped/09_Metas/06/15/20190906152000_00160.jpg,datasets_cloudmask/dataset_cropped/09_Metas/06/15/20190906152000_00160.png,245.3,0.5,245.1,27.4,961
9/6/2019 15:21,datasets/dataset_cropped/09_Metas/06/15/20190906152100_00160.jpg,datasets_flow/dataset_cropped/09_Metas/06/15/20190906152100_00160.jpg,datasets_cloudmask/dataset_cropped/09_Metas/06/15/20190906152100_00160.png,248.9,0.4,248.9,27.3,961
9/6/2019 15:22,datasets/dataset_cropped/09_Metas/06/15/20190906152200_00160.jpg,datasets_flow/dataset_cropped/09_Metas/06/15/20190906152200_00160.jpg,datasets_cloudmask/dataset_cropped/09_Metas/06/15/20190906152200_00160.png,240.4,0.5,240.4,27.6,961
9/6/2019 15:23,datasets/dataset_cropped/09_Metas/06/15/20190906152300_00160.jpg,datasets_flow/dataset_cropped/09_Metas/06/15/20190906152300_00160.jpg,datasets_cloudmask/dataset_cropped/09_Metas/06/15/20190906152300_00160.png,227,0.4,227.2,27.3,961
9/6/2019 15:24,datasets/dataset_cropped/09_Metas/06/15/20190906152400_00160.jpg,datasets_flow/dataset_cropped/09_Metas/06/15/20190906152400_00160.jpg,datasets_cloudmask/dataset_cropped/09_Metas/06/15/20190906152400_00160.png,217.9,0.1,218.2,27.1,961
9/6/2019 15:25,datasets/dataset_cropped/09_Metas/06/15/20190906152500_00160.jpg,datasets_flow/dataset_cropped/09_Metas/06/15/20190906152500_00160.jpg,datasets_cloudmask/dataset_cropped/09_Metas/06/15/20190906152500_00160.png,214,0,214.3,27.1,961
9/6/2019 15:26,datasets/dataset_cropped/09_Metas/06/15/20190906152600_00160.jpg,datasets_flow/dataset_cropped/09_Metas/06/15/20190906152600_00160.jpg,datasets_cloudmask/dataset_cropped/09_Metas/06/15/20190906152600_00160.png,214.7,0,215.1,27.5,961
9/6/2019 15:27,datasets/dataset_cropped/09_Metas/06/15/20190906152700_00160.jpg,datasets_flow/dataset_cropped/09_Metas/06/15/20190906152700_00160.jpg,datasets_cloudmask/dataset_cropped/09_Metas/06/15/20190906152700_00160.png,203,0,203.3,27.5,961
9/6/2019 15:28,datasets/dataset_cropped/09_Metas/06/15/20190906152800_00160.jpg,datasets_flow/dataset_cropped/09_Metas/06/15/20190906152800_00160.jpg,datasets_cloudmask/dataset_cropped/09_Metas/06/15/20190906152800_00160.png,206.9,0,206.5,27.1,961
9/6/2019 15:29,datasets/dataset_cropped/09_Metas/06/15/20190906152900_00160.jpg,datasets_flow/dataset_cropped/09_Metas/06/15/20190906152900_00160.jpg,datasets_cloudmask/dataset_cropped/09_Metas/06/15/20190906152900_00160.png,243,7.4,235.1,26.9,961
9/6/2019 15:30,datasets/dataset_cropped/09_Metas/06/15/20190906153000_00160.jpg,datasets_flow/dataset_cropped/09_Metas/06/15/20190906153000_00160.jpg,datasets_cloudmask/dataset_cropped/09_Metas/06/15/20190906153000_00160.png,607.8,473.8,272,26.9,961
9/6/2019 15:31,datasets/dataset_cropped/09_Metas/06/15/20190906153100_00160.jpg,datasets_flow/dataset_cropped/09_Metas/06/15/20190906153100_00160.jpg,datasets_cloudmask/dataset_cropped/09_Metas/06/15/20190906153100_00160.png,820,736.7,290.2,27,961
9/6/2019 15:32,datasets/dataset_cropped/09_Metas/06/15/20190906153200_00160.jpg,datasets_flow/dataset_cropped/09_Metas/06/15/20190906153200_00160.jpg,datasets_cloudmask/dataset_cropped/09_Metas/06/15/20190906153200_00160.png,795.1,670.4,307.7,27.3,961
9/6/2019 15:33,datasets/dataset_cropped/09_Metas/06/15/20190906153300_00160.jpg,datasets_flow/dataset_cropped/09_Metas/06/15/20190906153300_00160.jpg,datasets_cloudmask/dataset_cropped/09_Metas/06/15/20190906153300_00160.png,839,736.8,313.3,27.5,961
9/6/2019 15:34,datasets/dataset_cropped/09_Metas/06/15/20190906153400_00160.jpg,datasets_flow/dataset_cropped/09_Metas/06/15/20190906153400_00160.jpg,datasets_cloudmask/dataset_cropped/09_Metas/06/15/20190906153400_00160.png,839,731.3,318.8,27.4,961
9/6/2019 15:35,datasets/dataset_cropped/09_Metas/06/15/20190906153500_00160.jpg,datasets_flow/dataset_cropped/09_Metas/06/15/20190906153500_00160.jpg,datasets_cloudmask/dataset_cropped/09_Metas/06/15/20190906153500_00160.png,654.2,496.4,301.8,27.5,960
9/6/2019 15:36,datasets/dataset_cropped/09_Metas/06/15/20190906153600_00160.jpg,datasets_flow/dataset_cropped/09_Metas/06/15/20190906153600_00160.jpg,datasets_cloudmask/dataset_cropped/09_Metas/06/15/20190906153600_00160.png,470.6,299.8,258.2,27.6,960
9/6/2019 15:37,datasets/dataset_cropped/09_Metas/06/15/20190906153700_00160.jpg,datasets_flow/dataset_cropped/09_Metas/06/15/20190906153700_00160.jpg,datasets_cloudmask/dataset_cropped/09_Metas/06/15/20190906153700_00160.png,544.2,442.2,228.5,27.5,960
9/6/2019 15:38,datasets/dataset_cropped/09_Metas/06/15/20190906153800_00160.jpg,datasets_flow/dataset_cropped/09_Metas/06/15/20190906153800_00160.jpg,datasets_cloudmask/dataset_cropped/09_Metas/06/15/20190906153800_00160.png,690.3,682.2,212,27.6,960
9/6/2019 15:39,datasets/dataset_cropped/09_Metas/06/15/20190906153900_00160.jpg,datasets_flow/dataset_cropped/09_Metas/06/15/20190906153900_00160.jpg,datasets_cloudmask/dataset_cropped/09_Metas/06/15/20190906153900_00160.png,668,670.8,198.3,27.6,960
9/6/2019 15:40,datasets/dataset_cropped/09_Metas/06/15/20190906154000_00160.jpg,datasets_flow/dataset_cropped/09_Metas/06/15/20190906154000_00160.jpg,datasets_cloudmask/dataset_cropped/09_Metas/06/15/20190906154000_00160.png,675.7,684.5,197.7,28,960
9/6/2019 15:41,datasets/dataset_cropped/09_Metas/06/15/20190906154100_00160.jpg,datasets_flow/dataset_cropped/09_Metas/06/15/20190906154100_00160.jpg,datasets_cloudmask/dataset_cropped/09_Metas/06/15/20190906154100_00160.png,678.7,656.1,222.6,28.1,960
9/6/2019 15:42,datasets/dataset_cropped/09_Metas/06/15/20190906154200_00160.jpg,datasets_flow/dataset_cropped/09_Metas/06/15/20190906154200_00160.jpg,datasets_cloudmask/dataset_cropped/09_Metas/06/15/20190906154200_00160.png,676.8,610.9,253.6,27.9,960
9/6/2019 15:43,datasets/dataset_cropped/09_Metas/06/15/20190906154300_00160.jpg,datasets_flow/dataset_cropped/09_Metas/06/15/20190906154300_00160.jpg,datasets_cloudmask/dataset_cropped/09_Metas/06/15/20190906154300_00160.png,527,382.1,265,28.1,960
9/6/2019 15:44,datasets/dataset_cropped/09_Metas/06/15/20190906154400_00160.jpg,datasets_flow/dataset_cropped/09_Metas/06/15/20190906154400_00160.jpg,datasets_cloudmask/dataset_cropped/09_Metas/06/15/20190906154400_00160.png,367.3,117.2,285.8,28.2,960
9/6/2019 15:45,datasets/dataset_cropped/09_Metas/06/15/20190906154500_00160.jpg,datasets_flow/dataset_cropped/09_Metas/06/15/20190906154500_00160.jpg,datasets_cloudmask/dataset_cropped/09_Metas/06/15/20190906154500_00160.png,566.5,413.1,281.7,28.4,960
9/6/2019 15:46,datasets/dataset_cropped/09_Metas/06/15/20190906154600_00160.jpg,datasets_flow/dataset_cropped/09_Metas/06/15/20190906154600_00160.jpg,datasets_cloudmask/dataset_cropped/09_Metas/06/15/20190906154600_00160.png,690.6,647.4,246.7,28.4,960
9/6/2019 15:47,datasets/dataset_cropped/09_Metas/06/15/20190906154700_00160.jpg,datasets_flow/dataset_cropped/09_Metas/06/15/20190906154700_00160.jpg,datasets_cloudmask/dataset_cropped/09_Metas/06/15/20190906154700_00160.png,677,664.8,222.5,28.4,960
9/6/2019 15:48,datasets/dataset_cropped/09_Metas/06/15/20190906154800_00160.jpg,datasets_flow/dataset_cropped/09_Metas/06/15/20190906154800_00160.jpg,datasets_cloudmask/dataset_cropped/09_Metas/06/15/20190906154800_00160.png,672.2,675.8,210.7,28.2,960
9/6/2019 15:49,datasets/dataset_cropped/09_Metas/06/15/20190906154900_00160.jpg,datasets_flow/dataset_cropped/09_Metas/06/15/20190906154900_00160.jpg,datasets_cloudmask/dataset_cropped/09_Metas/06/15/20190906154900_00160.png,671.9,684.4,206.3,28.1,960
9/6/2019 15:50,datasets/dataset_cropped/09_Metas/06/15/20190906155000_00160.jpg,datasets_flow/dataset_cropped/09_Metas/06/15/20190906155000_00160.jpg,datasets_cloudmask/dataset_cropped/09_Metas/06/15/20190906155000_00160.png,664.3,670.7,209.6,28.3,960
9/6/2019 15:51,datasets/dataset_cropped/09_Metas/06/15/20190906155100_00160.jpg,datasets_flow/dataset_cropped/09_Metas/06/15/20190906155100_00160.jpg,datasets_cloudmask/dataset_cropped/09_Metas/06/15/20190906155100_00160.png,511.9,416.6,233.7,28.5,960
9/6/2019 15:52,datasets/dataset_cropped/09_Metas/06/15/20190906155200_00160.jpg,datasets_flow/dataset_cropped/09_Metas/06/15/20190906155200_00160.jpg,datasets_cloudmask/dataset_cropped/09_Metas/06/15/20190906155200_00160.png,346.5,143.4,251.1,28.4,960
9/6/2019 15:53,datasets/dataset_cropped/09_Metas/06/15/20190906155300_00160.jpg,datasets_flow/dataset_cropped/09_Metas/06/15/20190906155300_00160.jpg,datasets_cloudmask/dataset_cropped/09_Metas/06/15/20190906155300_00160.png,437,258.8,261.7,28.5,960
9/6/2019 15:54,datasets/dataset_cropped/09_Metas/06/15/20190906155400_00160.jpg,datasets_flow/dataset_cropped/09_Metas/06/15/20190906155400_00160.jpg,datasets_cloudmask/dataset_cropped/09_Metas/06/15/20190906155400_00160.png,739.8,709.8,265.7,28.3,960
9/6/2019 15:55,datasets/dataset_cropped/09_Metas/06/15/20190906155500_00160.jpg,datasets_flow/dataset_cropped/09_Metas/06/15/20190906155500_00160.jpg,datasets_cloudmask/dataset_cropped/09_Metas/06/15/20190906155500_00160.png,633.4,569.3,254.7,28.3,960
9/6/2019 15:56,datasets/dataset_cropped/09_Metas/06/15/20190906155600_00160.jpg,datasets_flow/dataset_cropped/09_Metas/06/15/20190906155600_00160.jpg,datasets_cloudmask/dataset_cropped/09_Metas/06/15/20190906155600_00160.png,705.4,690.5,247.6,28.5,960
9/6/2019 15:57,datasets/dataset_cropped/09_Metas/06/15/20190906155700_00160.jpg,datasets_flow/dataset_cropped/09_Metas/06/15/20190906155700_00160.jpg,datasets_cloudmask/dataset_cropped/09_Metas/06/15/20190906155700_00160.png,687,663.2,250.5,28.9,960
9/6/2019 15:58,datasets/dataset_cropped/09_Metas/06/15/20190906155800_00160.jpg,datasets_flow/dataset_cropped/09_Metas/06/15/20190906155800_00160.jpg,datasets_cloudmask/dataset_cropped/09_Metas/06/15/20190906155800_00160.png,369.8,176.3,253.7,28.4,960
9/6/2019 15:59,datasets/dataset_cropped/09_Metas/06/15/20190906155900_00160.jpg,datasets_flow/dataset_cropped/09_Metas/06/15/20190906155900_00160.jpg,datasets_cloudmask/dataset_cropped/09_Metas/06/15/20190906155900_00160.png,466.3,313.1,257.7,28.2,960
9/6/2019 16:00,datasets/dataset_cropped/09_Metas/06/16/20190906160000_00160.jpg,datasets_flow/dataset_cropped/09_Metas/06/16/20190906160000_00160.jpg,datasets_cloudmask/dataset_cropped/09_Metas/06/16/20190906160000_00160.png,282,27.4,264.9,28.4,960
9/6/2019 16:01,datasets/dataset_cropped/09_Metas/06/16/20190906160100_00160.jpg,datasets_flow/dataset_cropped/09_Metas/06/16/20190906160100_00160.jpg,datasets_cloudmask/dataset_cropped/09_Metas/06/16/20190906160100_00160.png,258.6,4.2,256.5,28.3,960
9/6/2019 16:02,datasets/dataset_cropped/09_Metas/06/16/20190906160200_00160.jpg,datasets_flow/dataset_cropped/09_Metas/06/16/20190906160200_00160.jpg,datasets_cloudmask/dataset_cropped/09_Metas/06/16/20190906160200_00160.png,224.2,0.4,224.2,28.3,960
9/6/2019 16:03,datasets/dataset_cropped/09_Metas/06/16/20190906160300_00160.jpg,datasets_flow/dataset_cropped/09_Metas/06/16/20190906160300_00160.jpg,datasets_cloudmask/dataset_cropped/09_Metas/06/16/20190906160300_00160.png,201.2,0,201.5,28.3,960
9/6/2019 16:04,datasets/dataset_cropped/09_Metas/06/16/20190906160400_00160.jpg,datasets_flow/dataset_cropped/09_Metas/06/16/20190906160400_00160.jpg,datasets_cloudmask/dataset_cropped/09_Metas/06/16/20190906160400_00160.png,191.5,0.1,191.1,28.2,960
9/6/2019 16:05,datasets/dataset_cropped/09_Metas/06/16/20190906160500_00160.jpg,datasets_flow/dataset_cropped/09_Metas/06/16/20190906160500_00160.jpg,datasets_cloudmask/dataset_cropped/09_Metas/06/16/20190906160500_00160.png,200.7,6.6,194,28,960
9/6/2019 16:06,datasets/dataset_cropped/09_Metas/06/16/20190906160600_00160.jpg,datasets_flow/dataset_cropped/09_Metas/06/16/20190906160600_00160.jpg,datasets_cloudmask/dataset_cropped/09_Metas/06/16/20190906160600_00160.png,223.4,9.3,215.5,27.9,960
9/6/2019 16:07,datasets/dataset_cropped/09_Metas/06/16/20190906160700_00160.jpg,datasets_flow/dataset_cropped/09_Metas/06/16/20190906160700_00160.jpg,datasets_cloudmask/dataset_cropped/09_Metas/06/16/20190906160700_00160.png,247.6,20.7,233.2,27.9,960
9/6/2019 16:08,datasets/dataset_cropped/09_Metas/06/16/20190906160800_00160.jpg,datasets_flow/dataset_cropped/09_Metas/06/16/20190906160800_00160.jpg,datasets_cloudmask/dataset_cropped/09_Metas/06/16/20190906160800_00160.png,271.9,35.3,248,28.2,960
9/6/2019 16:09,datasets/dataset_cropped/09_Metas/06/16/20190906160900_00160.jpg,datasets_flow/dataset_cropped/09_Metas/06/16/20190906160900_00160.jpg,datasets_cloudmask/dataset_cropped/09_Metas/06/16/20190906160900_00160.png,478.3,317,277.9,28.6,960
9/6/2019 16:10,datasets/dataset_cropped/09_Metas/06/16/20190906161000_00160.jpg,datasets_flow/dataset_cropped/09_Metas/06/16/20190906161000_00160.jpg,datasets_cloudmask/dataset_cropped/09_Metas/06/16/20190906161000_00160.png,620.1,556.6,268.6,28.5,960
9/6/2019 16:11,datasets/dataset_cropped/09_Metas/06/16/20190906161100_00160.jpg,datasets_flow/dataset_cropped/09_Metas/06/16/20190906161100_00160.jpg,datasets_cloudmask/dataset_cropped/09_Metas/06/16/20190906161100_00160.png,672.7,689.4,238.5,28.4,960
9/6/2019 16:12,datasets/dataset_cropped/09_Metas/06/16/20190906161200_00160.jpg,datasets_flow/dataset_cropped/09_Metas/06/16/20190906161200_00160.jpg,datasets_cloudmask/dataset_cropped/09_Metas/06/16/20190906161200_00160.png,527.7,475,221.7,28.9,960
9/6/2019 16:13,datasets/dataset_cropped/09_Metas/06/16/20190906161300_00160.jpg,datasets_flow/dataset_cropped/09_Metas/06/16/20190906161300_00160.jpg,datasets_cloudmask/dataset_cropped/09_Metas/06/16/20190906161300_00160.png,214.2,14,205,29,960
9/6/2019 16:14,datasets/dataset_cropped/09_Metas/06/16/20190906161400_00160.jpg,datasets_flow/dataset_cropped/09_Metas/06/16/20190906161400_00160.jpg,datasets_cloudmask/dataset_cropped/09_Metas/06/16/20190906161400_00160.png,217.1,36.5,194.2,29,960
9/6/2019 16:15,datasets/dataset_cropped/09_Metas/06/16/20190906161500_00160.jpg,datasets_flow/dataset_cropped/09_Metas/06/16/20190906161500_00160.jpg,datasets_cloudmask/dataset_cropped/09_Metas/06/16/20190906161500_00160.png,259,92.8,194.1,28.9,960
9/6/2019 16:16,datasets/dataset_cropped/09_Metas/06/16/20190906161600_00160.jpg,datasets_flow/dataset_cropped/09_Metas/06/16/20190906161600_00160.jpg,datasets_cloudmask/dataset_cropped/09_Metas/06/16/20190906161600_00160.png,197,2.8,194.6,29,960
9/6/2019 16:17,datasets/dataset_cropped/09_Metas/06/16/20190906161700_00160.jpg,datasets_flow/dataset_cropped/09_Metas/06/16/20190906161700_00160.jpg,datasets_cloudmask/dataset_cropped/09_Metas/06/16/20190906161700_00160.png,194.1,0.2,193.2,28.8,960
9/6/2019 16:18,datasets/dataset_cropped/09_Metas/06/16/20190906161800_00160.jpg,datasets_flow/dataset_cropped/09_Metas/06/16/20190906161800_00160.jpg,datasets_cloudmask/dataset_cropped/09_Metas/06/16/20190906161800_00160.png,183.1,0,182.3,28.8,960
9/6/2019 16:19,datasets/dataset_cropped/09_Metas/06/16/20190906161900_00160.jpg,datasets_flow/dataset_cropped/09_Metas/06/16/20190906161900_00160.jpg,datasets_cloudmask/dataset_cropped/09_Metas/06/16/20190906161900_00160.png,165.1,0,164.6,28.7,960
9/6/2019 16:20,datasets/dataset_cropped/09_Metas/06/16/20190906162000_00160.jpg,datasets_flow/dataset_cropped/09_Metas/06/16/20190906162000_00160.jpg,datasets_cloudmask/dataset_cropped/09_Metas/06/16/20190906162000_00160.png,151.4,0,151,28.2,960
9/6/2019 16:21,datasets/dataset_cropped/09_Metas/06/16/20190906162100_00160.jpg,datasets_flow/dataset_cropped/09_Metas/06/16/20190906162100_00160.jpg,datasets_cloudmask/dataset_cropped/09_Metas/06/16/20190906162100_00160.png,145.6,0,145.3,28.1,960
9/6/2019 16:22,datasets/dataset_cropped/09_Metas/06/16/20190906162200_00160.jpg,datasets_flow/dataset_cropped/09_Metas/06/16/20190906162200_00160.jpg,datasets_cloudmask/dataset_cropped/09_Metas/06/16/20190906162200_00160.png,140.7,0,140.4,27.9,960
9/6/2019 16:23,datasets/dataset_cropped/09_Metas/06/16/20190906162300_00160.jpg,datasets_flow/dataset_cropped/09_Metas/06/16/20190906162300_00160.jpg,datasets_cloudmask/dataset_cropped/09_Metas/06/16/20190906162300_00160.png,131.4,0,131,27.7,960
9/6/2019 16:24,datasets/dataset_cropped/09_Metas/06/16/20190906162400_00160.jpg,datasets_flow/dataset_cropped/09_Metas/06/16/20190906162400_00160.jpg,datasets_cloudmask/dataset_cropped/09_Metas/06/16/20190906162400_00160.png,123.5,0,123.1,27.6,960
9/6/2019 16:25,datasets/dataset_cropped/09_Metas/06/16/20190906162500_00160.jpg,datasets_flow/dataset_cropped/09_Metas/06/16/20190906162500_00160.jpg,datasets_cloudmask/dataset_cropped/09_Metas/06/16/20190906162500_00160.png,117.5,0,117.1,27.6,960
9/6/2019 16:26,datasets/dataset_cropped/09_Metas/06/16/20190906162600_00160.jpg,datasets_flow/dataset_cropped/09_Metas/06/16/20190906162600_00160.jpg,datasets_cloudmask/dataset_cropped/09_Metas/06/16/20190906162600_00160.png,112.5,0,112.1,27.8,960
9/6/2019 16:27,datasets/dataset_cropped/09_Metas/06/16/20190906162700_00160.jpg,datasets_flow/dataset_cropped/09_Metas/06/16/20190906162700_00160.jpg,datasets_cloudmask/dataset_cropped/09_Metas/06/16/20190906162700_00160.png,117.4,0,116.9,27.9,960
9/6/2019 16:28,datasets/dataset_cropped/09_Metas/06/16/20190906162800_00160.jpg,datasets_flow/dataset_cropped/09_Metas/06/16/20190906162800_00160.jpg,datasets_cloudmask/dataset_cropped/09_Metas/06/16/20190906162800_00160.png,132.6,0,132,27.9,960
9/6/2019 16:29,datasets/dataset_cropped/09_Metas/06/16/20190906162900_00160.jpg,datasets_flow/dataset_cropped/09_Metas/06/16/20190906162900_00160.jpg,datasets_cloudmask/dataset_cropped/09_Metas/06/16/20190906162900_00160.png,147.5,0,146.9,27.7,960
9/6/2019 16:30,datasets/dataset_cropped/09_Metas/06/16/20190906163000_00160.jpg,datasets_flow/dataset_cropped/09_Metas/06/16/20190906163000_00160.jpg,datasets_cloudmask/dataset_cropped/09_Metas/06/16/20190906163000_00160.png,153.5,0,153.1,27.8,960
9/6/2019 16:31,datasets/dataset_cropped/09_Metas/06/16/20190906163100_00160.jpg,datasets_flow/dataset_cropped/09_Metas/06/16/20190906163100_00160.jpg,datasets_cloudmask/dataset_cropped/09_Metas/06/16/20190906163100_00160.png,151.6,0,151.4,28,960
9/6/2019 16:32,datasets/dataset_cropped/09_Metas/06/16/20190906163200_00160.jpg,datasets_flow/dataset_cropped/09_Metas/06/16/20190906163200_00160.jpg,datasets_cloudmask/dataset_cropped/09_Metas/06/16/20190906163200_00160.png,145.4,0.1,145.3,28,960
9/6/2019 16:33,datasets/dataset_cropped/09_Metas/06/16/20190906163300_00160.jpg,datasets_flow/dataset_cropped/09_Metas/06/16/20190906163300_00160.jpg,datasets_cloudmask/dataset_cropped/09_Metas/06/16/20190906163300_00160.png,138.2,0.1,137.9,27.9,960
9/6/2019 16:34,datasets/dataset_cropped/09_Metas/06/16/20190906163400_00160.jpg,datasets_flow/dataset_cropped/09_Metas/06/16/20190906163400_00160.jpg,datasets_cloudmask/dataset_cropped/09_Metas/06/16/20190906163400_00160.png,140.9,0.5,140.2,27.7,960
9/6/2019 16:35,datasets/dataset_cropped/09_Metas/06/16/20190906163500_00160.jpg,datasets_flow/dataset_cropped/09_Metas/06/16/20190906163500_00160.jpg,datasets_cloudmask/dataset_cropped/09_Metas/06/16/20190906163500_00160.png,147,5.1,142.8,27.5,960
9/6/2019 16:36,datasets/dataset_cropped/09_Metas/06/16/20190906163600_00160.jpg,datasets_flow/dataset_cropped/09_Metas/06/16/20190906163600_00160.jpg,datasets_cloudmask/dataset_cropped/09_Metas/06/16/20190906163600_00160.png,209.6,122.9,136.8,27.3,960
9/6/2019 16:37,datasets/dataset_cropped/09_Metas/06/16/20190906163700_00160.jpg,datasets_flow/dataset_cropped/09_Metas/06/16/20190906163700_00160.jpg,datasets_cloudmask/dataset_cropped/09_Metas/06/16/20190906163700_00160.png,134.1,3.6,131.2,27.3,960
9/6/2019 16:38,datasets/dataset_cropped/09_Metas/06/16/20190906163800_00160.jpg,datasets_flow/dataset_cropped/09_Metas/06/16/20190906163800_00160.jpg,datasets_cloudmask/dataset_cropped/09_Metas/06/16/20190906163800_00160.png,218.3,155.8,127.2,27.4,960
9/6/2019 16:39,datasets/dataset_cropped/09_Metas/06/16/20190906163900_00160.jpg,datasets_flow/dataset_cropped/09_Metas/06/16/20190906163900_00160.jpg,datasets_cloudmask/dataset_cropped/09_Metas/06/16/20190906163900_00160.png,416.7,516,131.2,27.3,960
9/6/2019 16:40,datasets/dataset_cropped/09_Metas/06/16/20190906164000_00160.jpg,datasets_flow/dataset_cropped/09_Metas/06/16/20190906164000_00160.jpg,datasets_cloudmask/dataset_cropped/09_Metas/06/16/20190906164000_00160.png,491.7,648.8,131.8,27.5,960
9/6/2019 16:41,datasets/dataset_cropped/09_Metas/06/16/20190906164100_00160.jpg,datasets_flow/dataset_cropped/09_Metas/06/16/20190906164100_00160.jpg,datasets_cloudmask/dataset_cropped/09_Metas/06/16/20190906164100_00160.png,507.9,678.7,134.6,27.6,960
9/6/2019 16:42,datasets/dataset_cropped/09_Metas/06/16/20190906164200_00160.jpg,datasets_flow/dataset_cropped/09_Metas/06/16/20190906164200_00160.jpg,datasets_cloudmask/dataset_cropped/09_Metas/06/16/20190906164200_00160.png,396.7,496.6,133.3,27.8,960
9/6/2019 16:43,datasets/dataset_cropped/09_Metas/06/16/20190906164300_00160.jpg,datasets_flow/dataset_cropped/09_Metas/06/16/20190906164300_00160.jpg,datasets_cloudmask/dataset_cropped/09_Metas/06/16/20190906164300_00160.png,421.6,526.2,139.2,27.8,960
9/6/2019 16:44,datasets/dataset_cropped/09_Metas/06/16/20190906164400_00160.jpg,datasets_flow/dataset_cropped/09_Metas/06/16/20190906164400_00160.jpg,datasets_cloudmask/dataset_cropped/09_Metas/06/16/20190906164400_00160.png,488.6,629,149,27.6,960
9/6/2019 16:45,datasets/dataset_cropped/09_Metas/06/16/20190906164500_00160.jpg,datasets_flow/dataset_cropped/09_Metas/06/16/20190906164500_00160.jpg,datasets_cloudmask/dataset_cropped/09_Metas/06/16/20190906164500_00160.png,517.1,666.6,158,27.8,960
9/6/2019 16:46,datasets/dataset_cropped/09_Metas/06/16/20190906164600_00160.jpg,datasets_flow/dataset_cropped/09_Metas/06/16/20190906164600_00160.jpg,datasets_cloudmask/dataset_cropped/09_Metas/06/16/20190906164600_00160.png,503.4,642.2,159.5,27.8,960
9/6/2019 16:47,datasets/dataset_cropped/09_Metas/06/16/20190906164700_00160.jpg,datasets_flow/dataset_cropped/09_Metas/06/16/20190906164700_00160.jpg,datasets_cloudmask/dataset_cropped/09_Metas/06/16/20190906164700_00160.png,452.6,554.7,158.6,28.1,960
9/6/2019 16:48,datasets/dataset_cropped/09_Metas/06/16/20190906164800_00160.jpg,datasets_flow/dataset_cropped/09_Metas/06/16/20190906164800_00160.jpg,datasets_cloudmask/dataset_cropped/09_Metas/06/16/20190906164800_00160.png,164.9,21.5,153.3,28.1,960
9/6/2019 16:49,datasets/dataset_cropped/09_Metas/06/16/20190906164900_00160.jpg,datasets_flow/dataset_cropped/09_Metas/06/16/20190906164900_00160.jpg,datasets_cloudmask/dataset_cropped/09_Metas/06/16/20190906164900_00160.png,267.6,222.5,150.6,28.1,960
9/6/2019 16:50,datasets/dataset_cropped/09_Metas/06/16/20190906165000_00160.jpg,datasets_flow/dataset_cropped/09_Metas/06/16/20190906165000_00160.jpg,datasets_cloudmask/dataset_cropped/09_Metas/06/16/20190906165000_00160.png,348.1,378.7,149.7,28.2,960
9/6/2019 16:51,datasets/dataset_cropped/09_Metas/06/16/20190906165100_00160.jpg,datasets_flow/dataset_cropped/09_Metas/06/16/20190906165100_00160.jpg,datasets_cloudmask/dataset_cropped/09_Metas/06/16/20190906165100_00160.png,266.2,230.2,146.2,28.2,960
9/6/2019 16:52,datasets/dataset_cropped/09_Metas/06/16/20190906165200_00160.jpg,datasets_flow/dataset_cropped/09_Metas/06/16/20190906165200_00160.jpg,datasets_cloudmask/dataset_cropped/09_Metas/06/16/20190906165200_00160.png,145.6,4.6,143,28.2,960
9/6/2019 16:53,datasets/dataset_cropped/09_Metas/06/16/20190906165300_00160.jpg,datasets_flow/dataset_cropped/09_Metas/06/16/20190906165300_00160.jpg,datasets_cloudmask/dataset_cropped/09_Metas/06/16/20190906165300_00160.png,147.5,0.6,146.7,28.4,960
9/6/2019 16:54,datasets/dataset_cropped/09_Metas/06/16/20190906165400_00160.jpg,datasets_flow/dataset_cropped/09_Metas/06/16/20190906165400_00160.jpg,datasets_cloudmask/dataset_cropped/09_Metas/06/16/20190906165400_00160.png,192.5,66.5,155.7,28.6,960
9/6/2019 16:55,datasets/dataset_cropped/09_Metas/06/16/20190906165500_00160.jpg,datasets_flow/dataset_cropped/09_Metas/06/16/20190906165500_00160.jpg,datasets_cloudmask/dataset_cropped/09_Metas/06/16/20190906165500_00160.png,286.5,243.7,162.7,28.2,960
9/6/2019 16:56,datasets/dataset_cropped/09_Metas/06/16/20190906165600_00160.jpg,datasets_flow/dataset_cropped/09_Metas/06/16/20190906165600_00160.jpg,datasets_cloudmask/dataset_cropped/09_Metas/06/16/20190906165600_00160.png,223.9,129.8,158,27.9,960
9/6/2019 16:57,datasets/dataset_cropped/09_Metas/06/16/20190906165700_00160.jpg,datasets_flow/dataset_cropped/09_Metas/06/16/20190906165700_00160.jpg,datasets_cloudmask/dataset_cropped/09_Metas/06/16/20190906165700_00160.png,175.9,57.8,146.7,28,960
9/6/2019 16:58,datasets/dataset_cropped/09_Metas/06/16/20190906165800_00160.jpg,datasets_flow/dataset_cropped/09_Metas/06/16/20190906165800_00160.jpg,datasets_cloudmask/dataset_cropped/09_Metas/06/16/20190906165800_00160.png,131,2.2,129.7,28.2,960
9/6/2019 16:59,datasets/dataset_cropped/09_Metas/06/16/20190906165900_00160.jpg,datasets_flow/dataset_cropped/09_Metas/06/16/20190906165900_00160.jpg,datasets_cloudmask/dataset_cropped/09_Metas/06/16/20190906165900_00160.png,115.5,0.5,115.2,27.9,960
9/6/2019 17:00,datasets/dataset_cropped/09_Metas/06/17/20190906170000_00160.jpg,datasets_flow/dataset_cropped/09_Metas/06/17/20190906170000_00160.jpg,datasets_cloudmask/dataset_cropped/09_Metas/06/17/20190906170000_00160.png,110.7,0,110.4,27.7,960
9/6/2019 17:01,datasets/dataset_cropped/09_Metas/06/17/20190906170100_00160.jpg,datasets_flow/dataset_cropped/09_Metas/06/17/20190906170100_00160.jpg,datasets_cloudmask/dataset_cropped/09_Metas/06/17/20190906170100_00160.png,110.3,0,109.9,27.6,960
9/6/2019 17:02,datasets/dataset_cropped/09_Metas/06/17/20190906170200_00160.jpg,datasets_flow/dataset_cropped/09_Metas/06/17/20190906170200_00160.jpg,datasets_cloudmask/dataset_cropped/09_Metas/06/17/20190906170200_00160.png,105.6,0,105.3,27.4,960
9/6/2019 17:03,datasets/dataset_cropped/09_Metas/06/17/20190906170300_00160.jpg,datasets_flow/dataset_cropped/09_Metas/06/17/20190906170300_00160.jpg,datasets_cloudmask/dataset_cropped/09_Metas/06/17/20190906170300_00160.png,102.5,0,102.2,27.2,960
9/6/2019 17:04,datasets/dataset_cropped/09_Metas/06/17/20190906170400_00160.jpg,datasets_flow/dataset_cropped/09_Metas/06/17/20190906170400_00160.jpg,datasets_cloudmask/dataset_cropped/09_Metas/06/17/20190906170400_00160.png,99.8,0,99.6,27.3,960
9/6/2019 17:05,datasets/dataset_cropped/09_Metas/06/17/20190906170500_00160.jpg,datasets_flow/dataset_cropped/09_Metas/06/17/20190906170500_00160.jpg,datasets_cloudmask/dataset_cropped/09_Metas/06/17/20190906170500_00160.png,96.8,0,96.6,27.4,960
9/6/2019 17:06,datasets/dataset_cropped/09_Metas/06/17/20190906170600_00160.jpg,datasets_flow/dataset_cropped/09_Metas/06/17/20190906170600_00160.jpg,datasets_cloudmask/dataset_cropped/09_Metas/06/17/20190906170600_00160.png,95.4,0,95.1,27.3,960
9/6/2019 17:07,datasets/dataset_cropped/09_Metas/06/17/20190906170700_00160.jpg,datasets_flow/dataset_cropped/09_Metas/06/17/20190906170700_00160.jpg,datasets_cloudmask/dataset_cropped/09_Metas/06/17/20190906170700_00160.png,98.5,1.1,97.1,27.3,960
9/6/2019 17:08,datasets/dataset_cropped/09_Metas/06/17/20190906170800_00160.jpg,datasets_flow/dataset_cropped/09_Metas/06/17/20190906170800_00160.jpg,datasets_cloudmask/dataset_cropped/09_Metas/06/17/20190906170800_00160.png,104.5,0.1,103.8,27.2,960
9/6/2019 17:09,datasets/dataset_cropped/09_Metas/06/17/20190906170900_00160.jpg,datasets_flow/dataset_cropped/09_Metas/06/17/20190906170900_00160.jpg,datasets_cloudmask/dataset_cropped/09_Metas/06/17/20190906170900_00160.png,109,2,107.6,27.2,960
9/6/2019 17:10,datasets/dataset_cropped/09_Metas/06/17/20190906171000_00160.jpg,datasets_flow/dataset_cropped/09_Metas/06/17/20190906171000_00160.jpg,datasets_cloudmask/dataset_cropped/09_Metas/06/17/20190906171000_00160.png,112.7,7.1,108.5,27.1,960
9/6/2019 17:11,datasets/dataset_cropped/09_Metas/06/17/20190906171100_00160.jpg,datasets_flow/dataset_cropped/09_Metas/06/17/20190906171100_00160.jpg,datasets_cloudmask/dataset_cropped/09_Metas/06/17/20190906171100_00160.png,269.7,327.4,114,27,960
9/6/2019 17:12,datasets/dataset_cropped/09_Metas/06/17/20190906171200_00160.jpg,datasets_flow/dataset_cropped/09_Metas/06/17/20190906171200_00160.jpg,datasets_cloudmask/dataset_cropped/09_Metas/06/17/20190906171200_00160.png,334.7,473,114,27.1,960
9/6/2019 17:13,datasets/dataset_cropped/09_Metas/06/17/20190906171300_00160.jpg,datasets_flow/dataset_cropped/09_Metas/06/17/20190906171300_00160.jpg,datasets_cloudmask/dataset_cropped/09_Metas/06/17/20190906171300_00160.png,124.7,33.3,107.6,27.4,960
9/6/2019 17:14,datasets/dataset_cropped/09_Metas/06/17/20190906171400_00160.jpg,datasets_flow/dataset_cropped/09_Metas/06/17/20190906171400_00160.jpg,datasets_cloudmask/dataset_cropped/09_Metas/06/17/20190906171400_00160.png,107.5,6.3,104,27.5,960
9/6/2019 17:15,datasets/dataset_cropped/09_Metas/06/17/20190906171500_00160.jpg,datasets_flow/dataset_cropped/09_Metas/06/17/20190906171500_00160.jpg,datasets_cloudmask/dataset_cropped/09_Metas/06/17/20190906171500_00160.png,105.3,3.3,103.4,27.5,960
9/6/2019 17:16,datasets/dataset_cropped/09_Metas/06/17/20190906171600_00160.jpg,datasets_flow/dataset_cropped/09_Metas/06/17/20190906171600_00160.jpg,datasets_cloudmask/dataset_cropped/09_Metas/06/17/20190906171600_00160.png,111.8,6.3,108.2,27.5,960
9/6/2019 17:17,datasets/dataset_cropped/09_Metas/06/17/20190906171700_00160.jpg,datasets_flow/dataset_cropped/09_Metas/06/17/20190906171700_00160.jpg,datasets_cloudmask/dataset_cropped/09_Metas/06/17/20190906171700_00160.png,111.6,2.7,109.6,27.4,960
9/6/2019 17:18,datasets/dataset_cropped/09_Metas/06/17/20190906171800_00160.jpg,datasets_flow/dataset_cropped/09_Metas/06/17/20190906171800_00160.jpg,datasets_cloudmask/dataset_cropped/09_Metas/06/17/20190906171800_00160.png,110.6,2.7,108.9,27.5,960
9/6/2019 17:19,datasets/dataset_cropped/09_Metas/06/17/20190906171900_00160.jpg,datasets_flow/dataset_cropped/09_Metas/06/17/20190906171900_00160.jpg,datasets_cloudmask/dataset_cropped/09_Metas/06/17/20190906171900_00160.png,131.5,50.8,107.1,27.4,960
9/6/2019 17:20,datasets/dataset_cropped/09_Metas/06/17/20190906172000_00160.jpg,datasets_flow/dataset_cropped/09_Metas/06/17/20190906172000_00160.jpg,datasets_cloudmask/dataset_cropped/09_Metas/06/17/20190906172000_00160.png,126.9,54.3,102,27.2,960
9/6/2019 17:21,datasets/dataset_cropped/09_Metas/06/17/20190906172100_00160.jpg,datasets_flow/dataset_cropped/09_Metas/06/17/20190906172100_00160.jpg,datasets_cloudmask/dataset_cropped/09_Metas/06/17/20190906172100_00160.png,151.4,127,97.9,27.2,960
9/6/2019 17:22,datasets/dataset_cropped/09_Metas/06/17/20190906172200_00160.jpg,datasets_flow/dataset_cropped/09_Metas/06/17/20190906172200_00160.jpg,datasets_cloudmask/dataset_cropped/09_Metas/06/17/20190906172200_00160.png,124.1,67,93.6,27.2,960
9/6/2019 17:23,datasets/dataset_cropped/09_Metas/06/17/20190906172300_00160.jpg,datasets_flow/dataset_cropped/09_Metas/06/17/20190906172300_00160.jpg,datasets_cloudmask/dataset_cropped/09_Metas/06/17/20190906172300_00160.png,327.7,532.7,99.7,27.3,960
9/6/2019 17:24,datasets/dataset_cropped/09_Metas/06/17/20190906172400_00160.jpg,datasets_flow/dataset_cropped/09_Metas/06/17/20190906172400_00160.jpg,datasets_cloudmask/dataset_cropped/09_Metas/06/17/20190906172400_00160.png,270.3,389.6,105.7,27.3,960
9/6/2019 17:25,datasets/dataset_cropped/09_Metas/06/17/20190906172500_00160.jpg,datasets_flow/dataset_cropped/09_Metas/06/17/20190906172500_00160.jpg,datasets_cloudmask/dataset_cropped/09_Metas/06/17/20190906172500_00160.png,319.2,499.6,109.3,27.4,960
9/6/2019 17:26,datasets/dataset_cropped/09_Metas/06/17/20190906172600_00160.jpg,datasets_flow/dataset_cropped/09_Metas/06/17/20190906172600_00160.jpg,datasets_cloudmask/dataset_cropped/09_Metas/06/17/20190906172600_00160.png,195.9,204.8,110.5,27.5,960
9/6/2019 17:27,datasets/dataset_cropped/09_Metas/06/17/20190906172700_00160.jpg,datasets_flow/dataset_cropped/09_Metas/06/17/20190906172700_00160.jpg,datasets_cloudmask/dataset_cropped/09_Metas/06/17/20190906172700_00160.png,204.8,222.6,113.3,27.7,960
9/6/2019 17:28,datasets/dataset_cropped/09_Metas/06/17/20190906172800_00160.jpg,datasets_flow/dataset_cropped/09_Metas/06/17/20190906172800_00160.jpg,datasets_cloudmask/dataset_cropped/09_Metas/06/17/20190906172800_00160.png,202.3,220.5,111.6,27.8,960
9/6/2019 17:29,datasets/dataset_cropped/09_Metas/06/17/20190906172900_00160.jpg,datasets_flow/dataset_cropped/09_Metas/06/17/20190906172900_00160.jpg,datasets_cloudmask/dataset_cropped/09_Metas/06/17/20190906172900_00160.png,315.6,493,114.7,27.6,960
9/6/2019 17:30,datasets/dataset_cropped/09_Metas/06/17/20190906173000_00160.jpg,datasets_flow/dataset_cropped/09_Metas/06/17/20190906173000_00160.jpg,datasets_cloudmask/dataset_cropped/09_Metas/06/17/20190906173000_00160.png,332.6,541.7,113.8,27.5,960
9/6/2019 17:31,datasets/dataset_cropped/09_Metas/06/17/20190906173100_00160.jpg,datasets_flow/dataset_cropped/09_Metas/06/17/20190906173100_00160.jpg,datasets_cloudmask/dataset_cropped/09_Metas/06/17/20190906173100_00160.png,276.3,421.4,107.8,27.3,960
9/6/2019 17:32,datasets/dataset_cropped/09_Metas/06/17/20190906173200_00160.jpg,datasets_flow/dataset_cropped/09_Metas/06/17/20190906173200_00160.jpg,datasets_cloudmask/dataset_cropped/09_Metas/06/17/20190906173200_00160.png,165.2,156.9,100.9,27.4,960
9/6/2019 17:33,datasets/dataset_cropped/09_Metas/06/17/20190906173300_00160.jpg,datasets_flow/dataset_cropped/09_Metas/06/17/20190906173300_00160.jpg,datasets_cloudmask/dataset_cropped/09_Metas/06/17/20190906173300_00160.png,103.1,19.4,95.1,27.5,960
9/6/2019 17:34,datasets/dataset_cropped/09_Metas/06/17/20190906173400_00160.jpg,datasets_flow/dataset_cropped/09_Metas/06/17/20190906173400_00160.jpg,datasets_cloudmask/dataset_cropped/09_Metas/06/17/20190906173400_00160.png,93.7,6.2,91,27.4,960
9/6/2019 17:35,datasets/dataset_cropped/09_Metas/06/17/20190906173500_00160.jpg,datasets_flow/dataset_cropped/09_Metas/06/17/20190906173500_00160.jpg,datasets_cloudmask/dataset_cropped/09_Metas/06/17/20190906173500_00160.png,116.9,65.1,90.8,27,960
9/6/2019 17:36,datasets/dataset_cropped/09_Metas/06/17/20190906173600_00160.jpg,datasets_flow/dataset_cropped/09_Metas/06/17/20190906173600_00160.jpg,datasets_cloudmask/dataset_cropped/09_Metas/06/17/20190906173600_00160.png,95.6,12.7,90.2,26.8,960
9/6/2019 17:37,datasets/dataset_cropped/09_Metas/06/17/20190906173700_00160.jpg,datasets_flow/dataset_cropped/09_Metas/06/17/20190906173700_00160.jpg,datasets_cloudmask/dataset_cropped/09_Metas/06/17/20190906173700_00160.png,99.5,23.7,89.3,26.8,960
9/6/2019 17:38,datasets/dataset_cropped/09_Metas/06/17/20190906173800_00160.jpg,datasets_flow/dataset_cropped/09_Metas/06/17/20190906173800_00160.jpg,datasets_cloudmask/dataset_cropped/09_Metas/06/17/20190906173800_00160.png,176.4,215.1,93.4,26.8,960
9/6/2019 17:39,datasets/dataset_cropped/09_Metas/06/17/20190906173900_00160.jpg,datasets_flow/dataset_cropped/09_Metas/06/17/20190906173900_00160.jpg,datasets_cloudmask/dataset_cropped/09_Metas/06/17/20190906173900_00160.png,112.5,32.4,99.1,26.9,960
9/6/2019 17:40,datasets/dataset_cropped/09_Metas/06/17/20190906174000_00160.jpg,datasets_flow/dataset_cropped/09_Metas/06/17/20190906174000_00160.jpg,datasets_cloudmask/dataset_cropped/09_Metas/06/17/20190906174000_00160.png,215.5,305.1,104.2,26.8,960
9/6/2019 17:41,datasets/dataset_cropped/09_Metas/06/17/20190906174100_00160.jpg,datasets_flow/dataset_cropped/09_Metas/06/17/20190906174100_00160.jpg,datasets_cloudmask/dataset_cropped/09_Metas/06/17/20190906174100_00160.png,291.8,510.2,103.4,26.8,960
9/6/2019 17:42,datasets/dataset_cropped/09_Metas/06/17/20190906174200_00160.jpg,datasets_flow/dataset_cropped/09_Metas/06/17/20190906174200_00160.jpg,datasets_cloudmask/dataset_cropped/09_Metas/06/17/20190906174200_00160.png,294,529.9,100.3,26.9,960
9/6/2019 17:43,datasets/dataset_cropped/09_Metas/06/17/20190906174300_00160.jpg,datasets_flow/dataset_cropped/09_Metas/06/17/20190906174300_00160.jpg,datasets_cloudmask/dataset_cropped/09_Metas/06/17/20190906174300_00160.png,292,539.9,96.7,26.9,960
9/6/2019 17:44,datasets/dataset_cropped/09_Metas/06/17/20190906174400_00160.jpg,datasets_flow/dataset_cropped/09_Metas/06/17/20190906174400_00160.jpg,datasets_cloudmask/dataset_cropped/09_Metas/06/17/20190906174400_00160.png,287.9,547.7,91.8,26.8,960
9/6/2019 17:45,datasets/dataset_cropped/09_Metas/06/17/20190906174500_00160.jpg,datasets_flow/dataset_cropped/09_Metas/06/17/20190906174500_00160.jpg,datasets_cloudmask/dataset_cropped/09_Metas/06/17/20190906174500_00160.png,160,215,85,26.8,960
9/6/2019 17:46,datasets/dataset_cropped/09_Metas/06/17/20190906174600_00160.jpg,datasets_flow/dataset_cropped/09_Metas/06/17/20190906174600_00160.jpg,datasets_cloudmask/dataset_cropped/09_Metas/06/17/20190906174600_00160.png,83.1,4.4,81.5,26.8,960
9/6/2019 17:47,datasets/dataset_cropped/09_Metas/06/17/20190906174700_00160.jpg,datasets_flow/dataset_cropped/09_Metas/06/17/20190906174700_00160.jpg,datasets_cloudmask/dataset_cropped/09_Metas/06/17/20190906174700_00160.png,132.5,133.5,85.4,26.9,960
9/6/2019 17:48,datasets/dataset_cropped/09_Metas/06/17/20190906174800_00160.jpg,datasets_flow/dataset_cropped/09_Metas/06/17/20190906174800_00160.jpg,datasets_cloudmask/dataset_cropped/09_Metas/06/17/20190906174800_00160.png,259.8,489.8,90.3,27,960
9/6/2019 17:49,datasets/dataset_cropped/09_Metas/06/17/20190906174900_00160.jpg,datasets_flow/dataset_cropped/09_Metas/06/17/20190906174900_00160.jpg,datasets_cloudmask/dataset_cropped/09_Metas/06/17/20190906174900_00160.png,248.2,458.4,91.7,27.2,960
9/6/2019 17:50,datasets/dataset_cropped/09_Metas/06/17/20190906175000_00160.jpg,datasets_flow/dataset_cropped/09_Metas/06/17/20190906175000_00160.jpg,datasets_cloudmask/dataset_cropped/09_Metas/06/17/20190906175000_00160.png,254.8,479.8,92.7,27.2,960
9/6/2019 17:51,datasets/dataset_cropped/09_Metas/06/17/20190906175100_00160.jpg,datasets_flow/dataset_cropped/09_Metas/06/17/20190906175100_00160.jpg,datasets_cloudmask/dataset_cropped/09_Metas/06/17/20190906175100_00160.png,212.2,356.8,92.8,27.1,960
9/6/2019 17:52,datasets/dataset_cropped/09_Metas/06/17/20190906175200_00160.jpg,datasets_flow/dataset_cropped/09_Metas/06/17/20190906175200_00160.jpg,datasets_cloudmask/dataset_cropped/09_Metas/06/17/20190906175200_00160.png,240.2,441.7,93.3,27.1,960
9/6/2019 17:53,datasets/dataset_cropped/09_Metas/06/17/20190906175300_00160.jpg,datasets_flow/dataset_cropped/09_Metas/06/17/20190906175300_00160.jpg,datasets_cloudmask/dataset_cropped/09_Metas/06/17/20190906175300_00160.png,251.5,477.6,94.6,27,960
9/6/2019 17:54,datasets/dataset_cropped/09_Metas/06/17/20190906175400_00160.jpg,datasets_flow/dataset_cropped/09_Metas/06/17/20190906175400_00160.jpg,datasets_cloudmask/dataset_cropped/09_Metas/06/17/20190906175400_00160.png,241.3,449.7,94.6,26.9,960
9/6/2019 17:55,datasets/dataset_cropped/09_Metas/06/17/20190906175500_00160.jpg,datasets_flow/dataset_cropped/09_Metas/06/17/20190906175500_00160.jpg,datasets_cloudmask/dataset_cropped/09_Metas/06/17/20190906175500_00160.png,230.8,425,93,26.8,960
9/6/2019 17:56,datasets/dataset_cropped/09_Metas/06/17/20190906175600_00160.jpg,datasets_flow/dataset_cropped/09_Metas/06/17/20190906175600_00160.jpg,datasets_cloudmask/dataset_cropped/09_Metas/06/17/20190906175600_00160.png,215.9,389.3,91.4,26.8,960
9/6/2019 17:57,datasets/dataset_cropped/09_Metas/06/17/20190906175700_00160.jpg,datasets_flow/dataset_cropped/09_Metas/06/17/20190906175700_00160.jpg,datasets_cloudmask/dataset_cropped/09_Metas/06/17/20190906175700_00160.png,202.5,353.1,90.3,26.7,960
9/6/2019 17:58,datasets/dataset_cropped/09_Metas/06/17/20190906175800_00160.jpg,datasets_flow/dataset_cropped/09_Metas/06/17/20190906175800_00160.jpg,datasets_cloudmask/dataset_cropped/09_Metas/06/17/20190906175800_00160.png,227.7,440.3,89.7,26.7,960
9/6/2019 17:59,datasets/dataset_cropped/09_Metas/06/17/20190906175900_00160.jpg,datasets_flow/dataset_cropped/09_Metas/06/17/20190906175900_00160.jpg,datasets_cloudmask/dataset_cropped/09_Metas/06/17/20190906175900_00160.png,215.7,411.2,88.5,26.8,960
9/6/2019 18:00,datasets/dataset_cropped/09_Metas/06/18/20190906180000_00160.jpg,datasets_flow/dataset_cropped/09_Metas/06/18/20190906180000_00160.jpg,datasets_cloudmask/dataset_cropped/09_Metas/06/18/20190906180000_00160.png,192.8,347.1,86.3,26.8,960
9/6/2019 18:01,datasets/dataset_cropped/09_Metas/06/18/20190906180100_00160.jpg,datasets_flow/dataset_cropped/09_Metas/06/18/20190906180100_00160.jpg,datasets_cloudmask/dataset_cropped/09_Metas/06/18/20190906180100_00160.png,224.5,458.8,85.7,26.6,960
9/6/2019 18:02,datasets/dataset_cropped/09_Metas/06/18/20190906180200_00160.jpg,datasets_flow/dataset_cropped/09_Metas/06/18/20190906180200_00160.jpg,datasets_cloudmask/dataset_cropped/09_Metas/06/18/20190906180200_00160.png,215.9,436.6,85.4,26.6,960
9/6/2019 18:03,datasets/dataset_cropped/09_Metas/06/18/20190906180300_00160.jpg,datasets_flow/dataset_cropped/09_Metas/06/18/20190906180300_00160.jpg,datasets_cloudmask/dataset_cropped/09_Metas/06/18/20190906180300_00160.png,210.3,428.9,83.4,26.7,960
9/6/2019 18:04,datasets/dataset_cropped/09_Metas/06/18/20190906180400_00160.jpg,datasets_flow/dataset_cropped/09_Metas/06/18/20190906180400_00160.jpg,datasets_cloudmask/dataset_cropped/09_Metas/06/18/20190906180400_00160.png,162.6,280.6,81.4,26.6,960
9/6/2019 18:05,datasets/dataset_cropped/09_Metas/06/18/20190906180500_00160.jpg,datasets_flow/dataset_cropped/09_Metas/06/18/20190906180500_00160.jpg,datasets_cloudmask/dataset_cropped/09_Metas/06/18/20190906180500_00160.png,80.5,4.5,79.1,26.6,960
9/6/2019 18:06,datasets/dataset_cropped/09_Metas/06/18/20190906180600_00160.jpg,datasets_flow/dataset_cropped/09_Metas/06/18/20190906180600_00160.jpg,datasets_cloudmask/dataset_cropped/09_Metas/06/18/20190906180600_00160.png,88.6,29.2,79.7,26.7,960
9/6/2019 18:07,datasets/dataset_cropped/09_Metas/06/18/20190906180700_00160.jpg,datasets_flow/dataset_cropped/09_Metas/06/18/20190906180700_00160.jpg,datasets_cloudmask/dataset_cropped/09_Metas/06/18/20190906180700_00160.png,111.1,106.1,81,26.6,960
9/6/2019 18:08,datasets/dataset_cropped/09_Metas/06/18/20190906180800_00160.jpg,datasets_flow/dataset_cropped/09_Metas/06/18/20190906180800_00160.jpg,datasets_cloudmask/dataset_cropped/09_Metas/06/18/20190906180800_00160.png,89,23.9,81.7,26.7,960
9/6/2019 18:09,datasets/dataset_cropped/09_Metas/06/18/20190906180900_00160.jpg,datasets_flow/dataset_cropped/09_Metas/06/18/20190906180900_00160.jpg,datasets_cloudmask/dataset_cropped/09_Metas/06/18/20190906180900_00160.png,86.6,10.6,83,26.6,960
9/6/2019 18:10,datasets/dataset_cropped/09_Metas/06/18/20190906181000_00160.jpg,datasets_flow/dataset_cropped/09_Metas/06/18/20190906181000_00160.jpg,datasets_cloudmask/dataset_cropped/09_Metas/06/18/20190906181000_00160.png,183.5,353,87.1,26.6,960
9/6/2019 18:11,datasets/dataset_cropped/09_Metas/06/18/20190906181100_00160.jpg,datasets_flow/dataset_cropped/09_Metas/06/18/20190906181100_00160.jpg,datasets_cloudmask/dataset_cropped/09_Metas/06/18/20190906181100_00160.png,200.3,420.2,87.1,26.6,960
9/6/2019 18:12,datasets/dataset_cropped/09_Metas/06/18/20190906181200_00160.jpg,datasets_flow/dataset_cropped/09_Metas/06/18/20190906181200_00160.jpg,datasets_cloudmask/dataset_cropped/09_Metas/06/18/20190906181200_00160.png,191.3,397.4,85.6,26.6,960
9/6/2019 18:13,datasets/dataset_cropped/09_Metas/06/18/20190906181300_00160.jpg,datasets_flow/dataset_cropped/09_Metas/06/18/20190906181300_00160.jpg,datasets_cloudmask/dataset_cropped/09_Metas/06/18/20190906181300_00160.png,185.5,392.5,82.5,26.5,960
9/6/2019 18:14,datasets/dataset_cropped/09_Metas/06/18/20190906181400_00160.jpg,datasets_flow/dataset_cropped/09_Metas/06/18/20190906181400_00160.jpg,datasets_cloudmask/dataset_cropped/09_Metas/06/18/20190906181400_00160.png,181.8,397,79,26.4,960
9/6/2019 18:15,datasets/dataset_cropped/09_Metas/06/18/20190906181500_00160.jpg,datasets_flow/dataset_cropped/09_Metas/06/18/20190906181500_00160.jpg,datasets_cloudmask/dataset_cropped/09_Metas/06/18/20190906181500_00160.png,147.4,285.6,74.2,26.4,960
9/6/2019 18:16,datasets/dataset_cropped/09_Metas/06/18/20190906181600_00160.jpg,datasets_flow/dataset_cropped/09_Metas/06/18/20190906181600_00160.jpg,datasets_cloudmask/dataset_cropped/09_Metas/06/18/20190906181600_00160.png,112.3,169.4,69.2,26.4,960
9/6/2019 18:17,datasets/dataset_cropped/09_Metas/06/18/20190906181700_00160.jpg,datasets_flow/dataset_cropped/09_Metas/06/18/20190906181700_00160.jpg,datasets_cloudmask/dataset_cropped/09_Metas/06/18/20190906181700_00160.png,117.7,202.2,66.9,26.4,960
9/6/2019 18:18,datasets/dataset_cropped/09_Metas/06/18/20190906181800_00160.jpg,datasets_flow/dataset_cropped/09_Metas/06/18/20190906181800_00160.jpg,datasets_cloudmask/dataset_cropped/09_Metas/06/18/20190906181800_00160.png,120.4,220.4,65.8,26.3,960
9/6/2019 18:19,datasets/dataset_cropped/09_Metas/06/18/20190906181900_00160.jpg,datasets_flow/dataset_cropped/09_Metas/06/18/20190906181900_00160.jpg,datasets_cloudmask/dataset_cropped/09_Metas/06/18/20190906181900_00160.png,115,204.4,65.1,26.3,960
9/6/2019 18:20,datasets/dataset_cropped/09_Metas/06/18/20190906182000_00160.jpg,datasets_flow/dataset_cropped/09_Metas/06/18/20190906182000_00160.jpg,datasets_cloudmask/dataset_cropped/09_Metas/06/18/20190906182000_00160.png,123.1,241.3,64.9,26.3,960
9/6/2019 18:21,datasets/dataset_cropped/09_Metas/06/18/20190906182100_00160.jpg,datasets_flow/dataset_cropped/09_Metas/06/18/20190906182100_00160.jpg,datasets_cloudmask/dataset_cropped/09_Metas/06/18/20190906182100_00160.png,133.6,288.3,65.1,26.1,960
9/6/2019 18:22,datasets/dataset_cropped/09_Metas/06/18/20190906182200_00160.jpg,datasets_flow/dataset_cropped/09_Metas/06/18/20190906182200_00160.jpg,datasets_cloudmask/dataset_cropped/09_Metas/06/18/20190906182200_00160.png,133.5,292.5,65,26.1,960
9/6/2019 18:23,datasets/dataset_cropped/09_Metas/06/18/20190906182300_00160.jpg,datasets_flow/dataset_cropped/09_Metas/06/18/20190906182300_00160.jpg,datasets_cloudmask/dataset_cropped/09_Metas/06/18/20190906182300_00160.png,130.2,282.1,65.1,26.1,960
9/6/2019 18:24,datasets/dataset_cropped/09_Metas/06/18/20190906182400_00160.jpg,datasets_flow/dataset_cropped/09_Metas/06/18/20190906182400_00160.jpg,datasets_cloudmask/dataset_cropped/09_Metas/06/18/20190906182400_00160.png,136.5,312.4,65.6,26.2,960
9/6/2019 18:25,datasets/dataset_cropped/09_Metas/06/18/20190906182500_00160.jpg,datasets_flow/dataset_cropped/09_Metas/06/18/20190906182500_00160.jpg,datasets_cloudmask/dataset_cropped/09_Metas/06/18/20190906182500_00160.png,141.6,337.4,66.2,26.2,960
9/6/2019 18:26,datasets/dataset_cropped/09_Metas/06/18/20190906182600_00160.jpg,datasets_flow/dataset_cropped/09_Metas/06/18/20190906182600_00160.jpg,datasets_cloudmask/dataset_cropped/09_Metas/06/18/20190906182600_00160.png,141.3,340.8,66.6,26.2,960
9/6/2019 18:27,datasets/dataset_cropped/09_Metas/06/18/20190906182700_00160.jpg,datasets_flow/dataset_cropped/09_Metas/06/18/20190906182700_00160.jpg,datasets_cloudmask/dataset_cropped/09_Metas/06/18/20190906182700_00160.png,140.5,342.5,66.6,26.1,960
9/6/2019 18:28,datasets/dataset_cropped/09_Metas/06/18/20190906182800_00160.jpg,datasets_flow/dataset_cropped/09_Metas/06/18/20190906182800_00160.jpg,datasets_cloudmask/dataset_cropped/09_Metas/06/18/20190906182800_00160.png,138.3,339.3,66.2,26,960
9/6/2019 18:29,datasets/dataset_cropped/09_Metas/06/18/20190906182900_00160.jpg,datasets_flow/dataset_cropped/09_Metas/06/18/20190906182900_00160.jpg,datasets_cloudmask/dataset_cropped/09_Metas/06/18/20190906182900_00160.png,134.6,330.8,65.3,25.9,960
9/6/2019 18:30,datasets/dataset_cropped/09_Metas/06/18/20190906183000_00160.jpg,datasets_flow/dataset_cropped/09_Metas/06/18/20190906183000_00160.jpg,datasets_cloudmask/dataset_cropped/09_Metas/06/18/20190906183000_00160.png,133.4,332.5,64.9,25.9,960
9/6/2019 18:31,datasets/dataset_cropped/09_Metas/06/18/20190906183100_00160.jpg,datasets_flow/dataset_cropped/09_Metas/06/18/20190906183100_00160.jpg,datasets_cloudmask/dataset_cropped/09_Metas/06/18/20190906183100_00160.png,130.7,326.4,64.7,26.1,960
9/6/2019 18:32,datasets/dataset_cropped/09_Metas/06/18/20190906183200_00160.jpg,datasets_flow/dataset_cropped/09_Metas/06/18/20190906183200_00160.jpg,datasets_cloudmask/dataset_cropped/09_Metas/06/18/20190906183200_00160.png,126.7,315.8,64,26.1,960
9/6/2019 18:33,datasets/dataset_cropped/09_Metas/06/18/20190906183300_00160.jpg,datasets_flow/dataset_cropped/09_Metas/06/18/20190906183300_00160.jpg,datasets_cloudmask/dataset_cropped/09_Metas/06/18/20190906183300_00160.png,124.4,313.5,63.2,25.9,960
9/6/2019 18:34,datasets/dataset_cropped/09_Metas/06/18/20190906183400_00160.jpg,datasets_flow/dataset_cropped/09_Metas/06/18/20190906183400_00160.jpg,datasets_cloudmask/dataset_cropped/09_Metas/06/18/20190906183400_00160.png,120.9,304.9,62.5,26,960
9/6/2019 18:35,datasets/dataset_cropped/09_Metas/06/18/20190906183500_00160.jpg,datasets_flow/dataset_cropped/09_Metas/06/18/20190906183500_00160.jpg,datasets_cloudmask/dataset_cropped/09_Metas/06/18/20190906183500_00160.png,118.2,299.8,61.9,26.1,960
9/6/2019 18:36,datasets/dataset_cropped/09_Metas/06/18/20190906183600_00160.jpg,datasets_flow/dataset_cropped/09_Metas/06/18/20190906183600_00160.jpg,datasets_cloudmask/dataset_cropped/09_Metas/06/18/20190906183600_00160.png,116,297.8,61.1,26,960
9/6/2019 18:37,datasets/dataset_cropped/09_Metas/06/18/20190906183700_00160.jpg,datasets_flow/dataset_cropped/09_Metas/06/18/20190906183700_00160.jpg,datasets_cloudmask/dataset_cropped/09_Metas/06/18/20190906183700_00160.png,113.2,293.5,60.1,25.9,960
9/6/2019 18:38,datasets/dataset_cropped/09_Metas/06/18/20190906183800_00160.jpg,datasets_flow/dataset_cropped/09_Metas/06/18/20190906183800_00160.jpg,datasets_cloudmask/dataset_cropped/09_Metas/06/18/20190906183800_00160.png,110.8,288.8,59.5,25.9,960
9/6/2019 18:39,datasets/dataset_cropped/09_Metas/06/18/20190906183900_00160.jpg,datasets_flow/dataset_cropped/09_Metas/06/18/20190906183900_00160.jpg,datasets_cloudmask/dataset_cropped/09_Metas/06/18/20190906183900_00160.png,108.1,282.7,58.9,25.8,960
9/6/2019 18:40,datasets/dataset_cropped/09_Metas/06/18/20190906184000_00160.jpg,datasets_flow/dataset_cropped/09_Metas/06/18/20190906184000_00160.jpg,datasets_cloudmask/dataset_cropped/09_Metas/06/18/20190906184000_00160.png,105.2,275.1,58.2,25.9,960
9/6/2019 18:41,datasets/dataset_cropped/09_Metas/06/18/20190906184100_00160.jpg,datasets_flow/dataset_cropped/09_Metas/06/18/20190906184100_00160.jpg,datasets_cloudmask/dataset_cropped/09_Metas/06/18/20190906184100_00160.png,101.9,267.3,57.2,25.8,960
9/6/2019 18:42,datasets/dataset_cropped/09_Metas/06/18/20190906184200_00160.jpg,datasets_flow/dataset_cropped/09_Metas/06/18/20190906184200_00160.jpg,datasets_cloudmask/dataset_cropped/09_Metas/06/18/20190906184200_00160.png,97.4,253.5,55.9,25.8,960
9/6/2019 18:43,datasets/dataset_cropped/09_Metas/06/18/20190906184300_00160.jpg,datasets_flow/dataset_cropped/09_Metas/06/18/20190906184300_00160.jpg,datasets_cloudmask/dataset_cropped/09_Metas/06/18/20190906184300_00160.png,94.1,247.7,54.5,25.7,960
9/6/2019 18:44,datasets/dataset_cropped/09_Metas/06/18/20190906184400_00160.jpg,datasets_flow/dataset_cropped/09_Metas/06/18/20190906184400_00160.jpg,datasets_cloudmask/dataset_cropped/09_Metas/06/18/20190906184400_00160.png,91.1,243.1,52.9,25.5,960
9/6/2019 18:45,datasets/dataset_cropped/09_Metas/06/18/20190906184500_00160.jpg,datasets_flow/dataset_cropped/09_Metas/06/18/20190906184500_00160.jpg,datasets_cloudmask/dataset_cropped/09_Metas/06/18/20190906184500_00160.png,86.9,230.3,51.5,25.4,960
9/6/2019 18:46,datasets/dataset_cropped/09_Metas/06/18/20190906184600_00160.jpg,datasets_flow/dataset_cropped/09_Metas/06/18/20190906184600_00160.jpg,datasets_cloudmask/dataset_cropped/09_Metas/06/18/20190906184600_00160.png,82.3,215.1,49.9,25.4,960
9/6/2019 18:47,datasets/dataset_cropped/09_Metas/06/18/20190906184700_00160.jpg,datasets_flow/dataset_cropped/09_Metas/06/18/20190906184700_00160.jpg,datasets_cloudmask/dataset_cropped/09_Metas/06/18/20190906184700_00160.png,78.3,203.7,48.3,25.3,960
9/6/2019 18:48,datasets/dataset_cropped/09_Metas/06/18/20190906184800_00160.jpg,datasets_flow/dataset_cropped/09_Metas/06/18/20190906184800_00160.jpg,datasets_cloudmask/dataset_cropped/09_Metas/06/18/20190906184800_00160.png,74,188.9,46.8,25.2,960
9/6/2019 18:49,datasets/dataset_cropped/09_Metas/06/18/20190906184900_00160.jpg,datasets_flow/dataset_cropped/09_Metas/06/18/20190906184900_00160.jpg,datasets_cloudmask/dataset_cropped/09_Metas/06/18/20190906184900_00160.png,67.9,161.7,45,25.2,960
9/6/2019 18:50,datasets/dataset_cropped/09_Metas/06/18/20190906185000_00160.jpg,datasets_flow/dataset_cropped/09_Metas/06/18/20190906185000_00160.jpg,datasets_cloudmask/dataset_cropped/09_Metas/06/18/20190906185000_00160.png,65.4,158.7,43.5,25.1,960
9/6/2019 18:51,datasets/dataset_cropped/09_Metas/06/18/20190906185100_00160.jpg,datasets_flow/dataset_cropped/09_Metas/06/18/20190906185100_00160.jpg,datasets_cloudmask/dataset_cropped/09_Metas/06/18/20190906185100_00160.png,64.4,165.7,42.1,25,960
9/6/2019 18:52,datasets/dataset_cropped/09_Metas/06/18/20190906185200_00160.jpg,datasets_flow/dataset_cropped/09_Metas/06/18/20190906185200_00160.jpg,datasets_cloudmask/dataset_cropped/09_Metas/06/18/20190906185200_00160.png,57.8,130.8,40.5,25.1,960
9/6/2019 18:53,datasets/dataset_cropped/09_Metas/06/18/20190906185300_00160.jpg,datasets_flow/dataset_cropped/09_Metas/06/18/20190906185300_00160.jpg,datasets_cloudmask/dataset_cropped/09_Metas/06/18/20190906185300_00160.png,44.5,48.8,37.9,25.1,960
9/6/2019 18:54,datasets/dataset_cropped/09_Metas/06/18/20190906185400_00160.jpg,datasets_flow/dataset_cropped/09_Metas/06/18/20190906185400_00160.jpg,datasets_cloudmask/dataset_cropped/09_Metas/06/18/20190906185400_00160.png,38.1,23.4,34.8,25,960
9/6/2019 18:55,datasets/dataset_cropped/09_Metas/06/18/20190906185500_00160.jpg,datasets_flow/dataset_cropped/09_Metas/06/18/20190906185500_00160.jpg,datasets_cloudmask/dataset_cropped/09_Metas/06/18/20190906185500_00160.png,33.7,13,31.8,24.9,960
9/6/2019 18:56,datasets/dataset_cropped/09_Metas/06/18/20190906185600_00160.jpg,datasets_flow/dataset_cropped/09_Metas/06/18/20190906185600_00160.jpg,datasets_cloudmask/dataset_cropped/09_Metas/06/18/20190906185600_00160.png,30.6,8.4,29.2,24.9,960
9/6/2019 18:57,datasets/dataset_cropped/09_Metas/06/18/20190906185700_00160.jpg,datasets_flow/dataset_cropped/09_Metas/06/18/20190906185700_00160.jpg,datasets_cloudmask/dataset_cropped/09_Metas/06/18/20190906185700_00160.png,28.3,5.4,27.3,24.9,960
9/6/2019 18:58,datasets/dataset_cropped/09_Metas/06/18/20190906185800_00160.jpg,datasets_flow/dataset_cropped/09_Metas/06/18/20190906185800_00160.jpg,datasets_cloudmask/dataset_cropped/09_Metas/06/18/20190906185800_00160.png,26.5,3.7,25.7,24.9,960
9/6/2019 18:59,datasets/dataset_cropped/09_Metas/06/18/20190906185900_00160.jpg,datasets_flow/dataset_cropped/09_Metas/06/18/20190906185900_00160.jpg,datasets_cloudmask/dataset_cropped/09_Metas/06/18/20190906185900_00160.png,24.9,2.5,24.3,24.8,961
9/6/2019 19:00,datasets/dataset_cropped/09_Metas/06/19/20190906190000_00160.jpg,datasets_flow/dataset_cropped/09_Metas/06/19/20190906190000_00160.jpg,datasets_cloudmask/dataset_cropped/09_Metas/06/19/20190906190000_00160.png,23.6,1.7,23.1,24.8,960
9/6/2019 19:01,datasets/dataset_cropped/09_Metas/06/19/20190906190100_00160.jpg,datasets_flow/dataset_cropped/09_Metas/06/19/20190906190100_00160.jpg,datasets_cloudmask/dataset_cropped/09_Metas/06/19/20190906190100_00160.png,22.4,1.1,22,24.8,960
9/6/2019 19:02,datasets/dataset_cropped/09_Metas/06/19/20190906190200_00160.jpg,datasets_flow/dataset_cropped/09_Metas/06/19/20190906190200_00160.jpg,datasets_cloudmask/dataset_cropped/09_Metas/06/19/20190906190200_00160.png,21.2,0.5,20.9,24.8,961
9/6/2019 19:03,datasets/dataset_cropped/09_Metas/06/19/20190906190300_00160.jpg,datasets_flow/dataset_cropped/09_Metas/06/19/20190906190300_00160.jpg,datasets_cloudmask/dataset_cropped/09_Metas/06/19/20190906190300_00160.png,20.2,0.1,19.9,24.8,960
9/6/2019 19:04,datasets/dataset_cropped/09_Metas/06/19/20190906190400_00160.jpg,datasets_flow/dataset_cropped/09_Metas/06/19/20190906190400_00160.jpg,datasets_cloudmask/dataset_cropped/09_Metas/06/19/20190906190400_00160.png,19.3,0,19,24.8,961
9/6/2019 19:05,datasets/dataset_cropped/09_Metas/06/19/20190906190500_00160.jpg,datasets_flow/dataset_cropped/09_Metas/06/19/20190906190500_00160.jpg,datasets_cloudmask/dataset_cropped/09_Metas/06/19/20190906190500_00160.png,18.4,0,18.1,24.7,960
9/6/2019 19:06,datasets/dataset_cropped/09_Metas/06/19/20190906190600_00160.jpg,datasets_flow/dataset_cropped/09_Metas/06/19/20190906190600_00160.jpg,datasets_cloudmask/dataset_cropped/09_Metas/06/19/20190906190600_00160.png,17.5,0,17.3,24.7,960
9/6/2019 19:07,datasets/dataset_cropped/09_Metas/06/19/20190906190700_00160.jpg,datasets_flow/dataset_cropped/09_Metas/06/19/20190906190700_00160.jpg,datasets_cloudmask/dataset_cropped/09_Metas/06/19/20190906190700_00160.png,16.7,0,16.5,24.6,961
9/6/2019 19:08,datasets/dataset_cropped/09_Metas/06/19/20190906190800_00160.jpg,datasets_flow/dataset_cropped/09_Metas/06/19/20190906190800_00160.jpg,datasets_cloudmask/dataset_cropped/09_Metas/06/19/20190906190800_00160.png,16,0,15.8,24.5,961
9/6/2019 19:09,datasets/dataset_cropped/09_Metas/06/19/20190906190900_00160.jpg,datasets_flow/dataset_cropped/09_Metas/06/19/20190906190900_00160.jpg,datasets_cloudmask/dataset_cropped/09_Metas/06/19/20190906190900_00160.png,15.2,0,15,24.5,961
9/6/2019 19:10,datasets/dataset_cropped/09_Metas/06/19/20190906191000_00160.jpg,datasets_flow/dataset_cropped/09_Metas/06/19/20190906191000_00160.jpg,datasets_cloudmask/dataset_cropped/09_Metas/06/19/20190906191000_00160.png,14.4,0,14.3,24.4,961
9/6/2019 19:11,datasets/dataset_cropped/09_Metas/06/19/20190906191100_00160.jpg,datasets_flow/dataset_cropped/09_Metas/06/19/20190906191100_00160.jpg,datasets_cloudmask/dataset_cropped/09_Metas/06/19/20190906191100_00160.png,13.7,0,13.6,24.4,961
9/6/2019 19:12,datasets/dataset_cropped/09_Metas/06/19/20190906191200_00160.jpg,datasets_flow/dataset_cropped/09_Metas/06/19/20190906191200_00160.jpg,datasets_cloudmask/dataset_cropped/09_Metas/06/19/20190906191200_00160.png,12.9,0,12.8,24.4,961
9/6/2019 19:13,datasets/dataset_cropped/09_Metas/06/19/20190906191300_00160.jpg,datasets_flow/dataset_cropped/09_Metas/06/19/20190906191300_00160.jpg,datasets_cloudmask/dataset_cropped/09_Metas/06/19/20190906191300_00160.png,12.1,0,12,24.4,961
9/6/2019 19:14,datasets/dataset_cropped/09_Metas/06/19/20190906191400_00160.jpg,datasets_flow/dataset_cropped/09_Metas/06/19/20190906191400_00160.jpg,datasets_cloudmask/dataset_cropped/09_Metas/06/19/20190906191400_00160.png,11.4,0,11.3,24.4,961
9/6/2019 19:15,datasets/dataset_cropped/09_Metas/06/19/20190906191500_00160.jpg,datasets_flow/dataset_cropped/09_Metas/06/19/20190906191500_00160.jpg,datasets_cloudmask/dataset_cropped/09_Metas/06/19/20190906191500_00160.png,10.7,0,10.6,24.4,961
9/6/2019 19:16,datasets/dataset_cropped/09_Metas/06/19/20190906191600_00160.jpg,datasets_flow/dataset_cropped/09_Metas/06/19/20190906191600_00160.jpg,datasets_cloudmask/dataset_cropped/09_Metas/06/19/20190906191600_00160.png,10,0,9.8,24.3,961
9/6/2019 19:17,datasets/dataset_cropped/09_Metas/06/19/20190906191700_00160.jpg,datasets_flow/dataset_cropped/09_Metas/06/19/20190906191700_00160.jpg,datasets_cloudmask/dataset_cropped/09_Metas/06/19/20190906191700_00160.png,9.3,0,9.1,24.3,961
9/6/2019 19:18,datasets/dataset_cropped/09_Metas/06/19/20190906191800_00160.jpg,datasets_flow/dataset_cropped/09_Metas/06/19/20190906191800_00160.jpg,datasets_cloudmask/dataset_cropped/09_Metas/06/19/20190906191800_00160.png,8.6,0,8.4,24.2,961
9/6/2019 19:19,datasets/dataset_cropped/09_Metas/06/19/20190906191900_00160.jpg,datasets_flow/dataset_cropped/09_Metas/06/19/20190906191900_00160.jpg,datasets_cloudmask/dataset_cropped/09_Metas/06/19/20190906191900_00160.png,7.8,0,7.6,24.2,961
9/6/2019 19:20,datasets/dataset_cropped/09_Metas/06/19/20190906192000_00160.jpg,datasets_flow/dataset_cropped/09_Metas/06/19/20190906192000_00160.jpg,datasets_cloudmask/dataset_cropped/09_Metas/06/19/20190906192000_00160.png,7.2,0,6.9,24.2,961
9/6/2019 19:21,datasets/dataset_cropped/09_Metas/06/19/20190906192100_00160.jpg,datasets_flow/dataset_cropped/09_Metas/06/19/20190906192100_00160.jpg,datasets_cloudmask/dataset_cropped/09_Metas/06/19/20190906192100_00160.png,6.5,0,6.2,24.2,961
9/6/2019 19:22,datasets/dataset_cropped/09_Metas/06/19/20190906192200_00160.jpg,datasets_flow/dataset_cropped/09_Metas/06/19/20190906192200_00160.jpg,datasets_cloudmask/dataset_cropped/09_Metas/06/19/20190906192200_00160.png,5.8,0,5.6,24.2,961
9/6/2019 19:23,datasets/dataset_cropped/09_Metas/06/19/20190906192300_00160.jpg,datasets_flow/dataset_cropped/09_Metas/06/19/20190906192300_00160.jpg,datasets_cloudmask/dataset_cropped/09_Metas/06/19/20190906192300_00160.png,5.2,0,4.9,24.2,961
9/6/2019 19:24,datasets/dataset_cropped/09_Metas/06/19/20190906192400_00160.jpg,datasets_flow/dataset_cropped/09_Metas/06/19/20190906192400_00160.jpg,datasets_cloudmask/dataset_cropped/09_Metas/06/19/20190906192400_00160.png,4.6,0,4.3,24.1,961
9/6/2019 19:25,datasets/dataset_cropped/09_Metas/06/19/20190906192500_00160.jpg,datasets_flow/dataset_cropped/09_Metas/06/19/20190906192500_00160.jpg,datasets_cloudmask/dataset_cropped/09_Metas/06/19/20190906192500_00160.png,4,0,3.8,24.1,961
9/6/2019 19:26,datasets/dataset_cropped/09_Metas/06/19/20190906192600_00160.jpg,datasets_flow/dataset_cropped/09_Metas/06/19/20190906192600_00160.jpg,datasets_cloudmask/dataset_cropped/09_Metas/06/19/20190906192600_00160.png,3.5,0,3.3,24.1,961
9/6/2019 19:27,datasets/dataset_cropped/09_Metas/06/19/20190906192700_00160.jpg,datasets_flow/dataset_cropped/09_Metas/06/19/20190906192700_00160.jpg,datasets_cloudmask/dataset_cropped/09_Metas/06/19/20190906192700_00160.png,2.9,0,2.7,24.1,961
9/6/2019 19:28,datasets/dataset_cropped/09_Metas/06/19/20190906192800_00160.jpg,datasets_flow/dataset_cropped/09_Metas/06/19/20190906192800_00160.jpg,datasets_cloudmask/dataset_cropped/09_Metas/06/19/20190906192800_00160.png,2.4,0,2.3,24.1,961
9/6/2019 19:29,datasets/dataset_cropped/09_Metas/06/19/20190906192900_00160.jpg,datasets_flow/dataset_cropped/09_Metas/06/19/20190906192900_00160.jpg,datasets_cloudmask/dataset_cropped/09_Metas/06/19/20190906192900_00160.png,2,0,1.8,24.1,961
9/7/2019 6:46,datasets/dataset_cropped/09_Metas/07/06/20190907064630_00160.jpg,datasets_flow/dataset_cropped/09_Metas/07/06/20190907064630_00160.jpg,datasets_cloudmask/dataset_cropped/09_Metas/07/06/20190907064630_00160.png,2.5,0,2.5,21.1,962
9/7/2019 6:47,datasets/dataset_cropped/09_Metas/07/06/20190907064700_00160.jpg,datasets_flow/dataset_cropped/09_Metas/07/06/20190907064700_00160.jpg,datasets_cloudmask/dataset_cropped/09_Metas/07/06/20190907064700_00160.png,2.5,0,2.5,21.1,962
9/7/2019 6:48,datasets/dataset_cropped/09_Metas/07/06/20190907064800_00160.jpg,datasets_flow/dataset_cropped/09_Metas/07/06/20190907064800_00160.jpg,datasets_cloudmask/dataset_cropped/09_Metas/07/06/20190907064800_00160.png,3.1,0,3,21.1,962
9/7/2019 6:49,datasets/dataset_cropped/09_Metas/07/06/20190907064900_00160.jpg,datasets_flow/dataset_cropped/09_Metas/07/06/20190907064900_00160.jpg,datasets_cloudmask/dataset_cropped/09_Metas/07/06/20190907064900_00160.png,3.7,0,3.6,21.1,962
9/7/2019 6:50,datasets/dataset_cropped/09_Metas/07/06/20190907065000_00160.jpg,datasets_flow/dataset_cropped/09_Metas/07/06/20190907065000_00160.jpg,datasets_cloudmask/dataset_cropped/09_Metas/07/06/20190907065000_00160.png,4.6,0,4.5,21.1,962
9/7/2019 6:51,datasets/dataset_cropped/09_Metas/07/06/20190907065100_00160.jpg,datasets_flow/dataset_cropped/09_Metas/07/06/20190907065100_00160.jpg,datasets_cloudmask/dataset_cropped/09_Metas/07/06/20190907065100_00160.png,6,0,5.9,21.1,962
9/7/2019 6:52,datasets/dataset_cropped/09_Metas/07/06/20190907065200_00160.jpg,datasets_flow/dataset_cropped/09_Metas/07/06/20190907065200_00160.jpg,datasets_cloudmask/dataset_cropped/09_Metas/07/06/20190907065200_00160.png,7.5,0,7.4,21.1,962
9/7/2019 6:53,datasets/dataset_cropped/09_Metas/07/06/20190907065300_00160.jpg,datasets_flow/dataset_cropped/09_Metas/07/06/20190907065300_00160.jpg,datasets_cloudmask/dataset_cropped/09_Metas/07/06/20190907065300_00160.png,9.1,0.1,9,21.1,962
9/7/2019 6:54,datasets/dataset_cropped/09_Metas/07/06/20190907065400_00160.jpg,datasets_flow/dataset_cropped/09_Metas/07/06/20190907065400_00160.jpg,datasets_cloudmask/dataset_cropped/09_Metas/07/06/20190907065400_00160.png,10.4,0.8,10.3,21.1,962
9/7/2019 6:55,datasets/dataset_cropped/09_Metas/07/06/20190907065500_00160.jpg,datasets_flow/dataset_cropped/09_Metas/07/06/20190907065500_00160.jpg,datasets_cloudmask/dataset_cropped/09_Metas/07/06/20190907065500_00160.png,11.8,3.4,11.7,21.1,962
9/7/2019 6:56,datasets/dataset_cropped/09_Metas/07/06/20190907065600_00160.jpg,datasets_flow/dataset_cropped/09_Metas/07/06/20190907065600_00160.jpg,datasets_cloudmask/dataset_cropped/09_Metas/07/06/20190907065600_00160.png,13.9,8.1,13.6,21,962
9/7/2019 6:57,datasets/dataset_cropped/09_Metas/07/06/20190907065700_00160.jpg,datasets_flow/dataset_cropped/09_Metas/07/06/20190907065700_00160.jpg,datasets_cloudmask/dataset_cropped/09_Metas/07/06/20190907065700_00160.png,16.4,14.1,15.8,21,962
9/7/2019 6:58,datasets/dataset_cropped/09_Metas/07/06/20190907065800_00160.jpg,datasets_flow/dataset_cropped/09_Metas/07/06/20190907065800_00160.jpg,datasets_cloudmask/dataset_cropped/09_Metas/07/06/20190907065800_00160.png,19.6,20.2,18.8,21,962
9/7/2019 6:59,datasets/dataset_cropped/09_Metas/07/06/20190907065900_00160.jpg,datasets_flow/dataset_cropped/09_Metas/07/06/20190907065900_00160.jpg,datasets_cloudmask/dataset_cropped/09_Metas/07/06/20190907065900_00160.png,21.9,26,20.9,21,962
9/7/2019 7:00,datasets/dataset_cropped/09_Metas/07/07/20190907070000_00160.jpg,datasets_flow/dataset_cropped/09_Metas/07/07/20190907070000_00160.jpg,datasets_cloudmask/dataset_cropped/09_Metas/07/07/20190907070000_00160.png,22.4,33.4,20.9,21,962
9/7/2019 7:01,datasets/dataset_cropped/09_Metas/07/07/20190907070100_00160.jpg,datasets_flow/dataset_cropped/09_Metas/07/07/20190907070100_00160.jpg,datasets_cloudmask/dataset_cropped/09_Metas/07/07/20190907070100_00160.png,22.9,41,20.9,21,962
9/7/2019 7:02,datasets/dataset_cropped/09_Metas/07/07/20190907070200_00160.jpg,datasets_flow/dataset_cropped/09_Metas/07/07/20190907070200_00160.jpg,datasets_cloudmask/dataset_cropped/09_Metas/07/07/20190907070200_00160.png,23.6,47.8,21.1,21,962
9/7/2019 7:03,datasets/dataset_cropped/09_Metas/07/07/20190907070300_00160.jpg,datasets_flow/dataset_cropped/09_Metas/07/07/20190907070300_00160.jpg,datasets_cloudmask/dataset_cropped/09_Metas/07/07/20190907070300_00160.png,24.7,55.2,21.7,20.9,962
9/7/2019 7:04,datasets/dataset_cropped/09_Metas/07/07/20190907070400_00160.jpg,datasets_flow/dataset_cropped/09_Metas/07/07/20190907070400_00160.jpg,datasets_cloudmask/dataset_cropped/09_Metas/07/07/20190907070400_00160.png,26.2,64.1,22.5,20.9,962
9/7/2019 7:05,datasets/dataset_cropped/09_Metas/07/07/20190907070500_00160.jpg,datasets_flow/dataset_cropped/09_Metas/07/07/20190907070500_00160.jpg,datasets_cloudmask/dataset_cropped/09_Metas/07/07/20190907070500_00160.png,27.7,73,23.3,20.9,962
9/7/2019 7:06,datasets/dataset_cropped/09_Metas/07/07/20190907070600_00160.jpg,datasets_flow/dataset_cropped/09_Metas/07/07/20190907070600_00160.jpg,datasets_cloudmask/dataset_cropped/09_Metas/07/07/20190907070600_00160.png,29.2,80.8,24.1,20.9,962
9/7/2019 7:07,datasets/dataset_cropped/09_Metas/07/07/20190907070700_00160.jpg,datasets_flow/dataset_cropped/09_Metas/07/07/20190907070700_00160.jpg,datasets_cloudmask/dataset_cropped/09_Metas/07/07/20190907070700_00160.png,31,89.7,25,20.9,962
9/7/2019 7:08,datasets/dataset_cropped/09_Metas/07/07/20190907070800_00160.jpg,datasets_flow/dataset_cropped/09_Metas/07/07/20190907070800_00160.jpg,datasets_cloudmask/dataset_cropped/09_Metas/07/07/20190907070800_00160.png,32.6,96.5,25.8,20.9,962
9/7/2019 7:09,datasets/dataset_cropped/09_Metas/07/07/20190907070900_00160.jpg,datasets_flow/dataset_cropped/09_Metas/07/07/20190907070900_00160.jpg,datasets_cloudmask/dataset_cropped/09_Metas/07/07/20190907070900_00160.png,34,99.4,26.8,20.9,962
9/7/2019 7:10,datasets/dataset_cropped/09_Metas/07/07/20190907071000_00160.jpg,datasets_flow/dataset_cropped/09_Metas/07/07/20190907071000_00160.jpg,datasets_cloudmask/dataset_cropped/09_Metas/07/07/20190907071000_00160.png,35.9,105.9,27.8,21,962
9/7/2019 7:11,datasets/dataset_cropped/09_Metas/07/07/20190907071100_00160.jpg,datasets_flow/dataset_cropped/09_Metas/07/07/20190907071100_00160.jpg,datasets_cloudmask/dataset_cropped/09_Metas/07/07/20190907071100_00160.png,38.3,117.2,28.9,21,962
9/7/2019 7:12,datasets/dataset_cropped/09_Metas/07/07/20190907071200_00160.jpg,datasets_flow/dataset_cropped/09_Metas/07/07/20190907071200_00160.jpg,datasets_cloudmask/dataset_cropped/09_Metas/07/07/20190907071200_00160.png,40.5,126.9,30.1,21,962
9/7/2019 7:13,datasets/dataset_cropped/09_Metas/07/07/20190907071300_00160.jpg,datasets_flow/dataset_cropped/09_Metas/07/07/20190907071300_00160.jpg,datasets_cloudmask/dataset_cropped/09_Metas/07/07/20190907071300_00160.png,42.6,134.3,31.1,21,962
9/7/2019 7:14,datasets/dataset_cropped/09_Metas/07/07/20190907071400_00160.jpg,datasets_flow/dataset_cropped/09_Metas/07/07/20190907071400_00160.jpg,datasets_cloudmask/dataset_cropped/09_Metas/07/07/20190907071400_00160.png,44.9,143.8,32.1,20.9,962
9/7/2019 7:15,datasets/dataset_cropped/09_Metas/07/07/20190907071500_00160.jpg,datasets_flow/dataset_cropped/09_Metas/07/07/20190907071500_00160.jpg,datasets_cloudmask/dataset_cropped/09_Metas/07/07/20190907071500_00160.png,47.1,151.8,33.1,20.9,962
9/7/2019 7:16,datasets/dataset_cropped/09_Metas/07/07/20190907071600_00160.jpg,datasets_flow/dataset_cropped/09_Metas/07/07/20190907071600_00160.jpg,datasets_cloudmask/dataset_cropped/09_Metas/07/07/20190907071600_00160.png,49.6,161.5,34.1,20.9,962
9/7/2019 7:17,datasets/dataset_cropped/09_Metas/07/07/20190907071700_00160.jpg,datasets_flow/dataset_cropped/09_Metas/07/07/20190907071700_00160.jpg,datasets_cloudmask/dataset_cropped/09_Metas/07/07/20190907071700_00160.png,51.9,169.3,35.2,21,962
9/7/2019 7:18,datasets/dataset_cropped/09_Metas/07/07/20190907071800_00160.jpg,datasets_flow/dataset_cropped/09_Metas/07/07/20190907071800_00160.jpg,datasets_cloudmask/dataset_cropped/09_Metas/07/07/20190907071800_00160.png,54.2,176.1,36.2,20.9,962
9/7/2019 7:19,datasets/dataset_cropped/09_Metas/07/07/20190907071900_00160.jpg,datasets_flow/dataset_cropped/09_Metas/07/07/20190907071900_00160.jpg,datasets_cloudmask/dataset_cropped/09_Metas/07/07/20190907071900_00160.png,56.8,185,37.2,21,963
9/7/2019 7:20,datasets/dataset_cropped/09_Metas/07/07/20190907072000_00160.jpg,datasets_flow/dataset_cropped/09_Metas/07/07/20190907072000_00160.jpg,datasets_cloudmask/dataset_cropped/09_Metas/07/07/20190907072000_00160.png,59.3,193.5,38.2,20.9,962
9/7/2019 7:21,datasets/dataset_cropped/09_Metas/07/07/20190907072100_00160.jpg,datasets_flow/dataset_cropped/09_Metas/07/07/20190907072100_00160.jpg,datasets_cloudmask/dataset_cropped/09_Metas/07/07/20190907072100_00160.png,61,194.2,39.2,21,962
9/7/2019 7:22,datasets/dataset_cropped/09_Metas/07/07/20190907072200_00160.jpg,datasets_flow/dataset_cropped/09_Metas/07/07/20190907072200_00160.jpg,datasets_cloudmask/dataset_cropped/09_Metas/07/07/20190907072200_00160.png,63.5,200.1,40.3,20.9,962
9/7/2019 7:23,datasets/dataset_cropped/09_Metas/07/07/20190907072300_00160.jpg,datasets_flow/dataset_cropped/09_Metas/07/07/20190907072300_00160.jpg,datasets_cloudmask/dataset_cropped/09_Metas/07/07/20190907072300_00160.png,66.4,208.4,41.5,20.9,962
9/7/2019 7:24,datasets/dataset_cropped/09_Metas/07/07/20190907072400_00160.jpg,datasets_flow/dataset_cropped/09_Metas/07/07/20190907072400_00160.jpg,datasets_cloudmask/dataset_cropped/09_Metas/07/07/20190907072400_00160.png,69.2,216.1,42.7,21,963
9/7/2019 7:25,datasets/dataset_cropped/09_Metas/07/07/20190907072500_00160.jpg,datasets_flow/dataset_cropped/09_Metas/07/07/20190907072500_00160.jpg,datasets_cloudmask/dataset_cropped/09_Metas/07/07/20190907072500_00160.png,72,223.3,43.8,21,962
9/7/2019 7:26,datasets/dataset_cropped/09_Metas/07/07/20190907072600_00160.jpg,datasets_flow/dataset_cropped/09_Metas/07/07/20190907072600_00160.jpg,datasets_cloudmask/dataset_cropped/09_Metas/07/07/20190907072600_00160.png,75,231.8,45,21.1,962
9/7/2019 7:27,datasets/dataset_cropped/09_Metas/07/07/20190907072700_00160.jpg,datasets_flow/dataset_cropped/09_Metas/07/07/20190907072700_00160.jpg,datasets_cloudmask/dataset_cropped/09_Metas/07/07/20190907072700_00160.png,78.1,240.5,46.2,21.1,962
9/7/2019 7:28,datasets/dataset_cropped/09_Metas/07/07/20190907072800_00160.jpg,datasets_flow/dataset_cropped/09_Metas/07/07/20190907072800_00160.jpg,datasets_cloudmask/dataset_cropped/09_Metas/07/07/20190907072800_00160.png,80.9,246.6,47.3,21.1,962
9/7/2019 7:29,datasets/dataset_cropped/09_Metas/07/07/20190907072900_00160.jpg,datasets_flow/dataset_cropped/09_Metas/07/07/20190907072900_00160.jpg,datasets_cloudmask/dataset_cropped/09_Metas/07/07/20190907072900_00160.png,83.7,253.6,48.4,21.1,962
9/7/2019 7:30,datasets/dataset_cropped/09_Metas/07/07/20190907073000_00160.jpg,datasets_flow/dataset_cropped/09_Metas/07/07/20190907073000_00160.jpg,datasets_cloudmask/dataset_cropped/09_Metas/07/07/20190907073000_00160.png,86.8,263,49.3,21.1,963
9/7/2019 7:31,datasets/dataset_cropped/09_Metas/07/07/20190907073100_00160.jpg,datasets_flow/dataset_cropped/09_Metas/07/07/20190907073100_00160.jpg,datasets_cloudmask/dataset_cropped/09_Metas/07/07/20190907073100_00160.png,90.1,273,50.3,21.2,962
9/7/2019 7:32,datasets/dataset_cropped/09_Metas/07/07/20190907073200_00160.jpg,datasets_flow/dataset_cropped/09_Metas/07/07/20190907073200_00160.jpg,datasets_cloudmask/dataset_cropped/09_Metas/07/07/20190907073200_00160.png,93.1,280.9,51.2,21.3,962
9/7/2019 7:33,datasets/dataset_cropped/09_Metas/07/07/20190907073300_00160.jpg,datasets_flow/dataset_cropped/09_Metas/07/07/20190907073300_00160.jpg,datasets_cloudmask/dataset_cropped/09_Metas/07/07/20190907073300_00160.png,96.1,288.8,52,21.3,962
9/7/2019 7:34,datasets/dataset_cropped/09_Metas/07/07/20190907073400_00160.jpg,datasets_flow/dataset_cropped/09_Metas/07/07/20190907073400_00160.jpg,datasets_cloudmask/dataset_cropped/09_Metas/07/07/20190907073400_00160.png,99.2,296.3,52.9,21.3,962
9/7/2019 7:35,datasets/dataset_cropped/09_Metas/07/07/20190907073500_00160.jpg,datasets_flow/dataset_cropped/09_Metas/07/07/20190907073500_00160.jpg,datasets_cloudmask/dataset_cropped/09_Metas/07/07/20190907073500_00160.png,102.7,306.2,53.9,21.3,962
9/7/2019 7:36,datasets/dataset_cropped/09_Metas/07/07/20190907073600_00160.jpg,datasets_flow/dataset_cropped/09_Metas/07/07/20190907073600_00160.jpg,datasets_cloudmask/dataset_cropped/09_Metas/07/07/20190907073600_00160.png,106.5,316.9,54.9,21.4,962
9/7/2019 7:37,datasets/dataset_cropped/09_Metas/07/07/20190907073700_00160.jpg,datasets_flow/dataset_cropped/09_Metas/07/07/20190907073700_00160.jpg,datasets_cloudmask/dataset_cropped/09_Metas/07/07/20190907073700_00160.png,110.3,326.6,56,21.4,962
9/7/2019 7:38,datasets/dataset_cropped/09_Metas/07/07/20190907073800_00160.jpg,datasets_flow/dataset_cropped/09_Metas/07/07/20190907073800_00160.jpg,datasets_cloudmask/dataset_cropped/09_Metas/07/07/20190907073800_00160.png,113.3,332,57,21.5,962
9/7/2019 7:39,datasets/dataset_cropped/09_Metas/07/07/20190907073900_00160.jpg,datasets_flow/dataset_cropped/09_Metas/07/07/20190907073900_00160.jpg,datasets_cloudmask/dataset_cropped/09_Metas/07/07/20190907073900_00160.png,116.4,337.4,58,21.5,963
9/7/2019 7:40,datasets/dataset_cropped/09_Metas/07/07/20190907074000_00160.jpg,datasets_flow/dataset_cropped/09_Metas/07/07/20190907074000_00160.jpg,datasets_cloudmask/dataset_cropped/09_Metas/07/07/20190907074000_00160.png,120.3,346.8,59.1,21.6,962
9/7/2019 7:41,datasets/dataset_cropped/09_Metas/07/07/20190907074100_00160.jpg,datasets_flow/dataset_cropped/09_Metas/07/07/20190907074100_00160.jpg,datasets_cloudmask/dataset_cropped/09_Metas/07/07/20190907074100_00160.png,124.4,357.5,60.1,21.6,963
9/7/2019 7:42,datasets/dataset_cropped/09_Metas/07/07/20190907074200_00160.jpg,datasets_flow/dataset_cropped/09_Metas/07/07/20190907074200_00160.jpg,datasets_cloudmask/dataset_cropped/09_Metas/07/07/20190907074200_00160.png,128.6,368.6,61.1,21.6,962
9/7/2019 7:43,datasets/dataset_cropped/09_Metas/07/07/20190907074300_00160.jpg,datasets_flow/dataset_cropped/09_Metas/07/07/20190907074300_00160.jpg,datasets_cloudmask/dataset_cropped/09_Metas/07/07/20190907074300_00160.png,132.3,376.7,62,21.5,962
9/7/2019 7:44,datasets/dataset_cropped/09_Metas/07/07/20190907074400_00160.jpg,datasets_flow/dataset_cropped/09_Metas/07/07/20190907074400_00160.jpg,datasets_cloudmask/dataset_cropped/09_Metas/07/07/20190907074400_00160.png,135.8,383.5,62.9,21.6,962
9/7/2019 7:45,datasets/dataset_cropped/09_Metas/07/07/20190907074500_00160.jpg,datasets_flow/dataset_cropped/09_Metas/07/07/20190907074500_00160.jpg,datasets_cloudmask/dataset_cropped/09_Metas/07/07/20190907074500_00160.png,139.7,392.9,63.6,21.7,962
9/7/2019 7:46,datasets/dataset_cropped/09_Metas/07/07/20190907074600_00160.jpg,datasets_flow/dataset_cropped/09_Metas/07/07/20190907074600_00160.jpg,datasets_cloudmask/dataset_cropped/09_Metas/07/07/20190907074600_00160.png,143.4,401.2,64.4,21.7,962
9/7/2019 7:47,datasets/dataset_cropped/09_Metas/07/07/20190907074700_00160.jpg,datasets_flow/dataset_cropped/09_Metas/07/07/20190907074700_00160.jpg,datasets_cloudmask/dataset_cropped/09_Metas/07/07/20190907074700_00160.png,146.9,407.5,65.2,21.6,962
9/7/2019 7:48,datasets/dataset_cropped/09_Metas/07/07/20190907074800_00160.jpg,datasets_flow/dataset_cropped/09_Metas/07/07/20190907074800_00160.jpg,datasets_cloudmask/dataset_cropped/09_Metas/07/07/20190907074800_00160.png,150.3,413,66.1,21.6,962
9/7/2019 7:49,datasets/dataset_cropped/09_Metas/07/07/20190907074900_00160.jpg,datasets_flow/dataset_cropped/09_Metas/07/07/20190907074900_00160.jpg,datasets_cloudmask/dataset_cropped/09_Metas/07/07/20190907074900_00160.png,153.5,417.5,67,21.6,962
9/7/2019 7:50,datasets/dataset_cropped/09_Metas/07/07/20190907075000_00160.jpg,datasets_flow/dataset_cropped/09_Metas/07/07/20190907075000_00160.jpg,datasets_cloudmask/dataset_cropped/09_Metas/07/07/20190907075000_00160.png,157.1,423.2,68,21.6,962
9/7/2019 7:51,datasets/dataset_cropped/09_Metas/07/07/20190907075100_00160.jpg,datasets_flow/dataset_cropped/09_Metas/07/07/20190907075100_00160.jpg,datasets_cloudmask/dataset_cropped/09_Metas/07/07/20190907075100_00160.png,161.3,431.7,68.9,21.7,962
9/7/2019 7:52,datasets/dataset_cropped/09_Metas/07/07/20190907075200_00160.jpg,datasets_flow/dataset_cropped/09_Metas/07/07/20190907075200_00160.jpg,datasets_cloudmask/dataset_cropped/09_Metas/07/07/20190907075200_00160.png,165,437.8,69.9,21.7,962
9/7/2019 7:53,datasets/dataset_cropped/09_Metas/07/07/20190907075300_00160.jpg,datasets_flow/dataset_cropped/09_Metas/07/07/20190907075300_00160.jpg,datasets_cloudmask/dataset_cropped/09_Metas/07/07/20190907075300_00160.png,168.3,442.3,70.7,21.8,962
9/7/2019 7:54,datasets/dataset_cropped/09_Metas/07/07/20190907075400_00160.jpg,datasets_flow/dataset_cropped/09_Metas/07/07/20190907075400_00160.jpg,datasets_cloudmask/dataset_cropped/09_Metas/07/07/20190907075400_00160.png,172.1,448.7,71.5,21.8,962
9/7/2019 7:55,datasets/dataset_cropped/09_Metas/07/07/20190907075500_00160.jpg,datasets_flow/dataset_cropped/09_Metas/07/07/20190907075500_00160.jpg,datasets_cloudmask/dataset_cropped/09_Metas/07/07/20190907075500_00160.png,175.1,451,72.5,21.9,962
9/7/2019 7:56,datasets/dataset_cropped/09_Metas/07/07/20190907075600_00160.jpg,datasets_flow/dataset_cropped/09_Metas/07/07/20190907075600_00160.jpg,datasets_cloudmask/dataset_cropped/09_Metas/07/07/20190907075600_00160.png,179.4,458,73.6,22,962
9/7/2019 7:57,datasets/dataset_cropped/09_Metas/07/07/20190907075700_00160.jpg,datasets_flow/dataset_cropped/09_Metas/07/07/20190907075700_00160.jpg,datasets_cloudmask/dataset_cropped/09_Metas/07/07/20190907075700_00160.png,183.1,462.9,74.6,22.1,962
9/7/2019 7:58,datasets/dataset_cropped/09_Metas/07/07/20190907075800_00160.jpg,datasets_flow/dataset_cropped/09_Metas/07/07/20190907075800_00160.jpg,datasets_cloudmask/dataset_cropped/09_Metas/07/07/20190907075800_00160.png,186.9,468.1,75.5,22.1,962
9/7/2019 7:59,datasets/dataset_cropped/09_Metas/07/07/20190907075900_00160.jpg,datasets_flow/dataset_cropped/09_Metas/07/07/20190907075900_00160.jpg,datasets_cloudmask/dataset_cropped/09_Metas/07/07/20190907075900_00160.png,190.4,471.9,76.5,22.1,962
9/7/2019 8:00,datasets/dataset_cropped/09_Metas/07/08/20190907080000_00160.jpg,datasets_flow/dataset_cropped/09_Metas/07/08/20190907080000_00160.jpg,datasets_cloudmask/dataset_cropped/09_Metas/07/08/20190907080000_00160.png,194,476.1,77.4,22.2,963
9/7/2019 8:01,datasets/dataset_cropped/09_Metas/07/08/20190907080100_00160.jpg,datasets_flow/dataset_cropped/09_Metas/07/08/20190907080100_00160.jpg,datasets_cloudmask/dataset_cropped/09_Metas/07/08/20190907080100_00160.png,198,482.1,78.4,22.2,962
9/7/2019 8:02,datasets/dataset_cropped/09_Metas/07/08/20190907080200_00160.jpg,datasets_flow/dataset_cropped/09_Metas/07/08/20190907080200_00160.jpg,datasets_cloudmask/dataset_cropped/09_Metas/07/08/20190907080200_00160.png,201.1,484.6,79.3,22.1,963
9/7/2019 8:03,datasets/dataset_cropped/09_Metas/07/08/20190907080300_00160.jpg,datasets_flow/dataset_cropped/09_Metas/07/08/20190907080300_00160.jpg,datasets_cloudmask/dataset_cropped/09_Metas/07/08/20190907080300_00160.png,204.5,487.7,80.1,22.2,963
9/7/2019 8:04,datasets/dataset_cropped/09_Metas/07/08/20190907080400_00160.jpg,datasets_flow/dataset_cropped/09_Metas/07/08/20190907080400_00160.jpg,datasets_cloudmask/dataset_cropped/09_Metas/07/08/20190907080400_00160.png,210,499.6,81,22.2,962
9/7/2019 8:05,datasets/dataset_cropped/09_Metas/07/08/20190907080500_00160.jpg,datasets_flow/dataset_cropped/09_Metas/07/08/20190907080500_00160.jpg,datasets_cloudmask/dataset_cropped/09_Metas/07/08/20190907080500_00160.png,214.7,507.7,81.9,22.3,963
9/7/2019 8:06,datasets/dataset_cropped/09_Metas/07/08/20190907080600_00160.jpg,datasets_flow/dataset_cropped/09_Metas/07/08/20190907080600_00160.jpg,datasets_cloudmask/dataset_cropped/09_Metas/07/08/20190907080600_00160.png,218.7,513.1,82.8,22.1,963
9/7/2019 8:07,datasets/dataset_cropped/09_Metas/07/08/20190907080700_00160.jpg,datasets_flow/dataset_cropped/09_Metas/07/08/20190907080700_00160.jpg,datasets_cloudmask/dataset_cropped/09_Metas/07/08/20190907080700_00160.png,221.9,516.8,83.4,22.1,963
9/7/2019 8:08,datasets/dataset_cropped/09_Metas/07/08/20190907080800_00160.jpg,datasets_flow/dataset_cropped/09_Metas/07/08/20190907080800_00160.jpg,datasets_cloudmask/dataset_cropped/09_Metas/07/08/20190907080800_00160.png,226,524.1,83.8,22.2,963
9/7/2019 8:09,datasets/dataset_cropped/09_Metas/07/08/20190907080900_00160.jpg,datasets_flow/dataset_cropped/09_Metas/07/08/20190907080900_00160.jpg,datasets_cloudmask/dataset_cropped/09_Metas/07/08/20190907080900_00160.png,229.7,528.7,84.4,22.2,963
9/7/2019 8:10,datasets/dataset_cropped/09_Metas/07/08/20190907081000_00160.jpg,datasets_flow/dataset_cropped/09_Metas/07/08/20190907081000_00160.jpg,datasets_cloudmask/dataset_cropped/09_Metas/07/08/20190907081000_00160.png,233.2,532.9,85.2,22.3,963
9/7/2019 8:11,datasets/dataset_cropped/09_Metas/07/08/20190907081100_00160.jpg,datasets_flow/dataset_cropped/09_Metas/07/08/20190907081100_00160.jpg,datasets_cloudmask/dataset_cropped/09_Metas/07/08/20190907081100_00160.png,236.2,536.1,85.4,22.2,963
9/7/2019 8:12,datasets/dataset_cropped/09_Metas/07/08/20190907081200_00160.jpg,datasets_flow/dataset_cropped/09_Metas/07/08/20190907081200_00160.jpg,datasets_cloudmask/dataset_cropped/09_Metas/07/08/20190907081200_00160.png,235.8,527.8,85.4,22.3,963
9/7/2019 8:13,datasets/dataset_cropped/09_Metas/07/08/20190907081300_00160.jpg,datasets_flow/dataset_cropped/09_Metas/07/08/20190907081300_00160.jpg,datasets_cloudmask/dataset_cropped/09_Metas/07/08/20190907081300_00160.png,229,497.9,85.4,22.4,963
9/7/2019 8:14,datasets/dataset_cropped/09_Metas/07/08/20190907081400_00160.jpg,datasets_flow/dataset_cropped/09_Metas/07/08/20190907081400_00160.jpg,datasets_cloudmask/dataset_cropped/09_Metas/07/08/20190907081400_00160.png,224.6,475.7,85.7,22.5,963
9/7/2019 8:15,datasets/dataset_cropped/09_Metas/07/08/20190907081500_00160.jpg,datasets_flow/dataset_cropped/09_Metas/07/08/20190907081500_00160.jpg,datasets_cloudmask/dataset_cropped/09_Metas/07/08/20190907081500_00160.png,225.4,470,86.6,22.6,963
9/7/2019 8:16,datasets/dataset_cropped/09_Metas/07/08/20190907081600_00160.jpg,datasets_flow/dataset_cropped/09_Metas/07/08/20190907081600_00160.jpg,datasets_cloudmask/dataset_cropped/09_Metas/07/08/20190907081600_00160.png,232.3,484.5,87.7,22.5,963
9/7/2019 8:17,datasets/dataset_cropped/09_Metas/07/08/20190907081700_00160.jpg,datasets_flow/dataset_cropped/09_Metas/07/08/20190907081700_00160.jpg,datasets_cloudmask/dataset_cropped/09_Metas/07/08/20190907081700_00160.png,223.3,448.1,88.1,22.4,963
9/7/2019 8:18,datasets/dataset_cropped/09_Metas/07/08/20190907081800_00160.jpg,datasets_flow/dataset_cropped/09_Metas/07/08/20190907081800_00160.jpg,datasets_cloudmask/dataset_cropped/09_Metas/07/08/20190907081800_00160.png,232.6,467.9,90,22.3,963
9/7/2019 8:19,datasets/dataset_cropped/09_Metas/07/08/20190907081900_00160.jpg,datasets_flow/dataset_cropped/09_Metas/07/08/20190907081900_00160.jpg,datasets_cloudmask/dataset_cropped/09_Metas/07/08/20190907081900_00160.png,241.1,484.8,91.7,22.4,963
9/7/2019 8:20,datasets/dataset_cropped/09_Metas/07/08/20190907082000_00160.jpg,datasets_flow/dataset_cropped/09_Metas/07/08/20190907082000_00160.jpg,datasets_cloudmask/dataset_cropped/09_Metas/07/08/20190907082000_00160.png,248.7,499.6,93.3,22.5,963
9/7/2019 8:21,datasets/dataset_cropped/09_Metas/07/08/20190907082100_00160.jpg,datasets_flow/dataset_cropped/09_Metas/07/08/20190907082100_00160.jpg,datasets_cloudmask/dataset_cropped/09_Metas/07/08/20190907082100_00160.png,253.6,507,94.3,22.5,963
9/7/2019 8:22,datasets/dataset_cropped/09_Metas/07/08/20190907082200_00160.jpg,datasets_flow/dataset_cropped/09_Metas/07/08/20190907082200_00160.jpg,datasets_cloudmask/dataset_cropped/09_Metas/07/08/20190907082200_00160.png,258.2,512.3,95.7,22.6,963
9/7/2019 8:23,datasets/dataset_cropped/09_Metas/07/08/20190907082300_00160.jpg,datasets_flow/dataset_cropped/09_Metas/07/08/20190907082300_00160.jpg,datasets_cloudmask/dataset_cropped/09_Metas/07/08/20190907082300_00160.png,264.9,524.3,96.9,22.6,963
9/7/2019 8:24,datasets/dataset_cropped/09_Metas/07/08/20190907082400_00160.jpg,datasets_flow/dataset_cropped/09_Metas/07/08/20190907082400_00160.jpg,datasets_cloudmask/dataset_cropped/09_Metas/07/08/20190907082400_00160.png,270.3,532,98.1,22.7,963
9/7/2019 8:25,datasets/dataset_cropped/09_Metas/07/08/20190907082500_00160.jpg,datasets_flow/dataset_cropped/09_Metas/07/08/20190907082500_00160.jpg,datasets_cloudmask/dataset_cropped/09_Metas/07/08/20190907082500_00160.png,273.9,535,99.1,22.8,963
9/7/2019 8:26,datasets/dataset_cropped/09_Metas/07/08/20190907082600_00160.jpg,datasets_flow/dataset_cropped/09_Metas/07/08/20190907082600_00160.jpg,datasets_cloudmask/dataset_cropped/09_Metas/07/08/20190907082600_00160.png,278.3,539.8,100.1,22.9,963
9/7/2019 8:27,datasets/dataset_cropped/09_Metas/07/08/20190907082700_00160.jpg,datasets_flow/dataset_cropped/09_Metas/07/08/20190907082700_00160.jpg,datasets_cloudmask/dataset_cropped/09_Metas/07/08/20190907082700_00160.png,282.1,543.6,100.7,22.9,963
9/7/2019 8:28,datasets/dataset_cropped/09_Metas/07/08/20190907082800_00160.jpg,datasets_flow/dataset_cropped/09_Metas/07/08/20190907082800_00160.jpg,datasets_cloudmask/dataset_cropped/09_Metas/07/08/20190907082800_00160.png,283.5,540.9,101.3,23,963
9/7/2019 8:29,datasets/dataset_cropped/09_Metas/07/08/20190907082900_00160.jpg,datasets_flow/dataset_cropped/09_Metas/07/08/20190907082900_00160.jpg,datasets_cloudmask/dataset_cropped/09_Metas/07/08/20190907082900_00160.png,282.7,531.2,102.1,22.9,963
9/7/2019 8:30,datasets/dataset_cropped/09_Metas/07/08/20190907083000_00160.jpg,datasets_flow/dataset_cropped/09_Metas/07/08/20190907083000_00160.jpg,datasets_cloudmask/dataset_cropped/09_Metas/07/08/20190907083000_00160.png,292.1,548.1,103.9,22.8,963
9/7/2019 8:31,datasets/dataset_cropped/09_Metas/07/08/20190907083100_00160.jpg,datasets_flow/dataset_cropped/09_Metas/07/08/20190907083100_00160.jpg,datasets_cloudmask/dataset_cropped/09_Metas/07/08/20190907083100_00160.png,298.4,555.7,105.9,22.9,963
9/7/2019 8:32,datasets/dataset_cropped/09_Metas/07/08/20190907083200_00160.jpg,datasets_flow/dataset_cropped/09_Metas/07/08/20190907083200_00160.jpg,datasets_cloudmask/dataset_cropped/09_Metas/07/08/20190907083200_00160.png,302.1,557.7,107.1,23.1,963
9/7/2019 8:33,datasets/dataset_cropped/09_Metas/07/08/20190907083300_00160.jpg,datasets_flow/dataset_cropped/09_Metas/07/08/20190907083300_00160.jpg,datasets_cloudmask/dataset_cropped/09_Metas/07/08/20190907083300_00160.png,305.5,562.5,106.8,23.1,963
9/7/2019 8:34,datasets/dataset_cropped/09_Metas/07/08/20190907083400_00160.jpg,datasets_flow/dataset_cropped/09_Metas/07/08/20190907083400_00160.jpg,datasets_cloudmask/dataset_cropped/09_Metas/07/08/20190907083400_00160.png,290.5,516.7,106.6,23.1,963
9/7/2019 8:35,datasets/dataset_cropped/09_Metas/07/08/20190907083500_00160.jpg,datasets_flow/dataset_cropped/09_Metas/07/08/20190907083500_00160.jpg,datasets_cloudmask/dataset_cropped/09_Metas/07/08/20190907083500_00160.png,296.4,520.2,109.6,23.2,963
9/7/2019 8:36,datasets/dataset_cropped/09_Metas/07/08/20190907083600_00160.jpg,datasets_flow/dataset_cropped/09_Metas/07/08/20190907083600_00160.jpg,datasets_cloudmask/dataset_cropped/09_Metas/07/08/20190907083600_00160.png,309.2,546,111.4,23.1,963
9/7/2019 8:37,datasets/dataset_cropped/09_Metas/07/08/20190907083700_00160.jpg,datasets_flow/dataset_cropped/09_Metas/07/08/20190907083700_00160.jpg,datasets_cloudmask/dataset_cropped/09_Metas/07/08/20190907083700_00160.png,312.1,548.9,111.6,22.9,963
9/7/2019 8:38,datasets/dataset_cropped/09_Metas/07/08/20190907083800_00160.jpg,datasets_flow/dataset_cropped/09_Metas/07/08/20190907083800_00160.jpg,datasets_cloudmask/dataset_cropped/09_Metas/07/08/20190907083800_00160.png,310.8,539.7,111.8,23,963
9/7/2019 8:39,datasets/dataset_cropped/09_Metas/07/08/20190907083900_00160.jpg,datasets_flow/dataset_cropped/09_Metas/07/08/20190907083900_00160.jpg,datasets_cloudmask/dataset_cropped/09_Metas/07/08/20190907083900_00160.png,322,563,112.4,23,963
9/7/2019 8:40,datasets/dataset_cropped/09_Metas/07/08/20190907084000_00160.jpg,datasets_flow/dataset_cropped/09_Metas/07/08/20190907084000_00160.jpg,datasets_cloudmask/dataset_cropped/09_Metas/07/08/20190907084000_00160.png,332.5,583.8,113.3,23.1,963
9/7/2019 8:41,datasets/dataset_cropped/09_Metas/07/08/20190907084100_00160.jpg,datasets_flow/dataset_cropped/09_Metas/07/08/20190907084100_00160.jpg,datasets_cloudmask/dataset_cropped/09_Metas/07/08/20190907084100_00160.png,332.7,578.9,113.3,23,963
9/7/2019 8:42,datasets/dataset_cropped/09_Metas/07/08/20190907084200_00160.jpg,datasets_flow/dataset_cropped/09_Metas/07/08/20190907084200_00160.jpg,datasets_cloudmask/dataset_cropped/09_Metas/07/08/20190907084200_00160.png,321.2,544.3,113,23.1,963
9/7/2019 8:43,datasets/dataset_cropped/09_Metas/07/08/20190907084300_00160.jpg,datasets_flow/dataset_cropped/09_Metas/07/08/20190907084300_00160.jpg,datasets_cloudmask/dataset_cropped/09_Metas/07/08/20190907084300_00160.png,316.2,525.3,113.6,23.1,963
9/7/2019 8:44,datasets/dataset_cropped/09_Metas/07/08/20190907084400_00160.jpg,datasets_flow/dataset_cropped/09_Metas/07/08/20190907084400_00160.jpg,datasets_cloudmask/dataset_cropped/09_Metas/07/08/20190907084400_00160.png,319.5,523.2,116,23.2,963
9/7/2019 8:45,datasets/dataset_cropped/09_Metas/07/08/20190907084500_00160.jpg,datasets_flow/dataset_cropped/09_Metas/07/08/20190907084500_00160.jpg,datasets_cloudmask/dataset_cropped/09_Metas/07/08/20190907084500_00160.png,305.1,470.9,119.5,23.1,963
9/7/2019 8:46,datasets/dataset_cropped/09_Metas/07/08/20190907084600_00160.jpg,datasets_flow/dataset_cropped/09_Metas/07/08/20190907084600_00160.jpg,datasets_cloudmask/dataset_cropped/09_Metas/07/08/20190907084600_00160.png,268.6,374.2,119.5,23,963
9/7/2019 8:47,datasets/dataset_cropped/09_Metas/07/08/20190907084700_00160.jpg,datasets_flow/dataset_cropped/09_Metas/07/08/20190907084700_00160.jpg,datasets_cloudmask/dataset_cropped/09_Metas/07/08/20190907084700_00160.png,314.1,478.2,123.4,22.8,963
9/7/2019 8:48,datasets/dataset_cropped/09_Metas/07/08/20190907084800_00160.jpg,datasets_flow/dataset_cropped/09_Metas/07/08/20190907084800_00160.jpg,datasets_cloudmask/dataset_cropped/09_Metas/07/08/20190907084800_00160.png,334.3,513,128.2,23,963
9/7/2019 8:49,datasets/dataset_cropped/09_Metas/07/08/20190907084900_00160.jpg,datasets_flow/dataset_cropped/09_Metas/07/08/20190907084900_00160.jpg,datasets_cloudmask/dataset_cropped/09_Metas/07/08/20190907084900_00160.png,328.9,487.8,131.3,23.1,963
9/7/2019 8:50,datasets/dataset_cropped/09_Metas/07/08/20190907085000_00160.jpg,datasets_flow/dataset_cropped/09_Metas/07/08/20190907085000_00160.jpg,datasets_cloudmask/dataset_cropped/09_Metas/07/08/20190907085000_00160.png,331.2,489.6,131.4,23.3,963
9/7/2019 8:51,datasets/dataset_cropped/09_Metas/07/08/20190907085100_00160.jpg,datasets_flow/dataset_cropped/09_Metas/07/08/20190907085100_00160.jpg,datasets_cloudmask/dataset_cropped/09_Metas/07/08/20190907085100_00160.png,345.8,521.1,131.4,23.3,963
9/7/2019 8:52,datasets/dataset_cropped/09_Metas/07/08/20190907085200_00160.jpg,datasets_flow/dataset_cropped/09_Metas/07/08/20190907085200_00160.jpg,datasets_cloudmask/dataset_cropped/09_Metas/07/08/20190907085200_00160.png,354.4,530.6,134.3,23.1,963
9/7/2019 8:53,datasets/dataset_cropped/09_Metas/07/08/20190907085300_00160.jpg,datasets_flow/dataset_cropped/09_Metas/07/08/20190907085300_00160.jpg,datasets_cloudmask/dataset_cropped/09_Metas/07/08/20190907085300_00160.png,188.4,117.6,138.5,23,963
9/7/2019 8:54,datasets/dataset_cropped/09_Metas/07/08/20190907085400_00160.jpg,datasets_flow/dataset_cropped/09_Metas/07/08/20190907085400_00160.jpg,datasets_cloudmask/dataset_cropped/09_Metas/07/08/20190907085400_00160.png,267.6,297.9,143.3,22.9,963
9/7/2019 8:55,datasets/dataset_cropped/09_Metas/07/08/20190907085500_00160.jpg,datasets_flow/dataset_cropped/09_Metas/07/08/20190907085500_00160.jpg,datasets_cloudmask/dataset_cropped/09_Metas/07/08/20190907085500_00160.png,253.6,267.6,139.9,22.9,963
9/7/2019 8:56,datasets/dataset_cropped/09_Metas/07/08/20190907085600_00160.jpg,datasets_flow/dataset_cropped/09_Metas/07/08/20190907085600_00160.jpg,datasets_cloudmask/dataset_cropped/09_Metas/07/08/20190907085600_00160.png,342.9,461.9,145.3,23.1,963
9/7/2019 8:57,datasets/dataset_cropped/09_Metas/07/08/20190907085700_00160.jpg,datasets_flow/dataset_cropped/09_Metas/07/08/20190907085700_00160.jpg,datasets_cloudmask/dataset_cropped/09_Metas/07/08/20190907085700_00160.png,366.9,512.6,145.8,23.2,963
9/7/2019 8:58,datasets/dataset_cropped/09_Metas/07/08/20190907085800_00160.jpg,datasets_flow/dataset_cropped/09_Metas/07/08/20190907085800_00160.jpg,datasets_cloudmask/dataset_cropped/09_Metas/07/08/20190907085800_00160.png,369.8,513.5,147,23.1,963
9/7/2019 8:59,datasets/dataset_cropped/09_Metas/07/08/20190907085900_00160.jpg,datasets_flow/dataset_cropped/09_Metas/07/08/20190907085900_00160.jpg,datasets_cloudmask/dataset_cropped/09_Metas/07/08/20190907085900_00160.png,382.3,541.9,145.7,23,963
9/7/2019 9:00,datasets/dataset_cropped/09_Metas/07/09/20190907090000_00160.jpg,datasets_flow/dataset_cropped/09_Metas/07/09/20190907090000_00160.jpg,datasets_cloudmask/dataset_cropped/09_Metas/07/09/20190907090000_00160.png,379.4,542.3,141,23,963
9/7/2019 9:01,datasets/dataset_cropped/09_Metas/07/09/20190907090100_00160.jpg,datasets_flow/dataset_cropped/09_Metas/07/09/20190907090100_00160.jpg,datasets_cloudmask/dataset_cropped/09_Metas/07/09/20190907090100_00160.png,382.7,552.1,138.3,23.3,963
9/7/2019 9:02,datasets/dataset_cropped/09_Metas/07/09/20190907090200_00160.jpg,datasets_flow/dataset_cropped/09_Metas/07/09/20190907090200_00160.jpg,datasets_cloudmask/dataset_cropped/09_Metas/07/09/20190907090200_00160.png,381.5,540.4,140.6,23.5,963
9/7/2019 9:03,datasets/dataset_cropped/09_Metas/07/09/20190907090300_00160.jpg,datasets_flow/dataset_cropped/09_Metas/07/09/20190907090300_00160.jpg,datasets_cloudmask/dataset_cropped/09_Metas/07/09/20190907090300_00160.png,384,529.7,146,23.2,963
9/7/2019 9:04,datasets/dataset_cropped/09_Metas/07/09/20190907090400_00160.jpg,datasets_flow/dataset_cropped/09_Metas/07/09/20190907090400_00160.jpg,datasets_cloudmask/dataset_cropped/09_Metas/07/09/20190907090400_00160.png,386.4,515.8,153,23.3,963
9/7/2019 9:05,datasets/dataset_cropped/09_Metas/07/09/20190907090500_00160.jpg,datasets_flow/dataset_cropped/09_Metas/07/09/20190907090500_00160.jpg,datasets_cloudmask/dataset_cropped/09_Metas/07/09/20190907090500_00160.png,254.9,202.8,160.6,23.2,963
9/7/2019 9:06,datasets/dataset_cropped/09_Metas/07/09/20190907090600_00160.jpg,datasets_flow/dataset_cropped/09_Metas/07/09/20190907090600_00160.jpg,datasets_cloudmask/dataset_cropped/09_Metas/07/09/20190907090600_00160.png,312,288.2,178.5,23.1,963
9/7/2019 9:07,datasets/dataset_cropped/09_Metas/07/09/20190907090700_00160.jpg,datasets_flow/dataset_cropped/09_Metas/07/09/20190907090700_00160.jpg,datasets_cloudmask/dataset_cropped/09_Metas/07/09/20190907090700_00160.png,320.4,268.9,196.4,23.1,963
9/7/2019 9:08,datasets/dataset_cropped/09_Metas/07/09/20190907090800_00160.jpg,datasets_flow/dataset_cropped/09_Metas/07/09/20190907090800_00160.jpg,datasets_cloudmask/dataset_cropped/09_Metas/07/09/20190907090800_00160.png,332.7,272.1,205.1,23.1,963
9/7/2019 9:09,datasets/dataset_cropped/09_Metas/07/09/20190907090900_00160.jpg,datasets_flow/dataset_cropped/09_Metas/07/09/20190907090900_00160.jpg,datasets_cloudmask/dataset_cropped/09_Metas/07/09/20190907090900_00160.png,444.5,520.7,201,23,963
9/7/2019 9:10,datasets/dataset_cropped/09_Metas/07/09/20190907091000_00160.jpg,datasets_flow/dataset_cropped/09_Metas/07/09/20190907091000_00160.jpg,datasets_cloudmask/dataset_cropped/09_Metas/07/09/20190907091000_00160.png,399.9,425.4,199.5,23,963
9/7/2019 9:11,datasets/dataset_cropped/09_Metas/07/09/20190907091100_00160.jpg,datasets_flow/dataset_cropped/09_Metas/07/09/20190907091100_00160.jpg,datasets_cloudmask/dataset_cropped/09_Metas/07/09/20190907091100_00160.png,238.1,92.1,193.4,23,963
9/7/2019 9:12,datasets/dataset_cropped/09_Metas/07/09/20190907091200_00160.jpg,datasets_flow/dataset_cropped/09_Metas/07/09/20190907091200_00160.jpg,datasets_cloudmask/dataset_cropped/09_Metas/07/09/20190907091200_00160.png,248.1,93.7,203.7,23.1,963
9/7/2019 9:13,datasets/dataset_cropped/09_Metas/07/09/20190907091300_00160.jpg,datasets_flow/dataset_cropped/09_Metas/07/09/20190907091300_00160.jpg,datasets_cloudmask/dataset_cropped/09_Metas/07/09/20190907091300_00160.png,379.7,311,230.9,23.1,963
9/7/2019 9:14,datasets/dataset_cropped/09_Metas/07/09/20190907091400_00160.jpg,datasets_flow/dataset_cropped/09_Metas/07/09/20190907091400_00160.jpg,datasets_cloudmask/dataset_cropped/09_Metas/07/09/20190907091400_00160.png,276.3,72.9,239.5,23.3,963
9/7/2019 9:15,datasets/dataset_cropped/09_Metas/07/09/20190907091500_00160.jpg,datasets_flow/dataset_cropped/09_Metas/07/09/20190907091500_00160.jpg,datasets_cloudmask/dataset_cropped/09_Metas/07/09/20190907091500_00160.png,251.1,22.8,239.4,23.2,963
9/7/2019 9:16,datasets/dataset_cropped/09_Metas/07/09/20190907091600_00160.jpg,datasets_flow/dataset_cropped/09_Metas/07/09/20190907091600_00160.jpg,datasets_cloudmask/dataset_cropped/09_Metas/07/09/20190907091600_00160.png,284.4,93.5,238,23,963
9/7/2019 9:17,datasets/dataset_cropped/09_Metas/07/09/20190907091700_00160.jpg,datasets_flow/dataset_cropped/09_Metas/07/09/20190907091700_00160.jpg,datasets_cloudmask/dataset_cropped/09_Metas/07/09/20190907091700_00160.png,239.7,19.4,229.5,23,963
9/7/2019 9:18,datasets/dataset_cropped/09_Metas/07/09/20190907091800_00160.jpg,datasets_flow/dataset_cropped/09_Metas/07/09/20190907091800_00160.jpg,datasets_cloudmask/dataset_cropped/09_Metas/07/09/20190907091800_00160.png,231.6,1.6,230.3,23.2,963
9/7/2019 9:19,datasets/dataset_cropped/09_Metas/07/09/20190907091900_00160.jpg,datasets_flow/dataset_cropped/09_Metas/07/09/20190907091900_00160.jpg,datasets_cloudmask/dataset_cropped/09_Metas/07/09/20190907091900_00160.png,246.6,24,234.4,23.4,963
9/7/2019 9:20,datasets/dataset_cropped/09_Metas/07/09/20190907092000_00160.jpg,datasets_flow/dataset_cropped/09_Metas/07/09/20190907092000_00160.jpg,datasets_cloudmask/dataset_cropped/09_Metas/07/09/20190907092000_00160.png,329.8,149.2,254.7,23.2,963
9/7/2019 9:21,datasets/dataset_cropped/09_Metas/07/09/20190907092100_00160.jpg,datasets_flow/dataset_cropped/09_Metas/07/09/20190907092100_00160.jpg,datasets_cloudmask/dataset_cropped/09_Metas/07/09/20190907092100_00160.png,534.8,553.6,256.7,23.1,963
9/7/2019 9:22,datasets/dataset_cropped/09_Metas/07/09/20190907092200_00160.jpg,datasets_flow/dataset_cropped/09_Metas/07/09/20190907092200_00160.jpg,datasets_cloudmask/dataset_cropped/09_Metas/07/09/20190907092200_00160.png,498,550.9,219.6,23.2,963
9/7/2019 9:23,datasets/dataset_cropped/09_Metas/07/09/20190907092300_00160.jpg,datasets_flow/dataset_cropped/09_Metas/07/09/20190907092300_00160.jpg,datasets_cloudmask/dataset_cropped/09_Metas/07/09/20190907092300_00160.png,472.8,556.9,189.9,23.5,963
9/7/2019 9:24,datasets/dataset_cropped/09_Metas/07/09/20190907092400_00160.jpg,datasets_flow/dataset_cropped/09_Metas/07/09/20190907092400_00160.jpg,datasets_cloudmask/dataset_cropped/09_Metas/07/09/20190907092400_00160.png,461.2,556.7,177,23.7,963
9/7/2019 9:25,datasets/dataset_cropped/09_Metas/07/09/20190907092500_00160.jpg,datasets_flow/dataset_cropped/09_Metas/07/09/20190907092500_00160.jpg,datasets_cloudmask/dataset_cropped/09_Metas/07/09/20190907092500_00160.png,450.6,545.4,170.7,23.8,963
9/7/2019 9:26,datasets/dataset_cropped/09_Metas/07/09/20190907092600_00160.jpg,datasets_flow/dataset_cropped/09_Metas/07/09/20190907092600_00160.jpg,datasets_cloudmask/dataset_cropped/09_Metas/07/09/20190907092600_00160.png,466.1,574.8,169.3,23.6,963
9/7/2019 9:27,datasets/dataset_cropped/09_Metas/07/09/20190907092700_00160.jpg,datasets_flow/dataset_cropped/09_Metas/07/09/20190907092700_00160.jpg,datasets_cloudmask/dataset_cropped/09_Metas/07/09/20190907092700_00160.png,464.3,560.6,172.9,23.5,963
9/7/2019 9:28,datasets/dataset_cropped/09_Metas/07/09/20190907092800_00160.jpg,datasets_flow/dataset_cropped/09_Metas/07/09/20190907092800_00160.jpg,datasets_cloudmask/dataset_cropped/09_Metas/07/09/20190907092800_00160.png,421.4,457.9,182.2,23.4,963
9/7/2019 9:29,datasets/dataset_cropped/09_Metas/07/09/20190907092900_00160.jpg,datasets_flow/dataset_cropped/09_Metas/07/09/20190907092900_00160.jpg,datasets_cloudmask/dataset_cropped/09_Metas/07/09/20190907092900_00160.png,358.6,317.1,190.7,23.4,963
9/7/2019 9:30,datasets/dataset_cropped/09_Metas/07/09/20190907093000_00160.jpg,datasets_flow/dataset_cropped/09_Metas/07/09/20190907093000_00160.jpg,datasets_cloudmask/dataset_cropped/09_Metas/07/09/20190907093000_00160.png,307.6,176.6,213,23.3,963
9/7/2019 9:31,datasets/dataset_cropped/09_Metas/07/09/20190907093100_00160.jpg,datasets_flow/dataset_cropped/09_Metas/07/09/20190907093100_00160.jpg,datasets_cloudmask/dataset_cropped/09_Metas/07/09/20190907093100_00160.png,252.6,17,242.9,23.4,963
9/7/2019 9:32,datasets/dataset_cropped/09_Metas/07/09/20190907093200_00160.jpg,datasets_flow/dataset_cropped/09_Metas/07/09/20190907093200_00160.jpg,datasets_cloudmask/dataset_cropped/09_Metas/07/09/20190907093200_00160.png,264.1,4.7,260.6,23.4,963
9/7/2019 9:33,datasets/dataset_cropped/09_Metas/07/09/20190907093300_00160.jpg,datasets_flow/dataset_cropped/09_Metas/07/09/20190907093300_00160.jpg,datasets_cloudmask/dataset_cropped/09_Metas/07/09/20190907093300_00160.png,247,0,246.4,23.3,963
9/7/2019 9:34,datasets/dataset_cropped/09_Metas/07/09/20190907093400_00160.jpg,datasets_flow/dataset_cropped/09_Metas/07/09/20190907093400_00160.jpg,datasets_cloudmask/dataset_cropped/09_Metas/07/09/20190907093400_00160.png,229.4,0.5,228.4,23.4,963
9/7/2019 9:35,datasets/dataset_cropped/09_Metas/07/09/20190907093500_00160.jpg,datasets_flow/dataset_cropped/09_Metas/07/09/20190907093500_00160.jpg,datasets_cloudmask/dataset_cropped/09_Metas/07/09/20190907093500_00160.png,229.1,0.6,228.5,23.4,963
9/7/2019 9:36,datasets/dataset_cropped/09_Metas/07/09/20190907093600_00160.jpg,datasets_flow/dataset_cropped/09_Metas/07/09/20190907093600_00160.jpg,datasets_cloudmask/dataset_cropped/09_Metas/07/09/20190907093600_00160.png,271.1,34.8,251.8,23.4,963
9/7/2019 9:37,datasets/dataset_cropped/09_Metas/07/09/20190907093700_00160.jpg,datasets_flow/dataset_cropped/09_Metas/07/09/20190907093700_00160.jpg,datasets_cloudmask/dataset_cropped/09_Metas/07/09/20190907093700_00160.png,320.4,50.9,292,23.4,963
9/7/2019 9:38,datasets/dataset_cropped/09_Metas/07/09/20190907093800_00160.jpg,datasets_flow/dataset_cropped/09_Metas/07/09/20190907093800_00160.jpg,datasets_cloudmask/dataset_cropped/09_Metas/07/09/20190907093800_00160.png,330.6,36.5,309.2,23.4,963
9/7/2019 9:39,datasets/dataset_cropped/09_Metas/07/09/20190907093900_00160.jpg,datasets_flow/dataset_cropped/09_Metas/07/09/20190907093900_00160.jpg,datasets_cloudmask/dataset_cropped/09_Metas/07/09/20190907093900_00160.png,294.2,8.9,288.8,23.5,963
9/7/2019 9:40,datasets/dataset_cropped/09_Metas/07/09/20190907094000_00160.jpg,datasets_flow/dataset_cropped/09_Metas/07/09/20190907094000_00160.jpg,datasets_cloudmask/dataset_cropped/09_Metas/07/09/20190907094000_00160.png,258.1,5.9,254.3,23.5,963
9/7/2019 9:41,datasets/dataset_cropped/09_Metas/07/09/20190907094100_00160.jpg,datasets_flow/dataset_cropped/09_Metas/07/09/20190907094100_00160.jpg,datasets_cloudmask/dataset_cropped/09_Metas/07/09/20190907094100_00160.png,260.3,8.4,254.4,23.6,963
9/7/2019 9:42,datasets/dataset_cropped/09_Metas/07/09/20190907094200_00160.jpg,datasets_flow/dataset_cropped/09_Metas/07/09/20190907094200_00160.jpg,datasets_cloudmask/dataset_cropped/09_Metas/07/09/20190907094200_00160.png,261.3,5.3,258,23.4,963
9/7/2019 9:43,datasets/dataset_cropped/09_Metas/07/09/20190907094300_00160.jpg,datasets_flow/dataset_cropped/09_Metas/07/09/20190907094300_00160.jpg,datasets_cloudmask/dataset_cropped/09_Metas/07/09/20190907094300_00160.png,324,77.3,280.7,23.3,963
9/7/2019 9:44,datasets/dataset_cropped/09_Metas/07/09/20190907094400_00160.jpg,datasets_flow/dataset_cropped/09_Metas/07/09/20190907094400_00160.jpg,datasets_cloudmask/dataset_cropped/09_Metas/07/09/20190907094400_00160.png,539.4,364.7,333,23.4,963
9/7/2019 9:45,datasets/dataset_cropped/09_Metas/07/09/20190907094500_00160.jpg,datasets_flow/dataset_cropped/09_Metas/07/09/20190907094500_00160.jpg,datasets_cloudmask/dataset_cropped/09_Metas/07/09/20190907094500_00160.png,495.9,276.4,340.3,23.6,963
9/7/2019 9:46,datasets/dataset_cropped/09_Metas/07/09/20190907094600_00160.jpg,datasets_flow/dataset_cropped/09_Metas/07/09/20190907094600_00160.jpg,datasets_cloudmask/dataset_cropped/09_Metas/07/09/20190907094600_00160.png,375.8,105.5,316.1,23.7,963
9/7/2019 9:47,datasets/dataset_cropped/09_Metas/07/09/20190907094700_00160.jpg,datasets_flow/dataset_cropped/09_Metas/07/09/20190907094700_00160.jpg,datasets_cloudmask/dataset_cropped/09_Metas/07/09/20190907094700_00160.png,388.4,147.9,302.9,23.8,963
9/7/2019 9:48,datasets/dataset_cropped/09_Metas/07/09/20190907094800_00160.jpg,datasets_flow/dataset_cropped/09_Metas/07/09/20190907094800_00160.jpg,datasets_cloudmask/dataset_cropped/09_Metas/07/09/20190907094800_00160.png,367,123,294,23.8,963
9/7/2019 9:49,datasets/dataset_cropped/09_Metas/07/09/20190907094900_00160.jpg,datasets_flow/dataset_cropped/09_Metas/07/09/20190907094900_00160.jpg,datasets_cloudmask/dataset_cropped/09_Metas/07/09/20190907094900_00160.png,273.7,7.2,268.9,23.7,963
9/7/2019 9:50,datasets/dataset_cropped/09_Metas/07/09/20190907095000_00160.jpg,datasets_flow/dataset_cropped/09_Metas/07/09/20190907095000_00160.jpg,datasets_cloudmask/dataset_cropped/09_Metas/07/09/20190907095000_00160.png,422.2,242,281.5,23.4,963
9/7/2019 9:51,datasets/dataset_cropped/09_Metas/07/09/20190907095100_00160.jpg,datasets_flow/dataset_cropped/09_Metas/07/09/20190907095100_00160.jpg,datasets_cloudmask/dataset_cropped/09_Metas/07/09/20190907095100_00160.png,620.7,529.5,309.4,23.5,963
9/7/2019 9:52,datasets/dataset_cropped/09_Metas/07/09/20190907095200_00160.jpg,datasets_flow/dataset_cropped/09_Metas/07/09/20190907095200_00160.jpg,datasets_cloudmask/dataset_cropped/09_Metas/07/09/20190907095200_00160.png,569.2,421.8,321.2,23.8,963
9/7/2019 9:53,datasets/dataset_cropped/09_Metas/07/09/20190907095300_00160.jpg,datasets_flow/dataset_cropped/09_Metas/07/09/20190907095300_00160.jpg,datasets_cloudmask/dataset_cropped/09_Metas/07/09/20190907095300_00160.png,576.2,439.7,314.9,24,963
9/7/2019 9:54,datasets/dataset_cropped/09_Metas/07/09/20190907095400_00160.jpg,datasets_flow/dataset_cropped/09_Metas/07/09/20190907095400_00160.jpg,datasets_cloudmask/dataset_cropped/09_Metas/07/09/20190907095400_00160.png,383.8,130.3,305.1,24.4,963
9/7/2019 9:55,datasets/dataset_cropped/09_Metas/07/09/20190907095500_00160.jpg,datasets_flow/dataset_cropped/09_Metas/07/09/20190907095500_00160.jpg,datasets_cloudmask/dataset_cropped/09_Metas/07/09/20190907095500_00160.png,446.7,207.1,321.1,24.4,963
9/7/2019 9:56,datasets/dataset_cropped/09_Metas/07/09/20190907095600_00160.jpg,datasets_flow/dataset_cropped/09_Metas/07/09/20190907095600_00160.jpg,datasets_cloudmask/dataset_cropped/09_Metas/07/09/20190907095600_00160.png,544.2,345.4,335.6,24.3,963
9/7/2019 9:57,datasets/dataset_cropped/09_Metas/07/09/20190907095700_00160.jpg,datasets_flow/dataset_cropped/09_Metas/07/09/20190907095700_00160.jpg,datasets_cloudmask/dataset_cropped/09_Metas/07/09/20190907095700_00160.png,443.6,195.5,324.9,23.9,963
9/7/2019 9:58,datasets/dataset_cropped/09_Metas/07/09/20190907095800_00160.jpg,datasets_flow/dataset_cropped/09_Metas/07/09/20190907095800_00160.jpg,datasets_cloudmask/dataset_cropped/09_Metas/07/09/20190907095800_00160.png,658.3,568.7,314.9,23.9,963
9/7/2019 9:59,datasets/dataset_cropped/09_Metas/07/09/20190907095900_00160.jpg,datasets_flow/dataset_cropped/09_Metas/07/09/20190907095900_00160.jpg,datasets_cloudmask/dataset_cropped/09_Metas/07/09/20190907095900_00160.png,611.3,516.3,298,24.2,963
9/7/2019 10:00,datasets/dataset_cropped/09_Metas/07/10/20190907100000_00160.jpg,datasets_flow/dataset_cropped/09_Metas/07/10/20190907100000_00160.jpg,datasets_cloudmask/dataset_cropped/09_Metas/07/10/20190907100000_00160.png,604.1,517.5,288.8,24.1,963
9/7/2019 10:01,datasets/dataset_cropped/09_Metas/07/10/20190907100100_00160.jpg,datasets_flow/dataset_cropped/09_Metas/07/10/20190907100100_00160.jpg,datasets_cloudmask/dataset_cropped/09_Metas/07/10/20190907100100_00160.png,644.4,580.5,289.6,24.1,963
9/7/2019 10:02,datasets/dataset_cropped/09_Metas/07/10/20190907100200_00160.jpg,datasets_flow/dataset_cropped/09_Metas/07/10/20190907100200_00160.jpg,datasets_cloudmask/dataset_cropped/09_Metas/07/10/20190907100200_00160.png,608.1,521.7,286.4,24.1,963
9/7/2019 10:03,datasets/dataset_cropped/09_Metas/07/10/20190907100300_00160.jpg,datasets_flow/dataset_cropped/09_Metas/07/10/20190907100300_00160.jpg,datasets_cloudmask/dataset_cropped/09_Metas/07/10/20190907100300_00160.png,526.6,392.1,284.3,24.3,963
9/7/2019 10:04,datasets/dataset_cropped/09_Metas/07/10/20190907100400_00160.jpg,datasets_flow/dataset_cropped/09_Metas/07/10/20190907100400_00160.jpg,datasets_cloudmask/dataset_cropped/09_Metas/07/10/20190907100400_00160.png,584.1,496.7,276,24.5,963
9/7/2019 10:05,datasets/dataset_cropped/09_Metas/07/10/20190907100500_00160.jpg,datasets_flow/dataset_cropped/09_Metas/07/10/20190907100500_00160.jpg,datasets_cloudmask/dataset_cropped/09_Metas/07/10/20190907100500_00160.png,625.9,550.5,283.6,24.4,963
9/7/2019 10:06,datasets/dataset_cropped/09_Metas/07/10/20190907100600_00160.jpg,datasets_flow/dataset_cropped/09_Metas/07/10/20190907100600_00160.jpg,datasets_cloudmask/dataset_cropped/09_Metas/07/10/20190907100600_00160.png,478.9,282.9,301.1,24.2,963
9/7/2019 10:07,datasets/dataset_cropped/09_Metas/07/10/20190907100700_00160.jpg,datasets_flow/dataset_cropped/09_Metas/07/10/20190907100700_00160.jpg,datasets_cloudmask/dataset_cropped/09_Metas/07/10/20190907100700_00160.png,633.2,546.2,290.5,23.9,963
9/7/2019 10:08,datasets/dataset_cropped/09_Metas/07/10/20190907100800_00160.jpg,datasets_flow/dataset_cropped/09_Metas/07/10/20190907100800_00160.jpg,datasets_cloudmask/dataset_cropped/09_Metas/07/10/20190907100800_00160.png,456.9,288,273.8,23.8,963
9/7/2019 10:09,datasets/dataset_cropped/09_Metas/07/10/20190907100900_00160.jpg,datasets_flow/dataset_cropped/09_Metas/07/10/20190907100900_00160.jpg,datasets_cloudmask/dataset_cropped/09_Metas/07/10/20190907100900_00160.png,606,514.4,279.9,23.9,963
9/7/2019 10:10,datasets/dataset_cropped/09_Metas/07/10/20190907101000_00160.jpg,datasets_flow/dataset_cropped/09_Metas/07/10/20190907101000_00160.jpg,datasets_cloudmask/dataset_cropped/09_Metas/07/10/20190907101000_00160.png,428.9,236.9,276.2,23.9,963
9/7/2019 10:11,datasets/dataset_cropped/09_Metas/07/10/20190907101100_00160.jpg,datasets_flow/dataset_cropped/09_Metas/07/10/20190907101100_00160.jpg,datasets_cloudmask/dataset_cropped/09_Metas/07/10/20190907101100_00160.png,535.3,400.2,276.6,24.1,963
9/7/2019 10:12,datasets/dataset_cropped/09_Metas/07/10/20190907101200_00160.jpg,datasets_flow/dataset_cropped/09_Metas/07/10/20190907101200_00160.jpg,datasets_cloudmask/dataset_cropped/09_Metas/07/10/20190907101200_00160.png,400.4,176,282.3,24.2,963
9/7/2019 10:13,datasets/dataset_cropped/09_Metas/07/10/20190907101300_00160.jpg,datasets_flow/dataset_cropped/09_Metas/07/10/20190907101300_00160.jpg,datasets_cloudmask/dataset_cropped/09_Metas/07/10/20190907101300_00160.png,318.3,36.5,291.7,23.8,963
9/7/2019 10:14,datasets/dataset_cropped/09_Metas/07/10/20190907101400_00160.jpg,datasets_flow/dataset_cropped/09_Metas/07/10/20190907101400_00160.jpg,datasets_cloudmask/dataset_cropped/09_Metas/07/10/20190907101400_00160.png,350.4,47.6,315.2,23.7,963
9/7/2019 10:15,datasets/dataset_cropped/09_Metas/07/10/20190907101500_00160.jpg,datasets_flow/dataset_cropped/09_Metas/07/10/20190907101500_00160.jpg,datasets_cloudmask/dataset_cropped/09_Metas/07/10/20190907101500_00160.png,356.1,45.5,325.1,23.7,963
9/7/2019 10:16,datasets/dataset_cropped/09_Metas/07/10/20190907101600_00160.jpg,datasets_flow/dataset_cropped/09_Metas/07/10/20190907101600_00160.jpg,datasets_cloudmask/dataset_cropped/09_Metas/07/10/20190907101600_00160.png,504.4,282,321.8,24.1,963
9/7/2019 10:17,datasets/dataset_cropped/09_Metas/07/10/20190907101700_00160.jpg,datasets_flow/dataset_cropped/09_Metas/07/10/20190907101700_00160.jpg,datasets_cloudmask/dataset_cropped/09_Metas/07/10/20190907101700_00160.png,384.1,104.5,312,24.1,963
9/7/2019 10:18,datasets/dataset_cropped/09_Metas/07/10/20190907101800_00160.jpg,datasets_flow/dataset_cropped/09_Metas/07/10/20190907101800_00160.jpg,datasets_cloudmask/dataset_cropped/09_Metas/07/10/20190907101800_00160.png,289.8,0.6,287.3,23.9,963
9/7/2019 10:19,datasets/dataset_cropped/09_Metas/07/10/20190907101900_00160.jpg,datasets_flow/dataset_cropped/09_Metas/07/10/20190907101900_00160.jpg,datasets_cloudmask/dataset_cropped/09_Metas/07/10/20190907101900_00160.png,470.3,219.9,321.9,24,963
9/7/2019 10:20,datasets/dataset_cropped/09_Metas/07/10/20190907102000_00160.jpg,datasets_flow/dataset_cropped/09_Metas/07/10/20190907102000_00160.jpg,datasets_cloudmask/dataset_cropped/09_Metas/07/10/20190907102000_00160.png,511.9,280.7,321.8,23.9,963
9/7/2019 10:21,datasets/dataset_cropped/09_Metas/07/10/20190907102100_00160.jpg,datasets_flow/dataset_cropped/09_Metas/07/10/20190907102100_00160.jpg,datasets_cloudmask/dataset_cropped/09_Metas/07/10/20190907102100_00160.png,375,94.3,308.4,23.9,963
9/7/2019 10:22,datasets/dataset_cropped/09_Metas/07/10/20190907102200_00160.jpg,datasets_flow/dataset_cropped/09_Metas/07/10/20190907102200_00160.jpg,datasets_cloudmask/dataset_cropped/09_Metas/07/10/20190907102200_00160.png,539.2,349.9,304.8,23.7,963
9/7/2019 10:23,datasets/dataset_cropped/09_Metas/07/10/20190907102300_00160.jpg,datasets_flow/dataset_cropped/09_Metas/07/10/20190907102300_00160.jpg,datasets_cloudmask/dataset_cropped/09_Metas/07/10/20190907102300_00160.png,657.9,546,293.4,23.5,963
9/7/2019 10:24,datasets/dataset_cropped/09_Metas/07/10/20190907102400_00160.jpg,datasets_flow/dataset_cropped/09_Metas/07/10/20190907102400_00160.jpg,datasets_cloudmask/dataset_cropped/09_Metas/07/10/20190907102400_00160.png,654.3,544.6,289.7,23.8,963
9/7/2019 10:25,datasets/dataset_cropped/09_Metas/07/10/20190907102500_00160.jpg,datasets_flow/dataset_cropped/09_Metas/07/10/20190907102500_00160.jpg,datasets_cloudmask/dataset_cropped/09_Metas/07/10/20190907102500_00160.png,677.4,574.1,292.3,24.1,963
9/7/2019 10:26,datasets/dataset_cropped/09_Metas/07/10/20190907102600_00160.jpg,datasets_flow/dataset_cropped/09_Metas/07/10/20190907102600_00160.jpg,datasets_cloudmask/dataset_cropped/09_Metas/07/10/20190907102600_00160.png,687.9,601.5,283.6,24.3,963
9/7/2019 10:27,datasets/dataset_cropped/09_Metas/07/10/20190907102700_00160.jpg,datasets_flow/dataset_cropped/09_Metas/07/10/20190907102700_00160.jpg,datasets_cloudmask/dataset_cropped/09_Metas/07/10/20190907102700_00160.png,707.5,627.6,284.4,24.5,963
9/7/2019 10:28,datasets/dataset_cropped/09_Metas/07/10/20190907102800_00160.jpg,datasets_flow/dataset_cropped/09_Metas/07/10/20190907102800_00160.jpg,datasets_cloudmask/dataset_cropped/09_Metas/07/10/20190907102800_00160.png,722,643.4,287.3,24.9,963
9/7/2019 10:29,datasets/dataset_cropped/09_Metas/07/10/20190907102900_00160.jpg,datasets_flow/dataset_cropped/09_Metas/07/10/20190907102900_00160.jpg,datasets_cloudmask/dataset_cropped/09_Metas/07/10/20190907102900_00160.png,724.6,657.9,279.5,25.2,963
9/7/2019 10:30,datasets/dataset_cropped/09_Metas/07/10/20190907103000_00160.jpg,datasets_flow/dataset_cropped/09_Metas/07/10/20190907103000_00160.jpg,datasets_cloudmask/dataset_cropped/09_Metas/07/10/20190907103000_00160.png,729,685.5,263.6,25.1,963
9/7/2019 10:31,datasets/dataset_cropped/09_Metas/07/10/20190907103100_00160.jpg,datasets_flow/dataset_cropped/09_Metas/07/10/20190907103100_00160.jpg,datasets_cloudmask/dataset_cropped/09_Metas/07/10/20190907103100_00160.png,723.9,687.4,255.4,24.5,963
9/7/2019 10:32,datasets/dataset_cropped/09_Metas/07/10/20190907103200_00160.jpg,datasets_flow/dataset_cropped/09_Metas/07/10/20190907103200_00160.jpg,datasets_cloudmask/dataset_cropped/09_Metas/07/10/20190907103200_00160.png,716.4,686.2,246.8,24.6,963
9/7/2019 10:33,datasets/dataset_cropped/09_Metas/07/10/20190907103300_00160.jpg,datasets_flow/dataset_cropped/09_Metas/07/10/20190907103300_00160.jpg,datasets_cloudmask/dataset_cropped/09_Metas/07/10/20190907103300_00160.png,711.3,686.4,239.7,24.9,963
9/7/2019 10:34,datasets/dataset_cropped/09_Metas/07/10/20190907103400_00160.jpg,datasets_flow/dataset_cropped/09_Metas/07/10/20190907103400_00160.jpg,datasets_cloudmask/dataset_cropped/09_Metas/07/10/20190907103400_00160.png,712.8,677.7,246,25.3,963
9/7/2019 10:35,datasets/dataset_cropped/09_Metas/07/10/20190907103500_00160.jpg,datasets_flow/dataset_cropped/09_Metas/07/10/20190907103500_00160.jpg,datasets_cloudmask/dataset_cropped/09_Metas/07/10/20190907103500_00160.png,708.1,674.3,242.7,25,963
9/7/2019 10:36,datasets/dataset_cropped/09_Metas/07/10/20190907103600_00160.jpg,datasets_flow/dataset_cropped/09_Metas/07/10/20190907103600_00160.jpg,datasets_cloudmask/dataset_cropped/09_Metas/07/10/20190907103600_00160.png,717.6,694.1,237,24.9,963
9/7/2019 10:37,datasets/dataset_cropped/09_Metas/07/10/20190907103700_00160.jpg,datasets_flow/dataset_cropped/09_Metas/07/10/20190907103700_00160.jpg,datasets_cloudmask/dataset_cropped/09_Metas/07/10/20190907103700_00160.png,654.2,601.5,238.2,24.7,963
9/7/2019 10:38,datasets/dataset_cropped/09_Metas/07/10/20190907103800_00160.jpg,datasets_flow/dataset_cropped/09_Metas/07/10/20190907103800_00160.jpg,datasets_cloudmask/dataset_cropped/09_Metas/07/10/20190907103800_00160.png,711.8,684.9,233.9,24.5,963
9/7/2019 10:39,datasets/dataset_cropped/09_Metas/07/10/20190907103900_00160.jpg,datasets_flow/dataset_cropped/09_Metas/07/10/20190907103900_00160.jpg,datasets_cloudmask/dataset_cropped/09_Metas/07/10/20190907103900_00160.png,705.1,678.9,229.7,24.2,963
9/7/2019 10:40,datasets/dataset_cropped/09_Metas/07/10/20190907104000_00160.jpg,datasets_flow/dataset_cropped/09_Metas/07/10/20190907104000_00160.jpg,datasets_cloudmask/dataset_cropped/09_Metas/07/10/20190907104000_00160.png,740.4,725.1,231.5,24.1,963
9/7/2019 10:41,datasets/dataset_cropped/09_Metas/07/10/20190907104100_00160.jpg,datasets_flow/dataset_cropped/09_Metas/07/10/20190907104100_00160.jpg,datasets_cloudmask/dataset_cropped/09_Metas/07/10/20190907104100_00160.png,670.9,619.2,235.5,24.4,963
9/7/2019 10:42,datasets/dataset_cropped/09_Metas/07/10/20190907104200_00160.jpg,datasets_flow/dataset_cropped/09_Metas/07/10/20190907104200_00160.jpg,datasets_cloudmask/dataset_cropped/09_Metas/07/10/20190907104200_00160.png,703.5,679.6,223.8,24.7,963
9/7/2019 10:43,datasets/dataset_cropped/09_Metas/07/10/20190907104300_00160.jpg,datasets_flow/dataset_cropped/09_Metas/07/10/20190907104300_00160.jpg,datasets_cloudmask/dataset_cropped/09_Metas/07/10/20190907104300_00160.png,728.9,720.5,219.2,24.7,963
9/7/2019 10:44,datasets/dataset_cropped/09_Metas/07/10/20190907104400_00160.jpg,datasets_flow/dataset_cropped/09_Metas/07/10/20190907104400_00160.jpg,datasets_cloudmask/dataset_cropped/09_Metas/07/10/20190907104400_00160.png,719.5,707.2,217.5,24.6,963
9/7/2019 10:45,datasets/dataset_cropped/09_Metas/07/10/20190907104500_00160.jpg,datasets_flow/dataset_cropped/09_Metas/07/10/20190907104500_00160.jpg,datasets_cloudmask/dataset_cropped/09_Metas/07/10/20190907104500_00160.png,725.2,713.1,217.6,24.8,963
9/7/2019 10:46,datasets/dataset_cropped/09_Metas/07/10/20190907104600_00160.jpg,datasets_flow/dataset_cropped/09_Metas/07/10/20190907104600_00160.jpg,datasets_cloudmask/dataset_cropped/09_Metas/07/10/20190907104600_00160.png,711.2,691.5,216.9,25.3,963
9/7/2019 10:47,datasets/dataset_cropped/09_Metas/07/10/20190907104700_00160.jpg,datasets_flow/dataset_cropped/09_Metas/07/10/20190907104700_00160.jpg,datasets_cloudmask/dataset_cropped/09_Metas/07/10/20190907104700_00160.png,713.5,688.8,219.6,25.4,963
9/7/2019 10:48,datasets/dataset_cropped/09_Metas/07/10/20190907104800_00160.jpg,datasets_flow/dataset_cropped/09_Metas/07/10/20190907104800_00160.jpg,datasets_cloudmask/dataset_cropped/09_Metas/07/10/20190907104800_00160.png,725.1,697.5,223.6,25.2,963
9/7/2019 10:49,datasets/dataset_cropped/09_Metas/07/10/20190907104900_00160.jpg,datasets_flow/dataset_cropped/09_Metas/07/10/20190907104900_00160.jpg,datasets_cloudmask/dataset_cropped/09_Metas/07/10/20190907104900_00160.png,713.3,678,225.2,25.4,963
9/7/2019 10:50,datasets/dataset_cropped/09_Metas/07/10/20190907105000_00160.jpg,datasets_flow/dataset_cropped/09_Metas/07/10/20190907105000_00160.jpg,datasets_cloudmask/dataset_cropped/09_Metas/07/10/20190907105000_00160.png,709.1,675.8,221.7,25.6,963
9/7/2019 10:51,datasets/dataset_cropped/09_Metas/07/10/20190907105100_00160.jpg,datasets_flow/dataset_cropped/09_Metas/07/10/20190907105100_00160.jpg,datasets_cloudmask/dataset_cropped/09_Metas/07/10/20190907105100_00160.png,712.4,683.5,217.9,25.6,963
9/7/2019 10:52,datasets/dataset_cropped/09_Metas/07/10/20190907105200_00160.jpg,datasets_flow/dataset_cropped/09_Metas/07/10/20190907105200_00160.jpg,datasets_cloudmask/dataset_cropped/09_Metas/07/10/20190907105200_00160.png,731.9,708,217.6,25.3,963
9/7/2019 10:53,datasets/dataset_cropped/09_Metas/07/10/20190907105300_00160.jpg,datasets_flow/dataset_cropped/09_Metas/07/10/20190907105300_00160.jpg,datasets_cloudmask/dataset_cropped/09_Metas/07/10/20190907105300_00160.png,735.3,707,220.4,25.6,963
9/7/2019 10:54,datasets/dataset_cropped/09_Metas/07/10/20190907105400_00160.jpg,datasets_flow/dataset_cropped/09_Metas/07/10/20190907105400_00160.jpg,datasets_cloudmask/dataset_cropped/09_Metas/07/10/20190907105400_00160.png,748.3,722.2,221.6,25.4,963
9/7/2019 10:55,datasets/dataset_cropped/09_Metas/07/10/20190907105500_00160.jpg,datasets_flow/dataset_cropped/09_Metas/07/10/20190907105500_00160.jpg,datasets_cloudmask/dataset_cropped/09_Metas/07/10/20190907105500_00160.png,765.9,731.8,230.8,25.1,963
9/7/2019 10:56,datasets/dataset_cropped/09_Metas/07/10/20190907105600_00160.jpg,datasets_flow/dataset_cropped/09_Metas/07/10/20190907105600_00160.jpg,datasets_cloudmask/dataset_cropped/09_Metas/07/10/20190907105600_00160.png,787.3,732.5,249.3,25,963
9/7/2019 10:57,datasets/dataset_cropped/09_Metas/07/10/20190907105700_00160.jpg,datasets_flow/dataset_cropped/09_Metas/07/10/20190907105700_00160.jpg,datasets_cloudmask/dataset_cropped/09_Metas/07/10/20190907105700_00160.png,792.9,702.4,273.8,25.2,963
9/7/2019 10:58,datasets/dataset_cropped/09_Metas/07/10/20190907105800_00160.jpg,datasets_flow/dataset_cropped/09_Metas/07/10/20190907105800_00160.jpg,datasets_cloudmask/dataset_cropped/09_Metas/07/10/20190907105800_00160.png,849,744.7,297.5,25.4,963
9/7/2019 10:59,datasets/dataset_cropped/09_Metas/07/10/20190907105900_00160.jpg,datasets_flow/dataset_cropped/09_Metas/07/10/20190907105900_00160.jpg,datasets_cloudmask/dataset_cropped/09_Metas/07/10/20190907105900_00160.png,866,737.7,319.6,25.6,963
9/7/2019 11:00,datasets/dataset_cropped/09_Metas/07/11/20190907110000_00160.jpg,datasets_flow/dataset_cropped/09_Metas/07/11/20190907110000_00160.jpg,datasets_cloudmask/dataset_cropped/09_Metas/07/11/20190907110000_00160.png,867,726.1,327.2,25.5,963
9/7/2019 11:01,datasets/dataset_cropped/09_Metas/07/11/20190907110100_00160.jpg,datasets_flow/dataset_cropped/09_Metas/07/11/20190907110100_00160.jpg,datasets_cloudmask/dataset_cropped/09_Metas/07/11/20190907110100_00160.png,840,702.5,316.4,25.6,963
9/7/2019 11:02,datasets/dataset_cropped/09_Metas/07/11/20190907110200_00160.jpg,datasets_flow/dataset_cropped/09_Metas/07/11/20190907110200_00160.jpg,datasets_cloudmask/dataset_cropped/09_Metas/07/11/20190907110200_00160.png,790.8,648.3,307.3,26.1,963
9/7/2019 11:03,datasets/dataset_cropped/09_Metas/07/11/20190907110300_00160.jpg,datasets_flow/dataset_cropped/09_Metas/07/11/20190907110300_00160.jpg,datasets_cloudmask/dataset_cropped/09_Metas/07/11/20190907110300_00160.png,746.8,572.9,318.6,26,963
9/7/2019 11:04,datasets/dataset_cropped/09_Metas/07/11/20190907110400_00160.jpg,datasets_flow/dataset_cropped/09_Metas/07/11/20190907110400_00160.jpg,datasets_cloudmask/dataset_cropped/09_Metas/07/11/20190907110400_00160.png,810,637.7,332.4,25.6,963
9/7/2019 11:05,datasets/dataset_cropped/09_Metas/07/11/20190907110500_00160.jpg,datasets_flow/dataset_cropped/09_Metas/07/11/20190907110500_00160.jpg,datasets_cloudmask/dataset_cropped/09_Metas/07/11/20190907110500_00160.png,824,645.3,340.2,25.4,963
9/7/2019 11:06,datasets/dataset_cropped/09_Metas/07/11/20190907110600_00160.jpg,datasets_flow/dataset_cropped/09_Metas/07/11/20190907110600_00160.jpg,datasets_cloudmask/dataset_cropped/09_Metas/07/11/20190907110600_00160.png,809,627.1,336.7,25.6,963
9/7/2019 11:07,datasets/dataset_cropped/09_Metas/07/11/20190907110700_00160.jpg,datasets_flow/dataset_cropped/09_Metas/07/11/20190907110700_00160.jpg,datasets_cloudmask/dataset_cropped/09_Metas/07/11/20190907110700_00160.png,797,610.3,333.1,25.5,963
9/7/2019 11:08,datasets/dataset_cropped/09_Metas/07/11/20190907110800_00160.jpg,datasets_flow/dataset_cropped/09_Metas/07/11/20190907110800_00160.jpg,datasets_cloudmask/dataset_cropped/09_Metas/07/11/20190907110800_00160.png,383.3,57.6,335.5,25.5,963
9/7/2019 11:09,datasets/dataset_cropped/09_Metas/07/11/20190907110900_00160.jpg,datasets_flow/dataset_cropped/09_Metas/07/11/20190907110900_00160.jpg,datasets_cloudmask/dataset_cropped/09_Metas/07/11/20190907110900_00160.png,377.3,33.5,350,25.4,963
9/7/2019 11:10,datasets/dataset_cropped/09_Metas/07/11/20190907111000_00160.jpg,datasets_flow/dataset_cropped/09_Metas/07/11/20190907111000_00160.jpg,datasets_cloudmask/dataset_cropped/09_Metas/07/11/20190907111000_00160.png,682.7,374.8,395.5,25.4,963
9/7/2019 11:11,datasets/dataset_cropped/09_Metas/07/11/20190907111100_00160.jpg,datasets_flow/dataset_cropped/09_Metas/07/11/20190907111100_00160.jpg,datasets_cloudmask/dataset_cropped/09_Metas/07/11/20190907111100_00160.png,863,648.3,368.7,25.6,963
9/7/2019 11:12,datasets/dataset_cropped/09_Metas/07/11/20190907111200_00160.jpg,datasets_flow/dataset_cropped/09_Metas/07/11/20190907111200_00160.jpg,datasets_cloudmask/dataset_cropped/09_Metas/07/11/20190907111200_00160.png,826,635.7,340.2,25.6,963
9/7/2019 11:13,datasets/dataset_cropped/09_Metas/07/11/20190907111300_00160.jpg,datasets_flow/dataset_cropped/09_Metas/07/11/20190907111300_00160.jpg,datasets_cloudmask/dataset_cropped/09_Metas/07/11/20190907111300_00160.png,454.5,189.1,306.1,25.5,963
9/7/2019 11:14,datasets/dataset_cropped/09_Metas/07/11/20190907111400_00160.jpg,datasets_flow/dataset_cropped/09_Metas/07/11/20190907111400_00160.jpg,datasets_cloudmask/dataset_cropped/09_Metas/07/11/20190907111400_00160.png,526.1,287.6,302.9,25.1,963
9/7/2019 11:15,datasets/dataset_cropped/09_Metas/07/11/20190907111500_00160.jpg,datasets_flow/dataset_cropped/09_Metas/07/11/20190907111500_00160.jpg,datasets_cloudmask/dataset_cropped/09_Metas/07/11/20190907111500_00160.png,781,598.6,318.8,25.2,963
9/7/2019 11:16,datasets/dataset_cropped/09_Metas/07/11/20190907111600_00160.jpg,datasets_flow/dataset_cropped/09_Metas/07/11/20190907111600_00160.jpg,datasets_cloudmask/dataset_cropped/09_Metas/07/11/20190907111600_00160.png,688.9,456.1,326.7,25.2,963
9/7/2019 11:17,datasets/dataset_cropped/09_Metas/07/11/20190907111700_00160.jpg,datasets_flow/dataset_cropped/09_Metas/07/11/20190907111700_00160.jpg,datasets_cloudmask/dataset_cropped/09_Metas/07/11/20190907111700_00160.png,689.7,458.5,331.2,24.8,963
9/7/2019 11:18,datasets/dataset_cropped/09_Metas/07/11/20190907111800_00160.jpg,datasets_flow/dataset_cropped/09_Metas/07/11/20190907111800_00160.jpg,datasets_cloudmask/dataset_cropped/09_Metas/07/11/20190907111800_00160.png,733.9,513.1,335.2,25.1,962
9/7/2019 11:19,datasets/dataset_cropped/09_Metas/07/11/20190907111900_00160.jpg,datasets_flow/dataset_cropped/09_Metas/07/11/20190907111900_00160.jpg,datasets_cloudmask/dataset_cropped/09_Metas/07/11/20190907111900_00160.png,720.8,485.2,343.3,25.2,962
9/7/2019 11:20,datasets/dataset_cropped/09_Metas/07/11/20190907112000_00160.jpg,datasets_flow/dataset_cropped/09_Metas/07/11/20190907112000_00160.jpg,datasets_cloudmask/dataset_cropped/09_Metas/07/11/20190907112000_00160.png,738.2,505.5,343.9,25.2,962
9/7/2019 11:21,datasets/dataset_cropped/09_Metas/07/11/20190907112100_00160.jpg,datasets_flow/dataset_cropped/09_Metas/07/11/20190907112100_00160.jpg,datasets_cloudmask/dataset_cropped/09_Metas/07/11/20190907112100_00160.png,741.1,496.9,351.8,25.4,962
9/7/2019 11:22,datasets/dataset_cropped/09_Metas/07/11/20190907112200_00160.jpg,datasets_flow/dataset_cropped/09_Metas/07/11/20190907112200_00160.jpg,datasets_cloudmask/dataset_cropped/09_Metas/07/11/20190907112200_00160.png,774.6,515,369.9,25.2,962
9/7/2019 11:23,datasets/dataset_cropped/09_Metas/07/11/20190907112300_00160.jpg,datasets_flow/dataset_cropped/09_Metas/07/11/20190907112300_00160.jpg,datasets_cloudmask/dataset_cropped/09_Metas/07/11/20190907112300_00160.png,761.2,493.7,373,25.3,962
9/7/2019 11:24,datasets/dataset_cropped/09_Metas/07/11/20190907112400_00160.jpg,datasets_flow/dataset_cropped/09_Metas/07/11/20190907112400_00160.jpg,datasets_cloudmask/dataset_cropped/09_Metas/07/11/20190907112400_00160.png,786.8,538,364.3,25.5,963
9/7/2019 11:25,datasets/dataset_cropped/09_Metas/07/11/20190907112500_00160.jpg,datasets_flow/dataset_cropped/09_Metas/07/11/20190907112500_00160.jpg,datasets_cloudmask/dataset_cropped/09_Metas/07/11/20190907112500_00160.png,797.5,561.9,355.9,25.5,962
9/7/2019 11:26,datasets/dataset_cropped/09_Metas/07/11/20190907112600_00160.jpg,datasets_flow/dataset_cropped/09_Metas/07/11/20190907112600_00160.jpg,datasets_cloudmask/dataset_cropped/09_Metas/07/11/20190907112600_00160.png,769.5,533.1,350.2,25.2,962
9/7/2019 11:27,datasets/dataset_cropped/09_Metas/07/11/20190907112700_00160.jpg,datasets_flow/dataset_cropped/09_Metas/07/11/20190907112700_00160.jpg,datasets_cloudmask/dataset_cropped/09_Metas/07/11/20190907112700_00160.png,709.8,462.4,345,25.2,962
9/7/2019 11:28,datasets/dataset_cropped/09_Metas/07/11/20190907112800_00160.jpg,datasets_flow/dataset_cropped/09_Metas/07/11/20190907112800_00160.jpg,datasets_cloudmask/dataset_cropped/09_Metas/07/11/20190907112800_00160.png,662.9,405.5,341.1,25.2,962
9/7/2019 11:29,datasets/dataset_cropped/09_Metas/07/11/20190907112900_00160.jpg,datasets_flow/dataset_cropped/09_Metas/07/11/20190907112900_00160.jpg,datasets_cloudmask/dataset_cropped/09_Metas/07/11/20190907112900_00160.png,588.6,309.9,341,25.2,962
9/7/2019 11:30,datasets/dataset_cropped/09_Metas/07/11/20190907113000_00160.jpg,datasets_flow/dataset_cropped/09_Metas/07/11/20190907113000_00160.jpg,datasets_cloudmask/dataset_cropped/09_Metas/07/11/20190907113000_00160.png,615.4,338.9,343.2,25.2,962
9/7/2019 11:31,datasets/dataset_cropped/09_Metas/07/11/20190907113100_00160.jpg,datasets_flow/dataset_cropped/09_Metas/07/11/20190907113100_00160.jpg,datasets_cloudmask/dataset_cropped/09_Metas/07/11/20190907113100_00160.png,612.5,329.9,347.1,25,962
9/7/2019 11:32,datasets/dataset_cropped/09_Metas/07/11/20190907113200_00160.jpg,datasets_flow/dataset_cropped/09_Metas/07/11/20190907113200_00160.jpg,datasets_cloudmask/dataset_cropped/09_Metas/07/11/20190907113200_00160.png,502,190.2,347,24.9,962
9/7/2019 11:33,datasets/dataset_cropped/09_Metas/07/11/20190907113300_00160.jpg,datasets_flow/dataset_cropped/09_Metas/07/11/20190907113300_00160.jpg,datasets_cloudmask/dataset_cropped/09_Metas/07/11/20190907113300_00160.png,576.3,266.4,360.9,25.1,962
9/7/2019 11:34,datasets/dataset_cropped/09_Metas/07/11/20190907113400_00160.jpg,datasets_flow/dataset_cropped/09_Metas/07/11/20190907113400_00160.jpg,datasets_cloudmask/dataset_cropped/09_Metas/07/11/20190907113400_00160.png,649,334.6,378.3,25.3,962
9/7/2019 11:35,datasets/dataset_cropped/09_Metas/07/11/20190907113500_00160.jpg,datasets_flow/dataset_cropped/09_Metas/07/11/20190907113500_00160.jpg,datasets_cloudmask/dataset_cropped/09_Metas/07/11/20190907113500_00160.png,669.8,346,389.4,25.3,962
9/7/2019 11:36,datasets/dataset_cropped/09_Metas/07/11/20190907113600_00160.jpg,datasets_flow/dataset_cropped/09_Metas/07/11/20190907113600_00160.jpg,datasets_cloudmask/dataset_cropped/09_Metas/07/11/20190907113600_00160.png,596,251.6,390.5,25.5,962
9/7/2019 11:37,datasets/dataset_cropped/09_Metas/07/11/20190907113700_00160.jpg,datasets_flow/dataset_cropped/09_Metas/07/11/20190907113700_00160.jpg,datasets_cloudmask/dataset_cropped/09_Metas/07/11/20190907113700_00160.png,548.2,192.1,389.8,25.9,962
9/7/2019 11:38,datasets/dataset_cropped/09_Metas/07/11/20190907113800_00160.jpg,datasets_flow/dataset_cropped/09_Metas/07/11/20190907113800_00160.jpg,datasets_cloudmask/dataset_cropped/09_Metas/07/11/20190907113800_00160.png,571.9,229.4,383.6,25.8,962
9/7/2019 11:39,datasets/dataset_cropped/09_Metas/07/11/20190907113900_00160.jpg,datasets_flow/dataset_cropped/09_Metas/07/11/20190907113900_00160.jpg,datasets_cloudmask/dataset_cropped/09_Metas/07/11/20190907113900_00160.png,495.3,156.6,365.7,25.4,962
9/7/2019 11:40,datasets/dataset_cropped/09_Metas/07/11/20190907114000_00160.jpg,datasets_flow/dataset_cropped/09_Metas/07/11/20190907114000_00160.jpg,datasets_cloudmask/dataset_cropped/09_Metas/07/11/20190907114000_00160.png,345.4,9.7,334.9,25,962
9/7/2019 11:41,datasets/dataset_cropped/09_Metas/07/11/20190907114100_00160.jpg,datasets_flow/dataset_cropped/09_Metas/07/11/20190907114100_00160.jpg,datasets_cloudmask/dataset_cropped/09_Metas/07/11/20190907114100_00160.png,412,86.1,339.2,24.9,962
9/7/2019 11:42,datasets/dataset_cropped/09_Metas/07/11/20190907114200_00160.jpg,datasets_flow/dataset_cropped/09_Metas/07/11/20190907114200_00160.jpg,datasets_cloudmask/dataset_cropped/09_Metas/07/11/20190907114200_00160.png,429.3,88,353.9,25.3,962
9/7/2019 11:43,datasets/dataset_cropped/09_Metas/07/11/20190907114300_00160.jpg,datasets_flow/dataset_cropped/09_Metas/07/11/20190907114300_00160.jpg,datasets_cloudmask/dataset_cropped/09_Metas/07/11/20190907114300_00160.png,424.1,91.5,345.1,25.3,962
9/7/2019 11:44,datasets/dataset_cropped/09_Metas/07/11/20190907114400_00160.jpg,datasets_flow/dataset_cropped/09_Metas/07/11/20190907114400_00160.jpg,datasets_cloudmask/dataset_cropped/09_Metas/07/11/20190907114400_00160.png,333.1,0.1,329.8,24.9,962
9/7/2019 11:45,datasets/dataset_cropped/09_Metas/07/11/20190907114500_00160.jpg,datasets_flow/dataset_cropped/09_Metas/07/11/20190907114500_00160.jpg,datasets_cloudmask/dataset_cropped/09_Metas/07/11/20190907114500_00160.png,381.8,42,344.6,24.6,962
9/7/2019 11:46,datasets/dataset_cropped/09_Metas/07/11/20190907114600_00160.jpg,datasets_flow/dataset_cropped/09_Metas/07/11/20190907114600_00160.jpg,datasets_cloudmask/dataset_cropped/09_Metas/07/11/20190907114600_00160.png,512.7,182.5,360.7,24.7,962
9/7/2019 11:47,datasets/dataset_cropped/09_Metas/07/11/20190907114700_00160.jpg,datasets_flow/dataset_cropped/09_Metas/07/11/20190907114700_00160.jpg,datasets_cloudmask/dataset_cropped/09_Metas/07/11/20190907114700_00160.png,407.3,52.5,361.6,24.8,962
9/7/2019 11:48,datasets/dataset_cropped/09_Metas/07/11/20190907114800_00160.jpg,datasets_flow/dataset_cropped/09_Metas/07/11/20190907114800_00160.jpg,datasets_cloudmask/dataset_cropped/09_Metas/07/11/20190907114800_00160.png,451,99.6,365.9,25,962
9/7/2019 11:49,datasets/dataset_cropped/09_Metas/07/11/20190907114900_00160.jpg,datasets_flow/dataset_cropped/09_Metas/07/11/20190907114900_00160.jpg,datasets_cloudmask/dataset_cropped/09_Metas/07/11/20190907114900_00160.png,413.5,70.1,352.9,25.1,962
9/7/2019 11:50,datasets/dataset_cropped/09_Metas/07/11/20190907115000_00160.jpg,datasets_flow/dataset_cropped/09_Metas/07/11/20190907115000_00160.jpg,datasets_cloudmask/dataset_cropped/09_Metas/07/11/20190907115000_00160.png,313.3,1,309.8,25.1,962
9/7/2019 11:51,datasets/dataset_cropped/09_Metas/07/11/20190907115100_00160.jpg,datasets_flow/dataset_cropped/09_Metas/07/11/20190907115100_00160.jpg,datasets_cloudmask/dataset_cropped/09_Metas/07/11/20190907115100_00160.png,289.6,0.3,287.1,25.1,962
9/7/2019 11:52,datasets/dataset_cropped/09_Metas/07/11/20190907115200_00160.jpg,datasets_flow/dataset_cropped/09_Metas/07/11/20190907115200_00160.jpg,datasets_cloudmask/dataset_cropped/09_Metas/07/11/20190907115200_00160.png,287.7,0.3,284.7,25.1,962
9/7/2019 11:53,datasets/dataset_cropped/09_Metas/07/11/20190907115300_00160.jpg,datasets_flow/dataset_cropped/09_Metas/07/11/20190907115300_00160.jpg,datasets_cloudmask/dataset_cropped/09_Metas/07/11/20190907115300_00160.png,321.3,13.9,307.8,24.9,962
9/7/2019 11:54,datasets/dataset_cropped/09_Metas/07/11/20190907115400_00160.jpg,datasets_flow/dataset_cropped/09_Metas/07/11/20190907115400_00160.jpg,datasets_cloudmask/dataset_cropped/09_Metas/07/11/20190907115400_00160.png,390.7,43.1,351.7,24.9,962
9/7/2019 11:55,datasets/dataset_cropped/09_Metas/07/11/20190907115500_00160.jpg,datasets_flow/dataset_cropped/09_Metas/07/11/20190907115500_00160.jpg,datasets_cloudmask/dataset_cropped/09_Metas/07/11/20190907115500_00160.png,513,137.8,396.4,25.1,962
9/7/2019 11:56,datasets/dataset_cropped/09_Metas/07/11/20190907115600_00160.jpg,datasets_flow/dataset_cropped/09_Metas/07/11/20190907115600_00160.jpg,datasets_cloudmask/dataset_cropped/09_Metas/07/11/20190907115600_00160.png,560.6,171.7,416,25.1,962
9/7/2019 11:57,datasets/dataset_cropped/09_Metas/07/11/20190907115700_00160.jpg,datasets_flow/dataset_cropped/09_Metas/07/11/20190907115700_00160.jpg,datasets_cloudmask/dataset_cropped/09_Metas/07/11/20190907115700_00160.png,571.9,180.4,420.5,25.2,962
9/7/2019 11:58,datasets/dataset_cropped/09_Metas/07/11/20190907115800_00160.jpg,datasets_flow/dataset_cropped/09_Metas/07/11/20190907115800_00160.jpg,datasets_cloudmask/dataset_cropped/09_Metas/07/11/20190907115800_00160.png,525.1,134,412.5,25.4,962
9/7/2019 11:59,datasets/dataset_cropped/09_Metas/07/11/20190907115900_00160.jpg,datasets_flow/dataset_cropped/09_Metas/07/11/20190907115900_00160.jpg,datasets_cloudmask/dataset_cropped/09_Metas/07/11/20190907115900_00160.png,481.7,100.8,396.6,25.6,962
9/7/2019 12:00,datasets/dataset_cropped/09_Metas/07/12/20190907120000_00160.jpg,datasets_flow/dataset_cropped/09_Metas/07/12/20190907120000_00160.jpg,datasets_cloudmask/dataset_cropped/09_Metas/07/12/20190907120000_00160.png,407.1,33.5,378.4,25.4,962
9/7/2019 12:01,datasets/dataset_cropped/09_Metas/07/12/20190907120100_00160.jpg,datasets_flow/dataset_cropped/09_Metas/07/12/20190907120100_00160.jpg,datasets_cloudmask/dataset_cropped/09_Metas/07/12/20190907120100_00160.png,388.7,7.2,380.4,25.2,962
9/7/2019 12:02,datasets/dataset_cropped/09_Metas/07/12/20190907120200_00160.jpg,datasets_flow/dataset_cropped/09_Metas/07/12/20190907120200_00160.jpg,datasets_cloudmask/dataset_cropped/09_Metas/07/12/20190907120200_00160.png,434.2,41.3,396.6,25.4,962
9/7/2019 12:03,datasets/dataset_cropped/09_Metas/07/12/20190907120300_00160.jpg,datasets_flow/dataset_cropped/09_Metas/07/12/20190907120300_00160.jpg,datasets_cloudmask/dataset_cropped/09_Metas/07/12/20190907120300_00160.png,420.1,20.6,399.4,25.2,962
9/7/2019 12:04,datasets/dataset_cropped/09_Metas/07/12/20190907120400_00160.jpg,datasets_flow/dataset_cropped/09_Metas/07/12/20190907120400_00160.jpg,datasets_cloudmask/dataset_cropped/09_Metas/07/12/20190907120400_00160.png,429,26.1,403.6,25.3,962
9/7/2019 12:05,datasets/dataset_cropped/09_Metas/07/12/20190907120500_00160.jpg,datasets_flow/dataset_cropped/09_Metas/07/12/20190907120500_00160.jpg,datasets_cloudmask/dataset_cropped/09_Metas/07/12/20190907120500_00160.png,458.6,54.5,409.7,25.2,962
9/7/2019 12:06,datasets/dataset_cropped/09_Metas/07/12/20190907120600_00160.jpg,datasets_flow/dataset_cropped/09_Metas/07/12/20190907120600_00160.jpg,datasets_cloudmask/dataset_cropped/09_Metas/07/12/20190907120600_00160.png,464.9,60.7,411.3,25.1,962
9/7/2019 12:07,datasets/dataset_cropped/09_Metas/07/12/20190907120700_00160.jpg,datasets_flow/dataset_cropped/09_Metas/07/12/20190907120700_00160.jpg,datasets_cloudmask/dataset_cropped/09_Metas/07/12/20190907120700_00160.png,463.8,57.5,413,25.2,962
9/7/2019 12:08,datasets/dataset_cropped/09_Metas/07/12/20190907120800_00160.jpg,datasets_flow/dataset_cropped/09_Metas/07/12/20190907120800_00160.jpg,datasets_cloudmask/dataset_cropped/09_Metas/07/12/20190907120800_00160.png,468.1,56.8,417.6,25.2,962
9/7/2019 12:09,datasets/dataset_cropped/09_Metas/07/12/20190907120900_00160.jpg,datasets_flow/dataset_cropped/09_Metas/07/12/20190907120900_00160.jpg,datasets_cloudmask/dataset_cropped/09_Metas/07/12/20190907120900_00160.png,478.6,60.3,424.7,25.2,962
9/7/2019 12:10,datasets/dataset_cropped/09_Metas/07/12/20190907121000_00160.jpg,datasets_flow/dataset_cropped/09_Metas/07/12/20190907121000_00160.jpg,datasets_cloudmask/dataset_cropped/09_Metas/07/12/20190907121000_00160.png,492.1,65.8,433.7,25.1,962
9/7/2019 12:11,datasets/dataset_cropped/09_Metas/07/12/20190907121100_00160.jpg,datasets_flow/dataset_cropped/09_Metas/07/12/20190907121100_00160.jpg,datasets_cloudmask/dataset_cropped/09_Metas/07/12/20190907121100_00160.png,525.7,92.9,443.7,25.1,962
9/7/2019 12:12,datasets/dataset_cropped/09_Metas/07/12/20190907121200_00160.jpg,datasets_flow/dataset_cropped/09_Metas/07/12/20190907121200_00160.jpg,datasets_cloudmask/dataset_cropped/09_Metas/07/12/20190907121200_00160.png,553.4,114.9,452.5,25.3,962
9/7/2019 12:13,datasets/dataset_cropped/09_Metas/07/12/20190907121300_00160.jpg,datasets_flow/dataset_cropped/09_Metas/07/12/20190907121300_00160.jpg,datasets_cloudmask/dataset_cropped/09_Metas/07/12/20190907121300_00160.png,581.1,138.3,460.4,25.5,962
9/7/2019 12:14,datasets/dataset_cropped/09_Metas/07/12/20190907121400_00160.jpg,datasets_flow/dataset_cropped/09_Metas/07/12/20190907121400_00160.jpg,datasets_cloudmask/dataset_cropped/09_Metas/07/12/20190907121400_00160.png,618.2,173.3,468.5,25.5,962
9/7/2019 12:15,datasets/dataset_cropped/09_Metas/07/12/20190907121500_00160.jpg,datasets_flow/dataset_cropped/09_Metas/07/12/20190907121500_00160.jpg,datasets_cloudmask/dataset_cropped/09_Metas/07/12/20190907121500_00160.png,635.7,186.5,474.4,25.2,962
9/7/2019 12:16,datasets/dataset_cropped/09_Metas/07/12/20190907121600_00160.jpg,datasets_flow/dataset_cropped/09_Metas/07/12/20190907121600_00160.jpg,datasets_cloudmask/dataset_cropped/09_Metas/07/12/20190907121600_00160.png,630,175.3,477.9,25.3,962
9/7/2019 12:17,datasets/dataset_cropped/09_Metas/07/12/20190907121700_00160.jpg,datasets_flow/dataset_cropped/09_Metas/07/12/20190907121700_00160.jpg,datasets_cloudmask/dataset_cropped/09_Metas/07/12/20190907121700_00160.png,604.5,145,478.4,25.4,962
9/7/2019 12:18,datasets/dataset_cropped/09_Metas/07/12/20190907121800_00160.jpg,datasets_flow/dataset_cropped/09_Metas/07/12/20190907121800_00160.jpg,datasets_cloudmask/dataset_cropped/09_Metas/07/12/20190907121800_00160.png,606.8,146.2,479.8,25.4,962
9/7/2019 12:19,datasets/dataset_cropped/09_Metas/07/12/20190907121900_00160.jpg,datasets_flow/dataset_cropped/09_Metas/07/12/20190907121900_00160.jpg,datasets_cloudmask/dataset_cropped/09_Metas/07/12/20190907121900_00160.png,600.7,137.9,480.8,25.5,962
9/7/2019 12:20,datasets/dataset_cropped/09_Metas/07/12/20190907122000_00160.jpg,datasets_flow/dataset_cropped/09_Metas/07/12/20190907122000_00160.jpg,datasets_cloudmask/dataset_cropped/09_Metas/07/12/20190907122000_00160.png,588.3,123.7,480.9,25.6,962
9/7/2019 12:21,datasets/dataset_cropped/09_Metas/07/12/20190907122100_00160.jpg,datasets_flow/dataset_cropped/09_Metas/07/12/20190907122100_00160.jpg,datasets_cloudmask/dataset_cropped/09_Metas/07/12/20190907122100_00160.png,574.4,105.5,482,25.9,962
9/7/2019 12:22,datasets/dataset_cropped/09_Metas/07/12/20190907122200_00160.jpg,datasets_flow/dataset_cropped/09_Metas/07/12/20190907122200_00160.jpg,datasets_cloudmask/dataset_cropped/09_Metas/07/12/20190907122200_00160.png,597.6,128,485.8,25.8,962
9/7/2019 12:23,datasets/dataset_cropped/09_Metas/07/12/20190907122300_00160.jpg,datasets_flow/dataset_cropped/09_Metas/07/12/20190907122300_00160.jpg,datasets_cloudmask/dataset_cropped/09_Metas/07/12/20190907122300_00160.png,605,132.2,489.6,25.6,962
9/7/2019 12:24,datasets/dataset_cropped/09_Metas/07/12/20190907122400_00160.jpg,datasets_flow/dataset_cropped/09_Metas/07/12/20190907122400_00160.jpg,datasets_cloudmask/dataset_cropped/09_Metas/07/12/20190907122400_00160.png,618.2,144,492.3,25.5,962
9/7/2019 12:25,datasets/dataset_cropped/09_Metas/07/12/20190907122500_00160.jpg,datasets_flow/dataset_cropped/09_Metas/07/12/20190907122500_00160.jpg,datasets_cloudmask/dataset_cropped/09_Metas/07/12/20190907122500_00160.png,619.8,143.7,494.1,25.5,962
9/7/2019 12:26,datasets/dataset_cropped/09_Metas/07/12/20190907122600_00160.jpg,datasets_flow/dataset_cropped/09_Metas/07/12/20190907122600_00160.jpg,datasets_cloudmask/dataset_cropped/09_Metas/07/12/20190907122600_00160.png,600.1,122.1,492.6,25.6,962
9/7/2019 12:27,datasets/dataset_cropped/09_Metas/07/12/20190907122700_00160.jpg,datasets_flow/dataset_cropped/09_Metas/07/12/20190907122700_00160.jpg,datasets_cloudmask/dataset_cropped/09_Metas/07/12/20190907122700_00160.png,569.1,89.2,490,25.7,962
9/7/2019 12:28,datasets/dataset_cropped/09_Metas/07/12/20190907122800_00160.jpg,datasets_flow/dataset_cropped/09_Metas/07/12/20190907122800_00160.jpg,datasets_cloudmask/dataset_cropped/09_Metas/07/12/20190907122800_00160.png,568.5,89.1,489.3,25.9,962
9/7/2019 12:29,datasets/dataset_cropped/09_Metas/07/12/20190907122900_00160.jpg,datasets_flow/dataset_cropped/09_Metas/07/12/20190907122900_00160.jpg,datasets_cloudmask/dataset_cropped/09_Metas/07/12/20190907122900_00160.png,589.5,110.2,491.9,25.9,962
9/7/2019 12:30,datasets/dataset_cropped/09_Metas/07/12/20190907123000_00160.jpg,datasets_flow/dataset_cropped/09_Metas/07/12/20190907123000_00160.jpg,datasets_cloudmask/dataset_cropped/09_Metas/07/12/20190907123000_00160.png,603.3,122.1,495.6,26.1,962
9/7/2019 12:31,datasets/dataset_cropped/09_Metas/07/12/20190907123100_00160.jpg,datasets_flow/dataset_cropped/09_Metas/07/12/20190907123100_00160.jpg,datasets_cloudmask/dataset_cropped/09_Metas/07/12/20190907123100_00160.png,628.7,147.2,499.6,25.9,962
9/7/2019 12:32,datasets/dataset_cropped/09_Metas/07/12/20190907123200_00160.jpg,datasets_flow/dataset_cropped/09_Metas/07/12/20190907123200_00160.jpg,datasets_cloudmask/dataset_cropped/09_Metas/07/12/20190907123200_00160.png,609.1,124.8,500.1,25.9,962
9/7/2019 12:33,datasets/dataset_cropped/09_Metas/07/12/20190907123300_00160.jpg,datasets_flow/dataset_cropped/09_Metas/07/12/20190907123300_00160.jpg,datasets_cloudmask/dataset_cropped/09_Metas/07/12/20190907123300_00160.png,600.2,115,500,25.8,962
9/7/2019 12:34,datasets/dataset_cropped/09_Metas/07/12/20190907123400_00160.jpg,datasets_flow/dataset_cropped/09_Metas/07/12/20190907123400_00160.jpg,datasets_cloudmask/dataset_cropped/09_Metas/07/12/20190907123400_00160.png,617.1,134.2,500.7,25.9,962
9/7/2019 12:35,datasets/dataset_cropped/09_Metas/07/12/20190907123500_00160.jpg,datasets_flow/dataset_cropped/09_Metas/07/12/20190907123500_00160.jpg,datasets_cloudmask/dataset_cropped/09_Metas/07/12/20190907123500_00160.png,558.1,71,495,26.4,962
9/7/2019 12:36,datasets/dataset_cropped/09_Metas/07/12/20190907123600_00160.jpg,datasets_flow/dataset_cropped/09_Metas/07/12/20190907123600_00160.jpg,datasets_cloudmask/dataset_cropped/09_Metas/07/12/20190907123600_00160.png,540.3,53.8,490.6,26.8,962
9/7/2019 12:37,datasets/dataset_cropped/09_Metas/07/12/20190907123700_00160.jpg,datasets_flow/dataset_cropped/09_Metas/07/12/20190907123700_00160.jpg,datasets_cloudmask/dataset_cropped/09_Metas/07/12/20190907123700_00160.png,563.7,79.2,491.7,26.3,962
9/7/2019 12:38,datasets/dataset_cropped/09_Metas/07/12/20190907123800_00160.jpg,datasets_flow/dataset_cropped/09_Metas/07/12/20190907123800_00160.jpg,datasets_cloudmask/dataset_cropped/09_Metas/07/12/20190907123800_00160.png,597.5,111.6,497.4,25.8,962
9/7/2019 12:39,datasets/dataset_cropped/09_Metas/07/12/20190907123900_00160.jpg,datasets_flow/dataset_cropped/09_Metas/07/12/20190907123900_00160.jpg,datasets_cloudmask/dataset_cropped/09_Metas/07/12/20190907123900_00160.png,587.4,91.7,504.4,25.9,962
9/7/2019 12:40,datasets/dataset_cropped/09_Metas/07/12/20190907124000_00160.jpg,datasets_flow/dataset_cropped/09_Metas/07/12/20190907124000_00160.jpg,datasets_cloudmask/dataset_cropped/09_Metas/07/12/20190907124000_00160.png,607.7,111.6,507.7,26.4,962
9/7/2019 12:41,datasets/dataset_cropped/09_Metas/07/12/20190907124100_00160.jpg,datasets_flow/dataset_cropped/09_Metas/07/12/20190907124100_00160.jpg,datasets_cloudmask/dataset_cropped/09_Metas/07/12/20190907124100_00160.png,610,111.4,510.6,26.1,962
9/7/2019 12:42,datasets/dataset_cropped/09_Metas/07/12/20190907124200_00160.jpg,datasets_flow/dataset_cropped/09_Metas/07/12/20190907124200_00160.jpg,datasets_cloudmask/dataset_cropped/09_Metas/07/12/20190907124200_00160.png,615.9,116,512.6,26.1,962
9/7/2019 12:43,datasets/dataset_cropped/09_Metas/07/12/20190907124300_00160.jpg,datasets_flow/dataset_cropped/09_Metas/07/12/20190907124300_00160.jpg,datasets_cloudmask/dataset_cropped/09_Metas/07/12/20190907124300_00160.png,678.6,187.2,514.8,26.1,962
9/7/2019 12:44,datasets/dataset_cropped/09_Metas/07/12/20190907124400_00160.jpg,datasets_flow/dataset_cropped/09_Metas/07/12/20190907124400_00160.jpg,datasets_cloudmask/dataset_cropped/09_Metas/07/12/20190907124400_00160.png,651.3,162.1,508.8,25.8,962
9/7/2019 12:45,datasets/dataset_cropped/09_Metas/07/12/20190907124500_00160.jpg,datasets_flow/dataset_cropped/09_Metas/07/12/20190907124500_00160.jpg,datasets_cloudmask/dataset_cropped/09_Metas/07/12/20190907124500_00160.png,604.1,114.1,502.5,25.7,962
9/7/2019 12:46,datasets/dataset_cropped/09_Metas/07/12/20190907124600_00160.jpg,datasets_flow/dataset_cropped/09_Metas/07/12/20190907124600_00160.jpg,datasets_cloudmask/dataset_cropped/09_Metas/07/12/20190907124600_00160.png,623.7,138.8,501.3,26.3,962
9/7/2019 12:47,datasets/dataset_cropped/09_Metas/07/12/20190907124700_00160.jpg,datasets_flow/dataset_cropped/09_Metas/07/12/20190907124700_00160.jpg,datasets_cloudmask/dataset_cropped/09_Metas/07/12/20190907124700_00160.png,641.9,159.8,500.8,26.4,962
9/7/2019 12:48,datasets/dataset_cropped/09_Metas/07/12/20190907124800_00160.jpg,datasets_flow/dataset_cropped/09_Metas/07/12/20190907124800_00160.jpg,datasets_cloudmask/dataset_cropped/09_Metas/07/12/20190907124800_00160.png,648.5,167.5,500.5,26.2,962
9/7/2019 12:49,datasets/dataset_cropped/09_Metas/07/12/20190907124900_00160.jpg,datasets_flow/dataset_cropped/09_Metas/07/12/20190907124900_00160.jpg,datasets_cloudmask/dataset_cropped/09_Metas/07/12/20190907124900_00160.png,660.9,181.6,500.7,26,962
9/7/2019 12:50,datasets/dataset_cropped/09_Metas/07/12/20190907125000_00160.jpg,datasets_flow/dataset_cropped/09_Metas/07/12/20190907125000_00160.jpg,datasets_cloudmask/dataset_cropped/09_Metas/07/12/20190907125000_00160.png,664.9,186.5,500.6,26.1,962
9/7/2019 12:51,datasets/dataset_cropped/09_Metas/07/12/20190907125100_00160.jpg,datasets_flow/dataset_cropped/09_Metas/07/12/20190907125100_00160.jpg,datasets_cloudmask/dataset_cropped/09_Metas/07/12/20190907125100_00160.png,641.7,163.2,497.3,25.9,962
9/7/2019 12:52,datasets/dataset_cropped/09_Metas/07/12/20190907125200_00160.jpg,datasets_flow/dataset_cropped/09_Metas/07/12/20190907125200_00160.jpg,datasets_cloudmask/dataset_cropped/09_Metas/07/12/20190907125200_00160.png,622.9,145.1,493.6,26,962
9/7/2019 12:53,datasets/dataset_cropped/09_Metas/07/12/20190907125300_00160.jpg,datasets_flow/dataset_cropped/09_Metas/07/12/20190907125300_00160.jpg,datasets_cloudmask/dataset_cropped/09_Metas/07/12/20190907125300_00160.png,604.6,127.6,490.5,26.1,962
9/7/2019 12:54,datasets/dataset_cropped/09_Metas/07/12/20190907125400_00160.jpg,datasets_flow/dataset_cropped/09_Metas/07/12/20190907125400_00160.jpg,datasets_cloudmask/dataset_cropped/09_Metas/07/12/20190907125400_00160.png,606.2,131,489.6,26,962
9/7/2019 12:55,datasets/dataset_cropped/09_Metas/07/12/20190907125500_00160.jpg,datasets_flow/dataset_cropped/09_Metas/07/12/20190907125500_00160.jpg,datasets_cloudmask/dataset_cropped/09_Metas/07/12/20190907125500_00160.png,624.9,151.3,490.4,26.2,962
9/7/2019 12:56,datasets/dataset_cropped/09_Metas/07/12/20190907125600_00160.jpg,datasets_flow/dataset_cropped/09_Metas/07/12/20190907125600_00160.jpg,datasets_cloudmask/dataset_cropped/09_Metas/07/12/20190907125600_00160.png,668.3,197,494.2,26.1,962
9/7/2019 12:57,datasets/dataset_cropped/09_Metas/07/12/20190907125700_00160.jpg,datasets_flow/dataset_cropped/09_Metas/07/12/20190907125700_00160.jpg,datasets_cloudmask/dataset_cropped/09_Metas/07/12/20190907125700_00160.png,720.4,252.3,499.1,26.2,962
9/7/2019 12:58,datasets/dataset_cropped/09_Metas/07/12/20190907125800_00160.jpg,datasets_flow/dataset_cropped/09_Metas/07/12/20190907125800_00160.jpg,datasets_cloudmask/dataset_cropped/09_Metas/07/12/20190907125800_00160.png,760.3,296,501.8,26.3,962
9/7/2019 12:59,datasets/dataset_cropped/09_Metas/07/12/20190907125900_00160.jpg,datasets_flow/dataset_cropped/09_Metas/07/12/20190907125900_00160.jpg,datasets_cloudmask/dataset_cropped/09_Metas/07/12/20190907125900_00160.png,773.2,312.9,500.4,25.9,962
9/7/2019 13:00,datasets/dataset_cropped/09_Metas/07/13/20190907130000_00160.jpg,datasets_flow/dataset_cropped/09_Metas/07/13/20190907130000_00160.jpg,datasets_cloudmask/dataset_cropped/09_Metas/07/13/20190907130000_00160.png,765.3,303.4,501.9,26.1,962
9/7/2019 13:01,datasets/dataset_cropped/09_Metas/07/13/20190907130100_00160.jpg,datasets_flow/dataset_cropped/09_Metas/07/13/20190907130100_00160.jpg,datasets_cloudmask/dataset_cropped/09_Metas/07/13/20190907130100_00160.png,702,237.1,494.6,26.6,962
9/7/2019 13:02,datasets/dataset_cropped/09_Metas/07/13/20190907130200_00160.jpg,datasets_flow/dataset_cropped/09_Metas/07/13/20190907130200_00160.jpg,datasets_cloudmask/dataset_cropped/09_Metas/07/13/20190907130200_00160.png,631.1,177.7,478.3,26.9,962
9/7/2019 13:03,datasets/dataset_cropped/09_Metas/07/13/20190907130300_00160.jpg,datasets_flow/dataset_cropped/09_Metas/07/13/20190907130300_00160.jpg,datasets_cloudmask/dataset_cropped/09_Metas/07/13/20190907130300_00160.png,731.7,287.1,480.8,26.4,962
9/7/2019 13:04,datasets/dataset_cropped/09_Metas/07/13/20190907130400_00160.jpg,datasets_flow/dataset_cropped/09_Metas/07/13/20190907130400_00160.jpg,datasets_cloudmask/dataset_cropped/09_Metas/07/13/20190907130400_00160.png,713.1,269.3,478.5,26.1,962
9/7/2019 13:05,datasets/dataset_cropped/09_Metas/07/13/20190907130500_00160.jpg,datasets_flow/dataset_cropped/09_Metas/07/13/20190907130500_00160.jpg,datasets_cloudmask/dataset_cropped/09_Metas/07/13/20190907130500_00160.png,727.2,290.2,473.7,26.2,962
9/7/2019 13:06,datasets/dataset_cropped/09_Metas/07/13/20190907130600_00160.jpg,datasets_flow/dataset_cropped/09_Metas/07/13/20190907130600_00160.jpg,datasets_cloudmask/dataset_cropped/09_Metas/07/13/20190907130600_00160.png,764.7,340.5,468.1,26.1,962
9/7/2019 13:07,datasets/dataset_cropped/09_Metas/07/13/20190907130700_00160.jpg,datasets_flow/dataset_cropped/09_Metas/07/13/20190907130700_00160.jpg,datasets_cloudmask/dataset_cropped/09_Metas/07/13/20190907130700_00160.png,768.9,348.3,465.7,26.5,962
9/7/2019 13:08,datasets/dataset_cropped/09_Metas/07/13/20190907130800_00160.jpg,datasets_flow/dataset_cropped/09_Metas/07/13/20190907130800_00160.jpg,datasets_cloudmask/dataset_cropped/09_Metas/07/13/20190907130800_00160.png,777.1,359.3,464.2,26.6,962
9/7/2019 13:09,datasets/dataset_cropped/09_Metas/07/13/20190907130900_00160.jpg,datasets_flow/dataset_cropped/09_Metas/07/13/20190907130900_00160.jpg,datasets_cloudmask/dataset_cropped/09_Metas/07/13/20190907130900_00160.png,773.4,358.7,460.8,26.4,962
9/7/2019 13:10,datasets/dataset_cropped/09_Metas/07/13/20190907131000_00160.jpg,datasets_flow/dataset_cropped/09_Metas/07/13/20190907131000_00160.jpg,datasets_cloudmask/dataset_cropped/09_Metas/07/13/20190907131000_00160.png,776.7,365.3,459.1,26.2,962
9/7/2019 13:11,datasets/dataset_cropped/09_Metas/07/13/20190907131100_00160.jpg,datasets_flow/dataset_cropped/09_Metas/07/13/20190907131100_00160.jpg,datasets_cloudmask/dataset_cropped/09_Metas/07/13/20190907131100_00160.png,760.8,350,456,26.5,962
9/7/2019 13:12,datasets/dataset_cropped/09_Metas/07/13/20190907131200_00160.jpg,datasets_flow/dataset_cropped/09_Metas/07/13/20190907131200_00160.jpg,datasets_cloudmask/dataset_cropped/09_Metas/07/13/20190907131200_00160.png,752.6,341.7,454.4,26.6,962
9/7/2019 13:13,datasets/dataset_cropped/09_Metas/07/13/20190907131300_00160.jpg,datasets_flow/dataset_cropped/09_Metas/07/13/20190907131300_00160.jpg,datasets_cloudmask/dataset_cropped/09_Metas/07/13/20190907131300_00160.png,765,357.5,453.2,26.5,962
9/7/2019 13:14,datasets/dataset_cropped/09_Metas/07/13/20190907131400_00160.jpg,datasets_flow/dataset_cropped/09_Metas/07/13/20190907131400_00160.jpg,datasets_cloudmask/dataset_cropped/09_Metas/07/13/20190907131400_00160.png,770.1,364.9,452.2,26.3,962
9/7/2019 13:15,datasets/dataset_cropped/09_Metas/07/13/20190907131500_00160.jpg,datasets_flow/dataset_cropped/09_Metas/07/13/20190907131500_00160.jpg,datasets_cloudmask/dataset_cropped/09_Metas/07/13/20190907131500_00160.png,772.5,371.6,448.8,26.4,962
9/7/2019 13:16,datasets/dataset_cropped/09_Metas/07/13/20190907131600_00160.jpg,datasets_flow/dataset_cropped/09_Metas/07/13/20190907131600_00160.jpg,datasets_cloudmask/dataset_cropped/09_Metas/07/13/20190907131600_00160.png,773.6,377.1,445.4,26.2,962
9/7/2019 13:17,datasets/dataset_cropped/09_Metas/07/13/20190907131700_00160.jpg,datasets_flow/dataset_cropped/09_Metas/07/13/20190907131700_00160.jpg,datasets_cloudmask/dataset_cropped/09_Metas/07/13/20190907131700_00160.png,807,416.4,444.2,26.2,962
9/7/2019 13:18,datasets/dataset_cropped/09_Metas/07/13/20190907131800_00160.jpg,datasets_flow/dataset_cropped/09_Metas/07/13/20190907131800_00160.jpg,datasets_cloudmask/dataset_cropped/09_Metas/07/13/20190907131800_00160.png,879,499,445.9,26.4,962
9/7/2019 13:19,datasets/dataset_cropped/09_Metas/07/13/20190907131900_00160.jpg,datasets_flow/dataset_cropped/09_Metas/07/13/20190907131900_00160.jpg,datasets_cloudmask/dataset_cropped/09_Metas/07/13/20190907131900_00160.png,930,555.6,448.2,26.1,962
9/7/2019 13:20,datasets/dataset_cropped/09_Metas/07/13/20190907132000_00160.jpg,datasets_flow/dataset_cropped/09_Metas/07/13/20190907132000_00160.jpg,datasets_cloudmask/dataset_cropped/09_Metas/07/13/20190907132000_00160.png,946,570,452,26.1,962
9/7/2019 13:21,datasets/dataset_cropped/09_Metas/07/13/20190907132100_00160.jpg,datasets_flow/dataset_cropped/09_Metas/07/13/20190907132100_00160.jpg,datasets_cloudmask/dataset_cropped/09_Metas/07/13/20190907132100_00160.png,904,515.8,456.5,26.3,962
9/7/2019 13:22,datasets/dataset_cropped/09_Metas/07/13/20190907132200_00160.jpg,datasets_flow/dataset_cropped/09_Metas/07/13/20190907132200_00160.jpg,datasets_cloudmask/dataset_cropped/09_Metas/07/13/20190907132200_00160.png,777.7,380.6,446.3,26.4,962
9/7/2019 13:23,datasets/dataset_cropped/09_Metas/07/13/20190907132300_00160.jpg,datasets_flow/dataset_cropped/09_Metas/07/13/20190907132300_00160.jpg,datasets_cloudmask/dataset_cropped/09_Metas/07/13/20190907132300_00160.png,632.9,234.8,428.6,26.8,962
9/7/2019 13:24,datasets/dataset_cropped/09_Metas/07/13/20190907132400_00160.jpg,datasets_flow/dataset_cropped/09_Metas/07/13/20190907132400_00160.jpg,datasets_cloudmask/dataset_cropped/09_Metas/07/13/20190907132400_00160.png,658.6,273.9,418.4,26.6,962
9/7/2019 13:25,datasets/dataset_cropped/09_Metas/07/13/20190907132500_00160.jpg,datasets_flow/dataset_cropped/09_Metas/07/13/20190907132500_00160.jpg,datasets_cloudmask/dataset_cropped/09_Metas/07/13/20190907132500_00160.png,701.4,322.1,419.6,26.1,962
9/7/2019 13:26,datasets/dataset_cropped/09_Metas/07/13/20190907132600_00160.jpg,datasets_flow/dataset_cropped/09_Metas/07/13/20190907132600_00160.jpg,datasets_cloudmask/dataset_cropped/09_Metas/07/13/20190907132600_00160.png,714.1,332.7,422.8,26.3,962
9/7/2019 13:27,datasets/dataset_cropped/09_Metas/07/13/20190907132700_00160.jpg,datasets_flow/dataset_cropped/09_Metas/07/13/20190907132700_00160.jpg,datasets_cloudmask/dataset_cropped/09_Metas/07/13/20190907132700_00160.png,732.6,337.9,433,25.8,962
9/7/2019 13:28,datasets/dataset_cropped/09_Metas/07/13/20190907132800_00160.jpg,datasets_flow/dataset_cropped/09_Metas/07/13/20190907132800_00160.jpg,datasets_cloudmask/dataset_cropped/09_Metas/07/13/20190907132800_00160.png,811,427.7,438.3,25.5,962
9/7/2019 13:29,datasets/dataset_cropped/09_Metas/07/13/20190907132900_00160.jpg,datasets_flow/dataset_cropped/09_Metas/07/13/20190907132900_00160.jpg,datasets_cloudmask/dataset_cropped/09_Metas/07/13/20190907132900_00160.png,778.1,394,437.4,25.7,962
9/7/2019 13:30,datasets/dataset_cropped/09_Metas/07/13/20190907133000_00160.jpg,datasets_flow/dataset_cropped/09_Metas/07/13/20190907133000_00160.jpg,datasets_cloudmask/dataset_cropped/09_Metas/07/13/20190907133000_00160.png,629.7,213,442.4,25.8,962
9/7/2019 13:31,datasets/dataset_cropped/09_Metas/07/13/20190907133100_00160.jpg,datasets_flow/dataset_cropped/09_Metas/07/13/20190907133100_00160.jpg,datasets_cloudmask/dataset_cropped/09_Metas/07/13/20190907133100_00160.png,831,458.2,434.1,26.1,962
9/7/2019 13:32,datasets/dataset_cropped/09_Metas/07/13/20190907133200_00160.jpg,datasets_flow/dataset_cropped/09_Metas/07/13/20190907133200_00160.jpg,datasets_cloudmask/dataset_cropped/09_Metas/07/13/20190907133200_00160.png,776.5,398.6,430.9,26.5,962
9/7/2019 13:33,datasets/dataset_cropped/09_Metas/07/13/20190907133300_00160.jpg,datasets_flow/dataset_cropped/09_Metas/07/13/20190907133300_00160.jpg,datasets_cloudmask/dataset_cropped/09_Metas/07/13/20190907133300_00160.png,685.7,296.2,427.6,26.2,962
9/7/2019 13:34,datasets/dataset_cropped/09_Metas/07/13/20190907133400_00160.jpg,datasets_flow/dataset_cropped/09_Metas/07/13/20190907133400_00160.jpg,datasets_cloudmask/dataset_cropped/09_Metas/07/13/20190907133400_00160.png,677.9,284.3,429.5,26.1,962
9/7/2019 13:35,datasets/dataset_cropped/09_Metas/07/13/20190907133500_00160.jpg,datasets_flow/dataset_cropped/09_Metas/07/13/20190907133500_00160.jpg,datasets_cloudmask/dataset_cropped/09_Metas/07/13/20190907133500_00160.png,683.7,286.4,433.6,26.1,962
9/7/2019 13:36,datasets/dataset_cropped/09_Metas/07/13/20190907133600_00160.jpg,datasets_flow/dataset_cropped/09_Metas/07/13/20190907133600_00160.jpg,datasets_cloudmask/dataset_cropped/09_Metas/07/13/20190907133600_00160.png,718.4,322.8,437.2,26.3,962
9/7/2019 13:37,datasets/dataset_cropped/09_Metas/07/13/20190907133700_00160.jpg,datasets_flow/dataset_cropped/09_Metas/07/13/20190907133700_00160.jpg,datasets_cloudmask/dataset_cropped/09_Metas/07/13/20190907133700_00160.png,678.1,280.1,434.1,26.1,962
9/7/2019 13:38,datasets/dataset_cropped/09_Metas/07/13/20190907133800_00160.jpg,datasets_flow/dataset_cropped/09_Metas/07/13/20190907133800_00160.jpg,datasets_cloudmask/dataset_cropped/09_Metas/07/13/20190907133800_00160.png,636.4,234.4,432,26.1,962
9/7/2019 13:39,datasets/dataset_cropped/09_Metas/07/13/20190907133900_00160.jpg,datasets_flow/dataset_cropped/09_Metas/07/13/20190907133900_00160.jpg,datasets_cloudmask/dataset_cropped/09_Metas/07/13/20190907133900_00160.png,639.3,237,432.8,25.9,962
9/7/2019 13:40,datasets/dataset_cropped/09_Metas/07/13/20190907134000_00160.jpg,datasets_flow/dataset_cropped/09_Metas/07/13/20190907134000_00160.jpg,datasets_cloudmask/dataset_cropped/09_Metas/07/13/20190907134000_00160.png,662.9,261,435.4,25.7,962
9/7/2019 13:41,datasets/dataset_cropped/09_Metas/07/13/20190907134100_00160.jpg,datasets_flow/dataset_cropped/09_Metas/07/13/20190907134100_00160.jpg,datasets_cloudmask/dataset_cropped/09_Metas/07/13/20190907134100_00160.png,677.4,274.2,438.6,25.7,962
9/7/2019 13:42,datasets/dataset_cropped/09_Metas/07/13/20190907134200_00160.jpg,datasets_flow/dataset_cropped/09_Metas/07/13/20190907134200_00160.jpg,datasets_cloudmask/dataset_cropped/09_Metas/07/13/20190907134200_00160.png,676,269.7,441.4,25.8,962
9/7/2019 13:43,datasets/dataset_cropped/09_Metas/07/13/20190907134300_00160.jpg,datasets_flow/dataset_cropped/09_Metas/07/13/20190907134300_00160.jpg,datasets_cloudmask/dataset_cropped/09_Metas/07/13/20190907134300_00160.png,709,303.5,445.7,26,962
9/7/2019 13:44,datasets/dataset_cropped/09_Metas/07/13/20190907134400_00160.jpg,datasets_flow/dataset_cropped/09_Metas/07/13/20190907134400_00160.jpg,datasets_cloudmask/dataset_cropped/09_Metas/07/13/20190907134400_00160.png,731.6,324.7,450.2,26.1,962
9/7/2019 13:45,datasets/dataset_cropped/09_Metas/07/13/20190907134500_00160.jpg,datasets_flow/dataset_cropped/09_Metas/07/13/20190907134500_00160.jpg,datasets_cloudmask/dataset_cropped/09_Metas/07/13/20190907134500_00160.png,702.3,291.3,449.4,26.1,962
9/7/2019 13:46,datasets/dataset_cropped/09_Metas/07/13/20190907134600_00160.jpg,datasets_flow/dataset_cropped/09_Metas/07/13/20190907134600_00160.jpg,datasets_cloudmask/dataset_cropped/09_Metas/07/13/20190907134600_00160.png,667.6,256.5,444.4,26.1,962
9/7/2019 13:47,datasets/dataset_cropped/09_Metas/07/13/20190907134700_00160.jpg,datasets_flow/dataset_cropped/09_Metas/07/13/20190907134700_00160.jpg,datasets_cloudmask/dataset_cropped/09_Metas/07/13/20190907134700_00160.png,620.9,210.7,437,26.1,962
9/7/2019 13:48,datasets/dataset_cropped/09_Metas/07/13/20190907134800_00160.jpg,datasets_flow/dataset_cropped/09_Metas/07/13/20190907134800_00160.jpg,datasets_cloudmask/dataset_cropped/09_Metas/07/13/20190907134800_00160.png,601.5,192.5,433.2,26.2,962
9/7/2019 13:49,datasets/dataset_cropped/09_Metas/07/13/20190907134900_00160.jpg,datasets_flow/dataset_cropped/09_Metas/07/13/20190907134900_00160.jpg,datasets_cloudmask/dataset_cropped/09_Metas/07/13/20190907134900_00160.png,597.4,190.2,431.5,26.4,962
9/7/2019 13:50,datasets/dataset_cropped/09_Metas/07/13/20190907135000_00160.jpg,datasets_flow/dataset_cropped/09_Metas/07/13/20190907135000_00160.jpg,datasets_cloudmask/dataset_cropped/09_Metas/07/13/20190907135000_00160.png,581.5,173.7,429.8,26,962
9/7/2019 13:51,datasets/dataset_cropped/09_Metas/07/13/20190907135100_00160.jpg,datasets_flow/dataset_cropped/09_Metas/07/13/20190907135100_00160.jpg,datasets_cloudmask/dataset_cropped/09_Metas/07/13/20190907135100_00160.png,578.4,170.5,429,25.8,962
9/7/2019 13:52,datasets/dataset_cropped/09_Metas/07/13/20190907135200_00160.jpg,datasets_flow/dataset_cropped/09_Metas/07/13/20190907135200_00160.jpg,datasets_cloudmask/dataset_cropped/09_Metas/07/13/20190907135200_00160.png,596.3,189.5,430.9,25.9,962
9/7/2019 13:53,datasets/dataset_cropped/09_Metas/07/13/20190907135300_00160.jpg,datasets_flow/dataset_cropped/09_Metas/07/13/20190907135300_00160.jpg,datasets_cloudmask/dataset_cropped/09_Metas/07/13/20190907135300_00160.png,600.8,192.6,432.8,26.1,962
9/7/2019 13:54,datasets/dataset_cropped/09_Metas/07/13/20190907135400_00160.jpg,datasets_flow/dataset_cropped/09_Metas/07/13/20190907135400_00160.jpg,datasets_cloudmask/dataset_cropped/09_Metas/07/13/20190907135400_00160.png,582.5,169.5,434,26.3,962
9/7/2019 13:55,datasets/dataset_cropped/09_Metas/07/13/20190907135500_00160.jpg,datasets_flow/dataset_cropped/09_Metas/07/13/20190907135500_00160.jpg,datasets_cloudmask/dataset_cropped/09_Metas/07/13/20190907135500_00160.png,559.3,141.5,434.4,26.2,962
9/7/2019 13:56,datasets/dataset_cropped/09_Metas/07/13/20190907135600_00160.jpg,datasets_flow/dataset_cropped/09_Metas/07/13/20190907135600_00160.jpg,datasets_cloudmask/dataset_cropped/09_Metas/07/13/20190907135600_00160.png,545.4,123.6,436.3,26.6,962
9/7/2019 13:57,datasets/dataset_cropped/09_Metas/07/13/20190907135700_00160.jpg,datasets_flow/dataset_cropped/09_Metas/07/13/20190907135700_00160.jpg,datasets_cloudmask/dataset_cropped/09_Metas/07/13/20190907135700_00160.png,557.6,135.2,439.4,26.3,962
9/7/2019 13:58,datasets/dataset_cropped/09_Metas/07/13/20190907135800_00160.jpg,datasets_flow/dataset_cropped/09_Metas/07/13/20190907135800_00160.jpg,datasets_cloudmask/dataset_cropped/09_Metas/07/13/20190907135800_00160.png,569.9,147.4,441.5,26.2,962
9/7/2019 13:59,datasets/dataset_cropped/09_Metas/07/13/20190907135900_00160.jpg,datasets_flow/dataset_cropped/09_Metas/07/13/20190907135900_00160.jpg,datasets_cloudmask/dataset_cropped/09_Metas/07/13/20190907135900_00160.png,567.1,140.8,444.6,26.1,962
9/7/2019 14:00,datasets/dataset_cropped/09_Metas/07/14/20190907140000_00160.jpg,datasets_flow/dataset_cropped/09_Metas/07/14/20190907140000_00160.jpg,datasets_cloudmask/dataset_cropped/09_Metas/07/14/20190907140000_00160.png,571,140.8,448.5,25.9,962
9/7/2019 14:01,datasets/dataset_cropped/09_Metas/07/14/20190907140100_00160.jpg,datasets_flow/dataset_cropped/09_Metas/07/14/20190907140100_00160.jpg,datasets_cloudmask/dataset_cropped/09_Metas/07/14/20190907140100_00160.png,585,150.9,453.9,25.8,962
9/7/2019 14:02,datasets/dataset_cropped/09_Metas/07/14/20190907140200_00160.jpg,datasets_flow/dataset_cropped/09_Metas/07/14/20190907140200_00160.jpg,datasets_cloudmask/dataset_cropped/09_Metas/07/14/20190907140200_00160.png,606.6,171.1,458.9,25.9,962
9/7/2019 14:03,datasets/dataset_cropped/09_Metas/07/14/20190907140300_00160.jpg,datasets_flow/dataset_cropped/09_Metas/07/14/20190907140300_00160.jpg,datasets_cloudmask/dataset_cropped/09_Metas/07/14/20190907140300_00160.png,620.6,181.2,464.3,26.1,962
9/7/2019 14:04,datasets/dataset_cropped/09_Metas/07/14/20190907140400_00160.jpg,datasets_flow/dataset_cropped/09_Metas/07/14/20190907140400_00160.jpg,datasets_cloudmask/dataset_cropped/09_Metas/07/14/20190907140400_00160.png,627,184.3,468.4,26.2,962
9/7/2019 14:05,datasets/dataset_cropped/09_Metas/07/14/20190907140500_00160.jpg,datasets_flow/dataset_cropped/09_Metas/07/14/20190907140500_00160.jpg,datasets_cloudmask/dataset_cropped/09_Metas/07/14/20190907140500_00160.png,622.2,180.5,467.8,26,962
9/7/2019 14:06,datasets/dataset_cropped/09_Metas/07/14/20190907140600_00160.jpg,datasets_flow/dataset_cropped/09_Metas/07/14/20190907140600_00160.jpg,datasets_cloudmask/dataset_cropped/09_Metas/07/14/20190907140600_00160.png,569.1,127.3,460.5,26.2,962
9/7/2019 14:07,datasets/dataset_cropped/09_Metas/07/14/20190907140700_00160.jpg,datasets_flow/dataset_cropped/09_Metas/07/14/20190907140700_00160.jpg,datasets_cloudmask/dataset_cropped/09_Metas/07/14/20190907140700_00160.png,602.6,163.6,460.6,26,962
9/7/2019 14:08,datasets/dataset_cropped/09_Metas/07/14/20190907140800_00160.jpg,datasets_flow/dataset_cropped/09_Metas/07/14/20190907140800_00160.jpg,datasets_cloudmask/dataset_cropped/09_Metas/07/14/20190907140800_00160.png,477.5,29.5,446.8,25.8,962
9/7/2019 14:09,datasets/dataset_cropped/09_Metas/07/14/20190907140900_00160.jpg,datasets_flow/dataset_cropped/09_Metas/07/14/20190907140900_00160.jpg,datasets_cloudmask/dataset_cropped/09_Metas/07/14/20190907140900_00160.png,549.9,103.7,458.7,25.5,962
9/7/2019 14:10,datasets/dataset_cropped/09_Metas/07/14/20190907141000_00160.jpg,datasets_flow/dataset_cropped/09_Metas/07/14/20190907141000_00160.jpg,datasets_cloudmask/dataset_cropped/09_Metas/07/14/20190907141000_00160.png,662.1,231.2,464.8,25.6,962
9/7/2019 14:11,datasets/dataset_cropped/09_Metas/07/14/20190907141100_00160.jpg,datasets_flow/dataset_cropped/09_Metas/07/14/20190907141100_00160.jpg,datasets_cloudmask/dataset_cropped/09_Metas/07/14/20190907141100_00160.png,707.6,288,463.8,25.8,962
9/7/2019 14:12,datasets/dataset_cropped/09_Metas/07/14/20190907141200_00160.jpg,datasets_flow/dataset_cropped/09_Metas/07/14/20190907141200_00160.jpg,datasets_cloudmask/dataset_cropped/09_Metas/07/14/20190907141200_00160.png,742.1,329.5,464.6,26.1,962
9/7/2019 14:13,datasets/dataset_cropped/09_Metas/07/14/20190907141300_00160.jpg,datasets_flow/dataset_cropped/09_Metas/07/14/20190907141300_00160.jpg,datasets_cloudmask/dataset_cropped/09_Metas/07/14/20190907141300_00160.png,751.6,342,464.3,25.9,962
9/7/2019 14:14,datasets/dataset_cropped/09_Metas/07/14/20190907141400_00160.jpg,datasets_flow/dataset_cropped/09_Metas/07/14/20190907141400_00160.jpg,datasets_cloudmask/dataset_cropped/09_Metas/07/14/20190907141400_00160.png,744.5,339.2,460.1,26.1,962
9/7/2019 14:15,datasets/dataset_cropped/09_Metas/07/14/20190907141500_00160.jpg,datasets_flow/dataset_cropped/09_Metas/07/14/20190907141500_00160.jpg,datasets_cloudmask/dataset_cropped/09_Metas/07/14/20190907141500_00160.png,738.9,339.5,454.5,26.4,962
9/7/2019 14:16,datasets/dataset_cropped/09_Metas/07/14/20190907141600_00160.jpg,datasets_flow/dataset_cropped/09_Metas/07/14/20190907141600_00160.jpg,datasets_cloudmask/dataset_cropped/09_Metas/07/14/20190907141600_00160.png,720.2,324.6,448.8,26.3,962
9/7/2019 14:17,datasets/dataset_cropped/09_Metas/07/14/20190907141700_00160.jpg,datasets_flow/dataset_cropped/09_Metas/07/14/20190907141700_00160.jpg,datasets_cloudmask/dataset_cropped/09_Metas/07/14/20190907141700_00160.png,708.7,317.8,442.8,26.2,962
9/7/2019 14:18,datasets/dataset_cropped/09_Metas/07/14/20190907141800_00160.jpg,datasets_flow/dataset_cropped/09_Metas/07/14/20190907141800_00160.jpg,datasets_cloudmask/dataset_cropped/09_Metas/07/14/20190907141800_00160.png,704.6,318,438.7,26.5,962
9/7/2019 14:19,datasets/dataset_cropped/09_Metas/07/14/20190907141900_00160.jpg,datasets_flow/dataset_cropped/09_Metas/07/14/20190907141900_00160.jpg,datasets_cloudmask/dataset_cropped/09_Metas/07/14/20190907141900_00160.png,701.7,319.3,435.5,26.2,962
9/7/2019 14:20,datasets/dataset_cropped/09_Metas/07/14/20190907142000_00160.jpg,datasets_flow/dataset_cropped/09_Metas/07/14/20190907142000_00160.jpg,datasets_cloudmask/dataset_cropped/09_Metas/07/14/20190907142000_00160.png,696.5,317.6,431.9,26.3,962
9/7/2019 14:21,datasets/dataset_cropped/09_Metas/07/14/20190907142100_00160.jpg,datasets_flow/dataset_cropped/09_Metas/07/14/20190907142100_00160.jpg,datasets_cloudmask/dataset_cropped/09_Metas/07/14/20190907142100_00160.png,685.1,309,427.7,26.4,962
9/7/2019 14:22,datasets/dataset_cropped/09_Metas/07/14/20190907142200_00160.jpg,datasets_flow/dataset_cropped/09_Metas/07/14/20190907142200_00160.jpg,datasets_cloudmask/dataset_cropped/09_Metas/07/14/20190907142200_00160.png,698,328.5,424.6,26.3,962
9/7/2019 14:23,datasets/dataset_cropped/09_Metas/07/14/20190907142300_00160.jpg,datasets_flow/dataset_cropped/09_Metas/07/14/20190907142300_00160.jpg,datasets_cloudmask/dataset_cropped/09_Metas/07/14/20190907142300_00160.png,668.6,297.2,420.5,26.4,962
9/7/2019 14:24,datasets/dataset_cropped/09_Metas/07/14/20190907142400_00160.jpg,datasets_flow/dataset_cropped/09_Metas/07/14/20190907142400_00160.jpg,datasets_cloudmask/dataset_cropped/09_Metas/07/14/20190907142400_00160.png,695.4,332.6,418.6,26.1,962
9/7/2019 14:25,datasets/dataset_cropped/09_Metas/07/14/20190907142500_00160.jpg,datasets_flow/dataset_cropped/09_Metas/07/14/20190907142500_00160.jpg,datasets_cloudmask/dataset_cropped/09_Metas/07/14/20190907142500_00160.png,668.1,304.4,415.3,25.9,962
9/7/2019 14:26,datasets/dataset_cropped/09_Metas/07/14/20190907142600_00160.jpg,datasets_flow/dataset_cropped/09_Metas/07/14/20190907142600_00160.jpg,datasets_cloudmask/dataset_cropped/09_Metas/07/14/20190907142600_00160.png,639.7,275.5,410.8,26.2,962
9/7/2019 14:27,datasets/dataset_cropped/09_Metas/07/14/20190907142700_00160.jpg,datasets_flow/dataset_cropped/09_Metas/07/14/20190907142700_00160.jpg,datasets_cloudmask/dataset_cropped/09_Metas/07/14/20190907142700_00160.png,651.2,292.7,409,26.1,961
9/7/2019 14:28,datasets/dataset_cropped/09_Metas/07/14/20190907142800_00160.jpg,datasets_flow/dataset_cropped/09_Metas/07/14/20190907142800_00160.jpg,datasets_cloudmask/dataset_cropped/09_Metas/07/14/20190907142800_00160.png,642.3,284.6,406.9,26.1,962
9/7/2019 14:29,datasets/dataset_cropped/09_Metas/07/14/20190907142900_00160.jpg,datasets_flow/dataset_cropped/09_Metas/07/14/20190907142900_00160.jpg,datasets_cloudmask/dataset_cropped/09_Metas/07/14/20190907142900_00160.png,648.9,295.1,405.3,25.9,961
9/7/2019 14:30,datasets/dataset_cropped/09_Metas/07/14/20190907143000_00160.jpg,datasets_flow/dataset_cropped/09_Metas/07/14/20190907143000_00160.jpg,datasets_cloudmask/dataset_cropped/09_Metas/07/14/20190907143000_00160.png,650.3,300.3,403.4,26,961
9/7/2019 14:31,datasets/dataset_cropped/09_Metas/07/14/20190907143100_00160.jpg,datasets_flow/dataset_cropped/09_Metas/07/14/20190907143100_00160.jpg,datasets_cloudmask/dataset_cropped/09_Metas/07/14/20190907143100_00160.png,652.7,306.5,401.5,26.2,961
9/7/2019 14:32,datasets/dataset_cropped/09_Metas/07/14/20190907143200_00160.jpg,datasets_flow/dataset_cropped/09_Metas/07/14/20190907143200_00160.jpg,datasets_cloudmask/dataset_cropped/09_Metas/07/14/20190907143200_00160.png,621.7,272.8,398,26.3,962
9/7/2019 14:33,datasets/dataset_cropped/09_Metas/07/14/20190907143300_00160.jpg,datasets_flow/dataset_cropped/09_Metas/07/14/20190907143300_00160.jpg,datasets_cloudmask/dataset_cropped/09_Metas/07/14/20190907143300_00160.png,578.5,224.3,394.1,26.6,961
9/7/2019 14:34,datasets/dataset_cropped/09_Metas/07/14/20190907143400_00160.jpg,datasets_flow/dataset_cropped/09_Metas/07/14/20190907143400_00160.jpg,datasets_cloudmask/dataset_cropped/09_Metas/07/14/20190907143400_00160.png,573.1,219.6,393.1,26.4,961
9/7/2019 14:35,datasets/dataset_cropped/09_Metas/07/14/20190907143500_00160.jpg,datasets_flow/dataset_cropped/09_Metas/07/14/20190907143500_00160.jpg,datasets_cloudmask/dataset_cropped/09_Metas/07/14/20190907143500_00160.png,588.8,240,392.9,25.9,961
9/7/2019 14:36,datasets/dataset_cropped/09_Metas/07/14/20190907143600_00160.jpg,datasets_flow/dataset_cropped/09_Metas/07/14/20190907143600_00160.jpg,datasets_cloudmask/dataset_cropped/09_Metas/07/14/20190907143600_00160.png,604.3,257.6,394.2,25.9,961
9/7/2019 14:37,datasets/dataset_cropped/09_Metas/07/14/20190907143700_00160.jpg,datasets_flow/dataset_cropped/09_Metas/07/14/20190907143700_00160.jpg,datasets_cloudmask/dataset_cropped/09_Metas/07/14/20190907143700_00160.png,608.3,261.7,395.3,26.3,962
9/7/2019 14:38,datasets/dataset_cropped/09_Metas/07/14/20190907143800_00160.jpg,datasets_flow/dataset_cropped/09_Metas/07/14/20190907143800_00160.jpg,datasets_cloudmask/dataset_cropped/09_Metas/07/14/20190907143800_00160.png,604.3,259.1,393,26.4,962
9/7/2019 14:39,datasets/dataset_cropped/09_Metas/07/14/20190907143900_00160.jpg,datasets_flow/dataset_cropped/09_Metas/07/14/20190907143900_00160.jpg,datasets_cloudmask/dataset_cropped/09_Metas/07/14/20190907143900_00160.png,595.2,251.4,390.3,26.1,961
9/7/2019 14:40,datasets/dataset_cropped/09_Metas/07/14/20190907144000_00160.jpg,datasets_flow/dataset_cropped/09_Metas/07/14/20190907144000_00160.jpg,datasets_cloudmask/dataset_cropped/09_Metas/07/14/20190907144000_00160.png,602.7,263.6,388.3,26.1,961
9/7/2019 14:41,datasets/dataset_cropped/09_Metas/07/14/20190907144100_00160.jpg,datasets_flow/dataset_cropped/09_Metas/07/14/20190907144100_00160.jpg,datasets_cloudmask/dataset_cropped/09_Metas/07/14/20190907144100_00160.png,604.2,269.1,385.9,26.2,961
9/7/2019 14:42,datasets/dataset_cropped/09_Metas/07/14/20190907144200_00160.jpg,datasets_flow/dataset_cropped/09_Metas/07/14/20190907144200_00160.jpg,datasets_cloudmask/dataset_cropped/09_Metas/07/14/20190907144200_00160.png,613.3,284.5,383.9,26.4,961
9/7/2019 14:43,datasets/dataset_cropped/09_Metas/07/14/20190907144300_00160.jpg,datasets_flow/dataset_cropped/09_Metas/07/14/20190907144300_00160.jpg,datasets_cloudmask/dataset_cropped/09_Metas/07/14/20190907144300_00160.png,583.1,252.8,379.7,26.4,961
9/7/2019 14:44,datasets/dataset_cropped/09_Metas/07/14/20190907144400_00160.jpg,datasets_flow/dataset_cropped/09_Metas/07/14/20190907144400_00160.jpg,datasets_cloudmask/dataset_cropped/09_Metas/07/14/20190907144400_00160.png,567.6,237,376.5,26.3,961
9/7/2019 14:45,datasets/dataset_cropped/09_Metas/07/14/20190907144500_00160.jpg,datasets_flow/dataset_cropped/09_Metas/07/14/20190907144500_00160.jpg,datasets_cloudmask/dataset_cropped/09_Metas/07/14/20190907144500_00160.png,595,271.1,377.2,26.4,961
9/7/2019 14:46,datasets/dataset_cropped/09_Metas/07/14/20190907144600_00160.jpg,datasets_flow/dataset_cropped/09_Metas/07/14/20190907144600_00160.jpg,datasets_cloudmask/dataset_cropped/09_Metas/07/14/20190907144600_00160.png,631.3,315.7,378.8,26.2,961
9/7/2019 14:47,datasets/dataset_cropped/09_Metas/07/14/20190907144700_00160.jpg,datasets_flow/dataset_cropped/09_Metas/07/14/20190907144700_00160.jpg,datasets_cloudmask/dataset_cropped/09_Metas/07/14/20190907144700_00160.png,614.3,297.1,376.9,26,961
9/7/2019 14:48,datasets/dataset_cropped/09_Metas/07/14/20190907144800_00160.jpg,datasets_flow/dataset_cropped/09_Metas/07/14/20190907144800_00160.jpg,datasets_cloudmask/dataset_cropped/09_Metas/07/14/20190907144800_00160.png,564.8,242.4,371,26.1,961
9/7/2019 14:49,datasets/dataset_cropped/09_Metas/07/14/20190907144900_00160.jpg,datasets_flow/dataset_cropped/09_Metas/07/14/20190907144900_00160.jpg,datasets_cloudmask/dataset_cropped/09_Metas/07/14/20190907144900_00160.png,560.5,242.2,367.1,26.3,961
9/7/2019 14:50,datasets/dataset_cropped/09_Metas/07/14/20190907145000_00160.jpg,datasets_flow/dataset_cropped/09_Metas/07/14/20190907145000_00160.jpg,datasets_cloudmask/dataset_cropped/09_Metas/07/14/20190907145000_00160.png,542.5,223.9,363.4,26.3,961
9/7/2019 14:51,datasets/dataset_cropped/09_Metas/07/14/20190907145100_00160.jpg,datasets_flow/dataset_cropped/09_Metas/07/14/20190907145100_00160.jpg,datasets_cloudmask/dataset_cropped/09_Metas/07/14/20190907145100_00160.png,524.8,207,358.8,26,961
9/7/2019 14:52,datasets/dataset_cropped/09_Metas/07/14/20190907145200_00160.jpg,datasets_flow/dataset_cropped/09_Metas/07/14/20190907145200_00160.jpg,datasets_cloudmask/dataset_cropped/09_Metas/07/14/20190907145200_00160.png,490.9,171.9,351.9,25.7,961
9/7/2019 14:53,datasets/dataset_cropped/09_Metas/07/14/20190907145300_00160.jpg,datasets_flow/dataset_cropped/09_Metas/07/14/20190907145300_00160.jpg,datasets_cloudmask/dataset_cropped/09_Metas/07/14/20190907145300_00160.png,439.6,115,345.3,25.8,961
9/7/2019 14:54,datasets/dataset_cropped/09_Metas/07/14/20190907145400_00160.jpg,datasets_flow/dataset_cropped/09_Metas/07/14/20190907145400_00160.jpg,datasets_cloudmask/dataset_cropped/09_Metas/07/14/20190907145400_00160.png,468.8,153.8,345,25.9,961
9/7/2019 14:55,datasets/dataset_cropped/09_Metas/07/14/20190907145500_00160.jpg,datasets_flow/dataset_cropped/09_Metas/07/14/20190907145500_00160.jpg,datasets_cloudmask/dataset_cropped/09_Metas/07/14/20190907145500_00160.png,482.2,170.5,345.6,26.1,961
9/7/2019 14:56,datasets/dataset_cropped/09_Metas/07/14/20190907145600_00160.jpg,datasets_flow/dataset_cropped/09_Metas/07/14/20190907145600_00160.jpg,datasets_cloudmask/dataset_cropped/09_Metas/07/14/20190907145600_00160.png,467.3,154,344.3,25.8,961
9/7/2019 14:57,datasets/dataset_cropped/09_Metas/07/14/20190907145700_00160.jpg,datasets_flow/dataset_cropped/09_Metas/07/14/20190907145700_00160.jpg,datasets_cloudmask/dataset_cropped/09_Metas/07/14/20190907145700_00160.png,489.7,183.9,343.6,25.5,961
9/7/2019 14:58,datasets/dataset_cropped/09_Metas/07/14/20190907145800_00160.jpg,datasets_flow/dataset_cropped/09_Metas/07/14/20190907145800_00160.jpg,datasets_cloudmask/dataset_cropped/09_Metas/07/14/20190907145800_00160.png,499.7,197.8,343,25.4,961
9/7/2019 14:59,datasets/dataset_cropped/09_Metas/07/14/20190907145900_00160.jpg,datasets_flow/dataset_cropped/09_Metas/07/14/20190907145900_00160.jpg,datasets_cloudmask/dataset_cropped/09_Metas/07/14/20190907145900_00160.png,516.3,219.2,343.6,25.4,961
9/7/2019 15:00,datasets/dataset_cropped/09_Metas/07/15/20190907150000_00160.jpg,datasets_flow/dataset_cropped/09_Metas/07/15/20190907150000_00160.jpg,datasets_cloudmask/dataset_cropped/09_Metas/07/15/20190907150000_00160.png,527.2,234.5,343.4,25.6,961
9/7/2019 15:01,datasets/dataset_cropped/09_Metas/07/15/20190907150100_00160.jpg,datasets_flow/dataset_cropped/09_Metas/07/15/20190907150100_00160.jpg,datasets_cloudmask/dataset_cropped/09_Metas/07/15/20190907150100_00160.png,491.2,193.3,339.8,26,961
9/7/2019 15:02,datasets/dataset_cropped/09_Metas/07/15/20190907150200_00160.jpg,datasets_flow/dataset_cropped/09_Metas/07/15/20190907150200_00160.jpg,datasets_cloudmask/dataset_cropped/09_Metas/07/15/20190907150200_00160.png,469.1,168.5,336.9,26.4,961
9/7/2019 15:03,datasets/dataset_cropped/09_Metas/07/15/20190907150300_00160.jpg,datasets_flow/dataset_cropped/09_Metas/07/15/20190907150300_00160.jpg,datasets_cloudmask/dataset_cropped/09_Metas/07/15/20190907150300_00160.png,482.3,186.1,337.3,26.1,961
9/7/2019 15:04,datasets/dataset_cropped/09_Metas/07/15/20190907150400_00160.jpg,datasets_flow/dataset_cropped/09_Metas/07/15/20190907150400_00160.jpg,datasets_cloudmask/dataset_cropped/09_Metas/07/15/20190907150400_00160.png,496.1,201.7,338.9,25.9,961
9/7/2019 15:05,datasets/dataset_cropped/09_Metas/07/15/20190907150500_00160.jpg,datasets_flow/dataset_cropped/09_Metas/07/15/20190907150500_00160.jpg,datasets_cloudmask/dataset_cropped/09_Metas/07/15/20190907150500_00160.png,511.7,219.8,340.9,25.5,961
9/7/2019 15:06,datasets/dataset_cropped/09_Metas/07/15/20190907150600_00160.jpg,datasets_flow/dataset_cropped/09_Metas/07/15/20190907150600_00160.jpg,datasets_cloudmask/dataset_cropped/09_Metas/07/15/20190907150600_00160.png,523.4,234.7,342.3,25.5,961
9/7/2019 15:07,datasets/dataset_cropped/09_Metas/07/15/20190907150700_00160.jpg,datasets_flow/dataset_cropped/09_Metas/07/15/20190907150700_00160.jpg,datasets_cloudmask/dataset_cropped/09_Metas/07/15/20190907150700_00160.png,519.5,230,342.6,25.6,961
9/7/2019 15:08,datasets/dataset_cropped/09_Metas/07/15/20190907150800_00160.jpg,datasets_flow/dataset_cropped/09_Metas/07/15/20190907150800_00160.jpg,datasets_cloudmask/dataset_cropped/09_Metas/07/15/20190907150800_00160.png,504.7,211.8,341.9,25.5,961
9/7/2019 15:09,datasets/dataset_cropped/09_Metas/07/15/20190907150900_00160.jpg,datasets_flow/dataset_cropped/09_Metas/07/15/20190907150900_00160.jpg,datasets_cloudmask/dataset_cropped/09_Metas/07/15/20190907150900_00160.png,517.3,228.1,342.6,25.3,961
9/7/2019 15:10,datasets/dataset_cropped/09_Metas/07/15/20190907151000_00160.jpg,datasets_flow/dataset_cropped/09_Metas/07/15/20190907151000_00160.jpg,datasets_cloudmask/dataset_cropped/09_Metas/07/15/20190907151000_00160.png,528.1,240.8,344.3,25.6,961
9/7/2019 15:11,datasets/dataset_cropped/09_Metas/07/15/20190907151100_00160.jpg,datasets_flow/dataset_cropped/09_Metas/07/15/20190907151100_00160.jpg,datasets_cloudmask/dataset_cropped/09_Metas/07/15/20190907151100_00160.png,530,241.6,346.1,26,961
9/7/2019 15:12,datasets/dataset_cropped/09_Metas/07/15/20190907151200_00160.jpg,datasets_flow/dataset_cropped/09_Metas/07/15/20190907151200_00160.jpg,datasets_cloudmask/dataset_cropped/09_Metas/07/15/20190907151200_00160.png,535.9,248.2,347.5,25.9,961
9/7/2019 15:13,datasets/dataset_cropped/09_Metas/07/15/20190907151300_00160.jpg,datasets_flow/dataset_cropped/09_Metas/07/15/20190907151300_00160.jpg,datasets_cloudmask/dataset_cropped/09_Metas/07/15/20190907151300_00160.png,531.5,241.5,348.9,25.8,961
9/7/2019 15:14,datasets/dataset_cropped/09_Metas/07/15/20190907151400_00160.jpg,datasets_flow/dataset_cropped/09_Metas/07/15/20190907151400_00160.jpg,datasets_cloudmask/dataset_cropped/09_Metas/07/15/20190907151400_00160.png,515.3,220.1,349.3,26,961
9/7/2019 15:15,datasets/dataset_cropped/09_Metas/07/15/20190907151500_00160.jpg,datasets_flow/dataset_cropped/09_Metas/07/15/20190907151500_00160.jpg,datasets_cloudmask/dataset_cropped/09_Metas/07/15/20190907151500_00160.png,504,205.3,348.9,25.7,961
9/7/2019 15:16,datasets/dataset_cropped/09_Metas/07/15/20190907151600_00160.jpg,datasets_flow/dataset_cropped/09_Metas/07/15/20190907151600_00160.jpg,datasets_cloudmask/dataset_cropped/09_Metas/07/15/20190907151600_00160.png,499.2,198.8,349.1,25.6,961
9/7/2019 15:17,datasets/dataset_cropped/09_Metas/07/15/20190907151700_00160.jpg,datasets_flow/dataset_cropped/09_Metas/07/15/20190907151700_00160.jpg,datasets_cloudmask/dataset_cropped/09_Metas/07/15/20190907151700_00160.png,510.4,213.5,349.9,25.6,961
9/7/2019 15:18,datasets/dataset_cropped/09_Metas/07/15/20190907151800_00160.jpg,datasets_flow/dataset_cropped/09_Metas/07/15/20190907151800_00160.jpg,datasets_cloudmask/dataset_cropped/09_Metas/07/15/20190907151800_00160.png,460.2,148.5,348.1,25.6,961
9/7/2019 15:19,datasets/dataset_cropped/09_Metas/07/15/20190907151900_00160.jpg,datasets_flow/dataset_cropped/09_Metas/07/15/20190907151900_00160.jpg,datasets_cloudmask/dataset_cropped/09_Metas/07/15/20190907151900_00160.png,484.3,179.9,349.8,25.6,961
9/7/2019 15:20,datasets/dataset_cropped/09_Metas/07/15/20190907152000_00160.jpg,datasets_flow/dataset_cropped/09_Metas/07/15/20190907152000_00160.jpg,datasets_cloudmask/dataset_cropped/09_Metas/07/15/20190907152000_00160.png,520.5,225.3,353.3,25.7,961
9/7/2019 15:21,datasets/dataset_cropped/09_Metas/07/15/20190907152100_00160.jpg,datasets_flow/dataset_cropped/09_Metas/07/15/20190907152100_00160.jpg,datasets_cloudmask/dataset_cropped/09_Metas/07/15/20190907152100_00160.png,528.7,235.8,354.1,25.8,961
9/7/2019 15:22,datasets/dataset_cropped/09_Metas/07/15/20190907152200_00160.jpg,datasets_flow/dataset_cropped/09_Metas/07/15/20190907152200_00160.jpg,datasets_cloudmask/dataset_cropped/09_Metas/07/15/20190907152200_00160.png,532.8,242.8,353.2,25.7,961
9/7/2019 15:23,datasets/dataset_cropped/09_Metas/07/15/20190907152300_00160.jpg,datasets_flow/dataset_cropped/09_Metas/07/15/20190907152300_00160.jpg,datasets_cloudmask/dataset_cropped/09_Metas/07/15/20190907152300_00160.png,507.6,212.4,349.9,25.4,961
9/7/2019 15:24,datasets/dataset_cropped/09_Metas/07/15/20190907152400_00160.jpg,datasets_flow/dataset_cropped/09_Metas/07/15/20190907152400_00160.jpg,datasets_cloudmask/dataset_cropped/09_Metas/07/15/20190907152400_00160.png,484.7,188.6,344.9,25.5,961
9/7/2019 15:25,datasets/dataset_cropped/09_Metas/07/15/20190907152500_00160.jpg,datasets_flow/dataset_cropped/09_Metas/07/15/20190907152500_00160.jpg,datasets_cloudmask/dataset_cropped/09_Metas/07/15/20190907152500_00160.png,446.3,144.4,338.7,25.7,961
9/7/2019 15:26,datasets/dataset_cropped/09_Metas/07/15/20190907152600_00160.jpg,datasets_flow/dataset_cropped/09_Metas/07/15/20190907152600_00160.jpg,datasets_cloudmask/dataset_cropped/09_Metas/07/15/20190907152600_00160.png,413.9,107.9,332.9,25.5,961
9/7/2019 15:27,datasets/dataset_cropped/09_Metas/07/15/20190907152700_00160.jpg,datasets_flow/dataset_cropped/09_Metas/07/15/20190907152700_00160.jpg,datasets_cloudmask/dataset_cropped/09_Metas/07/15/20190907152700_00160.png,399,92.2,329.5,25.3,961
9/7/2019 15:28,datasets/dataset_cropped/09_Metas/07/15/20190907152800_00160.jpg,datasets_flow/dataset_cropped/09_Metas/07/15/20190907152800_00160.jpg,datasets_cloudmask/dataset_cropped/09_Metas/07/15/20190907152800_00160.png,390,82.2,328.1,25.1,961
9/7/2019 15:29,datasets/dataset_cropped/09_Metas/07/15/20190907152900_00160.jpg,datasets_flow/dataset_cropped/09_Metas/07/15/20190907152900_00160.jpg,datasets_cloudmask/dataset_cropped/09_Metas/07/15/20190907152900_00160.png,405.1,102.6,328.8,25.2,961
9/7/2019 15:30,datasets/dataset_cropped/09_Metas/07/15/20190907153000_00160.jpg,datasets_flow/dataset_cropped/09_Metas/07/15/20190907153000_00160.jpg,datasets_cloudmask/dataset_cropped/09_Metas/07/15/20190907153000_00160.png,421.8,123,331.3,25.2,961
9/7/2019 15:31,datasets/dataset_cropped/09_Metas/07/15/20190907153100_00160.jpg,datasets_flow/dataset_cropped/09_Metas/07/15/20190907153100_00160.jpg,datasets_cloudmask/dataset_cropped/09_Metas/07/15/20190907153100_00160.png,441.1,147.2,333.9,25.2,961
9/7/2019 15:32,datasets/dataset_cropped/09_Metas/07/15/20190907153200_00160.jpg,datasets_flow/dataset_cropped/09_Metas/07/15/20190907153200_00160.jpg,datasets_cloudmask/dataset_cropped/09_Metas/07/15/20190907153200_00160.png,409.3,103.1,333.9,25.2,961
9/7/2019 15:33,datasets/dataset_cropped/09_Metas/07/15/20190907153300_00160.jpg,datasets_flow/dataset_cropped/09_Metas/07/15/20190907153300_00160.jpg,datasets_cloudmask/dataset_cropped/09_Metas/07/15/20190907153300_00160.png,435.4,136.9,336.3,25.1,961
9/7/2019 15:34,datasets/dataset_cropped/09_Metas/07/15/20190907153400_00160.jpg,datasets_flow/dataset_cropped/09_Metas/07/15/20190907153400_00160.jpg,datasets_cloudmask/dataset_cropped/09_Metas/07/15/20190907153400_00160.png,466.5,176.1,339.8,25,961
9/7/2019 15:35,datasets/dataset_cropped/09_Metas/07/15/20190907153500_00160.jpg,datasets_flow/dataset_cropped/09_Metas/07/15/20190907153500_00160.jpg,datasets_cloudmask/dataset_cropped/09_Metas/07/15/20190907153500_00160.png,445,144.8,340.3,25,961
9/7/2019 15:36,datasets/dataset_cropped/09_Metas/07/15/20190907153600_00160.jpg,datasets_flow/dataset_cropped/09_Metas/07/15/20190907153600_00160.jpg,datasets_cloudmask/dataset_cropped/09_Metas/07/15/20190907153600_00160.png,444,142.7,340.7,24.9,961
9/7/2019 15:37,datasets/dataset_cropped/09_Metas/07/15/20190907153700_00160.jpg,datasets_flow/dataset_cropped/09_Metas/07/15/20190907153700_00160.jpg,datasets_cloudmask/dataset_cropped/09_Metas/07/15/20190907153700_00160.png,459.1,161.3,342.9,24.9,961
9/7/2019 15:38,datasets/dataset_cropped/09_Metas/07/15/20190907153800_00160.jpg,datasets_flow/dataset_cropped/09_Metas/07/15/20190907153800_00160.jpg,datasets_cloudmask/dataset_cropped/09_Metas/07/15/20190907153800_00160.png,473.8,177.9,346.3,25.1,961
9/7/2019 15:39,datasets/dataset_cropped/09_Metas/07/15/20190907153900_00160.jpg,datasets_flow/dataset_cropped/09_Metas/07/15/20190907153900_00160.jpg,datasets_cloudmask/dataset_cropped/09_Metas/07/15/20190907153900_00160.png,497.3,207.4,350.2,25.1,961
9/7/2019 15:40,datasets/dataset_cropped/09_Metas/07/15/20190907154000_00160.jpg,datasets_flow/dataset_cropped/09_Metas/07/15/20190907154000_00160.jpg,datasets_cloudmask/dataset_cropped/09_Metas/07/15/20190907154000_00160.png,520.5,236.7,354.1,25.3,961
9/7/2019 15:41,datasets/dataset_cropped/09_Metas/07/15/20190907154100_00160.jpg,datasets_flow/dataset_cropped/09_Metas/07/15/20190907154100_00160.jpg,datasets_cloudmask/dataset_cropped/09_Metas/07/15/20190907154100_00160.png,529.2,248,356.3,25.4,961
9/7/2019 15:42,datasets/dataset_cropped/09_Metas/07/15/20190907154200_00160.jpg,datasets_flow/dataset_cropped/09_Metas/07/15/20190907154200_00160.jpg,datasets_cloudmask/dataset_cropped/09_Metas/07/15/20190907154200_00160.png,537.6,260.4,356.9,25.4,961
9/7/2019 15:43,datasets/dataset_cropped/09_Metas/07/15/20190907154300_00160.jpg,datasets_flow/dataset_cropped/09_Metas/07/15/20190907154300_00160.jpg,datasets_cloudmask/dataset_cropped/09_Metas/07/15/20190907154300_00160.png,567.8,303.4,357.8,25.5,961
9/7/2019 15:44,datasets/dataset_cropped/09_Metas/07/15/20190907154400_00160.jpg,datasets_flow/dataset_cropped/09_Metas/07/15/20190907154400_00160.jpg,datasets_cloudmask/dataset_cropped/09_Metas/07/15/20190907154400_00160.png,579.8,321.2,358,25.4,961
9/7/2019 15:45,datasets/dataset_cropped/09_Metas/07/15/20190907154500_00160.jpg,datasets_flow/dataset_cropped/09_Metas/07/15/20190907154500_00160.jpg,datasets_cloudmask/dataset_cropped/09_Metas/07/15/20190907154500_00160.png,604.2,358.7,357.2,25.4,961
9/7/2019 15:46,datasets/dataset_cropped/09_Metas/07/15/20190907154600_00160.jpg,datasets_flow/dataset_cropped/09_Metas/07/15/20190907154600_00160.jpg,datasets_cloudmask/dataset_cropped/09_Metas/07/15/20190907154600_00160.png,630.1,399,356,25.3,961
9/7/2019 15:47,datasets/dataset_cropped/09_Metas/07/15/20190907154700_00160.jpg,datasets_flow/dataset_cropped/09_Metas/07/15/20190907154700_00160.jpg,datasets_cloudmask/dataset_cropped/09_Metas/07/15/20190907154700_00160.png,655.4,440.3,354.2,25.3,961
9/7/2019 15:48,datasets/dataset_cropped/09_Metas/07/15/20190907154800_00160.jpg,datasets_flow/dataset_cropped/09_Metas/07/15/20190907154800_00160.jpg,datasets_cloudmask/dataset_cropped/09_Metas/07/15/20190907154800_00160.png,676.4,478.9,351.3,26,961
9/7/2019 15:49,datasets/dataset_cropped/09_Metas/07/15/20190907154900_00160.jpg,datasets_flow/dataset_cropped/09_Metas/07/15/20190907154900_00160.jpg,datasets_cloudmask/dataset_cropped/09_Metas/07/15/20190907154900_00160.png,633.8,428.8,343.5,26.1,961
9/7/2019 15:50,datasets/dataset_cropped/09_Metas/07/15/20190907155000_00160.jpg,datasets_flow/dataset_cropped/09_Metas/07/15/20190907155000_00160.jpg,datasets_cloudmask/dataset_cropped/09_Metas/07/15/20190907155000_00160.png,504.2,257.4,329.1,25.9,961
9/7/2019 15:51,datasets/dataset_cropped/09_Metas/07/15/20190907155100_00160.jpg,datasets_flow/dataset_cropped/09_Metas/07/15/20190907155100_00160.jpg,datasets_cloudmask/dataset_cropped/09_Metas/07/15/20190907155100_00160.png,508.1,274,322.7,25.8,961
9/7/2019 15:52,datasets/dataset_cropped/09_Metas/07/15/20190907155200_00160.jpg,datasets_flow/dataset_cropped/09_Metas/07/15/20190907155200_00160.jpg,datasets_cloudmask/dataset_cropped/09_Metas/07/15/20190907155200_00160.png,530.3,312.3,319.9,25.8,961
9/7/2019 15:53,datasets/dataset_cropped/09_Metas/07/15/20190907155300_00160.jpg,datasets_flow/dataset_cropped/09_Metas/07/15/20190907155300_00160.jpg,datasets_cloudmask/dataset_cropped/09_Metas/07/15/20190907155300_00160.png,547.8,344,317.3,25.8,961
9/7/2019 15:54,datasets/dataset_cropped/09_Metas/07/15/20190907155400_00160.jpg,datasets_flow/dataset_cropped/09_Metas/07/15/20190907155400_00160.jpg,datasets_cloudmask/dataset_cropped/09_Metas/07/15/20190907155400_00160.png,535.4,334.5,312,25.7,961
9/7/2019 15:55,datasets/dataset_cropped/09_Metas/07/15/20190907155500_00160.jpg,datasets_flow/dataset_cropped/09_Metas/07/15/20190907155500_00160.jpg,datasets_cloudmask/dataset_cropped/09_Metas/07/15/20190907155500_00160.png,591.8,421.6,311.5,25.4,960
9/7/2019 15:56,datasets/dataset_cropped/09_Metas/07/15/20190907155600_00160.jpg,datasets_flow/dataset_cropped/09_Metas/07/15/20190907155600_00160.jpg,datasets_cloudmask/dataset_cropped/09_Metas/07/15/20190907155600_00160.png,605.6,445.2,311,25.4,960
9/7/2019 15:57,datasets/dataset_cropped/09_Metas/07/15/20190907155700_00160.jpg,datasets_flow/dataset_cropped/09_Metas/07/15/20190907155700_00160.jpg,datasets_cloudmask/dataset_cropped/09_Metas/07/15/20190907155700_00160.png,595.1,432.8,309.3,25.5,961
9/7/2019 15:58,datasets/dataset_cropped/09_Metas/07/15/20190907155800_00160.jpg,datasets_flow/dataset_cropped/09_Metas/07/15/20190907155800_00160.jpg,datasets_cloudmask/dataset_cropped/09_Metas/07/15/20190907155800_00160.png,607.9,456.9,308.1,25.8,960
9/7/2019 15:59,datasets/dataset_cropped/09_Metas/07/15/20190907155900_00160.jpg,datasets_flow/dataset_cropped/09_Metas/07/15/20190907155900_00160.jpg,datasets_cloudmask/dataset_cropped/09_Metas/07/15/20190907155900_00160.png,595.3,441.6,306.7,25.8,960
9/7/2019 16:00,datasets/dataset_cropped/09_Metas/07/16/20190907160000_00160.jpg,datasets_flow/dataset_cropped/09_Metas/07/16/20190907160000_00160.jpg,datasets_cloudmask/dataset_cropped/09_Metas/07/16/20190907160000_00160.png,591.1,442.2,303.8,26.1,960
9/7/2019 16:01,datasets/dataset_cropped/09_Metas/07/16/20190907160100_00160.jpg,datasets_flow/dataset_cropped/09_Metas/07/16/20190907160100_00160.jpg,datasets_cloudmask/dataset_cropped/09_Metas/07/16/20190907160100_00160.png,596.7,457.4,300.4,26,960
9/7/2019 16:02,datasets/dataset_cropped/09_Metas/07/16/20190907160200_00160.jpg,datasets_flow/dataset_cropped/09_Metas/07/16/20190907160200_00160.jpg,datasets_cloudmask/dataset_cropped/09_Metas/07/16/20190907160200_00160.png,573.6,429.9,296.6,25.8,960
9/7/2019 16:03,datasets/dataset_cropped/09_Metas/07/16/20190907160300_00160.jpg,datasets_flow/dataset_cropped/09_Metas/07/16/20190907160300_00160.jpg,datasets_cloudmask/dataset_cropped/09_Metas/07/16/20190907160300_00160.png,606.4,484.7,295.5,25.9,960
9/7/2019 16:04,datasets/dataset_cropped/09_Metas/07/16/20190907160400_00160.jpg,datasets_flow/dataset_cropped/09_Metas/07/16/20190907160400_00160.jpg,datasets_cloudmask/dataset_cropped/09_Metas/07/16/20190907160400_00160.png,591.5,468.1,291.5,25.8,960
9/7/2019 16:05,datasets/dataset_cropped/09_Metas/07/16/20190907160500_00160.jpg,datasets_flow/dataset_cropped/09_Metas/07/16/20190907160500_00160.jpg,datasets_cloudmask/dataset_cropped/09_Metas/07/16/20190907160500_00160.png,566.5,438.5,286.2,25.5,960
9/7/2019 16:06,datasets/dataset_cropped/09_Metas/07/16/20190907160600_00160.jpg,datasets_flow/dataset_cropped/09_Metas/07/16/20190907160600_00160.jpg,datasets_cloudmask/dataset_cropped/09_Metas/07/16/20190907160600_00160.png,538.4,408.7,277.9,25.6,960
9/7/2019 16:07,datasets/dataset_cropped/09_Metas/07/16/20190907160700_00160.jpg,datasets_flow/dataset_cropped/09_Metas/07/16/20190907160700_00160.jpg,datasets_cloudmask/dataset_cropped/09_Metas/07/16/20190907160700_00160.png,405.8,226.4,260.6,25.8,960
9/7/2019 16:08,datasets/dataset_cropped/09_Metas/07/16/20190907160800_00160.jpg,datasets_flow/dataset_cropped/09_Metas/07/16/20190907160800_00160.jpg,datasets_cloudmask/dataset_cropped/09_Metas/07/16/20190907160800_00160.png,271.6,43.9,241.4,25.7,960
9/7/2019 16:09,datasets/dataset_cropped/09_Metas/07/16/20190907160900_00160.jpg,datasets_flow/dataset_cropped/09_Metas/07/16/20190907160900_00160.jpg,datasets_cloudmask/dataset_cropped/09_Metas/07/16/20190907160900_00160.png,247.3,22,231.1,25.3,960
9/7/2019 16:10,datasets/dataset_cropped/09_Metas/07/16/20190907161000_00160.jpg,datasets_flow/dataset_cropped/09_Metas/07/16/20190907161000_00160.jpg,datasets_cloudmask/dataset_cropped/09_Metas/07/16/20190907161000_00160.png,273.4,68.8,227.5,24.9,960
9/7/2019 16:11,datasets/dataset_cropped/09_Metas/07/16/20190907161100_00160.jpg,datasets_flow/dataset_cropped/09_Metas/07/16/20190907161100_00160.jpg,datasets_cloudmask/dataset_cropped/09_Metas/07/16/20190907161100_00160.png,284.4,85.3,228,24.8,960
9/7/2019 16:12,datasets/dataset_cropped/09_Metas/07/16/20190907161200_00160.jpg,datasets_flow/dataset_cropped/09_Metas/07/16/20190907161200_00160.jpg,datasets_cloudmask/dataset_cropped/09_Metas/07/16/20190907161200_00160.png,326.5,149.4,231.2,24.6,960
9/7/2019 16:13,datasets/dataset_cropped/09_Metas/07/16/20190907161300_00160.jpg,datasets_flow/dataset_cropped/09_Metas/07/16/20190907161300_00160.jpg,datasets_cloudmask/dataset_cropped/09_Metas/07/16/20190907161300_00160.png,335.1,159.7,234.2,24.8,960
9/7/2019 16:14,datasets/dataset_cropped/09_Metas/07/16/20190907161400_00160.jpg,datasets_flow/dataset_cropped/09_Metas/07/16/20190907161400_00160.jpg,datasets_cloudmask/dataset_cropped/09_Metas/07/16/20190907161400_00160.png,330.1,147.5,237.3,24.9,960
9/7/2019 16:15,datasets/dataset_cropped/09_Metas/07/16/20190907161500_00160.jpg,datasets_flow/dataset_cropped/09_Metas/07/16/20190907161500_00160.jpg,datasets_cloudmask/dataset_cropped/09_Metas/07/16/20190907161500_00160.png,398.2,246,245.3,25,960
9/7/2019 16:16,datasets/dataset_cropped/09_Metas/07/16/20190907161600_00160.jpg,datasets_flow/dataset_cropped/09_Metas/07/16/20190907161600_00160.jpg,datasets_cloudmask/dataset_cropped/09_Metas/07/16/20190907161600_00160.png,376.2,203.1,250.5,25,960
9/7/2019 16:17,datasets/dataset_cropped/09_Metas/07/16/20190907161700_00160.jpg,datasets_flow/dataset_cropped/09_Metas/07/16/20190907161700_00160.jpg,datasets_cloudmask/dataset_cropped/09_Metas/07/16/20190907161700_00160.png,332.8,128.4,253.1,24.9,960
9/7/2019 16:18,datasets/dataset_cropped/09_Metas/07/16/20190907161800_00160.jpg,datasets_flow/dataset_cropped/09_Metas/07/16/20190907161800_00160.jpg,datasets_cloudmask/dataset_cropped/09_Metas/07/16/20190907161800_00160.png,326.9,114.4,256.6,24.9,960
9/7/2019 16:19,datasets/dataset_cropped/09_Metas/07/16/20190907161900_00160.jpg,datasets_flow/dataset_cropped/09_Metas/07/16/20190907161900_00160.jpg,datasets_cloudmask/dataset_cropped/09_Metas/07/16/20190907161900_00160.png,360.2,163.4,260.3,24.7,960
9/7/2019 16:20,datasets/dataset_cropped/09_Metas/07/16/20190907162000_00160.jpg,datasets_flow/dataset_cropped/09_Metas/07/16/20190907162000_00160.jpg,datasets_cloudmask/dataset_cropped/09_Metas/07/16/20190907162000_00160.png,350.1,142.2,262.8,24.6,960
9/7/2019 16:21,datasets/dataset_cropped/09_Metas/07/16/20190907162100_00160.jpg,datasets_flow/dataset_cropped/09_Metas/07/16/20190907162100_00160.jpg,datasets_cloudmask/dataset_cropped/09_Metas/07/16/20190907162100_00160.png,386.1,197.3,266.9,24.7,960
9/7/2019 16:22,datasets/dataset_cropped/09_Metas/07/16/20190907162200_00160.jpg,datasets_flow/dataset_cropped/09_Metas/07/16/20190907162200_00160.jpg,datasets_cloudmask/dataset_cropped/09_Metas/07/16/20190907162200_00160.png,434.7,273.4,270.9,24.8,960
9/7/2019 16:23,datasets/dataset_cropped/09_Metas/07/16/20190907162300_00160.jpg,datasets_flow/dataset_cropped/09_Metas/07/16/20190907162300_00160.jpg,datasets_cloudmask/dataset_cropped/09_Metas/07/16/20190907162300_00160.png,473.1,336.6,272.7,25,960
9/7/2019 16:24,datasets/dataset_cropped/09_Metas/07/16/20190907162400_00160.jpg,datasets_flow/dataset_cropped/09_Metas/07/16/20190907162400_00160.jpg,datasets_cloudmask/dataset_cropped/09_Metas/07/16/20190907162400_00160.png,491.7,370.3,272.5,25.3,960
9/7/2019 16:25,datasets/dataset_cropped/09_Metas/07/16/20190907162500_00160.jpg,datasets_flow/dataset_cropped/09_Metas/07/16/20190907162500_00160.jpg,datasets_cloudmask/dataset_cropped/09_Metas/07/16/20190907162500_00160.png,525.7,431.6,271.5,25.3,960
9/7/2019 16:26,datasets/dataset_cropped/09_Metas/07/16/20190907162600_00160.jpg,datasets_flow/dataset_cropped/09_Metas/07/16/20190907162600_00160.jpg,datasets_cloudmask/dataset_cropped/09_Metas/07/16/20190907162600_00160.png,514.7,421.3,267.1,25.4,960
9/7/2019 16:27,datasets/dataset_cropped/09_Metas/07/16/20190907162700_00160.jpg,datasets_flow/dataset_cropped/09_Metas/07/16/20190907162700_00160.jpg,datasets_cloudmask/dataset_cropped/09_Metas/07/16/20190907162700_00160.png,503.5,413.6,262,25.4,960
9/7/2019 16:28,datasets/dataset_cropped/09_Metas/07/16/20190907162800_00160.jpg,datasets_flow/dataset_cropped/09_Metas/07/16/20190907162800_00160.jpg,datasets_cloudmask/dataset_cropped/09_Metas/07/16/20190907162800_00160.png,503.2,424.2,256.9,25.4,960
9/7/2019 16:29,datasets/dataset_cropped/09_Metas/07/16/20190907162900_00160.jpg,datasets_flow/dataset_cropped/09_Metas/07/16/20190907162900_00160.jpg,datasets_cloudmask/dataset_cropped/09_Metas/07/16/20190907162900_00160.png,502.3,436.4,250.5,25.6,960
9/7/2019 16:30,datasets/dataset_cropped/09_Metas/07/16/20190907163000_00160.jpg,datasets_flow/dataset_cropped/09_Metas/07/16/20190907163000_00160.jpg,datasets_cloudmask/dataset_cropped/09_Metas/07/16/20190907163000_00160.png,465.3,388.7,241.7,25.7,960
9/7/2019 16:31,datasets/dataset_cropped/09_Metas/07/16/20190907163100_00160.jpg,datasets_flow/dataset_cropped/09_Metas/07/16/20190907163100_00160.jpg,datasets_cloudmask/dataset_cropped/09_Metas/07/16/20190907163100_00160.png,410.5,313.2,230.3,25.9,960
9/7/2019 16:32,datasets/dataset_cropped/09_Metas/07/16/20190907163200_00160.jpg,datasets_flow/dataset_cropped/09_Metas/07/16/20190907163200_00160.jpg,datasets_cloudmask/dataset_cropped/09_Metas/07/16/20190907163200_00160.png,405.2,321.2,221.5,25.7,960
9/7/2019 16:33,datasets/dataset_cropped/09_Metas/07/16/20190907163300_00160.jpg,datasets_flow/dataset_cropped/09_Metas/07/16/20190907163300_00160.jpg,datasets_cloudmask/dataset_cropped/09_Metas/07/16/20190907163300_00160.png,290.3,138.3,210.5,25.4,960
9/7/2019 16:34,datasets/dataset_cropped/09_Metas/07/16/20190907163400_00160.jpg,datasets_flow/dataset_cropped/09_Metas/07/16/20190907163400_00160.jpg,datasets_cloudmask/dataset_cropped/09_Metas/07/16/20190907163400_00160.png,278.7,131,203.2,25.3,960
9/7/2019 16:35,datasets/dataset_cropped/09_Metas/07/16/20190907163500_00160.jpg,datasets_flow/dataset_cropped/09_Metas/07/16/20190907163500_00160.jpg,datasets_cloudmask/dataset_cropped/09_Metas/07/16/20190907163500_00160.png,277.3,136,199.3,25,960
9/7/2019 16:36,datasets/dataset_cropped/09_Metas/07/16/20190907163600_00160.jpg,datasets_flow/dataset_cropped/09_Metas/07/16/20190907163600_00160.jpg,datasets_cloudmask/dataset_cropped/09_Metas/07/16/20190907163600_00160.png,271.5,132.2,196,24.9,960
9/7/2019 16:37,datasets/dataset_cropped/09_Metas/07/16/20190907163700_00160.jpg,datasets_flow/dataset_cropped/09_Metas/07/16/20190907163700_00160.jpg,datasets_cloudmask/dataset_cropped/09_Metas/07/16/20190907163700_00160.png,248.5,96.2,193.2,25,960
9/7/2019 16:38,datasets/dataset_cropped/09_Metas/07/16/20190907163800_00160.jpg,datasets_flow/dataset_cropped/09_Metas/07/16/20190907163800_00160.jpg,datasets_cloudmask/dataset_cropped/09_Metas/07/16/20190907163800_00160.png,247.5,97.3,192.5,24.8,960
9/7/2019 16:39,datasets/dataset_cropped/09_Metas/07/16/20190907163900_00160.jpg,datasets_flow/dataset_cropped/09_Metas/07/16/20190907163900_00160.jpg,datasets_cloudmask/dataset_cropped/09_Metas/07/16/20190907163900_00160.png,270.4,138.5,193.1,24.7,960
9/7/2019 16:40,datasets/dataset_cropped/09_Metas/07/16/20190907164000_00160.jpg,datasets_flow/dataset_cropped/09_Metas/07/16/20190907164000_00160.jpg,datasets_cloudmask/dataset_cropped/09_Metas/07/16/20190907164000_00160.png,298.2,187.6,194.5,24.6,960
9/7/2019 16:41,datasets/dataset_cropped/09_Metas/07/16/20190907164100_00160.jpg,datasets_flow/dataset_cropped/09_Metas/07/16/20190907164100_00160.jpg,datasets_cloudmask/dataset_cropped/09_Metas/07/16/20190907164100_00160.png,332,246.9,196.9,24.5,960
9/7/2019 16:42,datasets/dataset_cropped/09_Metas/07/16/20190907164200_00160.jpg,datasets_flow/dataset_cropped/09_Metas/07/16/20190907164200_00160.jpg,datasets_cloudmask/dataset_cropped/09_Metas/07/16/20190907164200_00160.png,371.3,316.9,199.3,24.5,960
9/7/2019 16:43,datasets/dataset_cropped/09_Metas/07/16/20190907164300_00160.jpg,datasets_flow/dataset_cropped/09_Metas/07/16/20190907164300_00160.jpg,datasets_cloudmask/dataset_cropped/09_Metas/07/16/20190907164300_00160.png,393.6,357,201,24.9,960
9/7/2019 16:44,datasets/dataset_cropped/09_Metas/07/16/20190907164400_00160.jpg,datasets_flow/dataset_cropped/09_Metas/07/16/20190907164400_00160.jpg,datasets_cloudmask/dataset_cropped/09_Metas/07/16/20190907164400_00160.png,451,460.4,204.3,24.9,960
9/7/2019 16:45,datasets/dataset_cropped/09_Metas/07/16/20190907164500_00160.jpg,datasets_flow/dataset_cropped/09_Metas/07/16/20190907164500_00160.jpg,datasets_cloudmask/dataset_cropped/09_Metas/07/16/20190907164500_00160.png,505.9,559.8,208,24.9,960
9/7/2019 16:46,datasets/dataset_cropped/09_Metas/07/16/20190907164600_00160.jpg,datasets_flow/dataset_cropped/09_Metas/07/16/20190907164600_00160.jpg,datasets_cloudmask/dataset_cropped/09_Metas/07/16/20190907164600_00160.png,511.4,571.7,209.1,25.1,960
9/7/2019 16:47,datasets/dataset_cropped/09_Metas/07/16/20190907164700_00160.jpg,datasets_flow/dataset_cropped/09_Metas/07/16/20190907164700_00160.jpg,datasets_cloudmask/dataset_cropped/09_Metas/07/16/20190907164700_00160.png,457.3,480.4,204.7,25.3,960
9/7/2019 16:48,datasets/dataset_cropped/09_Metas/07/16/20190907164800_00160.jpg,datasets_flow/dataset_cropped/09_Metas/07/16/20190907164800_00160.jpg,datasets_cloudmask/dataset_cropped/09_Metas/07/16/20190907164800_00160.png,316.6,234.2,193.9,25.3,960
9/7/2019 16:49,datasets/dataset_cropped/09_Metas/07/16/20190907164900_00160.jpg,datasets_flow/dataset_cropped/09_Metas/07/16/20190907164900_00160.jpg,datasets_cloudmask/dataset_cropped/09_Metas/07/16/20190907164900_00160.png,253.4,127.9,186.1,25.3,960
9/7/2019 16:50,datasets/dataset_cropped/09_Metas/07/16/20190907165000_00160.jpg,datasets_flow/dataset_cropped/09_Metas/07/16/20190907165000_00160.jpg,datasets_cloudmask/dataset_cropped/09_Metas/07/16/20190907165000_00160.png,244.4,116.9,183,25.1,960
9/7/2019 16:51,datasets/dataset_cropped/09_Metas/07/16/20190907165100_00160.jpg,datasets_flow/dataset_cropped/09_Metas/07/16/20190907165100_00160.jpg,datasets_cloudmask/dataset_cropped/09_Metas/07/16/20190907165100_00160.png,269.7,164.7,184.3,25.1,960
9/7/2019 16:52,datasets/dataset_cropped/09_Metas/07/16/20190907165200_00160.jpg,datasets_flow/dataset_cropped/09_Metas/07/16/20190907165200_00160.jpg,datasets_cloudmask/dataset_cropped/09_Metas/07/16/20190907165200_00160.png,329.7,273.6,189.2,25.1,960
9/7/2019 16:53,datasets/dataset_cropped/09_Metas/07/16/20190907165300_00160.jpg,datasets_flow/dataset_cropped/09_Metas/07/16/20190907165300_00160.jpg,datasets_cloudmask/dataset_cropped/09_Metas/07/16/20190907165300_00160.png,360.2,324.8,194.4,25,960
9/7/2019 16:54,datasets/dataset_cropped/09_Metas/07/16/20190907165400_00160.jpg,datasets_flow/dataset_cropped/09_Metas/07/16/20190907165400_00160.jpg,datasets_cloudmask/dataset_cropped/09_Metas/07/16/20190907165400_00160.png,413,418,200.6,25,960
9/7/2019 16:55,datasets/dataset_cropped/09_Metas/07/16/20190907165500_00160.jpg,datasets_flow/dataset_cropped/09_Metas/07/16/20190907165500_00160.jpg,datasets_cloudmask/dataset_cropped/09_Metas/07/16/20190907165500_00160.png,464.1,508,208,24.9,960
9/7/2019 16:56,datasets/dataset_cropped/09_Metas/07/16/20190907165600_00160.jpg,datasets_flow/dataset_cropped/09_Metas/07/16/20190907165600_00160.jpg,datasets_cloudmask/dataset_cropped/09_Metas/07/16/20190907165600_00160.png,496.6,565.2,213.7,25.1,960
9/7/2019 16:57,datasets/dataset_cropped/09_Metas/07/16/20190907165700_00160.jpg,datasets_flow/dataset_cropped/09_Metas/07/16/20190907165700_00160.jpg,datasets_cloudmask/dataset_cropped/09_Metas/07/16/20190907165700_00160.png,463.2,499.1,214.9,25.2,960
9/7/2019 16:58,datasets/dataset_cropped/09_Metas/07/16/20190907165800_00160.jpg,datasets_flow/dataset_cropped/09_Metas/07/16/20190907165800_00160.jpg,datasets_cloudmask/dataset_cropped/09_Metas/07/16/20190907165800_00160.png,486,541.4,218.1,25.3,960
9/7/2019 16:59,datasets/dataset_cropped/09_Metas/07/16/20190907165900_00160.jpg,datasets_flow/dataset_cropped/09_Metas/07/16/20190907165900_00160.jpg,datasets_cloudmask/dataset_cropped/09_Metas/07/16/20190907165900_00160.png,492.3,551.5,221.4,25.4,960
9/7/2019 17:00,datasets/dataset_cropped/09_Metas/07/17/20190907170000_00160.jpg,datasets_flow/dataset_cropped/09_Metas/07/17/20190907170000_00160.jpg,datasets_cloudmask/dataset_cropped/09_Metas/07/17/20190907170000_00160.png,470.9,508.4,222.6,25.3,960
9/7/2019 17:01,datasets/dataset_cropped/09_Metas/07/17/20190907170100_00160.jpg,datasets_flow/dataset_cropped/09_Metas/07/17/20190907170100_00160.jpg,datasets_cloudmask/dataset_cropped/09_Metas/07/17/20190907170100_00160.png,434.3,435.9,222.6,25.5,960
9/7/2019 17:02,datasets/dataset_cropped/09_Metas/07/17/20190907170200_00160.jpg,datasets_flow/dataset_cropped/09_Metas/07/17/20190907170200_00160.jpg,datasets_cloudmask/dataset_cropped/09_Metas/07/17/20190907170200_00160.png,420.1,406.6,223.1,25.1,960
9/7/2019 17:03,datasets/dataset_cropped/09_Metas/07/17/20190907170300_00160.jpg,datasets_flow/dataset_cropped/09_Metas/07/17/20190907170300_00160.jpg,datasets_cloudmask/dataset_cropped/09_Metas/07/17/20190907170300_00160.png,450.9,466.7,226.2,25.2,960
9/7/2019 17:04,datasets/dataset_cropped/09_Metas/07/17/20190907170400_00160.jpg,datasets_flow/dataset_cropped/09_Metas/07/17/20190907170400_00160.jpg,datasets_cloudmask/dataset_cropped/09_Metas/07/17/20190907170400_00160.png,481.7,526.7,229.8,25.4,960
9/7/2019 17:05,datasets/dataset_cropped/09_Metas/07/17/20190907170500_00160.jpg,datasets_flow/dataset_cropped/09_Metas/07/17/20190907170500_00160.jpg,datasets_cloudmask/dataset_cropped/09_Metas/07/17/20190907170500_00160.png,487.8,541.7,230.6,25.5,960
9/7/2019 17:06,datasets/dataset_cropped/09_Metas/07/17/20190907170600_00160.jpg,datasets_flow/dataset_cropped/09_Metas/07/17/20190907170600_00160.jpg,datasets_cloudmask/dataset_cropped/09_Metas/07/17/20190907170600_00160.png,500,572.8,230,25.5,960
9/7/2019 17:07,datasets/dataset_cropped/09_Metas/07/17/20190907170700_00160.jpg,datasets_flow/dataset_cropped/09_Metas/07/17/20190907170700_00160.jpg,datasets_cloudmask/dataset_cropped/09_Metas/07/17/20190907170700_00160.png,512.8,608.1,228.5,25.5,960
9/7/2019 17:08,datasets/dataset_cropped/09_Metas/07/17/20190907170800_00160.jpg,datasets_flow/dataset_cropped/09_Metas/07/17/20190907170800_00160.jpg,datasets_cloudmask/dataset_cropped/09_Metas/07/17/20190907170800_00160.png,510.2,614.4,224.9,25.4,960
9/7/2019 17:09,datasets/dataset_cropped/09_Metas/07/17/20190907170900_00160.jpg,datasets_flow/dataset_cropped/09_Metas/07/17/20190907170900_00160.jpg,datasets_cloudmask/dataset_cropped/09_Metas/07/17/20190907170900_00160.png,502.7,611.5,220.9,25.3,960
9/7/2019 17:10,datasets/dataset_cropped/09_Metas/07/17/20190907171000_00160.jpg,datasets_flow/dataset_cropped/09_Metas/07/17/20190907171000_00160.jpg,datasets_cloudmask/dataset_cropped/09_Metas/07/17/20190907171000_00160.png,498.5,616.5,215.9,25.2,960
9/7/2019 17:11,datasets/dataset_cropped/09_Metas/07/17/20190907171100_00160.jpg,datasets_flow/dataset_cropped/09_Metas/07/17/20190907171100_00160.jpg,datasets_cloudmask/dataset_cropped/09_Metas/07/17/20190907171100_00160.png,497.6,628.8,211.2,25.6,960
9/7/2019 17:12,datasets/dataset_cropped/09_Metas/07/17/20190907171200_00160.jpg,datasets_flow/dataset_cropped/09_Metas/07/17/20190907171200_00160.jpg,datasets_cloudmask/dataset_cropped/09_Metas/07/17/20190907171200_00160.png,492.2,632,206.5,25.5,960
9/7/2019 17:13,datasets/dataset_cropped/09_Metas/07/17/20190907171300_00160.jpg,datasets_flow/dataset_cropped/09_Metas/07/17/20190907171300_00160.jpg,datasets_cloudmask/dataset_cropped/09_Metas/07/17/20190907171300_00160.png,478.9,618.9,201.1,25.7,960
9/7/2019 17:14,datasets/dataset_cropped/09_Metas/07/17/20190907171400_00160.jpg,datasets_flow/dataset_cropped/09_Metas/07/17/20190907171400_00160.jpg,datasets_cloudmask/dataset_cropped/09_Metas/07/17/20190907171400_00160.png,459.7,593.7,194.9,26.1,960
9/7/2019 17:15,datasets/dataset_cropped/09_Metas/07/17/20190907171500_00160.jpg,datasets_flow/dataset_cropped/09_Metas/07/17/20190907171500_00160.jpg,datasets_cloudmask/dataset_cropped/09_Metas/07/17/20190907171500_00160.png,404,489.6,186.9,25.9,960
9/7/2019 17:16,datasets/dataset_cropped/09_Metas/07/17/20190907171600_00160.jpg,datasets_flow/dataset_cropped/09_Metas/07/17/20190907171600_00160.jpg,datasets_cloudmask/dataset_cropped/09_Metas/07/17/20190907171600_00160.png,398.4,491.7,181.7,25.9,960
9/7/2019 17:17,datasets/dataset_cropped/09_Metas/07/17/20190907171700_00160.jpg,datasets_flow/dataset_cropped/09_Metas/07/17/20190907171700_00160.jpg,datasets_cloudmask/dataset_cropped/09_Metas/07/17/20190907171700_00160.png,360.5,420.2,176.5,25.8,960
9/7/2019 17:18,datasets/dataset_cropped/09_Metas/07/17/20190907171800_00160.jpg,datasets_flow/dataset_cropped/09_Metas/07/17/20190907171800_00160.jpg,datasets_cloudmask/dataset_cropped/09_Metas/07/17/20190907171800_00160.png,370.4,453.1,173.4,25.6,960
9/7/2019 17:19,datasets/dataset_cropped/09_Metas/07/17/20190907171900_00160.jpg,datasets_flow/dataset_cropped/09_Metas/07/17/20190907171900_00160.jpg,datasets_cloudmask/dataset_cropped/09_Metas/07/17/20190907171900_00160.png,355.4,429.2,169.7,25.6,960
9/7/2019 17:20,datasets/dataset_cropped/09_Metas/07/17/20190907172000_00160.jpg,datasets_flow/dataset_cropped/09_Metas/07/17/20190907172000_00160.jpg,datasets_cloudmask/dataset_cropped/09_Metas/07/17/20190907172000_00160.png,299.2,313.9,164.1,25.3,960
9/7/2019 17:21,datasets/dataset_cropped/09_Metas/07/17/20190907172100_00160.jpg,datasets_flow/dataset_cropped/09_Metas/07/17/20190907172100_00160.jpg,datasets_cloudmask/dataset_cropped/09_Metas/07/17/20190907172100_00160.png,297.9,319.4,161.1,25,960
9/7/2019 17:22,datasets/dataset_cropped/09_Metas/07/17/20190907172200_00160.jpg,datasets_flow/dataset_cropped/09_Metas/07/17/20190907172200_00160.jpg,datasets_cloudmask/dataset_cropped/09_Metas/07/17/20190907172200_00160.png,296,320.3,160,25,960
9/7/2019 17:23,datasets/dataset_cropped/09_Metas/07/17/20190907172300_00160.jpg,datasets_flow/dataset_cropped/09_Metas/07/17/20190907172300_00160.jpg,datasets_cloudmask/dataset_cropped/09_Metas/07/17/20190907172300_00160.png,288.7,308.5,158.5,25,960
9/7/2019 17:24,datasets/dataset_cropped/09_Metas/07/17/20190907172400_00160.jpg,datasets_flow/dataset_cropped/09_Metas/07/17/20190907172400_00160.jpg,datasets_cloudmask/dataset_cropped/09_Metas/07/17/20190907172400_00160.png,299.3,339.2,157.4,25,960
9/7/2019 17:25,datasets/dataset_cropped/09_Metas/07/17/20190907172500_00160.jpg,datasets_flow/dataset_cropped/09_Metas/07/17/20190907172500_00160.jpg,datasets_cloudmask/dataset_cropped/09_Metas/07/17/20190907172500_00160.png,245.7,222,153,25.3,960
9/7/2019 17:26,datasets/dataset_cropped/09_Metas/07/17/20190907172600_00160.jpg,datasets_flow/dataset_cropped/09_Metas/07/17/20190907172600_00160.jpg,datasets_cloudmask/dataset_cropped/09_Metas/07/17/20190907172600_00160.png,208.5,144.6,148.6,25.3,960
9/7/2019 17:27,datasets/dataset_cropped/09_Metas/07/17/20190907172700_00160.jpg,datasets_flow/dataset_cropped/09_Metas/07/17/20190907172700_00160.jpg,datasets_cloudmask/dataset_cropped/09_Metas/07/17/20190907172700_00160.png,199.1,130.3,145.4,25,960
9/7/2019 17:28,datasets/dataset_cropped/09_Metas/07/17/20190907172800_00160.jpg,datasets_flow/dataset_cropped/09_Metas/07/17/20190907172800_00160.jpg,datasets_cloudmask/dataset_cropped/09_Metas/07/17/20190907172800_00160.png,192.3,120.2,143.2,25,960
9/7/2019 17:29,datasets/dataset_cropped/09_Metas/07/17/20190907172900_00160.jpg,datasets_flow/dataset_cropped/09_Metas/07/17/20190907172900_00160.jpg,datasets_cloudmask/dataset_cropped/09_Metas/07/17/20190907172900_00160.png,202.2,148.8,142.2,25,960
9/7/2019 17:30,datasets/dataset_cropped/09_Metas/07/17/20190907173000_00160.jpg,datasets_flow/dataset_cropped/09_Metas/07/17/20190907173000_00160.jpg,datasets_cloudmask/dataset_cropped/09_Metas/07/17/20190907173000_00160.png,201.9,149.4,141.9,25,960
9/7/2019 17:31,datasets/dataset_cropped/09_Metas/07/17/20190907173100_00160.jpg,datasets_flow/dataset_cropped/09_Metas/07/17/20190907173100_00160.jpg,datasets_cloudmask/dataset_cropped/09_Metas/07/17/20190907173100_00160.png,214.1,179.9,142.5,25,960
9/7/2019 17:32,datasets/dataset_cropped/09_Metas/07/17/20190907173200_00160.jpg,datasets_flow/dataset_cropped/09_Metas/07/17/20190907173200_00160.jpg,datasets_cloudmask/dataset_cropped/09_Metas/07/17/20190907173200_00160.png,229.7,219.5,143.1,25,960
9/7/2019 17:33,datasets/dataset_cropped/09_Metas/07/17/20190907173300_00160.jpg,datasets_flow/dataset_cropped/09_Metas/07/17/20190907173300_00160.jpg,datasets_cloudmask/dataset_cropped/09_Metas/07/17/20190907173300_00160.png,200.1,149.9,141.2,24.9,960
9/7/2019 17:34,datasets/dataset_cropped/09_Metas/07/17/20190907173400_00160.jpg,datasets_flow/dataset_cropped/09_Metas/07/17/20190907173400_00160.jpg,datasets_cloudmask/dataset_cropped/09_Metas/07/17/20190907173400_00160.png,194.7,142.7,139.5,24.9,960
9/7/2019 17:35,datasets/dataset_cropped/09_Metas/07/17/20190907173500_00160.jpg,datasets_flow/dataset_cropped/09_Metas/07/17/20190907173500_00160.jpg,datasets_cloudmask/dataset_cropped/09_Metas/07/17/20190907173500_00160.png,209.8,183.7,139.5,24.9,960
9/7/2019 17:36,datasets/dataset_cropped/09_Metas/07/17/20190907173600_00160.jpg,datasets_flow/dataset_cropped/09_Metas/07/17/20190907173600_00160.jpg,datasets_cloudmask/dataset_cropped/09_Metas/07/17/20190907173600_00160.png,221.4,215.9,139.5,24.9,960
9/7/2019 17:37,datasets/dataset_cropped/09_Metas/07/17/20190907173700_00160.jpg,datasets_flow/dataset_cropped/09_Metas/07/17/20190907173700_00160.jpg,datasets_cloudmask/dataset_cropped/09_Metas/07/17/20190907173700_00160.png,238.1,261.8,139.8,24.9,960
9/7/2019 17:38,datasets/dataset_cropped/09_Metas/07/17/20190907173800_00160.jpg,datasets_flow/dataset_cropped/09_Metas/07/17/20190907173800_00160.jpg,datasets_cloudmask/dataset_cropped/09_Metas/07/17/20190907173800_00160.png,281.4,375.6,141.8,24.9,960
9/7/2019 17:39,datasets/dataset_cropped/09_Metas/07/17/20190907173900_00160.jpg,datasets_flow/dataset_cropped/09_Metas/07/17/20190907173900_00160.jpg,datasets_cloudmask/dataset_cropped/09_Metas/07/17/20190907173900_00160.png,315,465.5,143.6,25,960
9/7/2019 17:40,datasets/dataset_cropped/09_Metas/07/17/20190907174000_00160.jpg,datasets_flow/dataset_cropped/09_Metas/07/17/20190907174000_00160.jpg,datasets_cloudmask/dataset_cropped/09_Metas/07/17/20190907174000_00160.png,317.9,478.1,143.4,24.8,960
9/7/2019 17:41,datasets/dataset_cropped/09_Metas/07/17/20190907174100_00160.jpg,datasets_flow/dataset_cropped/09_Metas/07/17/20190907174100_00160.jpg,datasets_cloudmask/dataset_cropped/09_Metas/07/17/20190907174100_00160.png,292.8,418.6,141.2,24.9,960
9/7/2019 17:42,datasets/dataset_cropped/09_Metas/07/17/20190907174200_00160.jpg,datasets_flow/dataset_cropped/09_Metas/07/17/20190907174200_00160.jpg,datasets_cloudmask/dataset_cropped/09_Metas/07/17/20190907174200_00160.png,310.2,473,140.7,24.9,960
9/7/2019 17:43,datasets/dataset_cropped/09_Metas/07/17/20190907174300_00160.jpg,datasets_flow/dataset_cropped/09_Metas/07/17/20190907174300_00160.jpg,datasets_cloudmask/dataset_cropped/09_Metas/07/17/20190907174300_00160.png,329.4,531.3,140.6,24.9,960
9/7/2019 17:44,datasets/dataset_cropped/09_Metas/07/17/20190907174400_00160.jpg,datasets_flow/dataset_cropped/09_Metas/07/17/20190907174400_00160.jpg,datasets_cloudmask/dataset_cropped/09_Metas/07/17/20190907174400_00160.png,332.6,548.9,139.5,24.9,960
9/7/2019 17:45,datasets/dataset_cropped/09_Metas/07/17/20190907174500_00160.jpg,datasets_flow/dataset_cropped/09_Metas/07/17/20190907174500_00160.jpg,datasets_cloudmask/dataset_cropped/09_Metas/07/17/20190907174500_00160.png,328.7,549.8,137.3,25,960
9/7/2019 17:46,datasets/dataset_cropped/09_Metas/07/17/20190907174600_00160.jpg,datasets_flow/dataset_cropped/09_Metas/07/17/20190907174600_00160.jpg,datasets_cloudmask/dataset_cropped/09_Metas/07/17/20190907174600_00160.png,323.6,547.8,134.8,25.1,960
9/7/2019 17:47,datasets/dataset_cropped/09_Metas/07/17/20190907174700_00160.jpg,datasets_flow/dataset_cropped/09_Metas/07/17/20190907174700_00160.jpg,datasets_cloudmask/dataset_cropped/09_Metas/07/17/20190907174700_00160.png,320,549.5,132.4,25.2,960
9/7/2019 17:48,datasets/dataset_cropped/09_Metas/07/17/20190907174800_00160.jpg,datasets_flow/dataset_cropped/09_Metas/07/17/20190907174800_00160.jpg,datasets_cloudmask/dataset_cropped/09_Metas/07/17/20190907174800_00160.png,316.2,551.1,129.9,25.2,960
9/7/2019 17:49,datasets/dataset_cropped/09_Metas/07/17/20190907174900_00160.jpg,datasets_flow/dataset_cropped/09_Metas/07/17/20190907174900_00160.jpg,datasets_cloudmask/dataset_cropped/09_Metas/07/17/20190907174900_00160.png,310.1,546.9,127.1,25.3,960
9/7/2019 17:50,datasets/dataset_cropped/09_Metas/07/17/20190907175000_00160.jpg,datasets_flow/dataset_cropped/09_Metas/07/17/20190907175000_00160.jpg,datasets_cloudmask/dataset_cropped/09_Metas/07/17/20190907175000_00160.png,304.1,542.8,124.3,25.2,960
9/7/2019 17:51,datasets/dataset_cropped/09_Metas/07/17/20190907175100_00160.jpg,datasets_flow/dataset_cropped/09_Metas/07/17/20190907175100_00160.jpg,datasets_cloudmask/dataset_cropped/09_Metas/07/17/20190907175100_00160.png,299.3,542.9,121.4,25.3,960
9/7/2019 17:52,datasets/dataset_cropped/09_Metas/07/17/20190907175200_00160.jpg,datasets_flow/dataset_cropped/09_Metas/07/17/20190907175200_00160.jpg,datasets_cloudmask/dataset_cropped/09_Metas/07/17/20190907175200_00160.png,295.3,544.6,118.6,25.3,960
9/7/2019 17:53,datasets/dataset_cropped/09_Metas/07/17/20190907175300_00160.jpg,datasets_flow/dataset_cropped/09_Metas/07/17/20190907175300_00160.jpg,datasets_cloudmask/dataset_cropped/09_Metas/07/17/20190907175300_00160.png,289.1,539.3,115.7,25.4,960
9/7/2019 17:54,datasets/dataset_cropped/09_Metas/07/17/20190907175400_00160.jpg,datasets_flow/dataset_cropped/09_Metas/07/17/20190907175400_00160.jpg,datasets_cloudmask/dataset_cropped/09_Metas/07/17/20190907175400_00160.png,284,536.3,113.1,25.4,960
9/7/2019 17:55,datasets/dataset_cropped/09_Metas/07/17/20190907175500_00160.jpg,datasets_flow/dataset_cropped/09_Metas/07/17/20190907175500_00160.jpg,datasets_cloudmask/dataset_cropped/09_Metas/07/17/20190907175500_00160.png,279.2,534.2,110.6,25.1,960
9/7/2019 17:56,datasets/dataset_cropped/09_Metas/07/17/20190907175600_00160.jpg,datasets_flow/dataset_cropped/09_Metas/07/17/20190907175600_00160.jpg,datasets_cloudmask/dataset_cropped/09_Metas/07/17/20190907175600_00160.png,273.2,528.9,108.1,25,960
9/7/2019 17:57,datasets/dataset_cropped/09_Metas/07/17/20190907175700_00160.jpg,datasets_flow/dataset_cropped/09_Metas/07/17/20190907175700_00160.jpg,datasets_cloudmask/dataset_cropped/09_Metas/07/17/20190907175700_00160.png,267,523.7,105.3,24.9,960
9/7/2019 17:58,datasets/dataset_cropped/09_Metas/07/17/20190907175800_00160.jpg,datasets_flow/dataset_cropped/09_Metas/07/17/20190907175800_00160.jpg,datasets_cloudmask/dataset_cropped/09_Metas/07/17/20190907175800_00160.png,261,519.1,102.3,24.7,960
9/7/2019 17:59,datasets/dataset_cropped/09_Metas/07/17/20190907175900_00160.jpg,datasets_flow/dataset_cropped/09_Metas/07/17/20190907175900_00160.jpg,datasets_cloudmask/dataset_cropped/09_Metas/07/17/20190907175900_00160.png,254.4,511.5,99.7,24.7,960
9/7/2019 18:00,datasets/dataset_cropped/09_Metas/07/18/20190907180000_00160.jpg,datasets_flow/dataset_cropped/09_Metas/07/18/20190907180000_00160.jpg,datasets_cloudmask/dataset_cropped/09_Metas/07/18/20190907180000_00160.png,245.2,495.1,97.1,24.9,960
9/7/2019 18:01,datasets/dataset_cropped/09_Metas/07/18/20190907180100_00160.jpg,datasets_flow/dataset_cropped/09_Metas/07/18/20190907180100_00160.jpg,datasets_cloudmask/dataset_cropped/09_Metas/07/18/20190907180100_00160.png,237.7,483.2,94.7,24.9,960
9/7/2019 18:02,datasets/dataset_cropped/09_Metas/07/18/20190907180200_00160.jpg,datasets_flow/dataset_cropped/09_Metas/07/18/20190907180200_00160.jpg,datasets_cloudmask/dataset_cropped/09_Metas/07/18/20190907180200_00160.png,226.8,459.4,92.4,24.8,960
9/7/2019 18:03,datasets/dataset_cropped/09_Metas/07/18/20190907180300_00160.jpg,datasets_flow/dataset_cropped/09_Metas/07/18/20190907180300_00160.jpg,datasets_cloudmask/dataset_cropped/09_Metas/07/18/20190907180300_00160.png,224.2,461.8,90.4,24.6,960
9/7/2019 18:04,datasets/dataset_cropped/09_Metas/07/18/20190907180400_00160.jpg,datasets_flow/dataset_cropped/09_Metas/07/18/20190907180400_00160.jpg,datasets_cloudmask/dataset_cropped/09_Metas/07/18/20190907180400_00160.png,225.3,476,89,24.6,960
9/7/2019 18:05,datasets/dataset_cropped/09_Metas/07/18/20190907180500_00160.jpg,datasets_flow/dataset_cropped/09_Metas/07/18/20190907180500_00160.jpg,datasets_cloudmask/dataset_cropped/09_Metas/07/18/20190907180500_00160.png,219.3,466.3,87.4,24.8,960
9/7/2019 18:06,datasets/dataset_cropped/09_Metas/07/18/20190907180600_00160.jpg,datasets_flow/dataset_cropped/09_Metas/07/18/20190907180600_00160.jpg,datasets_cloudmask/dataset_cropped/09_Metas/07/18/20190907180600_00160.png,211.3,448.7,86.1,24.7,960
9/7/2019 18:07,datasets/dataset_cropped/09_Metas/07/18/20190907180700_00160.jpg,datasets_flow/dataset_cropped/09_Metas/07/18/20190907180700_00160.jpg,datasets_cloudmask/dataset_cropped/09_Metas/07/18/20190907180700_00160.png,198.6,414.6,84.1,24.5,960
9/7/2019 18:08,datasets/dataset_cropped/09_Metas/07/18/20190907180800_00160.jpg,datasets_flow/dataset_cropped/09_Metas/07/18/20190907180800_00160.jpg,datasets_cloudmask/dataset_cropped/09_Metas/07/18/20190907180800_00160.png,190.4,395.4,82.2,24.3,960
9/7/2019 18:09,datasets/dataset_cropped/09_Metas/07/18/20190907180900_00160.jpg,datasets_flow/dataset_cropped/09_Metas/07/18/20190907180900_00160.jpg,datasets_cloudmask/dataset_cropped/09_Metas/07/18/20190907180900_00160.png,175.4,352.6,80,24.1,960
9/7/2019 18:10,datasets/dataset_cropped/09_Metas/07/18/20190907181000_00160.jpg,datasets_flow/dataset_cropped/09_Metas/07/18/20190907181000_00160.jpg,datasets_cloudmask/dataset_cropped/09_Metas/07/18/20190907181000_00160.png,125.4,176.8,77.3,24.1,960
9/7/2019 18:11,datasets/dataset_cropped/09_Metas/07/18/20190907181100_00160.jpg,datasets_flow/dataset_cropped/09_Metas/07/18/20190907181100_00160.jpg,datasets_cloudmask/dataset_cropped/09_Metas/07/18/20190907181100_00160.png,143.8,252.6,76.2,23.9,960
9/7/2019 18:12,datasets/dataset_cropped/09_Metas/07/18/20190907181200_00160.jpg,datasets_flow/dataset_cropped/09_Metas/07/18/20190907181200_00160.jpg,datasets_cloudmask/dataset_cropped/09_Metas/07/18/20190907181200_00160.png,182.9,406.8,76.7,23.9,960
9/7/2019 18:13,datasets/dataset_cropped/09_Metas/07/18/20190907181300_00160.jpg,datasets_flow/dataset_cropped/09_Metas/07/18/20190907181300_00160.jpg,datasets_cloudmask/dataset_cropped/09_Metas/07/18/20190907181300_00160.png,180.4,403.1,76.7,24,960
9/7/2019 18:14,datasets/dataset_cropped/09_Metas/07/18/20190907181400_00160.jpg,datasets_flow/dataset_cropped/09_Metas/07/18/20190907181400_00160.jpg,datasets_cloudmask/dataset_cropped/09_Metas/07/18/20190907181400_00160.png,177.2,396.8,76.8,24.1,960
9/7/2019 18:15,datasets/dataset_cropped/09_Metas/07/18/20190907181500_00160.jpg,datasets_flow/dataset_cropped/09_Metas/07/18/20190907181500_00160.jpg,datasets_cloudmask/dataset_cropped/09_Metas/07/18/20190907181500_00160.png,173.6,389.8,76.4,24.2,960
9/7/2019 18:16,datasets/dataset_cropped/09_Metas/07/18/20190907181600_00160.jpg,datasets_flow/dataset_cropped/09_Metas/07/18/20190907181600_00160.jpg,datasets_cloudmask/dataset_cropped/09_Metas/07/18/20190907181600_00160.png,156,327.1,75.3,24.2,960
9/7/2019 18:17,datasets/dataset_cropped/09_Metas/07/18/20190907181700_00160.jpg,datasets_flow/dataset_cropped/09_Metas/07/18/20190907181700_00160.jpg,datasets_cloudmask/dataset_cropped/09_Metas/07/18/20190907181700_00160.png,102.1,117.2,73.3,24.1,960
9/7/2019 18:18,datasets/dataset_cropped/09_Metas/07/18/20190907181800_00160.jpg,datasets_flow/dataset_cropped/09_Metas/07/18/20190907181800_00160.jpg,datasets_cloudmask/dataset_cropped/09_Metas/07/18/20190907181800_00160.png,79.3,36.4,70.2,24.1,960
9/7/2019 18:19,datasets/dataset_cropped/09_Metas/07/18/20190907181900_00160.jpg,datasets_flow/dataset_cropped/09_Metas/07/18/20190907181900_00160.jpg,datasets_cloudmask/dataset_cropped/09_Metas/07/18/20190907181900_00160.png,115.3,198.9,68.1,24.1,960
9/7/2019 18:20,datasets/dataset_cropped/09_Metas/07/18/20190907182000_00160.jpg,datasets_flow/dataset_cropped/09_Metas/07/18/20190907182000_00160.jpg,datasets_cloudmask/dataset_cropped/09_Metas/07/18/20190907182000_00160.png,108.9,179,66.8,23.9,960
9/7/2019 18:21,datasets/dataset_cropped/09_Metas/07/18/20190907182100_00160.jpg,datasets_flow/dataset_cropped/09_Metas/07/18/20190907182100_00160.jpg,datasets_cloudmask/dataset_cropped/09_Metas/07/18/20190907182100_00160.png,115.5,212,66.5,23.8,960
9/7/2019 18:22,datasets/dataset_cropped/09_Metas/07/18/20190907182200_00160.jpg,datasets_flow/dataset_cropped/09_Metas/07/18/20190907182200_00160.jpg,datasets_cloudmask/dataset_cropped/09_Metas/07/18/20190907182200_00160.png,91.5,109.6,66.3,23.6,960
9/7/2019 18:23,datasets/dataset_cropped/09_Metas/07/18/20190907182300_00160.jpg,datasets_flow/dataset_cropped/09_Metas/07/18/20190907182300_00160.jpg,datasets_cloudmask/dataset_cropped/09_Metas/07/18/20190907182300_00160.png,103.1,166.1,65.8,23.5,960
9/7/2019 18:24,datasets/dataset_cropped/09_Metas/07/18/20190907182400_00160.jpg,datasets_flow/dataset_cropped/09_Metas/07/18/20190907182400_00160.jpg,datasets_cloudmask/dataset_cropped/09_Metas/07/18/20190907182400_00160.png,121.8,247.9,67.2,23.4,960
9/7/2019 18:25,datasets/dataset_cropped/09_Metas/07/18/20190907182500_00160.jpg,datasets_flow/dataset_cropped/09_Metas/07/18/20190907182500_00160.jpg,datasets_cloudmask/dataset_cropped/09_Metas/07/18/20190907182500_00160.png,147.2,358.6,69.5,23.4,960
9/7/2019 18:26,datasets/dataset_cropped/09_Metas/07/18/20190907182600_00160.jpg,datasets_flow/dataset_cropped/09_Metas/07/18/20190907182600_00160.jpg,datasets_cloudmask/dataset_cropped/09_Metas/07/18/20190907182600_00160.png,147.7,364.6,69.9,23.3,960
9/7/2019 18:27,datasets/dataset_cropped/09_Metas/07/18/20190907182700_00160.jpg,datasets_flow/dataset_cropped/09_Metas/07/18/20190907182700_00160.jpg,datasets_cloudmask/dataset_cropped/09_Metas/07/18/20190907182700_00160.png,144.5,356.2,69.7,23.4,960
9/7/2019 18:28,datasets/dataset_cropped/09_Metas/07/18/20190907182800_00160.jpg,datasets_flow/dataset_cropped/09_Metas/07/18/20190907182800_00160.jpg,datasets_cloudmask/dataset_cropped/09_Metas/07/18/20190907182800_00160.png,142.4,355.2,69.2,23.5,960
9/7/2019 18:29,datasets/dataset_cropped/09_Metas/07/18/20190907182900_00160.jpg,datasets_flow/dataset_cropped/09_Metas/07/18/20190907182900_00160.jpg,datasets_cloudmask/dataset_cropped/09_Metas/07/18/20190907182900_00160.png,140.6,355.5,68.5,23.6,960
9/7/2019 18:30,datasets/dataset_cropped/09_Metas/07/18/20190907183000_00160.jpg,datasets_flow/dataset_cropped/09_Metas/07/18/20190907183000_00160.jpg,datasets_cloudmask/dataset_cropped/09_Metas/07/18/20190907183000_00160.png,136.9,347,67.8,23.6,960
9/7/2019 18:31,datasets/dataset_cropped/09_Metas/07/18/20190907183100_00160.jpg,datasets_flow/dataset_cropped/09_Metas/07/18/20190907183100_00160.jpg,datasets_cloudmask/dataset_cropped/09_Metas/07/18/20190907183100_00160.png,134.3,343.8,67,23.6,960
9/7/2019 18:32,datasets/dataset_cropped/09_Metas/07/18/20190907183200_00160.jpg,datasets_flow/dataset_cropped/09_Metas/07/18/20190907183200_00160.jpg,datasets_cloudmask/dataset_cropped/09_Metas/07/18/20190907183200_00160.png,131.4,339.4,66.3,23.6,960
9/7/2019 18:33,datasets/dataset_cropped/09_Metas/07/18/20190907183300_00160.jpg,datasets_flow/dataset_cropped/09_Metas/07/18/20190907183300_00160.jpg,datasets_cloudmask/dataset_cropped/09_Metas/07/18/20190907183300_00160.png,128.5,334.5,65.5,23.6,960
9/7/2019 18:34,datasets/dataset_cropped/09_Metas/07/18/20190907183400_00160.jpg,datasets_flow/dataset_cropped/09_Metas/07/18/20190907183400_00160.jpg,datasets_cloudmask/dataset_cropped/09_Metas/07/18/20190907183400_00160.png,125.3,326.6,64.9,23.6,961
9/7/2019 18:35,datasets/dataset_cropped/09_Metas/07/18/20190907183500_00160.jpg,datasets_flow/dataset_cropped/09_Metas/07/18/20190907183500_00160.jpg,datasets_cloudmask/dataset_cropped/09_Metas/07/18/20190907183500_00160.png,120.8,311.6,64.3,23.4,960
9/7/2019 18:36,datasets/dataset_cropped/09_Metas/07/18/20190907183600_00160.jpg,datasets_flow/dataset_cropped/09_Metas/07/18/20190907183600_00160.jpg,datasets_cloudmask/dataset_cropped/09_Metas/07/18/20190907183600_00160.png,117.4,302.2,63.6,23.4,960
9/7/2019 18:37,datasets/dataset_cropped/09_Metas/07/18/20190907183700_00160.jpg,datasets_flow/dataset_cropped/09_Metas/07/18/20190907183700_00160.jpg,datasets_cloudmask/dataset_cropped/09_Metas/07/18/20190907183700_00160.png,114.4,296.1,62.5,23.5,961
9/7/2019 18:38,datasets/dataset_cropped/09_Metas/07/18/20190907183800_00160.jpg,datasets_flow/dataset_cropped/09_Metas/07/18/20190907183800_00160.jpg,datasets_cloudmask/dataset_cropped/09_Metas/07/18/20190907183800_00160.png,110.5,286.8,61.2,23.4,960
9/7/2019 18:39,datasets/dataset_cropped/09_Metas/07/18/20190907183900_00160.jpg,datasets_flow/dataset_cropped/09_Metas/07/18/20190907183900_00160.jpg,datasets_cloudmask/dataset_cropped/09_Metas/07/18/20190907183900_00160.png,107.4,280.3,60.1,23.3,960
9/7/2019 18:40,datasets/dataset_cropped/09_Metas/07/18/20190907184000_00160.jpg,datasets_flow/dataset_cropped/09_Metas/07/18/20190907184000_00160.jpg,datasets_cloudmask/dataset_cropped/09_Metas/07/18/20190907184000_00160.png,104.9,275.1,59.6,23.4,961
9/7/2019 18:41,datasets/dataset_cropped/09_Metas/07/18/20190907184100_00160.jpg,datasets_flow/dataset_cropped/09_Metas/07/18/20190907184100_00160.jpg,datasets_cloudmask/dataset_cropped/09_Metas/07/18/20190907184100_00160.png,101.1,261.4,59,23.3,961
9/7/2019 18:42,datasets/dataset_cropped/09_Metas/07/18/20190907184200_00160.jpg,datasets_flow/dataset_cropped/09_Metas/07/18/20190907184200_00160.jpg,datasets_cloudmask/dataset_cropped/09_Metas/07/18/20190907184200_00160.png,97.2,247.8,58.1,23.2,960
9/7/2019 18:43,datasets/dataset_cropped/09_Metas/07/18/20190907184300_00160.jpg,datasets_flow/dataset_cropped/09_Metas/07/18/20190907184300_00160.jpg,datasets_cloudmask/dataset_cropped/09_Metas/07/18/20190907184300_00160.png,86.8,194.7,56.8,23.2,960
9/7/2019 18:44,datasets/dataset_cropped/09_Metas/07/18/20190907184400_00160.jpg,datasets_flow/dataset_cropped/09_Metas/07/18/20190907184400_00160.jpg,datasets_cloudmask/dataset_cropped/09_Metas/07/18/20190907184400_00160.png,79.8,161.4,55.5,23.1,960
9/7/2019 18:45,datasets/dataset_cropped/09_Metas/07/18/20190907184500_00160.jpg,datasets_flow/dataset_cropped/09_Metas/07/18/20190907184500_00160.jpg,datasets_cloudmask/dataset_cropped/09_Metas/07/18/20190907184500_00160.png,86.7,216.5,54.8,23.1,960
9/7/2019 18:46,datasets/dataset_cropped/09_Metas/07/18/20190907184600_00160.jpg,datasets_flow/dataset_cropped/09_Metas/07/18/20190907184600_00160.jpg,datasets_cloudmask/dataset_cropped/09_Metas/07/18/20190907184600_00160.png,85.6,217.4,54.4,23,961
9/7/2019 18:47,datasets/dataset_cropped/09_Metas/07/18/20190907184700_00160.jpg,datasets_flow/dataset_cropped/09_Metas/07/18/20190907184700_00160.jpg,datasets_cloudmask/dataset_cropped/09_Metas/07/18/20190907184700_00160.png,82.7,204.9,54,23.1,960
9/7/2019 18:48,datasets/dataset_cropped/09_Metas/07/18/20190907184800_00160.jpg,datasets_flow/dataset_cropped/09_Metas/07/18/20190907184800_00160.jpg,datasets_cloudmask/dataset_cropped/09_Metas/07/18/20190907184800_00160.png,79.2,189.7,53.4,23.1,961
9/7/2019 18:49,datasets/dataset_cropped/09_Metas/07/18/20190907184900_00160.jpg,datasets_flow/dataset_cropped/09_Metas/07/18/20190907184900_00160.jpg,datasets_cloudmask/dataset_cropped/09_Metas/07/18/20190907184900_00160.png,77,182.8,52.7,23.1,961
9/7/2019 18:50,datasets/dataset_cropped/09_Metas/07/18/20190907185000_00160.jpg,datasets_flow/dataset_cropped/09_Metas/07/18/20190907185000_00160.jpg,datasets_cloudmask/dataset_cropped/09_Metas/07/18/20190907185000_00160.png,75.4,180.2,52,23,961
9/7/2019 18:51,datasets/dataset_cropped/09_Metas/07/18/20190907185100_00160.jpg,datasets_flow/dataset_cropped/09_Metas/07/18/20190907185100_00160.jpg,datasets_cloudmask/dataset_cropped/09_Metas/07/18/20190907185100_00160.png,73.6,176.6,51.3,23,961
9/7/2019 18:52,datasets/dataset_cropped/09_Metas/07/18/20190907185200_00160.jpg,datasets_flow/dataset_cropped/09_Metas/07/18/20190907185200_00160.jpg,datasets_cloudmask/dataset_cropped/09_Metas/07/18/20190907185200_00160.png,70.9,166.3,50.4,22.8,961
9/7/2019 18:53,datasets/dataset_cropped/09_Metas/07/18/20190907185300_00160.jpg,datasets_flow/dataset_cropped/09_Metas/07/18/20190907185300_00160.jpg,datasets_cloudmask/dataset_cropped/09_Metas/07/18/20190907185300_00160.png,68.6,158.1,49.6,22.8,961
9/7/2019 18:54,datasets/dataset_cropped/09_Metas/07/18/20190907185400_00160.jpg,datasets_flow/dataset_cropped/09_Metas/07/18/20190907185400_00160.jpg,datasets_cloudmask/dataset_cropped/09_Metas/07/18/20190907185400_00160.png,65.9,145.9,48.9,22.8,961
9/7/2019 18:55,datasets/dataset_cropped/09_Metas/07/18/20190907185500_00160.jpg,datasets_flow/dataset_cropped/09_Metas/07/18/20190907185500_00160.jpg,datasets_cloudmask/dataset_cropped/09_Metas/07/18/20190907185500_00160.png,63.4,136.6,48,22.9,961
9/7/2019 18:56,datasets/dataset_cropped/09_Metas/07/18/20190907185600_00160.jpg,datasets_flow/dataset_cropped/09_Metas/07/18/20190907185600_00160.jpg,datasets_cloudmask/dataset_cropped/09_Metas/07/18/20190907185600_00160.png,60.7,126.3,46.9,22.8,961
9/7/2019 18:57,datasets/dataset_cropped/09_Metas/07/18/20190907185700_00160.jpg,datasets_flow/dataset_cropped/09_Metas/07/18/20190907185700_00160.jpg,datasets_cloudmask/dataset_cropped/09_Metas/07/18/20190907185700_00160.png,58.6,122,45.6,22.7,961
9/7/2019 18:58,datasets/dataset_cropped/09_Metas/07/18/20190907185800_00160.jpg,datasets_flow/dataset_cropped/09_Metas/07/18/20190907185800_00160.jpg,datasets_cloudmask/dataset_cropped/09_Metas/07/18/20190907185800_00160.png,56.7,119.2,44.4,22.8,961
9/7/2019 18:59,datasets/dataset_cropped/09_Metas/07/18/20190907185900_00160.jpg,datasets_flow/dataset_cropped/09_Metas/07/18/20190907185900_00160.jpg,datasets_cloudmask/dataset_cropped/09_Metas/07/18/20190907185900_00160.png,54.5,112.2,43.2,22.7,961
9/7/2019 19:00,datasets/dataset_cropped/09_Metas/07/19/20190907190000_00160.jpg,datasets_flow/dataset_cropped/09_Metas/07/19/20190907190000_00160.jpg,datasets_cloudmask/dataset_cropped/09_Metas/07/19/20190907190000_00160.png,52.3,104.9,42.2,22.7,961
9/7/2019 19:01,datasets/dataset_cropped/09_Metas/07/19/20190907190100_00160.jpg,datasets_flow/dataset_cropped/09_Metas/07/19/20190907190100_00160.jpg,datasets_cloudmask/dataset_cropped/09_Metas/07/19/20190907190100_00160.png,50.4,98.4,41.2,22.7,961
9/7/2019 19:02,datasets/dataset_cropped/09_Metas/07/19/20190907190200_00160.jpg,datasets_flow/dataset_cropped/09_Metas/07/19/20190907190200_00160.jpg,datasets_cloudmask/dataset_cropped/09_Metas/07/19/20190907190200_00160.png,47.1,77.3,40.1,22.7,961
9/7/2019 19:03,datasets/dataset_cropped/09_Metas/07/19/20190907190300_00160.jpg,datasets_flow/dataset_cropped/09_Metas/07/19/20190907190300_00160.jpg,datasets_cloudmask/dataset_cropped/09_Metas/07/19/20190907190300_00160.png,45,71.4,38.7,22.6,961
9/7/2019 19:04,datasets/dataset_cropped/09_Metas/07/19/20190907190400_00160.jpg,datasets_flow/dataset_cropped/09_Metas/07/19/20190907190400_00160.jpg,datasets_cloudmask/dataset_cropped/09_Metas/07/19/20190907190400_00160.png,43.1,70.7,37.1,22.4,961
9/7/2019 19:05,datasets/dataset_cropped/09_Metas/07/19/20190907190500_00160.jpg,datasets_flow/dataset_cropped/09_Metas/07/19/20190907190500_00160.jpg,datasets_cloudmask/dataset_cropped/09_Metas/07/19/20190907190500_00160.png,41.2,68.2,35.6,22.4,961
9/7/2019 19:06,datasets/dataset_cropped/09_Metas/07/19/20190907190600_00160.jpg,datasets_flow/dataset_cropped/09_Metas/07/19/20190907190600_00160.jpg,datasets_cloudmask/dataset_cropped/09_Metas/07/19/20190907190600_00160.png,39,58.5,34.4,22.3,961
9/7/2019 19:07,datasets/dataset_cropped/09_Metas/07/19/20190907190700_00160.jpg,datasets_flow/dataset_cropped/09_Metas/07/19/20190907190700_00160.jpg,datasets_cloudmask/dataset_cropped/09_Metas/07/19/20190907190700_00160.png,36.8,46.8,33.2,22.3,961
9/7/2019 19:08,datasets/dataset_cropped/09_Metas/07/19/20190907190800_00160.jpg,datasets_flow/dataset_cropped/09_Metas/07/19/20190907190800_00160.jpg,datasets_cloudmask/dataset_cropped/09_Metas/07/19/20190907190800_00160.png,34.4,32.2,31.9,22.3,961
9/7/2019 19:09,datasets/dataset_cropped/09_Metas/07/19/20190907190900_00160.jpg,datasets_flow/dataset_cropped/09_Metas/07/19/20190907190900_00160.jpg,datasets_cloudmask/dataset_cropped/09_Metas/07/19/20190907190900_00160.png,31.6,16.9,30.2,22.3,961
9/7/2019 19:10,datasets/dataset_cropped/09_Metas/07/19/20190907191000_00160.jpg,datasets_flow/dataset_cropped/09_Metas/07/19/20190907191000_00160.jpg,datasets_cloudmask/dataset_cropped/09_Metas/07/19/20190907191000_00160.png,28.8,6,28.1,22.3,961
9/7/2019 19:11,datasets/dataset_cropped/09_Metas/07/19/20190907191100_00160.jpg,datasets_flow/dataset_cropped/09_Metas/07/19/20190907191100_00160.jpg,datasets_cloudmask/dataset_cropped/09_Metas/07/19/20190907191100_00160.png,26.2,1.8,25.8,22.3,961
9/7/2019 19:12,datasets/dataset_cropped/09_Metas/07/19/20190907191200_00160.jpg,datasets_flow/dataset_cropped/09_Metas/07/19/20190907191200_00160.jpg,datasets_cloudmask/dataset_cropped/09_Metas/07/19/20190907191200_00160.png,23.9,0.6,23.6,22.3,961
9/7/2019 19:13,datasets/dataset_cropped/09_Metas/07/19/20190907191300_00160.jpg,datasets_flow/dataset_cropped/09_Metas/07/19/20190907191300_00160.jpg,datasets_cloudmask/dataset_cropped/09_Metas/07/19/20190907191300_00160.png,22.1,0.2,21.8,22.3,961
9/7/2019 19:14,datasets/dataset_cropped/09_Metas/07/19/20190907191400_00160.jpg,datasets_flow/dataset_cropped/09_Metas/07/19/20190907191400_00160.jpg,datasets_cloudmask/dataset_cropped/09_Metas/07/19/20190907191400_00160.png,20.6,0.1,20.4,22.3,961
9/7/2019 19:15,datasets/dataset_cropped/09_Metas/07/19/20190907191500_00160.jpg,datasets_flow/dataset_cropped/09_Metas/07/19/20190907191500_00160.jpg,datasets_cloudmask/dataset_cropped/09_Metas/07/19/20190907191500_00160.png,19.1,0,19,22.3,961
9/7/2019 19:16,datasets/dataset_cropped/09_Metas/07/19/20190907191600_00160.jpg,datasets_flow/dataset_cropped/09_Metas/07/19/20190907191600_00160.jpg,datasets_cloudmask/dataset_cropped/09_Metas/07/19/20190907191600_00160.png,17.7,0,17.6,22.3,961
9/7/2019 19:17,datasets/dataset_cropped/09_Metas/07/19/20190907191700_00160.jpg,datasets_flow/dataset_cropped/09_Metas/07/19/20190907191700_00160.jpg,datasets_cloudmask/dataset_cropped/09_Metas/07/19/20190907191700_00160.png,16.4,0,16.3,22.3,961
9/7/2019 19:18,datasets/dataset_cropped/09_Metas/07/19/20190907191800_00160.jpg,datasets_flow/dataset_cropped/09_Metas/07/19/20190907191800_00160.jpg,datasets_cloudmask/dataset_cropped/09_Metas/07/19/20190907191800_00160.png,15.1,0,14.9,22.3,961
9/7/2019 19:19,datasets/dataset_cropped/09_Metas/07/19/20190907191900_00160.jpg,datasets_flow/dataset_cropped/09_Metas/07/19/20190907191900_00160.jpg,datasets_cloudmask/dataset_cropped/09_Metas/07/19/20190907191900_00160.png,13.6,0,13.5,22.3,961
9/7/2019 19:20,datasets/dataset_cropped/09_Metas/07/19/20190907192000_00160.jpg,datasets_flow/dataset_cropped/09_Metas/07/19/20190907192000_00160.jpg,datasets_cloudmask/dataset_cropped/09_Metas/07/19/20190907192000_00160.png,12.3,0,12.2,22.2,961
9/7/2019 19:21,datasets/dataset_cropped/09_Metas/07/19/20190907192100_00160.jpg,datasets_flow/dataset_cropped/09_Metas/07/19/20190907192100_00160.jpg,datasets_cloudmask/dataset_cropped/09_Metas/07/19/20190907192100_00160.png,11.2,0,11.1,22.2,961
9/7/2019 19:22,datasets/dataset_cropped/09_Metas/07/19/20190907192200_00160.jpg,datasets_flow/dataset_cropped/09_Metas/07/19/20190907192200_00160.jpg,datasets_cloudmask/dataset_cropped/09_Metas/07/19/20190907192200_00160.png,10.3,0,10.1,22.2,961
9/7/2019 19:23,datasets/dataset_cropped/09_Metas/07/19/20190907192300_00160.jpg,datasets_flow/dataset_cropped/09_Metas/07/19/20190907192300_00160.jpg,datasets_cloudmask/dataset_cropped/09_Metas/07/19/20190907192300_00160.png,9.2,0,9,22.2,961
9/7/2019 19:24,datasets/dataset_cropped/09_Metas/07/19/20190907192400_00160.jpg,datasets_flow/dataset_cropped/09_Metas/07/19/20190907192400_00160.jpg,datasets_cloudmask/dataset_cropped/09_Metas/07/19/20190907192400_00160.png,8,0,7.9,22.3,961
9/7/2019 19:25,datasets/dataset_cropped/09_Metas/07/19/20190907192500_00160.jpg,datasets_flow/dataset_cropped/09_Metas/07/19/20190907192500_00160.jpg,datasets_cloudmask/dataset_cropped/09_Metas/07/19/20190907192500_00160.png,6.7,0,6.6,22.2,961
9/7/2019 19:26,datasets/dataset_cropped/09_Metas/07/19/20190907192600_00160.jpg,datasets_flow/dataset_cropped/09_Metas/07/19/20190907192600_00160.jpg,datasets_cloudmask/dataset_cropped/09_Metas/07/19/20190907192600_00160.png,5.7,0,5.5,22.1,961
9/7/2019 19:27,datasets/dataset_cropped/09_Metas/07/19/20190907192700_00160.jpg,datasets_flow/dataset_cropped/09_Metas/07/19/20190907192700_00160.jpg,datasets_cloudmask/dataset_cropped/09_Metas/07/19/20190907192700_00160.png,5,0,4.9,22.1,961
9/7/2019 19:28,datasets/dataset_cropped/09_Metas/07/19/20190907192800_00160.jpg,datasets_flow/dataset_cropped/09_Metas/07/19/20190907192800_00160.jpg,datasets_cloudmask/dataset_cropped/09_Metas/07/19/20190907192800_00160.png,3.7,0,3.6,22.1,961
9/8/2019 6:47,datasets/dataset_cropped/09_Metas/08/06/20190908064730_00160.jpg,datasets_flow/dataset_cropped/09_Metas/08/06/20190908064730_00160.jpg,datasets_cloudmask/dataset_cropped/09_Metas/08/06/20190908064730_00160.png,3,0,2.9,18.9,960
9/8/2019 6:48,datasets/dataset_cropped/09_Metas/08/06/20190908064800_00160.jpg,datasets_flow/dataset_cropped/09_Metas/08/06/20190908064800_00160.jpg,datasets_cloudmask/dataset_cropped/09_Metas/08/06/20190908064800_00160.png,3,0,2.9,18.9,960
9/8/2019 6:49,datasets/dataset_cropped/09_Metas/08/06/20190908064900_00160.jpg,datasets_flow/dataset_cropped/09_Metas/08/06/20190908064900_00160.jpg,datasets_cloudmask/dataset_cropped/09_Metas/08/06/20190908064900_00160.png,3.8,0,3.8,19,960
9/8/2019 6:50,datasets/dataset_cropped/09_Metas/08/06/20190908065000_00160.jpg,datasets_flow/dataset_cropped/09_Metas/08/06/20190908065000_00160.jpg,datasets_cloudmask/dataset_cropped/09_Metas/08/06/20190908065000_00160.png,4.8,0,4.8,19,960
9/8/2019 6:51,datasets/dataset_cropped/09_Metas/08/06/20190908065100_00160.jpg,datasets_flow/dataset_cropped/09_Metas/08/06/20190908065100_00160.jpg,datasets_cloudmask/dataset_cropped/09_Metas/08/06/20190908065100_00160.png,5.9,0,5.8,19,960
9/8/2019 6:52,datasets/dataset_cropped/09_Metas/08/06/20190908065200_00160.jpg,datasets_flow/dataset_cropped/09_Metas/08/06/20190908065200_00160.jpg,datasets_cloudmask/dataset_cropped/09_Metas/08/06/20190908065200_00160.png,6.9,0,6.9,19,960
9/8/2019 6:53,datasets/dataset_cropped/09_Metas/08/06/20190908065300_00160.jpg,datasets_flow/dataset_cropped/09_Metas/08/06/20190908065300_00160.jpg,datasets_cloudmask/dataset_cropped/09_Metas/08/06/20190908065300_00160.png,8,0,8,19.1,960
9/8/2019 6:54,datasets/dataset_cropped/09_Metas/08/06/20190908065400_00160.jpg,datasets_flow/dataset_cropped/09_Metas/08/06/20190908065400_00160.jpg,datasets_cloudmask/dataset_cropped/09_Metas/08/06/20190908065400_00160.png,9.1,0,9.1,19,960
9/8/2019 6:55,datasets/dataset_cropped/09_Metas/08/06/20190908065500_00160.jpg,datasets_flow/dataset_cropped/09_Metas/08/06/20190908065500_00160.jpg,datasets_cloudmask/dataset_cropped/09_Metas/08/06/20190908065500_00160.png,10.1,0.1,10.1,19,960
9/8/2019 6:56,datasets/dataset_cropped/09_Metas/08/06/20190908065600_00160.jpg,datasets_flow/dataset_cropped/09_Metas/08/06/20190908065600_00160.jpg,datasets_cloudmask/dataset_cropped/09_Metas/08/06/20190908065600_00160.png,11.2,0.2,11.2,18.9,960
9/8/2019 6:57,datasets/dataset_cropped/09_Metas/08/06/20190908065700_00160.jpg,datasets_flow/dataset_cropped/09_Metas/08/06/20190908065700_00160.jpg,datasets_cloudmask/dataset_cropped/09_Metas/08/06/20190908065700_00160.png,12.3,0.4,12.3,18.9,960
9/8/2019 6:58,datasets/dataset_cropped/09_Metas/08/06/20190908065800_00160.jpg,datasets_flow/dataset_cropped/09_Metas/08/06/20190908065800_00160.jpg,datasets_cloudmask/dataset_cropped/09_Metas/08/06/20190908065800_00160.png,13.5,0.7,13.4,18.9,960
9/8/2019 6:59,datasets/dataset_cropped/09_Metas/08/06/20190908065900_00160.jpg,datasets_flow/dataset_cropped/09_Metas/08/06/20190908065900_00160.jpg,datasets_cloudmask/dataset_cropped/09_Metas/08/06/20190908065900_00160.png,14.8,1.1,14.7,18.9,960
9/8/2019 7:00,datasets/dataset_cropped/09_Metas/08/07/20190908070000_00160.jpg,datasets_flow/dataset_cropped/09_Metas/08/07/20190908070000_00160.jpg,datasets_cloudmask/dataset_cropped/09_Metas/08/07/20190908070000_00160.png,16.1,1.7,16,18.9,960
9/8/2019 7:01,datasets/dataset_cropped/09_Metas/08/07/20190908070100_00160.jpg,datasets_flow/dataset_cropped/09_Metas/08/07/20190908070100_00160.jpg,datasets_cloudmask/dataset_cropped/09_Metas/08/07/20190908070100_00160.png,17.6,2.7,17.4,18.9,960
9/8/2019 7:02,datasets/dataset_cropped/09_Metas/08/07/20190908070200_00160.jpg,datasets_flow/dataset_cropped/09_Metas/08/07/20190908070200_00160.jpg,datasets_cloudmask/dataset_cropped/09_Metas/08/07/20190908070200_00160.png,19.2,4.9,18.9,18.9,960
9/8/2019 7:03,datasets/dataset_cropped/09_Metas/08/07/20190908070300_00160.jpg,datasets_flow/dataset_cropped/09_Metas/08/07/20190908070300_00160.jpg,datasets_cloudmask/dataset_cropped/09_Metas/08/07/20190908070300_00160.png,21.1,11.4,20.3,18.9,960
9/8/2019 7:04,datasets/dataset_cropped/09_Metas/08/07/20190908070400_00160.jpg,datasets_flow/dataset_cropped/09_Metas/08/07/20190908070400_00160.jpg,datasets_cloudmask/dataset_cropped/09_Metas/08/07/20190908070400_00160.png,23.2,22.2,21.8,18.9,960
9/8/2019 7:05,datasets/dataset_cropped/09_Metas/08/07/20190908070500_00160.jpg,datasets_flow/dataset_cropped/09_Metas/08/07/20190908070500_00160.jpg,datasets_cloudmask/dataset_cropped/09_Metas/08/07/20190908070500_00160.png,25.1,29.2,23.3,19,960
9/8/2019 7:06,datasets/dataset_cropped/09_Metas/08/07/20190908070600_00160.jpg,datasets_flow/dataset_cropped/09_Metas/08/07/20190908070600_00160.jpg,datasets_cloudmask/dataset_cropped/09_Metas/08/07/20190908070600_00160.png,27.2,36.8,24.9,19,960
9/8/2019 7:07,datasets/dataset_cropped/09_Metas/08/07/20190908070700_00160.jpg,datasets_flow/dataset_cropped/09_Metas/08/07/20190908070700_00160.jpg,datasets_cloudmask/dataset_cropped/09_Metas/08/07/20190908070700_00160.png,29,40.3,26.3,19,960
9/8/2019 7:08,datasets/dataset_cropped/09_Metas/08/07/20190908070800_00160.jpg,datasets_flow/dataset_cropped/09_Metas/08/07/20190908070800_00160.jpg,datasets_cloudmask/dataset_cropped/09_Metas/08/07/20190908070800_00160.png,30,34.4,27.7,18.9,960
9/8/2019 7:09,datasets/dataset_cropped/09_Metas/08/07/20190908070900_00160.jpg,datasets_flow/dataset_cropped/09_Metas/08/07/20190908070900_00160.jpg,datasets_cloudmask/dataset_cropped/09_Metas/08/07/20190908070900_00160.png,31.3,30.9,29.1,18.9,960
9/8/2019 7:10,datasets/dataset_cropped/09_Metas/08/07/20190908071000_00160.jpg,datasets_flow/dataset_cropped/09_Metas/08/07/20190908071000_00160.jpg,datasets_cloudmask/dataset_cropped/09_Metas/08/07/20190908071000_00160.png,33,32.3,30.6,19,961
9/8/2019 7:11,datasets/dataset_cropped/09_Metas/08/07/20190908071100_00160.jpg,datasets_flow/dataset_cropped/09_Metas/08/07/20190908071100_00160.jpg,datasets_cloudmask/dataset_cropped/09_Metas/08/07/20190908071100_00160.png,35.2,40.5,32.1,19,960
9/8/2019 7:12,datasets/dataset_cropped/09_Metas/08/07/20190908071200_00160.jpg,datasets_flow/dataset_cropped/09_Metas/08/07/20190908071200_00160.jpg,datasets_cloudmask/dataset_cropped/09_Metas/08/07/20190908071200_00160.png,38.4,57.9,33.6,19.1,960
9/8/2019 7:13,datasets/dataset_cropped/09_Metas/08/07/20190908071300_00160.jpg,datasets_flow/dataset_cropped/09_Metas/08/07/20190908071300_00160.jpg,datasets_cloudmask/dataset_cropped/09_Metas/08/07/20190908071300_00160.png,41,70.2,35,19.1,961
9/8/2019 7:14,datasets/dataset_cropped/09_Metas/08/07/20190908071400_00160.jpg,datasets_flow/dataset_cropped/09_Metas/08/07/20190908071400_00160.jpg,datasets_cloudmask/dataset_cropped/09_Metas/08/07/20190908071400_00160.png,43.1,76.5,36.3,19.2,961
9/8/2019 7:15,datasets/dataset_cropped/09_Metas/08/07/20190908071500_00160.jpg,datasets_flow/dataset_cropped/09_Metas/08/07/20190908071500_00160.jpg,datasets_cloudmask/dataset_cropped/09_Metas/08/07/20190908071500_00160.png,47,100.6,37.7,19.2,961
9/8/2019 7:16,datasets/dataset_cropped/09_Metas/08/07/20190908071600_00160.jpg,datasets_flow/dataset_cropped/09_Metas/08/07/20190908071600_00160.jpg,datasets_cloudmask/dataset_cropped/09_Metas/08/07/20190908071600_00160.png,47.7,94.2,38.8,19.3,961
9/8/2019 7:17,datasets/dataset_cropped/09_Metas/08/07/20190908071700_00160.jpg,datasets_flow/dataset_cropped/09_Metas/08/07/20190908071700_00160.jpg,datasets_cloudmask/dataset_cropped/09_Metas/08/07/20190908071700_00160.png,45.3,57,39.9,19.3,961
9/8/2019 7:18,datasets/dataset_cropped/09_Metas/08/07/20190908071800_00160.jpg,datasets_flow/dataset_cropped/09_Metas/08/07/20190908071800_00160.jpg,datasets_cloudmask/dataset_cropped/09_Metas/08/07/20190908071800_00160.png,43.3,23.7,41.1,19.4,961
9/8/2019 7:19,datasets/dataset_cropped/09_Metas/08/07/20190908071900_00160.jpg,datasets_flow/dataset_cropped/09_Metas/08/07/20190908071900_00160.jpg,datasets_cloudmask/dataset_cropped/09_Metas/08/07/20190908071900_00160.png,43.4,11.7,42.4,19.4,961
9/8/2019 7:20,datasets/dataset_cropped/09_Metas/08/07/20190908072000_00160.jpg,datasets_flow/dataset_cropped/09_Metas/08/07/20190908072000_00160.jpg,datasets_cloudmask/dataset_cropped/09_Metas/08/07/20190908072000_00160.png,44.3,7.3,43.7,19.3,961
9/8/2019 7:21,datasets/dataset_cropped/09_Metas/08/07/20190908072100_00160.jpg,datasets_flow/dataset_cropped/09_Metas/08/07/20190908072100_00160.jpg,datasets_cloudmask/dataset_cropped/09_Metas/08/07/20190908072100_00160.png,45.6,5.3,45.2,19.3,961
9/8/2019 7:22,datasets/dataset_cropped/09_Metas/08/07/20190908072200_00160.jpg,datasets_flow/dataset_cropped/09_Metas/08/07/20190908072200_00160.jpg,datasets_cloudmask/dataset_cropped/09_Metas/08/07/20190908072200_00160.png,47,4.4,46.7,19.4,961
9/8/2019 7:23,datasets/dataset_cropped/09_Metas/08/07/20190908072300_00160.jpg,datasets_flow/dataset_cropped/09_Metas/08/07/20190908072300_00160.jpg,datasets_cloudmask/dataset_cropped/09_Metas/08/07/20190908072300_00160.png,48.5,4.2,48.2,19.4,961
9/8/2019 7:24,datasets/dataset_cropped/09_Metas/08/07/20190908072400_00160.jpg,datasets_flow/dataset_cropped/09_Metas/08/07/20190908072400_00160.jpg,datasets_cloudmask/dataset_cropped/09_Metas/08/07/20190908072400_00160.png,50,4.4,49.8,19.4,961
9/8/2019 7:25,datasets/dataset_cropped/09_Metas/08/07/20190908072500_00160.jpg,datasets_flow/dataset_cropped/09_Metas/08/07/20190908072500_00160.jpg,datasets_cloudmask/dataset_cropped/09_Metas/08/07/20190908072500_00160.png,51.6,4.6,51.5,19.4,961
9/8/2019 7:26,datasets/dataset_cropped/09_Metas/08/07/20190908072600_00160.jpg,datasets_flow/dataset_cropped/09_Metas/08/07/20190908072600_00160.jpg,datasets_cloudmask/dataset_cropped/09_Metas/08/07/20190908072600_00160.png,53.1,4.5,53,19.4,961
9/8/2019 7:27,datasets/dataset_cropped/09_Metas/08/07/20190908072700_00160.jpg,datasets_flow/dataset_cropped/09_Metas/08/07/20190908072700_00160.jpg,datasets_cloudmask/dataset_cropped/09_Metas/08/07/20190908072700_00160.png,54.6,4.5,54.5,19.5,961
9/8/2019 7:28,datasets/dataset_cropped/09_Metas/08/07/20190908072800_00160.jpg,datasets_flow/dataset_cropped/09_Metas/08/07/20190908072800_00160.jpg,datasets_cloudmask/dataset_cropped/09_Metas/08/07/20190908072800_00160.png,56.1,4.6,55.9,19.5,961
9/8/2019 7:29,datasets/dataset_cropped/09_Metas/08/07/20190908072900_00160.jpg,datasets_flow/dataset_cropped/09_Metas/08/07/20190908072900_00160.jpg,datasets_cloudmask/dataset_cropped/09_Metas/08/07/20190908072900_00160.png,57.8,5.5,57.5,19.5,961
9/8/2019 7:30,datasets/dataset_cropped/09_Metas/08/07/20190908073000_00160.jpg,datasets_flow/dataset_cropped/09_Metas/08/07/20190908073000_00160.jpg,datasets_cloudmask/dataset_cropped/09_Metas/08/07/20190908073000_00160.png,59.7,7.4,59,19.6,961
9/8/2019 7:31,datasets/dataset_cropped/09_Metas/08/07/20190908073100_00160.jpg,datasets_flow/dataset_cropped/09_Metas/08/07/20190908073100_00160.jpg,datasets_cloudmask/dataset_cropped/09_Metas/08/07/20190908073100_00160.png,61.7,9,60.7,19.6,961
9/8/2019 7:32,datasets/dataset_cropped/09_Metas/08/07/20190908073200_00160.jpg,datasets_flow/dataset_cropped/09_Metas/08/07/20190908073200_00160.jpg,datasets_cloudmask/dataset_cropped/09_Metas/08/07/20190908073200_00160.png,63.5,9.3,62.4,19.6,961
9/8/2019 7:33,datasets/dataset_cropped/09_Metas/08/07/20190908073300_00160.jpg,datasets_flow/dataset_cropped/09_Metas/08/07/20190908073300_00160.jpg,datasets_cloudmask/dataset_cropped/09_Metas/08/07/20190908073300_00160.png,65.4,10.1,64.2,19.6,961
9/8/2019 7:34,datasets/dataset_cropped/09_Metas/08/07/20190908073400_00160.jpg,datasets_flow/dataset_cropped/09_Metas/08/07/20190908073400_00160.jpg,datasets_cloudmask/dataset_cropped/09_Metas/08/07/20190908073400_00160.png,67.7,13,66,19.7,961
9/8/2019 7:35,datasets/dataset_cropped/09_Metas/08/07/20190908073500_00160.jpg,datasets_flow/dataset_cropped/09_Metas/08/07/20190908073500_00160.jpg,datasets_cloudmask/dataset_cropped/09_Metas/08/07/20190908073500_00160.png,70.2,16.8,67.8,19.7,961
9/8/2019 7:36,datasets/dataset_cropped/09_Metas/08/07/20190908073600_00160.jpg,datasets_flow/dataset_cropped/09_Metas/08/07/20190908073600_00160.jpg,datasets_cloudmask/dataset_cropped/09_Metas/08/07/20190908073600_00160.png,72.2,18.4,69.5,19.7,961
9/8/2019 7:37,datasets/dataset_cropped/09_Metas/08/07/20190908073700_00160.jpg,datasets_flow/dataset_cropped/09_Metas/08/07/20190908073700_00160.jpg,datasets_cloudmask/dataset_cropped/09_Metas/08/07/20190908073700_00160.png,73,13.1,71.2,19.8,961
9/8/2019 7:38,datasets/dataset_cropped/09_Metas/08/07/20190908073800_00160.jpg,datasets_flow/dataset_cropped/09_Metas/08/07/20190908073800_00160.jpg,datasets_cloudmask/dataset_cropped/09_Metas/08/07/20190908073800_00160.png,74,8.8,72.9,19.8,961
9/8/2019 7:39,datasets/dataset_cropped/09_Metas/08/07/20190908073900_00160.jpg,datasets_flow/dataset_cropped/09_Metas/08/07/20190908073900_00160.jpg,datasets_cloudmask/dataset_cropped/09_Metas/08/07/20190908073900_00160.png,75.4,6.8,74.6,19.8,961
9/8/2019 7:40,datasets/dataset_cropped/09_Metas/08/07/20190908074000_00160.jpg,datasets_flow/dataset_cropped/09_Metas/08/07/20190908074000_00160.jpg,datasets_cloudmask/dataset_cropped/09_Metas/08/07/20190908074000_00160.png,77,6.1,76.4,19.8,961
9/8/2019 7:41,datasets/dataset_cropped/09_Metas/08/07/20190908074100_00160.jpg,datasets_flow/dataset_cropped/09_Metas/08/07/20190908074100_00160.jpg,datasets_cloudmask/dataset_cropped/09_Metas/08/07/20190908074100_00160.png,78.9,6.6,78.2,19.9,961
9/8/2019 7:42,datasets/dataset_cropped/09_Metas/08/07/20190908074200_00160.jpg,datasets_flow/dataset_cropped/09_Metas/08/07/20190908074200_00160.jpg,datasets_cloudmask/dataset_cropped/09_Metas/08/07/20190908074200_00160.png,81.2,8.6,80,19.9,961
9/8/2019 7:43,datasets/dataset_cropped/09_Metas/08/07/20190908074300_00160.jpg,datasets_flow/dataset_cropped/09_Metas/08/07/20190908074300_00160.jpg,datasets_cloudmask/dataset_cropped/09_Metas/08/07/20190908074300_00160.png,83.6,12,81.8,19.9,961
9/8/2019 7:44,datasets/dataset_cropped/09_Metas/08/07/20190908074400_00160.jpg,datasets_flow/dataset_cropped/09_Metas/08/07/20190908074400_00160.jpg,datasets_cloudmask/dataset_cropped/09_Metas/08/07/20190908074400_00160.png,86,14.8,83.6,20.1,961
9/8/2019 7:45,datasets/dataset_cropped/09_Metas/08/07/20190908074500_00160.jpg,datasets_flow/dataset_cropped/09_Metas/08/07/20190908074500_00160.jpg,datasets_cloudmask/dataset_cropped/09_Metas/08/07/20190908074500_00160.png,88.7,19.5,85.3,20.1,961
9/8/2019 7:46,datasets/dataset_cropped/09_Metas/08/07/20190908074600_00160.jpg,datasets_flow/dataset_cropped/09_Metas/08/07/20190908074600_00160.jpg,datasets_cloudmask/dataset_cropped/09_Metas/08/07/20190908074600_00160.png,92.4,29.5,87,20.2,961
9/8/2019 7:47,datasets/dataset_cropped/09_Metas/08/07/20190908074700_00160.jpg,datasets_flow/dataset_cropped/09_Metas/08/07/20190908074700_00160.jpg,datasets_cloudmask/dataset_cropped/09_Metas/08/07/20190908074700_00160.png,96.2,39.7,88.7,20.2,961
9/8/2019 7:48,datasets/dataset_cropped/09_Metas/08/07/20190908074800_00160.jpg,datasets_flow/dataset_cropped/09_Metas/08/07/20190908074800_00160.jpg,datasets_cloudmask/dataset_cropped/09_Metas/08/07/20190908074800_00160.png,97.6,38.7,90.2,20.3,961
9/8/2019 7:49,datasets/dataset_cropped/09_Metas/08/07/20190908074900_00160.jpg,datasets_flow/dataset_cropped/09_Metas/08/07/20190908074900_00160.jpg,datasets_cloudmask/dataset_cropped/09_Metas/08/07/20190908074900_00160.png,100.2,43.3,91.7,20.3,961
9/8/2019 7:50,datasets/dataset_cropped/09_Metas/08/07/20190908075000_00160.jpg,datasets_flow/dataset_cropped/09_Metas/08/07/20190908075000_00160.jpg,datasets_cloudmask/dataset_cropped/09_Metas/08/07/20190908075000_00160.png,104.1,53.9,93.1,20.3,961
9/8/2019 7:51,datasets/dataset_cropped/09_Metas/08/07/20190908075100_00160.jpg,datasets_flow/dataset_cropped/09_Metas/08/07/20190908075100_00160.jpg,datasets_cloudmask/dataset_cropped/09_Metas/08/07/20190908075100_00160.png,107.2,61.1,94.6,20.4,961
9/8/2019 7:52,datasets/dataset_cropped/09_Metas/08/07/20190908075200_00160.jpg,datasets_flow/dataset_cropped/09_Metas/08/07/20190908075200_00160.jpg,datasets_cloudmask/dataset_cropped/09_Metas/08/07/20190908075200_00160.png,109.9,66.1,95.9,20.4,961
9/8/2019 7:53,datasets/dataset_cropped/09_Metas/08/07/20190908075300_00160.jpg,datasets_flow/dataset_cropped/09_Metas/08/07/20190908075300_00160.jpg,datasets_cloudmask/dataset_cropped/09_Metas/08/07/20190908075300_00160.png,115.3,82.8,97.3,20.4,961
9/8/2019 7:54,datasets/dataset_cropped/09_Metas/08/07/20190908075400_00160.jpg,datasets_flow/dataset_cropped/09_Metas/08/07/20190908075400_00160.jpg,datasets_cloudmask/dataset_cropped/09_Metas/08/07/20190908075400_00160.png,119.1,92.6,98.6,20.5,961
9/8/2019 7:55,datasets/dataset_cropped/09_Metas/08/07/20190908075500_00160.jpg,datasets_flow/dataset_cropped/09_Metas/08/07/20190908075500_00160.jpg,datasets_cloudmask/dataset_cropped/09_Metas/08/07/20190908075500_00160.png,121.9,98.1,99.9,20.6,961
9/8/2019 7:56,datasets/dataset_cropped/09_Metas/08/07/20190908075600_00160.jpg,datasets_flow/dataset_cropped/09_Metas/08/07/20190908075600_00160.jpg,datasets_cloudmask/dataset_cropped/09_Metas/08/07/20190908075600_00160.png,124.8,104.2,101,20.6,961
9/8/2019 7:57,datasets/dataset_cropped/09_Metas/08/07/20190908075700_00160.jpg,datasets_flow/dataset_cropped/09_Metas/08/07/20190908075700_00160.jpg,datasets_cloudmask/dataset_cropped/09_Metas/08/07/20190908075700_00160.png,129.2,116.8,102.1,20.7,961
9/8/2019 7:58,datasets/dataset_cropped/09_Metas/08/07/20190908075800_00160.jpg,datasets_flow/dataset_cropped/09_Metas/08/07/20190908075800_00160.jpg,datasets_cloudmask/dataset_cropped/09_Metas/08/07/20190908075800_00160.png,134.1,131.4,103.1,20.8,961
9/8/2019 7:59,datasets/dataset_cropped/09_Metas/08/07/20190908075900_00160.jpg,datasets_flow/dataset_cropped/09_Metas/08/07/20190908075900_00160.jpg,datasets_cloudmask/dataset_cropped/09_Metas/08/07/20190908075900_00160.png,141.4,155.5,104.2,20.8,961
9/8/2019 8:00,datasets/dataset_cropped/09_Metas/08/08/20190908080000_00160.jpg,datasets_flow/dataset_cropped/09_Metas/08/08/20190908080000_00160.jpg,datasets_cloudmask/dataset_cropped/09_Metas/08/08/20190908080000_00160.png,152.6,194.8,105.2,20.8,961
9/8/2019 8:01,datasets/dataset_cropped/09_Metas/08/08/20190908080100_00160.jpg,datasets_flow/dataset_cropped/09_Metas/08/08/20190908080100_00160.jpg,datasets_cloudmask/dataset_cropped/09_Metas/08/08/20190908080100_00160.png,157.5,208.5,106,20.9,961
9/8/2019 8:02,datasets/dataset_cropped/09_Metas/08/08/20190908080200_00160.jpg,datasets_flow/dataset_cropped/09_Metas/08/08/20190908080200_00160.jpg,datasets_cloudmask/dataset_cropped/09_Metas/08/08/20190908080200_00160.png,162.7,223.5,106.8,21,961
9/8/2019 8:03,datasets/dataset_cropped/09_Metas/08/08/20190908080300_00160.jpg,datasets_flow/dataset_cropped/09_Metas/08/08/20190908080300_00160.jpg,datasets_cloudmask/dataset_cropped/09_Metas/08/08/20190908080300_00160.png,171.7,252.8,107.6,21,961
9/8/2019 8:04,datasets/dataset_cropped/09_Metas/08/08/20190908080400_00160.jpg,datasets_flow/dataset_cropped/09_Metas/08/08/20190908080400_00160.jpg,datasets_cloudmask/dataset_cropped/09_Metas/08/08/20190908080400_00160.png,179.3,276,108.3,21,961
9/8/2019 8:05,datasets/dataset_cropped/09_Metas/08/08/20190908080500_00160.jpg,datasets_flow/dataset_cropped/09_Metas/08/08/20190908080500_00160.jpg,datasets_cloudmask/dataset_cropped/09_Metas/08/08/20190908080500_00160.png,183.1,284.5,109,21.1,961
9/8/2019 8:06,datasets/dataset_cropped/09_Metas/08/08/20190908080600_00160.jpg,datasets_flow/dataset_cropped/09_Metas/08/08/20190908080600_00160.jpg,datasets_cloudmask/dataset_cropped/09_Metas/08/08/20190908080600_00160.png,188.3,296,110.1,21.1,961
9/8/2019 8:07,datasets/dataset_cropped/09_Metas/08/08/20190908080700_00160.jpg,datasets_flow/dataset_cropped/09_Metas/08/08/20190908080700_00160.jpg,datasets_cloudmask/dataset_cropped/09_Metas/08/08/20190908080700_00160.png,196,315.7,111.5,21.1,961
9/8/2019 8:08,datasets/dataset_cropped/09_Metas/08/08/20190908080800_00160.jpg,datasets_flow/dataset_cropped/09_Metas/08/08/20190908080800_00160.jpg,datasets_cloudmask/dataset_cropped/09_Metas/08/08/20190908080800_00160.png,204.3,336.4,113.2,21.2,961
9/8/2019 8:09,datasets/dataset_cropped/09_Metas/08/08/20190908080900_00160.jpg,datasets_flow/dataset_cropped/09_Metas/08/08/20190908080900_00160.jpg,datasets_cloudmask/dataset_cropped/09_Metas/08/08/20190908080900_00160.png,209.5,344.4,115.1,21.3,961
9/8/2019 8:10,datasets/dataset_cropped/09_Metas/08/08/20190908081000_00160.jpg,datasets_flow/dataset_cropped/09_Metas/08/08/20190908081000_00160.jpg,datasets_cloudmask/dataset_cropped/09_Metas/08/08/20190908081000_00160.png,211.1,338.2,117.3,21.4,961
9/8/2019 8:11,datasets/dataset_cropped/09_Metas/08/08/20190908081100_00160.jpg,datasets_flow/dataset_cropped/09_Metas/08/08/20190908081100_00160.jpg,datasets_cloudmask/dataset_cropped/09_Metas/08/08/20190908081100_00160.png,220.1,356.7,120.1,21.5,961
9/8/2019 8:12,datasets/dataset_cropped/09_Metas/08/08/20190908081200_00160.jpg,datasets_flow/dataset_cropped/09_Metas/08/08/20190908081200_00160.jpg,datasets_cloudmask/dataset_cropped/09_Metas/08/08/20190908081200_00160.png,232,382.8,123.6,21.5,961
9/8/2019 8:13,datasets/dataset_cropped/09_Metas/08/08/20190908081300_00160.jpg,datasets_flow/dataset_cropped/09_Metas/08/08/20190908081300_00160.jpg,datasets_cloudmask/dataset_cropped/09_Metas/08/08/20190908081300_00160.png,244.3,407.5,127.5,21.5,961
9/8/2019 8:14,datasets/dataset_cropped/09_Metas/08/08/20190908081400_00160.jpg,datasets_flow/dataset_cropped/09_Metas/08/08/20190908081400_00160.jpg,datasets_cloudmask/dataset_cropped/09_Metas/08/08/20190908081400_00160.png,255.3,426.5,131.9,21.6,961
9/8/2019 8:15,datasets/dataset_cropped/09_Metas/08/08/20190908081500_00160.jpg,datasets_flow/dataset_cropped/09_Metas/08/08/20190908081500_00160.jpg,datasets_cloudmask/dataset_cropped/09_Metas/08/08/20190908081500_00160.png,264.4,436.7,136.6,21.6,961
9/8/2019 8:16,datasets/dataset_cropped/09_Metas/08/08/20190908081600_00160.jpg,datasets_flow/dataset_cropped/09_Metas/08/08/20190908081600_00160.jpg,datasets_cloudmask/dataset_cropped/09_Metas/08/08/20190908081600_00160.png,273.7,447.3,141.5,21.7,961
9/8/2019 8:17,datasets/dataset_cropped/09_Metas/08/08/20190908081700_00160.jpg,datasets_flow/dataset_cropped/09_Metas/08/08/20190908081700_00160.jpg,datasets_cloudmask/dataset_cropped/09_Metas/08/08/20190908081700_00160.png,283.8,459.6,146.5,21.8,961
9/8/2019 8:18,datasets/dataset_cropped/09_Metas/08/08/20190908081800_00160.jpg,datasets_flow/dataset_cropped/09_Metas/08/08/20190908081800_00160.jpg,datasets_cloudmask/dataset_cropped/09_Metas/08/08/20190908081800_00160.png,293.8,470.8,151.6,21.9,961
9/8/2019 8:19,datasets/dataset_cropped/09_Metas/08/08/20190908081900_00160.jpg,datasets_flow/dataset_cropped/09_Metas/08/08/20190908081900_00160.jpg,datasets_cloudmask/dataset_cropped/09_Metas/08/08/20190908081900_00160.png,307.4,493.1,157.2,22,961
9/8/2019 8:20,datasets/dataset_cropped/09_Metas/08/08/20190908082000_00160.jpg,datasets_flow/dataset_cropped/09_Metas/08/08/20190908082000_00160.jpg,datasets_cloudmask/dataset_cropped/09_Metas/08/08/20190908082000_00160.png,324.4,525.5,162.5,22.1,961
9/8/2019 8:21,datasets/dataset_cropped/09_Metas/08/08/20190908082100_00160.jpg,datasets_flow/dataset_cropped/09_Metas/08/08/20190908082100_00160.jpg,datasets_cloudmask/dataset_cropped/09_Metas/08/08/20190908082100_00160.png,338.6,549.6,167.8,22.1,961
9/8/2019 8:22,datasets/dataset_cropped/09_Metas/08/08/20190908082200_00160.jpg,datasets_flow/dataset_cropped/09_Metas/08/08/20190908082200_00160.jpg,datasets_cloudmask/dataset_cropped/09_Metas/08/08/20190908082200_00160.png,346.9,554.4,173,22.2,961
9/8/2019 8:23,datasets/dataset_cropped/09_Metas/08/08/20190908082300_00160.jpg,datasets_flow/dataset_cropped/09_Metas/08/08/20190908082300_00160.jpg,datasets_cloudmask/dataset_cropped/09_Metas/08/08/20190908082300_00160.png,358.4,566.8,179,22.3,961
9/8/2019 8:24,datasets/dataset_cropped/09_Metas/08/08/20190908082400_00160.jpg,datasets_flow/dataset_cropped/09_Metas/08/08/20190908082400_00160.jpg,datasets_cloudmask/dataset_cropped/09_Metas/08/08/20190908082400_00160.png,376.7,601,184.2,22.3,961
9/8/2019 8:25,datasets/dataset_cropped/09_Metas/08/08/20190908082500_00160.jpg,datasets_flow/dataset_cropped/09_Metas/08/08/20190908082500_00160.jpg,datasets_cloudmask/dataset_cropped/09_Metas/08/08/20190908082500_00160.png,347.9,494.1,187.8,22.4,961
9/8/2019 8:26,datasets/dataset_cropped/09_Metas/08/08/20190908082600_00160.jpg,datasets_flow/dataset_cropped/09_Metas/08/08/20190908082600_00160.jpg,datasets_cloudmask/dataset_cropped/09_Metas/08/08/20190908082600_00160.png,283.2,278.4,191.9,22.6,961
9/8/2019 8:27,datasets/dataset_cropped/09_Metas/08/08/20190908082700_00160.jpg,datasets_flow/dataset_cropped/09_Metas/08/08/20190908082700_00160.jpg,datasets_cloudmask/dataset_cropped/09_Metas/08/08/20190908082700_00160.png,278.5,245.1,197.2,22.7,961
9/8/2019 8:28,datasets/dataset_cropped/09_Metas/08/08/20190908082800_00160.jpg,datasets_flow/dataset_cropped/09_Metas/08/08/20190908082800_00160.jpg,datasets_cloudmask/dataset_cropped/09_Metas/08/08/20190908082800_00160.png,297.5,285.4,202,22.5,961
9/8/2019 8:29,datasets/dataset_cropped/09_Metas/08/08/20190908082900_00160.jpg,datasets_flow/dataset_cropped/09_Metas/08/08/20190908082900_00160.jpg,datasets_cloudmask/dataset_cropped/09_Metas/08/08/20190908082900_00160.png,324.4,354.5,204.7,22.3,961
9/8/2019 8:30,datasets/dataset_cropped/09_Metas/08/08/20190908083000_00160.jpg,datasets_flow/dataset_cropped/09_Metas/08/08/20190908083000_00160.jpg,datasets_cloudmask/dataset_cropped/09_Metas/08/08/20190908083000_00160.png,295.6,265.7,205.1,22.2,961
9/8/2019 8:31,datasets/dataset_cropped/09_Metas/08/08/20190908083100_00160.jpg,datasets_flow/dataset_cropped/09_Metas/08/08/20190908083100_00160.jpg,datasets_cloudmask/dataset_cropped/09_Metas/08/08/20190908083100_00160.png,257.7,154.9,204.6,22.2,961
9/8/2019 8:32,datasets/dataset_cropped/09_Metas/08/08/20190908083200_00160.jpg,datasets_flow/dataset_cropped/09_Metas/08/08/20190908083200_00160.jpg,datasets_cloudmask/dataset_cropped/09_Metas/08/08/20190908083200_00160.png,241.5,105.7,205.2,22.4,961
9/8/2019 8:33,datasets/dataset_cropped/09_Metas/08/08/20190908083300_00160.jpg,datasets_flow/dataset_cropped/09_Metas/08/08/20190908083300_00160.jpg,datasets_cloudmask/dataset_cropped/09_Metas/08/08/20190908083300_00160.png,222.6,47,206.4,22.3,961
9/8/2019 8:34,datasets/dataset_cropped/09_Metas/08/08/20190908083400_00160.jpg,datasets_flow/dataset_cropped/09_Metas/08/08/20190908083400_00160.jpg,datasets_cloudmask/dataset_cropped/09_Metas/08/08/20190908083400_00160.png,219.2,34.7,207,22.3,961
9/8/2019 8:35,datasets/dataset_cropped/09_Metas/08/08/20190908083500_00160.jpg,datasets_flow/dataset_cropped/09_Metas/08/08/20190908083500_00160.jpg,datasets_cloudmask/dataset_cropped/09_Metas/08/08/20190908083500_00160.png,222.4,45,206.2,22.3,961
9/8/2019 8:36,datasets/dataset_cropped/09_Metas/08/08/20190908083600_00160.jpg,datasets_flow/dataset_cropped/09_Metas/08/08/20190908083600_00160.jpg,datasets_cloudmask/dataset_cropped/09_Metas/08/08/20190908083600_00160.png,217.3,35.1,204.7,22.1,961
9/8/2019 8:37,datasets/dataset_cropped/09_Metas/08/08/20190908083700_00160.jpg,datasets_flow/dataset_cropped/09_Metas/08/08/20190908083700_00160.jpg,datasets_cloudmask/dataset_cropped/09_Metas/08/08/20190908083700_00160.png,213.3,28.1,203.2,22,961
9/8/2019 8:38,datasets/dataset_cropped/09_Metas/08/08/20190908083800_00160.jpg,datasets_flow/dataset_cropped/09_Metas/08/08/20190908083800_00160.jpg,datasets_cloudmask/dataset_cropped/09_Metas/08/08/20190908083800_00160.png,208.7,17.1,202.6,22.1,961
9/8/2019 8:39,datasets/dataset_cropped/09_Metas/08/08/20190908083900_00160.jpg,datasets_flow/dataset_cropped/09_Metas/08/08/20190908083900_00160.jpg,datasets_cloudmask/dataset_cropped/09_Metas/08/08/20190908083900_00160.png,207,11.7,202.8,22.1,961
9/8/2019 8:40,datasets/dataset_cropped/09_Metas/08/08/20190908084000_00160.jpg,datasets_flow/dataset_cropped/09_Metas/08/08/20190908084000_00160.jpg,datasets_cloudmask/dataset_cropped/09_Metas/08/08/20190908084000_00160.png,207.2,9.7,203.6,22,961
9/8/2019 8:41,datasets/dataset_cropped/09_Metas/08/08/20190908084100_00160.jpg,datasets_flow/dataset_cropped/09_Metas/08/08/20190908084100_00160.jpg,datasets_cloudmask/dataset_cropped/09_Metas/08/08/20190908084100_00160.png,208.6,9.9,204.9,21.9,961
9/8/2019 8:42,datasets/dataset_cropped/09_Metas/08/08/20190908084200_00160.jpg,datasets_flow/dataset_cropped/09_Metas/08/08/20190908084200_00160.jpg,datasets_cloudmask/dataset_cropped/09_Metas/08/08/20190908084200_00160.png,209.9,10.6,205.9,21.9,961
9/8/2019 8:43,datasets/dataset_cropped/09_Metas/08/08/20190908084300_00160.jpg,datasets_flow/dataset_cropped/09_Metas/08/08/20190908084300_00160.jpg,datasets_cloudmask/dataset_cropped/09_Metas/08/08/20190908084300_00160.png,209.2,7.3,206.5,22,961
9/8/2019 8:44,datasets/dataset_cropped/09_Metas/08/08/20190908084400_00160.jpg,datasets_flow/dataset_cropped/09_Metas/08/08/20190908084400_00160.jpg,datasets_cloudmask/dataset_cropped/09_Metas/08/08/20190908084400_00160.png,207.9,3.6,206.5,22.1,961
9/8/2019 8:45,datasets/dataset_cropped/09_Metas/08/08/20190908084500_00160.jpg,datasets_flow/dataset_cropped/09_Metas/08/08/20190908084500_00160.jpg,datasets_cloudmask/dataset_cropped/09_Metas/08/08/20190908084500_00160.png,206.3,2.1,205.5,22.1,962
9/8/2019 8:46,datasets/dataset_cropped/09_Metas/08/08/20190908084600_00160.jpg,datasets_flow/dataset_cropped/09_Metas/08/08/20190908084600_00160.jpg,datasets_cloudmask/dataset_cropped/09_Metas/08/08/20190908084600_00160.png,204.5,2.7,203.5,22.1,961
9/8/2019 8:47,datasets/dataset_cropped/09_Metas/08/08/20190908084700_00160.jpg,datasets_flow/dataset_cropped/09_Metas/08/08/20190908084700_00160.jpg,datasets_cloudmask/dataset_cropped/09_Metas/08/08/20190908084700_00160.png,202.4,5.3,200.5,22.1,961
9/8/2019 8:48,datasets/dataset_cropped/09_Metas/08/08/20190908084800_00160.jpg,datasets_flow/dataset_cropped/09_Metas/08/08/20190908084800_00160.jpg,datasets_cloudmask/dataset_cropped/09_Metas/08/08/20190908084800_00160.png,200,8.8,196.8,22.1,962
9/8/2019 8:49,datasets/dataset_cropped/09_Metas/08/08/20190908084900_00160.jpg,datasets_flow/dataset_cropped/09_Metas/08/08/20190908084900_00160.jpg,datasets_cloudmask/dataset_cropped/09_Metas/08/08/20190908084900_00160.png,195.9,8.9,192.6,22.1,961
9/8/2019 8:50,datasets/dataset_cropped/09_Metas/08/08/20190908085000_00160.jpg,datasets_flow/dataset_cropped/09_Metas/08/08/20190908085000_00160.jpg,datasets_cloudmask/dataset_cropped/09_Metas/08/08/20190908085000_00160.png,191.2,8.3,188.1,22.1,961
9/8/2019 8:51,datasets/dataset_cropped/09_Metas/08/08/20190908085100_00160.jpg,datasets_flow/dataset_cropped/09_Metas/08/08/20190908085100_00160.jpg,datasets_cloudmask/dataset_cropped/09_Metas/08/08/20190908085100_00160.png,186.3,7.3,183.9,22.2,961
9/8/2019 8:52,datasets/dataset_cropped/09_Metas/08/08/20190908085200_00160.jpg,datasets_flow/dataset_cropped/09_Metas/08/08/20190908085200_00160.jpg,datasets_cloudmask/dataset_cropped/09_Metas/08/08/20190908085200_00160.png,180.6,4.4,179.4,22.1,961
9/8/2019 8:53,datasets/dataset_cropped/09_Metas/08/08/20190908085300_00160.jpg,datasets_flow/dataset_cropped/09_Metas/08/08/20190908085300_00160.jpg,datasets_cloudmask/dataset_cropped/09_Metas/08/08/20190908085300_00160.png,175.7,2.8,175,22.1,961
9/8/2019 8:54,datasets/dataset_cropped/09_Metas/08/08/20190908085400_00160.jpg,datasets_flow/dataset_cropped/09_Metas/08/08/20190908085400_00160.jpg,datasets_cloudmask/dataset_cropped/09_Metas/08/08/20190908085400_00160.png,171.2,1.4,171.1,22.1,961
9/8/2019 8:55,datasets/dataset_cropped/09_Metas/08/08/20190908085500_00160.jpg,datasets_flow/dataset_cropped/09_Metas/08/08/20190908085500_00160.jpg,datasets_cloudmask/dataset_cropped/09_Metas/08/08/20190908085500_00160.png,167.7,0.7,167.8,22.1,961
9/8/2019 8:56,datasets/dataset_cropped/09_Metas/08/08/20190908085600_00160.jpg,datasets_flow/dataset_cropped/09_Metas/08/08/20190908085600_00160.jpg,datasets_cloudmask/dataset_cropped/09_Metas/08/08/20190908085600_00160.png,165.2,0.6,165.3,22.1,961
9/8/2019 8:57,datasets/dataset_cropped/09_Metas/08/08/20190908085700_00160.jpg,datasets_flow/dataset_cropped/09_Metas/08/08/20190908085700_00160.jpg,datasets_cloudmask/dataset_cropped/09_Metas/08/08/20190908085700_00160.png,163.4,0.8,163.4,22.2,961
9/8/2019 8:58,datasets/dataset_cropped/09_Metas/08/08/20190908085800_00160.jpg,datasets_flow/dataset_cropped/09_Metas/08/08/20190908085800_00160.jpg,datasets_cloudmask/dataset_cropped/09_Metas/08/08/20190908085800_00160.png,162.4,0.9,162.3,22.3,961
9/8/2019 8:59,datasets/dataset_cropped/09_Metas/08/08/20190908085900_00160.jpg,datasets_flow/dataset_cropped/09_Metas/08/08/20190908085900_00160.jpg,datasets_cloudmask/dataset_cropped/09_Metas/08/08/20190908085900_00160.png,162.1,0.8,162.1,22.3,962
9/8/2019 9:00,datasets/dataset_cropped/09_Metas/08/09/20190908090000_00160.jpg,datasets_flow/dataset_cropped/09_Metas/08/09/20190908090000_00160.jpg,datasets_cloudmask/dataset_cropped/09_Metas/08/09/20190908090000_00160.png,162.5,0.7,162.6,22.1,962
9/8/2019 9:01,datasets/dataset_cropped/09_Metas/08/09/20190908090100_00160.jpg,datasets_flow/dataset_cropped/09_Metas/08/09/20190908090100_00160.jpg,datasets_cloudmask/dataset_cropped/09_Metas/08/09/20190908090100_00160.png,163.3,0.7,163.5,22.1,962
9/8/2019 9:02,datasets/dataset_cropped/09_Metas/08/09/20190908090200_00160.jpg,datasets_flow/dataset_cropped/09_Metas/08/09/20190908090200_00160.jpg,datasets_cloudmask/dataset_cropped/09_Metas/08/09/20190908090200_00160.png,164.7,0.5,164.9,22.1,962
9/8/2019 9:03,datasets/dataset_cropped/09_Metas/08/09/20190908090300_00160.jpg,datasets_flow/dataset_cropped/09_Metas/08/09/20190908090300_00160.jpg,datasets_cloudmask/dataset_cropped/09_Metas/08/09/20190908090300_00160.png,166.7,0.3,166.9,22.1,962
9/8/2019 9:04,datasets/dataset_cropped/09_Metas/08/09/20190908090400_00160.jpg,datasets_flow/dataset_cropped/09_Metas/08/09/20190908090400_00160.jpg,datasets_cloudmask/dataset_cropped/09_Metas/08/09/20190908090400_00160.png,169.2,0.1,169.4,22.1,962
9/8/2019 9:05,datasets/dataset_cropped/09_Metas/08/09/20190908090500_00160.jpg,datasets_flow/dataset_cropped/09_Metas/08/09/20190908090500_00160.jpg,datasets_cloudmask/dataset_cropped/09_Metas/08/09/20190908090500_00160.png,171.9,0.1,172.1,22.1,961
9/8/2019 9:06,datasets/dataset_cropped/09_Metas/08/09/20190908090600_00160.jpg,datasets_flow/dataset_cropped/09_Metas/08/09/20190908090600_00160.jpg,datasets_cloudmask/dataset_cropped/09_Metas/08/09/20190908090600_00160.png,174.5,0.2,174.7,22.1,962
9/8/2019 9:07,datasets/dataset_cropped/09_Metas/08/09/20190908090700_00160.jpg,datasets_flow/dataset_cropped/09_Metas/08/09/20190908090700_00160.jpg,datasets_cloudmask/dataset_cropped/09_Metas/08/09/20190908090700_00160.png,176.9,0.3,177.1,22.1,962
9/8/2019 9:08,datasets/dataset_cropped/09_Metas/08/09/20190908090800_00160.jpg,datasets_flow/dataset_cropped/09_Metas/08/09/20190908090800_00160.jpg,datasets_cloudmask/dataset_cropped/09_Metas/08/09/20190908090800_00160.png,178.8,0.4,179.1,22.2,961
9/8/2019 9:09,datasets/dataset_cropped/09_Metas/08/09/20190908090900_00160.jpg,datasets_flow/dataset_cropped/09_Metas/08/09/20190908090900_00160.jpg,datasets_cloudmask/dataset_cropped/09_Metas/08/09/20190908090900_00160.png,180.4,0.5,180.7,22.2,961
9/8/2019 9:10,datasets/dataset_cropped/09_Metas/08/09/20190908091000_00160.jpg,datasets_flow/dataset_cropped/09_Metas/08/09/20190908091000_00160.jpg,datasets_cloudmask/dataset_cropped/09_Metas/08/09/20190908091000_00160.png,181.6,0.5,181.9,22.2,962
9/8/2019 9:11,datasets/dataset_cropped/09_Metas/08/09/20190908091100_00160.jpg,datasets_flow/dataset_cropped/09_Metas/08/09/20190908091100_00160.jpg,datasets_cloudmask/dataset_cropped/09_Metas/08/09/20190908091100_00160.png,182.5,0.5,182.8,22.2,962
9/8/2019 9:12,datasets/dataset_cropped/09_Metas/08/09/20190908091200_00160.jpg,datasets_flow/dataset_cropped/09_Metas/08/09/20190908091200_00160.jpg,datasets_cloudmask/dataset_cropped/09_Metas/08/09/20190908091200_00160.png,183.1,0.8,183.3,22.2,961
9/8/2019 9:13,datasets/dataset_cropped/09_Metas/08/09/20190908091300_00160.jpg,datasets_flow/dataset_cropped/09_Metas/08/09/20190908091300_00160.jpg,datasets_cloudmask/dataset_cropped/09_Metas/08/09/20190908091300_00160.png,184.3,3.4,183.3,22.2,962
9/8/2019 9:14,datasets/dataset_cropped/09_Metas/08/09/20190908091400_00160.jpg,datasets_flow/dataset_cropped/09_Metas/08/09/20190908091400_00160.jpg,datasets_cloudmask/dataset_cropped/09_Metas/08/09/20190908091400_00160.png,183.5,2.2,182.9,22.2,961
9/8/2019 9:15,datasets/dataset_cropped/09_Metas/08/09/20190908091500_00160.jpg,datasets_flow/dataset_cropped/09_Metas/08/09/20190908091500_00160.jpg,datasets_cloudmask/dataset_cropped/09_Metas/08/09/20190908091500_00160.png,182.3,0.8,182.6,22.2,962
9/8/2019 9:16,datasets/dataset_cropped/09_Metas/08/09/20190908091600_00160.jpg,datasets_flow/dataset_cropped/09_Metas/08/09/20190908091600_00160.jpg,datasets_cloudmask/dataset_cropped/09_Metas/08/09/20190908091600_00160.png,181.7,0.7,182,22.1,961
9/8/2019 9:17,datasets/dataset_cropped/09_Metas/08/09/20190908091700_00160.jpg,datasets_flow/dataset_cropped/09_Metas/08/09/20190908091700_00160.jpg,datasets_cloudmask/dataset_cropped/09_Metas/08/09/20190908091700_00160.png,181.2,0.7,181.5,22.1,961
9/8/2019 9:18,datasets/dataset_cropped/09_Metas/08/09/20190908091800_00160.jpg,datasets_flow/dataset_cropped/09_Metas/08/09/20190908091800_00160.jpg,datasets_cloudmask/dataset_cropped/09_Metas/08/09/20190908091800_00160.png,180.9,0.7,181.2,22.2,962
9/8/2019 9:19,datasets/dataset_cropped/09_Metas/08/09/20190908091900_00160.jpg,datasets_flow/dataset_cropped/09_Metas/08/09/20190908091900_00160.jpg,datasets_cloudmask/dataset_cropped/09_Metas/08/09/20190908091900_00160.png,180.7,0.6,181,22.3,961
9/8/2019 9:20,datasets/dataset_cropped/09_Metas/08/09/20190908092000_00160.jpg,datasets_flow/dataset_cropped/09_Metas/08/09/20190908092000_00160.jpg,datasets_cloudmask/dataset_cropped/09_Metas/08/09/20190908092000_00160.png,180.7,0.5,181.1,22.3,961
9/8/2019 9:21,datasets/dataset_cropped/09_Metas/08/09/20190908092100_00160.jpg,datasets_flow/dataset_cropped/09_Metas/08/09/20190908092100_00160.jpg,datasets_cloudmask/dataset_cropped/09_Metas/08/09/20190908092100_00160.png,181.2,0.5,181.6,22.4,961
9/8/2019 9:22,datasets/dataset_cropped/09_Metas/08/09/20190908092200_00160.jpg,datasets_flow/dataset_cropped/09_Metas/08/09/20190908092200_00160.jpg,datasets_cloudmask/dataset_cropped/09_Metas/08/09/20190908092200_00160.png,181.7,0.6,182.1,22.3,961
9/8/2019 9:23,datasets/dataset_cropped/09_Metas/08/09/20190908092300_00160.jpg,datasets_flow/dataset_cropped/09_Metas/08/09/20190908092300_00160.jpg,datasets_cloudmask/dataset_cropped/09_Metas/08/09/20190908092300_00160.png,182.4,0.4,182.8,22.4,961
9/8/2019 9:24,datasets/dataset_cropped/09_Metas/08/09/20190908092400_00160.jpg,datasets_flow/dataset_cropped/09_Metas/08/09/20190908092400_00160.jpg,datasets_cloudmask/dataset_cropped/09_Metas/08/09/20190908092400_00160.png,183.5,0.5,183.9,22.3,962
9/8/2019 9:25,datasets/dataset_cropped/09_Metas/08/09/20190908092500_00160.jpg,datasets_flow/dataset_cropped/09_Metas/08/09/20190908092500_00160.jpg,datasets_cloudmask/dataset_cropped/09_Metas/08/09/20190908092500_00160.png,185.3,0.8,185.4,22.3,961
9/8/2019 9:26,datasets/dataset_cropped/09_Metas/08/09/20190908092600_00160.jpg,datasets_flow/dataset_cropped/09_Metas/08/09/20190908092600_00160.jpg,datasets_cloudmask/dataset_cropped/09_Metas/08/09/20190908092600_00160.png,187.6,1.2,187.4,22.4,961
9/8/2019 9:27,datasets/dataset_cropped/09_Metas/08/09/20190908092700_00160.jpg,datasets_flow/dataset_cropped/09_Metas/08/09/20190908092700_00160.jpg,datasets_cloudmask/dataset_cropped/09_Metas/08/09/20190908092700_00160.png,191.2,3,190.1,22.4,961
9/8/2019 9:28,datasets/dataset_cropped/09_Metas/08/09/20190908092800_00160.jpg,datasets_flow/dataset_cropped/09_Metas/08/09/20190908092800_00160.jpg,datasets_cloudmask/dataset_cropped/09_Metas/08/09/20190908092800_00160.png,194,1.9,193.5,22.4,962
9/8/2019 9:29,datasets/dataset_cropped/09_Metas/08/09/20190908092900_00160.jpg,datasets_flow/dataset_cropped/09_Metas/08/09/20190908092900_00160.jpg,datasets_cloudmask/dataset_cropped/09_Metas/08/09/20190908092900_00160.png,197.8,2.1,197.4,22.4,962
9/8/2019 9:30,datasets/dataset_cropped/09_Metas/08/09/20190908093000_00160.jpg,datasets_flow/dataset_cropped/09_Metas/08/09/20190908093000_00160.jpg,datasets_cloudmask/dataset_cropped/09_Metas/08/09/20190908093000_00160.png,203,3.9,201.7,22.3,962
9/8/2019 9:31,datasets/dataset_cropped/09_Metas/08/09/20190908093100_00160.jpg,datasets_flow/dataset_cropped/09_Metas/08/09/20190908093100_00160.jpg,datasets_cloudmask/dataset_cropped/09_Metas/08/09/20190908093100_00160.png,206.9,2,206.5,22.3,962
9/8/2019 9:32,datasets/dataset_cropped/09_Metas/08/09/20190908093200_00160.jpg,datasets_flow/dataset_cropped/09_Metas/08/09/20190908093200_00160.jpg,datasets_cloudmask/dataset_cropped/09_Metas/08/09/20190908093200_00160.png,211.6,1,211.7,22.5,962
9/8/2019 9:33,datasets/dataset_cropped/09_Metas/08/09/20190908093300_00160.jpg,datasets_flow/dataset_cropped/09_Metas/08/09/20190908093300_00160.jpg,datasets_cloudmask/dataset_cropped/09_Metas/08/09/20190908093300_00160.png,216.9,0.9,217.1,22.5,961
9/8/2019 9:34,datasets/dataset_cropped/09_Metas/08/09/20190908093400_00160.jpg,datasets_flow/dataset_cropped/09_Metas/08/09/20190908093400_00160.jpg,datasets_cloudmask/dataset_cropped/09_Metas/08/09/20190908093400_00160.png,222.1,0.7,222.4,22.4,961
9/8/2019 9:35,datasets/dataset_cropped/09_Metas/08/09/20190908093500_00160.jpg,datasets_flow/dataset_cropped/09_Metas/08/09/20190908093500_00160.jpg,datasets_cloudmask/dataset_cropped/09_Metas/08/09/20190908093500_00160.png,227.6,0.6,227.9,22.4,961
9/8/2019 9:36,datasets/dataset_cropped/09_Metas/08/09/20190908093600_00160.jpg,datasets_flow/dataset_cropped/09_Metas/08/09/20190908093600_00160.jpg,datasets_cloudmask/dataset_cropped/09_Metas/08/09/20190908093600_00160.png,233.3,0.7,233.5,22.5,961
9/8/2019 9:37,datasets/dataset_cropped/09_Metas/08/09/20190908093700_00160.jpg,datasets_flow/dataset_cropped/09_Metas/08/09/20190908093700_00160.jpg,datasets_cloudmask/dataset_cropped/09_Metas/08/09/20190908093700_00160.png,239,0.7,239.1,22.5,962
9/8/2019 9:38,datasets/dataset_cropped/09_Metas/08/09/20190908093800_00160.jpg,datasets_flow/dataset_cropped/09_Metas/08/09/20190908093800_00160.jpg,datasets_cloudmask/dataset_cropped/09_Metas/08/09/20190908093800_00160.png,244.7,0.7,244.8,22.5,962
9/8/2019 9:39,datasets/dataset_cropped/09_Metas/08/09/20190908093900_00160.jpg,datasets_flow/dataset_cropped/09_Metas/08/09/20190908093900_00160.jpg,datasets_cloudmask/dataset_cropped/09_Metas/08/09/20190908093900_00160.png,250.5,0.8,250.6,22.6,962
9/8/2019 9:40,datasets/dataset_cropped/09_Metas/08/09/20190908094000_00160.jpg,datasets_flow/dataset_cropped/09_Metas/08/09/20190908094000_00160.jpg,datasets_cloudmask/dataset_cropped/09_Metas/08/09/20190908094000_00160.png,256.8,0.9,256.9,22.7,962
9/8/2019 9:41,datasets/dataset_cropped/09_Metas/08/09/20190908094100_00160.jpg,datasets_flow/dataset_cropped/09_Metas/08/09/20190908094100_00160.jpg,datasets_cloudmask/dataset_cropped/09_Metas/08/09/20190908094100_00160.png,264,1.5,263.9,22.6,962
9/8/2019 9:42,datasets/dataset_cropped/09_Metas/08/09/20190908094200_00160.jpg,datasets_flow/dataset_cropped/09_Metas/08/09/20190908094200_00160.jpg,datasets_cloudmask/dataset_cropped/09_Metas/08/09/20190908094200_00160.png,272.2,2.6,271.5,22.5,962
9/8/2019 9:43,datasets/dataset_cropped/09_Metas/08/09/20190908094300_00160.jpg,datasets_flow/dataset_cropped/09_Metas/08/09/20190908094300_00160.jpg,datasets_cloudmask/dataset_cropped/09_Metas/08/09/20190908094300_00160.png,282.5,6.2,279.4,22.6,962
9/8/2019 9:44,datasets/dataset_cropped/09_Metas/08/09/20190908094400_00160.jpg,datasets_flow/dataset_cropped/09_Metas/08/09/20190908094400_00160.jpg,datasets_cloudmask/dataset_cropped/09_Metas/08/09/20190908094400_00160.png,299.1,19.7,287.5,22.6,962
9/8/2019 9:45,datasets/dataset_cropped/09_Metas/08/09/20190908094500_00160.jpg,datasets_flow/dataset_cropped/09_Metas/08/09/20190908094500_00160.jpg,datasets_cloudmask/dataset_cropped/09_Metas/08/09/20190908094500_00160.png,312.2,26.5,296.4,22.6,962
9/8/2019 9:46,datasets/dataset_cropped/09_Metas/08/09/20190908094600_00160.jpg,datasets_flow/dataset_cropped/09_Metas/08/09/20190908094600_00160.jpg,datasets_cloudmask/dataset_cropped/09_Metas/08/09/20190908094600_00160.png,321.8,28.5,305.4,22.6,962
9/8/2019 9:47,datasets/dataset_cropped/09_Metas/08/09/20190908094700_00160.jpg,datasets_flow/dataset_cropped/09_Metas/08/09/20190908094700_00160.jpg,datasets_cloudmask/dataset_cropped/09_Metas/08/09/20190908094700_00160.png,323.3,19.4,312.6,22.6,962
9/8/2019 9:48,datasets/dataset_cropped/09_Metas/08/09/20190908094800_00160.jpg,datasets_flow/dataset_cropped/09_Metas/08/09/20190908094800_00160.jpg,datasets_cloudmask/dataset_cropped/09_Metas/08/09/20190908094800_00160.png,324.3,13,317.6,22.6,962
9/8/2019 9:49,datasets/dataset_cropped/09_Metas/08/09/20190908094900_00160.jpg,datasets_flow/dataset_cropped/09_Metas/08/09/20190908094900_00160.jpg,datasets_cloudmask/dataset_cropped/09_Metas/08/09/20190908094900_00160.png,325.4,9.8,320.3,22.6,962
9/8/2019 9:50,datasets/dataset_cropped/09_Metas/08/09/20190908095000_00160.jpg,datasets_flow/dataset_cropped/09_Metas/08/09/20190908095000_00160.jpg,datasets_cloudmask/dataset_cropped/09_Metas/08/09/20190908095000_00160.png,325.5,7.6,321.6,22.8,962
9/8/2019 9:51,datasets/dataset_cropped/09_Metas/08/09/20190908095100_00160.jpg,datasets_flow/dataset_cropped/09_Metas/08/09/20190908095100_00160.jpg,datasets_cloudmask/dataset_cropped/09_Metas/08/09/20190908095100_00160.png,325.5,5.7,322.5,23,962
9/8/2019 9:52,datasets/dataset_cropped/09_Metas/08/09/20190908095200_00160.jpg,datasets_flow/dataset_cropped/09_Metas/08/09/20190908095200_00160.jpg,datasets_cloudmask/dataset_cropped/09_Metas/08/09/20190908095200_00160.png,326.6,5.4,323.8,23,962
9/8/2019 9:53,datasets/dataset_cropped/09_Metas/08/09/20190908095300_00160.jpg,datasets_flow/dataset_cropped/09_Metas/08/09/20190908095300_00160.jpg,datasets_cloudmask/dataset_cropped/09_Metas/08/09/20190908095300_00160.png,329.3,7,325.5,22.8,962
9/8/2019 9:54,datasets/dataset_cropped/09_Metas/08/09/20190908095400_00160.jpg,datasets_flow/dataset_cropped/09_Metas/08/09/20190908095400_00160.jpg,datasets_cloudmask/dataset_cropped/09_Metas/08/09/20190908095400_00160.png,332.7,9.7,327.3,22.9,962
9/8/2019 9:55,datasets/dataset_cropped/09_Metas/08/09/20190908095500_00160.jpg,datasets_flow/dataset_cropped/09_Metas/08/09/20190908095500_00160.jpg,datasets_cloudmask/dataset_cropped/09_Metas/08/09/20190908095500_00160.png,334.6,10.3,328.8,23.1,962
9/8/2019 9:56,datasets/dataset_cropped/09_Metas/08/09/20190908095600_00160.jpg,datasets_flow/dataset_cropped/09_Metas/08/09/20190908095600_00160.jpg,datasets_cloudmask/dataset_cropped/09_Metas/08/09/20190908095600_00160.png,336.7,13.7,329,23.1,962
9/8/2019 9:57,datasets/dataset_cropped/09_Metas/08/09/20190908095700_00160.jpg,datasets_flow/dataset_cropped/09_Metas/08/09/20190908095700_00160.jpg,datasets_cloudmask/dataset_cropped/09_Metas/08/09/20190908095700_00160.png,336.3,15,327.4,23.1,962
9/8/2019 9:58,datasets/dataset_cropped/09_Metas/08/09/20190908095800_00160.jpg,datasets_flow/dataset_cropped/09_Metas/08/09/20190908095800_00160.jpg,datasets_cloudmask/dataset_cropped/09_Metas/08/09/20190908095800_00160.png,332.8,13.2,325,23,962
9/8/2019 9:59,datasets/dataset_cropped/09_Metas/08/09/20190908095900_00160.jpg,datasets_flow/dataset_cropped/09_Metas/08/09/20190908095900_00160.jpg,datasets_cloudmask/dataset_cropped/09_Metas/08/09/20190908095900_00160.png,330,13.7,321.5,22.8,962
9/8/2019 10:00,datasets/dataset_cropped/09_Metas/08/10/20190908100000_00160.jpg,datasets_flow/dataset_cropped/09_Metas/08/10/20190908100000_00160.jpg,datasets_cloudmask/dataset_cropped/09_Metas/08/10/20190908100000_00160.png,326,12.7,317.9,23,962
9/8/2019 10:01,datasets/dataset_cropped/09_Metas/08/10/20190908100100_00160.jpg,datasets_flow/dataset_cropped/09_Metas/08/10/20190908100100_00160.jpg,datasets_cloudmask/dataset_cropped/09_Metas/08/10/20190908100100_00160.png,321.1,10.1,314.9,22.9,962
9/8/2019 10:02,datasets/dataset_cropped/09_Metas/08/10/20190908100200_00160.jpg,datasets_flow/dataset_cropped/09_Metas/08/10/20190908100200_00160.jpg,datasets_cloudmask/dataset_cropped/09_Metas/08/10/20190908100200_00160.png,316.3,4.5,313.7,22.9,962
9/8/2019 10:03,datasets/dataset_cropped/09_Metas/08/10/20190908100300_00160.jpg,datasets_flow/dataset_cropped/09_Metas/08/10/20190908100300_00160.jpg,datasets_cloudmask/dataset_cropped/09_Metas/08/10/20190908100300_00160.png,315.9,2.8,314.4,23.1,962
9/8/2019 10:04,datasets/dataset_cropped/09_Metas/08/10/20190908100400_00160.jpg,datasets_flow/dataset_cropped/09_Metas/08/10/20190908100400_00160.jpg,datasets_cloudmask/dataset_cropped/09_Metas/08/10/20190908100400_00160.png,317.9,2.2,316.8,23.1,962
9/8/2019 10:05,datasets/dataset_cropped/09_Metas/08/10/20190908100500_00160.jpg,datasets_flow/dataset_cropped/09_Metas/08/10/20190908100500_00160.jpg,datasets_cloudmask/dataset_cropped/09_Metas/08/10/20190908100500_00160.png,321.3,1.7,320.3,23,962
9/8/2019 10:06,datasets/dataset_cropped/09_Metas/08/10/20190908100600_00160.jpg,datasets_flow/dataset_cropped/09_Metas/08/10/20190908100600_00160.jpg,datasets_cloudmask/dataset_cropped/09_Metas/08/10/20190908100600_00160.png,325,1.9,323.8,23,962
9/8/2019 10:07,datasets/dataset_cropped/09_Metas/08/10/20190908100700_00160.jpg,datasets_flow/dataset_cropped/09_Metas/08/10/20190908100700_00160.jpg,datasets_cloudmask/dataset_cropped/09_Metas/08/10/20190908100700_00160.png,328.7,2.5,327,23,962
9/8/2019 10:08,datasets/dataset_cropped/09_Metas/08/10/20190908100800_00160.jpg,datasets_flow/dataset_cropped/09_Metas/08/10/20190908100800_00160.jpg,datasets_cloudmask/dataset_cropped/09_Metas/08/10/20190908100800_00160.png,333.5,5.7,329.4,23,962
9/8/2019 10:09,datasets/dataset_cropped/09_Metas/08/10/20190908100900_00160.jpg,datasets_flow/dataset_cropped/09_Metas/08/10/20190908100900_00160.jpg,datasets_cloudmask/dataset_cropped/09_Metas/08/10/20190908100900_00160.png,337.5,9,331.5,23.2,962
9/8/2019 10:10,datasets/dataset_cropped/09_Metas/08/10/20190908101000_00160.jpg,datasets_flow/dataset_cropped/09_Metas/08/10/20190908101000_00160.jpg,datasets_cloudmask/dataset_cropped/09_Metas/08/10/20190908101000_00160.png,341.3,12.3,333.5,23.3,962
9/8/2019 10:11,datasets/dataset_cropped/09_Metas/08/10/20190908101100_00160.jpg,datasets_flow/dataset_cropped/09_Metas/08/10/20190908101100_00160.jpg,datasets_cloudmask/dataset_cropped/09_Metas/08/10/20190908101100_00160.png,343.2,13.6,334.7,23,962
9/8/2019 10:12,datasets/dataset_cropped/09_Metas/08/10/20190908101200_00160.jpg,datasets_flow/dataset_cropped/09_Metas/08/10/20190908101200_00160.jpg,datasets_cloudmask/dataset_cropped/09_Metas/08/10/20190908101200_00160.png,342.1,9.9,335.7,22.9,962
9/8/2019 10:13,datasets/dataset_cropped/09_Metas/08/10/20190908101300_00160.jpg,datasets_flow/dataset_cropped/09_Metas/08/10/20190908101300_00160.jpg,datasets_cloudmask/dataset_cropped/09_Metas/08/10/20190908101300_00160.png,346.8,15.3,336.9,23,962
9/8/2019 10:14,datasets/dataset_cropped/09_Metas/08/10/20190908101400_00160.jpg,datasets_flow/dataset_cropped/09_Metas/08/10/20190908101400_00160.jpg,datasets_cloudmask/dataset_cropped/09_Metas/08/10/20190908101400_00160.png,349.6,16.4,338.8,23.2,962
9/8/2019 10:15,datasets/dataset_cropped/09_Metas/08/10/20190908101500_00160.jpg,datasets_flow/dataset_cropped/09_Metas/08/10/20190908101500_00160.jpg,datasets_cloudmask/dataset_cropped/09_Metas/08/10/20190908101500_00160.png,352.2,16.3,341.1,23.2,962
9/8/2019 10:16,datasets/dataset_cropped/09_Metas/08/10/20190908101600_00160.jpg,datasets_flow/dataset_cropped/09_Metas/08/10/20190908101600_00160.jpg,datasets_cloudmask/dataset_cropped/09_Metas/08/10/20190908101600_00160.png,358.8,22.3,343.9,23.1,962
9/8/2019 10:17,datasets/dataset_cropped/09_Metas/08/10/20190908101700_00160.jpg,datasets_flow/dataset_cropped/09_Metas/08/10/20190908101700_00160.jpg,datasets_cloudmask/dataset_cropped/09_Metas/08/10/20190908101700_00160.png,370.6,36.1,346.8,23.1,962
9/8/2019 10:18,datasets/dataset_cropped/09_Metas/08/10/20190908101800_00160.jpg,datasets_flow/dataset_cropped/09_Metas/08/10/20190908101800_00160.jpg,datasets_cloudmask/dataset_cropped/09_Metas/08/10/20190908101800_00160.png,378.9,43.4,350.1,23.1,962
9/8/2019 10:19,datasets/dataset_cropped/09_Metas/08/10/20190908101900_00160.jpg,datasets_flow/dataset_cropped/09_Metas/08/10/20190908101900_00160.jpg,datasets_cloudmask/dataset_cropped/09_Metas/08/10/20190908101900_00160.png,392.4,57.6,353.9,23.2,962
9/8/2019 10:20,datasets/dataset_cropped/09_Metas/08/10/20190908102000_00160.jpg,datasets_flow/dataset_cropped/09_Metas/08/10/20190908102000_00160.jpg,datasets_cloudmask/dataset_cropped/09_Metas/08/10/20190908102000_00160.png,402.3,66.8,357.4,23.3,962
9/8/2019 10:21,datasets/dataset_cropped/09_Metas/08/10/20190908102100_00160.jpg,datasets_flow/dataset_cropped/09_Metas/08/10/20190908102100_00160.jpg,datasets_cloudmask/dataset_cropped/09_Metas/08/10/20190908102100_00160.png,408.4,71,360.2,23.2,962
9/8/2019 10:22,datasets/dataset_cropped/09_Metas/08/10/20190908102200_00160.jpg,datasets_flow/dataset_cropped/09_Metas/08/10/20190908102200_00160.jpg,datasets_cloudmask/dataset_cropped/09_Metas/08/10/20190908102200_00160.png,428.2,96.1,363.1,23.3,962
9/8/2019 10:23,datasets/dataset_cropped/09_Metas/08/10/20190908102300_00160.jpg,datasets_flow/dataset_cropped/09_Metas/08/10/20190908102300_00160.jpg,datasets_cloudmask/dataset_cropped/09_Metas/08/10/20190908102300_00160.png,449.3,122.4,366.3,23.5,962
9/8/2019 10:24,datasets/dataset_cropped/09_Metas/08/10/20190908102400_00160.jpg,datasets_flow/dataset_cropped/09_Metas/08/10/20190908102400_00160.jpg,datasets_cloudmask/dataset_cropped/09_Metas/08/10/20190908102400_00160.png,468.4,145,369.7,23.8,962
9/8/2019 10:25,datasets/dataset_cropped/09_Metas/08/10/20190908102500_00160.jpg,datasets_flow/dataset_cropped/09_Metas/08/10/20190908102500_00160.jpg,datasets_cloudmask/dataset_cropped/09_Metas/08/10/20190908102500_00160.png,496,180.9,373,23.9,962
9/8/2019 10:26,datasets/dataset_cropped/09_Metas/08/10/20190908102600_00160.jpg,datasets_flow/dataset_cropped/09_Metas/08/10/20190908102600_00160.jpg,datasets_cloudmask/dataset_cropped/09_Metas/08/10/20190908102600_00160.png,530.8,230.1,374.1,24,962
9/8/2019 10:27,datasets/dataset_cropped/09_Metas/08/10/20190908102700_00160.jpg,datasets_flow/dataset_cropped/09_Metas/08/10/20190908102700_00160.jpg,datasets_cloudmask/dataset_cropped/09_Metas/08/10/20190908102700_00160.png,535.7,236.4,374.4,23.9,962
9/8/2019 10:28,datasets/dataset_cropped/09_Metas/08/10/20190908102800_00160.jpg,datasets_flow/dataset_cropped/09_Metas/08/10/20190908102800_00160.jpg,datasets_cloudmask/dataset_cropped/09_Metas/08/10/20190908102800_00160.png,514.2,204.6,374.5,23.7,962
9/8/2019 10:29,datasets/dataset_cropped/09_Metas/08/10/20190908102900_00160.jpg,datasets_flow/dataset_cropped/09_Metas/08/10/20190908102900_00160.jpg,datasets_cloudmask/dataset_cropped/09_Metas/08/10/20190908102900_00160.png,516,205.9,374.6,23.8,962
9/8/2019 10:30,datasets/dataset_cropped/09_Metas/08/10/20190908103000_00160.jpg,datasets_flow/dataset_cropped/09_Metas/08/10/20190908103000_00160.jpg,datasets_cloudmask/dataset_cropped/09_Metas/08/10/20190908103000_00160.png,504.9,186.5,375.9,23.7,962
9/8/2019 10:31,datasets/dataset_cropped/09_Metas/08/10/20190908103100_00160.jpg,datasets_flow/dataset_cropped/09_Metas/08/10/20190908103100_00160.jpg,datasets_cloudmask/dataset_cropped/09_Metas/08/10/20190908103100_00160.png,460.2,122.2,374.5,23.6,962
9/8/2019 10:32,datasets/dataset_cropped/09_Metas/08/10/20190908103200_00160.jpg,datasets_flow/dataset_cropped/09_Metas/08/10/20190908103200_00160.jpg,datasets_cloudmask/dataset_cropped/09_Metas/08/10/20190908103200_00160.png,435.4,90,372.2,23.7,962
9/8/2019 10:33,datasets/dataset_cropped/09_Metas/08/10/20190908103300_00160.jpg,datasets_flow/dataset_cropped/09_Metas/08/10/20190908103300_00160.jpg,datasets_cloudmask/dataset_cropped/09_Metas/08/10/20190908103300_00160.png,439.2,97.2,370.4,23.6,962
9/8/2019 10:34,datasets/dataset_cropped/09_Metas/08/10/20190908103400_00160.jpg,datasets_flow/dataset_cropped/09_Metas/08/10/20190908103400_00160.jpg,datasets_cloudmask/dataset_cropped/09_Metas/08/10/20190908103400_00160.png,464.1,134.7,369,23.5,962
9/8/2019 10:35,datasets/dataset_cropped/09_Metas/08/10/20190908103500_00160.jpg,datasets_flow/dataset_cropped/09_Metas/08/10/20190908103500_00160.jpg,datasets_cloudmask/dataset_cropped/09_Metas/08/10/20190908103500_00160.png,418.1,71.8,365.5,23.6,962
9/8/2019 10:36,datasets/dataset_cropped/09_Metas/08/10/20190908103600_00160.jpg,datasets_flow/dataset_cropped/09_Metas/08/10/20190908103600_00160.jpg,datasets_cloudmask/dataset_cropped/09_Metas/08/10/20190908103600_00160.png,388.5,33.6,362.9,23.8,962
9/8/2019 10:37,datasets/dataset_cropped/09_Metas/08/10/20190908103700_00160.jpg,datasets_flow/dataset_cropped/09_Metas/08/10/20190908103700_00160.jpg,datasets_cloudmask/dataset_cropped/09_Metas/08/10/20190908103700_00160.png,383.2,25.5,363,23.7,962
9/8/2019 10:38,datasets/dataset_cropped/09_Metas/08/10/20190908103800_00160.jpg,datasets_flow/dataset_cropped/09_Metas/08/10/20190908103800_00160.jpg,datasets_cloudmask/dataset_cropped/09_Metas/08/10/20190908103800_00160.png,393.9,35.8,366.4,23.6,962
9/8/2019 10:39,datasets/dataset_cropped/09_Metas/08/10/20190908103900_00160.jpg,datasets_flow/dataset_cropped/09_Metas/08/10/20190908103900_00160.jpg,datasets_cloudmask/dataset_cropped/09_Metas/08/10/20190908103900_00160.png,399.5,33.5,373.9,23.7,962
9/8/2019 10:40,datasets/dataset_cropped/09_Metas/08/10/20190908104000_00160.jpg,datasets_flow/dataset_cropped/09_Metas/08/10/20190908104000_00160.jpg,datasets_cloudmask/dataset_cropped/09_Metas/08/10/20190908104000_00160.png,422.6,55.5,380.7,23.6,962
9/8/2019 10:41,datasets/dataset_cropped/09_Metas/08/10/20190908104100_00160.jpg,datasets_flow/dataset_cropped/09_Metas/08/10/20190908104100_00160.jpg,datasets_cloudmask/dataset_cropped/09_Metas/08/10/20190908104100_00160.png,434.6,62.6,387.6,23.6,962
9/8/2019 10:42,datasets/dataset_cropped/09_Metas/08/10/20190908104200_00160.jpg,datasets_flow/dataset_cropped/09_Metas/08/10/20190908104200_00160.jpg,datasets_cloudmask/dataset_cropped/09_Metas/08/10/20190908104200_00160.png,450.8,79,392.2,23.5,962
9/8/2019 10:43,datasets/dataset_cropped/09_Metas/08/10/20190908104300_00160.jpg,datasets_flow/dataset_cropped/09_Metas/08/10/20190908104300_00160.jpg,datasets_cloudmask/dataset_cropped/09_Metas/08/10/20190908104300_00160.png,485.4,122.2,395.9,23.7,962
9/8/2019 10:44,datasets/dataset_cropped/09_Metas/08/10/20190908104400_00160.jpg,datasets_flow/dataset_cropped/09_Metas/08/10/20190908104400_00160.jpg,datasets_cloudmask/dataset_cropped/09_Metas/08/10/20190908104400_00160.png,501.5,139.4,399.1,23.6,962
9/8/2019 10:45,datasets/dataset_cropped/09_Metas/08/10/20190908104500_00160.jpg,datasets_flow/dataset_cropped/09_Metas/08/10/20190908104500_00160.jpg,datasets_cloudmask/dataset_cropped/09_Metas/08/10/20190908104500_00160.png,501.1,133.9,402.4,23.6,962
9/8/2019 10:46,datasets/dataset_cropped/09_Metas/08/10/20190908104600_00160.jpg,datasets_flow/dataset_cropped/09_Metas/08/10/20190908104600_00160.jpg,datasets_cloudmask/dataset_cropped/09_Metas/08/10/20190908104600_00160.png,507.7,135.9,407.3,23.5,962
9/8/2019 10:47,datasets/dataset_cropped/09_Metas/08/10/20190908104700_00160.jpg,datasets_flow/dataset_cropped/09_Metas/08/10/20190908104700_00160.jpg,datasets_cloudmask/dataset_cropped/09_Metas/08/10/20190908104700_00160.png,587.1,238.4,412.5,23.5,962
9/8/2019 10:48,datasets/dataset_cropped/09_Metas/08/10/20190908104800_00160.jpg,datasets_flow/dataset_cropped/09_Metas/08/10/20190908104800_00160.jpg,datasets_cloudmask/dataset_cropped/09_Metas/08/10/20190908104800_00160.png,621.3,282.7,415.1,23.6,962
9/8/2019 10:49,datasets/dataset_cropped/09_Metas/08/10/20190908104900_00160.jpg,datasets_flow/dataset_cropped/09_Metas/08/10/20190908104900_00160.jpg,datasets_cloudmask/dataset_cropped/09_Metas/08/10/20190908104900_00160.png,703.3,396.3,414.8,23.7,962
9/8/2019 10:50,datasets/dataset_cropped/09_Metas/08/10/20190908105000_00160.jpg,datasets_flow/dataset_cropped/09_Metas/08/10/20190908105000_00160.jpg,datasets_cloudmask/dataset_cropped/09_Metas/08/10/20190908105000_00160.png,645.5,327.9,406.1,23.9,962
9/8/2019 10:51,datasets/dataset_cropped/09_Metas/08/10/20190908105100_00160.jpg,datasets_flow/dataset_cropped/09_Metas/08/10/20190908105100_00160.jpg,datasets_cloudmask/dataset_cropped/09_Metas/08/10/20190908105100_00160.png,476.3,112.2,392.8,24.1,962
9/8/2019 10:52,datasets/dataset_cropped/09_Metas/08/10/20190908105200_00160.jpg,datasets_flow/dataset_cropped/09_Metas/08/10/20190908105200_00160.jpg,datasets_cloudmask/dataset_cropped/09_Metas/08/10/20190908105200_00160.png,412.2,34.7,384.6,24,962
9/8/2019 10:53,datasets/dataset_cropped/09_Metas/08/10/20190908105300_00160.jpg,datasets_flow/dataset_cropped/09_Metas/08/10/20190908105300_00160.jpg,datasets_cloudmask/dataset_cropped/09_Metas/08/10/20190908105300_00160.png,413.2,35.4,384.2,24,962
9/8/2019 10:54,datasets/dataset_cropped/09_Metas/08/10/20190908105400_00160.jpg,datasets_flow/dataset_cropped/09_Metas/08/10/20190908105400_00160.jpg,datasets_cloudmask/dataset_cropped/09_Metas/08/10/20190908105400_00160.png,476.1,114.8,388.6,23.7,962
9/8/2019 10:55,datasets/dataset_cropped/09_Metas/08/10/20190908105500_00160.jpg,datasets_flow/dataset_cropped/09_Metas/08/10/20190908105500_00160.jpg,datasets_cloudmask/dataset_cropped/09_Metas/08/10/20190908105500_00160.png,547.6,203.8,394.7,23.6,962
9/8/2019 10:56,datasets/dataset_cropped/09_Metas/08/10/20190908105600_00160.jpg,datasets_flow/dataset_cropped/09_Metas/08/10/20190908105600_00160.jpg,datasets_cloudmask/dataset_cropped/09_Metas/08/10/20190908105600_00160.png,628.9,311.9,396.1,23.7,962
9/8/2019 10:57,datasets/dataset_cropped/09_Metas/08/10/20190908105700_00160.jpg,datasets_flow/dataset_cropped/09_Metas/08/10/20190908105700_00160.jpg,datasets_cloudmask/dataset_cropped/09_Metas/08/10/20190908105700_00160.png,616.3,296.3,394.5,23.8,962
9/8/2019 10:58,datasets/dataset_cropped/09_Metas/08/10/20190908105800_00160.jpg,datasets_flow/dataset_cropped/09_Metas/08/10/20190908105800_00160.jpg,datasets_cloudmask/dataset_cropped/09_Metas/08/10/20190908105800_00160.png,640.6,331.2,392.5,23.7,962
9/8/2019 10:59,datasets/dataset_cropped/09_Metas/08/10/20190908105900_00160.jpg,datasets_flow/dataset_cropped/09_Metas/08/10/20190908105900_00160.jpg,datasets_cloudmask/dataset_cropped/09_Metas/08/10/20190908105900_00160.png,652.7,348.6,391.2,23.8,962
9/8/2019 11:00,datasets/dataset_cropped/09_Metas/08/11/20190908110000_00160.jpg,datasets_flow/dataset_cropped/09_Metas/08/11/20190908110000_00160.jpg,datasets_cloudmask/dataset_cropped/09_Metas/08/11/20190908110000_00160.png,606,286.4,389.7,23.7,962
9/8/2019 11:01,datasets/dataset_cropped/09_Metas/08/11/20190908110100_00160.jpg,datasets_flow/dataset_cropped/09_Metas/08/11/20190908110100_00160.jpg,datasets_cloudmask/dataset_cropped/09_Metas/08/11/20190908110100_00160.png,579.7,249.5,390.3,23.9,962
9/8/2019 11:02,datasets/dataset_cropped/09_Metas/08/11/20190908110200_00160.jpg,datasets_flow/dataset_cropped/09_Metas/08/11/20190908110200_00160.jpg,datasets_cloudmask/dataset_cropped/09_Metas/08/11/20190908110200_00160.png,578.1,243.4,392.4,23.9,962
9/8/2019 11:03,datasets/dataset_cropped/09_Metas/08/11/20190908110300_00160.jpg,datasets_flow/dataset_cropped/09_Metas/08/11/20190908110300_00160.jpg,datasets_cloudmask/dataset_cropped/09_Metas/08/11/20190908110300_00160.png,598.9,266.4,394.9,23.9,962
9/8/2019 11:04,datasets/dataset_cropped/09_Metas/08/11/20190908110400_00160.jpg,datasets_flow/dataset_cropped/09_Metas/08/11/20190908110400_00160.jpg,datasets_cloudmask/dataset_cropped/09_Metas/08/11/20190908110400_00160.png,604.3,269.5,397.2,23.8,962
9/8/2019 11:05,datasets/dataset_cropped/09_Metas/08/11/20190908110500_00160.jpg,datasets_flow/dataset_cropped/09_Metas/08/11/20190908110500_00160.jpg,datasets_cloudmask/dataset_cropped/09_Metas/08/11/20190908110500_00160.png,626.7,296.5,399,23.8,962
9/8/2019 11:06,datasets/dataset_cropped/09_Metas/08/11/20190908110600_00160.jpg,datasets_flow/dataset_cropped/09_Metas/08/11/20190908110600_00160.jpg,datasets_cloudmask/dataset_cropped/09_Metas/08/11/20190908110600_00160.png,641.5,312.4,401.9,23.9,962
9/8/2019 11:07,datasets/dataset_cropped/09_Metas/08/11/20190908110700_00160.jpg,datasets_flow/dataset_cropped/09_Metas/08/11/20190908110700_00160.jpg,datasets_cloudmask/dataset_cropped/09_Metas/08/11/20190908110700_00160.png,652.3,324,403.5,24,962
9/8/2019 11:08,datasets/dataset_cropped/09_Metas/08/11/20190908110800_00160.jpg,datasets_flow/dataset_cropped/09_Metas/08/11/20190908110800_00160.jpg,datasets_cloudmask/dataset_cropped/09_Metas/08/11/20190908110800_00160.png,661.6,334.9,404.3,24.2,962
9/8/2019 11:09,datasets/dataset_cropped/09_Metas/08/11/20190908110900_00160.jpg,datasets_flow/dataset_cropped/09_Metas/08/11/20190908110900_00160.jpg,datasets_cloudmask/dataset_cropped/09_Metas/08/11/20190908110900_00160.png,661.7,333.8,405.1,24.3,962
9/8/2019 11:10,datasets/dataset_cropped/09_Metas/08/11/20190908111000_00160.jpg,datasets_flow/dataset_cropped/09_Metas/08/11/20190908111000_00160.jpg,datasets_cloudmask/dataset_cropped/09_Metas/08/11/20190908111000_00160.png,678.4,355.6,404.8,24.3,962
9/8/2019 11:11,datasets/dataset_cropped/09_Metas/08/11/20190908111100_00160.jpg,datasets_flow/dataset_cropped/09_Metas/08/11/20190908111100_00160.jpg,datasets_cloudmask/dataset_cropped/09_Metas/08/11/20190908111100_00160.png,682.8,362.1,403.8,24.2,962
9/8/2019 11:12,datasets/dataset_cropped/09_Metas/08/11/20190908111200_00160.jpg,datasets_flow/dataset_cropped/09_Metas/08/11/20190908111200_00160.jpg,datasets_cloudmask/dataset_cropped/09_Metas/08/11/20190908111200_00160.png,649.7,321.1,401.4,24.2,962
9/8/2019 11:13,datasets/dataset_cropped/09_Metas/08/11/20190908111300_00160.jpg,datasets_flow/dataset_cropped/09_Metas/08/11/20190908111300_00160.jpg,datasets_cloudmask/dataset_cropped/09_Metas/08/11/20190908111300_00160.png,587.1,240.6,399.3,24.4,962
9/8/2019 11:14,datasets/dataset_cropped/09_Metas/08/11/20190908111400_00160.jpg,datasets_flow/dataset_cropped/09_Metas/08/11/20190908111400_00160.jpg,datasets_cloudmask/dataset_cropped/09_Metas/08/11/20190908111400_00160.png,579,234.1,396.4,24.7,962
9/8/2019 11:15,datasets/dataset_cropped/09_Metas/08/11/20190908111500_00160.jpg,datasets_flow/dataset_cropped/09_Metas/08/11/20190908111500_00160.jpg,datasets_cloudmask/dataset_cropped/09_Metas/08/11/20190908111500_00160.png,575.3,234,391.6,24.9,962
9/8/2019 11:16,datasets/dataset_cropped/09_Metas/08/11/20190908111600_00160.jpg,datasets_flow/dataset_cropped/09_Metas/08/11/20190908111600_00160.jpg,datasets_cloudmask/dataset_cropped/09_Metas/08/11/20190908111600_00160.png,533.8,186.5,387.1,24.8,962
9/8/2019 11:17,datasets/dataset_cropped/09_Metas/08/11/20190908111700_00160.jpg,datasets_flow/dataset_cropped/09_Metas/08/11/20190908111700_00160.jpg,datasets_cloudmask/dataset_cropped/09_Metas/08/11/20190908111700_00160.png,506.6,153.1,385.5,24.8,962
9/8/2019 11:18,datasets/dataset_cropped/09_Metas/08/11/20190908111800_00160.jpg,datasets_flow/dataset_cropped/09_Metas/08/11/20190908111800_00160.jpg,datasets_cloudmask/dataset_cropped/09_Metas/08/11/20190908111800_00160.png,609,270.7,396.3,25,962
9/8/2019 11:19,datasets/dataset_cropped/09_Metas/08/11/20190908111900_00160.jpg,datasets_flow/dataset_cropped/09_Metas/08/11/20190908111900_00160.jpg,datasets_cloudmask/dataset_cropped/09_Metas/08/11/20190908111900_00160.png,732.3,413.6,407.8,24.7,962
9/8/2019 11:20,datasets/dataset_cropped/09_Metas/08/11/20190908112000_00160.jpg,datasets_flow/dataset_cropped/09_Metas/08/11/20190908112000_00160.jpg,datasets_cloudmask/dataset_cropped/09_Metas/08/11/20190908112000_00160.png,753.4,437.3,410.8,24.5,962
9/8/2019 11:21,datasets/dataset_cropped/09_Metas/08/11/20190908112100_00160.jpg,datasets_flow/dataset_cropped/09_Metas/08/11/20190908112100_00160.jpg,datasets_cloudmask/dataset_cropped/09_Metas/08/11/20190908112100_00160.png,751.7,441.1,406.6,24.5,962
9/8/2019 11:22,datasets/dataset_cropped/09_Metas/08/11/20190908112200_00160.jpg,datasets_flow/dataset_cropped/09_Metas/08/11/20190908112200_00160.jpg,datasets_cloudmask/dataset_cropped/09_Metas/08/11/20190908112200_00160.png,724.4,419.4,394.9,24.8,961
9/8/2019 11:23,datasets/dataset_cropped/09_Metas/08/11/20190908112300_00160.jpg,datasets_flow/dataset_cropped/09_Metas/08/11/20190908112300_00160.jpg,datasets_cloudmask/dataset_cropped/09_Metas/08/11/20190908112300_00160.png,819,552.6,387.3,24.7,961
9/8/2019 11:24,datasets/dataset_cropped/09_Metas/08/11/20190908112400_00160.jpg,datasets_flow/dataset_cropped/09_Metas/08/11/20190908112400_00160.jpg,datasets_cloudmask/dataset_cropped/09_Metas/08/11/20190908112400_00160.png,887,659.3,370,24.6,961
9/8/2019 11:25,datasets/dataset_cropped/09_Metas/08/11/20190908112500_00160.jpg,datasets_flow/dataset_cropped/09_Metas/08/11/20190908112500_00160.jpg,datasets_cloudmask/dataset_cropped/09_Metas/08/11/20190908112500_00160.png,899,702.7,348.4,24.6,961
9/8/2019 11:26,datasets/dataset_cropped/09_Metas/08/11/20190908112600_00160.jpg,datasets_flow/dataset_cropped/09_Metas/08/11/20190908112600_00160.jpg,datasets_cloudmask/dataset_cropped/09_Metas/08/11/20190908112600_00160.png,934,761.9,336,24.7,961
9/8/2019 11:27,datasets/dataset_cropped/09_Metas/08/11/20190908112700_00160.jpg,datasets_flow/dataset_cropped/09_Metas/08/11/20190908112700_00160.jpg,datasets_cloudmask/dataset_cropped/09_Metas/08/11/20190908112700_00160.png,936,770.1,330.1,25,961
9/8/2019 11:28,datasets/dataset_cropped/09_Metas/08/11/20190908112800_00160.jpg,datasets_flow/dataset_cropped/09_Metas/08/11/20190908112800_00160.jpg,datasets_cloudmask/dataset_cropped/09_Metas/08/11/20190908112800_00160.png,936,772.7,327.4,25.6,961
9/8/2019 11:29,datasets/dataset_cropped/09_Metas/08/11/20190908112900_00160.jpg,datasets_flow/dataset_cropped/09_Metas/08/11/20190908112900_00160.jpg,datasets_cloudmask/dataset_cropped/09_Metas/08/11/20190908112900_00160.png,940,781,324.7,25.9,961
9/8/2019 11:30,datasets/dataset_cropped/09_Metas/08/11/20190908113000_00160.jpg,datasets_flow/dataset_cropped/09_Metas/08/11/20190908113000_00160.jpg,datasets_cloudmask/dataset_cropped/09_Metas/08/11/20190908113000_00160.png,944,789,321.8,25.7,961
9/8/2019 11:31,datasets/dataset_cropped/09_Metas/08/11/20190908113100_00160.jpg,datasets_flow/dataset_cropped/09_Metas/08/11/20190908113100_00160.jpg,datasets_cloudmask/dataset_cropped/09_Metas/08/11/20190908113100_00160.png,939,782,320.9,25.8,961
9/8/2019 11:32,datasets/dataset_cropped/09_Metas/08/11/20190908113200_00160.jpg,datasets_flow/dataset_cropped/09_Metas/08/11/20190908113200_00160.jpg,datasets_cloudmask/dataset_cropped/09_Metas/08/11/20190908113200_00160.png,950,792.8,322.3,25.6,961
9/8/2019 11:33,datasets/dataset_cropped/09_Metas/08/11/20190908113300_00160.jpg,datasets_flow/dataset_cropped/09_Metas/08/11/20190908113300_00160.jpg,datasets_cloudmask/dataset_cropped/09_Metas/08/11/20190908113300_00160.png,892,712.9,324.4,25.6,961
9/8/2019 11:34,datasets/dataset_cropped/09_Metas/08/11/20190908113400_00160.jpg,datasets_flow/dataset_cropped/09_Metas/08/11/20190908113400_00160.jpg,datasets_cloudmask/dataset_cropped/09_Metas/08/11/20190908113400_00160.png,932,759.4,327.2,26.1,961
9/8/2019 11:35,datasets/dataset_cropped/09_Metas/08/11/20190908113500_00160.jpg,datasets_flow/dataset_cropped/09_Metas/08/11/20190908113500_00160.jpg,datasets_cloudmask/dataset_cropped/09_Metas/08/11/20190908113500_00160.png,768.1,548.8,328.3,26.1,961
9/8/2019 11:36,datasets/dataset_cropped/09_Metas/08/11/20190908113600_00160.jpg,datasets_flow/dataset_cropped/09_Metas/08/11/20190908113600_00160.jpg,datasets_cloudmask/dataset_cropped/09_Metas/08/11/20190908113600_00160.png,528.7,246.4,328,26,961
9/8/2019 11:37,datasets/dataset_cropped/09_Metas/08/11/20190908113700_00160.jpg,datasets_flow/dataset_cropped/09_Metas/08/11/20190908113700_00160.jpg,datasets_cloudmask/dataset_cropped/09_Metas/08/11/20190908113700_00160.png,593,317.4,335.5,25.4,961
9/8/2019 11:38,datasets/dataset_cropped/09_Metas/08/11/20190908113800_00160.jpg,datasets_flow/dataset_cropped/09_Metas/08/11/20190908113800_00160.jpg,datasets_cloudmask/dataset_cropped/09_Metas/08/11/20190908113800_00160.png,435.4,125.2,330.9,25.2,961
9/8/2019 11:39,datasets/dataset_cropped/09_Metas/08/11/20190908113900_00160.jpg,datasets_flow/dataset_cropped/09_Metas/08/11/20190908113900_00160.jpg,datasets_cloudmask/dataset_cropped/09_Metas/08/11/20190908113900_00160.png,560.6,285.1,326.5,25.3,961
9/8/2019 11:40,datasets/dataset_cropped/09_Metas/08/11/20190908114000_00160.jpg,datasets_flow/dataset_cropped/09_Metas/08/11/20190908114000_00160.jpg,datasets_cloudmask/dataset_cropped/09_Metas/08/11/20190908114000_00160.png,451.5,151,324.3,25.4,961
9/8/2019 11:41,datasets/dataset_cropped/09_Metas/08/11/20190908114100_00160.jpg,datasets_flow/dataset_cropped/09_Metas/08/11/20190908114100_00160.jpg,datasets_cloudmask/dataset_cropped/09_Metas/08/11/20190908114100_00160.png,464.9,178.2,314.5,25.3,961
9/8/2019 11:42,datasets/dataset_cropped/09_Metas/08/11/20190908114200_00160.jpg,datasets_flow/dataset_cropped/09_Metas/08/11/20190908114200_00160.jpg,datasets_cloudmask/dataset_cropped/09_Metas/08/11/20190908114200_00160.png,760.9,561.1,306.2,25.1,961
9/8/2019 11:43,datasets/dataset_cropped/09_Metas/08/11/20190908114300_00160.jpg,datasets_flow/dataset_cropped/09_Metas/08/11/20190908114300_00160.jpg,datasets_cloudmask/dataset_cropped/09_Metas/08/11/20190908114300_00160.png,914,762.9,297.3,25.2,961
9/8/2019 11:44,datasets/dataset_cropped/09_Metas/08/11/20190908114400_00160.jpg,datasets_flow/dataset_cropped/09_Metas/08/11/20190908114400_00160.jpg,datasets_cloudmask/dataset_cropped/09_Metas/08/11/20190908114400_00160.png,923,788.5,285.3,25.4,961
9/8/2019 11:45,datasets/dataset_cropped/09_Metas/08/11/20190908114500_00160.jpg,datasets_flow/dataset_cropped/09_Metas/08/11/20190908114500_00160.jpg,datasets_cloudmask/dataset_cropped/09_Metas/08/11/20190908114500_00160.png,926,802,276.9,25.4,961
9/8/2019 11:46,datasets/dataset_cropped/09_Metas/08/11/20190908114600_00160.jpg,datasets_flow/dataset_cropped/09_Metas/08/11/20190908114600_00160.jpg,datasets_cloudmask/dataset_cropped/09_Metas/08/11/20190908114600_00160.png,924,806,271,25.5,961
9/8/2019 11:47,datasets/dataset_cropped/09_Metas/08/11/20190908114700_00160.jpg,datasets_flow/dataset_cropped/09_Metas/08/11/20190908114700_00160.jpg,datasets_cloudmask/dataset_cropped/09_Metas/08/11/20190908114700_00160.png,915,799.3,266.1,25.9,961
9/8/2019 11:48,datasets/dataset_cropped/09_Metas/08/11/20190908114800_00160.jpg,datasets_flow/dataset_cropped/09_Metas/08/11/20190908114800_00160.jpg,datasets_cloudmask/dataset_cropped/09_Metas/08/11/20190908114800_00160.png,914,794.8,268,26.1,961
9/8/2019 11:49,datasets/dataset_cropped/09_Metas/08/11/20190908114900_00160.jpg,datasets_flow/dataset_cropped/09_Metas/08/11/20190908114900_00160.jpg,datasets_cloudmask/dataset_cropped/09_Metas/08/11/20190908114900_00160.png,923,795.9,274.9,25.7,961
9/8/2019 11:50,datasets/dataset_cropped/09_Metas/08/11/20190908115000_00160.jpg,datasets_flow/dataset_cropped/09_Metas/08/11/20190908115000_00160.jpg,datasets_cloudmask/dataset_cropped/09_Metas/08/11/20190908115000_00160.png,924,783.7,283.7,25.3,961
9/8/2019 11:51,datasets/dataset_cropped/09_Metas/08/11/20190908115100_00160.jpg,datasets_flow/dataset_cropped/09_Metas/08/11/20190908115100_00160.jpg,datasets_cloudmask/dataset_cropped/09_Metas/08/11/20190908115100_00160.png,944,791.3,297.9,25.4,961
9/8/2019 11:52,datasets/dataset_cropped/09_Metas/08/11/20190908115200_00160.jpg,datasets_flow/dataset_cropped/09_Metas/08/11/20190908115200_00160.jpg,datasets_cloudmask/dataset_cropped/09_Metas/08/11/20190908115200_00160.png,951,783.2,309.7,25.7,961
9/8/2019 11:53,datasets/dataset_cropped/09_Metas/08/11/20190908115300_00160.jpg,datasets_flow/dataset_cropped/09_Metas/08/11/20190908115300_00160.jpg,datasets_cloudmask/dataset_cropped/09_Metas/08/11/20190908115300_00160.png,936,751.9,318.6,25.7,961
9/8/2019 11:54,datasets/dataset_cropped/09_Metas/08/11/20190908115400_00160.jpg,datasets_flow/dataset_cropped/09_Metas/08/11/20190908115400_00160.jpg,datasets_cloudmask/dataset_cropped/09_Metas/08/11/20190908115400_00160.png,939,739.1,332.6,25.7,961
9/8/2019 11:55,datasets/dataset_cropped/09_Metas/08/11/20190908115500_00160.jpg,datasets_flow/dataset_cropped/09_Metas/08/11/20190908115500_00160.jpg,datasets_cloudmask/dataset_cropped/09_Metas/08/11/20190908115500_00160.png,715.3,448.9,344.4,25.8,961
9/8/2019 11:56,datasets/dataset_cropped/09_Metas/08/11/20190908115600_00160.jpg,datasets_flow/dataset_cropped/09_Metas/08/11/20190908115600_00160.jpg,datasets_cloudmask/dataset_cropped/09_Metas/08/11/20190908115600_00160.png,833,556.6,375,25.9,961
9/8/2019 11:57,datasets/dataset_cropped/09_Metas/08/11/20190908115700_00160.jpg,datasets_flow/dataset_cropped/09_Metas/08/11/20190908115700_00160.jpg,datasets_cloudmask/dataset_cropped/09_Metas/08/11/20190908115700_00160.png,861,539.8,413.4,25.8,961
9/8/2019 11:58,datasets/dataset_cropped/09_Metas/08/11/20190908115800_00160.jpg,datasets_flow/dataset_cropped/09_Metas/08/11/20190908115800_00160.jpg,datasets_cloudmask/dataset_cropped/09_Metas/08/11/20190908115800_00160.png,811,410.8,465.3,25.9,961
9/8/2019 11:59,datasets/dataset_cropped/09_Metas/08/11/20190908115900_00160.jpg,datasets_flow/dataset_cropped/09_Metas/08/11/20190908115900_00160.jpg,datasets_cloudmask/dataset_cropped/09_Metas/08/11/20190908115900_00160.png,571.6,119.1,468.1,25.9,961
9/8/2019 12:00,datasets/dataset_cropped/09_Metas/08/12/20190908120000_00160.jpg,datasets_flow/dataset_cropped/09_Metas/08/12/20190908120000_00160.jpg,datasets_cloudmask/dataset_cropped/09_Metas/08/12/20190908120000_00160.png,487.3,35,453.4,25.7,961
9/8/2019 12:01,datasets/dataset_cropped/09_Metas/08/12/20190908120100_00160.jpg,datasets_flow/dataset_cropped/09_Metas/08/12/20190908120100_00160.jpg,datasets_cloudmask/dataset_cropped/09_Metas/08/12/20190908120100_00160.png,465.2,12.5,450.2,25.6,961
9/8/2019 12:02,datasets/dataset_cropped/09_Metas/08/12/20190908120200_00160.jpg,datasets_flow/dataset_cropped/09_Metas/08/12/20190908120200_00160.jpg,datasets_cloudmask/dataset_cropped/09_Metas/08/12/20190908120200_00160.png,467.1,4.6,459,25.4,961
9/8/2019 12:03,datasets/dataset_cropped/09_Metas/08/12/20190908120300_00160.jpg,datasets_flow/dataset_cropped/09_Metas/08/12/20190908120300_00160.jpg,datasets_cloudmask/dataset_cropped/09_Metas/08/12/20190908120300_00160.png,484.4,7.5,474,25.6,961
9/8/2019 12:04,datasets/dataset_cropped/09_Metas/08/12/20190908120400_00160.jpg,datasets_flow/dataset_cropped/09_Metas/08/12/20190908120400_00160.jpg,datasets_cloudmask/dataset_cropped/09_Metas/08/12/20190908120400_00160.png,526.2,35.2,491.9,25.1,961
9/8/2019 12:05,datasets/dataset_cropped/09_Metas/08/12/20190908120500_00160.jpg,datasets_flow/dataset_cropped/09_Metas/08/12/20190908120500_00160.jpg,datasets_cloudmask/dataset_cropped/09_Metas/08/12/20190908120500_00160.png,552.4,41.3,512.8,25,961
9/8/2019 12:06,datasets/dataset_cropped/09_Metas/08/12/20190908120600_00160.jpg,datasets_flow/dataset_cropped/09_Metas/08/12/20190908120600_00160.jpg,datasets_cloudmask/dataset_cropped/09_Metas/08/12/20190908120600_00160.png,562.7,29.6,534,25.4,961
9/8/2019 12:07,datasets/dataset_cropped/09_Metas/08/12/20190908120700_00160.jpg,datasets_flow/dataset_cropped/09_Metas/08/12/20190908120700_00160.jpg,datasets_cloudmask/dataset_cropped/09_Metas/08/12/20190908120700_00160.png,610.8,73.1,546.8,25.6,961
9/8/2019 12:08,datasets/dataset_cropped/09_Metas/08/12/20190908120800_00160.jpg,datasets_flow/dataset_cropped/09_Metas/08/12/20190908120800_00160.jpg,datasets_cloudmask/dataset_cropped/09_Metas/08/12/20190908120800_00160.png,596.4,47.2,554.5,25.9,961
9/8/2019 12:09,datasets/dataset_cropped/09_Metas/08/12/20190908120900_00160.jpg,datasets_flow/dataset_cropped/09_Metas/08/12/20190908120900_00160.jpg,datasets_cloudmask/dataset_cropped/09_Metas/08/12/20190908120900_00160.png,616.4,67.3,557.2,25.8,961
9/8/2019 12:10,datasets/dataset_cropped/09_Metas/08/12/20190908121000_00160.jpg,datasets_flow/dataset_cropped/09_Metas/08/12/20190908121000_00160.jpg,datasets_cloudmask/dataset_cropped/09_Metas/08/12/20190908121000_00160.png,700.7,157.3,563.6,26.2,961
9/8/2019 12:11,datasets/dataset_cropped/09_Metas/08/12/20190908121100_00160.jpg,datasets_flow/dataset_cropped/09_Metas/08/12/20190908121100_00160.jpg,datasets_cloudmask/dataset_cropped/09_Metas/08/12/20190908121100_00160.png,817,279.6,579.6,25.8,961
9/8/2019 12:12,datasets/dataset_cropped/09_Metas/08/12/20190908121200_00160.jpg,datasets_flow/dataset_cropped/09_Metas/08/12/20190908121200_00160.jpg,datasets_cloudmask/dataset_cropped/09_Metas/08/12/20190908121200_00160.png,923,381.2,595.3,25.6,961
9/8/2019 12:13,datasets/dataset_cropped/09_Metas/08/12/20190908121300_00160.jpg,datasets_flow/dataset_cropped/09_Metas/08/12/20190908121300_00160.jpg,datasets_cloudmask/dataset_cropped/09_Metas/08/12/20190908121300_00160.png,913,361.7,602.1,25.6,961
9/8/2019 12:14,datasets/dataset_cropped/09_Metas/08/12/20190908121400_00160.jpg,datasets_flow/dataset_cropped/09_Metas/08/12/20190908121400_00160.jpg,datasets_cloudmask/dataset_cropped/09_Metas/08/12/20190908121400_00160.png,899,340.3,603.9,25.6,961
9/8/2019 12:15,datasets/dataset_cropped/09_Metas/08/12/20190908121500_00160.jpg,datasets_flow/dataset_cropped/09_Metas/08/12/20190908121500_00160.jpg,datasets_cloudmask/dataset_cropped/09_Metas/08/12/20190908121500_00160.png,853,285.6,603.5,25.9,961
9/8/2019 12:16,datasets/dataset_cropped/09_Metas/08/12/20190908121600_00160.jpg,datasets_flow/dataset_cropped/09_Metas/08/12/20190908121600_00160.jpg,datasets_cloudmask/dataset_cropped/09_Metas/08/12/20190908121600_00160.png,939,388.3,605.7,26.2,961
9/8/2019 12:17,datasets/dataset_cropped/09_Metas/08/12/20190908121700_00160.jpg,datasets_flow/dataset_cropped/09_Metas/08/12/20190908121700_00160.jpg,datasets_cloudmask/dataset_cropped/09_Metas/08/12/20190908121700_00160.png,904,347.2,603.5,26.1,961
9/8/2019 12:18,datasets/dataset_cropped/09_Metas/08/12/20190908121800_00160.jpg,datasets_flow/dataset_cropped/09_Metas/08/12/20190908121800_00160.jpg,datasets_cloudmask/dataset_cropped/09_Metas/08/12/20190908121800_00160.png,940,393.9,602.5,25.9,961
9/8/2019 12:19,datasets/dataset_cropped/09_Metas/08/12/20190908121900_00160.jpg,datasets_flow/dataset_cropped/09_Metas/08/12/20190908121900_00160.jpg,datasets_cloudmask/dataset_cropped/09_Metas/08/12/20190908121900_00160.png,799.2,225.2,603.7,26.6,961
9/8/2019 12:20,datasets/dataset_cropped/09_Metas/08/12/20190908122000_00160.jpg,datasets_flow/dataset_cropped/09_Metas/08/12/20190908122000_00160.jpg,datasets_cloudmask/dataset_cropped/09_Metas/08/12/20190908122000_00160.png,700.9,112,598.9,27.2,961
9/8/2019 12:21,datasets/dataset_cropped/09_Metas/08/12/20190908122100_00160.jpg,datasets_flow/dataset_cropped/09_Metas/08/12/20190908122100_00160.jpg,datasets_cloudmask/dataset_cropped/09_Metas/08/12/20190908122100_00160.png,678.2,96.9,589.1,26.9,961
9/8/2019 12:22,datasets/dataset_cropped/09_Metas/08/12/20190908122200_00160.jpg,datasets_flow/dataset_cropped/09_Metas/08/12/20190908122200_00160.jpg,datasets_cloudmask/dataset_cropped/09_Metas/08/12/20190908122200_00160.png,659.2,86,580.2,26.5,961
9/8/2019 12:23,datasets/dataset_cropped/09_Metas/08/12/20190908122300_00160.jpg,datasets_flow/dataset_cropped/09_Metas/08/12/20190908122300_00160.jpg,datasets_cloudmask/dataset_cropped/09_Metas/08/12/20190908122300_00160.png,661.9,91.5,578.4,26.3,961
9/8/2019 12:24,datasets/dataset_cropped/09_Metas/08/12/20190908122400_00160.jpg,datasets_flow/dataset_cropped/09_Metas/08/12/20190908122400_00160.jpg,datasets_cloudmask/dataset_cropped/09_Metas/08/12/20190908122400_00160.png,638,66.8,576.1,26.4,961
9/8/2019 12:25,datasets/dataset_cropped/09_Metas/08/12/20190908122500_00160.jpg,datasets_flow/dataset_cropped/09_Metas/08/12/20190908122500_00160.jpg,datasets_cloudmask/dataset_cropped/09_Metas/08/12/20190908122500_00160.png,624.9,60,568.3,26.2,961
9/8/2019 12:26,datasets/dataset_cropped/09_Metas/08/12/20190908122600_00160.jpg,datasets_flow/dataset_cropped/09_Metas/08/12/20190908122600_00160.jpg,datasets_cloudmask/dataset_cropped/09_Metas/08/12/20190908122600_00160.png,614.4,54.9,561.5,26.1,961
9/8/2019 12:27,datasets/dataset_cropped/09_Metas/08/12/20190908122700_00160.jpg,datasets_flow/dataset_cropped/09_Metas/08/12/20190908122700_00160.jpg,datasets_cloudmask/dataset_cropped/09_Metas/08/12/20190908122700_00160.png,615.5,62.8,556.3,26.4,961
9/8/2019 12:28,datasets/dataset_cropped/09_Metas/08/12/20190908122800_00160.jpg,datasets_flow/dataset_cropped/09_Metas/08/12/20190908122800_00160.jpg,datasets_cloudmask/dataset_cropped/09_Metas/08/12/20190908122800_00160.png,633,86.6,552.9,26.1,961
9/8/2019 12:29,datasets/dataset_cropped/09_Metas/08/12/20190908122900_00160.jpg,datasets_flow/dataset_cropped/09_Metas/08/12/20190908122900_00160.jpg,datasets_cloudmask/dataset_cropped/09_Metas/08/12/20190908122900_00160.png,616.4,64.7,555.6,26.2,961
9/8/2019 12:30,datasets/dataset_cropped/09_Metas/08/12/20190908123000_00160.jpg,datasets_flow/dataset_cropped/09_Metas/08/12/20190908123000_00160.jpg,datasets_cloudmask/dataset_cropped/09_Metas/08/12/20190908123000_00160.png,601.6,39.9,563.5,26.2,961
9/8/2019 12:31,datasets/dataset_cropped/09_Metas/08/12/20190908123100_00160.jpg,datasets_flow/dataset_cropped/09_Metas/08/12/20190908123100_00160.jpg,datasets_cloudmask/dataset_cropped/09_Metas/08/12/20190908123100_00160.png,623.9,58.5,570.2,26,961
9/8/2019 12:32,datasets/dataset_cropped/09_Metas/08/12/20190908123200_00160.jpg,datasets_flow/dataset_cropped/09_Metas/08/12/20190908123200_00160.jpg,datasets_cloudmask/dataset_cropped/09_Metas/08/12/20190908123200_00160.png,685.1,120.9,575.5,25.9,961
9/8/2019 12:33,datasets/dataset_cropped/09_Metas/08/12/20190908123300_00160.jpg,datasets_flow/dataset_cropped/09_Metas/08/12/20190908123300_00160.jpg,datasets_cloudmask/dataset_cropped/09_Metas/08/12/20190908123300_00160.png,734.7,178,577.3,25.9,961
9/8/2019 12:34,datasets/dataset_cropped/09_Metas/08/12/20190908123400_00160.jpg,datasets_flow/dataset_cropped/09_Metas/08/12/20190908123400_00160.jpg,datasets_cloudmask/dataset_cropped/09_Metas/08/12/20190908123400_00160.png,758.3,210.8,573.1,26.2,961
9/8/2019 12:35,datasets/dataset_cropped/09_Metas/08/12/20190908123500_00160.jpg,datasets_flow/dataset_cropped/09_Metas/08/12/20190908123500_00160.jpg,datasets_cloudmask/dataset_cropped/09_Metas/08/12/20190908123500_00160.png,708.7,159.5,566.2,26.3,961
9/8/2019 12:36,datasets/dataset_cropped/09_Metas/08/12/20190908123600_00160.jpg,datasets_flow/dataset_cropped/09_Metas/08/12/20190908123600_00160.jpg,datasets_cloudmask/dataset_cropped/09_Metas/08/12/20190908123600_00160.png,635.7,84.7,558.2,26,961
9/8/2019 12:37,datasets/dataset_cropped/09_Metas/08/12/20190908123700_00160.jpg,datasets_flow/dataset_cropped/09_Metas/08/12/20190908123700_00160.jpg,datasets_cloudmask/dataset_cropped/09_Metas/08/12/20190908123700_00160.png,610.4,61.6,551.9,26.3,961
9/8/2019 12:38,datasets/dataset_cropped/09_Metas/08/12/20190908123800_00160.jpg,datasets_flow/dataset_cropped/09_Metas/08/12/20190908123800_00160.jpg,datasets_cloudmask/dataset_cropped/09_Metas/08/12/20190908123800_00160.png,612.1,70.5,544.4,26.4,961
9/8/2019 12:39,datasets/dataset_cropped/09_Metas/08/12/20190908123900_00160.jpg,datasets_flow/dataset_cropped/09_Metas/08/12/20190908123900_00160.jpg,datasets_cloudmask/dataset_cropped/09_Metas/08/12/20190908123900_00160.png,566,27,536.2,26.3,961
9/8/2019 12:40,datasets/dataset_cropped/09_Metas/08/12/20190908124000_00160.jpg,datasets_flow/dataset_cropped/09_Metas/08/12/20190908124000_00160.jpg,datasets_cloudmask/dataset_cropped/09_Metas/08/12/20190908124000_00160.png,555.5,28.8,524.9,26.1,961
9/8/2019 12:41,datasets/dataset_cropped/09_Metas/08/12/20190908124100_00160.jpg,datasets_flow/dataset_cropped/09_Metas/08/12/20190908124100_00160.jpg,datasets_cloudmask/dataset_cropped/09_Metas/08/12/20190908124100_00160.png,546.6,30.5,515.3,26.2,961
9/8/2019 12:42,datasets/dataset_cropped/09_Metas/08/12/20190908124200_00160.jpg,datasets_flow/dataset_cropped/09_Metas/08/12/20190908124200_00160.jpg,datasets_cloudmask/dataset_cropped/09_Metas/08/12/20190908124200_00160.png,523.1,8.9,511,26.5,961
9/8/2019 12:43,datasets/dataset_cropped/09_Metas/08/12/20190908124300_00160.jpg,datasets_flow/dataset_cropped/09_Metas/08/12/20190908124300_00160.jpg,datasets_cloudmask/dataset_cropped/09_Metas/08/12/20190908124300_00160.png,520.2,7.9,509.3,26.3,961
9/8/2019 12:44,datasets/dataset_cropped/09_Metas/08/12/20190908124400_00160.jpg,datasets_flow/dataset_cropped/09_Metas/08/12/20190908124400_00160.jpg,datasets_cloudmask/dataset_cropped/09_Metas/08/12/20190908124400_00160.png,528.9,14.8,512.2,26,961
9/8/2019 12:45,datasets/dataset_cropped/09_Metas/08/12/20190908124500_00160.jpg,datasets_flow/dataset_cropped/09_Metas/08/12/20190908124500_00160.jpg,datasets_cloudmask/dataset_cropped/09_Metas/08/12/20190908124500_00160.png,541,21.8,518,26,961
9/8/2019 12:46,datasets/dataset_cropped/09_Metas/08/12/20190908124600_00160.jpg,datasets_flow/dataset_cropped/09_Metas/08/12/20190908124600_00160.jpg,datasets_cloudmask/dataset_cropped/09_Metas/08/12/20190908124600_00160.png,567.3,43.2,525.1,26.1,961
9/8/2019 12:47,datasets/dataset_cropped/09_Metas/08/12/20190908124700_00160.jpg,datasets_flow/dataset_cropped/09_Metas/08/12/20190908124700_00160.jpg,datasets_cloudmask/dataset_cropped/09_Metas/08/12/20190908124700_00160.png,589.7,59.2,532.7,25.9,961
9/8/2019 12:48,datasets/dataset_cropped/09_Metas/08/12/20190908124800_00160.jpg,datasets_flow/dataset_cropped/09_Metas/08/12/20190908124800_00160.jpg,datasets_cloudmask/dataset_cropped/09_Metas/08/12/20190908124800_00160.png,576.4,34.2,541.2,25.8,961
9/8/2019 12:49,datasets/dataset_cropped/09_Metas/08/12/20190908124900_00160.jpg,datasets_flow/dataset_cropped/09_Metas/08/12/20190908124900_00160.jpg,datasets_cloudmask/dataset_cropped/09_Metas/08/12/20190908124900_00160.png,596.3,53.3,543.9,26,961
9/8/2019 12:50,datasets/dataset_cropped/09_Metas/08/12/20190908125000_00160.jpg,datasets_flow/dataset_cropped/09_Metas/08/12/20190908125000_00160.jpg,datasets_cloudmask/dataset_cropped/09_Metas/08/12/20190908125000_00160.png,598.7,54.7,546,25.9,961
9/8/2019 12:51,datasets/dataset_cropped/09_Metas/08/12/20190908125100_00160.jpg,datasets_flow/dataset_cropped/09_Metas/08/12/20190908125100_00160.jpg,datasets_cloudmask/dataset_cropped/09_Metas/08/12/20190908125100_00160.png,568.2,18.7,546.8,26.1,961
9/8/2019 12:52,datasets/dataset_cropped/09_Metas/08/12/20190908125200_00160.jpg,datasets_flow/dataset_cropped/09_Metas/08/12/20190908125200_00160.jpg,datasets_cloudmask/dataset_cropped/09_Metas/08/12/20190908125200_00160.png,569,22.9,545.1,26,961
9/8/2019 12:53,datasets/dataset_cropped/09_Metas/08/12/20190908125300_00160.jpg,datasets_flow/dataset_cropped/09_Metas/08/12/20190908125300_00160.jpg,datasets_cloudmask/dataset_cropped/09_Metas/08/12/20190908125300_00160.png,585.6,48.5,540.1,25.9,961
9/8/2019 12:54,datasets/dataset_cropped/09_Metas/08/12/20190908125400_00160.jpg,datasets_flow/dataset_cropped/09_Metas/08/12/20190908125400_00160.jpg,datasets_cloudmask/dataset_cropped/09_Metas/08/12/20190908125400_00160.png,557.7,19.2,535.2,25.7,961
9/8/2019 12:55,datasets/dataset_cropped/09_Metas/08/12/20190908125500_00160.jpg,datasets_flow/dataset_cropped/09_Metas/08/12/20190908125500_00160.jpg,datasets_cloudmask/dataset_cropped/09_Metas/08/12/20190908125500_00160.png,546.8,10.7,531.5,25.6,961
9/8/2019 12:56,datasets/dataset_cropped/09_Metas/08/12/20190908125600_00160.jpg,datasets_flow/dataset_cropped/09_Metas/08/12/20190908125600_00160.jpg,datasets_cloudmask/dataset_cropped/09_Metas/08/12/20190908125600_00160.png,544,14.8,525.7,25.6,961
9/8/2019 12:57,datasets/dataset_cropped/09_Metas/08/12/20190908125700_00160.jpg,datasets_flow/dataset_cropped/09_Metas/08/12/20190908125700_00160.jpg,datasets_cloudmask/dataset_cropped/09_Metas/08/12/20190908125700_00160.png,525.9,4.5,517.3,26,961
9/8/2019 12:58,datasets/dataset_cropped/09_Metas/08/12/20190908125800_00160.jpg,datasets_flow/dataset_cropped/09_Metas/08/12/20190908125800_00160.jpg,datasets_cloudmask/dataset_cropped/09_Metas/08/12/20190908125800_00160.png,518,5.3,508.6,26.4,961
9/8/2019 12:59,datasets/dataset_cropped/09_Metas/08/12/20190908125900_00160.jpg,datasets_flow/dataset_cropped/09_Metas/08/12/20190908125900_00160.jpg,datasets_cloudmask/dataset_cropped/09_Metas/08/12/20190908125900_00160.png,509.9,1.1,504.5,26.3,961
9/8/2019 13:00,datasets/dataset_cropped/09_Metas/08/13/20190908130000_00160.jpg,datasets_flow/dataset_cropped/09_Metas/08/13/20190908130000_00160.jpg,datasets_cloudmask/dataset_cropped/09_Metas/08/13/20190908130000_00160.png,509.9,1.2,504.6,26,961
9/8/2019 13:01,datasets/dataset_cropped/09_Metas/08/13/20190908130100_00160.jpg,datasets_flow/dataset_cropped/09_Metas/08/13/20190908130100_00160.jpg,datasets_cloudmask/dataset_cropped/09_Metas/08/13/20190908130100_00160.png,518.7,3.9,510.9,26.1,961
9/8/2019 13:02,datasets/dataset_cropped/09_Metas/08/13/20190908130200_00160.jpg,datasets_flow/dataset_cropped/09_Metas/08/13/20190908130200_00160.jpg,datasets_cloudmask/dataset_cropped/09_Metas/08/13/20190908130200_00160.png,566.2,45.3,521.4,26.1,961
9/8/2019 13:03,datasets/dataset_cropped/09_Metas/08/13/20190908130300_00160.jpg,datasets_flow/dataset_cropped/09_Metas/08/13/20190908130300_00160.jpg,datasets_cloudmask/dataset_cropped/09_Metas/08/13/20190908130300_00160.png,567.5,24.2,540.6,26.2,961
9/8/2019 13:04,datasets/dataset_cropped/09_Metas/08/13/20190908130400_00160.jpg,datasets_flow/dataset_cropped/09_Metas/08/13/20190908130400_00160.jpg,datasets_cloudmask/dataset_cropped/09_Metas/08/13/20190908130400_00160.png,601.3,45.2,556.6,26.1,961
9/8/2019 13:05,datasets/dataset_cropped/09_Metas/08/13/20190908130500_00160.jpg,datasets_flow/dataset_cropped/09_Metas/08/13/20190908130500_00160.jpg,datasets_cloudmask/dataset_cropped/09_Metas/08/13/20190908130500_00160.png,673.2,111.2,571.1,26.2,961
9/8/2019 13:06,datasets/dataset_cropped/09_Metas/08/13/20190908130600_00160.jpg,datasets_flow/dataset_cropped/09_Metas/08/13/20190908130600_00160.jpg,datasets_cloudmask/dataset_cropped/09_Metas/08/13/20190908130600_00160.png,701.3,131.1,582.4,26.5,961
9/8/2019 13:07,datasets/dataset_cropped/09_Metas/08/13/20190908130700_00160.jpg,datasets_flow/dataset_cropped/09_Metas/08/13/20190908130700_00160.jpg,datasets_cloudmask/dataset_cropped/09_Metas/08/13/20190908130700_00160.png,724.2,150.8,584.9,26.2,961
9/8/2019 13:08,datasets/dataset_cropped/09_Metas/08/13/20190908130800_00160.jpg,datasets_flow/dataset_cropped/09_Metas/08/13/20190908130800_00160.jpg,datasets_cloudmask/dataset_cropped/09_Metas/08/13/20190908130800_00160.png,719.1,147.7,584.3,26,961
9/8/2019 13:09,datasets/dataset_cropped/09_Metas/08/13/20190908130900_00160.jpg,datasets_flow/dataset_cropped/09_Metas/08/13/20190908130900_00160.jpg,datasets_cloudmask/dataset_cropped/09_Metas/08/13/20190908130900_00160.png,843,291.4,584.3,25.8,961
9/8/2019 13:10,datasets/dataset_cropped/09_Metas/08/13/20190908131000_00160.jpg,datasets_flow/dataset_cropped/09_Metas/08/13/20190908131000_00160.jpg,datasets_cloudmask/dataset_cropped/09_Metas/08/13/20190908131000_00160.png,752.2,191.8,579.7,25.8,961
9/8/2019 13:11,datasets/dataset_cropped/09_Metas/08/13/20190908131100_00160.jpg,datasets_flow/dataset_cropped/09_Metas/08/13/20190908131100_00160.jpg,datasets_cloudmask/dataset_cropped/09_Metas/08/13/20190908131100_00160.png,761.6,207.9,576.3,26,961
9/8/2019 13:12,datasets/dataset_cropped/09_Metas/08/13/20190908131200_00160.jpg,datasets_flow/dataset_cropped/09_Metas/08/13/20190908131200_00160.jpg,datasets_cloudmask/dataset_cropped/09_Metas/08/13/20190908131200_00160.png,706.8,146,574,26.2,961
9/8/2019 13:13,datasets/dataset_cropped/09_Metas/08/13/20190908131300_00160.jpg,datasets_flow/dataset_cropped/09_Metas/08/13/20190908131300_00160.jpg,datasets_cloudmask/dataset_cropped/09_Metas/08/13/20190908131300_00160.png,717.1,157.6,573.8,26.4,961
9/8/2019 13:14,datasets/dataset_cropped/09_Metas/08/13/20190908131400_00160.jpg,datasets_flow/dataset_cropped/09_Metas/08/13/20190908131400_00160.jpg,datasets_cloudmask/dataset_cropped/09_Metas/08/13/20190908131400_00160.png,844,304.5,574.7,26.3,961
9/8/2019 13:15,datasets/dataset_cropped/09_Metas/08/13/20190908131500_00160.jpg,datasets_flow/dataset_cropped/09_Metas/08/13/20190908131500_00160.jpg,datasets_cloudmask/dataset_cropped/09_Metas/08/13/20190908131500_00160.png,759.3,204.8,576,26.7,961
9/8/2019 13:16,datasets/dataset_cropped/09_Metas/08/13/20190908131600_00160.jpg,datasets_flow/dataset_cropped/09_Metas/08/13/20190908131600_00160.jpg,datasets_cloudmask/dataset_cropped/09_Metas/08/13/20190908131600_00160.png,782.3,232.5,576.3,26.9,961
9/8/2019 13:17,datasets/dataset_cropped/09_Metas/08/13/20190908131700_00160.jpg,datasets_flow/dataset_cropped/09_Metas/08/13/20190908131700_00160.jpg,datasets_cloudmask/dataset_cropped/09_Metas/08/13/20190908131700_00160.png,735.3,178,576.5,26.7,961
9/8/2019 13:18,datasets/dataset_cropped/09_Metas/08/13/20190908131800_00160.jpg,datasets_flow/dataset_cropped/09_Metas/08/13/20190908131800_00160.jpg,datasets_cloudmask/dataset_cropped/09_Metas/08/13/20190908131800_00160.png,748.6,200.7,573.9,26.7,961
9/8/2019 13:19,datasets/dataset_cropped/09_Metas/08/13/20190908131900_00160.jpg,datasets_flow/dataset_cropped/09_Metas/08/13/20190908131900_00160.jpg,datasets_cloudmask/dataset_cropped/09_Metas/08/13/20190908131900_00160.png,829,293.1,569.6,26.6,961
9/8/2019 13:20,datasets/dataset_cropped/09_Metas/08/13/20190908132000_00160.jpg,datasets_flow/dataset_cropped/09_Metas/08/13/20190908132000_00160.jpg,datasets_cloudmask/dataset_cropped/09_Metas/08/13/20190908132000_00160.png,736.9,192.6,564.6,26.5,961
9/8/2019 13:21,datasets/dataset_cropped/09_Metas/08/13/20190908132100_00160.jpg,datasets_flow/dataset_cropped/09_Metas/08/13/20190908132100_00160.jpg,datasets_cloudmask/dataset_cropped/09_Metas/08/13/20190908132100_00160.png,773,237.6,561.2,26.4,961
9/8/2019 13:22,datasets/dataset_cropped/09_Metas/08/13/20190908132200_00160.jpg,datasets_flow/dataset_cropped/09_Metas/08/13/20190908132200_00160.jpg,datasets_cloudmask/dataset_cropped/09_Metas/08/13/20190908132200_00160.png,762.2,228,556.4,26.4,961
9/8/2019 13:23,datasets/dataset_cropped/09_Metas/08/13/20190908132300_00160.jpg,datasets_flow/dataset_cropped/09_Metas/08/13/20190908132300_00160.jpg,datasets_cloudmask/dataset_cropped/09_Metas/08/13/20190908132300_00160.png,765,244.7,548.8,26.2,961
9/8/2019 13:24,datasets/dataset_cropped/09_Metas/08/13/20190908132400_00160.jpg,datasets_flow/dataset_cropped/09_Metas/08/13/20190908132400_00160.jpg,datasets_cloudmask/dataset_cropped/09_Metas/08/13/20190908132400_00160.png,789.7,285.8,538.6,26.2,961
9/8/2019 13:25,datasets/dataset_cropped/09_Metas/08/13/20190908132500_00160.jpg,datasets_flow/dataset_cropped/09_Metas/08/13/20190908132500_00160.jpg,datasets_cloudmask/dataset_cropped/09_Metas/08/13/20190908132500_00160.png,937,473.7,525.9,26.1,961
9/8/2019 13:26,datasets/dataset_cropped/09_Metas/08/13/20190908132600_00160.jpg,datasets_flow/dataset_cropped/09_Metas/08/13/20190908132600_00160.jpg,datasets_cloudmask/dataset_cropped/09_Metas/08/13/20190908132600_00160.png,947,506,508.2,26.9,961
9/8/2019 13:27,datasets/dataset_cropped/09_Metas/08/13/20190908132700_00160.jpg,datasets_flow/dataset_cropped/09_Metas/08/13/20190908132700_00160.jpg,datasets_cloudmask/dataset_cropped/09_Metas/08/13/20190908132700_00160.png,774.4,327.8,486.5,26.9,961
9/8/2019 13:28,datasets/dataset_cropped/09_Metas/08/13/20190908132800_00160.jpg,datasets_flow/dataset_cropped/09_Metas/08/13/20190908132800_00160.jpg,datasets_cloudmask/dataset_cropped/09_Metas/08/13/20190908132800_00160.png,803,381.1,470.7,26.8,961
9/8/2019 13:29,datasets/dataset_cropped/09_Metas/08/13/20190908132900_00160.jpg,datasets_flow/dataset_cropped/09_Metas/08/13/20190908132900_00160.jpg,datasets_cloudmask/dataset_cropped/09_Metas/08/13/20190908132900_00160.png,792.8,382.2,459.7,26.7,961
9/8/2019 13:30,datasets/dataset_cropped/09_Metas/08/13/20190908133000_00160.jpg,datasets_flow/dataset_cropped/09_Metas/08/13/20190908133000_00160.jpg,datasets_cloudmask/dataset_cropped/09_Metas/08/13/20190908133000_00160.png,700,284.7,449.3,26.3,961
9/8/2019 13:31,datasets/dataset_cropped/09_Metas/08/13/20190908133100_00160.jpg,datasets_flow/dataset_cropped/09_Metas/08/13/20190908133100_00160.jpg,datasets_cloudmask/dataset_cropped/09_Metas/08/13/20190908133100_00160.png,651.5,238,441.7,26.1,961
9/8/2019 13:32,datasets/dataset_cropped/09_Metas/08/13/20190908133200_00160.jpg,datasets_flow/dataset_cropped/09_Metas/08/13/20190908133200_00160.jpg,datasets_cloudmask/dataset_cropped/09_Metas/08/13/20190908133200_00160.png,715.9,317.4,438,26.3,961
9/8/2019 13:33,datasets/dataset_cropped/09_Metas/08/13/20190908133300_00160.jpg,datasets_flow/dataset_cropped/09_Metas/08/13/20190908133300_00160.jpg,datasets_cloudmask/dataset_cropped/09_Metas/08/13/20190908133300_00160.png,763.2,376.7,434.3,26.4,961
9/8/2019 13:34,datasets/dataset_cropped/09_Metas/08/13/20190908133400_00160.jpg,datasets_flow/dataset_cropped/09_Metas/08/13/20190908133400_00160.jpg,datasets_cloudmask/dataset_cropped/09_Metas/08/13/20190908133400_00160.png,750.1,366.8,430.4,26.4,961
9/8/2019 13:35,datasets/dataset_cropped/09_Metas/08/13/20190908133500_00160.jpg,datasets_flow/dataset_cropped/09_Metas/08/13/20190908133500_00160.jpg,datasets_cloudmask/dataset_cropped/09_Metas/08/13/20190908133500_00160.png,744.9,365.9,426.8,26.8,961
9/8/2019 13:36,datasets/dataset_cropped/09_Metas/08/13/20190908133600_00160.jpg,datasets_flow/dataset_cropped/09_Metas/08/13/20190908133600_00160.jpg,datasets_cloudmask/dataset_cropped/09_Metas/08/13/20190908133600_00160.png,729.6,353.2,422.4,26.8,961
9/8/2019 13:37,datasets/dataset_cropped/09_Metas/08/13/20190908133700_00160.jpg,datasets_flow/dataset_cropped/09_Metas/08/13/20190908133700_00160.jpg,datasets_cloudmask/dataset_cropped/09_Metas/08/13/20190908133700_00160.png,692.9,314.9,418.6,26.5,961
9/8/2019 13:38,datasets/dataset_cropped/09_Metas/08/13/20190908133800_00160.jpg,datasets_flow/dataset_cropped/09_Metas/08/13/20190908133800_00160.jpg,datasets_cloudmask/dataset_cropped/09_Metas/08/13/20190908133800_00160.png,686.1,309.3,416.6,26.3,961
9/8/2019 13:39,datasets/dataset_cropped/09_Metas/08/13/20190908133900_00160.jpg,datasets_flow/dataset_cropped/09_Metas/08/13/20190908133900_00160.jpg,datasets_cloudmask/dataset_cropped/09_Metas/08/13/20190908133900_00160.png,695.8,321.2,416.6,26.3,961
9/8/2019 13:40,datasets/dataset_cropped/09_Metas/08/13/20190908134000_00160.jpg,datasets_flow/dataset_cropped/09_Metas/08/13/20190908134000_00160.jpg,datasets_cloudmask/dataset_cropped/09_Metas/08/13/20190908134000_00160.png,723.5,353.8,417,26.3,961
9/8/2019 13:41,datasets/dataset_cropped/09_Metas/08/13/20190908134100_00160.jpg,datasets_flow/dataset_cropped/09_Metas/08/13/20190908134100_00160.jpg,datasets_cloudmask/dataset_cropped/09_Metas/08/13/20190908134100_00160.png,737.8,370.3,417.9,26.5,961
9/8/2019 13:42,datasets/dataset_cropped/09_Metas/08/13/20190908134200_00160.jpg,datasets_flow/dataset_cropped/09_Metas/08/13/20190908134200_00160.jpg,datasets_cloudmask/dataset_cropped/09_Metas/08/13/20190908134200_00160.png,749.6,382.5,419.2,26.5,961
9/8/2019 13:43,datasets/dataset_cropped/09_Metas/08/13/20190908134300_00160.jpg,datasets_flow/dataset_cropped/09_Metas/08/13/20190908134300_00160.jpg,datasets_cloudmask/dataset_cropped/09_Metas/08/13/20190908134300_00160.png,733.1,363.3,419.5,26.7,961
9/8/2019 13:44,datasets/dataset_cropped/09_Metas/08/13/20190908134400_00160.jpg,datasets_flow/dataset_cropped/09_Metas/08/13/20190908134400_00160.jpg,datasets_cloudmask/dataset_cropped/09_Metas/08/13/20190908134400_00160.png,759.7,392.9,419.8,26.9,961
9/8/2019 13:45,datasets/dataset_cropped/09_Metas/08/13/20190908134500_00160.jpg,datasets_flow/dataset_cropped/09_Metas/08/13/20190908134500_00160.jpg,datasets_cloudmask/dataset_cropped/09_Metas/08/13/20190908134500_00160.png,746.7,375.7,421.7,26.9,961
9/8/2019 13:46,datasets/dataset_cropped/09_Metas/08/13/20190908134600_00160.jpg,datasets_flow/dataset_cropped/09_Metas/08/13/20190908134600_00160.jpg,datasets_cloudmask/dataset_cropped/09_Metas/08/13/20190908134600_00160.png,733.9,361,422.3,26.8,961
9/8/2019 13:47,datasets/dataset_cropped/09_Metas/08/13/20190908134700_00160.jpg,datasets_flow/dataset_cropped/09_Metas/08/13/20190908134700_00160.jpg,datasets_cloudmask/dataset_cropped/09_Metas/08/13/20190908134700_00160.png,748.4,377.8,422.6,26.6,961
9/8/2019 13:48,datasets/dataset_cropped/09_Metas/08/13/20190908134800_00160.jpg,datasets_flow/dataset_cropped/09_Metas/08/13/20190908134800_00160.jpg,datasets_cloudmask/dataset_cropped/09_Metas/08/13/20190908134800_00160.png,761.4,393,422.3,26.5,961
9/8/2019 13:49,datasets/dataset_cropped/09_Metas/08/13/20190908134900_00160.jpg,datasets_flow/dataset_cropped/09_Metas/08/13/20190908134900_00160.jpg,datasets_cloudmask/dataset_cropped/09_Metas/08/13/20190908134900_00160.png,774.4,409.7,421.4,27,961
9/8/2019 13:50,datasets/dataset_cropped/09_Metas/08/13/20190908135000_00160.jpg,datasets_flow/dataset_cropped/09_Metas/08/13/20190908135000_00160.jpg,datasets_cloudmask/dataset_cropped/09_Metas/08/13/20190908135000_00160.png,798.1,437.1,421.7,27,961
9/8/2019 13:51,datasets/dataset_cropped/09_Metas/08/13/20190908135100_00160.jpg,datasets_flow/dataset_cropped/09_Metas/08/13/20190908135100_00160.jpg,datasets_cloudmask/dataset_cropped/09_Metas/08/13/20190908135100_00160.png,786.3,420.9,424.5,26.8,961
9/8/2019 13:52,datasets/dataset_cropped/09_Metas/08/13/20190908135200_00160.jpg,datasets_flow/dataset_cropped/09_Metas/08/13/20190908135200_00160.jpg,datasets_cloudmask/dataset_cropped/09_Metas/08/13/20190908135200_00160.png,765.6,388.6,430.8,26.5,961
9/8/2019 13:53,datasets/dataset_cropped/09_Metas/08/13/20190908135300_00160.jpg,datasets_flow/dataset_cropped/09_Metas/08/13/20190908135300_00160.jpg,datasets_cloudmask/dataset_cropped/09_Metas/08/13/20190908135300_00160.png,692.7,285.6,445.8,26.5,961
9/8/2019 13:54,datasets/dataset_cropped/09_Metas/08/13/20190908135400_00160.jpg,datasets_flow/dataset_cropped/09_Metas/08/13/20190908135400_00160.jpg,datasets_cloudmask/dataset_cropped/09_Metas/08/13/20190908135400_00160.png,547.1,114,443.9,26.4,961
9/8/2019 13:55,datasets/dataset_cropped/09_Metas/08/13/20190908135500_00160.jpg,datasets_flow/dataset_cropped/09_Metas/08/13/20190908135500_00160.jpg,datasets_cloudmask/dataset_cropped/09_Metas/08/13/20190908135500_00160.png,469.4,38.1,432,26.8,961
9/8/2019 13:56,datasets/dataset_cropped/09_Metas/08/13/20190908135600_00160.jpg,datasets_flow/dataset_cropped/09_Metas/08/13/20190908135600_00160.jpg,datasets_cloudmask/dataset_cropped/09_Metas/08/13/20190908135600_00160.png,459.8,32,426.8,27.1,961
9/8/2019 13:57,datasets/dataset_cropped/09_Metas/08/13/20190908135700_00160.jpg,datasets_flow/dataset_cropped/09_Metas/08/13/20190908135700_00160.jpg,datasets_cloudmask/dataset_cropped/09_Metas/08/13/20190908135700_00160.png,498.3,70.5,432.4,27.2,961
9/8/2019 13:58,datasets/dataset_cropped/09_Metas/08/13/20190908135800_00160.jpg,datasets_flow/dataset_cropped/09_Metas/08/13/20190908135800_00160.jpg,datasets_cloudmask/dataset_cropped/09_Metas/08/13/20190908135800_00160.png,575.1,144,444.1,26.6,961
9/8/2019 13:59,datasets/dataset_cropped/09_Metas/08/13/20190908135900_00160.jpg,datasets_flow/dataset_cropped/09_Metas/08/13/20190908135900_00160.jpg,datasets_cloudmask/dataset_cropped/09_Metas/08/13/20190908135900_00160.png,601.4,166.5,455.2,26.2,961
9/8/2019 14:00,datasets/dataset_cropped/09_Metas/08/14/20190908140000_00160.jpg,datasets_flow/dataset_cropped/09_Metas/08/14/20190908140000_00160.jpg,datasets_cloudmask/dataset_cropped/09_Metas/08/14/20190908140000_00160.png,572.7,122.2,461.2,25.9,961
9/8/2019 14:01,datasets/dataset_cropped/09_Metas/08/14/20190908140100_00160.jpg,datasets_flow/dataset_cropped/09_Metas/08/14/20190908140100_00160.jpg,datasets_cloudmask/dataset_cropped/09_Metas/08/14/20190908140100_00160.png,649.8,213.2,462,26.1,961
9/8/2019 14:02,datasets/dataset_cropped/09_Metas/08/14/20190908140200_00160.jpg,datasets_flow/dataset_cropped/09_Metas/08/14/20190908140200_00160.jpg,datasets_cloudmask/dataset_cropped/09_Metas/08/14/20190908140200_00160.png,837,439.3,460.9,26.2,961
9/8/2019 14:03,datasets/dataset_cropped/09_Metas/08/14/20190908140300_00160.jpg,datasets_flow/dataset_cropped/09_Metas/08/14/20190908140300_00160.jpg,datasets_cloudmask/dataset_cropped/09_Metas/08/14/20190908140300_00160.png,715.3,308.2,451,26.4,961
9/8/2019 14:04,datasets/dataset_cropped/09_Metas/08/14/20190908140400_00160.jpg,datasets_flow/dataset_cropped/09_Metas/08/14/20190908140400_00160.jpg,datasets_cloudmask/dataset_cropped/09_Metas/08/14/20190908140400_00160.png,484.1,51.3,437.4,26.2,961
9/8/2019 14:05,datasets/dataset_cropped/09_Metas/08/14/20190908140500_00160.jpg,datasets_flow/dataset_cropped/09_Metas/08/14/20190908140500_00160.jpg,datasets_cloudmask/dataset_cropped/09_Metas/08/14/20190908140500_00160.png,439.9,12.4,424.8,26,961
9/8/2019 14:06,datasets/dataset_cropped/09_Metas/08/14/20190908140600_00160.jpg,datasets_flow/dataset_cropped/09_Metas/08/14/20190908140600_00160.jpg,datasets_cloudmask/dataset_cropped/09_Metas/08/14/20190908140600_00160.png,427.8,3.9,420,25.9,961
9/8/2019 14:07,datasets/dataset_cropped/09_Metas/08/14/20190908140700_00160.jpg,datasets_flow/dataset_cropped/09_Metas/08/14/20190908140700_00160.jpg,datasets_cloudmask/dataset_cropped/09_Metas/08/14/20190908140700_00160.png,438.5,17.5,418.6,25.9,961
9/8/2019 14:08,datasets/dataset_cropped/09_Metas/08/14/20190908140800_00160.jpg,datasets_flow/dataset_cropped/09_Metas/08/14/20190908140800_00160.jpg,datasets_cloudmask/dataset_cropped/09_Metas/08/14/20190908140800_00160.png,432.8,9.1,419.6,25.8,961
9/8/2019 14:09,datasets/dataset_cropped/09_Metas/08/14/20190908140900_00160.jpg,datasets_flow/dataset_cropped/09_Metas/08/14/20190908140900_00160.jpg,datasets_cloudmask/dataset_cropped/09_Metas/08/14/20190908140900_00160.png,430.1,8.1,418.2,25.9,961
9/8/2019 14:10,datasets/dataset_cropped/09_Metas/08/14/20190908141000_00160.jpg,datasets_flow/dataset_cropped/09_Metas/08/14/20190908141000_00160.jpg,datasets_cloudmask/dataset_cropped/09_Metas/08/14/20190908141000_00160.png,458,41.1,416.4,25.7,961
9/8/2019 14:11,datasets/dataset_cropped/09_Metas/08/14/20190908141100_00160.jpg,datasets_flow/dataset_cropped/09_Metas/08/14/20190908141100_00160.jpg,datasets_cloudmask/dataset_cropped/09_Metas/08/14/20190908141100_00160.png,535.6,131.3,421.3,25.8,961
9/8/2019 14:12,datasets/dataset_cropped/09_Metas/08/14/20190908141200_00160.jpg,datasets_flow/dataset_cropped/09_Metas/08/14/20190908141200_00160.jpg,datasets_cloudmask/dataset_cropped/09_Metas/08/14/20190908141200_00160.png,621.1,234.8,418.8,25.8,961
9/8/2019 14:13,datasets/dataset_cropped/09_Metas/08/14/20190908141300_00160.jpg,datasets_flow/dataset_cropped/09_Metas/08/14/20190908141300_00160.jpg,datasets_cloudmask/dataset_cropped/09_Metas/08/14/20190908141300_00160.png,722.7,362.9,411.4,25.9,961
9/8/2019 14:14,datasets/dataset_cropped/09_Metas/08/14/20190908141400_00160.jpg,datasets_flow/dataset_cropped/09_Metas/08/14/20190908141400_00160.jpg,datasets_cloudmask/dataset_cropped/09_Metas/08/14/20190908141400_00160.png,693.8,346.9,400.5,26,961
9/8/2019 14:15,datasets/dataset_cropped/09_Metas/08/14/20190908141500_00160.jpg,datasets_flow/dataset_cropped/09_Metas/08/14/20190908141500_00160.jpg,datasets_cloudmask/dataset_cropped/09_Metas/08/14/20190908141500_00160.png,647.7,307.5,388.5,26,961
9/8/2019 14:16,datasets/dataset_cropped/09_Metas/08/14/20190908141600_00160.jpg,datasets_flow/dataset_cropped/09_Metas/08/14/20190908141600_00160.jpg,datasets_cloudmask/dataset_cropped/09_Metas/08/14/20190908141600_00160.png,510.9,159.6,374.8,25.7,961
9/8/2019 14:17,datasets/dataset_cropped/09_Metas/08/14/20190908141700_00160.jpg,datasets_flow/dataset_cropped/09_Metas/08/14/20190908141700_00160.jpg,datasets_cloudmask/dataset_cropped/09_Metas/08/14/20190908141700_00160.png,590.7,265.1,367,25.7,960
9/8/2019 14:18,datasets/dataset_cropped/09_Metas/08/14/20190908141800_00160.jpg,datasets_flow/dataset_cropped/09_Metas/08/14/20190908141800_00160.jpg,datasets_cloudmask/dataset_cropped/09_Metas/08/14/20190908141800_00160.png,675.8,375.8,361.9,26.2,961
9/8/2019 14:19,datasets/dataset_cropped/09_Metas/08/14/20190908141900_00160.jpg,datasets_flow/dataset_cropped/09_Metas/08/14/20190908141900_00160.jpg,datasets_cloudmask/dataset_cropped/09_Metas/08/14/20190908141900_00160.png,687.6,397.8,356.7,26.7,961
9/8/2019 14:20,datasets/dataset_cropped/09_Metas/08/14/20190908142000_00160.jpg,datasets_flow/dataset_cropped/09_Metas/08/14/20190908142000_00160.jpg,datasets_cloudmask/dataset_cropped/09_Metas/08/14/20190908142000_00160.png,690.3,409.1,351.1,27,960
9/8/2019 14:21,datasets/dataset_cropped/09_Metas/08/14/20190908142100_00160.jpg,datasets_flow/dataset_cropped/09_Metas/08/14/20190908142100_00160.jpg,datasets_cloudmask/dataset_cropped/09_Metas/08/14/20190908142100_00160.png,700.7,428.5,346.2,26.7,961
9/8/2019 14:22,datasets/dataset_cropped/09_Metas/08/14/20190908142200_00160.jpg,datasets_flow/dataset_cropped/09_Metas/08/14/20190908142200_00160.jpg,datasets_cloudmask/dataset_cropped/09_Metas/08/14/20190908142200_00160.png,723.2,460.9,342.6,26.7,960
9/8/2019 14:23,datasets/dataset_cropped/09_Metas/08/14/20190908142300_00160.jpg,datasets_flow/dataset_cropped/09_Metas/08/14/20190908142300_00160.jpg,datasets_cloudmask/dataset_cropped/09_Metas/08/14/20190908142300_00160.png,709.3,447.5,340,26.9,961
9/8/2019 14:24,datasets/dataset_cropped/09_Metas/08/14/20190908142400_00160.jpg,datasets_flow/dataset_cropped/09_Metas/08/14/20190908142400_00160.jpg,datasets_cloudmask/dataset_cropped/09_Metas/08/14/20190908142400_00160.png,740.4,486.9,339.6,26.7,960
9/8/2019 14:25,datasets/dataset_cropped/09_Metas/08/14/20190908142500_00160.jpg,datasets_flow/dataset_cropped/09_Metas/08/14/20190908142500_00160.jpg,datasets_cloudmask/dataset_cropped/09_Metas/08/14/20190908142500_00160.png,730.5,478,337.3,26.6,960
9/8/2019 14:26,datasets/dataset_cropped/09_Metas/08/14/20190908142600_00160.jpg,datasets_flow/dataset_cropped/09_Metas/08/14/20190908142600_00160.jpg,datasets_cloudmask/dataset_cropped/09_Metas/08/14/20190908142600_00160.png,723.4,473.2,334.9,26.6,960
9/8/2019 14:27,datasets/dataset_cropped/09_Metas/08/14/20190908142700_00160.jpg,datasets_flow/dataset_cropped/09_Metas/08/14/20190908142700_00160.jpg,datasets_cloudmask/dataset_cropped/09_Metas/08/14/20190908142700_00160.png,676,421.5,330.1,26.6,960
9/8/2019 14:28,datasets/dataset_cropped/09_Metas/08/14/20190908142800_00160.jpg,datasets_flow/dataset_cropped/09_Metas/08/14/20190908142800_00160.jpg,datasets_cloudmask/dataset_cropped/09_Metas/08/14/20190908142800_00160.png,597,330.5,323.5,26.4,960
9/8/2019 14:29,datasets/dataset_cropped/09_Metas/08/14/20190908142900_00160.jpg,datasets_flow/dataset_cropped/09_Metas/08/14/20190908142900_00160.jpg,datasets_cloudmask/dataset_cropped/09_Metas/08/14/20190908142900_00160.png,538.2,267.2,316.5,26.4,960
9/8/2019 14:30,datasets/dataset_cropped/09_Metas/08/14/20190908143000_00160.jpg,datasets_flow/dataset_cropped/09_Metas/08/14/20190908143000_00160.jpg,datasets_cloudmask/dataset_cropped/09_Metas/08/14/20190908143000_00160.png,426.6,144.3,305.6,26.4,960
9/8/2019 14:31,datasets/dataset_cropped/09_Metas/08/14/20190908143100_00160.jpg,datasets_flow/dataset_cropped/09_Metas/08/14/20190908143100_00160.jpg,datasets_cloudmask/dataset_cropped/09_Metas/08/14/20190908143100_00160.png,311.4,17.5,293.6,26.2,960
9/8/2019 14:32,datasets/dataset_cropped/09_Metas/08/14/20190908143200_00160.jpg,datasets_flow/dataset_cropped/09_Metas/08/14/20190908143200_00160.jpg,datasets_cloudmask/dataset_cropped/09_Metas/08/14/20190908143200_00160.png,301.1,12.5,287.2,25.8,960
9/8/2019 14:33,datasets/dataset_cropped/09_Metas/08/14/20190908143300_00160.jpg,datasets_flow/dataset_cropped/09_Metas/08/14/20190908143300_00160.jpg,datasets_cloudmask/dataset_cropped/09_Metas/08/14/20190908143300_00160.png,300.7,15.2,284.6,25.9,960
9/8/2019 14:34,datasets/dataset_cropped/09_Metas/08/14/20190908143400_00160.jpg,datasets_flow/dataset_cropped/09_Metas/08/14/20190908143400_00160.jpg,datasets_cloudmask/dataset_cropped/09_Metas/08/14/20190908143400_00160.png,301.5,17.4,284.4,26.3,960
9/8/2019 14:35,datasets/dataset_cropped/09_Metas/08/14/20190908143500_00160.jpg,datasets_flow/dataset_cropped/09_Metas/08/14/20190908143500_00160.jpg,datasets_cloudmask/dataset_cropped/09_Metas/08/14/20190908143500_00160.png,297.9,12.2,285.1,26.3,960
9/8/2019 14:36,datasets/dataset_cropped/09_Metas/08/14/20190908143600_00160.jpg,datasets_flow/dataset_cropped/09_Metas/08/14/20190908143600_00160.jpg,datasets_cloudmask/dataset_cropped/09_Metas/08/14/20190908143600_00160.png,296.2,8.1,286.6,26,960
9/8/2019 14:37,datasets/dataset_cropped/09_Metas/08/14/20190908143700_00160.jpg,datasets_flow/dataset_cropped/09_Metas/08/14/20190908143700_00160.jpg,datasets_cloudmask/dataset_cropped/09_Metas/08/14/20190908143700_00160.png,299.5,9.3,288.8,25.9,960
9/8/2019 14:38,datasets/dataset_cropped/09_Metas/08/14/20190908143800_00160.jpg,datasets_flow/dataset_cropped/09_Metas/08/14/20190908143800_00160.jpg,datasets_cloudmask/dataset_cropped/09_Metas/08/14/20190908143800_00160.png,302.2,8.6,292.4,26.2,960
9/8/2019 14:39,datasets/dataset_cropped/09_Metas/08/14/20190908143900_00160.jpg,datasets_flow/dataset_cropped/09_Metas/08/14/20190908143900_00160.jpg,datasets_cloudmask/dataset_cropped/09_Metas/08/14/20190908143900_00160.png,304.6,6.8,296.5,26.4,960
9/8/2019 14:40,datasets/dataset_cropped/09_Metas/08/14/20190908144000_00160.jpg,datasets_flow/dataset_cropped/09_Metas/08/14/20190908144000_00160.jpg,datasets_cloudmask/dataset_cropped/09_Metas/08/14/20190908144000_00160.png,311.1,7.5,302,25.9,960
9/8/2019 14:41,datasets/dataset_cropped/09_Metas/08/14/20190908144100_00160.jpg,datasets_flow/dataset_cropped/09_Metas/08/14/20190908144100_00160.jpg,datasets_cloudmask/dataset_cropped/09_Metas/08/14/20190908144100_00160.png,321.2,11.4,308.6,25.9,960
9/8/2019 14:42,datasets/dataset_cropped/09_Metas/08/14/20190908144200_00160.jpg,datasets_flow/dataset_cropped/09_Metas/08/14/20190908144200_00160.jpg,datasets_cloudmask/dataset_cropped/09_Metas/08/14/20190908144200_00160.png,332.8,15.6,316.5,25.9,960
9/8/2019 14:43,datasets/dataset_cropped/09_Metas/08/14/20190908144300_00160.jpg,datasets_flow/dataset_cropped/09_Metas/08/14/20190908144300_00160.jpg,datasets_cloudmask/dataset_cropped/09_Metas/08/14/20190908144300_00160.png,342.3,16.4,325.4,25.8,960
9/8/2019 14:44,datasets/dataset_cropped/09_Metas/08/14/20190908144400_00160.jpg,datasets_flow/dataset_cropped/09_Metas/08/14/20190908144400_00160.jpg,datasets_cloudmask/dataset_cropped/09_Metas/08/14/20190908144400_00160.png,347.9,12.2,334.5,25.8,960
9/8/2019 14:45,datasets/dataset_cropped/09_Metas/08/14/20190908144500_00160.jpg,datasets_flow/dataset_cropped/09_Metas/08/14/20190908144500_00160.jpg,datasets_cloudmask/dataset_cropped/09_Metas/08/14/20190908144500_00160.png,352.5,5.6,344.6,25.8,960
9/8/2019 14:46,datasets/dataset_cropped/09_Metas/08/14/20190908144600_00160.jpg,datasets_flow/dataset_cropped/09_Metas/08/14/20190908144600_00160.jpg,datasets_cloudmask/dataset_cropped/09_Metas/08/14/20190908144600_00160.png,370.3,12.2,357.4,25.7,960
9/8/2019 14:47,datasets/dataset_cropped/09_Metas/08/14/20190908144700_00160.jpg,datasets_flow/dataset_cropped/09_Metas/08/14/20190908144700_00160.jpg,datasets_cloudmask/dataset_cropped/09_Metas/08/14/20190908144700_00160.png,415,50.4,372,25.9,960
9/8/2019 14:48,datasets/dataset_cropped/09_Metas/08/14/20190908144800_00160.jpg,datasets_flow/dataset_cropped/09_Metas/08/14/20190908144800_00160.jpg,datasets_cloudmask/dataset_cropped/09_Metas/08/14/20190908144800_00160.png,495.1,130.4,387.7,25.9,960
9/8/2019 14:49,datasets/dataset_cropped/09_Metas/08/14/20190908144900_00160.jpg,datasets_flow/dataset_cropped/09_Metas/08/14/20190908144900_00160.jpg,datasets_cloudmask/dataset_cropped/09_Metas/08/14/20190908144900_00160.png,578.4,216.9,403.5,25.8,960
9/8/2019 14:50,datasets/dataset_cropped/09_Metas/08/14/20190908145000_00160.jpg,datasets_flow/dataset_cropped/09_Metas/08/14/20190908145000_00160.jpg,datasets_cloudmask/dataset_cropped/09_Metas/08/14/20190908145000_00160.png,596.7,231,412.9,26,960
9/8/2019 14:51,datasets/dataset_cropped/09_Metas/08/14/20190908145100_00160.jpg,datasets_flow/dataset_cropped/09_Metas/08/14/20190908145100_00160.jpg,datasets_cloudmask/dataset_cropped/09_Metas/08/14/20190908145100_00160.png,569.2,194.7,415.3,26,960
9/8/2019 14:52,datasets/dataset_cropped/09_Metas/08/14/20190908145200_00160.jpg,datasets_flow/dataset_cropped/09_Metas/08/14/20190908145200_00160.jpg,datasets_cloudmask/dataset_cropped/09_Metas/08/14/20190908145200_00160.png,446.8,38.9,414.2,26.3,960
9/8/2019 14:53,datasets/dataset_cropped/09_Metas/08/14/20190908145300_00160.jpg,datasets_flow/dataset_cropped/09_Metas/08/14/20190908145300_00160.jpg,datasets_cloudmask/dataset_cropped/09_Metas/08/14/20190908145300_00160.png,507.3,118.5,412.6,26.6,960
9/8/2019 14:54,datasets/dataset_cropped/09_Metas/08/14/20190908145400_00160.jpg,datasets_flow/dataset_cropped/09_Metas/08/14/20190908145400_00160.jpg,datasets_cloudmask/dataset_cropped/09_Metas/08/14/20190908145400_00160.png,517.6,139.5,406.2,26.7,960
9/8/2019 14:55,datasets/dataset_cropped/09_Metas/08/14/20190908145500_00160.jpg,datasets_flow/dataset_cropped/09_Metas/08/14/20190908145500_00160.jpg,datasets_cloudmask/dataset_cropped/09_Metas/08/14/20190908145500_00160.png,488.3,114.3,397,26.5,960
9/8/2019 14:56,datasets/dataset_cropped/09_Metas/08/14/20190908145600_00160.jpg,datasets_flow/dataset_cropped/09_Metas/08/14/20190908145600_00160.jpg,datasets_cloudmask/dataset_cropped/09_Metas/08/14/20190908145600_00160.png,474.5,108.9,387.9,26.5,960
9/8/2019 14:57,datasets/dataset_cropped/09_Metas/08/14/20190908145700_00160.jpg,datasets_flow/dataset_cropped/09_Metas/08/14/20190908145700_00160.jpg,datasets_cloudmask/dataset_cropped/09_Metas/08/14/20190908145700_00160.png,470.9,112.9,381,26.2,960
9/8/2019 14:58,datasets/dataset_cropped/09_Metas/08/14/20190908145800_00160.jpg,datasets_flow/dataset_cropped/09_Metas/08/14/20190908145800_00160.jpg,datasets_cloudmask/dataset_cropped/09_Metas/08/14/20190908145800_00160.png,443.3,84.6,374.7,26.2,960
9/8/2019 14:59,datasets/dataset_cropped/09_Metas/08/14/20190908145900_00160.jpg,datasets_flow/dataset_cropped/09_Metas/08/14/20190908145900_00160.jpg,datasets_cloudmask/dataset_cropped/09_Metas/08/14/20190908145900_00160.png,454.1,104.2,370.8,26.4,960
9/8/2019 15:00,datasets/dataset_cropped/09_Metas/08/15/20190908150000_00160.jpg,datasets_flow/dataset_cropped/09_Metas/08/15/20190908150000_00160.jpg,datasets_cloudmask/dataset_cropped/09_Metas/08/15/20190908150000_00160.png,466.7,123.7,368.7,26.5,960
9/8/2019 15:01,datasets/dataset_cropped/09_Metas/08/15/20190908150100_00160.jpg,datasets_flow/dataset_cropped/09_Metas/08/15/20190908150100_00160.jpg,datasets_cloudmask/dataset_cropped/09_Metas/08/15/20190908150100_00160.png,492.5,160.2,366.9,26.5,960
9/8/2019 15:02,datasets/dataset_cropped/09_Metas/08/15/20190908150200_00160.jpg,datasets_flow/dataset_cropped/09_Metas/08/15/20190908150200_00160.jpg,datasets_cloudmask/dataset_cropped/09_Metas/08/15/20190908150200_00160.png,493.8,165.3,364.7,26.4,960
9/8/2019 15:03,datasets/dataset_cropped/09_Metas/08/15/20190908150300_00160.jpg,datasets_flow/dataset_cropped/09_Metas/08/15/20190908150300_00160.jpg,datasets_cloudmask/dataset_cropped/09_Metas/08/15/20190908150300_00160.png,441.4,104,359.6,26.2,960
9/8/2019 15:04,datasets/dataset_cropped/09_Metas/08/15/20190908150400_00160.jpg,datasets_flow/dataset_cropped/09_Metas/08/15/20190908150400_00160.jpg,datasets_cloudmask/dataset_cropped/09_Metas/08/15/20190908150400_00160.png,407.1,66,354.5,26.5,960
9/8/2019 15:05,datasets/dataset_cropped/09_Metas/08/15/20190908150500_00160.jpg,datasets_flow/dataset_cropped/09_Metas/08/15/20190908150500_00160.jpg,datasets_cloudmask/dataset_cropped/09_Metas/08/15/20190908150500_00160.png,398.4,60.1,350.1,26.5,960
9/8/2019 15:06,datasets/dataset_cropped/09_Metas/08/15/20190908150600_00160.jpg,datasets_flow/dataset_cropped/09_Metas/08/15/20190908150600_00160.jpg,datasets_cloudmask/dataset_cropped/09_Metas/08/15/20190908150600_00160.png,389.7,53,347.1,26.4,960
9/8/2019 15:07,datasets/dataset_cropped/09_Metas/08/15/20190908150700_00160.jpg,datasets_flow/dataset_cropped/09_Metas/08/15/20190908150700_00160.jpg,datasets_cloudmask/dataset_cropped/09_Metas/08/15/20190908150700_00160.png,391.4,58.2,345,26.1,960
9/8/2019 15:08,datasets/dataset_cropped/09_Metas/08/15/20190908150800_00160.jpg,datasets_flow/dataset_cropped/09_Metas/08/15/20190908150800_00160.jpg,datasets_cloudmask/dataset_cropped/09_Metas/08/15/20190908150800_00160.png,397.3,68.6,343.1,25.8,960
9/8/2019 15:09,datasets/dataset_cropped/09_Metas/08/15/20190908150900_00160.jpg,datasets_flow/dataset_cropped/09_Metas/08/15/20190908150900_00160.jpg,datasets_cloudmask/dataset_cropped/09_Metas/08/15/20190908150900_00160.png,401.1,75.6,341.5,25.6,960
9/8/2019 15:10,datasets/dataset_cropped/09_Metas/08/15/20190908151000_00160.jpg,datasets_flow/dataset_cropped/09_Metas/08/15/20190908151000_00160.jpg,datasets_cloudmask/dataset_cropped/09_Metas/08/15/20190908151000_00160.png,397.5,73.9,339.5,25.5,960
9/8/2019 15:11,datasets/dataset_cropped/09_Metas/08/15/20190908151100_00160.jpg,datasets_flow/dataset_cropped/09_Metas/08/15/20190908151100_00160.jpg,datasets_cloudmask/dataset_cropped/09_Metas/08/15/20190908151100_00160.png,383.3,58.7,336.6,25.6,960
9/8/2019 15:12,datasets/dataset_cropped/09_Metas/08/15/20190908151200_00160.jpg,datasets_flow/dataset_cropped/09_Metas/08/15/20190908151200_00160.jpg,datasets_cloudmask/dataset_cropped/09_Metas/08/15/20190908151200_00160.png,368.8,43.7,333.7,25.7,960
9/8/2019 15:13,datasets/dataset_cropped/09_Metas/08/15/20190908151300_00160.jpg,datasets_flow/dataset_cropped/09_Metas/08/15/20190908151300_00160.jpg,datasets_cloudmask/dataset_cropped/09_Metas/08/15/20190908151300_00160.png,372.2,52,330.9,25.7,960
9/8/2019 15:14,datasets/dataset_cropped/09_Metas/08/15/20190908151400_00160.jpg,datasets_flow/dataset_cropped/09_Metas/08/15/20190908151400_00160.jpg,datasets_cloudmask/dataset_cropped/09_Metas/08/15/20190908151400_00160.png,366.4,47.8,328.4,25.8,960
9/8/2019 15:15,datasets/dataset_cropped/09_Metas/08/15/20190908151500_00160.jpg,datasets_flow/dataset_cropped/09_Metas/08/15/20190908151500_00160.jpg,datasets_cloudmask/dataset_cropped/09_Metas/08/15/20190908151500_00160.png,370.1,55.7,326.5,26.1,960
9/8/2019 15:16,datasets/dataset_cropped/09_Metas/08/15/20190908151600_00160.jpg,datasets_flow/dataset_cropped/09_Metas/08/15/20190908151600_00160.jpg,datasets_cloudmask/dataset_cropped/09_Metas/08/15/20190908151600_00160.png,370.1,58.6,324.1,25.9,960
9/8/2019 15:17,datasets/dataset_cropped/09_Metas/08/15/20190908151700_00160.jpg,datasets_flow/dataset_cropped/09_Metas/08/15/20190908151700_00160.jpg,datasets_cloudmask/dataset_cropped/09_Metas/08/15/20190908151700_00160.png,359.6,47,321.7,25.8,960
9/8/2019 15:18,datasets/dataset_cropped/09_Metas/08/15/20190908151800_00160.jpg,datasets_flow/dataset_cropped/09_Metas/08/15/20190908151800_00160.jpg,datasets_cloudmask/dataset_cropped/09_Metas/08/15/20190908151800_00160.png,343.5,28.2,319.8,25.6,960
9/8/2019 15:19,datasets/dataset_cropped/09_Metas/08/15/20190908151900_00160.jpg,datasets_flow/dataset_cropped/09_Metas/08/15/20190908151900_00160.jpg,datasets_cloudmask/dataset_cropped/09_Metas/08/15/20190908151900_00160.png,331,13.9,318.2,25.4,960
9/8/2019 15:20,datasets/dataset_cropped/09_Metas/08/15/20190908152000_00160.jpg,datasets_flow/dataset_cropped/09_Metas/08/15/20190908152000_00160.jpg,datasets_cloudmask/dataset_cropped/09_Metas/08/15/20190908152000_00160.png,333.9,18.6,317.7,25.6,960
9/8/2019 15:21,datasets/dataset_cropped/09_Metas/08/15/20190908152100_00160.jpg,datasets_flow/dataset_cropped/09_Metas/08/15/20190908152100_00160.jpg,datasets_cloudmask/dataset_cropped/09_Metas/08/15/20190908152100_00160.png,341,28,317.9,25.6,960
9/8/2019 15:22,datasets/dataset_cropped/09_Metas/08/15/20190908152200_00160.jpg,datasets_flow/dataset_cropped/09_Metas/08/15/20190908152200_00160.jpg,datasets_cloudmask/dataset_cropped/09_Metas/08/15/20190908152200_00160.png,352.9,42.4,319.5,25.4,960
9/8/2019 15:23,datasets/dataset_cropped/09_Metas/08/15/20190908152300_00160.jpg,datasets_flow/dataset_cropped/09_Metas/08/15/20190908152300_00160.jpg,datasets_cloudmask/dataset_cropped/09_Metas/08/15/20190908152300_00160.png,361.9,52.2,321.4,25.6,960
9/8/2019 15:24,datasets/dataset_cropped/09_Metas/08/15/20190908152400_00160.jpg,datasets_flow/dataset_cropped/09_Metas/08/15/20190908152400_00160.jpg,datasets_cloudmask/dataset_cropped/09_Metas/08/15/20190908152400_00160.png,369.9,60.8,323.7,25.9,960
9/8/2019 15:25,datasets/dataset_cropped/09_Metas/08/15/20190908152500_00160.jpg,datasets_flow/dataset_cropped/09_Metas/08/15/20190908152500_00160.jpg,datasets_cloudmask/dataset_cropped/09_Metas/08/15/20190908152500_00160.png,376.7,69.2,325.3,25.9,960
9/8/2019 15:26,datasets/dataset_cropped/09_Metas/08/15/20190908152600_00160.jpg,datasets_flow/dataset_cropped/09_Metas/08/15/20190908152600_00160.jpg,datasets_cloudmask/dataset_cropped/09_Metas/08/15/20190908152600_00160.png,374.1,65.3,325.5,25.9,960
9/8/2019 15:27,datasets/dataset_cropped/09_Metas/08/15/20190908152700_00160.jpg,datasets_flow/dataset_cropped/09_Metas/08/15/20190908152700_00160.jpg,datasets_cloudmask/dataset_cropped/09_Metas/08/15/20190908152700_00160.png,385,79,326.5,25.9,960
9/8/2019 15:28,datasets/dataset_cropped/09_Metas/08/15/20190908152800_00160.jpg,datasets_flow/dataset_cropped/09_Metas/08/15/20190908152800_00160.jpg,datasets_cloudmask/dataset_cropped/09_Metas/08/15/20190908152800_00160.png,409.2,110.9,327.6,25.7,960
9/8/2019 15:29,datasets/dataset_cropped/09_Metas/08/15/20190908152900_00160.jpg,datasets_flow/dataset_cropped/09_Metas/08/15/20190908152900_00160.jpg,datasets_cloudmask/dataset_cropped/09_Metas/08/15/20190908152900_00160.png,439.9,152,328.9,25.7,960
9/8/2019 15:30,datasets/dataset_cropped/09_Metas/08/15/20190908153000_00160.jpg,datasets_flow/dataset_cropped/09_Metas/08/15/20190908153000_00160.jpg,datasets_cloudmask/dataset_cropped/09_Metas/08/15/20190908153000_00160.png,465.8,188.8,329.2,25.8,960
9/8/2019 15:31,datasets/dataset_cropped/09_Metas/08/15/20190908153100_00160.jpg,datasets_flow/dataset_cropped/09_Metas/08/15/20190908153100_00160.jpg,datasets_cloudmask/dataset_cropped/09_Metas/08/15/20190908153100_00160.png,489,224,327.4,25.8,960
9/8/2019 15:32,datasets/dataset_cropped/09_Metas/08/15/20190908153200_00160.jpg,datasets_flow/dataset_cropped/09_Metas/08/15/20190908153200_00160.jpg,datasets_cloudmask/dataset_cropped/09_Metas/08/15/20190908153200_00160.png,471.5,206.4,323.2,26.1,960
9/8/2019 15:33,datasets/dataset_cropped/09_Metas/08/15/20190908153300_00160.jpg,datasets_flow/dataset_cropped/09_Metas/08/15/20190908153300_00160.jpg,datasets_cloudmask/dataset_cropped/09_Metas/08/15/20190908153300_00160.png,434.3,163.8,316.7,26.2,960
9/8/2019 15:34,datasets/dataset_cropped/09_Metas/08/15/20190908153400_00160.jpg,datasets_flow/dataset_cropped/09_Metas/08/15/20190908153400_00160.jpg,datasets_cloudmask/dataset_cropped/09_Metas/08/15/20190908153400_00160.png,405.6,134.6,309.3,25.9,960
9/8/2019 15:35,datasets/dataset_cropped/09_Metas/08/15/20190908153500_00160.jpg,datasets_flow/dataset_cropped/09_Metas/08/15/20190908153500_00160.jpg,datasets_cloudmask/dataset_cropped/09_Metas/08/15/20190908153500_00160.png,414.8,157.4,302.6,25.8,960
9/8/2019 15:36,datasets/dataset_cropped/09_Metas/08/15/20190908153600_00160.jpg,datasets_flow/dataset_cropped/09_Metas/08/15/20190908153600_00160.jpg,datasets_cloudmask/dataset_cropped/09_Metas/08/15/20190908153600_00160.png,501.9,288.8,298,25.9,960
9/8/2019 15:37,datasets/dataset_cropped/09_Metas/08/15/20190908153700_00160.jpg,datasets_flow/dataset_cropped/09_Metas/08/15/20190908153700_00160.jpg,datasets_cloudmask/dataset_cropped/09_Metas/08/15/20190908153700_00160.png,590.1,421.4,294.4,26.1,960
9/8/2019 15:38,datasets/dataset_cropped/09_Metas/08/15/20190908153800_00160.jpg,datasets_flow/dataset_cropped/09_Metas/08/15/20190908153800_00160.jpg,datasets_cloudmask/dataset_cropped/09_Metas/08/15/20190908153800_00160.png,678.4,555.6,290.9,26,960
9/8/2019 15:39,datasets/dataset_cropped/09_Metas/08/15/20190908153900_00160.jpg,datasets_flow/dataset_cropped/09_Metas/08/15/20190908153900_00160.jpg,datasets_cloudmask/dataset_cropped/09_Metas/08/15/20190908153900_00160.png,725.9,633.6,285.5,26.1,960
9/8/2019 15:40,datasets/dataset_cropped/09_Metas/08/15/20190908154000_00160.jpg,datasets_flow/dataset_cropped/09_Metas/08/15/20190908154000_00160.jpg,datasets_cloudmask/dataset_cropped/09_Metas/08/15/20190908154000_00160.png,756.1,689.2,279.3,26.6,960
9/8/2019 15:41,datasets/dataset_cropped/09_Metas/08/15/20190908154100_00160.jpg,datasets_flow/dataset_cropped/09_Metas/08/15/20190908154100_00160.jpg,datasets_cloudmask/dataset_cropped/09_Metas/08/15/20190908154100_00160.png,751.9,695.2,273.1,26.7,960
9/8/2019 15:42,datasets/dataset_cropped/09_Metas/08/15/20190908154200_00160.jpg,datasets_flow/dataset_cropped/09_Metas/08/15/20190908154200_00160.jpg,datasets_cloudmask/dataset_cropped/09_Metas/08/15/20190908154200_00160.png,737.2,687.5,264.2,26.7,960
9/8/2019 15:43,datasets/dataset_cropped/09_Metas/08/15/20190908154300_00160.jpg,datasets_flow/dataset_cropped/09_Metas/08/15/20190908154300_00160.jpg,datasets_cloudmask/dataset_cropped/09_Metas/08/15/20190908154300_00160.png,751.7,726.3,254.1,26.8,960
9/8/2019 15:44,datasets/dataset_cropped/09_Metas/08/15/20190908154400_00160.jpg,datasets_flow/dataset_cropped/09_Metas/08/15/20190908154400_00160.jpg,datasets_cloudmask/dataset_cropped/09_Metas/08/15/20190908154400_00160.png,746.6,735.2,244.2,27,960
9/8/2019 15:45,datasets/dataset_cropped/09_Metas/08/15/20190908154500_00160.jpg,datasets_flow/dataset_cropped/09_Metas/08/15/20190908154500_00160.jpg,datasets_cloudmask/dataset_cropped/09_Metas/08/15/20190908154500_00160.png,743.6,745.1,236.4,26.9,960
9/8/2019 15:46,datasets/dataset_cropped/09_Metas/08/15/20190908154600_00160.jpg,datasets_flow/dataset_cropped/09_Metas/08/15/20190908154600_00160.jpg,datasets_cloudmask/dataset_cropped/09_Metas/08/15/20190908154600_00160.png,739,752.8,228.1,27.1,960
9/8/2019 15:47,datasets/dataset_cropped/09_Metas/08/15/20190908154700_00160.jpg,datasets_flow/dataset_cropped/09_Metas/08/15/20190908154700_00160.jpg,datasets_cloudmask/dataset_cropped/09_Metas/08/15/20190908154700_00160.png,732.3,755.8,221.1,27.1,960
9/8/2019 15:48,datasets/dataset_cropped/09_Metas/08/15/20190908154800_00160.jpg,datasets_flow/dataset_cropped/09_Metas/08/15/20190908154800_00160.jpg,datasets_cloudmask/dataset_cropped/09_Metas/08/15/20190908154800_00160.png,720.1,750.7,214.4,26.8,960
9/8/2019 15:49,datasets/dataset_cropped/09_Metas/08/15/20190908154900_00160.jpg,datasets_flow/dataset_cropped/09_Metas/08/15/20190908154900_00160.jpg,datasets_cloudmask/dataset_cropped/09_Metas/08/15/20190908154900_00160.png,712.4,750.8,208.3,27,960
9/8/2019 15:50,datasets/dataset_cropped/09_Metas/08/15/20190908155000_00160.jpg,datasets_flow/dataset_cropped/09_Metas/08/15/20190908155000_00160.jpg,datasets_cloudmask/dataset_cropped/09_Metas/08/15/20190908155000_00160.png,707.8,754.2,202.7,26.8,960
9/8/2019 15:51,datasets/dataset_cropped/09_Metas/08/15/20190908155100_00160.jpg,datasets_flow/dataset_cropped/09_Metas/08/15/20190908155100_00160.jpg,datasets_cloudmask/dataset_cropped/09_Metas/08/15/20190908155100_00160.png,699.9,752,197.5,26.5,960
9/8/2019 15:52,datasets/dataset_cropped/09_Metas/08/15/20190908155200_00160.jpg,datasets_flow/dataset_cropped/09_Metas/08/15/20190908155200_00160.jpg,datasets_cloudmask/dataset_cropped/09_Metas/08/15/20190908155200_00160.png,699.3,758.9,193.4,26.4,960
9/8/2019 15:53,datasets/dataset_cropped/09_Metas/08/15/20190908155300_00160.jpg,datasets_flow/dataset_cropped/09_Metas/08/15/20190908155300_00160.jpg,datasets_cloudmask/dataset_cropped/09_Metas/08/15/20190908155300_00160.png,695.7,762.5,189.1,26.8,960
9/8/2019 15:54,datasets/dataset_cropped/09_Metas/08/15/20190908155400_00160.jpg,datasets_flow/dataset_cropped/09_Metas/08/15/20190908155400_00160.jpg,datasets_cloudmask/dataset_cropped/09_Metas/08/15/20190908155400_00160.png,691.9,767.6,184,27,960
9/8/2019 15:55,datasets/dataset_cropped/09_Metas/08/15/20190908155500_00160.jpg,datasets_flow/dataset_cropped/09_Metas/08/15/20190908155500_00160.jpg,datasets_cloudmask/dataset_cropped/09_Metas/08/15/20190908155500_00160.png,687.5,770.7,179.7,26.9,960
9/8/2019 15:56,datasets/dataset_cropped/09_Metas/08/15/20190908155600_00160.jpg,datasets_flow/dataset_cropped/09_Metas/08/15/20190908155600_00160.jpg,datasets_cloudmask/dataset_cropped/09_Metas/08/15/20190908155600_00160.png,679.7,766.9,176.3,26.7,960
9/8/2019 15:57,datasets/dataset_cropped/09_Metas/08/15/20190908155700_00160.jpg,datasets_flow/dataset_cropped/09_Metas/08/15/20190908155700_00160.jpg,datasets_cloudmask/dataset_cropped/09_Metas/08/15/20190908155700_00160.png,669.2,756.9,173.8,27,960
9/8/2019 15:58,datasets/dataset_cropped/09_Metas/08/15/20190908155800_00160.jpg,datasets_flow/dataset_cropped/09_Metas/08/15/20190908155800_00160.jpg,datasets_cloudmask/dataset_cropped/09_Metas/08/15/20190908155800_00160.png,665.6,757.2,171.6,27,960
9/8/2019 15:59,datasets/dataset_cropped/09_Metas/08/15/20190908155900_00160.jpg,datasets_flow/dataset_cropped/09_Metas/08/15/20190908155900_00160.jpg,datasets_cloudmask/dataset_cropped/09_Metas/08/15/20190908155900_00160.png,662.6,761.1,168.2,26.8,960
9/8/2019 16:00,datasets/dataset_cropped/09_Metas/08/16/20190908160000_00160.jpg,datasets_flow/dataset_cropped/09_Metas/08/16/20190908160000_00160.jpg,datasets_cloudmask/dataset_cropped/09_Metas/08/16/20190908160000_00160.png,656.4,760.3,164.7,27.1,960
9/8/2019 16:01,datasets/dataset_cropped/09_Metas/08/16/20190908160100_00160.jpg,datasets_flow/dataset_cropped/09_Metas/08/16/20190908160100_00160.jpg,datasets_cloudmask/dataset_cropped/09_Metas/08/16/20190908160100_00160.png,650.5,760.3,160.8,27.5,960
9/8/2019 16:02,datasets/dataset_cropped/09_Metas/08/16/20190908160200_00160.jpg,datasets_flow/dataset_cropped/09_Metas/08/16/20190908160200_00160.jpg,datasets_cloudmask/dataset_cropped/09_Metas/08/16/20190908160200_00160.png,644.6,757.4,159,27.5,960
9/8/2019 16:03,datasets/dataset_cropped/09_Metas/08/16/20190908160300_00160.jpg,datasets_flow/dataset_cropped/09_Metas/08/16/20190908160300_00160.jpg,datasets_cloudmask/dataset_cropped/09_Metas/08/16/20190908160300_00160.png,638.6,754.3,157,26.9,960
9/8/2019 16:04,datasets/dataset_cropped/09_Metas/08/16/20190908160400_00160.jpg,datasets_flow/dataset_cropped/09_Metas/08/16/20190908160400_00160.jpg,datasets_cloudmask/dataset_cropped/09_Metas/08/16/20190908160400_00160.png,636.2,754,156.1,26.9,960
9/8/2019 16:05,datasets/dataset_cropped/09_Metas/08/16/20190908160500_00160.jpg,datasets_flow/dataset_cropped/09_Metas/08/16/20190908160500_00160.jpg,datasets_cloudmask/dataset_cropped/09_Metas/08/16/20190908160500_00160.png,632.1,750,155.7,27,960
9/8/2019 16:06,datasets/dataset_cropped/09_Metas/08/16/20190908160600_00160.jpg,datasets_flow/dataset_cropped/09_Metas/08/16/20190908160600_00160.jpg,datasets_cloudmask/dataset_cropped/09_Metas/08/16/20190908160600_00160.png,628.7,746,156.1,26.8,960
9/8/2019 16:07,datasets/dataset_cropped/09_Metas/08/16/20190908160700_00160.jpg,datasets_flow/dataset_cropped/09_Metas/08/16/20190908160700_00160.jpg,datasets_cloudmask/dataset_cropped/09_Metas/08/16/20190908160700_00160.png,625.8,742.7,156.8,26.9,960
9/8/2019 16:08,datasets/dataset_cropped/09_Metas/08/16/20190908160800_00160.jpg,datasets_flow/dataset_cropped/09_Metas/08/16/20190908160800_00160.jpg,datasets_cloudmask/dataset_cropped/09_Metas/08/16/20190908160800_00160.png,621.6,738.1,157.2,26.9,960
9/8/2019 16:09,datasets/dataset_cropped/09_Metas/08/16/20190908160900_00160.jpg,datasets_flow/dataset_cropped/09_Metas/08/16/20190908160900_00160.jpg,datasets_cloudmask/dataset_cropped/09_Metas/08/16/20190908160900_00160.png,618.5,734.7,157.7,26.9,960
9/8/2019 16:10,datasets/dataset_cropped/09_Metas/08/16/20190908161000_00160.jpg,datasets_flow/dataset_cropped/09_Metas/08/16/20190908161000_00160.jpg,datasets_cloudmask/dataset_cropped/09_Metas/08/16/20190908161000_00160.png,621,736.4,161.2,26.7,960
9/8/2019 16:11,datasets/dataset_cropped/09_Metas/08/16/20190908161100_00160.jpg,datasets_flow/dataset_cropped/09_Metas/08/16/20190908161100_00160.jpg,datasets_cloudmask/dataset_cropped/09_Metas/08/16/20190908161100_00160.png,626.5,736.8,168.3,26.5,960
9/8/2019 16:12,datasets/dataset_cropped/09_Metas/08/16/20190908161200_00160.jpg,datasets_flow/dataset_cropped/09_Metas/08/16/20190908161200_00160.jpg,datasets_cloudmask/dataset_cropped/09_Metas/08/16/20190908161200_00160.png,630.1,732.8,176.4,26.7,960
9/8/2019 16:13,datasets/dataset_cropped/09_Metas/08/16/20190908161300_00160.jpg,datasets_flow/dataset_cropped/09_Metas/08/16/20190908161300_00160.jpg,datasets_cloudmask/dataset_cropped/09_Metas/08/16/20190908161300_00160.png,619.9,715.1,179.2,26.8,960
9/8/2019 16:14,datasets/dataset_cropped/09_Metas/08/16/20190908161400_00160.jpg,datasets_flow/dataset_cropped/09_Metas/08/16/20190908161400_00160.jpg,datasets_cloudmask/dataset_cropped/09_Metas/08/16/20190908161400_00160.png,629.4,733.5,179.4,27.1,960
9/8/2019 16:15,datasets/dataset_cropped/09_Metas/08/16/20190908161500_00160.jpg,datasets_flow/dataset_cropped/09_Metas/08/16/20190908161500_00160.jpg,datasets_cloudmask/dataset_cropped/09_Metas/08/16/20190908161500_00160.png,634.2,738.7,182.5,27.1,960
9/8/2019 16:16,datasets/dataset_cropped/09_Metas/08/16/20190908161600_00160.jpg,datasets_flow/dataset_cropped/09_Metas/08/16/20190908161600_00160.jpg,datasets_cloudmask/dataset_cropped/09_Metas/08/16/20190908161600_00160.png,625.1,730.3,180.6,26.9,960
9/8/2019 16:17,datasets/dataset_cropped/09_Metas/08/16/20190908161700_00160.jpg,datasets_flow/dataset_cropped/09_Metas/08/16/20190908161700_00160.jpg,datasets_cloudmask/dataset_cropped/09_Metas/08/16/20190908161700_00160.png,614.3,724.5,175.1,26.8,960
9/8/2019 16:18,datasets/dataset_cropped/09_Metas/08/16/20190908161800_00160.jpg,datasets_flow/dataset_cropped/09_Metas/08/16/20190908161800_00160.jpg,datasets_cloudmask/dataset_cropped/09_Metas/08/16/20190908161800_00160.png,582.2,688.5,166.6,26.9,960
9/8/2019 16:19,datasets/dataset_cropped/09_Metas/08/16/20190908161900_00160.jpg,datasets_flow/dataset_cropped/09_Metas/08/16/20190908161900_00160.jpg,datasets_cloudmask/dataset_cropped/09_Metas/08/16/20190908161900_00160.png,589.7,718.8,158,26.9,960
9/8/2019 16:20,datasets/dataset_cropped/09_Metas/08/16/20190908162000_00160.jpg,datasets_flow/dataset_cropped/09_Metas/08/16/20190908162000_00160.jpg,datasets_cloudmask/dataset_cropped/09_Metas/08/16/20190908162000_00160.png,587.4,726.7,152.7,27.1,960
9/8/2019 16:21,datasets/dataset_cropped/09_Metas/08/16/20190908162100_00160.jpg,datasets_flow/dataset_cropped/09_Metas/08/16/20190908162100_00160.jpg,datasets_cloudmask/dataset_cropped/09_Metas/08/16/20190908162100_00160.png,582.1,727.2,148.9,27,960
9/8/2019 16:22,datasets/dataset_cropped/09_Metas/08/16/20190908162200_00160.jpg,datasets_flow/dataset_cropped/09_Metas/08/16/20190908162200_00160.jpg,datasets_cloudmask/dataset_cropped/09_Metas/08/16/20190908162200_00160.png,579.8,731.4,146.2,26.8,960
9/8/2019 16:23,datasets/dataset_cropped/09_Metas/08/16/20190908162300_00160.jpg,datasets_flow/dataset_cropped/09_Metas/08/16/20190908162300_00160.jpg,datasets_cloudmask/dataset_cropped/09_Metas/08/16/20190908162300_00160.png,576.6,732.7,144.3,26.5,960
9/8/2019 16:24,datasets/dataset_cropped/09_Metas/08/16/20190908162400_00160.jpg,datasets_flow/dataset_cropped/09_Metas/08/16/20190908162400_00160.jpg,datasets_cloudmask/dataset_cropped/09_Metas/08/16/20190908162400_00160.png,572.6,732.3,142.5,26.6,960
9/8/2019 16:25,datasets/dataset_cropped/09_Metas/08/16/20190908162500_00160.jpg,datasets_flow/dataset_cropped/09_Metas/08/16/20190908162500_00160.jpg,datasets_cloudmask/dataset_cropped/09_Metas/08/16/20190908162500_00160.png,568.2,730,141.3,26.7,960
9/8/2019 16:26,datasets/dataset_cropped/09_Metas/08/16/20190908162600_00160.jpg,datasets_flow/dataset_cropped/09_Metas/08/16/20190908162600_00160.jpg,datasets_cloudmask/dataset_cropped/09_Metas/08/16/20190908162600_00160.png,562.4,725,140.3,26.8,960
9/8/2019 16:27,datasets/dataset_cropped/09_Metas/08/16/20190908162700_00160.jpg,datasets_flow/dataset_cropped/09_Metas/08/16/20190908162700_00160.jpg,datasets_cloudmask/dataset_cropped/09_Metas/08/16/20190908162700_00160.png,557.4,721.7,139.1,26.8,960
9/8/2019 16:28,datasets/dataset_cropped/09_Metas/08/16/20190908162800_00160.jpg,datasets_flow/dataset_cropped/09_Metas/08/16/20190908162800_00160.jpg,datasets_cloudmask/dataset_cropped/09_Metas/08/16/20190908162800_00160.png,553.9,721.2,137.7,26.7,960
9/8/2019 16:29,datasets/dataset_cropped/09_Metas/08/16/20190908162900_00160.jpg,datasets_flow/dataset_cropped/09_Metas/08/16/20190908162900_00160.jpg,datasets_cloudmask/dataset_cropped/09_Metas/08/16/20190908162900_00160.png,548.4,716.2,136.9,26.6,960
9/8/2019 16:30,datasets/dataset_cropped/09_Metas/08/16/20190908163000_00160.jpg,datasets_flow/dataset_cropped/09_Metas/08/16/20190908163000_00160.jpg,datasets_cloudmask/dataset_cropped/09_Metas/08/16/20190908163000_00160.png,544.7,714.3,136.3,26.7,960
9/8/2019 16:31,datasets/dataset_cropped/09_Metas/08/16/20190908163100_00160.jpg,datasets_flow/dataset_cropped/09_Metas/08/16/20190908163100_00160.jpg,datasets_cloudmask/dataset_cropped/09_Metas/08/16/20190908163100_00160.png,538.9,708.6,135.6,26.9,960
9/8/2019 16:32,datasets/dataset_cropped/09_Metas/08/16/20190908163200_00160.jpg,datasets_flow/dataset_cropped/09_Metas/08/16/20190908163200_00160.jpg,datasets_cloudmask/dataset_cropped/09_Metas/08/16/20190908163200_00160.png,537.5,709.7,135.5,27.1,960
9/8/2019 16:33,datasets/dataset_cropped/09_Metas/08/16/20190908163300_00160.jpg,datasets_flow/dataset_cropped/09_Metas/08/16/20190908163300_00160.jpg,datasets_cloudmask/dataset_cropped/09_Metas/08/16/20190908163300_00160.png,535.4,710,135.4,27.2,960
9/8/2019 16:34,datasets/dataset_cropped/09_Metas/08/16/20190908163400_00160.jpg,datasets_flow/dataset_cropped/09_Metas/08/16/20190908163400_00160.jpg,datasets_cloudmask/dataset_cropped/09_Metas/08/16/20190908163400_00160.png,532.5,707.7,135.8,26.9,960
9/8/2019 16:35,datasets/dataset_cropped/09_Metas/08/16/20190908163500_00160.jpg,datasets_flow/dataset_cropped/09_Metas/08/16/20190908163500_00160.jpg,datasets_cloudmask/dataset_cropped/09_Metas/08/16/20190908163500_00160.png,523.8,691.1,138.1,26.8,960
9/8/2019 16:36,datasets/dataset_cropped/09_Metas/08/16/20190908163600_00160.jpg,datasets_flow/dataset_cropped/09_Metas/08/16/20190908163600_00160.jpg,datasets_cloudmask/dataset_cropped/09_Metas/08/16/20190908163600_00160.png,513.2,665.6,143.3,26.9,960
9/8/2019 16:37,datasets/dataset_cropped/09_Metas/08/16/20190908163700_00160.jpg,datasets_flow/dataset_cropped/09_Metas/08/16/20190908163700_00160.jpg,datasets_cloudmask/dataset_cropped/09_Metas/08/16/20190908163700_00160.png,494.2,626.2,149.4,26.8,960
9/8/2019 16:38,datasets/dataset_cropped/09_Metas/08/16/20190908163800_00160.jpg,datasets_flow/dataset_cropped/09_Metas/08/16/20190908163800_00160.jpg,datasets_cloudmask/dataset_cropped/09_Metas/08/16/20190908163800_00160.png,531.3,690.9,150.7,26.7,960
9/8/2019 16:39,datasets/dataset_cropped/09_Metas/08/16/20190908163900_00160.jpg,datasets_flow/dataset_cropped/09_Metas/08/16/20190908163900_00160.jpg,datasets_cloudmask/dataset_cropped/09_Metas/08/16/20190908163900_00160.png,522.4,685.2,147.2,26.8,960
9/8/2019 16:40,datasets/dataset_cropped/09_Metas/08/16/20190908164000_00160.jpg,datasets_flow/dataset_cropped/09_Metas/08/16/20190908164000_00160.jpg,datasets_cloudmask/dataset_cropped/09_Metas/08/16/20190908164000_00160.png,508.9,670.1,144.2,27,960
9/8/2019 16:41,datasets/dataset_cropped/09_Metas/08/16/20190908164100_00160.jpg,datasets_flow/dataset_cropped/09_Metas/08/16/20190908164100_00160.jpg,datasets_cloudmask/dataset_cropped/09_Metas/08/16/20190908164100_00160.png,492.5,640.9,145.7,27,960
9/8/2019 16:42,datasets/dataset_cropped/09_Metas/08/16/20190908164200_00160.jpg,datasets_flow/dataset_cropped/09_Metas/08/16/20190908164200_00160.jpg,datasets_cloudmask/dataset_cropped/09_Metas/08/16/20190908164200_00160.png,237.1,170.3,145.4,27,960
9/8/2019 16:43,datasets/dataset_cropped/09_Metas/08/16/20190908164300_00160.jpg,datasets_flow/dataset_cropped/09_Metas/08/16/20190908164300_00160.jpg,datasets_cloudmask/dataset_cropped/09_Metas/08/16/20190908164300_00160.png,154,19.1,142.1,26.7,960
9/8/2019 16:44,datasets/dataset_cropped/09_Metas/08/16/20190908164400_00160.jpg,datasets_flow/dataset_cropped/09_Metas/08/16/20190908164400_00160.jpg,datasets_cloudmask/dataset_cropped/09_Metas/08/16/20190908164400_00160.png,372.8,422.7,144.1,26.4,960
9/8/2019 16:45,datasets/dataset_cropped/09_Metas/08/16/20190908164500_00160.jpg,datasets_flow/dataset_cropped/09_Metas/08/16/20190908164500_00160.jpg,datasets_cloudmask/dataset_cropped/09_Metas/08/16/20190908164500_00160.png,487.2,653.8,139.3,26.7,960
9/8/2019 16:46,datasets/dataset_cropped/09_Metas/08/16/20190908164600_00160.jpg,datasets_flow/dataset_cropped/09_Metas/08/16/20190908164600_00160.jpg,datasets_cloudmask/dataset_cropped/09_Metas/08/16/20190908164600_00160.png,494.5,677.4,136.5,26.8,960
9/8/2019 16:47,datasets/dataset_cropped/09_Metas/08/16/20190908164700_00160.jpg,datasets_flow/dataset_cropped/09_Metas/08/16/20190908164700_00160.jpg,datasets_cloudmask/dataset_cropped/09_Metas/08/16/20190908164700_00160.png,489.4,672.5,136.3,26.8,960
9/8/2019 16:48,datasets/dataset_cropped/09_Metas/08/16/20190908164800_00160.jpg,datasets_flow/dataset_cropped/09_Metas/08/16/20190908164800_00160.jpg,datasets_cloudmask/dataset_cropped/09_Metas/08/16/20190908164800_00160.png,487.4,672.3,136.2,26.7,960
9/8/2019 16:49,datasets/dataset_cropped/09_Metas/08/16/20190908164900_00160.jpg,datasets_flow/dataset_cropped/09_Metas/08/16/20190908164900_00160.jpg,datasets_cloudmask/dataset_cropped/09_Metas/08/16/20190908164900_00160.png,484.2,670.7,135.7,27,960
9/8/2019 16:50,datasets/dataset_cropped/09_Metas/08/16/20190908165000_00160.jpg,datasets_flow/dataset_cropped/09_Metas/08/16/20190908165000_00160.jpg,datasets_cloudmask/dataset_cropped/09_Metas/08/16/20190908165000_00160.png,479.4,664.8,136,27,960
9/8/2019 16:51,datasets/dataset_cropped/09_Metas/08/16/20190908165100_00160.jpg,datasets_flow/dataset_cropped/09_Metas/08/16/20190908165100_00160.jpg,datasets_cloudmask/dataset_cropped/09_Metas/08/16/20190908165100_00160.png,477.5,665.7,135.6,26.9,960
9/8/2019 16:52,datasets/dataset_cropped/09_Metas/08/16/20190908165200_00160.jpg,datasets_flow/dataset_cropped/09_Metas/08/16/20190908165200_00160.jpg,datasets_cloudmask/dataset_cropped/09_Metas/08/16/20190908165200_00160.png,475.5,667.4,134.7,26.9,960
9/8/2019 16:53,datasets/dataset_cropped/09_Metas/08/16/20190908165300_00160.jpg,datasets_flow/dataset_cropped/09_Metas/08/16/20190908165300_00160.jpg,datasets_cloudmask/dataset_cropped/09_Metas/08/16/20190908165300_00160.png,468.6,659.1,133.8,26.7,960
9/8/2019 16:54,datasets/dataset_cropped/09_Metas/08/16/20190908165400_00160.jpg,datasets_flow/dataset_cropped/09_Metas/08/16/20190908165400_00160.jpg,datasets_cloudmask/dataset_cropped/09_Metas/08/16/20190908165400_00160.png,466.4,658,134,26.9,960
9/8/2019 16:55,datasets/dataset_cropped/09_Metas/08/16/20190908165500_00160.jpg,datasets_flow/dataset_cropped/09_Metas/08/16/20190908165500_00160.jpg,datasets_cloudmask/dataset_cropped/09_Metas/08/16/20190908165500_00160.png,466.2,661.7,134,27.3,960
9/8/2019 16:56,datasets/dataset_cropped/09_Metas/08/16/20190908165600_00160.jpg,datasets_flow/dataset_cropped/09_Metas/08/16/20190908165600_00160.jpg,datasets_cloudmask/dataset_cropped/09_Metas/08/16/20190908165600_00160.png,458.5,651.6,133.7,27.6,960
9/8/2019 16:57,datasets/dataset_cropped/09_Metas/08/16/20190908165700_00160.jpg,datasets_flow/dataset_cropped/09_Metas/08/16/20190908165700_00160.jpg,datasets_cloudmask/dataset_cropped/09_Metas/08/16/20190908165700_00160.png,452.2,644.4,133.2,27.3,960
9/8/2019 16:58,datasets/dataset_cropped/09_Metas/08/16/20190908165800_00160.jpg,datasets_flow/dataset_cropped/09_Metas/08/16/20190908165800_00160.jpg,datasets_cloudmask/dataset_cropped/09_Metas/08/16/20190908165800_00160.png,451.8,647.9,133.1,27,960
9/8/2019 16:59,datasets/dataset_cropped/09_Metas/08/16/20190908165900_00160.jpg,datasets_flow/dataset_cropped/09_Metas/08/16/20190908165900_00160.jpg,datasets_cloudmask/dataset_cropped/09_Metas/08/16/20190908165900_00160.png,446.4,641.1,133,26.8,960
9/8/2019 17:00,datasets/dataset_cropped/09_Metas/08/17/20190908170000_00160.jpg,datasets_flow/dataset_cropped/09_Metas/08/17/20190908170000_00160.jpg,datasets_cloudmask/dataset_cropped/09_Metas/08/17/20190908170000_00160.png,442.5,636.5,133.2,26.8,960
9/8/2019 17:01,datasets/dataset_cropped/09_Metas/08/17/20190908170100_00160.jpg,datasets_flow/dataset_cropped/09_Metas/08/17/20190908170100_00160.jpg,datasets_cloudmask/dataset_cropped/09_Metas/08/17/20190908170100_00160.png,434.3,622.7,133.4,26.8,960
9/8/2019 17:02,datasets/dataset_cropped/09_Metas/08/17/20190908170200_00160.jpg,datasets_flow/dataset_cropped/09_Metas/08/17/20190908170200_00160.jpg,datasets_cloudmask/dataset_cropped/09_Metas/08/17/20190908170200_00160.png,432.1,622,133.3,26.9,960
9/8/2019 17:03,datasets/dataset_cropped/09_Metas/08/17/20190908170300_00160.jpg,datasets_flow/dataset_cropped/09_Metas/08/17/20190908170300_00160.jpg,datasets_cloudmask/dataset_cropped/09_Metas/08/17/20190908170300_00160.png,420,601.7,132.5,27,960
9/8/2019 17:04,datasets/dataset_cropped/09_Metas/08/17/20190908170400_00160.jpg,datasets_flow/dataset_cropped/09_Metas/08/17/20190908170400_00160.jpg,datasets_cloudmask/dataset_cropped/09_Metas/08/17/20190908170400_00160.png,430.6,626.8,132.9,27.1,960
9/8/2019 17:05,datasets/dataset_cropped/09_Metas/08/17/20190908170500_00160.jpg,datasets_flow/dataset_cropped/09_Metas/08/17/20190908170500_00160.jpg,datasets_cloudmask/dataset_cropped/09_Metas/08/17/20190908170500_00160.png,422.9,611.8,134.2,27,960
9/8/2019 17:06,datasets/dataset_cropped/09_Metas/08/17/20190908170600_00160.jpg,datasets_flow/dataset_cropped/09_Metas/08/17/20190908170600_00160.jpg,datasets_cloudmask/dataset_cropped/09_Metas/08/17/20190908170600_00160.png,378.5,521.1,135.3,26.9,960
9/8/2019 17:07,datasets/dataset_cropped/09_Metas/08/17/20190908170700_00160.jpg,datasets_flow/dataset_cropped/09_Metas/08/17/20190908170700_00160.jpg,datasets_cloudmask/dataset_cropped/09_Metas/08/17/20190908170700_00160.png,369.4,497.8,136.8,27.1,960
9/8/2019 17:08,datasets/dataset_cropped/09_Metas/08/17/20190908170800_00160.jpg,datasets_flow/dataset_cropped/09_Metas/08/17/20190908170800_00160.jpg,datasets_cloudmask/dataset_cropped/09_Metas/08/17/20190908170800_00160.png,352.3,467.5,136.4,27.1,960
9/8/2019 17:09,datasets/dataset_cropped/09_Metas/08/17/20190908170900_00160.jpg,datasets_flow/dataset_cropped/09_Metas/08/17/20190908170900_00160.jpg,datasets_cloudmask/dataset_cropped/09_Metas/08/17/20190908170900_00160.png,317.3,393.8,136.8,26.9,960
9/8/2019 17:10,datasets/dataset_cropped/09_Metas/08/17/20190908171000_00160.jpg,datasets_flow/dataset_cropped/09_Metas/08/17/20190908171000_00160.jpg,datasets_cloudmask/dataset_cropped/09_Metas/08/17/20190908171000_00160.png,329,417.8,138.6,26.8,960
9/8/2019 17:11,datasets/dataset_cropped/09_Metas/08/17/20190908171100_00160.jpg,datasets_flow/dataset_cropped/09_Metas/08/17/20190908171100_00160.jpg,datasets_cloudmask/dataset_cropped/09_Metas/08/17/20190908171100_00160.png,374.6,524.5,136.7,27.1,960
9/8/2019 17:12,datasets/dataset_cropped/09_Metas/08/17/20190908171200_00160.jpg,datasets_flow/dataset_cropped/09_Metas/08/17/20190908171200_00160.jpg,datasets_cloudmask/dataset_cropped/09_Metas/08/17/20190908171200_00160.png,390.5,566.3,135,27,960
9/8/2019 17:13,datasets/dataset_cropped/09_Metas/08/17/20190908171300_00160.jpg,datasets_flow/dataset_cropped/09_Metas/08/17/20190908171300_00160.jpg,datasets_cloudmask/dataset_cropped/09_Metas/08/17/20190908171300_00160.png,385.2,561,133.7,26.9,960
9/8/2019 17:14,datasets/dataset_cropped/09_Metas/08/17/20190908171400_00160.jpg,datasets_flow/dataset_cropped/09_Metas/08/17/20190908171400_00160.jpg,datasets_cloudmask/dataset_cropped/09_Metas/08/17/20190908171400_00160.png,373.9,540.6,133.3,26.9,960
9/8/2019 17:15,datasets/dataset_cropped/09_Metas/08/17/20190908171500_00160.jpg,datasets_flow/dataset_cropped/09_Metas/08/17/20190908171500_00160.jpg,datasets_cloudmask/dataset_cropped/09_Metas/08/17/20190908171500_00160.png,370.1,536,133.1,26.7,960
9/8/2019 17:16,datasets/dataset_cropped/09_Metas/08/17/20190908171600_00160.jpg,datasets_flow/dataset_cropped/09_Metas/08/17/20190908171600_00160.jpg,datasets_cloudmask/dataset_cropped/09_Metas/08/17/20190908171600_00160.png,372,543.7,133.3,26.9,960
9/8/2019 17:17,datasets/dataset_cropped/09_Metas/08/17/20190908171700_00160.jpg,datasets_flow/dataset_cropped/09_Metas/08/17/20190908171700_00160.jpg,datasets_cloudmask/dataset_cropped/09_Metas/08/17/20190908171700_00160.png,384.9,577.7,133.2,26.7,960
9/8/2019 17:18,datasets/dataset_cropped/09_Metas/08/17/20190908171800_00160.jpg,datasets_flow/dataset_cropped/09_Metas/08/17/20190908171800_00160.jpg,datasets_cloudmask/dataset_cropped/09_Metas/08/17/20190908171800_00160.png,392.4,598.4,133.5,26.6,960
9/8/2019 17:19,datasets/dataset_cropped/09_Metas/08/17/20190908171900_00160.jpg,datasets_flow/dataset_cropped/09_Metas/08/17/20190908171900_00160.jpg,datasets_cloudmask/dataset_cropped/09_Metas/08/17/20190908171900_00160.png,393.2,605.6,133.2,26.7,960
9/8/2019 17:20,datasets/dataset_cropped/09_Metas/08/17/20190908172000_00160.jpg,datasets_flow/dataset_cropped/09_Metas/08/17/20190908172000_00160.jpg,datasets_cloudmask/dataset_cropped/09_Metas/08/17/20190908172000_00160.png,391.7,608.3,132.7,26.8,960
9/8/2019 17:21,datasets/dataset_cropped/09_Metas/08/17/20190908172100_00160.jpg,datasets_flow/dataset_cropped/09_Metas/08/17/20190908172100_00160.jpg,datasets_cloudmask/dataset_cropped/09_Metas/08/17/20190908172100_00160.png,388.9,607.9,132.1,26.8,960
9/8/2019 17:22,datasets/dataset_cropped/09_Metas/08/17/20190908172200_00160.jpg,datasets_flow/dataset_cropped/09_Metas/08/17/20190908172200_00160.jpg,datasets_cloudmask/dataset_cropped/09_Metas/08/17/20190908172200_00160.png,385.9,607,131.4,26.8,960
9/8/2019 17:23,datasets/dataset_cropped/09_Metas/08/17/20190908172300_00160.jpg,datasets_flow/dataset_cropped/09_Metas/08/17/20190908172300_00160.jpg,datasets_cloudmask/dataset_cropped/09_Metas/08/17/20190908172300_00160.png,383.9,608.8,130.5,26.7,960
9/8/2019 17:24,datasets/dataset_cropped/09_Metas/08/17/20190908172400_00160.jpg,datasets_flow/dataset_cropped/09_Metas/08/17/20190908172400_00160.jpg,datasets_cloudmask/dataset_cropped/09_Metas/08/17/20190908172400_00160.png,381.1,611,128.5,26.4,960
9/8/2019 17:25,datasets/dataset_cropped/09_Metas/08/17/20190908172500_00160.jpg,datasets_flow/dataset_cropped/09_Metas/08/17/20190908172500_00160.jpg,datasets_cloudmask/dataset_cropped/09_Metas/08/17/20190908172500_00160.png,377.4,608.3,128,26.5,960
9/8/2019 17:26,datasets/dataset_cropped/09_Metas/08/17/20190908172600_00160.jpg,datasets_flow/dataset_cropped/09_Metas/08/17/20190908172600_00160.jpg,datasets_cloudmask/dataset_cropped/09_Metas/08/17/20190908172600_00160.png,374.4,606.3,127.8,26.7,960
9/8/2019 17:27,datasets/dataset_cropped/09_Metas/08/17/20190908172700_00160.jpg,datasets_flow/dataset_cropped/09_Metas/08/17/20190908172700_00160.jpg,datasets_cloudmask/dataset_cropped/09_Metas/08/17/20190908172700_00160.png,371.1,604.5,127.2,26.7,960
9/8/2019 17:28,datasets/dataset_cropped/09_Metas/08/17/20190908172800_00160.jpg,datasets_flow/dataset_cropped/09_Metas/08/17/20190908172800_00160.jpg,datasets_cloudmask/dataset_cropped/09_Metas/08/17/20190908172800_00160.png,367,602.8,125.7,26.6,960
9/8/2019 17:29,datasets/dataset_cropped/09_Metas/08/17/20190908172900_00160.jpg,datasets_flow/dataset_cropped/09_Metas/08/17/20190908172900_00160.jpg,datasets_cloudmask/dataset_cropped/09_Metas/08/17/20190908172900_00160.png,362.7,600.9,124,26.4,960
9/8/2019 17:30,datasets/dataset_cropped/09_Metas/08/17/20190908173000_00160.jpg,datasets_flow/dataset_cropped/09_Metas/08/17/20190908173000_00160.jpg,datasets_cloudmask/dataset_cropped/09_Metas/08/17/20190908173000_00160.png,360.3,603.4,122.3,26.5,960
9/8/2019 17:31,datasets/dataset_cropped/09_Metas/08/17/20190908173100_00160.jpg,datasets_flow/dataset_cropped/09_Metas/08/17/20190908173100_00160.jpg,datasets_cloudmask/dataset_cropped/09_Metas/08/17/20190908173100_00160.png,358.2,605.6,121.5,26.6,960
9/8/2019 17:32,datasets/dataset_cropped/09_Metas/08/17/20190908173200_00160.jpg,datasets_flow/dataset_cropped/09_Metas/08/17/20190908173200_00160.jpg,datasets_cloudmask/dataset_cropped/09_Metas/08/17/20190908173200_00160.png,356.3,607.5,120.8,26.7,960
9/8/2019 17:33,datasets/dataset_cropped/09_Metas/08/17/20190908173300_00160.jpg,datasets_flow/dataset_cropped/09_Metas/08/17/20190908173300_00160.jpg,datasets_cloudmask/dataset_cropped/09_Metas/08/17/20190908173300_00160.png,353.1,604.2,120.7,26.6,960
9/8/2019 17:34,datasets/dataset_cropped/09_Metas/08/17/20190908173400_00160.jpg,datasets_flow/dataset_cropped/09_Metas/08/17/20190908173400_00160.jpg,datasets_cloudmask/dataset_cropped/09_Metas/08/17/20190908173400_00160.png,349.6,599.6,121,26.4,960
9/8/2019 17:35,datasets/dataset_cropped/09_Metas/08/17/20190908173500_00160.jpg,datasets_flow/dataset_cropped/09_Metas/08/17/20190908173500_00160.jpg,datasets_cloudmask/dataset_cropped/09_Metas/08/17/20190908173500_00160.png,344.7,591.5,121.1,26.4,960
9/8/2019 17:36,datasets/dataset_cropped/09_Metas/08/17/20190908173600_00160.jpg,datasets_flow/dataset_cropped/09_Metas/08/17/20190908173600_00160.jpg,datasets_cloudmask/dataset_cropped/09_Metas/08/17/20190908173600_00160.png,337.3,577,121.1,26.4,960
9/8/2019 17:37,datasets/dataset_cropped/09_Metas/08/17/20190908173700_00160.jpg,datasets_flow/dataset_cropped/09_Metas/08/17/20190908173700_00160.jpg,datasets_cloudmask/dataset_cropped/09_Metas/08/17/20190908173700_00160.png,328.1,555.2,121.9,26.4,960
9/8/2019 17:38,datasets/dataset_cropped/09_Metas/08/17/20190908173800_00160.jpg,datasets_flow/dataset_cropped/09_Metas/08/17/20190908173800_00160.jpg,datasets_cloudmask/dataset_cropped/09_Metas/08/17/20190908173800_00160.png,267.7,392.2,122.8,26.3,960
9/8/2019 17:39,datasets/dataset_cropped/09_Metas/08/17/20190908173900_00160.jpg,datasets_flow/dataset_cropped/09_Metas/08/17/20190908173900_00160.jpg,datasets_cloudmask/dataset_cropped/09_Metas/08/17/20190908173900_00160.png,118.6,12.2,113.8,26.4,960
9/8/2019 17:40,datasets/dataset_cropped/09_Metas/08/17/20190908174000_00160.jpg,datasets_flow/dataset_cropped/09_Metas/08/17/20190908174000_00160.jpg,datasets_cloudmask/dataset_cropped/09_Metas/08/17/20190908174000_00160.png,112.8,4.8,110.9,26.4,960
9/8/2019 17:41,datasets/dataset_cropped/09_Metas/08/17/20190908174100_00160.jpg,datasets_flow/dataset_cropped/09_Metas/08/17/20190908174100_00160.jpg,datasets_cloudmask/dataset_cropped/09_Metas/08/17/20190908174100_00160.png,116.8,8.7,113.3,26,960
9/8/2019 17:42,datasets/dataset_cropped/09_Metas/08/17/20190908174200_00160.jpg,datasets_flow/dataset_cropped/09_Metas/08/17/20190908174200_00160.jpg,datasets_cloudmask/dataset_cropped/09_Metas/08/17/20190908174200_00160.png,122.4,26.9,112.6,25.9,960
9/8/2019 17:43,datasets/dataset_cropped/09_Metas/08/17/20190908174300_00160.jpg,datasets_flow/dataset_cropped/09_Metas/08/17/20190908174300_00160.jpg,datasets_cloudmask/dataset_cropped/09_Metas/08/17/20190908174300_00160.png,122.4,21.1,114.1,25.8,960
9/8/2019 17:44,datasets/dataset_cropped/09_Metas/08/17/20190908174400_00160.jpg,datasets_flow/dataset_cropped/09_Metas/08/17/20190908174400_00160.jpg,datasets_cloudmask/dataset_cropped/09_Metas/08/17/20190908174400_00160.png,233.9,331.1,118,25.7,960
9/8/2019 17:45,datasets/dataset_cropped/09_Metas/08/17/20190908174500_00160.jpg,datasets_flow/dataset_cropped/09_Metas/08/17/20190908174500_00160.jpg,datasets_cloudmask/dataset_cropped/09_Metas/08/17/20190908174500_00160.png,284.5,477.5,119,25.8,960
9/8/2019 17:46,datasets/dataset_cropped/09_Metas/08/17/20190908174600_00160.jpg,datasets_flow/dataset_cropped/09_Metas/08/17/20190908174600_00160.jpg,datasets_cloudmask/dataset_cropped/09_Metas/08/17/20190908174600_00160.png,288.9,491.3,120.5,25.9,960
9/8/2019 17:47,datasets/dataset_cropped/09_Metas/08/17/20190908174700_00160.jpg,datasets_flow/dataset_cropped/09_Metas/08/17/20190908174700_00160.jpg,datasets_cloudmask/dataset_cropped/09_Metas/08/17/20190908174700_00160.png,289.4,495.8,121.2,26.1,960
9/8/2019 17:48,datasets/dataset_cropped/09_Metas/08/17/20190908174800_00160.jpg,datasets_flow/dataset_cropped/09_Metas/08/17/20190908174800_00160.jpg,datasets_cloudmask/dataset_cropped/09_Metas/08/17/20190908174800_00160.png,283.6,491.3,118.9,26.3,960
9/8/2019 17:49,datasets/dataset_cropped/09_Metas/08/17/20190908174900_00160.jpg,datasets_flow/dataset_cropped/09_Metas/08/17/20190908174900_00160.jpg,datasets_cloudmask/dataset_cropped/09_Metas/08/17/20190908174900_00160.png,284.9,503.4,117.9,26.5,960
9/8/2019 17:50,datasets/dataset_cropped/09_Metas/08/17/20190908175000_00160.jpg,datasets_flow/dataset_cropped/09_Metas/08/17/20190908175000_00160.jpg,datasets_cloudmask/dataset_cropped/09_Metas/08/17/20190908175000_00160.png,281.4,497.2,118.3,26.6,960
9/8/2019 17:51,datasets/dataset_cropped/09_Metas/08/17/20190908175100_00160.jpg,datasets_flow/dataset_cropped/09_Metas/08/17/20190908175100_00160.jpg,datasets_cloudmask/dataset_cropped/09_Metas/08/17/20190908175100_00160.png,263.4,449.8,117.8,26.6,960
9/8/2019 17:52,datasets/dataset_cropped/09_Metas/08/17/20190908175200_00160.jpg,datasets_flow/dataset_cropped/09_Metas/08/17/20190908175200_00160.jpg,datasets_cloudmask/dataset_cropped/09_Metas/08/17/20190908175200_00160.png,258.7,445.7,115.5,26.4,960
9/8/2019 17:53,datasets/dataset_cropped/09_Metas/08/17/20190908175300_00160.jpg,datasets_flow/dataset_cropped/09_Metas/08/17/20190908175300_00160.jpg,datasets_cloudmask/dataset_cropped/09_Metas/08/17/20190908175300_00160.png,249.6,427,113.8,26.5,960
9/8/2019 17:54,datasets/dataset_cropped/09_Metas/08/17/20190908175400_00160.jpg,datasets_flow/dataset_cropped/09_Metas/08/17/20190908175400_00160.jpg,datasets_cloudmask/dataset_cropped/09_Metas/08/17/20190908175400_00160.png,184.9,230.9,112.1,26.2,960
9/8/2019 17:55,datasets/dataset_cropped/09_Metas/08/17/20190908175500_00160.jpg,datasets_flow/dataset_cropped/09_Metas/08/17/20190908175500_00160.jpg,datasets_cloudmask/dataset_cropped/09_Metas/08/17/20190908175500_00160.png,125,49,109.5,26,960
9/8/2019 17:56,datasets/dataset_cropped/09_Metas/08/17/20190908175600_00160.jpg,datasets_flow/dataset_cropped/09_Metas/08/17/20190908175600_00160.jpg,datasets_cloudmask/dataset_cropped/09_Metas/08/17/20190908175600_00160.png,112.6,19.1,106.2,25.9,960
9/8/2019 17:57,datasets/dataset_cropped/09_Metas/08/17/20190908175700_00160.jpg,datasets_flow/dataset_cropped/09_Metas/08/17/20190908175700_00160.jpg,datasets_cloudmask/dataset_cropped/09_Metas/08/17/20190908175700_00160.png,109.8,15.6,104.5,25.7,960
9/8/2019 17:58,datasets/dataset_cropped/09_Metas/08/17/20190908175800_00160.jpg,datasets_flow/dataset_cropped/09_Metas/08/17/20190908175800_00160.jpg,datasets_cloudmask/dataset_cropped/09_Metas/08/17/20190908175800_00160.png,108.4,14.3,103.5,25.8,960
9/8/2019 17:59,datasets/dataset_cropped/09_Metas/08/17/20190908175900_00160.jpg,datasets_flow/dataset_cropped/09_Metas/08/17/20190908175900_00160.jpg,datasets_cloudmask/dataset_cropped/09_Metas/08/17/20190908175900_00160.png,108.2,15.2,103,26,960
9/8/2019 18:00,datasets/dataset_cropped/09_Metas/08/18/20190908180000_00160.jpg,datasets_flow/dataset_cropped/09_Metas/08/18/20190908180000_00160.jpg,datasets_cloudmask/dataset_cropped/09_Metas/08/18/20190908180000_00160.png,108.9,15.6,103.7,26,960
9/8/2019 18:01,datasets/dataset_cropped/09_Metas/08/18/20190908180100_00160.jpg,datasets_flow/dataset_cropped/09_Metas/08/18/20190908180100_00160.jpg,datasets_cloudmask/dataset_cropped/09_Metas/08/18/20190908180100_00160.png,113.3,29.5,104.2,25.9,960
9/8/2019 18:02,datasets/dataset_cropped/09_Metas/08/18/20190908180200_00160.jpg,datasets_flow/dataset_cropped/09_Metas/08/18/20190908180200_00160.jpg,datasets_cloudmask/dataset_cropped/09_Metas/08/18/20190908180200_00160.png,178.6,258.4,103.2,26,960
9/8/2019 18:03,datasets/dataset_cropped/09_Metas/08/18/20190908180300_00160.jpg,datasets_flow/dataset_cropped/09_Metas/08/18/20190908180300_00160.jpg,datasets_cloudmask/dataset_cropped/09_Metas/08/18/20190908180300_00160.png,231.4,450.6,102.4,26.1,960
9/8/2019 18:04,datasets/dataset_cropped/09_Metas/08/18/20190908180400_00160.jpg,datasets_flow/dataset_cropped/09_Metas/08/18/20190908180400_00160.jpg,datasets_cloudmask/dataset_cropped/09_Metas/08/18/20190908180400_00160.png,226.5,442.3,101.4,26.1,960
9/8/2019 18:05,datasets/dataset_cropped/09_Metas/08/18/20190908180500_00160.jpg,datasets_flow/dataset_cropped/09_Metas/08/18/20190908180500_00160.jpg,datasets_cloudmask/dataset_cropped/09_Metas/08/18/20190908180500_00160.png,221.3,434.4,100.2,26.1,960
9/8/2019 18:06,datasets/dataset_cropped/09_Metas/08/18/20190908180600_00160.jpg,datasets_flow/dataset_cropped/09_Metas/08/18/20190908180600_00160.jpg,datasets_cloudmask/dataset_cropped/09_Metas/08/18/20190908180600_00160.png,177.4,285.8,99.8,26.1,960
9/8/2019 18:07,datasets/dataset_cropped/09_Metas/08/18/20190908180700_00160.jpg,datasets_flow/dataset_cropped/09_Metas/08/18/20190908180700_00160.jpg,datasets_cloudmask/dataset_cropped/09_Metas/08/18/20190908180700_00160.png,190.5,333.9,100.6,26.1,960
9/8/2019 18:08,datasets/dataset_cropped/09_Metas/08/18/20190908180800_00160.jpg,datasets_flow/dataset_cropped/09_Metas/08/18/20190908180800_00160.jpg,datasets_cloudmask/dataset_cropped/09_Metas/08/18/20190908180800_00160.png,211,408.3,101.5,26.3,960
9/8/2019 18:09,datasets/dataset_cropped/09_Metas/08/18/20190908180900_00160.jpg,datasets_flow/dataset_cropped/09_Metas/08/18/20190908180900_00160.jpg,datasets_cloudmask/dataset_cropped/09_Metas/08/18/20190908180900_00160.png,215,423.5,102.8,26.4,960
9/8/2019 18:10,datasets/dataset_cropped/09_Metas/08/18/20190908181000_00160.jpg,datasets_flow/dataset_cropped/09_Metas/08/18/20190908181000_00160.jpg,datasets_cloudmask/dataset_cropped/09_Metas/08/18/20190908181000_00160.png,214.1,426.1,102.7,26.5,960
9/8/2019 18:11,datasets/dataset_cropped/09_Metas/08/18/20190908181100_00160.jpg,datasets_flow/dataset_cropped/09_Metas/08/18/20190908181100_00160.jpg,datasets_cloudmask/dataset_cropped/09_Metas/08/18/20190908181100_00160.png,210.2,423.8,100.8,26.4,960
9/8/2019 18:12,datasets/dataset_cropped/09_Metas/08/18/20190908181200_00160.jpg,datasets_flow/dataset_cropped/09_Metas/08/18/20190908181200_00160.jpg,datasets_cloudmask/dataset_cropped/09_Metas/08/18/20190908181200_00160.png,206.6,423,98.9,26.4,960
9/8/2019 18:13,datasets/dataset_cropped/09_Metas/08/18/20190908181300_00160.jpg,datasets_flow/dataset_cropped/09_Metas/08/18/20190908181300_00160.jpg,datasets_cloudmask/dataset_cropped/09_Metas/08/18/20190908181300_00160.png,201.2,416.2,96.6,26.4,960
9/8/2019 18:14,datasets/dataset_cropped/09_Metas/08/18/20190908181400_00160.jpg,datasets_flow/dataset_cropped/09_Metas/08/18/20190908181400_00160.jpg,datasets_cloudmask/dataset_cropped/09_Metas/08/18/20190908181400_00160.png,195.3,408.3,93.9,26.4,960
9/8/2019 18:15,datasets/dataset_cropped/09_Metas/08/18/20190908181500_00160.jpg,datasets_flow/dataset_cropped/09_Metas/08/18/20190908181500_00160.jpg,datasets_cloudmask/dataset_cropped/09_Metas/08/18/20190908181500_00160.png,192.4,407,92.7,26.4,960
9/8/2019 18:16,datasets/dataset_cropped/09_Metas/08/18/20190908181600_00160.jpg,datasets_flow/dataset_cropped/09_Metas/08/18/20190908181600_00160.jpg,datasets_cloudmask/dataset_cropped/09_Metas/08/18/20190908181600_00160.png,188.5,399.3,92,26.1,960
9/8/2019 18:17,datasets/dataset_cropped/09_Metas/08/18/20190908181700_00160.jpg,datasets_flow/dataset_cropped/09_Metas/08/18/20190908181700_00160.jpg,datasets_cloudmask/dataset_cropped/09_Metas/08/18/20190908181700_00160.png,183.7,389.5,90.8,26,960
9/8/2019 18:18,datasets/dataset_cropped/09_Metas/08/18/20190908181800_00160.jpg,datasets_flow/dataset_cropped/09_Metas/08/18/20190908181800_00160.jpg,datasets_cloudmask/dataset_cropped/09_Metas/08/18/20190908181800_00160.png,180,384.8,89.2,26.1,960
9/8/2019 18:19,datasets/dataset_cropped/09_Metas/08/18/20190908181900_00160.jpg,datasets_flow/dataset_cropped/09_Metas/08/18/20190908181900_00160.jpg,datasets_cloudmask/dataset_cropped/09_Metas/08/18/20190908181900_00160.png,177.8,386.1,88.1,26.1,960
9/8/2019 18:20,datasets/dataset_cropped/09_Metas/08/18/20190908182000_00160.jpg,datasets_flow/dataset_cropped/09_Metas/08/18/20190908182000_00160.jpg,datasets_cloudmask/dataset_cropped/09_Metas/08/18/20190908182000_00160.png,174.1,380.1,87,26,960
9/8/2019 18:21,datasets/dataset_cropped/09_Metas/08/18/20190908182100_00160.jpg,datasets_flow/dataset_cropped/09_Metas/08/18/20190908182100_00160.jpg,datasets_cloudmask/dataset_cropped/09_Metas/08/18/20190908182100_00160.png,168,367.5,85.2,26,960
9/8/2019 18:22,datasets/dataset_cropped/09_Metas/08/18/20190908182200_00160.jpg,datasets_flow/dataset_cropped/09_Metas/08/18/20190908182200_00160.jpg,datasets_cloudmask/dataset_cropped/09_Metas/08/18/20190908182200_00160.png,161,352.1,82.9,26.1,960
9/8/2019 18:23,datasets/dataset_cropped/09_Metas/08/18/20190908182300_00160.jpg,datasets_flow/dataset_cropped/09_Metas/08/18/20190908182300_00160.jpg,datasets_cloudmask/dataset_cropped/09_Metas/08/18/20190908182300_00160.png,156.4,345.6,81,26,960
9/8/2019 18:24,datasets/dataset_cropped/09_Metas/08/18/20190908182400_00160.jpg,datasets_flow/dataset_cropped/09_Metas/08/18/20190908182400_00160.jpg,datasets_cloudmask/dataset_cropped/09_Metas/08/18/20190908182400_00160.png,150.3,330.2,79.4,25.8,960
9/8/2019 18:25,datasets/dataset_cropped/09_Metas/08/18/20190908182500_00160.jpg,datasets_flow/dataset_cropped/09_Metas/08/18/20190908182500_00160.jpg,datasets_cloudmask/dataset_cropped/09_Metas/08/18/20190908182500_00160.png,147.8,328.7,78.3,25.7,960
9/8/2019 18:26,datasets/dataset_cropped/09_Metas/08/18/20190908182600_00160.jpg,datasets_flow/dataset_cropped/09_Metas/08/18/20190908182600_00160.jpg,datasets_cloudmask/dataset_cropped/09_Metas/08/18/20190908182600_00160.png,146.5,329,78,25.8,960
9/8/2019 18:27,datasets/dataset_cropped/09_Metas/08/18/20190908182700_00160.jpg,datasets_flow/dataset_cropped/09_Metas/08/18/20190908182700_00160.jpg,datasets_cloudmask/dataset_cropped/09_Metas/08/18/20190908182700_00160.png,143.7,326.7,77,25.9,960
9/8/2019 18:28,datasets/dataset_cropped/09_Metas/08/18/20190908182800_00160.jpg,datasets_flow/dataset_cropped/09_Metas/08/18/20190908182800_00160.jpg,datasets_cloudmask/dataset_cropped/09_Metas/08/18/20190908182800_00160.png,137.9,313.1,75.1,25.9,960
9/8/2019 18:29,datasets/dataset_cropped/09_Metas/08/18/20190908182900_00160.jpg,datasets_flow/dataset_cropped/09_Metas/08/18/20190908182900_00160.jpg,datasets_cloudmask/dataset_cropped/09_Metas/08/18/20190908182900_00160.png,131.1,294,73.2,25.8,960
9/8/2019 18:30,datasets/dataset_cropped/09_Metas/08/18/20190908183000_00160.jpg,datasets_flow/dataset_cropped/09_Metas/08/18/20190908183000_00160.jpg,datasets_cloudmask/dataset_cropped/09_Metas/08/18/20190908183000_00160.png,121.1,254.9,71.7,25.7,960
9/8/2019 18:31,datasets/dataset_cropped/09_Metas/08/18/20190908183100_00160.jpg,datasets_flow/dataset_cropped/09_Metas/08/18/20190908183100_00160.jpg,datasets_cloudmask/dataset_cropped/09_Metas/08/18/20190908183100_00160.png,116.4,241.3,70.4,25.6,960
9/8/2019 18:32,datasets/dataset_cropped/09_Metas/08/18/20190908183200_00160.jpg,datasets_flow/dataset_cropped/09_Metas/08/18/20190908183200_00160.jpg,datasets_cloudmask/dataset_cropped/09_Metas/08/18/20190908183200_00160.png,104.3,187.1,69.2,25.5,960
9/8/2019 18:33,datasets/dataset_cropped/09_Metas/08/18/20190908183300_00160.jpg,datasets_flow/dataset_cropped/09_Metas/08/18/20190908183300_00160.jpg,datasets_cloudmask/dataset_cropped/09_Metas/08/18/20190908183300_00160.png,91.1,121.7,68.5,25.5,960
9/8/2019 18:34,datasets/dataset_cropped/09_Metas/08/18/20190908183400_00160.jpg,datasets_flow/dataset_cropped/09_Metas/08/18/20190908183400_00160.jpg,datasets_cloudmask/dataset_cropped/09_Metas/08/18/20190908183400_00160.png,100.6,178.8,68.2,25.4,960
9/8/2019 18:35,datasets/dataset_cropped/09_Metas/08/18/20190908183500_00160.jpg,datasets_flow/dataset_cropped/09_Metas/08/18/20190908183500_00160.jpg,datasets_cloudmask/dataset_cropped/09_Metas/08/18/20190908183500_00160.png,109.7,238.9,67.5,25.4,960
9/8/2019 18:36,datasets/dataset_cropped/09_Metas/08/18/20190908183600_00160.jpg,datasets_flow/dataset_cropped/09_Metas/08/18/20190908183600_00160.jpg,datasets_cloudmask/dataset_cropped/09_Metas/08/18/20190908183600_00160.png,108.2,239.6,66.7,25.3,960
9/8/2019 18:37,datasets/dataset_cropped/09_Metas/08/18/20190908183700_00160.jpg,datasets_flow/dataset_cropped/09_Metas/08/18/20190908183700_00160.jpg,datasets_cloudmask/dataset_cropped/09_Metas/08/18/20190908183700_00160.png,107.1,241.8,66.1,25.3,960
9/8/2019 18:38,datasets/dataset_cropped/09_Metas/08/18/20190908183800_00160.jpg,datasets_flow/dataset_cropped/09_Metas/08/18/20190908183800_00160.jpg,datasets_cloudmask/dataset_cropped/09_Metas/08/18/20190908183800_00160.png,104.6,237.1,65.1,25.4,960
9/8/2019 18:39,datasets/dataset_cropped/09_Metas/08/18/20190908183900_00160.jpg,datasets_flow/dataset_cropped/09_Metas/08/18/20190908183900_00160.jpg,datasets_cloudmask/dataset_cropped/09_Metas/08/18/20190908183900_00160.png,102.2,233.7,64.1,25.4,960
9/8/2019 18:40,datasets/dataset_cropped/09_Metas/08/18/20190908184000_00160.jpg,datasets_flow/dataset_cropped/09_Metas/08/18/20190908184000_00160.jpg,datasets_cloudmask/dataset_cropped/09_Metas/08/18/20190908184000_00160.png,99.4,226.4,63.2,25.3,960
9/8/2019 18:41,datasets/dataset_cropped/09_Metas/08/18/20190908184100_00160.jpg,datasets_flow/dataset_cropped/09_Metas/08/18/20190908184100_00160.jpg,datasets_cloudmask/dataset_cropped/09_Metas/08/18/20190908184100_00160.png,94.3,207.3,61.9,25.2,960
9/8/2019 18:42,datasets/dataset_cropped/09_Metas/08/18/20190908184200_00160.jpg,datasets_flow/dataset_cropped/09_Metas/08/18/20190908184200_00160.jpg,datasets_cloudmask/dataset_cropped/09_Metas/08/18/20190908184200_00160.png,86.8,174.9,60,25.2,960
9/8/2019 18:43,datasets/dataset_cropped/09_Metas/08/18/20190908184300_00160.jpg,datasets_flow/dataset_cropped/09_Metas/08/18/20190908184300_00160.jpg,datasets_cloudmask/dataset_cropped/09_Metas/08/18/20190908184300_00160.png,68.8,70,58.1,25.1,960
9/8/2019 18:44,datasets/dataset_cropped/09_Metas/08/18/20190908184400_00160.jpg,datasets_flow/dataset_cropped/09_Metas/08/18/20190908184400_00160.jpg,datasets_cloudmask/dataset_cropped/09_Metas/08/18/20190908184400_00160.png,58.9,15.1,56.5,25.1,960
9/8/2019 18:45,datasets/dataset_cropped/09_Metas/08/18/20190908184500_00160.jpg,datasets_flow/dataset_cropped/09_Metas/08/18/20190908184500_00160.jpg,datasets_cloudmask/dataset_cropped/09_Metas/08/18/20190908184500_00160.png,56.1,5.9,55,25.1,960
9/8/2019 18:46,datasets/dataset_cropped/09_Metas/08/18/20190908184600_00160.jpg,datasets_flow/dataset_cropped/09_Metas/08/18/20190908184600_00160.jpg,datasets_cloudmask/dataset_cropped/09_Metas/08/18/20190908184600_00160.png,54.4,4.2,53.6,25.1,960
9/8/2019 18:47,datasets/dataset_cropped/09_Metas/08/18/20190908184700_00160.jpg,datasets_flow/dataset_cropped/09_Metas/08/18/20190908184700_00160.jpg,datasets_cloudmask/dataset_cropped/09_Metas/08/18/20190908184700_00160.png,52.9,3.5,52.2,25,960
9/8/2019 18:48,datasets/dataset_cropped/09_Metas/08/18/20190908184800_00160.jpg,datasets_flow/dataset_cropped/09_Metas/08/18/20190908184800_00160.jpg,datasets_cloudmask/dataset_cropped/09_Metas/08/18/20190908184800_00160.png,51.6,6,50.6,24.9,960
9/8/2019 18:49,datasets/dataset_cropped/09_Metas/08/18/20190908184900_00160.jpg,datasets_flow/dataset_cropped/09_Metas/08/18/20190908184900_00160.jpg,datasets_cloudmask/dataset_cropped/09_Metas/08/18/20190908184900_00160.png,52.6,27.8,49,24.9,960
9/8/2019 18:50,datasets/dataset_cropped/09_Metas/08/18/20190908185000_00160.jpg,datasets_flow/dataset_cropped/09_Metas/08/18/20190908185000_00160.jpg,datasets_cloudmask/dataset_cropped/09_Metas/08/18/20190908185000_00160.png,55.4,64.2,47.3,24.9,960
9/8/2019 18:51,datasets/dataset_cropped/09_Metas/08/18/20190908185100_00160.jpg,datasets_flow/dataset_cropped/09_Metas/08/18/20190908185100_00160.jpg,datasets_cloudmask/dataset_cropped/09_Metas/08/18/20190908185100_00160.png,51.2,44.3,45.8,24.8,961
9/8/2019 18:52,datasets/dataset_cropped/09_Metas/08/18/20190908185200_00160.jpg,datasets_flow/dataset_cropped/09_Metas/08/18/20190908185200_00160.jpg,datasets_cloudmask/dataset_cropped/09_Metas/08/18/20190908185200_00160.png,45.2,5.7,44.4,24.8,961
9/8/2019 18:53,datasets/dataset_cropped/09_Metas/08/18/20190908185300_00160.jpg,datasets_flow/dataset_cropped/09_Metas/08/18/20190908185300_00160.jpg,datasets_cloudmask/dataset_cropped/09_Metas/08/18/20190908185300_00160.png,43.7,3.9,43.1,24.8,961
9/8/2019 18:54,datasets/dataset_cropped/09_Metas/08/18/20190908185400_00160.jpg,datasets_flow/dataset_cropped/09_Metas/08/18/20190908185400_00160.jpg,datasets_cloudmask/dataset_cropped/09_Metas/08/18/20190908185400_00160.png,42.3,4.9,41.6,24.7,960
9/8/2019 18:55,datasets/dataset_cropped/09_Metas/08/18/20190908185500_00160.jpg,datasets_flow/dataset_cropped/09_Metas/08/18/20190908185500_00160.jpg,datasets_cloudmask/dataset_cropped/09_Metas/08/18/20190908185500_00160.png,40.9,7,40,24.7,961
9/8/2019 18:56,datasets/dataset_cropped/09_Metas/08/18/20190908185600_00160.jpg,datasets_flow/dataset_cropped/09_Metas/08/18/20190908185600_00160.jpg,datasets_cloudmask/dataset_cropped/09_Metas/08/18/20190908185600_00160.png,39.3,8.9,38.2,24.6,960
9/8/2019 18:57,datasets/dataset_cropped/09_Metas/08/18/20190908185700_00160.jpg,datasets_flow/dataset_cropped/09_Metas/08/18/20190908185700_00160.jpg,datasets_cloudmask/dataset_cropped/09_Metas/08/18/20190908185700_00160.png,37.5,11.1,36.2,24.6,960
9/8/2019 18:58,datasets/dataset_cropped/09_Metas/08/18/20190908185800_00160.jpg,datasets_flow/dataset_cropped/09_Metas/08/18/20190908185800_00160.jpg,datasets_cloudmask/dataset_cropped/09_Metas/08/18/20190908185800_00160.png,35.1,9.6,34,24.6,960
9/8/2019 18:59,datasets/dataset_cropped/09_Metas/08/18/20190908185900_00160.jpg,datasets_flow/dataset_cropped/09_Metas/08/18/20190908185900_00160.jpg,datasets_cloudmask/dataset_cropped/09_Metas/08/18/20190908185900_00160.png,32.5,6.2,31.6,24.5,960
9/8/2019 19:00,datasets/dataset_cropped/09_Metas/08/19/20190908190000_00160.jpg,datasets_flow/dataset_cropped/09_Metas/08/19/20190908190000_00160.jpg,datasets_cloudmask/dataset_cropped/09_Metas/08/19/20190908190000_00160.png,30,3.7,29.4,24.5,960
9/8/2019 19:01,datasets/dataset_cropped/09_Metas/08/19/20190908190100_00160.jpg,datasets_flow/dataset_cropped/09_Metas/08/19/20190908190100_00160.jpg,datasets_cloudmask/dataset_cropped/09_Metas/08/19/20190908190100_00160.png,27.9,2.2,27.4,24.4,961
9/8/2019 19:02,datasets/dataset_cropped/09_Metas/08/19/20190908190200_00160.jpg,datasets_flow/dataset_cropped/09_Metas/08/19/20190908190200_00160.jpg,datasets_cloudmask/dataset_cropped/09_Metas/08/19/20190908190200_00160.png,25.8,1.1,25.4,24.4,960
9/8/2019 19:03,datasets/dataset_cropped/09_Metas/08/19/20190908190300_00160.jpg,datasets_flow/dataset_cropped/09_Metas/08/19/20190908190300_00160.jpg,datasets_cloudmask/dataset_cropped/09_Metas/08/19/20190908190300_00160.png,23.9,0.3,23.6,24.3,961
9/8/2019 19:04,datasets/dataset_cropped/09_Metas/08/19/20190908190400_00160.jpg,datasets_flow/dataset_cropped/09_Metas/08/19/20190908190400_00160.jpg,datasets_cloudmask/dataset_cropped/09_Metas/08/19/20190908190400_00160.png,22.3,0,22.1,24.3,961
9/8/2019 19:05,datasets/dataset_cropped/09_Metas/08/19/20190908190500_00160.jpg,datasets_flow/dataset_cropped/09_Metas/08/19/20190908190500_00160.jpg,datasets_cloudmask/dataset_cropped/09_Metas/08/19/20190908190500_00160.png,20.9,0,20.7,24.2,961
9/8/2019 19:06,datasets/dataset_cropped/09_Metas/08/19/20190908190600_00160.jpg,datasets_flow/dataset_cropped/09_Metas/08/19/20190908190600_00160.jpg,datasets_cloudmask/dataset_cropped/09_Metas/08/19/20190908190600_00160.png,19.7,0,19.5,24.2,961
9/8/2019 19:07,datasets/dataset_cropped/09_Metas/08/19/20190908190700_00160.jpg,datasets_flow/dataset_cropped/09_Metas/08/19/20190908190700_00160.jpg,datasets_cloudmask/dataset_cropped/09_Metas/08/19/20190908190700_00160.png,18.6,0,18.4,24.2,961
9/8/2019 19:08,datasets/dataset_cropped/09_Metas/08/19/20190908190800_00160.jpg,datasets_flow/dataset_cropped/09_Metas/08/19/20190908190800_00160.jpg,datasets_cloudmask/dataset_cropped/09_Metas/08/19/20190908190800_00160.png,17.5,0,17.3,24.2,961
9/8/2019 19:09,datasets/dataset_cropped/09_Metas/08/19/20190908190900_00160.jpg,datasets_flow/dataset_cropped/09_Metas/08/19/20190908190900_00160.jpg,datasets_cloudmask/dataset_cropped/09_Metas/08/19/20190908190900_00160.png,16.4,0,16.2,24.1,961
9/8/2019 19:10,datasets/dataset_cropped/09_Metas/08/19/20190908191000_00160.jpg,datasets_flow/dataset_cropped/09_Metas/08/19/20190908191000_00160.jpg,datasets_cloudmask/dataset_cropped/09_Metas/08/19/20190908191000_00160.png,15.4,0,15.2,24.1,961
9/8/2019 19:11,datasets/dataset_cropped/09_Metas/08/19/20190908191100_00160.jpg,datasets_flow/dataset_cropped/09_Metas/08/19/20190908191100_00160.jpg,datasets_cloudmask/dataset_cropped/09_Metas/08/19/20190908191100_00160.png,14.4,0,14.2,24.1,961
9/8/2019 19:12,datasets/dataset_cropped/09_Metas/08/19/20190908191200_00160.jpg,datasets_flow/dataset_cropped/09_Metas/08/19/20190908191200_00160.jpg,datasets_cloudmask/dataset_cropped/09_Metas/08/19/20190908191200_00160.png,13.5,0,13.3,24,961
9/8/2019 19:13,datasets/dataset_cropped/09_Metas/08/19/20190908191300_00160.jpg,datasets_flow/dataset_cropped/09_Metas/08/19/20190908191300_00160.jpg,datasets_cloudmask/dataset_cropped/09_Metas/08/19/20190908191300_00160.png,12.6,0,12.4,24,961
9/8/2019 19:14,datasets/dataset_cropped/09_Metas/08/19/20190908191400_00160.jpg,datasets_flow/dataset_cropped/09_Metas/08/19/20190908191400_00160.jpg,datasets_cloudmask/dataset_cropped/09_Metas/08/19/20190908191400_00160.png,11.8,0,11.6,24,961
9/8/2019 19:15,datasets/dataset_cropped/09_Metas/08/19/20190908191500_00160.jpg,datasets_flow/dataset_cropped/09_Metas/08/19/20190908191500_00160.jpg,datasets_cloudmask/dataset_cropped/09_Metas/08/19/20190908191500_00160.png,11,0,10.8,23.9,961
9/8/2019 19:16,datasets/dataset_cropped/09_Metas/08/19/20190908191600_00160.jpg,datasets_flow/dataset_cropped/09_Metas/08/19/20190908191600_00160.jpg,datasets_cloudmask/dataset_cropped/09_Metas/08/19/20190908191600_00160.png,10.2,0,10.1,23.9,961
9/8/2019 19:17,datasets/dataset_cropped/09_Metas/08/19/20190908191700_00160.jpg,datasets_flow/dataset_cropped/09_Metas/08/19/20190908191700_00160.jpg,datasets_cloudmask/dataset_cropped/09_Metas/08/19/20190908191700_00160.png,9.5,0,9.4,23.9,961
9/8/2019 19:18,datasets/dataset_cropped/09_Metas/08/19/20190908191800_00160.jpg,datasets_flow/dataset_cropped/09_Metas/08/19/20190908191800_00160.jpg,datasets_cloudmask/dataset_cropped/09_Metas/08/19/20190908191800_00160.png,8.8,0,8.7,23.9,961
9/8/2019 19:19,datasets/dataset_cropped/09_Metas/08/19/20190908191900_00160.jpg,datasets_flow/dataset_cropped/09_Metas/08/19/20190908191900_00160.jpg,datasets_cloudmask/dataset_cropped/09_Metas/08/19/20190908191900_00160.png,8,0,7.8,23.9,961
9/8/2019 19:20,datasets/dataset_cropped/09_Metas/08/19/20190908192000_00160.jpg,datasets_flow/dataset_cropped/09_Metas/08/19/20190908192000_00160.jpg,datasets_cloudmask/dataset_cropped/09_Metas/08/19/20190908192000_00160.png,7.1,0,7,23.8,961
9/8/2019 19:21,datasets/dataset_cropped/09_Metas/08/19/20190908192100_00160.jpg,datasets_flow/dataset_cropped/09_Metas/08/19/20190908192100_00160.jpg,datasets_cloudmask/dataset_cropped/09_Metas/08/19/20190908192100_00160.png,6.2,0,6,23.8,961
9/8/2019 19:22,datasets/dataset_cropped/09_Metas/08/19/20190908192200_00160.jpg,datasets_flow/dataset_cropped/09_Metas/08/19/20190908192200_00160.jpg,datasets_cloudmask/dataset_cropped/09_Metas/08/19/20190908192200_00160.png,5.1,0,4.9,23.7,961
9/8/2019 19:23,datasets/dataset_cropped/09_Metas/08/19/20190908192300_00160.jpg,datasets_flow/dataset_cropped/09_Metas/08/19/20190908192300_00160.jpg,datasets_cloudmask/dataset_cropped/09_Metas/08/19/20190908192300_00160.png,4.1,0,3.9,23.6,961
9/8/2019 19:24,datasets/dataset_cropped/09_Metas/08/19/20190908192400_00160.jpg,datasets_flow/dataset_cropped/09_Metas/08/19/20190908192400_00160.jpg,datasets_cloudmask/dataset_cropped/09_Metas/08/19/20190908192400_00160.png,3.3,0,3.1,23.6,961
9/8/2019 19:25,datasets/dataset_cropped/09_Metas/08/19/20190908192500_00160.jpg,datasets_flow/dataset_cropped/09_Metas/08/19/20190908192500_00160.jpg,datasets_cloudmask/dataset_cropped/09_Metas/08/19/20190908192500_00160.png,2.6,0,2.4,23.6,961
9/8/2019 19:26,datasets/dataset_cropped/09_Metas/08/19/20190908192600_00160.jpg,datasets_flow/dataset_cropped/09_Metas/08/19/20190908192600_00160.jpg,datasets_cloudmask/dataset_cropped/09_Metas/08/19/20190908192600_00160.png,2.1,0,1.8,23.6,961
9/9/2019 6:48,datasets/dataset_cropped/09_Metas/09/06/20190909064800_00160.jpg,datasets_flow/dataset_cropped/09_Metas/09/06/20190909064800_00160.jpg,datasets_cloudmask/dataset_cropped/09_Metas/09/06/20190909064800_00160.png,3.7,0,3.5,17.1,962
9/9/2019 6:49,datasets/dataset_cropped/09_Metas/09/06/20190909064900_00160.jpg,datasets_flow/dataset_cropped/09_Metas/09/06/20190909064900_00160.jpg,datasets_cloudmask/dataset_cropped/09_Metas/09/06/20190909064900_00160.png,4.4,0,4.3,17.2,962
9/9/2019 6:50,datasets/dataset_cropped/09_Metas/09/06/20190909065000_00160.jpg,datasets_flow/dataset_cropped/09_Metas/09/06/20190909065000_00160.jpg,datasets_cloudmask/dataset_cropped/09_Metas/09/06/20190909065000_00160.png,5.3,0,5.1,17.2,962
9/9/2019 6:51,datasets/dataset_cropped/09_Metas/09/06/20190909065100_00160.jpg,datasets_flow/dataset_cropped/09_Metas/09/06/20190909065100_00160.jpg,datasets_cloudmask/dataset_cropped/09_Metas/09/06/20190909065100_00160.png,6.2,0,6,17.2,962
9/9/2019 6:52,datasets/dataset_cropped/09_Metas/09/06/20190909065200_00160.jpg,datasets_flow/dataset_cropped/09_Metas/09/06/20190909065200_00160.jpg,datasets_cloudmask/dataset_cropped/09_Metas/09/06/20190909065200_00160.png,7.1,0,7,17.2,962
9/9/2019 6:53,datasets/dataset_cropped/09_Metas/09/06/20190909065300_00160.jpg,datasets_flow/dataset_cropped/09_Metas/09/06/20190909065300_00160.jpg,datasets_cloudmask/dataset_cropped/09_Metas/09/06/20190909065300_00160.png,8,0.4,7.9,17.2,962
9/9/2019 6:54,datasets/dataset_cropped/09_Metas/09/06/20190909065400_00160.jpg,datasets_flow/dataset_cropped/09_Metas/09/06/20190909065400_00160.jpg,datasets_cloudmask/dataset_cropped/09_Metas/09/06/20190909065400_00160.png,8.9,2.7,8.8,17.2,962
9/9/2019 6:55,datasets/dataset_cropped/09_Metas/09/06/20190909065500_00160.jpg,datasets_flow/dataset_cropped/09_Metas/09/06/20190909065500_00160.jpg,datasets_cloudmask/dataset_cropped/09_Metas/09/06/20190909065500_00160.png,10,5.7,9.8,17.2,962
9/9/2019 6:56,datasets/dataset_cropped/09_Metas/09/06/20190909065600_00160.jpg,datasets_flow/dataset_cropped/09_Metas/09/06/20190909065600_00160.jpg,datasets_cloudmask/dataset_cropped/09_Metas/09/06/20190909065600_00160.png,11.2,9.5,10.7,17.2,962
9/9/2019 6:57,datasets/dataset_cropped/09_Metas/09/06/20190909065700_00160.jpg,datasets_flow/dataset_cropped/09_Metas/09/06/20190909065700_00160.jpg,datasets_cloudmask/dataset_cropped/09_Metas/09/06/20190909065700_00160.png,12.4,14.8,11.8,17.2,962
9/9/2019 6:58,datasets/dataset_cropped/09_Metas/09/06/20190909065800_00160.jpg,datasets_flow/dataset_cropped/09_Metas/09/06/20190909065800_00160.jpg,datasets_cloudmask/dataset_cropped/09_Metas/09/06/20190909065800_00160.png,13.8,20.9,13,17.2,962
9/9/2019 6:59,datasets/dataset_cropped/09_Metas/09/06/20190909065900_00160.jpg,datasets_flow/dataset_cropped/09_Metas/09/06/20190909065900_00160.jpg,datasets_cloudmask/dataset_cropped/09_Metas/09/06/20190909065900_00160.png,15.3,28.1,14.1,17.2,962
9/9/2019 7:00,datasets/dataset_cropped/09_Metas/09/07/20190909070000_00160.jpg,datasets_flow/dataset_cropped/09_Metas/09/07/20190909070000_00160.jpg,datasets_cloudmask/dataset_cropped/09_Metas/09/07/20190909070000_00160.png,16.7,34.4,15.1,17.2,962
9/9/2019 7:01,datasets/dataset_cropped/09_Metas/09/07/20190909070100_00160.jpg,datasets_flow/dataset_cropped/09_Metas/09/07/20190909070100_00160.jpg,datasets_cloudmask/dataset_cropped/09_Metas/09/07/20190909070100_00160.png,18.1,39.9,16.2,17.2,962
9/9/2019 7:02,datasets/dataset_cropped/09_Metas/09/07/20190909070200_00160.jpg,datasets_flow/dataset_cropped/09_Metas/09/07/20190909070200_00160.jpg,datasets_cloudmask/dataset_cropped/09_Metas/09/07/20190909070200_00160.png,19.6,45.7,17.3,17.2,962
9/9/2019 7:03,datasets/dataset_cropped/09_Metas/09/07/20190909070300_00160.jpg,datasets_flow/dataset_cropped/09_Metas/09/07/20190909070300_00160.jpg,datasets_cloudmask/dataset_cropped/09_Metas/09/07/20190909070300_00160.png,21.1,50.5,18.4,17.2,962
9/9/2019 7:04,datasets/dataset_cropped/09_Metas/09/07/20190909070400_00160.jpg,datasets_flow/dataset_cropped/09_Metas/09/07/20190909070400_00160.jpg,datasets_cloudmask/dataset_cropped/09_Metas/09/07/20190909070400_00160.png,22.7,56.1,19.5,17.2,962
9/9/2019 7:05,datasets/dataset_cropped/09_Metas/09/07/20190909070500_00160.jpg,datasets_flow/dataset_cropped/09_Metas/09/07/20190909070500_00160.jpg,datasets_cloudmask/dataset_cropped/09_Metas/09/07/20190909070500_00160.png,24.4,64,20.7,17.2,962
9/9/2019 7:06,datasets/dataset_cropped/09_Metas/09/07/20190909070600_00160.jpg,datasets_flow/dataset_cropped/09_Metas/09/07/20190909070600_00160.jpg,datasets_cloudmask/dataset_cropped/09_Metas/09/07/20190909070600_00160.png,26.1,69.8,21.8,17.2,962
9/9/2019 7:07,datasets/dataset_cropped/09_Metas/09/07/20190909070700_00160.jpg,datasets_flow/dataset_cropped/09_Metas/09/07/20190909070700_00160.jpg,datasets_cloudmask/dataset_cropped/09_Metas/09/07/20190909070700_00160.png,27.8,75.8,22.9,17.3,962
9/9/2019 7:08,datasets/dataset_cropped/09_Metas/09/07/20190909070800_00160.jpg,datasets_flow/dataset_cropped/09_Metas/09/07/20190909070800_00160.jpg,datasets_cloudmask/dataset_cropped/09_Metas/09/07/20190909070800_00160.png,29.7,82.2,24.1,17.3,962
9/9/2019 7:09,datasets/dataset_cropped/09_Metas/09/07/20190909070900_00160.jpg,datasets_flow/dataset_cropped/09_Metas/09/07/20190909070900_00160.jpg,datasets_cloudmask/dataset_cropped/09_Metas/09/07/20190909070900_00160.png,31.6,88.9,25.4,17.4,962
9/9/2019 7:10,datasets/dataset_cropped/09_Metas/09/07/20190909071000_00160.jpg,datasets_flow/dataset_cropped/09_Metas/09/07/20190909071000_00160.jpg,datasets_cloudmask/dataset_cropped/09_Metas/09/07/20190909071000_00160.png,33.5,95.3,26.5,17.4,962
9/9/2019 7:11,datasets/dataset_cropped/09_Metas/09/07/20190909071100_00160.jpg,datasets_flow/dataset_cropped/09_Metas/09/07/20190909071100_00160.jpg,datasets_cloudmask/dataset_cropped/09_Metas/09/07/20190909071100_00160.png,35.5,101.8,27.7,17.4,962
9/9/2019 7:12,datasets/dataset_cropped/09_Metas/09/07/20190909071200_00160.jpg,datasets_flow/dataset_cropped/09_Metas/09/07/20190909071200_00160.jpg,datasets_cloudmask/dataset_cropped/09_Metas/09/07/20190909071200_00160.png,37.5,108.2,28.9,17.5,962
9/9/2019 7:13,datasets/dataset_cropped/09_Metas/09/07/20190909071300_00160.jpg,datasets_flow/dataset_cropped/09_Metas/09/07/20190909071300_00160.jpg,datasets_cloudmask/dataset_cropped/09_Metas/09/07/20190909071300_00160.png,39.5,115,30,17.5,962
9/9/2019 7:14,datasets/dataset_cropped/09_Metas/09/07/20190909071400_00160.jpg,datasets_flow/dataset_cropped/09_Metas/09/07/20190909071400_00160.jpg,datasets_cloudmask/dataset_cropped/09_Metas/09/07/20190909071400_00160.png,41.6,122,31.1,17.6,962
9/9/2019 7:15,datasets/dataset_cropped/09_Metas/09/07/20190909071500_00160.jpg,datasets_flow/dataset_cropped/09_Metas/09/07/20190909071500_00160.jpg,datasets_cloudmask/dataset_cropped/09_Metas/09/07/20190909071500_00160.png,43.8,129.9,32.1,17.6,962
9/9/2019 7:16,datasets/dataset_cropped/09_Metas/09/07/20190909071600_00160.jpg,datasets_flow/dataset_cropped/09_Metas/09/07/20190909071600_00160.jpg,datasets_cloudmask/dataset_cropped/09_Metas/09/07/20190909071600_00160.png,46,137.2,33.2,17.7,962
9/9/2019 7:17,datasets/dataset_cropped/09_Metas/09/07/20190909071700_00160.jpg,datasets_flow/dataset_cropped/09_Metas/09/07/20190909071700_00160.jpg,datasets_cloudmask/dataset_cropped/09_Metas/09/07/20190909071700_00160.png,48.2,144.7,34.3,17.8,962
9/9/2019 7:18,datasets/dataset_cropped/09_Metas/09/07/20190909071800_00160.jpg,datasets_flow/dataset_cropped/09_Metas/09/07/20190909071800_00160.jpg,datasets_cloudmask/dataset_cropped/09_Metas/09/07/20190909071800_00160.png,50.5,151.4,35.4,17.9,962
9/9/2019 7:19,datasets/dataset_cropped/09_Metas/09/07/20190909071900_00160.jpg,datasets_flow/dataset_cropped/09_Metas/09/07/20190909071900_00160.jpg,datasets_cloudmask/dataset_cropped/09_Metas/09/07/20190909071900_00160.png,52.7,156.7,36.6,18,962
9/9/2019 7:20,datasets/dataset_cropped/09_Metas/09/07/20190909072000_00160.jpg,datasets_flow/dataset_cropped/09_Metas/09/07/20190909072000_00160.jpg,datasets_cloudmask/dataset_cropped/09_Metas/09/07/20190909072000_00160.png,55,162.7,37.7,18.1,962
9/9/2019 7:21,datasets/dataset_cropped/09_Metas/09/07/20190909072100_00160.jpg,datasets_flow/dataset_cropped/09_Metas/09/07/20190909072100_00160.jpg,datasets_cloudmask/dataset_cropped/09_Metas/09/07/20190909072100_00160.png,57.6,171.6,38.8,18.1,962
9/9/2019 7:22,datasets/dataset_cropped/09_Metas/09/07/20190909072200_00160.jpg,datasets_flow/dataset_cropped/09_Metas/09/07/20190909072200_00160.jpg,datasets_cloudmask/dataset_cropped/09_Metas/09/07/20190909072200_00160.png,60.1,178.9,39.9,18.2,962
9/9/2019 7:23,datasets/dataset_cropped/09_Metas/09/07/20190909072300_00160.jpg,datasets_flow/dataset_cropped/09_Metas/09/07/20190909072300_00160.jpg,datasets_cloudmask/dataset_cropped/09_Metas/09/07/20190909072300_00160.png,62.6,186.3,41,18.3,962
9/9/2019 7:24,datasets/dataset_cropped/09_Metas/09/07/20190909072400_00160.jpg,datasets_flow/dataset_cropped/09_Metas/09/07/20190909072400_00160.jpg,datasets_cloudmask/dataset_cropped/09_Metas/09/07/20190909072400_00160.png,65.2,194.4,42,18.4,962
9/9/2019 7:25,datasets/dataset_cropped/09_Metas/09/07/20190909072500_00160.jpg,datasets_flow/dataset_cropped/09_Metas/09/07/20190909072500_00160.jpg,datasets_cloudmask/dataset_cropped/09_Metas/09/07/20190909072500_00160.png,67.7,201.8,43,18.5,962
9/9/2019 7:26,datasets/dataset_cropped/09_Metas/09/07/20190909072600_00160.jpg,datasets_flow/dataset_cropped/09_Metas/09/07/20190909072600_00160.jpg,datasets_cloudmask/dataset_cropped/09_Metas/09/07/20190909072600_00160.png,70.2,208.4,44.1,18.6,962
9/9/2019 7:27,datasets/dataset_cropped/09_Metas/09/07/20190909072700_00160.jpg,datasets_flow/dataset_cropped/09_Metas/09/07/20190909072700_00160.jpg,datasets_cloudmask/dataset_cropped/09_Metas/09/07/20190909072700_00160.png,72.8,214.9,45.1,18.6,962
9/9/2019 7:28,datasets/dataset_cropped/09_Metas/09/07/20190909072800_00160.jpg,datasets_flow/dataset_cropped/09_Metas/09/07/20190909072800_00160.jpg,datasets_cloudmask/dataset_cropped/09_Metas/09/07/20190909072800_00160.png,75.4,221.6,46.1,18.6,962
9/9/2019 7:29,datasets/dataset_cropped/09_Metas/09/07/20190909072900_00160.jpg,datasets_flow/dataset_cropped/09_Metas/09/07/20190909072900_00160.jpg,datasets_cloudmask/dataset_cropped/09_Metas/09/07/20190909072900_00160.png,78,228.2,47.2,18.6,962
9/9/2019 7:30,datasets/dataset_cropped/09_Metas/09/07/20190909073000_00160.jpg,datasets_flow/dataset_cropped/09_Metas/09/07/20190909073000_00160.jpg,datasets_cloudmask/dataset_cropped/09_Metas/09/07/20190909073000_00160.png,80.9,235.2,48.4,18.6,962
9/9/2019 7:31,datasets/dataset_cropped/09_Metas/09/07/20190909073100_00160.jpg,datasets_flow/dataset_cropped/09_Metas/09/07/20190909073100_00160.jpg,datasets_cloudmask/dataset_cropped/09_Metas/09/07/20190909073100_00160.png,84,243.2,49.6,18.6,962
9/9/2019 7:32,datasets/dataset_cropped/09_Metas/09/07/20190909073200_00160.jpg,datasets_flow/dataset_cropped/09_Metas/09/07/20190909073200_00160.jpg,datasets_cloudmask/dataset_cropped/09_Metas/09/07/20190909073200_00160.png,86.9,249.7,50.8,18.7,962
9/9/2019 7:33,datasets/dataset_cropped/09_Metas/09/07/20190909073300_00160.jpg,datasets_flow/dataset_cropped/09_Metas/09/07/20190909073300_00160.jpg,datasets_cloudmask/dataset_cropped/09_Metas/09/07/20190909073300_00160.png,89.7,255.2,52.1,18.6,962
9/9/2019 7:34,datasets/dataset_cropped/09_Metas/09/07/20190909073400_00160.jpg,datasets_flow/dataset_cropped/09_Metas/09/07/20190909073400_00160.jpg,datasets_cloudmask/dataset_cropped/09_Metas/09/07/20190909073400_00160.png,92.7,260.7,53.5,18.6,962
9/9/2019 7:35,datasets/dataset_cropped/09_Metas/09/07/20190909073500_00160.jpg,datasets_flow/dataset_cropped/09_Metas/09/07/20190909073500_00160.jpg,datasets_cloudmask/dataset_cropped/09_Metas/09/07/20190909073500_00160.png,95.9,267.1,55,18.7,962
9/9/2019 7:36,datasets/dataset_cropped/09_Metas/09/07/20190909073600_00160.jpg,datasets_flow/dataset_cropped/09_Metas/09/07/20190909073600_00160.jpg,datasets_cloudmask/dataset_cropped/09_Metas/09/07/20190909073600_00160.png,99.6,274.1,56.7,18.7,962
9/9/2019 7:37,datasets/dataset_cropped/09_Metas/09/07/20190909073700_00160.jpg,datasets_flow/dataset_cropped/09_Metas/09/07/20190909073700_00160.jpg,datasets_cloudmask/dataset_cropped/09_Metas/09/07/20190909073700_00160.png,103.7,282.2,58.7,18.8,962
9/9/2019 7:38,datasets/dataset_cropped/09_Metas/09/07/20190909073800_00160.jpg,datasets_flow/dataset_cropped/09_Metas/09/07/20190909073800_00160.jpg,datasets_cloudmask/dataset_cropped/09_Metas/09/07/20190909073800_00160.png,108,289.9,60.8,18.8,962
9/9/2019 7:39,datasets/dataset_cropped/09_Metas/09/07/20190909073900_00160.jpg,datasets_flow/dataset_cropped/09_Metas/09/07/20190909073900_00160.jpg,datasets_cloudmask/dataset_cropped/09_Metas/09/07/20190909073900_00160.png,112.2,294.8,63.3,18.9,962
9/9/2019 7:40,datasets/dataset_cropped/09_Metas/09/07/20190909074000_00160.jpg,datasets_flow/dataset_cropped/09_Metas/09/07/20190909074000_00160.jpg,datasets_cloudmask/dataset_cropped/09_Metas/09/07/20190909074000_00160.png,117,300.1,66.2,19,962
9/9/2019 7:41,datasets/dataset_cropped/09_Metas/09/07/20190909074100_00160.jpg,datasets_flow/dataset_cropped/09_Metas/09/07/20190909074100_00160.jpg,datasets_cloudmask/dataset_cropped/09_Metas/09/07/20190909074100_00160.png,122.2,307.8,69.1,19.1,962
9/9/2019 7:42,datasets/dataset_cropped/09_Metas/09/07/20190909074200_00160.jpg,datasets_flow/dataset_cropped/09_Metas/09/07/20190909074200_00160.jpg,datasets_cloudmask/dataset_cropped/09_Metas/09/07/20190909074200_00160.png,127.3,315.8,71.8,19.2,962
9/9/2019 7:43,datasets/dataset_cropped/09_Metas/09/07/20190909074300_00160.jpg,datasets_flow/dataset_cropped/09_Metas/09/07/20190909074300_00160.jpg,datasets_cloudmask/dataset_cropped/09_Metas/09/07/20190909074300_00160.png,131.6,321.4,73.9,19.3,962
9/9/2019 7:44,datasets/dataset_cropped/09_Metas/09/07/20190909074400_00160.jpg,datasets_flow/dataset_cropped/09_Metas/09/07/20190909074400_00160.jpg,datasets_cloudmask/dataset_cropped/09_Metas/09/07/20190909074400_00160.png,135.4,326.4,75.7,19.4,962
9/9/2019 7:45,datasets/dataset_cropped/09_Metas/09/07/20190909074500_00160.jpg,datasets_flow/dataset_cropped/09_Metas/09/07/20190909074500_00160.jpg,datasets_cloudmask/dataset_cropped/09_Metas/09/07/20190909074500_00160.png,139.8,332.1,77.8,19.5,962
9/9/2019 7:46,datasets/dataset_cropped/09_Metas/09/07/20190909074600_00160.jpg,datasets_flow/dataset_cropped/09_Metas/09/07/20190909074600_00160.jpg,datasets_cloudmask/dataset_cropped/09_Metas/09/07/20190909074600_00160.png,144.5,338.1,80.2,19.6,962
9/9/2019 7:47,datasets/dataset_cropped/09_Metas/09/07/20190909074700_00160.jpg,datasets_flow/dataset_cropped/09_Metas/09/07/20190909074700_00160.jpg,datasets_cloudmask/dataset_cropped/09_Metas/09/07/20190909074700_00160.png,149.1,343.6,82.5,19.7,962
9/9/2019 7:48,datasets/dataset_cropped/09_Metas/09/07/20190909074800_00160.jpg,datasets_flow/dataset_cropped/09_Metas/09/07/20190909074800_00160.jpg,datasets_cloudmask/dataset_cropped/09_Metas/09/07/20190909074800_00160.png,153.3,348.4,84.5,19.8,962
9/9/2019 7:49,datasets/dataset_cropped/09_Metas/09/07/20190909074900_00160.jpg,datasets_flow/dataset_cropped/09_Metas/09/07/20190909074900_00160.jpg,datasets_cloudmask/dataset_cropped/09_Metas/09/07/20190909074900_00160.png,157.6,354,86.3,19.9,962
9/9/2019 7:50,datasets/dataset_cropped/09_Metas/09/07/20190909075000_00160.jpg,datasets_flow/dataset_cropped/09_Metas/09/07/20190909075000_00160.jpg,datasets_cloudmask/dataset_cropped/09_Metas/09/07/20190909075000_00160.png,162,360.9,88.1,20,962
9/9/2019 7:51,datasets/dataset_cropped/09_Metas/09/07/20190909075100_00160.jpg,datasets_flow/dataset_cropped/09_Metas/09/07/20190909075100_00160.jpg,datasets_cloudmask/dataset_cropped/09_Metas/09/07/20190909075100_00160.png,166.5,368.1,89.7,20,962
9/9/2019 7:52,datasets/dataset_cropped/09_Metas/09/07/20190909075200_00160.jpg,datasets_flow/dataset_cropped/09_Metas/09/07/20190909075200_00160.jpg,datasets_cloudmask/dataset_cropped/09_Metas/09/07/20190909075200_00160.png,170.6,373.6,91.3,20.1,962
9/9/2019 7:53,datasets/dataset_cropped/09_Metas/09/07/20190909075300_00160.jpg,datasets_flow/dataset_cropped/09_Metas/09/07/20190909075300_00160.jpg,datasets_cloudmask/dataset_cropped/09_Metas/09/07/20190909075300_00160.png,174.4,378.2,92.9,20.1,962
9/9/2019 7:54,datasets/dataset_cropped/09_Metas/09/07/20190909075400_00160.jpg,datasets_flow/dataset_cropped/09_Metas/09/07/20190909075400_00160.jpg,datasets_cloudmask/dataset_cropped/09_Metas/09/07/20190909075400_00160.png,178.1,383.6,94,20.2,962
9/9/2019 7:55,datasets/dataset_cropped/09_Metas/09/07/20190909075500_00160.jpg,datasets_flow/dataset_cropped/09_Metas/09/07/20190909075500_00160.jpg,datasets_cloudmask/dataset_cropped/09_Metas/09/07/20190909075500_00160.png,181.5,390.4,94.4,20.3,962
9/9/2019 7:56,datasets/dataset_cropped/09_Metas/09/07/20190909075600_00160.jpg,datasets_flow/dataset_cropped/09_Metas/09/07/20190909075600_00160.jpg,datasets_cloudmask/dataset_cropped/09_Metas/09/07/20190909075600_00160.png,184.8,400,93.9,20.4,962
9/9/2019 7:57,datasets/dataset_cropped/09_Metas/09/07/20190909075700_00160.jpg,datasets_flow/dataset_cropped/09_Metas/09/07/20190909075700_00160.jpg,datasets_cloudmask/dataset_cropped/09_Metas/09/07/20190909075700_00160.png,185.2,402.6,92.2,20.5,962
9/9/2019 7:58,datasets/dataset_cropped/09_Metas/09/07/20190909075800_00160.jpg,datasets_flow/dataset_cropped/09_Metas/09/07/20190909075800_00160.jpg,datasets_cloudmask/dataset_cropped/09_Metas/09/07/20190909075800_00160.png,169.9,342.3,89.7,20.7,962
9/9/2019 7:59,datasets/dataset_cropped/09_Metas/09/07/20190909075900_00160.jpg,datasets_flow/dataset_cropped/09_Metas/09/07/20190909075900_00160.jpg,datasets_cloudmask/dataset_cropped/09_Metas/09/07/20190909075900_00160.png,158.3,298.4,87.4,20.8,962
9/9/2019 8:00,datasets/dataset_cropped/09_Metas/09/08/20190909080000_00160.jpg,datasets_flow/dataset_cropped/09_Metas/09/08/20190909080000_00160.jpg,datasets_cloudmask/dataset_cropped/09_Metas/09/08/20190909080000_00160.png,144.5,246.6,85.2,20.9,962
9/9/2019 8:01,datasets/dataset_cropped/09_Metas/09/08/20190909080100_00160.jpg,datasets_flow/dataset_cropped/09_Metas/09/08/20190909080100_00160.jpg,datasets_cloudmask/dataset_cropped/09_Metas/09/08/20190909080100_00160.png,117,137.5,83.6,20.9,962
9/9/2019 8:02,datasets/dataset_cropped/09_Metas/09/08/20190909080200_00160.jpg,datasets_flow/dataset_cropped/09_Metas/09/08/20190909080200_00160.jpg,datasets_cloudmask/dataset_cropped/09_Metas/09/08/20190909080200_00160.png,106.5,91.6,83.8,21,962
9/9/2019 8:03,datasets/dataset_cropped/09_Metas/09/08/20190909080300_00160.jpg,datasets_flow/dataset_cropped/09_Metas/09/08/20190909080300_00160.jpg,datasets_cloudmask/dataset_cropped/09_Metas/09/08/20190909080300_00160.png,119.6,133.1,85.8,21.1,962
9/9/2019 8:04,datasets/dataset_cropped/09_Metas/09/08/20190909080400_00160.jpg,datasets_flow/dataset_cropped/09_Metas/09/08/20190909080400_00160.jpg,datasets_cloudmask/dataset_cropped/09_Metas/09/08/20190909080400_00160.png,146,223.4,88.6,21,962
9/9/2019 8:05,datasets/dataset_cropped/09_Metas/09/08/20190909080500_00160.jpg,datasets_flow/dataset_cropped/09_Metas/09/08/20190909080500_00160.jpg,datasets_cloudmask/dataset_cropped/09_Metas/09/08/20190909080500_00160.png,190.1,381.2,91,20.9,962
9/9/2019 8:06,datasets/dataset_cropped/09_Metas/09/08/20190909080600_00160.jpg,datasets_flow/dataset_cropped/09_Metas/09/08/20190909080600_00160.jpg,datasets_cloudmask/dataset_cropped/09_Metas/09/08/20190909080600_00160.png,192.8,387.3,91.1,21,962
9/9/2019 8:07,datasets/dataset_cropped/09_Metas/09/08/20190909080700_00160.jpg,datasets_flow/dataset_cropped/09_Metas/09/08/20190909080700_00160.jpg,datasets_cloudmask/dataset_cropped/09_Metas/09/08/20190909080700_00160.png,157.2,252,90.4,21.1,962
9/9/2019 8:08,datasets/dataset_cropped/09_Metas/09/08/20190909080800_00160.jpg,datasets_flow/dataset_cropped/09_Metas/09/08/20190909080800_00160.jpg,datasets_cloudmask/dataset_cropped/09_Metas/09/08/20190909080800_00160.png,156.5,240,91.8,21.3,962
9/9/2019 8:09,datasets/dataset_cropped/09_Metas/09/08/20190909080900_00160.jpg,datasets_flow/dataset_cropped/09_Metas/09/08/20190909080900_00160.jpg,datasets_cloudmask/dataset_cropped/09_Metas/09/08/20190909080900_00160.png,214,440.4,94,21.4,962
9/9/2019 8:10,datasets/dataset_cropped/09_Metas/09/08/20190909081000_00160.jpg,datasets_flow/dataset_cropped/09_Metas/09/08/20190909081000_00160.jpg,datasets_cloudmask/dataset_cropped/09_Metas/09/08/20190909081000_00160.png,218.6,453.8,93.8,21.3,962
9/9/2019 8:11,datasets/dataset_cropped/09_Metas/09/08/20190909081100_00160.jpg,datasets_flow/dataset_cropped/09_Metas/09/08/20190909081100_00160.jpg,datasets_cloudmask/dataset_cropped/09_Metas/09/08/20190909081100_00160.png,215.8,441,92.9,21.4,962
9/9/2019 8:12,datasets/dataset_cropped/09_Metas/09/08/20190909081200_00160.jpg,datasets_flow/dataset_cropped/09_Metas/09/08/20190909081200_00160.jpg,datasets_cloudmask/dataset_cropped/09_Metas/09/08/20190909081200_00160.png,220,453,92.2,21.4,962
9/9/2019 8:13,datasets/dataset_cropped/09_Metas/09/08/20190909081300_00160.jpg,datasets_flow/dataset_cropped/09_Metas/09/08/20190909081300_00160.jpg,datasets_cloudmask/dataset_cropped/09_Metas/09/08/20190909081300_00160.png,221.9,457.8,91.2,21.5,962
9/9/2019 8:14,datasets/dataset_cropped/09_Metas/09/08/20190909081400_00160.jpg,datasets_flow/dataset_cropped/09_Metas/09/08/20190909081400_00160.jpg,datasets_cloudmask/dataset_cropped/09_Metas/09/08/20190909081400_00160.png,224.8,466.8,90,21.6,962
9/9/2019 8:15,datasets/dataset_cropped/09_Metas/09/08/20190909081500_00160.jpg,datasets_flow/dataset_cropped/09_Metas/09/08/20190909081500_00160.jpg,datasets_cloudmask/dataset_cropped/09_Metas/09/08/20190909081500_00160.png,221.6,455.4,88.8,21.7,962
9/9/2019 8:16,datasets/dataset_cropped/09_Metas/09/08/20190909081600_00160.jpg,datasets_flow/dataset_cropped/09_Metas/09/08/20190909081600_00160.jpg,datasets_cloudmask/dataset_cropped/09_Metas/09/08/20190909081600_00160.png,220.1,448.7,87.8,21.8,962
9/9/2019 8:17,datasets/dataset_cropped/09_Metas/09/08/20190909081700_00160.jpg,datasets_flow/dataset_cropped/09_Metas/09/08/20190909081700_00160.jpg,datasets_cloudmask/dataset_cropped/09_Metas/09/08/20190909081700_00160.png,195.1,363.6,87.1,21.8,962
9/9/2019 8:18,datasets/dataset_cropped/09_Metas/09/08/20190909081800_00160.jpg,datasets_flow/dataset_cropped/09_Metas/09/08/20190909081800_00160.jpg,datasets_cloudmask/dataset_cropped/09_Metas/09/08/20190909081800_00160.png,220.6,438.3,88.6,21.7,962
9/9/2019 8:19,datasets/dataset_cropped/09_Metas/09/08/20190909081900_00160.jpg,datasets_flow/dataset_cropped/09_Metas/09/08/20190909081900_00160.jpg,datasets_cloudmask/dataset_cropped/09_Metas/09/08/20190909081900_00160.png,236.8,481.5,90.2,21.7,962
9/9/2019 8:20,datasets/dataset_cropped/09_Metas/09/08/20190909082000_00160.jpg,datasets_flow/dataset_cropped/09_Metas/09/08/20190909082000_00160.jpg,datasets_cloudmask/dataset_cropped/09_Metas/09/08/20190909082000_00160.png,239.8,483.5,91,21.6,962
9/9/2019 8:21,datasets/dataset_cropped/09_Metas/09/08/20190909082100_00160.jpg,datasets_flow/dataset_cropped/09_Metas/09/08/20190909082100_00160.jpg,datasets_cloudmask/dataset_cropped/09_Metas/09/08/20190909082100_00160.png,243.2,489.5,91.1,21.6,962
9/9/2019 8:22,datasets/dataset_cropped/09_Metas/09/08/20190909082200_00160.jpg,datasets_flow/dataset_cropped/09_Metas/09/08/20190909082200_00160.jpg,datasets_cloudmask/dataset_cropped/09_Metas/09/08/20190909082200_00160.png,247.2,498.1,90.8,21.6,962
9/9/2019 8:23,datasets/dataset_cropped/09_Metas/09/08/20190909082300_00160.jpg,datasets_flow/dataset_cropped/09_Metas/09/08/20190909082300_00160.jpg,datasets_cloudmask/dataset_cropped/09_Metas/09/08/20190909082300_00160.png,251.6,506.4,91.1,21.7,962
9/9/2019 8:24,datasets/dataset_cropped/09_Metas/09/08/20190909082400_00160.jpg,datasets_flow/dataset_cropped/09_Metas/09/08/20190909082400_00160.jpg,datasets_cloudmask/dataset_cropped/09_Metas/09/08/20190909082400_00160.png,255.6,513.1,91.3,21.7,962
9/9/2019 8:25,datasets/dataset_cropped/09_Metas/09/08/20190909082500_00160.jpg,datasets_flow/dataset_cropped/09_Metas/09/08/20190909082500_00160.jpg,datasets_cloudmask/dataset_cropped/09_Metas/09/08/20190909082500_00160.png,259.7,520.2,91.3,21.7,962
9/9/2019 8:26,datasets/dataset_cropped/09_Metas/09/08/20190909082600_00160.jpg,datasets_flow/dataset_cropped/09_Metas/09/08/20190909082600_00160.jpg,datasets_cloudmask/dataset_cropped/09_Metas/09/08/20190909082600_00160.png,263.6,526.6,91.5,21.7,962
9/9/2019 8:27,datasets/dataset_cropped/09_Metas/09/08/20190909082700_00160.jpg,datasets_flow/dataset_cropped/09_Metas/09/08/20190909082700_00160.jpg,datasets_cloudmask/dataset_cropped/09_Metas/09/08/20190909082700_00160.png,267.1,531.4,91.6,21.7,962
9/9/2019 8:28,datasets/dataset_cropped/09_Metas/09/08/20190909082800_00160.jpg,datasets_flow/dataset_cropped/09_Metas/09/08/20190909082800_00160.jpg,datasets_cloudmask/dataset_cropped/09_Metas/09/08/20190909082800_00160.png,270.3,535.4,91.8,21.6,962
9/9/2019 8:29,datasets/dataset_cropped/09_Metas/09/08/20190909082900_00160.jpg,datasets_flow/dataset_cropped/09_Metas/09/08/20190909082900_00160.jpg,datasets_cloudmask/dataset_cropped/09_Metas/09/08/20190909082900_00160.png,273.7,540.1,91.8,21.7,962
9/9/2019 8:30,datasets/dataset_cropped/09_Metas/09/08/20190909083000_00160.jpg,datasets_flow/dataset_cropped/09_Metas/09/08/20190909083000_00160.jpg,datasets_cloudmask/dataset_cropped/09_Metas/09/08/20190909083000_00160.png,277.2,544.3,92.1,21.6,962
9/9/2019 8:31,datasets/dataset_cropped/09_Metas/09/08/20190909083100_00160.jpg,datasets_flow/dataset_cropped/09_Metas/09/08/20190909083100_00160.jpg,datasets_cloudmask/dataset_cropped/09_Metas/09/08/20190909083100_00160.png,280.7,549,92.2,21.7,962
9/9/2019 8:32,datasets/dataset_cropped/09_Metas/09/08/20190909083200_00160.jpg,datasets_flow/dataset_cropped/09_Metas/09/08/20190909083200_00160.jpg,datasets_cloudmask/dataset_cropped/09_Metas/09/08/20190909083200_00160.png,284,553.2,92.4,21.8,962
9/9/2019 8:33,datasets/dataset_cropped/09_Metas/09/08/20190909083300_00160.jpg,datasets_flow/dataset_cropped/09_Metas/09/08/20190909083300_00160.jpg,datasets_cloudmask/dataset_cropped/09_Metas/09/08/20190909083300_00160.png,288.1,559.2,92.5,21.8,962
9/9/2019 8:34,datasets/dataset_cropped/09_Metas/09/08/20190909083400_00160.jpg,datasets_flow/dataset_cropped/09_Metas/09/08/20190909083400_00160.jpg,datasets_cloudmask/dataset_cropped/09_Metas/09/08/20190909083400_00160.png,291.7,562.9,93,21.8,962
9/9/2019 8:35,datasets/dataset_cropped/09_Metas/09/08/20190909083500_00160.jpg,datasets_flow/dataset_cropped/09_Metas/09/08/20190909083500_00160.jpg,datasets_cloudmask/dataset_cropped/09_Metas/09/08/20190909083500_00160.png,295.1,565.8,93.8,21.9,962
9/9/2019 8:36,datasets/dataset_cropped/09_Metas/09/08/20190909083600_00160.jpg,datasets_flow/dataset_cropped/09_Metas/09/08/20190909083600_00160.jpg,datasets_cloudmask/dataset_cropped/09_Metas/09/08/20190909083600_00160.png,299.7,570.9,94.6,22.1,962
9/9/2019 8:37,datasets/dataset_cropped/09_Metas/09/08/20190909083700_00160.jpg,datasets_flow/dataset_cropped/09_Metas/09/08/20190909083700_00160.jpg,datasets_cloudmask/dataset_cropped/09_Metas/09/08/20190909083700_00160.png,303.6,575.4,95.1,22.2,962
9/9/2019 8:38,datasets/dataset_cropped/09_Metas/09/08/20190909083800_00160.jpg,datasets_flow/dataset_cropped/09_Metas/09/08/20190909083800_00160.jpg,datasets_cloudmask/dataset_cropped/09_Metas/09/08/20190909083800_00160.png,307.8,580.3,95.8,22.3,962
9/9/2019 8:39,datasets/dataset_cropped/09_Metas/09/08/20190909083900_00160.jpg,datasets_flow/dataset_cropped/09_Metas/09/08/20190909083900_00160.jpg,datasets_cloudmask/dataset_cropped/09_Metas/09/08/20190909083900_00160.png,311.8,584.3,96.5,22.3,962
9/9/2019 8:40,datasets/dataset_cropped/09_Metas/09/08/20190909084000_00160.jpg,datasets_flow/dataset_cropped/09_Metas/09/08/20190909084000_00160.jpg,datasets_cloudmask/dataset_cropped/09_Metas/09/08/20190909084000_00160.png,315.7,587.9,97.3,22.3,962
9/9/2019 8:41,datasets/dataset_cropped/09_Metas/09/08/20190909084100_00160.jpg,datasets_flow/dataset_cropped/09_Metas/09/08/20190909084100_00160.jpg,datasets_cloudmask/dataset_cropped/09_Metas/09/08/20190909084100_00160.png,319,589.5,98.2,22.3,962
9/9/2019 8:42,datasets/dataset_cropped/09_Metas/09/08/20190909084200_00160.jpg,datasets_flow/dataset_cropped/09_Metas/09/08/20190909084200_00160.jpg,datasets_cloudmask/dataset_cropped/09_Metas/09/08/20190909084200_00160.png,322.8,592.8,98.9,22.3,962
9/9/2019 8:43,datasets/dataset_cropped/09_Metas/09/08/20190909084300_00160.jpg,datasets_flow/dataset_cropped/09_Metas/09/08/20190909084300_00160.jpg,datasets_cloudmask/dataset_cropped/09_Metas/09/08/20190909084300_00160.png,326.5,596.2,99.7,22.4,962
9/9/2019 8:44,datasets/dataset_cropped/09_Metas/09/08/20190909084400_00160.jpg,datasets_flow/dataset_cropped/09_Metas/09/08/20190909084400_00160.jpg,datasets_cloudmask/dataset_cropped/09_Metas/09/08/20190909084400_00160.png,329.7,597.5,100.5,22.3,962
9/9/2019 8:45,datasets/dataset_cropped/09_Metas/09/08/20190909084500_00160.jpg,datasets_flow/dataset_cropped/09_Metas/09/08/20190909084500_00160.jpg,datasets_cloudmask/dataset_cropped/09_Metas/09/08/20190909084500_00160.png,333.7,601.8,101.3,22.3,962
9/9/2019 8:46,datasets/dataset_cropped/09_Metas/09/08/20190909084600_00160.jpg,datasets_flow/dataset_cropped/09_Metas/09/08/20190909084600_00160.jpg,datasets_cloudmask/dataset_cropped/09_Metas/09/08/20190909084600_00160.png,338.1,606.8,101.8,22.4,962
9/9/2019 8:47,datasets/dataset_cropped/09_Metas/09/08/20190909084700_00160.jpg,datasets_flow/dataset_cropped/09_Metas/09/08/20190909084700_00160.jpg,datasets_cloudmask/dataset_cropped/09_Metas/09/08/20190909084700_00160.png,342.6,610.8,102.8,22.4,962
9/9/2019 8:48,datasets/dataset_cropped/09_Metas/09/08/20190909084800_00160.jpg,datasets_flow/dataset_cropped/09_Metas/09/08/20190909084800_00160.jpg,datasets_cloudmask/dataset_cropped/09_Metas/09/08/20190909084800_00160.png,347,614.9,103.5,22.5,962
9/9/2019 8:49,datasets/dataset_cropped/09_Metas/09/08/20190909084900_00160.jpg,datasets_flow/dataset_cropped/09_Metas/09/08/20190909084900_00160.jpg,datasets_cloudmask/dataset_cropped/09_Metas/09/08/20190909084900_00160.png,350.6,618.1,104.2,22.7,962
9/9/2019 8:50,datasets/dataset_cropped/09_Metas/09/08/20190909085000_00160.jpg,datasets_flow/dataset_cropped/09_Metas/09/08/20190909085000_00160.jpg,datasets_cloudmask/dataset_cropped/09_Metas/09/08/20190909085000_00160.png,353.8,621.4,104.2,22.8,962
9/9/2019 8:51,datasets/dataset_cropped/09_Metas/09/08/20190909085100_00160.jpg,datasets_flow/dataset_cropped/09_Metas/09/08/20190909085100_00160.jpg,datasets_cloudmask/dataset_cropped/09_Metas/09/08/20190909085100_00160.png,356.2,623.6,103.5,22.9,962
9/9/2019 8:52,datasets/dataset_cropped/09_Metas/09/08/20190909085200_00160.jpg,datasets_flow/dataset_cropped/09_Metas/09/08/20190909085200_00160.jpg,datasets_cloudmask/dataset_cropped/09_Metas/09/08/20190909085200_00160.png,358.5,626.8,102.4,22.9,962
9/9/2019 8:53,datasets/dataset_cropped/09_Metas/09/08/20190909085300_00160.jpg,datasets_flow/dataset_cropped/09_Metas/09/08/20190909085300_00160.jpg,datasets_cloudmask/dataset_cropped/09_Metas/09/08/20190909085300_00160.png,360.6,629.1,101.3,23,962
9/9/2019 8:54,datasets/dataset_cropped/09_Metas/09/08/20190909085400_00160.jpg,datasets_flow/dataset_cropped/09_Metas/09/08/20190909085400_00160.jpg,datasets_cloudmask/dataset_cropped/09_Metas/09/08/20190909085400_00160.png,363.3,630.7,101.1,23,962
9/9/2019 8:55,datasets/dataset_cropped/09_Metas/09/08/20190909085500_00160.jpg,datasets_flow/dataset_cropped/09_Metas/09/08/20190909085500_00160.jpg,datasets_cloudmask/dataset_cropped/09_Metas/09/08/20190909085500_00160.png,367.8,634.8,101.8,23.1,962
9/9/2019 8:56,datasets/dataset_cropped/09_Metas/09/08/20190909085600_00160.jpg,datasets_flow/dataset_cropped/09_Metas/09/08/20190909085600_00160.jpg,datasets_cloudmask/dataset_cropped/09_Metas/09/08/20190909085600_00160.png,372.7,638.3,103,23.2,962
9/9/2019 8:57,datasets/dataset_cropped/09_Metas/09/08/20190909085700_00160.jpg,datasets_flow/dataset_cropped/09_Metas/09/08/20190909085700_00160.jpg,datasets_cloudmask/dataset_cropped/09_Metas/09/08/20190909085700_00160.png,378.4,643.3,104.6,23.3,962
9/9/2019 8:58,datasets/dataset_cropped/09_Metas/09/08/20190909085800_00160.jpg,datasets_flow/dataset_cropped/09_Metas/09/08/20190909085800_00160.jpg,datasets_cloudmask/dataset_cropped/09_Metas/09/08/20190909085800_00160.png,383.7,646.6,106.6,23.2,962
9/9/2019 8:59,datasets/dataset_cropped/09_Metas/09/08/20190909085900_00160.jpg,datasets_flow/dataset_cropped/09_Metas/09/08/20190909085900_00160.jpg,datasets_cloudmask/dataset_cropped/09_Metas/09/08/20190909085900_00160.png,389.2,650,108.8,23.1,962
9/9/2019 9:00,datasets/dataset_cropped/09_Metas/09/09/20190909090000_00160.jpg,datasets_flow/dataset_cropped/09_Metas/09/09/20190909090000_00160.jpg,datasets_cloudmask/dataset_cropped/09_Metas/09/09/20190909090000_00160.png,394.1,651.6,111.1,23.2,962
9/9/2019 9:01,datasets/dataset_cropped/09_Metas/09/09/20190909090100_00160.jpg,datasets_flow/dataset_cropped/09_Metas/09/09/20190909090100_00160.jpg,datasets_cloudmask/dataset_cropped/09_Metas/09/09/20190909090100_00160.png,398.7,652.8,113.4,23.2,962
9/9/2019 9:02,datasets/dataset_cropped/09_Metas/09/09/20190909090200_00160.jpg,datasets_flow/dataset_cropped/09_Metas/09/09/20190909090200_00160.jpg,datasets_cloudmask/dataset_cropped/09_Metas/09/09/20190909090200_00160.png,403.4,651.5,116.5,23.2,962
9/9/2019 9:03,datasets/dataset_cropped/09_Metas/09/09/20190909090300_00160.jpg,datasets_flow/dataset_cropped/09_Metas/09/09/20190909090300_00160.jpg,datasets_cloudmask/dataset_cropped/09_Metas/09/09/20190909090300_00160.png,394.4,621.6,118.9,23.1,962
9/9/2019 9:04,datasets/dataset_cropped/09_Metas/09/09/20190909090400_00160.jpg,datasets_flow/dataset_cropped/09_Metas/09/09/20190909090400_00160.jpg,datasets_cloudmask/dataset_cropped/09_Metas/09/09/20190909090400_00160.png,309.2,424.3,120.1,23.1,962
9/9/2019 9:05,datasets/dataset_cropped/09_Metas/09/09/20190909090500_00160.jpg,datasets_flow/dataset_cropped/09_Metas/09/09/20190909090500_00160.jpg,datasets_cloudmask/dataset_cropped/09_Metas/09/09/20190909090500_00160.png,375.7,560,123.8,23.1,962
9/9/2019 9:06,datasets/dataset_cropped/09_Metas/09/09/20190909090600_00160.jpg,datasets_flow/dataset_cropped/09_Metas/09/09/20190909090600_00160.jpg,datasets_cloudmask/dataset_cropped/09_Metas/09/09/20190909090600_00160.png,396.4,599.6,124.5,23.1,962
9/9/2019 9:07,datasets/dataset_cropped/09_Metas/09/09/20190909090700_00160.jpg,datasets_flow/dataset_cropped/09_Metas/09/09/20190909090700_00160.jpg,datasets_cloudmask/dataset_cropped/09_Metas/09/09/20190909090700_00160.png,406.9,620.2,122.5,23,962
9/9/2019 9:08,datasets/dataset_cropped/09_Metas/09/09/20190909090800_00160.jpg,datasets_flow/dataset_cropped/09_Metas/09/09/20190909090800_00160.jpg,datasets_cloudmask/dataset_cropped/09_Metas/09/09/20190909090800_00160.png,382.3,570.3,118.3,22.9,962
9/9/2019 9:09,datasets/dataset_cropped/09_Metas/09/09/20190909090900_00160.jpg,datasets_flow/dataset_cropped/09_Metas/09/09/20190909090900_00160.jpg,datasets_cloudmask/dataset_cropped/09_Metas/09/09/20190909090900_00160.png,304.9,408.6,113.7,23,962
9/9/2019 9:10,datasets/dataset_cropped/09_Metas/09/09/20190909091000_00160.jpg,datasets_flow/dataset_cropped/09_Metas/09/09/20190909091000_00160.jpg,datasets_cloudmask/dataset_cropped/09_Metas/09/09/20190909091000_00160.png,308,415.5,112.2,23.2,962
9/9/2019 9:11,datasets/dataset_cropped/09_Metas/09/09/20190909091100_00160.jpg,datasets_flow/dataset_cropped/09_Metas/09/09/20190909091100_00160.jpg,datasets_cloudmask/dataset_cropped/09_Metas/09/09/20190909091100_00160.png,373.8,554.7,112.7,23.4,962
9/9/2019 9:12,datasets/dataset_cropped/09_Metas/09/09/20190909091200_00160.jpg,datasets_flow/dataset_cropped/09_Metas/09/09/20190909091200_00160.jpg,datasets_cloudmask/dataset_cropped/09_Metas/09/09/20190909091200_00160.png,384.8,578.6,110.8,23.6,962
9/9/2019 9:13,datasets/dataset_cropped/09_Metas/09/09/20190909091300_00160.jpg,datasets_flow/dataset_cropped/09_Metas/09/09/20190909091300_00160.jpg,datasets_cloudmask/dataset_cropped/09_Metas/09/09/20190909091300_00160.png,369.5,548.5,107.9,23.6,962
9/9/2019 9:14,datasets/dataset_cropped/09_Metas/09/09/20190909091400_00160.jpg,datasets_flow/dataset_cropped/09_Metas/09/09/20190909091400_00160.jpg,datasets_cloudmask/dataset_cropped/09_Metas/09/09/20190909091400_00160.png,372.3,551.8,108,23.5,962
9/9/2019 9:15,datasets/dataset_cropped/09_Metas/09/09/20190909091500_00160.jpg,datasets_flow/dataset_cropped/09_Metas/09/09/20190909091500_00160.jpg,datasets_cloudmask/dataset_cropped/09_Metas/09/09/20190909091500_00160.png,400.2,601.3,109.8,23.6,962
9/9/2019 9:16,datasets/dataset_cropped/09_Metas/09/09/20190909091600_00160.jpg,datasets_flow/dataset_cropped/09_Metas/09/09/20190909091600_00160.jpg,datasets_cloudmask/dataset_cropped/09_Metas/09/09/20190909091600_00160.png,373.7,544.8,109.3,23.9,962
9/9/2019 9:17,datasets/dataset_cropped/09_Metas/09/09/20190909091700_00160.jpg,datasets_flow/dataset_cropped/09_Metas/09/09/20190909091700_00160.jpg,datasets_cloudmask/dataset_cropped/09_Metas/09/09/20190909091700_00160.png,351.5,496.4,109.6,23.7,962
9/9/2019 9:18,datasets/dataset_cropped/09_Metas/09/09/20190909091800_00160.jpg,datasets_flow/dataset_cropped/09_Metas/09/09/20190909091800_00160.jpg,datasets_cloudmask/dataset_cropped/09_Metas/09/09/20190909091800_00160.png,415.3,621.2,111.1,23.4,962
9/9/2019 9:19,datasets/dataset_cropped/09_Metas/09/09/20190909091900_00160.jpg,datasets_flow/dataset_cropped/09_Metas/09/09/20190909091900_00160.jpg,datasets_cloudmask/dataset_cropped/09_Metas/09/09/20190909091900_00160.png,449.7,687.2,111.9,23.3,962
9/9/2019 9:20,datasets/dataset_cropped/09_Metas/09/09/20190909092000_00160.jpg,datasets_flow/dataset_cropped/09_Metas/09/09/20190909092000_00160.jpg,datasets_cloudmask/dataset_cropped/09_Metas/09/09/20190909092000_00160.png,458.7,702.1,111.3,23.2,962
9/9/2019 9:21,datasets/dataset_cropped/09_Metas/09/09/20190909092100_00160.jpg,datasets_flow/dataset_cropped/09_Metas/09/09/20190909092100_00160.jpg,datasets_cloudmask/dataset_cropped/09_Metas/09/09/20190909092100_00160.png,461.8,704.7,110.6,23.4,962
9/9/2019 9:22,datasets/dataset_cropped/09_Metas/09/09/20190909092200_00160.jpg,datasets_flow/dataset_cropped/09_Metas/09/09/20190909092200_00160.jpg,datasets_cloudmask/dataset_cropped/09_Metas/09/09/20190909092200_00160.png,464.3,707,109.4,23.4,962
9/9/2019 9:23,datasets/dataset_cropped/09_Metas/09/09/20190909092300_00160.jpg,datasets_flow/dataset_cropped/09_Metas/09/09/20190909092300_00160.jpg,datasets_cloudmask/dataset_cropped/09_Metas/09/09/20190909092300_00160.png,466.5,709.9,108.3,23.3,962
9/9/2019 9:24,datasets/dataset_cropped/09_Metas/09/09/20190909092400_00160.jpg,datasets_flow/dataset_cropped/09_Metas/09/09/20190909092400_00160.jpg,datasets_cloudmask/dataset_cropped/09_Metas/09/09/20190909092400_00160.png,463.6,702,107.7,23.3,962
9/9/2019 9:25,datasets/dataset_cropped/09_Metas/09/09/20190909092500_00160.jpg,datasets_flow/dataset_cropped/09_Metas/09/09/20190909092500_00160.jpg,datasets_cloudmask/dataset_cropped/09_Metas/09/09/20190909092500_00160.png,471.9,715.4,107.1,23.3,962
9/9/2019 9:26,datasets/dataset_cropped/09_Metas/09/09/20190909092600_00160.jpg,datasets_flow/dataset_cropped/09_Metas/09/09/20190909092600_00160.jpg,datasets_cloudmask/dataset_cropped/09_Metas/09/09/20190909092600_00160.png,473.8,715.8,106.7,23.5,962
9/9/2019 9:27,datasets/dataset_cropped/09_Metas/09/09/20190909092700_00160.jpg,datasets_flow/dataset_cropped/09_Metas/09/09/20190909092700_00160.jpg,datasets_cloudmask/dataset_cropped/09_Metas/09/09/20190909092700_00160.png,476.9,717.3,106.7,23.7,962
9/9/2019 9:28,datasets/dataset_cropped/09_Metas/09/09/20190909092800_00160.jpg,datasets_flow/dataset_cropped/09_Metas/09/09/20190909092800_00160.jpg,datasets_cloudmask/dataset_cropped/09_Metas/09/09/20190909092800_00160.png,479.5,717.7,107.3,23.8,962
9/9/2019 9:29,datasets/dataset_cropped/09_Metas/09/09/20190909092900_00160.jpg,datasets_flow/dataset_cropped/09_Metas/09/09/20190909092900_00160.jpg,datasets_cloudmask/dataset_cropped/09_Metas/09/09/20190909092900_00160.png,483.1,720.1,107.7,23.7,962
9/9/2019 9:30,datasets/dataset_cropped/09_Metas/09/09/20190909093000_00160.jpg,datasets_flow/dataset_cropped/09_Metas/09/09/20190909093000_00160.jpg,datasets_cloudmask/dataset_cropped/09_Metas/09/09/20190909093000_00160.png,487.4,723.3,108.4,23.7,962
9/9/2019 9:31,datasets/dataset_cropped/09_Metas/09/09/20190909093100_00160.jpg,datasets_flow/dataset_cropped/09_Metas/09/09/20190909093100_00160.jpg,datasets_cloudmask/dataset_cropped/09_Metas/09/09/20190909093100_00160.png,490.6,724.8,108.7,23.6,962
9/9/2019 9:32,datasets/dataset_cropped/09_Metas/09/09/20190909093200_00160.jpg,datasets_flow/dataset_cropped/09_Metas/09/09/20190909093200_00160.jpg,datasets_cloudmask/dataset_cropped/09_Metas/09/09/20190909093200_00160.png,493.4,725.6,108.9,23.8,962
9/9/2019 9:33,datasets/dataset_cropped/09_Metas/09/09/20190909093300_00160.jpg,datasets_flow/dataset_cropped/09_Metas/09/09/20190909093300_00160.jpg,datasets_cloudmask/dataset_cropped/09_Metas/09/09/20190909093300_00160.png,496.7,727.6,109.2,23.8,962
9/9/2019 9:34,datasets/dataset_cropped/09_Metas/09/09/20190909093400_00160.jpg,datasets_flow/dataset_cropped/09_Metas/09/09/20190909093400_00160.jpg,datasets_cloudmask/dataset_cropped/09_Metas/09/09/20190909093400_00160.png,498.8,727.5,109.5,23.6,962
9/9/2019 9:35,datasets/dataset_cropped/09_Metas/09/09/20190909093500_00160.jpg,datasets_flow/dataset_cropped/09_Metas/09/09/20190909093500_00160.jpg,datasets_cloudmask/dataset_cropped/09_Metas/09/09/20190909093500_00160.png,501.1,727.8,109.6,23.6,962
9/9/2019 9:36,datasets/dataset_cropped/09_Metas/09/09/20190909093600_00160.jpg,datasets_flow/dataset_cropped/09_Metas/09/09/20190909093600_00160.jpg,datasets_cloudmask/dataset_cropped/09_Metas/09/09/20190909093600_00160.png,504.6,730.6,109.6,23.9,962
9/9/2019 9:37,datasets/dataset_cropped/09_Metas/09/09/20190909093700_00160.jpg,datasets_flow/dataset_cropped/09_Metas/09/09/20190909093700_00160.jpg,datasets_cloudmask/dataset_cropped/09_Metas/09/09/20190909093700_00160.png,507.7,732.8,109.7,23.9,962
9/9/2019 9:38,datasets/dataset_cropped/09_Metas/09/09/20190909093800_00160.jpg,datasets_flow/dataset_cropped/09_Metas/09/09/20190909093800_00160.jpg,datasets_cloudmask/dataset_cropped/09_Metas/09/09/20190909093800_00160.png,511.1,734.9,109.8,24,962
9/9/2019 9:39,datasets/dataset_cropped/09_Metas/09/09/20190909093900_00160.jpg,datasets_flow/dataset_cropped/09_Metas/09/09/20190909093900_00160.jpg,datasets_cloudmask/dataset_cropped/09_Metas/09/09/20190909093900_00160.png,515.1,737.5,110.3,24,962
9/9/2019 9:40,datasets/dataset_cropped/09_Metas/09/09/20190909094000_00160.jpg,datasets_flow/dataset_cropped/09_Metas/09/09/20190909094000_00160.jpg,datasets_cloudmask/dataset_cropped/09_Metas/09/09/20190909094000_00160.png,518.9,738.9,111.2,23.8,962
9/9/2019 9:41,datasets/dataset_cropped/09_Metas/09/09/20190909094100_00160.jpg,datasets_flow/dataset_cropped/09_Metas/09/09/20190909094100_00160.jpg,datasets_cloudmask/dataset_cropped/09_Metas/09/09/20190909094100_00160.png,522.2,739.5,112.3,23.8,962
9/9/2019 9:42,datasets/dataset_cropped/09_Metas/09/09/20190909094200_00160.jpg,datasets_flow/dataset_cropped/09_Metas/09/09/20190909094200_00160.jpg,datasets_cloudmask/dataset_cropped/09_Metas/09/09/20190909094200_00160.png,524,738.7,112.6,23.8,962
9/9/2019 9:43,datasets/dataset_cropped/09_Metas/09/09/20190909094300_00160.jpg,datasets_flow/dataset_cropped/09_Metas/09/09/20190909094300_00160.jpg,datasets_cloudmask/dataset_cropped/09_Metas/09/09/20190909094300_00160.png,525.1,737.5,112.2,23.9,962
9/9/2019 9:44,datasets/dataset_cropped/09_Metas/09/09/20190909094400_00160.jpg,datasets_flow/dataset_cropped/09_Metas/09/09/20190909094400_00160.jpg,datasets_cloudmask/dataset_cropped/09_Metas/09/09/20190909094400_00160.png,527.3,739.2,111.6,24.1,962
9/9/2019 9:45,datasets/dataset_cropped/09_Metas/09/09/20190909094500_00160.jpg,datasets_flow/dataset_cropped/09_Metas/09/09/20190909094500_00160.jpg,datasets_cloudmask/dataset_cropped/09_Metas/09/09/20190909094500_00160.png,530.4,741.9,111.3,24,962
9/9/2019 9:46,datasets/dataset_cropped/09_Metas/09/09/20190909094600_00160.jpg,datasets_flow/dataset_cropped/09_Metas/09/09/20190909094600_00160.jpg,datasets_cloudmask/dataset_cropped/09_Metas/09/09/20190909094600_00160.png,532.3,741.7,111.1,24.1,962
9/9/2019 9:47,datasets/dataset_cropped/09_Metas/09/09/20190909094700_00160.jpg,datasets_flow/dataset_cropped/09_Metas/09/09/20190909094700_00160.jpg,datasets_cloudmask/dataset_cropped/09_Metas/09/09/20190909094700_00160.png,535.4,743.4,111.1,24.2,962
9/9/2019 9:48,datasets/dataset_cropped/09_Metas/09/09/20190909094800_00160.jpg,datasets_flow/dataset_cropped/09_Metas/09/09/20190909094800_00160.jpg,datasets_cloudmask/dataset_cropped/09_Metas/09/09/20190909094800_00160.png,538.1,744.4,111.2,24.4,962
9/9/2019 9:49,datasets/dataset_cropped/09_Metas/09/09/20190909094900_00160.jpg,datasets_flow/dataset_cropped/09_Metas/09/09/20190909094900_00160.jpg,datasets_cloudmask/dataset_cropped/09_Metas/09/09/20190909094900_00160.png,539.7,743.6,111.4,24.5,962
9/9/2019 9:50,datasets/dataset_cropped/09_Metas/09/09/20190909095000_00160.jpg,datasets_flow/dataset_cropped/09_Metas/09/09/20190909095000_00160.jpg,datasets_cloudmask/dataset_cropped/09_Metas/09/09/20190909095000_00160.png,543.5,746.1,111.8,24.4,962
9/9/2019 9:51,datasets/dataset_cropped/09_Metas/09/09/20190909095100_00160.jpg,datasets_flow/dataset_cropped/09_Metas/09/09/20190909095100_00160.jpg,datasets_cloudmask/dataset_cropped/09_Metas/09/09/20190909095100_00160.png,547.6,750.1,111.9,24.6,962
9/9/2019 9:52,datasets/dataset_cropped/09_Metas/09/09/20190909095200_00160.jpg,datasets_flow/dataset_cropped/09_Metas/09/09/20190909095200_00160.jpg,datasets_cloudmask/dataset_cropped/09_Metas/09/09/20190909095200_00160.png,550,751.1,111.8,24.7,962
9/9/2019 9:53,datasets/dataset_cropped/09_Metas/09/09/20190909095300_00160.jpg,datasets_flow/dataset_cropped/09_Metas/09/09/20190909095300_00160.jpg,datasets_cloudmask/dataset_cropped/09_Metas/09/09/20190909095300_00160.png,553.1,753.4,111.9,24.8,962
9/9/2019 9:54,datasets/dataset_cropped/09_Metas/09/09/20190909095400_00160.jpg,datasets_flow/dataset_cropped/09_Metas/09/09/20190909095400_00160.jpg,datasets_cloudmask/dataset_cropped/09_Metas/09/09/20190909095400_00160.png,555.9,754.3,112.2,24.7,962
9/9/2019 9:55,datasets/dataset_cropped/09_Metas/09/09/20190909095500_00160.jpg,datasets_flow/dataset_cropped/09_Metas/09/09/20190909095500_00160.jpg,datasets_cloudmask/dataset_cropped/09_Metas/09/09/20190909095500_00160.png,559.5,756.7,112.1,24.7,962
9/9/2019 9:56,datasets/dataset_cropped/09_Metas/09/09/20190909095600_00160.jpg,datasets_flow/dataset_cropped/09_Metas/09/09/20190909095600_00160.jpg,datasets_cloudmask/dataset_cropped/09_Metas/09/09/20190909095600_00160.png,563.9,759.7,112.2,24.8,962
9/9/2019 9:57,datasets/dataset_cropped/09_Metas/09/09/20190909095700_00160.jpg,datasets_flow/dataset_cropped/09_Metas/09/09/20190909095700_00160.jpg,datasets_cloudmask/dataset_cropped/09_Metas/09/09/20190909095700_00160.png,567.3,761.4,112.6,24.9,962
9/9/2019 9:58,datasets/dataset_cropped/09_Metas/09/09/20190909095800_00160.jpg,datasets_flow/dataset_cropped/09_Metas/09/09/20190909095800_00160.jpg,datasets_cloudmask/dataset_cropped/09_Metas/09/09/20190909095800_00160.png,569.1,761.1,112.9,25.1,962
9/9/2019 9:59,datasets/dataset_cropped/09_Metas/09/09/20190909095900_00160.jpg,datasets_flow/dataset_cropped/09_Metas/09/09/20190909095900_00160.jpg,datasets_cloudmask/dataset_cropped/09_Metas/09/09/20190909095900_00160.png,571.4,761.7,113.1,25,962
9/9/2019 10:00,datasets/dataset_cropped/09_Metas/09/10/20190909100000_00160.jpg,datasets_flow/dataset_cropped/09_Metas/09/10/20190909100000_00160.jpg,datasets_cloudmask/dataset_cropped/09_Metas/09/10/20190909100000_00160.png,574.7,764.4,113.2,24.6,962
9/9/2019 10:01,datasets/dataset_cropped/09_Metas/09/10/20190909100100_00160.jpg,datasets_flow/dataset_cropped/09_Metas/09/10/20190909100100_00160.jpg,datasets_cloudmask/dataset_cropped/09_Metas/09/10/20190909100100_00160.png,577.1,764.5,113.4,24.8,962
9/9/2019 10:02,datasets/dataset_cropped/09_Metas/09/10/20190909100200_00160.jpg,datasets_flow/dataset_cropped/09_Metas/09/10/20190909100200_00160.jpg,datasets_cloudmask/dataset_cropped/09_Metas/09/10/20190909100200_00160.png,578.7,763.4,113.7,24.9,962
9/9/2019 10:03,datasets/dataset_cropped/09_Metas/09/10/20190909100300_00160.jpg,datasets_flow/dataset_cropped/09_Metas/09/10/20190909100300_00160.jpg,datasets_cloudmask/dataset_cropped/09_Metas/09/10/20190909100300_00160.png,581.3,763.2,114,24.7,962
9/9/2019 10:04,datasets/dataset_cropped/09_Metas/09/10/20190909100400_00160.jpg,datasets_flow/dataset_cropped/09_Metas/09/10/20190909100400_00160.jpg,datasets_cloudmask/dataset_cropped/09_Metas/09/10/20190909100400_00160.png,584.3,763.9,114.2,24.5,962
9/9/2019 10:05,datasets/dataset_cropped/09_Metas/09/10/20190909100500_00160.jpg,datasets_flow/dataset_cropped/09_Metas/09/10/20190909100500_00160.jpg,datasets_cloudmask/dataset_cropped/09_Metas/09/10/20190909100500_00160.png,587.8,765.5,114.5,24.5,962
9/9/2019 10:06,datasets/dataset_cropped/09_Metas/09/10/20190909100600_00160.jpg,datasets_flow/dataset_cropped/09_Metas/09/10/20190909100600_00160.jpg,datasets_cloudmask/dataset_cropped/09_Metas/09/10/20190909100600_00160.png,590.9,767.1,114.7,24.5,962
9/9/2019 10:07,datasets/dataset_cropped/09_Metas/09/10/20190909100700_00160.jpg,datasets_flow/dataset_cropped/09_Metas/09/10/20190909100700_00160.jpg,datasets_cloudmask/dataset_cropped/09_Metas/09/10/20190909100700_00160.png,592.5,766.9,114.8,24.7,962
9/9/2019 10:08,datasets/dataset_cropped/09_Metas/09/10/20190909100800_00160.jpg,datasets_flow/dataset_cropped/09_Metas/09/10/20190909100800_00160.jpg,datasets_cloudmask/dataset_cropped/09_Metas/09/10/20190909100800_00160.png,594.2,766.4,115.3,24.7,962
9/9/2019 10:09,datasets/dataset_cropped/09_Metas/09/10/20190909100900_00160.jpg,datasets_flow/dataset_cropped/09_Metas/09/10/20190909100900_00160.jpg,datasets_cloudmask/dataset_cropped/09_Metas/09/10/20190909100900_00160.png,597.5,768.6,115.3,24.6,962
9/9/2019 10:10,datasets/dataset_cropped/09_Metas/09/10/20190909101000_00160.jpg,datasets_flow/dataset_cropped/09_Metas/09/10/20190909101000_00160.jpg,datasets_cloudmask/dataset_cropped/09_Metas/09/10/20190909101000_00160.png,602.4,772.8,115.6,24.6,962
9/9/2019 10:11,datasets/dataset_cropped/09_Metas/09/10/20190909101100_00160.jpg,datasets_flow/dataset_cropped/09_Metas/09/10/20190909101100_00160.jpg,datasets_cloudmask/dataset_cropped/09_Metas/09/10/20190909101100_00160.png,603.5,771.2,116,24.8,962
9/9/2019 10:12,datasets/dataset_cropped/09_Metas/09/10/20190909101200_00160.jpg,datasets_flow/dataset_cropped/09_Metas/09/10/20190909101200_00160.jpg,datasets_cloudmask/dataset_cropped/09_Metas/09/10/20190909101200_00160.png,605.8,771.6,116.7,24.9,962
9/9/2019 10:13,datasets/dataset_cropped/09_Metas/09/10/20190909101300_00160.jpg,datasets_flow/dataset_cropped/09_Metas/09/10/20190909101300_00160.jpg,datasets_cloudmask/dataset_cropped/09_Metas/09/10/20190909101300_00160.png,609.5,774.6,117,25.1,962
9/9/2019 10:14,datasets/dataset_cropped/09_Metas/09/10/20190909101400_00160.jpg,datasets_flow/dataset_cropped/09_Metas/09/10/20190909101400_00160.jpg,datasets_cloudmask/dataset_cropped/09_Metas/09/10/20190909101400_00160.png,613.4,777.7,117.4,25.1,962
9/9/2019 10:15,datasets/dataset_cropped/09_Metas/09/10/20190909101500_00160.jpg,datasets_flow/dataset_cropped/09_Metas/09/10/20190909101500_00160.jpg,datasets_cloudmask/dataset_cropped/09_Metas/09/10/20190909101500_00160.png,616.9,780.1,117.7,25.4,962
9/9/2019 10:16,datasets/dataset_cropped/09_Metas/09/10/20190909101600_00160.jpg,datasets_flow/dataset_cropped/09_Metas/09/10/20190909101600_00160.jpg,datasets_cloudmask/dataset_cropped/09_Metas/09/10/20190909101600_00160.png,619.6,780.1,117.7,25.6,962
9/9/2019 10:17,datasets/dataset_cropped/09_Metas/09/10/20190909101700_00160.jpg,datasets_flow/dataset_cropped/09_Metas/09/10/20190909101700_00160.jpg,datasets_cloudmask/dataset_cropped/09_Metas/09/10/20190909101700_00160.png,623,781.5,117.7,25.3,962
9/9/2019 10:18,datasets/dataset_cropped/09_Metas/09/10/20190909101800_00160.jpg,datasets_flow/dataset_cropped/09_Metas/09/10/20190909101800_00160.jpg,datasets_cloudmask/dataset_cropped/09_Metas/09/10/20190909101800_00160.png,625.5,782.4,117.9,25,962
9/9/2019 10:19,datasets/dataset_cropped/09_Metas/09/10/20190909101900_00160.jpg,datasets_flow/dataset_cropped/09_Metas/09/10/20190909101900_00160.jpg,datasets_cloudmask/dataset_cropped/09_Metas/09/10/20190909101900_00160.png,628.3,784.3,117.9,25.2,962
9/9/2019 10:20,datasets/dataset_cropped/09_Metas/09/10/20190909102000_00160.jpg,datasets_flow/dataset_cropped/09_Metas/09/10/20190909102000_00160.jpg,datasets_cloudmask/dataset_cropped/09_Metas/09/10/20190909102000_00160.png,630.7,784.9,118,25.4,962
9/9/2019 10:21,datasets/dataset_cropped/09_Metas/09/10/20190909102100_00160.jpg,datasets_flow/dataset_cropped/09_Metas/09/10/20190909102100_00160.jpg,datasets_cloudmask/dataset_cropped/09_Metas/09/10/20190909102100_00160.png,633.5,786.1,118.3,25.3,962
9/9/2019 10:22,datasets/dataset_cropped/09_Metas/09/10/20190909102200_00160.jpg,datasets_flow/dataset_cropped/09_Metas/09/10/20190909102200_00160.jpg,datasets_cloudmask/dataset_cropped/09_Metas/09/10/20190909102200_00160.png,635.9,787.8,117.9,25.3,962
9/9/2019 10:23,datasets/dataset_cropped/09_Metas/09/10/20190909102300_00160.jpg,datasets_flow/dataset_cropped/09_Metas/09/10/20190909102300_00160.jpg,datasets_cloudmask/dataset_cropped/09_Metas/09/10/20190909102300_00160.png,639,790.2,117.8,25.6,962
9/9/2019 10:24,datasets/dataset_cropped/09_Metas/09/10/20190909102400_00160.jpg,datasets_flow/dataset_cropped/09_Metas/09/10/20190909102400_00160.jpg,datasets_cloudmask/dataset_cropped/09_Metas/09/10/20190909102400_00160.png,642,791.8,117.8,25.4,962
9/9/2019 10:25,datasets/dataset_cropped/09_Metas/09/10/20190909102500_00160.jpg,datasets_flow/dataset_cropped/09_Metas/09/10/20190909102500_00160.jpg,datasets_cloudmask/dataset_cropped/09_Metas/09/10/20190909102500_00160.png,644.6,793,117.9,25.1,962
9/9/2019 10:26,datasets/dataset_cropped/09_Metas/09/10/20190909102600_00160.jpg,datasets_flow/dataset_cropped/09_Metas/09/10/20190909102600_00160.jpg,datasets_cloudmask/dataset_cropped/09_Metas/09/10/20190909102600_00160.png,647.1,794.1,118,25.3,962
9/9/2019 10:27,datasets/dataset_cropped/09_Metas/09/10/20190909102700_00160.jpg,datasets_flow/dataset_cropped/09_Metas/09/10/20190909102700_00160.jpg,datasets_cloudmask/dataset_cropped/09_Metas/09/10/20190909102700_00160.png,650.6,796.4,118.1,25.4,962
9/9/2019 10:28,datasets/dataset_cropped/09_Metas/09/10/20190909102800_00160.jpg,datasets_flow/dataset_cropped/09_Metas/09/10/20190909102800_00160.jpg,datasets_cloudmask/dataset_cropped/09_Metas/09/10/20190909102800_00160.png,653.6,797.8,118.1,25.5,962
9/9/2019 10:29,datasets/dataset_cropped/09_Metas/09/10/20190909102900_00160.jpg,datasets_flow/dataset_cropped/09_Metas/09/10/20190909102900_00160.jpg,datasets_cloudmask/dataset_cropped/09_Metas/09/10/20190909102900_00160.png,655.9,798.4,118.3,25.4,962
9/9/2019 10:30,datasets/dataset_cropped/09_Metas/09/10/20190909103000_00160.jpg,datasets_flow/dataset_cropped/09_Metas/09/10/20190909103000_00160.jpg,datasets_cloudmask/dataset_cropped/09_Metas/09/10/20190909103000_00160.png,658,798.6,118.4,25.2,962
9/9/2019 10:31,datasets/dataset_cropped/09_Metas/09/10/20190909103100_00160.jpg,datasets_flow/dataset_cropped/09_Metas/09/10/20190909103100_00160.jpg,datasets_cloudmask/dataset_cropped/09_Metas/09/10/20190909103100_00160.png,660.3,799.6,118.2,25.5,962
9/9/2019 10:32,datasets/dataset_cropped/09_Metas/09/10/20190909103200_00160.jpg,datasets_flow/dataset_cropped/09_Metas/09/10/20190909103200_00160.jpg,datasets_cloudmask/dataset_cropped/09_Metas/09/10/20190909103200_00160.png,663.3,801,117.9,25.7,962
9/9/2019 10:33,datasets/dataset_cropped/09_Metas/09/10/20190909103300_00160.jpg,datasets_flow/dataset_cropped/09_Metas/09/10/20190909103300_00160.jpg,datasets_cloudmask/dataset_cropped/09_Metas/09/10/20190909103300_00160.png,666.2,803,118,25.6,962
9/9/2019 10:34,datasets/dataset_cropped/09_Metas/09/10/20190909103400_00160.jpg,datasets_flow/dataset_cropped/09_Metas/09/10/20190909103400_00160.jpg,datasets_cloudmask/dataset_cropped/09_Metas/09/10/20190909103400_00160.png,668.8,804,118,25.6,962
9/9/2019 10:35,datasets/dataset_cropped/09_Metas/09/10/20190909103500_00160.jpg,datasets_flow/dataset_cropped/09_Metas/09/10/20190909103500_00160.jpg,datasets_cloudmask/dataset_cropped/09_Metas/09/10/20190909103500_00160.png,672.7,807,118,25.6,962
9/9/2019 10:36,datasets/dataset_cropped/09_Metas/09/10/20190909103600_00160.jpg,datasets_flow/dataset_cropped/09_Metas/09/10/20190909103600_00160.jpg,datasets_cloudmask/dataset_cropped/09_Metas/09/10/20190909103600_00160.png,674.4,807,118.2,25.6,962
9/9/2019 10:37,datasets/dataset_cropped/09_Metas/09/10/20190909103700_00160.jpg,datasets_flow/dataset_cropped/09_Metas/09/10/20190909103700_00160.jpg,datasets_cloudmask/dataset_cropped/09_Metas/09/10/20190909103700_00160.png,674.9,805,118.3,25.7,962
9/9/2019 10:38,datasets/dataset_cropped/09_Metas/09/10/20190909103800_00160.jpg,datasets_flow/dataset_cropped/09_Metas/09/10/20190909103800_00160.jpg,datasets_cloudmask/dataset_cropped/09_Metas/09/10/20190909103800_00160.png,677.6,806,118.2,26.1,962
9/9/2019 10:39,datasets/dataset_cropped/09_Metas/09/10/20190909103900_00160.jpg,datasets_flow/dataset_cropped/09_Metas/09/10/20190909103900_00160.jpg,datasets_cloudmask/dataset_cropped/09_Metas/09/10/20190909103900_00160.png,681.6,809,118.1,26.3,962
9/9/2019 10:40,datasets/dataset_cropped/09_Metas/09/10/20190909104000_00160.jpg,datasets_flow/dataset_cropped/09_Metas/09/10/20190909104000_00160.jpg,datasets_cloudmask/dataset_cropped/09_Metas/09/10/20190909104000_00160.png,685,812,118.1,26.2,962
9/9/2019 10:41,datasets/dataset_cropped/09_Metas/09/10/20190909104100_00160.jpg,datasets_flow/dataset_cropped/09_Metas/09/10/20190909104100_00160.jpg,datasets_cloudmask/dataset_cropped/09_Metas/09/10/20190909104100_00160.png,688.4,814,118.4,26.2,962
9/9/2019 10:42,datasets/dataset_cropped/09_Metas/09/10/20190909104200_00160.jpg,datasets_flow/dataset_cropped/09_Metas/09/10/20190909104200_00160.jpg,datasets_cloudmask/dataset_cropped/09_Metas/09/10/20190909104200_00160.png,691.8,817,118.2,26.2,962
9/9/2019 10:43,datasets/dataset_cropped/09_Metas/09/10/20190909104300_00160.jpg,datasets_flow/dataset_cropped/09_Metas/09/10/20190909104300_00160.jpg,datasets_cloudmask/dataset_cropped/09_Metas/09/10/20190909104300_00160.png,694.5,818,118.5,26.1,962
9/9/2019 10:44,datasets/dataset_cropped/09_Metas/09/10/20190909104400_00160.jpg,datasets_flow/dataset_cropped/09_Metas/09/10/20190909104400_00160.jpg,datasets_cloudmask/dataset_cropped/09_Metas/09/10/20190909104400_00160.png,696.9,819,118.8,26.1,962
9/9/2019 10:45,datasets/dataset_cropped/09_Metas/09/10/20190909104500_00160.jpg,datasets_flow/dataset_cropped/09_Metas/09/10/20190909104500_00160.jpg,datasets_cloudmask/dataset_cropped/09_Metas/09/10/20190909104500_00160.png,698.9,819,118.7,25.9,962
9/9/2019 10:46,datasets/dataset_cropped/09_Metas/09/10/20190909104600_00160.jpg,datasets_flow/dataset_cropped/09_Metas/09/10/20190909104600_00160.jpg,datasets_cloudmask/dataset_cropped/09_Metas/09/10/20190909104600_00160.png,700.7,819,119.1,25.9,962
9/9/2019 10:47,datasets/dataset_cropped/09_Metas/09/10/20190909104700_00160.jpg,datasets_flow/dataset_cropped/09_Metas/09/10/20190909104700_00160.jpg,datasets_cloudmask/dataset_cropped/09_Metas/09/10/20190909104700_00160.png,703.1,820,119.3,25.7,962
9/9/2019 10:48,datasets/dataset_cropped/09_Metas/09/10/20190909104800_00160.jpg,datasets_flow/dataset_cropped/09_Metas/09/10/20190909104800_00160.jpg,datasets_cloudmask/dataset_cropped/09_Metas/09/10/20190909104800_00160.png,707.1,823,120,25.5,962
9/9/2019 10:49,datasets/dataset_cropped/09_Metas/09/10/20190909104900_00160.jpg,datasets_flow/dataset_cropped/09_Metas/09/10/20190909104900_00160.jpg,datasets_cloudmask/dataset_cropped/09_Metas/09/10/20190909104900_00160.png,710.4,824,120.9,25.4,962
9/9/2019 10:50,datasets/dataset_cropped/09_Metas/09/10/20190909105000_00160.jpg,datasets_flow/dataset_cropped/09_Metas/09/10/20190909105000_00160.jpg,datasets_cloudmask/dataset_cropped/09_Metas/09/10/20190909105000_00160.png,711.7,823,121.3,25.7,962
9/9/2019 10:51,datasets/dataset_cropped/09_Metas/09/10/20190909105100_00160.jpg,datasets_flow/dataset_cropped/09_Metas/09/10/20190909105100_00160.jpg,datasets_cloudmask/dataset_cropped/09_Metas/09/10/20190909105100_00160.png,713.5,823,121.1,26.2,962
9/9/2019 10:52,datasets/dataset_cropped/09_Metas/09/10/20190909105200_00160.jpg,datasets_flow/dataset_cropped/09_Metas/09/10/20190909105200_00160.jpg,datasets_cloudmask/dataset_cropped/09_Metas/09/10/20190909105200_00160.png,715.4,824,121,26.3,962
9/9/2019 10:53,datasets/dataset_cropped/09_Metas/09/10/20190909105300_00160.jpg,datasets_flow/dataset_cropped/09_Metas/09/10/20190909105300_00160.jpg,datasets_cloudmask/dataset_cropped/09_Metas/09/10/20190909105300_00160.png,717.5,825,120.4,26.3,962
9/9/2019 10:54,datasets/dataset_cropped/09_Metas/09/10/20190909105400_00160.jpg,datasets_flow/dataset_cropped/09_Metas/09/10/20190909105400_00160.jpg,datasets_cloudmask/dataset_cropped/09_Metas/09/10/20190909105400_00160.png,719.2,826,120,26.3,962
9/9/2019 10:55,datasets/dataset_cropped/09_Metas/09/10/20190909105500_00160.jpg,datasets_flow/dataset_cropped/09_Metas/09/10/20190909105500_00160.jpg,datasets_cloudmask/dataset_cropped/09_Metas/09/10/20190909105500_00160.png,720.5,826,119.6,26.5,962
9/9/2019 10:56,datasets/dataset_cropped/09_Metas/09/10/20190909105600_00160.jpg,datasets_flow/dataset_cropped/09_Metas/09/10/20190909105600_00160.jpg,datasets_cloudmask/dataset_cropped/09_Metas/09/10/20190909105600_00160.png,723.6,829,119.1,26.4,962
9/9/2019 10:57,datasets/dataset_cropped/09_Metas/09/10/20190909105700_00160.jpg,datasets_flow/dataset_cropped/09_Metas/09/10/20190909105700_00160.jpg,datasets_cloudmask/dataset_cropped/09_Metas/09/10/20190909105700_00160.png,727.5,833,118.9,26.2,962
9/9/2019 10:58,datasets/dataset_cropped/09_Metas/09/10/20190909105800_00160.jpg,datasets_flow/dataset_cropped/09_Metas/09/10/20190909105800_00160.jpg,datasets_cloudmask/dataset_cropped/09_Metas/09/10/20190909105800_00160.png,730.8,834,119,26.1,962
9/9/2019 10:59,datasets/dataset_cropped/09_Metas/09/10/20190909105900_00160.jpg,datasets_flow/dataset_cropped/09_Metas/09/10/20190909105900_00160.jpg,datasets_cloudmask/dataset_cropped/09_Metas/09/10/20190909105900_00160.png,732.7,835,119,26.3,962
9/9/2019 11:00,datasets/dataset_cropped/09_Metas/09/11/20190909110000_00160.jpg,datasets_flow/dataset_cropped/09_Metas/09/11/20190909110000_00160.jpg,datasets_cloudmask/dataset_cropped/09_Metas/09/11/20190909110000_00160.png,735.2,837,119.1,26.5,962
9/9/2019 11:01,datasets/dataset_cropped/09_Metas/09/11/20190909110100_00160.jpg,datasets_flow/dataset_cropped/09_Metas/09/11/20190909110100_00160.jpg,datasets_cloudmask/dataset_cropped/09_Metas/09/11/20190909110100_00160.png,737.9,839,119,26.5,962
9/9/2019 11:02,datasets/dataset_cropped/09_Metas/09/11/20190909110200_00160.jpg,datasets_flow/dataset_cropped/09_Metas/09/11/20190909110200_00160.jpg,datasets_cloudmask/dataset_cropped/09_Metas/09/11/20190909110200_00160.png,740.6,840,119.4,26.5,962
9/9/2019 11:03,datasets/dataset_cropped/09_Metas/09/11/20190909110300_00160.jpg,datasets_flow/dataset_cropped/09_Metas/09/11/20190909110300_00160.jpg,datasets_cloudmask/dataset_cropped/09_Metas/09/11/20190909110300_00160.png,740.3,837,119.6,26.1,962
9/9/2019 11:04,datasets/dataset_cropped/09_Metas/09/11/20190909110400_00160.jpg,datasets_flow/dataset_cropped/09_Metas/09/11/20190909110400_00160.jpg,datasets_cloudmask/dataset_cropped/09_Metas/09/11/20190909110400_00160.png,741.9,836,120.3,25.9,962
9/9/2019 11:05,datasets/dataset_cropped/09_Metas/09/11/20190909110500_00160.jpg,datasets_flow/dataset_cropped/09_Metas/09/11/20190909110500_00160.jpg,datasets_cloudmask/dataset_cropped/09_Metas/09/11/20190909110500_00160.png,744.8,838,121.3,26,962
9/9/2019 11:06,datasets/dataset_cropped/09_Metas/09/11/20190909110600_00160.jpg,datasets_flow/dataset_cropped/09_Metas/09/11/20190909110600_00160.jpg,datasets_cloudmask/dataset_cropped/09_Metas/09/11/20190909110600_00160.png,746.6,837,122.1,26.1,962
9/9/2019 11:07,datasets/dataset_cropped/09_Metas/09/11/20190909110700_00160.jpg,datasets_flow/dataset_cropped/09_Metas/09/11/20190909110700_00160.jpg,datasets_cloudmask/dataset_cropped/09_Metas/09/11/20190909110700_00160.png,747.7,835,122.9,26.1,962
9/9/2019 11:08,datasets/dataset_cropped/09_Metas/09/11/20190909110800_00160.jpg,datasets_flow/dataset_cropped/09_Metas/09/11/20190909110800_00160.jpg,datasets_cloudmask/dataset_cropped/09_Metas/09/11/20190909110800_00160.png,747.6,832,123.7,26.3,962
9/9/2019 11:09,datasets/dataset_cropped/09_Metas/09/11/20190909110900_00160.jpg,datasets_flow/dataset_cropped/09_Metas/09/11/20190909110900_00160.jpg,datasets_cloudmask/dataset_cropped/09_Metas/09/11/20190909110900_00160.png,746.9,828,124.9,26.6,962
9/9/2019 11:10,datasets/dataset_cropped/09_Metas/09/11/20190909111000_00160.jpg,datasets_flow/dataset_cropped/09_Metas/09/11/20190909111000_00160.jpg,datasets_cloudmask/dataset_cropped/09_Metas/09/11/20190909111000_00160.png,748.3,827,125.6,26.9,962
9/9/2019 11:11,datasets/dataset_cropped/09_Metas/09/11/20190909111100_00160.jpg,datasets_flow/dataset_cropped/09_Metas/09/11/20190909111100_00160.jpg,datasets_cloudmask/dataset_cropped/09_Metas/09/11/20190909111100_00160.png,752.5,830,126.1,27.1,962
9/9/2019 11:12,datasets/dataset_cropped/09_Metas/09/11/20190909111200_00160.jpg,datasets_flow/dataset_cropped/09_Metas/09/11/20190909111200_00160.jpg,datasets_cloudmask/dataset_cropped/09_Metas/09/11/20190909111200_00160.png,755,832,126.2,27.2,962
9/9/2019 11:13,datasets/dataset_cropped/09_Metas/09/11/20190909111300_00160.jpg,datasets_flow/dataset_cropped/09_Metas/09/11/20190909111300_00160.jpg,datasets_cloudmask/dataset_cropped/09_Metas/09/11/20190909111300_00160.png,757.9,834,126.3,27.1,962
9/9/2019 11:14,datasets/dataset_cropped/09_Metas/09/11/20190909111400_00160.jpg,datasets_flow/dataset_cropped/09_Metas/09/11/20190909111400_00160.jpg,datasets_cloudmask/dataset_cropped/09_Metas/09/11/20190909111400_00160.png,761.2,836,126.4,27.1,962
9/9/2019 11:15,datasets/dataset_cropped/09_Metas/09/11/20190909111500_00160.jpg,datasets_flow/dataset_cropped/09_Metas/09/11/20190909111500_00160.jpg,datasets_cloudmask/dataset_cropped/09_Metas/09/11/20190909111500_00160.png,763.8,838,126.3,27,962
9/9/2019 11:16,datasets/dataset_cropped/09_Metas/09/11/20190909111600_00160.jpg,datasets_flow/dataset_cropped/09_Metas/09/11/20190909111600_00160.jpg,datasets_cloudmask/dataset_cropped/09_Metas/09/11/20190909111600_00160.png,765.8,838,126.7,26.9,962
9/9/2019 11:17,datasets/dataset_cropped/09_Metas/09/11/20190909111700_00160.jpg,datasets_flow/dataset_cropped/09_Metas/09/11/20190909111700_00160.jpg,datasets_cloudmask/dataset_cropped/09_Metas/09/11/20190909111700_00160.png,767.3,837,126.6,26.8,962
9/9/2019 11:18,datasets/dataset_cropped/09_Metas/09/11/20190909111800_00160.jpg,datasets_flow/dataset_cropped/09_Metas/09/11/20190909111800_00160.jpg,datasets_cloudmask/dataset_cropped/09_Metas/09/11/20190909111800_00160.png,768.6,836,126.6,26.5,962
9/9/2019 11:19,datasets/dataset_cropped/09_Metas/09/11/20190909111900_00160.jpg,datasets_flow/dataset_cropped/09_Metas/09/11/20190909111900_00160.jpg,datasets_cloudmask/dataset_cropped/09_Metas/09/11/20190909111900_00160.png,769.3,835,127.2,26.5,962
9/9/2019 11:20,datasets/dataset_cropped/09_Metas/09/11/20190909112000_00160.jpg,datasets_flow/dataset_cropped/09_Metas/09/11/20190909112000_00160.jpg,datasets_cloudmask/dataset_cropped/09_Metas/09/11/20190909112000_00160.png,770.2,834,127.4,26.7,962
9/9/2019 11:21,datasets/dataset_cropped/09_Metas/09/11/20190909112100_00160.jpg,datasets_flow/dataset_cropped/09_Metas/09/11/20190909112100_00160.jpg,datasets_cloudmask/dataset_cropped/09_Metas/09/11/20190909112100_00160.png,772.6,835,128,26.5,962
9/9/2019 11:22,datasets/dataset_cropped/09_Metas/09/11/20190909112200_00160.jpg,datasets_flow/dataset_cropped/09_Metas/09/11/20190909112200_00160.jpg,datasets_cloudmask/dataset_cropped/09_Metas/09/11/20190909112200_00160.png,774.7,835,128.5,26.6,962
9/9/2019 11:23,datasets/dataset_cropped/09_Metas/09/11/20190909112300_00160.jpg,datasets_flow/dataset_cropped/09_Metas/09/11/20190909112300_00160.jpg,datasets_cloudmask/dataset_cropped/09_Metas/09/11/20190909112300_00160.png,774.3,831,129.4,26.9,962
9/9/2019 11:24,datasets/dataset_cropped/09_Metas/09/11/20190909112400_00160.jpg,datasets_flow/dataset_cropped/09_Metas/09/11/20190909112400_00160.jpg,datasets_cloudmask/dataset_cropped/09_Metas/09/11/20190909112400_00160.png,774,827,130.8,27,962
9/9/2019 11:25,datasets/dataset_cropped/09_Metas/09/11/20190909112500_00160.jpg,datasets_flow/dataset_cropped/09_Metas/09/11/20190909112500_00160.jpg,datasets_cloudmask/dataset_cropped/09_Metas/09/11/20190909112500_00160.png,774.4,825,132,27.1,962
9/9/2019 11:26,datasets/dataset_cropped/09_Metas/09/11/20190909112600_00160.jpg,datasets_flow/dataset_cropped/09_Metas/09/11/20190909112600_00160.jpg,datasets_cloudmask/dataset_cropped/09_Metas/09/11/20190909112600_00160.png,776.7,826,132.9,27.1,962
9/9/2019 11:27,datasets/dataset_cropped/09_Metas/09/11/20190909112700_00160.jpg,datasets_flow/dataset_cropped/09_Metas/09/11/20190909112700_00160.jpg,datasets_cloudmask/dataset_cropped/09_Metas/09/11/20190909112700_00160.png,778.3,826,133.5,26.9,962
9/9/2019 11:28,datasets/dataset_cropped/09_Metas/09/11/20190909112800_00160.jpg,datasets_flow/dataset_cropped/09_Metas/09/11/20190909112800_00160.jpg,datasets_cloudmask/dataset_cropped/09_Metas/09/11/20190909112800_00160.png,782.2,829,134.6,27,962
9/9/2019 11:29,datasets/dataset_cropped/09_Metas/09/11/20190909112900_00160.jpg,datasets_flow/dataset_cropped/09_Metas/09/11/20190909112900_00160.jpg,datasets_cloudmask/dataset_cropped/09_Metas/09/11/20190909112900_00160.png,786.1,832,135.5,26.9,962
9/9/2019 11:30,datasets/dataset_cropped/09_Metas/09/11/20190909113000_00160.jpg,datasets_flow/dataset_cropped/09_Metas/09/11/20190909113000_00160.jpg,datasets_cloudmask/dataset_cropped/09_Metas/09/11/20190909113000_00160.png,789.8,836,135.8,26.8,962
9/9/2019 11:31,datasets/dataset_cropped/09_Metas/09/11/20190909113100_00160.jpg,datasets_flow/dataset_cropped/09_Metas/09/11/20190909113100_00160.jpg,datasets_cloudmask/dataset_cropped/09_Metas/09/11/20190909113100_00160.png,791.3,836,136.1,26.6,962
9/9/2019 11:32,datasets/dataset_cropped/09_Metas/09/11/20190909113200_00160.jpg,datasets_flow/dataset_cropped/09_Metas/09/11/20190909113200_00160.jpg,datasets_cloudmask/dataset_cropped/09_Metas/09/11/20190909113200_00160.png,792.7,836,136.5,26.7,962
9/9/2019 11:33,datasets/dataset_cropped/09_Metas/09/11/20190909113300_00160.jpg,datasets_flow/dataset_cropped/09_Metas/09/11/20190909113300_00160.jpg,datasets_cloudmask/dataset_cropped/09_Metas/09/11/20190909113300_00160.png,796,838,136.6,26.9,962
9/9/2019 11:34,datasets/dataset_cropped/09_Metas/09/11/20190909113400_00160.jpg,datasets_flow/dataset_cropped/09_Metas/09/11/20190909113400_00160.jpg,datasets_cloudmask/dataset_cropped/09_Metas/09/11/20190909113400_00160.png,799.6,840,136.9,27,962
9/9/2019 11:35,datasets/dataset_cropped/09_Metas/09/11/20190909113500_00160.jpg,datasets_flow/dataset_cropped/09_Metas/09/11/20190909113500_00160.jpg,datasets_cloudmask/dataset_cropped/09_Metas/09/11/20190909113500_00160.png,803,841,137.1,26.9,962
9/9/2019 11:36,datasets/dataset_cropped/09_Metas/09/11/20190909113600_00160.jpg,datasets_flow/dataset_cropped/09_Metas/09/11/20190909113600_00160.jpg,datasets_cloudmask/dataset_cropped/09_Metas/09/11/20190909113600_00160.png,806,842,137.7,27.4,962
9/9/2019 11:37,datasets/dataset_cropped/09_Metas/09/11/20190909113700_00160.jpg,datasets_flow/dataset_cropped/09_Metas/09/11/20190909113700_00160.jpg,datasets_cloudmask/dataset_cropped/09_Metas/09/11/20190909113700_00160.png,808,841,138.8,27.6,962
9/9/2019 11:38,datasets/dataset_cropped/09_Metas/09/11/20190909113800_00160.jpg,datasets_flow/dataset_cropped/09_Metas/09/11/20190909113800_00160.jpg,datasets_cloudmask/dataset_cropped/09_Metas/09/11/20190909113800_00160.png,807,836,140.1,27.2,962
9/9/2019 11:39,datasets/dataset_cropped/09_Metas/09/11/20190909113900_00160.jpg,datasets_flow/dataset_cropped/09_Metas/09/11/20190909113900_00160.jpg,datasets_cloudmask/dataset_cropped/09_Metas/09/11/20190909113900_00160.png,804,830,141.2,27.2,962
9/9/2019 11:40,datasets/dataset_cropped/09_Metas/09/11/20190909114000_00160.jpg,datasets_flow/dataset_cropped/09_Metas/09/11/20190909114000_00160.jpg,datasets_cloudmask/dataset_cropped/09_Metas/09/11/20190909114000_00160.png,806,830,142.7,27.5,962
9/9/2019 11:41,datasets/dataset_cropped/09_Metas/09/11/20190909114100_00160.jpg,datasets_flow/dataset_cropped/09_Metas/09/11/20190909114100_00160.jpg,datasets_cloudmask/dataset_cropped/09_Metas/09/11/20190909114100_00160.png,812,834,144.2,27.2,962
9/9/2019 11:42,datasets/dataset_cropped/09_Metas/09/11/20190909114200_00160.jpg,datasets_flow/dataset_cropped/09_Metas/09/11/20190909114200_00160.jpg,datasets_cloudmask/dataset_cropped/09_Metas/09/11/20190909114200_00160.png,817,836,146.1,27.1,962
9/9/2019 11:43,datasets/dataset_cropped/09_Metas/09/11/20190909114300_00160.jpg,datasets_flow/dataset_cropped/09_Metas/09/11/20190909114300_00160.jpg,datasets_cloudmask/dataset_cropped/09_Metas/09/11/20190909114300_00160.png,823,840,148.1,27,962
9/9/2019 11:44,datasets/dataset_cropped/09_Metas/09/11/20190909114400_00160.jpg,datasets_flow/dataset_cropped/09_Metas/09/11/20190909114400_00160.jpg,datasets_cloudmask/dataset_cropped/09_Metas/09/11/20190909114400_00160.png,826,841,149.2,26.8,962
9/9/2019 11:45,datasets/dataset_cropped/09_Metas/09/11/20190909114500_00160.jpg,datasets_flow/dataset_cropped/09_Metas/09/11/20190909114500_00160.jpg,datasets_cloudmask/dataset_cropped/09_Metas/09/11/20190909114500_00160.png,830,843,151,27.1,962
9/9/2019 11:46,datasets/dataset_cropped/09_Metas/09/11/20190909114600_00160.jpg,datasets_flow/dataset_cropped/09_Metas/09/11/20190909114600_00160.jpg,datasets_cloudmask/dataset_cropped/09_Metas/09/11/20190909114600_00160.png,832,842,152.6,27.2,962
9/9/2019 11:47,datasets/dataset_cropped/09_Metas/09/11/20190909114700_00160.jpg,datasets_flow/dataset_cropped/09_Metas/09/11/20190909114700_00160.jpg,datasets_cloudmask/dataset_cropped/09_Metas/09/11/20190909114700_00160.png,835,842,154.5,27,962
9/9/2019 11:48,datasets/dataset_cropped/09_Metas/09/11/20190909114800_00160.jpg,datasets_flow/dataset_cropped/09_Metas/09/11/20190909114800_00160.jpg,datasets_cloudmask/dataset_cropped/09_Metas/09/11/20190909114800_00160.png,837,841,156.5,26.7,962
9/9/2019 11:49,datasets/dataset_cropped/09_Metas/09/11/20190909114900_00160.jpg,datasets_flow/dataset_cropped/09_Metas/09/11/20190909114900_00160.jpg,datasets_cloudmask/dataset_cropped/09_Metas/09/11/20190909114900_00160.png,841,842,159.2,26.8,962
9/9/2019 11:50,datasets/dataset_cropped/09_Metas/09/11/20190909115000_00160.jpg,datasets_flow/dataset_cropped/09_Metas/09/11/20190909115000_00160.jpg,datasets_cloudmask/dataset_cropped/09_Metas/09/11/20190909115000_00160.png,846,844,162,27.1,962
9/9/2019 11:51,datasets/dataset_cropped/09_Metas/09/11/20190909115100_00160.jpg,datasets_flow/dataset_cropped/09_Metas/09/11/20190909115100_00160.jpg,datasets_cloudmask/dataset_cropped/09_Metas/09/11/20190909115100_00160.png,849,845,163.9,27.2,962
9/9/2019 11:52,datasets/dataset_cropped/09_Metas/09/11/20190909115200_00160.jpg,datasets_flow/dataset_cropped/09_Metas/09/11/20190909115200_00160.jpg,datasets_cloudmask/dataset_cropped/09_Metas/09/11/20190909115200_00160.png,854,847,166.8,27.1,961
9/9/2019 11:53,datasets/dataset_cropped/09_Metas/09/11/20190909115300_00160.jpg,datasets_flow/dataset_cropped/09_Metas/09/11/20190909115300_00160.jpg,datasets_cloudmask/dataset_cropped/09_Metas/09/11/20190909115300_00160.png,856,846,168.7,26.9,962
9/9/2019 11:54,datasets/dataset_cropped/09_Metas/09/11/20190909115400_00160.jpg,datasets_flow/dataset_cropped/09_Metas/09/11/20190909115400_00160.jpg,datasets_cloudmask/dataset_cropped/09_Metas/09/11/20190909115400_00160.png,859,844,170.9,27.1,962
9/9/2019 11:55,datasets/dataset_cropped/09_Metas/09/11/20190909115500_00160.jpg,datasets_flow/dataset_cropped/09_Metas/09/11/20190909115500_00160.jpg,datasets_cloudmask/dataset_cropped/09_Metas/09/11/20190909115500_00160.png,865,845,174.9,27.1,961
9/9/2019 11:56,datasets/dataset_cropped/09_Metas/09/11/20190909115600_00160.jpg,datasets_flow/dataset_cropped/09_Metas/09/11/20190909115600_00160.jpg,datasets_cloudmask/dataset_cropped/09_Metas/09/11/20190909115600_00160.png,876,848,181.8,27.1,962
9/9/2019 11:57,datasets/dataset_cropped/09_Metas/09/11/20190909115700_00160.jpg,datasets_flow/dataset_cropped/09_Metas/09/11/20190909115700_00160.jpg,datasets_cloudmask/dataset_cropped/09_Metas/09/11/20190909115700_00160.png,886,850,188.8,27.5,961
9/9/2019 11:58,datasets/dataset_cropped/09_Metas/09/11/20190909115800_00160.jpg,datasets_flow/dataset_cropped/09_Metas/09/11/20190909115800_00160.jpg,datasets_cloudmask/dataset_cropped/09_Metas/09/11/20190909115800_00160.png,893,850,195.5,27.9,961
9/9/2019 11:59,datasets/dataset_cropped/09_Metas/09/11/20190909115900_00160.jpg,datasets_flow/dataset_cropped/09_Metas/09/11/20190909115900_00160.jpg,datasets_cloudmask/dataset_cropped/09_Metas/09/11/20190909115900_00160.png,898,845,202.7,28.2,961
9/9/2019 12:00,datasets/dataset_cropped/09_Metas/09/12/20190909120000_00160.jpg,datasets_flow/dataset_cropped/09_Metas/09/12/20190909120000_00160.jpg,datasets_cloudmask/dataset_cropped/09_Metas/09/12/20190909120000_00160.png,902,843,208.4,27.9,961
9/9/2019 12:01,datasets/dataset_cropped/09_Metas/09/12/20190909120100_00160.jpg,datasets_flow/dataset_cropped/09_Metas/09/12/20190909120100_00160.jpg,datasets_cloudmask/dataset_cropped/09_Metas/09/12/20190909120100_00160.png,900,833,213.3,27.5,962
9/9/2019 12:02,datasets/dataset_cropped/09_Metas/09/12/20190909120200_00160.jpg,datasets_flow/dataset_cropped/09_Metas/09/12/20190909120200_00160.jpg,datasets_cloudmask/dataset_cropped/09_Metas/09/12/20190909120200_00160.png,900,826,218.5,27.4,961
9/9/2019 12:03,datasets/dataset_cropped/09_Metas/09/12/20190909120300_00160.jpg,datasets_flow/dataset_cropped/09_Metas/09/12/20190909120300_00160.jpg,datasets_cloudmask/dataset_cropped/09_Metas/09/12/20190909120300_00160.png,901,822,222.8,27.5,961
9/9/2019 12:04,datasets/dataset_cropped/09_Metas/09/12/20190909120400_00160.jpg,datasets_flow/dataset_cropped/09_Metas/09/12/20190909120400_00160.jpg,datasets_cloudmask/dataset_cropped/09_Metas/09/12/20190909120400_00160.png,911,825,230.7,27.7,961
9/9/2019 12:05,datasets/dataset_cropped/09_Metas/09/12/20190909120500_00160.jpg,datasets_flow/dataset_cropped/09_Metas/09/12/20190909120500_00160.jpg,datasets_cloudmask/dataset_cropped/09_Metas/09/12/20190909120500_00160.png,924,825,241.6,27.4,961
9/9/2019 12:06,datasets/dataset_cropped/09_Metas/09/12/20190909120600_00160.jpg,datasets_flow/dataset_cropped/09_Metas/09/12/20190909120600_00160.jpg,datasets_cloudmask/dataset_cropped/09_Metas/09/12/20190909120600_00160.png,928,827,244.7,27.2,961
9/9/2019 12:07,datasets/dataset_cropped/09_Metas/09/12/20190909120700_00160.jpg,datasets_flow/dataset_cropped/09_Metas/09/12/20190909120700_00160.jpg,datasets_cloudmask/dataset_cropped/09_Metas/09/12/20190909120700_00160.png,935,827,249.8,27.2,961
9/9/2019 12:08,datasets/dataset_cropped/09_Metas/09/12/20190909120800_00160.jpg,datasets_flow/dataset_cropped/09_Metas/09/12/20190909120800_00160.jpg,datasets_cloudmask/dataset_cropped/09_Metas/09/12/20190909120800_00160.png,945,820,264.8,27.2,961
9/9/2019 12:09,datasets/dataset_cropped/09_Metas/09/12/20190909120900_00160.jpg,datasets_flow/dataset_cropped/09_Metas/09/12/20190909120900_00160.jpg,datasets_cloudmask/dataset_cropped/09_Metas/09/12/20190909120900_00160.png,942,809,271.3,27.5,961
9/9/2019 12:10,datasets/dataset_cropped/09_Metas/09/12/20190909121000_00160.jpg,datasets_flow/dataset_cropped/09_Metas/09/12/20190909121000_00160.jpg,datasets_cloudmask/dataset_cropped/09_Metas/09/12/20190909121000_00160.png,961,815,283.8,27.8,962
9/9/2019 12:11,datasets/dataset_cropped/09_Metas/09/12/20190909121100_00160.jpg,datasets_flow/dataset_cropped/09_Metas/09/12/20190909121100_00160.jpg,datasets_cloudmask/dataset_cropped/09_Metas/09/12/20190909121100_00160.png,755,536.5,304.9,28.3,961
9/9/2019 12:12,datasets/dataset_cropped/09_Metas/09/12/20190909121200_00160.jpg,datasets_flow/dataset_cropped/09_Metas/09/12/20190909121200_00160.jpg,datasets_cloudmask/dataset_cropped/09_Metas/09/12/20190909121200_00160.png,308.8,4.5,304.1,28.7,961
9/9/2019 12:13,datasets/dataset_cropped/09_Metas/09/12/20190909121300_00160.jpg,datasets_flow/dataset_cropped/09_Metas/09/12/20190909121300_00160.jpg,datasets_cloudmask/dataset_cropped/09_Metas/09/12/20190909121300_00160.png,294.7,0.1,293.6,28.8,961
9/9/2019 12:14,datasets/dataset_cropped/09_Metas/09/12/20190909121400_00160.jpg,datasets_flow/dataset_cropped/09_Metas/09/12/20190909121400_00160.jpg,datasets_cloudmask/dataset_cropped/09_Metas/09/12/20190909121400_00160.png,290.3,0,289.2,27.9,961
9/9/2019 12:15,datasets/dataset_cropped/09_Metas/09/12/20190909121500_00160.jpg,datasets_flow/dataset_cropped/09_Metas/09/12/20190909121500_00160.jpg,datasets_cloudmask/dataset_cropped/09_Metas/09/12/20190909121500_00160.png,292.1,0,290.9,27.3,961
9/9/2019 12:16,datasets/dataset_cropped/09_Metas/09/12/20190909121600_00160.jpg,datasets_flow/dataset_cropped/09_Metas/09/12/20190909121600_00160.jpg,datasets_cloudmask/dataset_cropped/09_Metas/09/12/20190909121600_00160.png,295.3,0,293.8,27.1,961
9/9/2019 12:17,datasets/dataset_cropped/09_Metas/09/12/20190909121700_00160.jpg,datasets_flow/dataset_cropped/09_Metas/09/12/20190909121700_00160.jpg,datasets_cloudmask/dataset_cropped/09_Metas/09/12/20190909121700_00160.png,309.7,0,307.5,27.3,961
9/9/2019 12:18,datasets/dataset_cropped/09_Metas/09/12/20190909121800_00160.jpg,datasets_flow/dataset_cropped/09_Metas/09/12/20190909121800_00160.jpg,datasets_cloudmask/dataset_cropped/09_Metas/09/12/20190909121800_00160.png,331.9,0,330,27.6,961
9/9/2019 12:19,datasets/dataset_cropped/09_Metas/09/12/20190909121900_00160.jpg,datasets_flow/dataset_cropped/09_Metas/09/12/20190909121900_00160.jpg,datasets_cloudmask/dataset_cropped/09_Metas/09/12/20190909121900_00160.png,342.6,0,340.5,27.6,961
9/9/2019 12:20,datasets/dataset_cropped/09_Metas/09/12/20190909122000_00160.jpg,datasets_flow/dataset_cropped/09_Metas/09/12/20190909122000_00160.jpg,datasets_cloudmask/dataset_cropped/09_Metas/09/12/20190909122000_00160.png,378.9,35.4,347.2,27.6,961
9/9/2019 12:21,datasets/dataset_cropped/09_Metas/09/12/20190909122100_00160.jpg,datasets_flow/dataset_cropped/09_Metas/09/12/20190909122100_00160.jpg,datasets_cloudmask/dataset_cropped/09_Metas/09/12/20190909122100_00160.png,418.2,56.5,365.9,27.8,961
9/9/2019 12:22,datasets/dataset_cropped/09_Metas/09/12/20190909122200_00160.jpg,datasets_flow/dataset_cropped/09_Metas/09/12/20190909122200_00160.jpg,datasets_cloudmask/dataset_cropped/09_Metas/09/12/20190909122200_00160.png,517.7,171.7,366.6,27.8,961
9/9/2019 12:23,datasets/dataset_cropped/09_Metas/09/12/20190909122300_00160.jpg,datasets_flow/dataset_cropped/09_Metas/09/12/20190909122300_00160.jpg,datasets_cloudmask/dataset_cropped/09_Metas/09/12/20190909122300_00160.png,704.3,383.8,370.2,27.6,961
9/9/2019 12:24,datasets/dataset_cropped/09_Metas/09/12/20190909122400_00160.jpg,datasets_flow/dataset_cropped/09_Metas/09/12/20190909122400_00160.jpg,datasets_cloudmask/dataset_cropped/09_Metas/09/12/20190909122400_00160.png,966,717.8,354.5,27.4,961
9/9/2019 12:25,datasets/dataset_cropped/09_Metas/09/12/20190909122500_00160.jpg,datasets_flow/dataset_cropped/09_Metas/09/12/20190909122500_00160.jpg,datasets_cloudmask/dataset_cropped/09_Metas/09/12/20190909122500_00160.png,1047,823,351.5,27.7,961
9/9/2019 12:26,datasets/dataset_cropped/09_Metas/09/12/20190909122600_00160.jpg,datasets_flow/dataset_cropped/09_Metas/09/12/20190909122600_00160.jpg,datasets_cloudmask/dataset_cropped/09_Metas/09/12/20190909122600_00160.png,1048,821,353.6,27.9,961
9/9/2019 12:27,datasets/dataset_cropped/09_Metas/09/12/20190909122700_00160.jpg,datasets_flow/dataset_cropped/09_Metas/09/12/20190909122700_00160.jpg,datasets_cloudmask/dataset_cropped/09_Metas/09/12/20190909122700_00160.png,1055,825,358,28.2,961
9/9/2019 12:28,datasets/dataset_cropped/09_Metas/09/12/20190909122800_00160.jpg,datasets_flow/dataset_cropped/09_Metas/09/12/20190909122800_00160.jpg,datasets_cloudmask/dataset_cropped/09_Metas/09/12/20190909122800_00160.png,1061,829,360.8,28.5,961
9/9/2019 12:29,datasets/dataset_cropped/09_Metas/09/12/20190909122900_00160.jpg,datasets_flow/dataset_cropped/09_Metas/09/12/20190909122900_00160.jpg,datasets_cloudmask/dataset_cropped/09_Metas/09/12/20190909122900_00160.png,1059,830,356.7,28.5,961
9/9/2019 12:30,datasets/dataset_cropped/09_Metas/09/12/20190909123000_00160.jpg,datasets_flow/dataset_cropped/09_Metas/09/12/20190909123000_00160.jpg,datasets_cloudmask/dataset_cropped/09_Metas/09/12/20190909123000_00160.png,1057,833,351.2,28.5,961
9/9/2019 12:31,datasets/dataset_cropped/09_Metas/09/12/20190909123100_00160.jpg,datasets_flow/dataset_cropped/09_Metas/09/12/20190909123100_00160.jpg,datasets_cloudmask/dataset_cropped/09_Metas/09/12/20190909123100_00160.png,1054,833,347.7,28.4,961
9/9/2019 12:32,datasets/dataset_cropped/09_Metas/09/12/20190909123200_00160.jpg,datasets_flow/dataset_cropped/09_Metas/09/12/20190909123200_00160.jpg,datasets_cloudmask/dataset_cropped/09_Metas/09/12/20190909123200_00160.png,1046,833,339,28.9,961
9/9/2019 12:33,datasets/dataset_cropped/09_Metas/09/12/20190909123300_00160.jpg,datasets_flow/dataset_cropped/09_Metas/09/12/20190909123300_00160.jpg,datasets_cloudmask/dataset_cropped/09_Metas/09/12/20190909123300_00160.png,1037,834,328.9,29,961
9/9/2019 12:34,datasets/dataset_cropped/09_Metas/09/12/20190909123400_00160.jpg,datasets_flow/dataset_cropped/09_Metas/09/12/20190909123400_00160.jpg,datasets_cloudmask/dataset_cropped/09_Metas/09/12/20190909123400_00160.png,1033,835,322.3,28.8,961
9/9/2019 12:35,datasets/dataset_cropped/09_Metas/09/12/20190909123500_00160.jpg,datasets_flow/dataset_cropped/09_Metas/09/12/20190909123500_00160.jpg,datasets_cloudmask/dataset_cropped/09_Metas/09/12/20190909123500_00160.png,1030,834,318.9,28.6,961
9/9/2019 12:36,datasets/dataset_cropped/09_Metas/09/12/20190909123600_00160.jpg,datasets_flow/dataset_cropped/09_Metas/09/12/20190909123600_00160.jpg,datasets_cloudmask/dataset_cropped/09_Metas/09/12/20190909123600_00160.png,1026,833,316.1,28.9,961
9/9/2019 12:37,datasets/dataset_cropped/09_Metas/09/12/20190909123700_00160.jpg,datasets_flow/dataset_cropped/09_Metas/09/12/20190909123700_00160.jpg,datasets_cloudmask/dataset_cropped/09_Metas/09/12/20190909123700_00160.png,1030,834,319.3,29,961
9/9/2019 12:38,datasets/dataset_cropped/09_Metas/09/12/20190909123800_00160.jpg,datasets_flow/dataset_cropped/09_Metas/09/12/20190909123800_00160.jpg,datasets_cloudmask/dataset_cropped/09_Metas/09/12/20190909123800_00160.png,1040,835,327.8,28.9,961
9/9/2019 12:39,datasets/dataset_cropped/09_Metas/09/12/20190909123900_00160.jpg,datasets_flow/dataset_cropped/09_Metas/09/12/20190909123900_00160.jpg,datasets_cloudmask/dataset_cropped/09_Metas/09/12/20190909123900_00160.png,1045,828,337.9,28.9,961
9/9/2019 12:40,datasets/dataset_cropped/09_Metas/09/12/20190909124000_00160.jpg,datasets_flow/dataset_cropped/09_Metas/09/12/20190909124000_00160.jpg,datasets_cloudmask/dataset_cropped/09_Metas/09/12/20190909124000_00160.png,1057,828,350.7,28.9,961
9/9/2019 12:41,datasets/dataset_cropped/09_Metas/09/12/20190909124100_00160.jpg,datasets_flow/dataset_cropped/09_Metas/09/12/20190909124100_00160.jpg,datasets_cloudmask/dataset_cropped/09_Metas/09/12/20190909124100_00160.png,1078,838,363.3,28.6,961
9/9/2019 12:42,datasets/dataset_cropped/09_Metas/09/12/20190909124200_00160.jpg,datasets_flow/dataset_cropped/09_Metas/09/12/20190909124200_00160.jpg,datasets_cloudmask/dataset_cropped/09_Metas/09/12/20190909124200_00160.png,1102,850,376.3,28.4,961
9/9/2019 12:43,datasets/dataset_cropped/09_Metas/09/12/20190909124300_00160.jpg,datasets_flow/dataset_cropped/09_Metas/09/12/20190909124300_00160.jpg,datasets_cloudmask/dataset_cropped/09_Metas/09/12/20190909124300_00160.png,1119,851,393.4,28.9,961
9/9/2019 12:44,datasets/dataset_cropped/09_Metas/09/12/20190909124400_00160.jpg,datasets_flow/dataset_cropped/09_Metas/09/12/20190909124400_00160.jpg,datasets_cloudmask/dataset_cropped/09_Metas/09/12/20190909124400_00160.png,1135,846,411.7,28.8,961
9/9/2019 12:45,datasets/dataset_cropped/09_Metas/09/12/20190909124500_00160.jpg,datasets_flow/dataset_cropped/09_Metas/09/12/20190909124500_00160.jpg,datasets_cloudmask/dataset_cropped/09_Metas/09/12/20190909124500_00160.png,1144,842,423.6,28.4,961
9/9/2019 12:46,datasets/dataset_cropped/09_Metas/09/12/20190909124600_00160.jpg,datasets_flow/dataset_cropped/09_Metas/09/12/20190909124600_00160.jpg,datasets_cloudmask/dataset_cropped/09_Metas/09/12/20190909124600_00160.png,1155,842,434.4,28.5,961
9/9/2019 12:47,datasets/dataset_cropped/09_Metas/09/12/20190909124700_00160.jpg,datasets_flow/dataset_cropped/09_Metas/09/12/20190909124700_00160.jpg,datasets_cloudmask/dataset_cropped/09_Metas/09/12/20190909124700_00160.png,1164,831,452.3,28.8,961
9/9/2019 12:48,datasets/dataset_cropped/09_Metas/09/12/20190909124800_00160.jpg,datasets_flow/dataset_cropped/09_Metas/09/12/20190909124800_00160.jpg,datasets_cloudmask/dataset_cropped/09_Metas/09/12/20190909124800_00160.png,1175,818,473.8,29.1,961
9/9/2019 12:49,datasets/dataset_cropped/09_Metas/09/12/20190909124900_00160.jpg,datasets_flow/dataset_cropped/09_Metas/09/12/20190909124900_00160.jpg,datasets_cloudmask/dataset_cropped/09_Metas/09/12/20190909124900_00160.png,1191,810,497.6,29.4,961
9/9/2019 12:50,datasets/dataset_cropped/09_Metas/09/12/20190909125000_00160.jpg,datasets_flow/dataset_cropped/09_Metas/09/12/20190909125000_00160.jpg,datasets_cloudmask/dataset_cropped/09_Metas/09/12/20190909125000_00160.png,1202,789.3,525.2,29.5,961
9/9/2019 12:51,datasets/dataset_cropped/09_Metas/09/12/20190909125100_00160.jpg,datasets_flow/dataset_cropped/09_Metas/09/12/20190909125100_00160.jpg,datasets_cloudmask/dataset_cropped/09_Metas/09/12/20190909125100_00160.png,1035,570.1,543.4,29.9,961
9/9/2019 12:52,datasets/dataset_cropped/09_Metas/09/12/20190909125200_00160.jpg,datasets_flow/dataset_cropped/09_Metas/09/12/20190909125200_00160.jpg,datasets_cloudmask/dataset_cropped/09_Metas/09/12/20190909125200_00160.png,684.7,170.8,534.4,30,961
9/9/2019 12:53,datasets/dataset_cropped/09_Metas/09/12/20190909125300_00160.jpg,datasets_flow/dataset_cropped/09_Metas/09/12/20190909125300_00160.jpg,datasets_cloudmask/dataset_cropped/09_Metas/09/12/20190909125300_00160.png,506.7,24.3,481.5,29,961
9/9/2019 12:54,datasets/dataset_cropped/09_Metas/09/12/20190909125400_00160.jpg,datasets_flow/dataset_cropped/09_Metas/09/12/20190909125400_00160.jpg,datasets_cloudmask/dataset_cropped/09_Metas/09/12/20190909125400_00160.png,430.4,1.1,425,28.3,961
9/9/2019 12:55,datasets/dataset_cropped/09_Metas/09/12/20190909125500_00160.jpg,datasets_flow/dataset_cropped/09_Metas/09/12/20190909125500_00160.jpg,datasets_cloudmask/dataset_cropped/09_Metas/09/12/20190909125500_00160.png,387.5,0,383.7,28.4,961
9/9/2019 12:56,datasets/dataset_cropped/09_Metas/09/12/20190909125600_00160.jpg,datasets_flow/dataset_cropped/09_Metas/09/12/20190909125600_00160.jpg,datasets_cloudmask/dataset_cropped/09_Metas/09/12/20190909125600_00160.png,364.1,0,361.1,28.4,961
9/9/2019 12:57,datasets/dataset_cropped/09_Metas/09/12/20190909125700_00160.jpg,datasets_flow/dataset_cropped/09_Metas/09/12/20190909125700_00160.jpg,datasets_cloudmask/dataset_cropped/09_Metas/09/12/20190909125700_00160.png,351.4,0,348.3,28.6,961
9/9/2019 12:58,datasets/dataset_cropped/09_Metas/09/12/20190909125800_00160.jpg,datasets_flow/dataset_cropped/09_Metas/09/12/20190909125800_00160.jpg,datasets_cloudmask/dataset_cropped/09_Metas/09/12/20190909125800_00160.png,342.5,0,339.5,28.4,961
9/9/2019 12:59,datasets/dataset_cropped/09_Metas/09/12/20190909125900_00160.jpg,datasets_flow/dataset_cropped/09_Metas/09/12/20190909125900_00160.jpg,datasets_cloudmask/dataset_cropped/09_Metas/09/12/20190909125900_00160.png,341.9,0,339.3,28.1,961
9/9/2019 13:00,datasets/dataset_cropped/09_Metas/09/13/20190909130000_00160.jpg,datasets_flow/dataset_cropped/09_Metas/09/13/20190909130000_00160.jpg,datasets_cloudmask/dataset_cropped/09_Metas/09/13/20190909130000_00160.png,356.7,0,354.1,27.9,961
9/9/2019 13:01,datasets/dataset_cropped/09_Metas/09/13/20190909130100_00160.jpg,datasets_flow/dataset_cropped/09_Metas/09/13/20190909130100_00160.jpg,datasets_cloudmask/dataset_cropped/09_Metas/09/13/20190909130100_00160.png,389.4,4.5,381.1,28,961
9/9/2019 13:02,datasets/dataset_cropped/09_Metas/09/13/20190909130200_00160.jpg,datasets_flow/dataset_cropped/09_Metas/09/13/20190909130200_00160.jpg,datasets_cloudmask/dataset_cropped/09_Metas/09/13/20190909130200_00160.png,460.8,49.7,412.2,27.6,961
9/9/2019 13:03,datasets/dataset_cropped/09_Metas/09/13/20190909130300_00160.jpg,datasets_flow/dataset_cropped/09_Metas/09/13/20190909130300_00160.jpg,datasets_cloudmask/dataset_cropped/09_Metas/09/13/20190909130300_00160.png,522.5,95.2,435.3,28,961
9/9/2019 13:04,datasets/dataset_cropped/09_Metas/09/13/20190909130400_00160.jpg,datasets_flow/dataset_cropped/09_Metas/09/13/20190909130400_00160.jpg,datasets_cloudmask/dataset_cropped/09_Metas/09/13/20190909130400_00160.png,537.4,94.9,450,28.5,961
9/9/2019 13:05,datasets/dataset_cropped/09_Metas/09/13/20190909130500_00160.jpg,datasets_flow/dataset_cropped/09_Metas/09/13/20190909130500_00160.jpg,datasets_cloudmask/dataset_cropped/09_Metas/09/13/20190909130500_00160.png,598.7,153.3,462.1,28.5,961
9/9/2019 13:06,datasets/dataset_cropped/09_Metas/09/13/20190909130600_00160.jpg,datasets_flow/dataset_cropped/09_Metas/09/13/20190909130600_00160.jpg,datasets_cloudmask/dataset_cropped/09_Metas/09/13/20190909130600_00160.png,650.2,202.1,472.4,28,961
9/9/2019 13:07,datasets/dataset_cropped/09_Metas/09/13/20190909130700_00160.jpg,datasets_flow/dataset_cropped/09_Metas/09/13/20190909130700_00160.jpg,datasets_cloudmask/dataset_cropped/09_Metas/09/13/20190909130700_00160.png,631.5,180.1,475.3,27.8,961
9/9/2019 13:08,datasets/dataset_cropped/09_Metas/09/13/20190909130800_00160.jpg,datasets_flow/dataset_cropped/09_Metas/09/13/20190909130800_00160.jpg,datasets_cloudmask/dataset_cropped/09_Metas/09/13/20190909130800_00160.png,539.8,73,475.5,27.9,961
9/9/2019 13:09,datasets/dataset_cropped/09_Metas/09/13/20190909130900_00160.jpg,datasets_flow/dataset_cropped/09_Metas/09/13/20190909130900_00160.jpg,datasets_cloudmask/dataset_cropped/09_Metas/09/13/20190909130900_00160.png,502.4,21.2,482.1,28.1,961
9/9/2019 13:10,datasets/dataset_cropped/09_Metas/09/13/20190909131000_00160.jpg,datasets_flow/dataset_cropped/09_Metas/09/13/20190909131000_00160.jpg,datasets_cloudmask/dataset_cropped/09_Metas/09/13/20190909131000_00160.png,524.2,28.8,495.9,28.6,961
9/9/2019 13:11,datasets/dataset_cropped/09_Metas/09/13/20190909131100_00160.jpg,datasets_flow/dataset_cropped/09_Metas/09/13/20190909131100_00160.jpg,datasets_cloudmask/dataset_cropped/09_Metas/09/13/20190909131100_00160.png,584.4,70.6,517.9,28.6,961
9/9/2019 13:12,datasets/dataset_cropped/09_Metas/09/13/20190909131200_00160.jpg,datasets_flow/dataset_cropped/09_Metas/09/13/20190909131200_00160.jpg,datasets_cloudmask/dataset_cropped/09_Metas/09/13/20190909131200_00160.png,955,493.9,524.5,28.3,961
9/9/2019 13:13,datasets/dataset_cropped/09_Metas/09/13/20190909131300_00160.jpg,datasets_flow/dataset_cropped/09_Metas/09/13/20190909131300_00160.jpg,datasets_cloudmask/dataset_cropped/09_Metas/09/13/20190909131300_00160.png,1152,735.1,522.7,27.9,961
9/9/2019 13:14,datasets/dataset_cropped/09_Metas/09/13/20190909131400_00160.jpg,datasets_flow/dataset_cropped/09_Metas/09/13/20190909131400_00160.jpg,datasets_cloudmask/dataset_cropped/09_Metas/09/13/20190909131400_00160.png,1081,643.6,524.7,27.9,961
9/9/2019 13:15,datasets/dataset_cropped/09_Metas/09/13/20190909131500_00160.jpg,datasets_flow/dataset_cropped/09_Metas/09/13/20190909131500_00160.jpg,datasets_cloudmask/dataset_cropped/09_Metas/09/13/20190909131500_00160.png,742.7,256.7,524.5,27.7,961
9/9/2019 13:16,datasets/dataset_cropped/09_Metas/09/13/20190909131600_00160.jpg,datasets_flow/dataset_cropped/09_Metas/09/13/20190909131600_00160.jpg,datasets_cloudmask/dataset_cropped/09_Metas/09/13/20190909131600_00160.png,575.9,64.9,516.2,27.7,961
9/9/2019 13:17,datasets/dataset_cropped/09_Metas/09/13/20190909131700_00160.jpg,datasets_flow/dataset_cropped/09_Metas/09/13/20190909131700_00160.jpg,datasets_cloudmask/dataset_cropped/09_Metas/09/13/20190909131700_00160.png,533.6,37.9,496.4,27.9,961
9/9/2019 13:18,datasets/dataset_cropped/09_Metas/09/13/20190909131800_00160.jpg,datasets_flow/dataset_cropped/09_Metas/09/13/20190909131800_00160.jpg,datasets_cloudmask/dataset_cropped/09_Metas/09/13/20190909131800_00160.png,528.9,40.4,489,28.2,961
9/9/2019 13:19,datasets/dataset_cropped/09_Metas/09/13/20190909131900_00160.jpg,datasets_flow/dataset_cropped/09_Metas/09/13/20190909131900_00160.jpg,datasets_cloudmask/dataset_cropped/09_Metas/09/13/20190909131900_00160.png,551.6,73.5,485.2,28.4,961
9/9/2019 13:20,datasets/dataset_cropped/09_Metas/09/13/20190909132000_00160.jpg,datasets_flow/dataset_cropped/09_Metas/09/13/20190909132000_00160.jpg,datasets_cloudmask/dataset_cropped/09_Metas/09/13/20190909132000_00160.png,558.1,93.1,474.7,28.4,961
9/9/2019 13:21,datasets/dataset_cropped/09_Metas/09/13/20190909132100_00160.jpg,datasets_flow/dataset_cropped/09_Metas/09/13/20190909132100_00160.jpg,datasets_cloudmask/dataset_cropped/09_Metas/09/13/20190909132100_00160.png,498.4,43.6,457.5,28.4,961
9/9/2019 13:22,datasets/dataset_cropped/09_Metas/09/13/20190909132200_00160.jpg,datasets_flow/dataset_cropped/09_Metas/09/13/20190909132200_00160.jpg,datasets_cloudmask/dataset_cropped/09_Metas/09/13/20190909132200_00160.png,455.9,13.1,441.9,28.3,961
9/9/2019 13:23,datasets/dataset_cropped/09_Metas/09/13/20190909132300_00160.jpg,datasets_flow/dataset_cropped/09_Metas/09/13/20190909132300_00160.jpg,datasets_cloudmask/dataset_cropped/09_Metas/09/13/20190909132300_00160.png,434,2.4,428.9,28,961
9/9/2019 13:24,datasets/dataset_cropped/09_Metas/09/13/20190909132400_00160.jpg,datasets_flow/dataset_cropped/09_Metas/09/13/20190909132400_00160.jpg,datasets_cloudmask/dataset_cropped/09_Metas/09/13/20190909132400_00160.png,427.5,1.3,423,28,961
9/9/2019 13:25,datasets/dataset_cropped/09_Metas/09/13/20190909132500_00160.jpg,datasets_flow/dataset_cropped/09_Metas/09/13/20190909132500_00160.jpg,datasets_cloudmask/dataset_cropped/09_Metas/09/13/20190909132500_00160.png,426.6,1.9,421.5,27.8,961
9/9/2019 13:26,datasets/dataset_cropped/09_Metas/09/13/20190909132600_00160.jpg,datasets_flow/dataset_cropped/09_Metas/09/13/20190909132600_00160.jpg,datasets_cloudmask/dataset_cropped/09_Metas/09/13/20190909132600_00160.png,427.3,2.9,421.2,27.9,961
9/9/2019 13:27,datasets/dataset_cropped/09_Metas/09/13/20190909132700_00160.jpg,datasets_flow/dataset_cropped/09_Metas/09/13/20190909132700_00160.jpg,datasets_cloudmask/dataset_cropped/09_Metas/09/13/20190909132700_00160.png,429.7,4.7,422.3,28,961
9/9/2019 13:28,datasets/dataset_cropped/09_Metas/09/13/20190909132800_00160.jpg,datasets_flow/dataset_cropped/09_Metas/09/13/20190909132800_00160.jpg,datasets_cloudmask/dataset_cropped/09_Metas/09/13/20190909132800_00160.png,431,4.6,423.5,27.7,961
9/9/2019 13:29,datasets/dataset_cropped/09_Metas/09/13/20190909132900_00160.jpg,datasets_flow/dataset_cropped/09_Metas/09/13/20190909132900_00160.jpg,datasets_cloudmask/dataset_cropped/09_Metas/09/13/20190909132900_00160.png,427.2,2.1,422.1,27.6,961
9/9/2019 13:30,datasets/dataset_cropped/09_Metas/09/13/20190909133000_00160.jpg,datasets_flow/dataset_cropped/09_Metas/09/13/20190909133000_00160.jpg,datasets_cloudmask/dataset_cropped/09_Metas/09/13/20190909133000_00160.png,418.5,0.8,414.5,27.7,961
9/9/2019 13:31,datasets/dataset_cropped/09_Metas/09/13/20190909133100_00160.jpg,datasets_flow/dataset_cropped/09_Metas/09/13/20190909133100_00160.jpg,datasets_cloudmask/dataset_cropped/09_Metas/09/13/20190909133100_00160.png,408.8,0.4,404.9,27.5,961
9/9/2019 13:32,datasets/dataset_cropped/09_Metas/09/13/20190909133200_00160.jpg,datasets_flow/dataset_cropped/09_Metas/09/13/20190909133200_00160.jpg,datasets_cloudmask/dataset_cropped/09_Metas/09/13/20190909133200_00160.png,403.4,0.5,399,27,961
9/9/2019 13:33,datasets/dataset_cropped/09_Metas/09/13/20190909133300_00160.jpg,datasets_flow/dataset_cropped/09_Metas/09/13/20190909133300_00160.jpg,datasets_cloudmask/dataset_cropped/09_Metas/09/13/20190909133300_00160.png,402.1,0.1,396.9,26.9,961
9/9/2019 13:34,datasets/dataset_cropped/09_Metas/09/13/20190909133400_00160.jpg,datasets_flow/dataset_cropped/09_Metas/09/13/20190909133400_00160.jpg,datasets_cloudmask/dataset_cropped/09_Metas/09/13/20190909133400_00160.png,402.2,0,397.2,26.9,961
9/9/2019 13:35,datasets/dataset_cropped/09_Metas/09/13/20190909133500_00160.jpg,datasets_flow/dataset_cropped/09_Metas/09/13/20190909133500_00160.jpg,datasets_cloudmask/dataset_cropped/09_Metas/09/13/20190909133500_00160.png,399,0.1,393.9,27,961
9/9/2019 13:36,datasets/dataset_cropped/09_Metas/09/13/20190909133600_00160.jpg,datasets_flow/dataset_cropped/09_Metas/09/13/20190909133600_00160.jpg,datasets_cloudmask/dataset_cropped/09_Metas/09/13/20190909133600_00160.png,393.4,0.5,387.8,26.9,961
9/9/2019 13:37,datasets/dataset_cropped/09_Metas/09/13/20190909133700_00160.jpg,datasets_flow/dataset_cropped/09_Metas/09/13/20190909133700_00160.jpg,datasets_cloudmask/dataset_cropped/09_Metas/09/13/20190909133700_00160.png,385.4,2.5,377.8,27.3,961
9/9/2019 13:38,datasets/dataset_cropped/09_Metas/09/13/20190909133800_00160.jpg,datasets_flow/dataset_cropped/09_Metas/09/13/20190909133800_00160.jpg,datasets_cloudmask/dataset_cropped/09_Metas/09/13/20190909133800_00160.png,375.5,4.6,366.1,27.6,961
9/9/2019 13:39,datasets/dataset_cropped/09_Metas/09/13/20190909133900_00160.jpg,datasets_flow/dataset_cropped/09_Metas/09/13/20190909133900_00160.jpg,datasets_cloudmask/dataset_cropped/09_Metas/09/13/20190909133900_00160.png,375.9,17.4,355.1,27.2,961
9/9/2019 13:40,datasets/dataset_cropped/09_Metas/09/13/20190909134000_00160.jpg,datasets_flow/dataset_cropped/09_Metas/09/13/20190909134000_00160.jpg,datasets_cloudmask/dataset_cropped/09_Metas/09/13/20190909134000_00160.png,400.9,59.2,347,27,961
9/9/2019 13:41,datasets/dataset_cropped/09_Metas/09/13/20190909134100_00160.jpg,datasets_flow/dataset_cropped/09_Metas/09/13/20190909134100_00160.jpg,datasets_cloudmask/dataset_cropped/09_Metas/09/13/20190909134100_00160.png,415.4,81.9,344.7,26.9,961
9/9/2019 13:42,datasets/dataset_cropped/09_Metas/09/13/20190909134200_00160.jpg,datasets_flow/dataset_cropped/09_Metas/09/13/20190909134200_00160.jpg,datasets_cloudmask/dataset_cropped/09_Metas/09/13/20190909134200_00160.png,356.6,15.3,341.6,26.8,961
9/9/2019 13:43,datasets/dataset_cropped/09_Metas/09/13/20190909134300_00160.jpg,datasets_flow/dataset_cropped/09_Metas/09/13/20190909134300_00160.jpg,datasets_cloudmask/dataset_cropped/09_Metas/09/13/20190909134300_00160.png,330.4,5.7,322.6,26.8,961
9/9/2019 13:44,datasets/dataset_cropped/09_Metas/09/13/20190909134400_00160.jpg,datasets_flow/dataset_cropped/09_Metas/09/13/20190909134400_00160.jpg,datasets_cloudmask/dataset_cropped/09_Metas/09/13/20190909134400_00160.png,304,2.2,298.4,26.9,961
9/9/2019 13:45,datasets/dataset_cropped/09_Metas/09/13/20190909134500_00160.jpg,datasets_flow/dataset_cropped/09_Metas/09/13/20190909134500_00160.jpg,datasets_cloudmask/dataset_cropped/09_Metas/09/13/20190909134500_00160.png,279.9,1.5,275.5,26.7,961
9/9/2019 13:46,datasets/dataset_cropped/09_Metas/09/13/20190909134600_00160.jpg,datasets_flow/dataset_cropped/09_Metas/09/13/20190909134600_00160.jpg,datasets_cloudmask/dataset_cropped/09_Metas/09/13/20190909134600_00160.png,263.8,7.7,254.8,26.7,961
9/9/2019 13:47,datasets/dataset_cropped/09_Metas/09/13/20190909134700_00160.jpg,datasets_flow/dataset_cropped/09_Metas/09/13/20190909134700_00160.jpg,datasets_cloudmask/dataset_cropped/09_Metas/09/13/20190909134700_00160.png,250.8,15,236.7,26.6,961
9/9/2019 13:48,datasets/dataset_cropped/09_Metas/09/13/20190909134800_00160.jpg,datasets_flow/dataset_cropped/09_Metas/09/13/20190909134800_00160.jpg,datasets_cloudmask/dataset_cropped/09_Metas/09/13/20190909134800_00160.png,224.6,6.2,218.3,26.6,961
9/9/2019 13:49,datasets/dataset_cropped/09_Metas/09/13/20190909134900_00160.jpg,datasets_flow/dataset_cropped/09_Metas/09/13/20190909134900_00160.jpg,datasets_cloudmask/dataset_cropped/09_Metas/09/13/20190909134900_00160.png,205.3,1.8,203.1,26.7,961
9/9/2019 13:50,datasets/dataset_cropped/09_Metas/09/13/20190909135000_00160.jpg,datasets_flow/dataset_cropped/09_Metas/09/13/20190909135000_00160.jpg,datasets_cloudmask/dataset_cropped/09_Metas/09/13/20190909135000_00160.png,194.7,1.4,193.3,26.8,961
9/9/2019 13:51,datasets/dataset_cropped/09_Metas/09/13/20190909135100_00160.jpg,datasets_flow/dataset_cropped/09_Metas/09/13/20190909135100_00160.jpg,datasets_cloudmask/dataset_cropped/09_Metas/09/13/20190909135100_00160.png,185.5,1.2,184.4,26.9,961
9/9/2019 13:52,datasets/dataset_cropped/09_Metas/09/13/20190909135200_00160.jpg,datasets_flow/dataset_cropped/09_Metas/09/13/20190909135200_00160.jpg,datasets_cloudmask/dataset_cropped/09_Metas/09/13/20190909135200_00160.png,175,0.9,174,26.9,961
9/9/2019 13:53,datasets/dataset_cropped/09_Metas/09/13/20190909135300_00160.jpg,datasets_flow/dataset_cropped/09_Metas/09/13/20190909135300_00160.jpg,datasets_cloudmask/dataset_cropped/09_Metas/09/13/20190909135300_00160.png,163.5,0.6,162.7,27,961
9/9/2019 13:54,datasets/dataset_cropped/09_Metas/09/13/20190909135400_00160.jpg,datasets_flow/dataset_cropped/09_Metas/09/13/20190909135400_00160.jpg,datasets_cloudmask/dataset_cropped/09_Metas/09/13/20190909135400_00160.png,153.2,0.2,152.6,27.2,961
9/9/2019 13:55,datasets/dataset_cropped/09_Metas/09/13/20190909135500_00160.jpg,datasets_flow/dataset_cropped/09_Metas/09/13/20190909135500_00160.jpg,datasets_cloudmask/dataset_cropped/09_Metas/09/13/20190909135500_00160.png,144.5,0,143.9,27.2,961
9/9/2019 13:56,datasets/dataset_cropped/09_Metas/09/13/20190909135600_00160.jpg,datasets_flow/dataset_cropped/09_Metas/09/13/20190909135600_00160.jpg,datasets_cloudmask/dataset_cropped/09_Metas/09/13/20190909135600_00160.png,136.1,0,135.4,27.1,961
9/9/2019 13:57,datasets/dataset_cropped/09_Metas/09/13/20190909135700_00160.jpg,datasets_flow/dataset_cropped/09_Metas/09/13/20190909135700_00160.jpg,datasets_cloudmask/dataset_cropped/09_Metas/09/13/20190909135700_00160.png,128.7,0,128.1,27.1,961
9/9/2019 13:58,datasets/dataset_cropped/09_Metas/09/13/20190909135800_00160.jpg,datasets_flow/dataset_cropped/09_Metas/09/13/20190909135800_00160.jpg,datasets_cloudmask/dataset_cropped/09_Metas/09/13/20190909135800_00160.png,124.6,0,124.1,27,961
9/9/2019 13:59,datasets/dataset_cropped/09_Metas/09/13/20190909135900_00160.jpg,datasets_flow/dataset_cropped/09_Metas/09/13/20190909135900_00160.jpg,datasets_cloudmask/dataset_cropped/09_Metas/09/13/20190909135900_00160.png,121.8,0,121.2,26.9,961
9/9/2019 14:00,datasets/dataset_cropped/09_Metas/09/14/20190909140000_00160.jpg,datasets_flow/dataset_cropped/09_Metas/09/14/20190909140000_00160.jpg,datasets_cloudmask/dataset_cropped/09_Metas/09/14/20190909140000_00160.png,120,0,119.6,26.9,961
9/9/2019 14:01,datasets/dataset_cropped/09_Metas/09/14/20190909140100_00160.jpg,datasets_flow/dataset_cropped/09_Metas/09/14/20190909140100_00160.jpg,datasets_cloudmask/dataset_cropped/09_Metas/09/14/20190909140100_00160.png,117.7,0,117.3,26.9,961
9/9/2019 14:02,datasets/dataset_cropped/09_Metas/09/14/20190909140200_00160.jpg,datasets_flow/dataset_cropped/09_Metas/09/14/20190909140200_00160.jpg,datasets_cloudmask/dataset_cropped/09_Metas/09/14/20190909140200_00160.png,116.1,0,115.7,26.4,961
9/9/2019 14:03,datasets/dataset_cropped/09_Metas/09/14/20190909140300_00160.jpg,datasets_flow/dataset_cropped/09_Metas/09/14/20190909140300_00160.jpg,datasets_cloudmask/dataset_cropped/09_Metas/09/14/20190909140300_00160.png,114.7,0,114.1,25.4,961
9/9/2019 14:04,datasets/dataset_cropped/09_Metas/09/14/20190909140400_00160.jpg,datasets_flow/dataset_cropped/09_Metas/09/14/20190909140400_00160.jpg,datasets_cloudmask/dataset_cropped/09_Metas/09/14/20190909140400_00160.png,114.4,0,113.4,24.9,961
9/9/2019 14:05,datasets/dataset_cropped/09_Metas/09/14/20190909140500_00160.jpg,datasets_flow/dataset_cropped/09_Metas/09/14/20190909140500_00160.jpg,datasets_cloudmask/dataset_cropped/09_Metas/09/14/20190909140500_00160.png,113.1,0,112.1,24.9,961
9/9/2019 14:06,datasets/dataset_cropped/09_Metas/09/14/20190909140600_00160.jpg,datasets_flow/dataset_cropped/09_Metas/09/14/20190909140600_00160.jpg,datasets_cloudmask/dataset_cropped/09_Metas/09/14/20190909140600_00160.png,108.6,0,107.8,24.8,961
9/9/2019 14:07,datasets/dataset_cropped/09_Metas/09/14/20190909140700_00160.jpg,datasets_flow/dataset_cropped/09_Metas/09/14/20190909140700_00160.jpg,datasets_cloudmask/dataset_cropped/09_Metas/09/14/20190909140700_00160.png,107.2,0,106.4,24.6,961
9/9/2019 14:08,datasets/dataset_cropped/09_Metas/09/14/20190909140800_00160.jpg,datasets_flow/dataset_cropped/09_Metas/09/14/20190909140800_00160.jpg,datasets_cloudmask/dataset_cropped/09_Metas/09/14/20190909140800_00160.png,111,0,110.2,24.5,961
9/9/2019 14:09,datasets/dataset_cropped/09_Metas/09/14/20190909140900_00160.jpg,datasets_flow/dataset_cropped/09_Metas/09/14/20190909140900_00160.jpg,datasets_cloudmask/dataset_cropped/09_Metas/09/14/20190909140900_00160.png,116.9,0,116.3,24.6,961
9/9/2019 14:10,datasets/dataset_cropped/09_Metas/09/14/20190909141000_00160.jpg,datasets_flow/dataset_cropped/09_Metas/09/14/20190909141000_00160.jpg,datasets_cloudmask/dataset_cropped/09_Metas/09/14/20190909141000_00160.png,125.2,0,124.8,24.9,961
9/9/2019 14:11,datasets/dataset_cropped/09_Metas/09/14/20190909141100_00160.jpg,datasets_flow/dataset_cropped/09_Metas/09/14/20190909141100_00160.jpg,datasets_cloudmask/dataset_cropped/09_Metas/09/14/20190909141100_00160.png,135.3,0,135,24.9,961
9/9/2019 14:12,datasets/dataset_cropped/09_Metas/09/14/20190909141200_00160.jpg,datasets_flow/dataset_cropped/09_Metas/09/14/20190909141200_00160.jpg,datasets_cloudmask/dataset_cropped/09_Metas/09/14/20190909141200_00160.png,144.7,0,144.4,25,961
9/9/2019 14:13,datasets/dataset_cropped/09_Metas/09/14/20190909141300_00160.jpg,datasets_flow/dataset_cropped/09_Metas/09/14/20190909141300_00160.jpg,datasets_cloudmask/dataset_cropped/09_Metas/09/14/20190909141300_00160.png,150.5,0,150.4,25.2,961
9/9/2019 14:14,datasets/dataset_cropped/09_Metas/09/14/20190909141400_00160.jpg,datasets_flow/dataset_cropped/09_Metas/09/14/20190909141400_00160.jpg,datasets_cloudmask/dataset_cropped/09_Metas/09/14/20190909141400_00160.png,154.7,0,154.7,25.1,961
9/9/2019 14:15,datasets/dataset_cropped/09_Metas/09/14/20190909141500_00160.jpg,datasets_flow/dataset_cropped/09_Metas/09/14/20190909141500_00160.jpg,datasets_cloudmask/dataset_cropped/09_Metas/09/14/20190909141500_00160.png,159.2,0,159.3,25.1,961
9/9/2019 14:16,datasets/dataset_cropped/09_Metas/09/14/20190909141600_00160.jpg,datasets_flow/dataset_cropped/09_Metas/09/14/20190909141600_00160.jpg,datasets_cloudmask/dataset_cropped/09_Metas/09/14/20190909141600_00160.png,164.9,0,165.1,25.1,961
9/9/2019 14:17,datasets/dataset_cropped/09_Metas/09/14/20190909141700_00160.jpg,datasets_flow/dataset_cropped/09_Metas/09/14/20190909141700_00160.jpg,datasets_cloudmask/dataset_cropped/09_Metas/09/14/20190909141700_00160.png,169.7,0,169.8,25.1,961
9/9/2019 14:18,datasets/dataset_cropped/09_Metas/09/14/20190909141800_00160.jpg,datasets_flow/dataset_cropped/09_Metas/09/14/20190909141800_00160.jpg,datasets_cloudmask/dataset_cropped/09_Metas/09/14/20190909141800_00160.png,171.7,0,171.9,25,961
9/9/2019 14:19,datasets/dataset_cropped/09_Metas/09/14/20190909141900_00160.jpg,datasets_flow/dataset_cropped/09_Metas/09/14/20190909141900_00160.jpg,datasets_cloudmask/dataset_cropped/09_Metas/09/14/20190909141900_00160.png,170.6,0,170.8,25,961
9/9/2019 14:20,datasets/dataset_cropped/09_Metas/09/14/20190909142000_00160.jpg,datasets_flow/dataset_cropped/09_Metas/09/14/20190909142000_00160.jpg,datasets_cloudmask/dataset_cropped/09_Metas/09/14/20190909142000_00160.png,168.1,0,168.4,25,961
9/9/2019 14:21,datasets/dataset_cropped/09_Metas/09/14/20190909142100_00160.jpg,datasets_flow/dataset_cropped/09_Metas/09/14/20190909142100_00160.jpg,datasets_cloudmask/dataset_cropped/09_Metas/09/14/20190909142100_00160.png,165.2,0,165.5,25.2,961
9/9/2019 14:22,datasets/dataset_cropped/09_Metas/09/14/20190909142200_00160.jpg,datasets_flow/dataset_cropped/09_Metas/09/14/20190909142200_00160.jpg,datasets_cloudmask/dataset_cropped/09_Metas/09/14/20190909142200_00160.png,162.2,0.1,162.4,25.4,961
9/9/2019 14:23,datasets/dataset_cropped/09_Metas/09/14/20190909142300_00160.jpg,datasets_flow/dataset_cropped/09_Metas/09/14/20190909142300_00160.jpg,datasets_cloudmask/dataset_cropped/09_Metas/09/14/20190909142300_00160.png,159,0.3,159.2,25.4,961
9/9/2019 14:24,datasets/dataset_cropped/09_Metas/09/14/20190909142400_00160.jpg,datasets_flow/dataset_cropped/09_Metas/09/14/20190909142400_00160.jpg,datasets_cloudmask/dataset_cropped/09_Metas/09/14/20190909142400_00160.png,155.3,0.4,155.6,25.3,961
9/9/2019 14:25,datasets/dataset_cropped/09_Metas/09/14/20190909142500_00160.jpg,datasets_flow/dataset_cropped/09_Metas/09/14/20190909142500_00160.jpg,datasets_cloudmask/dataset_cropped/09_Metas/09/14/20190909142500_00160.png,151.7,0.5,151.9,25.4,961
9/9/2019 14:26,datasets/dataset_cropped/09_Metas/09/14/20190909142600_00160.jpg,datasets_flow/dataset_cropped/09_Metas/09/14/20190909142600_00160.jpg,datasets_cloudmask/dataset_cropped/09_Metas/09/14/20190909142600_00160.png,148.3,0.6,148.5,25.4,960
9/9/2019 14:27,datasets/dataset_cropped/09_Metas/09/14/20190909142700_00160.jpg,datasets_flow/dataset_cropped/09_Metas/09/14/20190909142700_00160.jpg,datasets_cloudmask/dataset_cropped/09_Metas/09/14/20190909142700_00160.png,144.8,0.6,145.2,25.5,961
9/9/2019 14:28,datasets/dataset_cropped/09_Metas/09/14/20190909142800_00160.jpg,datasets_flow/dataset_cropped/09_Metas/09/14/20190909142800_00160.jpg,datasets_cloudmask/dataset_cropped/09_Metas/09/14/20190909142800_00160.png,141.5,0.8,142,25.5,960
9/9/2019 14:29,datasets/dataset_cropped/09_Metas/09/14/20190909142900_00160.jpg,datasets_flow/dataset_cropped/09_Metas/09/14/20190909142900_00160.jpg,datasets_cloudmask/dataset_cropped/09_Metas/09/14/20190909142900_00160.png,138.1,0.8,138.5,25.7,961
9/9/2019 14:30,datasets/dataset_cropped/09_Metas/09/14/20190909143000_00160.jpg,datasets_flow/dataset_cropped/09_Metas/09/14/20190909143000_00160.jpg,datasets_cloudmask/dataset_cropped/09_Metas/09/14/20190909143000_00160.png,134.8,0.8,135.2,25.9,961
9/9/2019 14:31,datasets/dataset_cropped/09_Metas/09/14/20190909143100_00160.jpg,datasets_flow/dataset_cropped/09_Metas/09/14/20190909143100_00160.jpg,datasets_cloudmask/dataset_cropped/09_Metas/09/14/20190909143100_00160.png,131.4,0.8,131.9,25.9,960
9/9/2019 14:32,datasets/dataset_cropped/09_Metas/09/14/20190909143200_00160.jpg,datasets_flow/dataset_cropped/09_Metas/09/14/20190909143200_00160.jpg,datasets_cloudmask/dataset_cropped/09_Metas/09/14/20190909143200_00160.png,128,0.7,128.5,25.8,961
9/9/2019 14:33,datasets/dataset_cropped/09_Metas/09/14/20190909143300_00160.jpg,datasets_flow/dataset_cropped/09_Metas/09/14/20190909143300_00160.jpg,datasets_cloudmask/dataset_cropped/09_Metas/09/14/20190909143300_00160.png,124.6,0.6,125.1,26,961
9/9/2019 14:34,datasets/dataset_cropped/09_Metas/09/14/20190909143400_00160.jpg,datasets_flow/dataset_cropped/09_Metas/09/14/20190909143400_00160.jpg,datasets_cloudmask/dataset_cropped/09_Metas/09/14/20190909143400_00160.png,121.1,0.5,121.7,26.3,961
9/9/2019 14:35,datasets/dataset_cropped/09_Metas/09/14/20190909143500_00160.jpg,datasets_flow/dataset_cropped/09_Metas/09/14/20190909143500_00160.jpg,datasets_cloudmask/dataset_cropped/09_Metas/09/14/20190909143500_00160.png,117.7,0.3,118.2,26.2,960
9/9/2019 14:36,datasets/dataset_cropped/09_Metas/09/14/20190909143600_00160.jpg,datasets_flow/dataset_cropped/09_Metas/09/14/20190909143600_00160.jpg,datasets_cloudmask/dataset_cropped/09_Metas/09/14/20190909143600_00160.png,114.4,0.3,114.9,26,960
9/9/2019 14:37,datasets/dataset_cropped/09_Metas/09/14/20190909143700_00160.jpg,datasets_flow/dataset_cropped/09_Metas/09/14/20190909143700_00160.jpg,datasets_cloudmask/dataset_cropped/09_Metas/09/14/20190909143700_00160.png,111.1,0.1,111.5,26,961
9/9/2019 14:38,datasets/dataset_cropped/09_Metas/09/14/20190909143800_00160.jpg,datasets_flow/dataset_cropped/09_Metas/09/14/20190909143800_00160.jpg,datasets_cloudmask/dataset_cropped/09_Metas/09/14/20190909143800_00160.png,107.9,0,108.3,26.1,960
9/9/2019 14:39,datasets/dataset_cropped/09_Metas/09/14/20190909143900_00160.jpg,datasets_flow/dataset_cropped/09_Metas/09/14/20190909143900_00160.jpg,datasets_cloudmask/dataset_cropped/09_Metas/09/14/20190909143900_00160.png,104.9,0,105.2,26.1,960
9/9/2019 14:40,datasets/dataset_cropped/09_Metas/09/14/20190909144000_00160.jpg,datasets_flow/dataset_cropped/09_Metas/09/14/20190909144000_00160.jpg,datasets_cloudmask/dataset_cropped/09_Metas/09/14/20190909144000_00160.png,102.3,0,102.6,26.2,960
9/9/2019 14:41,datasets/dataset_cropped/09_Metas/09/14/20190909144100_00160.jpg,datasets_flow/dataset_cropped/09_Metas/09/14/20190909144100_00160.jpg,datasets_cloudmask/dataset_cropped/09_Metas/09/14/20190909144100_00160.png,99.8,0,100.1,26.1,960
9/9/2019 14:42,datasets/dataset_cropped/09_Metas/09/14/20190909144200_00160.jpg,datasets_flow/dataset_cropped/09_Metas/09/14/20190909144200_00160.jpg,datasets_cloudmask/dataset_cropped/09_Metas/09/14/20190909144200_00160.png,97.6,0,97.8,26,960
9/9/2019 14:43,datasets/dataset_cropped/09_Metas/09/14/20190909144300_00160.jpg,datasets_flow/dataset_cropped/09_Metas/09/14/20190909144300_00160.jpg,datasets_cloudmask/dataset_cropped/09_Metas/09/14/20190909144300_00160.png,95.6,0,95.8,25.9,960
9/9/2019 14:44,datasets/dataset_cropped/09_Metas/09/14/20190909144400_00160.jpg,datasets_flow/dataset_cropped/09_Metas/09/14/20190909144400_00160.jpg,datasets_cloudmask/dataset_cropped/09_Metas/09/14/20190909144400_00160.png,94.1,0,94.3,26.1,960
9/9/2019 14:45,datasets/dataset_cropped/09_Metas/09/14/20190909144500_00160.jpg,datasets_flow/dataset_cropped/09_Metas/09/14/20190909144500_00160.jpg,datasets_cloudmask/dataset_cropped/09_Metas/09/14/20190909144500_00160.png,92.8,0,93,26,960
9/9/2019 14:46,datasets/dataset_cropped/09_Metas/09/14/20190909144600_00160.jpg,datasets_flow/dataset_cropped/09_Metas/09/14/20190909144600_00160.jpg,datasets_cloudmask/dataset_cropped/09_Metas/09/14/20190909144600_00160.png,91.7,0,91.9,25.9,960
9/9/2019 14:47,datasets/dataset_cropped/09_Metas/09/14/20190909144700_00160.jpg,datasets_flow/dataset_cropped/09_Metas/09/14/20190909144700_00160.jpg,datasets_cloudmask/dataset_cropped/09_Metas/09/14/20190909144700_00160.png,90.6,0,90.8,25.8,960
9/9/2019 14:48,datasets/dataset_cropped/09_Metas/09/14/20190909144800_00160.jpg,datasets_flow/dataset_cropped/09_Metas/09/14/20190909144800_00160.jpg,datasets_cloudmask/dataset_cropped/09_Metas/09/14/20190909144800_00160.png,89.7,0,89.8,25.8,960
9/9/2019 14:49,datasets/dataset_cropped/09_Metas/09/14/20190909144900_00160.jpg,datasets_flow/dataset_cropped/09_Metas/09/14/20190909144900_00160.jpg,datasets_cloudmask/dataset_cropped/09_Metas/09/14/20190909144900_00160.png,88.8,0,89,25.9,960
9/9/2019 14:50,datasets/dataset_cropped/09_Metas/09/14/20190909145000_00160.jpg,datasets_flow/dataset_cropped/09_Metas/09/14/20190909145000_00160.jpg,datasets_cloudmask/dataset_cropped/09_Metas/09/14/20190909145000_00160.png,88.1,0,88.2,25.9,960
9/9/2019 14:51,datasets/dataset_cropped/09_Metas/09/14/20190909145100_00160.jpg,datasets_flow/dataset_cropped/09_Metas/09/14/20190909145100_00160.jpg,datasets_cloudmask/dataset_cropped/09_Metas/09/14/20190909145100_00160.png,87.2,0,87.4,25.7,960
9/9/2019 14:52,datasets/dataset_cropped/09_Metas/09/14/20190909145200_00160.jpg,datasets_flow/dataset_cropped/09_Metas/09/14/20190909145200_00160.jpg,datasets_cloudmask/dataset_cropped/09_Metas/09/14/20190909145200_00160.png,86.5,0,86.6,25.7,960
9/9/2019 14:53,datasets/dataset_cropped/09_Metas/09/14/20190909145300_00160.jpg,datasets_flow/dataset_cropped/09_Metas/09/14/20190909145300_00160.jpg,datasets_cloudmask/dataset_cropped/09_Metas/09/14/20190909145300_00160.png,85.7,0,85.8,25.6,960
9/9/2019 14:54,datasets/dataset_cropped/09_Metas/09/14/20190909145400_00160.jpg,datasets_flow/dataset_cropped/09_Metas/09/14/20190909145400_00160.jpg,datasets_cloudmask/dataset_cropped/09_Metas/09/14/20190909145400_00160.png,85.1,0,85.2,25.6,960
9/9/2019 14:55,datasets/dataset_cropped/09_Metas/09/14/20190909145500_00160.jpg,datasets_flow/dataset_cropped/09_Metas/09/14/20190909145500_00160.jpg,datasets_cloudmask/dataset_cropped/09_Metas/09/14/20190909145500_00160.png,84.3,0,84.4,25.6,960
9/9/2019 14:56,datasets/dataset_cropped/09_Metas/09/14/20190909145600_00160.jpg,datasets_flow/dataset_cropped/09_Metas/09/14/20190909145600_00160.jpg,datasets_cloudmask/dataset_cropped/09_Metas/09/14/20190909145600_00160.png,83.5,0,83.6,25.5,960
9/9/2019 14:57,datasets/dataset_cropped/09_Metas/09/14/20190909145700_00160.jpg,datasets_flow/dataset_cropped/09_Metas/09/14/20190909145700_00160.jpg,datasets_cloudmask/dataset_cropped/09_Metas/09/14/20190909145700_00160.png,82.5,0,82.5,25.4,960
9/9/2019 14:58,datasets/dataset_cropped/09_Metas/09/14/20190909145800_00160.jpg,datasets_flow/dataset_cropped/09_Metas/09/14/20190909145800_00160.jpg,datasets_cloudmask/dataset_cropped/09_Metas/09/14/20190909145800_00160.png,81.6,0,81.5,25.2,960
9/9/2019 14:59,datasets/dataset_cropped/09_Metas/09/14/20190909145900_00160.jpg,datasets_flow/dataset_cropped/09_Metas/09/14/20190909145900_00160.jpg,datasets_cloudmask/dataset_cropped/09_Metas/09/14/20190909145900_00160.png,80.6,0,80.6,25.3,960
9/9/2019 15:00,datasets/dataset_cropped/09_Metas/09/15/20190909150000_00160.jpg,datasets_flow/dataset_cropped/09_Metas/09/15/20190909150000_00160.jpg,datasets_cloudmask/dataset_cropped/09_Metas/09/15/20190909150000_00160.png,79.5,0,79.5,25.3,960
9/9/2019 15:01,datasets/dataset_cropped/09_Metas/09/15/20190909150100_00160.jpg,datasets_flow/dataset_cropped/09_Metas/09/15/20190909150100_00160.jpg,datasets_cloudmask/dataset_cropped/09_Metas/09/15/20190909150100_00160.png,78.5,0,78.4,25.2,960
9/9/2019 15:02,datasets/dataset_cropped/09_Metas/09/15/20190909150200_00160.jpg,datasets_flow/dataset_cropped/09_Metas/09/15/20190909150200_00160.jpg,datasets_cloudmask/dataset_cropped/09_Metas/09/15/20190909150200_00160.png,77.2,0,77.2,25.3,960
9/9/2019 15:03,datasets/dataset_cropped/09_Metas/09/15/20190909150300_00160.jpg,datasets_flow/dataset_cropped/09_Metas/09/15/20190909150300_00160.jpg,datasets_cloudmask/dataset_cropped/09_Metas/09/15/20190909150300_00160.png,76,0,76,25.2,960
9/9/2019 15:04,datasets/dataset_cropped/09_Metas/09/15/20190909150400_00160.jpg,datasets_flow/dataset_cropped/09_Metas/09/15/20190909150400_00160.jpg,datasets_cloudmask/dataset_cropped/09_Metas/09/15/20190909150400_00160.png,74.8,0,74.8,25.1,960
9/9/2019 15:05,datasets/dataset_cropped/09_Metas/09/15/20190909150500_00160.jpg,datasets_flow/dataset_cropped/09_Metas/09/15/20190909150500_00160.jpg,datasets_cloudmask/dataset_cropped/09_Metas/09/15/20190909150500_00160.png,73.6,0,73.6,25.2,960
9/9/2019 15:06,datasets/dataset_cropped/09_Metas/09/15/20190909150600_00160.jpg,datasets_flow/dataset_cropped/09_Metas/09/15/20190909150600_00160.jpg,datasets_cloudmask/dataset_cropped/09_Metas/09/15/20190909150600_00160.png,72.6,0,72.6,25.2,960
9/9/2019 15:07,datasets/dataset_cropped/09_Metas/09/15/20190909150700_00160.jpg,datasets_flow/dataset_cropped/09_Metas/09/15/20190909150700_00160.jpg,datasets_cloudmask/dataset_cropped/09_Metas/09/15/20190909150700_00160.png,71.8,0,71.8,24.9,960
9/9/2019 15:08,datasets/dataset_cropped/09_Metas/09/15/20190909150800_00160.jpg,datasets_flow/dataset_cropped/09_Metas/09/15/20190909150800_00160.jpg,datasets_cloudmask/dataset_cropped/09_Metas/09/15/20190909150800_00160.png,71.4,0,71.3,24.9,960
9/9/2019 15:09,datasets/dataset_cropped/09_Metas/09/15/20190909150900_00160.jpg,datasets_flow/dataset_cropped/09_Metas/09/15/20190909150900_00160.jpg,datasets_cloudmask/dataset_cropped/09_Metas/09/15/20190909150900_00160.png,71.2,0,71.1,24.9,960
9/9/2019 15:10,datasets/dataset_cropped/09_Metas/09/15/20190909151000_00160.jpg,datasets_flow/dataset_cropped/09_Metas/09/15/20190909151000_00160.jpg,datasets_cloudmask/dataset_cropped/09_Metas/09/15/20190909151000_00160.png,71.5,0,71.4,24.9,960
9/9/2019 15:11,datasets/dataset_cropped/09_Metas/09/15/20190909151100_00160.jpg,datasets_flow/dataset_cropped/09_Metas/09/15/20190909151100_00160.jpg,datasets_cloudmask/dataset_cropped/09_Metas/09/15/20190909151100_00160.png,72.2,0,72.1,24.8,960
9/9/2019 15:12,datasets/dataset_cropped/09_Metas/09/15/20190909151200_00160.jpg,datasets_flow/dataset_cropped/09_Metas/09/15/20190909151200_00160.jpg,datasets_cloudmask/dataset_cropped/09_Metas/09/15/20190909151200_00160.png,73.1,0,73,24.8,960
9/9/2019 15:13,datasets/dataset_cropped/09_Metas/09/15/20190909151300_00160.jpg,datasets_flow/dataset_cropped/09_Metas/09/15/20190909151300_00160.jpg,datasets_cloudmask/dataset_cropped/09_Metas/09/15/20190909151300_00160.png,74.2,0,74.1,24.7,960
9/9/2019 15:14,datasets/dataset_cropped/09_Metas/09/15/20190909151400_00160.jpg,datasets_flow/dataset_cropped/09_Metas/09/15/20190909151400_00160.jpg,datasets_cloudmask/dataset_cropped/09_Metas/09/15/20190909151400_00160.png,75.4,0,75.2,24.6,960
9/9/2019 15:15,datasets/dataset_cropped/09_Metas/09/15/20190909151500_00160.jpg,datasets_flow/dataset_cropped/09_Metas/09/15/20190909151500_00160.jpg,datasets_cloudmask/dataset_cropped/09_Metas/09/15/20190909151500_00160.png,76.5,0,76.2,24.6,960
9/9/2019 15:16,datasets/dataset_cropped/09_Metas/09/15/20190909151600_00160.jpg,datasets_flow/dataset_cropped/09_Metas/09/15/20190909151600_00160.jpg,datasets_cloudmask/dataset_cropped/09_Metas/09/15/20190909151600_00160.png,77.5,0,77.1,24.5,960
9/9/2019 15:17,datasets/dataset_cropped/09_Metas/09/15/20190909151700_00160.jpg,datasets_flow/dataset_cropped/09_Metas/09/15/20190909151700_00160.jpg,datasets_cloudmask/dataset_cropped/09_Metas/09/15/20190909151700_00160.png,78.4,0,78.1,24.5,960
9/9/2019 15:18,datasets/dataset_cropped/09_Metas/09/15/20190909151800_00160.jpg,datasets_flow/dataset_cropped/09_Metas/09/15/20190909151800_00160.jpg,datasets_cloudmask/dataset_cropped/09_Metas/09/15/20190909151800_00160.png,79.7,0,79.4,24.6,960
9/9/2019 15:19,datasets/dataset_cropped/09_Metas/09/15/20190909151900_00160.jpg,datasets_flow/dataset_cropped/09_Metas/09/15/20190909151900_00160.jpg,datasets_cloudmask/dataset_cropped/09_Metas/09/15/20190909151900_00160.png,81.5,0,81.6,24.6,960
9/9/2019 15:20,datasets/dataset_cropped/09_Metas/09/15/20190909152000_00160.jpg,datasets_flow/dataset_cropped/09_Metas/09/15/20190909152000_00160.jpg,datasets_cloudmask/dataset_cropped/09_Metas/09/15/20190909152000_00160.png,84.2,0,84.5,24.5,960
9/9/2019 15:21,datasets/dataset_cropped/09_Metas/09/15/20190909152100_00160.jpg,datasets_flow/dataset_cropped/09_Metas/09/15/20190909152100_00160.jpg,datasets_cloudmask/dataset_cropped/09_Metas/09/15/20190909152100_00160.png,87.6,0,88,24.5,960
9/9/2019 15:22,datasets/dataset_cropped/09_Metas/09/15/20190909152200_00160.jpg,datasets_flow/dataset_cropped/09_Metas/09/15/20190909152200_00160.jpg,datasets_cloudmask/dataset_cropped/09_Metas/09/15/20190909152200_00160.png,91.7,0,92.1,24.5,960
9/9/2019 15:23,datasets/dataset_cropped/09_Metas/09/15/20190909152300_00160.jpg,datasets_flow/dataset_cropped/09_Metas/09/15/20190909152300_00160.jpg,datasets_cloudmask/dataset_cropped/09_Metas/09/15/20190909152300_00160.png,96.3,0,96.6,24.4,960
9/9/2019 15:24,datasets/dataset_cropped/09_Metas/09/15/20190909152400_00160.jpg,datasets_flow/dataset_cropped/09_Metas/09/15/20190909152400_00160.jpg,datasets_cloudmask/dataset_cropped/09_Metas/09/15/20190909152400_00160.png,101.3,0,101.7,24.3,960
9/9/2019 15:25,datasets/dataset_cropped/09_Metas/09/15/20190909152500_00160.jpg,datasets_flow/dataset_cropped/09_Metas/09/15/20190909152500_00160.jpg,datasets_cloudmask/dataset_cropped/09_Metas/09/15/20190909152500_00160.png,107,0,107.3,24.4,960
9/9/2019 15:26,datasets/dataset_cropped/09_Metas/09/15/20190909152600_00160.jpg,datasets_flow/dataset_cropped/09_Metas/09/15/20190909152600_00160.jpg,datasets_cloudmask/dataset_cropped/09_Metas/09/15/20190909152600_00160.png,112.7,0,112.8,24.5,960
9/9/2019 15:27,datasets/dataset_cropped/09_Metas/09/15/20190909152700_00160.jpg,datasets_flow/dataset_cropped/09_Metas/09/15/20190909152700_00160.jpg,datasets_cloudmask/dataset_cropped/09_Metas/09/15/20190909152700_00160.png,119,0,118.8,24.5,960
9/9/2019 15:28,datasets/dataset_cropped/09_Metas/09/15/20190909152800_00160.jpg,datasets_flow/dataset_cropped/09_Metas/09/15/20190909152800_00160.jpg,datasets_cloudmask/dataset_cropped/09_Metas/09/15/20190909152800_00160.png,125.8,0,125.3,24.3,960
9/9/2019 15:29,datasets/dataset_cropped/09_Metas/09/15/20190909152900_00160.jpg,datasets_flow/dataset_cropped/09_Metas/09/15/20190909152900_00160.jpg,datasets_cloudmask/dataset_cropped/09_Metas/09/15/20190909152900_00160.png,133,0,132.3,24.1,960
9/9/2019 15:30,datasets/dataset_cropped/09_Metas/09/15/20190909153000_00160.jpg,datasets_flow/dataset_cropped/09_Metas/09/15/20190909153000_00160.jpg,datasets_cloudmask/dataset_cropped/09_Metas/09/15/20190909153000_00160.png,140.8,0,139.8,24.1,960
9/9/2019 15:31,datasets/dataset_cropped/09_Metas/09/15/20190909153100_00160.jpg,datasets_flow/dataset_cropped/09_Metas/09/15/20190909153100_00160.jpg,datasets_cloudmask/dataset_cropped/09_Metas/09/15/20190909153100_00160.png,148.9,0,147.8,24.1,960
9/9/2019 15:32,datasets/dataset_cropped/09_Metas/09/15/20190909153200_00160.jpg,datasets_flow/dataset_cropped/09_Metas/09/15/20190909153200_00160.jpg,datasets_cloudmask/dataset_cropped/09_Metas/09/15/20190909153200_00160.png,157.5,0,156.4,24.1,960
9/9/2019 15:33,datasets/dataset_cropped/09_Metas/09/15/20190909153300_00160.jpg,datasets_flow/dataset_cropped/09_Metas/09/15/20190909153300_00160.jpg,datasets_cloudmask/dataset_cropped/09_Metas/09/15/20190909153300_00160.png,166.4,0,165.2,24,960
9/9/2019 15:34,datasets/dataset_cropped/09_Metas/09/15/20190909153400_00160.jpg,datasets_flow/dataset_cropped/09_Metas/09/15/20190909153400_00160.jpg,datasets_cloudmask/dataset_cropped/09_Metas/09/15/20190909153400_00160.png,175.5,0,174.3,24,960
9/9/2019 15:35,datasets/dataset_cropped/09_Metas/09/15/20190909153500_00160.jpg,datasets_flow/dataset_cropped/09_Metas/09/15/20190909153500_00160.jpg,datasets_cloudmask/dataset_cropped/09_Metas/09/15/20190909153500_00160.png,185.2,0,183.8,24.1,960
9/9/2019 15:36,datasets/dataset_cropped/09_Metas/09/15/20190909153600_00160.jpg,datasets_flow/dataset_cropped/09_Metas/09/15/20190909153600_00160.jpg,datasets_cloudmask/dataset_cropped/09_Metas/09/15/20190909153600_00160.png,195,0,193.7,24,960
9/9/2019 15:37,datasets/dataset_cropped/09_Metas/09/15/20190909153700_00160.jpg,datasets_flow/dataset_cropped/09_Metas/09/15/20190909153700_00160.jpg,datasets_cloudmask/dataset_cropped/09_Metas/09/15/20190909153700_00160.png,204.8,0,203.6,23.8,960
9/9/2019 15:38,datasets/dataset_cropped/09_Metas/09/15/20190909153800_00160.jpg,datasets_flow/dataset_cropped/09_Metas/09/15/20190909153800_00160.jpg,datasets_cloudmask/dataset_cropped/09_Metas/09/15/20190909153800_00160.png,214.9,0,213.5,23.8,960
9/9/2019 15:39,datasets/dataset_cropped/09_Metas/09/15/20190909153900_00160.jpg,datasets_flow/dataset_cropped/09_Metas/09/15/20190909153900_00160.jpg,datasets_cloudmask/dataset_cropped/09_Metas/09/15/20190909153900_00160.png,225.3,0.2,223.6,23.9,960
9/9/2019 15:40,datasets/dataset_cropped/09_Metas/09/15/20190909154000_00160.jpg,datasets_flow/dataset_cropped/09_Metas/09/15/20190909154000_00160.jpg,datasets_cloudmask/dataset_cropped/09_Metas/09/15/20190909154000_00160.png,235.5,0.5,233.7,23.9,960
9/9/2019 15:41,datasets/dataset_cropped/09_Metas/09/15/20190909154100_00160.jpg,datasets_flow/dataset_cropped/09_Metas/09/15/20190909154100_00160.jpg,datasets_cloudmask/dataset_cropped/09_Metas/09/15/20190909154100_00160.png,245.6,0.9,243.4,23.9,960
9/9/2019 15:42,datasets/dataset_cropped/09_Metas/09/15/20190909154200_00160.jpg,datasets_flow/dataset_cropped/09_Metas/09/15/20190909154200_00160.jpg,datasets_cloudmask/dataset_cropped/09_Metas/09/15/20190909154200_00160.png,256,1.6,253.2,23.8,960
9/9/2019 15:43,datasets/dataset_cropped/09_Metas/09/15/20190909154300_00160.jpg,datasets_flow/dataset_cropped/09_Metas/09/15/20190909154300_00160.jpg,datasets_cloudmask/dataset_cropped/09_Metas/09/15/20190909154300_00160.png,267.9,4.2,263.1,23.8,960
9/9/2019 15:44,datasets/dataset_cropped/09_Metas/09/15/20190909154400_00160.jpg,datasets_flow/dataset_cropped/09_Metas/09/15/20190909154400_00160.jpg,datasets_cloudmask/dataset_cropped/09_Metas/09/15/20190909154400_00160.png,279.6,6.4,273.3,23.7,960
9/9/2019 15:45,datasets/dataset_cropped/09_Metas/09/15/20190909154500_00160.jpg,datasets_flow/dataset_cropped/09_Metas/09/15/20190909154500_00160.jpg,datasets_cloudmask/dataset_cropped/09_Metas/09/15/20190909154500_00160.png,288,2.4,284.4,23.8,960
9/9/2019 15:46,datasets/dataset_cropped/09_Metas/09/15/20190909154600_00160.jpg,datasets_flow/dataset_cropped/09_Metas/09/15/20190909154600_00160.jpg,datasets_cloudmask/dataset_cropped/09_Metas/09/15/20190909154600_00160.png,303.4,5,298.2,23.9,960
9/9/2019 15:47,datasets/dataset_cropped/09_Metas/09/15/20190909154700_00160.jpg,datasets_flow/dataset_cropped/09_Metas/09/15/20190909154700_00160.jpg,datasets_cloudmask/dataset_cropped/09_Metas/09/15/20190909154700_00160.png,344.5,44,313,23.9,960
9/9/2019 15:48,datasets/dataset_cropped/09_Metas/09/15/20190909154800_00160.jpg,datasets_flow/dataset_cropped/09_Metas/09/15/20190909154800_00160.jpg,datasets_cloudmask/dataset_cropped/09_Metas/09/15/20190909154800_00160.png,342.6,20.6,326.9,24.1,960
9/9/2019 15:49,datasets/dataset_cropped/09_Metas/09/15/20190909154900_00160.jpg,datasets_flow/dataset_cropped/09_Metas/09/15/20190909154900_00160.jpg,datasets_cloudmask/dataset_cropped/09_Metas/09/15/20190909154900_00160.png,344.3,9.2,336.8,24.1,960
9/9/2019 15:50,datasets/dataset_cropped/09_Metas/09/15/20190909155000_00160.jpg,datasets_flow/dataset_cropped/09_Metas/09/15/20190909155000_00160.jpg,datasets_cloudmask/dataset_cropped/09_Metas/09/15/20190909155000_00160.png,341.8,4.2,337.8,24.1,960
9/9/2019 15:51,datasets/dataset_cropped/09_Metas/09/15/20190909155100_00160.jpg,datasets_flow/dataset_cropped/09_Metas/09/15/20190909155100_00160.jpg,datasets_cloudmask/dataset_cropped/09_Metas/09/15/20190909155100_00160.png,339.8,1.3,338.1,24.1,960
9/9/2019 15:52,datasets/dataset_cropped/09_Metas/09/15/20190909155200_00160.jpg,datasets_flow/dataset_cropped/09_Metas/09/15/20190909155200_00160.jpg,datasets_cloudmask/dataset_cropped/09_Metas/09/15/20190909155200_00160.png,339.9,0.7,338.4,24,960
9/9/2019 15:53,datasets/dataset_cropped/09_Metas/09/15/20190909155300_00160.jpg,datasets_flow/dataset_cropped/09_Metas/09/15/20190909155300_00160.jpg,datasets_cloudmask/dataset_cropped/09_Metas/09/15/20190909155300_00160.png,342.5,0.6,341,24.1,960
9/9/2019 15:54,datasets/dataset_cropped/09_Metas/09/15/20190909155400_00160.jpg,datasets_flow/dataset_cropped/09_Metas/09/15/20190909155400_00160.jpg,datasets_cloudmask/dataset_cropped/09_Metas/09/15/20190909155400_00160.png,348,1.4,346.1,24.3,960
9/9/2019 15:55,datasets/dataset_cropped/09_Metas/09/15/20190909155500_00160.jpg,datasets_flow/dataset_cropped/09_Metas/09/15/20190909155500_00160.jpg,datasets_cloudmask/dataset_cropped/09_Metas/09/15/20190909155500_00160.png,359.4,6.7,353.8,24.3,960
9/9/2019 15:56,datasets/dataset_cropped/09_Metas/09/15/20190909155600_00160.jpg,datasets_flow/dataset_cropped/09_Metas/09/15/20190909155600_00160.jpg,datasets_cloudmask/dataset_cropped/09_Metas/09/15/20190909155600_00160.png,360.3,4.7,356.6,24.4,960
9/9/2019 15:57,datasets/dataset_cropped/09_Metas/09/15/20190909155700_00160.jpg,datasets_flow/dataset_cropped/09_Metas/09/15/20190909155700_00160.jpg,datasets_cloudmask/dataset_cropped/09_Metas/09/15/20190909155700_00160.png,357.1,1.8,355.6,24.5,960
9/9/2019 15:58,datasets/dataset_cropped/09_Metas/09/15/20190909155800_00160.jpg,datasets_flow/dataset_cropped/09_Metas/09/15/20190909155800_00160.jpg,datasets_cloudmask/dataset_cropped/09_Metas/09/15/20190909155800_00160.png,356.2,1.6,354.6,24.5,960
9/9/2019 15:59,datasets/dataset_cropped/09_Metas/09/15/20190909155900_00160.jpg,datasets_flow/dataset_cropped/09_Metas/09/15/20190909155900_00160.jpg,datasets_cloudmask/dataset_cropped/09_Metas/09/15/20190909155900_00160.png,354.6,2.1,352.9,24.3,960
9/9/2019 16:00,datasets/dataset_cropped/09_Metas/09/16/20190909160000_00160.jpg,datasets_flow/dataset_cropped/09_Metas/09/16/20190909160000_00160.jpg,datasets_cloudmask/dataset_cropped/09_Metas/09/16/20190909160000_00160.png,350.9,2.5,348.9,24.2,960
9/9/2019 16:01,datasets/dataset_cropped/09_Metas/09/16/20190909160100_00160.jpg,datasets_flow/dataset_cropped/09_Metas/09/16/20190909160100_00160.jpg,datasets_cloudmask/dataset_cropped/09_Metas/09/16/20190909160100_00160.png,348.4,3.3,345.8,24.3,960
9/9/2019 16:02,datasets/dataset_cropped/09_Metas/09/16/20190909160200_00160.jpg,datasets_flow/dataset_cropped/09_Metas/09/16/20190909160200_00160.jpg,datasets_cloudmask/dataset_cropped/09_Metas/09/16/20190909160200_00160.png,346.4,2.6,344.1,24.5,960
9/9/2019 16:03,datasets/dataset_cropped/09_Metas/09/16/20190909160300_00160.jpg,datasets_flow/dataset_cropped/09_Metas/09/16/20190909160300_00160.jpg,datasets_cloudmask/dataset_cropped/09_Metas/09/16/20190909160300_00160.png,347,5.4,342.3,24.5,960
9/9/2019 16:04,datasets/dataset_cropped/09_Metas/09/16/20190909160400_00160.jpg,datasets_flow/dataset_cropped/09_Metas/09/16/20190909160400_00160.jpg,datasets_cloudmask/dataset_cropped/09_Metas/09/16/20190909160400_00160.png,362.2,27.6,341.8,24.4,960
9/9/2019 16:05,datasets/dataset_cropped/09_Metas/09/16/20190909160500_00160.jpg,datasets_flow/dataset_cropped/09_Metas/09/16/20190909160500_00160.jpg,datasets_cloudmask/dataset_cropped/09_Metas/09/16/20190909160500_00160.png,370.4,35.5,344.1,24.3,960
9/9/2019 16:06,datasets/dataset_cropped/09_Metas/09/16/20190909160600_00160.jpg,datasets_flow/dataset_cropped/09_Metas/09/16/20190909160600_00160.jpg,datasets_cloudmask/dataset_cropped/09_Metas/09/16/20190909160600_00160.png,369.2,26,349.2,24.3,960
9/9/2019 16:07,datasets/dataset_cropped/09_Metas/09/16/20190909160700_00160.jpg,datasets_flow/dataset_cropped/09_Metas/09/16/20190909160700_00160.jpg,datasets_cloudmask/dataset_cropped/09_Metas/09/16/20190909160700_00160.png,391,45.6,357.9,24.4,960
9/9/2019 16:08,datasets/dataset_cropped/09_Metas/09/16/20190909160800_00160.jpg,datasets_flow/dataset_cropped/09_Metas/09/16/20190909160800_00160.jpg,datasets_cloudmask/dataset_cropped/09_Metas/09/16/20190909160800_00160.png,391,32.8,367,24.5,960
9/9/2019 16:09,datasets/dataset_cropped/09_Metas/09/16/20190909160900_00160.jpg,datasets_flow/dataset_cropped/09_Metas/09/16/20190909160900_00160.jpg,datasets_cloudmask/dataset_cropped/09_Metas/09/16/20190909160900_00160.png,484.9,162.4,374.4,24.7,960
9/9/2019 16:10,datasets/dataset_cropped/09_Metas/09/16/20190909161000_00160.jpg,datasets_flow/dataset_cropped/09_Metas/09/16/20190909161000_00160.jpg,datasets_cloudmask/dataset_cropped/09_Metas/09/16/20190909161000_00160.png,570.7,298.8,374.7,24.7,960
9/9/2019 16:11,datasets/dataset_cropped/09_Metas/09/16/20190909161100_00160.jpg,datasets_flow/dataset_cropped/09_Metas/09/16/20190909161100_00160.jpg,datasets_cloudmask/dataset_cropped/09_Metas/09/16/20190909161100_00160.png,746.6,575.6,370.4,24.7,960
9/9/2019 16:12,datasets/dataset_cropped/09_Metas/09/16/20190909161200_00160.jpg,datasets_flow/dataset_cropped/09_Metas/09/16/20190909161200_00160.jpg,datasets_cloudmask/dataset_cropped/09_Metas/09/16/20190909161200_00160.png,819,702.3,364.6,24.7,960
9/9/2019 16:13,datasets/dataset_cropped/09_Metas/09/16/20190909161300_00160.jpg,datasets_flow/dataset_cropped/09_Metas/09/16/20190909161300_00160.jpg,datasets_cloudmask/dataset_cropped/09_Metas/09/16/20190909161300_00160.png,833,741.8,361.3,24.8,960
9/9/2019 16:14,datasets/dataset_cropped/09_Metas/09/16/20190909161400_00160.jpg,datasets_flow/dataset_cropped/09_Metas/09/16/20190909161400_00160.jpg,datasets_cloudmask/dataset_cropped/09_Metas/09/16/20190909161400_00160.png,681.4,502.2,363.9,24.9,960
9/9/2019 16:15,datasets/dataset_cropped/09_Metas/09/16/20190909161500_00160.jpg,datasets_flow/dataset_cropped/09_Metas/09/16/20190909161500_00160.jpg,datasets_cloudmask/dataset_cropped/09_Metas/09/16/20190909161500_00160.png,525.7,264.7,361,25.3,960
9/9/2019 16:16,datasets/dataset_cropped/09_Metas/09/16/20190909161600_00160.jpg,datasets_flow/dataset_cropped/09_Metas/09/16/20190909161600_00160.jpg,datasets_cloudmask/dataset_cropped/09_Metas/09/16/20190909161600_00160.png,646.3,486.9,348.6,25.6,960
9/9/2019 16:17,datasets/dataset_cropped/09_Metas/09/16/20190909161700_00160.jpg,datasets_flow/dataset_cropped/09_Metas/09/16/20190909161700_00160.jpg,datasets_cloudmask/dataset_cropped/09_Metas/09/16/20190909161700_00160.png,722.5,646.3,331.3,25.7,960
9/9/2019 16:18,datasets/dataset_cropped/09_Metas/09/16/20190909161800_00160.jpg,datasets_flow/dataset_cropped/09_Metas/09/16/20190909161800_00160.jpg,datasets_cloudmask/dataset_cropped/09_Metas/09/16/20190909161800_00160.png,759.7,754.9,305.1,25.9,960
9/9/2019 16:19,datasets/dataset_cropped/09_Metas/09/16/20190909161900_00160.jpg,datasets_flow/dataset_cropped/09_Metas/09/16/20190909161900_00160.jpg,datasets_cloudmask/dataset_cropped/09_Metas/09/16/20190909161900_00160.png,719.7,728.6,282.4,25.7,960
9/9/2019 16:20,datasets/dataset_cropped/09_Metas/09/16/20190909162000_00160.jpg,datasets_flow/dataset_cropped/09_Metas/09/16/20190909162000_00160.jpg,datasets_cloudmask/dataset_cropped/09_Metas/09/16/20190909162000_00160.png,717.6,752.3,268.5,26,960
9/9/2019 16:21,datasets/dataset_cropped/09_Metas/09/16/20190909162100_00160.jpg,datasets_flow/dataset_cropped/09_Metas/09/16/20190909162100_00160.jpg,datasets_cloudmask/dataset_cropped/09_Metas/09/16/20190909162100_00160.png,686.5,722.8,256.4,26.5,960
9/9/2019 16:22,datasets/dataset_cropped/09_Metas/09/16/20190909162200_00160.jpg,datasets_flow/dataset_cropped/09_Metas/09/16/20190909162200_00160.jpg,datasets_cloudmask/dataset_cropped/09_Metas/09/16/20190909162200_00160.png,508.1,439.1,249.2,26.3,960
9/9/2019 16:23,datasets/dataset_cropped/09_Metas/09/16/20190909162300_00160.jpg,datasets_flow/dataset_cropped/09_Metas/09/16/20190909162300_00160.jpg,datasets_cloudmask/dataset_cropped/09_Metas/09/16/20190909162300_00160.png,573.7,550.5,247.6,26.4,960
9/9/2019 16:24,datasets/dataset_cropped/09_Metas/09/16/20190909162400_00160.jpg,datasets_flow/dataset_cropped/09_Metas/09/16/20190909162400_00160.jpg,datasets_cloudmask/dataset_cropped/09_Metas/09/16/20190909162400_00160.png,589.2,594.6,238.9,26,960
9/9/2019 16:25,datasets/dataset_cropped/09_Metas/09/16/20190909162500_00160.jpg,datasets_flow/dataset_cropped/09_Metas/09/16/20190909162500_00160.jpg,datasets_cloudmask/dataset_cropped/09_Metas/09/16/20190909162500_00160.png,646.2,726.1,221.4,25.8,960
9/9/2019 16:26,datasets/dataset_cropped/09_Metas/09/16/20190909162600_00160.jpg,datasets_flow/dataset_cropped/09_Metas/09/16/20190909162600_00160.jpg,datasets_cloudmask/dataset_cropped/09_Metas/09/16/20190909162600_00160.png,643.8,746,210.1,25.9,960
9/9/2019 16:27,datasets/dataset_cropped/09_Metas/09/16/20190909162700_00160.jpg,datasets_flow/dataset_cropped/09_Metas/09/16/20190909162700_00160.jpg,datasets_cloudmask/dataset_cropped/09_Metas/09/16/20190909162700_00160.png,641,747.4,208.3,26.1,960
9/9/2019 16:28,datasets/dataset_cropped/09_Metas/09/16/20190909162800_00160.jpg,datasets_flow/dataset_cropped/09_Metas/09/16/20190909162800_00160.jpg,datasets_cloudmask/dataset_cropped/09_Metas/09/16/20190909162800_00160.png,643.3,748.5,212.2,26.6,960
9/9/2019 16:29,datasets/dataset_cropped/09_Metas/09/16/20190909162900_00160.jpg,datasets_flow/dataset_cropped/09_Metas/09/16/20190909162900_00160.jpg,datasets_cloudmask/dataset_cropped/09_Metas/09/16/20190909162900_00160.png,493.6,491.2,215.4,26.8,960
9/9/2019 16:30,datasets/dataset_cropped/09_Metas/09/16/20190909163000_00160.jpg,datasets_flow/dataset_cropped/09_Metas/09/16/20190909163000_00160.jpg,datasets_cloudmask/dataset_cropped/09_Metas/09/16/20190909163000_00160.png,487.8,462.5,220.2,26.8,960
9/9/2019 16:31,datasets/dataset_cropped/09_Metas/09/16/20190909163100_00160.jpg,datasets_flow/dataset_cropped/09_Metas/09/16/20190909163100_00160.jpg,datasets_cloudmask/dataset_cropped/09_Metas/09/16/20190909163100_00160.png,306.4,159.5,213.8,26.9,960
9/9/2019 16:32,datasets/dataset_cropped/09_Metas/09/16/20190909163200_00160.jpg,datasets_flow/dataset_cropped/09_Metas/09/16/20190909163200_00160.jpg,datasets_cloudmask/dataset_cropped/09_Metas/09/16/20190909163200_00160.png,208.2,8.8,202.1,26.8,960
9/9/2019 16:33,datasets/dataset_cropped/09_Metas/09/16/20190909163300_00160.jpg,datasets_flow/dataset_cropped/09_Metas/09/16/20190909163300_00160.jpg,datasets_cloudmask/dataset_cropped/09_Metas/09/16/20190909163300_00160.png,205.6,2.6,202.8,26.5,960
9/9/2019 16:34,datasets/dataset_cropped/09_Metas/09/16/20190909163400_00160.jpg,datasets_flow/dataset_cropped/09_Metas/09/16/20190909163400_00160.jpg,datasets_cloudmask/dataset_cropped/09_Metas/09/16/20190909163400_00160.png,226.6,15.6,216.3,25.9,960
9/9/2019 16:35,datasets/dataset_cropped/09_Metas/09/16/20190909163500_00160.jpg,datasets_flow/dataset_cropped/09_Metas/09/16/20190909163500_00160.jpg,datasets_cloudmask/dataset_cropped/09_Metas/09/16/20190909163500_00160.png,279.3,72,235.8,25.6,960
9/9/2019 16:36,datasets/dataset_cropped/09_Metas/09/16/20190909163600_00160.jpg,datasets_flow/dataset_cropped/09_Metas/09/16/20190909163600_00160.jpg,datasets_cloudmask/dataset_cropped/09_Metas/09/16/20190909163600_00160.png,446,335.3,255.8,25.4,960
9/9/2019 16:37,datasets/dataset_cropped/09_Metas/09/16/20190909163700_00160.jpg,datasets_flow/dataset_cropped/09_Metas/09/16/20190909163700_00160.jpg,datasets_cloudmask/dataset_cropped/09_Metas/09/16/20190909163700_00160.png,409,260.6,262.1,25.4,960
9/9/2019 16:38,datasets/dataset_cropped/09_Metas/09/16/20190909163800_00160.jpg,datasets_flow/dataset_cropped/09_Metas/09/16/20190909163800_00160.jpg,datasets_cloudmask/dataset_cropped/09_Metas/09/16/20190909163800_00160.png,409.2,260,263.7,25.5,960
9/9/2019 16:39,datasets/dataset_cropped/09_Metas/09/16/20190909163900_00160.jpg,datasets_flow/dataset_cropped/09_Metas/09/16/20190909163900_00160.jpg,datasets_cloudmask/dataset_cropped/09_Metas/09/16/20190909163900_00160.png,328.1,117.9,262,25.7,960
9/9/2019 16:40,datasets/dataset_cropped/09_Metas/09/16/20190909164000_00160.jpg,datasets_flow/dataset_cropped/09_Metas/09/16/20190909164000_00160.jpg,datasets_cloudmask/dataset_cropped/09_Metas/09/16/20190909164000_00160.png,285,40,261.7,26,960
9/9/2019 16:41,datasets/dataset_cropped/09_Metas/09/16/20190909164100_00160.jpg,datasets_flow/dataset_cropped/09_Metas/09/16/20190909164100_00160.jpg,datasets_cloudmask/dataset_cropped/09_Metas/09/16/20190909164100_00160.png,306.7,79,262.3,25.9,960
9/9/2019 16:42,datasets/dataset_cropped/09_Metas/09/16/20190909164200_00160.jpg,datasets_flow/dataset_cropped/09_Metas/09/16/20190909164200_00160.jpg,datasets_cloudmask/dataset_cropped/09_Metas/09/16/20190909164200_00160.png,315.3,85.6,266.9,25.7,960
9/9/2019 16:43,datasets/dataset_cropped/09_Metas/09/16/20190909164300_00160.jpg,datasets_flow/dataset_cropped/09_Metas/09/16/20190909164300_00160.jpg,datasets_cloudmask/dataset_cropped/09_Metas/09/16/20190909164300_00160.png,303.2,42.4,278,25.7,960
9/9/2019 16:44,datasets/dataset_cropped/09_Metas/09/16/20190909164400_00160.jpg,datasets_flow/dataset_cropped/09_Metas/09/16/20190909164400_00160.jpg,datasets_cloudmask/dataset_cropped/09_Metas/09/16/20190909164400_00160.png,308.7,28.4,291.6,25.7,960
9/9/2019 16:45,datasets/dataset_cropped/09_Metas/09/16/20190909164500_00160.jpg,datasets_flow/dataset_cropped/09_Metas/09/16/20190909164500_00160.jpg,datasets_cloudmask/dataset_cropped/09_Metas/09/16/20190909164500_00160.png,306.9,13.6,298.5,25.6,960
9/9/2019 16:46,datasets/dataset_cropped/09_Metas/09/16/20190909164600_00160.jpg,datasets_flow/dataset_cropped/09_Metas/09/16/20190909164600_00160.jpg,datasets_cloudmask/dataset_cropped/09_Metas/09/16/20190909164600_00160.png,309.3,22.1,296.5,25.7,960
9/9/2019 16:47,datasets/dataset_cropped/09_Metas/09/16/20190909164700_00160.jpg,datasets_flow/dataset_cropped/09_Metas/09/16/20190909164700_00160.jpg,datasets_cloudmask/dataset_cropped/09_Metas/09/16/20190909164700_00160.png,311.4,43.5,287,25.8,960
9/9/2019 16:48,datasets/dataset_cropped/09_Metas/09/16/20190909164800_00160.jpg,datasets_flow/dataset_cropped/09_Metas/09/16/20190909164800_00160.jpg,datasets_cloudmask/dataset_cropped/09_Metas/09/16/20190909164800_00160.png,345.5,134.2,274.1,25.7,960
9/9/2019 16:49,datasets/dataset_cropped/09_Metas/09/16/20190909164900_00160.jpg,datasets_flow/dataset_cropped/09_Metas/09/16/20190909164900_00160.jpg,datasets_cloudmask/dataset_cropped/09_Metas/09/16/20190909164900_00160.png,276.9,38.6,256.4,25.5,960
9/9/2019 16:50,datasets/dataset_cropped/09_Metas/09/16/20190909165000_00160.jpg,datasets_flow/dataset_cropped/09_Metas/09/16/20190909165000_00160.jpg,datasets_cloudmask/dataset_cropped/09_Metas/09/16/20190909165000_00160.png,243,16.4,234.4,25.5,960
9/9/2019 16:51,datasets/dataset_cropped/09_Metas/09/16/20190909165100_00160.jpg,datasets_flow/dataset_cropped/09_Metas/09/16/20190909165100_00160.jpg,datasets_cloudmask/dataset_cropped/09_Metas/09/16/20190909165100_00160.png,219.5,2.1,218.3,25.6,960
9/9/2019 16:52,datasets/dataset_cropped/09_Metas/09/16/20190909165200_00160.jpg,datasets_flow/dataset_cropped/09_Metas/09/16/20190909165200_00160.jpg,datasets_cloudmask/dataset_cropped/09_Metas/09/16/20190909165200_00160.png,209,1.2,208.2,25.7,960
9/9/2019 16:53,datasets/dataset_cropped/09_Metas/09/16/20190909165300_00160.jpg,datasets_flow/dataset_cropped/09_Metas/09/16/20190909165300_00160.jpg,datasets_cloudmask/dataset_cropped/09_Metas/09/16/20190909165300_00160.png,203.9,1.1,203.2,25.6,960
9/9/2019 16:54,datasets/dataset_cropped/09_Metas/09/16/20190909165400_00160.jpg,datasets_flow/dataset_cropped/09_Metas/09/16/20190909165400_00160.jpg,datasets_cloudmask/dataset_cropped/09_Metas/09/16/20190909165400_00160.png,200.4,1.2,199.6,25.4,960
9/9/2019 16:55,datasets/dataset_cropped/09_Metas/09/16/20190909165500_00160.jpg,datasets_flow/dataset_cropped/09_Metas/09/16/20190909165500_00160.jpg,datasets_cloudmask/dataset_cropped/09_Metas/09/16/20190909165500_00160.png,197.5,1.4,196.4,25.3,960
9/9/2019 16:56,datasets/dataset_cropped/09_Metas/09/16/20190909165600_00160.jpg,datasets_flow/dataset_cropped/09_Metas/09/16/20190909165600_00160.jpg,datasets_cloudmask/dataset_cropped/09_Metas/09/16/20190909165600_00160.png,198,2.3,196.3,25.6,960
9/9/2019 16:57,datasets/dataset_cropped/09_Metas/09/16/20190909165700_00160.jpg,datasets_flow/dataset_cropped/09_Metas/09/16/20190909165700_00160.jpg,datasets_cloudmask/dataset_cropped/09_Metas/09/16/20190909165700_00160.png,200.3,4.7,197.2,25.9,960
9/9/2019 16:58,datasets/dataset_cropped/09_Metas/09/16/20190909165800_00160.jpg,datasets_flow/dataset_cropped/09_Metas/09/16/20190909165800_00160.jpg,datasets_cloudmask/dataset_cropped/09_Metas/09/16/20190909165800_00160.png,203.6,7.1,199.1,25.9,960
9/9/2019 16:59,datasets/dataset_cropped/09_Metas/09/16/20190909165900_00160.jpg,datasets_flow/dataset_cropped/09_Metas/09/16/20190909165900_00160.jpg,datasets_cloudmask/dataset_cropped/09_Metas/09/16/20190909165900_00160.png,207.7,16.4,198.4,25.8,960
9/9/2019 17:00,datasets/dataset_cropped/09_Metas/09/17/20190909170000_00160.jpg,datasets_flow/dataset_cropped/09_Metas/09/17/20190909170000_00160.jpg,datasets_cloudmask/dataset_cropped/09_Metas/09/17/20190909170000_00160.png,205.8,22.2,194.2,25.5,960
9/9/2019 17:01,datasets/dataset_cropped/09_Metas/09/17/20190909170100_00160.jpg,datasets_flow/dataset_cropped/09_Metas/09/17/20190909170100_00160.jpg,datasets_cloudmask/dataset_cropped/09_Metas/09/17/20190909170100_00160.png,190.8,14.1,183.1,25.5,960
9/9/2019 17:02,datasets/dataset_cropped/09_Metas/09/17/20190909170200_00160.jpg,datasets_flow/dataset_cropped/09_Metas/09/17/20190909170200_00160.jpg,datasets_cloudmask/dataset_cropped/09_Metas/09/17/20190909170200_00160.png,176.7,1.7,175.3,25.6,960
9/9/2019 17:03,datasets/dataset_cropped/09_Metas/09/17/20190909170300_00160.jpg,datasets_flow/dataset_cropped/09_Metas/09/17/20190909170300_00160.jpg,datasets_cloudmask/dataset_cropped/09_Metas/09/17/20190909170300_00160.png,173.6,0.4,173,25.7,960
9/9/2019 17:04,datasets/dataset_cropped/09_Metas/09/17/20190909170400_00160.jpg,datasets_flow/dataset_cropped/09_Metas/09/17/20190909170400_00160.jpg,datasets_cloudmask/dataset_cropped/09_Metas/09/17/20190909170400_00160.png,172.5,0.4,171.9,25.6,960
9/9/2019 17:05,datasets/dataset_cropped/09_Metas/09/17/20190909170500_00160.jpg,datasets_flow/dataset_cropped/09_Metas/09/17/20190909170500_00160.jpg,datasets_cloudmask/dataset_cropped/09_Metas/09/17/20190909170500_00160.png,172.2,0.4,171.6,25.6,960
9/9/2019 17:06,datasets/dataset_cropped/09_Metas/09/17/20190909170600_00160.jpg,datasets_flow/dataset_cropped/09_Metas/09/17/20190909170600_00160.jpg,datasets_cloudmask/dataset_cropped/09_Metas/09/17/20190909170600_00160.png,171.9,0.8,171.3,25.6,960
9/9/2019 17:07,datasets/dataset_cropped/09_Metas/09/17/20190909170700_00160.jpg,datasets_flow/dataset_cropped/09_Metas/09/17/20190909170700_00160.jpg,datasets_cloudmask/dataset_cropped/09_Metas/09/17/20190909170700_00160.png,171.6,3.1,170.2,25.5,960
9/9/2019 17:08,datasets/dataset_cropped/09_Metas/09/17/20190909170800_00160.jpg,datasets_flow/dataset_cropped/09_Metas/09/17/20190909170800_00160.jpg,datasets_cloudmask/dataset_cropped/09_Metas/09/17/20190909170800_00160.png,169.5,5,167.6,25.6,960
9/9/2019 17:09,datasets/dataset_cropped/09_Metas/09/17/20190909170900_00160.jpg,datasets_flow/dataset_cropped/09_Metas/09/17/20190909170900_00160.jpg,datasets_cloudmask/dataset_cropped/09_Metas/09/17/20190909170900_00160.png,168.1,10.4,163.8,25.6,960
9/9/2019 17:10,datasets/dataset_cropped/09_Metas/09/17/20190909171000_00160.jpg,datasets_flow/dataset_cropped/09_Metas/09/17/20190909171000_00160.jpg,datasets_cloudmask/dataset_cropped/09_Metas/09/17/20190909171000_00160.png,165.1,8.5,161.5,25.6,960
9/9/2019 17:11,datasets/dataset_cropped/09_Metas/09/17/20190909171100_00160.jpg,datasets_flow/dataset_cropped/09_Metas/09/17/20190909171100_00160.jpg,datasets_cloudmask/dataset_cropped/09_Metas/09/17/20190909171100_00160.png,161.5,3.1,160.4,25.9,960
9/9/2019 17:12,datasets/dataset_cropped/09_Metas/09/17/20190909171200_00160.jpg,datasets_flow/dataset_cropped/09_Metas/09/17/20190909171200_00160.jpg,datasets_cloudmask/dataset_cropped/09_Metas/09/17/20190909171200_00160.png,159.6,1.3,159.5,26.1,960
9/9/2019 17:13,datasets/dataset_cropped/09_Metas/09/17/20190909171300_00160.jpg,datasets_flow/dataset_cropped/09_Metas/09/17/20190909171300_00160.jpg,datasets_cloudmask/dataset_cropped/09_Metas/09/17/20190909171300_00160.png,158.7,1.1,158.7,26.2,960
9/9/2019 17:14,datasets/dataset_cropped/09_Metas/09/17/20190909171400_00160.jpg,datasets_flow/dataset_cropped/09_Metas/09/17/20190909171400_00160.jpg,datasets_cloudmask/dataset_cropped/09_Metas/09/17/20190909171400_00160.png,158.4,0.9,158.4,26.4,960
9/9/2019 17:15,datasets/dataset_cropped/09_Metas/09/17/20190909171500_00160.jpg,datasets_flow/dataset_cropped/09_Metas/09/17/20190909171500_00160.jpg,datasets_cloudmask/dataset_cropped/09_Metas/09/17/20190909171500_00160.png,159,1,159,26.2,960
9/9/2019 17:16,datasets/dataset_cropped/09_Metas/09/17/20190909171600_00160.jpg,datasets_flow/dataset_cropped/09_Metas/09/17/20190909171600_00160.jpg,datasets_cloudmask/dataset_cropped/09_Metas/09/17/20190909171600_00160.png,160.6,1.2,160.7,26.1,960
9/9/2019 17:17,datasets/dataset_cropped/09_Metas/09/17/20190909171700_00160.jpg,datasets_flow/dataset_cropped/09_Metas/09/17/20190909171700_00160.jpg,datasets_cloudmask/dataset_cropped/09_Metas/09/17/20190909171700_00160.png,164.5,1.4,164.6,26.2,960
9/9/2019 17:18,datasets/dataset_cropped/09_Metas/09/17/20190909171800_00160.jpg,datasets_flow/dataset_cropped/09_Metas/09/17/20190909171800_00160.jpg,datasets_cloudmask/dataset_cropped/09_Metas/09/17/20190909171800_00160.png,170.9,1.9,170.5,26.3,960
9/9/2019 17:19,datasets/dataset_cropped/09_Metas/09/17/20190909171900_00160.jpg,datasets_flow/dataset_cropped/09_Metas/09/17/20190909171900_00160.jpg,datasets_cloudmask/dataset_cropped/09_Metas/09/17/20190909171900_00160.png,178.9,2.3,178.2,26.6,960
9/9/2019 17:20,datasets/dataset_cropped/09_Metas/09/17/20190909172000_00160.jpg,datasets_flow/dataset_cropped/09_Metas/09/17/20190909172000_00160.jpg,datasets_cloudmask/dataset_cropped/09_Metas/09/17/20190909172000_00160.png,187,3.4,185.9,26.7,960
9/9/2019 17:21,datasets/dataset_cropped/09_Metas/09/17/20190909172100_00160.jpg,datasets_flow/dataset_cropped/09_Metas/09/17/20190909172100_00160.jpg,datasets_cloudmask/dataset_cropped/09_Metas/09/17/20190909172100_00160.png,194.4,8.6,191.2,26.6,960
9/9/2019 17:22,datasets/dataset_cropped/09_Metas/09/17/20190909172200_00160.jpg,datasets_flow/dataset_cropped/09_Metas/09/17/20190909172200_00160.jpg,datasets_cloudmask/dataset_cropped/09_Metas/09/17/20190909172200_00160.png,206.7,31.5,194.4,26.6,960
9/9/2019 17:23,datasets/dataset_cropped/09_Metas/09/17/20190909172300_00160.jpg,datasets_flow/dataset_cropped/09_Metas/09/17/20190909172300_00160.jpg,datasets_cloudmask/dataset_cropped/09_Metas/09/17/20190909172300_00160.png,208.2,28.1,196.9,26.7,960
9/9/2019 17:24,datasets/dataset_cropped/09_Metas/09/17/20190909172400_00160.jpg,datasets_flow/dataset_cropped/09_Metas/09/17/20190909172400_00160.jpg,datasets_cloudmask/dataset_cropped/09_Metas/09/17/20190909172400_00160.png,300.5,250.5,196.4,26.8,960
9/9/2019 17:25,datasets/dataset_cropped/09_Metas/09/17/20190909172500_00160.jpg,datasets_flow/dataset_cropped/09_Metas/09/17/20190909172500_00160.jpg,datasets_cloudmask/dataset_cropped/09_Metas/09/17/20190909172500_00160.png,335.2,344.6,194.8,26.7,960
9/9/2019 17:26,datasets/dataset_cropped/09_Metas/09/17/20190909172600_00160.jpg,datasets_flow/dataset_cropped/09_Metas/09/17/20190909172600_00160.jpg,datasets_cloudmask/dataset_cropped/09_Metas/09/17/20190909172600_00160.png,296.1,258.9,192.5,26.7,960
9/9/2019 17:27,datasets/dataset_cropped/09_Metas/09/17/20190909172700_00160.jpg,datasets_flow/dataset_cropped/09_Metas/09/17/20190909172700_00160.jpg,datasets_cloudmask/dataset_cropped/09_Metas/09/17/20190909172700_00160.png,337.5,368.5,191.3,26.6,960
9/9/2019 17:28,datasets/dataset_cropped/09_Metas/09/17/20190909172800_00160.jpg,datasets_flow/dataset_cropped/09_Metas/09/17/20190909172800_00160.jpg,datasets_cloudmask/dataset_cropped/09_Metas/09/17/20190909172800_00160.png,345,392.1,191.7,26.5,960
9/9/2019 17:29,datasets/dataset_cropped/09_Metas/09/17/20190909172900_00160.jpg,datasets_flow/dataset_cropped/09_Metas/09/17/20190909172900_00160.jpg,datasets_cloudmask/dataset_cropped/09_Metas/09/17/20190909172900_00160.png,354,414.6,191.7,26.6,960
9/9/2019 17:30,datasets/dataset_cropped/09_Metas/09/17/20190909173000_00160.jpg,datasets_flow/dataset_cropped/09_Metas/09/17/20190909173000_00160.jpg,datasets_cloudmask/dataset_cropped/09_Metas/09/17/20190909173000_00160.png,326.9,348.1,192.9,26.9,960
9/9/2019 17:31,datasets/dataset_cropped/09_Metas/09/17/20190909173100_00160.jpg,datasets_flow/dataset_cropped/09_Metas/09/17/20190909173100_00160.jpg,datasets_cloudmask/dataset_cropped/09_Metas/09/17/20190909173100_00160.png,199.2,23.5,191.1,27.1,960
9/9/2019 17:32,datasets/dataset_cropped/09_Metas/09/17/20190909173200_00160.jpg,datasets_flow/dataset_cropped/09_Metas/09/17/20190909173200_00160.jpg,datasets_cloudmask/dataset_cropped/09_Metas/09/17/20190909173200_00160.png,191.5,11.1,188.3,27.1,960
9/9/2019 17:33,datasets/dataset_cropped/09_Metas/09/17/20190909173300_00160.jpg,datasets_flow/dataset_cropped/09_Metas/09/17/20190909173300_00160.jpg,datasets_cloudmask/dataset_cropped/09_Metas/09/17/20190909173300_00160.png,232.4,125.8,185.8,27.1,960
9/9/2019 17:34,datasets/dataset_cropped/09_Metas/09/17/20190909173400_00160.jpg,datasets_flow/dataset_cropped/09_Metas/09/17/20190909173400_00160.jpg,datasets_cloudmask/dataset_cropped/09_Metas/09/17/20190909173400_00160.png,249.6,169.8,185.1,27,960
9/9/2019 17:35,datasets/dataset_cropped/09_Metas/09/17/20190909173500_00160.jpg,datasets_flow/dataset_cropped/09_Metas/09/17/20190909173500_00160.jpg,datasets_cloudmask/dataset_cropped/09_Metas/09/17/20190909173500_00160.png,201.2,37,187.7,27,960
9/9/2019 17:36,datasets/dataset_cropped/09_Metas/09/17/20190909173600_00160.jpg,datasets_flow/dataset_cropped/09_Metas/09/17/20190909173600_00160.jpg,datasets_cloudmask/dataset_cropped/09_Metas/09/17/20190909173600_00160.png,223.4,89.6,191,26.9,960
9/9/2019 17:37,datasets/dataset_cropped/09_Metas/09/17/20190909173700_00160.jpg,datasets_flow/dataset_cropped/09_Metas/09/17/20190909173700_00160.jpg,datasets_cloudmask/dataset_cropped/09_Metas/09/17/20190909173700_00160.png,196.2,13.7,191.8,26.7,960
9/9/2019 17:38,datasets/dataset_cropped/09_Metas/09/17/20190909173800_00160.jpg,datasets_flow/dataset_cropped/09_Metas/09/17/20190909173800_00160.jpg,datasets_cloudmask/dataset_cropped/09_Metas/09/17/20190909173800_00160.png,191.3,2.7,191.1,26.6,960
9/9/2019 17:39,datasets/dataset_cropped/09_Metas/09/17/20190909173900_00160.jpg,datasets_flow/dataset_cropped/09_Metas/09/17/20190909173900_00160.jpg,datasets_cloudmask/dataset_cropped/09_Metas/09/17/20190909173900_00160.png,189.7,1.2,190.2,26.8,960
9/9/2019 17:40,datasets/dataset_cropped/09_Metas/09/17/20190909174000_00160.jpg,datasets_flow/dataset_cropped/09_Metas/09/17/20190909174000_00160.jpg,datasets_cloudmask/dataset_cropped/09_Metas/09/17/20190909174000_00160.png,190.5,1.2,191,26.8,960
9/9/2019 17:41,datasets/dataset_cropped/09_Metas/09/17/20190909174100_00160.jpg,datasets_flow/dataset_cropped/09_Metas/09/17/20190909174100_00160.jpg,datasets_cloudmask/dataset_cropped/09_Metas/09/17/20190909174100_00160.png,194.8,1.5,195.3,26.9,960
9/9/2019 17:42,datasets/dataset_cropped/09_Metas/09/17/20190909174200_00160.jpg,datasets_flow/dataset_cropped/09_Metas/09/17/20190909174200_00160.jpg,datasets_cloudmask/dataset_cropped/09_Metas/09/17/20190909174200_00160.png,198.4,1.7,198.9,26.9,960
9/9/2019 17:43,datasets/dataset_cropped/09_Metas/09/17/20190909174300_00160.jpg,datasets_flow/dataset_cropped/09_Metas/09/17/20190909174300_00160.jpg,datasets_cloudmask/dataset_cropped/09_Metas/09/17/20190909174300_00160.png,197.5,0.8,198.3,26.9,960
9/9/2019 17:44,datasets/dataset_cropped/09_Metas/09/17/20190909174400_00160.jpg,datasets_flow/dataset_cropped/09_Metas/09/17/20190909174400_00160.jpg,datasets_cloudmask/dataset_cropped/09_Metas/09/17/20190909174400_00160.png,194.9,0.1,195.9,27,960
9/9/2019 17:45,datasets/dataset_cropped/09_Metas/09/17/20190909174500_00160.jpg,datasets_flow/dataset_cropped/09_Metas/09/17/20190909174500_00160.jpg,datasets_cloudmask/dataset_cropped/09_Metas/09/17/20190909174500_00160.png,191.6,0,192.6,27.1,960
9/9/2019 17:46,datasets/dataset_cropped/09_Metas/09/17/20190909174600_00160.jpg,datasets_flow/dataset_cropped/09_Metas/09/17/20190909174600_00160.jpg,datasets_cloudmask/dataset_cropped/09_Metas/09/17/20190909174600_00160.png,184.8,0,185.8,27.1,960
9/9/2019 17:47,datasets/dataset_cropped/09_Metas/09/17/20190909174700_00160.jpg,datasets_flow/dataset_cropped/09_Metas/09/17/20190909174700_00160.jpg,datasets_cloudmask/dataset_cropped/09_Metas/09/17/20190909174700_00160.png,173.1,0,173.9,27.1,960
9/9/2019 17:48,datasets/dataset_cropped/09_Metas/09/17/20190909174800_00160.jpg,datasets_flow/dataset_cropped/09_Metas/09/17/20190909174800_00160.jpg,datasets_cloudmask/dataset_cropped/09_Metas/09/17/20190909174800_00160.png,157.3,0,158.1,27.2,960
9/9/2019 17:49,datasets/dataset_cropped/09_Metas/09/17/20190909174900_00160.jpg,datasets_flow/dataset_cropped/09_Metas/09/17/20190909174900_00160.jpg,datasets_cloudmask/dataset_cropped/09_Metas/09/17/20190909174900_00160.png,140.2,0,141,27.2,960
9/9/2019 17:50,datasets/dataset_cropped/09_Metas/09/17/20190909175000_00160.jpg,datasets_flow/dataset_cropped/09_Metas/09/17/20190909175000_00160.jpg,datasets_cloudmask/dataset_cropped/09_Metas/09/17/20190909175000_00160.png,124.8,0,125.5,26.9,960
9/9/2019 17:51,datasets/dataset_cropped/09_Metas/09/17/20190909175100_00160.jpg,datasets_flow/dataset_cropped/09_Metas/09/17/20190909175100_00160.jpg,datasets_cloudmask/dataset_cropped/09_Metas/09/17/20190909175100_00160.png,113.5,0,114,26.7,960
9/9/2019 17:52,datasets/dataset_cropped/09_Metas/09/17/20190909175200_00160.jpg,datasets_flow/dataset_cropped/09_Metas/09/17/20190909175200_00160.jpg,datasets_cloudmask/dataset_cropped/09_Metas/09/17/20190909175200_00160.png,105.6,0,106.1,26.6,960
9/9/2019 17:53,datasets/dataset_cropped/09_Metas/09/17/20190909175300_00160.jpg,datasets_flow/dataset_cropped/09_Metas/09/17/20190909175300_00160.jpg,datasets_cloudmask/dataset_cropped/09_Metas/09/17/20190909175300_00160.png,99.7,0,100.2,26.8,960
9/9/2019 17:54,datasets/dataset_cropped/09_Metas/09/17/20190909175400_00160.jpg,datasets_flow/dataset_cropped/09_Metas/09/17/20190909175400_00160.jpg,datasets_cloudmask/dataset_cropped/09_Metas/09/17/20190909175400_00160.png,95.2,0,95.8,26.7,960
9/9/2019 17:55,datasets/dataset_cropped/09_Metas/09/17/20190909175500_00160.jpg,datasets_flow/dataset_cropped/09_Metas/09/17/20190909175500_00160.jpg,datasets_cloudmask/dataset_cropped/09_Metas/09/17/20190909175500_00160.png,91.2,0,91.8,26.6,960
9/9/2019 17:56,datasets/dataset_cropped/09_Metas/09/17/20190909175600_00160.jpg,datasets_flow/dataset_cropped/09_Metas/09/17/20190909175600_00160.jpg,datasets_cloudmask/dataset_cropped/09_Metas/09/17/20190909175600_00160.png,87.2,0,87.6,26.5,960
9/9/2019 17:57,datasets/dataset_cropped/09_Metas/09/17/20190909175700_00160.jpg,datasets_flow/dataset_cropped/09_Metas/09/17/20190909175700_00160.jpg,datasets_cloudmask/dataset_cropped/09_Metas/09/17/20190909175700_00160.png,83.2,0,83.6,26.5,960
9/9/2019 17:58,datasets/dataset_cropped/09_Metas/09/17/20190909175800_00160.jpg,datasets_flow/dataset_cropped/09_Metas/09/17/20190909175800_00160.jpg,datasets_cloudmask/dataset_cropped/09_Metas/09/17/20190909175800_00160.png,79.2,0,79.6,26.4,960
9/9/2019 17:59,datasets/dataset_cropped/09_Metas/09/17/20190909175900_00160.jpg,datasets_flow/dataset_cropped/09_Metas/09/17/20190909175900_00160.jpg,datasets_cloudmask/dataset_cropped/09_Metas/09/17/20190909175900_00160.png,75.3,0,75.6,26.4,960
9/9/2019 18:00,datasets/dataset_cropped/09_Metas/09/18/20190909180000_00160.jpg,datasets_flow/dataset_cropped/09_Metas/09/18/20190909180000_00160.jpg,datasets_cloudmask/dataset_cropped/09_Metas/09/18/20190909180000_00160.png,72.5,0,72.9,26.4,960
9/9/2019 18:01,datasets/dataset_cropped/09_Metas/09/18/20190909180100_00160.jpg,datasets_flow/dataset_cropped/09_Metas/09/18/20190909180100_00160.jpg,datasets_cloudmask/dataset_cropped/09_Metas/09/18/20190909180100_00160.png,71.4,0,71.8,26.4,960
9/9/2019 18:02,datasets/dataset_cropped/09_Metas/09/18/20190909180200_00160.jpg,datasets_flow/dataset_cropped/09_Metas/09/18/20190909180200_00160.jpg,datasets_cloudmask/dataset_cropped/09_Metas/09/18/20190909180200_00160.png,71.4,0,71.7,26.4,960
9/9/2019 18:03,datasets/dataset_cropped/09_Metas/09/18/20190909180300_00160.jpg,datasets_flow/dataset_cropped/09_Metas/09/18/20190909180300_00160.jpg,datasets_cloudmask/dataset_cropped/09_Metas/09/18/20190909180300_00160.png,71.2,0,71.4,26.3,960
9/9/2019 18:04,datasets/dataset_cropped/09_Metas/09/18/20190909180400_00160.jpg,datasets_flow/dataset_cropped/09_Metas/09/18/20190909180400_00160.jpg,datasets_cloudmask/dataset_cropped/09_Metas/09/18/20190909180400_00160.png,71.3,0,71.6,26.4,960
9/9/2019 18:05,datasets/dataset_cropped/09_Metas/09/18/20190909180500_00160.jpg,datasets_flow/dataset_cropped/09_Metas/09/18/20190909180500_00160.jpg,datasets_cloudmask/dataset_cropped/09_Metas/09/18/20190909180500_00160.png,72.2,0,72.5,26.3,960
9/9/2019 18:06,datasets/dataset_cropped/09_Metas/09/18/20190909180600_00160.jpg,datasets_flow/dataset_cropped/09_Metas/09/18/20190909180600_00160.jpg,datasets_cloudmask/dataset_cropped/09_Metas/09/18/20190909180600_00160.png,73.3,0,73.6,26.2,960
9/9/2019 18:07,datasets/dataset_cropped/09_Metas/09/18/20190909180700_00160.jpg,datasets_flow/dataset_cropped/09_Metas/09/18/20190909180700_00160.jpg,datasets_cloudmask/dataset_cropped/09_Metas/09/18/20190909180700_00160.png,75.5,0,75.8,26.2,960
9/9/2019 18:08,datasets/dataset_cropped/09_Metas/09/18/20190909180800_00160.jpg,datasets_flow/dataset_cropped/09_Metas/09/18/20190909180800_00160.jpg,datasets_cloudmask/dataset_cropped/09_Metas/09/18/20190909180800_00160.png,79,0,79.3,26.2,960
9/9/2019 18:09,datasets/dataset_cropped/09_Metas/09/18/20190909180900_00160.jpg,datasets_flow/dataset_cropped/09_Metas/09/18/20190909180900_00160.jpg,datasets_cloudmask/dataset_cropped/09_Metas/09/18/20190909180900_00160.png,82.5,0,82.9,26.2,960
9/9/2019 18:10,datasets/dataset_cropped/09_Metas/09/18/20190909181000_00160.jpg,datasets_flow/dataset_cropped/09_Metas/09/18/20190909181000_00160.jpg,datasets_cloudmask/dataset_cropped/09_Metas/09/18/20190909181000_00160.png,85,0,85.4,26.2,960
9/9/2019 18:11,datasets/dataset_cropped/09_Metas/09/18/20190909181100_00160.jpg,datasets_flow/dataset_cropped/09_Metas/09/18/20190909181100_00160.jpg,datasets_cloudmask/dataset_cropped/09_Metas/09/18/20190909181100_00160.png,85.4,0,85.8,26.2,960
9/9/2019 18:12,datasets/dataset_cropped/09_Metas/09/18/20190909181200_00160.jpg,datasets_flow/dataset_cropped/09_Metas/09/18/20190909181200_00160.jpg,datasets_cloudmask/dataset_cropped/09_Metas/09/18/20190909181200_00160.png,83.8,0,84.2,26.2,960
9/9/2019 18:13,datasets/dataset_cropped/09_Metas/09/18/20190909181300_00160.jpg,datasets_flow/dataset_cropped/09_Metas/09/18/20190909181300_00160.jpg,datasets_cloudmask/dataset_cropped/09_Metas/09/18/20190909181300_00160.png,81.5,0,81.9,26.2,960
9/9/2019 18:14,datasets/dataset_cropped/09_Metas/09/18/20190909181400_00160.jpg,datasets_flow/dataset_cropped/09_Metas/09/18/20190909181400_00160.jpg,datasets_cloudmask/dataset_cropped/09_Metas/09/18/20190909181400_00160.png,79.4,0,79.8,26.2,960
9/9/2019 18:15,datasets/dataset_cropped/09_Metas/09/18/20190909181500_00160.jpg,datasets_flow/dataset_cropped/09_Metas/09/18/20190909181500_00160.jpg,datasets_cloudmask/dataset_cropped/09_Metas/09/18/20190909181500_00160.png,77.7,0,78.2,26.1,960
9/9/2019 18:16,datasets/dataset_cropped/09_Metas/09/18/20190909181600_00160.jpg,datasets_flow/dataset_cropped/09_Metas/09/18/20190909181600_00160.jpg,datasets_cloudmask/dataset_cropped/09_Metas/09/18/20190909181600_00160.png,76.3,0.2,76.6,26.1,960
9/9/2019 18:17,datasets/dataset_cropped/09_Metas/09/18/20190909181700_00160.jpg,datasets_flow/dataset_cropped/09_Metas/09/18/20190909181700_00160.jpg,datasets_cloudmask/dataset_cropped/09_Metas/09/18/20190909181700_00160.png,75.3,2.6,75,26.1,960
9/9/2019 18:18,datasets/dataset_cropped/09_Metas/09/18/20190909181800_00160.jpg,datasets_flow/dataset_cropped/09_Metas/09/18/20190909181800_00160.jpg,datasets_cloudmask/dataset_cropped/09_Metas/09/18/20190909181800_00160.png,73.7,1.7,73.6,26.1,960
9/9/2019 18:19,datasets/dataset_cropped/09_Metas/09/18/20190909181900_00160.jpg,datasets_flow/dataset_cropped/09_Metas/09/18/20190909181900_00160.jpg,datasets_cloudmask/dataset_cropped/09_Metas/09/18/20190909181900_00160.png,72.1,0.9,72.2,26.1,960
9/9/2019 18:20,datasets/dataset_cropped/09_Metas/09/18/20190909182000_00160.jpg,datasets_flow/dataset_cropped/09_Metas/09/18/20190909182000_00160.jpg,datasets_cloudmask/dataset_cropped/09_Metas/09/18/20190909182000_00160.png,70.5,0.3,70.7,26.1,960
9/9/2019 18:21,datasets/dataset_cropped/09_Metas/09/18/20190909182100_00160.jpg,datasets_flow/dataset_cropped/09_Metas/09/18/20190909182100_00160.jpg,datasets_cloudmask/dataset_cropped/09_Metas/09/18/20190909182100_00160.png,69.2,0,69.5,26,960
9/9/2019 18:22,datasets/dataset_cropped/09_Metas/09/18/20190909182200_00160.jpg,datasets_flow/dataset_cropped/09_Metas/09/18/20190909182200_00160.jpg,datasets_cloudmask/dataset_cropped/09_Metas/09/18/20190909182200_00160.png,67.6,0,68,26.1,960
9/9/2019 18:23,datasets/dataset_cropped/09_Metas/09/18/20190909182300_00160.jpg,datasets_flow/dataset_cropped/09_Metas/09/18/20190909182300_00160.jpg,datasets_cloudmask/dataset_cropped/09_Metas/09/18/20190909182300_00160.png,66.3,0,66.7,26.1,960
9/9/2019 18:24,datasets/dataset_cropped/09_Metas/09/18/20190909182400_00160.jpg,datasets_flow/dataset_cropped/09_Metas/09/18/20190909182400_00160.jpg,datasets_cloudmask/dataset_cropped/09_Metas/09/18/20190909182400_00160.png,64.9,0,65.3,26.1,960
9/9/2019 18:25,datasets/dataset_cropped/09_Metas/09/18/20190909182500_00160.jpg,datasets_flow/dataset_cropped/09_Metas/09/18/20190909182500_00160.jpg,datasets_cloudmask/dataset_cropped/09_Metas/09/18/20190909182500_00160.png,62.4,0,62.9,26.1,960
9/9/2019 18:26,datasets/dataset_cropped/09_Metas/09/18/20190909182600_00160.jpg,datasets_flow/dataset_cropped/09_Metas/09/18/20190909182600_00160.jpg,datasets_cloudmask/dataset_cropped/09_Metas/09/18/20190909182600_00160.png,59.3,0,59.7,26.1,960
9/9/2019 18:27,datasets/dataset_cropped/09_Metas/09/18/20190909182700_00160.jpg,datasets_flow/dataset_cropped/09_Metas/09/18/20190909182700_00160.jpg,datasets_cloudmask/dataset_cropped/09_Metas/09/18/20190909182700_00160.png,57.3,0,57.8,26.1,960
9/9/2019 18:28,datasets/dataset_cropped/09_Metas/09/18/20190909182800_00160.jpg,datasets_flow/dataset_cropped/09_Metas/09/18/20190909182800_00160.jpg,datasets_cloudmask/dataset_cropped/09_Metas/09/18/20190909182800_00160.png,55.8,0,56.2,26.1,960
9/9/2019 18:29,datasets/dataset_cropped/09_Metas/09/18/20190909182900_00160.jpg,datasets_flow/dataset_cropped/09_Metas/09/18/20190909182900_00160.jpg,datasets_cloudmask/dataset_cropped/09_Metas/09/18/20190909182900_00160.png,54,0,54.3,26.2,960
9/9/2019 18:30,datasets/dataset_cropped/09_Metas/09/18/20190909183000_00160.jpg,datasets_flow/dataset_cropped/09_Metas/09/18/20190909183000_00160.jpg,datasets_cloudmask/dataset_cropped/09_Metas/09/18/20190909183000_00160.png,51.1,0,51.4,26.2,960
9/9/2019 18:31,datasets/dataset_cropped/09_Metas/09/18/20190909183100_00160.jpg,datasets_flow/dataset_cropped/09_Metas/09/18/20190909183100_00160.jpg,datasets_cloudmask/dataset_cropped/09_Metas/09/18/20190909183100_00160.png,47.2,0,47.5,26.3,960
9/9/2019 18:32,datasets/dataset_cropped/09_Metas/09/18/20190909183200_00160.jpg,datasets_flow/dataset_cropped/09_Metas/09/18/20190909183200_00160.jpg,datasets_cloudmask/dataset_cropped/09_Metas/09/18/20190909183200_00160.png,44.2,0,44.5,26.3,960
9/9/2019 18:33,datasets/dataset_cropped/09_Metas/09/18/20190909183300_00160.jpg,datasets_flow/dataset_cropped/09_Metas/09/18/20190909183300_00160.jpg,datasets_cloudmask/dataset_cropped/09_Metas/09/18/20190909183300_00160.png,42.9,0,43.2,26.3,960
9/9/2019 18:34,datasets/dataset_cropped/09_Metas/09/18/20190909183400_00160.jpg,datasets_flow/dataset_cropped/09_Metas/09/18/20190909183400_00160.jpg,datasets_cloudmask/dataset_cropped/09_Metas/09/18/20190909183400_00160.png,42.5,0,42.7,26.3,960
9/9/2019 18:35,datasets/dataset_cropped/09_Metas/09/18/20190909183500_00160.jpg,datasets_flow/dataset_cropped/09_Metas/09/18/20190909183500_00160.jpg,datasets_cloudmask/dataset_cropped/09_Metas/09/18/20190909183500_00160.png,42.4,0,42.6,26.3,960
9/9/2019 18:36,datasets/dataset_cropped/09_Metas/09/18/20190909183600_00160.jpg,datasets_flow/dataset_cropped/09_Metas/09/18/20190909183600_00160.jpg,datasets_cloudmask/dataset_cropped/09_Metas/09/18/20190909183600_00160.png,42.9,0,43.1,26.3,960
9/9/2019 18:37,datasets/dataset_cropped/09_Metas/09/18/20190909183700_00160.jpg,datasets_flow/dataset_cropped/09_Metas/09/18/20190909183700_00160.jpg,datasets_cloudmask/dataset_cropped/09_Metas/09/18/20190909183700_00160.png,43.1,0,43.3,26.4,960
9/9/2019 18:38,datasets/dataset_cropped/09_Metas/09/18/20190909183800_00160.jpg,datasets_flow/dataset_cropped/09_Metas/09/18/20190909183800_00160.jpg,datasets_cloudmask/dataset_cropped/09_Metas/09/18/20190909183800_00160.png,42.1,0,42.4,26.4,960
9/9/2019 18:39,datasets/dataset_cropped/09_Metas/09/18/20190909183900_00160.jpg,datasets_flow/dataset_cropped/09_Metas/09/18/20190909183900_00160.jpg,datasets_cloudmask/dataset_cropped/09_Metas/09/18/20190909183900_00160.png,40.8,0,41.1,26.3,960
9/9/2019 18:40,datasets/dataset_cropped/09_Metas/09/18/20190909184000_00160.jpg,datasets_flow/dataset_cropped/09_Metas/09/18/20190909184000_00160.jpg,datasets_cloudmask/dataset_cropped/09_Metas/09/18/20190909184000_00160.png,39.8,0,40,26.3,960
9/9/2019 18:41,datasets/dataset_cropped/09_Metas/09/18/20190909184100_00160.jpg,datasets_flow/dataset_cropped/09_Metas/09/18/20190909184100_00160.jpg,datasets_cloudmask/dataset_cropped/09_Metas/09/18/20190909184100_00160.png,39.2,0,39.5,26.3,959
9/9/2019 18:42,datasets/dataset_cropped/09_Metas/09/18/20190909184200_00160.jpg,datasets_flow/dataset_cropped/09_Metas/09/18/20190909184200_00160.jpg,datasets_cloudmask/dataset_cropped/09_Metas/09/18/20190909184200_00160.png,38.5,0,38.8,26.3,959
9/9/2019 18:43,datasets/dataset_cropped/09_Metas/09/18/20190909184300_00160.jpg,datasets_flow/dataset_cropped/09_Metas/09/18/20190909184300_00160.jpg,datasets_cloudmask/dataset_cropped/09_Metas/09/18/20190909184300_00160.png,38.2,0,38.4,26.3,960
9/9/2019 18:44,datasets/dataset_cropped/09_Metas/09/18/20190909184400_00160.jpg,datasets_flow/dataset_cropped/09_Metas/09/18/20190909184400_00160.jpg,datasets_cloudmask/dataset_cropped/09_Metas/09/18/20190909184400_00160.png,38.7,0,38.9,26.3,959
9/9/2019 18:45,datasets/dataset_cropped/09_Metas/09/18/20190909184500_00160.jpg,datasets_flow/dataset_cropped/09_Metas/09/18/20190909184500_00160.jpg,datasets_cloudmask/dataset_cropped/09_Metas/09/18/20190909184500_00160.png,39.4,0,39.6,26.3,959
9/9/2019 18:46,datasets/dataset_cropped/09_Metas/09/18/20190909184600_00160.jpg,datasets_flow/dataset_cropped/09_Metas/09/18/20190909184600_00160.jpg,datasets_cloudmask/dataset_cropped/09_Metas/09/18/20190909184600_00160.png,39.7,0,40,26.2,960
9/9/2019 18:47,datasets/dataset_cropped/09_Metas/09/18/20190909184700_00160.jpg,datasets_flow/dataset_cropped/09_Metas/09/18/20190909184700_00160.jpg,datasets_cloudmask/dataset_cropped/09_Metas/09/18/20190909184700_00160.png,39.8,0,40,26.2,959
9/9/2019 18:48,datasets/dataset_cropped/09_Metas/09/18/20190909184800_00160.jpg,datasets_flow/dataset_cropped/09_Metas/09/18/20190909184800_00160.jpg,datasets_cloudmask/dataset_cropped/09_Metas/09/18/20190909184800_00160.png,39.4,0.1,39.6,26.3,959
9/9/2019 18:49,datasets/dataset_cropped/09_Metas/09/18/20190909184900_00160.jpg,datasets_flow/dataset_cropped/09_Metas/09/18/20190909184900_00160.jpg,datasets_cloudmask/dataset_cropped/09_Metas/09/18/20190909184900_00160.png,38.6,0.2,38.7,26.3,960
9/9/2019 18:50,datasets/dataset_cropped/09_Metas/09/18/20190909185000_00160.jpg,datasets_flow/dataset_cropped/09_Metas/09/18/20190909185000_00160.jpg,datasets_cloudmask/dataset_cropped/09_Metas/09/18/20190909185000_00160.png,37,0.4,37.1,26.3,959
9/9/2019 18:51,datasets/dataset_cropped/09_Metas/09/18/20190909185100_00160.jpg,datasets_flow/dataset_cropped/09_Metas/09/18/20190909185100_00160.jpg,datasets_cloudmask/dataset_cropped/09_Metas/09/18/20190909185100_00160.png,35.6,0.6,35.6,26.2,959
9/9/2019 18:52,datasets/dataset_cropped/09_Metas/09/18/20190909185200_00160.jpg,datasets_flow/dataset_cropped/09_Metas/09/18/20190909185200_00160.jpg,datasets_cloudmask/dataset_cropped/09_Metas/09/18/20190909185200_00160.png,34.9,0.7,35,26.2,959
9/9/2019 18:53,datasets/dataset_cropped/09_Metas/09/18/20190909185300_00160.jpg,datasets_flow/dataset_cropped/09_Metas/09/18/20190909185300_00160.jpg,datasets_cloudmask/dataset_cropped/09_Metas/09/18/20190909185300_00160.png,34.7,0.7,34.7,26.2,959
9/9/2019 18:54,datasets/dataset_cropped/09_Metas/09/18/20190909185400_00160.jpg,datasets_flow/dataset_cropped/09_Metas/09/18/20190909185400_00160.jpg,datasets_cloudmask/dataset_cropped/09_Metas/09/18/20190909185400_00160.png,34.7,0.8,34.7,26.2,959
9/9/2019 18:55,datasets/dataset_cropped/09_Metas/09/18/20190909185500_00160.jpg,datasets_flow/dataset_cropped/09_Metas/09/18/20190909185500_00160.jpg,datasets_cloudmask/dataset_cropped/09_Metas/09/18/20190909185500_00160.png,35.1,2.7,34.9,26.1,959
9/9/2019 18:56,datasets/dataset_cropped/09_Metas/09/18/20190909185600_00160.jpg,datasets_flow/dataset_cropped/09_Metas/09/18/20190909185600_00160.jpg,datasets_cloudmask/dataset_cropped/09_Metas/09/18/20190909185600_00160.png,41.1,66.9,34.7,26.1,959
9/9/2019 18:57,datasets/dataset_cropped/09_Metas/09/18/20190909185700_00160.jpg,datasets_flow/dataset_cropped/09_Metas/09/18/20190909185700_00160.jpg,datasets_cloudmask/dataset_cropped/09_Metas/09/18/20190909185700_00160.png,50.5,175.6,33.7,26.1,959
9/9/2019 18:58,datasets/dataset_cropped/09_Metas/09/18/20190909185800_00160.jpg,datasets_flow/dataset_cropped/09_Metas/09/18/20190909185800_00160.jpg,datasets_cloudmask/dataset_cropped/09_Metas/09/18/20190909185800_00160.png,43.7,124.9,32,26.2,959
9/9/2019 18:59,datasets/dataset_cropped/09_Metas/09/18/20190909185900_00160.jpg,datasets_flow/dataset_cropped/09_Metas/09/18/20190909185900_00160.jpg,datasets_cloudmask/dataset_cropped/09_Metas/09/18/20190909185900_00160.png,30.8,11.4,29.8,26.2,959
9/9/2019 19:00,datasets/dataset_cropped/09_Metas/09/19/20190909190000_00160.jpg,datasets_flow/dataset_cropped/09_Metas/09/19/20190909190000_00160.jpg,datasets_cloudmask/dataset_cropped/09_Metas/09/19/20190909190000_00160.png,28.2,1.1,28.2,26.2,959
9/9/2019 19:01,datasets/dataset_cropped/09_Metas/09/19/20190909190100_00160.jpg,datasets_flow/dataset_cropped/09_Metas/09/19/20190909190100_00160.jpg,datasets_cloudmask/dataset_cropped/09_Metas/09/19/20190909190100_00160.png,27.4,1.3,27.3,26.2,959
9/9/2019 19:02,datasets/dataset_cropped/09_Metas/09/19/20190909190200_00160.jpg,datasets_flow/dataset_cropped/09_Metas/09/19/20190909190200_00160.jpg,datasets_cloudmask/dataset_cropped/09_Metas/09/19/20190909190200_00160.png,27.2,1.5,27.1,26.1,959
9/9/2019 19:03,datasets/dataset_cropped/09_Metas/09/19/20190909190300_00160.jpg,datasets_flow/dataset_cropped/09_Metas/09/19/20190909190300_00160.jpg,datasets_cloudmask/dataset_cropped/09_Metas/09/19/20190909190300_00160.png,27.2,1.3,27.2,26.1,959
9/9/2019 19:04,datasets/dataset_cropped/09_Metas/09/19/20190909190400_00160.jpg,datasets_flow/dataset_cropped/09_Metas/09/19/20190909190400_00160.jpg,datasets_cloudmask/dataset_cropped/09_Metas/09/19/20190909190400_00160.png,28.5,16.1,27.5,26.1,959
9/9/2019 19:05,datasets/dataset_cropped/09_Metas/09/19/20190909190500_00160.jpg,datasets_flow/dataset_cropped/09_Metas/09/19/20190909190500_00160.jpg,datasets_cloudmask/dataset_cropped/09_Metas/09/19/20190909190500_00160.png,32.8,76.6,27.7,26.2,959
9/9/2019 19:06,datasets/dataset_cropped/09_Metas/09/19/20190909190600_00160.jpg,datasets_flow/dataset_cropped/09_Metas/09/19/20190909190600_00160.jpg,datasets_cloudmask/dataset_cropped/09_Metas/09/19/20190909190600_00160.png,35.9,129.4,27.4,26.2,959
9/9/2019 19:07,datasets/dataset_cropped/09_Metas/09/19/20190909190700_00160.jpg,datasets_flow/dataset_cropped/09_Metas/09/19/20190909190700_00160.jpg,datasets_cloudmask/dataset_cropped/09_Metas/09/19/20190909190700_00160.png,34.6,126.4,26.7,26.2,959
9/9/2019 19:08,datasets/dataset_cropped/09_Metas/09/19/20190909190800_00160.jpg,datasets_flow/dataset_cropped/09_Metas/09/19/20190909190800_00160.jpg,datasets_cloudmask/dataset_cropped/09_Metas/09/19/20190909190800_00160.png,32.4,114.8,25.5,26.2,959
9/9/2019 19:09,datasets/dataset_cropped/09_Metas/09/19/20190909190900_00160.jpg,datasets_flow/dataset_cropped/09_Metas/09/19/20190909190900_00160.jpg,datasets_cloudmask/dataset_cropped/09_Metas/09/19/20190909190900_00160.png,30.2,106.4,24.2,26.3,959
9/9/2019 19:10,datasets/dataset_cropped/09_Metas/09/19/20190909191000_00160.jpg,datasets_flow/dataset_cropped/09_Metas/09/19/20190909191000_00160.jpg,datasets_cloudmask/dataset_cropped/09_Metas/09/19/20190909191000_00160.png,28.2,96.3,23.1,26.3,959
9/9/2019 19:11,datasets/dataset_cropped/09_Metas/09/19/20190909191100_00160.jpg,datasets_flow/dataset_cropped/09_Metas/09/19/20190909191100_00160.jpg,datasets_cloudmask/dataset_cropped/09_Metas/09/19/20190909191100_00160.png,26.5,87.1,22.1,26.3,959
9/9/2019 19:12,datasets/dataset_cropped/09_Metas/09/19/20190909191200_00160.jpg,datasets_flow/dataset_cropped/09_Metas/09/19/20190909191200_00160.jpg,datasets_cloudmask/dataset_cropped/09_Metas/09/19/20190909191200_00160.png,24.9,76.8,21.3,26.3,960
9/9/2019 19:13,datasets/dataset_cropped/09_Metas/09/19/20190909191300_00160.jpg,datasets_flow/dataset_cropped/09_Metas/09/19/20190909191300_00160.jpg,datasets_cloudmask/dataset_cropped/09_Metas/09/19/20190909191300_00160.png,23.2,63.3,20.4,26.3,960
9/9/2019 19:14,datasets/dataset_cropped/09_Metas/09/19/20190909191400_00160.jpg,datasets_flow/dataset_cropped/09_Metas/09/19/20190909191400_00160.jpg,datasets_cloudmask/dataset_cropped/09_Metas/09/19/20190909191400_00160.png,20.8,35.1,19.3,26.4,959
9/9/2019 19:15,datasets/dataset_cropped/09_Metas/09/19/20190909191500_00160.jpg,datasets_flow/dataset_cropped/09_Metas/09/19/20190909191500_00160.jpg,datasets_cloudmask/dataset_cropped/09_Metas/09/19/20190909191500_00160.png,18.3,6.4,18.1,26.3,959
9/9/2019 19:16,datasets/dataset_cropped/09_Metas/09/19/20190909191600_00160.jpg,datasets_flow/dataset_cropped/09_Metas/09/19/20190909191600_00160.jpg,datasets_cloudmask/dataset_cropped/09_Metas/09/19/20190909191600_00160.png,16.8,0.5,16.8,26.3,960
9/9/2019 19:17,datasets/dataset_cropped/09_Metas/09/19/20190909191700_00160.jpg,datasets_flow/dataset_cropped/09_Metas/09/19/20190909191700_00160.jpg,datasets_cloudmask/dataset_cropped/09_Metas/09/19/20190909191700_00160.png,15.4,0.2,15.3,26.3,959
9/9/2019 19:18,datasets/dataset_cropped/09_Metas/09/19/20190909191800_00160.jpg,datasets_flow/dataset_cropped/09_Metas/09/19/20190909191800_00160.jpg,datasets_cloudmask/dataset_cropped/09_Metas/09/19/20190909191800_00160.png,14.1,0,14,26.3,960
9/9/2019 19:19,datasets/dataset_cropped/09_Metas/09/19/20190909191900_00160.jpg,datasets_flow/dataset_cropped/09_Metas/09/19/20190909191900_00160.jpg,datasets_cloudmask/dataset_cropped/09_Metas/09/19/20190909191900_00160.png,12.8,0,12.7,26.2,959
9/9/2019 19:20,datasets/dataset_cropped/09_Metas/09/19/20190909192000_00160.jpg,datasets_flow/dataset_cropped/09_Metas/09/19/20190909192000_00160.jpg,datasets_cloudmask/dataset_cropped/09_Metas/09/19/20190909192000_00160.png,11.5,0,11.4,26.1,959
9/9/2019 19:21,datasets/dataset_cropped/09_Metas/09/19/20190909192100_00160.jpg,datasets_flow/dataset_cropped/09_Metas/09/19/20190909192100_00160.jpg,datasets_cloudmask/dataset_cropped/09_Metas/09/19/20190909192100_00160.png,10.3,0,10.2,26.1,960
9/9/2019 19:22,datasets/dataset_cropped/09_Metas/09/19/20190909192200_00160.jpg,datasets_flow/dataset_cropped/09_Metas/09/19/20190909192200_00160.jpg,datasets_cloudmask/dataset_cropped/09_Metas/09/19/20190909192200_00160.png,9.2,0,9.1,26,959
9/9/2019 19:23,datasets/dataset_cropped/09_Metas/09/19/20190909192300_00160.jpg,datasets_flow/dataset_cropped/09_Metas/09/19/20190909192300_00160.jpg,datasets_cloudmask/dataset_cropped/09_Metas/09/19/20190909192300_00160.png,8.1,0,8,26,959
9/9/2019 19:24,datasets/dataset_cropped/09_Metas/09/19/20190909192400_00160.jpg,datasets_flow/dataset_cropped/09_Metas/09/19/20190909192400_00160.jpg,datasets_cloudmask/dataset_cropped/09_Metas/09/19/20190909192400_00160.png,7.1,0,7,25.9,959
9/9/2019 19:25,datasets/dataset_cropped/09_Metas/09/19/20190909192500_00160.jpg,datasets_flow/dataset_cropped/09_Metas/09/19/20190909192500_00160.jpg,datasets_cloudmask/dataset_cropped/09_Metas/09/19/20190909192500_00160.png,6,0,5.9,25.9,959
9/10/2019 6:49,datasets/dataset_cropped/09_Metas/10/06/20190910064900_00160.jpg,datasets_flow/dataset_cropped/09_Metas/10/06/20190910064900_00160.jpg,datasets_cloudmask/dataset_cropped/09_Metas/10/06/20190910064900_00160.png,3.6,0,3.5,20.5,955
9/10/2019 6:50,datasets/dataset_cropped/09_Metas/10/06/20190910065000_00160.jpg,datasets_flow/dataset_cropped/09_Metas/10/06/20190910065000_00160.jpg,datasets_cloudmask/dataset_cropped/09_Metas/10/06/20190910065000_00160.png,4.7,0,4.5,20.5,955
9/10/2019 6:51,datasets/dataset_cropped/09_Metas/10/06/20190910065100_00160.jpg,datasets_flow/dataset_cropped/09_Metas/10/06/20190910065100_00160.jpg,datasets_cloudmask/dataset_cropped/09_Metas/10/06/20190910065100_00160.png,5.7,0,5.5,20.4,955
9/10/2019 6:52,datasets/dataset_cropped/09_Metas/10/06/20190910065200_00160.jpg,datasets_flow/dataset_cropped/09_Metas/10/06/20190910065200_00160.jpg,datasets_cloudmask/dataset_cropped/09_Metas/10/06/20190910065200_00160.png,6.9,0,6.7,20.3,955
9/10/2019 6:53,datasets/dataset_cropped/09_Metas/10/06/20190910065300_00160.jpg,datasets_flow/dataset_cropped/09_Metas/10/06/20190910065300_00160.jpg,datasets_cloudmask/dataset_cropped/09_Metas/10/06/20190910065300_00160.png,8.1,0,7.9,20.3,955
9/10/2019 6:54,datasets/dataset_cropped/09_Metas/10/06/20190910065400_00160.jpg,datasets_flow/dataset_cropped/09_Metas/10/06/20190910065400_00160.jpg,datasets_cloudmask/dataset_cropped/09_Metas/10/06/20190910065400_00160.png,9.4,4.7,9.1,20.1,955
9/10/2019 6:55,datasets/dataset_cropped/09_Metas/10/06/20190910065500_00160.jpg,datasets_flow/dataset_cropped/09_Metas/10/06/20190910065500_00160.jpg,datasets_cloudmask/dataset_cropped/09_Metas/10/06/20190910065500_00160.png,10.9,11.8,10.3,20,955
9/10/2019 6:56,datasets/dataset_cropped/09_Metas/10/06/20190910065600_00160.jpg,datasets_flow/dataset_cropped/09_Metas/10/06/20190910065600_00160.jpg,datasets_cloudmask/dataset_cropped/09_Metas/10/06/20190910065600_00160.png,12.5,26.4,11.5,20.1,955
9/10/2019 6:57,datasets/dataset_cropped/09_Metas/10/06/20190910065700_00160.jpg,datasets_flow/dataset_cropped/09_Metas/10/06/20190910065700_00160.jpg,datasets_cloudmask/dataset_cropped/09_Metas/10/06/20190910065700_00160.png,14.7,48.5,13.1,20.2,955
9/10/2019 6:58,datasets/dataset_cropped/09_Metas/10/06/20190910065800_00160.jpg,datasets_flow/dataset_cropped/09_Metas/10/06/20190910065800_00160.jpg,datasets_cloudmask/dataset_cropped/09_Metas/10/06/20190910065800_00160.png,17.2,69,14.9,20.2,955
9/10/2019 6:59,datasets/dataset_cropped/09_Metas/10/06/20190910065900_00160.jpg,datasets_flow/dataset_cropped/09_Metas/10/06/20190910065900_00160.jpg,datasets_cloudmask/dataset_cropped/09_Metas/10/06/20190910065900_00160.png,19.7,81.9,16.7,20.2,955
9/10/2019 7:00,datasets/dataset_cropped/09_Metas/10/07/20190910070000_00160.jpg,datasets_flow/dataset_cropped/09_Metas/10/07/20190910070000_00160.jpg,datasets_cloudmask/dataset_cropped/09_Metas/10/07/20190910070000_00160.png,22.5,93.1,19,20.3,955
9/10/2019 7:01,datasets/dataset_cropped/09_Metas/10/07/20190910070100_00160.jpg,datasets_flow/dataset_cropped/09_Metas/10/07/20190910070100_00160.jpg,datasets_cloudmask/dataset_cropped/09_Metas/10/07/20190910070100_00160.png,25.4,104.1,21.2,20.3,955
9/10/2019 7:02,datasets/dataset_cropped/09_Metas/10/07/20190910070200_00160.jpg,datasets_flow/dataset_cropped/09_Metas/10/07/20190910070200_00160.jpg,datasets_cloudmask/dataset_cropped/09_Metas/10/07/20190910070200_00160.png,28.5,117,23.5,20.4,955
9/10/2019 7:03,datasets/dataset_cropped/09_Metas/10/07/20190910070300_00160.jpg,datasets_flow/dataset_cropped/09_Metas/10/07/20190910070300_00160.jpg,datasets_cloudmask/dataset_cropped/09_Metas/10/07/20190910070300_00160.png,31.5,130.9,25.6,20.3,955
9/10/2019 7:04,datasets/dataset_cropped/09_Metas/10/07/20190910070400_00160.jpg,datasets_flow/dataset_cropped/09_Metas/10/07/20190910070400_00160.jpg,datasets_cloudmask/dataset_cropped/09_Metas/10/07/20190910070400_00160.png,34.5,142.6,27.6,20.3,955
9/10/2019 7:05,datasets/dataset_cropped/09_Metas/10/07/20190910070500_00160.jpg,datasets_flow/dataset_cropped/09_Metas/10/07/20190910070500_00160.jpg,datasets_cloudmask/dataset_cropped/09_Metas/10/07/20190910070500_00160.png,37.7,156.4,29.7,20.4,955
9/10/2019 7:06,datasets/dataset_cropped/09_Metas/10/07/20190910070600_00160.jpg,datasets_flow/dataset_cropped/09_Metas/10/07/20190910070600_00160.jpg,datasets_cloudmask/dataset_cropped/09_Metas/10/07/20190910070600_00160.png,41.2,170.9,31.9,20.5,955
9/10/2019 7:07,datasets/dataset_cropped/09_Metas/10/07/20190910070700_00160.jpg,datasets_flow/dataset_cropped/09_Metas/10/07/20190910070700_00160.jpg,datasets_cloudmask/dataset_cropped/09_Metas/10/07/20190910070700_00160.png,44.9,186.5,34.2,20.6,955
9/10/2019 7:08,datasets/dataset_cropped/09_Metas/10/07/20190910070800_00160.jpg,datasets_flow/dataset_cropped/09_Metas/10/07/20190910070800_00160.jpg,datasets_cloudmask/dataset_cropped/09_Metas/10/07/20190910070800_00160.png,48.4,201.2,36.2,20.7,955
9/10/2019 7:09,datasets/dataset_cropped/09_Metas/10/07/20190910070900_00160.jpg,datasets_flow/dataset_cropped/09_Metas/10/07/20190910070900_00160.jpg,datasets_cloudmask/dataset_cropped/09_Metas/10/07/20190910070900_00160.png,51.7,211.6,38.2,20.9,955
9/10/2019 7:10,datasets/dataset_cropped/09_Metas/10/07/20190910071000_00160.jpg,datasets_flow/dataset_cropped/09_Metas/10/07/20190910071000_00160.jpg,datasets_cloudmask/dataset_cropped/09_Metas/10/07/20190910071000_00160.png,54.9,220.6,40.1,20.9,955
9/10/2019 7:11,datasets/dataset_cropped/09_Metas/10/07/20190910071100_00160.jpg,datasets_flow/dataset_cropped/09_Metas/10/07/20190910071100_00160.jpg,datasets_cloudmask/dataset_cropped/09_Metas/10/07/20190910071100_00160.png,58.1,230.4,42,20.9,955
9/10/2019 7:12,datasets/dataset_cropped/09_Metas/10/07/20190910071200_00160.jpg,datasets_flow/dataset_cropped/09_Metas/10/07/20190910071200_00160.jpg,datasets_cloudmask/dataset_cropped/09_Metas/10/07/20190910071200_00160.png,61.2,240.1,43.7,20.9,955
9/10/2019 7:13,datasets/dataset_cropped/09_Metas/10/07/20190910071300_00160.jpg,datasets_flow/dataset_cropped/09_Metas/10/07/20190910071300_00160.jpg,datasets_cloudmask/dataset_cropped/09_Metas/10/07/20190910071300_00160.png,64.4,251.6,45.1,20.9,955
9/10/2019 7:14,datasets/dataset_cropped/09_Metas/10/07/20190910071400_00160.jpg,datasets_flow/dataset_cropped/09_Metas/10/07/20190910071400_00160.jpg,datasets_cloudmask/dataset_cropped/09_Metas/10/07/20190910071400_00160.png,67.6,265.2,46.4,20.9,955
9/10/2019 7:15,datasets/dataset_cropped/09_Metas/10/07/20190910071500_00160.jpg,datasets_flow/dataset_cropped/09_Metas/10/07/20190910071500_00160.jpg,datasets_cloudmask/dataset_cropped/09_Metas/10/07/20190910071500_00160.png,70.8,277,47.8,21.1,955
9/10/2019 7:16,datasets/dataset_cropped/09_Metas/10/07/20190910071600_00160.jpg,datasets_flow/dataset_cropped/09_Metas/10/07/20190910071600_00160.jpg,datasets_cloudmask/dataset_cropped/09_Metas/10/07/20190910071600_00160.png,74,287.3,49.1,21.2,955
9/10/2019 7:17,datasets/dataset_cropped/09_Metas/10/07/20190910071700_00160.jpg,datasets_flow/dataset_cropped/09_Metas/10/07/20190910071700_00160.jpg,datasets_cloudmask/dataset_cropped/09_Metas/10/07/20190910071700_00160.png,77.4,296.6,50.8,21.2,955
9/10/2019 7:18,datasets/dataset_cropped/09_Metas/10/07/20190910071800_00160.jpg,datasets_flow/dataset_cropped/09_Metas/10/07/20190910071800_00160.jpg,datasets_cloudmask/dataset_cropped/09_Metas/10/07/20190910071800_00160.png,81.2,306.1,52.6,21.3,955
9/10/2019 7:19,datasets/dataset_cropped/09_Metas/10/07/20190910071900_00160.jpg,datasets_flow/dataset_cropped/09_Metas/10/07/20190910071900_00160.jpg,datasets_cloudmask/dataset_cropped/09_Metas/10/07/20190910071900_00160.png,85.3,315.3,54.8,21.4,955
9/10/2019 7:20,datasets/dataset_cropped/09_Metas/10/07/20190910072000_00160.jpg,datasets_flow/dataset_cropped/09_Metas/10/07/20190910072000_00160.jpg,datasets_cloudmask/dataset_cropped/09_Metas/10/07/20190910072000_00160.png,89.5,323.6,57.1,21.4,955
9/10/2019 7:21,datasets/dataset_cropped/09_Metas/10/07/20190910072100_00160.jpg,datasets_flow/dataset_cropped/09_Metas/10/07/20190910072100_00160.jpg,datasets_cloudmask/dataset_cropped/09_Metas/10/07/20190910072100_00160.png,93.9,332.9,59.4,21.4,955
9/10/2019 7:22,datasets/dataset_cropped/09_Metas/10/07/20190910072200_00160.jpg,datasets_flow/dataset_cropped/09_Metas/10/07/20190910072200_00160.jpg,datasets_cloudmask/dataset_cropped/09_Metas/10/07/20190910072200_00160.png,98.7,344.8,61.8,21.4,955
9/10/2019 7:23,datasets/dataset_cropped/09_Metas/10/07/20190910072300_00160.jpg,datasets_flow/dataset_cropped/09_Metas/10/07/20190910072300_00160.jpg,datasets_cloudmask/dataset_cropped/09_Metas/10/07/20190910072300_00160.png,102.8,349.8,64.1,21.4,955
9/10/2019 7:24,datasets/dataset_cropped/09_Metas/10/07/20190910072400_00160.jpg,datasets_flow/dataset_cropped/09_Metas/10/07/20190910072400_00160.jpg,datasets_cloudmask/dataset_cropped/09_Metas/10/07/20190910072400_00160.png,106.8,355,66.3,21.4,955
9/10/2019 7:25,datasets/dataset_cropped/09_Metas/10/07/20190910072500_00160.jpg,datasets_flow/dataset_cropped/09_Metas/10/07/20190910072500_00160.jpg,datasets_cloudmask/dataset_cropped/09_Metas/10/07/20190910072500_00160.png,110.6,359.8,68.3,21.5,955
9/10/2019 7:26,datasets/dataset_cropped/09_Metas/10/07/20190910072600_00160.jpg,datasets_flow/dataset_cropped/09_Metas/10/07/20190910072600_00160.jpg,datasets_cloudmask/dataset_cropped/09_Metas/10/07/20190910072600_00160.png,114.6,366.5,70.3,21.6,955
9/10/2019 7:27,datasets/dataset_cropped/09_Metas/10/07/20190910072700_00160.jpg,datasets_flow/dataset_cropped/09_Metas/10/07/20190910072700_00160.jpg,datasets_cloudmask/dataset_cropped/09_Metas/10/07/20190910072700_00160.png,118.2,369.6,72.4,21.7,955
9/10/2019 7:28,datasets/dataset_cropped/09_Metas/10/07/20190910072800_00160.jpg,datasets_flow/dataset_cropped/09_Metas/10/07/20190910072800_00160.jpg,datasets_cloudmask/dataset_cropped/09_Metas/10/07/20190910072800_00160.png,122.1,377.2,74,21.7,955
9/10/2019 7:29,datasets/dataset_cropped/09_Metas/10/07/20190910072900_00160.jpg,datasets_flow/dataset_cropped/09_Metas/10/07/20190910072900_00160.jpg,datasets_cloudmask/dataset_cropped/09_Metas/10/07/20190910072900_00160.png,126.4,388.7,75.5,21.8,955
9/10/2019 7:30,datasets/dataset_cropped/09_Metas/10/07/20190910073000_00160.jpg,datasets_flow/dataset_cropped/09_Metas/10/07/20190910073000_00160.jpg,datasets_cloudmask/dataset_cropped/09_Metas/10/07/20190910073000_00160.png,130.2,397.2,76.7,21.7,955
9/10/2019 7:31,datasets/dataset_cropped/09_Metas/10/07/20190910073100_00160.jpg,datasets_flow/dataset_cropped/09_Metas/10/07/20190910073100_00160.jpg,datasets_cloudmask/dataset_cropped/09_Metas/10/07/20190910073100_00160.png,133.9,406.2,77.6,21.6,955
9/10/2019 7:32,datasets/dataset_cropped/09_Metas/10/07/20190910073200_00160.jpg,datasets_flow/dataset_cropped/09_Metas/10/07/20190910073200_00160.jpg,datasets_cloudmask/dataset_cropped/09_Metas/10/07/20190910073200_00160.png,137.4,417.6,78,21.5,955
9/10/2019 7:33,datasets/dataset_cropped/09_Metas/10/07/20190910073300_00160.jpg,datasets_flow/dataset_cropped/09_Metas/10/07/20190910073300_00160.jpg,datasets_cloudmask/dataset_cropped/09_Metas/10/07/20190910073300_00160.png,139.7,424.7,77.7,21.4,955
9/10/2019 7:34,datasets/dataset_cropped/09_Metas/10/07/20190910073400_00160.jpg,datasets_flow/dataset_cropped/09_Metas/10/07/20190910073400_00160.jpg,datasets_cloudmask/dataset_cropped/09_Metas/10/07/20190910073400_00160.png,140.6,426.5,76.9,21.3,955
9/10/2019 7:35,datasets/dataset_cropped/09_Metas/10/07/20190910073500_00160.jpg,datasets_flow/dataset_cropped/09_Metas/10/07/20190910073500_00160.jpg,datasets_cloudmask/dataset_cropped/09_Metas/10/07/20190910073500_00160.png,119.1,289.2,75.1,21.3,955
9/10/2019 7:36,datasets/dataset_cropped/09_Metas/10/07/20190910073600_00160.jpg,datasets_flow/dataset_cropped/09_Metas/10/07/20190910073600_00160.jpg,datasets_cloudmask/dataset_cropped/09_Metas/10/07/20190910073600_00160.png,93.6,123.8,74.3,21.3,955
9/10/2019 7:37,datasets/dataset_cropped/09_Metas/10/07/20190910073700_00160.jpg,datasets_flow/dataset_cropped/09_Metas/10/07/20190910073700_00160.jpg,datasets_cloudmask/dataset_cropped/09_Metas/10/07/20190910073700_00160.png,93.9,120.4,74.8,21.2,955
9/10/2019 7:38,datasets/dataset_cropped/09_Metas/10/07/20190910073800_00160.jpg,datasets_flow/dataset_cropped/09_Metas/10/07/20190910073800_00160.jpg,datasets_cloudmask/dataset_cropped/09_Metas/10/07/20190910073800_00160.png,94,112,75.9,21.2,955
9/10/2019 7:39,datasets/dataset_cropped/09_Metas/10/07/20190910073900_00160.jpg,datasets_flow/dataset_cropped/09_Metas/10/07/20190910073900_00160.jpg,datasets_cloudmask/dataset_cropped/09_Metas/10/07/20190910073900_00160.png,95.1,104.2,77.9,21.2,955
9/10/2019 7:40,datasets/dataset_cropped/09_Metas/10/07/20190910074000_00160.jpg,datasets_flow/dataset_cropped/09_Metas/10/07/20190910074000_00160.jpg,datasets_cloudmask/dataset_cropped/09_Metas/10/07/20190910074000_00160.png,114.6,197.1,81,21.2,955
9/10/2019 7:41,datasets/dataset_cropped/09_Metas/10/07/20190910074100_00160.jpg,datasets_flow/dataset_cropped/09_Metas/10/07/20190910074100_00160.jpg,datasets_cloudmask/dataset_cropped/09_Metas/10/07/20190910074100_00160.png,154.7,410.3,84,21.2,955
9/10/2019 7:42,datasets/dataset_cropped/09_Metas/10/07/20190910074200_00160.jpg,datasets_flow/dataset_cropped/09_Metas/10/07/20190910074200_00160.jpg,datasets_cloudmask/dataset_cropped/09_Metas/10/07/20190910074200_00160.png,166.4,457.1,86,21.3,955
9/10/2019 7:43,datasets/dataset_cropped/09_Metas/10/07/20190910074300_00160.jpg,datasets_flow/dataset_cropped/09_Metas/10/07/20190910074300_00160.jpg,datasets_cloudmask/dataset_cropped/09_Metas/10/07/20190910074300_00160.png,160.5,409.6,87.1,21.4,955
9/10/2019 7:44,datasets/dataset_cropped/09_Metas/10/07/20190910074400_00160.jpg,datasets_flow/dataset_cropped/09_Metas/10/07/20190910074400_00160.jpg,datasets_cloudmask/dataset_cropped/09_Metas/10/07/20190910074400_00160.png,164.1,414.4,88.4,21.7,955
9/10/2019 7:45,datasets/dataset_cropped/09_Metas/10/07/20190910074500_00160.jpg,datasets_flow/dataset_cropped/09_Metas/10/07/20190910074500_00160.jpg,datasets_cloudmask/dataset_cropped/09_Metas/10/07/20190910074500_00160.png,140.2,277.4,88.6,21.9,955
9/10/2019 7:46,datasets/dataset_cropped/09_Metas/10/07/20190910074600_00160.jpg,datasets_flow/dataset_cropped/09_Metas/10/07/20190910074600_00160.jpg,datasets_cloudmask/dataset_cropped/09_Metas/10/07/20190910074600_00160.png,123.7,184,89,22.1,955
9/10/2019 7:47,datasets/dataset_cropped/09_Metas/10/07/20190910074700_00160.jpg,datasets_flow/dataset_cropped/09_Metas/10/07/20190910074700_00160.jpg,datasets_cloudmask/dataset_cropped/09_Metas/10/07/20190910074700_00160.png,108.1,98.6,89.4,22.2,955
9/10/2019 7:48,datasets/dataset_cropped/09_Metas/10/07/20190910074800_00160.jpg,datasets_flow/dataset_cropped/09_Metas/10/07/20190910074800_00160.jpg,datasets_cloudmask/dataset_cropped/09_Metas/10/07/20190910074800_00160.png,100,51.3,90.4,22.3,955
9/10/2019 7:49,datasets/dataset_cropped/09_Metas/10/07/20190910074900_00160.jpg,datasets_flow/dataset_cropped/09_Metas/10/07/20190910074900_00160.jpg,datasets_cloudmask/dataset_cropped/09_Metas/10/07/20190910074900_00160.png,98.7,34.8,92.1,22.3,955
9/10/2019 7:50,datasets/dataset_cropped/09_Metas/10/07/20190910075000_00160.jpg,datasets_flow/dataset_cropped/09_Metas/10/07/20190910075000_00160.jpg,datasets_cloudmask/dataset_cropped/09_Metas/10/07/20190910075000_00160.png,104.5,52.7,94,22.3,955
9/10/2019 7:51,datasets/dataset_cropped/09_Metas/10/07/20190910075100_00160.jpg,datasets_flow/dataset_cropped/09_Metas/10/07/20190910075100_00160.jpg,datasets_cloudmask/dataset_cropped/09_Metas/10/07/20190910075100_00160.png,105.8,49.6,95.7,22.3,955
9/10/2019 7:52,datasets/dataset_cropped/09_Metas/10/07/20190910075200_00160.jpg,datasets_flow/dataset_cropped/09_Metas/10/07/20190910075200_00160.jpg,datasets_cloudmask/dataset_cropped/09_Metas/10/07/20190910075200_00160.png,117,91.1,97.9,22.3,955
9/10/2019 7:53,datasets/dataset_cropped/09_Metas/10/07/20190910075300_00160.jpg,datasets_flow/dataset_cropped/09_Metas/10/07/20190910075300_00160.jpg,datasets_cloudmask/dataset_cropped/09_Metas/10/07/20190910075300_00160.png,139.3,190.7,99,22.3,955
9/10/2019 7:54,datasets/dataset_cropped/09_Metas/10/07/20190910075400_00160.jpg,datasets_flow/dataset_cropped/09_Metas/10/07/20190910075400_00160.jpg,datasets_cloudmask/dataset_cropped/09_Metas/10/07/20190910075400_00160.png,106.3,35.5,99,22.3,955
9/10/2019 7:55,datasets/dataset_cropped/09_Metas/10/07/20190910075500_00160.jpg,datasets_flow/dataset_cropped/09_Metas/10/07/20190910075500_00160.jpg,datasets_cloudmask/dataset_cropped/09_Metas/10/07/20190910075500_00160.png,103.8,17.8,100.3,22.3,955
9/10/2019 7:56,datasets/dataset_cropped/09_Metas/10/07/20190910075600_00160.jpg,datasets_flow/dataset_cropped/09_Metas/10/07/20190910075600_00160.jpg,datasets_cloudmask/dataset_cropped/09_Metas/10/07/20190910075600_00160.png,104,10.3,102,22.3,955
9/10/2019 7:57,datasets/dataset_cropped/09_Metas/10/07/20190910075700_00160.jpg,datasets_flow/dataset_cropped/09_Metas/10/07/20190910075700_00160.jpg,datasets_cloudmask/dataset_cropped/09_Metas/10/07/20190910075700_00160.png,107.5,16.1,104,22.2,955
9/10/2019 7:58,datasets/dataset_cropped/09_Metas/10/07/20190910075800_00160.jpg,datasets_flow/dataset_cropped/09_Metas/10/07/20190910075800_00160.jpg,datasets_cloudmask/dataset_cropped/09_Metas/10/07/20190910075800_00160.png,115.3,38.3,106.4,22.2,955
9/10/2019 7:59,datasets/dataset_cropped/09_Metas/10/07/20190910075900_00160.jpg,datasets_flow/dataset_cropped/09_Metas/10/07/20190910075900_00160.jpg,datasets_cloudmask/dataset_cropped/09_Metas/10/07/20190910075900_00160.png,144.8,150.5,109.2,22.3,955
9/10/2019 8:00,datasets/dataset_cropped/09_Metas/10/08/20190910080000_00160.jpg,datasets_flow/dataset_cropped/09_Metas/10/08/20190910080000_00160.jpg,datasets_cloudmask/dataset_cropped/09_Metas/10/08/20190910080000_00160.png,155.1,185.2,110.9,22.3,955
9/10/2019 8:01,datasets/dataset_cropped/09_Metas/10/08/20190910080100_00160.jpg,datasets_flow/dataset_cropped/09_Metas/10/08/20190910080100_00160.jpg,datasets_cloudmask/dataset_cropped/09_Metas/10/08/20190910080100_00160.png,141.9,126.8,111.3,22.4,955
9/10/2019 8:02,datasets/dataset_cropped/09_Metas/10/08/20190910080200_00160.jpg,datasets_flow/dataset_cropped/09_Metas/10/08/20190910080200_00160.jpg,datasets_cloudmask/dataset_cropped/09_Metas/10/08/20190910080200_00160.png,154.2,170.8,112.5,22.5,955
9/10/2019 8:03,datasets/dataset_cropped/09_Metas/10/08/20190910080300_00160.jpg,datasets_flow/dataset_cropped/09_Metas/10/08/20190910080300_00160.jpg,datasets_cloudmask/dataset_cropped/09_Metas/10/08/20190910080300_00160.png,174.5,252.3,112.4,22.5,955
9/10/2019 8:04,datasets/dataset_cropped/09_Metas/10/08/20190910080400_00160.jpg,datasets_flow/dataset_cropped/09_Metas/10/08/20190910080400_00160.jpg,datasets_cloudmask/dataset_cropped/09_Metas/10/08/20190910080400_00160.png,136.2,98.6,112,22.6,955
9/10/2019 8:05,datasets/dataset_cropped/09_Metas/10/08/20190910080500_00160.jpg,datasets_flow/dataset_cropped/09_Metas/10/08/20190910080500_00160.jpg,datasets_cloudmask/dataset_cropped/09_Metas/10/08/20190910080500_00160.png,116.6,17.8,112.7,22.8,955
9/10/2019 8:06,datasets/dataset_cropped/09_Metas/10/08/20190910080600_00160.jpg,datasets_flow/dataset_cropped/09_Metas/10/08/20190910080600_00160.jpg,datasets_cloudmask/dataset_cropped/09_Metas/10/08/20190910080600_00160.png,117,12,114.3,22.8,955
9/10/2019 8:07,datasets/dataset_cropped/09_Metas/10/08/20190910080700_00160.jpg,datasets_flow/dataset_cropped/09_Metas/10/08/20190910080700_00160.jpg,datasets_cloudmask/dataset_cropped/09_Metas/10/08/20190910080700_00160.png,126.6,40.9,116.3,22.7,955
9/10/2019 8:08,datasets/dataset_cropped/09_Metas/10/08/20190910080800_00160.jpg,datasets_flow/dataset_cropped/09_Metas/10/08/20190910080800_00160.jpg,datasets_cloudmask/dataset_cropped/09_Metas/10/08/20190910080800_00160.png,128.5,42.1,118,22.8,955
9/10/2019 8:09,datasets/dataset_cropped/09_Metas/10/08/20190910080900_00160.jpg,datasets_flow/dataset_cropped/09_Metas/10/08/20190910080900_00160.jpg,datasets_cloudmask/dataset_cropped/09_Metas/10/08/20190910080900_00160.png,122.9,15.2,119.6,22.8,955
9/10/2019 8:10,datasets/dataset_cropped/09_Metas/10/08/20190910081000_00160.jpg,datasets_flow/dataset_cropped/09_Metas/10/08/20190910081000_00160.jpg,datasets_cloudmask/dataset_cropped/09_Metas/10/08/20190910081000_00160.png,123.9,12.8,121.1,22.7,955
9/10/2019 8:11,datasets/dataset_cropped/09_Metas/10/08/20190910081100_00160.jpg,datasets_flow/dataset_cropped/09_Metas/10/08/20190910081100_00160.jpg,datasets_cloudmask/dataset_cropped/09_Metas/10/08/20190910081100_00160.png,127.1,19.1,122.3,22.6,955
9/10/2019 8:12,datasets/dataset_cropped/09_Metas/10/08/20190910081200_00160.jpg,datasets_flow/dataset_cropped/09_Metas/10/08/20190910081200_00160.jpg,datasets_cloudmask/dataset_cropped/09_Metas/10/08/20190910081200_00160.png,138.6,57.3,122.8,22.7,955
9/10/2019 8:13,datasets/dataset_cropped/09_Metas/10/08/20190910081300_00160.jpg,datasets_flow/dataset_cropped/09_Metas/10/08/20190910081300_00160.jpg,datasets_cloudmask/dataset_cropped/09_Metas/10/08/20190910081300_00160.png,144,76.5,122.6,22.9,955
9/10/2019 8:14,datasets/dataset_cropped/09_Metas/10/08/20190910081400_00160.jpg,datasets_flow/dataset_cropped/09_Metas/10/08/20190910081400_00160.jpg,datasets_cloudmask/dataset_cropped/09_Metas/10/08/20190910081400_00160.png,151.4,105.3,121.9,23,955
9/10/2019 8:15,datasets/dataset_cropped/09_Metas/10/08/20190910081500_00160.jpg,datasets_flow/dataset_cropped/09_Metas/10/08/20190910081500_00160.jpg,datasets_cloudmask/dataset_cropped/09_Metas/10/08/20190910081500_00160.png,137.2,58.4,121,23.1,955
9/10/2019 8:16,datasets/dataset_cropped/09_Metas/10/08/20190910081600_00160.jpg,datasets_flow/dataset_cropped/09_Metas/10/08/20190910081600_00160.jpg,datasets_cloudmask/dataset_cropped/09_Metas/10/08/20190910081600_00160.png,130.4,37.2,120.3,23.1,955
9/10/2019 8:17,datasets/dataset_cropped/09_Metas/10/08/20190910081700_00160.jpg,datasets_flow/dataset_cropped/09_Metas/10/08/20190910081700_00160.jpg,datasets_cloudmask/dataset_cropped/09_Metas/10/08/20190910081700_00160.png,129.7,36.5,119.4,23.1,955
9/10/2019 8:18,datasets/dataset_cropped/09_Metas/10/08/20190910081800_00160.jpg,datasets_flow/dataset_cropped/09_Metas/10/08/20190910081800_00160.jpg,datasets_cloudmask/dataset_cropped/09_Metas/10/08/20190910081800_00160.png,127.5,30.8,118.8,22.9,955
9/10/2019 8:19,datasets/dataset_cropped/09_Metas/10/08/20190910081900_00160.jpg,datasets_flow/dataset_cropped/09_Metas/10/08/20190910081900_00160.jpg,datasets_cloudmask/dataset_cropped/09_Metas/10/08/20190910081900_00160.png,120.9,8.8,118.6,22.7,955
9/10/2019 8:20,datasets/dataset_cropped/09_Metas/10/08/20190910082000_00160.jpg,datasets_flow/dataset_cropped/09_Metas/10/08/20190910082000_00160.jpg,datasets_cloudmask/dataset_cropped/09_Metas/10/08/20190910082000_00160.png,119.1,2.2,118.8,22.6,955
9/10/2019 8:21,datasets/dataset_cropped/09_Metas/10/08/20190910082100_00160.jpg,datasets_flow/dataset_cropped/09_Metas/10/08/20190910082100_00160.jpg,datasets_cloudmask/dataset_cropped/09_Metas/10/08/20190910082100_00160.png,119.2,1.8,118.8,22.6,955
9/10/2019 8:22,datasets/dataset_cropped/09_Metas/10/08/20190910082200_00160.jpg,datasets_flow/dataset_cropped/09_Metas/10/08/20190910082200_00160.jpg,datasets_cloudmask/dataset_cropped/09_Metas/10/08/20190910082200_00160.png,119,0.7,119,22.6,955
9/10/2019 8:23,datasets/dataset_cropped/09_Metas/10/08/20190910082300_00160.jpg,datasets_flow/dataset_cropped/09_Metas/10/08/20190910082300_00160.jpg,datasets_cloudmask/dataset_cropped/09_Metas/10/08/20190910082300_00160.png,119.3,0,119.5,22.5,955
9/10/2019 8:24,datasets/dataset_cropped/09_Metas/10/08/20190910082400_00160.jpg,datasets_flow/dataset_cropped/09_Metas/10/08/20190910082400_00160.jpg,datasets_cloudmask/dataset_cropped/09_Metas/10/08/20190910082400_00160.png,120.2,0,120.3,22.5,955
9/10/2019 8:25,datasets/dataset_cropped/09_Metas/10/08/20190910082500_00160.jpg,datasets_flow/dataset_cropped/09_Metas/10/08/20190910082500_00160.jpg,datasets_cloudmask/dataset_cropped/09_Metas/10/08/20190910082500_00160.png,121.4,0.7,121.4,22.5,955
9/10/2019 8:26,datasets/dataset_cropped/09_Metas/10/08/20190910082600_00160.jpg,datasets_flow/dataset_cropped/09_Metas/10/08/20190910082600_00160.jpg,datasets_cloudmask/dataset_cropped/09_Metas/10/08/20190910082600_00160.png,122.7,0.7,122.7,22.6,955
9/10/2019 8:27,datasets/dataset_cropped/09_Metas/10/08/20190910082700_00160.jpg,datasets_flow/dataset_cropped/09_Metas/10/08/20190910082700_00160.jpg,datasets_cloudmask/dataset_cropped/09_Metas/10/08/20190910082700_00160.png,123.9,0.1,124.2,22.6,955
9/10/2019 8:28,datasets/dataset_cropped/09_Metas/10/08/20190910082800_00160.jpg,datasets_flow/dataset_cropped/09_Metas/10/08/20190910082800_00160.jpg,datasets_cloudmask/dataset_cropped/09_Metas/10/08/20190910082800_00160.png,125,0.1,125.4,22.7,955
9/10/2019 8:29,datasets/dataset_cropped/09_Metas/10/08/20190910082900_00160.jpg,datasets_flow/dataset_cropped/09_Metas/10/08/20190910082900_00160.jpg,datasets_cloudmask/dataset_cropped/09_Metas/10/08/20190910082900_00160.png,126.2,0.2,126.6,22.8,955
9/10/2019 8:30,datasets/dataset_cropped/09_Metas/10/08/20190910083000_00160.jpg,datasets_flow/dataset_cropped/09_Metas/10/08/20190910083000_00160.jpg,datasets_cloudmask/dataset_cropped/09_Metas/10/08/20190910083000_00160.png,127.4,0.3,127.9,22.9,955
9/10/2019 8:31,datasets/dataset_cropped/09_Metas/10/08/20190910083100_00160.jpg,datasets_flow/dataset_cropped/09_Metas/10/08/20190910083100_00160.jpg,datasets_cloudmask/dataset_cropped/09_Metas/10/08/20190910083100_00160.png,128.6,0.4,129.1,22.9,955
9/10/2019 8:32,datasets/dataset_cropped/09_Metas/10/08/20190910083200_00160.jpg,datasets_flow/dataset_cropped/09_Metas/10/08/20190910083200_00160.jpg,datasets_cloudmask/dataset_cropped/09_Metas/10/08/20190910083200_00160.png,129.8,0.4,130.2,23.1,955
9/10/2019 8:33,datasets/dataset_cropped/09_Metas/10/08/20190910083300_00160.jpg,datasets_flow/dataset_cropped/09_Metas/10/08/20190910083300_00160.jpg,datasets_cloudmask/dataset_cropped/09_Metas/10/08/20190910083300_00160.png,130.9,0.7,131.3,23.2,955
9/10/2019 8:34,datasets/dataset_cropped/09_Metas/10/08/20190910083400_00160.jpg,datasets_flow/dataset_cropped/09_Metas/10/08/20190910083400_00160.jpg,datasets_cloudmask/dataset_cropped/09_Metas/10/08/20190910083400_00160.png,131.9,1.5,132,23.1,955
9/10/2019 8:35,datasets/dataset_cropped/09_Metas/10/08/20190910083500_00160.jpg,datasets_flow/dataset_cropped/09_Metas/10/08/20190910083500_00160.jpg,datasets_cloudmask/dataset_cropped/09_Metas/10/08/20190910083500_00160.png,132.6,1.3,132.8,23.2,955
9/10/2019 8:36,datasets/dataset_cropped/09_Metas/10/08/20190910083600_00160.jpg,datasets_flow/dataset_cropped/09_Metas/10/08/20190910083600_00160.jpg,datasets_cloudmask/dataset_cropped/09_Metas/10/08/20190910083600_00160.png,133.7,1.7,133.7,23.2,955
9/10/2019 8:37,datasets/dataset_cropped/09_Metas/10/08/20190910083700_00160.jpg,datasets_flow/dataset_cropped/09_Metas/10/08/20190910083700_00160.jpg,datasets_cloudmask/dataset_cropped/09_Metas/10/08/20190910083700_00160.png,134.8,2.1,134.6,23.2,955
9/10/2019 8:38,datasets/dataset_cropped/09_Metas/10/08/20190910083800_00160.jpg,datasets_flow/dataset_cropped/09_Metas/10/08/20190910083800_00160.jpg,datasets_cloudmask/dataset_cropped/09_Metas/10/08/20190910083800_00160.png,136.3,3.1,135.6,23.1,955
9/10/2019 8:39,datasets/dataset_cropped/09_Metas/10/08/20190910083900_00160.jpg,datasets_flow/dataset_cropped/09_Metas/10/08/20190910083900_00160.jpg,datasets_cloudmask/dataset_cropped/09_Metas/10/08/20190910083900_00160.png,139.3,8.2,136.7,23.1,955
9/10/2019 8:40,datasets/dataset_cropped/09_Metas/10/08/20190910084000_00160.jpg,datasets_flow/dataset_cropped/09_Metas/10/08/20190910084000_00160.jpg,datasets_cloudmask/dataset_cropped/09_Metas/10/08/20190910084000_00160.png,143.7,17.1,137.7,23.2,955
9/10/2019 8:41,datasets/dataset_cropped/09_Metas/10/08/20190910084100_00160.jpg,datasets_flow/dataset_cropped/09_Metas/10/08/20190910084100_00160.jpg,datasets_cloudmask/dataset_cropped/09_Metas/10/08/20190910084100_00160.png,153.6,40.3,138.7,23.2,955
9/10/2019 8:42,datasets/dataset_cropped/09_Metas/10/08/20190910084200_00160.jpg,datasets_flow/dataset_cropped/09_Metas/10/08/20190910084200_00160.jpg,datasets_cloudmask/dataset_cropped/09_Metas/10/08/20190910084200_00160.png,159.7,53.5,139.9,23.2,955
9/10/2019 8:43,datasets/dataset_cropped/09_Metas/10/08/20190910084300_00160.jpg,datasets_flow/dataset_cropped/09_Metas/10/08/20190910084300_00160.jpg,datasets_cloudmask/dataset_cropped/09_Metas/10/08/20190910084300_00160.png,157.1,41.4,142,23.2,955
9/10/2019 8:44,datasets/dataset_cropped/09_Metas/10/08/20190910084400_00160.jpg,datasets_flow/dataset_cropped/09_Metas/10/08/20190910084400_00160.jpg,datasets_cloudmask/dataset_cropped/09_Metas/10/08/20190910084400_00160.png,172.1,72.9,144.7,23.3,955
9/10/2019 8:45,datasets/dataset_cropped/09_Metas/10/08/20190910084500_00160.jpg,datasets_flow/dataset_cropped/09_Metas/10/08/20190910084500_00160.jpg,datasets_cloudmask/dataset_cropped/09_Metas/10/08/20190910084500_00160.png,233.6,222.9,148.3,23.4,955
9/10/2019 8:46,datasets/dataset_cropped/09_Metas/10/08/20190910084600_00160.jpg,datasets_flow/dataset_cropped/09_Metas/10/08/20190910084600_00160.jpg,datasets_cloudmask/dataset_cropped/09_Metas/10/08/20190910084600_00160.png,229.1,202,151.8,23.5,955
9/10/2019 8:47,datasets/dataset_cropped/09_Metas/10/08/20190910084700_00160.jpg,datasets_flow/dataset_cropped/09_Metas/10/08/20190910084700_00160.jpg,datasets_cloudmask/dataset_cropped/09_Metas/10/08/20190910084700_00160.png,216.1,157.6,155.9,23.8,955
9/10/2019 8:48,datasets/dataset_cropped/09_Metas/10/08/20190910084800_00160.jpg,datasets_flow/dataset_cropped/09_Metas/10/08/20190910084800_00160.jpg,datasets_cloudmask/dataset_cropped/09_Metas/10/08/20190910084800_00160.png,251.1,234,160.3,23.8,955
9/10/2019 8:49,datasets/dataset_cropped/09_Metas/10/08/20190910084900_00160.jpg,datasets_flow/dataset_cropped/09_Metas/10/08/20190910084900_00160.jpg,datasets_cloudmask/dataset_cropped/09_Metas/10/08/20190910084900_00160.png,242.3,203,162.8,23.7,955
9/10/2019 8:50,datasets/dataset_cropped/09_Metas/10/08/20190910085000_00160.jpg,datasets_flow/dataset_cropped/09_Metas/10/08/20190910085000_00160.jpg,datasets_cloudmask/dataset_cropped/09_Metas/10/08/20190910085000_00160.png,228.5,163,164.6,23.7,955
9/10/2019 8:51,datasets/dataset_cropped/09_Metas/10/08/20190910085100_00160.jpg,datasets_flow/dataset_cropped/09_Metas/10/08/20190910085100_00160.jpg,datasets_cloudmask/dataset_cropped/09_Metas/10/08/20190910085100_00160.png,187.4,54.5,166.7,23.8,955
9/10/2019 8:52,datasets/dataset_cropped/09_Metas/10/08/20190910085200_00160.jpg,datasets_flow/dataset_cropped/09_Metas/10/08/20190910085200_00160.jpg,datasets_cloudmask/dataset_cropped/09_Metas/10/08/20190910085200_00160.png,221.4,128.1,170.3,23.9,955
9/10/2019 8:53,datasets/dataset_cropped/09_Metas/10/08/20190910085300_00160.jpg,datasets_flow/dataset_cropped/09_Metas/10/08/20190910085300_00160.jpg,datasets_cloudmask/dataset_cropped/09_Metas/10/08/20190910085300_00160.png,262.4,217.7,173.8,23.9,955
9/10/2019 8:54,datasets/dataset_cropped/09_Metas/10/08/20190910085400_00160.jpg,datasets_flow/dataset_cropped/09_Metas/10/08/20190910085400_00160.jpg,datasets_cloudmask/dataset_cropped/09_Metas/10/08/20190910085400_00160.png,246.2,167.5,177.5,23.9,955
9/10/2019 8:55,datasets/dataset_cropped/09_Metas/10/08/20190910085500_00160.jpg,datasets_flow/dataset_cropped/09_Metas/10/08/20190910085500_00160.jpg,datasets_cloudmask/dataset_cropped/09_Metas/10/08/20190910085500_00160.png,228.6,115,181,24,955
9/10/2019 8:56,datasets/dataset_cropped/09_Metas/10/08/20190910085600_00160.jpg,datasets_flow/dataset_cropped/09_Metas/10/08/20190910085600_00160.jpg,datasets_cloudmask/dataset_cropped/09_Metas/10/08/20190910085600_00160.png,227.5,99.6,185.5,24,955
9/10/2019 8:57,datasets/dataset_cropped/09_Metas/10/08/20190910085700_00160.jpg,datasets_flow/dataset_cropped/09_Metas/10/08/20190910085700_00160.jpg,datasets_cloudmask/dataset_cropped/09_Metas/10/08/20190910085700_00160.png,260.2,165.6,189.9,24,955
9/10/2019 8:58,datasets/dataset_cropped/09_Metas/10/08/20190910085800_00160.jpg,datasets_flow/dataset_cropped/09_Metas/10/08/20190910085800_00160.jpg,datasets_cloudmask/dataset_cropped/09_Metas/10/08/20190910085800_00160.png,232.4,87.9,194.8,24.2,955
9/10/2019 8:59,datasets/dataset_cropped/09_Metas/10/08/20190910085900_00160.jpg,datasets_flow/dataset_cropped/09_Metas/10/08/20190910085900_00160.jpg,datasets_cloudmask/dataset_cropped/09_Metas/10/08/20190910085900_00160.png,260.8,138.3,200.8,24.3,955
9/10/2019 9:00,datasets/dataset_cropped/09_Metas/10/09/20190910090000_00160.jpg,datasets_flow/dataset_cropped/09_Metas/10/09/20190910090000_00160.jpg,datasets_cloudmask/dataset_cropped/09_Metas/10/09/20190910090000_00160.png,339.7,308.2,206.3,24.4,955
9/10/2019 9:01,datasets/dataset_cropped/09_Metas/10/09/20190910090100_00160.jpg,datasets_flow/dataset_cropped/09_Metas/10/09/20190910090100_00160.jpg,datasets_cloudmask/dataset_cropped/09_Metas/10/09/20190910090100_00160.png,297.5,203.3,209.1,24.6,955
9/10/2019 9:02,datasets/dataset_cropped/09_Metas/10/09/20190910090200_00160.jpg,datasets_flow/dataset_cropped/09_Metas/10/09/20190910090200_00160.jpg,datasets_cloudmask/dataset_cropped/09_Metas/10/09/20190910090200_00160.png,261,111.6,212.4,24.8,955
9/10/2019 9:03,datasets/dataset_cropped/09_Metas/10/09/20190910090300_00160.jpg,datasets_flow/dataset_cropped/09_Metas/10/09/20190910090300_00160.jpg,datasets_cloudmask/dataset_cropped/09_Metas/10/09/20190910090300_00160.png,252.7,80.8,217.6,24.9,955
9/10/2019 9:04,datasets/dataset_cropped/09_Metas/10/09/20190910090400_00160.jpg,datasets_flow/dataset_cropped/09_Metas/10/09/20190910090400_00160.jpg,datasets_cloudmask/dataset_cropped/09_Metas/10/09/20190910090400_00160.png,318,213,223.6,24.9,955
9/10/2019 9:05,datasets/dataset_cropped/09_Metas/10/09/20190910090500_00160.jpg,datasets_flow/dataset_cropped/09_Metas/10/09/20190910090500_00160.jpg,datasets_cloudmask/dataset_cropped/09_Metas/10/09/20190910090500_00160.png,302.5,166.5,228.6,25,955
9/10/2019 9:06,datasets/dataset_cropped/09_Metas/10/09/20190910090600_00160.jpg,datasets_flow/dataset_cropped/09_Metas/10/09/20190910090600_00160.jpg,datasets_cloudmask/dataset_cropped/09_Metas/10/09/20190910090600_00160.png,325.3,206,232.9,25.2,955
9/10/2019 9:07,datasets/dataset_cropped/09_Metas/10/09/20190910090700_00160.jpg,datasets_flow/dataset_cropped/09_Metas/10/09/20190910090700_00160.jpg,datasets_cloudmask/dataset_cropped/09_Metas/10/09/20190910090700_00160.png,342.9,237.6,236,25.2,955
9/10/2019 9:08,datasets/dataset_cropped/09_Metas/10/09/20190910090800_00160.jpg,datasets_flow/dataset_cropped/09_Metas/10/09/20190910090800_00160.jpg,datasets_cloudmask/dataset_cropped/09_Metas/10/09/20190910090800_00160.png,289.2,111.3,239.3,25.3,955
9/10/2019 9:09,datasets/dataset_cropped/09_Metas/10/09/20190910090900_00160.jpg,datasets_flow/dataset_cropped/09_Metas/10/09/20190910090900_00160.jpg,datasets_cloudmask/dataset_cropped/09_Metas/10/09/20190910090900_00160.png,285,91.2,243.7,25.5,955
9/10/2019 9:10,datasets/dataset_cropped/09_Metas/10/09/20190910091000_00160.jpg,datasets_flow/dataset_cropped/09_Metas/10/09/20190910091000_00160.jpg,datasets_cloudmask/dataset_cropped/09_Metas/10/09/20190910091000_00160.png,310.2,137,247.3,25.4,955
9/10/2019 9:11,datasets/dataset_cropped/09_Metas/10/09/20190910091100_00160.jpg,datasets_flow/dataset_cropped/09_Metas/10/09/20190910091100_00160.jpg,datasets_cloudmask/dataset_cropped/09_Metas/10/09/20190910091100_00160.png,316.8,145.4,249.7,25.4,955
9/10/2019 9:12,datasets/dataset_cropped/09_Metas/10/09/20190910091200_00160.jpg,datasets_flow/dataset_cropped/09_Metas/10/09/20190910091200_00160.jpg,datasets_cloudmask/dataset_cropped/09_Metas/10/09/20190910091200_00160.png,295.7,96.1,251.2,25.5,955
9/10/2019 9:13,datasets/dataset_cropped/09_Metas/10/09/20190910091300_00160.jpg,datasets_flow/dataset_cropped/09_Metas/10/09/20190910091300_00160.jpg,datasets_cloudmask/dataset_cropped/09_Metas/10/09/20190910091300_00160.png,325.1,155.2,252,25.6,955
9/10/2019 9:14,datasets/dataset_cropped/09_Metas/10/09/20190910091400_00160.jpg,datasets_flow/dataset_cropped/09_Metas/10/09/20190910091400_00160.jpg,datasets_cloudmask/dataset_cropped/09_Metas/10/09/20190910091400_00160.png,376.3,264.1,251.6,25.6,955
9/10/2019 9:15,datasets/dataset_cropped/09_Metas/10/09/20190910091500_00160.jpg,datasets_flow/dataset_cropped/09_Metas/10/09/20190910091500_00160.jpg,datasets_cloudmask/dataset_cropped/09_Metas/10/09/20190910091500_00160.png,317.5,143.7,249.8,25.7,955
9/10/2019 9:16,datasets/dataset_cropped/09_Metas/10/09/20190910091600_00160.jpg,datasets_flow/dataset_cropped/09_Metas/10/09/20190910091600_00160.jpg,datasets_cloudmask/dataset_cropped/09_Metas/10/09/20190910091600_00160.png,284.7,76.4,248.8,25.8,955
9/10/2019 9:17,datasets/dataset_cropped/09_Metas/10/09/20190910091700_00160.jpg,datasets_flow/dataset_cropped/09_Metas/10/09/20190910091700_00160.jpg,datasets_cloudmask/dataset_cropped/09_Metas/10/09/20190910091700_00160.png,359.4,228.9,249.4,25.9,955
9/10/2019 9:18,datasets/dataset_cropped/09_Metas/10/09/20190910091800_00160.jpg,datasets_flow/dataset_cropped/09_Metas/10/09/20190910091800_00160.jpg,datasets_cloudmask/dataset_cropped/09_Metas/10/09/20190910091800_00160.png,354.6,215.8,250.6,26,955
9/10/2019 9:19,datasets/dataset_cropped/09_Metas/10/09/20190910091900_00160.jpg,datasets_flow/dataset_cropped/09_Metas/10/09/20190910091900_00160.jpg,datasets_cloudmask/dataset_cropped/09_Metas/10/09/20190910091900_00160.png,301.3,101.1,252.8,26.2,955
9/10/2019 9:20,datasets/dataset_cropped/09_Metas/10/09/20190910092000_00160.jpg,datasets_flow/dataset_cropped/09_Metas/10/09/20190910092000_00160.jpg,datasets_cloudmask/dataset_cropped/09_Metas/10/09/20190910092000_00160.png,312.9,114,257.5,26.5,955
9/10/2019 9:21,datasets/dataset_cropped/09_Metas/10/09/20190910092100_00160.jpg,datasets_flow/dataset_cropped/09_Metas/10/09/20190910092100_00160.jpg,datasets_cloudmask/dataset_cropped/09_Metas/10/09/20190910092100_00160.png,332.8,140.1,263.9,26.7,955
9/10/2019 9:22,datasets/dataset_cropped/09_Metas/10/09/20190910092200_00160.jpg,datasets_flow/dataset_cropped/09_Metas/10/09/20190910092200_00160.jpg,datasets_cloudmask/dataset_cropped/09_Metas/10/09/20190910092200_00160.png,429.8,321,270.2,26.7,955
9/10/2019 9:23,datasets/dataset_cropped/09_Metas/10/09/20190910092300_00160.jpg,datasets_flow/dataset_cropped/09_Metas/10/09/20190910092300_00160.jpg,datasets_cloudmask/dataset_cropped/09_Metas/10/09/20190910092300_00160.png,453.3,356.9,275.4,26.7,955
9/10/2019 9:24,datasets/dataset_cropped/09_Metas/10/09/20190910092400_00160.jpg,datasets_flow/dataset_cropped/09_Metas/10/09/20190910092400_00160.jpg,datasets_cloudmask/dataset_cropped/09_Metas/10/09/20190910092400_00160.png,501.7,443.7,279.3,26.9,955
9/10/2019 9:25,datasets/dataset_cropped/09_Metas/10/09/20190910092500_00160.jpg,datasets_flow/dataset_cropped/09_Metas/10/09/20190910092500_00160.jpg,datasets_cloudmask/dataset_cropped/09_Metas/10/09/20190910092500_00160.png,526.8,487.8,281.2,26.9,955
9/10/2019 9:26,datasets/dataset_cropped/09_Metas/10/09/20190910092600_00160.jpg,datasets_flow/dataset_cropped/09_Metas/10/09/20190910092600_00160.jpg,datasets_cloudmask/dataset_cropped/09_Metas/10/09/20190910092600_00160.png,468.1,370.9,280.5,27,955
9/10/2019 9:27,datasets/dataset_cropped/09_Metas/10/09/20190910092700_00160.jpg,datasets_flow/dataset_cropped/09_Metas/10/09/20190910092700_00160.jpg,datasets_cloudmask/dataset_cropped/09_Metas/10/09/20190910092700_00160.png,494.4,420.9,279.8,27.2,955
9/10/2019 9:28,datasets/dataset_cropped/09_Metas/10/09/20190910092800_00160.jpg,datasets_flow/dataset_cropped/09_Metas/10/09/20190910092800_00160.jpg,datasets_cloudmask/dataset_cropped/09_Metas/10/09/20190910092800_00160.png,535.2,499.9,278.8,27.4,955
9/10/2019 9:29,datasets/dataset_cropped/09_Metas/10/09/20190910092912_00160.jpg,datasets_flow/dataset_cropped/09_Metas/10/09/20190910092912_00160.jpg,datasets_cloudmask/dataset_cropped/09_Metas/10/09/20190910092912_00160.png,476.9,395,272.6,27.7,955
9/10/2019 9:30,datasets/dataset_cropped/09_Metas/10/09/20190910093000_00160.jpg,datasets_flow/dataset_cropped/09_Metas/10/09/20190910093000_00160.jpg,datasets_cloudmask/dataset_cropped/09_Metas/10/09/20190910093000_00160.png,459.4,366.1,268.8,27.6,955
9/10/2019 9:31,datasets/dataset_cropped/09_Metas/10/09/20190910093100_00160.jpg,datasets_flow/dataset_cropped/09_Metas/10/09/20190910093100_00160.jpg,datasets_cloudmask/dataset_cropped/09_Metas/10/09/20190910093100_00160.png,448.8,349.8,265.3,27.4,955
9/10/2019 9:32,datasets/dataset_cropped/09_Metas/10/09/20190910093200_00160.jpg,datasets_flow/dataset_cropped/09_Metas/10/09/20190910093200_00160.jpg,datasets_cloudmask/dataset_cropped/09_Metas/10/09/20190910093200_00160.png,398.2,259,261.3,27.3,955
9/10/2019 9:33,datasets/dataset_cropped/09_Metas/10/09/20190910093300_00160.jpg,datasets_flow/dataset_cropped/09_Metas/10/09/20190910093300_00160.jpg,datasets_cloudmask/dataset_cropped/09_Metas/10/09/20190910093300_00160.png,312,105.2,255.8,27.3,955
9/10/2019 9:34,datasets/dataset_cropped/09_Metas/10/09/20190910093400_00160.jpg,datasets_flow/dataset_cropped/09_Metas/10/09/20190910093400_00160.jpg,datasets_cloudmask/dataset_cropped/09_Metas/10/09/20190910093400_00160.png,306.6,99.5,252.4,27.1,955
9/10/2019 9:35,datasets/dataset_cropped/09_Metas/10/09/20190910093500_00160.jpg,datasets_flow/dataset_cropped/09_Metas/10/09/20190910093500_00160.jpg,datasets_cloudmask/dataset_cropped/09_Metas/10/09/20190910093500_00160.png,323,133.4,250.3,27,955
9/10/2019 9:36,datasets/dataset_cropped/09_Metas/10/09/20190910093600_00160.jpg,datasets_flow/dataset_cropped/09_Metas/10/09/20190910093600_00160.jpg,datasets_cloudmask/dataset_cropped/09_Metas/10/09/20190910093600_00160.png,295.5,84.6,248.7,26.9,955
9/10/2019 9:37,datasets/dataset_cropped/09_Metas/10/09/20190910093700_00160.jpg,datasets_flow/dataset_cropped/09_Metas/10/09/20190910093700_00160.jpg,datasets_cloudmask/dataset_cropped/09_Metas/10/09/20190910093700_00160.png,335.2,156.7,248.5,26.8,955
9/10/2019 9:38,datasets/dataset_cropped/09_Metas/10/09/20190910093800_00160.jpg,datasets_flow/dataset_cropped/09_Metas/10/09/20190910093800_00160.jpg,datasets_cloudmask/dataset_cropped/09_Metas/10/09/20190910093800_00160.png,372,220.3,250,26.7,955
9/10/2019 9:39,datasets/dataset_cropped/09_Metas/10/09/20190910093900_00160.jpg,datasets_flow/dataset_cropped/09_Metas/10/09/20190910093900_00160.jpg,datasets_cloudmask/dataset_cropped/09_Metas/10/09/20190910093900_00160.png,439.8,341.9,251.2,26.7,955
9/10/2019 9:40,datasets/dataset_cropped/09_Metas/10/09/20190910094000_00160.jpg,datasets_flow/dataset_cropped/09_Metas/10/09/20190910094000_00160.jpg,datasets_cloudmask/dataset_cropped/09_Metas/10/09/20190910094000_00160.png,361.7,196.6,252.3,26.9,955
9/10/2019 9:41,datasets/dataset_cropped/09_Metas/10/09/20190910094100_00160.jpg,datasets_flow/dataset_cropped/09_Metas/10/09/20190910094100_00160.jpg,datasets_cloudmask/dataset_cropped/09_Metas/10/09/20190910094100_00160.png,356.1,178.1,255.9,26.9,955
9/10/2019 9:42,datasets/dataset_cropped/09_Metas/10/09/20190910094200_00160.jpg,datasets_flow/dataset_cropped/09_Metas/10/09/20190910094200_00160.jpg,datasets_cloudmask/dataset_cropped/09_Metas/10/09/20190910094200_00160.png,391.5,231.1,261.5,26.9,955
9/10/2019 9:43,datasets/dataset_cropped/09_Metas/10/09/20190910094300_00160.jpg,datasets_flow/dataset_cropped/09_Metas/10/09/20190910094300_00160.jpg,datasets_cloudmask/dataset_cropped/09_Metas/10/09/20190910094300_00160.png,396.1,227.6,267.6,26.9,955
9/10/2019 9:44,datasets/dataset_cropped/09_Metas/10/09/20190910094400_00160.jpg,datasets_flow/dataset_cropped/09_Metas/10/09/20190910094400_00160.jpg,datasets_cloudmask/dataset_cropped/09_Metas/10/09/20190910094400_00160.png,375.2,175.7,274.9,27,955
9/10/2019 9:45,datasets/dataset_cropped/09_Metas/10/09/20190910094500_00160.jpg,datasets_flow/dataset_cropped/09_Metas/10/09/20190910094500_00160.jpg,datasets_cloudmask/dataset_cropped/09_Metas/10/09/20190910094500_00160.png,459.1,308.2,283.3,26.9,955
9/10/2019 9:46,datasets/dataset_cropped/09_Metas/10/09/20190910094600_00160.jpg,datasets_flow/dataset_cropped/09_Metas/10/09/20190910094600_00160.jpg,datasets_cloudmask/dataset_cropped/09_Metas/10/09/20190910094600_00160.png,464.4,303,290.8,26.8,955
9/10/2019 9:47,datasets/dataset_cropped/09_Metas/10/09/20190910094700_00160.jpg,datasets_flow/dataset_cropped/09_Metas/10/09/20190910094700_00160.jpg,datasets_cloudmask/dataset_cropped/09_Metas/10/09/20190910094700_00160.png,464.8,291.3,297.6,26.7,955
9/10/2019 9:48,datasets/dataset_cropped/09_Metas/10/09/20190910094800_00160.jpg,datasets_flow/dataset_cropped/09_Metas/10/09/20190910094800_00160.jpg,datasets_cloudmask/dataset_cropped/09_Metas/10/09/20190910094800_00160.png,527.5,386.4,304.8,26.9,955
9/10/2019 9:49,datasets/dataset_cropped/09_Metas/10/09/20190910094900_00160.jpg,datasets_flow/dataset_cropped/09_Metas/10/09/20190910094900_00160.jpg,datasets_cloudmask/dataset_cropped/09_Metas/10/09/20190910094900_00160.png,508.2,341.1,310.2,26.9,955
9/10/2019 9:50,datasets/dataset_cropped/09_Metas/10/09/20190910095000_00160.jpg,datasets_flow/dataset_cropped/09_Metas/10/09/20190910095000_00160.jpg,datasets_cloudmask/dataset_cropped/09_Metas/10/09/20190910095000_00160.png,529,369.3,313.7,26.9,955
9/10/2019 9:51,datasets/dataset_cropped/09_Metas/10/09/20190910095100_00160.jpg,datasets_flow/dataset_cropped/09_Metas/10/09/20190910095100_00160.jpg,datasets_cloudmask/dataset_cropped/09_Metas/10/09/20190910095100_00160.png,498.1,312.6,314.7,26.9,955
9/10/2019 9:52,datasets/dataset_cropped/09_Metas/10/09/20190910095200_00160.jpg,datasets_flow/dataset_cropped/09_Metas/10/09/20190910095200_00160.jpg,datasets_cloudmask/dataset_cropped/09_Metas/10/09/20190910095200_00160.png,464.2,252.8,314.5,26.8,955
9/10/2019 9:53,datasets/dataset_cropped/09_Metas/10/09/20190910095300_00160.jpg,datasets_flow/dataset_cropped/09_Metas/10/09/20190910095300_00160.jpg,datasets_cloudmask/dataset_cropped/09_Metas/10/09/20190910095300_00160.png,452.5,234.2,313.2,26.8,955
9/10/2019 9:54,datasets/dataset_cropped/09_Metas/10/09/20190910095400_00160.jpg,datasets_flow/dataset_cropped/09_Metas/10/09/20190910095400_00160.jpg,datasets_cloudmask/dataset_cropped/09_Metas/10/09/20190910095400_00160.png,416.4,175.8,311,26.8,955
9/10/2019 9:55,datasets/dataset_cropped/09_Metas/10/09/20190910095500_00160.jpg,datasets_flow/dataset_cropped/09_Metas/10/09/20190910095500_00160.jpg,datasets_cloudmask/dataset_cropped/09_Metas/10/09/20190910095500_00160.png,385,125.4,308.8,26.7,955
9/10/2019 9:56,datasets/dataset_cropped/09_Metas/10/09/20190910095600_00160.jpg,datasets_flow/dataset_cropped/09_Metas/10/09/20190910095600_00160.jpg,datasets_cloudmask/dataset_cropped/09_Metas/10/09/20190910095600_00160.png,372.5,104.8,308.3,26.7,955
9/10/2019 9:57,datasets/dataset_cropped/09_Metas/10/09/20190910095700_00160.jpg,datasets_flow/dataset_cropped/09_Metas/10/09/20190910095700_00160.jpg,datasets_cloudmask/dataset_cropped/09_Metas/10/09/20190910095700_00160.png,363.5,88.1,309.4,26.8,955
9/10/2019 9:58,datasets/dataset_cropped/09_Metas/10/09/20190910095800_00160.jpg,datasets_flow/dataset_cropped/09_Metas/10/09/20190910095800_00160.jpg,datasets_cloudmask/dataset_cropped/09_Metas/10/09/20190910095800_00160.png,351.1,63.1,312.1,26.9,955
9/10/2019 9:59,datasets/dataset_cropped/09_Metas/10/09/20190910095900_00160.jpg,datasets_flow/dataset_cropped/09_Metas/10/09/20190910095900_00160.jpg,datasets_cloudmask/dataset_cropped/09_Metas/10/09/20190910095900_00160.png,359,68.6,316.1,26.8,955
9/10/2019 10:00,datasets/dataset_cropped/09_Metas/10/10/20190910100000_00160.jpg,datasets_flow/dataset_cropped/09_Metas/10/10/20190910100000_00160.jpg,datasets_cloudmask/dataset_cropped/09_Metas/10/10/20190910100000_00160.png,364.8,69.2,321.1,26.9,955
9/10/2019 10:01,datasets/dataset_cropped/09_Metas/10/10/20190910100100_00160.jpg,datasets_flow/dataset_cropped/09_Metas/10/10/20190910100100_00160.jpg,datasets_cloudmask/dataset_cropped/09_Metas/10/10/20190910100100_00160.png,375.7,75.2,327.6,26.9,955
9/10/2019 10:02,datasets/dataset_cropped/09_Metas/10/10/20190910100200_00160.jpg,datasets_flow/dataset_cropped/09_Metas/10/10/20190910100200_00160.jpg,datasets_cloudmask/dataset_cropped/09_Metas/10/10/20190910100200_00160.png,413.5,124.9,334.5,26.7,955
9/10/2019 10:03,datasets/dataset_cropped/09_Metas/10/10/20190910100300_00160.jpg,datasets_flow/dataset_cropped/09_Metas/10/10/20190910100300_00160.jpg,datasets_cloudmask/dataset_cropped/09_Metas/10/10/20190910100300_00160.png,435.5,153.4,338.7,26.8,955
9/10/2019 10:04,datasets/dataset_cropped/09_Metas/10/10/20190910100400_00160.jpg,datasets_flow/dataset_cropped/09_Metas/10/10/20190910100400_00160.jpg,datasets_cloudmask/dataset_cropped/09_Metas/10/10/20190910100400_00160.png,409.5,109.5,339.8,26.7,955
9/10/2019 10:05,datasets/dataset_cropped/09_Metas/10/10/20190910100500_00160.jpg,datasets_flow/dataset_cropped/09_Metas/10/10/20190910100500_00160.jpg,datasets_cloudmask/dataset_cropped/09_Metas/10/10/20190910100500_00160.png,404.8,99.3,341.2,26.8,955
9/10/2019 10:06,datasets/dataset_cropped/09_Metas/10/10/20190910100600_00160.jpg,datasets_flow/dataset_cropped/09_Metas/10/10/20190910100600_00160.jpg,datasets_cloudmask/dataset_cropped/09_Metas/10/10/20190910100600_00160.png,420.1,122,342.2,26.7,954
9/10/2019 10:07,datasets/dataset_cropped/09_Metas/10/10/20190910100700_00160.jpg,datasets_flow/dataset_cropped/09_Metas/10/10/20190910100700_00160.jpg,datasets_cloudmask/dataset_cropped/09_Metas/10/10/20190910100700_00160.png,407,102.9,340.9,26.7,955
9/10/2019 10:08,datasets/dataset_cropped/09_Metas/10/10/20190910100800_00160.jpg,datasets_flow/dataset_cropped/09_Metas/10/10/20190910100800_00160.jpg,datasets_cloudmask/dataset_cropped/09_Metas/10/10/20190910100800_00160.png,387.6,75.8,338.3,26.6,954
9/10/2019 10:09,datasets/dataset_cropped/09_Metas/10/10/20190910100900_00160.jpg,datasets_flow/dataset_cropped/09_Metas/10/10/20190910100900_00160.jpg,datasets_cloudmask/dataset_cropped/09_Metas/10/10/20190910100900_00160.png,373.1,57.7,335.1,26.6,955
9/10/2019 10:10,datasets/dataset_cropped/09_Metas/10/10/20190910101000_00160.jpg,datasets_flow/dataset_cropped/09_Metas/10/10/20190910101000_00160.jpg,datasets_cloudmask/dataset_cropped/09_Metas/10/10/20190910101000_00160.png,374.5,64.3,331.9,26.7,954
9/10/2019 10:11,datasets/dataset_cropped/09_Metas/10/10/20190910101100_00160.jpg,datasets_flow/dataset_cropped/09_Metas/10/10/20190910101100_00160.jpg,datasets_cloudmask/dataset_cropped/09_Metas/10/10/20190910101100_00160.png,368.9,60.6,328.6,26.6,954
9/10/2019 10:12,datasets/dataset_cropped/09_Metas/10/10/20190910101200_00160.jpg,datasets_flow/dataset_cropped/09_Metas/10/10/20190910101200_00160.jpg,datasets_cloudmask/dataset_cropped/09_Metas/10/10/20190910101200_00160.png,354.5,43.6,325.1,26.6,955
9/10/2019 10:13,datasets/dataset_cropped/09_Metas/10/10/20190910101300_00160.jpg,datasets_flow/dataset_cropped/09_Metas/10/10/20190910101300_00160.jpg,datasets_cloudmask/dataset_cropped/09_Metas/10/10/20190910101300_00160.png,341.8,28.1,322.6,26.7,955
9/10/2019 10:14,datasets/dataset_cropped/09_Metas/10/10/20190910101400_00160.jpg,datasets_flow/dataset_cropped/09_Metas/10/10/20190910101400_00160.jpg,datasets_cloudmask/dataset_cropped/09_Metas/10/10/20190910101400_00160.png,338.6,24,322,26.6,954
9/10/2019 10:15,datasets/dataset_cropped/09_Metas/10/10/20190910101500_00160.jpg,datasets_flow/dataset_cropped/09_Metas/10/10/20190910101500_00160.jpg,datasets_cloudmask/dataset_cropped/09_Metas/10/10/20190910101500_00160.png,338.9,23.1,322.9,26.6,955
9/10/2019 10:16,datasets/dataset_cropped/09_Metas/10/10/20190910101600_00160.jpg,datasets_flow/dataset_cropped/09_Metas/10/10/20190910101600_00160.jpg,datasets_cloudmask/dataset_cropped/09_Metas/10/10/20190910101600_00160.png,341.5,24.3,324.6,26.6,955
9/10/2019 10:17,datasets/dataset_cropped/09_Metas/10/10/20190910101700_00160.jpg,datasets_flow/dataset_cropped/09_Metas/10/10/20190910101700_00160.jpg,datasets_cloudmask/dataset_cropped/09_Metas/10/10/20190910101700_00160.png,342.7,23.5,326.3,26.6,955
9/10/2019 10:18,datasets/dataset_cropped/09_Metas/10/10/20190910101800_00160.jpg,datasets_flow/dataset_cropped/09_Metas/10/10/20190910101800_00160.jpg,datasets_cloudmask/dataset_cropped/09_Metas/10/10/20190910101800_00160.png,346.4,26.4,327.9,26.7,955
9/10/2019 10:19,datasets/dataset_cropped/09_Metas/10/10/20190910101900_00160.jpg,datasets_flow/dataset_cropped/09_Metas/10/10/20190910101900_00160.jpg,datasets_cloudmask/dataset_cropped/09_Metas/10/10/20190910101900_00160.png,346.8,26.6,328.4,26.9,955
9/10/2019 10:20,datasets/dataset_cropped/09_Metas/10/10/20190910102000_00160.jpg,datasets_flow/dataset_cropped/09_Metas/10/10/20190910102000_00160.jpg,datasets_cloudmask/dataset_cropped/09_Metas/10/10/20190910102000_00160.png,341.8,19.8,327.5,26.8,955
9/10/2019 10:21,datasets/dataset_cropped/09_Metas/10/10/20190910102100_00160.jpg,datasets_flow/dataset_cropped/09_Metas/10/10/20190910102100_00160.jpg,datasets_cloudmask/dataset_cropped/09_Metas/10/10/20190910102100_00160.png,340.7,18.1,327.3,26.8,955
9/10/2019 10:22,datasets/dataset_cropped/09_Metas/10/10/20190910102200_00160.jpg,datasets_flow/dataset_cropped/09_Metas/10/10/20190910102200_00160.jpg,datasets_cloudmask/dataset_cropped/09_Metas/10/10/20190910102200_00160.png,341.1,18.1,327.7,26.8,954
9/10/2019 10:23,datasets/dataset_cropped/09_Metas/10/10/20190910102300_00160.jpg,datasets_flow/dataset_cropped/09_Metas/10/10/20190910102300_00160.jpg,datasets_cloudmask/dataset_cropped/09_Metas/10/10/20190910102300_00160.png,341.2,16,329.3,26.7,954
9/10/2019 10:24,datasets/dataset_cropped/09_Metas/10/10/20190910102400_00160.jpg,datasets_flow/dataset_cropped/09_Metas/10/10/20190910102400_00160.jpg,datasets_cloudmask/dataset_cropped/09_Metas/10/10/20190910102400_00160.png,343.6,16.4,331.5,26.7,954
9/10/2019 10:25,datasets/dataset_cropped/09_Metas/10/10/20190910102500_00160.jpg,datasets_flow/dataset_cropped/09_Metas/10/10/20190910102500_00160.jpg,datasets_cloudmask/dataset_cropped/09_Metas/10/10/20190910102500_00160.png,349.4,22.4,333.1,26.8,954
9/10/2019 10:26,datasets/dataset_cropped/09_Metas/10/10/20190910102600_00160.jpg,datasets_flow/dataset_cropped/09_Metas/10/10/20190910102600_00160.jpg,datasets_cloudmask/dataset_cropped/09_Metas/10/10/20190910102600_00160.png,347.5,17.5,334.7,26.9,954
9/10/2019 10:27,datasets/dataset_cropped/09_Metas/10/10/20190910102700_00160.jpg,datasets_flow/dataset_cropped/09_Metas/10/10/20190910102700_00160.jpg,datasets_cloudmask/dataset_cropped/09_Metas/10/10/20190910102700_00160.png,352.7,22.5,336.4,26.9,954
9/10/2019 10:28,datasets/dataset_cropped/09_Metas/10/10/20190910102800_00160.jpg,datasets_flow/dataset_cropped/09_Metas/10/10/20190910102800_00160.jpg,datasets_cloudmask/dataset_cropped/09_Metas/10/10/20190910102800_00160.png,359.9,31,338,26.9,954
9/10/2019 10:29,datasets/dataset_cropped/09_Metas/10/10/20190910102900_00160.jpg,datasets_flow/dataset_cropped/09_Metas/10/10/20190910102900_00160.jpg,datasets_cloudmask/dataset_cropped/09_Metas/10/10/20190910102900_00160.png,366.7,41,338,26.9,955
9/10/2019 10:30,datasets/dataset_cropped/09_Metas/10/10/20190910103000_00160.jpg,datasets_flow/dataset_cropped/09_Metas/10/10/20190910103000_00160.jpg,datasets_cloudmask/dataset_cropped/09_Metas/10/10/20190910103000_00160.png,363.5,38.5,336.7,26.9,954
9/10/2019 10:31,datasets/dataset_cropped/09_Metas/10/10/20190910103100_00160.jpg,datasets_flow/dataset_cropped/09_Metas/10/10/20190910103100_00160.jpg,datasets_cloudmask/dataset_cropped/09_Metas/10/10/20190910103100_00160.png,353.2,25.9,334.7,27.1,955
9/10/2019 10:32,datasets/dataset_cropped/09_Metas/10/10/20190910103200_00160.jpg,datasets_flow/dataset_cropped/09_Metas/10/10/20190910103200_00160.jpg,datasets_cloudmask/dataset_cropped/09_Metas/10/10/20190910103200_00160.png,360.6,32.7,336.9,27.1,955
9/10/2019 10:33,datasets/dataset_cropped/09_Metas/10/10/20190910103300_00160.jpg,datasets_flow/dataset_cropped/09_Metas/10/10/20190910103300_00160.jpg,datasets_cloudmask/dataset_cropped/09_Metas/10/10/20190910103300_00160.png,368.7,39.5,339.9,27.1,954
9/10/2019 10:34,datasets/dataset_cropped/09_Metas/10/10/20190910103400_00160.jpg,datasets_flow/dataset_cropped/09_Metas/10/10/20190910103400_00160.jpg,datasets_cloudmask/dataset_cropped/09_Metas/10/10/20190910103400_00160.png,374.2,40.4,344.4,26.9,954
9/10/2019 10:35,datasets/dataset_cropped/09_Metas/10/10/20190910103500_00160.jpg,datasets_flow/dataset_cropped/09_Metas/10/10/20190910103500_00160.jpg,datasets_cloudmask/dataset_cropped/09_Metas/10/10/20190910103500_00160.png,390.5,57.1,348.8,26.8,955
9/10/2019 10:36,datasets/dataset_cropped/09_Metas/10/10/20190910103600_00160.jpg,datasets_flow/dataset_cropped/09_Metas/10/10/20190910103600_00160.jpg,datasets_cloudmask/dataset_cropped/09_Metas/10/10/20190910103600_00160.png,398.9,62.6,352.9,26.8,955
9/10/2019 10:37,datasets/dataset_cropped/09_Metas/10/10/20190910103700_00160.jpg,datasets_flow/dataset_cropped/09_Metas/10/10/20190910103700_00160.jpg,datasets_cloudmask/dataset_cropped/09_Metas/10/10/20190910103700_00160.png,424.7,93.7,356.9,26.8,954
9/10/2019 10:38,datasets/dataset_cropped/09_Metas/10/10/20190910103800_00160.jpg,datasets_flow/dataset_cropped/09_Metas/10/10/20190910103800_00160.jpg,datasets_cloudmask/dataset_cropped/09_Metas/10/10/20190910103800_00160.png,455.4,132.7,360.1,26.9,954
9/10/2019 10:39,datasets/dataset_cropped/09_Metas/10/10/20190910103900_00160.jpg,datasets_flow/dataset_cropped/09_Metas/10/10/20190910103900_00160.jpg,datasets_cloudmask/dataset_cropped/09_Metas/10/10/20190910103900_00160.png,436.4,102.7,362,27.1,954
9/10/2019 10:40,datasets/dataset_cropped/09_Metas/10/10/20190910104000_00160.jpg,datasets_flow/dataset_cropped/09_Metas/10/10/20190910104000_00160.jpg,datasets_cloudmask/dataset_cropped/09_Metas/10/10/20190910104000_00160.png,439.3,105.5,362.6,27.2,954
9/10/2019 10:41,datasets/dataset_cropped/09_Metas/10/10/20190910104100_00160.jpg,datasets_flow/dataset_cropped/09_Metas/10/10/20190910104100_00160.jpg,datasets_cloudmask/dataset_cropped/09_Metas/10/10/20190910104100_00160.png,462.6,137.7,362.9,27.1,954
9/10/2019 10:42,datasets/dataset_cropped/09_Metas/10/10/20190910104200_00160.jpg,datasets_flow/dataset_cropped/09_Metas/10/10/20190910104200_00160.jpg,datasets_cloudmask/dataset_cropped/09_Metas/10/10/20190910104200_00160.png,464.8,141.6,362.1,27.1,954
9/10/2019 10:43,datasets/dataset_cropped/09_Metas/10/10/20190910104300_00160.jpg,datasets_flow/dataset_cropped/09_Metas/10/10/20190910104300_00160.jpg,datasets_cloudmask/dataset_cropped/09_Metas/10/10/20190910104300_00160.png,486.2,173.7,360.5,27.2,954
9/10/2019 10:44,datasets/dataset_cropped/09_Metas/10/10/20190910104400_00160.jpg,datasets_flow/dataset_cropped/09_Metas/10/10/20190910104400_00160.jpg,datasets_cloudmask/dataset_cropped/09_Metas/10/10/20190910104400_00160.png,465.2,150.1,355.9,27.2,954
9/10/2019 10:45,datasets/dataset_cropped/09_Metas/10/10/20190910104500_00160.jpg,datasets_flow/dataset_cropped/09_Metas/10/10/20190910104500_00160.jpg,datasets_cloudmask/dataset_cropped/09_Metas/10/10/20190910104500_00160.png,452.3,137,351.8,27.2,954
9/10/2019 10:46,datasets/dataset_cropped/09_Metas/10/10/20190910104600_00160.jpg,datasets_flow/dataset_cropped/09_Metas/10/10/20190910104600_00160.jpg,datasets_cloudmask/dataset_cropped/09_Metas/10/10/20190910104600_00160.png,461.3,152.2,349.5,27.1,954
9/10/2019 10:47,datasets/dataset_cropped/09_Metas/10/10/20190910104700_00160.jpg,datasets_flow/dataset_cropped/09_Metas/10/10/20190910104700_00160.jpg,datasets_cloudmask/dataset_cropped/09_Metas/10/10/20190910104700_00160.png,483.3,184.2,348,27,954
9/10/2019 10:48,datasets/dataset_cropped/09_Metas/10/10/20190910104800_00160.jpg,datasets_flow/dataset_cropped/09_Metas/10/10/20190910104800_00160.jpg,datasets_cloudmask/dataset_cropped/09_Metas/10/10/20190910104800_00160.png,501.8,211.1,346.8,26.9,954
9/10/2019 10:49,datasets/dataset_cropped/09_Metas/10/10/20190910104900_00160.jpg,datasets_flow/dataset_cropped/09_Metas/10/10/20190910104900_00160.jpg,datasets_cloudmask/dataset_cropped/09_Metas/10/10/20190910104900_00160.png,483.5,188.7,344.2,27.1,954
9/10/2019 10:50,datasets/dataset_cropped/09_Metas/10/10/20190910105000_00160.jpg,datasets_flow/dataset_cropped/09_Metas/10/10/20190910105000_00160.jpg,datasets_cloudmask/dataset_cropped/09_Metas/10/10/20190910105000_00160.png,492.4,202.5,342.6,27.4,954
9/10/2019 10:51,datasets/dataset_cropped/09_Metas/10/10/20190910105100_00160.jpg,datasets_flow/dataset_cropped/09_Metas/10/10/20190910105100_00160.jpg,datasets_cloudmask/dataset_cropped/09_Metas/10/10/20190910105100_00160.png,508.3,225.5,341.6,27.3,954
9/10/2019 10:52,datasets/dataset_cropped/09_Metas/10/10/20190910105200_00160.jpg,datasets_flow/dataset_cropped/09_Metas/10/10/20190910105200_00160.jpg,datasets_cloudmask/dataset_cropped/09_Metas/10/10/20190910105200_00160.png,512.8,232.1,341.4,27.2,954
9/10/2019 10:53,datasets/dataset_cropped/09_Metas/10/10/20190910105300_00160.jpg,datasets_flow/dataset_cropped/09_Metas/10/10/20190910105300_00160.jpg,datasets_cloudmask/dataset_cropped/09_Metas/10/10/20190910105300_00160.png,533.1,258.3,342.5,27.2,954
9/10/2019 10:54,datasets/dataset_cropped/09_Metas/10/10/20190910105400_00160.jpg,datasets_flow/dataset_cropped/09_Metas/10/10/20190910105400_00160.jpg,datasets_cloudmask/dataset_cropped/09_Metas/10/10/20190910105400_00160.png,557.7,289.8,343.7,27.5,954
9/10/2019 10:55,datasets/dataset_cropped/09_Metas/10/10/20190910105500_00160.jpg,datasets_flow/dataset_cropped/09_Metas/10/10/20190910105500_00160.jpg,datasets_cloudmask/dataset_cropped/09_Metas/10/10/20190910105500_00160.png,542.8,266.2,345.4,27.7,954
9/10/2019 10:56,datasets/dataset_cropped/09_Metas/10/10/20190910105600_00160.jpg,datasets_flow/dataset_cropped/09_Metas/10/10/20190910105600_00160.jpg,datasets_cloudmask/dataset_cropped/09_Metas/10/10/20190910105600_00160.png,596.4,333.7,349.2,27.6,954
9/10/2019 10:57,datasets/dataset_cropped/09_Metas/10/10/20190910105700_00160.jpg,datasets_flow/dataset_cropped/09_Metas/10/10/20190910105700_00160.jpg,datasets_cloudmask/dataset_cropped/09_Metas/10/10/20190910105700_00160.png,613.5,350.7,353.2,27.7,954
9/10/2019 10:58,datasets/dataset_cropped/09_Metas/10/10/20190910105800_00160.jpg,datasets_flow/dataset_cropped/09_Metas/10/10/20190910105800_00160.jpg,datasets_cloudmask/dataset_cropped/09_Metas/10/10/20190910105800_00160.png,649.9,394.2,357.1,27.7,954
9/10/2019 10:59,datasets/dataset_cropped/09_Metas/10/10/20190910105900_00160.jpg,datasets_flow/dataset_cropped/09_Metas/10/10/20190910105900_00160.jpg,datasets_cloudmask/dataset_cropped/09_Metas/10/10/20190910105900_00160.png,718.3,480.7,361.2,27.7,954
9/10/2019 11:00,datasets/dataset_cropped/09_Metas/10/11/20190910110000_00160.jpg,datasets_flow/dataset_cropped/09_Metas/10/11/20190910110000_00160.jpg,datasets_cloudmask/dataset_cropped/09_Metas/10/11/20190910110000_00160.png,764.2,536.6,365.2,27.8,954
9/10/2019 11:01,datasets/dataset_cropped/09_Metas/10/11/20190910110100_00160.jpg,datasets_flow/dataset_cropped/09_Metas/10/11/20190910110100_00160.jpg,datasets_cloudmask/dataset_cropped/09_Metas/10/11/20190910110100_00160.png,690.7,429.3,369.6,27.8,954
9/10/2019 11:02,datasets/dataset_cropped/09_Metas/10/11/20190910110200_00160.jpg,datasets_flow/dataset_cropped/09_Metas/10/11/20190910110200_00160.jpg,datasets_cloudmask/dataset_cropped/09_Metas/10/11/20190910110200_00160.png,606.2,308,374.1,27.8,954
9/10/2019 11:03,datasets/dataset_cropped/09_Metas/10/11/20190910110300_00160.jpg,datasets_flow/dataset_cropped/09_Metas/10/11/20190910110300_00160.jpg,datasets_cloudmask/dataset_cropped/09_Metas/10/11/20190910110300_00160.png,646.3,354.3,379.2,27.6,954
9/10/2019 11:04,datasets/dataset_cropped/09_Metas/10/11/20190910110400_00160.jpg,datasets_flow/dataset_cropped/09_Metas/10/11/20190910110400_00160.jpg,datasets_cloudmask/dataset_cropped/09_Metas/10/11/20190910110400_00160.png,639.6,338.6,383.6,27.9,954
9/10/2019 11:05,datasets/dataset_cropped/09_Metas/10/11/20190910110500_00160.jpg,datasets_flow/dataset_cropped/09_Metas/10/11/20190910110500_00160.jpg,datasets_cloudmask/dataset_cropped/09_Metas/10/11/20190910110500_00160.png,618.4,303.2,387.9,27.7,954
9/10/2019 11:06,datasets/dataset_cropped/09_Metas/10/11/20190910110600_00160.jpg,datasets_flow/dataset_cropped/09_Metas/10/11/20190910110600_00160.jpg,datasets_cloudmask/dataset_cropped/09_Metas/10/11/20190910110600_00160.png,678,376.8,391.8,27.5,954
9/10/2019 11:07,datasets/dataset_cropped/09_Metas/10/11/20190910110700_00160.jpg,datasets_flow/dataset_cropped/09_Metas/10/11/20190910110700_00160.jpg,datasets_cloudmask/dataset_cropped/09_Metas/10/11/20190910110700_00160.png,670.4,362,394.5,27.4,954
9/10/2019 11:08,datasets/dataset_cropped/09_Metas/10/11/20190910110800_00160.jpg,datasets_flow/dataset_cropped/09_Metas/10/11/20190910110800_00160.jpg,datasets_cloudmask/dataset_cropped/09_Metas/10/11/20190910110800_00160.png,651.7,333.6,396.5,27.6,954
9/10/2019 11:09,datasets/dataset_cropped/09_Metas/10/11/20190910110900_00160.jpg,datasets_flow/dataset_cropped/09_Metas/10/11/20190910110900_00160.jpg,datasets_cloudmask/dataset_cropped/09_Metas/10/11/20190910110900_00160.png,635.3,311.1,396.6,27.4,954
9/10/2019 11:10,datasets/dataset_cropped/09_Metas/10/11/20190910111000_00160.jpg,datasets_flow/dataset_cropped/09_Metas/10/11/20190910111000_00160.jpg,datasets_cloudmask/dataset_cropped/09_Metas/10/11/20190910111000_00160.png,639.1,316.3,395.8,27.5,954
9/10/2019 11:11,datasets/dataset_cropped/09_Metas/10/11/20190910111100_00160.jpg,datasets_flow/dataset_cropped/09_Metas/10/11/20190910111100_00160.jpg,datasets_cloudmask/dataset_cropped/09_Metas/10/11/20190910111100_00160.png,656.1,340.3,394.1,27.6,954
9/10/2019 11:12,datasets/dataset_cropped/09_Metas/10/11/20190910111200_00160.jpg,datasets_flow/dataset_cropped/09_Metas/10/11/20190910111200_00160.jpg,datasets_cloudmask/dataset_cropped/09_Metas/10/11/20190910111200_00160.png,623.5,299.1,392.2,27.5,954
9/10/2019 11:13,datasets/dataset_cropped/09_Metas/10/11/20190910111300_00160.jpg,datasets_flow/dataset_cropped/09_Metas/10/11/20190910111300_00160.jpg,datasets_cloudmask/dataset_cropped/09_Metas/10/11/20190910111300_00160.png,602.4,273.7,389.7,27.8,954
9/10/2019 11:14,datasets/dataset_cropped/09_Metas/10/11/20190910111400_00160.jpg,datasets_flow/dataset_cropped/09_Metas/10/11/20190910111400_00160.jpg,datasets_cloudmask/dataset_cropped/09_Metas/10/11/20190910111400_00160.png,590,261.3,386.1,27.9,954
9/10/2019 11:15,datasets/dataset_cropped/09_Metas/10/11/20190910111500_00160.jpg,datasets_flow/dataset_cropped/09_Metas/10/11/20190910111500_00160.jpg,datasets_cloudmask/dataset_cropped/09_Metas/10/11/20190910111500_00160.png,576.4,247.8,382.1,27.7,954
9/10/2019 11:16,datasets/dataset_cropped/09_Metas/10/11/20190910111600_00160.jpg,datasets_flow/dataset_cropped/09_Metas/10/11/20190910111600_00160.jpg,datasets_cloudmask/dataset_cropped/09_Metas/10/11/20190910111600_00160.png,582.7,260.6,378.1,27.5,954
9/10/2019 11:17,datasets/dataset_cropped/09_Metas/10/11/20190910111700_00160.jpg,datasets_flow/dataset_cropped/09_Metas/10/11/20190910111700_00160.jpg,datasets_cloudmask/dataset_cropped/09_Metas/10/11/20190910111700_00160.png,608.2,298,374.4,27.4,954
9/10/2019 11:18,datasets/dataset_cropped/09_Metas/10/11/20190910111800_00160.jpg,datasets_flow/dataset_cropped/09_Metas/10/11/20190910111800_00160.jpg,datasets_cloudmask/dataset_cropped/09_Metas/10/11/20190910111800_00160.png,594.8,285.2,370.4,27.4,954
9/10/2019 11:19,datasets/dataset_cropped/09_Metas/10/11/20190910111900_00160.jpg,datasets_flow/dataset_cropped/09_Metas/10/11/20190910111900_00160.jpg,datasets_cloudmask/dataset_cropped/09_Metas/10/11/20190910111900_00160.png,539.8,218.3,366.2,27.4,954
9/10/2019 11:20,datasets/dataset_cropped/09_Metas/10/11/20190910112000_00160.jpg,datasets_flow/dataset_cropped/09_Metas/10/11/20190910112000_00160.jpg,datasets_cloudmask/dataset_cropped/09_Metas/10/11/20190910112000_00160.png,513.5,189.1,362.1,27.3,954
9/10/2019 11:21,datasets/dataset_cropped/09_Metas/10/11/20190910112100_00160.jpg,datasets_flow/dataset_cropped/09_Metas/10/11/20190910112100_00160.jpg,datasets_cloudmask/dataset_cropped/09_Metas/10/11/20190910112100_00160.png,499.5,173.7,359.6,27.3,954
9/10/2019 11:22,datasets/dataset_cropped/09_Metas/10/11/20190910112200_00160.jpg,datasets_flow/dataset_cropped/09_Metas/10/11/20190910112200_00160.jpg,datasets_cloudmask/dataset_cropped/09_Metas/10/11/20190910112200_00160.png,526.3,208.6,358.9,27.6,954
9/10/2019 11:23,datasets/dataset_cropped/09_Metas/10/11/20190910112300_00160.jpg,datasets_flow/dataset_cropped/09_Metas/10/11/20190910112300_00160.jpg,datasets_cloudmask/dataset_cropped/09_Metas/10/11/20190910112300_00160.png,564.5,257.6,358.4,27.6,954
9/10/2019 11:24,datasets/dataset_cropped/09_Metas/10/11/20190910112400_00160.jpg,datasets_flow/dataset_cropped/09_Metas/10/11/20190910112400_00160.jpg,datasets_cloudmask/dataset_cropped/09_Metas/10/11/20190910112400_00160.png,603.6,308,357.9,27.6,954
9/10/2019 11:25,datasets/dataset_cropped/09_Metas/10/11/20190910112500_00160.jpg,datasets_flow/dataset_cropped/09_Metas/10/11/20190910112500_00160.jpg,datasets_cloudmask/dataset_cropped/09_Metas/10/11/20190910112500_00160.png,630,342.4,357.4,27.6,954
9/10/2019 11:26,datasets/dataset_cropped/09_Metas/10/11/20190910112600_00160.jpg,datasets_flow/dataset_cropped/09_Metas/10/11/20190910112600_00160.jpg,datasets_cloudmask/dataset_cropped/09_Metas/10/11/20190910112600_00160.png,657.2,378.9,356,27.8,954
9/10/2019 11:27,datasets/dataset_cropped/09_Metas/10/11/20190910112700_00160.jpg,datasets_flow/dataset_cropped/09_Metas/10/11/20190910112700_00160.jpg,datasets_cloudmask/dataset_cropped/09_Metas/10/11/20190910112700_00160.png,645.9,366.6,353.8,27.8,954
9/10/2019 11:28,datasets/dataset_cropped/09_Metas/10/11/20190910112800_00160.jpg,datasets_flow/dataset_cropped/09_Metas/10/11/20190910112800_00160.jpg,datasets_cloudmask/dataset_cropped/09_Metas/10/11/20190910112800_00160.png,660,386.7,351.3,27.5,954
9/10/2019 11:29,datasets/dataset_cropped/09_Metas/10/11/20190910112900_00160.jpg,datasets_flow/dataset_cropped/09_Metas/10/11/20190910112900_00160.jpg,datasets_cloudmask/dataset_cropped/09_Metas/10/11/20190910112900_00160.png,673.6,404.7,350.2,27.4,954
9/10/2019 11:30,datasets/dataset_cropped/09_Metas/10/11/20190910113000_00160.jpg,datasets_flow/dataset_cropped/09_Metas/10/11/20190910113000_00160.jpg,datasets_cloudmask/dataset_cropped/09_Metas/10/11/20190910113000_00160.png,673.8,408.5,346.6,27.5,954
9/10/2019 11:31,datasets/dataset_cropped/09_Metas/10/11/20190910113100_00160.jpg,datasets_flow/dataset_cropped/09_Metas/10/11/20190910113100_00160.jpg,datasets_cloudmask/dataset_cropped/09_Metas/10/11/20190910113100_00160.png,672.2,411,342.2,27.8,954
9/10/2019 11:32,datasets/dataset_cropped/09_Metas/10/11/20190910113200_00160.jpg,datasets_flow/dataset_cropped/09_Metas/10/11/20190910113200_00160.jpg,datasets_cloudmask/dataset_cropped/09_Metas/10/11/20190910113200_00160.png,660.2,401.4,337.3,27.7,954
9/10/2019 11:33,datasets/dataset_cropped/09_Metas/10/11/20190910113300_00160.jpg,datasets_flow/dataset_cropped/09_Metas/10/11/20190910113300_00160.jpg,datasets_cloudmask/dataset_cropped/09_Metas/10/11/20190910113300_00160.png,636,377.3,331.5,27.8,954
9/10/2019 11:34,datasets/dataset_cropped/09_Metas/10/11/20190910113400_00160.jpg,datasets_flow/dataset_cropped/09_Metas/10/11/20190910113400_00160.jpg,datasets_cloudmask/dataset_cropped/09_Metas/10/11/20190910113400_00160.png,629.8,376.4,325.5,28.1,954
9/10/2019 11:35,datasets/dataset_cropped/09_Metas/10/11/20190910113500_00160.jpg,datasets_flow/dataset_cropped/09_Metas/10/11/20190910113500_00160.jpg,datasets_cloudmask/dataset_cropped/09_Metas/10/11/20190910113500_00160.png,638.8,395.3,319.3,28.3,954
9/10/2019 11:36,datasets/dataset_cropped/09_Metas/10/11/20190910113600_00160.jpg,datasets_flow/dataset_cropped/09_Metas/10/11/20190910113600_00160.jpg,datasets_cloudmask/dataset_cropped/09_Metas/10/11/20190910113600_00160.png,688.6,464.6,313.3,28.3,954
9/10/2019 11:37,datasets/dataset_cropped/09_Metas/10/11/20190910113700_00160.jpg,datasets_flow/dataset_cropped/09_Metas/10/11/20190910113700_00160.jpg,datasets_cloudmask/dataset_cropped/09_Metas/10/11/20190910113700_00160.png,714.8,504.7,307.1,28.2,954
9/10/2019 11:38,datasets/dataset_cropped/09_Metas/10/11/20190910113800_00160.jpg,datasets_flow/dataset_cropped/09_Metas/10/11/20190910113800_00160.jpg,datasets_cloudmask/dataset_cropped/09_Metas/10/11/20190910113800_00160.png,755,559.4,303.1,27.9,954
9/10/2019 11:39,datasets/dataset_cropped/09_Metas/10/11/20190910113900_00160.jpg,datasets_flow/dataset_cropped/09_Metas/10/11/20190910113900_00160.jpg,datasets_cloudmask/dataset_cropped/09_Metas/10/11/20190910113900_00160.png,753.5,558.5,301,28.1,954
9/10/2019 11:40,datasets/dataset_cropped/09_Metas/10/11/20190910114000_00160.jpg,datasets_flow/dataset_cropped/09_Metas/10/11/20190910114000_00160.jpg,datasets_cloudmask/dataset_cropped/09_Metas/10/11/20190910114000_00160.png,687,479.3,297.3,28.2,954
9/10/2019 11:41,datasets/dataset_cropped/09_Metas/10/11/20190910114100_00160.jpg,datasets_flow/dataset_cropped/09_Metas/10/11/20190910114100_00160.jpg,datasets_cloudmask/dataset_cropped/09_Metas/10/11/20190910114100_00160.png,760.9,576.5,293,28.4,954
9/10/2019 11:42,datasets/dataset_cropped/09_Metas/10/11/20190910114200_00160.jpg,datasets_flow/dataset_cropped/09_Metas/10/11/20190910114200_00160.jpg,datasets_cloudmask/dataset_cropped/09_Metas/10/11/20190910114200_00160.png,737,553.4,287.2,28.6,954
9/10/2019 11:43,datasets/dataset_cropped/09_Metas/10/11/20190910114300_00160.jpg,datasets_flow/dataset_cropped/09_Metas/10/11/20190910114300_00160.jpg,datasets_cloudmask/dataset_cropped/09_Metas/10/11/20190910114300_00160.png,771.5,602.8,281.4,28.7,954
9/10/2019 11:44,datasets/dataset_cropped/09_Metas/10/11/20190910114400_00160.jpg,datasets_flow/dataset_cropped/09_Metas/10/11/20190910114400_00160.jpg,datasets_cloudmask/dataset_cropped/09_Metas/10/11/20190910114400_00160.png,739.9,571.5,274.1,28.7,954
9/10/2019 11:45,datasets/dataset_cropped/09_Metas/10/11/20190910114500_00160.jpg,datasets_flow/dataset_cropped/09_Metas/10/11/20190910114500_00160.jpg,datasets_cloudmask/dataset_cropped/09_Metas/10/11/20190910114500_00160.png,696.3,526.3,266.2,28.5,954
9/10/2019 11:46,datasets/dataset_cropped/09_Metas/10/11/20190910114600_00160.jpg,datasets_flow/dataset_cropped/09_Metas/10/11/20190910114600_00160.jpg,datasets_cloudmask/dataset_cropped/09_Metas/10/11/20190910114600_00160.png,691.2,525.2,261.9,28.4,954
9/10/2019 11:47,datasets/dataset_cropped/09_Metas/10/11/20190910114700_00160.jpg,datasets_flow/dataset_cropped/09_Metas/10/11/20190910114700_00160.jpg,datasets_cloudmask/dataset_cropped/09_Metas/10/11/20190910114700_00160.png,783.4,643.5,258.3,28.6,954
9/10/2019 11:48,datasets/dataset_cropped/09_Metas/10/11/20190910114800_00160.jpg,datasets_flow/dataset_cropped/09_Metas/10/11/20190910114800_00160.jpg,datasets_cloudmask/dataset_cropped/09_Metas/10/11/20190910114800_00160.png,792.9,656.8,256.1,28.8,954
9/10/2019 11:49,datasets/dataset_cropped/09_Metas/10/11/20190910114900_00160.jpg,datasets_flow/dataset_cropped/09_Metas/10/11/20190910114900_00160.jpg,datasets_cloudmask/dataset_cropped/09_Metas/10/11/20190910114900_00160.png,779.1,638.6,255.3,28.3,954
9/10/2019 11:50,datasets/dataset_cropped/09_Metas/10/11/20190910115000_00160.jpg,datasets_flow/dataset_cropped/09_Metas/10/11/20190910115000_00160.jpg,datasets_cloudmask/dataset_cropped/09_Metas/10/11/20190910115000_00160.png,782.9,641.2,255.5,28.2,954
9/10/2019 11:51,datasets/dataset_cropped/09_Metas/10/11/20190910115100_00160.jpg,datasets_flow/dataset_cropped/09_Metas/10/11/20190910115100_00160.jpg,datasets_cloudmask/dataset_cropped/09_Metas/10/11/20190910115100_00160.png,769.8,623,256.1,28.5,954
9/10/2019 11:52,datasets/dataset_cropped/09_Metas/10/11/20190910115200_00160.jpg,datasets_flow/dataset_cropped/09_Metas/10/11/20190910115200_00160.jpg,datasets_cloudmask/dataset_cropped/09_Metas/10/11/20190910115200_00160.png,784.3,638.6,257.5,28.7,954
9/10/2019 11:53,datasets/dataset_cropped/09_Metas/10/11/20190910115300_00160.jpg,datasets_flow/dataset_cropped/09_Metas/10/11/20190910115300_00160.jpg,datasets_cloudmask/dataset_cropped/09_Metas/10/11/20190910115300_00160.png,746.2,588.8,259,28.6,954
9/10/2019 11:54,datasets/dataset_cropped/09_Metas/10/11/20190910115400_00160.jpg,datasets_flow/dataset_cropped/09_Metas/10/11/20190910115400_00160.jpg,datasets_cloudmask/dataset_cropped/09_Metas/10/11/20190910115400_00160.png,700.6,531.7,259.1,28.4,954
9/10/2019 11:55,datasets/dataset_cropped/09_Metas/10/11/20190910115500_00160.jpg,datasets_flow/dataset_cropped/09_Metas/10/11/20190910115500_00160.jpg,datasets_cloudmask/dataset_cropped/09_Metas/10/11/20190910115500_00160.png,703.5,537.1,256.6,28.5,954
9/10/2019 11:56,datasets/dataset_cropped/09_Metas/10/11/20190910115600_00160.jpg,datasets_flow/dataset_cropped/09_Metas/10/11/20190910115600_00160.jpg,datasets_cloudmask/dataset_cropped/09_Metas/10/11/20190910115600_00160.png,742.4,589.1,252.5,28.8,954
9/10/2019 11:57,datasets/dataset_cropped/09_Metas/10/11/20190910115700_00160.jpg,datasets_flow/dataset_cropped/09_Metas/10/11/20190910115700_00160.jpg,datasets_cloudmask/dataset_cropped/09_Metas/10/11/20190910115700_00160.png,774.7,634.3,247.4,28.8,954
9/10/2019 11:58,datasets/dataset_cropped/09_Metas/10/11/20190910115800_00160.jpg,datasets_flow/dataset_cropped/09_Metas/10/11/20190910115800_00160.jpg,datasets_cloudmask/dataset_cropped/09_Metas/10/11/20190910115800_00160.png,793.4,663.5,240.9,28.5,954
9/10/2019 11:59,datasets/dataset_cropped/09_Metas/10/11/20190910115900_00160.jpg,datasets_flow/dataset_cropped/09_Metas/10/11/20190910115900_00160.jpg,datasets_cloudmask/dataset_cropped/09_Metas/10/11/20190910115900_00160.png,853,743,234,28.5,954
9/10/2019 12:00,datasets/dataset_cropped/09_Metas/10/12/20190910120000_00160.jpg,datasets_flow/dataset_cropped/09_Metas/10/12/20190910120000_00160.jpg,datasets_cloudmask/dataset_cropped/09_Metas/10/12/20190910120000_00160.png,876,778,227.8,28.4,954
9/10/2019 12:01,datasets/dataset_cropped/09_Metas/10/12/20190910120100_00160.jpg,datasets_flow/dataset_cropped/09_Metas/10/12/20190910120100_00160.jpg,datasets_cloudmask/dataset_cropped/09_Metas/10/12/20190910120100_00160.png,921,838,223.9,28.3,954
9/10/2019 12:02,datasets/dataset_cropped/09_Metas/10/12/20190910120200_00160.jpg,datasets_flow/dataset_cropped/09_Metas/10/12/20190910120200_00160.jpg,datasets_cloudmask/dataset_cropped/09_Metas/10/12/20190910120200_00160.png,886,796.8,221.1,28.4,954
9/10/2019 12:03,datasets/dataset_cropped/09_Metas/10/12/20190910120300_00160.jpg,datasets_flow/dataset_cropped/09_Metas/10/12/20190910120300_00160.jpg,datasets_cloudmask/dataset_cropped/09_Metas/10/12/20190910120300_00160.png,867,774.3,220.1,28.7,954
9/10/2019 12:04,datasets/dataset_cropped/09_Metas/10/12/20190910120400_00160.jpg,datasets_flow/dataset_cropped/09_Metas/10/12/20190910120400_00160.jpg,datasets_cloudmask/dataset_cropped/09_Metas/10/12/20190910120400_00160.png,864,769.4,220.3,28.9,954
9/10/2019 12:05,datasets/dataset_cropped/09_Metas/10/12/20190910120500_00160.jpg,datasets_flow/dataset_cropped/09_Metas/10/12/20190910120500_00160.jpg,datasets_cloudmask/dataset_cropped/09_Metas/10/12/20190910120500_00160.png,827,720.7,222.6,29,954
9/10/2019 12:06,datasets/dataset_cropped/09_Metas/10/12/20190910120600_00160.jpg,datasets_flow/dataset_cropped/09_Metas/10/12/20190910120600_00160.jpg,datasets_cloudmask/dataset_cropped/09_Metas/10/12/20190910120600_00160.png,796.4,679.5,224.9,28.7,954
9/10/2019 12:07,datasets/dataset_cropped/09_Metas/10/12/20190910120700_00160.jpg,datasets_flow/dataset_cropped/09_Metas/10/12/20190910120700_00160.jpg,datasets_cloudmask/dataset_cropped/09_Metas/10/12/20190910120700_00160.png,795.3,677,225.4,28.5,954
9/10/2019 12:08,datasets/dataset_cropped/09_Metas/10/12/20190910120800_00160.jpg,datasets_flow/dataset_cropped/09_Metas/10/12/20190910120800_00160.jpg,datasets_cloudmask/dataset_cropped/09_Metas/10/12/20190910120800_00160.png,801,683.4,225.2,28.2,954
9/10/2019 12:09,datasets/dataset_cropped/09_Metas/10/12/20190910120900_00160.jpg,datasets_flow/dataset_cropped/09_Metas/10/12/20190910120900_00160.jpg,datasets_cloudmask/dataset_cropped/09_Metas/10/12/20190910120900_00160.png,755.6,626.6,226.2,28.1,954
9/10/2019 12:10,datasets/dataset_cropped/09_Metas/10/12/20190910121000_00160.jpg,datasets_flow/dataset_cropped/09_Metas/10/12/20190910121000_00160.jpg,datasets_cloudmask/dataset_cropped/09_Metas/10/12/20190910121000_00160.png,708.2,567.9,226.5,27.9,954
9/10/2019 12:11,datasets/dataset_cropped/09_Metas/10/12/20190910121100_00160.jpg,datasets_flow/dataset_cropped/09_Metas/10/12/20190910121100_00160.jpg,datasets_cloudmask/dataset_cropped/09_Metas/10/12/20190910121100_00160.png,749.6,625.7,219.9,27.9,954
9/10/2019 12:12,datasets/dataset_cropped/09_Metas/10/12/20190910121200_00160.jpg,datasets_flow/dataset_cropped/09_Metas/10/12/20190910121200_00160.jpg,datasets_cloudmask/dataset_cropped/09_Metas/10/12/20190910121200_00160.png,780.1,673.2,211.1,27.8,954
9/10/2019 12:13,datasets/dataset_cropped/09_Metas/10/12/20190910121300_00160.jpg,datasets_flow/dataset_cropped/09_Metas/10/12/20190910121300_00160.jpg,datasets_cloudmask/dataset_cropped/09_Metas/10/12/20190910121300_00160.png,821,733.9,201.3,27.9,954
9/10/2019 12:14,datasets/dataset_cropped/09_Metas/10/12/20190910121400_00160.jpg,datasets_flow/dataset_cropped/09_Metas/10/12/20190910121400_00160.jpg,datasets_cloudmask/dataset_cropped/09_Metas/10/12/20190910121400_00160.png,799,718.4,191.7,27.9,954
9/10/2019 12:15,datasets/dataset_cropped/09_Metas/10/12/20190910121500_00160.jpg,datasets_flow/dataset_cropped/09_Metas/10/12/20190910121500_00160.jpg,datasets_cloudmask/dataset_cropped/09_Metas/10/12/20190910121500_00160.png,847,786.2,182.5,27.8,954
9/10/2019 12:16,datasets/dataset_cropped/09_Metas/10/12/20190910121600_00160.jpg,datasets_flow/dataset_cropped/09_Metas/10/12/20190910121600_00160.jpg,datasets_cloudmask/dataset_cropped/09_Metas/10/12/20190910121600_00160.png,873,827,174,27.9,954
9/10/2019 12:17,datasets/dataset_cropped/09_Metas/10/12/20190910121700_00160.jpg,datasets_flow/dataset_cropped/09_Metas/10/12/20190910121700_00160.jpg,datasets_cloudmask/dataset_cropped/09_Metas/10/12/20190910121700_00160.png,897,867,164.1,28.3,954
9/10/2019 12:18,datasets/dataset_cropped/09_Metas/10/12/20190910121800_00160.jpg,datasets_flow/dataset_cropped/09_Metas/10/12/20190910121800_00160.jpg,datasets_cloudmask/dataset_cropped/09_Metas/10/12/20190910121800_00160.png,934,921,155.5,28.6,954
9/10/2019 12:19,datasets/dataset_cropped/09_Metas/10/12/20190910121900_00160.jpg,datasets_flow/dataset_cropped/09_Metas/10/12/20190910121900_00160.jpg,datasets_cloudmask/dataset_cropped/09_Metas/10/12/20190910121900_00160.png,944,940,149.5,28.6,954
9/10/2019 12:20,datasets/dataset_cropped/09_Metas/10/12/20190910122000_00160.jpg,datasets_flow/dataset_cropped/09_Metas/10/12/20190910122000_00160.jpg,datasets_cloudmask/dataset_cropped/09_Metas/10/12/20190910122000_00160.png,909,902,146.3,28.2,954
9/10/2019 12:21,datasets/dataset_cropped/09_Metas/10/12/20190910122100_00160.jpg,datasets_flow/dataset_cropped/09_Metas/10/12/20190910122100_00160.jpg,datasets_cloudmask/dataset_cropped/09_Metas/10/12/20190910122100_00160.png,941,949,139,28.3,954
9/10/2019 12:22,datasets/dataset_cropped/09_Metas/10/12/20190910122200_00160.jpg,datasets_flow/dataset_cropped/09_Metas/10/12/20190910122200_00160.jpg,datasets_cloudmask/dataset_cropped/09_Metas/10/12/20190910122200_00160.png,938,952,132.8,28.6,954
9/10/2019 12:23,datasets/dataset_cropped/09_Metas/10/12/20190910122300_00160.jpg,datasets_flow/dataset_cropped/09_Metas/10/12/20190910122300_00160.jpg,datasets_cloudmask/dataset_cropped/09_Metas/10/12/20190910122300_00160.png,930,947,128.2,28.8,954
9/10/2019 12:24,datasets/dataset_cropped/09_Metas/10/12/20190910122400_00160.jpg,datasets_flow/dataset_cropped/09_Metas/10/12/20190910122400_00160.jpg,datasets_cloudmask/dataset_cropped/09_Metas/10/12/20190910122400_00160.png,924,943,124.6,29.4,954
9/10/2019 12:25,datasets/dataset_cropped/09_Metas/10/12/20190910122500_00160.jpg,datasets_flow/dataset_cropped/09_Metas/10/12/20190910122500_00160.jpg,datasets_cloudmask/dataset_cropped/09_Metas/10/12/20190910122500_00160.png,923,945,121.8,28.9,954
9/10/2019 12:26,datasets/dataset_cropped/09_Metas/10/12/20190910122600_00160.jpg,datasets_flow/dataset_cropped/09_Metas/10/12/20190910122600_00160.jpg,datasets_cloudmask/dataset_cropped/09_Metas/10/12/20190910122600_00160.png,904,922,121,28.4,954
9/10/2019 12:27,datasets/dataset_cropped/09_Metas/10/12/20190910122700_00160.jpg,datasets_flow/dataset_cropped/09_Metas/10/12/20190910122700_00160.jpg,datasets_cloudmask/dataset_cropped/09_Metas/10/12/20190910122700_00160.png,853,860,121.2,28.3,954
9/10/2019 12:28,datasets/dataset_cropped/09_Metas/10/12/20190910122800_00160.jpg,datasets_flow/dataset_cropped/09_Metas/10/12/20190910122800_00160.jpg,datasets_cloudmask/dataset_cropped/09_Metas/10/12/20190910122800_00160.png,886,902,118.8,28.3,954
9/10/2019 12:29,datasets/dataset_cropped/09_Metas/10/12/20190910122900_00160.jpg,datasets_flow/dataset_cropped/09_Metas/10/12/20190910122900_00160.jpg,datasets_cloudmask/dataset_cropped/09_Metas/10/12/20190910122900_00160.png,882,900,116.8,28.6,954
9/10/2019 12:30,datasets/dataset_cropped/09_Metas/10/12/20190910123000_00160.jpg,datasets_flow/dataset_cropped/09_Metas/10/12/20190910123000_00160.jpg,datasets_cloudmask/dataset_cropped/09_Metas/10/12/20190910123000_00160.png,888,910,114.2,28.4,954
9/10/2019 12:31,datasets/dataset_cropped/09_Metas/10/12/20190910123100_00160.jpg,datasets_flow/dataset_cropped/09_Metas/10/12/20190910123100_00160.jpg,datasets_cloudmask/dataset_cropped/09_Metas/10/12/20190910123100_00160.png,909,941,108.5,28.2,954
9/10/2019 12:32,datasets/dataset_cropped/09_Metas/10/12/20190910123200_00160.jpg,datasets_flow/dataset_cropped/09_Metas/10/12/20190910123200_00160.jpg,datasets_cloudmask/dataset_cropped/09_Metas/10/12/20190910123200_00160.png,907,942,105.3,28.1,954
9/10/2019 12:33,datasets/dataset_cropped/09_Metas/10/12/20190910123300_00160.jpg,datasets_flow/dataset_cropped/09_Metas/10/12/20190910123300_00160.jpg,datasets_cloudmask/dataset_cropped/09_Metas/10/12/20190910123300_00160.png,903,939,103.7,28.2,954
9/10/2019 12:34,datasets/dataset_cropped/09_Metas/10/12/20190910123400_00160.jpg,datasets_flow/dataset_cropped/09_Metas/10/12/20190910123400_00160.jpg,datasets_cloudmask/dataset_cropped/09_Metas/10/12/20190910123400_00160.png,902,939,102,28.6,954
9/10/2019 12:35,datasets/dataset_cropped/09_Metas/10/12/20190910123500_00160.jpg,datasets_flow/dataset_cropped/09_Metas/10/12/20190910123500_00160.jpg,datasets_cloudmask/dataset_cropped/09_Metas/10/12/20190910123500_00160.png,902,939,101.4,28.6,954
9/10/2019 12:36,datasets/dataset_cropped/09_Metas/10/12/20190910123600_00160.jpg,datasets_flow/dataset_cropped/09_Metas/10/12/20190910123600_00160.jpg,datasets_cloudmask/dataset_cropped/09_Metas/10/12/20190910123600_00160.png,900,937,101.2,28.5,954
9/10/2019 12:37,datasets/dataset_cropped/09_Metas/10/12/20190910123700_00160.jpg,datasets_flow/dataset_cropped/09_Metas/10/12/20190910123700_00160.jpg,datasets_cloudmask/dataset_cropped/09_Metas/10/12/20190910123700_00160.png,885,919,100.9,28.7,954
9/10/2019 12:38,datasets/dataset_cropped/09_Metas/10/12/20190910123800_00160.jpg,datasets_flow/dataset_cropped/09_Metas/10/12/20190910123800_00160.jpg,datasets_cloudmask/dataset_cropped/09_Metas/10/12/20190910123800_00160.png,881,914,100.4,28.7,954
9/10/2019 12:39,datasets/dataset_cropped/09_Metas/10/12/20190910123900_00160.jpg,datasets_flow/dataset_cropped/09_Metas/10/12/20190910123900_00160.jpg,datasets_cloudmask/dataset_cropped/09_Metas/10/12/20190910123900_00160.png,896,934,98.1,28.8,954
9/10/2019 12:40,datasets/dataset_cropped/09_Metas/10/12/20190910124000_00160.jpg,datasets_flow/dataset_cropped/09_Metas/10/12/20190910124000_00160.jpg,datasets_cloudmask/dataset_cropped/09_Metas/10/12/20190910124000_00160.png,904,946,96.8,28.9,954
9/10/2019 12:41,datasets/dataset_cropped/09_Metas/10/12/20190910124100_00160.jpg,datasets_flow/dataset_cropped/09_Metas/10/12/20190910124100_00160.jpg,datasets_cloudmask/dataset_cropped/09_Metas/10/12/20190910124100_00160.png,902,945,95.4,28.8,954
9/10/2019 12:42,datasets/dataset_cropped/09_Metas/10/12/20190910124200_00160.jpg,datasets_flow/dataset_cropped/09_Metas/10/12/20190910124200_00160.jpg,datasets_cloudmask/dataset_cropped/09_Metas/10/12/20190910124200_00160.png,900,942,94.8,28.6,954
9/10/2019 12:43,datasets/dataset_cropped/09_Metas/10/12/20190910124300_00160.jpg,datasets_flow/dataset_cropped/09_Metas/10/12/20190910124300_00160.jpg,datasets_cloudmask/dataset_cropped/09_Metas/10/12/20190910124300_00160.png,900,941,94.9,28.6,954
9/10/2019 12:44,datasets/dataset_cropped/09_Metas/10/12/20190910124400_00160.jpg,datasets_flow/dataset_cropped/09_Metas/10/12/20190910124400_00160.jpg,datasets_cloudmask/dataset_cropped/09_Metas/10/12/20190910124400_00160.png,901,942,93.4,28.7,954
9/10/2019 12:45,datasets/dataset_cropped/09_Metas/10/12/20190910124500_00160.jpg,datasets_flow/dataset_cropped/09_Metas/10/12/20190910124500_00160.jpg,datasets_cloudmask/dataset_cropped/09_Metas/10/12/20190910124500_00160.png,898,937,93.8,28.6,954
9/10/2019 12:46,datasets/dataset_cropped/09_Metas/10/12/20190910124600_00160.jpg,datasets_flow/dataset_cropped/09_Metas/10/12/20190910124600_00160.jpg,datasets_cloudmask/dataset_cropped/09_Metas/10/12/20190910124600_00160.png,896,934,94.5,28.4,954
9/10/2019 12:47,datasets/dataset_cropped/09_Metas/10/12/20190910124700_00160.jpg,datasets_flow/dataset_cropped/09_Metas/10/12/20190910124700_00160.jpg,datasets_cloudmask/dataset_cropped/09_Metas/10/12/20190910124700_00160.png,894,931,94.5,28.4,954
9/10/2019 12:48,datasets/dataset_cropped/09_Metas/10/12/20190910124800_00160.jpg,datasets_flow/dataset_cropped/09_Metas/10/12/20190910124800_00160.jpg,datasets_cloudmask/dataset_cropped/09_Metas/10/12/20190910124800_00160.png,896,934,94.2,28.1,954
9/10/2019 12:49,datasets/dataset_cropped/09_Metas/10/12/20190910124900_00160.jpg,datasets_flow/dataset_cropped/09_Metas/10/12/20190910124900_00160.jpg,datasets_cloudmask/dataset_cropped/09_Metas/10/12/20190910124900_00160.png,899,938,93.9,28.1,954
9/10/2019 12:50,datasets/dataset_cropped/09_Metas/10/12/20190910125000_00160.jpg,datasets_flow/dataset_cropped/09_Metas/10/12/20190910125000_00160.jpg,datasets_cloudmask/dataset_cropped/09_Metas/10/12/20190910125000_00160.png,899,937,94.2,28.2,954
9/10/2019 12:51,datasets/dataset_cropped/09_Metas/10/12/20190910125100_00160.jpg,datasets_flow/dataset_cropped/09_Metas/10/12/20190910125100_00160.jpg,datasets_cloudmask/dataset_cropped/09_Metas/10/12/20190910125100_00160.png,899,938,94,27.9,954
9/10/2019 12:52,datasets/dataset_cropped/09_Metas/10/12/20190910125200_00160.jpg,datasets_flow/dataset_cropped/09_Metas/10/12/20190910125200_00160.jpg,datasets_cloudmask/dataset_cropped/09_Metas/10/12/20190910125200_00160.png,904,945,93.7,27.7,954
9/10/2019 12:53,datasets/dataset_cropped/09_Metas/10/12/20190910125300_00160.jpg,datasets_flow/dataset_cropped/09_Metas/10/12/20190910125300_00160.jpg,datasets_cloudmask/dataset_cropped/09_Metas/10/12/20190910125300_00160.png,901,940,94.4,28.3,954
9/10/2019 12:54,datasets/dataset_cropped/09_Metas/10/12/20190910125400_00160.jpg,datasets_flow/dataset_cropped/09_Metas/10/12/20190910125400_00160.jpg,datasets_cloudmask/dataset_cropped/09_Metas/10/12/20190910125400_00160.png,898,934,95.9,28.9,954
9/10/2019 12:55,datasets/dataset_cropped/09_Metas/10/12/20190910125500_00160.jpg,datasets_flow/dataset_cropped/09_Metas/10/12/20190910125500_00160.jpg,datasets_cloudmask/dataset_cropped/09_Metas/10/12/20190910125500_00160.png,896,931,97.2,29.1,954
9/10/2019 12:56,datasets/dataset_cropped/09_Metas/10/12/20190910125600_00160.jpg,datasets_flow/dataset_cropped/09_Metas/10/12/20190910125600_00160.jpg,datasets_cloudmask/dataset_cropped/09_Metas/10/12/20190910125600_00160.png,894,928,98.1,29,954
9/10/2019 12:57,datasets/dataset_cropped/09_Metas/10/12/20190910125700_00160.jpg,datasets_flow/dataset_cropped/09_Metas/10/12/20190910125700_00160.jpg,datasets_cloudmask/dataset_cropped/09_Metas/10/12/20190910125700_00160.png,893,926,98.2,28.6,954
9/10/2019 12:58,datasets/dataset_cropped/09_Metas/10/12/20190910125800_00160.jpg,datasets_flow/dataset_cropped/09_Metas/10/12/20190910125800_00160.jpg,datasets_cloudmask/dataset_cropped/09_Metas/10/12/20190910125800_00160.png,892,924,98.3,28.4,954
9/10/2019 12:59,datasets/dataset_cropped/09_Metas/10/12/20190910125900_00160.jpg,datasets_flow/dataset_cropped/09_Metas/10/12/20190910125900_00160.jpg,datasets_cloudmask/dataset_cropped/09_Metas/10/12/20190910125900_00160.png,892,923,98.1,28,954
9/10/2019 13:00,datasets/dataset_cropped/09_Metas/10/13/20190910130000_00160.jpg,datasets_flow/dataset_cropped/09_Metas/10/13/20190910130000_00160.jpg,datasets_cloudmask/dataset_cropped/09_Metas/10/13/20190910130000_00160.png,888,916,98.7,28,954
9/10/2019 13:01,datasets/dataset_cropped/09_Metas/10/13/20190910130100_00160.jpg,datasets_flow/dataset_cropped/09_Metas/10/13/20190910130100_00160.jpg,datasets_cloudmask/dataset_cropped/09_Metas/10/13/20190910130100_00160.png,889,916,98.9,28.2,954
9/10/2019 13:02,datasets/dataset_cropped/09_Metas/10/13/20190910130200_00160.jpg,datasets_flow/dataset_cropped/09_Metas/10/13/20190910130200_00160.jpg,datasets_cloudmask/dataset_cropped/09_Metas/10/13/20190910130200_00160.png,884,909,99.7,28,954
9/10/2019 13:03,datasets/dataset_cropped/09_Metas/10/13/20190910130300_00160.jpg,datasets_flow/dataset_cropped/09_Metas/10/13/20190910130300_00160.jpg,datasets_cloudmask/dataset_cropped/09_Metas/10/13/20190910130300_00160.png,882,906,100.3,27.8,954
9/10/2019 13:04,datasets/dataset_cropped/09_Metas/10/13/20190910130400_00160.jpg,datasets_flow/dataset_cropped/09_Metas/10/13/20190910130400_00160.jpg,datasets_cloudmask/dataset_cropped/09_Metas/10/13/20190910130400_00160.png,886,912,100.7,27.6,954
9/10/2019 13:05,datasets/dataset_cropped/09_Metas/10/13/20190910130500_00160.jpg,datasets_flow/dataset_cropped/09_Metas/10/13/20190910130500_00160.jpg,datasets_cloudmask/dataset_cropped/09_Metas/10/13/20190910130500_00160.png,886,912,99.9,27.7,954
9/10/2019 13:06,datasets/dataset_cropped/09_Metas/10/13/20190910130600_00160.jpg,datasets_flow/dataset_cropped/09_Metas/10/13/20190910130600_00160.jpg,datasets_cloudmask/dataset_cropped/09_Metas/10/13/20190910130600_00160.png,888,914,99.6,27.7,954
9/10/2019 13:07,datasets/dataset_cropped/09_Metas/10/13/20190910130700_00160.jpg,datasets_flow/dataset_cropped/09_Metas/10/13/20190910130700_00160.jpg,datasets_cloudmask/dataset_cropped/09_Metas/10/13/20190910130700_00160.png,887,914,99.7,27.4,954
9/10/2019 13:08,datasets/dataset_cropped/09_Metas/10/13/20190910130800_00160.jpg,datasets_flow/dataset_cropped/09_Metas/10/13/20190910130800_00160.jpg,datasets_cloudmask/dataset_cropped/09_Metas/10/13/20190910130800_00160.png,890,917,99.2,27.3,954
9/10/2019 13:09,datasets/dataset_cropped/09_Metas/10/13/20190910130900_00160.jpg,datasets_flow/dataset_cropped/09_Metas/10/13/20190910130900_00160.jpg,datasets_cloudmask/dataset_cropped/09_Metas/10/13/20190910130900_00160.png,891,919,99.1,27.6,954
9/10/2019 13:10,datasets/dataset_cropped/09_Metas/10/13/20190910131000_00160.jpg,datasets_flow/dataset_cropped/09_Metas/10/13/20190910131000_00160.jpg,datasets_cloudmask/dataset_cropped/09_Metas/10/13/20190910131000_00160.png,892,921,99.1,27.3,954
9/10/2019 13:11,datasets/dataset_cropped/09_Metas/10/13/20190910131100_00160.jpg,datasets_flow/dataset_cropped/09_Metas/10/13/20190910131100_00160.jpg,datasets_cloudmask/dataset_cropped/09_Metas/10/13/20190910131100_00160.png,893,923,98.8,27.4,954
9/10/2019 13:12,datasets/dataset_cropped/09_Metas/10/13/20190910131200_00160.jpg,datasets_flow/dataset_cropped/09_Metas/10/13/20190910131200_00160.jpg,datasets_cloudmask/dataset_cropped/09_Metas/10/13/20190910131200_00160.png,892,921,99.7,27.4,954
9/10/2019 13:13,datasets/dataset_cropped/09_Metas/10/13/20190910131300_00160.jpg,datasets_flow/dataset_cropped/09_Metas/10/13/20190910131300_00160.jpg,datasets_cloudmask/dataset_cropped/09_Metas/10/13/20190910131300_00160.png,896,926,100,27.1,954
9/10/2019 13:14,datasets/dataset_cropped/09_Metas/10/13/20190910131400_00160.jpg,datasets_flow/dataset_cropped/09_Metas/10/13/20190910131400_00160.jpg,datasets_cloudmask/dataset_cropped/09_Metas/10/13/20190910131400_00160.png,897,926,101.5,27,954
9/10/2019 13:15,datasets/dataset_cropped/09_Metas/10/13/20190910131500_00160.jpg,datasets_flow/dataset_cropped/09_Metas/10/13/20190910131500_00160.jpg,datasets_cloudmask/dataset_cropped/09_Metas/10/13/20190910131500_00160.png,899,924,105.5,27.2,954
9/10/2019 13:16,datasets/dataset_cropped/09_Metas/10/13/20190910131600_00160.jpg,datasets_flow/dataset_cropped/09_Metas/10/13/20190910131600_00160.jpg,datasets_cloudmask/dataset_cropped/09_Metas/10/13/20190910131600_00160.png,905,923,111.7,27.1,954
9/10/2019 13:17,datasets/dataset_cropped/09_Metas/10/13/20190910131700_00160.jpg,datasets_flow/dataset_cropped/09_Metas/10/13/20190910131700_00160.jpg,datasets_cloudmask/dataset_cropped/09_Metas/10/13/20190910131700_00160.png,914,922,120.9,26.9,954
9/10/2019 13:18,datasets/dataset_cropped/09_Metas/10/13/20190910131800_00160.jpg,datasets_flow/dataset_cropped/09_Metas/10/13/20190910131800_00160.jpg,datasets_cloudmask/dataset_cropped/09_Metas/10/13/20190910131800_00160.png,926,922,132.4,27.4,954
9/10/2019 13:19,datasets/dataset_cropped/09_Metas/10/13/20190910131900_00160.jpg,datasets_flow/dataset_cropped/09_Metas/10/13/20190910131900_00160.jpg,datasets_cloudmask/dataset_cropped/09_Metas/10/13/20190910131900_00160.png,918,897,146.2,27.5,954
9/10/2019 13:20,datasets/dataset_cropped/09_Metas/10/13/20190910132000_00160.jpg,datasets_flow/dataset_cropped/09_Metas/10/13/20190910132000_00160.jpg,datasets_cloudmask/dataset_cropped/09_Metas/10/13/20190910132000_00160.png,886,841,161.5,27.4,954
9/10/2019 13:21,datasets/dataset_cropped/09_Metas/10/13/20190910132100_00160.jpg,datasets_flow/dataset_cropped/09_Metas/10/13/20190910132100_00160.jpg,datasets_cloudmask/dataset_cropped/09_Metas/10/13/20190910132100_00160.png,902,845,174.3,27.3,954
9/10/2019 13:22,datasets/dataset_cropped/09_Metas/10/13/20190910132200_00160.jpg,datasets_flow/dataset_cropped/09_Metas/10/13/20190910132200_00160.jpg,datasets_cloudmask/dataset_cropped/09_Metas/10/13/20190910132200_00160.png,876,801,185.3,27.5,954
9/10/2019 13:23,datasets/dataset_cropped/09_Metas/10/13/20190910132300_00160.jpg,datasets_flow/dataset_cropped/09_Metas/10/13/20190910132300_00160.jpg,datasets_cloudmask/dataset_cropped/09_Metas/10/13/20190910132300_00160.png,857,764.8,197,27.5,954
9/10/2019 13:24,datasets/dataset_cropped/09_Metas/10/13/20190910132400_00160.jpg,datasets_flow/dataset_cropped/09_Metas/10/13/20190910132400_00160.jpg,datasets_cloudmask/dataset_cropped/09_Metas/10/13/20190910132400_00160.png,850,748,205.4,27.2,954
9/10/2019 13:25,datasets/dataset_cropped/09_Metas/10/13/20190910132500_00160.jpg,datasets_flow/dataset_cropped/09_Metas/10/13/20190910132500_00160.jpg,datasets_cloudmask/dataset_cropped/09_Metas/10/13/20190910132500_00160.png,835,723.8,210.6,26.8,954
9/10/2019 13:26,datasets/dataset_cropped/09_Metas/10/13/20190910132600_00160.jpg,datasets_flow/dataset_cropped/09_Metas/10/13/20190910132600_00160.jpg,datasets_cloudmask/dataset_cropped/09_Metas/10/13/20190910132600_00160.png,847,736.6,212.2,26.8,954
9/10/2019 13:27,datasets/dataset_cropped/09_Metas/10/13/20190910132700_00160.jpg,datasets_flow/dataset_cropped/09_Metas/10/13/20190910132700_00160.jpg,datasets_cloudmask/dataset_cropped/09_Metas/10/13/20190910132700_00160.png,839,727,212.4,27.1,954
9/10/2019 13:28,datasets/dataset_cropped/09_Metas/10/13/20190910132800_00160.jpg,datasets_flow/dataset_cropped/09_Metas/10/13/20190910132800_00160.jpg,datasets_cloudmask/dataset_cropped/09_Metas/10/13/20190910132800_00160.png,847,737.6,211.9,27.4,954
9/10/2019 13:29,datasets/dataset_cropped/09_Metas/10/13/20190910132900_00160.jpg,datasets_flow/dataset_cropped/09_Metas/10/13/20190910132900_00160.jpg,datasets_cloudmask/dataset_cropped/09_Metas/10/13/20190910132900_00160.png,866,760.8,210.9,27.2,954
9/10/2019 13:30,datasets/dataset_cropped/09_Metas/10/13/20190910133000_00160.jpg,datasets_flow/dataset_cropped/09_Metas/10/13/20190910133000_00160.jpg,datasets_cloudmask/dataset_cropped/09_Metas/10/13/20190910133000_00160.png,910,814,210.2,26.8,954
9/10/2019 13:31,datasets/dataset_cropped/09_Metas/10/13/20190910133100_00160.jpg,datasets_flow/dataset_cropped/09_Metas/10/13/20190910133100_00160.jpg,datasets_cloudmask/dataset_cropped/09_Metas/10/13/20190910133100_00160.png,927,832,211.5,27,954
9/10/2019 13:32,datasets/dataset_cropped/09_Metas/10/13/20190910133200_00160.jpg,datasets_flow/dataset_cropped/09_Metas/10/13/20190910133200_00160.jpg,datasets_cloudmask/dataset_cropped/09_Metas/10/13/20190910133200_00160.png,925,826,215.6,27,954
9/10/2019 13:33,datasets/dataset_cropped/09_Metas/10/13/20190910133300_00160.jpg,datasets_flow/dataset_cropped/09_Metas/10/13/20190910133300_00160.jpg,datasets_cloudmask/dataset_cropped/09_Metas/10/13/20190910133300_00160.png,920,817,218.8,26.8,954
9/10/2019 13:34,datasets/dataset_cropped/09_Metas/10/13/20190910133400_00160.jpg,datasets_flow/dataset_cropped/09_Metas/10/13/20190910133400_00160.jpg,datasets_cloudmask/dataset_cropped/09_Metas/10/13/20190910133400_00160.png,919,811,223.3,26.8,954
9/10/2019 13:35,datasets/dataset_cropped/09_Metas/10/13/20190910133500_00160.jpg,datasets_flow/dataset_cropped/09_Metas/10/13/20190910133500_00160.jpg,datasets_cloudmask/dataset_cropped/09_Metas/10/13/20190910133500_00160.png,910,795.9,227.3,26.9,954
9/10/2019 13:36,datasets/dataset_cropped/09_Metas/10/13/20190910133600_00160.jpg,datasets_flow/dataset_cropped/09_Metas/10/13/20190910133600_00160.jpg,datasets_cloudmask/dataset_cropped/09_Metas/10/13/20190910133600_00160.png,837,704.2,232.5,26.9,954
9/10/2019 13:37,datasets/dataset_cropped/09_Metas/10/13/20190910133700_00160.jpg,datasets_flow/dataset_cropped/09_Metas/10/13/20190910133700_00160.jpg,datasets_cloudmask/dataset_cropped/09_Metas/10/13/20190910133700_00160.png,792,658,227.3,26.7,954
9/10/2019 13:38,datasets/dataset_cropped/09_Metas/10/13/20190910133800_00160.jpg,datasets_flow/dataset_cropped/09_Metas/10/13/20190910133800_00160.jpg,datasets_cloudmask/dataset_cropped/09_Metas/10/13/20190910133800_00160.png,843,728.6,217.6,26.8,954
9/10/2019 13:39,datasets/dataset_cropped/09_Metas/10/13/20190910133900_00160.jpg,datasets_flow/dataset_cropped/09_Metas/10/13/20190910133900_00160.jpg,datasets_cloudmask/dataset_cropped/09_Metas/10/13/20190910133900_00160.png,831,721.6,212,26.7,954
9/10/2019 13:40,datasets/dataset_cropped/09_Metas/10/13/20190910134000_00160.jpg,datasets_flow/dataset_cropped/09_Metas/10/13/20190910134000_00160.jpg,datasets_cloudmask/dataset_cropped/09_Metas/10/13/20190910134000_00160.png,837,736.8,205.2,26.7,954
9/10/2019 13:41,datasets/dataset_cropped/09_Metas/10/13/20190910134100_00160.jpg,datasets_flow/dataset_cropped/09_Metas/10/13/20190910134100_00160.jpg,datasets_cloudmask/dataset_cropped/09_Metas/10/13/20190910134100_00160.png,875,793.5,197,26.9,954
9/10/2019 13:42,datasets/dataset_cropped/09_Metas/10/13/20190910134200_00160.jpg,datasets_flow/dataset_cropped/09_Metas/10/13/20190910134200_00160.jpg,datasets_cloudmask/dataset_cropped/09_Metas/10/13/20190910134200_00160.png,943,884,189.1,27,954
9/10/2019 13:43,datasets/dataset_cropped/09_Metas/10/13/20190910134300_00160.jpg,datasets_flow/dataset_cropped/09_Metas/10/13/20190910134300_00160.jpg,datasets_cloudmask/dataset_cropped/09_Metas/10/13/20190910134300_00160.png,889,823,187.3,27.2,954
9/10/2019 13:44,datasets/dataset_cropped/09_Metas/10/13/20190910134400_00160.jpg,datasets_flow/dataset_cropped/09_Metas/10/13/20190910134400_00160.jpg,datasets_cloudmask/dataset_cropped/09_Metas/10/13/20190910134400_00160.png,870,796.4,190.6,27.4,954
9/10/2019 13:45,datasets/dataset_cropped/09_Metas/10/13/20190910134500_00160.jpg,datasets_flow/dataset_cropped/09_Metas/10/13/20190910134500_00160.jpg,datasets_cloudmask/dataset_cropped/09_Metas/10/13/20190910134500_00160.png,851,770.2,194.1,27,954
9/10/2019 13:46,datasets/dataset_cropped/09_Metas/10/13/20190910134600_00160.jpg,datasets_flow/dataset_cropped/09_Metas/10/13/20190910134600_00160.jpg,datasets_cloudmask/dataset_cropped/09_Metas/10/13/20190910134600_00160.png,887,811,195.5,26.6,954
9/10/2019 13:47,datasets/dataset_cropped/09_Metas/10/13/20190910134700_00160.jpg,datasets_flow/dataset_cropped/09_Metas/10/13/20190910134700_00160.jpg,datasets_cloudmask/dataset_cropped/09_Metas/10/13/20190910134700_00160.png,884,806,197.4,26.8,954
9/10/2019 13:48,datasets/dataset_cropped/09_Metas/10/13/20190910134800_00160.jpg,datasets_flow/dataset_cropped/09_Metas/10/13/20190910134800_00160.jpg,datasets_cloudmask/dataset_cropped/09_Metas/10/13/20190910134800_00160.png,870,786.8,200.3,26.9,954
9/10/2019 13:49,datasets/dataset_cropped/09_Metas/10/13/20190910134900_00160.jpg,datasets_flow/dataset_cropped/09_Metas/10/13/20190910134900_00160.jpg,datasets_cloudmask/dataset_cropped/09_Metas/10/13/20190910134900_00160.png,840,750.1,201.3,27,954
9/10/2019 13:50,datasets/dataset_cropped/09_Metas/10/13/20190910135000_00160.jpg,datasets_flow/dataset_cropped/09_Metas/10/13/20190910135000_00160.jpg,datasets_cloudmask/dataset_cropped/09_Metas/10/13/20190910135000_00160.png,839,749.5,200.9,27.2,954
9/10/2019 13:51,datasets/dataset_cropped/09_Metas/10/13/20190910135100_00160.jpg,datasets_flow/dataset_cropped/09_Metas/10/13/20190910135100_00160.jpg,datasets_cloudmask/dataset_cropped/09_Metas/10/13/20190910135100_00160.png,842,755.4,199.5,27.2,954
9/10/2019 13:52,datasets/dataset_cropped/09_Metas/10/13/20190910135200_00160.jpg,datasets_flow/dataset_cropped/09_Metas/10/13/20190910135200_00160.jpg,datasets_cloudmask/dataset_cropped/09_Metas/10/13/20190910135200_00160.png,886,812,197.8,27.5,954
9/10/2019 13:53,datasets/dataset_cropped/09_Metas/10/13/20190910135300_00160.jpg,datasets_flow/dataset_cropped/09_Metas/10/13/20190910135300_00160.jpg,datasets_cloudmask/dataset_cropped/09_Metas/10/13/20190910135300_00160.png,856,773.5,200,27.2,954
9/10/2019 13:54,datasets/dataset_cropped/09_Metas/10/13/20190910135400_00160.jpg,datasets_flow/dataset_cropped/09_Metas/10/13/20190910135400_00160.jpg,datasets_cloudmask/dataset_cropped/09_Metas/10/13/20190910135400_00160.png,853,764.1,204.5,26.7,954
9/10/2019 13:55,datasets/dataset_cropped/09_Metas/10/13/20190910135500_00160.jpg,datasets_flow/dataset_cropped/09_Metas/10/13/20190910135500_00160.jpg,datasets_cloudmask/dataset_cropped/09_Metas/10/13/20190910135500_00160.png,847,757.4,206.1,26.5,954
9/10/2019 13:56,datasets/dataset_cropped/09_Metas/10/13/20190910135600_00160.jpg,datasets_flow/dataset_cropped/09_Metas/10/13/20190910135600_00160.jpg,datasets_cloudmask/dataset_cropped/09_Metas/10/13/20190910135600_00160.png,847,758.5,205.8,26.6,954
9/10/2019 13:57,datasets/dataset_cropped/09_Metas/10/13/20190910135700_00160.jpg,datasets_flow/dataset_cropped/09_Metas/10/13/20190910135700_00160.jpg,datasets_cloudmask/dataset_cropped/09_Metas/10/13/20190910135700_00160.png,840,753.4,203.8,26.6,954
9/10/2019 13:58,datasets/dataset_cropped/09_Metas/10/13/20190910135800_00160.jpg,datasets_flow/dataset_cropped/09_Metas/10/13/20190910135800_00160.jpg,datasets_cloudmask/dataset_cropped/09_Metas/10/13/20190910135800_00160.png,832,748.1,200.4,26.3,954
9/10/2019 13:59,datasets/dataset_cropped/09_Metas/10/13/20190910135900_00160.jpg,datasets_flow/dataset_cropped/09_Metas/10/13/20190910135900_00160.jpg,datasets_cloudmask/dataset_cropped/09_Metas/10/13/20190910135900_00160.png,843,765.9,197.2,26.6,954
9/10/2019 14:00,datasets/dataset_cropped/09_Metas/10/14/20190910140000_00160.jpg,datasets_flow/dataset_cropped/09_Metas/10/14/20190910140000_00160.jpg,datasets_cloudmask/dataset_cropped/09_Metas/10/14/20190910140000_00160.png,842,769.5,193.9,26.9,954
9/10/2019 14:01,datasets/dataset_cropped/09_Metas/10/14/20190910140100_00160.jpg,datasets_flow/dataset_cropped/09_Metas/10/14/20190910140100_00160.jpg,datasets_cloudmask/dataset_cropped/09_Metas/10/14/20190910140100_00160.png,805,729.9,189.7,26.7,954
9/10/2019 14:02,datasets/dataset_cropped/09_Metas/10/14/20190910140200_00160.jpg,datasets_flow/dataset_cropped/09_Metas/10/14/20190910140200_00160.jpg,datasets_cloudmask/dataset_cropped/09_Metas/10/14/20190910140200_00160.png,803,734.2,184.8,26.4,954
9/10/2019 14:03,datasets/dataset_cropped/09_Metas/10/14/20190910140300_00160.jpg,datasets_flow/dataset_cropped/09_Metas/10/14/20190910140300_00160.jpg,datasets_cloudmask/dataset_cropped/09_Metas/10/14/20190910140300_00160.png,833,778.8,178.2,27,954
9/10/2019 14:04,datasets/dataset_cropped/09_Metas/10/14/20190910140400_00160.jpg,datasets_flow/dataset_cropped/09_Metas/10/14/20190910140400_00160.jpg,datasets_cloudmask/dataset_cropped/09_Metas/10/14/20190910140400_00160.png,888,855,171.1,26.9,954
9/10/2019 14:05,datasets/dataset_cropped/09_Metas/10/14/20190910140500_00160.jpg,datasets_flow/dataset_cropped/09_Metas/10/14/20190910140500_00160.jpg,datasets_cloudmask/dataset_cropped/09_Metas/10/14/20190910140500_00160.png,835,791.9,170.7,26.8,954
9/10/2019 14:06,datasets/dataset_cropped/09_Metas/10/14/20190910140600_00160.jpg,datasets_flow/dataset_cropped/09_Metas/10/14/20190910140600_00160.jpg,datasets_cloudmask/dataset_cropped/09_Metas/10/14/20190910140600_00160.png,862,828,168.8,27.3,954
9/10/2019 14:07,datasets/dataset_cropped/09_Metas/10/14/20190910140700_00160.jpg,datasets_flow/dataset_cropped/09_Metas/10/14/20190910140700_00160.jpg,datasets_cloudmask/dataset_cropped/09_Metas/10/14/20190910140700_00160.png,843,804,169.5,26.9,954
9/10/2019 14:08,datasets/dataset_cropped/09_Metas/10/14/20190910140800_00160.jpg,datasets_flow/dataset_cropped/09_Metas/10/14/20190910140800_00160.jpg,datasets_cloudmask/dataset_cropped/09_Metas/10/14/20190910140800_00160.png,808,757.4,173.6,26.6,954
9/10/2019 14:09,datasets/dataset_cropped/09_Metas/10/14/20190910140900_00160.jpg,datasets_flow/dataset_cropped/09_Metas/10/14/20190910140900_00160.jpg,datasets_cloudmask/dataset_cropped/09_Metas/10/14/20190910140900_00160.png,836,792.3,174.6,26.5,954
9/10/2019 14:10,datasets/dataset_cropped/09_Metas/10/14/20190910141000_00160.jpg,datasets_flow/dataset_cropped/09_Metas/10/14/20190910141000_00160.jpg,datasets_cloudmask/dataset_cropped/09_Metas/10/14/20190910141000_00160.png,870,834,174.8,26.6,954
9/10/2019 14:11,datasets/dataset_cropped/09_Metas/10/14/20190910141100_00160.jpg,datasets_flow/dataset_cropped/09_Metas/10/14/20190910141100_00160.jpg,datasets_cloudmask/dataset_cropped/09_Metas/10/14/20190910141100_00160.png,850,809,176.1,26.6,954
9/10/2019 14:12,datasets/dataset_cropped/09_Metas/10/14/20190910141200_00160.jpg,datasets_flow/dataset_cropped/09_Metas/10/14/20190910141200_00160.jpg,datasets_cloudmask/dataset_cropped/09_Metas/10/14/20190910141200_00160.png,865,831,174.1,26.8,954
9/10/2019 14:13,datasets/dataset_cropped/09_Metas/10/14/20190910141300_00160.jpg,datasets_flow/dataset_cropped/09_Metas/10/14/20190910141300_00160.jpg,datasets_cloudmask/dataset_cropped/09_Metas/10/14/20190910141300_00160.png,880,855,170.8,26.9,954
9/10/2019 14:14,datasets/dataset_cropped/09_Metas/10/14/20190910141400_00160.jpg,datasets_flow/dataset_cropped/09_Metas/10/14/20190910141400_00160.jpg,datasets_cloudmask/dataset_cropped/09_Metas/10/14/20190910141400_00160.png,883,864,167.6,26.8,954
9/10/2019 14:15,datasets/dataset_cropped/09_Metas/10/14/20190910141500_00160.jpg,datasets_flow/dataset_cropped/09_Metas/10/14/20190910141500_00160.jpg,datasets_cloudmask/dataset_cropped/09_Metas/10/14/20190910141500_00160.png,868,850,164.4,26.6,954
9/10/2019 14:16,datasets/dataset_cropped/09_Metas/10/14/20190910141600_00160.jpg,datasets_flow/dataset_cropped/09_Metas/10/14/20190910141600_00160.jpg,datasets_cloudmask/dataset_cropped/09_Metas/10/14/20190910141600_00160.png,888,880,161.6,27.1,954
9/10/2019 14:17,datasets/dataset_cropped/09_Metas/10/14/20190910141700_00160.jpg,datasets_flow/dataset_cropped/09_Metas/10/14/20190910141700_00160.jpg,datasets_cloudmask/dataset_cropped/09_Metas/10/14/20190910141700_00160.png,870,862,159.3,27.5,954
9/10/2019 14:18,datasets/dataset_cropped/09_Metas/10/14/20190910141800_00160.jpg,datasets_flow/dataset_cropped/09_Metas/10/14/20190910141800_00160.jpg,datasets_cloudmask/dataset_cropped/09_Metas/10/14/20190910141800_00160.png,841,829,157.2,27.2,954
9/10/2019 14:19,datasets/dataset_cropped/09_Metas/10/14/20190910141900_00160.jpg,datasets_flow/dataset_cropped/09_Metas/10/14/20190910141900_00160.jpg,datasets_cloudmask/dataset_cropped/09_Metas/10/14/20190910141900_00160.png,818,803,156.5,27.1,954
9/10/2019 14:20,datasets/dataset_cropped/09_Metas/10/14/20190910142000_00160.jpg,datasets_flow/dataset_cropped/09_Metas/10/14/20190910142000_00160.jpg,datasets_cloudmask/dataset_cropped/09_Metas/10/14/20190910142000_00160.png,818,806,155.4,26.8,954
9/10/2019 14:21,datasets/dataset_cropped/09_Metas/10/14/20190910142100_00160.jpg,datasets_flow/dataset_cropped/09_Metas/10/14/20190910142100_00160.jpg,datasets_cloudmask/dataset_cropped/09_Metas/10/14/20190910142100_00160.png,853,854,152.4,26.6,954
9/10/2019 14:22,datasets/dataset_cropped/09_Metas/10/14/20190910142200_00160.jpg,datasets_flow/dataset_cropped/09_Metas/10/14/20190910142200_00160.jpg,datasets_cloudmask/dataset_cropped/09_Metas/10/14/20190910142200_00160.png,851,857,149,26.5,954
9/10/2019 14:23,datasets/dataset_cropped/09_Metas/10/14/20190910142300_00160.jpg,datasets_flow/dataset_cropped/09_Metas/10/14/20190910142300_00160.jpg,datasets_cloudmask/dataset_cropped/09_Metas/10/14/20190910142300_00160.png,845,852,147.4,26.5,954
9/10/2019 14:24,datasets/dataset_cropped/09_Metas/10/14/20190910142400_00160.jpg,datasets_flow/dataset_cropped/09_Metas/10/14/20190910142400_00160.jpg,datasets_cloudmask/dataset_cropped/09_Metas/10/14/20190910142400_00160.png,862,875,147,26.8,954
9/10/2019 14:25,datasets/dataset_cropped/09_Metas/10/14/20190910142500_00160.jpg,datasets_flow/dataset_cropped/09_Metas/10/14/20190910142500_00160.jpg,datasets_cloudmask/dataset_cropped/09_Metas/10/14/20190910142500_00160.png,862,875,147.6,26.7,954
9/10/2019 14:26,datasets/dataset_cropped/09_Metas/10/14/20190910142600_00160.jpg,datasets_flow/dataset_cropped/09_Metas/10/14/20190910142600_00160.jpg,datasets_cloudmask/dataset_cropped/09_Metas/10/14/20190910142600_00160.png,841,847,149.8,26.6,954
9/10/2019 14:27,datasets/dataset_cropped/09_Metas/10/14/20190910142700_00160.jpg,datasets_flow/dataset_cropped/09_Metas/10/14/20190910142700_00160.jpg,datasets_cloudmask/dataset_cropped/09_Metas/10/14/20190910142700_00160.png,831,832,153.1,26.5,955
9/10/2019 14:28,datasets/dataset_cropped/09_Metas/10/14/20190910142800_00160.jpg,datasets_flow/dataset_cropped/09_Metas/10/14/20190910142800_00160.jpg,datasets_cloudmask/dataset_cropped/09_Metas/10/14/20190910142800_00160.png,825,821,156.2,26.9,955
9/10/2019 14:29,datasets/dataset_cropped/09_Metas/10/14/20190910142900_00160.jpg,datasets_flow/dataset_cropped/09_Metas/10/14/20190910142900_00160.jpg,datasets_cloudmask/dataset_cropped/09_Metas/10/14/20190910142900_00160.png,826,821,158.4,26.6,955
9/10/2019 14:30,datasets/dataset_cropped/09_Metas/10/14/20190910143000_00160.jpg,datasets_flow/dataset_cropped/09_Metas/10/14/20190910143000_00160.jpg,datasets_cloudmask/dataset_cropped/09_Metas/10/14/20190910143000_00160.png,831,827,160.2,26.5,955
9/10/2019 14:31,datasets/dataset_cropped/09_Metas/10/14/20190910143100_00160.jpg,datasets_flow/dataset_cropped/09_Metas/10/14/20190910143100_00160.jpg,datasets_cloudmask/dataset_cropped/09_Metas/10/14/20190910143100_00160.png,832,829,160.9,26.6,955
9/10/2019 14:32,datasets/dataset_cropped/09_Metas/10/14/20190910143200_00160.jpg,datasets_flow/dataset_cropped/09_Metas/10/14/20190910143200_00160.jpg,datasets_cloudmask/dataset_cropped/09_Metas/10/14/20190910143200_00160.png,834,830,162,26.6,954
9/10/2019 14:33,datasets/dataset_cropped/09_Metas/10/14/20190910143300_00160.jpg,datasets_flow/dataset_cropped/09_Metas/10/14/20190910143300_00160.jpg,datasets_cloudmask/dataset_cropped/09_Metas/10/14/20190910143300_00160.png,817,806,165,26.6,954
9/10/2019 14:34,datasets/dataset_cropped/09_Metas/10/14/20190910143400_00160.jpg,datasets_flow/dataset_cropped/09_Metas/10/14/20190910143400_00160.jpg,datasets_cloudmask/dataset_cropped/09_Metas/10/14/20190910143400_00160.png,818,806,167.1,26.6,954
9/10/2019 14:35,datasets/dataset_cropped/09_Metas/10/14/20190910143500_00160.jpg,datasets_flow/dataset_cropped/09_Metas/10/14/20190910143500_00160.jpg,datasets_cloudmask/dataset_cropped/09_Metas/10/14/20190910143500_00160.png,828,818,168.2,26.9,954
9/10/2019 14:36,datasets/dataset_cropped/09_Metas/10/14/20190910143600_00160.jpg,datasets_flow/dataset_cropped/09_Metas/10/14/20190910143600_00160.jpg,datasets_cloudmask/dataset_cropped/09_Metas/10/14/20190910143600_00160.png,819,807,169.8,26.3,954
9/10/2019 14:37,datasets/dataset_cropped/09_Metas/10/14/20190910143700_00160.jpg,datasets_flow/dataset_cropped/09_Metas/10/14/20190910143700_00160.jpg,datasets_cloudmask/dataset_cropped/09_Metas/10/14/20190910143700_00160.png,810,795.6,170.4,25.9,954
9/10/2019 14:38,datasets/dataset_cropped/09_Metas/10/14/20190910143800_00160.jpg,datasets_flow/dataset_cropped/09_Metas/10/14/20190910143800_00160.jpg,datasets_cloudmask/dataset_cropped/09_Metas/10/14/20190910143800_00160.png,798.7,782.9,170.4,26.5,954
9/10/2019 14:39,datasets/dataset_cropped/09_Metas/10/14/20190910143900_00160.jpg,datasets_flow/dataset_cropped/09_Metas/10/14/20190910143900_00160.jpg,datasets_cloudmask/dataset_cropped/09_Metas/10/14/20190910143900_00160.png,790.2,774.7,169.4,27.1,954
9/10/2019 14:40,datasets/dataset_cropped/09_Metas/10/14/20190910144000_00160.jpg,datasets_flow/dataset_cropped/09_Metas/10/14/20190910144000_00160.jpg,datasets_cloudmask/dataset_cropped/09_Metas/10/14/20190910144000_00160.png,783,769.3,167.7,26.5,954
9/10/2019 14:41,datasets/dataset_cropped/09_Metas/10/14/20190910144100_00160.jpg,datasets_flow/dataset_cropped/09_Metas/10/14/20190910144100_00160.jpg,datasets_cloudmask/dataset_cropped/09_Metas/10/14/20190910144100_00160.png,788.9,780.5,165.8,26.2,955
9/10/2019 14:42,datasets/dataset_cropped/09_Metas/10/14/20190910144200_00160.jpg,datasets_flow/dataset_cropped/09_Metas/10/14/20190910144200_00160.jpg,datasets_cloudmask/dataset_cropped/09_Metas/10/14/20190910144200_00160.png,797.4,796.9,162.7,26.4,954
9/10/2019 14:43,datasets/dataset_cropped/09_Metas/10/14/20190910144300_00160.jpg,datasets_flow/dataset_cropped/09_Metas/10/14/20190910144300_00160.jpg,datasets_cloudmask/dataset_cropped/09_Metas/10/14/20190910144300_00160.png,784.1,785.5,159.5,26.8,955
9/10/2019 14:44,datasets/dataset_cropped/09_Metas/10/14/20190910144400_00160.jpg,datasets_flow/dataset_cropped/09_Metas/10/14/20190910144400_00160.jpg,datasets_cloudmask/dataset_cropped/09_Metas/10/14/20190910144400_00160.png,805,821,153.9,26.7,955
9/10/2019 14:45,datasets/dataset_cropped/09_Metas/10/14/20190910144500_00160.jpg,datasets_flow/dataset_cropped/09_Metas/10/14/20190910144500_00160.jpg,datasets_cloudmask/dataset_cropped/09_Metas/10/14/20190910144500_00160.png,797.3,820,148.2,26.8,955
9/10/2019 14:46,datasets/dataset_cropped/09_Metas/10/14/20190910144600_00160.jpg,datasets_flow/dataset_cropped/09_Metas/10/14/20190910144600_00160.jpg,datasets_cloudmask/dataset_cropped/09_Metas/10/14/20190910144600_00160.png,797.1,830,141.4,26.8,955
9/10/2019 14:47,datasets/dataset_cropped/09_Metas/10/14/20190910144700_00160.jpg,datasets_flow/dataset_cropped/09_Metas/10/14/20190910144700_00160.jpg,datasets_cloudmask/dataset_cropped/09_Metas/10/14/20190910144700_00160.png,797.2,841,133.9,26.6,955
9/10/2019 14:48,datasets/dataset_cropped/09_Metas/10/14/20190910144800_00160.jpg,datasets_flow/dataset_cropped/09_Metas/10/14/20190910144800_00160.jpg,datasets_cloudmask/dataset_cropped/09_Metas/10/14/20190910144800_00160.png,785.4,834,129.4,26.5,955
9/10/2019 14:49,datasets/dataset_cropped/09_Metas/10/14/20190910144900_00160.jpg,datasets_flow/dataset_cropped/09_Metas/10/14/20190910144900_00160.jpg,datasets_cloudmask/dataset_cropped/09_Metas/10/14/20190910144900_00160.png,803,861,127,26.8,955
9/10/2019 14:50,datasets/dataset_cropped/09_Metas/10/14/20190910145000_00160.jpg,datasets_flow/dataset_cropped/09_Metas/10/14/20190910145000_00160.jpg,datasets_cloudmask/dataset_cropped/09_Metas/10/14/20190910145000_00160.png,793.2,853,125.9,26.8,955
9/10/2019 14:51,datasets/dataset_cropped/09_Metas/10/14/20190910145100_00160.jpg,datasets_flow/dataset_cropped/09_Metas/10/14/20190910145100_00160.jpg,datasets_cloudmask/dataset_cropped/09_Metas/10/14/20190910145100_00160.png,814,882,125.8,26.9,955
9/10/2019 14:52,datasets/dataset_cropped/09_Metas/10/14/20190910145200_00160.jpg,datasets_flow/dataset_cropped/09_Metas/10/14/20190910145200_00160.jpg,datasets_cloudmask/dataset_cropped/09_Metas/10/14/20190910145200_00160.png,825,898,125.4,26.9,955
9/10/2019 14:53,datasets/dataset_cropped/09_Metas/10/14/20190910145300_00160.jpg,datasets_flow/dataset_cropped/09_Metas/10/14/20190910145300_00160.jpg,datasets_cloudmask/dataset_cropped/09_Metas/10/14/20190910145300_00160.png,831,909,124.4,27.1,955
9/10/2019 14:54,datasets/dataset_cropped/09_Metas/10/14/20190910145400_00160.jpg,datasets_flow/dataset_cropped/09_Metas/10/14/20190910145400_00160.jpg,datasets_cloudmask/dataset_cropped/09_Metas/10/14/20190910145400_00160.png,832,914,122.9,27.1,955
9/10/2019 14:55,datasets/dataset_cropped/09_Metas/10/14/20190910145500_00160.jpg,datasets_flow/dataset_cropped/09_Metas/10/14/20190910145500_00160.jpg,datasets_cloudmask/dataset_cropped/09_Metas/10/14/20190910145500_00160.png,827,913,120.7,26.5,954
9/10/2019 14:56,datasets/dataset_cropped/09_Metas/10/14/20190910145600_00160.jpg,datasets_flow/dataset_cropped/09_Metas/10/14/20190910145600_00160.jpg,datasets_cloudmask/dataset_cropped/09_Metas/10/14/20190910145600_00160.png,819,905,119.9,26.9,955
9/10/2019 14:57,datasets/dataset_cropped/09_Metas/10/14/20190910145700_00160.jpg,datasets_flow/dataset_cropped/09_Metas/10/14/20190910145700_00160.jpg,datasets_cloudmask/dataset_cropped/09_Metas/10/14/20190910145700_00160.png,814,904,118.2,26.8,954
9/10/2019 14:58,datasets/dataset_cropped/09_Metas/10/14/20190910145800_00160.jpg,datasets_flow/dataset_cropped/09_Metas/10/14/20190910145800_00160.jpg,datasets_cloudmask/dataset_cropped/09_Metas/10/14/20190910145800_00160.png,815,909,116.9,26.7,955
9/10/2019 14:59,datasets/dataset_cropped/09_Metas/10/14/20190910145900_00160.jpg,datasets_flow/dataset_cropped/09_Metas/10/14/20190910145900_00160.jpg,datasets_cloudmask/dataset_cropped/09_Metas/10/14/20190910145900_00160.png,815,911,117.1,26.8,955
9/10/2019 15:00,datasets/dataset_cropped/09_Metas/10/15/20190910150000_00160.jpg,datasets_flow/dataset_cropped/09_Metas/10/15/20190910150000_00160.jpg,datasets_cloudmask/dataset_cropped/09_Metas/10/15/20190910150000_00160.png,816,915,116.4,26.5,955
9/10/2019 15:01,datasets/dataset_cropped/09_Metas/10/15/20190910150100_00160.jpg,datasets_flow/dataset_cropped/09_Metas/10/15/20190910150100_00160.jpg,datasets_cloudmask/dataset_cropped/09_Metas/10/15/20190910150100_00160.png,819,921,116,26.5,955
9/10/2019 15:02,datasets/dataset_cropped/09_Metas/10/15/20190910150200_00160.jpg,datasets_flow/dataset_cropped/09_Metas/10/15/20190910150200_00160.jpg,datasets_cloudmask/dataset_cropped/09_Metas/10/15/20190910150200_00160.png,820,925,116.3,26.7,955
9/10/2019 15:03,datasets/dataset_cropped/09_Metas/10/15/20190910150300_00160.jpg,datasets_flow/dataset_cropped/09_Metas/10/15/20190910150300_00160.jpg,datasets_cloudmask/dataset_cropped/09_Metas/10/15/20190910150300_00160.png,815,921,115.4,26.6,955
9/10/2019 15:04,datasets/dataset_cropped/09_Metas/10/15/20190910150400_00160.jpg,datasets_flow/dataset_cropped/09_Metas/10/15/20190910150400_00160.jpg,datasets_cloudmask/dataset_cropped/09_Metas/10/15/20190910150400_00160.png,809,919,113.5,26.5,955
9/10/2019 15:05,datasets/dataset_cropped/09_Metas/10/15/20190910150500_00160.jpg,datasets_flow/dataset_cropped/09_Metas/10/15/20190910150500_00160.jpg,datasets_cloudmask/dataset_cropped/09_Metas/10/15/20190910150500_00160.png,806,920,111.9,26.8,955
9/10/2019 15:06,datasets/dataset_cropped/09_Metas/10/15/20190910150600_00160.jpg,datasets_flow/dataset_cropped/09_Metas/10/15/20190910150600_00160.jpg,datasets_cloudmask/dataset_cropped/09_Metas/10/15/20190910150600_00160.png,805,920,112.3,27,955
9/10/2019 15:07,datasets/dataset_cropped/09_Metas/10/15/20190910150700_00160.jpg,datasets_flow/dataset_cropped/09_Metas/10/15/20190910150700_00160.jpg,datasets_cloudmask/dataset_cropped/09_Metas/10/15/20190910150700_00160.png,799.7,917,110.5,26.8,955
9/10/2019 15:08,datasets/dataset_cropped/09_Metas/10/15/20190910150800_00160.jpg,datasets_flow/dataset_cropped/09_Metas/10/15/20190910150800_00160.jpg,datasets_cloudmask/dataset_cropped/09_Metas/10/15/20190910150800_00160.png,792.1,911,108.7,26.4,955
9/10/2019 15:09,datasets/dataset_cropped/09_Metas/10/15/20190910150900_00160.jpg,datasets_flow/dataset_cropped/09_Metas/10/15/20190910150900_00160.jpg,datasets_cloudmask/dataset_cropped/09_Metas/10/15/20190910150900_00160.png,785.6,908,106.6,26.1,955
9/10/2019 15:10,datasets/dataset_cropped/09_Metas/10/15/20190910151000_00160.jpg,datasets_flow/dataset_cropped/09_Metas/10/15/20190910151000_00160.jpg,datasets_cloudmask/dataset_cropped/09_Metas/10/15/20190910151000_00160.png,780.9,904,106.5,26.3,955
9/10/2019 15:11,datasets/dataset_cropped/09_Metas/10/15/20190910151100_00160.jpg,datasets_flow/dataset_cropped/09_Metas/10/15/20190910151100_00160.jpg,datasets_cloudmask/dataset_cropped/09_Metas/10/15/20190910151100_00160.png,777,900,107,26.5,955
9/10/2019 15:12,datasets/dataset_cropped/09_Metas/10/15/20190910151200_00160.jpg,datasets_flow/dataset_cropped/09_Metas/10/15/20190910151200_00160.jpg,datasets_cloudmask/dataset_cropped/09_Metas/10/15/20190910151200_00160.png,775.1,899,107.9,26.5,955
9/10/2019 15:13,datasets/dataset_cropped/09_Metas/10/15/20190910151300_00160.jpg,datasets_flow/dataset_cropped/09_Metas/10/15/20190910151300_00160.jpg,datasets_cloudmask/dataset_cropped/09_Metas/10/15/20190910151300_00160.png,773.3,898,108.4,26.5,955
9/10/2019 15:14,datasets/dataset_cropped/09_Metas/10/15/20190910151400_00160.jpg,datasets_flow/dataset_cropped/09_Metas/10/15/20190910151400_00160.jpg,datasets_cloudmask/dataset_cropped/09_Metas/10/15/20190910151400_00160.png,773.9,899,109.4,26.5,955
9/10/2019 15:15,datasets/dataset_cropped/09_Metas/10/15/20190910151500_00160.jpg,datasets_flow/dataset_cropped/09_Metas/10/15/20190910151500_00160.jpg,datasets_cloudmask/dataset_cropped/09_Metas/10/15/20190910151500_00160.png,772.6,895,112.8,26.3,955
9/10/2019 15:16,datasets/dataset_cropped/09_Metas/10/15/20190910151600_00160.jpg,datasets_flow/dataset_cropped/09_Metas/10/15/20190910151600_00160.jpg,datasets_cloudmask/dataset_cropped/09_Metas/10/15/20190910151600_00160.png,738.3,844,117.7,26.6,955
9/10/2019 15:17,datasets/dataset_cropped/09_Metas/10/15/20190910151700_00160.jpg,datasets_flow/dataset_cropped/09_Metas/10/15/20190910151700_00160.jpg,datasets_cloudmask/dataset_cropped/09_Metas/10/15/20190910151700_00160.png,772.5,891,119.4,26.4,955
9/10/2019 15:18,datasets/dataset_cropped/09_Metas/10/15/20190910151800_00160.jpg,datasets_flow/dataset_cropped/09_Metas/10/15/20190910151800_00160.jpg,datasets_cloudmask/dataset_cropped/09_Metas/10/15/20190910151800_00160.png,765.9,883,120,26.3,955
9/10/2019 15:19,datasets/dataset_cropped/09_Metas/10/15/20190910151900_00160.jpg,datasets_flow/dataset_cropped/09_Metas/10/15/20190910151900_00160.jpg,datasets_cloudmask/dataset_cropped/09_Metas/10/15/20190910151900_00160.png,762.8,879,121.7,26.4,955
9/10/2019 15:20,datasets/dataset_cropped/09_Metas/10/15/20190910152000_00160.jpg,datasets_flow/dataset_cropped/09_Metas/10/15/20190910152000_00160.jpg,datasets_cloudmask/dataset_cropped/09_Metas/10/15/20190910152000_00160.png,761.5,878,123.7,26.9,955
9/10/2019 15:21,datasets/dataset_cropped/09_Metas/10/15/20190910152100_00160.jpg,datasets_flow/dataset_cropped/09_Metas/10/15/20190910152100_00160.jpg,datasets_cloudmask/dataset_cropped/09_Metas/10/15/20190910152100_00160.png,760.4,877,124.6,26.7,955
9/10/2019 15:22,datasets/dataset_cropped/09_Metas/10/15/20190910152200_00160.jpg,datasets_flow/dataset_cropped/09_Metas/10/15/20190910152200_00160.jpg,datasets_cloudmask/dataset_cropped/09_Metas/10/15/20190910152200_00160.png,755.3,870,125.6,26.3,955
9/10/2019 15:23,datasets/dataset_cropped/09_Metas/10/15/20190910152300_00160.jpg,datasets_flow/dataset_cropped/09_Metas/10/15/20190910152300_00160.jpg,datasets_cloudmask/dataset_cropped/09_Metas/10/15/20190910152300_00160.png,754.3,868,127.1,26.3,955
9/10/2019 15:24,datasets/dataset_cropped/09_Metas/10/15/20190910152400_00160.jpg,datasets_flow/dataset_cropped/09_Metas/10/15/20190910152400_00160.jpg,datasets_cloudmask/dataset_cropped/09_Metas/10/15/20190910152400_00160.png,755.1,868,129.7,26.3,955
9/10/2019 15:25,datasets/dataset_cropped/09_Metas/10/15/20190910152500_00160.jpg,datasets_flow/dataset_cropped/09_Metas/10/15/20190910152500_00160.jpg,datasets_cloudmask/dataset_cropped/09_Metas/10/15/20190910152500_00160.png,754.4,866,132.6,26.9,955
9/10/2019 15:26,datasets/dataset_cropped/09_Metas/10/15/20190910152600_00160.jpg,datasets_flow/dataset_cropped/09_Metas/10/15/20190910152600_00160.jpg,datasets_cloudmask/dataset_cropped/09_Metas/10/15/20190910152600_00160.png,753.2,862,135.8,26.9,955
9/10/2019 15:27,datasets/dataset_cropped/09_Metas/10/15/20190910152700_00160.jpg,datasets_flow/dataset_cropped/09_Metas/10/15/20190910152700_00160.jpg,datasets_cloudmask/dataset_cropped/09_Metas/10/15/20190910152700_00160.png,754,857,141.6,26.6,955
9/10/2019 15:28,datasets/dataset_cropped/09_Metas/10/15/20190910152800_00160.jpg,datasets_flow/dataset_cropped/09_Metas/10/15/20190910152800_00160.jpg,datasets_cloudmask/dataset_cropped/09_Metas/10/15/20190910152800_00160.png,762.4,860,150.1,26.6,955
9/10/2019 15:29,datasets/dataset_cropped/09_Metas/10/15/20190910152900_00160.jpg,datasets_flow/dataset_cropped/09_Metas/10/15/20190910152900_00160.jpg,datasets_cloudmask/dataset_cropped/09_Metas/10/15/20190910152900_00160.png,766.2,857,156.8,26.3,955
9/10/2019 15:30,datasets/dataset_cropped/09_Metas/10/15/20190910153000_00160.jpg,datasets_flow/dataset_cropped/09_Metas/10/15/20190910153000_00160.jpg,datasets_cloudmask/dataset_cropped/09_Metas/10/15/20190910153000_00160.png,768.1,853,163.7,25.8,955
9/10/2019 15:31,datasets/dataset_cropped/09_Metas/10/15/20190910153100_00160.jpg,datasets_flow/dataset_cropped/09_Metas/10/15/20190910153100_00160.jpg,datasets_cloudmask/dataset_cropped/09_Metas/10/15/20190910153100_00160.png,772.8,847,174.3,25.9,955
9/10/2019 15:32,datasets/dataset_cropped/09_Metas/10/15/20190910153200_00160.jpg,datasets_flow/dataset_cropped/09_Metas/10/15/20190910153200_00160.jpg,datasets_cloudmask/dataset_cropped/09_Metas/10/15/20190910153200_00160.png,785.8,853,185.4,26.4,955
9/10/2019 15:33,datasets/dataset_cropped/09_Metas/10/15/20190910153300_00160.jpg,datasets_flow/dataset_cropped/09_Metas/10/15/20190910153300_00160.jpg,datasets_cloudmask/dataset_cropped/09_Metas/10/15/20190910153300_00160.png,610.5,601.4,186.8,26.9,955
9/10/2019 15:34,datasets/dataset_cropped/09_Metas/10/15/20190910153400_00160.jpg,datasets_flow/dataset_cropped/09_Metas/10/15/20190910153400_00160.jpg,datasets_cloudmask/dataset_cropped/09_Metas/10/15/20190910153400_00160.png,776.5,847,183.4,27.1,955
9/10/2019 15:35,datasets/dataset_cropped/09_Metas/10/15/20190910153500_00160.jpg,datasets_flow/dataset_cropped/09_Metas/10/15/20190910153500_00160.jpg,datasets_cloudmask/dataset_cropped/09_Metas/10/15/20190910153500_00160.png,764.4,842,177.4,26.1,955
9/10/2019 15:36,datasets/dataset_cropped/09_Metas/10/15/20190910153600_00160.jpg,datasets_flow/dataset_cropped/09_Metas/10/15/20190910153600_00160.jpg,datasets_cloudmask/dataset_cropped/09_Metas/10/15/20190910153600_00160.png,761,846,172.5,25.9,955
9/10/2019 15:37,datasets/dataset_cropped/09_Metas/10/15/20190910153700_00160.jpg,datasets_flow/dataset_cropped/09_Metas/10/15/20190910153700_00160.jpg,datasets_cloudmask/dataset_cropped/09_Metas/10/15/20190910153700_00160.png,760,838,179.2,25.7,955
9/10/2019 15:38,datasets/dataset_cropped/09_Metas/10/15/20190910153800_00160.jpg,datasets_flow/dataset_cropped/09_Metas/10/15/20190910153800_00160.jpg,datasets_cloudmask/dataset_cropped/09_Metas/10/15/20190910153800_00160.png,603.8,621.4,173.9,26,955
9/10/2019 15:39,datasets/dataset_cropped/09_Metas/10/15/20190910153900_00160.jpg,datasets_flow/dataset_cropped/09_Metas/10/15/20190910153900_00160.jpg,datasets_cloudmask/dataset_cropped/09_Metas/10/15/20190910153900_00160.png,708.2,798.2,158.4,26.4,955
9/10/2019 15:40,datasets/dataset_cropped/09_Metas/10/15/20190910154000_00160.jpg,datasets_flow/dataset_cropped/09_Metas/10/15/20190910154000_00160.jpg,datasets_cloudmask/dataset_cropped/09_Metas/10/15/20190910154000_00160.png,713.8,835,139.6,26,955
9/10/2019 15:41,datasets/dataset_cropped/09_Metas/10/15/20190910154100_00160.jpg,datasets_flow/dataset_cropped/09_Metas/10/15/20190910154100_00160.jpg,datasets_cloudmask/dataset_cropped/09_Metas/10/15/20190910154100_00160.png,709.6,843,130.8,25.6,955
9/10/2019 15:42,datasets/dataset_cropped/09_Metas/10/15/20190910154200_00160.jpg,datasets_flow/dataset_cropped/09_Metas/10/15/20190910154200_00160.jpg,datasets_cloudmask/dataset_cropped/09_Metas/10/15/20190910154200_00160.png,708.6,848,128.7,25.8,955
9/10/2019 15:43,datasets/dataset_cropped/09_Metas/10/15/20190910154300_00160.jpg,datasets_flow/dataset_cropped/09_Metas/10/15/20190910154300_00160.jpg,datasets_cloudmask/dataset_cropped/09_Metas/10/15/20190910154300_00160.png,707.1,848,128.9,26.1,955
9/10/2019 15:44,datasets/dataset_cropped/09_Metas/10/15/20190910154400_00160.jpg,datasets_flow/dataset_cropped/09_Metas/10/15/20190910154400_00160.jpg,datasets_cloudmask/dataset_cropped/09_Metas/10/15/20190910154400_00160.png,707,850,129.8,26.2,955
9/10/2019 15:45,datasets/dataset_cropped/09_Metas/10/15/20190910154500_00160.jpg,datasets_flow/dataset_cropped/09_Metas/10/15/20190910154500_00160.jpg,datasets_cloudmask/dataset_cropped/09_Metas/10/15/20190910154500_00160.png,701.6,845,129.7,26.2,955
9/10/2019 15:46,datasets/dataset_cropped/09_Metas/10/15/20190910154600_00160.jpg,datasets_flow/dataset_cropped/09_Metas/10/15/20190910154600_00160.jpg,datasets_cloudmask/dataset_cropped/09_Metas/10/15/20190910154600_00160.png,698,841,129.9,26.4,955
9/10/2019 15:47,datasets/dataset_cropped/09_Metas/10/15/20190910154700_00160.jpg,datasets_flow/dataset_cropped/09_Metas/10/15/20190910154700_00160.jpg,datasets_cloudmask/dataset_cropped/09_Metas/10/15/20190910154700_00160.png,699.2,837,136.1,26.6,955
9/10/2019 15:48,datasets/dataset_cropped/09_Metas/10/15/20190910154800_00160.jpg,datasets_flow/dataset_cropped/09_Metas/10/15/20190910154800_00160.jpg,datasets_cloudmask/dataset_cropped/09_Metas/10/15/20190910154800_00160.png,696.3,819,146.8,26.6,955
9/10/2019 15:49,datasets/dataset_cropped/09_Metas/10/15/20190910154900_00160.jpg,datasets_flow/dataset_cropped/09_Metas/10/15/20190910154900_00160.jpg,datasets_cloudmask/dataset_cropped/09_Metas/10/15/20190910154900_00160.png,716.2,836,158.3,26.7,955
9/10/2019 15:50,datasets/dataset_cropped/09_Metas/10/15/20190910155000_00160.jpg,datasets_flow/dataset_cropped/09_Metas/10/15/20190910155000_00160.jpg,datasets_cloudmask/dataset_cropped/09_Metas/10/15/20190910155000_00160.png,742.2,854,174.4,26.9,955
9/10/2019 15:51,datasets/dataset_cropped/09_Metas/10/15/20190910155100_00160.jpg,datasets_flow/dataset_cropped/09_Metas/10/15/20190910155100_00160.jpg,datasets_cloudmask/dataset_cropped/09_Metas/10/15/20190910155100_00160.png,553.3,546.3,191.2,27.1,955
9/10/2019 15:52,datasets/dataset_cropped/09_Metas/10/15/20190910155200_00160.jpg,datasets_flow/dataset_cropped/09_Metas/10/15/20190910155200_00160.jpg,datasets_cloudmask/dataset_cropped/09_Metas/10/15/20190910155200_00160.png,520.8,485.6,198.7,26.7,955
9/10/2019 15:53,datasets/dataset_cropped/09_Metas/10/15/20190910155300_00160.jpg,datasets_flow/dataset_cropped/09_Metas/10/15/20190910155300_00160.jpg,datasets_cloudmask/dataset_cropped/09_Metas/10/15/20190910155300_00160.png,768.8,848,212,26.5,955
9/10/2019 15:54,datasets/dataset_cropped/09_Metas/10/15/20190910155400_00160.jpg,datasets_flow/dataset_cropped/09_Metas/10/15/20190910155400_00160.jpg,datasets_cloudmask/dataset_cropped/09_Metas/10/15/20190910155400_00160.png,765.6,824,227,26.1,955
9/10/2019 15:55,datasets/dataset_cropped/09_Metas/10/15/20190910155500_00160.jpg,datasets_flow/dataset_cropped/09_Metas/10/15/20190910155500_00160.jpg,datasets_cloudmask/dataset_cropped/09_Metas/10/15/20190910155500_00160.png,530,462.2,231.1,25.9,955
9/10/2019 15:56,datasets/dataset_cropped/09_Metas/10/15/20190910155600_00160.jpg,datasets_flow/dataset_cropped/09_Metas/10/15/20190910155600_00160.jpg,datasets_cloudmask/dataset_cropped/09_Metas/10/15/20190910155600_00160.png,212.8,1.3,211,26,955
9/10/2019 15:57,datasets/dataset_cropped/09_Metas/10/15/20190910155700_00160.jpg,datasets_flow/dataset_cropped/09_Metas/10/15/20190910155700_00160.jpg,datasets_cloudmask/dataset_cropped/09_Metas/10/15/20190910155700_00160.png,194.9,0.2,192.7,26.1,955
9/10/2019 15:58,datasets/dataset_cropped/09_Metas/10/15/20190910155800_00160.jpg,datasets_flow/dataset_cropped/09_Metas/10/15/20190910155800_00160.jpg,datasets_cloudmask/dataset_cropped/09_Metas/10/15/20190910155800_00160.png,187.8,0.4,185.2,25.9,955
9/10/2019 15:59,datasets/dataset_cropped/09_Metas/10/15/20190910155900_00160.jpg,datasets_flow/dataset_cropped/09_Metas/10/15/20190910155900_00160.jpg,datasets_cloudmask/dataset_cropped/09_Metas/10/15/20190910155900_00160.png,306.9,177.2,189.3,25.7,955
9/10/2019 16:00,datasets/dataset_cropped/09_Metas/10/16/20190910160000_00160.jpg,datasets_flow/dataset_cropped/09_Metas/10/16/20190910160000_00160.jpg,datasets_cloudmask/dataset_cropped/09_Metas/10/16/20190910160000_00160.png,718.1,792.9,206.4,25.6,955
9/10/2019 16:01,datasets/dataset_cropped/09_Metas/10/16/20190910160100_00160.jpg,datasets_flow/dataset_cropped/09_Metas/10/16/20190910160100_00160.jpg,datasets_cloudmask/dataset_cropped/09_Metas/10/16/20190910160100_00160.png,524.4,482.8,213.4,25.5,955
9/10/2019 16:02,datasets/dataset_cropped/09_Metas/10/16/20190910160200_00160.jpg,datasets_flow/dataset_cropped/09_Metas/10/16/20190910160200_00160.jpg,datasets_cloudmask/dataset_cropped/09_Metas/10/16/20190910160200_00160.png,505.3,450.9,219.9,25.3,955
9/10/2019 16:03,datasets/dataset_cropped/09_Metas/10/16/20190910160300_00160.jpg,datasets_flow/dataset_cropped/09_Metas/10/16/20190910160300_00160.jpg,datasets_cloudmask/dataset_cropped/09_Metas/10/16/20190910160300_00160.png,434.2,327.4,227.6,25.4,955
9/10/2019 16:04,datasets/dataset_cropped/09_Metas/10/16/20190910160400_00160.jpg,datasets_flow/dataset_cropped/09_Metas/10/16/20190910160400_00160.jpg,datasets_cloudmask/dataset_cropped/09_Metas/10/16/20190910160400_00160.png,416.2,290.3,231.1,25.8,955
9/10/2019 16:05,datasets/dataset_cropped/09_Metas/10/16/20190910160500_00160.jpg,datasets_flow/dataset_cropped/09_Metas/10/16/20190910160500_00160.jpg,datasets_cloudmask/dataset_cropped/09_Metas/10/16/20190910160500_00160.png,256.3,68.3,212.6,26.4,955
9/10/2019 16:06,datasets/dataset_cropped/09_Metas/10/16/20190910160600_00160.jpg,datasets_flow/dataset_cropped/09_Metas/10/16/20190910160600_00160.jpg,datasets_cloudmask/dataset_cropped/09_Metas/10/16/20190910160600_00160.png,199.6,0.2,198.6,26.5,955
9/10/2019 16:07,datasets/dataset_cropped/09_Metas/10/16/20190910160700_00160.jpg,datasets_flow/dataset_cropped/09_Metas/10/16/20190910160700_00160.jpg,datasets_cloudmask/dataset_cropped/09_Metas/10/16/20190910160700_00160.png,191.7,0,190.5,26.1,955
9/10/2019 16:08,datasets/dataset_cropped/09_Metas/10/16/20190910160800_00160.jpg,datasets_flow/dataset_cropped/09_Metas/10/16/20190910160800_00160.jpg,datasets_cloudmask/dataset_cropped/09_Metas/10/16/20190910160800_00160.png,199.2,10.8,190.5,26.1,955
9/10/2019 16:09,datasets/dataset_cropped/09_Metas/10/16/20190910160900_00160.jpg,datasets_flow/dataset_cropped/09_Metas/10/16/20190910160900_00160.jpg,datasets_cloudmask/dataset_cropped/09_Metas/10/16/20190910160900_00160.png,623,677.9,199.9,25.9,955
9/10/2019 16:10,datasets/dataset_cropped/09_Metas/10/16/20190910161000_00160.jpg,datasets_flow/dataset_cropped/09_Metas/10/16/20190910161000_00160.jpg,datasets_cloudmask/dataset_cropped/09_Metas/10/16/20190910161000_00160.png,708.3,821,201.8,25.7,955
9/10/2019 16:11,datasets/dataset_cropped/09_Metas/10/16/20190910161100_00160.jpg,datasets_flow/dataset_cropped/09_Metas/10/16/20190910161100_00160.jpg,datasets_cloudmask/dataset_cropped/09_Metas/10/16/20190910161100_00160.png,707.6,826,200.4,25.6,955
9/10/2019 16:12,datasets/dataset_cropped/09_Metas/10/16/20190910161200_00160.jpg,datasets_flow/dataset_cropped/09_Metas/10/16/20190910161200_00160.jpg,datasets_cloudmask/dataset_cropped/09_Metas/10/16/20190910161200_00160.png,711.5,834,202.8,25.7,955
9/10/2019 16:13,datasets/dataset_cropped/09_Metas/10/16/20190910161300_00160.jpg,datasets_flow/dataset_cropped/09_Metas/10/16/20190910161300_00160.jpg,datasets_cloudmask/dataset_cropped/09_Metas/10/16/20190910161300_00160.png,393,317.7,199.8,26,955
9/10/2019 16:14,datasets/dataset_cropped/09_Metas/10/16/20190910161400_00160.jpg,datasets_flow/dataset_cropped/09_Metas/10/16/20190910161400_00160.jpg,datasets_cloudmask/dataset_cropped/09_Metas/10/16/20190910161400_00160.png,195.6,1.9,193.7,26,955
9/10/2019 16:15,datasets/dataset_cropped/09_Metas/10/16/20190910161500_00160.jpg,datasets_flow/dataset_cropped/09_Metas/10/16/20190910161500_00160.jpg,datasets_cloudmask/dataset_cropped/09_Metas/10/16/20190910161500_00160.png,190.2,0,188.9,25.8,955
9/10/2019 16:16,datasets/dataset_cropped/09_Metas/10/16/20190910161600_00160.jpg,datasets_flow/dataset_cropped/09_Metas/10/16/20190910161600_00160.jpg,datasets_cloudmask/dataset_cropped/09_Metas/10/16/20190910161600_00160.png,188.3,0,186.9,25.8,955
9/10/2019 16:17,datasets/dataset_cropped/09_Metas/10/16/20190910161700_00160.jpg,datasets_flow/dataset_cropped/09_Metas/10/16/20190910161700_00160.jpg,datasets_cloudmask/dataset_cropped/09_Metas/10/16/20190910161700_00160.png,184.2,0,182.7,25.7,955
9/10/2019 16:18,datasets/dataset_cropped/09_Metas/10/16/20190910161800_00160.jpg,datasets_flow/dataset_cropped/09_Metas/10/16/20190910161800_00160.jpg,datasets_cloudmask/dataset_cropped/09_Metas/10/16/20190910161800_00160.png,183.3,2.4,179.8,25.5,955
9/10/2019 16:19,datasets/dataset_cropped/09_Metas/10/16/20190910161900_00160.jpg,datasets_flow/dataset_cropped/09_Metas/10/16/20190910161900_00160.jpg,datasets_cloudmask/dataset_cropped/09_Metas/10/16/20190910161900_00160.png,175.7,0,174.5,25.4,955
9/10/2019 16:20,datasets/dataset_cropped/09_Metas/10/16/20190910162000_00160.jpg,datasets_flow/dataset_cropped/09_Metas/10/16/20190910162000_00160.jpg,datasets_cloudmask/dataset_cropped/09_Metas/10/16/20190910162000_00160.png,169.3,0,168.1,25.2,955
9/10/2019 16:21,datasets/dataset_cropped/09_Metas/10/16/20190910162100_00160.jpg,datasets_flow/dataset_cropped/09_Metas/10/16/20190910162100_00160.jpg,datasets_cloudmask/dataset_cropped/09_Metas/10/16/20190910162100_00160.png,163.3,0,162,25.2,955
9/10/2019 16:22,datasets/dataset_cropped/09_Metas/10/16/20190910162200_00160.jpg,datasets_flow/dataset_cropped/09_Metas/10/16/20190910162200_00160.jpg,datasets_cloudmask/dataset_cropped/09_Metas/10/16/20190910162200_00160.png,159.1,0.9,157,25.1,955
9/10/2019 16:23,datasets/dataset_cropped/09_Metas/10/16/20190910162300_00160.jpg,datasets_flow/dataset_cropped/09_Metas/10/16/20190910162300_00160.jpg,datasets_cloudmask/dataset_cropped/09_Metas/10/16/20190910162300_00160.png,149.9,0,148.9,25,955
9/10/2019 16:24,datasets/dataset_cropped/09_Metas/10/16/20190910162400_00160.jpg,datasets_flow/dataset_cropped/09_Metas/10/16/20190910162400_00160.jpg,datasets_cloudmask/dataset_cropped/09_Metas/10/16/20190910162400_00160.png,147.1,0,146.1,24.9,955
9/10/2019 16:25,datasets/dataset_cropped/09_Metas/10/16/20190910162500_00160.jpg,datasets_flow/dataset_cropped/09_Metas/10/16/20190910162500_00160.jpg,datasets_cloudmask/dataset_cropped/09_Metas/10/16/20190910162500_00160.png,149.2,0,148,25,955
9/10/2019 16:26,datasets/dataset_cropped/09_Metas/10/16/20190910162600_00160.jpg,datasets_flow/dataset_cropped/09_Metas/10/16/20190910162600_00160.jpg,datasets_cloudmask/dataset_cropped/09_Metas/10/16/20190910162600_00160.png,155.7,0,154.5,25.2,955
9/10/2019 16:27,datasets/dataset_cropped/09_Metas/10/16/20190910162700_00160.jpg,datasets_flow/dataset_cropped/09_Metas/10/16/20190910162700_00160.jpg,datasets_cloudmask/dataset_cropped/09_Metas/10/16/20190910162700_00160.png,189.2,49.7,158.6,25.3,955
9/10/2019 16:28,datasets/dataset_cropped/09_Metas/10/16/20190910162800_00160.jpg,datasets_flow/dataset_cropped/09_Metas/10/16/20190910162800_00160.jpg,datasets_cloudmask/dataset_cropped/09_Metas/10/16/20190910162800_00160.png,584.3,739.1,161.8,25.2,955
9/10/2019 16:29,datasets/dataset_cropped/09_Metas/10/16/20190910162900_00160.jpg,datasets_flow/dataset_cropped/09_Metas/10/16/20190910162900_00160.jpg,datasets_cloudmask/dataset_cropped/09_Metas/10/16/20190910162900_00160.png,559,697,165.6,25.1,955
9/10/2019 16:30,datasets/dataset_cropped/09_Metas/10/16/20190910163000_00160.jpg,datasets_flow/dataset_cropped/09_Metas/10/16/20190910163000_00160.jpg,datasets_cloudmask/dataset_cropped/09_Metas/10/16/20190910163000_00160.png,419.1,453,161.9,25.3,955
9/10/2019 16:31,datasets/dataset_cropped/09_Metas/10/16/20190910163100_00160.jpg,datasets_flow/dataset_cropped/09_Metas/10/16/20190910163100_00160.jpg,datasets_cloudmask/dataset_cropped/09_Metas/10/16/20190910163100_00160.png,460.2,542.6,155.1,25.5,955
9/10/2019 16:32,datasets/dataset_cropped/09_Metas/10/16/20190910163200_00160.jpg,datasets_flow/dataset_cropped/09_Metas/10/16/20190910163200_00160.jpg,datasets_cloudmask/dataset_cropped/09_Metas/10/16/20190910163200_00160.png,519.8,655.7,153.7,25.8,955
9/10/2019 16:33,datasets/dataset_cropped/09_Metas/10/16/20190910163300_00160.jpg,datasets_flow/dataset_cropped/09_Metas/10/16/20190910163300_00160.jpg,datasets_cloudmask/dataset_cropped/09_Metas/10/16/20190910163300_00160.png,492.5,625.4,142.6,26.1,955
9/10/2019 16:34,datasets/dataset_cropped/09_Metas/10/16/20190910163400_00160.jpg,datasets_flow/dataset_cropped/09_Metas/10/16/20190910163400_00160.jpg,datasets_cloudmask/dataset_cropped/09_Metas/10/16/20190910163400_00160.png,563.8,777.7,135,26.1,955
9/10/2019 16:35,datasets/dataset_cropped/09_Metas/10/16/20190910163500_00160.jpg,datasets_flow/dataset_cropped/09_Metas/10/16/20190910163500_00160.jpg,datasets_cloudmask/dataset_cropped/09_Metas/10/16/20190910163500_00160.png,564.8,783.5,134,25.7,955
9/10/2019 16:36,datasets/dataset_cropped/09_Metas/10/16/20190910163600_00160.jpg,datasets_flow/dataset_cropped/09_Metas/10/16/20190910163600_00160.jpg,datasets_cloudmask/dataset_cropped/09_Metas/10/16/20190910163600_00160.png,343.4,389.5,131,25.3,955
9/10/2019 16:37,datasets/dataset_cropped/09_Metas/10/16/20190910163700_00160.jpg,datasets_flow/dataset_cropped/09_Metas/10/16/20190910163700_00160.jpg,datasets_cloudmask/dataset_cropped/09_Metas/10/16/20190910163700_00160.png,263.5,233.9,134.7,25.5,955
9/10/2019 16:38,datasets/dataset_cropped/09_Metas/10/16/20190910163800_00160.jpg,datasets_flow/dataset_cropped/09_Metas/10/16/20190910163800_00160.jpg,datasets_cloudmask/dataset_cropped/09_Metas/10/16/20190910163800_00160.png,243.6,203.2,134,25.9,955
9/10/2019 16:39,datasets/dataset_cropped/09_Metas/10/16/20190910163900_00160.jpg,datasets_flow/dataset_cropped/09_Metas/10/16/20190910163900_00160.jpg,datasets_cloudmask/dataset_cropped/09_Metas/10/16/20190910163900_00160.png,364.5,431.9,129.5,25.8,955
9/10/2019 16:40,datasets/dataset_cropped/09_Metas/10/16/20190910164000_00160.jpg,datasets_flow/dataset_cropped/09_Metas/10/16/20190910164000_00160.jpg,datasets_cloudmask/dataset_cropped/09_Metas/10/16/20190910164000_00160.png,530.6,736.4,135.9,25.7,955
9/10/2019 16:41,datasets/dataset_cropped/09_Metas/10/16/20190910164100_00160.jpg,datasets_flow/dataset_cropped/09_Metas/10/16/20190910164100_00160.jpg,datasets_cloudmask/dataset_cropped/09_Metas/10/16/20190910164100_00160.png,263.8,234.6,138.3,26,955
9/10/2019 16:42,datasets/dataset_cropped/09_Metas/10/16/20190910164200_00160.jpg,datasets_flow/dataset_cropped/09_Metas/10/16/20190910164200_00160.jpg,datasets_cloudmask/dataset_cropped/09_Metas/10/16/20190910164200_00160.png,305.2,295.8,146.4,25.8,955
9/10/2019 16:43,datasets/dataset_cropped/09_Metas/10/16/20190910164300_00160.jpg,datasets_flow/dataset_cropped/09_Metas/10/16/20190910164300_00160.jpg,datasets_cloudmask/dataset_cropped/09_Metas/10/16/20190910164300_00160.png,262.5,210.8,151.8,25.5,955
9/10/2019 16:44,datasets/dataset_cropped/09_Metas/10/16/20190910164400_00160.jpg,datasets_flow/dataset_cropped/09_Metas/10/16/20190910164400_00160.jpg,datasets_cloudmask/dataset_cropped/09_Metas/10/16/20190910164400_00160.png,359.4,376.4,158.8,25.8,955
9/10/2019 16:45,datasets/dataset_cropped/09_Metas/10/16/20190910164500_00160.jpg,datasets_flow/dataset_cropped/09_Metas/10/16/20190910164500_00160.jpg,datasets_cloudmask/dataset_cropped/09_Metas/10/16/20190910164500_00160.png,579.5,779.4,172,26,955
9/10/2019 16:46,datasets/dataset_cropped/09_Metas/10/16/20190910164600_00160.jpg,datasets_flow/dataset_cropped/09_Metas/10/16/20190910164600_00160.jpg,datasets_cloudmask/dataset_cropped/09_Metas/10/16/20190910164600_00160.png,586,777.7,182,26.1,955
9/10/2019 16:47,datasets/dataset_cropped/09_Metas/10/16/20190910164700_00160.jpg,datasets_flow/dataset_cropped/09_Metas/10/16/20190910164700_00160.jpg,datasets_cloudmask/dataset_cropped/09_Metas/10/16/20190910164700_00160.png,552.8,720.8,180.8,26.1,955
9/10/2019 16:48,datasets/dataset_cropped/09_Metas/10/16/20190910164800_00160.jpg,datasets_flow/dataset_cropped/09_Metas/10/16/20190910164800_00160.jpg,datasets_cloudmask/dataset_cropped/09_Metas/10/16/20190910164800_00160.png,538.4,709.3,175.7,26,955
9/10/2019 16:49,datasets/dataset_cropped/09_Metas/10/16/20190910164900_00160.jpg,datasets_flow/dataset_cropped/09_Metas/10/16/20190910164900_00160.jpg,datasets_cloudmask/dataset_cropped/09_Metas/10/16/20190910164900_00160.png,367.2,383.5,171.4,26,955
9/10/2019 16:50,datasets/dataset_cropped/09_Metas/10/16/20190910165000_00160.jpg,datasets_flow/dataset_cropped/09_Metas/10/16/20190910165000_00160.jpg,datasets_cloudmask/dataset_cropped/09_Metas/10/16/20190910165000_00160.png,241.3,136.8,171.2,26.3,955
9/10/2019 16:51,datasets/dataset_cropped/09_Metas/10/16/20190910165100_00160.jpg,datasets_flow/dataset_cropped/09_Metas/10/16/20190910165100_00160.jpg,datasets_cloudmask/dataset_cropped/09_Metas/10/16/20190910165100_00160.png,377.4,419.9,166.8,26.8,955
9/10/2019 16:52,datasets/dataset_cropped/09_Metas/10/16/20190910165200_00160.jpg,datasets_flow/dataset_cropped/09_Metas/10/16/20190910165200_00160.jpg,datasets_cloudmask/dataset_cropped/09_Metas/10/16/20190910165200_00160.png,284.3,249,156.4,26.5,955
9/10/2019 16:53,datasets/dataset_cropped/09_Metas/10/16/20190910165300_00160.jpg,datasets_flow/dataset_cropped/09_Metas/10/16/20190910165300_00160.jpg,datasets_cloudmask/dataset_cropped/09_Metas/10/16/20190910165300_00160.png,300.7,300,151.7,26.2,955
9/10/2019 16:54,datasets/dataset_cropped/09_Metas/10/16/20190910165400_00160.jpg,datasets_flow/dataset_cropped/09_Metas/10/16/20190910165400_00160.jpg,datasets_cloudmask/dataset_cropped/09_Metas/10/16/20190910165400_00160.png,162.3,28.5,147.8,26,955
9/10/2019 16:55,datasets/dataset_cropped/09_Metas/10/16/20190910165500_00160.jpg,datasets_flow/dataset_cropped/09_Metas/10/16/20190910165500_00160.jpg,datasets_cloudmask/dataset_cropped/09_Metas/10/16/20190910165500_00160.png,145,0.7,144.1,25.9,955
9/10/2019 16:56,datasets/dataset_cropped/09_Metas/10/16/20190910165600_00160.jpg,datasets_flow/dataset_cropped/09_Metas/10/16/20190910165600_00160.jpg,datasets_cloudmask/dataset_cropped/09_Metas/10/16/20190910165600_00160.png,213,136.1,145.9,25.9,955
9/10/2019 16:57,datasets/dataset_cropped/09_Metas/10/16/20190910165700_00160.jpg,datasets_flow/dataset_cropped/09_Metas/10/16/20190910165700_00160.jpg,datasets_cloudmask/dataset_cropped/09_Metas/10/16/20190910165700_00160.png,350.1,401.1,153.9,25.6,955
9/10/2019 16:58,datasets/dataset_cropped/09_Metas/10/16/20190910165800_00160.jpg,datasets_flow/dataset_cropped/09_Metas/10/16/20190910165800_00160.jpg,datasets_cloudmask/dataset_cropped/09_Metas/10/16/20190910165800_00160.png,499.2,712.2,154.4,25.3,955
9/10/2019 16:59,datasets/dataset_cropped/09_Metas/10/16/20190910165900_00160.jpg,datasets_flow/dataset_cropped/09_Metas/10/16/20190910165900_00160.jpg,datasets_cloudmask/dataset_cropped/09_Metas/10/16/20190910165900_00160.png,423.4,566.9,151.8,25.2,955
9/10/2019 17:00,datasets/dataset_cropped/09_Metas/10/17/20190910170000_00160.jpg,datasets_flow/dataset_cropped/09_Metas/10/17/20190910170000_00160.jpg,datasets_cloudmask/dataset_cropped/09_Metas/10/17/20190910170000_00160.png,251.2,215,148.6,25.5,955
9/10/2019 17:01,datasets/dataset_cropped/09_Metas/10/17/20190910170100_00160.jpg,datasets_flow/dataset_cropped/09_Metas/10/17/20190910170100_00160.jpg,datasets_cloudmask/dataset_cropped/09_Metas/10/17/20190910170100_00160.png,248,216.7,143.1,25.4,955
9/10/2019 17:02,datasets/dataset_cropped/09_Metas/10/17/20190910170200_00160.jpg,datasets_flow/dataset_cropped/09_Metas/10/17/20190910170200_00160.jpg,datasets_cloudmask/dataset_cropped/09_Metas/10/17/20190910170200_00160.png,497.6,749.9,144.5,25.5,955
9/10/2019 17:03,datasets/dataset_cropped/09_Metas/10/17/20190910170300_00160.jpg,datasets_flow/dataset_cropped/09_Metas/10/17/20190910170300_00160.jpg,datasets_cloudmask/dataset_cropped/09_Metas/10/17/20190910170300_00160.png,257.8,245.5,143.9,25.6,955
9/10/2019 17:04,datasets/dataset_cropped/09_Metas/10/17/20190910170400_00160.jpg,datasets_flow/dataset_cropped/09_Metas/10/17/20190910170400_00160.jpg,datasets_cloudmask/dataset_cropped/09_Metas/10/17/20190910170400_00160.png,142.8,1.9,141.6,25.6,955
9/10/2019 17:05,datasets/dataset_cropped/09_Metas/10/17/20190910170500_00160.jpg,datasets_flow/dataset_cropped/09_Metas/10/17/20190910170500_00160.jpg,datasets_cloudmask/dataset_cropped/09_Metas/10/17/20190910170500_00160.png,165.8,48.6,142,25.3,955
9/10/2019 17:06,datasets/dataset_cropped/09_Metas/10/17/20190910170600_00160.jpg,datasets_flow/dataset_cropped/09_Metas/10/17/20190910170600_00160.jpg,datasets_cloudmask/dataset_cropped/09_Metas/10/17/20190910170600_00160.png,480.6,724.6,146.5,25.3,955
9/10/2019 17:07,datasets/dataset_cropped/09_Metas/10/17/20190910170700_00160.jpg,datasets_flow/dataset_cropped/09_Metas/10/17/20190910170700_00160.jpg,datasets_cloudmask/dataset_cropped/09_Metas/10/17/20190910170700_00160.png,491.6,743.2,152.2,25.2,955
9/10/2019 17:08,datasets/dataset_cropped/09_Metas/10/17/20190910170800_00160.jpg,datasets_flow/dataset_cropped/09_Metas/10/17/20190910170800_00160.jpg,datasets_cloudmask/dataset_cropped/09_Metas/10/17/20190910170800_00160.png,493.3,740.4,158,25.2,955
9/10/2019 17:09,datasets/dataset_cropped/09_Metas/10/17/20190910170900_00160.jpg,datasets_flow/dataset_cropped/09_Metas/10/17/20190910170900_00160.jpg,datasets_cloudmask/dataset_cropped/09_Metas/10/17/20190910170900_00160.png,447,641.3,158.7,25.5,955
9/10/2019 17:10,datasets/dataset_cropped/09_Metas/10/17/20190910171000_00160.jpg,datasets_flow/dataset_cropped/09_Metas/10/17/20190910171000_00160.jpg,datasets_cloudmask/dataset_cropped/09_Metas/10/17/20190910171000_00160.png,426.3,597.9,159.8,25.9,955
9/10/2019 17:11,datasets/dataset_cropped/09_Metas/10/17/20190910171100_00160.jpg,datasets_flow/dataset_cropped/09_Metas/10/17/20190910171100_00160.jpg,datasets_cloudmask/dataset_cropped/09_Metas/10/17/20190910171100_00160.png,471.7,696.1,163.1,26.2,955
9/10/2019 17:12,datasets/dataset_cropped/09_Metas/10/17/20190910171200_00160.jpg,datasets_flow/dataset_cropped/09_Metas/10/17/20190910171200_00160.jpg,datasets_cloudmask/dataset_cropped/09_Metas/10/17/20190910171200_00160.png,260.2,232.3,158.6,26.6,955
9/10/2019 17:13,datasets/dataset_cropped/09_Metas/10/17/20190910171300_00160.jpg,datasets_flow/dataset_cropped/09_Metas/10/17/20190910171300_00160.jpg,datasets_cloudmask/dataset_cropped/09_Metas/10/17/20190910171300_00160.png,162,19.7,152.5,26.5,955
9/10/2019 17:14,datasets/dataset_cropped/09_Metas/10/17/20190910171400_00160.jpg,datasets_flow/dataset_cropped/09_Metas/10/17/20190910171400_00160.jpg,datasets_cloudmask/dataset_cropped/09_Metas/10/17/20190910171400_00160.png,437.1,664,148.1,26,955
9/10/2019 17:15,datasets/dataset_cropped/09_Metas/10/17/20190910171500_00160.jpg,datasets_flow/dataset_cropped/09_Metas/10/17/20190910171500_00160.jpg,datasets_cloudmask/dataset_cropped/09_Metas/10/17/20190910171500_00160.png,229.2,213.8,137.8,26.1,955
9/10/2019 17:16,datasets/dataset_cropped/09_Metas/10/17/20190910171600_00160.jpg,datasets_flow/dataset_cropped/09_Metas/10/17/20190910171600_00160.jpg,datasets_cloudmask/dataset_cropped/09_Metas/10/17/20190910171600_00160.png,267,316.4,130.5,26.1,955
9/10/2019 17:17,datasets/dataset_cropped/09_Metas/10/17/20190910171700_00160.jpg,datasets_flow/dataset_cropped/09_Metas/10/17/20190910171700_00160.jpg,datasets_cloudmask/dataset_cropped/09_Metas/10/17/20190910171700_00160.png,366.4,569.1,123.4,26,955
9/10/2019 17:18,datasets/dataset_cropped/09_Metas/10/17/20190910171800_00160.jpg,datasets_flow/dataset_cropped/09_Metas/10/17/20190910171800_00160.jpg,datasets_cloudmask/dataset_cropped/09_Metas/10/17/20190910171800_00160.png,417.2,704.4,119.6,25.9,955
9/10/2019 17:19,datasets/dataset_cropped/09_Metas/10/17/20190910171900_00160.jpg,datasets_flow/dataset_cropped/09_Metas/10/17/20190910171900_00160.jpg,datasets_cloudmask/dataset_cropped/09_Metas/10/17/20190910171900_00160.png,415.5,708.1,118.7,25.7,955
9/10/2019 17:20,datasets/dataset_cropped/09_Metas/10/17/20190910172000_00160.jpg,datasets_flow/dataset_cropped/09_Metas/10/17/20190910172000_00160.jpg,datasets_cloudmask/dataset_cropped/09_Metas/10/17/20190910172000_00160.png,407.1,703.9,114,25.7,955
9/10/2019 17:21,datasets/dataset_cropped/09_Metas/10/17/20190910172100_00160.jpg,datasets_flow/dataset_cropped/09_Metas/10/17/20190910172100_00160.jpg,datasets_cloudmask/dataset_cropped/09_Metas/10/17/20190910172100_00160.png,402.7,707,110.9,25.5,955
9/10/2019 17:22,datasets/dataset_cropped/09_Metas/10/17/20190910172200_00160.jpg,datasets_flow/dataset_cropped/09_Metas/10/17/20190910172200_00160.jpg,datasets_cloudmask/dataset_cropped/09_Metas/10/17/20190910172200_00160.png,397,711.1,106,25.6,955
9/10/2019 17:23,datasets/dataset_cropped/09_Metas/10/17/20190910172300_00160.jpg,datasets_flow/dataset_cropped/09_Metas/10/17/20190910172300_00160.jpg,datasets_cloudmask/dataset_cropped/09_Metas/10/17/20190910172300_00160.png,389.4,709.1,101.4,25.8,955
9/10/2019 17:24,datasets/dataset_cropped/09_Metas/10/17/20190910172400_00160.jpg,datasets_flow/dataset_cropped/09_Metas/10/17/20190910172400_00160.jpg,datasets_cloudmask/dataset_cropped/09_Metas/10/17/20190910172400_00160.png,382.3,707.7,97.2,25.8,955
9/10/2019 17:25,datasets/dataset_cropped/09_Metas/10/17/20190910172500_00160.jpg,datasets_flow/dataset_cropped/09_Metas/10/17/20190910172500_00160.jpg,datasets_cloudmask/dataset_cropped/09_Metas/10/17/20190910172500_00160.png,377.3,706.9,94.7,25.9,955
9/10/2019 17:26,datasets/dataset_cropped/09_Metas/10/17/20190910172600_00160.jpg,datasets_flow/dataset_cropped/09_Metas/10/17/20190910172600_00160.jpg,datasets_cloudmask/dataset_cropped/09_Metas/10/17/20190910172600_00160.png,375.7,708,95,25.9,955
9/10/2019 17:27,datasets/dataset_cropped/09_Metas/10/17/20190910172700_00160.jpg,datasets_flow/dataset_cropped/09_Metas/10/17/20190910172700_00160.jpg,datasets_cloudmask/dataset_cropped/09_Metas/10/17/20190910172700_00160.png,371.6,703.9,94.8,25.8,955
9/10/2019 17:28,datasets/dataset_cropped/09_Metas/10/17/20190910172800_00160.jpg,datasets_flow/dataset_cropped/09_Metas/10/17/20190910172800_00160.jpg,datasets_cloudmask/dataset_cropped/09_Metas/10/17/20190910172800_00160.png,367,699.2,94.2,25.9,955
9/10/2019 17:29,datasets/dataset_cropped/09_Metas/10/17/20190910172900_00160.jpg,datasets_flow/dataset_cropped/09_Metas/10/17/20190910172900_00160.jpg,datasets_cloudmask/dataset_cropped/09_Metas/10/17/20190910172900_00160.png,362.7,696.8,92.9,26.1,955
9/10/2019 17:30,datasets/dataset_cropped/09_Metas/10/17/20190910173000_00160.jpg,datasets_flow/dataset_cropped/09_Metas/10/17/20190910173000_00160.jpg,datasets_cloudmask/dataset_cropped/09_Metas/10/17/20190910173000_00160.png,360.2,700.2,91.5,26,955
9/10/2019 17:31,datasets/dataset_cropped/09_Metas/10/17/20190910173100_00160.jpg,datasets_flow/dataset_cropped/09_Metas/10/17/20190910173100_00160.jpg,datasets_cloudmask/dataset_cropped/09_Metas/10/17/20190910173100_00160.png,355.4,697.1,90.1,26.1,955
9/10/2019 17:32,datasets/dataset_cropped/09_Metas/10/17/20190910173200_00160.jpg,datasets_flow/dataset_cropped/09_Metas/10/17/20190910173200_00160.jpg,datasets_cloudmask/dataset_cropped/09_Metas/10/17/20190910173200_00160.png,351.7,696.4,88.7,26.1,955
9/10/2019 17:33,datasets/dataset_cropped/09_Metas/10/17/20190910173300_00160.jpg,datasets_flow/dataset_cropped/09_Metas/10/17/20190910173300_00160.jpg,datasets_cloudmask/dataset_cropped/09_Metas/10/17/20190910173300_00160.png,348,694.6,88,26.1,955
9/10/2019 17:34,datasets/dataset_cropped/09_Metas/10/17/20190910173400_00160.jpg,datasets_flow/dataset_cropped/09_Metas/10/17/20190910173400_00160.jpg,datasets_cloudmask/dataset_cropped/09_Metas/10/17/20190910173400_00160.png,340,684.6,85.7,26.2,955
9/10/2019 17:35,datasets/dataset_cropped/09_Metas/10/17/20190910173500_00160.jpg,datasets_flow/dataset_cropped/09_Metas/10/17/20190910173500_00160.jpg,datasets_cloudmask/dataset_cropped/09_Metas/10/17/20190910173500_00160.png,332.9,676.9,83.6,25.9,955
9/10/2019 17:36,datasets/dataset_cropped/09_Metas/10/17/20190910173600_00160.jpg,datasets_flow/dataset_cropped/09_Metas/10/17/20190910173600_00160.jpg,datasets_cloudmask/dataset_cropped/09_Metas/10/17/20190910173600_00160.png,327.8,673.9,81.8,25.9,955
9/10/2019 17:37,datasets/dataset_cropped/09_Metas/10/17/20190910173700_00160.jpg,datasets_flow/dataset_cropped/09_Metas/10/17/20190910173700_00160.jpg,datasets_cloudmask/dataset_cropped/09_Metas/10/17/20190910173700_00160.png,325.7,677.3,80.8,26.1,955
9/10/2019 17:38,datasets/dataset_cropped/09_Metas/10/17/20190910173800_00160.jpg,datasets_flow/dataset_cropped/09_Metas/10/17/20190910173800_00160.jpg,datasets_cloudmask/dataset_cropped/09_Metas/10/17/20190910173800_00160.png,322.4,680.2,78.7,26.2,955
9/10/2019 17:39,datasets/dataset_cropped/09_Metas/10/17/20190910173900_00160.jpg,datasets_flow/dataset_cropped/09_Metas/10/17/20190910173900_00160.jpg,datasets_cloudmask/dataset_cropped/09_Metas/10/17/20190910173900_00160.png,318.7,680.2,77.3,26.2,955
9/10/2019 17:40,datasets/dataset_cropped/09_Metas/10/17/20190910174000_00160.jpg,datasets_flow/dataset_cropped/09_Metas/10/17/20190910174000_00160.jpg,datasets_cloudmask/dataset_cropped/09_Metas/10/17/20190910174000_00160.png,314.5,676.8,76.6,26.2,955
9/10/2019 17:41,datasets/dataset_cropped/09_Metas/10/17/20190910174100_00160.jpg,datasets_flow/dataset_cropped/09_Metas/10/17/20190910174100_00160.jpg,datasets_cloudmask/dataset_cropped/09_Metas/10/17/20190910174100_00160.png,309.6,668.8,76.7,26.1,955
9/10/2019 17:42,datasets/dataset_cropped/09_Metas/10/17/20190910174200_00160.jpg,datasets_flow/dataset_cropped/09_Metas/10/17/20190910174200_00160.jpg,datasets_cloudmask/dataset_cropped/09_Metas/10/17/20190910174200_00160.png,306.6,667.2,76.5,25.9,955
9/10/2019 17:43,datasets/dataset_cropped/09_Metas/10/17/20190910174300_00160.jpg,datasets_flow/dataset_cropped/09_Metas/10/17/20190910174300_00160.jpg,datasets_cloudmask/dataset_cropped/09_Metas/10/17/20190910174300_00160.png,303.5,669.6,74.7,25.7,955
9/10/2019 17:44,datasets/dataset_cropped/09_Metas/10/17/20190910174400_00160.jpg,datasets_flow/dataset_cropped/09_Metas/10/17/20190910174400_00160.jpg,datasets_cloudmask/dataset_cropped/09_Metas/10/17/20190910174400_00160.png,299.4,669.1,72.8,25.8,955
9/10/2019 17:45,datasets/dataset_cropped/09_Metas/10/17/20190910174500_00160.jpg,datasets_flow/dataset_cropped/09_Metas/10/17/20190910174500_00160.jpg,datasets_cloudmask/dataset_cropped/09_Metas/10/17/20190910174500_00160.png,296.3,668.1,72.2,26,955
9/10/2019 17:46,datasets/dataset_cropped/09_Metas/10/17/20190910174600_00160.jpg,datasets_flow/dataset_cropped/09_Metas/10/17/20190910174600_00160.jpg,datasets_cloudmask/dataset_cropped/09_Metas/10/17/20190910174600_00160.png,290.9,664,70.3,26.2,955
9/10/2019 17:47,datasets/dataset_cropped/09_Metas/10/17/20190910174700_00160.jpg,datasets_flow/dataset_cropped/09_Metas/10/17/20190910174700_00160.jpg,datasets_cloudmask/dataset_cropped/09_Metas/10/17/20190910174700_00160.png,286.5,661.4,68.8,26.2,955
9/10/2019 17:48,datasets/dataset_cropped/09_Metas/10/17/20190910174800_00160.jpg,datasets_flow/dataset_cropped/09_Metas/10/17/20190910174800_00160.jpg,datasets_cloudmask/dataset_cropped/09_Metas/10/17/20190910174800_00160.png,282,656.6,68.1,26.2,955
9/10/2019 17:49,datasets/dataset_cropped/09_Metas/10/17/20190910174900_00160.jpg,datasets_flow/dataset_cropped/09_Metas/10/17/20190910174900_00160.jpg,datasets_cloudmask/dataset_cropped/09_Metas/10/17/20190910174900_00160.png,279.2,657.1,67.2,26.3,955
9/10/2019 17:50,datasets/dataset_cropped/09_Metas/10/17/20190910175000_00160.jpg,datasets_flow/dataset_cropped/09_Metas/10/17/20190910175000_00160.jpg,datasets_cloudmask/dataset_cropped/09_Metas/10/17/20190910175000_00160.png,276.2,657.2,66.2,26.2,955
9/10/2019 17:51,datasets/dataset_cropped/09_Metas/10/17/20190910175100_00160.jpg,datasets_flow/dataset_cropped/09_Metas/10/17/20190910175100_00160.jpg,datasets_cloudmask/dataset_cropped/09_Metas/10/17/20190910175100_00160.png,272.3,654.3,65.3,25.9,955
9/10/2019 17:52,datasets/dataset_cropped/09_Metas/10/17/20190910175200_00160.jpg,datasets_flow/dataset_cropped/09_Metas/10/17/20190910175200_00160.jpg,datasets_cloudmask/dataset_cropped/09_Metas/10/17/20190910175200_00160.png,268.3,650.4,64.8,25.9,955
9/10/2019 17:53,datasets/dataset_cropped/09_Metas/10/17/20190910175300_00160.jpg,datasets_flow/dataset_cropped/09_Metas/10/17/20190910175300_00160.jpg,datasets_cloudmask/dataset_cropped/09_Metas/10/17/20190910175300_00160.png,264.7,646.4,64.5,26,955
9/10/2019 17:54,datasets/dataset_cropped/09_Metas/10/17/20190910175400_00160.jpg,datasets_flow/dataset_cropped/09_Metas/10/17/20190910175400_00160.jpg,datasets_cloudmask/dataset_cropped/09_Metas/10/17/20190910175400_00160.png,260.8,641.4,64.1,26.2,955
9/10/2019 17:55,datasets/dataset_cropped/09_Metas/10/17/20190910175500_00160.jpg,datasets_flow/dataset_cropped/09_Metas/10/17/20190910175500_00160.jpg,datasets_cloudmask/dataset_cropped/09_Metas/10/17/20190910175500_00160.png,257.6,638.5,63.8,26.2,955
9/10/2019 17:56,datasets/dataset_cropped/09_Metas/10/17/20190910175600_00160.jpg,datasets_flow/dataset_cropped/09_Metas/10/17/20190910175600_00160.jpg,datasets_cloudmask/dataset_cropped/09_Metas/10/17/20190910175600_00160.png,256.1,642.1,63.5,26.1,955
9/10/2019 17:57,datasets/dataset_cropped/09_Metas/10/17/20190910175700_00160.jpg,datasets_flow/dataset_cropped/09_Metas/10/17/20190910175700_00160.jpg,datasets_cloudmask/dataset_cropped/09_Metas/10/17/20190910175700_00160.png,252.8,640.4,62.8,25.8,955
9/10/2019 17:58,datasets/dataset_cropped/09_Metas/10/17/20190910175800_00160.jpg,datasets_flow/dataset_cropped/09_Metas/10/17/20190910175800_00160.jpg,datasets_cloudmask/dataset_cropped/09_Metas/10/17/20190910175800_00160.png,250.2,640.9,62.3,25.6,955
9/10/2019 17:59,datasets/dataset_cropped/09_Metas/10/17/20190910175900_00160.jpg,datasets_flow/dataset_cropped/09_Metas/10/17/20190910175900_00160.jpg,datasets_cloudmask/dataset_cropped/09_Metas/10/17/20190910175900_00160.png,246.6,638.1,61.6,25.5,955
9/10/2019 18:00,datasets/dataset_cropped/09_Metas/10/18/20190910180000_00160.jpg,datasets_flow/dataset_cropped/09_Metas/10/18/20190910180000_00160.jpg,datasets_cloudmask/dataset_cropped/09_Metas/10/18/20190910180000_00160.png,242.8,633.9,61.2,25.4,955
9/10/2019 18:01,datasets/dataset_cropped/09_Metas/10/18/20190910180100_00160.jpg,datasets_flow/dataset_cropped/09_Metas/10/18/20190910180100_00160.jpg,datasets_cloudmask/dataset_cropped/09_Metas/10/18/20190910180100_00160.png,240.2,633.3,60.9,25.6,955
9/10/2019 18:02,datasets/dataset_cropped/09_Metas/10/18/20190910180200_00160.jpg,datasets_flow/dataset_cropped/09_Metas/10/18/20190910180200_00160.jpg,datasets_cloudmask/dataset_cropped/09_Metas/10/18/20190910180200_00160.png,238.2,633.8,61,25.7,955
9/10/2019 18:03,datasets/dataset_cropped/09_Metas/10/18/20190910180300_00160.jpg,datasets_flow/dataset_cropped/09_Metas/10/18/20190910180300_00160.jpg,datasets_cloudmask/dataset_cropped/09_Metas/10/18/20190910180300_00160.png,234.8,631.1,60.6,25.8,955
9/10/2019 18:04,datasets/dataset_cropped/09_Metas/10/18/20190910180400_00160.jpg,datasets_flow/dataset_cropped/09_Metas/10/18/20190910180400_00160.jpg,datasets_cloudmask/dataset_cropped/09_Metas/10/18/20190910180400_00160.png,231.5,627.8,60.3,25.7,955
9/10/2019 18:05,datasets/dataset_cropped/09_Metas/10/18/20190910180500_00160.jpg,datasets_flow/dataset_cropped/09_Metas/10/18/20190910180500_00160.jpg,datasets_cloudmask/dataset_cropped/09_Metas/10/18/20190910180500_00160.png,226.4,619.4,59.6,25.8,955
9/10/2019 18:06,datasets/dataset_cropped/09_Metas/10/18/20190910180600_00160.jpg,datasets_flow/dataset_cropped/09_Metas/10/18/20190910180600_00160.jpg,datasets_cloudmask/dataset_cropped/09_Metas/10/18/20190910180600_00160.png,221.9,612.7,58.9,25.7,956
9/10/2019 18:07,datasets/dataset_cropped/09_Metas/10/18/20190910180700_00160.jpg,datasets_flow/dataset_cropped/09_Metas/10/18/20190910180700_00160.jpg,datasets_cloudmask/dataset_cropped/09_Metas/10/18/20190910180700_00160.png,218.3,608.7,58.2,25.6,955
9/10/2019 18:08,datasets/dataset_cropped/09_Metas/10/18/20190910180800_00160.jpg,datasets_flow/dataset_cropped/09_Metas/10/18/20190910180800_00160.jpg,datasets_cloudmask/dataset_cropped/09_Metas/10/18/20190910180800_00160.png,214.7,604.2,57.6,25.5,955
9/10/2019 18:09,datasets/dataset_cropped/09_Metas/10/18/20190910180900_00160.jpg,datasets_flow/dataset_cropped/09_Metas/10/18/20190910180900_00160.jpg,datasets_cloudmask/dataset_cropped/09_Metas/10/18/20190910180900_00160.png,211.6,601.2,57.4,25.4,955
9/10/2019 18:10,datasets/dataset_cropped/09_Metas/10/18/20190910181000_00160.jpg,datasets_flow/dataset_cropped/09_Metas/10/18/20190910181000_00160.jpg,datasets_cloudmask/dataset_cropped/09_Metas/10/18/20190910181000_00160.png,208.8,599.4,57,25.4,956
9/10/2019 18:11,datasets/dataset_cropped/09_Metas/10/18/20190910181100_00160.jpg,datasets_flow/dataset_cropped/09_Metas/10/18/20190910181100_00160.jpg,datasets_cloudmask/dataset_cropped/09_Metas/10/18/20190910181100_00160.png,206,598.2,56.4,25.4,955
9/10/2019 18:12,datasets/dataset_cropped/09_Metas/10/18/20190910181200_00160.jpg,datasets_flow/dataset_cropped/09_Metas/10/18/20190910181200_00160.jpg,datasets_cloudmask/dataset_cropped/09_Metas/10/18/20190910181200_00160.png,202.5,594.4,55.9,25.4,955
9/10/2019 18:13,datasets/dataset_cropped/09_Metas/10/18/20190910181300_00160.jpg,datasets_flow/dataset_cropped/09_Metas/10/18/20190910181300_00160.jpg,datasets_cloudmask/dataset_cropped/09_Metas/10/18/20190910181300_00160.png,199.2,590.4,55.6,25.6,955
9/10/2019 18:14,datasets/dataset_cropped/09_Metas/10/18/20190910181400_00160.jpg,datasets_flow/dataset_cropped/09_Metas/10/18/20190910181400_00160.jpg,datasets_cloudmask/dataset_cropped/09_Metas/10/18/20190910181400_00160.png,195.6,586.7,55,25.6,956
9/10/2019 18:15,datasets/dataset_cropped/09_Metas/10/18/20190910181500_00160.jpg,datasets_flow/dataset_cropped/09_Metas/10/18/20190910181500_00160.jpg,datasets_cloudmask/dataset_cropped/09_Metas/10/18/20190910181500_00160.png,191.7,581.7,54.2,25.3,956
9/10/2019 18:16,datasets/dataset_cropped/09_Metas/10/18/20190910181600_00160.jpg,datasets_flow/dataset_cropped/09_Metas/10/18/20190910181600_00160.jpg,datasets_cloudmask/dataset_cropped/09_Metas/10/18/20190910181600_00160.png,187.9,577,53.4,25.2,955
9/10/2019 18:17,datasets/dataset_cropped/09_Metas/10/18/20190910181700_00160.jpg,datasets_flow/dataset_cropped/09_Metas/10/18/20190910181700_00160.jpg,datasets_cloudmask/dataset_cropped/09_Metas/10/18/20190910181700_00160.png,184.3,572.9,52.7,25.2,955
9/10/2019 18:18,datasets/dataset_cropped/09_Metas/10/18/20190910181800_00160.jpg,datasets_flow/dataset_cropped/09_Metas/10/18/20190910181800_00160.jpg,datasets_cloudmask/dataset_cropped/09_Metas/10/18/20190910181800_00160.png,180.1,566.5,51.8,25.3,955
9/10/2019 18:19,datasets/dataset_cropped/09_Metas/10/18/20190910181900_00160.jpg,datasets_flow/dataset_cropped/09_Metas/10/18/20190910181900_00160.jpg,datasets_cloudmask/dataset_cropped/09_Metas/10/18/20190910181900_00160.png,176.6,562.2,51.1,25.3,956
9/10/2019 18:20,datasets/dataset_cropped/09_Metas/10/18/20190910182000_00160.jpg,datasets_flow/dataset_cropped/09_Metas/10/18/20190910182000_00160.jpg,datasets_cloudmask/dataset_cropped/09_Metas/10/18/20190910182000_00160.png,172.9,556.2,50.7,25.3,955
9/10/2019 18:21,datasets/dataset_cropped/09_Metas/10/18/20190910182100_00160.jpg,datasets_flow/dataset_cropped/09_Metas/10/18/20190910182100_00160.jpg,datasets_cloudmask/dataset_cropped/09_Metas/10/18/20190910182100_00160.png,168.7,548.2,50.1,25.4,956
9/10/2019 18:22,datasets/dataset_cropped/09_Metas/10/18/20190910182200_00160.jpg,datasets_flow/dataset_cropped/09_Metas/10/18/20190910182200_00160.jpg,datasets_cloudmask/dataset_cropped/09_Metas/10/18/20190910182200_00160.png,165.4,543.2,49.7,25.4,956
9/10/2019 18:23,datasets/dataset_cropped/09_Metas/10/18/20190910182300_00160.jpg,datasets_flow/dataset_cropped/09_Metas/10/18/20190910182300_00160.jpg,datasets_cloudmask/dataset_cropped/09_Metas/10/18/20190910182300_00160.png,162.3,539.1,49.2,25.2,956
9/10/2019 18:24,datasets/dataset_cropped/09_Metas/10/18/20190910182400_00160.jpg,datasets_flow/dataset_cropped/09_Metas/10/18/20190910182400_00160.jpg,datasets_cloudmask/dataset_cropped/09_Metas/10/18/20190910182400_00160.png,158.7,533.7,48.5,25,956
9/10/2019 18:25,datasets/dataset_cropped/09_Metas/10/18/20190910182500_00160.jpg,datasets_flow/dataset_cropped/09_Metas/10/18/20190910182500_00160.jpg,datasets_cloudmask/dataset_cropped/09_Metas/10/18/20190910182500_00160.png,155.7,530.2,48,25,956
9/10/2019 18:26,datasets/dataset_cropped/09_Metas/10/18/20190910182600_00160.jpg,datasets_flow/dataset_cropped/09_Metas/10/18/20190910182600_00160.jpg,datasets_cloudmask/dataset_cropped/09_Metas/10/18/20190910182600_00160.png,152.2,523.5,47.7,25.1,956
9/10/2019 18:27,datasets/dataset_cropped/09_Metas/10/18/20190910182700_00160.jpg,datasets_flow/dataset_cropped/09_Metas/10/18/20190910182700_00160.jpg,datasets_cloudmask/dataset_cropped/09_Metas/10/18/20190910182700_00160.png,148.3,514.2,47.3,25,956
9/10/2019 18:28,datasets/dataset_cropped/09_Metas/10/18/20190910182800_00160.jpg,datasets_flow/dataset_cropped/09_Metas/10/18/20190910182800_00160.jpg,datasets_cloudmask/dataset_cropped/09_Metas/10/18/20190910182800_00160.png,144.4,505.6,47,24.9,956
9/10/2019 18:29,datasets/dataset_cropped/09_Metas/10/18/20190910182900_00160.jpg,datasets_flow/dataset_cropped/09_Metas/10/18/20190910182900_00160.jpg,datasets_cloudmask/dataset_cropped/09_Metas/10/18/20190910182900_00160.png,140.1,495.4,46.3,24.9,956
9/10/2019 18:30,datasets/dataset_cropped/09_Metas/10/18/20190910183000_00160.jpg,datasets_flow/dataset_cropped/09_Metas/10/18/20190910183000_00160.jpg,datasets_cloudmask/dataset_cropped/09_Metas/10/18/20190910183000_00160.png,136.1,487,45.7,25,956
9/10/2019 18:31,datasets/dataset_cropped/09_Metas/10/18/20190910183100_00160.jpg,datasets_flow/dataset_cropped/09_Metas/10/18/20190910183100_00160.jpg,datasets_cloudmask/dataset_cropped/09_Metas/10/18/20190910183100_00160.png,133,481.9,45.1,25.1,956
9/10/2019 18:32,datasets/dataset_cropped/09_Metas/10/18/20190910183200_00160.jpg,datasets_flow/dataset_cropped/09_Metas/10/18/20190910183200_00160.jpg,datasets_cloudmask/dataset_cropped/09_Metas/10/18/20190910183200_00160.png,129.3,473.4,44.6,25.1,956
9/10/2019 18:33,datasets/dataset_cropped/09_Metas/10/18/20190910183300_00160.jpg,datasets_flow/dataset_cropped/09_Metas/10/18/20190910183300_00160.jpg,datasets_cloudmask/dataset_cropped/09_Metas/10/18/20190910183300_00160.png,125.4,463.2,44.1,25.1,956
9/10/2019 18:34,datasets/dataset_cropped/09_Metas/10/18/20190910183400_00160.jpg,datasets_flow/dataset_cropped/09_Metas/10/18/20190910183400_00160.jpg,datasets_cloudmask/dataset_cropped/09_Metas/10/18/20190910183400_00160.png,121.7,454.4,43.5,25.1,956
9/10/2019 18:35,datasets/dataset_cropped/09_Metas/10/18/20190910183500_00160.jpg,datasets_flow/dataset_cropped/09_Metas/10/18/20190910183500_00160.jpg,datasets_cloudmask/dataset_cropped/09_Metas/10/18/20190910183500_00160.png,118.3,446.8,42.9,25.1,956
9/10/2019 18:36,datasets/dataset_cropped/09_Metas/10/18/20190910183600_00160.jpg,datasets_flow/dataset_cropped/09_Metas/10/18/20190910183600_00160.jpg,datasets_cloudmask/dataset_cropped/09_Metas/10/18/20190910183600_00160.png,115.2,441.2,42.3,25,956
9/10/2019 18:37,datasets/dataset_cropped/09_Metas/10/18/20190910183700_00160.jpg,datasets_flow/dataset_cropped/09_Metas/10/18/20190910183700_00160.jpg,datasets_cloudmask/dataset_cropped/09_Metas/10/18/20190910183700_00160.png,112.2,435.4,41.8,25,956
9/10/2019 18:38,datasets/dataset_cropped/09_Metas/10/18/20190910183800_00160.jpg,datasets_flow/dataset_cropped/09_Metas/10/18/20190910183800_00160.jpg,datasets_cloudmask/dataset_cropped/09_Metas/10/18/20190910183800_00160.png,109.1,428.9,41.2,24.9,956
9/10/2019 18:39,datasets/dataset_cropped/09_Metas/10/18/20190910183900_00160.jpg,datasets_flow/dataset_cropped/09_Metas/10/18/20190910183900_00160.jpg,datasets_cloudmask/dataset_cropped/09_Metas/10/18/20190910183900_00160.png,106.1,423.2,40.7,24.9,956
9/10/2019 18:40,datasets/dataset_cropped/09_Metas/10/18/20190910184000_00160.jpg,datasets_flow/dataset_cropped/09_Metas/10/18/20190910184000_00160.jpg,datasets_cloudmask/dataset_cropped/09_Metas/10/18/20190910184000_00160.png,103.4,419,40.1,24.9,956
9/10/2019 18:41,datasets/dataset_cropped/09_Metas/10/18/20190910184100_00160.jpg,datasets_flow/dataset_cropped/09_Metas/10/18/20190910184100_00160.jpg,datasets_cloudmask/dataset_cropped/09_Metas/10/18/20190910184100_00160.png,100.6,414.1,39.5,25,956
9/10/2019 18:42,datasets/dataset_cropped/09_Metas/10/18/20190910184200_00160.jpg,datasets_flow/dataset_cropped/09_Metas/10/18/20190910184200_00160.jpg,datasets_cloudmask/dataset_cropped/09_Metas/10/18/20190910184200_00160.png,97.7,407.9,38.8,24.9,956
9/10/2019 18:43,datasets/dataset_cropped/09_Metas/10/18/20190910184300_00160.jpg,datasets_flow/dataset_cropped/09_Metas/10/18/20190910184300_00160.jpg,datasets_cloudmask/dataset_cropped/09_Metas/10/18/20190910184300_00160.png,94.6,400.5,38.2,24.9,956
9/10/2019 18:44,datasets/dataset_cropped/09_Metas/10/18/20190910184400_00160.jpg,datasets_flow/dataset_cropped/09_Metas/10/18/20190910184400_00160.jpg,datasets_cloudmask/dataset_cropped/09_Metas/10/18/20190910184400_00160.png,91.7,394,37.5,24.9,956
9/10/2019 18:45,datasets/dataset_cropped/09_Metas/10/18/20190910184500_00160.jpg,datasets_flow/dataset_cropped/09_Metas/10/18/20190910184500_00160.jpg,datasets_cloudmask/dataset_cropped/09_Metas/10/18/20190910184500_00160.png,89.1,390,36.8,24.8,956
9/10/2019 18:46,datasets/dataset_cropped/09_Metas/10/18/20190910184600_00160.jpg,datasets_flow/dataset_cropped/09_Metas/10/18/20190910184600_00160.jpg,datasets_cloudmask/dataset_cropped/09_Metas/10/18/20190910184600_00160.png,86.1,383.2,36.1,24.8,956
9/10/2019 18:47,datasets/dataset_cropped/09_Metas/10/18/20190910184700_00160.jpg,datasets_flow/dataset_cropped/09_Metas/10/18/20190910184700_00160.jpg,datasets_cloudmask/dataset_cropped/09_Metas/10/18/20190910184700_00160.png,83.3,377.6,35.3,24.8,956
9/10/2019 18:48,datasets/dataset_cropped/09_Metas/10/18/20190910184800_00160.jpg,datasets_flow/dataset_cropped/09_Metas/10/18/20190910184800_00160.jpg,datasets_cloudmask/dataset_cropped/09_Metas/10/18/20190910184800_00160.png,80.5,371.1,34.6,24.7,956
9/10/2019 18:49,datasets/dataset_cropped/09_Metas/10/18/20190910184900_00160.jpg,datasets_flow/dataset_cropped/09_Metas/10/18/20190910184900_00160.jpg,datasets_cloudmask/dataset_cropped/09_Metas/10/18/20190910184900_00160.png,77.6,363.3,33.9,24.6,956
9/10/2019 18:50,datasets/dataset_cropped/09_Metas/10/18/20190910185000_00160.jpg,datasets_flow/dataset_cropped/09_Metas/10/18/20190910185000_00160.jpg,datasets_cloudmask/dataset_cropped/09_Metas/10/18/20190910185000_00160.png,74.8,355.6,33.2,24.6,956
9/10/2019 18:51,datasets/dataset_cropped/09_Metas/10/18/20190910185100_00160.jpg,datasets_flow/dataset_cropped/09_Metas/10/18/20190910185100_00160.jpg,datasets_cloudmask/dataset_cropped/09_Metas/10/18/20190910185100_00160.png,72.2,349.9,32.5,24.6,956
9/10/2019 18:52,datasets/dataset_cropped/09_Metas/10/18/20190910185200_00160.jpg,datasets_flow/dataset_cropped/09_Metas/10/18/20190910185200_00160.jpg,datasets_cloudmask/dataset_cropped/09_Metas/10/18/20190910185200_00160.png,69.5,343.9,31.8,24.6,956
9/10/2019 18:53,datasets/dataset_cropped/09_Metas/10/18/20190910185300_00160.jpg,datasets_flow/dataset_cropped/09_Metas/10/18/20190910185300_00160.jpg,datasets_cloudmask/dataset_cropped/09_Metas/10/18/20190910185300_00160.png,66.8,336.3,31,24.5,956
9/10/2019 18:54,datasets/dataset_cropped/09_Metas/10/18/20190910185400_00160.jpg,datasets_flow/dataset_cropped/09_Metas/10/18/20190910185400_00160.jpg,datasets_cloudmask/dataset_cropped/09_Metas/10/18/20190910185400_00160.png,64.2,330.1,30.3,24.5,956
9/10/2019 18:55,datasets/dataset_cropped/09_Metas/10/18/20190910185500_00160.jpg,datasets_flow/dataset_cropped/09_Metas/10/18/20190910185500_00160.jpg,datasets_cloudmask/dataset_cropped/09_Metas/10/18/20190910185500_00160.png,61.5,322.3,29.4,24.4,956
9/10/2019 18:56,datasets/dataset_cropped/09_Metas/10/18/20190910185600_00160.jpg,datasets_flow/dataset_cropped/09_Metas/10/18/20190910185600_00160.jpg,datasets_cloudmask/dataset_cropped/09_Metas/10/18/20190910185600_00160.png,58.7,313.7,28.6,24.4,956
9/10/2019 18:57,datasets/dataset_cropped/09_Metas/10/18/20190910185700_00160.jpg,datasets_flow/dataset_cropped/09_Metas/10/18/20190910185700_00160.jpg,datasets_cloudmask/dataset_cropped/09_Metas/10/18/20190910185700_00160.png,56,304.3,27.8,24.4,956
9/10/2019 18:58,datasets/dataset_cropped/09_Metas/10/18/20190910185800_00160.jpg,datasets_flow/dataset_cropped/09_Metas/10/18/20190910185800_00160.jpg,datasets_cloudmask/dataset_cropped/09_Metas/10/18/20190910185800_00160.png,52.9,291.4,26.9,24.4,956
9/10/2019 18:59,datasets/dataset_cropped/09_Metas/10/18/20190910185900_00160.jpg,datasets_flow/dataset_cropped/09_Metas/10/18/20190910185900_00160.jpg,datasets_cloudmask/dataset_cropped/09_Metas/10/18/20190910185900_00160.png,49.6,275.9,26.1,24.4,956
9/10/2019 19:00,datasets/dataset_cropped/09_Metas/10/19/20190910190000_00160.jpg,datasets_flow/dataset_cropped/09_Metas/10/19/20190910190000_00160.jpg,datasets_cloudmask/dataset_cropped/09_Metas/10/19/20190910190000_00160.png,46.7,263.5,25.1,24.4,956
9/10/2019 19:01,datasets/dataset_cropped/09_Metas/10/19/20190910190100_00160.jpg,datasets_flow/dataset_cropped/09_Metas/10/19/20190910190100_00160.jpg,datasets_cloudmask/dataset_cropped/09_Metas/10/19/20190910190100_00160.png,43.9,250.1,24.3,24.4,956
9/10/2019 19:02,datasets/dataset_cropped/09_Metas/10/19/20190910190200_00160.jpg,datasets_flow/dataset_cropped/09_Metas/10/19/20190910190200_00160.jpg,datasets_cloudmask/dataset_cropped/09_Metas/10/19/20190910190200_00160.png,41.2,237.7,23.4,24.4,956
9/10/2019 19:03,datasets/dataset_cropped/09_Metas/10/19/20190910190300_00160.jpg,datasets_flow/dataset_cropped/09_Metas/10/19/20190910190300_00160.jpg,datasets_cloudmask/dataset_cropped/09_Metas/10/19/20190910190300_00160.png,38.5,223.8,22.5,24.2,956
9/10/2019 19:04,datasets/dataset_cropped/09_Metas/10/19/20190910190400_00160.jpg,datasets_flow/dataset_cropped/09_Metas/10/19/20190910190400_00160.jpg,datasets_cloudmask/dataset_cropped/09_Metas/10/19/20190910190400_00160.png,35.9,209.9,21.6,24.1,956
9/10/2019 19:05,datasets/dataset_cropped/09_Metas/10/19/20190910190500_00160.jpg,datasets_flow/dataset_cropped/09_Metas/10/19/20190910190500_00160.jpg,datasets_cloudmask/dataset_cropped/09_Metas/10/19/20190910190500_00160.png,33.7,199,20.7,24.1,956
9/10/2019 19:06,datasets/dataset_cropped/09_Metas/10/19/20190910190600_00160.jpg,datasets_flow/dataset_cropped/09_Metas/10/19/20190910190600_00160.jpg,datasets_cloudmask/dataset_cropped/09_Metas/10/19/20190910190600_00160.png,31.5,188.5,19.8,24.1,956
9/10/2019 19:07,datasets/dataset_cropped/09_Metas/10/19/20190910190700_00160.jpg,datasets_flow/dataset_cropped/09_Metas/10/19/20190910190700_00160.jpg,datasets_cloudmask/dataset_cropped/09_Metas/10/19/20190910190700_00160.png,29.5,177.7,18.9,24.1,956
9/10/2019 19:08,datasets/dataset_cropped/09_Metas/10/19/20190910190800_00160.jpg,datasets_flow/dataset_cropped/09_Metas/10/19/20190910190800_00160.jpg,datasets_cloudmask/dataset_cropped/09_Metas/10/19/20190910190800_00160.png,27.4,164.3,18,24,956
9/10/2019 19:09,datasets/dataset_cropped/09_Metas/10/19/20190910190900_00160.jpg,datasets_flow/dataset_cropped/09_Metas/10/19/20190910190900_00160.jpg,datasets_cloudmask/dataset_cropped/09_Metas/10/19/20190910190900_00160.png,25.4,154.6,17.2,24,956
9/10/2019 19:10,datasets/dataset_cropped/09_Metas/10/19/20190910191000_00160.jpg,datasets_flow/dataset_cropped/09_Metas/10/19/20190910191000_00160.jpg,datasets_cloudmask/dataset_cropped/09_Metas/10/19/20190910191000_00160.png,22.2,115.2,16.2,23.9,956
9/10/2019 19:11,datasets/dataset_cropped/09_Metas/10/19/20190910191100_00160.jpg,datasets_flow/dataset_cropped/09_Metas/10/19/20190910191100_00160.jpg,datasets_cloudmask/dataset_cropped/09_Metas/10/19/20190910191100_00160.png,17.4,43,15.1,23.9,956
9/10/2019 19:12,datasets/dataset_cropped/09_Metas/10/19/20190910191200_00160.jpg,datasets_flow/dataset_cropped/09_Metas/10/19/20190910191200_00160.jpg,datasets_cloudmask/dataset_cropped/09_Metas/10/19/20190910191200_00160.png,14.7,8.3,14,23.8,956
9/10/2019 19:13,datasets/dataset_cropped/09_Metas/10/19/20190910191300_00160.jpg,datasets_flow/dataset_cropped/09_Metas/10/19/20190910191300_00160.jpg,datasets_cloudmask/dataset_cropped/09_Metas/10/19/20190910191300_00160.png,13.2,0.6,12.9,23.7,956
9/10/2019 19:14,datasets/dataset_cropped/09_Metas/10/19/20190910191400_00160.jpg,datasets_flow/dataset_cropped/09_Metas/10/19/20190910191400_00160.jpg,datasets_cloudmask/dataset_cropped/09_Metas/10/19/20190910191400_00160.png,12.1,0,11.9,23.7,956
9/10/2019 19:15,datasets/dataset_cropped/09_Metas/10/19/20190910191500_00160.jpg,datasets_flow/dataset_cropped/09_Metas/10/19/20190910191500_00160.jpg,datasets_cloudmask/dataset_cropped/09_Metas/10/19/20190910191500_00160.png,11,0,10.8,23.7,956
9/10/2019 19:16,datasets/dataset_cropped/09_Metas/10/19/20190910191600_00160.jpg,datasets_flow/dataset_cropped/09_Metas/10/19/20190910191600_00160.jpg,datasets_cloudmask/dataset_cropped/09_Metas/10/19/20190910191600_00160.png,10.1,0,9.9,23.6,956
9/10/2019 19:17,datasets/dataset_cropped/09_Metas/10/19/20190910191700_00160.jpg,datasets_flow/dataset_cropped/09_Metas/10/19/20190910191700_00160.jpg,datasets_cloudmask/dataset_cropped/09_Metas/10/19/20190910191700_00160.png,9.2,0,9,23.6,956
9/10/2019 19:18,datasets/dataset_cropped/09_Metas/10/19/20190910191800_00160.jpg,datasets_flow/dataset_cropped/09_Metas/10/19/20190910191800_00160.jpg,datasets_cloudmask/dataset_cropped/09_Metas/10/19/20190910191800_00160.png,8.4,0,8.2,23.5,956
9/10/2019 19:19,datasets/dataset_cropped/09_Metas/10/19/20190910191900_00160.jpg,datasets_flow/dataset_cropped/09_Metas/10/19/20190910191900_00160.jpg,datasets_cloudmask/dataset_cropped/09_Metas/10/19/20190910191900_00160.png,7.6,0,7.4,23.5,957
9/10/2019 19:20,datasets/dataset_cropped/09_Metas/10/19/20190910192000_00160.jpg,datasets_flow/dataset_cropped/09_Metas/10/19/20190910192000_00160.jpg,datasets_cloudmask/dataset_cropped/09_Metas/10/19/20190910192000_00160.png,6.8,0,6.6,23.4,956
9/10/2019 19:21,datasets/dataset_cropped/09_Metas/10/19/20190910192100_00160.jpg,datasets_flow/dataset_cropped/09_Metas/10/19/20190910192100_00160.jpg,datasets_cloudmask/dataset_cropped/09_Metas/10/19/20190910192100_00160.png,6.1,0,5.9,23.5,956
9/10/2019 19:22,datasets/dataset_cropped/09_Metas/10/19/20190910192200_00160.jpg,datasets_flow/dataset_cropped/09_Metas/10/19/20190910192200_00160.jpg,datasets_cloudmask/dataset_cropped/09_Metas/10/19/20190910192200_00160.png,5.4,0,5.3,23.6,956
9/10/2019 19:23,datasets/dataset_cropped/09_Metas/10/19/20190910192300_00160.jpg,datasets_flow/dataset_cropped/09_Metas/10/19/20190910192300_00160.jpg,datasets_cloudmask/dataset_cropped/09_Metas/10/19/20190910192300_00160.png,4.8,0,4.7,23.5,956
9/11/2019 6:49,datasets/dataset_cropped/09_Metas/11/06/20190911064930_00160.jpg,datasets_flow/dataset_cropped/09_Metas/11/06/20190911064930_00160.jpg,datasets_cloudmask/dataset_cropped/09_Metas/11/06/20190911064930_00160.png,2.4,0,2.4,16.8,959
9/11/2019 6:50,datasets/dataset_cropped/09_Metas/11/06/20190911065000_00160.jpg,datasets_flow/dataset_cropped/09_Metas/11/06/20190911065000_00160.jpg,datasets_cloudmask/dataset_cropped/09_Metas/11/06/20190911065000_00160.png,2.4,0,2.4,16.8,959
9/11/2019 6:51,datasets/dataset_cropped/09_Metas/11/06/20190911065100_00160.jpg,datasets_flow/dataset_cropped/09_Metas/11/06/20190911065100_00160.jpg,datasets_cloudmask/dataset_cropped/09_Metas/11/06/20190911065100_00160.png,2.6,0,2.6,16.8,959
9/11/2019 6:52,datasets/dataset_cropped/09_Metas/11/06/20190911065200_00160.jpg,datasets_flow/dataset_cropped/09_Metas/11/06/20190911065200_00160.jpg,datasets_cloudmask/dataset_cropped/09_Metas/11/06/20190911065200_00160.png,2.7,0,2.7,16.8,959
9/11/2019 6:53,datasets/dataset_cropped/09_Metas/11/06/20190911065300_00160.jpg,datasets_flow/dataset_cropped/09_Metas/11/06/20190911065300_00160.jpg,datasets_cloudmask/dataset_cropped/09_Metas/11/06/20190911065300_00160.png,3.1,0,3.1,16.9,959
9/11/2019 6:54,datasets/dataset_cropped/09_Metas/11/06/20190911065400_00160.jpg,datasets_flow/dataset_cropped/09_Metas/11/06/20190911065400_00160.jpg,datasets_cloudmask/dataset_cropped/09_Metas/11/06/20190911065400_00160.png,3.7,0.1,3.8,16.9,959
9/11/2019 6:55,datasets/dataset_cropped/09_Metas/11/06/20190911065500_00160.jpg,datasets_flow/dataset_cropped/09_Metas/11/06/20190911065500_00160.jpg,datasets_cloudmask/dataset_cropped/09_Metas/11/06/20190911065500_00160.png,4.3,0.3,4.3,16.9,959
9/11/2019 6:56,datasets/dataset_cropped/09_Metas/11/06/20190911065600_00160.jpg,datasets_flow/dataset_cropped/09_Metas/11/06/20190911065600_00160.jpg,datasets_cloudmask/dataset_cropped/09_Metas/11/06/20190911065600_00160.png,4.8,0.4,4.8,16.9,959
9/11/2019 6:57,datasets/dataset_cropped/09_Metas/11/06/20190911065700_00160.jpg,datasets_flow/dataset_cropped/09_Metas/11/06/20190911065700_00160.jpg,datasets_cloudmask/dataset_cropped/09_Metas/11/06/20190911065700_00160.png,5.2,0.5,5.2,16.9,959
9/11/2019 6:58,datasets/dataset_cropped/09_Metas/11/06/20190911065800_00160.jpg,datasets_flow/dataset_cropped/09_Metas/11/06/20190911065800_00160.jpg,datasets_cloudmask/dataset_cropped/09_Metas/11/06/20190911065800_00160.png,5.7,0.4,5.7,16.9,959
9/11/2019 6:59,datasets/dataset_cropped/09_Metas/11/06/20190911065900_00160.jpg,datasets_flow/dataset_cropped/09_Metas/11/06/20190911065900_00160.jpg,datasets_cloudmask/dataset_cropped/09_Metas/11/06/20190911065900_00160.png,6.3,0.4,6.3,16.8,959
9/11/2019 7:00,datasets/dataset_cropped/09_Metas/11/07/20190911070000_00160.jpg,datasets_flow/dataset_cropped/09_Metas/11/07/20190911070000_00160.jpg,datasets_cloudmask/dataset_cropped/09_Metas/11/07/20190911070000_00160.png,7.3,0.3,7.3,16.8,959
9/11/2019 7:01,datasets/dataset_cropped/09_Metas/11/07/20190911070100_00160.jpg,datasets_flow/dataset_cropped/09_Metas/11/07/20190911070100_00160.jpg,datasets_cloudmask/dataset_cropped/09_Metas/11/07/20190911070100_00160.png,8.6,0.2,8.6,16.7,959
9/11/2019 7:02,datasets/dataset_cropped/09_Metas/11/07/20190911070200_00160.jpg,datasets_flow/dataset_cropped/09_Metas/11/07/20190911070200_00160.jpg,datasets_cloudmask/dataset_cropped/09_Metas/11/07/20190911070200_00160.png,9.9,0.2,9.8,16.7,959
9/11/2019 7:03,datasets/dataset_cropped/09_Metas/11/07/20190911070300_00160.jpg,datasets_flow/dataset_cropped/09_Metas/11/07/20190911070300_00160.jpg,datasets_cloudmask/dataset_cropped/09_Metas/11/07/20190911070300_00160.png,10.9,0.2,10.8,16.6,959
9/11/2019 7:04,datasets/dataset_cropped/09_Metas/11/07/20190911070400_00160.jpg,datasets_flow/dataset_cropped/09_Metas/11/07/20190911070400_00160.jpg,datasets_cloudmask/dataset_cropped/09_Metas/11/07/20190911070400_00160.png,11.7,0.2,11.6,16.6,959
9/11/2019 7:05,datasets/dataset_cropped/09_Metas/11/07/20190911070500_00160.jpg,datasets_flow/dataset_cropped/09_Metas/11/07/20190911070500_00160.jpg,datasets_cloudmask/dataset_cropped/09_Metas/11/07/20190911070500_00160.png,12.6,0.2,12.5,16.5,959
9/11/2019 7:06,datasets/dataset_cropped/09_Metas/11/07/20190911070600_00160.jpg,datasets_flow/dataset_cropped/09_Metas/11/07/20190911070600_00160.jpg,datasets_cloudmask/dataset_cropped/09_Metas/11/07/20190911070600_00160.png,13.8,0.4,13.6,16.5,959
9/11/2019 7:07,datasets/dataset_cropped/09_Metas/11/07/20190911070700_00160.jpg,datasets_flow/dataset_cropped/09_Metas/11/07/20190911070700_00160.jpg,datasets_cloudmask/dataset_cropped/09_Metas/11/07/20190911070700_00160.png,15,0.7,14.8,16.5,959
9/11/2019 7:08,datasets/dataset_cropped/09_Metas/11/07/20190911070800_00160.jpg,datasets_flow/dataset_cropped/09_Metas/11/07/20190911070800_00160.jpg,datasets_cloudmask/dataset_cropped/09_Metas/11/07/20190911070800_00160.png,16,0.9,15.8,16.4,959
9/11/2019 7:09,datasets/dataset_cropped/09_Metas/11/07/20190911070900_00160.jpg,datasets_flow/dataset_cropped/09_Metas/11/07/20190911070900_00160.jpg,datasets_cloudmask/dataset_cropped/09_Metas/11/07/20190911070900_00160.png,16.9,1,16.7,16.4,959
9/11/2019 7:10,datasets/dataset_cropped/09_Metas/11/07/20190911071000_00160.jpg,datasets_flow/dataset_cropped/09_Metas/11/07/20190911071000_00160.jpg,datasets_cloudmask/dataset_cropped/09_Metas/11/07/20190911071000_00160.png,17.4,1.3,17.2,16.4,959
9/11/2019 7:11,datasets/dataset_cropped/09_Metas/11/07/20190911071100_00160.jpg,datasets_flow/dataset_cropped/09_Metas/11/07/20190911071100_00160.jpg,datasets_cloudmask/dataset_cropped/09_Metas/11/07/20190911071100_00160.png,17.8,1.8,17.5,16.4,959
9/11/2019 7:12,datasets/dataset_cropped/09_Metas/11/07/20190911071200_00160.jpg,datasets_flow/dataset_cropped/09_Metas/11/07/20190911071200_00160.jpg,datasets_cloudmask/dataset_cropped/09_Metas/11/07/20190911071200_00160.png,18.7,2.3,18.4,16.4,959
9/11/2019 7:13,datasets/dataset_cropped/09_Metas/11/07/20190911071300_00160.jpg,datasets_flow/dataset_cropped/09_Metas/11/07/20190911071300_00160.jpg,datasets_cloudmask/dataset_cropped/09_Metas/11/07/20190911071300_00160.png,19.6,3.1,19.2,16.4,959
9/11/2019 7:14,datasets/dataset_cropped/09_Metas/11/07/20190911071400_00160.jpg,datasets_flow/dataset_cropped/09_Metas/11/07/20190911071400_00160.jpg,datasets_cloudmask/dataset_cropped/09_Metas/11/07/20190911071400_00160.png,20.4,4.4,19.9,16.4,959
9/11/2019 7:15,datasets/dataset_cropped/09_Metas/11/07/20190911071500_00160.jpg,datasets_flow/dataset_cropped/09_Metas/11/07/20190911071500_00160.jpg,datasets_cloudmask/dataset_cropped/09_Metas/11/07/20190911071500_00160.png,20.9,3.8,20.5,16.4,959
9/11/2019 7:16,datasets/dataset_cropped/09_Metas/11/07/20190911071600_00160.jpg,datasets_flow/dataset_cropped/09_Metas/11/07/20190911071600_00160.jpg,datasets_cloudmask/dataset_cropped/09_Metas/11/07/20190911071600_00160.png,21.1,2.9,20.8,16.4,959
9/11/2019 7:17,datasets/dataset_cropped/09_Metas/11/07/20190911071700_00160.jpg,datasets_flow/dataset_cropped/09_Metas/11/07/20190911071700_00160.jpg,datasets_cloudmask/dataset_cropped/09_Metas/11/07/20190911071700_00160.png,21.8,2.6,21.5,16.4,959
9/11/2019 7:18,datasets/dataset_cropped/09_Metas/11/07/20190911071800_00160.jpg,datasets_flow/dataset_cropped/09_Metas/11/07/20190911071800_00160.jpg,datasets_cloudmask/dataset_cropped/09_Metas/11/07/20190911071800_00160.png,23,3.5,22.6,16.4,959
9/11/2019 7:19,datasets/dataset_cropped/09_Metas/11/07/20190911071900_00160.jpg,datasets_flow/dataset_cropped/09_Metas/11/07/20190911071900_00160.jpg,datasets_cloudmask/dataset_cropped/09_Metas/11/07/20190911071900_00160.png,25.9,6.8,25.3,16.5,959
9/11/2019 7:20,datasets/dataset_cropped/09_Metas/11/07/20190911072000_00160.jpg,datasets_flow/dataset_cropped/09_Metas/11/07/20190911072000_00160.jpg,datasets_cloudmask/dataset_cropped/09_Metas/11/07/20190911072000_00160.png,30,6.1,29.4,16.8,959
9/11/2019 7:21,datasets/dataset_cropped/09_Metas/11/07/20190911072100_00160.jpg,datasets_flow/dataset_cropped/09_Metas/11/07/20190911072100_00160.jpg,datasets_cloudmask/dataset_cropped/09_Metas/11/07/20190911072100_00160.png,31.9,4.4,31.5,16.9,959
9/11/2019 7:22,datasets/dataset_cropped/09_Metas/11/07/20190911072200_00160.jpg,datasets_flow/dataset_cropped/09_Metas/11/07/20190911072200_00160.jpg,datasets_cloudmask/dataset_cropped/09_Metas/11/07/20190911072200_00160.png,31.5,3.9,31,16.9,959
9/11/2019 7:23,datasets/dataset_cropped/09_Metas/11/07/20190911072300_00160.jpg,datasets_flow/dataset_cropped/09_Metas/11/07/20190911072300_00160.jpg,datasets_cloudmask/dataset_cropped/09_Metas/11/07/20190911072300_00160.png,31.3,4,30.8,16.8,959
9/11/2019 7:24,datasets/dataset_cropped/09_Metas/11/07/20190911072400_00160.jpg,datasets_flow/dataset_cropped/09_Metas/11/07/20190911072400_00160.jpg,datasets_cloudmask/dataset_cropped/09_Metas/11/07/20190911072400_00160.png,31.7,4.8,31.1,16.7,959
9/11/2019 7:25,datasets/dataset_cropped/09_Metas/11/07/20190911072500_00160.jpg,datasets_flow/dataset_cropped/09_Metas/11/07/20190911072500_00160.jpg,datasets_cloudmask/dataset_cropped/09_Metas/11/07/20190911072500_00160.png,32.5,5.8,31.8,16.6,959
9/11/2019 7:26,datasets/dataset_cropped/09_Metas/11/07/20190911072600_00160.jpg,datasets_flow/dataset_cropped/09_Metas/11/07/20190911072600_00160.jpg,datasets_cloudmask/dataset_cropped/09_Metas/11/07/20190911072600_00160.png,33.2,3.7,32.9,16.6,959
9/11/2019 7:27,datasets/dataset_cropped/09_Metas/11/07/20190911072700_00160.jpg,datasets_flow/dataset_cropped/09_Metas/11/07/20190911072700_00160.jpg,datasets_cloudmask/dataset_cropped/09_Metas/11/07/20190911072700_00160.png,34.2,3.7,33.9,16.6,959
9/11/2019 7:28,datasets/dataset_cropped/09_Metas/11/07/20190911072800_00160.jpg,datasets_flow/dataset_cropped/09_Metas/11/07/20190911072800_00160.jpg,datasets_cloudmask/dataset_cropped/09_Metas/11/07/20190911072800_00160.png,35.8,9.1,34.8,16.7,959
9/11/2019 7:29,datasets/dataset_cropped/09_Metas/11/07/20190911072900_00160.jpg,datasets_flow/dataset_cropped/09_Metas/11/07/20190911072900_00160.jpg,datasets_cloudmask/dataset_cropped/09_Metas/11/07/20190911072900_00160.png,38.3,17.5,36.1,16.7,959
9/11/2019 7:30,datasets/dataset_cropped/09_Metas/11/07/20190911073000_00160.jpg,datasets_flow/dataset_cropped/09_Metas/11/07/20190911073000_00160.jpg,datasets_cloudmask/dataset_cropped/09_Metas/11/07/20190911073000_00160.png,42.7,39.3,37.5,16.7,959
9/11/2019 7:31,datasets/dataset_cropped/09_Metas/11/07/20190911073100_00160.jpg,datasets_flow/dataset_cropped/09_Metas/11/07/20190911073100_00160.jpg,datasets_cloudmask/dataset_cropped/09_Metas/11/07/20190911073100_00160.png,42.2,25.2,38.9,16.7,959
9/11/2019 7:32,datasets/dataset_cropped/09_Metas/11/07/20190911073200_00160.jpg,datasets_flow/dataset_cropped/09_Metas/11/07/20190911073200_00160.jpg,datasets_cloudmask/dataset_cropped/09_Metas/11/07/20190911073200_00160.png,41,4,40.5,16.7,959
9/11/2019 7:33,datasets/dataset_cropped/09_Metas/11/07/20190911073300_00160.jpg,datasets_flow/dataset_cropped/09_Metas/11/07/20190911073300_00160.jpg,datasets_cloudmask/dataset_cropped/09_Metas/11/07/20190911073300_00160.png,43,2.7,42.8,16.8,959
9/11/2019 7:34,datasets/dataset_cropped/09_Metas/11/07/20190911073400_00160.jpg,datasets_flow/dataset_cropped/09_Metas/11/07/20190911073400_00160.jpg,datasets_cloudmask/dataset_cropped/09_Metas/11/07/20190911073400_00160.png,46,4.3,45.5,16.8,959
9/11/2019 7:35,datasets/dataset_cropped/09_Metas/11/07/20190911073500_00160.jpg,datasets_flow/dataset_cropped/09_Metas/11/07/20190911073500_00160.jpg,datasets_cloudmask/dataset_cropped/09_Metas/11/07/20190911073500_00160.png,49.1,5.6,48.5,16.8,959
9/11/2019 7:36,datasets/dataset_cropped/09_Metas/11/07/20190911073600_00160.jpg,datasets_flow/dataset_cropped/09_Metas/11/07/20190911073600_00160.jpg,datasets_cloudmask/dataset_cropped/09_Metas/11/07/20190911073600_00160.png,52,5.9,51.3,16.9,959
9/11/2019 7:37,datasets/dataset_cropped/09_Metas/11/07/20190911073700_00160.jpg,datasets_flow/dataset_cropped/09_Metas/11/07/20190911073700_00160.jpg,datasets_cloudmask/dataset_cropped/09_Metas/11/07/20190911073700_00160.png,55.6,13.4,53.6,17,959
9/11/2019 7:38,datasets/dataset_cropped/09_Metas/11/07/20190911073800_00160.jpg,datasets_flow/dataset_cropped/09_Metas/11/07/20190911073800_00160.jpg,datasets_cloudmask/dataset_cropped/09_Metas/11/07/20190911073800_00160.png,59.5,20.1,56.3,17,959
9/11/2019 7:39,datasets/dataset_cropped/09_Metas/11/07/20190911073900_00160.jpg,datasets_flow/dataset_cropped/09_Metas/11/07/20190911073900_00160.jpg,datasets_cloudmask/dataset_cropped/09_Metas/11/07/20190911073900_00160.png,68.5,54.3,59.6,17,959
9/11/2019 7:40,datasets/dataset_cropped/09_Metas/11/07/20190911074000_00160.jpg,datasets_flow/dataset_cropped/09_Metas/11/07/20190911074000_00160.jpg,datasets_cloudmask/dataset_cropped/09_Metas/11/07/20190911074000_00160.png,71.5,49.6,63.4,17,959
9/11/2019 7:41,datasets/dataset_cropped/09_Metas/11/07/20190911074100_00160.jpg,datasets_flow/dataset_cropped/09_Metas/11/07/20190911074100_00160.jpg,datasets_cloudmask/dataset_cropped/09_Metas/11/07/20190911074100_00160.png,103.3,213.8,66.6,16.9,959
9/11/2019 7:42,datasets/dataset_cropped/09_Metas/11/07/20190911074200_00160.jpg,datasets_flow/dataset_cropped/09_Metas/11/07/20190911074200_00160.jpg,datasets_cloudmask/dataset_cropped/09_Metas/11/07/20190911074200_00160.png,79.6,73.1,67.5,17,959
9/11/2019 7:43,datasets/dataset_cropped/09_Metas/11/07/20190911074300_00160.jpg,datasets_flow/dataset_cropped/09_Metas/11/07/20190911074300_00160.jpg,datasets_cloudmask/dataset_cropped/09_Metas/11/07/20190911074300_00160.png,68.9,11.5,67.3,17,959
9/11/2019 7:44,datasets/dataset_cropped/09_Metas/11/07/20190911074400_00160.jpg,datasets_flow/dataset_cropped/09_Metas/11/07/20190911074400_00160.jpg,datasets_cloudmask/dataset_cropped/09_Metas/11/07/20190911074400_00160.png,69,14.7,66.7,17.1,959
9/11/2019 7:45,datasets/dataset_cropped/09_Metas/11/07/20190911074500_00160.jpg,datasets_flow/dataset_cropped/09_Metas/11/07/20190911074500_00160.jpg,datasets_cloudmask/dataset_cropped/09_Metas/11/07/20190911074500_00160.png,67.9,5.6,67.3,17.3,959
9/11/2019 7:46,datasets/dataset_cropped/09_Metas/11/07/20190911074600_00160.jpg,datasets_flow/dataset_cropped/09_Metas/11/07/20190911074600_00160.jpg,datasets_cloudmask/dataset_cropped/09_Metas/11/07/20190911074600_00160.png,67.6,4.3,67.3,17.3,959
9/11/2019 7:47,datasets/dataset_cropped/09_Metas/11/07/20190911074700_00160.jpg,datasets_flow/dataset_cropped/09_Metas/11/07/20190911074700_00160.jpg,datasets_cloudmask/dataset_cropped/09_Metas/11/07/20190911074700_00160.png,70.2,3.8,69.9,17.2,959
9/11/2019 7:48,datasets/dataset_cropped/09_Metas/11/07/20190911074800_00160.jpg,datasets_flow/dataset_cropped/09_Metas/11/07/20190911074800_00160.jpg,datasets_cloudmask/dataset_cropped/09_Metas/11/07/20190911074800_00160.png,73.3,2.1,73.4,17.2,959
9/11/2019 7:49,datasets/dataset_cropped/09_Metas/11/07/20190911074900_00160.jpg,datasets_flow/dataset_cropped/09_Metas/11/07/20190911074900_00160.jpg,datasets_cloudmask/dataset_cropped/09_Metas/11/07/20190911074900_00160.png,77.7,2,77.7,17.2,960
9/11/2019 7:50,datasets/dataset_cropped/09_Metas/11/07/20190911075000_00160.jpg,datasets_flow/dataset_cropped/09_Metas/11/07/20190911075000_00160.jpg,datasets_cloudmask/dataset_cropped/09_Metas/11/07/20190911075000_00160.png,84.2,2.1,84.2,17.2,959
9/11/2019 7:51,datasets/dataset_cropped/09_Metas/11/07/20190911075100_00160.jpg,datasets_flow/dataset_cropped/09_Metas/11/07/20190911075100_00160.jpg,datasets_cloudmask/dataset_cropped/09_Metas/11/07/20190911075100_00160.png,89.3,1.2,89.5,17.2,959
9/11/2019 7:52,datasets/dataset_cropped/09_Metas/11/07/20190911075200_00160.jpg,datasets_flow/dataset_cropped/09_Metas/11/07/20190911075200_00160.jpg,datasets_cloudmask/dataset_cropped/09_Metas/11/07/20190911075200_00160.png,91.7,0.9,92,17.2,959
9/11/2019 7:53,datasets/dataset_cropped/09_Metas/11/07/20190911075300_00160.jpg,datasets_flow/dataset_cropped/09_Metas/11/07/20190911075300_00160.jpg,datasets_cloudmask/dataset_cropped/09_Metas/11/07/20190911075300_00160.png,93.7,0.7,93.9,17.2,959
9/11/2019 7:54,datasets/dataset_cropped/09_Metas/11/07/20190911075400_00160.jpg,datasets_flow/dataset_cropped/09_Metas/11/07/20190911075400_00160.jpg,datasets_cloudmask/dataset_cropped/09_Metas/11/07/20190911075400_00160.png,95.9,1,96,17.3,959
9/11/2019 7:55,datasets/dataset_cropped/09_Metas/11/07/20190911075500_00160.jpg,datasets_flow/dataset_cropped/09_Metas/11/07/20190911075500_00160.jpg,datasets_cloudmask/dataset_cropped/09_Metas/11/07/20190911075500_00160.png,98.5,6.3,97.6,17.3,959
9/11/2019 7:56,datasets/dataset_cropped/09_Metas/11/07/20190911075600_00160.jpg,datasets_flow/dataset_cropped/09_Metas/11/07/20190911075600_00160.jpg,datasets_cloudmask/dataset_cropped/09_Metas/11/07/20190911075600_00160.png,100.4,10.4,98.5,17.3,959
9/11/2019 7:57,datasets/dataset_cropped/09_Metas/11/07/20190911075700_00160.jpg,datasets_flow/dataset_cropped/09_Metas/11/07/20190911075700_00160.jpg,datasets_cloudmask/dataset_cropped/09_Metas/11/07/20190911075700_00160.png,100.9,4.4,100.2,17.3,959
9/11/2019 7:58,datasets/dataset_cropped/09_Metas/11/07/20190911075800_00160.jpg,datasets_flow/dataset_cropped/09_Metas/11/07/20190911075800_00160.jpg,datasets_cloudmask/dataset_cropped/09_Metas/11/07/20190911075800_00160.png,101.3,4.2,100.8,17.4,959
9/11/2019 7:59,datasets/dataset_cropped/09_Metas/11/07/20190911075900_00160.jpg,datasets_flow/dataset_cropped/09_Metas/11/07/20190911075900_00160.jpg,datasets_cloudmask/dataset_cropped/09_Metas/11/07/20190911075900_00160.png,96.1,2.2,95.9,17.4,959
9/11/2019 8:00,datasets/dataset_cropped/09_Metas/11/08/20190911080000_00160.jpg,datasets_flow/dataset_cropped/09_Metas/11/08/20190911080000_00160.jpg,datasets_cloudmask/dataset_cropped/09_Metas/11/08/20190911080000_00160.png,92.8,1.9,92.7,17.4,959
9/11/2019 8:01,datasets/dataset_cropped/09_Metas/11/08/20190911080100_00160.jpg,datasets_flow/dataset_cropped/09_Metas/11/08/20190911080100_00160.jpg,datasets_cloudmask/dataset_cropped/09_Metas/11/08/20190911080100_00160.png,97.3,25.4,91.5,17.4,959
9/11/2019 8:02,datasets/dataset_cropped/09_Metas/11/08/20190911080200_00160.jpg,datasets_flow/dataset_cropped/09_Metas/11/08/20190911080200_00160.jpg,datasets_cloudmask/dataset_cropped/09_Metas/11/08/20190911080200_00160.png,121.7,122.5,91.9,17.4,959
9/11/2019 8:03,datasets/dataset_cropped/09_Metas/11/08/20190911080300_00160.jpg,datasets_flow/dataset_cropped/09_Metas/11/08/20190911080300_00160.jpg,datasets_cloudmask/dataset_cropped/09_Metas/11/08/20190911080300_00160.png,152,225.6,96.1,17.5,959
9/11/2019 8:04,datasets/dataset_cropped/09_Metas/11/08/20190911080400_00160.jpg,datasets_flow/dataset_cropped/09_Metas/11/08/20190911080400_00160.jpg,datasets_cloudmask/dataset_cropped/09_Metas/11/08/20190911080400_00160.png,112.8,44.5,101.8,17.6,960
9/11/2019 8:05,datasets/dataset_cropped/09_Metas/11/08/20190911080500_00160.jpg,datasets_flow/dataset_cropped/09_Metas/11/08/20190911080500_00160.jpg,datasets_cloudmask/dataset_cropped/09_Metas/11/08/20190911080500_00160.png,126.7,78.1,107.7,17.6,960
9/11/2019 8:06,datasets/dataset_cropped/09_Metas/11/08/20190911080600_00160.jpg,datasets_flow/dataset_cropped/09_Metas/11/08/20190911080600_00160.jpg,datasets_cloudmask/dataset_cropped/09_Metas/11/08/20190911080600_00160.png,111.5,7.3,110.1,17.7,960
9/11/2019 8:07,datasets/dataset_cropped/09_Metas/11/08/20190911080700_00160.jpg,datasets_flow/dataset_cropped/09_Metas/11/08/20190911080700_00160.jpg,datasets_cloudmask/dataset_cropped/09_Metas/11/08/20190911080700_00160.png,113.7,4.8,112.8,17.7,960
9/11/2019 8:08,datasets/dataset_cropped/09_Metas/11/08/20190911080800_00160.jpg,datasets_flow/dataset_cropped/09_Metas/11/08/20190911080800_00160.jpg,datasets_cloudmask/dataset_cropped/09_Metas/11/08/20190911080800_00160.png,119,14.8,115.5,17.7,960
9/11/2019 8:09,datasets/dataset_cropped/09_Metas/11/08/20190911080900_00160.jpg,datasets_flow/dataset_cropped/09_Metas/11/08/20190911080900_00160.jpg,datasets_cloudmask/dataset_cropped/09_Metas/11/08/20190911080900_00160.png,159.3,158,117.4,17.6,960
9/11/2019 8:10,datasets/dataset_cropped/09_Metas/11/08/20190911081000_00160.jpg,datasets_flow/dataset_cropped/09_Metas/11/08/20190911081000_00160.jpg,datasets_cloudmask/dataset_cropped/09_Metas/11/08/20190911081000_00160.png,119.3,5.9,118.1,17.7,960
9/11/2019 8:11,datasets/dataset_cropped/09_Metas/11/08/20190911081100_00160.jpg,datasets_flow/dataset_cropped/09_Metas/11/08/20190911081100_00160.jpg,datasets_cloudmask/dataset_cropped/09_Metas/11/08/20190911081100_00160.png,119.5,2.6,119.3,17.7,959
9/11/2019 8:12,datasets/dataset_cropped/09_Metas/11/08/20190911081200_00160.jpg,datasets_flow/dataset_cropped/09_Metas/11/08/20190911081200_00160.jpg,datasets_cloudmask/dataset_cropped/09_Metas/11/08/20190911081200_00160.png,125.3,2.4,125.2,17.7,960
9/11/2019 8:13,datasets/dataset_cropped/09_Metas/11/08/20190911081300_00160.jpg,datasets_flow/dataset_cropped/09_Metas/11/08/20190911081300_00160.jpg,datasets_cloudmask/dataset_cropped/09_Metas/11/08/20190911081300_00160.png,130.7,15,127.1,17.6,960
9/11/2019 8:14,datasets/dataset_cropped/09_Metas/11/08/20190911081400_00160.jpg,datasets_flow/dataset_cropped/09_Metas/11/08/20190911081400_00160.jpg,datasets_cloudmask/dataset_cropped/09_Metas/11/08/20190911081400_00160.png,132.1,21.2,126.7,17.6,959
9/11/2019 8:15,datasets/dataset_cropped/09_Metas/11/08/20190911081500_00160.jpg,datasets_flow/dataset_cropped/09_Metas/11/08/20190911081500_00160.jpg,datasets_cloudmask/dataset_cropped/09_Metas/11/08/20190911081500_00160.png,131.2,24.2,124.7,17.6,960
9/11/2019 8:16,datasets/dataset_cropped/09_Metas/11/08/20190911081600_00160.jpg,datasets_flow/dataset_cropped/09_Metas/11/08/20190911081600_00160.jpg,datasets_cloudmask/dataset_cropped/09_Metas/11/08/20190911081600_00160.png,125.9,8.9,123.8,17.7,959
9/11/2019 8:17,datasets/dataset_cropped/09_Metas/11/08/20190911081700_00160.jpg,datasets_flow/dataset_cropped/09_Metas/11/08/20190911081700_00160.jpg,datasets_cloudmask/dataset_cropped/09_Metas/11/08/20190911081700_00160.png,126.3,4.6,125.5,17.7,959
9/11/2019 8:18,datasets/dataset_cropped/09_Metas/11/08/20190911081800_00160.jpg,datasets_flow/dataset_cropped/09_Metas/11/08/20190911081800_00160.jpg,datasets_cloudmask/dataset_cropped/09_Metas/11/08/20190911081800_00160.png,126.1,4.9,125.2,17.7,959
9/11/2019 8:19,datasets/dataset_cropped/09_Metas/11/08/20190911081900_00160.jpg,datasets_flow/dataset_cropped/09_Metas/11/08/20190911081900_00160.jpg,datasets_cloudmask/dataset_cropped/09_Metas/11/08/20190911081900_00160.png,124.1,4.3,123.3,17.7,959
9/11/2019 8:20,datasets/dataset_cropped/09_Metas/11/08/20190911082000_00160.jpg,datasets_flow/dataset_cropped/09_Metas/11/08/20190911082000_00160.jpg,datasets_cloudmask/dataset_cropped/09_Metas/11/08/20190911082000_00160.png,136.4,57.3,119.3,17.7,960
9/11/2019 8:21,datasets/dataset_cropped/09_Metas/11/08/20190911082100_00160.jpg,datasets_flow/dataset_cropped/09_Metas/11/08/20190911082100_00160.jpg,datasets_cloudmask/dataset_cropped/09_Metas/11/08/20190911082100_00160.png,118,7,116.3,17.7,960
9/11/2019 8:22,datasets/dataset_cropped/09_Metas/11/08/20190911082200_00160.jpg,datasets_flow/dataset_cropped/09_Metas/11/08/20190911082200_00160.jpg,datasets_cloudmask/dataset_cropped/09_Metas/11/08/20190911082200_00160.png,113.5,2.5,113.2,17.8,959
9/11/2019 8:23,datasets/dataset_cropped/09_Metas/11/08/20190911082300_00160.jpg,datasets_flow/dataset_cropped/09_Metas/11/08/20190911082300_00160.jpg,datasets_cloudmask/dataset_cropped/09_Metas/11/08/20190911082300_00160.png,108.7,0.8,108.8,17.8,960
9/11/2019 8:24,datasets/dataset_cropped/09_Metas/11/08/20190911082400_00160.jpg,datasets_flow/dataset_cropped/09_Metas/11/08/20190911082400_00160.jpg,datasets_cloudmask/dataset_cropped/09_Metas/11/08/20190911082400_00160.png,105.7,0.5,106,17.7,959
9/11/2019 8:25,datasets/dataset_cropped/09_Metas/11/08/20190911082500_00160.jpg,datasets_flow/dataset_cropped/09_Metas/11/08/20190911082500_00160.jpg,datasets_cloudmask/dataset_cropped/09_Metas/11/08/20190911082500_00160.png,106.7,0.5,107,17.7,959
9/11/2019 8:26,datasets/dataset_cropped/09_Metas/11/08/20190911082600_00160.jpg,datasets_flow/dataset_cropped/09_Metas/11/08/20190911082600_00160.jpg,datasets_cloudmask/dataset_cropped/09_Metas/11/08/20190911082600_00160.png,108.2,0.4,108.5,17.7,960
9/11/2019 8:27,datasets/dataset_cropped/09_Metas/11/08/20190911082700_00160.jpg,datasets_flow/dataset_cropped/09_Metas/11/08/20190911082700_00160.jpg,datasets_cloudmask/dataset_cropped/09_Metas/11/08/20190911082700_00160.png,105.1,0.4,105.4,17.7,960
9/11/2019 8:28,datasets/dataset_cropped/09_Metas/11/08/20190911082800_00160.jpg,datasets_flow/dataset_cropped/09_Metas/11/08/20190911082800_00160.jpg,datasets_cloudmask/dataset_cropped/09_Metas/11/08/20190911082800_00160.png,100.4,0.6,100.6,17.7,960
9/11/2019 8:29,datasets/dataset_cropped/09_Metas/11/08/20190911082900_00160.jpg,datasets_flow/dataset_cropped/09_Metas/11/08/20190911082900_00160.jpg,datasets_cloudmask/dataset_cropped/09_Metas/11/08/20190911082900_00160.png,96.3,0.7,96.4,17.7,960
9/11/2019 8:30,datasets/dataset_cropped/09_Metas/11/08/20190911083000_00160.jpg,datasets_flow/dataset_cropped/09_Metas/11/08/20190911083000_00160.jpg,datasets_cloudmask/dataset_cropped/09_Metas/11/08/20190911083000_00160.png,90.7,0.4,91,17.7,960
9/11/2019 8:31,datasets/dataset_cropped/09_Metas/11/08/20190911083100_00160.jpg,datasets_flow/dataset_cropped/09_Metas/11/08/20190911083100_00160.jpg,datasets_cloudmask/dataset_cropped/09_Metas/11/08/20190911083100_00160.png,87.9,0.6,88.1,17.7,960
9/11/2019 8:32,datasets/dataset_cropped/09_Metas/11/08/20190911083200_00160.jpg,datasets_flow/dataset_cropped/09_Metas/11/08/20190911083200_00160.jpg,datasets_cloudmask/dataset_cropped/09_Metas/11/08/20190911083200_00160.png,86.4,0.6,86.7,17.7,960
9/11/2019 8:33,datasets/dataset_cropped/09_Metas/11/08/20190911083300_00160.jpg,datasets_flow/dataset_cropped/09_Metas/11/08/20190911083300_00160.jpg,datasets_cloudmask/dataset_cropped/09_Metas/11/08/20190911083300_00160.png,86.7,0.4,87,17.7,960
9/11/2019 8:34,datasets/dataset_cropped/09_Metas/11/08/20190911083400_00160.jpg,datasets_flow/dataset_cropped/09_Metas/11/08/20190911083400_00160.jpg,datasets_cloudmask/dataset_cropped/09_Metas/11/08/20190911083400_00160.png,88.3,0.4,88.6,17.7,960
9/11/2019 8:35,datasets/dataset_cropped/09_Metas/11/08/20190911083500_00160.jpg,datasets_flow/dataset_cropped/09_Metas/11/08/20190911083500_00160.jpg,datasets_cloudmask/dataset_cropped/09_Metas/11/08/20190911083500_00160.png,88.9,0.4,89.2,17.7,960
9/11/2019 8:36,datasets/dataset_cropped/09_Metas/11/08/20190911083600_00160.jpg,datasets_flow/dataset_cropped/09_Metas/11/08/20190911083600_00160.jpg,datasets_cloudmask/dataset_cropped/09_Metas/11/08/20190911083600_00160.png,92.2,0.4,92.5,17.6,960
9/11/2019 8:37,datasets/dataset_cropped/09_Metas/11/08/20190911083700_00160.jpg,datasets_flow/dataset_cropped/09_Metas/11/08/20190911083700_00160.jpg,datasets_cloudmask/dataset_cropped/09_Metas/11/08/20190911083700_00160.png,99.5,0.6,99.8,17.7,960
9/11/2019 8:38,datasets/dataset_cropped/09_Metas/11/08/20190911083800_00160.jpg,datasets_flow/dataset_cropped/09_Metas/11/08/20190911083800_00160.jpg,datasets_cloudmask/dataset_cropped/09_Metas/11/08/20190911083800_00160.png,105.3,0.7,105.6,17.7,960
9/11/2019 8:39,datasets/dataset_cropped/09_Metas/11/08/20190911083900_00160.jpg,datasets_flow/dataset_cropped/09_Metas/11/08/20190911083900_00160.jpg,datasets_cloudmask/dataset_cropped/09_Metas/11/08/20190911083900_00160.png,111.6,1.2,111.7,17.8,960
9/11/2019 8:40,datasets/dataset_cropped/09_Metas/11/08/20190911084000_00160.jpg,datasets_flow/dataset_cropped/09_Metas/11/08/20190911084000_00160.jpg,datasets_cloudmask/dataset_cropped/09_Metas/11/08/20190911084000_00160.png,117.9,2.4,117.5,17.9,960
9/11/2019 8:41,datasets/dataset_cropped/09_Metas/11/08/20190911084100_00160.jpg,datasets_flow/dataset_cropped/09_Metas/11/08/20190911084100_00160.jpg,datasets_cloudmask/dataset_cropped/09_Metas/11/08/20190911084100_00160.png,135.4,17.3,129.1,17.9,960
9/11/2019 8:42,datasets/dataset_cropped/09_Metas/11/08/20190911084200_00160.jpg,datasets_flow/dataset_cropped/09_Metas/11/08/20190911084200_00160.jpg,datasets_cloudmask/dataset_cropped/09_Metas/11/08/20190911084200_00160.png,131.4,10.7,127.8,17.9,960
9/11/2019 8:43,datasets/dataset_cropped/09_Metas/11/08/20190911084300_00160.jpg,datasets_flow/dataset_cropped/09_Metas/11/08/20190911084300_00160.jpg,datasets_cloudmask/dataset_cropped/09_Metas/11/08/20190911084300_00160.png,126.5,1.4,126.6,17.9,960
9/11/2019 8:44,datasets/dataset_cropped/09_Metas/11/08/20190911084400_00160.jpg,datasets_flow/dataset_cropped/09_Metas/11/08/20190911084400_00160.jpg,datasets_cloudmask/dataset_cropped/09_Metas/11/08/20190911084400_00160.png,125.1,1.2,125.3,17.9,960
9/11/2019 8:45,datasets/dataset_cropped/09_Metas/11/08/20190911084500_00160.jpg,datasets_flow/dataset_cropped/09_Metas/11/08/20190911084500_00160.jpg,datasets_cloudmask/dataset_cropped/09_Metas/11/08/20190911084500_00160.png,124,0.9,124.3,18,960
9/11/2019 8:46,datasets/dataset_cropped/09_Metas/11/08/20190911084600_00160.jpg,datasets_flow/dataset_cropped/09_Metas/11/08/20190911084600_00160.jpg,datasets_cloudmask/dataset_cropped/09_Metas/11/08/20190911084600_00160.png,125.5,0.9,126,18.1,960
9/11/2019 8:47,datasets/dataset_cropped/09_Metas/11/08/20190911084700_00160.jpg,datasets_flow/dataset_cropped/09_Metas/11/08/20190911084700_00160.jpg,datasets_cloudmask/dataset_cropped/09_Metas/11/08/20190911084700_00160.png,124.3,0.9,124.7,18.1,960
9/11/2019 8:48,datasets/dataset_cropped/09_Metas/11/08/20190911084800_00160.jpg,datasets_flow/dataset_cropped/09_Metas/11/08/20190911084800_00160.jpg,datasets_cloudmask/dataset_cropped/09_Metas/11/08/20190911084800_00160.png,124.5,0.8,124.9,18.1,960
9/11/2019 8:49,datasets/dataset_cropped/09_Metas/11/08/20190911084900_00160.jpg,datasets_flow/dataset_cropped/09_Metas/11/08/20190911084900_00160.jpg,datasets_cloudmask/dataset_cropped/09_Metas/11/08/20190911084900_00160.png,127.8,0.7,128.3,18.1,960
9/11/2019 8:50,datasets/dataset_cropped/09_Metas/11/08/20190911085000_00160.jpg,datasets_flow/dataset_cropped/09_Metas/11/08/20190911085000_00160.jpg,datasets_cloudmask/dataset_cropped/09_Metas/11/08/20190911085000_00160.png,127.5,0.7,127.9,18.2,960
9/11/2019 8:51,datasets/dataset_cropped/09_Metas/11/08/20190911085100_00160.jpg,datasets_flow/dataset_cropped/09_Metas/11/08/20190911085100_00160.jpg,datasets_cloudmask/dataset_cropped/09_Metas/11/08/20190911085100_00160.png,123.5,0.9,123.9,18.2,960
9/11/2019 8:52,datasets/dataset_cropped/09_Metas/11/08/20190911085200_00160.jpg,datasets_flow/dataset_cropped/09_Metas/11/08/20190911085200_00160.jpg,datasets_cloudmask/dataset_cropped/09_Metas/11/08/20190911085200_00160.png,119.2,0.9,119.7,18.2,960
9/11/2019 8:53,datasets/dataset_cropped/09_Metas/11/08/20190911085300_00160.jpg,datasets_flow/dataset_cropped/09_Metas/11/08/20190911085300_00160.jpg,datasets_cloudmask/dataset_cropped/09_Metas/11/08/20190911085300_00160.png,110.8,0.8,111.2,18.2,960
9/11/2019 8:54,datasets/dataset_cropped/09_Metas/11/08/20190911085400_00160.jpg,datasets_flow/dataset_cropped/09_Metas/11/08/20190911085400_00160.jpg,datasets_cloudmask/dataset_cropped/09_Metas/11/08/20190911085400_00160.png,101,0.6,101.3,18.2,960
9/11/2019 8:55,datasets/dataset_cropped/09_Metas/11/08/20190911085500_00160.jpg,datasets_flow/dataset_cropped/09_Metas/11/08/20190911085500_00160.jpg,datasets_cloudmask/dataset_cropped/09_Metas/11/08/20190911085500_00160.png,93.9,0.5,94.1,18.2,960
9/11/2019 8:56,datasets/dataset_cropped/09_Metas/11/08/20190911085600_00160.jpg,datasets_flow/dataset_cropped/09_Metas/11/08/20190911085600_00160.jpg,datasets_cloudmask/dataset_cropped/09_Metas/11/08/20190911085600_00160.png,89.9,0.4,90,18.2,960
9/11/2019 8:57,datasets/dataset_cropped/09_Metas/11/08/20190911085700_00160.jpg,datasets_flow/dataset_cropped/09_Metas/11/08/20190911085700_00160.jpg,datasets_cloudmask/dataset_cropped/09_Metas/11/08/20190911085700_00160.png,89.7,0.4,89.9,18.2,960
9/11/2019 8:58,datasets/dataset_cropped/09_Metas/11/08/20190911085800_00160.jpg,datasets_flow/dataset_cropped/09_Metas/11/08/20190911085800_00160.jpg,datasets_cloudmask/dataset_cropped/09_Metas/11/08/20190911085800_00160.png,91.9,0.3,92,18.1,960
9/11/2019 8:59,datasets/dataset_cropped/09_Metas/11/08/20190911085900_00160.jpg,datasets_flow/dataset_cropped/09_Metas/11/08/20190911085900_00160.jpg,datasets_cloudmask/dataset_cropped/09_Metas/11/08/20190911085900_00160.png,96.3,0.3,96.4,18.1,960
9/11/2019 9:00,datasets/dataset_cropped/09_Metas/11/09/20190911090000_00160.jpg,datasets_flow/dataset_cropped/09_Metas/11/09/20190911090000_00160.jpg,datasets_cloudmask/dataset_cropped/09_Metas/11/09/20190911090000_00160.png,105.1,0.4,105.2,18.2,960
9/11/2019 9:01,datasets/dataset_cropped/09_Metas/11/09/20190911090100_00160.jpg,datasets_flow/dataset_cropped/09_Metas/11/09/20190911090100_00160.jpg,datasets_cloudmask/dataset_cropped/09_Metas/11/09/20190911090100_00160.png,117.2,0.4,117.3,18.2,960
9/11/2019 9:02,datasets/dataset_cropped/09_Metas/11/09/20190911090200_00160.jpg,datasets_flow/dataset_cropped/09_Metas/11/09/20190911090200_00160.jpg,datasets_cloudmask/dataset_cropped/09_Metas/11/09/20190911090200_00160.png,126.7,0.6,126.8,18.2,960
9/11/2019 9:03,datasets/dataset_cropped/09_Metas/11/09/20190911090300_00160.jpg,datasets_flow/dataset_cropped/09_Metas/11/09/20190911090300_00160.jpg,datasets_cloudmask/dataset_cropped/09_Metas/11/09/20190911090300_00160.png,135.7,0.6,135.8,18.2,960
9/11/2019 9:04,datasets/dataset_cropped/09_Metas/11/09/20190911090400_00160.jpg,datasets_flow/dataset_cropped/09_Metas/11/09/20190911090400_00160.jpg,datasets_cloudmask/dataset_cropped/09_Metas/11/09/20190911090400_00160.png,145.5,0.7,145.6,18.3,960
9/11/2019 9:05,datasets/dataset_cropped/09_Metas/11/09/20190911090500_00160.jpg,datasets_flow/dataset_cropped/09_Metas/11/09/20190911090500_00160.jpg,datasets_cloudmask/dataset_cropped/09_Metas/11/09/20190911090500_00160.png,155.3,0.7,155.3,18.4,960
9/11/2019 9:06,datasets/dataset_cropped/09_Metas/11/09/20190911090600_00160.jpg,datasets_flow/dataset_cropped/09_Metas/11/09/20190911090600_00160.jpg,datasets_cloudmask/dataset_cropped/09_Metas/11/09/20190911090600_00160.png,161.3,0.8,161.4,18.4,960
9/11/2019 9:07,datasets/dataset_cropped/09_Metas/11/09/20190911090700_00160.jpg,datasets_flow/dataset_cropped/09_Metas/11/09/20190911090700_00160.jpg,datasets_cloudmask/dataset_cropped/09_Metas/11/09/20190911090700_00160.png,166.1,0.9,166.1,18.5,960
9/11/2019 9:08,datasets/dataset_cropped/09_Metas/11/09/20190911090800_00160.jpg,datasets_flow/dataset_cropped/09_Metas/11/09/20190911090800_00160.jpg,datasets_cloudmask/dataset_cropped/09_Metas/11/09/20190911090800_00160.png,175.9,0.9,176,18.6,960
9/11/2019 9:09,datasets/dataset_cropped/09_Metas/11/09/20190911090900_00160.jpg,datasets_flow/dataset_cropped/09_Metas/11/09/20190911090900_00160.jpg,datasets_cloudmask/dataset_cropped/09_Metas/11/09/20190911090900_00160.png,179.8,0.8,179.9,18.7,960
9/11/2019 9:10,datasets/dataset_cropped/09_Metas/11/09/20190911091000_00160.jpg,datasets_flow/dataset_cropped/09_Metas/11/09/20190911091000_00160.jpg,datasets_cloudmask/dataset_cropped/09_Metas/11/09/20190911091000_00160.png,178,0.8,178,18.8,960
9/11/2019 9:11,datasets/dataset_cropped/09_Metas/11/09/20190911091100_00160.jpg,datasets_flow/dataset_cropped/09_Metas/11/09/20190911091100_00160.jpg,datasets_cloudmask/dataset_cropped/09_Metas/11/09/20190911091100_00160.png,175.1,0.6,175.2,18.8,960
9/11/2019 9:12,datasets/dataset_cropped/09_Metas/11/09/20190911091200_00160.jpg,datasets_flow/dataset_cropped/09_Metas/11/09/20190911091200_00160.jpg,datasets_cloudmask/dataset_cropped/09_Metas/11/09/20190911091200_00160.png,177.9,0.5,177.9,18.7,960
9/11/2019 9:13,datasets/dataset_cropped/09_Metas/11/09/20190911091300_00160.jpg,datasets_flow/dataset_cropped/09_Metas/11/09/20190911091300_00160.jpg,datasets_cloudmask/dataset_cropped/09_Metas/11/09/20190911091300_00160.png,176.3,0.6,176.4,18.7,960
9/11/2019 9:14,datasets/dataset_cropped/09_Metas/11/09/20190911091400_00160.jpg,datasets_flow/dataset_cropped/09_Metas/11/09/20190911091400_00160.jpg,datasets_cloudmask/dataset_cropped/09_Metas/11/09/20190911091400_00160.png,178,0.8,178,18.8,960
9/11/2019 9:15,datasets/dataset_cropped/09_Metas/11/09/20190911091500_00160.jpg,datasets_flow/dataset_cropped/09_Metas/11/09/20190911091500_00160.jpg,datasets_cloudmask/dataset_cropped/09_Metas/11/09/20190911091500_00160.png,179.4,1.5,178.9,18.9,960
9/11/2019 9:16,datasets/dataset_cropped/09_Metas/11/09/20190911091600_00160.jpg,datasets_flow/dataset_cropped/09_Metas/11/09/20190911091600_00160.jpg,datasets_cloudmask/dataset_cropped/09_Metas/11/09/20190911091600_00160.png,181.6,0.8,181.4,18.9,960
9/11/2019 9:17,datasets/dataset_cropped/09_Metas/11/09/20190911091700_00160.jpg,datasets_flow/dataset_cropped/09_Metas/11/09/20190911091700_00160.jpg,datasets_cloudmask/dataset_cropped/09_Metas/11/09/20190911091700_00160.png,189.8,0.5,189.6,18.9,960
9/11/2019 9:18,datasets/dataset_cropped/09_Metas/11/09/20190911091800_00160.jpg,datasets_flow/dataset_cropped/09_Metas/11/09/20190911091800_00160.jpg,datasets_cloudmask/dataset_cropped/09_Metas/11/09/20190911091800_00160.png,199,0.5,198.9,18.9,960
9/11/2019 9:19,datasets/dataset_cropped/09_Metas/11/09/20190911091900_00160.jpg,datasets_flow/dataset_cropped/09_Metas/11/09/20190911091900_00160.jpg,datasets_cloudmask/dataset_cropped/09_Metas/11/09/20190911091900_00160.png,194,0.6,194.1,18.9,960
9/11/2019 9:20,datasets/dataset_cropped/09_Metas/11/09/20190911092000_00160.jpg,datasets_flow/dataset_cropped/09_Metas/11/09/20190911092000_00160.jpg,datasets_cloudmask/dataset_cropped/09_Metas/11/09/20190911092000_00160.png,181.4,0.6,181.6,18.8,960
9/11/2019 9:21,datasets/dataset_cropped/09_Metas/11/09/20190911092100_00160.jpg,datasets_flow/dataset_cropped/09_Metas/11/09/20190911092100_00160.jpg,datasets_cloudmask/dataset_cropped/09_Metas/11/09/20190911092100_00160.png,171,0.6,171.1,18.9,960
9/11/2019 9:22,datasets/dataset_cropped/09_Metas/11/09/20190911092200_00160.jpg,datasets_flow/dataset_cropped/09_Metas/11/09/20190911092200_00160.jpg,datasets_cloudmask/dataset_cropped/09_Metas/11/09/20190911092200_00160.png,155.6,0.5,155.7,18.7,960
9/11/2019 9:23,datasets/dataset_cropped/09_Metas/11/09/20190911092300_00160.jpg,datasets_flow/dataset_cropped/09_Metas/11/09/20190911092300_00160.jpg,datasets_cloudmask/dataset_cropped/09_Metas/11/09/20190911092300_00160.png,143.9,0.3,144.1,18.6,960
9/11/2019 9:24,datasets/dataset_cropped/09_Metas/11/09/20190911092400_00160.jpg,datasets_flow/dataset_cropped/09_Metas/11/09/20190911092400_00160.jpg,datasets_cloudmask/dataset_cropped/09_Metas/11/09/20190911092400_00160.png,139.6,0.2,139.9,18.8,960
9/11/2019 9:25,datasets/dataset_cropped/09_Metas/11/09/20190911092500_00160.jpg,datasets_flow/dataset_cropped/09_Metas/11/09/20190911092500_00160.jpg,datasets_cloudmask/dataset_cropped/09_Metas/11/09/20190911092500_00160.png,143,0.2,143.2,18.8,960
9/11/2019 9:26,datasets/dataset_cropped/09_Metas/11/09/20190911092600_00160.jpg,datasets_flow/dataset_cropped/09_Metas/11/09/20190911092600_00160.jpg,datasets_cloudmask/dataset_cropped/09_Metas/11/09/20190911092600_00160.png,147.8,0.2,148,18.8,960
9/11/2019 9:27,datasets/dataset_cropped/09_Metas/11/09/20190911092700_00160.jpg,datasets_flow/dataset_cropped/09_Metas/11/09/20190911092700_00160.jpg,datasets_cloudmask/dataset_cropped/09_Metas/11/09/20190911092700_00160.png,151.5,0.1,151.6,18.7,960
9/11/2019 9:28,datasets/dataset_cropped/09_Metas/11/09/20190911092800_00160.jpg,datasets_flow/dataset_cropped/09_Metas/11/09/20190911092800_00160.jpg,datasets_cloudmask/dataset_cropped/09_Metas/11/09/20190911092800_00160.png,157.8,0,157.8,18.8,960
9/11/2019 9:29,datasets/dataset_cropped/09_Metas/11/09/20190911092900_00160.jpg,datasets_flow/dataset_cropped/09_Metas/11/09/20190911092900_00160.jpg,datasets_cloudmask/dataset_cropped/09_Metas/11/09/20190911092900_00160.png,160,0,160.1,18.8,960
9/11/2019 9:30,datasets/dataset_cropped/09_Metas/11/09/20190911093000_00160.jpg,datasets_flow/dataset_cropped/09_Metas/11/09/20190911093000_00160.jpg,datasets_cloudmask/dataset_cropped/09_Metas/11/09/20190911093000_00160.png,151,0.1,151.2,18.6,960
9/11/2019 9:31,datasets/dataset_cropped/09_Metas/11/09/20190911093100_00160.jpg,datasets_flow/dataset_cropped/09_Metas/11/09/20190911093100_00160.jpg,datasets_cloudmask/dataset_cropped/09_Metas/11/09/20190911093100_00160.png,135.3,0.2,135.5,18.5,960
9/11/2019 9:32,datasets/dataset_cropped/09_Metas/11/09/20190911093200_00160.jpg,datasets_flow/dataset_cropped/09_Metas/11/09/20190911093200_00160.jpg,datasets_cloudmask/dataset_cropped/09_Metas/11/09/20190911093200_00160.png,121.3,0.2,121.6,18.5,960
9/11/2019 9:33,datasets/dataset_cropped/09_Metas/11/09/20190911093300_00160.jpg,datasets_flow/dataset_cropped/09_Metas/11/09/20190911093300_00160.jpg,datasets_cloudmask/dataset_cropped/09_Metas/11/09/20190911093300_00160.png,112.6,0.3,112.9,18.6,960
9/11/2019 9:34,datasets/dataset_cropped/09_Metas/11/09/20190911093400_00160.jpg,datasets_flow/dataset_cropped/09_Metas/11/09/20190911093400_00160.jpg,datasets_cloudmask/dataset_cropped/09_Metas/11/09/20190911093400_00160.png,109.1,0.2,109.5,18.7,960
9/11/2019 9:35,datasets/dataset_cropped/09_Metas/11/09/20190911093500_00160.jpg,datasets_flow/dataset_cropped/09_Metas/11/09/20190911093500_00160.jpg,datasets_cloudmask/dataset_cropped/09_Metas/11/09/20190911093500_00160.png,109.8,0.3,110.3,18.8,960
9/11/2019 9:36,datasets/dataset_cropped/09_Metas/11/09/20190911093600_00160.jpg,datasets_flow/dataset_cropped/09_Metas/11/09/20190911093600_00160.jpg,datasets_cloudmask/dataset_cropped/09_Metas/11/09/20190911093600_00160.png,113.4,0.1,113.8,18.9,960
9/11/2019 9:37,datasets/dataset_cropped/09_Metas/11/09/20190911093700_00160.jpg,datasets_flow/dataset_cropped/09_Metas/11/09/20190911093700_00160.jpg,datasets_cloudmask/dataset_cropped/09_Metas/11/09/20190911093700_00160.png,117,0.1,117.5,18.9,960
9/11/2019 9:38,datasets/dataset_cropped/09_Metas/11/09/20190911093800_00160.jpg,datasets_flow/dataset_cropped/09_Metas/11/09/20190911093800_00160.jpg,datasets_cloudmask/dataset_cropped/09_Metas/11/09/20190911093800_00160.png,117.6,0.1,118,18.9,960
9/11/2019 9:39,datasets/dataset_cropped/09_Metas/11/09/20190911093900_00160.jpg,datasets_flow/dataset_cropped/09_Metas/11/09/20190911093900_00160.jpg,datasets_cloudmask/dataset_cropped/09_Metas/11/09/20190911093900_00160.png,114.9,0.1,115.3,18.9,960
9/11/2019 9:40,datasets/dataset_cropped/09_Metas/11/09/20190911094000_00160.jpg,datasets_flow/dataset_cropped/09_Metas/11/09/20190911094000_00160.jpg,datasets_cloudmask/dataset_cropped/09_Metas/11/09/20190911094000_00160.png,112.4,0.1,112.8,18.8,960
9/11/2019 9:41,datasets/dataset_cropped/09_Metas/11/09/20190911094100_00160.jpg,datasets_flow/dataset_cropped/09_Metas/11/09/20190911094100_00160.jpg,datasets_cloudmask/dataset_cropped/09_Metas/11/09/20190911094100_00160.png,110.2,0.1,110.6,18.9,960
9/11/2019 9:42,datasets/dataset_cropped/09_Metas/11/09/20190911094200_00160.jpg,datasets_flow/dataset_cropped/09_Metas/11/09/20190911094200_00160.jpg,datasets_cloudmask/dataset_cropped/09_Metas/11/09/20190911094200_00160.png,107.3,0.1,107.7,18.9,960
9/11/2019 9:43,datasets/dataset_cropped/09_Metas/11/09/20190911094300_00160.jpg,datasets_flow/dataset_cropped/09_Metas/11/09/20190911094300_00160.jpg,datasets_cloudmask/dataset_cropped/09_Metas/11/09/20190911094300_00160.png,104.6,0.2,105.1,18.9,960
9/11/2019 9:44,datasets/dataset_cropped/09_Metas/11/09/20190911094400_00160.jpg,datasets_flow/dataset_cropped/09_Metas/11/09/20190911094400_00160.jpg,datasets_cloudmask/dataset_cropped/09_Metas/11/09/20190911094400_00160.png,101.8,0.1,102.1,18.9,960
9/11/2019 9:45,datasets/dataset_cropped/09_Metas/11/09/20190911094500_00160.jpg,datasets_flow/dataset_cropped/09_Metas/11/09/20190911094500_00160.jpg,datasets_cloudmask/dataset_cropped/09_Metas/11/09/20190911094500_00160.png,97.5,0,97.8,19,960
9/11/2019 9:46,datasets/dataset_cropped/09_Metas/11/09/20190911094600_00160.jpg,datasets_flow/dataset_cropped/09_Metas/11/09/20190911094600_00160.jpg,datasets_cloudmask/dataset_cropped/09_Metas/11/09/20190911094600_00160.png,93.3,0,93.5,19,960
9/11/2019 9:47,datasets/dataset_cropped/09_Metas/11/09/20190911094700_00160.jpg,datasets_flow/dataset_cropped/09_Metas/11/09/20190911094700_00160.jpg,datasets_cloudmask/dataset_cropped/09_Metas/11/09/20190911094700_00160.png,90.6,0.1,91,19,960
9/11/2019 9:48,datasets/dataset_cropped/09_Metas/11/09/20190911094800_00160.jpg,datasets_flow/dataset_cropped/09_Metas/11/09/20190911094800_00160.jpg,datasets_cloudmask/dataset_cropped/09_Metas/11/09/20190911094800_00160.png,88.7,0.2,89,19,960
9/11/2019 9:49,datasets/dataset_cropped/09_Metas/11/09/20190911094900_00160.jpg,datasets_flow/dataset_cropped/09_Metas/11/09/20190911094900_00160.jpg,datasets_cloudmask/dataset_cropped/09_Metas/11/09/20190911094900_00160.png,87,0.2,87.2,18.9,960
9/11/2019 9:50,datasets/dataset_cropped/09_Metas/11/09/20190911095000_00160.jpg,datasets_flow/dataset_cropped/09_Metas/11/09/20190911095000_00160.jpg,datasets_cloudmask/dataset_cropped/09_Metas/11/09/20190911095000_00160.png,85.7,0.2,85.9,19,960
9/11/2019 9:51,datasets/dataset_cropped/09_Metas/11/09/20190911095100_00160.jpg,datasets_flow/dataset_cropped/09_Metas/11/09/20190911095100_00160.jpg,datasets_cloudmask/dataset_cropped/09_Metas/11/09/20190911095100_00160.png,84.8,0.2,85.1,19,960
9/11/2019 9:52,datasets/dataset_cropped/09_Metas/11/09/20190911095200_00160.jpg,datasets_flow/dataset_cropped/09_Metas/11/09/20190911095200_00160.jpg,datasets_cloudmask/dataset_cropped/09_Metas/11/09/20190911095200_00160.png,84.8,0.2,85.1,18.9,960
9/11/2019 9:53,datasets/dataset_cropped/09_Metas/11/09/20190911095300_00160.jpg,datasets_flow/dataset_cropped/09_Metas/11/09/20190911095300_00160.jpg,datasets_cloudmask/dataset_cropped/09_Metas/11/09/20190911095300_00160.png,85.2,0.1,85.5,18.8,960
9/11/2019 9:54,datasets/dataset_cropped/09_Metas/11/09/20190911095400_00160.jpg,datasets_flow/dataset_cropped/09_Metas/11/09/20190911095400_00160.jpg,datasets_cloudmask/dataset_cropped/09_Metas/11/09/20190911095400_00160.png,86.1,0,86.4,18.9,960
9/11/2019 9:55,datasets/dataset_cropped/09_Metas/11/09/20190911095500_00160.jpg,datasets_flow/dataset_cropped/09_Metas/11/09/20190911095500_00160.jpg,datasets_cloudmask/dataset_cropped/09_Metas/11/09/20190911095500_00160.png,87.5,0,87.8,18.9,960
9/11/2019 9:56,datasets/dataset_cropped/09_Metas/11/09/20190911095600_00160.jpg,datasets_flow/dataset_cropped/09_Metas/11/09/20190911095600_00160.jpg,datasets_cloudmask/dataset_cropped/09_Metas/11/09/20190911095600_00160.png,89.5,0,89.7,18.9,960
9/11/2019 9:57,datasets/dataset_cropped/09_Metas/11/09/20190911095700_00160.jpg,datasets_flow/dataset_cropped/09_Metas/11/09/20190911095700_00160.jpg,datasets_cloudmask/dataset_cropped/09_Metas/11/09/20190911095700_00160.png,89.7,0.1,90,19,960
9/11/2019 9:58,datasets/dataset_cropped/09_Metas/11/09/20190911095800_00160.jpg,datasets_flow/dataset_cropped/09_Metas/11/09/20190911095800_00160.jpg,datasets_cloudmask/dataset_cropped/09_Metas/11/09/20190911095800_00160.png,89.1,0.2,89.4,18.9,960
9/11/2019 9:59,datasets/dataset_cropped/09_Metas/11/09/20190911095900_00160.jpg,datasets_flow/dataset_cropped/09_Metas/11/09/20190911095900_00160.jpg,datasets_cloudmask/dataset_cropped/09_Metas/11/09/20190911095900_00160.png,89.7,0.1,89.9,18.8,960
9/11/2019 10:00,datasets/dataset_cropped/09_Metas/11/10/20190911100000_00160.jpg,datasets_flow/dataset_cropped/09_Metas/11/10/20190911100000_00160.jpg,datasets_cloudmask/dataset_cropped/09_Metas/11/10/20190911100000_00160.png,92.6,0.1,92.7,18.8,960
9/11/2019 10:01,datasets/dataset_cropped/09_Metas/11/10/20190911100100_00160.jpg,datasets_flow/dataset_cropped/09_Metas/11/10/20190911100100_00160.jpg,datasets_cloudmask/dataset_cropped/09_Metas/11/10/20190911100100_00160.png,97.5,0.1,97.6,18.8,960
9/11/2019 10:02,datasets/dataset_cropped/09_Metas/11/10/20190911100200_00160.jpg,datasets_flow/dataset_cropped/09_Metas/11/10/20190911100200_00160.jpg,datasets_cloudmask/dataset_cropped/09_Metas/11/10/20190911100200_00160.png,102.1,0.1,102.1,18.7,960
9/11/2019 10:03,datasets/dataset_cropped/09_Metas/11/10/20190911100300_00160.jpg,datasets_flow/dataset_cropped/09_Metas/11/10/20190911100300_00160.jpg,datasets_cloudmask/dataset_cropped/09_Metas/11/10/20190911100300_00160.png,101.5,0.2,101.5,18.7,961
9/11/2019 10:04,datasets/dataset_cropped/09_Metas/11/10/20190911100400_00160.jpg,datasets_flow/dataset_cropped/09_Metas/11/10/20190911100400_00160.jpg,datasets_cloudmask/dataset_cropped/09_Metas/11/10/20190911100400_00160.png,97.3,0.2,97.3,18.6,960
9/11/2019 10:05,datasets/dataset_cropped/09_Metas/11/10/20190911100500_00160.jpg,datasets_flow/dataset_cropped/09_Metas/11/10/20190911100500_00160.jpg,datasets_cloudmask/dataset_cropped/09_Metas/11/10/20190911100500_00160.png,92.8,0.2,92.8,18.6,960
9/11/2019 10:06,datasets/dataset_cropped/09_Metas/11/10/20190911100600_00160.jpg,datasets_flow/dataset_cropped/09_Metas/11/10/20190911100600_00160.jpg,datasets_cloudmask/dataset_cropped/09_Metas/11/10/20190911100600_00160.png,89.7,0.2,89.7,18.6,961
9/11/2019 10:07,datasets/dataset_cropped/09_Metas/11/10/20190911100700_00160.jpg,datasets_flow/dataset_cropped/09_Metas/11/10/20190911100700_00160.jpg,datasets_cloudmask/dataset_cropped/09_Metas/11/10/20190911100700_00160.png,87.8,0.3,87.8,18.6,960
9/11/2019 10:08,datasets/dataset_cropped/09_Metas/11/10/20190911100800_00160.jpg,datasets_flow/dataset_cropped/09_Metas/11/10/20190911100800_00160.jpg,datasets_cloudmask/dataset_cropped/09_Metas/11/10/20190911100800_00160.png,86.2,0.2,86.3,18.5,961
9/11/2019 10:09,datasets/dataset_cropped/09_Metas/11/10/20190911100900_00160.jpg,datasets_flow/dataset_cropped/09_Metas/11/10/20190911100900_00160.jpg,datasets_cloudmask/dataset_cropped/09_Metas/11/10/20190911100900_00160.png,86.6,0.2,86.7,18.6,961
9/11/2019 10:10,datasets/dataset_cropped/09_Metas/11/10/20190911101000_00160.jpg,datasets_flow/dataset_cropped/09_Metas/11/10/20190911101000_00160.jpg,datasets_cloudmask/dataset_cropped/09_Metas/11/10/20190911101000_00160.png,91.2,0.3,91.4,18.6,961
9/11/2019 10:11,datasets/dataset_cropped/09_Metas/11/10/20190911101100_00160.jpg,datasets_flow/dataset_cropped/09_Metas/11/10/20190911101100_00160.jpg,datasets_cloudmask/dataset_cropped/09_Metas/11/10/20190911101100_00160.png,100.2,0.4,100.4,18.6,960
9/11/2019 10:12,datasets/dataset_cropped/09_Metas/11/10/20190911101200_00160.jpg,datasets_flow/dataset_cropped/09_Metas/11/10/20190911101200_00160.jpg,datasets_cloudmask/dataset_cropped/09_Metas/11/10/20190911101200_00160.png,110.4,0.6,110.5,18.6,961
9/11/2019 10:13,datasets/dataset_cropped/09_Metas/11/10/20190911101300_00160.jpg,datasets_flow/dataset_cropped/09_Metas/11/10/20190911101300_00160.jpg,datasets_cloudmask/dataset_cropped/09_Metas/11/10/20190911101300_00160.png,118,0.6,118.1,18.7,960
9/11/2019 10:14,datasets/dataset_cropped/09_Metas/11/10/20190911101400_00160.jpg,datasets_flow/dataset_cropped/09_Metas/11/10/20190911101400_00160.jpg,datasets_cloudmask/dataset_cropped/09_Metas/11/10/20190911101400_00160.png,121,0.7,121,18.7,960
9/11/2019 10:15,datasets/dataset_cropped/09_Metas/11/10/20190911101500_00160.jpg,datasets_flow/dataset_cropped/09_Metas/11/10/20190911101500_00160.jpg,datasets_cloudmask/dataset_cropped/09_Metas/11/10/20190911101500_00160.png,119.2,0.7,119.2,18.8,960
9/11/2019 10:16,datasets/dataset_cropped/09_Metas/11/10/20190911101600_00160.jpg,datasets_flow/dataset_cropped/09_Metas/11/10/20190911101600_00160.jpg,datasets_cloudmask/dataset_cropped/09_Metas/11/10/20190911101600_00160.png,114,0.6,114,18.8,960
9/11/2019 10:17,datasets/dataset_cropped/09_Metas/11/10/20190911101700_00160.jpg,datasets_flow/dataset_cropped/09_Metas/11/10/20190911101700_00160.jpg,datasets_cloudmask/dataset_cropped/09_Metas/11/10/20190911101700_00160.png,106.4,0.7,106.5,18.8,961
9/11/2019 10:18,datasets/dataset_cropped/09_Metas/11/10/20190911101800_00160.jpg,datasets_flow/dataset_cropped/09_Metas/11/10/20190911101800_00160.jpg,datasets_cloudmask/dataset_cropped/09_Metas/11/10/20190911101800_00160.png,98,0.6,98.1,18.8,961
9/11/2019 10:19,datasets/dataset_cropped/09_Metas/11/10/20190911101900_00160.jpg,datasets_flow/dataset_cropped/09_Metas/11/10/20190911101900_00160.jpg,datasets_cloudmask/dataset_cropped/09_Metas/11/10/20190911101900_00160.png,91.6,0.6,91.7,18.8,960
9/11/2019 10:20,datasets/dataset_cropped/09_Metas/11/10/20190911102000_00160.jpg,datasets_flow/dataset_cropped/09_Metas/11/10/20190911102000_00160.jpg,datasets_cloudmask/dataset_cropped/09_Metas/11/10/20190911102000_00160.png,85.6,0.6,85.7,18.8,960
9/11/2019 10:21,datasets/dataset_cropped/09_Metas/11/10/20190911102100_00160.jpg,datasets_flow/dataset_cropped/09_Metas/11/10/20190911102100_00160.jpg,datasets_cloudmask/dataset_cropped/09_Metas/11/10/20190911102100_00160.png,80.1,0.4,80.1,18.8,961
9/11/2019 10:22,datasets/dataset_cropped/09_Metas/11/10/20190911102200_00160.jpg,datasets_flow/dataset_cropped/09_Metas/11/10/20190911102200_00160.jpg,datasets_cloudmask/dataset_cropped/09_Metas/11/10/20190911102200_00160.png,78.4,0.3,78.4,18.8,960
9/11/2019 10:23,datasets/dataset_cropped/09_Metas/11/10/20190911102300_00160.jpg,datasets_flow/dataset_cropped/09_Metas/11/10/20190911102300_00160.jpg,datasets_cloudmask/dataset_cropped/09_Metas/11/10/20190911102300_00160.png,79.7,0.2,79.6,18.8,960
9/11/2019 10:24,datasets/dataset_cropped/09_Metas/11/10/20190911102400_00160.jpg,datasets_flow/dataset_cropped/09_Metas/11/10/20190911102400_00160.jpg,datasets_cloudmask/dataset_cropped/09_Metas/11/10/20190911102400_00160.png,81.3,0.2,81.2,18.8,961
9/11/2019 10:25,datasets/dataset_cropped/09_Metas/11/10/20190911102500_00160.jpg,datasets_flow/dataset_cropped/09_Metas/11/10/20190911102500_00160.jpg,datasets_cloudmask/dataset_cropped/09_Metas/11/10/20190911102500_00160.png,81.4,0.1,81.4,18.7,961
9/11/2019 10:26,datasets/dataset_cropped/09_Metas/11/10/20190911102600_00160.jpg,datasets_flow/dataset_cropped/09_Metas/11/10/20190911102600_00160.jpg,datasets_cloudmask/dataset_cropped/09_Metas/11/10/20190911102600_00160.png,80.9,0.1,80.8,18.7,961
9/11/2019 10:27,datasets/dataset_cropped/09_Metas/11/10/20190911102700_00160.jpg,datasets_flow/dataset_cropped/09_Metas/11/10/20190911102700_00160.jpg,datasets_cloudmask/dataset_cropped/09_Metas/11/10/20190911102700_00160.png,80.6,0.1,80.5,18.7,961
9/11/2019 10:28,datasets/dataset_cropped/09_Metas/11/10/20190911102800_00160.jpg,datasets_flow/dataset_cropped/09_Metas/11/10/20190911102800_00160.jpg,datasets_cloudmask/dataset_cropped/09_Metas/11/10/20190911102800_00160.png,81.9,0.1,81.9,18.8,961
9/11/2019 10:29,datasets/dataset_cropped/09_Metas/11/10/20190911102900_00160.jpg,datasets_flow/dataset_cropped/09_Metas/11/10/20190911102900_00160.jpg,datasets_cloudmask/dataset_cropped/09_Metas/11/10/20190911102900_00160.png,85.3,0.1,85.3,18.8,961
9/11/2019 10:30,datasets/dataset_cropped/09_Metas/11/10/20190911103000_00160.jpg,datasets_flow/dataset_cropped/09_Metas/11/10/20190911103000_00160.jpg,datasets_cloudmask/dataset_cropped/09_Metas/11/10/20190911103000_00160.png,91.4,0.2,91.4,18.8,961
9/11/2019 10:31,datasets/dataset_cropped/09_Metas/11/10/20190911103100_00160.jpg,datasets_flow/dataset_cropped/09_Metas/11/10/20190911103100_00160.jpg,datasets_cloudmask/dataset_cropped/09_Metas/11/10/20190911103100_00160.png,96.4,0.4,96.3,18.8,961
9/11/2019 10:32,datasets/dataset_cropped/09_Metas/11/10/20190911103200_00160.jpg,datasets_flow/dataset_cropped/09_Metas/11/10/20190911103200_00160.jpg,datasets_cloudmask/dataset_cropped/09_Metas/11/10/20190911103200_00160.png,95.8,0.4,95.7,18.9,961
9/11/2019 10:33,datasets/dataset_cropped/09_Metas/11/10/20190911103300_00160.jpg,datasets_flow/dataset_cropped/09_Metas/11/10/20190911103300_00160.jpg,datasets_cloudmask/dataset_cropped/09_Metas/11/10/20190911103300_00160.png,91.9,0.3,91.8,18.9,961
9/11/2019 10:34,datasets/dataset_cropped/09_Metas/11/10/20190911103400_00160.jpg,datasets_flow/dataset_cropped/09_Metas/11/10/20190911103400_00160.jpg,datasets_cloudmask/dataset_cropped/09_Metas/11/10/20190911103400_00160.png,85.5,0.3,85.4,19,961
9/11/2019 10:35,datasets/dataset_cropped/09_Metas/11/10/20190911103500_00160.jpg,datasets_flow/dataset_cropped/09_Metas/11/10/20190911103500_00160.jpg,datasets_cloudmask/dataset_cropped/09_Metas/11/10/20190911103500_00160.png,80.6,0.3,80.5,19,961
9/11/2019 10:36,datasets/dataset_cropped/09_Metas/11/10/20190911103600_00160.jpg,datasets_flow/dataset_cropped/09_Metas/11/10/20190911103600_00160.jpg,datasets_cloudmask/dataset_cropped/09_Metas/11/10/20190911103600_00160.png,79.7,0.2,79.7,19,961
9/11/2019 10:37,datasets/dataset_cropped/09_Metas/11/10/20190911103700_00160.jpg,datasets_flow/dataset_cropped/09_Metas/11/10/20190911103700_00160.jpg,datasets_cloudmask/dataset_cropped/09_Metas/11/10/20190911103700_00160.png,81.6,0.2,81.6,19,961
9/11/2019 10:38,datasets/dataset_cropped/09_Metas/11/10/20190911103800_00160.jpg,datasets_flow/dataset_cropped/09_Metas/11/10/20190911103800_00160.jpg,datasets_cloudmask/dataset_cropped/09_Metas/11/10/20190911103800_00160.png,83.3,0.3,83.2,19,961
9/11/2019 10:39,datasets/dataset_cropped/09_Metas/11/10/20190911103900_00160.jpg,datasets_flow/dataset_cropped/09_Metas/11/10/20190911103900_00160.jpg,datasets_cloudmask/dataset_cropped/09_Metas/11/10/20190911103900_00160.png,84,0.2,84,19,961
9/11/2019 10:40,datasets/dataset_cropped/09_Metas/11/10/20190911104000_00160.jpg,datasets_flow/dataset_cropped/09_Metas/11/10/20190911104000_00160.jpg,datasets_cloudmask/dataset_cropped/09_Metas/11/10/20190911104000_00160.png,85.3,0.1,85.4,19.1,961
9/11/2019 10:41,datasets/dataset_cropped/09_Metas/11/10/20190911104100_00160.jpg,datasets_flow/dataset_cropped/09_Metas/11/10/20190911104100_00160.jpg,datasets_cloudmask/dataset_cropped/09_Metas/11/10/20190911104100_00160.png,87.8,0.1,87.9,19.1,961
9/11/2019 10:42,datasets/dataset_cropped/09_Metas/11/10/20190911104200_00160.jpg,datasets_flow/dataset_cropped/09_Metas/11/10/20190911104200_00160.jpg,datasets_cloudmask/dataset_cropped/09_Metas/11/10/20190911104200_00160.png,91.7,0,91.7,19.1,961
9/11/2019 10:43,datasets/dataset_cropped/09_Metas/11/10/20190911104300_00160.jpg,datasets_flow/dataset_cropped/09_Metas/11/10/20190911104300_00160.jpg,datasets_cloudmask/dataset_cropped/09_Metas/11/10/20190911104300_00160.png,95.1,0.1,95.2,19.1,961
9/11/2019 10:44,datasets/dataset_cropped/09_Metas/11/10/20190911104400_00160.jpg,datasets_flow/dataset_cropped/09_Metas/11/10/20190911104400_00160.jpg,datasets_cloudmask/dataset_cropped/09_Metas/11/10/20190911104400_00160.png,96.6,0.3,96.6,19.1,961
9/11/2019 10:45,datasets/dataset_cropped/09_Metas/11/10/20190911104500_00160.jpg,datasets_flow/dataset_cropped/09_Metas/11/10/20190911104500_00160.jpg,datasets_cloudmask/dataset_cropped/09_Metas/11/10/20190911104500_00160.png,94.1,0.4,94.2,19,961
9/11/2019 10:46,datasets/dataset_cropped/09_Metas/11/10/20190911104600_00160.jpg,datasets_flow/dataset_cropped/09_Metas/11/10/20190911104600_00160.jpg,datasets_cloudmask/dataset_cropped/09_Metas/11/10/20190911104600_00160.png,85.9,0.4,86,19.1,961
9/11/2019 10:47,datasets/dataset_cropped/09_Metas/11/10/20190911104700_00160.jpg,datasets_flow/dataset_cropped/09_Metas/11/10/20190911104700_00160.jpg,datasets_cloudmask/dataset_cropped/09_Metas/11/10/20190911104700_00160.png,75.2,0.2,75.1,19.1,961
9/11/2019 10:48,datasets/dataset_cropped/09_Metas/11/10/20190911104800_00160.jpg,datasets_flow/dataset_cropped/09_Metas/11/10/20190911104800_00160.jpg,datasets_cloudmask/dataset_cropped/09_Metas/11/10/20190911104800_00160.png,65.4,0,65.3,19,961
9/11/2019 10:49,datasets/dataset_cropped/09_Metas/11/10/20190911104900_00160.jpg,datasets_flow/dataset_cropped/09_Metas/11/10/20190911104900_00160.jpg,datasets_cloudmask/dataset_cropped/09_Metas/11/10/20190911104900_00160.png,60.2,0,60.2,19,961
9/11/2019 10:50,datasets/dataset_cropped/09_Metas/11/10/20190911105000_00160.jpg,datasets_flow/dataset_cropped/09_Metas/11/10/20190911105000_00160.jpg,datasets_cloudmask/dataset_cropped/09_Metas/11/10/20190911105000_00160.png,61,0,61,19,961
9/11/2019 10:51,datasets/dataset_cropped/09_Metas/11/10/20190911105100_00160.jpg,datasets_flow/dataset_cropped/09_Metas/11/10/20190911105100_00160.jpg,datasets_cloudmask/dataset_cropped/09_Metas/11/10/20190911105100_00160.png,66.4,0,66.5,19.1,961
9/11/2019 10:52,datasets/dataset_cropped/09_Metas/11/10/20190911105200_00160.jpg,datasets_flow/dataset_cropped/09_Metas/11/10/20190911105200_00160.jpg,datasets_cloudmask/dataset_cropped/09_Metas/11/10/20190911105200_00160.png,73.8,0,73.8,19.1,961
9/11/2019 10:53,datasets/dataset_cropped/09_Metas/11/10/20190911105300_00160.jpg,datasets_flow/dataset_cropped/09_Metas/11/10/20190911105300_00160.jpg,datasets_cloudmask/dataset_cropped/09_Metas/11/10/20190911105300_00160.png,83.3,0.1,83.3,19,961
9/11/2019 10:54,datasets/dataset_cropped/09_Metas/11/10/20190911105400_00160.jpg,datasets_flow/dataset_cropped/09_Metas/11/10/20190911105400_00160.jpg,datasets_cloudmask/dataset_cropped/09_Metas/11/10/20190911105400_00160.png,94.8,0.1,94.8,19,961
9/11/2019 10:55,datasets/dataset_cropped/09_Metas/11/10/20190911105500_00160.jpg,datasets_flow/dataset_cropped/09_Metas/11/10/20190911105500_00160.jpg,datasets_cloudmask/dataset_cropped/09_Metas/11/10/20190911105500_00160.png,102.2,0.2,102.1,19,961
9/11/2019 10:56,datasets/dataset_cropped/09_Metas/11/10/20190911105600_00160.jpg,datasets_flow/dataset_cropped/09_Metas/11/10/20190911105600_00160.jpg,datasets_cloudmask/dataset_cropped/09_Metas/11/10/20190911105600_00160.png,102.4,0.4,102.3,19,961
9/11/2019 10:57,datasets/dataset_cropped/09_Metas/11/10/20190911105700_00160.jpg,datasets_flow/dataset_cropped/09_Metas/11/10/20190911105700_00160.jpg,datasets_cloudmask/dataset_cropped/09_Metas/11/10/20190911105700_00160.png,100.2,0.6,100.1,19.1,961
9/11/2019 10:58,datasets/dataset_cropped/09_Metas/11/10/20190911105800_00160.jpg,datasets_flow/dataset_cropped/09_Metas/11/10/20190911105800_00160.jpg,datasets_cloudmask/dataset_cropped/09_Metas/11/10/20190911105800_00160.png,99.8,0.7,99.8,19.2,961
9/11/2019 10:59,datasets/dataset_cropped/09_Metas/11/10/20190911105900_00160.jpg,datasets_flow/dataset_cropped/09_Metas/11/10/20190911105900_00160.jpg,datasets_cloudmask/dataset_cropped/09_Metas/11/10/20190911105900_00160.png,100,0.6,99.9,19.2,961
9/11/2019 11:00,datasets/dataset_cropped/09_Metas/11/11/20190911110000_00160.jpg,datasets_flow/dataset_cropped/09_Metas/11/11/20190911110000_00160.jpg,datasets_cloudmask/dataset_cropped/09_Metas/11/11/20190911110000_00160.png,101.7,0.6,101.7,19.3,961
9/11/2019 11:01,datasets/dataset_cropped/09_Metas/11/11/20190911110100_00160.jpg,datasets_flow/dataset_cropped/09_Metas/11/11/20190911110100_00160.jpg,datasets_cloudmask/dataset_cropped/09_Metas/11/11/20190911110100_00160.png,107.4,0.7,107.4,19.3,961
9/11/2019 11:02,datasets/dataset_cropped/09_Metas/11/11/20190911110200_00160.jpg,datasets_flow/dataset_cropped/09_Metas/11/11/20190911110200_00160.jpg,datasets_cloudmask/dataset_cropped/09_Metas/11/11/20190911110200_00160.png,114.3,0.9,114.2,19.3,961
9/11/2019 11:03,datasets/dataset_cropped/09_Metas/11/11/20190911110300_00160.jpg,datasets_flow/dataset_cropped/09_Metas/11/11/20190911110300_00160.jpg,datasets_cloudmask/dataset_cropped/09_Metas/11/11/20190911110300_00160.png,117.6,0.9,117.5,19.3,961
9/11/2019 11:04,datasets/dataset_cropped/09_Metas/11/11/20190911110400_00160.jpg,datasets_flow/dataset_cropped/09_Metas/11/11/20190911110400_00160.jpg,datasets_cloudmask/dataset_cropped/09_Metas/11/11/20190911110400_00160.png,120.6,0.7,120.5,19.4,961
9/11/2019 11:05,datasets/dataset_cropped/09_Metas/11/11/20190911110500_00160.jpg,datasets_flow/dataset_cropped/09_Metas/11/11/20190911110500_00160.jpg,datasets_cloudmask/dataset_cropped/09_Metas/11/11/20190911110500_00160.png,124.2,0.7,124.1,19.5,961
9/11/2019 11:06,datasets/dataset_cropped/09_Metas/11/11/20190911110600_00160.jpg,datasets_flow/dataset_cropped/09_Metas/11/11/20190911110600_00160.jpg,datasets_cloudmask/dataset_cropped/09_Metas/11/11/20190911110600_00160.png,126.1,0.7,125.8,19.4,961
9/11/2019 11:07,datasets/dataset_cropped/09_Metas/11/11/20190911110700_00160.jpg,datasets_flow/dataset_cropped/09_Metas/11/11/20190911110700_00160.jpg,datasets_cloudmask/dataset_cropped/09_Metas/11/11/20190911110700_00160.png,124.4,0.6,124,19.4,961
9/11/2019 11:08,datasets/dataset_cropped/09_Metas/11/11/20190911110800_00160.jpg,datasets_flow/dataset_cropped/09_Metas/11/11/20190911110800_00160.jpg,datasets_cloudmask/dataset_cropped/09_Metas/11/11/20190911110800_00160.png,118.1,0.6,117.6,19.3,961
9/11/2019 11:09,datasets/dataset_cropped/09_Metas/11/11/20190911110900_00160.jpg,datasets_flow/dataset_cropped/09_Metas/11/11/20190911110900_00160.jpg,datasets_cloudmask/dataset_cropped/09_Metas/11/11/20190911110900_00160.png,108.9,0.5,108.4,19.3,961
9/11/2019 11:10,datasets/dataset_cropped/09_Metas/11/11/20190911111000_00160.jpg,datasets_flow/dataset_cropped/09_Metas/11/11/20190911111000_00160.jpg,datasets_cloudmask/dataset_cropped/09_Metas/11/11/20190911111000_00160.png,100,0.3,99.5,19.3,961
9/11/2019 11:11,datasets/dataset_cropped/09_Metas/11/11/20190911111100_00160.jpg,datasets_flow/dataset_cropped/09_Metas/11/11/20190911111100_00160.jpg,datasets_cloudmask/dataset_cropped/09_Metas/11/11/20190911111100_00160.png,93,0.3,92.5,19.2,961
9/11/2019 11:12,datasets/dataset_cropped/09_Metas/11/11/20190911111200_00160.jpg,datasets_flow/dataset_cropped/09_Metas/11/11/20190911111200_00160.jpg,datasets_cloudmask/dataset_cropped/09_Metas/11/11/20190911111200_00160.png,88.3,0.4,87.8,19.1,961
9/11/2019 11:13,datasets/dataset_cropped/09_Metas/11/11/20190911111300_00160.jpg,datasets_flow/dataset_cropped/09_Metas/11/11/20190911111300_00160.jpg,datasets_cloudmask/dataset_cropped/09_Metas/11/11/20190911111300_00160.png,86.8,0.4,86.4,19.1,961
9/11/2019 11:14,datasets/dataset_cropped/09_Metas/11/11/20190911111400_00160.jpg,datasets_flow/dataset_cropped/09_Metas/11/11/20190911111400_00160.jpg,datasets_cloudmask/dataset_cropped/09_Metas/11/11/20190911111400_00160.png,87.3,0.4,86.9,19.1,961
9/11/2019 11:15,datasets/dataset_cropped/09_Metas/11/11/20190911111500_00160.jpg,datasets_flow/dataset_cropped/09_Metas/11/11/20190911111500_00160.jpg,datasets_cloudmask/dataset_cropped/09_Metas/11/11/20190911111500_00160.png,85.9,0.4,85.6,19.2,961
9/11/2019 11:16,datasets/dataset_cropped/09_Metas/11/11/20190911111600_00160.jpg,datasets_flow/dataset_cropped/09_Metas/11/11/20190911111600_00160.jpg,datasets_cloudmask/dataset_cropped/09_Metas/11/11/20190911111600_00160.png,82.4,0.4,82.1,19.2,961
9/11/2019 11:17,datasets/dataset_cropped/09_Metas/11/11/20190911111700_00160.jpg,datasets_flow/dataset_cropped/09_Metas/11/11/20190911111700_00160.jpg,datasets_cloudmask/dataset_cropped/09_Metas/11/11/20190911111700_00160.png,79.1,0.2,78.7,19.3,961
9/11/2019 11:18,datasets/dataset_cropped/09_Metas/11/11/20190911111800_00160.jpg,datasets_flow/dataset_cropped/09_Metas/11/11/20190911111800_00160.jpg,datasets_cloudmask/dataset_cropped/09_Metas/11/11/20190911111800_00160.png,77.4,0,77.1,19.3,961
9/11/2019 11:19,datasets/dataset_cropped/09_Metas/11/11/20190911111900_00160.jpg,datasets_flow/dataset_cropped/09_Metas/11/11/20190911111900_00160.jpg,datasets_cloudmask/dataset_cropped/09_Metas/11/11/20190911111900_00160.png,76.7,0,76.4,19.3,961
9/11/2019 11:20,datasets/dataset_cropped/09_Metas/11/11/20190911112000_00160.jpg,datasets_flow/dataset_cropped/09_Metas/11/11/20190911112000_00160.jpg,datasets_cloudmask/dataset_cropped/09_Metas/11/11/20190911112000_00160.png,76.6,0,76.2,19.2,961
9/11/2019 11:21,datasets/dataset_cropped/09_Metas/11/11/20190911112100_00160.jpg,datasets_flow/dataset_cropped/09_Metas/11/11/20190911112100_00160.jpg,datasets_cloudmask/dataset_cropped/09_Metas/11/11/20190911112100_00160.png,76.9,0,76.5,19.1,961
9/11/2019 11:22,datasets/dataset_cropped/09_Metas/11/11/20190911112200_00160.jpg,datasets_flow/dataset_cropped/09_Metas/11/11/20190911112200_00160.jpg,datasets_cloudmask/dataset_cropped/09_Metas/11/11/20190911112200_00160.png,77.9,0,77.5,18.9,961
9/11/2019 11:23,datasets/dataset_cropped/09_Metas/11/11/20190911112300_00160.jpg,datasets_flow/dataset_cropped/09_Metas/11/11/20190911112300_00160.jpg,datasets_cloudmask/dataset_cropped/09_Metas/11/11/20190911112300_00160.png,79.8,0,79.5,18.9,961
9/11/2019 11:24,datasets/dataset_cropped/09_Metas/11/11/20190911112400_00160.jpg,datasets_flow/dataset_cropped/09_Metas/11/11/20190911112400_00160.jpg,datasets_cloudmask/dataset_cropped/09_Metas/11/11/20190911112400_00160.png,82.6,0,82.2,18.9,961
9/11/2019 11:25,datasets/dataset_cropped/09_Metas/11/11/20190911112500_00160.jpg,datasets_flow/dataset_cropped/09_Metas/11/11/20190911112500_00160.jpg,datasets_cloudmask/dataset_cropped/09_Metas/11/11/20190911112500_00160.png,85.6,0,85.2,19,961
9/11/2019 11:26,datasets/dataset_cropped/09_Metas/11/11/20190911112600_00160.jpg,datasets_flow/dataset_cropped/09_Metas/11/11/20190911112600_00160.jpg,datasets_cloudmask/dataset_cropped/09_Metas/11/11/20190911112600_00160.png,88.3,0,87.9,19.1,961
9/11/2019 11:27,datasets/dataset_cropped/09_Metas/11/11/20190911112700_00160.jpg,datasets_flow/dataset_cropped/09_Metas/11/11/20190911112700_00160.jpg,datasets_cloudmask/dataset_cropped/09_Metas/11/11/20190911112700_00160.png,88.8,0,88.4,18.9,961
9/11/2019 11:28,datasets/dataset_cropped/09_Metas/11/11/20190911112800_00160.jpg,datasets_flow/dataset_cropped/09_Metas/11/11/20190911112800_00160.jpg,datasets_cloudmask/dataset_cropped/09_Metas/11/11/20190911112800_00160.png,87.6,0,87.2,18.8,961
9/11/2019 11:29,datasets/dataset_cropped/09_Metas/11/11/20190911112900_00160.jpg,datasets_flow/dataset_cropped/09_Metas/11/11/20190911112900_00160.jpg,datasets_cloudmask/dataset_cropped/09_Metas/11/11/20190911112900_00160.png,88,0,87.6,18.7,961
9/11/2019 11:30,datasets/dataset_cropped/09_Metas/11/11/20190911113000_00160.jpg,datasets_flow/dataset_cropped/09_Metas/11/11/20190911113000_00160.jpg,datasets_cloudmask/dataset_cropped/09_Metas/11/11/20190911113000_00160.png,92.3,0,91.9,18.6,961
9/11/2019 11:31,datasets/dataset_cropped/09_Metas/11/11/20190911113100_00160.jpg,datasets_flow/dataset_cropped/09_Metas/11/11/20190911113100_00160.jpg,datasets_cloudmask/dataset_cropped/09_Metas/11/11/20190911113100_00160.png,101.4,0,101,18.5,961
9/11/2019 11:32,datasets/dataset_cropped/09_Metas/11/11/20190911113200_00160.jpg,datasets_flow/dataset_cropped/09_Metas/11/11/20190911113200_00160.jpg,datasets_cloudmask/dataset_cropped/09_Metas/11/11/20190911113200_00160.png,115.2,0,114.9,18.5,961
9/11/2019 11:33,datasets/dataset_cropped/09_Metas/11/11/20190911113300_00160.jpg,datasets_flow/dataset_cropped/09_Metas/11/11/20190911113300_00160.jpg,datasets_cloudmask/dataset_cropped/09_Metas/11/11/20190911113300_00160.png,131.9,0,131.6,18.5,961
9/11/2019 11:34,datasets/dataset_cropped/09_Metas/11/11/20190911113400_00160.jpg,datasets_flow/dataset_cropped/09_Metas/11/11/20190911113400_00160.jpg,datasets_cloudmask/dataset_cropped/09_Metas/11/11/20190911113400_00160.png,147.8,0,147.6,18.5,961
9/11/2019 11:35,datasets/dataset_cropped/09_Metas/11/11/20190911113500_00160.jpg,datasets_flow/dataset_cropped/09_Metas/11/11/20190911113500_00160.jpg,datasets_cloudmask/dataset_cropped/09_Metas/11/11/20190911113500_00160.png,159.9,0.1,159.8,18.6,961
9/11/2019 11:36,datasets/dataset_cropped/09_Metas/11/11/20190911113600_00160.jpg,datasets_flow/dataset_cropped/09_Metas/11/11/20190911113600_00160.jpg,datasets_cloudmask/dataset_cropped/09_Metas/11/11/20190911113600_00160.png,165.6,0.1,165.5,18.7,961
9/11/2019 11:37,datasets/dataset_cropped/09_Metas/11/11/20190911113700_00160.jpg,datasets_flow/dataset_cropped/09_Metas/11/11/20190911113700_00160.jpg,datasets_cloudmask/dataset_cropped/09_Metas/11/11/20190911113700_00160.png,165.9,0.3,165.7,18.9,961
9/11/2019 11:38,datasets/dataset_cropped/09_Metas/11/11/20190911113800_00160.jpg,datasets_flow/dataset_cropped/09_Metas/11/11/20190911113800_00160.jpg,datasets_cloudmask/dataset_cropped/09_Metas/11/11/20190911113800_00160.png,163.5,0.5,163.2,18.8,961
9/11/2019 11:39,datasets/dataset_cropped/09_Metas/11/11/20190911113900_00160.jpg,datasets_flow/dataset_cropped/09_Metas/11/11/20190911113900_00160.jpg,datasets_cloudmask/dataset_cropped/09_Metas/11/11/20190911113900_00160.png,157.6,0.6,157.2,18.8,961
9/11/2019 11:40,datasets/dataset_cropped/09_Metas/11/11/20190911114000_00160.jpg,datasets_flow/dataset_cropped/09_Metas/11/11/20190911114000_00160.jpg,datasets_cloudmask/dataset_cropped/09_Metas/11/11/20190911114000_00160.png,150.1,0.6,149.6,18.7,961
9/11/2019 11:41,datasets/dataset_cropped/09_Metas/11/11/20190911114100_00160.jpg,datasets_flow/dataset_cropped/09_Metas/11/11/20190911114100_00160.jpg,datasets_cloudmask/dataset_cropped/09_Metas/11/11/20190911114100_00160.png,144.2,0.5,143.6,18.8,961
9/11/2019 11:42,datasets/dataset_cropped/09_Metas/11/11/20190911114200_00160.jpg,datasets_flow/dataset_cropped/09_Metas/11/11/20190911114200_00160.jpg,datasets_cloudmask/dataset_cropped/09_Metas/11/11/20190911114200_00160.png,139.9,0.3,139.2,18.9,961
9/11/2019 11:43,datasets/dataset_cropped/09_Metas/11/11/20190911114300_00160.jpg,datasets_flow/dataset_cropped/09_Metas/11/11/20190911114300_00160.jpg,datasets_cloudmask/dataset_cropped/09_Metas/11/11/20190911114300_00160.png,137.3,0.1,136.5,18.8,961
9/11/2019 11:44,datasets/dataset_cropped/09_Metas/11/11/20190911114400_00160.jpg,datasets_flow/dataset_cropped/09_Metas/11/11/20190911114400_00160.jpg,datasets_cloudmask/dataset_cropped/09_Metas/11/11/20190911114400_00160.png,137.3,0,136.6,18.6,961
9/11/2019 11:45,datasets/dataset_cropped/09_Metas/11/11/20190911114500_00160.jpg,datasets_flow/dataset_cropped/09_Metas/11/11/20190911114500_00160.jpg,datasets_cloudmask/dataset_cropped/09_Metas/11/11/20190911114500_00160.png,139.6,0,139,18.7,961
9/11/2019 11:46,datasets/dataset_cropped/09_Metas/11/11/20190911114600_00160.jpg,datasets_flow/dataset_cropped/09_Metas/11/11/20190911114600_00160.jpg,datasets_cloudmask/dataset_cropped/09_Metas/11/11/20190911114600_00160.png,145,0.1,144.4,18.8,961
9/11/2019 11:47,datasets/dataset_cropped/09_Metas/11/11/20190911114700_00160.jpg,datasets_flow/dataset_cropped/09_Metas/11/11/20190911114700_00160.jpg,datasets_cloudmask/dataset_cropped/09_Metas/11/11/20190911114700_00160.png,153.4,0.2,152.8,18.8,961
9/11/2019 11:48,datasets/dataset_cropped/09_Metas/11/11/20190911114800_00160.jpg,datasets_flow/dataset_cropped/09_Metas/11/11/20190911114800_00160.jpg,datasets_cloudmask/dataset_cropped/09_Metas/11/11/20190911114800_00160.png,158.4,0.3,157.9,18.7,961
9/11/2019 11:49,datasets/dataset_cropped/09_Metas/11/11/20190911114900_00160.jpg,datasets_flow/dataset_cropped/09_Metas/11/11/20190911114900_00160.jpg,datasets_cloudmask/dataset_cropped/09_Metas/11/11/20190911114900_00160.png,158.1,0.4,157.6,18.7,961
9/11/2019 11:50,datasets/dataset_cropped/09_Metas/11/11/20190911115000_00160.jpg,datasets_flow/dataset_cropped/09_Metas/11/11/20190911115000_00160.jpg,datasets_cloudmask/dataset_cropped/09_Metas/11/11/20190911115000_00160.png,156,0.5,155.6,18.7,961
9/11/2019 11:51,datasets/dataset_cropped/09_Metas/11/11/20190911115100_00160.jpg,datasets_flow/dataset_cropped/09_Metas/11/11/20190911115100_00160.jpg,datasets_cloudmask/dataset_cropped/09_Metas/11/11/20190911115100_00160.png,153.5,0.6,153.2,18.7,961
9/11/2019 11:52,datasets/dataset_cropped/09_Metas/11/11/20190911115200_00160.jpg,datasets_flow/dataset_cropped/09_Metas/11/11/20190911115200_00160.jpg,datasets_cloudmask/dataset_cropped/09_Metas/11/11/20190911115200_00160.png,151.6,0.8,151.4,18.6,961
9/11/2019 11:53,datasets/dataset_cropped/09_Metas/11/11/20190911115300_00160.jpg,datasets_flow/dataset_cropped/09_Metas/11/11/20190911115300_00160.jpg,datasets_cloudmask/dataset_cropped/09_Metas/11/11/20190911115300_00160.png,150.3,0.9,150.1,18.6,961
9/11/2019 11:54,datasets/dataset_cropped/09_Metas/11/11/20190911115400_00160.jpg,datasets_flow/dataset_cropped/09_Metas/11/11/20190911115400_00160.jpg,datasets_cloudmask/dataset_cropped/09_Metas/11/11/20190911115400_00160.png,150.7,0.9,150.5,18.7,961
9/11/2019 11:55,datasets/dataset_cropped/09_Metas/11/11/20190911115500_00160.jpg,datasets_flow/dataset_cropped/09_Metas/11/11/20190911115500_00160.jpg,datasets_cloudmask/dataset_cropped/09_Metas/11/11/20190911115500_00160.png,151.1,0.9,150.8,18.6,961
9/11/2019 11:56,datasets/dataset_cropped/09_Metas/11/11/20190911115600_00160.jpg,datasets_flow/dataset_cropped/09_Metas/11/11/20190911115600_00160.jpg,datasets_cloudmask/dataset_cropped/09_Metas/11/11/20190911115600_00160.png,150.7,0.6,150.2,18.5,961
9/11/2019 11:57,datasets/dataset_cropped/09_Metas/11/11/20190911115700_00160.jpg,datasets_flow/dataset_cropped/09_Metas/11/11/20190911115700_00160.jpg,datasets_cloudmask/dataset_cropped/09_Metas/11/11/20190911115700_00160.png,151.1,0.4,150.7,18.6,961
9/11/2019 11:58,datasets/dataset_cropped/09_Metas/11/11/20190911115800_00160.jpg,datasets_flow/dataset_cropped/09_Metas/11/11/20190911115800_00160.jpg,datasets_cloudmask/dataset_cropped/09_Metas/11/11/20190911115800_00160.png,152.8,0.3,152.3,18.4,961
9/11/2019 11:59,datasets/dataset_cropped/09_Metas/11/11/20190911115900_00160.jpg,datasets_flow/dataset_cropped/09_Metas/11/11/20190911115900_00160.jpg,datasets_cloudmask/dataset_cropped/09_Metas/11/11/20190911115900_00160.png,154.1,0.4,153.5,18.4,961
9/11/2019 12:00,datasets/dataset_cropped/09_Metas/11/12/20190911120000_00160.jpg,datasets_flow/dataset_cropped/09_Metas/11/12/20190911120000_00160.jpg,datasets_cloudmask/dataset_cropped/09_Metas/11/12/20190911120000_00160.png,155.4,0.4,154.8,18.5,961
9/11/2019 12:01,datasets/dataset_cropped/09_Metas/11/12/20190911120100_00160.jpg,datasets_flow/dataset_cropped/09_Metas/11/12/20190911120100_00160.jpg,datasets_cloudmask/dataset_cropped/09_Metas/11/12/20190911120100_00160.png,153.3,0.5,152.6,18.5,961
9/11/2019 12:02,datasets/dataset_cropped/09_Metas/11/12/20190911120200_00160.jpg,datasets_flow/dataset_cropped/09_Metas/11/12/20190911120200_00160.jpg,datasets_cloudmask/dataset_cropped/09_Metas/11/12/20190911120200_00160.png,148.5,0.5,147.8,18.6,961
9/11/2019 12:03,datasets/dataset_cropped/09_Metas/11/12/20190911120300_00160.jpg,datasets_flow/dataset_cropped/09_Metas/11/12/20190911120300_00160.jpg,datasets_cloudmask/dataset_cropped/09_Metas/11/12/20190911120300_00160.png,143.6,0.6,142.9,18.6,961
9/11/2019 12:04,datasets/dataset_cropped/09_Metas/11/12/20190911120400_00160.jpg,datasets_flow/dataset_cropped/09_Metas/11/12/20190911120400_00160.jpg,datasets_cloudmask/dataset_cropped/09_Metas/11/12/20190911120400_00160.png,139.1,0.6,138.5,18.8,961
9/11/2019 12:05,datasets/dataset_cropped/09_Metas/11/12/20190911120500_00160.jpg,datasets_flow/dataset_cropped/09_Metas/11/12/20190911120500_00160.jpg,datasets_cloudmask/dataset_cropped/09_Metas/11/12/20190911120500_00160.png,138.1,0.6,137.4,18.8,961
9/11/2019 12:06,datasets/dataset_cropped/09_Metas/11/12/20190911120600_00160.jpg,datasets_flow/dataset_cropped/09_Metas/11/12/20190911120600_00160.jpg,datasets_cloudmask/dataset_cropped/09_Metas/11/12/20190911120600_00160.png,138.3,0.5,137.5,18.8,961
9/11/2019 12:07,datasets/dataset_cropped/09_Metas/11/12/20190911120700_00160.jpg,datasets_flow/dataset_cropped/09_Metas/11/12/20190911120700_00160.jpg,datasets_cloudmask/dataset_cropped/09_Metas/11/12/20190911120700_00160.png,143.1,0.6,142.2,18.9,961
9/11/2019 12:08,datasets/dataset_cropped/09_Metas/11/12/20190911120800_00160.jpg,datasets_flow/dataset_cropped/09_Metas/11/12/20190911120800_00160.jpg,datasets_cloudmask/dataset_cropped/09_Metas/11/12/20190911120800_00160.png,152.8,0.7,152,18.9,961
9/11/2019 12:09,datasets/dataset_cropped/09_Metas/11/12/20190911120900_00160.jpg,datasets_flow/dataset_cropped/09_Metas/11/12/20190911120900_00160.jpg,datasets_cloudmask/dataset_cropped/09_Metas/11/12/20190911120900_00160.png,158.6,0.8,157.8,18.8,961
9/11/2019 12:10,datasets/dataset_cropped/09_Metas/11/12/20190911121000_00160.jpg,datasets_flow/dataset_cropped/09_Metas/11/12/20190911121000_00160.jpg,datasets_cloudmask/dataset_cropped/09_Metas/11/12/20190911121000_00160.png,155,0.8,154.1,18.8,961
9/11/2019 12:11,datasets/dataset_cropped/09_Metas/11/12/20190911121100_00160.jpg,datasets_flow/dataset_cropped/09_Metas/11/12/20190911121100_00160.jpg,datasets_cloudmask/dataset_cropped/09_Metas/11/12/20190911121100_00160.png,143.9,0.5,143,18.7,961
9/11/2019 12:12,datasets/dataset_cropped/09_Metas/11/12/20190911121200_00160.jpg,datasets_flow/dataset_cropped/09_Metas/11/12/20190911121200_00160.jpg,datasets_cloudmask/dataset_cropped/09_Metas/11/12/20190911121200_00160.png,131.7,0.2,130.8,18.8,961
9/11/2019 12:13,datasets/dataset_cropped/09_Metas/11/12/20190911121300_00160.jpg,datasets_flow/dataset_cropped/09_Metas/11/12/20190911121300_00160.jpg,datasets_cloudmask/dataset_cropped/09_Metas/11/12/20190911121300_00160.png,122.6,0.1,121.8,18.6,961
9/11/2019 12:14,datasets/dataset_cropped/09_Metas/11/12/20190911121400_00160.jpg,datasets_flow/dataset_cropped/09_Metas/11/12/20190911121400_00160.jpg,datasets_cloudmask/dataset_cropped/09_Metas/11/12/20190911121400_00160.png,116.4,0.2,115.7,18.6,961
9/11/2019 12:15,datasets/dataset_cropped/09_Metas/11/12/20190911121500_00160.jpg,datasets_flow/dataset_cropped/09_Metas/11/12/20190911121500_00160.jpg,datasets_cloudmask/dataset_cropped/09_Metas/11/12/20190911121500_00160.png,110.7,0.3,110.1,18.6,961
9/11/2019 12:16,datasets/dataset_cropped/09_Metas/11/12/20190911121600_00160.jpg,datasets_flow/dataset_cropped/09_Metas/11/12/20190911121600_00160.jpg,datasets_cloudmask/dataset_cropped/09_Metas/11/12/20190911121600_00160.png,105.3,0.3,104.8,18.6,961
9/11/2019 12:17,datasets/dataset_cropped/09_Metas/11/12/20190911121700_00160.jpg,datasets_flow/dataset_cropped/09_Metas/11/12/20190911121700_00160.jpg,datasets_cloudmask/dataset_cropped/09_Metas/11/12/20190911121700_00160.png,100.2,0.2,99.7,18.6,961
9/11/2019 12:18,datasets/dataset_cropped/09_Metas/11/12/20190911121800_00160.jpg,datasets_flow/dataset_cropped/09_Metas/11/12/20190911121800_00160.jpg,datasets_cloudmask/dataset_cropped/09_Metas/11/12/20190911121800_00160.png,95.5,0.1,95.1,18.6,961
9/11/2019 12:19,datasets/dataset_cropped/09_Metas/11/12/20190911121900_00160.jpg,datasets_flow/dataset_cropped/09_Metas/11/12/20190911121900_00160.jpg,datasets_cloudmask/dataset_cropped/09_Metas/11/12/20190911121900_00160.png,91.2,0,90.7,18.6,961
9/11/2019 12:20,datasets/dataset_cropped/09_Metas/11/12/20190911122000_00160.jpg,datasets_flow/dataset_cropped/09_Metas/11/12/20190911122000_00160.jpg,datasets_cloudmask/dataset_cropped/09_Metas/11/12/20190911122000_00160.png,87.7,0,87.3,18.6,961
9/11/2019 12:21,datasets/dataset_cropped/09_Metas/11/12/20190911122100_00160.jpg,datasets_flow/dataset_cropped/09_Metas/11/12/20190911122100_00160.jpg,datasets_cloudmask/dataset_cropped/09_Metas/11/12/20190911122100_00160.png,85.8,0,85.5,18.7,961
9/11/2019 12:22,datasets/dataset_cropped/09_Metas/11/12/20190911122200_00160.jpg,datasets_flow/dataset_cropped/09_Metas/11/12/20190911122200_00160.jpg,datasets_cloudmask/dataset_cropped/09_Metas/11/12/20190911122200_00160.png,86.7,0.1,86.3,18.6,961
9/11/2019 12:23,datasets/dataset_cropped/09_Metas/11/12/20190911122300_00160.jpg,datasets_flow/dataset_cropped/09_Metas/11/12/20190911122300_00160.jpg,datasets_cloudmask/dataset_cropped/09_Metas/11/12/20190911122300_00160.png,91.8,0.2,91.4,18.5,961
9/11/2019 12:24,datasets/dataset_cropped/09_Metas/11/12/20190911122400_00160.jpg,datasets_flow/dataset_cropped/09_Metas/11/12/20190911122400_00160.jpg,datasets_cloudmask/dataset_cropped/09_Metas/11/12/20190911122400_00160.png,101.2,0.1,100.8,18.4,961
9/11/2019 12:25,datasets/dataset_cropped/09_Metas/11/12/20190911122500_00160.jpg,datasets_flow/dataset_cropped/09_Metas/11/12/20190911122500_00160.jpg,datasets_cloudmask/dataset_cropped/09_Metas/11/12/20190911122500_00160.png,112.9,0.1,112.5,18.5,961
9/11/2019 12:26,datasets/dataset_cropped/09_Metas/11/12/20190911122600_00160.jpg,datasets_flow/dataset_cropped/09_Metas/11/12/20190911122600_00160.jpg,datasets_cloudmask/dataset_cropped/09_Metas/11/12/20190911122600_00160.png,122.5,0.1,122,18.6,961
9/11/2019 12:27,datasets/dataset_cropped/09_Metas/11/12/20190911122700_00160.jpg,datasets_flow/dataset_cropped/09_Metas/11/12/20190911122700_00160.jpg,datasets_cloudmask/dataset_cropped/09_Metas/11/12/20190911122700_00160.png,131.8,0.2,131.3,18.6,961
9/11/2019 12:28,datasets/dataset_cropped/09_Metas/11/12/20190911122800_00160.jpg,datasets_flow/dataset_cropped/09_Metas/11/12/20190911122800_00160.jpg,datasets_cloudmask/dataset_cropped/09_Metas/11/12/20190911122800_00160.png,144.8,0.3,144.3,18.6,961
9/11/2019 12:29,datasets/dataset_cropped/09_Metas/11/12/20190911122900_00160.jpg,datasets_flow/dataset_cropped/09_Metas/11/12/20190911122900_00160.jpg,datasets_cloudmask/dataset_cropped/09_Metas/11/12/20190911122900_00160.png,160.3,0.5,159.9,18.7,961
9/11/2019 12:30,datasets/dataset_cropped/09_Metas/11/12/20190911123000_00160.jpg,datasets_flow/dataset_cropped/09_Metas/11/12/20190911123000_00160.jpg,datasets_cloudmask/dataset_cropped/09_Metas/11/12/20190911123000_00160.png,173.9,0.8,173.3,18.8,961
9/11/2019 12:31,datasets/dataset_cropped/09_Metas/11/12/20190911123100_00160.jpg,datasets_flow/dataset_cropped/09_Metas/11/12/20190911123100_00160.jpg,datasets_cloudmask/dataset_cropped/09_Metas/11/12/20190911123100_00160.png,181.4,0.9,180.7,18.8,961
9/11/2019 12:32,datasets/dataset_cropped/09_Metas/11/12/20190911123200_00160.jpg,datasets_flow/dataset_cropped/09_Metas/11/12/20190911123200_00160.jpg,datasets_cloudmask/dataset_cropped/09_Metas/11/12/20190911123200_00160.png,184.3,0.9,183.6,18.9,961
9/11/2019 12:33,datasets/dataset_cropped/09_Metas/11/12/20190911123300_00160.jpg,datasets_flow/dataset_cropped/09_Metas/11/12/20190911123300_00160.jpg,datasets_cloudmask/dataset_cropped/09_Metas/11/12/20190911123300_00160.png,186,0.9,185.3,18.9,961
9/11/2019 12:34,datasets/dataset_cropped/09_Metas/11/12/20190911123400_00160.jpg,datasets_flow/dataset_cropped/09_Metas/11/12/20190911123400_00160.jpg,datasets_cloudmask/dataset_cropped/09_Metas/11/12/20190911123400_00160.png,187.4,1.1,186.6,18.9,961
9/11/2019 12:35,datasets/dataset_cropped/09_Metas/11/12/20190911123500_00160.jpg,datasets_flow/dataset_cropped/09_Metas/11/12/20190911123500_00160.jpg,datasets_cloudmask/dataset_cropped/09_Metas/11/12/20190911123500_00160.png,184.3,1.4,183.5,18.9,961
9/11/2019 12:36,datasets/dataset_cropped/09_Metas/11/12/20190911123600_00160.jpg,datasets_flow/dataset_cropped/09_Metas/11/12/20190911123600_00160.jpg,datasets_cloudmask/dataset_cropped/09_Metas/11/12/20190911123600_00160.png,176.8,1.6,175.9,19,961
9/11/2019 12:37,datasets/dataset_cropped/09_Metas/11/12/20190911123700_00160.jpg,datasets_flow/dataset_cropped/09_Metas/11/12/20190911123700_00160.jpg,datasets_cloudmask/dataset_cropped/09_Metas/11/12/20190911123700_00160.png,167.1,1.4,166.3,19.2,961
9/11/2019 12:38,datasets/dataset_cropped/09_Metas/11/12/20190911123800_00160.jpg,datasets_flow/dataset_cropped/09_Metas/11/12/20190911123800_00160.jpg,datasets_cloudmask/dataset_cropped/09_Metas/11/12/20190911123800_00160.png,157.3,1.1,156.6,19.1,961
9/11/2019 12:39,datasets/dataset_cropped/09_Metas/11/12/20190911123900_00160.jpg,datasets_flow/dataset_cropped/09_Metas/11/12/20190911123900_00160.jpg,datasets_cloudmask/dataset_cropped/09_Metas/11/12/20190911123900_00160.png,150.4,0.9,149.7,19,961
9/11/2019 12:40,datasets/dataset_cropped/09_Metas/11/12/20190911124000_00160.jpg,datasets_flow/dataset_cropped/09_Metas/11/12/20190911124000_00160.jpg,datasets_cloudmask/dataset_cropped/09_Metas/11/12/20190911124000_00160.png,148.4,0.7,147.7,18.9,961
9/11/2019 12:41,datasets/dataset_cropped/09_Metas/11/12/20190911124100_00160.jpg,datasets_flow/dataset_cropped/09_Metas/11/12/20190911124100_00160.jpg,datasets_cloudmask/dataset_cropped/09_Metas/11/12/20190911124100_00160.png,145.6,0.7,145,18.9,961
9/11/2019 12:42,datasets/dataset_cropped/09_Metas/11/12/20190911124200_00160.jpg,datasets_flow/dataset_cropped/09_Metas/11/12/20190911124200_00160.jpg,datasets_cloudmask/dataset_cropped/09_Metas/11/12/20190911124200_00160.png,137.9,0.6,137.4,18.9,961
9/11/2019 12:43,datasets/dataset_cropped/09_Metas/11/12/20190911124300_00160.jpg,datasets_flow/dataset_cropped/09_Metas/11/12/20190911124300_00160.jpg,datasets_cloudmask/dataset_cropped/09_Metas/11/12/20190911124300_00160.png,130,0.5,129.3,18.9,961
9/11/2019 12:44,datasets/dataset_cropped/09_Metas/11/12/20190911124400_00160.jpg,datasets_flow/dataset_cropped/09_Metas/11/12/20190911124400_00160.jpg,datasets_cloudmask/dataset_cropped/09_Metas/11/12/20190911124400_00160.png,128.3,0.5,127.7,18.9,961
9/11/2019 12:45,datasets/dataset_cropped/09_Metas/11/12/20190911124500_00160.jpg,datasets_flow/dataset_cropped/09_Metas/11/12/20190911124500_00160.jpg,datasets_cloudmask/dataset_cropped/09_Metas/11/12/20190911124500_00160.png,130.3,0.5,129.7,18.9,961
9/11/2019 12:46,datasets/dataset_cropped/09_Metas/11/12/20190911124600_00160.jpg,datasets_flow/dataset_cropped/09_Metas/11/12/20190911124600_00160.jpg,datasets_cloudmask/dataset_cropped/09_Metas/11/12/20190911124600_00160.png,128.1,0.6,127.5,19,961
9/11/2019 12:47,datasets/dataset_cropped/09_Metas/11/12/20190911124700_00160.jpg,datasets_flow/dataset_cropped/09_Metas/11/12/20190911124700_00160.jpg,datasets_cloudmask/dataset_cropped/09_Metas/11/12/20190911124700_00160.png,121,0.6,120.5,19,961
9/11/2019 12:48,datasets/dataset_cropped/09_Metas/11/12/20190911124800_00160.jpg,datasets_flow/dataset_cropped/09_Metas/11/12/20190911124800_00160.jpg,datasets_cloudmask/dataset_cropped/09_Metas/11/12/20190911124800_00160.png,115.6,0.3,115.1,19,961
9/11/2019 12:49,datasets/dataset_cropped/09_Metas/11/12/20190911124900_00160.jpg,datasets_flow/dataset_cropped/09_Metas/11/12/20190911124900_00160.jpg,datasets_cloudmask/dataset_cropped/09_Metas/11/12/20190911124900_00160.png,116.6,0.2,116.2,18.9,961
9/11/2019 12:50,datasets/dataset_cropped/09_Metas/11/12/20190911125000_00160.jpg,datasets_flow/dataset_cropped/09_Metas/11/12/20190911125000_00160.jpg,datasets_cloudmask/dataset_cropped/09_Metas/11/12/20190911125000_00160.png,119.9,0.1,119.5,18.9,961
9/11/2019 12:51,datasets/dataset_cropped/09_Metas/11/12/20190911125100_00160.jpg,datasets_flow/dataset_cropped/09_Metas/11/12/20190911125100_00160.jpg,datasets_cloudmask/dataset_cropped/09_Metas/11/12/20190911125100_00160.png,122.3,0,121.9,19,961
9/11/2019 12:52,datasets/dataset_cropped/09_Metas/11/12/20190911125200_00160.jpg,datasets_flow/dataset_cropped/09_Metas/11/12/20190911125200_00160.jpg,datasets_cloudmask/dataset_cropped/09_Metas/11/12/20190911125200_00160.png,126.4,0,125.9,18.9,961
9/11/2019 12:53,datasets/dataset_cropped/09_Metas/11/12/20190911125300_00160.jpg,datasets_flow/dataset_cropped/09_Metas/11/12/20190911125300_00160.jpg,datasets_cloudmask/dataset_cropped/09_Metas/11/12/20190911125300_00160.png,130.9,0,130.5,19,961
9/11/2019 12:54,datasets/dataset_cropped/09_Metas/11/12/20190911125400_00160.jpg,datasets_flow/dataset_cropped/09_Metas/11/12/20190911125400_00160.jpg,datasets_cloudmask/dataset_cropped/09_Metas/11/12/20190911125400_00160.png,133,0,132.4,18.9,961
9/11/2019 12:55,datasets/dataset_cropped/09_Metas/11/12/20190911125500_00160.jpg,datasets_flow/dataset_cropped/09_Metas/11/12/20190911125500_00160.jpg,datasets_cloudmask/dataset_cropped/09_Metas/11/12/20190911125500_00160.png,132.7,0,131.9,18.8,961
9/11/2019 12:56,datasets/dataset_cropped/09_Metas/11/12/20190911125600_00160.jpg,datasets_flow/dataset_cropped/09_Metas/11/12/20190911125600_00160.jpg,datasets_cloudmask/dataset_cropped/09_Metas/11/12/20190911125600_00160.png,133.4,0,132.8,18.7,961
9/11/2019 12:57,datasets/dataset_cropped/09_Metas/11/12/20190911125700_00160.jpg,datasets_flow/dataset_cropped/09_Metas/11/12/20190911125700_00160.jpg,datasets_cloudmask/dataset_cropped/09_Metas/11/12/20190911125700_00160.png,139.4,0.1,138.8,18.8,961
9/11/2019 12:58,datasets/dataset_cropped/09_Metas/11/12/20190911125800_00160.jpg,datasets_flow/dataset_cropped/09_Metas/11/12/20190911125800_00160.jpg,datasets_cloudmask/dataset_cropped/09_Metas/11/12/20190911125800_00160.png,153.7,0.3,153.3,18.8,961
9/11/2019 12:59,datasets/dataset_cropped/09_Metas/11/12/20190911125900_00160.jpg,datasets_flow/dataset_cropped/09_Metas/11/12/20190911125900_00160.jpg,datasets_cloudmask/dataset_cropped/09_Metas/11/12/20190911125900_00160.png,172.7,0.4,172.5,18.8,961
9/11/2019 13:00,datasets/dataset_cropped/09_Metas/11/13/20190911130000_00160.jpg,datasets_flow/dataset_cropped/09_Metas/11/13/20190911130000_00160.jpg,datasets_cloudmask/dataset_cropped/09_Metas/11/13/20190911130000_00160.png,187.6,0.5,187.5,18.8,961
9/11/2019 13:01,datasets/dataset_cropped/09_Metas/11/13/20190911130100_00160.jpg,datasets_flow/dataset_cropped/09_Metas/11/13/20190911130100_00160.jpg,datasets_cloudmask/dataset_cropped/09_Metas/11/13/20190911130100_00160.png,192.6,0.7,192.5,18.9,961
9/11/2019 13:02,datasets/dataset_cropped/09_Metas/11/13/20190911130200_00160.jpg,datasets_flow/dataset_cropped/09_Metas/11/13/20190911130200_00160.jpg,datasets_cloudmask/dataset_cropped/09_Metas/11/13/20190911130200_00160.png,186.9,0.9,186.7,18.9,961
9/11/2019 13:03,datasets/dataset_cropped/09_Metas/11/13/20190911130300_00160.jpg,datasets_flow/dataset_cropped/09_Metas/11/13/20190911130300_00160.jpg,datasets_cloudmask/dataset_cropped/09_Metas/11/13/20190911130300_00160.png,176,1,175.7,19,961
9/11/2019 13:04,datasets/dataset_cropped/09_Metas/11/13/20190911130400_00160.jpg,datasets_flow/dataset_cropped/09_Metas/11/13/20190911130400_00160.jpg,datasets_cloudmask/dataset_cropped/09_Metas/11/13/20190911130400_00160.png,167,0.9,166.8,19,961
9/11/2019 13:05,datasets/dataset_cropped/09_Metas/11/13/20190911130500_00160.jpg,datasets_flow/dataset_cropped/09_Metas/11/13/20190911130500_00160.jpg,datasets_cloudmask/dataset_cropped/09_Metas/11/13/20190911130500_00160.png,162.4,1,162.1,19.1,961
9/11/2019 13:06,datasets/dataset_cropped/09_Metas/11/13/20190911130600_00160.jpg,datasets_flow/dataset_cropped/09_Metas/11/13/20190911130600_00160.jpg,datasets_cloudmask/dataset_cropped/09_Metas/11/13/20190911130600_00160.png,161.2,0.9,161.1,19.1,961
9/11/2019 13:07,datasets/dataset_cropped/09_Metas/11/13/20190911130700_00160.jpg,datasets_flow/dataset_cropped/09_Metas/11/13/20190911130700_00160.jpg,datasets_cloudmask/dataset_cropped/09_Metas/11/13/20190911130700_00160.png,164.3,0.8,164.3,19.1,961
9/11/2019 13:08,datasets/dataset_cropped/09_Metas/11/13/20190911130800_00160.jpg,datasets_flow/dataset_cropped/09_Metas/11/13/20190911130800_00160.jpg,datasets_cloudmask/dataset_cropped/09_Metas/11/13/20190911130800_00160.png,169.6,0.7,169.6,19.1,961
9/11/2019 13:09,datasets/dataset_cropped/09_Metas/11/13/20190911130900_00160.jpg,datasets_flow/dataset_cropped/09_Metas/11/13/20190911130900_00160.jpg,datasets_cloudmask/dataset_cropped/09_Metas/11/13/20190911130900_00160.png,173,0.7,172.9,19.2,961
9/11/2019 13:10,datasets/dataset_cropped/09_Metas/11/13/20190911131000_00160.jpg,datasets_flow/dataset_cropped/09_Metas/11/13/20190911131000_00160.jpg,datasets_cloudmask/dataset_cropped/09_Metas/11/13/20190911131000_00160.png,177.4,0.6,177.2,19.4,961
9/11/2019 13:11,datasets/dataset_cropped/09_Metas/11/13/20190911131100_00160.jpg,datasets_flow/dataset_cropped/09_Metas/11/13/20190911131100_00160.jpg,datasets_cloudmask/dataset_cropped/09_Metas/11/13/20190911131100_00160.png,179.1,0.4,178.8,19.4,961
9/11/2019 13:12,datasets/dataset_cropped/09_Metas/11/13/20190911131200_00160.jpg,datasets_flow/dataset_cropped/09_Metas/11/13/20190911131200_00160.jpg,datasets_cloudmask/dataset_cropped/09_Metas/11/13/20190911131200_00160.png,174.3,0.3,173.9,19.4,961
9/11/2019 13:13,datasets/dataset_cropped/09_Metas/11/13/20190911131300_00160.jpg,datasets_flow/dataset_cropped/09_Metas/11/13/20190911131300_00160.jpg,datasets_cloudmask/dataset_cropped/09_Metas/11/13/20190911131300_00160.png,166.3,0.2,166,19.4,961
9/11/2019 13:14,datasets/dataset_cropped/09_Metas/11/13/20190911131400_00160.jpg,datasets_flow/dataset_cropped/09_Metas/11/13/20190911131400_00160.jpg,datasets_cloudmask/dataset_cropped/09_Metas/11/13/20190911131400_00160.png,168.2,0.3,167.9,19.4,961
9/11/2019 13:15,datasets/dataset_cropped/09_Metas/11/13/20190911131500_00160.jpg,datasets_flow/dataset_cropped/09_Metas/11/13/20190911131500_00160.jpg,datasets_cloudmask/dataset_cropped/09_Metas/11/13/20190911131500_00160.png,175.9,0.3,175.4,19.5,961
9/11/2019 13:16,datasets/dataset_cropped/09_Metas/11/13/20190911131600_00160.jpg,datasets_flow/dataset_cropped/09_Metas/11/13/20190911131600_00160.jpg,datasets_cloudmask/dataset_cropped/09_Metas/11/13/20190911131600_00160.png,181.7,0.5,181.2,19.6,961
9/11/2019 13:17,datasets/dataset_cropped/09_Metas/11/13/20190911131700_00160.jpg,datasets_flow/dataset_cropped/09_Metas/11/13/20190911131700_00160.jpg,datasets_cloudmask/dataset_cropped/09_Metas/11/13/20190911131700_00160.png,186.3,0.7,185.6,19.5,961
9/11/2019 13:18,datasets/dataset_cropped/09_Metas/11/13/20190911131800_00160.jpg,datasets_flow/dataset_cropped/09_Metas/11/13/20190911131800_00160.jpg,datasets_cloudmask/dataset_cropped/09_Metas/11/13/20190911131800_00160.png,187.1,0.7,186.4,19.6,961
9/11/2019 13:19,datasets/dataset_cropped/09_Metas/11/13/20190911131900_00160.jpg,datasets_flow/dataset_cropped/09_Metas/11/13/20190911131900_00160.jpg,datasets_cloudmask/dataset_cropped/09_Metas/11/13/20190911131900_00160.png,181.7,0.7,181.1,19.7,961
9/11/2019 13:20,datasets/dataset_cropped/09_Metas/11/13/20190911132000_00160.jpg,datasets_flow/dataset_cropped/09_Metas/11/13/20190911132000_00160.jpg,datasets_cloudmask/dataset_cropped/09_Metas/11/13/20190911132000_00160.png,167.7,0.7,167.1,19.8,961
9/11/2019 13:21,datasets/dataset_cropped/09_Metas/11/13/20190911132100_00160.jpg,datasets_flow/dataset_cropped/09_Metas/11/13/20190911132100_00160.jpg,datasets_cloudmask/dataset_cropped/09_Metas/11/13/20190911132100_00160.png,149.8,0.4,149.2,19.6,961
9/11/2019 13:22,datasets/dataset_cropped/09_Metas/11/13/20190911132200_00160.jpg,datasets_flow/dataset_cropped/09_Metas/11/13/20190911132200_00160.jpg,datasets_cloudmask/dataset_cropped/09_Metas/11/13/20190911132200_00160.png,134.2,0.1,133.8,19.4,961
9/11/2019 13:23,datasets/dataset_cropped/09_Metas/11/13/20190911132300_00160.jpg,datasets_flow/dataset_cropped/09_Metas/11/13/20190911132300_00160.jpg,datasets_cloudmask/dataset_cropped/09_Metas/11/13/20190911132300_00160.png,125.2,0,124.9,19.3,961
9/11/2019 13:24,datasets/dataset_cropped/09_Metas/11/13/20190911132400_00160.jpg,datasets_flow/dataset_cropped/09_Metas/11/13/20190911132400_00160.jpg,datasets_cloudmask/dataset_cropped/09_Metas/11/13/20190911132400_00160.png,124.4,0,124.2,19.3,961
9/11/2019 13:25,datasets/dataset_cropped/09_Metas/11/13/20190911132500_00160.jpg,datasets_flow/dataset_cropped/09_Metas/11/13/20190911132500_00160.jpg,datasets_cloudmask/dataset_cropped/09_Metas/11/13/20190911132500_00160.png,127.6,0,127.4,19.2,961
9/11/2019 13:26,datasets/dataset_cropped/09_Metas/11/13/20190911132600_00160.jpg,datasets_flow/dataset_cropped/09_Metas/11/13/20190911132600_00160.jpg,datasets_cloudmask/dataset_cropped/09_Metas/11/13/20190911132600_00160.png,132.3,0,132.1,19.1,961
9/11/2019 13:27,datasets/dataset_cropped/09_Metas/11/13/20190911132700_00160.jpg,datasets_flow/dataset_cropped/09_Metas/11/13/20190911132700_00160.jpg,datasets_cloudmask/dataset_cropped/09_Metas/11/13/20190911132700_00160.png,137.5,0,137.2,19.2,961
9/11/2019 13:28,datasets/dataset_cropped/09_Metas/11/13/20190911132800_00160.jpg,datasets_flow/dataset_cropped/09_Metas/11/13/20190911132800_00160.jpg,datasets_cloudmask/dataset_cropped/09_Metas/11/13/20190911132800_00160.png,141.5,0.1,141.2,19.2,961
9/11/2019 13:29,datasets/dataset_cropped/09_Metas/11/13/20190911132900_00160.jpg,datasets_flow/dataset_cropped/09_Metas/11/13/20190911132900_00160.jpg,datasets_cloudmask/dataset_cropped/09_Metas/11/13/20190911132900_00160.png,144.4,0.3,144.1,19.2,961
9/11/2019 13:30,datasets/dataset_cropped/09_Metas/11/13/20190911133000_00160.jpg,datasets_flow/dataset_cropped/09_Metas/11/13/20190911133000_00160.jpg,datasets_cloudmask/dataset_cropped/09_Metas/11/13/20190911133000_00160.png,146.1,0.4,145.6,19.3,961
9/11/2019 13:31,datasets/dataset_cropped/09_Metas/11/13/20190911133100_00160.jpg,datasets_flow/dataset_cropped/09_Metas/11/13/20190911133100_00160.jpg,datasets_cloudmask/dataset_cropped/09_Metas/11/13/20190911133100_00160.png,148,0.4,147.4,19.3,961
9/11/2019 13:32,datasets/dataset_cropped/09_Metas/11/13/20190911133200_00160.jpg,datasets_flow/dataset_cropped/09_Metas/11/13/20190911133200_00160.jpg,datasets_cloudmask/dataset_cropped/09_Metas/11/13/20190911133200_00160.png,152.8,0.5,152.4,19.4,961
9/11/2019 13:33,datasets/dataset_cropped/09_Metas/11/13/20190911133300_00160.jpg,datasets_flow/dataset_cropped/09_Metas/11/13/20190911133300_00160.jpg,datasets_cloudmask/dataset_cropped/09_Metas/11/13/20190911133300_00160.png,159.3,0.5,158.9,19.4,961
9/11/2019 13:34,datasets/dataset_cropped/09_Metas/11/13/20190911133400_00160.jpg,datasets_flow/dataset_cropped/09_Metas/11/13/20190911133400_00160.jpg,datasets_cloudmask/dataset_cropped/09_Metas/11/13/20190911133400_00160.png,164.3,0.4,163.8,19.5,961
9/11/2019 13:35,datasets/dataset_cropped/09_Metas/11/13/20190911133500_00160.jpg,datasets_flow/dataset_cropped/09_Metas/11/13/20190911133500_00160.jpg,datasets_cloudmask/dataset_cropped/09_Metas/11/13/20190911133500_00160.png,169.5,0.2,169.1,19.6,961
9/11/2019 13:36,datasets/dataset_cropped/09_Metas/11/13/20190911133600_00160.jpg,datasets_flow/dataset_cropped/09_Metas/11/13/20190911133600_00160.jpg,datasets_cloudmask/dataset_cropped/09_Metas/11/13/20190911133600_00160.png,180,0,179.7,19.6,961
9/11/2019 13:37,datasets/dataset_cropped/09_Metas/11/13/20190911133700_00160.jpg,datasets_flow/dataset_cropped/09_Metas/11/13/20190911133700_00160.jpg,datasets_cloudmask/dataset_cropped/09_Metas/11/13/20190911133700_00160.png,193.5,0.1,193.2,19.7,961
9/11/2019 13:38,datasets/dataset_cropped/09_Metas/11/13/20190911133800_00160.jpg,datasets_flow/dataset_cropped/09_Metas/11/13/20190911133800_00160.jpg,datasets_cloudmask/dataset_cropped/09_Metas/11/13/20190911133800_00160.png,206.5,0.2,206.3,19.7,961
9/11/2019 13:39,datasets/dataset_cropped/09_Metas/11/13/20190911133900_00160.jpg,datasets_flow/dataset_cropped/09_Metas/11/13/20190911133900_00160.jpg,datasets_cloudmask/dataset_cropped/09_Metas/11/13/20190911133900_00160.png,214,0.4,213.8,19.7,961
9/11/2019 13:40,datasets/dataset_cropped/09_Metas/11/13/20190911134000_00160.jpg,datasets_flow/dataset_cropped/09_Metas/11/13/20190911134000_00160.jpg,datasets_cloudmask/dataset_cropped/09_Metas/11/13/20190911134000_00160.png,220.2,0.6,219.9,19.8,961
9/11/2019 13:41,datasets/dataset_cropped/09_Metas/11/13/20190911134100_00160.jpg,datasets_flow/dataset_cropped/09_Metas/11/13/20190911134100_00160.jpg,datasets_cloudmask/dataset_cropped/09_Metas/11/13/20190911134100_00160.png,225.4,0.7,225.3,19.7,961
9/11/2019 13:42,datasets/dataset_cropped/09_Metas/11/13/20190911134200_00160.jpg,datasets_flow/dataset_cropped/09_Metas/11/13/20190911134200_00160.jpg,datasets_cloudmask/dataset_cropped/09_Metas/11/13/20190911134200_00160.png,222.1,1,221.7,19.8,961
9/11/2019 13:43,datasets/dataset_cropped/09_Metas/11/13/20190911134300_00160.jpg,datasets_flow/dataset_cropped/09_Metas/11/13/20190911134300_00160.jpg,datasets_cloudmask/dataset_cropped/09_Metas/11/13/20190911134300_00160.png,219.4,1.1,219,19.8,961
9/11/2019 13:44,datasets/dataset_cropped/09_Metas/11/13/20190911134400_00160.jpg,datasets_flow/dataset_cropped/09_Metas/11/13/20190911134400_00160.jpg,datasets_cloudmask/dataset_cropped/09_Metas/11/13/20190911134400_00160.png,219,1.1,218.5,19.8,961
9/11/2019 13:45,datasets/dataset_cropped/09_Metas/11/13/20190911134500_00160.jpg,datasets_flow/dataset_cropped/09_Metas/11/13/20190911134500_00160.jpg,datasets_cloudmask/dataset_cropped/09_Metas/11/13/20190911134500_00160.png,220.5,1.4,219.8,19.8,961
9/11/2019 13:46,datasets/dataset_cropped/09_Metas/11/13/20190911134600_00160.jpg,datasets_flow/dataset_cropped/09_Metas/11/13/20190911134600_00160.jpg,datasets_cloudmask/dataset_cropped/09_Metas/11/13/20190911134600_00160.png,221.7,1.3,220.9,19.8,961
9/11/2019 13:47,datasets/dataset_cropped/09_Metas/11/13/20190911134700_00160.jpg,datasets_flow/dataset_cropped/09_Metas/11/13/20190911134700_00160.jpg,datasets_cloudmask/dataset_cropped/09_Metas/11/13/20190911134700_00160.png,224.8,1.1,224.2,19.9,961
9/11/2019 13:48,datasets/dataset_cropped/09_Metas/11/13/20190911134800_00160.jpg,datasets_flow/dataset_cropped/09_Metas/11/13/20190911134800_00160.jpg,datasets_cloudmask/dataset_cropped/09_Metas/11/13/20190911134800_00160.png,237.6,0.9,237.2,20,961
9/11/2019 13:49,datasets/dataset_cropped/09_Metas/11/13/20190911134900_00160.jpg,datasets_flow/dataset_cropped/09_Metas/11/13/20190911134900_00160.jpg,datasets_cloudmask/dataset_cropped/09_Metas/11/13/20190911134900_00160.png,250,0.7,249.8,20,961
9/11/2019 13:50,datasets/dataset_cropped/09_Metas/11/13/20190911135000_00160.jpg,datasets_flow/dataset_cropped/09_Metas/11/13/20190911135000_00160.jpg,datasets_cloudmask/dataset_cropped/09_Metas/11/13/20190911135000_00160.png,261.1,0.7,261,20,961
9/11/2019 13:51,datasets/dataset_cropped/09_Metas/11/13/20190911135100_00160.jpg,datasets_flow/dataset_cropped/09_Metas/11/13/20190911135100_00160.jpg,datasets_cloudmask/dataset_cropped/09_Metas/11/13/20190911135100_00160.png,265.4,0.7,265.2,19.9,961
9/11/2019 13:52,datasets/dataset_cropped/09_Metas/11/13/20190911135200_00160.jpg,datasets_flow/dataset_cropped/09_Metas/11/13/20190911135200_00160.jpg,datasets_cloudmask/dataset_cropped/09_Metas/11/13/20190911135200_00160.png,266.3,0.8,266,20,961
9/11/2019 13:53,datasets/dataset_cropped/09_Metas/11/13/20190911135300_00160.jpg,datasets_flow/dataset_cropped/09_Metas/11/13/20190911135300_00160.jpg,datasets_cloudmask/dataset_cropped/09_Metas/11/13/20190911135300_00160.png,271.9,0.8,271.6,20,961
9/11/2019 13:54,datasets/dataset_cropped/09_Metas/11/13/20190911135400_00160.jpg,datasets_flow/dataset_cropped/09_Metas/11/13/20190911135400_00160.jpg,datasets_cloudmask/dataset_cropped/09_Metas/11/13/20190911135400_00160.png,275.1,1,274.4,20,961
9/11/2019 13:55,datasets/dataset_cropped/09_Metas/11/13/20190911135500_00160.jpg,datasets_flow/dataset_cropped/09_Metas/11/13/20190911135500_00160.jpg,datasets_cloudmask/dataset_cropped/09_Metas/11/13/20190911135500_00160.png,256.5,0.6,256,20.1,961
9/11/2019 13:56,datasets/dataset_cropped/09_Metas/11/13/20190911135600_00160.jpg,datasets_flow/dataset_cropped/09_Metas/11/13/20190911135600_00160.jpg,datasets_cloudmask/dataset_cropped/09_Metas/11/13/20190911135600_00160.png,229.5,0.7,229.2,20,961
9/11/2019 13:57,datasets/dataset_cropped/09_Metas/11/13/20190911135700_00160.jpg,datasets_flow/dataset_cropped/09_Metas/11/13/20190911135700_00160.jpg,datasets_cloudmask/dataset_cropped/09_Metas/11/13/20190911135700_00160.png,206.6,0.7,206,19.9,961
9/11/2019 13:58,datasets/dataset_cropped/09_Metas/11/13/20190911135800_00160.jpg,datasets_flow/dataset_cropped/09_Metas/11/13/20190911135800_00160.jpg,datasets_cloudmask/dataset_cropped/09_Metas/11/13/20190911135800_00160.png,185.7,0.3,185.3,19.9,961
9/11/2019 13:59,datasets/dataset_cropped/09_Metas/11/13/20190911135900_00160.jpg,datasets_flow/dataset_cropped/09_Metas/11/13/20190911135900_00160.jpg,datasets_cloudmask/dataset_cropped/09_Metas/11/13/20190911135900_00160.png,167.8,0.2,167.4,20,961
9/11/2019 14:00,datasets/dataset_cropped/09_Metas/11/14/20190911140000_00160.jpg,datasets_flow/dataset_cropped/09_Metas/11/14/20190911140000_00160.jpg,datasets_cloudmask/dataset_cropped/09_Metas/11/14/20190911140000_00160.png,158.4,0.1,158,20.1,961
9/11/2019 14:01,datasets/dataset_cropped/09_Metas/11/14/20190911140100_00160.jpg,datasets_flow/dataset_cropped/09_Metas/11/14/20190911140100_00160.jpg,datasets_cloudmask/dataset_cropped/09_Metas/11/14/20190911140100_00160.png,159.7,0.1,159.3,20.2,961
9/11/2019 14:02,datasets/dataset_cropped/09_Metas/11/14/20190911140200_00160.jpg,datasets_flow/dataset_cropped/09_Metas/11/14/20190911140200_00160.jpg,datasets_cloudmask/dataset_cropped/09_Metas/11/14/20190911140200_00160.png,168.4,0.2,168.3,20.2,961
9/11/2019 14:03,datasets/dataset_cropped/09_Metas/11/14/20190911140300_00160.jpg,datasets_flow/dataset_cropped/09_Metas/11/14/20190911140300_00160.jpg,datasets_cloudmask/dataset_cropped/09_Metas/11/14/20190911140300_00160.png,179.8,0.3,179.7,20.3,961
9/11/2019 14:04,datasets/dataset_cropped/09_Metas/11/14/20190911140400_00160.jpg,datasets_flow/dataset_cropped/09_Metas/11/14/20190911140400_00160.jpg,datasets_cloudmask/dataset_cropped/09_Metas/11/14/20190911140400_00160.png,184.7,0.4,184.7,20.4,961
9/11/2019 14:05,datasets/dataset_cropped/09_Metas/11/14/20190911140500_00160.jpg,datasets_flow/dataset_cropped/09_Metas/11/14/20190911140500_00160.jpg,datasets_cloudmask/dataset_cropped/09_Metas/11/14/20190911140500_00160.png,189.5,0.6,189.5,20.3,961
9/11/2019 14:06,datasets/dataset_cropped/09_Metas/11/14/20190911140600_00160.jpg,datasets_flow/dataset_cropped/09_Metas/11/14/20190911140600_00160.jpg,datasets_cloudmask/dataset_cropped/09_Metas/11/14/20190911140600_00160.png,203,0.7,203.1,20.2,961
9/11/2019 14:07,datasets/dataset_cropped/09_Metas/11/14/20190911140700_00160.jpg,datasets_flow/dataset_cropped/09_Metas/11/14/20190911140700_00160.jpg,datasets_cloudmask/dataset_cropped/09_Metas/11/14/20190911140700_00160.png,219.7,0.6,219.7,20.2,961
9/11/2019 14:08,datasets/dataset_cropped/09_Metas/11/14/20190911140800_00160.jpg,datasets_flow/dataset_cropped/09_Metas/11/14/20190911140800_00160.jpg,datasets_cloudmask/dataset_cropped/09_Metas/11/14/20190911140800_00160.png,239.2,0.5,239.2,20.2,960
9/11/2019 14:09,datasets/dataset_cropped/09_Metas/11/14/20190911140900_00160.jpg,datasets_flow/dataset_cropped/09_Metas/11/14/20190911140900_00160.jpg,datasets_cloudmask/dataset_cropped/09_Metas/11/14/20190911140900_00160.png,255.7,0.5,255.7,20.3,960
9/11/2019 14:10,datasets/dataset_cropped/09_Metas/11/14/20190911141000_00160.jpg,datasets_flow/dataset_cropped/09_Metas/11/14/20190911141000_00160.jpg,datasets_cloudmask/dataset_cropped/09_Metas/11/14/20190911141000_00160.png,253.8,1,253.8,20.5,960
9/11/2019 14:11,datasets/dataset_cropped/09_Metas/11/14/20190911141100_00160.jpg,datasets_flow/dataset_cropped/09_Metas/11/14/20190911141100_00160.jpg,datasets_cloudmask/dataset_cropped/09_Metas/11/14/20190911141100_00160.png,244.5,1.4,244.5,20.7,961
9/11/2019 14:12,datasets/dataset_cropped/09_Metas/11/14/20190911141200_00160.jpg,datasets_flow/dataset_cropped/09_Metas/11/14/20190911141200_00160.jpg,datasets_cloudmask/dataset_cropped/09_Metas/11/14/20190911141200_00160.png,238.9,1.5,238.7,20.6,961
9/11/2019 14:13,datasets/dataset_cropped/09_Metas/11/14/20190911141300_00160.jpg,datasets_flow/dataset_cropped/09_Metas/11/14/20190911141300_00160.jpg,datasets_cloudmask/dataset_cropped/09_Metas/11/14/20190911141300_00160.png,244.2,1.6,243.9,20.6,960
9/11/2019 14:14,datasets/dataset_cropped/09_Metas/11/14/20190911141400_00160.jpg,datasets_flow/dataset_cropped/09_Metas/11/14/20190911141400_00160.jpg,datasets_cloudmask/dataset_cropped/09_Metas/11/14/20190911141400_00160.png,264.6,1.7,264.2,20.6,960
9/11/2019 14:15,datasets/dataset_cropped/09_Metas/11/14/20190911141500_00160.jpg,datasets_flow/dataset_cropped/09_Metas/11/14/20190911141500_00160.jpg,datasets_cloudmask/dataset_cropped/09_Metas/11/14/20190911141500_00160.png,290.1,2,289.7,20.7,960
9/11/2019 14:16,datasets/dataset_cropped/09_Metas/11/14/20190911141600_00160.jpg,datasets_flow/dataset_cropped/09_Metas/11/14/20190911141600_00160.jpg,datasets_cloudmask/dataset_cropped/09_Metas/11/14/20190911141600_00160.png,299.1,2.1,298.6,20.8,960
9/11/2019 14:17,datasets/dataset_cropped/09_Metas/11/14/20190911141700_00160.jpg,datasets_flow/dataset_cropped/09_Metas/11/14/20190911141700_00160.jpg,datasets_cloudmask/dataset_cropped/09_Metas/11/14/20190911141700_00160.png,279.6,2,278.9,20.9,960
9/11/2019 14:18,datasets/dataset_cropped/09_Metas/11/14/20190911141800_00160.jpg,datasets_flow/dataset_cropped/09_Metas/11/14/20190911141800_00160.jpg,datasets_cloudmask/dataset_cropped/09_Metas/11/14/20190911141800_00160.png,256.6,1.9,255.5,20.8,961
9/11/2019 14:19,datasets/dataset_cropped/09_Metas/11/14/20190911141900_00160.jpg,datasets_flow/dataset_cropped/09_Metas/11/14/20190911141900_00160.jpg,datasets_cloudmask/dataset_cropped/09_Metas/11/14/20190911141900_00160.png,243.2,1.8,241.8,20.7,960
9/11/2019 14:20,datasets/dataset_cropped/09_Metas/11/14/20190911142000_00160.jpg,datasets_flow/dataset_cropped/09_Metas/11/14/20190911142000_00160.jpg,datasets_cloudmask/dataset_cropped/09_Metas/11/14/20190911142000_00160.png,233,1.6,232,20.8,960
9/11/2019 14:21,datasets/dataset_cropped/09_Metas/11/14/20190911142100_00160.jpg,datasets_flow/dataset_cropped/09_Metas/11/14/20190911142100_00160.jpg,datasets_cloudmask/dataset_cropped/09_Metas/11/14/20190911142100_00160.png,226.6,1.4,225.8,20.9,961
9/11/2019 14:22,datasets/dataset_cropped/09_Metas/11/14/20190911142200_00160.jpg,datasets_flow/dataset_cropped/09_Metas/11/14/20190911142200_00160.jpg,datasets_cloudmask/dataset_cropped/09_Metas/11/14/20190911142200_00160.png,234.5,1,233.9,20.9,960
9/11/2019 14:23,datasets/dataset_cropped/09_Metas/11/14/20190911142300_00160.jpg,datasets_flow/dataset_cropped/09_Metas/11/14/20190911142300_00160.jpg,datasets_cloudmask/dataset_cropped/09_Metas/11/14/20190911142300_00160.png,243.9,0.9,243.4,20.9,961
9/11/2019 14:24,datasets/dataset_cropped/09_Metas/11/14/20190911142400_00160.jpg,datasets_flow/dataset_cropped/09_Metas/11/14/20190911142400_00160.jpg,datasets_cloudmask/dataset_cropped/09_Metas/11/14/20190911142400_00160.png,240.8,0.7,240.2,20.9,961
9/11/2019 14:25,datasets/dataset_cropped/09_Metas/11/14/20190911142500_00160.jpg,datasets_flow/dataset_cropped/09_Metas/11/14/20190911142500_00160.jpg,datasets_cloudmask/dataset_cropped/09_Metas/11/14/20190911142500_00160.png,239.6,0.8,238.7,21,961
9/11/2019 14:26,datasets/dataset_cropped/09_Metas/11/14/20190911142600_00160.jpg,datasets_flow/dataset_cropped/09_Metas/11/14/20190911142600_00160.jpg,datasets_cloudmask/dataset_cropped/09_Metas/11/14/20190911142600_00160.png,231.8,0.8,230.5,21.1,961
9/11/2019 14:27,datasets/dataset_cropped/09_Metas/11/14/20190911142700_00160.jpg,datasets_flow/dataset_cropped/09_Metas/11/14/20190911142700_00160.jpg,datasets_cloudmask/dataset_cropped/09_Metas/11/14/20190911142700_00160.png,223.5,0.6,222.2,21.1,961
9/11/2019 14:28,datasets/dataset_cropped/09_Metas/11/14/20190911142800_00160.jpg,datasets_flow/dataset_cropped/09_Metas/11/14/20190911142800_00160.jpg,datasets_cloudmask/dataset_cropped/09_Metas/11/14/20190911142800_00160.png,222.1,0.4,221,21.2,961
9/11/2019 14:29,datasets/dataset_cropped/09_Metas/11/14/20190911142900_00160.jpg,datasets_flow/dataset_cropped/09_Metas/11/14/20190911142900_00160.jpg,datasets_cloudmask/dataset_cropped/09_Metas/11/14/20190911142900_00160.png,208.3,0.7,207.3,21.2,961
9/11/2019 14:30,datasets/dataset_cropped/09_Metas/11/14/20190911143000_00160.jpg,datasets_flow/dataset_cropped/09_Metas/11/14/20190911143000_00160.jpg,datasets_cloudmask/dataset_cropped/09_Metas/11/14/20190911143000_00160.png,190.8,0.7,189.8,21.1,961
9/11/2019 14:31,datasets/dataset_cropped/09_Metas/11/14/20190911143100_00160.jpg,datasets_flow/dataset_cropped/09_Metas/11/14/20190911143100_00160.jpg,datasets_cloudmask/dataset_cropped/09_Metas/11/14/20190911143100_00160.png,181.2,0.6,180.2,21.2,960
9/11/2019 14:32,datasets/dataset_cropped/09_Metas/11/14/20190911143200_00160.jpg,datasets_flow/dataset_cropped/09_Metas/11/14/20190911143200_00160.jpg,datasets_cloudmask/dataset_cropped/09_Metas/11/14/20190911143200_00160.png,184.7,0.6,183.4,21.2,960
9/11/2019 14:33,datasets/dataset_cropped/09_Metas/11/14/20190911143300_00160.jpg,datasets_flow/dataset_cropped/09_Metas/11/14/20190911143300_00160.jpg,datasets_cloudmask/dataset_cropped/09_Metas/11/14/20190911143300_00160.png,197.8,0.5,196.4,21,961
9/11/2019 14:34,datasets/dataset_cropped/09_Metas/11/14/20190911143400_00160.jpg,datasets_flow/dataset_cropped/09_Metas/11/14/20190911143400_00160.jpg,datasets_cloudmask/dataset_cropped/09_Metas/11/14/20190911143400_00160.png,215.2,0.3,213.9,20.9,960
9/11/2019 14:35,datasets/dataset_cropped/09_Metas/11/14/20190911143500_00160.jpg,datasets_flow/dataset_cropped/09_Metas/11/14/20190911143500_00160.jpg,datasets_cloudmask/dataset_cropped/09_Metas/11/14/20190911143500_00160.png,216.2,0.5,214.7,20.9,960
9/11/2019 14:36,datasets/dataset_cropped/09_Metas/11/14/20190911143600_00160.jpg,datasets_flow/dataset_cropped/09_Metas/11/14/20190911143600_00160.jpg,datasets_cloudmask/dataset_cropped/09_Metas/11/14/20190911143600_00160.png,209.3,0.9,207.1,20.8,960
9/11/2019 14:37,datasets/dataset_cropped/09_Metas/11/14/20190911143700_00160.jpg,datasets_flow/dataset_cropped/09_Metas/11/14/20190911143700_00160.jpg,datasets_cloudmask/dataset_cropped/09_Metas/11/14/20190911143700_00160.png,216.3,1,213.8,20.8,960
9/11/2019 14:38,datasets/dataset_cropped/09_Metas/11/14/20190911143800_00160.jpg,datasets_flow/dataset_cropped/09_Metas/11/14/20190911143800_00160.jpg,datasets_cloudmask/dataset_cropped/09_Metas/11/14/20190911143800_00160.png,237.2,0.6,234.6,20.9,960
9/11/2019 14:39,datasets/dataset_cropped/09_Metas/11/14/20190911143900_00160.jpg,datasets_flow/dataset_cropped/09_Metas/11/14/20190911143900_00160.jpg,datasets_cloudmask/dataset_cropped/09_Metas/11/14/20190911143900_00160.png,257,0.9,254.4,21.1,960
9/11/2019 14:40,datasets/dataset_cropped/09_Metas/11/14/20190911144000_00160.jpg,datasets_flow/dataset_cropped/09_Metas/11/14/20190911144000_00160.jpg,datasets_cloudmask/dataset_cropped/09_Metas/11/14/20190911144000_00160.png,255.2,1.4,252.2,21,960
9/11/2019 14:41,datasets/dataset_cropped/09_Metas/11/14/20190911144100_00160.jpg,datasets_flow/dataset_cropped/09_Metas/11/14/20190911144100_00160.jpg,datasets_cloudmask/dataset_cropped/09_Metas/11/14/20190911144100_00160.png,241.9,1.9,238,21.1,960
9/11/2019 14:42,datasets/dataset_cropped/09_Metas/11/14/20190911144200_00160.jpg,datasets_flow/dataset_cropped/09_Metas/11/14/20190911144200_00160.jpg,datasets_cloudmask/dataset_cropped/09_Metas/11/14/20190911144200_00160.png,219.4,1.8,215.6,21.1,960
9/11/2019 14:43,datasets/dataset_cropped/09_Metas/11/14/20190911144300_00160.jpg,datasets_flow/dataset_cropped/09_Metas/11/14/20190911144300_00160.jpg,datasets_cloudmask/dataset_cropped/09_Metas/11/14/20190911144300_00160.png,192.6,9.1,181.6,21.2,960
9/11/2019 14:44,datasets/dataset_cropped/09_Metas/11/14/20190911144400_00160.jpg,datasets_flow/dataset_cropped/09_Metas/11/14/20190911144400_00160.jpg,datasets_cloudmask/dataset_cropped/09_Metas/11/14/20190911144400_00160.png,155.5,6.2,146.7,21.2,960
9/11/2019 14:45,datasets/dataset_cropped/09_Metas/11/14/20190911144500_00160.jpg,datasets_flow/dataset_cropped/09_Metas/11/14/20190911144500_00160.jpg,datasets_cloudmask/dataset_cropped/09_Metas/11/14/20190911144500_00160.png,134.1,0.3,130.5,21.2,960
9/11/2019 14:46,datasets/dataset_cropped/09_Metas/11/14/20190911144600_00160.jpg,datasets_flow/dataset_cropped/09_Metas/11/14/20190911144600_00160.jpg,datasets_cloudmask/dataset_cropped/09_Metas/11/14/20190911144600_00160.png,128.4,0,125.6,21.1,960
9/11/2019 14:47,datasets/dataset_cropped/09_Metas/11/14/20190911144700_00160.jpg,datasets_flow/dataset_cropped/09_Metas/11/14/20190911144700_00160.jpg,datasets_cloudmask/dataset_cropped/09_Metas/11/14/20190911144700_00160.png,118.9,0,116.6,20.9,960
9/11/2019 14:48,datasets/dataset_cropped/09_Metas/11/14/20190911144800_00160.jpg,datasets_flow/dataset_cropped/09_Metas/11/14/20190911144800_00160.jpg,datasets_cloudmask/dataset_cropped/09_Metas/11/14/20190911144800_00160.png,108.9,0,107,20.9,960
9/11/2019 14:49,datasets/dataset_cropped/09_Metas/11/14/20190911144900_00160.jpg,datasets_flow/dataset_cropped/09_Metas/11/14/20190911144900_00160.jpg,datasets_cloudmask/dataset_cropped/09_Metas/11/14/20190911144900_00160.png,102.6,0,101,20.9,960
9/11/2019 14:50,datasets/dataset_cropped/09_Metas/11/14/20190911145000_00160.jpg,datasets_flow/dataset_cropped/09_Metas/11/14/20190911145000_00160.jpg,datasets_cloudmask/dataset_cropped/09_Metas/11/14/20190911145000_00160.png,97.6,0,96.3,21,960
9/11/2019 14:51,datasets/dataset_cropped/09_Metas/11/14/20190911145100_00160.jpg,datasets_flow/dataset_cropped/09_Metas/11/14/20190911145100_00160.jpg,datasets_cloudmask/dataset_cropped/09_Metas/11/14/20190911145100_00160.png,93.4,0,92.4,21,960
9/11/2019 14:52,datasets/dataset_cropped/09_Metas/11/14/20190911145200_00160.jpg,datasets_flow/dataset_cropped/09_Metas/11/14/20190911145200_00160.jpg,datasets_cloudmask/dataset_cropped/09_Metas/11/14/20190911145200_00160.png,91.8,0,91.1,20.9,960
9/11/2019 14:53,datasets/dataset_cropped/09_Metas/11/14/20190911145300_00160.jpg,datasets_flow/dataset_cropped/09_Metas/11/14/20190911145300_00160.jpg,datasets_cloudmask/dataset_cropped/09_Metas/11/14/20190911145300_00160.png,95.4,0,94.9,20.8,960
9/11/2019 14:54,datasets/dataset_cropped/09_Metas/11/14/20190911145400_00160.jpg,datasets_flow/dataset_cropped/09_Metas/11/14/20190911145400_00160.jpg,datasets_cloudmask/dataset_cropped/09_Metas/11/14/20190911145400_00160.png,103.7,0,103.3,20.8,960
9/11/2019 14:55,datasets/dataset_cropped/09_Metas/11/14/20190911145500_00160.jpg,datasets_flow/dataset_cropped/09_Metas/11/14/20190911145500_00160.jpg,datasets_cloudmask/dataset_cropped/09_Metas/11/14/20190911145500_00160.png,112.6,0,112.2,20.8,960
9/11/2019 14:56,datasets/dataset_cropped/09_Metas/11/14/20190911145600_00160.jpg,datasets_flow/dataset_cropped/09_Metas/11/14/20190911145600_00160.jpg,datasets_cloudmask/dataset_cropped/09_Metas/11/14/20190911145600_00160.png,119.2,0,118.8,20.9,960
9/11/2019 14:57,datasets/dataset_cropped/09_Metas/11/14/20190911145700_00160.jpg,datasets_flow/dataset_cropped/09_Metas/11/14/20190911145700_00160.jpg,datasets_cloudmask/dataset_cropped/09_Metas/11/14/20190911145700_00160.png,128.5,0,128,20.9,960
9/11/2019 14:58,datasets/dataset_cropped/09_Metas/11/14/20190911145800_00160.jpg,datasets_flow/dataset_cropped/09_Metas/11/14/20190911145800_00160.jpg,datasets_cloudmask/dataset_cropped/09_Metas/11/14/20190911145800_00160.png,152,0,151.3,20.9,960
9/11/2019 14:59,datasets/dataset_cropped/09_Metas/11/14/20190911145900_00160.jpg,datasets_flow/dataset_cropped/09_Metas/11/14/20190911145900_00160.jpg,datasets_cloudmask/dataset_cropped/09_Metas/11/14/20190911145900_00160.png,198.8,0.1,197.8,20.9,960
9/11/2019 15:00,datasets/dataset_cropped/09_Metas/11/15/20190911150000_00160.jpg,datasets_flow/dataset_cropped/09_Metas/11/15/20190911150000_00160.jpg,datasets_cloudmask/dataset_cropped/09_Metas/11/15/20190911150000_00160.png,271.7,0.5,270.4,20.9,960
9/11/2019 15:01,datasets/dataset_cropped/09_Metas/11/15/20190911150100_00160.jpg,datasets_flow/dataset_cropped/09_Metas/11/15/20190911150100_00160.jpg,datasets_cloudmask/dataset_cropped/09_Metas/11/15/20190911150100_00160.png,352.9,3.8,349.2,20.8,960
9/11/2019 15:02,datasets/dataset_cropped/09_Metas/11/15/20190911150200_00160.jpg,datasets_flow/dataset_cropped/09_Metas/11/15/20190911150200_00160.jpg,datasets_cloudmask/dataset_cropped/09_Metas/11/15/20190911150200_00160.png,417.7,2.6,414.7,20.9,960
9/11/2019 15:03,datasets/dataset_cropped/09_Metas/11/15/20190911150300_00160.jpg,datasets_flow/dataset_cropped/09_Metas/11/15/20190911150300_00160.jpg,datasets_cloudmask/dataset_cropped/09_Metas/11/15/20190911150300_00160.png,648.4,259.1,451.5,21.2,960
9/11/2019 15:04,datasets/dataset_cropped/09_Metas/11/15/20190911150400_00160.jpg,datasets_flow/dataset_cropped/09_Metas/11/15/20190911150400_00160.jpg,datasets_cloudmask/dataset_cropped/09_Metas/11/15/20190911150400_00160.png,938,700.5,410.5,21.5,960
9/11/2019 15:05,datasets/dataset_cropped/09_Metas/11/15/20190911150500_00160.jpg,datasets_flow/dataset_cropped/09_Metas/11/15/20190911150500_00160.jpg,datasets_cloudmask/dataset_cropped/09_Metas/11/15/20190911150500_00160.png,572.1,280.5,364.5,21.7,960
9/11/2019 15:06,datasets/dataset_cropped/09_Metas/11/15/20190911150600_00160.jpg,datasets_flow/dataset_cropped/09_Metas/11/15/20190911150600_00160.jpg,datasets_cloudmask/dataset_cropped/09_Metas/11/15/20190911150600_00160.png,355.7,37.8,330,21.7,960
9/11/2019 15:07,datasets/dataset_cropped/09_Metas/11/15/20190911150700_00160.jpg,datasets_flow/dataset_cropped/09_Metas/11/15/20190911150700_00160.jpg,datasets_cloudmask/dataset_cropped/09_Metas/11/15/20190911150700_00160.png,382.4,73.8,328.9,21.6,960
9/11/2019 15:08,datasets/dataset_cropped/09_Metas/11/15/20190911150800_00160.jpg,datasets_flow/dataset_cropped/09_Metas/11/15/20190911150800_00160.jpg,datasets_cloudmask/dataset_cropped/09_Metas/11/15/20190911150800_00160.png,325.4,11.4,317.9,21.6,960
9/11/2019 15:09,datasets/dataset_cropped/09_Metas/11/15/20190911150900_00160.jpg,datasets_flow/dataset_cropped/09_Metas/11/15/20190911150900_00160.jpg,datasets_cloudmask/dataset_cropped/09_Metas/11/15/20190911150900_00160.png,301.8,3.2,300.2,21.7,960
9/11/2019 15:10,datasets/dataset_cropped/09_Metas/11/15/20190911151000_00160.jpg,datasets_flow/dataset_cropped/09_Metas/11/15/20190911151000_00160.jpg,datasets_cloudmask/dataset_cropped/09_Metas/11/15/20190911151000_00160.png,282.8,1.9,281.6,21.8,960
9/11/2019 15:11,datasets/dataset_cropped/09_Metas/11/15/20190911151100_00160.jpg,datasets_flow/dataset_cropped/09_Metas/11/15/20190911151100_00160.jpg,datasets_cloudmask/dataset_cropped/09_Metas/11/15/20190911151100_00160.png,270.1,1.9,268.8,21.6,960
9/11/2019 15:12,datasets/dataset_cropped/09_Metas/11/15/20190911151200_00160.jpg,datasets_flow/dataset_cropped/09_Metas/11/15/20190911151200_00160.jpg,datasets_cloudmask/dataset_cropped/09_Metas/11/15/20190911151200_00160.png,266.7,1,266.1,21.6,960
9/11/2019 15:13,datasets/dataset_cropped/09_Metas/11/15/20190911151300_00160.jpg,datasets_flow/dataset_cropped/09_Metas/11/15/20190911151300_00160.jpg,datasets_cloudmask/dataset_cropped/09_Metas/11/15/20190911151300_00160.png,281.9,0.6,281.5,21.8,960
9/11/2019 15:14,datasets/dataset_cropped/09_Metas/11/15/20190911151400_00160.jpg,datasets_flow/dataset_cropped/09_Metas/11/15/20190911151400_00160.jpg,datasets_cloudmask/dataset_cropped/09_Metas/11/15/20190911151400_00160.png,285.9,0.8,285,21.7,960
9/11/2019 15:15,datasets/dataset_cropped/09_Metas/11/15/20190911151500_00160.jpg,datasets_flow/dataset_cropped/09_Metas/11/15/20190911151500_00160.jpg,datasets_cloudmask/dataset_cropped/09_Metas/11/15/20190911151500_00160.png,271.6,8.7,265.3,21.6,960
9/11/2019 15:16,datasets/dataset_cropped/09_Metas/11/15/20190911151600_00160.jpg,datasets_flow/dataset_cropped/09_Metas/11/15/20190911151600_00160.jpg,datasets_cloudmask/dataset_cropped/09_Metas/11/15/20190911151600_00160.png,228.6,7,222.7,21.6,960
9/11/2019 15:17,datasets/dataset_cropped/09_Metas/11/15/20190911151700_00160.jpg,datasets_flow/dataset_cropped/09_Metas/11/15/20190911151700_00160.jpg,datasets_cloudmask/dataset_cropped/09_Metas/11/15/20190911151700_00160.png,184.7,0.8,183,21.6,960
9/11/2019 15:18,datasets/dataset_cropped/09_Metas/11/15/20190911151800_00160.jpg,datasets_flow/dataset_cropped/09_Metas/11/15/20190911151800_00160.jpg,datasets_cloudmask/dataset_cropped/09_Metas/11/15/20190911151800_00160.png,165.2,0.4,163.6,21.8,960
9/11/2019 15:19,datasets/dataset_cropped/09_Metas/11/15/20190911151900_00160.jpg,datasets_flow/dataset_cropped/09_Metas/11/15/20190911151900_00160.jpg,datasets_cloudmask/dataset_cropped/09_Metas/11/15/20190911151900_00160.png,163.2,0.6,162,21.8,960
9/11/2019 15:20,datasets/dataset_cropped/09_Metas/11/15/20190911152000_00160.jpg,datasets_flow/dataset_cropped/09_Metas/11/15/20190911152000_00160.jpg,datasets_cloudmask/dataset_cropped/09_Metas/11/15/20190911152000_00160.png,167.7,0.3,166.5,21.6,960
9/11/2019 15:21,datasets/dataset_cropped/09_Metas/11/15/20190911152100_00160.jpg,datasets_flow/dataset_cropped/09_Metas/11/15/20190911152100_00160.jpg,datasets_cloudmask/dataset_cropped/09_Metas/11/15/20190911152100_00160.png,168.4,0.3,166.9,21.4,960
9/11/2019 15:22,datasets/dataset_cropped/09_Metas/11/15/20190911152200_00160.jpg,datasets_flow/dataset_cropped/09_Metas/11/15/20190911152200_00160.jpg,datasets_cloudmask/dataset_cropped/09_Metas/11/15/20190911152200_00160.png,157.6,0,155.9,21.5,960
9/11/2019 15:23,datasets/dataset_cropped/09_Metas/11/15/20190911152300_00160.jpg,datasets_flow/dataset_cropped/09_Metas/11/15/20190911152300_00160.jpg,datasets_cloudmask/dataset_cropped/09_Metas/11/15/20190911152300_00160.png,138.8,0,137.5,21.5,960
9/11/2019 15:24,datasets/dataset_cropped/09_Metas/11/15/20190911152400_00160.jpg,datasets_flow/dataset_cropped/09_Metas/11/15/20190911152400_00160.jpg,datasets_cloudmask/dataset_cropped/09_Metas/11/15/20190911152400_00160.png,118.2,0,117.2,21.6,960
9/11/2019 15:25,datasets/dataset_cropped/09_Metas/11/15/20190911152500_00160.jpg,datasets_flow/dataset_cropped/09_Metas/11/15/20190911152500_00160.jpg,datasets_cloudmask/dataset_cropped/09_Metas/11/15/20190911152500_00160.png,101.6,0,100.8,21.6,960
9/11/2019 15:26,datasets/dataset_cropped/09_Metas/11/15/20190911152600_00160.jpg,datasets_flow/dataset_cropped/09_Metas/11/15/20190911152600_00160.jpg,datasets_cloudmask/dataset_cropped/09_Metas/11/15/20190911152600_00160.png,91.3,0,90.6,21.6,960
9/11/2019 15:27,datasets/dataset_cropped/09_Metas/11/15/20190911152700_00160.jpg,datasets_flow/dataset_cropped/09_Metas/11/15/20190911152700_00160.jpg,datasets_cloudmask/dataset_cropped/09_Metas/11/15/20190911152700_00160.png,82.5,0,81.7,21.5,960
9/11/2019 15:28,datasets/dataset_cropped/09_Metas/11/15/20190911152800_00160.jpg,datasets_flow/dataset_cropped/09_Metas/11/15/20190911152800_00160.jpg,datasets_cloudmask/dataset_cropped/09_Metas/11/15/20190911152800_00160.png,72.2,0,71.6,21.5,960
9/11/2019 15:29,datasets/dataset_cropped/09_Metas/11/15/20190911152900_00160.jpg,datasets_flow/dataset_cropped/09_Metas/11/15/20190911152900_00160.jpg,datasets_cloudmask/dataset_cropped/09_Metas/11/15/20190911152900_00160.png,67.1,0,66.9,21.5,960
9/11/2019 15:30,datasets/dataset_cropped/09_Metas/11/15/20190911153000_00160.jpg,datasets_flow/dataset_cropped/09_Metas/11/15/20190911153000_00160.jpg,datasets_cloudmask/dataset_cropped/09_Metas/11/15/20190911153000_00160.png,68.4,0,68.5,21.6,961
9/11/2019 15:31,datasets/dataset_cropped/09_Metas/11/15/20190911153100_00160.jpg,datasets_flow/dataset_cropped/09_Metas/11/15/20190911153100_00160.jpg,datasets_cloudmask/dataset_cropped/09_Metas/11/15/20190911153100_00160.png,73.2,0,73.3,21.6,960
9/11/2019 15:32,datasets/dataset_cropped/09_Metas/11/15/20190911153200_00160.jpg,datasets_flow/dataset_cropped/09_Metas/11/15/20190911153200_00160.jpg,datasets_cloudmask/dataset_cropped/09_Metas/11/15/20190911153200_00160.png,79.6,0,79.7,21.5,960
9/11/2019 15:33,datasets/dataset_cropped/09_Metas/11/15/20190911153300_00160.jpg,datasets_flow/dataset_cropped/09_Metas/11/15/20190911153300_00160.jpg,datasets_cloudmask/dataset_cropped/09_Metas/11/15/20190911153300_00160.png,84.9,0,85,21.5,960
9/11/2019 15:34,datasets/dataset_cropped/09_Metas/11/15/20190911153400_00160.jpg,datasets_flow/dataset_cropped/09_Metas/11/15/20190911153400_00160.jpg,datasets_cloudmask/dataset_cropped/09_Metas/11/15/20190911153400_00160.png,87.5,0,87.5,21.4,960
9/11/2019 15:35,datasets/dataset_cropped/09_Metas/11/15/20190911153500_00160.jpg,datasets_flow/dataset_cropped/09_Metas/11/15/20190911153500_00160.jpg,datasets_cloudmask/dataset_cropped/09_Metas/11/15/20190911153500_00160.png,85.1,0,85.2,21.3,960
9/11/2019 15:36,datasets/dataset_cropped/09_Metas/11/15/20190911153600_00160.jpg,datasets_flow/dataset_cropped/09_Metas/11/15/20190911153600_00160.jpg,datasets_cloudmask/dataset_cropped/09_Metas/11/15/20190911153600_00160.png,80.1,0,80,21.3,961
9/11/2019 15:37,datasets/dataset_cropped/09_Metas/11/15/20190911153700_00160.jpg,datasets_flow/dataset_cropped/09_Metas/11/15/20190911153700_00160.jpg,datasets_cloudmask/dataset_cropped/09_Metas/11/15/20190911153700_00160.png,77,0,76.8,21.2,961
9/11/2019 15:38,datasets/dataset_cropped/09_Metas/11/15/20190911153800_00160.jpg,datasets_flow/dataset_cropped/09_Metas/11/15/20190911153800_00160.jpg,datasets_cloudmask/dataset_cropped/09_Metas/11/15/20190911153800_00160.png,78.7,0,78.5,21.1,960
9/11/2019 15:39,datasets/dataset_cropped/09_Metas/11/15/20190911153900_00160.jpg,datasets_flow/dataset_cropped/09_Metas/11/15/20190911153900_00160.jpg,datasets_cloudmask/dataset_cropped/09_Metas/11/15/20190911153900_00160.png,83.1,0,82.8,21.2,960
9/11/2019 15:40,datasets/dataset_cropped/09_Metas/11/15/20190911154000_00160.jpg,datasets_flow/dataset_cropped/09_Metas/11/15/20190911154000_00160.jpg,datasets_cloudmask/dataset_cropped/09_Metas/11/15/20190911154000_00160.png,85.7,0,85.5,21.2,960
9/11/2019 15:41,datasets/dataset_cropped/09_Metas/11/15/20190911154100_00160.jpg,datasets_flow/dataset_cropped/09_Metas/11/15/20190911154100_00160.jpg,datasets_cloudmask/dataset_cropped/09_Metas/11/15/20190911154100_00160.png,88.9,0,88.9,21.1,960
9/11/2019 15:42,datasets/dataset_cropped/09_Metas/11/15/20190911154200_00160.jpg,datasets_flow/dataset_cropped/09_Metas/11/15/20190911154200_00160.jpg,datasets_cloudmask/dataset_cropped/09_Metas/11/15/20190911154200_00160.png,100,0,100.2,21,960
9/11/2019 15:43,datasets/dataset_cropped/09_Metas/11/15/20190911154300_00160.jpg,datasets_flow/dataset_cropped/09_Metas/11/15/20190911154300_00160.jpg,datasets_cloudmask/dataset_cropped/09_Metas/11/15/20190911154300_00160.png,114.6,0,114.8,20.9,961
9/11/2019 15:44,datasets/dataset_cropped/09_Metas/11/15/20190911154400_00160.jpg,datasets_flow/dataset_cropped/09_Metas/11/15/20190911154400_00160.jpg,datasets_cloudmask/dataset_cropped/09_Metas/11/15/20190911154400_00160.png,116.6,0,116.7,20.9,960
9/11/2019 15:45,datasets/dataset_cropped/09_Metas/11/15/20190911154500_00160.jpg,datasets_flow/dataset_cropped/09_Metas/11/15/20190911154500_00160.jpg,datasets_cloudmask/dataset_cropped/09_Metas/11/15/20190911154500_00160.png,114,0,114,20.9,961
9/11/2019 15:46,datasets/dataset_cropped/09_Metas/11/15/20190911154600_00160.jpg,datasets_flow/dataset_cropped/09_Metas/11/15/20190911154600_00160.jpg,datasets_cloudmask/dataset_cropped/09_Metas/11/15/20190911154600_00160.png,114.9,0,114.6,20.8,961
9/11/2019 15:47,datasets/dataset_cropped/09_Metas/11/15/20190911154700_00160.jpg,datasets_flow/dataset_cropped/09_Metas/11/15/20190911154700_00160.jpg,datasets_cloudmask/dataset_cropped/09_Metas/11/15/20190911154700_00160.png,118.2,0,117.8,20.8,961
9/11/2019 15:48,datasets/dataset_cropped/09_Metas/11/15/20190911154800_00160.jpg,datasets_flow/dataset_cropped/09_Metas/11/15/20190911154800_00160.jpg,datasets_cloudmask/dataset_cropped/09_Metas/11/15/20190911154800_00160.png,125.2,0,124.8,20.8,961
9/11/2019 15:49,datasets/dataset_cropped/09_Metas/11/15/20190911154900_00160.jpg,datasets_flow/dataset_cropped/09_Metas/11/15/20190911154900_00160.jpg,datasets_cloudmask/dataset_cropped/09_Metas/11/15/20190911154900_00160.png,137.9,0,137.8,20.8,961
9/11/2019 15:50,datasets/dataset_cropped/09_Metas/11/15/20190911155000_00160.jpg,datasets_flow/dataset_cropped/09_Metas/11/15/20190911155000_00160.jpg,datasets_cloudmask/dataset_cropped/09_Metas/11/15/20190911155000_00160.png,149.9,0,150.1,20.8,960
9/11/2019 15:51,datasets/dataset_cropped/09_Metas/11/15/20190911155100_00160.jpg,datasets_flow/dataset_cropped/09_Metas/11/15/20190911155100_00160.jpg,datasets_cloudmask/dataset_cropped/09_Metas/11/15/20190911155100_00160.png,155.6,0.2,156,20.8,960
9/11/2019 15:52,datasets/dataset_cropped/09_Metas/11/15/20190911155200_00160.jpg,datasets_flow/dataset_cropped/09_Metas/11/15/20190911155200_00160.jpg,datasets_cloudmask/dataset_cropped/09_Metas/11/15/20190911155200_00160.png,149.1,0.4,149.4,20.8,961
9/11/2019 15:53,datasets/dataset_cropped/09_Metas/11/15/20190911155300_00160.jpg,datasets_flow/dataset_cropped/09_Metas/11/15/20190911155300_00160.jpg,datasets_cloudmask/dataset_cropped/09_Metas/11/15/20190911155300_00160.png,132.1,0.6,132.5,20.8,961
9/11/2019 15:54,datasets/dataset_cropped/09_Metas/11/15/20190911155400_00160.jpg,datasets_flow/dataset_cropped/09_Metas/11/15/20190911155400_00160.jpg,datasets_cloudmask/dataset_cropped/09_Metas/11/15/20190911155400_00160.png,118,0.8,118.4,20.9,961
9/11/2019 15:55,datasets/dataset_cropped/09_Metas/11/15/20190911155500_00160.jpg,datasets_flow/dataset_cropped/09_Metas/11/15/20190911155500_00160.jpg,datasets_cloudmask/dataset_cropped/09_Metas/11/15/20190911155500_00160.png,109.6,0.9,110.1,20.9,961
9/11/2019 15:56,datasets/dataset_cropped/09_Metas/11/15/20190911155600_00160.jpg,datasets_flow/dataset_cropped/09_Metas/11/15/20190911155600_00160.jpg,datasets_cloudmask/dataset_cropped/09_Metas/11/15/20190911155600_00160.png,104.9,0.8,105.4,20.9,961
9/11/2019 15:57,datasets/dataset_cropped/09_Metas/11/15/20190911155700_00160.jpg,datasets_flow/dataset_cropped/09_Metas/11/15/20190911155700_00160.jpg,datasets_cloudmask/dataset_cropped/09_Metas/11/15/20190911155700_00160.png,98.4,0.7,98.9,20.9,961
9/11/2019 15:58,datasets/dataset_cropped/09_Metas/11/15/20190911155800_00160.jpg,datasets_flow/dataset_cropped/09_Metas/11/15/20190911155800_00160.jpg,datasets_cloudmask/dataset_cropped/09_Metas/11/15/20190911155800_00160.png,86.8,0.7,87.3,20.9,961
9/11/2019 15:59,datasets/dataset_cropped/09_Metas/11/15/20190911155900_00160.jpg,datasets_flow/dataset_cropped/09_Metas/11/15/20190911155900_00160.jpg,datasets_cloudmask/dataset_cropped/09_Metas/11/15/20190911155900_00160.png,74,0.6,74.3,20.8,961
9/11/2019 16:00,datasets/dataset_cropped/09_Metas/11/16/20190911160000_00160.jpg,datasets_flow/dataset_cropped/09_Metas/11/16/20190911160000_00160.jpg,datasets_cloudmask/dataset_cropped/09_Metas/11/16/20190911160000_00160.png,67.9,0.6,68,20.8,961
9/11/2019 16:01,datasets/dataset_cropped/09_Metas/11/16/20190911160100_00160.jpg,datasets_flow/dataset_cropped/09_Metas/11/16/20190911160100_00160.jpg,datasets_cloudmask/dataset_cropped/09_Metas/11/16/20190911160100_00160.png,72.5,0.4,72.7,20.8,961
9/11/2019 16:02,datasets/dataset_cropped/09_Metas/11/16/20190911160200_00160.jpg,datasets_flow/dataset_cropped/09_Metas/11/16/20190911160200_00160.jpg,datasets_cloudmask/dataset_cropped/09_Metas/11/16/20190911160200_00160.png,81.7,0.2,82.2,20.8,961
9/11/2019 16:03,datasets/dataset_cropped/09_Metas/11/16/20190911160300_00160.jpg,datasets_flow/dataset_cropped/09_Metas/11/16/20190911160300_00160.jpg,datasets_cloudmask/dataset_cropped/09_Metas/11/16/20190911160300_00160.png,92.4,0,92.9,20.7,961
9/11/2019 16:04,datasets/dataset_cropped/09_Metas/11/16/20190911160400_00160.jpg,datasets_flow/dataset_cropped/09_Metas/11/16/20190911160400_00160.jpg,datasets_cloudmask/dataset_cropped/09_Metas/11/16/20190911160400_00160.png,106.8,0,107.1,20.6,961
9/11/2019 16:05,datasets/dataset_cropped/09_Metas/11/16/20190911160500_00160.jpg,datasets_flow/dataset_cropped/09_Metas/11/16/20190911160500_00160.jpg,datasets_cloudmask/dataset_cropped/09_Metas/11/16/20190911160500_00160.png,134.6,0,134.8,20.6,961
9/11/2019 16:06,datasets/dataset_cropped/09_Metas/11/16/20190911160600_00160.jpg,datasets_flow/dataset_cropped/09_Metas/11/16/20190911160600_00160.jpg,datasets_cloudmask/dataset_cropped/09_Metas/11/16/20190911160600_00160.png,185.4,0,185.8,20.6,961
9/11/2019 16:07,datasets/dataset_cropped/09_Metas/11/16/20190911160700_00160.jpg,datasets_flow/dataset_cropped/09_Metas/11/16/20190911160700_00160.jpg,datasets_cloudmask/dataset_cropped/09_Metas/11/16/20190911160700_00160.png,228.5,0.1,229,20.7,961
9/11/2019 16:08,datasets/dataset_cropped/09_Metas/11/16/20190911160800_00160.jpg,datasets_flow/dataset_cropped/09_Metas/11/16/20190911160800_00160.jpg,datasets_cloudmask/dataset_cropped/09_Metas/11/16/20190911160800_00160.png,268.2,1,268.4,20.8,961
9/11/2019 16:09,datasets/dataset_cropped/09_Metas/11/16/20190911160900_00160.jpg,datasets_flow/dataset_cropped/09_Metas/11/16/20190911160900_00160.jpg,datasets_cloudmask/dataset_cropped/09_Metas/11/16/20190911160900_00160.png,309.8,6.4,306.3,20.9,961
9/11/2019 16:10,datasets/dataset_cropped/09_Metas/11/16/20190911161000_00160.jpg,datasets_flow/dataset_cropped/09_Metas/11/16/20190911161000_00160.jpg,datasets_cloudmask/dataset_cropped/09_Metas/11/16/20190911161000_00160.png,561.9,394.2,319.4,21.1,961
9/11/2019 16:11,datasets/dataset_cropped/09_Metas/11/16/20190911161100_00160.jpg,datasets_flow/dataset_cropped/09_Metas/11/16/20190911161100_00160.jpg,datasets_cloudmask/dataset_cropped/09_Metas/11/16/20190911161100_00160.png,581.6,444.6,310.8,21.3,961
9/11/2019 16:12,datasets/dataset_cropped/09_Metas/11/16/20190911161200_00160.jpg,datasets_flow/dataset_cropped/09_Metas/11/16/20190911161200_00160.jpg,datasets_cloudmask/dataset_cropped/09_Metas/11/16/20190911161200_00160.png,687.6,646.1,293.9,21.4,961
9/11/2019 16:13,datasets/dataset_cropped/09_Metas/11/16/20190911161300_00160.jpg,datasets_flow/dataset_cropped/09_Metas/11/16/20190911161300_00160.jpg,datasets_cloudmask/dataset_cropped/09_Metas/11/16/20190911161300_00160.png,705.1,746.1,255.6,21.5,961
9/11/2019 16:14,datasets/dataset_cropped/09_Metas/11/16/20190911161400_00160.jpg,datasets_flow/dataset_cropped/09_Metas/11/16/20190911161400_00160.jpg,datasets_cloudmask/dataset_cropped/09_Metas/11/16/20190911161400_00160.png,411.9,325.3,220.3,21.6,961
9/11/2019 16:15,datasets/dataset_cropped/09_Metas/11/16/20190911161500_00160.jpg,datasets_flow/dataset_cropped/09_Metas/11/16/20190911161500_00160.jpg,datasets_cloudmask/dataset_cropped/09_Metas/11/16/20190911161500_00160.png,203.4,6.1,201.2,21.7,961
9/11/2019 16:16,datasets/dataset_cropped/09_Metas/11/16/20190911161600_00160.jpg,datasets_flow/dataset_cropped/09_Metas/11/16/20190911161600_00160.jpg,datasets_cloudmask/dataset_cropped/09_Metas/11/16/20190911161600_00160.png,204.2,3.5,202.8,21.6,961
9/11/2019 16:17,datasets/dataset_cropped/09_Metas/11/16/20190911161700_00160.jpg,datasets_flow/dataset_cropped/09_Metas/11/16/20190911161700_00160.jpg,datasets_cloudmask/dataset_cropped/09_Metas/11/16/20190911161700_00160.png,215.9,3.4,214.3,21.3,961
9/11/2019 16:18,datasets/dataset_cropped/09_Metas/11/16/20190911161800_00160.jpg,datasets_flow/dataset_cropped/09_Metas/11/16/20190911161800_00160.jpg,datasets_cloudmask/dataset_cropped/09_Metas/11/16/20190911161800_00160.png,224.5,0.7,224.4,21.3,961
9/11/2019 16:19,datasets/dataset_cropped/09_Metas/11/16/20190911161900_00160.jpg,datasets_flow/dataset_cropped/09_Metas/11/16/20190911161900_00160.jpg,datasets_cloudmask/dataset_cropped/09_Metas/11/16/20190911161900_00160.png,241.8,18.4,231.1,21.2,961
9/11/2019 16:20,datasets/dataset_cropped/09_Metas/11/16/20190911162000_00160.jpg,datasets_flow/dataset_cropped/09_Metas/11/16/20190911162000_00160.jpg,datasets_cloudmask/dataset_cropped/09_Metas/11/16/20190911162000_00160.png,528.7,503,233.6,21.2,961
9/11/2019 16:21,datasets/dataset_cropped/09_Metas/11/16/20190911162100_00160.jpg,datasets_flow/dataset_cropped/09_Metas/11/16/20190911162100_00160.jpg,datasets_cloudmask/dataset_cropped/09_Metas/11/16/20190911162100_00160.png,648.9,719,227,21.4,961
9/11/2019 16:22,datasets/dataset_cropped/09_Metas/11/16/20190911162200_00160.jpg,datasets_flow/dataset_cropped/09_Metas/11/16/20190911162200_00160.jpg,datasets_cloudmask/dataset_cropped/09_Metas/11/16/20190911162200_00160.png,349.1,227.6,218.2,21.7,961
9/11/2019 16:23,datasets/dataset_cropped/09_Metas/11/16/20190911162300_00160.jpg,datasets_flow/dataset_cropped/09_Metas/11/16/20190911162300_00160.jpg,datasets_cloudmask/dataset_cropped/09_Metas/11/16/20190911162300_00160.png,209.4,0.5,209.7,21.7,961
9/11/2019 16:24,datasets/dataset_cropped/09_Metas/11/16/20190911162400_00160.jpg,datasets_flow/dataset_cropped/09_Metas/11/16/20190911162400_00160.jpg,datasets_cloudmask/dataset_cropped/09_Metas/11/16/20190911162400_00160.png,208,0.4,208.2,21.4,961
9/11/2019 16:25,datasets/dataset_cropped/09_Metas/11/16/20190911162500_00160.jpg,datasets_flow/dataset_cropped/09_Metas/11/16/20190911162500_00160.jpg,datasets_cloudmask/dataset_cropped/09_Metas/11/16/20190911162500_00160.png,209.9,0.1,210.3,21.3,961
9/11/2019 16:26,datasets/dataset_cropped/09_Metas/11/16/20190911162600_00160.jpg,datasets_flow/dataset_cropped/09_Metas/11/16/20190911162600_00160.jpg,datasets_cloudmask/dataset_cropped/09_Metas/11/16/20190911162600_00160.png,210.6,0,211,21.2,961
9/11/2019 16:27,datasets/dataset_cropped/09_Metas/11/16/20190911162700_00160.jpg,datasets_flow/dataset_cropped/09_Metas/11/16/20190911162700_00160.jpg,datasets_cloudmask/dataset_cropped/09_Metas/11/16/20190911162700_00160.png,207.9,0.2,207.9,21,961
9/11/2019 16:28,datasets/dataset_cropped/09_Metas/11/16/20190911162800_00160.jpg,datasets_flow/dataset_cropped/09_Metas/11/16/20190911162800_00160.jpg,datasets_cloudmask/dataset_cropped/09_Metas/11/16/20190911162800_00160.png,193.3,0,193.3,21,961
9/11/2019 16:29,datasets/dataset_cropped/09_Metas/11/16/20190911162900_00160.jpg,datasets_flow/dataset_cropped/09_Metas/11/16/20190911162900_00160.jpg,datasets_cloudmask/dataset_cropped/09_Metas/11/16/20190911162900_00160.png,185.1,0,185.1,21.1,961
9/11/2019 16:30,datasets/dataset_cropped/09_Metas/11/16/20190911163000_00160.jpg,datasets_flow/dataset_cropped/09_Metas/11/16/20190911163000_00160.jpg,datasets_cloudmask/dataset_cropped/09_Metas/11/16/20190911163000_00160.png,185.2,0,185.3,21.1,961
9/11/2019 16:31,datasets/dataset_cropped/09_Metas/11/16/20190911163100_00160.jpg,datasets_flow/dataset_cropped/09_Metas/11/16/20190911163100_00160.jpg,datasets_cloudmask/dataset_cropped/09_Metas/11/16/20190911163100_00160.png,180.7,0,180.7,20.9,961
9/11/2019 16:32,datasets/dataset_cropped/09_Metas/11/16/20190911163200_00160.jpg,datasets_flow/dataset_cropped/09_Metas/11/16/20190911163200_00160.jpg,datasets_cloudmask/dataset_cropped/09_Metas/11/16/20190911163200_00160.png,185.7,13,177.9,20.9,961
9/11/2019 16:33,datasets/dataset_cropped/09_Metas/11/16/20190911163300_00160.jpg,datasets_flow/dataset_cropped/09_Metas/11/16/20190911163300_00160.jpg,datasets_cloudmask/dataset_cropped/09_Metas/11/16/20190911163300_00160.png,179.2,4.9,175.8,21,961
9/11/2019 16:34,datasets/dataset_cropped/09_Metas/11/16/20190911163400_00160.jpg,datasets_flow/dataset_cropped/09_Metas/11/16/20190911163400_00160.jpg,datasets_cloudmask/dataset_cropped/09_Metas/11/16/20190911163400_00160.png,176.1,8.9,170.9,21.1,961
9/11/2019 16:35,datasets/dataset_cropped/09_Metas/11/16/20190911163500_00160.jpg,datasets_flow/dataset_cropped/09_Metas/11/16/20190911163500_00160.jpg,datasets_cloudmask/dataset_cropped/09_Metas/11/16/20190911163500_00160.png,175.1,0.6,174.7,21.1,961
9/11/2019 16:36,datasets/dataset_cropped/09_Metas/11/16/20190911163600_00160.jpg,datasets_flow/dataset_cropped/09_Metas/11/16/20190911163600_00160.jpg,datasets_cloudmask/dataset_cropped/09_Metas/11/16/20190911163600_00160.png,399,399.5,181.2,21,961
9/11/2019 16:37,datasets/dataset_cropped/09_Metas/11/16/20190911163700_00160.jpg,datasets_flow/dataset_cropped/09_Metas/11/16/20190911163700_00160.jpg,datasets_cloudmask/dataset_cropped/09_Metas/11/16/20190911163700_00160.png,344.2,316.1,171.9,21.1,961
9/11/2019 16:38,datasets/dataset_cropped/09_Metas/11/16/20190911163800_00160.jpg,datasets_flow/dataset_cropped/09_Metas/11/16/20190911163800_00160.jpg,datasets_cloudmask/dataset_cropped/09_Metas/11/16/20190911163800_00160.png,156.6,17.6,148,21.1,961
9/11/2019 16:39,datasets/dataset_cropped/09_Metas/11/16/20190911163900_00160.jpg,datasets_flow/dataset_cropped/09_Metas/11/16/20190911163900_00160.jpg,datasets_cloudmask/dataset_cropped/09_Metas/11/16/20190911163900_00160.png,131.9,0.2,132,20.9,961
9/11/2019 16:40,datasets/dataset_cropped/09_Metas/11/16/20190911164000_00160.jpg,datasets_flow/dataset_cropped/09_Metas/11/16/20190911164000_00160.jpg,datasets_cloudmask/dataset_cropped/09_Metas/11/16/20190911164000_00160.png,128.7,0,128.9,21,961
9/11/2019 16:41,datasets/dataset_cropped/09_Metas/11/16/20190911164100_00160.jpg,datasets_flow/dataset_cropped/09_Metas/11/16/20190911164100_00160.jpg,datasets_cloudmask/dataset_cropped/09_Metas/11/16/20190911164100_00160.png,125.9,0,126.2,20.9,961
9/11/2019 16:42,datasets/dataset_cropped/09_Metas/11/16/20190911164200_00160.jpg,datasets_flow/dataset_cropped/09_Metas/11/16/20190911164200_00160.jpg,datasets_cloudmask/dataset_cropped/09_Metas/11/16/20190911164200_00160.png,117.7,0,117.9,20.9,961
9/11/2019 16:43,datasets/dataset_cropped/09_Metas/11/16/20190911164300_00160.jpg,datasets_flow/dataset_cropped/09_Metas/11/16/20190911164300_00160.jpg,datasets_cloudmask/dataset_cropped/09_Metas/11/16/20190911164300_00160.png,112.7,0.2,112.9,20.8,961
9/11/2019 16:44,datasets/dataset_cropped/09_Metas/11/16/20190911164400_00160.jpg,datasets_flow/dataset_cropped/09_Metas/11/16/20190911164400_00160.jpg,datasets_cloudmask/dataset_cropped/09_Metas/11/16/20190911164400_00160.png,116.6,0.2,116.9,20.7,961
9/11/2019 16:45,datasets/dataset_cropped/09_Metas/11/16/20190911164500_00160.jpg,datasets_flow/dataset_cropped/09_Metas/11/16/20190911164500_00160.jpg,datasets_cloudmask/dataset_cropped/09_Metas/11/16/20190911164500_00160.png,125.9,0,126.1,20.5,961
9/11/2019 16:46,datasets/dataset_cropped/09_Metas/11/16/20190911164600_00160.jpg,datasets_flow/dataset_cropped/09_Metas/11/16/20190911164600_00160.jpg,datasets_cloudmask/dataset_cropped/09_Metas/11/16/20190911164600_00160.png,134.3,0,134.7,20.4,961
9/11/2019 16:47,datasets/dataset_cropped/09_Metas/11/16/20190911164700_00160.jpg,datasets_flow/dataset_cropped/09_Metas/11/16/20190911164700_00160.jpg,datasets_cloudmask/dataset_cropped/09_Metas/11/16/20190911164700_00160.png,140.2,0,140.4,20.3,961
9/11/2019 16:48,datasets/dataset_cropped/09_Metas/11/16/20190911164800_00160.jpg,datasets_flow/dataset_cropped/09_Metas/11/16/20190911164800_00160.jpg,datasets_cloudmask/dataset_cropped/09_Metas/11/16/20190911164800_00160.png,152.6,0,152.6,20.2,961
9/11/2019 16:49,datasets/dataset_cropped/09_Metas/11/16/20190911164900_00160.jpg,datasets_flow/dataset_cropped/09_Metas/11/16/20190911164900_00160.jpg,datasets_cloudmask/dataset_cropped/09_Metas/11/16/20190911164900_00160.png,163.9,0,163.8,20.2,961
9/11/2019 16:50,datasets/dataset_cropped/09_Metas/11/16/20190911165000_00160.jpg,datasets_flow/dataset_cropped/09_Metas/11/16/20190911165000_00160.jpg,datasets_cloudmask/dataset_cropped/09_Metas/11/16/20190911165000_00160.png,163.9,0,163.9,20.4,961
9/11/2019 16:51,datasets/dataset_cropped/09_Metas/11/16/20190911165100_00160.jpg,datasets_flow/dataset_cropped/09_Metas/11/16/20190911165100_00160.jpg,datasets_cloudmask/dataset_cropped/09_Metas/11/16/20190911165100_00160.png,169.3,2.1,168.1,20.5,961
9/11/2019 16:52,datasets/dataset_cropped/09_Metas/11/16/20190911165200_00160.jpg,datasets_flow/dataset_cropped/09_Metas/11/16/20190911165200_00160.jpg,datasets_cloudmask/dataset_cropped/09_Metas/11/16/20190911165200_00160.png,186.7,42.9,165.7,20.6,961
9/11/2019 16:53,datasets/dataset_cropped/09_Metas/11/16/20190911165300_00160.jpg,datasets_flow/dataset_cropped/09_Metas/11/16/20190911165300_00160.jpg,datasets_cloudmask/dataset_cropped/09_Metas/11/16/20190911165300_00160.png,247.2,181,158,20.6,961
9/11/2019 16:54,datasets/dataset_cropped/09_Metas/11/16/20190911165400_00160.jpg,datasets_flow/dataset_cropped/09_Metas/11/16/20190911165400_00160.jpg,datasets_cloudmask/dataset_cropped/09_Metas/11/16/20190911165400_00160.png,354.8,422.9,148.7,20.7,961
9/11/2019 16:55,datasets/dataset_cropped/09_Metas/11/16/20190911165500_00160.jpg,datasets_flow/dataset_cropped/09_Metas/11/16/20190911165500_00160.jpg,datasets_cloudmask/dataset_cropped/09_Metas/11/16/20190911165500_00160.png,138.7,21,129,20.7,961
9/11/2019 16:56,datasets/dataset_cropped/09_Metas/11/16/20190911165600_00160.jpg,datasets_flow/dataset_cropped/09_Metas/11/16/20190911165600_00160.jpg,datasets_cloudmask/dataset_cropped/09_Metas/11/16/20190911165600_00160.png,159.2,73.2,123.8,20.7,961
9/11/2019 16:57,datasets/dataset_cropped/09_Metas/11/16/20190911165700_00160.jpg,datasets_flow/dataset_cropped/09_Metas/11/16/20190911165700_00160.jpg,datasets_cloudmask/dataset_cropped/09_Metas/11/16/20190911165700_00160.png,134.8,24,123.1,20.6,961
9/11/2019 16:58,datasets/dataset_cropped/09_Metas/11/16/20190911165800_00160.jpg,datasets_flow/dataset_cropped/09_Metas/11/16/20190911165800_00160.jpg,datasets_cloudmask/dataset_cropped/09_Metas/11/16/20190911165800_00160.png,194.2,153.4,119.7,20.6,961
9/11/2019 16:59,datasets/dataset_cropped/09_Metas/11/16/20190911165900_00160.jpg,datasets_flow/dataset_cropped/09_Metas/11/16/20190911165900_00160.jpg,datasets_cloudmask/dataset_cropped/09_Metas/11/16/20190911165900_00160.png,125.6,10.8,120.9,20.7,961
9/11/2019 17:00,datasets/dataset_cropped/09_Metas/11/17/20190911170000_00160.jpg,datasets_flow/dataset_cropped/09_Metas/11/17/20190911170000_00160.jpg,datasets_cloudmask/dataset_cropped/09_Metas/11/17/20190911170000_00160.png,209.4,178.6,124.4,20.7,961
9/11/2019 17:01,datasets/dataset_cropped/09_Metas/11/17/20190911170100_00160.jpg,datasets_flow/dataset_cropped/09_Metas/11/17/20190911170100_00160.jpg,datasets_cloudmask/dataset_cropped/09_Metas/11/17/20190911170100_00160.png,469.3,741.8,121.7,20.7,961
9/11/2019 17:02,datasets/dataset_cropped/09_Metas/11/17/20190911170200_00160.jpg,datasets_flow/dataset_cropped/09_Metas/11/17/20190911170200_00160.jpg,datasets_cloudmask/dataset_cropped/09_Metas/11/17/20190911170200_00160.png,461,739.9,116.6,20.8,961
9/11/2019 17:03,datasets/dataset_cropped/09_Metas/11/17/20190911170300_00160.jpg,datasets_flow/dataset_cropped/09_Metas/11/17/20190911170300_00160.jpg,datasets_cloudmask/dataset_cropped/09_Metas/11/17/20190911170300_00160.png,454.9,738,113.8,21,961
9/11/2019 17:04,datasets/dataset_cropped/09_Metas/11/17/20190911170400_00160.jpg,datasets_flow/dataset_cropped/09_Metas/11/17/20190911170400_00160.jpg,datasets_cloudmask/dataset_cropped/09_Metas/11/17/20190911170400_00160.png,450.5,737.5,112.1,21.1,961
9/11/2019 17:05,datasets/dataset_cropped/09_Metas/11/17/20190911170500_00160.jpg,datasets_flow/dataset_cropped/09_Metas/11/17/20190911170500_00160.jpg,datasets_cloudmask/dataset_cropped/09_Metas/11/17/20190911170500_00160.png,444.6,731,111.5,21.2,961
9/11/2019 17:06,datasets/dataset_cropped/09_Metas/11/17/20190911170600_00160.jpg,datasets_flow/dataset_cropped/09_Metas/11/17/20190911170600_00160.jpg,datasets_cloudmask/dataset_cropped/09_Metas/11/17/20190911170600_00160.png,441.3,728.5,111.6,21.2,961
9/11/2019 17:07,datasets/dataset_cropped/09_Metas/11/17/20190911170700_00160.jpg,datasets_flow/dataset_cropped/09_Metas/11/17/20190911170700_00160.jpg,datasets_cloudmask/dataset_cropped/09_Metas/11/17/20190911170700_00160.png,442.9,729.8,115,21.4,961
9/11/2019 17:08,datasets/dataset_cropped/09_Metas/11/17/20190911170800_00160.jpg,datasets_flow/dataset_cropped/09_Metas/11/17/20190911170800_00160.jpg,datasets_cloudmask/dataset_cropped/09_Metas/11/17/20190911170800_00160.png,443,731.1,116.9,21.5,961
9/11/2019 17:09,datasets/dataset_cropped/09_Metas/11/17/20190911170900_00160.jpg,datasets_flow/dataset_cropped/09_Metas/11/17/20190911170900_00160.jpg,datasets_cloudmask/dataset_cropped/09_Metas/11/17/20190911170900_00160.png,439,726.8,116.6,21.4,961
9/11/2019 17:10,datasets/dataset_cropped/09_Metas/11/17/20190911171000_00160.jpg,datasets_flow/dataset_cropped/09_Metas/11/17/20190911171000_00160.jpg,datasets_cloudmask/dataset_cropped/09_Metas/11/17/20190911171000_00160.png,436.7,724.9,117.2,21.4,961
9/11/2019 17:11,datasets/dataset_cropped/09_Metas/11/17/20190911171100_00160.jpg,datasets_flow/dataset_cropped/09_Metas/11/17/20190911171100_00160.jpg,datasets_cloudmask/dataset_cropped/09_Metas/11/17/20190911171100_00160.png,437.6,725.2,120.2,21.5,961
9/11/2019 17:12,datasets/dataset_cropped/09_Metas/11/17/20190911171200_00160.jpg,datasets_flow/dataset_cropped/09_Metas/11/17/20190911171200_00160.jpg,datasets_cloudmask/dataset_cropped/09_Metas/11/17/20190911171200_00160.png,438.8,724.8,123.8,21.5,961
9/11/2019 17:13,datasets/dataset_cropped/09_Metas/11/17/20190911171300_00160.jpg,datasets_flow/dataset_cropped/09_Metas/11/17/20190911171300_00160.jpg,datasets_cloudmask/dataset_cropped/09_Metas/11/17/20190911171300_00160.png,436.2,722.6,124.5,21.6,961
9/11/2019 17:14,datasets/dataset_cropped/09_Metas/11/17/20190911171400_00160.jpg,datasets_flow/dataset_cropped/09_Metas/11/17/20190911171400_00160.jpg,datasets_cloudmask/dataset_cropped/09_Metas/11/17/20190911171400_00160.png,432,720.1,123.4,21.6,961
9/11/2019 17:15,datasets/dataset_cropped/09_Metas/11/17/20190911171500_00160.jpg,datasets_flow/dataset_cropped/09_Metas/11/17/20190911171500_00160.jpg,datasets_cloudmask/dataset_cropped/09_Metas/11/17/20190911171500_00160.png,427.2,718.4,121.5,21.6,961
9/11/2019 17:16,datasets/dataset_cropped/09_Metas/11/17/20190911171600_00160.jpg,datasets_flow/dataset_cropped/09_Metas/11/17/20190911171600_00160.jpg,datasets_cloudmask/dataset_cropped/09_Metas/11/17/20190911171600_00160.png,422.5,717,119.4,21.8,961
9/11/2019 17:17,datasets/dataset_cropped/09_Metas/11/17/20190911171700_00160.jpg,datasets_flow/dataset_cropped/09_Metas/11/17/20190911171700_00160.jpg,datasets_cloudmask/dataset_cropped/09_Metas/11/17/20190911171700_00160.png,418,715.9,117.6,21.7,961
9/11/2019 17:18,datasets/dataset_cropped/09_Metas/11/17/20190911171800_00160.jpg,datasets_flow/dataset_cropped/09_Metas/11/17/20190911171800_00160.jpg,datasets_cloudmask/dataset_cropped/09_Metas/11/17/20190911171800_00160.png,413,713.6,115.8,21.6,961
9/11/2019 17:19,datasets/dataset_cropped/09_Metas/11/17/20190911171900_00160.jpg,datasets_flow/dataset_cropped/09_Metas/11/17/20190911171900_00160.jpg,datasets_cloudmask/dataset_cropped/09_Metas/11/17/20190911171900_00160.png,410,711.2,116,21.6,961
9/11/2019 17:20,datasets/dataset_cropped/09_Metas/11/17/20190911172000_00160.jpg,datasets_flow/dataset_cropped/09_Metas/11/17/20190911172000_00160.jpg,datasets_cloudmask/dataset_cropped/09_Metas/11/17/20190911172000_00160.png,409.5,711.6,117.5,21.5,961
9/11/2019 17:21,datasets/dataset_cropped/09_Metas/11/17/20190911172100_00160.jpg,datasets_flow/dataset_cropped/09_Metas/11/17/20190911172100_00160.jpg,datasets_cloudmask/dataset_cropped/09_Metas/11/17/20190911172100_00160.png,409.3,710.1,120.4,21.5,961
9/11/2019 17:22,datasets/dataset_cropped/09_Metas/11/17/20190911172200_00160.jpg,datasets_flow/dataset_cropped/09_Metas/11/17/20190911172200_00160.jpg,datasets_cloudmask/dataset_cropped/09_Metas/11/17/20190911172200_00160.png,412,709.4,125.7,21.5,961
9/11/2019 17:23,datasets/dataset_cropped/09_Metas/11/17/20190911172300_00160.jpg,datasets_flow/dataset_cropped/09_Metas/11/17/20190911172300_00160.jpg,datasets_cloudmask/dataset_cropped/09_Metas/11/17/20190911172300_00160.png,419.5,708,135.9,21.5,961
9/11/2019 17:24,datasets/dataset_cropped/09_Metas/11/17/20190911172400_00160.jpg,datasets_flow/dataset_cropped/09_Metas/11/17/20190911172400_00160.jpg,datasets_cloudmask/dataset_cropped/09_Metas/11/17/20190911172400_00160.png,430.1,704.5,149.9,21.7,961
9/11/2019 17:25,datasets/dataset_cropped/09_Metas/11/17/20190911172500_00160.jpg,datasets_flow/dataset_cropped/09_Metas/11/17/20190911172500_00160.jpg,datasets_cloudmask/dataset_cropped/09_Metas/11/17/20190911172500_00160.png,439,700.4,162.7,21.6,961
9/11/2019 17:26,datasets/dataset_cropped/09_Metas/11/17/20190911172600_00160.jpg,datasets_flow/dataset_cropped/09_Metas/11/17/20190911172600_00160.jpg,datasets_cloudmask/dataset_cropped/09_Metas/11/17/20190911172600_00160.png,442.3,697.4,169.7,21.6,961
9/11/2019 17:27,datasets/dataset_cropped/09_Metas/11/17/20190911172700_00160.jpg,datasets_flow/dataset_cropped/09_Metas/11/17/20190911172700_00160.jpg,datasets_cloudmask/dataset_cropped/09_Metas/11/17/20190911172700_00160.png,444.4,692.8,175.7,21.9,961
9/11/2019 17:28,datasets/dataset_cropped/09_Metas/11/17/20190911172800_00160.jpg,datasets_flow/dataset_cropped/09_Metas/11/17/20190911172800_00160.jpg,datasets_cloudmask/dataset_cropped/09_Metas/11/17/20190911172800_00160.png,445.7,688.9,180.9,22.1,961
9/11/2019 17:29,datasets/dataset_cropped/09_Metas/11/17/20190911172900_00160.jpg,datasets_flow/dataset_cropped/09_Metas/11/17/20190911172900_00160.jpg,datasets_cloudmask/dataset_cropped/09_Metas/11/17/20190911172900_00160.png,447.9,686.7,186.2,22.4,961
9/11/2019 17:30,datasets/dataset_cropped/09_Metas/11/17/20190911173000_00160.jpg,datasets_flow/dataset_cropped/09_Metas/11/17/20190911173000_00160.jpg,datasets_cloudmask/dataset_cropped/09_Metas/11/17/20190911173000_00160.png,448.8,681.7,191.2,22.2,961
9/11/2019 17:31,datasets/dataset_cropped/09_Metas/11/17/20190911173100_00160.jpg,datasets_flow/dataset_cropped/09_Metas/11/17/20190911173100_00160.jpg,datasets_cloudmask/dataset_cropped/09_Metas/11/17/20190911173100_00160.png,446.5,674.6,193.5,22.1,961
9/11/2019 17:32,datasets/dataset_cropped/09_Metas/11/17/20190911173200_00160.jpg,datasets_flow/dataset_cropped/09_Metas/11/17/20190911173200_00160.jpg,datasets_cloudmask/dataset_cropped/09_Metas/11/17/20190911173200_00160.png,439.1,670.5,189.3,22.2,961
9/11/2019 17:33,datasets/dataset_cropped/09_Metas/11/17/20190911173300_00160.jpg,datasets_flow/dataset_cropped/09_Metas/11/17/20190911173300_00160.jpg,datasets_cloudmask/dataset_cropped/09_Metas/11/17/20190911173300_00160.png,426.2,664.2,180.8,22.4,961
9/11/2019 17:34,datasets/dataset_cropped/09_Metas/11/17/20190911173400_00160.jpg,datasets_flow/dataset_cropped/09_Metas/11/17/20190911173400_00160.jpg,datasets_cloudmask/dataset_cropped/09_Metas/11/17/20190911173400_00160.png,413.5,647.5,176.4,22.4,961
9/11/2019 17:35,datasets/dataset_cropped/09_Metas/11/17/20190911173500_00160.jpg,datasets_flow/dataset_cropped/09_Metas/11/17/20190911173500_00160.jpg,datasets_cloudmask/dataset_cropped/09_Metas/11/17/20190911173500_00160.png,350.6,509.2,165.8,22.3,961
9/11/2019 17:36,datasets/dataset_cropped/09_Metas/11/17/20190911173600_00160.jpg,datasets_flow/dataset_cropped/09_Metas/11/17/20190911173600_00160.jpg,datasets_cloudmask/dataset_cropped/09_Metas/11/17/20190911173600_00160.png,167.7,82.6,137.5,22.4,961
9/11/2019 17:37,datasets/dataset_cropped/09_Metas/11/17/20190911173700_00160.jpg,datasets_flow/dataset_cropped/09_Metas/11/17/20190911173700_00160.jpg,datasets_cloudmask/dataset_cropped/09_Metas/11/17/20190911173700_00160.png,104.7,6,101.8,22.4,961
9/11/2019 17:38,datasets/dataset_cropped/09_Metas/11/17/20190911173800_00160.jpg,datasets_flow/dataset_cropped/09_Metas/11/17/20190911173800_00160.jpg,datasets_cloudmask/dataset_cropped/09_Metas/11/17/20190911173800_00160.png,84.9,0.6,83.8,22.3,961
9/11/2019 17:39,datasets/dataset_cropped/09_Metas/11/17/20190911173900_00160.jpg,datasets_flow/dataset_cropped/09_Metas/11/17/20190911173900_00160.jpg,datasets_cloudmask/dataset_cropped/09_Metas/11/17/20190911173900_00160.png,74.2,0,73.3,21.9,961
9/11/2019 17:40,datasets/dataset_cropped/09_Metas/11/17/20190911174000_00160.jpg,datasets_flow/dataset_cropped/09_Metas/11/17/20190911174000_00160.jpg,datasets_cloudmask/dataset_cropped/09_Metas/11/17/20190911174000_00160.png,65.8,0,65.2,21.4,961
9/11/2019 17:41,datasets/dataset_cropped/09_Metas/11/17/20190911174100_00160.jpg,datasets_flow/dataset_cropped/09_Metas/11/17/20190911174100_00160.jpg,datasets_cloudmask/dataset_cropped/09_Metas/11/17/20190911174100_00160.png,59.3,0,58.7,20.9,961
9/11/2019 17:42,datasets/dataset_cropped/09_Metas/11/17/20190911174200_00160.jpg,datasets_flow/dataset_cropped/09_Metas/11/17/20190911174200_00160.jpg,datasets_cloudmask/dataset_cropped/09_Metas/11/17/20190911174200_00160.png,54.3,0,53.8,20.6,961
9/11/2019 17:43,datasets/dataset_cropped/09_Metas/11/17/20190911174300_00160.jpg,datasets_flow/dataset_cropped/09_Metas/11/17/20190911174300_00160.jpg,datasets_cloudmask/dataset_cropped/09_Metas/11/17/20190911174300_00160.png,51.1,0,50.5,20.2,961
9/11/2019 17:44,datasets/dataset_cropped/09_Metas/11/17/20190911174400_00160.jpg,datasets_flow/dataset_cropped/09_Metas/11/17/20190911174400_00160.jpg,datasets_cloudmask/dataset_cropped/09_Metas/11/17/20190911174400_00160.png,49.1,0,48.3,20,961
9/11/2019 17:45,datasets/dataset_cropped/09_Metas/11/17/20190911174500_00160.jpg,datasets_flow/dataset_cropped/09_Metas/11/17/20190911174500_00160.jpg,datasets_cloudmask/dataset_cropped/09_Metas/11/17/20190911174500_00160.png,47.4,0,46.3,19.8,961
9/11/2019 17:46,datasets/dataset_cropped/09_Metas/11/17/20190911174600_00160.jpg,datasets_flow/dataset_cropped/09_Metas/11/17/20190911174600_00160.jpg,datasets_cloudmask/dataset_cropped/09_Metas/11/17/20190911174600_00160.png,45.2,0,44,19.5,961
9/11/2019 17:47,datasets/dataset_cropped/09_Metas/11/17/20190911174700_00160.jpg,datasets_flow/dataset_cropped/09_Metas/11/17/20190911174700_00160.jpg,datasets_cloudmask/dataset_cropped/09_Metas/11/17/20190911174700_00160.png,42.8,0,41.7,19.1,961
9/11/2019 17:48,datasets/dataset_cropped/09_Metas/11/17/20190911174800_00160.jpg,datasets_flow/dataset_cropped/09_Metas/11/17/20190911174800_00160.jpg,datasets_cloudmask/dataset_cropped/09_Metas/11/17/20190911174800_00160.png,39.9,0,38.6,18.5,962
9/11/2019 17:49,datasets/dataset_cropped/09_Metas/11/17/20190911174900_00160.jpg,datasets_flow/dataset_cropped/09_Metas/11/17/20190911174900_00160.jpg,datasets_cloudmask/dataset_cropped/09_Metas/11/17/20190911174900_00160.png,37.6,0,36.2,18.1,962
9/11/2019 17:50,datasets/dataset_cropped/09_Metas/11/17/20190911175000_00160.jpg,datasets_flow/dataset_cropped/09_Metas/11/17/20190911175000_00160.jpg,datasets_cloudmask/dataset_cropped/09_Metas/11/17/20190911175000_00160.png,36.8,0,35.1,17.4,962
9/11/2019 17:51,datasets/dataset_cropped/09_Metas/11/17/20190911175100_00160.jpg,datasets_flow/dataset_cropped/09_Metas/11/17/20190911175100_00160.jpg,datasets_cloudmask/dataset_cropped/09_Metas/11/17/20190911175100_00160.png,37.1,0,35.5,16.7,962
9/11/2019 17:52,datasets/dataset_cropped/09_Metas/11/17/20190911175200_00160.jpg,datasets_flow/dataset_cropped/09_Metas/11/17/20190911175200_00160.jpg,datasets_cloudmask/dataset_cropped/09_Metas/11/17/20190911175200_00160.png,37.7,0,36.1,16.4,962
9/11/2019 17:53,datasets/dataset_cropped/09_Metas/11/17/20190911175300_00160.jpg,datasets_flow/dataset_cropped/09_Metas/11/17/20190911175300_00160.jpg,datasets_cloudmask/dataset_cropped/09_Metas/11/17/20190911175300_00160.png,36.6,0,35,16.3,962
9/11/2019 17:54,datasets/dataset_cropped/09_Metas/11/17/20190911175400_00160.jpg,datasets_flow/dataset_cropped/09_Metas/11/17/20190911175400_00160.jpg,datasets_cloudmask/dataset_cropped/09_Metas/11/17/20190911175400_00160.png,32.6,0,30.9,16.1,962
9/11/2019 17:55,datasets/dataset_cropped/09_Metas/11/17/20190911175500_00160.jpg,datasets_flow/dataset_cropped/09_Metas/11/17/20190911175500_00160.jpg,datasets_cloudmask/dataset_cropped/09_Metas/11/17/20190911175500_00160.png,28.9,0,27.2,15.9,962
9/11/2019 17:56,datasets/dataset_cropped/09_Metas/11/17/20190911175600_00160.jpg,datasets_flow/dataset_cropped/09_Metas/11/17/20190911175600_00160.jpg,datasets_cloudmask/dataset_cropped/09_Metas/11/17/20190911175600_00160.png,28.5,0,26.8,15.8,962
9/11/2019 17:57,datasets/dataset_cropped/09_Metas/11/17/20190911175700_00160.jpg,datasets_flow/dataset_cropped/09_Metas/11/17/20190911175700_00160.jpg,datasets_cloudmask/dataset_cropped/09_Metas/11/17/20190911175700_00160.png,31.5,0,30,15.7,962
9/11/2019 17:58,datasets/dataset_cropped/09_Metas/11/17/20190911175800_00160.jpg,datasets_flow/dataset_cropped/09_Metas/11/17/20190911175800_00160.jpg,datasets_cloudmask/dataset_cropped/09_Metas/11/17/20190911175800_00160.png,34.6,0,33.3,15.7,962
9/11/2019 17:59,datasets/dataset_cropped/09_Metas/11/17/20190911175900_00160.jpg,datasets_flow/dataset_cropped/09_Metas/11/17/20190911175900_00160.jpg,datasets_cloudmask/dataset_cropped/09_Metas/11/17/20190911175900_00160.png,35.9,0,34.8,15.7,962
9/11/2019 18:00,datasets/dataset_cropped/09_Metas/11/18/20190911180000_00160.jpg,datasets_flow/dataset_cropped/09_Metas/11/18/20190911180000_00160.jpg,datasets_cloudmask/dataset_cropped/09_Metas/11/18/20190911180000_00160.png,36.6,0,35.4,15.7,962
9/11/2019 18:01,datasets/dataset_cropped/09_Metas/11/18/20190911180100_00160.jpg,datasets_flow/dataset_cropped/09_Metas/11/18/20190911180100_00160.jpg,datasets_cloudmask/dataset_cropped/09_Metas/11/18/20190911180100_00160.png,36.8,0,35.8,15.6,962
9/11/2019 18:02,datasets/dataset_cropped/09_Metas/11/18/20190911180200_00160.jpg,datasets_flow/dataset_cropped/09_Metas/11/18/20190911180200_00160.jpg,datasets_cloudmask/dataset_cropped/09_Metas/11/18/20190911180200_00160.png,38,0,37.1,15.6,962
9/11/2019 18:03,datasets/dataset_cropped/09_Metas/11/18/20190911180300_00160.jpg,datasets_flow/dataset_cropped/09_Metas/11/18/20190911180300_00160.jpg,datasets_cloudmask/dataset_cropped/09_Metas/11/18/20190911180300_00160.png,39.7,0,38.9,15.5,962
9/11/2019 18:04,datasets/dataset_cropped/09_Metas/11/18/20190911180400_00160.jpg,datasets_flow/dataset_cropped/09_Metas/11/18/20190911180400_00160.jpg,datasets_cloudmask/dataset_cropped/09_Metas/11/18/20190911180400_00160.png,39.4,0,38.6,15.5,962
9/11/2019 18:05,datasets/dataset_cropped/09_Metas/11/18/20190911180500_00160.jpg,datasets_flow/dataset_cropped/09_Metas/11/18/20190911180500_00160.jpg,datasets_cloudmask/dataset_cropped/09_Metas/11/18/20190911180500_00160.png,37.1,0,36.4,15.5,962
9/11/2019 18:06,datasets/dataset_cropped/09_Metas/11/18/20190911180600_00160.jpg,datasets_flow/dataset_cropped/09_Metas/11/18/20190911180600_00160.jpg,datasets_cloudmask/dataset_cropped/09_Metas/11/18/20190911180600_00160.png,34.1,0,33.6,15.6,962
9/11/2019 18:07,datasets/dataset_cropped/09_Metas/11/18/20190911180700_00160.jpg,datasets_flow/dataset_cropped/09_Metas/11/18/20190911180700_00160.jpg,datasets_cloudmask/dataset_cropped/09_Metas/11/18/20190911180700_00160.png,31.5,0,31.1,15.6,962
9/11/2019 18:08,datasets/dataset_cropped/09_Metas/11/18/20190911180800_00160.jpg,datasets_flow/dataset_cropped/09_Metas/11/18/20190911180800_00160.jpg,datasets_cloudmask/dataset_cropped/09_Metas/11/18/20190911180800_00160.png,29.7,0,29.3,15.6,962
9/11/2019 18:09,datasets/dataset_cropped/09_Metas/11/18/20190911180900_00160.jpg,datasets_flow/dataset_cropped/09_Metas/11/18/20190911180900_00160.jpg,datasets_cloudmask/dataset_cropped/09_Metas/11/18/20190911180900_00160.png,28.2,0,28,15.7,962
9/11/2019 18:10,datasets/dataset_cropped/09_Metas/11/18/20190911181000_00160.jpg,datasets_flow/dataset_cropped/09_Metas/11/18/20190911181000_00160.jpg,datasets_cloudmask/dataset_cropped/09_Metas/11/18/20190911181000_00160.png,25.7,0.2,25.5,15.7,962
9/11/2019 18:11,datasets/dataset_cropped/09_Metas/11/18/20190911181100_00160.jpg,datasets_flow/dataset_cropped/09_Metas/11/18/20190911181100_00160.jpg,datasets_cloudmask/dataset_cropped/09_Metas/11/18/20190911181100_00160.png,22.1,0.3,21.9,15.7,962
9/11/2019 18:12,datasets/dataset_cropped/09_Metas/11/18/20190911181200_00160.jpg,datasets_flow/dataset_cropped/09_Metas/11/18/20190911181200_00160.jpg,datasets_cloudmask/dataset_cropped/09_Metas/11/18/20190911181200_00160.png,18.9,0.2,18.7,15.6,962
9/11/2019 18:13,datasets/dataset_cropped/09_Metas/11/18/20190911181300_00160.jpg,datasets_flow/dataset_cropped/09_Metas/11/18/20190911181300_00160.jpg,datasets_cloudmask/dataset_cropped/09_Metas/11/18/20190911181300_00160.png,16.8,0.1,16.4,15.6,962
9/11/2019 18:14,datasets/dataset_cropped/09_Metas/11/18/20190911181400_00160.jpg,datasets_flow/dataset_cropped/09_Metas/11/18/20190911181400_00160.jpg,datasets_cloudmask/dataset_cropped/09_Metas/11/18/20190911181400_00160.png,15.2,0,14.8,15.6,962
9/11/2019 18:15,datasets/dataset_cropped/09_Metas/11/18/20190911181500_00160.jpg,datasets_flow/dataset_cropped/09_Metas/11/18/20190911181500_00160.jpg,datasets_cloudmask/dataset_cropped/09_Metas/11/18/20190911181500_00160.png,13,0,12.7,15.6,962
9/11/2019 18:16,datasets/dataset_cropped/09_Metas/11/18/20190911181600_00160.jpg,datasets_flow/dataset_cropped/09_Metas/11/18/20190911181600_00160.jpg,datasets_cloudmask/dataset_cropped/09_Metas/11/18/20190911181600_00160.png,10.5,0,10,15.6,962
9/11/2019 18:17,datasets/dataset_cropped/09_Metas/11/18/20190911181700_00160.jpg,datasets_flow/dataset_cropped/09_Metas/11/18/20190911181700_00160.jpg,datasets_cloudmask/dataset_cropped/09_Metas/11/18/20190911181700_00160.png,10.4,0,9.9,15.6,962
9/11/2019 18:18,datasets/dataset_cropped/09_Metas/11/18/20190911181800_00160.jpg,datasets_flow/dataset_cropped/09_Metas/11/18/20190911181800_00160.jpg,datasets_cloudmask/dataset_cropped/09_Metas/11/18/20190911181800_00160.png,10.3,0,9.9,15.7,962
9/11/2019 18:19,datasets/dataset_cropped/09_Metas/11/18/20190911181900_00160.jpg,datasets_flow/dataset_cropped/09_Metas/11/18/20190911181900_00160.jpg,datasets_cloudmask/dataset_cropped/09_Metas/11/18/20190911181900_00160.png,10.2,0,9.8,15.7,962
9/11/2019 18:20,datasets/dataset_cropped/09_Metas/11/18/20190911182000_00160.jpg,datasets_flow/dataset_cropped/09_Metas/11/18/20190911182000_00160.jpg,datasets_cloudmask/dataset_cropped/09_Metas/11/18/20190911182000_00160.png,10.2,0,9.7,15.7,962
9/11/2019 18:21,datasets/dataset_cropped/09_Metas/11/18/20190911182100_00160.jpg,datasets_flow/dataset_cropped/09_Metas/11/18/20190911182100_00160.jpg,datasets_cloudmask/dataset_cropped/09_Metas/11/18/20190911182100_00160.png,10.1,0,9.7,15.8,962
9/11/2019 18:22,datasets/dataset_cropped/09_Metas/11/18/20190911182200_00160.jpg,datasets_flow/dataset_cropped/09_Metas/11/18/20190911182200_00160.jpg,datasets_cloudmask/dataset_cropped/09_Metas/11/18/20190911182200_00160.png,10,0,9.6,15.8,962
9/11/2019 18:23,datasets/dataset_cropped/09_Metas/11/18/20190911182300_00160.jpg,datasets_flow/dataset_cropped/09_Metas/11/18/20190911182300_00160.jpg,datasets_cloudmask/dataset_cropped/09_Metas/11/18/20190911182300_00160.png,11.3,0,11,15.8,962
9/11/2019 18:24,datasets/dataset_cropped/09_Metas/11/18/20190911182400_00160.jpg,datasets_flow/dataset_cropped/09_Metas/11/18/20190911182400_00160.jpg,datasets_cloudmask/dataset_cropped/09_Metas/11/18/20190911182400_00160.png,12.3,0,12.1,15.7,962
9/11/2019 18:25,datasets/dataset_cropped/09_Metas/11/18/20190911182500_00160.jpg,datasets_flow/dataset_cropped/09_Metas/11/18/20190911182500_00160.jpg,datasets_cloudmask/dataset_cropped/09_Metas/11/18/20190911182500_00160.png,13.9,0,13.9,15.7,962
9/11/2019 18:26,datasets/dataset_cropped/09_Metas/11/18/20190911182600_00160.jpg,datasets_flow/dataset_cropped/09_Metas/11/18/20190911182600_00160.jpg,datasets_cloudmask/dataset_cropped/09_Metas/11/18/20190911182600_00160.png,16,0,16,15.8,962
9/11/2019 18:27,datasets/dataset_cropped/09_Metas/11/18/20190911182700_00160.jpg,datasets_flow/dataset_cropped/09_Metas/11/18/20190911182700_00160.jpg,datasets_cloudmask/dataset_cropped/09_Metas/11/18/20190911182700_00160.png,17.5,0,17.6,15.9,962
9/11/2019 18:28,datasets/dataset_cropped/09_Metas/11/18/20190911182800_00160.jpg,datasets_flow/dataset_cropped/09_Metas/11/18/20190911182800_00160.jpg,datasets_cloudmask/dataset_cropped/09_Metas/11/18/20190911182800_00160.png,18.8,0,18.9,16.1,962
9/11/2019 18:29,datasets/dataset_cropped/09_Metas/11/18/20190911182900_00160.jpg,datasets_flow/dataset_cropped/09_Metas/11/18/20190911182900_00160.jpg,datasets_cloudmask/dataset_cropped/09_Metas/11/18/20190911182900_00160.png,19.3,0.2,19.5,16.2,962
9/11/2019 18:30,datasets/dataset_cropped/09_Metas/11/18/20190911183000_00160.jpg,datasets_flow/dataset_cropped/09_Metas/11/18/20190911183000_00160.jpg,datasets_cloudmask/dataset_cropped/09_Metas/11/18/20190911183000_00160.png,19.8,0.2,19.9,16.2,962
9/11/2019 18:31,datasets/dataset_cropped/09_Metas/11/18/20190911183100_00160.jpg,datasets_flow/dataset_cropped/09_Metas/11/18/20190911183100_00160.jpg,datasets_cloudmask/dataset_cropped/09_Metas/11/18/20190911183100_00160.png,19.9,0.1,20,16.2,962
9/11/2019 18:32,datasets/dataset_cropped/09_Metas/11/18/20190911183200_00160.jpg,datasets_flow/dataset_cropped/09_Metas/11/18/20190911183200_00160.jpg,datasets_cloudmask/dataset_cropped/09_Metas/11/18/20190911183200_00160.png,19.3,0.1,19.4,16.2,962
9/11/2019 18:33,datasets/dataset_cropped/09_Metas/11/18/20190911183300_00160.jpg,datasets_flow/dataset_cropped/09_Metas/11/18/20190911183300_00160.jpg,datasets_cloudmask/dataset_cropped/09_Metas/11/18/20190911183300_00160.png,19.6,0.1,19.7,16.1,962
9/11/2019 18:34,datasets/dataset_cropped/09_Metas/11/18/20190911183400_00160.jpg,datasets_flow/dataset_cropped/09_Metas/11/18/20190911183400_00160.jpg,datasets_cloudmask/dataset_cropped/09_Metas/11/18/20190911183400_00160.png,21.1,0,21.1,16,962
9/11/2019 18:35,datasets/dataset_cropped/09_Metas/11/18/20190911183500_00160.jpg,datasets_flow/dataset_cropped/09_Metas/11/18/20190911183500_00160.jpg,datasets_cloudmask/dataset_cropped/09_Metas/11/18/20190911183500_00160.png,24.2,0,24.2,15.9,962
9/11/2019 18:36,datasets/dataset_cropped/09_Metas/11/18/20190911183600_00160.jpg,datasets_flow/dataset_cropped/09_Metas/11/18/20190911183600_00160.jpg,datasets_cloudmask/dataset_cropped/09_Metas/11/18/20190911183600_00160.png,28.4,0,28.5,15.9,962
9/11/2019 18:37,datasets/dataset_cropped/09_Metas/11/18/20190911183700_00160.jpg,datasets_flow/dataset_cropped/09_Metas/11/18/20190911183700_00160.jpg,datasets_cloudmask/dataset_cropped/09_Metas/11/18/20190911183700_00160.png,31.3,0,31.3,16,962
9/11/2019 18:38,datasets/dataset_cropped/09_Metas/11/18/20190911183800_00160.jpg,datasets_flow/dataset_cropped/09_Metas/11/18/20190911183800_00160.jpg,datasets_cloudmask/dataset_cropped/09_Metas/11/18/20190911183800_00160.png,32.5,0,32.5,16.1,962
9/11/2019 18:39,datasets/dataset_cropped/09_Metas/11/18/20190911183900_00160.jpg,datasets_flow/dataset_cropped/09_Metas/11/18/20190911183900_00160.jpg,datasets_cloudmask/dataset_cropped/09_Metas/11/18/20190911183900_00160.png,34.4,0,34.5,16.1,962
9/11/2019 18:40,datasets/dataset_cropped/09_Metas/11/18/20190911184000_00160.jpg,datasets_flow/dataset_cropped/09_Metas/11/18/20190911184000_00160.jpg,datasets_cloudmask/dataset_cropped/09_Metas/11/18/20190911184000_00160.png,35.4,0,35.7,16.1,962
9/11/2019 18:41,datasets/dataset_cropped/09_Metas/11/18/20190911184100_00160.jpg,datasets_flow/dataset_cropped/09_Metas/11/18/20190911184100_00160.jpg,datasets_cloudmask/dataset_cropped/09_Metas/11/18/20190911184100_00160.png,34,0,34.3,16.1,962
9/11/2019 18:42,datasets/dataset_cropped/09_Metas/11/18/20190911184200_00160.jpg,datasets_flow/dataset_cropped/09_Metas/11/18/20190911184200_00160.jpg,datasets_cloudmask/dataset_cropped/09_Metas/11/18/20190911184200_00160.png,32.4,0,32.6,16.2,962
9/11/2019 18:43,datasets/dataset_cropped/09_Metas/11/18/20190911184300_00160.jpg,datasets_flow/dataset_cropped/09_Metas/11/18/20190911184300_00160.jpg,datasets_cloudmask/dataset_cropped/09_Metas/11/18/20190911184300_00160.png,31.7,0,31.9,16.3,962
9/11/2019 18:44,datasets/dataset_cropped/09_Metas/11/18/20190911184400_00160.jpg,datasets_flow/dataset_cropped/09_Metas/11/18/20190911184400_00160.jpg,datasets_cloudmask/dataset_cropped/09_Metas/11/18/20190911184400_00160.png,32.2,0.1,32.4,16.4,962
9/11/2019 18:45,datasets/dataset_cropped/09_Metas/11/18/20190911184500_00160.jpg,datasets_flow/dataset_cropped/09_Metas/11/18/20190911184500_00160.jpg,datasets_cloudmask/dataset_cropped/09_Metas/11/18/20190911184500_00160.png,33,0.1,33.2,16.4,962
9/11/2019 18:46,datasets/dataset_cropped/09_Metas/11/18/20190911184600_00160.jpg,datasets_flow/dataset_cropped/09_Metas/11/18/20190911184600_00160.jpg,datasets_cloudmask/dataset_cropped/09_Metas/11/18/20190911184600_00160.png,34.2,0.2,34.5,16.5,962
9/11/2019 18:47,datasets/dataset_cropped/09_Metas/11/18/20190911184700_00160.jpg,datasets_flow/dataset_cropped/09_Metas/11/18/20190911184700_00160.jpg,datasets_cloudmask/dataset_cropped/09_Metas/11/18/20190911184700_00160.png,34,0.2,34.1,16.5,962
9/11/2019 18:48,datasets/dataset_cropped/09_Metas/11/18/20190911184800_00160.jpg,datasets_flow/dataset_cropped/09_Metas/11/18/20190911184800_00160.jpg,datasets_cloudmask/dataset_cropped/09_Metas/11/18/20190911184800_00160.png,31.6,0.2,31.6,16.5,962
9/11/2019 18:49,datasets/dataset_cropped/09_Metas/11/18/20190911184900_00160.jpg,datasets_flow/dataset_cropped/09_Metas/11/18/20190911184900_00160.jpg,datasets_cloudmask/dataset_cropped/09_Metas/11/18/20190911184900_00160.png,28.4,0.2,28.4,16.4,962
9/11/2019 18:50,datasets/dataset_cropped/09_Metas/11/18/20190911185000_00160.jpg,datasets_flow/dataset_cropped/09_Metas/11/18/20190911185000_00160.jpg,datasets_cloudmask/dataset_cropped/09_Metas/11/18/20190911185000_00160.png,26.1,0.2,26.2,16.4,962
9/11/2019 18:51,datasets/dataset_cropped/09_Metas/11/18/20190911185100_00160.jpg,datasets_flow/dataset_cropped/09_Metas/11/18/20190911185100_00160.jpg,datasets_cloudmask/dataset_cropped/09_Metas/11/18/20190911185100_00160.png,24.9,0.2,24.9,16.4,962
9/11/2019 18:52,datasets/dataset_cropped/09_Metas/11/18/20190911185200_00160.jpg,datasets_flow/dataset_cropped/09_Metas/11/18/20190911185200_00160.jpg,datasets_cloudmask/dataset_cropped/09_Metas/11/18/20190911185200_00160.png,23.2,0.1,23.2,16.4,962
9/11/2019 18:53,datasets/dataset_cropped/09_Metas/11/18/20190911185300_00160.jpg,datasets_flow/dataset_cropped/09_Metas/11/18/20190911185300_00160.jpg,datasets_cloudmask/dataset_cropped/09_Metas/11/18/20190911185300_00160.png,20.7,0.1,20.7,16.4,962
9/11/2019 18:54,datasets/dataset_cropped/09_Metas/11/18/20190911185400_00160.jpg,datasets_flow/dataset_cropped/09_Metas/11/18/20190911185400_00160.jpg,datasets_cloudmask/dataset_cropped/09_Metas/11/18/20190911185400_00160.png,17.9,0.1,17.9,16.3,962
9/11/2019 18:55,datasets/dataset_cropped/09_Metas/11/18/20190911185500_00160.jpg,datasets_flow/dataset_cropped/09_Metas/11/18/20190911185500_00160.jpg,datasets_cloudmask/dataset_cropped/09_Metas/11/18/20190911185500_00160.png,15.7,0.1,15.6,16.3,962
9/11/2019 18:56,datasets/dataset_cropped/09_Metas/11/18/20190911185600_00160.jpg,datasets_flow/dataset_cropped/09_Metas/11/18/20190911185600_00160.jpg,datasets_cloudmask/dataset_cropped/09_Metas/11/18/20190911185600_00160.png,14.9,0.1,14.8,16.3,962
9/11/2019 18:57,datasets/dataset_cropped/09_Metas/11/18/20190911185700_00160.jpg,datasets_flow/dataset_cropped/09_Metas/11/18/20190911185700_00160.jpg,datasets_cloudmask/dataset_cropped/09_Metas/11/18/20190911185700_00160.png,15.1,0.1,15,16.4,962
9/11/2019 18:58,datasets/dataset_cropped/09_Metas/11/18/20190911185800_00160.jpg,datasets_flow/dataset_cropped/09_Metas/11/18/20190911185800_00160.jpg,datasets_cloudmask/dataset_cropped/09_Metas/11/18/20190911185800_00160.png,14.7,0,14.6,16.4,962
9/11/2019 18:59,datasets/dataset_cropped/09_Metas/11/18/20190911185900_00160.jpg,datasets_flow/dataset_cropped/09_Metas/11/18/20190911185900_00160.jpg,datasets_cloudmask/dataset_cropped/09_Metas/11/18/20190911185900_00160.png,13.5,0,13.5,16.4,962
9/11/2019 19:00,datasets/dataset_cropped/09_Metas/11/19/20190911190000_00160.jpg,datasets_flow/dataset_cropped/09_Metas/11/19/20190911190000_00160.jpg,datasets_cloudmask/dataset_cropped/09_Metas/11/19/20190911190000_00160.png,12.2,0,12.3,16.4,963
9/11/2019 19:01,datasets/dataset_cropped/09_Metas/11/19/20190911190100_00160.jpg,datasets_flow/dataset_cropped/09_Metas/11/19/20190911190100_00160.jpg,datasets_cloudmask/dataset_cropped/09_Metas/11/19/20190911190100_00160.png,11.1,0.1,11.2,16.5,962
9/11/2019 19:02,datasets/dataset_cropped/09_Metas/11/19/20190911190200_00160.jpg,datasets_flow/dataset_cropped/09_Metas/11/19/20190911190200_00160.jpg,datasets_cloudmask/dataset_cropped/09_Metas/11/19/20190911190200_00160.png,10.1,0,10.2,16.4,963
9/11/2019 19:03,datasets/dataset_cropped/09_Metas/11/19/20190911190300_00160.jpg,datasets_flow/dataset_cropped/09_Metas/11/19/20190911190300_00160.jpg,datasets_cloudmask/dataset_cropped/09_Metas/11/19/20190911190300_00160.png,8.9,0.1,8.9,16.4,963
9/11/2019 19:04,datasets/dataset_cropped/09_Metas/11/19/20190911190400_00160.jpg,datasets_flow/dataset_cropped/09_Metas/11/19/20190911190400_00160.jpg,datasets_cloudmask/dataset_cropped/09_Metas/11/19/20190911190400_00160.png,7.3,0.1,7.3,16.4,963
9/11/2019 19:05,datasets/dataset_cropped/09_Metas/11/19/20190911190500_00160.jpg,datasets_flow/dataset_cropped/09_Metas/11/19/20190911190500_00160.jpg,datasets_cloudmask/dataset_cropped/09_Metas/11/19/20190911190500_00160.png,5.5,0.1,5.5,16.4,963
9/11/2019 19:06,datasets/dataset_cropped/09_Metas/11/19/20190911190600_00160.jpg,datasets_flow/dataset_cropped/09_Metas/11/19/20190911190600_00160.jpg,datasets_cloudmask/dataset_cropped/09_Metas/11/19/20190911190600_00160.png,3.8,0.1,3.7,16.4,963
9/11/2019 19:07,datasets/dataset_cropped/09_Metas/11/19/20190911190700_00160.jpg,datasets_flow/dataset_cropped/09_Metas/11/19/20190911190700_00160.jpg,datasets_cloudmask/dataset_cropped/09_Metas/11/19/20190911190700_00160.png,2.5,0,2.4,16.4,963
9/11/2019 19:08,datasets/dataset_cropped/09_Metas/11/19/20190911190800_00160.jpg,datasets_flow/dataset_cropped/09_Metas/11/19/20190911190800_00160.jpg,datasets_cloudmask/dataset_cropped/09_Metas/11/19/20190911190800_00160.png,2.5,0,2.4,16.4,963
9/11/2019 19:09,datasets/dataset_cropped/09_Metas/11/19/20190911190900_00160.jpg,datasets_flow/dataset_cropped/09_Metas/11/19/20190911190900_00160.jpg,datasets_cloudmask/dataset_cropped/09_Metas/11/19/20190911190900_00160.png,2.5,0,2.4,16.4,963
9/11/2019 19:10,datasets/dataset_cropped/09_Metas/11/19/20190911191000_00160.jpg,datasets_flow/dataset_cropped/09_Metas/11/19/20190911191000_00160.jpg,datasets_cloudmask/dataset_cropped/09_Metas/11/19/20190911191000_00160.png,2.5,0,2.4,16.4,963
9/11/2019 19:11,datasets/dataset_cropped/09_Metas/11/19/20190911191100_00160.jpg,datasets_flow/dataset_cropped/09_Metas/11/19/20190911191100_00160.jpg,datasets_cloudmask/dataset_cropped/09_Metas/11/19/20190911191100_00160.png,2.5,0,2.4,16.4,963
9/11/2019 19:12,datasets/dataset_cropped/09_Metas/11/19/20190911191200_00160.jpg,datasets_flow/dataset_cropped/09_Metas/11/19/20190911191200_00160.jpg,datasets_cloudmask/dataset_cropped/09_Metas/11/19/20190911191200_00160.png,2.5,0,2.4,16.4,963
9/11/2019 19:13,datasets/dataset_cropped/09_Metas/11/19/20190911191300_00160.jpg,datasets_flow/dataset_cropped/09_Metas/11/19/20190911191300_00160.jpg,datasets_cloudmask/dataset_cropped/09_Metas/11/19/20190911191300_00160.png,2.5,0,2.4,16.4,963
9/11/2019 19:14,datasets/dataset_cropped/09_Metas/11/19/20190911191400_00160.jpg,datasets_flow/dataset_cropped/09_Metas/11/19/20190911191400_00160.jpg,datasets_cloudmask/dataset_cropped/09_Metas/11/19/20190911191400_00160.png,2.5,0,2.4,16.4,963
9/11/2019 19:15,datasets/dataset_cropped/09_Metas/11/19/20190911191500_00160.jpg,datasets_flow/dataset_cropped/09_Metas/11/19/20190911191500_00160.jpg,datasets_cloudmask/dataset_cropped/09_Metas/11/19/20190911191500_00160.png,2.5,0,2.4,16.4,963
9/11/2019 19:16,datasets/dataset_cropped/09_Metas/11/19/20190911191600_00160.jpg,datasets_flow/dataset_cropped/09_Metas/11/19/20190911191600_00160.jpg,datasets_cloudmask/dataset_cropped/09_Metas/11/19/20190911191600_00160.png,2.5,0,2.4,16.4,963
9/11/2019 19:17,datasets/dataset_cropped/09_Metas/11/19/20190911191700_00160.jpg,datasets_flow/dataset_cropped/09_Metas/11/19/20190911191700_00160.jpg,datasets_cloudmask/dataset_cropped/09_Metas/11/19/20190911191700_00160.png,2.5,0,2.4,16.4,963
9/11/2019 19:18,datasets/dataset_cropped/09_Metas/11/19/20190911191800_00160.jpg,datasets_flow/dataset_cropped/09_Metas/11/19/20190911191800_00160.jpg,datasets_cloudmask/dataset_cropped/09_Metas/11/19/20190911191800_00160.png,2.5,0,2.4,16.4,963
9/11/2019 19:19,datasets/dataset_cropped/09_Metas/11/19/20190911191900_00160.jpg,datasets_flow/dataset_cropped/09_Metas/11/19/20190911191900_00160.jpg,datasets_cloudmask/dataset_cropped/09_Metas/11/19/20190911191900_00160.png,2.5,0,2.4,16.4,963
9/11/2019 19:20,datasets/dataset_cropped/09_Metas/11/19/20190911192000_00160.jpg,datasets_flow/dataset_cropped/09_Metas/11/19/20190911192000_00160.jpg,datasets_cloudmask/dataset_cropped/09_Metas/11/19/20190911192000_00160.png,2.5,0,2.4,16.4,963
9/11/2019 19:21,datasets/dataset_cropped/09_Metas/11/19/20190911192100_00160.jpg,datasets_flow/dataset_cropped/09_Metas/11/19/20190911192100_00160.jpg,datasets_cloudmask/dataset_cropped/09_Metas/11/19/20190911192100_00160.png,2.5,0,2.4,16.4,963
9/11/2019 19:22,datasets/dataset_cropped/09_Metas/11/19/20190911192200_00160.jpg,datasets_flow/dataset_cropped/09_Metas/11/19/20190911192200_00160.jpg,datasets_cloudmask/dataset_cropped/09_Metas/11/19/20190911192200_00160.png,2.5,0,2.4,16.4,963
9/12/2019 6:50,datasets/dataset_cropped/09_Metas/12/06/20190912065030_00160.jpg,datasets_flow/dataset_cropped/09_Metas/12/06/20190912065030_00160.jpg,datasets_cloudmask/dataset_cropped/09_Metas/12/06/20190912065030_00160.png,2.1,0.3,2.1,15.4,964
9/12/2019 6:51,datasets/dataset_cropped/09_Metas/12/06/20190912065100_00160.jpg,datasets_flow/dataset_cropped/09_Metas/12/06/20190912065100_00160.jpg,datasets_cloudmask/dataset_cropped/09_Metas/12/06/20190912065100_00160.png,2.1,0.3,2.1,15.4,964
9/12/2019 6:52,datasets/dataset_cropped/09_Metas/12/06/20190912065200_00160.jpg,datasets_flow/dataset_cropped/09_Metas/12/06/20190912065200_00160.jpg,datasets_cloudmask/dataset_cropped/09_Metas/12/06/20190912065200_00160.png,2.4,0.4,2.4,15.4,964
9/12/2019 6:53,datasets/dataset_cropped/09_Metas/12/06/20190912065300_00160.jpg,datasets_flow/dataset_cropped/09_Metas/12/06/20190912065300_00160.jpg,datasets_cloudmask/dataset_cropped/09_Metas/12/06/20190912065300_00160.png,3,0.5,3,15.4,964
9/12/2019 6:54,datasets/dataset_cropped/09_Metas/12/06/20190912065400_00160.jpg,datasets_flow/dataset_cropped/09_Metas/12/06/20190912065400_00160.jpg,datasets_cloudmask/dataset_cropped/09_Metas/12/06/20190912065400_00160.png,3.6,0.5,3.6,15.3,964
9/12/2019 6:55,datasets/dataset_cropped/09_Metas/12/06/20190912065500_00160.jpg,datasets_flow/dataset_cropped/09_Metas/12/06/20190912065500_00160.jpg,datasets_cloudmask/dataset_cropped/09_Metas/12/06/20190912065500_00160.png,4.3,0.5,4.3,15.3,964
9/12/2019 6:56,datasets/dataset_cropped/09_Metas/12/06/20190912065600_00160.jpg,datasets_flow/dataset_cropped/09_Metas/12/06/20190912065600_00160.jpg,datasets_cloudmask/dataset_cropped/09_Metas/12/06/20190912065600_00160.png,4.8,0.5,4.8,15.3,964
9/12/2019 6:57,datasets/dataset_cropped/09_Metas/12/06/20190912065700_00160.jpg,datasets_flow/dataset_cropped/09_Metas/12/06/20190912065700_00160.jpg,datasets_cloudmask/dataset_cropped/09_Metas/12/06/20190912065700_00160.png,5.2,0.4,5.3,15.3,964
9/12/2019 6:58,datasets/dataset_cropped/09_Metas/12/06/20190912065800_00160.jpg,datasets_flow/dataset_cropped/09_Metas/12/06/20190912065800_00160.jpg,datasets_cloudmask/dataset_cropped/09_Metas/12/06/20190912065800_00160.png,6,0.4,6.1,15.3,964
9/12/2019 6:59,datasets/dataset_cropped/09_Metas/12/06/20190912065900_00160.jpg,datasets_flow/dataset_cropped/09_Metas/12/06/20190912065900_00160.jpg,datasets_cloudmask/dataset_cropped/09_Metas/12/06/20190912065900_00160.png,6.9,0.4,7,15.3,964
9/12/2019 7:00,datasets/dataset_cropped/09_Metas/12/07/20190912070000_00160.jpg,datasets_flow/dataset_cropped/09_Metas/12/07/20190912070000_00160.jpg,datasets_cloudmask/dataset_cropped/09_Metas/12/07/20190912070000_00160.png,8.5,0.4,8.6,15.3,964
9/12/2019 7:01,datasets/dataset_cropped/09_Metas/12/07/20190912070100_00160.jpg,datasets_flow/dataset_cropped/09_Metas/12/07/20190912070100_00160.jpg,datasets_cloudmask/dataset_cropped/09_Metas/12/07/20190912070100_00160.png,10.2,0.4,10.3,15.3,964
9/12/2019 7:02,datasets/dataset_cropped/09_Metas/12/07/20190912070200_00160.jpg,datasets_flow/dataset_cropped/09_Metas/12/07/20190912070200_00160.jpg,datasets_cloudmask/dataset_cropped/09_Metas/12/07/20190912070200_00160.png,10.8,0.4,10.9,15.3,964
9/12/2019 7:03,datasets/dataset_cropped/09_Metas/12/07/20190912070300_00160.jpg,datasets_flow/dataset_cropped/09_Metas/12/07/20190912070300_00160.jpg,datasets_cloudmask/dataset_cropped/09_Metas/12/07/20190912070300_00160.png,10.8,0.3,10.9,15.4,964
9/12/2019 7:04,datasets/dataset_cropped/09_Metas/12/07/20190912070400_00160.jpg,datasets_flow/dataset_cropped/09_Metas/12/07/20190912070400_00160.jpg,datasets_cloudmask/dataset_cropped/09_Metas/12/07/20190912070400_00160.png,11.2,0.3,11.2,15.4,964
9/12/2019 7:05,datasets/dataset_cropped/09_Metas/12/07/20190912070500_00160.jpg,datasets_flow/dataset_cropped/09_Metas/12/07/20190912070500_00160.jpg,datasets_cloudmask/dataset_cropped/09_Metas/12/07/20190912070500_00160.png,12.3,0.3,12.3,15.4,964
9/12/2019 7:06,datasets/dataset_cropped/09_Metas/12/07/20190912070600_00160.jpg,datasets_flow/dataset_cropped/09_Metas/12/07/20190912070600_00160.jpg,datasets_cloudmask/dataset_cropped/09_Metas/12/07/20190912070600_00160.png,14.2,0.3,14.2,15.4,964
9/12/2019 7:07,datasets/dataset_cropped/09_Metas/12/07/20190912070700_00160.jpg,datasets_flow/dataset_cropped/09_Metas/12/07/20190912070700_00160.jpg,datasets_cloudmask/dataset_cropped/09_Metas/12/07/20190912070700_00160.png,17.7,0.4,17.8,15.4,964
9/12/2019 7:08,datasets/dataset_cropped/09_Metas/12/07/20190912070800_00160.jpg,datasets_flow/dataset_cropped/09_Metas/12/07/20190912070800_00160.jpg,datasets_cloudmask/dataset_cropped/09_Metas/12/07/20190912070800_00160.png,19.8,0.4,19.9,15.4,964
9/12/2019 7:09,datasets/dataset_cropped/09_Metas/12/07/20190912070900_00160.jpg,datasets_flow/dataset_cropped/09_Metas/12/07/20190912070900_00160.jpg,datasets_cloudmask/dataset_cropped/09_Metas/12/07/20190912070900_00160.png,18.9,0.3,18.9,15.4,964
9/12/2019 7:10,datasets/dataset_cropped/09_Metas/12/07/20190912071000_00160.jpg,datasets_flow/dataset_cropped/09_Metas/12/07/20190912071000_00160.jpg,datasets_cloudmask/dataset_cropped/09_Metas/12/07/20190912071000_00160.png,16.7,0.3,16.8,15.5,964
9/12/2019 7:11,datasets/dataset_cropped/09_Metas/12/07/20190912071100_00160.jpg,datasets_flow/dataset_cropped/09_Metas/12/07/20190912071100_00160.jpg,datasets_cloudmask/dataset_cropped/09_Metas/12/07/20190912071100_00160.png,16.1,0.4,16.2,15.5,964
9/12/2019 7:12,datasets/dataset_cropped/09_Metas/12/07/20190912071200_00160.jpg,datasets_flow/dataset_cropped/09_Metas/12/07/20190912071200_00160.jpg,datasets_cloudmask/dataset_cropped/09_Metas/12/07/20190912071200_00160.png,17.7,0.4,17.8,15.5,964
9/12/2019 7:13,datasets/dataset_cropped/09_Metas/12/07/20190912071300_00160.jpg,datasets_flow/dataset_cropped/09_Metas/12/07/20190912071300_00160.jpg,datasets_cloudmask/dataset_cropped/09_Metas/12/07/20190912071300_00160.png,20.7,0.5,20.8,15.5,964
9/12/2019 7:14,datasets/dataset_cropped/09_Metas/12/07/20190912071400_00160.jpg,datasets_flow/dataset_cropped/09_Metas/12/07/20190912071400_00160.jpg,datasets_cloudmask/dataset_cropped/09_Metas/12/07/20190912071400_00160.png,23.9,0.5,24.1,15.5,964
9/12/2019 7:15,datasets/dataset_cropped/09_Metas/12/07/20190912071500_00160.jpg,datasets_flow/dataset_cropped/09_Metas/12/07/20190912071500_00160.jpg,datasets_cloudmask/dataset_cropped/09_Metas/12/07/20190912071500_00160.png,25.6,0.5,25.8,15.5,964
9/12/2019 7:16,datasets/dataset_cropped/09_Metas/12/07/20190912071600_00160.jpg,datasets_flow/dataset_cropped/09_Metas/12/07/20190912071600_00160.jpg,datasets_cloudmask/dataset_cropped/09_Metas/12/07/20190912071600_00160.png,26.9,0.5,27,15.5,964
9/12/2019 7:17,datasets/dataset_cropped/09_Metas/12/07/20190912071700_00160.jpg,datasets_flow/dataset_cropped/09_Metas/12/07/20190912071700_00160.jpg,datasets_cloudmask/dataset_cropped/09_Metas/12/07/20190912071700_00160.png,29,0.5,29.1,15.5,964
9/12/2019 7:18,datasets/dataset_cropped/09_Metas/12/07/20190912071800_00160.jpg,datasets_flow/dataset_cropped/09_Metas/12/07/20190912071800_00160.jpg,datasets_cloudmask/dataset_cropped/09_Metas/12/07/20190912071800_00160.png,30.7,0.5,30.9,15.6,964
9/12/2019 7:19,datasets/dataset_cropped/09_Metas/12/07/20190912071900_00160.jpg,datasets_flow/dataset_cropped/09_Metas/12/07/20190912071900_00160.jpg,datasets_cloudmask/dataset_cropped/09_Metas/12/07/20190912071900_00160.png,31.3,0.5,31.4,15.6,964
9/12/2019 7:20,datasets/dataset_cropped/09_Metas/12/07/20190912072000_00160.jpg,datasets_flow/dataset_cropped/09_Metas/12/07/20190912072000_00160.jpg,datasets_cloudmask/dataset_cropped/09_Metas/12/07/20190912072000_00160.png,30.2,0.5,30.3,15.6,964
9/12/2019 7:21,datasets/dataset_cropped/09_Metas/12/07/20190912072100_00160.jpg,datasets_flow/dataset_cropped/09_Metas/12/07/20190912072100_00160.jpg,datasets_cloudmask/dataset_cropped/09_Metas/12/07/20190912072100_00160.png,29.1,0.5,29.2,15.6,964
9/12/2019 7:22,datasets/dataset_cropped/09_Metas/12/07/20190912072200_00160.jpg,datasets_flow/dataset_cropped/09_Metas/12/07/20190912072200_00160.jpg,datasets_cloudmask/dataset_cropped/09_Metas/12/07/20190912072200_00160.png,28.7,0.5,28.9,15.7,964
9/12/2019 7:23,datasets/dataset_cropped/09_Metas/12/07/20190912072300_00160.jpg,datasets_flow/dataset_cropped/09_Metas/12/07/20190912072300_00160.jpg,datasets_cloudmask/dataset_cropped/09_Metas/12/07/20190912072300_00160.png,29.6,0.5,29.7,15.7,964
9/12/2019 7:24,datasets/dataset_cropped/09_Metas/12/07/20190912072400_00160.jpg,datasets_flow/dataset_cropped/09_Metas/12/07/20190912072400_00160.jpg,datasets_cloudmask/dataset_cropped/09_Metas/12/07/20190912072400_00160.png,29.6,0.5,29.7,15.7,964
9/12/2019 7:25,datasets/dataset_cropped/09_Metas/12/07/20190912072500_00160.jpg,datasets_flow/dataset_cropped/09_Metas/12/07/20190912072500_00160.jpg,datasets_cloudmask/dataset_cropped/09_Metas/12/07/20190912072500_00160.png,28.6,0.5,28.8,15.7,964
9/12/2019 7:26,datasets/dataset_cropped/09_Metas/12/07/20190912072600_00160.jpg,datasets_flow/dataset_cropped/09_Metas/12/07/20190912072600_00160.jpg,datasets_cloudmask/dataset_cropped/09_Metas/12/07/20190912072600_00160.png,28.6,0.4,28.8,15.7,964
9/12/2019 7:27,datasets/dataset_cropped/09_Metas/12/07/20190912072700_00160.jpg,datasets_flow/dataset_cropped/09_Metas/12/07/20190912072700_00160.jpg,datasets_cloudmask/dataset_cropped/09_Metas/12/07/20190912072700_00160.png,30.4,0.4,30.6,15.7,964
9/12/2019 7:28,datasets/dataset_cropped/09_Metas/12/07/20190912072800_00160.jpg,datasets_flow/dataset_cropped/09_Metas/12/07/20190912072800_00160.jpg,datasets_cloudmask/dataset_cropped/09_Metas/12/07/20190912072800_00160.png,34.3,0.4,34.5,15.7,964
9/12/2019 7:29,datasets/dataset_cropped/09_Metas/12/07/20190912072900_00160.jpg,datasets_flow/dataset_cropped/09_Metas/12/07/20190912072900_00160.jpg,datasets_cloudmask/dataset_cropped/09_Metas/12/07/20190912072900_00160.png,39.9,0.4,40,15.8,964
9/12/2019 7:30,datasets/dataset_cropped/09_Metas/12/07/20190912073000_00160.jpg,datasets_flow/dataset_cropped/09_Metas/12/07/20190912073000_00160.jpg,datasets_cloudmask/dataset_cropped/09_Metas/12/07/20190912073000_00160.png,43.4,0.4,43.6,15.8,964
9/12/2019 7:31,datasets/dataset_cropped/09_Metas/12/07/20190912073100_00160.jpg,datasets_flow/dataset_cropped/09_Metas/12/07/20190912073100_00160.jpg,datasets_cloudmask/dataset_cropped/09_Metas/12/07/20190912073100_00160.png,44.7,0.4,44.8,15.8,964
9/12/2019 7:32,datasets/dataset_cropped/09_Metas/12/07/20190912073200_00160.jpg,datasets_flow/dataset_cropped/09_Metas/12/07/20190912073200_00160.jpg,datasets_cloudmask/dataset_cropped/09_Metas/12/07/20190912073200_00160.png,43.2,0.4,43.3,15.7,964
9/12/2019 7:33,datasets/dataset_cropped/09_Metas/12/07/20190912073300_00160.jpg,datasets_flow/dataset_cropped/09_Metas/12/07/20190912073300_00160.jpg,datasets_cloudmask/dataset_cropped/09_Metas/12/07/20190912073300_00160.png,38.2,0.3,38.3,15.7,964
9/12/2019 7:34,datasets/dataset_cropped/09_Metas/12/07/20190912073400_00160.jpg,datasets_flow/dataset_cropped/09_Metas/12/07/20190912073400_00160.jpg,datasets_cloudmask/dataset_cropped/09_Metas/12/07/20190912073400_00160.png,34.8,0.3,34.9,15.7,964
9/12/2019 7:35,datasets/dataset_cropped/09_Metas/12/07/20190912073500_00160.jpg,datasets_flow/dataset_cropped/09_Metas/12/07/20190912073500_00160.jpg,datasets_cloudmask/dataset_cropped/09_Metas/12/07/20190912073500_00160.png,34.5,0.3,34.6,15.8,964
9/12/2019 7:36,datasets/dataset_cropped/09_Metas/12/07/20190912073600_00160.jpg,datasets_flow/dataset_cropped/09_Metas/12/07/20190912073600_00160.jpg,datasets_cloudmask/dataset_cropped/09_Metas/12/07/20190912073600_00160.png,34.6,0.3,34.8,15.7,964
9/12/2019 7:37,datasets/dataset_cropped/09_Metas/12/07/20190912073700_00160.jpg,datasets_flow/dataset_cropped/09_Metas/12/07/20190912073700_00160.jpg,datasets_cloudmask/dataset_cropped/09_Metas/12/07/20190912073700_00160.png,34,0.2,34.2,15.7,965
9/12/2019 7:38,datasets/dataset_cropped/09_Metas/12/07/20190912073800_00160.jpg,datasets_flow/dataset_cropped/09_Metas/12/07/20190912073800_00160.jpg,datasets_cloudmask/dataset_cropped/09_Metas/12/07/20190912073800_00160.png,34.4,0.2,34.5,15.7,964
9/12/2019 7:39,datasets/dataset_cropped/09_Metas/12/07/20190912073900_00160.jpg,datasets_flow/dataset_cropped/09_Metas/12/07/20190912073900_00160.jpg,datasets_cloudmask/dataset_cropped/09_Metas/12/07/20190912073900_00160.png,37,0.2,37.1,15.8,965
9/12/2019 7:40,datasets/dataset_cropped/09_Metas/12/07/20190912074000_00160.jpg,datasets_flow/dataset_cropped/09_Metas/12/07/20190912074000_00160.jpg,datasets_cloudmask/dataset_cropped/09_Metas/12/07/20190912074000_00160.png,40.1,0.3,40.2,15.8,965
9/12/2019 7:41,datasets/dataset_cropped/09_Metas/12/07/20190912074100_00160.jpg,datasets_flow/dataset_cropped/09_Metas/12/07/20190912074100_00160.jpg,datasets_cloudmask/dataset_cropped/09_Metas/12/07/20190912074100_00160.png,42.5,0.3,42.6,15.8,965
9/12/2019 7:42,datasets/dataset_cropped/09_Metas/12/07/20190912074200_00160.jpg,datasets_flow/dataset_cropped/09_Metas/12/07/20190912074200_00160.jpg,datasets_cloudmask/dataset_cropped/09_Metas/12/07/20190912074200_00160.png,43.5,0.4,43.6,15.8,965
9/12/2019 7:43,datasets/dataset_cropped/09_Metas/12/07/20190912074300_00160.jpg,datasets_flow/dataset_cropped/09_Metas/12/07/20190912074300_00160.jpg,datasets_cloudmask/dataset_cropped/09_Metas/12/07/20190912074300_00160.png,43.2,0.4,43.4,15.8,965
9/12/2019 7:44,datasets/dataset_cropped/09_Metas/12/07/20190912074400_00160.jpg,datasets_flow/dataset_cropped/09_Metas/12/07/20190912074400_00160.jpg,datasets_cloudmask/dataset_cropped/09_Metas/12/07/20190912074400_00160.png,43.1,0.4,43.4,15.8,965
9/12/2019 7:45,datasets/dataset_cropped/09_Metas/12/07/20190912074500_00160.jpg,datasets_flow/dataset_cropped/09_Metas/12/07/20190912074500_00160.jpg,datasets_cloudmask/dataset_cropped/09_Metas/12/07/20190912074500_00160.png,43.5,0.5,43.6,15.8,965
9/12/2019 7:46,datasets/dataset_cropped/09_Metas/12/07/20190912074600_00160.jpg,datasets_flow/dataset_cropped/09_Metas/12/07/20190912074600_00160.jpg,datasets_cloudmask/dataset_cropped/09_Metas/12/07/20190912074600_00160.png,44.3,0.5,44.5,15.9,965
9/12/2019 7:47,datasets/dataset_cropped/09_Metas/12/07/20190912074700_00160.jpg,datasets_flow/dataset_cropped/09_Metas/12/07/20190912074700_00160.jpg,datasets_cloudmask/dataset_cropped/09_Metas/12/07/20190912074700_00160.png,46.5,0.5,46.7,15.9,965
9/12/2019 7:48,datasets/dataset_cropped/09_Metas/12/07/20190912074800_00160.jpg,datasets_flow/dataset_cropped/09_Metas/12/07/20190912074800_00160.jpg,datasets_cloudmask/dataset_cropped/09_Metas/12/07/20190912074800_00160.png,48,0.5,48.2,15.9,965
9/12/2019 7:49,datasets/dataset_cropped/09_Metas/12/07/20190912074900_00160.jpg,datasets_flow/dataset_cropped/09_Metas/12/07/20190912074900_00160.jpg,datasets_cloudmask/dataset_cropped/09_Metas/12/07/20190912074900_00160.png,48.9,0.5,49.2,15.9,965
9/12/2019 7:50,datasets/dataset_cropped/09_Metas/12/07/20190912075000_00160.jpg,datasets_flow/dataset_cropped/09_Metas/12/07/20190912075000_00160.jpg,datasets_cloudmask/dataset_cropped/09_Metas/12/07/20190912075000_00160.png,52.2,0.5,52.5,15.9,965
9/12/2019 7:51,datasets/dataset_cropped/09_Metas/12/07/20190912075100_00160.jpg,datasets_flow/dataset_cropped/09_Metas/12/07/20190912075100_00160.jpg,datasets_cloudmask/dataset_cropped/09_Metas/12/07/20190912075100_00160.png,55.5,0.5,55.8,15.9,965
9/12/2019 7:52,datasets/dataset_cropped/09_Metas/12/07/20190912075200_00160.jpg,datasets_flow/dataset_cropped/09_Metas/12/07/20190912075200_00160.jpg,datasets_cloudmask/dataset_cropped/09_Metas/12/07/20190912075200_00160.png,59.2,0.6,59.5,16,965
9/12/2019 7:53,datasets/dataset_cropped/09_Metas/12/07/20190912075300_00160.jpg,datasets_flow/dataset_cropped/09_Metas/12/07/20190912075300_00160.jpg,datasets_cloudmask/dataset_cropped/09_Metas/12/07/20190912075300_00160.png,65.4,0.6,65.7,16,965
9/12/2019 7:54,datasets/dataset_cropped/09_Metas/12/07/20190912075400_00160.jpg,datasets_flow/dataset_cropped/09_Metas/12/07/20190912075400_00160.jpg,datasets_cloudmask/dataset_cropped/09_Metas/12/07/20190912075400_00160.png,75,0.9,75.3,16,965
9/12/2019 7:55,datasets/dataset_cropped/09_Metas/12/07/20190912075500_00160.jpg,datasets_flow/dataset_cropped/09_Metas/12/07/20190912075500_00160.jpg,datasets_cloudmask/dataset_cropped/09_Metas/12/07/20190912075500_00160.png,87.2,4.3,86.4,16.1,965
9/12/2019 7:56,datasets/dataset_cropped/09_Metas/12/07/20190912075600_00160.jpg,datasets_flow/dataset_cropped/09_Metas/12/07/20190912075600_00160.jpg,datasets_cloudmask/dataset_cropped/09_Metas/12/07/20190912075600_00160.png,101.6,2.7,101.5,16.1,965
9/12/2019 7:57,datasets/dataset_cropped/09_Metas/12/07/20190912075700_00160.jpg,datasets_flow/dataset_cropped/09_Metas/12/07/20190912075700_00160.jpg,datasets_cloudmask/dataset_cropped/09_Metas/12/07/20190912075700_00160.png,117.4,4.2,117.1,16.1,965
9/12/2019 7:58,datasets/dataset_cropped/09_Metas/12/07/20190912075800_00160.jpg,datasets_flow/dataset_cropped/09_Metas/12/07/20190912075800_00160.jpg,datasets_cloudmask/dataset_cropped/09_Metas/12/07/20190912075800_00160.png,160.8,133.6,130.7,16.2,965
9/12/2019 7:59,datasets/dataset_cropped/09_Metas/12/07/20190912075900_00160.jpg,datasets_flow/dataset_cropped/09_Metas/12/07/20190912075900_00160.jpg,datasets_cloudmask/dataset_cropped/09_Metas/12/07/20190912075900_00160.png,161,139.8,128.2,16.3,965
9/12/2019 8:00,datasets/dataset_cropped/09_Metas/12/08/20190912080000_00160.jpg,datasets_flow/dataset_cropped/09_Metas/12/08/20190912080000_00160.jpg,datasets_cloudmask/dataset_cropped/09_Metas/12/08/20190912080000_00160.png,116.3,2.1,116.4,16.3,965
9/12/2019 8:01,datasets/dataset_cropped/09_Metas/12/08/20190912080100_00160.jpg,datasets_flow/dataset_cropped/09_Metas/12/08/20190912080100_00160.jpg,datasets_cloudmask/dataset_cropped/09_Metas/12/08/20190912080100_00160.png,96.8,1.2,97.1,16.4,965
9/12/2019 8:02,datasets/dataset_cropped/09_Metas/12/08/20190912080200_00160.jpg,datasets_flow/dataset_cropped/09_Metas/12/08/20190912080200_00160.jpg,datasets_cloudmask/dataset_cropped/09_Metas/12/08/20190912080200_00160.png,82.2,1.1,82.6,16.4,965
9/12/2019 8:03,datasets/dataset_cropped/09_Metas/12/08/20190912080300_00160.jpg,datasets_flow/dataset_cropped/09_Metas/12/08/20190912080300_00160.jpg,datasets_cloudmask/dataset_cropped/09_Metas/12/08/20190912080300_00160.png,77,1,77.3,16.4,965
9/12/2019 8:04,datasets/dataset_cropped/09_Metas/12/08/20190912080400_00160.jpg,datasets_flow/dataset_cropped/09_Metas/12/08/20190912080400_00160.jpg,datasets_cloudmask/dataset_cropped/09_Metas/12/08/20190912080400_00160.png,69.7,0.9,70,16.4,965
9/12/2019 8:05,datasets/dataset_cropped/09_Metas/12/08/20190912080500_00160.jpg,datasets_flow/dataset_cropped/09_Metas/12/08/20190912080500_00160.jpg,datasets_cloudmask/dataset_cropped/09_Metas/12/08/20190912080500_00160.png,62.4,1,62.7,16.4,965
9/12/2019 8:06,datasets/dataset_cropped/09_Metas/12/08/20190912080600_00160.jpg,datasets_flow/dataset_cropped/09_Metas/12/08/20190912080600_00160.jpg,datasets_cloudmask/dataset_cropped/09_Metas/12/08/20190912080600_00160.png,54.9,1,55.1,16.5,965
9/12/2019 8:07,datasets/dataset_cropped/09_Metas/12/08/20190912080700_00160.jpg,datasets_flow/dataset_cropped/09_Metas/12/08/20190912080700_00160.jpg,datasets_cloudmask/dataset_cropped/09_Metas/12/08/20190912080700_00160.png,53.4,0.7,53.7,16.5,965
9/12/2019 8:08,datasets/dataset_cropped/09_Metas/12/08/20190912080800_00160.jpg,datasets_flow/dataset_cropped/09_Metas/12/08/20190912080800_00160.jpg,datasets_cloudmask/dataset_cropped/09_Metas/12/08/20190912080800_00160.png,58.5,0.7,58.8,16.6,965
9/12/2019 8:09,datasets/dataset_cropped/09_Metas/12/08/20190912080900_00160.jpg,datasets_flow/dataset_cropped/09_Metas/12/08/20190912080900_00160.jpg,datasets_cloudmask/dataset_cropped/09_Metas/12/08/20190912080900_00160.png,66.8,0.7,67.2,16.7,965
9/12/2019 8:10,datasets/dataset_cropped/09_Metas/12/08/20190912081000_00160.jpg,datasets_flow/dataset_cropped/09_Metas/12/08/20190912081000_00160.jpg,datasets_cloudmask/dataset_cropped/09_Metas/12/08/20190912081000_00160.png,80.2,0.6,80.6,16.7,965
9/12/2019 8:11,datasets/dataset_cropped/09_Metas/12/08/20190912081100_00160.jpg,datasets_flow/dataset_cropped/09_Metas/12/08/20190912081100_00160.jpg,datasets_cloudmask/dataset_cropped/09_Metas/12/08/20190912081100_00160.png,88.9,0.6,89.3,16.7,965
9/12/2019 8:12,datasets/dataset_cropped/09_Metas/12/08/20190912081200_00160.jpg,datasets_flow/dataset_cropped/09_Metas/12/08/20190912081200_00160.jpg,datasets_cloudmask/dataset_cropped/09_Metas/12/08/20190912081200_00160.png,84.6,0.6,84.9,16.7,965
9/12/2019 8:13,datasets/dataset_cropped/09_Metas/12/08/20190912081300_00160.jpg,datasets_flow/dataset_cropped/09_Metas/12/08/20190912081300_00160.jpg,datasets_cloudmask/dataset_cropped/09_Metas/12/08/20190912081300_00160.png,74.3,0.6,74.6,16.7,965
9/12/2019 8:14,datasets/dataset_cropped/09_Metas/12/08/20190912081400_00160.jpg,datasets_flow/dataset_cropped/09_Metas/12/08/20190912081400_00160.jpg,datasets_cloudmask/dataset_cropped/09_Metas/12/08/20190912081400_00160.png,67.7,0.6,68.1,16.7,965
9/12/2019 8:15,datasets/dataset_cropped/09_Metas/12/08/20190912081500_00160.jpg,datasets_flow/dataset_cropped/09_Metas/12/08/20190912081500_00160.jpg,datasets_cloudmask/dataset_cropped/09_Metas/12/08/20190912081500_00160.png,60.7,0.6,61,16.7,965
9/12/2019 8:16,datasets/dataset_cropped/09_Metas/12/08/20190912081600_00160.jpg,datasets_flow/dataset_cropped/09_Metas/12/08/20190912081600_00160.jpg,datasets_cloudmask/dataset_cropped/09_Metas/12/08/20190912081600_00160.png,49.8,0.6,50.2,16.8,965
9/12/2019 8:17,datasets/dataset_cropped/09_Metas/12/08/20190912081700_00160.jpg,datasets_flow/dataset_cropped/09_Metas/12/08/20190912081700_00160.jpg,datasets_cloudmask/dataset_cropped/09_Metas/12/08/20190912081700_00160.png,43.6,0.5,44,16.8,965
9/12/2019 8:18,datasets/dataset_cropped/09_Metas/12/08/20190912081800_00160.jpg,datasets_flow/dataset_cropped/09_Metas/12/08/20190912081800_00160.jpg,datasets_cloudmask/dataset_cropped/09_Metas/12/08/20190912081800_00160.png,46.2,0.4,46.5,16.8,965
9/12/2019 8:19,datasets/dataset_cropped/09_Metas/12/08/20190912081900_00160.jpg,datasets_flow/dataset_cropped/09_Metas/12/08/20190912081900_00160.jpg,datasets_cloudmask/dataset_cropped/09_Metas/12/08/20190912081900_00160.png,47.6,0.4,47.9,16.9,965
9/12/2019 8:20,datasets/dataset_cropped/09_Metas/12/08/20190912082000_00160.jpg,datasets_flow/dataset_cropped/09_Metas/12/08/20190912082000_00160.jpg,datasets_cloudmask/dataset_cropped/09_Metas/12/08/20190912082000_00160.png,47.4,0.4,47.7,16.9,965
9/12/2019 8:21,datasets/dataset_cropped/09_Metas/12/08/20190912082100_00160.jpg,datasets_flow/dataset_cropped/09_Metas/12/08/20190912082100_00160.jpg,datasets_cloudmask/dataset_cropped/09_Metas/12/08/20190912082100_00160.png,46.6,0.4,46.9,16.9,965
9/12/2019 8:22,datasets/dataset_cropped/09_Metas/12/08/20190912082200_00160.jpg,datasets_flow/dataset_cropped/09_Metas/12/08/20190912082200_00160.jpg,datasets_cloudmask/dataset_cropped/09_Metas/12/08/20190912082200_00160.png,44.4,0.3,44.7,16.9,965
9/12/2019 8:23,datasets/dataset_cropped/09_Metas/12/08/20190912082300_00160.jpg,datasets_flow/dataset_cropped/09_Metas/12/08/20190912082300_00160.jpg,datasets_cloudmask/dataset_cropped/09_Metas/12/08/20190912082300_00160.png,41.2,0,41.5,17,965
9/12/2019 8:24,datasets/dataset_cropped/09_Metas/12/08/20190912082400_00160.jpg,datasets_flow/dataset_cropped/09_Metas/12/08/20190912082400_00160.jpg,datasets_cloudmask/dataset_cropped/09_Metas/12/08/20190912082400_00160.png,37.3,0,37.7,16.9,965
9/12/2019 8:25,datasets/dataset_cropped/09_Metas/12/08/20190912082500_00160.jpg,datasets_flow/dataset_cropped/09_Metas/12/08/20190912082500_00160.jpg,datasets_cloudmask/dataset_cropped/09_Metas/12/08/20190912082500_00160.png,34.6,0,34.8,16.9,965
9/12/2019 8:26,datasets/dataset_cropped/09_Metas/12/08/20190912082600_00160.jpg,datasets_flow/dataset_cropped/09_Metas/12/08/20190912082600_00160.jpg,datasets_cloudmask/dataset_cropped/09_Metas/12/08/20190912082600_00160.png,32.4,0,32.4,16.8,965
9/12/2019 8:27,datasets/dataset_cropped/09_Metas/12/08/20190912082700_00160.jpg,datasets_flow/dataset_cropped/09_Metas/12/08/20190912082700_00160.jpg,datasets_cloudmask/dataset_cropped/09_Metas/12/08/20190912082700_00160.png,30.7,0,30.7,16.7,965
9/12/2019 8:28,datasets/dataset_cropped/09_Metas/12/08/20190912082800_00160.jpg,datasets_flow/dataset_cropped/09_Metas/12/08/20190912082800_00160.jpg,datasets_cloudmask/dataset_cropped/09_Metas/12/08/20190912082800_00160.png,31.6,0,31.4,16.6,965
9/12/2019 8:29,datasets/dataset_cropped/09_Metas/12/08/20190912082900_00160.jpg,datasets_flow/dataset_cropped/09_Metas/12/08/20190912082900_00160.jpg,datasets_cloudmask/dataset_cropped/09_Metas/12/08/20190912082900_00160.png,36.4,0,36.1,16.5,965
9/12/2019 8:30,datasets/dataset_cropped/09_Metas/12/08/20190912083000_00160.jpg,datasets_flow/dataset_cropped/09_Metas/12/08/20190912083000_00160.jpg,datasets_cloudmask/dataset_cropped/09_Metas/12/08/20190912083000_00160.png,41.8,0,41.5,16.3,965
9/12/2019 8:31,datasets/dataset_cropped/09_Metas/12/08/20190912083100_00160.jpg,datasets_flow/dataset_cropped/09_Metas/12/08/20190912083100_00160.jpg,datasets_cloudmask/dataset_cropped/09_Metas/12/08/20190912083100_00160.png,43.8,0,43.5,16.1,965
9/12/2019 8:32,datasets/dataset_cropped/09_Metas/12/08/20190912083200_00160.jpg,datasets_flow/dataset_cropped/09_Metas/12/08/20190912083200_00160.jpg,datasets_cloudmask/dataset_cropped/09_Metas/12/08/20190912083200_00160.png,44.6,0,44.3,16,965
9/12/2019 8:33,datasets/dataset_cropped/09_Metas/12/08/20190912083300_00160.jpg,datasets_flow/dataset_cropped/09_Metas/12/08/20190912083300_00160.jpg,datasets_cloudmask/dataset_cropped/09_Metas/12/08/20190912083300_00160.png,43.9,0,43.8,16,965
9/12/2019 8:34,datasets/dataset_cropped/09_Metas/12/08/20190912083400_00160.jpg,datasets_flow/dataset_cropped/09_Metas/12/08/20190912083400_00160.jpg,datasets_cloudmask/dataset_cropped/09_Metas/12/08/20190912083400_00160.png,38.3,0,38.1,15.9,965
9/12/2019 8:35,datasets/dataset_cropped/09_Metas/12/08/20190912083500_00160.jpg,datasets_flow/dataset_cropped/09_Metas/12/08/20190912083500_00160.jpg,datasets_cloudmask/dataset_cropped/09_Metas/12/08/20190912083500_00160.png,31.8,0,31.6,15.8,965
9/12/2019 8:36,datasets/dataset_cropped/09_Metas/12/08/20190912083600_00160.jpg,datasets_flow/dataset_cropped/09_Metas/12/08/20190912083600_00160.jpg,datasets_cloudmask/dataset_cropped/09_Metas/12/08/20190912083600_00160.png,28.7,0,28.4,15.8,965
9/12/2019 8:37,datasets/dataset_cropped/09_Metas/12/08/20190912083700_00160.jpg,datasets_flow/dataset_cropped/09_Metas/12/08/20190912083700_00160.jpg,datasets_cloudmask/dataset_cropped/09_Metas/12/08/20190912083700_00160.png,26.3,0,26,15.7,965
9/12/2019 8:38,datasets/dataset_cropped/09_Metas/12/08/20190912083800_00160.jpg,datasets_flow/dataset_cropped/09_Metas/12/08/20190912083800_00160.jpg,datasets_cloudmask/dataset_cropped/09_Metas/12/08/20190912083800_00160.png,24.7,0,24.2,15.7,965
9/12/2019 8:39,datasets/dataset_cropped/09_Metas/12/08/20190912083900_00160.jpg,datasets_flow/dataset_cropped/09_Metas/12/08/20190912083900_00160.jpg,datasets_cloudmask/dataset_cropped/09_Metas/12/08/20190912083900_00160.png,26.6,0,26.1,15.6,966
9/12/2019 8:40,datasets/dataset_cropped/09_Metas/12/08/20190912084000_00160.jpg,datasets_flow/dataset_cropped/09_Metas/12/08/20190912084000_00160.jpg,datasets_cloudmask/dataset_cropped/09_Metas/12/08/20190912084000_00160.png,33.2,0,32.9,15.6,966
9/12/2019 8:41,datasets/dataset_cropped/09_Metas/12/08/20190912084100_00160.jpg,datasets_flow/dataset_cropped/09_Metas/12/08/20190912084100_00160.jpg,datasets_cloudmask/dataset_cropped/09_Metas/12/08/20190912084100_00160.png,37.9,0,37.6,15.5,965
9/12/2019 8:42,datasets/dataset_cropped/09_Metas/12/08/20190912084200_00160.jpg,datasets_flow/dataset_cropped/09_Metas/12/08/20190912084200_00160.jpg,datasets_cloudmask/dataset_cropped/09_Metas/12/08/20190912084200_00160.png,37.6,0,37.4,15.5,965
9/12/2019 8:43,datasets/dataset_cropped/09_Metas/12/08/20190912084300_00160.jpg,datasets_flow/dataset_cropped/09_Metas/12/08/20190912084300_00160.jpg,datasets_cloudmask/dataset_cropped/09_Metas/12/08/20190912084300_00160.png,35.9,0,35.8,15.4,966
9/12/2019 8:44,datasets/dataset_cropped/09_Metas/12/08/20190912084400_00160.jpg,datasets_flow/dataset_cropped/09_Metas/12/08/20190912084400_00160.jpg,datasets_cloudmask/dataset_cropped/09_Metas/12/08/20190912084400_00160.png,36.1,0,36.1,15.3,966
9/12/2019 8:45,datasets/dataset_cropped/09_Metas/12/08/20190912084500_00160.jpg,datasets_flow/dataset_cropped/09_Metas/12/08/20190912084500_00160.jpg,datasets_cloudmask/dataset_cropped/09_Metas/12/08/20190912084500_00160.png,35.2,0,35.2,15.3,966
9/12/2019 8:46,datasets/dataset_cropped/09_Metas/12/08/20190912084600_00160.jpg,datasets_flow/dataset_cropped/09_Metas/12/08/20190912084600_00160.jpg,datasets_cloudmask/dataset_cropped/09_Metas/12/08/20190912084600_00160.png,35.7,0,35.8,15.3,966
9/12/2019 8:47,datasets/dataset_cropped/09_Metas/12/08/20190912084700_00160.jpg,datasets_flow/dataset_cropped/09_Metas/12/08/20190912084700_00160.jpg,datasets_cloudmask/dataset_cropped/09_Metas/12/08/20190912084700_00160.png,37.8,0,37.9,15.3,966
9/12/2019 8:48,datasets/dataset_cropped/09_Metas/12/08/20190912084800_00160.jpg,datasets_flow/dataset_cropped/09_Metas/12/08/20190912084800_00160.jpg,datasets_cloudmask/dataset_cropped/09_Metas/12/08/20190912084800_00160.png,38.6,0,38.7,15.2,966
9/12/2019 8:49,datasets/dataset_cropped/09_Metas/12/08/20190912084900_00160.jpg,datasets_flow/dataset_cropped/09_Metas/12/08/20190912084900_00160.jpg,datasets_cloudmask/dataset_cropped/09_Metas/12/08/20190912084900_00160.png,36.1,0,36.4,15.2,966
9/12/2019 8:50,datasets/dataset_cropped/09_Metas/12/08/20190912085000_00160.jpg,datasets_flow/dataset_cropped/09_Metas/12/08/20190912085000_00160.jpg,datasets_cloudmask/dataset_cropped/09_Metas/12/08/20190912085000_00160.png,34,0,34.2,15.2,966
9/12/2019 8:51,datasets/dataset_cropped/09_Metas/12/08/20190912085100_00160.jpg,datasets_flow/dataset_cropped/09_Metas/12/08/20190912085100_00160.jpg,datasets_cloudmask/dataset_cropped/09_Metas/12/08/20190912085100_00160.png,32.5,0,32.8,15.2,965
9/12/2019 8:52,datasets/dataset_cropped/09_Metas/12/08/20190912085200_00160.jpg,datasets_flow/dataset_cropped/09_Metas/12/08/20190912085200_00160.jpg,datasets_cloudmask/dataset_cropped/09_Metas/12/08/20190912085200_00160.png,31.5,0,31.8,15.2,965
9/12/2019 8:53,datasets/dataset_cropped/09_Metas/12/08/20190912085300_00160.jpg,datasets_flow/dataset_cropped/09_Metas/12/08/20190912085300_00160.jpg,datasets_cloudmask/dataset_cropped/09_Metas/12/08/20190912085300_00160.png,33.6,0,33.8,15.2,965
9/12/2019 8:54,datasets/dataset_cropped/09_Metas/12/08/20190912085400_00160.jpg,datasets_flow/dataset_cropped/09_Metas/12/08/20190912085400_00160.jpg,datasets_cloudmask/dataset_cropped/09_Metas/12/08/20190912085400_00160.png,39.1,0,39.4,15.2,965
9/12/2019 8:55,datasets/dataset_cropped/09_Metas/12/08/20190912085500_00160.jpg,datasets_flow/dataset_cropped/09_Metas/12/08/20190912085500_00160.jpg,datasets_cloudmask/dataset_cropped/09_Metas/12/08/20190912085500_00160.png,44.9,0,45.2,15.2,966
9/12/2019 8:56,datasets/dataset_cropped/09_Metas/12/08/20190912085600_00160.jpg,datasets_flow/dataset_cropped/09_Metas/12/08/20190912085600_00160.jpg,datasets_cloudmask/dataset_cropped/09_Metas/12/08/20190912085600_00160.png,47.1,0,47.4,15.2,966
9/12/2019 8:57,datasets/dataset_cropped/09_Metas/12/08/20190912085700_00160.jpg,datasets_flow/dataset_cropped/09_Metas/12/08/20190912085700_00160.jpg,datasets_cloudmask/dataset_cropped/09_Metas/12/08/20190912085700_00160.png,47.7,0,48.2,15.2,966
9/12/2019 8:58,datasets/dataset_cropped/09_Metas/12/08/20190912085800_00160.jpg,datasets_flow/dataset_cropped/09_Metas/12/08/20190912085800_00160.jpg,datasets_cloudmask/dataset_cropped/09_Metas/12/08/20190912085800_00160.png,51.5,0,52.1,15.2,966
9/12/2019 8:59,datasets/dataset_cropped/09_Metas/12/08/20190912085900_00160.jpg,datasets_flow/dataset_cropped/09_Metas/12/08/20190912085900_00160.jpg,datasets_cloudmask/dataset_cropped/09_Metas/12/08/20190912085900_00160.png,57.9,0,58.3,15.2,965
9/12/2019 9:00,datasets/dataset_cropped/09_Metas/12/09/20190912090000_00160.jpg,datasets_flow/dataset_cropped/09_Metas/12/09/20190912090000_00160.jpg,datasets_cloudmask/dataset_cropped/09_Metas/12/09/20190912090000_00160.png,63.5,0.1,63.7,15.2,965
9/12/2019 9:01,datasets/dataset_cropped/09_Metas/12/09/20190912090100_00160.jpg,datasets_flow/dataset_cropped/09_Metas/12/09/20190912090100_00160.jpg,datasets_cloudmask/dataset_cropped/09_Metas/12/09/20190912090100_00160.png,65,0.1,65.5,15.2,966
9/12/2019 9:02,datasets/dataset_cropped/09_Metas/12/09/20190912090200_00160.jpg,datasets_flow/dataset_cropped/09_Metas/12/09/20190912090200_00160.jpg,datasets_cloudmask/dataset_cropped/09_Metas/12/09/20190912090200_00160.png,67.3,0.2,67.6,15.2,966
9/12/2019 9:03,datasets/dataset_cropped/09_Metas/12/09/20190912090300_00160.jpg,datasets_flow/dataset_cropped/09_Metas/12/09/20190912090300_00160.jpg,datasets_cloudmask/dataset_cropped/09_Metas/12/09/20190912090300_00160.png,72.8,0.2,73.2,15.2,966
9/12/2019 9:04,datasets/dataset_cropped/09_Metas/12/09/20190912090400_00160.jpg,datasets_flow/dataset_cropped/09_Metas/12/09/20190912090400_00160.jpg,datasets_cloudmask/dataset_cropped/09_Metas/12/09/20190912090400_00160.png,73.6,0.1,74,15.2,966
9/12/2019 9:05,datasets/dataset_cropped/09_Metas/12/09/20190912090500_00160.jpg,datasets_flow/dataset_cropped/09_Metas/12/09/20190912090500_00160.jpg,datasets_cloudmask/dataset_cropped/09_Metas/12/09/20190912090500_00160.png,65.8,0.2,66.1,15.2,966
9/12/2019 9:06,datasets/dataset_cropped/09_Metas/12/09/20190912090600_00160.jpg,datasets_flow/dataset_cropped/09_Metas/12/09/20190912090600_00160.jpg,datasets_cloudmask/dataset_cropped/09_Metas/12/09/20190912090600_00160.png,58.1,0.2,58.2,15.2,966
9/12/2019 9:07,datasets/dataset_cropped/09_Metas/12/09/20190912090700_00160.jpg,datasets_flow/dataset_cropped/09_Metas/12/09/20190912090700_00160.jpg,datasets_cloudmask/dataset_cropped/09_Metas/12/09/20190912090700_00160.png,57.2,0.2,57.3,15.1,965
9/12/2019 9:08,datasets/dataset_cropped/09_Metas/12/09/20190912090800_00160.jpg,datasets_flow/dataset_cropped/09_Metas/12/09/20190912090800_00160.jpg,datasets_cloudmask/dataset_cropped/09_Metas/12/09/20190912090800_00160.png,62.6,0.1,62.6,15.2,966
9/12/2019 9:09,datasets/dataset_cropped/09_Metas/12/09/20190912090900_00160.jpg,datasets_flow/dataset_cropped/09_Metas/12/09/20190912090900_00160.jpg,datasets_cloudmask/dataset_cropped/09_Metas/12/09/20190912090900_00160.png,71.8,0,72.1,15.2,965
9/12/2019 9:10,datasets/dataset_cropped/09_Metas/12/09/20190912091000_00160.jpg,datasets_flow/dataset_cropped/09_Metas/12/09/20190912091000_00160.jpg,datasets_cloudmask/dataset_cropped/09_Metas/12/09/20190912091000_00160.png,81.9,0.1,81.9,15.3,966
9/12/2019 9:11,datasets/dataset_cropped/09_Metas/12/09/20190912091100_00160.jpg,datasets_flow/dataset_cropped/09_Metas/12/09/20190912091100_00160.jpg,datasets_cloudmask/dataset_cropped/09_Metas/12/09/20190912091100_00160.png,95,0.2,95.1,15.3,965
9/12/2019 9:12,datasets/dataset_cropped/09_Metas/12/09/20190912091200_00160.jpg,datasets_flow/dataset_cropped/09_Metas/12/09/20190912091200_00160.jpg,datasets_cloudmask/dataset_cropped/09_Metas/12/09/20190912091200_00160.png,112.1,0.2,112.4,15.3,965
9/12/2019 9:13,datasets/dataset_cropped/09_Metas/12/09/20190912091300_00160.jpg,datasets_flow/dataset_cropped/09_Metas/12/09/20190912091300_00160.jpg,datasets_cloudmask/dataset_cropped/09_Metas/12/09/20190912091300_00160.png,125.2,0.4,125.7,15.3,965
9/12/2019 9:14,datasets/dataset_cropped/09_Metas/12/09/20190912091400_00160.jpg,datasets_flow/dataset_cropped/09_Metas/12/09/20190912091400_00160.jpg,datasets_cloudmask/dataset_cropped/09_Metas/12/09/20190912091400_00160.png,126.6,0.5,127.3,15.3,966
9/12/2019 9:15,datasets/dataset_cropped/09_Metas/12/09/20190912091500_00160.jpg,datasets_flow/dataset_cropped/09_Metas/12/09/20190912091500_00160.jpg,datasets_cloudmask/dataset_cropped/09_Metas/12/09/20190912091500_00160.png,115.1,0.6,115.8,15.3,966
9/12/2019 9:16,datasets/dataset_cropped/09_Metas/12/09/20190912091600_00160.jpg,datasets_flow/dataset_cropped/09_Metas/12/09/20190912091600_00160.jpg,datasets_cloudmask/dataset_cropped/09_Metas/12/09/20190912091600_00160.png,101.3,0.8,102,15.3,966
9/12/2019 9:17,datasets/dataset_cropped/09_Metas/12/09/20190912091700_00160.jpg,datasets_flow/dataset_cropped/09_Metas/12/09/20190912091700_00160.jpg,datasets_cloudmask/dataset_cropped/09_Metas/12/09/20190912091700_00160.png,100.8,0.6,101.7,15.3,966
9/12/2019 9:18,datasets/dataset_cropped/09_Metas/12/09/20190912091800_00160.jpg,datasets_flow/dataset_cropped/09_Metas/12/09/20190912091800_00160.jpg,datasets_cloudmask/dataset_cropped/09_Metas/12/09/20190912091800_00160.png,107.7,0.6,108.7,15.3,966
9/12/2019 9:19,datasets/dataset_cropped/09_Metas/12/09/20190912091900_00160.jpg,datasets_flow/dataset_cropped/09_Metas/12/09/20190912091900_00160.jpg,datasets_cloudmask/dataset_cropped/09_Metas/12/09/20190912091900_00160.png,106.5,0.4,107.5,15.3,966
9/12/2019 9:20,datasets/dataset_cropped/09_Metas/12/09/20190912092000_00160.jpg,datasets_flow/dataset_cropped/09_Metas/12/09/20190912092000_00160.jpg,datasets_cloudmask/dataset_cropped/09_Metas/12/09/20190912092000_00160.png,98.4,0.1,99,15.3,966
9/12/2019 9:21,datasets/dataset_cropped/09_Metas/12/09/20190912092100_00160.jpg,datasets_flow/dataset_cropped/09_Metas/12/09/20190912092100_00160.jpg,datasets_cloudmask/dataset_cropped/09_Metas/12/09/20190912092100_00160.png,88.3,0,88.7,15.3,966
9/12/2019 9:22,datasets/dataset_cropped/09_Metas/12/09/20190912092200_00160.jpg,datasets_flow/dataset_cropped/09_Metas/12/09/20190912092200_00160.jpg,datasets_cloudmask/dataset_cropped/09_Metas/12/09/20190912092200_00160.png,82.2,0.1,82.9,15.3,966
9/12/2019 9:23,datasets/dataset_cropped/09_Metas/12/09/20190912092300_00160.jpg,datasets_flow/dataset_cropped/09_Metas/12/09/20190912092300_00160.jpg,datasets_cloudmask/dataset_cropped/09_Metas/12/09/20190912092300_00160.png,81.5,0.1,82.2,15.4,966
9/12/2019 9:24,datasets/dataset_cropped/09_Metas/12/09/20190912092400_00160.jpg,datasets_flow/dataset_cropped/09_Metas/12/09/20190912092400_00160.jpg,datasets_cloudmask/dataset_cropped/09_Metas/12/09/20190912092400_00160.png,78.4,0.2,79,15.4,966
9/12/2019 9:25,datasets/dataset_cropped/09_Metas/12/09/20190912092500_00160.jpg,datasets_flow/dataset_cropped/09_Metas/12/09/20190912092500_00160.jpg,datasets_cloudmask/dataset_cropped/09_Metas/12/09/20190912092500_00160.png,78.2,0.3,78.6,15.3,966
9/12/2019 9:26,datasets/dataset_cropped/09_Metas/12/09/20190912092600_00160.jpg,datasets_flow/dataset_cropped/09_Metas/12/09/20190912092600_00160.jpg,datasets_cloudmask/dataset_cropped/09_Metas/12/09/20190912092600_00160.png,84,0.3,84.7,15.3,966
9/12/2019 9:27,datasets/dataset_cropped/09_Metas/12/09/20190912092700_00160.jpg,datasets_flow/dataset_cropped/09_Metas/12/09/20190912092700_00160.jpg,datasets_cloudmask/dataset_cropped/09_Metas/12/09/20190912092700_00160.png,97.5,0.4,97.9,15.4,966
9/12/2019 9:28,datasets/dataset_cropped/09_Metas/12/09/20190912092800_00160.jpg,datasets_flow/dataset_cropped/09_Metas/12/09/20190912092800_00160.jpg,datasets_cloudmask/dataset_cropped/09_Metas/12/09/20190912092800_00160.png,110.8,0.4,111.4,15.3,966
9/12/2019 9:29,datasets/dataset_cropped/09_Metas/12/09/20190912092900_00160.jpg,datasets_flow/dataset_cropped/09_Metas/12/09/20190912092900_00160.jpg,datasets_cloudmask/dataset_cropped/09_Metas/12/09/20190912092900_00160.png,122.7,0.5,123.9,15.4,966
9/12/2019 9:30,datasets/dataset_cropped/09_Metas/12/09/20190912093000_00160.jpg,datasets_flow/dataset_cropped/09_Metas/12/09/20190912093000_00160.jpg,datasets_cloudmask/dataset_cropped/09_Metas/12/09/20190912093000_00160.png,129.2,0.6,130.3,15.4,966
9/12/2019 9:31,datasets/dataset_cropped/09_Metas/12/09/20190912093100_00160.jpg,datasets_flow/dataset_cropped/09_Metas/12/09/20190912093100_00160.jpg,datasets_cloudmask/dataset_cropped/09_Metas/12/09/20190912093100_00160.png,129.6,0.7,130.8,15.4,966
9/12/2019 9:32,datasets/dataset_cropped/09_Metas/12/09/20190912093200_00160.jpg,datasets_flow/dataset_cropped/09_Metas/12/09/20190912093200_00160.jpg,datasets_cloudmask/dataset_cropped/09_Metas/12/09/20190912093200_00160.png,127.8,0.8,128.8,15.4,966
9/12/2019 9:33,datasets/dataset_cropped/09_Metas/12/09/20190912093300_00160.jpg,datasets_flow/dataset_cropped/09_Metas/12/09/20190912093300_00160.jpg,datasets_cloudmask/dataset_cropped/09_Metas/12/09/20190912093300_00160.png,123.4,0.8,124.2,15.4,966
9/12/2019 9:34,datasets/dataset_cropped/09_Metas/12/09/20190912093400_00160.jpg,datasets_flow/dataset_cropped/09_Metas/12/09/20190912093400_00160.jpg,datasets_cloudmask/dataset_cropped/09_Metas/12/09/20190912093400_00160.png,117.5,0.8,118.4,15.5,966
9/12/2019 9:35,datasets/dataset_cropped/09_Metas/12/09/20190912093500_00160.jpg,datasets_flow/dataset_cropped/09_Metas/12/09/20190912093500_00160.jpg,datasets_cloudmask/dataset_cropped/09_Metas/12/09/20190912093500_00160.png,116,0.8,116.9,15.5,966
9/12/2019 9:36,datasets/dataset_cropped/09_Metas/12/09/20190912093600_00160.jpg,datasets_flow/dataset_cropped/09_Metas/12/09/20190912093600_00160.jpg,datasets_cloudmask/dataset_cropped/09_Metas/12/09/20190912093600_00160.png,109.9,0.8,110.6,15.6,966
9/12/2019 9:37,datasets/dataset_cropped/09_Metas/12/09/20190912093700_00160.jpg,datasets_flow/dataset_cropped/09_Metas/12/09/20190912093700_00160.jpg,datasets_cloudmask/dataset_cropped/09_Metas/12/09/20190912093700_00160.png,101.7,0.8,102.2,15.7,966
9/12/2019 9:38,datasets/dataset_cropped/09_Metas/12/09/20190912093800_00160.jpg,datasets_flow/dataset_cropped/09_Metas/12/09/20190912093800_00160.jpg,datasets_cloudmask/dataset_cropped/09_Metas/12/09/20190912093800_00160.png,102.4,0.7,102.8,15.6,966
9/12/2019 9:39,datasets/dataset_cropped/09_Metas/12/09/20190912093900_00160.jpg,datasets_flow/dataset_cropped/09_Metas/12/09/20190912093900_00160.jpg,datasets_cloudmask/dataset_cropped/09_Metas/12/09/20190912093900_00160.png,103.2,0.7,103.5,15.5,966
9/12/2019 9:40,datasets/dataset_cropped/09_Metas/12/09/20190912094000_00160.jpg,datasets_flow/dataset_cropped/09_Metas/12/09/20190912094000_00160.jpg,datasets_cloudmask/dataset_cropped/09_Metas/12/09/20190912094000_00160.png,102.1,1,102.2,15.6,966
9/12/2019 9:41,datasets/dataset_cropped/09_Metas/12/09/20190912094100_00160.jpg,datasets_flow/dataset_cropped/09_Metas/12/09/20190912094100_00160.jpg,datasets_cloudmask/dataset_cropped/09_Metas/12/09/20190912094100_00160.png,113.4,0.9,113.8,15.6,966
9/12/2019 9:42,datasets/dataset_cropped/09_Metas/12/09/20190912094200_00160.jpg,datasets_flow/dataset_cropped/09_Metas/12/09/20190912094200_00160.jpg,datasets_cloudmask/dataset_cropped/09_Metas/12/09/20190912094200_00160.png,128.9,1.6,127.9,15.6,966
9/12/2019 9:43,datasets/dataset_cropped/09_Metas/12/09/20190912094300_00160.jpg,datasets_flow/dataset_cropped/09_Metas/12/09/20190912094300_00160.jpg,datasets_cloudmask/dataset_cropped/09_Metas/12/09/20190912094300_00160.png,138.4,3.1,136.2,15.5,966
9/12/2019 9:44,datasets/dataset_cropped/09_Metas/12/09/20190912094400_00160.jpg,datasets_flow/dataset_cropped/09_Metas/12/09/20190912094400_00160.jpg,datasets_cloudmask/dataset_cropped/09_Metas/12/09/20190912094400_00160.png,152.5,0.9,153.2,15.6,966
9/12/2019 9:45,datasets/dataset_cropped/09_Metas/12/09/20190912094500_00160.jpg,datasets_flow/dataset_cropped/09_Metas/12/09/20190912094500_00160.jpg,datasets_cloudmask/dataset_cropped/09_Metas/12/09/20190912094500_00160.png,171.6,0.8,172.4,15.6,966
9/12/2019 9:46,datasets/dataset_cropped/09_Metas/12/09/20190912094600_00160.jpg,datasets_flow/dataset_cropped/09_Metas/12/09/20190912094600_00160.jpg,datasets_cloudmask/dataset_cropped/09_Metas/12/09/20190912094600_00160.png,178.1,0.8,178.8,15.6,966
9/12/2019 9:47,datasets/dataset_cropped/09_Metas/12/09/20190912094700_00160.jpg,datasets_flow/dataset_cropped/09_Metas/12/09/20190912094700_00160.jpg,datasets_cloudmask/dataset_cropped/09_Metas/12/09/20190912094700_00160.png,167.8,0.9,168.7,15.6,966
9/12/2019 9:48,datasets/dataset_cropped/09_Metas/12/09/20190912094800_00160.jpg,datasets_flow/dataset_cropped/09_Metas/12/09/20190912094800_00160.jpg,datasets_cloudmask/dataset_cropped/09_Metas/12/09/20190912094800_00160.png,153.1,0.9,153.7,15.7,966
9/12/2019 9:49,datasets/dataset_cropped/09_Metas/12/09/20190912094900_00160.jpg,datasets_flow/dataset_cropped/09_Metas/12/09/20190912094900_00160.jpg,datasets_cloudmask/dataset_cropped/09_Metas/12/09/20190912094900_00160.png,145.6,0.9,145.8,15.7,966
9/12/2019 9:50,datasets/dataset_cropped/09_Metas/12/09/20190912095000_00160.jpg,datasets_flow/dataset_cropped/09_Metas/12/09/20190912095000_00160.jpg,datasets_cloudmask/dataset_cropped/09_Metas/12/09/20190912095000_00160.png,138,1,138.5,15.7,966
9/12/2019 9:51,datasets/dataset_cropped/09_Metas/12/09/20190912095100_00160.jpg,datasets_flow/dataset_cropped/09_Metas/12/09/20190912095100_00160.jpg,datasets_cloudmask/dataset_cropped/09_Metas/12/09/20190912095100_00160.png,134.9,1,135.3,15.8,966
9/12/2019 9:52,datasets/dataset_cropped/09_Metas/12/09/20190912095200_00160.jpg,datasets_flow/dataset_cropped/09_Metas/12/09/20190912095200_00160.jpg,datasets_cloudmask/dataset_cropped/09_Metas/12/09/20190912095200_00160.png,144.6,1,145.1,15.9,966
9/12/2019 9:53,datasets/dataset_cropped/09_Metas/12/09/20190912095300_00160.jpg,datasets_flow/dataset_cropped/09_Metas/12/09/20190912095300_00160.jpg,datasets_cloudmask/dataset_cropped/09_Metas/12/09/20190912095300_00160.png,164.3,1.1,164.9,15.8,966
9/12/2019 9:54,datasets/dataset_cropped/09_Metas/12/09/20190912095400_00160.jpg,datasets_flow/dataset_cropped/09_Metas/12/09/20190912095400_00160.jpg,datasets_cloudmask/dataset_cropped/09_Metas/12/09/20190912095400_00160.png,185.1,1.1,185.5,15.8,966
9/12/2019 9:55,datasets/dataset_cropped/09_Metas/12/09/20190912095500_00160.jpg,datasets_flow/dataset_cropped/09_Metas/12/09/20190912095500_00160.jpg,datasets_cloudmask/dataset_cropped/09_Metas/12/09/20190912095500_00160.png,205.8,1.2,205.3,15.8,966
9/12/2019 9:56,datasets/dataset_cropped/09_Metas/12/09/20190912095600_00160.jpg,datasets_flow/dataset_cropped/09_Metas/12/09/20190912095600_00160.jpg,datasets_cloudmask/dataset_cropped/09_Metas/12/09/20190912095600_00160.png,226.2,3.9,222.1,15.8,966
9/12/2019 9:57,datasets/dataset_cropped/09_Metas/12/09/20190912095700_00160.jpg,datasets_flow/dataset_cropped/09_Metas/12/09/20190912095700_00160.jpg,datasets_cloudmask/dataset_cropped/09_Metas/12/09/20190912095700_00160.png,231.6,6.7,224.9,15.9,966
9/12/2019 9:58,datasets/dataset_cropped/09_Metas/12/09/20190912095800_00160.jpg,datasets_flow/dataset_cropped/09_Metas/12/09/20190912095800_00160.jpg,datasets_cloudmask/dataset_cropped/09_Metas/12/09/20190912095800_00160.png,236.9,9.5,227.7,15.9,966
9/12/2019 9:59,datasets/dataset_cropped/09_Metas/12/09/20190912095900_00160.jpg,datasets_flow/dataset_cropped/09_Metas/12/09/20190912095900_00160.jpg,datasets_cloudmask/dataset_cropped/09_Metas/12/09/20190912095900_00160.png,242.3,12.3,230.6,16,966
9/12/2019 10:00,datasets/dataset_cropped/09_Metas/12/10/20190912100000_00160.jpg,datasets_flow/dataset_cropped/09_Metas/12/10/20190912100000_00160.jpg,datasets_cloudmask/dataset_cropped/09_Metas/12/10/20190912100000_00160.png,247.6,15.1,233.4,16.1,966
9/12/2019 10:01,datasets/dataset_cropped/09_Metas/12/10/20190912100100_00160.jpg,datasets_flow/dataset_cropped/09_Metas/12/10/20190912100100_00160.jpg,datasets_cloudmask/dataset_cropped/09_Metas/12/10/20190912100100_00160.png,253,17.9,236.2,16.1,966
9/12/2019 10:02,datasets/dataset_cropped/09_Metas/12/10/20190912100200_00160.jpg,datasets_flow/dataset_cropped/09_Metas/12/10/20190912100200_00160.jpg,datasets_cloudmask/dataset_cropped/09_Metas/12/10/20190912100200_00160.png,258.3,20.7,239,16.2,966
9/12/2019 10:03,datasets/dataset_cropped/09_Metas/12/10/20190912100300_00160.jpg,datasets_flow/dataset_cropped/09_Metas/12/10/20190912100300_00160.jpg,datasets_cloudmask/dataset_cropped/09_Metas/12/10/20190912100300_00160.png,263.7,23.5,241.9,16.3,966
9/12/2019 10:04,datasets/dataset_cropped/09_Metas/12/10/20190912100400_00160.jpg,datasets_flow/dataset_cropped/09_Metas/12/10/20190912100400_00160.jpg,datasets_cloudmask/dataset_cropped/09_Metas/12/10/20190912100400_00160.png,269.1,26.3,244.7,16.3,966
9/12/2019 10:05,datasets/dataset_cropped/09_Metas/12/10/20190912100500_00160.jpg,datasets_flow/dataset_cropped/09_Metas/12/10/20190912100500_00160.jpg,datasets_cloudmask/dataset_cropped/09_Metas/12/10/20190912100500_00160.png,274.4,29.2,247.5,16.4,966
9/12/2019 10:06,datasets/dataset_cropped/09_Metas/12/10/20190912100600_00160.jpg,datasets_flow/dataset_cropped/09_Metas/12/10/20190912100600_00160.jpg,datasets_cloudmask/dataset_cropped/09_Metas/12/10/20190912100600_00160.png,279.8,32,250.3,16.5,966
9/12/2019 10:07,datasets/dataset_cropped/09_Metas/12/10/20190912100700_00160.jpg,datasets_flow/dataset_cropped/09_Metas/12/10/20190912100700_00160.jpg,datasets_cloudmask/dataset_cropped/09_Metas/12/10/20190912100700_00160.png,285.1,34.8,253.2,16.5,966
9/12/2019 10:08,datasets/dataset_cropped/09_Metas/12/10/20190912100800_00160.jpg,datasets_flow/dataset_cropped/09_Metas/12/10/20190912100800_00160.jpg,datasets_cloudmask/dataset_cropped/09_Metas/12/10/20190912100800_00160.png,290.5,37.6,256,16.6,966
9/12/2019 10:09,datasets/dataset_cropped/09_Metas/12/10/20190912100900_00160.jpg,datasets_flow/dataset_cropped/09_Metas/12/10/20190912100900_00160.jpg,datasets_cloudmask/dataset_cropped/09_Metas/12/10/20190912100900_00160.png,295.8,40.4,258.8,16.6,966
9/12/2019 10:10,datasets/dataset_cropped/09_Metas/12/10/20190912101000_00160.jpg,datasets_flow/dataset_cropped/09_Metas/12/10/20190912101000_00160.jpg,datasets_cloudmask/dataset_cropped/09_Metas/12/10/20190912101000_00160.png,301.2,43.2,261.6,16.7,966
9/12/2019 10:11,datasets/dataset_cropped/09_Metas/12/10/20190912101100_00160.jpg,datasets_flow/dataset_cropped/09_Metas/12/10/20190912101100_00160.jpg,datasets_cloudmask/dataset_cropped/09_Metas/12/10/20190912101100_00160.png,306.6,46,264.5,16.8,966
9/12/2019 10:12,datasets/dataset_cropped/09_Metas/12/10/20190912101200_00160.jpg,datasets_flow/dataset_cropped/09_Metas/12/10/20190912101200_00160.jpg,datasets_cloudmask/dataset_cropped/09_Metas/12/10/20190912101200_00160.png,311.9,48.8,267.3,16.8,966
9/12/2019 10:13,datasets/dataset_cropped/09_Metas/12/10/20190912101300_00160.jpg,datasets_flow/dataset_cropped/09_Metas/12/10/20190912101300_00160.jpg,datasets_cloudmask/dataset_cropped/09_Metas/12/10/20190912101300_00160.png,317.3,51.6,270.1,16.9,966
9/12/2019 10:14,datasets/dataset_cropped/09_Metas/12/10/20190912101400_00160.jpg,datasets_flow/dataset_cropped/09_Metas/12/10/20190912101400_00160.jpg,datasets_cloudmask/dataset_cropped/09_Metas/12/10/20190912101400_00160.png,322.6,54.4,272.9,17,966
9/12/2019 10:15,datasets/dataset_cropped/09_Metas/12/10/20190912101500_00160.jpg,datasets_flow/dataset_cropped/09_Metas/12/10/20190912101500_00160.jpg,datasets_cloudmask/dataset_cropped/09_Metas/12/10/20190912101500_00160.png,328,57.2,275.8,17,966
9/12/2019 10:16,datasets/dataset_cropped/09_Metas/12/10/20190912101600_00160.jpg,datasets_flow/dataset_cropped/09_Metas/12/10/20190912101600_00160.jpg,datasets_cloudmask/dataset_cropped/09_Metas/12/10/20190912101600_00160.png,333.3,60,278.6,17.1,966
9/12/2019 10:17,datasets/dataset_cropped/09_Metas/12/10/20190912101700_00160.jpg,datasets_flow/dataset_cropped/09_Metas/12/10/20190912101700_00160.jpg,datasets_cloudmask/dataset_cropped/09_Metas/12/10/20190912101700_00160.png,338.7,62.8,281.4,17.2,966
9/12/2019 10:18,datasets/dataset_cropped/09_Metas/12/10/20190912101800_00160.jpg,datasets_flow/dataset_cropped/09_Metas/12/10/20190912101800_00160.jpg,datasets_cloudmask/dataset_cropped/09_Metas/12/10/20190912101800_00160.png,344.1,65.6,284.2,17.2,966
9/12/2019 10:19,datasets/dataset_cropped/09_Metas/12/10/20190912101900_00160.jpg,datasets_flow/dataset_cropped/09_Metas/12/10/20190912101900_00160.jpg,datasets_cloudmask/dataset_cropped/09_Metas/12/10/20190912101900_00160.png,349.4,68.4,287.1,17.3,966
9/12/2019 10:20,datasets/dataset_cropped/09_Metas/12/10/20190912102000_00160.jpg,datasets_flow/dataset_cropped/09_Metas/12/10/20190912102000_00160.jpg,datasets_cloudmask/dataset_cropped/09_Metas/12/10/20190912102000_00160.png,354.8,71.2,289.9,17.4,966
9/12/2019 10:21,datasets/dataset_cropped/09_Metas/12/10/20190912102100_00160.jpg,datasets_flow/dataset_cropped/09_Metas/12/10/20190912102100_00160.jpg,datasets_cloudmask/dataset_cropped/09_Metas/12/10/20190912102100_00160.png,360.1,74.1,292.7,17.4,966
9/12/2019 10:22,datasets/dataset_cropped/09_Metas/12/10/20190912102200_00160.jpg,datasets_flow/dataset_cropped/09_Metas/12/10/20190912102200_00160.jpg,datasets_cloudmask/dataset_cropped/09_Metas/12/10/20190912102200_00160.png,365.5,76.9,295.5,17.5,966
9/12/2019 10:23,datasets/dataset_cropped/09_Metas/12/10/20190912102300_00160.jpg,datasets_flow/dataset_cropped/09_Metas/12/10/20190912102300_00160.jpg,datasets_cloudmask/dataset_cropped/09_Metas/12/10/20190912102300_00160.png,370.8,79.7,298.4,17.6,966
9/12/2019 10:24,datasets/dataset_cropped/09_Metas/12/10/20190912102400_00160.jpg,datasets_flow/dataset_cropped/09_Metas/12/10/20190912102400_00160.jpg,datasets_cloudmask/dataset_cropped/09_Metas/12/10/20190912102400_00160.png,376.2,82.5,301.2,17.6,966
9/12/2019 10:25,datasets/dataset_cropped/09_Metas/12/10/20190912102500_00160.jpg,datasets_flow/dataset_cropped/09_Metas/12/10/20190912102500_00160.jpg,datasets_cloudmask/dataset_cropped/09_Metas/12/10/20190912102500_00160.png,381.6,85.3,304,17.7,966
9/12/2019 10:26,datasets/dataset_cropped/09_Metas/12/10/20190912102600_00160.jpg,datasets_flow/dataset_cropped/09_Metas/12/10/20190912102600_00160.jpg,datasets_cloudmask/dataset_cropped/09_Metas/12/10/20190912102600_00160.png,386.9,88.1,306.8,17.8,966
9/12/2019 10:27,datasets/dataset_cropped/09_Metas/12/10/20190912102700_00160.jpg,datasets_flow/dataset_cropped/09_Metas/12/10/20190912102700_00160.jpg,datasets_cloudmask/dataset_cropped/09_Metas/12/10/20190912102700_00160.png,392.3,90.9,309.7,17.8,966
9/12/2019 10:28,datasets/dataset_cropped/09_Metas/12/10/20190912102800_00160.jpg,datasets_flow/dataset_cropped/09_Metas/12/10/20190912102800_00160.jpg,datasets_cloudmask/dataset_cropped/09_Metas/12/10/20190912102800_00160.png,397.6,93.7,312.5,17.9,966
9/12/2019 10:29,datasets/dataset_cropped/09_Metas/12/10/20190912102900_00160.jpg,datasets_flow/dataset_cropped/09_Metas/12/10/20190912102900_00160.jpg,datasets_cloudmask/dataset_cropped/09_Metas/12/10/20190912102900_00160.png,403,96.5,315.3,18,966
9/12/2019 10:30,datasets/dataset_cropped/09_Metas/12/10/20190912103000_00160.jpg,datasets_flow/dataset_cropped/09_Metas/12/10/20190912103000_00160.jpg,datasets_cloudmask/dataset_cropped/09_Metas/12/10/20190912103000_00160.png,408.3,99.3,318.1,18,966
9/12/2019 10:31,datasets/dataset_cropped/09_Metas/12/10/20190912103100_00160.jpg,datasets_flow/dataset_cropped/09_Metas/12/10/20190912103100_00160.jpg,datasets_cloudmask/dataset_cropped/09_Metas/12/10/20190912103100_00160.png,413.7,102.1,321,18.1,966
9/12/2019 10:32,datasets/dataset_cropped/09_Metas/12/10/20190912103200_00160.jpg,datasets_flow/dataset_cropped/09_Metas/12/10/20190912103200_00160.jpg,datasets_cloudmask/dataset_cropped/09_Metas/12/10/20190912103200_00160.png,419.1,104.9,323.8,18.2,966
9/12/2019 10:33,datasets/dataset_cropped/09_Metas/12/10/20190912103300_00160.jpg,datasets_flow/dataset_cropped/09_Metas/12/10/20190912103300_00160.jpg,datasets_cloudmask/dataset_cropped/09_Metas/12/10/20190912103300_00160.png,424.4,107.7,326.6,18.2,966
9/12/2019 10:34,datasets/dataset_cropped/09_Metas/12/10/20190912103400_00160.jpg,datasets_flow/dataset_cropped/09_Metas/12/10/20190912103400_00160.jpg,datasets_cloudmask/dataset_cropped/09_Metas/12/10/20190912103400_00160.png,429.8,110.5,329.4,18.3,966
9/12/2019 10:35,datasets/dataset_cropped/09_Metas/12/10/20190912103500_00160.jpg,datasets_flow/dataset_cropped/09_Metas/12/10/20190912103500_00160.jpg,datasets_cloudmask/dataset_cropped/09_Metas/12/10/20190912103500_00160.png,435.1,113.3,332.3,18.3,966
9/12/2019 10:36,datasets/dataset_cropped/09_Metas/12/10/20190912103600_00160.jpg,datasets_flow/dataset_cropped/09_Metas/12/10/20190912103600_00160.jpg,datasets_cloudmask/dataset_cropped/09_Metas/12/10/20190912103600_00160.png,440.5,116.1,335.1,18.4,966
9/12/2019 10:37,datasets/dataset_cropped/09_Metas/12/10/20190912103700_00160.jpg,datasets_flow/dataset_cropped/09_Metas/12/10/20190912103700_00160.jpg,datasets_cloudmask/dataset_cropped/09_Metas/12/10/20190912103700_00160.png,445.8,119,337.9,18.5,966
9/12/2019 10:38,datasets/dataset_cropped/09_Metas/12/10/20190912103800_00160.jpg,datasets_flow/dataset_cropped/09_Metas/12/10/20190912103800_00160.jpg,datasets_cloudmask/dataset_cropped/09_Metas/12/10/20190912103800_00160.png,451.2,121.8,340.7,18.5,966
9/12/2019 10:39,datasets/dataset_cropped/09_Metas/12/10/20190912103900_00160.jpg,datasets_flow/dataset_cropped/09_Metas/12/10/20190912103900_00160.jpg,datasets_cloudmask/dataset_cropped/09_Metas/12/10/20190912103900_00160.png,456.6,124.6,343.6,18.6,966
9/12/2019 10:40,datasets/dataset_cropped/09_Metas/12/10/20190912104000_00160.jpg,datasets_flow/dataset_cropped/09_Metas/12/10/20190912104000_00160.jpg,datasets_cloudmask/dataset_cropped/09_Metas/12/10/20190912104000_00160.png,461.9,127.4,346.4,18.7,966
9/12/2019 10:41,datasets/dataset_cropped/09_Metas/12/10/20190912104100_00160.jpg,datasets_flow/dataset_cropped/09_Metas/12/10/20190912104100_00160.jpg,datasets_cloudmask/dataset_cropped/09_Metas/12/10/20190912104100_00160.png,467.3,130.2,349.2,18.7,966
9/12/2019 10:42,datasets/dataset_cropped/09_Metas/12/10/20190912104200_00160.jpg,datasets_flow/dataset_cropped/09_Metas/12/10/20190912104200_00160.jpg,datasets_cloudmask/dataset_cropped/09_Metas/12/10/20190912104200_00160.png,472.6,133,352,18.8,966
9/12/2019 10:43,datasets/dataset_cropped/09_Metas/12/10/20190912104300_00160.jpg,datasets_flow/dataset_cropped/09_Metas/12/10/20190912104300_00160.jpg,datasets_cloudmask/dataset_cropped/09_Metas/12/10/20190912104300_00160.png,478,135.8,354.9,18.9,966
9/12/2019 10:44,datasets/dataset_cropped/09_Metas/12/10/20190912104400_00160.jpg,datasets_flow/dataset_cropped/09_Metas/12/10/20190912104400_00160.jpg,datasets_cloudmask/dataset_cropped/09_Metas/12/10/20190912104400_00160.png,483.3,138.6,357.7,18.9,966
9/12/2019 10:45,datasets/dataset_cropped/09_Metas/12/10/20190912104500_00160.jpg,datasets_flow/dataset_cropped/09_Metas/12/10/20190912104500_00160.jpg,datasets_cloudmask/dataset_cropped/09_Metas/12/10/20190912104500_00160.png,488.7,141.4,360.5,19,966
9/12/2019 10:46,datasets/dataset_cropped/09_Metas/12/10/20190912104600_00160.jpg,datasets_flow/dataset_cropped/09_Metas/12/10/20190912104600_00160.jpg,datasets_cloudmask/dataset_cropped/09_Metas/12/10/20190912104600_00160.png,477.8,134.8,355.7,19.1,966
9/12/2019 10:47,datasets/dataset_cropped/09_Metas/12/10/20190912104700_00160.jpg,datasets_flow/dataset_cropped/09_Metas/12/10/20190912104700_00160.jpg,datasets_cloudmask/dataset_cropped/09_Metas/12/10/20190912104700_00160.png,467,128.2,350.8,19.1,966
9/12/2019 10:48,datasets/dataset_cropped/09_Metas/12/10/20190912104800_00160.jpg,datasets_flow/dataset_cropped/09_Metas/12/10/20190912104800_00160.jpg,datasets_cloudmask/dataset_cropped/09_Metas/12/10/20190912104800_00160.png,456.1,121.5,346,19.2,966
9/12/2019 10:49,datasets/dataset_cropped/09_Metas/12/10/20190912104900_00160.jpg,datasets_flow/dataset_cropped/09_Metas/12/10/20190912104900_00160.jpg,datasets_cloudmask/dataset_cropped/09_Metas/12/10/20190912104900_00160.png,445.3,114.9,341.2,19.2,966
9/12/2019 10:50,datasets/dataset_cropped/09_Metas/12/10/20190912105000_00160.jpg,datasets_flow/dataset_cropped/09_Metas/12/10/20190912105000_00160.jpg,datasets_cloudmask/dataset_cropped/09_Metas/12/10/20190912105000_00160.png,434.4,108.3,336.3,19.3,966
9/12/2019 10:51,datasets/dataset_cropped/09_Metas/12/10/20190912105100_00160.jpg,datasets_flow/dataset_cropped/09_Metas/12/10/20190912105100_00160.jpg,datasets_cloudmask/dataset_cropped/09_Metas/12/10/20190912105100_00160.png,423.5,101.7,331.5,19.4,966
9/12/2019 10:52,datasets/dataset_cropped/09_Metas/12/10/20190912105200_00160.jpg,datasets_flow/dataset_cropped/09_Metas/12/10/20190912105200_00160.jpg,datasets_cloudmask/dataset_cropped/09_Metas/12/10/20190912105200_00160.png,412.7,95.1,326.7,19.4,966
9/12/2019 10:53,datasets/dataset_cropped/09_Metas/12/10/20190912105300_00160.jpg,datasets_flow/dataset_cropped/09_Metas/12/10/20190912105300_00160.jpg,datasets_cloudmask/dataset_cropped/09_Metas/12/10/20190912105300_00160.png,401.8,88.4,321.8,19.5,966
9/12/2019 10:54,datasets/dataset_cropped/09_Metas/12/10/20190912105400_00160.jpg,datasets_flow/dataset_cropped/09_Metas/12/10/20190912105400_00160.jpg,datasets_cloudmask/dataset_cropped/09_Metas/12/10/20190912105400_00160.png,391,81.8,317,19.5,966
9/12/2019 10:55,datasets/dataset_cropped/09_Metas/12/10/20190912105500_00160.jpg,datasets_flow/dataset_cropped/09_Metas/12/10/20190912105500_00160.jpg,datasets_cloudmask/dataset_cropped/09_Metas/12/10/20190912105500_00160.png,380.1,75.2,312.2,19.6,966
9/12/2019 10:56,datasets/dataset_cropped/09_Metas/12/10/20190912105600_00160.jpg,datasets_flow/dataset_cropped/09_Metas/12/10/20190912105600_00160.jpg,datasets_cloudmask/dataset_cropped/09_Metas/12/10/20190912105600_00160.png,369.2,68.6,307.3,19.7,966
9/12/2019 10:57,datasets/dataset_cropped/09_Metas/12/10/20190912105700_00160.jpg,datasets_flow/dataset_cropped/09_Metas/12/10/20190912105700_00160.jpg,datasets_cloudmask/dataset_cropped/09_Metas/12/10/20190912105700_00160.png,358.4,62,302.5,19.7,966
9/12/2019 10:58,datasets/dataset_cropped/09_Metas/12/10/20190912105800_00160.jpg,datasets_flow/dataset_cropped/09_Metas/12/10/20190912105800_00160.jpg,datasets_cloudmask/dataset_cropped/09_Metas/12/10/20190912105800_00160.png,347.5,55.3,297.6,19.8,966
9/12/2019 10:59,datasets/dataset_cropped/09_Metas/12/10/20190912105900_00160.jpg,datasets_flow/dataset_cropped/09_Metas/12/10/20190912105900_00160.jpg,datasets_cloudmask/dataset_cropped/09_Metas/12/10/20190912105900_00160.png,336.7,48.7,292.8,19.8,966
9/12/2019 11:00,datasets/dataset_cropped/09_Metas/12/11/20190912110000_00160.jpg,datasets_flow/dataset_cropped/09_Metas/12/11/20190912110000_00160.jpg,datasets_cloudmask/dataset_cropped/09_Metas/12/11/20190912110000_00160.png,325.8,42.1,288,19.9,966
9/12/2019 11:01,datasets/dataset_cropped/09_Metas/12/11/20190912110100_00160.jpg,datasets_flow/dataset_cropped/09_Metas/12/11/20190912110100_00160.jpg,datasets_cloudmask/dataset_cropped/09_Metas/12/11/20190912110100_00160.png,314.9,35.5,283.1,20,966
9/12/2019 11:02,datasets/dataset_cropped/09_Metas/12/11/20190912110200_00160.jpg,datasets_flow/dataset_cropped/09_Metas/12/11/20190912110200_00160.jpg,datasets_cloudmask/dataset_cropped/09_Metas/12/11/20190912110200_00160.png,304.1,28.9,278.3,20,966
9/12/2019 11:03,datasets/dataset_cropped/09_Metas/12/11/20190912110300_00160.jpg,datasets_flow/dataset_cropped/09_Metas/12/11/20190912110300_00160.jpg,datasets_cloudmask/dataset_cropped/09_Metas/12/11/20190912110300_00160.png,293.2,22.2,273.5,20.1,966
9/12/2019 11:04,datasets/dataset_cropped/09_Metas/12/11/20190912110400_00160.jpg,datasets_flow/dataset_cropped/09_Metas/12/11/20190912110400_00160.jpg,datasets_cloudmask/dataset_cropped/09_Metas/12/11/20190912110400_00160.png,282.4,15.6,268.6,20.1,966
9/12/2019 11:05,datasets/dataset_cropped/09_Metas/12/11/20190912110500_00160.jpg,datasets_flow/dataset_cropped/09_Metas/12/11/20190912110500_00160.jpg,datasets_cloudmask/dataset_cropped/09_Metas/12/11/20190912110500_00160.png,271.5,9,263.8,20.2,966
9/12/2019 11:06,datasets/dataset_cropped/09_Metas/12/11/20190912110600_00160.jpg,datasets_flow/dataset_cropped/09_Metas/12/11/20190912110600_00160.jpg,datasets_cloudmask/dataset_cropped/09_Metas/12/11/20190912110600_00160.png,258.4,3.1,256.1,20.1,966
9/12/2019 11:07,datasets/dataset_cropped/09_Metas/12/11/20190912110700_00160.jpg,datasets_flow/dataset_cropped/09_Metas/12/11/20190912110700_00160.jpg,datasets_cloudmask/dataset_cropped/09_Metas/12/11/20190912110700_00160.png,265.7,11.9,254.6,20.1,966
9/12/2019 11:08,datasets/dataset_cropped/09_Metas/12/11/20190912110800_00160.jpg,datasets_flow/dataset_cropped/09_Metas/12/11/20190912110800_00160.jpg,datasets_cloudmask/dataset_cropped/09_Metas/12/11/20190912110800_00160.png,250.2,2,248.6,20,966
9/12/2019 11:09,datasets/dataset_cropped/09_Metas/12/11/20190912110900_00160.jpg,datasets_flow/dataset_cropped/09_Metas/12/11/20190912110900_00160.jpg,datasets_cloudmask/dataset_cropped/09_Metas/12/11/20190912110900_00160.png,342.6,81.7,269.1,20,966
9/12/2019 11:10,datasets/dataset_cropped/09_Metas/12/11/20190912111000_00160.jpg,datasets_flow/dataset_cropped/09_Metas/12/11/20190912111000_00160.jpg,datasets_cloudmask/dataset_cropped/09_Metas/12/11/20190912111000_00160.png,346.9,65.9,288.3,20.1,966
9/12/2019 11:11,datasets/dataset_cropped/09_Metas/12/11/20190912111100_00160.jpg,datasets_flow/dataset_cropped/09_Metas/12/11/20190912111100_00160.jpg,datasets_cloudmask/dataset_cropped/09_Metas/12/11/20190912111100_00160.png,360,101.6,270.4,20.1,966
9/12/2019 11:12,datasets/dataset_cropped/09_Metas/12/11/20190912111200_00160.jpg,datasets_flow/dataset_cropped/09_Metas/12/11/20190912111200_00160.jpg,datasets_cloudmask/dataset_cropped/09_Metas/12/11/20190912111200_00160.png,373,137.4,252.6,20.1,966
9/12/2019 11:13,datasets/dataset_cropped/09_Metas/12/11/20190912111300_00160.jpg,datasets_flow/dataset_cropped/09_Metas/12/11/20190912111300_00160.jpg,datasets_cloudmask/dataset_cropped/09_Metas/12/11/20190912111300_00160.png,220.5,0.1,219.9,20,966
9/12/2019 11:14,datasets/dataset_cropped/09_Metas/12/11/20190912111400_00160.jpg,datasets_flow/dataset_cropped/09_Metas/12/11/20190912111400_00160.jpg,datasets_cloudmask/dataset_cropped/09_Metas/12/11/20190912111400_00160.png,208.4,0,207.9,20.1,966
9/12/2019 11:15,datasets/dataset_cropped/09_Metas/12/11/20190912111500_00160.jpg,datasets_flow/dataset_cropped/09_Metas/12/11/20190912111500_00160.jpg,datasets_cloudmask/dataset_cropped/09_Metas/12/11/20190912111500_00160.png,207.4,0,206.5,20,966
9/12/2019 11:16,datasets/dataset_cropped/09_Metas/12/11/20190912111600_00160.jpg,datasets_flow/dataset_cropped/09_Metas/12/11/20190912111600_00160.jpg,datasets_cloudmask/dataset_cropped/09_Metas/12/11/20190912111600_00160.png,206.6,0,205.6,19.9,966
9/12/2019 11:17,datasets/dataset_cropped/09_Metas/12/11/20190912111700_00160.jpg,datasets_flow/dataset_cropped/09_Metas/12/11/20190912111700_00160.jpg,datasets_cloudmask/dataset_cropped/09_Metas/12/11/20190912111700_00160.png,215.4,0,214.3,19.9,966
9/12/2019 11:18,datasets/dataset_cropped/09_Metas/12/11/20190912111800_00160.jpg,datasets_flow/dataset_cropped/09_Metas/12/11/20190912111800_00160.jpg,datasets_cloudmask/dataset_cropped/09_Metas/12/11/20190912111800_00160.png,349.7,121.9,250.6,19.9,966
9/12/2019 11:19,datasets/dataset_cropped/09_Metas/12/11/20190912111900_00160.jpg,datasets_flow/dataset_cropped/09_Metas/12/11/20190912111900_00160.jpg,datasets_cloudmask/dataset_cropped/09_Metas/12/11/20190912111900_00160.png,260.8,1,258.8,19.9,966
9/12/2019 11:20,datasets/dataset_cropped/09_Metas/12/11/20190912112000_00160.jpg,datasets_flow/dataset_cropped/09_Metas/12/11/20190912112000_00160.jpg,datasets_cloudmask/dataset_cropped/09_Metas/12/11/20190912112000_00160.png,277.1,15.8,263.9,20,966
9/12/2019 11:21,datasets/dataset_cropped/09_Metas/12/11/20190912112100_00160.jpg,datasets_flow/dataset_cropped/09_Metas/12/11/20190912112100_00160.jpg,datasets_cloudmask/dataset_cropped/09_Metas/12/11/20190912112100_00160.png,394.1,123.4,297.5,20,966
9/12/2019 11:22,datasets/dataset_cropped/09_Metas/12/11/20190912112200_00160.jpg,datasets_flow/dataset_cropped/09_Metas/12/11/20190912112200_00160.jpg,datasets_cloudmask/dataset_cropped/09_Metas/12/11/20190912112200_00160.png,303,25.8,282.4,20.1,966
9/12/2019 11:23,datasets/dataset_cropped/09_Metas/12/11/20190912112300_00160.jpg,datasets_flow/dataset_cropped/09_Metas/12/11/20190912112300_00160.jpg,datasets_cloudmask/dataset_cropped/09_Metas/12/11/20190912112300_00160.png,341.4,79.5,278.5,20.1,966
9/12/2019 11:24,datasets/dataset_cropped/09_Metas/12/11/20190912112400_00160.jpg,datasets_flow/dataset_cropped/09_Metas/12/11/20190912112400_00160.jpg,datasets_cloudmask/dataset_cropped/09_Metas/12/11/20190912112400_00160.png,257,1.4,255.9,20.1,966
9/12/2019 11:25,datasets/dataset_cropped/09_Metas/12/11/20190912112500_00160.jpg,datasets_flow/dataset_cropped/09_Metas/12/11/20190912112500_00160.jpg,datasets_cloudmask/dataset_cropped/09_Metas/12/11/20190912112500_00160.png,259.7,0.8,259.3,20.1,966
9/12/2019 11:26,datasets/dataset_cropped/09_Metas/12/11/20190912112600_00160.jpg,datasets_flow/dataset_cropped/09_Metas/12/11/20190912112600_00160.jpg,datasets_cloudmask/dataset_cropped/09_Metas/12/11/20190912112600_00160.png,261.2,1.8,259.8,20,966
9/12/2019 11:27,datasets/dataset_cropped/09_Metas/12/11/20190912112700_00160.jpg,datasets_flow/dataset_cropped/09_Metas/12/11/20190912112700_00160.jpg,datasets_cloudmask/dataset_cropped/09_Metas/12/11/20190912112700_00160.png,247.4,0.5,246.6,20.1,966
9/12/2019 11:28,datasets/dataset_cropped/09_Metas/12/11/20190912112800_00160.jpg,datasets_flow/dataset_cropped/09_Metas/12/11/20190912112800_00160.jpg,datasets_cloudmask/dataset_cropped/09_Metas/12/11/20190912112800_00160.png,220,0.2,219.3,20.1,966
9/12/2019 11:29,datasets/dataset_cropped/09_Metas/12/11/20190912112900_00160.jpg,datasets_flow/dataset_cropped/09_Metas/12/11/20190912112900_00160.jpg,datasets_cloudmask/dataset_cropped/09_Metas/12/11/20190912112900_00160.png,203.3,0.1,203.2,20.1,966
9/12/2019 11:30,datasets/dataset_cropped/09_Metas/12/11/20190912113000_00160.jpg,datasets_flow/dataset_cropped/09_Metas/12/11/20190912113000_00160.jpg,datasets_cloudmask/dataset_cropped/09_Metas/12/11/20190912113000_00160.png,212.3,0.1,212.6,20.1,966
9/12/2019 11:31,datasets/dataset_cropped/09_Metas/12/11/20190912113100_00160.jpg,datasets_flow/dataset_cropped/09_Metas/12/11/20190912113100_00160.jpg,datasets_cloudmask/dataset_cropped/09_Metas/12/11/20190912113100_00160.png,239,0.3,238.8,20.1,966
9/12/2019 11:32,datasets/dataset_cropped/09_Metas/12/11/20190912113200_00160.jpg,datasets_flow/dataset_cropped/09_Metas/12/11/20190912113200_00160.jpg,datasets_cloudmask/dataset_cropped/09_Metas/12/11/20190912113200_00160.png,330.1,65.9,277.5,20.1,966
9/12/2019 11:33,datasets/dataset_cropped/09_Metas/12/11/20190912113300_00160.jpg,datasets_flow/dataset_cropped/09_Metas/12/11/20190912113300_00160.jpg,datasets_cloudmask/dataset_cropped/09_Metas/12/11/20190912113300_00160.png,471.8,187.7,321.3,20.2,966
9/12/2019 11:34,datasets/dataset_cropped/09_Metas/12/11/20190912113400_00160.jpg,datasets_flow/dataset_cropped/09_Metas/12/11/20190912113400_00160.jpg,datasets_cloudmask/dataset_cropped/09_Metas/12/11/20190912113400_00160.png,467.1,162.6,336.1,20.3,966
9/12/2019 11:35,datasets/dataset_cropped/09_Metas/12/11/20190912113500_00160.jpg,datasets_flow/dataset_cropped/09_Metas/12/11/20190912113500_00160.jpg,datasets_cloudmask/dataset_cropped/09_Metas/12/11/20190912113500_00160.png,490.7,176.3,348.3,20.4,966
9/12/2019 11:36,datasets/dataset_cropped/09_Metas/12/11/20190912113600_00160.jpg,datasets_flow/dataset_cropped/09_Metas/12/11/20190912113600_00160.jpg,datasets_cloudmask/dataset_cropped/09_Metas/12/11/20190912113600_00160.png,511.1,187.8,359.1,20.6,966
9/12/2019 11:37,datasets/dataset_cropped/09_Metas/12/11/20190912113700_00160.jpg,datasets_flow/dataset_cropped/09_Metas/12/11/20190912113700_00160.jpg,datasets_cloudmask/dataset_cropped/09_Metas/12/11/20190912113700_00160.png,504.9,172.9,364.6,20.6,966
9/12/2019 11:38,datasets/dataset_cropped/09_Metas/12/11/20190912113800_00160.jpg,datasets_flow/dataset_cropped/09_Metas/12/11/20190912113800_00160.jpg,datasets_cloudmask/dataset_cropped/09_Metas/12/11/20190912113800_00160.png,554,223.1,373.6,20.7,966
9/12/2019 11:39,datasets/dataset_cropped/09_Metas/12/11/20190912113900_00160.jpg,datasets_flow/dataset_cropped/09_Metas/12/11/20190912113900_00160.jpg,datasets_cloudmask/dataset_cropped/09_Metas/12/11/20190912113900_00160.png,551,203,386.1,20.6,966
9/12/2019 11:40,datasets/dataset_cropped/09_Metas/12/11/20190912114000_00160.jpg,datasets_flow/dataset_cropped/09_Metas/12/11/20190912114000_00160.jpg,datasets_cloudmask/dataset_cropped/09_Metas/12/11/20190912114000_00160.png,620,281,393.1,20.7,966
9/12/2019 11:41,datasets/dataset_cropped/09_Metas/12/11/20190912114100_00160.jpg,datasets_flow/dataset_cropped/09_Metas/12/11/20190912114100_00160.jpg,datasets_cloudmask/dataset_cropped/09_Metas/12/11/20190912114100_00160.png,628.6,287,397.2,20.8,966
9/12/2019 11:42,datasets/dataset_cropped/09_Metas/12/11/20190912114200_00160.jpg,datasets_flow/dataset_cropped/09_Metas/12/11/20190912114200_00160.jpg,datasets_cloudmask/dataset_cropped/09_Metas/12/11/20190912114200_00160.png,614.6,270.1,396.4,20.9,966
9/12/2019 11:43,datasets/dataset_cropped/09_Metas/12/11/20190912114300_00160.jpg,datasets_flow/dataset_cropped/09_Metas/12/11/20190912114300_00160.jpg,datasets_cloudmask/dataset_cropped/09_Metas/12/11/20190912114300_00160.png,559.4,212.1,388.3,21,966
9/12/2019 11:44,datasets/dataset_cropped/09_Metas/12/11/20190912114400_00160.jpg,datasets_flow/dataset_cropped/09_Metas/12/11/20190912114400_00160.jpg,datasets_cloudmask/dataset_cropped/09_Metas/12/11/20190912114400_00160.png,528.3,192.5,372.1,20.9,966
9/12/2019 11:45,datasets/dataset_cropped/09_Metas/12/11/20190912114500_00160.jpg,datasets_flow/dataset_cropped/09_Metas/12/11/20190912114500_00160.jpg,datasets_cloudmask/dataset_cropped/09_Metas/12/11/20190912114500_00160.png,477.7,148.5,356.5,20.9,966
9/12/2019 11:46,datasets/dataset_cropped/09_Metas/12/11/20190912114600_00160.jpg,datasets_flow/dataset_cropped/09_Metas/12/11/20190912114600_00160.jpg,datasets_cloudmask/dataset_cropped/09_Metas/12/11/20190912114600_00160.png,353.6,20.9,336.3,20.9,966
9/12/2019 11:47,datasets/dataset_cropped/09_Metas/12/11/20190912114700_00160.jpg,datasets_flow/dataset_cropped/09_Metas/12/11/20190912114700_00160.jpg,datasets_cloudmask/dataset_cropped/09_Metas/12/11/20190912114700_00160.png,424.4,103,339.1,20.9,966
9/12/2019 11:48,datasets/dataset_cropped/09_Metas/12/11/20190912114800_00160.jpg,datasets_flow/dataset_cropped/09_Metas/12/11/20190912114800_00160.jpg,datasets_cloudmask/dataset_cropped/09_Metas/12/11/20190912114800_00160.png,332.6,16.6,319.2,20.9,966
9/12/2019 11:49,datasets/dataset_cropped/09_Metas/12/11/20190912114900_00160.jpg,datasets_flow/dataset_cropped/09_Metas/12/11/20190912114900_00160.jpg,datasets_cloudmask/dataset_cropped/09_Metas/12/11/20190912114900_00160.png,316.2,7.8,308.4,20.9,966
9/12/2019 11:50,datasets/dataset_cropped/09_Metas/12/11/20190912115000_00160.jpg,datasets_flow/dataset_cropped/09_Metas/12/11/20190912115000_00160.jpg,datasets_cloudmask/dataset_cropped/09_Metas/12/11/20190912115000_00160.png,315.9,7.7,308.1,20.7,966
9/12/2019 11:51,datasets/dataset_cropped/09_Metas/12/11/20190912115100_00160.jpg,datasets_flow/dataset_cropped/09_Metas/12/11/20190912115100_00160.jpg,datasets_cloudmask/dataset_cropped/09_Metas/12/11/20190912115100_00160.png,322.7,0,322.3,20.6,966
9/12/2019 11:52,datasets/dataset_cropped/09_Metas/12/11/20190912115200_00160.jpg,datasets_flow/dataset_cropped/09_Metas/12/11/20190912115200_00160.jpg,datasets_cloudmask/dataset_cropped/09_Metas/12/11/20190912115200_00160.png,403.3,32.1,375.9,20.8,966
9/12/2019 11:53,datasets/dataset_cropped/09_Metas/12/11/20190912115300_00160.jpg,datasets_flow/dataset_cropped/09_Metas/12/11/20190912115300_00160.jpg,datasets_cloudmask/dataset_cropped/09_Metas/12/11/20190912115300_00160.png,490.9,72,430.7,20.9,966
9/12/2019 11:54,datasets/dataset_cropped/09_Metas/12/11/20190912115400_00160.jpg,datasets_flow/dataset_cropped/09_Metas/12/11/20190912115400_00160.jpg,datasets_cloudmask/dataset_cropped/09_Metas/12/11/20190912115400_00160.png,562.7,132.2,452.5,20.9,966
9/12/2019 11:55,datasets/dataset_cropped/09_Metas/12/11/20190912115500_00160.jpg,datasets_flow/dataset_cropped/09_Metas/12/11/20190912115500_00160.jpg,datasets_cloudmask/dataset_cropped/09_Metas/12/11/20190912115500_00160.png,450,15.2,436.8,20.8,966
9/12/2019 11:56,datasets/dataset_cropped/09_Metas/12/11/20190912115600_00160.jpg,datasets_flow/dataset_cropped/09_Metas/12/11/20190912115600_00160.jpg,datasets_cloudmask/dataset_cropped/09_Metas/12/11/20190912115600_00160.png,461.4,32.7,434,20.9,966
9/12/2019 11:57,datasets/dataset_cropped/09_Metas/12/11/20190912115700_00160.jpg,datasets_flow/dataset_cropped/09_Metas/12/11/20190912115700_00160.jpg,datasets_cloudmask/dataset_cropped/09_Metas/12/11/20190912115700_00160.png,518.3,96.4,437.7,20.8,966
9/12/2019 11:58,datasets/dataset_cropped/09_Metas/12/11/20190912115800_00160.jpg,datasets_flow/dataset_cropped/09_Metas/12/11/20190912115800_00160.jpg,datasets_cloudmask/dataset_cropped/09_Metas/12/11/20190912115800_00160.png,527.4,112.1,433.5,20.9,966
9/12/2019 11:59,datasets/dataset_cropped/09_Metas/12/11/20190912115900_00160.jpg,datasets_flow/dataset_cropped/09_Metas/12/11/20190912115900_00160.jpg,datasets_cloudmask/dataset_cropped/09_Metas/12/11/20190912115900_00160.png,486.2,76.2,422.2,21.1,966
9/12/2019 12:00,datasets/dataset_cropped/09_Metas/12/12/20190912120000_00160.jpg,datasets_flow/dataset_cropped/09_Metas/12/12/20190912120000_00160.jpg,datasets_cloudmask/dataset_cropped/09_Metas/12/12/20190912120000_00160.png,454.4,32.9,426.9,21.4,966
9/12/2019 12:01,datasets/dataset_cropped/09_Metas/12/12/20190912120100_00160.jpg,datasets_flow/dataset_cropped/09_Metas/12/12/20190912120100_00160.jpg,datasets_cloudmask/dataset_cropped/09_Metas/12/12/20190912120100_00160.png,535.7,109.5,445.1,21.4,966
9/12/2019 12:02,datasets/dataset_cropped/09_Metas/12/12/20190912120200_00160.jpg,datasets_flow/dataset_cropped/09_Metas/12/12/20190912120200_00160.jpg,datasets_cloudmask/dataset_cropped/09_Metas/12/12/20190912120200_00160.png,675.1,245.8,470.6,21.4,966
9/12/2019 12:03,datasets/dataset_cropped/09_Metas/12/12/20190912120300_00160.jpg,datasets_flow/dataset_cropped/09_Metas/12/12/20190912120300_00160.jpg,datasets_cloudmask/dataset_cropped/09_Metas/12/12/20190912120300_00160.png,581.8,139.3,465.2,21.5,966
9/12/2019 12:04,datasets/dataset_cropped/09_Metas/12/12/20190912120400_00160.jpg,datasets_flow/dataset_cropped/09_Metas/12/12/20190912120400_00160.jpg,datasets_cloudmask/dataset_cropped/09_Metas/12/12/20190912120400_00160.png,574.2,146.5,452.4,21.5,966
9/12/2019 12:05,datasets/dataset_cropped/09_Metas/12/12/20190912120500_00160.jpg,datasets_flow/dataset_cropped/09_Metas/12/12/20190912120500_00160.jpg,datasets_cloudmask/dataset_cropped/09_Metas/12/12/20190912120500_00160.png,544.9,120.1,445.4,21.5,966
9/12/2019 12:06,datasets/dataset_cropped/09_Metas/12/12/20190912120600_00160.jpg,datasets_flow/dataset_cropped/09_Metas/12/12/20190912120600_00160.jpg,datasets_cloudmask/dataset_cropped/09_Metas/12/12/20190912120600_00160.png,561.1,153.5,433.3,21.5,966
9/12/2019 12:07,datasets/dataset_cropped/09_Metas/12/12/20190912120700_00160.jpg,datasets_flow/dataset_cropped/09_Metas/12/12/20190912120700_00160.jpg,datasets_cloudmask/dataset_cropped/09_Metas/12/12/20190912120700_00160.png,652.8,259.9,436.5,21.7,966
9/12/2019 12:08,datasets/dataset_cropped/09_Metas/12/12/20190912120800_00160.jpg,datasets_flow/dataset_cropped/09_Metas/12/12/20190912120800_00160.jpg,datasets_cloudmask/dataset_cropped/09_Metas/12/12/20190912120800_00160.png,670.5,272.7,443.1,21.9,966
9/12/2019 12:09,datasets/dataset_cropped/09_Metas/12/12/20190912120900_00160.jpg,datasets_flow/dataset_cropped/09_Metas/12/12/20190912120900_00160.jpg,datasets_cloudmask/dataset_cropped/09_Metas/12/12/20190912120900_00160.png,637.8,229.3,448,21.6,966
9/12/2019 12:10,datasets/dataset_cropped/09_Metas/12/12/20190912121000_00160.jpg,datasets_flow/dataset_cropped/09_Metas/12/12/20190912121000_00160.jpg,datasets_cloudmask/dataset_cropped/09_Metas/12/12/20190912121000_00160.png,687.6,292.9,443.4,21.7,966
9/12/2019 12:11,datasets/dataset_cropped/09_Metas/12/12/20190912121100_00160.jpg,datasets_flow/dataset_cropped/09_Metas/12/12/20190912121100_00160.jpg,datasets_cloudmask/dataset_cropped/09_Metas/12/12/20190912121100_00160.png,741,356.4,443.4,22,966
9/12/2019 12:12,datasets/dataset_cropped/09_Metas/12/12/20190912121200_00160.jpg,datasets_flow/dataset_cropped/09_Metas/12/12/20190912121200_00160.jpg,datasets_cloudmask/dataset_cropped/09_Metas/12/12/20190912121200_00160.png,834,471.7,440.3,22.2,966
9/12/2019 12:13,datasets/dataset_cropped/09_Metas/12/12/20190912121300_00160.jpg,datasets_flow/dataset_cropped/09_Metas/12/12/20190912121300_00160.jpg,datasets_cloudmask/dataset_cropped/09_Metas/12/12/20190912121300_00160.png,899,559.6,432.2,22.3,966
9/12/2019 12:14,datasets/dataset_cropped/09_Metas/12/12/20190912121400_00160.jpg,datasets_flow/dataset_cropped/09_Metas/12/12/20190912121400_00160.jpg,datasets_cloudmask/dataset_cropped/09_Metas/12/12/20190912121400_00160.png,885,549.4,425.8,22.4,966
9/12/2019 12:15,datasets/dataset_cropped/09_Metas/12/12/20190912121500_00160.jpg,datasets_flow/dataset_cropped/09_Metas/12/12/20190912121500_00160.jpg,datasets_cloudmask/dataset_cropped/09_Metas/12/12/20190912121500_00160.png,901,577.3,417.9,22.2,966
9/12/2019 12:16,datasets/dataset_cropped/09_Metas/12/12/20190912121600_00160.jpg,datasets_flow/dataset_cropped/09_Metas/12/12/20190912121600_00160.jpg,datasets_cloudmask/dataset_cropped/09_Metas/12/12/20190912121600_00160.png,838,506,413.2,22.3,966
9/12/2019 12:17,datasets/dataset_cropped/09_Metas/12/12/20190912121700_00160.jpg,datasets_flow/dataset_cropped/09_Metas/12/12/20190912121700_00160.jpg,datasets_cloudmask/dataset_cropped/09_Metas/12/12/20190912121700_00160.png,745.3,401.4,407.7,22.4,966
9/12/2019 12:18,datasets/dataset_cropped/09_Metas/12/12/20190912121800_00160.jpg,datasets_flow/dataset_cropped/09_Metas/12/12/20190912121800_00160.jpg,datasets_cloudmask/dataset_cropped/09_Metas/12/12/20190912121800_00160.png,865,544.1,408.4,22.2,966
9/12/2019 12:19,datasets/dataset_cropped/09_Metas/12/12/20190912121900_00160.jpg,datasets_flow/dataset_cropped/09_Metas/12/12/20190912121900_00160.jpg,datasets_cloudmask/dataset_cropped/09_Metas/12/12/20190912121900_00160.png,978,688.8,400.8,22.4,966
9/12/2019 12:20,datasets/dataset_cropped/09_Metas/12/12/20190912122000_00160.jpg,datasets_flow/dataset_cropped/09_Metas/12/12/20190912122000_00160.jpg,datasets_cloudmask/dataset_cropped/09_Metas/12/12/20190912122000_00160.png,955,682.9,382.3,22.8,966
9/12/2019 12:21,datasets/dataset_cropped/09_Metas/12/12/20190912122100_00160.jpg,datasets_flow/dataset_cropped/09_Metas/12/12/20190912122100_00160.jpg,datasets_cloudmask/dataset_cropped/09_Metas/12/12/20190912122100_00160.png,786.3,496.3,368.6,22.8,966
9/12/2019 12:22,datasets/dataset_cropped/09_Metas/12/12/20190912122200_00160.jpg,datasets_flow/dataset_cropped/09_Metas/12/12/20190912122200_00160.jpg,datasets_cloudmask/dataset_cropped/09_Metas/12/12/20190912122200_00160.png,864,602.9,356,22.6,966
9/12/2019 12:23,datasets/dataset_cropped/09_Metas/12/12/20190912122300_00160.jpg,datasets_flow/dataset_cropped/09_Metas/12/12/20190912122300_00160.jpg,datasets_cloudmask/dataset_cropped/09_Metas/12/12/20190912122300_00160.png,827,573.4,344.3,22.4,966
9/12/2019 12:24,datasets/dataset_cropped/09_Metas/12/12/20190912122400_00160.jpg,datasets_flow/dataset_cropped/09_Metas/12/12/20190912122400_00160.jpg,datasets_cloudmask/dataset_cropped/09_Metas/12/12/20190912122400_00160.png,850,610.9,334.8,22.4,966
9/12/2019 12:25,datasets/dataset_cropped/09_Metas/12/12/20190912122500_00160.jpg,datasets_flow/dataset_cropped/09_Metas/12/12/20190912122500_00160.jpg,datasets_cloudmask/dataset_cropped/09_Metas/12/12/20190912122500_00160.png,883,663.7,324,22.4,966
9/12/2019 12:26,datasets/dataset_cropped/09_Metas/12/12/20190912122600_00160.jpg,datasets_flow/dataset_cropped/09_Metas/12/12/20190912122600_00160.jpg,datasets_cloudmask/dataset_cropped/09_Metas/12/12/20190912122600_00160.png,987,805,309,22.4,966
9/12/2019 12:27,datasets/dataset_cropped/09_Metas/12/12/20190912122700_00160.jpg,datasets_flow/dataset_cropped/09_Metas/12/12/20190912122700_00160.jpg,datasets_cloudmask/dataset_cropped/09_Metas/12/12/20190912122700_00160.png,980,813,295.3,22.5,966
9/12/2019 12:28,datasets/dataset_cropped/09_Metas/12/12/20190912122800_00160.jpg,datasets_flow/dataset_cropped/09_Metas/12/12/20190912122800_00160.jpg,datasets_cloudmask/dataset_cropped/09_Metas/12/12/20190912122800_00160.png,968,812,282.5,22.2,966
9/12/2019 12:29,datasets/dataset_cropped/09_Metas/12/12/20190912122900_00160.jpg,datasets_flow/dataset_cropped/09_Metas/12/12/20190912122900_00160.jpg,datasets_cloudmask/dataset_cropped/09_Metas/12/12/20190912122900_00160.png,958,814,270.7,22.4,966
9/12/2019 12:30,datasets/dataset_cropped/09_Metas/12/12/20190912123000_00160.jpg,datasets_flow/dataset_cropped/09_Metas/12/12/20190912123000_00160.jpg,datasets_cloudmask/dataset_cropped/09_Metas/12/12/20190912123000_00160.png,962,831,260.8,22.3,966
9/12/2019 12:31,datasets/dataset_cropped/09_Metas/12/12/20190912123100_00160.jpg,datasets_flow/dataset_cropped/09_Metas/12/12/20190912123100_00160.jpg,datasets_cloudmask/dataset_cropped/09_Metas/12/12/20190912123100_00160.png,966,846,251.8,22.3,966
9/12/2019 12:32,datasets/dataset_cropped/09_Metas/12/12/20190912123200_00160.jpg,datasets_flow/dataset_cropped/09_Metas/12/12/20190912123200_00160.jpg,datasets_cloudmask/dataset_cropped/09_Metas/12/12/20190912123200_00160.png,964,840,253.3,22.6,966
9/12/2019 12:33,datasets/dataset_cropped/09_Metas/12/12/20190912123300_00160.jpg,datasets_flow/dataset_cropped/09_Metas/12/12/20190912123300_00160.jpg,datasets_cloudmask/dataset_cropped/09_Metas/12/12/20190912123300_00160.png,961,844,246.6,22.6,966
9/12/2019 12:34,datasets/dataset_cropped/09_Metas/12/12/20190912123400_00160.jpg,datasets_flow/dataset_cropped/09_Metas/12/12/20190912123400_00160.jpg,datasets_cloudmask/dataset_cropped/09_Metas/12/12/20190912123400_00160.png,958,850,238.5,22.7,966
9/12/2019 12:35,datasets/dataset_cropped/09_Metas/12/12/20190912123500_00160.jpg,datasets_flow/dataset_cropped/09_Metas/12/12/20190912123500_00160.jpg,datasets_cloudmask/dataset_cropped/09_Metas/12/12/20190912123500_00160.png,959,854,236,22.7,966
9/12/2019 12:36,datasets/dataset_cropped/09_Metas/12/12/20190912123600_00160.jpg,datasets_flow/dataset_cropped/09_Metas/12/12/20190912123600_00160.jpg,datasets_cloudmask/dataset_cropped/09_Metas/12/12/20190912123600_00160.png,948,854,225.5,22.4,966
9/12/2019 12:37,datasets/dataset_cropped/09_Metas/12/12/20190912123700_00160.jpg,datasets_flow/dataset_cropped/09_Metas/12/12/20190912123700_00160.jpg,datasets_cloudmask/dataset_cropped/09_Metas/12/12/20190912123700_00160.png,954,855,229.5,22.4,966
9/12/2019 12:38,datasets/dataset_cropped/09_Metas/12/12/20190912123800_00160.jpg,datasets_flow/dataset_cropped/09_Metas/12/12/20190912123800_00160.jpg,datasets_cloudmask/dataset_cropped/09_Metas/12/12/20190912123800_00160.png,972,856,244.7,22.4,966
9/12/2019 12:39,datasets/dataset_cropped/09_Metas/12/12/20190912123900_00160.jpg,datasets_flow/dataset_cropped/09_Metas/12/12/20190912123900_00160.jpg,datasets_cloudmask/dataset_cropped/09_Metas/12/12/20190912123900_00160.png,892,715.8,280.6,22.4,966
9/12/2019 12:40,datasets/dataset_cropped/09_Metas/12/12/20190912124000_00160.jpg,datasets_flow/dataset_cropped/09_Metas/12/12/20190912124000_00160.jpg,datasets_cloudmask/dataset_cropped/09_Metas/12/12/20190912124000_00160.png,736.9,474.4,328.1,22.6,966
9/12/2019 12:41,datasets/dataset_cropped/09_Metas/12/12/20190912124100_00160.jpg,datasets_flow/dataset_cropped/09_Metas/12/12/20190912124100_00160.jpg,datasets_cloudmask/dataset_cropped/09_Metas/12/12/20190912124100_00160.png,1056,829,348.8,22.8,966
9/12/2019 12:42,datasets/dataset_cropped/09_Metas/12/12/20190912124200_00160.jpg,datasets_flow/dataset_cropped/09_Metas/12/12/20190912124200_00160.jpg,datasets_cloudmask/dataset_cropped/09_Metas/12/12/20190912124200_00160.png,367.7,19.7,348.6,22.9,966
9/12/2019 12:43,datasets/dataset_cropped/09_Metas/12/12/20190912124300_00160.jpg,datasets_flow/dataset_cropped/09_Metas/12/12/20190912124300_00160.jpg,datasets_cloudmask/dataset_cropped/09_Metas/12/12/20190912124300_00160.png,351.9,17.7,335.1,22.7,966
9/12/2019 12:44,datasets/dataset_cropped/09_Metas/12/12/20190912124400_00160.jpg,datasets_flow/dataset_cropped/09_Metas/12/12/20190912124400_00160.jpg,datasets_cloudmask/dataset_cropped/09_Metas/12/12/20190912124400_00160.png,275.4,1,272.1,22.6,966
9/12/2019 12:45,datasets/dataset_cropped/09_Metas/12/12/20190912124500_00160.jpg,datasets_flow/dataset_cropped/09_Metas/12/12/20190912124500_00160.jpg,datasets_cloudmask/dataset_cropped/09_Metas/12/12/20190912124500_00160.png,259.5,0,256.7,22.4,966
9/12/2019 12:46,datasets/dataset_cropped/09_Metas/12/12/20190912124600_00160.jpg,datasets_flow/dataset_cropped/09_Metas/12/12/20190912124600_00160.jpg,datasets_cloudmask/dataset_cropped/09_Metas/12/12/20190912124600_00160.png,347.4,80.2,277.1,22.3,966
9/12/2019 12:47,datasets/dataset_cropped/09_Metas/12/12/20190912124700_00160.jpg,datasets_flow/dataset_cropped/09_Metas/12/12/20190912124700_00160.jpg,datasets_cloudmask/dataset_cropped/09_Metas/12/12/20190912124700_00160.png,890,675.7,310.9,22.2,966
9/12/2019 12:48,datasets/dataset_cropped/09_Metas/12/12/20190912124800_00160.jpg,datasets_flow/dataset_cropped/09_Metas/12/12/20190912124800_00160.jpg,datasets_cloudmask/dataset_cropped/09_Metas/12/12/20190912124800_00160.png,1031,841,311.8,22.3,966
9/12/2019 12:49,datasets/dataset_cropped/09_Metas/12/12/20190912124900_00160.jpg,datasets_flow/dataset_cropped/09_Metas/12/12/20190912124900_00160.jpg,datasets_cloudmask/dataset_cropped/09_Metas/12/12/20190912124900_00160.png,1047,847,324.5,22.6,966
9/12/2019 12:50,datasets/dataset_cropped/09_Metas/12/12/20190912125000_00160.jpg,datasets_flow/dataset_cropped/09_Metas/12/12/20190912125000_00160.jpg,datasets_cloudmask/dataset_cropped/09_Metas/12/12/20190912125000_00160.png,1074,851,349.3,22.8,966
9/12/2019 12:51,datasets/dataset_cropped/09_Metas/12/12/20190912125100_00160.jpg,datasets_flow/dataset_cropped/09_Metas/12/12/20190912125100_00160.jpg,datasets_cloudmask/dataset_cropped/09_Metas/12/12/20190912125100_00160.png,1085,848,363.8,23,966
9/12/2019 12:52,datasets/dataset_cropped/09_Metas/12/12/20190912125200_00160.jpg,datasets_flow/dataset_cropped/09_Metas/12/12/20190912125200_00160.jpg,datasets_cloudmask/dataset_cropped/09_Metas/12/12/20190912125200_00160.png,1069,843,351.9,23.1,966
9/12/2019 12:53,datasets/dataset_cropped/09_Metas/12/12/20190912125300_00160.jpg,datasets_flow/dataset_cropped/09_Metas/12/12/20190912125300_00160.jpg,datasets_cloudmask/dataset_cropped/09_Metas/12/12/20190912125300_00160.png,1057,836,345.5,23.1,966
9/12/2019 12:54,datasets/dataset_cropped/09_Metas/12/12/20190912125400_00160.jpg,datasets_flow/dataset_cropped/09_Metas/12/12/20190912125400_00160.jpg,datasets_cloudmask/dataset_cropped/09_Metas/12/12/20190912125400_00160.png,733.5,459.4,346.6,23.3,966
9/12/2019 12:55,datasets/dataset_cropped/09_Metas/12/12/20190912125500_00160.jpg,datasets_flow/dataset_cropped/09_Metas/12/12/20190912125500_00160.jpg,datasets_cloudmask/dataset_cropped/09_Metas/12/12/20190912125500_00160.png,946,712,345.5,23.2,966
9/12/2019 12:56,datasets/dataset_cropped/09_Metas/12/12/20190912125600_00160.jpg,datasets_flow/dataset_cropped/09_Metas/12/12/20190912125600_00160.jpg,datasets_cloudmask/dataset_cropped/09_Metas/12/12/20190912125600_00160.png,742.5,473.8,338,23.1,966
9/12/2019 12:57,datasets/dataset_cropped/09_Metas/12/12/20190912125700_00160.jpg,datasets_flow/dataset_cropped/09_Metas/12/12/20190912125700_00160.jpg,datasets_cloudmask/dataset_cropped/09_Metas/12/12/20190912125700_00160.png,322.5,4.1,316.6,22.6,966
9/12/2019 12:58,datasets/dataset_cropped/09_Metas/12/12/20190912125800_00160.jpg,datasets_flow/dataset_cropped/09_Metas/12/12/20190912125800_00160.jpg,datasets_cloudmask/dataset_cropped/09_Metas/12/12/20190912125800_00160.png,511.5,190.4,344.3,22.4,966
9/12/2019 12:59,datasets/dataset_cropped/09_Metas/12/12/20190912125900_00160.jpg,datasets_flow/dataset_cropped/09_Metas/12/12/20190912125900_00160.jpg,datasets_cloudmask/dataset_cropped/09_Metas/12/12/20190912125900_00160.png,1069,834,352.3,22.5,966
9/12/2019 13:00,datasets/dataset_cropped/09_Metas/12/13/20190912130000_00160.jpg,datasets_flow/dataset_cropped/09_Metas/12/13/20190912130000_00160.jpg,datasets_cloudmask/dataset_cropped/09_Metas/12/13/20190912130000_00160.png,462.3,110.8,362.9,22.8,966
9/12/2019 13:01,datasets/dataset_cropped/09_Metas/12/13/20190912130100_00160.jpg,datasets_flow/dataset_cropped/09_Metas/12/13/20190912130100_00160.jpg,datasets_cloudmask/dataset_cropped/09_Metas/12/13/20190912130100_00160.png,654.2,367.6,336.5,22.8,966
9/12/2019 13:02,datasets/dataset_cropped/09_Metas/12/13/20190912130200_00160.jpg,datasets_flow/dataset_cropped/09_Metas/12/13/20190912130200_00160.jpg,datasets_cloudmask/dataset_cropped/09_Metas/12/13/20190912130200_00160.png,1030,812,333.9,22.8,966
9/12/2019 13:03,datasets/dataset_cropped/09_Metas/12/13/20190912130300_00160.jpg,datasets_flow/dataset_cropped/09_Metas/12/13/20190912130300_00160.jpg,datasets_cloudmask/dataset_cropped/09_Metas/12/13/20190912130300_00160.png,1032,776.1,367.1,23.4,966
9/12/2019 13:04,datasets/dataset_cropped/09_Metas/12/13/20190912130400_00160.jpg,datasets_flow/dataset_cropped/09_Metas/12/13/20190912130400_00160.jpg,datasets_cloudmask/dataset_cropped/09_Metas/12/13/20190912130400_00160.png,665.9,280.7,417.9,23.5,966
9/12/2019 13:05,datasets/dataset_cropped/09_Metas/12/13/20190912130500_00160.jpg,datasets_flow/dataset_cropped/09_Metas/12/13/20190912130500_00160.jpg,datasets_cloudmask/dataset_cropped/09_Metas/12/13/20190912130500_00160.png,1039,740.6,404,23.3,966
9/12/2019 13:06,datasets/dataset_cropped/09_Metas/12/13/20190912130600_00160.jpg,datasets_flow/dataset_cropped/09_Metas/12/13/20190912130600_00160.jpg,datasets_cloudmask/dataset_cropped/09_Metas/12/13/20190912130600_00160.png,996,725.5,377.5,23.1,966
9/12/2019 13:07,datasets/dataset_cropped/09_Metas/12/13/20190912130700_00160.jpg,datasets_flow/dataset_cropped/09_Metas/12/13/20190912130700_00160.jpg,datasets_cloudmask/dataset_cropped/09_Metas/12/13/20190912130700_00160.png,1038,813,342,23.1,966
9/12/2019 13:08,datasets/dataset_cropped/09_Metas/12/13/20190912130800_00160.jpg,datasets_flow/dataset_cropped/09_Metas/12/13/20190912130800_00160.jpg,datasets_cloudmask/dataset_cropped/09_Metas/12/13/20190912130800_00160.png,787.1,516.8,342.8,23,966
9/12/2019 13:09,datasets/dataset_cropped/09_Metas/12/13/20190912130900_00160.jpg,datasets_flow/dataset_cropped/09_Metas/12/13/20190912130900_00160.jpg,datasets_cloudmask/dataset_cropped/09_Metas/12/13/20190912130900_00160.png,971,753.7,324.3,22.7,966
9/12/2019 13:10,datasets/dataset_cropped/09_Metas/12/13/20190912131000_00160.jpg,datasets_flow/dataset_cropped/09_Metas/12/13/20190912131000_00160.jpg,datasets_cloudmask/dataset_cropped/09_Metas/12/13/20190912131000_00160.png,1038,821,336.2,23.1,966
9/12/2019 13:11,datasets/dataset_cropped/09_Metas/12/13/20190912131100_00160.jpg,datasets_flow/dataset_cropped/09_Metas/12/13/20190912131100_00160.jpg,datasets_cloudmask/dataset_cropped/09_Metas/12/13/20190912131100_00160.png,1070,829,360.7,23.2,966
9/12/2019 13:12,datasets/dataset_cropped/09_Metas/12/13/20190912131200_00160.jpg,datasets_flow/dataset_cropped/09_Metas/12/13/20190912131200_00160.jpg,datasets_cloudmask/dataset_cropped/09_Metas/12/13/20190912131200_00160.png,990,688.7,399.5,23.3,966
9/12/2019 13:13,datasets/dataset_cropped/09_Metas/12/13/20190912131300_00160.jpg,datasets_flow/dataset_cropped/09_Metas/12/13/20190912131300_00160.jpg,datasets_cloudmask/dataset_cropped/09_Metas/12/13/20190912131300_00160.png,627.1,225.4,417.3,23.2,966
9/12/2019 13:14,datasets/dataset_cropped/09_Metas/12/13/20190912131400_00160.jpg,datasets_flow/dataset_cropped/09_Metas/12/13/20190912131400_00160.jpg,datasets_cloudmask/dataset_cropped/09_Metas/12/13/20190912131400_00160.png,803,489.2,379.8,23,966
9/12/2019 13:15,datasets/dataset_cropped/09_Metas/12/13/20190912131500_00160.jpg,datasets_flow/dataset_cropped/09_Metas/12/13/20190912131500_00160.jpg,datasets_cloudmask/dataset_cropped/09_Metas/12/13/20190912131500_00160.png,364.5,18.6,344.9,22.8,966
9/12/2019 13:16,datasets/dataset_cropped/09_Metas/12/13/20190912131600_00160.jpg,datasets_flow/dataset_cropped/09_Metas/12/13/20190912131600_00160.jpg,datasets_cloudmask/dataset_cropped/09_Metas/12/13/20190912131600_00160.png,635.9,326.4,352.5,22.5,966
9/12/2019 13:17,datasets/dataset_cropped/09_Metas/12/13/20190912131700_00160.jpg,datasets_flow/dataset_cropped/09_Metas/12/13/20190912131700_00160.jpg,datasets_cloudmask/dataset_cropped/09_Metas/12/13/20190912131700_00160.png,1012,786.8,338.3,22.5,966
9/12/2019 13:18,datasets/dataset_cropped/09_Metas/12/13/20190912131800_00160.jpg,datasets_flow/dataset_cropped/09_Metas/12/13/20190912131800_00160.jpg,datasets_cloudmask/dataset_cropped/09_Metas/12/13/20190912131800_00160.png,475.8,140.8,347.7,22.8,966
9/12/2019 13:19,datasets/dataset_cropped/09_Metas/12/13/20190912131900_00160.jpg,datasets_flow/dataset_cropped/09_Metas/12/13/20190912131900_00160.jpg,datasets_cloudmask/dataset_cropped/09_Metas/12/13/20190912131900_00160.png,473.9,85.5,398.1,22.8,966
9/12/2019 13:20,datasets/dataset_cropped/09_Metas/12/13/20190912132000_00160.jpg,datasets_flow/dataset_cropped/09_Metas/12/13/20190912132000_00160.jpg,datasets_cloudmask/dataset_cropped/09_Metas/12/13/20190912132000_00160.png,1013,668.6,439.5,22.7,966
9/12/2019 13:21,datasets/dataset_cropped/09_Metas/12/13/20190912132100_00160.jpg,datasets_flow/dataset_cropped/09_Metas/12/13/20190912132100_00160.jpg,datasets_cloudmask/dataset_cropped/09_Metas/12/13/20190912132100_00160.png,910,493.5,483.9,22.9,966
9/12/2019 13:22,datasets/dataset_cropped/09_Metas/12/13/20190912132200_00160.jpg,datasets_flow/dataset_cropped/09_Metas/12/13/20190912132200_00160.jpg,datasets_cloudmask/dataset_cropped/09_Metas/12/13/20190912132200_00160.png,655.7,242.6,444.9,23.1,966
9/12/2019 13:23,datasets/dataset_cropped/09_Metas/12/13/20190912132300_00160.jpg,datasets_flow/dataset_cropped/09_Metas/12/13/20190912132300_00160.jpg,datasets_cloudmask/dataset_cropped/09_Metas/12/13/20190912132300_00160.png,397.6,53.5,349.6,23.2,966
9/12/2019 13:24,datasets/dataset_cropped/09_Metas/12/13/20190912132400_00160.jpg,datasets_flow/dataset_cropped/09_Metas/12/13/20190912132400_00160.jpg,datasets_cloudmask/dataset_cropped/09_Metas/12/13/20190912132400_00160.png,293.2,1.9,289.6,23,966
9/12/2019 13:25,datasets/dataset_cropped/09_Metas/12/13/20190912132500_00160.jpg,datasets_flow/dataset_cropped/09_Metas/12/13/20190912132500_00160.jpg,datasets_cloudmask/dataset_cropped/09_Metas/12/13/20190912132500_00160.png,279.4,0.4,277.1,22.7,965
9/12/2019 13:26,datasets/dataset_cropped/09_Metas/12/13/20190912132600_00160.jpg,datasets_flow/dataset_cropped/09_Metas/12/13/20190912132600_00160.jpg,datasets_cloudmask/dataset_cropped/09_Metas/12/13/20190912132600_00160.png,399.3,91.5,317.5,22.6,966
9/12/2019 13:27,datasets/dataset_cropped/09_Metas/12/13/20190912132700_00160.jpg,datasets_flow/dataset_cropped/09_Metas/12/13/20190912132700_00160.jpg,datasets_cloudmask/dataset_cropped/09_Metas/12/13/20190912132700_00160.png,444.1,127.6,334.5,22.6,966
9/12/2019 13:28,datasets/dataset_cropped/09_Metas/12/13/20190912132800_00160.jpg,datasets_flow/dataset_cropped/09_Metas/12/13/20190912132800_00160.jpg,datasets_cloudmask/dataset_cropped/09_Metas/12/13/20190912132800_00160.png,357,86.3,277.1,22.6,965
9/12/2019 13:29,datasets/dataset_cropped/09_Metas/12/13/20190912132900_00160.jpg,datasets_flow/dataset_cropped/09_Metas/12/13/20190912132900_00160.jpg,datasets_cloudmask/dataset_cropped/09_Metas/12/13/20190912132900_00160.png,230.6,0,228.8,22.4,966
9/12/2019 13:30,datasets/dataset_cropped/09_Metas/12/13/20190912133000_00160.jpg,datasets_flow/dataset_cropped/09_Metas/12/13/20190912133000_00160.jpg,datasets_cloudmask/dataset_cropped/09_Metas/12/13/20190912133000_00160.png,213.1,0,211.5,22.2,966
9/12/2019 13:31,datasets/dataset_cropped/09_Metas/12/13/20190912133100_00160.jpg,datasets_flow/dataset_cropped/09_Metas/12/13/20190912133100_00160.jpg,datasets_cloudmask/dataset_cropped/09_Metas/12/13/20190912133100_00160.png,225.4,0,223.5,22.3,966
9/12/2019 13:32,datasets/dataset_cropped/09_Metas/12/13/20190912133200_00160.jpg,datasets_flow/dataset_cropped/09_Metas/12/13/20190912133200_00160.jpg,datasets_cloudmask/dataset_cropped/09_Metas/12/13/20190912133200_00160.png,243.6,0,241.3,22.1,966
9/12/2019 13:33,datasets/dataset_cropped/09_Metas/12/13/20190912133300_00160.jpg,datasets_flow/dataset_cropped/09_Metas/12/13/20190912133300_00160.jpg,datasets_cloudmask/dataset_cropped/09_Metas/12/13/20190912133300_00160.png,259.3,0,257.4,22,966
9/12/2019 13:34,datasets/dataset_cropped/09_Metas/12/13/20190912133400_00160.jpg,datasets_flow/dataset_cropped/09_Metas/12/13/20190912133400_00160.jpg,datasets_cloudmask/dataset_cropped/09_Metas/12/13/20190912133400_00160.png,285.1,0,284.2,22,966
9/12/2019 13:35,datasets/dataset_cropped/09_Metas/12/13/20190912133500_00160.jpg,datasets_flow/dataset_cropped/09_Metas/12/13/20190912133500_00160.jpg,datasets_cloudmask/dataset_cropped/09_Metas/12/13/20190912133500_00160.png,325.1,0,323.7,22.3,965
9/12/2019 13:36,datasets/dataset_cropped/09_Metas/12/13/20190912133600_00160.jpg,datasets_flow/dataset_cropped/09_Metas/12/13/20190912133600_00160.jpg,datasets_cloudmask/dataset_cropped/09_Metas/12/13/20190912133600_00160.png,410.6,25.7,386.6,22.3,965
9/12/2019 13:37,datasets/dataset_cropped/09_Metas/12/13/20190912133700_00160.jpg,datasets_flow/dataset_cropped/09_Metas/12/13/20190912133700_00160.jpg,datasets_cloudmask/dataset_cropped/09_Metas/12/13/20190912133700_00160.png,561.2,130.2,449.8,22.2,966
9/12/2019 13:38,datasets/dataset_cropped/09_Metas/12/13/20190912133800_00160.jpg,datasets_flow/dataset_cropped/09_Metas/12/13/20190912133800_00160.jpg,datasets_cloudmask/dataset_cropped/09_Metas/12/13/20190912133800_00160.png,477.7,21.4,456,22.3,966
9/12/2019 13:39,datasets/dataset_cropped/09_Metas/12/13/20190912133900_00160.jpg,datasets_flow/dataset_cropped/09_Metas/12/13/20190912133900_00160.jpg,datasets_cloudmask/dataset_cropped/09_Metas/12/13/20190912133900_00160.png,592.7,139.3,471.8,22.3,965
9/12/2019 13:40,datasets/dataset_cropped/09_Metas/12/13/20190912134000_00160.jpg,datasets_flow/dataset_cropped/09_Metas/12/13/20190912134000_00160.jpg,datasets_cloudmask/dataset_cropped/09_Metas/12/13/20190912134000_00160.png,440.7,7,431.4,22.4,966
9/12/2019 13:41,datasets/dataset_cropped/09_Metas/12/13/20190912134100_00160.jpg,datasets_flow/dataset_cropped/09_Metas/12/13/20190912134100_00160.jpg,datasets_cloudmask/dataset_cropped/09_Metas/12/13/20190912134100_00160.png,446.2,25.6,421.7,22.7,966
9/12/2019 13:42,datasets/dataset_cropped/09_Metas/12/13/20190912134200_00160.jpg,datasets_flow/dataset_cropped/09_Metas/12/13/20190912134200_00160.jpg,datasets_cloudmask/dataset_cropped/09_Metas/12/13/20190912134200_00160.png,697.7,258.2,474.6,22.9,965
9/12/2019 13:43,datasets/dataset_cropped/09_Metas/12/13/20190912134300_00160.jpg,datasets_flow/dataset_cropped/09_Metas/12/13/20190912134300_00160.jpg,datasets_cloudmask/dataset_cropped/09_Metas/12/13/20190912134300_00160.png,798.4,399.3,457.2,23.3,966
9/12/2019 13:44,datasets/dataset_cropped/09_Metas/12/13/20190912134400_00160.jpg,datasets_flow/dataset_cropped/09_Metas/12/13/20190912134400_00160.jpg,datasets_cloudmask/dataset_cropped/09_Metas/12/13/20190912134400_00160.png,916,594.5,413.7,23.3,966
9/12/2019 13:45,datasets/dataset_cropped/09_Metas/12/13/20190912134500_00160.jpg,datasets_flow/dataset_cropped/09_Metas/12/13/20190912134500_00160.jpg,datasets_cloudmask/dataset_cropped/09_Metas/12/13/20190912134500_00160.png,1046,791.2,377,23.3,966
9/12/2019 13:46,datasets/dataset_cropped/09_Metas/12/13/20190912134600_00160.jpg,datasets_flow/dataset_cropped/09_Metas/12/13/20190912134600_00160.jpg,datasets_cloudmask/dataset_cropped/09_Metas/12/13/20190912134600_00160.png,1058,806,378.8,23.3,965
9/12/2019 13:47,datasets/dataset_cropped/09_Metas/12/13/20190912134700_00160.jpg,datasets_flow/dataset_cropped/09_Metas/12/13/20190912134700_00160.jpg,datasets_cloudmask/dataset_cropped/09_Metas/12/13/20190912134700_00160.png,872,576.4,387.1,23.3,966
9/12/2019 13:48,datasets/dataset_cropped/09_Metas/12/13/20190912134800_00160.jpg,datasets_flow/dataset_cropped/09_Metas/12/13/20190912134800_00160.jpg,datasets_cloudmask/dataset_cropped/09_Metas/12/13/20190912134800_00160.png,748.5,436.4,378.1,23.7,965
9/12/2019 13:49,datasets/dataset_cropped/09_Metas/12/13/20190912134900_00160.jpg,datasets_flow/dataset_cropped/09_Metas/12/13/20190912134900_00160.jpg,datasets_cloudmask/dataset_cropped/09_Metas/12/13/20190912134900_00160.png,464.8,145.3,344.7,23.6,966
9/12/2019 13:50,datasets/dataset_cropped/09_Metas/12/13/20190912135000_00160.jpg,datasets_flow/dataset_cropped/09_Metas/12/13/20190912135000_00160.jpg,datasets_cloudmask/dataset_cropped/09_Metas/12/13/20190912135000_00160.png,324.3,2.2,321.6,23.1,966
9/12/2019 13:51,datasets/dataset_cropped/09_Metas/12/13/20190912135100_00160.jpg,datasets_flow/dataset_cropped/09_Metas/12/13/20190912135100_00160.jpg,datasets_cloudmask/dataset_cropped/09_Metas/12/13/20190912135100_00160.png,703.2,398.9,367,23.2,966
9/12/2019 13:52,datasets/dataset_cropped/09_Metas/12/13/20190912135200_00160.jpg,datasets_flow/dataset_cropped/09_Metas/12/13/20190912135200_00160.jpg,datasets_cloudmask/dataset_cropped/09_Metas/12/13/20190912135200_00160.png,427.1,86.5,353.3,23.2,966
9/12/2019 13:53,datasets/dataset_cropped/09_Metas/12/13/20190912135300_00160.jpg,datasets_flow/dataset_cropped/09_Metas/12/13/20190912135300_00160.jpg,datasets_cloudmask/dataset_cropped/09_Metas/12/13/20190912135300_00160.png,340.8,0.3,337.2,22.9,965
9/12/2019 13:54,datasets/dataset_cropped/09_Metas/12/13/20190912135400_00160.jpg,datasets_flow/dataset_cropped/09_Metas/12/13/20190912135400_00160.jpg,datasets_cloudmask/dataset_cropped/09_Metas/12/13/20190912135400_00160.png,370.7,0.2,367.4,22.9,966
9/12/2019 13:55,datasets/dataset_cropped/09_Metas/12/13/20190912135500_00160.jpg,datasets_flow/dataset_cropped/09_Metas/12/13/20190912135500_00160.jpg,datasets_cloudmask/dataset_cropped/09_Metas/12/13/20190912135500_00160.png,409.4,1.1,406.2,22.8,965
9/12/2019 13:56,datasets/dataset_cropped/09_Metas/12/13/20190912135600_00160.jpg,datasets_flow/dataset_cropped/09_Metas/12/13/20190912135600_00160.jpg,datasets_cloudmask/dataset_cropped/09_Metas/12/13/20190912135600_00160.png,835,435.2,464.2,22.7,965
9/12/2019 13:57,datasets/dataset_cropped/09_Metas/12/13/20190912135700_00160.jpg,datasets_flow/dataset_cropped/09_Metas/12/13/20190912135700_00160.jpg,datasets_cloudmask/dataset_cropped/09_Metas/12/13/20190912135700_00160.png,1060,764.2,418.3,22.9,966
9/12/2019 13:58,datasets/dataset_cropped/09_Metas/12/13/20190912135800_00160.jpg,datasets_flow/dataset_cropped/09_Metas/12/13/20190912135800_00160.jpg,datasets_cloudmask/dataset_cropped/09_Metas/12/13/20190912135800_00160.png,1005,722.8,396.2,23.2,965
9/12/2019 13:59,datasets/dataset_cropped/09_Metas/12/13/20190912135900_00160.jpg,datasets_flow/dataset_cropped/09_Metas/12/13/20190912135900_00160.jpg,datasets_cloudmask/dataset_cropped/09_Metas/12/13/20190912135900_00160.png,374.7,36.4,341.9,23,966
9/12/2019 14:00,datasets/dataset_cropped/09_Metas/12/14/20190912140000_00160.jpg,datasets_flow/dataset_cropped/09_Metas/12/14/20190912140000_00160.jpg,datasets_cloudmask/dataset_cropped/09_Metas/12/14/20190912140000_00160.png,385.7,35.2,353.5,22.9,965
9/12/2019 14:01,datasets/dataset_cropped/09_Metas/12/14/20190912140100_00160.jpg,datasets_flow/dataset_cropped/09_Metas/12/14/20190912140100_00160.jpg,datasets_cloudmask/dataset_cropped/09_Metas/12/14/20190912140100_00160.png,408.9,41.3,370.8,23,965
9/12/2019 14:02,datasets/dataset_cropped/09_Metas/12/14/20190912140200_00160.jpg,datasets_flow/dataset_cropped/09_Metas/12/14/20190912140200_00160.jpg,datasets_cloudmask/dataset_cropped/09_Metas/12/14/20190912140200_00160.png,414.6,49.6,370.5,22.9,965
9/12/2019 14:03,datasets/dataset_cropped/09_Metas/12/14/20190912140300_00160.jpg,datasets_flow/dataset_cropped/09_Metas/12/14/20190912140300_00160.jpg,datasets_cloudmask/dataset_cropped/09_Metas/12/14/20190912140300_00160.png,680.4,343.6,386.8,22.8,965
9/12/2019 14:04,datasets/dataset_cropped/09_Metas/12/14/20190912140400_00160.jpg,datasets_flow/dataset_cropped/09_Metas/12/14/20190912140400_00160.jpg,datasets_cloudmask/dataset_cropped/09_Metas/12/14/20190912140400_00160.png,899,627.3,376.7,22.8,965
9/12/2019 14:05,datasets/dataset_cropped/09_Metas/12/14/20190912140500_00160.jpg,datasets_flow/dataset_cropped/09_Metas/12/14/20190912140500_00160.jpg,datasets_cloudmask/dataset_cropped/09_Metas/12/14/20190912140500_00160.png,498.9,208,322.5,22.9,965
9/12/2019 14:06,datasets/dataset_cropped/09_Metas/12/14/20190912140600_00160.jpg,datasets_flow/dataset_cropped/09_Metas/12/14/20190912140600_00160.jpg,datasets_cloudmask/dataset_cropped/09_Metas/12/14/20190912140600_00160.png,273.6,0.5,271.3,22.6,965
9/12/2019 14:07,datasets/dataset_cropped/09_Metas/12/14/20190912140700_00160.jpg,datasets_flow/dataset_cropped/09_Metas/12/14/20190912140700_00160.jpg,datasets_cloudmask/dataset_cropped/09_Metas/12/14/20190912140700_00160.png,271.2,3.5,267,22.4,965
9/12/2019 14:08,datasets/dataset_cropped/09_Metas/12/14/20190912140800_00160.jpg,datasets_flow/dataset_cropped/09_Metas/12/14/20190912140800_00160.jpg,datasets_cloudmask/dataset_cropped/09_Metas/12/14/20190912140800_00160.png,411.8,138.2,292.5,22.3,966
9/12/2019 14:09,datasets/dataset_cropped/09_Metas/12/14/20190912140900_00160.jpg,datasets_flow/dataset_cropped/09_Metas/12/14/20190912140900_00160.jpg,datasets_cloudmask/dataset_cropped/09_Metas/12/14/20190912140900_00160.png,286.2,7.4,278.3,22.1,965
9/12/2019 14:10,datasets/dataset_cropped/09_Metas/12/14/20190912141000_00160.jpg,datasets_flow/dataset_cropped/09_Metas/12/14/20190912141000_00160.jpg,datasets_cloudmask/dataset_cropped/09_Metas/12/14/20190912141000_00160.png,251.9,9.6,241.7,22,965
9/12/2019 14:11,datasets/dataset_cropped/09_Metas/12/14/20190912141100_00160.jpg,datasets_flow/dataset_cropped/09_Metas/12/14/20190912141100_00160.jpg,datasets_cloudmask/dataset_cropped/09_Metas/12/14/20190912141100_00160.png,209.5,0,206.7,21.9,965
9/12/2019 14:12,datasets/dataset_cropped/09_Metas/12/14/20190912141200_00160.jpg,datasets_flow/dataset_cropped/09_Metas/12/14/20190912141200_00160.jpg,datasets_cloudmask/dataset_cropped/09_Metas/12/14/20190912141200_00160.png,195,0,192.5,21.9,965
9/12/2019 14:13,datasets/dataset_cropped/09_Metas/12/14/20190912141300_00160.jpg,datasets_flow/dataset_cropped/09_Metas/12/14/20190912141300_00160.jpg,datasets_cloudmask/dataset_cropped/09_Metas/12/14/20190912141300_00160.png,200.8,0,199,22,965
9/12/2019 14:14,datasets/dataset_cropped/09_Metas/12/14/20190912141400_00160.jpg,datasets_flow/dataset_cropped/09_Metas/12/14/20190912141400_00160.jpg,datasets_cloudmask/dataset_cropped/09_Metas/12/14/20190912141400_00160.png,236.7,10.5,226.4,21.9,965
9/12/2019 14:15,datasets/dataset_cropped/09_Metas/12/14/20190912141500_00160.jpg,datasets_flow/dataset_cropped/09_Metas/12/14/20190912141500_00160.jpg,datasets_cloudmask/dataset_cropped/09_Metas/12/14/20190912141500_00160.png,803,679,246.2,22,965
9/12/2019 14:16,datasets/dataset_cropped/09_Metas/12/14/20190912141600_00160.jpg,datasets_flow/dataset_cropped/09_Metas/12/14/20190912141600_00160.jpg,datasets_cloudmask/dataset_cropped/09_Metas/12/14/20190912141600_00160.png,887,785.7,244.5,22.3,965
9/12/2019 14:17,datasets/dataset_cropped/09_Metas/12/14/20190912141700_00160.jpg,datasets_flow/dataset_cropped/09_Metas/12/14/20190912141700_00160.jpg,datasets_cloudmask/dataset_cropped/09_Metas/12/14/20190912141700_00160.png,891,787,249.7,22.5,965
9/12/2019 14:18,datasets/dataset_cropped/09_Metas/12/14/20190912141800_00160.jpg,datasets_flow/dataset_cropped/09_Metas/12/14/20190912141800_00160.jpg,datasets_cloudmask/dataset_cropped/09_Metas/12/14/20190912141800_00160.png,907,786.1,266.5,22.8,965
9/12/2019 14:19,datasets/dataset_cropped/09_Metas/12/14/20190912141900_00160.jpg,datasets_flow/dataset_cropped/09_Metas/12/14/20190912141900_00160.jpg,datasets_cloudmask/dataset_cropped/09_Metas/12/14/20190912141900_00160.png,947,783.7,309.4,22.9,965
9/12/2019 14:20,datasets/dataset_cropped/09_Metas/12/14/20190912142000_00160.jpg,datasets_flow/dataset_cropped/09_Metas/12/14/20190912142000_00160.jpg,datasets_cloudmask/dataset_cropped/09_Metas/12/14/20190912142000_00160.png,977,772.4,351.6,23.3,965
9/12/2019 14:21,datasets/dataset_cropped/09_Metas/12/14/20190912142100_00160.jpg,datasets_flow/dataset_cropped/09_Metas/12/14/20190912142100_00160.jpg,datasets_cloudmask/dataset_cropped/09_Metas/12/14/20190912142100_00160.png,747.6,442.5,391.7,23.5,965
9/12/2019 14:22,datasets/dataset_cropped/09_Metas/12/14/20190912142200_00160.jpg,datasets_flow/dataset_cropped/09_Metas/12/14/20190912142200_00160.jpg,datasets_cloudmask/dataset_cropped/09_Metas/12/14/20190912142200_00160.png,1010,760.5,392.9,23.6,965
9/12/2019 14:23,datasets/dataset_cropped/09_Metas/12/14/20190912142300_00160.jpg,datasets_flow/dataset_cropped/09_Metas/12/14/20190912142300_00160.jpg,datasets_cloudmask/dataset_cropped/09_Metas/12/14/20190912142300_00160.png,850,494.5,446.6,23.6,965
9/12/2019 14:24,datasets/dataset_cropped/09_Metas/12/14/20190912142400_00160.jpg,datasets_flow/dataset_cropped/09_Metas/12/14/20190912142400_00160.jpg,datasets_cloudmask/dataset_cropped/09_Metas/12/14/20190912142400_00160.png,896,567.6,437.5,23.7,965
9/12/2019 14:25,datasets/dataset_cropped/09_Metas/12/14/20190912142500_00160.jpg,datasets_flow/dataset_cropped/09_Metas/12/14/20190912142500_00160.jpg,datasets_cloudmask/dataset_cropped/09_Metas/12/14/20190912142500_00160.png,855,529.3,425.9,24,965
9/12/2019 14:26,datasets/dataset_cropped/09_Metas/12/14/20190912142600_00160.jpg,datasets_flow/dataset_cropped/09_Metas/12/14/20190912142600_00160.jpg,datasets_cloudmask/dataset_cropped/09_Metas/12/14/20190912142600_00160.png,957,628.4,447.9,24.2,965
9/12/2019 14:27,datasets/dataset_cropped/09_Metas/12/14/20190912142700_00160.jpg,datasets_flow/dataset_cropped/09_Metas/12/14/20190912142700_00160.jpg,datasets_cloudmask/dataset_cropped/09_Metas/12/14/20190912142700_00160.png,897,524.5,472.3,23.8,965
9/12/2019 14:28,datasets/dataset_cropped/09_Metas/12/14/20190912142800_00160.jpg,datasets_flow/dataset_cropped/09_Metas/12/14/20190912142800_00160.jpg,datasets_cloudmask/dataset_cropped/09_Metas/12/14/20190912142800_00160.png,689.2,252.3,482.7,23.6,965
9/12/2019 14:29,datasets/dataset_cropped/09_Metas/12/14/20190912142900_00160.jpg,datasets_flow/dataset_cropped/09_Metas/12/14/20190912142900_00160.jpg,datasets_cloudmask/dataset_cropped/09_Metas/12/14/20190912142900_00160.png,740.2,277.4,512.6,23.6,965
9/12/2019 14:30,datasets/dataset_cropped/09_Metas/12/14/20190912143000_00160.jpg,datasets_flow/dataset_cropped/09_Metas/12/14/20190912143000_00160.jpg,datasets_cloudmask/dataset_cropped/09_Metas/12/14/20190912143000_00160.png,617.8,122.5,518.2,23.4,965
9/12/2019 14:31,datasets/dataset_cropped/09_Metas/12/14/20190912143100_00160.jpg,datasets_flow/dataset_cropped/09_Metas/12/14/20190912143100_00160.jpg,datasets_cloudmask/dataset_cropped/09_Metas/12/14/20190912143100_00160.png,545,75.5,481.2,23.2,965
9/12/2019 14:32,datasets/dataset_cropped/09_Metas/12/14/20190912143200_00160.jpg,datasets_flow/dataset_cropped/09_Metas/12/14/20190912143200_00160.jpg,datasets_cloudmask/dataset_cropped/09_Metas/12/14/20190912143200_00160.png,444.5,6.1,437.4,23.1,965
9/12/2019 14:33,datasets/dataset_cropped/09_Metas/12/14/20190912143300_00160.jpg,datasets_flow/dataset_cropped/09_Metas/12/14/20190912143300_00160.jpg,datasets_cloudmask/dataset_cropped/09_Metas/12/14/20190912143300_00160.png,537,121,437.9,23.2,965
9/12/2019 14:34,datasets/dataset_cropped/09_Metas/12/14/20190912143400_00160.jpg,datasets_flow/dataset_cropped/09_Metas/12/14/20190912143400_00160.jpg,datasets_cloudmask/dataset_cropped/09_Metas/12/14/20190912143400_00160.png,437.2,8.5,427.1,23,965
9/12/2019 14:35,datasets/dataset_cropped/09_Metas/12/14/20190912143500_00160.jpg,datasets_flow/dataset_cropped/09_Metas/12/14/20190912143500_00160.jpg,datasets_cloudmask/dataset_cropped/09_Metas/12/14/20190912143500_00160.png,466.7,39.5,430.8,22.9,965
9/12/2019 14:36,datasets/dataset_cropped/09_Metas/12/14/20190912143600_00160.jpg,datasets_flow/dataset_cropped/09_Metas/12/14/20190912143600_00160.jpg,datasets_cloudmask/dataset_cropped/09_Metas/12/14/20190912143600_00160.png,411.3,6.4,403.3,22.9,965
9/12/2019 14:37,datasets/dataset_cropped/09_Metas/12/14/20190912143700_00160.jpg,datasets_flow/dataset_cropped/09_Metas/12/14/20190912143700_00160.jpg,datasets_cloudmask/dataset_cropped/09_Metas/12/14/20190912143700_00160.png,359.4,0.5,354.9,22.9,965
9/12/2019 14:38,datasets/dataset_cropped/09_Metas/12/14/20190912143800_00160.jpg,datasets_flow/dataset_cropped/09_Metas/12/14/20190912143800_00160.jpg,datasets_cloudmask/dataset_cropped/09_Metas/12/14/20190912143800_00160.png,322.7,0.3,318.2,22.7,965
9/12/2019 14:39,datasets/dataset_cropped/09_Metas/12/14/20190912143900_00160.jpg,datasets_flow/dataset_cropped/09_Metas/12/14/20190912143900_00160.jpg,datasets_cloudmask/dataset_cropped/09_Metas/12/14/20190912143900_00160.png,317.6,0.5,313.2,22.4,965
9/12/2019 14:40,datasets/dataset_cropped/09_Metas/12/14/20190912144000_00160.jpg,datasets_flow/dataset_cropped/09_Metas/12/14/20190912144000_00160.jpg,datasets_cloudmask/dataset_cropped/09_Metas/12/14/20190912144000_00160.png,359,2,353.9,22.4,965
9/12/2019 14:41,datasets/dataset_cropped/09_Metas/12/14/20190912144100_00160.jpg,datasets_flow/dataset_cropped/09_Metas/12/14/20190912144100_00160.jpg,datasets_cloudmask/dataset_cropped/09_Metas/12/14/20190912144100_00160.png,418.1,22.5,396.2,22.2,965
9/12/2019 14:42,datasets/dataset_cropped/09_Metas/12/14/20190912144200_00160.jpg,datasets_flow/dataset_cropped/09_Metas/12/14/20190912144200_00160.jpg,datasets_cloudmask/dataset_cropped/09_Metas/12/14/20190912144200_00160.png,446.2,37.5,412,22.3,965
9/12/2019 14:43,datasets/dataset_cropped/09_Metas/12/14/20190912144300_00160.jpg,datasets_flow/dataset_cropped/09_Metas/12/14/20190912144300_00160.jpg,datasets_cloudmask/dataset_cropped/09_Metas/12/14/20190912144300_00160.png,404.8,1.4,399.9,22.4,965
9/12/2019 14:44,datasets/dataset_cropped/09_Metas/12/14/20190912144400_00160.jpg,datasets_flow/dataset_cropped/09_Metas/12/14/20190912144400_00160.jpg,datasets_cloudmask/dataset_cropped/09_Metas/12/14/20190912144400_00160.png,372.4,2.5,366.6,22.2,965
9/12/2019 14:45,datasets/dataset_cropped/09_Metas/12/14/20190912144500_00160.jpg,datasets_flow/dataset_cropped/09_Metas/12/14/20190912144500_00160.jpg,datasets_cloudmask/dataset_cropped/09_Metas/12/14/20190912144500_00160.png,333.8,1.1,329.1,22.2,965
9/12/2019 14:46,datasets/dataset_cropped/09_Metas/12/14/20190912144600_00160.jpg,datasets_flow/dataset_cropped/09_Metas/12/14/20190912144600_00160.jpg,datasets_cloudmask/dataset_cropped/09_Metas/12/14/20190912144600_00160.png,318.1,0.4,314.1,22.3,965
9/12/2019 14:47,datasets/dataset_cropped/09_Metas/12/14/20190912144700_00160.jpg,datasets_flow/dataset_cropped/09_Metas/12/14/20190912144700_00160.jpg,datasets_cloudmask/dataset_cropped/09_Metas/12/14/20190912144700_00160.png,277.9,0,275,22.4,965
9/12/2019 14:48,datasets/dataset_cropped/09_Metas/12/14/20190912144800_00160.jpg,datasets_flow/dataset_cropped/09_Metas/12/14/20190912144800_00160.jpg,datasets_cloudmask/dataset_cropped/09_Metas/12/14/20190912144800_00160.png,259.2,0,256.5,22.2,965
9/12/2019 14:49,datasets/dataset_cropped/09_Metas/12/14/20190912144900_00160.jpg,datasets_flow/dataset_cropped/09_Metas/12/14/20190912144900_00160.jpg,datasets_cloudmask/dataset_cropped/09_Metas/12/14/20190912144900_00160.png,295.8,0,293.9,22.1,965
9/12/2019 14:50,datasets/dataset_cropped/09_Metas/12/14/20190912145000_00160.jpg,datasets_flow/dataset_cropped/09_Metas/12/14/20190912145000_00160.jpg,datasets_cloudmask/dataset_cropped/09_Metas/12/14/20190912145000_00160.png,317.8,0,316.1,22.2,965
9/12/2019 14:51,datasets/dataset_cropped/09_Metas/12/14/20190912145100_00160.jpg,datasets_flow/dataset_cropped/09_Metas/12/14/20190912145100_00160.jpg,datasets_cloudmask/dataset_cropped/09_Metas/12/14/20190912145100_00160.png,332.7,1.2,330,22.3,965
9/12/2019 14:52,datasets/dataset_cropped/09_Metas/12/14/20190912145200_00160.jpg,datasets_flow/dataset_cropped/09_Metas/12/14/20190912145200_00160.jpg,datasets_cloudmask/dataset_cropped/09_Metas/12/14/20190912145200_00160.png,362.4,2.2,359.3,22.3,965
9/12/2019 14:53,datasets/dataset_cropped/09_Metas/12/14/20190912145300_00160.jpg,datasets_flow/dataset_cropped/09_Metas/12/14/20190912145300_00160.jpg,datasets_cloudmask/dataset_cropped/09_Metas/12/14/20190912145300_00160.png,376.1,0.7,374.2,22.2,965
9/12/2019 14:54,datasets/dataset_cropped/09_Metas/12/14/20190912145400_00160.jpg,datasets_flow/dataset_cropped/09_Metas/12/14/20190912145400_00160.jpg,datasets_cloudmask/dataset_cropped/09_Metas/12/14/20190912145400_00160.png,357.4,1.8,354.1,22.3,965
9/12/2019 14:55,datasets/dataset_cropped/09_Metas/12/14/20190912145500_00160.jpg,datasets_flow/dataset_cropped/09_Metas/12/14/20190912145500_00160.jpg,datasets_cloudmask/dataset_cropped/09_Metas/12/14/20190912145500_00160.png,323.2,0.8,320.1,22.3,965
9/12/2019 14:56,datasets/dataset_cropped/09_Metas/12/14/20190912145600_00160.jpg,datasets_flow/dataset_cropped/09_Metas/12/14/20190912145600_00160.jpg,datasets_cloudmask/dataset_cropped/09_Metas/12/14/20190912145600_00160.png,289.8,1.4,286.9,22.4,965
9/12/2019 14:57,datasets/dataset_cropped/09_Metas/12/14/20190912145700_00160.jpg,datasets_flow/dataset_cropped/09_Metas/12/14/20190912145700_00160.jpg,datasets_cloudmask/dataset_cropped/09_Metas/12/14/20190912145700_00160.png,258,2.9,254.8,22.6,965
9/12/2019 14:58,datasets/dataset_cropped/09_Metas/12/14/20190912145800_00160.jpg,datasets_flow/dataset_cropped/09_Metas/12/14/20190912145800_00160.jpg,datasets_cloudmask/dataset_cropped/09_Metas/12/14/20190912145800_00160.png,228.6,1.4,226.8,22.5,965
9/12/2019 14:59,datasets/dataset_cropped/09_Metas/12/14/20190912145900_00160.jpg,datasets_flow/dataset_cropped/09_Metas/12/14/20190912145900_00160.jpg,datasets_cloudmask/dataset_cropped/09_Metas/12/14/20190912145900_00160.png,212.8,0.9,211.1,22.4,965
9/12/2019 15:00,datasets/dataset_cropped/09_Metas/12/15/20190912150000_00160.jpg,datasets_flow/dataset_cropped/09_Metas/12/15/20190912150000_00160.jpg,datasets_cloudmask/dataset_cropped/09_Metas/12/15/20190912150000_00160.png,199.7,0.2,198,22.4,965
9/12/2019 15:01,datasets/dataset_cropped/09_Metas/12/15/20190912150100_00160.jpg,datasets_flow/dataset_cropped/09_Metas/12/15/20190912150100_00160.jpg,datasets_cloudmask/dataset_cropped/09_Metas/12/15/20190912150100_00160.png,180.9,0,179.6,22.4,965
9/12/2019 15:02,datasets/dataset_cropped/09_Metas/12/15/20190912150200_00160.jpg,datasets_flow/dataset_cropped/09_Metas/12/15/20190912150200_00160.jpg,datasets_cloudmask/dataset_cropped/09_Metas/12/15/20190912150200_00160.png,168.2,0,167.2,22.4,965
9/12/2019 15:03,datasets/dataset_cropped/09_Metas/12/15/20190912150300_00160.jpg,datasets_flow/dataset_cropped/09_Metas/12/15/20190912150300_00160.jpg,datasets_cloudmask/dataset_cropped/09_Metas/12/15/20190912150300_00160.png,161.1,0.8,159.4,22.4,965
9/12/2019 15:04,datasets/dataset_cropped/09_Metas/12/15/20190912150400_00160.jpg,datasets_flow/dataset_cropped/09_Metas/12/15/20190912150400_00160.jpg,datasets_cloudmask/dataset_cropped/09_Metas/12/15/20190912150400_00160.png,146.2,1.2,143.9,22.4,965
9/12/2019 15:05,datasets/dataset_cropped/09_Metas/12/15/20190912150500_00160.jpg,datasets_flow/dataset_cropped/09_Metas/12/15/20190912150500_00160.jpg,datasets_cloudmask/dataset_cropped/09_Metas/12/15/20190912150500_00160.png,131,0,130.5,22.3,965
9/12/2019 15:06,datasets/dataset_cropped/09_Metas/12/15/20190912150600_00160.jpg,datasets_flow/dataset_cropped/09_Metas/12/15/20190912150600_00160.jpg,datasets_cloudmask/dataset_cropped/09_Metas/12/15/20190912150600_00160.png,132,0,131.6,22.3,965
9/12/2019 15:07,datasets/dataset_cropped/09_Metas/12/15/20190912150700_00160.jpg,datasets_flow/dataset_cropped/09_Metas/12/15/20190912150700_00160.jpg,datasets_cloudmask/dataset_cropped/09_Metas/12/15/20190912150700_00160.png,149.5,0,149.4,22.4,965
9/12/2019 15:08,datasets/dataset_cropped/09_Metas/12/15/20190912150800_00160.jpg,datasets_flow/dataset_cropped/09_Metas/12/15/20190912150800_00160.jpg,datasets_cloudmask/dataset_cropped/09_Metas/12/15/20190912150800_00160.png,164.5,0,164.5,22.2,965
9/12/2019 15:09,datasets/dataset_cropped/09_Metas/12/15/20190912150900_00160.jpg,datasets_flow/dataset_cropped/09_Metas/12/15/20190912150900_00160.jpg,datasets_cloudmask/dataset_cropped/09_Metas/12/15/20190912150900_00160.png,165.8,0,165.5,22.1,965
9/12/2019 15:10,datasets/dataset_cropped/09_Metas/12/15/20190912151000_00160.jpg,datasets_flow/dataset_cropped/09_Metas/12/15/20190912151000_00160.jpg,datasets_cloudmask/dataset_cropped/09_Metas/12/15/20190912151000_00160.png,160.3,0,159.9,22.1,965
9/12/2019 15:11,datasets/dataset_cropped/09_Metas/12/15/20190912151100_00160.jpg,datasets_flow/dataset_cropped/09_Metas/12/15/20190912151100_00160.jpg,datasets_cloudmask/dataset_cropped/09_Metas/12/15/20190912151100_00160.png,154.8,0,154.2,21.9,965
9/12/2019 15:12,datasets/dataset_cropped/09_Metas/12/15/20190912151200_00160.jpg,datasets_flow/dataset_cropped/09_Metas/12/15/20190912151200_00160.jpg,datasets_cloudmask/dataset_cropped/09_Metas/12/15/20190912151200_00160.png,149.4,0,148.9,21.8,965
9/12/2019 15:13,datasets/dataset_cropped/09_Metas/12/15/20190912151300_00160.jpg,datasets_flow/dataset_cropped/09_Metas/12/15/20190912151300_00160.jpg,datasets_cloudmask/dataset_cropped/09_Metas/12/15/20190912151300_00160.png,147.2,0,146.6,21.7,965
9/12/2019 15:14,datasets/dataset_cropped/09_Metas/12/15/20190912151400_00160.jpg,datasets_flow/dataset_cropped/09_Metas/12/15/20190912151400_00160.jpg,datasets_cloudmask/dataset_cropped/09_Metas/12/15/20190912151400_00160.png,148.6,0,148,21.6,965
9/12/2019 15:15,datasets/dataset_cropped/09_Metas/12/15/20190912151500_00160.jpg,datasets_flow/dataset_cropped/09_Metas/12/15/20190912151500_00160.jpg,datasets_cloudmask/dataset_cropped/09_Metas/12/15/20190912151500_00160.png,152.4,0,151.7,21.7,965
9/12/2019 15:16,datasets/dataset_cropped/09_Metas/12/15/20190912151600_00160.jpg,datasets_flow/dataset_cropped/09_Metas/12/15/20190912151600_00160.jpg,datasets_cloudmask/dataset_cropped/09_Metas/12/15/20190912151600_00160.png,155.1,0,154.3,21.8,965
9/12/2019 15:17,datasets/dataset_cropped/09_Metas/12/15/20190912151700_00160.jpg,datasets_flow/dataset_cropped/09_Metas/12/15/20190912151700_00160.jpg,datasets_cloudmask/dataset_cropped/09_Metas/12/15/20190912151700_00160.png,170.4,0,169.8,21.8,965
9/12/2019 15:18,datasets/dataset_cropped/09_Metas/12/15/20190912151800_00160.jpg,datasets_flow/dataset_cropped/09_Metas/12/15/20190912151800_00160.jpg,datasets_cloudmask/dataset_cropped/09_Metas/12/15/20190912151800_00160.png,199.9,0,199.5,21.8,965
9/12/2019 15:19,datasets/dataset_cropped/09_Metas/12/15/20190912151900_00160.jpg,datasets_flow/dataset_cropped/09_Metas/12/15/20190912151900_00160.jpg,datasets_cloudmask/dataset_cropped/09_Metas/12/15/20190912151900_00160.png,235.1,0.4,234.6,21.7,965
9/12/2019 15:20,datasets/dataset_cropped/09_Metas/12/15/20190912152000_00160.jpg,datasets_flow/dataset_cropped/09_Metas/12/15/20190912152000_00160.jpg,datasets_cloudmask/dataset_cropped/09_Metas/12/15/20190912152000_00160.png,272.9,0.5,272.2,21.8,965
9/12/2019 15:21,datasets/dataset_cropped/09_Metas/12/15/20190912152100_00160.jpg,datasets_flow/dataset_cropped/09_Metas/12/15/20190912152100_00160.jpg,datasets_cloudmask/dataset_cropped/09_Metas/12/15/20190912152100_00160.png,380.9,99.4,308.3,21.9,965
9/12/2019 15:22,datasets/dataset_cropped/09_Metas/12/15/20190912152200_00160.jpg,datasets_flow/dataset_cropped/09_Metas/12/15/20190912152200_00160.jpg,datasets_cloudmask/dataset_cropped/09_Metas/12/15/20190912152200_00160.png,316.7,49.5,279.9,22,965
9/12/2019 15:23,datasets/dataset_cropped/09_Metas/12/15/20190912152300_00160.jpg,datasets_flow/dataset_cropped/09_Metas/12/15/20190912152300_00160.jpg,datasets_cloudmask/dataset_cropped/09_Metas/12/15/20190912152300_00160.png,235.4,1.8,234.1,22,965
9/12/2019 15:24,datasets/dataset_cropped/09_Metas/12/15/20190912152400_00160.jpg,datasets_flow/dataset_cropped/09_Metas/12/15/20190912152400_00160.jpg,datasets_cloudmask/dataset_cropped/09_Metas/12/15/20190912152400_00160.png,218.8,1.9,217.5,22,965
9/12/2019 15:25,datasets/dataset_cropped/09_Metas/12/15/20190912152500_00160.jpg,datasets_flow/dataset_cropped/09_Metas/12/15/20190912152500_00160.jpg,datasets_cloudmask/dataset_cropped/09_Metas/12/15/20190912152500_00160.png,216.5,1.2,215.8,22,965
9/12/2019 15:26,datasets/dataset_cropped/09_Metas/12/15/20190912152600_00160.jpg,datasets_flow/dataset_cropped/09_Metas/12/15/20190912152600_00160.jpg,datasets_cloudmask/dataset_cropped/09_Metas/12/15/20190912152600_00160.png,228.4,0.9,228,22,965
9/12/2019 15:27,datasets/dataset_cropped/09_Metas/12/15/20190912152700_00160.jpg,datasets_flow/dataset_cropped/09_Metas/12/15/20190912152700_00160.jpg,datasets_cloudmask/dataset_cropped/09_Metas/12/15/20190912152700_00160.png,272.1,18.9,258.6,21.9,965
9/12/2019 15:28,datasets/dataset_cropped/09_Metas/12/15/20190912152800_00160.jpg,datasets_flow/dataset_cropped/09_Metas/12/15/20190912152800_00160.jpg,datasets_cloudmask/dataset_cropped/09_Metas/12/15/20190912152800_00160.png,289.8,1.1,288.8,21.8,965
9/12/2019 15:29,datasets/dataset_cropped/09_Metas/12/15/20190912152900_00160.jpg,datasets_flow/dataset_cropped/09_Metas/12/15/20190912152900_00160.jpg,datasets_cloudmask/dataset_cropped/09_Metas/12/15/20190912152900_00160.png,315.3,1.8,313.7,21.8,965
9/12/2019 15:30,datasets/dataset_cropped/09_Metas/12/15/20190912153000_00160.jpg,datasets_flow/dataset_cropped/09_Metas/12/15/20190912153000_00160.jpg,datasets_cloudmask/dataset_cropped/09_Metas/12/15/20190912153000_00160.png,451.6,196.4,315.3,21.7,965
9/12/2019 15:31,datasets/dataset_cropped/09_Metas/12/15/20190912153100_00160.jpg,datasets_flow/dataset_cropped/09_Metas/12/15/20190912153100_00160.jpg,datasets_cloudmask/dataset_cropped/09_Metas/12/15/20190912153100_00160.png,296.6,1.4,295.1,21.7,965
9/12/2019 15:32,datasets/dataset_cropped/09_Metas/12/15/20190912153200_00160.jpg,datasets_flow/dataset_cropped/09_Metas/12/15/20190912153200_00160.jpg,datasets_cloudmask/dataset_cropped/09_Metas/12/15/20190912153200_00160.png,283.6,1.1,282.4,21.6,965
9/12/2019 15:33,datasets/dataset_cropped/09_Metas/12/15/20190912153300_00160.jpg,datasets_flow/dataset_cropped/09_Metas/12/15/20190912153300_00160.jpg,datasets_cloudmask/dataset_cropped/09_Metas/12/15/20190912153300_00160.png,235.7,1.2,234.2,21.7,965
9/12/2019 15:34,datasets/dataset_cropped/09_Metas/12/15/20190912153400_00160.jpg,datasets_flow/dataset_cropped/09_Metas/12/15/20190912153400_00160.jpg,datasets_cloudmask/dataset_cropped/09_Metas/12/15/20190912153400_00160.png,173.1,0.9,171.7,21.9,965
9/12/2019 15:35,datasets/dataset_cropped/09_Metas/12/15/20190912153500_00160.jpg,datasets_flow/dataset_cropped/09_Metas/12/15/20190912153500_00160.jpg,datasets_cloudmask/dataset_cropped/09_Metas/12/15/20190912153500_00160.png,136.7,0.4,135.9,22,965
9/12/2019 15:36,datasets/dataset_cropped/09_Metas/12/15/20190912153600_00160.jpg,datasets_flow/dataset_cropped/09_Metas/12/15/20190912153600_00160.jpg,datasets_cloudmask/dataset_cropped/09_Metas/12/15/20190912153600_00160.png,127,0.2,126.4,22.1,965
9/12/2019 15:37,datasets/dataset_cropped/09_Metas/12/15/20190912153700_00160.jpg,datasets_flow/dataset_cropped/09_Metas/12/15/20190912153700_00160.jpg,datasets_cloudmask/dataset_cropped/09_Metas/12/15/20190912153700_00160.png,121.3,0.1,120.6,22.1,965
9/12/2019 15:38,datasets/dataset_cropped/09_Metas/12/15/20190912153800_00160.jpg,datasets_flow/dataset_cropped/09_Metas/12/15/20190912153800_00160.jpg,datasets_cloudmask/dataset_cropped/09_Metas/12/15/20190912153800_00160.png,113.2,0.1,112.7,21.9,965
9/12/2019 15:39,datasets/dataset_cropped/09_Metas/12/15/20190912153900_00160.jpg,datasets_flow/dataset_cropped/09_Metas/12/15/20190912153900_00160.jpg,datasets_cloudmask/dataset_cropped/09_Metas/12/15/20190912153900_00160.png,105.1,0,104.8,21.8,965
9/12/2019 15:40,datasets/dataset_cropped/09_Metas/12/15/20190912154000_00160.jpg,datasets_flow/dataset_cropped/09_Metas/12/15/20190912154000_00160.jpg,datasets_cloudmask/dataset_cropped/09_Metas/12/15/20190912154000_00160.png,102.3,0,102,21.8,965
9/12/2019 15:41,datasets/dataset_cropped/09_Metas/12/15/20190912154100_00160.jpg,datasets_flow/dataset_cropped/09_Metas/12/15/20190912154100_00160.jpg,datasets_cloudmask/dataset_cropped/09_Metas/12/15/20190912154100_00160.png,99.8,0,99.6,21.8,965
9/12/2019 15:42,datasets/dataset_cropped/09_Metas/12/15/20190912154200_00160.jpg,datasets_flow/dataset_cropped/09_Metas/12/15/20190912154200_00160.jpg,datasets_cloudmask/dataset_cropped/09_Metas/12/15/20190912154200_00160.png,94.3,0,94.1,21.6,965
9/12/2019 15:43,datasets/dataset_cropped/09_Metas/12/15/20190912154300_00160.jpg,datasets_flow/dataset_cropped/09_Metas/12/15/20190912154300_00160.jpg,datasets_cloudmask/dataset_cropped/09_Metas/12/15/20190912154300_00160.png,87.9,0,87.6,21.5,965
9/12/2019 15:44,datasets/dataset_cropped/09_Metas/12/15/20190912154400_00160.jpg,datasets_flow/dataset_cropped/09_Metas/12/15/20190912154400_00160.jpg,datasets_cloudmask/dataset_cropped/09_Metas/12/15/20190912154400_00160.png,90.3,0,90.1,21.4,965
9/12/2019 15:45,datasets/dataset_cropped/09_Metas/12/15/20190912154500_00160.jpg,datasets_flow/dataset_cropped/09_Metas/12/15/20190912154500_00160.jpg,datasets_cloudmask/dataset_cropped/09_Metas/12/15/20190912154500_00160.png,104.4,0,104.2,21.3,965
9/12/2019 15:46,datasets/dataset_cropped/09_Metas/12/15/20190912154600_00160.jpg,datasets_flow/dataset_cropped/09_Metas/12/15/20190912154600_00160.jpg,datasets_cloudmask/dataset_cropped/09_Metas/12/15/20190912154600_00160.png,122.4,0,122.3,21.3,965
9/12/2019 15:47,datasets/dataset_cropped/09_Metas/12/15/20190912154700_00160.jpg,datasets_flow/dataset_cropped/09_Metas/12/15/20190912154700_00160.jpg,datasets_cloudmask/dataset_cropped/09_Metas/12/15/20190912154700_00160.png,129.3,0,129.1,21.3,965
9/12/2019 15:48,datasets/dataset_cropped/09_Metas/12/15/20190912154800_00160.jpg,datasets_flow/dataset_cropped/09_Metas/12/15/20190912154800_00160.jpg,datasets_cloudmask/dataset_cropped/09_Metas/12/15/20190912154800_00160.png,121.3,0,121.2,21.3,965
9/12/2019 15:49,datasets/dataset_cropped/09_Metas/12/15/20190912154900_00160.jpg,datasets_flow/dataset_cropped/09_Metas/12/15/20190912154900_00160.jpg,datasets_cloudmask/dataset_cropped/09_Metas/12/15/20190912154900_00160.png,116.5,0.1,116.4,21.4,965
9/12/2019 15:50,datasets/dataset_cropped/09_Metas/12/15/20190912155000_00160.jpg,datasets_flow/dataset_cropped/09_Metas/12/15/20190912155000_00160.jpg,datasets_cloudmask/dataset_cropped/09_Metas/12/15/20190912155000_00160.png,113.2,0.3,113.1,21.4,965
9/12/2019 15:51,datasets/dataset_cropped/09_Metas/12/15/20190912155100_00160.jpg,datasets_flow/dataset_cropped/09_Metas/12/15/20190912155100_00160.jpg,datasets_cloudmask/dataset_cropped/09_Metas/12/15/20190912155100_00160.png,104.4,0.2,104.4,21.3,965
9/12/2019 15:52,datasets/dataset_cropped/09_Metas/12/15/20190912155200_00160.jpg,datasets_flow/dataset_cropped/09_Metas/12/15/20190912155200_00160.jpg,datasets_cloudmask/dataset_cropped/09_Metas/12/15/20190912155200_00160.png,99.6,0,99.6,21.2,965
9/12/2019 15:53,datasets/dataset_cropped/09_Metas/12/15/20190912155300_00160.jpg,datasets_flow/dataset_cropped/09_Metas/12/15/20190912155300_00160.jpg,datasets_cloudmask/dataset_cropped/09_Metas/12/15/20190912155300_00160.png,95.7,0,95.7,21.2,965
9/12/2019 15:54,datasets/dataset_cropped/09_Metas/12/15/20190912155400_00160.jpg,datasets_flow/dataset_cropped/09_Metas/12/15/20190912155400_00160.jpg,datasets_cloudmask/dataset_cropped/09_Metas/12/15/20190912155400_00160.png,89,0,89,21.2,965
9/12/2019 15:55,datasets/dataset_cropped/09_Metas/12/15/20190912155500_00160.jpg,datasets_flow/dataset_cropped/09_Metas/12/15/20190912155500_00160.jpg,datasets_cloudmask/dataset_cropped/09_Metas/12/15/20190912155500_00160.png,82.2,0.2,82.1,21.2,965
9/12/2019 15:56,datasets/dataset_cropped/09_Metas/12/15/20190912155600_00160.jpg,datasets_flow/dataset_cropped/09_Metas/12/15/20190912155600_00160.jpg,datasets_cloudmask/dataset_cropped/09_Metas/12/15/20190912155600_00160.png,74.7,0.1,74.6,21.3,965
9/12/2019 15:57,datasets/dataset_cropped/09_Metas/12/15/20190912155700_00160.jpg,datasets_flow/dataset_cropped/09_Metas/12/15/20190912155700_00160.jpg,datasets_cloudmask/dataset_cropped/09_Metas/12/15/20190912155700_00160.png,69.8,0,69.6,21.4,965
9/12/2019 15:58,datasets/dataset_cropped/09_Metas/12/15/20190912155800_00160.jpg,datasets_flow/dataset_cropped/09_Metas/12/15/20190912155800_00160.jpg,datasets_cloudmask/dataset_cropped/09_Metas/12/15/20190912155800_00160.png,66.1,0,66,21.3,965
9/12/2019 15:59,datasets/dataset_cropped/09_Metas/12/15/20190912155900_00160.jpg,datasets_flow/dataset_cropped/09_Metas/12/15/20190912155900_00160.jpg,datasets_cloudmask/dataset_cropped/09_Metas/12/15/20190912155900_00160.png,58.3,0,58.3,21.3,965
9/12/2019 16:00,datasets/dataset_cropped/09_Metas/12/16/20190912160000_00160.jpg,datasets_flow/dataset_cropped/09_Metas/12/16/20190912160000_00160.jpg,datasets_cloudmask/dataset_cropped/09_Metas/12/16/20190912160000_00160.png,54,0,54,21.3,965
9/12/2019 16:01,datasets/dataset_cropped/09_Metas/12/16/20190912160100_00160.jpg,datasets_flow/dataset_cropped/09_Metas/12/16/20190912160100_00160.jpg,datasets_cloudmask/dataset_cropped/09_Metas/12/16/20190912160100_00160.png,57.9,0,57.7,21.2,965
9/12/2019 16:02,datasets/dataset_cropped/09_Metas/12/16/20190912160200_00160.jpg,datasets_flow/dataset_cropped/09_Metas/12/16/20190912160200_00160.jpg,datasets_cloudmask/dataset_cropped/09_Metas/12/16/20190912160200_00160.png,64.8,0,64.9,21.2,965
9/12/2019 16:03,datasets/dataset_cropped/09_Metas/12/16/20190912160300_00160.jpg,datasets_flow/dataset_cropped/09_Metas/12/16/20190912160300_00160.jpg,datasets_cloudmask/dataset_cropped/09_Metas/12/16/20190912160300_00160.png,67.4,0,67.4,21.3,965
9/12/2019 16:04,datasets/dataset_cropped/09_Metas/12/16/20190912160400_00160.jpg,datasets_flow/dataset_cropped/09_Metas/12/16/20190912160400_00160.jpg,datasets_cloudmask/dataset_cropped/09_Metas/12/16/20190912160400_00160.png,67,0,67,21.4,965
9/12/2019 16:05,datasets/dataset_cropped/09_Metas/12/16/20190912160500_00160.jpg,datasets_flow/dataset_cropped/09_Metas/12/16/20190912160500_00160.jpg,datasets_cloudmask/dataset_cropped/09_Metas/12/16/20190912160500_00160.png,63.9,0,63.8,21.3,965
9/12/2019 16:06,datasets/dataset_cropped/09_Metas/12/16/20190912160600_00160.jpg,datasets_flow/dataset_cropped/09_Metas/12/16/20190912160600_00160.jpg,datasets_cloudmask/dataset_cropped/09_Metas/12/16/20190912160600_00160.png,53.6,0,53.3,21.3,965
9/12/2019 16:07,datasets/dataset_cropped/09_Metas/12/16/20190912160700_00160.jpg,datasets_flow/dataset_cropped/09_Metas/12/16/20190912160700_00160.jpg,datasets_cloudmask/dataset_cropped/09_Metas/12/16/20190912160700_00160.png,42.1,0,41.9,21.4,965
9/12/2019 16:08,datasets/dataset_cropped/09_Metas/12/16/20190912160800_00160.jpg,datasets_flow/dataset_cropped/09_Metas/12/16/20190912160800_00160.jpg,datasets_cloudmask/dataset_cropped/09_Metas/12/16/20190912160800_00160.png,36.7,0,36.5,21.3,965
9/12/2019 16:09,datasets/dataset_cropped/09_Metas/12/16/20190912160900_00160.jpg,datasets_flow/dataset_cropped/09_Metas/12/16/20190912160900_00160.jpg,datasets_cloudmask/dataset_cropped/09_Metas/12/16/20190912160900_00160.png,41.3,0,41.2,21.3,965
9/12/2019 16:10,datasets/dataset_cropped/09_Metas/12/16/20190912161000_00160.jpg,datasets_flow/dataset_cropped/09_Metas/12/16/20190912161000_00160.jpg,datasets_cloudmask/dataset_cropped/09_Metas/12/16/20190912161000_00160.png,55.3,0,55.2,21.2,965
9/12/2019 16:11,datasets/dataset_cropped/09_Metas/12/16/20190912161100_00160.jpg,datasets_flow/dataset_cropped/09_Metas/12/16/20190912161100_00160.jpg,datasets_cloudmask/dataset_cropped/09_Metas/12/16/20190912161100_00160.png,80.8,0,80.9,21.1,965
9/12/2019 16:12,datasets/dataset_cropped/09_Metas/12/16/20190912161200_00160.jpg,datasets_flow/dataset_cropped/09_Metas/12/16/20190912161200_00160.jpg,datasets_cloudmask/dataset_cropped/09_Metas/12/16/20190912161200_00160.png,117,0,117.1,21,965
9/12/2019 16:13,datasets/dataset_cropped/09_Metas/12/16/20190912161300_00160.jpg,datasets_flow/dataset_cropped/09_Metas/12/16/20190912161300_00160.jpg,datasets_cloudmask/dataset_cropped/09_Metas/12/16/20190912161300_00160.png,152.7,0,153,20.9,965
9/12/2019 16:14,datasets/dataset_cropped/09_Metas/12/16/20190912161400_00160.jpg,datasets_flow/dataset_cropped/09_Metas/12/16/20190912161400_00160.jpg,datasets_cloudmask/dataset_cropped/09_Metas/12/16/20190912161400_00160.png,166,0,166.1,20.9,965
9/12/2019 16:15,datasets/dataset_cropped/09_Metas/12/16/20190912161500_00160.jpg,datasets_flow/dataset_cropped/09_Metas/12/16/20190912161500_00160.jpg,datasets_cloudmask/dataset_cropped/09_Metas/12/16/20190912161500_00160.png,162.7,0.2,162.8,20.9,965
9/12/2019 16:16,datasets/dataset_cropped/09_Metas/12/16/20190912161600_00160.jpg,datasets_flow/dataset_cropped/09_Metas/12/16/20190912161600_00160.jpg,datasets_cloudmask/dataset_cropped/09_Metas/12/16/20190912161600_00160.png,155.8,0.3,155.7,20.9,965
9/12/2019 16:17,datasets/dataset_cropped/09_Metas/12/16/20190912161700_00160.jpg,datasets_flow/dataset_cropped/09_Metas/12/16/20190912161700_00160.jpg,datasets_cloudmask/dataset_cropped/09_Metas/12/16/20190912161700_00160.png,156.8,0.7,156.4,21,965
9/12/2019 16:18,datasets/dataset_cropped/09_Metas/12/16/20190912161800_00160.jpg,datasets_flow/dataset_cropped/09_Metas/12/16/20190912161800_00160.jpg,datasets_cloudmask/dataset_cropped/09_Metas/12/16/20190912161800_00160.png,175.9,0.5,175.7,21,965
9/12/2019 16:19,datasets/dataset_cropped/09_Metas/12/16/20190912161900_00160.jpg,datasets_flow/dataset_cropped/09_Metas/12/16/20190912161900_00160.jpg,datasets_cloudmask/dataset_cropped/09_Metas/12/16/20190912161900_00160.png,202.3,0.3,202.3,21,965
9/12/2019 16:20,datasets/dataset_cropped/09_Metas/12/16/20190912162000_00160.jpg,datasets_flow/dataset_cropped/09_Metas/12/16/20190912162000_00160.jpg,datasets_cloudmask/dataset_cropped/09_Metas/12/16/20190912162000_00160.png,215.3,0.5,215.3,21.1,965
9/12/2019 16:21,datasets/dataset_cropped/09_Metas/12/16/20190912162100_00160.jpg,datasets_flow/dataset_cropped/09_Metas/12/16/20190912162100_00160.jpg,datasets_cloudmask/dataset_cropped/09_Metas/12/16/20190912162100_00160.png,205.4,0.8,205.3,21.1,965
9/12/2019 16:22,datasets/dataset_cropped/09_Metas/12/16/20190912162200_00160.jpg,datasets_flow/dataset_cropped/09_Metas/12/16/20190912162200_00160.jpg,datasets_cloudmask/dataset_cropped/09_Metas/12/16/20190912162200_00160.png,192.6,1,192.6,21.1,965
9/12/2019 16:23,datasets/dataset_cropped/09_Metas/12/16/20190912162300_00160.jpg,datasets_flow/dataset_cropped/09_Metas/12/16/20190912162300_00160.jpg,datasets_cloudmask/dataset_cropped/09_Metas/12/16/20190912162300_00160.png,184.4,0.8,184.5,21,965
9/12/2019 16:24,datasets/dataset_cropped/09_Metas/12/16/20190912162400_00160.jpg,datasets_flow/dataset_cropped/09_Metas/12/16/20190912162400_00160.jpg,datasets_cloudmask/dataset_cropped/09_Metas/12/16/20190912162400_00160.png,175.8,2.8,174.9,21,965
9/12/2019 16:25,datasets/dataset_cropped/09_Metas/12/16/20190912162500_00160.jpg,datasets_flow/dataset_cropped/09_Metas/12/16/20190912162500_00160.jpg,datasets_cloudmask/dataset_cropped/09_Metas/12/16/20190912162500_00160.png,164.1,1.1,163.9,21.1,965
9/12/2019 16:26,datasets/dataset_cropped/09_Metas/12/16/20190912162600_00160.jpg,datasets_flow/dataset_cropped/09_Metas/12/16/20190912162600_00160.jpg,datasets_cloudmask/dataset_cropped/09_Metas/12/16/20190912162600_00160.png,160.6,0.4,160.8,21,965
9/12/2019 16:27,datasets/dataset_cropped/09_Metas/12/16/20190912162700_00160.jpg,datasets_flow/dataset_cropped/09_Metas/12/16/20190912162700_00160.jpg,datasets_cloudmask/dataset_cropped/09_Metas/12/16/20190912162700_00160.png,168.2,0.3,168.3,20.9,965
9/12/2019 16:28,datasets/dataset_cropped/09_Metas/12/16/20190912162800_00160.jpg,datasets_flow/dataset_cropped/09_Metas/12/16/20190912162800_00160.jpg,datasets_cloudmask/dataset_cropped/09_Metas/12/16/20190912162800_00160.png,172,0.5,172.1,20.9,965
9/12/2019 16:29,datasets/dataset_cropped/09_Metas/12/16/20190912162900_00160.jpg,datasets_flow/dataset_cropped/09_Metas/12/16/20190912162900_00160.jpg,datasets_cloudmask/dataset_cropped/09_Metas/12/16/20190912162900_00160.png,170,0.8,170,21,965
9/12/2019 16:30,datasets/dataset_cropped/09_Metas/12/16/20190912163000_00160.jpg,datasets_flow/dataset_cropped/09_Metas/12/16/20190912163000_00160.jpg,datasets_cloudmask/dataset_cropped/09_Metas/12/16/20190912163000_00160.png,167.4,1.2,167,20.9,965
9/12/2019 16:31,datasets/dataset_cropped/09_Metas/12/16/20190912163100_00160.jpg,datasets_flow/dataset_cropped/09_Metas/12/16/20190912163100_00160.jpg,datasets_cloudmask/dataset_cropped/09_Metas/12/16/20190912163100_00160.png,172.4,0.4,172.5,20.9,965
9/12/2019 16:32,datasets/dataset_cropped/09_Metas/12/16/20190912163200_00160.jpg,datasets_flow/dataset_cropped/09_Metas/12/16/20190912163200_00160.jpg,datasets_cloudmask/dataset_cropped/09_Metas/12/16/20190912163200_00160.png,177.1,0.1,177.3,20.8,965
9/12/2019 16:33,datasets/dataset_cropped/09_Metas/12/16/20190912163300_00160.jpg,datasets_flow/dataset_cropped/09_Metas/12/16/20190912163300_00160.jpg,datasets_cloudmask/dataset_cropped/09_Metas/12/16/20190912163300_00160.png,181.9,0.7,181.9,20.8,965
9/12/2019 16:34,datasets/dataset_cropped/09_Metas/12/16/20190912163400_00160.jpg,datasets_flow/dataset_cropped/09_Metas/12/16/20190912163400_00160.jpg,datasets_cloudmask/dataset_cropped/09_Metas/12/16/20190912163400_00160.png,190.3,0.4,190.5,20.8,965
9/12/2019 16:35,datasets/dataset_cropped/09_Metas/12/16/20190912163500_00160.jpg,datasets_flow/dataset_cropped/09_Metas/12/16/20190912163500_00160.jpg,datasets_cloudmask/dataset_cropped/09_Metas/12/16/20190912163500_00160.png,202.7,0.6,202.9,20.9,965
9/12/2019 16:36,datasets/dataset_cropped/09_Metas/12/16/20190912163600_00160.jpg,datasets_flow/dataset_cropped/09_Metas/12/16/20190912163600_00160.jpg,datasets_cloudmask/dataset_cropped/09_Metas/12/16/20190912163600_00160.png,212,1,212,20.9,965
9/12/2019 16:37,datasets/dataset_cropped/09_Metas/12/16/20190912163700_00160.jpg,datasets_flow/dataset_cropped/09_Metas/12/16/20190912163700_00160.jpg,datasets_cloudmask/dataset_cropped/09_Metas/12/16/20190912163700_00160.png,211.6,0.7,211.6,20.9,965
9/12/2019 16:38,datasets/dataset_cropped/09_Metas/12/16/20190912163800_00160.jpg,datasets_flow/dataset_cropped/09_Metas/12/16/20190912163800_00160.jpg,datasets_cloudmask/dataset_cropped/09_Metas/12/16/20190912163800_00160.png,206.1,0.7,206.2,21,965
9/12/2019 16:39,datasets/dataset_cropped/09_Metas/12/16/20190912163900_00160.jpg,datasets_flow/dataset_cropped/09_Metas/12/16/20190912163900_00160.jpg,datasets_cloudmask/dataset_cropped/09_Metas/12/16/20190912163900_00160.png,205.8,6.7,202.6,21,965
9/12/2019 16:40,datasets/dataset_cropped/09_Metas/12/16/20190912164000_00160.jpg,datasets_flow/dataset_cropped/09_Metas/12/16/20190912164000_00160.jpg,datasets_cloudmask/dataset_cropped/09_Metas/12/16/20190912164000_00160.png,233.8,72.9,194.5,21,965
9/12/2019 16:41,datasets/dataset_cropped/09_Metas/12/16/20190912164100_00160.jpg,datasets_flow/dataset_cropped/09_Metas/12/16/20190912164100_00160.jpg,datasets_cloudmask/dataset_cropped/09_Metas/12/16/20190912164100_00160.png,185.4,2.9,183.9,21,965
9/12/2019 16:42,datasets/dataset_cropped/09_Metas/12/16/20190912164200_00160.jpg,datasets_flow/dataset_cropped/09_Metas/12/16/20190912164200_00160.jpg,datasets_cloudmask/dataset_cropped/09_Metas/12/16/20190912164200_00160.png,181.1,0.9,181.1,20.9,965
9/12/2019 16:43,datasets/dataset_cropped/09_Metas/12/16/20190912164300_00160.jpg,datasets_flow/dataset_cropped/09_Metas/12/16/20190912164300_00160.jpg,datasets_cloudmask/dataset_cropped/09_Metas/12/16/20190912164300_00160.png,181.6,0.8,181.7,20.8,965
9/12/2019 16:44,datasets/dataset_cropped/09_Metas/12/16/20190912164400_00160.jpg,datasets_flow/dataset_cropped/09_Metas/12/16/20190912164400_00160.jpg,datasets_cloudmask/dataset_cropped/09_Metas/12/16/20190912164400_00160.png,183,0.6,183.1,20.9,965
9/12/2019 16:45,datasets/dataset_cropped/09_Metas/12/16/20190912164500_00160.jpg,datasets_flow/dataset_cropped/09_Metas/12/16/20190912164500_00160.jpg,datasets_cloudmask/dataset_cropped/09_Metas/12/16/20190912164500_00160.png,191.5,0.2,191.6,20.8,965
9/12/2019 16:46,datasets/dataset_cropped/09_Metas/12/16/20190912164600_00160.jpg,datasets_flow/dataset_cropped/09_Metas/12/16/20190912164600_00160.jpg,datasets_cloudmask/dataset_cropped/09_Metas/12/16/20190912164600_00160.png,200.5,0.1,200.7,20.8,965
9/12/2019 16:47,datasets/dataset_cropped/09_Metas/12/16/20190912164700_00160.jpg,datasets_flow/dataset_cropped/09_Metas/12/16/20190912164700_00160.jpg,datasets_cloudmask/dataset_cropped/09_Metas/12/16/20190912164700_00160.png,211.9,0.2,212.1,21,965
9/12/2019 16:48,datasets/dataset_cropped/09_Metas/12/16/20190912164800_00160.jpg,datasets_flow/dataset_cropped/09_Metas/12/16/20190912164800_00160.jpg,datasets_cloudmask/dataset_cropped/09_Metas/12/16/20190912164800_00160.png,221.9,0.4,222.2,21,965
9/12/2019 16:49,datasets/dataset_cropped/09_Metas/12/16/20190912164900_00160.jpg,datasets_flow/dataset_cropped/09_Metas/12/16/20190912164900_00160.jpg,datasets_cloudmask/dataset_cropped/09_Metas/12/16/20190912164900_00160.png,210.8,0.4,211.2,20.9,965
9/12/2019 16:50,datasets/dataset_cropped/09_Metas/12/16/20190912165000_00160.jpg,datasets_flow/dataset_cropped/09_Metas/12/16/20190912165000_00160.jpg,datasets_cloudmask/dataset_cropped/09_Metas/12/16/20190912165000_00160.png,182.7,0.6,183.1,20.9,965
9/12/2019 16:51,datasets/dataset_cropped/09_Metas/12/16/20190912165100_00160.jpg,datasets_flow/dataset_cropped/09_Metas/12/16/20190912165100_00160.jpg,datasets_cloudmask/dataset_cropped/09_Metas/12/16/20190912165100_00160.png,154.5,0.7,154.8,20.9,965
9/12/2019 16:52,datasets/dataset_cropped/09_Metas/12/16/20190912165200_00160.jpg,datasets_flow/dataset_cropped/09_Metas/12/16/20190912165200_00160.jpg,datasets_cloudmask/dataset_cropped/09_Metas/12/16/20190912165200_00160.png,135.3,0.4,135.6,20.9,965
9/12/2019 16:53,datasets/dataset_cropped/09_Metas/12/16/20190912165300_00160.jpg,datasets_flow/dataset_cropped/09_Metas/12/16/20190912165300_00160.jpg,datasets_cloudmask/dataset_cropped/09_Metas/12/16/20190912165300_00160.png,126,0.1,126.2,21,965
9/12/2019 16:54,datasets/dataset_cropped/09_Metas/12/16/20190912165400_00160.jpg,datasets_flow/dataset_cropped/09_Metas/12/16/20190912165400_00160.jpg,datasets_cloudmask/dataset_cropped/09_Metas/12/16/20190912165400_00160.png,129.4,0,129.7,20.9,965
9/12/2019 16:55,datasets/dataset_cropped/09_Metas/12/16/20190912165500_00160.jpg,datasets_flow/dataset_cropped/09_Metas/12/16/20190912165500_00160.jpg,datasets_cloudmask/dataset_cropped/09_Metas/12/16/20190912165500_00160.png,136.1,0,136.5,20.8,965
9/12/2019 16:56,datasets/dataset_cropped/09_Metas/12/16/20190912165600_00160.jpg,datasets_flow/dataset_cropped/09_Metas/12/16/20190912165600_00160.jpg,datasets_cloudmask/dataset_cropped/09_Metas/12/16/20190912165600_00160.png,135.7,0.2,136.1,20.8,965
9/12/2019 16:57,datasets/dataset_cropped/09_Metas/12/16/20190912165700_00160.jpg,datasets_flow/dataset_cropped/09_Metas/12/16/20190912165700_00160.jpg,datasets_cloudmask/dataset_cropped/09_Metas/12/16/20190912165700_00160.png,127.2,0.4,127.6,20.8,965
9/12/2019 16:58,datasets/dataset_cropped/09_Metas/12/16/20190912165800_00160.jpg,datasets_flow/dataset_cropped/09_Metas/12/16/20190912165800_00160.jpg,datasets_cloudmask/dataset_cropped/09_Metas/12/16/20190912165800_00160.png,116.5,0.5,117.7,20.9,965
9/12/2019 16:59,datasets/dataset_cropped/09_Metas/12/16/20190912165900_00160.jpg,datasets_flow/dataset_cropped/09_Metas/12/16/20190912165900_00160.jpg,datasets_cloudmask/dataset_cropped/09_Metas/12/16/20190912165900_00160.png,113.6,0.5,114,20.9,965
9/12/2019 17:00,datasets/dataset_cropped/09_Metas/12/17/20190912170000_00160.jpg,datasets_flow/dataset_cropped/09_Metas/12/17/20190912170000_00160.jpg,datasets_cloudmask/dataset_cropped/09_Metas/12/17/20190912170000_00160.png,110.2,0.4,110.6,20.8,965
9/12/2019 17:01,datasets/dataset_cropped/09_Metas/12/17/20190912170100_00160.jpg,datasets_flow/dataset_cropped/09_Metas/12/17/20190912170100_00160.jpg,datasets_cloudmask/dataset_cropped/09_Metas/12/17/20190912170100_00160.png,102.8,0.4,103.1,20.8,965
9/12/2019 17:02,datasets/dataset_cropped/09_Metas/12/17/20190912170200_00160.jpg,datasets_flow/dataset_cropped/09_Metas/12/17/20190912170200_00160.jpg,datasets_cloudmask/dataset_cropped/09_Metas/12/17/20190912170200_00160.png,97.9,0.2,98.2,20.7,965
9/12/2019 17:03,datasets/dataset_cropped/09_Metas/12/17/20190912170300_00160.jpg,datasets_flow/dataset_cropped/09_Metas/12/17/20190912170300_00160.jpg,datasets_cloudmask/dataset_cropped/09_Metas/12/17/20190912170300_00160.png,97.7,0.2,98.1,20.6,965
9/12/2019 17:04,datasets/dataset_cropped/09_Metas/12/17/20190912170400_00160.jpg,datasets_flow/dataset_cropped/09_Metas/12/17/20190912170400_00160.jpg,datasets_cloudmask/dataset_cropped/09_Metas/12/17/20190912170400_00160.png,101.5,0.2,101.8,20.6,965
9/12/2019 17:05,datasets/dataset_cropped/09_Metas/12/17/20190912170500_00160.jpg,datasets_flow/dataset_cropped/09_Metas/12/17/20190912170500_00160.jpg,datasets_cloudmask/dataset_cropped/09_Metas/12/17/20190912170500_00160.png,104.5,0.1,104.8,20.7,965
9/12/2019 17:06,datasets/dataset_cropped/09_Metas/12/17/20190912170600_00160.jpg,datasets_flow/dataset_cropped/09_Metas/12/17/20190912170600_00160.jpg,datasets_cloudmask/dataset_cropped/09_Metas/12/17/20190912170600_00160.png,107.8,0,108.1,20.6,965
9/12/2019 17:07,datasets/dataset_cropped/09_Metas/12/17/20190912170700_00160.jpg,datasets_flow/dataset_cropped/09_Metas/12/17/20190912170700_00160.jpg,datasets_cloudmask/dataset_cropped/09_Metas/12/17/20190912170700_00160.png,115.5,0,115.8,20.5,965
9/12/2019 17:08,datasets/dataset_cropped/09_Metas/12/17/20190912170800_00160.jpg,datasets_flow/dataset_cropped/09_Metas/12/17/20190912170800_00160.jpg,datasets_cloudmask/dataset_cropped/09_Metas/12/17/20190912170800_00160.png,131.6,0,132,20.6,965
9/12/2019 17:09,datasets/dataset_cropped/09_Metas/12/17/20190912170900_00160.jpg,datasets_flow/dataset_cropped/09_Metas/12/17/20190912170900_00160.jpg,datasets_cloudmask/dataset_cropped/09_Metas/12/17/20190912170900_00160.png,157,0,157.4,20.5,965
9/12/2019 17:10,datasets/dataset_cropped/09_Metas/12/17/20190912171000_00160.jpg,datasets_flow/dataset_cropped/09_Metas/12/17/20190912171000_00160.jpg,datasets_cloudmask/dataset_cropped/09_Metas/12/17/20190912171000_00160.png,181.6,0,182.1,20.5,965
9/12/2019 17:11,datasets/dataset_cropped/09_Metas/12/17/20190912171100_00160.jpg,datasets_flow/dataset_cropped/09_Metas/12/17/20190912171100_00160.jpg,datasets_cloudmask/dataset_cropped/09_Metas/12/17/20190912171100_00160.png,187,0.2,187.5,20.5,965
9/12/2019 17:12,datasets/dataset_cropped/09_Metas/12/17/20190912171200_00160.jpg,datasets_flow/dataset_cropped/09_Metas/12/17/20190912171200_00160.jpg,datasets_cloudmask/dataset_cropped/09_Metas/12/17/20190912171200_00160.png,176.5,0.6,176.9,20.5,965
9/12/2019 17:13,datasets/dataset_cropped/09_Metas/12/17/20190912171300_00160.jpg,datasets_flow/dataset_cropped/09_Metas/12/17/20190912171300_00160.jpg,datasets_cloudmask/dataset_cropped/09_Metas/12/17/20190912171300_00160.png,163,0.7,163.4,20.5,965
9/12/2019 17:14,datasets/dataset_cropped/09_Metas/12/17/20190912171400_00160.jpg,datasets_flow/dataset_cropped/09_Metas/12/17/20190912171400_00160.jpg,datasets_cloudmask/dataset_cropped/09_Metas/12/17/20190912171400_00160.png,154.8,0.7,155.1,20.5,965
9/12/2019 17:15,datasets/dataset_cropped/09_Metas/12/17/20190912171500_00160.jpg,datasets_flow/dataset_cropped/09_Metas/12/17/20190912171500_00160.jpg,datasets_cloudmask/dataset_cropped/09_Metas/12/17/20190912171500_00160.png,150.2,0.5,150.5,20.6,965
9/12/2019 17:16,datasets/dataset_cropped/09_Metas/12/17/20190912171600_00160.jpg,datasets_flow/dataset_cropped/09_Metas/12/17/20190912171600_00160.jpg,datasets_cloudmask/dataset_cropped/09_Metas/12/17/20190912171600_00160.png,146.4,0.4,146.8,20.6,965
9/12/2019 17:17,datasets/dataset_cropped/09_Metas/12/17/20190912171700_00160.jpg,datasets_flow/dataset_cropped/09_Metas/12/17/20190912171700_00160.jpg,datasets_cloudmask/dataset_cropped/09_Metas/12/17/20190912171700_00160.png,129.7,0.4,129.9,20.6,965
9/12/2019 17:18,datasets/dataset_cropped/09_Metas/12/17/20190912171800_00160.jpg,datasets_flow/dataset_cropped/09_Metas/12/17/20190912171800_00160.jpg,datasets_cloudmask/dataset_cropped/09_Metas/12/17/20190912171800_00160.png,104.6,0.3,104.8,20.6,965
9/12/2019 17:19,datasets/dataset_cropped/09_Metas/12/17/20190912171900_00160.jpg,datasets_flow/dataset_cropped/09_Metas/12/17/20190912171900_00160.jpg,datasets_cloudmask/dataset_cropped/09_Metas/12/17/20190912171900_00160.png,85.9,0,86.2,20.5,965
9/12/2019 17:20,datasets/dataset_cropped/09_Metas/12/17/20190912172000_00160.jpg,datasets_flow/dataset_cropped/09_Metas/12/17/20190912172000_00160.jpg,datasets_cloudmask/dataset_cropped/09_Metas/12/17/20190912172000_00160.png,78.3,0,78.4,20.5,965
9/12/2019 17:21,datasets/dataset_cropped/09_Metas/12/17/20190912172100_00160.jpg,datasets_flow/dataset_cropped/09_Metas/12/17/20190912172100_00160.jpg,datasets_cloudmask/dataset_cropped/09_Metas/12/17/20190912172100_00160.png,75.2,0,75.2,20.4,965
9/12/2019 17:22,datasets/dataset_cropped/09_Metas/12/17/20190912172200_00160.jpg,datasets_flow/dataset_cropped/09_Metas/12/17/20190912172200_00160.jpg,datasets_cloudmask/dataset_cropped/09_Metas/12/17/20190912172200_00160.png,71.5,0,71.5,20.4,965
9/12/2019 17:23,datasets/dataset_cropped/09_Metas/12/17/20190912172300_00160.jpg,datasets_flow/dataset_cropped/09_Metas/12/17/20190912172300_00160.jpg,datasets_cloudmask/dataset_cropped/09_Metas/12/17/20190912172300_00160.png,67.3,0,67.3,20.3,965
9/12/2019 17:24,datasets/dataset_cropped/09_Metas/12/17/20190912172400_00160.jpg,datasets_flow/dataset_cropped/09_Metas/12/17/20190912172400_00160.jpg,datasets_cloudmask/dataset_cropped/09_Metas/12/17/20190912172400_00160.png,64.6,0,64.6,20.2,965
9/12/2019 17:25,datasets/dataset_cropped/09_Metas/12/17/20190912172500_00160.jpg,datasets_flow/dataset_cropped/09_Metas/12/17/20190912172500_00160.jpg,datasets_cloudmask/dataset_cropped/09_Metas/12/17/20190912172500_00160.png,67.5,0,67.6,20.2,965
9/12/2019 17:26,datasets/dataset_cropped/09_Metas/12/17/20190912172600_00160.jpg,datasets_flow/dataset_cropped/09_Metas/12/17/20190912172600_00160.jpg,datasets_cloudmask/dataset_cropped/09_Metas/12/17/20190912172600_00160.png,72.8,0.1,73,20.2,965
9/12/2019 17:27,datasets/dataset_cropped/09_Metas/12/17/20190912172700_00160.jpg,datasets_flow/dataset_cropped/09_Metas/12/17/20190912172700_00160.jpg,datasets_cloudmask/dataset_cropped/09_Metas/12/17/20190912172700_00160.png,72.9,0.1,73.1,20.2,965
9/12/2019 17:28,datasets/dataset_cropped/09_Metas/12/17/20190912172800_00160.jpg,datasets_flow/dataset_cropped/09_Metas/12/17/20190912172800_00160.jpg,datasets_cloudmask/dataset_cropped/09_Metas/12/17/20190912172800_00160.png,73.8,0,74,20.2,965
9/12/2019 17:29,datasets/dataset_cropped/09_Metas/12/17/20190912172900_00160.jpg,datasets_flow/dataset_cropped/09_Metas/12/17/20190912172900_00160.jpg,datasets_cloudmask/dataset_cropped/09_Metas/12/17/20190912172900_00160.png,77.7,0,78.1,20.2,965
9/12/2019 17:30,datasets/dataset_cropped/09_Metas/12/17/20190912173000_00160.jpg,datasets_flow/dataset_cropped/09_Metas/12/17/20190912173000_00160.jpg,datasets_cloudmask/dataset_cropped/09_Metas/12/17/20190912173000_00160.png,76.3,0,76.6,20.2,965
9/12/2019 17:31,datasets/dataset_cropped/09_Metas/12/17/20190912173100_00160.jpg,datasets_flow/dataset_cropped/09_Metas/12/17/20190912173100_00160.jpg,datasets_cloudmask/dataset_cropped/09_Metas/12/17/20190912173100_00160.png,66.4,0,66.6,20.2,965
9/12/2019 17:32,datasets/dataset_cropped/09_Metas/12/17/20190912173200_00160.jpg,datasets_flow/dataset_cropped/09_Metas/12/17/20190912173200_00160.jpg,datasets_cloudmask/dataset_cropped/09_Metas/12/17/20190912173200_00160.png,59.5,0.1,59.8,20.2,965
9/12/2019 17:33,datasets/dataset_cropped/09_Metas/12/17/20190912173300_00160.jpg,datasets_flow/dataset_cropped/09_Metas/12/17/20190912173300_00160.jpg,datasets_cloudmask/dataset_cropped/09_Metas/12/17/20190912173300_00160.png,54.8,0.1,55,20.1,965
9/12/2019 17:34,datasets/dataset_cropped/09_Metas/12/17/20190912173400_00160.jpg,datasets_flow/dataset_cropped/09_Metas/12/17/20190912173400_00160.jpg,datasets_cloudmask/dataset_cropped/09_Metas/12/17/20190912173400_00160.png,49.1,0,49.2,20.2,965
9/12/2019 17:35,datasets/dataset_cropped/09_Metas/12/17/20190912173500_00160.jpg,datasets_flow/dataset_cropped/09_Metas/12/17/20190912173500_00160.jpg,datasets_cloudmask/dataset_cropped/09_Metas/12/17/20190912173500_00160.png,43.8,0,43.8,20.1,965
9/12/2019 17:36,datasets/dataset_cropped/09_Metas/12/17/20190912173600_00160.jpg,datasets_flow/dataset_cropped/09_Metas/12/17/20190912173600_00160.jpg,datasets_cloudmask/dataset_cropped/09_Metas/12/17/20190912173600_00160.png,40.1,0,40.1,20.1,965
9/12/2019 17:37,datasets/dataset_cropped/09_Metas/12/17/20190912173700_00160.jpg,datasets_flow/dataset_cropped/09_Metas/12/17/20190912173700_00160.jpg,datasets_cloudmask/dataset_cropped/09_Metas/12/17/20190912173700_00160.png,38.6,0,38.7,20.1,965
9/12/2019 17:38,datasets/dataset_cropped/09_Metas/12/17/20190912173800_00160.jpg,datasets_flow/dataset_cropped/09_Metas/12/17/20190912173800_00160.jpg,datasets_cloudmask/dataset_cropped/09_Metas/12/17/20190912173800_00160.png,42.2,0,42.3,20.2,965
9/12/2019 17:39,datasets/dataset_cropped/09_Metas/12/17/20190912173900_00160.jpg,datasets_flow/dataset_cropped/09_Metas/12/17/20190912173900_00160.jpg,datasets_cloudmask/dataset_cropped/09_Metas/12/17/20190912173900_00160.png,55.4,0,55.6,20.2,965
9/12/2019 17:40,datasets/dataset_cropped/09_Metas/12/17/20190912174000_00160.jpg,datasets_flow/dataset_cropped/09_Metas/12/17/20190912174000_00160.jpg,datasets_cloudmask/dataset_cropped/09_Metas/12/17/20190912174000_00160.png,66.9,0,67.1,20.2,965
9/12/2019 17:41,datasets/dataset_cropped/09_Metas/12/17/20190912174100_00160.jpg,datasets_flow/dataset_cropped/09_Metas/12/17/20190912174100_00160.jpg,datasets_cloudmask/dataset_cropped/09_Metas/12/17/20190912174100_00160.png,70.3,0,70.5,20.2,965
9/12/2019 17:42,datasets/dataset_cropped/09_Metas/12/17/20190912174200_00160.jpg,datasets_flow/dataset_cropped/09_Metas/12/17/20190912174200_00160.jpg,datasets_cloudmask/dataset_cropped/09_Metas/12/17/20190912174200_00160.png,67.2,0.1,67.3,20.2,965
9/12/2019 17:43,datasets/dataset_cropped/09_Metas/12/17/20190912174300_00160.jpg,datasets_flow/dataset_cropped/09_Metas/12/17/20190912174300_00160.jpg,datasets_cloudmask/dataset_cropped/09_Metas/12/17/20190912174300_00160.png,61.5,0,61.6,20.3,965
9/12/2019 17:44,datasets/dataset_cropped/09_Metas/12/17/20190912174400_00160.jpg,datasets_flow/dataset_cropped/09_Metas/12/17/20190912174400_00160.jpg,datasets_cloudmask/dataset_cropped/09_Metas/12/17/20190912174400_00160.png,58.2,0,58.3,20.2,965
9/12/2019 17:45,datasets/dataset_cropped/09_Metas/12/17/20190912174500_00160.jpg,datasets_flow/dataset_cropped/09_Metas/12/17/20190912174500_00160.jpg,datasets_cloudmask/dataset_cropped/09_Metas/12/17/20190912174500_00160.png,55.6,0,55.7,20.1,965
9/12/2019 17:46,datasets/dataset_cropped/09_Metas/12/17/20190912174600_00160.jpg,datasets_flow/dataset_cropped/09_Metas/12/17/20190912174600_00160.jpg,datasets_cloudmask/dataset_cropped/09_Metas/12/17/20190912174600_00160.png,50.5,0,50.6,20,965
9/12/2019 17:47,datasets/dataset_cropped/09_Metas/12/17/20190912174700_00160.jpg,datasets_flow/dataset_cropped/09_Metas/12/17/20190912174700_00160.jpg,datasets_cloudmask/dataset_cropped/09_Metas/12/17/20190912174700_00160.png,44.1,0.1,44.2,20,965
9/12/2019 17:48,datasets/dataset_cropped/09_Metas/12/17/20190912174800_00160.jpg,datasets_flow/dataset_cropped/09_Metas/12/17/20190912174800_00160.jpg,datasets_cloudmask/dataset_cropped/09_Metas/12/17/20190912174800_00160.png,39.3,0.1,39.4,20,965
9/12/2019 17:49,datasets/dataset_cropped/09_Metas/12/17/20190912174900_00160.jpg,datasets_flow/dataset_cropped/09_Metas/12/17/20190912174900_00160.jpg,datasets_cloudmask/dataset_cropped/09_Metas/12/17/20190912174900_00160.png,38.5,0.1,38.6,19.9,965
9/12/2019 17:50,datasets/dataset_cropped/09_Metas/12/17/20190912175000_00160.jpg,datasets_flow/dataset_cropped/09_Metas/12/17/20190912175000_00160.jpg,datasets_cloudmask/dataset_cropped/09_Metas/12/17/20190912175000_00160.png,39.9,0,40,20,965
9/12/2019 17:51,datasets/dataset_cropped/09_Metas/12/17/20190912175100_00160.jpg,datasets_flow/dataset_cropped/09_Metas/12/17/20190912175100_00160.jpg,datasets_cloudmask/dataset_cropped/09_Metas/12/17/20190912175100_00160.png,39.8,0,39.9,20,965
9/12/2019 17:52,datasets/dataset_cropped/09_Metas/12/17/20190912175200_00160.jpg,datasets_flow/dataset_cropped/09_Metas/12/17/20190912175200_00160.jpg,datasets_cloudmask/dataset_cropped/09_Metas/12/17/20190912175200_00160.png,37.1,0,37.2,19.9,965
9/12/2019 17:53,datasets/dataset_cropped/09_Metas/12/17/20190912175300_00160.jpg,datasets_flow/dataset_cropped/09_Metas/12/17/20190912175300_00160.jpg,datasets_cloudmask/dataset_cropped/09_Metas/12/17/20190912175300_00160.png,37,0,37.1,19.9,965
9/12/2019 17:54,datasets/dataset_cropped/09_Metas/12/17/20190912175400_00160.jpg,datasets_flow/dataset_cropped/09_Metas/12/17/20190912175400_00160.jpg,datasets_cloudmask/dataset_cropped/09_Metas/12/17/20190912175400_00160.png,42.4,0,42.5,19.9,965
9/12/2019 17:55,datasets/dataset_cropped/09_Metas/12/17/20190912175500_00160.jpg,datasets_flow/dataset_cropped/09_Metas/12/17/20190912175500_00160.jpg,datasets_cloudmask/dataset_cropped/09_Metas/12/17/20190912175500_00160.png,47.8,0,47.9,20,965
9/12/2019 17:56,datasets/dataset_cropped/09_Metas/12/17/20190912175600_00160.jpg,datasets_flow/dataset_cropped/09_Metas/12/17/20190912175600_00160.jpg,datasets_cloudmask/dataset_cropped/09_Metas/12/17/20190912175600_00160.png,49.7,0,49.9,20,965
9/12/2019 17:57,datasets/dataset_cropped/09_Metas/12/17/20190912175700_00160.jpg,datasets_flow/dataset_cropped/09_Metas/12/17/20190912175700_00160.jpg,datasets_cloudmask/dataset_cropped/09_Metas/12/17/20190912175700_00160.png,48.5,0,48.6,20,965
9/12/2019 17:58,datasets/dataset_cropped/09_Metas/12/17/20190912175800_00160.jpg,datasets_flow/dataset_cropped/09_Metas/12/17/20190912175800_00160.jpg,datasets_cloudmask/dataset_cropped/09_Metas/12/17/20190912175800_00160.png,47.6,0,47.7,20,965
9/12/2019 17:59,datasets/dataset_cropped/09_Metas/12/17/20190912175900_00160.jpg,datasets_flow/dataset_cropped/09_Metas/12/17/20190912175900_00160.jpg,datasets_cloudmask/dataset_cropped/09_Metas/12/17/20190912175900_00160.png,48.5,0,48.7,20,965
9/12/2019 18:00,datasets/dataset_cropped/09_Metas/12/18/20190912180000_00160.jpg,datasets_flow/dataset_cropped/09_Metas/12/18/20190912180000_00160.jpg,datasets_cloudmask/dataset_cropped/09_Metas/12/18/20190912180000_00160.png,51.2,0,51.3,20,965
9/12/2019 18:01,datasets/dataset_cropped/09_Metas/12/18/20190912180100_00160.jpg,datasets_flow/dataset_cropped/09_Metas/12/18/20190912180100_00160.jpg,datasets_cloudmask/dataset_cropped/09_Metas/12/18/20190912180100_00160.png,54.4,0,54.5,20,965
9/12/2019 18:02,datasets/dataset_cropped/09_Metas/12/18/20190912180200_00160.jpg,datasets_flow/dataset_cropped/09_Metas/12/18/20190912180200_00160.jpg,datasets_cloudmask/dataset_cropped/09_Metas/12/18/20190912180200_00160.png,55.8,0,56,20,965
9/12/2019 18:03,datasets/dataset_cropped/09_Metas/12/18/20190912180300_00160.jpg,datasets_flow/dataset_cropped/09_Metas/12/18/20190912180300_00160.jpg,datasets_cloudmask/dataset_cropped/09_Metas/12/18/20190912180300_00160.png,54.6,0.1,54.8,19.9,965
9/12/2019 18:04,datasets/dataset_cropped/09_Metas/12/18/20190912180400_00160.jpg,datasets_flow/dataset_cropped/09_Metas/12/18/20190912180400_00160.jpg,datasets_cloudmask/dataset_cropped/09_Metas/12/18/20190912180400_00160.png,52.9,0.1,53.1,19.9,965
9/12/2019 18:05,datasets/dataset_cropped/09_Metas/12/18/20190912180500_00160.jpg,datasets_flow/dataset_cropped/09_Metas/12/18/20190912180500_00160.jpg,datasets_cloudmask/dataset_cropped/09_Metas/12/18/20190912180500_00160.png,51.3,0.1,51.4,19.9,965
9/12/2019 18:06,datasets/dataset_cropped/09_Metas/12/18/20190912180600_00160.jpg,datasets_flow/dataset_cropped/09_Metas/12/18/20190912180600_00160.jpg,datasets_cloudmask/dataset_cropped/09_Metas/12/18/20190912180600_00160.png,49.8,0.1,50,19.9,965
9/12/2019 18:07,datasets/dataset_cropped/09_Metas/12/18/20190912180700_00160.jpg,datasets_flow/dataset_cropped/09_Metas/12/18/20190912180700_00160.jpg,datasets_cloudmask/dataset_cropped/09_Metas/12/18/20190912180700_00160.png,49.1,0.1,49.3,19.9,965
9/12/2019 18:08,datasets/dataset_cropped/09_Metas/12/18/20190912180800_00160.jpg,datasets_flow/dataset_cropped/09_Metas/12/18/20190912180800_00160.jpg,datasets_cloudmask/dataset_cropped/09_Metas/12/18/20190912180800_00160.png,48.6,0.1,48.7,19.9,965
9/12/2019 18:09,datasets/dataset_cropped/09_Metas/12/18/20190912180900_00160.jpg,datasets_flow/dataset_cropped/09_Metas/12/18/20190912180900_00160.jpg,datasets_cloudmask/dataset_cropped/09_Metas/12/18/20190912180900_00160.png,45.6,0,45.7,19.9,965
9/12/2019 18:10,datasets/dataset_cropped/09_Metas/12/18/20190912181000_00160.jpg,datasets_flow/dataset_cropped/09_Metas/12/18/20190912181000_00160.jpg,datasets_cloudmask/dataset_cropped/09_Metas/12/18/20190912181000_00160.png,41.4,0,41.5,19.9,965
9/12/2019 18:11,datasets/dataset_cropped/09_Metas/12/18/20190912181100_00160.jpg,datasets_flow/dataset_cropped/09_Metas/12/18/20190912181100_00160.jpg,datasets_cloudmask/dataset_cropped/09_Metas/12/18/20190912181100_00160.png,36.9,0.1,37.1,20,965
9/12/2019 18:12,datasets/dataset_cropped/09_Metas/12/18/20190912181200_00160.jpg,datasets_flow/dataset_cropped/09_Metas/12/18/20190912181200_00160.jpg,datasets_cloudmask/dataset_cropped/09_Metas/12/18/20190912181200_00160.png,33.5,0.1,33.6,19.9,965
9/12/2019 18:13,datasets/dataset_cropped/09_Metas/12/18/20190912181300_00160.jpg,datasets_flow/dataset_cropped/09_Metas/12/18/20190912181300_00160.jpg,datasets_cloudmask/dataset_cropped/09_Metas/12/18/20190912181300_00160.png,31.9,0.1,32.1,19.9,965
9/12/2019 18:14,datasets/dataset_cropped/09_Metas/12/18/20190912181400_00160.jpg,datasets_flow/dataset_cropped/09_Metas/12/18/20190912181400_00160.jpg,datasets_cloudmask/dataset_cropped/09_Metas/12/18/20190912181400_00160.png,31.8,0.1,32,20,965
9/12/2019 18:15,datasets/dataset_cropped/09_Metas/12/18/20190912181500_00160.jpg,datasets_flow/dataset_cropped/09_Metas/12/18/20190912181500_00160.jpg,datasets_cloudmask/dataset_cropped/09_Metas/12/18/20190912181500_00160.png,31.5,0.1,31.7,20,965
9/12/2019 18:16,datasets/dataset_cropped/09_Metas/12/18/20190912181600_00160.jpg,datasets_flow/dataset_cropped/09_Metas/12/18/20190912181600_00160.jpg,datasets_cloudmask/dataset_cropped/09_Metas/12/18/20190912181600_00160.png,31.3,0.1,31.5,20,965
9/12/2019 18:17,datasets/dataset_cropped/09_Metas/12/18/20190912181700_00160.jpg,datasets_flow/dataset_cropped/09_Metas/12/18/20190912181700_00160.jpg,datasets_cloudmask/dataset_cropped/09_Metas/12/18/20190912181700_00160.png,32.4,0.1,32.6,20.1,965
9/12/2019 18:18,datasets/dataset_cropped/09_Metas/12/18/20190912181800_00160.jpg,datasets_flow/dataset_cropped/09_Metas/12/18/20190912181800_00160.jpg,datasets_cloudmask/dataset_cropped/09_Metas/12/18/20190912181800_00160.png,34,0.1,34.1,20,965
9/12/2019 18:19,datasets/dataset_cropped/09_Metas/12/18/20190912181900_00160.jpg,datasets_flow/dataset_cropped/09_Metas/12/18/20190912181900_00160.jpg,datasets_cloudmask/dataset_cropped/09_Metas/12/18/20190912181900_00160.png,35.7,0.1,35.9,20,965
9/12/2019 18:20,datasets/dataset_cropped/09_Metas/12/18/20190912182000_00160.jpg,datasets_flow/dataset_cropped/09_Metas/12/18/20190912182000_00160.jpg,datasets_cloudmask/dataset_cropped/09_Metas/12/18/20190912182000_00160.png,36.8,0,36.9,19.9,965
9/12/2019 18:21,datasets/dataset_cropped/09_Metas/12/18/20190912182100_00160.jpg,datasets_flow/dataset_cropped/09_Metas/12/18/20190912182100_00160.jpg,datasets_cloudmask/dataset_cropped/09_Metas/12/18/20190912182100_00160.png,36.1,0,36.2,19.9,965
9/12/2019 18:22,datasets/dataset_cropped/09_Metas/12/18/20190912182200_00160.jpg,datasets_flow/dataset_cropped/09_Metas/12/18/20190912182200_00160.jpg,datasets_cloudmask/dataset_cropped/09_Metas/12/18/20190912182200_00160.png,35.2,0,35.3,19.9,965
9/12/2019 18:23,datasets/dataset_cropped/09_Metas/12/18/20190912182300_00160.jpg,datasets_flow/dataset_cropped/09_Metas/12/18/20190912182300_00160.jpg,datasets_cloudmask/dataset_cropped/09_Metas/12/18/20190912182300_00160.png,34.5,0,34.6,19.9,965
9/12/2019 18:24,datasets/dataset_cropped/09_Metas/12/18/20190912182400_00160.jpg,datasets_flow/dataset_cropped/09_Metas/12/18/20190912182400_00160.jpg,datasets_cloudmask/dataset_cropped/09_Metas/12/18/20190912182400_00160.png,33.4,0,33.5,19.9,965
9/12/2019 18:25,datasets/dataset_cropped/09_Metas/12/18/20190912182500_00160.jpg,datasets_flow/dataset_cropped/09_Metas/12/18/20190912182500_00160.jpg,datasets_cloudmask/dataset_cropped/09_Metas/12/18/20190912182500_00160.png,32.1,0,32.2,19.9,965
9/12/2019 18:26,datasets/dataset_cropped/09_Metas/12/18/20190912182600_00160.jpg,datasets_flow/dataset_cropped/09_Metas/12/18/20190912182600_00160.jpg,datasets_cloudmask/dataset_cropped/09_Metas/12/18/20190912182600_00160.png,31.4,0,31.4,19.8,965
9/12/2019 18:27,datasets/dataset_cropped/09_Metas/12/18/20190912182700_00160.jpg,datasets_flow/dataset_cropped/09_Metas/12/18/20190912182700_00160.jpg,datasets_cloudmask/dataset_cropped/09_Metas/12/18/20190912182700_00160.png,30.2,0,30.3,19.8,965
9/12/2019 18:28,datasets/dataset_cropped/09_Metas/12/18/20190912182800_00160.jpg,datasets_flow/dataset_cropped/09_Metas/12/18/20190912182800_00160.jpg,datasets_cloudmask/dataset_cropped/09_Metas/12/18/20190912182800_00160.png,28.3,0,28.3,19.8,965
9/12/2019 18:29,datasets/dataset_cropped/09_Metas/12/18/20190912182900_00160.jpg,datasets_flow/dataset_cropped/09_Metas/12/18/20190912182900_00160.jpg,datasets_cloudmask/dataset_cropped/09_Metas/12/18/20190912182900_00160.png,26.7,0,26.7,19.8,965
9/12/2019 18:30,datasets/dataset_cropped/09_Metas/12/18/20190912183000_00160.jpg,datasets_flow/dataset_cropped/09_Metas/12/18/20190912183000_00160.jpg,datasets_cloudmask/dataset_cropped/09_Metas/12/18/20190912183000_00160.png,25.5,0,25.6,19.8,965
9/12/2019 18:31,datasets/dataset_cropped/09_Metas/12/18/20190912183100_00160.jpg,datasets_flow/dataset_cropped/09_Metas/12/18/20190912183100_00160.jpg,datasets_cloudmask/dataset_cropped/09_Metas/12/18/20190912183100_00160.png,24.1,0,24.2,19.8,965
9/12/2019 18:32,datasets/dataset_cropped/09_Metas/12/18/20190912183200_00160.jpg,datasets_flow/dataset_cropped/09_Metas/12/18/20190912183200_00160.jpg,datasets_cloudmask/dataset_cropped/09_Metas/12/18/20190912183200_00160.png,22.1,0,22.2,19.8,965
9/12/2019 18:33,datasets/dataset_cropped/09_Metas/12/18/20190912183300_00160.jpg,datasets_flow/dataset_cropped/09_Metas/12/18/20190912183300_00160.jpg,datasets_cloudmask/dataset_cropped/09_Metas/12/18/20190912183300_00160.png,19.1,0,19.1,19.7,965
9/12/2019 18:34,datasets/dataset_cropped/09_Metas/12/18/20190912183400_00160.jpg,datasets_flow/dataset_cropped/09_Metas/12/18/20190912183400_00160.jpg,datasets_cloudmask/dataset_cropped/09_Metas/12/18/20190912183400_00160.png,14.4,0,14.5,19.8,965
9/12/2019 18:35,datasets/dataset_cropped/09_Metas/12/18/20190912183500_00160.jpg,datasets_flow/dataset_cropped/09_Metas/12/18/20190912183500_00160.jpg,datasets_cloudmask/dataset_cropped/09_Metas/12/18/20190912183500_00160.png,10.9,0,10.9,19.7,965
9/12/2019 18:36,datasets/dataset_cropped/09_Metas/12/18/20190912183600_00160.jpg,datasets_flow/dataset_cropped/09_Metas/12/18/20190912183600_00160.jpg,datasets_cloudmask/dataset_cropped/09_Metas/12/18/20190912183600_00160.png,10,0,10,19.8,965
9/12/2019 18:37,datasets/dataset_cropped/09_Metas/12/18/20190912183700_00160.jpg,datasets_flow/dataset_cropped/09_Metas/12/18/20190912183700_00160.jpg,datasets_cloudmask/dataset_cropped/09_Metas/12/18/20190912183700_00160.png,9.7,0,9.7,19.8,965
9/12/2019 18:38,datasets/dataset_cropped/09_Metas/12/18/20190912183800_00160.jpg,datasets_flow/dataset_cropped/09_Metas/12/18/20190912183800_00160.jpg,datasets_cloudmask/dataset_cropped/09_Metas/12/18/20190912183800_00160.png,8.9,0,8.9,19.8,965
9/12/2019 18:39,datasets/dataset_cropped/09_Metas/12/18/20190912183900_00160.jpg,datasets_flow/dataset_cropped/09_Metas/12/18/20190912183900_00160.jpg,datasets_cloudmask/dataset_cropped/09_Metas/12/18/20190912183900_00160.png,8.6,0,8.6,19.8,965
9/12/2019 18:40,datasets/dataset_cropped/09_Metas/12/18/20190912184000_00160.jpg,datasets_flow/dataset_cropped/09_Metas/12/18/20190912184000_00160.jpg,datasets_cloudmask/dataset_cropped/09_Metas/12/18/20190912184000_00160.png,8.2,0,8.2,19.8,965
9/12/2019 18:41,datasets/dataset_cropped/09_Metas/12/18/20190912184100_00160.jpg,datasets_flow/dataset_cropped/09_Metas/12/18/20190912184100_00160.jpg,datasets_cloudmask/dataset_cropped/09_Metas/12/18/20190912184100_00160.png,7.3,0,7.3,19.8,965
9/12/2019 18:42,datasets/dataset_cropped/09_Metas/12/18/20190912184200_00160.jpg,datasets_flow/dataset_cropped/09_Metas/12/18/20190912184200_00160.jpg,datasets_cloudmask/dataset_cropped/09_Metas/12/18/20190912184200_00160.png,6.3,0,6.2,19.8,965
9/12/2019 18:43,datasets/dataset_cropped/09_Metas/12/18/20190912184300_00160.jpg,datasets_flow/dataset_cropped/09_Metas/12/18/20190912184300_00160.jpg,datasets_cloudmask/dataset_cropped/09_Metas/12/18/20190912184300_00160.png,6.3,0,6.2,19.8,965
9/12/2019 18:44,datasets/dataset_cropped/09_Metas/12/18/20190912184400_00160.jpg,datasets_flow/dataset_cropped/09_Metas/12/18/20190912184400_00160.jpg,datasets_cloudmask/dataset_cropped/09_Metas/12/18/20190912184400_00160.png,6.3,0,6.2,19.8,965
9/12/2019 18:45,datasets/dataset_cropped/09_Metas/12/18/20190912184500_00160.jpg,datasets_flow/dataset_cropped/09_Metas/12/18/20190912184500_00160.jpg,datasets_cloudmask/dataset_cropped/09_Metas/12/18/20190912184500_00160.png,6.3,0,6.2,19.8,965
9/12/2019 18:46,datasets/dataset_cropped/09_Metas/12/18/20190912184600_00160.jpg,datasets_flow/dataset_cropped/09_Metas/12/18/20190912184600_00160.jpg,datasets_cloudmask/dataset_cropped/09_Metas/12/18/20190912184600_00160.png,6.3,0,6.2,19.8,965
9/12/2019 18:47,datasets/dataset_cropped/09_Metas/12/18/20190912184700_00160.jpg,datasets_flow/dataset_cropped/09_Metas/12/18/20190912184700_00160.jpg,datasets_cloudmask/dataset_cropped/09_Metas/12/18/20190912184700_00160.png,6.3,0,6.2,19.8,965
9/12/2019 18:48,datasets/dataset_cropped/09_Metas/12/18/20190912184800_00160.jpg,datasets_flow/dataset_cropped/09_Metas/12/18/20190912184800_00160.jpg,datasets_cloudmask/dataset_cropped/09_Metas/12/18/20190912184800_00160.png,6.2,0,6.1,19.8,965
9/12/2019 18:49,datasets/dataset_cropped/09_Metas/12/18/20190912184900_00160.jpg,datasets_flow/dataset_cropped/09_Metas/12/18/20190912184900_00160.jpg,datasets_cloudmask/dataset_cropped/09_Metas/12/18/20190912184900_00160.png,6.2,0,6.1,19.8,965
9/12/2019 18:50,datasets/dataset_cropped/09_Metas/12/18/20190912185000_00160.jpg,datasets_flow/dataset_cropped/09_Metas/12/18/20190912185000_00160.jpg,datasets_cloudmask/dataset_cropped/09_Metas/12/18/20190912185000_00160.png,6.2,0,6.1,19.7,965
9/12/2019 18:51,datasets/dataset_cropped/09_Metas/12/18/20190912185100_00160.jpg,datasets_flow/dataset_cropped/09_Metas/12/18/20190912185100_00160.jpg,datasets_cloudmask/dataset_cropped/09_Metas/12/18/20190912185100_00160.png,6.2,0,6.1,19.7,965
9/12/2019 18:52,datasets/dataset_cropped/09_Metas/12/18/20190912185200_00160.jpg,datasets_flow/dataset_cropped/09_Metas/12/18/20190912185200_00160.jpg,datasets_cloudmask/dataset_cropped/09_Metas/12/18/20190912185200_00160.png,6.2,0,6.1,19.7,965
9/12/2019 18:53,datasets/dataset_cropped/09_Metas/12/18/20190912185300_00160.jpg,datasets_flow/dataset_cropped/09_Metas/12/18/20190912185300_00160.jpg,datasets_cloudmask/dataset_cropped/09_Metas/12/18/20190912185300_00160.png,6.2,0,6.1,19.7,965
9/12/2019 18:54,datasets/dataset_cropped/09_Metas/12/18/20190912185400_00160.jpg,datasets_flow/dataset_cropped/09_Metas/12/18/20190912185400_00160.jpg,datasets_cloudmask/dataset_cropped/09_Metas/12/18/20190912185400_00160.png,6.2,0,6.1,19.7,965
9/12/2019 18:55,datasets/dataset_cropped/09_Metas/12/18/20190912185500_00160.jpg,datasets_flow/dataset_cropped/09_Metas/12/18/20190912185500_00160.jpg,datasets_cloudmask/dataset_cropped/09_Metas/12/18/20190912185500_00160.png,6.2,0,6.1,19.7,965
9/12/2019 18:56,datasets/dataset_cropped/09_Metas/12/18/20190912185600_00160.jpg,datasets_flow/dataset_cropped/09_Metas/12/18/20190912185600_00160.jpg,datasets_cloudmask/dataset_cropped/09_Metas/12/18/20190912185600_00160.png,6.2,0,6.1,19.7,965
9/12/2019 18:57,datasets/dataset_cropped/09_Metas/12/18/20190912185700_00160.jpg,datasets_flow/dataset_cropped/09_Metas/12/18/20190912185700_00160.jpg,datasets_cloudmask/dataset_cropped/09_Metas/12/18/20190912185700_00160.png,6.2,0,6.1,19.7,965
9/12/2019 18:58,datasets/dataset_cropped/09_Metas/12/18/20190912185800_00160.jpg,datasets_flow/dataset_cropped/09_Metas/12/18/20190912185800_00160.jpg,datasets_cloudmask/dataset_cropped/09_Metas/12/18/20190912185800_00160.png,6.2,0,6.1,19.7,965
9/12/2019 18:59,datasets/dataset_cropped/09_Metas/12/18/20190912185900_00160.jpg,datasets_flow/dataset_cropped/09_Metas/12/18/20190912185900_00160.jpg,datasets_cloudmask/dataset_cropped/09_Metas/12/18/20190912185900_00160.png,6.2,0,6.1,19.7,965
9/12/2019 19:00,datasets/dataset_cropped/09_Metas/12/19/20190912190000_00160.jpg,datasets_flow/dataset_cropped/09_Metas/12/19/20190912190000_00160.jpg,datasets_cloudmask/dataset_cropped/09_Metas/12/19/20190912190000_00160.png,6.1,0,6,19.7,965
9/12/2019 19:01,datasets/dataset_cropped/09_Metas/12/19/20190912190100_00160.jpg,datasets_flow/dataset_cropped/09_Metas/12/19/20190912190100_00160.jpg,datasets_cloudmask/dataset_cropped/09_Metas/12/19/20190912190100_00160.png,6.1,0,6,19.7,965
9/12/2019 19:02,datasets/dataset_cropped/09_Metas/12/19/20190912190200_00160.jpg,datasets_flow/dataset_cropped/09_Metas/12/19/20190912190200_00160.jpg,datasets_cloudmask/dataset_cropped/09_Metas/12/19/20190912190200_00160.png,6.1,0,6,19.7,965
9/12/2019 19:03,datasets/dataset_cropped/09_Metas/12/19/20190912190300_00160.jpg,datasets_flow/dataset_cropped/09_Metas/12/19/20190912190300_00160.jpg,datasets_cloudmask/dataset_cropped/09_Metas/12/19/20190912190300_00160.png,6.1,0,6,19.7,965
9/12/2019 19:04,datasets/dataset_cropped/09_Metas/12/19/20190912190400_00160.jpg,datasets_flow/dataset_cropped/09_Metas/12/19/20190912190400_00160.jpg,datasets_cloudmask/dataset_cropped/09_Metas/12/19/20190912190400_00160.png,6.1,0,6,19.6,965
9/12/2019 19:05,datasets/dataset_cropped/09_Metas/12/19/20190912190500_00160.jpg,datasets_flow/dataset_cropped/09_Metas/12/19/20190912190500_00160.jpg,datasets_cloudmask/dataset_cropped/09_Metas/12/19/20190912190500_00160.png,6.1,0,6,19.6,965
9/12/2019 19:06,datasets/dataset_cropped/09_Metas/12/19/20190912190600_00160.jpg,datasets_flow/dataset_cropped/09_Metas/12/19/20190912190600_00160.jpg,datasets_cloudmask/dataset_cropped/09_Metas/12/19/20190912190600_00160.png,6.1,0,6,19.6,965
9/12/2019 19:07,datasets/dataset_cropped/09_Metas/12/19/20190912190700_00160.jpg,datasets_flow/dataset_cropped/09_Metas/12/19/20190912190700_00160.jpg,datasets_cloudmask/dataset_cropped/09_Metas/12/19/20190912190700_00160.png,6.1,0,6,19.6,965
9/12/2019 19:08,datasets/dataset_cropped/09_Metas/12/19/20190912190800_00160.jpg,datasets_flow/dataset_cropped/09_Metas/12/19/20190912190800_00160.jpg,datasets_cloudmask/dataset_cropped/09_Metas/12/19/20190912190800_00160.png,6.1,0,6,19.6,965
9/12/2019 19:09,datasets/dataset_cropped/09_Metas/12/19/20190912190900_00160.jpg,datasets_flow/dataset_cropped/09_Metas/12/19/20190912190900_00160.jpg,datasets_cloudmask/dataset_cropped/09_Metas/12/19/20190912190900_00160.png,6.1,0,6,19.6,965
9/12/2019 19:10,datasets/dataset_cropped/09_Metas/12/19/20190912191000_00160.jpg,datasets_flow/dataset_cropped/09_Metas/12/19/20190912191000_00160.jpg,datasets_cloudmask/dataset_cropped/09_Metas/12/19/20190912191000_00160.png,6.1,0,6,19.6,965
9/12/2019 19:11,datasets/dataset_cropped/09_Metas/12/19/20190912191100_00160.jpg,datasets_flow/dataset_cropped/09_Metas/12/19/20190912191100_00160.jpg,datasets_cloudmask/dataset_cropped/09_Metas/12/19/20190912191100_00160.png,6,0,6,19.6,965
9/12/2019 19:12,datasets/dataset_cropped/09_Metas/12/19/20190912191200_00160.jpg,datasets_flow/dataset_cropped/09_Metas/12/19/20190912191200_00160.jpg,datasets_cloudmask/dataset_cropped/09_Metas/12/19/20190912191200_00160.png,6,0,5.9,19.6,965
9/12/2019 19:13,datasets/dataset_cropped/09_Metas/12/19/20190912191300_00160.jpg,datasets_flow/dataset_cropped/09_Metas/12/19/20190912191300_00160.jpg,datasets_cloudmask/dataset_cropped/09_Metas/12/19/20190912191300_00160.png,6,0,5.9,19.6,965
9/12/2019 19:14,datasets/dataset_cropped/09_Metas/12/19/20190912191400_00160.jpg,datasets_flow/dataset_cropped/09_Metas/12/19/20190912191400_00160.jpg,datasets_cloudmask/dataset_cropped/09_Metas/12/19/20190912191400_00160.png,6,0,5.9,19.6,965
9/12/2019 19:15,datasets/dataset_cropped/09_Metas/12/19/20190912191500_00160.jpg,datasets_flow/dataset_cropped/09_Metas/12/19/20190912191500_00160.jpg,datasets_cloudmask/dataset_cropped/09_Metas/12/19/20190912191500_00160.png,6,0,5.9,19.6,965
9/12/2019 19:16,datasets/dataset_cropped/09_Metas/12/19/20190912191600_00160.jpg,datasets_flow/dataset_cropped/09_Metas/12/19/20190912191600_00160.jpg,datasets_cloudmask/dataset_cropped/09_Metas/12/19/20190912191600_00160.png,6,0,5.9,19.6,965
9/12/2019 19:17,datasets/dataset_cropped/09_Metas/12/19/20190912191700_00160.jpg,datasets_flow/dataset_cropped/09_Metas/12/19/20190912191700_00160.jpg,datasets_cloudmask/dataset_cropped/09_Metas/12/19/20190912191700_00160.png,6,0,5.9,19.6,965
9/12/2019 19:18,datasets/dataset_cropped/09_Metas/12/19/20190912191800_00160.jpg,datasets_flow/dataset_cropped/09_Metas/12/19/20190912191800_00160.jpg,datasets_cloudmask/dataset_cropped/09_Metas/12/19/20190912191800_00160.png,6,0,5.9,19.5,965
9/12/2019 19:19,datasets/dataset_cropped/09_Metas/12/19/20190912191900_00160.jpg,datasets_flow/dataset_cropped/09_Metas/12/19/20190912191900_00160.jpg,datasets_cloudmask/dataset_cropped/09_Metas/12/19/20190912191900_00160.png,6,0,5.9,19.5,964.9
9/12/2019 19:20,datasets/dataset_cropped/09_Metas/12/19/20190912192000_00160.jpg,datasets_flow/dataset_cropped/09_Metas/12/19/20190912192000_00160.jpg,datasets_cloudmask/dataset_cropped/09_Metas/12/19/20190912192000_00160.png,6,0,5.9,19.5,964.9
9/13/2019 6:51,datasets/dataset_cropped/09_Metas/13/06/20190913065130_00160.jpg,datasets_flow/dataset_cropped/09_Metas/13/06/20190913065130_00160.jpg,datasets_cloudmask/dataset_cropped/09_Metas/13/06/20190913065130_00160.png,0,0,0,14.6,964
9/13/2019 6:52,datasets/dataset_cropped/09_Metas/13/06/20190913065200_00160.jpg,datasets_flow/dataset_cropped/09_Metas/13/06/20190913065200_00160.jpg,datasets_cloudmask/dataset_cropped/09_Metas/13/06/20190913065200_00160.png,0,0,0,14.6,964
9/13/2019 6:53,datasets/dataset_cropped/09_Metas/13/06/20190913065300_00160.jpg,datasets_flow/dataset_cropped/09_Metas/13/06/20190913065300_00160.jpg,datasets_cloudmask/dataset_cropped/09_Metas/13/06/20190913065300_00160.png,0,0,0,14.6,964
9/13/2019 6:54,datasets/dataset_cropped/09_Metas/13/06/20190913065400_00160.jpg,datasets_flow/dataset_cropped/09_Metas/13/06/20190913065400_00160.jpg,datasets_cloudmask/dataset_cropped/09_Metas/13/06/20190913065400_00160.png,0,0,0,14.6,964
9/13/2019 6:55,datasets/dataset_cropped/09_Metas/13/06/20190913065500_00160.jpg,datasets_flow/dataset_cropped/09_Metas/13/06/20190913065500_00160.jpg,datasets_cloudmask/dataset_cropped/09_Metas/13/06/20190913065500_00160.png,0.1,0,0.2,14.6,964
9/13/2019 6:56,datasets/dataset_cropped/09_Metas/13/06/20190913065600_00160.jpg,datasets_flow/dataset_cropped/09_Metas/13/06/20190913065600_00160.jpg,datasets_cloudmask/dataset_cropped/09_Metas/13/06/20190913065600_00160.png,0.3,0,0.3,14.6,964
9/13/2019 6:57,datasets/dataset_cropped/09_Metas/13/06/20190913065700_00160.jpg,datasets_flow/dataset_cropped/09_Metas/13/06/20190913065700_00160.jpg,datasets_cloudmask/dataset_cropped/09_Metas/13/06/20190913065700_00160.png,0.4,0,0.5,14.6,964
9/13/2019 6:58,datasets/dataset_cropped/09_Metas/13/06/20190913065800_00160.jpg,datasets_flow/dataset_cropped/09_Metas/13/06/20190913065800_00160.jpg,datasets_cloudmask/dataset_cropped/09_Metas/13/06/20190913065800_00160.png,0.6,0,0.7,14.7,964
9/13/2019 6:59,datasets/dataset_cropped/09_Metas/13/06/20190913065900_00160.jpg,datasets_flow/dataset_cropped/09_Metas/13/06/20190913065900_00160.jpg,datasets_cloudmask/dataset_cropped/09_Metas/13/06/20190913065900_00160.png,0.7,0,0.9,14.7,964
9/13/2019 7:00,datasets/dataset_cropped/09_Metas/13/07/20190913070000_00160.jpg,datasets_flow/dataset_cropped/09_Metas/13/07/20190913070000_00160.jpg,datasets_cloudmask/dataset_cropped/09_Metas/13/07/20190913070000_00160.png,0.9,0,1,14.7,964
9/13/2019 7:01,datasets/dataset_cropped/09_Metas/13/07/20190913070100_00160.jpg,datasets_flow/dataset_cropped/09_Metas/13/07/20190913070100_00160.jpg,datasets_cloudmask/dataset_cropped/09_Metas/13/07/20190913070100_00160.png,1,0,1.2,14.7,964
9/13/2019 7:02,datasets/dataset_cropped/09_Metas/13/07/20190913070200_00160.jpg,datasets_flow/dataset_cropped/09_Metas/13/07/20190913070200_00160.jpg,datasets_cloudmask/dataset_cropped/09_Metas/13/07/20190913070200_00160.png,1.2,0,1.4,14.7,964
9/13/2019 7:03,datasets/dataset_cropped/09_Metas/13/07/20190913070300_00160.jpg,datasets_flow/dataset_cropped/09_Metas/13/07/20190913070300_00160.jpg,datasets_cloudmask/dataset_cropped/09_Metas/13/07/20190913070300_00160.png,1.3,0,1.6,14.7,964
9/13/2019 7:04,datasets/dataset_cropped/09_Metas/13/07/20190913070400_00160.jpg,datasets_flow/dataset_cropped/09_Metas/13/07/20190913070400_00160.jpg,datasets_cloudmask/dataset_cropped/09_Metas/13/07/20190913070400_00160.png,1.5,0,1.7,14.7,964
9/13/2019 7:05,datasets/dataset_cropped/09_Metas/13/07/20190913070500_00160.jpg,datasets_flow/dataset_cropped/09_Metas/13/07/20190913070500_00160.jpg,datasets_cloudmask/dataset_cropped/09_Metas/13/07/20190913070500_00160.png,1.6,0,1.9,14.7,964
9/13/2019 7:06,datasets/dataset_cropped/09_Metas/13/07/20190913070600_00160.jpg,datasets_flow/dataset_cropped/09_Metas/13/07/20190913070600_00160.jpg,datasets_cloudmask/dataset_cropped/09_Metas/13/07/20190913070600_00160.png,1.8,0,2.1,14.8,964
9/13/2019 7:07,datasets/dataset_cropped/09_Metas/13/07/20190913070700_00160.jpg,datasets_flow/dataset_cropped/09_Metas/13/07/20190913070700_00160.jpg,datasets_cloudmask/dataset_cropped/09_Metas/13/07/20190913070700_00160.png,1.9,0,2.3,14.8,964
9/13/2019 7:08,datasets/dataset_cropped/09_Metas/13/07/20190913070800_00160.jpg,datasets_flow/dataset_cropped/09_Metas/13/07/20190913070800_00160.jpg,datasets_cloudmask/dataset_cropped/09_Metas/13/07/20190913070800_00160.png,2.1,0,2.4,14.8,964
9/13/2019 7:09,datasets/dataset_cropped/09_Metas/13/07/20190913070900_00160.jpg,datasets_flow/dataset_cropped/09_Metas/13/07/20190913070900_00160.jpg,datasets_cloudmask/dataset_cropped/09_Metas/13/07/20190913070900_00160.png,2.2,0,2.6,14.8,964
9/13/2019 7:10,datasets/dataset_cropped/09_Metas/13/07/20190913071000_00160.jpg,datasets_flow/dataset_cropped/09_Metas/13/07/20190913071000_00160.jpg,datasets_cloudmask/dataset_cropped/09_Metas/13/07/20190913071000_00160.png,2.6,0,3.1,14.9,964
9/13/2019 7:11,datasets/dataset_cropped/09_Metas/13/07/20190913071100_00160.jpg,datasets_flow/dataset_cropped/09_Metas/13/07/20190913071100_00160.jpg,datasets_cloudmask/dataset_cropped/09_Metas/13/07/20190913071100_00160.png,3.2,0,3.6,14.8,964
9/13/2019 7:12,datasets/dataset_cropped/09_Metas/13/07/20190913071200_00160.jpg,datasets_flow/dataset_cropped/09_Metas/13/07/20190913071200_00160.jpg,datasets_cloudmask/dataset_cropped/09_Metas/13/07/20190913071200_00160.png,3.6,0,4.1,14.9,964
9/13/2019 7:13,datasets/dataset_cropped/09_Metas/13/07/20190913071300_00160.jpg,datasets_flow/dataset_cropped/09_Metas/13/07/20190913071300_00160.jpg,datasets_cloudmask/dataset_cropped/09_Metas/13/07/20190913071300_00160.png,4,0,4.5,14.9,964
9/13/2019 7:14,datasets/dataset_cropped/09_Metas/13/07/20190913071400_00160.jpg,datasets_flow/dataset_cropped/09_Metas/13/07/20190913071400_00160.jpg,datasets_cloudmask/dataset_cropped/09_Metas/13/07/20190913071400_00160.png,4.4,0,4.8,14.9,964
9/13/2019 7:15,datasets/dataset_cropped/09_Metas/13/07/20190913071500_00160.jpg,datasets_flow/dataset_cropped/09_Metas/13/07/20190913071500_00160.jpg,datasets_cloudmask/dataset_cropped/09_Metas/13/07/20190913071500_00160.png,4.9,0,5.3,14.9,964
9/13/2019 7:16,datasets/dataset_cropped/09_Metas/13/07/20190913071600_00160.jpg,datasets_flow/dataset_cropped/09_Metas/13/07/20190913071600_00160.jpg,datasets_cloudmask/dataset_cropped/09_Metas/13/07/20190913071600_00160.png,5.5,0,6,14.9,964
9/13/2019 7:17,datasets/dataset_cropped/09_Metas/13/07/20190913071700_00160.jpg,datasets_flow/dataset_cropped/09_Metas/13/07/20190913071700_00160.jpg,datasets_cloudmask/dataset_cropped/09_Metas/13/07/20190913071700_00160.png,6.1,0,6.6,14.9,964
9/13/2019 7:18,datasets/dataset_cropped/09_Metas/13/07/20190913071800_00160.jpg,datasets_flow/dataset_cropped/09_Metas/13/07/20190913071800_00160.jpg,datasets_cloudmask/dataset_cropped/09_Metas/13/07/20190913071800_00160.png,6.6,0,7.1,14.9,964
9/13/2019 7:19,datasets/dataset_cropped/09_Metas/13/07/20190913071900_00160.jpg,datasets_flow/dataset_cropped/09_Metas/13/07/20190913071900_00160.jpg,datasets_cloudmask/dataset_cropped/09_Metas/13/07/20190913071900_00160.png,7,0,7.4,14.9,964
9/13/2019 7:20,datasets/dataset_cropped/09_Metas/13/07/20190913072000_00160.jpg,datasets_flow/dataset_cropped/09_Metas/13/07/20190913072000_00160.jpg,datasets_cloudmask/dataset_cropped/09_Metas/13/07/20190913072000_00160.png,7.4,0,7.9,14.9,964
9/13/2019 7:21,datasets/dataset_cropped/09_Metas/13/07/20190913072100_00160.jpg,datasets_flow/dataset_cropped/09_Metas/13/07/20190913072100_00160.jpg,datasets_cloudmask/dataset_cropped/09_Metas/13/07/20190913072100_00160.png,8,0,8.5,14.8,964
9/13/2019 7:22,datasets/dataset_cropped/09_Metas/13/07/20190913072200_00160.jpg,datasets_flow/dataset_cropped/09_Metas/13/07/20190913072200_00160.jpg,datasets_cloudmask/dataset_cropped/09_Metas/13/07/20190913072200_00160.png,9,0,9.5,14.8,964
9/13/2019 7:23,datasets/dataset_cropped/09_Metas/13/07/20190913072300_00160.jpg,datasets_flow/dataset_cropped/09_Metas/13/07/20190913072300_00160.jpg,datasets_cloudmask/dataset_cropped/09_Metas/13/07/20190913072300_00160.png,10.4,0,10.9,14.8,964
9/13/2019 7:24,datasets/dataset_cropped/09_Metas/13/07/20190913072400_00160.jpg,datasets_flow/dataset_cropped/09_Metas/13/07/20190913072400_00160.jpg,datasets_cloudmask/dataset_cropped/09_Metas/13/07/20190913072400_00160.png,12.3,0,12.9,14.9,964
9/13/2019 7:25,datasets/dataset_cropped/09_Metas/13/07/20190913072500_00160.jpg,datasets_flow/dataset_cropped/09_Metas/13/07/20190913072500_00160.jpg,datasets_cloudmask/dataset_cropped/09_Metas/13/07/20190913072500_00160.png,14.9,0,15.6,14.9,964
9/13/2019 7:26,datasets/dataset_cropped/09_Metas/13/07/20190913072600_00160.jpg,datasets_flow/dataset_cropped/09_Metas/13/07/20190913072600_00160.jpg,datasets_cloudmask/dataset_cropped/09_Metas/13/07/20190913072600_00160.png,19.1,0,19.8,14.9,964
9/13/2019 7:27,datasets/dataset_cropped/09_Metas/13/07/20190913072700_00160.jpg,datasets_flow/dataset_cropped/09_Metas/13/07/20190913072700_00160.jpg,datasets_cloudmask/dataset_cropped/09_Metas/13/07/20190913072700_00160.png,25,0,25.6,14.9,964
9/13/2019 7:28,datasets/dataset_cropped/09_Metas/13/07/20190913072800_00160.jpg,datasets_flow/dataset_cropped/09_Metas/13/07/20190913072800_00160.jpg,datasets_cloudmask/dataset_cropped/09_Metas/13/07/20190913072800_00160.png,31.6,0,32.3,14.9,964
9/13/2019 7:29,datasets/dataset_cropped/09_Metas/13/07/20190913072900_00160.jpg,datasets_flow/dataset_cropped/09_Metas/13/07/20190913072900_00160.jpg,datasets_cloudmask/dataset_cropped/09_Metas/13/07/20190913072900_00160.png,38.1,0,38.7,14.9,964
9/13/2019 7:30,datasets/dataset_cropped/09_Metas/13/07/20190913073000_00160.jpg,datasets_flow/dataset_cropped/09_Metas/13/07/20190913073000_00160.jpg,datasets_cloudmask/dataset_cropped/09_Metas/13/07/20190913073000_00160.png,44.1,0,44.8,14.9,964
9/13/2019 7:31,datasets/dataset_cropped/09_Metas/13/07/20190913073100_var.jpg,datasets_flow/dataset_cropped/09_Metas/13/07/20190913073100_var.jpg,datasets_cloudmask/dataset_cropped/09_Metas/13/07/20190913073100_var.png,49.9,0,50.4,14.9,964
9/13/2019 7:32,datasets/dataset_cropped/09_Metas/13/07/20190913073200_var.jpg,datasets_flow/dataset_cropped/09_Metas/13/07/20190913073200_var.jpg,datasets_cloudmask/dataset_cropped/09_Metas/13/07/20190913073200_var.png,52.9,0,53.6,14.9,964
9/13/2019 7:33,datasets/dataset_cropped/09_Metas/13/07/20190913073300_00160.jpg,datasets_flow/dataset_cropped/09_Metas/13/07/20190913073300_00160.jpg,datasets_cloudmask/dataset_cropped/09_Metas/13/07/20190913073300_00160.png,54.2,0,55.1,14.9,964
9/13/2019 7:34,datasets/dataset_cropped/09_Metas/13/07/20190913073400_00160.jpg,datasets_flow/dataset_cropped/09_Metas/13/07/20190913073400_00160.jpg,datasets_cloudmask/dataset_cropped/09_Metas/13/07/20190913073400_00160.png,54,0,54.7,15,964
9/13/2019 7:35,datasets/dataset_cropped/09_Metas/13/07/20190913073500_00160.jpg,datasets_flow/dataset_cropped/09_Metas/13/07/20190913073500_00160.jpg,datasets_cloudmask/dataset_cropped/09_Metas/13/07/20190913073500_00160.png,52,0,52.6,15,964
9/13/2019 7:36,datasets/dataset_cropped/09_Metas/13/07/20190913073600_00160.jpg,datasets_flow/dataset_cropped/09_Metas/13/07/20190913073600_00160.jpg,datasets_cloudmask/dataset_cropped/09_Metas/13/07/20190913073600_00160.png,48.6,0,49.2,15,964
9/13/2019 7:37,datasets/dataset_cropped/09_Metas/13/07/20190913073700_00160.jpg,datasets_flow/dataset_cropped/09_Metas/13/07/20190913073700_00160.jpg,datasets_cloudmask/dataset_cropped/09_Metas/13/07/20190913073700_00160.png,45.6,0,46.3,15,964
9/13/2019 7:38,datasets/dataset_cropped/09_Metas/13/07/20190913073800_00160.jpg,datasets_flow/dataset_cropped/09_Metas/13/07/20190913073800_00160.jpg,datasets_cloudmask/dataset_cropped/09_Metas/13/07/20190913073800_00160.png,43,0,43.8,15,964
9/13/2019 7:39,datasets/dataset_cropped/09_Metas/13/07/20190913073900_00160.jpg,datasets_flow/dataset_cropped/09_Metas/13/07/20190913073900_00160.jpg,datasets_cloudmask/dataset_cropped/09_Metas/13/07/20190913073900_00160.png,41.9,0,42.7,15,964
9/13/2019 7:40,datasets/dataset_cropped/09_Metas/13/07/20190913074000_00160.jpg,datasets_flow/dataset_cropped/09_Metas/13/07/20190913074000_00160.jpg,datasets_cloudmask/dataset_cropped/09_Metas/13/07/20190913074000_00160.png,40.9,0.1,41.6,15,964
9/13/2019 7:41,datasets/dataset_cropped/09_Metas/13/07/20190913074100_00160.jpg,datasets_flow/dataset_cropped/09_Metas/13/07/20190913074100_00160.jpg,datasets_cloudmask/dataset_cropped/09_Metas/13/07/20190913074100_00160.png,39.7,0.3,40.5,15.1,964
9/13/2019 7:42,datasets/dataset_cropped/09_Metas/13/07/20190913074200_00160.jpg,datasets_flow/dataset_cropped/09_Metas/13/07/20190913074200_00160.jpg,datasets_cloudmask/dataset_cropped/09_Metas/13/07/20190913074200_00160.png,39.8,0.3,40.6,15.1,964
9/13/2019 7:43,datasets/dataset_cropped/09_Metas/13/07/20190913074300_00160.jpg,datasets_flow/dataset_cropped/09_Metas/13/07/20190913074300_00160.jpg,datasets_cloudmask/dataset_cropped/09_Metas/13/07/20190913074300_00160.png,41.5,0.3,42.1,15.1,964
9/13/2019 7:44,datasets/dataset_cropped/09_Metas/13/07/20190913074400_00160.jpg,datasets_flow/dataset_cropped/09_Metas/13/07/20190913074400_00160.jpg,datasets_cloudmask/dataset_cropped/09_Metas/13/07/20190913074400_00160.png,43.9,0.5,44.5,15,964
9/13/2019 7:45,datasets/dataset_cropped/09_Metas/13/07/20190913074500_00160.jpg,datasets_flow/dataset_cropped/09_Metas/13/07/20190913074500_00160.jpg,datasets_cloudmask/dataset_cropped/09_Metas/13/07/20190913074500_00160.png,45.7,0.5,46.3,15.1,964
9/13/2019 7:46,datasets/dataset_cropped/09_Metas/13/07/20190913074600_00160.jpg,datasets_flow/dataset_cropped/09_Metas/13/07/20190913074600_00160.jpg,datasets_cloudmask/dataset_cropped/09_Metas/13/07/20190913074600_00160.png,46.6,0.5,47.4,15.1,964
9/13/2019 7:47,datasets/dataset_cropped/09_Metas/13/07/20190913074700_00160.jpg,datasets_flow/dataset_cropped/09_Metas/13/07/20190913074700_00160.jpg,datasets_cloudmask/dataset_cropped/09_Metas/13/07/20190913074700_00160.png,47.7,0.8,48.4,15.1,964
9/13/2019 7:48,datasets/dataset_cropped/09_Metas/13/07/20190913074800_00160.jpg,datasets_flow/dataset_cropped/09_Metas/13/07/20190913074800_00160.jpg,datasets_cloudmask/dataset_cropped/09_Metas/13/07/20190913074800_00160.png,48.9,1.7,49.5,15.1,964
9/13/2019 7:49,datasets/dataset_cropped/09_Metas/13/07/20190913074900_00160.jpg,datasets_flow/dataset_cropped/09_Metas/13/07/20190913074900_00160.jpg,datasets_cloudmask/dataset_cropped/09_Metas/13/07/20190913074900_00160.png,50,2.6,50.3,15.2,964
9/13/2019 7:50,datasets/dataset_cropped/09_Metas/13/07/20190913075000_00160.jpg,datasets_flow/dataset_cropped/09_Metas/13/07/20190913075000_00160.jpg,datasets_cloudmask/dataset_cropped/09_Metas/13/07/20190913075000_00160.png,52.3,3.7,52.4,15.2,964
9/13/2019 7:51,datasets/dataset_cropped/09_Metas/13/07/20190913075100_00160.jpg,datasets_flow/dataset_cropped/09_Metas/13/07/20190913075100_00160.jpg,datasets_cloudmask/dataset_cropped/09_Metas/13/07/20190913075100_00160.png,56.9,7.1,56.3,15.2,964
9/13/2019 7:52,datasets/dataset_cropped/09_Metas/13/07/20190913075200_00160.jpg,datasets_flow/dataset_cropped/09_Metas/13/07/20190913075200_00160.jpg,datasets_cloudmask/dataset_cropped/09_Metas/13/07/20190913075200_00160.png,61.1,7.1,60.3,15.3,964
9/13/2019 7:53,datasets/dataset_cropped/09_Metas/13/07/20190913075300_00160.jpg,datasets_flow/dataset_cropped/09_Metas/13/07/20190913075300_00160.jpg,datasets_cloudmask/dataset_cropped/09_Metas/13/07/20190913075300_00160.png,65.9,9.6,64.6,15.3,964
9/13/2019 7:54,datasets/dataset_cropped/09_Metas/13/07/20190913075400_00160.jpg,datasets_flow/dataset_cropped/09_Metas/13/07/20190913075400_00160.jpg,datasets_cloudmask/dataset_cropped/09_Metas/13/07/20190913075400_00160.png,79.9,58.1,67.5,15.4,964
9/13/2019 7:55,datasets/dataset_cropped/09_Metas/13/07/20190913075500_00160.jpg,datasets_flow/dataset_cropped/09_Metas/13/07/20190913075500_00160.jpg,datasets_cloudmask/dataset_cropped/09_Metas/13/07/20190913075500_00160.png,133,272.5,71,15.4,964
9/13/2019 7:56,datasets/dataset_cropped/09_Metas/13/07/20190913075600_00160.jpg,datasets_flow/dataset_cropped/09_Metas/13/07/20190913075600_00160.jpg,datasets_cloudmask/dataset_cropped/09_Metas/13/07/20190913075600_00160.png,146.7,308.9,75,15.4,964
9/13/2019 7:57,datasets/dataset_cropped/09_Metas/13/07/20190913075700_00160.jpg,datasets_flow/dataset_cropped/09_Metas/13/07/20190913075700_00160.jpg,datasets_cloudmask/dataset_cropped/09_Metas/13/07/20190913075700_00160.png,154.1,317,79.6,15.5,964
9/13/2019 7:58,datasets/dataset_cropped/09_Metas/13/07/20190913075800_00160.jpg,datasets_flow/dataset_cropped/09_Metas/13/07/20190913075800_00160.jpg,datasets_cloudmask/dataset_cropped/09_Metas/13/07/20190913075800_00160.png,137.3,229.5,83.2,15.5,964
9/13/2019 7:59,datasets/dataset_cropped/09_Metas/13/07/20190913075900_00160.jpg,datasets_flow/dataset_cropped/09_Metas/13/07/20190913075900_00160.jpg,datasets_cloudmask/dataset_cropped/09_Metas/13/07/20190913075900_00160.png,113,121.8,84.5,15.6,964
9/13/2019 8:00,datasets/dataset_cropped/09_Metas/13/08/20190913080000_00160.jpg,datasets_flow/dataset_cropped/09_Metas/13/08/20190913080000_00160.jpg,datasets_cloudmask/dataset_cropped/09_Metas/13/08/20190913080000_00160.png,83.3,4,83.8,15.6,964
9/13/2019 8:01,datasets/dataset_cropped/09_Metas/13/08/20190913080100_00160.jpg,datasets_flow/dataset_cropped/09_Metas/13/08/20190913080100_00160.jpg,datasets_cloudmask/dataset_cropped/09_Metas/13/08/20190913080100_00160.png,82.5,6.7,82.4,15.7,964
9/13/2019 8:02,datasets/dataset_cropped/09_Metas/13/08/20190913080200_00160.jpg,datasets_flow/dataset_cropped/09_Metas/13/08/20190913080200_00160.jpg,datasets_cloudmask/dataset_cropped/09_Metas/13/08/20190913080200_00160.png,80.6,1.6,81.9,15.7,964
9/13/2019 8:03,datasets/dataset_cropped/09_Metas/13/08/20190913080300_00160.jpg,datasets_flow/dataset_cropped/09_Metas/13/08/20190913080300_00160.jpg,datasets_cloudmask/dataset_cropped/09_Metas/13/08/20190913080300_00160.png,83.8,4.7,84.3,15.7,964
9/13/2019 8:04,datasets/dataset_cropped/09_Metas/13/08/20190913080400_00160.jpg,datasets_flow/dataset_cropped/09_Metas/13/08/20190913080400_00160.jpg,datasets_cloudmask/dataset_cropped/09_Metas/13/08/20190913080400_00160.png,85.3,1.7,86.7,15.6,964
9/13/2019 8:05,datasets/dataset_cropped/09_Metas/13/08/20190913080500_00160.jpg,datasets_flow/dataset_cropped/09_Metas/13/08/20190913080500_00160.jpg,datasets_cloudmask/dataset_cropped/09_Metas/13/08/20190913080500_00160.png,86.1,0.6,88,15.7,964
9/13/2019 8:06,datasets/dataset_cropped/09_Metas/13/08/20190913080600_00160.jpg,datasets_flow/dataset_cropped/09_Metas/13/08/20190913080600_00160.jpg,datasets_cloudmask/dataset_cropped/09_Metas/13/08/20190913080600_00160.png,86.9,0.5,88.9,15.7,964
9/13/2019 8:07,datasets/dataset_cropped/09_Metas/13/08/20190913080700_00160.jpg,datasets_flow/dataset_cropped/09_Metas/13/08/20190913080700_00160.jpg,datasets_cloudmask/dataset_cropped/09_Metas/13/08/20190913080700_00160.png,87.3,0.6,89,15.8,964
9/13/2019 8:08,datasets/dataset_cropped/09_Metas/13/08/20190913080800_00160.jpg,datasets_flow/dataset_cropped/09_Metas/13/08/20190913080800_00160.jpg,datasets_cloudmask/dataset_cropped/09_Metas/13/08/20190913080800_00160.png,87.5,2.7,88.8,15.7,964
9/13/2019 8:09,datasets/dataset_cropped/09_Metas/13/08/20190913080900_00160.jpg,datasets_flow/dataset_cropped/09_Metas/13/08/20190913080900_00160.jpg,datasets_cloudmask/dataset_cropped/09_Metas/13/08/20190913080900_00160.png,90.7,17,88.5,15.7,964
9/13/2019 8:10,datasets/dataset_cropped/09_Metas/13/08/20190913081000_00160.jpg,datasets_flow/dataset_cropped/09_Metas/13/08/20190913081000_00160.jpg,datasets_cloudmask/dataset_cropped/09_Metas/13/08/20190913081000_00160.png,88,6.8,88.1,15.8,964
9/13/2019 8:11,datasets/dataset_cropped/09_Metas/13/08/20190913081100_00160.jpg,datasets_flow/dataset_cropped/09_Metas/13/08/20190913081100_00160.jpg,datasets_cloudmask/dataset_cropped/09_Metas/13/08/20190913081100_00160.png,86.8,2.7,88,15.8,964
9/13/2019 8:12,datasets/dataset_cropped/09_Metas/13/08/20190913081200_00160.jpg,datasets_flow/dataset_cropped/09_Metas/13/08/20190913081200_00160.jpg,datasets_cloudmask/dataset_cropped/09_Metas/13/08/20190913081200_00160.png,85.1,0.5,87,15.8,964
9/13/2019 8:13,datasets/dataset_cropped/09_Metas/13/08/20190913081300_00160.jpg,datasets_flow/dataset_cropped/09_Metas/13/08/20190913081300_00160.jpg,datasets_cloudmask/dataset_cropped/09_Metas/13/08/20190913081300_00160.png,82.4,0.5,84.1,15.8,964
9/13/2019 8:14,datasets/dataset_cropped/09_Metas/13/08/20190913081400_00160.jpg,datasets_flow/dataset_cropped/09_Metas/13/08/20190913081400_00160.jpg,datasets_cloudmask/dataset_cropped/09_Metas/13/08/20190913081400_00160.png,80.1,0.6,81.6,15.8,964
9/13/2019 8:15,datasets/dataset_cropped/09_Metas/13/08/20190913081500_00160.jpg,datasets_flow/dataset_cropped/09_Metas/13/08/20190913081500_00160.jpg,datasets_cloudmask/dataset_cropped/09_Metas/13/08/20190913081500_00160.png,77.3,0.3,78.6,15.8,964
9/13/2019 8:16,datasets/dataset_cropped/09_Metas/13/08/20190913081600_00160.jpg,datasets_flow/dataset_cropped/09_Metas/13/08/20190913081600_00160.jpg,datasets_cloudmask/dataset_cropped/09_Metas/13/08/20190913081600_00160.png,73.2,0.2,74.9,15.8,964
9/13/2019 8:17,datasets/dataset_cropped/09_Metas/13/08/20190913081700_00160.jpg,datasets_flow/dataset_cropped/09_Metas/13/08/20190913081700_00160.jpg,datasets_cloudmask/dataset_cropped/09_Metas/13/08/20190913081700_00160.png,70.2,0.2,71.5,15.8,964
9/13/2019 8:18,datasets/dataset_cropped/09_Metas/13/08/20190913081800_00160.jpg,datasets_flow/dataset_cropped/09_Metas/13/08/20190913081800_00160.jpg,datasets_cloudmask/dataset_cropped/09_Metas/13/08/20190913081800_00160.png,67.5,0.2,68.7,15.9,964
9/13/2019 8:19,datasets/dataset_cropped/09_Metas/13/08/20190913081900_00160.jpg,datasets_flow/dataset_cropped/09_Metas/13/08/20190913081900_00160.jpg,datasets_cloudmask/dataset_cropped/09_Metas/13/08/20190913081900_00160.png,64.7,0.1,66,15.9,964
9/13/2019 8:20,datasets/dataset_cropped/09_Metas/13/08/20190913082000_00160.jpg,datasets_flow/dataset_cropped/09_Metas/13/08/20190913082000_00160.jpg,datasets_cloudmask/dataset_cropped/09_Metas/13/08/20190913082000_00160.png,62.7,0.1,64.1,15.8,964
9/13/2019 8:21,datasets/dataset_cropped/09_Metas/13/08/20190913082100_00160.jpg,datasets_flow/dataset_cropped/09_Metas/13/08/20190913082100_00160.jpg,datasets_cloudmask/dataset_cropped/09_Metas/13/08/20190913082100_00160.png,62,0.2,63.4,15.8,964
9/13/2019 8:22,datasets/dataset_cropped/09_Metas/13/08/20190913082200_00160.jpg,datasets_flow/dataset_cropped/09_Metas/13/08/20190913082200_00160.jpg,datasets_cloudmask/dataset_cropped/09_Metas/13/08/20190913082200_00160.png,63.1,1,64.2,15.9,964
9/13/2019 8:23,datasets/dataset_cropped/09_Metas/13/08/20190913082300_00160.jpg,datasets_flow/dataset_cropped/09_Metas/13/08/20190913082300_00160.jpg,datasets_cloudmask/dataset_cropped/09_Metas/13/08/20190913082300_00160.png,67.9,9.5,66.3,15.9,964
9/13/2019 8:24,datasets/dataset_cropped/09_Metas/13/08/20190913082400_00160.jpg,datasets_flow/dataset_cropped/09_Metas/13/08/20190913082400_00160.jpg,datasets_cloudmask/dataset_cropped/09_Metas/13/08/20190913082400_00160.png,125.4,185.5,69.5,15.9,964
9/13/2019 8:25,datasets/dataset_cropped/09_Metas/13/08/20190913082500_00160.jpg,datasets_flow/dataset_cropped/09_Metas/13/08/20190913082500_00160.jpg,datasets_cloudmask/dataset_cropped/09_Metas/13/08/20190913082500_00160.png,76,12.9,73.4,15.9,964
9/13/2019 8:26,datasets/dataset_cropped/09_Metas/13/08/20190913082600_00160.jpg,datasets_flow/dataset_cropped/09_Metas/13/08/20190913082600_00160.jpg,datasets_cloudmask/dataset_cropped/09_Metas/13/08/20190913082600_00160.png,77.2,0.5,78.6,16,964
9/13/2019 8:27,datasets/dataset_cropped/09_Metas/13/08/20190913082700_00160.jpg,datasets_flow/dataset_cropped/09_Metas/13/08/20190913082700_00160.jpg,datasets_cloudmask/dataset_cropped/09_Metas/13/08/20190913082700_00160.png,85.5,0.6,86.7,16,964
9/13/2019 8:28,datasets/dataset_cropped/09_Metas/13/08/20190913082800_00160.jpg,datasets_flow/dataset_cropped/09_Metas/13/08/20190913082800_00160.jpg,datasets_cloudmask/dataset_cropped/09_Metas/13/08/20190913082800_00160.png,96.3,0.8,97.4,16,964
9/13/2019 8:29,datasets/dataset_cropped/09_Metas/13/08/20190913082900_00160.jpg,datasets_flow/dataset_cropped/09_Metas/13/08/20190913082900_00160.jpg,datasets_cloudmask/dataset_cropped/09_Metas/13/08/20190913082900_00160.png,108.7,2.9,109.3,16.1,964
9/13/2019 8:30,datasets/dataset_cropped/09_Metas/13/08/20190913083000_00160.jpg,datasets_flow/dataset_cropped/09_Metas/13/08/20190913083000_00160.jpg,datasets_cloudmask/dataset_cropped/09_Metas/13/08/20190913083000_00160.png,120.3,4.5,120.2,16.1,964
9/13/2019 8:31,datasets/dataset_cropped/09_Metas/13/08/20190913083100_00160.jpg,datasets_flow/dataset_cropped/09_Metas/13/08/20190913083100_00160.jpg,datasets_cloudmask/dataset_cropped/09_Metas/13/08/20190913083100_00160.png,142.6,41.8,129.3,16.2,964
9/13/2019 8:32,datasets/dataset_cropped/09_Metas/13/08/20190913083200_00160.jpg,datasets_flow/dataset_cropped/09_Metas/13/08/20190913083200_00160.jpg,datasets_cloudmask/dataset_cropped/09_Metas/13/08/20190913083200_00160.png,170.8,112,134.1,16.3,964
9/13/2019 8:33,datasets/dataset_cropped/09_Metas/13/08/20190913083300_00160.jpg,datasets_flow/dataset_cropped/09_Metas/13/08/20190913083300_00160.jpg,datasets_cloudmask/dataset_cropped/09_Metas/13/08/20190913083300_00160.png,177.6,131.2,133,16.3,964
9/13/2019 8:34,datasets/dataset_cropped/09_Metas/13/08/20190913083400_00160.jpg,datasets_flow/dataset_cropped/09_Metas/13/08/20190913083400_00160.jpg,datasets_cloudmask/dataset_cropped/09_Metas/13/08/20190913083400_00160.png,170.5,123.2,127.6,16.3,964
9/13/2019 8:35,datasets/dataset_cropped/09_Metas/13/08/20190913083500_00160.jpg,datasets_flow/dataset_cropped/09_Metas/13/08/20190913083500_00160.jpg,datasets_cloudmask/dataset_cropped/09_Metas/13/08/20190913083500_00160.png,144.7,71.9,119.5,16.3,964
9/13/2019 8:36,datasets/dataset_cropped/09_Metas/13/08/20190913083600_00160.jpg,datasets_flow/dataset_cropped/09_Metas/13/08/20190913083600_00160.jpg,datasets_cloudmask/dataset_cropped/09_Metas/13/08/20190913083600_00160.png,122.7,25.6,113.4,16.4,964
9/13/2019 8:37,datasets/dataset_cropped/09_Metas/13/08/20190913083700_00160.jpg,datasets_flow/dataset_cropped/09_Metas/13/08/20190913083700_00160.jpg,datasets_cloudmask/dataset_cropped/09_Metas/13/08/20190913083700_00160.png,122.3,20.2,115.2,16.4,964
9/13/2019 8:38,datasets/dataset_cropped/09_Metas/13/08/20190913083800_00160.jpg,datasets_flow/dataset_cropped/09_Metas/13/08/20190913083800_00160.jpg,datasets_cloudmask/dataset_cropped/09_Metas/13/08/20190913083800_00160.png,204.8,222.4,124,16.3,964
9/13/2019 8:39,datasets/dataset_cropped/09_Metas/13/08/20190913083900_00160.jpg,datasets_flow/dataset_cropped/09_Metas/13/08/20190913083900_00160.jpg,datasets_cloudmask/dataset_cropped/09_Metas/13/08/20190913083900_00160.png,241.2,298.5,131.9,16.2,964
9/13/2019 8:40,datasets/dataset_cropped/09_Metas/13/08/20190913084000_00160.jpg,datasets_flow/dataset_cropped/09_Metas/13/08/20190913084000_00160.jpg,datasets_cloudmask/dataset_cropped/09_Metas/13/08/20190913084000_00160.png,170.1,89.2,136.6,16.3,964
9/13/2019 8:41,datasets/dataset_cropped/09_Metas/13/08/20190913084100_00160.jpg,datasets_flow/dataset_cropped/09_Metas/13/08/20190913084100_00160.jpg,datasets_cloudmask/dataset_cropped/09_Metas/13/08/20190913084100_00160.png,318.1,467.1,144,16.4,964
9/13/2019 8:42,datasets/dataset_cropped/09_Metas/13/08/20190913084200_00160.jpg,datasets_flow/dataset_cropped/09_Metas/13/08/20190913084200_00160.jpg,datasets_cloudmask/dataset_cropped/09_Metas/13/08/20190913084200_00160.png,347.1,529.7,148.8,16.4,964
9/13/2019 8:43,datasets/dataset_cropped/09_Metas/13/08/20190913084300_00160.jpg,datasets_flow/dataset_cropped/09_Metas/13/08/20190913084300_00160.jpg,datasets_cloudmask/dataset_cropped/09_Metas/13/08/20190913084300_00160.png,365.9,563.1,153.6,16.6,964
9/13/2019 8:44,datasets/dataset_cropped/09_Metas/13/08/20190913084400_00160.jpg,datasets_flow/dataset_cropped/09_Metas/13/08/20190913084400_00160.jpg,datasets_cloudmask/dataset_cropped/09_Metas/13/08/20190913084400_00160.png,373.3,571.1,156.5,16.7,964
9/13/2019 8:45,datasets/dataset_cropped/09_Metas/13/08/20190913084500_00160.jpg,datasets_flow/dataset_cropped/09_Metas/13/08/20190913084500_00160.jpg,datasets_cloudmask/dataset_cropped/09_Metas/13/08/20190913084500_00160.png,376.9,573.9,157.4,17,964
9/13/2019 8:46,datasets/dataset_cropped/09_Metas/13/08/20190913084600_00160.jpg,datasets_flow/dataset_cropped/09_Metas/13/08/20190913084600_00160.jpg,datasets_cloudmask/dataset_cropped/09_Metas/13/08/20190913084600_00160.png,377.2,568.8,157.7,17.3,964
9/13/2019 8:47,datasets/dataset_cropped/09_Metas/13/08/20190913084700_00160.jpg,datasets_flow/dataset_cropped/09_Metas/13/08/20190913084700_00160.jpg,datasets_cloudmask/dataset_cropped/09_Metas/13/08/20190913084700_00160.png,358.9,519.8,157.2,17.4,964
9/13/2019 8:48,datasets/dataset_cropped/09_Metas/13/08/20190913084800_00160.jpg,datasets_flow/dataset_cropped/09_Metas/13/08/20190913084800_00160.jpg,datasets_cloudmask/dataset_cropped/09_Metas/13/08/20190913084800_00160.png,388.4,593.7,156,17.4,964
9/13/2019 8:49,datasets/dataset_cropped/09_Metas/13/08/20190913084900_00160.jpg,datasets_flow/dataset_cropped/09_Metas/13/08/20190913084900_00160.jpg,datasets_cloudmask/dataset_cropped/09_Metas/13/08/20190913084900_00160.png,385.6,586.9,152.9,17.4,964
9/13/2019 8:50,datasets/dataset_cropped/09_Metas/13/08/20190913085000_00160.jpg,datasets_flow/dataset_cropped/09_Metas/13/08/20190913085000_00160.jpg,datasets_cloudmask/dataset_cropped/09_Metas/13/08/20190913085000_00160.png,359.4,520.5,150.8,17.5,964
9/13/2019 8:51,datasets/dataset_cropped/09_Metas/13/08/20190913085100_00160.jpg,datasets_flow/dataset_cropped/09_Metas/13/08/20190913085100_00160.jpg,datasets_cloudmask/dataset_cropped/09_Metas/13/08/20190913085100_00160.png,289.6,348.6,147.8,17.5,964
9/13/2019 8:52,datasets/dataset_cropped/09_Metas/13/08/20190913085200_00160.jpg,datasets_flow/dataset_cropped/09_Metas/13/08/20190913085200_00160.jpg,datasets_cloudmask/dataset_cropped/09_Metas/13/08/20190913085200_00160.png,288.4,348.3,146,17.5,964
9/13/2019 8:53,datasets/dataset_cropped/09_Metas/13/08/20190913085300_00160.jpg,datasets_flow/dataset_cropped/09_Metas/13/08/20190913085300_00160.jpg,datasets_cloudmask/dataset_cropped/09_Metas/13/08/20190913085300_00160.png,212.1,161.5,145.1,17.5,964
9/13/2019 8:54,datasets/dataset_cropped/09_Metas/13/08/20190913085400_00160.jpg,datasets_flow/dataset_cropped/09_Metas/13/08/20190913085400_00160.jpg,datasets_cloudmask/dataset_cropped/09_Metas/13/08/20190913085400_00160.png,226.8,195.1,145.1,17.6,964
9/13/2019 8:55,datasets/dataset_cropped/09_Metas/13/08/20190913085500_00160.jpg,datasets_flow/dataset_cropped/09_Metas/13/08/20190913085500_00160.jpg,datasets_cloudmask/dataset_cropped/09_Metas/13/08/20190913085500_00160.png,175.7,69.4,146.2,17.6,964
9/13/2019 8:56,datasets/dataset_cropped/09_Metas/13/08/20190913085600_00160.jpg,datasets_flow/dataset_cropped/09_Metas/13/08/20190913085600_00160.jpg,datasets_cloudmask/dataset_cropped/09_Metas/13/08/20190913085600_00160.png,151.8,13.1,146.6,17.7,964
9/13/2019 8:57,datasets/dataset_cropped/09_Metas/13/08/20190913085700_00160.jpg,datasets_flow/dataset_cropped/09_Metas/13/08/20190913085700_00160.jpg,datasets_cloudmask/dataset_cropped/09_Metas/13/08/20190913085700_00160.png,170.4,47.1,150.6,17.6,964
9/13/2019 8:58,datasets/dataset_cropped/09_Metas/13/08/20190913085800_00160.jpg,datasets_flow/dataset_cropped/09_Metas/13/08/20190913085800_00160.jpg,datasets_cloudmask/dataset_cropped/09_Metas/13/08/20190913085800_00160.png,206,117.6,155,17.5,964
9/13/2019 8:59,datasets/dataset_cropped/09_Metas/13/08/20190913085900_00160.jpg,datasets_flow/dataset_cropped/09_Metas/13/08/20190913085900_00160.jpg,datasets_cloudmask/dataset_cropped/09_Metas/13/08/20190913085900_00160.png,357.6,459.6,159.3,17.7,964
9/13/2019 9:00,datasets/dataset_cropped/09_Metas/13/09/20190913090000_00160.jpg,datasets_flow/dataset_cropped/09_Metas/13/09/20190913090000_00160.jpg,datasets_cloudmask/dataset_cropped/09_Metas/13/09/20190913090000_00160.png,227,151.2,160.8,17.9,964
9/13/2019 9:01,datasets/dataset_cropped/09_Metas/13/09/20190913090100_00160.jpg,datasets_flow/dataset_cropped/09_Metas/13/09/20190913090100_00160.jpg,datasets_cloudmask/dataset_cropped/09_Metas/13/09/20190913090100_00160.png,163.9,7.1,161.7,18,964
9/13/2019 9:02,datasets/dataset_cropped/09_Metas/13/09/20190913090200_00160.jpg,datasets_flow/dataset_cropped/09_Metas/13/09/20190913090200_00160.jpg,datasets_cloudmask/dataset_cropped/09_Metas/13/09/20190913090200_00160.png,165.8,2,166,17.9,964
9/13/2019 9:03,datasets/dataset_cropped/09_Metas/13/09/20190913090300_00160.jpg,datasets_flow/dataset_cropped/09_Metas/13/09/20190913090300_00160.jpg,datasets_cloudmask/dataset_cropped/09_Metas/13/09/20190913090300_00160.png,170.4,1.2,171,17.9,964
9/13/2019 9:04,datasets/dataset_cropped/09_Metas/13/09/20190913090400_00160.jpg,datasets_flow/dataset_cropped/09_Metas/13/09/20190913090400_00160.jpg,datasets_cloudmask/dataset_cropped/09_Metas/13/09/20190913090400_00160.png,171.3,1.6,171.6,17.9,964
9/13/2019 9:05,datasets/dataset_cropped/09_Metas/13/09/20190913090500_00160.jpg,datasets_flow/dataset_cropped/09_Metas/13/09/20190913090500_00160.jpg,datasets_cloudmask/dataset_cropped/09_Metas/13/09/20190913090500_00160.png,168.4,3.8,167.2,18,964
9/13/2019 9:06,datasets/dataset_cropped/09_Metas/13/09/20190913090600_00160.jpg,datasets_flow/dataset_cropped/09_Metas/13/09/20190913090600_00160.jpg,datasets_cloudmask/dataset_cropped/09_Metas/13/09/20190913090600_00160.png,161.4,1.5,161.3,17.9,964
9/13/2019 9:07,datasets/dataset_cropped/09_Metas/13/09/20190913090700_00160.jpg,datasets_flow/dataset_cropped/09_Metas/13/09/20190913090700_00160.jpg,datasets_cloudmask/dataset_cropped/09_Metas/13/09/20190913090700_00160.png,155.9,1.1,156.4,17.9,964
9/13/2019 9:08,datasets/dataset_cropped/09_Metas/13/09/20190913090800_00160.jpg,datasets_flow/dataset_cropped/09_Metas/13/09/20190913090800_00160.jpg,datasets_cloudmask/dataset_cropped/09_Metas/13/09/20190913090800_00160.png,153.6,1.5,153.9,17.9,964
9/13/2019 9:09,datasets/dataset_cropped/09_Metas/13/09/20190913090900_00160.jpg,datasets_flow/dataset_cropped/09_Metas/13/09/20190913090900_00160.jpg,datasets_cloudmask/dataset_cropped/09_Metas/13/09/20190913090900_00160.png,152.7,1.1,153.6,17.9,964
9/13/2019 9:10,datasets/dataset_cropped/09_Metas/13/09/20190913091000_00160.jpg,datasets_flow/dataset_cropped/09_Metas/13/09/20190913091000_00160.jpg,datasets_cloudmask/dataset_cropped/09_Metas/13/09/20190913091000_00160.png,152.6,0.8,153.5,17.9,964
9/13/2019 9:11,datasets/dataset_cropped/09_Metas/13/09/20190913091100_00160.jpg,datasets_flow/dataset_cropped/09_Metas/13/09/20190913091100_00160.jpg,datasets_cloudmask/dataset_cropped/09_Metas/13/09/20190913091100_00160.png,154.3,0.8,155.2,18,964
9/13/2019 9:12,datasets/dataset_cropped/09_Metas/13/09/20190913091200_00160.jpg,datasets_flow/dataset_cropped/09_Metas/13/09/20190913091200_00160.jpg,datasets_cloudmask/dataset_cropped/09_Metas/13/09/20190913091200_00160.png,159.5,0.8,160.2,18,964
9/13/2019 9:13,datasets/dataset_cropped/09_Metas/13/09/20190913091300_00160.jpg,datasets_flow/dataset_cropped/09_Metas/13/09/20190913091300_00160.jpg,datasets_cloudmask/dataset_cropped/09_Metas/13/09/20190913091300_00160.png,170,3.5,169.2,17.9,964
9/13/2019 9:14,datasets/dataset_cropped/09_Metas/13/09/20190913091400_00160.jpg,datasets_flow/dataset_cropped/09_Metas/13/09/20190913091400_00160.jpg,datasets_cloudmask/dataset_cropped/09_Metas/13/09/20190913091400_00160.png,203,44.6,182.1,17.9,964
9/13/2019 9:15,datasets/dataset_cropped/09_Metas/13/09/20190913091500_00160.jpg,datasets_flow/dataset_cropped/09_Metas/13/09/20190913091500_00160.jpg,datasets_cloudmask/dataset_cropped/09_Metas/13/09/20190913091500_00160.png,216.5,41.2,196.6,18,964
9/13/2019 9:16,datasets/dataset_cropped/09_Metas/13/09/20190913091600_00160.jpg,datasets_flow/dataset_cropped/09_Metas/13/09/20190913091600_00160.jpg,datasets_cloudmask/dataset_cropped/09_Metas/13/09/20190913091600_00160.png,207.9,5.9,206.2,18,964
9/13/2019 9:17,datasets/dataset_cropped/09_Metas/13/09/20190913091700_00160.jpg,datasets_flow/dataset_cropped/09_Metas/13/09/20190913091700_00160.jpg,datasets_cloudmask/dataset_cropped/09_Metas/13/09/20190913091700_00160.png,215.6,1.9,215.4,18.1,964
9/13/2019 9:18,datasets/dataset_cropped/09_Metas/13/09/20190913091800_00160.jpg,datasets_flow/dataset_cropped/09_Metas/13/09/20190913091800_00160.jpg,datasets_cloudmask/dataset_cropped/09_Metas/13/09/20190913091800_00160.png,227.5,3.8,226.6,18.2,964
9/13/2019 9:19,datasets/dataset_cropped/09_Metas/13/09/20190913091900_00160.jpg,datasets_flow/dataset_cropped/09_Metas/13/09/20190913091900_00160.jpg,datasets_cloudmask/dataset_cropped/09_Metas/13/09/20190913091900_00160.png,237.5,13.7,232.1,18.1,964
9/13/2019 9:20,datasets/dataset_cropped/09_Metas/13/09/20190913092000_00160.jpg,datasets_flow/dataset_cropped/09_Metas/13/09/20190913092000_00160.jpg,datasets_cloudmask/dataset_cropped/09_Metas/13/09/20190913092000_00160.png,277.7,94.2,232.8,18.2,964
9/13/2019 9:21,datasets/dataset_cropped/09_Metas/13/09/20190913092100_00160.jpg,datasets_flow/dataset_cropped/09_Metas/13/09/20190913092100_00160.jpg,datasets_cloudmask/dataset_cropped/09_Metas/13/09/20190913092100_00160.png,519.2,583.8,232.7,18.4,964
9/13/2019 9:22,datasets/dataset_cropped/09_Metas/13/09/20190913092200_00160.jpg,datasets_flow/dataset_cropped/09_Metas/13/09/20190913092200_00160.jpg,datasets_cloudmask/dataset_cropped/09_Metas/13/09/20190913092200_00160.png,548.9,647,230.3,18.6,964
9/13/2019 9:23,datasets/dataset_cropped/09_Metas/13/09/20190913092300_00160.jpg,datasets_flow/dataset_cropped/09_Metas/13/09/20190913092300_00160.jpg,datasets_cloudmask/dataset_cropped/09_Metas/13/09/20190913092300_00160.png,551.4,652.2,228.4,18.7,964
9/13/2019 9:24,datasets/dataset_cropped/09_Metas/13/09/20190913092400_00160.jpg,datasets_flow/dataset_cropped/09_Metas/13/09/20190913092400_00160.jpg,datasets_cloudmask/dataset_cropped/09_Metas/13/09/20190913092400_00160.png,552.4,657.5,225.3,18.8,964
9/13/2019 9:25,datasets/dataset_cropped/09_Metas/13/09/20190913092500_00160.jpg,datasets_flow/dataset_cropped/09_Metas/13/09/20190913092500_00160.jpg,datasets_cloudmask/dataset_cropped/09_Metas/13/09/20190913092500_00160.png,495.8,558.8,215.6,18.9,964
9/13/2019 9:26,datasets/dataset_cropped/09_Metas/13/09/20190913092600_00160.jpg,datasets_flow/dataset_cropped/09_Metas/13/09/20190913092600_00160.jpg,datasets_cloudmask/dataset_cropped/09_Metas/13/09/20190913092600_00160.png,458.9,508.5,201.2,19,964
9/13/2019 9:27,datasets/dataset_cropped/09_Metas/13/09/20190913092700_00160.jpg,datasets_flow/dataset_cropped/09_Metas/13/09/20190913092700_00160.jpg,datasets_cloudmask/dataset_cropped/09_Metas/13/09/20190913092700_00160.png,475.5,567.7,187.3,19.1,964
9/13/2019 9:28,datasets/dataset_cropped/09_Metas/13/09/20190913092800_00160.jpg,datasets_flow/dataset_cropped/09_Metas/13/09/20190913092800_00160.jpg,datasets_cloudmask/dataset_cropped/09_Metas/13/09/20190913092800_00160.png,512.5,655.6,177.6,19.2,964
9/13/2019 9:29,datasets/dataset_cropped/09_Metas/13/09/20190913092900_00160.jpg,datasets_flow/dataset_cropped/09_Metas/13/09/20190913092900_00160.jpg,datasets_cloudmask/dataset_cropped/09_Metas/13/09/20190913092900_00160.png,306.1,263.8,168.8,19.1,964
9/13/2019 9:30,datasets/dataset_cropped/09_Metas/13/09/20190913093000_00160.jpg,datasets_flow/dataset_cropped/09_Metas/13/09/20190913093000_00160.jpg,datasets_cloudmask/dataset_cropped/09_Metas/13/09/20190913093000_00160.png,237,141.1,163.4,19.1,964
9/13/2019 9:31,datasets/dataset_cropped/09_Metas/13/09/20190913093100_00160.jpg,datasets_flow/dataset_cropped/09_Metas/13/09/20190913093100_00160.jpg,datasets_cloudmask/dataset_cropped/09_Metas/13/09/20190913093100_00160.png,401.5,467,158.9,19.1,964
9/13/2019 9:32,datasets/dataset_cropped/09_Metas/13/09/20190913093200_00160.jpg,datasets_flow/dataset_cropped/09_Metas/13/09/20190913093200_00160.jpg,datasets_cloudmask/dataset_cropped/09_Metas/13/09/20190913093200_00160.png,176,49.3,149.2,19.1,964
9/13/2019 9:33,datasets/dataset_cropped/09_Metas/13/09/20190913093300_00160.jpg,datasets_flow/dataset_cropped/09_Metas/13/09/20190913093300_00160.jpg,datasets_cloudmask/dataset_cropped/09_Metas/13/09/20190913093300_00160.png,192.7,68.8,154.9,19,964
9/13/2019 9:34,datasets/dataset_cropped/09_Metas/13/09/20190913093400_00160.jpg,datasets_flow/dataset_cropped/09_Metas/13/09/20190913093400_00160.jpg,datasets_cloudmask/dataset_cropped/09_Metas/13/09/20190913093400_00160.png,191,45.4,165.6,19,964
9/13/2019 9:35,datasets/dataset_cropped/09_Metas/13/09/20190913093500_00160.jpg,datasets_flow/dataset_cropped/09_Metas/13/09/20190913093500_00160.jpg,datasets_cloudmask/dataset_cropped/09_Metas/13/09/20190913093500_00160.png,307.5,255.4,169.9,19.1,964
9/13/2019 9:36,datasets/dataset_cropped/09_Metas/13/09/20190913093600_00160.jpg,datasets_flow/dataset_cropped/09_Metas/13/09/20190913093600_00160.jpg,datasets_cloudmask/dataset_cropped/09_Metas/13/09/20190913093600_00160.png,481.9,576.9,173.9,19.2,964
9/13/2019 9:37,datasets/dataset_cropped/09_Metas/13/09/20190913093700_00160.jpg,datasets_flow/dataset_cropped/09_Metas/13/09/20190913093700_00160.jpg,datasets_cloudmask/dataset_cropped/09_Metas/13/09/20190913093700_00160.png,279.2,192.1,175.2,19.2,964
9/13/2019 9:38,datasets/dataset_cropped/09_Metas/13/09/20190913093800_00160.jpg,datasets_flow/dataset_cropped/09_Metas/13/09/20190913093800_00160.jpg,datasets_cloudmask/dataset_cropped/09_Metas/13/09/20190913093800_00160.png,200,46.1,173.6,19.2,964
9/13/2019 9:39,datasets/dataset_cropped/09_Metas/13/09/20190913093900_00160.jpg,datasets_flow/dataset_cropped/09_Metas/13/09/20190913093900_00160.jpg,datasets_cloudmask/dataset_cropped/09_Metas/13/09/20190913093900_00160.png,238.5,110.3,178.3,19.1,964
9/13/2019 9:40,datasets/dataset_cropped/09_Metas/13/09/20190913094000_00160.jpg,datasets_flow/dataset_cropped/09_Metas/13/09/20190913094000_00160.jpg,datasets_cloudmask/dataset_cropped/09_Metas/13/09/20190913094000_00160.png,480.1,534.8,190.5,19.1,964
9/13/2019 9:41,datasets/dataset_cropped/09_Metas/13/09/20190913094100_00160.jpg,datasets_flow/dataset_cropped/09_Metas/13/09/20190913094100_00160.jpg,datasets_cloudmask/dataset_cropped/09_Metas/13/09/20190913094100_00160.png,552.2,654,196.4,19.2,964
9/13/2019 9:42,datasets/dataset_cropped/09_Metas/13/09/20190913094200_00160.jpg,datasets_flow/dataset_cropped/09_Metas/13/09/20190913094200_00160.jpg,datasets_cloudmask/dataset_cropped/09_Metas/13/09/20190913094200_00160.png,559.6,661.6,198.1,19.4,964
9/13/2019 9:43,datasets/dataset_cropped/09_Metas/13/09/20190913094300_00160.jpg,datasets_flow/dataset_cropped/09_Metas/13/09/20190913094300_00160.jpg,datasets_cloudmask/dataset_cropped/09_Metas/13/09/20190913094300_00160.png,560.4,666.9,194.8,19.5,964
9/13/2019 9:44,datasets/dataset_cropped/09_Metas/13/09/20190913094400_00160.jpg,datasets_flow/dataset_cropped/09_Metas/13/09/20190913094400_00160.jpg,datasets_cloudmask/dataset_cropped/09_Metas/13/09/20190913094400_00160.png,555.5,670.8,186.3,19.7,964
9/13/2019 9:45,datasets/dataset_cropped/09_Metas/13/09/20190913094500_00160.jpg,datasets_flow/dataset_cropped/09_Metas/13/09/20190913094500_00160.jpg,datasets_cloudmask/dataset_cropped/09_Metas/13/09/20190913094500_00160.png,551.5,675.9,177.9,19.8,964
9/13/2019 9:46,datasets/dataset_cropped/09_Metas/13/09/20190913094600_00160.jpg,datasets_flow/dataset_cropped/09_Metas/13/09/20190913094600_00160.jpg,datasets_cloudmask/dataset_cropped/09_Metas/13/09/20190913094600_00160.png,550.4,676.4,174.8,19.9,964
9/13/2019 9:47,datasets/dataset_cropped/09_Metas/13/09/20190913094700_00160.jpg,datasets_flow/dataset_cropped/09_Metas/13/09/20190913094700_00160.jpg,datasets_cloudmask/dataset_cropped/09_Metas/13/09/20190913094700_00160.png,557,674.2,181.1,19.8,964
9/13/2019 9:48,datasets/dataset_cropped/09_Metas/13/09/20190913094800_00160.jpg,datasets_flow/dataset_cropped/09_Metas/13/09/20190913094800_00160.jpg,datasets_cloudmask/dataset_cropped/09_Metas/13/09/20190913094800_00160.png,567.2,659.9,197.5,19.9,964
9/13/2019 9:49,datasets/dataset_cropped/09_Metas/13/09/20190913094900_00160.jpg,datasets_flow/dataset_cropped/09_Metas/13/09/20190913094900_00160.jpg,datasets_cloudmask/dataset_cropped/09_Metas/13/09/20190913094900_00160.png,571.7,632.2,215.8,20.1,964
9/13/2019 9:50,datasets/dataset_cropped/09_Metas/13/09/20190913095000_00160.jpg,datasets_flow/dataset_cropped/09_Metas/13/09/20190913095000_00160.jpg,datasets_cloudmask/dataset_cropped/09_Metas/13/09/20190913095000_00160.png,554.1,578.5,226.4,20.3,964
9/13/2019 9:51,datasets/dataset_cropped/09_Metas/13/09/20190913095100_00160.jpg,datasets_flow/dataset_cropped/09_Metas/13/09/20190913095100_00160.jpg,datasets_cloudmask/dataset_cropped/09_Metas/13/09/20190913095100_00160.png,616,674.3,233.3,20.4,964
9/13/2019 9:52,datasets/dataset_cropped/09_Metas/13/09/20190913095200_00160.jpg,datasets_flow/dataset_cropped/09_Metas/13/09/20190913095200_00160.jpg,datasets_cloudmask/dataset_cropped/09_Metas/13/09/20190913095200_00160.png,580.6,607.2,233.8,20.5,964
9/13/2019 9:53,datasets/dataset_cropped/09_Metas/13/09/20190913095300_00160.jpg,datasets_flow/dataset_cropped/09_Metas/13/09/20190913095300_00160.jpg,datasets_cloudmask/dataset_cropped/09_Metas/13/09/20190913095300_00160.png,586.6,634.2,224.3,20.7,964
9/13/2019 9:54,datasets/dataset_cropped/09_Metas/13/09/20190913095400_00160.jpg,datasets_flow/dataset_cropped/09_Metas/13/09/20190913095400_00160.jpg,datasets_cloudmask/dataset_cropped/09_Metas/13/09/20190913095400_00160.png,602.7,688.5,206.9,20.6,964
9/13/2019 9:55,datasets/dataset_cropped/09_Metas/13/09/20190913095500_00160.jpg,datasets_flow/dataset_cropped/09_Metas/13/09/20190913095500_00160.jpg,datasets_cloudmask/dataset_cropped/09_Metas/13/09/20190913095500_00160.png,592,691.7,192.8,20.3,964
9/13/2019 9:56,datasets/dataset_cropped/09_Metas/13/09/20190913095600_00160.jpg,datasets_flow/dataset_cropped/09_Metas/13/09/20190913095600_00160.jpg,datasets_cloudmask/dataset_cropped/09_Metas/13/09/20190913095600_00160.png,582.4,690.8,181.8,20.2,964
9/13/2019 9:57,datasets/dataset_cropped/09_Metas/13/09/20190913095700_00160.jpg,datasets_flow/dataset_cropped/09_Metas/13/09/20190913095700_00160.jpg,datasets_cloudmask/dataset_cropped/09_Metas/13/09/20190913095700_00160.png,578.6,693.9,174.4,20,964
9/13/2019 9:58,datasets/dataset_cropped/09_Metas/13/09/20190913095800_00160.jpg,datasets_flow/dataset_cropped/09_Metas/13/09/20190913095800_00160.jpg,datasets_cloudmask/dataset_cropped/09_Metas/13/09/20190913095800_00160.png,578.3,698.5,169.3,19.9,964
9/13/2019 9:59,datasets/dataset_cropped/09_Metas/13/09/20190913095900_00160.jpg,datasets_flow/dataset_cropped/09_Metas/13/09/20190913095900_00160.jpg,datasets_cloudmask/dataset_cropped/09_Metas/13/09/20190913095900_00160.png,577.8,701.3,165.3,19.9,964
9/13/2019 10:00,datasets/dataset_cropped/09_Metas/13/10/20190913100000_00160.jpg,datasets_flow/dataset_cropped/09_Metas/13/10/20190913100000_00160.jpg,datasets_cloudmask/dataset_cropped/09_Metas/13/10/20190913100000_00160.png,578.8,704.8,162.2,19.9,964
9/13/2019 10:01,datasets/dataset_cropped/09_Metas/13/10/20190913100100_00160.jpg,datasets_flow/dataset_cropped/09_Metas/13/10/20190913100100_00160.jpg,datasets_cloudmask/dataset_cropped/09_Metas/13/10/20190913100100_00160.png,579.7,706.6,160.3,20,964
9/13/2019 10:02,datasets/dataset_cropped/09_Metas/13/10/20190913100200_00160.jpg,datasets_flow/dataset_cropped/09_Metas/13/10/20190913100200_00160.jpg,datasets_cloudmask/dataset_cropped/09_Metas/13/10/20190913100200_00160.png,582,709.7,158.9,20.1,964
9/13/2019 10:03,datasets/dataset_cropped/09_Metas/13/10/20190913100300_00160.jpg,datasets_flow/dataset_cropped/09_Metas/13/10/20190913100300_00160.jpg,datasets_cloudmask/dataset_cropped/09_Metas/13/10/20190913100300_00160.png,585.6,712,159.6,20.1,964
9/13/2019 10:04,datasets/dataset_cropped/09_Metas/13/10/20190913100400_00160.jpg,datasets_flow/dataset_cropped/09_Metas/13/10/20190913100400_00160.jpg,datasets_cloudmask/dataset_cropped/09_Metas/13/10/20190913100400_00160.png,565.6,668.1,163,20.1,964
9/13/2019 10:05,datasets/dataset_cropped/09_Metas/13/10/20190913100500_00160.jpg,datasets_flow/dataset_cropped/09_Metas/13/10/20190913100500_00160.jpg,datasets_cloudmask/dataset_cropped/09_Metas/13/10/20190913100500_00160.png,584.2,697.1,162,19.9,964
9/13/2019 10:06,datasets/dataset_cropped/09_Metas/13/10/20190913100600_00160.jpg,datasets_flow/dataset_cropped/09_Metas/13/10/20190913100600_00160.jpg,datasets_cloudmask/dataset_cropped/09_Metas/13/10/20190913100600_00160.png,592.6,715.9,158.8,20,964
9/13/2019 10:07,datasets/dataset_cropped/09_Metas/13/10/20190913100700_00160.jpg,datasets_flow/dataset_cropped/09_Metas/13/10/20190913100700_00160.jpg,datasets_cloudmask/dataset_cropped/09_Metas/13/10/20190913100700_00160.png,592,714.4,157.3,20,964
9/13/2019 10:08,datasets/dataset_cropped/09_Metas/13/10/20190913100800_00160.jpg,datasets_flow/dataset_cropped/09_Metas/13/10/20190913100800_00160.jpg,datasets_cloudmask/dataset_cropped/09_Metas/13/10/20190913100800_00160.png,591.7,708.5,158.6,20.1,964
9/13/2019 10:09,datasets/dataset_cropped/09_Metas/13/10/20190913100900_00160.jpg,datasets_flow/dataset_cropped/09_Metas/13/10/20190913100900_00160.jpg,datasets_cloudmask/dataset_cropped/09_Metas/13/10/20190913100900_00160.png,595.9,707.6,161.9,20.1,964
9/13/2019 10:10,datasets/dataset_cropped/09_Metas/13/10/20190913101000_00160.jpg,datasets_flow/dataset_cropped/09_Metas/13/10/20190913101000_00160.jpg,datasets_cloudmask/dataset_cropped/09_Metas/13/10/20190913101000_00160.png,598.3,705.4,163.9,20.1,964
9/13/2019 10:11,datasets/dataset_cropped/09_Metas/13/10/20190913101100_00160.jpg,datasets_flow/dataset_cropped/09_Metas/13/10/20190913101100_00160.jpg,datasets_cloudmask/dataset_cropped/09_Metas/13/10/20190913101100_00160.png,601.3,704.2,166,20.1,964
9/13/2019 10:12,datasets/dataset_cropped/09_Metas/13/10/20190913101200_00160.jpg,datasets_flow/dataset_cropped/09_Metas/13/10/20190913101200_00160.jpg,datasets_cloudmask/dataset_cropped/09_Metas/13/10/20190913101200_00160.png,601.9,701.4,166.8,20.2,964
9/13/2019 10:13,datasets/dataset_cropped/09_Metas/13/10/20190913101300_00160.jpg,datasets_flow/dataset_cropped/09_Metas/13/10/20190913101300_00160.jpg,datasets_cloudmask/dataset_cropped/09_Metas/13/10/20190913101300_00160.png,607.6,704.2,168.9,20.3,964
9/13/2019 10:14,datasets/dataset_cropped/09_Metas/13/10/20190913101400_00160.jpg,datasets_flow/dataset_cropped/09_Metas/13/10/20190913101400_00160.jpg,datasets_cloudmask/dataset_cropped/09_Metas/13/10/20190913101400_00160.png,614.4,709.2,171.1,20.3,964
9/13/2019 10:15,datasets/dataset_cropped/09_Metas/13/10/20190913101500_00160.jpg,datasets_flow/dataset_cropped/09_Metas/13/10/20190913101500_00160.jpg,datasets_cloudmask/dataset_cropped/09_Metas/13/10/20190913101500_00160.png,616.8,714.4,168.6,20.3,964
9/13/2019 10:16,datasets/dataset_cropped/09_Metas/13/10/20190913101600_00160.jpg,datasets_flow/dataset_cropped/09_Metas/13/10/20190913101600_00160.jpg,datasets_cloudmask/dataset_cropped/09_Metas/13/10/20190913101600_00160.png,614.7,715.6,164.1,20.4,964
9/13/2019 10:17,datasets/dataset_cropped/09_Metas/13/10/20190913101700_00160.jpg,datasets_flow/dataset_cropped/09_Metas/13/10/20190913101700_00160.jpg,datasets_cloudmask/dataset_cropped/09_Metas/13/10/20190913101700_00160.png,614.1,718.4,159.9,20.3,964
9/13/2019 10:18,datasets/dataset_cropped/09_Metas/13/10/20190913101800_00160.jpg,datasets_flow/dataset_cropped/09_Metas/13/10/20190913101800_00160.jpg,datasets_cloudmask/dataset_cropped/09_Metas/13/10/20190913101800_00160.png,614.1,719.6,157.4,20.4,964
9/13/2019 10:19,datasets/dataset_cropped/09_Metas/13/10/20190913101900_00160.jpg,datasets_flow/dataset_cropped/09_Metas/13/10/20190913101900_00160.jpg,datasets_cloudmask/dataset_cropped/09_Metas/13/10/20190913101900_00160.png,614.6,719.5,156.4,20.5,964
9/13/2019 10:20,datasets/dataset_cropped/09_Metas/13/10/20190913102000_00160.jpg,datasets_flow/dataset_cropped/09_Metas/13/10/20190913102000_00160.jpg,datasets_cloudmask/dataset_cropped/09_Metas/13/10/20190913102000_00160.png,617.1,722.1,155.9,20.6,964
9/13/2019 10:21,datasets/dataset_cropped/09_Metas/13/10/20190913102100_00160.jpg,datasets_flow/dataset_cropped/09_Metas/13/10/20190913102100_00160.jpg,datasets_cloudmask/dataset_cropped/09_Metas/13/10/20190913102100_00160.png,618.6,723,155.4,20.6,964
9/13/2019 10:22,datasets/dataset_cropped/09_Metas/13/10/20190913102200_00160.jpg,datasets_flow/dataset_cropped/09_Metas/13/10/20190913102200_00160.jpg,datasets_cloudmask/dataset_cropped/09_Metas/13/10/20190913102200_00160.png,623.1,728.2,155,20.6,964
9/13/2019 10:23,datasets/dataset_cropped/09_Metas/13/10/20190913102300_00160.jpg,datasets_flow/dataset_cropped/09_Metas/13/10/20190913102300_00160.jpg,datasets_cloudmask/dataset_cropped/09_Metas/13/10/20190913102300_00160.png,626.7,731.8,154.7,20.6,964
9/13/2019 10:24,datasets/dataset_cropped/09_Metas/13/10/20190913102400_00160.jpg,datasets_flow/dataset_cropped/09_Metas/13/10/20190913102400_00160.jpg,datasets_cloudmask/dataset_cropped/09_Metas/13/10/20190913102400_00160.png,630.2,734.8,154.3,20.5,964
9/13/2019 10:25,datasets/dataset_cropped/09_Metas/13/10/20190913102500_00160.jpg,datasets_flow/dataset_cropped/09_Metas/13/10/20190913102500_00160.jpg,datasets_cloudmask/dataset_cropped/09_Metas/13/10/20190913102500_00160.png,634.2,738.6,154.2,20.6,964
9/13/2019 10:26,datasets/dataset_cropped/09_Metas/13/10/20190913102600_00160.jpg,datasets_flow/dataset_cropped/09_Metas/13/10/20190913102600_00160.jpg,datasets_cloudmask/dataset_cropped/09_Metas/13/10/20190913102600_00160.png,638.1,741.3,154.8,21.1,964
9/13/2019 10:27,datasets/dataset_cropped/09_Metas/13/10/20190913102700_00160.jpg,datasets_flow/dataset_cropped/09_Metas/13/10/20190913102700_00160.jpg,datasets_cloudmask/dataset_cropped/09_Metas/13/10/20190913102700_00160.png,642.9,744.6,155.9,21.4,964
9/13/2019 10:28,datasets/dataset_cropped/09_Metas/13/10/20190913102800_00160.jpg,datasets_flow/dataset_cropped/09_Metas/13/10/20190913102800_00160.jpg,datasets_cloudmask/dataset_cropped/09_Metas/13/10/20190913102800_00160.png,648.1,747.2,157.8,21.6,964
9/13/2019 10:29,datasets/dataset_cropped/09_Metas/13/10/20190913102900_00160.jpg,datasets_flow/dataset_cropped/09_Metas/13/10/20190913102900_00160.jpg,datasets_cloudmask/dataset_cropped/09_Metas/13/10/20190913102900_00160.png,651.5,745.9,160.6,21.6,964
9/13/2019 10:30,datasets/dataset_cropped/09_Metas/13/10/20190913103000_00160.jpg,datasets_flow/dataset_cropped/09_Metas/13/10/20190913103000_00160.jpg,datasets_cloudmask/dataset_cropped/09_Metas/13/10/20190913103000_00160.png,650.3,737.5,163.6,21.7,964
9/13/2019 10:31,datasets/dataset_cropped/09_Metas/13/10/20190913103100_00160.jpg,datasets_flow/dataset_cropped/09_Metas/13/10/20190913103100_00160.jpg,datasets_cloudmask/dataset_cropped/09_Metas/13/10/20190913103100_00160.png,664.4,749.3,167.6,21.9,964
9/13/2019 10:32,datasets/dataset_cropped/09_Metas/13/10/20190913103200_00160.jpg,datasets_flow/dataset_cropped/09_Metas/13/10/20190913103200_00160.jpg,datasets_cloudmask/dataset_cropped/09_Metas/13/10/20190913103200_00160.png,672.6,751.3,172.9,22,964
9/13/2019 10:33,datasets/dataset_cropped/09_Metas/13/10/20190913103300_00160.jpg,datasets_flow/dataset_cropped/09_Metas/13/10/20190913103300_00160.jpg,datasets_cloudmask/dataset_cropped/09_Metas/13/10/20190913103300_00160.png,681.2,751.2,180,21.9,964
9/13/2019 10:34,datasets/dataset_cropped/09_Metas/13/10/20190913103400_00160.jpg,datasets_flow/dataset_cropped/09_Metas/13/10/20190913103400_00160.jpg,datasets_cloudmask/dataset_cropped/09_Metas/13/10/20190913103400_00160.png,662.1,708.8,187.7,22,964
9/13/2019 10:35,datasets/dataset_cropped/09_Metas/13/10/20190913103500_00160.jpg,datasets_flow/dataset_cropped/09_Metas/13/10/20190913103500_00160.jpg,datasets_cloudmask/dataset_cropped/09_Metas/13/10/20190913103500_00160.png,621.8,634.8,195.5,21.8,964
9/13/2019 10:36,datasets/dataset_cropped/09_Metas/13/10/20190913103600_00160.jpg,datasets_flow/dataset_cropped/09_Metas/13/10/20190913103600_00160.jpg,datasets_cloudmask/dataset_cropped/09_Metas/13/10/20190913103600_00160.png,717,753.3,209.5,21.8,964
9/13/2019 10:37,datasets/dataset_cropped/09_Metas/13/10/20190913103700_00160.jpg,datasets_flow/dataset_cropped/09_Metas/13/10/20190913103700_00160.jpg,datasets_cloudmask/dataset_cropped/09_Metas/13/10/20190913103700_00160.png,732.3,752.6,223.8,21.8,964
9/13/2019 10:38,datasets/dataset_cropped/09_Metas/13/10/20190913103800_00160.jpg,datasets_flow/dataset_cropped/09_Metas/13/10/20190913103800_00160.jpg,datasets_cloudmask/dataset_cropped/09_Metas/13/10/20190913103800_00160.png,727.7,718.1,240.5,21.9,964
9/13/2019 10:39,datasets/dataset_cropped/09_Metas/13/10/20190913103900_00160.jpg,datasets_flow/dataset_cropped/09_Metas/13/10/20190913103900_00160.jpg,datasets_cloudmask/dataset_cropped/09_Metas/13/10/20190913103900_00160.png,722.6,684.9,256.4,22,964
9/13/2019 10:40,datasets/dataset_cropped/09_Metas/13/10/20190913104000_00160.jpg,datasets_flow/dataset_cropped/09_Metas/13/10/20190913104000_00160.jpg,datasets_cloudmask/dataset_cropped/09_Metas/13/10/20190913104000_00160.png,735.7,687.7,266.2,22.1,964
9/13/2019 10:41,datasets/dataset_cropped/09_Metas/13/10/20190913104100_00160.jpg,datasets_flow/dataset_cropped/09_Metas/13/10/20190913104100_00160.jpg,datasets_cloudmask/dataset_cropped/09_Metas/13/10/20190913104100_00160.png,704.7,633.4,270.8,22.3,964
9/13/2019 10:42,datasets/dataset_cropped/09_Metas/13/10/20190913104200_00160.jpg,datasets_flow/dataset_cropped/09_Metas/13/10/20190913104200_00160.jpg,datasets_cloudmask/dataset_cropped/09_Metas/13/10/20190913104200_00160.png,659.7,555.8,277.9,22.6,964
9/13/2019 10:43,datasets/dataset_cropped/09_Metas/13/10/20190913104300_00160.jpg,datasets_flow/dataset_cropped/09_Metas/13/10/20190913104300_00160.jpg,datasets_cloudmask/dataset_cropped/09_Metas/13/10/20190913104300_00160.png,612.6,473.1,286,22.8,964
9/13/2019 10:44,datasets/dataset_cropped/09_Metas/13/10/20190913104400_00160.jpg,datasets_flow/dataset_cropped/09_Metas/13/10/20190913104400_00160.jpg,datasets_cloudmask/dataset_cropped/09_Metas/13/10/20190913104400_00160.png,722.6,618.1,295.4,22.9,964
9/13/2019 10:45,datasets/dataset_cropped/09_Metas/13/10/20190913104500_00160.jpg,datasets_flow/dataset_cropped/09_Metas/13/10/20190913104500_00160.jpg,datasets_cloudmask/dataset_cropped/09_Metas/13/10/20190913104500_00160.png,741.7,636.4,300,22.6,964
9/13/2019 10:46,datasets/dataset_cropped/09_Metas/13/10/20190913104600_00160.jpg,datasets_flow/dataset_cropped/09_Metas/13/10/20190913104600_00160.jpg,datasets_cloudmask/dataset_cropped/09_Metas/13/10/20190913104600_00160.png,701.9,567.9,307,22.6,964
9/13/2019 10:47,datasets/dataset_cropped/09_Metas/13/10/20190913104700_00160.jpg,datasets_flow/dataset_cropped/09_Metas/13/10/20190913104700_00160.jpg,datasets_cloudmask/dataset_cropped/09_Metas/13/10/20190913104700_00160.png,686.3,534.5,313.7,22.8,964
9/13/2019 10:48,datasets/dataset_cropped/09_Metas/13/10/20190913104800_00160.jpg,datasets_flow/dataset_cropped/09_Metas/13/10/20190913104800_00160.jpg,datasets_cloudmask/dataset_cropped/09_Metas/13/10/20190913104800_00160.png,700.6,557.1,311.7,22.9,965
9/13/2019 10:49,datasets/dataset_cropped/09_Metas/13/10/20190913104900_00160.jpg,datasets_flow/dataset_cropped/09_Metas/13/10/20190913104900_00160.jpg,datasets_cloudmask/dataset_cropped/09_Metas/13/10/20190913104900_00160.png,750.4,642.7,300.1,22.9,964
9/13/2019 10:50,datasets/dataset_cropped/09_Metas/13/10/20190913105000_00160.jpg,datasets_flow/dataset_cropped/09_Metas/13/10/20190913105000_00160.jpg,datasets_cloudmask/dataset_cropped/09_Metas/13/10/20190913105000_00160.png,768.7,690.9,283.2,23.1,964
9/13/2019 10:51,datasets/dataset_cropped/09_Metas/13/10/20190913105100_00160.jpg,datasets_flow/dataset_cropped/09_Metas/13/10/20190913105100_00160.jpg,datasets_cloudmask/dataset_cropped/09_Metas/13/10/20190913105100_00160.png,764.8,707,266.7,23.3,964
9/13/2019 10:52,datasets/dataset_cropped/09_Metas/13/10/20190913105200_00160.jpg,datasets_flow/dataset_cropped/09_Metas/13/10/20190913105200_00160.jpg,datasets_cloudmask/dataset_cropped/09_Metas/13/10/20190913105200_00160.png,744.4,693.4,254.5,23.2,964
9/13/2019 10:53,datasets/dataset_cropped/09_Metas/13/10/20190913105300_00160.jpg,datasets_flow/dataset_cropped/09_Metas/13/10/20190913105300_00160.jpg,datasets_cloudmask/dataset_cropped/09_Metas/13/10/20190913105300_00160.png,752.9,715.1,246.1,23,964
9/13/2019 10:54,datasets/dataset_cropped/09_Metas/13/10/20190913105400_00160.jpg,datasets_flow/dataset_cropped/09_Metas/13/10/20190913105400_00160.jpg,datasets_cloudmask/dataset_cropped/09_Metas/13/10/20190913105400_00160.png,743.2,704.3,242.8,22.9,964
9/13/2019 10:55,datasets/dataset_cropped/09_Metas/13/10/20190913105500_00160.jpg,datasets_flow/dataset_cropped/09_Metas/13/10/20190913105500_00160.jpg,datasets_cloudmask/dataset_cropped/09_Metas/13/10/20190913105500_00160.png,727.5,685.4,238.8,23,964
9/13/2019 10:56,datasets/dataset_cropped/09_Metas/13/10/20190913105600_00160.jpg,datasets_flow/dataset_cropped/09_Metas/13/10/20190913105600_00160.jpg,datasets_cloudmask/dataset_cropped/09_Metas/13/10/20190913105600_00160.png,745.1,711.4,236.1,23.1,964
9/13/2019 10:57,datasets/dataset_cropped/09_Metas/13/10/20190913105700_00160.jpg,datasets_flow/dataset_cropped/09_Metas/13/10/20190913105700_00160.jpg,datasets_cloudmask/dataset_cropped/09_Metas/13/10/20190913105700_00160.png,731.7,699.2,230.1,23.2,964
9/13/2019 10:58,datasets/dataset_cropped/09_Metas/13/10/20190913105800_00160.jpg,datasets_flow/dataset_cropped/09_Metas/13/10/20190913105800_00160.jpg,datasets_cloudmask/dataset_cropped/09_Metas/13/10/20190913105800_00160.png,690,649,223,23.1,964
9/13/2019 10:59,datasets/dataset_cropped/09_Metas/13/10/20190913105900_00160.jpg,datasets_flow/dataset_cropped/09_Metas/13/10/20190913105900_00160.jpg,datasets_cloudmask/dataset_cropped/09_Metas/13/10/20190913105900_00160.png,691.8,658,217.7,23.4,964
9/13/2019 11:00,datasets/dataset_cropped/09_Metas/13/11/20190913110000_00160.jpg,datasets_flow/dataset_cropped/09_Metas/13/11/20190913110000_00160.jpg,datasets_cloudmask/dataset_cropped/09_Metas/13/11/20190913110000_00160.png,708.2,688,212,23.2,964
9/13/2019 11:01,datasets/dataset_cropped/09_Metas/13/11/20190913110100_00160.jpg,datasets_flow/dataset_cropped/09_Metas/13/11/20190913110100_00160.jpg,datasets_cloudmask/dataset_cropped/09_Metas/13/11/20190913110100_00160.png,742.5,740.3,207.5,23.1,964
9/13/2019 11:02,datasets/dataset_cropped/09_Metas/13/11/20190913110200_00160.jpg,datasets_flow/dataset_cropped/09_Metas/13/11/20190913110200_00160.jpg,datasets_cloudmask/dataset_cropped/09_Metas/13/11/20190913110200_00160.png,754.6,761.6,203.1,23.2,964
9/13/2019 11:03,datasets/dataset_cropped/09_Metas/13/11/20190913110300_00160.jpg,datasets_flow/dataset_cropped/09_Metas/13/11/20190913110300_00160.jpg,datasets_cloudmask/dataset_cropped/09_Metas/13/11/20190913110300_00160.png,750.1,759.2,199.3,23.4,964
9/13/2019 11:04,datasets/dataset_cropped/09_Metas/13/11/20190913110400_00160.jpg,datasets_flow/dataset_cropped/09_Metas/13/11/20190913110400_00160.jpg,datasets_cloudmask/dataset_cropped/09_Metas/13/11/20190913110400_00160.png,753.3,765.1,196.6,23.4,964
9/13/2019 11:05,datasets/dataset_cropped/09_Metas/13/11/20190913110500_00160.jpg,datasets_flow/dataset_cropped/09_Metas/13/11/20190913110500_00160.jpg,datasets_cloudmask/dataset_cropped/09_Metas/13/11/20190913110500_00160.png,756.2,769.3,194.8,23.2,964
9/13/2019 11:06,datasets/dataset_cropped/09_Metas/13/11/20190913110600_00160.jpg,datasets_flow/dataset_cropped/09_Metas/13/11/20190913110600_00160.jpg,datasets_cloudmask/dataset_cropped/09_Metas/13/11/20190913110600_00160.png,752.1,762.8,194,23.1,964
9/13/2019 11:07,datasets/dataset_cropped/09_Metas/13/11/20190913110700_00160.jpg,datasets_flow/dataset_cropped/09_Metas/13/11/20190913110700_00160.jpg,datasets_cloudmask/dataset_cropped/09_Metas/13/11/20190913110700_00160.png,750.6,759.8,193.4,23.1,964
9/13/2019 11:08,datasets/dataset_cropped/09_Metas/13/11/20190913110800_00160.jpg,datasets_flow/dataset_cropped/09_Metas/13/11/20190913110800_00160.jpg,datasets_cloudmask/dataset_cropped/09_Metas/13/11/20190913110800_00160.png,752.6,761.4,192.8,23.1,964
9/13/2019 11:09,datasets/dataset_cropped/09_Metas/13/11/20190913110900_00160.jpg,datasets_flow/dataset_cropped/09_Metas/13/11/20190913110900_00160.jpg,datasets_cloudmask/dataset_cropped/09_Metas/13/11/20190913110900_00160.png,753.5,761.6,192.4,23.2,964
9/13/2019 11:10,datasets/dataset_cropped/09_Metas/13/11/20190913111000_00160.jpg,datasets_flow/dataset_cropped/09_Metas/13/11/20190913111000_00160.jpg,datasets_cloudmask/dataset_cropped/09_Metas/13/11/20190913111000_00160.png,754,761.5,191.6,23.2,964
9/13/2019 11:11,datasets/dataset_cropped/09_Metas/13/11/20190913111100_00160.jpg,datasets_flow/dataset_cropped/09_Metas/13/11/20190913111100_00160.jpg,datasets_cloudmask/dataset_cropped/09_Metas/13/11/20190913111100_00160.png,754.5,762.2,190.7,23.2,964
9/13/2019 11:12,datasets/dataset_cropped/09_Metas/13/11/20190913111200_00160.jpg,datasets_flow/dataset_cropped/09_Metas/13/11/20190913111200_00160.jpg,datasets_cloudmask/dataset_cropped/09_Metas/13/11/20190913111200_00160.png,755.6,763.5,189.5,23.2,964
9/13/2019 11:13,datasets/dataset_cropped/09_Metas/13/11/20190913111300_00160.jpg,datasets_flow/dataset_cropped/09_Metas/13/11/20190913111300_00160.jpg,datasets_cloudmask/dataset_cropped/09_Metas/13/11/20190913111300_00160.png,754,762,187.9,23.2,964
9/13/2019 11:14,datasets/dataset_cropped/09_Metas/13/11/20190913111400_00160.jpg,datasets_flow/dataset_cropped/09_Metas/13/11/20190913111400_00160.jpg,datasets_cloudmask/dataset_cropped/09_Metas/13/11/20190913111400_00160.png,760.1,770.4,186.5,23.1,964
9/13/2019 11:15,datasets/dataset_cropped/09_Metas/13/11/20190913111500_00160.jpg,datasets_flow/dataset_cropped/09_Metas/13/11/20190913111500_00160.jpg,datasets_cloudmask/dataset_cropped/09_Metas/13/11/20190913111500_00160.png,760.8,772,185.6,23.1,964
9/13/2019 11:16,datasets/dataset_cropped/09_Metas/13/11/20190913111600_00160.jpg,datasets_flow/dataset_cropped/09_Metas/13/11/20190913111600_00160.jpg,datasets_cloudmask/dataset_cropped/09_Metas/13/11/20190913111600_00160.png,761.4,773.7,184.8,23,964
9/13/2019 11:17,datasets/dataset_cropped/09_Metas/13/11/20190913111700_00160.jpg,datasets_flow/dataset_cropped/09_Metas/13/11/20190913111700_00160.jpg,datasets_cloudmask/dataset_cropped/09_Metas/13/11/20190913111700_00160.png,762.1,775.3,183.9,23,964
9/13/2019 11:18,datasets/dataset_cropped/09_Metas/13/11/20190913111800_00160.jpg,datasets_flow/dataset_cropped/09_Metas/13/11/20190913111800_00160.jpg,datasets_cloudmask/dataset_cropped/09_Metas/13/11/20190913111800_00160.png,763.7,775.1,184.2,23.1,964
9/13/2019 11:19,datasets/dataset_cropped/09_Metas/13/11/20190913111900_00160.jpg,datasets_flow/dataset_cropped/09_Metas/13/11/20190913111900_00160.jpg,datasets_cloudmask/dataset_cropped/09_Metas/13/11/20190913111900_00160.png,764,772.9,184.9,23.3,964
9/13/2019 11:20,datasets/dataset_cropped/09_Metas/13/11/20190913112000_00160.jpg,datasets_flow/dataset_cropped/09_Metas/13/11/20190913112000_00160.jpg,datasets_cloudmask/dataset_cropped/09_Metas/13/11/20190913112000_00160.png,765.3,772.4,185.6,23.2,964
9/13/2019 11:21,datasets/dataset_cropped/09_Metas/13/11/20190913112100_00160.jpg,datasets_flow/dataset_cropped/09_Metas/13/11/20190913112100_00160.jpg,datasets_cloudmask/dataset_cropped/09_Metas/13/11/20190913112100_00160.png,765.9,771.1,186,23.2,964
9/13/2019 11:22,datasets/dataset_cropped/09_Metas/13/11/20190913112200_00160.jpg,datasets_flow/dataset_cropped/09_Metas/13/11/20190913112200_00160.jpg,datasets_cloudmask/dataset_cropped/09_Metas/13/11/20190913112200_00160.png,767.2,771.4,185.9,23.3,964
9/13/2019 11:23,datasets/dataset_cropped/09_Metas/13/11/20190913112300_00160.jpg,datasets_flow/dataset_cropped/09_Metas/13/11/20190913112300_00160.jpg,datasets_cloudmask/dataset_cropped/09_Metas/13/11/20190913112300_00160.png,769.7,771.1,187.1,23.3,964
9/13/2019 11:24,datasets/dataset_cropped/09_Metas/13/11/20190913112400_00160.jpg,datasets_flow/dataset_cropped/09_Metas/13/11/20190913112400_00160.jpg,datasets_cloudmask/dataset_cropped/09_Metas/13/11/20190913112400_00160.png,774,769.4,191.3,23.4,964
9/13/2019 11:25,datasets/dataset_cropped/09_Metas/13/11/20190913112500_00160.jpg,datasets_flow/dataset_cropped/09_Metas/13/11/20190913112500_00160.jpg,datasets_cloudmask/dataset_cropped/09_Metas/13/11/20190913112500_00160.png,778.8,768.5,195.4,23.2,964
9/13/2019 11:26,datasets/dataset_cropped/09_Metas/13/11/20190913112600_00160.jpg,datasets_flow/dataset_cropped/09_Metas/13/11/20190913112600_00160.jpg,datasets_cloudmask/dataset_cropped/09_Metas/13/11/20190913112600_00160.png,781,767.5,197.6,22.9,965
9/13/2019 11:27,datasets/dataset_cropped/09_Metas/13/11/20190913112700_00160.jpg,datasets_flow/dataset_cropped/09_Metas/13/11/20190913112700_00160.jpg,datasets_cloudmask/dataset_cropped/09_Metas/13/11/20190913112700_00160.png,784.8,767,200.7,22.8,964
9/13/2019 11:28,datasets/dataset_cropped/09_Metas/13/11/20190913112800_00160.jpg,datasets_flow/dataset_cropped/09_Metas/13/11/20190913112800_00160.jpg,datasets_cloudmask/dataset_cropped/09_Metas/13/11/20190913112800_00160.png,786.6,767.4,200.9,23,964
9/13/2019 11:29,datasets/dataset_cropped/09_Metas/13/11/20190913112900_00160.jpg,datasets_flow/dataset_cropped/09_Metas/13/11/20190913112900_00160.jpg,datasets_cloudmask/dataset_cropped/09_Metas/13/11/20190913112900_00160.png,788.6,768.3,201.1,23.1,964
9/13/2019 11:30,datasets/dataset_cropped/09_Metas/13/11/20190913113000_00160.jpg,datasets_flow/dataset_cropped/09_Metas/13/11/20190913113000_00160.jpg,datasets_cloudmask/dataset_cropped/09_Metas/13/11/20190913113000_00160.png,785.5,768.8,196.9,23,964
9/13/2019 11:31,datasets/dataset_cropped/09_Metas/13/11/20190913113100_00160.jpg,datasets_flow/dataset_cropped/09_Metas/13/11/20190913113100_00160.jpg,datasets_cloudmask/dataset_cropped/09_Metas/13/11/20190913113100_00160.png,787.1,770.6,196.3,23.1,964
9/13/2019 11:32,datasets/dataset_cropped/09_Metas/13/11/20190913113200_00160.jpg,datasets_flow/dataset_cropped/09_Metas/13/11/20190913113200_00160.jpg,datasets_cloudmask/dataset_cropped/09_Metas/13/11/20190913113200_00160.png,794.4,775.5,198.6,23.2,964
9/13/2019 11:33,datasets/dataset_cropped/09_Metas/13/11/20190913113300_00160.jpg,datasets_flow/dataset_cropped/09_Metas/13/11/20190913113300_00160.jpg,datasets_cloudmask/dataset_cropped/09_Metas/13/11/20190913113300_00160.png,804,777.2,206,23.4,964
9/13/2019 11:34,datasets/dataset_cropped/09_Metas/13/11/20190913113400_00160.jpg,datasets_flow/dataset_cropped/09_Metas/13/11/20190913113400_00160.jpg,datasets_cloudmask/dataset_cropped/09_Metas/13/11/20190913113400_00160.png,813,779.8,212.4,23.6,964
9/13/2019 11:35,datasets/dataset_cropped/09_Metas/13/11/20190913113500_00160.jpg,datasets_flow/dataset_cropped/09_Metas/13/11/20190913113500_00160.jpg,datasets_cloudmask/dataset_cropped/09_Metas/13/11/20190913113500_00160.png,814,779.6,213,23.6,964
9/13/2019 11:36,datasets/dataset_cropped/09_Metas/13/11/20190913113600_00160.jpg,datasets_flow/dataset_cropped/09_Metas/13/11/20190913113600_00160.jpg,datasets_cloudmask/dataset_cropped/09_Metas/13/11/20190913113600_00160.png,815,781.1,211.4,23.3,964
9/13/2019 11:37,datasets/dataset_cropped/09_Metas/13/11/20190913113700_00160.jpg,datasets_flow/dataset_cropped/09_Metas/13/11/20190913113700_00160.jpg,datasets_cloudmask/dataset_cropped/09_Metas/13/11/20190913113700_00160.png,809,780.7,204.7,23.3,964
9/13/2019 11:38,datasets/dataset_cropped/09_Metas/13/11/20190913113800_00160.jpg,datasets_flow/dataset_cropped/09_Metas/13/11/20190913113800_00160.jpg,datasets_cloudmask/dataset_cropped/09_Metas/13/11/20190913113800_00160.png,807,779.1,202.7,23.3,964
9/13/2019 11:39,datasets/dataset_cropped/09_Metas/13/11/20190913113900_00160.jpg,datasets_flow/dataset_cropped/09_Metas/13/11/20190913113900_00160.jpg,datasets_cloudmask/dataset_cropped/09_Metas/13/11/20190913113900_00160.png,812,782.1,204.7,23.2,964
9/13/2019 11:40,datasets/dataset_cropped/09_Metas/13/11/20190913114000_00160.jpg,datasets_flow/dataset_cropped/09_Metas/13/11/20190913114000_00160.jpg,datasets_cloudmask/dataset_cropped/09_Metas/13/11/20190913114000_00160.png,817,784.9,205.8,23.4,964
9/13/2019 11:41,datasets/dataset_cropped/09_Metas/13/11/20190913114100_00160.jpg,datasets_flow/dataset_cropped/09_Metas/13/11/20190913114100_00160.jpg,datasets_cloudmask/dataset_cropped/09_Metas/13/11/20190913114100_00160.png,817,785.9,205,23.6,964
9/13/2019 11:42,datasets/dataset_cropped/09_Metas/13/11/20190913114200_00160.jpg,datasets_flow/dataset_cropped/09_Metas/13/11/20190913114200_00160.jpg,datasets_cloudmask/dataset_cropped/09_Metas/13/11/20190913114200_00160.png,824,782.6,213,23.4,964
9/13/2019 11:43,datasets/dataset_cropped/09_Metas/13/11/20190913114300_00160.jpg,datasets_flow/dataset_cropped/09_Metas/13/11/20190913114300_00160.jpg,datasets_cloudmask/dataset_cropped/09_Metas/13/11/20190913114300_00160.png,835,778.9,226,23.2,964
9/13/2019 11:44,datasets/dataset_cropped/09_Metas/13/11/20190913114400_00160.jpg,datasets_flow/dataset_cropped/09_Metas/13/11/20190913114400_00160.jpg,datasets_cloudmask/dataset_cropped/09_Metas/13/11/20190913114400_00160.png,841,775.9,233,23.2,964
9/13/2019 11:45,datasets/dataset_cropped/09_Metas/13/11/20190913114500_00160.jpg,datasets_flow/dataset_cropped/09_Metas/13/11/20190913114500_00160.jpg,datasets_cloudmask/dataset_cropped/09_Metas/13/11/20190913114500_00160.png,841,775.1,233.9,23.2,964
9/13/2019 11:46,datasets/dataset_cropped/09_Metas/13/11/20190913114600_00160.jpg,datasets_flow/dataset_cropped/09_Metas/13/11/20190913114600_00160.jpg,datasets_cloudmask/dataset_cropped/09_Metas/13/11/20190913114600_00160.png,839,769.6,234.4,23.3,964
9/13/2019 11:47,datasets/dataset_cropped/09_Metas/13/11/20190913114700_00160.jpg,datasets_flow/dataset_cropped/09_Metas/13/11/20190913114700_00160.jpg,datasets_cloudmask/dataset_cropped/09_Metas/13/11/20190913114700_00160.png,847,769,240.8,23.2,964
9/13/2019 11:48,datasets/dataset_cropped/09_Metas/13/11/20190913114800_00160.jpg,datasets_flow/dataset_cropped/09_Metas/13/11/20190913114800_00160.jpg,datasets_cloudmask/dataset_cropped/09_Metas/13/11/20190913114800_00160.png,856,767.3,249.7,23.4,964
9/13/2019 11:49,datasets/dataset_cropped/09_Metas/13/11/20190913114900_00160.jpg,datasets_flow/dataset_cropped/09_Metas/13/11/20190913114900_00160.jpg,datasets_cloudmask/dataset_cropped/09_Metas/13/11/20190913114900_00160.png,844,738.5,258.6,23.7,964
9/13/2019 11:50,datasets/dataset_cropped/09_Metas/13/11/20190913115000_00160.jpg,datasets_flow/dataset_cropped/09_Metas/13/11/20190913115000_00160.jpg,datasets_cloudmask/dataset_cropped/09_Metas/13/11/20190913115000_00160.png,806,683.4,263.2,23.5,964
9/13/2019 11:51,datasets/dataset_cropped/09_Metas/13/11/20190913115100_00160.jpg,datasets_flow/dataset_cropped/09_Metas/13/11/20190913115100_00160.jpg,datasets_cloudmask/dataset_cropped/09_Metas/13/11/20190913115100_00160.png,337.4,108.6,249.8,23.5,964
9/13/2019 11:52,datasets/dataset_cropped/09_Metas/13/11/20190913115200_00160.jpg,datasets_flow/dataset_cropped/09_Metas/13/11/20190913115200_00160.jpg,datasets_cloudmask/dataset_cropped/09_Metas/13/11/20190913115200_00160.png,401.4,142.6,286.6,23.3,964
9/13/2019 11:53,datasets/dataset_cropped/09_Metas/13/11/20190913115300_00160.jpg,datasets_flow/dataset_cropped/09_Metas/13/11/20190913115300_00160.jpg,datasets_cloudmask/dataset_cropped/09_Metas/13/11/20190913115300_00160.png,631.7,390.9,317.7,23,964
9/13/2019 11:54,datasets/dataset_cropped/09_Metas/13/11/20190913115400_00160.jpg,datasets_flow/dataset_cropped/09_Metas/13/11/20190913115400_00160.jpg,datasets_cloudmask/dataset_cropped/09_Metas/13/11/20190913115400_00160.png,681.3,431.9,334.3,22.9,964
9/13/2019 11:55,datasets/dataset_cropped/09_Metas/13/11/20190913115500_00160.jpg,datasets_flow/dataset_cropped/09_Metas/13/11/20190913115500_00160.jpg,datasets_cloudmask/dataset_cropped/09_Metas/13/11/20190913115500_00160.png,432.2,120.7,332.7,22.9,964
9/13/2019 11:56,datasets/dataset_cropped/09_Metas/13/11/20190913115600_00160.jpg,datasets_flow/dataset_cropped/09_Metas/13/11/20190913115600_00160.jpg,datasets_cloudmask/dataset_cropped/09_Metas/13/11/20190913115600_00160.png,503.4,190.6,347.3,22.8,964
9/13/2019 11:57,datasets/dataset_cropped/09_Metas/13/11/20190913115700_00160.jpg,datasets_flow/dataset_cropped/09_Metas/13/11/20190913115700_00160.jpg,datasets_cloudmask/dataset_cropped/09_Metas/13/11/20190913115700_00160.png,429.2,90.3,353.3,22.9,964
9/13/2019 11:58,datasets/dataset_cropped/09_Metas/13/11/20190913115800_00160.jpg,datasets_flow/dataset_cropped/09_Metas/13/11/20190913115800_00160.jpg,datasets_cloudmask/dataset_cropped/09_Metas/13/11/20190913115800_00160.png,382.6,25.6,359.2,22.9,964
9/13/2019 11:59,datasets/dataset_cropped/09_Metas/13/11/20190913115900_00160.jpg,datasets_flow/dataset_cropped/09_Metas/13/11/20190913115900_00160.jpg,datasets_cloudmask/dataset_cropped/09_Metas/13/11/20190913115900_00160.png,407.1,32.2,377.9,23,964
9/13/2019 12:00,datasets/dataset_cropped/09_Metas/13/12/20190913120000_00160.jpg,datasets_flow/dataset_cropped/09_Metas/13/12/20190913120000_00160.jpg,datasets_cloudmask/dataset_cropped/09_Metas/13/12/20190913120000_00160.png,467.2,71.6,405.6,23,964
9/13/2019 12:01,datasets/dataset_cropped/09_Metas/13/12/20190913120100_00160.jpg,datasets_flow/dataset_cropped/09_Metas/13/12/20190913120100_00160.jpg,datasets_cloudmask/dataset_cropped/09_Metas/13/12/20190913120100_00160.png,536.6,121.6,434.2,22.8,964
9/13/2019 12:02,datasets/dataset_cropped/09_Metas/13/12/20190913120200_00160.jpg,datasets_flow/dataset_cropped/09_Metas/13/12/20190913120200_00160.jpg,datasets_cloudmask/dataset_cropped/09_Metas/13/12/20190913120200_00160.png,578.4,148.9,454,22.8,964
9/13/2019 12:03,datasets/dataset_cropped/09_Metas/13/12/20190913120300_00160.jpg,datasets_flow/dataset_cropped/09_Metas/13/12/20190913120300_00160.jpg,datasets_cloudmask/dataset_cropped/09_Metas/13/12/20190913120300_00160.png,612.5,175.9,466.2,22.9,964
9/13/2019 12:04,datasets/dataset_cropped/09_Metas/13/12/20190913120400_00160.jpg,datasets_flow/dataset_cropped/09_Metas/13/12/20190913120400_00160.jpg,datasets_cloudmask/dataset_cropped/09_Metas/13/12/20190913120400_00160.png,580.2,151,455.5,23,964
9/13/2019 12:05,datasets/dataset_cropped/09_Metas/13/12/20190913120500_00160.jpg,datasets_flow/dataset_cropped/09_Metas/13/12/20190913120500_00160.jpg,datasets_cloudmask/dataset_cropped/09_Metas/13/12/20190913120500_00160.png,481.6,56.3,432.7,23,964
9/13/2019 12:06,datasets/dataset_cropped/09_Metas/13/12/20190913120600_00160.jpg,datasets_flow/dataset_cropped/09_Metas/13/12/20190913120600_00160.jpg,datasets_cloudmask/dataset_cropped/09_Metas/13/12/20190913120600_00160.png,588.2,175.7,442.1,22.7,964
9/13/2019 12:07,datasets/dataset_cropped/09_Metas/13/12/20190913120700_00160.jpg,datasets_flow/dataset_cropped/09_Metas/13/12/20190913120700_00160.jpg,datasets_cloudmask/dataset_cropped/09_Metas/13/12/20190913120700_00160.png,693.5,297.1,448.6,22.9,964
9/13/2019 12:08,datasets/dataset_cropped/09_Metas/13/12/20190913120800_00160.jpg,datasets_flow/dataset_cropped/09_Metas/13/12/20190913120800_00160.jpg,datasets_cloudmask/dataset_cropped/09_Metas/13/12/20190913120800_00160.png,689.3,302.7,439.3,23,964
9/13/2019 12:09,datasets/dataset_cropped/09_Metas/13/12/20190913120900_00160.jpg,datasets_flow/dataset_cropped/09_Metas/13/12/20190913120900_00160.jpg,datasets_cloudmask/dataset_cropped/09_Metas/13/12/20190913120900_00160.png,698.1,313.2,439.9,23.2,964
9/13/2019 12:10,datasets/dataset_cropped/09_Metas/13/12/20190913121000_00160.jpg,datasets_flow/dataset_cropped/09_Metas/13/12/20190913121000_00160.jpg,datasets_cloudmask/dataset_cropped/09_Metas/13/12/20190913121000_00160.png,712.5,311.8,453.7,23.2,964
9/13/2019 12:11,datasets/dataset_cropped/09_Metas/13/12/20190913121100_00160.jpg,datasets_flow/dataset_cropped/09_Metas/13/12/20190913121100_00160.jpg,datasets_cloudmask/dataset_cropped/09_Metas/13/12/20190913121100_00160.png,531.4,84.5,457.7,23.2,964
9/13/2019 12:12,datasets/dataset_cropped/09_Metas/13/12/20190913121200_00160.jpg,datasets_flow/dataset_cropped/09_Metas/13/12/20190913121200_00160.jpg,datasets_cloudmask/dataset_cropped/09_Metas/13/12/20190913121200_00160.png,533.2,79.7,463.3,23.2,964
9/13/2019 12:13,datasets/dataset_cropped/09_Metas/13/12/20190913121300_00160.jpg,datasets_flow/dataset_cropped/09_Metas/13/12/20190913121300_00160.jpg,datasets_cloudmask/dataset_cropped/09_Metas/13/12/20190913121300_00160.png,482.1,15.5,465,23.2,964
9/13/2019 12:14,datasets/dataset_cropped/09_Metas/13/12/20190913121400_00160.jpg,datasets_flow/dataset_cropped/09_Metas/13/12/20190913121400_00160.jpg,datasets_cloudmask/dataset_cropped/09_Metas/13/12/20190913121400_00160.png,533.5,77.2,465.1,23.2,964
9/13/2019 12:15,datasets/dataset_cropped/09_Metas/13/12/20190913121500_00160.jpg,datasets_flow/dataset_cropped/09_Metas/13/12/20190913121500_00160.jpg,datasets_cloudmask/dataset_cropped/09_Metas/13/12/20190913121500_00160.png,493.9,67,435.5,23.2,964
9/13/2019 12:16,datasets/dataset_cropped/09_Metas/13/12/20190913121600_00160.jpg,datasets_flow/dataset_cropped/09_Metas/13/12/20190913121600_00160.jpg,datasets_cloudmask/dataset_cropped/09_Metas/13/12/20190913121600_00160.png,502.7,103,414,23.2,964
9/13/2019 12:17,datasets/dataset_cropped/09_Metas/13/12/20190913121700_00160.jpg,datasets_flow/dataset_cropped/09_Metas/13/12/20190913121700_00160.jpg,datasets_cloudmask/dataset_cropped/09_Metas/13/12/20190913121700_00160.png,398.7,16.9,381.9,23.1,964
9/13/2019 12:18,datasets/dataset_cropped/09_Metas/13/12/20190913121800_00160.jpg,datasets_flow/dataset_cropped/09_Metas/13/12/20190913121800_00160.jpg,datasets_cloudmask/dataset_cropped/09_Metas/13/12/20190913121800_00160.png,356.9,1.4,352.7,22.9,964
9/13/2019 12:19,datasets/dataset_cropped/09_Metas/13/12/20190913121900_00160.jpg,datasets_flow/dataset_cropped/09_Metas/13/12/20190913121900_00160.jpg,datasets_cloudmask/dataset_cropped/09_Metas/13/12/20190913121900_00160.png,332,0,328.6,22.8,964
9/13/2019 12:20,datasets/dataset_cropped/09_Metas/13/12/20190913122000_00160.jpg,datasets_flow/dataset_cropped/09_Metas/13/12/20190913122000_00160.jpg,datasets_cloudmask/dataset_cropped/09_Metas/13/12/20190913122000_00160.png,323,0,319.8,22.9,964
9/13/2019 12:21,datasets/dataset_cropped/09_Metas/13/12/20190913122100_00160.jpg,datasets_flow/dataset_cropped/09_Metas/13/12/20190913122100_00160.jpg,datasets_cloudmask/dataset_cropped/09_Metas/13/12/20190913122100_00160.png,338,5,330.6,22.9,964
9/13/2019 12:22,datasets/dataset_cropped/09_Metas/13/12/20190913122200_00160.jpg,datasets_flow/dataset_cropped/09_Metas/13/12/20190913122200_00160.jpg,datasets_cloudmask/dataset_cropped/09_Metas/13/12/20190913122200_00160.png,358,5.6,349.5,22.8,964
9/13/2019 12:23,datasets/dataset_cropped/09_Metas/13/12/20190913122300_00160.jpg,datasets_flow/dataset_cropped/09_Metas/13/12/20190913122300_00160.jpg,datasets_cloudmask/dataset_cropped/09_Metas/13/12/20190913122300_00160.png,366.9,3.1,360.5,22.9,964
9/13/2019 12:24,datasets/dataset_cropped/09_Metas/13/12/20190913122400_00160.jpg,datasets_flow/dataset_cropped/09_Metas/13/12/20190913122400_00160.jpg,datasets_cloudmask/dataset_cropped/09_Metas/13/12/20190913122400_00160.png,401.9,29.9,373.1,22.8,964
9/13/2019 12:25,datasets/dataset_cropped/09_Metas/13/12/20190913122500_00160.jpg,datasets_flow/dataset_cropped/09_Metas/13/12/20190913122500_00160.jpg,datasets_cloudmask/dataset_cropped/09_Metas/13/12/20190913122500_00160.png,384.1,9.9,372.1,22.7,964
9/13/2019 12:26,datasets/dataset_cropped/09_Metas/13/12/20190913122600_00160.jpg,datasets_flow/dataset_cropped/09_Metas/13/12/20190913122600_00160.jpg,datasets_cloudmask/dataset_cropped/09_Metas/13/12/20190913122600_00160.png,381.3,6.5,372.8,22.6,964
9/13/2019 12:27,datasets/dataset_cropped/09_Metas/13/12/20190913122700_00160.jpg,datasets_flow/dataset_cropped/09_Metas/13/12/20190913122700_00160.jpg,datasets_cloudmask/dataset_cropped/09_Metas/13/12/20190913122700_00160.png,381.7,2.1,377.6,22.7,965
9/13/2019 12:28,datasets/dataset_cropped/09_Metas/13/12/20190913122800_00160.jpg,datasets_flow/dataset_cropped/09_Metas/13/12/20190913122800_00160.jpg,datasets_cloudmask/dataset_cropped/09_Metas/13/12/20190913122800_00160.png,397.1,9.6,387.2,22.8,964
9/13/2019 12:29,datasets/dataset_cropped/09_Metas/13/12/20190913122900_00160.jpg,datasets_flow/dataset_cropped/09_Metas/13/12/20190913122900_00160.jpg,datasets_cloudmask/dataset_cropped/09_Metas/13/12/20190913122900_00160.png,394.8,1.8,391.9,22.8,964
9/13/2019 12:30,datasets/dataset_cropped/09_Metas/13/12/20190913123000_00160.jpg,datasets_flow/dataset_cropped/09_Metas/13/12/20190913123000_00160.jpg,datasets_cloudmask/dataset_cropped/09_Metas/13/12/20190913123000_00160.png,397.7,1.7,394.8,23.1,965
9/13/2019 12:31,datasets/dataset_cropped/09_Metas/13/12/20190913123100_00160.jpg,datasets_flow/dataset_cropped/09_Metas/13/12/20190913123100_00160.jpg,datasets_cloudmask/dataset_cropped/09_Metas/13/12/20190913123100_00160.png,404.9,7.5,396.8,23.3,964
9/13/2019 12:32,datasets/dataset_cropped/09_Metas/13/12/20190913123200_00160.jpg,datasets_flow/dataset_cropped/09_Metas/13/12/20190913123200_00160.jpg,datasets_cloudmask/dataset_cropped/09_Metas/13/12/20190913123200_00160.png,405.3,7.6,396.8,23.4,965
9/13/2019 12:33,datasets/dataset_cropped/09_Metas/13/12/20190913123300_00160.jpg,datasets_flow/dataset_cropped/09_Metas/13/12/20190913123300_00160.jpg,datasets_cloudmask/dataset_cropped/09_Metas/13/12/20190913123300_00160.png,413.2,14.6,399,23.3,965
9/13/2019 12:34,datasets/dataset_cropped/09_Metas/13/12/20190913123400_00160.jpg,datasets_flow/dataset_cropped/09_Metas/13/12/20190913123400_00160.jpg,datasets_cloudmask/dataset_cropped/09_Metas/13/12/20190913123400_00160.png,420,20.2,401.2,23.3,965
9/13/2019 12:35,datasets/dataset_cropped/09_Metas/13/12/20190913123500_00160.jpg,datasets_flow/dataset_cropped/09_Metas/13/12/20190913123500_00160.jpg,datasets_cloudmask/dataset_cropped/09_Metas/13/12/20190913123500_00160.png,405.4,6.2,398.5,23.2,965
9/13/2019 12:36,datasets/dataset_cropped/09_Metas/13/12/20190913123600_00160.jpg,datasets_flow/dataset_cropped/09_Metas/13/12/20190913123600_00160.jpg,datasets_cloudmask/dataset_cropped/09_Metas/13/12/20190913123600_00160.png,401,8.6,392.2,23.1,965
9/13/2019 12:37,datasets/dataset_cropped/09_Metas/13/12/20190913123700_00160.jpg,datasets_flow/dataset_cropped/09_Metas/13/12/20190913123700_00160.jpg,datasets_cloudmask/dataset_cropped/09_Metas/13/12/20190913123700_00160.png,391.2,5.7,385,23.1,965
9/13/2019 12:38,datasets/dataset_cropped/09_Metas/13/12/20190913123800_00160.jpg,datasets_flow/dataset_cropped/09_Metas/13/12/20190913123800_00160.jpg,datasets_cloudmask/dataset_cropped/09_Metas/13/12/20190913123800_00160.png,382.8,4.2,377.7,23.1,965
9/13/2019 12:39,datasets/dataset_cropped/09_Metas/13/12/20190913123900_var.jpg,datasets_flow/dataset_cropped/09_Metas/13/12/20190913123900_var.jpg,datasets_cloudmask/dataset_cropped/09_Metas/13/12/20190913123900_var.png,377.9,3.9,372.8,23,965
9/13/2019 12:40,datasets/dataset_cropped/09_Metas/13/12/20190913124000_00160.jpg,datasets_flow/dataset_cropped/09_Metas/13/12/20190913124000_00160.jpg,datasets_cloudmask/dataset_cropped/09_Metas/13/12/20190913124000_00160.png,380.1,3.5,374.7,22.9,965
9/13/2019 12:41,datasets/dataset_cropped/09_Metas/13/12/20190913124100_00160.jpg,datasets_flow/dataset_cropped/09_Metas/13/12/20190913124100_00160.jpg,datasets_cloudmask/dataset_cropped/09_Metas/13/12/20190913124100_00160.png,396,8.9,385.6,22.9,965
9/13/2019 12:42,datasets/dataset_cropped/09_Metas/13/12/20190913124200_00160.jpg,datasets_flow/dataset_cropped/09_Metas/13/12/20190913124200_00160.jpg,datasets_cloudmask/dataset_cropped/09_Metas/13/12/20190913124200_00160.png,429.7,27.5,403.5,22.9,965
9/13/2019 12:43,datasets/dataset_cropped/09_Metas/13/12/20190913124300_00160.jpg,datasets_flow/dataset_cropped/09_Metas/13/12/20190913124300_00160.jpg,datasets_cloudmask/dataset_cropped/09_Metas/13/12/20190913124300_00160.png,460.7,41.2,422.9,23,965
9/13/2019 12:44,datasets/dataset_cropped/09_Metas/13/12/20190913124400_00160.jpg,datasets_flow/dataset_cropped/09_Metas/13/12/20190913124400_00160.jpg,datasets_cloudmask/dataset_cropped/09_Metas/13/12/20190913124400_00160.png,466.2,30.7,437.5,22.9,965
9/13/2019 12:45,datasets/dataset_cropped/09_Metas/13/12/20190913124500_00160.jpg,datasets_flow/dataset_cropped/09_Metas/13/12/20190913124500_00160.jpg,datasets_cloudmask/dataset_cropped/09_Metas/13/12/20190913124500_00160.png,494.9,54.1,447,22.9,964
9/13/2019 12:46,datasets/dataset_cropped/09_Metas/13/12/20190913124600_00160.jpg,datasets_flow/dataset_cropped/09_Metas/13/12/20190913124600_00160.jpg,datasets_cloudmask/dataset_cropped/09_Metas/13/12/20190913124600_00160.png,500.7,57.8,449.9,22.9,965
9/13/2019 12:47,datasets/dataset_cropped/09_Metas/13/12/20190913124700_00160.jpg,datasets_flow/dataset_cropped/09_Metas/13/12/20190913124700_00160.jpg,datasets_cloudmask/dataset_cropped/09_Metas/13/12/20190913124700_00160.png,490.5,48.8,447.6,22.9,965
9/13/2019 12:48,datasets/dataset_cropped/09_Metas/13/12/20190913124800_00160.jpg,datasets_flow/dataset_cropped/09_Metas/13/12/20190913124800_00160.jpg,datasets_cloudmask/dataset_cropped/09_Metas/13/12/20190913124800_00160.png,468.8,35.4,437.6,22.8,965
9/13/2019 12:49,datasets/dataset_cropped/09_Metas/13/12/20190913124900_00160.jpg,datasets_flow/dataset_cropped/09_Metas/13/12/20190913124900_00160.jpg,datasets_cloudmask/dataset_cropped/09_Metas/13/12/20190913124900_00160.png,425.3,9.5,416,22.8,965
9/13/2019 12:50,datasets/dataset_cropped/09_Metas/13/12/20190913125000_00160.jpg,datasets_flow/dataset_cropped/09_Metas/13/12/20190913125000_00160.jpg,datasets_cloudmask/dataset_cropped/09_Metas/13/12/20190913125000_00160.png,393.4,7.6,386,22.9,965
9/13/2019 12:51,datasets/dataset_cropped/09_Metas/13/12/20190913125100_00160.jpg,datasets_flow/dataset_cropped/09_Metas/13/12/20190913125100_00160.jpg,datasets_cloudmask/dataset_cropped/09_Metas/13/12/20190913125100_00160.png,390.7,37.7,358.5,23.1,965
9/13/2019 12:52,datasets/dataset_cropped/09_Metas/13/12/20190913125200_00160.jpg,datasets_flow/dataset_cropped/09_Metas/13/12/20190913125200_00160.jpg,datasets_cloudmask/dataset_cropped/09_Metas/13/12/20190913125200_00160.png,328.7,3.6,326,23.2,965
9/13/2019 12:53,datasets/dataset_cropped/09_Metas/13/12/20190913125300_00160.jpg,datasets_flow/dataset_cropped/09_Metas/13/12/20190913125300_00160.jpg,datasets_cloudmask/dataset_cropped/09_Metas/13/12/20190913125300_00160.png,299.2,4.2,295.7,23.2,965
9/13/2019 12:54,datasets/dataset_cropped/09_Metas/13/12/20190913125400_00160.jpg,datasets_flow/dataset_cropped/09_Metas/13/12/20190913125400_00160.jpg,datasets_cloudmask/dataset_cropped/09_Metas/13/12/20190913125400_00160.png,266.3,0,266.4,23.1,965
9/13/2019 12:55,datasets/dataset_cropped/09_Metas/13/12/20190913125500_00160.jpg,datasets_flow/dataset_cropped/09_Metas/13/12/20190913125500_00160.jpg,datasets_cloudmask/dataset_cropped/09_Metas/13/12/20190913125500_00160.png,236,0,236.1,23,965
9/13/2019 12:56,datasets/dataset_cropped/09_Metas/13/12/20190913125600_00160.jpg,datasets_flow/dataset_cropped/09_Metas/13/12/20190913125600_00160.jpg,datasets_cloudmask/dataset_cropped/09_Metas/13/12/20190913125600_00160.png,210.7,0,210.7,22.8,965
9/13/2019 12:57,datasets/dataset_cropped/09_Metas/13/12/20190913125700_00160.jpg,datasets_flow/dataset_cropped/09_Metas/13/12/20190913125700_00160.jpg,datasets_cloudmask/dataset_cropped/09_Metas/13/12/20190913125700_00160.png,194.7,0,194.9,22.7,965
9/13/2019 12:58,datasets/dataset_cropped/09_Metas/13/12/20190913125800_00160.jpg,datasets_flow/dataset_cropped/09_Metas/13/12/20190913125800_00160.jpg,datasets_cloudmask/dataset_cropped/09_Metas/13/12/20190913125800_00160.png,185.1,0,185.2,22.6,965
9/13/2019 12:59,datasets/dataset_cropped/09_Metas/13/12/20190913125900_00160.jpg,datasets_flow/dataset_cropped/09_Metas/13/12/20190913125900_00160.jpg,datasets_cloudmask/dataset_cropped/09_Metas/13/12/20190913125900_00160.png,180.8,0,180.8,22.5,965
9/13/2019 13:00,datasets/dataset_cropped/09_Metas/13/13/20190913130000_00160.jpg,datasets_flow/dataset_cropped/09_Metas/13/13/20190913130000_00160.jpg,datasets_cloudmask/dataset_cropped/09_Metas/13/13/20190913130000_00160.png,180.2,0,179.9,22.4,965
9/13/2019 13:01,datasets/dataset_cropped/09_Metas/13/13/20190913130100_00160.jpg,datasets_flow/dataset_cropped/09_Metas/13/13/20190913130100_00160.jpg,datasets_cloudmask/dataset_cropped/09_Metas/13/13/20190913130100_00160.png,183.3,0,182.9,22.4,965
9/13/2019 13:02,datasets/dataset_cropped/09_Metas/13/13/20190913130200_00160.jpg,datasets_flow/dataset_cropped/09_Metas/13/13/20190913130200_00160.jpg,datasets_cloudmask/dataset_cropped/09_Metas/13/13/20190913130200_00160.png,188.3,0,188,22.4,965
9/13/2019 13:03,datasets/dataset_cropped/09_Metas/13/13/20190913130300_00160.jpg,datasets_flow/dataset_cropped/09_Metas/13/13/20190913130300_00160.jpg,datasets_cloudmask/dataset_cropped/09_Metas/13/13/20190913130300_00160.png,191.2,0,191,22.4,965
9/13/2019 13:04,datasets/dataset_cropped/09_Metas/13/13/20190913130400_00160.jpg,datasets_flow/dataset_cropped/09_Metas/13/13/20190913130400_00160.jpg,datasets_cloudmask/dataset_cropped/09_Metas/13/13/20190913130400_00160.png,189.7,0,189.5,22.3,965
9/13/2019 13:05,datasets/dataset_cropped/09_Metas/13/13/20190913130500_00160.jpg,datasets_flow/dataset_cropped/09_Metas/13/13/20190913130500_00160.jpg,datasets_cloudmask/dataset_cropped/09_Metas/13/13/20190913130500_00160.png,182.1,0,182,22.3,965
9/13/2019 13:06,datasets/dataset_cropped/09_Metas/13/13/20190913130600_00160.jpg,datasets_flow/dataset_cropped/09_Metas/13/13/20190913130600_00160.jpg,datasets_cloudmask/dataset_cropped/09_Metas/13/13/20190913130600_00160.png,168.9,0,168.9,22.3,965
9/13/2019 13:07,datasets/dataset_cropped/09_Metas/13/13/20190913130700_00160.jpg,datasets_flow/dataset_cropped/09_Metas/13/13/20190913130700_00160.jpg,datasets_cloudmask/dataset_cropped/09_Metas/13/13/20190913130700_00160.png,151.9,0,151.9,22.3,965
9/13/2019 13:08,datasets/dataset_cropped/09_Metas/13/13/20190913130800_00160.jpg,datasets_flow/dataset_cropped/09_Metas/13/13/20190913130800_00160.jpg,datasets_cloudmask/dataset_cropped/09_Metas/13/13/20190913130800_00160.png,134.9,0,134.9,22.3,965
9/13/2019 13:09,datasets/dataset_cropped/09_Metas/13/13/20190913130900_00160.jpg,datasets_flow/dataset_cropped/09_Metas/13/13/20190913130900_00160.jpg,datasets_cloudmask/dataset_cropped/09_Metas/13/13/20190913130900_00160.png,118.7,0,118.8,22.3,965
9/13/2019 13:10,datasets/dataset_cropped/09_Metas/13/13/20190913131000_00160.jpg,datasets_flow/dataset_cropped/09_Metas/13/13/20190913131000_00160.jpg,datasets_cloudmask/dataset_cropped/09_Metas/13/13/20190913131000_00160.png,103.4,0,103.5,22.2,965
9/13/2019 13:11,datasets/dataset_cropped/09_Metas/13/13/20190913131100_00160.jpg,datasets_flow/dataset_cropped/09_Metas/13/13/20190913131100_00160.jpg,datasets_cloudmask/dataset_cropped/09_Metas/13/13/20190913131100_00160.png,95.8,0,95.9,22.2,965
9/13/2019 13:12,datasets/dataset_cropped/09_Metas/13/13/20190913131200_00160.jpg,datasets_flow/dataset_cropped/09_Metas/13/13/20190913131200_00160.jpg,datasets_cloudmask/dataset_cropped/09_Metas/13/13/20190913131200_00160.png,90.4,0,90.4,22.1,965
9/13/2019 13:13,datasets/dataset_cropped/09_Metas/13/13/20190913131300_00160.jpg,datasets_flow/dataset_cropped/09_Metas/13/13/20190913131300_00160.jpg,datasets_cloudmask/dataset_cropped/09_Metas/13/13/20190913131300_00160.png,81.6,0,81.6,22.1,965
9/13/2019 13:14,datasets/dataset_cropped/09_Metas/13/13/20190913131400_00160.jpg,datasets_flow/dataset_cropped/09_Metas/13/13/20190913131400_00160.jpg,datasets_cloudmask/dataset_cropped/09_Metas/13/13/20190913131400_00160.png,72.8,0,72.7,22.1,965
9/13/2019 13:15,datasets/dataset_cropped/09_Metas/13/13/20190913131500_00160.jpg,datasets_flow/dataset_cropped/09_Metas/13/13/20190913131500_00160.jpg,datasets_cloudmask/dataset_cropped/09_Metas/13/13/20190913131500_00160.png,66.5,0,66.2,22,965
9/13/2019 13:16,datasets/dataset_cropped/09_Metas/13/13/20190913131600_00160.jpg,datasets_flow/dataset_cropped/09_Metas/13/13/20190913131600_00160.jpg,datasets_cloudmask/dataset_cropped/09_Metas/13/13/20190913131600_00160.png,63,0,62.7,22,965
9/13/2019 13:17,datasets/dataset_cropped/09_Metas/13/13/20190913131700_00160.jpg,datasets_flow/dataset_cropped/09_Metas/13/13/20190913131700_00160.jpg,datasets_cloudmask/dataset_cropped/09_Metas/13/13/20190913131700_00160.png,61.9,0,61.6,22,965
9/13/2019 13:18,datasets/dataset_cropped/09_Metas/13/13/20190913131800_00160.jpg,datasets_flow/dataset_cropped/09_Metas/13/13/20190913131800_00160.jpg,datasets_cloudmask/dataset_cropped/09_Metas/13/13/20190913131800_00160.png,60.6,0,60.3,22.1,965
9/13/2019 13:19,datasets/dataset_cropped/09_Metas/13/13/20190913131900_00160.jpg,datasets_flow/dataset_cropped/09_Metas/13/13/20190913131900_00160.jpg,datasets_cloudmask/dataset_cropped/09_Metas/13/13/20190913131900_00160.png,57.8,0,57.3,22.1,966
9/13/2019 13:20,datasets/dataset_cropped/09_Metas/13/13/20190913132000_00160.jpg,datasets_flow/dataset_cropped/09_Metas/13/13/20190913132000_00160.jpg,datasets_cloudmask/dataset_cropped/09_Metas/13/13/20190913132000_00160.png,53.5,0,53,22,965
9/13/2019 13:21,datasets/dataset_cropped/09_Metas/13/13/20190913132100_00160.jpg,datasets_flow/dataset_cropped/09_Metas/13/13/20190913132100_00160.jpg,datasets_cloudmask/dataset_cropped/09_Metas/13/13/20190913132100_00160.png,49.9,0,49,21.9,965
9/13/2019 13:22,datasets/dataset_cropped/09_Metas/13/13/20190913132200_00160.jpg,datasets_flow/dataset_cropped/09_Metas/13/13/20190913132200_00160.jpg,datasets_cloudmask/dataset_cropped/09_Metas/13/13/20190913132200_00160.png,46.5,0,45.5,21.7,965
9/13/2019 13:23,datasets/dataset_cropped/09_Metas/13/13/20190913132300_00160.jpg,datasets_flow/dataset_cropped/09_Metas/13/13/20190913132300_00160.jpg,datasets_cloudmask/dataset_cropped/09_Metas/13/13/20190913132300_00160.png,44.4,0,43.6,21.4,965
9/13/2019 13:24,datasets/dataset_cropped/09_Metas/13/13/20190913132400_00160.jpg,datasets_flow/dataset_cropped/09_Metas/13/13/20190913132400_00160.jpg,datasets_cloudmask/dataset_cropped/09_Metas/13/13/20190913132400_00160.png,44.4,0,43.4,21.2,965
9/13/2019 13:25,datasets/dataset_cropped/09_Metas/13/13/20190913132500_00160.jpg,datasets_flow/dataset_cropped/09_Metas/13/13/20190913132500_00160.jpg,datasets_cloudmask/dataset_cropped/09_Metas/13/13/20190913132500_00160.png,45.2,0,44,21,965
9/13/2019 13:26,datasets/dataset_cropped/09_Metas/13/13/20190913132600_00160.jpg,datasets_flow/dataset_cropped/09_Metas/13/13/20190913132600_00160.jpg,datasets_cloudmask/dataset_cropped/09_Metas/13/13/20190913132600_00160.png,44.7,0,43.4,20.8,965
9/13/2019 13:27,datasets/dataset_cropped/09_Metas/13/13/20190913132700_00160.jpg,datasets_flow/dataset_cropped/09_Metas/13/13/20190913132700_00160.jpg,datasets_cloudmask/dataset_cropped/09_Metas/13/13/20190913132700_00160.png,43.8,0,42.4,20.7,965
9/13/2019 13:28,datasets/dataset_cropped/09_Metas/13/13/20190913132800_00160.jpg,datasets_flow/dataset_cropped/09_Metas/13/13/20190913132800_00160.jpg,datasets_cloudmask/dataset_cropped/09_Metas/13/13/20190913132800_00160.png,42.6,0,41.2,20.6,965
9/13/2019 13:29,datasets/dataset_cropped/09_Metas/13/13/20190913132900_00160.jpg,datasets_flow/dataset_cropped/09_Metas/13/13/20190913132900_00160.jpg,datasets_cloudmask/dataset_cropped/09_Metas/13/13/20190913132900_00160.png,42,0,40.7,20.5,965
9/13/2019 13:30,datasets/dataset_cropped/09_Metas/13/13/20190913133000_00160.jpg,datasets_flow/dataset_cropped/09_Metas/13/13/20190913133000_00160.jpg,datasets_cloudmask/dataset_cropped/09_Metas/13/13/20190913133000_00160.png,41.2,0,40,20.5,965
9/13/2019 13:31,datasets/dataset_cropped/09_Metas/13/13/20190913133100_00160.jpg,datasets_flow/dataset_cropped/09_Metas/13/13/20190913133100_00160.jpg,datasets_cloudmask/dataset_cropped/09_Metas/13/13/20190913133100_00160.png,39,0,37.8,20.5,965
9/13/2019 13:32,datasets/dataset_cropped/09_Metas/13/13/20190913133200_00160.jpg,datasets_flow/dataset_cropped/09_Metas/13/13/20190913133200_00160.jpg,datasets_cloudmask/dataset_cropped/09_Metas/13/13/20190913133200_00160.png,36.3,0,35.1,20.5,965
9/13/2019 13:33,datasets/dataset_cropped/09_Metas/13/13/20190913133300_00160.jpg,datasets_flow/dataset_cropped/09_Metas/13/13/20190913133300_00160.jpg,datasets_cloudmask/dataset_cropped/09_Metas/13/13/20190913133300_00160.png,36.2,0,35,20.4,964.9
9/13/2019 13:34,datasets/dataset_cropped/09_Metas/13/13/20190913133400_00160.jpg,datasets_flow/dataset_cropped/09_Metas/13/13/20190913133400_00160.jpg,datasets_cloudmask/dataset_cropped/09_Metas/13/13/20190913133400_00160.png,36.1,0,34.9,20.4,964.7
9/13/2019 13:35,datasets/dataset_cropped/09_Metas/13/13/20190913133500_00160.jpg,datasets_flow/dataset_cropped/09_Metas/13/13/20190913133500_00160.jpg,datasets_cloudmask/dataset_cropped/09_Metas/13/13/20190913133500_00160.png,36,0,34.8,20.3,964.6
9/13/2019 13:36,datasets/dataset_cropped/09_Metas/13/13/20190913133600_var.jpg,datasets_flow/dataset_cropped/09_Metas/13/13/20190913133600_var.jpg,datasets_cloudmask/dataset_cropped/09_Metas/13/13/20190913133600_var.png,35.8,0,34.7,20.2,964.4
9/13/2019 13:37,datasets/dataset_cropped/09_Metas/13/13/20190913133700_var.jpg,datasets_flow/dataset_cropped/09_Metas/13/13/20190913133700_var.jpg,datasets_cloudmask/dataset_cropped/09_Metas/13/13/20190913133700_var.png,35.7,0,34.6,20.1,964.3
9/13/2019 13:38,datasets/dataset_cropped/09_Metas/13/13/20190913133800_var.jpg,datasets_flow/dataset_cropped/09_Metas/13/13/20190913133800_var.jpg,datasets_cloudmask/dataset_cropped/09_Metas/13/13/20190913133800_var.png,35.6,0,34.5,20.1,964.1
9/13/2019 13:39,datasets/dataset_cropped/09_Metas/13/13/20190913133900_var.jpg,datasets_flow/dataset_cropped/09_Metas/13/13/20190913133900_var.jpg,datasets_cloudmask/dataset_cropped/09_Metas/13/13/20190913133900_var.png,35.5,0,34.4,20,964
9/13/2019 13:40,datasets/dataset_cropped/09_Metas/13/13/20190913134000_var.jpg,datasets_flow/dataset_cropped/09_Metas/13/13/20190913134000_var.jpg,datasets_cloudmask/dataset_cropped/09_Metas/13/13/20190913134000_var.png,36.2,0,35,19.9,964
9/13/2019 13:41,datasets/dataset_cropped/09_Metas/13/13/20190913134100_var.jpg,datasets_flow/dataset_cropped/09_Metas/13/13/20190913134100_var.jpg,datasets_cloudmask/dataset_cropped/09_Metas/13/13/20190913134100_var.png,36.6,0,35.3,19.9,964
9/13/2019 13:42,datasets/dataset_cropped/09_Metas/13/13/20190913134200_var.jpg,datasets_flow/dataset_cropped/09_Metas/13/13/20190913134200_var.jpg,datasets_cloudmask/dataset_cropped/09_Metas/13/13/20190913134200_var.png,37.1,0,35.7,20,964
9/13/2019 13:43,datasets/dataset_cropped/09_Metas/13/13/20190913134300_var.jpg,datasets_flow/dataset_cropped/09_Metas/13/13/20190913134300_var.jpg,datasets_cloudmask/dataset_cropped/09_Metas/13/13/20190913134300_var.png,39,0,37.4,20,964
9/13/2019 13:44,datasets/dataset_cropped/09_Metas/13/13/20190913134400_var.jpg,datasets_flow/dataset_cropped/09_Metas/13/13/20190913134400_var.jpg,datasets_cloudmask/dataset_cropped/09_Metas/13/13/20190913134400_var.png,43.4,0,41.7,20,964
9/13/2019 13:45,datasets/dataset_cropped/09_Metas/13/13/20190913134500_var.jpg,datasets_flow/dataset_cropped/09_Metas/13/13/20190913134500_var.jpg,datasets_cloudmask/dataset_cropped/09_Metas/13/13/20190913134500_var.png,51.2,0.1,49.2,19.9,964
9/13/2019 13:46,datasets/dataset_cropped/09_Metas/13/13/20190913134600_var.jpg,datasets_flow/dataset_cropped/09_Metas/13/13/20190913134600_var.jpg,datasets_cloudmask/dataset_cropped/09_Metas/13/13/20190913134600_var.png,60.8,0.1,58.5,19.9,964
9/13/2019 13:47,datasets/dataset_cropped/09_Metas/13/13/20190913134700_var.jpg,datasets_flow/dataset_cropped/09_Metas/13/13/20190913134700_var.jpg,datasets_cloudmask/dataset_cropped/09_Metas/13/13/20190913134700_var.png,70.9,0.1,68.1,19.8,963
9/13/2019 13:48,datasets/dataset_cropped/09_Metas/13/13/20190913134800_var.jpg,datasets_flow/dataset_cropped/09_Metas/13/13/20190913134800_var.jpg,datasets_cloudmask/dataset_cropped/09_Metas/13/13/20190913134800_var.png,82.1,0.1,78.6,19.8,963
9/13/2019 13:49,datasets/dataset_cropped/09_Metas/13/13/20190913134900_var.jpg,datasets_flow/dataset_cropped/09_Metas/13/13/20190913134900_var.jpg,datasets_cloudmask/dataset_cropped/09_Metas/13/13/20190913134900_var.png,96.3,0,92.6,19.7,963
9/13/2019 13:50,datasets/dataset_cropped/09_Metas/13/13/20190913135000_var.jpg,datasets_flow/dataset_cropped/09_Metas/13/13/20190913135000_var.jpg,datasets_cloudmask/dataset_cropped/09_Metas/13/13/20190913135000_var.png,113.4,0.5,109.9,20,963
9/13/2019 13:51,datasets/dataset_cropped/09_Metas/13/13/20190913135100_var.jpg,datasets_flow/dataset_cropped/09_Metas/13/13/20190913135100_var.jpg,datasets_cloudmask/dataset_cropped/09_Metas/13/13/20190913135100_var.png,132.2,1.3,128.7,20.1,963
9/13/2019 13:52,datasets/dataset_cropped/09_Metas/13/13/20190913135200_var.jpg,datasets_flow/dataset_cropped/09_Metas/13/13/20190913135200_var.jpg,datasets_cloudmask/dataset_cropped/09_Metas/13/13/20190913135200_var.png,150.6,2.1,147.2,20.1,964
9/13/2019 13:53,datasets/dataset_cropped/09_Metas/13/13/20190913135300_var.jpg,datasets_flow/dataset_cropped/09_Metas/13/13/20190913135300_var.jpg,datasets_cloudmask/dataset_cropped/09_Metas/13/13/20190913135300_var.png,167.8,2.5,164.4,20.2,964
9/13/2019 13:54,datasets/dataset_cropped/09_Metas/13/13/20190913135400_var.jpg,datasets_flow/dataset_cropped/09_Metas/13/13/20190913135400_var.jpg,datasets_cloudmask/dataset_cropped/09_Metas/13/13/20190913135400_var.png,186.8,3,183.2,20.3,964
9/13/2019 13:55,datasets/dataset_cropped/09_Metas/13/13/20190913135500_var.jpg,datasets_flow/dataset_cropped/09_Metas/13/13/20190913135500_var.jpg,datasets_cloudmask/dataset_cropped/09_Metas/13/13/20190913135500_var.png,210.9,3.4,207.5,20.5,964
9/13/2019 13:56,datasets/dataset_cropped/09_Metas/13/13/20190913135600_var.jpg,datasets_flow/dataset_cropped/09_Metas/13/13/20190913135600_var.jpg,datasets_cloudmask/dataset_cropped/09_Metas/13/13/20190913135600_var.png,252.2,10.1,243.4,20.5,964
9/13/2019 13:57,datasets/dataset_cropped/09_Metas/13/13/20190913135700_var.jpg,datasets_flow/dataset_cropped/09_Metas/13/13/20190913135700_var.jpg,datasets_cloudmask/dataset_cropped/09_Metas/13/13/20190913135700_var.png,397.3,119.8,297.8,20.6,964
9/13/2019 13:58,datasets/dataset_cropped/09_Metas/13/13/20190913135800_var.jpg,datasets_flow/dataset_cropped/09_Metas/13/13/20190913135800_var.jpg,datasets_cloudmask/dataset_cropped/09_Metas/13/13/20190913135800_var.png,627,321.8,359.6,20.8,964
9/13/2019 13:59,datasets/dataset_cropped/09_Metas/13/13/20190913135900_var.jpg,datasets_flow/dataset_cropped/09_Metas/13/13/20190913135900_var.jpg,datasets_cloudmask/dataset_cropped/09_Metas/13/13/20190913135900_var.png,550.2,176.4,404.2,20.9,964
9/13/2019 14:00,datasets/dataset_cropped/09_Metas/13/14/20190913140000_var.jpg,datasets_flow/dataset_cropped/09_Metas/13/14/20190913140000_var.jpg,datasets_cloudmask/dataset_cropped/09_Metas/13/14/20190913140000_var.png,710,341.7,429,20.9,964
9/13/2019 14:01,datasets/dataset_cropped/09_Metas/13/14/20190913140100_var.jpg,datasets_flow/dataset_cropped/09_Metas/13/14/20190913140100_var.jpg,datasets_cloudmask/dataset_cropped/09_Metas/13/14/20190913140100_var.png,425,16.3,412.4,21.1,964
9/13/2019 14:02,datasets/dataset_cropped/09_Metas/13/14/20190913140200_var.jpg,datasets_flow/dataset_cropped/09_Metas/13/14/20190913140200_var.jpg,datasets_cloudmask/dataset_cropped/09_Metas/13/14/20190913140200_var.png,424.9,7.7,419.4,21.4,964
9/13/2019 14:03,datasets/dataset_cropped/09_Metas/13/14/20190913140300_var.jpg,datasets_flow/dataset_cropped/09_Metas/13/14/20190913140300_var.jpg,datasets_cloudmask/dataset_cropped/09_Metas/13/14/20190913140300_var.png,461.8,23.6,442.2,21.7,964
9/13/2019 14:04,datasets/dataset_cropped/09_Metas/13/14/20190913140400_var.jpg,datasets_flow/dataset_cropped/09_Metas/13/14/20190913140400_var.jpg,datasets_cloudmask/dataset_cropped/09_Metas/13/14/20190913140400_var.png,523.1,52,479.3,22,964
9/13/2019 14:05,datasets/dataset_cropped/09_Metas/13/14/20190913140500_var.jpg,datasets_flow/dataset_cropped/09_Metas/13/14/20190913140500_var.jpg,datasets_cloudmask/dataset_cropped/09_Metas/13/14/20190913140500_var.png,588.3,103,502.3,22.1,964
9/13/2019 14:06,datasets/dataset_cropped/09_Metas/13/14/20190913140600_var.jpg,datasets_flow/dataset_cropped/09_Metas/13/14/20190913140600_var.jpg,datasets_cloudmask/dataset_cropped/09_Metas/13/14/20190913140600_var.png,670.8,198.4,509.6,22,964
9/13/2019 14:07,datasets/dataset_cropped/09_Metas/13/14/20190913140700_var.jpg,datasets_flow/dataset_cropped/09_Metas/13/14/20190913140700_var.jpg,datasets_cloudmask/dataset_cropped/09_Metas/13/14/20190913140700_var.png,892,450.4,524.5,21.8,964
9/13/2019 14:08,datasets/dataset_cropped/09_Metas/13/14/20190913140800_var.jpg,datasets_flow/dataset_cropped/09_Metas/13/14/20190913140800_var.jpg,datasets_cloudmask/dataset_cropped/09_Metas/13/14/20190913140800_var.png,955,539.2,515.8,21.7,964
9/13/2019 14:09,datasets/dataset_cropped/09_Metas/13/14/20190913140900_var.jpg,datasets_flow/dataset_cropped/09_Metas/13/14/20190913140900_var.jpg,datasets_cloudmask/dataset_cropped/09_Metas/13/14/20190913140900_var.png,720.2,289.8,481.6,21.6,964
9/13/2019 14:10,datasets/dataset_cropped/09_Metas/13/14/20190913141000_var.jpg,datasets_flow/dataset_cropped/09_Metas/13/14/20190913141000_var.jpg,datasets_cloudmask/dataset_cropped/09_Metas/13/14/20190913141000_var.png,435.7,60.6,383.9,21.6,964
9/13/2019 14:11,datasets/dataset_cropped/09_Metas/13/14/20190913141100_var.jpg,datasets_flow/dataset_cropped/09_Metas/13/14/20190913141100_var.jpg,datasets_cloudmask/dataset_cropped/09_Metas/13/14/20190913141100_var.png,322,4,316.5,21.5,964
9/13/2019 14:12,datasets/dataset_cropped/09_Metas/13/14/20190913141200_var.jpg,datasets_flow/dataset_cropped/09_Metas/13/14/20190913141200_var.jpg,datasets_cloudmask/dataset_cropped/09_Metas/13/14/20190913141200_var.png,291.5,2.5,286.8,21.5,964
9/13/2019 14:13,datasets/dataset_cropped/09_Metas/13/14/20190913141300_var.jpg,datasets_flow/dataset_cropped/09_Metas/13/14/20190913141300_var.jpg,datasets_cloudmask/dataset_cropped/09_Metas/13/14/20190913141300_var.png,271.8,1.7,267.4,21.3,964
9/13/2019 14:14,datasets/dataset_cropped/09_Metas/13/14/20190913141400_var.jpg,datasets_flow/dataset_cropped/09_Metas/13/14/20190913141400_var.jpg,datasets_cloudmask/dataset_cropped/09_Metas/13/14/20190913141400_var.png,255.9,1.1,251.9,21.2,964
9/13/2019 14:15,datasets/dataset_cropped/09_Metas/13/14/20190913141500_var.jpg,datasets_flow/dataset_cropped/09_Metas/13/14/20190913141500_var.jpg,datasets_cloudmask/dataset_cropped/09_Metas/13/14/20190913141500_var.png,238.5,0.6,234.7,21,964
9/13/2019 14:16,datasets/dataset_cropped/09_Metas/13/14/20190913141600_var.jpg,datasets_flow/dataset_cropped/09_Metas/13/14/20190913141600_var.jpg,datasets_cloudmask/dataset_cropped/09_Metas/13/14/20190913141600_var.png,224.6,0.3,220.7,20.9,964
9/13/2019 14:17,datasets/dataset_cropped/09_Metas/13/14/20190913141700_var.jpg,datasets_flow/dataset_cropped/09_Metas/13/14/20190913141700_var.jpg,datasets_cloudmask/dataset_cropped/09_Metas/13/14/20190913141700_var.png,211.1,0.5,207.1,20.8,964
9/13/2019 14:18,datasets/dataset_cropped/09_Metas/13/14/20190913141800_var.jpg,datasets_flow/dataset_cropped/09_Metas/13/14/20190913141800_var.jpg,datasets_cloudmask/dataset_cropped/09_Metas/13/14/20190913141800_var.png,200.7,0.4,197,20.6,964
9/13/2019 14:19,datasets/dataset_cropped/09_Metas/13/14/20190913141900_var.jpg,datasets_flow/dataset_cropped/09_Metas/13/14/20190913141900_var.jpg,datasets_cloudmask/dataset_cropped/09_Metas/13/14/20190913141900_var.png,197.6,0.2,194,20.4,964
9/13/2019 14:20,datasets/dataset_cropped/09_Metas/13/14/20190913142000_var.jpg,datasets_flow/dataset_cropped/09_Metas/13/14/20190913142000_var.jpg,datasets_cloudmask/dataset_cropped/09_Metas/13/14/20190913142000_var.png,200.7,0.1,196.8,20.3,964
9/13/2019 14:21,datasets/dataset_cropped/09_Metas/13/14/20190913142100_var.jpg,datasets_flow/dataset_cropped/09_Metas/13/14/20190913142100_var.jpg,datasets_cloudmask/dataset_cropped/09_Metas/13/14/20190913142100_var.png,209.6,0.3,205.7,20.2,964
9/13/2019 14:22,datasets/dataset_cropped/09_Metas/13/14/20190913142200_var.jpg,datasets_flow/dataset_cropped/09_Metas/13/14/20190913142200_var.jpg,datasets_cloudmask/dataset_cropped/09_Metas/13/14/20190913142200_var.png,220.5,0.2,216.9,20.2,964
9/13/2019 14:23,datasets/dataset_cropped/09_Metas/13/14/20190913142300_var.jpg,datasets_flow/dataset_cropped/09_Metas/13/14/20190913142300_var.jpg,datasets_cloudmask/dataset_cropped/09_Metas/13/14/20190913142300_var.png,235.9,0.3,232.4,20.4,964
9/13/2019 14:24,datasets/dataset_cropped/09_Metas/13/14/20190913142400_var.jpg,datasets_flow/dataset_cropped/09_Metas/13/14/20190913142400_var.jpg,datasets_cloudmask/dataset_cropped/09_Metas/13/14/20190913142400_var.png,256.3,1.6,251.6,20.4,964
9/13/2019 14:25,datasets/dataset_cropped/09_Metas/13/14/20190913142500_var.jpg,datasets_flow/dataset_cropped/09_Metas/13/14/20190913142500_var.jpg,datasets_cloudmask/dataset_cropped/09_Metas/13/14/20190913142500_var.png,279.7,1.4,275.5,20.4,964
9/13/2019 14:26,datasets/dataset_cropped/09_Metas/13/14/20190913142600_var.jpg,datasets_flow/dataset_cropped/09_Metas/13/14/20190913142600_var.jpg,datasets_cloudmask/dataset_cropped/09_Metas/13/14/20190913142600_var.png,294.8,4.7,288.7,20.6,964
9/13/2019 14:27,datasets/dataset_cropped/09_Metas/13/14/20190913142700_var.jpg,datasets_flow/dataset_cropped/09_Metas/13/14/20190913142700_var.jpg,datasets_cloudmask/dataset_cropped/09_Metas/13/14/20190913142700_var.png,287.8,1.5,284.4,20.8,964
9/13/2019 14:28,datasets/dataset_cropped/09_Metas/13/14/20190913142800_var.jpg,datasets_flow/dataset_cropped/09_Metas/13/14/20190913142800_var.jpg,datasets_cloudmask/dataset_cropped/09_Metas/13/14/20190913142800_var.png,274.2,1.2,271.4,20.9,964
9/13/2019 14:29,datasets/dataset_cropped/09_Metas/13/14/20190913142900_var.jpg,datasets_flow/dataset_cropped/09_Metas/13/14/20190913142900_var.jpg,datasets_cloudmask/dataset_cropped/09_Metas/13/14/20190913142900_var.png,253.4,0.9,250.7,21,964
9/13/2019 14:30,datasets/dataset_cropped/09_Metas/13/14/20190913143000_var.jpg,datasets_flow/dataset_cropped/09_Metas/13/14/20190913143000_var.jpg,datasets_cloudmask/dataset_cropped/09_Metas/13/14/20190913143000_var.png,234.2,0.9,231.5,21,964
9/13/2019 14:31,datasets/dataset_cropped/09_Metas/13/14/20190913143100_var.jpg,datasets_flow/dataset_cropped/09_Metas/13/14/20190913143100_var.jpg,datasets_cloudmask/dataset_cropped/09_Metas/13/14/20190913143100_var.png,220.6,0.6,218,20.8,964
9/13/2019 14:32,datasets/dataset_cropped/09_Metas/13/14/20190913143200_var.jpg,datasets_flow/dataset_cropped/09_Metas/13/14/20190913143200_var.jpg,datasets_cloudmask/dataset_cropped/09_Metas/13/14/20190913143200_var.png,213.4,0.3,210.8,20.4,964
9/13/2019 14:33,datasets/dataset_cropped/09_Metas/13/14/20190913143300_var.jpg,datasets_flow/dataset_cropped/09_Metas/13/14/20190913143300_var.jpg,datasets_cloudmask/dataset_cropped/09_Metas/13/14/20190913143300_var.png,211.2,0.2,208.6,20.3,964
9/13/2019 14:34,datasets/dataset_cropped/09_Metas/13/14/20190913143400_var.jpg,datasets_flow/dataset_cropped/09_Metas/13/14/20190913143400_var.jpg,datasets_cloudmask/dataset_cropped/09_Metas/13/14/20190913143400_var.png,216.8,0.2,213.9,20.4,964
9/13/2019 14:35,datasets/dataset_cropped/09_Metas/13/14/20190913143500_var.jpg,datasets_flow/dataset_cropped/09_Metas/13/14/20190913143500_var.jpg,datasets_cloudmask/dataset_cropped/09_Metas/13/14/20190913143500_var.png,236.9,0.9,233,20.4,964
9/13/2019 14:36,datasets/dataset_cropped/09_Metas/13/14/20190913143600_var.jpg,datasets_flow/dataset_cropped/09_Metas/13/14/20190913143600_var.jpg,datasets_cloudmask/dataset_cropped/09_Metas/13/14/20190913143600_var.png,276,7.2,267.3,20.5,964
9/13/2019 14:37,datasets/dataset_cropped/09_Metas/13/14/20190913143700_var.jpg,datasets_flow/dataset_cropped/09_Metas/13/14/20190913143700_var.jpg,datasets_cloudmask/dataset_cropped/09_Metas/13/14/20190913143700_var.png,364.9,66.7,310.7,20.7,964
9/13/2019 14:38,datasets/dataset_cropped/09_Metas/13/14/20190913143800_var.jpg,datasets_flow/dataset_cropped/09_Metas/13/14/20190913143800_var.jpg,datasets_cloudmask/dataset_cropped/09_Metas/13/14/20190913143800_var.png,434.4,93.2,358.8,20.8,964
9/13/2019 14:39,datasets/dataset_cropped/09_Metas/13/14/20190913143900_var.jpg,datasets_flow/dataset_cropped/09_Metas/13/14/20190913143900_var.jpg,datasets_cloudmask/dataset_cropped/09_Metas/13/14/20190913143900_var.png,381.5,24.4,359.5,20.9,964
9/13/2019 14:40,datasets/dataset_cropped/09_Metas/13/14/20190913144000_var.jpg,datasets_flow/dataset_cropped/09_Metas/13/14/20190913144000_var.jpg,datasets_cloudmask/dataset_cropped/09_Metas/13/14/20190913144000_var.png,347.6,2.8,343.7,21,964
9/13/2019 14:41,datasets/dataset_cropped/09_Metas/13/14/20190913144100_var.jpg,datasets_flow/dataset_cropped/09_Metas/13/14/20190913144100_var.jpg,datasets_cloudmask/dataset_cropped/09_Metas/13/14/20190913144100_var.png,352,2.9,348.5,21.1,964
9/13/2019 14:42,datasets/dataset_cropped/09_Metas/13/14/20190913144200_var.jpg,datasets_flow/dataset_cropped/09_Metas/13/14/20190913144200_var.jpg,datasets_cloudmask/dataset_cropped/09_Metas/13/14/20190913144200_var.png,364.7,3.9,361.2,21.2,964
9/13/2019 14:43,datasets/dataset_cropped/09_Metas/13/14/20190913144300_var.jpg,datasets_flow/dataset_cropped/09_Metas/13/14/20190913144300_var.jpg,datasets_cloudmask/dataset_cropped/09_Metas/13/14/20190913144300_var.png,409.9,32.5,385.7,21.2,964
9/13/2019 14:44,datasets/dataset_cropped/09_Metas/13/14/20190913144400_var.jpg,datasets_flow/dataset_cropped/09_Metas/13/14/20190913144400_var.jpg,datasets_cloudmask/dataset_cropped/09_Metas/13/14/20190913144400_var.png,493,97.7,417.1,21.4,964
9/13/2019 14:45,datasets/dataset_cropped/09_Metas/13/14/20190913144500_var.jpg,datasets_flow/dataset_cropped/09_Metas/13/14/20190913144500_var.jpg,datasets_cloudmask/dataset_cropped/09_Metas/13/14/20190913144500_var.png,465.1,39.9,433.6,21.6,964
9/13/2019 14:46,datasets/dataset_cropped/09_Metas/13/14/20190913144600_var.jpg,datasets_flow/dataset_cropped/09_Metas/13/14/20190913144600_var.jpg,datasets_cloudmask/dataset_cropped/09_Metas/13/14/20190913144600_var.png,427.8,23.8,408.7,21.7,964
9/13/2019 14:47,datasets/dataset_cropped/09_Metas/13/14/20190913144700_var.jpg,datasets_flow/dataset_cropped/09_Metas/13/14/20190913144700_var.jpg,datasets_cloudmask/dataset_cropped/09_Metas/13/14/20190913144700_var.png,348.7,2.7,345.7,21.8,964
9/13/2019 14:48,datasets/dataset_cropped/09_Metas/13/14/20190913144800_var.jpg,datasets_flow/dataset_cropped/09_Metas/13/14/20190913144800_var.jpg,datasets_cloudmask/dataset_cropped/09_Metas/13/14/20190913144800_var.png,302.9,2.6,299.5,21.7,964
9/13/2019 14:49,datasets/dataset_cropped/09_Metas/13/14/20190913144900_var.jpg,datasets_flow/dataset_cropped/09_Metas/13/14/20190913144900_var.jpg,datasets_cloudmask/dataset_cropped/09_Metas/13/14/20190913144900_var.png,265.1,1.6,261.9,21.5,964
9/13/2019 14:50,datasets/dataset_cropped/09_Metas/13/14/20190913145000_var.jpg,datasets_flow/dataset_cropped/09_Metas/13/14/20190913145000_var.jpg,datasets_cloudmask/dataset_cropped/09_Metas/13/14/20190913145000_var.png,238.2,1.2,235.6,21.4,964
9/13/2019 14:51,datasets/dataset_cropped/09_Metas/13/14/20190913145100_var.jpg,datasets_flow/dataset_cropped/09_Metas/13/14/20190913145100_var.jpg,datasets_cloudmask/dataset_cropped/09_Metas/13/14/20190913145100_var.png,211.4,1.2,208.6,21.4,964
9/13/2019 14:52,datasets/dataset_cropped/09_Metas/13/14/20190913145200_var.jpg,datasets_flow/dataset_cropped/09_Metas/13/14/20190913145200_var.jpg,datasets_cloudmask/dataset_cropped/09_Metas/13/14/20190913145200_var.png,190.5,0.7,187.8,21.4,964
9/13/2019 14:53,datasets/dataset_cropped/09_Metas/13/14/20190913145300_var.jpg,datasets_flow/dataset_cropped/09_Metas/13/14/20190913145300_var.jpg,datasets_cloudmask/dataset_cropped/09_Metas/13/14/20190913145300_var.png,192.6,8.5,184.1,21.4,964
9/13/2019 14:54,datasets/dataset_cropped/09_Metas/13/14/20190913145400_var.jpg,datasets_flow/dataset_cropped/09_Metas/13/14/20190913145400_var.jpg,datasets_cloudmask/dataset_cropped/09_Metas/13/14/20190913145400_var.png,270.6,96.5,195.2,21.4,964
9/13/2019 14:55,datasets/dataset_cropped/09_Metas/13/14/20190913145500_var.jpg,datasets_flow/dataset_cropped/09_Metas/13/14/20190913145500_var.jpg,datasets_cloudmask/dataset_cropped/09_Metas/13/14/20190913145500_var.png,338.8,162.9,212.9,21.3,964
9/13/2019 14:56,datasets/dataset_cropped/09_Metas/13/14/20190913145600_var.jpg,datasets_flow/dataset_cropped/09_Metas/13/14/20190913145600_var.jpg,datasets_cloudmask/dataset_cropped/09_Metas/13/14/20190913145600_var.png,212,8.9,203,21.2,964
9/13/2019 14:57,datasets/dataset_cropped/09_Metas/13/14/20190913145700_var.jpg,datasets_flow/dataset_cropped/09_Metas/13/14/20190913145700_var.jpg,datasets_cloudmask/dataset_cropped/09_Metas/13/14/20190913145700_var.png,199.3,0.9,196.8,21.2,964
9/13/2019 14:58,datasets/dataset_cropped/09_Metas/13/14/20190913145800_var.jpg,datasets_flow/dataset_cropped/09_Metas/13/14/20190913145800_var.jpg,datasets_cloudmask/dataset_cropped/09_Metas/13/14/20190913145800_var.png,193.4,0.4,191.2,21.2,964
9/13/2019 14:59,datasets/dataset_cropped/09_Metas/13/14/20190913145900_var.jpg,datasets_flow/dataset_cropped/09_Metas/13/14/20190913145900_var.jpg,datasets_cloudmask/dataset_cropped/09_Metas/13/14/20190913145900_var.png,191.5,0.3,189.3,21.1,964
9/13/2019 15:00,datasets/dataset_cropped/09_Metas/13/15/20190913150000_var.jpg,datasets_flow/dataset_cropped/09_Metas/13/15/20190913150000_var.jpg,datasets_cloudmask/dataset_cropped/09_Metas/13/15/20190913150000_var.png,193,1.2,190.2,21,964
9/13/2019 15:01,datasets/dataset_cropped/09_Metas/13/15/20190913150100_var.jpg,datasets_flow/dataset_cropped/09_Metas/13/15/20190913150100_var.jpg,datasets_cloudmask/dataset_cropped/09_Metas/13/15/20190913150100_var.png,188,0.2,185.7,20.9,964
9/13/2019 15:02,datasets/dataset_cropped/09_Metas/13/15/20190913150200_var.jpg,datasets_flow/dataset_cropped/09_Metas/13/15/20190913150200_var.jpg,datasets_cloudmask/dataset_cropped/09_Metas/13/15/20190913150200_var.png,181.8,0,179.7,20.9,964
9/13/2019 15:03,datasets/dataset_cropped/09_Metas/13/15/20190913150300_var.jpg,datasets_flow/dataset_cropped/09_Metas/13/15/20190913150300_var.jpg,datasets_cloudmask/dataset_cropped/09_Metas/13/15/20190913150300_var.png,191.4,0.2,188.4,20.8,964
9/13/2019 15:04,datasets/dataset_cropped/09_Metas/13/15/20190913150400_var.jpg,datasets_flow/dataset_cropped/09_Metas/13/15/20190913150400_var.jpg,datasets_cloudmask/dataset_cropped/09_Metas/13/15/20190913150400_var.png,233.7,5.7,225.8,20.8,963
9/13/2019 15:05,datasets/dataset_cropped/09_Metas/13/15/20190913150500_var.jpg,datasets_flow/dataset_cropped/09_Metas/13/15/20190913150500_var.jpg,datasets_cloudmask/dataset_cropped/09_Metas/13/15/20190913150500_var.png,367.3,101.1,288.2,20.8,963
9/13/2019 15:06,datasets/dataset_cropped/09_Metas/13/15/20190913150600_var.jpg,datasets_flow/dataset_cropped/09_Metas/13/15/20190913150600_var.jpg,datasets_cloudmask/dataset_cropped/09_Metas/13/15/20190913150600_var.png,407.5,132.4,304.2,20.8,963
9/13/2019 15:07,datasets/dataset_cropped/09_Metas/13/15/20190913150700_var.jpg,datasets_flow/dataset_cropped/09_Metas/13/15/20190913150700_var.jpg,datasets_cloudmask/dataset_cropped/09_Metas/13/15/20190913150700_var.png,298.2,37,267.7,20.9,963
9/13/2019 15:08,datasets/dataset_cropped/09_Metas/13/15/20190913150800_var.jpg,datasets_flow/dataset_cropped/09_Metas/13/15/20190913150800_var.jpg,datasets_cloudmask/dataset_cropped/09_Metas/13/15/20190913150800_var.png,323.1,73.1,268.2,20.8,963
9/13/2019 15:09,datasets/dataset_cropped/09_Metas/13/15/20190913150900_var.jpg,datasets_flow/dataset_cropped/09_Metas/13/15/20190913150900_var.jpg,datasets_cloudmask/dataset_cropped/09_Metas/13/15/20190913150900_var.png,430.4,189.8,290.5,20.9,963
9/13/2019 15:10,datasets/dataset_cropped/09_Metas/13/15/20190913151000_var.jpg,datasets_flow/dataset_cropped/09_Metas/13/15/20190913151000_var.jpg,datasets_cloudmask/dataset_cropped/09_Metas/13/15/20190913151000_var.png,385.7,128.4,291.6,20.9,963
9/13/2019 15:11,datasets/dataset_cropped/09_Metas/13/15/20190913151100_var.jpg,datasets_flow/dataset_cropped/09_Metas/13/15/20190913151100_var.jpg,datasets_cloudmask/dataset_cropped/09_Metas/13/15/20190913151100_var.png,313,41.2,283,21,963
9/13/2019 15:12,datasets/dataset_cropped/09_Metas/13/15/20190913151200_var.jpg,datasets_flow/dataset_cropped/09_Metas/13/15/20190913151200_var.jpg,datasets_cloudmask/dataset_cropped/09_Metas/13/15/20190913151200_var.png,435.5,157.3,321.7,21.1,963
9/13/2019 15:13,datasets/dataset_cropped/09_Metas/13/15/20190913151300_var.jpg,datasets_flow/dataset_cropped/09_Metas/13/15/20190913151300_var.jpg,datasets_cloudmask/dataset_cropped/09_Metas/13/15/20190913151300_var.png,377,41.6,347.4,21.2,963
9/13/2019 15:14,datasets/dataset_cropped/09_Metas/13/15/20190913151400_var.jpg,datasets_flow/dataset_cropped/09_Metas/13/15/20190913151400_var.jpg,datasets_cloudmask/dataset_cropped/09_Metas/13/15/20190913151400_var.png,388,67.4,339.5,21.3,963
9/13/2019 15:15,datasets/dataset_cropped/09_Metas/13/15/20190913151500_var.jpg,datasets_flow/dataset_cropped/09_Metas/13/15/20190913151500_var.jpg,datasets_cloudmask/dataset_cropped/09_Metas/13/15/20190913151500_var.png,374.6,71.3,322.6,21.5,963
9/13/2019 15:16,datasets/dataset_cropped/09_Metas/13/15/20190913151600_var.jpg,datasets_flow/dataset_cropped/09_Metas/13/15/20190913151600_var.jpg,datasets_cloudmask/dataset_cropped/09_Metas/13/15/20190913151600_var.png,303.1,8,296.2,21.5,963
9/13/2019 15:17,datasets/dataset_cropped/09_Metas/13/15/20190913151700_var.jpg,datasets_flow/dataset_cropped/09_Metas/13/15/20190913151700_var.jpg,datasets_cloudmask/dataset_cropped/09_Metas/13/15/20190913151700_var.png,274.2,2,271.6,21.4,963
9/13/2019 15:18,datasets/dataset_cropped/09_Metas/13/15/20190913151800_var.jpg,datasets_flow/dataset_cropped/09_Metas/13/15/20190913151800_var.jpg,datasets_cloudmask/dataset_cropped/09_Metas/13/15/20190913151800_var.png,256.5,0.6,255.6,21.5,963
9/13/2019 15:19,datasets/dataset_cropped/09_Metas/13/15/20190913151900_var.jpg,datasets_flow/dataset_cropped/09_Metas/13/15/20190913151900_var.jpg,datasets_cloudmask/dataset_cropped/09_Metas/13/15/20190913151900_var.png,249.4,0.6,248.3,21.4,963
9/13/2019 15:20,datasets/dataset_cropped/09_Metas/13/15/20190913152000_var.jpg,datasets_flow/dataset_cropped/09_Metas/13/15/20190913152000_var.jpg,datasets_cloudmask/dataset_cropped/09_Metas/13/15/20190913152000_var.png,249.7,0.4,249,21.5,963
9/13/2019 15:21,datasets/dataset_cropped/09_Metas/13/15/20190913152100_var.jpg,datasets_flow/dataset_cropped/09_Metas/13/15/20190913152100_var.jpg,datasets_cloudmask/dataset_cropped/09_Metas/13/15/20190913152100_var.png,258.9,0.6,258.4,21.6,963
9/13/2019 15:22,datasets/dataset_cropped/09_Metas/13/15/20190913152200_var.jpg,datasets_flow/dataset_cropped/09_Metas/13/15/20190913152200_var.jpg,datasets_cloudmask/dataset_cropped/09_Metas/13/15/20190913152200_var.png,280.6,4.4,277.4,21.5,963
9/13/2019 15:23,datasets/dataset_cropped/09_Metas/13/15/20190913152300_var.jpg,datasets_flow/dataset_cropped/09_Metas/13/15/20190913152300_var.jpg,datasets_cloudmask/dataset_cropped/09_Metas/13/15/20190913152300_var.png,301.1,7.2,295.6,21.6,963
9/13/2019 15:24,datasets/dataset_cropped/09_Metas/13/15/20190913152400_var.jpg,datasets_flow/dataset_cropped/09_Metas/13/15/20190913152400_var.jpg,datasets_cloudmask/dataset_cropped/09_Metas/13/15/20190913152400_var.png,310.6,15.4,299.6,21.6,963
9/13/2019 15:25,datasets/dataset_cropped/09_Metas/13/15/20190913152500_var.jpg,datasets_flow/dataset_cropped/09_Metas/13/15/20190913152500_var.jpg,datasets_cloudmask/dataset_cropped/09_Metas/13/15/20190913152500_var.png,357,68.9,307.9,21.7,963
9/13/2019 15:26,datasets/dataset_cropped/09_Metas/13/15/20190913152600_var.jpg,datasets_flow/dataset_cropped/09_Metas/13/15/20190913152600_var.jpg,datasets_cloudmask/dataset_cropped/09_Metas/13/15/20190913152600_var.png,378,106.4,303.6,21.7,963
9/13/2019 15:27,datasets/dataset_cropped/09_Metas/13/15/20190913152700_var.jpg,datasets_flow/dataset_cropped/09_Metas/13/15/20190913152700_var.jpg,datasets_cloudmask/dataset_cropped/09_Metas/13/15/20190913152700_var.png,365.6,93.2,299.4,21.9,963
9/13/2019 15:28,datasets/dataset_cropped/09_Metas/13/15/20190913152800_var.jpg,datasets_flow/dataset_cropped/09_Metas/13/15/20190913152800_var.jpg,datasets_cloudmask/dataset_cropped/09_Metas/13/15/20190913152800_var.png,424.4,171.6,304.8,21.9,963
9/13/2019 15:29,datasets/dataset_cropped/09_Metas/13/15/20190913152900_var.jpg,datasets_flow/dataset_cropped/09_Metas/13/15/20190913152900_var.jpg,datasets_cloudmask/dataset_cropped/09_Metas/13/15/20190913152900_var.png,459.4,221.8,305.4,22,963
9/13/2019 15:30,datasets/dataset_cropped/09_Metas/13/15/20190913153000_var.jpg,datasets_flow/dataset_cropped/09_Metas/13/15/20190913153000_var.jpg,datasets_cloudmask/dataset_cropped/09_Metas/13/15/20190913153000_var.png,473.7,239.1,307.9,22,963
9/13/2019 15:31,datasets/dataset_cropped/09_Metas/13/15/20190913153100_var.jpg,datasets_flow/dataset_cropped/09_Metas/13/15/20190913153100_var.jpg,datasets_cloudmask/dataset_cropped/09_Metas/13/15/20190913153100_var.png,509.3,282.3,314.1,22.2,963
9/13/2019 15:32,datasets/dataset_cropped/09_Metas/13/15/20190913153200_var.jpg,datasets_flow/dataset_cropped/09_Metas/13/15/20190913153200_var.jpg,datasets_cloudmask/dataset_cropped/09_Metas/13/15/20190913153200_var.png,526.4,304.7,316.3,22.3,963
9/13/2019 15:33,datasets/dataset_cropped/09_Metas/13/15/20190913153300_var.jpg,datasets_flow/dataset_cropped/09_Metas/13/15/20190913153300_var.jpg,datasets_cloudmask/dataset_cropped/09_Metas/13/15/20190913153300_var.png,563,360.5,316,22.3,963
9/13/2019 15:34,datasets/dataset_cropped/09_Metas/13/15/20190913153400_var.jpg,datasets_flow/dataset_cropped/09_Metas/13/15/20190913153400_var.jpg,datasets_cloudmask/dataset_cropped/09_Metas/13/15/20190913153400_var.png,537.3,325.6,314.5,22.3,963
9/13/2019 15:35,datasets/dataset_cropped/09_Metas/13/15/20190913153500_var.jpg,datasets_flow/dataset_cropped/09_Metas/13/15/20190913153500_var.jpg,datasets_cloudmask/dataset_cropped/09_Metas/13/15/20190913153500_var.png,632,462.1,318.3,22.4,963
9/13/2019 15:36,datasets/dataset_cropped/09_Metas/13/15/20190913153600_var.jpg,datasets_flow/dataset_cropped/09_Metas/13/15/20190913153600_var.jpg,datasets_cloudmask/dataset_cropped/09_Metas/13/15/20190913153600_var.png,624,445.6,322.3,22.6,963
9/13/2019 15:37,datasets/dataset_cropped/09_Metas/13/15/20190913153700_var.jpg,datasets_flow/dataset_cropped/09_Metas/13/15/20190913153700_var.jpg,datasets_cloudmask/dataset_cropped/09_Metas/13/15/20190913153700_var.png,614.8,407.2,338,22.4,963
9/13/2019 15:38,datasets/dataset_cropped/09_Metas/13/15/20190913153800_var.jpg,datasets_flow/dataset_cropped/09_Metas/13/15/20190913153800_var.jpg,datasets_cloudmask/dataset_cropped/09_Metas/13/15/20190913153800_var.png,708.7,550.6,338.6,22.4,963
9/13/2019 15:39,datasets/dataset_cropped/09_Metas/13/15/20190913153900_var.jpg,datasets_flow/dataset_cropped/09_Metas/13/15/20190913153900_var.jpg,datasets_cloudmask/dataset_cropped/09_Metas/13/15/20190913153900_var.png,712.5,553.2,339.1,22.5,963
9/13/2019 15:40,datasets/dataset_cropped/09_Metas/13/15/20190913154000_var.jpg,datasets_flow/dataset_cropped/09_Metas/13/15/20190913154000_var.jpg,datasets_cloudmask/dataset_cropped/09_Metas/13/15/20190913154000_var.png,691.6,523.1,341.9,22.7,963
9/13/2019 15:41,datasets/dataset_cropped/09_Metas/13/15/20190913154100_var.jpg,datasets_flow/dataset_cropped/09_Metas/13/15/20190913154100_var.jpg,datasets_cloudmask/dataset_cropped/09_Metas/13/15/20190913154100_var.png,492.2,251.5,322.9,22.8,963
9/13/2019 15:42,datasets/dataset_cropped/09_Metas/13/15/20190913154200_var.jpg,datasets_flow/dataset_cropped/09_Metas/13/15/20190913154200_var.jpg,datasets_cloudmask/dataset_cropped/09_Metas/13/15/20190913154200_var.png,318.3,49.1,284.8,22.8,963
9/13/2019 15:43,datasets/dataset_cropped/09_Metas/13/15/20190913154300_var.jpg,datasets_flow/dataset_cropped/09_Metas/13/15/20190913154300_var.jpg,datasets_cloudmask/dataset_cropped/09_Metas/13/15/20190913154300_var.png,329.6,46.3,297.9,22.6,963
9/13/2019 15:44,datasets/dataset_cropped/09_Metas/13/15/20190913154400_var.jpg,datasets_flow/dataset_cropped/09_Metas/13/15/20190913154400_var.jpg,datasets_cloudmask/dataset_cropped/09_Metas/13/15/20190913154400_var.png,468.3,175.3,350.2,22.6,963
9/13/2019 15:45,datasets/dataset_cropped/09_Metas/13/15/20190913154500_var.jpg,datasets_flow/dataset_cropped/09_Metas/13/15/20190913154500_var.jpg,datasets_cloudmask/dataset_cropped/09_Metas/13/15/20190913154500_var.png,379.3,53.2,341.9,22.6,963
9/13/2019 15:46,datasets/dataset_cropped/09_Metas/13/15/20190913154600_var.jpg,datasets_flow/dataset_cropped/09_Metas/13/15/20190913154600_var.jpg,datasets_cloudmask/dataset_cropped/09_Metas/13/15/20190913154600_var.png,379.4,37.7,350.1,22.5,963
9/13/2019 15:47,datasets/dataset_cropped/09_Metas/13/15/20190913154700_var.jpg,datasets_flow/dataset_cropped/09_Metas/13/15/20190913154700_var.jpg,datasets_cloudmask/dataset_cropped/09_Metas/13/15/20190913154700_var.png,346.1,9.8,337.9,22.4,963
9/13/2019 15:48,datasets/dataset_cropped/09_Metas/13/15/20190913154800_var.jpg,datasets_flow/dataset_cropped/09_Metas/13/15/20190913154800_var.jpg,datasets_cloudmask/dataset_cropped/09_Metas/13/15/20190913154800_var.png,337.4,8.3,330.3,22.5,963
9/13/2019 15:49,datasets/dataset_cropped/09_Metas/13/15/20190913154900_var.jpg,datasets_flow/dataset_cropped/09_Metas/13/15/20190913154900_var.jpg,datasets_cloudmask/dataset_cropped/09_Metas/13/15/20190913154900_var.png,357.2,4.7,353.7,22.6,963
9/13/2019 15:50,datasets/dataset_cropped/09_Metas/13/15/20190913155000_var.jpg,datasets_flow/dataset_cropped/09_Metas/13/15/20190913155000_var.jpg,datasets_cloudmask/dataset_cropped/09_Metas/13/15/20190913155000_var.png,358.7,13.6,349.2,22.6,963
9/13/2019 15:51,datasets/dataset_cropped/09_Metas/13/15/20190913155100_var.jpg,datasets_flow/dataset_cropped/09_Metas/13/15/20190913155100_var.jpg,datasets_cloudmask/dataset_cropped/09_Metas/13/15/20190913155100_var.png,340.6,17.7,329.8,22.7,963
9/13/2019 15:52,datasets/dataset_cropped/09_Metas/13/15/20190913155200_var.jpg,datasets_flow/dataset_cropped/09_Metas/13/15/20190913155200_var.jpg,datasets_cloudmask/dataset_cropped/09_Metas/13/15/20190913155200_var.png,326.4,22.4,311.3,22.9,963
9/13/2019 15:53,datasets/dataset_cropped/09_Metas/13/15/20190913155300_var.jpg,datasets_flow/dataset_cropped/09_Metas/13/15/20190913155300_var.jpg,datasets_cloudmask/dataset_cropped/09_Metas/13/15/20190913155300_var.png,298.2,3.5,296.4,22.8,963
9/13/2019 15:54,datasets/dataset_cropped/09_Metas/13/15/20190913155400_var.jpg,datasets_flow/dataset_cropped/09_Metas/13/15/20190913155400_var.jpg,datasets_cloudmask/dataset_cropped/09_Metas/13/15/20190913155400_var.png,402.2,104.6,336.4,22.8,963
9/13/2019 15:55,datasets/dataset_cropped/09_Metas/13/15/20190913155500_var.jpg,datasets_flow/dataset_cropped/09_Metas/13/15/20190913155500_var.jpg,datasets_cloudmask/dataset_cropped/09_Metas/13/15/20190913155500_var.png,485.8,238.7,335.7,22.9,963
9/13/2019 15:56,datasets/dataset_cropped/09_Metas/13/15/20190913155600_var.jpg,datasets_flow/dataset_cropped/09_Metas/13/15/20190913155600_var.jpg,datasets_cloudmask/dataset_cropped/09_Metas/13/15/20190913155600_var.png,508.7,300,320.7,23,963
9/13/2019 15:57,datasets/dataset_cropped/09_Metas/13/15/20190913155700_var.jpg,datasets_flow/dataset_cropped/09_Metas/13/15/20190913155700_var.jpg,datasets_cloudmask/dataset_cropped/09_Metas/13/15/20190913155700_var.png,463.1,269.3,294,22.9,963
9/13/2019 15:58,datasets/dataset_cropped/09_Metas/13/15/20190913155800_var.jpg,datasets_flow/dataset_cropped/09_Metas/13/15/20190913155800_var.jpg,datasets_cloudmask/dataset_cropped/09_Metas/13/15/20190913155800_var.png,463.9,279.8,287,22.9,963
9/13/2019 15:59,datasets/dataset_cropped/09_Metas/13/15/20190913155900_var.jpg,datasets_flow/dataset_cropped/09_Metas/13/15/20190913155900_var.jpg,datasets_cloudmask/dataset_cropped/09_Metas/13/15/20190913155900_var.png,439.3,234.7,291.1,22.9,963
9/13/2019 16:00,datasets/dataset_cropped/09_Metas/13/16/20190913160000_var.jpg,datasets_flow/dataset_cropped/09_Metas/13/16/20190913160000_var.jpg,datasets_cloudmask/dataset_cropped/09_Metas/13/16/20190913160000_var.png,400.8,165.9,296.5,22.9,963
9/13/2019 16:01,datasets/dataset_cropped/09_Metas/13/16/20190913160100_var.jpg,datasets_flow/dataset_cropped/09_Metas/13/16/20190913160100_var.jpg,datasets_cloudmask/dataset_cropped/09_Metas/13/16/20190913160100_var.png,358.4,102.5,292.8,22.9,963
9/13/2019 16:02,datasets/dataset_cropped/09_Metas/13/16/20190913160200_var.jpg,datasets_flow/dataset_cropped/09_Metas/13/16/20190913160200_var.jpg,datasets_cloudmask/dataset_cropped/09_Metas/13/16/20190913160200_var.png,350.7,103.9,284,22.8,963
9/13/2019 16:03,datasets/dataset_cropped/09_Metas/13/16/20190913160300_var.jpg,datasets_flow/dataset_cropped/09_Metas/13/16/20190913160300_var.jpg,datasets_cloudmask/dataset_cropped/09_Metas/13/16/20190913160300_var.png,326.4,84.4,272.8,22.7,963
9/13/2019 16:04,datasets/dataset_cropped/09_Metas/13/16/20190913160400_var.jpg,datasets_flow/dataset_cropped/09_Metas/13/16/20190913160400_var.jpg,datasets_cloudmask/dataset_cropped/09_Metas/13/16/20190913160400_var.png,298.7,51.1,265.8,22.7,963
9/13/2019 16:05,datasets/dataset_cropped/09_Metas/13/16/20190913160500_var.jpg,datasets_flow/dataset_cropped/09_Metas/13/16/20190913160500_var.jpg,datasets_cloudmask/dataset_cropped/09_Metas/13/16/20190913160500_var.png,292.6,34.6,270.1,22.6,963
9/13/2019 16:06,datasets/dataset_cropped/09_Metas/13/16/20190913160600_var.jpg,datasets_flow/dataset_cropped/09_Metas/13/16/20190913160600_var.jpg,datasets_cloudmask/dataset_cropped/09_Metas/13/16/20190913160600_var.png,302.8,39.2,277.4,22.6,963
9/13/2019 16:07,datasets/dataset_cropped/09_Metas/13/16/20190913160700_var.jpg,datasets_flow/dataset_cropped/09_Metas/13/16/20190913160700_var.jpg,datasets_cloudmask/dataset_cropped/09_Metas/13/16/20190913160700_var.png,357.2,100.8,294.6,22.6,963
9/13/2019 16:08,datasets/dataset_cropped/09_Metas/13/16/20190913160800_var.jpg,datasets_flow/dataset_cropped/09_Metas/13/16/20190913160800_var.jpg,datasets_cloudmask/dataset_cropped/09_Metas/13/16/20190913160800_var.png,425,181.7,313.6,22.6,963
9/13/2019 16:09,datasets/dataset_cropped/09_Metas/13/16/20190913160900_var.jpg,datasets_flow/dataset_cropped/09_Metas/13/16/20190913160900_var.jpg,datasets_cloudmask/dataset_cropped/09_Metas/13/16/20190913160900_var.png,444,200.8,321.5,22.6,963
9/13/2019 16:10,datasets/dataset_cropped/09_Metas/13/16/20190913161000_var.jpg,datasets_flow/dataset_cropped/09_Metas/13/16/20190913161000_var.jpg,datasets_cloudmask/dataset_cropped/09_Metas/13/16/20190913161000_var.png,366.9,86.3,313.7,22.8,963
9/13/2019 16:11,datasets/dataset_cropped/09_Metas/13/16/20190913161100_var.jpg,datasets_flow/dataset_cropped/09_Metas/13/16/20190913161100_var.jpg,datasets_cloudmask/dataset_cropped/09_Metas/13/16/20190913161100_var.png,340,51.5,308.2,22.9,963
9/13/2019 16:12,datasets/dataset_cropped/09_Metas/13/16/20190913161200_var.jpg,datasets_flow/dataset_cropped/09_Metas/13/16/20190913161200_var.jpg,datasets_cloudmask/dataset_cropped/09_Metas/13/16/20190913161200_var.png,324.2,32.1,304.2,22.9,963
9/13/2019 16:13,datasets/dataset_cropped/09_Metas/13/16/20190913161300_var.jpg,datasets_flow/dataset_cropped/09_Metas/13/16/20190913161300_var.jpg,datasets_cloudmask/dataset_cropped/09_Metas/13/16/20190913161300_var.png,320.2,29.4,302.3,22.8,963
9/13/2019 16:14,datasets/dataset_cropped/09_Metas/13/16/20190913161400_var.jpg,datasets_flow/dataset_cropped/09_Metas/13/16/20190913161400_var.jpg,datasets_cloudmask/dataset_cropped/09_Metas/13/16/20190913161400_var.png,316.4,20.9,303.5,22.8,963
9/13/2019 16:15,datasets/dataset_cropped/09_Metas/13/16/20190913161500_var.jpg,datasets_flow/dataset_cropped/09_Metas/13/16/20190913161500_var.jpg,datasets_cloudmask/dataset_cropped/09_Metas/13/16/20190913161500_var.png,336.8,35.8,315.5,22.7,963
9/13/2019 16:16,datasets/dataset_cropped/09_Metas/13/16/20190913161600_var.jpg,datasets_flow/dataset_cropped/09_Metas/13/16/20190913161600_var.jpg,datasets_cloudmask/dataset_cropped/09_Metas/13/16/20190913161600_var.png,450.3,185.8,341.8,22.9,963
9/13/2019 16:17,datasets/dataset_cropped/09_Metas/13/16/20190913161700_var.jpg,datasets_flow/dataset_cropped/09_Metas/13/16/20190913161700_var.jpg,datasets_cloudmask/dataset_cropped/09_Metas/13/16/20190913161700_var.png,464.6,181,359.3,22.8,963
9/13/2019 16:18,datasets/dataset_cropped/09_Metas/13/16/20190913161800_var.jpg,datasets_flow/dataset_cropped/09_Metas/13/16/20190913161800_var.jpg,datasets_cloudmask/dataset_cropped/09_Metas/13/16/20190913161800_var.png,534.9,280.1,373.5,22.9,963
9/13/2019 16:19,datasets/dataset_cropped/09_Metas/13/16/20190913161900_var.jpg,datasets_flow/dataset_cropped/09_Metas/13/16/20190913161900_var.jpg,datasets_cloudmask/dataset_cropped/09_Metas/13/16/20190913161900_var.png,550.9,301.1,378.1,23,963
9/13/2019 16:20,datasets/dataset_cropped/09_Metas/13/16/20190913162000_var.jpg,datasets_flow/dataset_cropped/09_Metas/13/16/20190913162000_var.jpg,datasets_cloudmask/dataset_cropped/09_Metas/13/16/20190913162000_var.png,453.5,159.9,361.7,23.2,963
9/13/2019 16:21,datasets/dataset_cropped/09_Metas/13/16/20190913162100_var.jpg,datasets_flow/dataset_cropped/09_Metas/13/16/20190913162100_var.jpg,datasets_cloudmask/dataset_cropped/09_Metas/13/16/20190913162100_var.png,385.9,84.8,337.2,23.2,963
9/13/2019 16:22,datasets/dataset_cropped/09_Metas/13/16/20190913162200_var.jpg,datasets_flow/dataset_cropped/09_Metas/13/16/20190913162200_var.jpg,datasets_cloudmask/dataset_cropped/09_Metas/13/16/20190913162200_var.png,313.7,6.6,310,23.1,963
9/13/2019 16:23,datasets/dataset_cropped/09_Metas/13/16/20190913162300_var.jpg,datasets_flow/dataset_cropped/09_Metas/13/16/20190913162300_var.jpg,datasets_cloudmask/dataset_cropped/09_Metas/13/16/20190913162300_var.png,292.7,4.7,290,23,963
9/13/2019 16:24,datasets/dataset_cropped/09_Metas/13/16/20190913162400_var.jpg,datasets_flow/dataset_cropped/09_Metas/13/16/20190913162400_var.jpg,datasets_cloudmask/dataset_cropped/09_Metas/13/16/20190913162400_var.png,287.1,18.2,276.4,22.9,963
9/13/2019 16:25,datasets/dataset_cropped/09_Metas/13/16/20190913162500_var.jpg,datasets_flow/dataset_cropped/09_Metas/13/16/20190913162500_var.jpg,datasets_cloudmask/dataset_cropped/09_Metas/13/16/20190913162500_var.png,270.3,12.8,262.6,22.9,963
9/13/2019 16:26,datasets/dataset_cropped/09_Metas/13/16/20190913162600_var.jpg,datasets_flow/dataset_cropped/09_Metas/13/16/20190913162600_var.jpg,datasets_cloudmask/dataset_cropped/09_Metas/13/16/20190913162600_var.png,254.4,16.4,244.5,22.8,963
9/13/2019 16:27,datasets/dataset_cropped/09_Metas/13/16/20190913162700_var.jpg,datasets_flow/dataset_cropped/09_Metas/13/16/20190913162700_var.jpg,datasets_cloudmask/dataset_cropped/09_Metas/13/16/20190913162700_var.png,229.2,2,227.3,22.7,963
9/13/2019 16:28,datasets/dataset_cropped/09_Metas/13/16/20190913162800_var.jpg,datasets_flow/dataset_cropped/09_Metas/13/16/20190913162800_var.jpg,datasets_cloudmask/dataset_cropped/09_Metas/13/16/20190913162800_var.png,224.3,6.8,219.5,22.7,963
9/13/2019 16:29,datasets/dataset_cropped/09_Metas/13/16/20190913162900_var.jpg,datasets_flow/dataset_cropped/09_Metas/13/16/20190913162900_var.jpg,datasets_cloudmask/dataset_cropped/09_Metas/13/16/20190913162900_var.png,230.7,20.3,218.6,22.7,963
9/13/2019 16:30,datasets/dataset_cropped/09_Metas/13/16/20190913163000_var.jpg,datasets_flow/dataset_cropped/09_Metas/13/16/20190913163000_var.jpg,datasets_cloudmask/dataset_cropped/09_Metas/13/16/20190913163000_var.png,232.1,24.7,217.5,22.8,963
9/13/2019 16:31,datasets/dataset_cropped/09_Metas/13/16/20190913163100_var.jpg,datasets_flow/dataset_cropped/09_Metas/13/16/20190913163100_var.jpg,datasets_cloudmask/dataset_cropped/09_Metas/13/16/20190913163100_var.png,226,19.8,214.3,22.7,963
9/13/2019 16:32,datasets/dataset_cropped/09_Metas/13/16/20190913163200_var.jpg,datasets_flow/dataset_cropped/09_Metas/13/16/20190913163200_var.jpg,datasets_cloudmask/dataset_cropped/09_Metas/13/16/20190913163200_var.png,230.2,27.1,214.7,22.6,963
9/13/2019 16:33,datasets/dataset_cropped/09_Metas/13/16/20190913163300_var.jpg,datasets_flow/dataset_cropped/09_Metas/13/16/20190913163300_var.jpg,datasets_cloudmask/dataset_cropped/09_Metas/13/16/20190913163300_var.png,228.6,15.6,219.5,22.8,963
9/13/2019 16:34,datasets/dataset_cropped/09_Metas/13/16/20190913163400_var.jpg,datasets_flow/dataset_cropped/09_Metas/13/16/20190913163400_var.jpg,datasets_cloudmask/dataset_cropped/09_Metas/13/16/20190913163400_var.png,245.5,30.8,228.2,22.7,963
9/13/2019 16:35,datasets/dataset_cropped/09_Metas/13/16/20190913163500_var.jpg,datasets_flow/dataset_cropped/09_Metas/13/16/20190913163500_var.jpg,datasets_cloudmask/dataset_cropped/09_Metas/13/16/20190913163500_var.png,258.9,42.2,235.8,22.8,963
9/13/2019 16:36,datasets/dataset_cropped/09_Metas/13/16/20190913163600_var.jpg,datasets_flow/dataset_cropped/09_Metas/13/16/20190913163600_var.jpg,datasets_cloudmask/dataset_cropped/09_Metas/13/16/20190913163600_var.png,311.1,120,247.3,22.8,963
9/13/2019 16:37,datasets/dataset_cropped/09_Metas/13/16/20190913163700_var.jpg,datasets_flow/dataset_cropped/09_Metas/13/16/20190913163700_var.jpg,datasets_cloudmask/dataset_cropped/09_Metas/13/16/20190913163700_var.png,394.7,243.8,266,22.7,963
9/13/2019 16:38,datasets/dataset_cropped/09_Metas/13/16/20190913163800_var.jpg,datasets_flow/dataset_cropped/09_Metas/13/16/20190913163800_var.jpg,datasets_cloudmask/dataset_cropped/09_Metas/13/16/20190913163800_var.png,325.6,104.8,270.1,22.8,963
9/13/2019 16:39,datasets/dataset_cropped/09_Metas/13/16/20190913163900_var.jpg,datasets_flow/dataset_cropped/09_Metas/13/16/20190913163900_var.jpg,datasets_cloudmask/dataset_cropped/09_Metas/13/16/20190913163900_var.png,308.8,66.1,274,22.8,963
9/13/2019 16:40,datasets/dataset_cropped/09_Metas/13/16/20190913164000_var.jpg,datasets_flow/dataset_cropped/09_Metas/13/16/20190913164000_var.jpg,datasets_cloudmask/dataset_cropped/09_Metas/13/16/20190913164000_var.png,309.7,57.7,279.7,22.8,963
9/13/2019 16:41,datasets/dataset_cropped/09_Metas/13/16/20190913164100_var.jpg,datasets_flow/dataset_cropped/09_Metas/13/16/20190913164100_var.jpg,datasets_cloudmask/dataset_cropped/09_Metas/13/16/20190913164100_var.png,339.4,102.2,286.7,22.8,963
9/13/2019 16:42,datasets/dataset_cropped/09_Metas/13/16/20190913164200_var.jpg,datasets_flow/dataset_cropped/09_Metas/13/16/20190913164200_var.jpg,datasets_cloudmask/dataset_cropped/09_Metas/13/16/20190913164200_var.png,389.3,179,297.6,22.8,963
9/13/2019 16:43,datasets/dataset_cropped/09_Metas/13/16/20190913164300_var.jpg,datasets_flow/dataset_cropped/09_Metas/13/16/20190913164300_var.jpg,datasets_cloudmask/dataset_cropped/09_Metas/13/16/20190913164300_var.png,409.4,202.2,306.3,22.8,963
9/13/2019 16:44,datasets/dataset_cropped/09_Metas/13/16/20190913164400_var.jpg,datasets_flow/dataset_cropped/09_Metas/13/16/20190913164400_var.jpg,datasets_cloudmask/dataset_cropped/09_Metas/13/16/20190913164400_var.png,328.7,60.8,298,22.9,963
9/13/2019 16:45,datasets/dataset_cropped/09_Metas/13/16/20190913164500_var.jpg,datasets_flow/dataset_cropped/09_Metas/13/16/20190913164500_var.jpg,datasets_cloudmask/dataset_cropped/09_Metas/13/16/20190913164500_var.png,302.3,23.2,290.8,22.9,963
9/13/2019 16:46,datasets/dataset_cropped/09_Metas/13/16/20190913164600_var.jpg,datasets_flow/dataset_cropped/09_Metas/13/16/20190913164600_var.jpg,datasets_cloudmask/dataset_cropped/09_Metas/13/16/20190913164600_var.png,285,3.9,283.4,22.8,963
9/13/2019 16:47,datasets/dataset_cropped/09_Metas/13/16/20190913164700_var.jpg,datasets_flow/dataset_cropped/09_Metas/13/16/20190913164700_var.jpg,datasets_cloudmask/dataset_cropped/09_Metas/13/16/20190913164700_var.png,282.7,10.4,277.8,22.9,963
9/13/2019 16:48,datasets/dataset_cropped/09_Metas/13/16/20190913164800_var.jpg,datasets_flow/dataset_cropped/09_Metas/13/16/20190913164800_var.jpg,datasets_cloudmask/dataset_cropped/09_Metas/13/16/20190913164800_var.png,299.1,45.9,276.2,22.9,963
9/13/2019 16:49,datasets/dataset_cropped/09_Metas/13/16/20190913164900_var.jpg,datasets_flow/dataset_cropped/09_Metas/13/16/20190913164900_var.jpg,datasets_cloudmask/dataset_cropped/09_Metas/13/16/20190913164900_var.png,291.5,31.8,275.1,22.7,963
9/13/2019 16:50,datasets/dataset_cropped/09_Metas/13/16/20190913165000_var.jpg,datasets_flow/dataset_cropped/09_Metas/13/16/20190913165000_var.jpg,datasets_cloudmask/dataset_cropped/09_Metas/13/16/20190913165000_var.png,331.6,104.2,280,22.6,963
9/13/2019 16:51,datasets/dataset_cropped/09_Metas/13/16/20190913165100_var.jpg,datasets_flow/dataset_cropped/09_Metas/13/16/20190913165100_var.jpg,datasets_cloudmask/dataset_cropped/09_Metas/13/16/20190913165100_var.png,375.8,175.3,289.6,22.6,963
9/13/2019 16:52,datasets/dataset_cropped/09_Metas/13/16/20190913165200_var.jpg,datasets_flow/dataset_cropped/09_Metas/13/16/20190913165200_var.jpg,datasets_cloudmask/dataset_cropped/09_Metas/13/16/20190913165200_var.png,425.3,268.4,295.1,22.7,963
9/13/2019 16:53,datasets/dataset_cropped/09_Metas/13/16/20190913165300_var.jpg,datasets_flow/dataset_cropped/09_Metas/13/16/20190913165300_var.jpg,datasets_cloudmask/dataset_cropped/09_Metas/13/16/20190913165300_var.png,418.9,272.7,287.5,22.8,963
9/13/2019 16:54,datasets/dataset_cropped/09_Metas/13/16/20190913165400_var.jpg,datasets_flow/dataset_cropped/09_Metas/13/16/20190913165400_var.jpg,datasets_cloudmask/dataset_cropped/09_Metas/13/16/20190913165400_var.png,401.7,269.6,273.1,22.7,963
9/13/2019 16:55,datasets/dataset_cropped/09_Metas/13/16/20190913165500_var.jpg,datasets_flow/dataset_cropped/09_Metas/13/16/20190913165500_var.jpg,datasets_cloudmask/dataset_cropped/09_Metas/13/16/20190913165500_var.png,299.4,79.9,260.7,22.9,963
9/13/2019 16:56,datasets/dataset_cropped/09_Metas/13/16/20190913165600_var.jpg,datasets_flow/dataset_cropped/09_Metas/13/16/20190913165600_var.jpg,datasets_cloudmask/dataset_cropped/09_Metas/13/16/20190913165600_var.png,281.9,56.1,255.1,22.8,964
9/13/2019 16:57,datasets/dataset_cropped/09_Metas/13/16/20190913165700_var.jpg,datasets_flow/dataset_cropped/09_Metas/13/16/20190913165700_var.jpg,datasets_cloudmask/dataset_cropped/09_Metas/13/16/20190913165700_var.png,268,47,245.5,22.7,964
9/13/2019 16:58,datasets/dataset_cropped/09_Metas/13/16/20190913165800_var.jpg,datasets_flow/dataset_cropped/09_Metas/13/16/20190913165800_var.jpg,datasets_cloudmask/dataset_cropped/09_Metas/13/16/20190913165800_var.png,291,121.2,234.3,22.6,963
9/13/2019 16:59,datasets/dataset_cropped/09_Metas/13/16/20190913165900_var.jpg,datasets_flow/dataset_cropped/09_Metas/13/16/20190913165900_var.jpg,datasets_cloudmask/dataset_cropped/09_Metas/13/16/20190913165900_var.png,340.7,233.8,231.9,22.5,963
9/13/2019 17:00,datasets/dataset_cropped/09_Metas/13/17/20190913170000_var.jpg,datasets_flow/dataset_cropped/09_Metas/13/17/20190913170000_var.jpg,datasets_cloudmask/dataset_cropped/09_Metas/13/17/20190913170000_var.png,310.8,168.5,232.3,22.5,963
9/13/2019 17:01,datasets/dataset_cropped/09_Metas/13/17/20190913170100_var.jpg,datasets_flow/dataset_cropped/09_Metas/13/17/20190913170100_var.jpg,datasets_cloudmask/dataset_cropped/09_Metas/13/17/20190913170100_var.png,245.5,38.3,227,22.6,964
9/13/2019 17:02,datasets/dataset_cropped/09_Metas/13/17/20190913170200_var.jpg,datasets_flow/dataset_cropped/09_Metas/13/17/20190913170200_var.jpg,datasets_cloudmask/dataset_cropped/09_Metas/13/17/20190913170200_var.png,243,59.9,215.3,22.7,963
9/13/2019 17:03,datasets/dataset_cropped/09_Metas/13/17/20190913170300_var.jpg,datasets_flow/dataset_cropped/09_Metas/13/17/20190913170300_var.jpg,datasets_cloudmask/dataset_cropped/09_Metas/13/17/20190913170300_var.png,240.8,87.2,201.1,22.7,964
9/13/2019 17:04,datasets/dataset_cropped/09_Metas/13/17/20190913170400_var.jpg,datasets_flow/dataset_cropped/09_Metas/13/17/20190913170400_var.jpg,datasets_cloudmask/dataset_cropped/09_Metas/13/17/20190913170400_var.png,189.4,16.1,181.6,22.7,964
9/13/2019 17:05,datasets/dataset_cropped/09_Metas/13/17/20190913170500_var.jpg,datasets_flow/dataset_cropped/09_Metas/13/17/20190913170500_var.jpg,datasets_cloudmask/dataset_cropped/09_Metas/13/17/20190913170500_var.png,174.9,12.8,169.2,22.7,964
9/13/2019 17:06,datasets/dataset_cropped/09_Metas/13/17/20190913170600_var.jpg,datasets_flow/dataset_cropped/09_Metas/13/17/20190913170600_var.jpg,datasets_cloudmask/dataset_cropped/09_Metas/13/17/20190913170600_var.png,164.1,3.6,162.4,22.6,964
9/13/2019 17:07,datasets/dataset_cropped/09_Metas/13/17/20190913170700_var.jpg,datasets_flow/dataset_cropped/09_Metas/13/17/20190913170700_var.jpg,datasets_cloudmask/dataset_cropped/09_Metas/13/17/20190913170700_var.png,161.1,8.7,157.1,22.6,964
9/13/2019 17:08,datasets/dataset_cropped/09_Metas/13/17/20190913170800_var.jpg,datasets_flow/dataset_cropped/09_Metas/13/17/20190913170800_var.jpg,datasets_cloudmask/dataset_cropped/09_Metas/13/17/20190913170800_var.png,153.4,1.1,152.9,22.6,964
9/13/2019 17:09,datasets/dataset_cropped/09_Metas/13/17/20190913170900_var.jpg,datasets_flow/dataset_cropped/09_Metas/13/17/20190913170900_var.jpg,datasets_cloudmask/dataset_cropped/09_Metas/13/17/20190913170900_var.png,153.1,6.4,150.4,22.6,964
9/13/2019 17:10,datasets/dataset_cropped/09_Metas/13/17/20190913171000_var.jpg,datasets_flow/dataset_cropped/09_Metas/13/17/20190913171000_var.jpg,datasets_cloudmask/dataset_cropped/09_Metas/13/17/20190913171000_var.png,153.8,9.6,149.8,22.7,964
9/13/2019 17:11,datasets/dataset_cropped/09_Metas/13/17/20190913171100_var.jpg,datasets_flow/dataset_cropped/09_Metas/13/17/20190913171100_var.jpg,datasets_cloudmask/dataset_cropped/09_Metas/13/17/20190913171100_var.png,150.8,4.7,149,22.7,964
9/13/2019 17:12,datasets/dataset_cropped/09_Metas/13/17/20190913171200_var.jpg,datasets_flow/dataset_cropped/09_Metas/13/17/20190913171200_var.jpg,datasets_cloudmask/dataset_cropped/09_Metas/13/17/20190913171200_var.png,145.3,1.2,145,22.7,963
9/13/2019 17:13,datasets/dataset_cropped/09_Metas/13/17/20190913171300_var.jpg,datasets_flow/dataset_cropped/09_Metas/13/17/20190913171300_var.jpg,datasets_cloudmask/dataset_cropped/09_Metas/13/17/20190913171300_var.png,140.5,0.2,140.6,22.7,964
9/13/2019 17:14,datasets/dataset_cropped/09_Metas/13/17/20190913171400_var.jpg,datasets_flow/dataset_cropped/09_Metas/13/17/20190913171400_var.jpg,datasets_cloudmask/dataset_cropped/09_Metas/13/17/20190913171400_var.png,141.6,0.2,141.8,22.7,964
9/13/2019 17:15,datasets/dataset_cropped/09_Metas/13/17/20190913171500_var.jpg,datasets_flow/dataset_cropped/09_Metas/13/17/20190913171500_var.jpg,datasets_cloudmask/dataset_cropped/09_Metas/13/17/20190913171500_var.png,147.9,0.2,148.1,22.7,964
9/13/2019 17:16,datasets/dataset_cropped/09_Metas/13/17/20190913171600_var.jpg,datasets_flow/dataset_cropped/09_Metas/13/17/20190913171600_var.jpg,datasets_cloudmask/dataset_cropped/09_Metas/13/17/20190913171600_var.png,151.8,0.2,151.9,22.7,964
9/13/2019 17:17,datasets/dataset_cropped/09_Metas/13/17/20190913171700_var.jpg,datasets_flow/dataset_cropped/09_Metas/13/17/20190913171700_var.jpg,datasets_cloudmask/dataset_cropped/09_Metas/13/17/20190913171700_var.png,151.6,0.4,151.7,22.7,964
9/13/2019 17:18,datasets/dataset_cropped/09_Metas/13/17/20190913171800_var.jpg,datasets_flow/dataset_cropped/09_Metas/13/17/20190913171800_var.jpg,datasets_cloudmask/dataset_cropped/09_Metas/13/17/20190913171800_var.png,150.4,0.1,150.8,22.7,964
9/13/2019 17:19,datasets/dataset_cropped/09_Metas/13/17/20190913171900_var.jpg,datasets_flow/dataset_cropped/09_Metas/13/17/20190913171900_var.jpg,datasets_cloudmask/dataset_cropped/09_Metas/13/17/20190913171900_var.png,149.1,0.6,149.2,22.7,964
9/13/2019 17:20,datasets/dataset_cropped/09_Metas/13/17/20190913172000_var.jpg,datasets_flow/dataset_cropped/09_Metas/13/17/20190913172000_var.jpg,datasets_cloudmask/dataset_cropped/09_Metas/13/17/20190913172000_var.png,148.6,4.9,146.9,22.7,964
9/13/2019 17:21,datasets/dataset_cropped/09_Metas/13/17/20190913172100_var.jpg,datasets_flow/dataset_cropped/09_Metas/13/17/20190913172100_var.jpg,datasets_cloudmask/dataset_cropped/09_Metas/13/17/20190913172100_var.png,144.7,1.3,144.5,22.7,964
9/13/2019 17:22,datasets/dataset_cropped/09_Metas/13/17/20190913172200_var.jpg,datasets_flow/dataset_cropped/09_Metas/13/17/20190913172200_var.jpg,datasets_cloudmask/dataset_cropped/09_Metas/13/17/20190913172200_var.png,142.2,0.4,142.5,22.7,964
9/13/2019 17:23,datasets/dataset_cropped/09_Metas/13/17/20190913172300_var.jpg,datasets_flow/dataset_cropped/09_Metas/13/17/20190913172300_var.jpg,datasets_cloudmask/dataset_cropped/09_Metas/13/17/20190913172300_var.png,140.2,4.8,138.7,22.7,964
9/13/2019 17:24,datasets/dataset_cropped/09_Metas/13/17/20190913172400_var.jpg,datasets_flow/dataset_cropped/09_Metas/13/17/20190913172400_var.jpg,datasets_cloudmask/dataset_cropped/09_Metas/13/17/20190913172400_var.png,133.2,1.6,133.1,22.8,964
9/13/2019 17:25,datasets/dataset_cropped/09_Metas/13/17/20190913172500_var.jpg,datasets_flow/dataset_cropped/09_Metas/13/17/20190913172500_var.jpg,datasets_cloudmask/dataset_cropped/09_Metas/13/17/20190913172500_var.png,125.7,2.2,125.2,22.8,964
9/13/2019 17:26,datasets/dataset_cropped/09_Metas/13/17/20190913172600_var.jpg,datasets_flow/dataset_cropped/09_Metas/13/17/20190913172600_var.jpg,datasets_cloudmask/dataset_cropped/09_Metas/13/17/20190913172600_var.png,116.6,2,116.2,22.8,964
9/13/2019 17:27,datasets/dataset_cropped/09_Metas/13/17/20190913172700_var.jpg,datasets_flow/dataset_cropped/09_Metas/13/17/20190913172700_var.jpg,datasets_cloudmask/dataset_cropped/09_Metas/13/17/20190913172700_var.png,108.2,2.1,107.7,22.8,964
9/13/2019 17:28,datasets/dataset_cropped/09_Metas/13/17/20190913172800_var.jpg,datasets_flow/dataset_cropped/09_Metas/13/17/20190913172800_var.jpg,datasets_cloudmask/dataset_cropped/09_Metas/13/17/20190913172800_var.png,102,4,100.7,22.8,964
9/13/2019 17:29,datasets/dataset_cropped/09_Metas/13/17/20190913172900_var.jpg,datasets_flow/dataset_cropped/09_Metas/13/17/20190913172900_var.jpg,datasets_cloudmask/dataset_cropped/09_Metas/13/17/20190913172900_var.png,95.1,0.4,95.1,22.7,964
9/13/2019 17:30,datasets/dataset_cropped/09_Metas/13/17/20190913173000_var.jpg,datasets_flow/dataset_cropped/09_Metas/13/17/20190913173000_var.jpg,datasets_cloudmask/dataset_cropped/09_Metas/13/17/20190913173000_var.png,91.1,0,91.4,22.6,964
9/13/2019 17:31,datasets/dataset_cropped/09_Metas/13/17/20190913173100_var.jpg,datasets_flow/dataset_cropped/09_Metas/13/17/20190913173100_var.jpg,datasets_cloudmask/dataset_cropped/09_Metas/13/17/20190913173100_var.png,89.2,0,89.5,22.6,964
9/13/2019 17:32,datasets/dataset_cropped/09_Metas/13/17/20190913173200_var.jpg,datasets_flow/dataset_cropped/09_Metas/13/17/20190913173200_var.jpg,datasets_cloudmask/dataset_cropped/09_Metas/13/17/20190913173200_var.png,88.6,0,88.9,22.6,964
9/13/2019 17:33,datasets/dataset_cropped/09_Metas/13/17/20190913173300_var.jpg,datasets_flow/dataset_cropped/09_Metas/13/17/20190913173300_var.jpg,datasets_cloudmask/dataset_cropped/09_Metas/13/17/20190913173300_var.png,89,0,89.2,22.6,964
9/13/2019 17:34,datasets/dataset_cropped/09_Metas/13/17/20190913173400_var.jpg,datasets_flow/dataset_cropped/09_Metas/13/17/20190913173400_var.jpg,datasets_cloudmask/dataset_cropped/09_Metas/13/17/20190913173400_var.png,89.7,0,89.9,22.6,964
9/13/2019 17:35,datasets/dataset_cropped/09_Metas/13/17/20190913173500_var.jpg,datasets_flow/dataset_cropped/09_Metas/13/17/20190913173500_var.jpg,datasets_cloudmask/dataset_cropped/09_Metas/13/17/20190913173500_var.png,91.2,0,91.5,22.6,964
9/13/2019 17:36,datasets/dataset_cropped/09_Metas/13/17/20190913173600_var.jpg,datasets_flow/dataset_cropped/09_Metas/13/17/20190913173600_var.jpg,datasets_cloudmask/dataset_cropped/09_Metas/13/17/20190913173600_var.png,94.3,0,94.6,22.6,964
9/13/2019 17:37,datasets/dataset_cropped/09_Metas/13/17/20190913173700_var.jpg,datasets_flow/dataset_cropped/09_Metas/13/17/20190913173700_var.jpg,datasets_cloudmask/dataset_cropped/09_Metas/13/17/20190913173700_var.png,99,0,99.3,22.5,964
9/13/2019 17:38,datasets/dataset_cropped/09_Metas/13/17/20190913173800_var.jpg,datasets_flow/dataset_cropped/09_Metas/13/17/20190913173800_var.jpg,datasets_cloudmask/dataset_cropped/09_Metas/13/17/20190913173800_var.png,104.4,0,104.7,22.6,964
9/13/2019 17:39,datasets/dataset_cropped/09_Metas/13/17/20190913173900_var.jpg,datasets_flow/dataset_cropped/09_Metas/13/17/20190913173900_var.jpg,datasets_cloudmask/dataset_cropped/09_Metas/13/17/20190913173900_var.png,109.4,0,109.7,22.6,964
9/13/2019 17:40,datasets/dataset_cropped/09_Metas/13/17/20190913174000_var.jpg,datasets_flow/dataset_cropped/09_Metas/13/17/20190913174000_var.jpg,datasets_cloudmask/dataset_cropped/09_Metas/13/17/20190913174000_var.png,113.4,0.1,113.8,22.6,964
9/13/2019 17:41,datasets/dataset_cropped/09_Metas/13/17/20190913174100_var.jpg,datasets_flow/dataset_cropped/09_Metas/13/17/20190913174100_var.jpg,datasets_cloudmask/dataset_cropped/09_Metas/13/17/20190913174100_var.png,115.8,0.1,116.1,22.6,964
9/13/2019 17:42,datasets/dataset_cropped/09_Metas/13/17/20190913174200_var.jpg,datasets_flow/dataset_cropped/09_Metas/13/17/20190913174200_var.jpg,datasets_cloudmask/dataset_cropped/09_Metas/13/17/20190913174200_var.png,115.2,0.1,115.6,22.7,964
9/13/2019 17:43,datasets/dataset_cropped/09_Metas/13/17/20190913174300_var.jpg,datasets_flow/dataset_cropped/09_Metas/13/17/20190913174300_var.jpg,datasets_cloudmask/dataset_cropped/09_Metas/13/17/20190913174300_var.png,111.6,0.1,112,22.6,964
9/13/2019 17:44,datasets/dataset_cropped/09_Metas/13/17/20190913174400_var.jpg,datasets_flow/dataset_cropped/09_Metas/13/17/20190913174400_var.jpg,datasets_cloudmask/dataset_cropped/09_Metas/13/17/20190913174400_var.png,108.9,0.1,109.3,22.6,964
9/13/2019 17:45,datasets/dataset_cropped/09_Metas/13/17/20190913174500_var.jpg,datasets_flow/dataset_cropped/09_Metas/13/17/20190913174500_var.jpg,datasets_cloudmask/dataset_cropped/09_Metas/13/17/20190913174500_var.png,107.3,0.1,107.6,22.6,964
9/13/2019 17:46,datasets/dataset_cropped/09_Metas/13/17/20190913174600_var.jpg,datasets_flow/dataset_cropped/09_Metas/13/17/20190913174600_var.jpg,datasets_cloudmask/dataset_cropped/09_Metas/13/17/20190913174600_var.png,102.5,0.1,102.9,22.6,964
9/13/2019 17:47,datasets/dataset_cropped/09_Metas/13/17/20190913174700_var.jpg,datasets_flow/dataset_cropped/09_Metas/13/17/20190913174700_var.jpg,datasets_cloudmask/dataset_cropped/09_Metas/13/17/20190913174700_var.png,95.8,0,96.2,22.6,964
9/13/2019 17:48,datasets/dataset_cropped/09_Metas/13/17/20190913174800_var.jpg,datasets_flow/dataset_cropped/09_Metas/13/17/20190913174800_var.jpg,datasets_cloudmask/dataset_cropped/09_Metas/13/17/20190913174800_var.png,88.5,0,88.8,22.6,964
9/13/2019 17:49,datasets/dataset_cropped/09_Metas/13/17/20190913174900_var.jpg,datasets_flow/dataset_cropped/09_Metas/13/17/20190913174900_var.jpg,datasets_cloudmask/dataset_cropped/09_Metas/13/17/20190913174900_var.png,80.7,0,81.1,22.6,964
9/13/2019 17:50,datasets/dataset_cropped/09_Metas/13/17/20190913175000_var.jpg,datasets_flow/dataset_cropped/09_Metas/13/17/20190913175000_var.jpg,datasets_cloudmask/dataset_cropped/09_Metas/13/17/20190913175000_var.png,72.5,0,72.8,22.5,964
9/13/2019 17:51,datasets/dataset_cropped/09_Metas/13/17/20190913175100_var.jpg,datasets_flow/dataset_cropped/09_Metas/13/17/20190913175100_var.jpg,datasets_cloudmask/dataset_cropped/09_Metas/13/17/20190913175100_var.png,64.6,0,64.9,22.4,964
9/13/2019 17:52,datasets/dataset_cropped/09_Metas/13/17/20190913175200_var.jpg,datasets_flow/dataset_cropped/09_Metas/13/17/20190913175200_var.jpg,datasets_cloudmask/dataset_cropped/09_Metas/13/17/20190913175200_var.png,58.1,0,58.3,22.4,964
9/13/2019 17:53,datasets/dataset_cropped/09_Metas/13/17/20190913175300_var.jpg,datasets_flow/dataset_cropped/09_Metas/13/17/20190913175300_var.jpg,datasets_cloudmask/dataset_cropped/09_Metas/13/17/20190913175300_var.png,52.3,0,52.4,22.3,964
9/13/2019 17:54,datasets/dataset_cropped/09_Metas/13/17/20190913175400_var.jpg,datasets_flow/dataset_cropped/09_Metas/13/17/20190913175400_var.jpg,datasets_cloudmask/dataset_cropped/09_Metas/13/17/20190913175400_var.png,47,0,47.1,22.2,964
9/13/2019 17:55,datasets/dataset_cropped/09_Metas/13/17/20190913175500_var.jpg,datasets_flow/dataset_cropped/09_Metas/13/17/20190913175500_var.jpg,datasets_cloudmask/dataset_cropped/09_Metas/13/17/20190913175500_var.png,42.8,0,42.9,22.2,964
9/13/2019 17:56,datasets/dataset_cropped/09_Metas/13/17/20190913175600_var.jpg,datasets_flow/dataset_cropped/09_Metas/13/17/20190913175600_var.jpg,datasets_cloudmask/dataset_cropped/09_Metas/13/17/20190913175600_var.png,39.8,0,39.8,22.2,964
9/13/2019 17:57,datasets/dataset_cropped/09_Metas/13/17/20190913175700_var.jpg,datasets_flow/dataset_cropped/09_Metas/13/17/20190913175700_var.jpg,datasets_cloudmask/dataset_cropped/09_Metas/13/17/20190913175700_var.png,38.6,0,38.5,22.1,964
9/13/2019 17:58,datasets/dataset_cropped/09_Metas/13/17/20190913175800_var.jpg,datasets_flow/dataset_cropped/09_Metas/13/17/20190913175800_var.jpg,datasets_cloudmask/dataset_cropped/09_Metas/13/17/20190913175800_var.png,38.8,0,38.8,22.1,964
9/13/2019 17:59,datasets/dataset_cropped/09_Metas/13/17/20190913175900_var.jpg,datasets_flow/dataset_cropped/09_Metas/13/17/20190913175900_var.jpg,datasets_cloudmask/dataset_cropped/09_Metas/13/17/20190913175900_var.png,39.5,0,39.5,22.1,964
9/13/2019 18:00,datasets/dataset_cropped/09_Metas/13/18/20190913180000_var.jpg,datasets_flow/dataset_cropped/09_Metas/13/18/20190913180000_var.jpg,datasets_cloudmask/dataset_cropped/09_Metas/13/18/20190913180000_var.png,39.4,0,39.4,22.1,964
9/13/2019 18:01,datasets/dataset_cropped/09_Metas/13/18/20190913180100_var.jpg,datasets_flow/dataset_cropped/09_Metas/13/18/20190913180100_var.jpg,datasets_cloudmask/dataset_cropped/09_Metas/13/18/20190913180100_var.png,38.3,0,38.3,22.1,964
9/13/2019 18:02,datasets/dataset_cropped/09_Metas/13/18/20190913180200_var.jpg,datasets_flow/dataset_cropped/09_Metas/13/18/20190913180200_var.jpg,datasets_cloudmask/dataset_cropped/09_Metas/13/18/20190913180200_var.png,36.7,0,36.8,22,964
9/13/2019 18:03,datasets/dataset_cropped/09_Metas/13/18/20190913180300_var.jpg,datasets_flow/dataset_cropped/09_Metas/13/18/20190913180300_var.jpg,datasets_cloudmask/dataset_cropped/09_Metas/13/18/20190913180300_var.png,34.8,0,34.9,22.1,964
9/13/2019 18:04,datasets/dataset_cropped/09_Metas/13/18/20190913180400_var.jpg,datasets_flow/dataset_cropped/09_Metas/13/18/20190913180400_var.jpg,datasets_cloudmask/dataset_cropped/09_Metas/13/18/20190913180400_var.png,32.9,0,33,22.2,964
9/13/2019 18:05,datasets/dataset_cropped/09_Metas/13/18/20190913180500_var.jpg,datasets_flow/dataset_cropped/09_Metas/13/18/20190913180500_var.jpg,datasets_cloudmask/dataset_cropped/09_Metas/13/18/20190913180500_var.png,31,0,31.2,22.2,964
9/13/2019 18:06,datasets/dataset_cropped/09_Metas/13/18/20190913180600_var.jpg,datasets_flow/dataset_cropped/09_Metas/13/18/20190913180600_var.jpg,datasets_cloudmask/dataset_cropped/09_Metas/13/18/20190913180600_var.png,29.7,0,29.9,22.2,964
9/13/2019 18:07,datasets/dataset_cropped/09_Metas/13/18/20190913180700_var.jpg,datasets_flow/dataset_cropped/09_Metas/13/18/20190913180700_var.jpg,datasets_cloudmask/dataset_cropped/09_Metas/13/18/20190913180700_var.png,30,0,30.1,22.2,964
9/13/2019 18:08,datasets/dataset_cropped/09_Metas/13/18/20190913180800_var.jpg,datasets_flow/dataset_cropped/09_Metas/13/18/20190913180800_var.jpg,datasets_cloudmask/dataset_cropped/09_Metas/13/18/20190913180800_var.png,32.8,0.1,33,22.3,964
9/13/2019 18:09,datasets/dataset_cropped/09_Metas/13/18/20190913180900_var.jpg,datasets_flow/dataset_cropped/09_Metas/13/18/20190913180900_var.jpg,datasets_cloudmask/dataset_cropped/09_Metas/13/18/20190913180900_var.png,38.3,0.3,38.3,22.2,964
9/13/2019 18:10,datasets/dataset_cropped/09_Metas/13/18/20190913181000_var.jpg,datasets_flow/dataset_cropped/09_Metas/13/18/20190913181000_var.jpg,datasets_cloudmask/dataset_cropped/09_Metas/13/18/20190913181000_var.png,44.9,0.3,45,22.2,964
9/13/2019 18:11,datasets/dataset_cropped/09_Metas/13/18/20190913181100_var.jpg,datasets_flow/dataset_cropped/09_Metas/13/18/20190913181100_var.jpg,datasets_cloudmask/dataset_cropped/09_Metas/13/18/20190913181100_var.png,50.5,1,50.4,22.3,964
9/13/2019 18:12,datasets/dataset_cropped/09_Metas/13/18/20190913181200_var.jpg,datasets_flow/dataset_cropped/09_Metas/13/18/20190913181200_var.jpg,datasets_cloudmask/dataset_cropped/09_Metas/13/18/20190913181200_var.png,53.3,1.4,53.1,22.3,964
9/13/2019 18:13,datasets/dataset_cropped/09_Metas/13/18/20190913181300_var.jpg,datasets_flow/dataset_cropped/09_Metas/13/18/20190913181300_var.jpg,datasets_cloudmask/dataset_cropped/09_Metas/13/18/20190913181300_var.png,53.8,0.2,54,22.3,964
9/13/2019 18:14,datasets/dataset_cropped/09_Metas/13/18/20190913181400_var.jpg,datasets_flow/dataset_cropped/09_Metas/13/18/20190913181400_var.jpg,datasets_cloudmask/dataset_cropped/09_Metas/13/18/20190913181400_var.png,54.4,0.6,54.4,22.3,964
9/13/2019 18:15,datasets/dataset_cropped/09_Metas/13/18/20190913181500_var.jpg,datasets_flow/dataset_cropped/09_Metas/13/18/20190913181500_var.jpg,datasets_cloudmask/dataset_cropped/09_Metas/13/18/20190913181500_var.png,56,1.5,55.9,22.3,964
9/13/2019 18:16,datasets/dataset_cropped/09_Metas/13/18/20190913181600_var.jpg,datasets_flow/dataset_cropped/09_Metas/13/18/20190913181600_var.jpg,datasets_cloudmask/dataset_cropped/09_Metas/13/18/20190913181600_var.png,58.1,0.7,58.2,22.3,964
9/13/2019 18:17,datasets/dataset_cropped/09_Metas/13/18/20190913181700_var.jpg,datasets_flow/dataset_cropped/09_Metas/13/18/20190913181700_var.jpg,datasets_cloudmask/dataset_cropped/09_Metas/13/18/20190913181700_var.png,61.1,0.6,61.2,22.3,964
9/13/2019 18:18,datasets/dataset_cropped/09_Metas/13/18/20190913181800_var.jpg,datasets_flow/dataset_cropped/09_Metas/13/18/20190913181800_var.jpg,datasets_cloudmask/dataset_cropped/09_Metas/13/18/20190913181800_var.png,64.9,0.9,64.9,22.3,964
9/13/2019 18:19,datasets/dataset_cropped/09_Metas/13/18/20190913181900_var.jpg,datasets_flow/dataset_cropped/09_Metas/13/18/20190913181900_var.jpg,datasets_cloudmask/dataset_cropped/09_Metas/13/18/20190913181900_var.png,67,0.5,67.1,22.3,964
9/13/2019 18:20,datasets/dataset_cropped/09_Metas/13/18/20190913182000_var.jpg,datasets_flow/dataset_cropped/09_Metas/13/18/20190913182000_var.jpg,datasets_cloudmask/dataset_cropped/09_Metas/13/18/20190913182000_var.png,67.3,0.3,67.4,22.3,964
9/13/2019 18:21,datasets/dataset_cropped/09_Metas/13/18/20190913182100_var.jpg,datasets_flow/dataset_cropped/09_Metas/13/18/20190913182100_var.jpg,datasets_cloudmask/dataset_cropped/09_Metas/13/18/20190913182100_var.png,66.1,0.2,66.1,22.3,964
9/13/2019 18:22,datasets/dataset_cropped/09_Metas/13/18/20190913182200_var.jpg,datasets_flow/dataset_cropped/09_Metas/13/18/20190913182200_var.jpg,datasets_cloudmask/dataset_cropped/09_Metas/13/18/20190913182200_var.png,64.3,0.2,64.3,22.3,964
9/13/2019 18:23,datasets/dataset_cropped/09_Metas/13/18/20190913182300_var.jpg,datasets_flow/dataset_cropped/09_Metas/13/18/20190913182300_var.jpg,datasets_cloudmask/dataset_cropped/09_Metas/13/18/20190913182300_var.png,62.2,0.1,62.2,22.3,964
9/13/2019 18:24,datasets/dataset_cropped/09_Metas/13/18/20190913182400_var.jpg,datasets_flow/dataset_cropped/09_Metas/13/18/20190913182400_var.jpg,datasets_cloudmask/dataset_cropped/09_Metas/13/18/20190913182400_var.png,59.9,0.1,59.8,22.3,964
9/13/2019 18:25,datasets/dataset_cropped/09_Metas/13/18/20190913182500_var.jpg,datasets_flow/dataset_cropped/09_Metas/13/18/20190913182500_var.jpg,datasets_cloudmask/dataset_cropped/09_Metas/13/18/20190913182500_var.png,57.5,0,57.5,22.3,964
9/13/2019 18:26,datasets/dataset_cropped/09_Metas/13/18/20190913182600_var.jpg,datasets_flow/dataset_cropped/09_Metas/13/18/20190913182600_var.jpg,datasets_cloudmask/dataset_cropped/09_Metas/13/18/20190913182600_var.png,55.5,0,55.5,22.2,964
9/13/2019 18:27,datasets/dataset_cropped/09_Metas/13/18/20190913182700_var.jpg,datasets_flow/dataset_cropped/09_Metas/13/18/20190913182700_var.jpg,datasets_cloudmask/dataset_cropped/09_Metas/13/18/20190913182700_var.png,53.7,0,53.7,22.2,964
9/13/2019 18:28,datasets/dataset_cropped/09_Metas/13/18/20190913182800_var.jpg,datasets_flow/dataset_cropped/09_Metas/13/18/20190913182800_var.jpg,datasets_cloudmask/dataset_cropped/09_Metas/13/18/20190913182800_var.png,52.2,0,52.2,22.2,964
9/13/2019 18:29,datasets/dataset_cropped/09_Metas/13/18/20190913182900_var.jpg,datasets_flow/dataset_cropped/09_Metas/13/18/20190913182900_var.jpg,datasets_cloudmask/dataset_cropped/09_Metas/13/18/20190913182900_var.png,51.2,0,51.2,22.1,964
9/13/2019 18:30,datasets/dataset_cropped/09_Metas/13/18/20190913183000_var.jpg,datasets_flow/dataset_cropped/09_Metas/13/18/20190913183000_var.jpg,datasets_cloudmask/dataset_cropped/09_Metas/13/18/20190913183000_var.png,50.6,0,50.6,22.1,964
9/13/2019 18:31,datasets/dataset_cropped/09_Metas/13/18/20190913183100_var.jpg,datasets_flow/dataset_cropped/09_Metas/13/18/20190913183100_var.jpg,datasets_cloudmask/dataset_cropped/09_Metas/13/18/20190913183100_var.png,50.5,0,50.5,22.1,964
9/13/2019 18:32,datasets/dataset_cropped/09_Metas/13/18/20190913183200_var.jpg,datasets_flow/dataset_cropped/09_Metas/13/18/20190913183200_var.jpg,datasets_cloudmask/dataset_cropped/09_Metas/13/18/20190913183200_var.png,50.3,0.4,50.2,22.1,964
9/13/2019 18:33,datasets/dataset_cropped/09_Metas/13/18/20190913183300_var.jpg,datasets_flow/dataset_cropped/09_Metas/13/18/20190913183300_var.jpg,datasets_cloudmask/dataset_cropped/09_Metas/13/18/20190913183300_var.png,50.6,0.2,50.6,22.1,964
9/13/2019 18:34,datasets/dataset_cropped/09_Metas/13/18/20190913183400_var.jpg,datasets_flow/dataset_cropped/09_Metas/13/18/20190913183400_var.jpg,datasets_cloudmask/dataset_cropped/09_Metas/13/18/20190913183400_var.png,51.4,0.6,51.3,22.1,964
9/13/2019 18:35,datasets/dataset_cropped/09_Metas/13/18/20190913183500_var.jpg,datasets_flow/dataset_cropped/09_Metas/13/18/20190913183500_var.jpg,datasets_cloudmask/dataset_cropped/09_Metas/13/18/20190913183500_var.png,52.9,3.6,52.3,22.1,964
9/13/2019 18:36,datasets/dataset_cropped/09_Metas/13/18/20190913183600_var.jpg,datasets_flow/dataset_cropped/09_Metas/13/18/20190913183600_var.jpg,datasets_cloudmask/dataset_cropped/09_Metas/13/18/20190913183600_var.png,55.4,13.2,53.4,22.1,964
9/13/2019 18:37,datasets/dataset_cropped/09_Metas/13/18/20190913183700_var.jpg,datasets_flow/dataset_cropped/09_Metas/13/18/20190913183700_var.jpg,datasets_cloudmask/dataset_cropped/09_Metas/13/18/20190913183700_var.png,59.1,34.6,54.1,22.1,964
9/13/2019 18:38,datasets/dataset_cropped/09_Metas/13/18/20190913183800_var.jpg,datasets_flow/dataset_cropped/09_Metas/13/18/20190913183800_var.jpg,datasets_cloudmask/dataset_cropped/09_Metas/13/18/20190913183800_var.png,57.7,26,54,22.1,964
9/13/2019 18:39,datasets/dataset_cropped/09_Metas/13/18/20190913183900_var.jpg,datasets_flow/dataset_cropped/09_Metas/13/18/20190913183900_var.jpg,datasets_cloudmask/dataset_cropped/09_Metas/13/18/20190913183900_var.png,59.3,43.3,53.4,22.1,964
9/13/2019 18:40,datasets/dataset_cropped/09_Metas/13/18/20190913184000_var.jpg,datasets_flow/dataset_cropped/09_Metas/13/18/20190913184000_var.jpg,datasets_cloudmask/dataset_cropped/09_Metas/13/18/20190913184000_var.png,58.2,43.4,52.4,22.1,964
9/13/2019 18:41,datasets/dataset_cropped/09_Metas/13/18/20190913184100_var.jpg,datasets_flow/dataset_cropped/09_Metas/13/18/20190913184100_var.jpg,datasets_cloudmask/dataset_cropped/09_Metas/13/18/20190913184100_var.png,59.4,60.7,51.5,22,964
9/13/2019 18:42,datasets/dataset_cropped/09_Metas/13/18/20190913184200_var.jpg,datasets_flow/dataset_cropped/09_Metas/13/18/20190913184200_var.jpg,datasets_cloudmask/dataset_cropped/09_Metas/13/18/20190913184200_var.png,55.8,39.4,50.8,22.1,964
9/13/2019 18:43,datasets/dataset_cropped/09_Metas/13/18/20190913184300_var.jpg,datasets_flow/dataset_cropped/09_Metas/13/18/20190913184300_var.jpg,datasets_cloudmask/dataset_cropped/09_Metas/13/18/20190913184300_var.png,54.3,28.4,50.8,22.1,964
9/13/2019 18:44,datasets/dataset_cropped/09_Metas/13/18/20190913184400_var.jpg,datasets_flow/dataset_cropped/09_Metas/13/18/20190913184400_var.jpg,datasets_cloudmask/dataset_cropped/09_Metas/13/18/20190913184400_var.png,53.1,17.8,50.9,22.1,964
9/13/2019 18:45,datasets/dataset_cropped/09_Metas/13/18/20190913184500_var.jpg,datasets_flow/dataset_cropped/09_Metas/13/18/20190913184500_var.jpg,datasets_cloudmask/dataset_cropped/09_Metas/13/18/20190913184500_var.png,56.4,46.5,50.9,22,964
9/13/2019 18:46,datasets/dataset_cropped/09_Metas/13/18/20190913184600_var.jpg,datasets_flow/dataset_cropped/09_Metas/13/18/20190913184600_var.jpg,datasets_cloudmask/dataset_cropped/09_Metas/13/18/20190913184600_var.png,55.9,47.5,50.5,22,964
9/13/2019 18:47,datasets/dataset_cropped/09_Metas/13/18/20190913184700_var.jpg,datasets_flow/dataset_cropped/09_Metas/13/18/20190913184700_var.jpg,datasets_cloudmask/dataset_cropped/09_Metas/13/18/20190913184700_var.png,53.8,36.7,49.8,22,964
9/13/2019 18:48,datasets/dataset_cropped/09_Metas/13/18/20190913184800_var.jpg,datasets_flow/dataset_cropped/09_Metas/13/18/20190913184800_var.jpg,datasets_cloudmask/dataset_cropped/09_Metas/13/18/20190913184800_var.png,52.3,30.8,49,22,964
9/13/2019 18:49,datasets/dataset_cropped/09_Metas/13/18/20190913184900_var.jpg,datasets_flow/dataset_cropped/09_Metas/13/18/20190913184900_var.jpg,datasets_cloudmask/dataset_cropped/09_Metas/13/18/20190913184900_var.png,52.4,43.2,48,22,964
9/13/2019 18:50,datasets/dataset_cropped/09_Metas/13/18/20190913185000_var.jpg,datasets_flow/dataset_cropped/09_Metas/13/18/20190913185000_var.jpg,datasets_cloudmask/dataset_cropped/09_Metas/13/18/20190913185000_var.png,49.5,26.5,46.8,22,964
9/13/2019 18:51,datasets/dataset_cropped/09_Metas/13/18/20190913185100_var.jpg,datasets_flow/dataset_cropped/09_Metas/13/18/20190913185100_var.jpg,datasets_cloudmask/dataset_cropped/09_Metas/13/18/20190913185100_var.png,47.3,13.7,45.9,22,964
9/13/2019 18:52,datasets/dataset_cropped/09_Metas/13/18/20190913185200_var.jpg,datasets_flow/dataset_cropped/09_Metas/13/18/20190913185200_var.jpg,datasets_cloudmask/dataset_cropped/09_Metas/13/18/20190913185200_var.png,46.7,14.2,45.3,22,964
9/13/2019 18:53,datasets/dataset_cropped/09_Metas/13/18/20190913185300_var.jpg,datasets_flow/dataset_cropped/09_Metas/13/18/20190913185300_var.jpg,datasets_cloudmask/dataset_cropped/09_Metas/13/18/20190913185300_var.png,45.5,5.5,45,21.9,964
9/13/2019 18:54,datasets/dataset_cropped/09_Metas/13/18/20190913185400_var.jpg,datasets_flow/dataset_cropped/09_Metas/13/18/20190913185400_var.jpg,datasets_cloudmask/dataset_cropped/09_Metas/13/18/20190913185400_var.png,44.4,1.5,44.2,21.9,964
9/13/2019 18:55,datasets/dataset_cropped/09_Metas/13/18/20190913185500_var.jpg,datasets_flow/dataset_cropped/09_Metas/13/18/20190913185500_var.jpg,datasets_cloudmask/dataset_cropped/09_Metas/13/18/20190913185500_var.png,42.6,0.3,42.5,21.9,964
9/13/2019 18:56,datasets/dataset_cropped/09_Metas/13/18/20190913185600_var.jpg,datasets_flow/dataset_cropped/09_Metas/13/18/20190913185600_var.jpg,datasets_cloudmask/dataset_cropped/09_Metas/13/18/20190913185600_var.png,40.4,0,40.3,21.9,964
9/13/2019 18:57,datasets/dataset_cropped/09_Metas/13/18/20190913185700_var.jpg,datasets_flow/dataset_cropped/09_Metas/13/18/20190913185700_var.jpg,datasets_cloudmask/dataset_cropped/09_Metas/13/18/20190913185700_var.png,38.1,0,38.1,21.9,964
9/13/2019 18:58,datasets/dataset_cropped/09_Metas/13/18/20190913185800_var.jpg,datasets_flow/dataset_cropped/09_Metas/13/18/20190913185800_var.jpg,datasets_cloudmask/dataset_cropped/09_Metas/13/18/20190913185800_var.png,35.7,0,35.7,21.9,964
9/13/2019 18:59,datasets/dataset_cropped/09_Metas/13/18/20190913185900_var.jpg,datasets_flow/dataset_cropped/09_Metas/13/18/20190913185900_var.jpg,datasets_cloudmask/dataset_cropped/09_Metas/13/18/20190913185900_var.png,33.1,0,33.1,21.8,964
9/13/2019 19:00,datasets/dataset_cropped/09_Metas/13/19/20190913190000_var.jpg,datasets_flow/dataset_cropped/09_Metas/13/19/20190913190000_var.jpg,datasets_cloudmask/dataset_cropped/09_Metas/13/19/20190913190000_var.png,30.3,0,30.3,21.8,964
9/13/2019 19:01,datasets/dataset_cropped/09_Metas/13/19/20190913190100_var.jpg,datasets_flow/dataset_cropped/09_Metas/13/19/20190913190100_var.jpg,datasets_cloudmask/dataset_cropped/09_Metas/13/19/20190913190100_var.png,27.4,0,27.4,21.8,964
9/13/2019 19:02,datasets/dataset_cropped/09_Metas/13/19/20190913190200_var.jpg,datasets_flow/dataset_cropped/09_Metas/13/19/20190913190200_var.jpg,datasets_cloudmask/dataset_cropped/09_Metas/13/19/20190913190200_var.png,24.6,0,24.5,21.7,964
9/13/2019 19:03,datasets/dataset_cropped/09_Metas/13/19/20190913190300_var.jpg,datasets_flow/dataset_cropped/09_Metas/13/19/20190913190300_var.jpg,datasets_cloudmask/dataset_cropped/09_Metas/13/19/20190913190300_var.png,21.9,0,21.8,21.7,964
9/13/2019 19:04,datasets/dataset_cropped/09_Metas/13/19/20190913190400_var.jpg,datasets_flow/dataset_cropped/09_Metas/13/19/20190913190400_var.jpg,datasets_cloudmask/dataset_cropped/09_Metas/13/19/20190913190400_var.png,19.4,0,19.3,21.7,964
9/13/2019 19:05,datasets/dataset_cropped/09_Metas/13/19/20190913190500_var.jpg,datasets_flow/dataset_cropped/09_Metas/13/19/20190913190500_var.jpg,datasets_cloudmask/dataset_cropped/09_Metas/13/19/20190913190500_var.png,17.1,0,17,21.7,963
9/13/2019 19:06,datasets/dataset_cropped/09_Metas/13/19/20190913190600_var.jpg,datasets_flow/dataset_cropped/09_Metas/13/19/20190913190600_var.jpg,datasets_cloudmask/dataset_cropped/09_Metas/13/19/20190913190600_var.png,15.1,0,15,21.7,963
9/13/2019 19:07,datasets/dataset_cropped/09_Metas/13/19/20190913190700_var.jpg,datasets_flow/dataset_cropped/09_Metas/13/19/20190913190700_var.jpg,datasets_cloudmask/dataset_cropped/09_Metas/13/19/20190913190700_var.png,13.3,0,13.2,21.7,963
9/13/2019 19:08,datasets/dataset_cropped/09_Metas/13/19/20190913190800_var.jpg,datasets_flow/dataset_cropped/09_Metas/13/19/20190913190800_var.jpg,datasets_cloudmask/dataset_cropped/09_Metas/13/19/20190913190800_var.png,11.9,0,11.8,21.7,963
9/13/2019 19:09,datasets/dataset_cropped/09_Metas/13/19/20190913190900_var.jpg,datasets_flow/dataset_cropped/09_Metas/13/19/20190913190900_var.jpg,datasets_cloudmask/dataset_cropped/09_Metas/13/19/20190913190900_var.png,10.6,0,10.5,21.7,963
9/13/2019 19:10,datasets/dataset_cropped/09_Metas/13/19/20190913191000_var.jpg,datasets_flow/dataset_cropped/09_Metas/13/19/20190913191000_var.jpg,datasets_cloudmask/dataset_cropped/09_Metas/13/19/20190913191000_var.png,9.5,0,9.4,21.6,963
9/14/2019 7:05,datasets/dataset_cropped/09_Metas/14/07/20190914070530_00149.jpg,datasets_flow/dataset_cropped/09_Metas/14/07/20190914070530_00149.jpg,datasets_cloudmask/dataset_cropped/09_Metas/14/07/20190914070530_00149.png,12,0,12.1,18.3,963
9/14/2019 7:06,datasets/dataset_cropped/09_Metas/14/07/20190914070600_00149.jpg,datasets_flow/dataset_cropped/09_Metas/14/07/20190914070600_00149.jpg,datasets_cloudmask/dataset_cropped/09_Metas/14/07/20190914070600_00149.png,12,0,12.1,18.3,963
9/14/2019 7:07,datasets/dataset_cropped/09_Metas/14/07/20190914070700_00149.jpg,datasets_flow/dataset_cropped/09_Metas/14/07/20190914070700_00149.jpg,datasets_cloudmask/dataset_cropped/09_Metas/14/07/20190914070700_00149.png,13.6,0,13.6,18.3,963
9/14/2019 7:08,datasets/dataset_cropped/09_Metas/14/07/20190914070800_00149.jpg,datasets_flow/dataset_cropped/09_Metas/14/07/20190914070800_00149.jpg,datasets_cloudmask/dataset_cropped/09_Metas/14/07/20190914070800_00149.png,14.7,0,14.7,18.3,963
9/14/2019 7:09,datasets/dataset_cropped/09_Metas/14/07/20190914070900_00149.jpg,datasets_flow/dataset_cropped/09_Metas/14/07/20190914070900_00149.jpg,datasets_cloudmask/dataset_cropped/09_Metas/14/07/20190914070900_00149.png,15.8,0,15.8,18.3,963
9/14/2019 7:10,datasets/dataset_cropped/09_Metas/14/07/20190914071000_00149.jpg,datasets_flow/dataset_cropped/09_Metas/14/07/20190914071000_00149.jpg,datasets_cloudmask/dataset_cropped/09_Metas/14/07/20190914071000_00149.png,17.6,0,17.6,18.3,963
9/14/2019 7:11,datasets/dataset_cropped/09_Metas/14/07/20190914071100_00149.jpg,datasets_flow/dataset_cropped/09_Metas/14/07/20190914071100_00149.jpg,datasets_cloudmask/dataset_cropped/09_Metas/14/07/20190914071100_00149.png,19.5,0,19.6,18.3,963
9/14/2019 7:14,datasets/dataset_cropped/09_Metas/14/07/20190914071400_00149.jpg,datasets_flow/dataset_cropped/09_Metas/14/07/20190914071400_00149.jpg,datasets_cloudmask/dataset_cropped/09_Metas/14/07/20190914071400_00149.png,22.9,0,23,18.4,963
9/14/2019 7:15,datasets/dataset_cropped/09_Metas/14/07/20190914071530_00149.jpg,datasets_flow/dataset_cropped/09_Metas/14/07/20190914071530_00149.jpg,datasets_cloudmask/dataset_cropped/09_Metas/14/07/20190914071530_00149.png,24.8,0,25,18.4,963
9/14/2019 7:17,datasets/dataset_cropped/09_Metas/14/07/20190914071730_00149.jpg,datasets_flow/dataset_cropped/09_Metas/14/07/20190914071730_00149.jpg,datasets_cloudmask/dataset_cropped/09_Metas/14/07/20190914071730_00149.png,27.4,0.1,27.6,18.4,963
9/14/2019 7:18,datasets/dataset_cropped/09_Metas/14/07/20190914071800_00149.jpg,datasets_flow/dataset_cropped/09_Metas/14/07/20190914071800_00149.jpg,datasets_cloudmask/dataset_cropped/09_Metas/14/07/20190914071800_00149.png,28.1,0.1,28.2,18.4,963
9/14/2019 7:19,datasets/dataset_cropped/09_Metas/14/07/20190914071900_00149.jpg,datasets_flow/dataset_cropped/09_Metas/14/07/20190914071900_00149.jpg,datasets_cloudmask/dataset_cropped/09_Metas/14/07/20190914071900_00149.png,27.3,0.1,27.4,18.4,963
9/14/2019 7:20,datasets/dataset_cropped/09_Metas/14/07/20190914072000_00149.jpg,datasets_flow/dataset_cropped/09_Metas/14/07/20190914072000_00149.jpg,datasets_cloudmask/dataset_cropped/09_Metas/14/07/20190914072000_00149.png,25.8,0,25.9,18.4,963
9/14/2019 7:24,datasets/dataset_cropped/09_Metas/14/07/20190914072400_00149.jpg,datasets_flow/dataset_cropped/09_Metas/14/07/20190914072400_00149.jpg,datasets_cloudmask/dataset_cropped/09_Metas/14/07/20190914072400_00149.png,29.5,4.4,29.1,18.5,963
9/14/2019 7:25,datasets/dataset_cropped/09_Metas/14/07/20190914072500_00149.jpg,datasets_flow/dataset_cropped/09_Metas/14/07/20190914072500_00149.jpg,datasets_cloudmask/dataset_cropped/09_Metas/14/07/20190914072500_00149.png,29.7,5.9,29.1,18.5,963
9/14/2019 7:26,datasets/dataset_cropped/09_Metas/14/07/20190914072600_00149.jpg,datasets_flow/dataset_cropped/09_Metas/14/07/20190914072600_00149.jpg,datasets_cloudmask/dataset_cropped/09_Metas/14/07/20190914072600_00149.png,34.8,7.8,34,18.5,963
9/14/2019 7:27,datasets/dataset_cropped/09_Metas/14/07/20190914072700_00149.jpg,datasets_flow/dataset_cropped/09_Metas/14/07/20190914072700_00149.jpg,datasets_cloudmask/dataset_cropped/09_Metas/14/07/20190914072700_00149.png,38.9,2.8,38.7,18.6,963
9/14/2019 7:28,datasets/dataset_cropped/09_Metas/14/07/20190914072800_00149.jpg,datasets_flow/dataset_cropped/09_Metas/14/07/20190914072800_00149.jpg,datasets_cloudmask/dataset_cropped/09_Metas/14/07/20190914072800_00149.png,41,7.9,40.2,18.6,963
9/14/2019 7:29,datasets/dataset_cropped/09_Metas/14/07/20190914072900_00149.jpg,datasets_flow/dataset_cropped/09_Metas/14/07/20190914072900_00149.jpg,datasets_cloudmask/dataset_cropped/09_Metas/14/07/20190914072900_00149.png,42.8,1.3,42.9,18.7,963
9/14/2019 7:30,datasets/dataset_cropped/09_Metas/14/07/20190914073000_00149.jpg,datasets_flow/dataset_cropped/09_Metas/14/07/20190914073000_00149.jpg,datasets_cloudmask/dataset_cropped/09_Metas/14/07/20190914073000_00149.png,46.1,0.5,46.3,18.8,963
9/14/2019 7:31,datasets/dataset_cropped/09_Metas/14/07/20190914073100_00149.jpg,datasets_flow/dataset_cropped/09_Metas/14/07/20190914073100_00149.jpg,datasets_cloudmask/dataset_cropped/09_Metas/14/07/20190914073100_00149.png,49.1,0.5,49.2,18.9,963
9/14/2019 7:32,datasets/dataset_cropped/09_Metas/14/07/20190914073200_00149.jpg,datasets_flow/dataset_cropped/09_Metas/14/07/20190914073200_00149.jpg,datasets_cloudmask/dataset_cropped/09_Metas/14/07/20190914073200_00149.png,49.4,0.5,49.6,19,963
9/14/2019 7:33,datasets/dataset_cropped/09_Metas/14/07/20190914073300_00149.jpg,datasets_flow/dataset_cropped/09_Metas/14/07/20190914073300_00149.jpg,datasets_cloudmask/dataset_cropped/09_Metas/14/07/20190914073300_00149.png,46.5,0.5,46.8,19,963
9/14/2019 7:34,datasets/dataset_cropped/09_Metas/14/07/20190914073400_00149.jpg,datasets_flow/dataset_cropped/09_Metas/14/07/20190914073400_00149.jpg,datasets_cloudmask/dataset_cropped/09_Metas/14/07/20190914073400_00149.png,43,0.6,43.2,19,963
9/14/2019 7:35,datasets/dataset_cropped/09_Metas/14/07/20190914073500_00149.jpg,datasets_flow/dataset_cropped/09_Metas/14/07/20190914073500_00149.jpg,datasets_cloudmask/dataset_cropped/09_Metas/14/07/20190914073500_00149.png,42.6,0.6,42.8,19,963
9/14/2019 7:36,datasets/dataset_cropped/09_Metas/14/07/20190914073600_00149.jpg,datasets_flow/dataset_cropped/09_Metas/14/07/20190914073600_00149.jpg,datasets_cloudmask/dataset_cropped/09_Metas/14/07/20190914073600_00149.png,40.1,0.6,40.3,19,963
9/14/2019 7:37,datasets/dataset_cropped/09_Metas/14/07/20190914073700_00149.jpg,datasets_flow/dataset_cropped/09_Metas/14/07/20190914073700_00149.jpg,datasets_cloudmask/dataset_cropped/09_Metas/14/07/20190914073700_00149.png,38.7,0.6,38.9,19.1,963
9/14/2019 7:38,datasets/dataset_cropped/09_Metas/14/07/20190914073800_00149.jpg,datasets_flow/dataset_cropped/09_Metas/14/07/20190914073800_00149.jpg,datasets_cloudmask/dataset_cropped/09_Metas/14/07/20190914073800_00149.png,38.9,0.7,39,19.2,963
9/14/2019 7:39,datasets/dataset_cropped/09_Metas/14/07/20190914073900_00149.jpg,datasets_flow/dataset_cropped/09_Metas/14/07/20190914073900_00149.jpg,datasets_cloudmask/dataset_cropped/09_Metas/14/07/20190914073900_00149.png,40.4,0.7,40.6,19.2,963
9/14/2019 7:40,datasets/dataset_cropped/09_Metas/14/07/20190914074000_00149.jpg,datasets_flow/dataset_cropped/09_Metas/14/07/20190914074000_00149.jpg,datasets_cloudmask/dataset_cropped/09_Metas/14/07/20190914074000_00149.png,41.5,0.8,41.7,19.2,963
9/14/2019 7:41,datasets/dataset_cropped/09_Metas/14/07/20190914074100_00149.jpg,datasets_flow/dataset_cropped/09_Metas/14/07/20190914074100_00149.jpg,datasets_cloudmask/dataset_cropped/09_Metas/14/07/20190914074100_00149.png,41.8,0.8,42.1,19.2,963
9/14/2019 7:42,datasets/dataset_cropped/09_Metas/14/07/20190914074200_00149.jpg,datasets_flow/dataset_cropped/09_Metas/14/07/20190914074200_00149.jpg,datasets_cloudmask/dataset_cropped/09_Metas/14/07/20190914074200_00149.png,45.4,1.1,45.6,19.2,963
9/14/2019 7:43,datasets/dataset_cropped/09_Metas/14/07/20190914074300_00149.jpg,datasets_flow/dataset_cropped/09_Metas/14/07/20190914074300_00149.jpg,datasets_cloudmask/dataset_cropped/09_Metas/14/07/20190914074300_00149.png,51.6,1.3,51.7,19.2,963
9/14/2019 7:44,datasets/dataset_cropped/09_Metas/14/07/20190914074400_00149.jpg,datasets_flow/dataset_cropped/09_Metas/14/07/20190914074400_00149.jpg,datasets_cloudmask/dataset_cropped/09_Metas/14/07/20190914074400_00149.png,56.6,1.1,56.8,19.3,963
9/14/2019 7:45,datasets/dataset_cropped/09_Metas/14/07/20190914074500_00149.jpg,datasets_flow/dataset_cropped/09_Metas/14/07/20190914074500_00149.jpg,datasets_cloudmask/dataset_cropped/09_Metas/14/07/20190914074500_00149.png,56.2,0.9,56.4,19.4,963
9/14/2019 7:46,datasets/dataset_cropped/09_Metas/14/07/20190914074600_00149.jpg,datasets_flow/dataset_cropped/09_Metas/14/07/20190914074600_00149.jpg,datasets_cloudmask/dataset_cropped/09_Metas/14/07/20190914074600_00149.png,53.4,0.7,53.7,19.5,963
9/14/2019 7:47,datasets/dataset_cropped/09_Metas/14/07/20190914074700_00149.jpg,datasets_flow/dataset_cropped/09_Metas/14/07/20190914074700_00149.jpg,datasets_cloudmask/dataset_cropped/09_Metas/14/07/20190914074700_00149.png,50.1,0.8,50.4,19.6,963
9/14/2019 7:48,datasets/dataset_cropped/09_Metas/14/07/20190914074800_00149.jpg,datasets_flow/dataset_cropped/09_Metas/14/07/20190914074800_00149.jpg,datasets_cloudmask/dataset_cropped/09_Metas/14/07/20190914074800_00149.png,44.2,0.8,44.4,19.8,963
9/14/2019 7:49,datasets/dataset_cropped/09_Metas/14/07/20190914074900_00149.jpg,datasets_flow/dataset_cropped/09_Metas/14/07/20190914074900_00149.jpg,datasets_cloudmask/dataset_cropped/09_Metas/14/07/20190914074900_00149.png,41,0.9,41.3,19.9,963
9/14/2019 7:50,datasets/dataset_cropped/09_Metas/14/07/20190914075000_00149.jpg,datasets_flow/dataset_cropped/09_Metas/14/07/20190914075000_00149.jpg,datasets_cloudmask/dataset_cropped/09_Metas/14/07/20190914075000_00149.png,38.2,1.1,38.5,20,963
9/14/2019 7:51,datasets/dataset_cropped/09_Metas/14/07/20190914075100_00149.jpg,datasets_flow/dataset_cropped/09_Metas/14/07/20190914075100_00149.jpg,datasets_cloudmask/dataset_cropped/09_Metas/14/07/20190914075100_00149.png,33.7,1.1,34,20.1,963
9/14/2019 7:52,datasets/dataset_cropped/09_Metas/14/07/20190914075200_00149.jpg,datasets_flow/dataset_cropped/09_Metas/14/07/20190914075200_00149.jpg,datasets_cloudmask/dataset_cropped/09_Metas/14/07/20190914075200_00149.png,29.6,1.3,29.9,20.2,963
9/14/2019 7:53,datasets/dataset_cropped/09_Metas/14/07/20190914075300_00149.jpg,datasets_flow/dataset_cropped/09_Metas/14/07/20190914075300_00149.jpg,datasets_cloudmask/dataset_cropped/09_Metas/14/07/20190914075300_00149.png,26.6,1.3,26.9,20.4,963
9/14/2019 7:54,datasets/dataset_cropped/09_Metas/14/07/20190914075400_00149.jpg,datasets_flow/dataset_cropped/09_Metas/14/07/20190914075400_00149.jpg,datasets_cloudmask/dataset_cropped/09_Metas/14/07/20190914075400_00149.png,26.2,1.4,26.6,20.4,963
9/14/2019 7:55,datasets/dataset_cropped/09_Metas/14/07/20190914075500_00149.jpg,datasets_flow/dataset_cropped/09_Metas/14/07/20190914075500_00149.jpg,datasets_cloudmask/dataset_cropped/09_Metas/14/07/20190914075500_00149.png,26.5,1.5,26.9,20.4,963
9/14/2019 7:56,datasets/dataset_cropped/09_Metas/14/07/20190914075600_00149.jpg,datasets_flow/dataset_cropped/09_Metas/14/07/20190914075600_00149.jpg,datasets_cloudmask/dataset_cropped/09_Metas/14/07/20190914075600_00149.png,25.6,1.4,25.9,20.5,964
9/14/2019 7:57,datasets/dataset_cropped/09_Metas/14/07/20190914075700_00149.jpg,datasets_flow/dataset_cropped/09_Metas/14/07/20190914075700_00149.jpg,datasets_cloudmask/dataset_cropped/09_Metas/14/07/20190914075700_00149.png,22.9,1.2,23.2,20.6,964
9/14/2019 7:58,datasets/dataset_cropped/09_Metas/14/07/20190914075800_00149.jpg,datasets_flow/dataset_cropped/09_Metas/14/07/20190914075800_00149.jpg,datasets_cloudmask/dataset_cropped/09_Metas/14/07/20190914075800_00149.png,20.3,1,20.5,20.6,964
9/14/2019 7:59,datasets/dataset_cropped/09_Metas/14/07/20190914075900_00149.jpg,datasets_flow/dataset_cropped/09_Metas/14/07/20190914075900_00149.jpg,datasets_cloudmask/dataset_cropped/09_Metas/14/07/20190914075900_00149.png,19.1,0.9,19.4,20.5,964
9/14/2019 8:00,datasets/dataset_cropped/09_Metas/14/08/20190914080000_00149.jpg,datasets_flow/dataset_cropped/09_Metas/14/08/20190914080000_00149.jpg,datasets_cloudmask/dataset_cropped/09_Metas/14/08/20190914080000_00149.png,19.5,0.7,19.7,20.5,964
9/14/2019 8:01,datasets/dataset_cropped/09_Metas/14/08/20190914080100_00149.jpg,datasets_flow/dataset_cropped/09_Metas/14/08/20190914080100_00149.jpg,datasets_cloudmask/dataset_cropped/09_Metas/14/08/20190914080100_00149.png,21.2,0.6,21.3,20.5,964
9/14/2019 8:02,datasets/dataset_cropped/09_Metas/14/08/20190914080200_00149.jpg,datasets_flow/dataset_cropped/09_Metas/14/08/20190914080200_00149.jpg,datasets_cloudmask/dataset_cropped/09_Metas/14/08/20190914080200_00149.png,23.1,0.4,23.2,20.5,964
9/14/2019 8:03,datasets/dataset_cropped/09_Metas/14/08/20190914080300_00149.jpg,datasets_flow/dataset_cropped/09_Metas/14/08/20190914080300_00149.jpg,datasets_cloudmask/dataset_cropped/09_Metas/14/08/20190914080300_00149.png,24.6,0.4,24.8,20.6,964
9/14/2019 8:04,datasets/dataset_cropped/09_Metas/14/08/20190914080400_00149.jpg,datasets_flow/dataset_cropped/09_Metas/14/08/20190914080400_00149.jpg,datasets_cloudmask/dataset_cropped/09_Metas/14/08/20190914080400_00149.png,24.8,0.4,24.9,20.5,964
9/14/2019 8:05,datasets/dataset_cropped/09_Metas/14/08/20190914080500_00149.jpg,datasets_flow/dataset_cropped/09_Metas/14/08/20190914080500_00149.jpg,datasets_cloudmask/dataset_cropped/09_Metas/14/08/20190914080500_00149.png,25.1,0.2,25.1,20.3,964
9/14/2019 8:06,datasets/dataset_cropped/09_Metas/14/08/20190914080600_00149.jpg,datasets_flow/dataset_cropped/09_Metas/14/08/20190914080600_00149.jpg,datasets_cloudmask/dataset_cropped/09_Metas/14/08/20190914080600_00149.png,28.4,0,28.4,20.1,964
9/14/2019 8:07,datasets/dataset_cropped/09_Metas/14/08/20190914080700_00149.jpg,datasets_flow/dataset_cropped/09_Metas/14/08/20190914080700_00149.jpg,datasets_cloudmask/dataset_cropped/09_Metas/14/08/20190914080700_00149.png,32.8,0,32.7,20,964
9/14/2019 8:08,datasets/dataset_cropped/09_Metas/14/08/20190914080800_00149.jpg,datasets_flow/dataset_cropped/09_Metas/14/08/20190914080800_00149.jpg,datasets_cloudmask/dataset_cropped/09_Metas/14/08/20190914080800_00149.png,32.4,0,32.2,19.9,964
9/14/2019 8:09,datasets/dataset_cropped/09_Metas/14/08/20190914080900_00149.jpg,datasets_flow/dataset_cropped/09_Metas/14/08/20190914080900_00149.jpg,datasets_cloudmask/dataset_cropped/09_Metas/14/08/20190914080900_00149.png,31.5,0,31.3,19.9,964
9/14/2019 8:10,datasets/dataset_cropped/09_Metas/14/08/20190914081000_00149.jpg,datasets_flow/dataset_cropped/09_Metas/14/08/20190914081000_00149.jpg,datasets_cloudmask/dataset_cropped/09_Metas/14/08/20190914081000_00149.png,33.8,0,33.7,20.1,964
9/14/2019 8:11,datasets/dataset_cropped/09_Metas/14/08/20190914081100_00149.jpg,datasets_flow/dataset_cropped/09_Metas/14/08/20190914081100_00149.jpg,datasets_cloudmask/dataset_cropped/09_Metas/14/08/20190914081100_00149.png,35.1,0,35,20.1,964
9/14/2019 8:12,datasets/dataset_cropped/09_Metas/14/08/20190914081200_00149.jpg,datasets_flow/dataset_cropped/09_Metas/14/08/20190914081200_00149.jpg,datasets_cloudmask/dataset_cropped/09_Metas/14/08/20190914081200_00149.png,34.3,0,34.2,20,964
9/14/2019 8:13,datasets/dataset_cropped/09_Metas/14/08/20190914081300_00149.jpg,datasets_flow/dataset_cropped/09_Metas/14/08/20190914081300_00149.jpg,datasets_cloudmask/dataset_cropped/09_Metas/14/08/20190914081300_00149.png,32.5,0,32.4,19.9,964
9/14/2019 8:14,datasets/dataset_cropped/09_Metas/14/08/20190914081400_00149.jpg,datasets_flow/dataset_cropped/09_Metas/14/08/20190914081400_00149.jpg,datasets_cloudmask/dataset_cropped/09_Metas/14/08/20190914081400_00149.png,32.2,0,32.1,20,964
9/14/2019 8:15,datasets/dataset_cropped/09_Metas/14/08/20190914081500_00149.jpg,datasets_flow/dataset_cropped/09_Metas/14/08/20190914081500_00149.jpg,datasets_cloudmask/dataset_cropped/09_Metas/14/08/20190914081500_00149.png,34,0,33.9,20,964
9/14/2019 8:16,datasets/dataset_cropped/09_Metas/14/08/20190914081600_00149.jpg,datasets_flow/dataset_cropped/09_Metas/14/08/20190914081600_00149.jpg,datasets_cloudmask/dataset_cropped/09_Metas/14/08/20190914081600_00149.png,34.6,0,34.7,20.1,964
9/14/2019 8:17,datasets/dataset_cropped/09_Metas/14/08/20190914081700_00149.jpg,datasets_flow/dataset_cropped/09_Metas/14/08/20190914081700_00149.jpg,datasets_cloudmask/dataset_cropped/09_Metas/14/08/20190914081700_00149.png,31.8,0.1,31.8,20.1,965
9/14/2019 8:18,datasets/dataset_cropped/09_Metas/14/08/20190914081800_00149.jpg,datasets_flow/dataset_cropped/09_Metas/14/08/20190914081800_00149.jpg,datasets_cloudmask/dataset_cropped/09_Metas/14/08/20190914081800_00149.png,27.8,0.2,27.9,20.1,965
9/14/2019 8:19,datasets/dataset_cropped/09_Metas/14/08/20190914081900_00149.jpg,datasets_flow/dataset_cropped/09_Metas/14/08/20190914081900_00149.jpg,datasets_cloudmask/dataset_cropped/09_Metas/14/08/20190914081900_00149.png,27.6,0.2,27.7,20.2,965
9/14/2019 8:20,datasets/dataset_cropped/09_Metas/14/08/20190914082000_00149.jpg,datasets_flow/dataset_cropped/09_Metas/14/08/20190914082000_00149.jpg,datasets_cloudmask/dataset_cropped/09_Metas/14/08/20190914082000_00149.png,30.8,0.3,30.9,20.3,965
9/14/2019 8:21,datasets/dataset_cropped/09_Metas/14/08/20190914082100_00149.jpg,datasets_flow/dataset_cropped/09_Metas/14/08/20190914082100_00149.jpg,datasets_cloudmask/dataset_cropped/09_Metas/14/08/20190914082100_00149.png,37.1,0.3,37.2,20.3,965
9/14/2019 8:22,datasets/dataset_cropped/09_Metas/14/08/20190914082200_00149.jpg,datasets_flow/dataset_cropped/09_Metas/14/08/20190914082200_00149.jpg,datasets_cloudmask/dataset_cropped/09_Metas/14/08/20190914082200_00149.png,44.7,0.3,44.8,20.2,965
9/14/2019 8:23,datasets/dataset_cropped/09_Metas/14/08/20190914082300_00149.jpg,datasets_flow/dataset_cropped/09_Metas/14/08/20190914082300_00149.jpg,datasets_cloudmask/dataset_cropped/09_Metas/14/08/20190914082300_00149.png,51,0.2,51.2,20.2,965
9/14/2019 8:24,datasets/dataset_cropped/09_Metas/14/08/20190914082400_00149.jpg,datasets_flow/dataset_cropped/09_Metas/14/08/20190914082400_00149.jpg,datasets_cloudmask/dataset_cropped/09_Metas/14/08/20190914082400_00149.png,46.8,0.2,46.9,20.2,965
9/14/2019 8:25,datasets/dataset_cropped/09_Metas/14/08/20190914082500_00149.jpg,datasets_flow/dataset_cropped/09_Metas/14/08/20190914082500_00149.jpg,datasets_cloudmask/dataset_cropped/09_Metas/14/08/20190914082500_00149.png,40.3,0.2,40.4,20.2,965
9/14/2019 8:26,datasets/dataset_cropped/09_Metas/14/08/20190914082600_00149.jpg,datasets_flow/dataset_cropped/09_Metas/14/08/20190914082600_00149.jpg,datasets_cloudmask/dataset_cropped/09_Metas/14/08/20190914082600_00149.png,48.2,0.2,48.3,20.2,965
9/14/2019 8:27,datasets/dataset_cropped/09_Metas/14/08/20190914082700_00149.jpg,datasets_flow/dataset_cropped/09_Metas/14/08/20190914082700_00149.jpg,datasets_cloudmask/dataset_cropped/09_Metas/14/08/20190914082700_00149.png,57.3,0.1,57.4,20.1,964
9/14/2019 8:28,datasets/dataset_cropped/09_Metas/14/08/20190914082800_00149.jpg,datasets_flow/dataset_cropped/09_Metas/14/08/20190914082800_00149.jpg,datasets_cloudmask/dataset_cropped/09_Metas/14/08/20190914082800_00149.png,54.7,0,54.7,20.2,965
9/14/2019 8:29,datasets/dataset_cropped/09_Metas/14/08/20190914082900_00149.jpg,datasets_flow/dataset_cropped/09_Metas/14/08/20190914082900_00149.jpg,datasets_cloudmask/dataset_cropped/09_Metas/14/08/20190914082900_00149.png,53.5,0,53.5,20.2,964
9/14/2019 8:30,datasets/dataset_cropped/09_Metas/14/08/20190914083000_00149.jpg,datasets_flow/dataset_cropped/09_Metas/14/08/20190914083000_00149.jpg,datasets_cloudmask/dataset_cropped/09_Metas/14/08/20190914083000_00149.png,53.4,0,53.4,20.1,964
9/14/2019 8:31,datasets/dataset_cropped/09_Metas/14/08/20190914083100_00149.jpg,datasets_flow/dataset_cropped/09_Metas/14/08/20190914083100_00149.jpg,datasets_cloudmask/dataset_cropped/09_Metas/14/08/20190914083100_00149.png,62.9,0,62.9,20,965
9/14/2019 8:32,datasets/dataset_cropped/09_Metas/14/08/20190914083200_00149.jpg,datasets_flow/dataset_cropped/09_Metas/14/08/20190914083200_00149.jpg,datasets_cloudmask/dataset_cropped/09_Metas/14/08/20190914083200_00149.png,75.5,0,75.5,20,964
9/14/2019 8:33,datasets/dataset_cropped/09_Metas/14/08/20190914083300_00149.jpg,datasets_flow/dataset_cropped/09_Metas/14/08/20190914083300_00149.jpg,datasets_cloudmask/dataset_cropped/09_Metas/14/08/20190914083300_00149.png,93.5,0,93.4,19.9,964
9/14/2019 8:34,datasets/dataset_cropped/09_Metas/14/08/20190914083400_00149.jpg,datasets_flow/dataset_cropped/09_Metas/14/08/20190914083400_00149.jpg,datasets_cloudmask/dataset_cropped/09_Metas/14/08/20190914083400_00149.png,86.2,0,86.1,20,964
9/14/2019 8:35,datasets/dataset_cropped/09_Metas/14/08/20190914083500_00149.jpg,datasets_flow/dataset_cropped/09_Metas/14/08/20190914083500_00149.jpg,datasets_cloudmask/dataset_cropped/09_Metas/14/08/20190914083500_00149.png,72.5,0,72.4,20,964
9/14/2019 8:36,datasets/dataset_cropped/09_Metas/14/08/20190914083600_00149.jpg,datasets_flow/dataset_cropped/09_Metas/14/08/20190914083600_00149.jpg,datasets_cloudmask/dataset_cropped/09_Metas/14/08/20190914083600_00149.png,74.9,0,74.8,20,964
9/14/2019 8:37,datasets/dataset_cropped/09_Metas/14/08/20190914083700_00149.jpg,datasets_flow/dataset_cropped/09_Metas/14/08/20190914083700_00149.jpg,datasets_cloudmask/dataset_cropped/09_Metas/14/08/20190914083700_00149.png,76.8,0.1,76.8,20.1,964
9/14/2019 8:38,datasets/dataset_cropped/09_Metas/14/08/20190914083800_00149.jpg,datasets_flow/dataset_cropped/09_Metas/14/08/20190914083800_00149.jpg,datasets_cloudmask/dataset_cropped/09_Metas/14/08/20190914083800_00149.png,80.8,0.1,80.9,20.1,964
9/14/2019 8:39,datasets/dataset_cropped/09_Metas/14/08/20190914083900_00149.jpg,datasets_flow/dataset_cropped/09_Metas/14/08/20190914083900_00149.jpg,datasets_cloudmask/dataset_cropped/09_Metas/14/08/20190914083900_00149.png,79.5,0.1,79.7,20,964
9/14/2019 8:40,datasets/dataset_cropped/09_Metas/14/08/20190914084000_00149.jpg,datasets_flow/dataset_cropped/09_Metas/14/08/20190914084000_00149.jpg,datasets_cloudmask/dataset_cropped/09_Metas/14/08/20190914084000_00149.png,82.6,0.1,82.7,20,964
9/14/2019 8:41,datasets/dataset_cropped/09_Metas/14/08/20190914084100_00149.jpg,datasets_flow/dataset_cropped/09_Metas/14/08/20190914084100_00149.jpg,datasets_cloudmask/dataset_cropped/09_Metas/14/08/20190914084100_00149.png,98.6,0.1,98.7,20,964
9/14/2019 8:42,datasets/dataset_cropped/09_Metas/14/08/20190914084200_00149.jpg,datasets_flow/dataset_cropped/09_Metas/14/08/20190914084200_00149.jpg,datasets_cloudmask/dataset_cropped/09_Metas/14/08/20190914084200_00149.png,100.7,0.1,100.8,20,964
9/14/2019 8:43,datasets/dataset_cropped/09_Metas/14/08/20190914084300_00149.jpg,datasets_flow/dataset_cropped/09_Metas/14/08/20190914084300_00149.jpg,datasets_cloudmask/dataset_cropped/09_Metas/14/08/20190914084300_00149.png,110.8,0.2,110.9,20,964
9/14/2019 8:44,datasets/dataset_cropped/09_Metas/14/08/20190914084400_00149.jpg,datasets_flow/dataset_cropped/09_Metas/14/08/20190914084400_00149.jpg,datasets_cloudmask/dataset_cropped/09_Metas/14/08/20190914084400_00149.png,125.7,0.3,125.8,20,964
9/14/2019 8:45,datasets/dataset_cropped/09_Metas/14/08/20190914084500_00149.jpg,datasets_flow/dataset_cropped/09_Metas/14/08/20190914084500_00149.jpg,datasets_cloudmask/dataset_cropped/09_Metas/14/08/20190914084500_00149.png,134,0.3,134.1,19.9,964
9/14/2019 8:46,datasets/dataset_cropped/09_Metas/14/08/20190914084600_00149.jpg,datasets_flow/dataset_cropped/09_Metas/14/08/20190914084600_00149.jpg,datasets_cloudmask/dataset_cropped/09_Metas/14/08/20190914084600_00149.png,122.3,0.2,122.2,19.9,964
9/14/2019 8:47,datasets/dataset_cropped/09_Metas/14/08/20190914084700_00149.jpg,datasets_flow/dataset_cropped/09_Metas/14/08/20190914084700_00149.jpg,datasets_cloudmask/dataset_cropped/09_Metas/14/08/20190914084700_00149.png,96.5,0.2,96.4,19.9,964
9/14/2019 8:48,datasets/dataset_cropped/09_Metas/14/08/20190914084800_00149.jpg,datasets_flow/dataset_cropped/09_Metas/14/08/20190914084800_00149.jpg,datasets_cloudmask/dataset_cropped/09_Metas/14/08/20190914084800_00149.png,86.5,0,86.4,19.9,964
9/14/2019 8:49,datasets/dataset_cropped/09_Metas/14/08/20190914084900_00149.jpg,datasets_flow/dataset_cropped/09_Metas/14/08/20190914084900_00149.jpg,datasets_cloudmask/dataset_cropped/09_Metas/14/08/20190914084900_00149.png,77.8,0,77.7,19.9,964
9/14/2019 8:50,datasets/dataset_cropped/09_Metas/14/08/20190914085000_00149.jpg,datasets_flow/dataset_cropped/09_Metas/14/08/20190914085000_00149.jpg,datasets_cloudmask/dataset_cropped/09_Metas/14/08/20190914085000_00149.png,76,0,76,19.9,964
9/14/2019 8:51,datasets/dataset_cropped/09_Metas/14/08/20190914085100_00149.jpg,datasets_flow/dataset_cropped/09_Metas/14/08/20190914085100_00149.jpg,datasets_cloudmask/dataset_cropped/09_Metas/14/08/20190914085100_00149.png,70.9,0,70.8,19.8,964
9/14/2019 8:52,datasets/dataset_cropped/09_Metas/14/08/20190914085200_00149.jpg,datasets_flow/dataset_cropped/09_Metas/14/08/20190914085200_00149.jpg,datasets_cloudmask/dataset_cropped/09_Metas/14/08/20190914085200_00149.png,66.2,0.4,65.8,19.8,964
9/14/2019 8:53,datasets/dataset_cropped/09_Metas/14/08/20190914085300_00149.jpg,datasets_flow/dataset_cropped/09_Metas/14/08/20190914085300_00149.jpg,datasets_cloudmask/dataset_cropped/09_Metas/14/08/20190914085300_00149.png,75.9,3,74.4,19.8,964
9/14/2019 8:54,datasets/dataset_cropped/09_Metas/14/08/20190914085400_00149.jpg,datasets_flow/dataset_cropped/09_Metas/14/08/20190914085400_00149.jpg,datasets_cloudmask/dataset_cropped/09_Metas/14/08/20190914085400_00149.png,93.2,0,93.2,19.7,964
9/14/2019 8:55,datasets/dataset_cropped/09_Metas/14/08/20190914085500_00149.jpg,datasets_flow/dataset_cropped/09_Metas/14/08/20190914085500_00149.jpg,datasets_cloudmask/dataset_cropped/09_Metas/14/08/20190914085500_00149.png,91.9,0,91.9,19.8,964
9/14/2019 8:56,datasets/dataset_cropped/09_Metas/14/08/20190914085600_00149.jpg,datasets_flow/dataset_cropped/09_Metas/14/08/20190914085600_00149.jpg,datasets_cloudmask/dataset_cropped/09_Metas/14/08/20190914085600_00149.png,68.7,0,68.6,19.8,964
9/14/2019 8:57,datasets/dataset_cropped/09_Metas/14/08/20190914085700_00149.jpg,datasets_flow/dataset_cropped/09_Metas/14/08/20190914085700_00149.jpg,datasets_cloudmask/dataset_cropped/09_Metas/14/08/20190914085700_00149.png,56.4,0,56.3,19.8,965
9/14/2019 8:58,datasets/dataset_cropped/09_Metas/14/08/20190914085800_00149.jpg,datasets_flow/dataset_cropped/09_Metas/14/08/20190914085800_00149.jpg,datasets_cloudmask/dataset_cropped/09_Metas/14/08/20190914085800_00149.png,54.4,0,54.4,19.7,964
9/14/2019 8:59,datasets/dataset_cropped/09_Metas/14/08/20190914085900_00149.jpg,datasets_flow/dataset_cropped/09_Metas/14/08/20190914085900_00149.jpg,datasets_cloudmask/dataset_cropped/09_Metas/14/08/20190914085900_00149.png,49.3,0,49.3,19.7,964
9/14/2019 9:00,datasets/dataset_cropped/09_Metas/14/09/20190914090000_00149.jpg,datasets_flow/dataset_cropped/09_Metas/14/09/20190914090000_00149.jpg,datasets_cloudmask/dataset_cropped/09_Metas/14/09/20190914090000_00149.png,48,0,48,19.7,964
9/14/2019 9:01,datasets/dataset_cropped/09_Metas/14/09/20190914090100_00149.jpg,datasets_flow/dataset_cropped/09_Metas/14/09/20190914090100_00149.jpg,datasets_cloudmask/dataset_cropped/09_Metas/14/09/20190914090100_00149.png,48.7,0,48.6,19.5,964
9/14/2019 9:02,datasets/dataset_cropped/09_Metas/14/09/20190914090200_00149.jpg,datasets_flow/dataset_cropped/09_Metas/14/09/20190914090200_00149.jpg,datasets_cloudmask/dataset_cropped/09_Metas/14/09/20190914090200_00149.png,50.6,0,50.5,19.4,965
9/14/2019 9:03,datasets/dataset_cropped/09_Metas/14/09/20190914090300_00149.jpg,datasets_flow/dataset_cropped/09_Metas/14/09/20190914090300_00149.jpg,datasets_cloudmask/dataset_cropped/09_Metas/14/09/20190914090300_00149.png,57.8,0,57.8,19.4,964
9/14/2019 9:04,datasets/dataset_cropped/09_Metas/14/09/20190914090400_00149.jpg,datasets_flow/dataset_cropped/09_Metas/14/09/20190914090400_00149.jpg,datasets_cloudmask/dataset_cropped/09_Metas/14/09/20190914090400_00149.png,63,0,62.9,19.3,965
9/14/2019 9:05,datasets/dataset_cropped/09_Metas/14/09/20190914090500_00149.jpg,datasets_flow/dataset_cropped/09_Metas/14/09/20190914090500_00149.jpg,datasets_cloudmask/dataset_cropped/09_Metas/14/09/20190914090500_00149.png,61.8,0,61.7,19.3,965
9/14/2019 9:06,datasets/dataset_cropped/09_Metas/14/09/20190914090600_00149.jpg,datasets_flow/dataset_cropped/09_Metas/14/09/20190914090600_00149.jpg,datasets_cloudmask/dataset_cropped/09_Metas/14/09/20190914090600_00149.png,65.9,0,65.8,19.2,964
9/14/2019 9:07,datasets/dataset_cropped/09_Metas/14/09/20190914090700_00149.jpg,datasets_flow/dataset_cropped/09_Metas/14/09/20190914090700_00149.jpg,datasets_cloudmask/dataset_cropped/09_Metas/14/09/20190914090700_00149.png,72.4,0,72.2,19.2,965
9/14/2019 9:08,datasets/dataset_cropped/09_Metas/14/09/20190914090800_00149.jpg,datasets_flow/dataset_cropped/09_Metas/14/09/20190914090800_00149.jpg,datasets_cloudmask/dataset_cropped/09_Metas/14/09/20190914090800_00149.png,76.8,0,76.6,19.1,965
9/14/2019 9:09,datasets/dataset_cropped/09_Metas/14/09/20190914090900_00149.jpg,datasets_flow/dataset_cropped/09_Metas/14/09/20190914090900_00149.jpg,datasets_cloudmask/dataset_cropped/09_Metas/14/09/20190914090900_00149.png,82.7,0,82.5,19.1,965
9/14/2019 9:10,datasets/dataset_cropped/09_Metas/14/09/20190914091000_00149.jpg,datasets_flow/dataset_cropped/09_Metas/14/09/20190914091000_00149.jpg,datasets_cloudmask/dataset_cropped/09_Metas/14/09/20190914091000_00149.png,89.7,0,89.5,19.1,965
9/14/2019 9:11,datasets/dataset_cropped/09_Metas/14/09/20190914091100_00149.jpg,datasets_flow/dataset_cropped/09_Metas/14/09/20190914091100_00149.jpg,datasets_cloudmask/dataset_cropped/09_Metas/14/09/20190914091100_00149.png,89.5,0,89.4,19.1,965
9/14/2019 9:12,datasets/dataset_cropped/09_Metas/14/09/20190914091200_00149.jpg,datasets_flow/dataset_cropped/09_Metas/14/09/20190914091200_00149.jpg,datasets_cloudmask/dataset_cropped/09_Metas/14/09/20190914091200_00149.png,80.6,0,80.5,19.1,965
9/14/2019 9:13,datasets/dataset_cropped/09_Metas/14/09/20190914091300_00149.jpg,datasets_flow/dataset_cropped/09_Metas/14/09/20190914091300_00149.jpg,datasets_cloudmask/dataset_cropped/09_Metas/14/09/20190914091300_00149.png,80.5,0,80.4,19.1,965
9/14/2019 9:14,datasets/dataset_cropped/09_Metas/14/09/20190914091400_00149.jpg,datasets_flow/dataset_cropped/09_Metas/14/09/20190914091400_00149.jpg,datasets_cloudmask/dataset_cropped/09_Metas/14/09/20190914091400_00149.png,93.7,0,93.7,19.1,965
9/14/2019 9:15,datasets/dataset_cropped/09_Metas/14/09/20190914091500_00149.jpg,datasets_flow/dataset_cropped/09_Metas/14/09/20190914091500_00149.jpg,datasets_cloudmask/dataset_cropped/09_Metas/14/09/20190914091500_00149.png,109.1,0.1,109.2,19.1,965
9/14/2019 9:16,datasets/dataset_cropped/09_Metas/14/09/20190914091600_00149.jpg,datasets_flow/dataset_cropped/09_Metas/14/09/20190914091600_00149.jpg,datasets_cloudmask/dataset_cropped/09_Metas/14/09/20190914091600_00149.png,116.5,0.2,116.6,19.2,965
9/14/2019 9:17,datasets/dataset_cropped/09_Metas/14/09/20190914091700_00149.jpg,datasets_flow/dataset_cropped/09_Metas/14/09/20190914091700_00149.jpg,datasets_cloudmask/dataset_cropped/09_Metas/14/09/20190914091700_00149.png,99.4,0.3,99.4,19.2,965
9/14/2019 9:18,datasets/dataset_cropped/09_Metas/14/09/20190914091800_00149.jpg,datasets_flow/dataset_cropped/09_Metas/14/09/20190914091800_00149.jpg,datasets_cloudmask/dataset_cropped/09_Metas/14/09/20190914091800_00149.png,87.5,0.4,87.6,19.2,965
9/14/2019 9:19,datasets/dataset_cropped/09_Metas/14/09/20190914091900_00149.jpg,datasets_flow/dataset_cropped/09_Metas/14/09/20190914091900_00149.jpg,datasets_cloudmask/dataset_cropped/09_Metas/14/09/20190914091900_00149.png,79,0.4,79,19.2,965
9/14/2019 9:20,datasets/dataset_cropped/09_Metas/14/09/20190914092000_00149.jpg,datasets_flow/dataset_cropped/09_Metas/14/09/20190914092000_00149.jpg,datasets_cloudmask/dataset_cropped/09_Metas/14/09/20190914092000_00149.png,71.2,0.4,71.2,19.2,964
9/14/2019 9:21,datasets/dataset_cropped/09_Metas/14/09/20190914092100_00149.jpg,datasets_flow/dataset_cropped/09_Metas/14/09/20190914092100_00149.jpg,datasets_cloudmask/dataset_cropped/09_Metas/14/09/20190914092100_00149.png,71.8,0.4,71.8,19.2,965
9/14/2019 9:22,datasets/dataset_cropped/09_Metas/14/09/20190914092200_00149.jpg,datasets_flow/dataset_cropped/09_Metas/14/09/20190914092200_00149.jpg,datasets_cloudmask/dataset_cropped/09_Metas/14/09/20190914092200_00149.png,87.4,0.4,87.5,19.2,965
9/14/2019 9:23,datasets/dataset_cropped/09_Metas/14/09/20190914092300_00149.jpg,datasets_flow/dataset_cropped/09_Metas/14/09/20190914092300_00149.jpg,datasets_cloudmask/dataset_cropped/09_Metas/14/09/20190914092300_00149.png,98.4,0.3,98.4,19.2,964
9/14/2019 9:24,datasets/dataset_cropped/09_Metas/14/09/20190914092400_00149.jpg,datasets_flow/dataset_cropped/09_Metas/14/09/20190914092400_00149.jpg,datasets_cloudmask/dataset_cropped/09_Metas/14/09/20190914092400_00149.png,100.6,0.3,100.6,19.3,964
9/14/2019 9:25,datasets/dataset_cropped/09_Metas/14/09/20190914092500_00149.jpg,datasets_flow/dataset_cropped/09_Metas/14/09/20190914092500_00149.jpg,datasets_cloudmask/dataset_cropped/09_Metas/14/09/20190914092500_00149.png,102.5,0.3,102.5,19.3,965
9/14/2019 9:26,datasets/dataset_cropped/09_Metas/14/09/20190914092600_00149.jpg,datasets_flow/dataset_cropped/09_Metas/14/09/20190914092600_00149.jpg,datasets_cloudmask/dataset_cropped/09_Metas/14/09/20190914092600_00149.png,113.4,0.4,113.3,19.2,965
9/14/2019 9:27,datasets/dataset_cropped/09_Metas/14/09/20190914092700_00149.jpg,datasets_flow/dataset_cropped/09_Metas/14/09/20190914092700_00149.jpg,datasets_cloudmask/dataset_cropped/09_Metas/14/09/20190914092700_00149.png,141.4,0.5,141.2,19.2,964
9/14/2019 9:28,datasets/dataset_cropped/09_Metas/14/09/20190914092800_00149.jpg,datasets_flow/dataset_cropped/09_Metas/14/09/20190914092800_00149.jpg,datasets_cloudmask/dataset_cropped/09_Metas/14/09/20190914092800_00149.png,184.5,0.6,184.4,19.3,964
9/14/2019 9:29,datasets/dataset_cropped/09_Metas/14/09/20190914092900_00149.jpg,datasets_flow/dataset_cropped/09_Metas/14/09/20190914092900_00149.jpg,datasets_cloudmask/dataset_cropped/09_Metas/14/09/20190914092900_00149.png,182.1,0.8,182,19.4,964
9/14/2019 9:30,datasets/dataset_cropped/09_Metas/14/09/20190914093000_00149.jpg,datasets_flow/dataset_cropped/09_Metas/14/09/20190914093000_00149.jpg,datasets_cloudmask/dataset_cropped/09_Metas/14/09/20190914093000_00149.png,175.4,1.2,175.1,19.4,964
9/14/2019 9:31,datasets/dataset_cropped/09_Metas/14/09/20190914093100_00149.jpg,datasets_flow/dataset_cropped/09_Metas/14/09/20190914093100_00149.jpg,datasets_cloudmask/dataset_cropped/09_Metas/14/09/20190914093100_00149.png,181.3,0.9,181.2,19.4,965
9/14/2019 9:32,datasets/dataset_cropped/09_Metas/14/09/20190914093200_00149.jpg,datasets_flow/dataset_cropped/09_Metas/14/09/20190914093200_00149.jpg,datasets_cloudmask/dataset_cropped/09_Metas/14/09/20190914093200_00149.png,174.5,0.9,174.3,19.4,964
9/14/2019 9:33,datasets/dataset_cropped/09_Metas/14/09/20190914093300_00149.jpg,datasets_flow/dataset_cropped/09_Metas/14/09/20190914093300_00149.jpg,datasets_cloudmask/dataset_cropped/09_Metas/14/09/20190914093300_00149.png,144,0.8,143.8,19.4,965
9/14/2019 9:34,datasets/dataset_cropped/09_Metas/14/09/20190914093400_00149.jpg,datasets_flow/dataset_cropped/09_Metas/14/09/20190914093400_00149.jpg,datasets_cloudmask/dataset_cropped/09_Metas/14/09/20190914093400_00149.png,127.2,0.8,127,19.4,964
9/14/2019 9:35,datasets/dataset_cropped/09_Metas/14/09/20190914093500_00149.jpg,datasets_flow/dataset_cropped/09_Metas/14/09/20190914093500_00149.jpg,datasets_cloudmask/dataset_cropped/09_Metas/14/09/20190914093500_00149.png,122.4,0.8,122,19.4,964
9/14/2019 9:36,datasets/dataset_cropped/09_Metas/14/09/20190914093600_00149.jpg,datasets_flow/dataset_cropped/09_Metas/14/09/20190914093600_00149.jpg,datasets_cloudmask/dataset_cropped/09_Metas/14/09/20190914093600_00149.png,132.6,0.7,132.4,19.5,965
9/14/2019 9:37,datasets/dataset_cropped/09_Metas/14/09/20190914093700_00149.jpg,datasets_flow/dataset_cropped/09_Metas/14/09/20190914093700_00149.jpg,datasets_cloudmask/dataset_cropped/09_Metas/14/09/20190914093700_00149.png,149.1,0.7,148.9,19.5,964
9/14/2019 9:38,datasets/dataset_cropped/09_Metas/14/09/20190914093800_00149.jpg,datasets_flow/dataset_cropped/09_Metas/14/09/20190914093800_00149.jpg,datasets_cloudmask/dataset_cropped/09_Metas/14/09/20190914093800_00149.png,152.6,0.7,152.5,19.6,964
9/14/2019 9:39,datasets/dataset_cropped/09_Metas/14/09/20190914093900_00149.jpg,datasets_flow/dataset_cropped/09_Metas/14/09/20190914093900_00149.jpg,datasets_cloudmask/dataset_cropped/09_Metas/14/09/20190914093900_00149.png,144.7,0.7,144.6,19.6,965
9/14/2019 9:40,datasets/dataset_cropped/09_Metas/14/09/20190914094000_00149.jpg,datasets_flow/dataset_cropped/09_Metas/14/09/20190914094000_00149.jpg,datasets_cloudmask/dataset_cropped/09_Metas/14/09/20190914094000_00149.png,118.8,0.7,118.6,19.7,965
9/14/2019 9:41,datasets/dataset_cropped/09_Metas/14/09/20190914094100_00149.jpg,datasets_flow/dataset_cropped/09_Metas/14/09/20190914094100_00149.jpg,datasets_cloudmask/dataset_cropped/09_Metas/14/09/20190914094100_00149.png,119.9,0.6,119.7,19.7,964
9/14/2019 9:42,datasets/dataset_cropped/09_Metas/14/09/20190914094200_00149.jpg,datasets_flow/dataset_cropped/09_Metas/14/09/20190914094200_00149.jpg,datasets_cloudmask/dataset_cropped/09_Metas/14/09/20190914094200_00149.png,133.8,0.6,133.6,19.7,965
9/14/2019 9:43,datasets/dataset_cropped/09_Metas/14/09/20190914094300_00149.jpg,datasets_flow/dataset_cropped/09_Metas/14/09/20190914094300_00149.jpg,datasets_cloudmask/dataset_cropped/09_Metas/14/09/20190914094300_00149.png,151.2,0.5,151.1,19.6,964
9/14/2019 9:44,datasets/dataset_cropped/09_Metas/14/09/20190914094400_00149.jpg,datasets_flow/dataset_cropped/09_Metas/14/09/20190914094400_00149.jpg,datasets_cloudmask/dataset_cropped/09_Metas/14/09/20190914094400_00149.png,153.8,0.7,153.6,19.7,964
9/14/2019 9:45,datasets/dataset_cropped/09_Metas/14/09/20190914094500_00149.jpg,datasets_flow/dataset_cropped/09_Metas/14/09/20190914094500_00149.jpg,datasets_cloudmask/dataset_cropped/09_Metas/14/09/20190914094500_00149.png,161.3,0.7,161.2,19.8,965
9/14/2019 9:46,datasets/dataset_cropped/09_Metas/14/09/20190914094600_00149.jpg,datasets_flow/dataset_cropped/09_Metas/14/09/20190914094600_00149.jpg,datasets_cloudmask/dataset_cropped/09_Metas/14/09/20190914094600_00149.png,169.2,0.9,169.1,19.8,964
9/14/2019 9:47,datasets/dataset_cropped/09_Metas/14/09/20190914094700_00149.jpg,datasets_flow/dataset_cropped/09_Metas/14/09/20190914094700_00149.jpg,datasets_cloudmask/dataset_cropped/09_Metas/14/09/20190914094700_00149.png,163.6,1,163.6,19.9,964
9/14/2019 9:48,datasets/dataset_cropped/09_Metas/14/09/20190914094800_00149.jpg,datasets_flow/dataset_cropped/09_Metas/14/09/20190914094800_00149.jpg,datasets_cloudmask/dataset_cropped/09_Metas/14/09/20190914094800_00149.png,155.8,1.1,155.8,20,964
9/14/2019 9:49,datasets/dataset_cropped/09_Metas/14/09/20190914094900_00149.jpg,datasets_flow/dataset_cropped/09_Metas/14/09/20190914094900_00149.jpg,datasets_cloudmask/dataset_cropped/09_Metas/14/09/20190914094900_00149.png,142.8,1.1,142.9,20.1,964
9/14/2019 9:50,datasets/dataset_cropped/09_Metas/14/09/20190914095000_00149.jpg,datasets_flow/dataset_cropped/09_Metas/14/09/20190914095000_00149.jpg,datasets_cloudmask/dataset_cropped/09_Metas/14/09/20190914095000_00149.png,133.7,0.9,133.7,20.1,965
9/14/2019 9:51,datasets/dataset_cropped/09_Metas/14/09/20190914095100_00149.jpg,datasets_flow/dataset_cropped/09_Metas/14/09/20190914095100_00149.jpg,datasets_cloudmask/dataset_cropped/09_Metas/14/09/20190914095100_00149.png,127.3,0.8,127.2,20,964
9/14/2019 9:52,datasets/dataset_cropped/09_Metas/14/09/20190914095200_00149.jpg,datasets_flow/dataset_cropped/09_Metas/14/09/20190914095200_00149.jpg,datasets_cloudmask/dataset_cropped/09_Metas/14/09/20190914095200_00149.png,132,0.7,131.9,20.1,964
9/14/2019 9:53,datasets/dataset_cropped/09_Metas/14/09/20190914095300_00149.jpg,datasets_flow/dataset_cropped/09_Metas/14/09/20190914095300_00149.jpg,datasets_cloudmask/dataset_cropped/09_Metas/14/09/20190914095300_00149.png,152.7,0.5,152.6,20.1,964
9/14/2019 9:54,datasets/dataset_cropped/09_Metas/14/09/20190914095400_00149.jpg,datasets_flow/dataset_cropped/09_Metas/14/09/20190914095400_00149.jpg,datasets_cloudmask/dataset_cropped/09_Metas/14/09/20190914095400_00149.png,172.3,0.6,172.1,20,964
9/14/2019 9:55,datasets/dataset_cropped/09_Metas/14/09/20190914095500_00149.jpg,datasets_flow/dataset_cropped/09_Metas/14/09/20190914095500_00149.jpg,datasets_cloudmask/dataset_cropped/09_Metas/14/09/20190914095500_00149.png,176.1,0.7,176.1,20.1,964
9/14/2019 9:56,datasets/dataset_cropped/09_Metas/14/09/20190914095600_00149.jpg,datasets_flow/dataset_cropped/09_Metas/14/09/20190914095600_00149.jpg,datasets_cloudmask/dataset_cropped/09_Metas/14/09/20190914095600_00149.png,189.6,0.8,189.7,20.1,964
9/14/2019 9:57,datasets/dataset_cropped/09_Metas/14/09/20190914095700_00149.jpg,datasets_flow/dataset_cropped/09_Metas/14/09/20190914095700_00149.jpg,datasets_cloudmask/dataset_cropped/09_Metas/14/09/20190914095700_00149.png,158.5,0.7,158.4,20.2,964
9/14/2019 9:58,datasets/dataset_cropped/09_Metas/14/09/20190914095800_00149.jpg,datasets_flow/dataset_cropped/09_Metas/14/09/20190914095800_00149.jpg,datasets_cloudmask/dataset_cropped/09_Metas/14/09/20190914095800_00149.png,132.6,0.7,132.4,20.3,964
9/14/2019 9:59,datasets/dataset_cropped/09_Metas/14/09/20190914095900_00149.jpg,datasets_flow/dataset_cropped/09_Metas/14/09/20190914095900_00149.jpg,datasets_cloudmask/dataset_cropped/09_Metas/14/09/20190914095900_00149.png,148.4,0.7,148.3,20.3,964
9/14/2019 10:00,datasets/dataset_cropped/09_Metas/14/10/20190914100000_00149.jpg,datasets_flow/dataset_cropped/09_Metas/14/10/20190914100000_00149.jpg,datasets_cloudmask/dataset_cropped/09_Metas/14/10/20190914100000_00149.png,179.4,0.8,179.1,20.3,964
9/14/2019 10:01,datasets/dataset_cropped/09_Metas/14/10/20190914100100_00149.jpg,datasets_flow/dataset_cropped/09_Metas/14/10/20190914100100_00149.jpg,datasets_cloudmask/dataset_cropped/09_Metas/14/10/20190914100100_00149.png,178.5,1,178.3,20.4,964
9/14/2019 10:02,datasets/dataset_cropped/09_Metas/14/10/20190914100200_00149.jpg,datasets_flow/dataset_cropped/09_Metas/14/10/20190914100200_00149.jpg,datasets_cloudmask/dataset_cropped/09_Metas/14/10/20190914100200_00149.png,180.4,1.2,180.3,20.4,964
9/14/2019 10:03,datasets/dataset_cropped/09_Metas/14/10/20190914100300_00149.jpg,datasets_flow/dataset_cropped/09_Metas/14/10/20190914100300_00149.jpg,datasets_cloudmask/dataset_cropped/09_Metas/14/10/20190914100300_00149.png,188.2,1.1,188.3,20.4,964
9/14/2019 10:04,datasets/dataset_cropped/09_Metas/14/10/20190914100400_00149.jpg,datasets_flow/dataset_cropped/09_Metas/14/10/20190914100400_00149.jpg,datasets_cloudmask/dataset_cropped/09_Metas/14/10/20190914100400_00149.png,210.9,1,211.1,20.5,964
9/14/2019 10:05,datasets/dataset_cropped/09_Metas/14/10/20190914100500_00149.jpg,datasets_flow/dataset_cropped/09_Metas/14/10/20190914100500_00149.jpg,datasets_cloudmask/dataset_cropped/09_Metas/14/10/20190914100500_00149.png,225.7,1.2,225.9,20.6,964
9/14/2019 10:06,datasets/dataset_cropped/09_Metas/14/10/20190914100600_00149.jpg,datasets_flow/dataset_cropped/09_Metas/14/10/20190914100600_00149.jpg,datasets_cloudmask/dataset_cropped/09_Metas/14/10/20190914100600_00149.png,246.5,1.5,246.4,20.7,964
9/14/2019 10:07,datasets/dataset_cropped/09_Metas/14/10/20190914100700_00149.jpg,datasets_flow/dataset_cropped/09_Metas/14/10/20190914100700_00149.jpg,datasets_cloudmask/dataset_cropped/09_Metas/14/10/20190914100700_00149.png,264.3,1.3,264.3,20.7,964
9/14/2019 10:08,datasets/dataset_cropped/09_Metas/14/10/20190914100800_00149.jpg,datasets_flow/dataset_cropped/09_Metas/14/10/20190914100800_00149.jpg,datasets_cloudmask/dataset_cropped/09_Metas/14/10/20190914100800_00149.png,238.1,1,238,20.8,964
9/14/2019 10:09,datasets/dataset_cropped/09_Metas/14/10/20190914100900_00149.jpg,datasets_flow/dataset_cropped/09_Metas/14/10/20190914100900_00149.jpg,datasets_cloudmask/dataset_cropped/09_Metas/14/10/20190914100900_00149.png,213.1,1,213.1,20.9,964
9/14/2019 10:10,datasets/dataset_cropped/09_Metas/14/10/20190914101000_00149.jpg,datasets_flow/dataset_cropped/09_Metas/14/10/20190914101000_00149.jpg,datasets_cloudmask/dataset_cropped/09_Metas/14/10/20190914101000_00149.png,228.4,1,228.5,20.9,964
9/14/2019 10:11,datasets/dataset_cropped/09_Metas/14/10/20190914101100_00149.jpg,datasets_flow/dataset_cropped/09_Metas/14/10/20190914101100_00149.jpg,datasets_cloudmask/dataset_cropped/09_Metas/14/10/20190914101100_00149.png,223,1.2,222.9,20.9,964
9/14/2019 10:12,datasets/dataset_cropped/09_Metas/14/10/20190914101200_00149.jpg,datasets_flow/dataset_cropped/09_Metas/14/10/20190914101200_00149.jpg,datasets_cloudmask/dataset_cropped/09_Metas/14/10/20190914101200_00149.png,197.8,1.3,197.8,20.9,964
9/14/2019 10:13,datasets/dataset_cropped/09_Metas/14/10/20190914101300_00149.jpg,datasets_flow/dataset_cropped/09_Metas/14/10/20190914101300_00149.jpg,datasets_cloudmask/dataset_cropped/09_Metas/14/10/20190914101300_00149.png,189.1,1.3,189.2,20.9,964
9/14/2019 10:14,datasets/dataset_cropped/09_Metas/14/10/20190914101400_00149.jpg,datasets_flow/dataset_cropped/09_Metas/14/10/20190914101400_00149.jpg,datasets_cloudmask/dataset_cropped/09_Metas/14/10/20190914101400_00149.png,171.3,1.1,171.4,20.9,964
9/14/2019 10:15,datasets/dataset_cropped/09_Metas/14/10/20190914101500_00149.jpg,datasets_flow/dataset_cropped/09_Metas/14/10/20190914101500_00149.jpg,datasets_cloudmask/dataset_cropped/09_Metas/14/10/20190914101500_00149.png,162.6,0.9,162.6,21,964
9/14/2019 10:16,datasets/dataset_cropped/09_Metas/14/10/20190914101600_00149.jpg,datasets_flow/dataset_cropped/09_Metas/14/10/20190914101600_00149.jpg,datasets_cloudmask/dataset_cropped/09_Metas/14/10/20190914101600_00149.png,163.6,0.7,163.5,21,964
9/14/2019 10:17,datasets/dataset_cropped/09_Metas/14/10/20190914101700_00149.jpg,datasets_flow/dataset_cropped/09_Metas/14/10/20190914101700_00149.jpg,datasets_cloudmask/dataset_cropped/09_Metas/14/10/20190914101700_00149.png,178.9,0.7,178.7,21,964
9/14/2019 10:18,datasets/dataset_cropped/09_Metas/14/10/20190914101800_00149.jpg,datasets_flow/dataset_cropped/09_Metas/14/10/20190914101800_00149.jpg,datasets_cloudmask/dataset_cropped/09_Metas/14/10/20190914101800_00149.png,178.2,0.6,178.1,20.9,964
9/14/2019 10:19,datasets/dataset_cropped/09_Metas/14/10/20190914101900_00149.jpg,datasets_flow/dataset_cropped/09_Metas/14/10/20190914101900_00149.jpg,datasets_cloudmask/dataset_cropped/09_Metas/14/10/20190914101900_00149.png,163.3,0.6,163.2,21,965
9/14/2019 10:20,datasets/dataset_cropped/09_Metas/14/10/20190914102000_00149.jpg,datasets_flow/dataset_cropped/09_Metas/14/10/20190914102000_00149.jpg,datasets_cloudmask/dataset_cropped/09_Metas/14/10/20190914102000_00149.png,131,0.6,131,21,964
9/14/2019 10:21,datasets/dataset_cropped/09_Metas/14/10/20190914102100_00149.jpg,datasets_flow/dataset_cropped/09_Metas/14/10/20190914102100_00149.jpg,datasets_cloudmask/dataset_cropped/09_Metas/14/10/20190914102100_00149.png,121.9,0.5,121.9,21.1,964
9/14/2019 10:22,datasets/dataset_cropped/09_Metas/14/10/20190914102200_00149.jpg,datasets_flow/dataset_cropped/09_Metas/14/10/20190914102200_00149.jpg,datasets_cloudmask/dataset_cropped/09_Metas/14/10/20190914102200_00149.png,126.1,0.5,126,21.1,964
9/14/2019 10:23,datasets/dataset_cropped/09_Metas/14/10/20190914102300_00149.jpg,datasets_flow/dataset_cropped/09_Metas/14/10/20190914102300_00149.jpg,datasets_cloudmask/dataset_cropped/09_Metas/14/10/20190914102300_00149.png,139.7,0.6,139.5,21.1,964
9/14/2019 10:24,datasets/dataset_cropped/09_Metas/14/10/20190914102400_00149.jpg,datasets_flow/dataset_cropped/09_Metas/14/10/20190914102400_00149.jpg,datasets_cloudmask/dataset_cropped/09_Metas/14/10/20190914102400_00149.png,147.3,0.6,147,21.1,964
9/14/2019 10:25,datasets/dataset_cropped/09_Metas/14/10/20190914102500_00149.jpg,datasets_flow/dataset_cropped/09_Metas/14/10/20190914102500_00149.jpg,datasets_cloudmask/dataset_cropped/09_Metas/14/10/20190914102500_00149.png,147.1,0.4,146.9,21.1,964
9/14/2019 10:26,datasets/dataset_cropped/09_Metas/14/10/20190914102600_00149.jpg,datasets_flow/dataset_cropped/09_Metas/14/10/20190914102600_00149.jpg,datasets_cloudmask/dataset_cropped/09_Metas/14/10/20190914102600_00149.png,144.8,0.3,144.5,21.1,964
9/14/2019 10:27,datasets/dataset_cropped/09_Metas/14/10/20190914102700_00149.jpg,datasets_flow/dataset_cropped/09_Metas/14/10/20190914102700_00149.jpg,datasets_cloudmask/dataset_cropped/09_Metas/14/10/20190914102700_00149.png,132.9,0.5,132.7,21.2,964
9/14/2019 10:28,datasets/dataset_cropped/09_Metas/14/10/20190914102800_00149.jpg,datasets_flow/dataset_cropped/09_Metas/14/10/20190914102800_00149.jpg,datasets_cloudmask/dataset_cropped/09_Metas/14/10/20190914102800_00149.png,133,0.6,132.9,21.2,964
9/14/2019 10:29,datasets/dataset_cropped/09_Metas/14/10/20190914102900_00149.jpg,datasets_flow/dataset_cropped/09_Metas/14/10/20190914102900_00149.jpg,datasets_cloudmask/dataset_cropped/09_Metas/14/10/20190914102900_00149.png,139.1,0.6,139,21.3,964
9/14/2019 10:30,datasets/dataset_cropped/09_Metas/14/10/20190914103000_00149.jpg,datasets_flow/dataset_cropped/09_Metas/14/10/20190914103000_00149.jpg,datasets_cloudmask/dataset_cropped/09_Metas/14/10/20190914103000_00149.png,139.8,0.8,139.6,21.4,964
9/14/2019 10:31,datasets/dataset_cropped/09_Metas/14/10/20190914103100_00149.jpg,datasets_flow/dataset_cropped/09_Metas/14/10/20190914103100_00149.jpg,datasets_cloudmask/dataset_cropped/09_Metas/14/10/20190914103100_00149.png,138.3,1.2,138.4,21.5,964
9/14/2019 10:32,datasets/dataset_cropped/09_Metas/14/10/20190914103200_00149.jpg,datasets_flow/dataset_cropped/09_Metas/14/10/20190914103200_00149.jpg,datasets_cloudmask/dataset_cropped/09_Metas/14/10/20190914103200_00149.png,154.2,1.4,154.4,21.6,964
9/14/2019 10:33,datasets/dataset_cropped/09_Metas/14/10/20190914103300_00149.jpg,datasets_flow/dataset_cropped/09_Metas/14/10/20190914103300_00149.jpg,datasets_cloudmask/dataset_cropped/09_Metas/14/10/20190914103300_00149.png,181.8,1.4,181.8,21.6,964
9/14/2019 10:34,datasets/dataset_cropped/09_Metas/14/10/20190914103400_00149.jpg,datasets_flow/dataset_cropped/09_Metas/14/10/20190914103400_00149.jpg,datasets_cloudmask/dataset_cropped/09_Metas/14/10/20190914103400_00149.png,177.8,1.4,177.9,21.6,964
9/14/2019 10:35,datasets/dataset_cropped/09_Metas/14/10/20190914103500_00149.jpg,datasets_flow/dataset_cropped/09_Metas/14/10/20190914103500_00149.jpg,datasets_cloudmask/dataset_cropped/09_Metas/14/10/20190914103500_00149.png,166.3,1.4,166.2,21.6,964
9/14/2019 10:36,datasets/dataset_cropped/09_Metas/14/10/20190914103600_00149.jpg,datasets_flow/dataset_cropped/09_Metas/14/10/20190914103600_00149.jpg,datasets_cloudmask/dataset_cropped/09_Metas/14/10/20190914103600_00149.png,167.3,1.3,167.4,21.7,964
9/14/2019 10:37,datasets/dataset_cropped/09_Metas/14/10/20190914103700_00149.jpg,datasets_flow/dataset_cropped/09_Metas/14/10/20190914103700_00149.jpg,datasets_cloudmask/dataset_cropped/09_Metas/14/10/20190914103700_00149.png,173.5,1.3,173.7,21.8,964
9/14/2019 10:38,datasets/dataset_cropped/09_Metas/14/10/20190914103800_00149.jpg,datasets_flow/dataset_cropped/09_Metas/14/10/20190914103800_00149.jpg,datasets_cloudmask/dataset_cropped/09_Metas/14/10/20190914103800_00149.png,160,1.3,160.1,21.8,964
9/14/2019 10:39,datasets/dataset_cropped/09_Metas/14/10/20190914103900_00149.jpg,datasets_flow/dataset_cropped/09_Metas/14/10/20190914103900_00149.jpg,datasets_cloudmask/dataset_cropped/09_Metas/14/10/20190914103900_00149.png,130,1.3,130.2,21.9,964
9/14/2019 10:40,datasets/dataset_cropped/09_Metas/14/10/20190914104000_00149.jpg,datasets_flow/dataset_cropped/09_Metas/14/10/20190914104000_00149.jpg,datasets_cloudmask/dataset_cropped/09_Metas/14/10/20190914104000_00149.png,113.3,1.1,113.5,21.9,964
9/14/2019 10:41,datasets/dataset_cropped/09_Metas/14/10/20190914104100_00149.jpg,datasets_flow/dataset_cropped/09_Metas/14/10/20190914104100_00149.jpg,datasets_cloudmask/dataset_cropped/09_Metas/14/10/20190914104100_00149.png,116.2,1.1,116.3,21.9,964
9/14/2019 10:42,datasets/dataset_cropped/09_Metas/14/10/20190914104200_00149.jpg,datasets_flow/dataset_cropped/09_Metas/14/10/20190914104200_00149.jpg,datasets_cloudmask/dataset_cropped/09_Metas/14/10/20190914104200_00149.png,135.6,1.1,135.5,22,964
9/14/2019 10:43,datasets/dataset_cropped/09_Metas/14/10/20190914104300_00149.jpg,datasets_flow/dataset_cropped/09_Metas/14/10/20190914104300_00149.jpg,datasets_cloudmask/dataset_cropped/09_Metas/14/10/20190914104300_00149.png,162.1,1,162.2,22,964
9/14/2019 10:44,datasets/dataset_cropped/09_Metas/14/10/20190914104400_00149.jpg,datasets_flow/dataset_cropped/09_Metas/14/10/20190914104400_00149.jpg,datasets_cloudmask/dataset_cropped/09_Metas/14/10/20190914104400_00149.png,184.8,0.9,184.8,22,964
9/14/2019 10:45,datasets/dataset_cropped/09_Metas/14/10/20190914104500_00149.jpg,datasets_flow/dataset_cropped/09_Metas/14/10/20190914104500_00149.jpg,datasets_cloudmask/dataset_cropped/09_Metas/14/10/20190914104500_00149.png,194.3,1,194.2,22,964
9/14/2019 10:46,datasets/dataset_cropped/09_Metas/14/10/20190914104600_00149.jpg,datasets_flow/dataset_cropped/09_Metas/14/10/20190914104600_00149.jpg,datasets_cloudmask/dataset_cropped/09_Metas/14/10/20190914104600_00149.png,199.7,1.3,199.5,22.1,964
9/14/2019 10:47,datasets/dataset_cropped/09_Metas/14/10/20190914104700_00149.jpg,datasets_flow/dataset_cropped/09_Metas/14/10/20190914104700_00149.jpg,datasets_cloudmask/dataset_cropped/09_Metas/14/10/20190914104700_00149.png,217,1.1,217.1,22.2,964
9/14/2019 10:48,datasets/dataset_cropped/09_Metas/14/10/20190914104800_00149.jpg,datasets_flow/dataset_cropped/09_Metas/14/10/20190914104800_00149.jpg,datasets_cloudmask/dataset_cropped/09_Metas/14/10/20190914104800_00149.png,232.9,1.3,233.2,22.2,964
9/14/2019 10:49,datasets/dataset_cropped/09_Metas/14/10/20190914104900_00149.jpg,datasets_flow/dataset_cropped/09_Metas/14/10/20190914104900_00149.jpg,datasets_cloudmask/dataset_cropped/09_Metas/14/10/20190914104900_00149.png,243.1,1.3,243.6,22.3,964
9/14/2019 10:50,datasets/dataset_cropped/09_Metas/14/10/20190914105000_00149.jpg,datasets_flow/dataset_cropped/09_Metas/14/10/20190914105000_00149.jpg,datasets_cloudmask/dataset_cropped/09_Metas/14/10/20190914105000_00149.png,224.1,1.3,224.3,22.4,964
9/14/2019 10:51,datasets/dataset_cropped/09_Metas/14/10/20190914105100_00149.jpg,datasets_flow/dataset_cropped/09_Metas/14/10/20190914105100_00149.jpg,datasets_cloudmask/dataset_cropped/09_Metas/14/10/20190914105100_00149.png,227,1.2,227.1,22.4,964
9/14/2019 10:52,datasets/dataset_cropped/09_Metas/14/10/20190914105200_00149.jpg,datasets_flow/dataset_cropped/09_Metas/14/10/20190914105200_00149.jpg,datasets_cloudmask/dataset_cropped/09_Metas/14/10/20190914105200_00149.png,247.2,1.3,247.1,22.4,964
9/14/2019 10:53,datasets/dataset_cropped/09_Metas/14/10/20190914105300_00149.jpg,datasets_flow/dataset_cropped/09_Metas/14/10/20190914105300_00149.jpg,datasets_cloudmask/dataset_cropped/09_Metas/14/10/20190914105300_00149.png,299.9,1.4,299.8,22.4,964
9/14/2019 10:54,datasets/dataset_cropped/09_Metas/14/10/20190914105400_00149.jpg,datasets_flow/dataset_cropped/09_Metas/14/10/20190914105400_00149.jpg,datasets_cloudmask/dataset_cropped/09_Metas/14/10/20190914105400_00149.png,326.6,1.4,326.6,22.4,964
9/14/2019 10:55,datasets/dataset_cropped/09_Metas/14/10/20190914105500_00149.jpg,datasets_flow/dataset_cropped/09_Metas/14/10/20190914105500_00149.jpg,datasets_cloudmask/dataset_cropped/09_Metas/14/10/20190914105500_00149.png,286.5,1.2,286.5,22.5,964
9/14/2019 10:56,datasets/dataset_cropped/09_Metas/14/10/20190914105600_00149.jpg,datasets_flow/dataset_cropped/09_Metas/14/10/20190914105600_00149.jpg,datasets_cloudmask/dataset_cropped/09_Metas/14/10/20190914105600_00149.png,240.6,1.2,240.6,22.5,964
9/14/2019 10:57,datasets/dataset_cropped/09_Metas/14/10/20190914105700_00149.jpg,datasets_flow/dataset_cropped/09_Metas/14/10/20190914105700_00149.jpg,datasets_cloudmask/dataset_cropped/09_Metas/14/10/20190914105700_00149.png,231.2,1,231.3,22.6,964
9/14/2019 10:58,datasets/dataset_cropped/09_Metas/14/10/20190914105800_00149.jpg,datasets_flow/dataset_cropped/09_Metas/14/10/20190914105800_00149.jpg,datasets_cloudmask/dataset_cropped/09_Metas/14/10/20190914105800_00149.png,227.8,0.9,228,22.6,964
9/14/2019 10:59,datasets/dataset_cropped/09_Metas/14/10/20190914105900_00149.jpg,datasets_flow/dataset_cropped/09_Metas/14/10/20190914105900_00149.jpg,datasets_cloudmask/dataset_cropped/09_Metas/14/10/20190914105900_00149.png,253.4,0.9,253.8,22.6,964
9/14/2019 11:00,datasets/dataset_cropped/09_Metas/14/11/20190914110000_00149.jpg,datasets_flow/dataset_cropped/09_Metas/14/11/20190914110000_00149.jpg,datasets_cloudmask/dataset_cropped/09_Metas/14/11/20190914110000_00149.png,250.5,0.7,250.8,22.5,964
9/14/2019 11:01,datasets/dataset_cropped/09_Metas/14/11/20190914110100_00149.jpg,datasets_flow/dataset_cropped/09_Metas/14/11/20190914110100_00149.jpg,datasets_cloudmask/dataset_cropped/09_Metas/14/11/20190914110100_00149.png,233.9,0.4,234.1,22.4,964
9/14/2019 11:02,datasets/dataset_cropped/09_Metas/14/11/20190914110200_00149.jpg,datasets_flow/dataset_cropped/09_Metas/14/11/20190914110200_00149.jpg,datasets_cloudmask/dataset_cropped/09_Metas/14/11/20190914110200_00149.png,230.9,0.3,231.1,22.3,965
9/14/2019 11:03,datasets/dataset_cropped/09_Metas/14/11/20190914110300_00149.jpg,datasets_flow/dataset_cropped/09_Metas/14/11/20190914110300_00149.jpg,datasets_cloudmask/dataset_cropped/09_Metas/14/11/20190914110300_00149.png,251.7,0.2,252.1,22.4,964
9/14/2019 11:04,datasets/dataset_cropped/09_Metas/14/11/20190914110400_00149.jpg,datasets_flow/dataset_cropped/09_Metas/14/11/20190914110400_00149.jpg,datasets_cloudmask/dataset_cropped/09_Metas/14/11/20190914110400_00149.png,260.7,0.1,260.7,22.4,965
9/14/2019 11:05,datasets/dataset_cropped/09_Metas/14/11/20190914110500_00149.jpg,datasets_flow/dataset_cropped/09_Metas/14/11/20190914110500_00149.jpg,datasets_cloudmask/dataset_cropped/09_Metas/14/11/20190914110500_00149.png,242.9,0,243.1,22.5,965
9/14/2019 11:06,datasets/dataset_cropped/09_Metas/14/11/20190914110600_00149.jpg,datasets_flow/dataset_cropped/09_Metas/14/11/20190914110600_00149.jpg,datasets_cloudmask/dataset_cropped/09_Metas/14/11/20190914110600_00149.png,251.9,0.1,251.9,22.4,964
9/14/2019 11:07,datasets/dataset_cropped/09_Metas/14/11/20190914110700_00149.jpg,datasets_flow/dataset_cropped/09_Metas/14/11/20190914110700_00149.jpg,datasets_cloudmask/dataset_cropped/09_Metas/14/11/20190914110700_00149.png,296.4,1.1,295.8,22.4,964
9/14/2019 11:08,datasets/dataset_cropped/09_Metas/14/11/20190914110800_00149.jpg,datasets_flow/dataset_cropped/09_Metas/14/11/20190914110800_00149.jpg,datasets_cloudmask/dataset_cropped/09_Metas/14/11/20190914110800_00149.png,306.1,0.4,306,22.4,964
9/14/2019 11:09,datasets/dataset_cropped/09_Metas/14/11/20190914110900_00149.jpg,datasets_flow/dataset_cropped/09_Metas/14/11/20190914110900_00149.jpg,datasets_cloudmask/dataset_cropped/09_Metas/14/11/20190914110900_00149.png,288.6,0.3,288.4,22.4,964
9/14/2019 11:10,datasets/dataset_cropped/09_Metas/14/11/20190914111000_00149.jpg,datasets_flow/dataset_cropped/09_Metas/14/11/20190914111000_00149.jpg,datasets_cloudmask/dataset_cropped/09_Metas/14/11/20190914111000_00149.png,278.1,0.2,277.9,22.4,965
9/14/2019 11:11,datasets/dataset_cropped/09_Metas/14/11/20190914111100_00149.jpg,datasets_flow/dataset_cropped/09_Metas/14/11/20190914111100_00149.jpg,datasets_cloudmask/dataset_cropped/09_Metas/14/11/20190914111100_00149.png,283.6,0.2,283.5,22.4,965
9/14/2019 11:12,datasets/dataset_cropped/09_Metas/14/11/20190914111200_00149.jpg,datasets_flow/dataset_cropped/09_Metas/14/11/20190914111200_00149.jpg,datasets_cloudmask/dataset_cropped/09_Metas/14/11/20190914111200_00149.png,285,0.5,284.6,22.5,965
9/14/2019 11:13,datasets/dataset_cropped/09_Metas/14/11/20190914111300_00149.jpg,datasets_flow/dataset_cropped/09_Metas/14/11/20190914111300_00149.jpg,datasets_cloudmask/dataset_cropped/09_Metas/14/11/20190914111300_00149.png,282.9,0.5,282.4,22.5,965
9/14/2019 11:14,datasets/dataset_cropped/09_Metas/14/11/20190914111400_00149.jpg,datasets_flow/dataset_cropped/09_Metas/14/11/20190914111400_00149.jpg,datasets_cloudmask/dataset_cropped/09_Metas/14/11/20190914111400_00149.png,293.8,0.5,293.5,22.4,964
9/14/2019 11:15,datasets/dataset_cropped/09_Metas/14/11/20190914111500_00149.jpg,datasets_flow/dataset_cropped/09_Metas/14/11/20190914111500_00149.jpg,datasets_cloudmask/dataset_cropped/09_Metas/14/11/20190914111500_00149.png,328.7,0.4,328.6,22.3,965
9/14/2019 11:16,datasets/dataset_cropped/09_Metas/14/11/20190914111600_00149.jpg,datasets_flow/dataset_cropped/09_Metas/14/11/20190914111600_00149.jpg,datasets_cloudmask/dataset_cropped/09_Metas/14/11/20190914111600_00149.png,328.6,0.5,328.3,22.3,965
9/14/2019 11:17,datasets/dataset_cropped/09_Metas/14/11/20190914111700_00149.jpg,datasets_flow/dataset_cropped/09_Metas/14/11/20190914111700_00149.jpg,datasets_cloudmask/dataset_cropped/09_Metas/14/11/20190914111700_00149.png,271.3,0.7,271,22.5,965
9/14/2019 11:18,datasets/dataset_cropped/09_Metas/14/11/20190914111800_00149.jpg,datasets_flow/dataset_cropped/09_Metas/14/11/20190914111800_00149.jpg,datasets_cloudmask/dataset_cropped/09_Metas/14/11/20190914111800_00149.png,248.5,0.5,248.4,22.5,965
9/14/2019 11:19,datasets/dataset_cropped/09_Metas/14/11/20190914111900_00149.jpg,datasets_flow/dataset_cropped/09_Metas/14/11/20190914111900_00149.jpg,datasets_cloudmask/dataset_cropped/09_Metas/14/11/20190914111900_00149.png,261.3,0.3,261.2,22.5,965
9/14/2019 11:20,datasets/dataset_cropped/09_Metas/14/11/20190914112000_00149.jpg,datasets_flow/dataset_cropped/09_Metas/14/11/20190914112000_00149.jpg,datasets_cloudmask/dataset_cropped/09_Metas/14/11/20190914112000_00149.png,242.4,0.4,242,22.4,965
9/14/2019 11:21,datasets/dataset_cropped/09_Metas/14/11/20190914112100_00149.jpg,datasets_flow/dataset_cropped/09_Metas/14/11/20190914112100_00149.jpg,datasets_cloudmask/dataset_cropped/09_Metas/14/11/20190914112100_00149.png,223.5,0.3,223.4,22.4,965
9/14/2019 11:22,datasets/dataset_cropped/09_Metas/14/11/20190914112200_00149.jpg,datasets_flow/dataset_cropped/09_Metas/14/11/20190914112200_00149.jpg,datasets_cloudmask/dataset_cropped/09_Metas/14/11/20190914112200_00149.png,233.7,0.3,233.3,22.3,965
9/14/2019 11:23,datasets/dataset_cropped/09_Metas/14/11/20190914112300_00149.jpg,datasets_flow/dataset_cropped/09_Metas/14/11/20190914112300_00149.jpg,datasets_cloudmask/dataset_cropped/09_Metas/14/11/20190914112300_00149.png,249.8,0.3,249.3,22.3,965
9/14/2019 11:24,datasets/dataset_cropped/09_Metas/14/11/20190914112400_00149.jpg,datasets_flow/dataset_cropped/09_Metas/14/11/20190914112400_00149.jpg,datasets_cloudmask/dataset_cropped/09_Metas/14/11/20190914112400_00149.png,248.2,0.6,247.6,22.3,965
9/14/2019 11:25,datasets/dataset_cropped/09_Metas/14/11/20190914112500_00149.jpg,datasets_flow/dataset_cropped/09_Metas/14/11/20190914112500_00149.jpg,datasets_cloudmask/dataset_cropped/09_Metas/14/11/20190914112500_00149.png,269.5,0.9,269.2,22.2,965
9/14/2019 11:26,datasets/dataset_cropped/09_Metas/14/11/20190914112600_00149.jpg,datasets_flow/dataset_cropped/09_Metas/14/11/20190914112600_00149.jpg,datasets_cloudmask/dataset_cropped/09_Metas/14/11/20190914112600_00149.png,343.7,1.4,343.2,22.2,965
9/14/2019 11:27,datasets/dataset_cropped/09_Metas/14/11/20190914112700_00149.jpg,datasets_flow/dataset_cropped/09_Metas/14/11/20190914112700_00149.jpg,datasets_cloudmask/dataset_cropped/09_Metas/14/11/20190914112700_00149.png,370.3,5.4,366.5,22.3,965
9/14/2019 11:28,datasets/dataset_cropped/09_Metas/14/11/20190914112800_00149.jpg,datasets_flow/dataset_cropped/09_Metas/14/11/20190914112800_00149.jpg,datasets_cloudmask/dataset_cropped/09_Metas/14/11/20190914112800_00149.png,321.1,2,320.1,22.3,965
9/14/2019 11:29,datasets/dataset_cropped/09_Metas/14/11/20190914112900_00149.jpg,datasets_flow/dataset_cropped/09_Metas/14/11/20190914112900_00149.jpg,datasets_cloudmask/dataset_cropped/09_Metas/14/11/20190914112900_00149.png,316.1,2,315.4,22.4,965
9/14/2019 11:30,datasets/dataset_cropped/09_Metas/14/11/20190914113000_00149.jpg,datasets_flow/dataset_cropped/09_Metas/14/11/20190914113000_00149.jpg,datasets_cloudmask/dataset_cropped/09_Metas/14/11/20190914113000_00149.png,384.6,27.3,363,22.5,964
9/14/2019 11:31,datasets/dataset_cropped/09_Metas/14/11/20190914113100_00149.jpg,datasets_flow/dataset_cropped/09_Metas/14/11/20190914113100_00149.jpg,datasets_cloudmask/dataset_cropped/09_Metas/14/11/20190914113100_00149.png,395,27.8,372.9,22.6,965
9/14/2019 11:32,datasets/dataset_cropped/09_Metas/14/11/20190914113200_00149.jpg,datasets_flow/dataset_cropped/09_Metas/14/11/20190914113200_00149.jpg,datasets_cloudmask/dataset_cropped/09_Metas/14/11/20190914113200_00149.png,430.3,16.5,417.2,22.7,965
9/14/2019 11:33,datasets/dataset_cropped/09_Metas/14/11/20190914113300_00149.jpg,datasets_flow/dataset_cropped/09_Metas/14/11/20190914113300_00149.jpg,datasets_cloudmask/dataset_cropped/09_Metas/14/11/20190914113300_00149.png,451,43.2,416.5,22.7,964
9/14/2019 11:34,datasets/dataset_cropped/09_Metas/14/11/20190914113400_00149.jpg,datasets_flow/dataset_cropped/09_Metas/14/11/20190914113400_00149.jpg,datasets_cloudmask/dataset_cropped/09_Metas/14/11/20190914113400_00149.png,464.8,11.3,455.9,22.9,964
9/14/2019 11:35,datasets/dataset_cropped/09_Metas/14/11/20190914113500_00149.jpg,datasets_flow/dataset_cropped/09_Metas/14/11/20190914113500_00149.jpg,datasets_cloudmask/dataset_cropped/09_Metas/14/11/20190914113500_00149.png,408.2,2.4,406.6,23.1,965
9/14/2019 11:36,datasets/dataset_cropped/09_Metas/14/11/20190914113600_00149.jpg,datasets_flow/dataset_cropped/09_Metas/14/11/20190914113600_00149.jpg,datasets_cloudmask/dataset_cropped/09_Metas/14/11/20190914113600_00149.png,491.7,61.4,442.8,23.2,965
9/14/2019 11:37,datasets/dataset_cropped/09_Metas/14/11/20190914113700_00149.jpg,datasets_flow/dataset_cropped/09_Metas/14/11/20190914113700_00149.jpg,datasets_cloudmask/dataset_cropped/09_Metas/14/11/20190914113700_00149.png,523,64.4,469,23,965
9/14/2019 11:38,datasets/dataset_cropped/09_Metas/14/11/20190914113800_00149.jpg,datasets_flow/dataset_cropped/09_Metas/14/11/20190914113800_00149.jpg,datasets_cloudmask/dataset_cropped/09_Metas/14/11/20190914113800_00149.png,472.7,57.4,426.8,22.8,965
9/14/2019 11:39,datasets/dataset_cropped/09_Metas/14/11/20190914113900_00149.jpg,datasets_flow/dataset_cropped/09_Metas/14/11/20190914113900_00149.jpg,datasets_cloudmask/dataset_cropped/09_Metas/14/11/20190914113900_00149.png,500.6,102.4,418.2,23,965
9/14/2019 11:40,datasets/dataset_cropped/09_Metas/14/11/20190914114000_00149.jpg,datasets_flow/dataset_cropped/09_Metas/14/11/20190914114000_00149.jpg,datasets_cloudmask/dataset_cropped/09_Metas/14/11/20190914114000_00149.png,312.7,0.8,310,23,964
9/14/2019 11:41,datasets/dataset_cropped/09_Metas/14/11/20190914114100_00149.jpg,datasets_flow/dataset_cropped/09_Metas/14/11/20190914114100_00149.jpg,datasets_cloudmask/dataset_cropped/09_Metas/14/11/20190914114100_00149.png,285.4,0.8,281.7,22.9,964
9/14/2019 11:42,datasets/dataset_cropped/09_Metas/14/11/20190914114200_00149.jpg,datasets_flow/dataset_cropped/09_Metas/14/11/20190914114200_00149.jpg,datasets_cloudmask/dataset_cropped/09_Metas/14/11/20190914114200_00149.png,331.6,11.1,320.1,22.8,964
9/14/2019 11:43,datasets/dataset_cropped/09_Metas/14/11/20190914114300_00149.jpg,datasets_flow/dataset_cropped/09_Metas/14/11/20190914114300_00149.jpg,datasets_cloudmask/dataset_cropped/09_Metas/14/11/20190914114300_00149.png,229.5,0.4,228.4,22.8,964
9/14/2019 11:44,datasets/dataset_cropped/09_Metas/14/11/20190914114400_00149.jpg,datasets_flow/dataset_cropped/09_Metas/14/11/20190914114400_00149.jpg,datasets_cloudmask/dataset_cropped/09_Metas/14/11/20190914114400_00149.png,188.8,0.1,188.5,22.8,964
9/14/2019 11:45,datasets/dataset_cropped/09_Metas/14/11/20190914114500_00149.jpg,datasets_flow/dataset_cropped/09_Metas/14/11/20190914114500_00149.jpg,datasets_cloudmask/dataset_cropped/09_Metas/14/11/20190914114500_00149.png,191.1,0,190.2,22.7,964
9/14/2019 11:46,datasets/dataset_cropped/09_Metas/14/11/20190914114600_00149.jpg,datasets_flow/dataset_cropped/09_Metas/14/11/20190914114600_00149.jpg,datasets_cloudmask/dataset_cropped/09_Metas/14/11/20190914114600_00149.png,198.6,0,197.8,22.8,964
9/14/2019 11:47,datasets/dataset_cropped/09_Metas/14/11/20190914114700_00149.jpg,datasets_flow/dataset_cropped/09_Metas/14/11/20190914114700_00149.jpg,datasets_cloudmask/dataset_cropped/09_Metas/14/11/20190914114700_00149.png,224.3,0.5,222.4,22.7,964
9/14/2019 11:48,datasets/dataset_cropped/09_Metas/14/11/20190914114800_00149.jpg,datasets_flow/dataset_cropped/09_Metas/14/11/20190914114800_00149.jpg,datasets_cloudmask/dataset_cropped/09_Metas/14/11/20190914114800_00149.png,259.1,0.1,256.9,22.5,964
9/14/2019 11:49,datasets/dataset_cropped/09_Metas/14/11/20190914114900_00149.jpg,datasets_flow/dataset_cropped/09_Metas/14/11/20190914114900_00149.jpg,datasets_cloudmask/dataset_cropped/09_Metas/14/11/20190914114900_00149.png,261.5,0.2,259.1,22.5,964
9/14/2019 11:50,datasets/dataset_cropped/09_Metas/14/11/20190914115000_00149.jpg,datasets_flow/dataset_cropped/09_Metas/14/11/20190914115000_00149.jpg,datasets_cloudmask/dataset_cropped/09_Metas/14/11/20190914115000_00149.png,293.1,0.1,290.3,22.5,964
9/14/2019 11:51,datasets/dataset_cropped/09_Metas/14/11/20190914115100_00149.jpg,datasets_flow/dataset_cropped/09_Metas/14/11/20190914115100_00149.jpg,datasets_cloudmask/dataset_cropped/09_Metas/14/11/20190914115100_00149.png,428.8,30.3,400.4,22.4,964
9/14/2019 11:52,datasets/dataset_cropped/09_Metas/14/11/20190914115200_00149.jpg,datasets_flow/dataset_cropped/09_Metas/14/11/20190914115200_00149.jpg,datasets_cloudmask/dataset_cropped/09_Metas/14/11/20190914115200_00149.png,342.6,0.7,338.2,22.5,964
9/14/2019 11:53,datasets/dataset_cropped/09_Metas/14/11/20190914115300_00149.jpg,datasets_flow/dataset_cropped/09_Metas/14/11/20190914115300_00149.jpg,datasets_cloudmask/dataset_cropped/09_Metas/14/11/20190914115300_00149.png,299.6,1.2,295.7,22.5,964
9/14/2019 11:54,datasets/dataset_cropped/09_Metas/14/11/20190914115400_00149.jpg,datasets_flow/dataset_cropped/09_Metas/14/11/20190914115400_00149.jpg,datasets_cloudmask/dataset_cropped/09_Metas/14/11/20190914115400_00149.png,284.1,0.8,281.6,22.5,964
9/14/2019 11:55,datasets/dataset_cropped/09_Metas/14/11/20190914115500_00149.jpg,datasets_flow/dataset_cropped/09_Metas/14/11/20190914115500_00149.jpg,datasets_cloudmask/dataset_cropped/09_Metas/14/11/20190914115500_00149.png,287.6,0.5,285.4,22.6,964
9/14/2019 11:56,datasets/dataset_cropped/09_Metas/14/11/20190914115600_00149.jpg,datasets_flow/dataset_cropped/09_Metas/14/11/20190914115600_00149.jpg,datasets_cloudmask/dataset_cropped/09_Metas/14/11/20190914115600_00149.png,336,3.9,330.9,22.7,964
9/14/2019 11:57,datasets/dataset_cropped/09_Metas/14/11/20190914115700_00149.jpg,datasets_flow/dataset_cropped/09_Metas/14/11/20190914115700_00149.jpg,datasets_cloudmask/dataset_cropped/09_Metas/14/11/20190914115700_00149.png,351.9,8,344.5,22.7,964
9/14/2019 11:58,datasets/dataset_cropped/09_Metas/14/11/20190914115800_00149.jpg,datasets_flow/dataset_cropped/09_Metas/14/11/20190914115800_00149.jpg,datasets_cloudmask/dataset_cropped/09_Metas/14/11/20190914115800_00149.png,354.6,7.9,347.1,22.8,964
9/14/2019 11:59,datasets/dataset_cropped/09_Metas/14/11/20190914115900_00149.jpg,datasets_flow/dataset_cropped/09_Metas/14/11/20190914115900_00149.jpg,datasets_cloudmask/dataset_cropped/09_Metas/14/11/20190914115900_00149.png,364.2,14.9,350.4,22.8,964
9/14/2019 12:00,datasets/dataset_cropped/09_Metas/14/12/20190914120000_00149.jpg,datasets_flow/dataset_cropped/09_Metas/14/12/20190914120000_00149.jpg,datasets_cloudmask/dataset_cropped/09_Metas/14/12/20190914120000_00149.png,386.3,24.5,364.7,22.9,964
9/14/2019 12:01,datasets/dataset_cropped/09_Metas/14/12/20190914120100_00149.jpg,datasets_flow/dataset_cropped/09_Metas/14/12/20190914120100_00149.jpg,datasets_cloudmask/dataset_cropped/09_Metas/14/12/20190914120100_00149.png,427.4,53.5,382.1,22.8,964
9/14/2019 12:02,datasets/dataset_cropped/09_Metas/14/12/20190914120200_00149.jpg,datasets_flow/dataset_cropped/09_Metas/14/12/20190914120200_00149.jpg,datasets_cloudmask/dataset_cropped/09_Metas/14/12/20190914120200_00149.png,581.5,182.1,430,22.8,964
9/14/2019 12:03,datasets/dataset_cropped/09_Metas/14/12/20190914120300_00149.jpg,datasets_flow/dataset_cropped/09_Metas/14/12/20190914120300_00149.jpg,datasets_cloudmask/dataset_cropped/09_Metas/14/12/20190914120300_00149.png,553.7,149.3,429.7,22.8,964
9/14/2019 12:04,datasets/dataset_cropped/09_Metas/14/12/20190914120400_00149.jpg,datasets_flow/dataset_cropped/09_Metas/14/12/20190914120400_00149.jpg,datasets_cloudmask/dataset_cropped/09_Metas/14/12/20190914120400_00149.png,449.5,65.1,394.2,23,964
9/14/2019 12:05,datasets/dataset_cropped/09_Metas/14/12/20190914120500_00149.jpg,datasets_flow/dataset_cropped/09_Metas/14/12/20190914120500_00149.jpg,datasets_cloudmask/dataset_cropped/09_Metas/14/12/20190914120500_00149.png,424.5,60.6,372.9,23.1,964
9/14/2019 12:06,datasets/dataset_cropped/09_Metas/14/12/20190914120600_00149.jpg,datasets_flow/dataset_cropped/09_Metas/14/12/20190914120600_00149.jpg,datasets_cloudmask/dataset_cropped/09_Metas/14/12/20190914120600_00149.png,398,48.1,356.3,23,964
9/14/2019 12:07,datasets/dataset_cropped/09_Metas/14/12/20190914120700_00149.jpg,datasets_flow/dataset_cropped/09_Metas/14/12/20190914120700_00149.jpg,datasets_cloudmask/dataset_cropped/09_Metas/14/12/20190914120700_00149.png,425.5,73.5,362.6,23,964
9/14/2019 12:08,datasets/dataset_cropped/09_Metas/14/12/20190914120800_00149.jpg,datasets_flow/dataset_cropped/09_Metas/14/12/20190914120800_00149.jpg,datasets_cloudmask/dataset_cropped/09_Metas/14/12/20190914120800_00149.png,514.1,146.2,390.6,22.9,964
9/14/2019 12:09,datasets/dataset_cropped/09_Metas/14/12/20190914120900_00149.jpg,datasets_flow/dataset_cropped/09_Metas/14/12/20190914120900_00149.jpg,datasets_cloudmask/dataset_cropped/09_Metas/14/12/20190914120900_00149.png,477.3,109.3,384.4,22.9,964
9/14/2019 12:10,datasets/dataset_cropped/09_Metas/14/12/20190914121000_00149.jpg,datasets_flow/dataset_cropped/09_Metas/14/12/20190914121000_00149.jpg,datasets_cloudmask/dataset_cropped/09_Metas/14/12/20190914121000_00149.png,325.2,5.6,319,22.9,964
9/14/2019 12:11,datasets/dataset_cropped/09_Metas/14/12/20190914121100_00149.jpg,datasets_flow/dataset_cropped/09_Metas/14/12/20190914121100_00149.jpg,datasets_cloudmask/dataset_cropped/09_Metas/14/12/20190914121100_00149.png,270.8,2.9,267.8,22.9,964
9/14/2019 12:12,datasets/dataset_cropped/09_Metas/14/12/20190914121200_00149.jpg,datasets_flow/dataset_cropped/09_Metas/14/12/20190914121200_00149.jpg,datasets_cloudmask/dataset_cropped/09_Metas/14/12/20190914121200_00149.png,271.4,11.3,260.6,22.8,964
9/14/2019 12:13,datasets/dataset_cropped/09_Metas/14/12/20190914121300_00149.jpg,datasets_flow/dataset_cropped/09_Metas/14/12/20190914121300_00149.jpg,datasets_cloudmask/dataset_cropped/09_Metas/14/12/20190914121300_00149.png,247.8,5.8,240.6,22.7,964
9/14/2019 12:14,datasets/dataset_cropped/09_Metas/14/12/20190914121400_00149.jpg,datasets_flow/dataset_cropped/09_Metas/14/12/20190914121400_00149.jpg,datasets_cloudmask/dataset_cropped/09_Metas/14/12/20190914121400_00149.png,232.7,0.1,230.5,22.6,964
9/14/2019 12:15,datasets/dataset_cropped/09_Metas/14/12/20190914121500_00149.jpg,datasets_flow/dataset_cropped/09_Metas/14/12/20190914121500_00149.jpg,datasets_cloudmask/dataset_cropped/09_Metas/14/12/20190914121500_00149.png,248.8,1.7,244.9,22.5,964
9/14/2019 12:16,datasets/dataset_cropped/09_Metas/14/12/20190914121600_00149.jpg,datasets_flow/dataset_cropped/09_Metas/14/12/20190914121600_00149.jpg,datasets_cloudmask/dataset_cropped/09_Metas/14/12/20190914121600_00149.png,228.7,0.3,225.9,22.5,964
9/14/2019 12:17,datasets/dataset_cropped/09_Metas/14/12/20190914121700_00149.jpg,datasets_flow/dataset_cropped/09_Metas/14/12/20190914121700_00149.jpg,datasets_cloudmask/dataset_cropped/09_Metas/14/12/20190914121700_00149.png,226.6,0.1,224.2,22.5,964
9/14/2019 12:18,datasets/dataset_cropped/09_Metas/14/12/20190914121800_00149.jpg,datasets_flow/dataset_cropped/09_Metas/14/12/20190914121800_00149.jpg,datasets_cloudmask/dataset_cropped/09_Metas/14/12/20190914121800_00149.png,250,1.2,246.6,22.5,964
9/14/2019 12:19,datasets/dataset_cropped/09_Metas/14/12/20190914121900_00149.jpg,datasets_flow/dataset_cropped/09_Metas/14/12/20190914121900_00149.jpg,datasets_cloudmask/dataset_cropped/09_Metas/14/12/20190914121900_00149.png,269.5,4.7,262.7,22.5,964
9/14/2019 12:20,datasets/dataset_cropped/09_Metas/14/12/20190914122000_00149.jpg,datasets_flow/dataset_cropped/09_Metas/14/12/20190914122000_00149.jpg,datasets_cloudmask/dataset_cropped/09_Metas/14/12/20190914122000_00149.png,249.1,1.1,245.3,22.6,964
9/14/2019 12:21,datasets/dataset_cropped/09_Metas/14/12/20190914122100_00149.jpg,datasets_flow/dataset_cropped/09_Metas/14/12/20190914122100_00149.jpg,datasets_cloudmask/dataset_cropped/09_Metas/14/12/20190914122100_00149.png,274.8,6.2,267.1,22.6,964
9/14/2019 12:22,datasets/dataset_cropped/09_Metas/14/12/20190914122200_00149.jpg,datasets_flow/dataset_cropped/09_Metas/14/12/20190914122200_00149.jpg,datasets_cloudmask/dataset_cropped/09_Metas/14/12/20190914122200_00149.png,281.1,5.4,273.7,22.5,964
9/14/2019 12:23,datasets/dataset_cropped/09_Metas/14/12/20190914122300_00149.jpg,datasets_flow/dataset_cropped/09_Metas/14/12/20190914122300_00149.jpg,datasets_cloudmask/dataset_cropped/09_Metas/14/12/20190914122300_00149.png,276.4,3.3,271.3,22.4,964
9/14/2019 12:24,datasets/dataset_cropped/09_Metas/14/12/20190914122400_00149.jpg,datasets_flow/dataset_cropped/09_Metas/14/12/20190914122400_00149.jpg,datasets_cloudmask/dataset_cropped/09_Metas/14/12/20190914122400_00149.png,319.8,7.1,311.4,22.5,964
9/14/2019 12:25,datasets/dataset_cropped/09_Metas/14/12/20190914122500_00149.jpg,datasets_flow/dataset_cropped/09_Metas/14/12/20190914122500_00149.jpg,datasets_cloudmask/dataset_cropped/09_Metas/14/12/20190914122500_00149.png,386.1,40,349,22.4,964
9/14/2019 12:26,datasets/dataset_cropped/09_Metas/14/12/20190914122600_00149.jpg,datasets_flow/dataset_cropped/09_Metas/14/12/20190914122600_00149.jpg,datasets_cloudmask/dataset_cropped/09_Metas/14/12/20190914122600_00149.png,308.5,2.9,303.6,22.5,964
9/14/2019 12:27,datasets/dataset_cropped/09_Metas/14/12/20190914122700_00149.jpg,datasets_flow/dataset_cropped/09_Metas/14/12/20190914122700_00149.jpg,datasets_cloudmask/dataset_cropped/09_Metas/14/12/20190914122700_00149.png,330.3,1.8,326.7,22.5,964
9/14/2019 12:28,datasets/dataset_cropped/09_Metas/14/12/20190914122800_00149.jpg,datasets_flow/dataset_cropped/09_Metas/14/12/20190914122800_00149.jpg,datasets_cloudmask/dataset_cropped/09_Metas/14/12/20190914122800_00149.png,358.8,2.6,353.8,22.5,964
9/14/2019 12:29,datasets/dataset_cropped/09_Metas/14/12/20190914122900_00149.jpg,datasets_flow/dataset_cropped/09_Metas/14/12/20190914122900_00149.jpg,datasets_cloudmask/dataset_cropped/09_Metas/14/12/20190914122900_00149.png,390.4,2.3,386.3,22.5,964
9/14/2019 12:30,datasets/dataset_cropped/09_Metas/14/12/20190914123000_00149.jpg,datasets_flow/dataset_cropped/09_Metas/14/12/20190914123000_00149.jpg,datasets_cloudmask/dataset_cropped/09_Metas/14/12/20190914123000_00149.png,490.1,31.4,459.6,22.6,964
9/14/2019 12:31,datasets/dataset_cropped/09_Metas/14/12/20190914123100_00149.jpg,datasets_flow/dataset_cropped/09_Metas/14/12/20190914123100_00149.jpg,datasets_cloudmask/dataset_cropped/09_Metas/14/12/20190914123100_00149.png,442.4,4.4,435.4,22.8,964
9/14/2019 12:32,datasets/dataset_cropped/09_Metas/14/12/20190914123200_00149.jpg,datasets_flow/dataset_cropped/09_Metas/14/12/20190914123200_00149.jpg,datasets_cloudmask/dataset_cropped/09_Metas/14/12/20190914123200_00149.png,562.4,78.5,493.1,22.9,964
9/14/2019 12:33,datasets/dataset_cropped/09_Metas/14/12/20190914123300_00149.jpg,datasets_flow/dataset_cropped/09_Metas/14/12/20190914123300_00149.jpg,datasets_cloudmask/dataset_cropped/09_Metas/14/12/20190914123300_00149.png,465.7,4.9,459.1,23,964
9/14/2019 12:34,datasets/dataset_cropped/09_Metas/14/12/20190914123400_00149.jpg,datasets_flow/dataset_cropped/09_Metas/14/12/20190914123400_00149.jpg,datasets_cloudmask/dataset_cropped/09_Metas/14/12/20190914123400_00149.png,493.7,23.5,472,23,964
9/14/2019 12:35,datasets/dataset_cropped/09_Metas/14/12/20190914123500_00149.jpg,datasets_flow/dataset_cropped/09_Metas/14/12/20190914123500_00149.jpg,datasets_cloudmask/dataset_cropped/09_Metas/14/12/20190914123500_00149.png,479.6,13.7,464.6,23.1,964
9/14/2019 12:36,datasets/dataset_cropped/09_Metas/14/12/20190914123600_00149.jpg,datasets_flow/dataset_cropped/09_Metas/14/12/20190914123600_00149.jpg,datasets_cloudmask/dataset_cropped/09_Metas/14/12/20190914123600_00149.png,501.4,30.6,469.9,23.2,964
9/14/2019 12:37,datasets/dataset_cropped/09_Metas/14/12/20190914123700_00149.jpg,datasets_flow/dataset_cropped/09_Metas/14/12/20190914123700_00149.jpg,datasets_cloudmask/dataset_cropped/09_Metas/14/12/20190914123700_00149.png,455.2,13.8,437,23.2,964
9/14/2019 12:38,datasets/dataset_cropped/09_Metas/14/12/20190914123800_00149.jpg,datasets_flow/dataset_cropped/09_Metas/14/12/20190914123800_00149.jpg,datasets_cloudmask/dataset_cropped/09_Metas/14/12/20190914123800_00149.png,558,105.7,461.6,23.2,964
9/14/2019 12:39,datasets/dataset_cropped/09_Metas/14/12/20190914123900_00149.jpg,datasets_flow/dataset_cropped/09_Metas/14/12/20190914123900_00149.jpg,datasets_cloudmask/dataset_cropped/09_Metas/14/12/20190914123900_00149.png,671.4,243.3,456.7,23.2,964
9/14/2019 12:40,datasets/dataset_cropped/09_Metas/14/12/20190914124000_00149.jpg,datasets_flow/dataset_cropped/09_Metas/14/12/20190914124000_00149.jpg,datasets_cloudmask/dataset_cropped/09_Metas/14/12/20190914124000_00149.png,780.3,380.6,450.9,23.2,964
9/14/2019 12:41,datasets/dataset_cropped/09_Metas/14/12/20190914124100_00149.jpg,datasets_flow/dataset_cropped/09_Metas/14/12/20190914124100_00149.jpg,datasets_cloudmask/dataset_cropped/09_Metas/14/12/20190914124100_00149.png,789.2,336,498.1,23,964
9/14/2019 12:42,datasets/dataset_cropped/09_Metas/14/12/20190914124200_00149.jpg,datasets_flow/dataset_cropped/09_Metas/14/12/20190914124200_00149.jpg,datasets_cloudmask/dataset_cropped/09_Metas/14/12/20190914124200_00149.png,696.7,223.3,502.6,23,964
9/14/2019 12:43,datasets/dataset_cropped/09_Metas/14/12/20190914124300_00149.jpg,datasets_flow/dataset_cropped/09_Metas/14/12/20190914124300_00149.jpg,datasets_cloudmask/dataset_cropped/09_Metas/14/12/20190914124300_00149.png,508.9,35.6,472.7,23.1,964
9/14/2019 12:44,datasets/dataset_cropped/09_Metas/14/12/20190914124400_00149.jpg,datasets_flow/dataset_cropped/09_Metas/14/12/20190914124400_00149.jpg,datasets_cloudmask/dataset_cropped/09_Metas/14/12/20190914124400_00149.png,543,38.1,504.8,23.1,964
9/14/2019 12:45,datasets/dataset_cropped/09_Metas/14/12/20190914124500_00149.jpg,datasets_flow/dataset_cropped/09_Metas/14/12/20190914124500_00149.jpg,datasets_cloudmask/dataset_cropped/09_Metas/14/12/20190914124500_00149.png,583.9,86.3,505.2,23.2,964
9/14/2019 12:46,datasets/dataset_cropped/09_Metas/14/12/20190914124600_00149.jpg,datasets_flow/dataset_cropped/09_Metas/14/12/20190914124600_00149.jpg,datasets_cloudmask/dataset_cropped/09_Metas/14/12/20190914124600_00149.png,685.9,259.3,459.5,23.2,964
9/14/2019 12:47,datasets/dataset_cropped/09_Metas/14/12/20190914124700_00149.jpg,datasets_flow/dataset_cropped/09_Metas/14/12/20190914124700_00149.jpg,datasets_cloudmask/dataset_cropped/09_Metas/14/12/20190914124700_00149.png,751.9,355.5,442.8,23.2,964
9/14/2019 12:48,datasets/dataset_cropped/09_Metas/14/12/20190914124800_00149.jpg,datasets_flow/dataset_cropped/09_Metas/14/12/20190914124800_00149.jpg,datasets_cloudmask/dataset_cropped/09_Metas/14/12/20190914124800_00149.png,797.4,420.7,435.2,23.4,964
9/14/2019 12:49,datasets/dataset_cropped/09_Metas/14/12/20190914124900_00149.jpg,datasets_flow/dataset_cropped/09_Metas/14/12/20190914124900_00149.jpg,datasets_cloudmask/dataset_cropped/09_Metas/14/12/20190914124900_00149.png,918,567.1,434.5,23.4,964
9/14/2019 12:50,datasets/dataset_cropped/09_Metas/14/12/20190914125000_00149.jpg,datasets_flow/dataset_cropped/09_Metas/14/12/20190914125000_00149.jpg,datasets_cloudmask/dataset_cropped/09_Metas/14/12/20190914125000_00149.png,453,49,404.8,23.4,964
9/14/2019 12:51,datasets/dataset_cropped/09_Metas/14/12/20190914125100_00149.jpg,datasets_flow/dataset_cropped/09_Metas/14/12/20190914125100_00149.jpg,datasets_cloudmask/dataset_cropped/09_Metas/14/12/20190914125100_00149.png,399.6,3.8,392.5,23.6,964
9/14/2019 12:52,datasets/dataset_cropped/09_Metas/14/12/20190914125200_00149.jpg,datasets_flow/dataset_cropped/09_Metas/14/12/20190914125200_00149.jpg,datasets_cloudmask/dataset_cropped/09_Metas/14/12/20190914125200_00149.png,522.4,85.8,442.8,23.6,964
9/14/2019 12:53,datasets/dataset_cropped/09_Metas/14/12/20190914125300_00149.jpg,datasets_flow/dataset_cropped/09_Metas/14/12/20190914125300_00149.jpg,datasets_cloudmask/dataset_cropped/09_Metas/14/12/20190914125300_00149.png,391.6,4.7,385,23.5,964
9/14/2019 12:54,datasets/dataset_cropped/09_Metas/14/12/20190914125400_00149.jpg,datasets_flow/dataset_cropped/09_Metas/14/12/20190914125400_00149.jpg,datasets_cloudmask/dataset_cropped/09_Metas/14/12/20190914125400_00149.png,395.7,2.3,391,23.5,964
9/14/2019 12:55,datasets/dataset_cropped/09_Metas/14/12/20190914125500_00149.jpg,datasets_flow/dataset_cropped/09_Metas/14/12/20190914125500_00149.jpg,datasets_cloudmask/dataset_cropped/09_Metas/14/12/20190914125500_00149.png,469.2,22.7,444.7,23.5,963
9/14/2019 12:56,datasets/dataset_cropped/09_Metas/14/12/20190914125600_00149.jpg,datasets_flow/dataset_cropped/09_Metas/14/12/20190914125600_00149.jpg,datasets_cloudmask/dataset_cropped/09_Metas/14/12/20190914125600_00149.png,585.3,109.1,487.6,23.4,964
9/14/2019 12:57,datasets/dataset_cropped/09_Metas/14/12/20190914125700_00149.jpg,datasets_flow/dataset_cropped/09_Metas/14/12/20190914125700_00149.jpg,datasets_cloudmask/dataset_cropped/09_Metas/14/12/20190914125700_00149.png,762.9,308.3,493.7,23.6,964
9/14/2019 12:58,datasets/dataset_cropped/09_Metas/14/12/20190914125800_00149.jpg,datasets_flow/dataset_cropped/09_Metas/14/12/20190914125800_00149.jpg,datasets_cloudmask/dataset_cropped/09_Metas/14/12/20190914125800_00149.png,417.6,24.7,391.4,23.7,963
9/14/2019 12:59,datasets/dataset_cropped/09_Metas/14/12/20190914125900_00149.jpg,datasets_flow/dataset_cropped/09_Metas/14/12/20190914125900_00149.jpg,datasets_cloudmask/dataset_cropped/09_Metas/14/12/20190914125900_00149.png,405.4,1,400.5,23.5,963
9/14/2019 13:00,datasets/dataset_cropped/09_Metas/14/13/20190914130000_00149.jpg,datasets_flow/dataset_cropped/09_Metas/14/13/20190914130000_00149.jpg,datasets_cloudmask/dataset_cropped/09_Metas/14/13/20190914130000_00149.png,516.4,43.1,474,23.4,963
9/14/2019 13:01,datasets/dataset_cropped/09_Metas/14/13/20190914130100_00149.jpg,datasets_flow/dataset_cropped/09_Metas/14/13/20190914130100_00149.jpg,datasets_cloudmask/dataset_cropped/09_Metas/14/13/20190914130100_00149.png,473,52,423.8,23.5,963
9/14/2019 13:02,datasets/dataset_cropped/09_Metas/14/13/20190914130200_00149.jpg,datasets_flow/dataset_cropped/09_Metas/14/13/20190914130200_00149.jpg,datasets_cloudmask/dataset_cropped/09_Metas/14/13/20190914130200_00149.png,478.5,18.8,457.8,23.5,963
9/14/2019 13:03,datasets/dataset_cropped/09_Metas/14/13/20190914130300_00149.jpg,datasets_flow/dataset_cropped/09_Metas/14/13/20190914130300_00149.jpg,datasets_cloudmask/dataset_cropped/09_Metas/14/13/20190914130300_00149.png,504.3,40.2,464.7,23.5,963
9/14/2019 13:04,datasets/dataset_cropped/09_Metas/14/13/20190914130400_00149.jpg,datasets_flow/dataset_cropped/09_Metas/14/13/20190914130400_00149.jpg,datasets_cloudmask/dataset_cropped/09_Metas/14/13/20190914130400_00149.png,401.6,2.3,395.7,23.6,963
9/14/2019 13:05,datasets/dataset_cropped/09_Metas/14/13/20190914130500_00149.jpg,datasets_flow/dataset_cropped/09_Metas/14/13/20190914130500_00149.jpg,datasets_cloudmask/dataset_cropped/09_Metas/14/13/20190914130500_00149.png,372.5,1.4,366.5,23.4,963
9/14/2019 13:06,datasets/dataset_cropped/09_Metas/14/13/20190914130600_00149.jpg,datasets_flow/dataset_cropped/09_Metas/14/13/20190914130600_00149.jpg,datasets_cloudmask/dataset_cropped/09_Metas/14/13/20190914130600_00149.png,352.5,0.9,347.8,23.5,963
9/14/2019 13:07,datasets/dataset_cropped/09_Metas/14/13/20190914130700_00149.jpg,datasets_flow/dataset_cropped/09_Metas/14/13/20190914130700_00149.jpg,datasets_cloudmask/dataset_cropped/09_Metas/14/13/20190914130700_00149.png,389.5,5,382,23.6,963
9/14/2019 13:08,datasets/dataset_cropped/09_Metas/14/13/20190914130800_00149.jpg,datasets_flow/dataset_cropped/09_Metas/14/13/20190914130800_00149.jpg,datasets_cloudmask/dataset_cropped/09_Metas/14/13/20190914130800_00149.png,483.2,22.1,458.8,23.5,963
9/14/2019 13:09,datasets/dataset_cropped/09_Metas/14/13/20190914130900_00149.jpg,datasets_flow/dataset_cropped/09_Metas/14/13/20190914130900_00149.jpg,datasets_cloudmask/dataset_cropped/09_Metas/14/13/20190914130900_00149.png,803,356.5,491.5,23.5,963
9/14/2019 13:10,datasets/dataset_cropped/09_Metas/14/13/20190914131000_00149.jpg,datasets_flow/dataset_cropped/09_Metas/14/13/20190914131000_00149.jpg,datasets_cloudmask/dataset_cropped/09_Metas/14/13/20190914131000_00149.png,644,225.7,445.5,23.6,963
9/14/2019 13:11,datasets/dataset_cropped/09_Metas/14/13/20190914131100_00149.jpg,datasets_flow/dataset_cropped/09_Metas/14/13/20190914131100_00149.jpg,datasets_cloudmask/dataset_cropped/09_Metas/14/13/20190914131100_00149.png,779,432.1,401.2,23.8,963
9/14/2019 13:12,datasets/dataset_cropped/09_Metas/14/13/20190914131200_00149.jpg,datasets_flow/dataset_cropped/09_Metas/14/13/20190914131200_00149.jpg,datasets_cloudmask/dataset_cropped/09_Metas/14/13/20190914131200_00149.png,832,478.4,415.8,23.7,963
9/14/2019 13:13,datasets/dataset_cropped/09_Metas/14/13/20190914131300_00149.jpg,datasets_flow/dataset_cropped/09_Metas/14/13/20190914131300_00149.jpg,datasets_cloudmask/dataset_cropped/09_Metas/14/13/20190914131300_00149.png,867,521.2,417.5,23.6,963
9/14/2019 13:14,datasets/dataset_cropped/09_Metas/14/13/20190914131400_00149.jpg,datasets_flow/dataset_cropped/09_Metas/14/13/20190914131400_00149.jpg,datasets_cloudmask/dataset_cropped/09_Metas/14/13/20190914131400_00149.png,774.7,432.4,401,23.5,963
9/14/2019 13:15,datasets/dataset_cropped/09_Metas/14/13/20190914131500_00149.jpg,datasets_flow/dataset_cropped/09_Metas/14/13/20190914131500_00149.jpg,datasets_cloudmask/dataset_cropped/09_Metas/14/13/20190914131500_00149.png,866,547.8,393.2,23.4,963
9/14/2019 13:16,datasets/dataset_cropped/09_Metas/14/13/20190914131600_00149.jpg,datasets_flow/dataset_cropped/09_Metas/14/13/20190914131600_00149.jpg,datasets_cloudmask/dataset_cropped/09_Metas/14/13/20190914131600_00149.png,824,502.8,391.4,23.4,963
9/14/2019 13:17,datasets/dataset_cropped/09_Metas/14/13/20190914131700_00149.jpg,datasets_flow/dataset_cropped/09_Metas/14/13/20190914131700_00149.jpg,datasets_cloudmask/dataset_cropped/09_Metas/14/13/20190914131700_00149.png,796.4,447.9,406.7,23.4,963
9/14/2019 13:18,datasets/dataset_cropped/09_Metas/14/13/20190914131800_00149.jpg,datasets_flow/dataset_cropped/09_Metas/14/13/20190914131800_00149.jpg,datasets_cloudmask/dataset_cropped/09_Metas/14/13/20190914131800_00149.png,784.6,440.9,404.1,23.4,963
9/14/2019 13:19,datasets/dataset_cropped/09_Metas/14/13/20190914131900_00149.jpg,datasets_flow/dataset_cropped/09_Metas/14/13/20190914131900_00149.jpg,datasets_cloudmask/dataset_cropped/09_Metas/14/13/20190914131900_00149.png,841,522.1,392.2,23.5,963
9/14/2019 13:20,datasets/dataset_cropped/09_Metas/14/13/20190914132000_00149.jpg,datasets_flow/dataset_cropped/09_Metas/14/13/20190914132000_00149.jpg,datasets_cloudmask/dataset_cropped/09_Metas/14/13/20190914132000_00149.png,907,589.8,402.1,23.8,963
9/14/2019 13:21,datasets/dataset_cropped/09_Metas/14/13/20190914132100_00149.jpg,datasets_flow/dataset_cropped/09_Metas/14/13/20190914132100_00149.jpg,datasets_cloudmask/dataset_cropped/09_Metas/14/13/20190914132100_00149.png,914,589.1,410.9,24.2,963
9/14/2019 13:22,datasets/dataset_cropped/09_Metas/14/13/20190914132200_00149.jpg,datasets_flow/dataset_cropped/09_Metas/14/13/20190914132200_00149.jpg,datasets_cloudmask/dataset_cropped/09_Metas/14/13/20190914132200_00149.png,888,560.6,408.1,24.2,963
9/14/2019 13:23,datasets/dataset_cropped/09_Metas/14/13/20190914132300_00149.jpg,datasets_flow/dataset_cropped/09_Metas/14/13/20190914132300_00149.jpg,datasets_cloudmask/dataset_cropped/09_Metas/14/13/20190914132300_00149.png,885,555.4,408.3,24.2,963
9/14/2019 13:24,datasets/dataset_cropped/09_Metas/14/13/20190914132400_00149.jpg,datasets_flow/dataset_cropped/09_Metas/14/13/20190914132400_00149.jpg,datasets_cloudmask/dataset_cropped/09_Metas/14/13/20190914132400_00149.png,923,561.8,440.5,24.3,963
9/14/2019 13:25,datasets/dataset_cropped/09_Metas/14/13/20190914132500_00149.jpg,datasets_flow/dataset_cropped/09_Metas/14/13/20190914132500_00149.jpg,datasets_cloudmask/dataset_cropped/09_Metas/14/13/20190914132500_00149.png,957,581.8,457.9,24.5,963
9/14/2019 13:26,datasets/dataset_cropped/09_Metas/14/13/20190914132600_00149.jpg,datasets_flow/dataset_cropped/09_Metas/14/13/20190914132600_00149.jpg,datasets_cloudmask/dataset_cropped/09_Metas/14/13/20190914132600_00149.png,763.2,331,475.7,24.6,963
9/14/2019 13:27,datasets/dataset_cropped/09_Metas/14/13/20190914132700_00149.jpg,datasets_flow/dataset_cropped/09_Metas/14/13/20190914132700_00149.jpg,datasets_cloudmask/dataset_cropped/09_Metas/14/13/20190914132700_00149.png,499.8,68.9,433.8,24.5,963
9/14/2019 13:28,datasets/dataset_cropped/09_Metas/14/13/20190914132800_00149.jpg,datasets_flow/dataset_cropped/09_Metas/14/13/20190914132800_00149.jpg,datasets_cloudmask/dataset_cropped/09_Metas/14/13/20190914132800_00149.png,779.3,389.3,442.1,24.4,963
9/14/2019 13:29,datasets/dataset_cropped/09_Metas/14/13/20190914132900_00149.jpg,datasets_flow/dataset_cropped/09_Metas/14/13/20190914132900_00149.jpg,datasets_cloudmask/dataset_cropped/09_Metas/14/13/20190914132900_00149.png,758.5,364.5,441.3,24.4,963
9/14/2019 13:30,datasets/dataset_cropped/09_Metas/14/13/20190914133000_00149.jpg,datasets_flow/dataset_cropped/09_Metas/14/13/20190914133000_00149.jpg,datasets_cloudmask/dataset_cropped/09_Metas/14/13/20190914133000_00149.png,665.6,277.6,423.7,24.4,963
9/14/2019 13:31,datasets/dataset_cropped/09_Metas/14/13/20190914133100_00149.jpg,datasets_flow/dataset_cropped/09_Metas/14/13/20190914133100_00149.jpg,datasets_cloudmask/dataset_cropped/09_Metas/14/13/20190914133100_00149.png,646.7,258,420.9,24.4,963
9/14/2019 13:32,datasets/dataset_cropped/09_Metas/14/13/20190914133200_00149.jpg,datasets_flow/dataset_cropped/09_Metas/14/13/20190914133200_00149.jpg,datasets_cloudmask/dataset_cropped/09_Metas/14/13/20190914133200_00149.png,672.9,269.3,437.3,24.5,963
9/14/2019 13:33,datasets/dataset_cropped/09_Metas/14/13/20190914133300_00149.jpg,datasets_flow/dataset_cropped/09_Metas/14/13/20190914133300_00149.jpg,datasets_cloudmask/dataset_cropped/09_Metas/14/13/20190914133300_00149.png,823,410.7,469.3,24.4,963
9/14/2019 13:34,datasets/dataset_cropped/09_Metas/14/13/20190914133400_00149.jpg,datasets_flow/dataset_cropped/09_Metas/14/13/20190914133400_00149.jpg,datasets_cloudmask/dataset_cropped/09_Metas/14/13/20190914133400_00149.png,872,464.8,473.5,24.5,963
9/14/2019 13:35,datasets/dataset_cropped/09_Metas/14/13/20190914133500_00149.jpg,datasets_flow/dataset_cropped/09_Metas/14/13/20190914133500_00149.jpg,datasets_cloudmask/dataset_cropped/09_Metas/14/13/20190914133500_00149.png,705.2,271.5,471.3,24.7,963
9/14/2019 13:36,datasets/dataset_cropped/09_Metas/14/13/20190914133600_00149.jpg,datasets_flow/dataset_cropped/09_Metas/14/13/20190914133600_00149.jpg,datasets_cloudmask/dataset_cropped/09_Metas/14/13/20190914133600_00149.png,651.7,230.6,455.9,24.9,963
9/14/2019 13:37,datasets/dataset_cropped/09_Metas/14/13/20190914133700_00149.jpg,datasets_flow/dataset_cropped/09_Metas/14/13/20190914133700_00149.jpg,datasets_cloudmask/dataset_cropped/09_Metas/14/13/20190914133700_00149.png,489.4,75.2,422.6,25,963
9/14/2019 13:38,datasets/dataset_cropped/09_Metas/14/13/20190914133800_00149.jpg,datasets_flow/dataset_cropped/09_Metas/14/13/20190914133800_00149.jpg,datasets_cloudmask/dataset_cropped/09_Metas/14/13/20190914133800_00149.png,636.3,209.8,459.1,24.9,963
9/14/2019 13:39,datasets/dataset_cropped/09_Metas/14/13/20190914133900_00149.jpg,datasets_flow/dataset_cropped/09_Metas/14/13/20190914133900_00149.jpg,datasets_cloudmask/dataset_cropped/09_Metas/14/13/20190914133900_00149.png,509.7,65.8,446,24.9,963
9/14/2019 13:40,datasets/dataset_cropped/09_Metas/14/13/20190914134000_00149.jpg,datasets_flow/dataset_cropped/09_Metas/14/13/20190914134000_00149.jpg,datasets_cloudmask/dataset_cropped/09_Metas/14/13/20190914134000_00149.png,608.2,159.6,467.4,25.1,963
9/14/2019 13:41,datasets/dataset_cropped/09_Metas/14/13/20190914134100_00149.jpg,datasets_flow/dataset_cropped/09_Metas/14/13/20190914134100_00149.jpg,datasets_cloudmask/dataset_cropped/09_Metas/14/13/20190914134100_00149.png,406.6,10.4,394.5,25.1,963
9/14/2019 13:42,datasets/dataset_cropped/09_Metas/14/13/20190914134200_00149.jpg,datasets_flow/dataset_cropped/09_Metas/14/13/20190914134200_00149.jpg,datasets_cloudmask/dataset_cropped/09_Metas/14/13/20190914134200_00149.png,530.5,114.1,431.1,25.1,963
9/14/2019 13:43,datasets/dataset_cropped/09_Metas/14/13/20190914134300_00149.jpg,datasets_flow/dataset_cropped/09_Metas/14/13/20190914134300_00149.jpg,datasets_cloudmask/dataset_cropped/09_Metas/14/13/20190914134300_00149.png,635.8,258.7,413.8,24.9,963
9/14/2019 13:44,datasets/dataset_cropped/09_Metas/14/13/20190914134400_00149.jpg,datasets_flow/dataset_cropped/09_Metas/14/13/20190914134400_00149.jpg,datasets_cloudmask/dataset_cropped/09_Metas/14/13/20190914134400_00149.png,460.4,97.7,376.5,24.8,963
9/14/2019 13:45,datasets/dataset_cropped/09_Metas/14/13/20190914134500_00149.jpg,datasets_flow/dataset_cropped/09_Metas/14/13/20190914134500_00149.jpg,datasets_cloudmask/dataset_cropped/09_Metas/14/13/20190914134500_00149.png,887,515,451.6,24.8,963
9/14/2019 13:46,datasets/dataset_cropped/09_Metas/14/13/20190914134600_00149.jpg,datasets_flow/dataset_cropped/09_Metas/14/13/20190914134600_00149.jpg,datasets_cloudmask/dataset_cropped/09_Metas/14/13/20190914134600_00149.png,890,525.5,445.5,24.7,963
9/14/2019 13:47,datasets/dataset_cropped/09_Metas/14/13/20190914134700_00149.jpg,datasets_flow/dataset_cropped/09_Metas/14/13/20190914134700_00149.jpg,datasets_cloudmask/dataset_cropped/09_Metas/14/13/20190914134700_00149.png,798.7,405,456.8,24.6,963
9/14/2019 13:48,datasets/dataset_cropped/09_Metas/14/13/20190914134800_00149.jpg,datasets_flow/dataset_cropped/09_Metas/14/13/20190914134800_00149.jpg,datasets_cloudmask/dataset_cropped/09_Metas/14/13/20190914134800_00149.png,689.9,283.7,448,24.6,963
9/14/2019 13:49,datasets/dataset_cropped/09_Metas/14/13/20190914134900_00149.jpg,datasets_flow/dataset_cropped/09_Metas/14/13/20190914134900_00149.jpg,datasets_cloudmask/dataset_cropped/09_Metas/14/13/20190914134900_00149.png,865,547.4,403.7,24.9,963
9/14/2019 13:50,datasets/dataset_cropped/09_Metas/14/13/20190914135000_00149.jpg,datasets_flow/dataset_cropped/09_Metas/14/13/20190914135000_00149.jpg,datasets_cloudmask/dataset_cropped/09_Metas/14/13/20190914135000_00149.png,885,588,391,24.9,963
9/14/2019 13:51,datasets/dataset_cropped/09_Metas/14/13/20190914135100_00149.jpg,datasets_flow/dataset_cropped/09_Metas/14/13/20190914135100_00149.jpg,datasets_cloudmask/dataset_cropped/09_Metas/14/13/20190914135100_00149.png,895,580.9,407.6,25,963
9/14/2019 13:52,datasets/dataset_cropped/09_Metas/14/13/20190914135200_00149.jpg,datasets_flow/dataset_cropped/09_Metas/14/13/20190914135200_00149.jpg,datasets_cloudmask/dataset_cropped/09_Metas/14/13/20190914135200_00149.png,913,586.5,420.7,25,963
9/14/2019 13:53,datasets/dataset_cropped/09_Metas/14/13/20190914135300_00149.jpg,datasets_flow/dataset_cropped/09_Metas/14/13/20190914135300_00149.jpg,datasets_cloudmask/dataset_cropped/09_Metas/14/13/20190914135300_00149.png,884,533.9,436.8,25,963
9/14/2019 13:54,datasets/dataset_cropped/09_Metas/14/13/20190914135400_00149.jpg,datasets_flow/dataset_cropped/09_Metas/14/13/20190914135400_00149.jpg,datasets_cloudmask/dataset_cropped/09_Metas/14/13/20190914135400_00149.png,857,509.2,431.3,24.8,963
9/14/2019 13:55,datasets/dataset_cropped/09_Metas/14/13/20190914135500_00149.jpg,datasets_flow/dataset_cropped/09_Metas/14/13/20190914135500_00149.jpg,datasets_cloudmask/dataset_cropped/09_Metas/14/13/20190914135500_00149.png,892,576.2,409.3,24.8,963
9/14/2019 13:56,datasets/dataset_cropped/09_Metas/14/13/20190914135600_00149.jpg,datasets_flow/dataset_cropped/09_Metas/14/13/20190914135600_00149.jpg,datasets_cloudmask/dataset_cropped/09_Metas/14/13/20190914135600_00149.png,798.4,501.3,381.4,24.7,963
9/14/2019 13:57,datasets/dataset_cropped/09_Metas/14/13/20190914135700_00149.jpg,datasets_flow/dataset_cropped/09_Metas/14/13/20190914135700_00149.jpg,datasets_cloudmask/dataset_cropped/09_Metas/14/13/20190914135700_00149.png,850,591.4,356.6,24.6,963
9/14/2019 13:58,datasets/dataset_cropped/09_Metas/14/13/20190914135800_00149.jpg,datasets_flow/dataset_cropped/09_Metas/14/13/20190914135800_00149.jpg,datasets_cloudmask/dataset_cropped/09_Metas/14/13/20190914135800_00149.png,820,573,342.4,24.9,963
9/14/2019 13:59,datasets/dataset_cropped/09_Metas/14/13/20190914135900_00149.jpg,datasets_flow/dataset_cropped/09_Metas/14/13/20190914135900_00149.jpg,datasets_cloudmask/dataset_cropped/09_Metas/14/13/20190914135900_00149.png,800,547.3,344.3,25.1,963
9/14/2019 14:00,datasets/dataset_cropped/09_Metas/14/14/20190914140000_00149.jpg,datasets_flow/dataset_cropped/09_Metas/14/14/20190914140000_00149.jpg,datasets_cloudmask/dataset_cropped/09_Metas/14/14/20190914140000_00149.png,822,589.2,332.1,25.1,963
9/14/2019 14:01,datasets/dataset_cropped/09_Metas/14/14/20190914140100_00149.jpg,datasets_flow/dataset_cropped/09_Metas/14/14/20190914140100_00149.jpg,datasets_cloudmask/dataset_cropped/09_Metas/14/14/20190914140100_00149.png,820,592.2,328.8,24.9,963
9/14/2019 14:02,datasets/dataset_cropped/09_Metas/14/14/20190914140200_00149.jpg,datasets_flow/dataset_cropped/09_Metas/14/14/20190914140200_00149.jpg,datasets_cloudmask/dataset_cropped/09_Metas/14/14/20190914140200_00149.png,820,594.6,327.2,24.8,963
9/14/2019 14:03,datasets/dataset_cropped/09_Metas/14/14/20190914140300_00149.jpg,datasets_flow/dataset_cropped/09_Metas/14/14/20190914140300_00149.jpg,datasets_cloudmask/dataset_cropped/09_Metas/14/14/20190914140300_00149.png,816,590.4,326.7,25,962
9/14/2019 14:04,datasets/dataset_cropped/09_Metas/14/14/20190914140400_00149.jpg,datasets_flow/dataset_cropped/09_Metas/14/14/20190914140400_00149.jpg,datasets_cloudmask/dataset_cropped/09_Metas/14/14/20190914140400_00149.png,818,589.1,330.6,25.1,963
9/14/2019 14:05,datasets/dataset_cropped/09_Metas/14/14/20190914140500_00149.jpg,datasets_flow/dataset_cropped/09_Metas/14/14/20190914140500_00149.jpg,datasets_cloudmask/dataset_cropped/09_Metas/14/14/20190914140500_00149.png,816,578.6,338,24.9,963
9/14/2019 14:06,datasets/dataset_cropped/09_Metas/14/14/20190914140600_00149.jpg,datasets_flow/dataset_cropped/09_Metas/14/14/20190914140600_00149.jpg,datasets_cloudmask/dataset_cropped/09_Metas/14/14/20190914140600_00149.png,825,567.2,356.9,24.8,962
9/14/2019 14:07,datasets/dataset_cropped/09_Metas/14/14/20190914140700_00149.jpg,datasets_flow/dataset_cropped/09_Metas/14/14/20190914140700_00149.jpg,datasets_cloudmask/dataset_cropped/09_Metas/14/14/20190914140700_00149.png,805,447.2,435,25,963
9/14/2019 14:08,datasets/dataset_cropped/09_Metas/14/14/20190914140800_00149.jpg,datasets_flow/dataset_cropped/09_Metas/14/14/20190914140800_00149.jpg,datasets_cloudmask/dataset_cropped/09_Metas/14/14/20190914140800_00149.png,552.2,117.3,449.7,24.8,963
9/14/2019 14:09,datasets/dataset_cropped/09_Metas/14/14/20190914140900_00149.jpg,datasets_flow/dataset_cropped/09_Metas/14/14/20190914140900_00149.jpg,datasets_cloudmask/dataset_cropped/09_Metas/14/14/20190914140900_00149.png,456.2,51.4,410.6,24.8,963
9/14/2019 14:10,datasets/dataset_cropped/09_Metas/14/14/20190914141000_00149.jpg,datasets_flow/dataset_cropped/09_Metas/14/14/20190914141000_00149.jpg,datasets_cloudmask/dataset_cropped/09_Metas/14/14/20190914141000_00149.png,652.5,258.6,432.8,24.8,963
9/14/2019 14:11,datasets/dataset_cropped/09_Metas/14/14/20190914141100_00149.jpg,datasets_flow/dataset_cropped/09_Metas/14/14/20190914141100_00149.jpg,datasets_cloudmask/dataset_cropped/09_Metas/14/14/20190914141100_00149.png,527.2,131.4,417.4,24.8,963
9/14/2019 14:12,datasets/dataset_cropped/09_Metas/14/14/20190914141200_00149.jpg,datasets_flow/dataset_cropped/09_Metas/14/14/20190914141200_00149.jpg,datasets_cloudmask/dataset_cropped/09_Metas/14/14/20190914141200_00149.png,939,568.3,473.3,24.7,963
9/14/2019 14:13,datasets/dataset_cropped/09_Metas/14/14/20190914141300_00149.jpg,datasets_flow/dataset_cropped/09_Metas/14/14/20190914141300_00149.jpg,datasets_cloudmask/dataset_cropped/09_Metas/14/14/20190914141300_00149.png,750.7,299.6,494.9,24.8,963
9/14/2019 14:14,datasets/dataset_cropped/09_Metas/14/14/20190914141400_00149.jpg,datasets_flow/dataset_cropped/09_Metas/14/14/20190914141400_00149.jpg,datasets_cloudmask/dataset_cropped/09_Metas/14/14/20190914141400_00149.png,674.2,207.9,499.3,24.8,963
9/14/2019 14:15,datasets/dataset_cropped/09_Metas/14/14/20190914141500_00149.jpg,datasets_flow/dataset_cropped/09_Metas/14/14/20190914141500_00149.jpg,datasets_cloudmask/dataset_cropped/09_Metas/14/14/20190914141500_00149.png,611.5,190,452.2,24.8,962
9/14/2019 14:16,datasets/dataset_cropped/09_Metas/14/14/20190914141600_00149.jpg,datasets_flow/dataset_cropped/09_Metas/14/14/20190914141600_00149.jpg,datasets_cloudmask/dataset_cropped/09_Metas/14/14/20190914141600_00149.png,714.3,337.7,435.3,24.5,963
9/14/2019 14:17,datasets/dataset_cropped/09_Metas/14/14/20190914141700_00149.jpg,datasets_flow/dataset_cropped/09_Metas/14/14/20190914141700_00149.jpg,datasets_cloudmask/dataset_cropped/09_Metas/14/14/20190914141700_00149.png,878,580,405.1,24.6,963
9/14/2019 14:18,datasets/dataset_cropped/09_Metas/14/14/20190914141800_00149.jpg,datasets_flow/dataset_cropped/09_Metas/14/14/20190914141800_00149.jpg,datasets_cloudmask/dataset_cropped/09_Metas/14/14/20190914141800_00149.png,718.2,400.9,388.4,24.6,963
9/14/2019 14:19,datasets/dataset_cropped/09_Metas/14/14/20190914141900_00149.jpg,datasets_flow/dataset_cropped/09_Metas/14/14/20190914141900_00149.jpg,datasets_cloudmask/dataset_cropped/09_Metas/14/14/20190914141900_00149.png,604.8,268.9,385.5,24.6,962
9/14/2019 14:20,datasets/dataset_cropped/09_Metas/14/14/20190914142000_00149.jpg,datasets_flow/dataset_cropped/09_Metas/14/14/20190914142000_00149.jpg,datasets_cloudmask/dataset_cropped/09_Metas/14/14/20190914142000_00149.png,857,569.7,394.3,24.6,962
9/14/2019 14:21,datasets/dataset_cropped/09_Metas/14/14/20190914142100_00149.jpg,datasets_flow/dataset_cropped/09_Metas/14/14/20190914142100_00149.jpg,datasets_cloudmask/dataset_cropped/09_Metas/14/14/20190914142100_00149.png,813,516.6,391.6,24.6,962
9/14/2019 14:22,datasets/dataset_cropped/09_Metas/14/14/20190914142200_00149.jpg,datasets_flow/dataset_cropped/09_Metas/14/14/20190914142200_00149.jpg,datasets_cloudmask/dataset_cropped/09_Metas/14/14/20190914142200_00149.png,864,587.3,389.9,24.6,962
9/14/2019 14:23,datasets/dataset_cropped/09_Metas/14/14/20190914142300_00149.jpg,datasets_flow/dataset_cropped/09_Metas/14/14/20190914142300_00149.jpg,datasets_cloudmask/dataset_cropped/09_Metas/14/14/20190914142300_00149.png,889,586.6,416.2,24.8,962
9/14/2019 14:24,datasets/dataset_cropped/09_Metas/14/14/20190914142400_00149.jpg,datasets_flow/dataset_cropped/09_Metas/14/14/20190914142400_00149.jpg,datasets_cloudmask/dataset_cropped/09_Metas/14/14/20190914142400_00149.png,918,586.5,445.1,24.8,962
9/14/2019 14:25,datasets/dataset_cropped/09_Metas/14/14/20190914142500_00149.jpg,datasets_flow/dataset_cropped/09_Metas/14/14/20190914142500_00149.jpg,datasets_cloudmask/dataset_cropped/09_Metas/14/14/20190914142500_00149.png,617.5,231.7,426.3,24.8,962
9/14/2019 14:26,datasets/dataset_cropped/09_Metas/14/14/20190914142600_00149.jpg,datasets_flow/dataset_cropped/09_Metas/14/14/20190914142600_00149.jpg,datasets_cloudmask/dataset_cropped/09_Metas/14/14/20190914142600_00149.png,898,555.1,452.8,24.9,962
9/14/2019 14:27,datasets/dataset_cropped/09_Metas/14/14/20190914142700_00149.jpg,datasets_flow/dataset_cropped/09_Metas/14/14/20190914142700_00149.jpg,datasets_cloudmask/dataset_cropped/09_Metas/14/14/20190914142700_00149.png,782,380.7,474.5,25.2,963
9/14/2019 14:28,datasets/dataset_cropped/09_Metas/14/14/20190914142800_00149.jpg,datasets_flow/dataset_cropped/09_Metas/14/14/20190914142800_00149.jpg,datasets_cloudmask/dataset_cropped/09_Metas/14/14/20190914142800_00149.png,932,554.8,486,25.3,962
9/14/2019 14:29,datasets/dataset_cropped/09_Metas/14/14/20190914142900_00149.jpg,datasets_flow/dataset_cropped/09_Metas/14/14/20190914142900_00149.jpg,datasets_cloudmask/dataset_cropped/09_Metas/14/14/20190914142900_00149.png,809,381.1,502.7,25.5,962
9/14/2019 14:30,datasets/dataset_cropped/09_Metas/14/14/20190914143000_00149.jpg,datasets_flow/dataset_cropped/09_Metas/14/14/20190914143000_00149.jpg,datasets_cloudmask/dataset_cropped/09_Metas/14/14/20190914143000_00149.png,526.3,74.7,461.9,25.8,962
9/14/2019 14:31,datasets/dataset_cropped/09_Metas/14/14/20190914143100_00149.jpg,datasets_flow/dataset_cropped/09_Metas/14/14/20190914143100_00149.jpg,datasets_cloudmask/dataset_cropped/09_Metas/14/14/20190914143100_00149.png,533,105.9,446.7,25.4,962
9/14/2019 14:32,datasets/dataset_cropped/09_Metas/14/14/20190914143200_00149.jpg,datasets_flow/dataset_cropped/09_Metas/14/14/20190914143200_00149.jpg,datasets_cloudmask/dataset_cropped/09_Metas/14/14/20190914143200_00149.png,543.4,102,460.1,24.9,962
9/14/2019 14:33,datasets/dataset_cropped/09_Metas/14/14/20190914143300_00149.jpg,datasets_flow/dataset_cropped/09_Metas/14/14/20190914143300_00149.jpg,datasets_cloudmask/dataset_cropped/09_Metas/14/14/20190914143300_00149.png,514.2,105.3,427.5,24.9,962
9/14/2019 14:34,datasets/dataset_cropped/09_Metas/14/14/20190914143400_00149.jpg,datasets_flow/dataset_cropped/09_Metas/14/14/20190914143400_00149.jpg,datasets_cloudmask/dataset_cropped/09_Metas/14/14/20190914143400_00149.png,645.9,254.3,438.1,25.1,962
9/14/2019 14:35,datasets/dataset_cropped/09_Metas/14/14/20190914143500_00149.jpg,datasets_flow/dataset_cropped/09_Metas/14/14/20190914143500_00149.jpg,datasets_cloudmask/dataset_cropped/09_Metas/14/14/20190914143500_00149.png,491.6,101.1,409.1,24.8,962
9/14/2019 14:36,datasets/dataset_cropped/09_Metas/14/14/20190914143600_00149.jpg,datasets_flow/dataset_cropped/09_Metas/14/14/20190914143600_00149.jpg,datasets_cloudmask/dataset_cropped/09_Metas/14/14/20190914143600_00149.png,446.6,45.2,404.5,24.7,962
9/14/2019 14:37,datasets/dataset_cropped/09_Metas/14/14/20190914143700_00149.jpg,datasets_flow/dataset_cropped/09_Metas/14/14/20190914143700_00149.jpg,datasets_cloudmask/dataset_cropped/09_Metas/14/14/20190914143700_00149.png,440.8,40.4,404.5,24.7,962
9/14/2019 14:38,datasets/dataset_cropped/09_Metas/14/14/20190914143800_00149.jpg,datasets_flow/dataset_cropped/09_Metas/14/14/20190914143800_00149.jpg,datasets_cloudmask/dataset_cropped/09_Metas/14/14/20190914143800_00149.png,559,183.2,408.6,24.6,962
9/14/2019 14:39,datasets/dataset_cropped/09_Metas/14/14/20190914143900_00149.jpg,datasets_flow/dataset_cropped/09_Metas/14/14/20190914143900_00149.jpg,datasets_cloudmask/dataset_cropped/09_Metas/14/14/20190914143900_00149.png,861,553.8,423.6,24.6,962
9/14/2019 14:40,datasets/dataset_cropped/09_Metas/14/14/20190914144000_00149.jpg,datasets_flow/dataset_cropped/09_Metas/14/14/20190914144000_00149.jpg,datasets_cloudmask/dataset_cropped/09_Metas/14/14/20190914144000_00149.png,795.7,449.6,442.9,24.8,962
9/14/2019 14:41,datasets/dataset_cropped/09_Metas/14/14/20190914144100_00149.jpg,datasets_flow/dataset_cropped/09_Metas/14/14/20190914144100_00149.jpg,datasets_cloudmask/dataset_cropped/09_Metas/14/14/20190914144100_00149.png,628.1,272.4,410,24.9,962
9/14/2019 14:42,datasets/dataset_cropped/09_Metas/14/14/20190914144200_00149.jpg,datasets_flow/dataset_cropped/09_Metas/14/14/20190914144200_00149.jpg,datasets_cloudmask/dataset_cropped/09_Metas/14/14/20190914144200_00149.png,870,569.5,423.1,24.7,962
9/14/2019 14:43,datasets/dataset_cropped/09_Metas/14/14/20190914144300_00149.jpg,datasets_flow/dataset_cropped/09_Metas/14/14/20190914144300_00149.jpg,datasets_cloudmask/dataset_cropped/09_Metas/14/14/20190914144300_00149.png,552.4,186.4,404.5,24.6,962
9/14/2019 14:44,datasets/dataset_cropped/09_Metas/14/14/20190914144400_00149.jpg,datasets_flow/dataset_cropped/09_Metas/14/14/20190914144400_00149.jpg,datasets_cloudmask/dataset_cropped/09_Metas/14/14/20190914144400_00149.png,543.7,195.5,384.8,24.8,962
9/14/2019 14:45,datasets/dataset_cropped/09_Metas/14/14/20190914144500_00149.jpg,datasets_flow/dataset_cropped/09_Metas/14/14/20190914144500_00149.jpg,datasets_cloudmask/dataset_cropped/09_Metas/14/14/20190914144500_00149.png,653.4,337.7,380.5,25,962
9/14/2019 14:46,datasets/dataset_cropped/09_Metas/14/14/20190914144600_00149.jpg,datasets_flow/dataset_cropped/09_Metas/14/14/20190914144600_00149.jpg,datasets_cloudmask/dataset_cropped/09_Metas/14/14/20190914144600_00149.png,709.9,423.1,379.1,24.9,962
9/14/2019 14:47,datasets/dataset_cropped/09_Metas/14/14/20190914144700_00149.jpg,datasets_flow/dataset_cropped/09_Metas/14/14/20190914144700_00149.jpg,datasets_cloudmask/dataset_cropped/09_Metas/14/14/20190914144700_00149.png,532,207.4,365.8,25,962
9/14/2019 14:48,datasets/dataset_cropped/09_Metas/14/14/20190914144800_00149.jpg,datasets_flow/dataset_cropped/09_Metas/14/14/20190914144800_00149.jpg,datasets_cloudmask/dataset_cropped/09_Metas/14/14/20190914144800_00149.png,616,300.5,378.6,25.2,962
9/14/2019 14:49,datasets/dataset_cropped/09_Metas/14/14/20190914144900_00149.jpg,datasets_flow/dataset_cropped/09_Metas/14/14/20190914144900_00149.jpg,datasets_cloudmask/dataset_cropped/09_Metas/14/14/20190914144900_00149.png,657.4,390.2,355.8,25.4,962
9/14/2019 14:50,datasets/dataset_cropped/09_Metas/14/14/20190914145000_00149.jpg,datasets_flow/dataset_cropped/09_Metas/14/14/20190914145000_00149.jpg,datasets_cloudmask/dataset_cropped/09_Metas/14/14/20190914145000_00149.png,767.5,569.4,326.3,25,962
9/14/2019 14:51,datasets/dataset_cropped/09_Metas/14/14/20190914145100_00149.jpg,datasets_flow/dataset_cropped/09_Metas/14/14/20190914145100_00149.jpg,datasets_cloudmask/dataset_cropped/09_Metas/14/14/20190914145100_00149.png,760.4,571.9,318.2,25.1,962
9/14/2019 14:52,datasets/dataset_cropped/09_Metas/14/14/20190914145200_00149.jpg,datasets_flow/dataset_cropped/09_Metas/14/14/20190914145200_00149.jpg,datasets_cloudmask/dataset_cropped/09_Metas/14/14/20190914145200_00149.png,754.8,576.7,309.9,25.2,962
9/14/2019 14:53,datasets/dataset_cropped/09_Metas/14/14/20190914145300_00149.jpg,datasets_flow/dataset_cropped/09_Metas/14/14/20190914145300_00149.jpg,datasets_cloudmask/dataset_cropped/09_Metas/14/14/20190914145300_00149.png,740.3,561.2,307.5,25.3,962
9/14/2019 14:54,datasets/dataset_cropped/09_Metas/14/14/20190914145400_00149.jpg,datasets_flow/dataset_cropped/09_Metas/14/14/20190914145400_00149.jpg,datasets_cloudmask/dataset_cropped/09_Metas/14/14/20190914145400_00149.png,746.5,564,313.5,25,962
9/14/2019 14:55,datasets/dataset_cropped/09_Metas/14/14/20190914145500_00149.jpg,datasets_flow/dataset_cropped/09_Metas/14/14/20190914145500_00149.jpg,datasets_cloudmask/dataset_cropped/09_Metas/14/14/20190914145500_00149.png,582.6,336,325,24.9,962
9/14/2019 14:56,datasets/dataset_cropped/09_Metas/14/14/20190914145600_00149.jpg,datasets_flow/dataset_cropped/09_Metas/14/14/20190914145600_00149.jpg,datasets_cloudmask/dataset_cropped/09_Metas/14/14/20190914145600_00149.png,751.6,565.5,318.2,25,962
9/14/2019 14:57,datasets/dataset_cropped/09_Metas/14/14/20190914145700_00149.jpg,datasets_flow/dataset_cropped/09_Metas/14/14/20190914145700_00149.jpg,datasets_cloudmask/dataset_cropped/09_Metas/14/14/20190914145700_00149.png,693.8,476.2,330.3,25.1,962
9/14/2019 14:58,datasets/dataset_cropped/09_Metas/14/14/20190914145800_00149.jpg,datasets_flow/dataset_cropped/09_Metas/14/14/20190914145800_00149.jpg,datasets_cloudmask/dataset_cropped/09_Metas/14/14/20190914145800_00149.png,758.6,548.7,339.9,25,962
9/14/2019 14:59,datasets/dataset_cropped/09_Metas/14/14/20190914145900_00149.jpg,datasets_flow/dataset_cropped/09_Metas/14/14/20190914145900_00149.jpg,datasets_cloudmask/dataset_cropped/09_Metas/14/14/20190914145900_00149.png,525,251.4,331.3,25,962
9/14/2019 15:00,datasets/dataset_cropped/09_Metas/14/15/20190914150000_00149.jpg,datasets_flow/dataset_cropped/09_Metas/14/15/20190914150000_00149.jpg,datasets_cloudmask/dataset_cropped/09_Metas/14/15/20190914150000_00149.png,776.5,560.9,350.1,25,962
9/14/2019 15:01,datasets/dataset_cropped/09_Metas/14/15/20190914150100_00149.jpg,datasets_flow/dataset_cropped/09_Metas/14/15/20190914150100_00149.jpg,datasets_cloudmask/dataset_cropped/09_Metas/14/15/20190914150100_00149.png,724.4,488.1,352.6,25.1,962
9/14/2019 15:02,datasets/dataset_cropped/09_Metas/14/15/20190914150200_00149.jpg,datasets_flow/dataset_cropped/09_Metas/14/15/20190914150200_00149.jpg,datasets_cloudmask/dataset_cropped/09_Metas/14/15/20190914150200_00149.png,722.8,520,328.4,25.1,962
9/14/2019 15:03,datasets/dataset_cropped/09_Metas/14/15/20190914150300_00149.jpg,datasets_flow/dataset_cropped/09_Metas/14/15/20190914150300_00149.jpg,datasets_cloudmask/dataset_cropped/09_Metas/14/15/20190914150300_00149.png,691.9,495,314.6,24.9,962
9/14/2019 15:04,datasets/dataset_cropped/09_Metas/14/15/20190914150400_00149.jpg,datasets_flow/dataset_cropped/09_Metas/14/15/20190914150400_00149.jpg,datasets_cloudmask/dataset_cropped/09_Metas/14/15/20190914150400_00149.png,487.8,222.5,316.1,24.6,962
9/14/2019 15:05,datasets/dataset_cropped/09_Metas/14/15/20190914150500_00149.jpg,datasets_flow/dataset_cropped/09_Metas/14/15/20190914150500_00149.jpg,datasets_cloudmask/dataset_cropped/09_Metas/14/15/20190914150500_00149.png,509.1,240.1,326.3,24.6,962
9/14/2019 15:06,datasets/dataset_cropped/09_Metas/14/15/20190914150600_00149.jpg,datasets_flow/dataset_cropped/09_Metas/14/15/20190914150600_00149.jpg,datasets_cloudmask/dataset_cropped/09_Metas/14/15/20190914150600_00149.png,440.4,177.8,306.5,24.6,962
9/14/2019 15:07,datasets/dataset_cropped/09_Metas/14/15/20190914150700_00149.jpg,datasets_flow/dataset_cropped/09_Metas/14/15/20190914150700_00149.jpg,datasets_cloudmask/dataset_cropped/09_Metas/14/15/20190914150700_00149.png,683.5,469.7,328.6,24.7,962
9/14/2019 15:08,datasets/dataset_cropped/09_Metas/14/15/20190914150800_00149.jpg,datasets_flow/dataset_cropped/09_Metas/14/15/20190914150800_00149.jpg,datasets_cloudmask/dataset_cropped/09_Metas/14/15/20190914150800_00149.png,764.3,554.9,347.8,25,962
9/14/2019 15:09,datasets/dataset_cropped/09_Metas/14/15/20190914150900_00149.jpg,datasets_flow/dataset_cropped/09_Metas/14/15/20190914150900_00149.jpg,datasets_cloudmask/dataset_cropped/09_Metas/14/15/20190914150900_00149.png,781.3,516.1,395.8,25,962
9/14/2019 15:10,datasets/dataset_cropped/09_Metas/14/15/20190914151000_00149.jpg,datasets_flow/dataset_cropped/09_Metas/14/15/20190914151000_00149.jpg,datasets_cloudmask/dataset_cropped/09_Metas/14/15/20190914151000_00149.png,713.8,407.6,408.9,24.9,962
9/14/2019 15:11,datasets/dataset_cropped/09_Metas/14/15/20190914151100_00149.jpg,datasets_flow/dataset_cropped/09_Metas/14/15/20190914151100_00149.jpg,datasets_cloudmask/dataset_cropped/09_Metas/14/15/20190914151100_00149.png,455.2,64.8,403.1,24.8,962
9/14/2019 15:12,datasets/dataset_cropped/09_Metas/14/15/20190914151200_00149.jpg,datasets_flow/dataset_cropped/09_Metas/14/15/20190914151200_00149.jpg,datasets_cloudmask/dataset_cropped/09_Metas/14/15/20190914151200_00149.png,668.6,313.5,429,24.7,962
9/14/2019 15:13,datasets/dataset_cropped/09_Metas/14/15/20190914151300_00149.jpg,datasets_flow/dataset_cropped/09_Metas/14/15/20190914151300_00149.jpg,datasets_cloudmask/dataset_cropped/09_Metas/14/15/20190914151300_00149.png,713,383.7,430.7,24.7,962
9/14/2019 15:14,datasets/dataset_cropped/09_Metas/14/15/20190914151400_00149.jpg,datasets_flow/dataset_cropped/09_Metas/14/15/20190914151400_00149.jpg,datasets_cloudmask/dataset_cropped/09_Metas/14/15/20190914151400_00149.png,519.2,144,410.7,24.6,962
9/14/2019 15:15,datasets/dataset_cropped/09_Metas/14/15/20190914151500_00149.jpg,datasets_flow/dataset_cropped/09_Metas/14/15/20190914151500_00149.jpg,datasets_cloudmask/dataset_cropped/09_Metas/14/15/20190914151500_00149.png,449.9,83,382.2,24.6,962
9/14/2019 15:16,datasets/dataset_cropped/09_Metas/14/15/20190914151600_00149.jpg,datasets_flow/dataset_cropped/09_Metas/14/15/20190914151600_00149.jpg,datasets_cloudmask/dataset_cropped/09_Metas/14/15/20190914151600_00149.png,388.9,14.2,375.9,24.6,962
9/14/2019 15:17,datasets/dataset_cropped/09_Metas/14/15/20190914151700_00149.jpg,datasets_flow/dataset_cropped/09_Metas/14/15/20190914151700_00149.jpg,datasets_cloudmask/dataset_cropped/09_Metas/14/15/20190914151700_00149.png,573.5,206.8,425.2,24.5,962
9/14/2019 15:18,datasets/dataset_cropped/09_Metas/14/15/20190914151800_00149.jpg,datasets_flow/dataset_cropped/09_Metas/14/15/20190914151800_00149.jpg,datasets_cloudmask/dataset_cropped/09_Metas/14/15/20190914151800_00149.png,452.8,122,358.8,24.4,962
9/14/2019 15:19,datasets/dataset_cropped/09_Metas/14/15/20190914151900_00149.jpg,datasets_flow/dataset_cropped/09_Metas/14/15/20190914151900_00149.jpg,datasets_cloudmask/dataset_cropped/09_Metas/14/15/20190914151900_00149.png,494.6,198.3,348.2,24.6,962
9/14/2019 15:20,datasets/dataset_cropped/09_Metas/14/15/20190914152000_00149.jpg,datasets_flow/dataset_cropped/09_Metas/14/15/20190914152000_00149.jpg,datasets_cloudmask/dataset_cropped/09_Metas/14/15/20190914152000_00149.png,694.8,404.3,398.2,24.4,962
9/14/2019 15:21,datasets/dataset_cropped/09_Metas/14/15/20190914152100_00149.jpg,datasets_flow/dataset_cropped/09_Metas/14/15/20190914152100_00149.jpg,datasets_cloudmask/dataset_cropped/09_Metas/14/15/20190914152100_00149.png,641.8,332.5,398.4,24.6,962
9/14/2019 15:22,datasets/dataset_cropped/09_Metas/14/15/20190914152200_00149.jpg,datasets_flow/dataset_cropped/09_Metas/14/15/20190914152200_00149.jpg,datasets_cloudmask/dataset_cropped/09_Metas/14/15/20190914152200_00149.png,481.6,164.9,362.2,24.6,962
9/14/2019 15:23,datasets/dataset_cropped/09_Metas/14/15/20190914152300_00149.jpg,datasets_flow/dataset_cropped/09_Metas/14/15/20190914152300_00149.jpg,datasets_cloudmask/dataset_cropped/09_Metas/14/15/20190914152300_00149.png,625.5,333,385.5,24.6,962
9/14/2019 15:24,datasets/dataset_cropped/09_Metas/14/15/20190914152400_00149.jpg,datasets_flow/dataset_cropped/09_Metas/14/15/20190914152400_00149.jpg,datasets_cloudmask/dataset_cropped/09_Metas/14/15/20190914152400_00149.png,601.6,306.5,377.3,24.7,962
9/14/2019 15:25,datasets/dataset_cropped/09_Metas/14/15/20190914152500_00149.jpg,datasets_flow/dataset_cropped/09_Metas/14/15/20190914152500_00149.jpg,datasets_cloudmask/dataset_cropped/09_Metas/14/15/20190914152500_00149.png,524.3,197.4,379.6,24.6,962
9/14/2019 15:26,datasets/dataset_cropped/09_Metas/14/15/20190914152600_00149.jpg,datasets_flow/dataset_cropped/09_Metas/14/15/20190914152600_00149.jpg,datasets_cloudmask/dataset_cropped/09_Metas/14/15/20190914152600_00149.png,708.5,419.6,402.5,24.8,962
9/14/2019 15:27,datasets/dataset_cropped/09_Metas/14/15/20190914152700_00149.jpg,datasets_flow/dataset_cropped/09_Metas/14/15/20190914152700_00149.jpg,datasets_cloudmask/dataset_cropped/09_Metas/14/15/20190914152700_00149.png,590,274.4,392.3,24.8,962
9/14/2019 15:28,datasets/dataset_cropped/09_Metas/14/15/20190914152800_00149.jpg,datasets_flow/dataset_cropped/09_Metas/14/15/20190914152800_00149.jpg,datasets_cloudmask/dataset_cropped/09_Metas/14/15/20190914152800_00149.png,404.4,81,346.8,24.6,962
9/14/2019 15:29,datasets/dataset_cropped/09_Metas/14/15/20190914152900_00149.jpg,datasets_flow/dataset_cropped/09_Metas/14/15/20190914152900_00149.jpg,datasets_cloudmask/dataset_cropped/09_Metas/14/15/20190914152900_00149.png,658.1,414.9,363.1,24.4,962
9/14/2019 15:30,datasets/dataset_cropped/09_Metas/14/15/20190914153000_00149.jpg,datasets_flow/dataset_cropped/09_Metas/14/15/20190914153000_00149.jpg,datasets_cloudmask/dataset_cropped/09_Metas/14/15/20190914153000_00149.png,737.8,520.9,369.7,24.4,962
9/14/2019 15:31,datasets/dataset_cropped/09_Metas/14/15/20190914153100_00149.jpg,datasets_flow/dataset_cropped/09_Metas/14/15/20190914153100_00149.jpg,datasets_cloudmask/dataset_cropped/09_Metas/14/15/20190914153100_00149.png,694,459.8,369.7,24.6,962
9/14/2019 15:32,datasets/dataset_cropped/09_Metas/14/15/20190914153200_00149.jpg,datasets_flow/dataset_cropped/09_Metas/14/15/20190914153200_00149.jpg,datasets_cloudmask/dataset_cropped/09_Metas/14/15/20190914153200_00149.png,550.4,312.7,332.7,24.5,962
9/14/2019 15:33,datasets/dataset_cropped/09_Metas/14/15/20190914153300_00149.jpg,datasets_flow/dataset_cropped/09_Metas/14/15/20190914153300_00149.jpg,datasets_cloudmask/dataset_cropped/09_Metas/14/15/20190914153300_00149.png,701.2,539.6,324.2,24.4,962
9/14/2019 15:34,datasets/dataset_cropped/09_Metas/14/15/20190914153400_00149.jpg,datasets_flow/dataset_cropped/09_Metas/14/15/20190914153400_00149.jpg,datasets_cloudmask/dataset_cropped/09_Metas/14/15/20190914153400_00149.png,709.6,533.7,336.7,24.3,962
9/14/2019 15:35,datasets/dataset_cropped/09_Metas/14/15/20190914153500_00149.jpg,datasets_flow/dataset_cropped/09_Metas/14/15/20190914153500_00149.jpg,datasets_cloudmask/dataset_cropped/09_Metas/14/15/20190914153500_00149.png,646.9,444.6,334.5,24.5,962
9/14/2019 15:36,datasets/dataset_cropped/09_Metas/14/15/20190914153600_00149.jpg,datasets_flow/dataset_cropped/09_Metas/14/15/20190914153600_00149.jpg,datasets_cloudmask/dataset_cropped/09_Metas/14/15/20190914153600_00149.png,698,538.2,324.8,24.6,962
9/14/2019 15:37,datasets/dataset_cropped/09_Metas/14/15/20190914153700_00149.jpg,datasets_flow/dataset_cropped/09_Metas/14/15/20190914153700_00149.jpg,datasets_cloudmask/dataset_cropped/09_Metas/14/15/20190914153700_00149.png,709.9,544.7,333,24.5,962
9/14/2019 15:38,datasets/dataset_cropped/09_Metas/14/15/20190914153800_00149.jpg,datasets_flow/dataset_cropped/09_Metas/14/15/20190914153800_00149.jpg,datasets_cloudmask/dataset_cropped/09_Metas/14/15/20190914153800_00149.png,619.5,436,318.5,24.6,962
9/14/2019 15:39,datasets/dataset_cropped/09_Metas/14/15/20190914153900_00149.jpg,datasets_flow/dataset_cropped/09_Metas/14/15/20190914153900_00149.jpg,datasets_cloudmask/dataset_cropped/09_Metas/14/15/20190914153900_00149.png,663.1,520.8,305.4,24.6,962
9/14/2019 15:40,datasets/dataset_cropped/09_Metas/14/15/20190914154000_00149.jpg,datasets_flow/dataset_cropped/09_Metas/14/15/20190914154000_00149.jpg,datasets_cloudmask/dataset_cropped/09_Metas/14/15/20190914154000_00149.png,616.3,445.5,309.7,24.6,962
9/14/2019 15:41,datasets/dataset_cropped/09_Metas/14/15/20190914154100_00149.jpg,datasets_flow/dataset_cropped/09_Metas/14/15/20190914154100_00149.jpg,datasets_cloudmask/dataset_cropped/09_Metas/14/15/20190914154100_00149.png,693,543.9,321.4,24.5,962
9/14/2019 15:42,datasets/dataset_cropped/09_Metas/14/15/20190914154200_00149.jpg,datasets_flow/dataset_cropped/09_Metas/14/15/20190914154200_00149.jpg,datasets_cloudmask/dataset_cropped/09_Metas/14/15/20190914154200_00149.png,511.8,281.1,319.3,24.6,962
9/14/2019 15:43,datasets/dataset_cropped/09_Metas/14/15/20190914154300_00149.jpg,datasets_flow/dataset_cropped/09_Metas/14/15/20190914154300_00149.jpg,datasets_cloudmask/dataset_cropped/09_Metas/14/15/20190914154300_00149.png,593.2,397.4,323.6,24.7,962
9/14/2019 15:44,datasets/dataset_cropped/09_Metas/14/15/20190914154400_00149.jpg,datasets_flow/dataset_cropped/09_Metas/14/15/20190914154400_00149.jpg,datasets_cloudmask/dataset_cropped/09_Metas/14/15/20190914154400_00149.png,678.5,544.1,311.1,24.8,962
9/14/2019 15:45,datasets/dataset_cropped/09_Metas/14/15/20190914154500_00149.jpg,datasets_flow/dataset_cropped/09_Metas/14/15/20190914154500_00149.jpg,datasets_cloudmask/dataset_cropped/09_Metas/14/15/20190914154500_00149.png,417.4,197.5,282,24.7,962
9/14/2019 15:46,datasets/dataset_cropped/09_Metas/14/15/20190914154600_00149.jpg,datasets_flow/dataset_cropped/09_Metas/14/15/20190914154600_00149.jpg,datasets_cloudmask/dataset_cropped/09_Metas/14/15/20190914154600_00149.png,635.2,537.1,275.4,24.5,962
9/14/2019 15:47,datasets/dataset_cropped/09_Metas/14/15/20190914154700_00149.jpg,datasets_flow/dataset_cropped/09_Metas/14/15/20190914154700_00149.jpg,datasets_cloudmask/dataset_cropped/09_Metas/14/15/20190914154700_00149.png,634.6,540.8,273,24.7,962
9/14/2019 15:48,datasets/dataset_cropped/09_Metas/14/15/20190914154800_00149.jpg,datasets_flow/dataset_cropped/09_Metas/14/15/20190914154800_00149.jpg,datasets_cloudmask/dataset_cropped/09_Metas/14/15/20190914154800_00149.png,626.2,544.4,263.6,24.5,962
9/14/2019 15:49,datasets/dataset_cropped/09_Metas/14/15/20190914154900_00149.jpg,datasets_flow/dataset_cropped/09_Metas/14/15/20190914154900_00149.jpg,datasets_cloudmask/dataset_cropped/09_Metas/14/15/20190914154900_00149.png,619.8,540.8,260.9,24.3,962
9/14/2019 15:50,datasets/dataset_cropped/09_Metas/14/15/20190914155000_00149.jpg,datasets_flow/dataset_cropped/09_Metas/14/15/20190914155000_00149.jpg,datasets_cloudmask/dataset_cropped/09_Metas/14/15/20190914155000_00149.png,615.9,529.9,266.2,24.4,962
9/14/2019 15:51,datasets/dataset_cropped/09_Metas/14/15/20190914155100_00149.jpg,datasets_flow/dataset_cropped/09_Metas/14/15/20190914155100_00149.jpg,datasets_cloudmask/dataset_cropped/09_Metas/14/15/20190914155100_00149.png,615.8,520,273.7,24.6,962
9/14/2019 15:52,datasets/dataset_cropped/09_Metas/14/15/20190914155200_00149.jpg,datasets_flow/dataset_cropped/09_Metas/14/15/20190914155200_00149.jpg,datasets_cloudmask/dataset_cropped/09_Metas/14/15/20190914155200_00149.png,536.7,385.6,281.6,24.8,962
9/14/2019 15:53,datasets/dataset_cropped/09_Metas/14/15/20190914155300_00149.jpg,datasets_flow/dataset_cropped/09_Metas/14/15/20190914155300_00149.jpg,datasets_cloudmask/dataset_cropped/09_Metas/14/15/20190914155300_00149.png,556.9,442.8,266.4,24.8,962
9/14/2019 15:54,datasets/dataset_cropped/09_Metas/14/15/20190914155400_00149.jpg,datasets_flow/dataset_cropped/09_Metas/14/15/20190914155400_00149.jpg,datasets_cloudmask/dataset_cropped/09_Metas/14/15/20190914155400_00149.png,485.1,357.7,253.6,24.9,962
9/14/2019 15:55,datasets/dataset_cropped/09_Metas/14/15/20190914155500_00149.jpg,datasets_flow/dataset_cropped/09_Metas/14/15/20190914155500_00149.jpg,datasets_cloudmask/dataset_cropped/09_Metas/14/15/20190914155500_00149.png,589.5,527.3,248,24.9,962
9/14/2019 15:56,datasets/dataset_cropped/09_Metas/14/15/20190914155600_00149.jpg,datasets_flow/dataset_cropped/09_Metas/14/15/20190914155600_00149.jpg,datasets_cloudmask/dataset_cropped/09_Metas/14/15/20190914155600_00149.png,591.3,536.4,245.3,24.8,962
9/14/2019 15:57,datasets/dataset_cropped/09_Metas/14/15/20190914155700_00149.jpg,datasets_flow/dataset_cropped/09_Metas/14/15/20190914155700_00149.jpg,datasets_cloudmask/dataset_cropped/09_Metas/14/15/20190914155700_00149.png,582.1,528.2,242.8,24.6,962
9/14/2019 15:58,datasets/dataset_cropped/09_Metas/14/15/20190914155800_00149.jpg,datasets_flow/dataset_cropped/09_Metas/14/15/20190914155800_00149.jpg,datasets_cloudmask/dataset_cropped/09_Metas/14/15/20190914155800_00149.png,578.7,521.4,244.3,24.8,962
9/14/2019 15:59,datasets/dataset_cropped/09_Metas/14/15/20190914155900_00149.jpg,datasets_flow/dataset_cropped/09_Metas/14/15/20190914155900_00149.jpg,datasets_cloudmask/dataset_cropped/09_Metas/14/15/20190914155900_00149.png,499.5,403,240.9,24.7,962
9/14/2019 16:00,datasets/dataset_cropped/09_Metas/14/16/20190914160000_00149.jpg,datasets_flow/dataset_cropped/09_Metas/14/16/20190914160000_00149.jpg,datasets_cloudmask/dataset_cropped/09_Metas/14/16/20190914160000_00149.png,569.1,523.8,235.8,24.5,962
9/14/2019 16:01,datasets/dataset_cropped/09_Metas/14/16/20190914160100_00149.jpg,datasets_flow/dataset_cropped/09_Metas/14/16/20190914160100_00149.jpg,datasets_cloudmask/dataset_cropped/09_Metas/14/16/20190914160100_00149.png,567.2,525.7,234.1,24.5,962
9/14/2019 16:02,datasets/dataset_cropped/09_Metas/14/16/20190914160200_00149.jpg,datasets_flow/dataset_cropped/09_Metas/14/16/20190914160200_00149.jpg,datasets_cloudmask/dataset_cropped/09_Metas/14/16/20190914160200_00149.png,571.4,530,236.8,24.6,962
9/14/2019 16:03,datasets/dataset_cropped/09_Metas/14/16/20190914160300_00149.jpg,datasets_flow/dataset_cropped/09_Metas/14/16/20190914160300_00149.jpg,datasets_cloudmask/dataset_cropped/09_Metas/14/16/20190914160300_00149.png,577,528.9,244.7,24.6,962
9/14/2019 16:04,datasets/dataset_cropped/09_Metas/14/16/20190914160400_00149.jpg,datasets_flow/dataset_cropped/09_Metas/14/16/20190914160400_00149.jpg,datasets_cloudmask/dataset_cropped/09_Metas/14/16/20190914160400_00149.png,569.6,525.3,241.3,24.6,962
9/14/2019 16:05,datasets/dataset_cropped/09_Metas/14/16/20190914160500_00149.jpg,datasets_flow/dataset_cropped/09_Metas/14/16/20190914160500_00149.jpg,datasets_cloudmask/dataset_cropped/09_Metas/14/16/20190914160500_00149.png,569.2,522.8,243.9,24.6,962
9/14/2019 16:06,datasets/dataset_cropped/09_Metas/14/16/20190914160600_00149.jpg,datasets_flow/dataset_cropped/09_Metas/14/16/20190914160600_00149.jpg,datasets_cloudmask/dataset_cropped/09_Metas/14/16/20190914160600_00149.png,573.6,515.1,254.3,24.7,962
9/14/2019 16:07,datasets/dataset_cropped/09_Metas/14/16/20190914160700_00149.jpg,datasets_flow/dataset_cropped/09_Metas/14/16/20190914160700_00149.jpg,datasets_cloudmask/dataset_cropped/09_Metas/14/16/20190914160700_00149.png,408.9,278.8,231.2,25,962
9/14/2019 16:08,datasets/dataset_cropped/09_Metas/14/16/20190914160800_00149.jpg,datasets_flow/dataset_cropped/09_Metas/14/16/20190914160800_00149.jpg,datasets_cloudmask/dataset_cropped/09_Metas/14/16/20190914160800_00149.png,488.1,416.7,230.9,24.7,962
9/14/2019 16:09,datasets/dataset_cropped/09_Metas/14/16/20190914160900_00149.jpg,datasets_flow/dataset_cropped/09_Metas/14/16/20190914160900_00149.jpg,datasets_cloudmask/dataset_cropped/09_Metas/14/16/20190914160900_00149.png,556.4,510.4,243.6,24.8,962
9/14/2019 16:10,datasets/dataset_cropped/09_Metas/14/16/20190914161000_00149.jpg,datasets_flow/dataset_cropped/09_Metas/14/16/20190914161000_00149.jpg,datasets_cloudmask/dataset_cropped/09_Metas/14/16/20190914161000_00149.png,553.7,513.1,240.4,24.6,962
9/14/2019 16:11,datasets/dataset_cropped/09_Metas/14/16/20190914161100_00149.jpg,datasets_flow/dataset_cropped/09_Metas/14/16/20190914161100_00149.jpg,datasets_cloudmask/dataset_cropped/09_Metas/14/16/20190914161100_00149.png,493.8,422.9,237.6,24.7,962
9/14/2019 16:12,datasets/dataset_cropped/09_Metas/14/16/20190914161200_00149.jpg,datasets_flow/dataset_cropped/09_Metas/14/16/20190914161200_00149.jpg,datasets_cloudmask/dataset_cropped/09_Metas/14/16/20190914161200_00149.png,552.4,511.6,242.8,24.7,962
9/14/2019 16:13,datasets/dataset_cropped/09_Metas/14/16/20190914161300_00149.jpg,datasets_flow/dataset_cropped/09_Metas/14/16/20190914161300_00149.jpg,datasets_cloudmask/dataset_cropped/09_Metas/14/16/20190914161300_00149.png,491.9,422.1,241.5,24.8,962
9/14/2019 16:14,datasets/dataset_cropped/09_Metas/14/16/20190914161400_00149.jpg,datasets_flow/dataset_cropped/09_Metas/14/16/20190914161400_00149.jpg,datasets_cloudmask/dataset_cropped/09_Metas/14/16/20190914161400_00149.png,483.7,381.3,253,24.8,962
9/14/2019 16:15,datasets/dataset_cropped/09_Metas/14/16/20190914161500_00149.jpg,datasets_flow/dataset_cropped/09_Metas/14/16/20190914161500_00149.jpg,datasets_cloudmask/dataset_cropped/09_Metas/14/16/20190914161500_00149.png,490.9,417.5,240.7,24.6,962
9/14/2019 16:16,datasets/dataset_cropped/09_Metas/14/16/20190914161600_00149.jpg,datasets_flow/dataset_cropped/09_Metas/14/16/20190914161600_00149.jpg,datasets_cloudmask/dataset_cropped/09_Metas/14/16/20190914161600_00149.png,310.5,141.8,224.9,24.6,962
9/14/2019 16:17,datasets/dataset_cropped/09_Metas/14/16/20190914161700_00149.jpg,datasets_flow/dataset_cropped/09_Metas/14/16/20190914161700_00149.jpg,datasets_cloudmask/dataset_cropped/09_Metas/14/16/20190914161700_00149.png,517,483.5,229.9,24.7,962
9/14/2019 16:18,datasets/dataset_cropped/09_Metas/14/16/20190914161800_00149.jpg,datasets_flow/dataset_cropped/09_Metas/14/16/20190914161800_00149.jpg,datasets_cloudmask/dataset_cropped/09_Metas/14/16/20190914161800_00149.png,517.1,492.9,226.4,24.6,962
9/14/2019 16:19,datasets/dataset_cropped/09_Metas/14/16/20190914161900_00149.jpg,datasets_flow/dataset_cropped/09_Metas/14/16/20190914161900_00149.jpg,datasets_cloudmask/dataset_cropped/09_Metas/14/16/20190914161900_00149.png,497.2,455.6,230,24.4,962
9/14/2019 16:20,datasets/dataset_cropped/09_Metas/14/16/20190914162000_00149.jpg,datasets_flow/dataset_cropped/09_Metas/14/16/20190914162000_00149.jpg,datasets_cloudmask/dataset_cropped/09_Metas/14/16/20190914162000_00149.png,503.1,457.7,236.1,24.5,962
9/14/2019 16:21,datasets/dataset_cropped/09_Metas/14/16/20190914162100_00149.jpg,datasets_flow/dataset_cropped/09_Metas/14/16/20190914162100_00149.jpg,datasets_cloudmask/dataset_cropped/09_Metas/14/16/20190914162100_00149.png,501.9,455.6,236.8,24.6,962
9/14/2019 16:22,datasets/dataset_cropped/09_Metas/14/16/20190914162200_00149.jpg,datasets_flow/dataset_cropped/09_Metas/14/16/20190914162200_00149.jpg,datasets_cloudmask/dataset_cropped/09_Metas/14/16/20190914162200_00149.png,520.4,491.5,236.7,24.5,962
9/14/2019 16:23,datasets/dataset_cropped/09_Metas/14/16/20190914162300_00149.jpg,datasets_flow/dataset_cropped/09_Metas/14/16/20190914162300_00149.jpg,datasets_cloudmask/dataset_cropped/09_Metas/14/16/20190914162300_00149.png,519.9,499.6,233.2,24.8,962
9/14/2019 16:24,datasets/dataset_cropped/09_Metas/14/16/20190914162400_00149.jpg,datasets_flow/dataset_cropped/09_Metas/14/16/20190914162400_00149.jpg,datasets_cloudmask/dataset_cropped/09_Metas/14/16/20190914162400_00149.png,409,314.5,224.1,24.9,962
9/14/2019 16:25,datasets/dataset_cropped/09_Metas/14/16/20190914162500_00149.jpg,datasets_flow/dataset_cropped/09_Metas/14/16/20190914162500_00149.jpg,datasets_cloudmask/dataset_cropped/09_Metas/14/16/20190914162500_00149.png,440.9,389.3,219.5,25,962
9/14/2019 16:26,datasets/dataset_cropped/09_Metas/14/16/20190914162600_00149.jpg,datasets_flow/dataset_cropped/09_Metas/14/16/20190914162600_00149.jpg,datasets_cloudmask/dataset_cropped/09_Metas/14/16/20190914162600_00149.png,488.6,483.5,214.5,25,962
9/14/2019 16:27,datasets/dataset_cropped/09_Metas/14/16/20190914162700_00149.jpg,datasets_flow/dataset_cropped/09_Metas/14/16/20190914162700_00149.jpg,datasets_cloudmask/dataset_cropped/09_Metas/14/16/20190914162700_00149.png,492.7,494.2,214.4,24.6,962
9/14/2019 16:28,datasets/dataset_cropped/09_Metas/14/16/20190914162800_00149.jpg,datasets_flow/dataset_cropped/09_Metas/14/16/20190914162800_00149.jpg,datasets_cloudmask/dataset_cropped/09_Metas/14/16/20190914162800_00149.png,496.9,494.1,220.3,24.6,962
9/14/2019 16:29,datasets/dataset_cropped/09_Metas/14/16/20190914162900_00149.jpg,datasets_flow/dataset_cropped/09_Metas/14/16/20190914162900_00149.jpg,datasets_cloudmask/dataset_cropped/09_Metas/14/16/20190914162900_00149.png,502.9,486,232.3,24.7,961
9/14/2019 16:30,datasets/dataset_cropped/09_Metas/14/16/20190914163000_00149.jpg,datasets_flow/dataset_cropped/09_Metas/14/16/20190914163000_00149.jpg,datasets_cloudmask/dataset_cropped/09_Metas/14/16/20190914163000_00149.png,385.9,288.1,231.6,24.5,962
9/14/2019 16:31,datasets/dataset_cropped/09_Metas/14/16/20190914163100_00149.jpg,datasets_flow/dataset_cropped/09_Metas/14/16/20190914163100_00149.jpg,datasets_cloudmask/dataset_cropped/09_Metas/14/16/20190914163100_00149.png,405.5,315.5,229.4,24.5,962
9/14/2019 16:32,datasets/dataset_cropped/09_Metas/14/16/20190914163200_00149.jpg,datasets_flow/dataset_cropped/09_Metas/14/16/20190914163200_00149.jpg,datasets_cloudmask/dataset_cropped/09_Metas/14/16/20190914163200_00149.png,432.5,396.1,214.6,24.6,962
9/14/2019 16:33,datasets/dataset_cropped/09_Metas/14/16/20190914163300_00149.jpg,datasets_flow/dataset_cropped/09_Metas/14/16/20190914163300_00149.jpg,datasets_cloudmask/dataset_cropped/09_Metas/14/16/20190914163300_00149.png,387.3,300.8,219.4,24.5,962
9/14/2019 16:34,datasets/dataset_cropped/09_Metas/14/16/20190914163400_00149.jpg,datasets_flow/dataset_cropped/09_Metas/14/16/20190914163400_00149.jpg,datasets_cloudmask/dataset_cropped/09_Metas/14/16/20190914163400_00149.png,446.7,392.7,231.8,24.6,962
9/14/2019 16:35,datasets/dataset_cropped/09_Metas/14/16/20190914163500_00149.jpg,datasets_flow/dataset_cropped/09_Metas/14/16/20190914163500_00149.jpg,datasets_cloudmask/dataset_cropped/09_Metas/14/16/20190914163500_00149.png,324.7,184.3,223.2,24.6,962
9/14/2019 16:36,datasets/dataset_cropped/09_Metas/14/16/20190914163600_00149.jpg,datasets_flow/dataset_cropped/09_Metas/14/16/20190914163600_00149.jpg,datasets_cloudmask/dataset_cropped/09_Metas/14/16/20190914163600_00149.png,430.6,380.8,225.5,24.6,962
9/14/2019 16:37,datasets/dataset_cropped/09_Metas/14/16/20190914163700_00149.jpg,datasets_flow/dataset_cropped/09_Metas/14/16/20190914163700_00149.jpg,datasets_cloudmask/dataset_cropped/09_Metas/14/16/20190914163700_00149.png,345.3,235.2,217.3,24.7,962
9/14/2019 16:38,datasets/dataset_cropped/09_Metas/14/16/20190914163800_00149.jpg,datasets_flow/dataset_cropped/09_Metas/14/16/20190914163800_00149.jpg,datasets_cloudmask/dataset_cropped/09_Metas/14/16/20190914163800_00149.png,441.5,432.5,211.5,24.6,962
9/14/2019 16:39,datasets/dataset_cropped/09_Metas/14/16/20190914163900_00149.jpg,datasets_flow/dataset_cropped/09_Metas/14/16/20190914163900_00149.jpg,datasets_cloudmask/dataset_cropped/09_Metas/14/16/20190914163900_00149.png,457,467.1,209.7,24.7,962
9/14/2019 16:40,datasets/dataset_cropped/09_Metas/14/16/20190914164000_00149.jpg,datasets_flow/dataset_cropped/09_Metas/14/16/20190914164000_00149.jpg,datasets_cloudmask/dataset_cropped/09_Metas/14/16/20190914164000_00149.png,454,464.3,209.6,24.8,962
9/14/2019 16:41,datasets/dataset_cropped/09_Metas/14/16/20190914164100_00149.jpg,datasets_flow/dataset_cropped/09_Metas/14/16/20190914164100_00149.jpg,datasets_cloudmask/dataset_cropped/09_Metas/14/16/20190914164100_00149.png,415.3,401.3,204.1,24.9,961
9/14/2019 16:42,datasets/dataset_cropped/09_Metas/14/16/20190914164200_00149.jpg,datasets_flow/dataset_cropped/09_Metas/14/16/20190914164200_00149.jpg,datasets_cloudmask/dataset_cropped/09_Metas/14/16/20190914164200_00149.png,431.3,449.8,197.4,25,961
9/14/2019 16:43,datasets/dataset_cropped/09_Metas/14/16/20190914164300_00149.jpg,datasets_flow/dataset_cropped/09_Metas/14/16/20190914164300_00149.jpg,datasets_cloudmask/dataset_cropped/09_Metas/14/16/20190914164300_00149.png,428.3,450,195.5,25.1,961
9/14/2019 16:44,datasets/dataset_cropped/09_Metas/14/16/20190914164400_00149.jpg,datasets_flow/dataset_cropped/09_Metas/14/16/20190914164400_00149.jpg,datasets_cloudmask/dataset_cropped/09_Metas/14/16/20190914164400_00149.png,424.8,445.9,195.1,24.9,962
9/14/2019 16:45,datasets/dataset_cropped/09_Metas/14/16/20190914164500_00149.jpg,datasets_flow/dataset_cropped/09_Metas/14/16/20190914164500_00149.jpg,datasets_cloudmask/dataset_cropped/09_Metas/14/16/20190914164500_00149.png,424.1,447.6,194.8,24.8,961
9/14/2019 16:46,datasets/dataset_cropped/09_Metas/14/16/20190914164600_00149.jpg,datasets_flow/dataset_cropped/09_Metas/14/16/20190914164600_00149.jpg,datasets_cloudmask/dataset_cropped/09_Metas/14/16/20190914164600_00149.png,419.6,440.5,195.3,24.6,961
9/14/2019 16:47,datasets/dataset_cropped/09_Metas/14/16/20190914164700_00149.jpg,datasets_flow/dataset_cropped/09_Metas/14/16/20190914164700_00149.jpg,datasets_cloudmask/dataset_cropped/09_Metas/14/16/20190914164700_00149.png,421,441.1,197.8,24.4,961
9/14/2019 16:48,datasets/dataset_cropped/09_Metas/14/16/20190914164800_00149.jpg,datasets_flow/dataset_cropped/09_Metas/14/16/20190914164800_00149.jpg,datasets_cloudmask/dataset_cropped/09_Metas/14/16/20190914164800_00149.png,420.7,443.6,197.4,24.5,962
9/14/2019 16:49,datasets/dataset_cropped/09_Metas/14/16/20190914164900_00149.jpg,datasets_flow/dataset_cropped/09_Metas/14/16/20190914164900_00149.jpg,datasets_cloudmask/dataset_cropped/09_Metas/14/16/20190914164900_00149.png,412.3,433.6,195.5,24.7,961
9/14/2019 16:50,datasets/dataset_cropped/09_Metas/14/16/20190914165000_00149.jpg,datasets_flow/dataset_cropped/09_Metas/14/16/20190914165000_00149.jpg,datasets_cloudmask/dataset_cropped/09_Metas/14/16/20190914165000_00149.png,416.4,447,194.4,24.6,962
9/14/2019 16:51,datasets/dataset_cropped/09_Metas/14/16/20190914165100_00149.jpg,datasets_flow/dataset_cropped/09_Metas/14/16/20190914165100_00149.jpg,datasets_cloudmask/dataset_cropped/09_Metas/14/16/20190914165100_00149.png,408.3,438.2,192.4,24.6,962
9/14/2019 16:52,datasets/dataset_cropped/09_Metas/14/16/20190914165200_00149.jpg,datasets_flow/dataset_cropped/09_Metas/14/16/20190914165200_00149.jpg,datasets_cloudmask/dataset_cropped/09_Metas/14/16/20190914165200_00149.png,401,432.7,188.9,24.8,961
9/14/2019 16:53,datasets/dataset_cropped/09_Metas/14/16/20190914165300_00149.jpg,datasets_flow/dataset_cropped/09_Metas/14/16/20190914165300_00149.jpg,datasets_cloudmask/dataset_cropped/09_Metas/14/16/20190914165300_00149.png,370.1,370.1,190.8,24.7,961
9/14/2019 16:54,datasets/dataset_cropped/09_Metas/14/16/20190914165400_00149.jpg,datasets_flow/dataset_cropped/09_Metas/14/16/20190914165400_00149.jpg,datasets_cloudmask/dataset_cropped/09_Metas/14/16/20190914165400_00149.png,399.4,430.8,190.6,24.7,961
9/14/2019 16:55,datasets/dataset_cropped/09_Metas/14/16/20190914165500_00149.jpg,datasets_flow/dataset_cropped/09_Metas/14/16/20190914165500_00149.jpg,datasets_cloudmask/dataset_cropped/09_Metas/14/16/20190914165500_00149.png,379,400.7,185.3,24.8,962
9/14/2019 16:56,datasets/dataset_cropped/09_Metas/14/16/20190914165600_00149.jpg,datasets_flow/dataset_cropped/09_Metas/14/16/20190914165600_00149.jpg,datasets_cloudmask/dataset_cropped/09_Metas/14/16/20190914165600_00149.png,316.7,282.4,180.5,24.7,962
9/14/2019 16:57,datasets/dataset_cropped/09_Metas/14/16/20190914165700_00149.jpg,datasets_flow/dataset_cropped/09_Metas/14/16/20190914165700_00149.jpg,datasets_cloudmask/dataset_cropped/09_Metas/14/16/20190914165700_00149.png,376,409.8,180.8,24.6,961
9/14/2019 16:58,datasets/dataset_cropped/09_Metas/14/16/20190914165800_00149.jpg,datasets_flow/dataset_cropped/09_Metas/14/16/20190914165800_00149.jpg,datasets_cloudmask/dataset_cropped/09_Metas/14/16/20190914165800_00149.png,376.4,408.2,183.4,24.7,961
9/14/2019 16:59,datasets/dataset_cropped/09_Metas/14/16/20190914165900_00149.jpg,datasets_flow/dataset_cropped/09_Metas/14/16/20190914165900_00149.jpg,datasets_cloudmask/dataset_cropped/09_Metas/14/16/20190914165900_00149.png,376.5,405.9,185.8,24.9,962
9/14/2019 17:00,datasets/dataset_cropped/09_Metas/14/17/20190914170000_00149.jpg,datasets_flow/dataset_cropped/09_Metas/14/17/20190914170000_00149.jpg,datasets_cloudmask/dataset_cropped/09_Metas/14/17/20190914170000_00149.png,375,409.6,183.8,24.9,961
9/14/2019 17:01,datasets/dataset_cropped/09_Metas/14/17/20190914170100_00149.jpg,datasets_flow/dataset_cropped/09_Metas/14/17/20190914170100_00149.jpg,datasets_cloudmask/dataset_cropped/09_Metas/14/17/20190914170100_00149.png,366.5,403,179.5,24.9,962
9/14/2019 17:02,datasets/dataset_cropped/09_Metas/14/17/20190914170200_00149.jpg,datasets_flow/dataset_cropped/09_Metas/14/17/20190914170200_00149.jpg,datasets_cloudmask/dataset_cropped/09_Metas/14/17/20190914170200_00149.png,362.8,402.9,176.9,25,961
9/14/2019 17:03,datasets/dataset_cropped/09_Metas/14/17/20190914170300_00149.jpg,datasets_flow/dataset_cropped/09_Metas/14/17/20190914170300_00149.jpg,datasets_cloudmask/dataset_cropped/09_Metas/14/17/20190914170300_00149.png,363.5,410.4,175.9,25,961
9/14/2019 17:04,datasets/dataset_cropped/09_Metas/14/17/20190914170400_00149.jpg,datasets_flow/dataset_cropped/09_Metas/14/17/20190914170400_00149.jpg,datasets_cloudmask/dataset_cropped/09_Metas/14/17/20190914170400_00149.png,359.1,405,175.1,24.9,961
9/14/2019 17:05,datasets/dataset_cropped/09_Metas/14/17/20190914170500_00149.jpg,datasets_flow/dataset_cropped/09_Metas/14/17/20190914170500_00149.jpg,datasets_cloudmask/dataset_cropped/09_Metas/14/17/20190914170500_00149.png,357.3,404.6,174.8,24.8,961
9/14/2019 17:06,datasets/dataset_cropped/09_Metas/14/17/20190914170600_00149.jpg,datasets_flow/dataset_cropped/09_Metas/14/17/20190914170600_00149.jpg,datasets_cloudmask/dataset_cropped/09_Metas/14/17/20190914170600_00149.png,352,397.1,174,24.8,961
9/14/2019 17:07,datasets/dataset_cropped/09_Metas/14/17/20190914170700_00149.jpg,datasets_flow/dataset_cropped/09_Metas/14/17/20190914170700_00149.jpg,datasets_cloudmask/dataset_cropped/09_Metas/14/17/20190914170700_00149.png,346.9,390.2,173.1,24.7,961
9/14/2019 17:08,datasets/dataset_cropped/09_Metas/14/17/20190914170800_00149.jpg,datasets_flow/dataset_cropped/09_Metas/14/17/20190914170800_00149.jpg,datasets_cloudmask/dataset_cropped/09_Metas/14/17/20190914170800_00149.png,344.5,388.7,172.6,24.6,961
9/14/2019 17:09,datasets/dataset_cropped/09_Metas/14/17/20190914170900_00149.jpg,datasets_flow/dataset_cropped/09_Metas/14/17/20190914170900_00149.jpg,datasets_cloudmask/dataset_cropped/09_Metas/14/17/20190914170900_00149.png,343.9,391.5,171.8,24.8,961
9/14/2019 17:10,datasets/dataset_cropped/09_Metas/14/17/20190914171000_00149.jpg,datasets_flow/dataset_cropped/09_Metas/14/17/20190914171000_00149.jpg,datasets_cloudmask/dataset_cropped/09_Metas/14/17/20190914171000_00149.png,326.9,353.5,170.2,24.9,961
9/14/2019 17:11,datasets/dataset_cropped/09_Metas/14/17/20190914171100_00149.jpg,datasets_flow/dataset_cropped/09_Metas/14/17/20190914171100_00149.jpg,datasets_cloudmask/dataset_cropped/09_Metas/14/17/20190914171100_00149.png,335.8,383,169.9,24.6,961
9/14/2019 17:12,datasets/dataset_cropped/09_Metas/14/17/20190914171200_00149.jpg,datasets_flow/dataset_cropped/09_Metas/14/17/20190914171200_00149.jpg,datasets_cloudmask/dataset_cropped/09_Metas/14/17/20190914171200_00149.png,333,381.7,168.6,24.6,962
9/14/2019 17:13,datasets/dataset_cropped/09_Metas/14/17/20190914171300_00149.jpg,datasets_flow/dataset_cropped/09_Metas/14/17/20190914171300_00149.jpg,datasets_cloudmask/dataset_cropped/09_Metas/14/17/20190914171300_00149.png,329.7,379.4,167.7,24.5,962
9/14/2019 17:14,datasets/dataset_cropped/09_Metas/14/17/20190914171400_00149.jpg,datasets_flow/dataset_cropped/09_Metas/14/17/20190914171400_00149.jpg,datasets_cloudmask/dataset_cropped/09_Metas/14/17/20190914171400_00149.png,325.5,374.8,166.5,24.7,961
9/14/2019 17:15,datasets/dataset_cropped/09_Metas/14/17/20190914171500_00149.jpg,datasets_flow/dataset_cropped/09_Metas/14/17/20190914171500_00149.jpg,datasets_cloudmask/dataset_cropped/09_Metas/14/17/20190914171500_00149.png,318,364.3,164.6,24.8,961
9/14/2019 17:16,datasets/dataset_cropped/09_Metas/14/17/20190914171600_00149.jpg,datasets_flow/dataset_cropped/09_Metas/14/17/20190914171600_00149.jpg,datasets_cloudmask/dataset_cropped/09_Metas/14/17/20190914171600_00149.png,313.9,360,163.1,25,961
9/14/2019 17:17,datasets/dataset_cropped/09_Metas/14/17/20190914171700_00149.jpg,datasets_flow/dataset_cropped/09_Metas/14/17/20190914171700_00149.jpg,datasets_cloudmask/dataset_cropped/09_Metas/14/17/20190914171700_00149.png,317.2,370,163.4,25,961
9/14/2019 17:18,datasets/dataset_cropped/09_Metas/14/17/20190914171800_00149.jpg,datasets_flow/dataset_cropped/09_Metas/14/17/20190914171800_00149.jpg,datasets_cloudmask/dataset_cropped/09_Metas/14/17/20190914171800_00149.png,317.8,374.8,163.3,24.8,961
9/14/2019 17:19,datasets/dataset_cropped/09_Metas/14/17/20190914171900_00149.jpg,datasets_flow/dataset_cropped/09_Metas/14/17/20190914171900_00149.jpg,datasets_cloudmask/dataset_cropped/09_Metas/14/17/20190914171900_00149.png,313.8,369.5,162.6,24.6,961
9/14/2019 17:20,datasets/dataset_cropped/09_Metas/14/17/20190914172000_00149.jpg,datasets_flow/dataset_cropped/09_Metas/14/17/20190914172000_00149.jpg,datasets_cloudmask/dataset_cropped/09_Metas/14/17/20190914172000_00149.png,311.2,368.3,161.6,24.6,961
9/14/2019 17:21,datasets/dataset_cropped/09_Metas/14/17/20190914172100_00149.jpg,datasets_flow/dataset_cropped/09_Metas/14/17/20190914172100_00149.jpg,datasets_cloudmask/dataset_cropped/09_Metas/14/17/20190914172100_00149.png,309,367.7,160.8,24.8,961
9/14/2019 17:22,datasets/dataset_cropped/09_Metas/14/17/20190914172200_00149.jpg,datasets_flow/dataset_cropped/09_Metas/14/17/20190914172200_00149.jpg,datasets_cloudmask/dataset_cropped/09_Metas/14/17/20190914172200_00149.png,305.7,364.9,159.9,24.7,961
9/14/2019 17:23,datasets/dataset_cropped/09_Metas/14/17/20190914172300_00149.jpg,datasets_flow/dataset_cropped/09_Metas/14/17/20190914172300_00149.jpg,datasets_cloudmask/dataset_cropped/09_Metas/14/17/20190914172300_00149.png,302.8,362.3,159.3,24.7,961
9/14/2019 17:24,datasets/dataset_cropped/09_Metas/14/17/20190914172400_00149.jpg,datasets_flow/dataset_cropped/09_Metas/14/17/20190914172400_00149.jpg,datasets_cloudmask/dataset_cropped/09_Metas/14/17/20190914172400_00149.png,300.1,360.6,158.4,24.6,961
9/14/2019 17:25,datasets/dataset_cropped/09_Metas/14/17/20190914172500_00149.jpg,datasets_flow/dataset_cropped/09_Metas/14/17/20190914172500_00149.jpg,datasets_cloudmask/dataset_cropped/09_Metas/14/17/20190914172500_00149.png,298,360,157.7,24.5,961
9/14/2019 17:26,datasets/dataset_cropped/09_Metas/14/17/20190914172600_00149.jpg,datasets_flow/dataset_cropped/09_Metas/14/17/20190914172600_00149.jpg,datasets_cloudmask/dataset_cropped/09_Metas/14/17/20190914172600_00149.png,292.5,351.3,156.5,24.4,961
9/14/2019 17:27,datasets/dataset_cropped/09_Metas/14/17/20190914172700_00149.jpg,datasets_flow/dataset_cropped/09_Metas/14/17/20190914172700_00149.jpg,datasets_cloudmask/dataset_cropped/09_Metas/14/17/20190914172700_00149.png,291.1,353.3,155.3,24.5,961
9/14/2019 17:28,datasets/dataset_cropped/09_Metas/14/17/20190914172800_00149.jpg,datasets_flow/dataset_cropped/09_Metas/14/17/20190914172800_00149.jpg,datasets_cloudmask/dataset_cropped/09_Metas/14/17/20190914172800_00149.png,286.5,347.9,153.9,24.5,961
9/14/2019 17:29,datasets/dataset_cropped/09_Metas/14/17/20190914172900_00149.jpg,datasets_flow/dataset_cropped/09_Metas/14/17/20190914172900_00149.jpg,datasets_cloudmask/dataset_cropped/09_Metas/14/17/20190914172900_00149.png,283.8,347.9,152.4,24.6,961
9/14/2019 17:30,datasets/dataset_cropped/09_Metas/14/17/20190914173000_00149.jpg,datasets_flow/dataset_cropped/09_Metas/14/17/20190914173000_00149.jpg,datasets_cloudmask/dataset_cropped/09_Metas/14/17/20190914173000_00149.png,283.2,351,151.9,24.8,961
9/14/2019 17:31,datasets/dataset_cropped/09_Metas/14/17/20190914173100_00149.jpg,datasets_flow/dataset_cropped/09_Metas/14/17/20190914173100_00149.jpg,datasets_cloudmask/dataset_cropped/09_Metas/14/17/20190914173100_00149.png,279.4,346.7,150.8,24.6,961
9/14/2019 17:32,datasets/dataset_cropped/09_Metas/14/17/20190914173200_00149.jpg,datasets_flow/dataset_cropped/09_Metas/14/17/20190914173200_00149.jpg,datasets_cloudmask/dataset_cropped/09_Metas/14/17/20190914173200_00149.png,276.3,344.7,149.5,24.6,961
9/14/2019 17:33,datasets/dataset_cropped/09_Metas/14/17/20190914173300_00149.jpg,datasets_flow/dataset_cropped/09_Metas/14/17/20190914173300_00149.jpg,datasets_cloudmask/dataset_cropped/09_Metas/14/17/20190914173300_00149.png,274.7,346.4,148.6,24.7,961
9/14/2019 17:34,datasets/dataset_cropped/09_Metas/14/17/20190914173400_00149.jpg,datasets_flow/dataset_cropped/09_Metas/14/17/20190914173400_00149.jpg,datasets_cloudmask/dataset_cropped/09_Metas/14/17/20190914173400_00149.png,271.8,344.4,147.5,24.7,961
9/14/2019 17:35,datasets/dataset_cropped/09_Metas/14/17/20190914173500_00149.jpg,datasets_flow/dataset_cropped/09_Metas/14/17/20190914173500_00149.jpg,datasets_cloudmask/dataset_cropped/09_Metas/14/17/20190914173500_00149.png,269.2,342.8,146.6,24.6,961
9/14/2019 17:36,datasets/dataset_cropped/09_Metas/14/17/20190914173600_00149.jpg,datasets_flow/dataset_cropped/09_Metas/14/17/20190914173600_00149.jpg,datasets_cloudmask/dataset_cropped/09_Metas/14/17/20190914173600_00149.png,267.1,341.8,146,24.7,961
9/14/2019 17:37,datasets/dataset_cropped/09_Metas/14/17/20190914173700_00149.jpg,datasets_flow/dataset_cropped/09_Metas/14/17/20190914173700_00149.jpg,datasets_cloudmask/dataset_cropped/09_Metas/14/17/20190914173700_00149.png,264.2,338.8,145.2,24.8,961
9/14/2019 17:38,datasets/dataset_cropped/09_Metas/14/17/20190914173800_00149.jpg,datasets_flow/dataset_cropped/09_Metas/14/17/20190914173800_00149.jpg,datasets_cloudmask/dataset_cropped/09_Metas/14/17/20190914173800_00149.png,261.3,336.3,144.3,24.7,961
9/14/2019 17:39,datasets/dataset_cropped/09_Metas/14/17/20190914173900_00149.jpg,datasets_flow/dataset_cropped/09_Metas/14/17/20190914173900_00149.jpg,datasets_cloudmask/dataset_cropped/09_Metas/14/17/20190914173900_00149.png,258.9,334.1,143.8,24.5,961
9/14/2019 17:40,datasets/dataset_cropped/09_Metas/14/17/20190914174000_00149.jpg,datasets_flow/dataset_cropped/09_Metas/14/17/20190914174000_00149.jpg,datasets_cloudmask/dataset_cropped/09_Metas/14/17/20190914174000_00149.png,256.2,331.4,143.2,24.6,962
9/14/2019 17:41,datasets/dataset_cropped/09_Metas/14/17/20190914174100_00149.jpg,datasets_flow/dataset_cropped/09_Metas/14/17/20190914174100_00149.jpg,datasets_cloudmask/dataset_cropped/09_Metas/14/17/20190914174100_00149.png,253.4,329,142.3,24.6,961
9/14/2019 17:42,datasets/dataset_cropped/09_Metas/14/17/20190914174200_00149.jpg,datasets_flow/dataset_cropped/09_Metas/14/17/20190914174200_00149.jpg,datasets_cloudmask/dataset_cropped/09_Metas/14/17/20190914174200_00149.png,250.2,325.6,141.5,24.6,961
9/14/2019 17:43,datasets/dataset_cropped/09_Metas/14/17/20190914174300_00149.jpg,datasets_flow/dataset_cropped/09_Metas/14/17/20190914174300_00149.jpg,datasets_cloudmask/dataset_cropped/09_Metas/14/17/20190914174300_00149.png,247.1,322.2,140.6,24.7,961
9/14/2019 17:44,datasets/dataset_cropped/09_Metas/14/17/20190914174400_00149.jpg,datasets_flow/dataset_cropped/09_Metas/14/17/20190914174400_00149.jpg,datasets_cloudmask/dataset_cropped/09_Metas/14/17/20190914174400_00149.png,244.2,319.8,139.5,24.7,961
9/14/2019 17:45,datasets/dataset_cropped/09_Metas/14/17/20190914174500_00149.jpg,datasets_flow/dataset_cropped/09_Metas/14/17/20190914174500_00149.jpg,datasets_cloudmask/dataset_cropped/09_Metas/14/17/20190914174500_00149.png,240.2,314.2,138.5,24.7,961
9/14/2019 17:46,datasets/dataset_cropped/09_Metas/14/17/20190914174600_00149.jpg,datasets_flow/dataset_cropped/09_Metas/14/17/20190914174600_00149.jpg,datasets_cloudmask/dataset_cropped/09_Metas/14/17/20190914174600_00149.png,236.5,309.5,137.4,24.6,961
9/14/2019 17:47,datasets/dataset_cropped/09_Metas/14/17/20190914174700_00149.jpg,datasets_flow/dataset_cropped/09_Metas/14/17/20190914174700_00149.jpg,datasets_cloudmask/dataset_cropped/09_Metas/14/17/20190914174700_00149.png,233.6,305.5,136.4,24.6,961
9/14/2019 17:48,datasets/dataset_cropped/09_Metas/14/17/20190914174800_00149.jpg,datasets_flow/dataset_cropped/09_Metas/14/17/20190914174800_00149.jpg,datasets_cloudmask/dataset_cropped/09_Metas/14/17/20190914174800_00149.png,230.7,305.8,135,24.7,961
9/14/2019 17:49,datasets/dataset_cropped/09_Metas/14/17/20190914174900_00149.jpg,datasets_flow/dataset_cropped/09_Metas/14/17/20190914174900_00149.jpg,datasets_cloudmask/dataset_cropped/09_Metas/14/17/20190914174900_00149.png,226.9,301.4,133.4,24.7,961
9/14/2019 17:50,datasets/dataset_cropped/09_Metas/14/17/20190914175000_00149.jpg,datasets_flow/dataset_cropped/09_Metas/14/17/20190914175000_00149.jpg,datasets_cloudmask/dataset_cropped/09_Metas/14/17/20190914175000_00149.png,222.7,295.2,132.1,24.6,962
9/14/2019 17:51,datasets/dataset_cropped/09_Metas/14/17/20190914175100_00149.jpg,datasets_flow/dataset_cropped/09_Metas/14/17/20190914175100_00149.jpg,datasets_cloudmask/dataset_cropped/09_Metas/14/17/20190914175100_00149.png,218.5,289.4,130.6,24.8,961
9/14/2019 17:52,datasets/dataset_cropped/09_Metas/14/17/20190914175200_00149.jpg,datasets_flow/dataset_cropped/09_Metas/14/17/20190914175200_00149.jpg,datasets_cloudmask/dataset_cropped/09_Metas/14/17/20190914175200_00149.png,214.7,284.7,129.2,24.8,962
9/14/2019 17:53,datasets/dataset_cropped/09_Metas/14/17/20190914175300_00149.jpg,datasets_flow/dataset_cropped/09_Metas/14/17/20190914175300_00149.jpg,datasets_cloudmask/dataset_cropped/09_Metas/14/17/20190914175300_00149.png,211.4,281.6,127.8,24.6,961
9/14/2019 17:54,datasets/dataset_cropped/09_Metas/14/17/20190914175400_00149.jpg,datasets_flow/dataset_cropped/09_Metas/14/17/20190914175400_00149.jpg,datasets_cloudmask/dataset_cropped/09_Metas/14/17/20190914175400_00149.png,208.2,279.1,126.3,24.5,961
9/14/2019 17:55,datasets/dataset_cropped/09_Metas/14/17/20190914175500_00149.jpg,datasets_flow/dataset_cropped/09_Metas/14/17/20190914175500_00149.jpg,datasets_cloudmask/dataset_cropped/09_Metas/14/17/20190914175500_00149.png,204.8,275.2,124.8,24.4,962
9/14/2019 17:56,datasets/dataset_cropped/09_Metas/14/17/20190914175600_00149.jpg,datasets_flow/dataset_cropped/09_Metas/14/17/20190914175600_00149.jpg,datasets_cloudmask/dataset_cropped/09_Metas/14/17/20190914175600_00149.png,200.8,269.7,123.4,24.4,962
9/14/2019 17:57,datasets/dataset_cropped/09_Metas/14/17/20190914175700_00149.jpg,datasets_flow/dataset_cropped/09_Metas/14/17/20190914175700_00149.jpg,datasets_cloudmask/dataset_cropped/09_Metas/14/17/20190914175700_00149.png,196.6,263,121.9,24.4,961
9/14/2019 17:58,datasets/dataset_cropped/09_Metas/14/17/20190914175800_00149.jpg,datasets_flow/dataset_cropped/09_Metas/14/17/20190914175800_00149.jpg,datasets_cloudmask/dataset_cropped/09_Metas/14/17/20190914175800_00149.png,192.8,257.7,120.5,24.4,961
9/14/2019 17:59,datasets/dataset_cropped/09_Metas/14/17/20190914175900_00149.jpg,datasets_flow/dataset_cropped/09_Metas/14/17/20190914175900_00149.jpg,datasets_cloudmask/dataset_cropped/09_Metas/14/17/20190914175900_00149.png,189,252.2,119.1,24.6,961
9/14/2019 18:00,datasets/dataset_cropped/09_Metas/14/18/20190914180000_00149.jpg,datasets_flow/dataset_cropped/09_Metas/14/18/20190914180000_00149.jpg,datasets_cloudmask/dataset_cropped/09_Metas/14/18/20190914180000_00149.png,185.5,248.2,117.5,24.5,962
9/14/2019 18:01,datasets/dataset_cropped/09_Metas/14/18/20190914180100_00149.jpg,datasets_flow/dataset_cropped/09_Metas/14/18/20190914180100_00149.jpg,datasets_cloudmask/dataset_cropped/09_Metas/14/18/20190914180100_00149.png,182.2,244.8,115.9,24.4,962
9/14/2019 18:02,datasets/dataset_cropped/09_Metas/14/18/20190914180200_00149.jpg,datasets_flow/dataset_cropped/09_Metas/14/18/20190914180200_00149.jpg,datasets_cloudmask/dataset_cropped/09_Metas/14/18/20190914180200_00149.png,178.9,241.4,114.5,24.4,961
9/14/2019 18:03,datasets/dataset_cropped/09_Metas/14/18/20190914180300_00149.jpg,datasets_flow/dataset_cropped/09_Metas/14/18/20190914180300_00149.jpg,datasets_cloudmask/dataset_cropped/09_Metas/14/18/20190914180300_00149.png,175.1,235.9,113,24.3,962
9/14/2019 18:04,datasets/dataset_cropped/09_Metas/14/18/20190914180400_00149.jpg,datasets_flow/dataset_cropped/09_Metas/14/18/20190914180400_00149.jpg,datasets_cloudmask/dataset_cropped/09_Metas/14/18/20190914180400_00149.png,171.7,231.6,111.4,24.4,961
9/14/2019 18:05,datasets/dataset_cropped/09_Metas/14/18/20190914180500_00149.jpg,datasets_flow/dataset_cropped/09_Metas/14/18/20190914180500_00149.jpg,datasets_cloudmask/dataset_cropped/09_Metas/14/18/20190914180500_00149.png,168.3,227.2,110,24.3,962
9/14/2019 18:06,datasets/dataset_cropped/09_Metas/14/18/20190914180600_00149.jpg,datasets_flow/dataset_cropped/09_Metas/14/18/20190914180600_00149.jpg,datasets_cloudmask/dataset_cropped/09_Metas/14/18/20190914180600_00149.png,165,223,108.5,24.3,962
9/14/2019 18:07,datasets/dataset_cropped/09_Metas/14/18/20190914180700_00149.jpg,datasets_flow/dataset_cropped/09_Metas/14/18/20190914180700_00149.jpg,datasets_cloudmask/dataset_cropped/09_Metas/14/18/20190914180700_00149.png,162,219.4,107.2,24.2,962
9/14/2019 18:08,datasets/dataset_cropped/09_Metas/14/18/20190914180800_00149.jpg,datasets_flow/dataset_cropped/09_Metas/14/18/20190914180800_00149.jpg,datasets_cloudmask/dataset_cropped/09_Metas/14/18/20190914180800_00149.png,158.9,214.2,105.8,24.2,962
9/14/2019 18:09,datasets/dataset_cropped/09_Metas/14/18/20190914180900_00149.jpg,datasets_flow/dataset_cropped/09_Metas/14/18/20190914180900_00149.jpg,datasets_cloudmask/dataset_cropped/09_Metas/14/18/20190914180900_00149.png,155.5,210.8,104.3,24.2,961
9/14/2019 18:10,datasets/dataset_cropped/09_Metas/14/18/20190914181000_00149.jpg,datasets_flow/dataset_cropped/09_Metas/14/18/20190914181000_00149.jpg,datasets_cloudmask/dataset_cropped/09_Metas/14/18/20190914181000_00149.png,152.3,206.3,102.8,24.2,961
9/14/2019 18:11,datasets/dataset_cropped/09_Metas/14/18/20190914181100_00149.jpg,datasets_flow/dataset_cropped/09_Metas/14/18/20190914181100_00149.jpg,datasets_cloudmask/dataset_cropped/09_Metas/14/18/20190914181100_00149.png,149.4,203.7,101.3,24.1,962
9/14/2019 18:12,datasets/dataset_cropped/09_Metas/14/18/20190914181200_00149.jpg,datasets_flow/dataset_cropped/09_Metas/14/18/20190914181200_00149.jpg,datasets_cloudmask/dataset_cropped/09_Metas/14/18/20190914181200_00149.png,146.3,199.7,99.8,24,961
9/14/2019 18:13,datasets/dataset_cropped/09_Metas/14/18/20190914181300_00149.jpg,datasets_flow/dataset_cropped/09_Metas/14/18/20190914181300_00149.jpg,datasets_cloudmask/dataset_cropped/09_Metas/14/18/20190914181300_00149.png,143.3,195.9,98.3,24.1,961
9/14/2019 18:14,datasets/dataset_cropped/09_Metas/14/18/20190914181400_00149.jpg,datasets_flow/dataset_cropped/09_Metas/14/18/20190914181400_00149.jpg,datasets_cloudmask/dataset_cropped/09_Metas/14/18/20190914181400_00149.png,140.4,192.6,96.8,24.1,962
9/14/2019 18:15,datasets/dataset_cropped/09_Metas/14/18/20190914181500_00149.jpg,datasets_flow/dataset_cropped/09_Metas/14/18/20190914181500_00149.jpg,datasets_cloudmask/dataset_cropped/09_Metas/14/18/20190914181500_00149.png,137.3,188.4,95.4,24,961
9/14/2019 18:16,datasets/dataset_cropped/09_Metas/14/18/20190914181600_00149.jpg,datasets_flow/dataset_cropped/09_Metas/14/18/20190914181600_00149.jpg,datasets_cloudmask/dataset_cropped/09_Metas/14/18/20190914181600_00149.png,134.2,184,93.9,24,962
9/14/2019 18:17,datasets/dataset_cropped/09_Metas/14/18/20190914181700_00149.jpg,datasets_flow/dataset_cropped/09_Metas/14/18/20190914181700_00149.jpg,datasets_cloudmask/dataset_cropped/09_Metas/14/18/20190914181700_00149.png,130.8,178.7,92.2,24,961
9/14/2019 18:18,datasets/dataset_cropped/09_Metas/14/18/20190914181800_00149.jpg,datasets_flow/dataset_cropped/09_Metas/14/18/20190914181800_00149.jpg,datasets_cloudmask/dataset_cropped/09_Metas/14/18/20190914181800_00149.png,127.4,173.7,90.4,23.9,962
9/14/2019 18:19,datasets/dataset_cropped/09_Metas/14/18/20190914181900_00149.jpg,datasets_flow/dataset_cropped/09_Metas/14/18/20190914181900_00149.jpg,datasets_cloudmask/dataset_cropped/09_Metas/14/18/20190914181900_00149.png,124.2,168.7,88.8,23.8,961
9/14/2019 18:20,datasets/dataset_cropped/09_Metas/14/18/20190914182000_00149.jpg,datasets_flow/dataset_cropped/09_Metas/14/18/20190914182000_00149.jpg,datasets_cloudmask/dataset_cropped/09_Metas/14/18/20190914182000_00149.png,121.1,164.4,87.1,23.7,961
9/14/2019 18:21,datasets/dataset_cropped/09_Metas/14/18/20190914182100_00149.jpg,datasets_flow/dataset_cropped/09_Metas/14/18/20190914182100_00149.jpg,datasets_cloudmask/dataset_cropped/09_Metas/14/18/20190914182100_00149.png,118.2,160.5,85.6,23.6,961
9/14/2019 18:22,datasets/dataset_cropped/09_Metas/14/18/20190914182200_00149.jpg,datasets_flow/dataset_cropped/09_Metas/14/18/20190914182200_00149.jpg,datasets_cloudmask/dataset_cropped/09_Metas/14/18/20190914182200_00149.png,115.4,156.7,84.2,23.6,962
9/14/2019 18:23,datasets/dataset_cropped/09_Metas/14/18/20190914182300_00149.jpg,datasets_flow/dataset_cropped/09_Metas/14/18/20190914182300_00149.jpg,datasets_cloudmask/dataset_cropped/09_Metas/14/18/20190914182300_00149.png,112.8,153,82.7,23.7,961
9/14/2019 18:24,datasets/dataset_cropped/09_Metas/14/18/20190914182400_00149.jpg,datasets_flow/dataset_cropped/09_Metas/14/18/20190914182400_00149.jpg,datasets_cloudmask/dataset_cropped/09_Metas/14/18/20190914182400_00149.png,110,148.5,81.3,23.6,961
9/14/2019 18:25,datasets/dataset_cropped/09_Metas/14/18/20190914182500_00149.jpg,datasets_flow/dataset_cropped/09_Metas/14/18/20190914182500_00149.jpg,datasets_cloudmask/dataset_cropped/09_Metas/14/18/20190914182500_00149.png,107,143.4,79.8,23.5,961
9/14/2019 18:26,datasets/dataset_cropped/09_Metas/14/18/20190914182600_00149.jpg,datasets_flow/dataset_cropped/09_Metas/14/18/20190914182600_00149.jpg,datasets_cloudmask/dataset_cropped/09_Metas/14/18/20190914182600_00149.png,104,138.8,78.3,23.4,961
9/14/2019 18:27,datasets/dataset_cropped/09_Metas/14/18/20190914182700_00149.jpg,datasets_flow/dataset_cropped/09_Metas/14/18/20190914182700_00149.jpg,datasets_cloudmask/dataset_cropped/09_Metas/14/18/20190914182700_00149.png,101.2,134.5,76.7,23.4,961
9/14/2019 18:28,datasets/dataset_cropped/09_Metas/14/18/20190914182800_00149.jpg,datasets_flow/dataset_cropped/09_Metas/14/18/20190914182800_00149.jpg,datasets_cloudmask/dataset_cropped/09_Metas/14/18/20190914182800_00149.png,98.4,130.2,75.2,23.5,961
9/14/2019 18:29,datasets/dataset_cropped/09_Metas/14/18/20190914182900_00149.jpg,datasets_flow/dataset_cropped/09_Metas/14/18/20190914182900_00149.jpg,datasets_cloudmask/dataset_cropped/09_Metas/14/18/20190914182900_00149.png,95.7,126.1,73.7,23.5,961
9/14/2019 18:30,datasets/dataset_cropped/09_Metas/14/18/20190914183000_00149.jpg,datasets_flow/dataset_cropped/09_Metas/14/18/20190914183000_00149.jpg,datasets_cloudmask/dataset_cropped/09_Metas/14/18/20190914183000_00149.png,92.9,121.1,72.2,23.5,961
9/14/2019 18:31,datasets/dataset_cropped/09_Metas/14/18/20190914183100_00149.jpg,datasets_flow/dataset_cropped/09_Metas/14/18/20190914183100_00149.jpg,datasets_cloudmask/dataset_cropped/09_Metas/14/18/20190914183100_00149.png,90.2,117.1,70.7,23.5,961
9/14/2019 18:32,datasets/dataset_cropped/09_Metas/14/18/20190914183200_00149.jpg,datasets_flow/dataset_cropped/09_Metas/14/18/20190914183200_00149.jpg,datasets_cloudmask/dataset_cropped/09_Metas/14/18/20190914183200_00149.png,87.5,112.6,69.1,23.5,961
9/14/2019 18:33,datasets/dataset_cropped/09_Metas/14/18/20190914183300_00149.jpg,datasets_flow/dataset_cropped/09_Metas/14/18/20190914183300_00149.jpg,datasets_cloudmask/dataset_cropped/09_Metas/14/18/20190914183300_00149.png,84.9,108.9,67.5,23.4,961
9/14/2019 18:34,datasets/dataset_cropped/09_Metas/14/18/20190914183400_00149.jpg,datasets_flow/dataset_cropped/09_Metas/14/18/20190914183400_00149.jpg,datasets_cloudmask/dataset_cropped/09_Metas/14/18/20190914183400_00149.png,82.4,105.1,66,23.4,961
9/14/2019 18:35,datasets/dataset_cropped/09_Metas/14/18/20190914183500_00149.jpg,datasets_flow/dataset_cropped/09_Metas/14/18/20190914183500_00149.jpg,datasets_cloudmask/dataset_cropped/09_Metas/14/18/20190914183500_00149.png,80,101.3,64.5,23.3,961
9/14/2019 18:36,datasets/dataset_cropped/09_Metas/14/18/20190914183600_00149.jpg,datasets_flow/dataset_cropped/09_Metas/14/18/20190914183600_00149.jpg,datasets_cloudmask/dataset_cropped/09_Metas/14/18/20190914183600_00149.png,77.5,97.6,63,23.4,961
9/14/2019 18:37,datasets/dataset_cropped/09_Metas/14/18/20190914183700_00149.jpg,datasets_flow/dataset_cropped/09_Metas/14/18/20190914183700_00149.jpg,datasets_cloudmask/dataset_cropped/09_Metas/14/18/20190914183700_00149.png,75,93.1,61.6,23.4,961
9/14/2019 18:38,datasets/dataset_cropped/09_Metas/14/18/20190914183800_00149.jpg,datasets_flow/dataset_cropped/09_Metas/14/18/20190914183800_00149.jpg,datasets_cloudmask/dataset_cropped/09_Metas/14/18/20190914183800_00149.png,72.5,89.3,59.9,23.4,961
9/14/2019 18:39,datasets/dataset_cropped/09_Metas/14/18/20190914183900_00149.jpg,datasets_flow/dataset_cropped/09_Metas/14/18/20190914183900_00149.jpg,datasets_cloudmask/dataset_cropped/09_Metas/14/18/20190914183900_00149.png,69.8,84.4,58.2,23.3,962
9/14/2019 18:40,datasets/dataset_cropped/09_Metas/14/18/20190914184000_00149.jpg,datasets_flow/dataset_cropped/09_Metas/14/18/20190914184000_00149.jpg,datasets_cloudmask/dataset_cropped/09_Metas/14/18/20190914184000_00149.png,67.3,80.4,56.5,23.2,961
9/14/2019 18:41,datasets/dataset_cropped/09_Metas/14/18/20190914184100_00149.jpg,datasets_flow/dataset_cropped/09_Metas/14/18/20190914184100_00149.jpg,datasets_cloudmask/dataset_cropped/09_Metas/14/18/20190914184100_00149.png,64.8,75.8,54.8,23.1,961
9/14/2019 18:42,datasets/dataset_cropped/09_Metas/14/18/20190914184200_00149.jpg,datasets_flow/dataset_cropped/09_Metas/14/18/20190914184200_00149.jpg,datasets_cloudmask/dataset_cropped/09_Metas/14/18/20190914184200_00149.png,62.3,70.6,53.1,23.1,962
9/14/2019 18:43,datasets/dataset_cropped/09_Metas/14/18/20190914184300_00149.jpg,datasets_flow/dataset_cropped/09_Metas/14/18/20190914184300_00149.jpg,datasets_cloudmask/dataset_cropped/09_Metas/14/18/20190914184300_00149.png,59.9,66,51.5,23.1,962
9/14/2019 18:44,datasets/dataset_cropped/09_Metas/14/18/20190914184400_00149.jpg,datasets_flow/dataset_cropped/09_Metas/14/18/20190914184400_00149.jpg,datasets_cloudmask/dataset_cropped/09_Metas/14/18/20190914184400_00149.png,57.4,61.2,49.9,23,962
9/14/2019 18:45,datasets/dataset_cropped/09_Metas/14/18/20190914184500_00149.jpg,datasets_flow/dataset_cropped/09_Metas/14/18/20190914184500_00149.jpg,datasets_cloudmask/dataset_cropped/09_Metas/14/18/20190914184500_00149.png,55,56.2,48.2,23,961
9/14/2019 18:46,datasets/dataset_cropped/09_Metas/14/18/20190914184600_00149.jpg,datasets_flow/dataset_cropped/09_Metas/14/18/20190914184600_00149.jpg,datasets_cloudmask/dataset_cropped/09_Metas/14/18/20190914184600_00149.png,52.6,51.6,46.5,23,962
9/14/2019 18:47,datasets/dataset_cropped/09_Metas/14/18/20190914184700_00149.jpg,datasets_flow/dataset_cropped/09_Metas/14/18/20190914184700_00149.jpg,datasets_cloudmask/dataset_cropped/09_Metas/14/18/20190914184700_00149.png,50.3,47.9,44.8,23,962
9/14/2019 18:48,datasets/dataset_cropped/09_Metas/14/18/20190914184800_00149.jpg,datasets_flow/dataset_cropped/09_Metas/14/18/20190914184800_00149.jpg,datasets_cloudmask/dataset_cropped/09_Metas/14/18/20190914184800_00149.png,48,44.3,43.1,23,961
9/14/2019 18:49,datasets/dataset_cropped/09_Metas/14/18/20190914184900_00149.jpg,datasets_flow/dataset_cropped/09_Metas/14/18/20190914184900_00149.jpg,datasets_cloudmask/dataset_cropped/09_Metas/14/18/20190914184900_00149.png,45.7,40.7,41.4,22.9,961
9/14/2019 18:50,datasets/dataset_cropped/09_Metas/14/18/20190914185000_00149.jpg,datasets_flow/dataset_cropped/09_Metas/14/18/20190914185000_00149.jpg,datasets_cloudmask/dataset_cropped/09_Metas/14/18/20190914185000_00149.png,43.5,36.8,39.6,22.9,961
9/14/2019 18:51,datasets/dataset_cropped/09_Metas/14/18/20190914185100_00149.jpg,datasets_flow/dataset_cropped/09_Metas/14/18/20190914185100_00149.jpg,datasets_cloudmask/dataset_cropped/09_Metas/14/18/20190914185100_00149.png,41.3,33.1,37.9,23,961
9/14/2019 18:52,datasets/dataset_cropped/09_Metas/14/18/20190914185200_00149.jpg,datasets_flow/dataset_cropped/09_Metas/14/18/20190914185200_00149.jpg,datasets_cloudmask/dataset_cropped/09_Metas/14/18/20190914185200_00149.png,39.1,28.9,36.2,22.9,961
9/14/2019 18:53,datasets/dataset_cropped/09_Metas/14/18/20190914185300_00149.jpg,datasets_flow/dataset_cropped/09_Metas/14/18/20190914185300_00149.jpg,datasets_cloudmask/dataset_cropped/09_Metas/14/18/20190914185300_00149.png,36.9,24.7,34.5,22.9,961
9/14/2019 18:54,datasets/dataset_cropped/09_Metas/14/18/20190914185400_00149.jpg,datasets_flow/dataset_cropped/09_Metas/14/18/20190914185400_00149.jpg,datasets_cloudmask/dataset_cropped/09_Metas/14/18/20190914185400_00149.png,34.7,20.4,32.8,22.9,962
9/14/2019 18:55,datasets/dataset_cropped/09_Metas/14/18/20190914185500_00149.jpg,datasets_flow/dataset_cropped/09_Metas/14/18/20190914185500_00149.jpg,datasets_cloudmask/dataset_cropped/09_Metas/14/18/20190914185500_00149.png,32.6,16.4,31.1,22.9,961
9/14/2019 18:56,datasets/dataset_cropped/09_Metas/14/18/20190914185600_00149.jpg,datasets_flow/dataset_cropped/09_Metas/14/18/20190914185600_00149.jpg,datasets_cloudmask/dataset_cropped/09_Metas/14/18/20190914185600_00149.png,30.6,13.2,29.3,22.8,961
9/14/2019 18:57,datasets/dataset_cropped/09_Metas/14/18/20190914185700_00149.jpg,datasets_flow/dataset_cropped/09_Metas/14/18/20190914185700_00149.jpg,datasets_cloudmask/dataset_cropped/09_Metas/14/18/20190914185700_00149.png,28.7,10.7,27.7,22.8,962
9/14/2019 18:58,datasets/dataset_cropped/09_Metas/14/18/20190914185800_00149.jpg,datasets_flow/dataset_cropped/09_Metas/14/18/20190914185800_00149.jpg,datasets_cloudmask/dataset_cropped/09_Metas/14/18/20190914185800_00149.png,26.9,8.6,26,22.8,961
9/14/2019 18:59,datasets/dataset_cropped/09_Metas/14/18/20190914185900_00149.jpg,datasets_flow/dataset_cropped/09_Metas/14/18/20190914185900_00149.jpg,datasets_cloudmask/dataset_cropped/09_Metas/14/18/20190914185900_00149.png,25.1,6.9,24.4,22.7,962
9/14/2019 19:00,datasets/dataset_cropped/09_Metas/14/19/20190914190000_00149.jpg,datasets_flow/dataset_cropped/09_Metas/14/19/20190914190000_00149.jpg,datasets_cloudmask/dataset_cropped/09_Metas/14/19/20190914190000_00149.png,23.4,5.7,22.8,22.8,961
9/14/2019 19:01,datasets/dataset_cropped/09_Metas/14/19/20190914190100_00149.jpg,datasets_flow/dataset_cropped/09_Metas/14/19/20190914190100_00149.jpg,datasets_cloudmask/dataset_cropped/09_Metas/14/19/20190914190100_00149.png,21.9,4.7,21.4,22.8,962
9/14/2019 19:02,datasets/dataset_cropped/09_Metas/14/19/20190914190200_00149.jpg,datasets_flow/dataset_cropped/09_Metas/14/19/20190914190200_00149.jpg,datasets_cloudmask/dataset_cropped/09_Metas/14/19/20190914190200_00149.png,20.4,3.8,20,22.8,962
9/14/2019 19:03,datasets/dataset_cropped/09_Metas/14/19/20190914190300_00149.jpg,datasets_flow/dataset_cropped/09_Metas/14/19/20190914190300_00149.jpg,datasets_cloudmask/dataset_cropped/09_Metas/14/19/20190914190300_00149.png,18.9,3,18.6,22.8,961
9/14/2019 19:04,datasets/dataset_cropped/09_Metas/14/19/20190914190400_00149.jpg,datasets_flow/dataset_cropped/09_Metas/14/19/20190914190400_00149.jpg,datasets_cloudmask/dataset_cropped/09_Metas/14/19/20190914190400_00149.png,17.4,2.1,17.1,22.7,962
9/14/2019 19:05,datasets/dataset_cropped/09_Metas/14/19/20190914190500_00149.jpg,datasets_flow/dataset_cropped/09_Metas/14/19/20190914190500_00149.jpg,datasets_cloudmask/dataset_cropped/09_Metas/14/19/20190914190500_00149.png,16,1.3,15.7,22.6,962
9/14/2019 19:06,datasets/dataset_cropped/09_Metas/14/19/20190914190600_00149.jpg,datasets_flow/dataset_cropped/09_Metas/14/19/20190914190600_00149.jpg,datasets_cloudmask/dataset_cropped/09_Metas/14/19/20190914190600_00149.png,14.7,0.6,14.4,22.5,962
9/14/2019 19:07,datasets/dataset_cropped/09_Metas/14/19/20190914190700_00149.jpg,datasets_flow/dataset_cropped/09_Metas/14/19/20190914190700_00149.jpg,datasets_cloudmask/dataset_cropped/09_Metas/14/19/20190914190700_00149.png,13.5,0.1,13.2,22.5,962
9/14/2019 19:08,datasets/dataset_cropped/09_Metas/14/19/20190914190800_00149.jpg,datasets_flow/dataset_cropped/09_Metas/14/19/20190914190800_00149.jpg,datasets_cloudmask/dataset_cropped/09_Metas/14/19/20190914190800_00149.png,12.3,0,12.1,22.5,962
9/14/2019 19:09,datasets/dataset_cropped/09_Metas/14/19/20190914190900_00149.jpg,datasets_flow/dataset_cropped/09_Metas/14/19/20190914190900_00149.jpg,datasets_cloudmask/dataset_cropped/09_Metas/14/19/20190914190900_00149.png,11.2,0,11,22.5,962
9/14/2019 19:10,datasets/dataset_cropped/09_Metas/14/19/20190914191000_00149.jpg,datasets_flow/dataset_cropped/09_Metas/14/19/20190914191000_00149.jpg,datasets_cloudmask/dataset_cropped/09_Metas/14/19/20190914191000_00149.png,10.2,0,9.9,22.4,962
9/14/2019 19:11,datasets/dataset_cropped/09_Metas/14/19/20190914191100_00149.jpg,datasets_flow/dataset_cropped/09_Metas/14/19/20190914191100_00149.jpg,datasets_cloudmask/dataset_cropped/09_Metas/14/19/20190914191100_00149.png,9.1,0,8.9,22.4,962
9/15/2019 6:58,datasets/dataset_cropped/09_Metas/15/06/20190915065830_00149.jpg,datasets_flow/dataset_cropped/09_Metas/15/06/20190915065830_00149.jpg,datasets_cloudmask/dataset_cropped/09_Metas/15/06/20190915065830_00149.png,11.3,0,11.5,19.7,962
9/15/2019 6:59,datasets/dataset_cropped/09_Metas/15/06/20190915065900_00149.jpg,datasets_flow/dataset_cropped/09_Metas/15/06/20190915065900_00149.jpg,datasets_cloudmask/dataset_cropped/09_Metas/15/06/20190915065900_00149.png,11.3,0,11.5,19.7,962
9/15/2019 7:00,datasets/dataset_cropped/09_Metas/15/07/20190915070000_00149.jpg,datasets_flow/dataset_cropped/09_Metas/15/07/20190915070000_00149.jpg,datasets_cloudmask/dataset_cropped/09_Metas/15/07/20190915070000_00149.png,12.3,0.1,12.5,19.7,962
9/15/2019 7:01,datasets/dataset_cropped/09_Metas/15/07/20190915070100_00149.jpg,datasets_flow/dataset_cropped/09_Metas/15/07/20190915070100_00149.jpg,datasets_cloudmask/dataset_cropped/09_Metas/15/07/20190915070100_00149.png,13.4,0.2,13.6,19.8,962
9/15/2019 7:02,datasets/dataset_cropped/09_Metas/15/07/20190915070200_00149.jpg,datasets_flow/dataset_cropped/09_Metas/15/07/20190915070200_00149.jpg,datasets_cloudmask/dataset_cropped/09_Metas/15/07/20190915070200_00149.png,14.7,0.4,14.9,19.9,962
9/15/2019 7:03,datasets/dataset_cropped/09_Metas/15/07/20190915070300_00149.jpg,datasets_flow/dataset_cropped/09_Metas/15/07/20190915070300_00149.jpg,datasets_cloudmask/dataset_cropped/09_Metas/15/07/20190915070300_00149.png,16.1,0.6,16.3,19.9,962
9/15/2019 7:04,datasets/dataset_cropped/09_Metas/15/07/20190915070400_00149.jpg,datasets_flow/dataset_cropped/09_Metas/15/07/20190915070400_00149.jpg,datasets_cloudmask/dataset_cropped/09_Metas/15/07/20190915070400_00149.png,17.6,0.8,17.9,19.9,962
9/15/2019 7:05,datasets/dataset_cropped/09_Metas/15/07/20190915070500_00149.jpg,datasets_flow/dataset_cropped/09_Metas/15/07/20190915070500_00149.jpg,datasets_cloudmask/dataset_cropped/09_Metas/15/07/20190915070500_00149.png,19.1,1,19.4,19.9,962
9/15/2019 7:06,datasets/dataset_cropped/09_Metas/15/07/20190915070600_00149.jpg,datasets_flow/dataset_cropped/09_Metas/15/07/20190915070600_00149.jpg,datasets_cloudmask/dataset_cropped/09_Metas/15/07/20190915070600_00149.png,20.6,1.2,20.8,19.9,962
9/15/2019 7:07,datasets/dataset_cropped/09_Metas/15/07/20190915070700_00149.jpg,datasets_flow/dataset_cropped/09_Metas/15/07/20190915070700_00149.jpg,datasets_cloudmask/dataset_cropped/09_Metas/15/07/20190915070700_00149.png,21.8,1.6,22.1,19.9,962
9/15/2019 7:08,datasets/dataset_cropped/09_Metas/15/07/20190915070800_00149.jpg,datasets_flow/dataset_cropped/09_Metas/15/07/20190915070800_00149.jpg,datasets_cloudmask/dataset_cropped/09_Metas/15/07/20190915070800_00149.png,22.9,2.2,23.1,20,962
9/15/2019 7:09,datasets/dataset_cropped/09_Metas/15/07/20190915070900_00149.jpg,datasets_flow/dataset_cropped/09_Metas/15/07/20190915070900_00149.jpg,datasets_cloudmask/dataset_cropped/09_Metas/15/07/20190915070900_00149.png,23.9,2.7,24.1,20,962
9/15/2019 7:10,datasets/dataset_cropped/09_Metas/15/07/20190915071000_00149.jpg,datasets_flow/dataset_cropped/09_Metas/15/07/20190915071000_00149.jpg,datasets_cloudmask/dataset_cropped/09_Metas/15/07/20190915071000_00149.png,24.9,3.3,24.9,20,962
9/15/2019 7:11,datasets/dataset_cropped/09_Metas/15/07/20190915071100_00149.jpg,datasets_flow/dataset_cropped/09_Metas/15/07/20190915071100_00149.jpg,datasets_cloudmask/dataset_cropped/09_Metas/15/07/20190915071100_00149.png,25.7,4.2,25.6,20,962
9/15/2019 7:12,datasets/dataset_cropped/09_Metas/15/07/20190915071200_00149.jpg,datasets_flow/dataset_cropped/09_Metas/15/07/20190915071200_00149.jpg,datasets_cloudmask/dataset_cropped/09_Metas/15/07/20190915071200_00149.png,26.5,5.1,26.3,20.1,962
9/15/2019 7:13,datasets/dataset_cropped/09_Metas/15/07/20190915071300_00149.jpg,datasets_flow/dataset_cropped/09_Metas/15/07/20190915071300_00149.jpg,datasets_cloudmask/dataset_cropped/09_Metas/15/07/20190915071300_00149.png,27.4,6.5,27,20.1,962
9/15/2019 7:14,datasets/dataset_cropped/09_Metas/15/07/20190915071400_00149.jpg,datasets_flow/dataset_cropped/09_Metas/15/07/20190915071400_00149.jpg,datasets_cloudmask/dataset_cropped/09_Metas/15/07/20190915071400_00149.png,28.4,8,27.8,20.1,962
9/15/2019 7:15,datasets/dataset_cropped/09_Metas/15/07/20190915071500_00149.jpg,datasets_flow/dataset_cropped/09_Metas/15/07/20190915071500_00149.jpg,datasets_cloudmask/dataset_cropped/09_Metas/15/07/20190915071500_00149.png,29.6,9.4,28.9,20.1,962
9/15/2019 7:16,datasets/dataset_cropped/09_Metas/15/07/20190915071600_00149.jpg,datasets_flow/dataset_cropped/09_Metas/15/07/20190915071600_00149.jpg,datasets_cloudmask/dataset_cropped/09_Metas/15/07/20190915071600_00149.png,31.2,11.3,30.2,20.1,962
9/15/2019 7:17,datasets/dataset_cropped/09_Metas/15/07/20190915071700_00149.jpg,datasets_flow/dataset_cropped/09_Metas/15/07/20190915071700_00149.jpg,datasets_cloudmask/dataset_cropped/09_Metas/15/07/20190915071700_00149.png,32.9,14.2,31.6,20.1,962
9/15/2019 7:18,datasets/dataset_cropped/09_Metas/15/07/20190915071800_00149.jpg,datasets_flow/dataset_cropped/09_Metas/15/07/20190915071800_00149.jpg,datasets_cloudmask/dataset_cropped/09_Metas/15/07/20190915071800_00149.png,34.5,17,33,20.1,962
9/15/2019 7:19,datasets/dataset_cropped/09_Metas/15/07/20190915071900_00149.jpg,datasets_flow/dataset_cropped/09_Metas/15/07/20190915071900_00149.jpg,datasets_cloudmask/dataset_cropped/09_Metas/15/07/20190915071900_00149.png,36.1,19.2,34.3,20.1,962
9/15/2019 7:20,datasets/dataset_cropped/09_Metas/15/07/20190915072000_00149.jpg,datasets_flow/dataset_cropped/09_Metas/15/07/20190915072000_00149.jpg,datasets_cloudmask/dataset_cropped/09_Metas/15/07/20190915072000_00149.png,37.7,21.6,35.6,20.1,962
9/15/2019 7:21,datasets/dataset_cropped/09_Metas/15/07/20190915072100_00149.jpg,datasets_flow/dataset_cropped/09_Metas/15/07/20190915072100_00149.jpg,datasets_cloudmask/dataset_cropped/09_Metas/15/07/20190915072100_00149.png,39.4,24,37,20.1,962
9/15/2019 7:22,datasets/dataset_cropped/09_Metas/15/07/20190915072200_00149.jpg,datasets_flow/dataset_cropped/09_Metas/15/07/20190915072200_00149.jpg,datasets_cloudmask/dataset_cropped/09_Metas/15/07/20190915072200_00149.png,41.2,26.8,38.5,20.1,962
9/15/2019 7:23,datasets/dataset_cropped/09_Metas/15/07/20190915072300_00149.jpg,datasets_flow/dataset_cropped/09_Metas/15/07/20190915072300_00149.jpg,datasets_cloudmask/dataset_cropped/09_Metas/15/07/20190915072300_00149.png,43.2,30.7,40,20.1,962
9/15/2019 7:24,datasets/dataset_cropped/09_Metas/15/07/20190915072400_00149.jpg,datasets_flow/dataset_cropped/09_Metas/15/07/20190915072400_00149.jpg,datasets_cloudmask/dataset_cropped/09_Metas/15/07/20190915072400_00149.png,45.2,33.9,41.5,20.1,962
9/15/2019 7:25,datasets/dataset_cropped/09_Metas/15/07/20190915072500_00149.jpg,datasets_flow/dataset_cropped/09_Metas/15/07/20190915072500_00149.jpg,datasets_cloudmask/dataset_cropped/09_Metas/15/07/20190915072500_00149.png,47.1,36.4,43,20.1,962
9/15/2019 7:26,datasets/dataset_cropped/09_Metas/15/07/20190915072600_00149.jpg,datasets_flow/dataset_cropped/09_Metas/15/07/20190915072600_00149.jpg,datasets_cloudmask/dataset_cropped/09_Metas/15/07/20190915072600_00149.png,49,39.3,44.6,20.1,962
9/15/2019 7:27,datasets/dataset_cropped/09_Metas/15/07/20190915072700_00149.jpg,datasets_flow/dataset_cropped/09_Metas/15/07/20190915072700_00149.jpg,datasets_cloudmask/dataset_cropped/09_Metas/15/07/20190915072700_00149.png,51.2,43.6,46.1,20.1,962
9/15/2019 7:28,datasets/dataset_cropped/09_Metas/15/07/20190915072800_00149.jpg,datasets_flow/dataset_cropped/09_Metas/15/07/20190915072800_00149.jpg,datasets_cloudmask/dataset_cropped/09_Metas/15/07/20190915072800_00149.png,53.7,49.4,47.7,20.2,962
9/15/2019 7:29,datasets/dataset_cropped/09_Metas/15/07/20190915072900_00149.jpg,datasets_flow/dataset_cropped/09_Metas/15/07/20190915072900_00149.jpg,datasets_cloudmask/dataset_cropped/09_Metas/15/07/20190915072900_00149.png,55.9,53.2,49.3,20.2,962
9/15/2019 7:30,datasets/dataset_cropped/09_Metas/15/07/20190915073000_00149.jpg,datasets_flow/dataset_cropped/09_Metas/15/07/20190915073000_00149.jpg,datasets_cloudmask/dataset_cropped/09_Metas/15/07/20190915073000_00149.png,57.9,55.9,50.8,20.2,962
9/15/2019 7:31,datasets/dataset_cropped/09_Metas/15/07/20190915073100_00149.jpg,datasets_flow/dataset_cropped/09_Metas/15/07/20190915073100_00149.jpg,datasets_cloudmask/dataset_cropped/09_Metas/15/07/20190915073100_00149.png,60.2,59.9,52.3,20.2,962
9/15/2019 7:32,datasets/dataset_cropped/09_Metas/15/07/20190915073200_00149.jpg,datasets_flow/dataset_cropped/09_Metas/15/07/20190915073200_00149.jpg,datasets_cloudmask/dataset_cropped/09_Metas/15/07/20190915073200_00149.png,62.4,63.2,53.9,20.2,962
9/15/2019 7:33,datasets/dataset_cropped/09_Metas/15/07/20190915073300_00149.jpg,datasets_flow/dataset_cropped/09_Metas/15/07/20190915073300_00149.jpg,datasets_cloudmask/dataset_cropped/09_Metas/15/07/20190915073300_00149.png,64.5,66.2,55.4,20.3,962
9/15/2019 7:34,datasets/dataset_cropped/09_Metas/15/07/20190915073400_00149.jpg,datasets_flow/dataset_cropped/09_Metas/15/07/20190915073400_00149.jpg,datasets_cloudmask/dataset_cropped/09_Metas/15/07/20190915073400_00149.png,66.7,70.2,56.9,20.3,962
9/15/2019 7:35,datasets/dataset_cropped/09_Metas/15/07/20190915073500_00149.jpg,datasets_flow/dataset_cropped/09_Metas/15/07/20190915073500_00149.jpg,datasets_cloudmask/dataset_cropped/09_Metas/15/07/20190915073500_00149.png,69.2,75.3,58.5,20.3,962
9/15/2019 7:36,datasets/dataset_cropped/09_Metas/15/07/20190915073600_00149.jpg,datasets_flow/dataset_cropped/09_Metas/15/07/20190915073600_00149.jpg,datasets_cloudmask/dataset_cropped/09_Metas/15/07/20190915073600_00149.png,72,81.7,60.1,20.3,962
9/15/2019 7:37,datasets/dataset_cropped/09_Metas/15/07/20190915073700_00149.jpg,datasets_flow/dataset_cropped/09_Metas/15/07/20190915073700_00149.jpg,datasets_cloudmask/dataset_cropped/09_Metas/15/07/20190915073700_00149.png,74.8,87.3,61.7,20.4,962
9/15/2019 7:38,datasets/dataset_cropped/09_Metas/15/07/20190915073800_00149.jpg,datasets_flow/dataset_cropped/09_Metas/15/07/20190915073800_00149.jpg,datasets_cloudmask/dataset_cropped/09_Metas/15/07/20190915073800_00149.png,77.6,93.5,63.2,20.4,962
9/15/2019 7:39,datasets/dataset_cropped/09_Metas/15/07/20190915073900_00149.jpg,datasets_flow/dataset_cropped/09_Metas/15/07/20190915073900_00149.jpg,datasets_cloudmask/dataset_cropped/09_Metas/15/07/20190915073900_00149.png,80.2,98.6,64.7,20.5,962
9/15/2019 7:40,datasets/dataset_cropped/09_Metas/15/07/20190915074000_00149.jpg,datasets_flow/dataset_cropped/09_Metas/15/07/20190915074000_00149.jpg,datasets_cloudmask/dataset_cropped/09_Metas/15/07/20190915074000_00149.png,82.7,102.3,66.2,20.7,962
9/15/2019 7:41,datasets/dataset_cropped/09_Metas/15/07/20190915074100_00149.jpg,datasets_flow/dataset_cropped/09_Metas/15/07/20190915074100_00149.jpg,datasets_cloudmask/dataset_cropped/09_Metas/15/07/20190915074100_00149.png,85.5,107.9,67.8,20.7,962
9/15/2019 7:42,datasets/dataset_cropped/09_Metas/15/07/20190915074200_00149.jpg,datasets_flow/dataset_cropped/09_Metas/15/07/20190915074200_00149.jpg,datasets_cloudmask/dataset_cropped/09_Metas/15/07/20190915074200_00149.png,88.3,114,69.2,20.8,962
9/15/2019 7:43,datasets/dataset_cropped/09_Metas/15/07/20190915074300_00149.jpg,datasets_flow/dataset_cropped/09_Metas/15/07/20190915074300_00149.jpg,datasets_cloudmask/dataset_cropped/09_Metas/15/07/20190915074300_00149.png,91.2,120.1,70.7,20.8,962
9/15/2019 7:44,datasets/dataset_cropped/09_Metas/15/07/20190915074400_00149.jpg,datasets_flow/dataset_cropped/09_Metas/15/07/20190915074400_00149.jpg,datasets_cloudmask/dataset_cropped/09_Metas/15/07/20190915074400_00149.png,94.2,126.6,72.2,20.8,962
9/15/2019 7:45,datasets/dataset_cropped/09_Metas/15/07/20190915074500_00149.jpg,datasets_flow/dataset_cropped/09_Metas/15/07/20190915074500_00149.jpg,datasets_cloudmask/dataset_cropped/09_Metas/15/07/20190915074500_00149.png,97.3,133.1,73.6,20.8,962
9/15/2019 7:46,datasets/dataset_cropped/09_Metas/15/07/20190915074600_00149.jpg,datasets_flow/dataset_cropped/09_Metas/15/07/20190915074600_00149.jpg,datasets_cloudmask/dataset_cropped/09_Metas/15/07/20190915074600_00149.png,100.2,138.9,75.1,20.8,962
9/15/2019 7:47,datasets/dataset_cropped/09_Metas/15/07/20190915074700_00149.jpg,datasets_flow/dataset_cropped/09_Metas/15/07/20190915074700_00149.jpg,datasets_cloudmask/dataset_cropped/09_Metas/15/07/20190915074700_00149.png,102.9,143.4,76.5,20.9,962
9/15/2019 7:48,datasets/dataset_cropped/09_Metas/15/07/20190915074800_00149.jpg,datasets_flow/dataset_cropped/09_Metas/15/07/20190915074800_00149.jpg,datasets_cloudmask/dataset_cropped/09_Metas/15/07/20190915074800_00149.png,105.7,147.9,77.9,20.9,962
9/15/2019 7:49,datasets/dataset_cropped/09_Metas/15/07/20190915074900_00149.jpg,datasets_flow/dataset_cropped/09_Metas/15/07/20190915074900_00149.jpg,datasets_cloudmask/dataset_cropped/09_Metas/15/07/20190915074900_00149.png,109,154.2,79.4,20.9,962
9/15/2019 7:50,datasets/dataset_cropped/09_Metas/15/07/20190915075000_00149.jpg,datasets_flow/dataset_cropped/09_Metas/15/07/20190915075000_00149.jpg,datasets_cloudmask/dataset_cropped/09_Metas/15/07/20190915075000_00149.png,112.4,161.6,80.9,20.9,962
9/15/2019 7:51,datasets/dataset_cropped/09_Metas/15/07/20190915075100_00149.jpg,datasets_flow/dataset_cropped/09_Metas/15/07/20190915075100_00149.jpg,datasets_cloudmask/dataset_cropped/09_Metas/15/07/20190915075100_00149.png,115.9,169.1,82.3,21,962
9/15/2019 7:52,datasets/dataset_cropped/09_Metas/15/07/20190915075200_00149.jpg,datasets_flow/dataset_cropped/09_Metas/15/07/20190915075200_00149.jpg,datasets_cloudmask/dataset_cropped/09_Metas/15/07/20190915075200_00149.png,119.4,176.8,83.7,21,962
9/15/2019 7:53,datasets/dataset_cropped/09_Metas/15/07/20190915075300_00149.jpg,datasets_flow/dataset_cropped/09_Metas/15/07/20190915075300_00149.jpg,datasets_cloudmask/dataset_cropped/09_Metas/15/07/20190915075300_00149.png,122.8,184.3,85,21.1,962
9/15/2019 7:54,datasets/dataset_cropped/09_Metas/15/07/20190915075400_00149.jpg,datasets_flow/dataset_cropped/09_Metas/15/07/20190915075400_00149.jpg,datasets_cloudmask/dataset_cropped/09_Metas/15/07/20190915075400_00149.png,125.7,189.4,86.2,21.1,962
9/15/2019 7:55,datasets/dataset_cropped/09_Metas/15/07/20190915075500_00149.jpg,datasets_flow/dataset_cropped/09_Metas/15/07/20190915075500_00149.jpg,datasets_cloudmask/dataset_cropped/09_Metas/15/07/20190915075500_00149.png,128.8,195.3,87.4,21.1,962
9/15/2019 7:56,datasets/dataset_cropped/09_Metas/15/07/20190915075600_00149.jpg,datasets_flow/dataset_cropped/09_Metas/15/07/20190915075600_00149.jpg,datasets_cloudmask/dataset_cropped/09_Metas/15/07/20190915075600_00149.png,131.8,200.5,88.7,21.1,962
9/15/2019 7:57,datasets/dataset_cropped/09_Metas/15/07/20190915075700_00149.jpg,datasets_flow/dataset_cropped/09_Metas/15/07/20190915075700_00149.jpg,datasets_cloudmask/dataset_cropped/09_Metas/15/07/20190915075700_00149.png,134.9,206.1,89.9,21.1,962
9/15/2019 7:58,datasets/dataset_cropped/09_Metas/15/07/20190915075800_00149.jpg,datasets_flow/dataset_cropped/09_Metas/15/07/20190915075800_00149.jpg,datasets_cloudmask/dataset_cropped/09_Metas/15/07/20190915075800_00149.png,138.1,212.3,91.1,21.2,962
9/15/2019 7:59,datasets/dataset_cropped/09_Metas/15/07/20190915075900_00149.jpg,datasets_flow/dataset_cropped/09_Metas/15/07/20190915075900_00149.jpg,datasets_cloudmask/dataset_cropped/09_Metas/15/07/20190915075900_00149.png,141.3,217.7,92.3,21.2,962
9/15/2019 8:00,datasets/dataset_cropped/09_Metas/15/08/20190915080000_00149.jpg,datasets_flow/dataset_cropped/09_Metas/15/08/20190915080000_00149.jpg,datasets_cloudmask/dataset_cropped/09_Metas/15/08/20190915080000_00149.png,144.8,224.5,93.5,21.2,962
9/15/2019 8:01,datasets/dataset_cropped/09_Metas/15/08/20190915080100_00149.jpg,datasets_flow/dataset_cropped/09_Metas/15/08/20190915080100_00149.jpg,datasets_cloudmask/dataset_cropped/09_Metas/15/08/20190915080100_00149.png,147.5,228.2,94.7,21.4,962
9/15/2019 8:02,datasets/dataset_cropped/09_Metas/15/08/20190915080200_00149.jpg,datasets_flow/dataset_cropped/09_Metas/15/08/20190915080200_00149.jpg,datasets_cloudmask/dataset_cropped/09_Metas/15/08/20190915080200_00149.png,150.7,233.6,95.9,21.4,962
9/15/2019 8:03,datasets/dataset_cropped/09_Metas/15/08/20190915080300_00149.jpg,datasets_flow/dataset_cropped/09_Metas/15/08/20190915080300_00149.jpg,datasets_cloudmask/dataset_cropped/09_Metas/15/08/20190915080300_00149.png,153.7,238.2,97.1,21.4,962
9/15/2019 8:04,datasets/dataset_cropped/09_Metas/15/08/20190915080400_00149.jpg,datasets_flow/dataset_cropped/09_Metas/15/08/20190915080400_00149.jpg,datasets_cloudmask/dataset_cropped/09_Metas/15/08/20190915080400_00149.png,157.5,245.4,98.4,21.4,962
9/15/2019 8:05,datasets/dataset_cropped/09_Metas/15/08/20190915080500_00149.jpg,datasets_flow/dataset_cropped/09_Metas/15/08/20190915080500_00149.jpg,datasets_cloudmask/dataset_cropped/09_Metas/15/08/20190915080500_00149.png,160.6,250.4,99.6,21.5,962
9/15/2019 8:06,datasets/dataset_cropped/09_Metas/15/08/20190915080600_00149.jpg,datasets_flow/dataset_cropped/09_Metas/15/08/20190915080600_00149.jpg,datasets_cloudmask/dataset_cropped/09_Metas/15/08/20190915080600_00149.png,164.1,256.7,100.7,21.6,962
9/15/2019 8:07,datasets/dataset_cropped/09_Metas/15/08/20190915080700_00149.jpg,datasets_flow/dataset_cropped/09_Metas/15/08/20190915080700_00149.jpg,datasets_cloudmask/dataset_cropped/09_Metas/15/08/20190915080700_00149.png,167.2,261.3,101.8,21.7,962
9/15/2019 8:08,datasets/dataset_cropped/09_Metas/15/08/20190915080800_00149.jpg,datasets_flow/dataset_cropped/09_Metas/15/08/20190915080800_00149.jpg,datasets_cloudmask/dataset_cropped/09_Metas/15/08/20190915080800_00149.png,170.8,267.5,103,21.9,962
9/15/2019 8:09,datasets/dataset_cropped/09_Metas/15/08/20190915080900_00149.jpg,datasets_flow/dataset_cropped/09_Metas/15/08/20190915080900_00149.jpg,datasets_cloudmask/dataset_cropped/09_Metas/15/08/20190915080900_00149.png,173.9,272,104.1,21.9,962
9/15/2019 8:10,datasets/dataset_cropped/09_Metas/15/08/20190915081000_00149.jpg,datasets_flow/dataset_cropped/09_Metas/15/08/20190915081000_00149.jpg,datasets_cloudmask/dataset_cropped/09_Metas/15/08/20190915081000_00149.png,177.8,279.4,105.3,21.9,962
9/15/2019 8:11,datasets/dataset_cropped/09_Metas/15/08/20190915081100_00149.jpg,datasets_flow/dataset_cropped/09_Metas/15/08/20190915081100_00149.jpg,datasets_cloudmask/dataset_cropped/09_Metas/15/08/20190915081100_00149.png,181,284,106.4,22,962
9/15/2019 8:12,datasets/dataset_cropped/09_Metas/15/08/20190915081200_00149.jpg,datasets_flow/dataset_cropped/09_Metas/15/08/20190915081200_00149.jpg,datasets_cloudmask/dataset_cropped/09_Metas/15/08/20190915081200_00149.png,184.3,288.6,107.6,21.9,962
9/15/2019 8:13,datasets/dataset_cropped/09_Metas/15/08/20190915081300_00149.jpg,datasets_flow/dataset_cropped/09_Metas/15/08/20190915081300_00149.jpg,datasets_cloudmask/dataset_cropped/09_Metas/15/08/20190915081300_00149.png,187.6,292.8,108.8,22,962
9/15/2019 8:14,datasets/dataset_cropped/09_Metas/15/08/20190915081400_00149.jpg,datasets_flow/dataset_cropped/09_Metas/15/08/20190915081400_00149.jpg,datasets_cloudmask/dataset_cropped/09_Metas/15/08/20190915081400_00149.png,190.9,297.4,109.9,22,962
9/15/2019 8:15,datasets/dataset_cropped/09_Metas/15/08/20190915081500_00149.jpg,datasets_flow/dataset_cropped/09_Metas/15/08/20190915081500_00149.jpg,datasets_cloudmask/dataset_cropped/09_Metas/15/08/20190915081500_00149.png,193.8,300.2,111,21.9,962
9/15/2019 8:16,datasets/dataset_cropped/09_Metas/15/08/20190915081600_00149.jpg,datasets_flow/dataset_cropped/09_Metas/15/08/20190915081600_00149.jpg,datasets_cloudmask/dataset_cropped/09_Metas/15/08/20190915081600_00149.png,197.2,304.6,112.1,21.9,962
9/15/2019 8:17,datasets/dataset_cropped/09_Metas/15/08/20190915081700_00149.jpg,datasets_flow/dataset_cropped/09_Metas/15/08/20190915081700_00149.jpg,datasets_cloudmask/dataset_cropped/09_Metas/15/08/20190915081700_00149.png,200.1,306.9,113.2,21.9,962
9/15/2019 8:18,datasets/dataset_cropped/09_Metas/15/08/20190915081800_00149.jpg,datasets_flow/dataset_cropped/09_Metas/15/08/20190915081800_00149.jpg,datasets_cloudmask/dataset_cropped/09_Metas/15/08/20190915081800_00149.png,202.9,308.8,114.5,22,962
9/15/2019 8:19,datasets/dataset_cropped/09_Metas/15/08/20190915081900_00149.jpg,datasets_flow/dataset_cropped/09_Metas/15/08/20190915081900_00149.jpg,datasets_cloudmask/dataset_cropped/09_Metas/15/08/20190915081900_00149.png,205.8,311.2,115.7,22,962
9/15/2019 8:20,datasets/dataset_cropped/09_Metas/15/08/20190915082000_00149.jpg,datasets_flow/dataset_cropped/09_Metas/15/08/20190915082000_00149.jpg,datasets_cloudmask/dataset_cropped/09_Metas/15/08/20190915082000_00149.png,209,314.4,116.8,22,962
9/15/2019 8:21,datasets/dataset_cropped/09_Metas/15/08/20190915082100_00149.jpg,datasets_flow/dataset_cropped/09_Metas/15/08/20190915082100_00149.jpg,datasets_cloudmask/dataset_cropped/09_Metas/15/08/20190915082100_00149.png,212.2,317.6,117.9,21.9,962
9/15/2019 8:22,datasets/dataset_cropped/09_Metas/15/08/20190915082200_00149.jpg,datasets_flow/dataset_cropped/09_Metas/15/08/20190915082200_00149.jpg,datasets_cloudmask/dataset_cropped/09_Metas/15/08/20190915082200_00149.png,215.4,320.2,119.1,21.9,962
9/15/2019 8:23,datasets/dataset_cropped/09_Metas/15/08/20190915082300_00149.jpg,datasets_flow/dataset_cropped/09_Metas/15/08/20190915082300_00149.jpg,datasets_cloudmask/dataset_cropped/09_Metas/15/08/20190915082300_00149.png,218,321.5,120.3,22.1,962
9/15/2019 8:24,datasets/dataset_cropped/09_Metas/15/08/20190915082400_00149.jpg,datasets_flow/dataset_cropped/09_Metas/15/08/20190915082400_00149.jpg,datasets_cloudmask/dataset_cropped/09_Metas/15/08/20190915082400_00149.png,220.9,323.9,121.4,22.2,962
9/15/2019 8:25,datasets/dataset_cropped/09_Metas/15/08/20190915082500_00149.jpg,datasets_flow/dataset_cropped/09_Metas/15/08/20190915082500_00149.jpg,datasets_cloudmask/dataset_cropped/09_Metas/15/08/20190915082500_00149.png,223.8,325.9,122.5,22.1,962
9/15/2019 8:26,datasets/dataset_cropped/09_Metas/15/08/20190915082600_00149.jpg,datasets_flow/dataset_cropped/09_Metas/15/08/20190915082600_00149.jpg,datasets_cloudmask/dataset_cropped/09_Metas/15/08/20190915082600_00149.png,227.2,329.6,123.7,22.2,962
9/15/2019 8:27,datasets/dataset_cropped/09_Metas/15/08/20190915082700_00149.jpg,datasets_flow/dataset_cropped/09_Metas/15/08/20190915082700_00149.jpg,datasets_cloudmask/dataset_cropped/09_Metas/15/08/20190915082700_00149.png,230.7,333.6,124.7,22.4,962
9/15/2019 8:28,datasets/dataset_cropped/09_Metas/15/08/20190915082800_00149.jpg,datasets_flow/dataset_cropped/09_Metas/15/08/20190915082800_00149.jpg,datasets_cloudmask/dataset_cropped/09_Metas/15/08/20190915082800_00149.png,233.9,337,125.7,22.3,962
9/15/2019 8:29,datasets/dataset_cropped/09_Metas/15/08/20190915082900_00149.jpg,datasets_flow/dataset_cropped/09_Metas/15/08/20190915082900_00149.jpg,datasets_cloudmask/dataset_cropped/09_Metas/15/08/20190915082900_00149.png,237.8,341.8,126.9,22.1,962
9/15/2019 8:30,datasets/dataset_cropped/09_Metas/15/08/20190915083000_00149.jpg,datasets_flow/dataset_cropped/09_Metas/15/08/20190915083000_00149.jpg,datasets_cloudmask/dataset_cropped/09_Metas/15/08/20190915083000_00149.png,241.2,345.2,128,22,962
9/15/2019 8:31,datasets/dataset_cropped/09_Metas/15/08/20190915083100_00149.jpg,datasets_flow/dataset_cropped/09_Metas/15/08/20190915083100_00149.jpg,datasets_cloudmask/dataset_cropped/09_Metas/15/08/20190915083100_00149.png,244.8,349.2,129.3,22,962
9/15/2019 8:32,datasets/dataset_cropped/09_Metas/15/08/20190915083200_00149.jpg,datasets_flow/dataset_cropped/09_Metas/15/08/20190915083200_00149.jpg,datasets_cloudmask/dataset_cropped/09_Metas/15/08/20190915083200_00149.png,248.6,354.2,130.3,22.1,962
9/15/2019 8:33,datasets/dataset_cropped/09_Metas/15/08/20190915083300_00149.jpg,datasets_flow/dataset_cropped/09_Metas/15/08/20190915083300_00149.jpg,datasets_cloudmask/dataset_cropped/09_Metas/15/08/20190915083300_00149.png,251.1,355.3,131.2,22.1,962
9/15/2019 8:34,datasets/dataset_cropped/09_Metas/15/08/20190915083400_00149.jpg,datasets_flow/dataset_cropped/09_Metas/15/08/20190915083400_00149.jpg,datasets_cloudmask/dataset_cropped/09_Metas/15/08/20190915083400_00149.png,254.8,359.7,132.4,22.1,962
9/15/2019 8:35,datasets/dataset_cropped/09_Metas/15/08/20190915083500_00149.jpg,datasets_flow/dataset_cropped/09_Metas/15/08/20190915083500_00149.jpg,datasets_cloudmask/dataset_cropped/09_Metas/15/08/20190915083500_00149.png,258.8,364.9,133.2,22.1,962
9/15/2019 8:36,datasets/dataset_cropped/09_Metas/15/08/20190915083600_00149.jpg,datasets_flow/dataset_cropped/09_Metas/15/08/20190915083600_00149.jpg,datasets_cloudmask/dataset_cropped/09_Metas/15/08/20190915083600_00149.png,261.8,367.8,134.2,22.1,962
9/15/2019 8:37,datasets/dataset_cropped/09_Metas/15/08/20190915083700_00149.jpg,datasets_flow/dataset_cropped/09_Metas/15/08/20190915083700_00149.jpg,datasets_cloudmask/dataset_cropped/09_Metas/15/08/20190915083700_00149.png,264.4,370.1,134.9,22.1,962
9/15/2019 8:38,datasets/dataset_cropped/09_Metas/15/08/20190915083800_00149.jpg,datasets_flow/dataset_cropped/09_Metas/15/08/20190915083800_00149.jpg,datasets_cloudmask/dataset_cropped/09_Metas/15/08/20190915083800_00149.png,267.8,373.7,135.8,22.3,962
9/15/2019 8:39,datasets/dataset_cropped/09_Metas/15/08/20190915083900_00149.jpg,datasets_flow/dataset_cropped/09_Metas/15/08/20190915083900_00149.jpg,datasets_cloudmask/dataset_cropped/09_Metas/15/08/20190915083900_00149.png,271.2,377.7,136.7,22.2,962
9/15/2019 8:40,datasets/dataset_cropped/09_Metas/15/08/20190915084000_00149.jpg,datasets_flow/dataset_cropped/09_Metas/15/08/20190915084000_00149.jpg,datasets_cloudmask/dataset_cropped/09_Metas/15/08/20190915084000_00149.png,274.3,380.9,137.5,22.1,962
9/15/2019 8:41,datasets/dataset_cropped/09_Metas/15/08/20190915084100_00149.jpg,datasets_flow/dataset_cropped/09_Metas/15/08/20190915084100_00149.jpg,datasets_cloudmask/dataset_cropped/09_Metas/15/08/20190915084100_00149.png,278.4,386.6,138.4,22.1,962
9/15/2019 8:42,datasets/dataset_cropped/09_Metas/15/08/20190915084200_00149.jpg,datasets_flow/dataset_cropped/09_Metas/15/08/20190915084200_00149.jpg,datasets_cloudmask/dataset_cropped/09_Metas/15/08/20190915084200_00149.png,280.8,388,139.3,22.3,962
9/15/2019 8:43,datasets/dataset_cropped/09_Metas/15/08/20190915084300_00149.jpg,datasets_flow/dataset_cropped/09_Metas/15/08/20190915084300_00149.jpg,datasets_cloudmask/dataset_cropped/09_Metas/15/08/20190915084300_00149.png,283.2,389.1,140.1,22.4,962
9/15/2019 8:44,datasets/dataset_cropped/09_Metas/15/08/20190915084400_00149.jpg,datasets_flow/dataset_cropped/09_Metas/15/08/20190915084400_00149.jpg,datasets_cloudmask/dataset_cropped/09_Metas/15/08/20190915084400_00149.png,287.1,393.4,141.3,22.5,962
9/15/2019 8:45,datasets/dataset_cropped/09_Metas/15/08/20190915084500_00149.jpg,datasets_flow/dataset_cropped/09_Metas/15/08/20190915084500_00149.jpg,datasets_cloudmask/dataset_cropped/09_Metas/15/08/20190915084500_00149.png,290,395.2,142.5,22.5,962
9/15/2019 8:46,datasets/dataset_cropped/09_Metas/15/08/20190915084600_00149.jpg,datasets_flow/dataset_cropped/09_Metas/15/08/20190915084600_00149.jpg,datasets_cloudmask/dataset_cropped/09_Metas/15/08/20190915084600_00149.png,293.7,399.5,143.5,22.6,962
9/15/2019 8:47,datasets/dataset_cropped/09_Metas/15/08/20190915084700_00149.jpg,datasets_flow/dataset_cropped/09_Metas/15/08/20190915084700_00149.jpg,datasets_cloudmask/dataset_cropped/09_Metas/15/08/20190915084700_00149.png,298.3,406.1,144.5,22.6,962
9/15/2019 8:48,datasets/dataset_cropped/09_Metas/15/08/20190915084800_00149.jpg,datasets_flow/dataset_cropped/09_Metas/15/08/20190915084800_00149.jpg,datasets_cloudmask/dataset_cropped/09_Metas/15/08/20190915084800_00149.png,300.6,407.1,145.2,22.8,962
9/15/2019 8:49,datasets/dataset_cropped/09_Metas/15/08/20190915084900_00149.jpg,datasets_flow/dataset_cropped/09_Metas/15/08/20190915084900_00149.jpg,datasets_cloudmask/dataset_cropped/09_Metas/15/08/20190915084900_00149.png,303.9,410.2,146.3,22.8,962
9/15/2019 8:50,datasets/dataset_cropped/09_Metas/15/08/20190915085000_00149.jpg,datasets_flow/dataset_cropped/09_Metas/15/08/20190915085000_00149.jpg,datasets_cloudmask/dataset_cropped/09_Metas/15/08/20190915085000_00149.png,307.1,412.4,147.5,22.8,962
9/15/2019 8:51,datasets/dataset_cropped/09_Metas/15/08/20190915085100_00149.jpg,datasets_flow/dataset_cropped/09_Metas/15/08/20190915085100_00149.jpg,datasets_cloudmask/dataset_cropped/09_Metas/15/08/20190915085100_00149.png,309.5,413.7,148.4,22.9,962
9/15/2019 8:52,datasets/dataset_cropped/09_Metas/15/08/20190915085200_00149.jpg,datasets_flow/dataset_cropped/09_Metas/15/08/20190915085200_00149.jpg,datasets_cloudmask/dataset_cropped/09_Metas/15/08/20190915085200_00149.png,314.4,420.3,149.5,23,962
9/15/2019 8:53,datasets/dataset_cropped/09_Metas/15/08/20190915085300_00149.jpg,datasets_flow/dataset_cropped/09_Metas/15/08/20190915085300_00149.jpg,datasets_cloudmask/dataset_cropped/09_Metas/15/08/20190915085300_00149.png,315.8,419.3,150.2,23.2,962
9/15/2019 8:54,datasets/dataset_cropped/09_Metas/15/08/20190915085400_00149.jpg,datasets_flow/dataset_cropped/09_Metas/15/08/20190915085400_00149.jpg,datasets_cloudmask/dataset_cropped/09_Metas/15/08/20190915085400_00149.png,319.2,422.3,151.1,23.4,962
9/15/2019 8:55,datasets/dataset_cropped/09_Metas/15/08/20190915085500_00149.jpg,datasets_flow/dataset_cropped/09_Metas/15/08/20190915085500_00149.jpg,datasets_cloudmask/dataset_cropped/09_Metas/15/08/20190915085500_00149.png,323,426.1,152,23.5,962
9/15/2019 8:56,datasets/dataset_cropped/09_Metas/15/08/20190915085600_00149.jpg,datasets_flow/dataset_cropped/09_Metas/15/08/20190915085600_00149.jpg,datasets_cloudmask/dataset_cropped/09_Metas/15/08/20190915085600_00149.png,324.2,424.1,152.9,23.6,962
9/15/2019 8:57,datasets/dataset_cropped/09_Metas/15/08/20190915085700_00149.jpg,datasets_flow/dataset_cropped/09_Metas/15/08/20190915085700_00149.jpg,datasets_cloudmask/dataset_cropped/09_Metas/15/08/20190915085700_00149.png,327.2,426.1,153.8,23.7,963
9/15/2019 8:58,datasets/dataset_cropped/09_Metas/15/08/20190915085800_00149.jpg,datasets_flow/dataset_cropped/09_Metas/15/08/20190915085800_00149.jpg,datasets_cloudmask/dataset_cropped/09_Metas/15/08/20190915085800_00149.png,331.2,430.6,154.9,23.9,963
9/15/2019 8:59,datasets/dataset_cropped/09_Metas/15/08/20190915085900_00149.jpg,datasets_flow/dataset_cropped/09_Metas/15/08/20190915085900_00149.jpg,datasets_cloudmask/dataset_cropped/09_Metas/15/08/20190915085900_00149.png,332.7,429.8,155.6,23.9,962
9/15/2019 9:00,datasets/dataset_cropped/09_Metas/15/09/20190915090000_00149.jpg,datasets_flow/dataset_cropped/09_Metas/15/09/20190915090000_00149.jpg,datasets_cloudmask/dataset_cropped/09_Metas/15/09/20190915090000_00149.png,337.2,435.2,156.6,24,962
9/15/2019 9:01,datasets/dataset_cropped/09_Metas/15/09/20190915090100_00149.jpg,datasets_flow/dataset_cropped/09_Metas/15/09/20190915090100_00149.jpg,datasets_cloudmask/dataset_cropped/09_Metas/15/09/20190915090100_00149.png,337.4,431.6,157.3,24,963
9/15/2019 9:02,datasets/dataset_cropped/09_Metas/15/09/20190915090200_00149.jpg,datasets_flow/dataset_cropped/09_Metas/15/09/20190915090200_00149.jpg,datasets_cloudmask/dataset_cropped/09_Metas/15/09/20190915090200_00149.png,343.5,441.3,158.3,24,962
9/15/2019 9:03,datasets/dataset_cropped/09_Metas/15/09/20190915090300_00149.jpg,datasets_flow/dataset_cropped/09_Metas/15/09/20190915090300_00149.jpg,datasets_cloudmask/dataset_cropped/09_Metas/15/09/20190915090300_00149.png,343.5,437.5,159,23.9,962
9/15/2019 9:04,datasets/dataset_cropped/09_Metas/15/09/20190915090400_00149.jpg,datasets_flow/dataset_cropped/09_Metas/15/09/20190915090400_00149.jpg,datasets_cloudmask/dataset_cropped/09_Metas/15/09/20190915090400_00149.png,350.5,448.7,160.2,23.8,963
9/15/2019 9:05,datasets/dataset_cropped/09_Metas/15/09/20190915090500_00149.jpg,datasets_flow/dataset_cropped/09_Metas/15/09/20190915090500_00149.jpg,datasets_cloudmask/dataset_cropped/09_Metas/15/09/20190915090500_00149.png,352.4,449.1,160.4,23.7,962
9/15/2019 9:06,datasets/dataset_cropped/09_Metas/15/09/20190915090600_00149.jpg,datasets_flow/dataset_cropped/09_Metas/15/09/20190915090600_00149.jpg,datasets_cloudmask/dataset_cropped/09_Metas/15/09/20190915090600_00149.png,356,452.8,161.3,23.8,962
9/15/2019 9:07,datasets/dataset_cropped/09_Metas/15/09/20190915090700_00149.jpg,datasets_flow/dataset_cropped/09_Metas/15/09/20190915090700_00149.jpg,datasets_cloudmask/dataset_cropped/09_Metas/15/09/20190915090700_00149.png,358.4,454.4,162,23.7,962
9/15/2019 9:08,datasets/dataset_cropped/09_Metas/15/09/20190915090800_00149.jpg,datasets_flow/dataset_cropped/09_Metas/15/09/20190915090800_00149.jpg,datasets_cloudmask/dataset_cropped/09_Metas/15/09/20190915090800_00149.png,363.2,460,162.7,23.7,962
9/15/2019 9:09,datasets/dataset_cropped/09_Metas/15/09/20190915090900_00149.jpg,datasets_flow/dataset_cropped/09_Metas/15/09/20190915090900_00149.jpg,datasets_cloudmask/dataset_cropped/09_Metas/15/09/20190915090900_00149.png,365,459.8,163.2,23.9,963
9/15/2019 9:10,datasets/dataset_cropped/09_Metas/15/09/20190915091000_00149.jpg,datasets_flow/dataset_cropped/09_Metas/15/09/20190915091000_00149.jpg,datasets_cloudmask/dataset_cropped/09_Metas/15/09/20190915091000_00149.png,368.9,463.8,163.5,24,962
9/15/2019 9:11,datasets/dataset_cropped/09_Metas/15/09/20190915091100_00149.jpg,datasets_flow/dataset_cropped/09_Metas/15/09/20190915091100_00149.jpg,datasets_cloudmask/dataset_cropped/09_Metas/15/09/20190915091100_00149.png,373.2,469.2,164.1,24.1,962
9/15/2019 9:12,datasets/dataset_cropped/09_Metas/15/09/20190915091200_00149.jpg,datasets_flow/dataset_cropped/09_Metas/15/09/20190915091200_00149.jpg,datasets_cloudmask/dataset_cropped/09_Metas/15/09/20190915091200_00149.png,374.4,467.8,164.6,24.1,962
9/15/2019 9:13,datasets/dataset_cropped/09_Metas/15/09/20190915091300_00149.jpg,datasets_flow/dataset_cropped/09_Metas/15/09/20190915091300_00149.jpg,datasets_cloudmask/dataset_cropped/09_Metas/15/09/20190915091300_00149.png,378.2,471.2,165.3,24.1,963
9/15/2019 9:14,datasets/dataset_cropped/09_Metas/15/09/20190915091400_00149.jpg,datasets_flow/dataset_cropped/09_Metas/15/09/20190915091400_00149.jpg,datasets_cloudmask/dataset_cropped/09_Metas/15/09/20190915091400_00149.png,381,472.6,166.1,24.1,962
9/15/2019 9:15,datasets/dataset_cropped/09_Metas/15/09/20190915091500_00149.jpg,datasets_flow/dataset_cropped/09_Metas/15/09/20190915091500_00149.jpg,datasets_cloudmask/dataset_cropped/09_Metas/15/09/20190915091500_00149.png,383.8,474.4,167,24.1,962
9/15/2019 9:16,datasets/dataset_cropped/09_Metas/15/09/20190915091600_00149.jpg,datasets_flow/dataset_cropped/09_Metas/15/09/20190915091600_00149.jpg,datasets_cloudmask/dataset_cropped/09_Metas/15/09/20190915091600_00149.png,389.2,481.7,167.7,24.1,963
9/15/2019 9:17,datasets/dataset_cropped/09_Metas/15/09/20190915091700_00149.jpg,datasets_flow/dataset_cropped/09_Metas/15/09/20190915091700_00149.jpg,datasets_cloudmask/dataset_cropped/09_Metas/15/09/20190915091700_00149.png,389.6,478.6,168,24.2,962
9/15/2019 9:18,datasets/dataset_cropped/09_Metas/15/09/20190915091800_00149.jpg,datasets_flow/dataset_cropped/09_Metas/15/09/20190915091800_00149.jpg,datasets_cloudmask/dataset_cropped/09_Metas/15/09/20190915091800_00149.png,396.4,488.5,168.9,24.2,962
9/15/2019 9:19,datasets/dataset_cropped/09_Metas/15/09/20190915091900_00149.jpg,datasets_flow/dataset_cropped/09_Metas/15/09/20190915091900_00149.jpg,datasets_cloudmask/dataset_cropped/09_Metas/15/09/20190915091900_00149.png,397.1,486.6,169,24.3,962
9/15/2019 9:20,datasets/dataset_cropped/09_Metas/15/09/20190915092000_00149.jpg,datasets_flow/dataset_cropped/09_Metas/15/09/20190915092000_00149.jpg,datasets_cloudmask/dataset_cropped/09_Metas/15/09/20190915092000_00149.png,400,488.1,169.6,24.2,962
9/15/2019 9:21,datasets/dataset_cropped/09_Metas/15/09/20190915092100_00149.jpg,datasets_flow/dataset_cropped/09_Metas/15/09/20190915092100_00149.jpg,datasets_cloudmask/dataset_cropped/09_Metas/15/09/20190915092100_00149.png,406,496.1,170.3,24.2,962
9/15/2019 9:22,datasets/dataset_cropped/09_Metas/15/09/20190915092200_00149.jpg,datasets_flow/dataset_cropped/09_Metas/15/09/20190915092200_00149.jpg,datasets_cloudmask/dataset_cropped/09_Metas/15/09/20190915092200_00149.png,409.4,498.9,170.4,24.3,962
9/15/2019 9:23,datasets/dataset_cropped/09_Metas/15/09/20190915092300_00149.jpg,datasets_flow/dataset_cropped/09_Metas/15/09/20190915092300_00149.jpg,datasets_cloudmask/dataset_cropped/09_Metas/15/09/20190915092300_00149.png,413,502,170.9,24.4,963
9/15/2019 9:24,datasets/dataset_cropped/09_Metas/15/09/20190915092400_00149.jpg,datasets_flow/dataset_cropped/09_Metas/15/09/20190915092400_00149.jpg,datasets_cloudmask/dataset_cropped/09_Metas/15/09/20190915092400_00149.png,415.6,503.1,171.6,24.4,962
9/15/2019 9:25,datasets/dataset_cropped/09_Metas/15/09/20190915092500_00149.jpg,datasets_flow/dataset_cropped/09_Metas/15/09/20190915092500_00149.jpg,datasets_cloudmask/dataset_cropped/09_Metas/15/09/20190915092500_00149.png,418.8,505.2,172.1,24.4,962
9/15/2019 9:26,datasets/dataset_cropped/09_Metas/15/09/20190915092600_00149.jpg,datasets_flow/dataset_cropped/09_Metas/15/09/20190915092600_00149.jpg,datasets_cloudmask/dataset_cropped/09_Metas/15/09/20190915092600_00149.png,420.3,504,172.8,24.4,963
9/15/2019 9:27,datasets/dataset_cropped/09_Metas/15/09/20190915092700_00149.jpg,datasets_flow/dataset_cropped/09_Metas/15/09/20190915092700_00149.jpg,datasets_cloudmask/dataset_cropped/09_Metas/15/09/20190915092700_00149.png,424.2,507.5,173.3,24.5,962
9/15/2019 9:28,datasets/dataset_cropped/09_Metas/15/09/20190915092800_00149.jpg,datasets_flow/dataset_cropped/09_Metas/15/09/20190915092800_00149.jpg,datasets_cloudmask/dataset_cropped/09_Metas/15/09/20190915092800_00149.png,428.1,511,173.7,24.6,962
9/15/2019 9:29,datasets/dataset_cropped/09_Metas/15/09/20190915092900_00149.jpg,datasets_flow/dataset_cropped/09_Metas/15/09/20190915092900_00149.jpg,datasets_cloudmask/dataset_cropped/09_Metas/15/09/20190915092900_00149.png,431.1,512.8,174.2,24.5,963
9/15/2019 9:30,datasets/dataset_cropped/09_Metas/15/09/20190915093000_00149.jpg,datasets_flow/dataset_cropped/09_Metas/15/09/20190915093000_00149.jpg,datasets_cloudmask/dataset_cropped/09_Metas/15/09/20190915093000_00149.png,435.7,518,174.5,24.4,963
9/15/2019 9:31,datasets/dataset_cropped/09_Metas/15/09/20190915093100_00149.jpg,datasets_flow/dataset_cropped/09_Metas/15/09/20190915093100_00149.jpg,datasets_cloudmask/dataset_cropped/09_Metas/15/09/20190915093100_00149.png,439.5,520.9,175.3,24.4,962
9/15/2019 9:32,datasets/dataset_cropped/09_Metas/15/09/20190915093200_00149.jpg,datasets_flow/dataset_cropped/09_Metas/15/09/20190915093200_00149.jpg,datasets_cloudmask/dataset_cropped/09_Metas/15/09/20190915093200_00149.png,442.5,522.4,175.8,24.4,962
9/15/2019 9:33,datasets/dataset_cropped/09_Metas/15/09/20190915093300_00149.jpg,datasets_flow/dataset_cropped/09_Metas/15/09/20190915093300_00149.jpg,datasets_cloudmask/dataset_cropped/09_Metas/15/09/20190915093300_00149.png,446.3,525.5,176.1,24.5,962
9/15/2019 9:34,datasets/dataset_cropped/09_Metas/15/09/20190915093400_00149.jpg,datasets_flow/dataset_cropped/09_Metas/15/09/20190915093400_00149.jpg,datasets_cloudmask/dataset_cropped/09_Metas/15/09/20190915093400_00149.png,449.2,526.8,176.4,24.6,962
9/15/2019 9:35,datasets/dataset_cropped/09_Metas/15/09/20190915093500_00149.jpg,datasets_flow/dataset_cropped/09_Metas/15/09/20190915093500_00149.jpg,datasets_cloudmask/dataset_cropped/09_Metas/15/09/20190915093500_00149.png,452.9,529.7,176.9,24.5,963
9/15/2019 9:36,datasets/dataset_cropped/09_Metas/15/09/20190915093600_00149.jpg,datasets_flow/dataset_cropped/09_Metas/15/09/20190915093600_00149.jpg,datasets_cloudmask/dataset_cropped/09_Metas/15/09/20190915093600_00149.png,455.7,531.3,176.9,24.4,962
9/15/2019 9:37,datasets/dataset_cropped/09_Metas/15/09/20190915093700_00149.jpg,datasets_flow/dataset_cropped/09_Metas/15/09/20190915093700_00149.jpg,datasets_cloudmask/dataset_cropped/09_Metas/15/09/20190915093700_00149.png,458.3,532.2,177.2,24.5,962
9/15/2019 9:38,datasets/dataset_cropped/09_Metas/15/09/20190915093800_00149.jpg,datasets_flow/dataset_cropped/09_Metas/15/09/20190915093800_00149.jpg,datasets_cloudmask/dataset_cropped/09_Metas/15/09/20190915093800_00149.png,459.6,531.1,177.4,24.6,962
9/15/2019 9:39,datasets/dataset_cropped/09_Metas/15/09/20190915093900_00149.jpg,datasets_flow/dataset_cropped/09_Metas/15/09/20190915093900_00149.jpg,datasets_cloudmask/dataset_cropped/09_Metas/15/09/20190915093900_00149.png,463.2,533.9,177.8,24.6,962
9/15/2019 9:40,datasets/dataset_cropped/09_Metas/15/09/20190915094000_00149.jpg,datasets_flow/dataset_cropped/09_Metas/15/09/20190915094000_00149.jpg,datasets_cloudmask/dataset_cropped/09_Metas/15/09/20190915094000_00149.png,465.9,535.2,178.1,24.6,962
9/15/2019 9:41,datasets/dataset_cropped/09_Metas/15/09/20190915094100_00149.jpg,datasets_flow/dataset_cropped/09_Metas/15/09/20190915094100_00149.jpg,datasets_cloudmask/dataset_cropped/09_Metas/15/09/20190915094100_00149.png,469.5,537.8,178.7,24.7,962
9/15/2019 9:42,datasets/dataset_cropped/09_Metas/15/09/20190915094200_00149.jpg,datasets_flow/dataset_cropped/09_Metas/15/09/20190915094200_00149.jpg,datasets_cloudmask/dataset_cropped/09_Metas/15/09/20190915094200_00149.png,473.4,540.8,179.3,24.7,962
9/15/2019 9:43,datasets/dataset_cropped/09_Metas/15/09/20190915094300_00149.jpg,datasets_flow/dataset_cropped/09_Metas/15/09/20190915094300_00149.jpg,datasets_cloudmask/dataset_cropped/09_Metas/15/09/20190915094300_00149.png,477.5,544.3,179.8,24.8,963
9/15/2019 9:44,datasets/dataset_cropped/09_Metas/15/09/20190915094400_00149.jpg,datasets_flow/dataset_cropped/09_Metas/15/09/20190915094400_00149.jpg,datasets_cloudmask/dataset_cropped/09_Metas/15/09/20190915094400_00149.png,479.9,544.7,180.4,24.9,962
9/15/2019 9:45,datasets/dataset_cropped/09_Metas/15/09/20190915094500_00149.jpg,datasets_flow/dataset_cropped/09_Metas/15/09/20190915094500_00149.jpg,datasets_cloudmask/dataset_cropped/09_Metas/15/09/20190915094500_00149.png,482.5,545.8,180.7,24.8,962
9/15/2019 9:46,datasets/dataset_cropped/09_Metas/15/09/20190915094600_00149.jpg,datasets_flow/dataset_cropped/09_Metas/15/09/20190915094600_00149.jpg,datasets_cloudmask/dataset_cropped/09_Metas/15/09/20190915094600_00149.png,485.8,547.8,181.3,24.7,962
9/15/2019 9:47,datasets/dataset_cropped/09_Metas/15/09/20190915094700_00149.jpg,datasets_flow/dataset_cropped/09_Metas/15/09/20190915094700_00149.jpg,datasets_cloudmask/dataset_cropped/09_Metas/15/09/20190915094700_00149.png,490,551.5,181.7,24.7,962
9/15/2019 9:48,datasets/dataset_cropped/09_Metas/15/09/20190915094800_00149.jpg,datasets_flow/dataset_cropped/09_Metas/15/09/20190915094800_00149.jpg,datasets_cloudmask/dataset_cropped/09_Metas/15/09/20190915094800_00149.png,492.9,553.3,181.9,24.8,962
9/15/2019 9:49,datasets/dataset_cropped/09_Metas/15/09/20190915094900_00149.jpg,datasets_flow/dataset_cropped/09_Metas/15/09/20190915094900_00149.jpg,datasets_cloudmask/dataset_cropped/09_Metas/15/09/20190915094900_00149.png,496,555,182.2,24.9,962
9/15/2019 9:50,datasets/dataset_cropped/09_Metas/15/09/20190915095000_00149.jpg,datasets_flow/dataset_cropped/09_Metas/15/09/20190915095000_00149.jpg,datasets_cloudmask/dataset_cropped/09_Metas/15/09/20190915095000_00149.png,500.3,559,182.8,24.8,962
9/15/2019 9:51,datasets/dataset_cropped/09_Metas/15/09/20190915095100_00149.jpg,datasets_flow/dataset_cropped/09_Metas/15/09/20190915095100_00149.jpg,datasets_cloudmask/dataset_cropped/09_Metas/15/09/20190915095100_00149.png,503.4,561.4,183.2,24.9,962
9/15/2019 9:52,datasets/dataset_cropped/09_Metas/15/09/20190915095200_00149.jpg,datasets_flow/dataset_cropped/09_Metas/15/09/20190915095200_00149.jpg,datasets_cloudmask/dataset_cropped/09_Metas/15/09/20190915095200_00149.png,507.7,565.6,183.3,24.9,962
9/15/2019 9:53,datasets/dataset_cropped/09_Metas/15/09/20190915095300_00149.jpg,datasets_flow/dataset_cropped/09_Metas/15/09/20190915095300_00149.jpg,datasets_cloudmask/dataset_cropped/09_Metas/15/09/20190915095300_00149.png,511.3,568.7,183.4,25,962
9/15/2019 9:54,datasets/dataset_cropped/09_Metas/15/09/20190915095400_00149.jpg,datasets_flow/dataset_cropped/09_Metas/15/09/20190915095400_00149.jpg,datasets_cloudmask/dataset_cropped/09_Metas/15/09/20190915095400_00149.png,513.1,568.5,183.6,25.1,962
9/15/2019 9:55,datasets/dataset_cropped/09_Metas/15/09/20190915095500_00149.jpg,datasets_flow/dataset_cropped/09_Metas/15/09/20190915095500_00149.jpg,datasets_cloudmask/dataset_cropped/09_Metas/15/09/20190915095500_00149.png,515.4,569.1,184.1,25.3,962
9/15/2019 9:56,datasets/dataset_cropped/09_Metas/15/09/20190915095600_00149.jpg,datasets_flow/dataset_cropped/09_Metas/15/09/20190915095600_00149.jpg,datasets_cloudmask/dataset_cropped/09_Metas/15/09/20190915095600_00149.png,517.7,569.7,184.5,25.3,962
9/15/2019 9:57,datasets/dataset_cropped/09_Metas/15/09/20190915095700_00149.jpg,datasets_flow/dataset_cropped/09_Metas/15/09/20190915095700_00149.jpg,datasets_cloudmask/dataset_cropped/09_Metas/15/09/20190915095700_00149.png,521.3,572.2,184.9,25.3,962
9/15/2019 9:58,datasets/dataset_cropped/09_Metas/15/09/20190915095800_00149.jpg,datasets_flow/dataset_cropped/09_Metas/15/09/20190915095800_00149.jpg,datasets_cloudmask/dataset_cropped/09_Metas/15/09/20190915095800_00149.png,524.5,574.5,185.4,25.2,962
9/15/2019 9:59,datasets/dataset_cropped/09_Metas/15/09/20190915095900_00149.jpg,datasets_flow/dataset_cropped/09_Metas/15/09/20190915095900_00149.jpg,datasets_cloudmask/dataset_cropped/09_Metas/15/09/20190915095900_00149.png,528,576.9,185.9,25.2,962
9/15/2019 10:00,datasets/dataset_cropped/09_Metas/15/10/20190915100000_00149.jpg,datasets_flow/dataset_cropped/09_Metas/15/10/20190915100000_00149.jpg,datasets_cloudmask/dataset_cropped/09_Metas/15/10/20190915100000_00149.png,530.2,577.7,186.2,25.3,962
9/15/2019 10:01,datasets/dataset_cropped/09_Metas/15/10/20190915100100_00149.jpg,datasets_flow/dataset_cropped/09_Metas/15/10/20190915100100_00149.jpg,datasets_cloudmask/dataset_cropped/09_Metas/15/10/20190915100100_00149.png,532.9,579.3,186.5,25.4,962
9/15/2019 10:02,datasets/dataset_cropped/09_Metas/15/10/20190915100200_00149.jpg,datasets_flow/dataset_cropped/09_Metas/15/10/20190915100200_00149.jpg,datasets_cloudmask/dataset_cropped/09_Metas/15/10/20190915100200_00149.png,535.6,580.8,186.6,25.5,962
9/15/2019 10:03,datasets/dataset_cropped/09_Metas/15/10/20190915100300_00149.jpg,datasets_flow/dataset_cropped/09_Metas/15/10/20190915100300_00149.jpg,datasets_cloudmask/dataset_cropped/09_Metas/15/10/20190915100300_00149.png,539.9,584.9,186.7,25.6,962
9/15/2019 10:04,datasets/dataset_cropped/09_Metas/15/10/20190915100400_00149.jpg,datasets_flow/dataset_cropped/09_Metas/15/10/20190915100400_00149.jpg,datasets_cloudmask/dataset_cropped/09_Metas/15/10/20190915100400_00149.png,543,587.3,186.9,25.7,962
9/15/2019 10:05,datasets/dataset_cropped/09_Metas/15/10/20190915100500_00149.jpg,datasets_flow/dataset_cropped/09_Metas/15/10/20190915100500_00149.jpg,datasets_cloudmask/dataset_cropped/09_Metas/15/10/20190915100500_00149.png,546.6,590.7,187.1,25.8,962
9/15/2019 10:06,datasets/dataset_cropped/09_Metas/15/10/20190915100600_00149.jpg,datasets_flow/dataset_cropped/09_Metas/15/10/20190915100600_00149.jpg,datasets_cloudmask/dataset_cropped/09_Metas/15/10/20190915100600_00149.png,549.3,592.5,187.3,25.7,962
9/15/2019 10:07,datasets/dataset_cropped/09_Metas/15/10/20190915100700_00149.jpg,datasets_flow/dataset_cropped/09_Metas/15/10/20190915100700_00149.jpg,datasets_cloudmask/dataset_cropped/09_Metas/15/10/20190915100700_00149.png,552.5,595.1,187.4,25.7,962
9/15/2019 10:08,datasets/dataset_cropped/09_Metas/15/10/20190915100800_00149.jpg,datasets_flow/dataset_cropped/09_Metas/15/10/20190915100800_00149.jpg,datasets_cloudmask/dataset_cropped/09_Metas/15/10/20190915100800_00149.png,553.9,594.8,187.6,25.7,962
9/15/2019 10:09,datasets/dataset_cropped/09_Metas/15/10/20190915100900_00149.jpg,datasets_flow/dataset_cropped/09_Metas/15/10/20190915100900_00149.jpg,datasets_cloudmask/dataset_cropped/09_Metas/15/10/20190915100900_00149.png,555.5,594.4,188,25.6,962
9/15/2019 10:10,datasets/dataset_cropped/09_Metas/15/10/20190915101000_00149.jpg,datasets_flow/dataset_cropped/09_Metas/15/10/20190915101000_00149.jpg,datasets_cloudmask/dataset_cropped/09_Metas/15/10/20190915101000_00149.png,559.2,597.2,188.6,25.7,962
9/15/2019 10:11,datasets/dataset_cropped/09_Metas/15/10/20190915101100_00149.jpg,datasets_flow/dataset_cropped/09_Metas/15/10/20190915101100_00149.jpg,datasets_cloudmask/dataset_cropped/09_Metas/15/10/20190915101100_00149.png,563.6,601,189.1,25.8,962
9/15/2019 10:12,datasets/dataset_cropped/09_Metas/15/10/20190915101200_00149.jpg,datasets_flow/dataset_cropped/09_Metas/15/10/20190915101200_00149.jpg,datasets_cloudmask/dataset_cropped/09_Metas/15/10/20190915101200_00149.png,567,604,189.4,25.6,962
9/15/2019 10:13,datasets/dataset_cropped/09_Metas/15/10/20190915101300_00149.jpg,datasets_flow/dataset_cropped/09_Metas/15/10/20190915101300_00149.jpg,datasets_cloudmask/dataset_cropped/09_Metas/15/10/20190915101300_00149.png,568.6,604,189.3,25.5,962
9/15/2019 10:14,datasets/dataset_cropped/09_Metas/15/10/20190915101400_00149.jpg,datasets_flow/dataset_cropped/09_Metas/15/10/20190915101400_00149.jpg,datasets_cloudmask/dataset_cropped/09_Metas/15/10/20190915101400_00149.png,567.8,600.1,189.3,25.6,962
9/15/2019 10:15,datasets/dataset_cropped/09_Metas/15/10/20190915101500_00149.jpg,datasets_flow/dataset_cropped/09_Metas/15/10/20190915101500_00149.jpg,datasets_cloudmask/dataset_cropped/09_Metas/15/10/20190915101500_00149.png,569.1,599.1,189.6,25.6,962
9/15/2019 10:16,datasets/dataset_cropped/09_Metas/15/10/20190915101600_00149.jpg,datasets_flow/dataset_cropped/09_Metas/15/10/20190915101600_00149.jpg,datasets_cloudmask/dataset_cropped/09_Metas/15/10/20190915101600_00149.png,573.9,603.9,190.3,25.5,962
9/15/2019 10:17,datasets/dataset_cropped/09_Metas/15/10/20190915101700_00149.jpg,datasets_flow/dataset_cropped/09_Metas/15/10/20190915101700_00149.jpg,datasets_cloudmask/dataset_cropped/09_Metas/15/10/20190915101700_00149.png,577.7,607.2,190.5,25.6,962
9/15/2019 10:18,datasets/dataset_cropped/09_Metas/15/10/20190915101800_00149.jpg,datasets_flow/dataset_cropped/09_Metas/15/10/20190915101800_00149.jpg,datasets_cloudmask/dataset_cropped/09_Metas/15/10/20190915101800_00149.png,579.5,607.5,190.8,25.8,962
9/15/2019 10:19,datasets/dataset_cropped/09_Metas/15/10/20190915101900_00149.jpg,datasets_flow/dataset_cropped/09_Metas/15/10/20190915101900_00149.jpg,datasets_cloudmask/dataset_cropped/09_Metas/15/10/20190915101900_00149.png,583,610.8,191,25.9,962
9/15/2019 10:20,datasets/dataset_cropped/09_Metas/15/10/20190915102000_00149.jpg,datasets_flow/dataset_cropped/09_Metas/15/10/20190915102000_00149.jpg,datasets_cloudmask/dataset_cropped/09_Metas/15/10/20190915102000_00149.png,586.6,614,191.3,25.9,962
9/15/2019 10:21,datasets/dataset_cropped/09_Metas/15/10/20190915102100_00149.jpg,datasets_flow/dataset_cropped/09_Metas/15/10/20190915102100_00149.jpg,datasets_cloudmask/dataset_cropped/09_Metas/15/10/20190915102100_00149.png,588.1,613.7,191.5,25.8,963
9/15/2019 10:22,datasets/dataset_cropped/09_Metas/15/10/20190915102200_00149.jpg,datasets_flow/dataset_cropped/09_Metas/15/10/20190915102200_00149.jpg,datasets_cloudmask/dataset_cropped/09_Metas/15/10/20190915102200_00149.png,589.1,612.2,192.2,25.9,962
9/15/2019 10:23,datasets/dataset_cropped/09_Metas/15/10/20190915102300_00149.jpg,datasets_flow/dataset_cropped/09_Metas/15/10/20190915102300_00149.jpg,datasets_cloudmask/dataset_cropped/09_Metas/15/10/20190915102300_00149.png,593,615.8,192.8,26.1,962
9/15/2019 10:24,datasets/dataset_cropped/09_Metas/15/10/20190915102400_00149.jpg,datasets_flow/dataset_cropped/09_Metas/15/10/20190915102400_00149.jpg,datasets_cloudmask/dataset_cropped/09_Metas/15/10/20190915102400_00149.png,594.8,616.2,192.8,26,962
9/15/2019 10:25,datasets/dataset_cropped/09_Metas/15/10/20190915102500_00149.jpg,datasets_flow/dataset_cropped/09_Metas/15/10/20190915102500_00149.jpg,datasets_cloudmask/dataset_cropped/09_Metas/15/10/20190915102500_00149.png,597.6,618,192.9,26,962
9/15/2019 10:26,datasets/dataset_cropped/09_Metas/15/10/20190915102600_00149.jpg,datasets_flow/dataset_cropped/09_Metas/15/10/20190915102600_00149.jpg,datasets_cloudmask/dataset_cropped/09_Metas/15/10/20190915102600_00149.png,599.7,618.9,193.1,26.1,962
9/15/2019 10:27,datasets/dataset_cropped/09_Metas/15/10/20190915102700_00149.jpg,datasets_flow/dataset_cropped/09_Metas/15/10/20190915102700_00149.jpg,datasets_cloudmask/dataset_cropped/09_Metas/15/10/20190915102700_00149.png,602.8,621.1,193.1,25.9,962
9/15/2019 10:28,datasets/dataset_cropped/09_Metas/15/10/20190915102800_00149.jpg,datasets_flow/dataset_cropped/09_Metas/15/10/20190915102800_00149.jpg,datasets_cloudmask/dataset_cropped/09_Metas/15/10/20190915102800_00149.png,606,623.3,193.5,25.9,962
9/15/2019 10:29,datasets/dataset_cropped/09_Metas/15/10/20190915102900_00149.jpg,datasets_flow/dataset_cropped/09_Metas/15/10/20190915102900_00149.jpg,datasets_cloudmask/dataset_cropped/09_Metas/15/10/20190915102900_00149.png,608,624,193.8,26,962
9/15/2019 10:30,datasets/dataset_cropped/09_Metas/15/10/20190915103000_00149.jpg,datasets_flow/dataset_cropped/09_Metas/15/10/20190915103000_00149.jpg,datasets_cloudmask/dataset_cropped/09_Metas/15/10/20190915103000_00149.png,610.4,625.4,193.9,26.1,962
9/15/2019 10:31,datasets/dataset_cropped/09_Metas/15/10/20190915103100_00149.jpg,datasets_flow/dataset_cropped/09_Metas/15/10/20190915103100_00149.jpg,datasets_cloudmask/dataset_cropped/09_Metas/15/10/20190915103100_00149.png,613.3,627.4,194.1,25.9,962
9/15/2019 10:32,datasets/dataset_cropped/09_Metas/15/10/20190915103200_00149.jpg,datasets_flow/dataset_cropped/09_Metas/15/10/20190915103200_00149.jpg,datasets_cloudmask/dataset_cropped/09_Metas/15/10/20190915103200_00149.png,615.8,629,194.2,25.9,962
9/15/2019 10:33,datasets/dataset_cropped/09_Metas/15/10/20190915103300_00149.jpg,datasets_flow/dataset_cropped/09_Metas/15/10/20190915103300_00149.jpg,datasets_cloudmask/dataset_cropped/09_Metas/15/10/20190915103300_00149.png,617.9,629.9,194.2,25.8,962
9/15/2019 10:34,datasets/dataset_cropped/09_Metas/15/10/20190915103400_00149.jpg,datasets_flow/dataset_cropped/09_Metas/15/10/20190915103400_00149.jpg,datasets_cloudmask/dataset_cropped/09_Metas/15/10/20190915103400_00149.png,621.2,632.4,194.5,25.9,962
9/15/2019 10:35,datasets/dataset_cropped/09_Metas/15/10/20190915103500_00149.jpg,datasets_flow/dataset_cropped/09_Metas/15/10/20190915103500_00149.jpg,datasets_cloudmask/dataset_cropped/09_Metas/15/10/20190915103500_00149.png,624.1,634.5,194.5,26,962
9/15/2019 10:36,datasets/dataset_cropped/09_Metas/15/10/20190915103600_00149.jpg,datasets_flow/dataset_cropped/09_Metas/15/10/20190915103600_00149.jpg,datasets_cloudmask/dataset_cropped/09_Metas/15/10/20190915103600_00149.png,626,634.9,194.5,25.9,962
9/15/2019 10:37,datasets/dataset_cropped/09_Metas/15/10/20190915103700_00149.jpg,datasets_flow/dataset_cropped/09_Metas/15/10/20190915103700_00149.jpg,datasets_cloudmask/dataset_cropped/09_Metas/15/10/20190915103700_00149.png,627.9,635.3,194.6,26,962
9/15/2019 10:38,datasets/dataset_cropped/09_Metas/15/10/20190915103800_00149.jpg,datasets_flow/dataset_cropped/09_Metas/15/10/20190915103800_00149.jpg,datasets_cloudmask/dataset_cropped/09_Metas/15/10/20190915103800_00149.png,630.4,636.8,194.9,26.1,962
9/15/2019 10:39,datasets/dataset_cropped/09_Metas/15/10/20190915103900_00149.jpg,datasets_flow/dataset_cropped/09_Metas/15/10/20190915103900_00149.jpg,datasets_cloudmask/dataset_cropped/09_Metas/15/10/20190915103900_00149.png,633,638.4,195.3,26.1,962
9/15/2019 10:40,datasets/dataset_cropped/09_Metas/15/10/20190915104000_00149.jpg,datasets_flow/dataset_cropped/09_Metas/15/10/20190915104000_00149.jpg,datasets_cloudmask/dataset_cropped/09_Metas/15/10/20190915104000_00149.png,635.4,640,195.4,26.1,962
9/15/2019 10:41,datasets/dataset_cropped/09_Metas/15/10/20190915104100_00149.jpg,datasets_flow/dataset_cropped/09_Metas/15/10/20190915104100_00149.jpg,datasets_cloudmask/dataset_cropped/09_Metas/15/10/20190915104100_00149.png,637.8,641.3,195.5,26.1,962
9/15/2019 10:42,datasets/dataset_cropped/09_Metas/15/10/20190915104200_00149.jpg,datasets_flow/dataset_cropped/09_Metas/15/10/20190915104200_00149.jpg,datasets_cloudmask/dataset_cropped/09_Metas/15/10/20190915104200_00149.png,640.1,642.4,195.6,26.1,962
9/15/2019 10:43,datasets/dataset_cropped/09_Metas/15/10/20190915104300_00149.jpg,datasets_flow/dataset_cropped/09_Metas/15/10/20190915104300_00149.jpg,datasets_cloudmask/dataset_cropped/09_Metas/15/10/20190915104300_00149.png,642.2,643.2,195.8,26.3,962
9/15/2019 10:44,datasets/dataset_cropped/09_Metas/15/10/20190915104400_00149.jpg,datasets_flow/dataset_cropped/09_Metas/15/10/20190915104400_00149.jpg,datasets_cloudmask/dataset_cropped/09_Metas/15/10/20190915104400_00149.png,644.9,645.3,195.7,26.5,962
9/15/2019 10:45,datasets/dataset_cropped/09_Metas/15/10/20190915104500_00149.jpg,datasets_flow/dataset_cropped/09_Metas/15/10/20190915104500_00149.jpg,datasets_cloudmask/dataset_cropped/09_Metas/15/10/20190915104500_00149.png,648.2,647.8,195.9,26.4,962
9/15/2019 10:46,datasets/dataset_cropped/09_Metas/15/10/20190915104600_00149.jpg,datasets_flow/dataset_cropped/09_Metas/15/10/20190915104600_00149.jpg,datasets_cloudmask/dataset_cropped/09_Metas/15/10/20190915104600_00149.png,650.4,649.2,195.7,26.4,962
9/15/2019 10:47,datasets/dataset_cropped/09_Metas/15/10/20190915104700_00149.jpg,datasets_flow/dataset_cropped/09_Metas/15/10/20190915104700_00149.jpg,datasets_cloudmask/dataset_cropped/09_Metas/15/10/20190915104700_00149.png,652.7,650.2,195.8,26.4,962
9/15/2019 10:48,datasets/dataset_cropped/09_Metas/15/10/20190915104800_00149.jpg,datasets_flow/dataset_cropped/09_Metas/15/10/20190915104800_00149.jpg,datasets_cloudmask/dataset_cropped/09_Metas/15/10/20190915104800_00149.png,655.5,651.8,196,26.3,962
9/15/2019 10:49,datasets/dataset_cropped/09_Metas/15/10/20190915104900_00149.jpg,datasets_flow/dataset_cropped/09_Metas/15/10/20190915104900_00149.jpg,datasets_cloudmask/dataset_cropped/09_Metas/15/10/20190915104900_00149.png,658.1,653.3,196.2,26.3,962
9/15/2019 10:50,datasets/dataset_cropped/09_Metas/15/10/20190915105000_00149.jpg,datasets_flow/dataset_cropped/09_Metas/15/10/20190915105000_00149.jpg,datasets_cloudmask/dataset_cropped/09_Metas/15/10/20190915105000_00149.png,658.9,651.9,196.7,26.4,962
9/15/2019 10:51,datasets/dataset_cropped/09_Metas/15/10/20190915105100_00149.jpg,datasets_flow/dataset_cropped/09_Metas/15/10/20190915105100_00149.jpg,datasets_cloudmask/dataset_cropped/09_Metas/15/10/20190915105100_00149.png,661.1,652.5,197.4,26.4,962
9/15/2019 10:52,datasets/dataset_cropped/09_Metas/15/10/20190915105200_00149.jpg,datasets_flow/dataset_cropped/09_Metas/15/10/20190915105200_00149.jpg,datasets_cloudmask/dataset_cropped/09_Metas/15/10/20190915105200_00149.png,664.3,655.2,197.7,26.5,962
9/15/2019 10:53,datasets/dataset_cropped/09_Metas/15/10/20190915105300_00149.jpg,datasets_flow/dataset_cropped/09_Metas/15/10/20190915105300_00149.jpg,datasets_cloudmask/dataset_cropped/09_Metas/15/10/20190915105300_00149.png,666.5,656.3,197.9,26.5,962
9/15/2019 10:54,datasets/dataset_cropped/09_Metas/15/10/20190915105400_00149.jpg,datasets_flow/dataset_cropped/09_Metas/15/10/20190915105400_00149.jpg,datasets_cloudmask/dataset_cropped/09_Metas/15/10/20190915105400_00149.png,669.4,658.6,197.9,26.4,962
9/15/2019 10:55,datasets/dataset_cropped/09_Metas/15/10/20190915105500_00149.jpg,datasets_flow/dataset_cropped/09_Metas/15/10/20190915105500_00149.jpg,datasets_cloudmask/dataset_cropped/09_Metas/15/10/20190915105500_00149.png,672.3,660.8,197.9,26.5,962
9/15/2019 10:56,datasets/dataset_cropped/09_Metas/15/10/20190915105600_00149.jpg,datasets_flow/dataset_cropped/09_Metas/15/10/20190915105600_00149.jpg,datasets_cloudmask/dataset_cropped/09_Metas/15/10/20190915105600_00149.png,673.2,660.3,197.5,26.7,962
9/15/2019 10:57,datasets/dataset_cropped/09_Metas/15/10/20190915105700_00149.jpg,datasets_flow/dataset_cropped/09_Metas/15/10/20190915105700_00149.jpg,datasets_cloudmask/dataset_cropped/09_Metas/15/10/20190915105700_00149.png,675.2,661,197.6,26.6,962
9/15/2019 10:58,datasets/dataset_cropped/09_Metas/15/10/20190915105800_00149.jpg,datasets_flow/dataset_cropped/09_Metas/15/10/20190915105800_00149.jpg,datasets_cloudmask/dataset_cropped/09_Metas/15/10/20190915105800_00149.png,677.3,661.7,197.6,26.7,962
9/15/2019 10:59,datasets/dataset_cropped/09_Metas/15/10/20190915105900_00149.jpg,datasets_flow/dataset_cropped/09_Metas/15/10/20190915105900_00149.jpg,datasets_cloudmask/dataset_cropped/09_Metas/15/10/20190915105900_00149.png,680,663.4,197.8,26.6,962
9/15/2019 11:00,datasets/dataset_cropped/09_Metas/15/11/20190915110000_00149.jpg,datasets_flow/dataset_cropped/09_Metas/15/11/20190915110000_00149.jpg,datasets_cloudmask/dataset_cropped/09_Metas/15/11/20190915110000_00149.png,682.1,664.8,197.7,26.5,962
9/15/2019 11:01,datasets/dataset_cropped/09_Metas/15/11/20190915110100_00149.jpg,datasets_flow/dataset_cropped/09_Metas/15/11/20190915110100_00149.jpg,datasets_cloudmask/dataset_cropped/09_Metas/15/11/20190915110100_00149.png,685.6,667.7,197.6,26.5,962
9/15/2019 11:02,datasets/dataset_cropped/09_Metas/15/11/20190915110200_00149.jpg,datasets_flow/dataset_cropped/09_Metas/15/11/20190915110200_00149.jpg,datasets_cloudmask/dataset_cropped/09_Metas/15/11/20190915110200_00149.png,688,669.7,197.6,26.5,962
9/15/2019 11:03,datasets/dataset_cropped/09_Metas/15/11/20190915110300_00149.jpg,datasets_flow/dataset_cropped/09_Metas/15/11/20190915110300_00149.jpg,datasets_cloudmask/dataset_cropped/09_Metas/15/11/20190915110300_00149.png,689.9,670.6,197.4,26.5,962
9/15/2019 11:04,datasets/dataset_cropped/09_Metas/15/11/20190915110400_00149.jpg,datasets_flow/dataset_cropped/09_Metas/15/11/20190915110400_00149.jpg,datasets_cloudmask/dataset_cropped/09_Metas/15/11/20190915110400_00149.png,691.7,671.1,197.4,26.6,962
9/15/2019 11:05,datasets/dataset_cropped/09_Metas/15/11/20190915110500_00149.jpg,datasets_flow/dataset_cropped/09_Metas/15/11/20190915110500_00149.jpg,datasets_cloudmask/dataset_cropped/09_Metas/15/11/20190915110500_00149.png,692.8,670.7,197.6,26.5,962
9/15/2019 11:06,datasets/dataset_cropped/09_Metas/15/11/20190915110600_00149.jpg,datasets_flow/dataset_cropped/09_Metas/15/11/20190915110600_00149.jpg,datasets_cloudmask/dataset_cropped/09_Metas/15/11/20190915110600_00149.png,695.8,673.2,197.4,26.4,962
9/15/2019 11:07,datasets/dataset_cropped/09_Metas/15/11/20190915110700_00149.jpg,datasets_flow/dataset_cropped/09_Metas/15/11/20190915110700_00149.jpg,datasets_cloudmask/dataset_cropped/09_Metas/15/11/20190915110700_00149.png,698.8,675.3,197.5,26.5,962
9/15/2019 11:08,datasets/dataset_cropped/09_Metas/15/11/20190915110800_00149.jpg,datasets_flow/dataset_cropped/09_Metas/15/11/20190915110800_00149.jpg,datasets_cloudmask/dataset_cropped/09_Metas/15/11/20190915110800_00149.png,700.3,675.6,198,26.5,962
9/15/2019 11:09,datasets/dataset_cropped/09_Metas/15/11/20190915110900_00149.jpg,datasets_flow/dataset_cropped/09_Metas/15/11/20190915110900_00149.jpg,datasets_cloudmask/dataset_cropped/09_Metas/15/11/20190915110900_00149.png,703.1,678.1,197.8,26.5,962
9/15/2019 11:10,datasets/dataset_cropped/09_Metas/15/11/20190915111000_00149.jpg,datasets_flow/dataset_cropped/09_Metas/15/11/20190915111000_00149.jpg,datasets_cloudmask/dataset_cropped/09_Metas/15/11/20190915111000_00149.png,703.6,677.2,197.6,26.5,962
9/15/2019 11:11,datasets/dataset_cropped/09_Metas/15/11/20190915111100_00149.jpg,datasets_flow/dataset_cropped/09_Metas/15/11/20190915111100_00149.jpg,datasets_cloudmask/dataset_cropped/09_Metas/15/11/20190915111100_00149.png,706.5,679.1,197.5,26.7,962
9/15/2019 11:12,datasets/dataset_cropped/09_Metas/15/11/20190915111200_00149.jpg,datasets_flow/dataset_cropped/09_Metas/15/11/20190915111200_00149.jpg,datasets_cloudmask/dataset_cropped/09_Metas/15/11/20190915111200_00149.png,707.9,679.8,197.3,26.8,962
9/15/2019 11:13,datasets/dataset_cropped/09_Metas/15/11/20190915111300_00149.jpg,datasets_flow/dataset_cropped/09_Metas/15/11/20190915111300_00149.jpg,datasets_cloudmask/dataset_cropped/09_Metas/15/11/20190915111300_00149.png,709.8,680.9,197,26.6,962
9/15/2019 11:14,datasets/dataset_cropped/09_Metas/15/11/20190915111400_00149.jpg,datasets_flow/dataset_cropped/09_Metas/15/11/20190915111400_00149.jpg,datasets_cloudmask/dataset_cropped/09_Metas/15/11/20190915111400_00149.png,712.3,682.5,197.1,26.6,962
9/15/2019 11:15,datasets/dataset_cropped/09_Metas/15/11/20190915111500_00149.jpg,datasets_flow/dataset_cropped/09_Metas/15/11/20190915111500_00149.jpg,datasets_cloudmask/dataset_cropped/09_Metas/15/11/20190915111500_00149.png,714.2,683.3,197,26.6,962
9/15/2019 11:16,datasets/dataset_cropped/09_Metas/15/11/20190915111600_00149.jpg,datasets_flow/dataset_cropped/09_Metas/15/11/20190915111600_00149.jpg,datasets_cloudmask/dataset_cropped/09_Metas/15/11/20190915111600_00149.png,717,685.6,196.9,26.5,962
9/15/2019 11:17,datasets/dataset_cropped/09_Metas/15/11/20190915111700_00149.jpg,datasets_flow/dataset_cropped/09_Metas/15/11/20190915111700_00149.jpg,datasets_cloudmask/dataset_cropped/09_Metas/15/11/20190915111700_00149.png,720,687.7,197.4,26.4,962
9/15/2019 11:18,datasets/dataset_cropped/09_Metas/15/11/20190915111800_00149.jpg,datasets_flow/dataset_cropped/09_Metas/15/11/20190915111800_00149.jpg,datasets_cloudmask/dataset_cropped/09_Metas/15/11/20190915111800_00149.png,720.3,686,197.7,26.4,962
9/15/2019 11:19,datasets/dataset_cropped/09_Metas/15/11/20190915111900_00149.jpg,datasets_flow/dataset_cropped/09_Metas/15/11/20190915111900_00149.jpg,datasets_cloudmask/dataset_cropped/09_Metas/15/11/20190915111900_00149.png,722.4,686.2,198.2,26.5,962
9/15/2019 11:20,datasets/dataset_cropped/09_Metas/15/11/20190915112000_00149.jpg,datasets_flow/dataset_cropped/09_Metas/15/11/20190915112000_00149.jpg,datasets_cloudmask/dataset_cropped/09_Metas/15/11/20190915112000_00149.png,725.3,688.4,198.3,26.5,962
9/15/2019 11:21,datasets/dataset_cropped/09_Metas/15/11/20190915112100_00149.jpg,datasets_flow/dataset_cropped/09_Metas/15/11/20190915112100_00149.jpg,datasets_cloudmask/dataset_cropped/09_Metas/15/11/20190915112100_00149.png,727.8,690.4,198.5,26.8,962
9/15/2019 11:22,datasets/dataset_cropped/09_Metas/15/11/20190915112200_00149.jpg,datasets_flow/dataset_cropped/09_Metas/15/11/20190915112200_00149.jpg,datasets_cloudmask/dataset_cropped/09_Metas/15/11/20190915112200_00149.png,728.5,689.9,198.8,27,962
9/15/2019 11:23,datasets/dataset_cropped/09_Metas/15/11/20190915112300_00149.jpg,datasets_flow/dataset_cropped/09_Metas/15/11/20190915112300_00149.jpg,datasets_cloudmask/dataset_cropped/09_Metas/15/11/20190915112300_00149.png,730.5,690.7,199.2,26.9,962
9/15/2019 11:24,datasets/dataset_cropped/09_Metas/15/11/20190915112400_00149.jpg,datasets_flow/dataset_cropped/09_Metas/15/11/20190915112400_00149.jpg,datasets_cloudmask/dataset_cropped/09_Metas/15/11/20190915112400_00149.png,732.2,690.7,199.4,26.9,962
9/15/2019 11:25,datasets/dataset_cropped/09_Metas/15/11/20190915112500_00149.jpg,datasets_flow/dataset_cropped/09_Metas/15/11/20190915112500_00149.jpg,datasets_cloudmask/dataset_cropped/09_Metas/15/11/20190915112500_00149.png,729.6,685,199.9,26.9,962
9/15/2019 11:26,datasets/dataset_cropped/09_Metas/15/11/20190915112600_00149.jpg,datasets_flow/dataset_cropped/09_Metas/15/11/20190915112600_00149.jpg,datasets_cloudmask/dataset_cropped/09_Metas/15/11/20190915112600_00149.png,733.5,688,200.2,26.8,962
9/15/2019 11:27,datasets/dataset_cropped/09_Metas/15/11/20190915112700_00149.jpg,datasets_flow/dataset_cropped/09_Metas/15/11/20190915112700_00149.jpg,datasets_cloudmask/dataset_cropped/09_Metas/15/11/20190915112700_00149.png,735.9,689.2,200.4,26.7,962
9/15/2019 11:28,datasets/dataset_cropped/09_Metas/15/11/20190915112800_00149.jpg,datasets_flow/dataset_cropped/09_Metas/15/11/20190915112800_00149.jpg,datasets_cloudmask/dataset_cropped/09_Metas/15/11/20190915112800_00149.png,736.9,688.5,201,26.7,962
9/15/2019 11:29,datasets/dataset_cropped/09_Metas/15/11/20190915112900_00149.jpg,datasets_flow/dataset_cropped/09_Metas/15/11/20190915112900_00149.jpg,datasets_cloudmask/dataset_cropped/09_Metas/15/11/20190915112900_00149.png,738.2,688.9,201.3,26.7,962
9/15/2019 11:30,datasets/dataset_cropped/09_Metas/15/11/20190915113000_00149.jpg,datasets_flow/dataset_cropped/09_Metas/15/11/20190915113000_00149.jpg,datasets_cloudmask/dataset_cropped/09_Metas/15/11/20190915113000_00149.png,742.4,693.4,201.2,26.8,962
9/15/2019 11:31,datasets/dataset_cropped/09_Metas/15/11/20190915113100_00149.jpg,datasets_flow/dataset_cropped/09_Metas/15/11/20190915113100_00149.jpg,datasets_cloudmask/dataset_cropped/09_Metas/15/11/20190915113100_00149.png,744.3,695,201.1,26.8,962
9/15/2019 11:32,datasets/dataset_cropped/09_Metas/15/11/20190915113200_00149.jpg,datasets_flow/dataset_cropped/09_Metas/15/11/20190915113200_00149.jpg,datasets_cloudmask/dataset_cropped/09_Metas/15/11/20190915113200_00149.png,745.6,695.5,201,26.9,962
9/15/2019 11:33,datasets/dataset_cropped/09_Metas/15/11/20190915113300_00149.jpg,datasets_flow/dataset_cropped/09_Metas/15/11/20190915113300_00149.jpg,datasets_cloudmask/dataset_cropped/09_Metas/15/11/20190915113300_00149.png,745.3,693.3,201.2,26.9,962
9/15/2019 11:34,datasets/dataset_cropped/09_Metas/15/11/20190915113400_00149.jpg,datasets_flow/dataset_cropped/09_Metas/15/11/20190915113400_00149.jpg,datasets_cloudmask/dataset_cropped/09_Metas/15/11/20190915113400_00149.png,748.2,695.2,202.1,26.9,962
9/15/2019 11:35,datasets/dataset_cropped/09_Metas/15/11/20190915113500_00149.jpg,datasets_flow/dataset_cropped/09_Metas/15/11/20190915113500_00149.jpg,datasets_cloudmask/dataset_cropped/09_Metas/15/11/20190915113500_00149.png,748.8,694.9,202.3,27.1,962
9/15/2019 11:36,datasets/dataset_cropped/09_Metas/15/11/20190915113600_00149.jpg,datasets_flow/dataset_cropped/09_Metas/15/11/20190915113600_00149.jpg,datasets_cloudmask/dataset_cropped/09_Metas/15/11/20190915113600_00149.png,749.2,694.4,201.9,27.1,962
9/15/2019 11:37,datasets/dataset_cropped/09_Metas/15/11/20190915113700_00149.jpg,datasets_flow/dataset_cropped/09_Metas/15/11/20190915113700_00149.jpg,datasets_cloudmask/dataset_cropped/09_Metas/15/11/20190915113700_00149.png,752.7,698.4,201.3,27.1,962
9/15/2019 11:38,datasets/dataset_cropped/09_Metas/15/11/20190915113800_00149.jpg,datasets_flow/dataset_cropped/09_Metas/15/11/20190915113800_00149.jpg,datasets_cloudmask/dataset_cropped/09_Metas/15/11/20190915113800_00149.png,756.1,702.7,200.3,26.9,962
9/15/2019 11:39,datasets/dataset_cropped/09_Metas/15/11/20190915113900_00149.jpg,datasets_flow/dataset_cropped/09_Metas/15/11/20190915113900_00149.jpg,datasets_cloudmask/dataset_cropped/09_Metas/15/11/20190915113900_00149.png,757.7,703.7,200.4,26.9,962
9/15/2019 11:40,datasets/dataset_cropped/09_Metas/15/11/20190915114000_00149.jpg,datasets_flow/dataset_cropped/09_Metas/15/11/20190915114000_00149.jpg,datasets_cloudmask/dataset_cropped/09_Metas/15/11/20190915114000_00149.png,758.7,704.1,200.6,26.8,962
9/15/2019 11:41,datasets/dataset_cropped/09_Metas/15/11/20190915114100_00149.jpg,datasets_flow/dataset_cropped/09_Metas/15/11/20190915114100_00149.jpg,datasets_cloudmask/dataset_cropped/09_Metas/15/11/20190915114100_00149.png,758.9,702.7,201.5,26.9,962
9/15/2019 11:42,datasets/dataset_cropped/09_Metas/15/11/20190915114200_00149.jpg,datasets_flow/dataset_cropped/09_Metas/15/11/20190915114200_00149.jpg,datasets_cloudmask/dataset_cropped/09_Metas/15/11/20190915114200_00149.png,759.6,702.1,202.1,27,962
9/15/2019 11:43,datasets/dataset_cropped/09_Metas/15/11/20190915114300_00149.jpg,datasets_flow/dataset_cropped/09_Metas/15/11/20190915114300_00149.jpg,datasets_cloudmask/dataset_cropped/09_Metas/15/11/20190915114300_00149.png,759.8,701.2,202.3,27.1,962
9/15/2019 11:44,datasets/dataset_cropped/09_Metas/15/11/20190915114400_00149.jpg,datasets_flow/dataset_cropped/09_Metas/15/11/20190915114400_00149.jpg,datasets_cloudmask/dataset_cropped/09_Metas/15/11/20190915114400_00149.png,761,701.6,202.6,27.1,962
9/15/2019 11:45,datasets/dataset_cropped/09_Metas/15/11/20190915114500_00149.jpg,datasets_flow/dataset_cropped/09_Metas/15/11/20190915114500_00149.jpg,datasets_cloudmask/dataset_cropped/09_Metas/15/11/20190915114500_00149.png,763,703,202.7,27.2,962
9/15/2019 11:46,datasets/dataset_cropped/09_Metas/15/11/20190915114600_00149.jpg,datasets_flow/dataset_cropped/09_Metas/15/11/20190915114600_00149.jpg,datasets_cloudmask/dataset_cropped/09_Metas/15/11/20190915114600_00149.png,764.2,704.1,202.4,27,962
9/15/2019 11:47,datasets/dataset_cropped/09_Metas/15/11/20190915114700_00149.jpg,datasets_flow/dataset_cropped/09_Metas/15/11/20190915114700_00149.jpg,datasets_cloudmask/dataset_cropped/09_Metas/15/11/20190915114700_00149.png,765.4,704.6,202.3,27,962
9/15/2019 11:48,datasets/dataset_cropped/09_Metas/15/11/20190915114800_00149.jpg,datasets_flow/dataset_cropped/09_Metas/15/11/20190915114800_00149.jpg,datasets_cloudmask/dataset_cropped/09_Metas/15/11/20190915114800_00149.png,765.9,704.2,202.4,26.9,962
9/15/2019 11:49,datasets/dataset_cropped/09_Metas/15/11/20190915114900_00149.jpg,datasets_flow/dataset_cropped/09_Metas/15/11/20190915114900_00149.jpg,datasets_cloudmask/dataset_cropped/09_Metas/15/11/20190915114900_00149.png,767.2,704.9,202.6,26.8,962
9/15/2019 11:50,datasets/dataset_cropped/09_Metas/15/11/20190915115000_00149.jpg,datasets_flow/dataset_cropped/09_Metas/15/11/20190915115000_00149.jpg,datasets_cloudmask/dataset_cropped/09_Metas/15/11/20190915115000_00149.png,768.3,706.4,202.5,26.9,962
9/15/2019 11:51,datasets/dataset_cropped/09_Metas/15/11/20190915115100_00149.jpg,datasets_flow/dataset_cropped/09_Metas/15/11/20190915115100_00149.jpg,datasets_cloudmask/dataset_cropped/09_Metas/15/11/20190915115100_00149.png,769.9,707.9,202.3,27.1,962
9/15/2019 11:52,datasets/dataset_cropped/09_Metas/15/11/20190915115200_00149.jpg,datasets_flow/dataset_cropped/09_Metas/15/11/20190915115200_00149.jpg,datasets_cloudmask/dataset_cropped/09_Metas/15/11/20190915115200_00149.png,770.1,707.7,202.2,27,962
9/15/2019 11:53,datasets/dataset_cropped/09_Metas/15/11/20190915115300_00149.jpg,datasets_flow/dataset_cropped/09_Metas/15/11/20190915115300_00149.jpg,datasets_cloudmask/dataset_cropped/09_Metas/15/11/20190915115300_00149.png,770,706.1,202.5,27.2,962
9/15/2019 11:54,datasets/dataset_cropped/09_Metas/15/11/20190915115400_00149.jpg,datasets_flow/dataset_cropped/09_Metas/15/11/20190915115400_00149.jpg,datasets_cloudmask/dataset_cropped/09_Metas/15/11/20190915115400_00149.png,771.6,706.8,202.9,27.3,962
9/15/2019 11:55,datasets/dataset_cropped/09_Metas/15/11/20190915115500_00149.jpg,datasets_flow/dataset_cropped/09_Metas/15/11/20190915115500_00149.jpg,datasets_cloudmask/dataset_cropped/09_Metas/15/11/20190915115500_00149.png,772.3,707.1,202.9,27.1,962
9/15/2019 11:56,datasets/dataset_cropped/09_Metas/15/11/20190915115600_00149.jpg,datasets_flow/dataset_cropped/09_Metas/15/11/20190915115600_00149.jpg,datasets_cloudmask/dataset_cropped/09_Metas/15/11/20190915115600_00149.png,775.3,710.7,202.7,27.2,962
9/15/2019 11:57,datasets/dataset_cropped/09_Metas/15/11/20190915115700_00149.jpg,datasets_flow/dataset_cropped/09_Metas/15/11/20190915115700_00149.jpg,datasets_cloudmask/dataset_cropped/09_Metas/15/11/20190915115700_00149.png,776.1,711.7,202.3,27.2,962
9/15/2019 11:58,datasets/dataset_cropped/09_Metas/15/11/20190915115800_00149.jpg,datasets_flow/dataset_cropped/09_Metas/15/11/20190915115800_00149.jpg,datasets_cloudmask/dataset_cropped/09_Metas/15/11/20190915115800_00149.png,778.9,714.5,202.3,27.2,962
9/15/2019 11:59,datasets/dataset_cropped/09_Metas/15/11/20190915115900_00149.jpg,datasets_flow/dataset_cropped/09_Metas/15/11/20190915115900_00149.jpg,datasets_cloudmask/dataset_cropped/09_Metas/15/11/20190915115900_00149.png,779.3,714.8,202.4,27.1,962
9/15/2019 12:00,datasets/dataset_cropped/09_Metas/15/12/20190915120000_00149.jpg,datasets_flow/dataset_cropped/09_Metas/15/12/20190915120000_00149.jpg,datasets_cloudmask/dataset_cropped/09_Metas/15/12/20190915120000_00149.png,779.1,714.5,202.2,27.1,962
9/15/2019 12:01,datasets/dataset_cropped/09_Metas/15/12/20190915120100_00149.jpg,datasets_flow/dataset_cropped/09_Metas/15/12/20190915120100_00149.jpg,datasets_cloudmask/dataset_cropped/09_Metas/15/12/20190915120100_00149.png,778.5,713.1,202.2,27.1,962
9/15/2019 12:02,datasets/dataset_cropped/09_Metas/15/12/20190915120200_00149.jpg,datasets_flow/dataset_cropped/09_Metas/15/12/20190915120200_00149.jpg,datasets_cloudmask/dataset_cropped/09_Metas/15/12/20190915120200_00149.png,779.7,713.6,201.9,27.1,962
9/15/2019 12:03,datasets/dataset_cropped/09_Metas/15/12/20190915120300_00149.jpg,datasets_flow/dataset_cropped/09_Metas/15/12/20190915120300_00149.jpg,datasets_cloudmask/dataset_cropped/09_Metas/15/12/20190915120300_00149.png,779.5,713.3,201.2,27.5,962
9/15/2019 12:04,datasets/dataset_cropped/09_Metas/15/12/20190915120400_00149.jpg,datasets_flow/dataset_cropped/09_Metas/15/12/20190915120400_00149.jpg,datasets_cloudmask/dataset_cropped/09_Metas/15/12/20190915120400_00149.png,781.6,715.5,200.5,27.5,962
9/15/2019 12:05,datasets/dataset_cropped/09_Metas/15/12/20190915120500_00149.jpg,datasets_flow/dataset_cropped/09_Metas/15/12/20190915120500_00149.jpg,datasets_cloudmask/dataset_cropped/09_Metas/15/12/20190915120500_00149.png,784.6,719.1,200.1,27.2,962
9/15/2019 12:06,datasets/dataset_cropped/09_Metas/15/12/20190915120600_00149.jpg,datasets_flow/dataset_cropped/09_Metas/15/12/20190915120600_00149.jpg,datasets_cloudmask/dataset_cropped/09_Metas/15/12/20190915120600_00149.png,785.2,720.1,199.6,27.3,962
9/15/2019 12:07,datasets/dataset_cropped/09_Metas/15/12/20190915120700_00149.jpg,datasets_flow/dataset_cropped/09_Metas/15/12/20190915120700_00149.jpg,datasets_cloudmask/dataset_cropped/09_Metas/15/12/20190915120700_00149.png,786.4,721.3,198.8,27.1,962
9/15/2019 12:08,datasets/dataset_cropped/09_Metas/15/12/20190915120800_00149.jpg,datasets_flow/dataset_cropped/09_Metas/15/12/20190915120800_00149.jpg,datasets_cloudmask/dataset_cropped/09_Metas/15/12/20190915120800_00149.png,787,721.6,198.4,27.3,962
9/15/2019 12:09,datasets/dataset_cropped/09_Metas/15/12/20190915120900_00149.jpg,datasets_flow/dataset_cropped/09_Metas/15/12/20190915120900_00149.jpg,datasets_cloudmask/dataset_cropped/09_Metas/15/12/20190915120900_00149.png,788.7,723.2,198.4,27.4,962
9/15/2019 12:10,datasets/dataset_cropped/09_Metas/15/12/20190915121000_00149.jpg,datasets_flow/dataset_cropped/09_Metas/15/12/20190915121000_00149.jpg,datasets_cloudmask/dataset_cropped/09_Metas/15/12/20190915121000_00149.png,788.9,723.5,198,27.3,962
9/15/2019 12:11,datasets/dataset_cropped/09_Metas/15/12/20190915121100_00149.jpg,datasets_flow/dataset_cropped/09_Metas/15/12/20190915121100_00149.jpg,datasets_cloudmask/dataset_cropped/09_Metas/15/12/20190915121100_00149.png,789.9,724,197.9,27.2,962
9/15/2019 12:12,datasets/dataset_cropped/09_Metas/15/12/20190915121200_00149.jpg,datasets_flow/dataset_cropped/09_Metas/15/12/20190915121200_00149.jpg,datasets_cloudmask/dataset_cropped/09_Metas/15/12/20190915121200_00149.png,791.2,725.2,198,27.3,962
9/15/2019 12:13,datasets/dataset_cropped/09_Metas/15/12/20190915121300_00149.jpg,datasets_flow/dataset_cropped/09_Metas/15/12/20190915121300_00149.jpg,datasets_cloudmask/dataset_cropped/09_Metas/15/12/20190915121300_00149.png,794.3,729.2,197.4,27.4,962
9/15/2019 12:14,datasets/dataset_cropped/09_Metas/15/12/20190915121400_00149.jpg,datasets_flow/dataset_cropped/09_Metas/15/12/20190915121400_00149.jpg,datasets_cloudmask/dataset_cropped/09_Metas/15/12/20190915121400_00149.png,794.4,729.9,196.6,27.4,962
9/15/2019 12:15,datasets/dataset_cropped/09_Metas/15/12/20190915121500_00149.jpg,datasets_flow/dataset_cropped/09_Metas/15/12/20190915121500_00149.jpg,datasets_cloudmask/dataset_cropped/09_Metas/15/12/20190915121500_00149.png,794.9,730.2,196.3,27.4,962
9/15/2019 12:16,datasets/dataset_cropped/09_Metas/15/12/20190915121600_00149.jpg,datasets_flow/dataset_cropped/09_Metas/15/12/20190915121600_00149.jpg,datasets_cloudmask/dataset_cropped/09_Metas/15/12/20190915121600_00149.png,795.4,730.4,195.8,27.6,962
9/15/2019 12:17,datasets/dataset_cropped/09_Metas/15/12/20190915121700_00149.jpg,datasets_flow/dataset_cropped/09_Metas/15/12/20190915121700_00149.jpg,datasets_cloudmask/dataset_cropped/09_Metas/15/12/20190915121700_00149.png,798.4,733.4,196.1,27.9,962
9/15/2019 12:18,datasets/dataset_cropped/09_Metas/15/12/20190915121800_00149.jpg,datasets_flow/dataset_cropped/09_Metas/15/12/20190915121800_00149.jpg,datasets_cloudmask/dataset_cropped/09_Metas/15/12/20190915121800_00149.png,798.3,732.8,195.8,28,962
9/15/2019 12:19,datasets/dataset_cropped/09_Metas/15/12/20190915121900_00149.jpg,datasets_flow/dataset_cropped/09_Metas/15/12/20190915121900_00149.jpg,datasets_cloudmask/dataset_cropped/09_Metas/15/12/20190915121900_00149.png,802,736.1,195.8,28.1,962
9/15/2019 12:20,datasets/dataset_cropped/09_Metas/15/12/20190915122000_00149.jpg,datasets_flow/dataset_cropped/09_Metas/15/12/20190915122000_00149.jpg,datasets_cloudmask/dataset_cropped/09_Metas/15/12/20190915122000_00149.png,806,740.3,195.5,28,962
9/15/2019 12:21,datasets/dataset_cropped/09_Metas/15/12/20190915122100_00149.jpg,datasets_flow/dataset_cropped/09_Metas/15/12/20190915122100_00149.jpg,datasets_cloudmask/dataset_cropped/09_Metas/15/12/20190915122100_00149.png,803,736.5,195.9,27.8,962
9/15/2019 12:22,datasets/dataset_cropped/09_Metas/15/12/20190915122200_00149.jpg,datasets_flow/dataset_cropped/09_Metas/15/12/20190915122200_00149.jpg,datasets_cloudmask/dataset_cropped/09_Metas/15/12/20190915122200_00149.png,799,729.8,196.5,27.8,962
9/15/2019 12:23,datasets/dataset_cropped/09_Metas/15/12/20190915122300_00149.jpg,datasets_flow/dataset_cropped/09_Metas/15/12/20190915122300_00149.jpg,datasets_cloudmask/dataset_cropped/09_Metas/15/12/20190915122300_00149.png,797.1,725.4,197.6,27.7,962
9/15/2019 12:24,datasets/dataset_cropped/09_Metas/15/12/20190915122400_00149.jpg,datasets_flow/dataset_cropped/09_Metas/15/12/20190915122400_00149.jpg,datasets_cloudmask/dataset_cropped/09_Metas/15/12/20190915122400_00149.png,798.4,725.1,198.5,27.7,962
9/15/2019 12:25,datasets/dataset_cropped/09_Metas/15/12/20190915122500_00149.jpg,datasets_flow/dataset_cropped/09_Metas/15/12/20190915122500_00149.jpg,datasets_cloudmask/dataset_cropped/09_Metas/15/12/20190915122500_00149.png,801,727.3,199.2,27.6,962
9/15/2019 12:26,datasets/dataset_cropped/09_Metas/15/12/20190915122600_00149.jpg,datasets_flow/dataset_cropped/09_Metas/15/12/20190915122600_00149.jpg,datasets_cloudmask/dataset_cropped/09_Metas/15/12/20190915122600_00149.png,802,727.8,199.3,27.4,962
9/15/2019 12:27,datasets/dataset_cropped/09_Metas/15/12/20190915122700_00149.jpg,datasets_flow/dataset_cropped/09_Metas/15/12/20190915122700_00149.jpg,datasets_cloudmask/dataset_cropped/09_Metas/15/12/20190915122700_00149.png,802,726.9,199,27.3,962
9/15/2019 12:28,datasets/dataset_cropped/09_Metas/15/12/20190915122800_00149.jpg,datasets_flow/dataset_cropped/09_Metas/15/12/20190915122800_00149.jpg,datasets_cloudmask/dataset_cropped/09_Metas/15/12/20190915122800_00149.png,802,725.8,199.1,27.4,962
9/15/2019 12:29,datasets/dataset_cropped/09_Metas/15/12/20190915122900_00149.jpg,datasets_flow/dataset_cropped/09_Metas/15/12/20190915122900_00149.jpg,datasets_cloudmask/dataset_cropped/09_Metas/15/12/20190915122900_00149.png,802,725.7,198.9,27.6,962
9/15/2019 12:30,datasets/dataset_cropped/09_Metas/15/12/20190915123000_00149.jpg,datasets_flow/dataset_cropped/09_Metas/15/12/20190915123000_00149.jpg,datasets_cloudmask/dataset_cropped/09_Metas/15/12/20190915123000_00149.png,805,728.8,198.8,27.6,962
9/15/2019 12:31,datasets/dataset_cropped/09_Metas/15/12/20190915123100_00149.jpg,datasets_flow/dataset_cropped/09_Metas/15/12/20190915123100_00149.jpg,datasets_cloudmask/dataset_cropped/09_Metas/15/12/20190915123100_00149.png,806,729.2,199,27.8,962
9/15/2019 12:32,datasets/dataset_cropped/09_Metas/15/12/20190915123200_00149.jpg,datasets_flow/dataset_cropped/09_Metas/15/12/20190915123200_00149.jpg,datasets_cloudmask/dataset_cropped/09_Metas/15/12/20190915123200_00149.png,808,729.4,199.2,27.8,962
9/15/2019 12:33,datasets/dataset_cropped/09_Metas/15/12/20190915123300_00149.jpg,datasets_flow/dataset_cropped/09_Metas/15/12/20190915123300_00149.jpg,datasets_cloudmask/dataset_cropped/09_Metas/15/12/20190915123300_00149.png,808,729.6,199.5,27.5,962
9/15/2019 12:34,datasets/dataset_cropped/09_Metas/15/12/20190915123400_00149.jpg,datasets_flow/dataset_cropped/09_Metas/15/12/20190915123400_00149.jpg,datasets_cloudmask/dataset_cropped/09_Metas/15/12/20190915123400_00149.png,811,732.3,199.7,27.3,962
9/15/2019 12:35,datasets/dataset_cropped/09_Metas/15/12/20190915123500_00149.jpg,datasets_flow/dataset_cropped/09_Metas/15/12/20190915123500_00149.jpg,datasets_cloudmask/dataset_cropped/09_Metas/15/12/20190915123500_00149.png,811,731.6,199.8,27.3,962
9/15/2019 12:36,datasets/dataset_cropped/09_Metas/15/12/20190915123600_00149.jpg,datasets_flow/dataset_cropped/09_Metas/15/12/20190915123600_00149.jpg,datasets_cloudmask/dataset_cropped/09_Metas/15/12/20190915123600_00149.png,808,725.8,200.7,27.7,962
9/15/2019 12:37,datasets/dataset_cropped/09_Metas/15/12/20190915123700_00149.jpg,datasets_flow/dataset_cropped/09_Metas/15/12/20190915123700_00149.jpg,datasets_cloudmask/dataset_cropped/09_Metas/15/12/20190915123700_00149.png,811,727.9,201.7,27.8,962
9/15/2019 12:38,datasets/dataset_cropped/09_Metas/15/12/20190915123800_00149.jpg,datasets_flow/dataset_cropped/09_Metas/15/12/20190915123800_00149.jpg,datasets_cloudmask/dataset_cropped/09_Metas/15/12/20190915123800_00149.png,812,728.8,202.3,27.6,962
9/15/2019 12:39,datasets/dataset_cropped/09_Metas/15/12/20190915123900_00149.jpg,datasets_flow/dataset_cropped/09_Metas/15/12/20190915123900_00149.jpg,datasets_cloudmask/dataset_cropped/09_Metas/15/12/20190915123900_00149.png,812,727,202.7,27.5,962
9/15/2019 12:40,datasets/dataset_cropped/09_Metas/15/12/20190915124000_00149.jpg,datasets_flow/dataset_cropped/09_Metas/15/12/20190915124000_00149.jpg,datasets_cloudmask/dataset_cropped/09_Metas/15/12/20190915124000_00149.png,811,724.9,203.5,27.6,962
9/15/2019 12:41,datasets/dataset_cropped/09_Metas/15/12/20190915124100_00149.jpg,datasets_flow/dataset_cropped/09_Metas/15/12/20190915124100_00149.jpg,datasets_cloudmask/dataset_cropped/09_Metas/15/12/20190915124100_00149.png,811,723.5,204,27.7,962
9/15/2019 12:42,datasets/dataset_cropped/09_Metas/15/12/20190915124200_00149.jpg,datasets_flow/dataset_cropped/09_Metas/15/12/20190915124200_00149.jpg,datasets_cloudmask/dataset_cropped/09_Metas/15/12/20190915124200_00149.png,812,724.1,203.7,27.8,962
9/15/2019 12:43,datasets/dataset_cropped/09_Metas/15/12/20190915124300_00149.jpg,datasets_flow/dataset_cropped/09_Metas/15/12/20190915124300_00149.jpg,datasets_cloudmask/dataset_cropped/09_Metas/15/12/20190915124300_00149.png,813,724.5,203.4,27.7,962
9/15/2019 12:44,datasets/dataset_cropped/09_Metas/15/12/20190915124400_00149.jpg,datasets_flow/dataset_cropped/09_Metas/15/12/20190915124400_00149.jpg,datasets_cloudmask/dataset_cropped/09_Metas/15/12/20190915124400_00149.png,812,722.3,203.9,27.6,962
9/15/2019 12:45,datasets/dataset_cropped/09_Metas/15/12/20190915124500_00149.jpg,datasets_flow/dataset_cropped/09_Metas/15/12/20190915124500_00149.jpg,datasets_cloudmask/dataset_cropped/09_Metas/15/12/20190915124500_00149.png,814,723.8,204.2,27.7,962
9/15/2019 12:46,datasets/dataset_cropped/09_Metas/15/12/20190915124600_00149.jpg,datasets_flow/dataset_cropped/09_Metas/15/12/20190915124600_00149.jpg,datasets_cloudmask/dataset_cropped/09_Metas/15/12/20190915124600_00149.png,817,726.8,204.7,27.9,962
9/15/2019 12:47,datasets/dataset_cropped/09_Metas/15/12/20190915124700_00149.jpg,datasets_flow/dataset_cropped/09_Metas/15/12/20190915124700_00149.jpg,datasets_cloudmask/dataset_cropped/09_Metas/15/12/20190915124700_00149.png,818,727.4,204.8,27.9,962
9/15/2019 12:48,datasets/dataset_cropped/09_Metas/15/12/20190915124800_00149.jpg,datasets_flow/dataset_cropped/09_Metas/15/12/20190915124800_00149.jpg,datasets_cloudmask/dataset_cropped/09_Metas/15/12/20190915124800_00149.png,817,725.9,204.4,27.8,962
9/15/2019 12:49,datasets/dataset_cropped/09_Metas/15/12/20190915124900_00149.jpg,datasets_flow/dataset_cropped/09_Metas/15/12/20190915124900_00149.jpg,datasets_cloudmask/dataset_cropped/09_Metas/15/12/20190915124900_00149.png,818,725.9,204.8,27.8,962
9/15/2019 12:50,datasets/dataset_cropped/09_Metas/15/12/20190915125000_00149.jpg,datasets_flow/dataset_cropped/09_Metas/15/12/20190915125000_00149.jpg,datasets_cloudmask/dataset_cropped/09_Metas/15/12/20190915125000_00149.png,818,725.1,205.6,27.9,962
9/15/2019 12:51,datasets/dataset_cropped/09_Metas/15/12/20190915125100_00149.jpg,datasets_flow/dataset_cropped/09_Metas/15/12/20190915125100_00149.jpg,datasets_cloudmask/dataset_cropped/09_Metas/15/12/20190915125100_00149.png,817,722.3,206.6,27.7,962
9/15/2019 12:52,datasets/dataset_cropped/09_Metas/15/12/20190915125200_00149.jpg,datasets_flow/dataset_cropped/09_Metas/15/12/20190915125200_00149.jpg,datasets_cloudmask/dataset_cropped/09_Metas/15/12/20190915125200_00149.png,817,721.7,207.1,27.8,962
9/15/2019 12:53,datasets/dataset_cropped/09_Metas/15/12/20190915125300_00149.jpg,datasets_flow/dataset_cropped/09_Metas/15/12/20190915125300_00149.jpg,datasets_cloudmask/dataset_cropped/09_Metas/15/12/20190915125300_00149.png,818,721.5,207.2,27.9,962
9/15/2019 12:54,datasets/dataset_cropped/09_Metas/15/12/20190915125400_00149.jpg,datasets_flow/dataset_cropped/09_Metas/15/12/20190915125400_00149.jpg,datasets_cloudmask/dataset_cropped/09_Metas/15/12/20190915125400_00149.png,817,719.3,207.4,27.8,962
9/15/2019 12:55,datasets/dataset_cropped/09_Metas/15/12/20190915125500_00149.jpg,datasets_flow/dataset_cropped/09_Metas/15/12/20190915125500_00149.jpg,datasets_cloudmask/dataset_cropped/09_Metas/15/12/20190915125500_00149.png,817,719,207.9,27.6,962
9/15/2019 12:56,datasets/dataset_cropped/09_Metas/15/12/20190915125600_00149.jpg,datasets_flow/dataset_cropped/09_Metas/15/12/20190915125600_00149.jpg,datasets_cloudmask/dataset_cropped/09_Metas/15/12/20190915125600_00149.png,815,716.3,208.4,27.7,962
9/15/2019 12:57,datasets/dataset_cropped/09_Metas/15/12/20190915125700_00149.jpg,datasets_flow/dataset_cropped/09_Metas/15/12/20190915125700_00149.jpg,datasets_cloudmask/dataset_cropped/09_Metas/15/12/20190915125700_00149.png,815,715.7,209.1,28,962
9/15/2019 12:58,datasets/dataset_cropped/09_Metas/15/12/20190915125800_00149.jpg,datasets_flow/dataset_cropped/09_Metas/15/12/20190915125800_00149.jpg,datasets_cloudmask/dataset_cropped/09_Metas/15/12/20190915125800_00149.png,818,719.5,208.9,28.2,962
9/15/2019 12:59,datasets/dataset_cropped/09_Metas/15/12/20190915125900_00149.jpg,datasets_flow/dataset_cropped/09_Metas/15/12/20190915125900_00149.jpg,datasets_cloudmask/dataset_cropped/09_Metas/15/12/20190915125900_00149.png,820,721,208.9,28.4,962
9/15/2019 13:00,datasets/dataset_cropped/09_Metas/15/13/20190915130000_00149.jpg,datasets_flow/dataset_cropped/09_Metas/15/13/20190915130000_00149.jpg,datasets_cloudmask/dataset_cropped/09_Metas/15/13/20190915130000_00149.png,820,720.7,209,28.3,962
9/15/2019 13:01,datasets/dataset_cropped/09_Metas/15/13/20190915130100_00149.jpg,datasets_flow/dataset_cropped/09_Metas/15/13/20190915130100_00149.jpg,datasets_cloudmask/dataset_cropped/09_Metas/15/13/20190915130100_00149.png,820,721.3,208.7,27.9,962
9/15/2019 13:02,datasets/dataset_cropped/09_Metas/15/13/20190915130200_00149.jpg,datasets_flow/dataset_cropped/09_Metas/15/13/20190915130200_00149.jpg,datasets_cloudmask/dataset_cropped/09_Metas/15/13/20190915130200_00149.png,821,721.4,208.5,27.9,962
9/15/2019 13:03,datasets/dataset_cropped/09_Metas/15/13/20190915130300_00149.jpg,datasets_flow/dataset_cropped/09_Metas/15/13/20190915130300_00149.jpg,datasets_cloudmask/dataset_cropped/09_Metas/15/13/20190915130300_00149.png,822,721.9,208.8,28.1,962
9/15/2019 13:04,datasets/dataset_cropped/09_Metas/15/13/20190915130400_00149.jpg,datasets_flow/dataset_cropped/09_Metas/15/13/20190915130400_00149.jpg,datasets_cloudmask/dataset_cropped/09_Metas/15/13/20190915130400_00149.png,823,722.5,209,27.9,962
9/15/2019 13:05,datasets/dataset_cropped/09_Metas/15/13/20190915130500_00149.jpg,datasets_flow/dataset_cropped/09_Metas/15/13/20190915130500_00149.jpg,datasets_cloudmask/dataset_cropped/09_Metas/15/13/20190915130500_00149.png,824,722.1,209.5,27.9,962
9/15/2019 13:06,datasets/dataset_cropped/09_Metas/15/13/20190915130600_00149.jpg,datasets_flow/dataset_cropped/09_Metas/15/13/20190915130600_00149.jpg,datasets_cloudmask/dataset_cropped/09_Metas/15/13/20190915130600_00149.png,823,719.4,210.5,28.1,962
9/15/2019 13:07,datasets/dataset_cropped/09_Metas/15/13/20190915130700_00149.jpg,datasets_flow/dataset_cropped/09_Metas/15/13/20190915130700_00149.jpg,datasets_cloudmask/dataset_cropped/09_Metas/15/13/20190915130700_00149.png,824,720.2,211.3,28.1,962
9/15/2019 13:08,datasets/dataset_cropped/09_Metas/15/13/20190915130800_00149.jpg,datasets_flow/dataset_cropped/09_Metas/15/13/20190915130800_00149.jpg,datasets_cloudmask/dataset_cropped/09_Metas/15/13/20190915130800_00149.png,824,718.5,212.4,28.2,962
9/15/2019 13:09,datasets/dataset_cropped/09_Metas/15/13/20190915130900_00149.jpg,datasets_flow/dataset_cropped/09_Metas/15/13/20190915130900_00149.jpg,datasets_cloudmask/dataset_cropped/09_Metas/15/13/20190915130900_00149.png,822,714.9,213.5,28.4,962
9/15/2019 13:10,datasets/dataset_cropped/09_Metas/15/13/20190915131000_00149.jpg,datasets_flow/dataset_cropped/09_Metas/15/13/20190915131000_00149.jpg,datasets_cloudmask/dataset_cropped/09_Metas/15/13/20190915131000_00149.png,824,716.4,214.3,28.1,962
9/15/2019 13:11,datasets/dataset_cropped/09_Metas/15/13/20190915131100_00149.jpg,datasets_flow/dataset_cropped/09_Metas/15/13/20190915131100_00149.jpg,datasets_cloudmask/dataset_cropped/09_Metas/15/13/20190915131100_00149.png,826,719,213.9,28.1,962
9/15/2019 13:12,datasets/dataset_cropped/09_Metas/15/13/20190915131200_00149.jpg,datasets_flow/dataset_cropped/09_Metas/15/13/20190915131200_00149.jpg,datasets_cloudmask/dataset_cropped/09_Metas/15/13/20190915131200_00149.png,823,716.5,213.2,28.2,962
9/15/2019 13:13,datasets/dataset_cropped/09_Metas/15/13/20190915131300_00149.jpg,datasets_flow/dataset_cropped/09_Metas/15/13/20190915131300_00149.jpg,datasets_cloudmask/dataset_cropped/09_Metas/15/13/20190915131300_00149.png,821,713.2,213.3,28,962
9/15/2019 13:14,datasets/dataset_cropped/09_Metas/15/13/20190915131400_00149.jpg,datasets_flow/dataset_cropped/09_Metas/15/13/20190915131400_00149.jpg,datasets_cloudmask/dataset_cropped/09_Metas/15/13/20190915131400_00149.png,821,713.1,214.2,28,962
9/15/2019 13:15,datasets/dataset_cropped/09_Metas/15/13/20190915131500_00149.jpg,datasets_flow/dataset_cropped/09_Metas/15/13/20190915131500_00149.jpg,datasets_cloudmask/dataset_cropped/09_Metas/15/13/20190915131500_00149.png,822,714.3,214.6,28.2,962
9/15/2019 13:16,datasets/dataset_cropped/09_Metas/15/13/20190915131600_00149.jpg,datasets_flow/dataset_cropped/09_Metas/15/13/20190915131600_00149.jpg,datasets_cloudmask/dataset_cropped/09_Metas/15/13/20190915131600_00149.png,822,713.3,215.2,28,962
9/15/2019 13:17,datasets/dataset_cropped/09_Metas/15/13/20190915131700_00149.jpg,datasets_flow/dataset_cropped/09_Metas/15/13/20190915131700_00149.jpg,datasets_cloudmask/dataset_cropped/09_Metas/15/13/20190915131700_00149.png,822,711.9,215.8,28.1,962
9/15/2019 13:18,datasets/dataset_cropped/09_Metas/15/13/20190915131800_00149.jpg,datasets_flow/dataset_cropped/09_Metas/15/13/20190915131800_00149.jpg,datasets_cloudmask/dataset_cropped/09_Metas/15/13/20190915131800_00149.png,822,712.1,216.4,28.1,962
9/15/2019 13:19,datasets/dataset_cropped/09_Metas/15/13/20190915131900_00149.jpg,datasets_flow/dataset_cropped/09_Metas/15/13/20190915131900_00149.jpg,datasets_cloudmask/dataset_cropped/09_Metas/15/13/20190915131900_00149.png,823,712.3,216.8,28,962
9/15/2019 13:20,datasets/dataset_cropped/09_Metas/15/13/20190915132000_00149.jpg,datasets_flow/dataset_cropped/09_Metas/15/13/20190915132000_00149.jpg,datasets_cloudmask/dataset_cropped/09_Metas/15/13/20190915132000_00149.png,823,712.8,216.7,28,962
9/15/2019 13:21,datasets/dataset_cropped/09_Metas/15/13/20190915132100_00149.jpg,datasets_flow/dataset_cropped/09_Metas/15/13/20190915132100_00149.jpg,datasets_cloudmask/dataset_cropped/09_Metas/15/13/20190915132100_00149.png,823,712,216.8,28.2,962
9/15/2019 13:22,datasets/dataset_cropped/09_Metas/15/13/20190915132200_00149.jpg,datasets_flow/dataset_cropped/09_Metas/15/13/20190915132200_00149.jpg,datasets_cloudmask/dataset_cropped/09_Metas/15/13/20190915132200_00149.png,820,709.5,217.3,28.1,962
9/15/2019 13:23,datasets/dataset_cropped/09_Metas/15/13/20190915132300_00149.jpg,datasets_flow/dataset_cropped/09_Metas/15/13/20190915132300_00149.jpg,datasets_cloudmask/dataset_cropped/09_Metas/15/13/20190915132300_00149.png,821,711.1,216.6,27.9,962
9/15/2019 13:24,datasets/dataset_cropped/09_Metas/15/13/20190915132400_00149.jpg,datasets_flow/dataset_cropped/09_Metas/15/13/20190915132400_00149.jpg,datasets_cloudmask/dataset_cropped/09_Metas/15/13/20190915132400_00149.png,820,710.9,216.1,27.8,962
9/15/2019 13:25,datasets/dataset_cropped/09_Metas/15/13/20190915132500_00149.jpg,datasets_flow/dataset_cropped/09_Metas/15/13/20190915132500_00149.jpg,datasets_cloudmask/dataset_cropped/09_Metas/15/13/20190915132500_00149.png,819,709.9,215.9,27.9,962
9/15/2019 13:26,datasets/dataset_cropped/09_Metas/15/13/20190915132600_00149.jpg,datasets_flow/dataset_cropped/09_Metas/15/13/20190915132600_00149.jpg,datasets_cloudmask/dataset_cropped/09_Metas/15/13/20190915132600_00149.png,819,710.7,215.7,27.9,962
9/15/2019 13:27,datasets/dataset_cropped/09_Metas/15/13/20190915132700_00149.jpg,datasets_flow/dataset_cropped/09_Metas/15/13/20190915132700_00149.jpg,datasets_cloudmask/dataset_cropped/09_Metas/15/13/20190915132700_00149.png,816,708.3,215.6,27.8,962
9/15/2019 13:28,datasets/dataset_cropped/09_Metas/15/13/20190915132800_00149.jpg,datasets_flow/dataset_cropped/09_Metas/15/13/20190915132800_00149.jpg,datasets_cloudmask/dataset_cropped/09_Metas/15/13/20190915132800_00149.png,815,707.3,215.3,27.6,961
9/15/2019 13:29,datasets/dataset_cropped/09_Metas/15/13/20190915132900_00149.jpg,datasets_flow/dataset_cropped/09_Metas/15/13/20190915132900_00149.jpg,datasets_cloudmask/dataset_cropped/09_Metas/15/13/20190915132900_00149.png,816,708.8,215,27.8,962
9/15/2019 13:30,datasets/dataset_cropped/09_Metas/15/13/20190915133000_00149.jpg,datasets_flow/dataset_cropped/09_Metas/15/13/20190915133000_00149.jpg,datasets_cloudmask/dataset_cropped/09_Metas/15/13/20190915133000_00149.png,817,711.2,215.1,28.1,961
9/15/2019 13:31,datasets/dataset_cropped/09_Metas/15/13/20190915133100_00149.jpg,datasets_flow/dataset_cropped/09_Metas/15/13/20190915133100_00149.jpg,datasets_cloudmask/dataset_cropped/09_Metas/15/13/20190915133100_00149.png,818,713.1,215.1,28,962
9/15/2019 13:32,datasets/dataset_cropped/09_Metas/15/13/20190915133200_00149.jpg,datasets_flow/dataset_cropped/09_Metas/15/13/20190915133200_00149.jpg,datasets_cloudmask/dataset_cropped/09_Metas/15/13/20190915133200_00149.png,818,713.4,215.5,27.9,962
9/15/2019 13:33,datasets/dataset_cropped/09_Metas/15/13/20190915133300_00149.jpg,datasets_flow/dataset_cropped/09_Metas/15/13/20190915133300_00149.jpg,datasets_cloudmask/dataset_cropped/09_Metas/15/13/20190915133300_00149.png,817,711.9,215.5,27.7,962
9/15/2019 13:34,datasets/dataset_cropped/09_Metas/15/13/20190915133400_00149.jpg,datasets_flow/dataset_cropped/09_Metas/15/13/20190915133400_00149.jpg,datasets_cloudmask/dataset_cropped/09_Metas/15/13/20190915133400_00149.png,816,710.4,215.8,27.9,961
9/15/2019 13:35,datasets/dataset_cropped/09_Metas/15/13/20190915133500_00149.jpg,datasets_flow/dataset_cropped/09_Metas/15/13/20190915133500_00149.jpg,datasets_cloudmask/dataset_cropped/09_Metas/15/13/20190915133500_00149.png,813,705.8,217,28,962
9/15/2019 13:36,datasets/dataset_cropped/09_Metas/15/13/20190915133600_00149.jpg,datasets_flow/dataset_cropped/09_Metas/15/13/20190915133600_00149.jpg,datasets_cloudmask/dataset_cropped/09_Metas/15/13/20190915133600_00149.png,813,705.8,218.2,27.9,961
9/15/2019 13:37,datasets/dataset_cropped/09_Metas/15/13/20190915133700_00149.jpg,datasets_flow/dataset_cropped/09_Metas/15/13/20190915133700_00149.jpg,datasets_cloudmask/dataset_cropped/09_Metas/15/13/20190915133700_00149.png,815,709.5,217.6,28,961
9/15/2019 13:38,datasets/dataset_cropped/09_Metas/15/13/20190915133800_00149.jpg,datasets_flow/dataset_cropped/09_Metas/15/13/20190915133800_00149.jpg,datasets_cloudmask/dataset_cropped/09_Metas/15/13/20190915133800_00149.png,815,710,216.8,28.2,961
9/15/2019 13:39,datasets/dataset_cropped/09_Metas/15/13/20190915133900_00149.jpg,datasets_flow/dataset_cropped/09_Metas/15/13/20190915133900_00149.jpg,datasets_cloudmask/dataset_cropped/09_Metas/15/13/20190915133900_00149.png,813,708.8,215.9,27.9,961
9/15/2019 13:40,datasets/dataset_cropped/09_Metas/15/13/20190915134000_00149.jpg,datasets_flow/dataset_cropped/09_Metas/15/13/20190915134000_00149.jpg,datasets_cloudmask/dataset_cropped/09_Metas/15/13/20190915134000_00149.png,812,709.4,215.5,27.9,962
9/15/2019 13:41,datasets/dataset_cropped/09_Metas/15/13/20190915134100_00149.jpg,datasets_flow/dataset_cropped/09_Metas/15/13/20190915134100_00149.jpg,datasets_cloudmask/dataset_cropped/09_Metas/15/13/20190915134100_00149.png,811,708.9,215.6,27.8,961
9/15/2019 13:42,datasets/dataset_cropped/09_Metas/15/13/20190915134200_00149.jpg,datasets_flow/dataset_cropped/09_Metas/15/13/20190915134200_00149.jpg,datasets_cloudmask/dataset_cropped/09_Metas/15/13/20190915134200_00149.png,811,708.8,215.5,27.9,962
9/15/2019 13:43,datasets/dataset_cropped/09_Metas/15/13/20190915134300_00149.jpg,datasets_flow/dataset_cropped/09_Metas/15/13/20190915134300_00149.jpg,datasets_cloudmask/dataset_cropped/09_Metas/15/13/20190915134300_00149.png,808,705.1,216.6,27.9,961
9/15/2019 13:44,datasets/dataset_cropped/09_Metas/15/13/20190915134400_00149.jpg,datasets_flow/dataset_cropped/09_Metas/15/13/20190915134400_00149.jpg,datasets_cloudmask/dataset_cropped/09_Metas/15/13/20190915134400_00149.png,805,700,218.3,27.8,962
9/15/2019 13:45,datasets/dataset_cropped/09_Metas/15/13/20190915134500_00149.jpg,datasets_flow/dataset_cropped/09_Metas/15/13/20190915134500_00149.jpg,datasets_cloudmask/dataset_cropped/09_Metas/15/13/20190915134500_00149.png,804,698.4,219.1,27.8,962
9/15/2019 13:46,datasets/dataset_cropped/09_Metas/15/13/20190915134600_00149.jpg,datasets_flow/dataset_cropped/09_Metas/15/13/20190915134600_00149.jpg,datasets_cloudmask/dataset_cropped/09_Metas/15/13/20190915134600_00149.png,806,701.2,218.9,27.9,961
9/15/2019 13:47,datasets/dataset_cropped/09_Metas/15/13/20190915134700_00149.jpg,datasets_flow/dataset_cropped/09_Metas/15/13/20190915134700_00149.jpg,datasets_cloudmask/dataset_cropped/09_Metas/15/13/20190915134700_00149.png,805,701.7,218.6,27.7,961
9/15/2019 13:48,datasets/dataset_cropped/09_Metas/15/13/20190915134800_00149.jpg,datasets_flow/dataset_cropped/09_Metas/15/13/20190915134800_00149.jpg,datasets_cloudmask/dataset_cropped/09_Metas/15/13/20190915134800_00149.png,805,703,217.8,27.4,961
9/15/2019 13:49,datasets/dataset_cropped/09_Metas/15/13/20190915134900_00149.jpg,datasets_flow/dataset_cropped/09_Metas/15/13/20190915134900_00149.jpg,datasets_cloudmask/dataset_cropped/09_Metas/15/13/20190915134900_00149.png,807,706.5,217.5,27.7,962
9/15/2019 13:50,datasets/dataset_cropped/09_Metas/15/13/20190915135000_00149.jpg,datasets_flow/dataset_cropped/09_Metas/15/13/20190915135000_00149.jpg,datasets_cloudmask/dataset_cropped/09_Metas/15/13/20190915135000_00149.png,805,704.8,217.3,27.8,961
9/15/2019 13:51,datasets/dataset_cropped/09_Metas/15/13/20190915135100_00149.jpg,datasets_flow/dataset_cropped/09_Metas/15/13/20190915135100_00149.jpg,datasets_cloudmask/dataset_cropped/09_Metas/15/13/20190915135100_00149.png,801,700.2,217.8,27.7,961
9/15/2019 13:52,datasets/dataset_cropped/09_Metas/15/13/20190915135200_00149.jpg,datasets_flow/dataset_cropped/09_Metas/15/13/20190915135200_00149.jpg,datasets_cloudmask/dataset_cropped/09_Metas/15/13/20190915135200_00149.png,796.7,695.9,218.5,27.7,962
9/15/2019 13:53,datasets/dataset_cropped/09_Metas/15/13/20190915135300_00149.jpg,datasets_flow/dataset_cropped/09_Metas/15/13/20190915135300_00149.jpg,datasets_cloudmask/dataset_cropped/09_Metas/15/13/20190915135300_00149.png,790.2,688.9,218.1,27.6,962
9/15/2019 13:54,datasets/dataset_cropped/09_Metas/15/13/20190915135400_00149.jpg,datasets_flow/dataset_cropped/09_Metas/15/13/20190915135400_00149.jpg,datasets_cloudmask/dataset_cropped/09_Metas/15/13/20190915135400_00149.png,793.3,693.3,218,27.7,962
9/15/2019 13:55,datasets/dataset_cropped/09_Metas/15/13/20190915135500_00149.jpg,datasets_flow/dataset_cropped/09_Metas/15/13/20190915135500_00149.jpg,datasets_cloudmask/dataset_cropped/09_Metas/15/13/20190915135500_00149.png,794.3,694.7,218.6,27.9,962
9/15/2019 13:56,datasets/dataset_cropped/09_Metas/15/13/20190915135600_00149.jpg,datasets_flow/dataset_cropped/09_Metas/15/13/20190915135600_00149.jpg,datasets_cloudmask/dataset_cropped/09_Metas/15/13/20190915135600_00149.png,797.5,696.9,220.8,28.1,962
9/15/2019 13:57,datasets/dataset_cropped/09_Metas/15/13/20190915135700_00149.jpg,datasets_flow/dataset_cropped/09_Metas/15/13/20190915135700_00149.jpg,datasets_cloudmask/dataset_cropped/09_Metas/15/13/20190915135700_00149.png,795.9,694.7,221.9,28,962
9/15/2019 13:58,datasets/dataset_cropped/09_Metas/15/13/20190915135800_00149.jpg,datasets_flow/dataset_cropped/09_Metas/15/13/20190915135800_00149.jpg,datasets_cloudmask/dataset_cropped/09_Metas/15/13/20190915135800_00149.png,794.4,692,222.8,28,962
9/15/2019 13:59,datasets/dataset_cropped/09_Metas/15/13/20190915135900_00149.jpg,datasets_flow/dataset_cropped/09_Metas/15/13/20190915135900_00149.jpg,datasets_cloudmask/dataset_cropped/09_Metas/15/13/20190915135900_00149.png,798,693.3,225.6,27.8,962
9/15/2019 14:00,datasets/dataset_cropped/09_Metas/15/14/20190915140000_00149.jpg,datasets_flow/dataset_cropped/09_Metas/15/14/20190915140000_00149.jpg,datasets_cloudmask/dataset_cropped/09_Metas/15/14/20190915140000_00149.png,796.8,681.5,235.9,27.7,961
9/15/2019 14:01,datasets/dataset_cropped/09_Metas/15/14/20190915140100_00149.jpg,datasets_flow/dataset_cropped/09_Metas/15/14/20190915140100_00149.jpg,datasets_cloudmask/dataset_cropped/09_Metas/15/14/20190915140100_00149.png,795.8,675.6,240.7,27.8,962
9/15/2019 14:02,datasets/dataset_cropped/09_Metas/15/14/20190915140200_00149.jpg,datasets_flow/dataset_cropped/09_Metas/15/14/20190915140200_00149.jpg,datasets_cloudmask/dataset_cropped/09_Metas/15/14/20190915140200_00149.png,796.8,682.2,235.7,27.9,961
9/15/2019 14:03,datasets/dataset_cropped/09_Metas/15/14/20190915140300_00149.jpg,datasets_flow/dataset_cropped/09_Metas/15/14/20190915140300_00149.jpg,datasets_cloudmask/dataset_cropped/09_Metas/15/14/20190915140300_00149.png,796.5,682.2,235.9,28.1,962
9/15/2019 14:04,datasets/dataset_cropped/09_Metas/15/14/20190915140400_00149.jpg,datasets_flow/dataset_cropped/09_Metas/15/14/20190915140400_00149.jpg,datasets_cloudmask/dataset_cropped/09_Metas/15/14/20190915140400_00149.png,802,690.8,235,28.2,962
9/15/2019 14:05,datasets/dataset_cropped/09_Metas/15/14/20190915140500_00149.jpg,datasets_flow/dataset_cropped/09_Metas/15/14/20190915140500_00149.jpg,datasets_cloudmask/dataset_cropped/09_Metas/15/14/20190915140500_00149.png,786.6,677,233.5,28.4,961
9/15/2019 14:06,datasets/dataset_cropped/09_Metas/15/14/20190915140600_00149.jpg,datasets_flow/dataset_cropped/09_Metas/15/14/20190915140600_00149.jpg,datasets_cloudmask/dataset_cropped/09_Metas/15/14/20190915140600_00149.png,774.8,650.2,240.3,28.2,962
9/15/2019 14:07,datasets/dataset_cropped/09_Metas/15/14/20190915140700_00149.jpg,datasets_flow/dataset_cropped/09_Metas/15/14/20190915140700_00149.jpg,datasets_cloudmask/dataset_cropped/09_Metas/15/14/20190915140700_00149.png,624.9,452,257.1,27.9,962
9/15/2019 14:08,datasets/dataset_cropped/09_Metas/15/14/20190915140800_00149.jpg,datasets_flow/dataset_cropped/09_Metas/15/14/20190915140800_00149.jpg,datasets_cloudmask/dataset_cropped/09_Metas/15/14/20190915140800_00149.png,566.6,347,283.8,27.6,962
9/15/2019 14:09,datasets/dataset_cropped/09_Metas/15/14/20190915140900_00149.jpg,datasets_flow/dataset_cropped/09_Metas/15/14/20190915140900_00149.jpg,datasets_cloudmask/dataset_cropped/09_Metas/15/14/20190915140900_00149.png,337.1,56.3,287,27.5,962
9/15/2019 14:10,datasets/dataset_cropped/09_Metas/15/14/20190915141000_00149.jpg,datasets_flow/dataset_cropped/09_Metas/15/14/20190915141000_00149.jpg,datasets_cloudmask/dataset_cropped/09_Metas/15/14/20190915141000_00149.png,704.6,490.5,297.5,27.4,962
9/15/2019 14:11,datasets/dataset_cropped/09_Metas/15/14/20190915141100_00149.jpg,datasets_flow/dataset_cropped/09_Metas/15/14/20190915141100_00149.jpg,datasets_cloudmask/dataset_cropped/09_Metas/15/14/20190915141100_00149.png,787.8,607.1,291.6,27.5,962
9/15/2019 14:12,datasets/dataset_cropped/09_Metas/15/14/20190915141200_00149.jpg,datasets_flow/dataset_cropped/09_Metas/15/14/20190915141200_00149.jpg,datasets_cloudmask/dataset_cropped/09_Metas/15/14/20190915141200_00149.png,795.1,644,269.4,27.7,962
9/15/2019 14:13,datasets/dataset_cropped/09_Metas/15/14/20190915141300_00149.jpg,datasets_flow/dataset_cropped/09_Metas/15/14/20190915141300_00149.jpg,datasets_cloudmask/dataset_cropped/09_Metas/15/14/20190915141300_00149.png,802,673.2,254.6,27.6,961
9/15/2019 14:14,datasets/dataset_cropped/09_Metas/15/14/20190915141400_00149.jpg,datasets_flow/dataset_cropped/09_Metas/15/14/20190915141400_00149.jpg,datasets_cloudmask/dataset_cropped/09_Metas/15/14/20190915141400_00149.png,793.9,677,244.2,27.5,962
9/15/2019 14:15,datasets/dataset_cropped/09_Metas/15/14/20190915141500_00149.jpg,datasets_flow/dataset_cropped/09_Metas/15/14/20190915141500_00149.jpg,datasets_cloudmask/dataset_cropped/09_Metas/15/14/20190915141500_00149.png,791,689.2,232.7,27.4,961
9/15/2019 14:16,datasets/dataset_cropped/09_Metas/15/14/20190915141600_00149.jpg,datasets_flow/dataset_cropped/09_Metas/15/14/20190915141600_00149.jpg,datasets_cloudmask/dataset_cropped/09_Metas/15/14/20190915141600_00149.png,790.7,695.7,228.6,27.5,961
9/15/2019 14:17,datasets/dataset_cropped/09_Metas/15/14/20190915141700_00149.jpg,datasets_flow/dataset_cropped/09_Metas/15/14/20190915141700_00149.jpg,datasets_cloudmask/dataset_cropped/09_Metas/15/14/20190915141700_00149.png,791.3,698.1,228.1,27.5,961
9/15/2019 14:18,datasets/dataset_cropped/09_Metas/15/14/20190915141800_00149.jpg,datasets_flow/dataset_cropped/09_Metas/15/14/20190915141800_00149.jpg,datasets_cloudmask/dataset_cropped/09_Metas/15/14/20190915141800_00149.png,781.6,689.5,226.3,27.4,961
9/15/2019 14:19,datasets/dataset_cropped/09_Metas/15/14/20190915141900_00149.jpg,datasets_flow/dataset_cropped/09_Metas/15/14/20190915141900_00149.jpg,datasets_cloudmask/dataset_cropped/09_Metas/15/14/20190915141900_00149.png,773,685.1,222,27.5,961
9/15/2019 14:20,datasets/dataset_cropped/09_Metas/15/14/20190915142000_00149.jpg,datasets_flow/dataset_cropped/09_Metas/15/14/20190915142000_00149.jpg,datasets_cloudmask/dataset_cropped/09_Metas/15/14/20190915142000_00149.png,773.2,691.7,217.6,27.7,961
9/15/2019 14:21,datasets/dataset_cropped/09_Metas/15/14/20190915142100_00149.jpg,datasets_flow/dataset_cropped/09_Metas/15/14/20190915142100_00149.jpg,datasets_cloudmask/dataset_cropped/09_Metas/15/14/20190915142100_00149.png,772.8,694.7,215.5,27.5,961
9/15/2019 14:22,datasets/dataset_cropped/09_Metas/15/14/20190915142200_00149.jpg,datasets_flow/dataset_cropped/09_Metas/15/14/20190915142200_00149.jpg,datasets_cloudmask/dataset_cropped/09_Metas/15/14/20190915142200_00149.png,769.6,690.4,216.3,27.4,961
9/15/2019 14:23,datasets/dataset_cropped/09_Metas/15/14/20190915142300_00149.jpg,datasets_flow/dataset_cropped/09_Metas/15/14/20190915142300_00149.jpg,datasets_cloudmask/dataset_cropped/09_Metas/15/14/20190915142300_00149.png,767.7,687.1,217.6,27.6,961
9/15/2019 14:24,datasets/dataset_cropped/09_Metas/15/14/20190915142400_00149.jpg,datasets_flow/dataset_cropped/09_Metas/15/14/20190915142400_00149.jpg,datasets_cloudmask/dataset_cropped/09_Metas/15/14/20190915142400_00149.png,763.5,680.7,219.1,27.8,961
9/15/2019 14:25,datasets/dataset_cropped/09_Metas/15/14/20190915142500_00149.jpg,datasets_flow/dataset_cropped/09_Metas/15/14/20190915142500_00149.jpg,datasets_cloudmask/dataset_cropped/09_Metas/15/14/20190915142500_00149.png,758.1,671.9,221.2,27.7,961
9/15/2019 14:26,datasets/dataset_cropped/09_Metas/15/14/20190915142600_00149.jpg,datasets_flow/dataset_cropped/09_Metas/15/14/20190915142600_00149.jpg,datasets_cloudmask/dataset_cropped/09_Metas/15/14/20190915142600_00149.png,753.3,668.7,219.8,27.8,961
9/15/2019 14:27,datasets/dataset_cropped/09_Metas/15/14/20190915142700_00149.jpg,datasets_flow/dataset_cropped/09_Metas/15/14/20190915142700_00149.jpg,datasets_cloudmask/dataset_cropped/09_Metas/15/14/20190915142700_00149.png,754.2,673,218.2,27.7,961
9/15/2019 14:28,datasets/dataset_cropped/09_Metas/15/14/20190915142800_00149.jpg,datasets_flow/dataset_cropped/09_Metas/15/14/20190915142800_00149.jpg,datasets_cloudmask/dataset_cropped/09_Metas/15/14/20190915142800_00149.png,760.4,684.1,216.4,28,961
9/15/2019 14:29,datasets/dataset_cropped/09_Metas/15/14/20190915142900_00149.jpg,datasets_flow/dataset_cropped/09_Metas/15/14/20190915142900_00149.jpg,datasets_cloudmask/dataset_cropped/09_Metas/15/14/20190915142900_00149.png,757.9,681.8,216.8,27.9,961
9/15/2019 14:30,datasets/dataset_cropped/09_Metas/15/14/20190915143000_00149.jpg,datasets_flow/dataset_cropped/09_Metas/15/14/20190915143000_00149.jpg,datasets_cloudmask/dataset_cropped/09_Metas/15/14/20190915143000_00149.png,755.1,679.6,216.3,27.8,961
9/15/2019 14:31,datasets/dataset_cropped/09_Metas/15/14/20190915143100_00149.jpg,datasets_flow/dataset_cropped/09_Metas/15/14/20190915143100_00149.jpg,datasets_cloudmask/dataset_cropped/09_Metas/15/14/20190915143100_00149.png,756.2,682.6,215.5,27.7,961
9/15/2019 14:32,datasets/dataset_cropped/09_Metas/15/14/20190915143200_00149.jpg,datasets_flow/dataset_cropped/09_Metas/15/14/20190915143200_00149.jpg,datasets_cloudmask/dataset_cropped/09_Metas/15/14/20190915143200_00149.png,756.8,683.7,216.3,27.7,961
9/15/2019 14:33,datasets/dataset_cropped/09_Metas/15/14/20190915143300_00149.jpg,datasets_flow/dataset_cropped/09_Metas/15/14/20190915143300_00149.jpg,datasets_cloudmask/dataset_cropped/09_Metas/15/14/20190915143300_00149.png,754.4,681.5,216.8,27.8,961
9/15/2019 14:34,datasets/dataset_cropped/09_Metas/15/14/20190915143400_00149.jpg,datasets_flow/dataset_cropped/09_Metas/15/14/20190915143400_00149.jpg,datasets_cloudmask/dataset_cropped/09_Metas/15/14/20190915143400_00149.png,750.2,678.2,215.8,27.7,962
9/15/2019 14:35,datasets/dataset_cropped/09_Metas/15/14/20190915143500_00149.jpg,datasets_flow/dataset_cropped/09_Metas/15/14/20190915143500_00149.jpg,datasets_cloudmask/dataset_cropped/09_Metas/15/14/20190915143500_00149.png,754.7,686.9,214.1,27.5,961
9/15/2019 14:36,datasets/dataset_cropped/09_Metas/15/14/20190915143600_00149.jpg,datasets_flow/dataset_cropped/09_Metas/15/14/20190915143600_00149.jpg,datasets_cloudmask/dataset_cropped/09_Metas/15/14/20190915143600_00149.png,754.9,690.1,212.6,27.5,961
9/15/2019 14:37,datasets/dataset_cropped/09_Metas/15/14/20190915143700_00149.jpg,datasets_flow/dataset_cropped/09_Metas/15/14/20190915143700_00149.jpg,datasets_cloudmask/dataset_cropped/09_Metas/15/14/20190915143700_00149.png,754.2,691.8,211.7,27.9,961
9/15/2019 14:38,datasets/dataset_cropped/09_Metas/15/14/20190915143800_00149.jpg,datasets_flow/dataset_cropped/09_Metas/15/14/20190915143800_00149.jpg,datasets_cloudmask/dataset_cropped/09_Metas/15/14/20190915143800_00149.png,754,692.8,211.9,27.8,961
9/15/2019 14:39,datasets/dataset_cropped/09_Metas/15/14/20190915143900_00149.jpg,datasets_flow/dataset_cropped/09_Metas/15/14/20190915143900_00149.jpg,datasets_cloudmask/dataset_cropped/09_Metas/15/14/20190915143900_00149.png,755.7,695.5,212.2,27.8,961
9/15/2019 14:40,datasets/dataset_cropped/09_Metas/15/14/20190915144000_00149.jpg,datasets_flow/dataset_cropped/09_Metas/15/14/20190915144000_00149.jpg,datasets_cloudmask/dataset_cropped/09_Metas/15/14/20190915144000_00149.png,756.6,695.9,213.8,28,961
9/15/2019 14:41,datasets/dataset_cropped/09_Metas/15/14/20190915144100_00149.jpg,datasets_flow/dataset_cropped/09_Metas/15/14/20190915144100_00149.jpg,datasets_cloudmask/dataset_cropped/09_Metas/15/14/20190915144100_00149.png,754.7,691.4,216.2,27.9,961
9/15/2019 14:42,datasets/dataset_cropped/09_Metas/15/14/20190915144200_00149.jpg,datasets_flow/dataset_cropped/09_Metas/15/14/20190915144200_00149.jpg,datasets_cloudmask/dataset_cropped/09_Metas/15/14/20190915144200_00149.png,753.2,686,219.5,27.9,961
9/15/2019 14:43,datasets/dataset_cropped/09_Metas/15/14/20190915144300_00149.jpg,datasets_flow/dataset_cropped/09_Metas/15/14/20190915144300_00149.jpg,datasets_cloudmask/dataset_cropped/09_Metas/15/14/20190915144300_00149.png,752,681.7,222.6,28.1,961
9/15/2019 14:44,datasets/dataset_cropped/09_Metas/15/14/20190915144400_00149.jpg,datasets_flow/dataset_cropped/09_Metas/15/14/20190915144400_00149.jpg,datasets_cloudmask/dataset_cropped/09_Metas/15/14/20190915144400_00149.png,748.2,679.8,220.6,27.7,961
9/15/2019 14:45,datasets/dataset_cropped/09_Metas/15/14/20190915144500_00149.jpg,datasets_flow/dataset_cropped/09_Metas/15/14/20190915144500_00149.jpg,datasets_cloudmask/dataset_cropped/09_Metas/15/14/20190915144500_00149.png,741.6,673.8,218.7,27.5,961
9/15/2019 14:46,datasets/dataset_cropped/09_Metas/15/14/20190915144600_00149.jpg,datasets_flow/dataset_cropped/09_Metas/15/14/20190915144600_00149.jpg,datasets_cloudmask/dataset_cropped/09_Metas/15/14/20190915144600_00149.png,741.1,674.5,218.6,27.8,961
9/15/2019 14:47,datasets/dataset_cropped/09_Metas/15/14/20190915144700_00149.jpg,datasets_flow/dataset_cropped/09_Metas/15/14/20190915144700_00149.jpg,datasets_cloudmask/dataset_cropped/09_Metas/15/14/20190915144700_00149.png,738,673.7,217.2,27.8,961
9/15/2019 14:48,datasets/dataset_cropped/09_Metas/15/14/20190915144800_00149.jpg,datasets_flow/dataset_cropped/09_Metas/15/14/20190915144800_00149.jpg,datasets_cloudmask/dataset_cropped/09_Metas/15/14/20190915144800_00149.png,732.6,672.2,214.2,27.9,961
9/15/2019 14:49,datasets/dataset_cropped/09_Metas/15/14/20190915144900_00149.jpg,datasets_flow/dataset_cropped/09_Metas/15/14/20190915144900_00149.jpg,datasets_cloudmask/dataset_cropped/09_Metas/15/14/20190915144900_00149.png,733.2,676.1,212.7,27.8,961
9/15/2019 14:50,datasets/dataset_cropped/09_Metas/15/14/20190915145000_00149.jpg,datasets_flow/dataset_cropped/09_Metas/15/14/20190915145000_00149.jpg,datasets_cloudmask/dataset_cropped/09_Metas/15/14/20190915145000_00149.png,729.1,672.5,211.7,27.6,961
9/15/2019 14:51,datasets/dataset_cropped/09_Metas/15/14/20190915145100_00149.jpg,datasets_flow/dataset_cropped/09_Metas/15/14/20190915145100_00149.jpg,datasets_cloudmask/dataset_cropped/09_Metas/15/14/20190915145100_00149.png,729.5,676.5,210,27.4,961
9/15/2019 14:52,datasets/dataset_cropped/09_Metas/15/14/20190915145200_00149.jpg,datasets_flow/dataset_cropped/09_Metas/15/14/20190915145200_00149.jpg,datasets_cloudmask/dataset_cropped/09_Metas/15/14/20190915145200_00149.png,727.7,678.6,207.8,27.4,961
9/15/2019 14:53,datasets/dataset_cropped/09_Metas/15/14/20190915145300_00149.jpg,datasets_flow/dataset_cropped/09_Metas/15/14/20190915145300_00149.jpg,datasets_cloudmask/dataset_cropped/09_Metas/15/14/20190915145300_00149.png,728.5,683.8,205.5,27.5,961
9/15/2019 14:54,datasets/dataset_cropped/09_Metas/15/14/20190915145400_00149.jpg,datasets_flow/dataset_cropped/09_Metas/15/14/20190915145400_00149.jpg,datasets_cloudmask/dataset_cropped/09_Metas/15/14/20190915145400_00149.png,728.2,687.1,203.9,27.6,961
9/15/2019 14:55,datasets/dataset_cropped/09_Metas/15/14/20190915145500_00149.jpg,datasets_flow/dataset_cropped/09_Metas/15/14/20190915145500_00149.jpg,datasets_cloudmask/dataset_cropped/09_Metas/15/14/20190915145500_00149.png,725.5,686.8,202.8,27.5,961
9/15/2019 14:56,datasets/dataset_cropped/09_Metas/15/14/20190915145600_00149.jpg,datasets_flow/dataset_cropped/09_Metas/15/14/20190915145600_00149.jpg,datasets_cloudmask/dataset_cropped/09_Metas/15/14/20190915145600_00149.png,722.3,683.8,202.6,27.6,961
9/15/2019 14:57,datasets/dataset_cropped/09_Metas/15/14/20190915145700_00149.jpg,datasets_flow/dataset_cropped/09_Metas/15/14/20190915145700_00149.jpg,datasets_cloudmask/dataset_cropped/09_Metas/15/14/20190915145700_00149.png,718.5,679.7,203.3,27.4,961
9/15/2019 14:58,datasets/dataset_cropped/09_Metas/15/14/20190915145800_00149.jpg,datasets_flow/dataset_cropped/09_Metas/15/14/20190915145800_00149.jpg,datasets_cloudmask/dataset_cropped/09_Metas/15/14/20190915145800_00149.png,714.6,675.4,203.6,27.6,961
9/15/2019 14:59,datasets/dataset_cropped/09_Metas/15/14/20190915145900_00149.jpg,datasets_flow/dataset_cropped/09_Metas/15/14/20190915145900_00149.jpg,datasets_cloudmask/dataset_cropped/09_Metas/15/14/20190915145900_00149.png,710.6,671.3,203.5,27.9,961
9/15/2019 15:00,datasets/dataset_cropped/09_Metas/15/15/20190915150000_00149.jpg,datasets_flow/dataset_cropped/09_Metas/15/15/20190915150000_00149.jpg,datasets_cloudmask/dataset_cropped/09_Metas/15/15/20190915150000_00149.png,707.8,668.8,202.9,27.9,961
9/15/2019 15:01,datasets/dataset_cropped/09_Metas/15/15/20190915150100_00149.jpg,datasets_flow/dataset_cropped/09_Metas/15/15/20190915150100_00149.jpg,datasets_cloudmask/dataset_cropped/09_Metas/15/15/20190915150100_00149.png,706.2,667.7,202.7,27.6,961
9/15/2019 15:02,datasets/dataset_cropped/09_Metas/15/15/20190915150200_00149.jpg,datasets_flow/dataset_cropped/09_Metas/15/15/20190915150200_00149.jpg,datasets_cloudmask/dataset_cropped/09_Metas/15/15/20190915150200_00149.png,704.7,667.6,202.2,27.7,961
9/15/2019 15:03,datasets/dataset_cropped/09_Metas/15/15/20190915150300_00149.jpg,datasets_flow/dataset_cropped/09_Metas/15/15/20190915150300_00149.jpg,datasets_cloudmask/dataset_cropped/09_Metas/15/15/20190915150300_00149.png,704.7,669.8,202.3,27.9,961
9/15/2019 15:04,datasets/dataset_cropped/09_Metas/15/15/20190915150400_00149.jpg,datasets_flow/dataset_cropped/09_Metas/15/15/20190915150400_00149.jpg,datasets_cloudmask/dataset_cropped/09_Metas/15/15/20190915150400_00149.png,703.1,670.5,201.7,27.7,961
9/15/2019 15:05,datasets/dataset_cropped/09_Metas/15/15/20190915150500_00149.jpg,datasets_flow/dataset_cropped/09_Metas/15/15/20190915150500_00149.jpg,datasets_cloudmask/dataset_cropped/09_Metas/15/15/20190915150500_00149.png,701.2,670.2,201,27.5,961
9/15/2019 15:06,datasets/dataset_cropped/09_Metas/15/15/20190915150600_00149.jpg,datasets_flow/dataset_cropped/09_Metas/15/15/20190915150600_00149.jpg,datasets_cloudmask/dataset_cropped/09_Metas/15/15/20190915150600_00149.png,696.8,665.9,200.7,27.5,961
9/15/2019 15:07,datasets/dataset_cropped/09_Metas/15/15/20190915150700_00149.jpg,datasets_flow/dataset_cropped/09_Metas/15/15/20190915150700_00149.jpg,datasets_cloudmask/dataset_cropped/09_Metas/15/15/20190915150700_00149.png,696.4,667.7,199.3,27.5,961
9/15/2019 15:08,datasets/dataset_cropped/09_Metas/15/15/20190915150800_00149.jpg,datasets_flow/dataset_cropped/09_Metas/15/15/20190915150800_00149.jpg,datasets_cloudmask/dataset_cropped/09_Metas/15/15/20190915150800_00149.png,693.8,666.3,198.7,27.6,961
9/15/2019 15:09,datasets/dataset_cropped/09_Metas/15/15/20190915150900_00149.jpg,datasets_flow/dataset_cropped/09_Metas/15/15/20190915150900_00149.jpg,datasets_cloudmask/dataset_cropped/09_Metas/15/15/20190915150900_00149.png,692.3,665.8,198.6,27.5,961
9/15/2019 15:10,datasets/dataset_cropped/09_Metas/15/15/20190915151000_00149.jpg,datasets_flow/dataset_cropped/09_Metas/15/15/20190915151000_00149.jpg,datasets_cloudmask/dataset_cropped/09_Metas/15/15/20190915151000_00149.png,688.2,661.9,198.7,27.5,961
9/15/2019 15:11,datasets/dataset_cropped/09_Metas/15/15/20190915151100_00149.jpg,datasets_flow/dataset_cropped/09_Metas/15/15/20190915151100_00149.jpg,datasets_cloudmask/dataset_cropped/09_Metas/15/15/20190915151100_00149.png,684.9,659.2,198.9,27.6,961
9/15/2019 15:12,datasets/dataset_cropped/09_Metas/15/15/20190915151200_00149.jpg,datasets_flow/dataset_cropped/09_Metas/15/15/20190915151200_00149.jpg,datasets_cloudmask/dataset_cropped/09_Metas/15/15/20190915151200_00149.png,684,659,199.5,27.6,961
9/15/2019 15:13,datasets/dataset_cropped/09_Metas/15/15/20190915151300_00149.jpg,datasets_flow/dataset_cropped/09_Metas/15/15/20190915151300_00149.jpg,datasets_cloudmask/dataset_cropped/09_Metas/15/15/20190915151300_00149.png,681.8,657.5,199.7,27.6,961
9/15/2019 15:14,datasets/dataset_cropped/09_Metas/15/15/20190915151400_00149.jpg,datasets_flow/dataset_cropped/09_Metas/15/15/20190915151400_00149.jpg,datasets_cloudmask/dataset_cropped/09_Metas/15/15/20190915151400_00149.png,679.7,655.9,199.2,27.8,961
9/15/2019 15:15,datasets/dataset_cropped/09_Metas/15/15/20190915151500_00149.jpg,datasets_flow/dataset_cropped/09_Metas/15/15/20190915151500_00149.jpg,datasets_cloudmask/dataset_cropped/09_Metas/15/15/20190915151500_00149.png,678,656,198.3,27.7,961
9/15/2019 15:16,datasets/dataset_cropped/09_Metas/15/15/20190915151600_00149.jpg,datasets_flow/dataset_cropped/09_Metas/15/15/20190915151600_00149.jpg,datasets_cloudmask/dataset_cropped/09_Metas/15/15/20190915151600_00149.png,677,656.6,197.8,27.8,961
9/15/2019 15:17,datasets/dataset_cropped/09_Metas/15/15/20190915151700_00149.jpg,datasets_flow/dataset_cropped/09_Metas/15/15/20190915151700_00149.jpg,datasets_cloudmask/dataset_cropped/09_Metas/15/15/20190915151700_00149.png,675.1,655.9,197.6,27.6,961
9/15/2019 15:18,datasets/dataset_cropped/09_Metas/15/15/20190915151800_00149.jpg,datasets_flow/dataset_cropped/09_Metas/15/15/20190915151800_00149.jpg,datasets_cloudmask/dataset_cropped/09_Metas/15/15/20190915151800_00149.png,674.4,657.6,196.8,27.3,961
9/15/2019 15:19,datasets/dataset_cropped/09_Metas/15/15/20190915151900_00149.jpg,datasets_flow/dataset_cropped/09_Metas/15/15/20190915151900_00149.jpg,datasets_cloudmask/dataset_cropped/09_Metas/15/15/20190915151900_00149.png,671.6,656.8,196.3,27.4,961
9/15/2019 15:20,datasets/dataset_cropped/09_Metas/15/15/20190915152000_00149.jpg,datasets_flow/dataset_cropped/09_Metas/15/15/20190915152000_00149.jpg,datasets_cloudmask/dataset_cropped/09_Metas/15/15/20190915152000_00149.png,669.1,655.7,195.9,27.4,961
9/15/2019 15:21,datasets/dataset_cropped/09_Metas/15/15/20190915152100_00149.jpg,datasets_flow/dataset_cropped/09_Metas/15/15/20190915152100_00149.jpg,datasets_cloudmask/dataset_cropped/09_Metas/15/15/20190915152100_00149.png,666.1,652.5,196.5,27.6,961
9/15/2019 15:22,datasets/dataset_cropped/09_Metas/15/15/20190915152200_00149.jpg,datasets_flow/dataset_cropped/09_Metas/15/15/20190915152200_00149.jpg,datasets_cloudmask/dataset_cropped/09_Metas/15/15/20190915152200_00149.png,663.3,650.5,196.7,27.5,961
9/15/2019 15:23,datasets/dataset_cropped/09_Metas/15/15/20190915152300_00149.jpg,datasets_flow/dataset_cropped/09_Metas/15/15/20190915152300_00149.jpg,datasets_cloudmask/dataset_cropped/09_Metas/15/15/20190915152300_00149.png,661.7,650.5,196.4,27.5,961
9/15/2019 15:24,datasets/dataset_cropped/09_Metas/15/15/20190915152400_00149.jpg,datasets_flow/dataset_cropped/09_Metas/15/15/20190915152400_00149.jpg,datasets_cloudmask/dataset_cropped/09_Metas/15/15/20190915152400_00149.png,661.3,652,196.6,27.6,961
9/15/2019 15:25,datasets/dataset_cropped/09_Metas/15/15/20190915152500_00149.jpg,datasets_flow/dataset_cropped/09_Metas/15/15/20190915152500_00149.jpg,datasets_cloudmask/dataset_cropped/09_Metas/15/15/20190915152500_00149.png,658,649.3,196.3,27.4,961
9/15/2019 15:26,datasets/dataset_cropped/09_Metas/15/15/20190915152600_00149.jpg,datasets_flow/dataset_cropped/09_Metas/15/15/20190915152600_00149.jpg,datasets_cloudmask/dataset_cropped/09_Metas/15/15/20190915152600_00149.png,655.2,647.7,195.9,27.5,961
9/15/2019 15:27,datasets/dataset_cropped/09_Metas/15/15/20190915152700_00149.jpg,datasets_flow/dataset_cropped/09_Metas/15/15/20190915152700_00149.jpg,datasets_cloudmask/dataset_cropped/09_Metas/15/15/20190915152700_00149.png,652.4,646.3,195.8,27.6,961
9/15/2019 15:28,datasets/dataset_cropped/09_Metas/15/15/20190915152800_00149.jpg,datasets_flow/dataset_cropped/09_Metas/15/15/20190915152800_00149.jpg,datasets_cloudmask/dataset_cropped/09_Metas/15/15/20190915152800_00149.png,650.2,646.4,195,27.6,961
9/15/2019 15:29,datasets/dataset_cropped/09_Metas/15/15/20190915152900_00149.jpg,datasets_flow/dataset_cropped/09_Metas/15/15/20190915152900_00149.jpg,datasets_cloudmask/dataset_cropped/09_Metas/15/15/20190915152900_00149.png,649.2,647.9,193.9,27.3,961
9/15/2019 15:30,datasets/dataset_cropped/09_Metas/15/15/20190915153000_00149.jpg,datasets_flow/dataset_cropped/09_Metas/15/15/20190915153000_00149.jpg,datasets_cloudmask/dataset_cropped/09_Metas/15/15/20190915153000_00149.png,647.8,648.8,193.3,27.5,961
9/15/2019 15:31,datasets/dataset_cropped/09_Metas/15/15/20190915153100_00149.jpg,datasets_flow/dataset_cropped/09_Metas/15/15/20190915153100_00149.jpg,datasets_cloudmask/dataset_cropped/09_Metas/15/15/20190915153100_00149.png,644.3,646.2,193.1,27.4,961
9/15/2019 15:32,datasets/dataset_cropped/09_Metas/15/15/20190915153200_00149.jpg,datasets_flow/dataset_cropped/09_Metas/15/15/20190915153200_00149.jpg,datasets_cloudmask/dataset_cropped/09_Metas/15/15/20190915153200_00149.png,640.9,644,192.3,27.5,961
9/15/2019 15:33,datasets/dataset_cropped/09_Metas/15/15/20190915153300_00149.jpg,datasets_flow/dataset_cropped/09_Metas/15/15/20190915153300_00149.jpg,datasets_cloudmask/dataset_cropped/09_Metas/15/15/20190915153300_00149.png,638,642.7,192,27.9,961
9/15/2019 15:34,datasets/dataset_cropped/09_Metas/15/15/20190915153400_00149.jpg,datasets_flow/dataset_cropped/09_Metas/15/15/20190915153400_00149.jpg,datasets_cloudmask/dataset_cropped/09_Metas/15/15/20190915153400_00149.png,635.7,641.4,191.8,28.1,961
9/15/2019 15:35,datasets/dataset_cropped/09_Metas/15/15/20190915153500_00149.jpg,datasets_flow/dataset_cropped/09_Metas/15/15/20190915153500_00149.jpg,datasets_cloudmask/dataset_cropped/09_Metas/15/15/20190915153500_00149.png,634.1,641.2,191.6,28.1,961
9/15/2019 15:36,datasets/dataset_cropped/09_Metas/15/15/20190915153600_00149.jpg,datasets_flow/dataset_cropped/09_Metas/15/15/20190915153600_00149.jpg,datasets_cloudmask/dataset_cropped/09_Metas/15/15/20190915153600_00149.png,632.1,639.8,191.6,28,961
9/15/2019 15:37,datasets/dataset_cropped/09_Metas/15/15/20190915153700_00149.jpg,datasets_flow/dataset_cropped/09_Metas/15/15/20190915153700_00149.jpg,datasets_cloudmask/dataset_cropped/09_Metas/15/15/20190915153700_00149.png,629.8,638.9,191.5,27.7,961
9/15/2019 15:38,datasets/dataset_cropped/09_Metas/15/15/20190915153800_00149.jpg,datasets_flow/dataset_cropped/09_Metas/15/15/20190915153800_00149.jpg,datasets_cloudmask/dataset_cropped/09_Metas/15/15/20190915153800_00149.png,627.6,638.2,191,27.5,961
9/15/2019 15:39,datasets/dataset_cropped/09_Metas/15/15/20190915153900_00149.jpg,datasets_flow/dataset_cropped/09_Metas/15/15/20190915153900_00149.jpg,datasets_cloudmask/dataset_cropped/09_Metas/15/15/20190915153900_00149.png,624.3,635.9,190.5,27.3,961
9/15/2019 15:40,datasets/dataset_cropped/09_Metas/15/15/20190915154000_00149.jpg,datasets_flow/dataset_cropped/09_Metas/15/15/20190915154000_00149.jpg,datasets_cloudmask/dataset_cropped/09_Metas/15/15/20190915154000_00149.png,621.2,634.3,189.8,27.3,961
9/15/2019 15:41,datasets/dataset_cropped/09_Metas/15/15/20190915154100_00149.jpg,datasets_flow/dataset_cropped/09_Metas/15/15/20190915154100_00149.jpg,datasets_cloudmask/dataset_cropped/09_Metas/15/15/20190915154100_00149.png,619.3,634.5,189.2,27.4,961
9/15/2019 15:42,datasets/dataset_cropped/09_Metas/15/15/20190915154200_00149.jpg,datasets_flow/dataset_cropped/09_Metas/15/15/20190915154200_00149.jpg,datasets_cloudmask/dataset_cropped/09_Metas/15/15/20190915154200_00149.png,617,634,189,27.4,961
9/15/2019 15:43,datasets/dataset_cropped/09_Metas/15/15/20190915154300_00149.jpg,datasets_flow/dataset_cropped/09_Metas/15/15/20190915154300_00149.jpg,datasets_cloudmask/dataset_cropped/09_Metas/15/15/20190915154300_00149.png,615.3,633.8,189.2,27.6,961
9/15/2019 15:44,datasets/dataset_cropped/09_Metas/15/15/20190915154400_00149.jpg,datasets_flow/dataset_cropped/09_Metas/15/15/20190915154400_00149.jpg,datasets_cloudmask/dataset_cropped/09_Metas/15/15/20190915154400_00149.png,613.2,633.2,189,27.4,961
9/15/2019 15:45,datasets/dataset_cropped/09_Metas/15/15/20190915154500_00149.jpg,datasets_flow/dataset_cropped/09_Metas/15/15/20190915154500_00149.jpg,datasets_cloudmask/dataset_cropped/09_Metas/15/15/20190915154500_00149.png,611.9,634.2,189,27.2,961
9/15/2019 15:46,datasets/dataset_cropped/09_Metas/15/15/20190915154600_00149.jpg,datasets_flow/dataset_cropped/09_Metas/15/15/20190915154600_00149.jpg,datasets_cloudmask/dataset_cropped/09_Metas/15/15/20190915154600_00149.png,608.6,631.3,189.1,27.3,961
9/15/2019 15:47,datasets/dataset_cropped/09_Metas/15/15/20190915154700_00149.jpg,datasets_flow/dataset_cropped/09_Metas/15/15/20190915154700_00149.jpg,datasets_cloudmask/dataset_cropped/09_Metas/15/15/20190915154700_00149.png,605.5,629,189,27.3,961
9/15/2019 15:48,datasets/dataset_cropped/09_Metas/15/15/20190915154800_00149.jpg,datasets_flow/dataset_cropped/09_Metas/15/15/20190915154800_00149.jpg,datasets_cloudmask/dataset_cropped/09_Metas/15/15/20190915154800_00149.png,602.5,627.4,188.3,27.3,961
9/15/2019 15:49,datasets/dataset_cropped/09_Metas/15/15/20190915154900_00149.jpg,datasets_flow/dataset_cropped/09_Metas/15/15/20190915154900_00149.jpg,datasets_cloudmask/dataset_cropped/09_Metas/15/15/20190915154900_00149.png,600,626.4,187.6,27.4,961
9/15/2019 15:50,datasets/dataset_cropped/09_Metas/15/15/20190915155000_00149.jpg,datasets_flow/dataset_cropped/09_Metas/15/15/20190915155000_00149.jpg,datasets_cloudmask/dataset_cropped/09_Metas/15/15/20190915155000_00149.png,597.4,625.4,187.4,27.4,961
9/15/2019 15:51,datasets/dataset_cropped/09_Metas/15/15/20190915155100_00149.jpg,datasets_flow/dataset_cropped/09_Metas/15/15/20190915155100_00149.jpg,datasets_cloudmask/dataset_cropped/09_Metas/15/15/20190915155100_00149.png,594.9,624.1,187.4,27.6,961
9/15/2019 15:52,datasets/dataset_cropped/09_Metas/15/15/20190915155200_00149.jpg,datasets_flow/dataset_cropped/09_Metas/15/15/20190915155200_00149.jpg,datasets_cloudmask/dataset_cropped/09_Metas/15/15/20190915155200_00149.png,591.6,621.7,187.2,27.7,961
9/15/2019 15:53,datasets/dataset_cropped/09_Metas/15/15/20190915155300_00149.jpg,datasets_flow/dataset_cropped/09_Metas/15/15/20190915155300_00149.jpg,datasets_cloudmask/dataset_cropped/09_Metas/15/15/20190915155300_00149.png,587.8,619.2,186.4,27.8,961
9/15/2019 15:54,datasets/dataset_cropped/09_Metas/15/15/20190915155400_00149.jpg,datasets_flow/dataset_cropped/09_Metas/15/15/20190915155400_00149.jpg,datasets_cloudmask/dataset_cropped/09_Metas/15/15/20190915155400_00149.png,583.6,614.7,186.5,27.7,961
9/15/2019 15:55,datasets/dataset_cropped/09_Metas/15/15/20190915155500_00149.jpg,datasets_flow/dataset_cropped/09_Metas/15/15/20190915155500_00149.jpg,datasets_cloudmask/dataset_cropped/09_Metas/15/15/20190915155500_00149.png,579.6,611.4,186.1,27.6,961
9/15/2019 15:56,datasets/dataset_cropped/09_Metas/15/15/20190915155600_00149.jpg,datasets_flow/dataset_cropped/09_Metas/15/15/20190915155600_00149.jpg,datasets_cloudmask/dataset_cropped/09_Metas/15/15/20190915155600_00149.png,577,610.2,185.4,27.4,961
9/15/2019 15:57,datasets/dataset_cropped/09_Metas/15/15/20190915155700_00149.jpg,datasets_flow/dataset_cropped/09_Metas/15/15/20190915155700_00149.jpg,datasets_cloudmask/dataset_cropped/09_Metas/15/15/20190915155700_00149.png,576.1,612.1,184.6,27.4,961
9/15/2019 15:58,datasets/dataset_cropped/09_Metas/15/15/20190915155800_00149.jpg,datasets_flow/dataset_cropped/09_Metas/15/15/20190915155800_00149.jpg,datasets_cloudmask/dataset_cropped/09_Metas/15/15/20190915155800_00149.png,574.6,613.1,183.8,27.3,961
9/15/2019 15:59,datasets/dataset_cropped/09_Metas/15/15/20190915155900_00149.jpg,datasets_flow/dataset_cropped/09_Metas/15/15/20190915155900_00149.jpg,datasets_cloudmask/dataset_cropped/09_Metas/15/15/20190915155900_00149.png,571.2,610.8,183.5,27.4,961
9/15/2019 16:00,datasets/dataset_cropped/09_Metas/15/16/20190915160000_00149.jpg,datasets_flow/dataset_cropped/09_Metas/15/16/20190915160000_00149.jpg,datasets_cloudmask/dataset_cropped/09_Metas/15/16/20190915160000_00149.png,568.3,608.7,183.6,27.5,961
9/15/2019 16:01,datasets/dataset_cropped/09_Metas/15/16/20190915160100_00149.jpg,datasets_flow/dataset_cropped/09_Metas/15/16/20190915160100_00149.jpg,datasets_cloudmask/dataset_cropped/09_Metas/15/16/20190915160100_00149.png,563.5,603.5,183.5,27.5,961
9/15/2019 16:02,datasets/dataset_cropped/09_Metas/15/16/20190915160200_00149.jpg,datasets_flow/dataset_cropped/09_Metas/15/16/20190915160200_00149.jpg,datasets_cloudmask/dataset_cropped/09_Metas/15/16/20190915160200_00149.png,561.4,603.2,183.5,27.7,961
9/15/2019 16:03,datasets/dataset_cropped/09_Metas/15/16/20190915160300_00149.jpg,datasets_flow/dataset_cropped/09_Metas/15/16/20190915160300_00149.jpg,datasets_cloudmask/dataset_cropped/09_Metas/15/16/20190915160300_00149.png,560.2,604.1,183.2,27.6,961
9/15/2019 16:04,datasets/dataset_cropped/09_Metas/15/16/20190915160400_00149.jpg,datasets_flow/dataset_cropped/09_Metas/15/16/20190915160400_00149.jpg,datasets_cloudmask/dataset_cropped/09_Metas/15/16/20190915160400_00149.png,558.8,605.3,182.5,27.7,961
9/15/2019 16:05,datasets/dataset_cropped/09_Metas/15/16/20190915160500_00149.jpg,datasets_flow/dataset_cropped/09_Metas/15/16/20190915160500_00149.jpg,datasets_cloudmask/dataset_cropped/09_Metas/15/16/20190915160500_00149.png,556.6,605.1,182,27.7,961
9/15/2019 16:06,datasets/dataset_cropped/09_Metas/15/16/20190915160600_00149.jpg,datasets_flow/dataset_cropped/09_Metas/15/16/20190915160600_00149.jpg,datasets_cloudmask/dataset_cropped/09_Metas/15/16/20190915160600_00149.png,551.4,600.3,181.1,27.6,961
9/15/2019 16:07,datasets/dataset_cropped/09_Metas/15/16/20190915160700_00149.jpg,datasets_flow/dataset_cropped/09_Metas/15/16/20190915160700_00149.jpg,datasets_cloudmask/dataset_cropped/09_Metas/15/16/20190915160700_00149.png,547.4,596.5,181.2,27.4,961
9/15/2019 16:08,datasets/dataset_cropped/09_Metas/15/16/20190915160800_00149.jpg,datasets_flow/dataset_cropped/09_Metas/15/16/20190915160800_00149.jpg,datasets_cloudmask/dataset_cropped/09_Metas/15/16/20190915160800_00149.png,544.1,594.7,180.8,27.4,961
9/15/2019 16:09,datasets/dataset_cropped/09_Metas/15/16/20190915160900_00149.jpg,datasets_flow/dataset_cropped/09_Metas/15/16/20190915160900_00149.jpg,datasets_cloudmask/dataset_cropped/09_Metas/15/16/20190915160900_00149.png,540.2,591.1,180.6,27.5,961
9/15/2019 16:10,datasets/dataset_cropped/09_Metas/15/16/20190915161000_00149.jpg,datasets_flow/dataset_cropped/09_Metas/15/16/20190915161000_00149.jpg,datasets_cloudmask/dataset_cropped/09_Metas/15/16/20190915161000_00149.png,537.1,588.2,180.7,27.3,961
9/15/2019 16:11,datasets/dataset_cropped/09_Metas/15/16/20190915161100_00149.jpg,datasets_flow/dataset_cropped/09_Metas/15/16/20190915161100_00149.jpg,datasets_cloudmask/dataset_cropped/09_Metas/15/16/20190915161100_00149.png,532.8,583.7,180.6,27.3,961
9/15/2019 16:12,datasets/dataset_cropped/09_Metas/15/16/20190915161200_00149.jpg,datasets_flow/dataset_cropped/09_Metas/15/16/20190915161200_00149.jpg,datasets_cloudmask/dataset_cropped/09_Metas/15/16/20190915161200_00149.png,527.2,577.5,180,27.4,961
9/15/2019 16:13,datasets/dataset_cropped/09_Metas/15/16/20190915161300_00149.jpg,datasets_flow/dataset_cropped/09_Metas/15/16/20190915161300_00149.jpg,datasets_cloudmask/dataset_cropped/09_Metas/15/16/20190915161300_00149.png,523.7,575,179.7,27.2,961
9/15/2019 16:14,datasets/dataset_cropped/09_Metas/15/16/20190915161400_00149.jpg,datasets_flow/dataset_cropped/09_Metas/15/16/20190915161400_00149.jpg,datasets_cloudmask/dataset_cropped/09_Metas/15/16/20190915161400_00149.png,524.8,580.2,179.4,27.2,961
9/15/2019 16:15,datasets/dataset_cropped/09_Metas/15/16/20190915161500_00149.jpg,datasets_flow/dataset_cropped/09_Metas/15/16/20190915161500_00149.jpg,datasets_cloudmask/dataset_cropped/09_Metas/15/16/20190915161500_00149.png,523.7,580.9,179.5,27.2,961
9/15/2019 16:16,datasets/dataset_cropped/09_Metas/15/16/20190915161600_00149.jpg,datasets_flow/dataset_cropped/09_Metas/15/16/20190915161600_00149.jpg,datasets_cloudmask/dataset_cropped/09_Metas/15/16/20190915161600_00149.png,518.7,574.9,179.5,27.4,961
9/15/2019 16:17,datasets/dataset_cropped/09_Metas/15/16/20190915161700_00149.jpg,datasets_flow/dataset_cropped/09_Metas/15/16/20190915161700_00149.jpg,datasets_cloudmask/dataset_cropped/09_Metas/15/16/20190915161700_00149.png,514.3,570.5,179.2,27.2,961
9/15/2019 16:18,datasets/dataset_cropped/09_Metas/15/16/20190915161800_00149.jpg,datasets_flow/dataset_cropped/09_Metas/15/16/20190915161800_00149.jpg,datasets_cloudmask/dataset_cropped/09_Metas/15/16/20190915161800_00149.png,512.1,570.3,179,27.2,961
9/15/2019 16:19,datasets/dataset_cropped/09_Metas/15/16/20190915161900_00149.jpg,datasets_flow/dataset_cropped/09_Metas/15/16/20190915161900_00149.jpg,datasets_cloudmask/dataset_cropped/09_Metas/15/16/20190915161900_00149.png,510.3,571.8,178.3,27.4,961
9/15/2019 16:20,datasets/dataset_cropped/09_Metas/15/16/20190915162000_00149.jpg,datasets_flow/dataset_cropped/09_Metas/15/16/20190915162000_00149.jpg,datasets_cloudmask/dataset_cropped/09_Metas/15/16/20190915162000_00149.png,509.3,575.1,177.3,27.4,961
9/15/2019 16:21,datasets/dataset_cropped/09_Metas/15/16/20190915162100_00149.jpg,datasets_flow/dataset_cropped/09_Metas/15/16/20190915162100_00149.jpg,datasets_cloudmask/dataset_cropped/09_Metas/15/16/20190915162100_00149.png,506.2,574.2,176,27.6,961
9/15/2019 16:22,datasets/dataset_cropped/09_Metas/15/16/20190915162200_00149.jpg,datasets_flow/dataset_cropped/09_Metas/15/16/20190915162200_00149.jpg,datasets_cloudmask/dataset_cropped/09_Metas/15/16/20190915162200_00149.png,504.1,575.5,174.4,27.5,961
9/15/2019 16:23,datasets/dataset_cropped/09_Metas/15/16/20190915162300_00149.jpg,datasets_flow/dataset_cropped/09_Metas/15/16/20190915162300_00149.jpg,datasets_cloudmask/dataset_cropped/09_Metas/15/16/20190915162300_00149.png,501.9,576.1,173,27.4,961
9/15/2019 16:24,datasets/dataset_cropped/09_Metas/15/16/20190915162400_00149.jpg,datasets_flow/dataset_cropped/09_Metas/15/16/20190915162400_00149.jpg,datasets_cloudmask/dataset_cropped/09_Metas/15/16/20190915162400_00149.png,498,572.8,172.3,27.3,961
9/15/2019 16:25,datasets/dataset_cropped/09_Metas/15/16/20190915162500_00149.jpg,datasets_flow/dataset_cropped/09_Metas/15/16/20190915162500_00149.jpg,datasets_cloudmask/dataset_cropped/09_Metas/15/16/20190915162500_00149.png,494.7,570.5,171.7,27.3,961
9/15/2019 16:26,datasets/dataset_cropped/09_Metas/15/16/20190915162600_00149.jpg,datasets_flow/dataset_cropped/09_Metas/15/16/20190915162600_00149.jpg,datasets_cloudmask/dataset_cropped/09_Metas/15/16/20190915162600_00149.png,491.7,568.1,171.8,27.3,961
9/15/2019 16:27,datasets/dataset_cropped/09_Metas/15/16/20190915162700_00149.jpg,datasets_flow/dataset_cropped/09_Metas/15/16/20190915162700_00149.jpg,datasets_cloudmask/dataset_cropped/09_Metas/15/16/20190915162700_00149.png,488.8,567,171.4,27.3,961
9/15/2019 16:28,datasets/dataset_cropped/09_Metas/15/16/20190915162800_00149.jpg,datasets_flow/dataset_cropped/09_Metas/15/16/20190915162800_00149.jpg,datasets_cloudmask/dataset_cropped/09_Metas/15/16/20190915162800_00149.png,484.6,563.4,171,27.3,961
9/15/2019 16:29,datasets/dataset_cropped/09_Metas/15/16/20190915162900_00149.jpg,datasets_flow/dataset_cropped/09_Metas/15/16/20190915162900_00149.jpg,datasets_cloudmask/dataset_cropped/09_Metas/15/16/20190915162900_00149.png,480.2,559.2,170.8,27.3,961
9/15/2019 16:30,datasets/dataset_cropped/09_Metas/15/16/20190915163000_00149.jpg,datasets_flow/dataset_cropped/09_Metas/15/16/20190915163000_00149.jpg,datasets_cloudmask/dataset_cropped/09_Metas/15/16/20190915163000_00149.png,475.7,553.7,170.9,27.3,961
9/15/2019 16:31,datasets/dataset_cropped/09_Metas/15/16/20190915163100_00149.jpg,datasets_flow/dataset_cropped/09_Metas/15/16/20190915163100_00149.jpg,datasets_cloudmask/dataset_cropped/09_Metas/15/16/20190915163100_00149.png,471.1,548.8,170.5,27.1,961
9/15/2019 16:32,datasets/dataset_cropped/09_Metas/15/16/20190915163200_00149.jpg,datasets_flow/dataset_cropped/09_Metas/15/16/20190915163200_00149.jpg,datasets_cloudmask/dataset_cropped/09_Metas/15/16/20190915163200_00149.png,468.3,546.9,170.1,26.9,961
9/15/2019 16:33,datasets/dataset_cropped/09_Metas/15/16/20190915163300_00149.jpg,datasets_flow/dataset_cropped/09_Metas/15/16/20190915163300_00149.jpg,datasets_cloudmask/dataset_cropped/09_Metas/15/16/20190915163300_00149.png,465.7,545.7,169.9,27,961
9/15/2019 16:34,datasets/dataset_cropped/09_Metas/15/16/20190915163400_00149.jpg,datasets_flow/dataset_cropped/09_Metas/15/16/20190915163400_00149.jpg,datasets_cloudmask/dataset_cropped/09_Metas/15/16/20190915163400_00149.png,461.9,543.2,168.8,27.3,961
9/15/2019 16:35,datasets/dataset_cropped/09_Metas/15/16/20190915163500_00149.jpg,datasets_flow/dataset_cropped/09_Metas/15/16/20190915163500_00149.jpg,datasets_cloudmask/dataset_cropped/09_Metas/15/16/20190915163500_00149.png,459.9,543.8,167.7,27.4,961
9/15/2019 16:36,datasets/dataset_cropped/09_Metas/15/16/20190915163600_00149.jpg,datasets_flow/dataset_cropped/09_Metas/15/16/20190915163600_00149.jpg,datasets_cloudmask/dataset_cropped/09_Metas/15/16/20190915163600_00149.png,458.4,544.8,167.3,27.3,961
9/15/2019 16:37,datasets/dataset_cropped/09_Metas/15/16/20190915163700_00149.jpg,datasets_flow/dataset_cropped/09_Metas/15/16/20190915163700_00149.jpg,datasets_cloudmask/dataset_cropped/09_Metas/15/16/20190915163700_00149.png,456.2,543.8,167.4,27.1,961
9/15/2019 16:38,datasets/dataset_cropped/09_Metas/15/16/20190915163800_00149.jpg,datasets_flow/dataset_cropped/09_Metas/15/16/20190915163800_00149.jpg,datasets_cloudmask/dataset_cropped/09_Metas/15/16/20190915163800_00149.png,452.4,540.5,166.7,27,961
9/15/2019 16:39,datasets/dataset_cropped/09_Metas/15/16/20190915163900_00149.jpg,datasets_flow/dataset_cropped/09_Metas/15/16/20190915163900_00149.jpg,datasets_cloudmask/dataset_cropped/09_Metas/15/16/20190915163900_00149.png,449.4,539.6,165.9,27.1,961
9/15/2019 16:40,datasets/dataset_cropped/09_Metas/15/16/20190915164000_00149.jpg,datasets_flow/dataset_cropped/09_Metas/15/16/20190915164000_00149.jpg,datasets_cloudmask/dataset_cropped/09_Metas/15/16/20190915164000_00149.png,447.1,539.6,165,27,961
9/15/2019 16:41,datasets/dataset_cropped/09_Metas/15/16/20190915164100_00149.jpg,datasets_flow/dataset_cropped/09_Metas/15/16/20190915164100_00149.jpg,datasets_cloudmask/dataset_cropped/09_Metas/15/16/20190915164100_00149.png,443.3,535.8,165.1,26.8,961
9/15/2019 16:42,datasets/dataset_cropped/09_Metas/15/16/20190915164200_00149.jpg,datasets_flow/dataset_cropped/09_Metas/15/16/20190915164200_00149.jpg,datasets_cloudmask/dataset_cropped/09_Metas/15/16/20190915164200_00149.png,438.5,529.8,165,26.8,961
9/15/2019 16:43,datasets/dataset_cropped/09_Metas/15/16/20190915164300_00149.jpg,datasets_flow/dataset_cropped/09_Metas/15/16/20190915164300_00149.jpg,datasets_cloudmask/dataset_cropped/09_Metas/15/16/20190915164300_00149.png,434.6,525.7,164.8,26.9,961
9/15/2019 16:44,datasets/dataset_cropped/09_Metas/15/16/20190915164400_00149.jpg,datasets_flow/dataset_cropped/09_Metas/15/16/20190915164400_00149.jpg,datasets_cloudmask/dataset_cropped/09_Metas/15/16/20190915164400_00149.png,429.8,520.6,163.9,27,961
9/15/2019 16:45,datasets/dataset_cropped/09_Metas/15/16/20190915164500_00149.jpg,datasets_flow/dataset_cropped/09_Metas/15/16/20190915164500_00149.jpg,datasets_cloudmask/dataset_cropped/09_Metas/15/16/20190915164500_00149.png,426.6,518.3,163.1,26.8,961
9/15/2019 16:46,datasets/dataset_cropped/09_Metas/15/16/20190915164600_00149.jpg,datasets_flow/dataset_cropped/09_Metas/15/16/20190915164600_00149.jpg,datasets_cloudmask/dataset_cropped/09_Metas/15/16/20190915164600_00149.png,424.2,517.3,162.7,26.7,961
9/15/2019 16:47,datasets/dataset_cropped/09_Metas/15/16/20190915164700_00149.jpg,datasets_flow/dataset_cropped/09_Metas/15/16/20190915164700_00149.jpg,datasets_cloudmask/dataset_cropped/09_Metas/15/16/20190915164700_00149.png,422,516.7,162.5,26.8,961
9/15/2019 16:48,datasets/dataset_cropped/09_Metas/15/16/20190915164800_00149.jpg,datasets_flow/dataset_cropped/09_Metas/15/16/20190915164800_00149.jpg,datasets_cloudmask/dataset_cropped/09_Metas/15/16/20190915164800_00149.png,418.3,513.3,162.1,26.8,961
9/15/2019 16:49,datasets/dataset_cropped/09_Metas/15/16/20190915164900_00149.jpg,datasets_flow/dataset_cropped/09_Metas/15/16/20190915164900_00149.jpg,datasets_cloudmask/dataset_cropped/09_Metas/15/16/20190915164900_00149.png,416.3,513.3,161.8,26.9,961
9/15/2019 16:50,datasets/dataset_cropped/09_Metas/15/16/20190915165000_00149.jpg,datasets_flow/dataset_cropped/09_Metas/15/16/20190915165000_00149.jpg,datasets_cloudmask/dataset_cropped/09_Metas/15/16/20190915165000_00149.png,415.2,515.7,161.1,26.9,961
9/15/2019 16:51,datasets/dataset_cropped/09_Metas/15/16/20190915165100_00149.jpg,datasets_flow/dataset_cropped/09_Metas/15/16/20190915165100_00149.jpg,datasets_cloudmask/dataset_cropped/09_Metas/15/16/20190915165100_00149.png,413.5,516.8,160.5,26.8,961
9/15/2019 16:52,datasets/dataset_cropped/09_Metas/15/16/20190915165200_00149.jpg,datasets_flow/dataset_cropped/09_Metas/15/16/20190915165200_00149.jpg,datasets_cloudmask/dataset_cropped/09_Metas/15/16/20190915165200_00149.png,408.6,512.4,159.2,26.7,961
9/15/2019 16:53,datasets/dataset_cropped/09_Metas/15/16/20190915165300_00149.jpg,datasets_flow/dataset_cropped/09_Metas/15/16/20190915165300_00149.jpg,datasets_cloudmask/dataset_cropped/09_Metas/15/16/20190915165300_00149.png,403.3,506.3,158.4,26.7,961
9/15/2019 16:54,datasets/dataset_cropped/09_Metas/15/16/20190915165400_00149.jpg,datasets_flow/dataset_cropped/09_Metas/15/16/20190915165400_00149.jpg,datasets_cloudmask/dataset_cropped/09_Metas/15/16/20190915165400_00149.png,397.9,499.9,157.5,26.7,961
9/15/2019 16:55,datasets/dataset_cropped/09_Metas/15/16/20190915165500_00149.jpg,datasets_flow/dataset_cropped/09_Metas/15/16/20190915165500_00149.jpg,datasets_cloudmask/dataset_cropped/09_Metas/15/16/20190915165500_00149.png,394.3,496.5,157.2,26.8,961
9/15/2019 16:56,datasets/dataset_cropped/09_Metas/15/16/20190915165600_00149.jpg,datasets_flow/dataset_cropped/09_Metas/15/16/20190915165600_00149.jpg,datasets_cloudmask/dataset_cropped/09_Metas/15/16/20190915165600_00149.png,391.5,493.4,157.3,26.7,961
9/15/2019 16:57,datasets/dataset_cropped/09_Metas/15/16/20190915165700_00149.jpg,datasets_flow/dataset_cropped/09_Metas/15/16/20190915165700_00149.jpg,datasets_cloudmask/dataset_cropped/09_Metas/15/16/20190915165700_00149.png,387.7,487.9,157.6,26.7,961
9/15/2019 16:58,datasets/dataset_cropped/09_Metas/15/16/20190915165800_00149.jpg,datasets_flow/dataset_cropped/09_Metas/15/16/20190915165800_00149.jpg,datasets_cloudmask/dataset_cropped/09_Metas/15/16/20190915165800_00149.png,383.9,484.6,157,26.8,961
9/15/2019 16:59,datasets/dataset_cropped/09_Metas/15/16/20190915165900_00149.jpg,datasets_flow/dataset_cropped/09_Metas/15/16/20190915165900_00149.jpg,datasets_cloudmask/dataset_cropped/09_Metas/15/16/20190915165900_00149.png,381.3,483.3,156.6,26.8,961
9/15/2019 17:00,datasets/dataset_cropped/09_Metas/15/17/20190915170000_00149.jpg,datasets_flow/dataset_cropped/09_Metas/15/17/20190915170000_00149.jpg,datasets_cloudmask/dataset_cropped/09_Metas/15/17/20190915170000_00149.png,378.1,481,155.9,26.8,961
9/15/2019 17:01,datasets/dataset_cropped/09_Metas/15/17/20190915170100_00149.jpg,datasets_flow/dataset_cropped/09_Metas/15/17/20190915170100_00149.jpg,datasets_cloudmask/dataset_cropped/09_Metas/15/17/20190915170100_00149.png,374.5,477.6,155.1,26.8,961
9/15/2019 17:02,datasets/dataset_cropped/09_Metas/15/17/20190915170200_00149.jpg,datasets_flow/dataset_cropped/09_Metas/15/17/20190915170200_00149.jpg,datasets_cloudmask/dataset_cropped/09_Metas/15/17/20190915170200_00149.png,371.4,475.3,154.6,26.6,961
9/15/2019 17:03,datasets/dataset_cropped/09_Metas/15/17/20190915170300_00149.jpg,datasets_flow/dataset_cropped/09_Metas/15/17/20190915170300_00149.jpg,datasets_cloudmask/dataset_cropped/09_Metas/15/17/20190915170300_00149.png,368.5,473.7,153.8,26.8,961
9/15/2019 17:04,datasets/dataset_cropped/09_Metas/15/17/20190915170400_00149.jpg,datasets_flow/dataset_cropped/09_Metas/15/17/20190915170400_00149.jpg,datasets_cloudmask/dataset_cropped/09_Metas/15/17/20190915170400_00149.png,366.7,474.8,152.8,26.7,961
9/15/2019 17:05,datasets/dataset_cropped/09_Metas/15/17/20190915170500_00149.jpg,datasets_flow/dataset_cropped/09_Metas/15/17/20190915170500_00149.jpg,datasets_cloudmask/dataset_cropped/09_Metas/15/17/20190915170500_00149.png,363.4,472.3,151.8,26.6,961
9/15/2019 17:06,datasets/dataset_cropped/09_Metas/15/17/20190915170600_00149.jpg,datasets_flow/dataset_cropped/09_Metas/15/17/20190915170600_00149.jpg,datasets_cloudmask/dataset_cropped/09_Metas/15/17/20190915170600_00149.png,360.7,471.3,150.8,26.6,961
9/15/2019 17:07,datasets/dataset_cropped/09_Metas/15/17/20190915170700_00149.jpg,datasets_flow/dataset_cropped/09_Metas/15/17/20190915170700_00149.jpg,datasets_cloudmask/dataset_cropped/09_Metas/15/17/20190915170700_00149.png,356.5,466.9,149.9,26.5,961
9/15/2019 17:08,datasets/dataset_cropped/09_Metas/15/17/20190915170800_00149.jpg,datasets_flow/dataset_cropped/09_Metas/15/17/20190915170800_00149.jpg,datasets_cloudmask/dataset_cropped/09_Metas/15/17/20190915170800_00149.png,352.5,463.2,149,26.6,961
9/15/2019 17:09,datasets/dataset_cropped/09_Metas/15/17/20190915170900_00149.jpg,datasets_flow/dataset_cropped/09_Metas/15/17/20190915170900_00149.jpg,datasets_cloudmask/dataset_cropped/09_Metas/15/17/20190915170900_00149.png,348.4,459.3,148.1,26.6,961
9/15/2019 17:10,datasets/dataset_cropped/09_Metas/15/17/20190915171000_00149.jpg,datasets_flow/dataset_cropped/09_Metas/15/17/20190915171000_00149.jpg,datasets_cloudmask/dataset_cropped/09_Metas/15/17/20190915171000_00149.png,345.1,456.4,147.3,26.6,961
9/15/2019 17:11,datasets/dataset_cropped/09_Metas/15/17/20190915171100_00149.jpg,datasets_flow/dataset_cropped/09_Metas/15/17/20190915171100_00149.jpg,datasets_cloudmask/dataset_cropped/09_Metas/15/17/20190915171100_00149.png,344.2,458.8,146.8,26.5,961
9/15/2019 17:12,datasets/dataset_cropped/09_Metas/15/17/20190915171200_00149.jpg,datasets_flow/dataset_cropped/09_Metas/15/17/20190915171200_00149.jpg,datasets_cloudmask/dataset_cropped/09_Metas/15/17/20190915171200_00149.png,342.2,458.5,146.2,26.5,961
9/15/2019 17:13,datasets/dataset_cropped/09_Metas/15/17/20190915171300_00149.jpg,datasets_flow/dataset_cropped/09_Metas/15/17/20190915171300_00149.jpg,datasets_cloudmask/dataset_cropped/09_Metas/15/17/20190915171300_00149.png,338.1,453.1,145.6,26.6,961
9/15/2019 17:14,datasets/dataset_cropped/09_Metas/15/17/20190915171400_00149.jpg,datasets_flow/dataset_cropped/09_Metas/15/17/20190915171400_00149.jpg,datasets_cloudmask/dataset_cropped/09_Metas/15/17/20190915171400_00149.png,332.7,445,145.1,26.5,961
9/15/2019 17:15,datasets/dataset_cropped/09_Metas/15/17/20190915171500_00149.jpg,datasets_flow/dataset_cropped/09_Metas/15/17/20190915171500_00149.jpg,datasets_cloudmask/dataset_cropped/09_Metas/15/17/20190915171500_00149.png,328,438.2,144.7,26.4,961
9/15/2019 17:16,datasets/dataset_cropped/09_Metas/15/17/20190915171600_00149.jpg,datasets_flow/dataset_cropped/09_Metas/15/17/20190915171600_00149.jpg,datasets_cloudmask/dataset_cropped/09_Metas/15/17/20190915171600_00149.png,324.5,434.3,144.2,26.4,961
9/15/2019 17:17,datasets/dataset_cropped/09_Metas/15/17/20190915171700_00149.jpg,datasets_flow/dataset_cropped/09_Metas/15/17/20190915171700_00149.jpg,datasets_cloudmask/dataset_cropped/09_Metas/15/17/20190915171700_00149.png,321.4,430.7,144,26.5,961
9/15/2019 17:18,datasets/dataset_cropped/09_Metas/15/17/20190915171800_00149.jpg,datasets_flow/dataset_cropped/09_Metas/15/17/20190915171800_00149.jpg,datasets_cloudmask/dataset_cropped/09_Metas/15/17/20190915171800_00149.png,318,427,143.6,26.5,961
9/15/2019 17:19,datasets/dataset_cropped/09_Metas/15/17/20190915171900_00149.jpg,datasets_flow/dataset_cropped/09_Metas/15/17/20190915171900_00149.jpg,datasets_cloudmask/dataset_cropped/09_Metas/15/17/20190915171900_00149.png,314.8,423.9,143.1,26.4,961
9/15/2019 17:20,datasets/dataset_cropped/09_Metas/15/17/20190915172000_00149.jpg,datasets_flow/dataset_cropped/09_Metas/15/17/20190915172000_00149.jpg,datasets_cloudmask/dataset_cropped/09_Metas/15/17/20190915172000_00149.png,311.2,420.2,142.5,26.4,961
9/15/2019 17:21,datasets/dataset_cropped/09_Metas/15/17/20190915172100_00149.jpg,datasets_flow/dataset_cropped/09_Metas/15/17/20190915172100_00149.jpg,datasets_cloudmask/dataset_cropped/09_Metas/15/17/20190915172100_00149.png,307.3,415.9,141.7,26.5,961
9/15/2019 17:22,datasets/dataset_cropped/09_Metas/15/17/20190915172200_00149.jpg,datasets_flow/dataset_cropped/09_Metas/15/17/20190915172200_00149.jpg,datasets_cloudmask/dataset_cropped/09_Metas/15/17/20190915172200_00149.png,304.8,414.6,140.8,26.4,961
9/15/2019 17:23,datasets/dataset_cropped/09_Metas/15/17/20190915172300_00149.jpg,datasets_flow/dataset_cropped/09_Metas/15/17/20190915172300_00149.jpg,datasets_cloudmask/dataset_cropped/09_Metas/15/17/20190915172300_00149.png,301,410.5,139.5,26.4,961
9/15/2019 17:24,datasets/dataset_cropped/09_Metas/15/17/20190915172400_00149.jpg,datasets_flow/dataset_cropped/09_Metas/15/17/20190915172400_00149.jpg,datasets_cloudmask/dataset_cropped/09_Metas/15/17/20190915172400_00149.png,297.4,401.9,138.7,26.4,961
9/15/2019 17:25,datasets/dataset_cropped/09_Metas/15/17/20190915172500_00149.jpg,datasets_flow/dataset_cropped/09_Metas/15/17/20190915172500_00149.jpg,datasets_cloudmask/dataset_cropped/09_Metas/15/17/20190915172500_00149.png,294.2,404.8,137.9,26.3,961
9/15/2019 17:26,datasets/dataset_cropped/09_Metas/15/17/20190915172600_00149.jpg,datasets_flow/dataset_cropped/09_Metas/15/17/20190915172600_00149.jpg,datasets_cloudmask/dataset_cropped/09_Metas/15/17/20190915172600_00149.png,291.1,402.2,137.1,26.3,961
9/15/2019 17:27,datasets/dataset_cropped/09_Metas/15/17/20190915172700_00149.jpg,datasets_flow/dataset_cropped/09_Metas/15/17/20190915172700_00149.jpg,datasets_cloudmask/dataset_cropped/09_Metas/15/17/20190915172700_00149.png,287.8,398.3,136.3,26.3,961
9/15/2019 17:28,datasets/dataset_cropped/09_Metas/15/17/20190915172800_00149.jpg,datasets_flow/dataset_cropped/09_Metas/15/17/20190915172800_00149.jpg,datasets_cloudmask/dataset_cropped/09_Metas/15/17/20190915172800_00149.png,284.7,395.3,135.7,26.4,961
9/15/2019 17:29,datasets/dataset_cropped/09_Metas/15/17/20190915172900_00149.jpg,datasets_flow/dataset_cropped/09_Metas/15/17/20190915172900_00149.jpg,datasets_cloudmask/dataset_cropped/09_Metas/15/17/20190915172900_00149.png,281.9,392.8,135.2,26.4,961
9/15/2019 17:30,datasets/dataset_cropped/09_Metas/15/17/20190915173000_00149.jpg,datasets_flow/dataset_cropped/09_Metas/15/17/20190915173000_00149.jpg,datasets_cloudmask/dataset_cropped/09_Metas/15/17/20190915173000_00149.png,278.7,389.1,134.8,26.3,961
9/15/2019 17:31,datasets/dataset_cropped/09_Metas/15/17/20190915173100_00149.jpg,datasets_flow/dataset_cropped/09_Metas/15/17/20190915173100_00149.jpg,datasets_cloudmask/dataset_cropped/09_Metas/15/17/20190915173100_00149.png,275.7,386.8,133.9,26.2,961
9/15/2019 17:32,datasets/dataset_cropped/09_Metas/15/17/20190915173200_00149.jpg,datasets_flow/dataset_cropped/09_Metas/15/17/20190915173200_00149.jpg,datasets_cloudmask/dataset_cropped/09_Metas/15/17/20190915173200_00149.png,272.2,383.4,132.8,26.1,961
9/15/2019 17:33,datasets/dataset_cropped/09_Metas/15/17/20190915173300_00149.jpg,datasets_flow/dataset_cropped/09_Metas/15/17/20190915173300_00149.jpg,datasets_cloudmask/dataset_cropped/09_Metas/15/17/20190915173300_00149.png,269,381.1,131.8,26.2,961
9/15/2019 17:34,datasets/dataset_cropped/09_Metas/15/17/20190915173400_00149.jpg,datasets_flow/dataset_cropped/09_Metas/15/17/20190915173400_00149.jpg,datasets_cloudmask/dataset_cropped/09_Metas/15/17/20190915173400_00149.png,265.6,378.5,130.7,26.3,961
9/15/2019 17:35,datasets/dataset_cropped/09_Metas/15/17/20190915173500_00149.jpg,datasets_flow/dataset_cropped/09_Metas/15/17/20190915173500_00149.jpg,datasets_cloudmask/dataset_cropped/09_Metas/15/17/20190915173500_00149.png,262.7,376.9,129.7,26.3,961
9/15/2019 17:36,datasets/dataset_cropped/09_Metas/15/17/20190915173600_00149.jpg,datasets_flow/dataset_cropped/09_Metas/15/17/20190915173600_00149.jpg,datasets_cloudmask/dataset_cropped/09_Metas/15/17/20190915173600_00149.png,259.6,374.2,128.7,26.1,961
9/15/2019 17:37,datasets/dataset_cropped/09_Metas/15/17/20190915173700_00149.jpg,datasets_flow/dataset_cropped/09_Metas/15/17/20190915173700_00149.jpg,datasets_cloudmask/dataset_cropped/09_Metas/15/17/20190915173700_00149.png,256.1,370.7,127.4,26.1,961
9/15/2019 17:38,datasets/dataset_cropped/09_Metas/15/17/20190915173800_00149.jpg,datasets_flow/dataset_cropped/09_Metas/15/17/20190915173800_00149.jpg,datasets_cloudmask/dataset_cropped/09_Metas/15/17/20190915173800_00149.png,251.3,363.8,126.1,26.2,961
9/15/2019 17:39,datasets/dataset_cropped/09_Metas/15/17/20190915173900_00149.jpg,datasets_flow/dataset_cropped/09_Metas/15/17/20190915173900_00149.jpg,datasets_cloudmask/dataset_cropped/09_Metas/15/17/20190915173900_00149.png,248.3,361.3,125.2,26.1,961
9/15/2019 17:40,datasets/dataset_cropped/09_Metas/15/17/20190915174000_00149.jpg,datasets_flow/dataset_cropped/09_Metas/15/17/20190915174000_00149.jpg,datasets_cloudmask/dataset_cropped/09_Metas/15/17/20190915174000_00149.png,246.2,361.5,124.3,26,961
9/15/2019 17:41,datasets/dataset_cropped/09_Metas/15/17/20190915174100_00149.jpg,datasets_flow/dataset_cropped/09_Metas/15/17/20190915174100_00149.jpg,datasets_cloudmask/dataset_cropped/09_Metas/15/17/20190915174100_00149.png,244.2,361.5,123.6,26,961
9/15/2019 17:42,datasets/dataset_cropped/09_Metas/15/17/20190915174200_00149.jpg,datasets_flow/dataset_cropped/09_Metas/15/17/20190915174200_00149.jpg,datasets_cloudmask/dataset_cropped/09_Metas/15/17/20190915174200_00149.png,240.6,357,122.6,26,961
9/15/2019 17:43,datasets/dataset_cropped/09_Metas/15/17/20190915174300_00149.jpg,datasets_flow/dataset_cropped/09_Metas/15/17/20190915174300_00149.jpg,datasets_cloudmask/dataset_cropped/09_Metas/15/17/20190915174300_00149.png,236.5,351.3,121.7,26,961
9/15/2019 17:44,datasets/dataset_cropped/09_Metas/15/17/20190915174400_00149.jpg,datasets_flow/dataset_cropped/09_Metas/15/17/20190915174400_00149.jpg,datasets_cloudmask/dataset_cropped/09_Metas/15/17/20190915174400_00149.png,232.3,345.8,120.4,26,961
9/15/2019 17:45,datasets/dataset_cropped/09_Metas/15/17/20190915174500_00149.jpg,datasets_flow/dataset_cropped/09_Metas/15/17/20190915174500_00149.jpg,datasets_cloudmask/dataset_cropped/09_Metas/15/17/20190915174500_00149.png,228.5,341.6,119.1,25.8,961
9/15/2019 17:46,datasets/dataset_cropped/09_Metas/15/17/20190915174600_00149.jpg,datasets_flow/dataset_cropped/09_Metas/15/17/20190915174600_00149.jpg,datasets_cloudmask/dataset_cropped/09_Metas/15/17/20190915174600_00149.png,225.2,338.7,118.1,25.7,961
9/15/2019 17:47,datasets/dataset_cropped/09_Metas/15/17/20190915174700_00149.jpg,datasets_flow/dataset_cropped/09_Metas/15/17/20190915174700_00149.jpg,datasets_cloudmask/dataset_cropped/09_Metas/15/17/20190915174700_00149.png,221.4,333.2,117,25.8,961
9/15/2019 17:48,datasets/dataset_cropped/09_Metas/15/17/20190915174800_00149.jpg,datasets_flow/dataset_cropped/09_Metas/15/17/20190915174800_00149.jpg,datasets_cloudmask/dataset_cropped/09_Metas/15/17/20190915174800_00149.png,217.5,327.4,116.1,25.8,961
9/15/2019 17:49,datasets/dataset_cropped/09_Metas/15/17/20190915174900_00149.jpg,datasets_flow/dataset_cropped/09_Metas/15/17/20190915174900_00149.jpg,datasets_cloudmask/dataset_cropped/09_Metas/15/17/20190915174900_00149.png,214.6,324.5,115.3,25.8,961
9/15/2019 17:50,datasets/dataset_cropped/09_Metas/15/17/20190915175000_00149.jpg,datasets_flow/dataset_cropped/09_Metas/15/17/20190915175000_00149.jpg,datasets_cloudmask/dataset_cropped/09_Metas/15/17/20190915175000_00149.png,211.3,320.8,114.2,25.9,961
9/15/2019 17:51,datasets/dataset_cropped/09_Metas/15/17/20190915175100_00149.jpg,datasets_flow/dataset_cropped/09_Metas/15/17/20190915175100_00149.jpg,datasets_cloudmask/dataset_cropped/09_Metas/15/17/20190915175100_00149.png,208.3,317.9,113,25.8,961
9/15/2019 17:52,datasets/dataset_cropped/09_Metas/15/17/20190915175200_00149.jpg,datasets_flow/dataset_cropped/09_Metas/15/17/20190915175200_00149.jpg,datasets_cloudmask/dataset_cropped/09_Metas/15/17/20190915175200_00149.png,204.9,313.2,112.1,25.8,961
9/15/2019 17:53,datasets/dataset_cropped/09_Metas/15/17/20190915175300_00149.jpg,datasets_flow/dataset_cropped/09_Metas/15/17/20190915175300_00149.jpg,datasets_cloudmask/dataset_cropped/09_Metas/15/17/20190915175300_00149.png,200.9,306.7,111,25.8,961
9/15/2019 17:54,datasets/dataset_cropped/09_Metas/15/17/20190915175400_00149.jpg,datasets_flow/dataset_cropped/09_Metas/15/17/20190915175400_00149.jpg,datasets_cloudmask/dataset_cropped/09_Metas/15/17/20190915175400_00149.png,196.6,299.7,109.8,25.7,961
9/15/2019 17:55,datasets/dataset_cropped/09_Metas/15/17/20190915175500_00149.jpg,datasets_flow/dataset_cropped/09_Metas/15/17/20190915175500_00149.jpg,datasets_cloudmask/dataset_cropped/09_Metas/15/17/20190915175500_00149.png,192.9,294.6,108.6,25.7,961
9/15/2019 17:56,datasets/dataset_cropped/09_Metas/15/17/20190915175600_00149.jpg,datasets_flow/dataset_cropped/09_Metas/15/17/20190915175600_00149.jpg,datasets_cloudmask/dataset_cropped/09_Metas/15/17/20190915175600_00149.png,189,289.6,107.2,25.6,961
9/15/2019 17:57,datasets/dataset_cropped/09_Metas/15/17/20190915175700_00149.jpg,datasets_flow/dataset_cropped/09_Metas/15/17/20190915175700_00149.jpg,datasets_cloudmask/dataset_cropped/09_Metas/15/17/20190915175700_00149.png,185,284.4,105.5,25.7,961
9/15/2019 17:58,datasets/dataset_cropped/09_Metas/15/17/20190915175800_00149.jpg,datasets_flow/dataset_cropped/09_Metas/15/17/20190915175800_00149.jpg,datasets_cloudmask/dataset_cropped/09_Metas/15/17/20190915175800_00149.png,181.2,279.6,103.9,25.8,961
9/15/2019 17:59,datasets/dataset_cropped/09_Metas/15/17/20190915175900_00149.jpg,datasets_flow/dataset_cropped/09_Metas/15/17/20190915175900_00149.jpg,datasets_cloudmask/dataset_cropped/09_Metas/15/17/20190915175900_00149.png,178.4,277.6,102.6,25.7,961
9/15/2019 18:00,datasets/dataset_cropped/09_Metas/15/18/20190915180000_00149.jpg,datasets_flow/dataset_cropped/09_Metas/15/18/20190915180000_00149.jpg,datasets_cloudmask/dataset_cropped/09_Metas/15/18/20190915180000_00149.png,175.1,273.4,101.4,25.8,961
9/15/2019 18:01,datasets/dataset_cropped/09_Metas/15/18/20190915180100_00149.jpg,datasets_flow/dataset_cropped/09_Metas/15/18/20190915180100_00149.jpg,datasets_cloudmask/dataset_cropped/09_Metas/15/18/20190915180100_00149.png,171.5,268.2,100.1,25.8,961
9/15/2019 18:02,datasets/dataset_cropped/09_Metas/15/18/20190915180200_00149.jpg,datasets_flow/dataset_cropped/09_Metas/15/18/20190915180200_00149.jpg,datasets_cloudmask/dataset_cropped/09_Metas/15/18/20190915180200_00149.png,168.1,263.3,98.9,25.9,961
9/15/2019 18:03,datasets/dataset_cropped/09_Metas/15/18/20190915180300_00149.jpg,datasets_flow/dataset_cropped/09_Metas/15/18/20190915180300_00149.jpg,datasets_cloudmask/dataset_cropped/09_Metas/15/18/20190915180300_00149.png,164.5,257.1,97.7,25.9,961
9/15/2019 18:04,datasets/dataset_cropped/09_Metas/15/18/20190915180400_00149.jpg,datasets_flow/dataset_cropped/09_Metas/15/18/20190915180400_00149.jpg,datasets_cloudmask/dataset_cropped/09_Metas/15/18/20190915180400_00149.png,161.2,252.4,96.6,25.8,961
9/15/2019 18:05,datasets/dataset_cropped/09_Metas/15/18/20190915180500_00149.jpg,datasets_flow/dataset_cropped/09_Metas/15/18/20190915180500_00149.jpg,datasets_cloudmask/dataset_cropped/09_Metas/15/18/20190915180500_00149.png,159,250.9,95.7,25.7,961
9/15/2019 18:06,datasets/dataset_cropped/09_Metas/15/18/20190915180600_00149.jpg,datasets_flow/dataset_cropped/09_Metas/15/18/20190915180600_00149.jpg,datasets_cloudmask/dataset_cropped/09_Metas/15/18/20190915180600_00149.png,156.2,247.4,94.6,25.7,961
9/15/2019 18:07,datasets/dataset_cropped/09_Metas/15/18/20190915180700_00149.jpg,datasets_flow/dataset_cropped/09_Metas/15/18/20190915180700_00149.jpg,datasets_cloudmask/dataset_cropped/09_Metas/15/18/20190915180700_00149.png,152.9,242.2,93.4,25.6,962
9/15/2019 18:08,datasets/dataset_cropped/09_Metas/15/18/20190915180800_00149.jpg,datasets_flow/dataset_cropped/09_Metas/15/18/20190915180800_00149.jpg,datasets_cloudmask/dataset_cropped/09_Metas/15/18/20190915180800_00149.png,148.7,232.8,92.3,25.6,962
9/15/2019 18:09,datasets/dataset_cropped/09_Metas/15/18/20190915180900_00149.jpg,datasets_flow/dataset_cropped/09_Metas/15/18/20190915180900_00149.jpg,datasets_cloudmask/dataset_cropped/09_Metas/15/18/20190915180900_00149.png,145.2,226.8,91.1,25.4,961
9/15/2019 18:10,datasets/dataset_cropped/09_Metas/15/18/20190915181000_00149.jpg,datasets_flow/dataset_cropped/09_Metas/15/18/20190915181000_00149.jpg,datasets_cloudmask/dataset_cropped/09_Metas/15/18/20190915181000_00149.png,142.7,225,89.7,25.4,962
9/15/2019 18:11,datasets/dataset_cropped/09_Metas/15/18/20190915181100_00149.jpg,datasets_flow/dataset_cropped/09_Metas/15/18/20190915181100_00149.jpg,datasets_cloudmask/dataset_cropped/09_Metas/15/18/20190915181100_00149.png,139.1,218.8,88.4,25.4,961
9/15/2019 18:12,datasets/dataset_cropped/09_Metas/15/18/20190915181200_00149.jpg,datasets_flow/dataset_cropped/09_Metas/15/18/20190915181200_00149.jpg,datasets_cloudmask/dataset_cropped/09_Metas/15/18/20190915181200_00149.png,134.5,208.5,86.8,25.4,961
9/15/2019 18:13,datasets/dataset_cropped/09_Metas/15/18/20190915181300_00149.jpg,datasets_flow/dataset_cropped/09_Metas/15/18/20190915181300_00149.jpg,datasets_cloudmask/dataset_cropped/09_Metas/15/18/20190915181300_00149.png,131.3,204.7,85.1,25.4,962
9/15/2019 18:14,datasets/dataset_cropped/09_Metas/15/18/20190915181400_00149.jpg,datasets_flow/dataset_cropped/09_Metas/15/18/20190915181400_00149.jpg,datasets_cloudmask/dataset_cropped/09_Metas/15/18/20190915181400_00149.png,128.3,201.2,83.8,25.4,961
9/15/2019 18:15,datasets/dataset_cropped/09_Metas/15/18/20190915181500_00149.jpg,datasets_flow/dataset_cropped/09_Metas/15/18/20190915181500_00149.jpg,datasets_cloudmask/dataset_cropped/09_Metas/15/18/20190915181500_00149.png,124.2,192.3,82.4,25.3,961
9/15/2019 18:16,datasets/dataset_cropped/09_Metas/15/18/20190915181600_00149.jpg,datasets_flow/dataset_cropped/09_Metas/15/18/20190915181600_00149.jpg,datasets_cloudmask/dataset_cropped/09_Metas/15/18/20190915181600_00149.png,119.1,179.1,80.7,25.3,961
9/15/2019 18:17,datasets/dataset_cropped/09_Metas/15/18/20190915181700_00149.jpg,datasets_flow/dataset_cropped/09_Metas/15/18/20190915181700_00149.jpg,datasets_cloudmask/dataset_cropped/09_Metas/15/18/20190915181700_00149.png,115.9,173.4,79.3,25.2,961
9/15/2019 18:18,datasets/dataset_cropped/09_Metas/15/18/20190915181800_00149.jpg,datasets_flow/dataset_cropped/09_Metas/15/18/20190915181800_00149.jpg,datasets_cloudmask/dataset_cropped/09_Metas/15/18/20190915181800_00149.png,111.4,162.4,77.7,25.2,961
9/15/2019 18:19,datasets/dataset_cropped/09_Metas/15/18/20190915181900_00149.jpg,datasets_flow/dataset_cropped/09_Metas/15/18/20190915181900_00149.jpg,datasets_cloudmask/dataset_cropped/09_Metas/15/18/20190915181900_00149.png,109.1,160.7,76.2,25.2,961
9/15/2019 18:20,datasets/dataset_cropped/09_Metas/15/18/20190915182000_00149.jpg,datasets_flow/dataset_cropped/09_Metas/15/18/20190915182000_00149.jpg,datasets_cloudmask/dataset_cropped/09_Metas/15/18/20190915182000_00149.png,108.4,165.6,75,25.2,961
9/15/2019 18:21,datasets/dataset_cropped/09_Metas/15/18/20190915182100_00149.jpg,datasets_flow/dataset_cropped/09_Metas/15/18/20190915182100_00149.jpg,datasets_cloudmask/dataset_cropped/09_Metas/15/18/20190915182100_00149.png,99.8,130.4,73.6,25.3,962
9/15/2019 18:22,datasets/dataset_cropped/09_Metas/15/18/20190915182200_00149.jpg,datasets_flow/dataset_cropped/09_Metas/15/18/20190915182200_00149.jpg,datasets_cloudmask/dataset_cropped/09_Metas/15/18/20190915182200_00149.png,94.8,114.4,72.3,25.3,962
9/15/2019 18:23,datasets/dataset_cropped/09_Metas/15/18/20190915182300_00149.jpg,datasets_flow/dataset_cropped/09_Metas/15/18/20190915182300_00149.jpg,datasets_cloudmask/dataset_cropped/09_Metas/15/18/20190915182300_00149.png,87.8,87.3,71.1,25.3,961
9/15/2019 18:24,datasets/dataset_cropped/09_Metas/15/18/20190915182400_00149.jpg,datasets_flow/dataset_cropped/09_Metas/15/18/20190915182400_00149.jpg,datasets_cloudmask/dataset_cropped/09_Metas/15/18/20190915182400_00149.png,86.7,90.9,69.8,25.3,962
9/15/2019 18:25,datasets/dataset_cropped/09_Metas/15/18/20190915182500_00149.jpg,datasets_flow/dataset_cropped/09_Metas/15/18/20190915182500_00149.jpg,datasets_cloudmask/dataset_cropped/09_Metas/15/18/20190915182500_00149.png,91.4,126.6,68.3,25.2,961
9/15/2019 18:26,datasets/dataset_cropped/09_Metas/15/18/20190915182600_00149.jpg,datasets_flow/dataset_cropped/09_Metas/15/18/20190915182600_00149.jpg,datasets_cloudmask/dataset_cropped/09_Metas/15/18/20190915182600_00149.png,88.1,119.7,66.6,25.2,962
9/15/2019 18:27,datasets/dataset_cropped/09_Metas/15/18/20190915182700_00149.jpg,datasets_flow/dataset_cropped/09_Metas/15/18/20190915182700_00149.jpg,datasets_cloudmask/dataset_cropped/09_Metas/15/18/20190915182700_00149.png,86,118.9,65,25.1,961
9/15/2019 18:28,datasets/dataset_cropped/09_Metas/15/18/20190915182800_00149.jpg,datasets_flow/dataset_cropped/09_Metas/15/18/20190915182800_00149.jpg,datasets_cloudmask/dataset_cropped/09_Metas/15/18/20190915182800_00149.png,84.5,119.1,63.8,25.1,961
9/15/2019 18:29,datasets/dataset_cropped/09_Metas/15/18/20190915182900_00149.jpg,datasets_flow/dataset_cropped/09_Metas/15/18/20190915182900_00149.jpg,datasets_cloudmask/dataset_cropped/09_Metas/15/18/20190915182900_00149.png,80,102.2,62.4,25,962
9/15/2019 18:30,datasets/dataset_cropped/09_Metas/15/18/20190915183000_00149.jpg,datasets_flow/dataset_cropped/09_Metas/15/18/20190915183000_00149.jpg,datasets_cloudmask/dataset_cropped/09_Metas/15/18/20190915183000_00149.png,76.8,95.9,60.8,24.9,961
9/15/2019 18:31,datasets/dataset_cropped/09_Metas/15/18/20190915183100_00149.jpg,datasets_flow/dataset_cropped/09_Metas/15/18/20190915183100_00149.jpg,datasets_cloudmask/dataset_cropped/09_Metas/15/18/20190915183100_00149.png,74.3,92.3,59.1,24.9,962
9/15/2019 18:32,datasets/dataset_cropped/09_Metas/15/18/20190915183200_00149.jpg,datasets_flow/dataset_cropped/09_Metas/15/18/20190915183200_00149.jpg,datasets_cloudmask/dataset_cropped/09_Metas/15/18/20190915183200_00149.png,68.3,69.5,57,24.8,961
9/15/2019 18:33,datasets/dataset_cropped/09_Metas/15/18/20190915183300_00149.jpg,datasets_flow/dataset_cropped/09_Metas/15/18/20190915183300_00149.jpg,datasets_cloudmask/dataset_cropped/09_Metas/15/18/20190915183300_00149.png,61.2,38.6,54.7,24.8,961
9/15/2019 18:34,datasets/dataset_cropped/09_Metas/15/18/20190915183400_00149.jpg,datasets_flow/dataset_cropped/09_Metas/15/18/20190915183400_00149.jpg,datasets_cloudmask/dataset_cropped/09_Metas/15/18/20190915183400_00149.png,57.3,26.1,52.9,24.8,962
9/15/2019 18:35,datasets/dataset_cropped/09_Metas/15/18/20190915183500_00149.jpg,datasets_flow/dataset_cropped/09_Metas/15/18/20190915183500_00149.jpg,datasets_cloudmask/dataset_cropped/09_Metas/15/18/20190915183500_00149.png,59.1,50,51.5,24.8,962
9/15/2019 18:36,datasets/dataset_cropped/09_Metas/15/18/20190915183600_00149.jpg,datasets_flow/dataset_cropped/09_Metas/15/18/20190915183600_00149.jpg,datasets_cloudmask/dataset_cropped/09_Metas/15/18/20190915183600_00149.png,61.1,73.4,50.4,24.8,961
9/15/2019 18:37,datasets/dataset_cropped/09_Metas/15/18/20190915183700_00149.jpg,datasets_flow/dataset_cropped/09_Metas/15/18/20190915183700_00149.jpg,datasets_cloudmask/dataset_cropped/09_Metas/15/18/20190915183700_00149.png,56.5,50.4,49,24.7,962
9/15/2019 18:38,datasets/dataset_cropped/09_Metas/15/18/20190915183800_00149.jpg,datasets_flow/dataset_cropped/09_Metas/15/18/20190915183800_00149.jpg,datasets_cloudmask/dataset_cropped/09_Metas/15/18/20190915183800_00149.png,52.2,33.2,47.3,24.6,962
9/15/2019 18:39,datasets/dataset_cropped/09_Metas/15/18/20190915183900_00149.jpg,datasets_flow/dataset_cropped/09_Metas/15/18/20190915183900_00149.jpg,datasets_cloudmask/dataset_cropped/09_Metas/15/18/20190915183900_00149.png,47.3,12.3,45.2,24.6,962
9/15/2019 18:40,datasets/dataset_cropped/09_Metas/15/18/20190915184000_00149.jpg,datasets_flow/dataset_cropped/09_Metas/15/18/20190915184000_00149.jpg,datasets_cloudmask/dataset_cropped/09_Metas/15/18/20190915184000_00149.png,43.9,2.1,43.3,24.5,962
9/15/2019 18:41,datasets/dataset_cropped/09_Metas/15/18/20190915184100_00149.jpg,datasets_flow/dataset_cropped/09_Metas/15/18/20190915184100_00149.jpg,datasets_cloudmask/dataset_cropped/09_Metas/15/18/20190915184100_00149.png,42,1.3,41.5,24.5,962
9/15/2019 18:42,datasets/dataset_cropped/09_Metas/15/18/20190915184200_00149.jpg,datasets_flow/dataset_cropped/09_Metas/15/18/20190915184200_00149.jpg,datasets_cloudmask/dataset_cropped/09_Metas/15/18/20190915184200_00149.png,40.4,1.1,39.9,24.5,962
9/15/2019 18:43,datasets/dataset_cropped/09_Metas/15/18/20190915184300_00149.jpg,datasets_flow/dataset_cropped/09_Metas/15/18/20190915184300_00149.jpg,datasets_cloudmask/dataset_cropped/09_Metas/15/18/20190915184300_00149.png,39,1,38.5,24.4,962
9/15/2019 18:44,datasets/dataset_cropped/09_Metas/15/18/20190915184400_00149.jpg,datasets_flow/dataset_cropped/09_Metas/15/18/20190915184400_00149.jpg,datasets_cloudmask/dataset_cropped/09_Metas/15/18/20190915184400_00149.png,37.4,0.9,37,24.4,961
9/15/2019 18:45,datasets/dataset_cropped/09_Metas/15/18/20190915184500_00149.jpg,datasets_flow/dataset_cropped/09_Metas/15/18/20190915184500_00149.jpg,datasets_cloudmask/dataset_cropped/09_Metas/15/18/20190915184500_00149.png,35.9,1.2,35.5,24.4,962
9/15/2019 18:46,datasets/dataset_cropped/09_Metas/15/18/20190915184600_00149.jpg,datasets_flow/dataset_cropped/09_Metas/15/18/20190915184600_00149.jpg,datasets_cloudmask/dataset_cropped/09_Metas/15/18/20190915184600_00149.png,34.8,2.1,34.3,24.4,961
9/15/2019 18:47,datasets/dataset_cropped/09_Metas/15/18/20190915184700_00149.jpg,datasets_flow/dataset_cropped/09_Metas/15/18/20190915184700_00149.jpg,datasets_cloudmask/dataset_cropped/09_Metas/15/18/20190915184700_00149.png,33.7,1.6,33.2,24.4,962
9/15/2019 18:48,datasets/dataset_cropped/09_Metas/15/18/20190915184800_00149.jpg,datasets_flow/dataset_cropped/09_Metas/15/18/20190915184800_00149.jpg,datasets_cloudmask/dataset_cropped/09_Metas/15/18/20190915184800_00149.png,32.5,1.9,32,24.4,962
9/15/2019 18:49,datasets/dataset_cropped/09_Metas/15/18/20190915184900_00149.jpg,datasets_flow/dataset_cropped/09_Metas/15/18/20190915184900_00149.jpg,datasets_cloudmask/dataset_cropped/09_Metas/15/18/20190915184900_00149.png,30.9,1.7,30.5,24.4,962
9/15/2019 18:50,datasets/dataset_cropped/09_Metas/15/18/20190915185000_00149.jpg,datasets_flow/dataset_cropped/09_Metas/15/18/20190915185000_00149.jpg,datasets_cloudmask/dataset_cropped/09_Metas/15/18/20190915185000_00149.png,29.3,0.5,28.9,24.4,962
9/15/2019 18:51,datasets/dataset_cropped/09_Metas/15/18/20190915185100_00149.jpg,datasets_flow/dataset_cropped/09_Metas/15/18/20190915185100_00149.jpg,datasets_cloudmask/dataset_cropped/09_Metas/15/18/20190915185100_00149.png,27.8,0.2,27.6,24.4,962
9/15/2019 18:52,datasets/dataset_cropped/09_Metas/15/18/20190915185200_00149.jpg,datasets_flow/dataset_cropped/09_Metas/15/18/20190915185200_00149.jpg,datasets_cloudmask/dataset_cropped/09_Metas/15/18/20190915185200_00149.png,26.6,0,26.4,24.3,962
9/15/2019 18:53,datasets/dataset_cropped/09_Metas/15/18/20190915185300_00149.jpg,datasets_flow/dataset_cropped/09_Metas/15/18/20190915185300_00149.jpg,datasets_cloudmask/dataset_cropped/09_Metas/15/18/20190915185300_00149.png,25.3,0,25.1,24.3,962
9/15/2019 18:54,datasets/dataset_cropped/09_Metas/15/18/20190915185400_00149.jpg,datasets_flow/dataset_cropped/09_Metas/15/18/20190915185400_00149.jpg,datasets_cloudmask/dataset_cropped/09_Metas/15/18/20190915185400_00149.png,23.9,0,23.7,24.2,962
9/15/2019 18:55,datasets/dataset_cropped/09_Metas/15/18/20190915185500_00149.jpg,datasets_flow/dataset_cropped/09_Metas/15/18/20190915185500_00149.jpg,datasets_cloudmask/dataset_cropped/09_Metas/15/18/20190915185500_00149.png,22.7,0,22.4,24.2,962
9/15/2019 18:56,datasets/dataset_cropped/09_Metas/15/18/20190915185600_00149.jpg,datasets_flow/dataset_cropped/09_Metas/15/18/20190915185600_00149.jpg,datasets_cloudmask/dataset_cropped/09_Metas/15/18/20190915185600_00149.png,21.8,0,21.6,24.1,962
9/15/2019 18:57,datasets/dataset_cropped/09_Metas/15/18/20190915185700_00149.jpg,datasets_flow/dataset_cropped/09_Metas/15/18/20190915185700_00149.jpg,datasets_cloudmask/dataset_cropped/09_Metas/15/18/20190915185700_00149.png,20.9,0,20.7,24.1,962
9/15/2019 18:58,datasets/dataset_cropped/09_Metas/15/18/20190915185800_00149.jpg,datasets_flow/dataset_cropped/09_Metas/15/18/20190915185800_00149.jpg,datasets_cloudmask/dataset_cropped/09_Metas/15/18/20190915185800_00149.png,19.8,0,19.6,24.1,962
9/15/2019 18:59,datasets/dataset_cropped/09_Metas/15/18/20190915185900_00149.jpg,datasets_flow/dataset_cropped/09_Metas/15/18/20190915185900_00149.jpg,datasets_cloudmask/dataset_cropped/09_Metas/15/18/20190915185900_00149.png,18.8,0,18.6,24.1,962
9/15/2019 19:00,datasets/dataset_cropped/09_Metas/15/19/20190915190000_00149.jpg,datasets_flow/dataset_cropped/09_Metas/15/19/20190915190000_00149.jpg,datasets_cloudmask/dataset_cropped/09_Metas/15/19/20190915190000_00149.png,17.8,0,17.6,24.1,962
9/15/2019 19:01,datasets/dataset_cropped/09_Metas/15/19/20190915190100_00149.jpg,datasets_flow/dataset_cropped/09_Metas/15/19/20190915190100_00149.jpg,datasets_cloudmask/dataset_cropped/09_Metas/15/19/20190915190100_00149.png,16.9,0,16.7,24.1,962
9/15/2019 19:02,datasets/dataset_cropped/09_Metas/15/19/20190915190200_00149.jpg,datasets_flow/dataset_cropped/09_Metas/15/19/20190915190200_00149.jpg,datasets_cloudmask/dataset_cropped/09_Metas/15/19/20190915190200_00149.png,16,0,15.8,24.1,962
9/15/2019 19:03,datasets/dataset_cropped/09_Metas/15/19/20190915190300_00149.jpg,datasets_flow/dataset_cropped/09_Metas/15/19/20190915190300_00149.jpg,datasets_cloudmask/dataset_cropped/09_Metas/15/19/20190915190300_00149.png,15,0,14.9,24.1,962
9/15/2019 19:04,datasets/dataset_cropped/09_Metas/15/19/20190915190400_00149.jpg,datasets_flow/dataset_cropped/09_Metas/15/19/20190915190400_00149.jpg,datasets_cloudmask/dataset_cropped/09_Metas/15/19/20190915190400_00149.png,14,0,13.8,24.1,962
9/15/2019 19:05,datasets/dataset_cropped/09_Metas/15/19/20190915190500_00149.jpg,datasets_flow/dataset_cropped/09_Metas/15/19/20190915190500_00149.jpg,datasets_cloudmask/dataset_cropped/09_Metas/15/19/20190915190500_00149.png,12.9,0,12.8,24,962
9/15/2019 19:06,datasets/dataset_cropped/09_Metas/15/19/20190915190600_00149.jpg,datasets_flow/dataset_cropped/09_Metas/15/19/20190915190600_00149.jpg,datasets_cloudmask/dataset_cropped/09_Metas/15/19/20190915190600_00149.png,11.9,0,11.8,23.9,962
9/15/2019 19:07,datasets/dataset_cropped/09_Metas/15/19/20190915190700_00149.jpg,datasets_flow/dataset_cropped/09_Metas/15/19/20190915190700_00149.jpg,datasets_cloudmask/dataset_cropped/09_Metas/15/19/20190915190700_00149.png,10.9,0,10.8,23.9,962
9/15/2019 19:08,datasets/dataset_cropped/09_Metas/15/19/20190915190800_00149.jpg,datasets_flow/dataset_cropped/09_Metas/15/19/20190915190800_00149.jpg,datasets_cloudmask/dataset_cropped/09_Metas/15/19/20190915190800_00149.png,9.9,0,9.8,23.9,962
9/15/2019 19:09,datasets/dataset_cropped/09_Metas/15/19/20190915190900_00149.jpg,datasets_flow/dataset_cropped/09_Metas/15/19/20190915190900_00149.jpg,datasets_cloudmask/dataset_cropped/09_Metas/15/19/20190915190900_00149.png,9,0,8.9,23.9,962
9/15/2019 19:10,datasets/dataset_cropped/09_Metas/15/19/20190915191000_00149.jpg,datasets_flow/dataset_cropped/09_Metas/15/19/20190915191000_00149.jpg,datasets_cloudmask/dataset_cropped/09_Metas/15/19/20190915191000_00149.png,8.2,0,8,23.8,962
9/16/2019 6:57,datasets/dataset_cropped/09_Metas/16/06/20190916065732_00149.jpg,datasets_flow/dataset_cropped/09_Metas/16/06/20190916065732_00149.jpg,datasets_cloudmask/dataset_cropped/09_Metas/16/06/20190916065732_00149.png,7,0,6.8,18.4,962
9/16/2019 6:58,datasets/dataset_cropped/09_Metas/16/06/20190916065800_00149.jpg,datasets_flow/dataset_cropped/09_Metas/16/06/20190916065800_00149.jpg,datasets_cloudmask/dataset_cropped/09_Metas/16/06/20190916065800_00149.png,7,0,6.8,18.4,962
9/16/2019 6:59,datasets/dataset_cropped/09_Metas/16/06/20190916065900_00149.jpg,datasets_flow/dataset_cropped/09_Metas/16/06/20190916065900_00149.jpg,datasets_cloudmask/dataset_cropped/09_Metas/16/06/20190916065900_00149.png,7.8,0,7.7,18.6,962
9/16/2019 7:00,datasets/dataset_cropped/09_Metas/16/07/20190916070000_00149.jpg,datasets_flow/dataset_cropped/09_Metas/16/07/20190916070000_00149.jpg,datasets_cloudmask/dataset_cropped/09_Metas/16/07/20190916070000_00149.png,8.7,0,8.6,18.6,962
9/16/2019 7:01,datasets/dataset_cropped/09_Metas/16/07/20190916070100_00149.jpg,datasets_flow/dataset_cropped/09_Metas/16/07/20190916070100_00149.jpg,datasets_cloudmask/dataset_cropped/09_Metas/16/07/20190916070100_00149.png,9.6,0,9.5,18.4,962
9/16/2019 7:02,datasets/dataset_cropped/09_Metas/16/07/20190916070200_00149.jpg,datasets_flow/dataset_cropped/09_Metas/16/07/20190916070200_00149.jpg,datasets_cloudmask/dataset_cropped/09_Metas/16/07/20190916070200_00149.png,10.7,0,10.5,18.3,962
9/16/2019 7:03,datasets/dataset_cropped/09_Metas/16/07/20190916070300_00149.jpg,datasets_flow/dataset_cropped/09_Metas/16/07/20190916070300_00149.jpg,datasets_cloudmask/dataset_cropped/09_Metas/16/07/20190916070300_00149.png,11.9,0.6,11.7,18.3,962
9/16/2019 7:04,datasets/dataset_cropped/09_Metas/16/07/20190916070400_00149.jpg,datasets_flow/dataset_cropped/09_Metas/16/07/20190916070400_00149.jpg,datasets_cloudmask/dataset_cropped/09_Metas/16/07/20190916070400_00149.png,13.1,1.8,12.8,18.3,962
9/16/2019 7:05,datasets/dataset_cropped/09_Metas/16/07/20190916070500_00149.jpg,datasets_flow/dataset_cropped/09_Metas/16/07/20190916070500_00149.jpg,datasets_cloudmask/dataset_cropped/09_Metas/16/07/20190916070500_00149.png,14.2,3.1,14,18.4,962
9/16/2019 7:06,datasets/dataset_cropped/09_Metas/16/07/20190916070600_00149.jpg,datasets_flow/dataset_cropped/09_Metas/16/07/20190916070600_00149.jpg,datasets_cloudmask/dataset_cropped/09_Metas/16/07/20190916070600_00149.png,15.3,4.6,15,18.4,962
9/16/2019 7:07,datasets/dataset_cropped/09_Metas/16/07/20190916070700_00149.jpg,datasets_flow/dataset_cropped/09_Metas/16/07/20190916070700_00149.jpg,datasets_cloudmask/dataset_cropped/09_Metas/16/07/20190916070700_00149.png,16.4,6.5,15.9,18.5,962
9/16/2019 7:08,datasets/dataset_cropped/09_Metas/16/07/20190916070800_00149.jpg,datasets_flow/dataset_cropped/09_Metas/16/07/20190916070800_00149.jpg,datasets_cloudmask/dataset_cropped/09_Metas/16/07/20190916070800_00149.png,17.8,8.7,16.9,18.5,962
9/16/2019 7:09,datasets/dataset_cropped/09_Metas/16/07/20190916070900_00149.jpg,datasets_flow/dataset_cropped/09_Metas/16/07/20190916070900_00149.jpg,datasets_cloudmask/dataset_cropped/09_Metas/16/07/20190916070900_00149.png,19.4,11.2,18.2,18.5,962
9/16/2019 7:10,datasets/dataset_cropped/09_Metas/16/07/20190916071000_00149.jpg,datasets_flow/dataset_cropped/09_Metas/16/07/20190916071000_00149.jpg,datasets_cloudmask/dataset_cropped/09_Metas/16/07/20190916071000_00149.png,20.9,13.7,19.3,18.5,962
9/16/2019 7:11,datasets/dataset_cropped/09_Metas/16/07/20190916071100_00149.jpg,datasets_flow/dataset_cropped/09_Metas/16/07/20190916071100_00149.jpg,datasets_cloudmask/dataset_cropped/09_Metas/16/07/20190916071100_00149.png,22.6,16.2,20.7,18.5,962
9/16/2019 7:12,datasets/dataset_cropped/09_Metas/16/07/20190916071200_00149.jpg,datasets_flow/dataset_cropped/09_Metas/16/07/20190916071200_00149.jpg,datasets_cloudmask/dataset_cropped/09_Metas/16/07/20190916071200_00149.png,24.5,18.7,22,18.4,962
9/16/2019 7:13,datasets/dataset_cropped/09_Metas/16/07/20190916071300_00149.jpg,datasets_flow/dataset_cropped/09_Metas/16/07/20190916071300_00149.jpg,datasets_cloudmask/dataset_cropped/09_Metas/16/07/20190916071300_00149.png,26.2,22,23.2,18.4,962
9/16/2019 7:14,datasets/dataset_cropped/09_Metas/16/07/20190916071400_00149.jpg,datasets_flow/dataset_cropped/09_Metas/16/07/20190916071400_00149.jpg,datasets_cloudmask/dataset_cropped/09_Metas/16/07/20190916071400_00149.png,28.2,25.1,24.5,18.5,962
9/16/2019 7:15,datasets/dataset_cropped/09_Metas/16/07/20190916071500_00149.jpg,datasets_flow/dataset_cropped/09_Metas/16/07/20190916071500_00149.jpg,datasets_cloudmask/dataset_cropped/09_Metas/16/07/20190916071500_00149.png,30,28.2,25.8,18.5,962
9/16/2019 7:16,datasets/dataset_cropped/09_Metas/16/07/20190916071600_00149.jpg,datasets_flow/dataset_cropped/09_Metas/16/07/20190916071600_00149.jpg,datasets_cloudmask/dataset_cropped/09_Metas/16/07/20190916071600_00149.png,31.6,30.6,26.9,18.5,962
9/16/2019 7:17,datasets/dataset_cropped/09_Metas/16/07/20190916071700_00149.jpg,datasets_flow/dataset_cropped/09_Metas/16/07/20190916071700_00149.jpg,datasets_cloudmask/dataset_cropped/09_Metas/16/07/20190916071700_00149.png,33.4,33.4,28.1,18.6,962
9/16/2019 7:18,datasets/dataset_cropped/09_Metas/16/07/20190916071800_00149.jpg,datasets_flow/dataset_cropped/09_Metas/16/07/20190916071800_00149.jpg,datasets_cloudmask/dataset_cropped/09_Metas/16/07/20190916071800_00149.png,35.6,37.2,29.4,18.6,962
9/16/2019 7:19,datasets/dataset_cropped/09_Metas/16/07/20190916071900_00149.jpg,datasets_flow/dataset_cropped/09_Metas/16/07/20190916071900_00149.jpg,datasets_cloudmask/dataset_cropped/09_Metas/16/07/20190916071900_00149.png,37.8,40.5,30.7,18.6,962
9/16/2019 7:20,datasets/dataset_cropped/09_Metas/16/07/20190916072000_00149.jpg,datasets_flow/dataset_cropped/09_Metas/16/07/20190916072000_00149.jpg,datasets_cloudmask/dataset_cropped/09_Metas/16/07/20190916072000_00149.png,39.8,43.4,31.9,18.6,962
9/16/2019 7:21,datasets/dataset_cropped/09_Metas/16/07/20190916072100_00149.jpg,datasets_flow/dataset_cropped/09_Metas/16/07/20190916072100_00149.jpg,datasets_cloudmask/dataset_cropped/09_Metas/16/07/20190916072100_00149.png,41.8,47.3,33,18.5,962
9/16/2019 7:22,datasets/dataset_cropped/09_Metas/16/07/20190916072200_00149.jpg,datasets_flow/dataset_cropped/09_Metas/16/07/20190916072200_00149.jpg,datasets_cloudmask/dataset_cropped/09_Metas/16/07/20190916072200_00149.png,44.1,53.4,34.2,18.6,962
9/16/2019 7:23,datasets/dataset_cropped/09_Metas/16/07/20190916072300_00149.jpg,datasets_flow/dataset_cropped/09_Metas/16/07/20190916072300_00149.jpg,datasets_cloudmask/dataset_cropped/09_Metas/16/07/20190916072300_00149.png,46.8,60.8,35.6,18.7,962
9/16/2019 7:24,datasets/dataset_cropped/09_Metas/16/07/20190916072400_00149.jpg,datasets_flow/dataset_cropped/09_Metas/16/07/20190916072400_00149.jpg,datasets_cloudmask/dataset_cropped/09_Metas/16/07/20190916072400_00149.png,49.3,68.1,37,18.7,962
9/16/2019 7:25,datasets/dataset_cropped/09_Metas/16/07/20190916072500_00149.jpg,datasets_flow/dataset_cropped/09_Metas/16/07/20190916072500_00149.jpg,datasets_cloudmask/dataset_cropped/09_Metas/16/07/20190916072500_00149.png,51.6,80.7,38.2,18.7,962
9/16/2019 7:26,datasets/dataset_cropped/09_Metas/16/07/20190916072600_00149.jpg,datasets_flow/dataset_cropped/09_Metas/16/07/20190916072600_00149.jpg,datasets_cloudmask/dataset_cropped/09_Metas/16/07/20190916072600_00149.png,54,104.1,39.4,18.7,962
9/16/2019 7:27,datasets/dataset_cropped/09_Metas/16/07/20190916072700_00149.jpg,datasets_flow/dataset_cropped/09_Metas/16/07/20190916072700_00149.jpg,datasets_cloudmask/dataset_cropped/09_Metas/16/07/20190916072700_00149.png,56.3,133.6,40.5,18.7,962
9/16/2019 7:28,datasets/dataset_cropped/09_Metas/16/07/20190916072800_00149.jpg,datasets_flow/dataset_cropped/09_Metas/16/07/20190916072800_00149.jpg,datasets_cloudmask/dataset_cropped/09_Metas/16/07/20190916072800_00149.png,58.6,143.6,41.8,18.8,963
9/16/2019 7:29,datasets/dataset_cropped/09_Metas/16/07/20190916072900_00149.jpg,datasets_flow/dataset_cropped/09_Metas/16/07/20190916072900_00149.jpg,datasets_cloudmask/dataset_cropped/09_Metas/16/07/20190916072900_00149.png,61,149.9,43,18.9,962
9/16/2019 7:30,datasets/dataset_cropped/09_Metas/16/07/20190916073000_00149.jpg,datasets_flow/dataset_cropped/09_Metas/16/07/20190916073000_00149.jpg,datasets_cloudmask/dataset_cropped/09_Metas/16/07/20190916073000_00149.png,63.4,158.4,44.1,19,962
9/16/2019 7:31,datasets/dataset_cropped/09_Metas/16/07/20190916073100_00149.jpg,datasets_flow/dataset_cropped/09_Metas/16/07/20190916073100_00149.jpg,datasets_cloudmask/dataset_cropped/09_Metas/16/07/20190916073100_00149.png,66,166.9,45.2,19.1,963
9/16/2019 7:32,datasets/dataset_cropped/09_Metas/16/07/20190916073200_00149.jpg,datasets_flow/dataset_cropped/09_Metas/16/07/20190916073200_00149.jpg,datasets_cloudmask/dataset_cropped/09_Metas/16/07/20190916073200_00149.png,68.7,174.9,46.4,19.1,962
9/16/2019 7:33,datasets/dataset_cropped/09_Metas/16/07/20190916073300_00149.jpg,datasets_flow/dataset_cropped/09_Metas/16/07/20190916073300_00149.jpg,datasets_cloudmask/dataset_cropped/09_Metas/16/07/20190916073300_00149.png,71.6,181.8,47.8,19.2,963
9/16/2019 7:34,datasets/dataset_cropped/09_Metas/16/07/20190916073400_00149.jpg,datasets_flow/dataset_cropped/09_Metas/16/07/20190916073400_00149.jpg,datasets_cloudmask/dataset_cropped/09_Metas/16/07/20190916073400_00149.png,74.8,191.9,49,19.2,963
9/16/2019 7:35,datasets/dataset_cropped/09_Metas/16/07/20190916073500_00149.jpg,datasets_flow/dataset_cropped/09_Metas/16/07/20190916073500_00149.jpg,datasets_cloudmask/dataset_cropped/09_Metas/16/07/20190916073500_00149.png,77.7,199.8,50.3,19.2,963
9/16/2019 7:36,datasets/dataset_cropped/09_Metas/16/07/20190916073600_00149.jpg,datasets_flow/dataset_cropped/09_Metas/16/07/20190916073600_00149.jpg,datasets_cloudmask/dataset_cropped/09_Metas/16/07/20190916073600_00149.png,80.3,205.7,51.6,19.2,963
9/16/2019 7:37,datasets/dataset_cropped/09_Metas/16/07/20190916073700_00149.jpg,datasets_flow/dataset_cropped/09_Metas/16/07/20190916073700_00149.jpg,datasets_cloudmask/dataset_cropped/09_Metas/16/07/20190916073700_00149.png,82.9,211,52.8,19.2,963
9/16/2019 7:38,datasets/dataset_cropped/09_Metas/16/07/20190916073800_00149.jpg,datasets_flow/dataset_cropped/09_Metas/16/07/20190916073800_00149.jpg,datasets_cloudmask/dataset_cropped/09_Metas/16/07/20190916073800_00149.png,85.6,216.8,54,19.2,963
9/16/2019 7:39,datasets/dataset_cropped/09_Metas/16/07/20190916073900_00149.jpg,datasets_flow/dataset_cropped/09_Metas/16/07/20190916073900_00149.jpg,datasets_cloudmask/dataset_cropped/09_Metas/16/07/20190916073900_00149.png,88.5,223.2,55.2,19.3,963
9/16/2019 7:40,datasets/dataset_cropped/09_Metas/16/07/20190916074000_00149.jpg,datasets_flow/dataset_cropped/09_Metas/16/07/20190916074000_00149.jpg,datasets_cloudmask/dataset_cropped/09_Metas/16/07/20190916074000_00149.png,91.9,231.8,56.5,19.4,963
9/16/2019 7:41,datasets/dataset_cropped/09_Metas/16/07/20190916074100_00149.jpg,datasets_flow/dataset_cropped/09_Metas/16/07/20190916074100_00149.jpg,datasets_cloudmask/dataset_cropped/09_Metas/16/07/20190916074100_00149.png,95.5,242.2,57.8,19.5,963
9/16/2019 7:42,datasets/dataset_cropped/09_Metas/16/07/20190916074200_00149.jpg,datasets_flow/dataset_cropped/09_Metas/16/07/20190916074200_00149.jpg,datasets_cloudmask/dataset_cropped/09_Metas/16/07/20190916074200_00149.png,98.8,249.7,59,19.5,963
9/16/2019 7:43,datasets/dataset_cropped/09_Metas/16/07/20190916074300_00149.jpg,datasets_flow/dataset_cropped/09_Metas/16/07/20190916074300_00149.jpg,datasets_cloudmask/dataset_cropped/09_Metas/16/07/20190916074300_00149.png,102.3,259.3,60.2,19.6,963
9/16/2019 7:44,datasets/dataset_cropped/09_Metas/16/07/20190916074400_00149.jpg,datasets_flow/dataset_cropped/09_Metas/16/07/20190916074400_00149.jpg,datasets_cloudmask/dataset_cropped/09_Metas/16/07/20190916074400_00149.png,106,269.8,61.2,19.6,963
9/16/2019 7:45,datasets/dataset_cropped/09_Metas/16/07/20190916074500_00149.jpg,datasets_flow/dataset_cropped/09_Metas/16/07/20190916074500_00149.jpg,datasets_cloudmask/dataset_cropped/09_Metas/16/07/20190916074500_00149.png,109.6,279.7,62.2,19.6,963
9/16/2019 7:46,datasets/dataset_cropped/09_Metas/16/07/20190916074600_00149.jpg,datasets_flow/dataset_cropped/09_Metas/16/07/20190916074600_00149.jpg,datasets_cloudmask/dataset_cropped/09_Metas/16/07/20190916074600_00149.png,113.1,289.7,62.9,19.7,963
9/16/2019 7:47,datasets/dataset_cropped/09_Metas/16/07/20190916074700_00149.jpg,datasets_flow/dataset_cropped/09_Metas/16/07/20190916074700_00149.jpg,datasets_cloudmask/dataset_cropped/09_Metas/16/07/20190916074700_00149.png,116.4,298.2,63.5,19.7,963
9/16/2019 7:48,datasets/dataset_cropped/09_Metas/16/07/20190916074800_00149.jpg,datasets_flow/dataset_cropped/09_Metas/16/07/20190916074800_00149.jpg,datasets_cloudmask/dataset_cropped/09_Metas/16/07/20190916074800_00149.png,119.4,305.6,64.2,19.7,963
9/16/2019 7:49,datasets/dataset_cropped/09_Metas/16/07/20190916074900_00149.jpg,datasets_flow/dataset_cropped/09_Metas/16/07/20190916074900_00149.jpg,datasets_cloudmask/dataset_cropped/09_Metas/16/07/20190916074900_00149.png,122.7,313.1,65,19.8,963
9/16/2019 7:50,datasets/dataset_cropped/09_Metas/16/07/20190916075000_00149.jpg,datasets_flow/dataset_cropped/09_Metas/16/07/20190916075000_00149.jpg,datasets_cloudmask/dataset_cropped/09_Metas/16/07/20190916075000_00149.png,126.2,321.4,65.8,19.9,963
9/16/2019 7:51,datasets/dataset_cropped/09_Metas/16/07/20190916075100_00149.jpg,datasets_flow/dataset_cropped/09_Metas/16/07/20190916075100_00149.jpg,datasets_cloudmask/dataset_cropped/09_Metas/16/07/20190916075100_00149.png,129.3,327.7,66.6,19.9,963
9/16/2019 7:52,datasets/dataset_cropped/09_Metas/16/07/20190916075200_00149.jpg,datasets_flow/dataset_cropped/09_Metas/16/07/20190916075200_00149.jpg,datasets_cloudmask/dataset_cropped/09_Metas/16/07/20190916075200_00149.png,132.5,333.6,67.4,20,963
9/16/2019 7:53,datasets/dataset_cropped/09_Metas/16/07/20190916075300_00149.jpg,datasets_flow/dataset_cropped/09_Metas/16/07/20190916075300_00149.jpg,datasets_cloudmask/dataset_cropped/09_Metas/16/07/20190916075300_00149.png,135.8,340.2,68.2,20.1,963
9/16/2019 7:54,datasets/dataset_cropped/09_Metas/16/07/20190916075400_00149.jpg,datasets_flow/dataset_cropped/09_Metas/16/07/20190916075400_00149.jpg,datasets_cloudmask/dataset_cropped/09_Metas/16/07/20190916075400_00149.png,138.9,345.4,69.2,20.1,963
9/16/2019 7:55,datasets/dataset_cropped/09_Metas/16/07/20190916075500_00149.jpg,datasets_flow/dataset_cropped/09_Metas/16/07/20190916075500_00149.jpg,datasets_cloudmask/dataset_cropped/09_Metas/16/07/20190916075500_00149.png,142.4,351.7,70.1,20.2,963
9/16/2019 7:56,datasets/dataset_cropped/09_Metas/16/07/20190916075600_00149.jpg,datasets_flow/dataset_cropped/09_Metas/16/07/20190916075600_00149.jpg,datasets_cloudmask/dataset_cropped/09_Metas/16/07/20190916075600_00149.png,145.8,357.7,71.1,20.2,963
9/16/2019 7:57,datasets/dataset_cropped/09_Metas/16/07/20190916075700_00149.jpg,datasets_flow/dataset_cropped/09_Metas/16/07/20190916075700_00149.jpg,datasets_cloudmask/dataset_cropped/09_Metas/16/07/20190916075700_00149.png,149.1,363.4,72,20.3,963
9/16/2019 7:58,datasets/dataset_cropped/09_Metas/16/07/20190916075800_00149.jpg,datasets_flow/dataset_cropped/09_Metas/16/07/20190916075800_00149.jpg,datasets_cloudmask/dataset_cropped/09_Metas/16/07/20190916075800_00149.png,152.8,371.2,72.8,20.4,963
9/16/2019 7:59,datasets/dataset_cropped/09_Metas/16/07/20190916075900_00149.jpg,datasets_flow/dataset_cropped/09_Metas/16/07/20190916075900_00149.jpg,datasets_cloudmask/dataset_cropped/09_Metas/16/07/20190916075900_00149.png,156.3,378.3,73.6,20.3,963
9/16/2019 8:00,datasets/dataset_cropped/09_Metas/16/08/20190916080000_00149.jpg,datasets_flow/dataset_cropped/09_Metas/16/08/20190916080000_00149.jpg,datasets_cloudmask/dataset_cropped/09_Metas/16/08/20190916080000_00149.png,159.4,384.7,74.1,20.4,963
9/16/2019 8:01,datasets/dataset_cropped/09_Metas/16/08/20190916080100_00149.jpg,datasets_flow/dataset_cropped/09_Metas/16/08/20190916080100_00149.jpg,datasets_cloudmask/dataset_cropped/09_Metas/16/08/20190916080100_00149.png,163,392.8,74.7,20.4,963
9/16/2019 8:02,datasets/dataset_cropped/09_Metas/16/08/20190916080200_00149.jpg,datasets_flow/dataset_cropped/09_Metas/16/08/20190916080200_00149.jpg,datasets_cloudmask/dataset_cropped/09_Metas/16/08/20190916080200_00149.png,166.4,400,75.2,20.5,963
9/16/2019 8:03,datasets/dataset_cropped/09_Metas/16/08/20190916080300_00149.jpg,datasets_flow/dataset_cropped/09_Metas/16/08/20190916080300_00149.jpg,datasets_cloudmask/dataset_cropped/09_Metas/16/08/20190916080300_00149.png,169.6,406.4,75.7,20.5,963
9/16/2019 8:04,datasets/dataset_cropped/09_Metas/16/08/20190916080400_00149.jpg,datasets_flow/dataset_cropped/09_Metas/16/08/20190916080400_00149.jpg,datasets_cloudmask/dataset_cropped/09_Metas/16/08/20190916080400_00149.png,172.7,412,76.1,20.6,963
9/16/2019 8:05,datasets/dataset_cropped/09_Metas/16/08/20190916080500_00149.jpg,datasets_flow/dataset_cropped/09_Metas/16/08/20190916080500_00149.jpg,datasets_cloudmask/dataset_cropped/09_Metas/16/08/20190916080500_00149.png,176,418.4,76.5,20.7,963
9/16/2019 8:06,datasets/dataset_cropped/09_Metas/16/08/20190916080600_00149.jpg,datasets_flow/dataset_cropped/09_Metas/16/08/20190916080600_00149.jpg,datasets_cloudmask/dataset_cropped/09_Metas/16/08/20190916080600_00149.png,179.2,423.8,77,20.8,963
9/16/2019 8:07,datasets/dataset_cropped/09_Metas/16/08/20190916080700_00149.jpg,datasets_flow/dataset_cropped/09_Metas/16/08/20190916080700_00149.jpg,datasets_cloudmask/dataset_cropped/09_Metas/16/08/20190916080700_00149.png,182.1,427.3,77.5,20.9,963
9/16/2019 8:08,datasets/dataset_cropped/09_Metas/16/08/20190916080800_00149.jpg,datasets_flow/dataset_cropped/09_Metas/16/08/20190916080800_00149.jpg,datasets_cloudmask/dataset_cropped/09_Metas/16/08/20190916080800_00149.png,184.9,429.6,78.2,20.9,963
9/16/2019 8:09,datasets/dataset_cropped/09_Metas/16/08/20190916080900_00149.jpg,datasets_flow/dataset_cropped/09_Metas/16/08/20190916080900_00149.jpg,datasets_cloudmask/dataset_cropped/09_Metas/16/08/20190916080900_00149.png,187.8,432.6,79,21,963
9/16/2019 8:10,datasets/dataset_cropped/09_Metas/16/08/20190916081000_00149.jpg,datasets_flow/dataset_cropped/09_Metas/16/08/20190916081000_00149.jpg,datasets_cloudmask/dataset_cropped/09_Metas/16/08/20190916081000_00149.png,190.6,435.4,79.7,21,963
9/16/2019 8:11,datasets/dataset_cropped/09_Metas/16/08/20190916081100_00149.jpg,datasets_flow/dataset_cropped/09_Metas/16/08/20190916081100_00149.jpg,datasets_cloudmask/dataset_cropped/09_Metas/16/08/20190916081100_00149.png,194,440.4,80.4,21,963
9/16/2019 8:12,datasets/dataset_cropped/09_Metas/16/08/20190916081200_00149.jpg,datasets_flow/dataset_cropped/09_Metas/16/08/20190916081200_00149.jpg,datasets_cloudmask/dataset_cropped/09_Metas/16/08/20190916081200_00149.png,197.4,444.9,81.1,21,963
9/16/2019 8:13,datasets/dataset_cropped/09_Metas/16/08/20190916081300_00149.jpg,datasets_flow/dataset_cropped/09_Metas/16/08/20190916081300_00149.jpg,datasets_cloudmask/dataset_cropped/09_Metas/16/08/20190916081300_00149.png,201.1,450.9,81.8,21.1,963
9/16/2019 8:14,datasets/dataset_cropped/09_Metas/16/08/20190916081400_00149.jpg,datasets_flow/dataset_cropped/09_Metas/16/08/20190916081400_00149.jpg,datasets_cloudmask/dataset_cropped/09_Metas/16/08/20190916081400_00149.png,204.8,457.6,82.4,21.1,963
9/16/2019 8:15,datasets/dataset_cropped/09_Metas/16/08/20190916081500_00149.jpg,datasets_flow/dataset_cropped/09_Metas/16/08/20190916081500_00149.jpg,datasets_cloudmask/dataset_cropped/09_Metas/16/08/20190916081500_00149.png,208.8,464.5,83,21.2,963
9/16/2019 8:16,datasets/dataset_cropped/09_Metas/16/08/20190916081600_00149.jpg,datasets_flow/dataset_cropped/09_Metas/16/08/20190916081600_00149.jpg,datasets_cloudmask/dataset_cropped/09_Metas/16/08/20190916081600_00149.png,212.4,469.9,83.5,21.3,963
9/16/2019 8:17,datasets/dataset_cropped/09_Metas/16/08/20190916081700_00149.jpg,datasets_flow/dataset_cropped/09_Metas/16/08/20190916081700_00149.jpg,datasets_cloudmask/dataset_cropped/09_Metas/16/08/20190916081700_00149.png,215.7,474.9,83.9,21.3,963
9/16/2019 8:18,datasets/dataset_cropped/09_Metas/16/08/20190916081800_00149.jpg,datasets_flow/dataset_cropped/09_Metas/16/08/20190916081800_00149.jpg,datasets_cloudmask/dataset_cropped/09_Metas/16/08/20190916081800_00149.png,219.1,480.1,84.3,21.3,963
9/16/2019 8:19,datasets/dataset_cropped/09_Metas/16/08/20190916081900_00149.jpg,datasets_flow/dataset_cropped/09_Metas/16/08/20190916081900_00149.jpg,datasets_cloudmask/dataset_cropped/09_Metas/16/08/20190916081900_00149.png,223,486.7,84.7,21.4,963
9/16/2019 8:20,datasets/dataset_cropped/09_Metas/16/08/20190916082000_00149.jpg,datasets_flow/dataset_cropped/09_Metas/16/08/20190916082000_00149.jpg,datasets_cloudmask/dataset_cropped/09_Metas/16/08/20190916082000_00149.png,226.6,492.4,85,21.4,963
9/16/2019 8:21,datasets/dataset_cropped/09_Metas/16/08/20190916082100_00149.jpg,datasets_flow/dataset_cropped/09_Metas/16/08/20190916082100_00149.jpg,datasets_cloudmask/dataset_cropped/09_Metas/16/08/20190916082100_00149.png,230.4,498.5,85.4,21.4,963
9/16/2019 8:22,datasets/dataset_cropped/09_Metas/16/08/20190916082200_00149.jpg,datasets_flow/dataset_cropped/09_Metas/16/08/20190916082200_00149.jpg,datasets_cloudmask/dataset_cropped/09_Metas/16/08/20190916082200_00149.png,234.2,504.8,85.7,21.5,963
9/16/2019 8:23,datasets/dataset_cropped/09_Metas/16/08/20190916082300_00149.jpg,datasets_flow/dataset_cropped/09_Metas/16/08/20190916082300_00149.jpg,datasets_cloudmask/dataset_cropped/09_Metas/16/08/20190916082300_00149.png,237.7,509.9,85.9,21.6,963
9/16/2019 8:24,datasets/dataset_cropped/09_Metas/16/08/20190916082400_00149.jpg,datasets_flow/dataset_cropped/09_Metas/16/08/20190916082400_00149.jpg,datasets_cloudmask/dataset_cropped/09_Metas/16/08/20190916082400_00149.png,241.3,515.1,86.3,21.6,963
9/16/2019 8:25,datasets/dataset_cropped/09_Metas/16/08/20190916082500_00149.jpg,datasets_flow/dataset_cropped/09_Metas/16/08/20190916082500_00149.jpg,datasets_cloudmask/dataset_cropped/09_Metas/16/08/20190916082500_00149.png,245.4,521.6,86.7,21.7,963
9/16/2019 8:26,datasets/dataset_cropped/09_Metas/16/08/20190916082600_00149.jpg,datasets_flow/dataset_cropped/09_Metas/16/08/20190916082600_00149.jpg,datasets_cloudmask/dataset_cropped/09_Metas/16/08/20190916082600_00149.png,249.2,527.5,87,21.6,963
9/16/2019 8:27,datasets/dataset_cropped/09_Metas/16/08/20190916082700_00149.jpg,datasets_flow/dataset_cropped/09_Metas/16/08/20190916082700_00149.jpg,datasets_cloudmask/dataset_cropped/09_Metas/16/08/20190916082700_00149.png,253.4,534.1,87.4,21.7,963
9/16/2019 8:28,datasets/dataset_cropped/09_Metas/16/08/20190916082800_00149.jpg,datasets_flow/dataset_cropped/09_Metas/16/08/20190916082800_00149.jpg,datasets_cloudmask/dataset_cropped/09_Metas/16/08/20190916082800_00149.png,257.4,539.6,87.9,21.8,963
9/16/2019 8:29,datasets/dataset_cropped/09_Metas/16/08/20190916082900_00149.jpg,datasets_flow/dataset_cropped/09_Metas/16/08/20190916082900_00149.jpg,datasets_cloudmask/dataset_cropped/09_Metas/16/08/20190916082900_00149.png,261.4,545.6,88.3,21.8,963
9/16/2019 8:30,datasets/dataset_cropped/09_Metas/16/08/20190916083000_00149.jpg,datasets_flow/dataset_cropped/09_Metas/16/08/20190916083000_00149.jpg,datasets_cloudmask/dataset_cropped/09_Metas/16/08/20190916083000_00149.png,264.9,550.4,88.5,21.9,963
9/16/2019 8:31,datasets/dataset_cropped/09_Metas/16/08/20190916083100_00149.jpg,datasets_flow/dataset_cropped/09_Metas/16/08/20190916083100_00149.jpg,datasets_cloudmask/dataset_cropped/09_Metas/16/08/20190916083100_00149.png,267.9,553.3,88.8,22,963
9/16/2019 8:32,datasets/dataset_cropped/09_Metas/16/08/20190916083200_00149.jpg,datasets_flow/dataset_cropped/09_Metas/16/08/20190916083200_00149.jpg,datasets_cloudmask/dataset_cropped/09_Metas/16/08/20190916083200_00149.png,271.2,556.8,89.2,21.9,963
9/16/2019 8:33,datasets/dataset_cropped/09_Metas/16/08/20190916083300_00149.jpg,datasets_flow/dataset_cropped/09_Metas/16/08/20190916083300_00149.jpg,datasets_cloudmask/dataset_cropped/09_Metas/16/08/20190916083300_00149.png,274.9,561.5,89.6,21.8,963
9/16/2019 8:34,datasets/dataset_cropped/09_Metas/16/08/20190916083400_00149.jpg,datasets_flow/dataset_cropped/09_Metas/16/08/20190916083400_00149.jpg,datasets_cloudmask/dataset_cropped/09_Metas/16/08/20190916083400_00149.png,278.2,564.6,90.1,21.9,963
9/16/2019 8:35,datasets/dataset_cropped/09_Metas/16/08/20190916083500_00149.jpg,datasets_flow/dataset_cropped/09_Metas/16/08/20190916083500_00149.jpg,datasets_cloudmask/dataset_cropped/09_Metas/16/08/20190916083500_00149.png,281.7,568,90.7,22,963
9/16/2019 8:36,datasets/dataset_cropped/09_Metas/16/08/20190916083600_00149.jpg,datasets_flow/dataset_cropped/09_Metas/16/08/20190916083600_00149.jpg,datasets_cloudmask/dataset_cropped/09_Metas/16/08/20190916083600_00149.png,285.4,572.3,91.2,22.2,963
9/16/2019 8:37,datasets/dataset_cropped/09_Metas/16/08/20190916083700_00149.jpg,datasets_flow/dataset_cropped/09_Metas/16/08/20190916083700_00149.jpg,datasets_cloudmask/dataset_cropped/09_Metas/16/08/20190916083700_00149.png,289.2,576.3,91.7,22.3,963
9/16/2019 8:38,datasets/dataset_cropped/09_Metas/16/08/20190916083800_00149.jpg,datasets_flow/dataset_cropped/09_Metas/16/08/20190916083800_00149.jpg,datasets_cloudmask/dataset_cropped/09_Metas/16/08/20190916083800_00149.png,293.1,581.1,92.1,22.4,963
9/16/2019 8:39,datasets/dataset_cropped/09_Metas/16/08/20190916083900_00149.jpg,datasets_flow/dataset_cropped/09_Metas/16/08/20190916083900_00149.jpg,datasets_cloudmask/dataset_cropped/09_Metas/16/08/20190916083900_00149.png,296.6,584.9,92.5,22.4,963
9/16/2019 8:40,datasets/dataset_cropped/09_Metas/16/08/20190916084000_00149.jpg,datasets_flow/dataset_cropped/09_Metas/16/08/20190916084000_00149.jpg,datasets_cloudmask/dataset_cropped/09_Metas/16/08/20190916084000_00149.png,300.1,588.2,93,22.4,963
9/16/2019 8:41,datasets/dataset_cropped/09_Metas/16/08/20190916084100_00149.jpg,datasets_flow/dataset_cropped/09_Metas/16/08/20190916084100_00149.jpg,datasets_cloudmask/dataset_cropped/09_Metas/16/08/20190916084100_00149.png,304,592.6,93.4,22.5,963
9/16/2019 8:42,datasets/dataset_cropped/09_Metas/16/08/20190916084200_00149.jpg,datasets_flow/dataset_cropped/09_Metas/16/08/20190916084200_00149.jpg,datasets_cloudmask/dataset_cropped/09_Metas/16/08/20190916084200_00149.png,307.5,596,93.9,22.5,963
9/16/2019 8:43,datasets/dataset_cropped/09_Metas/16/08/20190916084300_00149.jpg,datasets_flow/dataset_cropped/09_Metas/16/08/20190916084300_00149.jpg,datasets_cloudmask/dataset_cropped/09_Metas/16/08/20190916084300_00149.png,311.3,600.5,94.2,22.6,963
9/16/2019 8:44,datasets/dataset_cropped/09_Metas/16/08/20190916084400_00149.jpg,datasets_flow/dataset_cropped/09_Metas/16/08/20190916084400_00149.jpg,datasets_cloudmask/dataset_cropped/09_Metas/16/08/20190916084400_00149.png,315.2,605.4,94.6,22.6,963
9/16/2019 8:45,datasets/dataset_cropped/09_Metas/16/08/20190916084500_00149.jpg,datasets_flow/dataset_cropped/09_Metas/16/08/20190916084500_00149.jpg,datasets_cloudmask/dataset_cropped/09_Metas/16/08/20190916084500_00149.png,318.6,608.7,95,22.6,963
9/16/2019 8:46,datasets/dataset_cropped/09_Metas/16/08/20190916084600_00149.jpg,datasets_flow/dataset_cropped/09_Metas/16/08/20190916084600_00149.jpg,datasets_cloudmask/dataset_cropped/09_Metas/16/08/20190916084600_00149.png,322,611.9,95.4,22.6,963
9/16/2019 8:47,datasets/dataset_cropped/09_Metas/16/08/20190916084700_00149.jpg,datasets_flow/dataset_cropped/09_Metas/16/08/20190916084700_00149.jpg,datasets_cloudmask/dataset_cropped/09_Metas/16/08/20190916084700_00149.png,325.9,616.5,95.6,22.7,963
9/16/2019 8:48,datasets/dataset_cropped/09_Metas/16/08/20190916084800_00149.jpg,datasets_flow/dataset_cropped/09_Metas/16/08/20190916084800_00149.jpg,datasets_cloudmask/dataset_cropped/09_Metas/16/08/20190916084800_00149.png,329,618.5,95.9,22.9,963
9/16/2019 8:49,datasets/dataset_cropped/09_Metas/16/08/20190916084900_00149.jpg,datasets_flow/dataset_cropped/09_Metas/16/08/20190916084900_00149.jpg,datasets_cloudmask/dataset_cropped/09_Metas/16/08/20190916084900_00149.png,332.2,621.3,96.1,22.9,963
9/16/2019 8:50,datasets/dataset_cropped/09_Metas/16/08/20190916085000_00149.jpg,datasets_flow/dataset_cropped/09_Metas/16/08/20190916085000_00149.jpg,datasets_cloudmask/dataset_cropped/09_Metas/16/08/20190916085000_00149.png,336.5,626.2,96.4,22.7,963
9/16/2019 8:51,datasets/dataset_cropped/09_Metas/16/08/20190916085100_00149.jpg,datasets_flow/dataset_cropped/09_Metas/16/08/20190916085100_00149.jpg,datasets_cloudmask/dataset_cropped/09_Metas/16/08/20190916085100_00149.png,340.1,629.9,96.3,22.6,963
9/16/2019 8:52,datasets/dataset_cropped/09_Metas/16/08/20190916085200_00149.jpg,datasets_flow/dataset_cropped/09_Metas/16/08/20190916085200_00149.jpg,datasets_cloudmask/dataset_cropped/09_Metas/16/08/20190916085200_00149.png,343.6,632.7,96.5,22.5,963
9/16/2019 8:53,datasets/dataset_cropped/09_Metas/16/08/20190916085300_00149.jpg,datasets_flow/dataset_cropped/09_Metas/16/08/20190916085300_00149.jpg,datasets_cloudmask/dataset_cropped/09_Metas/16/08/20190916085300_00149.png,346.6,634.5,96.6,22.4,963
9/16/2019 8:54,datasets/dataset_cropped/09_Metas/16/08/20190916085400_00149.jpg,datasets_flow/dataset_cropped/09_Metas/16/08/20190916085400_00149.jpg,datasets_cloudmask/dataset_cropped/09_Metas/16/08/20190916085400_00149.png,348.8,634.3,96.9,22.4,963
9/16/2019 8:55,datasets/dataset_cropped/09_Metas/16/08/20190916085500_00149.jpg,datasets_flow/dataset_cropped/09_Metas/16/08/20190916085500_00149.jpg,datasets_cloudmask/dataset_cropped/09_Metas/16/08/20190916085500_00149.png,353,638.8,97.2,22.4,963
9/16/2019 8:56,datasets/dataset_cropped/09_Metas/16/08/20190916085600_00149.jpg,datasets_flow/dataset_cropped/09_Metas/16/08/20190916085600_00149.jpg,datasets_cloudmask/dataset_cropped/09_Metas/16/08/20190916085600_00149.png,357.8,644.6,97.6,22.3,963
9/16/2019 8:57,datasets/dataset_cropped/09_Metas/16/08/20190916085700_00149.jpg,datasets_flow/dataset_cropped/09_Metas/16/08/20190916085700_00149.jpg,datasets_cloudmask/dataset_cropped/09_Metas/16/08/20190916085700_00149.png,360.7,645.5,98.2,22.3,963
9/16/2019 8:58,datasets/dataset_cropped/09_Metas/16/08/20190916085800_00149.jpg,datasets_flow/dataset_cropped/09_Metas/16/08/20190916085800_00149.jpg,datasets_cloudmask/dataset_cropped/09_Metas/16/08/20190916085800_00149.png,363.4,646.4,98.5,22.4,963
9/16/2019 8:59,datasets/dataset_cropped/09_Metas/16/08/20190916085900_00149.jpg,datasets_flow/dataset_cropped/09_Metas/16/08/20190916085900_00149.jpg,datasets_cloudmask/dataset_cropped/09_Metas/16/08/20190916085900_00149.png,366.3,647.6,98.9,22.4,963
9/16/2019 9:00,datasets/dataset_cropped/09_Metas/16/09/20190916090000_00149.jpg,datasets_flow/dataset_cropped/09_Metas/16/09/20190916090000_00149.jpg,datasets_cloudmask/dataset_cropped/09_Metas/16/09/20190916090000_00149.png,369.9,650.6,99.2,22.5,963
9/16/2019 9:01,datasets/dataset_cropped/09_Metas/16/09/20190916090100_00149.jpg,datasets_flow/dataset_cropped/09_Metas/16/09/20190916090100_00149.jpg,datasets_cloudmask/dataset_cropped/09_Metas/16/09/20190916090100_00149.png,373.9,654.3,99.7,22.5,963
9/16/2019 9:02,datasets/dataset_cropped/09_Metas/16/09/20190916090200_00149.jpg,datasets_flow/dataset_cropped/09_Metas/16/09/20190916090200_00149.jpg,datasets_cloudmask/dataset_cropped/09_Metas/16/09/20190916090200_00149.png,377.5,657.6,100,22.4,963
9/16/2019 9:03,datasets/dataset_cropped/09_Metas/16/09/20190916090300_00149.jpg,datasets_flow/dataset_cropped/09_Metas/16/09/20190916090300_00149.jpg,datasets_cloudmask/dataset_cropped/09_Metas/16/09/20190916090300_00149.png,381,660.6,100.1,22.4,963
9/16/2019 9:04,datasets/dataset_cropped/09_Metas/16/09/20190916090400_00149.jpg,datasets_flow/dataset_cropped/09_Metas/16/09/20190916090400_00149.jpg,datasets_cloudmask/dataset_cropped/09_Metas/16/09/20190916090400_00149.png,384.8,664.6,100.3,22.4,963
9/16/2019 9:05,datasets/dataset_cropped/09_Metas/16/09/20190916090500_00149.jpg,datasets_flow/dataset_cropped/09_Metas/16/09/20190916090500_00149.jpg,datasets_cloudmask/dataset_cropped/09_Metas/16/09/20190916090500_00149.png,388.3,668,100.4,22.4,963
9/16/2019 9:06,datasets/dataset_cropped/09_Metas/16/09/20190916090600_00149.jpg,datasets_flow/dataset_cropped/09_Metas/16/09/20190916090600_00149.jpg,datasets_cloudmask/dataset_cropped/09_Metas/16/09/20190916090600_00149.png,392,672.1,100.5,22.6,963
9/16/2019 9:07,datasets/dataset_cropped/09_Metas/16/09/20190916090700_00149.jpg,datasets_flow/dataset_cropped/09_Metas/16/09/20190916090700_00149.jpg,datasets_cloudmask/dataset_cropped/09_Metas/16/09/20190916090700_00149.png,395.2,674.8,100.5,22.7,963
9/16/2019 9:08,datasets/dataset_cropped/09_Metas/16/09/20190916090800_00149.jpg,datasets_flow/dataset_cropped/09_Metas/16/09/20190916090800_00149.jpg,datasets_cloudmask/dataset_cropped/09_Metas/16/09/20190916090800_00149.png,398.7,677.9,100.7,22.7,963
9/16/2019 9:09,datasets/dataset_cropped/09_Metas/16/09/20190916090900_00149.jpg,datasets_flow/dataset_cropped/09_Metas/16/09/20190916090900_00149.jpg,datasets_cloudmask/dataset_cropped/09_Metas/16/09/20190916090900_00149.png,401.7,679.2,101.1,22.8,963
9/16/2019 9:10,datasets/dataset_cropped/09_Metas/16/09/20190916091000_00149.jpg,datasets_flow/dataset_cropped/09_Metas/16/09/20190916091000_00149.jpg,datasets_cloudmask/dataset_cropped/09_Metas/16/09/20190916091000_00149.png,405,681.9,101.2,22.9,963
9/16/2019 9:11,datasets/dataset_cropped/09_Metas/16/09/20190916091100_00149.jpg,datasets_flow/dataset_cropped/09_Metas/16/09/20190916091100_00149.jpg,datasets_cloudmask/dataset_cropped/09_Metas/16/09/20190916091100_00149.png,408.3,685.2,101,23.1,963
9/16/2019 9:12,datasets/dataset_cropped/09_Metas/16/09/20190916091200_00149.jpg,datasets_flow/dataset_cropped/09_Metas/16/09/20190916091200_00149.jpg,datasets_cloudmask/dataset_cropped/09_Metas/16/09/20190916091200_00149.png,412.3,689.4,101,23,963
9/16/2019 9:13,datasets/dataset_cropped/09_Metas/16/09/20190916091300_00149.jpg,datasets_flow/dataset_cropped/09_Metas/16/09/20190916091300_00149.jpg,datasets_cloudmask/dataset_cropped/09_Metas/16/09/20190916091300_00149.png,416.1,692.7,101.4,23,963
9/16/2019 9:14,datasets/dataset_cropped/09_Metas/16/09/20190916091400_00149.jpg,datasets_flow/dataset_cropped/09_Metas/16/09/20190916091400_00149.jpg,datasets_cloudmask/dataset_cropped/09_Metas/16/09/20190916091400_00149.png,419.7,696,101.7,23,963
9/16/2019 9:15,datasets/dataset_cropped/09_Metas/16/09/20190916091500_00149.jpg,datasets_flow/dataset_cropped/09_Metas/16/09/20190916091500_00149.jpg,datasets_cloudmask/dataset_cropped/09_Metas/16/09/20190916091500_00149.png,422.8,699.1,101.4,23.2,963
9/16/2019 9:16,datasets/dataset_cropped/09_Metas/16/09/20190916091600_00149.jpg,datasets_flow/dataset_cropped/09_Metas/16/09/20190916091600_00149.jpg,datasets_cloudmask/dataset_cropped/09_Metas/16/09/20190916091600_00149.png,426.4,702.3,101.5,23.1,963
9/16/2019 9:17,datasets/dataset_cropped/09_Metas/16/09/20190916091700_00149.jpg,datasets_flow/dataset_cropped/09_Metas/16/09/20190916091700_00149.jpg,datasets_cloudmask/dataset_cropped/09_Metas/16/09/20190916091700_00149.png,430.6,707,101.5,23.1,963
9/16/2019 9:18,datasets/dataset_cropped/09_Metas/16/09/20190916091800_00149.jpg,datasets_flow/dataset_cropped/09_Metas/16/09/20190916091800_00149.jpg,datasets_cloudmask/dataset_cropped/09_Metas/16/09/20190916091800_00149.png,434.4,711.4,101.3,23.1,963
9/16/2019 9:19,datasets/dataset_cropped/09_Metas/16/09/20190916091900_00149.jpg,datasets_flow/dataset_cropped/09_Metas/16/09/20190916091900_00149.jpg,datasets_cloudmask/dataset_cropped/09_Metas/16/09/20190916091900_00149.png,438,714.9,101.2,23.1,963
9/16/2019 9:20,datasets/dataset_cropped/09_Metas/16/09/20190916092000_00149.jpg,datasets_flow/dataset_cropped/09_Metas/16/09/20190916092000_00149.jpg,datasets_cloudmask/dataset_cropped/09_Metas/16/09/20190916092000_00149.png,440.5,715.3,101.2,23.2,963
9/16/2019 9:21,datasets/dataset_cropped/09_Metas/16/09/20190916092100_00149.jpg,datasets_flow/dataset_cropped/09_Metas/16/09/20190916092100_00149.jpg,datasets_cloudmask/dataset_cropped/09_Metas/16/09/20190916092100_00149.png,443.5,716.8,101.5,23.2,963
9/16/2019 9:22,datasets/dataset_cropped/09_Metas/16/09/20190916092200_00149.jpg,datasets_flow/dataset_cropped/09_Metas/16/09/20190916092200_00149.jpg,datasets_cloudmask/dataset_cropped/09_Metas/16/09/20190916092200_00149.png,446.8,718.4,102,23.4,963
9/16/2019 9:23,datasets/dataset_cropped/09_Metas/16/09/20190916092300_00149.jpg,datasets_flow/dataset_cropped/09_Metas/16/09/20190916092300_00149.jpg,datasets_cloudmask/dataset_cropped/09_Metas/16/09/20190916092300_00149.png,450.4,721.6,102.2,23.6,963
9/16/2019 9:24,datasets/dataset_cropped/09_Metas/16/09/20190916092400_00149.jpg,datasets_flow/dataset_cropped/09_Metas/16/09/20190916092400_00149.jpg,datasets_cloudmask/dataset_cropped/09_Metas/16/09/20190916092400_00149.png,453.7,723.6,102.4,23.6,963
9/16/2019 9:25,datasets/dataset_cropped/09_Metas/16/09/20190916092500_00149.jpg,datasets_flow/dataset_cropped/09_Metas/16/09/20190916092500_00149.jpg,datasets_cloudmask/dataset_cropped/09_Metas/16/09/20190916092500_00149.png,457.4,726.9,102.5,23.8,963
9/16/2019 9:26,datasets/dataset_cropped/09_Metas/16/09/20190916092600_00149.jpg,datasets_flow/dataset_cropped/09_Metas/16/09/20190916092600_00149.jpg,datasets_cloudmask/dataset_cropped/09_Metas/16/09/20190916092600_00149.png,461.1,730.5,102.4,23.8,963
9/16/2019 9:27,datasets/dataset_cropped/09_Metas/16/09/20190916092700_00149.jpg,datasets_flow/dataset_cropped/09_Metas/16/09/20190916092700_00149.jpg,datasets_cloudmask/dataset_cropped/09_Metas/16/09/20190916092700_00149.png,464.3,732.4,102.4,23.7,963
9/16/2019 9:28,datasets/dataset_cropped/09_Metas/16/09/20190916092800_00149.jpg,datasets_flow/dataset_cropped/09_Metas/16/09/20190916092800_00149.jpg,datasets_cloudmask/dataset_cropped/09_Metas/16/09/20190916092800_00149.png,466.7,732.3,102.6,23.6,963
9/16/2019 9:29,datasets/dataset_cropped/09_Metas/16/09/20190916092900_00149.jpg,datasets_flow/dataset_cropped/09_Metas/16/09/20190916092900_00149.jpg,datasets_cloudmask/dataset_cropped/09_Metas/16/09/20190916092900_00149.png,470.2,735,102.7,23.5,963
9/16/2019 9:30,datasets/dataset_cropped/09_Metas/16/09/20190916093000_00149.jpg,datasets_flow/dataset_cropped/09_Metas/16/09/20190916093000_00149.jpg,datasets_cloudmask/dataset_cropped/09_Metas/16/09/20190916093000_00149.png,473.3,736.9,102.7,23.6,963
9/16/2019 9:31,datasets/dataset_cropped/09_Metas/16/09/20190916093100_00149.jpg,datasets_flow/dataset_cropped/09_Metas/16/09/20190916093100_00149.jpg,datasets_cloudmask/dataset_cropped/09_Metas/16/09/20190916093100_00149.png,476.9,739.9,102.7,23.6,963
9/16/2019 9:32,datasets/dataset_cropped/09_Metas/16/09/20190916093200_00149.jpg,datasets_flow/dataset_cropped/09_Metas/16/09/20190916093200_00149.jpg,datasets_cloudmask/dataset_cropped/09_Metas/16/09/20190916093200_00149.png,481.2,743.7,102.9,23.7,963
9/16/2019 9:33,datasets/dataset_cropped/09_Metas/16/09/20190916093300_00149.jpg,datasets_flow/dataset_cropped/09_Metas/16/09/20190916093300_00149.jpg,datasets_cloudmask/dataset_cropped/09_Metas/16/09/20190916093300_00149.png,484,745,103.1,24,963
9/16/2019 9:34,datasets/dataset_cropped/09_Metas/16/09/20190916093400_00149.jpg,datasets_flow/dataset_cropped/09_Metas/16/09/20190916093400_00149.jpg,datasets_cloudmask/dataset_cropped/09_Metas/16/09/20190916093400_00149.png,487,746.7,103.2,23.9,963
9/16/2019 9:35,datasets/dataset_cropped/09_Metas/16/09/20190916093500_00149.jpg,datasets_flow/dataset_cropped/09_Metas/16/09/20190916093500_00149.jpg,datasets_cloudmask/dataset_cropped/09_Metas/16/09/20190916093500_00149.png,490.3,749.2,103,23.8,963
9/16/2019 9:36,datasets/dataset_cropped/09_Metas/16/09/20190916093600_00149.jpg,datasets_flow/dataset_cropped/09_Metas/16/09/20190916093600_00149.jpg,datasets_cloudmask/dataset_cropped/09_Metas/16/09/20190916093600_00149.png,493.7,751.6,103,23.8,963
9/16/2019 9:37,datasets/dataset_cropped/09_Metas/16/09/20190916093700_00149.jpg,datasets_flow/dataset_cropped/09_Metas/16/09/20190916093700_00149.jpg,datasets_cloudmask/dataset_cropped/09_Metas/16/09/20190916093700_00149.png,495.7,751.3,103,23.9,963
9/16/2019 9:38,datasets/dataset_cropped/09_Metas/16/09/20190916093800_00149.jpg,datasets_flow/dataset_cropped/09_Metas/16/09/20190916093800_00149.jpg,datasets_cloudmask/dataset_cropped/09_Metas/16/09/20190916093800_00149.png,498.9,752.9,103.4,24.1,963
9/16/2019 9:39,datasets/dataset_cropped/09_Metas/16/09/20190916093900_00149.jpg,datasets_flow/dataset_cropped/09_Metas/16/09/20190916093900_00149.jpg,datasets_cloudmask/dataset_cropped/09_Metas/16/09/20190916093900_00149.png,503,755.8,103.8,24,963
9/16/2019 9:40,datasets/dataset_cropped/09_Metas/16/09/20190916094000_00149.jpg,datasets_flow/dataset_cropped/09_Metas/16/09/20190916094000_00149.jpg,datasets_cloudmask/dataset_cropped/09_Metas/16/09/20190916094000_00149.png,505.9,757.4,104,24,963
9/16/2019 9:41,datasets/dataset_cropped/09_Metas/16/09/20190916094100_00149.jpg,datasets_flow/dataset_cropped/09_Metas/16/09/20190916094100_00149.jpg,datasets_cloudmask/dataset_cropped/09_Metas/16/09/20190916094100_00149.png,508.8,759.2,104,24.2,963
9/16/2019 9:42,datasets/dataset_cropped/09_Metas/16/09/20190916094200_00149.jpg,datasets_flow/dataset_cropped/09_Metas/16/09/20190916094200_00149.jpg,datasets_cloudmask/dataset_cropped/09_Metas/16/09/20190916094200_00149.png,511.2,759.9,104,24.2,963
9/16/2019 9:43,datasets/dataset_cropped/09_Metas/16/09/20190916094300_00149.jpg,datasets_flow/dataset_cropped/09_Metas/16/09/20190916094300_00149.jpg,datasets_cloudmask/dataset_cropped/09_Metas/16/09/20190916094300_00149.png,514.1,760.6,104.3,24.2,963
9/16/2019 9:44,datasets/dataset_cropped/09_Metas/16/09/20190916094400_00149.jpg,datasets_flow/dataset_cropped/09_Metas/16/09/20190916094400_00149.jpg,datasets_cloudmask/dataset_cropped/09_Metas/16/09/20190916094400_00149.png,517.4,762.5,104.6,24.1,963
9/16/2019 9:45,datasets/dataset_cropped/09_Metas/16/09/20190916094500_00149.jpg,datasets_flow/dataset_cropped/09_Metas/16/09/20190916094500_00149.jpg,datasets_cloudmask/dataset_cropped/09_Metas/16/09/20190916094500_00149.png,521.6,766.1,105,24,963
9/16/2019 9:46,datasets/dataset_cropped/09_Metas/16/09/20190916094600_00149.jpg,datasets_flow/dataset_cropped/09_Metas/16/09/20190916094600_00149.jpg,datasets_cloudmask/dataset_cropped/09_Metas/16/09/20190916094600_00149.png,525.7,769.6,105,23.9,963
9/16/2019 9:47,datasets/dataset_cropped/09_Metas/16/09/20190916094700_00149.jpg,datasets_flow/dataset_cropped/09_Metas/16/09/20190916094700_00149.jpg,datasets_cloudmask/dataset_cropped/09_Metas/16/09/20190916094700_00149.png,528.4,770.5,105,24,963
9/16/2019 9:48,datasets/dataset_cropped/09_Metas/16/09/20190916094800_00149.jpg,datasets_flow/dataset_cropped/09_Metas/16/09/20190916094800_00149.jpg,datasets_cloudmask/dataset_cropped/09_Metas/16/09/20190916094800_00149.png,530.6,770.1,105.5,24.2,963
9/16/2019 9:49,datasets/dataset_cropped/09_Metas/16/09/20190916094900_00149.jpg,datasets_flow/dataset_cropped/09_Metas/16/09/20190916094900_00149.jpg,datasets_cloudmask/dataset_cropped/09_Metas/16/09/20190916094900_00149.png,532.7,769.8,105.8,24.4,963
9/16/2019 9:50,datasets/dataset_cropped/09_Metas/16/09/20190916095000_00149.jpg,datasets_flow/dataset_cropped/09_Metas/16/09/20190916095000_00149.jpg,datasets_cloudmask/dataset_cropped/09_Metas/16/09/20190916095000_00149.png,536.9,773.8,105.8,24.3,963
9/16/2019 9:51,datasets/dataset_cropped/09_Metas/16/09/20190916095100_00149.jpg,datasets_flow/dataset_cropped/09_Metas/16/09/20190916095100_00149.jpg,datasets_cloudmask/dataset_cropped/09_Metas/16/09/20190916095100_00149.png,539.5,774.6,105.7,24.3,963
9/16/2019 9:52,datasets/dataset_cropped/09_Metas/16/09/20190916095200_00149.jpg,datasets_flow/dataset_cropped/09_Metas/16/09/20190916095200_00149.jpg,datasets_cloudmask/dataset_cropped/09_Metas/16/09/20190916095200_00149.png,541.3,773.7,105.9,24.4,963
9/16/2019 9:53,datasets/dataset_cropped/09_Metas/16/09/20190916095300_00149.jpg,datasets_flow/dataset_cropped/09_Metas/16/09/20190916095300_00149.jpg,datasets_cloudmask/dataset_cropped/09_Metas/16/09/20190916095300_00149.png,544.8,776,106.4,24.4,963
9/16/2019 9:54,datasets/dataset_cropped/09_Metas/16/09/20190916095400_00149.jpg,datasets_flow/dataset_cropped/09_Metas/16/09/20190916095400_00149.jpg,datasets_cloudmask/dataset_cropped/09_Metas/16/09/20190916095400_00149.png,547.7,777.7,106.6,24.4,963
9/16/2019 9:55,datasets/dataset_cropped/09_Metas/16/09/20190916095500_00149.jpg,datasets_flow/dataset_cropped/09_Metas/16/09/20190916095500_00149.jpg,datasets_cloudmask/dataset_cropped/09_Metas/16/09/20190916095500_00149.png,551.2,780.7,106.6,24.5,963
9/16/2019 9:56,datasets/dataset_cropped/09_Metas/16/09/20190916095600_00149.jpg,datasets_flow/dataset_cropped/09_Metas/16/09/20190916095600_00149.jpg,datasets_cloudmask/dataset_cropped/09_Metas/16/09/20190916095600_00149.png,554.8,783.8,106.6,24.5,963
9/16/2019 9:57,datasets/dataset_cropped/09_Metas/16/09/20190916095700_00149.jpg,datasets_flow/dataset_cropped/09_Metas/16/09/20190916095700_00149.jpg,datasets_cloudmask/dataset_cropped/09_Metas/16/09/20190916095700_00149.png,558.1,786.3,106.5,24.5,963
9/16/2019 9:58,datasets/dataset_cropped/09_Metas/16/09/20190916095800_00149.jpg,datasets_flow/dataset_cropped/09_Metas/16/09/20190916095800_00149.jpg,datasets_cloudmask/dataset_cropped/09_Metas/16/09/20190916095800_00149.png,562,789.7,106.2,24.6,963
9/16/2019 9:59,datasets/dataset_cropped/09_Metas/16/09/20190916095900_00149.jpg,datasets_flow/dataset_cropped/09_Metas/16/09/20190916095900_00149.jpg,datasets_cloudmask/dataset_cropped/09_Metas/16/09/20190916095900_00149.png,565.1,792,106.1,24.8,963
9/16/2019 10:00,datasets/dataset_cropped/09_Metas/16/10/20190916100000_00149.jpg,datasets_flow/dataset_cropped/09_Metas/16/10/20190916100000_00149.jpg,datasets_cloudmask/dataset_cropped/09_Metas/16/10/20190916100000_00149.png,567.9,793.2,106,24.7,963
9/16/2019 10:01,datasets/dataset_cropped/09_Metas/16/10/20190916100100_00149.jpg,datasets_flow/dataset_cropped/09_Metas/16/10/20190916100100_00149.jpg,datasets_cloudmask/dataset_cropped/09_Metas/16/10/20190916100100_00149.png,571.4,796.2,105.7,24.8,963
9/16/2019 10:02,datasets/dataset_cropped/09_Metas/16/10/20190916100200_00149.jpg,datasets_flow/dataset_cropped/09_Metas/16/10/20190916100200_00149.jpg,datasets_cloudmask/dataset_cropped/09_Metas/16/10/20190916100200_00149.png,574.1,797.7,105.6,24.7,963
9/16/2019 10:03,datasets/dataset_cropped/09_Metas/16/10/20190916100300_00149.jpg,datasets_flow/dataset_cropped/09_Metas/16/10/20190916100300_00149.jpg,datasets_cloudmask/dataset_cropped/09_Metas/16/10/20190916100300_00149.png,577,799.2,105.6,24.8,963
9/16/2019 10:04,datasets/dataset_cropped/09_Metas/16/10/20190916100400_00149.jpg,datasets_flow/dataset_cropped/09_Metas/16/10/20190916100400_00149.jpg,datasets_cloudmask/dataset_cropped/09_Metas/16/10/20190916100400_00149.png,579.5,799.8,105.8,24.8,963
9/16/2019 10:05,datasets/dataset_cropped/09_Metas/16/10/20190916100500_00149.jpg,datasets_flow/dataset_cropped/09_Metas/16/10/20190916100500_00149.jpg,datasets_cloudmask/dataset_cropped/09_Metas/16/10/20190916100500_00149.png,582.7,801,106.2,24.9,963
9/16/2019 10:06,datasets/dataset_cropped/09_Metas/16/10/20190916100600_00149.jpg,datasets_flow/dataset_cropped/09_Metas/16/10/20190916100600_00149.jpg,datasets_cloudmask/dataset_cropped/09_Metas/16/10/20190916100600_00149.png,584.7,801,106.2,25.1,963
9/16/2019 10:07,datasets/dataset_cropped/09_Metas/16/10/20190916100700_00149.jpg,datasets_flow/dataset_cropped/09_Metas/16/10/20190916100700_00149.jpg,datasets_cloudmask/dataset_cropped/09_Metas/16/10/20190916100700_00149.png,587.1,801,106.1,25.2,963
9/16/2019 10:08,datasets/dataset_cropped/09_Metas/16/10/20190916100800_00149.jpg,datasets_flow/dataset_cropped/09_Metas/16/10/20190916100800_00149.jpg,datasets_cloudmask/dataset_cropped/09_Metas/16/10/20190916100800_00149.png,591.6,805,106.3,25.1,963
9/16/2019 10:09,datasets/dataset_cropped/09_Metas/16/10/20190916100900_00149.jpg,datasets_flow/dataset_cropped/09_Metas/16/10/20190916100900_00149.jpg,datasets_cloudmask/dataset_cropped/09_Metas/16/10/20190916100900_00149.png,595.6,809,106.5,25.2,963
9/16/2019 10:10,datasets/dataset_cropped/09_Metas/16/10/20190916101000_00149.jpg,datasets_flow/dataset_cropped/09_Metas/16/10/20190916101000_00149.jpg,datasets_cloudmask/dataset_cropped/09_Metas/16/10/20190916101000_00149.png,595.5,806,106.5,25.2,963
9/16/2019 10:11,datasets/dataset_cropped/09_Metas/16/10/20190916101100_00149.jpg,datasets_flow/dataset_cropped/09_Metas/16/10/20190916101100_00149.jpg,datasets_cloudmask/dataset_cropped/09_Metas/16/10/20190916101100_00149.png,597.7,806,106.7,25.2,963
9/16/2019 10:12,datasets/dataset_cropped/09_Metas/16/10/20190916101200_00149.jpg,datasets_flow/dataset_cropped/09_Metas/16/10/20190916101200_00149.jpg,datasets_cloudmask/dataset_cropped/09_Metas/16/10/20190916101200_00149.png,602.2,809,106.9,25.3,963
9/16/2019 10:13,datasets/dataset_cropped/09_Metas/16/10/20190916101300_00149.jpg,datasets_flow/dataset_cropped/09_Metas/16/10/20190916101300_00149.jpg,datasets_cloudmask/dataset_cropped/09_Metas/16/10/20190916101300_00149.png,606.6,813,106.8,25.3,963
9/16/2019 10:14,datasets/dataset_cropped/09_Metas/16/10/20190916101400_00149.jpg,datasets_flow/dataset_cropped/09_Metas/16/10/20190916101400_00149.jpg,datasets_cloudmask/dataset_cropped/09_Metas/16/10/20190916101400_00149.png,609.9,815,106.6,25.2,963
9/16/2019 10:15,datasets/dataset_cropped/09_Metas/16/10/20190916101500_00149.jpg,datasets_flow/dataset_cropped/09_Metas/16/10/20190916101500_00149.jpg,datasets_cloudmask/dataset_cropped/09_Metas/16/10/20190916101500_00149.png,613.1,818,106.5,25.1,963
9/16/2019 10:16,datasets/dataset_cropped/09_Metas/16/10/20190916101600_00149.jpg,datasets_flow/dataset_cropped/09_Metas/16/10/20190916101600_00149.jpg,datasets_cloudmask/dataset_cropped/09_Metas/16/10/20190916101600_00149.png,616.1,820,106.1,25.3,963
9/16/2019 10:17,datasets/dataset_cropped/09_Metas/16/10/20190916101700_00149.jpg,datasets_flow/dataset_cropped/09_Metas/16/10/20190916101700_00149.jpg,datasets_cloudmask/dataset_cropped/09_Metas/16/10/20190916101700_00149.png,618.4,821,106.1,25.5,963
9/16/2019 10:18,datasets/dataset_cropped/09_Metas/16/10/20190916101800_00149.jpg,datasets_flow/dataset_cropped/09_Metas/16/10/20190916101800_00149.jpg,datasets_cloudmask/dataset_cropped/09_Metas/16/10/20190916101800_00149.png,621.8,823,106.7,25.7,963
9/16/2019 10:19,datasets/dataset_cropped/09_Metas/16/10/20190916101900_00149.jpg,datasets_flow/dataset_cropped/09_Metas/16/10/20190916101900_00149.jpg,datasets_cloudmask/dataset_cropped/09_Metas/16/10/20190916101900_00149.png,624.5,824,106.8,25.6,963
9/16/2019 10:20,datasets/dataset_cropped/09_Metas/16/10/20190916102000_00149.jpg,datasets_flow/dataset_cropped/09_Metas/16/10/20190916102000_00149.jpg,datasets_cloudmask/dataset_cropped/09_Metas/16/10/20190916102000_00149.png,626.3,823,107,25.4,963
9/16/2019 10:21,datasets/dataset_cropped/09_Metas/16/10/20190916102100_00149.jpg,datasets_flow/dataset_cropped/09_Metas/16/10/20190916102100_00149.jpg,datasets_cloudmask/dataset_cropped/09_Metas/16/10/20190916102100_00149.png,628,822,107.6,25.4,963
9/16/2019 10:22,datasets/dataset_cropped/09_Metas/16/10/20190916102200_00149.jpg,datasets_flow/dataset_cropped/09_Metas/16/10/20190916102200_00149.jpg,datasets_cloudmask/dataset_cropped/09_Metas/16/10/20190916102200_00149.png,629.9,822,108.1,25.5,963
9/16/2019 10:23,datasets/dataset_cropped/09_Metas/16/10/20190916102300_00149.jpg,datasets_flow/dataset_cropped/09_Metas/16/10/20190916102300_00149.jpg,datasets_cloudmask/dataset_cropped/09_Metas/16/10/20190916102300_00149.png,632.8,822,109,25.4,963
9/16/2019 10:24,datasets/dataset_cropped/09_Metas/16/10/20190916102400_00149.jpg,datasets_flow/dataset_cropped/09_Metas/16/10/20190916102400_00149.jpg,datasets_cloudmask/dataset_cropped/09_Metas/16/10/20190916102400_00149.png,635.8,823,109.8,25.3,963
9/16/2019 10:25,datasets/dataset_cropped/09_Metas/16/10/20190916102500_00149.jpg,datasets_flow/dataset_cropped/09_Metas/16/10/20190916102500_00149.jpg,datasets_cloudmask/dataset_cropped/09_Metas/16/10/20190916102500_00149.png,637.7,823,110,25.4,963
9/16/2019 10:26,datasets/dataset_cropped/09_Metas/16/10/20190916102600_00149.jpg,datasets_flow/dataset_cropped/09_Metas/16/10/20190916102600_00149.jpg,datasets_cloudmask/dataset_cropped/09_Metas/16/10/20190916102600_00149.png,640.6,823,110.4,25.8,963
9/16/2019 10:27,datasets/dataset_cropped/09_Metas/16/10/20190916102700_00149.jpg,datasets_flow/dataset_cropped/09_Metas/16/10/20190916102700_00149.jpg,datasets_cloudmask/dataset_cropped/09_Metas/16/10/20190916102700_00149.png,643.7,825,110.9,26.1,963
9/16/2019 10:28,datasets/dataset_cropped/09_Metas/16/10/20190916102800_00149.jpg,datasets_flow/dataset_cropped/09_Metas/16/10/20190916102800_00149.jpg,datasets_cloudmask/dataset_cropped/09_Metas/16/10/20190916102800_00149.png,645.9,825,111.2,25.8,963
9/16/2019 10:29,datasets/dataset_cropped/09_Metas/16/10/20190916102900_00149.jpg,datasets_flow/dataset_cropped/09_Metas/16/10/20190916102900_00149.jpg,datasets_cloudmask/dataset_cropped/09_Metas/16/10/20190916102900_00149.png,647,823,111.9,25.5,963
9/16/2019 10:30,datasets/dataset_cropped/09_Metas/16/10/20190916103000_00149.jpg,datasets_flow/dataset_cropped/09_Metas/16/10/20190916103000_00149.jpg,datasets_cloudmask/dataset_cropped/09_Metas/16/10/20190916103000_00149.png,647.6,821,112.3,25.5,963
9/16/2019 10:31,datasets/dataset_cropped/09_Metas/16/10/20190916103100_00149.jpg,datasets_flow/dataset_cropped/09_Metas/16/10/20190916103100_00149.jpg,datasets_cloudmask/dataset_cropped/09_Metas/16/10/20190916103100_00149.png,651.9,824,112.7,25.7,963
9/16/2019 10:32,datasets/dataset_cropped/09_Metas/16/10/20190916103200_00149.jpg,datasets_flow/dataset_cropped/09_Metas/16/10/20190916103200_00149.jpg,datasets_cloudmask/dataset_cropped/09_Metas/16/10/20190916103200_00149.png,655,824,113.1,25.7,963
9/16/2019 10:33,datasets/dataset_cropped/09_Metas/16/10/20190916103300_00160.jpg,datasets_flow/dataset_cropped/09_Metas/16/10/20190916103300_00160.jpg,datasets_cloudmask/dataset_cropped/09_Metas/16/10/20190916103300_00160.png,657.3,824,113.6,25.9,963
9/16/2019 10:34,datasets/dataset_cropped/09_Metas/16/10/20190916103400_00160.jpg,datasets_flow/dataset_cropped/09_Metas/16/10/20190916103400_00160.jpg,datasets_cloudmask/dataset_cropped/09_Metas/16/10/20190916103400_00160.png,658.9,823,113.9,25.8,963
9/16/2019 10:35,datasets/dataset_cropped/09_Metas/16/10/20190916103500_00160.jpg,datasets_flow/dataset_cropped/09_Metas/16/10/20190916103500_00160.jpg,datasets_cloudmask/dataset_cropped/09_Metas/16/10/20190916103500_00160.png,661.6,823,114.3,25.7,963
9/16/2019 10:36,datasets/dataset_cropped/09_Metas/16/10/20190916103600_00160.jpg,datasets_flow/dataset_cropped/09_Metas/16/10/20190916103600_00160.jpg,datasets_cloudmask/dataset_cropped/09_Metas/16/10/20190916103600_00160.png,664.6,825,114.8,25.7,963
9/16/2019 10:37,datasets/dataset_cropped/09_Metas/16/10/20190916103700_00160.jpg,datasets_flow/dataset_cropped/09_Metas/16/10/20190916103700_00160.jpg,datasets_cloudmask/dataset_cropped/09_Metas/16/10/20190916103700_00160.png,667.7,826,115.3,25.7,963
9/16/2019 10:38,datasets/dataset_cropped/09_Metas/16/10/20190916103800_00160.jpg,datasets_flow/dataset_cropped/09_Metas/16/10/20190916103800_00160.jpg,datasets_cloudmask/dataset_cropped/09_Metas/16/10/20190916103800_00160.png,669.2,826,115.4,25.9,963
9/16/2019 10:39,datasets/dataset_cropped/09_Metas/16/10/20190916103900_00160.jpg,datasets_flow/dataset_cropped/09_Metas/16/10/20190916103900_00160.jpg,datasets_cloudmask/dataset_cropped/09_Metas/16/10/20190916103900_00160.png,672.6,828,115.9,25.9,963
9/16/2019 10:40,datasets/dataset_cropped/09_Metas/16/10/20190916104000_00160.jpg,datasets_flow/dataset_cropped/09_Metas/16/10/20190916104000_00160.jpg,datasets_cloudmask/dataset_cropped/09_Metas/16/10/20190916104000_00160.png,674.1,826,116.4,25.9,963
9/16/2019 10:41,datasets/dataset_cropped/09_Metas/16/10/20190916104100_00160.jpg,datasets_flow/dataset_cropped/09_Metas/16/10/20190916104100_00160.jpg,datasets_cloudmask/dataset_cropped/09_Metas/16/10/20190916104100_00160.png,676.7,827,116.6,25.8,963
9/16/2019 10:42,datasets/dataset_cropped/09_Metas/16/10/20190916104200_00160.jpg,datasets_flow/dataset_cropped/09_Metas/16/10/20190916104200_00160.jpg,datasets_cloudmask/dataset_cropped/09_Metas/16/10/20190916104200_00160.png,677.8,825,117,25.8,963
9/16/2019 10:43,datasets/dataset_cropped/09_Metas/16/10/20190916104300_00160.jpg,datasets_flow/dataset_cropped/09_Metas/16/10/20190916104300_00160.jpg,datasets_cloudmask/dataset_cropped/09_Metas/16/10/20190916104300_00160.png,680.2,825,117.6,25.7,963
9/16/2019 10:44,datasets/dataset_cropped/09_Metas/16/10/20190916104400_00160.jpg,datasets_flow/dataset_cropped/09_Metas/16/10/20190916104400_00160.jpg,datasets_cloudmask/dataset_cropped/09_Metas/16/10/20190916104400_00160.png,682.4,825,117.9,25.7,963
9/16/2019 10:45,datasets/dataset_cropped/09_Metas/16/10/20190916104500_00160.jpg,datasets_flow/dataset_cropped/09_Metas/16/10/20190916104500_00160.jpg,datasets_cloudmask/dataset_cropped/09_Metas/16/10/20190916104500_00160.png,685.8,827,117.8,25.6,963
9/16/2019 10:46,datasets/dataset_cropped/09_Metas/16/10/20190916104600_00160.jpg,datasets_flow/dataset_cropped/09_Metas/16/10/20190916104600_00160.jpg,datasets_cloudmask/dataset_cropped/09_Metas/16/10/20190916104600_00160.png,689.1,829,117.9,25.8,963
9/16/2019 10:47,datasets/dataset_cropped/09_Metas/16/10/20190916104700_00160.jpg,datasets_flow/dataset_cropped/09_Metas/16/10/20190916104700_00160.jpg,datasets_cloudmask/dataset_cropped/09_Metas/16/10/20190916104700_00160.png,692,831,118.4,25.7,963
9/16/2019 10:48,datasets/dataset_cropped/09_Metas/16/10/20190916104800_00160.jpg,datasets_flow/dataset_cropped/09_Metas/16/10/20190916104800_00160.jpg,datasets_cloudmask/dataset_cropped/09_Metas/16/10/20190916104800_00160.png,694.7,832,118.7,25.8,963
9/16/2019 10:49,datasets/dataset_cropped/09_Metas/16/10/20190916104900_00160.jpg,datasets_flow/dataset_cropped/09_Metas/16/10/20190916104900_00160.jpg,datasets_cloudmask/dataset_cropped/09_Metas/16/10/20190916104900_00160.png,696.2,832,119,25.8,963
9/16/2019 10:50,datasets/dataset_cropped/09_Metas/16/10/20190916105000_00160.jpg,datasets_flow/dataset_cropped/09_Metas/16/10/20190916105000_00160.jpg,datasets_cloudmask/dataset_cropped/09_Metas/16/10/20190916105000_00160.png,698.5,832,119.5,25.9,963
9/16/2019 10:51,datasets/dataset_cropped/09_Metas/16/10/20190916105100_00160.jpg,datasets_flow/dataset_cropped/09_Metas/16/10/20190916105100_00160.jpg,datasets_cloudmask/dataset_cropped/09_Metas/16/10/20190916105100_00160.png,701.1,834,119.8,25.9,963
9/16/2019 10:52,datasets/dataset_cropped/09_Metas/16/10/20190916105200_00160.jpg,datasets_flow/dataset_cropped/09_Metas/16/10/20190916105200_00160.jpg,datasets_cloudmask/dataset_cropped/09_Metas/16/10/20190916105200_00160.png,703.9,835,120.5,26,963
9/16/2019 10:53,datasets/dataset_cropped/09_Metas/16/10/20190916105300_00160.jpg,datasets_flow/dataset_cropped/09_Metas/16/10/20190916105300_00160.jpg,datasets_cloudmask/dataset_cropped/09_Metas/16/10/20190916105300_00160.png,705.5,834,121.3,26,963
9/16/2019 10:54,datasets/dataset_cropped/09_Metas/16/10/20190916105400_00160.jpg,datasets_flow/dataset_cropped/09_Metas/16/10/20190916105400_00160.jpg,datasets_cloudmask/dataset_cropped/09_Metas/16/10/20190916105400_00160.png,708.2,834,122.1,26.2,963
9/16/2019 10:55,datasets/dataset_cropped/09_Metas/16/10/20190916105500_00160.jpg,datasets_flow/dataset_cropped/09_Metas/16/10/20190916105500_00160.jpg,datasets_cloudmask/dataset_cropped/09_Metas/16/10/20190916105500_00160.png,711.2,836,122.7,26,963
9/16/2019 10:56,datasets/dataset_cropped/09_Metas/16/10/20190916105600_00160.jpg,datasets_flow/dataset_cropped/09_Metas/16/10/20190916105600_00160.jpg,datasets_cloudmask/dataset_cropped/09_Metas/16/10/20190916105600_00160.png,714.1,837,123.2,26,963
9/16/2019 10:57,datasets/dataset_cropped/09_Metas/16/10/20190916105700_00160.jpg,datasets_flow/dataset_cropped/09_Metas/16/10/20190916105700_00160.jpg,datasets_cloudmask/dataset_cropped/09_Metas/16/10/20190916105700_00160.png,717.4,839,123.3,26.1,963
9/16/2019 10:58,datasets/dataset_cropped/09_Metas/16/10/20190916105800_00160.jpg,datasets_flow/dataset_cropped/09_Metas/16/10/20190916105800_00160.jpg,datasets_cloudmask/dataset_cropped/09_Metas/16/10/20190916105800_00160.png,721.7,842,123.7,26.1,963
9/16/2019 10:59,datasets/dataset_cropped/09_Metas/16/10/20190916105900_00160.jpg,datasets_flow/dataset_cropped/09_Metas/16/10/20190916105900_00160.jpg,datasets_cloudmask/dataset_cropped/09_Metas/16/10/20190916105900_00160.png,726.4,846,124.7,26,963
9/16/2019 11:00,datasets/dataset_cropped/09_Metas/16/11/20190916110000_00160.jpg,datasets_flow/dataset_cropped/09_Metas/16/11/20190916110000_00160.jpg,datasets_cloudmask/dataset_cropped/09_Metas/16/11/20190916110000_00160.png,727.8,844,126.1,26.1,963
9/16/2019 11:01,datasets/dataset_cropped/09_Metas/16/11/20190916110100_00160.jpg,datasets_flow/dataset_cropped/09_Metas/16/11/20190916110100_00160.jpg,datasets_cloudmask/dataset_cropped/09_Metas/16/11/20190916110100_00160.png,727.4,838,128.3,26.1,963
9/16/2019 11:02,datasets/dataset_cropped/09_Metas/16/11/20190916110200_00160.jpg,datasets_flow/dataset_cropped/09_Metas/16/11/20190916110200_00160.jpg,datasets_cloudmask/dataset_cropped/09_Metas/16/11/20190916110200_00160.png,725.9,829,131.4,26.3,963
9/16/2019 11:03,datasets/dataset_cropped/09_Metas/16/11/20190916110300_00160.jpg,datasets_flow/dataset_cropped/09_Metas/16/11/20190916110300_00160.jpg,datasets_cloudmask/dataset_cropped/09_Metas/16/11/20190916110300_00160.png,721,817,134,26.3,963
9/16/2019 11:04,datasets/dataset_cropped/09_Metas/16/11/20190916110400_00160.jpg,datasets_flow/dataset_cropped/09_Metas/16/11/20190916110400_00160.jpg,datasets_cloudmask/dataset_cropped/09_Metas/16/11/20190916110400_00160.png,716.3,807,135.7,26.4,963
9/16/2019 11:05,datasets/dataset_cropped/09_Metas/16/11/20190916110500_00160.jpg,datasets_flow/dataset_cropped/09_Metas/16/11/20190916110500_00160.jpg,datasets_cloudmask/dataset_cropped/09_Metas/16/11/20190916110500_00160.png,721.5,808,138.9,26.6,963
9/16/2019 11:06,datasets/dataset_cropped/09_Metas/16/11/20190916110600_00160.jpg,datasets_flow/dataset_cropped/09_Metas/16/11/20190916110600_00160.jpg,datasets_cloudmask/dataset_cropped/09_Metas/16/11/20190916110600_00160.png,731.5,814,143.5,26.4,963
9/16/2019 11:07,datasets/dataset_cropped/09_Metas/16/11/20190916110700_00160.jpg,datasets_flow/dataset_cropped/09_Metas/16/11/20190916110700_00160.jpg,datasets_cloudmask/dataset_cropped/09_Metas/16/11/20190916110700_00160.png,739.1,816,148,26.4,963
9/16/2019 11:08,datasets/dataset_cropped/09_Metas/16/11/20190916110800_00160.jpg,datasets_flow/dataset_cropped/09_Metas/16/11/20190916110800_00160.jpg,datasets_cloudmask/dataset_cropped/09_Metas/16/11/20190916110800_00160.png,739.2,811,150.1,26.4,963
9/16/2019 11:09,datasets/dataset_cropped/09_Metas/16/11/20190916110900_00160.jpg,datasets_flow/dataset_cropped/09_Metas/16/11/20190916110900_00160.jpg,datasets_cloudmask/dataset_cropped/09_Metas/16/11/20190916110900_00160.png,739.9,806,152.3,26.2,963
9/16/2019 11:10,datasets/dataset_cropped/09_Metas/16/11/20190916111000_00160.jpg,datasets_flow/dataset_cropped/09_Metas/16/11/20190916111000_00160.jpg,datasets_cloudmask/dataset_cropped/09_Metas/16/11/20190916111000_00160.png,745.4,809,154.3,26.2,963
9/16/2019 11:11,datasets/dataset_cropped/09_Metas/16/11/20190916111100_00160.jpg,datasets_flow/dataset_cropped/09_Metas/16/11/20190916111100_00160.jpg,datasets_cloudmask/dataset_cropped/09_Metas/16/11/20190916111100_00160.png,752,816,153.8,26.2,963
9/16/2019 11:12,datasets/dataset_cropped/09_Metas/16/11/20190916111200_00160.jpg,datasets_flow/dataset_cropped/09_Metas/16/11/20190916111200_00160.jpg,datasets_cloudmask/dataset_cropped/09_Metas/16/11/20190916111200_00160.png,751.1,816,152.3,26.4,963
9/16/2019 11:13,datasets/dataset_cropped/09_Metas/16/11/20190916111300_00160.jpg,datasets_flow/dataset_cropped/09_Metas/16/11/20190916111300_00160.jpg,datasets_cloudmask/dataset_cropped/09_Metas/16/11/20190916111300_00160.png,748.3,813,150,26.6,963
9/16/2019 11:14,datasets/dataset_cropped/09_Metas/16/11/20190916111400_00160.jpg,datasets_flow/dataset_cropped/09_Metas/16/11/20190916111400_00160.jpg,datasets_cloudmask/dataset_cropped/09_Metas/16/11/20190916111400_00160.png,748.8,813,148.7,26.7,963
9/16/2019 11:15,datasets/dataset_cropped/09_Metas/16/11/20190916111500_00160.jpg,datasets_flow/dataset_cropped/09_Metas/16/11/20190916111500_00160.jpg,datasets_cloudmask/dataset_cropped/09_Metas/16/11/20190916111500_00160.png,748.6,813,147.2,26.6,963
9/16/2019 11:16,datasets/dataset_cropped/09_Metas/16/11/20190916111600_00160.jpg,datasets_flow/dataset_cropped/09_Metas/16/11/20190916111600_00160.jpg,datasets_cloudmask/dataset_cropped/09_Metas/16/11/20190916111600_00160.png,747.3,810,145.9,26.7,963
9/16/2019 11:17,datasets/dataset_cropped/09_Metas/16/11/20190916111700_00160.jpg,datasets_flow/dataset_cropped/09_Metas/16/11/20190916111700_00160.jpg,datasets_cloudmask/dataset_cropped/09_Metas/16/11/20190916111700_00160.png,747.4,809,146.1,26.7,963
9/16/2019 11:18,datasets/dataset_cropped/09_Metas/16/11/20190916111800_00160.jpg,datasets_flow/dataset_cropped/09_Metas/16/11/20190916111800_00160.jpg,datasets_cloudmask/dataset_cropped/09_Metas/16/11/20190916111800_00160.png,757,817,148.5,26.6,963
9/16/2019 11:19,datasets/dataset_cropped/09_Metas/16/11/20190916111900_00160.jpg,datasets_flow/dataset_cropped/09_Metas/16/11/20190916111900_00160.jpg,datasets_cloudmask/dataset_cropped/09_Metas/16/11/20190916111900_00160.png,764.7,821,153.4,26.4,963
9/16/2019 11:20,datasets/dataset_cropped/09_Metas/16/11/20190916112000_00160.jpg,datasets_flow/dataset_cropped/09_Metas/16/11/20190916112000_00160.jpg,datasets_cloudmask/dataset_cropped/09_Metas/16/11/20190916112000_00160.png,778.3,829,159.8,26.3,963
9/16/2019 11:21,datasets/dataset_cropped/09_Metas/16/11/20190916112100_00160.jpg,datasets_flow/dataset_cropped/09_Metas/16/11/20190916112100_00160.jpg,datasets_cloudmask/dataset_cropped/09_Metas/16/11/20190916112100_00160.png,796.7,834,173.4,26.5,963
9/16/2019 11:22,datasets/dataset_cropped/09_Metas/16/11/20190916112200_00160.jpg,datasets_flow/dataset_cropped/09_Metas/16/11/20190916112200_00160.jpg,datasets_cloudmask/dataset_cropped/09_Metas/16/11/20190916112200_00160.png,814,830,191.8,26.5,963
9/16/2019 11:23,datasets/dataset_cropped/09_Metas/16/11/20190916112300_00160.jpg,datasets_flow/dataset_cropped/09_Metas/16/11/20190916112300_00160.jpg,datasets_cloudmask/dataset_cropped/09_Metas/16/11/20190916112300_00160.png,825,828,203,26.4,963
9/16/2019 11:24,datasets/dataset_cropped/09_Metas/16/11/20190916112400_00160.jpg,datasets_flow/dataset_cropped/09_Metas/16/11/20190916112400_00160.jpg,datasets_cloudmask/dataset_cropped/09_Metas/16/11/20190916112400_00160.png,827,821,208.7,26.4,963
9/16/2019 11:25,datasets/dataset_cropped/09_Metas/16/11/20190916112500_00160.jpg,datasets_flow/dataset_cropped/09_Metas/16/11/20190916112500_00160.jpg,datasets_cloudmask/dataset_cropped/09_Metas/16/11/20190916112500_00160.png,830,816,214.6,26.1,963
9/16/2019 11:26,datasets/dataset_cropped/09_Metas/16/11/20190916112600_00160.jpg,datasets_flow/dataset_cropped/09_Metas/16/11/20190916112600_00160.jpg,datasets_cloudmask/dataset_cropped/09_Metas/16/11/20190916112600_00160.png,836,822,214.6,26,963
9/16/2019 11:27,datasets/dataset_cropped/09_Metas/16/11/20190916112700_00160.jpg,datasets_flow/dataset_cropped/09_Metas/16/11/20190916112700_00160.jpg,datasets_cloudmask/dataset_cropped/09_Metas/16/11/20190916112700_00160.png,831,820,210.2,26.2,963
9/16/2019 11:28,datasets/dataset_cropped/09_Metas/16/11/20190916112800_00160.jpg,datasets_flow/dataset_cropped/09_Metas/16/11/20190916112800_00160.jpg,datasets_cloudmask/dataset_cropped/09_Metas/16/11/20190916112800_00160.png,812,805,203,26.2,963
9/16/2019 11:29,datasets/dataset_cropped/09_Metas/16/11/20190916112900_00160.jpg,datasets_flow/dataset_cropped/09_Metas/16/11/20190916112900_00160.jpg,datasets_cloudmask/dataset_cropped/09_Metas/16/11/20190916112900_00160.png,817,816,196.8,26.3,963
9/16/2019 11:30,datasets/dataset_cropped/09_Metas/16/11/20190916113000_00160.jpg,datasets_flow/dataset_cropped/09_Metas/16/11/20190916113000_00160.jpg,datasets_cloudmask/dataset_cropped/09_Metas/16/11/20190916113000_00160.png,810,813,189.6,26.2,963
9/16/2019 11:31,datasets/dataset_cropped/09_Metas/16/11/20190916113100_00160.jpg,datasets_flow/dataset_cropped/09_Metas/16/11/20190916113100_00160.jpg,datasets_cloudmask/dataset_cropped/09_Metas/16/11/20190916113100_00160.png,805,806,189.4,26.2,963
9/16/2019 11:32,datasets/dataset_cropped/09_Metas/16/11/20190916113200_00160.jpg,datasets_flow/dataset_cropped/09_Metas/16/11/20190916113200_00160.jpg,datasets_cloudmask/dataset_cropped/09_Metas/16/11/20190916113200_00160.png,805,801,193,26.4,963
9/16/2019 11:33,datasets/dataset_cropped/09_Metas/16/11/20190916113300_00160.jpg,datasets_flow/dataset_cropped/09_Metas/16/11/20190916113300_00160.jpg,datasets_cloudmask/dataset_cropped/09_Metas/16/11/20190916113300_00160.png,820,807,201,26.4,963
9/16/2019 11:34,datasets/dataset_cropped/09_Metas/16/11/20190916113400_00160.jpg,datasets_flow/dataset_cropped/09_Metas/16/11/20190916113400_00160.jpg,datasets_cloudmask/dataset_cropped/09_Metas/16/11/20190916113400_00160.png,847,814,221.4,26.6,963
9/16/2019 11:35,datasets/dataset_cropped/09_Metas/16/11/20190916113500_00160.jpg,datasets_flow/dataset_cropped/09_Metas/16/11/20190916113500_00160.jpg,datasets_cloudmask/dataset_cropped/09_Metas/16/11/20190916113500_00160.png,846,796.9,233,26.7,963
9/16/2019 11:36,datasets/dataset_cropped/09_Metas/16/11/20190916113600_00160.jpg,datasets_flow/dataset_cropped/09_Metas/16/11/20190916113600_00160.jpg,datasets_cloudmask/dataset_cropped/09_Metas/16/11/20190916113600_00160.png,836,784.3,231.3,26.8,963
9/16/2019 11:37,datasets/dataset_cropped/09_Metas/16/11/20190916113700_00160.jpg,datasets_flow/dataset_cropped/09_Metas/16/11/20190916113700_00160.jpg,datasets_cloudmask/dataset_cropped/09_Metas/16/11/20190916113700_00160.png,849,790.8,239.5,27,963
9/16/2019 11:38,datasets/dataset_cropped/09_Metas/16/11/20190916113800_00160.jpg,datasets_flow/dataset_cropped/09_Metas/16/11/20190916113800_00160.jpg,datasets_cloudmask/dataset_cropped/09_Metas/16/11/20190916113800_00160.png,528.5,390.2,232.6,27.3,963
9/16/2019 11:39,datasets/dataset_cropped/09_Metas/16/11/20190916113900_00160.jpg,datasets_flow/dataset_cropped/09_Metas/16/11/20190916113900_00160.jpg,datasets_cloudmask/dataset_cropped/09_Metas/16/11/20190916113900_00160.png,697.5,611.9,229.9,27.6,963
9/16/2019 11:40,datasets/dataset_cropped/09_Metas/16/11/20190916114000_00160.jpg,datasets_flow/dataset_cropped/09_Metas/16/11/20190916114000_00160.jpg,datasets_cloudmask/dataset_cropped/09_Metas/16/11/20190916114000_00160.png,796.4,736.3,223.2,27.8,963
9/16/2019 11:41,datasets/dataset_cropped/09_Metas/16/11/20190916114100_00160.jpg,datasets_flow/dataset_cropped/09_Metas/16/11/20190916114100_00160.jpg,datasets_cloudmask/dataset_cropped/09_Metas/16/11/20190916114100_00160.png,724.3,628.2,226.7,27.5,963
9/16/2019 11:42,datasets/dataset_cropped/09_Metas/16/11/20190916114200_00160.jpg,datasets_flow/dataset_cropped/09_Metas/16/11/20190916114200_00160.jpg,datasets_cloudmask/dataset_cropped/09_Metas/16/11/20190916114200_00160.png,687,599.9,221.5,27,963
9/16/2019 11:43,datasets/dataset_cropped/09_Metas/16/11/20190916114300_00160.jpg,datasets_flow/dataset_cropped/09_Metas/16/11/20190916114300_00160.jpg,datasets_cloudmask/dataset_cropped/09_Metas/16/11/20190916114300_00160.png,806,751.9,219.7,26.9,963
9/16/2019 11:44,datasets/dataset_cropped/09_Metas/16/11/20190916114400_00160.jpg,datasets_flow/dataset_cropped/09_Metas/16/11/20190916114400_00160.jpg,datasets_cloudmask/dataset_cropped/09_Metas/16/11/20190916114400_00160.png,803,736,227.7,27,963
9/16/2019 11:45,datasets/dataset_cropped/09_Metas/16/11/20190916114500_00160.jpg,datasets_flow/dataset_cropped/09_Metas/16/11/20190916114500_00160.jpg,datasets_cloudmask/dataset_cropped/09_Metas/16/11/20190916114500_00160.png,333.6,113.5,240.9,26.9,963
9/16/2019 11:46,datasets/dataset_cropped/09_Metas/16/11/20190916114600_00160.jpg,datasets_flow/dataset_cropped/09_Metas/16/11/20190916114600_00160.jpg,datasets_cloudmask/dataset_cropped/09_Metas/16/11/20190916114600_00160.png,350.7,153.5,235.3,26.8,963
9/16/2019 11:47,datasets/dataset_cropped/09_Metas/16/11/20190916114700_00160.jpg,datasets_flow/dataset_cropped/09_Metas/16/11/20190916114700_00160.jpg,datasets_cloudmask/dataset_cropped/09_Metas/16/11/20190916114700_00160.png,223.9,11.8,211.7,26.7,963
9/16/2019 11:48,datasets/dataset_cropped/09_Metas/16/11/20190916114800_00160.jpg,datasets_flow/dataset_cropped/09_Metas/16/11/20190916114800_00160.jpg,datasets_cloudmask/dataset_cropped/09_Metas/16/11/20190916114800_00160.png,199.9,1.9,197.6,26.5,963
9/16/2019 11:49,datasets/dataset_cropped/09_Metas/16/11/20190916114900_00160.jpg,datasets_flow/dataset_cropped/09_Metas/16/11/20190916114900_00160.jpg,datasets_cloudmask/dataset_cropped/09_Metas/16/11/20190916114900_00160.png,203.8,1.7,200.6,26.3,963
9/16/2019 11:50,datasets/dataset_cropped/09_Metas/16/11/20190916115000_00160.jpg,datasets_flow/dataset_cropped/09_Metas/16/11/20190916115000_00160.jpg,datasets_cloudmask/dataset_cropped/09_Metas/16/11/20190916115000_00160.png,213.3,0.2,211.4,26.2,963
9/16/2019 11:51,datasets/dataset_cropped/09_Metas/16/11/20190916115100_00160.jpg,datasets_flow/dataset_cropped/09_Metas/16/11/20190916115100_00160.jpg,datasets_cloudmask/dataset_cropped/09_Metas/16/11/20190916115100_00160.png,222.2,1,219.7,25.9,963
9/16/2019 11:52,datasets/dataset_cropped/09_Metas/16/11/20190916115200_00160.jpg,datasets_flow/dataset_cropped/09_Metas/16/11/20190916115200_00160.jpg,datasets_cloudmask/dataset_cropped/09_Metas/16/11/20190916115200_00160.png,453.5,269.5,240.9,25.8,963
9/16/2019 11:53,datasets/dataset_cropped/09_Metas/16/11/20190916115300_00160.jpg,datasets_flow/dataset_cropped/09_Metas/16/11/20190916115300_00160.jpg,datasets_cloudmask/dataset_cropped/09_Metas/16/11/20190916115300_00160.png,875,755.5,276.5,25.7,963
9/16/2019 11:54,datasets/dataset_cropped/09_Metas/16/11/20190916115400_00160.jpg,datasets_flow/dataset_cropped/09_Metas/16/11/20190916115400_00160.jpg,datasets_cloudmask/dataset_cropped/09_Metas/16/11/20190916115400_00160.png,514.3,303.6,264.2,25.8,963
9/16/2019 11:55,datasets/dataset_cropped/09_Metas/16/11/20190916115500_00160.jpg,datasets_flow/dataset_cropped/09_Metas/16/11/20190916115500_00160.jpg,datasets_cloudmask/dataset_cropped/09_Metas/16/11/20190916115500_00160.png,780.3,661.9,259.2,25.9,963
9/16/2019 11:56,datasets/dataset_cropped/09_Metas/16/11/20190916115600_00160.jpg,datasets_flow/dataset_cropped/09_Metas/16/11/20190916115600_00160.jpg,datasets_cloudmask/dataset_cropped/09_Metas/16/11/20190916115600_00160.png,589.7,411.4,245.5,25.9,963
9/16/2019 11:57,datasets/dataset_cropped/09_Metas/16/11/20190916115700_00160.jpg,datasets_flow/dataset_cropped/09_Metas/16/11/20190916115700_00160.jpg,datasets_cloudmask/dataset_cropped/09_Metas/16/11/20190916115700_00160.png,823,715.4,250.6,25.7,963
9/16/2019 11:58,datasets/dataset_cropped/09_Metas/16/11/20190916115800_00160.jpg,datasets_flow/dataset_cropped/09_Metas/16/11/20190916115800_00160.jpg,datasets_cloudmask/dataset_cropped/09_Metas/16/11/20190916115800_00160.png,627.7,457.6,254.3,25.6,963
9/16/2019 11:59,datasets/dataset_cropped/09_Metas/16/11/20190916115900_00160.jpg,datasets_flow/dataset_cropped/09_Metas/16/11/20190916115900_00160.jpg,datasets_cloudmask/dataset_cropped/09_Metas/16/11/20190916115900_00160.png,834,715.9,266.6,25.9,963
9/16/2019 12:00,datasets/dataset_cropped/09_Metas/16/12/20190916120000_00160.jpg,datasets_flow/dataset_cropped/09_Metas/16/12/20190916120000_00160.jpg,datasets_cloudmask/dataset_cropped/09_Metas/16/12/20190916120000_00160.png,872,761.6,265.2,26.2,963
9/16/2019 12:01,datasets/dataset_cropped/09_Metas/16/12/20190916120100_00160.jpg,datasets_flow/dataset_cropped/09_Metas/16/12/20190916120100_00160.jpg,datasets_cloudmask/dataset_cropped/09_Metas/16/12/20190916120100_00160.png,853,767.9,241.1,26.4,963
9/16/2019 12:02,datasets/dataset_cropped/09_Metas/16/12/20190916120200_00160.jpg,datasets_flow/dataset_cropped/09_Metas/16/12/20190916120200_00160.jpg,datasets_cloudmask/dataset_cropped/09_Metas/16/12/20190916120200_00160.png,871,801,231.5,26.6,963
9/16/2019 12:03,datasets/dataset_cropped/09_Metas/16/12/20190916120300_00160.jpg,datasets_flow/dataset_cropped/09_Metas/16/12/20190916120300_00160.jpg,datasets_cloudmask/dataset_cropped/09_Metas/16/12/20190916120300_00160.png,888,830,224.3,26.7,963
9/16/2019 12:04,datasets/dataset_cropped/09_Metas/16/12/20190916120400_00160.jpg,datasets_flow/dataset_cropped/09_Metas/16/12/20190916120400_00160.jpg,datasets_cloudmask/dataset_cropped/09_Metas/16/12/20190916120400_00160.png,896,842,221.6,26.8,963
9/16/2019 12:05,datasets/dataset_cropped/09_Metas/16/12/20190916120500_00160.jpg,datasets_flow/dataset_cropped/09_Metas/16/12/20190916120500_00160.jpg,datasets_cloudmask/dataset_cropped/09_Metas/16/12/20190916120500_00160.png,888,841,213,26.8,963
9/16/2019 12:06,datasets/dataset_cropped/09_Metas/16/12/20190916120600_00160.jpg,datasets_flow/dataset_cropped/09_Metas/16/12/20190916120600_00160.jpg,datasets_cloudmask/dataset_cropped/09_Metas/16/12/20190916120600_00160.png,885,845,206.4,26.7,963
9/16/2019 12:07,datasets/dataset_cropped/09_Metas/16/12/20190916120700_00160.jpg,datasets_flow/dataset_cropped/09_Metas/16/12/20190916120700_00160.jpg,datasets_cloudmask/dataset_cropped/09_Metas/16/12/20190916120700_00160.png,883,846,203.1,26.8,963
9/16/2019 12:08,datasets/dataset_cropped/09_Metas/16/12/20190916120800_00160.jpg,datasets_flow/dataset_cropped/09_Metas/16/12/20190916120800_00160.jpg,datasets_cloudmask/dataset_cropped/09_Metas/16/12/20190916120800_00160.png,881,842,203.5,26.7,963
9/16/2019 12:09,datasets/dataset_cropped/09_Metas/16/12/20190916120900_00160.jpg,datasets_flow/dataset_cropped/09_Metas/16/12/20190916120900_00160.jpg,datasets_cloudmask/dataset_cropped/09_Metas/16/12/20190916120900_00160.png,882,837,207.5,27,963
9/16/2019 12:10,datasets/dataset_cropped/09_Metas/16/12/20190916121000_00160.jpg,datasets_flow/dataset_cropped/09_Metas/16/12/20190916121000_00160.jpg,datasets_cloudmask/dataset_cropped/09_Metas/16/12/20190916121000_00160.png,886,838,210.9,27.1,963
9/16/2019 12:11,datasets/dataset_cropped/09_Metas/16/12/20190916121100_00160.jpg,datasets_flow/dataset_cropped/09_Metas/16/12/20190916121100_00160.jpg,datasets_cloudmask/dataset_cropped/09_Metas/16/12/20190916121100_00160.png,888,843,207.2,27.2,963
9/16/2019 12:12,datasets/dataset_cropped/09_Metas/16/12/20190916121200_00160.jpg,datasets_flow/dataset_cropped/09_Metas/16/12/20190916121200_00160.jpg,datasets_cloudmask/dataset_cropped/09_Metas/16/12/20190916121200_00160.png,878,842,196.7,26.9,963
9/16/2019 12:13,datasets/dataset_cropped/09_Metas/16/12/20190916121300_00160.jpg,datasets_flow/dataset_cropped/09_Metas/16/12/20190916121300_00160.jpg,datasets_cloudmask/dataset_cropped/09_Metas/16/12/20190916121300_00160.png,872,839,192.8,26.9,963
9/16/2019 12:14,datasets/dataset_cropped/09_Metas/16/12/20190916121400_00160.jpg,datasets_flow/dataset_cropped/09_Metas/16/12/20190916121400_00160.jpg,datasets_cloudmask/dataset_cropped/09_Metas/16/12/20190916121400_00160.png,869,835,191.7,26.9,963
9/16/2019 12:15,datasets/dataset_cropped/09_Metas/16/12/20190916121500_00160.jpg,datasets_flow/dataset_cropped/09_Metas/16/12/20190916121500_00160.jpg,datasets_cloudmask/dataset_cropped/09_Metas/16/12/20190916121500_00160.png,862,829,189.4,26.8,963
9/16/2019 12:16,datasets/dataset_cropped/09_Metas/16/12/20190916121600_00160.jpg,datasets_flow/dataset_cropped/09_Metas/16/12/20190916121600_00160.jpg,datasets_cloudmask/dataset_cropped/09_Metas/16/12/20190916121600_00160.png,861,827,188.8,26.8,963
9/16/2019 12:17,datasets/dataset_cropped/09_Metas/16/12/20190916121700_00160.jpg,datasets_flow/dataset_cropped/09_Metas/16/12/20190916121700_00160.jpg,datasets_cloudmask/dataset_cropped/09_Metas/16/12/20190916121700_00160.png,860,826,188.1,26.9,963
9/16/2019 12:18,datasets/dataset_cropped/09_Metas/16/12/20190916121800_00160.jpg,datasets_flow/dataset_cropped/09_Metas/16/12/20190916121800_00160.jpg,datasets_cloudmask/dataset_cropped/09_Metas/16/12/20190916121800_00160.png,857,825,184.9,26.8,963
9/16/2019 12:19,datasets/dataset_cropped/09_Metas/16/12/20190916121900_00160.jpg,datasets_flow/dataset_cropped/09_Metas/16/12/20190916121900_00160.jpg,datasets_cloudmask/dataset_cropped/09_Metas/16/12/20190916121900_00160.png,854,825,180.5,27.1,963
9/16/2019 12:20,datasets/dataset_cropped/09_Metas/16/12/20190916122000_00160.jpg,datasets_flow/dataset_cropped/09_Metas/16/12/20190916122000_00160.jpg,datasets_cloudmask/dataset_cropped/09_Metas/16/12/20190916122000_00160.png,851,824,178.3,27.2,963
9/16/2019 12:21,datasets/dataset_cropped/09_Metas/16/12/20190916122100_00160.jpg,datasets_flow/dataset_cropped/09_Metas/16/12/20190916122100_00160.jpg,datasets_cloudmask/dataset_cropped/09_Metas/16/12/20190916122100_00160.png,851,825,176.5,27.2,963
9/16/2019 12:22,datasets/dataset_cropped/09_Metas/16/12/20190916122200_00160.jpg,datasets_flow/dataset_cropped/09_Metas/16/12/20190916122200_00160.jpg,datasets_cloudmask/dataset_cropped/09_Metas/16/12/20190916122200_00160.png,848,826,173,26.9,963
9/16/2019 12:23,datasets/dataset_cropped/09_Metas/16/12/20190916122300_00160.jpg,datasets_flow/dataset_cropped/09_Metas/16/12/20190916122300_00160.jpg,datasets_cloudmask/dataset_cropped/09_Metas/16/12/20190916122300_00160.png,850,833,169.7,27,963
9/16/2019 12:24,datasets/dataset_cropped/09_Metas/16/12/20190916122400_00160.jpg,datasets_flow/dataset_cropped/09_Metas/16/12/20190916122400_00160.jpg,datasets_cloudmask/dataset_cropped/09_Metas/16/12/20190916122400_00160.png,852,834,169.8,27.4,963
9/16/2019 12:25,datasets/dataset_cropped/09_Metas/16/12/20190916122500_00160.jpg,datasets_flow/dataset_cropped/09_Metas/16/12/20190916122500_00160.jpg,datasets_cloudmask/dataset_cropped/09_Metas/16/12/20190916122500_00160.png,853,837,167.8,27.3,963
9/16/2019 12:26,datasets/dataset_cropped/09_Metas/16/12/20190916122600_00160.jpg,datasets_flow/dataset_cropped/09_Metas/16/12/20190916122600_00160.jpg,datasets_cloudmask/dataset_cropped/09_Metas/16/12/20190916122600_00160.png,852,838,165.4,27,963
9/16/2019 12:27,datasets/dataset_cropped/09_Metas/16/12/20190916122700_00160.jpg,datasets_flow/dataset_cropped/09_Metas/16/12/20190916122700_00160.jpg,datasets_cloudmask/dataset_cropped/09_Metas/16/12/20190916122700_00160.png,855,842,164.5,26.9,963
9/16/2019 12:28,datasets/dataset_cropped/09_Metas/16/12/20190916122800_00160.jpg,datasets_flow/dataset_cropped/09_Metas/16/12/20190916122800_00160.jpg,datasets_cloudmask/dataset_cropped/09_Metas/16/12/20190916122800_00160.png,857,844,164.4,26.7,963
9/16/2019 12:29,datasets/dataset_cropped/09_Metas/16/12/20190916122900_00160.jpg,datasets_flow/dataset_cropped/09_Metas/16/12/20190916122900_00160.jpg,datasets_cloudmask/dataset_cropped/09_Metas/16/12/20190916122900_00160.png,857,844,164.2,26.7,963
9/16/2019 12:30,datasets/dataset_cropped/09_Metas/16/12/20190916123000_00160.jpg,datasets_flow/dataset_cropped/09_Metas/16/12/20190916123000_00160.jpg,datasets_cloudmask/dataset_cropped/09_Metas/16/12/20190916123000_00160.png,858,845,163.7,26.6,963
9/16/2019 12:31,datasets/dataset_cropped/09_Metas/16/12/20190916123100_00160.jpg,datasets_flow/dataset_cropped/09_Metas/16/12/20190916123100_00160.jpg,datasets_cloudmask/dataset_cropped/09_Metas/16/12/20190916123100_00160.png,857,844,163,26.6,963
9/16/2019 12:32,datasets/dataset_cropped/09_Metas/16/12/20190916123200_00160.jpg,datasets_flow/dataset_cropped/09_Metas/16/12/20190916123200_00160.jpg,datasets_cloudmask/dataset_cropped/09_Metas/16/12/20190916123200_00160.png,856,843,162.8,26.7,963
9/16/2019 12:33,datasets/dataset_cropped/09_Metas/16/12/20190916123300_00160.jpg,datasets_flow/dataset_cropped/09_Metas/16/12/20190916123300_00160.jpg,datasets_cloudmask/dataset_cropped/09_Metas/16/12/20190916123300_00160.png,857,844,161.5,26.7,963
9/16/2019 12:34,datasets/dataset_cropped/09_Metas/16/12/20190916123400_00160.jpg,datasets_flow/dataset_cropped/09_Metas/16/12/20190916123400_00160.jpg,datasets_cloudmask/dataset_cropped/09_Metas/16/12/20190916123400_00160.png,860,850,160.1,26.6,963
9/16/2019 12:35,datasets/dataset_cropped/09_Metas/16/12/20190916123500_00160.jpg,datasets_flow/dataset_cropped/09_Metas/16/12/20190916123500_00160.jpg,datasets_cloudmask/dataset_cropped/09_Metas/16/12/20190916123500_00160.png,862,856,157.5,26.6,963
9/16/2019 12:36,datasets/dataset_cropped/09_Metas/16/12/20190916123600_00160.jpg,datasets_flow/dataset_cropped/09_Metas/16/12/20190916123600_00160.jpg,datasets_cloudmask/dataset_cropped/09_Metas/16/12/20190916123600_00160.png,864,859,156.2,26.7,963
9/16/2019 12:37,datasets/dataset_cropped/09_Metas/16/12/20190916123700_00160.jpg,datasets_flow/dataset_cropped/09_Metas/16/12/20190916123700_00160.jpg,datasets_cloudmask/dataset_cropped/09_Metas/16/12/20190916123700_00160.png,865,863,154.9,26.7,963
9/16/2019 12:38,datasets/dataset_cropped/09_Metas/16/12/20190916123800_00160.jpg,datasets_flow/dataset_cropped/09_Metas/16/12/20190916123800_00160.jpg,datasets_cloudmask/dataset_cropped/09_Metas/16/12/20190916123800_00160.png,863,858,155.9,26.6,963
9/16/2019 12:39,datasets/dataset_cropped/09_Metas/16/12/20190916123900_00160.jpg,datasets_flow/dataset_cropped/09_Metas/16/12/20190916123900_00160.jpg,datasets_cloudmask/dataset_cropped/09_Metas/16/12/20190916123900_00160.png,859,850,158.1,26.9,963
9/16/2019 12:40,datasets/dataset_cropped/09_Metas/16/12/20190916124000_00160.jpg,datasets_flow/dataset_cropped/09_Metas/16/12/20190916124000_00160.jpg,datasets_cloudmask/dataset_cropped/09_Metas/16/12/20190916124000_00160.png,859,847,159.6,26.6,963
9/16/2019 12:41,datasets/dataset_cropped/09_Metas/16/12/20190916124100_00160.jpg,datasets_flow/dataset_cropped/09_Metas/16/12/20190916124100_00160.jpg,datasets_cloudmask/dataset_cropped/09_Metas/16/12/20190916124100_00160.png,861,851,158.5,26.4,963
9/16/2019 12:42,datasets/dataset_cropped/09_Metas/16/12/20190916124200_00160.jpg,datasets_flow/dataset_cropped/09_Metas/16/12/20190916124200_00160.jpg,datasets_cloudmask/dataset_cropped/09_Metas/16/12/20190916124200_00160.png,862,855,155.8,26.5,963
9/16/2019 12:43,datasets/dataset_cropped/09_Metas/16/12/20190916124300_00160.jpg,datasets_flow/dataset_cropped/09_Metas/16/12/20190916124300_00160.jpg,datasets_cloudmask/dataset_cropped/09_Metas/16/12/20190916124300_00160.png,864,857,155,26.4,963
9/16/2019 12:44,datasets/dataset_cropped/09_Metas/16/12/20190916124400_00160.jpg,datasets_flow/dataset_cropped/09_Metas/16/12/20190916124400_00160.jpg,datasets_cloudmask/dataset_cropped/09_Metas/16/12/20190916124400_00160.png,865,859,154,26.2,963
9/16/2019 12:45,datasets/dataset_cropped/09_Metas/16/12/20190916124500_00160.jpg,datasets_flow/dataset_cropped/09_Metas/16/12/20190916124500_00160.jpg,datasets_cloudmask/dataset_cropped/09_Metas/16/12/20190916124500_00160.png,863,857,153.9,26.3,963
9/16/2019 12:46,datasets/dataset_cropped/09_Metas/16/12/20190916124600_00160.jpg,datasets_flow/dataset_cropped/09_Metas/16/12/20190916124600_00160.jpg,datasets_cloudmask/dataset_cropped/09_Metas/16/12/20190916124600_00160.png,863,858,153.1,26.4,963
9/16/2019 12:47,datasets/dataset_cropped/09_Metas/16/12/20190916124700_00160.jpg,datasets_flow/dataset_cropped/09_Metas/16/12/20190916124700_00160.jpg,datasets_cloudmask/dataset_cropped/09_Metas/16/12/20190916124700_00160.png,864,858,153.8,26.6,963
9/16/2019 12:48,datasets/dataset_cropped/09_Metas/16/12/20190916124800_00160.jpg,datasets_flow/dataset_cropped/09_Metas/16/12/20190916124800_00160.jpg,datasets_cloudmask/dataset_cropped/09_Metas/16/12/20190916124800_00160.png,858,847,156.3,26.8,963
9/16/2019 12:49,datasets/dataset_cropped/09_Metas/16/12/20190916124900_00160.jpg,datasets_flow/dataset_cropped/09_Metas/16/12/20190916124900_00160.jpg,datasets_cloudmask/dataset_cropped/09_Metas/16/12/20190916124900_00160.png,856,842,158.1,26.9,963
9/16/2019 12:50,datasets/dataset_cropped/09_Metas/16/12/20190916125000_00160.jpg,datasets_flow/dataset_cropped/09_Metas/16/12/20190916125000_00160.jpg,datasets_cloudmask/dataset_cropped/09_Metas/16/12/20190916125000_00160.png,857,842,159.2,26.9,963
9/16/2019 12:51,datasets/dataset_cropped/09_Metas/16/12/20190916125100_00160.jpg,datasets_flow/dataset_cropped/09_Metas/16/12/20190916125100_00160.jpg,datasets_cloudmask/dataset_cropped/09_Metas/16/12/20190916125100_00160.png,857,842,159.3,26.9,963
9/16/2019 12:52,datasets/dataset_cropped/09_Metas/16/12/20190916125200_00160.jpg,datasets_flow/dataset_cropped/09_Metas/16/12/20190916125200_00160.jpg,datasets_cloudmask/dataset_cropped/09_Metas/16/12/20190916125200_00160.png,857,842,158.5,26.6,963
9/16/2019 12:53,datasets/dataset_cropped/09_Metas/16/12/20190916125300_00160.jpg,datasets_flow/dataset_cropped/09_Metas/16/12/20190916125300_00160.jpg,datasets_cloudmask/dataset_cropped/09_Metas/16/12/20190916125300_00160.png,858,844,158,26.8,963
9/16/2019 12:54,datasets/dataset_cropped/09_Metas/16/12/20190916125400_00160.jpg,datasets_flow/dataset_cropped/09_Metas/16/12/20190916125400_00160.jpg,datasets_cloudmask/dataset_cropped/09_Metas/16/12/20190916125400_00160.png,857,843,157.2,26.6,963
9/16/2019 12:55,datasets/dataset_cropped/09_Metas/16/12/20190916125500_00160.jpg,datasets_flow/dataset_cropped/09_Metas/16/12/20190916125500_00160.jpg,datasets_cloudmask/dataset_cropped/09_Metas/16/12/20190916125500_00160.png,857,842,157.6,26.6,963
9/16/2019 12:56,datasets/dataset_cropped/09_Metas/16/12/20190916125600_00160.jpg,datasets_flow/dataset_cropped/09_Metas/16/12/20190916125600_00160.jpg,datasets_cloudmask/dataset_cropped/09_Metas/16/12/20190916125600_00160.png,856,839,158.8,26.6,963
9/16/2019 12:57,datasets/dataset_cropped/09_Metas/16/12/20190916125700_00160.jpg,datasets_flow/dataset_cropped/09_Metas/16/12/20190916125700_00160.jpg,datasets_cloudmask/dataset_cropped/09_Metas/16/12/20190916125700_00160.png,854,836,160,26.6,963
9/16/2019 12:58,datasets/dataset_cropped/09_Metas/16/12/20190916125800_00160.jpg,datasets_flow/dataset_cropped/09_Metas/16/12/20190916125800_00160.jpg,datasets_cloudmask/dataset_cropped/09_Metas/16/12/20190916125800_00160.png,858,841,159.1,26.5,963
9/16/2019 12:59,datasets/dataset_cropped/09_Metas/16/12/20190916125900_00160.jpg,datasets_flow/dataset_cropped/09_Metas/16/12/20190916125900_00160.jpg,datasets_cloudmask/dataset_cropped/09_Metas/16/12/20190916125900_00160.png,860,845,157.5,26.6,963
9/16/2019 13:00,datasets/dataset_cropped/09_Metas/16/13/20190916130000_00160.jpg,datasets_flow/dataset_cropped/09_Metas/16/13/20190916130000_00160.jpg,datasets_cloudmask/dataset_cropped/09_Metas/16/13/20190916130000_00160.png,858,844,157,26.4,963
9/16/2019 13:01,datasets/dataset_cropped/09_Metas/16/13/20190916130100_00160.jpg,datasets_flow/dataset_cropped/09_Metas/16/13/20190916130100_00160.jpg,datasets_cloudmask/dataset_cropped/09_Metas/16/13/20190916130100_00160.png,856,842,157,26.5,963
9/16/2019 13:02,datasets/dataset_cropped/09_Metas/16/13/20190916130200_00160.jpg,datasets_flow/dataset_cropped/09_Metas/16/13/20190916130200_00160.jpg,datasets_cloudmask/dataset_cropped/09_Metas/16/13/20190916130200_00160.png,856,842,156.9,26.7,963
9/16/2019 13:03,datasets/dataset_cropped/09_Metas/16/13/20190916130300_00160.jpg,datasets_flow/dataset_cropped/09_Metas/16/13/20190916130300_00160.jpg,datasets_cloudmask/dataset_cropped/09_Metas/16/13/20190916130300_00160.png,858,845,156.8,27.1,963
9/16/2019 13:04,datasets/dataset_cropped/09_Metas/16/13/20190916130400_00160.jpg,datasets_flow/dataset_cropped/09_Metas/16/13/20190916130400_00160.jpg,datasets_cloudmask/dataset_cropped/09_Metas/16/13/20190916130400_00160.png,861,849,155.8,27,963
9/16/2019 13:05,datasets/dataset_cropped/09_Metas/16/13/20190916130500_00160.jpg,datasets_flow/dataset_cropped/09_Metas/16/13/20190916130500_00160.jpg,datasets_cloudmask/dataset_cropped/09_Metas/16/13/20190916130500_00160.png,862,849,156.1,26.7,963
9/16/2019 13:06,datasets/dataset_cropped/09_Metas/16/13/20190916130600_00160.jpg,datasets_flow/dataset_cropped/09_Metas/16/13/20190916130600_00160.jpg,datasets_cloudmask/dataset_cropped/09_Metas/16/13/20190916130600_00160.png,861,847,157.2,26.9,963
9/16/2019 13:07,datasets/dataset_cropped/09_Metas/16/13/20190916130700_00160.jpg,datasets_flow/dataset_cropped/09_Metas/16/13/20190916130700_00160.jpg,datasets_cloudmask/dataset_cropped/09_Metas/16/13/20190916130700_00160.png,857,841,158.2,26.8,963
9/16/2019 13:08,datasets/dataset_cropped/09_Metas/16/13/20190916130800_00160.jpg,datasets_flow/dataset_cropped/09_Metas/16/13/20190916130800_00160.jpg,datasets_cloudmask/dataset_cropped/09_Metas/16/13/20190916130800_00160.png,852,834,159.5,26.4,963
9/16/2019 13:09,datasets/dataset_cropped/09_Metas/16/13/20190916130900_00160.jpg,datasets_flow/dataset_cropped/09_Metas/16/13/20190916130900_00160.jpg,datasets_cloudmask/dataset_cropped/09_Metas/16/13/20190916130900_00160.png,852,834,159.4,26.1,963
9/16/2019 13:10,datasets/dataset_cropped/09_Metas/16/13/20190916131000_00160.jpg,datasets_flow/dataset_cropped/09_Metas/16/13/20190916131000_00160.jpg,datasets_cloudmask/dataset_cropped/09_Metas/16/13/20190916131000_00160.png,853,835,159.8,26,963
9/16/2019 13:11,datasets/dataset_cropped/09_Metas/16/13/20190916131100_00160.jpg,datasets_flow/dataset_cropped/09_Metas/16/13/20190916131100_00160.jpg,datasets_cloudmask/dataset_cropped/09_Metas/16/13/20190916131100_00160.png,853,834,160.4,25.9,963
9/16/2019 13:12,datasets/dataset_cropped/09_Metas/16/13/20190916131200_00160.jpg,datasets_flow/dataset_cropped/09_Metas/16/13/20190916131200_00160.jpg,datasets_cloudmask/dataset_cropped/09_Metas/16/13/20190916131200_00160.png,853,835,159.3,26.1,963
9/16/2019 13:13,datasets/dataset_cropped/09_Metas/16/13/20190916131300_00160.jpg,datasets_flow/dataset_cropped/09_Metas/16/13/20190916131300_00160.jpg,datasets_cloudmask/dataset_cropped/09_Metas/16/13/20190916131300_00160.png,851,832,160.3,26.1,963
9/16/2019 13:14,datasets/dataset_cropped/09_Metas/16/13/20190916131400_00160.jpg,datasets_flow/dataset_cropped/09_Metas/16/13/20190916131400_00160.jpg,datasets_cloudmask/dataset_cropped/09_Metas/16/13/20190916131400_00160.png,848,827,161.6,26.2,963
9/16/2019 13:15,datasets/dataset_cropped/09_Metas/16/13/20190916131500_00160.jpg,datasets_flow/dataset_cropped/09_Metas/16/13/20190916131500_00160.jpg,datasets_cloudmask/dataset_cropped/09_Metas/16/13/20190916131500_00160.png,846,820,165.9,26.2,963
9/16/2019 13:16,datasets/dataset_cropped/09_Metas/16/13/20190916131600_00160.jpg,datasets_flow/dataset_cropped/09_Metas/16/13/20190916131600_00160.jpg,datasets_cloudmask/dataset_cropped/09_Metas/16/13/20190916131600_00160.png,848,819,168.3,26.3,963
9/16/2019 13:17,datasets/dataset_cropped/09_Metas/16/13/20190916131700_00160.jpg,datasets_flow/dataset_cropped/09_Metas/16/13/20190916131700_00160.jpg,datasets_cloudmask/dataset_cropped/09_Metas/16/13/20190916131700_00160.png,846,822,163.6,26.4,963
9/16/2019 13:18,datasets/dataset_cropped/09_Metas/16/13/20190916131800_00160.jpg,datasets_flow/dataset_cropped/09_Metas/16/13/20190916131800_00160.jpg,datasets_cloudmask/dataset_cropped/09_Metas/16/13/20190916131800_00160.png,847,826,161.5,26.3,962
9/16/2019 13:19,datasets/dataset_cropped/09_Metas/16/13/20190916131900_00160.jpg,datasets_flow/dataset_cropped/09_Metas/16/13/20190916131900_00160.jpg,datasets_cloudmask/dataset_cropped/09_Metas/16/13/20190916131900_00160.png,851,833,159.8,26.1,963
9/16/2019 13:20,datasets/dataset_cropped/09_Metas/16/13/20190916132000_00160.jpg,datasets_flow/dataset_cropped/09_Metas/16/13/20190916132000_00160.jpg,datasets_cloudmask/dataset_cropped/09_Metas/16/13/20190916132000_00160.png,853,836,159.6,26.1,962
9/16/2019 13:21,datasets/dataset_cropped/09_Metas/16/13/20190916132100_00160.jpg,datasets_flow/dataset_cropped/09_Metas/16/13/20190916132100_00160.jpg,datasets_cloudmask/dataset_cropped/09_Metas/16/13/20190916132100_00160.png,847,829,160.2,26.3,963
9/16/2019 13:22,datasets/dataset_cropped/09_Metas/16/13/20190916132200_00160.jpg,datasets_flow/dataset_cropped/09_Metas/16/13/20190916132200_00160.jpg,datasets_cloudmask/dataset_cropped/09_Metas/16/13/20190916132200_00160.png,844,826,159.5,26.3,963
9/16/2019 13:23,datasets/dataset_cropped/09_Metas/16/13/20190916132300_00160.jpg,datasets_flow/dataset_cropped/09_Metas/16/13/20190916132300_00160.jpg,datasets_cloudmask/dataset_cropped/09_Metas/16/13/20190916132300_00160.png,844,829,157.8,26.4,962
9/16/2019 13:24,datasets/dataset_cropped/09_Metas/16/13/20190916132400_00160.jpg,datasets_flow/dataset_cropped/09_Metas/16/13/20190916132400_00160.jpg,datasets_cloudmask/dataset_cropped/09_Metas/16/13/20190916132400_00160.png,847,835,155.4,26.9,962
9/16/2019 13:25,datasets/dataset_cropped/09_Metas/16/13/20190916132500_00160.jpg,datasets_flow/dataset_cropped/09_Metas/16/13/20190916132500_00160.jpg,datasets_cloudmask/dataset_cropped/09_Metas/16/13/20190916132500_00160.png,848,840,153.7,27,963
9/16/2019 13:26,datasets/dataset_cropped/09_Metas/16/13/20190916132600_00160.jpg,datasets_flow/dataset_cropped/09_Metas/16/13/20190916132600_00160.jpg,datasets_cloudmask/dataset_cropped/09_Metas/16/13/20190916132600_00160.png,850,845,151.9,26.8,962
9/16/2019 13:27,datasets/dataset_cropped/09_Metas/16/13/20190916132700_00160.jpg,datasets_flow/dataset_cropped/09_Metas/16/13/20190916132700_00160.jpg,datasets_cloudmask/dataset_cropped/09_Metas/16/13/20190916132700_00160.png,850,846,150.9,26.5,963
9/16/2019 13:28,datasets/dataset_cropped/09_Metas/16/13/20190916132800_00160.jpg,datasets_flow/dataset_cropped/09_Metas/16/13/20190916132800_00160.jpg,datasets_cloudmask/dataset_cropped/09_Metas/16/13/20190916132800_00160.png,847,842,151.2,26.5,962
9/16/2019 13:29,datasets/dataset_cropped/09_Metas/16/13/20190916132900_00160.jpg,datasets_flow/dataset_cropped/09_Metas/16/13/20190916132900_00160.jpg,datasets_cloudmask/dataset_cropped/09_Metas/16/13/20190916132900_00160.png,846,841,151.6,26.4,962
9/16/2019 13:30,datasets/dataset_cropped/09_Metas/16/13/20190916133000_00160.jpg,datasets_flow/dataset_cropped/09_Metas/16/13/20190916133000_00160.jpg,datasets_cloudmask/dataset_cropped/09_Metas/16/13/20190916133000_00160.png,848,844,151.9,26.7,962
9/16/2019 13:31,datasets/dataset_cropped/09_Metas/16/13/20190916133100_00160.jpg,datasets_flow/dataset_cropped/09_Metas/16/13/20190916133100_00160.jpg,datasets_cloudmask/dataset_cropped/09_Metas/16/13/20190916133100_00160.png,848,843,153.1,26.9,962
9/16/2019 13:32,datasets/dataset_cropped/09_Metas/16/13/20190916133200_00160.jpg,datasets_flow/dataset_cropped/09_Metas/16/13/20190916133200_00160.jpg,datasets_cloudmask/dataset_cropped/09_Metas/16/13/20190916133200_00160.png,848,845,151.9,27.1,962
9/16/2019 13:33,datasets/dataset_cropped/09_Metas/16/13/20190916133300_00160.jpg,datasets_flow/dataset_cropped/09_Metas/16/13/20190916133300_00160.jpg,datasets_cloudmask/dataset_cropped/09_Metas/16/13/20190916133300_00160.png,850,849,150.3,26.9,962
9/16/2019 13:34,datasets/dataset_cropped/09_Metas/16/13/20190916133400_00160.jpg,datasets_flow/dataset_cropped/09_Metas/16/13/20190916133400_00160.jpg,datasets_cloudmask/dataset_cropped/09_Metas/16/13/20190916133400_00160.png,850,849,149.5,26.6,962
9/16/2019 13:35,datasets/dataset_cropped/09_Metas/16/13/20190916133500_00160.jpg,datasets_flow/dataset_cropped/09_Metas/16/13/20190916133500_00160.jpg,datasets_cloudmask/dataset_cropped/09_Metas/16/13/20190916133500_00160.png,850,849,149.8,26.8,962
9/16/2019 13:36,datasets/dataset_cropped/09_Metas/16/13/20190916133600_00160.jpg,datasets_flow/dataset_cropped/09_Metas/16/13/20190916133600_00160.jpg,datasets_cloudmask/dataset_cropped/09_Metas/16/13/20190916133600_00160.png,848,846,150.9,26.6,962
9/16/2019 13:37,datasets/dataset_cropped/09_Metas/16/13/20190916133700_00160.jpg,datasets_flow/dataset_cropped/09_Metas/16/13/20190916133700_00160.jpg,datasets_cloudmask/dataset_cropped/09_Metas/16/13/20190916133700_00160.png,844,841,152,26.4,962
9/16/2019 13:38,datasets/dataset_cropped/09_Metas/16/13/20190916133800_00160.jpg,datasets_flow/dataset_cropped/09_Metas/16/13/20190916133800_00160.jpg,datasets_cloudmask/dataset_cropped/09_Metas/16/13/20190916133800_00160.png,843,839,153,26.6,962
9/16/2019 13:39,datasets/dataset_cropped/09_Metas/16/13/20190916133900_00160.jpg,datasets_flow/dataset_cropped/09_Metas/16/13/20190916133900_00160.jpg,datasets_cloudmask/dataset_cropped/09_Metas/16/13/20190916133900_00160.png,841,835,154.2,26.6,962
9/16/2019 13:40,datasets/dataset_cropped/09_Metas/16/13/20190916134000_00160.jpg,datasets_flow/dataset_cropped/09_Metas/16/13/20190916134000_00160.jpg,datasets_cloudmask/dataset_cropped/09_Metas/16/13/20190916134000_00160.png,840,833,155.2,26.6,962
9/16/2019 13:41,datasets/dataset_cropped/09_Metas/16/13/20190916134100_00160.jpg,datasets_flow/dataset_cropped/09_Metas/16/13/20190916134100_00160.jpg,datasets_cloudmask/dataset_cropped/09_Metas/16/13/20190916134100_00160.png,841,833,156,26.6,962
9/16/2019 13:42,datasets/dataset_cropped/09_Metas/16/13/20190916134200_00160.jpg,datasets_flow/dataset_cropped/09_Metas/16/13/20190916134200_00160.jpg,datasets_cloudmask/dataset_cropped/09_Metas/16/13/20190916134200_00160.png,838,828,157.4,26.3,962
9/16/2019 13:43,datasets/dataset_cropped/09_Metas/16/13/20190916134300_00160.jpg,datasets_flow/dataset_cropped/09_Metas/16/13/20190916134300_00160.jpg,datasets_cloudmask/dataset_cropped/09_Metas/16/13/20190916134300_00160.png,838,828,157.6,26.3,962
9/16/2019 13:44,datasets/dataset_cropped/09_Metas/16/13/20190916134400_00160.jpg,datasets_flow/dataset_cropped/09_Metas/16/13/20190916134400_00160.jpg,datasets_cloudmask/dataset_cropped/09_Metas/16/13/20190916134400_00160.png,837,830,156.7,26.3,962
9/16/2019 13:45,datasets/dataset_cropped/09_Metas/16/13/20190916134500_00160.jpg,datasets_flow/dataset_cropped/09_Metas/16/13/20190916134500_00160.jpg,datasets_cloudmask/dataset_cropped/09_Metas/16/13/20190916134500_00160.png,837,832,155.3,26.2,962
9/16/2019 13:46,datasets/dataset_cropped/09_Metas/16/13/20190916134600_00160.jpg,datasets_flow/dataset_cropped/09_Metas/16/13/20190916134600_00160.jpg,datasets_cloudmask/dataset_cropped/09_Metas/16/13/20190916134600_00160.png,832,828,154.3,26.3,962
9/16/2019 13:47,datasets/dataset_cropped/09_Metas/16/13/20190916134700_00160.jpg,datasets_flow/dataset_cropped/09_Metas/16/13/20190916134700_00160.jpg,datasets_cloudmask/dataset_cropped/09_Metas/16/13/20190916134700_00160.png,835,832,154.5,26.2,962
9/16/2019 13:48,datasets/dataset_cropped/09_Metas/16/13/20190916134800_00160.jpg,datasets_flow/dataset_cropped/09_Metas/16/13/20190916134800_00160.jpg,datasets_cloudmask/dataset_cropped/09_Metas/16/13/20190916134800_00160.png,836,833,155.6,26.2,962
9/16/2019 13:49,datasets/dataset_cropped/09_Metas/16/13/20190916134900_00160.jpg,datasets_flow/dataset_cropped/09_Metas/16/13/20190916134900_00160.jpg,datasets_cloudmask/dataset_cropped/09_Metas/16/13/20190916134900_00160.png,837,835,155.4,26.3,962
9/16/2019 13:50,datasets/dataset_cropped/09_Metas/16/13/20190916135002_00160.jpg,datasets_flow/dataset_cropped/09_Metas/16/13/20190916135002_00160.jpg,datasets_cloudmask/dataset_cropped/09_Metas/16/13/20190916135002_00160.png,835,834,154.9,26.4,962
9/16/2019 13:51,datasets/dataset_cropped/09_Metas/16/13/20190916135100_00160.jpg,datasets_flow/dataset_cropped/09_Metas/16/13/20190916135100_00160.jpg,datasets_cloudmask/dataset_cropped/09_Metas/16/13/20190916135100_00160.png,835,835,154.9,26.6,962
9/16/2019 13:52,datasets/dataset_cropped/09_Metas/16/13/20190916135200_00160.jpg,datasets_flow/dataset_cropped/09_Metas/16/13/20190916135200_00160.jpg,datasets_cloudmask/dataset_cropped/09_Metas/16/13/20190916135200_00160.png,831,828,156.1,26.7,962
9/16/2019 13:53,datasets/dataset_cropped/09_Metas/16/13/20190916135300_00160.jpg,datasets_flow/dataset_cropped/09_Metas/16/13/20190916135300_00160.jpg,datasets_cloudmask/dataset_cropped/09_Metas/16/13/20190916135300_00160.png,828,825,157.2,26.4,962
9/16/2019 13:54,datasets/dataset_cropped/09_Metas/16/13/20190916135400_00160.jpg,datasets_flow/dataset_cropped/09_Metas/16/13/20190916135400_00160.jpg,datasets_cloudmask/dataset_cropped/09_Metas/16/13/20190916135400_00160.png,828,824,157.8,26.4,962
9/16/2019 13:55,datasets/dataset_cropped/09_Metas/16/13/20190916135500_00160.jpg,datasets_flow/dataset_cropped/09_Metas/16/13/20190916135500_00160.jpg,datasets_cloudmask/dataset_cropped/09_Metas/16/13/20190916135500_00160.png,823,818,158.5,26.6,962
9/16/2019 13:56,datasets/dataset_cropped/09_Metas/16/13/20190916135600_00160.jpg,datasets_flow/dataset_cropped/09_Metas/16/13/20190916135600_00160.jpg,datasets_cloudmask/dataset_cropped/09_Metas/16/13/20190916135600_00160.png,822,818,158.4,26.9,962
9/16/2019 13:57,datasets/dataset_cropped/09_Metas/16/13/20190916135700_00160.jpg,datasets_flow/dataset_cropped/09_Metas/16/13/20190916135700_00160.jpg,datasets_cloudmask/dataset_cropped/09_Metas/16/13/20190916135700_00160.png,824,823,157.7,27,962
9/16/2019 13:58,datasets/dataset_cropped/09_Metas/16/13/20190916135800_00160.jpg,datasets_flow/dataset_cropped/09_Metas/16/13/20190916135800_00160.jpg,datasets_cloudmask/dataset_cropped/09_Metas/16/13/20190916135800_00160.png,826,826,157.3,26.8,962
9/16/2019 13:59,datasets/dataset_cropped/09_Metas/16/13/20190916135900_00160.jpg,datasets_flow/dataset_cropped/09_Metas/16/13/20190916135900_00160.jpg,datasets_cloudmask/dataset_cropped/09_Metas/16/13/20190916135900_00160.png,827,829,157.1,27,962
9/16/2019 14:00,datasets/dataset_cropped/09_Metas/16/14/20190916140000_00160.jpg,datasets_flow/dataset_cropped/09_Metas/16/14/20190916140000_00160.jpg,datasets_cloudmask/dataset_cropped/09_Metas/16/14/20190916140000_00160.png,824,825,157.6,26.8,962
9/16/2019 14:01,datasets/dataset_cropped/09_Metas/16/14/20190916140100_00160.jpg,datasets_flow/dataset_cropped/09_Metas/16/14/20190916140100_00160.jpg,datasets_cloudmask/dataset_cropped/09_Metas/16/14/20190916140100_00160.png,821,822,157.7,26.7,962
9/16/2019 14:02,datasets/dataset_cropped/09_Metas/16/14/20190916140200_00160.jpg,datasets_flow/dataset_cropped/09_Metas/16/14/20190916140200_00160.jpg,datasets_cloudmask/dataset_cropped/09_Metas/16/14/20190916140200_00160.png,820,822,157.6,26.9,962
9/16/2019 14:03,datasets/dataset_cropped/09_Metas/16/14/20190916140300_00160.jpg,datasets_flow/dataset_cropped/09_Metas/16/14/20190916140300_00160.jpg,datasets_cloudmask/dataset_cropped/09_Metas/16/14/20190916140300_00160.png,819,821,157.7,27.1,962
9/16/2019 14:04,datasets/dataset_cropped/09_Metas/16/14/20190916140400_00160.jpg,datasets_flow/dataset_cropped/09_Metas/16/14/20190916140400_00160.jpg,datasets_cloudmask/dataset_cropped/09_Metas/16/14/20190916140400_00160.png,817,819,157.9,27.1,962
9/16/2019 14:05,datasets/dataset_cropped/09_Metas/16/14/20190916140500_00160.jpg,datasets_flow/dataset_cropped/09_Metas/16/14/20190916140500_00160.jpg,datasets_cloudmask/dataset_cropped/09_Metas/16/14/20190916140500_00160.png,816,820,157.9,26.9,962
9/16/2019 14:06,datasets/dataset_cropped/09_Metas/16/14/20190916140600_00160.jpg,datasets_flow/dataset_cropped/09_Metas/16/14/20190916140600_00160.jpg,datasets_cloudmask/dataset_cropped/09_Metas/16/14/20190916140600_00160.png,816,820,158.1,26.9,962
9/16/2019 14:07,datasets/dataset_cropped/09_Metas/16/14/20190916140700_00160.jpg,datasets_flow/dataset_cropped/09_Metas/16/14/20190916140700_00160.jpg,datasets_cloudmask/dataset_cropped/09_Metas/16/14/20190916140700_00160.png,815,818,158.8,26.7,962
9/16/2019 14:08,datasets/dataset_cropped/09_Metas/16/14/20190916140800_00160.jpg,datasets_flow/dataset_cropped/09_Metas/16/14/20190916140800_00160.jpg,datasets_cloudmask/dataset_cropped/09_Metas/16/14/20190916140800_00160.png,816,821,158.1,26.6,962
9/16/2019 14:09,datasets/dataset_cropped/09_Metas/16/14/20190916140900_00160.jpg,datasets_flow/dataset_cropped/09_Metas/16/14/20190916140900_00160.jpg,datasets_cloudmask/dataset_cropped/09_Metas/16/14/20190916140900_00160.png,815,822,157,26.6,962
9/16/2019 14:10,datasets/dataset_cropped/09_Metas/16/14/20190916141000_00160.jpg,datasets_flow/dataset_cropped/09_Metas/16/14/20190916141000_00160.jpg,datasets_cloudmask/dataset_cropped/09_Metas/16/14/20190916141000_00160.png,811,818,157.6,26.6,962
9/16/2019 14:11,datasets/dataset_cropped/09_Metas/16/14/20190916141100_00160.jpg,datasets_flow/dataset_cropped/09_Metas/16/14/20190916141100_00160.jpg,datasets_cloudmask/dataset_cropped/09_Metas/16/14/20190916141100_00160.png,810,816,158.9,26.8,962
9/16/2019 14:12,datasets/dataset_cropped/09_Metas/16/14/20190916141200_00160.jpg,datasets_flow/dataset_cropped/09_Metas/16/14/20190916141200_00160.jpg,datasets_cloudmask/dataset_cropped/09_Metas/16/14/20190916141200_00160.png,811,818,159.4,27.1,962
9/16/2019 14:13,datasets/dataset_cropped/09_Metas/16/14/20190916141300_00160.jpg,datasets_flow/dataset_cropped/09_Metas/16/14/20190916141300_00160.jpg,datasets_cloudmask/dataset_cropped/09_Metas/16/14/20190916141300_00160.png,811,818,160.3,27,962
9/16/2019 14:14,datasets/dataset_cropped/09_Metas/16/14/20190916141400_00160.jpg,datasets_flow/dataset_cropped/09_Metas/16/14/20190916141400_00160.jpg,datasets_cloudmask/dataset_cropped/09_Metas/16/14/20190916141400_00160.png,809,817,160.5,27,962
9/16/2019 14:15,datasets/dataset_cropped/09_Metas/16/14/20190916141500_00160.jpg,datasets_flow/dataset_cropped/09_Metas/16/14/20190916141500_00160.jpg,datasets_cloudmask/dataset_cropped/09_Metas/16/14/20190916141500_00160.png,806,812,161.8,26.9,962
9/16/2019 14:16,datasets/dataset_cropped/09_Metas/16/14/20190916141600_00160.jpg,datasets_flow/dataset_cropped/09_Metas/16/14/20190916141600_00160.jpg,datasets_cloudmask/dataset_cropped/09_Metas/16/14/20190916141600_00160.png,804,809,162.9,26.9,962
9/16/2019 14:17,datasets/dataset_cropped/09_Metas/16/14/20190916141700_00160.jpg,datasets_flow/dataset_cropped/09_Metas/16/14/20190916141700_00160.jpg,datasets_cloudmask/dataset_cropped/09_Metas/16/14/20190916141700_00160.png,801,805,163.5,26.9,962
9/16/2019 14:18,datasets/dataset_cropped/09_Metas/16/14/20190916141800_00160.jpg,datasets_flow/dataset_cropped/09_Metas/16/14/20190916141800_00160.jpg,datasets_cloudmask/dataset_cropped/09_Metas/16/14/20190916141800_00160.png,797.9,804,163.1,26.8,962
9/16/2019 14:19,datasets/dataset_cropped/09_Metas/16/14/20190916141900_00160.jpg,datasets_flow/dataset_cropped/09_Metas/16/14/20190916141900_00160.jpg,datasets_cloudmask/dataset_cropped/09_Metas/16/14/20190916141900_00160.png,796.1,802,162.7,26.6,962
9/16/2019 14:20,datasets/dataset_cropped/09_Metas/16/14/20190916142000_00160.jpg,datasets_flow/dataset_cropped/09_Metas/16/14/20190916142000_00160.jpg,datasets_cloudmask/dataset_cropped/09_Metas/16/14/20190916142000_00160.png,795.4,802,162.4,26.7,962
9/16/2019 14:21,datasets/dataset_cropped/09_Metas/16/14/20190916142100_00160.jpg,datasets_flow/dataset_cropped/09_Metas/16/14/20190916142100_00160.jpg,datasets_cloudmask/dataset_cropped/09_Metas/16/14/20190916142100_00160.png,793.8,801,162.8,26.7,962
9/16/2019 14:22,datasets/dataset_cropped/09_Metas/16/14/20190916142200_00160.jpg,datasets_flow/dataset_cropped/09_Metas/16/14/20190916142200_00160.jpg,datasets_cloudmask/dataset_cropped/09_Metas/16/14/20190916142200_00160.png,794.1,804,161.7,26.8,962
9/16/2019 14:23,datasets/dataset_cropped/09_Metas/16/14/20190916142300_00160.jpg,datasets_flow/dataset_cropped/09_Metas/16/14/20190916142300_00160.jpg,datasets_cloudmask/dataset_cropped/09_Metas/16/14/20190916142300_00160.png,792.9,804,161.7,26.8,962
9/16/2019 14:24,datasets/dataset_cropped/09_Metas/16/14/20190916142400_00160.jpg,datasets_flow/dataset_cropped/09_Metas/16/14/20190916142400_00160.jpg,datasets_cloudmask/dataset_cropped/09_Metas/16/14/20190916142400_00160.png,789.1,798.4,163,26.7,962
9/16/2019 14:25,datasets/dataset_cropped/09_Metas/16/14/20190916142500_00160.jpg,datasets_flow/dataset_cropped/09_Metas/16/14/20190916142500_00160.jpg,datasets_cloudmask/dataset_cropped/09_Metas/16/14/20190916142500_00160.png,788.1,798.2,163.8,26.7,962
9/16/2019 14:26,datasets/dataset_cropped/09_Metas/16/14/20190916142600_00160.jpg,datasets_flow/dataset_cropped/09_Metas/16/14/20190916142600_00160.jpg,datasets_cloudmask/dataset_cropped/09_Metas/16/14/20190916142600_00160.png,787.5,800,162.8,26.6,962
9/16/2019 14:27,datasets/dataset_cropped/09_Metas/16/14/20190916142700_00160.jpg,datasets_flow/dataset_cropped/09_Metas/16/14/20190916142700_00160.jpg,datasets_cloudmask/dataset_cropped/09_Metas/16/14/20190916142700_00160.png,786.5,802,161.7,26.8,962
9/16/2019 14:28,datasets/dataset_cropped/09_Metas/16/14/20190916142800_00160.jpg,datasets_flow/dataset_cropped/09_Metas/16/14/20190916142800_00160.jpg,datasets_cloudmask/dataset_cropped/09_Metas/16/14/20190916142800_00160.png,784.2,801,160.8,27.2,962
9/16/2019 14:29,datasets/dataset_cropped/09_Metas/16/14/20190916142900_00160.jpg,datasets_flow/dataset_cropped/09_Metas/16/14/20190916142900_00160.jpg,datasets_cloudmask/dataset_cropped/09_Metas/16/14/20190916142900_00160.png,783.2,802,159.3,27.4,962
9/16/2019 14:30,datasets/dataset_cropped/09_Metas/16/14/20190916143000_00160.jpg,datasets_flow/dataset_cropped/09_Metas/16/14/20190916143000_00160.jpg,datasets_cloudmask/dataset_cropped/09_Metas/16/14/20190916143000_00160.png,784.1,807,157.7,27.3,962
9/16/2019 14:31,datasets/dataset_cropped/09_Metas/16/14/20190916143100_00160.jpg,datasets_flow/dataset_cropped/09_Metas/16/14/20190916143100_00160.jpg,datasets_cloudmask/dataset_cropped/09_Metas/16/14/20190916143100_00160.png,785.9,812,156.6,27.3,962
9/16/2019 14:32,datasets/dataset_cropped/09_Metas/16/14/20190916143200_00160.jpg,datasets_flow/dataset_cropped/09_Metas/16/14/20190916143200_00160.jpg,datasets_cloudmask/dataset_cropped/09_Metas/16/14/20190916143200_00160.png,784.7,812,156.3,27.6,962
9/16/2019 14:33,datasets/dataset_cropped/09_Metas/16/14/20190916143300_00160.jpg,datasets_flow/dataset_cropped/09_Metas/16/14/20190916143300_00160.jpg,datasets_cloudmask/dataset_cropped/09_Metas/16/14/20190916143300_00160.png,782.1,810,156.6,27.6,962
9/16/2019 14:34,datasets/dataset_cropped/09_Metas/16/14/20190916143400_00160.jpg,datasets_flow/dataset_cropped/09_Metas/16/14/20190916143400_00160.jpg,datasets_cloudmask/dataset_cropped/09_Metas/16/14/20190916143400_00160.png,777.8,804,158.1,27.2,962
9/16/2019 14:35,datasets/dataset_cropped/09_Metas/16/14/20190916143500_00160.jpg,datasets_flow/dataset_cropped/09_Metas/16/14/20190916143500_00160.jpg,datasets_cloudmask/dataset_cropped/09_Metas/16/14/20190916143500_00160.png,771.7,795.6,159.4,27,962
9/16/2019 14:36,datasets/dataset_cropped/09_Metas/16/14/20190916143600_00160.jpg,datasets_flow/dataset_cropped/09_Metas/16/14/20190916143600_00160.jpg,datasets_cloudmask/dataset_cropped/09_Metas/16/14/20190916143600_00160.png,765.9,787.2,160.3,26.9,962
9/16/2019 14:37,datasets/dataset_cropped/09_Metas/16/14/20190916143700_00160.jpg,datasets_flow/dataset_cropped/09_Metas/16/14/20190916143700_00160.jpg,datasets_cloudmask/dataset_cropped/09_Metas/16/14/20190916143700_00160.png,762.8,784,160.4,27.1,962
9/16/2019 14:38,datasets/dataset_cropped/09_Metas/16/14/20190916143800_00160.jpg,datasets_flow/dataset_cropped/09_Metas/16/14/20190916143800_00160.jpg,datasets_cloudmask/dataset_cropped/09_Metas/16/14/20190916143800_00160.png,766.4,792.9,159.1,27.1,962
9/16/2019 14:39,datasets/dataset_cropped/09_Metas/16/14/20190916143900_00160.jpg,datasets_flow/dataset_cropped/09_Metas/16/14/20190916143900_00160.jpg,datasets_cloudmask/dataset_cropped/09_Metas/16/14/20190916143900_00160.png,769.8,803,156.5,27,962
9/16/2019 14:40,datasets/dataset_cropped/09_Metas/16/14/20190916144000_00160.jpg,datasets_flow/dataset_cropped/09_Metas/16/14/20190916144000_00160.jpg,datasets_cloudmask/dataset_cropped/09_Metas/16/14/20190916144000_00160.png,769.4,806,154.8,26.8,962
9/16/2019 14:41,datasets/dataset_cropped/09_Metas/16/14/20190916144100_00160.jpg,datasets_flow/dataset_cropped/09_Metas/16/14/20190916144100_00160.jpg,datasets_cloudmask/dataset_cropped/09_Metas/16/14/20190916144100_00160.png,767.9,807,153.7,26.5,962
9/16/2019 14:42,datasets/dataset_cropped/09_Metas/16/14/20190916144200_00160.jpg,datasets_flow/dataset_cropped/09_Metas/16/14/20190916144200_00160.jpg,datasets_cloudmask/dataset_cropped/09_Metas/16/14/20190916144200_00160.png,765.7,807,152.5,26.6,962
9/16/2019 14:43,datasets/dataset_cropped/09_Metas/16/14/20190916144300_00160.jpg,datasets_flow/dataset_cropped/09_Metas/16/14/20190916144300_00160.jpg,datasets_cloudmask/dataset_cropped/09_Metas/16/14/20190916144300_00160.png,765.8,810,151.7,26.9,962
9/16/2019 14:44,datasets/dataset_cropped/09_Metas/16/14/20190916144400_00160.jpg,datasets_flow/dataset_cropped/09_Metas/16/14/20190916144400_00160.jpg,datasets_cloudmask/dataset_cropped/09_Metas/16/14/20190916144400_00160.png,763.8,809,151.1,27.1,962
9/16/2019 14:45,datasets/dataset_cropped/09_Metas/16/14/20190916144500_00160.jpg,datasets_flow/dataset_cropped/09_Metas/16/14/20190916144500_00160.jpg,datasets_cloudmask/dataset_cropped/09_Metas/16/14/20190916144500_00160.png,762.4,808,151.6,27,962
9/16/2019 14:46,datasets/dataset_cropped/09_Metas/16/14/20190916144600_00160.jpg,datasets_flow/dataset_cropped/09_Metas/16/14/20190916144600_00160.jpg,datasets_cloudmask/dataset_cropped/09_Metas/16/14/20190916144600_00160.png,760.6,805,153.4,27.2,962
9/16/2019 14:47,datasets/dataset_cropped/09_Metas/16/14/20190916144700_00160.jpg,datasets_flow/dataset_cropped/09_Metas/16/14/20190916144700_00160.jpg,datasets_cloudmask/dataset_cropped/09_Metas/16/14/20190916144700_00160.png,758.5,802,154.5,27.1,962
9/16/2019 14:48,datasets/dataset_cropped/09_Metas/16/14/20190916144800_00160.jpg,datasets_flow/dataset_cropped/09_Metas/16/14/20190916144800_00160.jpg,datasets_cloudmask/dataset_cropped/09_Metas/16/14/20190916144800_00160.png,759.2,805,153.7,27,962
9/16/2019 14:49,datasets/dataset_cropped/09_Metas/16/14/20190916144900_00160.jpg,datasets_flow/dataset_cropped/09_Metas/16/14/20190916144900_00160.jpg,datasets_cloudmask/dataset_cropped/09_Metas/16/14/20190916144900_00160.png,758.1,806,153.3,26.9,962
9/16/2019 14:50,datasets/dataset_cropped/09_Metas/16/14/20190916145000_00160.jpg,datasets_flow/dataset_cropped/09_Metas/16/14/20190916145000_00160.jpg,datasets_cloudmask/dataset_cropped/09_Metas/16/14/20190916145000_00160.png,755.7,805,153.5,26.7,962
9/16/2019 14:51,datasets/dataset_cropped/09_Metas/16/14/20190916145100_00160.jpg,datasets_flow/dataset_cropped/09_Metas/16/14/20190916145100_00160.jpg,datasets_cloudmask/dataset_cropped/09_Metas/16/14/20190916145100_00160.png,748.8,796,154.6,26.5,962
9/16/2019 14:52,datasets/dataset_cropped/09_Metas/16/14/20190916145200_00160.jpg,datasets_flow/dataset_cropped/09_Metas/16/14/20190916145200_00160.jpg,datasets_cloudmask/dataset_cropped/09_Metas/16/14/20190916145200_00160.png,748.6,797.1,155.3,26.6,962
9/16/2019 14:53,datasets/dataset_cropped/09_Metas/16/14/20190916145300_00160.jpg,datasets_flow/dataset_cropped/09_Metas/16/14/20190916145300_00160.jpg,datasets_cloudmask/dataset_cropped/09_Metas/16/14/20190916145300_00160.png,751.6,805,154.1,26.6,962
9/16/2019 14:54,datasets/dataset_cropped/09_Metas/16/14/20190916145400_00160.jpg,datasets_flow/dataset_cropped/09_Metas/16/14/20190916145400_00160.jpg,datasets_cloudmask/dataset_cropped/09_Metas/16/14/20190916145400_00160.png,749.9,806,152.9,26.7,962
9/16/2019 14:55,datasets/dataset_cropped/09_Metas/16/14/20190916145500_00160.jpg,datasets_flow/dataset_cropped/09_Metas/16/14/20190916145500_00160.jpg,datasets_cloudmask/dataset_cropped/09_Metas/16/14/20190916145500_00160.png,747,805,152.5,27,962
9/16/2019 14:56,datasets/dataset_cropped/09_Metas/16/14/20190916145600_00160.jpg,datasets_flow/dataset_cropped/09_Metas/16/14/20190916145600_00160.jpg,datasets_cloudmask/dataset_cropped/09_Metas/16/14/20190916145600_00160.png,744.6,803,152.2,27.3,962
9/16/2019 14:57,datasets/dataset_cropped/09_Metas/16/14/20190916145700_00160.jpg,datasets_flow/dataset_cropped/09_Metas/16/14/20190916145700_00160.jpg,datasets_cloudmask/dataset_cropped/09_Metas/16/14/20190916145700_00160.png,742.3,802,152.3,27.3,962
9/16/2019 14:58,datasets/dataset_cropped/09_Metas/16/14/20190916145800_00160.jpg,datasets_flow/dataset_cropped/09_Metas/16/14/20190916145800_00160.jpg,datasets_cloudmask/dataset_cropped/09_Metas/16/14/20190916145800_00160.png,741.2,801,152.5,27.1,962
9/16/2019 14:59,datasets/dataset_cropped/09_Metas/16/14/20190916145900_00160.jpg,datasets_flow/dataset_cropped/09_Metas/16/14/20190916145900_00160.jpg,datasets_cloudmask/dataset_cropped/09_Metas/16/14/20190916145900_00160.png,738.9,798.6,152.7,27,962
9/16/2019 15:00,datasets/dataset_cropped/09_Metas/16/15/20190916150000_00160.jpg,datasets_flow/dataset_cropped/09_Metas/16/15/20190916150000_00160.jpg,datasets_cloudmask/dataset_cropped/09_Metas/16/15/20190916150000_00160.png,737,797.3,153.2,27.5,962
9/16/2019 15:01,datasets/dataset_cropped/09_Metas/16/15/20190916150100_00160.jpg,datasets_flow/dataset_cropped/09_Metas/16/15/20190916150100_00160.jpg,datasets_cloudmask/dataset_cropped/09_Metas/16/15/20190916150100_00160.png,734.6,797.4,152.5,27.3,962
9/16/2019 15:02,datasets/dataset_cropped/09_Metas/16/15/20190916150200_00160.jpg,datasets_flow/dataset_cropped/09_Metas/16/15/20190916150200_00160.jpg,datasets_cloudmask/dataset_cropped/09_Metas/16/15/20190916150200_00160.png,733.4,799.4,151.4,26.9,962
9/16/2019 15:03,datasets/dataset_cropped/09_Metas/16/15/20190916150300_00160.jpg,datasets_flow/dataset_cropped/09_Metas/16/15/20190916150300_00160.jpg,datasets_cloudmask/dataset_cropped/09_Metas/16/15/20190916150300_00160.png,730,797.9,150.1,26.9,962
9/16/2019 15:04,datasets/dataset_cropped/09_Metas/16/15/20190916150400_00160.jpg,datasets_flow/dataset_cropped/09_Metas/16/15/20190916150400_00160.jpg,datasets_cloudmask/dataset_cropped/09_Metas/16/15/20190916150400_00160.png,729.2,798.8,149.5,27.1,962
9/16/2019 15:05,datasets/dataset_cropped/09_Metas/16/15/20190916150500_00160.jpg,datasets_flow/dataset_cropped/09_Metas/16/15/20190916150500_00160.jpg,datasets_cloudmask/dataset_cropped/09_Metas/16/15/20190916150500_00160.png,729,800,150,26.9,962
9/16/2019 15:06,datasets/dataset_cropped/09_Metas/16/15/20190916150600_00160.jpg,datasets_flow/dataset_cropped/09_Metas/16/15/20190916150600_00160.jpg,datasets_cloudmask/dataset_cropped/09_Metas/16/15/20190916150600_00160.png,730.3,804,150.3,26.9,962
9/16/2019 15:07,datasets/dataset_cropped/09_Metas/16/15/20190916150700_00160.jpg,datasets_flow/dataset_cropped/09_Metas/16/15/20190916150700_00160.jpg,datasets_cloudmask/dataset_cropped/09_Metas/16/15/20190916150700_00160.png,727.8,799,152.3,27.1,962
9/16/2019 15:08,datasets/dataset_cropped/09_Metas/16/15/20190916150800_00160.jpg,datasets_flow/dataset_cropped/09_Metas/16/15/20190916150800_00160.jpg,datasets_cloudmask/dataset_cropped/09_Metas/16/15/20190916150800_00160.png,718.9,783.9,155.7,27.3,962
9/16/2019 15:09,datasets/dataset_cropped/09_Metas/16/15/20190916150900_00160.jpg,datasets_flow/dataset_cropped/09_Metas/16/15/20190916150900_00160.jpg,datasets_cloudmask/dataset_cropped/09_Metas/16/15/20190916150900_00160.png,716.8,781.5,156.5,27.2,962
9/16/2019 15:10,datasets/dataset_cropped/09_Metas/16/15/20190916151000_00160.jpg,datasets_flow/dataset_cropped/09_Metas/16/15/20190916151000_00160.jpg,datasets_cloudmask/dataset_cropped/09_Metas/16/15/20190916151000_00160.png,714.5,780.5,155.9,27.2,962
9/16/2019 15:11,datasets/dataset_cropped/09_Metas/16/15/20190916151100_00160.jpg,datasets_flow/dataset_cropped/09_Metas/16/15/20190916151100_00160.jpg,datasets_cloudmask/dataset_cropped/09_Metas/16/15/20190916151100_00160.png,717.2,788,154.7,27.5,962
9/16/2019 15:12,datasets/dataset_cropped/09_Metas/16/15/20190916151200_00160.jpg,datasets_flow/dataset_cropped/09_Metas/16/15/20190916151200_00160.jpg,datasets_cloudmask/dataset_cropped/09_Metas/16/15/20190916151200_00160.png,717.7,792.1,154,27,962
9/16/2019 15:13,datasets/dataset_cropped/09_Metas/16/15/20190916151300_00160.jpg,datasets_flow/dataset_cropped/09_Metas/16/15/20190916151300_00160.jpg,datasets_cloudmask/dataset_cropped/09_Metas/16/15/20190916151300_00160.png,716.3,792.5,154.2,26.8,962
9/16/2019 15:14,datasets/dataset_cropped/09_Metas/16/15/20190916151400_00160.jpg,datasets_flow/dataset_cropped/09_Metas/16/15/20190916151400_00160.jpg,datasets_cloudmask/dataset_cropped/09_Metas/16/15/20190916151400_00160.png,716.3,793.3,155.3,27,962
9/16/2019 15:15,datasets/dataset_cropped/09_Metas/16/15/20190916151500_00160.jpg,datasets_flow/dataset_cropped/09_Metas/16/15/20190916151500_00160.jpg,datasets_cloudmask/dataset_cropped/09_Metas/16/15/20190916151500_00160.png,713.8,791.2,155.8,27.1,962
9/16/2019 15:16,datasets/dataset_cropped/09_Metas/16/15/20190916151600_00160.jpg,datasets_flow/dataset_cropped/09_Metas/16/15/20190916151600_00160.jpg,datasets_cloudmask/dataset_cropped/09_Metas/16/15/20190916151600_00160.png,710.4,786.9,156.5,27.4,962
9/16/2019 15:17,datasets/dataset_cropped/09_Metas/16/15/20190916151700_00160.jpg,datasets_flow/dataset_cropped/09_Metas/16/15/20190916151700_00160.jpg,datasets_cloudmask/dataset_cropped/09_Metas/16/15/20190916151700_00160.png,703.8,777,158.3,27.6,962
9/16/2019 15:18,datasets/dataset_cropped/09_Metas/16/15/20190916151800_00160.jpg,datasets_flow/dataset_cropped/09_Metas/16/15/20190916151800_00160.jpg,datasets_cloudmask/dataset_cropped/09_Metas/16/15/20190916151800_00160.png,695.4,764.1,160.1,27.6,962
9/16/2019 15:19,datasets/dataset_cropped/09_Metas/16/15/20190916151900_00160.jpg,datasets_flow/dataset_cropped/09_Metas/16/15/20190916151900_00160.jpg,datasets_cloudmask/dataset_cropped/09_Metas/16/15/20190916151900_00160.png,696.2,765.1,161.6,27.5,962
9/16/2019 15:20,datasets/dataset_cropped/09_Metas/16/15/20190916152000_00160.jpg,datasets_flow/dataset_cropped/09_Metas/16/15/20190916152000_00160.jpg,datasets_cloudmask/dataset_cropped/09_Metas/16/15/20190916152000_00160.png,695.2,763.6,162.8,27.5,962
9/16/2019 15:21,datasets/dataset_cropped/09_Metas/16/15/20190916152100_00160.jpg,datasets_flow/dataset_cropped/09_Metas/16/15/20190916152100_00160.jpg,datasets_cloudmask/dataset_cropped/09_Metas/16/15/20190916152100_00160.png,691.9,757.3,165.3,27.1,962
9/16/2019 15:22,datasets/dataset_cropped/09_Metas/16/15/20190916152200_00160.jpg,datasets_flow/dataset_cropped/09_Metas/16/15/20190916152200_00160.jpg,datasets_cloudmask/dataset_cropped/09_Metas/16/15/20190916152200_00160.png,694.1,758.8,167.9,27.1,962
9/16/2019 15:23,datasets/dataset_cropped/09_Metas/16/15/20190916152300_00160.jpg,datasets_flow/dataset_cropped/09_Metas/16/15/20190916152300_00160.jpg,datasets_cloudmask/dataset_cropped/09_Metas/16/15/20190916152300_00160.png,698.5,765.2,169.4,27.1,962
9/16/2019 15:24,datasets/dataset_cropped/09_Metas/16/15/20190916152400_00160.jpg,datasets_flow/dataset_cropped/09_Metas/16/15/20190916152400_00160.jpg,datasets_cloudmask/dataset_cropped/09_Metas/16/15/20190916152400_00160.png,702.3,771.7,170.7,27,962
9/16/2019 15:25,datasets/dataset_cropped/09_Metas/16/15/20190916152500_00160.jpg,datasets_flow/dataset_cropped/09_Metas/16/15/20190916152500_00160.jpg,datasets_cloudmask/dataset_cropped/09_Metas/16/15/20190916152500_00160.png,703.9,772.7,173.2,27,962
9/16/2019 15:26,datasets/dataset_cropped/09_Metas/16/15/20190916152600_00160.jpg,datasets_flow/dataset_cropped/09_Metas/16/15/20190916152600_00160.jpg,datasets_cloudmask/dataset_cropped/09_Metas/16/15/20190916152600_00160.png,704.9,771.2,177.1,26.9,962
9/16/2019 15:27,datasets/dataset_cropped/09_Metas/16/15/20190916152700_00160.jpg,datasets_flow/dataset_cropped/09_Metas/16/15/20190916152700_00160.jpg,datasets_cloudmask/dataset_cropped/09_Metas/16/15/20190916152700_00160.png,700.5,764.5,178.8,26.8,962
9/16/2019 15:28,datasets/dataset_cropped/09_Metas/16/15/20190916152800_00160.jpg,datasets_flow/dataset_cropped/09_Metas/16/15/20190916152800_00160.jpg,datasets_cloudmask/dataset_cropped/09_Metas/16/15/20190916152800_00160.png,699.8,763.9,179.9,26.9,962
9/16/2019 15:29,datasets/dataset_cropped/09_Metas/16/15/20190916152900_00160.jpg,datasets_flow/dataset_cropped/09_Metas/16/15/20190916152900_00160.jpg,datasets_cloudmask/dataset_cropped/09_Metas/16/15/20190916152900_00160.png,698.4,764.6,179.4,27.3,962
9/16/2019 15:30,datasets/dataset_cropped/09_Metas/16/15/20190916153000_00160.jpg,datasets_flow/dataset_cropped/09_Metas/16/15/20190916153000_00160.jpg,datasets_cloudmask/dataset_cropped/09_Metas/16/15/20190916153000_00160.png,695.4,762.2,179.6,27.5,962
9/16/2019 15:31,datasets/dataset_cropped/09_Metas/16/15/20190916153100_00160.jpg,datasets_flow/dataset_cropped/09_Metas/16/15/20190916153100_00160.jpg,datasets_cloudmask/dataset_cropped/09_Metas/16/15/20190916153100_00160.png,692,759.9,179.4,27.2,962
9/16/2019 15:32,datasets/dataset_cropped/09_Metas/16/15/20190916153200_00160.jpg,datasets_flow/dataset_cropped/09_Metas/16/15/20190916153200_00160.jpg,datasets_cloudmask/dataset_cropped/09_Metas/16/15/20190916153200_00160.png,693.8,762.6,181.2,26.9,962
9/16/2019 15:33,datasets/dataset_cropped/09_Metas/16/15/20190916153300_00160.jpg,datasets_flow/dataset_cropped/09_Metas/16/15/20190916153300_00160.jpg,datasets_cloudmask/dataset_cropped/09_Metas/16/15/20190916153300_00160.png,692.2,758.3,184.1,26.6,962
9/16/2019 15:34,datasets/dataset_cropped/09_Metas/16/15/20190916153400_00160.jpg,datasets_flow/dataset_cropped/09_Metas/16/15/20190916153400_00160.jpg,datasets_cloudmask/dataset_cropped/09_Metas/16/15/20190916153400_00160.png,695.6,758.4,189.2,26.4,962
9/16/2019 15:35,datasets/dataset_cropped/09_Metas/16/15/20190916153500_00160.jpg,datasets_flow/dataset_cropped/09_Metas/16/15/20190916153500_00160.jpg,datasets_cloudmask/dataset_cropped/09_Metas/16/15/20190916153500_00160.png,701.3,758.4,196.1,26.6,962
9/16/2019 15:36,datasets/dataset_cropped/09_Metas/16/15/20190916153600_00160.jpg,datasets_flow/dataset_cropped/09_Metas/16/15/20190916153600_00160.jpg,datasets_cloudmask/dataset_cropped/09_Metas/16/15/20190916153600_00160.png,700.3,756.4,198,26.7,962
9/16/2019 15:37,datasets/dataset_cropped/09_Metas/16/15/20190916153700_00160.jpg,datasets_flow/dataset_cropped/09_Metas/16/15/20190916153700_00160.jpg,datasets_cloudmask/dataset_cropped/09_Metas/16/15/20190916153700_00160.png,701.6,757.6,200.2,27,962
9/16/2019 15:38,datasets/dataset_cropped/09_Metas/16/15/20190916153800_00160.jpg,datasets_flow/dataset_cropped/09_Metas/16/15/20190916153800_00160.jpg,datasets_cloudmask/dataset_cropped/09_Metas/16/15/20190916153800_00160.png,700.8,753.2,204.3,27,962
9/16/2019 15:39,datasets/dataset_cropped/09_Metas/16/15/20190916153900_00160.jpg,datasets_flow/dataset_cropped/09_Metas/16/15/20190916153900_00160.jpg,datasets_cloudmask/dataset_cropped/09_Metas/16/15/20190916153900_00160.png,698.7,749.2,206.5,26.9,962
9/16/2019 15:40,datasets/dataset_cropped/09_Metas/16/15/20190916154000_00160.jpg,datasets_flow/dataset_cropped/09_Metas/16/15/20190916154000_00160.jpg,datasets_cloudmask/dataset_cropped/09_Metas/16/15/20190916154000_00160.png,695.2,745,207.3,27.1,962
9/16/2019 15:41,datasets/dataset_cropped/09_Metas/16/15/20190916154100_00160.jpg,datasets_flow/dataset_cropped/09_Metas/16/15/20190916154100_00160.jpg,datasets_cloudmask/dataset_cropped/09_Metas/16/15/20190916154100_00160.png,693.7,740.4,210.5,26.9,962
9/16/2019 15:42,datasets/dataset_cropped/09_Metas/16/15/20190916154200_00160.jpg,datasets_flow/dataset_cropped/09_Metas/16/15/20190916154200_00160.jpg,datasets_cloudmask/dataset_cropped/09_Metas/16/15/20190916154200_00160.png,696.2,740.3,214.6,26.7,962
9/16/2019 15:43,datasets/dataset_cropped/09_Metas/16/15/20190916154300_00160.jpg,datasets_flow/dataset_cropped/09_Metas/16/15/20190916154300_00160.jpg,datasets_cloudmask/dataset_cropped/09_Metas/16/15/20190916154300_00160.png,698,740.3,217.4,26.8,962
9/16/2019 15:44,datasets/dataset_cropped/09_Metas/16/15/20190916154400_00160.jpg,datasets_flow/dataset_cropped/09_Metas/16/15/20190916154400_00160.jpg,datasets_cloudmask/dataset_cropped/09_Metas/16/15/20190916154400_00160.png,700.7,745.6,218,26.9,962
9/16/2019 15:45,datasets/dataset_cropped/09_Metas/16/15/20190916154500_00160.jpg,datasets_flow/dataset_cropped/09_Metas/16/15/20190916154500_00160.jpg,datasets_cloudmask/dataset_cropped/09_Metas/16/15/20190916154500_00160.png,691,739.3,214.1,26.8,962
9/16/2019 15:46,datasets/dataset_cropped/09_Metas/16/15/20190916154600_00160.jpg,datasets_flow/dataset_cropped/09_Metas/16/15/20190916154600_00160.jpg,datasets_cloudmask/dataset_cropped/09_Metas/16/15/20190916154600_00160.png,680.3,732.7,209.4,26.6,962
9/16/2019 15:47,datasets/dataset_cropped/09_Metas/16/15/20190916154700_00160.jpg,datasets_flow/dataset_cropped/09_Metas/16/15/20190916154700_00160.jpg,datasets_cloudmask/dataset_cropped/09_Metas/16/15/20190916154700_00160.png,690.6,739.4,217.4,27.1,961
9/16/2019 15:48,datasets/dataset_cropped/09_Metas/16/15/20190916154800_00160.jpg,datasets_flow/dataset_cropped/09_Metas/16/15/20190916154800_00160.jpg,datasets_cloudmask/dataset_cropped/09_Metas/16/15/20190916154800_00160.png,696.2,729.4,231.3,27.3,962
9/16/2019 15:49,datasets/dataset_cropped/09_Metas/16/15/20190916154900_00160.jpg,datasets_flow/dataset_cropped/09_Metas/16/15/20190916154900_00160.jpg,datasets_cloudmask/dataset_cropped/09_Metas/16/15/20190916154900_00160.png,691.6,723.3,232.2,27.4,961
9/16/2019 15:50,datasets/dataset_cropped/09_Metas/16/15/20190916155000_00160.jpg,datasets_flow/dataset_cropped/09_Metas/16/15/20190916155000_00160.jpg,datasets_cloudmask/dataset_cropped/09_Metas/16/15/20190916155000_00160.png,689.2,719.2,233.9,27.1,962
9/16/2019 15:51,datasets/dataset_cropped/09_Metas/16/15/20190916155100_00160.jpg,datasets_flow/dataset_cropped/09_Metas/16/15/20190916155100_00160.jpg,datasets_cloudmask/dataset_cropped/09_Metas/16/15/20190916155100_00160.png,689,730.3,228.1,26.9,961
9/16/2019 15:52,datasets/dataset_cropped/09_Metas/16/15/20190916155200_00160.jpg,datasets_flow/dataset_cropped/09_Metas/16/15/20190916155200_00160.jpg,datasets_cloudmask/dataset_cropped/09_Metas/16/15/20190916155200_00160.png,679.5,728.2,221.4,26.8,962
9/16/2019 15:53,datasets/dataset_cropped/09_Metas/16/15/20190916155300_00160.jpg,datasets_flow/dataset_cropped/09_Metas/16/15/20190916155300_00160.jpg,datasets_cloudmask/dataset_cropped/09_Metas/16/15/20190916155300_00160.png,678,725.4,223.3,26.7,962
9/16/2019 15:54,datasets/dataset_cropped/09_Metas/16/15/20190916155400_00160.jpg,datasets_flow/dataset_cropped/09_Metas/16/15/20190916155400_00160.jpg,datasets_cloudmask/dataset_cropped/09_Metas/16/15/20190916155400_00160.png,684,717.5,236.1,26.6,962
9/16/2019 15:55,datasets/dataset_cropped/09_Metas/16/15/20190916155500_00160.jpg,datasets_flow/dataset_cropped/09_Metas/16/15/20190916155500_00160.jpg,datasets_cloudmask/dataset_cropped/09_Metas/16/15/20190916155500_00160.png,684.1,706.6,245.2,26.7,962
9/16/2019 15:56,datasets/dataset_cropped/09_Metas/16/15/20190916155600_00160.jpg,datasets_flow/dataset_cropped/09_Metas/16/15/20190916155600_00160.jpg,datasets_cloudmask/dataset_cropped/09_Metas/16/15/20190916155600_00160.png,693.7,720.6,247.7,26.8,962
9/16/2019 15:57,datasets/dataset_cropped/09_Metas/16/15/20190916155700_00160.jpg,datasets_flow/dataset_cropped/09_Metas/16/15/20190916155700_00160.jpg,datasets_cloudmask/dataset_cropped/09_Metas/16/15/20190916155700_00160.png,679.8,719.5,236.1,27.1,962
9/16/2019 15:58,datasets/dataset_cropped/09_Metas/16/15/20190916155800_00160.jpg,datasets_flow/dataset_cropped/09_Metas/16/15/20190916155800_00160.jpg,datasets_cloudmask/dataset_cropped/09_Metas/16/15/20190916155800_00160.png,660.4,715.7,220.9,27.3,962
9/16/2019 15:59,datasets/dataset_cropped/09_Metas/16/15/20190916155900_00160.jpg,datasets_flow/dataset_cropped/09_Metas/16/15/20190916155900_00160.jpg,datasets_cloudmask/dataset_cropped/09_Metas/16/15/20190916155900_00160.png,653.6,713.5,217.1,27.2,962
9/16/2019 16:00,datasets/dataset_cropped/09_Metas/16/16/20190916160000_00160.jpg,datasets_flow/dataset_cropped/09_Metas/16/16/20190916160000_00160.jpg,datasets_cloudmask/dataset_cropped/09_Metas/16/16/20190916160000_00160.png,658.9,705.7,228.6,27,962
9/16/2019 16:01,datasets/dataset_cropped/09_Metas/16/16/20190916160100_00160.jpg,datasets_flow/dataset_cropped/09_Metas/16/16/20190916160100_00160.jpg,datasets_cloudmask/dataset_cropped/09_Metas/16/16/20190916160100_00160.png,655.9,696.1,232.9,26.8,962
9/16/2019 16:02,datasets/dataset_cropped/09_Metas/16/16/20190916160200_00160.jpg,datasets_flow/dataset_cropped/09_Metas/16/16/20190916160200_00160.jpg,datasets_cloudmask/dataset_cropped/09_Metas/16/16/20190916160200_00160.png,650.4,695.7,229.2,27.1,962
9/16/2019 16:03,datasets/dataset_cropped/09_Metas/16/16/20190916160300_00160.jpg,datasets_flow/dataset_cropped/09_Metas/16/16/20190916160300_00160.jpg,datasets_cloudmask/dataset_cropped/09_Metas/16/16/20190916160300_00160.png,648.4,697.1,228.3,27.2,962
9/16/2019 16:04,datasets/dataset_cropped/09_Metas/16/16/20190916160400_00160.jpg,datasets_flow/dataset_cropped/09_Metas/16/16/20190916160400_00160.jpg,datasets_cloudmask/dataset_cropped/09_Metas/16/16/20190916160400_00160.png,645.5,695.7,228.2,27.1,961
9/16/2019 16:05,datasets/dataset_cropped/09_Metas/16/16/20190916160500_00160.jpg,datasets_flow/dataset_cropped/09_Metas/16/16/20190916160500_00160.jpg,datasets_cloudmask/dataset_cropped/09_Metas/16/16/20190916160500_00160.png,639.8,689.8,228.1,26.8,962
9/16/2019 16:06,datasets/dataset_cropped/09_Metas/16/16/20190916160600_00160.jpg,datasets_flow/dataset_cropped/09_Metas/16/16/20190916160600_00160.jpg,datasets_cloudmask/dataset_cropped/09_Metas/16/16/20190916160600_00160.png,634.3,681.8,229.1,26.9,962
9/16/2019 16:07,datasets/dataset_cropped/09_Metas/16/16/20190916160700_00160.jpg,datasets_flow/dataset_cropped/09_Metas/16/16/20190916160700_00160.jpg,datasets_cloudmask/dataset_cropped/09_Metas/16/16/20190916160700_00160.png,629.8,676,229.8,27,962
9/16/2019 16:08,datasets/dataset_cropped/09_Metas/16/16/20190916160800_00160.jpg,datasets_flow/dataset_cropped/09_Metas/16/16/20190916160800_00160.jpg,datasets_cloudmask/dataset_cropped/09_Metas/16/16/20190916160800_00160.png,626.9,675.6,228.7,27,962
9/16/2019 16:09,datasets/dataset_cropped/09_Metas/16/16/20190916160900_00160.jpg,datasets_flow/dataset_cropped/09_Metas/16/16/20190916160900_00160.jpg,datasets_cloudmask/dataset_cropped/09_Metas/16/16/20190916160900_00160.png,627,678,229,27.2,962
9/16/2019 16:10,datasets/dataset_cropped/09_Metas/16/16/20190916161000_00160.jpg,datasets_flow/dataset_cropped/09_Metas/16/16/20190916161000_00160.jpg,datasets_cloudmask/dataset_cropped/09_Metas/16/16/20190916161000_00160.png,621,677.4,225,27.3,962
9/16/2019 16:11,datasets/dataset_cropped/09_Metas/16/16/20190916161100_00160.jpg,datasets_flow/dataset_cropped/09_Metas/16/16/20190916161100_00160.jpg,datasets_cloudmask/dataset_cropped/09_Metas/16/16/20190916161100_00160.png,621.7,677.3,227.5,27.4,962
9/16/2019 16:12,datasets/dataset_cropped/09_Metas/16/16/20190916161200_00160.jpg,datasets_flow/dataset_cropped/09_Metas/16/16/20190916161200_00160.jpg,datasets_cloudmask/dataset_cropped/09_Metas/16/16/20190916161200_00160.png,621.6,673.5,231.4,27.4,962
9/16/2019 16:13,datasets/dataset_cropped/09_Metas/16/16/20190916161300_00160.jpg,datasets_flow/dataset_cropped/09_Metas/16/16/20190916161300_00160.jpg,datasets_cloudmask/dataset_cropped/09_Metas/16/16/20190916161300_00160.png,625.4,670.4,238.8,27.4,962
9/16/2019 16:14,datasets/dataset_cropped/09_Metas/16/16/20190916161400_00160.jpg,datasets_flow/dataset_cropped/09_Metas/16/16/20190916161400_00160.jpg,datasets_cloudmask/dataset_cropped/09_Metas/16/16/20190916161400_00160.png,624.4,663,244,27.4,962
9/16/2019 16:15,datasets/dataset_cropped/09_Metas/16/16/20190916161500_00160.jpg,datasets_flow/dataset_cropped/09_Metas/16/16/20190916161500_00160.jpg,datasets_cloudmask/dataset_cropped/09_Metas/16/16/20190916161500_00160.png,621.9,657.6,246.4,27.5,961
9/16/2019 16:16,datasets/dataset_cropped/09_Metas/16/16/20190916161600_00160.jpg,datasets_flow/dataset_cropped/09_Metas/16/16/20190916161600_00160.jpg,datasets_cloudmask/dataset_cropped/09_Metas/16/16/20190916161600_00160.png,624.3,659.9,249.5,27.4,962
9/16/2019 16:17,datasets/dataset_cropped/09_Metas/16/16/20190916161700_00160.jpg,datasets_flow/dataset_cropped/09_Metas/16/16/20190916161700_00160.jpg,datasets_cloudmask/dataset_cropped/09_Metas/16/16/20190916161700_00160.png,632.4,659.3,259.5,27.3,962
9/16/2019 16:18,datasets/dataset_cropped/09_Metas/16/16/20190916161800_00160.jpg,datasets_flow/dataset_cropped/09_Metas/16/16/20190916161800_00160.jpg,datasets_cloudmask/dataset_cropped/09_Metas/16/16/20190916161800_00160.png,645,666.8,269.5,27.3,962
9/16/2019 16:19,datasets/dataset_cropped/09_Metas/16/16/20190916161900_00160.jpg,datasets_flow/dataset_cropped/09_Metas/16/16/20190916161900_00160.jpg,datasets_cloudmask/dataset_cropped/09_Metas/16/16/20190916161900_00160.png,641,663.3,269.3,27.2,962
9/16/2019 16:20,datasets/dataset_cropped/09_Metas/16/16/20190916162000_00160.jpg,datasets_flow/dataset_cropped/09_Metas/16/16/20190916162000_00160.jpg,datasets_cloudmask/dataset_cropped/09_Metas/16/16/20190916162000_00160.png,637.6,654.5,272.8,27.4,962
9/16/2019 16:21,datasets/dataset_cropped/09_Metas/16/16/20190916162100_00160.jpg,datasets_flow/dataset_cropped/09_Metas/16/16/20190916162100_00160.jpg,datasets_cloudmask/dataset_cropped/09_Metas/16/16/20190916162100_00160.png,646,647.1,287,27.6,962
9/16/2019 16:22,datasets/dataset_cropped/09_Metas/16/16/20190916162200_00160.jpg,datasets_flow/dataset_cropped/09_Metas/16/16/20190916162200_00160.jpg,datasets_cloudmask/dataset_cropped/09_Metas/16/16/20190916162200_00160.png,640.3,629.4,292.9,27.5,962
9/16/2019 16:23,datasets/dataset_cropped/09_Metas/16/16/20190916162300_00160.jpg,datasets_flow/dataset_cropped/09_Metas/16/16/20190916162300_00160.jpg,datasets_cloudmask/dataset_cropped/09_Metas/16/16/20190916162300_00160.png,627.6,611.7,291.4,27.1,962
9/16/2019 16:24,datasets/dataset_cropped/09_Metas/16/16/20190916162400_00160.jpg,datasets_flow/dataset_cropped/09_Metas/16/16/20190916162400_00160.jpg,datasets_cloudmask/dataset_cropped/09_Metas/16/16/20190916162400_00160.png,626.3,615.9,289.3,27.2,961
9/16/2019 16:25,datasets/dataset_cropped/09_Metas/16/16/20190916162500_00160.jpg,datasets_flow/dataset_cropped/09_Metas/16/16/20190916162500_00160.jpg,datasets_cloudmask/dataset_cropped/09_Metas/16/16/20190916162500_00160.png,621.7,621.2,283.4,27.1,961
9/16/2019 16:26,datasets/dataset_cropped/09_Metas/16/16/20190916162600_00160.jpg,datasets_flow/dataset_cropped/09_Metas/16/16/20190916162600_00160.jpg,datasets_cloudmask/dataset_cropped/09_Metas/16/16/20190916162600_00160.png,617,617.3,282.6,27,962
9/16/2019 16:27,datasets/dataset_cropped/09_Metas/16/16/20190916162700_00160.jpg,datasets_flow/dataset_cropped/09_Metas/16/16/20190916162700_00160.jpg,datasets_cloudmask/dataset_cropped/09_Metas/16/16/20190916162700_00160.png,620,616.9,287.5,26.9,961
9/16/2019 16:28,datasets/dataset_cropped/09_Metas/16/16/20190916162800_00160.jpg,datasets_flow/dataset_cropped/09_Metas/16/16/20190916162800_00160.jpg,datasets_cloudmask/dataset_cropped/09_Metas/16/16/20190916162800_00160.png,617.5,614.4,288,27,961
9/16/2019 16:29,datasets/dataset_cropped/09_Metas/16/16/20190916162900_00160.jpg,datasets_flow/dataset_cropped/09_Metas/16/16/20190916162900_00160.jpg,datasets_cloudmask/dataset_cropped/09_Metas/16/16/20190916162900_00160.png,618.1,617.6,288.2,27.2,961
9/16/2019 16:30,datasets/dataset_cropped/09_Metas/16/16/20190916163000_00160.jpg,datasets_flow/dataset_cropped/09_Metas/16/16/20190916163000_00160.jpg,datasets_cloudmask/dataset_cropped/09_Metas/16/16/20190916163000_00160.png,611,608.2,287.7,27.5,961
9/16/2019 16:31,datasets/dataset_cropped/09_Metas/16/16/20190916163100_00160.jpg,datasets_flow/dataset_cropped/09_Metas/16/16/20190916163100_00160.jpg,datasets_cloudmask/dataset_cropped/09_Metas/16/16/20190916163100_00160.png,610.8,605,291.2,27.6,961
9/16/2019 16:32,datasets/dataset_cropped/09_Metas/16/16/20190916163200_00160.jpg,datasets_flow/dataset_cropped/09_Metas/16/16/20190916163200_00160.jpg,datasets_cloudmask/dataset_cropped/09_Metas/16/16/20190916163200_00160.png,610.5,601.2,294.7,27.6,962
9/16/2019 16:33,datasets/dataset_cropped/09_Metas/16/16/20190916163300_00160.jpg,datasets_flow/dataset_cropped/09_Metas/16/16/20190916163300_00160.jpg,datasets_cloudmask/dataset_cropped/09_Metas/16/16/20190916163300_00160.png,604.6,592.4,294.5,27.4,961
9/16/2019 16:34,datasets/dataset_cropped/09_Metas/16/16/20190916163400_00160.jpg,datasets_flow/dataset_cropped/09_Metas/16/16/20190916163400_00160.jpg,datasets_cloudmask/dataset_cropped/09_Metas/16/16/20190916163400_00160.png,598.4,592.2,290,27.3,961
9/16/2019 16:35,datasets/dataset_cropped/09_Metas/16/16/20190916163500_00160.jpg,datasets_flow/dataset_cropped/09_Metas/16/16/20190916163500_00160.jpg,datasets_cloudmask/dataset_cropped/09_Metas/16/16/20190916163500_00160.png,582.7,589.7,276.9,27.2,961
9/16/2019 16:36,datasets/dataset_cropped/09_Metas/16/16/20190916163600_00160.jpg,datasets_flow/dataset_cropped/09_Metas/16/16/20190916163600_00160.jpg,datasets_cloudmask/dataset_cropped/09_Metas/16/16/20190916163600_00160.png,572.7,600,263.3,27.5,961
9/16/2019 16:37,datasets/dataset_cropped/09_Metas/16/16/20190916163700_00160.jpg,datasets_flow/dataset_cropped/09_Metas/16/16/20190916163700_00160.jpg,datasets_cloudmask/dataset_cropped/09_Metas/16/16/20190916163700_00160.png,572.1,602.9,262.8,27.4,961
9/16/2019 16:38,datasets/dataset_cropped/09_Metas/16/16/20190916163800_00160.jpg,datasets_flow/dataset_cropped/09_Metas/16/16/20190916163800_00160.jpg,datasets_cloudmask/dataset_cropped/09_Metas/16/16/20190916163800_00160.png,566.4,595.6,262,27.2,961
9/16/2019 16:39,datasets/dataset_cropped/09_Metas/16/16/20190916163900_00160.jpg,datasets_flow/dataset_cropped/09_Metas/16/16/20190916163900_00160.jpg,datasets_cloudmask/dataset_cropped/09_Metas/16/16/20190916163900_00160.png,559.9,593.3,257.8,27.2,961
9/16/2019 16:40,datasets/dataset_cropped/09_Metas/16/16/20190916164000_00160.jpg,datasets_flow/dataset_cropped/09_Metas/16/16/20190916164000_00160.jpg,datasets_cloudmask/dataset_cropped/09_Metas/16/16/20190916164000_00160.png,550.1,582.5,255.2,27.6,961
9/16/2019 16:41,datasets/dataset_cropped/09_Metas/16/16/20190916164100_00160.jpg,datasets_flow/dataset_cropped/09_Metas/16/16/20190916164100_00160.jpg,datasets_cloudmask/dataset_cropped/09_Metas/16/16/20190916164100_00160.png,553.9,585.9,258.8,27.7,961
9/16/2019 16:42,datasets/dataset_cropped/09_Metas/16/16/20190916164200_00160.jpg,datasets_flow/dataset_cropped/09_Metas/16/16/20190916164200_00160.jpg,datasets_cloudmask/dataset_cropped/09_Metas/16/16/20190916164200_00160.png,554.3,590,259,27.6,961
9/16/2019 16:43,datasets/dataset_cropped/09_Metas/16/16/20190916164300_00160.jpg,datasets_flow/dataset_cropped/09_Metas/16/16/20190916164300_00160.jpg,datasets_cloudmask/dataset_cropped/09_Metas/16/16/20190916164300_00160.png,556,592.6,261,27.7,961
9/16/2019 16:44,datasets/dataset_cropped/09_Metas/16/16/20190916164400_00160.jpg,datasets_flow/dataset_cropped/09_Metas/16/16/20190916164400_00160.jpg,datasets_cloudmask/dataset_cropped/09_Metas/16/16/20190916164400_00160.png,551.1,592.3,258.4,27.4,961
9/16/2019 16:45,datasets/dataset_cropped/09_Metas/16/16/20190916164500_00160.jpg,datasets_flow/dataset_cropped/09_Metas/16/16/20190916164500_00160.jpg,datasets_cloudmask/dataset_cropped/09_Metas/16/16/20190916164500_00160.png,545,585.8,257.5,27.2,961
9/16/2019 16:46,datasets/dataset_cropped/09_Metas/16/16/20190916164600_00160.jpg,datasets_flow/dataset_cropped/09_Metas/16/16/20190916164600_00160.jpg,datasets_cloudmask/dataset_cropped/09_Metas/16/16/20190916164600_00160.png,536.5,578.2,254.3,27.2,961
9/16/2019 16:47,datasets/dataset_cropped/09_Metas/16/16/20190916164700_00160.jpg,datasets_flow/dataset_cropped/09_Metas/16/16/20190916164700_00160.jpg,datasets_cloudmask/dataset_cropped/09_Metas/16/16/20190916164700_00160.png,529.3,566.1,254.7,27.1,961
9/16/2019 16:48,datasets/dataset_cropped/09_Metas/16/16/20190916164800_00160.jpg,datasets_flow/dataset_cropped/09_Metas/16/16/20190916164800_00160.jpg,datasets_cloudmask/dataset_cropped/09_Metas/16/16/20190916164800_00160.png,529.4,564,257.7,26.9,961
9/16/2019 16:49,datasets/dataset_cropped/09_Metas/16/16/20190916164900_00160.jpg,datasets_flow/dataset_cropped/09_Metas/16/16/20190916164900_00160.jpg,datasets_cloudmask/dataset_cropped/09_Metas/16/16/20190916164900_00160.png,528.3,562,259.5,26.9,961
9/16/2019 16:50,datasets/dataset_cropped/09_Metas/16/16/20190916165000_00160.jpg,datasets_flow/dataset_cropped/09_Metas/16/16/20190916165000_00160.jpg,datasets_cloudmask/dataset_cropped/09_Metas/16/16/20190916165000_00160.png,522.6,554.5,259.1,27,961
9/16/2019 16:51,datasets/dataset_cropped/09_Metas/16/16/20190916165100_00160.jpg,datasets_flow/dataset_cropped/09_Metas/16/16/20190916165100_00160.jpg,datasets_cloudmask/dataset_cropped/09_Metas/16/16/20190916165100_00160.png,515.2,548.7,256.4,27,961
9/16/2019 16:52,datasets/dataset_cropped/09_Metas/16/16/20190916165200_00160.jpg,datasets_flow/dataset_cropped/09_Metas/16/16/20190916165200_00160.jpg,datasets_cloudmask/dataset_cropped/09_Metas/16/16/20190916165200_00160.png,502.8,537.6,250.9,26.7,961
9/16/2019 16:53,datasets/dataset_cropped/09_Metas/16/16/20190916165300_00160.jpg,datasets_flow/dataset_cropped/09_Metas/16/16/20190916165300_00160.jpg,datasets_cloudmask/dataset_cropped/09_Metas/16/16/20190916165300_00160.png,506.2,548.2,250.4,26.7,961
9/16/2019 16:54,datasets/dataset_cropped/09_Metas/16/16/20190916165400_00160.jpg,datasets_flow/dataset_cropped/09_Metas/16/16/20190916165400_00160.jpg,datasets_cloudmask/dataset_cropped/09_Metas/16/16/20190916165400_00160.png,503.6,547.1,249.9,26.8,961
9/16/2019 16:55,datasets/dataset_cropped/09_Metas/16/16/20190916165500_00160.jpg,datasets_flow/dataset_cropped/09_Metas/16/16/20190916165500_00160.jpg,datasets_cloudmask/dataset_cropped/09_Metas/16/16/20190916165500_00160.png,499.6,549.2,246.2,27.1,961
9/16/2019 16:56,datasets/dataset_cropped/09_Metas/16/16/20190916165600_00160.jpg,datasets_flow/dataset_cropped/09_Metas/16/16/20190916165600_00160.jpg,datasets_cloudmask/dataset_cropped/09_Metas/16/16/20190916165600_00160.png,499.5,550.1,247.4,27.1,961
9/16/2019 16:57,datasets/dataset_cropped/09_Metas/16/16/20190916165700_00160.jpg,datasets_flow/dataset_cropped/09_Metas/16/16/20190916165700_00160.jpg,datasets_cloudmask/dataset_cropped/09_Metas/16/16/20190916165700_00160.png,498.8,542.3,251.9,27.2,961
9/16/2019 16:58,datasets/dataset_cropped/09_Metas/16/16/20190916165800_00160.jpg,datasets_flow/dataset_cropped/09_Metas/16/16/20190916165800_00160.jpg,datasets_cloudmask/dataset_cropped/09_Metas/16/16/20190916165800_00160.png,496.6,542.6,250.8,27.4,961
9/16/2019 16:59,datasets/dataset_cropped/09_Metas/16/16/20190916165900_00160.jpg,datasets_flow/dataset_cropped/09_Metas/16/16/20190916165900_00160.jpg,datasets_cloudmask/dataset_cropped/09_Metas/16/16/20190916165900_00160.png,490.6,540.4,247.3,27.5,961
9/16/2019 17:00,datasets/dataset_cropped/09_Metas/16/17/20190916170000_00160.jpg,datasets_flow/dataset_cropped/09_Metas/16/17/20190916170000_00160.jpg,datasets_cloudmask/dataset_cropped/09_Metas/16/17/20190916170000_00160.png,483.5,531.9,245.7,27.3,961
9/16/2019 17:01,datasets/dataset_cropped/09_Metas/16/17/20190916170100_00160.jpg,datasets_flow/dataset_cropped/09_Metas/16/17/20190916170100_00160.jpg,datasets_cloudmask/dataset_cropped/09_Metas/16/17/20190916170100_00160.png,479.5,524.4,246.9,27.1,961
9/16/2019 17:02,datasets/dataset_cropped/09_Metas/16/17/20190916170200_00160.jpg,datasets_flow/dataset_cropped/09_Metas/16/17/20190916170200_00160.jpg,datasets_cloudmask/dataset_cropped/09_Metas/16/17/20190916170200_00160.png,480,521.7,250.3,26.9,961
9/16/2019 17:03,datasets/dataset_cropped/09_Metas/16/17/20190916170300_00160.jpg,datasets_flow/dataset_cropped/09_Metas/16/17/20190916170300_00160.jpg,datasets_cloudmask/dataset_cropped/09_Metas/16/17/20190916170300_00160.png,478.1,520.2,250.7,27,961
9/16/2019 17:04,datasets/dataset_cropped/09_Metas/16/17/20190916170400_00160.jpg,datasets_flow/dataset_cropped/09_Metas/16/17/20190916170400_00160.jpg,datasets_cloudmask/dataset_cropped/09_Metas/16/17/20190916170400_00160.png,474.8,513.5,251.9,27,961
9/16/2019 17:05,datasets/dataset_cropped/09_Metas/16/17/20190916170500_00160.jpg,datasets_flow/dataset_cropped/09_Metas/16/17/20190916170500_00160.jpg,datasets_cloudmask/dataset_cropped/09_Metas/16/17/20190916170500_00160.png,466.7,510.3,246.9,27,961
9/16/2019 17:06,datasets/dataset_cropped/09_Metas/16/17/20190916170600_00160.jpg,datasets_flow/dataset_cropped/09_Metas/16/17/20190916170600_00160.jpg,datasets_cloudmask/dataset_cropped/09_Metas/16/17/20190916170600_00160.png,462.1,511.5,243.1,26.8,961
9/16/2019 17:07,datasets/dataset_cropped/09_Metas/16/17/20190916170700_00160.jpg,datasets_flow/dataset_cropped/09_Metas/16/17/20190916170700_00160.jpg,datasets_cloudmask/dataset_cropped/09_Metas/16/17/20190916170700_00160.png,455.3,509.6,238.4,26.7,961
9/16/2019 17:08,datasets/dataset_cropped/09_Metas/16/17/20190916170800_00160.jpg,datasets_flow/dataset_cropped/09_Metas/16/17/20190916170800_00160.jpg,datasets_cloudmask/dataset_cropped/09_Metas/16/17/20190916170800_00160.png,447.9,511.1,231.9,26.4,961
9/16/2019 17:09,datasets/dataset_cropped/09_Metas/16/17/20190916170900_00160.jpg,datasets_flow/dataset_cropped/09_Metas/16/17/20190916170900_00160.jpg,datasets_cloudmask/dataset_cropped/09_Metas/16/17/20190916170900_00160.png,442.7,507.9,229.6,26.4,961
9/16/2019 17:10,datasets/dataset_cropped/09_Metas/16/17/20190916171000_00160.jpg,datasets_flow/dataset_cropped/09_Metas/16/17/20190916171000_00160.jpg,datasets_cloudmask/dataset_cropped/09_Metas/16/17/20190916171000_00160.png,439.3,503.5,229.5,26.4,961
9/16/2019 17:11,datasets/dataset_cropped/09_Metas/16/17/20190916171100_00160.jpg,datasets_flow/dataset_cropped/09_Metas/16/17/20190916171100_00160.jpg,datasets_cloudmask/dataset_cropped/09_Metas/16/17/20190916171100_00160.png,425.8,496.4,220.8,26.5,961
9/16/2019 17:12,datasets/dataset_cropped/09_Metas/16/17/20190916171200_00160.jpg,datasets_flow/dataset_cropped/09_Metas/16/17/20190916171200_00160.jpg,datasets_cloudmask/dataset_cropped/09_Metas/16/17/20190916171200_00160.png,408.8,485.5,209.8,26.6,961
9/16/2019 17:13,datasets/dataset_cropped/09_Metas/16/17/20190916171300_00160.jpg,datasets_flow/dataset_cropped/09_Metas/16/17/20190916171300_00160.jpg,datasets_cloudmask/dataset_cropped/09_Metas/16/17/20190916171300_00160.png,393.8,477.9,199.4,26.5,961
9/16/2019 17:14,datasets/dataset_cropped/09_Metas/16/17/20190916171400_00160.jpg,datasets_flow/dataset_cropped/09_Metas/16/17/20190916171400_00160.jpg,datasets_cloudmask/dataset_cropped/09_Metas/16/17/20190916171400_00160.png,389.8,472.9,198.9,26.5,961
9/16/2019 17:15,datasets/dataset_cropped/09_Metas/16/17/20190916171500_00160.jpg,datasets_flow/dataset_cropped/09_Metas/16/17/20190916171500_00160.jpg,datasets_cloudmask/dataset_cropped/09_Metas/16/17/20190916171500_00160.png,390,472.9,200.6,26.8,961
9/16/2019 17:16,datasets/dataset_cropped/09_Metas/16/17/20190916171600_00160.jpg,datasets_flow/dataset_cropped/09_Metas/16/17/20190916171600_00160.jpg,datasets_cloudmask/dataset_cropped/09_Metas/16/17/20190916171600_00160.png,391.8,474,203.6,26.8,961
9/16/2019 17:17,datasets/dataset_cropped/09_Metas/16/17/20190916171700_00160.jpg,datasets_flow/dataset_cropped/09_Metas/16/17/20190916171700_00160.jpg,datasets_cloudmask/dataset_cropped/09_Metas/16/17/20190916171700_00160.png,398.2,475.8,210.9,26.8,961
9/16/2019 17:18,datasets/dataset_cropped/09_Metas/16/17/20190916171800_00160.jpg,datasets_flow/dataset_cropped/09_Metas/16/17/20190916171800_00160.jpg,datasets_cloudmask/dataset_cropped/09_Metas/16/17/20190916171800_00160.png,402.7,480.2,215.3,26.4,961
9/16/2019 17:19,datasets/dataset_cropped/09_Metas/16/17/20190916171900_00160.jpg,datasets_flow/dataset_cropped/09_Metas/16/17/20190916171900_00160.jpg,datasets_cloudmask/dataset_cropped/09_Metas/16/17/20190916171900_00160.png,402.3,477.9,217.5,26.2,961
9/16/2019 17:20,datasets/dataset_cropped/09_Metas/16/17/20190916172000_00160.jpg,datasets_flow/dataset_cropped/09_Metas/16/17/20190916172000_00160.jpg,datasets_cloudmask/dataset_cropped/09_Metas/16/17/20190916172000_00160.png,399.6,475.6,217.2,26.2,961
9/16/2019 17:21,datasets/dataset_cropped/09_Metas/16/17/20190916172100_00160.jpg,datasets_flow/dataset_cropped/09_Metas/16/17/20190916172100_00160.jpg,datasets_cloudmask/dataset_cropped/09_Metas/16/17/20190916172100_00160.png,395.2,470.9,215.8,26.3,961
9/16/2019 17:22,datasets/dataset_cropped/09_Metas/16/17/20190916172200_00160.jpg,datasets_flow/dataset_cropped/09_Metas/16/17/20190916172200_00160.jpg,datasets_cloudmask/dataset_cropped/09_Metas/16/17/20190916172200_00160.png,391,463.4,215.9,26.3,961
9/16/2019 17:23,datasets/dataset_cropped/09_Metas/16/17/20190916172300_00160.jpg,datasets_flow/dataset_cropped/09_Metas/16/17/20190916172300_00160.jpg,datasets_cloudmask/dataset_cropped/09_Metas/16/17/20190916172300_00160.png,387.8,456.6,216.5,26.3,961
9/16/2019 17:24,datasets/dataset_cropped/09_Metas/16/17/20190916172400_00160.jpg,datasets_flow/dataset_cropped/09_Metas/16/17/20190916172400_00160.jpg,datasets_cloudmask/dataset_cropped/09_Metas/16/17/20190916172400_00160.png,384.1,456.7,214.1,26.4,961
9/16/2019 17:25,datasets/dataset_cropped/09_Metas/16/17/20190916172500_00160.jpg,datasets_flow/dataset_cropped/09_Metas/16/17/20190916172500_00160.jpg,datasets_cloudmask/dataset_cropped/09_Metas/16/17/20190916172500_00160.png,377.6,453.7,210.3,26.6,961
9/16/2019 17:26,datasets/dataset_cropped/09_Metas/16/17/20190916172600_00160.jpg,datasets_flow/dataset_cropped/09_Metas/16/17/20190916172600_00160.jpg,datasets_cloudmask/dataset_cropped/09_Metas/16/17/20190916172600_00160.png,370.1,448.2,206.2,26.3,961
9/16/2019 17:27,datasets/dataset_cropped/09_Metas/16/17/20190916172700_00160.jpg,datasets_flow/dataset_cropped/09_Metas/16/17/20190916172700_00160.jpg,datasets_cloudmask/dataset_cropped/09_Metas/16/17/20190916172700_00160.png,361.1,427.7,206.2,26.3,961
9/16/2019 17:28,datasets/dataset_cropped/09_Metas/16/17/20190916172800_00160.jpg,datasets_flow/dataset_cropped/09_Metas/16/17/20190916172800_00160.jpg,datasets_cloudmask/dataset_cropped/09_Metas/16/17/20190916172800_00160.png,359.1,421.7,208,26.4,961
9/16/2019 17:29,datasets/dataset_cropped/09_Metas/16/17/20190916172900_00160.jpg,datasets_flow/dataset_cropped/09_Metas/16/17/20190916172900_00160.jpg,datasets_cloudmask/dataset_cropped/09_Metas/16/17/20190916172900_00160.png,360.2,424.4,209.5,26.4,961
9/16/2019 17:30,datasets/dataset_cropped/09_Metas/16/17/20190916173000_00160.jpg,datasets_flow/dataset_cropped/09_Metas/16/17/20190916173000_00160.jpg,datasets_cloudmask/dataset_cropped/09_Metas/16/17/20190916173000_00160.png,354.9,420.4,207.1,26.4,961
9/16/2019 17:31,datasets/dataset_cropped/09_Metas/16/17/20190916173100_00160.jpg,datasets_flow/dataset_cropped/09_Metas/16/17/20190916173100_00160.jpg,datasets_cloudmask/dataset_cropped/09_Metas/16/17/20190916173100_00160.png,345.3,405.6,204,26.6,961
9/16/2019 17:32,datasets/dataset_cropped/09_Metas/16/17/20190916173200_00160.jpg,datasets_flow/dataset_cropped/09_Metas/16/17/20190916173200_00160.jpg,datasets_cloudmask/dataset_cropped/09_Metas/16/17/20190916173200_00160.png,334.8,387.5,201.2,26.5,961
9/16/2019 17:33,datasets/dataset_cropped/09_Metas/16/17/20190916173300_00160.jpg,datasets_flow/dataset_cropped/09_Metas/16/17/20190916173300_00160.jpg,datasets_cloudmask/dataset_cropped/09_Metas/16/17/20190916173300_00160.png,322.2,368.5,196.1,26.4,961
9/16/2019 17:34,datasets/dataset_cropped/09_Metas/16/17/20190916173400_00160.jpg,datasets_flow/dataset_cropped/09_Metas/16/17/20190916173400_00160.jpg,datasets_cloudmask/dataset_cropped/09_Metas/16/17/20190916173400_00160.png,307.1,345.4,189.8,26.5,961
9/16/2019 17:35,datasets/dataset_cropped/09_Metas/16/17/20190916173500_00160.jpg,datasets_flow/dataset_cropped/09_Metas/16/17/20190916173500_00160.jpg,datasets_cloudmask/dataset_cropped/09_Metas/16/17/20190916173500_00160.png,295.8,334.7,183,26.6,961
9/16/2019 17:36,datasets/dataset_cropped/09_Metas/16/17/20190916173600_00160.jpg,datasets_flow/dataset_cropped/09_Metas/16/17/20190916173600_00160.jpg,datasets_cloudmask/dataset_cropped/09_Metas/16/17/20190916173600_00160.png,289.4,333.3,178.2,26.4,961
9/16/2019 17:37,datasets/dataset_cropped/09_Metas/16/17/20190916173700_00160.jpg,datasets_flow/dataset_cropped/09_Metas/16/17/20190916173700_00160.jpg,datasets_cloudmask/dataset_cropped/09_Metas/16/17/20190916173700_00160.png,278.5,320.7,172.6,26.2,961
9/16/2019 17:38,datasets/dataset_cropped/09_Metas/16/17/20190916173800_00160.jpg,datasets_flow/dataset_cropped/09_Metas/16/17/20190916173800_00160.jpg,datasets_cloudmask/dataset_cropped/09_Metas/16/17/20190916173800_00160.png,276.3,321.8,170.9,26.2,961
9/16/2019 17:39,datasets/dataset_cropped/09_Metas/16/17/20190916173900_00160.jpg,datasets_flow/dataset_cropped/09_Metas/16/17/20190916173900_00160.jpg,datasets_cloudmask/dataset_cropped/09_Metas/16/17/20190916173900_00160.png,271.3,305.8,172,26.1,961
9/16/2019 17:40,datasets/dataset_cropped/09_Metas/16/17/20190916174000_00160.jpg,datasets_flow/dataset_cropped/09_Metas/16/17/20190916174000_00160.jpg,datasets_cloudmask/dataset_cropped/09_Metas/16/17/20190916174000_00160.png,270.6,303.5,173.2,25.9,961
9/16/2019 17:41,datasets/dataset_cropped/09_Metas/16/17/20190916174100_00160.jpg,datasets_flow/dataset_cropped/09_Metas/16/17/20190916174100_00160.jpg,datasets_cloudmask/dataset_cropped/09_Metas/16/17/20190916174100_00160.png,268.3,305.6,171.2,26,962
9/16/2019 17:42,datasets/dataset_cropped/09_Metas/16/17/20190916174200_00160.jpg,datasets_flow/dataset_cropped/09_Metas/16/17/20190916174200_00160.jpg,datasets_cloudmask/dataset_cropped/09_Metas/16/17/20190916174200_00160.png,267.6,322.9,166,25.9,961
9/16/2019 17:43,datasets/dataset_cropped/09_Metas/16/17/20190916174300_00160.jpg,datasets_flow/dataset_cropped/09_Metas/16/17/20190916174300_00160.jpg,datasets_cloudmask/dataset_cropped/09_Metas/16/17/20190916174300_00160.png,266.1,325.2,164.8,25.9,961
9/16/2019 17:44,datasets/dataset_cropped/09_Metas/16/17/20190916174400_00160.jpg,datasets_flow/dataset_cropped/09_Metas/16/17/20190916174400_00160.jpg,datasets_cloudmask/dataset_cropped/09_Metas/16/17/20190916174400_00160.png,273.3,345.8,166.9,25.8,962
9/16/2019 17:45,datasets/dataset_cropped/09_Metas/16/17/20190916174500_00160.jpg,datasets_flow/dataset_cropped/09_Metas/16/17/20190916174500_00160.jpg,datasets_cloudmask/dataset_cropped/09_Metas/16/17/20190916174500_00160.png,277.9,350.2,171.4,25.8,961
9/16/2019 17:46,datasets/dataset_cropped/09_Metas/16/17/20190916174600_00160.jpg,datasets_flow/dataset_cropped/09_Metas/16/17/20190916174600_00160.jpg,datasets_cloudmask/dataset_cropped/09_Metas/16/17/20190916174600_00160.png,281.4,343.2,178.2,25.8,962
9/16/2019 17:47,datasets/dataset_cropped/09_Metas/16/17/20190916174700_00160.jpg,datasets_flow/dataset_cropped/09_Metas/16/17/20190916174700_00160.jpg,datasets_cloudmask/dataset_cropped/09_Metas/16/17/20190916174700_00160.png,282.9,332.4,184.1,25.8,962
9/16/2019 17:48,datasets/dataset_cropped/09_Metas/16/17/20190916174800_00160.jpg,datasets_flow/dataset_cropped/09_Metas/16/17/20190916174800_00160.jpg,datasets_cloudmask/dataset_cropped/09_Metas/16/17/20190916174800_00160.png,280.7,329.6,183.9,25.8,962
9/16/2019 17:49,datasets/dataset_cropped/09_Metas/16/17/20190916174900_00160.jpg,datasets_flow/dataset_cropped/09_Metas/16/17/20190916174900_00160.jpg,datasets_cloudmask/dataset_cropped/09_Metas/16/17/20190916174900_00160.png,273.4,322.1,179.8,25.7,961
9/16/2019 17:50,datasets/dataset_cropped/09_Metas/16/17/20190916175000_00160.jpg,datasets_flow/dataset_cropped/09_Metas/16/17/20190916175000_00160.jpg,datasets_cloudmask/dataset_cropped/09_Metas/16/17/20190916175000_00160.png,268.3,316.2,177.4,25.7,961
9/16/2019 17:51,datasets/dataset_cropped/09_Metas/16/17/20190916175100_00160.jpg,datasets_flow/dataset_cropped/09_Metas/16/17/20190916175100_00160.jpg,datasets_cloudmask/dataset_cropped/09_Metas/16/17/20190916175100_00160.png,264.5,310.7,176.2,25.7,961
9/16/2019 17:52,datasets/dataset_cropped/09_Metas/16/17/20190916175200_00160.jpg,datasets_flow/dataset_cropped/09_Metas/16/17/20190916175200_00160.jpg,datasets_cloudmask/dataset_cropped/09_Metas/16/17/20190916175200_00160.png,256.7,293.5,174.2,25.6,962
9/16/2019 17:53,datasets/dataset_cropped/09_Metas/16/17/20190916175300_00160.jpg,datasets_flow/dataset_cropped/09_Metas/16/17/20190916175300_00160.jpg,datasets_cloudmask/dataset_cropped/09_Metas/16/17/20190916175300_00160.png,255,302.1,171,25.4,961
9/16/2019 17:54,datasets/dataset_cropped/09_Metas/16/17/20190916175400_00160.jpg,datasets_flow/dataset_cropped/09_Metas/16/17/20190916175400_00160.jpg,datasets_cloudmask/dataset_cropped/09_Metas/16/17/20190916175400_00160.png,254.3,310,169.2,25.2,961
9/16/2019 17:55,datasets/dataset_cropped/09_Metas/16/17/20190916175500_00160.jpg,datasets_flow/dataset_cropped/09_Metas/16/17/20190916175500_00160.jpg,datasets_cloudmask/dataset_cropped/09_Metas/16/17/20190916175500_00160.png,255.2,315.1,170,25.1,961
9/16/2019 17:56,datasets/dataset_cropped/09_Metas/16/17/20190916175600_00160.jpg,datasets_flow/dataset_cropped/09_Metas/16/17/20190916175600_00160.jpg,datasets_cloudmask/dataset_cropped/09_Metas/16/17/20190916175600_00160.png,256.7,317.1,172.1,25.2,961
9/16/2019 17:57,datasets/dataset_cropped/09_Metas/16/17/20190916175700_00160.jpg,datasets_flow/dataset_cropped/09_Metas/16/17/20190916175700_00160.jpg,datasets_cloudmask/dataset_cropped/09_Metas/16/17/20190916175700_00160.png,258.3,317.9,174.7,25.5,962
9/16/2019 17:58,datasets/dataset_cropped/09_Metas/16/17/20190916175800_00160.jpg,datasets_flow/dataset_cropped/09_Metas/16/17/20190916175800_00160.jpg,datasets_cloudmask/dataset_cropped/09_Metas/16/17/20190916175800_00160.png,259.6,305.7,180.4,25.4,961
9/16/2019 17:59,datasets/dataset_cropped/09_Metas/16/17/20190916175900_00160.jpg,datasets_flow/dataset_cropped/09_Metas/16/17/20190916175900_00160.jpg,datasets_cloudmask/dataset_cropped/09_Metas/16/17/20190916175900_00160.png,260.5,297.1,184.4,25.4,961
9/16/2019 18:00,datasets/dataset_cropped/09_Metas/16/18/20190916180000_00160.jpg,datasets_flow/dataset_cropped/09_Metas/16/18/20190916180000_00160.jpg,datasets_cloudmask/dataset_cropped/09_Metas/16/18/20190916180000_00160.png,260.4,300.8,184.3,25.7,962
9/16/2019 18:01,datasets/dataset_cropped/09_Metas/16/18/20190916180100_00160.jpg,datasets_flow/dataset_cropped/09_Metas/16/18/20190916180100_00160.jpg,datasets_cloudmask/dataset_cropped/09_Metas/16/18/20190916180100_00160.png,248.2,276.4,179.1,25.6,962
9/16/2019 18:02,datasets/dataset_cropped/09_Metas/16/18/20190916180200_00160.jpg,datasets_flow/dataset_cropped/09_Metas/16/18/20190916180200_00160.jpg,datasets_cloudmask/dataset_cropped/09_Metas/16/18/20190916180200_00160.png,232.3,255.9,169,25.6,962
9/16/2019 18:03,datasets/dataset_cropped/09_Metas/16/18/20190916180300_00160.jpg,datasets_flow/dataset_cropped/09_Metas/16/18/20190916180300_00160.jpg,datasets_cloudmask/dataset_cropped/09_Metas/16/18/20190916180300_00160.png,224,262.2,159.8,25.6,962
9/16/2019 18:04,datasets/dataset_cropped/09_Metas/16/18/20190916180400_00160.jpg,datasets_flow/dataset_cropped/09_Metas/16/18/20190916180400_00160.jpg,datasets_cloudmask/dataset_cropped/09_Metas/16/18/20190916180400_00160.png,217.9,266.3,153.7,25.5,962
9/16/2019 18:05,datasets/dataset_cropped/09_Metas/16/18/20190916180500_00160.jpg,datasets_flow/dataset_cropped/09_Metas/16/18/20190916180500_00160.jpg,datasets_cloudmask/dataset_cropped/09_Metas/16/18/20190916180500_00160.png,208.4,271.3,143.9,25.4,962
9/16/2019 18:06,datasets/dataset_cropped/09_Metas/16/18/20190916180600_00160.jpg,datasets_flow/dataset_cropped/09_Metas/16/18/20190916180600_00160.jpg,datasets_cloudmask/dataset_cropped/09_Metas/16/18/20190916180600_00160.png,193.8,249.4,135.3,25.3,962
9/16/2019 18:07,datasets/dataset_cropped/09_Metas/16/18/20190916180700_00160.jpg,datasets_flow/dataset_cropped/09_Metas/16/18/20190916180700_00160.jpg,datasets_cloudmask/dataset_cropped/09_Metas/16/18/20190916180700_00160.png,179.6,232,125.8,25.3,962
9/16/2019 18:08,datasets/dataset_cropped/09_Metas/16/18/20190916180800_00160.jpg,datasets_flow/dataset_cropped/09_Metas/16/18/20190916180800_00160.jpg,datasets_cloudmask/dataset_cropped/09_Metas/16/18/20190916180800_00160.png,160.7,194.9,116.2,25.2,962
9/16/2019 18:09,datasets/dataset_cropped/09_Metas/16/18/20190916180900_00160.jpg,datasets_flow/dataset_cropped/09_Metas/16/18/20190916180900_00160.jpg,datasets_cloudmask/dataset_cropped/09_Metas/16/18/20190916180900_00160.png,165.2,240,111.2,25.1,962
9/16/2019 18:10,datasets/dataset_cropped/09_Metas/16/18/20190916181000_00160.jpg,datasets_flow/dataset_cropped/09_Metas/16/18/20190916181000_00160.jpg,datasets_cloudmask/dataset_cropped/09_Metas/16/18/20190916181000_00160.png,165.7,251.7,110,24.9,962
9/16/2019 18:11,datasets/dataset_cropped/09_Metas/16/18/20190916181100_00160.jpg,datasets_flow/dataset_cropped/09_Metas/16/18/20190916181100_00160.jpg,datasets_cloudmask/dataset_cropped/09_Metas/16/18/20190916181100_00160.png,162.1,242.5,109.3,24.9,962
9/16/2019 18:12,datasets/dataset_cropped/09_Metas/16/18/20190916181200_00160.jpg,datasets_flow/dataset_cropped/09_Metas/16/18/20190916181200_00160.jpg,datasets_cloudmask/dataset_cropped/09_Metas/16/18/20190916181200_00160.png,154.1,209.5,109.1,25,962
9/16/2019 18:13,datasets/dataset_cropped/09_Metas/16/18/20190916181300_00160.jpg,datasets_flow/dataset_cropped/09_Metas/16/18/20190916181300_00160.jpg,datasets_cloudmask/dataset_cropped/09_Metas/16/18/20190916181300_00160.png,150.6,204.5,107.4,25.2,962
9/16/2019 18:14,datasets/dataset_cropped/09_Metas/16/18/20190916181400_00160.jpg,datasets_flow/dataset_cropped/09_Metas/16/18/20190916181400_00160.jpg,datasets_cloudmask/dataset_cropped/09_Metas/16/18/20190916181400_00160.png,150.6,218.3,105.2,25.1,962
9/16/2019 18:15,datasets/dataset_cropped/09_Metas/16/18/20190916181500_00160.jpg,datasets_flow/dataset_cropped/09_Metas/16/18/20190916181500_00160.jpg,datasets_cloudmask/dataset_cropped/09_Metas/16/18/20190916181500_00160.png,147.3,218,102.7,25.1,962
9/16/2019 18:16,datasets/dataset_cropped/09_Metas/16/18/20190916181600_00160.jpg,datasets_flow/dataset_cropped/09_Metas/16/18/20190916181600_00160.jpg,datasets_cloudmask/dataset_cropped/09_Metas/16/18/20190916181600_00160.png,138.8,204.2,97.9,25.2,962
9/16/2019 18:17,datasets/dataset_cropped/09_Metas/16/18/20190916181700_00160.jpg,datasets_flow/dataset_cropped/09_Metas/16/18/20190916181700_00160.jpg,datasets_cloudmask/dataset_cropped/09_Metas/16/18/20190916181700_00160.png,118.4,145.2,89.7,25,962
9/16/2019 18:18,datasets/dataset_cropped/09_Metas/16/18/20190916181800_00160.jpg,datasets_flow/dataset_cropped/09_Metas/16/18/20190916181800_00160.jpg,datasets_cloudmask/dataset_cropped/09_Metas/16/18/20190916181800_00160.png,113.7,158.4,82.9,24.8,962
9/16/2019 18:19,datasets/dataset_cropped/09_Metas/16/18/20190916181900_00160.jpg,datasets_flow/dataset_cropped/09_Metas/16/18/20190916181900_00160.jpg,datasets_cloudmask/dataset_cropped/09_Metas/16/18/20190916181900_00160.png,106.9,152.8,77.7,24.7,962
9/16/2019 18:20,datasets/dataset_cropped/09_Metas/16/18/20190916182000_00160.jpg,datasets_flow/dataset_cropped/09_Metas/16/18/20190916182000_00160.jpg,datasets_cloudmask/dataset_cropped/09_Metas/16/18/20190916182000_00160.png,114.1,192.1,78,24.7,962
9/16/2019 18:21,datasets/dataset_cropped/09_Metas/16/18/20190916182100_00160.jpg,datasets_flow/dataset_cropped/09_Metas/16/18/20190916182100_00160.jpg,datasets_cloudmask/dataset_cropped/09_Metas/16/18/20190916182100_00160.png,113.1,182.7,79.4,24.7,962
9/16/2019 18:22,datasets/dataset_cropped/09_Metas/16/18/20190916182200_00160.jpg,datasets_flow/dataset_cropped/09_Metas/16/18/20190916182200_00160.jpg,datasets_cloudmask/dataset_cropped/09_Metas/16/18/20190916182200_00160.png,113,181.8,80.1,24.6,962
9/16/2019 18:23,datasets/dataset_cropped/09_Metas/16/18/20190916182300_00160.jpg,datasets_flow/dataset_cropped/09_Metas/16/18/20190916182300_00160.jpg,datasets_cloudmask/dataset_cropped/09_Metas/16/18/20190916182300_00160.png,108.8,165.1,79.6,24.7,962
9/16/2019 18:24,datasets/dataset_cropped/09_Metas/16/18/20190916182400_00160.jpg,datasets_flow/dataset_cropped/09_Metas/16/18/20190916182400_00160.jpg,datasets_cloudmask/dataset_cropped/09_Metas/16/18/20190916182400_00160.png,109.8,174.8,79.5,24.8,962
9/16/2019 18:25,datasets/dataset_cropped/09_Metas/16/18/20190916182500_00160.jpg,datasets_flow/dataset_cropped/09_Metas/16/18/20190916182500_00160.jpg,datasets_cloudmask/dataset_cropped/09_Metas/16/18/20190916182500_00160.png,108.7,171.8,79.4,24.8,962
9/16/2019 18:26,datasets/dataset_cropped/09_Metas/16/18/20190916182600_00160.jpg,datasets_flow/dataset_cropped/09_Metas/16/18/20190916182600_00160.jpg,datasets_cloudmask/dataset_cropped/09_Metas/16/18/20190916182600_00160.png,106.6,163.1,79.4,24.8,962
9/16/2019 18:27,datasets/dataset_cropped/09_Metas/16/18/20190916182700_00160.jpg,datasets_flow/dataset_cropped/09_Metas/16/18/20190916182700_00160.jpg,datasets_cloudmask/dataset_cropped/09_Metas/16/18/20190916182700_00160.png,103.8,151.4,79,24.9,962
9/16/2019 18:28,datasets/dataset_cropped/09_Metas/16/18/20190916182800_00160.jpg,datasets_flow/dataset_cropped/09_Metas/16/18/20190916182800_00160.jpg,datasets_cloudmask/dataset_cropped/09_Metas/16/18/20190916182800_00160.png,100.1,134.9,78.5,24.8,962
9/16/2019 18:29,datasets/dataset_cropped/09_Metas/16/18/20190916182900_00160.jpg,datasets_flow/dataset_cropped/09_Metas/16/18/20190916182900_00160.jpg,datasets_cloudmask/dataset_cropped/09_Metas/16/18/20190916182900_00160.png,99.9,135.8,78.7,24.8,962
9/16/2019 18:30,datasets/dataset_cropped/09_Metas/16/18/20190916183000_00160.jpg,datasets_flow/dataset_cropped/09_Metas/16/18/20190916183000_00160.jpg,datasets_cloudmask/dataset_cropped/09_Metas/16/18/20190916183000_00160.png,100.5,139.6,79.3,24.7,962
9/16/2019 18:31,datasets/dataset_cropped/09_Metas/16/18/20190916183100_00160.jpg,datasets_flow/dataset_cropped/09_Metas/16/18/20190916183100_00160.jpg,datasets_cloudmask/dataset_cropped/09_Metas/16/18/20190916183100_00160.png,98.9,133.2,79.1,24.7,962
9/16/2019 18:32,datasets/dataset_cropped/09_Metas/16/18/20190916183200_00160.jpg,datasets_flow/dataset_cropped/09_Metas/16/18/20190916183200_00160.jpg,datasets_cloudmask/dataset_cropped/09_Metas/16/18/20190916183200_00160.png,94.1,116.9,77.1,24.6,962
9/16/2019 18:33,datasets/dataset_cropped/09_Metas/16/18/20190916183300_00160.jpg,datasets_flow/dataset_cropped/09_Metas/16/18/20190916183300_00160.jpg,datasets_cloudmask/dataset_cropped/09_Metas/16/18/20190916183300_00160.png,91.1,121.3,73.9,24.6,962
9/16/2019 18:34,datasets/dataset_cropped/09_Metas/16/18/20190916183400_00160.jpg,datasets_flow/dataset_cropped/09_Metas/16/18/20190916183400_00160.jpg,datasets_cloudmask/dataset_cropped/09_Metas/16/18/20190916183400_00160.png,88.5,118.7,72,24.5,962
9/16/2019 18:35,datasets/dataset_cropped/09_Metas/16/18/20190916183500_00160.jpg,datasets_flow/dataset_cropped/09_Metas/16/18/20190916183500_00160.jpg,datasets_cloudmask/dataset_cropped/09_Metas/16/18/20190916183500_00160.png,86.3,111.7,71.2,24.3,962
9/16/2019 18:36,datasets/dataset_cropped/09_Metas/16/18/20190916183600_00160.jpg,datasets_flow/dataset_cropped/09_Metas/16/18/20190916183600_00160.jpg,datasets_cloudmask/dataset_cropped/09_Metas/16/18/20190916183600_00160.png,83.7,106.3,69.7,24.3,962
9/16/2019 18:37,datasets/dataset_cropped/09_Metas/16/18/20190916183700_00160.jpg,datasets_flow/dataset_cropped/09_Metas/16/18/20190916183700_00160.jpg,datasets_cloudmask/dataset_cropped/09_Metas/16/18/20190916183700_00160.png,79.2,91,67.5,24.3,962
9/16/2019 18:38,datasets/dataset_cropped/09_Metas/16/18/20190916183800_00160.jpg,datasets_flow/dataset_cropped/09_Metas/16/18/20190916183800_00160.jpg,datasets_cloudmask/dataset_cropped/09_Metas/16/18/20190916183800_00160.png,76,89.5,64.7,24.3,962
9/16/2019 18:39,datasets/dataset_cropped/09_Metas/16/18/20190916183900_00160.jpg,datasets_flow/dataset_cropped/09_Metas/16/18/20190916183900_00160.jpg,datasets_cloudmask/dataset_cropped/09_Metas/16/18/20190916183900_00160.png,73.6,87.8,62.8,24.3,962
9/16/2019 18:40,datasets/dataset_cropped/09_Metas/16/18/20190916184000_00160.jpg,datasets_flow/dataset_cropped/09_Metas/16/18/20190916184000_00160.jpg,datasets_cloudmask/dataset_cropped/09_Metas/16/18/20190916184000_00160.png,72.5,81.6,62.7,24.2,962
9/16/2019 18:41,datasets/dataset_cropped/09_Metas/16/18/20190916184100_00160.jpg,datasets_flow/dataset_cropped/09_Metas/16/18/20190916184100_00160.jpg,datasets_cloudmask/dataset_cropped/09_Metas/16/18/20190916184100_00160.png,69.8,76.2,61,24.2,962
9/16/2019 18:42,datasets/dataset_cropped/09_Metas/16/18/20190916184200_00160.jpg,datasets_flow/dataset_cropped/09_Metas/16/18/20190916184200_00160.jpg,datasets_cloudmask/dataset_cropped/09_Metas/16/18/20190916184200_00160.png,67.2,71.3,59.2,24.2,962
9/16/2019 18:43,datasets/dataset_cropped/09_Metas/16/18/20190916184300_00160.jpg,datasets_flow/dataset_cropped/09_Metas/16/18/20190916184300_00160.jpg,datasets_cloudmask/dataset_cropped/09_Metas/16/18/20190916184300_00160.png,64.9,67.6,57.5,24.1,962
9/16/2019 18:44,datasets/dataset_cropped/09_Metas/16/18/20190916184400_00160.jpg,datasets_flow/dataset_cropped/09_Metas/16/18/20190916184400_00160.jpg,datasets_cloudmask/dataset_cropped/09_Metas/16/18/20190916184400_00160.png,62.5,65.6,55.7,24,962
9/16/2019 18:45,datasets/dataset_cropped/09_Metas/16/18/20190916184500_00160.jpg,datasets_flow/dataset_cropped/09_Metas/16/18/20190916184500_00160.jpg,datasets_cloudmask/dataset_cropped/09_Metas/16/18/20190916184500_00160.png,59.4,61.9,53.2,23.9,962
9/16/2019 18:46,datasets/dataset_cropped/09_Metas/16/18/20190916184600_00160.jpg,datasets_flow/dataset_cropped/09_Metas/16/18/20190916184600_00160.jpg,datasets_cloudmask/dataset_cropped/09_Metas/16/18/20190916184600_00160.png,56.9,56.1,51.5,23.9,962
9/16/2019 18:47,datasets/dataset_cropped/09_Metas/16/18/20190916184700_00160.jpg,datasets_flow/dataset_cropped/09_Metas/16/18/20190916184700_00160.jpg,datasets_cloudmask/dataset_cropped/09_Metas/16/18/20190916184700_00160.png,54.3,50.6,49.6,23.9,962
9/16/2019 18:48,datasets/dataset_cropped/09_Metas/16/18/20190916184800_00160.jpg,datasets_flow/dataset_cropped/09_Metas/16/18/20190916184800_00160.jpg,datasets_cloudmask/dataset_cropped/09_Metas/16/18/20190916184800_00160.png,51.9,45.7,47.7,23.9,962
9/16/2019 18:49,datasets/dataset_cropped/09_Metas/16/18/20190916184900_00160.jpg,datasets_flow/dataset_cropped/09_Metas/16/18/20190916184900_00160.jpg,datasets_cloudmask/dataset_cropped/09_Metas/16/18/20190916184900_00160.png,49.4,39.4,45.9,24,962
9/16/2019 18:50,datasets/dataset_cropped/09_Metas/16/18/20190916185000_00160.jpg,datasets_flow/dataset_cropped/09_Metas/16/18/20190916185000_00160.jpg,datasets_cloudmask/dataset_cropped/09_Metas/16/18/20190916185000_00160.png,45.3,26.6,43,23.9,962
9/16/2019 18:51,datasets/dataset_cropped/09_Metas/16/18/20190916185100_00160.jpg,datasets_flow/dataset_cropped/09_Metas/16/18/20190916185100_00160.jpg,datasets_cloudmask/dataset_cropped/09_Metas/16/18/20190916185100_00160.png,40.1,24.5,38.1,23.9,962
9/16/2019 18:52,datasets/dataset_cropped/09_Metas/16/18/20190916185200_00160.jpg,datasets_flow/dataset_cropped/09_Metas/16/18/20190916185200_00160.jpg,datasets_cloudmask/dataset_cropped/09_Metas/16/18/20190916185200_00160.png,37.1,23.9,35.1,23.8,962
9/16/2019 18:53,datasets/dataset_cropped/09_Metas/16/18/20190916185300_00160.jpg,datasets_flow/dataset_cropped/09_Metas/16/18/20190916185300_00160.jpg,datasets_cloudmask/dataset_cropped/09_Metas/16/18/20190916185300_00160.png,35.5,19.5,34,23.8,962
9/16/2019 18:54,datasets/dataset_cropped/09_Metas/16/18/20190916185400_00160.jpg,datasets_flow/dataset_cropped/09_Metas/16/18/20190916185400_00160.jpg,datasets_cloudmask/dataset_cropped/09_Metas/16/18/20190916185400_00160.png,33,15.8,31.9,23.7,962
9/16/2019 18:55,datasets/dataset_cropped/09_Metas/16/18/20190916185500_00160.jpg,datasets_flow/dataset_cropped/09_Metas/16/18/20190916185500_00160.jpg,datasets_cloudmask/dataset_cropped/09_Metas/16/18/20190916185500_00160.png,30.3,13.3,29.3,23.7,962
9/16/2019 18:56,datasets/dataset_cropped/09_Metas/16/18/20190916185600_00160.jpg,datasets_flow/dataset_cropped/09_Metas/16/18/20190916185600_00160.jpg,datasets_cloudmask/dataset_cropped/09_Metas/16/18/20190916185600_00160.png,27.6,11.3,26.8,23.7,962
9/16/2019 18:57,datasets/dataset_cropped/09_Metas/16/18/20190916185700_00160.jpg,datasets_flow/dataset_cropped/09_Metas/16/18/20190916185700_00160.jpg,datasets_cloudmask/dataset_cropped/09_Metas/16/18/20190916185700_00160.png,24.9,9.2,24.2,23.7,962
9/16/2019 18:58,datasets/dataset_cropped/09_Metas/16/18/20190916185800_00160.jpg,datasets_flow/dataset_cropped/09_Metas/16/18/20190916185800_00160.jpg,datasets_cloudmask/dataset_cropped/09_Metas/16/18/20190916185800_00160.png,22.2,5.7,21.8,23.7,962
9/16/2019 18:59,datasets/dataset_cropped/09_Metas/16/18/20190916185900_00160.jpg,datasets_flow/dataset_cropped/09_Metas/16/18/20190916185900_00160.jpg,datasets_cloudmask/dataset_cropped/09_Metas/16/18/20190916185900_00160.png,19.9,1.5,19.7,23.6,962
9/16/2019 19:00,datasets/dataset_cropped/09_Metas/16/19/20190916190000_00160.jpg,datasets_flow/dataset_cropped/09_Metas/16/19/20190916190000_00160.jpg,datasets_cloudmask/dataset_cropped/09_Metas/16/19/20190916190000_00160.png,18,0,17.9,23.6,962
9/16/2019 19:01,datasets/dataset_cropped/09_Metas/16/19/20190916190100_00160.jpg,datasets_flow/dataset_cropped/09_Metas/16/19/20190916190100_00160.jpg,datasets_cloudmask/dataset_cropped/09_Metas/16/19/20190916190100_00160.png,16.4,0,16.2,23.6,962
9/16/2019 19:02,datasets/dataset_cropped/09_Metas/16/19/20190916190200_00160.jpg,datasets_flow/dataset_cropped/09_Metas/16/19/20190916190200_00160.jpg,datasets_cloudmask/dataset_cropped/09_Metas/16/19/20190916190200_00160.png,14.6,0,14.5,23.5,962
9/16/2019 19:03,datasets/dataset_cropped/09_Metas/16/19/20190916190300_00160.jpg,datasets_flow/dataset_cropped/09_Metas/16/19/20190916190300_00160.jpg,datasets_cloudmask/dataset_cropped/09_Metas/16/19/20190916190300_00160.png,12.8,0,12.8,23.5,962
9/16/2019 19:04,datasets/dataset_cropped/09_Metas/16/19/20190916190400_00160.jpg,datasets_flow/dataset_cropped/09_Metas/16/19/20190916190400_00160.jpg,datasets_cloudmask/dataset_cropped/09_Metas/16/19/20190916190400_00160.png,11.4,0,11.3,23.5,962
9/16/2019 19:05,datasets/dataset_cropped/09_Metas/16/19/20190916190500_00160.jpg,datasets_flow/dataset_cropped/09_Metas/16/19/20190916190500_00160.jpg,datasets_cloudmask/dataset_cropped/09_Metas/16/19/20190916190500_00160.png,10.3,0,10.2,23.5,962
9/16/2019 19:06,datasets/dataset_cropped/09_Metas/16/19/20190916190600_00160.jpg,datasets_flow/dataset_cropped/09_Metas/16/19/20190916190600_00160.jpg,datasets_cloudmask/dataset_cropped/09_Metas/16/19/20190916190600_00160.png,9.1,0,9,23.4,962
9/16/2019 19:07,datasets/dataset_cropped/09_Metas/16/19/20190916190700_00160.jpg,datasets_flow/dataset_cropped/09_Metas/16/19/20190916190700_00160.jpg,datasets_cloudmask/dataset_cropped/09_Metas/16/19/20190916190700_00160.png,8,0,7.8,23.4,962
9/16/2019 19:08,datasets/dataset_cropped/09_Metas/16/19/20190916190800_00160.jpg,datasets_flow/dataset_cropped/09_Metas/16/19/20190916190800_00160.jpg,datasets_cloudmask/dataset_cropped/09_Metas/16/19/20190916190800_00160.png,7.1,0,6.9,23.3,962
9/16/2019 19:09,datasets/dataset_cropped/09_Metas/16/19/20190916190900_00160.jpg,datasets_flow/dataset_cropped/09_Metas/16/19/20190916190900_00160.jpg,datasets_cloudmask/dataset_cropped/09_Metas/16/19/20190916190900_00160.png,6.3,0,6.1,23.3,962
9/16/2019 19:10,datasets/dataset_cropped/09_Metas/16/19/20190916191000_00160.jpg,datasets_flow/dataset_cropped/09_Metas/16/19/20190916191000_00160.jpg,datasets_cloudmask/dataset_cropped/09_Metas/16/19/20190916191000_00160.png,5.6,0,5.5,23.3,962
9/16/2019 19:11,datasets/dataset_cropped/09_Metas/16/19/20190916191100_00160.jpg,datasets_flow/dataset_cropped/09_Metas/16/19/20190916191100_00160.jpg,datasets_cloudmask/dataset_cropped/09_Metas/16/19/20190916191100_00160.png,5.1,0,4.9,23.2,962
9/16/2019 19:12,datasets/dataset_cropped/09_Metas/16/19/20190916191200_00160.jpg,datasets_flow/dataset_cropped/09_Metas/16/19/20190916191200_00160.jpg,datasets_cloudmask/dataset_cropped/09_Metas/16/19/20190916191200_00160.png,4.4,0,4.3,23.2,962
9/16/2019 19:13,datasets/dataset_cropped/09_Metas/16/19/20190916191300_00160.jpg,datasets_flow/dataset_cropped/09_Metas/16/19/20190916191300_00160.jpg,datasets_cloudmask/dataset_cropped/09_Metas/16/19/20190916191300_00160.png,3.8,0,3.7,23.1,962
9/16/2019 19:14,datasets/dataset_cropped/09_Metas/16/19/20190916191400_00160.jpg,datasets_flow/dataset_cropped/09_Metas/16/19/20190916191400_00160.jpg,datasets_cloudmask/dataset_cropped/09_Metas/16/19/20190916191400_00160.png,3.3,0,3.1,23.1,962
9/17/2019 6:54,datasets/dataset_cropped/09_Metas/17/06/20190917065430_00160.jpg,datasets_flow/dataset_cropped/09_Metas/17/06/20190917065430_00160.jpg,datasets_cloudmask/dataset_cropped/09_Metas/17/06/20190917065430_00160.png,2.2,0.3,2.2,19.9,961
9/17/2019 6:55,datasets/dataset_cropped/09_Metas/17/06/20190917065500_00160.jpg,datasets_flow/dataset_cropped/09_Metas/17/06/20190917065500_00160.jpg,datasets_cloudmask/dataset_cropped/09_Metas/17/06/20190917065500_00160.png,2.2,0.3,2.2,19.9,961
9/17/2019 6:56,datasets/dataset_cropped/09_Metas/17/06/20190917065600_00160.jpg,datasets_flow/dataset_cropped/09_Metas/17/06/20190917065600_00160.jpg,datasets_cloudmask/dataset_cropped/09_Metas/17/06/20190917065600_00160.png,2.5,0.2,2.4,20,961
9/17/2019 6:57,datasets/dataset_cropped/09_Metas/17/06/20190917065700_00160.jpg,datasets_flow/dataset_cropped/09_Metas/17/06/20190917065700_00160.jpg,datasets_cloudmask/dataset_cropped/09_Metas/17/06/20190917065700_00160.png,2.9,0.2,2.8,20,961
9/17/2019 6:58,datasets/dataset_cropped/09_Metas/17/06/20190917065800_00160.jpg,datasets_flow/dataset_cropped/09_Metas/17/06/20190917065800_00160.jpg,datasets_cloudmask/dataset_cropped/09_Metas/17/06/20190917065800_00160.png,3.4,0.1,3.3,20,961
9/17/2019 6:59,datasets/dataset_cropped/09_Metas/17/06/20190917065900_00160.jpg,datasets_flow/dataset_cropped/09_Metas/17/06/20190917065900_00160.jpg,datasets_cloudmask/dataset_cropped/09_Metas/17/06/20190917065900_00160.png,3.8,0.2,3.7,20,961
9/17/2019 7:00,datasets/dataset_cropped/09_Metas/17/07/20190917070000_00160.jpg,datasets_flow/dataset_cropped/09_Metas/17/07/20190917070000_00160.jpg,datasets_cloudmask/dataset_cropped/09_Metas/17/07/20190917070000_00160.png,4.2,1.3,4.1,20,961
9/17/2019 7:01,datasets/dataset_cropped/09_Metas/17/07/20190917070100_00160.jpg,datasets_flow/dataset_cropped/09_Metas/17/07/20190917070100_00160.jpg,datasets_cloudmask/dataset_cropped/09_Metas/17/07/20190917070100_00160.png,4.4,3.1,4.3,20,961
9/17/2019 7:02,datasets/dataset_cropped/09_Metas/17/07/20190917070200_00160.jpg,datasets_flow/dataset_cropped/09_Metas/17/07/20190917070200_00160.jpg,datasets_cloudmask/dataset_cropped/09_Metas/17/07/20190917070200_00160.png,4.5,3.4,4.4,20,961
9/17/2019 7:03,datasets/dataset_cropped/09_Metas/17/07/20190917070300_00160.jpg,datasets_flow/dataset_cropped/09_Metas/17/07/20190917070300_00160.jpg,datasets_cloudmask/dataset_cropped/09_Metas/17/07/20190917070300_00160.png,4.7,1.8,4.5,20,961
9/17/2019 7:04,datasets/dataset_cropped/09_Metas/17/07/20190917070400_00160.jpg,datasets_flow/dataset_cropped/09_Metas/17/07/20190917070400_00160.jpg,datasets_cloudmask/dataset_cropped/09_Metas/17/07/20190917070400_00160.png,5.1,0.4,4.9,20,961
9/17/2019 7:05,datasets/dataset_cropped/09_Metas/17/07/20190917070500_00160.jpg,datasets_flow/dataset_cropped/09_Metas/17/07/20190917070500_00160.jpg,datasets_cloudmask/dataset_cropped/09_Metas/17/07/20190917070500_00160.png,5.5,0,5.4,19.9,961
9/17/2019 7:06,datasets/dataset_cropped/09_Metas/17/07/20190917070600_00160.jpg,datasets_flow/dataset_cropped/09_Metas/17/07/20190917070600_00160.jpg,datasets_cloudmask/dataset_cropped/09_Metas/17/07/20190917070600_00160.png,6.1,0,5.9,19.8,961
9/17/2019 7:07,datasets/dataset_cropped/09_Metas/17/07/20190917070700_00160.jpg,datasets_flow/dataset_cropped/09_Metas/17/07/20190917070700_00160.jpg,datasets_cloudmask/dataset_cropped/09_Metas/17/07/20190917070700_00160.png,6.7,0.6,6.5,19.7,961
9/17/2019 7:08,datasets/dataset_cropped/09_Metas/17/07/20190917070800_00160.jpg,datasets_flow/dataset_cropped/09_Metas/17/07/20190917070800_00160.jpg,datasets_cloudmask/dataset_cropped/09_Metas/17/07/20190917070800_00160.png,7.5,3.6,7.2,19.7,961
9/17/2019 7:09,datasets/dataset_cropped/09_Metas/17/07/20190917070900_00160.jpg,datasets_flow/dataset_cropped/09_Metas/17/07/20190917070900_00160.jpg,datasets_cloudmask/dataset_cropped/09_Metas/17/07/20190917070900_00160.png,8.4,6,8,19.6,961
9/17/2019 7:10,datasets/dataset_cropped/09_Metas/17/07/20190917071000_00160.jpg,datasets_flow/dataset_cropped/09_Metas/17/07/20190917071000_00160.jpg,datasets_cloudmask/dataset_cropped/09_Metas/17/07/20190917071000_00160.png,9.1,3.6,8.7,19.6,961
9/17/2019 7:11,datasets/dataset_cropped/09_Metas/17/07/20190917071100_00160.jpg,datasets_flow/dataset_cropped/09_Metas/17/07/20190917071100_00160.jpg,datasets_cloudmask/dataset_cropped/09_Metas/17/07/20190917071100_00160.png,10.1,2.3,9.8,19.6,961
9/17/2019 7:12,datasets/dataset_cropped/09_Metas/17/07/20190917071200_00160.jpg,datasets_flow/dataset_cropped/09_Metas/17/07/20190917071200_00160.jpg,datasets_cloudmask/dataset_cropped/09_Metas/17/07/20190917071200_00160.png,11.6,1.5,11.3,19.5,961
9/17/2019 7:13,datasets/dataset_cropped/09_Metas/17/07/20190917071300_00160.jpg,datasets_flow/dataset_cropped/09_Metas/17/07/20190917071300_00160.jpg,datasets_cloudmask/dataset_cropped/09_Metas/17/07/20190917071300_00160.png,13.7,1,13.5,19.5,961
9/17/2019 7:14,datasets/dataset_cropped/09_Metas/17/07/20190917071400_00160.jpg,datasets_flow/dataset_cropped/09_Metas/17/07/20190917071400_00160.jpg,datasets_cloudmask/dataset_cropped/09_Metas/17/07/20190917071400_00160.png,16.2,0.8,16,19.4,961
9/17/2019 7:15,datasets/dataset_cropped/09_Metas/17/07/20190917071500_00160.jpg,datasets_flow/dataset_cropped/09_Metas/17/07/20190917071500_00160.jpg,datasets_cloudmask/dataset_cropped/09_Metas/17/07/20190917071500_00160.png,18.7,0.6,18.5,19.4,961
9/17/2019 7:16,datasets/dataset_cropped/09_Metas/17/07/20190917071600_00160.jpg,datasets_flow/dataset_cropped/09_Metas/17/07/20190917071600_00160.jpg,datasets_cloudmask/dataset_cropped/09_Metas/17/07/20190917071600_00160.png,20.9,0.5,20.7,19.4,961
9/17/2019 7:17,datasets/dataset_cropped/09_Metas/17/07/20190917071700_00160.jpg,datasets_flow/dataset_cropped/09_Metas/17/07/20190917071700_00160.jpg,datasets_cloudmask/dataset_cropped/09_Metas/17/07/20190917071700_00160.png,23.2,0.3,23,19.4,961
9/17/2019 7:18,datasets/dataset_cropped/09_Metas/17/07/20190917071800_00160.jpg,datasets_flow/dataset_cropped/09_Metas/17/07/20190917071800_00160.jpg,datasets_cloudmask/dataset_cropped/09_Metas/17/07/20190917071800_00160.png,25.6,0.2,25.5,19.4,961
9/17/2019 7:19,datasets/dataset_cropped/09_Metas/17/07/20190917071900_00160.jpg,datasets_flow/dataset_cropped/09_Metas/17/07/20190917071900_00160.jpg,datasets_cloudmask/dataset_cropped/09_Metas/17/07/20190917071900_00160.png,28,0.1,27.9,19.4,961
9/17/2019 7:20,datasets/dataset_cropped/09_Metas/17/07/20190917072000_00160.jpg,datasets_flow/dataset_cropped/09_Metas/17/07/20190917072000_00160.jpg,datasets_cloudmask/dataset_cropped/09_Metas/17/07/20190917072000_00160.png,30.3,0.1,30.3,19.4,961
9/17/2019 7:21,datasets/dataset_cropped/09_Metas/17/07/20190917072100_00160.jpg,datasets_flow/dataset_cropped/09_Metas/17/07/20190917072100_00160.jpg,datasets_cloudmask/dataset_cropped/09_Metas/17/07/20190917072100_00160.png,32.5,0.1,32.5,19.4,961
9/17/2019 7:22,datasets/dataset_cropped/09_Metas/17/07/20190917072200_00160.jpg,datasets_flow/dataset_cropped/09_Metas/17/07/20190917072200_00160.jpg,datasets_cloudmask/dataset_cropped/09_Metas/17/07/20190917072200_00160.png,34.4,0.1,34.4,19.4,961
9/17/2019 7:23,datasets/dataset_cropped/09_Metas/17/07/20190917072300_00160.jpg,datasets_flow/dataset_cropped/09_Metas/17/07/20190917072300_00160.jpg,datasets_cloudmask/dataset_cropped/09_Metas/17/07/20190917072300_00160.png,35.9,0.2,35.9,19.4,961
9/17/2019 7:24,datasets/dataset_cropped/09_Metas/17/07/20190917072400_00160.jpg,datasets_flow/dataset_cropped/09_Metas/17/07/20190917072400_00160.jpg,datasets_cloudmask/dataset_cropped/09_Metas/17/07/20190917072400_00160.png,37.1,0.3,37.2,19.4,961
9/17/2019 7:25,datasets/dataset_cropped/09_Metas/17/07/20190917072500_00160.jpg,datasets_flow/dataset_cropped/09_Metas/17/07/20190917072500_00160.jpg,datasets_cloudmask/dataset_cropped/09_Metas/17/07/20190917072500_00160.png,38.3,0.5,38.4,19.4,961
9/17/2019 7:26,datasets/dataset_cropped/09_Metas/17/07/20190917072600_00160.jpg,datasets_flow/dataset_cropped/09_Metas/17/07/20190917072600_00160.jpg,datasets_cloudmask/dataset_cropped/09_Metas/17/07/20190917072600_00160.png,39.8,1.1,39.8,19.5,961
9/17/2019 7:27,datasets/dataset_cropped/09_Metas/17/07/20190917072700_00160.jpg,datasets_flow/dataset_cropped/09_Metas/17/07/20190917072700_00160.jpg,datasets_cloudmask/dataset_cropped/09_Metas/17/07/20190917072700_00160.png,41.6,1.7,41.6,19.5,961
9/17/2019 7:28,datasets/dataset_cropped/09_Metas/17/07/20190917072800_00160.jpg,datasets_flow/dataset_cropped/09_Metas/17/07/20190917072800_00160.jpg,datasets_cloudmask/dataset_cropped/09_Metas/17/07/20190917072800_00160.png,44.3,5.6,43.8,19.5,961
9/17/2019 7:29,datasets/dataset_cropped/09_Metas/17/07/20190917072900_00160.jpg,datasets_flow/dataset_cropped/09_Metas/17/07/20190917072900_00160.jpg,datasets_cloudmask/dataset_cropped/09_Metas/17/07/20190917072900_00160.png,45.5,7,44.9,19.6,961
9/17/2019 7:30,datasets/dataset_cropped/09_Metas/17/07/20190917073000_00160.jpg,datasets_flow/dataset_cropped/09_Metas/17/07/20190917073000_00160.jpg,datasets_cloudmask/dataset_cropped/09_Metas/17/07/20190917073000_00160.png,46.1,1.5,46.1,19.6,961
9/17/2019 7:31,datasets/dataset_cropped/09_Metas/17/07/20190917073100_00160.jpg,datasets_flow/dataset_cropped/09_Metas/17/07/20190917073100_00160.jpg,datasets_cloudmask/dataset_cropped/09_Metas/17/07/20190917073100_00160.png,47.5,1.3,47.6,19.6,961
9/17/2019 7:32,datasets/dataset_cropped/09_Metas/17/07/20190917073200_00160.jpg,datasets_flow/dataset_cropped/09_Metas/17/07/20190917073200_00160.jpg,datasets_cloudmask/dataset_cropped/09_Metas/17/07/20190917073200_00160.png,49.1,2.4,49,19.6,961
9/17/2019 7:33,datasets/dataset_cropped/09_Metas/17/07/20190917073300_00160.jpg,datasets_flow/dataset_cropped/09_Metas/17/07/20190917073300_00160.jpg,datasets_cloudmask/dataset_cropped/09_Metas/17/07/20190917073300_00160.png,51.3,6.4,50.7,19.7,961
9/17/2019 7:34,datasets/dataset_cropped/09_Metas/17/07/20190917073400_00160.jpg,datasets_flow/dataset_cropped/09_Metas/17/07/20190917073400_00160.jpg,datasets_cloudmask/dataset_cropped/09_Metas/17/07/20190917073400_00160.png,53.3,3.8,53.1,19.8,961
9/17/2019 7:35,datasets/dataset_cropped/09_Metas/17/07/20190917073500_00160.jpg,datasets_flow/dataset_cropped/09_Metas/17/07/20190917073500_00160.jpg,datasets_cloudmask/dataset_cropped/09_Metas/17/07/20190917073500_00160.png,59.3,13.9,57.6,19.8,961
9/17/2019 7:36,datasets/dataset_cropped/09_Metas/17/07/20190917073600_00160.jpg,datasets_flow/dataset_cropped/09_Metas/17/07/20190917073600_00160.jpg,datasets_cloudmask/dataset_cropped/09_Metas/17/07/20190917073600_00160.png,78.7,110,63.6,19.8,961
9/17/2019 7:37,datasets/dataset_cropped/09_Metas/17/07/20190917073700_00160.jpg,datasets_flow/dataset_cropped/09_Metas/17/07/20190917073700_00160.jpg,datasets_cloudmask/dataset_cropped/09_Metas/17/07/20190917073700_00160.png,100.7,235.7,67.3,19.9,961
9/17/2019 7:38,datasets/dataset_cropped/09_Metas/17/07/20190917073800_00160.jpg,datasets_flow/dataset_cropped/09_Metas/17/07/20190917073800_00160.jpg,datasets_cloudmask/dataset_cropped/09_Metas/17/07/20190917073800_00160.png,106.9,261.2,69.2,19.9,961
9/17/2019 7:39,datasets/dataset_cropped/09_Metas/17/07/20190917073900_00160.jpg,datasets_flow/dataset_cropped/09_Metas/17/07/20190917073900_00160.jpg,datasets_cloudmask/dataset_cropped/09_Metas/17/07/20190917073900_00160.png,108.6,257.4,70.6,20.1,961
9/17/2019 7:40,datasets/dataset_cropped/09_Metas/17/07/20190917074000_00160.jpg,datasets_flow/dataset_cropped/09_Metas/17/07/20190917074000_00160.jpg,datasets_cloudmask/dataset_cropped/09_Metas/17/07/20190917074000_00160.png,113.2,271.2,72.2,20.1,961
9/17/2019 7:41,datasets/dataset_cropped/09_Metas/17/07/20190917074100_00160.jpg,datasets_flow/dataset_cropped/09_Metas/17/07/20190917074100_00160.jpg,datasets_cloudmask/dataset_cropped/09_Metas/17/07/20190917074100_00160.png,114.5,265.8,73.3,20.2,961
9/17/2019 7:42,datasets/dataset_cropped/09_Metas/17/07/20190917074200_00160.jpg,datasets_flow/dataset_cropped/09_Metas/17/07/20190917074200_00160.jpg,datasets_cloudmask/dataset_cropped/09_Metas/17/07/20190917074200_00160.png,117.9,276.1,74.2,20.3,961
9/17/2019 7:43,datasets/dataset_cropped/09_Metas/17/07/20190917074300_00160.jpg,datasets_flow/dataset_cropped/09_Metas/17/07/20190917074300_00160.jpg,datasets_cloudmask/dataset_cropped/09_Metas/17/07/20190917074300_00160.png,117.2,265.3,74.3,20.3,961
9/17/2019 7:44,datasets/dataset_cropped/09_Metas/17/07/20190917074400_00160.jpg,datasets_flow/dataset_cropped/09_Metas/17/07/20190917074400_00160.jpg,datasets_cloudmask/dataset_cropped/09_Metas/17/07/20190917074400_00160.png,107.1,194.9,75,20.4,961
9/17/2019 7:45,datasets/dataset_cropped/09_Metas/17/07/20190917074500_00160.jpg,datasets_flow/dataset_cropped/09_Metas/17/07/20190917074500_00160.jpg,datasets_cloudmask/dataset_cropped/09_Metas/17/07/20190917074500_00160.png,107.8,178.2,77.9,20.3,961
9/17/2019 7:46,datasets/dataset_cropped/09_Metas/17/07/20190917074600_00160.jpg,datasets_flow/dataset_cropped/09_Metas/17/07/20190917074600_00160.jpg,datasets_cloudmask/dataset_cropped/09_Metas/17/07/20190917074600_00160.png,118.7,216.9,81.5,20.3,962
9/17/2019 7:47,datasets/dataset_cropped/09_Metas/17/07/20190917074700_00160.jpg,datasets_flow/dataset_cropped/09_Metas/17/07/20190917074700_00160.jpg,datasets_cloudmask/dataset_cropped/09_Metas/17/07/20190917074700_00160.png,128.7,253.3,84.3,20.3,962
9/17/2019 7:48,datasets/dataset_cropped/09_Metas/17/07/20190917074800_00160.jpg,datasets_flow/dataset_cropped/09_Metas/17/07/20190917074800_00160.jpg,datasets_cloudmask/dataset_cropped/09_Metas/17/07/20190917074800_00160.png,139.9,294.2,87.3,20.3,962
9/17/2019 7:49,datasets/dataset_cropped/09_Metas/17/07/20190917074900_00160.jpg,datasets_flow/dataset_cropped/09_Metas/17/07/20190917074900_00160.jpg,datasets_cloudmask/dataset_cropped/09_Metas/17/07/20190917074900_00160.png,149.3,323,90.3,20.3,962
9/17/2019 7:50,datasets/dataset_cropped/09_Metas/17/07/20190917075000_00160.jpg,datasets_flow/dataset_cropped/09_Metas/17/07/20190917075000_00160.jpg,datasets_cloudmask/dataset_cropped/09_Metas/17/07/20190917075000_00160.png,156.7,340.4,93.3,20.4,961
9/17/2019 7:51,datasets/dataset_cropped/09_Metas/17/07/20190917075100_00160.jpg,datasets_flow/dataset_cropped/09_Metas/17/07/20190917075100_00160.jpg,datasets_cloudmask/dataset_cropped/09_Metas/17/07/20190917075100_00160.png,162.7,348.9,96.5,20.4,962
9/17/2019 7:52,datasets/dataset_cropped/09_Metas/17/07/20190917075200_00160.jpg,datasets_flow/dataset_cropped/09_Metas/17/07/20190917075200_00160.jpg,datasets_cloudmask/dataset_cropped/09_Metas/17/07/20190917075200_00160.png,169.5,354.8,101,20.4,962
9/17/2019 7:53,datasets/dataset_cropped/09_Metas/17/07/20190917075300_00160.jpg,datasets_flow/dataset_cropped/09_Metas/17/07/20190917075300_00160.jpg,datasets_cloudmask/dataset_cropped/09_Metas/17/07/20190917075300_00160.png,178.8,360.7,107.9,20.5,962
9/17/2019 7:54,datasets/dataset_cropped/09_Metas/17/07/20190917075400_00160.jpg,datasets_flow/dataset_cropped/09_Metas/17/07/20190917075400_00160.jpg,datasets_cloudmask/dataset_cropped/09_Metas/17/07/20190917075400_00160.png,191.3,365.1,118.2,20.6,962
9/17/2019 7:55,datasets/dataset_cropped/09_Metas/17/07/20190917075500_00160.jpg,datasets_flow/dataset_cropped/09_Metas/17/07/20190917075500_00160.jpg,datasets_cloudmask/dataset_cropped/09_Metas/17/07/20190917075500_00160.png,206.1,369.7,131,20.7,962
9/17/2019 7:56,datasets/dataset_cropped/09_Metas/17/07/20190917075600_00160.jpg,datasets_flow/dataset_cropped/09_Metas/17/07/20190917075600_00160.jpg,datasets_cloudmask/dataset_cropped/09_Metas/17/07/20190917075600_00160.png,221.2,373.7,144,20.8,962
9/17/2019 7:57,datasets/dataset_cropped/09_Metas/17/07/20190917075700_00160.jpg,datasets_flow/dataset_cropped/09_Metas/17/07/20190917075700_00160.jpg,datasets_cloudmask/dataset_cropped/09_Metas/17/07/20190917075700_00160.png,235.2,378.4,155.9,20.9,962
9/17/2019 7:58,datasets/dataset_cropped/09_Metas/17/07/20190917075800_00160.jpg,datasets_flow/dataset_cropped/09_Metas/17/07/20190917075800_00160.jpg,datasets_cloudmask/dataset_cropped/09_Metas/17/07/20190917075800_00160.png,247.2,384.2,165.4,21,962
9/17/2019 7:59,datasets/dataset_cropped/09_Metas/17/07/20190917075900_00160.jpg,datasets_flow/dataset_cropped/09_Metas/17/07/20190917075900_00160.jpg,datasets_cloudmask/dataset_cropped/09_Metas/17/07/20190917075900_00160.png,256,390.7,171.7,21,962
9/17/2019 8:00,datasets/dataset_cropped/09_Metas/17/08/20190917080000_00160.jpg,datasets_flow/dataset_cropped/09_Metas/17/08/20190917080000_00160.jpg,datasets_cloudmask/dataset_cropped/09_Metas/17/08/20190917080000_00160.png,260.5,397.6,173.5,21.1,962
9/17/2019 8:01,datasets/dataset_cropped/09_Metas/17/08/20190917080100_00160.jpg,datasets_flow/dataset_cropped/09_Metas/17/08/20190917080100_00160.jpg,datasets_cloudmask/dataset_cropped/09_Metas/17/08/20190917080100_00160.png,259.3,404.7,169.2,21.1,962
9/17/2019 8:02,datasets/dataset_cropped/09_Metas/17/08/20190917080200_00160.jpg,datasets_flow/dataset_cropped/09_Metas/17/08/20190917080200_00160.jpg,datasets_cloudmask/dataset_cropped/09_Metas/17/08/20190917080200_00160.png,254.7,411,161.9,21.1,962
9/17/2019 8:03,datasets/dataset_cropped/09_Metas/17/08/20190917080300_00160.jpg,datasets_flow/dataset_cropped/09_Metas/17/08/20190917080300_00160.jpg,datasets_cloudmask/dataset_cropped/09_Metas/17/08/20190917080300_00160.png,244.9,398.8,153.4,21.1,962
9/17/2019 8:04,datasets/dataset_cropped/09_Metas/17/08/20190917080400_00160.jpg,datasets_flow/dataset_cropped/09_Metas/17/08/20190917080400_00160.jpg,datasets_cloudmask/dataset_cropped/09_Metas/17/08/20190917080400_00160.png,238.4,386.1,148.5,21.2,962
9/17/2019 8:05,datasets/dataset_cropped/09_Metas/17/08/20190917080500_00160.jpg,datasets_flow/dataset_cropped/09_Metas/17/08/20190917080500_00160.jpg,datasets_cloudmask/dataset_cropped/09_Metas/17/08/20190917080500_00160.png,202,256.9,141.9,21.2,962
9/17/2019 8:06,datasets/dataset_cropped/09_Metas/17/08/20190917080600_00160.jpg,datasets_flow/dataset_cropped/09_Metas/17/08/20190917080600_00160.jpg,datasets_cloudmask/dataset_cropped/09_Metas/17/08/20190917080600_00160.png,215.7,286.6,147.5,21.2,962
9/17/2019 8:07,datasets/dataset_cropped/09_Metas/17/08/20190917080700_00160.jpg,datasets_flow/dataset_cropped/09_Metas/17/08/20190917080700_00160.jpg,datasets_cloudmask/dataset_cropped/09_Metas/17/08/20190917080700_00160.png,256.5,424.3,153.7,21.2,962
9/17/2019 8:08,datasets/dataset_cropped/09_Metas/17/08/20190917080800_00160.jpg,datasets_flow/dataset_cropped/09_Metas/17/08/20190917080800_00160.jpg,datasets_cloudmask/dataset_cropped/09_Metas/17/08/20190917080800_00160.png,265,439.5,157,21.4,962
9/17/2019 8:09,datasets/dataset_cropped/09_Metas/17/08/20190917080900_00160.jpg,datasets_flow/dataset_cropped/09_Metas/17/08/20190917080900_00160.jpg,datasets_cloudmask/dataset_cropped/09_Metas/17/08/20190917080900_00160.png,269.4,443.7,158.7,21.6,962
9/17/2019 8:10,datasets/dataset_cropped/09_Metas/17/08/20190917081000_00160.jpg,datasets_flow/dataset_cropped/09_Metas/17/08/20190917081000_00160.jpg,datasets_cloudmask/dataset_cropped/09_Metas/17/08/20190917081000_00160.png,261,408.5,157.6,21.8,962
9/17/2019 8:11,datasets/dataset_cropped/09_Metas/17/08/20190917081100_00160.jpg,datasets_flow/dataset_cropped/09_Metas/17/08/20190917081100_00160.jpg,datasets_cloudmask/dataset_cropped/09_Metas/17/08/20190917081100_00160.png,243.8,360.5,151.6,22,962
9/17/2019 8:12,datasets/dataset_cropped/09_Metas/17/08/20190917081200_00160.jpg,datasets_flow/dataset_cropped/09_Metas/17/08/20190917081200_00160.jpg,datasets_cloudmask/dataset_cropped/09_Metas/17/08/20190917081200_00160.png,169.3,112.1,141.1,22.2,962
9/17/2019 8:13,datasets/dataset_cropped/09_Metas/17/08/20190917081300_00160.jpg,datasets_flow/dataset_cropped/09_Metas/17/08/20190917081300_00160.jpg,datasets_cloudmask/dataset_cropped/09_Metas/17/08/20190917081300_00160.png,136.6,10.4,135,22.3,962
9/17/2019 8:14,datasets/dataset_cropped/09_Metas/17/08/20190917081400_00160.jpg,datasets_flow/dataset_cropped/09_Metas/17/08/20190917081400_00160.jpg,datasets_cloudmask/dataset_cropped/09_Metas/17/08/20190917081400_00160.png,140.2,29.2,133,22.2,962
9/17/2019 8:15,datasets/dataset_cropped/09_Metas/17/08/20190917081500_00160.jpg,datasets_flow/dataset_cropped/09_Metas/17/08/20190917081500_00160.jpg,datasets_cloudmask/dataset_cropped/09_Metas/17/08/20190917081500_00160.png,126.6,12.9,123.9,22.1,962
9/17/2019 8:16,datasets/dataset_cropped/09_Metas/17/08/20190917081600_00160.jpg,datasets_flow/dataset_cropped/09_Metas/17/08/20190917081600_00160.jpg,datasets_cloudmask/dataset_cropped/09_Metas/17/08/20190917081600_00160.png,116.8,7.8,115.2,22.1,962
9/17/2019 8:17,datasets/dataset_cropped/09_Metas/17/08/20190917081700_00160.jpg,datasets_flow/dataset_cropped/09_Metas/17/08/20190917081700_00160.jpg,datasets_cloudmask/dataset_cropped/09_Metas/17/08/20190917081700_00160.png,108.3,6.2,107.3,22,962
9/17/2019 8:18,datasets/dataset_cropped/09_Metas/17/08/20190917081800_00160.jpg,datasets_flow/dataset_cropped/09_Metas/17/08/20190917081800_00160.jpg,datasets_cloudmask/dataset_cropped/09_Metas/17/08/20190917081800_00160.png,103.9,6.9,102.6,21.8,962
9/17/2019 8:19,datasets/dataset_cropped/09_Metas/17/08/20190917081900_00160.jpg,datasets_flow/dataset_cropped/09_Metas/17/08/20190917081900_00160.jpg,datasets_cloudmask/dataset_cropped/09_Metas/17/08/20190917081900_00160.png,127.8,90.8,102.2,21.8,962
9/17/2019 8:20,datasets/dataset_cropped/09_Metas/17/08/20190917082000_00160.jpg,datasets_flow/dataset_cropped/09_Metas/17/08/20190917082000_00160.jpg,datasets_cloudmask/dataset_cropped/09_Metas/17/08/20190917082000_00160.png,121.8,89.1,96.7,21.7,962
9/17/2019 8:21,datasets/dataset_cropped/09_Metas/17/08/20190917082100_00160.jpg,datasets_flow/dataset_cropped/09_Metas/17/08/20190917082100_00160.jpg,datasets_cloudmask/dataset_cropped/09_Metas/17/08/20190917082100_00160.png,95.9,22.5,90.1,21.6,962
9/17/2019 8:22,datasets/dataset_cropped/09_Metas/17/08/20190917082200_00160.jpg,datasets_flow/dataset_cropped/09_Metas/17/08/20190917082200_00160.jpg,datasets_cloudmask/dataset_cropped/09_Metas/17/08/20190917082200_00160.png,90,10.8,87.4,21.5,962
9/17/2019 8:23,datasets/dataset_cropped/09_Metas/17/08/20190917082300_00160.jpg,datasets_flow/dataset_cropped/09_Metas/17/08/20190917082300_00160.jpg,datasets_cloudmask/dataset_cropped/09_Metas/17/08/20190917082300_00160.png,89.6,11,87,21.5,962
9/17/2019 8:24,datasets/dataset_cropped/09_Metas/17/08/20190917082400_00160.jpg,datasets_flow/dataset_cropped/09_Metas/17/08/20190917082400_00160.jpg,datasets_cloudmask/dataset_cropped/09_Metas/17/08/20190917082400_00160.png,96.8,26.6,89.1,21.4,962
9/17/2019 8:25,datasets/dataset_cropped/09_Metas/17/08/20190917082500_00160.jpg,datasets_flow/dataset_cropped/09_Metas/17/08/20190917082500_00160.jpg,datasets_cloudmask/dataset_cropped/09_Metas/17/08/20190917082500_00160.png,133.3,124.9,95.1,21.4,962
9/17/2019 8:26,datasets/dataset_cropped/09_Metas/17/08/20190917082600_00160.jpg,datasets_flow/dataset_cropped/09_Metas/17/08/20190917082600_00160.jpg,datasets_cloudmask/dataset_cropped/09_Metas/17/08/20190917082600_00160.png,186.1,277,100.6,21.3,962
9/17/2019 8:27,datasets/dataset_cropped/09_Metas/17/08/20190917082700_00160.jpg,datasets_flow/dataset_cropped/09_Metas/17/08/20190917082700_00160.jpg,datasets_cloudmask/dataset_cropped/09_Metas/17/08/20190917082700_00160.png,217,372.5,101,21.4,962
9/17/2019 8:28,datasets/dataset_cropped/09_Metas/17/08/20190917082800_00160.jpg,datasets_flow/dataset_cropped/09_Metas/17/08/20190917082800_00160.jpg,datasets_cloudmask/dataset_cropped/09_Metas/17/08/20190917082800_00160.png,190.8,301.6,96.1,21.4,962
9/17/2019 8:29,datasets/dataset_cropped/09_Metas/17/08/20190917082900_00160.jpg,datasets_flow/dataset_cropped/09_Metas/17/08/20190917082900_00160.jpg,datasets_cloudmask/dataset_cropped/09_Metas/17/08/20190917082900_00160.png,112.8,71,90.3,21.5,962
9/17/2019 8:30,datasets/dataset_cropped/09_Metas/17/08/20190917083000_00160.jpg,datasets_flow/dataset_cropped/09_Metas/17/08/20190917083000_00160.jpg,datasets_cloudmask/dataset_cropped/09_Metas/17/08/20190917083000_00160.png,107.4,51,90.9,21.7,962
9/17/2019 8:31,datasets/dataset_cropped/09_Metas/17/08/20190917083100_00160.jpg,datasets_flow/dataset_cropped/09_Metas/17/08/20190917083100_00160.jpg,datasets_cloudmask/dataset_cropped/09_Metas/17/08/20190917083100_00160.png,135.4,118.3,96.7,21.8,962
9/17/2019 8:32,datasets/dataset_cropped/09_Metas/17/08/20190917083200_00160.jpg,datasets_flow/dataset_cropped/09_Metas/17/08/20190917083200_00160.jpg,datasets_cloudmask/dataset_cropped/09_Metas/17/08/20190917083200_00160.png,198.3,278,106.9,21.9,962
9/17/2019 8:33,datasets/dataset_cropped/09_Metas/17/08/20190917083300_00160.jpg,datasets_flow/dataset_cropped/09_Metas/17/08/20190917083300_00160.jpg,datasets_cloudmask/dataset_cropped/09_Metas/17/08/20190917083300_00160.png,230.6,352.6,113.6,22,962
9/17/2019 8:34,datasets/dataset_cropped/09_Metas/17/08/20190917083400_00160.jpg,datasets_flow/dataset_cropped/09_Metas/17/08/20190917083400_00160.jpg,datasets_cloudmask/dataset_cropped/09_Metas/17/08/20190917083400_00160.png,202.4,268.2,112.9,22,962
9/17/2019 8:35,datasets/dataset_cropped/09_Metas/17/08/20190917083500_00160.jpg,datasets_flow/dataset_cropped/09_Metas/17/08/20190917083500_00160.jpg,datasets_cloudmask/dataset_cropped/09_Metas/17/08/20190917083500_00160.png,170.4,164.4,115,22.1,962
9/17/2019 8:36,datasets/dataset_cropped/09_Metas/17/08/20190917083600_00160.jpg,datasets_flow/dataset_cropped/09_Metas/17/08/20190917083600_00160.jpg,datasets_cloudmask/dataset_cropped/09_Metas/17/08/20190917083600_00160.png,188.4,194.7,122.2,22.2,962
9/17/2019 8:37,datasets/dataset_cropped/09_Metas/17/08/20190917083700_00160.jpg,datasets_flow/dataset_cropped/09_Metas/17/08/20190917083700_00160.jpg,datasets_cloudmask/dataset_cropped/09_Metas/17/08/20190917083700_00160.png,176.5,142.4,127.9,22.2,962
9/17/2019 8:38,datasets/dataset_cropped/09_Metas/17/08/20190917083800_00160.jpg,datasets_flow/dataset_cropped/09_Metas/17/08/20190917083800_00160.jpg,datasets_cloudmask/dataset_cropped/09_Metas/17/08/20190917083800_00160.png,150.6,57.8,131,22.3,962
9/17/2019 8:39,datasets/dataset_cropped/09_Metas/17/08/20190917083900_00160.jpg,datasets_flow/dataset_cropped/09_Metas/17/08/20190917083900_00160.jpg,datasets_cloudmask/dataset_cropped/09_Metas/17/08/20190917083900_00160.png,170.4,86.4,140.3,22.3,962
9/17/2019 8:40,datasets/dataset_cropped/09_Metas/17/08/20190917084000_00160.jpg,datasets_flow/dataset_cropped/09_Metas/17/08/20190917084000_00160.jpg,datasets_cloudmask/dataset_cropped/09_Metas/17/08/20190917084000_00160.png,222.8,195.1,153.7,22.1,962
9/17/2019 8:41,datasets/dataset_cropped/09_Metas/17/08/20190917084100_00160.jpg,datasets_flow/dataset_cropped/09_Metas/17/08/20190917084100_00160.jpg,datasets_cloudmask/dataset_cropped/09_Metas/17/08/20190917084100_00160.png,232.3,193.7,163,22.1,962
9/17/2019 8:42,datasets/dataset_cropped/09_Metas/17/08/20190917084200_00160.jpg,datasets_flow/dataset_cropped/09_Metas/17/08/20190917084200_00160.jpg,datasets_cloudmask/dataset_cropped/09_Metas/17/08/20190917084200_00160.png,256.7,247.7,167.4,22.1,962
9/17/2019 8:43,datasets/dataset_cropped/09_Metas/17/08/20190917084300_00160.jpg,datasets_flow/dataset_cropped/09_Metas/17/08/20190917084300_00160.jpg,datasets_cloudmask/dataset_cropped/09_Metas/17/08/20190917084300_00160.png,208.8,130.3,161.7,22,962
9/17/2019 8:44,datasets/dataset_cropped/09_Metas/17/08/20190917084400_00160.jpg,datasets_flow/dataset_cropped/09_Metas/17/08/20190917084400_00160.jpg,datasets_cloudmask/dataset_cropped/09_Metas/17/08/20190917084400_00160.png,172.5,38.1,159.2,21.9,962
9/17/2019 8:45,datasets/dataset_cropped/09_Metas/17/08/20190917084500_00160.jpg,datasets_flow/dataset_cropped/09_Metas/17/08/20190917084500_00160.jpg,datasets_cloudmask/dataset_cropped/09_Metas/17/08/20190917084500_00160.png,159,2.8,158.7,21.9,962
9/17/2019 8:46,datasets/dataset_cropped/09_Metas/17/08/20190917084600_00160.jpg,datasets_flow/dataset_cropped/09_Metas/17/08/20190917084600_00160.jpg,datasets_cloudmask/dataset_cropped/09_Metas/17/08/20190917084600_00160.png,164.7,7.3,162.3,21.8,962
9/17/2019 8:47,datasets/dataset_cropped/09_Metas/17/08/20190917084700_00160.jpg,datasets_flow/dataset_cropped/09_Metas/17/08/20190917084700_00160.jpg,datasets_cloudmask/dataset_cropped/09_Metas/17/08/20190917084700_00160.png,170,14.8,164.8,21.8,962
9/17/2019 8:48,datasets/dataset_cropped/09_Metas/17/08/20190917084800_00160.jpg,datasets_flow/dataset_cropped/09_Metas/17/08/20190917084800_00160.jpg,datasets_cloudmask/dataset_cropped/09_Metas/17/08/20190917084800_00160.png,160.1,3.7,158.8,21.8,962
9/17/2019 8:49,datasets/dataset_cropped/09_Metas/17/08/20190917084900_00160.jpg,datasets_flow/dataset_cropped/09_Metas/17/08/20190917084900_00160.jpg,datasets_cloudmask/dataset_cropped/09_Metas/17/08/20190917084900_00160.png,149.4,1.4,149.1,21.7,962
9/17/2019 8:50,datasets/dataset_cropped/09_Metas/17/08/20190917085000_00160.jpg,datasets_flow/dataset_cropped/09_Metas/17/08/20190917085000_00160.jpg,datasets_cloudmask/dataset_cropped/09_Metas/17/08/20190917085000_00160.png,139.9,1,139.7,21.7,962
9/17/2019 8:51,datasets/dataset_cropped/09_Metas/17/08/20190917085100_00160.jpg,datasets_flow/dataset_cropped/09_Metas/17/08/20190917085100_00160.jpg,datasets_cloudmask/dataset_cropped/09_Metas/17/08/20190917085100_00160.png,129.9,0.1,130,21.7,962
9/17/2019 8:52,datasets/dataset_cropped/09_Metas/17/08/20190917085200_00160.jpg,datasets_flow/dataset_cropped/09_Metas/17/08/20190917085200_00160.jpg,datasets_cloudmask/dataset_cropped/09_Metas/17/08/20190917085200_00160.png,120.6,0,120.8,21.8,962
9/17/2019 8:53,datasets/dataset_cropped/09_Metas/17/08/20190917085300_00160.jpg,datasets_flow/dataset_cropped/09_Metas/17/08/20190917085300_00160.jpg,datasets_cloudmask/dataset_cropped/09_Metas/17/08/20190917085300_00160.png,110.6,0,110.9,21.9,962
9/17/2019 8:54,datasets/dataset_cropped/09_Metas/17/08/20190917085400_00160.jpg,datasets_flow/dataset_cropped/09_Metas/17/08/20190917085400_00160.jpg,datasets_cloudmask/dataset_cropped/09_Metas/17/08/20190917085400_00160.png,100.6,0,100.9,21.8,962
9/17/2019 8:55,datasets/dataset_cropped/09_Metas/17/08/20190917085500_00160.jpg,datasets_flow/dataset_cropped/09_Metas/17/08/20190917085500_00160.jpg,datasets_cloudmask/dataset_cropped/09_Metas/17/08/20190917085500_00160.png,92.3,0,92.6,21.8,962
9/17/2019 8:56,datasets/dataset_cropped/09_Metas/17/08/20190917085600_00160.jpg,datasets_flow/dataset_cropped/09_Metas/17/08/20190917085600_00160.jpg,datasets_cloudmask/dataset_cropped/09_Metas/17/08/20190917085600_00160.png,85.7,0,85.9,21.8,962
9/17/2019 8:57,datasets/dataset_cropped/09_Metas/17/08/20190917085700_00160.jpg,datasets_flow/dataset_cropped/09_Metas/17/08/20190917085700_00160.jpg,datasets_cloudmask/dataset_cropped/09_Metas/17/08/20190917085700_00160.png,79.3,0,79.6,21.8,962
9/17/2019 8:58,datasets/dataset_cropped/09_Metas/17/08/20190917085800_00160.jpg,datasets_flow/dataset_cropped/09_Metas/17/08/20190917085800_00160.jpg,datasets_cloudmask/dataset_cropped/09_Metas/17/08/20190917085800_00160.png,73.2,0,73.3,21.8,962
9/17/2019 8:59,datasets/dataset_cropped/09_Metas/17/08/20190917085900_00160.jpg,datasets_flow/dataset_cropped/09_Metas/17/08/20190917085900_00160.jpg,datasets_cloudmask/dataset_cropped/09_Metas/17/08/20190917085900_00160.png,67.3,0,67.6,21.9,962
9/17/2019 9:00,datasets/dataset_cropped/09_Metas/17/09/20190917090000_00160.jpg,datasets_flow/dataset_cropped/09_Metas/17/09/20190917090000_00160.jpg,datasets_cloudmask/dataset_cropped/09_Metas/17/09/20190917090000_00160.png,61.8,0,62,21.9,962
9/17/2019 9:01,datasets/dataset_cropped/09_Metas/17/09/20190917090100_00160.jpg,datasets_flow/dataset_cropped/09_Metas/17/09/20190917090100_00160.jpg,datasets_cloudmask/dataset_cropped/09_Metas/17/09/20190917090100_00160.png,56.3,0,56.4,21.9,962
9/17/2019 9:02,datasets/dataset_cropped/09_Metas/17/09/20190917090200_00160.jpg,datasets_flow/dataset_cropped/09_Metas/17/09/20190917090200_00160.jpg,datasets_cloudmask/dataset_cropped/09_Metas/17/09/20190917090200_00160.png,50.7,0,50.8,21.8,962
9/17/2019 9:03,datasets/dataset_cropped/09_Metas/17/09/20190917090300_00160.jpg,datasets_flow/dataset_cropped/09_Metas/17/09/20190917090300_00160.jpg,datasets_cloudmask/dataset_cropped/09_Metas/17/09/20190917090300_00160.png,45.1,0,45.2,21.8,963
9/17/2019 9:04,datasets/dataset_cropped/09_Metas/17/09/20190917090400_00160.jpg,datasets_flow/dataset_cropped/09_Metas/17/09/20190917090400_00160.jpg,datasets_cloudmask/dataset_cropped/09_Metas/17/09/20190917090400_00160.png,40.1,0,40.2,21.8,963
9/17/2019 9:05,datasets/dataset_cropped/09_Metas/17/09/20190917090500_00160.jpg,datasets_flow/dataset_cropped/09_Metas/17/09/20190917090500_00160.jpg,datasets_cloudmask/dataset_cropped/09_Metas/17/09/20190917090500_00160.png,36.1,0,36.2,21.8,963
9/17/2019 9:06,datasets/dataset_cropped/09_Metas/17/09/20190917090600_00160.jpg,datasets_flow/dataset_cropped/09_Metas/17/09/20190917090600_00160.jpg,datasets_cloudmask/dataset_cropped/09_Metas/17/09/20190917090600_00160.png,33.4,0,33.5,21.8,963
9/17/2019 9:07,datasets/dataset_cropped/09_Metas/17/09/20190917090700_00160.jpg,datasets_flow/dataset_cropped/09_Metas/17/09/20190917090700_00160.jpg,datasets_cloudmask/dataset_cropped/09_Metas/17/09/20190917090700_00160.png,32.1,0,32.2,21.8,963
9/17/2019 9:08,datasets/dataset_cropped/09_Metas/17/09/20190917090800_00160.jpg,datasets_flow/dataset_cropped/09_Metas/17/09/20190917090800_00160.jpg,datasets_cloudmask/dataset_cropped/09_Metas/17/09/20190917090800_00160.png,32.3,0,32.4,21.8,963
9/17/2019 9:09,datasets/dataset_cropped/09_Metas/17/09/20190917090900_00160.jpg,datasets_flow/dataset_cropped/09_Metas/17/09/20190917090900_00160.jpg,datasets_cloudmask/dataset_cropped/09_Metas/17/09/20190917090900_00160.png,33.6,0,33.7,21.7,962
9/17/2019 9:10,datasets/dataset_cropped/09_Metas/17/09/20190917091000_00160.jpg,datasets_flow/dataset_cropped/09_Metas/17/09/20190917091000_00160.jpg,datasets_cloudmask/dataset_cropped/09_Metas/17/09/20190917091000_00160.png,36.2,0,36.3,21.7,962
9/17/2019 9:11,datasets/dataset_cropped/09_Metas/17/09/20190917091100_00160.jpg,datasets_flow/dataset_cropped/09_Metas/17/09/20190917091100_00160.jpg,datasets_cloudmask/dataset_cropped/09_Metas/17/09/20190917091100_00160.png,40,0,40.1,21.6,962
9/17/2019 9:12,datasets/dataset_cropped/09_Metas/17/09/20190917091200_00160.jpg,datasets_flow/dataset_cropped/09_Metas/17/09/20190917091200_00160.jpg,datasets_cloudmask/dataset_cropped/09_Metas/17/09/20190917091200_00160.png,45.1,0,45.2,21.6,962
9/17/2019 9:13,datasets/dataset_cropped/09_Metas/17/09/20190917091300_00160.jpg,datasets_flow/dataset_cropped/09_Metas/17/09/20190917091300_00160.jpg,datasets_cloudmask/dataset_cropped/09_Metas/17/09/20190917091300_00160.png,52,0,52,21.6,962
9/17/2019 9:14,datasets/dataset_cropped/09_Metas/17/09/20190917091400_00160.jpg,datasets_flow/dataset_cropped/09_Metas/17/09/20190917091400_00160.jpg,datasets_cloudmask/dataset_cropped/09_Metas/17/09/20190917091400_00160.png,61.2,0,61.2,21.6,962
9/17/2019 9:15,datasets/dataset_cropped/09_Metas/17/09/20190917091500_00160.jpg,datasets_flow/dataset_cropped/09_Metas/17/09/20190917091500_00160.jpg,datasets_cloudmask/dataset_cropped/09_Metas/17/09/20190917091500_00160.png,71.9,0,72,21.5,961
9/17/2019 9:16,datasets/dataset_cropped/09_Metas/17/09/20190917091600_00160.jpg,datasets_flow/dataset_cropped/09_Metas/17/09/20190917091600_00160.jpg,datasets_cloudmask/dataset_cropped/09_Metas/17/09/20190917091600_00160.png,82.6,0,82.8,21.6,961
9/17/2019 9:17,datasets/dataset_cropped/09_Metas/17/09/20190917091700_00160.jpg,datasets_flow/dataset_cropped/09_Metas/17/09/20190917091700_00160.jpg,datasets_cloudmask/dataset_cropped/09_Metas/17/09/20190917091700_00160.png,92.2,0,92.4,21.5,962
9/17/2019 9:18,datasets/dataset_cropped/09_Metas/17/09/20190917091800_00160.jpg,datasets_flow/dataset_cropped/09_Metas/17/09/20190917091800_00160.jpg,datasets_cloudmask/dataset_cropped/09_Metas/17/09/20190917091800_00160.png,100.4,0,100.6,21.6,962
9/17/2019 9:19,datasets/dataset_cropped/09_Metas/17/09/20190917091900_00160.jpg,datasets_flow/dataset_cropped/09_Metas/17/09/20190917091900_00160.jpg,datasets_cloudmask/dataset_cropped/09_Metas/17/09/20190917091900_00160.png,108.2,0,108.5,21.6,962
9/17/2019 9:20,datasets/dataset_cropped/09_Metas/17/09/20190917092000_00160.jpg,datasets_flow/dataset_cropped/09_Metas/17/09/20190917092000_00160.jpg,datasets_cloudmask/dataset_cropped/09_Metas/17/09/20190917092000_00160.png,116,0,116.3,21.7,962
9/17/2019 9:21,datasets/dataset_cropped/09_Metas/17/09/20190917092100_00160.jpg,datasets_flow/dataset_cropped/09_Metas/17/09/20190917092100_00160.jpg,datasets_cloudmask/dataset_cropped/09_Metas/17/09/20190917092100_00160.png,123.3,0,123.5,21.7,962
9/17/2019 9:22,datasets/dataset_cropped/09_Metas/17/09/20190917092200_00160.jpg,datasets_flow/dataset_cropped/09_Metas/17/09/20190917092200_00160.jpg,datasets_cloudmask/dataset_cropped/09_Metas/17/09/20190917092200_00160.png,131.3,0,131.4,21.8,961
9/17/2019 9:23,datasets/dataset_cropped/09_Metas/17/09/20190917092300_00160.jpg,datasets_flow/dataset_cropped/09_Metas/17/09/20190917092300_00160.jpg,datasets_cloudmask/dataset_cropped/09_Metas/17/09/20190917092300_00160.png,142.4,2.8,140.9,21.8,961
9/17/2019 9:24,datasets/dataset_cropped/09_Metas/17/09/20190917092400_00160.jpg,datasets_flow/dataset_cropped/09_Metas/17/09/20190917092400_00160.jpg,datasets_cloudmask/dataset_cropped/09_Metas/17/09/20190917092400_00160.png,150,0,150.4,21.8,962
9/17/2019 9:25,datasets/dataset_cropped/09_Metas/17/09/20190917092500_00160.jpg,datasets_flow/dataset_cropped/09_Metas/17/09/20190917092500_00160.jpg,datasets_cloudmask/dataset_cropped/09_Metas/17/09/20190917092500_00160.png,155.3,0.4,155.3,21.8,962
9/17/2019 9:26,datasets/dataset_cropped/09_Metas/17/09/20190917092600_00160.jpg,datasets_flow/dataset_cropped/09_Metas/17/09/20190917092600_00160.jpg,datasets_cloudmask/dataset_cropped/09_Metas/17/09/20190917092600_00160.png,156.3,3.2,154.9,21.9,962
9/17/2019 9:27,datasets/dataset_cropped/09_Metas/17/09/20190917092700_00160.jpg,datasets_flow/dataset_cropped/09_Metas/17/09/20190917092700_00160.jpg,datasets_cloudmask/dataset_cropped/09_Metas/17/09/20190917092700_00160.png,153.9,0.6,153.8,21.9,962
9/17/2019 9:28,datasets/dataset_cropped/09_Metas/17/09/20190917092800_00160.jpg,datasets_flow/dataset_cropped/09_Metas/17/09/20190917092800_00160.jpg,datasets_cloudmask/dataset_cropped/09_Metas/17/09/20190917092800_00160.png,154.2,0.9,154,21.9,962
9/17/2019 9:29,datasets/dataset_cropped/09_Metas/17/09/20190917092900_00160.jpg,datasets_flow/dataset_cropped/09_Metas/17/09/20190917092900_00160.jpg,datasets_cloudmask/dataset_cropped/09_Metas/17/09/20190917092900_00160.png,154.4,0.8,154.5,21.9,962
9/17/2019 9:30,datasets/dataset_cropped/09_Metas/17/09/20190917093000_00160.jpg,datasets_flow/dataset_cropped/09_Metas/17/09/20190917093000_00160.jpg,datasets_cloudmask/dataset_cropped/09_Metas/17/09/20190917093000_00160.png,157.2,1,157.4,21.9,962
9/17/2019 9:31,datasets/dataset_cropped/09_Metas/17/09/20190917093100_00160.jpg,datasets_flow/dataset_cropped/09_Metas/17/09/20190917093100_00160.jpg,datasets_cloudmask/dataset_cropped/09_Metas/17/09/20190917093100_00160.png,158.4,1.2,158.5,21.9,962
9/17/2019 9:32,datasets/dataset_cropped/09_Metas/17/09/20190917093200_00160.jpg,datasets_flow/dataset_cropped/09_Metas/17/09/20190917093200_00160.jpg,datasets_cloudmask/dataset_cropped/09_Metas/17/09/20190917093200_00160.png,153.6,1.1,153.9,21.9,962
9/17/2019 9:33,datasets/dataset_cropped/09_Metas/17/09/20190917093300_00160.jpg,datasets_flow/dataset_cropped/09_Metas/17/09/20190917093300_00160.jpg,datasets_cloudmask/dataset_cropped/09_Metas/17/09/20190917093300_00160.png,147.7,1,148,21.9,962
9/17/2019 9:34,datasets/dataset_cropped/09_Metas/17/09/20190917093400_00160.jpg,datasets_flow/dataset_cropped/09_Metas/17/09/20190917093400_00160.jpg,datasets_cloudmask/dataset_cropped/09_Metas/17/09/20190917093400_00160.png,145.4,1,145.7,21.9,962
9/17/2019 9:35,datasets/dataset_cropped/09_Metas/17/09/20190917093500_00160.jpg,datasets_flow/dataset_cropped/09_Metas/17/09/20190917093500_00160.jpg,datasets_cloudmask/dataset_cropped/09_Metas/17/09/20190917093500_00160.png,145.1,0.9,145.2,21.9,961
9/17/2019 9:36,datasets/dataset_cropped/09_Metas/17/09/20190917093600_00160.jpg,datasets_flow/dataset_cropped/09_Metas/17/09/20190917093600_00160.jpg,datasets_cloudmask/dataset_cropped/09_Metas/17/09/20190917093600_00160.png,143.2,0.9,143.1,21.9,961
9/17/2019 9:37,datasets/dataset_cropped/09_Metas/17/09/20190917093700_00160.jpg,datasets_flow/dataset_cropped/09_Metas/17/09/20190917093700_00160.jpg,datasets_cloudmask/dataset_cropped/09_Metas/17/09/20190917093700_00160.png,143.4,0.6,143.3,21.9,961
9/17/2019 9:38,datasets/dataset_cropped/09_Metas/17/09/20190917093800_00160.jpg,datasets_flow/dataset_cropped/09_Metas/17/09/20190917093800_00160.jpg,datasets_cloudmask/dataset_cropped/09_Metas/17/09/20190917093800_00160.png,149.5,0.4,149.5,22,961
9/17/2019 9:39,datasets/dataset_cropped/09_Metas/17/09/20190917093900_00160.jpg,datasets_flow/dataset_cropped/09_Metas/17/09/20190917093900_00160.jpg,datasets_cloudmask/dataset_cropped/09_Metas/17/09/20190917093900_00160.png,162.7,0.4,162.7,22,961
9/17/2019 9:40,datasets/dataset_cropped/09_Metas/17/09/20190917094000_00160.jpg,datasets_flow/dataset_cropped/09_Metas/17/09/20190917094000_00160.jpg,datasets_cloudmask/dataset_cropped/09_Metas/17/09/20190917094000_00160.png,187.3,7,183.6,22,961
9/17/2019 9:41,datasets/dataset_cropped/09_Metas/17/09/20190917094100_00160.jpg,datasets_flow/dataset_cropped/09_Metas/17/09/20190917094100_00160.jpg,datasets_cloudmask/dataset_cropped/09_Metas/17/09/20190917094100_00160.png,303.4,171.2,211.4,22.1,961
9/17/2019 9:42,datasets/dataset_cropped/09_Metas/17/09/20190917094200_00160.jpg,datasets_flow/dataset_cropped/09_Metas/17/09/20190917094200_00160.jpg,datasets_cloudmask/dataset_cropped/09_Metas/17/09/20190917094200_00160.png,428.7,369.4,230,22.2,961
9/17/2019 9:43,datasets/dataset_cropped/09_Metas/17/09/20190917094300_00160.jpg,datasets_flow/dataset_cropped/09_Metas/17/09/20190917094300_00160.jpg,datasets_cloudmask/dataset_cropped/09_Metas/17/09/20190917094300_00160.png,414.5,338.1,231.9,22.3,961
9/17/2019 9:44,datasets/dataset_cropped/09_Metas/17/09/20190917094400_00160.jpg,datasets_flow/dataset_cropped/09_Metas/17/09/20190917094400_00160.jpg,datasets_cloudmask/dataset_cropped/09_Metas/17/09/20190917094400_00160.png,407.6,322.6,233,22.5,961
9/17/2019 9:45,datasets/dataset_cropped/09_Metas/17/09/20190917094500_00160.jpg,datasets_flow/dataset_cropped/09_Metas/17/09/20190917094500_00160.jpg,datasets_cloudmask/dataset_cropped/09_Metas/17/09/20190917094500_00160.png,426.8,351.6,235.6,22.7,961
9/17/2019 9:46,datasets/dataset_cropped/09_Metas/17/09/20190917094600_00160.jpg,datasets_flow/dataset_cropped/09_Metas/17/09/20190917094600_00160.jpg,datasets_cloudmask/dataset_cropped/09_Metas/17/09/20190917094600_00160.png,411.8,309.3,243,22.9,961
9/17/2019 9:47,datasets/dataset_cropped/09_Metas/17/09/20190917094700_00160.jpg,datasets_flow/dataset_cropped/09_Metas/17/09/20190917094700_00160.jpg,datasets_cloudmask/dataset_cropped/09_Metas/17/09/20190917094700_00160.png,425.4,310.3,255.5,23.2,961
9/17/2019 9:48,datasets/dataset_cropped/09_Metas/17/09/20190917094800_00160.jpg,datasets_flow/dataset_cropped/09_Metas/17/09/20190917094800_00160.jpg,datasets_cloudmask/dataset_cropped/09_Metas/17/09/20190917094800_00160.png,409.3,258,267.2,23.3,961
9/17/2019 9:49,datasets/dataset_cropped/09_Metas/17/09/20190917094900_00160.jpg,datasets_flow/dataset_cropped/09_Metas/17/09/20190917094900_00160.jpg,datasets_cloudmask/dataset_cropped/09_Metas/17/09/20190917094900_00160.png,346.1,129.3,275.3,23.4,961
9/17/2019 9:50,datasets/dataset_cropped/09_Metas/17/09/20190917095000_00160.jpg,datasets_flow/dataset_cropped/09_Metas/17/09/20190917095000_00160.jpg,datasets_cloudmask/dataset_cropped/09_Metas/17/09/20190917095000_00160.png,309.9,63,275.9,23.5,961
9/17/2019 9:51,datasets/dataset_cropped/09_Metas/17/09/20190917095100_00160.jpg,datasets_flow/dataset_cropped/09_Metas/17/09/20190917095100_00160.jpg,datasets_cloudmask/dataset_cropped/09_Metas/17/09/20190917095100_00160.png,312.5,58.8,280.3,23.6,961
9/17/2019 9:52,datasets/dataset_cropped/09_Metas/17/09/20190917095200_00160.jpg,datasets_flow/dataset_cropped/09_Metas/17/09/20190917095200_00160.jpg,datasets_cloudmask/dataset_cropped/09_Metas/17/09/20190917095200_00160.png,377.3,154.2,290.8,23.5,961
9/17/2019 9:53,datasets/dataset_cropped/09_Metas/17/09/20190917095300_00160.jpg,datasets_flow/dataset_cropped/09_Metas/17/09/20190917095300_00160.jpg,datasets_cloudmask/dataset_cropped/09_Metas/17/09/20190917095300_00160.png,377.2,153.6,290.6,23.4,962
9/17/2019 9:54,datasets/dataset_cropped/09_Metas/17/09/20190917095400_00160.jpg,datasets_flow/dataset_cropped/09_Metas/17/09/20190917095400_00160.jpg,datasets_cloudmask/dataset_cropped/09_Metas/17/09/20190917095400_00160.png,325.7,77.1,282.4,23.2,962
9/17/2019 9:55,datasets/dataset_cropped/09_Metas/17/09/20190917095500_00160.jpg,datasets_flow/dataset_cropped/09_Metas/17/09/20190917095500_00160.jpg,datasets_cloudmask/dataset_cropped/09_Metas/17/09/20190917095500_00160.png,280,17.9,269.8,23.1,962
9/17/2019 9:56,datasets/dataset_cropped/09_Metas/17/09/20190917095600_00160.jpg,datasets_flow/dataset_cropped/09_Metas/17/09/20190917095600_00160.jpg,datasets_cloudmask/dataset_cropped/09_Metas/17/09/20190917095600_00160.png,276.1,38.7,253.8,23.2,962
9/17/2019 9:57,datasets/dataset_cropped/09_Metas/17/09/20190917095700_00160.jpg,datasets_flow/dataset_cropped/09_Metas/17/09/20190917095700_00160.jpg,datasets_cloudmask/dataset_cropped/09_Metas/17/09/20190917095700_00160.png,238.6,8.1,234.1,23.1,962
9/17/2019 9:58,datasets/dataset_cropped/09_Metas/17/09/20190917095800_00160.jpg,datasets_flow/dataset_cropped/09_Metas/17/09/20190917095800_00160.jpg,datasets_cloudmask/dataset_cropped/09_Metas/17/09/20190917095800_00160.png,215.8,6.3,212.1,23,962
9/17/2019 9:59,datasets/dataset_cropped/09_Metas/17/09/20190917095900_00160.jpg,datasets_flow/dataset_cropped/09_Metas/17/09/20190917095900_00160.jpg,datasets_cloudmask/dataset_cropped/09_Metas/17/09/20190917095900_00160.png,189.3,1,188.6,23,962
9/17/2019 10:00,datasets/dataset_cropped/09_Metas/17/10/20190917100000_00160.jpg,datasets_flow/dataset_cropped/09_Metas/17/10/20190917100000_00160.jpg,datasets_cloudmask/dataset_cropped/09_Metas/17/10/20190917100000_00160.png,166.3,0.3,166,22.9,962
9/17/2019 10:01,datasets/dataset_cropped/09_Metas/17/10/20190917100100_00160.jpg,datasets_flow/dataset_cropped/09_Metas/17/10/20190917100100_00160.jpg,datasets_cloudmask/dataset_cropped/09_Metas/17/10/20190917100100_00160.png,145.5,0,145.5,22.9,962
9/17/2019 10:02,datasets/dataset_cropped/09_Metas/17/10/20190917100200_00160.jpg,datasets_flow/dataset_cropped/09_Metas/17/10/20190917100200_00160.jpg,datasets_cloudmask/dataset_cropped/09_Metas/17/10/20190917100200_00160.png,128.4,0,128.3,22.7,962
9/17/2019 10:03,datasets/dataset_cropped/09_Metas/17/10/20190917100300_00160.jpg,datasets_flow/dataset_cropped/09_Metas/17/10/20190917100300_00160.jpg,datasets_cloudmask/dataset_cropped/09_Metas/17/10/20190917100300_00160.png,115.6,0,115.5,22.6,962
9/17/2019 10:04,datasets/dataset_cropped/09_Metas/17/10/20190917100400_00160.jpg,datasets_flow/dataset_cropped/09_Metas/17/10/20190917100400_00160.jpg,datasets_cloudmask/dataset_cropped/09_Metas/17/10/20190917100400_00160.png,106.8,0,106.8,22.6,962
9/17/2019 10:05,datasets/dataset_cropped/09_Metas/17/10/20190917100500_00160.jpg,datasets_flow/dataset_cropped/09_Metas/17/10/20190917100500_00160.jpg,datasets_cloudmask/dataset_cropped/09_Metas/17/10/20190917100500_00160.png,101.4,0,101.3,22.6,962
9/17/2019 10:06,datasets/dataset_cropped/09_Metas/17/10/20190917100600_00160.jpg,datasets_flow/dataset_cropped/09_Metas/17/10/20190917100600_00160.jpg,datasets_cloudmask/dataset_cropped/09_Metas/17/10/20190917100600_00160.png,98.6,0,98.5,22.6,962
9/17/2019 10:07,datasets/dataset_cropped/09_Metas/17/10/20190917100700_00160.jpg,datasets_flow/dataset_cropped/09_Metas/17/10/20190917100700_00160.jpg,datasets_cloudmask/dataset_cropped/09_Metas/17/10/20190917100700_00160.png,98.1,0,98.1,22.5,962
9/17/2019 10:08,datasets/dataset_cropped/09_Metas/17/10/20190917100800_00160.jpg,datasets_flow/dataset_cropped/09_Metas/17/10/20190917100800_00160.jpg,datasets_cloudmask/dataset_cropped/09_Metas/17/10/20190917100800_00160.png,99.7,0,99.6,22.5,962
9/17/2019 10:09,datasets/dataset_cropped/09_Metas/17/10/20190917100900_00160.jpg,datasets_flow/dataset_cropped/09_Metas/17/10/20190917100900_00160.jpg,datasets_cloudmask/dataset_cropped/09_Metas/17/10/20190917100900_00160.png,103.4,0,103.4,22.6,962
9/17/2019 10:10,datasets/dataset_cropped/09_Metas/17/10/20190917101000_00160.jpg,datasets_flow/dataset_cropped/09_Metas/17/10/20190917101000_00160.jpg,datasets_cloudmask/dataset_cropped/09_Metas/17/10/20190917101000_00160.png,109.7,0,109.7,22.7,962
9/17/2019 10:11,datasets/dataset_cropped/09_Metas/17/10/20190917101100_00160.jpg,datasets_flow/dataset_cropped/09_Metas/17/10/20190917101100_00160.jpg,datasets_cloudmask/dataset_cropped/09_Metas/17/10/20190917101100_00160.png,118.3,0,118.4,22.7,962
9/17/2019 10:12,datasets/dataset_cropped/09_Metas/17/10/20190917101200_00160.jpg,datasets_flow/dataset_cropped/09_Metas/17/10/20190917101200_00160.jpg,datasets_cloudmask/dataset_cropped/09_Metas/17/10/20190917101200_00160.png,127.7,0,127.9,22.7,962
9/17/2019 10:13,datasets/dataset_cropped/09_Metas/17/10/20190917101300_00160.jpg,datasets_flow/dataset_cropped/09_Metas/17/10/20190917101300_00160.jpg,datasets_cloudmask/dataset_cropped/09_Metas/17/10/20190917101300_00160.png,136,0,136.2,22.8,962
9/17/2019 10:14,datasets/dataset_cropped/09_Metas/17/10/20190917101400_00160.jpg,datasets_flow/dataset_cropped/09_Metas/17/10/20190917101400_00160.jpg,datasets_cloudmask/dataset_cropped/09_Metas/17/10/20190917101400_00160.png,142.2,0,142.3,22.8,962
9/17/2019 10:15,datasets/dataset_cropped/09_Metas/17/10/20190917101500_00160.jpg,datasets_flow/dataset_cropped/09_Metas/17/10/20190917101500_00160.jpg,datasets_cloudmask/dataset_cropped/09_Metas/17/10/20190917101500_00160.png,145.6,0,145.6,22.9,962
9/17/2019 10:16,datasets/dataset_cropped/09_Metas/17/10/20190917101600_00160.jpg,datasets_flow/dataset_cropped/09_Metas/17/10/20190917101600_00160.jpg,datasets_cloudmask/dataset_cropped/09_Metas/17/10/20190917101600_00160.png,146.6,0,146.5,23,962
9/17/2019 10:17,datasets/dataset_cropped/09_Metas/17/10/20190917101700_00160.jpg,datasets_flow/dataset_cropped/09_Metas/17/10/20190917101700_00160.jpg,datasets_cloudmask/dataset_cropped/09_Metas/17/10/20190917101700_00160.png,146.9,0.2,146.6,23,962
9/17/2019 10:18,datasets/dataset_cropped/09_Metas/17/10/20190917101800_00160.jpg,datasets_flow/dataset_cropped/09_Metas/17/10/20190917101800_00160.jpg,datasets_cloudmask/dataset_cropped/09_Metas/17/10/20190917101800_00160.png,147.1,0.3,146.9,23.1,962
9/17/2019 10:19,datasets/dataset_cropped/09_Metas/17/10/20190917101900_00149.jpg,datasets_flow/dataset_cropped/09_Metas/17/10/20190917101900_00149.jpg,datasets_cloudmask/dataset_cropped/09_Metas/17/10/20190917101900_00149.png,147.2,0.5,147,23.1,962
9/17/2019 10:20,datasets/dataset_cropped/09_Metas/17/10/20190917102000_00149.jpg,datasets_flow/dataset_cropped/09_Metas/17/10/20190917102000_00149.jpg,datasets_cloudmask/dataset_cropped/09_Metas/17/10/20190917102000_00149.png,146.3,0.7,146,23.1,962
9/17/2019 10:21,datasets/dataset_cropped/09_Metas/17/10/20190917102100_00149.jpg,datasets_flow/dataset_cropped/09_Metas/17/10/20190917102100_00149.jpg,datasets_cloudmask/dataset_cropped/09_Metas/17/10/20190917102100_00149.png,147,3.6,144.8,23.3,961
9/17/2019 10:22,datasets/dataset_cropped/09_Metas/17/10/20190917102200_00149.jpg,datasets_flow/dataset_cropped/09_Metas/17/10/20190917102200_00149.jpg,datasets_cloudmask/dataset_cropped/09_Metas/17/10/20190917102200_00149.png,145.8,1.5,145,23.3,961
9/17/2019 10:23,datasets/dataset_cropped/09_Metas/17/10/20190917102300_00149.jpg,datasets_flow/dataset_cropped/09_Metas/17/10/20190917102300_00149.jpg,datasets_cloudmask/dataset_cropped/09_Metas/17/10/20190917102300_00149.png,149.2,3.2,147.5,23.3,961
9/17/2019 10:24,datasets/dataset_cropped/09_Metas/17/10/20190917102400_00149.jpg,datasets_flow/dataset_cropped/09_Metas/17/10/20190917102400_00149.jpg,datasets_cloudmask/dataset_cropped/09_Metas/17/10/20190917102400_00149.png,152.6,0.9,152.4,23.4,961
9/17/2019 10:25,datasets/dataset_cropped/09_Metas/17/10/20190917102500_00149.jpg,datasets_flow/dataset_cropped/09_Metas/17/10/20190917102500_00149.jpg,datasets_cloudmask/dataset_cropped/09_Metas/17/10/20190917102500_00149.png,159.6,1.1,159.3,23.4,962
9/17/2019 10:26,datasets/dataset_cropped/09_Metas/17/10/20190917102600_00160.jpg,datasets_flow/dataset_cropped/09_Metas/17/10/20190917102600_00160.jpg,datasets_cloudmask/dataset_cropped/09_Metas/17/10/20190917102600_00160.png,167.2,1,167.1,23.5,962
9/17/2019 10:27,datasets/dataset_cropped/09_Metas/17/10/20190917102700_00160.jpg,datasets_flow/dataset_cropped/09_Metas/17/10/20190917102700_00160.jpg,datasets_cloudmask/dataset_cropped/09_Metas/17/10/20190917102700_00160.png,174.4,1.1,174.4,23.5,962
9/17/2019 10:28,datasets/dataset_cropped/09_Metas/17/10/20190917102800_00160.jpg,datasets_flow/dataset_cropped/09_Metas/17/10/20190917102800_00160.jpg,datasets_cloudmask/dataset_cropped/09_Metas/17/10/20190917102800_00160.png,178.7,1.1,178.7,23.4,962
9/17/2019 10:29,datasets/dataset_cropped/09_Metas/17/10/20190917102900_00160.jpg,datasets_flow/dataset_cropped/09_Metas/17/10/20190917102900_00160.jpg,datasets_cloudmask/dataset_cropped/09_Metas/17/10/20190917102900_00160.png,178.1,1.3,178.1,23.5,962
9/17/2019 10:30,datasets/dataset_cropped/09_Metas/17/10/20190917103000_00160.jpg,datasets_flow/dataset_cropped/09_Metas/17/10/20190917103000_00160.jpg,datasets_cloudmask/dataset_cropped/09_Metas/17/10/20190917103000_00160.png,173.9,1.4,174.1,23.6,962
9/17/2019 10:31,datasets/dataset_cropped/09_Metas/17/10/20190917103100_00160.jpg,datasets_flow/dataset_cropped/09_Metas/17/10/20190917103100_00160.jpg,datasets_cloudmask/dataset_cropped/09_Metas/17/10/20190917103100_00160.png,167.6,1.4,167.8,23.7,962
9/17/2019 10:32,datasets/dataset_cropped/09_Metas/17/10/20190917103200_00160.jpg,datasets_flow/dataset_cropped/09_Metas/17/10/20190917103200_00160.jpg,datasets_cloudmask/dataset_cropped/09_Metas/17/10/20190917103200_00160.png,159.4,1.4,159.7,23.7,962
9/17/2019 10:33,datasets/dataset_cropped/09_Metas/17/10/20190917103300_00160.jpg,datasets_flow/dataset_cropped/09_Metas/17/10/20190917103300_00160.jpg,datasets_cloudmask/dataset_cropped/09_Metas/17/10/20190917103300_00160.png,148.8,1.4,148.9,23.7,962
9/17/2019 10:34,datasets/dataset_cropped/09_Metas/17/10/20190917103400_00160.jpg,datasets_flow/dataset_cropped/09_Metas/17/10/20190917103400_00160.jpg,datasets_cloudmask/dataset_cropped/09_Metas/17/10/20190917103400_00160.png,134.9,1.4,134.9,23.8,963
9/17/2019 10:35,datasets/dataset_cropped/09_Metas/17/10/20190917103500_00160.jpg,datasets_flow/dataset_cropped/09_Metas/17/10/20190917103500_00160.jpg,datasets_cloudmask/dataset_cropped/09_Metas/17/10/20190917103500_00160.png,118,1.4,118,23.8,963
9/17/2019 10:36,datasets/dataset_cropped/09_Metas/17/10/20190917103600_00160.jpg,datasets_flow/dataset_cropped/09_Metas/17/10/20190917103600_00160.jpg,datasets_cloudmask/dataset_cropped/09_Metas/17/10/20190917103600_00160.png,100.9,1.2,101,23.8,963
9/17/2019 10:37,datasets/dataset_cropped/09_Metas/17/10/20190917103700_00160.jpg,datasets_flow/dataset_cropped/09_Metas/17/10/20190917103700_00160.jpg,datasets_cloudmask/dataset_cropped/09_Metas/17/10/20190917103700_00160.png,87.3,1.1,87.3,23.8,963
9/17/2019 10:38,datasets/dataset_cropped/09_Metas/17/10/20190917103800_00160.jpg,datasets_flow/dataset_cropped/09_Metas/17/10/20190917103800_00160.jpg,datasets_cloudmask/dataset_cropped/09_Metas/17/10/20190917103800_00160.png,77.6,0.9,77.5,23.8,963
9/17/2019 10:39,datasets/dataset_cropped/09_Metas/17/10/20190917103900_00160.jpg,datasets_flow/dataset_cropped/09_Metas/17/10/20190917103900_00160.jpg,datasets_cloudmask/dataset_cropped/09_Metas/17/10/20190917103900_00160.png,70.6,0.8,70.6,23.8,963
9/17/2019 10:40,datasets/dataset_cropped/09_Metas/17/10/20190917104000_00160.jpg,datasets_flow/dataset_cropped/09_Metas/17/10/20190917104000_00160.jpg,datasets_cloudmask/dataset_cropped/09_Metas/17/10/20190917104000_00160.png,65.6,0.6,65.6,23.7,963
9/17/2019 10:41,datasets/dataset_cropped/09_Metas/17/10/20190917104100_00160.jpg,datasets_flow/dataset_cropped/09_Metas/17/10/20190917104100_00160.jpg,datasets_cloudmask/dataset_cropped/09_Metas/17/10/20190917104100_00160.png,62,0.4,62,23.6,963
9/17/2019 10:42,datasets/dataset_cropped/09_Metas/17/10/20190917104200_00160.jpg,datasets_flow/dataset_cropped/09_Metas/17/10/20190917104200_00160.jpg,datasets_cloudmask/dataset_cropped/09_Metas/17/10/20190917104200_00160.png,59.4,0.2,59.4,23.6,963
9/17/2019 10:43,datasets/dataset_cropped/09_Metas/17/10/20190917104300_00160.jpg,datasets_flow/dataset_cropped/09_Metas/17/10/20190917104300_00160.jpg,datasets_cloudmask/dataset_cropped/09_Metas/17/10/20190917104300_00160.png,57.5,0.1,57.5,23.6,963
9/17/2019 10:44,datasets/dataset_cropped/09_Metas/17/10/20190917104400_00160.jpg,datasets_flow/dataset_cropped/09_Metas/17/10/20190917104400_00160.jpg,datasets_cloudmask/dataset_cropped/09_Metas/17/10/20190917104400_00160.png,56.3,0.1,56.4,23.7,963
9/17/2019 10:45,datasets/dataset_cropped/09_Metas/17/10/20190917104500_00160.jpg,datasets_flow/dataset_cropped/09_Metas/17/10/20190917104500_00160.jpg,datasets_cloudmask/dataset_cropped/09_Metas/17/10/20190917104500_00160.png,55.9,0.2,55.9,23.7,963
9/17/2019 10:46,datasets/dataset_cropped/09_Metas/17/10/20190917104600_00160.jpg,datasets_flow/dataset_cropped/09_Metas/17/10/20190917104600_00160.jpg,datasets_cloudmask/dataset_cropped/09_Metas/17/10/20190917104600_00160.png,55.9,0.2,55.9,23.7,963
9/17/2019 10:47,datasets/dataset_cropped/09_Metas/17/10/20190917104700_00160.jpg,datasets_flow/dataset_cropped/09_Metas/17/10/20190917104700_00160.jpg,datasets_cloudmask/dataset_cropped/09_Metas/17/10/20190917104700_00160.png,56.2,0.2,56.2,23.7,963
9/17/2019 10:48,datasets/dataset_cropped/09_Metas/17/10/20190917104800_00160.jpg,datasets_flow/dataset_cropped/09_Metas/17/10/20190917104800_00160.jpg,datasets_cloudmask/dataset_cropped/09_Metas/17/10/20190917104800_00160.png,56.6,0.2,56.6,23.7,963
9/17/2019 10:49,datasets/dataset_cropped/09_Metas/17/10/20190917104900_00160.jpg,datasets_flow/dataset_cropped/09_Metas/17/10/20190917104900_00160.jpg,datasets_cloudmask/dataset_cropped/09_Metas/17/10/20190917104900_00160.png,57.4,0.2,57.3,23.7,963
9/17/2019 10:50,datasets/dataset_cropped/09_Metas/17/10/20190917105000_00160.jpg,datasets_flow/dataset_cropped/09_Metas/17/10/20190917105000_00160.jpg,datasets_cloudmask/dataset_cropped/09_Metas/17/10/20190917105000_00160.png,58.5,0.1,58.4,23.7,963
9/17/2019 10:51,datasets/dataset_cropped/09_Metas/17/10/20190917105100_00160.jpg,datasets_flow/dataset_cropped/09_Metas/17/10/20190917105100_00160.jpg,datasets_cloudmask/dataset_cropped/09_Metas/17/10/20190917105100_00160.png,59.8,0,59.6,23.7,963
9/17/2019 10:52,datasets/dataset_cropped/09_Metas/17/10/20190917105200_00160.jpg,datasets_flow/dataset_cropped/09_Metas/17/10/20190917105200_00160.jpg,datasets_cloudmask/dataset_cropped/09_Metas/17/10/20190917105200_00160.png,60.6,0,60.5,23.7,963
9/17/2019 10:53,datasets/dataset_cropped/09_Metas/17/10/20190917105300_00160.jpg,datasets_flow/dataset_cropped/09_Metas/17/10/20190917105300_00160.jpg,datasets_cloudmask/dataset_cropped/09_Metas/17/10/20190917105300_00160.png,61.2,0,61,23.6,963
9/17/2019 10:54,datasets/dataset_cropped/09_Metas/17/10/20190917105400_00160.jpg,datasets_flow/dataset_cropped/09_Metas/17/10/20190917105400_00160.jpg,datasets_cloudmask/dataset_cropped/09_Metas/17/10/20190917105400_00160.png,61.6,0,61.4,23.6,963
9/17/2019 10:55,datasets/dataset_cropped/09_Metas/17/10/20190917105500_00160.jpg,datasets_flow/dataset_cropped/09_Metas/17/10/20190917105500_00160.jpg,datasets_cloudmask/dataset_cropped/09_Metas/17/10/20190917105500_00160.png,61.8,0,61.6,23.6,963
9/17/2019 10:56,datasets/dataset_cropped/09_Metas/17/10/20190917105600_00160.jpg,datasets_flow/dataset_cropped/09_Metas/17/10/20190917105600_00160.jpg,datasets_cloudmask/dataset_cropped/09_Metas/17/10/20190917105600_00160.png,61.5,0,61.4,23.6,963
9/17/2019 10:57,datasets/dataset_cropped/09_Metas/17/10/20190917105700_00160.jpg,datasets_flow/dataset_cropped/09_Metas/17/10/20190917105700_00160.jpg,datasets_cloudmask/dataset_cropped/09_Metas/17/10/20190917105700_00160.png,60.6,0,60.5,23.7,962
9/17/2019 10:58,datasets/dataset_cropped/09_Metas/17/10/20190917105800_00160.jpg,datasets_flow/dataset_cropped/09_Metas/17/10/20190917105800_00160.jpg,datasets_cloudmask/dataset_cropped/09_Metas/17/10/20190917105800_00160.png,59.4,0,59.2,23.7,962
9/17/2019 10:59,datasets/dataset_cropped/09_Metas/17/10/20190917105900_00160.jpg,datasets_flow/dataset_cropped/09_Metas/17/10/20190917105900_00160.jpg,datasets_cloudmask/dataset_cropped/09_Metas/17/10/20190917105900_00160.png,58.1,0,57.9,23.6,962
9/17/2019 11:00,datasets/dataset_cropped/09_Metas/17/11/20190917110000_00160.jpg,datasets_flow/dataset_cropped/09_Metas/17/11/20190917110000_00160.jpg,datasets_cloudmask/dataset_cropped/09_Metas/17/11/20190917110000_00160.png,57.4,0,57.1,23.6,962
9/17/2019 11:01,datasets/dataset_cropped/09_Metas/17/11/20190917110100_00160.jpg,datasets_flow/dataset_cropped/09_Metas/17/11/20190917110100_00160.jpg,datasets_cloudmask/dataset_cropped/09_Metas/17/11/20190917110100_00160.png,58.1,0,57.9,23.6,962
9/17/2019 11:02,datasets/dataset_cropped/09_Metas/17/11/20190917110200_00160.jpg,datasets_flow/dataset_cropped/09_Metas/17/11/20190917110200_00160.jpg,datasets_cloudmask/dataset_cropped/09_Metas/17/11/20190917110200_00160.png,61,0,60.8,23.5,962
9/17/2019 11:03,datasets/dataset_cropped/09_Metas/17/11/20190917110300_00160.jpg,datasets_flow/dataset_cropped/09_Metas/17/11/20190917110300_00160.jpg,datasets_cloudmask/dataset_cropped/09_Metas/17/11/20190917110300_00160.png,65.7,0,65.5,23.5,962
9/17/2019 11:04,datasets/dataset_cropped/09_Metas/17/11/20190917110400_00160.jpg,datasets_flow/dataset_cropped/09_Metas/17/11/20190917110400_00160.jpg,datasets_cloudmask/dataset_cropped/09_Metas/17/11/20190917110400_00160.png,70.9,0,70.7,23.4,962
9/17/2019 11:05,datasets/dataset_cropped/09_Metas/17/11/20190917110500_00160.jpg,datasets_flow/dataset_cropped/09_Metas/17/11/20190917110500_00160.jpg,datasets_cloudmask/dataset_cropped/09_Metas/17/11/20190917110500_00160.png,76.3,0,76,23.4,962
9/17/2019 11:06,datasets/dataset_cropped/09_Metas/17/11/20190917110600_00160.jpg,datasets_flow/dataset_cropped/09_Metas/17/11/20190917110600_00160.jpg,datasets_cloudmask/dataset_cropped/09_Metas/17/11/20190917110600_00160.png,81.8,0,81.3,23.4,962
9/17/2019 11:07,datasets/dataset_cropped/09_Metas/17/11/20190917110700_00160.jpg,datasets_flow/dataset_cropped/09_Metas/17/11/20190917110700_00160.jpg,datasets_cloudmask/dataset_cropped/09_Metas/17/11/20190917110700_00160.png,86.9,0,86.7,23.4,962
9/17/2019 11:08,datasets/dataset_cropped/09_Metas/17/11/20190917110800_00160.jpg,datasets_flow/dataset_cropped/09_Metas/17/11/20190917110800_00160.jpg,datasets_cloudmask/dataset_cropped/09_Metas/17/11/20190917110800_00160.png,92.3,0,92.2,23.5,962
9/17/2019 11:09,datasets/dataset_cropped/09_Metas/17/11/20190917110900_00160.jpg,datasets_flow/dataset_cropped/09_Metas/17/11/20190917110900_00160.jpg,datasets_cloudmask/dataset_cropped/09_Metas/17/11/20190917110900_00160.png,99.2,0,99,23.4,962
9/17/2019 11:10,datasets/dataset_cropped/09_Metas/17/11/20190917111000_00160.jpg,datasets_flow/dataset_cropped/09_Metas/17/11/20190917111000_00160.jpg,datasets_cloudmask/dataset_cropped/09_Metas/17/11/20190917111000_00160.png,108.3,0,107.7,23.4,962
9/17/2019 11:11,datasets/dataset_cropped/09_Metas/17/11/20190917111100_00160.jpg,datasets_flow/dataset_cropped/09_Metas/17/11/20190917111100_00160.jpg,datasets_cloudmask/dataset_cropped/09_Metas/17/11/20190917111100_00160.png,119.9,0,119,23.4,962
9/17/2019 11:12,datasets/dataset_cropped/09_Metas/17/11/20190917111200_00160.jpg,datasets_flow/dataset_cropped/09_Metas/17/11/20190917111200_00160.jpg,datasets_cloudmask/dataset_cropped/09_Metas/17/11/20190917111200_00160.png,134,0,132.9,23.4,962
9/17/2019 11:13,datasets/dataset_cropped/09_Metas/17/11/20190917111300_00160.jpg,datasets_flow/dataset_cropped/09_Metas/17/11/20190917111300_00160.jpg,datasets_cloudmask/dataset_cropped/09_Metas/17/11/20190917111300_00160.png,150.6,0,149.2,23.3,962
9/17/2019 11:14,datasets/dataset_cropped/09_Metas/17/11/20190917111400_00160.jpg,datasets_flow/dataset_cropped/09_Metas/17/11/20190917111400_00160.jpg,datasets_cloudmask/dataset_cropped/09_Metas/17/11/20190917111400_00160.png,171.1,0.1,169.5,23.4,962
9/17/2019 11:15,datasets/dataset_cropped/09_Metas/17/11/20190917111500_00160.jpg,datasets_flow/dataset_cropped/09_Metas/17/11/20190917111500_00160.jpg,datasets_cloudmask/dataset_cropped/09_Metas/17/11/20190917111500_00160.png,197.5,0.5,196,23.5,962
9/17/2019 11:16,datasets/dataset_cropped/09_Metas/17/11/20190917111600_00160.jpg,datasets_flow/dataset_cropped/09_Metas/17/11/20190917111600_00160.jpg,datasets_cloudmask/dataset_cropped/09_Metas/17/11/20190917111600_00160.png,244.5,15.6,231.8,23.5,962
9/17/2019 11:17,datasets/dataset_cropped/09_Metas/17/11/20190917111700_00160.jpg,datasets_flow/dataset_cropped/09_Metas/17/11/20190917111700_00160.jpg,datasets_cloudmask/dataset_cropped/09_Metas/17/11/20190917111700_00160.png,290.5,27.1,269.6,23.6,962
9/17/2019 11:18,datasets/dataset_cropped/09_Metas/17/11/20190917111800_00160.jpg,datasets_flow/dataset_cropped/09_Metas/17/11/20190917111800_00160.jpg,datasets_cloudmask/dataset_cropped/09_Metas/17/11/20190917111800_00160.png,302.1,7.5,296.3,23.7,962
9/17/2019 11:19,datasets/dataset_cropped/09_Metas/17/11/20190917111900_00160.jpg,datasets_flow/dataset_cropped/09_Metas/17/11/20190917111900_00160.jpg,datasets_cloudmask/dataset_cropped/09_Metas/17/11/20190917111900_00160.png,328.7,9.4,321.6,23.8,962
9/17/2019 11:20,datasets/dataset_cropped/09_Metas/17/11/20190917112000_00160.jpg,datasets_flow/dataset_cropped/09_Metas/17/11/20190917112000_00160.jpg,datasets_cloudmask/dataset_cropped/09_Metas/17/11/20190917112000_00160.png,358.1,22.1,341.2,23.9,962
9/17/2019 11:21,datasets/dataset_cropped/09_Metas/17/11/20190917112100_00160.jpg,datasets_flow/dataset_cropped/09_Metas/17/11/20190917112100_00160.jpg,datasets_cloudmask/dataset_cropped/09_Metas/17/11/20190917112100_00160.png,415.2,66.5,364,24,962
9/17/2019 11:22,datasets/dataset_cropped/09_Metas/17/11/20190917112200_00160.jpg,datasets_flow/dataset_cropped/09_Metas/17/11/20190917112200_00160.jpg,datasets_cloudmask/dataset_cropped/09_Metas/17/11/20190917112200_00160.png,489.9,130.8,389.9,24.1,962
9/17/2019 11:23,datasets/dataset_cropped/09_Metas/17/11/20190917112300_00160.jpg,datasets_flow/dataset_cropped/09_Metas/17/11/20190917112300_00160.jpg,datasets_cloudmask/dataset_cropped/09_Metas/17/11/20190917112300_00160.png,510.3,142.6,401.6,24.2,962
9/17/2019 11:24,datasets/dataset_cropped/09_Metas/17/11/20190917112400_00160.jpg,datasets_flow/dataset_cropped/09_Metas/17/11/20190917112400_00160.jpg,datasets_cloudmask/dataset_cropped/09_Metas/17/11/20190917112400_00160.png,569.2,208.6,410.4,24.2,962
9/17/2019 11:25,datasets/dataset_cropped/09_Metas/17/11/20190917112500_00160.jpg,datasets_flow/dataset_cropped/09_Metas/17/11/20190917112500_00160.jpg,datasets_cloudmask/dataset_cropped/09_Metas/17/11/20190917112500_00160.png,640.3,300.7,412.5,24.3,962
9/17/2019 11:26,datasets/dataset_cropped/09_Metas/17/11/20190917112600_00160.jpg,datasets_flow/dataset_cropped/09_Metas/17/11/20190917112600_00160.jpg,datasets_cloudmask/dataset_cropped/09_Metas/17/11/20190917112600_00160.png,669.5,341.7,410.4,24.5,962
9/17/2019 11:27,datasets/dataset_cropped/09_Metas/17/11/20190917112700_00160.jpg,datasets_flow/dataset_cropped/09_Metas/17/11/20190917112700_00160.jpg,datasets_cloudmask/dataset_cropped/09_Metas/17/11/20190917112700_00160.png,482.7,111.4,397.9,24.6,962
9/17/2019 11:28,datasets/dataset_cropped/09_Metas/17/11/20190917112800_00160.jpg,datasets_flow/dataset_cropped/09_Metas/17/11/20190917112800_00160.jpg,datasets_cloudmask/dataset_cropped/09_Metas/17/11/20190917112800_00160.png,413.3,21.6,396.6,24.9,962
9/17/2019 11:29,datasets/dataset_cropped/09_Metas/17/11/20190917112900_00160.jpg,datasets_flow/dataset_cropped/09_Metas/17/11/20190917112900_00160.jpg,datasets_cloudmask/dataset_cropped/09_Metas/17/11/20190917112900_00160.png,642.4,290.8,419.9,25,961
9/17/2019 11:30,datasets/dataset_cropped/09_Metas/17/11/20190917113000_00160.jpg,datasets_flow/dataset_cropped/09_Metas/17/11/20190917113000_00160.jpg,datasets_cloudmask/dataset_cropped/09_Metas/17/11/20190917113000_00160.png,790.1,468.1,432.1,24.8,961
9/17/2019 11:31,datasets/dataset_cropped/09_Metas/17/11/20190917113100_00160.jpg,datasets_flow/dataset_cropped/09_Metas/17/11/20190917113100_00160.jpg,datasets_cloudmask/dataset_cropped/09_Metas/17/11/20190917113100_00160.png,516.3,134,412.5,24.6,961
9/17/2019 11:32,datasets/dataset_cropped/09_Metas/17/11/20190917113200_00160.jpg,datasets_flow/dataset_cropped/09_Metas/17/11/20190917113200_00160.jpg,datasets_cloudmask/dataset_cropped/09_Metas/17/11/20190917113200_00160.png,491.2,122.6,397.4,24.6,961
9/17/2019 11:33,datasets/dataset_cropped/09_Metas/17/11/20190917113300_00160.jpg,datasets_flow/dataset_cropped/09_Metas/17/11/20190917113300_00160.jpg,datasets_cloudmask/dataset_cropped/09_Metas/17/11/20190917113300_00160.png,721.6,419.5,398.9,24.6,961
9/17/2019 11:34,datasets/dataset_cropped/09_Metas/17/11/20190917113400_00160.jpg,datasets_flow/dataset_cropped/09_Metas/17/11/20190917113400_00160.jpg,datasets_cloudmask/dataset_cropped/09_Metas/17/11/20190917113400_00160.png,619.9,322.6,370.8,24.6,961
9/17/2019 11:35,datasets/dataset_cropped/09_Metas/17/11/20190917113500_00160.jpg,datasets_flow/dataset_cropped/09_Metas/17/11/20190917113500_00160.jpg,datasets_cloudmask/dataset_cropped/09_Metas/17/11/20190917113500_00160.png,423.4,118.3,330.7,24.5,961
9/17/2019 11:36,datasets/dataset_cropped/09_Metas/17/11/20190917113600_00160.jpg,datasets_flow/dataset_cropped/09_Metas/17/11/20190917113600_00160.jpg,datasets_cloudmask/dataset_cropped/09_Metas/17/11/20190917113600_00160.png,352.3,70.5,297.3,24.6,961
9/17/2019 11:37,datasets/dataset_cropped/09_Metas/17/11/20190917113700_00160.jpg,datasets_flow/dataset_cropped/09_Metas/17/11/20190917113700_00160.jpg,datasets_cloudmask/dataset_cropped/09_Metas/17/11/20190917113700_00160.png,270.5,11.5,261.1,24.3,961
9/17/2019 11:38,datasets/dataset_cropped/09_Metas/17/11/20190917113800_00160.jpg,datasets_flow/dataset_cropped/09_Metas/17/11/20190917113800_00160.jpg,datasets_cloudmask/dataset_cropped/09_Metas/17/11/20190917113800_00160.png,249.7,18.1,234.5,24.3,961
9/17/2019 11:39,datasets/dataset_cropped/09_Metas/17/11/20190917113900_00160.jpg,datasets_flow/dataset_cropped/09_Metas/17/11/20190917113900_00160.jpg,datasets_cloudmask/dataset_cropped/09_Metas/17/11/20190917113900_00160.png,221.2,9.9,212.1,24.4,961
9/17/2019 11:40,datasets/dataset_cropped/09_Metas/17/11/20190917114000_00160.jpg,datasets_flow/dataset_cropped/09_Metas/17/11/20190917114000_00160.jpg,datasets_cloudmask/dataset_cropped/09_Metas/17/11/20190917114000_00160.png,198.2,0.1,196.9,24.4,961
9/17/2019 11:41,datasets/dataset_cropped/09_Metas/17/11/20190917114100_00160.jpg,datasets_flow/dataset_cropped/09_Metas/17/11/20190917114100_00160.jpg,datasets_cloudmask/dataset_cropped/09_Metas/17/11/20190917114100_00160.png,193,0,192.1,24.2,961
9/17/2019 11:42,datasets/dataset_cropped/09_Metas/17/11/20190917114200_00160.jpg,datasets_flow/dataset_cropped/09_Metas/17/11/20190917114200_00160.jpg,datasets_cloudmask/dataset_cropped/09_Metas/17/11/20190917114200_00160.png,195.2,0,194.3,24.1,961
9/17/2019 11:43,datasets/dataset_cropped/09_Metas/17/11/20190917114300_00160.jpg,datasets_flow/dataset_cropped/09_Metas/17/11/20190917114300_00160.jpg,datasets_cloudmask/dataset_cropped/09_Metas/17/11/20190917114300_00160.png,202.3,0,201.5,24.1,961
9/17/2019 11:44,datasets/dataset_cropped/09_Metas/17/11/20190917114400_00160.jpg,datasets_flow/dataset_cropped/09_Metas/17/11/20190917114400_00160.jpg,datasets_cloudmask/dataset_cropped/09_Metas/17/11/20190917114400_00160.png,211.8,0,211.1,24.1,961
9/17/2019 11:45,datasets/dataset_cropped/09_Metas/17/11/20190917114500_00160.jpg,datasets_flow/dataset_cropped/09_Metas/17/11/20190917114500_00160.jpg,datasets_cloudmask/dataset_cropped/09_Metas/17/11/20190917114500_00160.png,219.8,0,218.9,24,961
9/17/2019 11:46,datasets/dataset_cropped/09_Metas/17/11/20190917114600_00160.jpg,datasets_flow/dataset_cropped/09_Metas/17/11/20190917114600_00160.jpg,datasets_cloudmask/dataset_cropped/09_Metas/17/11/20190917114600_00160.png,222.4,0,221.3,24,961
9/17/2019 11:47,datasets/dataset_cropped/09_Metas/17/11/20190917114700_00160.jpg,datasets_flow/dataset_cropped/09_Metas/17/11/20190917114700_00160.jpg,datasets_cloudmask/dataset_cropped/09_Metas/17/11/20190917114700_00160.png,218.3,0,217.5,24,961
9/17/2019 11:48,datasets/dataset_cropped/09_Metas/17/11/20190917114800_00160.jpg,datasets_flow/dataset_cropped/09_Metas/17/11/20190917114800_00160.jpg,datasets_cloudmask/dataset_cropped/09_Metas/17/11/20190917114800_00160.png,210.4,0,209.6,23.9,960
9/17/2019 11:49,datasets/dataset_cropped/09_Metas/17/11/20190917114900_00160.jpg,datasets_flow/dataset_cropped/09_Metas/17/11/20190917114900_00160.jpg,datasets_cloudmask/dataset_cropped/09_Metas/17/11/20190917114900_00160.png,203,0,202.2,23.9,960
9/17/2019 11:50,datasets/dataset_cropped/09_Metas/17/11/20190917115000_00160.jpg,datasets_flow/dataset_cropped/09_Metas/17/11/20190917115000_00160.jpg,datasets_cloudmask/dataset_cropped/09_Metas/17/11/20190917115000_00160.png,199.4,0,198.7,23.9,960
9/17/2019 11:51,datasets/dataset_cropped/09_Metas/17/11/20190917115100_00160.jpg,datasets_flow/dataset_cropped/09_Metas/17/11/20190917115100_00160.jpg,datasets_cloudmask/dataset_cropped/09_Metas/17/11/20190917115100_00160.png,200,0,199.3,24,960
9/17/2019 11:52,datasets/dataset_cropped/09_Metas/17/11/20190917115200_00160.jpg,datasets_flow/dataset_cropped/09_Metas/17/11/20190917115200_00160.jpg,datasets_cloudmask/dataset_cropped/09_Metas/17/11/20190917115200_00160.png,203.2,0,202.7,24,960
9/17/2019 11:53,datasets/dataset_cropped/09_Metas/17/11/20190917115300_00160.jpg,datasets_flow/dataset_cropped/09_Metas/17/11/20190917115300_00160.jpg,datasets_cloudmask/dataset_cropped/09_Metas/17/11/20190917115300_00160.png,207.2,0,206.6,23.9,961
9/17/2019 11:54,datasets/dataset_cropped/09_Metas/17/11/20190917115400_00160.jpg,datasets_flow/dataset_cropped/09_Metas/17/11/20190917115400_00160.jpg,datasets_cloudmask/dataset_cropped/09_Metas/17/11/20190917115400_00160.png,211,0.2,210.2,23.9,961
9/17/2019 11:55,datasets/dataset_cropped/09_Metas/17/11/20190917115500_00160.jpg,datasets_flow/dataset_cropped/09_Metas/17/11/20190917115500_00160.jpg,datasets_cloudmask/dataset_cropped/09_Metas/17/11/20190917115500_00160.png,214.6,0.1,213.8,23.9,961
9/17/2019 11:56,datasets/dataset_cropped/09_Metas/17/11/20190917115600_00160.jpg,datasets_flow/dataset_cropped/09_Metas/17/11/20190917115600_00160.jpg,datasets_cloudmask/dataset_cropped/09_Metas/17/11/20190917115600_00160.png,219.2,0.2,218.4,23.9,961
9/17/2019 11:57,datasets/dataset_cropped/09_Metas/17/11/20190917115700_00160.jpg,datasets_flow/dataset_cropped/09_Metas/17/11/20190917115700_00160.jpg,datasets_cloudmask/dataset_cropped/09_Metas/17/11/20190917115700_00160.png,224.8,0.3,224,23.9,961
9/17/2019 11:58,datasets/dataset_cropped/09_Metas/17/11/20190917115800_00160.jpg,datasets_flow/dataset_cropped/09_Metas/17/11/20190917115800_00160.jpg,datasets_cloudmask/dataset_cropped/09_Metas/17/11/20190917115800_00160.png,230.3,0.5,229.4,23.9,961
9/17/2019 11:59,datasets/dataset_cropped/09_Metas/17/11/20190917115900_00160.jpg,datasets_flow/dataset_cropped/09_Metas/17/11/20190917115900_00160.jpg,datasets_cloudmask/dataset_cropped/09_Metas/17/11/20190917115900_00160.png,233,0.6,232.1,23.9,961
9/17/2019 12:00,datasets/dataset_cropped/09_Metas/17/12/20190917120000_00160.jpg,datasets_flow/dataset_cropped/09_Metas/17/12/20190917120000_00160.jpg,datasets_cloudmask/dataset_cropped/09_Metas/17/12/20190917120000_00160.png,231.6,0.6,230.9,23.8,961
9/17/2019 12:01,datasets/dataset_cropped/09_Metas/17/12/20190917120100_00160.jpg,datasets_flow/dataset_cropped/09_Metas/17/12/20190917120100_00160.jpg,datasets_cloudmask/dataset_cropped/09_Metas/17/12/20190917120100_00160.png,226.1,0.5,225.5,23.9,961
9/17/2019 12:02,datasets/dataset_cropped/09_Metas/17/12/20190917120200_00160.jpg,datasets_flow/dataset_cropped/09_Metas/17/12/20190917120200_00160.jpg,datasets_cloudmask/dataset_cropped/09_Metas/17/12/20190917120200_00160.png,215.8,0.4,215.4,23.9,961
9/17/2019 12:03,datasets/dataset_cropped/09_Metas/17/12/20190917120300_00160.jpg,datasets_flow/dataset_cropped/09_Metas/17/12/20190917120300_00160.jpg,datasets_cloudmask/dataset_cropped/09_Metas/17/12/20190917120300_00160.png,200.7,0.3,200.5,23.9,961
9/17/2019 12:04,datasets/dataset_cropped/09_Metas/17/12/20190917120400_00160.jpg,datasets_flow/dataset_cropped/09_Metas/17/12/20190917120400_00160.jpg,datasets_cloudmask/dataset_cropped/09_Metas/17/12/20190917120400_00160.png,182.8,0.4,182.5,23.9,961
9/17/2019 12:05,datasets/dataset_cropped/09_Metas/17/12/20190917120500_00160.jpg,datasets_flow/dataset_cropped/09_Metas/17/12/20190917120500_00160.jpg,datasets_cloudmask/dataset_cropped/09_Metas/17/12/20190917120500_00160.png,165.1,0.2,164.8,23.8,961
9/17/2019 12:06,datasets/dataset_cropped/09_Metas/17/12/20190917120600_00160.jpg,datasets_flow/dataset_cropped/09_Metas/17/12/20190917120600_00160.jpg,datasets_cloudmask/dataset_cropped/09_Metas/17/12/20190917120600_00160.png,149.7,0,149.6,23.9,961
9/17/2019 12:07,datasets/dataset_cropped/09_Metas/17/12/20190917120700_00160.jpg,datasets_flow/dataset_cropped/09_Metas/17/12/20190917120700_00160.jpg,datasets_cloudmask/dataset_cropped/09_Metas/17/12/20190917120700_00160.png,137.1,0,137,23.8,961
9/17/2019 12:08,datasets/dataset_cropped/09_Metas/17/12/20190917120800_00160.jpg,datasets_flow/dataset_cropped/09_Metas/17/12/20190917120800_00160.jpg,datasets_cloudmask/dataset_cropped/09_Metas/17/12/20190917120800_00160.png,127.3,0,127.1,23.7,962
9/17/2019 12:09,datasets/dataset_cropped/09_Metas/17/12/20190917120900_00160.jpg,datasets_flow/dataset_cropped/09_Metas/17/12/20190917120900_00160.jpg,datasets_cloudmask/dataset_cropped/09_Metas/17/12/20190917120900_00160.png,120.4,0,120.3,23.8,961
9/17/2019 12:10,datasets/dataset_cropped/09_Metas/17/12/20190917121000_00160.jpg,datasets_flow/dataset_cropped/09_Metas/17/12/20190917121000_00160.jpg,datasets_cloudmask/dataset_cropped/09_Metas/17/12/20190917121000_00160.png,117.3,0,117.1,23.7,962
9/17/2019 12:11,datasets/dataset_cropped/09_Metas/17/12/20190917121100_00160.jpg,datasets_flow/dataset_cropped/09_Metas/17/12/20190917121100_00160.jpg,datasets_cloudmask/dataset_cropped/09_Metas/17/12/20190917121100_00160.png,116.8,0,116.6,23.7,962
9/17/2019 12:12,datasets/dataset_cropped/09_Metas/17/12/20190917121200_00160.jpg,datasets_flow/dataset_cropped/09_Metas/17/12/20190917121200_00160.jpg,datasets_cloudmask/dataset_cropped/09_Metas/17/12/20190917121200_00160.png,117.3,0,117.1,23.7,962
9/17/2019 12:13,datasets/dataset_cropped/09_Metas/17/12/20190917121300_00160.jpg,datasets_flow/dataset_cropped/09_Metas/17/12/20190917121300_00160.jpg,datasets_cloudmask/dataset_cropped/09_Metas/17/12/20190917121300_00160.png,116.8,0,116.5,23.7,962
9/17/2019 12:14,datasets/dataset_cropped/09_Metas/17/12/20190917121400_00160.jpg,datasets_flow/dataset_cropped/09_Metas/17/12/20190917121400_00160.jpg,datasets_cloudmask/dataset_cropped/09_Metas/17/12/20190917121400_00160.png,114.8,0,114.5,23.7,962
9/17/2019 12:15,datasets/dataset_cropped/09_Metas/17/12/20190917121500_00160.jpg,datasets_flow/dataset_cropped/09_Metas/17/12/20190917121500_00160.jpg,datasets_cloudmask/dataset_cropped/09_Metas/17/12/20190917121500_00160.png,112.8,0,112.3,23.6,962
9/17/2019 12:16,datasets/dataset_cropped/09_Metas/17/12/20190917121600_00160.jpg,datasets_flow/dataset_cropped/09_Metas/17/12/20190917121600_00160.jpg,datasets_cloudmask/dataset_cropped/09_Metas/17/12/20190917121600_00160.png,112.5,0,111.9,23.5,961
9/17/2019 12:17,datasets/dataset_cropped/09_Metas/17/12/20190917121700_00160.jpg,datasets_flow/dataset_cropped/09_Metas/17/12/20190917121700_00160.jpg,datasets_cloudmask/dataset_cropped/09_Metas/17/12/20190917121700_00160.png,114.5,0,113.9,23.4,962
9/17/2019 12:18,datasets/dataset_cropped/09_Metas/17/12/20190917121800_00160.jpg,datasets_flow/dataset_cropped/09_Metas/17/12/20190917121800_00160.jpg,datasets_cloudmask/dataset_cropped/09_Metas/17/12/20190917121800_00160.png,118.5,0,117.8,23.4,961
9/17/2019 12:19,datasets/dataset_cropped/09_Metas/17/12/20190917121900_00160.jpg,datasets_flow/dataset_cropped/09_Metas/17/12/20190917121900_00160.jpg,datasets_cloudmask/dataset_cropped/09_Metas/17/12/20190917121900_00160.png,123.9,0,123.3,23.4,961
9/17/2019 12:20,datasets/dataset_cropped/09_Metas/17/12/20190917122000_00160.jpg,datasets_flow/dataset_cropped/09_Metas/17/12/20190917122000_00160.jpg,datasets_cloudmask/dataset_cropped/09_Metas/17/12/20190917122000_00160.png,131.1,0,130.4,23.4,961
9/17/2019 12:21,datasets/dataset_cropped/09_Metas/17/12/20190917122100_00160.jpg,datasets_flow/dataset_cropped/09_Metas/17/12/20190917122100_00160.jpg,datasets_cloudmask/dataset_cropped/09_Metas/17/12/20190917122100_00160.png,140.3,0,139.5,23.4,961
9/17/2019 12:22,datasets/dataset_cropped/09_Metas/17/12/20190917122200_00160.jpg,datasets_flow/dataset_cropped/09_Metas/17/12/20190917122200_00160.jpg,datasets_cloudmask/dataset_cropped/09_Metas/17/12/20190917122200_00160.png,151.2,0,150.1,23.4,961
9/17/2019 12:23,datasets/dataset_cropped/09_Metas/17/12/20190917122300_00160.jpg,datasets_flow/dataset_cropped/09_Metas/17/12/20190917122300_00160.jpg,datasets_cloudmask/dataset_cropped/09_Metas/17/12/20190917122300_00160.png,161.9,0,160.7,23.4,961
9/17/2019 12:24,datasets/dataset_cropped/09_Metas/17/12/20190917122400_00160.jpg,datasets_flow/dataset_cropped/09_Metas/17/12/20190917122400_00160.jpg,datasets_cloudmask/dataset_cropped/09_Metas/17/12/20190917122400_00160.png,171.1,0,169.9,23.3,961
9/17/2019 12:25,datasets/dataset_cropped/09_Metas/17/12/20190917122500_00160.jpg,datasets_flow/dataset_cropped/09_Metas/17/12/20190917122500_00160.jpg,datasets_cloudmask/dataset_cropped/09_Metas/17/12/20190917122500_00160.png,178.6,0,177.3,23.3,961
9/17/2019 12:26,datasets/dataset_cropped/09_Metas/17/12/20190917122600_00160.jpg,datasets_flow/dataset_cropped/09_Metas/17/12/20190917122600_00160.jpg,datasets_cloudmask/dataset_cropped/09_Metas/17/12/20190917122600_00160.png,185,0.1,183.6,23.4,961
9/17/2019 12:27,datasets/dataset_cropped/09_Metas/17/12/20190917122700_00160.jpg,datasets_flow/dataset_cropped/09_Metas/17/12/20190917122700_00160.jpg,datasets_cloudmask/dataset_cropped/09_Metas/17/12/20190917122700_00160.png,190.6,0.2,189.2,23.4,961
9/17/2019 12:28,datasets/dataset_cropped/09_Metas/17/12/20190917122800_00160.jpg,datasets_flow/dataset_cropped/09_Metas/17/12/20190917122800_00160.jpg,datasets_cloudmask/dataset_cropped/09_Metas/17/12/20190917122800_00160.png,197.1,0.2,195.6,23.4,961
9/17/2019 12:29,datasets/dataset_cropped/09_Metas/17/12/20190917122900_00160.jpg,datasets_flow/dataset_cropped/09_Metas/17/12/20190917122900_00160.jpg,datasets_cloudmask/dataset_cropped/09_Metas/17/12/20190917122900_00160.png,206,0.4,204.6,23.4,961
9/17/2019 12:30,datasets/dataset_cropped/09_Metas/17/12/20190917123000_00160.jpg,datasets_flow/dataset_cropped/09_Metas/17/12/20190917123000_00160.jpg,datasets_cloudmask/dataset_cropped/09_Metas/17/12/20190917123000_00160.png,218.5,0.7,217,23.4,961
9/17/2019 12:31,datasets/dataset_cropped/09_Metas/17/12/20190917123100_00160.jpg,datasets_flow/dataset_cropped/09_Metas/17/12/20190917123100_00160.jpg,datasets_cloudmask/dataset_cropped/09_Metas/17/12/20190917123100_00160.png,234.3,1.1,232.4,23.3,961
9/17/2019 12:32,datasets/dataset_cropped/09_Metas/17/12/20190917123200_00160.jpg,datasets_flow/dataset_cropped/09_Metas/17/12/20190917123200_00160.jpg,datasets_cloudmask/dataset_cropped/09_Metas/17/12/20190917123200_00160.png,251.9,1.3,249.9,23.4,961
9/17/2019 12:33,datasets/dataset_cropped/09_Metas/17/12/20190917123300_00160.jpg,datasets_flow/dataset_cropped/09_Metas/17/12/20190917123300_00160.jpg,datasets_cloudmask/dataset_cropped/09_Metas/17/12/20190917123300_00160.png,273.5,1.8,271.1,23.5,961
9/17/2019 12:34,datasets/dataset_cropped/09_Metas/17/12/20190917123400_00160.jpg,datasets_flow/dataset_cropped/09_Metas/17/12/20190917123400_00160.jpg,datasets_cloudmask/dataset_cropped/09_Metas/17/12/20190917123400_00160.png,325.6,29.7,299.5,23.5,961
9/17/2019 12:35,datasets/dataset_cropped/09_Metas/17/12/20190917123500_00160.jpg,datasets_flow/dataset_cropped/09_Metas/17/12/20190917123500_00160.jpg,datasets_cloudmask/dataset_cropped/09_Metas/17/12/20190917123500_00160.png,425.5,111.8,330.5,23.5,961
9/17/2019 12:36,datasets/dataset_cropped/09_Metas/17/12/20190917123600_00160.jpg,datasets_flow/dataset_cropped/09_Metas/17/12/20190917123600_00160.jpg,datasets_cloudmask/dataset_cropped/09_Metas/17/12/20190917123600_00160.png,456.2,123.2,351.4,23.5,961
9/17/2019 12:37,datasets/dataset_cropped/09_Metas/17/12/20190917123700_00160.jpg,datasets_flow/dataset_cropped/09_Metas/17/12/20190917123700_00160.jpg,datasets_cloudmask/dataset_cropped/09_Metas/17/12/20190917123700_00160.png,513.7,182.2,360.5,23.6,961
9/17/2019 12:38,datasets/dataset_cropped/09_Metas/17/12/20190917123800_00160.jpg,datasets_flow/dataset_cropped/09_Metas/17/12/20190917123800_00160.jpg,datasets_cloudmask/dataset_cropped/09_Metas/17/12/20190917123800_00160.png,621.2,322.4,353.6,23.8,961
9/17/2019 12:39,datasets/dataset_cropped/09_Metas/17/12/20190917123900_00160.jpg,datasets_flow/dataset_cropped/09_Metas/17/12/20190917123900_00160.jpg,datasets_cloudmask/dataset_cropped/09_Metas/17/12/20190917123900_00160.png,720.2,468.9,330.8,23.8,961
9/17/2019 12:40,datasets/dataset_cropped/09_Metas/17/12/20190917124000_00160.jpg,datasets_flow/dataset_cropped/09_Metas/17/12/20190917124000_00160.jpg,datasets_cloudmask/dataset_cropped/09_Metas/17/12/20190917124000_00160.png,931,755.9,308.7,24,961
9/17/2019 12:41,datasets/dataset_cropped/09_Metas/17/12/20190917124100_00160.jpg,datasets_flow/dataset_cropped/09_Metas/17/12/20190917124100_00160.jpg,datasets_cloudmask/dataset_cropped/09_Metas/17/12/20190917124100_00160.png,972,828,289.8,24.2,961
9/17/2019 12:42,datasets/dataset_cropped/09_Metas/17/12/20190917124200_00160.jpg,datasets_flow/dataset_cropped/09_Metas/17/12/20190917124200_00160.jpg,datasets_cloudmask/dataset_cropped/09_Metas/17/12/20190917124200_00160.png,881,718,287.9,24.2,961
9/17/2019 12:43,datasets/dataset_cropped/09_Metas/17/12/20190917124300_00160.jpg,datasets_flow/dataset_cropped/09_Metas/17/12/20190917124300_00160.jpg,datasets_cloudmask/dataset_cropped/09_Metas/17/12/20190917124300_00160.png,809,629.5,287.3,24.3,961
9/17/2019 12:44,datasets/dataset_cropped/09_Metas/17/12/20190917124400_00160.jpg,datasets_flow/dataset_cropped/09_Metas/17/12/20190917124400_00160.jpg,datasets_cloudmask/dataset_cropped/09_Metas/17/12/20190917124400_00160.png,814,639.7,286.4,24.4,961
9/17/2019 12:45,datasets/dataset_cropped/09_Metas/17/12/20190917124500_00160.jpg,datasets_flow/dataset_cropped/09_Metas/17/12/20190917124500_00160.jpg,datasets_cloudmask/dataset_cropped/09_Metas/17/12/20190917124500_00160.png,779.6,605,276.8,24.8,961
9/17/2019 12:46,datasets/dataset_cropped/09_Metas/17/12/20190917124600_00160.jpg,datasets_flow/dataset_cropped/09_Metas/17/12/20190917124600_00160.jpg,datasets_cloudmask/dataset_cropped/09_Metas/17/12/20190917124600_00160.png,839,688.9,268.1,24.8,961
9/17/2019 12:47,datasets/dataset_cropped/09_Metas/17/12/20190917124700_00160.jpg,datasets_flow/dataset_cropped/09_Metas/17/12/20190917124700_00160.jpg,datasets_cloudmask/dataset_cropped/09_Metas/17/12/20190917124700_00160.png,844,715.3,250.7,24.5,961
9/17/2019 12:48,datasets/dataset_cropped/09_Metas/17/12/20190917124800_00160.jpg,datasets_flow/dataset_cropped/09_Metas/17/12/20190917124800_00160.jpg,datasets_cloudmask/dataset_cropped/09_Metas/17/12/20190917124800_00160.png,915,817,239,24.7,961
9/17/2019 12:49,datasets/dataset_cropped/09_Metas/17/12/20190917124900_00160.jpg,datasets_flow/dataset_cropped/09_Metas/17/12/20190917124900_00160.jpg,datasets_cloudmask/dataset_cropped/09_Metas/17/12/20190917124900_00160.png,925,821,245.9,25,961
9/17/2019 12:50,datasets/dataset_cropped/09_Metas/17/12/20190917125000_00160.jpg,datasets_flow/dataset_cropped/09_Metas/17/12/20190917125000_00160.jpg,datasets_cloudmask/dataset_cropped/09_Metas/17/12/20190917125000_00160.png,935,826,252.3,25.3,961
9/17/2019 12:51,datasets/dataset_cropped/09_Metas/17/12/20190917125100_00160.jpg,datasets_flow/dataset_cropped/09_Metas/17/12/20190917125100_00160.jpg,datasets_cloudmask/dataset_cropped/09_Metas/17/12/20190917125100_00160.png,790.9,649.9,252.6,25.2,961
9/17/2019 12:52,datasets/dataset_cropped/09_Metas/17/12/20190917125200_00160.jpg,datasets_flow/dataset_cropped/09_Metas/17/12/20190917125200_00160.jpg,datasets_cloudmask/dataset_cropped/09_Metas/17/12/20190917125200_00160.png,688.2,532.6,245.3,25,961
9/17/2019 12:53,datasets/dataset_cropped/09_Metas/17/12/20190917125300_00160.jpg,datasets_flow/dataset_cropped/09_Metas/17/12/20190917125300_00160.jpg,datasets_cloudmask/dataset_cropped/09_Metas/17/12/20190917125300_00160.png,807,670.7,246.6,24.9,960
9/17/2019 12:54,datasets/dataset_cropped/09_Metas/17/12/20190917125400_00160.jpg,datasets_flow/dataset_cropped/09_Metas/17/12/20190917125400_00160.jpg,datasets_cloudmask/dataset_cropped/09_Metas/17/12/20190917125400_00160.png,814,684.9,243.3,24.9,960
9/17/2019 12:55,datasets/dataset_cropped/09_Metas/17/12/20190917125500_00160.jpg,datasets_flow/dataset_cropped/09_Metas/17/12/20190917125500_00160.jpg,datasets_cloudmask/dataset_cropped/09_Metas/17/12/20190917125500_00160.png,928,836,233.8,25,960
9/17/2019 12:56,datasets/dataset_cropped/09_Metas/17/12/20190917125600_00160.jpg,datasets_flow/dataset_cropped/09_Metas/17/12/20190917125600_00160.jpg,datasets_cloudmask/dataset_cropped/09_Metas/17/12/20190917125600_00160.png,930,840,232.8,25,960
9/17/2019 12:57,datasets/dataset_cropped/09_Metas/17/12/20190917125700_00160.jpg,datasets_flow/dataset_cropped/09_Metas/17/12/20190917125700_00160.jpg,datasets_cloudmask/dataset_cropped/09_Metas/17/12/20190917125700_00160.png,937,844,237,24.9,960
9/17/2019 12:58,datasets/dataset_cropped/09_Metas/17/12/20190917125800_00160.jpg,datasets_flow/dataset_cropped/09_Metas/17/12/20190917125800_00160.jpg,datasets_cloudmask/dataset_cropped/09_Metas/17/12/20190917125800_00160.png,946,843,246.2,24.8,960
9/17/2019 12:59,datasets/dataset_cropped/09_Metas/17/12/20190917125900_00160.jpg,datasets_flow/dataset_cropped/09_Metas/17/12/20190917125900_00160.jpg,datasets_cloudmask/dataset_cropped/09_Metas/17/12/20190917125900_00160.png,830,687.5,256.5,25.1,960
9/17/2019 13:00,datasets/dataset_cropped/09_Metas/17/13/20190917130000_00160.jpg,datasets_flow/dataset_cropped/09_Metas/17/13/20190917130000_00160.jpg,datasets_cloudmask/dataset_cropped/09_Metas/17/13/20190917130000_00160.png,947,839,251.5,25.1,960
9/17/2019 13:01,datasets/dataset_cropped/09_Metas/17/13/20190917130100_00160.jpg,datasets_flow/dataset_cropped/09_Metas/17/13/20190917130100_00160.jpg,datasets_cloudmask/dataset_cropped/09_Metas/17/13/20190917130100_00160.png,935,841,237.3,25.3,960
9/17/2019 13:02,datasets/dataset_cropped/09_Metas/17/13/20190917130200_00160.jpg,datasets_flow/dataset_cropped/09_Metas/17/13/20190917130200_00160.jpg,datasets_cloudmask/dataset_cropped/09_Metas/17/13/20190917130200_00160.png,804,681.5,236.6,25.3,960
9/17/2019 13:03,datasets/dataset_cropped/09_Metas/17/13/20190917130300_00160.jpg,datasets_flow/dataset_cropped/09_Metas/17/13/20190917130300_00160.jpg,datasets_cloudmask/dataset_cropped/09_Metas/17/13/20190917130300_00160.png,772.6,639.2,241,25.1,960
9/17/2019 13:04,datasets/dataset_cropped/09_Metas/17/13/20190917130400_00160.jpg,datasets_flow/dataset_cropped/09_Metas/17/13/20190917130400_00160.jpg,datasets_cloudmask/dataset_cropped/09_Metas/17/13/20190917130400_00160.png,645,463.8,255.2,25,960
9/17/2019 13:05,datasets/dataset_cropped/09_Metas/17/13/20190917130500_00160.jpg,datasets_flow/dataset_cropped/09_Metas/17/13/20190917130500_00160.jpg,datasets_cloudmask/dataset_cropped/09_Metas/17/13/20190917130500_00160.png,847,706.6,258.3,25.2,960
9/17/2019 13:06,datasets/dataset_cropped/09_Metas/17/13/20190917130600_00160.jpg,datasets_flow/dataset_cropped/09_Metas/17/13/20190917130600_00160.jpg,datasets_cloudmask/dataset_cropped/09_Metas/17/13/20190917130600_00160.png,814,687.2,243.4,25.1,960
9/17/2019 13:07,datasets/dataset_cropped/09_Metas/17/13/20190917130700_00160.jpg,datasets_flow/dataset_cropped/09_Metas/17/13/20190917130700_00160.jpg,datasets_cloudmask/dataset_cropped/09_Metas/17/13/20190917130700_00160.png,885,814,211.6,25.2,960
9/17/2019 13:08,datasets/dataset_cropped/09_Metas/17/13/20190917130800_00160.jpg,datasets_flow/dataset_cropped/09_Metas/17/13/20190917130800_00160.jpg,datasets_cloudmask/dataset_cropped/09_Metas/17/13/20190917130800_00160.png,888,847,188,25.2,960
9/17/2019 13:09,datasets/dataset_cropped/09_Metas/17/13/20190917130900_00160.jpg,datasets_flow/dataset_cropped/09_Metas/17/13/20190917130900_00160.jpg,datasets_cloudmask/dataset_cropped/09_Metas/17/13/20190917130900_00160.png,875,849,173.2,25.4,960
9/17/2019 13:10,datasets/dataset_cropped/09_Metas/17/13/20190917131000_00160.jpg,datasets_flow/dataset_cropped/09_Metas/17/13/20190917131000_00160.jpg,datasets_cloudmask/dataset_cropped/09_Metas/17/13/20190917131000_00160.png,870,850,167.1,25.4,960
9/17/2019 13:11,datasets/dataset_cropped/09_Metas/17/13/20190917131100_00160.jpg,datasets_flow/dataset_cropped/09_Metas/17/13/20190917131100_00160.jpg,datasets_cloudmask/dataset_cropped/09_Metas/17/13/20190917131100_00160.png,867,846,167.3,25.5,960
9/17/2019 13:12,datasets/dataset_cropped/09_Metas/17/13/20190917131200_00160.jpg,datasets_flow/dataset_cropped/09_Metas/17/13/20190917131200_00160.jpg,datasets_cloudmask/dataset_cropped/09_Metas/17/13/20190917131200_00160.png,869,846,169.7,25.3,960
9/17/2019 13:13,datasets/dataset_cropped/09_Metas/17/13/20190917131300_00160.jpg,datasets_flow/dataset_cropped/09_Metas/17/13/20190917131300_00160.jpg,datasets_cloudmask/dataset_cropped/09_Metas/17/13/20190917131300_00160.png,872,848,170.3,25.3,960
9/17/2019 13:14,datasets/dataset_cropped/09_Metas/17/13/20190917131400_00160.jpg,datasets_flow/dataset_cropped/09_Metas/17/13/20190917131400_00160.jpg,datasets_cloudmask/dataset_cropped/09_Metas/17/13/20190917131400_00160.png,870,844,171.7,25.2,960
9/17/2019 13:15,datasets/dataset_cropped/09_Metas/17/13/20190917131500_00160.jpg,datasets_flow/dataset_cropped/09_Metas/17/13/20190917131500_00160.jpg,datasets_cloudmask/dataset_cropped/09_Metas/17/13/20190917131500_00160.png,868,840,174.2,25.2,960
9/17/2019 13:16,datasets/dataset_cropped/09_Metas/17/13/20190917131600_00160.jpg,datasets_flow/dataset_cropped/09_Metas/17/13/20190917131600_00160.jpg,datasets_cloudmask/dataset_cropped/09_Metas/17/13/20190917131600_00160.png,871,841,176.3,25.2,960
9/17/2019 13:17,datasets/dataset_cropped/09_Metas/17/13/20190917131700_00160.jpg,datasets_flow/dataset_cropped/09_Metas/17/13/20190917131700_00160.jpg,datasets_cloudmask/dataset_cropped/09_Metas/17/13/20190917131700_00160.png,875,844,177.6,25.3,960
9/17/2019 13:18,datasets/dataset_cropped/09_Metas/17/13/20190917131800_00160.jpg,datasets_flow/dataset_cropped/09_Metas/17/13/20190917131800_00160.jpg,datasets_cloudmask/dataset_cropped/09_Metas/17/13/20190917131800_00160.png,874,839,180.8,25.4,960
9/17/2019 13:19,datasets/dataset_cropped/09_Metas/17/13/20190917131900_00160.jpg,datasets_flow/dataset_cropped/09_Metas/17/13/20190917131900_00160.jpg,datasets_cloudmask/dataset_cropped/09_Metas/17/13/20190917131900_00160.png,874,837,182.5,25.5,960
9/17/2019 13:20,datasets/dataset_cropped/09_Metas/17/13/20190917132000_00160.jpg,datasets_flow/dataset_cropped/09_Metas/17/13/20190917132000_00160.jpg,datasets_cloudmask/dataset_cropped/09_Metas/17/13/20190917132000_00160.png,877,840,182.9,25.7,960
9/17/2019 13:21,datasets/dataset_cropped/09_Metas/17/13/20190917132100_00160.jpg,datasets_flow/dataset_cropped/09_Metas/17/13/20190917132100_00160.jpg,datasets_cloudmask/dataset_cropped/09_Metas/17/13/20190917132100_00160.png,878,841,183.4,25.9,960
9/17/2019 13:22,datasets/dataset_cropped/09_Metas/17/13/20190917132200_00160.jpg,datasets_flow/dataset_cropped/09_Metas/17/13/20190917132200_00160.jpg,datasets_cloudmask/dataset_cropped/09_Metas/17/13/20190917132200_00160.png,880,840,186.1,25.7,960
9/17/2019 13:23,datasets/dataset_cropped/09_Metas/17/13/20190917132300_00160.jpg,datasets_flow/dataset_cropped/09_Metas/17/13/20190917132300_00160.jpg,datasets_cloudmask/dataset_cropped/09_Metas/17/13/20190917132300_00160.png,883,840,190.2,25.8,960
9/17/2019 13:24,datasets/dataset_cropped/09_Metas/17/13/20190917132400_00160.jpg,datasets_flow/dataset_cropped/09_Metas/17/13/20190917132400_00160.jpg,datasets_cloudmask/dataset_cropped/09_Metas/17/13/20190917132400_00160.png,884,838,193.2,25.4,960
9/17/2019 13:25,datasets/dataset_cropped/09_Metas/17/13/20190917132500_00160.jpg,datasets_flow/dataset_cropped/09_Metas/17/13/20190917132500_00160.jpg,datasets_cloudmask/dataset_cropped/09_Metas/17/13/20190917132500_00160.png,886,839,194.7,25.2,960
9/17/2019 13:26,datasets/dataset_cropped/09_Metas/17/13/20190917132600_00160.jpg,datasets_flow/dataset_cropped/09_Metas/17/13/20190917132600_00160.jpg,datasets_cloudmask/dataset_cropped/09_Metas/17/13/20190917132600_00160.png,893,844,197.9,25.3,960
9/17/2019 13:27,datasets/dataset_cropped/09_Metas/17/13/20190917132700_00160.jpg,datasets_flow/dataset_cropped/09_Metas/17/13/20190917132700_00160.jpg,datasets_cloudmask/dataset_cropped/09_Metas/17/13/20190917132700_00160.png,894,841,202,25.6,960
9/17/2019 13:28,datasets/dataset_cropped/09_Metas/17/13/20190917132800_00160.jpg,datasets_flow/dataset_cropped/09_Metas/17/13/20190917132800_00160.jpg,datasets_cloudmask/dataset_cropped/09_Metas/17/13/20190917132800_00160.png,901,851,201.1,25.4,960
9/17/2019 13:29,datasets/dataset_cropped/09_Metas/17/13/20190917132900_00160.jpg,datasets_flow/dataset_cropped/09_Metas/17/13/20190917132900_00160.jpg,datasets_cloudmask/dataset_cropped/09_Metas/17/13/20190917132900_00160.png,897,846,201.5,25.4,960
9/17/2019 13:30,datasets/dataset_cropped/09_Metas/17/13/20190917133000_00160.jpg,datasets_flow/dataset_cropped/09_Metas/17/13/20190917133000_00160.jpg,datasets_cloudmask/dataset_cropped/09_Metas/17/13/20190917133000_00160.png,899,837,210.1,25.4,960
9/17/2019 13:31,datasets/dataset_cropped/09_Metas/17/13/20190917133100_00160.jpg,datasets_flow/dataset_cropped/09_Metas/17/13/20190917133100_00160.jpg,datasets_cloudmask/dataset_cropped/09_Metas/17/13/20190917133100_00160.png,923,841,231,25.4,960
9/17/2019 13:32,datasets/dataset_cropped/09_Metas/17/13/20190917133200_00160.jpg,datasets_flow/dataset_cropped/09_Metas/17/13/20190917133200_00160.jpg,datasets_cloudmask/dataset_cropped/09_Metas/17/13/20190917133200_00160.png,952,845,257.6,25.6,960
9/17/2019 13:33,datasets/dataset_cropped/09_Metas/17/13/20190917133300_00160.jpg,datasets_flow/dataset_cropped/09_Metas/17/13/20190917133300_00160.jpg,datasets_cloudmask/dataset_cropped/09_Metas/17/13/20190917133300_00160.png,977,848,279.9,25.8,960
9/17/2019 13:34,datasets/dataset_cropped/09_Metas/17/13/20190917133400_00160.jpg,datasets_flow/dataset_cropped/09_Metas/17/13/20190917133400_00160.jpg,datasets_cloudmask/dataset_cropped/09_Metas/17/13/20190917133400_00160.png,991,849,293.6,25.7,960
9/17/2019 13:35,datasets/dataset_cropped/09_Metas/17/13/20190917133500_00160.jpg,datasets_flow/dataset_cropped/09_Metas/17/13/20190917133500_00160.jpg,datasets_cloudmask/dataset_cropped/09_Metas/17/13/20190917133500_00160.png,992,844,299.6,25.8,960
9/17/2019 13:36,datasets/dataset_cropped/09_Metas/17/13/20190917133600_00160.jpg,datasets_flow/dataset_cropped/09_Metas/17/13/20190917133600_00160.jpg,datasets_cloudmask/dataset_cropped/09_Metas/17/13/20190917133600_00160.png,985,837,299.4,25.9,960
9/17/2019 13:37,datasets/dataset_cropped/09_Metas/17/13/20190917133700_00160.jpg,datasets_flow/dataset_cropped/09_Metas/17/13/20190917133700_00160.jpg,datasets_cloudmask/dataset_cropped/09_Metas/17/13/20190917133700_00160.png,980,838,294.6,26,960
9/17/2019 13:38,datasets/dataset_cropped/09_Metas/17/13/20190917133800_00160.jpg,datasets_flow/dataset_cropped/09_Metas/17/13/20190917133800_00160.jpg,datasets_cloudmask/dataset_cropped/09_Metas/17/13/20190917133800_00160.png,973,833,291.3,26,960
9/17/2019 13:39,datasets/dataset_cropped/09_Metas/17/13/20190917133900_00160.jpg,datasets_flow/dataset_cropped/09_Metas/17/13/20190917133900_00160.jpg,datasets_cloudmask/dataset_cropped/09_Metas/17/13/20190917133900_00160.png,970,834,287.3,26,960
9/17/2019 13:40,datasets/dataset_cropped/09_Metas/17/13/20190917134000_00160.jpg,datasets_flow/dataset_cropped/09_Metas/17/13/20190917134000_00160.jpg,datasets_cloudmask/dataset_cropped/09_Metas/17/13/20190917134000_00160.png,961,830,283,26.2,960
9/17/2019 13:41,datasets/dataset_cropped/09_Metas/17/13/20190917134100_00160.jpg,datasets_flow/dataset_cropped/09_Metas/17/13/20190917134100_00160.jpg,datasets_cloudmask/dataset_cropped/09_Metas/17/13/20190917134100_00160.png,953,830,275.4,26.4,960
9/17/2019 13:42,datasets/dataset_cropped/09_Metas/17/13/20190917134200_00160.jpg,datasets_flow/dataset_cropped/09_Metas/17/13/20190917134200_00160.jpg,datasets_cloudmask/dataset_cropped/09_Metas/17/13/20190917134200_00160.png,946,832,267.8,26.3,960
9/17/2019 13:43,datasets/dataset_cropped/09_Metas/17/13/20190917134300_00160.jpg,datasets_flow/dataset_cropped/09_Metas/17/13/20190917134300_00160.jpg,datasets_cloudmask/dataset_cropped/09_Metas/17/13/20190917134300_00160.png,940,825,266.3,26.2,960
9/17/2019 13:44,datasets/dataset_cropped/09_Metas/17/13/20190917134400_00160.jpg,datasets_flow/dataset_cropped/09_Metas/17/13/20190917134400_00160.jpg,datasets_cloudmask/dataset_cropped/09_Metas/17/13/20190917134400_00160.png,945,825,272,26,960
9/17/2019 13:45,datasets/dataset_cropped/09_Metas/17/13/20190917134500_00160.jpg,datasets_flow/dataset_cropped/09_Metas/17/13/20190917134500_00160.jpg,datasets_cloudmask/dataset_cropped/09_Metas/17/13/20190917134500_00160.png,957,827,282.7,26.1,960
9/17/2019 13:46,datasets/dataset_cropped/09_Metas/17/13/20190917134600_00160.jpg,datasets_flow/dataset_cropped/09_Metas/17/13/20190917134600_00160.jpg,datasets_cloudmask/dataset_cropped/09_Metas/17/13/20190917134600_00160.png,958,825,286.3,26.3,960
9/17/2019 13:47,datasets/dataset_cropped/09_Metas/17/13/20190917134700_00160.jpg,datasets_flow/dataset_cropped/09_Metas/17/13/20190917134700_00160.jpg,datasets_cloudmask/dataset_cropped/09_Metas/17/13/20190917134700_00160.png,957,827,283.7,26.2,960
9/17/2019 13:48,datasets/dataset_cropped/09_Metas/17/13/20190917134800_00160.jpg,datasets_flow/dataset_cropped/09_Metas/17/13/20190917134800_00160.jpg,datasets_cloudmask/dataset_cropped/09_Metas/17/13/20190917134800_00160.png,949,828,276.4,26.4,960
9/17/2019 13:49,datasets/dataset_cropped/09_Metas/17/13/20190917134900_00160.jpg,datasets_flow/dataset_cropped/09_Metas/17/13/20190917134900_00160.jpg,datasets_cloudmask/dataset_cropped/09_Metas/17/13/20190917134900_00160.png,940,824,270.8,26.5,960
9/17/2019 13:50,datasets/dataset_cropped/09_Metas/17/13/20190917135000_00160.jpg,datasets_flow/dataset_cropped/09_Metas/17/13/20190917135000_00160.jpg,datasets_cloudmask/dataset_cropped/09_Metas/17/13/20190917135000_00160.png,932,822,264.6,26.5,960
9/17/2019 13:51,datasets/dataset_cropped/09_Metas/17/13/20190917135100_00160.jpg,datasets_flow/dataset_cropped/09_Metas/17/13/20190917135100_00160.jpg,datasets_cloudmask/dataset_cropped/09_Metas/17/13/20190917135100_00160.png,919,811,261.9,26.6,960
9/17/2019 13:52,datasets/dataset_cropped/09_Metas/17/13/20190917135200_00160.jpg,datasets_flow/dataset_cropped/09_Metas/17/13/20190917135200_00160.jpg,datasets_cloudmask/dataset_cropped/09_Metas/17/13/20190917135200_00160.png,906,790.7,266,26.7,960
9/17/2019 13:53,datasets/dataset_cropped/09_Metas/17/13/20190917135300_00160.jpg,datasets_flow/dataset_cropped/09_Metas/17/13/20190917135300_00160.jpg,datasets_cloudmask/dataset_cropped/09_Metas/17/13/20190917135300_00160.png,827,674.5,281,26.6,960
9/17/2019 13:54,datasets/dataset_cropped/09_Metas/17/13/20190917135400_00160.jpg,datasets_flow/dataset_cropped/09_Metas/17/13/20190917135400_00160.jpg,datasets_cloudmask/dataset_cropped/09_Metas/17/13/20190917135400_00160.png,816,646.4,291.2,26.8,960
9/17/2019 13:55,datasets/dataset_cropped/09_Metas/17/13/20190917135500_00160.jpg,datasets_flow/dataset_cropped/09_Metas/17/13/20190917135500_00160.jpg,datasets_cloudmask/dataset_cropped/09_Metas/17/13/20190917135500_00160.png,904,762.9,288.1,26.8,960
9/17/2019 13:56,datasets/dataset_cropped/09_Metas/17/13/20190917135600_00160.jpg,datasets_flow/dataset_cropped/09_Metas/17/13/20190917135600_00160.jpg,datasets_cloudmask/dataset_cropped/09_Metas/17/13/20190917135600_00160.png,920,793.3,281.5,26.8,960
9/17/2019 13:57,datasets/dataset_cropped/09_Metas/17/13/20190917135700_00160.jpg,datasets_flow/dataset_cropped/09_Metas/17/13/20190917135700_00160.jpg,datasets_cloudmask/dataset_cropped/09_Metas/17/13/20190917135700_00160.png,935,813,280.1,26.7,960
9/17/2019 13:58,datasets/dataset_cropped/09_Metas/17/13/20190917135800_00160.jpg,datasets_flow/dataset_cropped/09_Metas/17/13/20190917135800_00160.jpg,datasets_cloudmask/dataset_cropped/09_Metas/17/13/20190917135800_00160.png,932,816,274.8,26.7,960
9/17/2019 13:59,datasets/dataset_cropped/09_Metas/17/13/20190917135900_00160.jpg,datasets_flow/dataset_cropped/09_Metas/17/13/20190917135900_00160.jpg,datasets_cloudmask/dataset_cropped/09_Metas/17/13/20190917135900_00160.png,939,820,279.3,26.8,960
9/17/2019 14:00,datasets/dataset_cropped/09_Metas/17/14/20190917140000_00160.jpg,datasets_flow/dataset_cropped/09_Metas/17/14/20190917140000_00160.jpg,datasets_cloudmask/dataset_cropped/09_Metas/17/14/20190917140000_00160.png,935,775,310,26.8,960
9/17/2019 14:01,datasets/dataset_cropped/09_Metas/17/14/20190917140100_00160.jpg,datasets_flow/dataset_cropped/09_Metas/17/14/20190917140100_00160.jpg,datasets_cloudmask/dataset_cropped/09_Metas/17/14/20190917140100_00160.png,661.2,395.7,338.3,26.9,960
9/17/2019 14:02,datasets/dataset_cropped/09_Metas/17/14/20190917140200_00160.jpg,datasets_flow/dataset_cropped/09_Metas/17/14/20190917140200_00160.jpg,datasets_cloudmask/dataset_cropped/09_Metas/17/14/20190917140200_00160.png,732,451.7,364.3,27,960
9/17/2019 14:03,datasets/dataset_cropped/09_Metas/17/14/20190917140300_00160.jpg,datasets_flow/dataset_cropped/09_Metas/17/14/20190917140300_00160.jpg,datasets_cloudmask/dataset_cropped/09_Metas/17/14/20190917140300_00160.png,809,540.1,374.1,26.8,960
9/17/2019 14:04,datasets/dataset_cropped/09_Metas/17/14/20190917140400_00160.jpg,datasets_flow/dataset_cropped/09_Metas/17/14/20190917140400_00160.jpg,datasets_cloudmask/dataset_cropped/09_Metas/17/14/20190917140400_00160.png,954,739.8,360,26.7,960
9/17/2019 14:05,datasets/dataset_cropped/09_Metas/17/14/20190917140500_00160.jpg,datasets_flow/dataset_cropped/09_Metas/17/14/20190917140500_00160.jpg,datasets_cloudmask/dataset_cropped/09_Metas/17/14/20190917140500_00160.png,952,754.4,346.7,26.7,960
9/17/2019 14:06,datasets/dataset_cropped/09_Metas/17/14/20190917140600_00160.jpg,datasets_flow/dataset_cropped/09_Metas/17/14/20190917140600_00160.jpg,datasets_cloudmask/dataset_cropped/09_Metas/17/14/20190917140600_00160.png,921,735.6,331.8,26.7,960
9/17/2019 14:07,datasets/dataset_cropped/09_Metas/17/14/20190917140700_00160.jpg,datasets_flow/dataset_cropped/09_Metas/17/14/20190917140700_00160.jpg,datasets_cloudmask/dataset_cropped/09_Metas/17/14/20190917140700_00160.png,853,673.3,313.3,26.5,960
9/17/2019 14:08,datasets/dataset_cropped/09_Metas/17/14/20190917140800_00160.jpg,datasets_flow/dataset_cropped/09_Metas/17/14/20190917140800_00160.jpg,datasets_cloudmask/dataset_cropped/09_Metas/17/14/20190917140800_00160.png,828,666.2,295.6,26.5,960
9/17/2019 14:09,datasets/dataset_cropped/09_Metas/17/14/20190917140900_00160.jpg,datasets_flow/dataset_cropped/09_Metas/17/14/20190917140900_00160.jpg,datasets_cloudmask/dataset_cropped/09_Metas/17/14/20190917140900_00160.png,433.3,202.3,261.6,26.7,960
9/17/2019 14:10,datasets/dataset_cropped/09_Metas/17/14/20190917141000_00160.jpg,datasets_flow/dataset_cropped/09_Metas/17/14/20190917141000_00160.jpg,datasets_cloudmask/dataset_cropped/09_Metas/17/14/20190917141000_00160.png,254.5,13.4,238.6,26.9,960
9/17/2019 14:11,datasets/dataset_cropped/09_Metas/17/14/20190917141100_00160.jpg,datasets_flow/dataset_cropped/09_Metas/17/14/20190917141100_00160.jpg,datasets_cloudmask/dataset_cropped/09_Metas/17/14/20190917141100_00160.png,237.8,1.2,233,26.5,960
9/17/2019 14:12,datasets/dataset_cropped/09_Metas/17/14/20190917141200_00160.jpg,datasets_flow/dataset_cropped/09_Metas/17/14/20190917141200_00160.jpg,datasets_cloudmask/dataset_cropped/09_Metas/17/14/20190917141200_00160.png,243.6,0,240,26.1,960
9/17/2019 14:13,datasets/dataset_cropped/09_Metas/17/14/20190917141300_00160.jpg,datasets_flow/dataset_cropped/09_Metas/17/14/20190917141300_00160.jpg,datasets_cloudmask/dataset_cropped/09_Metas/17/14/20190917141300_00160.png,256.1,0,253,26.1,960
9/17/2019 14:14,datasets/dataset_cropped/09_Metas/17/14/20190917141400_00160.jpg,datasets_flow/dataset_cropped/09_Metas/17/14/20190917141400_00160.jpg,datasets_cloudmask/dataset_cropped/09_Metas/17/14/20190917141400_00160.png,265.5,0.4,261.7,26.1,960
9/17/2019 14:15,datasets/dataset_cropped/09_Metas/17/14/20190917141500_00160.jpg,datasets_flow/dataset_cropped/09_Metas/17/14/20190917141500_00160.jpg,datasets_cloudmask/dataset_cropped/09_Metas/17/14/20190917141500_00160.png,272.8,2.2,267.4,25.9,960
9/17/2019 14:16,datasets/dataset_cropped/09_Metas/17/14/20190917141600_00160.jpg,datasets_flow/dataset_cropped/09_Metas/17/14/20190917141600_00160.jpg,datasets_cloudmask/dataset_cropped/09_Metas/17/14/20190917141600_00160.png,287.7,12.9,273.7,26,960
9/17/2019 14:17,datasets/dataset_cropped/09_Metas/17/14/20190917141700_00160.jpg,datasets_flow/dataset_cropped/09_Metas/17/14/20190917141700_00160.jpg,datasets_cloudmask/dataset_cropped/09_Metas/17/14/20190917141700_00160.png,283.6,2,278.6,26.2,960
9/17/2019 14:18,datasets/dataset_cropped/09_Metas/17/14/20190917141800_00160.jpg,datasets_flow/dataset_cropped/09_Metas/17/14/20190917141800_00160.jpg,datasets_cloudmask/dataset_cropped/09_Metas/17/14/20190917141800_00160.png,281.1,0.5,277.1,26.2,960
9/17/2019 14:19,datasets/dataset_cropped/09_Metas/17/14/20190917141900_00160.jpg,datasets_flow/dataset_cropped/09_Metas/17/14/20190917141900_00160.jpg,datasets_cloudmask/dataset_cropped/09_Metas/17/14/20190917141900_00160.png,285.2,7.7,275.1,26.1,960
9/17/2019 14:20,datasets/dataset_cropped/09_Metas/17/14/20190917142000_00160.jpg,datasets_flow/dataset_cropped/09_Metas/17/14/20190917142000_00160.jpg,datasets_cloudmask/dataset_cropped/09_Metas/17/14/20190917142000_00160.png,283.5,12.1,270.8,25.9,960
9/17/2019 14:21,datasets/dataset_cropped/09_Metas/17/14/20190917142100_00160.jpg,datasets_flow/dataset_cropped/09_Metas/17/14/20190917142100_00160.jpg,datasets_cloudmask/dataset_cropped/09_Metas/17/14/20190917142100_00160.png,287.7,16.2,272.6,25.9,960
9/17/2019 14:22,datasets/dataset_cropped/09_Metas/17/14/20190917142200_00160.jpg,datasets_flow/dataset_cropped/09_Metas/17/14/20190917142200_00160.jpg,datasets_cloudmask/dataset_cropped/09_Metas/17/14/20190917142200_00160.png,442.8,207,275.2,26,960
9/17/2019 14:23,datasets/dataset_cropped/09_Metas/17/14/20190917142300_00160.jpg,datasets_flow/dataset_cropped/09_Metas/17/14/20190917142300_00160.jpg,datasets_cloudmask/dataset_cropped/09_Metas/17/14/20190917142300_00160.png,274.8,4.3,269.5,26.1,960
9/17/2019 14:24,datasets/dataset_cropped/09_Metas/17/14/20190917142400_00160.jpg,datasets_flow/dataset_cropped/09_Metas/17/14/20190917142400_00160.jpg,datasets_cloudmask/dataset_cropped/09_Metas/17/14/20190917142400_00160.png,272.5,7.5,264.6,26.1,960
9/17/2019 14:25,datasets/dataset_cropped/09_Metas/17/14/20190917142500_00160.jpg,datasets_flow/dataset_cropped/09_Metas/17/14/20190917142500_00160.jpg,datasets_cloudmask/dataset_cropped/09_Metas/17/14/20190917142500_00160.png,328.6,76.3,266.3,26.2,960
9/17/2019 14:26,datasets/dataset_cropped/09_Metas/17/14/20190917142600_00160.jpg,datasets_flow/dataset_cropped/09_Metas/17/14/20190917142600_00160.jpg,datasets_cloudmask/dataset_cropped/09_Metas/17/14/20190917142600_00160.png,504.7,291,276.1,26.6,960
9/17/2019 14:27,datasets/dataset_cropped/09_Metas/17/14/20190917142700_00160.jpg,datasets_flow/dataset_cropped/09_Metas/17/14/20190917142700_00160.jpg,datasets_cloudmask/dataset_cropped/09_Metas/17/14/20190917142700_00160.png,351.6,94,278.5,26.6,960
9/17/2019 14:28,datasets/dataset_cropped/09_Metas/17/14/20190917142800_00160.jpg,datasets_flow/dataset_cropped/09_Metas/17/14/20190917142800_00160.jpg,datasets_cloudmask/dataset_cropped/09_Metas/17/14/20190917142800_00160.png,328.6,59.3,282.7,26.5,960
9/17/2019 14:29,datasets/dataset_cropped/09_Metas/17/14/20190917142900_00160.jpg,datasets_flow/dataset_cropped/09_Metas/17/14/20190917142900_00160.jpg,datasets_cloudmask/dataset_cropped/09_Metas/17/14/20190917142900_00160.png,513.9,274.5,301.8,26.5,960
9/17/2019 14:30,datasets/dataset_cropped/09_Metas/17/14/20190917143000_00160.jpg,datasets_flow/dataset_cropped/09_Metas/17/14/20190917143000_00160.jpg,datasets_cloudmask/dataset_cropped/09_Metas/17/14/20190917143000_00160.png,715.8,490.1,327.1,26.5,960
9/17/2019 14:31,datasets/dataset_cropped/09_Metas/17/14/20190917143100_00160.jpg,datasets_flow/dataset_cropped/09_Metas/17/14/20190917143100_00160.jpg,datasets_cloudmask/dataset_cropped/09_Metas/17/14/20190917143100_00160.png,805,624.6,323.5,26.4,960
9/17/2019 14:32,datasets/dataset_cropped/09_Metas/17/14/20190917143200_00160.jpg,datasets_flow/dataset_cropped/09_Metas/17/14/20190917143200_00160.jpg,datasets_cloudmask/dataset_cropped/09_Metas/17/14/20190917143200_00160.png,914,777.9,316.8,26.5,960
9/17/2019 14:33,datasets/dataset_cropped/09_Metas/17/14/20190917143300_00160.jpg,datasets_flow/dataset_cropped/09_Metas/17/14/20190917143300_00160.jpg,datasets_cloudmask/dataset_cropped/09_Metas/17/14/20190917143300_00160.png,904,780.2,305.8,26.7,960
9/17/2019 14:34,datasets/dataset_cropped/09_Metas/17/14/20190917143400_00160.jpg,datasets_flow/dataset_cropped/09_Metas/17/14/20190917143400_00160.jpg,datasets_cloudmask/dataset_cropped/09_Metas/17/14/20190917143400_00160.png,861,757.6,282.4,26.8,960
9/17/2019 14:35,datasets/dataset_cropped/09_Metas/17/14/20190917143500_00160.jpg,datasets_flow/dataset_cropped/09_Metas/17/14/20190917143500_00160.jpg,datasets_cloudmask/dataset_cropped/09_Metas/17/14/20190917143500_00160.png,862,787.2,261.6,26.8,960
9/17/2019 14:36,datasets/dataset_cropped/09_Metas/17/14/20190917143600_00160.jpg,datasets_flow/dataset_cropped/09_Metas/17/14/20190917143600_00160.jpg,datasets_cloudmask/dataset_cropped/09_Metas/17/14/20190917143600_00160.png,846,785.8,247.8,27.1,960
9/17/2019 14:37,datasets/dataset_cropped/09_Metas/17/14/20190917143700_00160.jpg,datasets_flow/dataset_cropped/09_Metas/17/14/20190917143700_00160.jpg,datasets_cloudmask/dataset_cropped/09_Metas/17/14/20190917143700_00160.png,825,766.6,242.3,27.4,960
9/17/2019 14:38,datasets/dataset_cropped/09_Metas/17/14/20190917143800_00160.jpg,datasets_flow/dataset_cropped/09_Metas/17/14/20190917143800_00160.jpg,datasets_cloudmask/dataset_cropped/09_Metas/17/14/20190917143800_00160.png,438.8,269.5,227.5,27.2,960
9/17/2019 14:39,datasets/dataset_cropped/09_Metas/17/14/20190917143900_00160.jpg,datasets_flow/dataset_cropped/09_Metas/17/14/20190917143900_00160.jpg,datasets_cloudmask/dataset_cropped/09_Metas/17/14/20190917143900_00160.png,752.1,683.4,235.1,27.3,960
9/17/2019 14:40,datasets/dataset_cropped/09_Metas/17/14/20190917144000_00160.jpg,datasets_flow/dataset_cropped/09_Metas/17/14/20190917144000_00160.jpg,datasets_cloudmask/dataset_cropped/09_Metas/17/14/20190917144000_00160.png,818,775.9,231.2,27.3,960
9/17/2019 14:41,datasets/dataset_cropped/09_Metas/17/14/20190917144100_00160.jpg,datasets_flow/dataset_cropped/09_Metas/17/14/20190917144100_00160.jpg,datasets_cloudmask/dataset_cropped/09_Metas/17/14/20190917144100_00160.png,776,737.1,218.6,27.2,960
9/17/2019 14:42,datasets/dataset_cropped/09_Metas/17/14/20190917144200_00160.jpg,datasets_flow/dataset_cropped/09_Metas/17/14/20190917144200_00160.jpg,datasets_cloudmask/dataset_cropped/09_Metas/17/14/20190917144200_00160.png,756.6,731.2,204.5,26.9,960
9/17/2019 14:43,datasets/dataset_cropped/09_Metas/17/14/20190917144300_00160.jpg,datasets_flow/dataset_cropped/09_Metas/17/14/20190917144300_00160.jpg,datasets_cloudmask/dataset_cropped/09_Metas/17/14/20190917144300_00160.png,775.9,772.2,194.6,26.8,960
9/17/2019 14:44,datasets/dataset_cropped/09_Metas/17/14/20190917144400_00160.jpg,datasets_flow/dataset_cropped/09_Metas/17/14/20190917144400_00160.jpg,datasets_cloudmask/dataset_cropped/09_Metas/17/14/20190917144400_00160.png,739.1,734.6,186.1,27.1,960
9/17/2019 14:45,datasets/dataset_cropped/09_Metas/17/14/20190917144500_00160.jpg,datasets_flow/dataset_cropped/09_Metas/17/14/20190917144500_00160.jpg,datasets_cloudmask/dataset_cropped/09_Metas/17/14/20190917144500_00160.png,763.2,775.5,181.4,27.1,960
9/17/2019 14:46,datasets/dataset_cropped/09_Metas/17/14/20190917144600_00160.jpg,datasets_flow/dataset_cropped/09_Metas/17/14/20190917144600_00160.jpg,datasets_cloudmask/dataset_cropped/09_Metas/17/14/20190917144600_00160.png,747.3,763.1,175.7,27.1,960
9/17/2019 14:47,datasets/dataset_cropped/09_Metas/17/14/20190917144700_00160.jpg,datasets_flow/dataset_cropped/09_Metas/17/14/20190917144700_00160.jpg,datasets_cloudmask/dataset_cropped/09_Metas/17/14/20190917144700_00160.png,742.2,763.6,171.1,27.2,960
9/17/2019 14:48,datasets/dataset_cropped/09_Metas/17/14/20190917144800_00160.jpg,datasets_flow/dataset_cropped/09_Metas/17/14/20190917144800_00160.jpg,datasets_cloudmask/dataset_cropped/09_Metas/17/14/20190917144800_00160.png,738.8,765.8,167.4,27.2,960
9/17/2019 14:49,datasets/dataset_cropped/09_Metas/17/14/20190917144900_00160.jpg,datasets_flow/dataset_cropped/09_Metas/17/14/20190917144900_00160.jpg,datasets_cloudmask/dataset_cropped/09_Metas/17/14/20190917144900_00160.png,735,767,163.7,27.2,960
9/17/2019 14:50,datasets/dataset_cropped/09_Metas/17/14/20190917145000_00160.jpg,datasets_flow/dataset_cropped/09_Metas/17/14/20190917145000_00160.jpg,datasets_cloudmask/dataset_cropped/09_Metas/17/14/20190917145000_00160.png,730.9,765.7,161.5,27.1,960
9/17/2019 14:51,datasets/dataset_cropped/09_Metas/17/14/20190917145100_00160.jpg,datasets_flow/dataset_cropped/09_Metas/17/14/20190917145100_00160.jpg,datasets_cloudmask/dataset_cropped/09_Metas/17/14/20190917145100_00160.png,729.8,767.2,160.3,27,960
9/17/2019 14:52,datasets/dataset_cropped/09_Metas/17/14/20190917145200_00160.jpg,datasets_flow/dataset_cropped/09_Metas/17/14/20190917145200_00160.jpg,datasets_cloudmask/dataset_cropped/09_Metas/17/14/20190917145200_00160.png,728.9,768.3,159.9,26.8,960
9/17/2019 14:53,datasets/dataset_cropped/09_Metas/17/14/20190917145300_00160.jpg,datasets_flow/dataset_cropped/09_Metas/17/14/20190917145300_00160.jpg,datasets_cloudmask/dataset_cropped/09_Metas/17/14/20190917145300_00160.png,728.3,767.6,161.2,26.9,960
9/17/2019 14:54,datasets/dataset_cropped/09_Metas/17/14/20190917145400_00160.jpg,datasets_flow/dataset_cropped/09_Metas/17/14/20190917145400_00160.jpg,datasets_cloudmask/dataset_cropped/09_Metas/17/14/20190917145400_00160.png,714.5,747.9,163.2,27.3,960
9/17/2019 14:55,datasets/dataset_cropped/09_Metas/17/14/20190917145500_00160.jpg,datasets_flow/dataset_cropped/09_Metas/17/14/20190917145500_00160.jpg,datasets_cloudmask/dataset_cropped/09_Metas/17/14/20190917145500_00160.png,708.6,733.6,168.3,27.3,960
9/17/2019 14:56,datasets/dataset_cropped/09_Metas/17/14/20190917145600_00160.jpg,datasets_flow/dataset_cropped/09_Metas/17/14/20190917145600_00160.jpg,datasets_cloudmask/dataset_cropped/09_Metas/17/14/20190917145600_00160.png,724.3,744.7,178,27.1,960
9/17/2019 14:57,datasets/dataset_cropped/09_Metas/17/14/20190917145700_00160.jpg,datasets_flow/dataset_cropped/09_Metas/17/14/20190917145700_00160.jpg,datasets_cloudmask/dataset_cropped/09_Metas/17/14/20190917145700_00160.png,733.3,742.7,189.9,27.2,960
9/17/2019 14:58,datasets/dataset_cropped/09_Metas/17/14/20190917145800_00160.jpg,datasets_flow/dataset_cropped/09_Metas/17/14/20190917145800_00160.jpg,datasets_cloudmask/dataset_cropped/09_Metas/17/14/20190917145800_00160.png,640.2,606.4,193.3,27.1,960
9/17/2019 14:59,datasets/dataset_cropped/09_Metas/17/14/20190917145900_00160.jpg,datasets_flow/dataset_cropped/09_Metas/17/14/20190917145900_00160.jpg,datasets_cloudmask/dataset_cropped/09_Metas/17/14/20190917145900_00160.png,682.9,670.5,190.7,27.2,960
9/17/2019 15:00,datasets/dataset_cropped/09_Metas/17/15/20190917150000_00160.jpg,datasets_flow/dataset_cropped/09_Metas/17/15/20190917150000_00160.jpg,datasets_cloudmask/dataset_cropped/09_Metas/17/15/20190917150000_00160.png,733.5,752.1,185.9,27.2,960
9/17/2019 15:01,datasets/dataset_cropped/09_Metas/17/15/20190917150100_00160.jpg,datasets_flow/dataset_cropped/09_Metas/17/15/20190917150100_00160.jpg,datasets_cloudmask/dataset_cropped/09_Metas/17/15/20190917150100_00160.png,730.6,756.2,181.6,27.2,960
9/17/2019 15:02,datasets/dataset_cropped/09_Metas/17/15/20190917150200_00160.jpg,datasets_flow/dataset_cropped/09_Metas/17/15/20190917150200_00160.jpg,datasets_cloudmask/dataset_cropped/09_Metas/17/15/20190917150200_00160.png,722.4,751.2,178.5,26.9,960
9/17/2019 15:03,datasets/dataset_cropped/09_Metas/17/15/20190917150300_00160.jpg,datasets_flow/dataset_cropped/09_Metas/17/15/20190917150300_00160.jpg,datasets_cloudmask/dataset_cropped/09_Metas/17/15/20190917150300_00160.png,713.1,743.4,176.1,26.9,960
9/17/2019 15:04,datasets/dataset_cropped/09_Metas/17/15/20190917150400_00160.jpg,datasets_flow/dataset_cropped/09_Metas/17/15/20190917150400_00160.jpg,datasets_cloudmask/dataset_cropped/09_Metas/17/15/20190917150400_00160.png,700.8,730.3,174.2,27.1,960
9/17/2019 15:05,datasets/dataset_cropped/09_Metas/17/15/20190917150500_00160.jpg,datasets_flow/dataset_cropped/09_Metas/17/15/20190917150500_00160.jpg,datasets_cloudmask/dataset_cropped/09_Metas/17/15/20190917150500_00160.png,709.2,743,174.8,27,960
9/17/2019 15:06,datasets/dataset_cropped/09_Metas/17/15/20190917150600_00160.jpg,datasets_flow/dataset_cropped/09_Metas/17/15/20190917150600_00160.jpg,datasets_cloudmask/dataset_cropped/09_Metas/17/15/20190917150600_00160.png,689.9,718.6,174.8,26.9,960
9/17/2019 15:07,datasets/dataset_cropped/09_Metas/17/15/20190917150700_00160.jpg,datasets_flow/dataset_cropped/09_Metas/17/15/20190917150700_00160.jpg,datasets_cloudmask/dataset_cropped/09_Metas/17/15/20190917150700_00160.png,680.8,713.3,169.8,27,960
9/17/2019 15:08,datasets/dataset_cropped/09_Metas/17/15/20190917150800_00160.jpg,datasets_flow/dataset_cropped/09_Metas/17/15/20190917150800_00160.jpg,datasets_cloudmask/dataset_cropped/09_Metas/17/15/20190917150800_00160.png,698.7,745.4,166.5,27,960
9/17/2019 15:09,datasets/dataset_cropped/09_Metas/17/15/20190917150900_00160.jpg,datasets_flow/dataset_cropped/09_Metas/17/15/20190917150900_00160.jpg,datasets_cloudmask/dataset_cropped/09_Metas/17/15/20190917150900_00160.png,693.9,745.5,162.9,27.1,960
9/17/2019 15:10,datasets/dataset_cropped/09_Metas/17/15/20190917151000_00160.jpg,datasets_flow/dataset_cropped/09_Metas/17/15/20190917151000_00160.jpg,datasets_cloudmask/dataset_cropped/09_Metas/17/15/20190917151000_00160.png,692.7,749.5,160.6,27.4,960
9/17/2019 15:11,datasets/dataset_cropped/09_Metas/17/15/20190917151100_00160.jpg,datasets_flow/dataset_cropped/09_Metas/17/15/20190917151100_00160.jpg,datasets_cloudmask/dataset_cropped/09_Metas/17/15/20190917151100_00160.png,691.4,752,158.8,27.4,960
9/17/2019 15:12,datasets/dataset_cropped/09_Metas/17/15/20190917151200_00160.jpg,datasets_flow/dataset_cropped/09_Metas/17/15/20190917151200_00160.jpg,datasets_cloudmask/dataset_cropped/09_Metas/17/15/20190917151200_00160.png,685,746.3,157.6,27.4,960
9/17/2019 15:13,datasets/dataset_cropped/09_Metas/17/15/20190917151300_00160.jpg,datasets_flow/dataset_cropped/09_Metas/17/15/20190917151300_00160.jpg,datasets_cloudmask/dataset_cropped/09_Metas/17/15/20190917151300_00160.png,679.4,741.1,157.2,27.4,960
9/17/2019 15:14,datasets/dataset_cropped/09_Metas/17/15/20190917151400_00160.jpg,datasets_flow/dataset_cropped/09_Metas/17/15/20190917151400_00160.jpg,datasets_cloudmask/dataset_cropped/09_Metas/17/15/20190917151400_00160.png,679,742.9,156.9,27.5,960
9/17/2019 15:15,datasets/dataset_cropped/09_Metas/17/15/20190917151500_00160.jpg,datasets_flow/dataset_cropped/09_Metas/17/15/20190917151500_00160.jpg,datasets_cloudmask/dataset_cropped/09_Metas/17/15/20190917151500_00160.png,678,743.1,157,27.4,960
9/17/2019 15:16,datasets/dataset_cropped/09_Metas/17/15/20190917151600_00160.jpg,datasets_flow/dataset_cropped/09_Metas/17/15/20190917151600_00160.jpg,datasets_cloudmask/dataset_cropped/09_Metas/17/15/20190917151600_00160.png,677.2,743.1,157.4,27.5,960
9/17/2019 15:17,datasets/dataset_cropped/09_Metas/17/15/20190917151700_00160.jpg,datasets_flow/dataset_cropped/09_Metas/17/15/20190917151700_00160.jpg,datasets_cloudmask/dataset_cropped/09_Metas/17/15/20190917151700_00160.png,677.6,743.1,158.8,27.7,960
9/17/2019 15:18,datasets/dataset_cropped/09_Metas/17/15/20190917151800_00160.jpg,datasets_flow/dataset_cropped/09_Metas/17/15/20190917151800_00160.jpg,datasets_cloudmask/dataset_cropped/09_Metas/17/15/20190917151800_00160.png,680.1,744.4,161.4,27.6,960
9/17/2019 15:19,datasets/dataset_cropped/09_Metas/17/15/20190917151900_00160.jpg,datasets_flow/dataset_cropped/09_Metas/17/15/20190917151900_00160.jpg,datasets_cloudmask/dataset_cropped/09_Metas/17/15/20190917151900_00160.png,682.3,745,164.4,27.6,960
9/17/2019 15:20,datasets/dataset_cropped/09_Metas/17/15/20190917152000_00160.jpg,datasets_flow/dataset_cropped/09_Metas/17/15/20190917152000_00160.jpg,datasets_cloudmask/dataset_cropped/09_Metas/17/15/20190917152000_00160.png,684.6,745.4,167.5,27.6,960
9/17/2019 15:21,datasets/dataset_cropped/09_Metas/17/15/20190917152100_00160.jpg,datasets_flow/dataset_cropped/09_Metas/17/15/20190917152100_00160.jpg,datasets_cloudmask/dataset_cropped/09_Metas/17/15/20190917152100_00160.png,686.5,745.5,171.1,27.5,960
9/17/2019 15:22,datasets/dataset_cropped/09_Metas/17/15/20190917152200_00160.jpg,datasets_flow/dataset_cropped/09_Metas/17/15/20190917152200_00160.jpg,datasets_cloudmask/dataset_cropped/09_Metas/17/15/20190917152200_00160.png,685.3,741.9,173.9,27.4,959
9/17/2019 15:23,datasets/dataset_cropped/09_Metas/17/15/20190917152300_00160.jpg,datasets_flow/dataset_cropped/09_Metas/17/15/20190917152300_00160.jpg,datasets_cloudmask/dataset_cropped/09_Metas/17/15/20190917152300_00160.png,684.4,738.3,176.5,27.4,959
9/17/2019 15:24,datasets/dataset_cropped/09_Metas/17/15/20190917152400_00160.jpg,datasets_flow/dataset_cropped/09_Metas/17/15/20190917152400_00160.jpg,datasets_cloudmask/dataset_cropped/09_Metas/17/15/20190917152400_00160.png,685.3,736.8,179.9,27.4,959
9/17/2019 15:25,datasets/dataset_cropped/09_Metas/17/15/20190917152500_00160.jpg,datasets_flow/dataset_cropped/09_Metas/17/15/20190917152500_00160.jpg,datasets_cloudmask/dataset_cropped/09_Metas/17/15/20190917152500_00160.png,683.8,732.8,182.4,27.3,960
9/17/2019 15:26,datasets/dataset_cropped/09_Metas/17/15/20190917152600_00160.jpg,datasets_flow/dataset_cropped/09_Metas/17/15/20190917152600_00160.jpg,datasets_cloudmask/dataset_cropped/09_Metas/17/15/20190917152600_00160.png,682,727.7,185.3,27.4,959
9/17/2019 15:27,datasets/dataset_cropped/09_Metas/17/15/20190917152700_00160.jpg,datasets_flow/dataset_cropped/09_Metas/17/15/20190917152700_00160.jpg,datasets_cloudmask/dataset_cropped/09_Metas/17/15/20190917152700_00160.png,682.4,726.4,188.2,27.3,960
9/17/2019 15:28,datasets/dataset_cropped/09_Metas/17/15/20190917152800_00160.jpg,datasets_flow/dataset_cropped/09_Metas/17/15/20190917152800_00160.jpg,datasets_cloudmask/dataset_cropped/09_Metas/17/15/20190917152800_00160.png,680.6,723.7,189.9,27.1,960
9/17/2019 15:29,datasets/dataset_cropped/09_Metas/17/15/20190917152900_00160.jpg,datasets_flow/dataset_cropped/09_Metas/17/15/20190917152900_00160.jpg,datasets_cloudmask/dataset_cropped/09_Metas/17/15/20190917152900_00160.png,677.9,722.7,189.4,27.2,959
9/17/2019 15:30,datasets/dataset_cropped/09_Metas/17/15/20190917153000_00160.jpg,datasets_flow/dataset_cropped/09_Metas/17/15/20190917153000_00160.jpg,datasets_cloudmask/dataset_cropped/09_Metas/17/15/20190917153000_00160.png,674.8,721.2,188.6,27.5,959
9/17/2019 15:31,datasets/dataset_cropped/09_Metas/17/15/20190917153100_00160.jpg,datasets_flow/dataset_cropped/09_Metas/17/15/20190917153100_00160.jpg,datasets_cloudmask/dataset_cropped/09_Metas/17/15/20190917153100_00160.png,671.6,720.2,187.7,27.7,960
9/17/2019 15:32,datasets/dataset_cropped/09_Metas/17/15/20190917153200_00160.jpg,datasets_flow/dataset_cropped/09_Metas/17/15/20190917153200_00160.jpg,datasets_cloudmask/dataset_cropped/09_Metas/17/15/20190917153200_00160.png,667,717.1,186.5,27.7,959
9/17/2019 15:33,datasets/dataset_cropped/09_Metas/17/15/20190917153300_00160.jpg,datasets_flow/dataset_cropped/09_Metas/17/15/20190917153300_00160.jpg,datasets_cloudmask/dataset_cropped/09_Metas/17/15/20190917153300_00160.png,657.3,708.4,184.2,27.8,959
9/17/2019 15:34,datasets/dataset_cropped/09_Metas/17/15/20190917153400_00160.jpg,datasets_flow/dataset_cropped/09_Metas/17/15/20190917153400_00160.jpg,datasets_cloudmask/dataset_cropped/09_Metas/17/15/20190917153400_00160.png,659,717.2,181.2,27.7,960
9/17/2019 15:35,datasets/dataset_cropped/09_Metas/17/15/20190917153500_00160.jpg,datasets_flow/dataset_cropped/09_Metas/17/15/20190917153500_00160.jpg,datasets_cloudmask/dataset_cropped/09_Metas/17/15/20190917153500_00160.png,654.7,716.3,178.5,27.4,959
9/17/2019 15:36,datasets/dataset_cropped/09_Metas/17/15/20190917153600_00160.jpg,datasets_flow/dataset_cropped/09_Metas/17/15/20190917153600_00160.jpg,datasets_cloudmask/dataset_cropped/09_Metas/17/15/20190917153600_00160.png,648.4,711.2,176.9,27.3,960
9/17/2019 15:37,datasets/dataset_cropped/09_Metas/17/15/20190917153700_00160.jpg,datasets_flow/dataset_cropped/09_Metas/17/15/20190917153700_00160.jpg,datasets_cloudmask/dataset_cropped/09_Metas/17/15/20190917153700_00160.png,646.5,711.1,176.7,27.4,959
9/17/2019 15:38,datasets/dataset_cropped/09_Metas/17/15/20190917153800_00160.jpg,datasets_flow/dataset_cropped/09_Metas/17/15/20190917153800_00160.jpg,datasets_cloudmask/dataset_cropped/09_Metas/17/15/20190917153800_00160.png,649.3,716.7,177.3,27.6,959
9/17/2019 15:39,datasets/dataset_cropped/09_Metas/17/15/20190917153900_00160.jpg,datasets_flow/dataset_cropped/09_Metas/17/15/20190917153900_00160.jpg,datasets_cloudmask/dataset_cropped/09_Metas/17/15/20190917153900_00160.png,649.2,717.8,178,27.6,960
9/17/2019 15:40,datasets/dataset_cropped/09_Metas/17/15/20190917154000_00160.jpg,datasets_flow/dataset_cropped/09_Metas/17/15/20190917154000_00160.jpg,datasets_cloudmask/dataset_cropped/09_Metas/17/15/20190917154000_00160.png,647.7,716.5,178.9,27.7,959
9/17/2019 15:41,datasets/dataset_cropped/09_Metas/17/15/20190917154100_00160.jpg,datasets_flow/dataset_cropped/09_Metas/17/15/20190917154100_00160.jpg,datasets_cloudmask/dataset_cropped/09_Metas/17/15/20190917154100_00160.png,640.9,708.3,179.1,28.2,959
9/17/2019 15:42,datasets/dataset_cropped/09_Metas/17/15/20190917154200_00160.jpg,datasets_flow/dataset_cropped/09_Metas/17/15/20190917154200_00160.jpg,datasets_cloudmask/dataset_cropped/09_Metas/17/15/20190917154200_00160.png,639.9,709.9,178.6,27.9,959
9/17/2019 15:43,datasets/dataset_cropped/09_Metas/17/15/20190917154300_00160.jpg,datasets_flow/dataset_cropped/09_Metas/17/15/20190917154300_00160.jpg,datasets_cloudmask/dataset_cropped/09_Metas/17/15/20190917154300_00160.png,631.4,704.7,175.3,27.7,959
9/17/2019 15:44,datasets/dataset_cropped/09_Metas/17/15/20190917154400_00160.jpg,datasets_flow/dataset_cropped/09_Metas/17/15/20190917154400_00160.jpg,datasets_cloudmask/dataset_cropped/09_Metas/17/15/20190917154400_00160.png,625.2,703.8,171.5,27.7,959
9/17/2019 15:45,datasets/dataset_cropped/09_Metas/17/15/20190917154500_00160.jpg,datasets_flow/dataset_cropped/09_Metas/17/15/20190917154500_00160.jpg,datasets_cloudmask/dataset_cropped/09_Metas/17/15/20190917154500_00160.png,614.4,695.2,168.1,27.6,959
9/17/2019 15:46,datasets/dataset_cropped/09_Metas/17/15/20190917154600_00160.jpg,datasets_flow/dataset_cropped/09_Metas/17/15/20190917154600_00160.jpg,datasets_cloudmask/dataset_cropped/09_Metas/17/15/20190917154600_00160.png,614.5,702.4,165.4,27.7,959
9/17/2019 15:47,datasets/dataset_cropped/09_Metas/17/15/20190917154700_00160.jpg,datasets_flow/dataset_cropped/09_Metas/17/15/20190917154700_00160.jpg,datasets_cloudmask/dataset_cropped/09_Metas/17/15/20190917154700_00160.png,613,706.5,162.6,27.7,959
9/17/2019 15:48,datasets/dataset_cropped/09_Metas/17/15/20190917154800_00160.jpg,datasets_flow/dataset_cropped/09_Metas/17/15/20190917154800_00160.jpg,datasets_cloudmask/dataset_cropped/09_Metas/17/15/20190917154800_00160.png,608.1,704.7,160,27.8,959
9/17/2019 15:49,datasets/dataset_cropped/09_Metas/17/15/20190917154900_00160.jpg,datasets_flow/dataset_cropped/09_Metas/17/15/20190917154900_00160.jpg,datasets_cloudmask/dataset_cropped/09_Metas/17/15/20190917154900_00160.png,604.1,703.9,157.9,27.9,959
9/17/2019 15:50,datasets/dataset_cropped/09_Metas/17/15/20190917155000_00160.jpg,datasets_flow/dataset_cropped/09_Metas/17/15/20190917155000_00160.jpg,datasets_cloudmask/dataset_cropped/09_Metas/17/15/20190917155000_00160.png,599.2,700.9,156.6,27.8,960
9/17/2019 15:51,datasets/dataset_cropped/09_Metas/17/15/20190917155100_00160.jpg,datasets_flow/dataset_cropped/09_Metas/17/15/20190917155100_00160.jpg,datasets_cloudmask/dataset_cropped/09_Metas/17/15/20190917155100_00160.png,593,696.2,154.9,27.5,959
9/17/2019 15:52,datasets/dataset_cropped/09_Metas/17/15/20190917155200_00160.jpg,datasets_flow/dataset_cropped/09_Metas/17/15/20190917155200_00160.jpg,datasets_cloudmask/dataset_cropped/09_Metas/17/15/20190917155200_00160.png,590.4,696,153.9,27.5,959
9/17/2019 15:53,datasets/dataset_cropped/09_Metas/17/15/20190917155300_00160.jpg,datasets_flow/dataset_cropped/09_Metas/17/15/20190917155300_00160.jpg,datasets_cloudmask/dataset_cropped/09_Metas/17/15/20190917155300_00160.png,588.7,697.4,153,27.8,960
9/17/2019 15:54,datasets/dataset_cropped/09_Metas/17/15/20190917155400_00160.jpg,datasets_flow/dataset_cropped/09_Metas/17/15/20190917155400_00160.jpg,datasets_cloudmask/dataset_cropped/09_Metas/17/15/20190917155400_00160.png,587.9,699.5,152.9,27.9,959
9/17/2019 15:55,datasets/dataset_cropped/09_Metas/17/15/20190917155500_00160.jpg,datasets_flow/dataset_cropped/09_Metas/17/15/20190917155500_00160.jpg,datasets_cloudmask/dataset_cropped/09_Metas/17/15/20190917155500_00160.png,584.2,696.9,152.2,27.9,959
9/17/2019 15:56,datasets/dataset_cropped/09_Metas/17/15/20190917155600_00160.jpg,datasets_flow/dataset_cropped/09_Metas/17/15/20190917155600_00160.jpg,datasets_cloudmask/dataset_cropped/09_Metas/17/15/20190917155600_00160.png,581.1,694.5,152.2,28,959
9/17/2019 15:57,datasets/dataset_cropped/09_Metas/17/15/20190917155700_00160.jpg,datasets_flow/dataset_cropped/09_Metas/17/15/20190917155700_00160.jpg,datasets_cloudmask/dataset_cropped/09_Metas/17/15/20190917155700_00160.png,578.9,693.6,152.7,28.1,959
9/17/2019 15:58,datasets/dataset_cropped/09_Metas/17/15/20190917155800_00160.jpg,datasets_flow/dataset_cropped/09_Metas/17/15/20190917155800_00160.jpg,datasets_cloudmask/dataset_cropped/09_Metas/17/15/20190917155800_00160.png,575.1,691.2,152.1,28.1,959
9/17/2019 15:59,datasets/dataset_cropped/09_Metas/17/15/20190917155900_00160.jpg,datasets_flow/dataset_cropped/09_Metas/17/15/20190917155900_00160.jpg,datasets_cloudmask/dataset_cropped/09_Metas/17/15/20190917155900_00160.png,571.7,689.1,151.7,28,959
9/17/2019 16:00,datasets/dataset_cropped/09_Metas/17/16/20190917160000_00160.jpg,datasets_flow/dataset_cropped/09_Metas/17/16/20190917160000_00160.jpg,datasets_cloudmask/dataset_cropped/09_Metas/17/16/20190917160000_00160.png,571.5,692.2,151,27.9,959
9/17/2019 16:01,datasets/dataset_cropped/09_Metas/17/16/20190917160100_00160.jpg,datasets_flow/dataset_cropped/09_Metas/17/16/20190917160100_00160.jpg,datasets_cloudmask/dataset_cropped/09_Metas/17/16/20190917160100_00160.png,569.8,692.8,150.6,27.9,959
9/17/2019 16:02,datasets/dataset_cropped/09_Metas/17/16/20190917160200_00160.jpg,datasets_flow/dataset_cropped/09_Metas/17/16/20190917160200_00160.jpg,datasets_cloudmask/dataset_cropped/09_Metas/17/16/20190917160200_00160.png,567.5,692.2,150.3,28,959
9/17/2019 16:03,datasets/dataset_cropped/09_Metas/17/16/20190917160300_00160.jpg,datasets_flow/dataset_cropped/09_Metas/17/16/20190917160300_00160.jpg,datasets_cloudmask/dataset_cropped/09_Metas/17/16/20190917160300_00160.png,565.6,692,150.4,28.1,959
9/17/2019 16:04,datasets/dataset_cropped/09_Metas/17/16/20190917160400_00160.jpg,datasets_flow/dataset_cropped/09_Metas/17/16/20190917160400_00160.jpg,datasets_cloudmask/dataset_cropped/09_Metas/17/16/20190917160400_00160.png,563.1,690.8,150.5,27.8,959
9/17/2019 16:05,datasets/dataset_cropped/09_Metas/17/16/20190917160500_00160.jpg,datasets_flow/dataset_cropped/09_Metas/17/16/20190917160500_00160.jpg,datasets_cloudmask/dataset_cropped/09_Metas/17/16/20190917160500_00160.png,559.6,688.7,150.1,27.7,959
9/17/2019 16:06,datasets/dataset_cropped/09_Metas/17/16/20190917160600_00160.jpg,datasets_flow/dataset_cropped/09_Metas/17/16/20190917160600_00160.jpg,datasets_cloudmask/dataset_cropped/09_Metas/17/16/20190917160600_00160.png,556.4,686.9,149.5,27.8,959
9/17/2019 16:07,datasets/dataset_cropped/09_Metas/17/16/20190917160700_00160.jpg,datasets_flow/dataset_cropped/09_Metas/17/16/20190917160700_00160.jpg,datasets_cloudmask/dataset_cropped/09_Metas/17/16/20190917160700_00160.png,553.7,685.1,149.3,27.7,959
9/17/2019 16:08,datasets/dataset_cropped/09_Metas/17/16/20190917160800_00160.jpg,datasets_flow/dataset_cropped/09_Metas/17/16/20190917160800_00160.jpg,datasets_cloudmask/dataset_cropped/09_Metas/17/16/20190917160800_00160.png,548.5,679.9,148.9,27.8,959
9/17/2019 16:09,datasets/dataset_cropped/09_Metas/17/16/20190917160900_00160.jpg,datasets_flow/dataset_cropped/09_Metas/17/16/20190917160900_00160.jpg,datasets_cloudmask/dataset_cropped/09_Metas/17/16/20190917160900_00160.png,546.9,680.8,148.7,27.9,959
9/17/2019 16:10,datasets/dataset_cropped/09_Metas/17/16/20190917161000_00160.jpg,datasets_flow/dataset_cropped/09_Metas/17/16/20190917161000_00160.jpg,datasets_cloudmask/dataset_cropped/09_Metas/17/16/20190917161000_00160.png,544.8,680.9,148.2,28.1,959
9/17/2019 16:11,datasets/dataset_cropped/09_Metas/17/16/20190917161100_00160.jpg,datasets_flow/dataset_cropped/09_Metas/17/16/20190917161100_00160.jpg,datasets_cloudmask/dataset_cropped/09_Metas/17/16/20190917161100_00160.png,543.2,682.1,147.5,28.1,959
9/17/2019 16:12,datasets/dataset_cropped/09_Metas/17/16/20190917161200_00160.jpg,datasets_flow/dataset_cropped/09_Metas/17/16/20190917161200_00160.jpg,datasets_cloudmask/dataset_cropped/09_Metas/17/16/20190917161200_00160.png,539.2,678.5,147.3,28.1,959
9/17/2019 16:13,datasets/dataset_cropped/09_Metas/17/16/20190917161300_00160.jpg,datasets_flow/dataset_cropped/09_Metas/17/16/20190917161300_00160.jpg,datasets_cloudmask/dataset_cropped/09_Metas/17/16/20190917161300_00160.png,534.2,674.5,147,28.1,959
9/17/2019 16:14,datasets/dataset_cropped/09_Metas/17/16/20190917161400_00160.jpg,datasets_flow/dataset_cropped/09_Metas/17/16/20190917161400_00160.jpg,datasets_cloudmask/dataset_cropped/09_Metas/17/16/20190917161400_00160.png,531.3,672.8,146.9,27.8,959
9/17/2019 16:15,datasets/dataset_cropped/09_Metas/17/16/20190917161500_00160.jpg,datasets_flow/dataset_cropped/09_Metas/17/16/20190917161500_00160.jpg,datasets_cloudmask/dataset_cropped/09_Metas/17/16/20190917161500_00160.png,529.1,670.8,147.6,27.7,959
9/17/2019 16:16,datasets/dataset_cropped/09_Metas/17/16/20190917161600_00160.jpg,datasets_flow/dataset_cropped/09_Metas/17/16/20190917161600_00160.jpg,datasets_cloudmask/dataset_cropped/09_Metas/17/16/20190917161600_00160.png,525.9,666.7,148.4,27.6,959
9/17/2019 16:17,datasets/dataset_cropped/09_Metas/17/16/20190917161700_00160.jpg,datasets_flow/dataset_cropped/09_Metas/17/16/20190917161700_00160.jpg,datasets_cloudmask/dataset_cropped/09_Metas/17/16/20190917161700_00160.png,522.2,662,148.7,27.6,959
9/17/2019 16:18,datasets/dataset_cropped/09_Metas/17/16/20190917161800_00160.jpg,datasets_flow/dataset_cropped/09_Metas/17/16/20190917161800_00160.jpg,datasets_cloudmask/dataset_cropped/09_Metas/17/16/20190917161800_00160.png,519.2,659.1,148.8,27.6,959
9/17/2019 16:19,datasets/dataset_cropped/09_Metas/17/16/20190917161900_00160.jpg,datasets_flow/dataset_cropped/09_Metas/17/16/20190917161900_00160.jpg,datasets_cloudmask/dataset_cropped/09_Metas/17/16/20190917161900_00160.png,514.1,652.1,148.7,27.6,959
9/17/2019 16:20,datasets/dataset_cropped/09_Metas/17/16/20190917162000_00160.jpg,datasets_flow/dataset_cropped/09_Metas/17/16/20190917162000_00160.jpg,datasets_cloudmask/dataset_cropped/09_Metas/17/16/20190917162000_00160.png,513.6,653.6,149.2,27.9,959
9/17/2019 16:21,datasets/dataset_cropped/09_Metas/17/16/20190917162100_00160.jpg,datasets_flow/dataset_cropped/09_Metas/17/16/20190917162100_00160.jpg,datasets_cloudmask/dataset_cropped/09_Metas/17/16/20190917162100_00160.png,509.9,651.5,148.6,28.1,959
9/17/2019 16:22,datasets/dataset_cropped/09_Metas/17/16/20190917162200_00160.jpg,datasets_flow/dataset_cropped/09_Metas/17/16/20190917162200_00160.jpg,datasets_cloudmask/dataset_cropped/09_Metas/17/16/20190917162200_00160.png,504.9,649.9,146.2,28.1,959
9/17/2019 16:23,datasets/dataset_cropped/09_Metas/17/16/20190917162300_00160.jpg,datasets_flow/dataset_cropped/09_Metas/17/16/20190917162300_00160.jpg,datasets_cloudmask/dataset_cropped/09_Metas/17/16/20190917162300_00160.png,498.4,643.9,144.5,28.1,959
9/17/2019 16:24,datasets/dataset_cropped/09_Metas/17/16/20190917162400_00160.jpg,datasets_flow/dataset_cropped/09_Metas/17/16/20190917162400_00160.jpg,datasets_cloudmask/dataset_cropped/09_Metas/17/16/20190917162400_00160.png,500.4,650.7,144.6,27.9,959
9/17/2019 16:25,datasets/dataset_cropped/09_Metas/17/16/20190917162500_00160.jpg,datasets_flow/dataset_cropped/09_Metas/17/16/20190917162500_00160.jpg,datasets_cloudmask/dataset_cropped/09_Metas/17/16/20190917162500_00160.png,497,648.2,144.3,28,959
9/17/2019 16:26,datasets/dataset_cropped/09_Metas/17/16/20190917162600_00160.jpg,datasets_flow/dataset_cropped/09_Metas/17/16/20190917162600_00160.jpg,datasets_cloudmask/dataset_cropped/09_Metas/17/16/20190917162600_00160.png,493.6,646.2,143.6,27.9,959
9/17/2019 16:27,datasets/dataset_cropped/09_Metas/17/16/20190917162700_00160.jpg,datasets_flow/dataset_cropped/09_Metas/17/16/20190917162700_00160.jpg,datasets_cloudmask/dataset_cropped/09_Metas/17/16/20190917162700_00160.png,494.5,652.3,143.3,27.9,959
9/17/2019 16:28,datasets/dataset_cropped/09_Metas/17/16/20190917162800_00160.jpg,datasets_flow/dataset_cropped/09_Metas/17/16/20190917162800_00160.jpg,datasets_cloudmask/dataset_cropped/09_Metas/17/16/20190917162800_00160.png,491.1,650.8,142.9,28,959
9/17/2019 16:29,datasets/dataset_cropped/09_Metas/17/16/20190917162900_00160.jpg,datasets_flow/dataset_cropped/09_Metas/17/16/20190917162900_00160.jpg,datasets_cloudmask/dataset_cropped/09_Metas/17/16/20190917162900_00160.png,485.5,645.1,142.3,28,959
9/17/2019 16:30,datasets/dataset_cropped/09_Metas/17/16/20190917163000_00160.jpg,datasets_flow/dataset_cropped/09_Metas/17/16/20190917163000_00160.jpg,datasets_cloudmask/dataset_cropped/09_Metas/17/16/20190917163000_00160.png,484.3,647.4,141.3,28.2,959
9/17/2019 16:31,datasets/dataset_cropped/09_Metas/17/16/20190917163100_00160.jpg,datasets_flow/dataset_cropped/09_Metas/17/16/20190917163100_00160.jpg,datasets_cloudmask/dataset_cropped/09_Metas/17/16/20190917163100_00160.png,480.5,645.1,140.6,28.2,959
9/17/2019 16:32,datasets/dataset_cropped/09_Metas/17/16/20190917163200_00160.jpg,datasets_flow/dataset_cropped/09_Metas/17/16/20190917163200_00160.jpg,datasets_cloudmask/dataset_cropped/09_Metas/17/16/20190917163200_00160.png,478.5,645.4,140.3,28.1,959
9/17/2019 16:33,datasets/dataset_cropped/09_Metas/17/16/20190917163300_00160.jpg,datasets_flow/dataset_cropped/09_Metas/17/16/20190917163300_00160.jpg,datasets_cloudmask/dataset_cropped/09_Metas/17/16/20190917163300_00160.png,476.6,645.1,140.4,28.1,959
9/17/2019 16:34,datasets/dataset_cropped/09_Metas/17/16/20190917163400_00160.jpg,datasets_flow/dataset_cropped/09_Metas/17/16/20190917163400_00160.jpg,datasets_cloudmask/dataset_cropped/09_Metas/17/16/20190917163400_00160.png,471.3,638.9,139.9,28.2,959
9/17/2019 16:35,datasets/dataset_cropped/09_Metas/17/16/20190917163500_00160.jpg,datasets_flow/dataset_cropped/09_Metas/17/16/20190917163500_00160.jpg,datasets_cloudmask/dataset_cropped/09_Metas/17/16/20190917163500_00160.png,463.2,626.3,140,28.1,959
9/17/2019 16:36,datasets/dataset_cropped/09_Metas/17/16/20190917163600_00160.jpg,datasets_flow/dataset_cropped/09_Metas/17/16/20190917163600_00160.jpg,datasets_cloudmask/dataset_cropped/09_Metas/17/16/20190917163600_00160.png,464.6,632.4,140.1,28,959
9/17/2019 16:37,datasets/dataset_cropped/09_Metas/17/16/20190917163700_00160.jpg,datasets_flow/dataset_cropped/09_Metas/17/16/20190917163700_00160.jpg,datasets_cloudmask/dataset_cropped/09_Metas/17/16/20190917163700_00160.png,453.1,614.5,139.2,27.9,959
9/17/2019 16:38,datasets/dataset_cropped/09_Metas/17/16/20190917163800_00160.jpg,datasets_flow/dataset_cropped/09_Metas/17/16/20190917163800_00160.jpg,datasets_cloudmask/dataset_cropped/09_Metas/17/16/20190917163800_00160.png,458.1,628.4,138.8,27.9,959
9/17/2019 16:39,datasets/dataset_cropped/09_Metas/17/16/20190917163900_00160.jpg,datasets_flow/dataset_cropped/09_Metas/17/16/20190917163900_00160.jpg,datasets_cloudmask/dataset_cropped/09_Metas/17/16/20190917163900_00160.png,455.4,626.9,138.5,28,959
9/17/2019 16:40,datasets/dataset_cropped/09_Metas/17/16/20190917164000_00160.jpg,datasets_flow/dataset_cropped/09_Metas/17/16/20190917164000_00160.jpg,datasets_cloudmask/dataset_cropped/09_Metas/17/16/20190917164000_00160.png,456.8,633.9,138.1,28.2,959
9/17/2019 16:41,datasets/dataset_cropped/09_Metas/17/16/20190917164100_00160.jpg,datasets_flow/dataset_cropped/09_Metas/17/16/20190917164100_00160.jpg,datasets_cloudmask/dataset_cropped/09_Metas/17/16/20190917164100_00160.png,452.8,629.8,137.8,28.2,959
9/17/2019 16:42,datasets/dataset_cropped/09_Metas/17/16/20190917164200_00160.jpg,datasets_flow/dataset_cropped/09_Metas/17/16/20190917164200_00160.jpg,datasets_cloudmask/dataset_cropped/09_Metas/17/16/20190917164200_00160.png,447.7,622.7,138.2,28.1,959
9/17/2019 16:43,datasets/dataset_cropped/09_Metas/17/16/20190917164300_00160.jpg,datasets_flow/dataset_cropped/09_Metas/17/16/20190917164300_00160.jpg,datasets_cloudmask/dataset_cropped/09_Metas/17/16/20190917164300_00160.png,450,630,139.4,27.9,959
9/17/2019 16:44,datasets/dataset_cropped/09_Metas/17/16/20190917164400_00160.jpg,datasets_flow/dataset_cropped/09_Metas/17/16/20190917164400_00160.jpg,datasets_cloudmask/dataset_cropped/09_Metas/17/16/20190917164400_00160.png,423.1,583.5,138.4,27.8,959
9/17/2019 16:45,datasets/dataset_cropped/09_Metas/17/16/20190917164500_00160.jpg,datasets_flow/dataset_cropped/09_Metas/17/16/20190917164500_00160.jpg,datasets_cloudmask/dataset_cropped/09_Metas/17/16/20190917164500_00160.png,334.5,409.1,134.6,28,959
9/17/2019 16:46,datasets/dataset_cropped/09_Metas/17/16/20190917164600_00160.jpg,datasets_flow/dataset_cropped/09_Metas/17/16/20190917164600_00160.jpg,datasets_cloudmask/dataset_cropped/09_Metas/17/16/20190917164600_00160.png,225.7,193.2,130.6,28,959
9/17/2019 16:47,datasets/dataset_cropped/09_Metas/17/16/20190917164700_00160.jpg,datasets_flow/dataset_cropped/09_Metas/17/16/20190917164700_00160.jpg,datasets_cloudmask/dataset_cropped/09_Metas/17/16/20190917164700_00160.png,284.2,312.5,132.2,27.8,959
9/17/2019 16:48,datasets/dataset_cropped/09_Metas/17/16/20190917164800_00160.jpg,datasets_flow/dataset_cropped/09_Metas/17/16/20190917164800_00160.jpg,datasets_cloudmask/dataset_cropped/09_Metas/17/16/20190917164800_00160.png,170.8,81.2,129.8,27.9,959
9/17/2019 16:49,datasets/dataset_cropped/09_Metas/17/16/20190917164900_00160.jpg,datasets_flow/dataset_cropped/09_Metas/17/16/20190917164900_00160.jpg,datasets_cloudmask/dataset_cropped/09_Metas/17/16/20190917164900_00160.png,270.8,281.9,130.5,27.9,959
9/17/2019 16:50,datasets/dataset_cropped/09_Metas/17/16/20190917165000_00160.jpg,datasets_flow/dataset_cropped/09_Metas/17/16/20190917165000_00160.jpg,datasets_cloudmask/dataset_cropped/09_Metas/17/16/20190917165000_00160.png,189.8,124.8,127.6,27.8,959
9/17/2019 16:51,datasets/dataset_cropped/09_Metas/17/16/20190917165100_00160.jpg,datasets_flow/dataset_cropped/09_Metas/17/16/20190917165100_00160.jpg,datasets_cloudmask/dataset_cropped/09_Metas/17/16/20190917165100_00160.png,281.1,322.1,127.9,27.8,959
9/17/2019 16:52,datasets/dataset_cropped/09_Metas/17/16/20190917165200_00160.jpg,datasets_flow/dataset_cropped/09_Metas/17/16/20190917165200_00160.jpg,datasets_cloudmask/dataset_cropped/09_Metas/17/16/20190917165200_00160.png,381.9,533.5,129.1,27.9,959
9/17/2019 16:53,datasets/dataset_cropped/09_Metas/17/16/20190917165300_00160.jpg,datasets_flow/dataset_cropped/09_Metas/17/16/20190917165300_00160.jpg,datasets_cloudmask/dataset_cropped/09_Metas/17/16/20190917165300_00160.png,319.4,413.4,125.1,27.9,959
9/17/2019 16:54,datasets/dataset_cropped/09_Metas/17/16/20190917165400_00160.jpg,datasets_flow/dataset_cropped/09_Metas/17/16/20190917165400_00160.jpg,datasets_cloudmask/dataset_cropped/09_Metas/17/16/20190917165400_00160.png,370.5,526.2,127.3,27.8,959
9/17/2019 16:55,datasets/dataset_cropped/09_Metas/17/16/20190917165500_00160.jpg,datasets_flow/dataset_cropped/09_Metas/17/16/20190917165500_00160.jpg,datasets_cloudmask/dataset_cropped/09_Metas/17/16/20190917165500_00160.png,409.1,613.6,127.4,27.8,959
9/17/2019 16:56,datasets/dataset_cropped/09_Metas/17/16/20190917165600_00160.jpg,datasets_flow/dataset_cropped/09_Metas/17/16/20190917165600_00160.jpg,datasets_cloudmask/dataset_cropped/09_Metas/17/16/20190917165600_00160.png,340.2,475.2,123.6,27.8,959
9/17/2019 16:57,datasets/dataset_cropped/09_Metas/17/16/20190917165700_00160.jpg,datasets_flow/dataset_cropped/09_Metas/17/16/20190917165700_00160.jpg,datasets_cloudmask/dataset_cropped/09_Metas/17/16/20190917165700_00160.png,401.4,612,124.6,27.8,959
9/17/2019 16:58,datasets/dataset_cropped/09_Metas/17/16/20190917165800_00160.jpg,datasets_flow/dataset_cropped/09_Metas/17/16/20190917165800_00160.jpg,datasets_cloudmask/dataset_cropped/09_Metas/17/16/20190917165800_00160.png,395.6,606.8,123.6,27.7,959
9/17/2019 16:59,datasets/dataset_cropped/09_Metas/17/16/20190917165900_00160.jpg,datasets_flow/dataset_cropped/09_Metas/17/16/20190917165900_00160.jpg,datasets_cloudmask/dataset_cropped/09_Metas/17/16/20190917165900_00160.png,391.3,605.1,122.2,27.9,959
9/17/2019 17:00,datasets/dataset_cropped/09_Metas/17/17/20190917170000_00160.jpg,datasets_flow/dataset_cropped/09_Metas/17/17/20190917170000_00160.jpg,datasets_cloudmask/dataset_cropped/09_Metas/17/17/20190917170000_00160.png,388,603.2,121.5,28,959
9/17/2019 17:01,datasets/dataset_cropped/09_Metas/17/17/20190917170100_00160.jpg,datasets_flow/dataset_cropped/09_Metas/17/17/20190917170100_00160.jpg,datasets_cloudmask/dataset_cropped/09_Metas/17/17/20190917170100_00160.png,383.9,598.1,121.3,28.1,959
9/17/2019 17:02,datasets/dataset_cropped/09_Metas/17/17/20190917170200_00160.jpg,datasets_flow/dataset_cropped/09_Metas/17/17/20190917170200_00160.jpg,datasets_cloudmask/dataset_cropped/09_Metas/17/17/20190917170200_00160.png,379.9,591.8,121.7,27.9,959
9/17/2019 17:03,datasets/dataset_cropped/09_Metas/17/17/20190917170300_00160.jpg,datasets_flow/dataset_cropped/09_Metas/17/17/20190917170300_00160.jpg,datasets_cloudmask/dataset_cropped/09_Metas/17/17/20190917170300_00160.png,380.7,594.1,123.6,27.9,959
9/17/2019 17:04,datasets/dataset_cropped/09_Metas/17/17/20190917170400_00160.jpg,datasets_flow/dataset_cropped/09_Metas/17/17/20190917170400_00160.jpg,datasets_cloudmask/dataset_cropped/09_Metas/17/17/20190917170400_00160.png,366.5,562.1,124.9,28,959
9/17/2019 17:05,datasets/dataset_cropped/09_Metas/17/17/20190917170500_00160.jpg,datasets_flow/dataset_cropped/09_Metas/17/17/20190917170500_00160.jpg,datasets_cloudmask/dataset_cropped/09_Metas/17/17/20190917170500_00160.png,338.4,501.9,122.7,27.9,959
9/17/2019 17:06,datasets/dataset_cropped/09_Metas/17/17/20190917170600_00160.jpg,datasets_flow/dataset_cropped/09_Metas/17/17/20190917170600_00160.jpg,datasets_cloudmask/dataset_cropped/09_Metas/17/17/20190917170600_00160.png,128.2,26.8,116.7,27.8,959
9/17/2019 17:07,datasets/dataset_cropped/09_Metas/17/17/20190917170700_00160.jpg,datasets_flow/dataset_cropped/09_Metas/17/17/20190917170700_00160.jpg,datasets_cloudmask/dataset_cropped/09_Metas/17/17/20190917170700_00160.png,143,60.7,117.5,27.8,959
9/17/2019 17:08,datasets/dataset_cropped/09_Metas/17/17/20190917170800_00160.jpg,datasets_flow/dataset_cropped/09_Metas/17/17/20190917170800_00160.jpg,datasets_cloudmask/dataset_cropped/09_Metas/17/17/20190917170800_00160.png,225.9,246.6,121.2,27.7,959
9/17/2019 17:09,datasets/dataset_cropped/09_Metas/17/17/20190917170900_00160.jpg,datasets_flow/dataset_cropped/09_Metas/17/17/20190917170900_00160.jpg,datasets_cloudmask/dataset_cropped/09_Metas/17/17/20190917170900_00160.png,202.6,185.3,123.1,27.6,959
9/17/2019 17:10,datasets/dataset_cropped/09_Metas/17/17/20190917171000_00160.jpg,datasets_flow/dataset_cropped/09_Metas/17/17/20190917171000_00160.jpg,datasets_cloudmask/dataset_cropped/09_Metas/17/17/20190917171000_00160.png,267.5,336.5,126.7,27.5,959
9/17/2019 17:11,datasets/dataset_cropped/09_Metas/17/17/20190917171100_00160.jpg,datasets_flow/dataset_cropped/09_Metas/17/17/20190917171100_00160.jpg,datasets_cloudmask/dataset_cropped/09_Metas/17/17/20190917171100_00160.png,297.3,400.6,131.1,27.5,959
9/17/2019 17:12,datasets/dataset_cropped/09_Metas/17/17/20190917171200_00160.jpg,datasets_flow/dataset_cropped/09_Metas/17/17/20190917171200_00160.jpg,datasets_cloudmask/dataset_cropped/09_Metas/17/17/20190917171200_00160.png,197.4,163.1,129.8,27.5,959
9/17/2019 17:13,datasets/dataset_cropped/09_Metas/17/17/20190917171300_00160.jpg,datasets_flow/dataset_cropped/09_Metas/17/17/20190917171300_00160.jpg,datasets_cloudmask/dataset_cropped/09_Metas/17/17/20190917171300_00160.png,162.7,82,128.4,27.6,959
9/17/2019 17:14,datasets/dataset_cropped/09_Metas/17/17/20190917171400_00160.jpg,datasets_flow/dataset_cropped/09_Metas/17/17/20190917171400_00160.jpg,datasets_cloudmask/dataset_cropped/09_Metas/17/17/20190917171400_00160.png,147.6,45.2,128.3,27.5,959
9/17/2019 17:15,datasets/dataset_cropped/09_Metas/17/17/20190917171500_00160.jpg,datasets_flow/dataset_cropped/09_Metas/17/17/20190917171500_00160.jpg,datasets_cloudmask/dataset_cropped/09_Metas/17/17/20190917171500_00160.png,182.6,127.8,130.7,27.5,959
9/17/2019 17:16,datasets/dataset_cropped/09_Metas/17/17/20190917171600_00160.jpg,datasets_flow/dataset_cropped/09_Metas/17/17/20190917171600_00160.jpg,datasets_cloudmask/dataset_cropped/09_Metas/17/17/20190917171600_00160.png,252.3,291.8,136,27.5,959
9/17/2019 17:17,datasets/dataset_cropped/09_Metas/17/17/20190917171700_00160.jpg,datasets_flow/dataset_cropped/09_Metas/17/17/20190917171700_00160.jpg,datasets_cloudmask/dataset_cropped/09_Metas/17/17/20190917171700_00160.png,241.2,259.1,138.3,27.5,959
9/17/2019 17:18,datasets/dataset_cropped/09_Metas/17/17/20190917171800_00160.jpg,datasets_flow/dataset_cropped/09_Metas/17/17/20190917171800_00160.jpg,datasets_cloudmask/dataset_cropped/09_Metas/17/17/20190917171800_00160.png,196.9,148.9,137.4,27.4,959
9/17/2019 17:19,datasets/dataset_cropped/09_Metas/17/17/20190917171900_00160.jpg,datasets_flow/dataset_cropped/09_Metas/17/17/20190917171900_00160.jpg,datasets_cloudmask/dataset_cropped/09_Metas/17/17/20190917171900_00160.png,287.7,377.3,141.7,27.4,959
9/17/2019 17:20,datasets/dataset_cropped/09_Metas/17/17/20190917172000_00160.jpg,datasets_flow/dataset_cropped/09_Metas/17/17/20190917172000_00160.jpg,datasets_cloudmask/dataset_cropped/09_Metas/17/17/20190917172000_00160.png,353.1,538.1,147.4,27.4,959
9/17/2019 17:21,datasets/dataset_cropped/09_Metas/17/17/20190917172100_00160.jpg,datasets_flow/dataset_cropped/09_Metas/17/17/20190917172100_00160.jpg,datasets_cloudmask/dataset_cropped/09_Metas/17/17/20190917172100_00160.png,347.9,524.6,149.1,27.4,959
9/17/2019 17:22,datasets/dataset_cropped/09_Metas/17/17/20190917172200_00160.jpg,datasets_flow/dataset_cropped/09_Metas/17/17/20190917172200_00160.jpg,datasets_cloudmask/dataset_cropped/09_Metas/17/17/20190917172200_00160.png,347.8,528.5,150.1,27.5,959
9/17/2019 17:23,datasets/dataset_cropped/09_Metas/17/17/20190917172300_00160.jpg,datasets_flow/dataset_cropped/09_Metas/17/17/20190917172300_00160.jpg,datasets_cloudmask/dataset_cropped/09_Metas/17/17/20190917172300_00160.png,340.7,515.3,149.8,27.8,959
9/17/2019 17:24,datasets/dataset_cropped/09_Metas/17/17/20190917172400_00160.jpg,datasets_flow/dataset_cropped/09_Metas/17/17/20190917172400_00160.jpg,datasets_cloudmask/dataset_cropped/09_Metas/17/17/20190917172400_00160.png,339,517.7,149,27.8,959
9/17/2019 17:25,datasets/dataset_cropped/09_Metas/17/17/20190917172500_00160.jpg,datasets_flow/dataset_cropped/09_Metas/17/17/20190917172500_00160.jpg,datasets_cloudmask/dataset_cropped/09_Metas/17/17/20190917172500_00160.png,337.8,523.4,147.4,27.9,959
9/17/2019 17:26,datasets/dataset_cropped/09_Metas/17/17/20190917172600_00160.jpg,datasets_flow/dataset_cropped/09_Metas/17/17/20190917172600_00160.jpg,datasets_cloudmask/dataset_cropped/09_Metas/17/17/20190917172600_00160.png,332.2,520.1,144.6,27.9,959
9/17/2019 17:27,datasets/dataset_cropped/09_Metas/17/17/20190917172700_00160.jpg,datasets_flow/dataset_cropped/09_Metas/17/17/20190917172700_00160.jpg,datasets_cloudmask/dataset_cropped/09_Metas/17/17/20190917172700_00160.png,305.1,460.7,140.5,27.8,959
9/17/2019 17:28,datasets/dataset_cropped/09_Metas/17/17/20190917172800_00160.jpg,datasets_flow/dataset_cropped/09_Metas/17/17/20190917172800_00160.jpg,datasets_cloudmask/dataset_cropped/09_Metas/17/17/20190917172800_00160.png,319.8,517.8,136.3,27.8,959
9/17/2019 17:29,datasets/dataset_cropped/09_Metas/17/17/20190917172900_00160.jpg,datasets_flow/dataset_cropped/09_Metas/17/17/20190917172900_00160.jpg,datasets_cloudmask/dataset_cropped/09_Metas/17/17/20190917172900_00160.png,312,511.6,132.2,27.9,959
9/17/2019 17:30,datasets/dataset_cropped/09_Metas/17/17/20190917173000_00160.jpg,datasets_flow/dataset_cropped/09_Metas/17/17/20190917173000_00160.jpg,datasets_cloudmask/dataset_cropped/09_Metas/17/17/20190917173000_00160.png,304.1,504.5,128.2,28,959
9/17/2019 17:31,datasets/dataset_cropped/09_Metas/17/17/20190917173100_00160.jpg,datasets_flow/dataset_cropped/09_Metas/17/17/20190917173100_00160.jpg,datasets_cloudmask/dataset_cropped/09_Metas/17/17/20190917173100_00160.png,298.7,503.6,124.7,27.9,959
9/17/2019 17:32,datasets/dataset_cropped/09_Metas/17/17/20190917173200_00160.jpg,datasets_flow/dataset_cropped/09_Metas/17/17/20190917173200_00160.jpg,datasets_cloudmask/dataset_cropped/09_Metas/17/17/20190917173200_00160.png,290,491.9,121.6,27.9,959
9/17/2019 17:33,datasets/dataset_cropped/09_Metas/17/17/20190917173300_00160.jpg,datasets_flow/dataset_cropped/09_Metas/17/17/20190917173300_00160.jpg,datasets_cloudmask/dataset_cropped/09_Metas/17/17/20190917173300_00160.png,273.4,458.5,117.8,28,959
9/17/2019 17:34,datasets/dataset_cropped/09_Metas/17/17/20190917173400_00160.jpg,datasets_flow/dataset_cropped/09_Metas/17/17/20190917173400_00160.jpg,datasets_cloudmask/dataset_cropped/09_Metas/17/17/20190917173400_00160.png,255.5,420.8,114.2,27.9,959
9/17/2019 17:35,datasets/dataset_cropped/09_Metas/17/17/20190917173500_00160.jpg,datasets_flow/dataset_cropped/09_Metas/17/17/20190917173500_00160.jpg,datasets_cloudmask/dataset_cropped/09_Metas/17/17/20190917173500_00160.png,256.1,437.2,111.2,27.7,959
9/17/2019 17:36,datasets/dataset_cropped/09_Metas/17/17/20190917173600_00160.jpg,datasets_flow/dataset_cropped/09_Metas/17/17/20190917173600_00160.jpg,datasets_cloudmask/dataset_cropped/09_Metas/17/17/20190917173600_00160.png,212.9,321.4,107.5,27.7,959
9/17/2019 17:37,datasets/dataset_cropped/09_Metas/17/17/20190917173700_00160.jpg,datasets_flow/dataset_cropped/09_Metas/17/17/20190917173700_00160.jpg,datasets_cloudmask/dataset_cropped/09_Metas/17/17/20190917173700_00160.png,121.2,56.8,102.7,27.6,959
9/17/2019 17:38,datasets/dataset_cropped/09_Metas/17/17/20190917173800_00160.jpg,datasets_flow/dataset_cropped/09_Metas/17/17/20190917173800_00160.jpg,datasets_cloudmask/dataset_cropped/09_Metas/17/17/20190917173800_00160.png,179.3,243.4,102,27.5,959
9/17/2019 17:39,datasets/dataset_cropped/09_Metas/17/17/20190917173900_00160.jpg,datasets_flow/dataset_cropped/09_Metas/17/17/20190917173900_00160.jpg,datasets_cloudmask/dataset_cropped/09_Metas/17/17/20190917173900_00160.png,138.3,117.3,100.8,27.5,959
9/17/2019 17:40,datasets/dataset_cropped/09_Metas/17/17/20190917174000_00160.jpg,datasets_flow/dataset_cropped/09_Metas/17/17/20190917174000_00160.jpg,datasets_cloudmask/dataset_cropped/09_Metas/17/17/20190917174000_00160.png,190.1,281.5,100.7,27.6,959
9/17/2019 17:41,datasets/dataset_cropped/09_Metas/17/17/20190917174100_00160.jpg,datasets_flow/dataset_cropped/09_Metas/17/17/20190917174100_00160.jpg,datasets_cloudmask/dataset_cropped/09_Metas/17/17/20190917174100_00160.png,132.8,103.1,100,27.5,959
9/17/2019 17:42,datasets/dataset_cropped/09_Metas/17/17/20190917174200_00160.jpg,datasets_flow/dataset_cropped/09_Metas/17/17/20190917174200_00160.jpg,datasets_cloudmask/dataset_cropped/09_Metas/17/17/20190917174200_00160.png,131.9,108.3,97.7,27.5,959
9/17/2019 17:43,datasets/dataset_cropped/09_Metas/17/17/20190917174300_00160.jpg,datasets_flow/dataset_cropped/09_Metas/17/17/20190917174300_00160.jpg,datasets_cloudmask/dataset_cropped/09_Metas/17/17/20190917174300_00160.png,134.4,128.8,94.8,27.5,959
9/17/2019 17:44,datasets/dataset_cropped/09_Metas/17/17/20190917174400_00160.jpg,datasets_flow/dataset_cropped/09_Metas/17/17/20190917174400_00160.jpg,datasets_cloudmask/dataset_cropped/09_Metas/17/17/20190917174400_00160.png,129.3,117.1,94.5,27.3,959
9/17/2019 17:45,datasets/dataset_cropped/09_Metas/17/17/20190917174500_00160.jpg,datasets_flow/dataset_cropped/09_Metas/17/17/20190917174500_00160.jpg,datasets_cloudmask/dataset_cropped/09_Metas/17/17/20190917174500_00160.png,180.1,284.3,95.3,27.3,959
9/17/2019 17:46,datasets/dataset_cropped/09_Metas/17/17/20190917174600_00160.jpg,datasets_flow/dataset_cropped/09_Metas/17/17/20190917174600_00160.jpg,datasets_cloudmask/dataset_cropped/09_Metas/17/17/20190917174600_00160.png,114.3,69.4,93.8,27.2,959
9/17/2019 17:47,datasets/dataset_cropped/09_Metas/17/17/20190917174700_00160.jpg,datasets_flow/dataset_cropped/09_Metas/17/17/20190917174700_00160.jpg,datasets_cloudmask/dataset_cropped/09_Metas/17/17/20190917174700_00160.png,102.3,36.9,91.4,27.1,959
9/17/2019 17:48,datasets/dataset_cropped/09_Metas/17/17/20190917174800_00160.jpg,datasets_flow/dataset_cropped/09_Metas/17/17/20190917174800_00160.jpg,datasets_cloudmask/dataset_cropped/09_Metas/17/17/20190917174800_00160.png,90,4.4,88.7,26.9,959
9/17/2019 17:49,datasets/dataset_cropped/09_Metas/17/17/20190917174900_00160.jpg,datasets_flow/dataset_cropped/09_Metas/17/17/20190917174900_00160.jpg,datasets_cloudmask/dataset_cropped/09_Metas/17/17/20190917174900_00160.png,89.2,3,88.3,26.8,959
9/17/2019 17:50,datasets/dataset_cropped/09_Metas/17/17/20190917175000_00160.jpg,datasets_flow/dataset_cropped/09_Metas/17/17/20190917175000_00160.jpg,datasets_cloudmask/dataset_cropped/09_Metas/17/17/20190917175000_00160.png,90.1,2.6,89.2,26.7,959
9/17/2019 17:51,datasets/dataset_cropped/09_Metas/17/17/20190917175100_00160.jpg,datasets_flow/dataset_cropped/09_Metas/17/17/20190917175100_00160.jpg,datasets_cloudmask/dataset_cropped/09_Metas/17/17/20190917175100_00160.png,91.2,2.2,90.3,26.7,959
9/17/2019 17:52,datasets/dataset_cropped/09_Metas/17/17/20190917175200_00160.jpg,datasets_flow/dataset_cropped/09_Metas/17/17/20190917175200_00160.jpg,datasets_cloudmask/dataset_cropped/09_Metas/17/17/20190917175200_00160.png,91.7,2.6,90.7,26.7,959
9/17/2019 17:53,datasets/dataset_cropped/09_Metas/17/17/20190917175300_00160.jpg,datasets_flow/dataset_cropped/09_Metas/17/17/20190917175300_00160.jpg,datasets_cloudmask/dataset_cropped/09_Metas/17/17/20190917175300_00160.png,90.7,2.4,89.7,26.7,959
9/17/2019 17:54,datasets/dataset_cropped/09_Metas/17/17/20190917175400_00160.jpg,datasets_flow/dataset_cropped/09_Metas/17/17/20190917175400_00160.jpg,datasets_cloudmask/dataset_cropped/09_Metas/17/17/20190917175400_00160.png,88.9,4.1,87.8,26.7,959
9/17/2019 17:55,datasets/dataset_cropped/09_Metas/17/17/20190917175500_00160.jpg,datasets_flow/dataset_cropped/09_Metas/17/17/20190917175500_00160.jpg,datasets_cloudmask/dataset_cropped/09_Metas/17/17/20190917175500_00160.png,84.9,0.1,84.8,26.6,959
9/17/2019 17:56,datasets/dataset_cropped/09_Metas/17/17/20190917175600_00160.jpg,datasets_flow/dataset_cropped/09_Metas/17/17/20190917175600_00160.jpg,datasets_cloudmask/dataset_cropped/09_Metas/17/17/20190917175600_00160.png,82.1,0,82.1,26.6,959
9/17/2019 17:57,datasets/dataset_cropped/09_Metas/17/17/20190917175700_00160.jpg,datasets_flow/dataset_cropped/09_Metas/17/17/20190917175700_00160.jpg,datasets_cloudmask/dataset_cropped/09_Metas/17/17/20190917175700_00160.png,80.1,0,80.1,26.6,959
9/17/2019 17:58,datasets/dataset_cropped/09_Metas/17/17/20190917175800_00160.jpg,datasets_flow/dataset_cropped/09_Metas/17/17/20190917175800_00160.jpg,datasets_cloudmask/dataset_cropped/09_Metas/17/17/20190917175800_00160.png,78.7,0,78.8,26.6,959
9/17/2019 17:59,datasets/dataset_cropped/09_Metas/17/17/20190917175900_00160.jpg,datasets_flow/dataset_cropped/09_Metas/17/17/20190917175900_00160.jpg,datasets_cloudmask/dataset_cropped/09_Metas/17/17/20190917175900_00160.png,78,0,78,26.5,959
9/17/2019 18:00,datasets/dataset_cropped/09_Metas/17/18/20190917180000_00160.jpg,datasets_flow/dataset_cropped/09_Metas/17/18/20190917180000_00160.jpg,datasets_cloudmask/dataset_cropped/09_Metas/17/18/20190917180000_00160.png,77.6,0.2,77.4,26.3,959
9/17/2019 18:01,datasets/dataset_cropped/09_Metas/17/18/20190917180100_00160.jpg,datasets_flow/dataset_cropped/09_Metas/17/18/20190917180100_00160.jpg,datasets_cloudmask/dataset_cropped/09_Metas/17/18/20190917180100_00160.png,78.7,1.4,78.2,26.2,959
9/17/2019 18:02,datasets/dataset_cropped/09_Metas/17/18/20190917180200_00160.jpg,datasets_flow/dataset_cropped/09_Metas/17/18/20190917180200_00160.jpg,datasets_cloudmask/dataset_cropped/09_Metas/17/18/20190917180200_00160.png,80.5,2.6,79.6,26.1,959
9/17/2019 18:03,datasets/dataset_cropped/09_Metas/17/18/20190917180300_00160.jpg,datasets_flow/dataset_cropped/09_Metas/17/18/20190917180300_00160.jpg,datasets_cloudmask/dataset_cropped/09_Metas/17/18/20190917180300_00160.png,86.1,19.4,81.2,26.1,959
9/17/2019 18:04,datasets/dataset_cropped/09_Metas/17/18/20190917180400_00160.jpg,datasets_flow/dataset_cropped/09_Metas/17/18/20190917180400_00160.jpg,datasets_cloudmask/dataset_cropped/09_Metas/17/18/20190917180400_00160.png,87.7,18.2,83.2,26.1,959
9/17/2019 18:05,datasets/dataset_cropped/09_Metas/17/18/20190917180500_00160.jpg,datasets_flow/dataset_cropped/09_Metas/17/18/20190917180500_00160.jpg,datasets_cloudmask/dataset_cropped/09_Metas/17/18/20190917180500_00160.png,87.7,9.2,85.2,26.1,959
9/17/2019 18:06,datasets/dataset_cropped/09_Metas/17/18/20190917180600_00160.jpg,datasets_flow/dataset_cropped/09_Metas/17/18/20190917180600_00160.jpg,datasets_cloudmask/dataset_cropped/09_Metas/17/18/20190917180600_00160.png,90.1,12,87,26.1,959
9/17/2019 18:07,datasets/dataset_cropped/09_Metas/17/18/20190917180700_00160.jpg,datasets_flow/dataset_cropped/09_Metas/17/18/20190917180700_00160.jpg,datasets_cloudmask/dataset_cropped/09_Metas/17/18/20190917180700_00160.png,91.3,14.3,87.8,26,959
9/17/2019 18:08,datasets/dataset_cropped/09_Metas/17/18/20190917180800_00160.jpg,datasets_flow/dataset_cropped/09_Metas/17/18/20190917180800_00160.jpg,datasets_cloudmask/dataset_cropped/09_Metas/17/18/20190917180800_00160.png,104,74.3,87.4,26,959
9/17/2019 18:09,datasets/dataset_cropped/09_Metas/17/18/20190917180900_00160.jpg,datasets_flow/dataset_cropped/09_Metas/17/18/20190917180900_00160.jpg,datasets_cloudmask/dataset_cropped/09_Metas/17/18/20190917180900_00160.png,161,328.7,88.5,25.9,959
9/17/2019 18:10,datasets/dataset_cropped/09_Metas/17/18/20190917181000_00160.jpg,datasets_flow/dataset_cropped/09_Metas/17/18/20190917181000_00160.jpg,datasets_cloudmask/dataset_cropped/09_Metas/17/18/20190917181000_00160.png,159.2,328.9,87.7,25.9,959
9/17/2019 18:11,datasets/dataset_cropped/09_Metas/17/18/20190917181100_00160.jpg,datasets_flow/dataset_cropped/09_Metas/17/18/20190917181100_00160.jpg,datasets_cloudmask/dataset_cropped/09_Metas/17/18/20190917181100_00160.png,146.6,287.4,85.3,25.9,959
9/17/2019 18:12,datasets/dataset_cropped/09_Metas/17/18/20190917181200_00160.jpg,datasets_flow/dataset_cropped/09_Metas/17/18/20190917181200_00160.jpg,datasets_cloudmask/dataset_cropped/09_Metas/17/18/20190917181200_00160.png,144,292,82.3,25.9,959
9/17/2019 18:13,datasets/dataset_cropped/09_Metas/17/18/20190917181300_00160.jpg,datasets_flow/dataset_cropped/09_Metas/17/18/20190917181300_00160.jpg,datasets_cloudmask/dataset_cropped/09_Metas/17/18/20190917181300_00160.png,99.3,104.5,77.2,25.9,959
9/17/2019 18:14,datasets/dataset_cropped/09_Metas/17/18/20190917181400_00160.jpg,datasets_flow/dataset_cropped/09_Metas/17/18/20190917181400_00160.jpg,datasets_cloudmask/dataset_cropped/09_Metas/17/18/20190917181400_00160.png,75.4,13.5,72.1,25.9,959
9/17/2019 18:15,datasets/dataset_cropped/09_Metas/17/18/20190917181500_00160.jpg,datasets_flow/dataset_cropped/09_Metas/17/18/20190917181500_00160.jpg,datasets_cloudmask/dataset_cropped/09_Metas/17/18/20190917181500_00160.png,71,3.8,69.7,25.8,959
9/17/2019 18:16,datasets/dataset_cropped/09_Metas/17/18/20190917181600_00160.jpg,datasets_flow/dataset_cropped/09_Metas/17/18/20190917181600_00160.jpg,datasets_cloudmask/dataset_cropped/09_Metas/17/18/20190917181600_00160.png,69.6,2.5,68.6,25.7,959
9/17/2019 18:17,datasets/dataset_cropped/09_Metas/17/18/20190917181700_00160.jpg,datasets_flow/dataset_cropped/09_Metas/17/18/20190917181700_00160.jpg,datasets_cloudmask/dataset_cropped/09_Metas/17/18/20190917181700_00160.png,68.2,1.5,67.5,25.6,959
9/17/2019 18:18,datasets/dataset_cropped/09_Metas/17/18/20190917181800_00160.jpg,datasets_flow/dataset_cropped/09_Metas/17/18/20190917181800_00160.jpg,datasets_cloudmask/dataset_cropped/09_Metas/17/18/20190917181800_00160.png,67,1,66.5,25.4,959
9/17/2019 18:19,datasets/dataset_cropped/09_Metas/17/18/20190917181900_00160.jpg,datasets_flow/dataset_cropped/09_Metas/17/18/20190917181900_00160.jpg,datasets_cloudmask/dataset_cropped/09_Metas/17/18/20190917181900_00160.png,65.4,1,64.9,25.4,959
9/17/2019 18:20,datasets/dataset_cropped/09_Metas/17/18/20190917182000_00160.jpg,datasets_flow/dataset_cropped/09_Metas/17/18/20190917182000_00160.jpg,datasets_cloudmask/dataset_cropped/09_Metas/17/18/20190917182000_00160.png,63.6,1.6,62.9,25.4,959
9/17/2019 18:21,datasets/dataset_cropped/09_Metas/17/18/20190917182100_00160.jpg,datasets_flow/dataset_cropped/09_Metas/17/18/20190917182100_00160.jpg,datasets_cloudmask/dataset_cropped/09_Metas/17/18/20190917182100_00160.png,61.9,2.7,61,25.3,959
9/17/2019 18:22,datasets/dataset_cropped/09_Metas/17/18/20190917182200_00160.jpg,datasets_flow/dataset_cropped/09_Metas/17/18/20190917182200_00160.jpg,datasets_cloudmask/dataset_cropped/09_Metas/17/18/20190917182200_00160.png,65.5,29.6,60,25.2,959
9/17/2019 18:23,datasets/dataset_cropped/09_Metas/17/18/20190917182300_00160.jpg,datasets_flow/dataset_cropped/09_Metas/17/18/20190917182300_00160.jpg,datasets_cloudmask/dataset_cropped/09_Metas/17/18/20190917182300_00160.png,78.4,101.9,60.5,25.1,959
9/17/2019 18:24,datasets/dataset_cropped/09_Metas/17/18/20190917182400_00160.jpg,datasets_flow/dataset_cropped/09_Metas/17/18/20190917182400_00160.jpg,datasets_cloudmask/dataset_cropped/09_Metas/17/18/20190917182400_00160.png,66.9,40.7,59.6,25.1,959
9/17/2019 18:25,datasets/dataset_cropped/09_Metas/17/18/20190917182500_00160.jpg,datasets_flow/dataset_cropped/09_Metas/17/18/20190917182500_00160.jpg,datasets_cloudmask/dataset_cropped/09_Metas/17/18/20190917182500_00160.png,61.2,15.4,58.2,25.1,959
9/17/2019 18:26,datasets/dataset_cropped/09_Metas/17/18/20190917182600_00160.jpg,datasets_flow/dataset_cropped/09_Metas/17/18/20190917182600_00160.jpg,datasets_cloudmask/dataset_cropped/09_Metas/17/18/20190917182600_00160.png,59.1,10.2,57,25,959
9/17/2019 18:27,datasets/dataset_cropped/09_Metas/17/18/20190917182700_00160.jpg,datasets_flow/dataset_cropped/09_Metas/17/18/20190917182700_00160.jpg,datasets_cloudmask/dataset_cropped/09_Metas/17/18/20190917182700_00160.png,57.1,7.2,55.5,25,959
9/17/2019 18:28,datasets/dataset_cropped/09_Metas/17/18/20190917182800_00160.jpg,datasets_flow/dataset_cropped/09_Metas/17/18/20190917182800_00160.jpg,datasets_cloudmask/dataset_cropped/09_Metas/17/18/20190917182800_00160.png,54.9,7.9,53.3,24.9,959
9/17/2019 18:29,datasets/dataset_cropped/09_Metas/17/18/20190917182900_00160.jpg,datasets_flow/dataset_cropped/09_Metas/17/18/20190917182900_00160.jpg,datasets_cloudmask/dataset_cropped/09_Metas/17/18/20190917182900_00160.png,53.7,13.9,51.3,24.9,959
9/17/2019 18:30,datasets/dataset_cropped/09_Metas/17/18/20190917183000_00160.jpg,datasets_flow/dataset_cropped/09_Metas/17/18/20190917183000_00160.jpg,datasets_cloudmask/dataset_cropped/09_Metas/17/18/20190917183000_00160.png,53.8,24.4,49.8,24.9,959
9/17/2019 18:31,datasets/dataset_cropped/09_Metas/17/18/20190917183100_00160.jpg,datasets_flow/dataset_cropped/09_Metas/17/18/20190917183100_00160.jpg,datasets_cloudmask/dataset_cropped/09_Metas/17/18/20190917183100_00160.png,61.3,81.7,49.1,24.9,959
9/17/2019 18:32,datasets/dataset_cropped/09_Metas/17/18/20190917183200_00160.jpg,datasets_flow/dataset_cropped/09_Metas/17/18/20190917183200_00160.jpg,datasets_cloudmask/dataset_cropped/09_Metas/17/18/20190917183200_00160.png,77.4,194.5,49.6,24.9,959
9/17/2019 18:33,datasets/dataset_cropped/09_Metas/17/18/20190917183300_00160.jpg,datasets_flow/dataset_cropped/09_Metas/17/18/20190917183300_00160.jpg,datasets_cloudmask/dataset_cropped/09_Metas/17/18/20190917183300_00160.png,77.3,199.5,49.6,24.8,959
9/17/2019 18:34,datasets/dataset_cropped/09_Metas/17/18/20190917183400_00160.jpg,datasets_flow/dataset_cropped/09_Metas/17/18/20190917183400_00160.jpg,datasets_cloudmask/dataset_cropped/09_Metas/17/18/20190917183400_00160.png,74.3,187.2,49,24.9,959
9/17/2019 18:35,datasets/dataset_cropped/09_Metas/17/18/20190917183500_00160.jpg,datasets_flow/dataset_cropped/09_Metas/17/18/20190917183500_00160.jpg,datasets_cloudmask/dataset_cropped/09_Metas/17/18/20190917183500_00160.png,71.4,178.3,48.1,24.9,959
9/17/2019 18:36,datasets/dataset_cropped/09_Metas/17/18/20190917183600_00160.jpg,datasets_flow/dataset_cropped/09_Metas/17/18/20190917183600_00160.jpg,datasets_cloudmask/dataset_cropped/09_Metas/17/18/20190917183600_00160.png,68.9,172.6,46.9,24.9,959
9/17/2019 18:37,datasets/dataset_cropped/09_Metas/17/18/20190917183700_00160.jpg,datasets_flow/dataset_cropped/09_Metas/17/18/20190917183700_00160.jpg,datasets_cloudmask/dataset_cropped/09_Metas/17/18/20190917183700_00160.png,66.2,168,45.4,24.9,959
9/17/2019 18:38,datasets/dataset_cropped/09_Metas/17/18/20190917183800_00160.jpg,datasets_flow/dataset_cropped/09_Metas/17/18/20190917183800_00160.jpg,datasets_cloudmask/dataset_cropped/09_Metas/17/18/20190917183800_00160.png,63.3,162,43.8,24.9,959
9/17/2019 18:39,datasets/dataset_cropped/09_Metas/17/18/20190917183900_00160.jpg,datasets_flow/dataset_cropped/09_Metas/17/18/20190917183900_00160.jpg,datasets_cloudmask/dataset_cropped/09_Metas/17/18/20190917183900_00160.png,60.4,155.1,42.2,24.9,959
9/17/2019 18:40,datasets/dataset_cropped/09_Metas/17/18/20190917184000_00160.jpg,datasets_flow/dataset_cropped/09_Metas/17/18/20190917184000_00160.jpg,datasets_cloudmask/dataset_cropped/09_Metas/17/18/20190917184000_00160.png,57.4,146.6,40.8,24.9,959
9/17/2019 18:41,datasets/dataset_cropped/09_Metas/17/18/20190917184100_00160.jpg,datasets_flow/dataset_cropped/09_Metas/17/18/20190917184100_00160.jpg,datasets_cloudmask/dataset_cropped/09_Metas/17/18/20190917184100_00160.png,54.5,138,39.4,24.9,959
9/17/2019 18:42,datasets/dataset_cropped/09_Metas/17/18/20190917184200_00160.jpg,datasets_flow/dataset_cropped/09_Metas/17/18/20190917184200_00160.jpg,datasets_cloudmask/dataset_cropped/09_Metas/17/18/20190917184200_00160.png,51.9,130.4,38.1,24.9,959
9/17/2019 18:43,datasets/dataset_cropped/09_Metas/17/18/20190917184300_00160.jpg,datasets_flow/dataset_cropped/09_Metas/17/18/20190917184300_00160.jpg,datasets_cloudmask/dataset_cropped/09_Metas/17/18/20190917184300_00160.png,49.2,122.2,36.7,24.8,959
9/17/2019 18:44,datasets/dataset_cropped/09_Metas/17/18/20190917184400_00160.jpg,datasets_flow/dataset_cropped/09_Metas/17/18/20190917184400_00160.jpg,datasets_cloudmask/dataset_cropped/09_Metas/17/18/20190917184400_00160.png,46.5,114.5,35.2,24.8,959
9/17/2019 18:45,datasets/dataset_cropped/09_Metas/17/18/20190917184500_00160.jpg,datasets_flow/dataset_cropped/09_Metas/17/18/20190917184500_00160.jpg,datasets_cloudmask/dataset_cropped/09_Metas/17/18/20190917184500_00160.png,43.9,106.6,33.7,24.8,959
9/17/2019 18:46,datasets/dataset_cropped/09_Metas/17/18/20190917184600_00160.jpg,datasets_flow/dataset_cropped/09_Metas/17/18/20190917184600_00160.jpg,datasets_cloudmask/dataset_cropped/09_Metas/17/18/20190917184600_00160.png,41.4,97.8,32.4,24.7,959
9/17/2019 18:47,datasets/dataset_cropped/09_Metas/17/18/20190917184700_00160.jpg,datasets_flow/dataset_cropped/09_Metas/17/18/20190917184700_00160.jpg,datasets_cloudmask/dataset_cropped/09_Metas/17/18/20190917184700_00160.png,39,88.8,31.1,24.7,959
9/17/2019 18:48,datasets/dataset_cropped/09_Metas/17/18/20190917184800_00160.jpg,datasets_flow/dataset_cropped/09_Metas/17/18/20190917184800_00160.jpg,datasets_cloudmask/dataset_cropped/09_Metas/17/18/20190917184800_00160.png,36.7,80.4,29.9,24.6,959
9/17/2019 18:49,datasets/dataset_cropped/09_Metas/17/18/20190917184900_00160.jpg,datasets_flow/dataset_cropped/09_Metas/17/18/20190917184900_00160.jpg,datasets_cloudmask/dataset_cropped/09_Metas/17/18/20190917184900_00160.png,34.6,73,28.6,24.6,959
9/17/2019 18:50,datasets/dataset_cropped/09_Metas/17/18/20190917185000_00160.jpg,datasets_flow/dataset_cropped/09_Metas/17/18/20190917185000_00160.jpg,datasets_cloudmask/dataset_cropped/09_Metas/17/18/20190917185000_00160.png,32.6,66.6,27.4,24.6,959
9/17/2019 18:51,datasets/dataset_cropped/09_Metas/17/18/20190917185100_00160.jpg,datasets_flow/dataset_cropped/09_Metas/17/18/20190917185100_00160.jpg,datasets_cloudmask/dataset_cropped/09_Metas/17/18/20190917185100_00160.png,30.6,58.8,26.1,24.5,959
9/17/2019 18:52,datasets/dataset_cropped/09_Metas/17/18/20190917185200_00160.jpg,datasets_flow/dataset_cropped/09_Metas/17/18/20190917185200_00160.jpg,datasets_cloudmask/dataset_cropped/09_Metas/17/18/20190917185200_00160.png,28.6,51.1,24.9,24.5,959
9/17/2019 18:53,datasets/dataset_cropped/09_Metas/17/18/20190917185300_00160.jpg,datasets_flow/dataset_cropped/09_Metas/17/18/20190917185300_00160.jpg,datasets_cloudmask/dataset_cropped/09_Metas/17/18/20190917185300_00160.png,26.9,44.9,23.7,24.4,959
9/17/2019 18:54,datasets/dataset_cropped/09_Metas/17/18/20190917185400_00160.jpg,datasets_flow/dataset_cropped/09_Metas/17/18/20190917185400_00160.jpg,datasets_cloudmask/dataset_cropped/09_Metas/17/18/20190917185400_00160.png,25.2,40,22.5,24.4,959
9/17/2019 18:55,datasets/dataset_cropped/09_Metas/17/18/20190917185500_00160.jpg,datasets_flow/dataset_cropped/09_Metas/17/18/20190917185500_00160.jpg,datasets_cloudmask/dataset_cropped/09_Metas/17/18/20190917185500_00160.png,23.6,35,21.3,24.4,959
9/17/2019 18:56,datasets/dataset_cropped/09_Metas/17/18/20190917185600_00160.jpg,datasets_flow/dataset_cropped/09_Metas/17/18/20190917185600_00160.jpg,datasets_cloudmask/dataset_cropped/09_Metas/17/18/20190917185600_00160.png,22.1,29.7,20.2,24.3,959
9/17/2019 18:57,datasets/dataset_cropped/09_Metas/17/18/20190917185700_00160.jpg,datasets_flow/dataset_cropped/09_Metas/17/18/20190917185700_00160.jpg,datasets_cloudmask/dataset_cropped/09_Metas/17/18/20190917185700_00160.png,20.6,25.1,19,24.2,959
9/17/2019 18:58,datasets/dataset_cropped/09_Metas/17/18/20190917185800_00160.jpg,datasets_flow/dataset_cropped/09_Metas/17/18/20190917185800_00160.jpg,datasets_cloudmask/dataset_cropped/09_Metas/17/18/20190917185800_00160.png,19.1,21.2,17.9,24.2,959
9/17/2019 18:59,datasets/dataset_cropped/09_Metas/17/18/20190917185900_00160.jpg,datasets_flow/dataset_cropped/09_Metas/17/18/20190917185900_00160.jpg,datasets_cloudmask/dataset_cropped/09_Metas/17/18/20190917185900_00160.png,17.8,17.6,16.7,24.1,959
9/17/2019 19:00,datasets/dataset_cropped/09_Metas/17/19/20190917190000_00160.jpg,datasets_flow/dataset_cropped/09_Metas/17/19/20190917190000_00160.jpg,datasets_cloudmask/dataset_cropped/09_Metas/17/19/20190917190000_00160.png,16.4,13.1,15.6,24.1,959
9/17/2019 19:01,datasets/dataset_cropped/09_Metas/17/19/20190917190100_00160.jpg,datasets_flow/dataset_cropped/09_Metas/17/19/20190917190100_00160.jpg,datasets_cloudmask/dataset_cropped/09_Metas/17/19/20190917190100_00160.png,15,7.4,14.4,24.1,959
9/17/2019 19:02,datasets/dataset_cropped/09_Metas/17/19/20190917190200_00160.jpg,datasets_flow/dataset_cropped/09_Metas/17/19/20190917190200_00160.jpg,datasets_cloudmask/dataset_cropped/09_Metas/17/19/20190917190200_00160.png,13.7,3.9,13.3,24.1,959
9/17/2019 19:03,datasets/dataset_cropped/09_Metas/17/19/20190917190300_00160.jpg,datasets_flow/dataset_cropped/09_Metas/17/19/20190917190300_00160.jpg,datasets_cloudmask/dataset_cropped/09_Metas/17/19/20190917190300_00160.png,12.5,2.5,12.2,24,959
9/17/2019 19:04,datasets/dataset_cropped/09_Metas/17/19/20190917190400_00160.jpg,datasets_flow/dataset_cropped/09_Metas/17/19/20190917190400_00160.jpg,datasets_cloudmask/dataset_cropped/09_Metas/17/19/20190917190400_00160.png,11.3,0.5,11.1,24,959
9/17/2019 19:05,datasets/dataset_cropped/09_Metas/17/19/20190917190500_00160.jpg,datasets_flow/dataset_cropped/09_Metas/17/19/20190917190500_00160.jpg,datasets_cloudmask/dataset_cropped/09_Metas/17/19/20190917190500_00160.png,10.3,0,10.1,24,959
9/17/2019 19:06,datasets/dataset_cropped/09_Metas/17/19/20190917190600_00160.jpg,datasets_flow/dataset_cropped/09_Metas/17/19/20190917190600_00160.jpg,datasets_cloudmask/dataset_cropped/09_Metas/17/19/20190917190600_00160.png,9.3,0,9.1,23.9,959
9/17/2019 19:07,datasets/dataset_cropped/09_Metas/17/19/20190917190700_00160.jpg,datasets_flow/dataset_cropped/09_Metas/17/19/20190917190700_00160.jpg,datasets_cloudmask/dataset_cropped/09_Metas/17/19/20190917190700_00160.png,8.3,0,8.1,23.9,959
9/17/2019 19:08,datasets/dataset_cropped/09_Metas/17/19/20190917190800_00160.jpg,datasets_flow/dataset_cropped/09_Metas/17/19/20190917190800_00160.jpg,datasets_cloudmask/dataset_cropped/09_Metas/17/19/20190917190800_00160.png,7.4,0,7.2,23.9,959
9/17/2019 19:09,datasets/dataset_cropped/09_Metas/17/19/20190917190900_00160.jpg,datasets_flow/dataset_cropped/09_Metas/17/19/20190917190900_00160.jpg,datasets_cloudmask/dataset_cropped/09_Metas/17/19/20190917190900_00160.png,6.5,0,6.3,23.8,959
9/17/2019 19:10,datasets/dataset_cropped/09_Metas/17/19/20190917191000_00160.jpg,datasets_flow/dataset_cropped/09_Metas/17/19/20190917191000_00160.jpg,datasets_cloudmask/dataset_cropped/09_Metas/17/19/20190917191000_00160.png,5.7,0,5.5,23.8,959
9/17/2019 19:11,datasets/dataset_cropped/09_Metas/17/19/20190917191100_00160.jpg,datasets_flow/dataset_cropped/09_Metas/17/19/20190917191100_00160.jpg,datasets_cloudmask/dataset_cropped/09_Metas/17/19/20190917191100_00160.png,4.9,0,4.7,23.8,959
9/17/2019 19:12,datasets/dataset_cropped/09_Metas/17/19/20190917191200_00160.jpg,datasets_flow/dataset_cropped/09_Metas/17/19/20190917191200_00160.jpg,datasets_cloudmask/dataset_cropped/09_Metas/17/19/20190917191200_00160.png,4.1,0,3.9,23.8,959
9/17/2019 19:13,datasets/dataset_cropped/09_Metas/17/19/20190917191300_00160.jpg,datasets_flow/dataset_cropped/09_Metas/17/19/20190917191300_00160.jpg,datasets_cloudmask/dataset_cropped/09_Metas/17/19/20190917191300_00160.png,3.4,0,3.2,23.7,959
9/18/2019 6:55,datasets/dataset_cropped/09_Metas/18/06/20190918065530_00160.jpg,datasets_flow/dataset_cropped/09_Metas/18/06/20190918065530_00160.jpg,datasets_cloudmask/dataset_cropped/09_Metas/18/06/20190918065530_00160.png,3.1,0,2.9,18.8,959
9/18/2019 6:56,datasets/dataset_cropped/09_Metas/18/06/20190918065600_00160.jpg,datasets_flow/dataset_cropped/09_Metas/18/06/20190918065600_00160.jpg,datasets_cloudmask/dataset_cropped/09_Metas/18/06/20190918065600_00160.png,3.1,0,2.9,18.8,959
9/18/2019 6:57,datasets/dataset_cropped/09_Metas/18/06/20190918065700_00160.jpg,datasets_flow/dataset_cropped/09_Metas/18/06/20190918065700_00160.jpg,datasets_cloudmask/dataset_cropped/09_Metas/18/06/20190918065700_00160.png,3.6,0,3.5,18.8,959
9/18/2019 6:58,datasets/dataset_cropped/09_Metas/18/06/20190918065800_00160.jpg,datasets_flow/dataset_cropped/09_Metas/18/06/20190918065800_00160.jpg,datasets_cloudmask/dataset_cropped/09_Metas/18/06/20190918065800_00160.png,4.1,0.1,4,18.8,959
9/18/2019 6:59,datasets/dataset_cropped/09_Metas/18/06/20190918065900_00160.jpg,datasets_flow/dataset_cropped/09_Metas/18/06/20190918065900_00160.jpg,datasets_cloudmask/dataset_cropped/09_Metas/18/06/20190918065900_00160.png,4.7,0.1,4.6,18.9,959
9/18/2019 7:00,datasets/dataset_cropped/09_Metas/18/07/20190918070000_00160.jpg,datasets_flow/dataset_cropped/09_Metas/18/07/20190918070000_00160.jpg,datasets_cloudmask/dataset_cropped/09_Metas/18/07/20190918070000_00160.png,5.5,0.2,5.4,18.9,959
9/18/2019 7:01,datasets/dataset_cropped/09_Metas/18/07/20190918070100_00160.jpg,datasets_flow/dataset_cropped/09_Metas/18/07/20190918070100_00160.jpg,datasets_cloudmask/dataset_cropped/09_Metas/18/07/20190918070100_00160.png,6.2,0.4,6.1,18.7,959
9/18/2019 7:02,datasets/dataset_cropped/09_Metas/18/07/20190918070200_00160.jpg,datasets_flow/dataset_cropped/09_Metas/18/07/20190918070200_00160.jpg,datasets_cloudmask/dataset_cropped/09_Metas/18/07/20190918070200_00160.png,7,0.6,7,18.8,959
9/18/2019 7:03,datasets/dataset_cropped/09_Metas/18/07/20190918070300_00160.jpg,datasets_flow/dataset_cropped/09_Metas/18/07/20190918070300_00160.jpg,datasets_cloudmask/dataset_cropped/09_Metas/18/07/20190918070300_00160.png,7.9,1,7.9,18.9,959
9/18/2019 7:04,datasets/dataset_cropped/09_Metas/18/07/20190918070400_00160.jpg,datasets_flow/dataset_cropped/09_Metas/18/07/20190918070400_00160.jpg,datasets_cloudmask/dataset_cropped/09_Metas/18/07/20190918070400_00160.png,8.8,1.9,8.7,19,959
9/18/2019 7:05,datasets/dataset_cropped/09_Metas/18/07/20190918070500_00160.jpg,datasets_flow/dataset_cropped/09_Metas/18/07/20190918070500_00160.jpg,datasets_cloudmask/dataset_cropped/09_Metas/18/07/20190918070500_00160.png,9.7,5.6,9.5,19.1,959
9/18/2019 7:06,datasets/dataset_cropped/09_Metas/18/07/20190918070600_00160.jpg,datasets_flow/dataset_cropped/09_Metas/18/07/20190918070600_00160.jpg,datasets_cloudmask/dataset_cropped/09_Metas/18/07/20190918070600_00160.png,10.6,7.6,10.3,19.1,959
9/18/2019 7:07,datasets/dataset_cropped/09_Metas/18/07/20190918070700_00160.jpg,datasets_flow/dataset_cropped/09_Metas/18/07/20190918070700_00160.jpg,datasets_cloudmask/dataset_cropped/09_Metas/18/07/20190918070700_00160.png,11.9,8.7,11.5,19.1,959
9/18/2019 7:08,datasets/dataset_cropped/09_Metas/18/07/20190918070800_00160.jpg,datasets_flow/dataset_cropped/09_Metas/18/07/20190918070800_00160.jpg,datasets_cloudmask/dataset_cropped/09_Metas/18/07/20190918070800_00160.png,13.4,11.1,12.9,19.1,959
9/18/2019 7:09,datasets/dataset_cropped/09_Metas/18/07/20190918070900_00160.jpg,datasets_flow/dataset_cropped/09_Metas/18/07/20190918070900_00160.jpg,datasets_cloudmask/dataset_cropped/09_Metas/18/07/20190918070900_00160.png,14.8,9.9,14.2,19.1,959
9/18/2019 7:10,datasets/dataset_cropped/09_Metas/18/07/20190918071000_00160.jpg,datasets_flow/dataset_cropped/09_Metas/18/07/20190918071000_00160.jpg,datasets_cloudmask/dataset_cropped/09_Metas/18/07/20190918071000_00160.png,16.6,18.4,15.6,19.1,959
9/18/2019 7:11,datasets/dataset_cropped/09_Metas/18/07/20190918071100_00160.jpg,datasets_flow/dataset_cropped/09_Metas/18/07/20190918071100_00160.jpg,datasets_cloudmask/dataset_cropped/09_Metas/18/07/20190918071100_00160.png,18.4,32.9,16.6,19.2,959
9/18/2019 7:12,datasets/dataset_cropped/09_Metas/18/07/20190918071200_00160.jpg,datasets_flow/dataset_cropped/09_Metas/18/07/20190918071200_00160.jpg,datasets_cloudmask/dataset_cropped/09_Metas/18/07/20190918071200_00160.png,18.1,16.8,17.1,19.1,959
9/18/2019 7:13,datasets/dataset_cropped/09_Metas/18/07/20190918071300_00160.jpg,datasets_flow/dataset_cropped/09_Metas/18/07/20190918071300_00160.jpg,datasets_cloudmask/dataset_cropped/09_Metas/18/07/20190918071300_00160.png,18.3,3.3,17.9,19.1,959
9/18/2019 7:14,datasets/dataset_cropped/09_Metas/18/07/20190918071400_00160.jpg,datasets_flow/dataset_cropped/09_Metas/18/07/20190918071400_00160.jpg,datasets_cloudmask/dataset_cropped/09_Metas/18/07/20190918071400_00160.png,19.9,7.5,19.1,19,959
9/18/2019 7:15,datasets/dataset_cropped/09_Metas/18/07/20190918071500_00160.jpg,datasets_flow/dataset_cropped/09_Metas/18/07/20190918071500_00160.jpg,datasets_cloudmask/dataset_cropped/09_Metas/18/07/20190918071500_00160.png,23.8,43.1,20.7,18.9,959
9/18/2019 7:16,datasets/dataset_cropped/09_Metas/18/07/20190918071600_00160.jpg,datasets_flow/dataset_cropped/09_Metas/18/07/20190918071600_00160.jpg,datasets_cloudmask/dataset_cropped/09_Metas/18/07/20190918071600_00160.png,27,72.7,21.9,18.9,959
9/18/2019 7:17,datasets/dataset_cropped/09_Metas/18/07/20190918071700_00160.jpg,datasets_flow/dataset_cropped/09_Metas/18/07/20190918071700_00160.jpg,datasets_cloudmask/dataset_cropped/09_Metas/18/07/20190918071700_00160.png,27.4,57.7,23.1,18.8,959
9/18/2019 7:18,datasets/dataset_cropped/09_Metas/18/07/20190918071800_00160.jpg,datasets_flow/dataset_cropped/09_Metas/18/07/20190918071800_00160.jpg,datasets_cloudmask/dataset_cropped/09_Metas/18/07/20190918071800_00160.png,24.4,12.6,23.3,18.8,959
9/18/2019 7:19,datasets/dataset_cropped/09_Metas/18/07/20190918071900_00160.jpg,datasets_flow/dataset_cropped/09_Metas/18/07/20190918071900_00160.jpg,datasets_cloudmask/dataset_cropped/09_Metas/18/07/20190918071900_00160.png,27.9,41.3,24.7,18.8,959
9/18/2019 7:20,datasets/dataset_cropped/09_Metas/18/07/20190918072000_00160.jpg,datasets_flow/dataset_cropped/09_Metas/18/07/20190918072000_00160.jpg,datasets_cloudmask/dataset_cropped/09_Metas/18/07/20190918072000_00160.png,28.1,26.7,25.9,18.9,959
9/18/2019 7:21,datasets/dataset_cropped/09_Metas/18/07/20190918072100_00160.jpg,datasets_flow/dataset_cropped/09_Metas/18/07/20190918072100_00160.jpg,datasets_cloudmask/dataset_cropped/09_Metas/18/07/20190918072100_00160.png,27.4,8.3,26.7,18.9,959
9/18/2019 7:22,datasets/dataset_cropped/09_Metas/18/07/20190918072200_00160.jpg,datasets_flow/dataset_cropped/09_Metas/18/07/20190918072200_00160.jpg,datasets_cloudmask/dataset_cropped/09_Metas/18/07/20190918072200_00160.png,29.1,20.6,27.1,19,959
9/18/2019 7:23,datasets/dataset_cropped/09_Metas/18/07/20190918072300_00160.jpg,datasets_flow/dataset_cropped/09_Metas/18/07/20190918072300_00160.jpg,datasets_cloudmask/dataset_cropped/09_Metas/18/07/20190918072300_00160.png,32.7,42.7,28.6,19,959
9/18/2019 7:24,datasets/dataset_cropped/09_Metas/18/07/20190918072400_00160.jpg,datasets_flow/dataset_cropped/09_Metas/18/07/20190918072400_00160.jpg,datasets_cloudmask/dataset_cropped/09_Metas/18/07/20190918072400_00160.png,35.1,48.1,30.4,19.1,960
9/18/2019 7:25,datasets/dataset_cropped/09_Metas/18/07/20190918072500_00160.jpg,datasets_flow/dataset_cropped/09_Metas/18/07/20190918072500_00160.jpg,datasets_cloudmask/dataset_cropped/09_Metas/18/07/20190918072500_00160.png,40.5,84.9,32.1,19.1,959
9/18/2019 7:26,datasets/dataset_cropped/09_Metas/18/07/20190918072600_00160.jpg,datasets_flow/dataset_cropped/09_Metas/18/07/20190918072600_00160.jpg,datasets_cloudmask/dataset_cropped/09_Metas/18/07/20190918072600_00160.png,50.7,170.6,33.4,19.2,959
9/18/2019 7:27,datasets/dataset_cropped/09_Metas/18/07/20190918072700_00160.jpg,datasets_flow/dataset_cropped/09_Metas/18/07/20190918072700_00160.jpg,datasets_cloudmask/dataset_cropped/09_Metas/18/07/20190918072700_00160.png,53.3,179.7,34.5,19.3,959
9/18/2019 7:28,datasets/dataset_cropped/09_Metas/18/07/20190918072800_00160.jpg,datasets_flow/dataset_cropped/09_Metas/18/07/20190918072800_00160.jpg,datasets_cloudmask/dataset_cropped/09_Metas/18/07/20190918072800_00160.png,54.5,178.3,35.2,19.5,959
9/18/2019 7:29,datasets/dataset_cropped/09_Metas/18/07/20190918072900_00160.jpg,datasets_flow/dataset_cropped/09_Metas/18/07/20190918072900_00160.jpg,datasets_cloudmask/dataset_cropped/09_Metas/18/07/20190918072900_00160.png,56.8,191.4,35.3,19.6,959
9/18/2019 7:30,datasets/dataset_cropped/09_Metas/18/07/20190918073000_00160.jpg,datasets_flow/dataset_cropped/09_Metas/18/07/20190918073000_00160.jpg,datasets_cloudmask/dataset_cropped/09_Metas/18/07/20190918073000_00160.png,48.6,123.3,34.6,19.8,959
9/18/2019 7:31,datasets/dataset_cropped/09_Metas/18/07/20190918073100_00160.jpg,datasets_flow/dataset_cropped/09_Metas/18/07/20190918073100_00160.jpg,datasets_cloudmask/dataset_cropped/09_Metas/18/07/20190918073100_00160.png,60.7,199.9,36.9,19.8,959
9/18/2019 7:32,datasets/dataset_cropped/09_Metas/18/07/20190918073200_00160.jpg,datasets_flow/dataset_cropped/09_Metas/18/07/20190918073200_00160.jpg,datasets_cloudmask/dataset_cropped/09_Metas/18/07/20190918073200_00160.png,63.2,205.9,37.9,19.9,959
9/18/2019 7:33,datasets/dataset_cropped/09_Metas/18/07/20190918073300_00160.jpg,datasets_flow/dataset_cropped/09_Metas/18/07/20190918073300_00160.jpg,datasets_cloudmask/dataset_cropped/09_Metas/18/07/20190918073300_00160.png,61.7,178.3,39.1,19.9,960
9/18/2019 7:34,datasets/dataset_cropped/09_Metas/18/07/20190918073400_00160.jpg,datasets_flow/dataset_cropped/09_Metas/18/07/20190918073400_00160.jpg,datasets_cloudmask/dataset_cropped/09_Metas/18/07/20190918073400_00160.png,61.1,163.3,40.1,19.9,960
9/18/2019 7:35,datasets/dataset_cropped/09_Metas/18/07/20190918073500_00160.jpg,datasets_flow/dataset_cropped/09_Metas/18/07/20190918073500_00160.jpg,datasets_cloudmask/dataset_cropped/09_Metas/18/07/20190918073500_00160.png,58.4,112.2,43.6,19.9,960
9/18/2019 7:36,datasets/dataset_cropped/09_Metas/18/07/20190918073600_00160.jpg,datasets_flow/dataset_cropped/09_Metas/18/07/20190918073600_00160.jpg,datasets_cloudmask/dataset_cropped/09_Metas/18/07/20190918073600_00160.png,68.4,158.9,46.9,19.9,960
9/18/2019 7:37,datasets/dataset_cropped/09_Metas/18/07/20190918073700_00160.jpg,datasets_flow/dataset_cropped/09_Metas/18/07/20190918073700_00160.jpg,datasets_cloudmask/dataset_cropped/09_Metas/18/07/20190918073700_00160.png,71,159.7,48.6,19.9,960
9/18/2019 7:38,datasets/dataset_cropped/09_Metas/18/07/20190918073800_00160.jpg,datasets_flow/dataset_cropped/09_Metas/18/07/20190918073800_00160.jpg,datasets_cloudmask/dataset_cropped/09_Metas/18/07/20190918073800_00160.png,84.9,245.9,49.8,19.8,960
9/18/2019 7:39,datasets/dataset_cropped/09_Metas/18/07/20190918073900_00160.jpg,datasets_flow/dataset_cropped/09_Metas/18/07/20190918073900_00160.jpg,datasets_cloudmask/dataset_cropped/09_Metas/18/07/20190918073900_00160.png,88.2,261.3,50,19.8,960
9/18/2019 7:40,datasets/dataset_cropped/09_Metas/18/07/20190918074000_00160.jpg,datasets_flow/dataset_cropped/09_Metas/18/07/20190918074000_00160.jpg,datasets_cloudmask/dataset_cropped/09_Metas/18/07/20190918074000_00160.png,89.7,264.6,50.1,19.8,960
9/18/2019 7:41,datasets/dataset_cropped/09_Metas/18/07/20190918074100_00160.jpg,datasets_flow/dataset_cropped/09_Metas/18/07/20190918074100_00160.jpg,datasets_cloudmask/dataset_cropped/09_Metas/18/07/20190918074100_00160.png,88.2,249.5,50,19.8,960
9/18/2019 7:42,datasets/dataset_cropped/09_Metas/18/07/20190918074200_00160.jpg,datasets_flow/dataset_cropped/09_Metas/18/07/20190918074200_00160.jpg,datasets_cloudmask/dataset_cropped/09_Metas/18/07/20190918074200_00160.png,94,274.2,51,19.8,960
9/18/2019 7:43,datasets/dataset_cropped/09_Metas/18/07/20190918074300_00160.jpg,datasets_flow/dataset_cropped/09_Metas/18/07/20190918074300_00160.jpg,datasets_cloudmask/dataset_cropped/09_Metas/18/07/20190918074300_00160.png,73.9,144.7,50.6,19.8,960
9/18/2019 7:44,datasets/dataset_cropped/09_Metas/18/07/20190918074400_00160.jpg,datasets_flow/dataset_cropped/09_Metas/18/07/20190918074400_00160.jpg,datasets_cloudmask/dataset_cropped/09_Metas/18/07/20190918074400_00160.png,95.8,266.7,52.2,19.7,960
9/18/2019 7:45,datasets/dataset_cropped/09_Metas/18/07/20190918074500_00160.jpg,datasets_flow/dataset_cropped/09_Metas/18/07/20190918074500_00160.jpg,datasets_cloudmask/dataset_cropped/09_Metas/18/07/20190918074500_00160.png,108,325.4,53.4,19.7,960
9/18/2019 7:46,datasets/dataset_cropped/09_Metas/18/07/20190918074600_00160.jpg,datasets_flow/dataset_cropped/09_Metas/18/07/20190918074600_00160.jpg,datasets_cloudmask/dataset_cropped/09_Metas/18/07/20190918074600_00160.png,111.1,330,54.6,19.7,960
9/18/2019 7:47,datasets/dataset_cropped/09_Metas/18/07/20190918074700_00160.jpg,datasets_flow/dataset_cropped/09_Metas/18/07/20190918074700_00160.jpg,datasets_cloudmask/dataset_cropped/09_Metas/18/07/20190918074700_00160.png,115.1,340,55.7,19.7,960
9/18/2019 7:48,datasets/dataset_cropped/09_Metas/18/07/20190918074800_00160.jpg,datasets_flow/dataset_cropped/09_Metas/18/07/20190918074800_00160.jpg,datasets_cloudmask/dataset_cropped/09_Metas/18/07/20190918074800_00160.png,117.2,340.6,56.5,19.7,960
9/18/2019 7:49,datasets/dataset_cropped/09_Metas/18/07/20190918074900_00160.jpg,datasets_flow/dataset_cropped/09_Metas/18/07/20190918074900_00160.jpg,datasets_cloudmask/dataset_cropped/09_Metas/18/07/20190918074900_00160.png,121.1,351.5,57.2,19.8,960
9/18/2019 7:50,datasets/dataset_cropped/09_Metas/18/07/20190918075000_00160.jpg,datasets_flow/dataset_cropped/09_Metas/18/07/20190918075000_00160.jpg,datasets_cloudmask/dataset_cropped/09_Metas/18/07/20190918075000_00160.png,124.4,359.4,57.8,19.9,960
9/18/2019 7:51,datasets/dataset_cropped/09_Metas/18/07/20190918075100_00160.jpg,datasets_flow/dataset_cropped/09_Metas/18/07/20190918075100_00160.jpg,datasets_cloudmask/dataset_cropped/09_Metas/18/07/20190918075100_00160.png,127.9,367.7,58.6,20,960
9/18/2019 7:52,datasets/dataset_cropped/09_Metas/18/07/20190918075200_00160.jpg,datasets_flow/dataset_cropped/09_Metas/18/07/20190918075200_00160.jpg,datasets_cloudmask/dataset_cropped/09_Metas/18/07/20190918075200_00160.png,130.6,371.3,59.3,20.2,960
9/18/2019 7:53,datasets/dataset_cropped/09_Metas/18/07/20190918075300_00160.jpg,datasets_flow/dataset_cropped/09_Metas/18/07/20190918075300_00160.jpg,datasets_cloudmask/dataset_cropped/09_Metas/18/07/20190918075300_00160.png,133.5,377.1,60,20.4,960
9/18/2019 7:54,datasets/dataset_cropped/09_Metas/18/07/20190918075400_00160.jpg,datasets_flow/dataset_cropped/09_Metas/18/07/20190918075400_00160.jpg,datasets_cloudmask/dataset_cropped/09_Metas/18/07/20190918075400_00160.png,136.6,383,60.5,20.5,960
9/18/2019 7:55,datasets/dataset_cropped/09_Metas/18/07/20190918075500_00160.jpg,datasets_flow/dataset_cropped/09_Metas/18/07/20190918075500_00160.jpg,datasets_cloudmask/dataset_cropped/09_Metas/18/07/20190918075500_00160.png,140.4,392.5,61.1,20.6,960
9/18/2019 7:56,datasets/dataset_cropped/09_Metas/18/07/20190918075600_00160.jpg,datasets_flow/dataset_cropped/09_Metas/18/07/20190918075600_00160.jpg,datasets_cloudmask/dataset_cropped/09_Metas/18/07/20190918075600_00160.png,142.4,393.9,61.6,20.7,960
9/18/2019 7:57,datasets/dataset_cropped/09_Metas/18/07/20190918075700_00160.jpg,datasets_flow/dataset_cropped/09_Metas/18/07/20190918075700_00160.jpg,datasets_cloudmask/dataset_cropped/09_Metas/18/07/20190918075700_00160.png,146.6,404.3,62.3,20.8,960
9/18/2019 7:58,datasets/dataset_cropped/09_Metas/18/07/20190918075800_00160.jpg,datasets_flow/dataset_cropped/09_Metas/18/07/20190918075800_00160.jpg,datasets_cloudmask/dataset_cropped/09_Metas/18/07/20190918075800_00160.png,149.6,409.2,63,20.9,960
9/18/2019 7:59,datasets/dataset_cropped/09_Metas/18/07/20190918075900_00160.jpg,datasets_flow/dataset_cropped/09_Metas/18/07/20190918075900_00160.jpg,datasets_cloudmask/dataset_cropped/09_Metas/18/07/20190918075900_00160.png,153.4,417.2,63.8,20.9,960
9/18/2019 8:00,datasets/dataset_cropped/09_Metas/18/08/20190918080000_00160.jpg,datasets_flow/dataset_cropped/09_Metas/18/08/20190918080000_00160.jpg,datasets_cloudmask/dataset_cropped/09_Metas/18/08/20190918080000_00160.png,158.4,430.4,64.5,21.1,960
9/18/2019 8:01,datasets/dataset_cropped/09_Metas/18/08/20190918080100_00160.jpg,datasets_flow/dataset_cropped/09_Metas/18/08/20190918080100_00160.jpg,datasets_cloudmask/dataset_cropped/09_Metas/18/08/20190918080100_00160.png,159.8,427.8,65.2,21.2,960
9/18/2019 8:02,datasets/dataset_cropped/09_Metas/18/08/20190918080200_00160.jpg,datasets_flow/dataset_cropped/09_Metas/18/08/20190918080200_00160.jpg,datasets_cloudmask/dataset_cropped/09_Metas/18/08/20190918080200_00160.png,165.6,443.5,65.9,21.3,960
9/18/2019 8:03,datasets/dataset_cropped/09_Metas/18/08/20190918080300_00160.jpg,datasets_flow/dataset_cropped/09_Metas/18/08/20190918080300_00160.jpg,datasets_cloudmask/dataset_cropped/09_Metas/18/08/20190918080300_00160.png,166.9,441.4,66.3,21.2,960
9/18/2019 8:04,datasets/dataset_cropped/09_Metas/18/08/20190918080400_00160.jpg,datasets_flow/dataset_cropped/09_Metas/18/08/20190918080400_00160.jpg,datasets_cloudmask/dataset_cropped/09_Metas/18/08/20190918080400_00160.png,172.2,455.7,66.8,21.3,960
9/18/2019 8:05,datasets/dataset_cropped/09_Metas/18/08/20190918080500_00160.jpg,datasets_flow/dataset_cropped/09_Metas/18/08/20190918080500_00160.jpg,datasets_cloudmask/dataset_cropped/09_Metas/18/08/20190918080500_00160.png,174.1,455.9,67.1,21.4,960
9/18/2019 8:06,datasets/dataset_cropped/09_Metas/18/08/20190918080600_00160.jpg,datasets_flow/dataset_cropped/09_Metas/18/08/20190918080600_00160.jpg,datasets_cloudmask/dataset_cropped/09_Metas/18/08/20190918080600_00160.png,178.3,465.7,67.4,21.5,960
9/18/2019 8:07,datasets/dataset_cropped/09_Metas/18/08/20190918080700_00160.jpg,datasets_flow/dataset_cropped/09_Metas/18/08/20190918080700_00160.jpg,datasets_cloudmask/dataset_cropped/09_Metas/18/08/20190918080700_00160.png,180.8,468.3,67.7,21.6,960
9/18/2019 8:08,datasets/dataset_cropped/09_Metas/18/08/20190918080800_00160.jpg,datasets_flow/dataset_cropped/09_Metas/18/08/20190918080800_00160.jpg,datasets_cloudmask/dataset_cropped/09_Metas/18/08/20190918080800_00160.png,184.2,473.2,68.3,21.6,960
9/18/2019 8:09,datasets/dataset_cropped/09_Metas/18/08/20190918080900_00160.jpg,datasets_flow/dataset_cropped/09_Metas/18/08/20190918080900_00160.jpg,datasets_cloudmask/dataset_cropped/09_Metas/18/08/20190918080900_00160.png,187,476.3,68.9,21.7,960
9/18/2019 8:10,datasets/dataset_cropped/09_Metas/18/08/20190918081000_00160.jpg,datasets_flow/dataset_cropped/09_Metas/18/08/20190918081000_00160.jpg,datasets_cloudmask/dataset_cropped/09_Metas/18/08/20190918081000_00160.png,192,487.5,69.5,21.8,960
9/18/2019 8:11,datasets/dataset_cropped/09_Metas/18/08/20190918081100_00160.jpg,datasets_flow/dataset_cropped/09_Metas/18/08/20190918081100_00160.jpg,datasets_cloudmask/dataset_cropped/09_Metas/18/08/20190918081100_00160.png,193.7,485.8,70,21.8,960
9/18/2019 8:12,datasets/dataset_cropped/09_Metas/18/08/20190918081200_00160.jpg,datasets_flow/dataset_cropped/09_Metas/18/08/20190918081200_00160.jpg,datasets_cloudmask/dataset_cropped/09_Metas/18/08/20190918081200_00160.png,196.8,489.5,70.6,22,960
9/18/2019 8:13,datasets/dataset_cropped/09_Metas/18/08/20190918081300_00160.jpg,datasets_flow/dataset_cropped/09_Metas/18/08/20190918081300_00160.jpg,datasets_cloudmask/dataset_cropped/09_Metas/18/08/20190918081300_00160.png,200.5,495.6,71,22.2,960
9/18/2019 8:14,datasets/dataset_cropped/09_Metas/18/08/20190918081400_00160.jpg,datasets_flow/dataset_cropped/09_Metas/18/08/20190918081400_00160.jpg,datasets_cloudmask/dataset_cropped/09_Metas/18/08/20190918081400_00160.png,203.5,499.3,71.4,22.3,960
9/18/2019 8:15,datasets/dataset_cropped/09_Metas/18/08/20190918081500_00160.jpg,datasets_flow/dataset_cropped/09_Metas/18/08/20190918081500_00160.jpg,datasets_cloudmask/dataset_cropped/09_Metas/18/08/20190918081500_00160.png,208.5,509.7,71.8,22.4,960
9/18/2019 8:16,datasets/dataset_cropped/09_Metas/18/08/20190918081600_00160.jpg,datasets_flow/dataset_cropped/09_Metas/18/08/20190918081600_00160.jpg,datasets_cloudmask/dataset_cropped/09_Metas/18/08/20190918081600_00160.png,211.6,513.5,72.3,22.6,960
9/18/2019 8:17,datasets/dataset_cropped/09_Metas/18/08/20190918081700_00160.jpg,datasets_flow/dataset_cropped/09_Metas/18/08/20190918081700_00160.jpg,datasets_cloudmask/dataset_cropped/09_Metas/18/08/20190918081700_00160.png,215.3,518.5,72.9,22.6,960
9/18/2019 8:18,datasets/dataset_cropped/09_Metas/18/08/20190918081800_00160.jpg,datasets_flow/dataset_cropped/09_Metas/18/08/20190918081800_00160.jpg,datasets_cloudmask/dataset_cropped/09_Metas/18/08/20190918081800_00160.png,219.1,524.5,73.4,22.7,960
9/18/2019 8:19,datasets/dataset_cropped/09_Metas/18/08/20190918081900_00160.jpg,datasets_flow/dataset_cropped/09_Metas/18/08/20190918081900_00160.jpg,datasets_cloudmask/dataset_cropped/09_Metas/18/08/20190918081900_00160.png,223,530.6,73.9,22.5,960
9/18/2019 8:20,datasets/dataset_cropped/09_Metas/18/08/20190918082000_00160.jpg,datasets_flow/dataset_cropped/09_Metas/18/08/20190918082000_00160.jpg,datasets_cloudmask/dataset_cropped/09_Metas/18/08/20190918082000_00160.png,226.7,535.3,74.6,22.3,960
9/18/2019 8:21,datasets/dataset_cropped/09_Metas/18/08/20190918082100_00160.jpg,datasets_flow/dataset_cropped/09_Metas/18/08/20190918082100_00160.jpg,datasets_cloudmask/dataset_cropped/09_Metas/18/08/20190918082100_00160.png,230.2,539.9,75,22.1,960
9/18/2019 8:22,datasets/dataset_cropped/09_Metas/18/08/20190918082200_00160.jpg,datasets_flow/dataset_cropped/09_Metas/18/08/20190918082200_00160.jpg,datasets_cloudmask/dataset_cropped/09_Metas/18/08/20190918082200_00160.png,233.9,544.9,75.5,22,960
9/18/2019 8:23,datasets/dataset_cropped/09_Metas/18/08/20190918082300_00160.jpg,datasets_flow/dataset_cropped/09_Metas/18/08/20190918082300_00160.jpg,datasets_cloudmask/dataset_cropped/09_Metas/18/08/20190918082300_00160.png,238,550.8,76,21.9,960
9/18/2019 8:24,datasets/dataset_cropped/09_Metas/18/08/20190918082400_00160.jpg,datasets_flow/dataset_cropped/09_Metas/18/08/20190918082400_00160.jpg,datasets_cloudmask/dataset_cropped/09_Metas/18/08/20190918082400_00160.png,242.3,557.5,76.4,21.9,960
9/18/2019 8:25,datasets/dataset_cropped/09_Metas/18/08/20190918082500_00160.jpg,datasets_flow/dataset_cropped/09_Metas/18/08/20190918082500_00160.jpg,datasets_cloudmask/dataset_cropped/09_Metas/18/08/20190918082500_00160.png,244.7,558.3,76.8,22,960
9/18/2019 8:26,datasets/dataset_cropped/09_Metas/18/08/20190918082600_00160.jpg,datasets_flow/dataset_cropped/09_Metas/18/08/20190918082600_00160.jpg,datasets_cloudmask/dataset_cropped/09_Metas/18/08/20190918082600_00160.png,248.8,564.2,77.3,22.1,960
9/18/2019 8:27,datasets/dataset_cropped/09_Metas/18/08/20190918082700_00160.jpg,datasets_flow/dataset_cropped/09_Metas/18/08/20190918082700_00160.jpg,datasets_cloudmask/dataset_cropped/09_Metas/18/08/20190918082700_00160.png,251.6,566.8,77.6,22.1,960
9/18/2019 8:28,datasets/dataset_cropped/09_Metas/18/08/20190918082800_00160.jpg,datasets_flow/dataset_cropped/09_Metas/18/08/20190918082800_00160.jpg,datasets_cloudmask/dataset_cropped/09_Metas/18/08/20190918082800_00160.png,255.1,571.2,77.9,22.1,960
9/18/2019 8:29,datasets/dataset_cropped/09_Metas/18/08/20190918082900_00160.jpg,datasets_flow/dataset_cropped/09_Metas/18/08/20190918082900_00160.jpg,datasets_cloudmask/dataset_cropped/09_Metas/18/08/20190918082900_00160.png,258.4,574.7,78.1,22.1,960
9/18/2019 8:30,datasets/dataset_cropped/09_Metas/18/08/20190918083000_00160.jpg,datasets_flow/dataset_cropped/09_Metas/18/08/20190918083000_00160.jpg,datasets_cloudmask/dataset_cropped/09_Metas/18/08/20190918083000_00160.png,261.1,576.2,78.4,22.1,960
9/18/2019 8:31,datasets/dataset_cropped/09_Metas/18/08/20190918083100_00160.jpg,datasets_flow/dataset_cropped/09_Metas/18/08/20190918083100_00160.jpg,datasets_cloudmask/dataset_cropped/09_Metas/18/08/20190918083100_00160.png,264.4,579.6,78.7,22.1,960
9/18/2019 8:32,datasets/dataset_cropped/09_Metas/18/08/20190918083200_00160.jpg,datasets_flow/dataset_cropped/09_Metas/18/08/20190918083200_00160.jpg,datasets_cloudmask/dataset_cropped/09_Metas/18/08/20190918083200_00160.png,267.8,583.2,79.2,22.2,960
9/18/2019 8:33,datasets/dataset_cropped/09_Metas/18/08/20190918083300_00160.jpg,datasets_flow/dataset_cropped/09_Metas/18/08/20190918083300_00160.jpg,datasets_cloudmask/dataset_cropped/09_Metas/18/08/20190918083300_00160.png,271.2,587.1,79.7,22.3,960
9/18/2019 8:34,datasets/dataset_cropped/09_Metas/18/08/20190918083400_00160.jpg,datasets_flow/dataset_cropped/09_Metas/18/08/20190918083400_00160.jpg,datasets_cloudmask/dataset_cropped/09_Metas/18/08/20190918083400_00160.png,275.4,593,79.9,22.5,960
9/18/2019 8:35,datasets/dataset_cropped/09_Metas/18/08/20190918083500_00160.jpg,datasets_flow/dataset_cropped/09_Metas/18/08/20190918083500_00160.jpg,datasets_cloudmask/dataset_cropped/09_Metas/18/08/20190918083500_00160.png,279.4,597.7,80.3,22.6,960
9/18/2019 8:36,datasets/dataset_cropped/09_Metas/18/08/20190918083600_00160.jpg,datasets_flow/dataset_cropped/09_Metas/18/08/20190918083600_00160.jpg,datasets_cloudmask/dataset_cropped/09_Metas/18/08/20190918083600_00160.png,283.5,602.8,80.6,22.6,960
9/18/2019 8:37,datasets/dataset_cropped/09_Metas/18/08/20190918083700_00160.jpg,datasets_flow/dataset_cropped/09_Metas/18/08/20190918083700_00160.jpg,datasets_cloudmask/dataset_cropped/09_Metas/18/08/20190918083700_00160.png,287.1,606.7,81.2,22.7,960
9/18/2019 8:38,datasets/dataset_cropped/09_Metas/18/08/20190918083800_00160.jpg,datasets_flow/dataset_cropped/09_Metas/18/08/20190918083800_00160.jpg,datasets_cloudmask/dataset_cropped/09_Metas/18/08/20190918083800_00160.png,290.5,609.9,81.6,22.9,960
9/18/2019 8:39,datasets/dataset_cropped/09_Metas/18/08/20190918083900_00160.jpg,datasets_flow/dataset_cropped/09_Metas/18/08/20190918083900_00160.jpg,datasets_cloudmask/dataset_cropped/09_Metas/18/08/20190918083900_00160.png,294.2,614.4,81.8,23.1,960
9/18/2019 8:40,datasets/dataset_cropped/09_Metas/18/08/20190918084000_00160.jpg,datasets_flow/dataset_cropped/09_Metas/18/08/20190918084000_00160.jpg,datasets_cloudmask/dataset_cropped/09_Metas/18/08/20190918084000_00160.png,297.8,618.1,82.1,23.2,960
9/18/2019 8:41,datasets/dataset_cropped/09_Metas/18/08/20190918084100_00160.jpg,datasets_flow/dataset_cropped/09_Metas/18/08/20190918084100_00160.jpg,datasets_cloudmask/dataset_cropped/09_Metas/18/08/20190918084100_00160.png,301.6,621.7,82.4,23.2,960
9/18/2019 8:42,datasets/dataset_cropped/09_Metas/18/08/20190918084200_00160.jpg,datasets_flow/dataset_cropped/09_Metas/18/08/20190918084200_00160.jpg,datasets_cloudmask/dataset_cropped/09_Metas/18/08/20190918084200_00160.png,305.5,626.6,82.6,23.3,960
9/18/2019 8:43,datasets/dataset_cropped/09_Metas/18/08/20190918084300_00160.jpg,datasets_flow/dataset_cropped/09_Metas/18/08/20190918084300_00160.jpg,datasets_cloudmask/dataset_cropped/09_Metas/18/08/20190918084300_00160.png,309.1,629.9,83.1,23.4,960
9/18/2019 8:44,datasets/dataset_cropped/09_Metas/18/08/20190918084400_00160.jpg,datasets_flow/dataset_cropped/09_Metas/18/08/20190918084400_00160.jpg,datasets_cloudmask/dataset_cropped/09_Metas/18/08/20190918084400_00160.png,313.3,635.4,83.5,23.6,960
9/18/2019 8:45,datasets/dataset_cropped/09_Metas/18/08/20190918084500_00160.jpg,datasets_flow/dataset_cropped/09_Metas/18/08/20190918084500_00160.jpg,datasets_cloudmask/dataset_cropped/09_Metas/18/08/20190918084500_00160.png,317.4,641,83.5,23.7,960
9/18/2019 8:46,datasets/dataset_cropped/09_Metas/18/08/20190918084600_00160.jpg,datasets_flow/dataset_cropped/09_Metas/18/08/20190918084600_00160.jpg,datasets_cloudmask/dataset_cropped/09_Metas/18/08/20190918084600_00160.png,321,644.4,83.6,23.9,960
9/18/2019 8:47,datasets/dataset_cropped/09_Metas/18/08/20190918084700_00160.jpg,datasets_flow/dataset_cropped/09_Metas/18/08/20190918084700_00160.jpg,datasets_cloudmask/dataset_cropped/09_Metas/18/08/20190918084700_00160.png,324,646.4,83.9,23.8,960
9/18/2019 8:48,datasets/dataset_cropped/09_Metas/18/08/20190918084800_00160.jpg,datasets_flow/dataset_cropped/09_Metas/18/08/20190918084800_00160.jpg,datasets_cloudmask/dataset_cropped/09_Metas/18/08/20190918084800_00160.png,327.7,650.3,84.1,23.8,960
9/18/2019 8:49,datasets/dataset_cropped/09_Metas/18/08/20190918084900_00160.jpg,datasets_flow/dataset_cropped/09_Metas/18/08/20190918084900_00160.jpg,datasets_cloudmask/dataset_cropped/09_Metas/18/08/20190918084900_00160.png,331.2,653.3,84.3,23.9,960
9/18/2019 8:50,datasets/dataset_cropped/09_Metas/18/08/20190918085000_00160.jpg,datasets_flow/dataset_cropped/09_Metas/18/08/20190918085000_00160.jpg,datasets_cloudmask/dataset_cropped/09_Metas/18/08/20190918085000_00160.png,334.7,656,84.8,24,960
9/18/2019 8:51,datasets/dataset_cropped/09_Metas/18/08/20190918085100_00160.jpg,datasets_flow/dataset_cropped/09_Metas/18/08/20190918085100_00160.jpg,datasets_cloudmask/dataset_cropped/09_Metas/18/08/20190918085100_00160.png,338.2,659.1,85.1,24.1,960
9/18/2019 8:52,datasets/dataset_cropped/09_Metas/18/08/20190918085200_00160.jpg,datasets_flow/dataset_cropped/09_Metas/18/08/20190918085200_00160.jpg,datasets_cloudmask/dataset_cropped/09_Metas/18/08/20190918085200_00160.png,341.3,660.6,85.6,24,960
9/18/2019 8:53,datasets/dataset_cropped/09_Metas/18/08/20190918085300_00160.jpg,datasets_flow/dataset_cropped/09_Metas/18/08/20190918085300_00160.jpg,datasets_cloudmask/dataset_cropped/09_Metas/18/08/20190918085300_00160.png,345,664.2,86.1,23.8,960
9/18/2019 8:54,datasets/dataset_cropped/09_Metas/18/08/20190918085400_00160.jpg,datasets_flow/dataset_cropped/09_Metas/18/08/20190918085400_00160.jpg,datasets_cloudmask/dataset_cropped/09_Metas/18/08/20190918085400_00160.png,348.8,667.6,86.6,23.7,960
9/18/2019 8:55,datasets/dataset_cropped/09_Metas/18/08/20190918085500_00160.jpg,datasets_flow/dataset_cropped/09_Metas/18/08/20190918085500_00160.jpg,datasets_cloudmask/dataset_cropped/09_Metas/18/08/20190918085500_00160.png,352.5,671,86.7,23.6,960
9/18/2019 8:56,datasets/dataset_cropped/09_Metas/18/08/20190918085600_00160.jpg,datasets_flow/dataset_cropped/09_Metas/18/08/20190918085600_00160.jpg,datasets_cloudmask/dataset_cropped/09_Metas/18/08/20190918085600_00160.png,355.5,673.2,86.6,23.6,960
9/18/2019 8:57,datasets/dataset_cropped/09_Metas/18/08/20190918085700_00160.jpg,datasets_flow/dataset_cropped/09_Metas/18/08/20190918085700_00160.jpg,datasets_cloudmask/dataset_cropped/09_Metas/18/08/20190918085700_00160.png,358.8,675.8,86.7,23.6,960
9/18/2019 8:58,datasets/dataset_cropped/09_Metas/18/08/20190918085800_00160.jpg,datasets_flow/dataset_cropped/09_Metas/18/08/20190918085800_00160.jpg,datasets_cloudmask/dataset_cropped/09_Metas/18/08/20190918085800_00160.png,361.8,677,86.8,23.5,960
9/18/2019 8:59,datasets/dataset_cropped/09_Metas/18/08/20190918085900_00160.jpg,datasets_flow/dataset_cropped/09_Metas/18/08/20190918085900_00160.jpg,datasets_cloudmask/dataset_cropped/09_Metas/18/08/20190918085900_00160.png,365.4,679.5,87.2,23.5,960
9/18/2019 9:00,datasets/dataset_cropped/09_Metas/18/09/20190918090000_00160.jpg,datasets_flow/dataset_cropped/09_Metas/18/09/20190918090000_00160.jpg,datasets_cloudmask/dataset_cropped/09_Metas/18/09/20190918090000_00160.png,368.9,682.4,87.3,23.5,960
9/18/2019 9:01,datasets/dataset_cropped/09_Metas/18/09/20190918090100_00160.jpg,datasets_flow/dataset_cropped/09_Metas/18/09/20190918090100_00160.jpg,datasets_cloudmask/dataset_cropped/09_Metas/18/09/20190918090100_00160.png,372.9,685.9,87.7,23.4,960
9/18/2019 9:02,datasets/dataset_cropped/09_Metas/18/09/20190918090200_00160.jpg,datasets_flow/dataset_cropped/09_Metas/18/09/20190918090200_00160.jpg,datasets_cloudmask/dataset_cropped/09_Metas/18/09/20190918090200_00160.png,376.6,689.2,88,23.5,960
9/18/2019 9:03,datasets/dataset_cropped/09_Metas/18/09/20190918090300_00160.jpg,datasets_flow/dataset_cropped/09_Metas/18/09/20190918090300_00160.jpg,datasets_cloudmask/dataset_cropped/09_Metas/18/09/20190918090300_00160.png,379.7,690.8,88.6,23.7,960
9/18/2019 9:04,datasets/dataset_cropped/09_Metas/18/09/20190918090400_00160.jpg,datasets_flow/dataset_cropped/09_Metas/18/09/20190918090400_00160.jpg,datasets_cloudmask/dataset_cropped/09_Metas/18/09/20190918090400_00160.png,382.5,691.9,89.1,23.9,960
9/18/2019 9:05,datasets/dataset_cropped/09_Metas/18/09/20190918090500_00160.jpg,datasets_flow/dataset_cropped/09_Metas/18/09/20190918090500_00160.jpg,datasets_cloudmask/dataset_cropped/09_Metas/18/09/20190918090500_00160.png,385.9,694.3,89.5,24,960
9/18/2019 9:06,datasets/dataset_cropped/09_Metas/18/09/20190918090600_00160.jpg,datasets_flow/dataset_cropped/09_Metas/18/09/20190918090600_00160.jpg,datasets_cloudmask/dataset_cropped/09_Metas/18/09/20190918090600_00160.png,388.8,695.9,89.9,23.9,960
9/18/2019 9:07,datasets/dataset_cropped/09_Metas/18/09/20190918090700_00160.jpg,datasets_flow/dataset_cropped/09_Metas/18/09/20190918090700_00160.jpg,datasets_cloudmask/dataset_cropped/09_Metas/18/09/20190918090700_00160.png,391.7,697.3,90,24,960
9/18/2019 9:08,datasets/dataset_cropped/09_Metas/18/09/20190918090800_00160.jpg,datasets_flow/dataset_cropped/09_Metas/18/09/20190918090800_00160.jpg,datasets_cloudmask/dataset_cropped/09_Metas/18/09/20190918090800_00160.png,395,699.9,90.1,23.9,960
9/18/2019 9:09,datasets/dataset_cropped/09_Metas/18/09/20190918090900_00160.jpg,datasets_flow/dataset_cropped/09_Metas/18/09/20190918090900_00160.jpg,datasets_cloudmask/dataset_cropped/09_Metas/18/09/20190918090900_00160.png,398.3,702.3,90.4,23.9,960
9/18/2019 9:10,datasets/dataset_cropped/09_Metas/18/09/20190918091000_00160.jpg,datasets_flow/dataset_cropped/09_Metas/18/09/20190918091000_00160.jpg,datasets_cloudmask/dataset_cropped/09_Metas/18/09/20190918091000_00160.png,402.1,705.2,90.9,23.9,960
9/18/2019 9:11,datasets/dataset_cropped/09_Metas/18/09/20190918091100_00160.jpg,datasets_flow/dataset_cropped/09_Metas/18/09/20190918091100_00160.jpg,datasets_cloudmask/dataset_cropped/09_Metas/18/09/20190918091100_00160.png,406.6,709.5,91.3,23.9,960
9/18/2019 9:12,datasets/dataset_cropped/09_Metas/18/09/20190918091200_00160.jpg,datasets_flow/dataset_cropped/09_Metas/18/09/20190918091200_00160.jpg,datasets_cloudmask/dataset_cropped/09_Metas/18/09/20190918091200_00160.png,410.6,713,91.6,24,960
9/18/2019 9:13,datasets/dataset_cropped/09_Metas/18/09/20190918091300_00160.jpg,datasets_flow/dataset_cropped/09_Metas/18/09/20190918091300_00160.jpg,datasets_cloudmask/dataset_cropped/09_Metas/18/09/20190918091300_00160.png,413,714.1,91.9,24.3,960
9/18/2019 9:14,datasets/dataset_cropped/09_Metas/18/09/20190918091400_00160.jpg,datasets_flow/dataset_cropped/09_Metas/18/09/20190918091400_00160.jpg,datasets_cloudmask/dataset_cropped/09_Metas/18/09/20190918091400_00160.png,416.9,718.1,92.1,24.6,960
9/18/2019 9:15,datasets/dataset_cropped/09_Metas/18/09/20190918091500_00160.jpg,datasets_flow/dataset_cropped/09_Metas/18/09/20190918091500_00160.jpg,datasets_cloudmask/dataset_cropped/09_Metas/18/09/20190918091500_00160.png,420.3,720.6,92.2,24.7,960
9/18/2019 9:16,datasets/dataset_cropped/09_Metas/18/09/20190918091600_00160.jpg,datasets_flow/dataset_cropped/09_Metas/18/09/20190918091600_00160.jpg,datasets_cloudmask/dataset_cropped/09_Metas/18/09/20190918091600_00160.png,422.7,720.9,92.6,24.8,960
9/18/2019 9:17,datasets/dataset_cropped/09_Metas/18/09/20190918091700_00160.jpg,datasets_flow/dataset_cropped/09_Metas/18/09/20190918091700_00160.jpg,datasets_cloudmask/dataset_cropped/09_Metas/18/09/20190918091700_00160.png,426.3,723.8,92.9,24.9,960
9/18/2019 9:18,datasets/dataset_cropped/09_Metas/18/09/20190918091800_00160.jpg,datasets_flow/dataset_cropped/09_Metas/18/09/20190918091800_00160.jpg,datasets_cloudmask/dataset_cropped/09_Metas/18/09/20190918091800_00160.png,429.7,726.1,93.1,25.1,960
9/18/2019 9:19,datasets/dataset_cropped/09_Metas/18/09/20190918091900_00160.jpg,datasets_flow/dataset_cropped/09_Metas/18/09/20190918091900_00160.jpg,datasets_cloudmask/dataset_cropped/09_Metas/18/09/20190918091900_00160.png,432.1,726.2,93.3,25.3,960
9/18/2019 9:20,datasets/dataset_cropped/09_Metas/18/09/20190918092000_00160.jpg,datasets_flow/dataset_cropped/09_Metas/18/09/20190918092000_00160.jpg,datasets_cloudmask/dataset_cropped/09_Metas/18/09/20190918092000_00160.png,434.7,726.2,93.6,25.5,960
9/18/2019 9:21,datasets/dataset_cropped/09_Metas/18/09/20190918092100_00160.jpg,datasets_flow/dataset_cropped/09_Metas/18/09/20190918092100_00160.jpg,datasets_cloudmask/dataset_cropped/09_Metas/18/09/20190918092100_00160.png,437.3,726.4,94,25.5,960
9/18/2019 9:22,datasets/dataset_cropped/09_Metas/18/09/20190918092200_00160.jpg,datasets_flow/dataset_cropped/09_Metas/18/09/20190918092200_00160.jpg,datasets_cloudmask/dataset_cropped/09_Metas/18/09/20190918092200_00160.png,440.7,728,95,25.4,960
9/18/2019 9:23,datasets/dataset_cropped/09_Metas/18/09/20190918092300_00160.jpg,datasets_flow/dataset_cropped/09_Metas/18/09/20190918092300_00160.jpg,datasets_cloudmask/dataset_cropped/09_Metas/18/09/20190918092300_00160.png,443.9,729.5,95.4,25.1,960
9/18/2019 9:24,datasets/dataset_cropped/09_Metas/18/09/20190918092400_00160.jpg,datasets_flow/dataset_cropped/09_Metas/18/09/20190918092400_00160.jpg,datasets_cloudmask/dataset_cropped/09_Metas/18/09/20190918092400_00160.png,447,730.6,95.2,25.1,960
9/18/2019 9:25,datasets/dataset_cropped/09_Metas/18/09/20190918092500_00160.jpg,datasets_flow/dataset_cropped/09_Metas/18/09/20190918092500_00160.jpg,datasets_cloudmask/dataset_cropped/09_Metas/18/09/20190918092500_00160.png,450.3,732,95.7,24.8,960
9/18/2019 9:26,datasets/dataset_cropped/09_Metas/18/09/20190918092600_00160.jpg,datasets_flow/dataset_cropped/09_Metas/18/09/20190918092600_00160.jpg,datasets_cloudmask/dataset_cropped/09_Metas/18/09/20190918092600_00160.png,453.9,734.4,96,24.7,960
9/18/2019 9:27,datasets/dataset_cropped/09_Metas/18/09/20190918092700_00160.jpg,datasets_flow/dataset_cropped/09_Metas/18/09/20190918092700_00160.jpg,datasets_cloudmask/dataset_cropped/09_Metas/18/09/20190918092700_00160.png,456.9,735.6,95.9,24.6,960
9/18/2019 9:28,datasets/dataset_cropped/09_Metas/18/09/20190918092800_00160.jpg,datasets_flow/dataset_cropped/09_Metas/18/09/20190918092800_00160.jpg,datasets_cloudmask/dataset_cropped/09_Metas/18/09/20190918092800_00160.png,459.3,736.1,96,24.5,960
9/18/2019 9:29,datasets/dataset_cropped/09_Metas/18/09/20190918092900_00160.jpg,datasets_flow/dataset_cropped/09_Metas/18/09/20190918092900_00160.jpg,datasets_cloudmask/dataset_cropped/09_Metas/18/09/20190918092900_00160.png,462,736.9,96.5,24.5,960
9/18/2019 9:30,datasets/dataset_cropped/09_Metas/18/09/20190918093000_00160.jpg,datasets_flow/dataset_cropped/09_Metas/18/09/20190918093000_00160.jpg,datasets_cloudmask/dataset_cropped/09_Metas/18/09/20190918093000_00160.png,464.8,737.5,96.9,24.6,960
9/18/2019 9:31,datasets/dataset_cropped/09_Metas/18/09/20190918093100_00160.jpg,datasets_flow/dataset_cropped/09_Metas/18/09/20190918093100_00160.jpg,datasets_cloudmask/dataset_cropped/09_Metas/18/09/20190918093100_00160.png,468.2,739.8,97.2,24.8,960
9/18/2019 9:32,datasets/dataset_cropped/09_Metas/18/09/20190918093200_00160.jpg,datasets_flow/dataset_cropped/09_Metas/18/09/20190918093200_00160.jpg,datasets_cloudmask/dataset_cropped/09_Metas/18/09/20190918093200_00160.png,470.8,739.9,97.7,25,960
9/18/2019 9:33,datasets/dataset_cropped/09_Metas/18/09/20190918093300_00160.jpg,datasets_flow/dataset_cropped/09_Metas/18/09/20190918093300_00160.jpg,datasets_cloudmask/dataset_cropped/09_Metas/18/09/20190918093300_00160.png,473.7,740.7,97.9,25.2,960
9/18/2019 9:34,datasets/dataset_cropped/09_Metas/18/09/20190918093400_00160.jpg,datasets_flow/dataset_cropped/09_Metas/18/09/20190918093400_00160.jpg,datasets_cloudmask/dataset_cropped/09_Metas/18/09/20190918093400_00160.png,477.1,742.2,98.5,25.3,960
9/18/2019 9:35,datasets/dataset_cropped/09_Metas/18/09/20190918093500_00160.jpg,datasets_flow/dataset_cropped/09_Metas/18/09/20190918093500_00160.jpg,datasets_cloudmask/dataset_cropped/09_Metas/18/09/20190918093500_00160.png,480.4,744,98.9,25.4,960
9/18/2019 9:36,datasets/dataset_cropped/09_Metas/18/09/20190918093600_00160.jpg,datasets_flow/dataset_cropped/09_Metas/18/09/20190918093600_00160.jpg,datasets_cloudmask/dataset_cropped/09_Metas/18/09/20190918093600_00160.png,482.8,743.7,99.2,25.6,960
9/18/2019 9:37,datasets/dataset_cropped/09_Metas/18/09/20190918093700_00160.jpg,datasets_flow/dataset_cropped/09_Metas/18/09/20190918093700_00160.jpg,datasets_cloudmask/dataset_cropped/09_Metas/18/09/20190918093700_00160.png,485.1,743.6,99.7,25.5,960
9/18/2019 9:38,datasets/dataset_cropped/09_Metas/18/09/20190918093800_00160.jpg,datasets_flow/dataset_cropped/09_Metas/18/09/20190918093800_00160.jpg,datasets_cloudmask/dataset_cropped/09_Metas/18/09/20190918093800_00160.png,489.4,747.5,100,25.3,960
9/18/2019 9:39,datasets/dataset_cropped/09_Metas/18/09/20190918093900_00160.jpg,datasets_flow/dataset_cropped/09_Metas/18/09/20190918093900_00160.jpg,datasets_cloudmask/dataset_cropped/09_Metas/18/09/20190918093900_00160.png,492.1,749.4,99.9,25.4,960
9/18/2019 9:40,datasets/dataset_cropped/09_Metas/18/09/20190918094000_00160.jpg,datasets_flow/dataset_cropped/09_Metas/18/09/20190918094000_00160.jpg,datasets_cloudmask/dataset_cropped/09_Metas/18/09/20190918094000_00160.png,496.5,753.2,100.1,25.5,960
9/18/2019 9:41,datasets/dataset_cropped/09_Metas/18/09/20190918094100_00160.jpg,datasets_flow/dataset_cropped/09_Metas/18/09/20190918094100_00160.jpg,datasets_cloudmask/dataset_cropped/09_Metas/18/09/20190918094100_00160.png,500.4,756.8,100.1,25.6,960
9/18/2019 9:42,datasets/dataset_cropped/09_Metas/18/09/20190918094200_00160.jpg,datasets_flow/dataset_cropped/09_Metas/18/09/20190918094200_00160.jpg,datasets_cloudmask/dataset_cropped/09_Metas/18/09/20190918094200_00160.png,503.9,758.3,100.4,25.6,960
9/18/2019 9:43,datasets/dataset_cropped/09_Metas/18/09/20190918094300_00160.jpg,datasets_flow/dataset_cropped/09_Metas/18/09/20190918094300_00160.jpg,datasets_cloudmask/dataset_cropped/09_Metas/18/09/20190918094300_00160.png,506.4,758.4,100.5,25.7,960
9/18/2019 9:44,datasets/dataset_cropped/09_Metas/18/09/20190918094400_00160.jpg,datasets_flow/dataset_cropped/09_Metas/18/09/20190918094400_00160.jpg,datasets_cloudmask/dataset_cropped/09_Metas/18/09/20190918094400_00160.png,509.2,759.4,100.8,25.6,960
9/18/2019 9:45,datasets/dataset_cropped/09_Metas/18/09/20190918094500_00160.jpg,datasets_flow/dataset_cropped/09_Metas/18/09/20190918094500_00160.jpg,datasets_cloudmask/dataset_cropped/09_Metas/18/09/20190918094500_00160.png,512.3,760.4,101.7,25.6,960
9/18/2019 9:46,datasets/dataset_cropped/09_Metas/18/09/20190918094600_00160.jpg,datasets_flow/dataset_cropped/09_Metas/18/09/20190918094600_00160.jpg,datasets_cloudmask/dataset_cropped/09_Metas/18/09/20190918094600_00160.png,515.9,762.7,102.1,25.6,960
9/18/2019 9:47,datasets/dataset_cropped/09_Metas/18/09/20190918094700_00160.jpg,datasets_flow/dataset_cropped/09_Metas/18/09/20190918094700_00160.jpg,datasets_cloudmask/dataset_cropped/09_Metas/18/09/20190918094700_00160.png,520.1,766.4,102.1,25.6,960
9/18/2019 9:48,datasets/dataset_cropped/09_Metas/18/09/20190918094800_00160.jpg,datasets_flow/dataset_cropped/09_Metas/18/09/20190918094800_00160.jpg,datasets_cloudmask/dataset_cropped/09_Metas/18/09/20190918094800_00160.png,523.4,768,102.5,25.6,960
9/18/2019 9:49,datasets/dataset_cropped/09_Metas/18/09/20190918094900_00160.jpg,datasets_flow/dataset_cropped/09_Metas/18/09/20190918094900_00160.jpg,datasets_cloudmask/dataset_cropped/09_Metas/18/09/20190918094900_00160.png,525.6,768.6,102.6,25.7,960
9/18/2019 9:50,datasets/dataset_cropped/09_Metas/18/09/20190918095000_00160.jpg,datasets_flow/dataset_cropped/09_Metas/18/09/20190918095000_00160.jpg,datasets_cloudmask/dataset_cropped/09_Metas/18/09/20190918095000_00160.png,528.8,770.6,102.8,25.8,960
9/18/2019 9:51,datasets/dataset_cropped/09_Metas/18/09/20190918095100_00160.jpg,datasets_flow/dataset_cropped/09_Metas/18/09/20190918095100_00160.jpg,datasets_cloudmask/dataset_cropped/09_Metas/18/09/20190918095100_00160.png,531.7,771.8,102.7,25.8,960
9/18/2019 9:52,datasets/dataset_cropped/09_Metas/18/09/20190918095200_00160.jpg,datasets_flow/dataset_cropped/09_Metas/18/09/20190918095200_00160.jpg,datasets_cloudmask/dataset_cropped/09_Metas/18/09/20190918095200_00160.png,534.9,773.3,102.9,25.7,960
9/18/2019 9:53,datasets/dataset_cropped/09_Metas/18/09/20190918095300_00160.jpg,datasets_flow/dataset_cropped/09_Metas/18/09/20190918095300_00160.jpg,datasets_cloudmask/dataset_cropped/09_Metas/18/09/20190918095300_00160.png,538.3,774.4,103.4,25.7,961
9/18/2019 9:54,datasets/dataset_cropped/09_Metas/18/09/20190918095400_00160.jpg,datasets_flow/dataset_cropped/09_Metas/18/09/20190918095400_00160.jpg,datasets_cloudmask/dataset_cropped/09_Metas/18/09/20190918095400_00160.png,540.8,774.9,103.9,25.9,960
9/18/2019 9:55,datasets/dataset_cropped/09_Metas/18/09/20190918095500_00160.jpg,datasets_flow/dataset_cropped/09_Metas/18/09/20190918095500_00160.jpg,datasets_cloudmask/dataset_cropped/09_Metas/18/09/20190918095500_00160.png,544.2,777.4,103.7,26.3,960
9/18/2019 9:56,datasets/dataset_cropped/09_Metas/18/09/20190918095600_00160.jpg,datasets_flow/dataset_cropped/09_Metas/18/09/20190918095600_00160.jpg,datasets_cloudmask/dataset_cropped/09_Metas/18/09/20190918095600_00160.png,547.6,778.4,103.6,26.2,960
9/18/2019 9:57,datasets/dataset_cropped/09_Metas/18/09/20190918095700_00160.jpg,datasets_flow/dataset_cropped/09_Metas/18/09/20190918095700_00160.jpg,datasets_cloudmask/dataset_cropped/09_Metas/18/09/20190918095700_00160.png,550,779.5,104.3,26.1,960
9/18/2019 9:58,datasets/dataset_cropped/09_Metas/18/09/20190918095800_00160.jpg,datasets_flow/dataset_cropped/09_Metas/18/09/20190918095800_00160.jpg,datasets_cloudmask/dataset_cropped/09_Metas/18/09/20190918095800_00160.png,553.7,780.5,105.1,26.2,960
9/18/2019 9:59,datasets/dataset_cropped/09_Metas/18/09/20190918095900_00160.jpg,datasets_flow/dataset_cropped/09_Metas/18/09/20190918095900_00160.jpg,datasets_cloudmask/dataset_cropped/09_Metas/18/09/20190918095900_00160.png,558.1,782.8,105.8,26.1,960
9/18/2019 10:00,datasets/dataset_cropped/09_Metas/18/10/20190918100000_00160.jpg,datasets_flow/dataset_cropped/09_Metas/18/10/20190918100000_00160.jpg,datasets_cloudmask/dataset_cropped/09_Metas/18/10/20190918100000_00160.png,561.6,784.5,106.3,25.8,960
9/18/2019 10:01,datasets/dataset_cropped/09_Metas/18/10/20190918100100_00160.jpg,datasets_flow/dataset_cropped/09_Metas/18/10/20190918100100_00160.jpg,datasets_cloudmask/dataset_cropped/09_Metas/18/10/20190918100100_00160.png,564.7,784.7,107,25.5,960
9/18/2019 10:02,datasets/dataset_cropped/09_Metas/18/10/20190918100200_00160.jpg,datasets_flow/dataset_cropped/09_Metas/18/10/20190918100200_00160.jpg,datasets_cloudmask/dataset_cropped/09_Metas/18/10/20190918100200_00160.png,568.3,785.9,107.9,25.4,960
9/18/2019 10:03,datasets/dataset_cropped/09_Metas/18/10/20190918100300_00160.jpg,datasets_flow/dataset_cropped/09_Metas/18/10/20190918100300_00160.jpg,datasets_cloudmask/dataset_cropped/09_Metas/18/10/20190918100300_00160.png,570.4,785.2,108.8,25.3,960
9/18/2019 10:04,datasets/dataset_cropped/09_Metas/18/10/20190918100400_00160.jpg,datasets_flow/dataset_cropped/09_Metas/18/10/20190918100400_00160.jpg,datasets_cloudmask/dataset_cropped/09_Metas/18/10/20190918100400_00160.png,574.2,787.2,109.3,25.5,960
9/18/2019 10:05,datasets/dataset_cropped/09_Metas/18/10/20190918100500_00160.jpg,datasets_flow/dataset_cropped/09_Metas/18/10/20190918100500_00160.jpg,datasets_cloudmask/dataset_cropped/09_Metas/18/10/20190918100500_00160.png,577.1,787.2,109.9,25.6,960
9/18/2019 10:06,datasets/dataset_cropped/09_Metas/18/10/20190918100600_00160.jpg,datasets_flow/dataset_cropped/09_Metas/18/10/20190918100600_00160.jpg,datasets_cloudmask/dataset_cropped/09_Metas/18/10/20190918100600_00160.png,580.1,788.4,110.4,25.7,960
9/18/2019 10:07,datasets/dataset_cropped/09_Metas/18/10/20190918100700_00160.jpg,datasets_flow/dataset_cropped/09_Metas/18/10/20190918100700_00160.jpg,datasets_cloudmask/dataset_cropped/09_Metas/18/10/20190918100700_00160.png,583.3,790.1,110.6,25.7,960
9/18/2019 10:08,datasets/dataset_cropped/09_Metas/18/10/20190918100800_00160.jpg,datasets_flow/dataset_cropped/09_Metas/18/10/20190918100800_00160.jpg,datasets_cloudmask/dataset_cropped/09_Metas/18/10/20190918100800_00160.png,586,791.2,110.9,25.7,960
9/18/2019 10:09,datasets/dataset_cropped/09_Metas/18/10/20190918100900_00160.jpg,datasets_flow/dataset_cropped/09_Metas/18/10/20190918100900_00160.jpg,datasets_cloudmask/dataset_cropped/09_Metas/18/10/20190918100900_00160.png,589.4,792.4,111.4,25.8,960
9/18/2019 10:10,datasets/dataset_cropped/09_Metas/18/10/20190918101000_00160.jpg,datasets_flow/dataset_cropped/09_Metas/18/10/20190918101000_00160.jpg,datasets_cloudmask/dataset_cropped/09_Metas/18/10/20190918101000_00160.png,593.1,794.2,112.2,25.7,961
9/18/2019 10:11,datasets/dataset_cropped/09_Metas/18/10/20190918101100_00160.jpg,datasets_flow/dataset_cropped/09_Metas/18/10/20190918101100_00160.jpg,datasets_cloudmask/dataset_cropped/09_Metas/18/10/20190918101100_00160.png,597.9,797.2,113.1,25.7,960
9/18/2019 10:12,datasets/dataset_cropped/09_Metas/18/10/20190918101200_00160.jpg,datasets_flow/dataset_cropped/09_Metas/18/10/20190918101200_00160.jpg,datasets_cloudmask/dataset_cropped/09_Metas/18/10/20190918101200_00160.png,602.3,799.5,114.2,25.6,960
9/18/2019 10:13,datasets/dataset_cropped/09_Metas/18/10/20190918101300_00160.jpg,datasets_flow/dataset_cropped/09_Metas/18/10/20190918101300_00160.jpg,datasets_cloudmask/dataset_cropped/09_Metas/18/10/20190918101300_00160.png,607.8,802,115.9,25.7,960
9/18/2019 10:14,datasets/dataset_cropped/09_Metas/18/10/20190918101400_00160.jpg,datasets_flow/dataset_cropped/09_Metas/18/10/20190918101400_00160.jpg,datasets_cloudmask/dataset_cropped/09_Metas/18/10/20190918101400_00160.png,611.9,803,118,25.8,960
9/18/2019 10:15,datasets/dataset_cropped/09_Metas/18/10/20190918101500_00160.jpg,datasets_flow/dataset_cropped/09_Metas/18/10/20190918101500_00160.jpg,datasets_cloudmask/dataset_cropped/09_Metas/18/10/20190918101500_00160.png,615.2,801,119.8,26,960
9/18/2019 10:16,datasets/dataset_cropped/09_Metas/18/10/20190918101600_00160.jpg,datasets_flow/dataset_cropped/09_Metas/18/10/20190918101600_00160.jpg,datasets_cloudmask/dataset_cropped/09_Metas/18/10/20190918101600_00160.png,620.7,803,121.9,26.1,960
9/18/2019 10:17,datasets/dataset_cropped/09_Metas/18/10/20190918101700_00160.jpg,datasets_flow/dataset_cropped/09_Metas/18/10/20190918101700_00160.jpg,datasets_cloudmask/dataset_cropped/09_Metas/18/10/20190918101700_00160.png,598.2,761.5,123.8,26.1,960
9/18/2019 10:18,datasets/dataset_cropped/09_Metas/18/10/20190918101800_00160.jpg,datasets_flow/dataset_cropped/09_Metas/18/10/20190918101800_00160.jpg,datasets_cloudmask/dataset_cropped/09_Metas/18/10/20190918101800_00160.png,601.6,758.4,127.1,25.9,960
9/18/2019 10:19,datasets/dataset_cropped/09_Metas/18/10/20190918101900_00160.jpg,datasets_flow/dataset_cropped/09_Metas/18/10/20190918101900_00160.jpg,datasets_cloudmask/dataset_cropped/09_Metas/18/10/20190918101900_00160.png,583,716.8,131.1,25.8,960
9/18/2019 10:20,datasets/dataset_cropped/09_Metas/18/10/20190918102000_00160.jpg,datasets_flow/dataset_cropped/09_Metas/18/10/20190918102000_00160.jpg,datasets_cloudmask/dataset_cropped/09_Metas/18/10/20190918102000_00160.png,643.1,806,134.9,25.8,960
9/18/2019 10:21,datasets/dataset_cropped/09_Metas/18/10/20190918102100_00160.jpg,datasets_flow/dataset_cropped/09_Metas/18/10/20190918102100_00160.jpg,datasets_cloudmask/dataset_cropped/09_Metas/18/10/20190918102100_00160.png,647.3,805,138.5,26.1,960
9/18/2019 10:22,datasets/dataset_cropped/09_Metas/18/10/20190918102200_00160.jpg,datasets_flow/dataset_cropped/09_Metas/18/10/20190918102200_00160.jpg,datasets_cloudmask/dataset_cropped/09_Metas/18/10/20190918102200_00160.png,404.9,427.7,132.8,26.3,960
9/18/2019 10:23,datasets/dataset_cropped/09_Metas/18/10/20190918102300_00160.jpg,datasets_flow/dataset_cropped/09_Metas/18/10/20190918102300_00160.jpg,datasets_cloudmask/dataset_cropped/09_Metas/18/10/20190918102300_00160.png,598,720.2,139.4,26.2,960
9/18/2019 10:24,datasets/dataset_cropped/09_Metas/18/10/20190918102400_00160.jpg,datasets_flow/dataset_cropped/09_Metas/18/10/20190918102400_00160.jpg,datasets_cloudmask/dataset_cropped/09_Metas/18/10/20190918102400_00160.png,614.9,747,138.4,26.2,960
9/18/2019 10:25,datasets/dataset_cropped/09_Metas/18/10/20190918102500_00160.jpg,datasets_flow/dataset_cropped/09_Metas/18/10/20190918102500_00160.jpg,datasets_cloudmask/dataset_cropped/09_Metas/18/10/20190918102500_00160.png,504.5,566.2,139.2,26.1,960
9/18/2019 10:26,datasets/dataset_cropped/09_Metas/18/10/20190918102600_00160.jpg,datasets_flow/dataset_cropped/09_Metas/18/10/20190918102600_00160.jpg,datasets_cloudmask/dataset_cropped/09_Metas/18/10/20190918102600_00160.png,667.4,813,145.1,26.2,960
9/18/2019 10:27,datasets/dataset_cropped/09_Metas/18/10/20190918102700_00160.jpg,datasets_flow/dataset_cropped/09_Metas/18/10/20190918102700_00160.jpg,datasets_cloudmask/dataset_cropped/09_Metas/18/10/20190918102700_00160.png,634.4,757.1,146.8,26.5,960
9/18/2019 10:28,datasets/dataset_cropped/09_Metas/18/10/20190918102800_00160.jpg,datasets_flow/dataset_cropped/09_Metas/18/10/20190918102800_00160.jpg,datasets_cloudmask/dataset_cropped/09_Metas/18/10/20190918102800_00160.png,681,815,153.7,26.6,960
9/18/2019 10:29,datasets/dataset_cropped/09_Metas/18/10/20190918102900_00160.jpg,datasets_flow/dataset_cropped/09_Metas/18/10/20190918102900_00160.jpg,datasets_cloudmask/dataset_cropped/09_Metas/18/10/20190918102900_00160.png,688.2,819,156.6,26.3,960
9/18/2019 10:30,datasets/dataset_cropped/09_Metas/18/10/20190918103000_00160.jpg,datasets_flow/dataset_cropped/09_Metas/18/10/20190918103000_00160.jpg,datasets_cloudmask/dataset_cropped/09_Metas/18/10/20190918103000_00160.png,501.4,527.1,155,26.1,960
9/18/2019 10:31,datasets/dataset_cropped/09_Metas/18/10/20190918103100_00160.jpg,datasets_flow/dataset_cropped/09_Metas/18/10/20190918103100_00160.jpg,datasets_cloudmask/dataset_cropped/09_Metas/18/10/20190918103100_00160.png,481.6,493.2,157.2,25.9,960
9/18/2019 10:32,datasets/dataset_cropped/09_Metas/18/10/20190918103200_00160.jpg,datasets_flow/dataset_cropped/09_Metas/18/10/20190918103200_00160.jpg,datasets_cloudmask/dataset_cropped/09_Metas/18/10/20190918103200_00160.png,619.3,706.6,154.3,25.7,960
9/18/2019 10:33,datasets/dataset_cropped/09_Metas/18/10/20190918103300_00160.jpg,datasets_flow/dataset_cropped/09_Metas/18/10/20190918103300_00160.jpg,datasets_cloudmask/dataset_cropped/09_Metas/18/10/20190918103300_00160.png,608.2,684.8,154.7,25.7,960
9/18/2019 10:34,datasets/dataset_cropped/09_Metas/18/10/20190918103400_00160.jpg,datasets_flow/dataset_cropped/09_Metas/18/10/20190918103400_00160.jpg,datasets_cloudmask/dataset_cropped/09_Metas/18/10/20190918103400_00160.png,663.3,765,156.7,25.6,960
9/18/2019 10:35,datasets/dataset_cropped/09_Metas/18/10/20190918103500_00160.jpg,datasets_flow/dataset_cropped/09_Metas/18/10/20190918103500_00160.jpg,datasets_cloudmask/dataset_cropped/09_Metas/18/10/20190918103500_00160.png,702.6,816,160.7,25.8,960
9/18/2019 10:36,datasets/dataset_cropped/09_Metas/18/10/20190918103600_00160.jpg,datasets_flow/dataset_cropped/09_Metas/18/10/20190918103600_00160.jpg,datasets_cloudmask/dataset_cropped/09_Metas/18/10/20190918103600_00160.png,636,714.4,158.9,25.9,960
9/18/2019 10:37,datasets/dataset_cropped/09_Metas/18/10/20190918103700_00160.jpg,datasets_flow/dataset_cropped/09_Metas/18/10/20190918103700_00160.jpg,datasets_cloudmask/dataset_cropped/09_Metas/18/10/20190918103700_00160.png,633.1,706,161.1,26,960
9/18/2019 10:38,datasets/dataset_cropped/09_Metas/18/10/20190918103800_00160.jpg,datasets_flow/dataset_cropped/09_Metas/18/10/20190918103800_00160.jpg,datasets_cloudmask/dataset_cropped/09_Metas/18/10/20190918103800_00160.png,559.4,591.5,161.3,26.1,960
9/18/2019 10:39,datasets/dataset_cropped/09_Metas/18/10/20190918103900_00160.jpg,datasets_flow/dataset_cropped/09_Metas/18/10/20190918103900_00160.jpg,datasets_cloudmask/dataset_cropped/09_Metas/18/10/20190918103900_00160.png,482.7,463.6,165,26.2,960
9/18/2019 10:40,datasets/dataset_cropped/09_Metas/18/10/20190918104000_00160.jpg,datasets_flow/dataset_cropped/09_Metas/18/10/20190918104000_00160.jpg,datasets_cloudmask/dataset_cropped/09_Metas/18/10/20190918104000_00160.png,652.1,712,170.2,26.2,960
9/18/2019 10:41,datasets/dataset_cropped/09_Metas/18/10/20190918104100_00160.jpg,datasets_flow/dataset_cropped/09_Metas/18/10/20190918104100_00160.jpg,datasets_cloudmask/dataset_cropped/09_Metas/18/10/20190918104100_00160.png,720.5,822,163.4,26.1,960
9/18/2019 10:42,datasets/dataset_cropped/09_Metas/18/10/20190918104200_00160.jpg,datasets_flow/dataset_cropped/09_Metas/18/10/20190918104200_00160.jpg,datasets_cloudmask/dataset_cropped/09_Metas/18/10/20190918104200_00160.png,662,739.7,158.7,25.9,960
9/18/2019 10:43,datasets/dataset_cropped/09_Metas/18/10/20190918104300_00160.jpg,datasets_flow/dataset_cropped/09_Metas/18/10/20190918104300_00160.jpg,datasets_cloudmask/dataset_cropped/09_Metas/18/10/20190918104300_00160.png,705.9,803,156.7,25.8,960
9/18/2019 10:44,datasets/dataset_cropped/09_Metas/18/10/20190918104400_00160.jpg,datasets_flow/dataset_cropped/09_Metas/18/10/20190918104400_00160.jpg,datasets_cloudmask/dataset_cropped/09_Metas/18/10/20190918104400_00160.png,708.6,808,153.6,25.9,960
9/18/2019 10:45,datasets/dataset_cropped/09_Metas/18/10/20190918104500_00160.jpg,datasets_flow/dataset_cropped/09_Metas/18/10/20190918104500_00160.jpg,datasets_cloudmask/dataset_cropped/09_Metas/18/10/20190918104500_00160.png,627.1,683.4,154.2,25.8,960
9/18/2019 10:46,datasets/dataset_cropped/09_Metas/18/10/20190918104600_00160.jpg,datasets_flow/dataset_cropped/09_Metas/18/10/20190918104600_00160.jpg,datasets_cloudmask/dataset_cropped/09_Metas/18/10/20190918104600_00160.png,661.9,747.7,149.4,25.9,960
9/18/2019 10:47,datasets/dataset_cropped/09_Metas/18/10/20190918104700_00160.jpg,datasets_flow/dataset_cropped/09_Metas/18/10/20190918104700_00160.jpg,datasets_cloudmask/dataset_cropped/09_Metas/18/10/20190918104700_00160.png,713.6,829,143.7,26.1,960
9/18/2019 10:48,datasets/dataset_cropped/09_Metas/18/10/20190918104800_00160.jpg,datasets_flow/dataset_cropped/09_Metas/18/10/20190918104800_00160.jpg,datasets_cloudmask/dataset_cropped/09_Metas/18/10/20190918104800_00160.png,715.5,831,142.8,25.9,960
9/18/2019 10:49,datasets/dataset_cropped/09_Metas/18/10/20190918104900_00160.jpg,datasets_flow/dataset_cropped/09_Metas/18/10/20190918104900_00160.jpg,datasets_cloudmask/dataset_cropped/09_Metas/18/10/20190918104900_00160.png,720.9,832,145.4,25.9,960
9/18/2019 10:50,datasets/dataset_cropped/09_Metas/18/10/20190918105000_00160.jpg,datasets_flow/dataset_cropped/09_Metas/18/10/20190918105000_00160.jpg,datasets_cloudmask/dataset_cropped/09_Metas/18/10/20190918105000_00160.png,727.3,832,149.8,26.2,960
9/18/2019 10:51,datasets/dataset_cropped/09_Metas/18/10/20190918105100_00160.jpg,datasets_flow/dataset_cropped/09_Metas/18/10/20190918105100_00160.jpg,datasets_cloudmask/dataset_cropped/09_Metas/18/10/20190918105100_00160.png,727.7,828,151.1,26.4,960
9/18/2019 10:52,datasets/dataset_cropped/09_Metas/18/10/20190918105200_00160.jpg,datasets_flow/dataset_cropped/09_Metas/18/10/20190918105200_00160.jpg,datasets_cloudmask/dataset_cropped/09_Metas/18/10/20190918105200_00160.png,525,531.2,153.1,26.2,960
9/18/2019 10:53,datasets/dataset_cropped/09_Metas/18/10/20190918105300_00160.jpg,datasets_flow/dataset_cropped/09_Metas/18/10/20190918105300_00160.jpg,datasets_cloudmask/dataset_cropped/09_Metas/18/10/20190918105300_00160.png,644.3,685.2,161.3,26.2,960
9/18/2019 10:54,datasets/dataset_cropped/09_Metas/18/10/20190918105400_00160.jpg,datasets_flow/dataset_cropped/09_Metas/18/10/20190918105400_00160.jpg,datasets_cloudmask/dataset_cropped/09_Metas/18/10/20190918105400_00160.png,683.5,737.1,163.3,26.3,960
9/18/2019 10:55,datasets/dataset_cropped/09_Metas/18/10/20190918105500_00160.jpg,datasets_flow/dataset_cropped/09_Metas/18/10/20190918105500_00160.jpg,datasets_cloudmask/dataset_cropped/09_Metas/18/10/20190918105500_00160.png,732.1,809,161.5,26.2,960
9/18/2019 10:56,datasets/dataset_cropped/09_Metas/18/10/20190918105600_00160.jpg,datasets_flow/dataset_cropped/09_Metas/18/10/20190918105600_00160.jpg,datasets_cloudmask/dataset_cropped/09_Metas/18/10/20190918105600_00160.png,691.8,750.4,162.3,26.3,960
9/18/2019 10:57,datasets/dataset_cropped/09_Metas/18/10/20190918105700_00160.jpg,datasets_flow/dataset_cropped/09_Metas/18/10/20190918105700_00160.jpg,datasets_cloudmask/dataset_cropped/09_Metas/18/10/20190918105700_00160.png,675.8,721.6,162,26.3,961
9/18/2019 10:58,datasets/dataset_cropped/09_Metas/18/10/20190918105800_00160.jpg,datasets_flow/dataset_cropped/09_Metas/18/10/20190918105800_00160.jpg,datasets_cloudmask/dataset_cropped/09_Metas/18/10/20190918105800_00160.png,593.5,602.9,165,26.1,960
9/18/2019 10:59,datasets/dataset_cropped/09_Metas/18/10/20190918105900_00160.jpg,datasets_flow/dataset_cropped/09_Metas/18/10/20190918105900_00160.jpg,datasets_cloudmask/dataset_cropped/09_Metas/18/10/20190918105900_00160.png,617.9,629.7,166.5,26.1,960
9/18/2019 11:00,datasets/dataset_cropped/09_Metas/18/11/20190918110000_00160.jpg,datasets_flow/dataset_cropped/09_Metas/18/11/20190918110000_00160.jpg,datasets_cloudmask/dataset_cropped/09_Metas/18/11/20190918110000_00160.png,709.9,756.7,168.7,26.2,960
9/18/2019 11:01,datasets/dataset_cropped/09_Metas/18/11/20190918110100_00160.jpg,datasets_flow/dataset_cropped/09_Metas/18/11/20190918110100_00160.jpg,datasets_cloudmask/dataset_cropped/09_Metas/18/11/20190918110100_00160.png,716.5,762.9,171.3,26.3,960
9/18/2019 11:02,datasets/dataset_cropped/09_Metas/18/11/20190918110200_00160.jpg,datasets_flow/dataset_cropped/09_Metas/18/11/20190918110200_00160.jpg,datasets_cloudmask/dataset_cropped/09_Metas/18/11/20190918110200_00160.png,653.4,682.3,164.4,26.2,960
9/18/2019 11:03,datasets/dataset_cropped/09_Metas/18/11/20190918110300_00160.jpg,datasets_flow/dataset_cropped/09_Metas/18/11/20190918110300_00160.jpg,datasets_cloudmask/dataset_cropped/09_Metas/18/11/20190918110300_00160.png,742.5,808,159.8,26.3,960
9/18/2019 11:04,datasets/dataset_cropped/09_Metas/18/11/20190918110400_00160.jpg,datasets_flow/dataset_cropped/09_Metas/18/11/20190918110400_00160.jpg,datasets_cloudmask/dataset_cropped/09_Metas/18/11/20190918110400_00160.png,760.2,838,155.3,26.4,960
9/18/2019 11:05,datasets/dataset_cropped/09_Metas/18/11/20190918110500_00160.jpg,datasets_flow/dataset_cropped/09_Metas/18/11/20190918110500_00160.jpg,datasets_cloudmask/dataset_cropped/09_Metas/18/11/20190918110500_00160.png,704.4,755,156.2,26.6,960
9/18/2019 11:06,datasets/dataset_cropped/09_Metas/18/11/20190918110600_00160.jpg,datasets_flow/dataset_cropped/09_Metas/18/11/20190918110600_00160.jpg,datasets_cloudmask/dataset_cropped/09_Metas/18/11/20190918110600_00160.png,754.4,821,158.6,26.8,960
9/18/2019 11:07,datasets/dataset_cropped/09_Metas/18/11/20190918110700_00160.jpg,datasets_flow/dataset_cropped/09_Metas/18/11/20190918110700_00160.jpg,datasets_cloudmask/dataset_cropped/09_Metas/18/11/20190918110700_00160.png,773.8,845,159.5,26.8,960
9/18/2019 11:08,datasets/dataset_cropped/09_Metas/18/11/20190918110800_00160.jpg,datasets_flow/dataset_cropped/09_Metas/18/11/20190918110800_00160.jpg,datasets_cloudmask/dataset_cropped/09_Metas/18/11/20190918110800_00160.png,745.3,804,160.6,26.7,960
9/18/2019 11:09,datasets/dataset_cropped/09_Metas/18/11/20190918110900_00160.jpg,datasets_flow/dataset_cropped/09_Metas/18/11/20190918110900_00160.jpg,datasets_cloudmask/dataset_cropped/09_Metas/18/11/20190918110900_00160.png,747.7,804,162.2,26.6,960
9/18/2019 11:10,datasets/dataset_cropped/09_Metas/18/11/20190918111000_00160.jpg,datasets_flow/dataset_cropped/09_Metas/18/11/20190918111000_00160.jpg,datasets_cloudmask/dataset_cropped/09_Metas/18/11/20190918111000_00160.png,636.9,648.4,164.2,26.7,960
9/18/2019 11:11,datasets/dataset_cropped/09_Metas/18/11/20190918111100_00160.jpg,datasets_flow/dataset_cropped/09_Metas/18/11/20190918111100_00160.jpg,datasets_cloudmask/dataset_cropped/09_Metas/18/11/20190918111100_00160.png,778.2,838,166,26.7,960
9/18/2019 11:12,datasets/dataset_cropped/09_Metas/18/11/20190918111200_00160.jpg,datasets_flow/dataset_cropped/09_Metas/18/11/20190918111200_00160.jpg,datasets_cloudmask/dataset_cropped/09_Metas/18/11/20190918111200_00160.png,751.6,798.7,165.4,26.6,960
9/18/2019 11:13,datasets/dataset_cropped/09_Metas/18/11/20190918111300_00160.jpg,datasets_flow/dataset_cropped/09_Metas/18/11/20190918111300_00160.jpg,datasets_cloudmask/dataset_cropped/09_Metas/18/11/20190918111300_00160.png,776,829,165.7,26.8,960
9/18/2019 11:14,datasets/dataset_cropped/09_Metas/18/11/20190918111400_00160.jpg,datasets_flow/dataset_cropped/09_Metas/18/11/20190918111400_00160.jpg,datasets_cloudmask/dataset_cropped/09_Metas/18/11/20190918111400_00160.png,782.1,832,167.3,27,960
9/18/2019 11:15,datasets/dataset_cropped/09_Metas/18/11/20190918111500_00160.jpg,datasets_flow/dataset_cropped/09_Metas/18/11/20190918111500_00160.jpg,datasets_cloudmask/dataset_cropped/09_Metas/18/11/20190918111500_00160.png,794.3,841,171.5,27.2,960
9/18/2019 11:16,datasets/dataset_cropped/09_Metas/18/11/20190918111600_00160.jpg,datasets_flow/dataset_cropped/09_Metas/18/11/20190918111600_00160.jpg,datasets_cloudmask/dataset_cropped/09_Metas/18/11/20190918111600_00160.png,789.4,825,177.6,27.2,960
9/18/2019 11:17,datasets/dataset_cropped/09_Metas/18/11/20190918111700_00160.jpg,datasets_flow/dataset_cropped/09_Metas/18/11/20190918111700_00160.jpg,datasets_cloudmask/dataset_cropped/09_Metas/18/11/20190918111700_00160.png,808,836,186.6,26.9,960
9/18/2019 11:18,datasets/dataset_cropped/09_Metas/18/11/20190918111800_00160.jpg,datasets_flow/dataset_cropped/09_Metas/18/11/20190918111800_00160.jpg,datasets_cloudmask/dataset_cropped/09_Metas/18/11/20190918111800_00160.png,604.6,560.5,187.4,26.6,960
9/18/2019 11:19,datasets/dataset_cropped/09_Metas/18/11/20190918111900_00160.jpg,datasets_flow/dataset_cropped/09_Metas/18/11/20190918111900_00160.jpg,datasets_cloudmask/dataset_cropped/09_Metas/18/11/20190918111900_00160.png,690,672.4,185.5,26.6,960
9/18/2019 11:20,datasets/dataset_cropped/09_Metas/18/11/20190918112000_00160.jpg,datasets_flow/dataset_cropped/09_Metas/18/11/20190918112000_00160.jpg,datasets_cloudmask/dataset_cropped/09_Metas/18/11/20190918112000_00160.png,805,827,186.4,26.7,960
9/18/2019 11:21,datasets/dataset_cropped/09_Metas/18/11/20190918112100_00160.jpg,datasets_flow/dataset_cropped/09_Metas/18/11/20190918112100_00160.jpg,datasets_cloudmask/dataset_cropped/09_Metas/18/11/20190918112100_00160.png,758.4,750.8,194.4,26.8,960
9/18/2019 11:22,datasets/dataset_cropped/09_Metas/18/11/20190918112200_00160.jpg,datasets_flow/dataset_cropped/09_Metas/18/11/20190918112200_00160.jpg,datasets_cloudmask/dataset_cropped/09_Metas/18/11/20190918112200_00160.png,668,618.6,199.5,26.8,960
9/18/2019 11:23,datasets/dataset_cropped/09_Metas/18/11/20190918112300_00160.jpg,datasets_flow/dataset_cropped/09_Metas/18/11/20190918112300_00160.jpg,datasets_cloudmask/dataset_cropped/09_Metas/18/11/20190918112300_00160.png,789.4,771.3,207.6,26.5,960
9/18/2019 11:24,datasets/dataset_cropped/09_Metas/18/11/20190918112400_00160.jpg,datasets_flow/dataset_cropped/09_Metas/18/11/20190918112400_00160.jpg,datasets_cloudmask/dataset_cropped/09_Metas/18/11/20190918112400_00160.png,649.9,589.8,204.9,26.3,960
9/18/2019 11:25,datasets/dataset_cropped/09_Metas/18/11/20190918112500_00160.jpg,datasets_flow/dataset_cropped/09_Metas/18/11/20190918112500_00160.jpg,datasets_cloudmask/dataset_cropped/09_Metas/18/11/20190918112500_00160.png,578.5,476.9,217.6,26.3,960
9/18/2019 11:26,datasets/dataset_cropped/09_Metas/18/11/20190918112600_00160.jpg,datasets_flow/dataset_cropped/09_Metas/18/11/20190918112600_00160.jpg,datasets_cloudmask/dataset_cropped/09_Metas/18/11/20190918112600_00160.png,737.3,642.8,244.4,26.2,960
9/18/2019 11:27,datasets/dataset_cropped/09_Metas/18/11/20190918112700_00160.jpg,datasets_flow/dataset_cropped/09_Metas/18/11/20190918112700_00160.jpg,datasets_cloudmask/dataset_cropped/09_Metas/18/11/20190918112700_00160.png,683.5,553.5,258.9,26.5,960
9/18/2019 11:28,datasets/dataset_cropped/09_Metas/18/11/20190918112800_00160.jpg,datasets_flow/dataset_cropped/09_Metas/18/11/20190918112800_00160.jpg,datasets_cloudmask/dataset_cropped/09_Metas/18/11/20190918112800_00160.png,681.7,548.4,261.9,26.6,960
9/18/2019 11:29,datasets/dataset_cropped/09_Metas/18/11/20190918112900_00160.jpg,datasets_flow/dataset_cropped/09_Metas/18/11/20190918112900_00160.jpg,datasets_cloudmask/dataset_cropped/09_Metas/18/11/20190918112900_00160.png,712,586.2,263.6,26.5,960
9/18/2019 11:30,datasets/dataset_cropped/09_Metas/18/11/20190918113000_00160.jpg,datasets_flow/dataset_cropped/09_Metas/18/11/20190918113000_00160.jpg,datasets_cloudmask/dataset_cropped/09_Metas/18/11/20190918113000_00160.png,355.8,135.3,248.6,26.4,960
9/18/2019 11:31,datasets/dataset_cropped/09_Metas/18/11/20190918113100_00160.jpg,datasets_flow/dataset_cropped/09_Metas/18/11/20190918113100_00160.jpg,datasets_cloudmask/dataset_cropped/09_Metas/18/11/20190918113100_00160.png,530.8,372,244.8,26.3,960
9/18/2019 11:32,datasets/dataset_cropped/09_Metas/18/11/20190918113200_00160.jpg,datasets_flow/dataset_cropped/09_Metas/18/11/20190918113200_00160.jpg,datasets_cloudmask/dataset_cropped/09_Metas/18/11/20190918113200_00160.png,515.4,362.9,235.5,26.3,960
9/18/2019 11:33,datasets/dataset_cropped/09_Metas/18/11/20190918113300_00160.jpg,datasets_flow/dataset_cropped/09_Metas/18/11/20190918113300_00160.jpg,datasets_cloudmask/dataset_cropped/09_Metas/18/11/20190918113300_00160.png,852,801,237.8,26.5,960
9/18/2019 11:34,datasets/dataset_cropped/09_Metas/18/11/20190918113400_00160.jpg,datasets_flow/dataset_cropped/09_Metas/18/11/20190918113400_00160.jpg,datasets_cloudmask/dataset_cropped/09_Metas/18/11/20190918113400_00160.png,715.4,624.3,231.2,26.4,960
9/18/2019 11:35,datasets/dataset_cropped/09_Metas/18/11/20190918113500_00160.jpg,datasets_flow/dataset_cropped/09_Metas/18/11/20190918113500_00160.jpg,datasets_cloudmask/dataset_cropped/09_Metas/18/11/20190918113500_00160.png,691.1,608.4,223.8,26.7,960
9/18/2019 11:36,datasets/dataset_cropped/09_Metas/18/11/20190918113600_00160.jpg,datasets_flow/dataset_cropped/09_Metas/18/11/20190918113600_00160.jpg,datasets_cloudmask/dataset_cropped/09_Metas/18/11/20190918113600_00160.png,280.7,92.1,207.2,26.9,960
9/18/2019 11:37,datasets/dataset_cropped/09_Metas/18/11/20190918113700_00160.jpg,datasets_flow/dataset_cropped/09_Metas/18/11/20190918113700_00160.jpg,datasets_cloudmask/dataset_cropped/09_Metas/18/11/20190918113700_00160.png,499,366.5,210.7,27.2,960
9/18/2019 11:38,datasets/dataset_cropped/09_Metas/18/11/20190918113800_00160.jpg,datasets_flow/dataset_cropped/09_Metas/18/11/20190918113800_00160.jpg,datasets_cloudmask/dataset_cropped/09_Metas/18/11/20190918113800_00160.png,698.1,623.6,216.9,27.2,960
9/18/2019 11:39,datasets/dataset_cropped/09_Metas/18/11/20190918113900_00160.jpg,datasets_flow/dataset_cropped/09_Metas/18/11/20190918113900_00160.jpg,datasets_cloudmask/dataset_cropped/09_Metas/18/11/20190918113900_00160.png,847,817,214.2,27,960
9/18/2019 11:40,datasets/dataset_cropped/09_Metas/18/11/20190918114000_00160.jpg,datasets_flow/dataset_cropped/09_Metas/18/11/20190918114000_00160.jpg,datasets_cloudmask/dataset_cropped/09_Metas/18/11/20190918114000_00160.png,859,844,205.7,26.9,960
9/18/2019 11:41,datasets/dataset_cropped/09_Metas/18/11/20190918114100_00160.jpg,datasets_flow/dataset_cropped/09_Metas/18/11/20190918114100_00160.jpg,datasets_cloudmask/dataset_cropped/09_Metas/18/11/20190918114100_00160.png,710.2,645.9,207.6,26.9,960
9/18/2019 11:42,datasets/dataset_cropped/09_Metas/18/11/20190918114200_00160.jpg,datasets_flow/dataset_cropped/09_Metas/18/11/20190918114200_00160.jpg,datasets_cloudmask/dataset_cropped/09_Metas/18/11/20190918114200_00160.png,848,807,219.6,26.8,960
9/18/2019 11:43,datasets/dataset_cropped/09_Metas/18/11/20190918114300_00160.jpg,datasets_flow/dataset_cropped/09_Metas/18/11/20190918114300_00160.jpg,datasets_cloudmask/dataset_cropped/09_Metas/18/11/20190918114300_00160.png,688.5,600.7,218.3,26.8,960
9/18/2019 11:44,datasets/dataset_cropped/09_Metas/18/11/20190918114400_00160.jpg,datasets_flow/dataset_cropped/09_Metas/18/11/20190918114400_00160.jpg,datasets_cloudmask/dataset_cropped/09_Metas/18/11/20190918114400_00160.png,723.7,648.3,213.4,26.8,960
9/18/2019 11:45,datasets/dataset_cropped/09_Metas/18/11/20190918114500_00160.jpg,datasets_flow/dataset_cropped/09_Metas/18/11/20190918114500_00160.jpg,datasets_cloudmask/dataset_cropped/09_Metas/18/11/20190918114500_00160.png,705.1,637,207.9,26.9,960
9/18/2019 11:46,datasets/dataset_cropped/09_Metas/18/11/20190918114600_00160.jpg,datasets_flow/dataset_cropped/09_Metas/18/11/20190918114600_00160.jpg,datasets_cloudmask/dataset_cropped/09_Metas/18/11/20190918114600_00160.png,862,836,209,26.9,960
9/18/2019 11:47,datasets/dataset_cropped/09_Metas/18/11/20190918114700_00160.jpg,datasets_flow/dataset_cropped/09_Metas/18/11/20190918114700_00160.jpg,datasets_cloudmask/dataset_cropped/09_Metas/18/11/20190918114700_00160.png,815,775.3,208.2,26.9,960
9/18/2019 11:48,datasets/dataset_cropped/09_Metas/18/11/20190918114800_00160.jpg,datasets_flow/dataset_cropped/09_Metas/18/11/20190918114800_00160.jpg,datasets_cloudmask/dataset_cropped/09_Metas/18/11/20190918114800_00160.png,838,809,205.7,26.8,960
9/18/2019 11:49,datasets/dataset_cropped/09_Metas/18/11/20190918114900_00160.jpg,datasets_flow/dataset_cropped/09_Metas/18/11/20190918114900_00160.jpg,datasets_cloudmask/dataset_cropped/09_Metas/18/11/20190918114900_00160.png,765.8,719.7,202.4,26.8,960
9/18/2019 11:50,datasets/dataset_cropped/09_Metas/18/11/20190918115000_00160.jpg,datasets_flow/dataset_cropped/09_Metas/18/11/20190918115000_00160.jpg,datasets_cloudmask/dataset_cropped/09_Metas/18/11/20190918115000_00160.png,610.5,531.1,193,26.9,960
9/18/2019 11:51,datasets/dataset_cropped/09_Metas/18/11/20190918115100_00160.jpg,datasets_flow/dataset_cropped/09_Metas/18/11/20190918115100_00160.jpg,datasets_cloudmask/dataset_cropped/09_Metas/18/11/20190918115100_00160.png,829,808,194,27.1,960
9/18/2019 11:52,datasets/dataset_cropped/09_Metas/18/11/20190918115200_00160.jpg,datasets_flow/dataset_cropped/09_Metas/18/11/20190918115200_00160.jpg,datasets_cloudmask/dataset_cropped/09_Metas/18/11/20190918115200_00160.png,723.6,685.5,183.6,27.2,960
9/18/2019 11:53,datasets/dataset_cropped/09_Metas/18/11/20190918115300_00160.jpg,datasets_flow/dataset_cropped/09_Metas/18/11/20190918115300_00160.jpg,datasets_cloudmask/dataset_cropped/09_Metas/18/11/20190918115300_00160.png,840,839,178.6,27.1,960
9/18/2019 11:54,datasets/dataset_cropped/09_Metas/18/11/20190918115400_00160.jpg,datasets_flow/dataset_cropped/09_Metas/18/11/20190918115400_00160.jpg,datasets_cloudmask/dataset_cropped/09_Metas/18/11/20190918115400_00160.png,834,824,184.1,27.2,960
9/18/2019 11:55,datasets/dataset_cropped/09_Metas/18/11/20190918115500_00160.jpg,datasets_flow/dataset_cropped/09_Metas/18/11/20190918115500_00160.jpg,datasets_cloudmask/dataset_cropped/09_Metas/18/11/20190918115500_00160.png,854,845,186.8,27.5,960
9/18/2019 11:56,datasets/dataset_cropped/09_Metas/18/11/20190918115600_00160.jpg,datasets_flow/dataset_cropped/09_Metas/18/11/20190918115600_00160.jpg,datasets_cloudmask/dataset_cropped/09_Metas/18/11/20190918115600_00160.png,859,848,188.8,27.6,960
9/18/2019 11:57,datasets/dataset_cropped/09_Metas/18/11/20190918115700_00160.jpg,datasets_flow/dataset_cropped/09_Metas/18/11/20190918115700_00160.jpg,datasets_cloudmask/dataset_cropped/09_Metas/18/11/20190918115700_00160.png,864,849,191.9,27.3,960
9/18/2019 11:58,datasets/dataset_cropped/09_Metas/18/11/20190918115800_00160.jpg,datasets_flow/dataset_cropped/09_Metas/18/11/20190918115800_00160.jpg,datasets_cloudmask/dataset_cropped/09_Metas/18/11/20190918115800_00160.png,854,828,197.5,27.2,960
9/18/2019 11:59,datasets/dataset_cropped/09_Metas/18/11/20190918115900_00160.jpg,datasets_flow/dataset_cropped/09_Metas/18/11/20190918115900_00160.jpg,datasets_cloudmask/dataset_cropped/09_Metas/18/11/20190918115900_00160.png,843,806,201.8,27.3,960
9/18/2019 12:00,datasets/dataset_cropped/09_Metas/18/12/20190918120000_00160.jpg,datasets_flow/dataset_cropped/09_Metas/18/12/20190918120000_00160.jpg,datasets_cloudmask/dataset_cropped/09_Metas/18/12/20190918120000_00160.png,877,845,204.9,27.3,960
9/18/2019 12:01,datasets/dataset_cropped/09_Metas/18/12/20190918120100_00160.jpg,datasets_flow/dataset_cropped/09_Metas/18/12/20190918120100_00160.jpg,datasets_cloudmask/dataset_cropped/09_Metas/18/12/20190918120100_00160.png,877,840,209.4,27.5,960
9/18/2019 12:02,datasets/dataset_cropped/09_Metas/18/12/20190918120200_00160.jpg,datasets_flow/dataset_cropped/09_Metas/18/12/20190918120200_00160.jpg,datasets_cloudmask/dataset_cropped/09_Metas/18/12/20190918120200_00160.png,878,837,211.6,27.5,960
9/18/2019 12:03,datasets/dataset_cropped/09_Metas/18/12/20190918120300_00160.jpg,datasets_flow/dataset_cropped/09_Metas/18/12/20190918120300_00160.jpg,datasets_cloudmask/dataset_cropped/09_Metas/18/12/20190918120300_00160.png,811,748.1,216.7,27.6,960
9/18/2019 12:04,datasets/dataset_cropped/09_Metas/18/12/20190918120400_00160.jpg,datasets_flow/dataset_cropped/09_Metas/18/12/20190918120400_00160.jpg,datasets_cloudmask/dataset_cropped/09_Metas/18/12/20190918120400_00160.png,769.1,695.5,212.7,27.6,960
9/18/2019 12:05,datasets/dataset_cropped/09_Metas/18/12/20190918120500_00160.jpg,datasets_flow/dataset_cropped/09_Metas/18/12/20190918120500_00160.jpg,datasets_cloudmask/dataset_cropped/09_Metas/18/12/20190918120500_00160.png,878,838,208.2,27.3,960
9/18/2019 12:06,datasets/dataset_cropped/09_Metas/18/12/20190918120600_00160.jpg,datasets_flow/dataset_cropped/09_Metas/18/12/20190918120600_00160.jpg,datasets_cloudmask/dataset_cropped/09_Metas/18/12/20190918120600_00160.png,870,843,195.6,27.2,960
9/18/2019 12:07,datasets/dataset_cropped/09_Metas/18/12/20190918120700_00160.jpg,datasets_flow/dataset_cropped/09_Metas/18/12/20190918120700_00160.jpg,datasets_cloudmask/dataset_cropped/09_Metas/18/12/20190918120700_00160.png,852,835,182.8,27.3,960
9/18/2019 12:08,datasets/dataset_cropped/09_Metas/18/12/20190918120800_00160.jpg,datasets_flow/dataset_cropped/09_Metas/18/12/20190918120800_00160.jpg,datasets_cloudmask/dataset_cropped/09_Metas/18/12/20190918120800_00160.png,846,838,173.9,27.3,960
9/18/2019 12:09,datasets/dataset_cropped/09_Metas/18/12/20190918120900_00160.jpg,datasets_flow/dataset_cropped/09_Metas/18/12/20190918120900_00160.jpg,datasets_cloudmask/dataset_cropped/09_Metas/18/12/20190918120900_00160.png,840,840,165.9,27.2,960
9/18/2019 12:10,datasets/dataset_cropped/09_Metas/18/12/20190918121000_00160.jpg,datasets_flow/dataset_cropped/09_Metas/18/12/20190918121000_00160.jpg,datasets_cloudmask/dataset_cropped/09_Metas/18/12/20190918121000_00160.png,827,831,159.5,27.3,960
9/18/2019 12:11,datasets/dataset_cropped/09_Metas/18/12/20190918121100_00160.jpg,datasets_flow/dataset_cropped/09_Metas/18/12/20190918121100_00160.jpg,datasets_cloudmask/dataset_cropped/09_Metas/18/12/20190918121100_00160.png,788.9,789.7,153.4,27.7,960
9/18/2019 12:12,datasets/dataset_cropped/09_Metas/18/12/20190918121200_00160.jpg,datasets_flow/dataset_cropped/09_Metas/18/12/20190918121200_00160.jpg,datasets_cloudmask/dataset_cropped/09_Metas/18/12/20190918121200_00160.png,785.2,787.5,150.3,27.6,960
9/18/2019 12:13,datasets/dataset_cropped/09_Metas/18/12/20190918121300_00160.jpg,datasets_flow/dataset_cropped/09_Metas/18/12/20190918121300_00160.jpg,datasets_cloudmask/dataset_cropped/09_Metas/18/12/20190918121300_00160.png,813,822,149.3,27.4,960
9/18/2019 12:14,datasets/dataset_cropped/09_Metas/18/12/20190918121400_00160.jpg,datasets_flow/dataset_cropped/09_Metas/18/12/20190918121400_00160.jpg,datasets_cloudmask/dataset_cropped/09_Metas/18/12/20190918121400_00160.png,822,834,147.7,27.4,960
9/18/2019 12:15,datasets/dataset_cropped/09_Metas/18/12/20190918121500_00160.jpg,datasets_flow/dataset_cropped/09_Metas/18/12/20190918121500_00160.jpg,datasets_cloudmask/dataset_cropped/09_Metas/18/12/20190918121500_00160.png,825,839,145.9,27.4,960
9/18/2019 12:16,datasets/dataset_cropped/09_Metas/18/12/20190918121600_00160.jpg,datasets_flow/dataset_cropped/09_Metas/18/12/20190918121600_00160.jpg,datasets_cloudmask/dataset_cropped/09_Metas/18/12/20190918121600_00160.png,823,839,143.8,27.2,960
9/18/2019 12:17,datasets/dataset_cropped/09_Metas/18/12/20190918121700_00160.jpg,datasets_flow/dataset_cropped/09_Metas/18/12/20190918121700_00160.jpg,datasets_cloudmask/dataset_cropped/09_Metas/18/12/20190918121700_00160.png,809,825,143,27.1,960
9/18/2019 12:18,datasets/dataset_cropped/09_Metas/18/12/20190918121800_00160.jpg,datasets_flow/dataset_cropped/09_Metas/18/12/20190918121800_00160.jpg,datasets_cloudmask/dataset_cropped/09_Metas/18/12/20190918121800_00160.png,816,833,142.2,27.2,960
9/18/2019 12:19,datasets/dataset_cropped/09_Metas/18/12/20190918121900_00160.jpg,datasets_flow/dataset_cropped/09_Metas/18/12/20190918121900_00160.jpg,datasets_cloudmask/dataset_cropped/09_Metas/18/12/20190918121900_00160.png,821,840,141,27.3,960
9/18/2019 12:20,datasets/dataset_cropped/09_Metas/18/12/20190918122000_00160.jpg,datasets_flow/dataset_cropped/09_Metas/18/12/20190918122000_00160.jpg,datasets_cloudmask/dataset_cropped/09_Metas/18/12/20190918122000_00160.png,822,840,139.8,27.4,960
9/18/2019 12:21,datasets/dataset_cropped/09_Metas/18/12/20190918122100_00160.jpg,datasets_flow/dataset_cropped/09_Metas/18/12/20190918122100_00160.jpg,datasets_cloudmask/dataset_cropped/09_Metas/18/12/20190918122100_00160.png,821,839,138.9,27.4,960
9/18/2019 12:22,datasets/dataset_cropped/09_Metas/18/12/20190918122200_00160.jpg,datasets_flow/dataset_cropped/09_Metas/18/12/20190918122200_00160.jpg,datasets_cloudmask/dataset_cropped/09_Metas/18/12/20190918122200_00160.png,824,843,138,27.5,960
9/18/2019 12:23,datasets/dataset_cropped/09_Metas/18/12/20190918122300_00160.jpg,datasets_flow/dataset_cropped/09_Metas/18/12/20190918122300_00160.jpg,datasets_cloudmask/dataset_cropped/09_Metas/18/12/20190918122300_00160.png,824,842,137.3,27.4,960
9/18/2019 12:24,datasets/dataset_cropped/09_Metas/18/12/20190918122400_00160.jpg,datasets_flow/dataset_cropped/09_Metas/18/12/20190918122400_00160.jpg,datasets_cloudmask/dataset_cropped/09_Metas/18/12/20190918122400_00160.png,816,834,136.6,27.3,960
9/18/2019 12:25,datasets/dataset_cropped/09_Metas/18/12/20190918122500_00160.jpg,datasets_flow/dataset_cropped/09_Metas/18/12/20190918122500_00160.jpg,datasets_cloudmask/dataset_cropped/09_Metas/18/12/20190918122500_00160.png,816,834,136.6,27.3,960
9/18/2019 12:26,datasets/dataset_cropped/09_Metas/18/12/20190918122600_00160.jpg,datasets_flow/dataset_cropped/09_Metas/18/12/20190918122600_00160.jpg,datasets_cloudmask/dataset_cropped/09_Metas/18/12/20190918122600_00160.png,820,838,136.6,27.3,960
9/18/2019 12:27,datasets/dataset_cropped/09_Metas/18/12/20190918122700_00160.jpg,datasets_flow/dataset_cropped/09_Metas/18/12/20190918122700_00160.jpg,datasets_cloudmask/dataset_cropped/09_Metas/18/12/20190918122700_00160.png,823,841,136.8,27.3,960
9/18/2019 12:28,datasets/dataset_cropped/09_Metas/18/12/20190918122800_00160.jpg,datasets_flow/dataset_cropped/09_Metas/18/12/20190918122800_00160.jpg,datasets_cloudmask/dataset_cropped/09_Metas/18/12/20190918122800_00160.png,826,844,136.9,27.3,960
9/18/2019 12:29,datasets/dataset_cropped/09_Metas/18/12/20190918122900_00160.jpg,datasets_flow/dataset_cropped/09_Metas/18/12/20190918122900_00160.jpg,datasets_cloudmask/dataset_cropped/09_Metas/18/12/20190918122900_00160.png,828,847,136.6,27.5,960
9/18/2019 12:30,datasets/dataset_cropped/09_Metas/18/12/20190918123000_00160.jpg,datasets_flow/dataset_cropped/09_Metas/18/12/20190918123000_00160.jpg,datasets_cloudmask/dataset_cropped/09_Metas/18/12/20190918123000_00160.png,828,847,135.6,28,960
9/18/2019 12:31,datasets/dataset_cropped/09_Metas/18/12/20190918123100_00160.jpg,datasets_flow/dataset_cropped/09_Metas/18/12/20190918123100_00160.jpg,datasets_cloudmask/dataset_cropped/09_Metas/18/12/20190918123100_00160.png,829,849,135.3,28.1,960
9/18/2019 12:32,datasets/dataset_cropped/09_Metas/18/12/20190918123200_00160.jpg,datasets_flow/dataset_cropped/09_Metas/18/12/20190918123200_00160.jpg,datasets_cloudmask/dataset_cropped/09_Metas/18/12/20190918123200_00160.png,831,850,135,27.9,960
9/18/2019 12:33,datasets/dataset_cropped/09_Metas/18/12/20190918123300_00160.jpg,datasets_flow/dataset_cropped/09_Metas/18/12/20190918123300_00160.jpg,datasets_cloudmask/dataset_cropped/09_Metas/18/12/20190918123300_00160.png,832,851,135,27.8,960
9/18/2019 12:34,datasets/dataset_cropped/09_Metas/18/12/20190918123400_00160.jpg,datasets_flow/dataset_cropped/09_Metas/18/12/20190918123400_00160.jpg,datasets_cloudmask/dataset_cropped/09_Metas/18/12/20190918123400_00160.png,830,848,135.2,27.8,960
9/18/2019 12:35,datasets/dataset_cropped/09_Metas/18/12/20190918123500_00160.jpg,datasets_flow/dataset_cropped/09_Metas/18/12/20190918123500_00160.jpg,datasets_cloudmask/dataset_cropped/09_Metas/18/12/20190918123500_00160.png,833,851,136,27.6,960
9/18/2019 12:36,datasets/dataset_cropped/09_Metas/18/12/20190918123600_00160.jpg,datasets_flow/dataset_cropped/09_Metas/18/12/20190918123600_00160.jpg,datasets_cloudmask/dataset_cropped/09_Metas/18/12/20190918123600_00160.png,833,850,137.1,27.6,960
9/18/2019 12:37,datasets/dataset_cropped/09_Metas/18/12/20190918123700_00160.jpg,datasets_flow/dataset_cropped/09_Metas/18/12/20190918123700_00160.jpg,datasets_cloudmask/dataset_cropped/09_Metas/18/12/20190918123700_00160.png,836,852,138.3,27.7,960
9/18/2019 12:38,datasets/dataset_cropped/09_Metas/18/12/20190918123800_00160.jpg,datasets_flow/dataset_cropped/09_Metas/18/12/20190918123800_00160.jpg,datasets_cloudmask/dataset_cropped/09_Metas/18/12/20190918123800_00160.png,838,852,140.5,27.8,960
9/18/2019 12:39,datasets/dataset_cropped/09_Metas/18/12/20190918123900_00160.jpg,datasets_flow/dataset_cropped/09_Metas/18/12/20190918123900_00160.jpg,datasets_cloudmask/dataset_cropped/09_Metas/18/12/20190918123900_00160.png,840,850,142.7,27.8,960
9/18/2019 12:40,datasets/dataset_cropped/09_Metas/18/12/20190918124000_00160.jpg,datasets_flow/dataset_cropped/09_Metas/18/12/20190918124000_00160.jpg,datasets_cloudmask/dataset_cropped/09_Metas/18/12/20190918124000_00160.png,833,839,144,27.7,960
9/18/2019 12:41,datasets/dataset_cropped/09_Metas/18/12/20190918124100_00160.jpg,datasets_flow/dataset_cropped/09_Metas/18/12/20190918124100_00160.jpg,datasets_cloudmask/dataset_cropped/09_Metas/18/12/20190918124100_00160.png,836,842,144.1,27.8,960
9/18/2019 12:42,datasets/dataset_cropped/09_Metas/18/12/20190918124200_00160.jpg,datasets_flow/dataset_cropped/09_Metas/18/12/20190918124200_00160.jpg,datasets_cloudmask/dataset_cropped/09_Metas/18/12/20190918124200_00160.png,835,840,143.8,27.8,960
9/18/2019 12:43,datasets/dataset_cropped/09_Metas/18/12/20190918124300_00160.jpg,datasets_flow/dataset_cropped/09_Metas/18/12/20190918124300_00160.jpg,datasets_cloudmask/dataset_cropped/09_Metas/18/12/20190918124300_00160.png,836,842,143.7,27.7,960
9/18/2019 12:44,datasets/dataset_cropped/09_Metas/18/12/20190918124400_00160.jpg,datasets_flow/dataset_cropped/09_Metas/18/12/20190918124400_00160.jpg,datasets_cloudmask/dataset_cropped/09_Metas/18/12/20190918124400_00160.png,837,844,143.1,27.7,960
9/18/2019 12:45,datasets/dataset_cropped/09_Metas/18/12/20190918124500_00160.jpg,datasets_flow/dataset_cropped/09_Metas/18/12/20190918124500_00160.jpg,datasets_cloudmask/dataset_cropped/09_Metas/18/12/20190918124500_00160.png,835,843,142.1,27.9,960
9/18/2019 12:46,datasets/dataset_cropped/09_Metas/18/12/20190918124600_00160.jpg,datasets_flow/dataset_cropped/09_Metas/18/12/20190918124600_00160.jpg,datasets_cloudmask/dataset_cropped/09_Metas/18/12/20190918124600_00160.png,838,849,141.6,28.1,960
9/18/2019 12:47,datasets/dataset_cropped/09_Metas/18/12/20190918124700_00160.jpg,datasets_flow/dataset_cropped/09_Metas/18/12/20190918124700_00160.jpg,datasets_cloudmask/dataset_cropped/09_Metas/18/12/20190918124700_00160.png,840,853,140.5,28.2,960
9/18/2019 12:48,datasets/dataset_cropped/09_Metas/18/12/20190918124800_00160.jpg,datasets_flow/dataset_cropped/09_Metas/18/12/20190918124800_00160.jpg,datasets_cloudmask/dataset_cropped/09_Metas/18/12/20190918124800_00160.png,839,853,139.3,28.3,960
9/18/2019 12:49,datasets/dataset_cropped/09_Metas/18/12/20190918124900_00160.jpg,datasets_flow/dataset_cropped/09_Metas/18/12/20190918124900_00160.jpg,datasets_cloudmask/dataset_cropped/09_Metas/18/12/20190918124900_00160.png,839,853,138.4,28.3,960
9/18/2019 12:50,datasets/dataset_cropped/09_Metas/18/12/20190918125000_00160.jpg,datasets_flow/dataset_cropped/09_Metas/18/12/20190918125000_00160.jpg,datasets_cloudmask/dataset_cropped/09_Metas/18/12/20190918125000_00160.png,841,856,137.9,28.2,960
9/18/2019 12:51,datasets/dataset_cropped/09_Metas/18/12/20190918125100_00160.jpg,datasets_flow/dataset_cropped/09_Metas/18/12/20190918125100_00160.jpg,datasets_cloudmask/dataset_cropped/09_Metas/18/12/20190918125100_00160.png,838,853,136.7,28.1,960
9/18/2019 12:52,datasets/dataset_cropped/09_Metas/18/12/20190918125200_00160.jpg,datasets_flow/dataset_cropped/09_Metas/18/12/20190918125200_00160.jpg,datasets_cloudmask/dataset_cropped/09_Metas/18/12/20190918125200_00160.png,837,852,136.1,28.2,960
9/18/2019 12:53,datasets/dataset_cropped/09_Metas/18/12/20190918125300_00160.jpg,datasets_flow/dataset_cropped/09_Metas/18/12/20190918125300_00160.jpg,datasets_cloudmask/dataset_cropped/09_Metas/18/12/20190918125300_00160.png,839,854,135.6,28.3,960
9/18/2019 12:54,datasets/dataset_cropped/09_Metas/18/12/20190918125400_00160.jpg,datasets_flow/dataset_cropped/09_Metas/18/12/20190918125400_00160.jpg,datasets_cloudmask/dataset_cropped/09_Metas/18/12/20190918125400_00160.png,838,853,135.2,28.3,960
9/18/2019 12:55,datasets/dataset_cropped/09_Metas/18/12/20190918125500_00160.jpg,datasets_flow/dataset_cropped/09_Metas/18/12/20190918125500_00160.jpg,datasets_cloudmask/dataset_cropped/09_Metas/18/12/20190918125500_00160.png,839,854,135.1,28.4,960
9/18/2019 12:56,datasets/dataset_cropped/09_Metas/18/12/20190918125600_00160.jpg,datasets_flow/dataset_cropped/09_Metas/18/12/20190918125600_00160.jpg,datasets_cloudmask/dataset_cropped/09_Metas/18/12/20190918125600_00160.png,844,859,135.1,28.2,960
9/18/2019 12:57,datasets/dataset_cropped/09_Metas/18/12/20190918125700_00160.jpg,datasets_flow/dataset_cropped/09_Metas/18/12/20190918125700_00160.jpg,datasets_cloudmask/dataset_cropped/09_Metas/18/12/20190918125700_00160.png,844,859,135.1,28,960
9/18/2019 12:58,datasets/dataset_cropped/09_Metas/18/12/20190918125800_00160.jpg,datasets_flow/dataset_cropped/09_Metas/18/12/20190918125800_00160.jpg,datasets_cloudmask/dataset_cropped/09_Metas/18/12/20190918125800_00160.png,844,857,135.8,28,960
9/18/2019 12:59,datasets/dataset_cropped/09_Metas/18/12/20190918125900_00160.jpg,datasets_flow/dataset_cropped/09_Metas/18/12/20190918125900_00160.jpg,datasets_cloudmask/dataset_cropped/09_Metas/18/12/20190918125900_00160.png,840,851,137,27.9,960
9/18/2019 13:00,datasets/dataset_cropped/09_Metas/18/13/20190918130000_00160.jpg,datasets_flow/dataset_cropped/09_Metas/18/13/20190918130000_00160.jpg,datasets_cloudmask/dataset_cropped/09_Metas/18/13/20190918130000_00160.png,840,849,138,27.9,960
9/18/2019 13:01,datasets/dataset_cropped/09_Metas/18/13/20190918130100_00160.jpg,datasets_flow/dataset_cropped/09_Metas/18/13/20190918130100_00160.jpg,datasets_cloudmask/dataset_cropped/09_Metas/18/13/20190918130100_00160.png,834,840,139.1,27.9,960
9/18/2019 13:02,datasets/dataset_cropped/09_Metas/18/13/20190918130200_00160.jpg,datasets_flow/dataset_cropped/09_Metas/18/13/20190918130200_00160.jpg,datasets_cloudmask/dataset_cropped/09_Metas/18/13/20190918130200_00160.png,832,837,141.2,28.1,960
9/18/2019 13:03,datasets/dataset_cropped/09_Metas/18/13/20190918130300_00160.jpg,datasets_flow/dataset_cropped/09_Metas/18/13/20190918130300_00160.jpg,datasets_cloudmask/dataset_cropped/09_Metas/18/13/20190918130300_00160.png,838,843,142.9,28.2,960
9/18/2019 13:04,datasets/dataset_cropped/09_Metas/18/13/20190918130400_00160.jpg,datasets_flow/dataset_cropped/09_Metas/18/13/20190918130400_00160.jpg,datasets_cloudmask/dataset_cropped/09_Metas/18/13/20190918130400_00160.png,842,846,144.4,28.2,960
9/18/2019 13:05,datasets/dataset_cropped/09_Metas/18/13/20190918130500_00160.jpg,datasets_flow/dataset_cropped/09_Metas/18/13/20190918130500_00160.jpg,datasets_cloudmask/dataset_cropped/09_Metas/18/13/20190918130500_00160.png,847,850,146.7,28,960
9/18/2019 13:06,datasets/dataset_cropped/09_Metas/18/13/20190918130600_00160.jpg,datasets_flow/dataset_cropped/09_Metas/18/13/20190918130600_00160.jpg,datasets_cloudmask/dataset_cropped/09_Metas/18/13/20190918130600_00160.png,852,856,148.2,28,960
9/18/2019 13:07,datasets/dataset_cropped/09_Metas/18/13/20190918130700_00160.jpg,datasets_flow/dataset_cropped/09_Metas/18/13/20190918130700_00160.jpg,datasets_cloudmask/dataset_cropped/09_Metas/18/13/20190918130700_00160.png,856,858,150.8,28,960
9/18/2019 13:08,datasets/dataset_cropped/09_Metas/18/13/20190918130800_00160.jpg,datasets_flow/dataset_cropped/09_Metas/18/13/20190918130800_00160.jpg,datasets_cloudmask/dataset_cropped/09_Metas/18/13/20190918130800_00160.png,854,850,154.5,28.2,960
9/18/2019 13:09,datasets/dataset_cropped/09_Metas/18/13/20190918130900_00160.jpg,datasets_flow/dataset_cropped/09_Metas/18/13/20190918130900_00160.jpg,datasets_cloudmask/dataset_cropped/09_Metas/18/13/20190918130900_00160.png,842,831,158.4,28.4,960
9/18/2019 13:10,datasets/dataset_cropped/09_Metas/18/13/20190918131000_00160.jpg,datasets_flow/dataset_cropped/09_Metas/18/13/20190918131000_00160.jpg,datasets_cloudmask/dataset_cropped/09_Metas/18/13/20190918131000_00160.png,785.2,760.2,159.9,28.4,960
9/18/2019 13:11,datasets/dataset_cropped/09_Metas/18/13/20190918131100_00160.jpg,datasets_flow/dataset_cropped/09_Metas/18/13/20190918131100_00160.jpg,datasets_cloudmask/dataset_cropped/09_Metas/18/13/20190918131100_00160.png,801,775.9,162.4,28.4,960
9/18/2019 13:12,datasets/dataset_cropped/09_Metas/18/13/20190918131200_00160.jpg,datasets_flow/dataset_cropped/09_Metas/18/13/20190918131200_00160.jpg,datasets_cloudmask/dataset_cropped/09_Metas/18/13/20190918131200_00160.png,829,807,163.3,28.4,960
9/18/2019 13:13,datasets/dataset_cropped/09_Metas/18/13/20190918131300_00160.jpg,datasets_flow/dataset_cropped/09_Metas/18/13/20190918131300_00160.jpg,datasets_cloudmask/dataset_cropped/09_Metas/18/13/20190918131300_00160.png,855,840,162.3,28.5,960
9/18/2019 13:14,datasets/dataset_cropped/09_Metas/18/13/20190918131400_00160.jpg,datasets_flow/dataset_cropped/09_Metas/18/13/20190918131400_00160.jpg,datasets_cloudmask/dataset_cropped/09_Metas/18/13/20190918131400_00160.png,837,819,160.1,28.6,960
9/18/2019 13:15,datasets/dataset_cropped/09_Metas/18/13/20190918131500_00160.jpg,datasets_flow/dataset_cropped/09_Metas/18/13/20190918131500_00160.jpg,datasets_cloudmask/dataset_cropped/09_Metas/18/13/20190918131500_00160.png,763.9,735.3,155.5,28.5,960
9/18/2019 13:16,datasets/dataset_cropped/09_Metas/18/13/20190918131600_00160.jpg,datasets_flow/dataset_cropped/09_Metas/18/13/20190918131600_00160.jpg,datasets_cloudmask/dataset_cropped/09_Metas/18/13/20190918131600_00160.png,825,810,155.9,28.8,960
9/18/2019 13:17,datasets/dataset_cropped/09_Metas/18/13/20190918131700_00160.jpg,datasets_flow/dataset_cropped/09_Metas/18/13/20190918131700_00160.jpg,datasets_cloudmask/dataset_cropped/09_Metas/18/13/20190918131700_00160.png,840,829,155,28.6,960
9/18/2019 13:18,datasets/dataset_cropped/09_Metas/18/13/20190918131800_00160.jpg,datasets_flow/dataset_cropped/09_Metas/18/13/20190918131800_00160.jpg,datasets_cloudmask/dataset_cropped/09_Metas/18/13/20190918131800_00160.png,828,819,152.8,28.3,960
9/18/2019 13:19,datasets/dataset_cropped/09_Metas/18/13/20190918131900_00160.jpg,datasets_flow/dataset_cropped/09_Metas/18/13/20190918131900_00160.jpg,datasets_cloudmask/dataset_cropped/09_Metas/18/13/20190918131900_00160.png,835,827,152.6,28.1,960
9/18/2019 13:20,datasets/dataset_cropped/09_Metas/18/13/20190918132000_00160.jpg,datasets_flow/dataset_cropped/09_Metas/18/13/20190918132000_00160.jpg,datasets_cloudmask/dataset_cropped/09_Metas/18/13/20190918132000_00160.png,820,810,151.6,28,960
9/18/2019 13:21,datasets/dataset_cropped/09_Metas/18/13/20190918132100_00160.jpg,datasets_flow/dataset_cropped/09_Metas/18/13/20190918132100_00160.jpg,datasets_cloudmask/dataset_cropped/09_Metas/18/13/20190918132100_00160.png,834,828,151.6,28,960
9/18/2019 13:22,datasets/dataset_cropped/09_Metas/18/13/20190918132200_00160.jpg,datasets_flow/dataset_cropped/09_Metas/18/13/20190918132200_00160.jpg,datasets_cloudmask/dataset_cropped/09_Metas/18/13/20190918132200_00160.png,844,842,150.8,28.1,959
9/18/2019 13:23,datasets/dataset_cropped/09_Metas/18/13/20190918132300_00160.jpg,datasets_flow/dataset_cropped/09_Metas/18/13/20190918132300_00160.jpg,datasets_cloudmask/dataset_cropped/09_Metas/18/13/20190918132300_00160.png,842,841,149.8,28.4,960
9/18/2019 13:24,datasets/dataset_cropped/09_Metas/18/13/20190918132400_00160.jpg,datasets_flow/dataset_cropped/09_Metas/18/13/20190918132400_00160.jpg,datasets_cloudmask/dataset_cropped/09_Metas/18/13/20190918132400_00160.png,842,841,149.6,28.4,959
9/18/2019 13:25,datasets/dataset_cropped/09_Metas/18/13/20190918132500_00160.jpg,datasets_flow/dataset_cropped/09_Metas/18/13/20190918132500_00160.jpg,datasets_cloudmask/dataset_cropped/09_Metas/18/13/20190918132500_00160.png,840,840,149.5,28.5,959
9/18/2019 13:26,datasets/dataset_cropped/09_Metas/18/13/20190918132600_00160.jpg,datasets_flow/dataset_cropped/09_Metas/18/13/20190918132600_00160.jpg,datasets_cloudmask/dataset_cropped/09_Metas/18/13/20190918132600_00160.png,839,838,150.5,28.7,959
9/18/2019 13:27,datasets/dataset_cropped/09_Metas/18/13/20190918132700_00160.jpg,datasets_flow/dataset_cropped/09_Metas/18/13/20190918132700_00160.jpg,datasets_cloudmask/dataset_cropped/09_Metas/18/13/20190918132700_00160.png,838,835,151.9,28.7,959
9/18/2019 13:28,datasets/dataset_cropped/09_Metas/18/13/20190918132800_00160.jpg,datasets_flow/dataset_cropped/09_Metas/18/13/20190918132800_00160.jpg,datasets_cloudmask/dataset_cropped/09_Metas/18/13/20190918132800_00160.png,843,839,153.5,28.7,960
9/18/2019 13:29,datasets/dataset_cropped/09_Metas/18/13/20190918132900_00160.jpg,datasets_flow/dataset_cropped/09_Metas/18/13/20190918132900_00160.jpg,datasets_cloudmask/dataset_cropped/09_Metas/18/13/20190918132900_00160.png,844,838,155.1,28.8,959
9/18/2019 13:30,datasets/dataset_cropped/09_Metas/18/13/20190918133000_00160.jpg,datasets_flow/dataset_cropped/09_Metas/18/13/20190918133000_00160.jpg,datasets_cloudmask/dataset_cropped/09_Metas/18/13/20190918133000_00160.png,846,840,155.5,28.6,959
9/18/2019 13:31,datasets/dataset_cropped/09_Metas/18/13/20190918133100_00160.jpg,datasets_flow/dataset_cropped/09_Metas/18/13/20190918133100_00160.jpg,datasets_cloudmask/dataset_cropped/09_Metas/18/13/20190918133100_00160.png,848,842,157,28.4,959
9/18/2019 13:32,datasets/dataset_cropped/09_Metas/18/13/20190918133200_00160.jpg,datasets_flow/dataset_cropped/09_Metas/18/13/20190918133200_00160.jpg,datasets_cloudmask/dataset_cropped/09_Metas/18/13/20190918133200_00160.png,849,840,159.1,28.4,959
9/18/2019 13:33,datasets/dataset_cropped/09_Metas/18/13/20190918133300_00160.jpg,datasets_flow/dataset_cropped/09_Metas/18/13/20190918133300_00160.jpg,datasets_cloudmask/dataset_cropped/09_Metas/18/13/20190918133300_00160.png,841,827,161.8,28.3,959
9/18/2019 13:34,datasets/dataset_cropped/09_Metas/18/13/20190918133400_00160.jpg,datasets_flow/dataset_cropped/09_Metas/18/13/20190918133400_00160.jpg,datasets_cloudmask/dataset_cropped/09_Metas/18/13/20190918133400_00160.png,840,822,165.9,28.3,959
9/18/2019 13:35,datasets/dataset_cropped/09_Metas/18/13/20190918133500_00160.jpg,datasets_flow/dataset_cropped/09_Metas/18/13/20190918133500_00160.jpg,datasets_cloudmask/dataset_cropped/09_Metas/18/13/20190918133500_00160.png,778.9,746.3,167.1,28.2,960
9/18/2019 13:36,datasets/dataset_cropped/09_Metas/18/13/20190918133600_00160.jpg,datasets_flow/dataset_cropped/09_Metas/18/13/20190918133600_00160.jpg,datasets_cloudmask/dataset_cropped/09_Metas/18/13/20190918133600_00160.png,753.2,713.6,168.4,28.2,959
9/18/2019 13:37,datasets/dataset_cropped/09_Metas/18/13/20190918133700_00160.jpg,datasets_flow/dataset_cropped/09_Metas/18/13/20190918133700_00160.jpg,datasets_cloudmask/dataset_cropped/09_Metas/18/13/20190918133700_00160.png,731,687.5,167.7,28.3,959
9/18/2019 13:38,datasets/dataset_cropped/09_Metas/18/13/20190918133800_00160.jpg,datasets_flow/dataset_cropped/09_Metas/18/13/20190918133800_00160.jpg,datasets_cloudmask/dataset_cropped/09_Metas/18/13/20190918133800_00160.png,760,721.3,169.6,28.5,959
9/18/2019 13:39,datasets/dataset_cropped/09_Metas/18/13/20190918133900_00160.jpg,datasets_flow/dataset_cropped/09_Metas/18/13/20190918133900_00160.jpg,datasets_cloudmask/dataset_cropped/09_Metas/18/13/20190918133900_00160.png,816,789.9,170.6,28.5,959
9/18/2019 13:40,datasets/dataset_cropped/09_Metas/18/13/20190918134000_00160.jpg,datasets_flow/dataset_cropped/09_Metas/18/13/20190918134000_00160.jpg,datasets_cloudmask/dataset_cropped/09_Metas/18/13/20190918134000_00160.png,817,791.9,169.9,28.4,959
9/18/2019 13:41,datasets/dataset_cropped/09_Metas/18/13/20190918134100_00160.jpg,datasets_flow/dataset_cropped/09_Metas/18/13/20190918134100_00160.jpg,datasets_cloudmask/dataset_cropped/09_Metas/18/13/20190918134100_00160.png,796.7,766.8,170.7,28.6,959
9/18/2019 13:42,datasets/dataset_cropped/09_Metas/18/13/20190918134200_00160.jpg,datasets_flow/dataset_cropped/09_Metas/18/13/20190918134200_00160.jpg,datasets_cloudmask/dataset_cropped/09_Metas/18/13/20190918134200_00160.png,638.7,580,164.3,28.8,959
9/18/2019 13:43,datasets/dataset_cropped/09_Metas/18/13/20190918134300_00160.jpg,datasets_flow/dataset_cropped/09_Metas/18/13/20190918134300_00160.jpg,datasets_cloudmask/dataset_cropped/09_Metas/18/13/20190918134300_00160.png,710.3,663.3,168.3,28.7,959
9/18/2019 13:44,datasets/dataset_cropped/09_Metas/18/13/20190918134400_00160.jpg,datasets_flow/dataset_cropped/09_Metas/18/13/20190918134400_00160.jpg,datasets_cloudmask/dataset_cropped/09_Metas/18/13/20190918134400_00160.png,776.2,740.2,172.4,28.4,959
9/18/2019 13:45,datasets/dataset_cropped/09_Metas/18/13/20190918134500_00160.jpg,datasets_flow/dataset_cropped/09_Metas/18/13/20190918134500_00160.jpg,datasets_cloudmask/dataset_cropped/09_Metas/18/13/20190918134500_00160.png,778.5,745.5,171.4,28.5,959
9/18/2019 13:46,datasets/dataset_cropped/09_Metas/18/13/20190918134600_00160.jpg,datasets_flow/dataset_cropped/09_Metas/18/13/20190918134600_00160.jpg,datasets_cloudmask/dataset_cropped/09_Metas/18/13/20190918134600_00160.png,791.6,765.8,169.1,28.7,959
9/18/2019 13:47,datasets/dataset_cropped/09_Metas/18/13/20190918134700_00160.jpg,datasets_flow/dataset_cropped/09_Metas/18/13/20190918134700_00160.jpg,datasets_cloudmask/dataset_cropped/09_Metas/18/13/20190918134700_00160.png,799.7,780,166.7,28.9,959
9/18/2019 13:48,datasets/dataset_cropped/09_Metas/18/13/20190918134800_00160.jpg,datasets_flow/dataset_cropped/09_Metas/18/13/20190918134800_00160.jpg,datasets_cloudmask/dataset_cropped/09_Metas/18/13/20190918134800_00160.png,802,785,164.7,28.6,959
9/18/2019 13:49,datasets/dataset_cropped/09_Metas/18/13/20190918134900_00160.jpg,datasets_flow/dataset_cropped/09_Metas/18/13/20190918134900_00160.jpg,datasets_cloudmask/dataset_cropped/09_Metas/18/13/20190918134900_00160.png,805,790.3,163.7,28.4,959
9/18/2019 13:50,datasets/dataset_cropped/09_Metas/18/13/20190918135000_00160.jpg,datasets_flow/dataset_cropped/09_Metas/18/13/20190918135000_00160.jpg,datasets_cloudmask/dataset_cropped/09_Metas/18/13/20190918135000_00160.png,792.5,778.5,162.1,28.6,959
9/18/2019 13:51,datasets/dataset_cropped/09_Metas/18/13/20190918135100_00160.jpg,datasets_flow/dataset_cropped/09_Metas/18/13/20190918135100_00160.jpg,datasets_cloudmask/dataset_cropped/09_Metas/18/13/20190918135100_00160.png,770.2,755.8,159,28.9,959
9/18/2019 13:52,datasets/dataset_cropped/09_Metas/18/13/20190918135200_00160.jpg,datasets_flow/dataset_cropped/09_Metas/18/13/20190918135200_00160.jpg,datasets_cloudmask/dataset_cropped/09_Metas/18/13/20190918135200_00160.png,801,793.6,159.5,29,959
9/18/2019 13:53,datasets/dataset_cropped/09_Metas/18/13/20190918135300_00160.jpg,datasets_flow/dataset_cropped/09_Metas/18/13/20190918135300_00160.jpg,datasets_cloudmask/dataset_cropped/09_Metas/18/13/20190918135300_00160.png,806,802,158.1,29,959
9/18/2019 13:54,datasets/dataset_cropped/09_Metas/18/13/20190918135400_00160.jpg,datasets_flow/dataset_cropped/09_Metas/18/13/20190918135400_00160.jpg,datasets_cloudmask/dataset_cropped/09_Metas/18/13/20190918135400_00160.png,806,806,156.5,28.9,959
9/18/2019 13:55,datasets/dataset_cropped/09_Metas/18/13/20190918135500_00160.jpg,datasets_flow/dataset_cropped/09_Metas/18/13/20190918135500_00160.jpg,datasets_cloudmask/dataset_cropped/09_Metas/18/13/20190918135500_00160.png,804,807,154.9,28.9,959
9/18/2019 13:56,datasets/dataset_cropped/09_Metas/18/13/20190918135600_00160.jpg,datasets_flow/dataset_cropped/09_Metas/18/13/20190918135600_00160.jpg,datasets_cloudmask/dataset_cropped/09_Metas/18/13/20190918135600_00160.png,798.2,801,153.8,28.8,959
9/18/2019 13:57,datasets/dataset_cropped/09_Metas/18/13/20190918135700_00160.jpg,datasets_flow/dataset_cropped/09_Metas/18/13/20190918135700_00160.jpg,datasets_cloudmask/dataset_cropped/09_Metas/18/13/20190918135700_00160.png,792.7,795.8,153.4,28.7,959
9/18/2019 13:58,datasets/dataset_cropped/09_Metas/18/13/20190918135800_00160.jpg,datasets_flow/dataset_cropped/09_Metas/18/13/20190918135800_00160.jpg,datasets_cloudmask/dataset_cropped/09_Metas/18/13/20190918135800_00160.png,793.5,797.6,153.6,28.6,959
9/18/2019 13:59,datasets/dataset_cropped/09_Metas/18/13/20190918135900_00160.jpg,datasets_flow/dataset_cropped/09_Metas/18/13/20190918135900_00160.jpg,datasets_cloudmask/dataset_cropped/09_Metas/18/13/20190918135900_00160.png,791,795.3,153.3,28.9,959
9/18/2019 14:00,datasets/dataset_cropped/09_Metas/18/14/20190918140000_00160.jpg,datasets_flow/dataset_cropped/09_Metas/18/14/20190918140000_00160.jpg,datasets_cloudmask/dataset_cropped/09_Metas/18/14/20190918140000_00160.png,784.5,787.7,153.5,28.8,959
9/18/2019 14:01,datasets/dataset_cropped/09_Metas/18/14/20190918140100_00160.jpg,datasets_flow/dataset_cropped/09_Metas/18/14/20190918140100_00160.jpg,datasets_cloudmask/dataset_cropped/09_Metas/18/14/20190918140100_00160.png,782.6,786.9,153.1,28.9,959
9/18/2019 14:02,datasets/dataset_cropped/09_Metas/18/14/20190918140200_00160.jpg,datasets_flow/dataset_cropped/09_Metas/18/14/20190918140200_00160.jpg,datasets_cloudmask/dataset_cropped/09_Metas/18/14/20190918140200_00160.png,779.6,784.3,152.5,29.1,959
9/18/2019 14:03,datasets/dataset_cropped/09_Metas/18/14/20190918140300_00160.jpg,datasets_flow/dataset_cropped/09_Metas/18/14/20190918140300_00160.jpg,datasets_cloudmask/dataset_cropped/09_Metas/18/14/20190918140300_00160.png,777.8,781.6,153.1,29.3,959
9/18/2019 14:04,datasets/dataset_cropped/09_Metas/18/14/20190918140400_00160.jpg,datasets_flow/dataset_cropped/09_Metas/18/14/20190918140400_00160.jpg,datasets_cloudmask/dataset_cropped/09_Metas/18/14/20190918140400_00160.png,774.6,776.4,154.8,29.3,959
9/18/2019 14:05,datasets/dataset_cropped/09_Metas/18/14/20190918140500_00160.jpg,datasets_flow/dataset_cropped/09_Metas/18/14/20190918140500_00160.jpg,datasets_cloudmask/dataset_cropped/09_Metas/18/14/20190918140500_00160.png,780,782.5,156.5,29.2,959
9/18/2019 14:06,datasets/dataset_cropped/09_Metas/18/14/20190918140600_00160.jpg,datasets_flow/dataset_cropped/09_Metas/18/14/20190918140600_00160.jpg,datasets_cloudmask/dataset_cropped/09_Metas/18/14/20190918140600_00160.png,780,781.6,157.7,29.1,959
9/18/2019 14:07,datasets/dataset_cropped/09_Metas/18/14/20190918140700_00160.jpg,datasets_flow/dataset_cropped/09_Metas/18/14/20190918140700_00160.jpg,datasets_cloudmask/dataset_cropped/09_Metas/18/14/20190918140700_00160.png,779.1,779.2,159.6,29.4,959
9/18/2019 14:08,datasets/dataset_cropped/09_Metas/18/14/20190918140800_00160.jpg,datasets_flow/dataset_cropped/09_Metas/18/14/20190918140800_00160.jpg,datasets_cloudmask/dataset_cropped/09_Metas/18/14/20190918140800_00160.png,780.5,779.7,161.4,29.5,959
9/18/2019 14:09,datasets/dataset_cropped/09_Metas/18/14/20190918140900_00160.jpg,datasets_flow/dataset_cropped/09_Metas/18/14/20190918140900_00160.jpg,datasets_cloudmask/dataset_cropped/09_Metas/18/14/20190918140900_00160.png,770,765.7,162.7,29.5,959
9/18/2019 14:10,datasets/dataset_cropped/09_Metas/18/14/20190918141000_00160.jpg,datasets_flow/dataset_cropped/09_Metas/18/14/20190918141000_00160.jpg,datasets_cloudmask/dataset_cropped/09_Metas/18/14/20190918141000_00160.png,760.6,754.2,163.1,29.8,959
9/18/2019 14:11,datasets/dataset_cropped/09_Metas/18/14/20190918141100_00160.jpg,datasets_flow/dataset_cropped/09_Metas/18/14/20190918141100_00160.jpg,datasets_cloudmask/dataset_cropped/09_Metas/18/14/20190918141100_00160.png,770.3,767.5,163.5,30,959
9/18/2019 14:12,datasets/dataset_cropped/09_Metas/18/14/20190918141200_00160.jpg,datasets_flow/dataset_cropped/09_Metas/18/14/20190918141200_00160.jpg,datasets_cloudmask/dataset_cropped/09_Metas/18/14/20190918141200_00160.png,774.3,775,163.3,30,959
9/18/2019 14:13,datasets/dataset_cropped/09_Metas/18/14/20190918141300_00160.jpg,datasets_flow/dataset_cropped/09_Metas/18/14/20190918141300_00160.jpg,datasets_cloudmask/dataset_cropped/09_Metas/18/14/20190918141300_00160.png,759,758.8,162.1,29.4,959
9/18/2019 14:14,datasets/dataset_cropped/09_Metas/18/14/20190918141400_00160.jpg,datasets_flow/dataset_cropped/09_Metas/18/14/20190918141400_00160.jpg,datasets_cloudmask/dataset_cropped/09_Metas/18/14/20190918141400_00160.png,706.8,698.4,158,28.9,959
9/18/2019 14:15,datasets/dataset_cropped/09_Metas/18/14/20190918141500_00160.jpg,datasets_flow/dataset_cropped/09_Metas/18/14/20190918141500_00160.jpg,datasets_cloudmask/dataset_cropped/09_Metas/18/14/20190918141500_00160.png,755.6,757.2,161.3,29,959
9/18/2019 14:16,datasets/dataset_cropped/09_Metas/18/14/20190918141600_00160.jpg,datasets_flow/dataset_cropped/09_Metas/18/14/20190918141600_00160.jpg,datasets_cloudmask/dataset_cropped/09_Metas/18/14/20190918141600_00160.png,769.6,774.9,162.6,29.1,959
9/18/2019 14:17,datasets/dataset_cropped/09_Metas/18/14/20190918141700_00160.jpg,datasets_flow/dataset_cropped/09_Metas/18/14/20190918141700_00160.jpg,datasets_cloudmask/dataset_cropped/09_Metas/18/14/20190918141700_00160.png,768,774.5,162.2,29.1,959
9/18/2019 14:18,datasets/dataset_cropped/09_Metas/18/14/20190918141800_00160.jpg,datasets_flow/dataset_cropped/09_Metas/18/14/20190918141800_00160.jpg,datasets_cloudmask/dataset_cropped/09_Metas/18/14/20190918141800_00160.png,769.1,778.1,161.8,29.1,959
9/18/2019 14:19,datasets/dataset_cropped/09_Metas/18/14/20190918141900_00160.jpg,datasets_flow/dataset_cropped/09_Metas/18/14/20190918141900_00160.jpg,datasets_cloudmask/dataset_cropped/09_Metas/18/14/20190918141900_00160.png,766.9,778.6,159.8,29.1,959
9/18/2019 14:20,datasets/dataset_cropped/09_Metas/18/14/20190918142000_00160.jpg,datasets_flow/dataset_cropped/09_Metas/18/14/20190918142000_00160.jpg,datasets_cloudmask/dataset_cropped/09_Metas/18/14/20190918142000_00160.png,767,779.7,158.4,29.3,959
9/18/2019 14:21,datasets/dataset_cropped/09_Metas/18/14/20190918142100_00160.jpg,datasets_flow/dataset_cropped/09_Metas/18/14/20190918142100_00160.jpg,datasets_cloudmask/dataset_cropped/09_Metas/18/14/20190918142100_00160.png,765.6,778.1,158.3,29.4,959
9/18/2019 14:22,datasets/dataset_cropped/09_Metas/18/14/20190918142200_00160.jpg,datasets_flow/dataset_cropped/09_Metas/18/14/20190918142200_00160.jpg,datasets_cloudmask/dataset_cropped/09_Metas/18/14/20190918142200_00160.png,765.9,779.3,159,29.2,959
9/18/2019 14:23,datasets/dataset_cropped/09_Metas/18/14/20190918142300_00160.jpg,datasets_flow/dataset_cropped/09_Metas/18/14/20190918142300_00160.jpg,datasets_cloudmask/dataset_cropped/09_Metas/18/14/20190918142300_00160.png,766.5,780.9,159.4,29.2,959
9/18/2019 14:24,datasets/dataset_cropped/09_Metas/18/14/20190918142400_00160.jpg,datasets_flow/dataset_cropped/09_Metas/18/14/20190918142400_00160.jpg,datasets_cloudmask/dataset_cropped/09_Metas/18/14/20190918142400_00160.png,760.6,774.5,160,29.4,959
9/18/2019 14:25,datasets/dataset_cropped/09_Metas/18/14/20190918142500_00160.jpg,datasets_flow/dataset_cropped/09_Metas/18/14/20190918142500_00160.jpg,datasets_cloudmask/dataset_cropped/09_Metas/18/14/20190918142500_00160.png,756,769.2,160.2,29.5,959
9/18/2019 14:26,datasets/dataset_cropped/09_Metas/18/14/20190918142600_00160.jpg,datasets_flow/dataset_cropped/09_Metas/18/14/20190918142600_00160.jpg,datasets_cloudmask/dataset_cropped/09_Metas/18/14/20190918142600_00160.png,756.6,769.6,160.9,29.3,959
9/18/2019 14:27,datasets/dataset_cropped/09_Metas/18/14/20190918142700_00160.jpg,datasets_flow/dataset_cropped/09_Metas/18/14/20190918142700_00160.jpg,datasets_cloudmask/dataset_cropped/09_Metas/18/14/20190918142700_00160.png,751.5,761.9,161.1,29.4,959
9/18/2019 14:28,datasets/dataset_cropped/09_Metas/18/14/20190918142800_00160.jpg,datasets_flow/dataset_cropped/09_Metas/18/14/20190918142800_00160.jpg,datasets_cloudmask/dataset_cropped/09_Metas/18/14/20190918142800_00160.png,744.3,751.3,162,29.5,959
9/18/2019 14:29,datasets/dataset_cropped/09_Metas/18/14/20190918142900_00160.jpg,datasets_flow/dataset_cropped/09_Metas/18/14/20190918142900_00160.jpg,datasets_cloudmask/dataset_cropped/09_Metas/18/14/20190918142900_00160.png,747,754.9,162.7,29.4,959
9/18/2019 14:30,datasets/dataset_cropped/09_Metas/18/14/20190918143000_00160.jpg,datasets_flow/dataset_cropped/09_Metas/18/14/20190918143000_00160.jpg,datasets_cloudmask/dataset_cropped/09_Metas/18/14/20190918143000_00160.png,744.6,752.3,163.5,29.2,959
9/18/2019 14:31,datasets/dataset_cropped/09_Metas/18/14/20190918143100_00160.jpg,datasets_flow/dataset_cropped/09_Metas/18/14/20190918143100_00160.jpg,datasets_cloudmask/dataset_cropped/09_Metas/18/14/20190918143100_00160.png,743.9,751.7,165.1,28.9,959
9/18/2019 14:32,datasets/dataset_cropped/09_Metas/18/14/20190918143200_00160.jpg,datasets_flow/dataset_cropped/09_Metas/18/14/20190918143200_00160.jpg,datasets_cloudmask/dataset_cropped/09_Metas/18/14/20190918143200_00160.png,744,751,167.4,28.8,959
9/18/2019 14:33,datasets/dataset_cropped/09_Metas/18/14/20190918143300_00160.jpg,datasets_flow/dataset_cropped/09_Metas/18/14/20190918143300_00160.jpg,datasets_cloudmask/dataset_cropped/09_Metas/18/14/20190918143300_00160.png,756.8,764.9,170.2,28.7,959
9/18/2019 14:34,datasets/dataset_cropped/09_Metas/18/14/20190918143400_00160.jpg,datasets_flow/dataset_cropped/09_Metas/18/14/20190918143400_00160.jpg,datasets_cloudmask/dataset_cropped/09_Metas/18/14/20190918143400_00160.png,755.7,760.7,173.5,28.9,959
9/18/2019 14:35,datasets/dataset_cropped/09_Metas/18/14/20190918143500_00160.jpg,datasets_flow/dataset_cropped/09_Metas/18/14/20190918143500_00160.jpg,datasets_cloudmask/dataset_cropped/09_Metas/18/14/20190918143500_00160.png,744.5,741.5,179.1,29,959
9/18/2019 14:36,datasets/dataset_cropped/09_Metas/18/14/20190918143600_00160.jpg,datasets_flow/dataset_cropped/09_Metas/18/14/20190918143600_00160.jpg,datasets_cloudmask/dataset_cropped/09_Metas/18/14/20190918143600_00160.png,743.2,735.9,183.6,29.1,959
9/18/2019 14:37,datasets/dataset_cropped/09_Metas/18/14/20190918143700_00160.jpg,datasets_flow/dataset_cropped/09_Metas/18/14/20190918143700_00160.jpg,datasets_cloudmask/dataset_cropped/09_Metas/18/14/20190918143700_00160.png,752.1,745,186.3,29.2,959
9/18/2019 14:38,datasets/dataset_cropped/09_Metas/18/14/20190918143800_00160.jpg,datasets_flow/dataset_cropped/09_Metas/18/14/20190918143800_00160.jpg,datasets_cloudmask/dataset_cropped/09_Metas/18/14/20190918143800_00160.png,757.4,750,189.1,29.4,959
9/18/2019 14:39,datasets/dataset_cropped/09_Metas/18/14/20190918143900_00160.jpg,datasets_flow/dataset_cropped/09_Metas/18/14/20190918143900_00160.jpg,datasets_cloudmask/dataset_cropped/09_Metas/18/14/20190918143900_00160.png,773.5,769.3,191.6,29.5,959
9/18/2019 14:40,datasets/dataset_cropped/09_Metas/18/14/20190918144000_00160.jpg,datasets_flow/dataset_cropped/09_Metas/18/14/20190918144000_00160.jpg,datasets_cloudmask/dataset_cropped/09_Metas/18/14/20190918144000_00160.png,769.4,764.9,192,29.8,959
9/18/2019 14:41,datasets/dataset_cropped/09_Metas/18/14/20190918144100_00160.jpg,datasets_flow/dataset_cropped/09_Metas/18/14/20190918144100_00160.jpg,datasets_cloudmask/dataset_cropped/09_Metas/18/14/20190918144100_00160.png,761.3,756.6,191.4,29.5,959
9/18/2019 14:42,datasets/dataset_cropped/09_Metas/18/14/20190918144200_00160.jpg,datasets_flow/dataset_cropped/09_Metas/18/14/20190918144200_00160.jpg,datasets_cloudmask/dataset_cropped/09_Metas/18/14/20190918144200_00160.png,756.4,751.4,192.3,29.2,959
9/18/2019 14:43,datasets/dataset_cropped/09_Metas/18/14/20190918144300_00160.jpg,datasets_flow/dataset_cropped/09_Metas/18/14/20190918144300_00160.jpg,datasets_cloudmask/dataset_cropped/09_Metas/18/14/20190918144300_00160.png,762.3,757.1,195.1,29.4,959
9/18/2019 14:44,datasets/dataset_cropped/09_Metas/18/14/20190918144400_00160.jpg,datasets_flow/dataset_cropped/09_Metas/18/14/20190918144400_00160.jpg,datasets_cloudmask/dataset_cropped/09_Metas/18/14/20190918144400_00160.png,764.3,760.2,196,29.6,959
9/18/2019 14:45,datasets/dataset_cropped/09_Metas/18/14/20190918144500_00160.jpg,datasets_flow/dataset_cropped/09_Metas/18/14/20190918144500_00160.jpg,datasets_cloudmask/dataset_cropped/09_Metas/18/14/20190918144500_00160.png,762.1,753.9,199.2,29.7,959
9/18/2019 14:46,datasets/dataset_cropped/09_Metas/18/14/20190918144600_00160.jpg,datasets_flow/dataset_cropped/09_Metas/18/14/20190918144600_00160.jpg,datasets_cloudmask/dataset_cropped/09_Metas/18/14/20190918144600_00160.png,762.2,749.1,203.9,29.5,959
9/18/2019 14:47,datasets/dataset_cropped/09_Metas/18/14/20190918144700_00160.jpg,datasets_flow/dataset_cropped/09_Metas/18/14/20190918144700_00160.jpg,datasets_cloudmask/dataset_cropped/09_Metas/18/14/20190918144700_00160.png,760.1,744.7,205.9,29.4,959
9/18/2019 14:48,datasets/dataset_cropped/09_Metas/18/14/20190918144800_00160.jpg,datasets_flow/dataset_cropped/09_Metas/18/14/20190918144800_00160.jpg,datasets_cloudmask/dataset_cropped/09_Metas/18/14/20190918144800_00160.png,754.9,736.5,208.4,29.3,959
9/18/2019 14:49,datasets/dataset_cropped/09_Metas/18/14/20190918144900_00160.jpg,datasets_flow/dataset_cropped/09_Metas/18/14/20190918144900_00160.jpg,datasets_cloudmask/dataset_cropped/09_Metas/18/14/20190918144900_00160.png,759.4,737.8,212.8,29.3,959
9/18/2019 14:50,datasets/dataset_cropped/09_Metas/18/14/20190918145000_00160.jpg,datasets_flow/dataset_cropped/09_Metas/18/14/20190918145000_00160.jpg,datasets_cloudmask/dataset_cropped/09_Metas/18/14/20190918145000_00160.png,763.6,739.1,216.6,29.1,959
9/18/2019 14:51,datasets/dataset_cropped/09_Metas/18/14/20190918145100_00160.jpg,datasets_flow/dataset_cropped/09_Metas/18/14/20190918145100_00160.jpg,datasets_cloudmask/dataset_cropped/09_Metas/18/14/20190918145100_00160.png,771.4,739.7,225,28.9,959
9/18/2019 14:52,datasets/dataset_cropped/09_Metas/18/14/20190918145200_00160.jpg,datasets_flow/dataset_cropped/09_Metas/18/14/20190918145200_00160.jpg,datasets_cloudmask/dataset_cropped/09_Metas/18/14/20190918145200_00160.png,774.1,735.3,232.1,28.8,959
9/18/2019 14:53,datasets/dataset_cropped/09_Metas/18/14/20190918145300_00160.jpg,datasets_flow/dataset_cropped/09_Metas/18/14/20190918145300_00160.jpg,datasets_cloudmask/dataset_cropped/09_Metas/18/14/20190918145300_00160.png,773.5,729.6,237.2,28.9,959
9/18/2019 14:54,datasets/dataset_cropped/09_Metas/18/14/20190918145400_00160.jpg,datasets_flow/dataset_cropped/09_Metas/18/14/20190918145400_00160.jpg,datasets_cloudmask/dataset_cropped/09_Metas/18/14/20190918145400_00160.png,767.1,720,239.7,28.9,959
9/18/2019 14:55,datasets/dataset_cropped/09_Metas/18/14/20190918145500_00160.jpg,datasets_flow/dataset_cropped/09_Metas/18/14/20190918145500_00160.jpg,datasets_cloudmask/dataset_cropped/09_Metas/18/14/20190918145500_00160.png,779.4,736.4,241.3,29,959
9/18/2019 14:56,datasets/dataset_cropped/09_Metas/18/14/20190918145600_00160.jpg,datasets_flow/dataset_cropped/09_Metas/18/14/20190918145600_00160.jpg,datasets_cloudmask/dataset_cropped/09_Metas/18/14/20190918145600_00160.png,753.5,712.8,233.9,29.2,959
9/18/2019 14:57,datasets/dataset_cropped/09_Metas/18/14/20190918145700_00160.jpg,datasets_flow/dataset_cropped/09_Metas/18/14/20190918145700_00160.jpg,datasets_cloudmask/dataset_cropped/09_Metas/18/14/20190918145700_00160.png,725.5,690.3,222.7,29.5,959
9/18/2019 14:58,datasets/dataset_cropped/09_Metas/18/14/20190918145800_00160.jpg,datasets_flow/dataset_cropped/09_Metas/18/14/20190918145800_00160.jpg,datasets_cloudmask/dataset_cropped/09_Metas/18/14/20190918145800_00160.png,749.9,730.8,218.1,29.6,959
9/18/2019 14:59,datasets/dataset_cropped/09_Metas/18/14/20190918145900_00160.jpg,datasets_flow/dataset_cropped/09_Metas/18/14/20190918145900_00160.jpg,datasets_cloudmask/dataset_cropped/09_Metas/18/14/20190918145900_00160.png,749.7,735.6,216.1,29.6,959
9/18/2019 15:00,datasets/dataset_cropped/09_Metas/18/15/20190918150000_00160.jpg,datasets_flow/dataset_cropped/09_Metas/18/15/20190918150000_00160.jpg,datasets_cloudmask/dataset_cropped/09_Metas/18/15/20190918150000_00160.png,741.2,725.8,216.7,29.5,959
9/18/2019 15:01,datasets/dataset_cropped/09_Metas/18/15/20190918150100_00160.jpg,datasets_flow/dataset_cropped/09_Metas/18/15/20190918150100_00160.jpg,datasets_cloudmask/dataset_cropped/09_Metas/18/15/20190918150100_00160.png,751.8,734,222.9,29.5,959
9/18/2019 15:02,datasets/dataset_cropped/09_Metas/18/15/20190918150200_00160.jpg,datasets_flow/dataset_cropped/09_Metas/18/15/20190918150200_00160.jpg,datasets_cloudmask/dataset_cropped/09_Metas/18/15/20190918150200_00160.png,750.4,729,226.6,29.4,959
9/18/2019 15:03,datasets/dataset_cropped/09_Metas/18/15/20190918150300_00160.jpg,datasets_flow/dataset_cropped/09_Metas/18/15/20190918150300_00160.jpg,datasets_cloudmask/dataset_cropped/09_Metas/18/15/20190918150300_00160.png,748.6,731.3,223.1,29.6,959
9/18/2019 15:04,datasets/dataset_cropped/09_Metas/18/15/20190918150400_00160.jpg,datasets_flow/dataset_cropped/09_Metas/18/15/20190918150400_00160.jpg,datasets_cloudmask/dataset_cropped/09_Metas/18/15/20190918150400_00160.png,750.8,732.5,225.4,29.5,959
9/18/2019 15:05,datasets/dataset_cropped/09_Metas/18/15/20190918150500_00160.jpg,datasets_flow/dataset_cropped/09_Metas/18/15/20190918150500_00160.jpg,datasets_cloudmask/dataset_cropped/09_Metas/18/15/20190918150500_00160.png,744.7,726.1,225.4,29.3,959
9/18/2019 15:06,datasets/dataset_cropped/09_Metas/18/15/20190918150600_00160.jpg,datasets_flow/dataset_cropped/09_Metas/18/15/20190918150600_00160.jpg,datasets_cloudmask/dataset_cropped/09_Metas/18/15/20190918150600_00160.png,746,731.8,223.8,29.5,959
9/18/2019 15:07,datasets/dataset_cropped/09_Metas/18/15/20190918150700_00160.jpg,datasets_flow/dataset_cropped/09_Metas/18/15/20190918150700_00160.jpg,datasets_cloudmask/dataset_cropped/09_Metas/18/15/20190918150700_00160.png,707.5,688.4,217.6,29.7,959
9/18/2019 15:08,datasets/dataset_cropped/09_Metas/18/15/20190918150800_00160.jpg,datasets_flow/dataset_cropped/09_Metas/18/15/20190918150800_00160.jpg,datasets_cloudmask/dataset_cropped/09_Metas/18/15/20190918150800_00160.png,675,652.6,211.2,29.4,959
9/18/2019 15:09,datasets/dataset_cropped/09_Metas/18/15/20190918150900_00160.jpg,datasets_flow/dataset_cropped/09_Metas/18/15/20190918150900_00160.jpg,datasets_cloudmask/dataset_cropped/09_Metas/18/15/20190918150900_00160.png,643.8,619.3,204.5,29.3,959
9/18/2019 15:10,datasets/dataset_cropped/09_Metas/18/15/20190918151000_00160.jpg,datasets_flow/dataset_cropped/09_Metas/18/15/20190918151000_00160.jpg,datasets_cloudmask/dataset_cropped/09_Metas/18/15/20190918151000_00160.png,619.8,585.9,205.1,29.2,959
9/18/2019 15:11,datasets/dataset_cropped/09_Metas/18/15/20190918151100_00160.jpg,datasets_flow/dataset_cropped/09_Metas/18/15/20190918151100_00160.jpg,datasets_cloudmask/dataset_cropped/09_Metas/18/15/20190918151100_00160.png,595.3,555,203.6,29.3,959
9/18/2019 15:12,datasets/dataset_cropped/09_Metas/18/15/20190918151200_00160.jpg,datasets_flow/dataset_cropped/09_Metas/18/15/20190918151200_00160.jpg,datasets_cloudmask/dataset_cropped/09_Metas/18/15/20190918151200_00160.png,697.6,683.2,216.8,29.5,959
9/18/2019 15:13,datasets/dataset_cropped/09_Metas/18/15/20190918151300_00160.jpg,datasets_flow/dataset_cropped/09_Metas/18/15/20190918151300_00160.jpg,datasets_cloudmask/dataset_cropped/09_Metas/18/15/20190918151300_00160.png,696.1,675.9,221,29.5,959
9/18/2019 15:14,datasets/dataset_cropped/09_Metas/18/15/20190918151400_00160.jpg,datasets_flow/dataset_cropped/09_Metas/18/15/20190918151400_00160.jpg,datasets_cloudmask/dataset_cropped/09_Metas/18/15/20190918151400_00160.png,679,649.3,223.1,29.5,959
9/18/2019 15:15,datasets/dataset_cropped/09_Metas/18/15/20190918151500_00160.jpg,datasets_flow/dataset_cropped/09_Metas/18/15/20190918151500_00160.jpg,datasets_cloudmask/dataset_cropped/09_Metas/18/15/20190918151500_00160.png,666.5,635.4,220.7,29.3,959
9/18/2019 15:16,datasets/dataset_cropped/09_Metas/18/15/20190918151600_00160.jpg,datasets_flow/dataset_cropped/09_Metas/18/15/20190918151600_00160.jpg,datasets_cloudmask/dataset_cropped/09_Metas/18/15/20190918151600_00160.png,712.3,702.9,220.6,29.2,959
9/18/2019 15:17,datasets/dataset_cropped/09_Metas/18/15/20190918151700_00160.jpg,datasets_flow/dataset_cropped/09_Metas/18/15/20190918151700_00160.jpg,datasets_cloudmask/dataset_cropped/09_Metas/18/15/20190918151700_00160.png,700.6,690.4,218,29.1,959
9/18/2019 15:18,datasets/dataset_cropped/09_Metas/18/15/20190918151800_00160.jpg,datasets_flow/dataset_cropped/09_Metas/18/15/20190918151800_00160.jpg,datasets_cloudmask/dataset_cropped/09_Metas/18/15/20190918151800_00160.png,680.6,668.9,213.6,28.9,959
9/18/2019 15:19,datasets/dataset_cropped/09_Metas/18/15/20190918151900_00160.jpg,datasets_flow/dataset_cropped/09_Metas/18/15/20190918151900_00160.jpg,datasets_cloudmask/dataset_cropped/09_Metas/18/15/20190918151900_00160.png,646.4,630.7,206.4,28.9,959
9/18/2019 15:20,datasets/dataset_cropped/09_Metas/18/15/20190918152000_00160.jpg,datasets_flow/dataset_cropped/09_Metas/18/15/20190918152000_00160.jpg,datasets_cloudmask/dataset_cropped/09_Metas/18/15/20190918152000_00160.png,641.6,624.9,206.8,29.1,959
9/18/2019 15:21,datasets/dataset_cropped/09_Metas/18/15/20190918152100_00160.jpg,datasets_flow/dataset_cropped/09_Metas/18/15/20190918152100_00160.jpg,datasets_cloudmask/dataset_cropped/09_Metas/18/15/20190918152100_00160.png,634.7,609.4,212.3,29.1,959
9/18/2019 15:22,datasets/dataset_cropped/09_Metas/18/15/20190918152200_00160.jpg,datasets_flow/dataset_cropped/09_Metas/18/15/20190918152200_00160.jpg,datasets_cloudmask/dataset_cropped/09_Metas/18/15/20190918152200_00160.png,607.1,575,210.1,29.1,959
9/18/2019 15:23,datasets/dataset_cropped/09_Metas/18/15/20190918152300_00160.jpg,datasets_flow/dataset_cropped/09_Metas/18/15/20190918152300_00160.jpg,datasets_cloudmask/dataset_cropped/09_Metas/18/15/20190918152300_00160.png,588.6,552.3,208.5,29.2,959
9/18/2019 15:24,datasets/dataset_cropped/09_Metas/18/15/20190918152400_00160.jpg,datasets_flow/dataset_cropped/09_Metas/18/15/20190918152400_00160.jpg,datasets_cloudmask/dataset_cropped/09_Metas/18/15/20190918152400_00160.png,633.7,613.6,213.6,29.1,959
9/18/2019 15:25,datasets/dataset_cropped/09_Metas/18/15/20190918152500_00160.jpg,datasets_flow/dataset_cropped/09_Metas/18/15/20190918152500_00160.jpg,datasets_cloudmask/dataset_cropped/09_Metas/18/15/20190918152500_00160.png,657.8,651,213.9,29.1,959
9/18/2019 15:26,datasets/dataset_cropped/09_Metas/18/15/20190918152600_00160.jpg,datasets_flow/dataset_cropped/09_Metas/18/15/20190918152600_00160.jpg,datasets_cloudmask/dataset_cropped/09_Metas/18/15/20190918152600_00160.png,637.3,630.1,209.4,29.4,959
9/18/2019 15:27,datasets/dataset_cropped/09_Metas/18/15/20190918152700_00160.jpg,datasets_flow/dataset_cropped/09_Metas/18/15/20190918152700_00160.jpg,datasets_cloudmask/dataset_cropped/09_Metas/18/15/20190918152700_00160.png,651.7,655.1,208.3,29.5,959
9/18/2019 15:28,datasets/dataset_cropped/09_Metas/18/15/20190918152800_00160.jpg,datasets_flow/dataset_cropped/09_Metas/18/15/20190918152800_00160.jpg,datasets_cloudmask/dataset_cropped/09_Metas/18/15/20190918152800_00160.png,589.2,574.2,201,29.4,959
9/18/2019 15:29,datasets/dataset_cropped/09_Metas/18/15/20190918152900_00160.jpg,datasets_flow/dataset_cropped/09_Metas/18/15/20190918152900_00160.jpg,datasets_cloudmask/dataset_cropped/09_Metas/18/15/20190918152900_00160.png,629.2,637.8,199.3,29.6,959
9/18/2019 15:30,datasets/dataset_cropped/09_Metas/18/15/20190918153000_00160.jpg,datasets_flow/dataset_cropped/09_Metas/18/15/20190918153000_00160.jpg,datasets_cloudmask/dataset_cropped/09_Metas/18/15/20190918153000_00160.png,654.5,679.1,198.3,29.4,959
9/18/2019 15:31,datasets/dataset_cropped/09_Metas/18/15/20190918153100_00160.jpg,datasets_flow/dataset_cropped/09_Metas/18/15/20190918153100_00160.jpg,datasets_cloudmask/dataset_cropped/09_Metas/18/15/20190918153100_00160.png,651.4,684.2,193.6,29.2,959
9/18/2019 15:32,datasets/dataset_cropped/09_Metas/18/15/20190918153200_00160.jpg,datasets_flow/dataset_cropped/09_Metas/18/15/20190918153200_00160.jpg,datasets_cloudmask/dataset_cropped/09_Metas/18/15/20190918153200_00160.png,638.3,677.1,187.3,29.1,959
9/18/2019 15:33,datasets/dataset_cropped/09_Metas/18/15/20190918153300_00160.jpg,datasets_flow/dataset_cropped/09_Metas/18/15/20190918153300_00160.jpg,datasets_cloudmask/dataset_cropped/09_Metas/18/15/20190918153300_00160.png,639.4,685.3,184.2,29.2,959
9/18/2019 15:34,datasets/dataset_cropped/09_Metas/18/15/20190918153400_00160.jpg,datasets_flow/dataset_cropped/09_Metas/18/15/20190918153400_00160.jpg,datasets_cloudmask/dataset_cropped/09_Metas/18/15/20190918153400_00160.png,632.5,681,181.2,29.2,959
9/18/2019 15:35,datasets/dataset_cropped/09_Metas/18/15/20190918153500_00160.jpg,datasets_flow/dataset_cropped/09_Metas/18/15/20190918153500_00160.jpg,datasets_cloudmask/dataset_cropped/09_Metas/18/15/20190918153500_00160.png,626.9,679.8,177.5,29.3,959
9/18/2019 15:36,datasets/dataset_cropped/09_Metas/18/15/20190918153600_00160.jpg,datasets_flow/dataset_cropped/09_Metas/18/15/20190918153600_00160.jpg,datasets_cloudmask/dataset_cropped/09_Metas/18/15/20190918153600_00160.png,616,670.3,174,29.1,959
9/18/2019 15:37,datasets/dataset_cropped/09_Metas/18/15/20190918153700_00160.jpg,datasets_flow/dataset_cropped/09_Metas/18/15/20190918153700_00160.jpg,datasets_cloudmask/dataset_cropped/09_Metas/18/15/20190918153700_00160.png,606.1,658.1,173.5,29.3,959
9/18/2019 15:38,datasets/dataset_cropped/09_Metas/18/15/20190918153800_00160.jpg,datasets_flow/dataset_cropped/09_Metas/18/15/20190918153800_00160.jpg,datasets_cloudmask/dataset_cropped/09_Metas/18/15/20190918153800_00160.png,597.6,648.3,173.3,29.4,959
9/18/2019 15:39,datasets/dataset_cropped/09_Metas/18/15/20190918153900_00160.jpg,datasets_flow/dataset_cropped/09_Metas/18/15/20190918153900_00160.jpg,datasets_cloudmask/dataset_cropped/09_Metas/18/15/20190918153900_00160.png,595.9,647.8,173,29.3,959
9/18/2019 15:40,datasets/dataset_cropped/09_Metas/18/15/20190918154000_00160.jpg,datasets_flow/dataset_cropped/09_Metas/18/15/20190918154000_00160.jpg,datasets_cloudmask/dataset_cropped/09_Metas/18/15/20190918154000_00160.png,615.3,677.9,173.8,29.3,959
9/18/2019 15:41,datasets/dataset_cropped/09_Metas/18/15/20190918154100_00160.jpg,datasets_flow/dataset_cropped/09_Metas/18/15/20190918154100_00160.jpg,datasets_cloudmask/dataset_cropped/09_Metas/18/15/20190918154100_00160.png,620.1,689.2,172.6,29.6,959
9/18/2019 15:42,datasets/dataset_cropped/09_Metas/18/15/20190918154200_00160.jpg,datasets_flow/dataset_cropped/09_Metas/18/15/20190918154200_00160.jpg,datasets_cloudmask/dataset_cropped/09_Metas/18/15/20190918154200_00160.png,611.5,679.6,171.5,29.7,959
9/18/2019 15:43,datasets/dataset_cropped/09_Metas/18/15/20190918154300_00160.jpg,datasets_flow/dataset_cropped/09_Metas/18/15/20190918154300_00160.jpg,datasets_cloudmask/dataset_cropped/09_Metas/18/15/20190918154300_00160.png,622.8,695.4,174.5,29.6,959
9/18/2019 15:44,datasets/dataset_cropped/09_Metas/18/15/20190918154400_00160.jpg,datasets_flow/dataset_cropped/09_Metas/18/15/20190918154400_00160.jpg,datasets_cloudmask/dataset_cropped/09_Metas/18/15/20190918154400_00160.png,628.4,702.3,177.4,29.5,959
9/18/2019 15:45,datasets/dataset_cropped/09_Metas/18/15/20190918154500_00160.jpg,datasets_flow/dataset_cropped/09_Metas/18/15/20190918154500_00160.jpg,datasets_cloudmask/dataset_cropped/09_Metas/18/15/20190918154500_00160.png,631.6,708.4,178.5,29.5,959
9/18/2019 15:46,datasets/dataset_cropped/09_Metas/18/15/20190918154600_00160.jpg,datasets_flow/dataset_cropped/09_Metas/18/15/20190918154600_00160.jpg,datasets_cloudmask/dataset_cropped/09_Metas/18/15/20190918154600_00160.png,615.4,687.5,176.6,29.6,959
9/18/2019 15:47,datasets/dataset_cropped/09_Metas/18/15/20190918154700_00160.jpg,datasets_flow/dataset_cropped/09_Metas/18/15/20190918154700_00160.jpg,datasets_cloudmask/dataset_cropped/09_Metas/18/15/20190918154700_00160.png,612.6,689.8,174,29.4,959
9/18/2019 15:48,datasets/dataset_cropped/09_Metas/18/15/20190918154800_00160.jpg,datasets_flow/dataset_cropped/09_Metas/18/15/20190918154800_00160.jpg,datasets_cloudmask/dataset_cropped/09_Metas/18/15/20190918154800_00160.png,612.6,694,172.8,29.4,959
9/18/2019 15:49,datasets/dataset_cropped/09_Metas/18/15/20190918154900_00160.jpg,datasets_flow/dataset_cropped/09_Metas/18/15/20190918154900_00160.jpg,datasets_cloudmask/dataset_cropped/09_Metas/18/15/20190918154900_00160.png,607.6,688.1,173,29.4,959
9/18/2019 15:50,datasets/dataset_cropped/09_Metas/18/15/20190918155000_00160.jpg,datasets_flow/dataset_cropped/09_Metas/18/15/20190918155000_00160.jpg,datasets_cloudmask/dataset_cropped/09_Metas/18/15/20190918155000_00160.png,607.5,690.5,172.8,29.3,959
9/18/2019 15:51,datasets/dataset_cropped/09_Metas/18/15/20190918155100_00160.jpg,datasets_flow/dataset_cropped/09_Metas/18/15/20190918155100_00160.jpg,datasets_cloudmask/dataset_cropped/09_Metas/18/15/20190918155100_00160.png,616.1,706.7,173.1,29.1,959
9/18/2019 15:52,datasets/dataset_cropped/09_Metas/18/15/20190918155200_00160.jpg,datasets_flow/dataset_cropped/09_Metas/18/15/20190918155200_00160.jpg,datasets_cloudmask/dataset_cropped/09_Metas/18/15/20190918155200_00160.png,614.9,707.5,173.4,29,959
9/18/2019 15:53,datasets/dataset_cropped/09_Metas/18/15/20190918155300_00160.jpg,datasets_flow/dataset_cropped/09_Metas/18/15/20190918155300_00160.jpg,datasets_cloudmask/dataset_cropped/09_Metas/18/15/20190918155300_00160.png,614,702.3,177.5,29.1,959
9/18/2019 15:54,datasets/dataset_cropped/09_Metas/18/15/20190918155400_00160.jpg,datasets_flow/dataset_cropped/09_Metas/18/15/20190918155400_00160.jpg,datasets_cloudmask/dataset_cropped/09_Metas/18/15/20190918155400_00160.png,619.2,705,183.1,29,959
9/18/2019 15:55,datasets/dataset_cropped/09_Metas/18/15/20190918155500_00160.jpg,datasets_flow/dataset_cropped/09_Metas/18/15/20190918155500_00160.jpg,datasets_cloudmask/dataset_cropped/09_Metas/18/15/20190918155500_00160.png,625.4,712,186.8,29.2,959
9/18/2019 15:56,datasets/dataset_cropped/09_Metas/18/15/20190918155600_00160.jpg,datasets_flow/dataset_cropped/09_Metas/18/15/20190918155600_00160.jpg,datasets_cloudmask/dataset_cropped/09_Metas/18/15/20190918155600_00160.png,617.3,709.7,181.9,29.6,959
9/18/2019 15:57,datasets/dataset_cropped/09_Metas/18/15/20190918155700_00160.jpg,datasets_flow/dataset_cropped/09_Metas/18/15/20190918155700_00160.jpg,datasets_cloudmask/dataset_cropped/09_Metas/18/15/20190918155700_00160.png,594,689.2,172.7,29.5,959
9/18/2019 15:58,datasets/dataset_cropped/09_Metas/18/15/20190918155800_00160.jpg,datasets_flow/dataset_cropped/09_Metas/18/15/20190918155800_00160.jpg,datasets_cloudmask/dataset_cropped/09_Metas/18/15/20190918155800_00160.png,586,687.3,167,29.6,959
9/18/2019 15:59,datasets/dataset_cropped/09_Metas/18/15/20190918155900_00160.jpg,datasets_flow/dataset_cropped/09_Metas/18/15/20190918155900_00160.jpg,datasets_cloudmask/dataset_cropped/09_Metas/18/15/20190918155900_00160.png,572.7,677.1,160.9,29.7,959
9/18/2019 16:00,datasets/dataset_cropped/09_Metas/18/16/20190918160000_00160.jpg,datasets_flow/dataset_cropped/09_Metas/18/16/20190918160000_00160.jpg,datasets_cloudmask/dataset_cropped/09_Metas/18/16/20190918160000_00160.png,557.8,659.7,157.8,29.5,959
9/18/2019 16:01,datasets/dataset_cropped/09_Metas/18/16/20190918160100_00160.jpg,datasets_flow/dataset_cropped/09_Metas/18/16/20190918160100_00160.jpg,datasets_cloudmask/dataset_cropped/09_Metas/18/16/20190918160100_00160.png,551.3,653.2,156.8,29.6,959
9/18/2019 16:02,datasets/dataset_cropped/09_Metas/18/16/20190918160200_00160.jpg,datasets_flow/dataset_cropped/09_Metas/18/16/20190918160200_00160.jpg,datasets_cloudmask/dataset_cropped/09_Metas/18/16/20190918160200_00160.png,526.4,618.7,153.8,29.8,959
9/18/2019 16:03,datasets/dataset_cropped/09_Metas/18/16/20190918160300_00160.jpg,datasets_flow/dataset_cropped/09_Metas/18/16/20190918160300_00160.jpg,datasets_cloudmask/dataset_cropped/09_Metas/18/16/20190918160300_00160.png,491.3,567.7,150.2,29.6,959
9/18/2019 16:04,datasets/dataset_cropped/09_Metas/18/16/20190918160400_00160.jpg,datasets_flow/dataset_cropped/09_Metas/18/16/20190918160400_00160.jpg,datasets_cloudmask/dataset_cropped/09_Metas/18/16/20190918160400_00160.png,491.1,568.4,150.6,29.7,959
9/18/2019 16:05,datasets/dataset_cropped/09_Metas/18/16/20190918160500_00160.jpg,datasets_flow/dataset_cropped/09_Metas/18/16/20190918160500_00160.jpg,datasets_cloudmask/dataset_cropped/09_Metas/18/16/20190918160500_00160.png,482.8,555.2,151.1,29.8,958
9/18/2019 16:06,datasets/dataset_cropped/09_Metas/18/16/20190918160600_00160.jpg,datasets_flow/dataset_cropped/09_Metas/18/16/20190918160600_00160.jpg,datasets_cloudmask/dataset_cropped/09_Metas/18/16/20190918160600_00160.png,473.4,541.5,151.4,29.7,959
9/18/2019 16:07,datasets/dataset_cropped/09_Metas/18/16/20190918160700_00160.jpg,datasets_flow/dataset_cropped/09_Metas/18/16/20190918160700_00160.jpg,datasets_cloudmask/dataset_cropped/09_Metas/18/16/20190918160700_00160.png,476.9,548.5,152.3,29.5,959
9/18/2019 16:08,datasets/dataset_cropped/09_Metas/18/16/20190918160800_00160.jpg,datasets_flow/dataset_cropped/09_Metas/18/16/20190918160800_00160.jpg,datasets_cloudmask/dataset_cropped/09_Metas/18/16/20190918160800_00160.png,473.2,541.1,154.1,29.6,958
9/18/2019 16:09,datasets/dataset_cropped/09_Metas/18/16/20190918160900_00160.jpg,datasets_flow/dataset_cropped/09_Metas/18/16/20190918160900_00160.jpg,datasets_cloudmask/dataset_cropped/09_Metas/18/16/20190918160900_00160.png,500.4,583.3,158.3,29.7,958
9/18/2019 16:10,datasets/dataset_cropped/09_Metas/18/16/20190918161000_00160.jpg,datasets_flow/dataset_cropped/09_Metas/18/16/20190918161000_00160.jpg,datasets_cloudmask/dataset_cropped/09_Metas/18/16/20190918161000_00160.png,523.5,620.3,162.1,29.6,959
9/18/2019 16:11,datasets/dataset_cropped/09_Metas/18/16/20190918161100_00160.jpg,datasets_flow/dataset_cropped/09_Metas/18/16/20190918161100_00160.jpg,datasets_cloudmask/dataset_cropped/09_Metas/18/16/20190918161100_00160.png,521.5,616,164.4,29.6,958
9/18/2019 16:12,datasets/dataset_cropped/09_Metas/18/16/20190918161200_00160.jpg,datasets_flow/dataset_cropped/09_Metas/18/16/20190918161200_00160.jpg,datasets_cloudmask/dataset_cropped/09_Metas/18/16/20190918161200_00160.png,524.6,621,166,29.4,958
9/18/2019 16:13,datasets/dataset_cropped/09_Metas/18/16/20190918161300_00160.jpg,datasets_flow/dataset_cropped/09_Metas/18/16/20190918161300_00160.jpg,datasets_cloudmask/dataset_cropped/09_Metas/18/16/20190918161300_00160.png,516.6,607.5,167.1,29.1,958
9/18/2019 16:14,datasets/dataset_cropped/09_Metas/18/16/20190918161400_00160.jpg,datasets_flow/dataset_cropped/09_Metas/18/16/20190918161400_00160.jpg,datasets_cloudmask/dataset_cropped/09_Metas/18/16/20190918161400_00160.png,497.1,578.1,165.9,29.2,958
9/18/2019 16:15,datasets/dataset_cropped/09_Metas/18/16/20190918161500_00160.jpg,datasets_flow/dataset_cropped/09_Metas/18/16/20190918161500_00160.jpg,datasets_cloudmask/dataset_cropped/09_Metas/18/16/20190918161500_00160.png,394.1,412.3,157.7,29.2,958
9/18/2019 16:16,datasets/dataset_cropped/09_Metas/18/16/20190918161600_00160.jpg,datasets_flow/dataset_cropped/09_Metas/18/16/20190918161600_00160.jpg,datasets_cloudmask/dataset_cropped/09_Metas/18/16/20190918161600_00160.png,406.1,436,157.1,29.3,958
9/18/2019 16:17,datasets/dataset_cropped/09_Metas/18/16/20190918161700_00160.jpg,datasets_flow/dataset_cropped/09_Metas/18/16/20190918161700_00160.jpg,datasets_cloudmask/dataset_cropped/09_Metas/18/16/20190918161700_00160.png,449.8,506,163.2,29.1,958
9/18/2019 16:18,datasets/dataset_cropped/09_Metas/18/16/20190918161800_00160.jpg,datasets_flow/dataset_cropped/09_Metas/18/16/20190918161800_00160.jpg,datasets_cloudmask/dataset_cropped/09_Metas/18/16/20190918161800_00160.png,458.7,519,166.3,29.1,958
9/18/2019 16:19,datasets/dataset_cropped/09_Metas/18/16/20190918161900_00160.jpg,datasets_flow/dataset_cropped/09_Metas/18/16/20190918161900_00160.jpg,datasets_cloudmask/dataset_cropped/09_Metas/18/16/20190918161900_00160.png,469.1,536.1,168.6,29,958
9/18/2019 16:20,datasets/dataset_cropped/09_Metas/18/16/20190918162000_00160.jpg,datasets_flow/dataset_cropped/09_Metas/18/16/20190918162000_00160.jpg,datasets_cloudmask/dataset_cropped/09_Metas/18/16/20190918162000_00160.png,451.7,506.7,168.8,29,958
9/18/2019 16:21,datasets/dataset_cropped/09_Metas/18/16/20190918162100_00160.jpg,datasets_flow/dataset_cropped/09_Metas/18/16/20190918162100_00160.jpg,datasets_cloudmask/dataset_cropped/09_Metas/18/16/20190918162100_00160.png,466.5,530.2,172.1,29,958
9/18/2019 16:22,datasets/dataset_cropped/09_Metas/18/16/20190918162200_00160.jpg,datasets_flow/dataset_cropped/09_Metas/18/16/20190918162200_00160.jpg,datasets_cloudmask/dataset_cropped/09_Metas/18/16/20190918162200_00160.png,472.4,540.5,173.9,28.9,959
9/18/2019 16:23,datasets/dataset_cropped/09_Metas/18/16/20190918162300_00160.jpg,datasets_flow/dataset_cropped/09_Metas/18/16/20190918162300_00160.jpg,datasets_cloudmask/dataset_cropped/09_Metas/18/16/20190918162300_00160.png,468.5,535.1,174.4,28.8,958
9/18/2019 16:24,datasets/dataset_cropped/09_Metas/18/16/20190918162400_00160.jpg,datasets_flow/dataset_cropped/09_Metas/18/16/20190918162400_00160.jpg,datasets_cloudmask/dataset_cropped/09_Metas/18/16/20190918162400_00160.png,490.2,572.1,177.8,28.6,959
9/18/2019 16:25,datasets/dataset_cropped/09_Metas/18/16/20190918162500_00160.jpg,datasets_flow/dataset_cropped/09_Metas/18/16/20190918162500_00160.jpg,datasets_cloudmask/dataset_cropped/09_Metas/18/16/20190918162500_00160.png,501.6,592.8,179.6,28.3,958
9/18/2019 16:26,datasets/dataset_cropped/09_Metas/18/16/20190918162600_00160.jpg,datasets_flow/dataset_cropped/09_Metas/18/16/20190918162600_00160.jpg,datasets_cloudmask/dataset_cropped/09_Metas/18/16/20190918162600_00160.png,476.7,552.4,178.4,28.3,958
9/18/2019 16:27,datasets/dataset_cropped/09_Metas/18/16/20190918162700_00160.jpg,datasets_flow/dataset_cropped/09_Metas/18/16/20190918162700_00160.jpg,datasets_cloudmask/dataset_cropped/09_Metas/18/16/20190918162700_00160.png,466.5,540.5,176,28.5,959
9/18/2019 16:28,datasets/dataset_cropped/09_Metas/18/16/20190918162800_00160.jpg,datasets_flow/dataset_cropped/09_Metas/18/16/20190918162800_00160.jpg,datasets_cloudmask/dataset_cropped/09_Metas/18/16/20190918162800_00160.png,481.6,568,177.8,28.4,958
9/18/2019 16:29,datasets/dataset_cropped/09_Metas/18/16/20190918162900_00160.jpg,datasets_flow/dataset_cropped/09_Metas/18/16/20190918162900_00160.jpg,datasets_cloudmask/dataset_cropped/09_Metas/18/16/20190918162900_00160.png,486.4,578.5,178.5,28.3,958
9/18/2019 16:30,datasets/dataset_cropped/09_Metas/18/16/20190918163000_00160.jpg,datasets_flow/dataset_cropped/09_Metas/18/16/20190918163000_00160.jpg,datasets_cloudmask/dataset_cropped/09_Metas/18/16/20190918163000_00160.png,477.3,564.8,178.2,28.1,959
9/18/2019 16:31,datasets/dataset_cropped/09_Metas/18/16/20190918163100_00160.jpg,datasets_flow/dataset_cropped/09_Metas/18/16/20190918163100_00160.jpg,datasets_cloudmask/dataset_cropped/09_Metas/18/16/20190918163100_00160.png,435,493.3,174.7,28.2,958
9/18/2019 16:32,datasets/dataset_cropped/09_Metas/18/16/20190918163200_00160.jpg,datasets_flow/dataset_cropped/09_Metas/18/16/20190918163200_00160.jpg,datasets_cloudmask/dataset_cropped/09_Metas/18/16/20190918163200_00160.png,463.4,547.6,176.1,28.3,959
9/18/2019 16:33,datasets/dataset_cropped/09_Metas/18/16/20190918163300_00160.jpg,datasets_flow/dataset_cropped/09_Metas/18/16/20190918163300_00160.jpg,datasets_cloudmask/dataset_cropped/09_Metas/18/16/20190918163300_00160.png,466.1,552.9,177.8,28.2,958
9/18/2019 16:34,datasets/dataset_cropped/09_Metas/18/16/20190918163400_00160.jpg,datasets_flow/dataset_cropped/09_Metas/18/16/20190918163400_00160.jpg,datasets_cloudmask/dataset_cropped/09_Metas/18/16/20190918163400_00160.png,456.8,539.2,177.4,28.4,959
9/18/2019 16:35,datasets/dataset_cropped/09_Metas/18/16/20190918163500_00160.jpg,datasets_flow/dataset_cropped/09_Metas/18/16/20190918163500_00160.jpg,datasets_cloudmask/dataset_cropped/09_Metas/18/16/20190918163500_00160.png,447.9,526.2,177.1,28.6,959
9/18/2019 16:36,datasets/dataset_cropped/09_Metas/18/16/20190918163600_00160.jpg,datasets_flow/dataset_cropped/09_Metas/18/16/20190918163600_00160.jpg,datasets_cloudmask/dataset_cropped/09_Metas/18/16/20190918163600_00160.png,429.5,498.1,174.7,28.5,959
9/18/2019 16:37,datasets/dataset_cropped/09_Metas/18/16/20190918163700_00160.jpg,datasets_flow/dataset_cropped/09_Metas/18/16/20190918163700_00160.jpg,datasets_cloudmask/dataset_cropped/09_Metas/18/16/20190918163700_00160.png,371.8,397.5,169.2,28.3,959
9/18/2019 16:38,datasets/dataset_cropped/09_Metas/18/16/20190918163800_00160.jpg,datasets_flow/dataset_cropped/09_Metas/18/16/20190918163800_00160.jpg,datasets_cloudmask/dataset_cropped/09_Metas/18/16/20190918163800_00160.png,425.8,499.5,172.5,28.1,958
9/18/2019 16:39,datasets/dataset_cropped/09_Metas/18/16/20190918163900_00160.jpg,datasets_flow/dataset_cropped/09_Metas/18/16/20190918163900_00160.jpg,datasets_cloudmask/dataset_cropped/09_Metas/18/16/20190918163900_00160.png,397.2,446.4,171.7,27.9,959
9/18/2019 16:40,datasets/dataset_cropped/09_Metas/18/16/20190918164000_00160.jpg,datasets_flow/dataset_cropped/09_Metas/18/16/20190918164000_00160.jpg,datasets_cloudmask/dataset_cropped/09_Metas/18/16/20190918164000_00160.png,424.2,499.5,173.5,28,958
9/18/2019 16:41,datasets/dataset_cropped/09_Metas/18/16/20190918164100_00160.jpg,datasets_flow/dataset_cropped/09_Metas/18/16/20190918164100_00160.jpg,datasets_cloudmask/dataset_cropped/09_Metas/18/16/20190918164100_00160.png,449.5,545.8,177.5,28.1,959
9/18/2019 16:42,datasets/dataset_cropped/09_Metas/18/16/20190918164200_00160.jpg,datasets_flow/dataset_cropped/09_Metas/18/16/20190918164200_00160.jpg,datasets_cloudmask/dataset_cropped/09_Metas/18/16/20190918164200_00160.png,443.9,537.4,177.8,28,959
9/18/2019 16:43,datasets/dataset_cropped/09_Metas/18/16/20190918164300_00160.jpg,datasets_flow/dataset_cropped/09_Metas/18/16/20190918164300_00160.jpg,datasets_cloudmask/dataset_cropped/09_Metas/18/16/20190918164300_00160.png,444.5,542,177.6,28.1,959
9/18/2019 16:44,datasets/dataset_cropped/09_Metas/18/16/20190918164400_00160.jpg,datasets_flow/dataset_cropped/09_Metas/18/16/20190918164400_00160.jpg,datasets_cloudmask/dataset_cropped/09_Metas/18/16/20190918164400_00160.png,452.5,561,178.2,28.4,959
9/18/2019 16:45,datasets/dataset_cropped/09_Metas/18/16/20190918164500_00160.jpg,datasets_flow/dataset_cropped/09_Metas/18/16/20190918164500_00160.jpg,datasets_cloudmask/dataset_cropped/09_Metas/18/16/20190918164500_00160.png,447.6,556.2,177.3,28.4,959
9/18/2019 16:46,datasets/dataset_cropped/09_Metas/18/16/20190918164600_00160.jpg,datasets_flow/dataset_cropped/09_Metas/18/16/20190918164600_00160.jpg,datasets_cloudmask/dataset_cropped/09_Metas/18/16/20190918164600_00160.png,436.2,540.9,174.9,28.2,959
9/18/2019 16:47,datasets/dataset_cropped/09_Metas/18/16/20190918164700_00160.jpg,datasets_flow/dataset_cropped/09_Metas/18/16/20190918164700_00160.jpg,datasets_cloudmask/dataset_cropped/09_Metas/18/16/20190918164700_00160.png,429.6,536.1,172.3,28.1,959
9/18/2019 16:48,datasets/dataset_cropped/09_Metas/18/16/20190918164800_00160.jpg,datasets_flow/dataset_cropped/09_Metas/18/16/20190918164800_00160.jpg,datasets_cloudmask/dataset_cropped/09_Metas/18/16/20190918164800_00160.png,400.1,486.3,168,27.9,959
9/18/2019 16:49,datasets/dataset_cropped/09_Metas/18/16/20190918164900_00160.jpg,datasets_flow/dataset_cropped/09_Metas/18/16/20190918164900_00160.jpg,datasets_cloudmask/dataset_cropped/09_Metas/18/16/20190918164900_00160.png,391.5,476.7,165.3,28,959
9/18/2019 16:50,datasets/dataset_cropped/09_Metas/18/16/20190918165000_00160.jpg,datasets_flow/dataset_cropped/09_Metas/18/16/20190918165000_00160.jpg,datasets_cloudmask/dataset_cropped/09_Metas/18/16/20190918165000_00160.png,408.2,514.4,165.8,28,959
9/18/2019 16:51,datasets/dataset_cropped/09_Metas/18/16/20190918165100_00160.jpg,datasets_flow/dataset_cropped/09_Metas/18/16/20190918165100_00160.jpg,datasets_cloudmask/dataset_cropped/09_Metas/18/16/20190918165100_00160.png,411.7,526,165.3,28.1,959
9/18/2019 16:52,datasets/dataset_cropped/09_Metas/18/16/20190918165200_00160.jpg,datasets_flow/dataset_cropped/09_Metas/18/16/20190918165200_00160.jpg,datasets_cloudmask/dataset_cropped/09_Metas/18/16/20190918165200_00160.png,392,493.6,162,28,959
9/18/2019 16:53,datasets/dataset_cropped/09_Metas/18/16/20190918165300_00160.jpg,datasets_flow/dataset_cropped/09_Metas/18/16/20190918165300_00160.jpg,datasets_cloudmask/dataset_cropped/09_Metas/18/16/20190918165300_00160.png,381.5,478.4,159.6,28,959
9/18/2019 16:54,datasets/dataset_cropped/09_Metas/18/16/20190918165400_00160.jpg,datasets_flow/dataset_cropped/09_Metas/18/16/20190918165400_00160.jpg,datasets_cloudmask/dataset_cropped/09_Metas/18/16/20190918165400_00160.png,375.4,472.7,157.6,28,959
9/18/2019 16:55,datasets/dataset_cropped/09_Metas/18/16/20190918165500_00160.jpg,datasets_flow/dataset_cropped/09_Metas/18/16/20190918165500_00160.jpg,datasets_cloudmask/dataset_cropped/09_Metas/18/16/20190918165500_00160.png,337.7,404,152.4,27.9,959
9/18/2019 16:56,datasets/dataset_cropped/09_Metas/18/16/20190918165600_00160.jpg,datasets_flow/dataset_cropped/09_Metas/18/16/20190918165600_00160.jpg,datasets_cloudmask/dataset_cropped/09_Metas/18/16/20190918165600_00160.png,334.3,404.9,149.9,27.9,959
9/18/2019 16:57,datasets/dataset_cropped/09_Metas/18/16/20190918165700_00160.jpg,datasets_flow/dataset_cropped/09_Metas/18/16/20190918165700_00160.jpg,datasets_cloudmask/dataset_cropped/09_Metas/18/16/20190918165700_00160.png,301.2,341,146.7,27.8,959
9/18/2019 16:58,datasets/dataset_cropped/09_Metas/18/16/20190918165800_00160.jpg,datasets_flow/dataset_cropped/09_Metas/18/16/20190918165800_00160.jpg,datasets_cloudmask/dataset_cropped/09_Metas/18/16/20190918165800_00160.png,305.2,356.7,144.9,27.8,959
9/18/2019 16:59,datasets/dataset_cropped/09_Metas/18/16/20190918165900_00160.jpg,datasets_flow/dataset_cropped/09_Metas/18/16/20190918165900_00160.jpg,datasets_cloudmask/dataset_cropped/09_Metas/18/16/20190918165900_00160.png,264.2,273.6,141.8,27.7,959
9/18/2019 17:00,datasets/dataset_cropped/09_Metas/18/17/20190918170000_00160.jpg,datasets_flow/dataset_cropped/09_Metas/18/17/20190918170000_00160.jpg,datasets_cloudmask/dataset_cropped/09_Metas/18/17/20190918170000_00160.png,247.1,245.5,137.9,27.7,959
9/18/2019 17:01,datasets/dataset_cropped/09_Metas/18/17/20190918170100_00160.jpg,datasets_flow/dataset_cropped/09_Metas/18/17/20190918170100_00160.jpg,datasets_cloudmask/dataset_cropped/09_Metas/18/17/20190918170100_00160.png,234.5,224.3,135.4,27.7,959
9/18/2019 17:02,datasets/dataset_cropped/09_Metas/18/17/20190918170200_00160.jpg,datasets_flow/dataset_cropped/09_Metas/18/17/20190918170200_00160.jpg,datasets_cloudmask/dataset_cropped/09_Metas/18/17/20190918170200_00160.png,241.6,244.7,134.4,27.6,959
9/18/2019 17:03,datasets/dataset_cropped/09_Metas/18/17/20190918170300_00160.jpg,datasets_flow/dataset_cropped/09_Metas/18/17/20190918170300_00160.jpg,datasets_cloudmask/dataset_cropped/09_Metas/18/17/20190918170300_00160.png,249.6,264.3,134.4,27.6,959
9/18/2019 17:04,datasets/dataset_cropped/09_Metas/18/17/20190918170400_00160.jpg,datasets_flow/dataset_cropped/09_Metas/18/17/20190918170400_00160.jpg,datasets_cloudmask/dataset_cropped/09_Metas/18/17/20190918170400_00160.png,256.2,278.8,135.7,27.5,959
9/18/2019 17:05,datasets/dataset_cropped/09_Metas/18/17/20190918170500_00160.jpg,datasets_flow/dataset_cropped/09_Metas/18/17/20190918170500_00160.jpg,datasets_cloudmask/dataset_cropped/09_Metas/18/17/20190918170500_00160.png,260.7,287.5,137.4,27.4,959
9/18/2019 17:06,datasets/dataset_cropped/09_Metas/18/17/20190918170600_00160.jpg,datasets_flow/dataset_cropped/09_Metas/18/17/20190918170600_00160.jpg,datasets_cloudmask/dataset_cropped/09_Metas/18/17/20190918170600_00160.png,276.4,320.5,140,27.4,959
9/18/2019 17:07,datasets/dataset_cropped/09_Metas/18/17/20190918170700_00160.jpg,datasets_flow/dataset_cropped/09_Metas/18/17/20190918170700_00160.jpg,datasets_cloudmask/dataset_cropped/09_Metas/18/17/20190918170700_00160.png,309.8,391.8,144.5,27.4,959
9/18/2019 17:08,datasets/dataset_cropped/09_Metas/18/17/20190918170800_00160.jpg,datasets_flow/dataset_cropped/09_Metas/18/17/20190918170800_00160.jpg,datasets_cloudmask/dataset_cropped/09_Metas/18/17/20190918170800_00160.png,331.1,438.2,148.2,27.6,959
9/18/2019 17:09,datasets/dataset_cropped/09_Metas/18/17/20190918170900_00160.jpg,datasets_flow/dataset_cropped/09_Metas/18/17/20190918170900_00160.jpg,datasets_cloudmask/dataset_cropped/09_Metas/18/17/20190918170900_00160.png,311.2,395.5,147.3,27.6,959
9/18/2019 17:10,datasets/dataset_cropped/09_Metas/18/17/20190918171000_00160.jpg,datasets_flow/dataset_cropped/09_Metas/18/17/20190918171000_00160.jpg,datasets_cloudmask/dataset_cropped/09_Metas/18/17/20190918171000_00160.png,325.7,431.8,148.3,27.7,959
9/18/2019 17:11,datasets/dataset_cropped/09_Metas/18/17/20190918171100_00160.jpg,datasets_flow/dataset_cropped/09_Metas/18/17/20190918171100_00160.jpg,datasets_cloudmask/dataset_cropped/09_Metas/18/17/20190918171100_00160.png,316.5,413.7,147.9,27.7,959
9/18/2019 17:12,datasets/dataset_cropped/09_Metas/18/17/20190918171200_00160.jpg,datasets_flow/dataset_cropped/09_Metas/18/17/20190918171200_00160.jpg,datasets_cloudmask/dataset_cropped/09_Metas/18/17/20190918171200_00160.png,322.7,431.3,148.3,27.8,959
9/18/2019 17:13,datasets/dataset_cropped/09_Metas/18/17/20190918171300_00160.jpg,datasets_flow/dataset_cropped/09_Metas/18/17/20190918171300_00160.jpg,datasets_cloudmask/dataset_cropped/09_Metas/18/17/20190918171300_00160.png,327.8,446.5,148.7,27.8,959
9/18/2019 17:14,datasets/dataset_cropped/09_Metas/18/17/20190918171400_00160.jpg,datasets_flow/dataset_cropped/09_Metas/18/17/20190918171400_00160.jpg,datasets_cloudmask/dataset_cropped/09_Metas/18/17/20190918171400_00160.png,324.7,444,148,27.7,959
9/18/2019 17:15,datasets/dataset_cropped/09_Metas/18/17/20190918171500_00160.jpg,datasets_flow/dataset_cropped/09_Metas/18/17/20190918171500_00160.jpg,datasets_cloudmask/dataset_cropped/09_Metas/18/17/20190918171500_00160.png,310.1,416.2,145.8,27.6,959
9/18/2019 17:16,datasets/dataset_cropped/09_Metas/18/17/20190918171600_00160.jpg,datasets_flow/dataset_cropped/09_Metas/18/17/20190918171600_00160.jpg,datasets_cloudmask/dataset_cropped/09_Metas/18/17/20190918171600_00160.png,274.9,340.4,141.3,27.6,959
9/18/2019 17:17,datasets/dataset_cropped/09_Metas/18/17/20190918171700_00160.jpg,datasets_flow/dataset_cropped/09_Metas/18/17/20190918171700_00160.jpg,datasets_cloudmask/dataset_cropped/09_Metas/18/17/20190918171700_00160.png,264.6,323.6,138.4,27.5,959
9/18/2019 17:18,datasets/dataset_cropped/09_Metas/18/17/20190918171800_00160.jpg,datasets_flow/dataset_cropped/09_Metas/18/17/20190918171800_00160.jpg,datasets_cloudmask/dataset_cropped/09_Metas/18/17/20190918171800_00160.png,240.5,272.8,134.9,27.7,959
9/18/2019 17:19,datasets/dataset_cropped/09_Metas/18/17/20190918171900_00160.jpg,datasets_flow/dataset_cropped/09_Metas/18/17/20190918171900_00160.jpg,datasets_cloudmask/dataset_cropped/09_Metas/18/17/20190918171900_00160.png,226.1,245.4,131.7,27.6,959
9/18/2019 17:20,datasets/dataset_cropped/09_Metas/18/17/20190918172000_00160.jpg,datasets_flow/dataset_cropped/09_Metas/18/17/20190918172000_00160.jpg,datasets_cloudmask/dataset_cropped/09_Metas/18/17/20190918172000_00160.png,235.9,274.7,131.2,27.4,959
9/18/2019 17:21,datasets/dataset_cropped/09_Metas/18/17/20190918172100_00160.jpg,datasets_flow/dataset_cropped/09_Metas/18/17/20190918172100_00160.jpg,datasets_cloudmask/dataset_cropped/09_Metas/18/17/20190918172100_00160.png,236.4,280.2,130.7,27.2,959
9/18/2019 17:22,datasets/dataset_cropped/09_Metas/18/17/20190918172200_00160.jpg,datasets_flow/dataset_cropped/09_Metas/18/17/20190918172200_00160.jpg,datasets_cloudmask/dataset_cropped/09_Metas/18/17/20190918172200_00160.png,215.5,233.1,128.1,27.2,959
9/18/2019 17:23,datasets/dataset_cropped/09_Metas/18/17/20190918172300_00160.jpg,datasets_flow/dataset_cropped/09_Metas/18/17/20190918172300_00160.jpg,datasets_cloudmask/dataset_cropped/09_Metas/18/17/20190918172300_00160.png,228.3,269,128.3,27.3,959
9/18/2019 17:24,datasets/dataset_cropped/09_Metas/18/17/20190918172400_00160.jpg,datasets_flow/dataset_cropped/09_Metas/18/17/20190918172400_00160.jpg,datasets_cloudmask/dataset_cropped/09_Metas/18/17/20190918172400_00160.png,225.7,262.4,129,27.3,959
9/18/2019 17:25,datasets/dataset_cropped/09_Metas/18/17/20190918172500_00160.jpg,datasets_flow/dataset_cropped/09_Metas/18/17/20190918172500_00160.jpg,datasets_cloudmask/dataset_cropped/09_Metas/18/17/20190918172500_00160.png,277.4,395.5,133.5,27.3,959
9/18/2019 17:26,datasets/dataset_cropped/09_Metas/18/17/20190918172600_00160.jpg,datasets_flow/dataset_cropped/09_Metas/18/17/20190918172600_00160.jpg,datasets_cloudmask/dataset_cropped/09_Metas/18/17/20190918172600_00160.png,289.5,423.4,137.1,27.1,959
9/18/2019 17:27,datasets/dataset_cropped/09_Metas/18/17/20190918172700_00160.jpg,datasets_flow/dataset_cropped/09_Metas/18/17/20190918172700_00160.jpg,datasets_cloudmask/dataset_cropped/09_Metas/18/17/20190918172700_00160.png,270.3,376.5,135.9,27.2,959
9/18/2019 17:28,datasets/dataset_cropped/09_Metas/18/17/20190918172800_00160.jpg,datasets_flow/dataset_cropped/09_Metas/18/17/20190918172800_00160.jpg,datasets_cloudmask/dataset_cropped/09_Metas/18/17/20190918172800_00160.png,241.7,309.6,131.8,27.2,959
9/18/2019 17:29,datasets/dataset_cropped/09_Metas/18/17/20190918172900_00160.jpg,datasets_flow/dataset_cropped/09_Metas/18/17/20190918172900_00160.jpg,datasets_cloudmask/dataset_cropped/09_Metas/18/17/20190918172900_00160.png,244,321.7,130.9,27.3,959
9/18/2019 17:30,datasets/dataset_cropped/09_Metas/18/17/20190918173000_00160.jpg,datasets_flow/dataset_cropped/09_Metas/18/17/20190918173000_00160.jpg,datasets_cloudmask/dataset_cropped/09_Metas/18/17/20190918173000_00160.png,236.9,306.3,130.1,27.3,959
9/18/2019 17:31,datasets/dataset_cropped/09_Metas/18/17/20190918173100_00160.jpg,datasets_flow/dataset_cropped/09_Metas/18/17/20190918173100_00160.jpg,datasets_cloudmask/dataset_cropped/09_Metas/18/17/20190918173100_00160.png,249.7,346.8,130,27.1,959
9/18/2019 17:32,datasets/dataset_cropped/09_Metas/18/17/20190918173200_00160.jpg,datasets_flow/dataset_cropped/09_Metas/18/17/20190918173200_00160.jpg,datasets_cloudmask/dataset_cropped/09_Metas/18/17/20190918173200_00160.png,244.6,336,129.9,27,959
9/18/2019 17:33,datasets/dataset_cropped/09_Metas/18/17/20190918173300_00160.jpg,datasets_flow/dataset_cropped/09_Metas/18/17/20190918173300_00160.jpg,datasets_cloudmask/dataset_cropped/09_Metas/18/17/20190918173300_00160.png,267.7,403.5,131.5,26.9,959
9/18/2019 17:34,datasets/dataset_cropped/09_Metas/18/17/20190918173400_00160.jpg,datasets_flow/dataset_cropped/09_Metas/18/17/20190918173400_00160.jpg,datasets_cloudmask/dataset_cropped/09_Metas/18/17/20190918173400_00160.png,255.9,373.7,131,26.9,959
9/18/2019 17:35,datasets/dataset_cropped/09_Metas/18/17/20190918173500_00160.jpg,datasets_flow/dataset_cropped/09_Metas/18/17/20190918173500_00160.jpg,datasets_cloudmask/dataset_cropped/09_Metas/18/17/20190918173500_00160.png,254.3,377.1,129.6,27,959
9/18/2019 17:36,datasets/dataset_cropped/09_Metas/18/17/20190918173600_00160.jpg,datasets_flow/dataset_cropped/09_Metas/18/17/20190918173600_00160.jpg,datasets_cloudmask/dataset_cropped/09_Metas/18/17/20190918173600_00160.png,246,362.1,127.5,26.9,959
9/18/2019 17:37,datasets/dataset_cropped/09_Metas/18/17/20190918173700_00160.jpg,datasets_flow/dataset_cropped/09_Metas/18/17/20190918173700_00160.jpg,datasets_cloudmask/dataset_cropped/09_Metas/18/17/20190918173700_00160.png,240.6,356,125.2,26.8,959
9/18/2019 17:38,datasets/dataset_cropped/09_Metas/18/17/20190918173800_00160.jpg,datasets_flow/dataset_cropped/09_Metas/18/17/20190918173800_00160.jpg,datasets_cloudmask/dataset_cropped/09_Metas/18/17/20190918173800_00160.png,204.8,263.9,119.8,26.8,959
9/18/2019 17:39,datasets/dataset_cropped/09_Metas/18/17/20190918173900_00160.jpg,datasets_flow/dataset_cropped/09_Metas/18/17/20190918173900_00160.jpg,datasets_cloudmask/dataset_cropped/09_Metas/18/17/20190918173900_00160.png,182.9,216.7,113.9,27.1,959
9/18/2019 17:40,datasets/dataset_cropped/09_Metas/18/17/20190918174000_00160.jpg,datasets_flow/dataset_cropped/09_Metas/18/17/20190918174000_00160.jpg,datasets_cloudmask/dataset_cropped/09_Metas/18/17/20190918174000_00160.png,177.5,212.7,110.4,27.2,959
9/18/2019 17:41,datasets/dataset_cropped/09_Metas/18/17/20190918174100_00160.jpg,datasets_flow/dataset_cropped/09_Metas/18/17/20190918174100_00160.jpg,datasets_cloudmask/dataset_cropped/09_Metas/18/17/20190918174100_00160.png,176.9,221.4,107.7,26.9,959
9/18/2019 17:42,datasets/dataset_cropped/09_Metas/18/17/20190918174200_00160.jpg,datasets_flow/dataset_cropped/09_Metas/18/17/20190918174200_00160.jpg,datasets_cloudmask/dataset_cropped/09_Metas/18/17/20190918174200_00160.png,180,238.7,106.1,26.8,959
9/18/2019 17:43,datasets/dataset_cropped/09_Metas/18/17/20190918174300_00160.jpg,datasets_flow/dataset_cropped/09_Metas/18/17/20190918174300_00160.jpg,datasets_cloudmask/dataset_cropped/09_Metas/18/17/20190918174300_00160.png,177.8,238.2,105,26.7,959
9/18/2019 17:44,datasets/dataset_cropped/09_Metas/18/17/20190918174400_00160.jpg,datasets_flow/dataset_cropped/09_Metas/18/17/20190918174400_00160.jpg,datasets_cloudmask/dataset_cropped/09_Metas/18/17/20190918174400_00160.png,196,298.1,105.9,26.6,959
9/18/2019 17:45,datasets/dataset_cropped/09_Metas/18/17/20190918174500_00160.jpg,datasets_flow/dataset_cropped/09_Metas/18/17/20190918174500_00160.jpg,datasets_cloudmask/dataset_cropped/09_Metas/18/17/20190918174500_00160.png,224.2,385.2,109.1,26.5,959
9/18/2019 17:46,datasets/dataset_cropped/09_Metas/18/17/20190918174600_00160.jpg,datasets_flow/dataset_cropped/09_Metas/18/17/20190918174600_00160.jpg,datasets_cloudmask/dataset_cropped/09_Metas/18/17/20190918174600_00160.png,233,410.1,112,26.4,959
9/18/2019 17:47,datasets/dataset_cropped/09_Metas/18/17/20190918174700_00160.jpg,datasets_flow/dataset_cropped/09_Metas/18/17/20190918174700_00160.jpg,datasets_cloudmask/dataset_cropped/09_Metas/18/17/20190918174700_00160.png,237.9,427,113.7,26.4,959
9/18/2019 17:48,datasets/dataset_cropped/09_Metas/18/17/20190918174800_00160.jpg,datasets_flow/dataset_cropped/09_Metas/18/17/20190918174800_00160.jpg,datasets_cloudmask/dataset_cropped/09_Metas/18/17/20190918174800_00160.png,246.8,458.1,115.3,26.4,959
9/18/2019 17:49,datasets/dataset_cropped/09_Metas/18/17/20190918174900_00160.jpg,datasets_flow/dataset_cropped/09_Metas/18/17/20190918174900_00160.jpg,datasets_cloudmask/dataset_cropped/09_Metas/18/17/20190918174900_00160.png,245.4,457.4,115.8,26.6,959
9/18/2019 17:50,datasets/dataset_cropped/09_Metas/18/17/20190918175000_00160.jpg,datasets_flow/dataset_cropped/09_Metas/18/17/20190918175000_00160.jpg,datasets_cloudmask/dataset_cropped/09_Metas/18/17/20190918175000_00160.png,242.8,455,115.4,26.6,959
9/18/2019 17:51,datasets/dataset_cropped/09_Metas/18/17/20190918175100_00160.jpg,datasets_flow/dataset_cropped/09_Metas/18/17/20190918175100_00160.jpg,datasets_cloudmask/dataset_cropped/09_Metas/18/17/20190918175100_00160.png,240.8,454.9,115,26.5,959
9/18/2019 17:52,datasets/dataset_cropped/09_Metas/18/17/20190918175200_00160.jpg,datasets_flow/dataset_cropped/09_Metas/18/17/20190918175200_00160.jpg,datasets_cloudmask/dataset_cropped/09_Metas/18/17/20190918175200_00160.png,238.9,455.3,114.6,26.4,959
9/18/2019 17:53,datasets/dataset_cropped/09_Metas/18/17/20190918175300_00160.jpg,datasets_flow/dataset_cropped/09_Metas/18/17/20190918175300_00160.jpg,datasets_cloudmask/dataset_cropped/09_Metas/18/17/20190918175300_00160.png,236.6,454.6,113.9,26.4,959
9/18/2019 17:54,datasets/dataset_cropped/09_Metas/18/17/20190918175400_00160.jpg,datasets_flow/dataset_cropped/09_Metas/18/17/20190918175400_00160.jpg,datasets_cloudmask/dataset_cropped/09_Metas/18/17/20190918175400_00160.png,232.5,448.9,112.9,26.4,959
9/18/2019 17:55,datasets/dataset_cropped/09_Metas/18/17/20190918175500_00160.jpg,datasets_flow/dataset_cropped/09_Metas/18/17/20190918175500_00160.jpg,datasets_cloudmask/dataset_cropped/09_Metas/18/17/20190918175500_00160.png,228.5,444,111.6,26.5,959
9/18/2019 17:56,datasets/dataset_cropped/09_Metas/18/17/20190918175600_00160.jpg,datasets_flow/dataset_cropped/09_Metas/18/17/20190918175600_00160.jpg,datasets_cloudmask/dataset_cropped/09_Metas/18/17/20190918175600_00160.png,225,441.4,110.3,26.7,959
9/18/2019 17:57,datasets/dataset_cropped/09_Metas/18/17/20190918175700_00160.jpg,datasets_flow/dataset_cropped/09_Metas/18/17/20190918175700_00160.jpg,datasets_cloudmask/dataset_cropped/09_Metas/18/17/20190918175700_00160.png,221.7,439.5,109,26.7,959
9/18/2019 17:58,datasets/dataset_cropped/09_Metas/18/17/20190918175800_00160.jpg,datasets_flow/dataset_cropped/09_Metas/18/17/20190918175800_00160.jpg,datasets_cloudmask/dataset_cropped/09_Metas/18/17/20190918175800_00160.png,217.6,434.7,107.6,26.7,959
9/18/2019 17:59,datasets/dataset_cropped/09_Metas/18/17/20190918175900_00160.jpg,datasets_flow/dataset_cropped/09_Metas/18/17/20190918175900_00160.jpg,datasets_cloudmask/dataset_cropped/09_Metas/18/17/20190918175900_00160.png,212.4,427.7,105.7,26.6,959
9/18/2019 18:00,datasets/dataset_cropped/09_Metas/18/18/20190918180000_00160.jpg,datasets_flow/dataset_cropped/09_Metas/18/18/20190918180000_00160.jpg,datasets_cloudmask/dataset_cropped/09_Metas/18/18/20190918180000_00160.png,208,423.8,103.6,26.5,959
9/18/2019 18:01,datasets/dataset_cropped/09_Metas/18/18/20190918180100_00160.jpg,datasets_flow/dataset_cropped/09_Metas/18/18/20190918180100_00160.jpg,datasets_cloudmask/dataset_cropped/09_Metas/18/18/20190918180100_00160.png,203.9,422,101.3,26.5,959
9/18/2019 18:02,datasets/dataset_cropped/09_Metas/18/18/20190918180200_00160.jpg,datasets_flow/dataset_cropped/09_Metas/18/18/20190918180200_00160.jpg,datasets_cloudmask/dataset_cropped/09_Metas/18/18/20190918180200_00160.png,199.5,419.6,98.9,26.5,959
9/18/2019 18:03,datasets/dataset_cropped/09_Metas/18/18/20190918180300_00160.jpg,datasets_flow/dataset_cropped/09_Metas/18/18/20190918180300_00160.jpg,datasets_cloudmask/dataset_cropped/09_Metas/18/18/20190918180300_00160.png,194.6,415.7,96.2,26.4,959
9/18/2019 18:04,datasets/dataset_cropped/09_Metas/18/18/20190918180400_00160.jpg,datasets_flow/dataset_cropped/09_Metas/18/18/20190918180400_00160.jpg,datasets_cloudmask/dataset_cropped/09_Metas/18/18/20190918180400_00160.png,189.9,412.7,93.5,26.5,959
9/18/2019 18:05,datasets/dataset_cropped/09_Metas/18/18/20190918180500_00160.jpg,datasets_flow/dataset_cropped/09_Metas/18/18/20190918180500_00160.jpg,datasets_cloudmask/dataset_cropped/09_Metas/18/18/20190918180500_00160.png,184.2,406.4,90.6,26.4,959
9/18/2019 18:06,datasets/dataset_cropped/09_Metas/18/18/20190918180600_00160.jpg,datasets_flow/dataset_cropped/09_Metas/18/18/20190918180600_00160.jpg,datasets_cloudmask/dataset_cropped/09_Metas/18/18/20190918180600_00160.png,173,376.6,87.5,26.4,959
9/18/2019 18:07,datasets/dataset_cropped/09_Metas/18/18/20190918180700_00160.jpg,datasets_flow/dataset_cropped/09_Metas/18/18/20190918180700_00160.jpg,datasets_cloudmask/dataset_cropped/09_Metas/18/18/20190918180700_00160.png,166.6,369.4,84.1,26.4,959
9/18/2019 18:08,datasets/dataset_cropped/09_Metas/18/18/20190918180800_00160.jpg,datasets_flow/dataset_cropped/09_Metas/18/18/20190918180800_00160.jpg,datasets_cloudmask/dataset_cropped/09_Metas/18/18/20190918180800_00160.png,167.5,387.8,82.1,26.3,959
9/18/2019 18:09,datasets/dataset_cropped/09_Metas/18/18/20190918180900_00160.jpg,datasets_flow/dataset_cropped/09_Metas/18/18/20190918180900_00160.jpg,datasets_cloudmask/dataset_cropped/09_Metas/18/18/20190918180900_00160.png,162.5,381.2,79.9,26.5,959
9/18/2019 18:10,datasets/dataset_cropped/09_Metas/18/18/20190918181000_00160.jpg,datasets_flow/dataset_cropped/09_Metas/18/18/20190918181000_00160.jpg,datasets_cloudmask/dataset_cropped/09_Metas/18/18/20190918181000_00160.png,158.1,377.6,77.6,26.5,959
9/18/2019 18:11,datasets/dataset_cropped/09_Metas/18/18/20190918181100_00160.jpg,datasets_flow/dataset_cropped/09_Metas/18/18/20190918181100_00160.jpg,datasets_cloudmask/dataset_cropped/09_Metas/18/18/20190918181100_00160.png,153.9,374.7,75.4,26.4,959
9/18/2019 18:12,datasets/dataset_cropped/09_Metas/18/18/20190918181200_00160.jpg,datasets_flow/dataset_cropped/09_Metas/18/18/20190918181200_00160.jpg,datasets_cloudmask/dataset_cropped/09_Metas/18/18/20190918181200_00160.png,149.8,370.8,73.5,26.2,959
9/18/2019 18:13,datasets/dataset_cropped/09_Metas/18/18/20190918181300_00160.jpg,datasets_flow/dataset_cropped/09_Metas/18/18/20190918181300_00160.jpg,datasets_cloudmask/dataset_cropped/09_Metas/18/18/20190918181300_00160.png,145.6,366.1,71.5,26.3,959
9/18/2019 18:14,datasets/dataset_cropped/09_Metas/18/18/20190918181400_00160.jpg,datasets_flow/dataset_cropped/09_Metas/18/18/20190918181400_00160.jpg,datasets_cloudmask/dataset_cropped/09_Metas/18/18/20190918181400_00160.png,141.2,359.1,69.7,26.4,959
9/18/2019 18:15,datasets/dataset_cropped/09_Metas/18/18/20190918181500_00160.jpg,datasets_flow/dataset_cropped/09_Metas/18/18/20190918181500_00160.jpg,datasets_cloudmask/dataset_cropped/09_Metas/18/18/20190918181500_00160.png,136.6,349.6,68.1,26.5,959
9/18/2019 18:16,datasets/dataset_cropped/09_Metas/18/18/20190918181600_00160.jpg,datasets_flow/dataset_cropped/09_Metas/18/18/20190918181600_00160.jpg,datasets_cloudmask/dataset_cropped/09_Metas/18/18/20190918181600_00160.png,133.5,346.8,66.7,26.6,959
9/18/2019 18:17,datasets/dataset_cropped/09_Metas/18/18/20190918181700_00160.jpg,datasets_flow/dataset_cropped/09_Metas/18/18/20190918181700_00160.jpg,datasets_cloudmask/dataset_cropped/09_Metas/18/18/20190918181700_00160.png,130.5,343.4,65.6,26.5,959
9/18/2019 18:18,datasets/dataset_cropped/09_Metas/18/18/20190918181800_00160.jpg,datasets_flow/dataset_cropped/09_Metas/18/18/20190918181800_00160.jpg,datasets_cloudmask/dataset_cropped/09_Metas/18/18/20190918181800_00160.png,126.7,336.2,64.3,26.4,959
9/18/2019 18:19,datasets/dataset_cropped/09_Metas/18/18/20190918181900_00160.jpg,datasets_flow/dataset_cropped/09_Metas/18/18/20190918181900_00160.jpg,datasets_cloudmask/dataset_cropped/09_Metas/18/18/20190918181900_00160.png,121.9,323.8,62.9,26.4,959
9/18/2019 18:20,datasets/dataset_cropped/09_Metas/18/18/20190918182000_00160.jpg,datasets_flow/dataset_cropped/09_Metas/18/18/20190918182000_00160.jpg,datasets_cloudmask/dataset_cropped/09_Metas/18/18/20190918182000_00160.png,118.6,318.7,61.5,26.4,959
9/18/2019 18:21,datasets/dataset_cropped/09_Metas/18/18/20190918182100_00160.jpg,datasets_flow/dataset_cropped/09_Metas/18/18/20190918182100_00160.jpg,datasets_cloudmask/dataset_cropped/09_Metas/18/18/20190918182100_00160.png,117,321.9,60.4,26.5,959
9/18/2019 18:22,datasets/dataset_cropped/09_Metas/18/18/20190918182200_00160.jpg,datasets_flow/dataset_cropped/09_Metas/18/18/20190918182200_00160.jpg,datasets_cloudmask/dataset_cropped/09_Metas/18/18/20190918182200_00160.png,115.1,321.9,59.7,26.6,959
9/18/2019 18:23,datasets/dataset_cropped/09_Metas/18/18/20190918182300_00160.jpg,datasets_flow/dataset_cropped/09_Metas/18/18/20190918182300_00160.jpg,datasets_cloudmask/dataset_cropped/09_Metas/18/18/20190918182300_00160.png,112.2,316.4,58.9,26.5,959
9/18/2019 18:24,datasets/dataset_cropped/09_Metas/18/18/20190918182400_00160.jpg,datasets_flow/dataset_cropped/09_Metas/18/18/20190918182400_00160.jpg,datasets_cloudmask/dataset_cropped/09_Metas/18/18/20190918182400_00160.png,109.2,309.1,58.1,26.4,959
9/18/2019 18:25,datasets/dataset_cropped/09_Metas/18/18/20190918182500_00160.jpg,datasets_flow/dataset_cropped/09_Metas/18/18/20190918182500_00160.jpg,datasets_cloudmask/dataset_cropped/09_Metas/18/18/20190918182500_00160.png,106.2,303.7,57.1,26.4,959
9/18/2019 18:26,datasets/dataset_cropped/09_Metas/18/18/20190918182600_00160.jpg,datasets_flow/dataset_cropped/09_Metas/18/18/20190918182600_00160.jpg,datasets_cloudmask/dataset_cropped/09_Metas/18/18/20190918182600_00160.png,103.1,298.3,56,26.4,959
9/18/2019 18:27,datasets/dataset_cropped/09_Metas/18/18/20190918182700_00160.jpg,datasets_flow/dataset_cropped/09_Metas/18/18/20190918182700_00160.jpg,datasets_cloudmask/dataset_cropped/09_Metas/18/18/20190918182700_00160.png,99.7,290.7,54.8,26.3,959
9/18/2019 18:28,datasets/dataset_cropped/09_Metas/18/18/20190918182800_00160.jpg,datasets_flow/dataset_cropped/09_Metas/18/18/20190918182800_00160.jpg,datasets_cloudmask/dataset_cropped/09_Metas/18/18/20190918182800_00160.png,96.7,285.2,53.7,26.2,959
9/18/2019 18:29,datasets/dataset_cropped/09_Metas/18/18/20190918182900_00160.jpg,datasets_flow/dataset_cropped/09_Metas/18/18/20190918182900_00160.jpg,datasets_cloudmask/dataset_cropped/09_Metas/18/18/20190918182900_00160.png,93.6,279.5,52.4,26.1,959
9/18/2019 18:30,datasets/dataset_cropped/09_Metas/18/18/20190918183000_00160.jpg,datasets_flow/dataset_cropped/09_Metas/18/18/20190918183000_00160.jpg,datasets_cloudmask/dataset_cropped/09_Metas/18/18/20190918183000_00160.png,91,276.7,51.2,26.1,959
9/18/2019 18:31,datasets/dataset_cropped/09_Metas/18/18/20190918183100_00160.jpg,datasets_flow/dataset_cropped/09_Metas/18/18/20190918183100_00160.jpg,datasets_cloudmask/dataset_cropped/09_Metas/18/18/20190918183100_00160.png,88.3,273,50.1,26.1,959
9/18/2019 18:32,datasets/dataset_cropped/09_Metas/18/18/20190918183200_00160.jpg,datasets_flow/dataset_cropped/09_Metas/18/18/20190918183200_00160.jpg,datasets_cloudmask/dataset_cropped/09_Metas/18/18/20190918183200_00160.png,85.4,267.3,48.9,26.2,959
9/18/2019 18:33,datasets/dataset_cropped/09_Metas/18/18/20190918183300_00160.jpg,datasets_flow/dataset_cropped/09_Metas/18/18/20190918183300_00160.jpg,datasets_cloudmask/dataset_cropped/09_Metas/18/18/20190918183300_00160.png,82.4,261.1,47.7,26.2,959
9/18/2019 18:34,datasets/dataset_cropped/09_Metas/18/18/20190918183400_00160.jpg,datasets_flow/dataset_cropped/09_Metas/18/18/20190918183400_00160.jpg,datasets_cloudmask/dataset_cropped/09_Metas/18/18/20190918183400_00160.png,79.2,253.3,46.5,26.2,959
9/18/2019 18:35,datasets/dataset_cropped/09_Metas/18/18/20190918183500_00160.jpg,datasets_flow/dataset_cropped/09_Metas/18/18/20190918183500_00160.jpg,datasets_cloudmask/dataset_cropped/09_Metas/18/18/20190918183500_00160.png,75.9,245.1,45.1,26.2,959
9/18/2019 18:36,datasets/dataset_cropped/09_Metas/18/18/20190918183600_00160.jpg,datasets_flow/dataset_cropped/09_Metas/18/18/20190918183600_00160.jpg,datasets_cloudmask/dataset_cropped/09_Metas/18/18/20190918183600_00160.png,72.4,236.1,43.6,26.1,959
9/18/2019 18:37,datasets/dataset_cropped/09_Metas/18/18/20190918183700_00160.jpg,datasets_flow/dataset_cropped/09_Metas/18/18/20190918183700_00160.jpg,datasets_cloudmask/dataset_cropped/09_Metas/18/18/20190918183700_00160.png,63.4,183.5,41.6,26.1,959
9/18/2019 18:38,datasets/dataset_cropped/09_Metas/18/18/20190918183800_00160.jpg,datasets_flow/dataset_cropped/09_Metas/18/18/20190918183800_00160.jpg,datasets_cloudmask/dataset_cropped/09_Metas/18/18/20190918183800_00160.png,53.6,131.9,38.4,26.1,959
9/18/2019 18:39,datasets/dataset_cropped/09_Metas/18/18/20190918183900_00160.jpg,datasets_flow/dataset_cropped/09_Metas/18/18/20190918183900_00160.jpg,datasets_cloudmask/dataset_cropped/09_Metas/18/18/20190918183900_00160.png,55.7,175.1,36.1,26,959
9/18/2019 18:40,datasets/dataset_cropped/09_Metas/18/18/20190918184000_00160.jpg,datasets_flow/dataset_cropped/09_Metas/18/18/20190918184000_00160.jpg,datasets_cloudmask/dataset_cropped/09_Metas/18/18/20190918184000_00160.png,56.1,189,35.6,25.9,959
9/18/2019 18:41,datasets/dataset_cropped/09_Metas/18/18/20190918184100_00160.jpg,datasets_flow/dataset_cropped/09_Metas/18/18/20190918184100_00160.jpg,datasets_cloudmask/dataset_cropped/09_Metas/18/18/20190918184100_00160.png,55.8,191.9,35.7,25.9,959
9/18/2019 18:42,datasets/dataset_cropped/09_Metas/18/18/20190918184200_00160.jpg,datasets_flow/dataset_cropped/09_Metas/18/18/20190918184200_00160.jpg,datasets_cloudmask/dataset_cropped/09_Metas/18/18/20190918184200_00160.png,53.4,180,35.2,25.9,959
9/18/2019 18:43,datasets/dataset_cropped/09_Metas/18/18/20190918184300_00160.jpg,datasets_flow/dataset_cropped/09_Metas/18/18/20190918184300_00160.jpg,datasets_cloudmask/dataset_cropped/09_Metas/18/18/20190918184300_00160.png,50.6,168.2,34.3,25.8,959
9/18/2019 18:44,datasets/dataset_cropped/09_Metas/18/18/20190918184400_00160.jpg,datasets_flow/dataset_cropped/09_Metas/18/18/20190918184400_00160.jpg,datasets_cloudmask/dataset_cropped/09_Metas/18/18/20190918184400_00160.png,47.9,157.2,33.1,25.8,959
9/18/2019 18:45,datasets/dataset_cropped/09_Metas/18/18/20190918184500_00160.jpg,datasets_flow/dataset_cropped/09_Metas/18/18/20190918184500_00160.jpg,datasets_cloudmask/dataset_cropped/09_Metas/18/18/20190918184500_00160.png,45.2,146.6,31.9,25.8,959
9/18/2019 18:46,datasets/dataset_cropped/09_Metas/18/18/20190918184600_00160.jpg,datasets_flow/dataset_cropped/09_Metas/18/18/20190918184600_00160.jpg,datasets_cloudmask/dataset_cropped/09_Metas/18/18/20190918184600_00160.png,42.5,136.8,30.7,25.8,959
9/18/2019 18:47,datasets/dataset_cropped/09_Metas/18/18/20190918184700_00160.jpg,datasets_flow/dataset_cropped/09_Metas/18/18/20190918184700_00160.jpg,datasets_cloudmask/dataset_cropped/09_Metas/18/18/20190918184700_00160.png,39.9,127,29.4,25.7,959
9/18/2019 18:48,datasets/dataset_cropped/09_Metas/18/18/20190918184800_00160.jpg,datasets_flow/dataset_cropped/09_Metas/18/18/20190918184800_00160.jpg,datasets_cloudmask/dataset_cropped/09_Metas/18/18/20190918184800_00160.png,37.3,115.6,28.1,25.6,959
9/18/2019 18:49,datasets/dataset_cropped/09_Metas/18/18/20190918184900_00160.jpg,datasets_flow/dataset_cropped/09_Metas/18/18/20190918184900_00160.jpg,datasets_cloudmask/dataset_cropped/09_Metas/18/18/20190918184900_00160.png,34.5,101.4,26.7,25.6,959
9/18/2019 18:50,datasets/dataset_cropped/09_Metas/18/18/20190918185000_00160.jpg,datasets_flow/dataset_cropped/09_Metas/18/18/20190918185000_00160.jpg,datasets_cloudmask/dataset_cropped/09_Metas/18/18/20190918185000_00160.png,32,91,25.4,25.5,959
9/18/2019 18:51,datasets/dataset_cropped/09_Metas/18/18/20190918185100_00160.jpg,datasets_flow/dataset_cropped/09_Metas/18/18/20190918185100_00160.jpg,datasets_cloudmask/dataset_cropped/09_Metas/18/18/20190918185100_00160.png,29.7,80.5,24,25.3,959
9/18/2019 18:52,datasets/dataset_cropped/09_Metas/18/18/20190918185200_00160.jpg,datasets_flow/dataset_cropped/09_Metas/18/18/20190918185200_00160.jpg,datasets_cloudmask/dataset_cropped/09_Metas/18/18/20190918185200_00160.png,27.6,70.2,22.8,25.3,959
9/18/2019 18:53,datasets/dataset_cropped/09_Metas/18/18/20190918185300_00160.jpg,datasets_flow/dataset_cropped/09_Metas/18/18/20190918185300_00160.jpg,datasets_cloudmask/dataset_cropped/09_Metas/18/18/20190918185300_00160.png,25.4,59.5,21.5,25.2,959
9/18/2019 18:54,datasets/dataset_cropped/09_Metas/18/18/20190918185400_00160.jpg,datasets_flow/dataset_cropped/09_Metas/18/18/20190918185400_00160.jpg,datasets_cloudmask/dataset_cropped/09_Metas/18/18/20190918185400_00160.png,22.6,38.7,20.1,25.2,959
9/18/2019 18:55,datasets/dataset_cropped/09_Metas/18/18/20190918185500_00160.jpg,datasets_flow/dataset_cropped/09_Metas/18/18/20190918185500_00160.jpg,datasets_cloudmask/dataset_cropped/09_Metas/18/18/20190918185500_00160.png,19.6,12.4,18.7,25.1,959
9/18/2019 18:56,datasets/dataset_cropped/09_Metas/18/18/20190918185600_00160.jpg,datasets_flow/dataset_cropped/09_Metas/18/18/20190918185600_00160.jpg,datasets_cloudmask/dataset_cropped/09_Metas/18/18/20190918185600_00160.png,17.5,1.9,17.2,25.1,959
9/18/2019 18:57,datasets/dataset_cropped/09_Metas/18/18/20190918185700_00160.jpg,datasets_flow/dataset_cropped/09_Metas/18/18/20190918185700_00160.jpg,datasets_cloudmask/dataset_cropped/09_Metas/18/18/20190918185700_00160.png,16,0.6,15.8,25.1,959
9/18/2019 18:58,datasets/dataset_cropped/09_Metas/18/18/20190918185800_00160.jpg,datasets_flow/dataset_cropped/09_Metas/18/18/20190918185800_00160.jpg,datasets_cloudmask/dataset_cropped/09_Metas/18/18/20190918185800_00160.png,14.7,0,14.6,25,959
9/18/2019 18:59,datasets/dataset_cropped/09_Metas/18/18/20190918185900_00160.jpg,datasets_flow/dataset_cropped/09_Metas/18/18/20190918185900_00160.jpg,datasets_cloudmask/dataset_cropped/09_Metas/18/18/20190918185900_00160.png,13.6,0,13.4,25,959
9/18/2019 19:00,datasets/dataset_cropped/09_Metas/18/19/20190918190000_00160.jpg,datasets_flow/dataset_cropped/09_Metas/18/19/20190918190000_00160.jpg,datasets_cloudmask/dataset_cropped/09_Metas/18/19/20190918190000_00160.png,12.3,0,12.2,24.9,959
9/18/2019 19:01,datasets/dataset_cropped/09_Metas/18/19/20190918190100_00160.jpg,datasets_flow/dataset_cropped/09_Metas/18/19/20190918190100_00160.jpg,datasets_cloudmask/dataset_cropped/09_Metas/18/19/20190918190100_00160.png,11.1,0,11,24.9,959
9/18/2019 19:02,datasets/dataset_cropped/09_Metas/18/19/20190918190200_00160.jpg,datasets_flow/dataset_cropped/09_Metas/18/19/20190918190200_00160.jpg,datasets_cloudmask/dataset_cropped/09_Metas/18/19/20190918190200_00160.png,10,0,9.8,24.9,959
9/18/2019 19:03,datasets/dataset_cropped/09_Metas/18/19/20190918190300_00160.jpg,datasets_flow/dataset_cropped/09_Metas/18/19/20190918190300_00160.jpg,datasets_cloudmask/dataset_cropped/09_Metas/18/19/20190918190300_00160.png,8.9,0,8.8,24.9,959
9/18/2019 19:04,datasets/dataset_cropped/09_Metas/18/19/20190918190400_00160.jpg,datasets_flow/dataset_cropped/09_Metas/18/19/20190918190400_00160.jpg,datasets_cloudmask/dataset_cropped/09_Metas/18/19/20190918190400_00160.png,7.9,0,7.8,24.9,959
9/18/2019 19:05,datasets/dataset_cropped/09_Metas/18/19/20190918190500_00160.jpg,datasets_flow/dataset_cropped/09_Metas/18/19/20190918190500_00160.jpg,datasets_cloudmask/dataset_cropped/09_Metas/18/19/20190918190500_00160.png,7.1,0,6.9,24.9,959
9/18/2019 19:06,datasets/dataset_cropped/09_Metas/18/19/20190918190600_00160.jpg,datasets_flow/dataset_cropped/09_Metas/18/19/20190918190600_00160.jpg,datasets_cloudmask/dataset_cropped/09_Metas/18/19/20190918190600_00160.png,6.3,0,6.1,25,959
9/18/2019 19:07,datasets/dataset_cropped/09_Metas/18/19/20190918190700_00160.jpg,datasets_flow/dataset_cropped/09_Metas/18/19/20190918190700_00160.jpg,datasets_cloudmask/dataset_cropped/09_Metas/18/19/20190918190700_00160.png,5.6,0,5.4,24.9,959
9/18/2019 19:08,datasets/dataset_cropped/09_Metas/18/19/20190918190800_00160.jpg,datasets_flow/dataset_cropped/09_Metas/18/19/20190918190800_00160.jpg,datasets_cloudmask/dataset_cropped/09_Metas/18/19/20190918190800_00160.png,4.9,0,4.8,24.9,959
9/18/2019 19:09,datasets/dataset_cropped/09_Metas/18/19/20190918190900_00160.jpg,datasets_flow/dataset_cropped/09_Metas/18/19/20190918190900_00160.jpg,datasets_cloudmask/dataset_cropped/09_Metas/18/19/20190918190900_00160.png,4.3,0,4.2,24.9,959
9/18/2019 19:10,datasets/dataset_cropped/09_Metas/18/19/20190918191000_00160.jpg,datasets_flow/dataset_cropped/09_Metas/18/19/20190918191000_00160.jpg,datasets_cloudmask/dataset_cropped/09_Metas/18/19/20190918191000_00160.png,3.8,0,3.6,24.9,959
9/18/2019 19:11,datasets/dataset_cropped/09_Metas/18/19/20190918191100_00160.jpg,datasets_flow/dataset_cropped/09_Metas/18/19/20190918191100_00160.jpg,datasets_cloudmask/dataset_cropped/09_Metas/18/19/20190918191100_00160.png,3.2,0,3.1,24.9,959
9/19/2019 6:56,datasets/dataset_cropped/09_Metas/19/06/20190919065600_00160.jpg,datasets_flow/dataset_cropped/09_Metas/19/06/20190919065600_00160.jpg,datasets_cloudmask/dataset_cropped/09_Metas/19/06/20190919065600_00160.png,3.9,0,3.8,18.9,960
9/19/2019 6:57,datasets/dataset_cropped/09_Metas/19/06/20190919065700_00160.jpg,datasets_flow/dataset_cropped/09_Metas/19/06/20190919065700_00160.jpg,datasets_cloudmask/dataset_cropped/09_Metas/19/06/20190919065700_00160.png,4.6,0,4.5,18.9,960
9/19/2019 6:58,datasets/dataset_cropped/09_Metas/19/06/20190919065800_00160.jpg,datasets_flow/dataset_cropped/09_Metas/19/06/20190919065800_00160.jpg,datasets_cloudmask/dataset_cropped/09_Metas/19/06/20190919065800_00160.png,5.4,0,5.3,18.9,960
9/19/2019 6:59,datasets/dataset_cropped/09_Metas/19/06/20190919065900_00160.jpg,datasets_flow/dataset_cropped/09_Metas/19/06/20190919065900_00160.jpg,datasets_cloudmask/dataset_cropped/09_Metas/19/06/20190919065900_00160.png,6.2,0,6.1,19,960
9/19/2019 7:00,datasets/dataset_cropped/09_Metas/19/07/20190919070000_00160.jpg,datasets_flow/dataset_cropped/09_Metas/19/07/20190919070000_00160.jpg,datasets_cloudmask/dataset_cropped/09_Metas/19/07/20190919070000_00160.png,7,0.1,6.9,19,960
9/19/2019 7:01,datasets/dataset_cropped/09_Metas/19/07/20190919070100_00160.jpg,datasets_flow/dataset_cropped/09_Metas/19/07/20190919070100_00160.jpg,datasets_cloudmask/dataset_cropped/09_Metas/19/07/20190919070100_00160.png,7.9,1.5,7.8,19,960
9/19/2019 7:02,datasets/dataset_cropped/09_Metas/19/07/20190919070200_00160.jpg,datasets_flow/dataset_cropped/09_Metas/19/07/20190919070200_00160.jpg,datasets_cloudmask/dataset_cropped/09_Metas/19/07/20190919070200_00160.png,8.8,3.5,8.7,19.1,960
9/19/2019 7:03,datasets/dataset_cropped/09_Metas/19/07/20190919070300_00160.jpg,datasets_flow/dataset_cropped/09_Metas/19/07/20190919070300_00160.jpg,datasets_cloudmask/dataset_cropped/09_Metas/19/07/20190919070300_00160.png,9.8,5.6,9.7,19.1,960
9/19/2019 7:04,datasets/dataset_cropped/09_Metas/19/07/20190919070400_00160.jpg,datasets_flow/dataset_cropped/09_Metas/19/07/20190919070400_00160.jpg,datasets_cloudmask/dataset_cropped/09_Metas/19/07/20190919070400_00160.png,10.9,8,10.7,19.1,960
9/19/2019 7:05,datasets/dataset_cropped/09_Metas/19/07/20190919070500_00160.jpg,datasets_flow/dataset_cropped/09_Metas/19/07/20190919070500_00160.jpg,datasets_cloudmask/dataset_cropped/09_Metas/19/07/20190919070500_00160.png,12.1,11,11.8,19.1,960
9/19/2019 7:06,datasets/dataset_cropped/09_Metas/19/07/20190919070600_00160.jpg,datasets_flow/dataset_cropped/09_Metas/19/07/20190919070600_00160.jpg,datasets_cloudmask/dataset_cropped/09_Metas/19/07/20190919070600_00160.png,13.4,14.6,12.9,19.1,960
9/19/2019 7:07,datasets/dataset_cropped/09_Metas/19/07/20190919070700_00160.jpg,datasets_flow/dataset_cropped/09_Metas/19/07/20190919070700_00160.jpg,datasets_cloudmask/dataset_cropped/09_Metas/19/07/20190919070700_00160.png,14.7,19.1,14,19,960
9/19/2019 7:08,datasets/dataset_cropped/09_Metas/19/07/20190919070800_00160.jpg,datasets_flow/dataset_cropped/09_Metas/19/07/20190919070800_00160.jpg,datasets_cloudmask/dataset_cropped/09_Metas/19/07/20190919070800_00160.png,16.1,24.6,15.1,19,960
9/19/2019 7:09,datasets/dataset_cropped/09_Metas/19/07/20190919070900_00160.jpg,datasets_flow/dataset_cropped/09_Metas/19/07/20190919070900_00160.jpg,datasets_cloudmask/dataset_cropped/09_Metas/19/07/20190919070900_00160.png,17.4,30.1,16.3,18.9,960
9/19/2019 7:10,datasets/dataset_cropped/09_Metas/19/07/20190919071000_00160.jpg,datasets_flow/dataset_cropped/09_Metas/19/07/20190919071000_00160.jpg,datasets_cloudmask/dataset_cropped/09_Metas/19/07/20190919071000_00160.png,18.8,35,17.4,18.8,960
9/19/2019 7:11,datasets/dataset_cropped/09_Metas/19/07/20190919071100_00160.jpg,datasets_flow/dataset_cropped/09_Metas/19/07/20190919071100_00160.jpg,datasets_cloudmask/dataset_cropped/09_Metas/19/07/20190919071100_00160.png,20.3,40.4,18.5,18.8,960
9/19/2019 7:12,datasets/dataset_cropped/09_Metas/19/07/20190919071200_00160.jpg,datasets_flow/dataset_cropped/09_Metas/19/07/20190919071200_00160.jpg,datasets_cloudmask/dataset_cropped/09_Metas/19/07/20190919071200_00160.png,21.8,46.7,19.6,18.7,960
9/19/2019 7:13,datasets/dataset_cropped/09_Metas/19/07/20190919071300_00160.jpg,datasets_flow/dataset_cropped/09_Metas/19/07/20190919071300_00160.jpg,datasets_cloudmask/dataset_cropped/09_Metas/19/07/20190919071300_00160.png,23.4,53.9,20.7,18.6,960
9/19/2019 7:14,datasets/dataset_cropped/09_Metas/19/07/20190919071400_00160.jpg,datasets_flow/dataset_cropped/09_Metas/19/07/20190919071400_00160.jpg,datasets_cloudmask/dataset_cropped/09_Metas/19/07/20190919071400_00160.png,25.1,62.4,21.9,18.6,960
9/19/2019 7:15,datasets/dataset_cropped/09_Metas/19/07/20190919071500_00160.jpg,datasets_flow/dataset_cropped/09_Metas/19/07/20190919071500_00160.jpg,datasets_cloudmask/dataset_cropped/09_Metas/19/07/20190919071500_00160.png,26.9,70.5,23,18.6,960
9/19/2019 7:16,datasets/dataset_cropped/09_Metas/19/07/20190919071600_00160.jpg,datasets_flow/dataset_cropped/09_Metas/19/07/20190919071600_00160.jpg,datasets_cloudmask/dataset_cropped/09_Metas/19/07/20190919071600_00160.png,28.7,78.2,24.1,18.7,960
9/19/2019 7:17,datasets/dataset_cropped/09_Metas/19/07/20190919071700_00160.jpg,datasets_flow/dataset_cropped/09_Metas/19/07/20190919071700_00160.jpg,datasets_cloudmask/dataset_cropped/09_Metas/19/07/20190919071700_00160.png,30.5,85.5,25.2,18.7,960
9/19/2019 7:18,datasets/dataset_cropped/09_Metas/19/07/20190919071800_00160.jpg,datasets_flow/dataset_cropped/09_Metas/19/07/20190919071800_00160.jpg,datasets_cloudmask/dataset_cropped/09_Metas/19/07/20190919071800_00160.png,32.5,93.3,26.3,18.7,960
9/19/2019 7:19,datasets/dataset_cropped/09_Metas/19/07/20190919071900_00160.jpg,datasets_flow/dataset_cropped/09_Metas/19/07/20190919071900_00160.jpg,datasets_cloudmask/dataset_cropped/09_Metas/19/07/20190919071900_00160.png,34.5,101.7,27.4,18.7,960
9/19/2019 7:20,datasets/dataset_cropped/09_Metas/19/07/20190919072000_00160.jpg,datasets_flow/dataset_cropped/09_Metas/19/07/20190919072000_00160.jpg,datasets_cloudmask/dataset_cropped/09_Metas/19/07/20190919072000_00160.png,36.4,108.9,28.5,18.7,960
9/19/2019 7:21,datasets/dataset_cropped/09_Metas/19/07/20190919072100_00160.jpg,datasets_flow/dataset_cropped/09_Metas/19/07/20190919072100_00160.jpg,datasets_cloudmask/dataset_cropped/09_Metas/19/07/20190919072100_00160.png,38.5,117.3,29.6,18.7,960
9/19/2019 7:22,datasets/dataset_cropped/09_Metas/19/07/20190919072200_00160.jpg,datasets_flow/dataset_cropped/09_Metas/19/07/20190919072200_00160.jpg,datasets_cloudmask/dataset_cropped/09_Metas/19/07/20190919072200_00160.png,40.6,126.4,30.5,18.7,960
9/19/2019 7:23,datasets/dataset_cropped/09_Metas/19/07/20190919072300_00160.jpg,datasets_flow/dataset_cropped/09_Metas/19/07/20190919072300_00160.jpg,datasets_cloudmask/dataset_cropped/09_Metas/19/07/20190919072300_00160.png,42.8,134.3,31.5,18.7,960
9/19/2019 7:24,datasets/dataset_cropped/09_Metas/19/07/20190919072400_00160.jpg,datasets_flow/dataset_cropped/09_Metas/19/07/20190919072400_00160.jpg,datasets_cloudmask/dataset_cropped/09_Metas/19/07/20190919072400_00160.png,45.2,144,32.6,18.8,960
9/19/2019 7:25,datasets/dataset_cropped/09_Metas/19/07/20190919072500_00160.jpg,datasets_flow/dataset_cropped/09_Metas/19/07/20190919072500_00160.jpg,datasets_cloudmask/dataset_cropped/09_Metas/19/07/20190919072500_00160.png,47.7,154.1,33.8,18.8,960
9/19/2019 7:26,datasets/dataset_cropped/09_Metas/19/07/20190919072600_00160.jpg,datasets_flow/dataset_cropped/09_Metas/19/07/20190919072600_00160.jpg,datasets_cloudmask/dataset_cropped/09_Metas/19/07/20190919072600_00160.png,50.1,161.8,34.9,18.8,960
9/19/2019 7:27,datasets/dataset_cropped/09_Metas/19/07/20190919072700_00160.jpg,datasets_flow/dataset_cropped/09_Metas/19/07/20190919072700_00160.jpg,datasets_cloudmask/dataset_cropped/09_Metas/19/07/20190919072700_00160.png,52.6,168.8,36.1,18.9,960
9/19/2019 7:28,datasets/dataset_cropped/09_Metas/19/07/20190919072800_00160.jpg,datasets_flow/dataset_cropped/09_Metas/19/07/20190919072800_00160.jpg,datasets_cloudmask/dataset_cropped/09_Metas/19/07/20190919072800_00160.png,55.2,177.5,37.3,19,960
9/19/2019 7:29,datasets/dataset_cropped/09_Metas/19/07/20190919072900_00160.jpg,datasets_flow/dataset_cropped/09_Metas/19/07/20190919072900_00160.jpg,datasets_cloudmask/dataset_cropped/09_Metas/19/07/20190919072900_00160.png,57.8,185.5,38.3,19.1,960
9/19/2019 7:30,datasets/dataset_cropped/09_Metas/19/07/20190919073000_00160.jpg,datasets_flow/dataset_cropped/09_Metas/19/07/20190919073000_00160.jpg,datasets_cloudmask/dataset_cropped/09_Metas/19/07/20190919073000_00160.png,60.2,193,39.4,19.3,960
9/19/2019 7:31,datasets/dataset_cropped/09_Metas/19/07/20190919073100_00160.jpg,datasets_flow/dataset_cropped/09_Metas/19/07/20190919073100_00160.jpg,datasets_cloudmask/dataset_cropped/09_Metas/19/07/20190919073100_00160.png,62.7,199.8,40.4,19.4,961
9/19/2019 7:32,datasets/dataset_cropped/09_Metas/19/07/20190919073200_00160.jpg,datasets_flow/dataset_cropped/09_Metas/19/07/20190919073200_00160.jpg,datasets_cloudmask/dataset_cropped/09_Metas/19/07/20190919073200_00160.png,65.1,206.3,41.4,19.6,960
9/19/2019 7:33,datasets/dataset_cropped/09_Metas/19/07/20190919073300_00160.jpg,datasets_flow/dataset_cropped/09_Metas/19/07/20190919073300_00160.jpg,datasets_cloudmask/dataset_cropped/09_Metas/19/07/20190919073300_00160.png,67.6,212.8,42.4,19.8,961
9/19/2019 7:34,datasets/dataset_cropped/09_Metas/19/07/20190919073400_00160.jpg,datasets_flow/dataset_cropped/09_Metas/19/07/20190919073400_00160.jpg,datasets_cloudmask/dataset_cropped/09_Metas/19/07/20190919073400_00160.png,70.2,219.3,43.4,19.9,961
9/19/2019 7:35,datasets/dataset_cropped/09_Metas/19/07/20190919073500_00160.jpg,datasets_flow/dataset_cropped/09_Metas/19/07/20190919073500_00160.jpg,datasets_cloudmask/dataset_cropped/09_Metas/19/07/20190919073500_00160.png,72.7,226.4,44.4,20.1,961
9/19/2019 7:36,datasets/dataset_cropped/09_Metas/19/07/20190919073600_00160.jpg,datasets_flow/dataset_cropped/09_Metas/19/07/20190919073600_00160.jpg,datasets_cloudmask/dataset_cropped/09_Metas/19/07/20190919073600_00160.png,75.3,233.2,45.2,20.2,960
9/19/2019 7:37,datasets/dataset_cropped/09_Metas/19/07/20190919073700_00160.jpg,datasets_flow/dataset_cropped/09_Metas/19/07/20190919073700_00160.jpg,datasets_cloudmask/dataset_cropped/09_Metas/19/07/20190919073700_00160.png,78,240.8,46.1,20.3,960
9/19/2019 7:38,datasets/dataset_cropped/09_Metas/19/07/20190919073800_00160.jpg,datasets_flow/dataset_cropped/09_Metas/19/07/20190919073800_00160.jpg,datasets_cloudmask/dataset_cropped/09_Metas/19/07/20190919073800_00160.png,80.7,247.5,47,20.4,960
9/19/2019 7:39,datasets/dataset_cropped/09_Metas/19/07/20190919073900_00160.jpg,datasets_flow/dataset_cropped/09_Metas/19/07/20190919073900_00160.jpg,datasets_cloudmask/dataset_cropped/09_Metas/19/07/20190919073900_00160.png,83.6,254.5,48.1,20.4,961
9/19/2019 7:40,datasets/dataset_cropped/09_Metas/19/07/20190919074000_00160.jpg,datasets_flow/dataset_cropped/09_Metas/19/07/20190919074000_00160.jpg,datasets_cloudmask/dataset_cropped/09_Metas/19/07/20190919074000_00160.png,86.7,262.9,49.1,20.6,960
9/19/2019 7:41,datasets/dataset_cropped/09_Metas/19/07/20190919074100_00160.jpg,datasets_flow/dataset_cropped/09_Metas/19/07/20190919074100_00160.jpg,datasets_cloudmask/dataset_cropped/09_Metas/19/07/20190919074100_00160.png,89.6,270.3,50.1,20.6,961
9/19/2019 7:42,datasets/dataset_cropped/09_Metas/19/07/20190919074200_00160.jpg,datasets_flow/dataset_cropped/09_Metas/19/07/20190919074200_00160.jpg,datasets_cloudmask/dataset_cropped/09_Metas/19/07/20190919074200_00160.png,92.5,276.1,51.1,20.6,961
9/19/2019 7:43,datasets/dataset_cropped/09_Metas/19/07/20190919074300_00160.jpg,datasets_flow/dataset_cropped/09_Metas/19/07/20190919074300_00160.jpg,datasets_cloudmask/dataset_cropped/09_Metas/19/07/20190919074300_00160.png,95.2,281.4,52.1,20.8,960
9/19/2019 7:44,datasets/dataset_cropped/09_Metas/19/07/20190919074400_00160.jpg,datasets_flow/dataset_cropped/09_Metas/19/07/20190919074400_00160.jpg,datasets_cloudmask/dataset_cropped/09_Metas/19/07/20190919074400_00160.png,98.1,288.3,52.9,20.8,960
9/19/2019 7:45,datasets/dataset_cropped/09_Metas/19/07/20190919074500_00160.jpg,datasets_flow/dataset_cropped/09_Metas/19/07/20190919074500_00160.jpg,datasets_cloudmask/dataset_cropped/09_Metas/19/07/20190919074500_00160.png,100.9,294.2,53.8,20.9,960
9/19/2019 7:46,datasets/dataset_cropped/09_Metas/19/07/20190919074600_00160.jpg,datasets_flow/dataset_cropped/09_Metas/19/07/20190919074600_00160.jpg,datasets_cloudmask/dataset_cropped/09_Metas/19/07/20190919074600_00160.png,103.5,298.7,54.7,20.9,961
9/19/2019 7:47,datasets/dataset_cropped/09_Metas/19/07/20190919074700_00160.jpg,datasets_flow/dataset_cropped/09_Metas/19/07/20190919074700_00160.jpg,datasets_cloudmask/dataset_cropped/09_Metas/19/07/20190919074700_00160.png,106.6,305.4,55.6,20.9,960
9/19/2019 7:48,datasets/dataset_cropped/09_Metas/19/07/20190919074800_00160.jpg,datasets_flow/dataset_cropped/09_Metas/19/07/20190919074800_00160.jpg,datasets_cloudmask/dataset_cropped/09_Metas/19/07/20190919074800_00160.png,109.9,312.6,56.6,21,961
9/19/2019 7:49,datasets/dataset_cropped/09_Metas/19/07/20190919074900_00160.jpg,datasets_flow/dataset_cropped/09_Metas/19/07/20190919074900_00160.jpg,datasets_cloudmask/dataset_cropped/09_Metas/19/07/20190919074900_00160.png,112.7,317.6,57.6,21,960
9/19/2019 7:50,datasets/dataset_cropped/09_Metas/19/07/20190919075000_00160.jpg,datasets_flow/dataset_cropped/09_Metas/19/07/20190919075000_00160.jpg,datasets_cloudmask/dataset_cropped/09_Metas/19/07/20190919075000_00160.png,115.5,322.4,58.4,21,961
9/19/2019 7:51,datasets/dataset_cropped/09_Metas/19/07/20190919075100_00160.jpg,datasets_flow/dataset_cropped/09_Metas/19/07/20190919075100_00160.jpg,datasets_cloudmask/dataset_cropped/09_Metas/19/07/20190919075100_00160.png,118.7,329.2,59.2,21.1,961
9/19/2019 7:52,datasets/dataset_cropped/09_Metas/19/07/20190919075200_00160.jpg,datasets_flow/dataset_cropped/09_Metas/19/07/20190919075200_00160.jpg,datasets_cloudmask/dataset_cropped/09_Metas/19/07/20190919075200_00160.png,122,336.5,60,21.2,961
9/19/2019 7:53,datasets/dataset_cropped/09_Metas/19/07/20190919075300_00160.jpg,datasets_flow/dataset_cropped/09_Metas/19/07/20190919075300_00160.jpg,datasets_cloudmask/dataset_cropped/09_Metas/19/07/20190919075300_00160.png,124.7,340.8,60.9,21.2,961
9/19/2019 7:54,datasets/dataset_cropped/09_Metas/19/07/20190919075400_00160.jpg,datasets_flow/dataset_cropped/09_Metas/19/07/20190919075400_00160.jpg,datasets_cloudmask/dataset_cropped/09_Metas/19/07/20190919075400_00160.png,127.5,345.2,61.6,21.3,961
9/19/2019 7:55,datasets/dataset_cropped/09_Metas/19/07/20190919075500_00160.jpg,datasets_flow/dataset_cropped/09_Metas/19/07/20190919075500_00160.jpg,datasets_cloudmask/dataset_cropped/09_Metas/19/07/20190919075500_00160.png,130.9,351.8,62.4,21.4,961
9/19/2019 7:56,datasets/dataset_cropped/09_Metas/19/07/20190919075600_00160.jpg,datasets_flow/dataset_cropped/09_Metas/19/07/20190919075600_00160.jpg,datasets_cloudmask/dataset_cropped/09_Metas/19/07/20190919075600_00160.png,134.4,359.4,63.3,21.5,961
9/19/2019 7:57,datasets/dataset_cropped/09_Metas/19/07/20190919075700_00160.jpg,datasets_flow/dataset_cropped/09_Metas/19/07/20190919075700_00160.jpg,datasets_cloudmask/dataset_cropped/09_Metas/19/07/20190919075700_00160.png,137.3,364,64.1,21.6,961
9/19/2019 7:58,datasets/dataset_cropped/09_Metas/19/07/20190919075800_00160.jpg,datasets_flow/dataset_cropped/09_Metas/19/07/20190919075800_00160.jpg,datasets_cloudmask/dataset_cropped/09_Metas/19/07/20190919075800_00160.png,140.2,368.2,65,21.6,961
9/19/2019 7:59,datasets/dataset_cropped/09_Metas/19/07/20190919075900_00160.jpg,datasets_flow/dataset_cropped/09_Metas/19/07/20190919075900_00160.jpg,datasets_cloudmask/dataset_cropped/09_Metas/19/07/20190919075900_00160.png,143.1,372.6,65.8,21.6,961
9/19/2019 8:00,datasets/dataset_cropped/09_Metas/19/08/20190919080000_00160.jpg,datasets_flow/dataset_cropped/09_Metas/19/08/20190919080000_00160.jpg,datasets_cloudmask/dataset_cropped/09_Metas/19/08/20190919080000_00160.png,145.9,375.8,66.7,21.8,961
9/19/2019 8:01,datasets/dataset_cropped/09_Metas/19/08/20190919080100_00160.jpg,datasets_flow/dataset_cropped/09_Metas/19/08/20190919080100_00160.jpg,datasets_cloudmask/dataset_cropped/09_Metas/19/08/20190919080100_00160.png,149.7,383.7,67.5,21.9,961
9/19/2019 8:02,datasets/dataset_cropped/09_Metas/19/08/20190919080200_00160.jpg,datasets_flow/dataset_cropped/09_Metas/19/08/20190919080200_00160.jpg,datasets_cloudmask/dataset_cropped/09_Metas/19/08/20190919080200_00160.png,153.2,390.4,68.4,21.7,961
9/19/2019 8:03,datasets/dataset_cropped/09_Metas/19/08/20190919080300_00160.jpg,datasets_flow/dataset_cropped/09_Metas/19/08/20190919080300_00160.jpg,datasets_cloudmask/dataset_cropped/09_Metas/19/08/20190919080300_00160.png,156.8,397.2,69.2,21.4,961
9/19/2019 8:04,datasets/dataset_cropped/09_Metas/19/08/20190919080400_00160.jpg,datasets_flow/dataset_cropped/09_Metas/19/08/20190919080400_00160.jpg,datasets_cloudmask/dataset_cropped/09_Metas/19/08/20190919080400_00160.png,159.5,400,70,21.4,961
9/19/2019 8:05,datasets/dataset_cropped/09_Metas/19/08/20190919080500_00160.jpg,datasets_flow/dataset_cropped/09_Metas/19/08/20190919080500_00160.jpg,datasets_cloudmask/dataset_cropped/09_Metas/19/08/20190919080500_00160.png,162.4,403.1,70.8,21.3,961
9/19/2019 8:06,datasets/dataset_cropped/09_Metas/19/08/20190919080600_00160.jpg,datasets_flow/dataset_cropped/09_Metas/19/08/20190919080600_00160.jpg,datasets_cloudmask/dataset_cropped/09_Metas/19/08/20190919080600_00160.png,166.7,412.1,71.8,21.4,961
9/19/2019 8:07,datasets/dataset_cropped/09_Metas/19/08/20190919080700_00160.jpg,datasets_flow/dataset_cropped/09_Metas/19/08/20190919080700_00160.jpg,datasets_cloudmask/dataset_cropped/09_Metas/19/08/20190919080700_00160.png,170.2,418.1,72.6,21.4,961
9/19/2019 8:08,datasets/dataset_cropped/09_Metas/19/08/20190919080800_00160.jpg,datasets_flow/dataset_cropped/09_Metas/19/08/20190919080800_00160.jpg,datasets_cloudmask/dataset_cropped/09_Metas/19/08/20190919080800_00160.png,173,420.8,73.4,21.5,961
9/19/2019 8:09,datasets/dataset_cropped/09_Metas/19/08/20190919080900_00160.jpg,datasets_flow/dataset_cropped/09_Metas/19/08/20190919080900_00160.jpg,datasets_cloudmask/dataset_cropped/09_Metas/19/08/20190919080900_00160.png,176.2,425.3,74.2,21.5,961
9/19/2019 8:10,datasets/dataset_cropped/09_Metas/19/08/20190919081000_00160.jpg,datasets_flow/dataset_cropped/09_Metas/19/08/20190919081000_00160.jpg,datasets_cloudmask/dataset_cropped/09_Metas/19/08/20190919081000_00160.png,179.2,428.6,75,21.5,961
9/19/2019 8:11,datasets/dataset_cropped/09_Metas/19/08/20190919081100_00160.jpg,datasets_flow/dataset_cropped/09_Metas/19/08/20190919081100_00160.jpg,datasets_cloudmask/dataset_cropped/09_Metas/19/08/20190919081100_00160.png,182,430.7,75.8,21.6,961
9/19/2019 8:12,datasets/dataset_cropped/09_Metas/19/08/20190919081200_00160.jpg,datasets_flow/dataset_cropped/09_Metas/19/08/20190919081200_00160.jpg,datasets_cloudmask/dataset_cropped/09_Metas/19/08/20190919081200_00160.png,184.4,431.7,76.6,21.7,961
9/19/2019 8:13,datasets/dataset_cropped/09_Metas/19/08/20190919081300_00160.jpg,datasets_flow/dataset_cropped/09_Metas/19/08/20190919081300_00160.jpg,datasets_cloudmask/dataset_cropped/09_Metas/19/08/20190919081300_00160.png,187.6,435.7,77.2,21.6,961
9/19/2019 8:14,datasets/dataset_cropped/09_Metas/19/08/20190919081400_00160.jpg,datasets_flow/dataset_cropped/09_Metas/19/08/20190919081400_00160.jpg,datasets_cloudmask/dataset_cropped/09_Metas/19/08/20190919081400_00160.png,191.7,442.6,78,21.6,961
9/19/2019 8:15,datasets/dataset_cropped/09_Metas/19/08/20190919081500_00160.jpg,datasets_flow/dataset_cropped/09_Metas/19/08/20190919081500_00160.jpg,datasets_cloudmask/dataset_cropped/09_Metas/19/08/20190919081500_00160.png,195.1,447.1,78.8,21.8,961
9/19/2019 8:16,datasets/dataset_cropped/09_Metas/19/08/20190919081600_00160.jpg,datasets_flow/dataset_cropped/09_Metas/19/08/20190919081600_00160.jpg,datasets_cloudmask/dataset_cropped/09_Metas/19/08/20190919081600_00160.png,198.3,450.4,79.6,21.8,961
9/19/2019 8:17,datasets/dataset_cropped/09_Metas/19/08/20190919081700_00160.jpg,datasets_flow/dataset_cropped/09_Metas/19/08/20190919081700_00160.jpg,datasets_cloudmask/dataset_cropped/09_Metas/19/08/20190919081700_00160.png,201.5,453.9,80.3,21.9,961
9/19/2019 8:18,datasets/dataset_cropped/09_Metas/19/08/20190919081800_00160.jpg,datasets_flow/dataset_cropped/09_Metas/19/08/20190919081800_00160.jpg,datasets_cloudmask/dataset_cropped/09_Metas/19/08/20190919081800_00160.png,205,458.3,81.1,22,961
9/19/2019 8:19,datasets/dataset_cropped/09_Metas/19/08/20190919081900_00160.jpg,datasets_flow/dataset_cropped/09_Metas/19/08/20190919081900_00160.jpg,datasets_cloudmask/dataset_cropped/09_Metas/19/08/20190919081900_00160.png,208.4,462.5,81.9,22.1,961
9/19/2019 8:20,datasets/dataset_cropped/09_Metas/19/08/20190919082000_00160.jpg,datasets_flow/dataset_cropped/09_Metas/19/08/20190919082000_00160.jpg,datasets_cloudmask/dataset_cropped/09_Metas/19/08/20190919082000_00160.png,211.3,464.8,82.6,22.1,961
9/19/2019 8:21,datasets/dataset_cropped/09_Metas/19/08/20190919082100_00160.jpg,datasets_flow/dataset_cropped/09_Metas/19/08/20190919082100_00160.jpg,datasets_cloudmask/dataset_cropped/09_Metas/19/08/20190919082100_00160.png,214.3,467.5,83.4,22.1,961
9/19/2019 8:22,datasets/dataset_cropped/09_Metas/19/08/20190919082200_00160.jpg,datasets_flow/dataset_cropped/09_Metas/19/08/20190919082200_00160.jpg,datasets_cloudmask/dataset_cropped/09_Metas/19/08/20190919082200_00160.png,217,469.2,84.2,21.9,961
9/19/2019 8:23,datasets/dataset_cropped/09_Metas/19/08/20190919082300_00160.jpg,datasets_flow/dataset_cropped/09_Metas/19/08/20190919082300_00160.jpg,datasets_cloudmask/dataset_cropped/09_Metas/19/08/20190919082300_00160.png,220.3,473.3,84.8,21.9,961
9/19/2019 8:24,datasets/dataset_cropped/09_Metas/19/08/20190919082400_00160.jpg,datasets_flow/dataset_cropped/09_Metas/19/08/20190919082400_00160.jpg,datasets_cloudmask/dataset_cropped/09_Metas/19/08/20190919082400_00160.png,224.4,479.7,85.5,22.1,961
9/19/2019 8:25,datasets/dataset_cropped/09_Metas/19/08/20190919082500_00160.jpg,datasets_flow/dataset_cropped/09_Metas/19/08/20190919082500_00160.jpg,datasets_cloudmask/dataset_cropped/09_Metas/19/08/20190919082500_00160.png,227.9,484.6,86,22.1,961
9/19/2019 8:26,datasets/dataset_cropped/09_Metas/19/08/20190919082600_00160.jpg,datasets_flow/dataset_cropped/09_Metas/19/08/20190919082600_00160.jpg,datasets_cloudmask/dataset_cropped/09_Metas/19/08/20190919082600_00160.png,231.1,488.1,86.7,22.2,961
9/19/2019 8:27,datasets/dataset_cropped/09_Metas/19/08/20190919082700_00160.jpg,datasets_flow/dataset_cropped/09_Metas/19/08/20190919082700_00160.jpg,datasets_cloudmask/dataset_cropped/09_Metas/19/08/20190919082700_00160.png,234.5,492.3,87.3,22.3,961
9/19/2019 8:28,datasets/dataset_cropped/09_Metas/19/08/20190919082800_00160.jpg,datasets_flow/dataset_cropped/09_Metas/19/08/20190919082800_00160.jpg,datasets_cloudmask/dataset_cropped/09_Metas/19/08/20190919082800_00160.png,238.6,498.1,88,22.2,961
9/19/2019 8:29,datasets/dataset_cropped/09_Metas/19/08/20190919082900_00160.jpg,datasets_flow/dataset_cropped/09_Metas/19/08/20190919082900_00160.jpg,datasets_cloudmask/dataset_cropped/09_Metas/19/08/20190919082900_00160.png,242.3,502.9,88.7,22.3,961
9/19/2019 8:30,datasets/dataset_cropped/09_Metas/19/08/20190919083000_00160.jpg,datasets_flow/dataset_cropped/09_Metas/19/08/20190919083000_00160.jpg,datasets_cloudmask/dataset_cropped/09_Metas/19/08/20190919083000_00160.png,245.7,506.9,89.3,22.3,961
9/19/2019 8:31,datasets/dataset_cropped/09_Metas/19/08/20190919083100_00160.jpg,datasets_flow/dataset_cropped/09_Metas/19/08/20190919083100_00160.jpg,datasets_cloudmask/dataset_cropped/09_Metas/19/08/20190919083100_00160.png,249.2,510.8,90,22.6,961
9/19/2019 8:32,datasets/dataset_cropped/09_Metas/19/08/20190919083200_00160.jpg,datasets_flow/dataset_cropped/09_Metas/19/08/20190919083200_00160.jpg,datasets_cloudmask/dataset_cropped/09_Metas/19/08/20190919083200_00160.png,252.6,514.4,90.6,22.6,961
9/19/2019 8:33,datasets/dataset_cropped/09_Metas/19/08/20190919083300_00160.jpg,datasets_flow/dataset_cropped/09_Metas/19/08/20190919083300_00160.jpg,datasets_cloudmask/dataset_cropped/09_Metas/19/08/20190919083300_00160.png,255.4,516.1,91.2,22.6,961
9/19/2019 8:34,datasets/dataset_cropped/09_Metas/19/08/20190919083400_00160.jpg,datasets_flow/dataset_cropped/09_Metas/19/08/20190919083400_00160.jpg,datasets_cloudmask/dataset_cropped/09_Metas/19/08/20190919083400_00160.png,258.1,517.7,91.8,22.7,961
9/19/2019 8:35,datasets/dataset_cropped/09_Metas/19/08/20190919083500_00160.jpg,datasets_flow/dataset_cropped/09_Metas/19/08/20190919083500_00160.jpg,datasets_cloudmask/dataset_cropped/09_Metas/19/08/20190919083500_00160.png,261.3,519.9,92.4,22.7,961
9/19/2019 8:36,datasets/dataset_cropped/09_Metas/19/08/20190919083600_00160.jpg,datasets_flow/dataset_cropped/09_Metas/19/08/20190919083600_00160.jpg,datasets_cloudmask/dataset_cropped/09_Metas/19/08/20190919083600_00160.png,264.9,523.9,93,22.7,961
9/19/2019 8:37,datasets/dataset_cropped/09_Metas/19/08/20190919083700_00160.jpg,datasets_flow/dataset_cropped/09_Metas/19/08/20190919083700_00160.jpg,datasets_cloudmask/dataset_cropped/09_Metas/19/08/20190919083700_00160.png,268,526.5,93.8,22.7,961
9/19/2019 8:38,datasets/dataset_cropped/09_Metas/19/08/20190919083800_00160.jpg,datasets_flow/dataset_cropped/09_Metas/19/08/20190919083800_00160.jpg,datasets_cloudmask/dataset_cropped/09_Metas/19/08/20190919083800_00160.png,270.6,526.3,94.6,22.8,961
9/19/2019 8:39,datasets/dataset_cropped/09_Metas/19/08/20190919083900_00160.jpg,datasets_flow/dataset_cropped/09_Metas/19/08/20190919083900_00160.jpg,datasets_cloudmask/dataset_cropped/09_Metas/19/08/20190919083900_00160.png,273.7,528.6,95.3,22.9,961
9/19/2019 8:40,datasets/dataset_cropped/09_Metas/19/08/20190919084000_00160.jpg,datasets_flow/dataset_cropped/09_Metas/19/08/20190919084000_00160.jpg,datasets_cloudmask/dataset_cropped/09_Metas/19/08/20190919084000_00160.png,277.8,533.6,96.1,22.7,961
9/19/2019 8:41,datasets/dataset_cropped/09_Metas/19/08/20190919084100_00160.jpg,datasets_flow/dataset_cropped/09_Metas/19/08/20190919084100_00160.jpg,datasets_cloudmask/dataset_cropped/09_Metas/19/08/20190919084100_00160.png,281.4,536.2,97,22.5,961
9/19/2019 8:42,datasets/dataset_cropped/09_Metas/19/08/20190919084200_00160.jpg,datasets_flow/dataset_cropped/09_Metas/19/08/20190919084200_00160.jpg,datasets_cloudmask/dataset_cropped/09_Metas/19/08/20190919084200_00160.png,283.4,535,97.6,22.5,961
9/19/2019 8:43,datasets/dataset_cropped/09_Metas/19/08/20190919084300_00160.jpg,datasets_flow/dataset_cropped/09_Metas/19/08/20190919084300_00160.jpg,datasets_cloudmask/dataset_cropped/09_Metas/19/08/20190919084300_00160.png,287.5,538.9,98.4,22.4,961
9/19/2019 8:44,datasets/dataset_cropped/09_Metas/19/08/20190919084400_00160.jpg,datasets_flow/dataset_cropped/09_Metas/19/08/20190919084400_00160.jpg,datasets_cloudmask/dataset_cropped/09_Metas/19/08/20190919084400_00160.png,291.5,542.8,99.2,22.3,961
9/19/2019 8:45,datasets/dataset_cropped/09_Metas/19/08/20190919084500_00160.jpg,datasets_flow/dataset_cropped/09_Metas/19/08/20190919084500_00160.jpg,datasets_cloudmask/dataset_cropped/09_Metas/19/08/20190919084500_00160.png,294.6,543.6,100.2,22.2,961
9/19/2019 8:46,datasets/dataset_cropped/09_Metas/19/08/20190919084600_00160.jpg,datasets_flow/dataset_cropped/09_Metas/19/08/20190919084600_00160.jpg,datasets_cloudmask/dataset_cropped/09_Metas/19/08/20190919084600_00160.png,297.3,544,101,22.1,961
9/19/2019 8:47,datasets/dataset_cropped/09_Metas/19/08/20190919084700_00160.jpg,datasets_flow/dataset_cropped/09_Metas/19/08/20190919084700_00160.jpg,datasets_cloudmask/dataset_cropped/09_Metas/19/08/20190919084700_00160.png,301.3,547.9,101.9,22.2,961
9/19/2019 8:48,datasets/dataset_cropped/09_Metas/19/08/20190919084800_00160.jpg,datasets_flow/dataset_cropped/09_Metas/19/08/20190919084800_00160.jpg,datasets_cloudmask/dataset_cropped/09_Metas/19/08/20190919084800_00160.png,306.1,554,102.7,22.3,961
9/19/2019 8:49,datasets/dataset_cropped/09_Metas/19/08/20190919084900_00160.jpg,datasets_flow/dataset_cropped/09_Metas/19/08/20190919084900_00160.jpg,datasets_cloudmask/dataset_cropped/09_Metas/19/08/20190919084900_00160.png,309.2,556.3,103.3,22.3,961
9/19/2019 8:50,datasets/dataset_cropped/09_Metas/19/08/20190919085000_00160.jpg,datasets_flow/dataset_cropped/09_Metas/19/08/20190919085000_00160.jpg,datasets_cloudmask/dataset_cropped/09_Metas/19/08/20190919085000_00160.png,312.6,559.5,103.8,22.3,961
9/19/2019 8:51,datasets/dataset_cropped/09_Metas/19/08/20190919085100_00160.jpg,datasets_flow/dataset_cropped/09_Metas/19/08/20190919085100_00160.jpg,datasets_cloudmask/dataset_cropped/09_Metas/19/08/20190919085100_00160.png,315.8,562,104.5,22.3,961
9/19/2019 8:52,datasets/dataset_cropped/09_Metas/19/08/20190919085200_00160.jpg,datasets_flow/dataset_cropped/09_Metas/19/08/20190919085200_00160.jpg,datasets_cloudmask/dataset_cropped/09_Metas/19/08/20190919085200_00160.png,318.8,564,105,22.4,961
9/19/2019 8:53,datasets/dataset_cropped/09_Metas/19/08/20190919085300_00160.jpg,datasets_flow/dataset_cropped/09_Metas/19/08/20190919085300_00160.jpg,datasets_cloudmask/dataset_cropped/09_Metas/19/08/20190919085300_00160.png,321.7,566,105.5,22.6,961
9/19/2019 8:54,datasets/dataset_cropped/09_Metas/19/08/20190919085400_00160.jpg,datasets_flow/dataset_cropped/09_Metas/19/08/20190919085400_00160.jpg,datasets_cloudmask/dataset_cropped/09_Metas/19/08/20190919085400_00160.png,324.6,567.6,106.1,22.6,961
9/19/2019 8:55,datasets/dataset_cropped/09_Metas/19/08/20190919085500_00160.jpg,datasets_flow/dataset_cropped/09_Metas/19/08/20190919085500_00160.jpg,datasets_cloudmask/dataset_cropped/09_Metas/19/08/20190919085500_00160.png,328.5,571.8,106.6,22.6,961
9/19/2019 8:56,datasets/dataset_cropped/09_Metas/19/08/20190919085600_00160.jpg,datasets_flow/dataset_cropped/09_Metas/19/08/20190919085600_00160.jpg,datasets_cloudmask/dataset_cropped/09_Metas/19/08/20190919085600_00160.png,332,574.6,107.2,22.6,961
9/19/2019 8:57,datasets/dataset_cropped/09_Metas/19/08/20190919085700_00160.jpg,datasets_flow/dataset_cropped/09_Metas/19/08/20190919085700_00160.jpg,datasets_cloudmask/dataset_cropped/09_Metas/19/08/20190919085700_00160.png,335.9,577.9,108.1,22.8,961
9/19/2019 8:58,datasets/dataset_cropped/09_Metas/19/08/20190919085800_00160.jpg,datasets_flow/dataset_cropped/09_Metas/19/08/20190919085800_00160.jpg,datasets_cloudmask/dataset_cropped/09_Metas/19/08/20190919085800_00160.png,339.6,580.6,108.9,23.2,961
9/19/2019 8:59,datasets/dataset_cropped/09_Metas/19/08/20190919085900_00160.jpg,datasets_flow/dataset_cropped/09_Metas/19/08/20190919085900_00160.jpg,datasets_cloudmask/dataset_cropped/09_Metas/19/08/20190919085900_00160.png,342.9,581.9,109.8,23.4,961
9/19/2019 9:00,datasets/dataset_cropped/09_Metas/19/09/20190919090000_00160.jpg,datasets_flow/dataset_cropped/09_Metas/19/09/20190919090000_00160.jpg,datasets_cloudmask/dataset_cropped/09_Metas/19/09/20190919090000_00160.png,347.3,586.6,110.6,23.5,961
9/19/2019 9:01,datasets/dataset_cropped/09_Metas/19/09/20190919090100_00160.jpg,datasets_flow/dataset_cropped/09_Metas/19/09/20190919090100_00160.jpg,datasets_cloudmask/dataset_cropped/09_Metas/19/09/20190919090100_00160.png,349.8,586.6,111.6,23.6,961
9/19/2019 9:02,datasets/dataset_cropped/09_Metas/19/09/20190919090200_00160.jpg,datasets_flow/dataset_cropped/09_Metas/19/09/20190919090200_00160.jpg,datasets_cloudmask/dataset_cropped/09_Metas/19/09/20190919090200_00160.png,352,586.1,112.6,23.6,961
9/19/2019 9:03,datasets/dataset_cropped/09_Metas/19/09/20190919090300_00160.jpg,datasets_flow/dataset_cropped/09_Metas/19/09/20190919090300_00160.jpg,datasets_cloudmask/dataset_cropped/09_Metas/19/09/20190919090300_00160.png,354.6,586.6,113.3,23.8,961
9/19/2019 9:04,datasets/dataset_cropped/09_Metas/19/09/20190919090400_00160.jpg,datasets_flow/dataset_cropped/09_Metas/19/09/20190919090400_00160.jpg,datasets_cloudmask/dataset_cropped/09_Metas/19/09/20190919090400_00160.png,357.5,587.1,114.2,23.9,961
9/19/2019 9:05,datasets/dataset_cropped/09_Metas/19/09/20190919090500_00160.jpg,datasets_flow/dataset_cropped/09_Metas/19/09/20190919090500_00160.jpg,datasets_cloudmask/dataset_cropped/09_Metas/19/09/20190919090500_00160.png,360.4,588.6,114.7,23.7,961
9/19/2019 9:06,datasets/dataset_cropped/09_Metas/19/09/20190919090600_00160.jpg,datasets_flow/dataset_cropped/09_Metas/19/09/20190919090600_00160.jpg,datasets_cloudmask/dataset_cropped/09_Metas/19/09/20190919090600_00160.png,364.4,592.1,115.2,23.7,961
9/19/2019 9:07,datasets/dataset_cropped/09_Metas/19/09/20190919090700_00160.jpg,datasets_flow/dataset_cropped/09_Metas/19/09/20190919090700_00160.jpg,datasets_cloudmask/dataset_cropped/09_Metas/19/09/20190919090700_00160.png,368.5,595.4,115.9,23.7,961
9/19/2019 9:08,datasets/dataset_cropped/09_Metas/19/09/20190919090800_00160.jpg,datasets_flow/dataset_cropped/09_Metas/19/09/20190919090800_00160.jpg,datasets_cloudmask/dataset_cropped/09_Metas/19/09/20190919090800_00160.png,372.1,598.1,116.6,23.6,961
9/19/2019 9:09,datasets/dataset_cropped/09_Metas/19/09/20190919090900_00160.jpg,datasets_flow/dataset_cropped/09_Metas/19/09/20190919090900_00160.jpg,datasets_cloudmask/dataset_cropped/09_Metas/19/09/20190919090900_00160.png,374.9,598.6,117.2,23.5,961
9/19/2019 9:10,datasets/dataset_cropped/09_Metas/19/09/20190919091000_00160.jpg,datasets_flow/dataset_cropped/09_Metas/19/09/20190919091000_00160.jpg,datasets_cloudmask/dataset_cropped/09_Metas/19/09/20190919091000_00160.png,378.4,600.6,118.2,23.5,961
9/19/2019 9:11,datasets/dataset_cropped/09_Metas/19/09/20190919091100_00160.jpg,datasets_flow/dataset_cropped/09_Metas/19/09/20190919091100_00160.jpg,datasets_cloudmask/dataset_cropped/09_Metas/19/09/20190919091100_00160.png,382.3,604.7,118.8,23.5,961
9/19/2019 9:12,datasets/dataset_cropped/09_Metas/19/09/20190919091200_00160.jpg,datasets_flow/dataset_cropped/09_Metas/19/09/20190919091200_00160.jpg,datasets_cloudmask/dataset_cropped/09_Metas/19/09/20190919091200_00160.png,385.2,606.3,119.2,23.6,961
9/19/2019 9:13,datasets/dataset_cropped/09_Metas/19/09/20190919091300_00160.jpg,datasets_flow/dataset_cropped/09_Metas/19/09/20190919091300_00160.jpg,datasets_cloudmask/dataset_cropped/09_Metas/19/09/20190919091300_00160.png,387.6,606.7,119.5,23.7,961
9/19/2019 9:14,datasets/dataset_cropped/09_Metas/19/09/20190919091400_00160.jpg,datasets_flow/dataset_cropped/09_Metas/19/09/20190919091400_00160.jpg,datasets_cloudmask/dataset_cropped/09_Metas/19/09/20190919091400_00160.png,390.2,607.8,120,23.7,961
9/19/2019 9:15,datasets/dataset_cropped/09_Metas/19/09/20190919091500_00160.jpg,datasets_flow/dataset_cropped/09_Metas/19/09/20190919091500_00160.jpg,datasets_cloudmask/dataset_cropped/09_Metas/19/09/20190919091500_00160.png,392.6,608.1,120.4,23.8,961
9/19/2019 9:16,datasets/dataset_cropped/09_Metas/19/09/20190919091600_00160.jpg,datasets_flow/dataset_cropped/09_Metas/19/09/20190919091600_00160.jpg,datasets_cloudmask/dataset_cropped/09_Metas/19/09/20190919091600_00160.png,396.4,611.9,120.8,23.8,961
9/19/2019 9:17,datasets/dataset_cropped/09_Metas/19/09/20190919091700_00160.jpg,datasets_flow/dataset_cropped/09_Metas/19/09/20190919091700_00160.jpg,datasets_cloudmask/dataset_cropped/09_Metas/19/09/20190919091700_00160.png,401.1,617.5,121.1,23.8,961
9/19/2019 9:18,datasets/dataset_cropped/09_Metas/19/09/20190919091800_00160.jpg,datasets_flow/dataset_cropped/09_Metas/19/09/20190919091800_00160.jpg,datasets_cloudmask/dataset_cropped/09_Metas/19/09/20190919091800_00160.png,406.3,624.3,121.3,23.9,961
9/19/2019 9:19,datasets/dataset_cropped/09_Metas/19/09/20190919091900_00160.jpg,datasets_flow/dataset_cropped/09_Metas/19/09/20190919091900_00160.jpg,datasets_cloudmask/dataset_cropped/09_Metas/19/09/20190919091900_00160.png,410.1,628.3,121.3,23.9,961
9/19/2019 9:20,datasets/dataset_cropped/09_Metas/19/09/20190919092000_00160.jpg,datasets_flow/dataset_cropped/09_Metas/19/09/20190919092000_00160.jpg,datasets_cloudmask/dataset_cropped/09_Metas/19/09/20190919092000_00160.png,413.7,632,121.3,24,961
9/19/2019 9:21,datasets/dataset_cropped/09_Metas/19/09/20190919092100_00160.jpg,datasets_flow/dataset_cropped/09_Metas/19/09/20190919092100_00160.jpg,datasets_cloudmask/dataset_cropped/09_Metas/19/09/20190919092100_00160.png,417,635,121.5,24.1,961
9/19/2019 9:22,datasets/dataset_cropped/09_Metas/19/09/20190919092200_00160.jpg,datasets_flow/dataset_cropped/09_Metas/19/09/20190919092200_00160.jpg,datasets_cloudmask/dataset_cropped/09_Metas/19/09/20190919092200_00160.png,419.6,636.4,121.4,24.2,961
9/19/2019 9:23,datasets/dataset_cropped/09_Metas/19/09/20190919092300_00160.jpg,datasets_flow/dataset_cropped/09_Metas/19/09/20190919092300_00160.jpg,datasets_cloudmask/dataset_cropped/09_Metas/19/09/20190919092300_00160.png,421.7,637.1,121.4,24.3,961
9/19/2019 9:24,datasets/dataset_cropped/09_Metas/19/09/20190919092400_00160.jpg,datasets_flow/dataset_cropped/09_Metas/19/09/20190919092400_00160.jpg,datasets_cloudmask/dataset_cropped/09_Metas/19/09/20190919092400_00160.png,424.1,638.1,121.4,24.5,961
9/19/2019 9:25,datasets/dataset_cropped/09_Metas/19/09/20190919092500_00160.jpg,datasets_flow/dataset_cropped/09_Metas/19/09/20190919092500_00160.jpg,datasets_cloudmask/dataset_cropped/09_Metas/19/09/20190919092500_00160.png,426.9,640,121.7,24.6,961
9/19/2019 9:26,datasets/dataset_cropped/09_Metas/19/09/20190919092600_00160.jpg,datasets_flow/dataset_cropped/09_Metas/19/09/20190919092600_00160.jpg,datasets_cloudmask/dataset_cropped/09_Metas/19/09/20190919092600_00160.png,429.6,641.5,121.9,24.5,961
9/19/2019 9:27,datasets/dataset_cropped/09_Metas/19/09/20190919092700_00160.jpg,datasets_flow/dataset_cropped/09_Metas/19/09/20190919092700_00160.jpg,datasets_cloudmask/dataset_cropped/09_Metas/19/09/20190919092700_00160.png,434.2,646.7,122.5,24.5,961
9/19/2019 9:28,datasets/dataset_cropped/09_Metas/19/09/20190919092800_00160.jpg,datasets_flow/dataset_cropped/09_Metas/19/09/20190919092800_00160.jpg,datasets_cloudmask/dataset_cropped/09_Metas/19/09/20190919092800_00160.png,437.8,649.9,122.8,24.7,961
9/19/2019 9:29,datasets/dataset_cropped/09_Metas/19/09/20190919092900_00160.jpg,datasets_flow/dataset_cropped/09_Metas/19/09/20190919092900_00160.jpg,datasets_cloudmask/dataset_cropped/09_Metas/19/09/20190919092900_00160.png,440.9,652.2,122.9,24.8,961
9/19/2019 9:30,datasets/dataset_cropped/09_Metas/19/09/20190919093000_00160.jpg,datasets_flow/dataset_cropped/09_Metas/19/09/20190919093000_00160.jpg,datasets_cloudmask/dataset_cropped/09_Metas/19/09/20190919093000_00160.png,444.6,655.4,123,25,961
9/19/2019 9:31,datasets/dataset_cropped/09_Metas/19/09/20190919093100_00160.jpg,datasets_flow/dataset_cropped/09_Metas/19/09/20190919093100_00160.jpg,datasets_cloudmask/dataset_cropped/09_Metas/19/09/20190919093100_00160.png,448.5,659.2,123.2,25,961
9/19/2019 9:32,datasets/dataset_cropped/09_Metas/19/09/20190919093200_00160.jpg,datasets_flow/dataset_cropped/09_Metas/19/09/20190919093200_00160.jpg,datasets_cloudmask/dataset_cropped/09_Metas/19/09/20190919093200_00160.png,454.3,666.9,123.3,24.7,961
9/19/2019 9:33,datasets/dataset_cropped/09_Metas/19/09/20190919093300_00160.jpg,datasets_flow/dataset_cropped/09_Metas/19/09/20190919093300_00160.jpg,datasets_cloudmask/dataset_cropped/09_Metas/19/09/20190919093300_00160.png,458.3,670.6,123.7,24.6,961
9/19/2019 9:34,datasets/dataset_cropped/09_Metas/19/09/20190919093400_00160.jpg,datasets_flow/dataset_cropped/09_Metas/19/09/20190919093400_00160.jpg,datasets_cloudmask/dataset_cropped/09_Metas/19/09/20190919093400_00160.png,460.3,671,123.4,24.6,961
9/19/2019 9:35,datasets/dataset_cropped/09_Metas/19/09/20190919093500_00160.jpg,datasets_flow/dataset_cropped/09_Metas/19/09/20190919093500_00160.jpg,datasets_cloudmask/dataset_cropped/09_Metas/19/09/20190919093500_00160.png,463.2,672.7,123.3,24.7,961
9/19/2019 9:36,datasets/dataset_cropped/09_Metas/19/09/20190919093600_00160.jpg,datasets_flow/dataset_cropped/09_Metas/19/09/20190919093600_00160.jpg,datasets_cloudmask/dataset_cropped/09_Metas/19/09/20190919093600_00160.png,466.6,676,123,24.7,961
9/19/2019 9:37,datasets/dataset_cropped/09_Metas/19/09/20190919093700_00160.jpg,datasets_flow/dataset_cropped/09_Metas/19/09/20190919093700_00160.jpg,datasets_cloudmask/dataset_cropped/09_Metas/19/09/20190919093700_00160.png,470.5,680.1,122.8,24.7,961
9/19/2019 9:38,datasets/dataset_cropped/09_Metas/19/09/20190919093800_00160.jpg,datasets_flow/dataset_cropped/09_Metas/19/09/20190919093800_00160.jpg,datasets_cloudmask/dataset_cropped/09_Metas/19/09/20190919093800_00160.png,474.1,683.3,123,24.9,961
9/19/2019 9:39,datasets/dataset_cropped/09_Metas/19/09/20190919093900_00160.jpg,datasets_flow/dataset_cropped/09_Metas/19/09/20190919093900_00160.jpg,datasets_cloudmask/dataset_cropped/09_Metas/19/09/20190919093900_00160.png,476,683.7,123.1,24.9,961
9/19/2019 9:40,datasets/dataset_cropped/09_Metas/19/09/20190919094000_00160.jpg,datasets_flow/dataset_cropped/09_Metas/19/09/20190919094000_00160.jpg,datasets_cloudmask/dataset_cropped/09_Metas/19/09/20190919094000_00160.png,479.7,687.5,123.3,24.9,961
9/19/2019 9:41,datasets/dataset_cropped/09_Metas/19/09/20190919094100_00160.jpg,datasets_flow/dataset_cropped/09_Metas/19/09/20190919094100_00160.jpg,datasets_cloudmask/dataset_cropped/09_Metas/19/09/20190919094100_00160.png,481.9,688.1,123.4,24.8,961
9/19/2019 9:42,datasets/dataset_cropped/09_Metas/19/09/20190919094200_00160.jpg,datasets_flow/dataset_cropped/09_Metas/19/09/20190919094200_00160.jpg,datasets_cloudmask/dataset_cropped/09_Metas/19/09/20190919094200_00160.png,484.2,688.4,123.7,24.6,961
9/19/2019 9:43,datasets/dataset_cropped/09_Metas/19/09/20190919094300_00160.jpg,datasets_flow/dataset_cropped/09_Metas/19/09/20190919094300_00160.jpg,datasets_cloudmask/dataset_cropped/09_Metas/19/09/20190919094300_00160.png,487.9,691.9,123.9,24.6,961
9/19/2019 9:44,datasets/dataset_cropped/09_Metas/19/09/20190919094400_00160.jpg,datasets_flow/dataset_cropped/09_Metas/19/09/20190919094400_00160.jpg,datasets_cloudmask/dataset_cropped/09_Metas/19/09/20190919094400_00160.png,491,693.5,124.1,24.7,961
9/19/2019 9:45,datasets/dataset_cropped/09_Metas/19/09/20190919094500_00160.jpg,datasets_flow/dataset_cropped/09_Metas/19/09/20190919094500_00160.jpg,datasets_cloudmask/dataset_cropped/09_Metas/19/09/20190919094500_00160.png,494.9,696.3,124.2,24.9,961
9/19/2019 9:46,datasets/dataset_cropped/09_Metas/19/09/20190919094600_00160.jpg,datasets_flow/dataset_cropped/09_Metas/19/09/20190919094600_00160.jpg,datasets_cloudmask/dataset_cropped/09_Metas/19/09/20190919094600_00160.png,497.5,697.3,124.6,25.2,961
9/19/2019 9:47,datasets/dataset_cropped/09_Metas/19/09/20190919094700_00160.jpg,datasets_flow/dataset_cropped/09_Metas/19/09/20190919094700_00160.jpg,datasets_cloudmask/dataset_cropped/09_Metas/19/09/20190919094700_00160.png,500.9,700.2,124.8,25.3,961
9/19/2019 9:48,datasets/dataset_cropped/09_Metas/19/09/20190919094800_00160.jpg,datasets_flow/dataset_cropped/09_Metas/19/09/20190919094800_00160.jpg,datasets_cloudmask/dataset_cropped/09_Metas/19/09/20190919094800_00160.png,504.3,703,124.9,25.3,962
9/19/2019 9:49,datasets/dataset_cropped/09_Metas/19/09/20190919094900_00160.jpg,datasets_flow/dataset_cropped/09_Metas/19/09/20190919094900_00160.jpg,datasets_cloudmask/dataset_cropped/09_Metas/19/09/20190919094900_00160.png,508.4,707.2,124.8,25.1,961
9/19/2019 9:50,datasets/dataset_cropped/09_Metas/19/09/20190919095000_00160.jpg,datasets_flow/dataset_cropped/09_Metas/19/09/20190919095000_00160.jpg,datasets_cloudmask/dataset_cropped/09_Metas/19/09/20190919095000_00160.png,510.8,707.5,124.7,24.9,961
9/19/2019 9:51,datasets/dataset_cropped/09_Metas/19/09/20190919095100_00160.jpg,datasets_flow/dataset_cropped/09_Metas/19/09/20190919095100_00160.jpg,datasets_cloudmask/dataset_cropped/09_Metas/19/09/20190919095100_00160.png,512.2,705.7,124.8,24.9,961
9/19/2019 9:52,datasets/dataset_cropped/09_Metas/19/09/20190919095200_00160.jpg,datasets_flow/dataset_cropped/09_Metas/19/09/20190919095200_00160.jpg,datasets_cloudmask/dataset_cropped/09_Metas/19/09/20190919095200_00160.png,514.4,705.8,125.1,25.2,961
9/19/2019 9:53,datasets/dataset_cropped/09_Metas/19/09/20190919095300_00160.jpg,datasets_flow/dataset_cropped/09_Metas/19/09/20190919095300_00160.jpg,datasets_cloudmask/dataset_cropped/09_Metas/19/09/20190919095300_00160.png,517.4,706.8,125.6,25.1,961
9/19/2019 9:54,datasets/dataset_cropped/09_Metas/19/09/20190919095400_00160.jpg,datasets_flow/dataset_cropped/09_Metas/19/09/20190919095400_00160.jpg,datasets_cloudmask/dataset_cropped/09_Metas/19/09/20190919095400_00160.png,519.7,706.5,126.2,25.2,961
9/19/2019 9:55,datasets/dataset_cropped/09_Metas/19/09/20190919095500_00160.jpg,datasets_flow/dataset_cropped/09_Metas/19/09/20190919095500_00160.jpg,datasets_cloudmask/dataset_cropped/09_Metas/19/09/20190919095500_00160.png,522.6,707.6,126.9,25.4,961
9/19/2019 9:56,datasets/dataset_cropped/09_Metas/19/09/20190919095600_00160.jpg,datasets_flow/dataset_cropped/09_Metas/19/09/20190919095600_00160.jpg,datasets_cloudmask/dataset_cropped/09_Metas/19/09/20190919095600_00160.png,524.9,708,127.6,25.4,961
9/19/2019 9:57,datasets/dataset_cropped/09_Metas/19/09/20190919095700_00160.jpg,datasets_flow/dataset_cropped/09_Metas/19/09/20190919095700_00160.jpg,datasets_cloudmask/dataset_cropped/09_Metas/19/09/20190919095700_00160.png,528.3,711.1,127.5,25.5,961
9/19/2019 9:58,datasets/dataset_cropped/09_Metas/19/09/20190919095800_00160.jpg,datasets_flow/dataset_cropped/09_Metas/19/09/20190919095800_00160.jpg,datasets_cloudmask/dataset_cropped/09_Metas/19/09/20190919095800_00160.png,530.7,712.1,127.5,25.3,961
9/19/2019 9:59,datasets/dataset_cropped/09_Metas/19/09/20190919095900_00160.jpg,datasets_flow/dataset_cropped/09_Metas/19/09/20190919095900_00160.jpg,datasets_cloudmask/dataset_cropped/09_Metas/19/09/20190919095900_00160.png,533.6,713.7,127.4,25.3,961
9/19/2019 10:00,datasets/dataset_cropped/09_Metas/19/10/20190919100000_00160.jpg,datasets_flow/dataset_cropped/09_Metas/19/10/20190919100000_00160.jpg,datasets_cloudmask/dataset_cropped/09_Metas/19/10/20190919100000_00160.png,536.4,714.8,127.7,25.4,961
9/19/2019 10:01,datasets/dataset_cropped/09_Metas/19/10/20190919100100_00160.jpg,datasets_flow/dataset_cropped/09_Metas/19/10/20190919100100_00160.jpg,datasets_cloudmask/dataset_cropped/09_Metas/19/10/20190919100100_00160.png,540,717.5,128.1,25.5,961
9/19/2019 10:02,datasets/dataset_cropped/09_Metas/19/10/20190919100200_00160.jpg,datasets_flow/dataset_cropped/09_Metas/19/10/20190919100200_00160.jpg,datasets_cloudmask/dataset_cropped/09_Metas/19/10/20190919100200_00160.png,543.5,721,128.2,25.5,961
9/19/2019 10:03,datasets/dataset_cropped/09_Metas/19/10/20190919100300_00160.jpg,datasets_flow/dataset_cropped/09_Metas/19/10/20190919100300_00160.jpg,datasets_cloudmask/dataset_cropped/09_Metas/19/10/20190919100300_00160.png,546.3,722.8,128.3,25.4,961
9/19/2019 10:04,datasets/dataset_cropped/09_Metas/19/10/20190919100400_00160.jpg,datasets_flow/dataset_cropped/09_Metas/19/10/20190919100400_00160.jpg,datasets_cloudmask/dataset_cropped/09_Metas/19/10/20190919100400_00160.png,548.9,723.9,128.7,25.4,961
9/19/2019 10:05,datasets/dataset_cropped/09_Metas/19/10/20190919100500_00160.jpg,datasets_flow/dataset_cropped/09_Metas/19/10/20190919100500_00160.jpg,datasets_cloudmask/dataset_cropped/09_Metas/19/10/20190919100500_00160.png,551.7,725.8,128.8,25.4,961
9/19/2019 10:06,datasets/dataset_cropped/09_Metas/19/10/20190919100600_00160.jpg,datasets_flow/dataset_cropped/09_Metas/19/10/20190919100600_00160.jpg,datasets_cloudmask/dataset_cropped/09_Metas/19/10/20190919100600_00160.png,553.3,725.1,128.7,25.2,962
9/19/2019 10:07,datasets/dataset_cropped/09_Metas/19/10/20190919100700_00160.jpg,datasets_flow/dataset_cropped/09_Metas/19/10/20190919100700_00160.jpg,datasets_cloudmask/dataset_cropped/09_Metas/19/10/20190919100700_00160.png,555.6,725.7,128.4,25.3,961
9/19/2019 10:08,datasets/dataset_cropped/09_Metas/19/10/20190919100800_00160.jpg,datasets_flow/dataset_cropped/09_Metas/19/10/20190919100800_00160.jpg,datasets_cloudmask/dataset_cropped/09_Metas/19/10/20190919100800_00160.png,560.2,730.1,128.3,25.1,961
9/19/2019 10:09,datasets/dataset_cropped/09_Metas/19/10/20190919100900_00160.jpg,datasets_flow/dataset_cropped/09_Metas/19/10/20190919100900_00160.jpg,datasets_cloudmask/dataset_cropped/09_Metas/19/10/20190919100900_00160.png,564.6,734.6,128.5,25,961
9/19/2019 10:10,datasets/dataset_cropped/09_Metas/19/10/20190919101000_00160.jpg,datasets_flow/dataset_cropped/09_Metas/19/10/20190919101000_00160.jpg,datasets_cloudmask/dataset_cropped/09_Metas/19/10/20190919101000_00160.png,566.9,736.1,128.5,25,961
9/19/2019 10:11,datasets/dataset_cropped/09_Metas/19/10/20190919101100_00160.jpg,datasets_flow/dataset_cropped/09_Metas/19/10/20190919101100_00160.jpg,datasets_cloudmask/dataset_cropped/09_Metas/19/10/20190919101100_00160.png,568.9,737.1,128.1,25.3,962
9/19/2019 10:12,datasets/dataset_cropped/09_Metas/19/10/20190919101200_00160.jpg,datasets_flow/dataset_cropped/09_Metas/19/10/20190919101200_00160.jpg,datasets_cloudmask/dataset_cropped/09_Metas/19/10/20190919101200_00160.png,572.4,740.2,127.6,25.2,961
9/19/2019 10:13,datasets/dataset_cropped/09_Metas/19/10/20190919101300_00160.jpg,datasets_flow/dataset_cropped/09_Metas/19/10/20190919101300_00160.jpg,datasets_cloudmask/dataset_cropped/09_Metas/19/10/20190919101300_00160.png,575.6,742.8,127.6,25.2,961
9/19/2019 10:14,datasets/dataset_cropped/09_Metas/19/10/20190919101400_00160.jpg,datasets_flow/dataset_cropped/09_Metas/19/10/20190919101400_00160.jpg,datasets_cloudmask/dataset_cropped/09_Metas/19/10/20190919101400_00160.png,578.4,745,127.6,25.4,961
9/19/2019 10:15,datasets/dataset_cropped/09_Metas/19/10/20190919101500_00160.jpg,datasets_flow/dataset_cropped/09_Metas/19/10/20190919101500_00160.jpg,datasets_cloudmask/dataset_cropped/09_Metas/19/10/20190919101500_00160.png,582.1,748.4,127.5,25.7,961
9/19/2019 10:16,datasets/dataset_cropped/09_Metas/19/10/20190919101600_00160.jpg,datasets_flow/dataset_cropped/09_Metas/19/10/20190919101600_00160.jpg,datasets_cloudmask/dataset_cropped/09_Metas/19/10/20190919101600_00160.png,584.4,749.4,127.2,25.8,961
9/19/2019 10:17,datasets/dataset_cropped/09_Metas/19/10/20190919101700_00160.jpg,datasets_flow/dataset_cropped/09_Metas/19/10/20190919101700_00160.jpg,datasets_cloudmask/dataset_cropped/09_Metas/19/10/20190919101700_00160.png,586.3,749.8,126.8,25.8,962
9/19/2019 10:18,datasets/dataset_cropped/09_Metas/19/10/20190919101800_00160.jpg,datasets_flow/dataset_cropped/09_Metas/19/10/20190919101800_00160.jpg,datasets_cloudmask/dataset_cropped/09_Metas/19/10/20190919101800_00160.png,590.1,753.5,126.6,25.5,961
9/19/2019 10:19,datasets/dataset_cropped/09_Metas/19/10/20190919101900_00160.jpg,datasets_flow/dataset_cropped/09_Metas/19/10/20190919101900_00160.jpg,datasets_cloudmask/dataset_cropped/09_Metas/19/10/20190919101900_00160.png,593.8,757.7,126.7,25.5,961
9/19/2019 10:20,datasets/dataset_cropped/09_Metas/19/10/20190919102000_00160.jpg,datasets_flow/dataset_cropped/09_Metas/19/10/20190919102000_00160.jpg,datasets_cloudmask/dataset_cropped/09_Metas/19/10/20190919102000_00160.png,597.7,761.7,126.4,25.5,961
9/19/2019 10:21,datasets/dataset_cropped/09_Metas/19/10/20190919102100_00160.jpg,datasets_flow/dataset_cropped/09_Metas/19/10/20190919102100_00160.jpg,datasets_cloudmask/dataset_cropped/09_Metas/19/10/20190919102100_00160.png,600.2,762.5,126.4,25.6,961
9/19/2019 10:22,datasets/dataset_cropped/09_Metas/19/10/20190919102200_00160.jpg,datasets_flow/dataset_cropped/09_Metas/19/10/20190919102200_00160.jpg,datasets_cloudmask/dataset_cropped/09_Metas/19/10/20190919102200_00160.png,601.9,762.9,126.6,25.7,961
9/19/2019 10:23,datasets/dataset_cropped/09_Metas/19/10/20190919102300_00160.jpg,datasets_flow/dataset_cropped/09_Metas/19/10/20190919102300_00160.jpg,datasets_cloudmask/dataset_cropped/09_Metas/19/10/20190919102300_00160.png,603.5,762.7,126.4,25.5,961
9/19/2019 10:24,datasets/dataset_cropped/09_Metas/19/10/20190919102400_00160.jpg,datasets_flow/dataset_cropped/09_Metas/19/10/20190919102400_00160.jpg,datasets_cloudmask/dataset_cropped/09_Metas/19/10/20190919102400_00160.png,605.6,763,126.5,25.5,961
9/19/2019 10:25,datasets/dataset_cropped/09_Metas/19/10/20190919102500_00160.jpg,datasets_flow/dataset_cropped/09_Metas/19/10/20190919102500_00160.jpg,datasets_cloudmask/dataset_cropped/09_Metas/19/10/20190919102500_00160.png,609.2,765.5,127,25.4,961
9/19/2019 10:26,datasets/dataset_cropped/09_Metas/19/10/20190919102600_00160.jpg,datasets_flow/dataset_cropped/09_Metas/19/10/20190919102600_00160.jpg,datasets_cloudmask/dataset_cropped/09_Metas/19/10/20190919102600_00160.png,610.1,764.2,126.6,25.6,961
9/19/2019 10:27,datasets/dataset_cropped/09_Metas/19/10/20190919102700_00160.jpg,datasets_flow/dataset_cropped/09_Metas/19/10/20190919102700_00160.jpg,datasets_cloudmask/dataset_cropped/09_Metas/19/10/20190919102700_00160.png,613.8,766.9,126.5,25.6,961
9/19/2019 10:28,datasets/dataset_cropped/09_Metas/19/10/20190919102800_00160.jpg,datasets_flow/dataset_cropped/09_Metas/19/10/20190919102800_00160.jpg,datasets_cloudmask/dataset_cropped/09_Metas/19/10/20190919102800_00160.png,616.5,768.4,126.4,25.6,961
9/19/2019 10:29,datasets/dataset_cropped/09_Metas/19/10/20190919102900_00160.jpg,datasets_flow/dataset_cropped/09_Metas/19/10/20190919102900_00160.jpg,datasets_cloudmask/dataset_cropped/09_Metas/19/10/20190919102900_00160.png,618.8,769.1,126.8,25.5,961
9/19/2019 10:30,datasets/dataset_cropped/09_Metas/19/10/20190919103000_00160.jpg,datasets_flow/dataset_cropped/09_Metas/19/10/20190919103000_00160.jpg,datasets_cloudmask/dataset_cropped/09_Metas/19/10/20190919103000_00160.png,622.1,771.9,126.8,25.5,961
9/19/2019 10:31,datasets/dataset_cropped/09_Metas/19/10/20190919103100_00160.jpg,datasets_flow/dataset_cropped/09_Metas/19/10/20190919103100_00160.jpg,datasets_cloudmask/dataset_cropped/09_Metas/19/10/20190919103100_00160.png,625.5,774.1,126.9,25.4,961
9/19/2019 10:32,datasets/dataset_cropped/09_Metas/19/10/20190919103200_00160.jpg,datasets_flow/dataset_cropped/09_Metas/19/10/20190919103200_00160.jpg,datasets_cloudmask/dataset_cropped/09_Metas/19/10/20190919103200_00160.png,628,774.9,126.9,25.6,961
9/19/2019 10:33,datasets/dataset_cropped/09_Metas/19/10/20190919103300_00160.jpg,datasets_flow/dataset_cropped/09_Metas/19/10/20190919103300_00160.jpg,datasets_cloudmask/dataset_cropped/09_Metas/19/10/20190919103300_00160.png,629.4,774.5,127.1,25.7,961
9/19/2019 10:34,datasets/dataset_cropped/09_Metas/19/10/20190919103400_00160.jpg,datasets_flow/dataset_cropped/09_Metas/19/10/20190919103400_00160.jpg,datasets_cloudmask/dataset_cropped/09_Metas/19/10/20190919103400_00160.png,633.9,778.8,127.5,25.7,961
9/19/2019 10:35,datasets/dataset_cropped/09_Metas/19/10/20190919103500_00160.jpg,datasets_flow/dataset_cropped/09_Metas/19/10/20190919103500_00160.jpg,datasets_cloudmask/dataset_cropped/09_Metas/19/10/20190919103500_00160.png,636.8,780.7,128,25.7,961
9/19/2019 10:36,datasets/dataset_cropped/09_Metas/19/10/20190919103600_00160.jpg,datasets_flow/dataset_cropped/09_Metas/19/10/20190919103600_00160.jpg,datasets_cloudmask/dataset_cropped/09_Metas/19/10/20190919103600_00160.png,638.8,781.5,127.6,25.7,961
9/19/2019 10:37,datasets/dataset_cropped/09_Metas/19/10/20190919103700_00160.jpg,datasets_flow/dataset_cropped/09_Metas/19/10/20190919103700_00160.jpg,datasets_cloudmask/dataset_cropped/09_Metas/19/10/20190919103700_00160.png,639.2,779,127.5,25.6,961
9/19/2019 10:38,datasets/dataset_cropped/09_Metas/19/10/20190919103800_00160.jpg,datasets_flow/dataset_cropped/09_Metas/19/10/20190919103800_00160.jpg,datasets_cloudmask/dataset_cropped/09_Metas/19/10/20190919103800_00160.png,639.9,777.5,127.2,25.6,961
9/19/2019 10:39,datasets/dataset_cropped/09_Metas/19/10/20190919103900_00160.jpg,datasets_flow/dataset_cropped/09_Metas/19/10/20190919103900_00160.jpg,datasets_cloudmask/dataset_cropped/09_Metas/19/10/20190919103900_00160.png,643.9,780.8,127.6,25.6,961
9/19/2019 10:40,datasets/dataset_cropped/09_Metas/19/10/20190919104000_00160.jpg,datasets_flow/dataset_cropped/09_Metas/19/10/20190919104000_00160.jpg,datasets_cloudmask/dataset_cropped/09_Metas/19/10/20190919104000_00160.png,648.3,785.7,127.5,25.7,961
9/19/2019 10:41,datasets/dataset_cropped/09_Metas/19/10/20190919104100_00160.jpg,datasets_flow/dataset_cropped/09_Metas/19/10/20190919104100_00160.jpg,datasets_cloudmask/dataset_cropped/09_Metas/19/10/20190919104100_00160.png,651.6,788.5,127.2,25.7,961
9/19/2019 10:42,datasets/dataset_cropped/09_Metas/19/10/20190919104200_00160.jpg,datasets_flow/dataset_cropped/09_Metas/19/10/20190919104200_00160.jpg,datasets_cloudmask/dataset_cropped/09_Metas/19/10/20190919104200_00160.png,654.8,791.1,127.2,25.7,961
9/19/2019 10:43,datasets/dataset_cropped/09_Metas/19/10/20190919104300_00160.jpg,datasets_flow/dataset_cropped/09_Metas/19/10/20190919104300_00160.jpg,datasets_cloudmask/dataset_cropped/09_Metas/19/10/20190919104300_00160.png,657.3,792,127.4,25.7,961
9/19/2019 10:44,datasets/dataset_cropped/09_Metas/19/10/20190919104400_00160.jpg,datasets_flow/dataset_cropped/09_Metas/19/10/20190919104400_00160.jpg,datasets_cloudmask/dataset_cropped/09_Metas/19/10/20190919104400_00160.png,659.5,792.2,127.5,25.6,961
9/19/2019 10:45,datasets/dataset_cropped/09_Metas/19/10/20190919104500_00160.jpg,datasets_flow/dataset_cropped/09_Metas/19/10/20190919104500_00160.jpg,datasets_cloudmask/dataset_cropped/09_Metas/19/10/20190919104500_00160.png,661,791.7,128.5,25.8,961
9/19/2019 10:46,datasets/dataset_cropped/09_Metas/19/10/20190919104600_00160.jpg,datasets_flow/dataset_cropped/09_Metas/19/10/20190919104600_00160.jpg,datasets_cloudmask/dataset_cropped/09_Metas/19/10/20190919104600_00160.png,662,790.2,129.4,26,961
9/19/2019 10:47,datasets/dataset_cropped/09_Metas/19/10/20190919104700_00160.jpg,datasets_flow/dataset_cropped/09_Metas/19/10/20190919104700_00160.jpg,datasets_cloudmask/dataset_cropped/09_Metas/19/10/20190919104700_00160.png,662.7,787.5,129.8,26,961
9/19/2019 10:48,datasets/dataset_cropped/09_Metas/19/10/20190919104800_00160.jpg,datasets_flow/dataset_cropped/09_Metas/19/10/20190919104800_00160.jpg,datasets_cloudmask/dataset_cropped/09_Metas/19/10/20190919104800_00160.png,664.7,787.7,130.2,25.9,961
9/19/2019 10:49,datasets/dataset_cropped/09_Metas/19/10/20190919104900_00160.jpg,datasets_flow/dataset_cropped/09_Metas/19/10/20190919104900_00160.jpg,datasets_cloudmask/dataset_cropped/09_Metas/19/10/20190919104900_00160.png,666.1,787.1,131,25.7,961
9/19/2019 10:50,datasets/dataset_cropped/09_Metas/19/10/20190919105000_00160.jpg,datasets_flow/dataset_cropped/09_Metas/19/10/20190919105000_00160.jpg,datasets_cloudmask/dataset_cropped/09_Metas/19/10/20190919105000_00160.png,667.5,787,131.7,25.7,961
9/19/2019 10:51,datasets/dataset_cropped/09_Metas/19/10/20190919105100_00160.jpg,datasets_flow/dataset_cropped/09_Metas/19/10/20190919105100_00160.jpg,datasets_cloudmask/dataset_cropped/09_Metas/19/10/20190919105100_00160.png,668.3,785.7,131.9,25.9,961
9/19/2019 10:52,datasets/dataset_cropped/09_Metas/19/10/20190919105200_00160.jpg,datasets_flow/dataset_cropped/09_Metas/19/10/20190919105200_00160.jpg,datasets_cloudmask/dataset_cropped/09_Metas/19/10/20190919105200_00160.png,671.3,786.9,131.9,25.9,961
9/19/2019 10:53,datasets/dataset_cropped/09_Metas/19/10/20190919105300_00160.jpg,datasets_flow/dataset_cropped/09_Metas/19/10/20190919105300_00160.jpg,datasets_cloudmask/dataset_cropped/09_Metas/19/10/20190919105300_00160.png,676,791,132.5,26,961
9/19/2019 10:54,datasets/dataset_cropped/09_Metas/19/10/20190919105400_00160.jpg,datasets_flow/dataset_cropped/09_Metas/19/10/20190919105400_00160.jpg,datasets_cloudmask/dataset_cropped/09_Metas/19/10/20190919105400_00160.png,678.6,791.3,133.2,25.9,961
9/19/2019 10:55,datasets/dataset_cropped/09_Metas/19/10/20190919105500_00160.jpg,datasets_flow/dataset_cropped/09_Metas/19/10/20190919105500_00160.jpg,datasets_cloudmask/dataset_cropped/09_Metas/19/10/20190919105500_00160.png,674.6,782.4,133.8,25.8,961
9/19/2019 10:56,datasets/dataset_cropped/09_Metas/19/10/20190919105600_00160.jpg,datasets_flow/dataset_cropped/09_Metas/19/10/20190919105600_00160.jpg,datasets_cloudmask/dataset_cropped/09_Metas/19/10/20190919105600_00160.png,677.7,783.4,134.7,25.8,961
9/19/2019 10:57,datasets/dataset_cropped/09_Metas/19/10/20190919105700_00160.jpg,datasets_flow/dataset_cropped/09_Metas/19/10/20190919105700_00160.jpg,datasets_cloudmask/dataset_cropped/09_Metas/19/10/20190919105700_00160.png,680.3,784.6,135.6,26.2,961
9/19/2019 10:58,datasets/dataset_cropped/09_Metas/19/10/20190919105800_00160.jpg,datasets_flow/dataset_cropped/09_Metas/19/10/20190919105800_00160.jpg,datasets_cloudmask/dataset_cropped/09_Metas/19/10/20190919105800_00160.png,681.5,783.3,136.4,26.6,961
9/19/2019 10:59,datasets/dataset_cropped/09_Metas/19/10/20190919105900_00160.jpg,datasets_flow/dataset_cropped/09_Metas/19/10/20190919105900_00160.jpg,datasets_cloudmask/dataset_cropped/09_Metas/19/10/20190919105900_00160.png,685.2,786.1,136.7,26.7,961
9/19/2019 11:00,datasets/dataset_cropped/09_Metas/19/11/20190919110000_00160.jpg,datasets_flow/dataset_cropped/09_Metas/19/11/20190919110000_00160.jpg,datasets_cloudmask/dataset_cropped/09_Metas/19/11/20190919110000_00160.png,685.7,783.8,137.5,26.7,961
9/19/2019 11:01,datasets/dataset_cropped/09_Metas/19/11/20190919110100_00160.jpg,datasets_flow/dataset_cropped/09_Metas/19/11/20190919110100_00160.jpg,datasets_cloudmask/dataset_cropped/09_Metas/19/11/20190919110100_00160.png,687.1,783,137.6,26.5,961
9/19/2019 11:02,datasets/dataset_cropped/09_Metas/19/11/20190919110200_00160.jpg,datasets_flow/dataset_cropped/09_Metas/19/11/20190919110200_00160.jpg,datasets_cloudmask/dataset_cropped/09_Metas/19/11/20190919110200_00160.png,687.9,781.8,137.7,26.4,961
9/19/2019 11:03,datasets/dataset_cropped/09_Metas/19/11/20190919110300_00160.jpg,datasets_flow/dataset_cropped/09_Metas/19/11/20190919110300_00160.jpg,datasets_cloudmask/dataset_cropped/09_Metas/19/11/20190919110300_00160.png,693.5,787.5,137.7,26.3,961
9/19/2019 11:04,datasets/dataset_cropped/09_Metas/19/11/20190919110400_00160.jpg,datasets_flow/dataset_cropped/09_Metas/19/11/20190919110400_00160.jpg,datasets_cloudmask/dataset_cropped/09_Metas/19/11/20190919110400_00160.png,695.3,787.9,137.3,26.2,961
9/19/2019 11:05,datasets/dataset_cropped/09_Metas/19/11/20190919110500_00160.jpg,datasets_flow/dataset_cropped/09_Metas/19/11/20190919110500_00160.jpg,datasets_cloudmask/dataset_cropped/09_Metas/19/11/20190919110500_00160.png,697.9,789.5,137.2,26.3,961
9/19/2019 11:06,datasets/dataset_cropped/09_Metas/19/11/20190919110600_00160.jpg,datasets_flow/dataset_cropped/09_Metas/19/11/20190919110600_00160.jpg,datasets_cloudmask/dataset_cropped/09_Metas/19/11/20190919110600_00160.png,700.5,791.6,136.8,26.4,961
9/19/2019 11:07,datasets/dataset_cropped/09_Metas/19/11/20190919110700_00160.jpg,datasets_flow/dataset_cropped/09_Metas/19/11/20190919110700_00160.jpg,datasets_cloudmask/dataset_cropped/09_Metas/19/11/20190919110700_00160.png,703.8,794.4,136.6,26.3,961
9/19/2019 11:08,datasets/dataset_cropped/09_Metas/19/11/20190919110800_00160.jpg,datasets_flow/dataset_cropped/09_Metas/19/11/20190919110800_00160.jpg,datasets_cloudmask/dataset_cropped/09_Metas/19/11/20190919110800_00160.png,705.5,795.3,136.5,26.3,961
9/19/2019 11:09,datasets/dataset_cropped/09_Metas/19/11/20190919110900_00160.jpg,datasets_flow/dataset_cropped/09_Metas/19/11/20190919110900_00160.jpg,datasets_cloudmask/dataset_cropped/09_Metas/19/11/20190919110900_00160.png,706.5,794.5,136.5,26.4,961
9/19/2019 11:10,datasets/dataset_cropped/09_Metas/19/11/20190919111000_00160.jpg,datasets_flow/dataset_cropped/09_Metas/19/11/20190919111000_00160.jpg,datasets_cloudmask/dataset_cropped/09_Metas/19/11/20190919111000_00160.png,702.5,787.3,137,26.5,961
9/19/2019 11:11,datasets/dataset_cropped/09_Metas/19/11/20190919111100_00160.jpg,datasets_flow/dataset_cropped/09_Metas/19/11/20190919111100_00160.jpg,datasets_cloudmask/dataset_cropped/09_Metas/19/11/20190919111100_00160.png,706.5,790.6,137.6,26.6,961
9/19/2019 11:12,datasets/dataset_cropped/09_Metas/19/11/20190919111200_00160.jpg,datasets_flow/dataset_cropped/09_Metas/19/11/20190919111200_00160.jpg,datasets_cloudmask/dataset_cropped/09_Metas/19/11/20190919111200_00160.png,712.1,795.5,138.3,26.6,961
9/19/2019 11:13,datasets/dataset_cropped/09_Metas/19/11/20190919111300_00160.jpg,datasets_flow/dataset_cropped/09_Metas/19/11/20190919111300_00160.jpg,datasets_cloudmask/dataset_cropped/09_Metas/19/11/20190919111300_00160.png,711,791,139,26.7,961
9/19/2019 11:14,datasets/dataset_cropped/09_Metas/19/11/20190919111400_00160.jpg,datasets_flow/dataset_cropped/09_Metas/19/11/20190919111400_00160.jpg,datasets_cloudmask/dataset_cropped/09_Metas/19/11/20190919111400_00160.png,708,784.3,139.7,26.8,961
9/19/2019 11:15,datasets/dataset_cropped/09_Metas/19/11/20190919111500_00160.jpg,datasets_flow/dataset_cropped/09_Metas/19/11/20190919111500_00160.jpg,datasets_cloudmask/dataset_cropped/09_Metas/19/11/20190919111500_00160.png,712.1,786.9,140.5,26.8,961
9/19/2019 11:16,datasets/dataset_cropped/09_Metas/19/11/20190919111600_00160.jpg,datasets_flow/dataset_cropped/09_Metas/19/11/20190919111600_00160.jpg,datasets_cloudmask/dataset_cropped/09_Metas/19/11/20190919111600_00160.png,712,784.1,141,26.6,962
9/19/2019 11:17,datasets/dataset_cropped/09_Metas/19/11/20190919111700_00160.jpg,datasets_flow/dataset_cropped/09_Metas/19/11/20190919111700_00160.jpg,datasets_cloudmask/dataset_cropped/09_Metas/19/11/20190919111700_00160.png,717.9,789.9,141.3,26.5,962
9/19/2019 11:18,datasets/dataset_cropped/09_Metas/19/11/20190919111800_00160.jpg,datasets_flow/dataset_cropped/09_Metas/19/11/20190919111800_00160.jpg,datasets_cloudmask/dataset_cropped/09_Metas/19/11/20190919111800_00160.png,718.8,789.6,141.5,26.4,961
9/19/2019 11:19,datasets/dataset_cropped/09_Metas/19/11/20190919111900_00160.jpg,datasets_flow/dataset_cropped/09_Metas/19/11/20190919111900_00160.jpg,datasets_cloudmask/dataset_cropped/09_Metas/19/11/20190919111900_00160.png,720,790.2,141.2,26.4,961
9/19/2019 11:20,datasets/dataset_cropped/09_Metas/19/11/20190919112000_00160.jpg,datasets_flow/dataset_cropped/09_Metas/19/11/20190919112000_00160.jpg,datasets_cloudmask/dataset_cropped/09_Metas/19/11/20190919112000_00160.png,721.7,791,141.5,26.5,961
9/19/2019 11:21,datasets/dataset_cropped/09_Metas/19/11/20190919112100_00160.jpg,datasets_flow/dataset_cropped/09_Metas/19/11/20190919112100_00160.jpg,datasets_cloudmask/dataset_cropped/09_Metas/19/11/20190919112100_00160.png,727.8,798.5,141.8,26.6,961
9/19/2019 11:22,datasets/dataset_cropped/09_Metas/19/11/20190919112200_00160.jpg,datasets_flow/dataset_cropped/09_Metas/19/11/20190919112200_00160.jpg,datasets_cloudmask/dataset_cropped/09_Metas/19/11/20190919112200_00160.png,728.1,796.8,142.2,26.7,961
9/19/2019 11:23,datasets/dataset_cropped/09_Metas/19/11/20190919112300_00160.jpg,datasets_flow/dataset_cropped/09_Metas/19/11/20190919112300_00160.jpg,datasets_cloudmask/dataset_cropped/09_Metas/19/11/20190919112300_00160.png,727.2,793.1,142.8,26.7,961
9/19/2019 11:24,datasets/dataset_cropped/09_Metas/19/11/20190919112400_00160.jpg,datasets_flow/dataset_cropped/09_Metas/19/11/20190919112400_00160.jpg,datasets_cloudmask/dataset_cropped/09_Metas/19/11/20190919112400_00160.png,727.9,791.8,143.1,26.7,961
9/19/2019 11:25,datasets/dataset_cropped/09_Metas/19/11/20190919112500_00160.jpg,datasets_flow/dataset_cropped/09_Metas/19/11/20190919112500_00160.jpg,datasets_cloudmask/dataset_cropped/09_Metas/19/11/20190919112500_00160.png,730.4,793.2,143.6,26.6,961
9/19/2019 11:26,datasets/dataset_cropped/09_Metas/19/11/20190919112600_00160.jpg,datasets_flow/dataset_cropped/09_Metas/19/11/20190919112600_00160.jpg,datasets_cloudmask/dataset_cropped/09_Metas/19/11/20190919112600_00160.png,733.8,795.3,144.2,26.6,961
9/19/2019 11:27,datasets/dataset_cropped/09_Metas/19/11/20190919112700_00160.jpg,datasets_flow/dataset_cropped/09_Metas/19/11/20190919112700_00160.jpg,datasets_cloudmask/dataset_cropped/09_Metas/19/11/20190919112700_00160.png,737,798.3,144.3,26.5,961
9/19/2019 11:28,datasets/dataset_cropped/09_Metas/19/11/20190919112800_00160.jpg,datasets_flow/dataset_cropped/09_Metas/19/11/20190919112800_00160.jpg,datasets_cloudmask/dataset_cropped/09_Metas/19/11/20190919112800_00160.png,737.9,797.9,144.5,26.5,961
9/19/2019 11:29,datasets/dataset_cropped/09_Metas/19/11/20190919112900_00160.jpg,datasets_flow/dataset_cropped/09_Metas/19/11/20190919112900_00160.jpg,datasets_cloudmask/dataset_cropped/09_Metas/19/11/20190919112900_00160.png,740.6,799.2,144.4,26.3,961
9/19/2019 11:30,datasets/dataset_cropped/09_Metas/19/11/20190919113000_00160.jpg,datasets_flow/dataset_cropped/09_Metas/19/11/20190919113000_00160.jpg,datasets_cloudmask/dataset_cropped/09_Metas/19/11/20190919113000_00160.png,742.9,800,144.6,26.3,961
9/19/2019 11:31,datasets/dataset_cropped/09_Metas/19/11/20190919113100_00160.jpg,datasets_flow/dataset_cropped/09_Metas/19/11/20190919113100_00160.jpg,datasets_cloudmask/dataset_cropped/09_Metas/19/11/20190919113100_00160.png,745.6,802,145,26.3,961
9/19/2019 11:32,datasets/dataset_cropped/09_Metas/19/11/20190919113200_00160.jpg,datasets_flow/dataset_cropped/09_Metas/19/11/20190919113200_00160.jpg,datasets_cloudmask/dataset_cropped/09_Metas/19/11/20190919113200_00160.png,752.3,809,145.5,26.4,961
9/19/2019 11:33,datasets/dataset_cropped/09_Metas/19/11/20190919113300_00160.jpg,datasets_flow/dataset_cropped/09_Metas/19/11/20190919113300_00160.jpg,datasets_cloudmask/dataset_cropped/09_Metas/19/11/20190919113300_00160.png,751.4,806,145.9,26.5,961
9/19/2019 11:34,datasets/dataset_cropped/09_Metas/19/11/20190919113400_00160.jpg,datasets_flow/dataset_cropped/09_Metas/19/11/20190919113400_00160.jpg,datasets_cloudmask/dataset_cropped/09_Metas/19/11/20190919113400_00160.png,750,803,145.9,26.6,961
9/19/2019 11:35,datasets/dataset_cropped/09_Metas/19/11/20190919113500_00160.jpg,datasets_flow/dataset_cropped/09_Metas/19/11/20190919113500_00160.jpg,datasets_cloudmask/dataset_cropped/09_Metas/19/11/20190919113500_00160.png,749.5,800,145.9,26.8,961
9/19/2019 11:36,datasets/dataset_cropped/09_Metas/19/11/20190919113600_00160.jpg,datasets_flow/dataset_cropped/09_Metas/19/11/20190919113600_00160.jpg,datasets_cloudmask/dataset_cropped/09_Metas/19/11/20190919113600_00160.png,748.8,797.6,146.1,26.9,961
9/19/2019 11:37,datasets/dataset_cropped/09_Metas/19/11/20190919113700_00160.jpg,datasets_flow/dataset_cropped/09_Metas/19/11/20190919113700_00160.jpg,datasets_cloudmask/dataset_cropped/09_Metas/19/11/20190919113700_00160.png,750.5,797.6,146.4,26.8,961
9/19/2019 11:38,datasets/dataset_cropped/09_Metas/19/11/20190919113800_00160.jpg,datasets_flow/dataset_cropped/09_Metas/19/11/20190919113800_00160.jpg,datasets_cloudmask/dataset_cropped/09_Metas/19/11/20190919113800_00160.png,750.2,794.9,146.6,26.4,961
9/19/2019 11:39,datasets/dataset_cropped/09_Metas/19/11/20190919113900_00160.jpg,datasets_flow/dataset_cropped/09_Metas/19/11/20190919113900_00160.jpg,datasets_cloudmask/dataset_cropped/09_Metas/19/11/20190919113900_00160.png,748.5,790.3,147.1,26.4,961
9/19/2019 11:40,datasets/dataset_cropped/09_Metas/19/11/20190919114000_00160.jpg,datasets_flow/dataset_cropped/09_Metas/19/11/20190919114000_00160.jpg,datasets_cloudmask/dataset_cropped/09_Metas/19/11/20190919114000_00160.png,752.4,792.9,147.6,26.5,961
9/19/2019 11:41,datasets/dataset_cropped/09_Metas/19/11/20190919114100_00160.jpg,datasets_flow/dataset_cropped/09_Metas/19/11/20190919114100_00160.jpg,datasets_cloudmask/dataset_cropped/09_Metas/19/11/20190919114100_00160.png,755.9,795.2,147.9,26.6,961
9/19/2019 11:42,datasets/dataset_cropped/09_Metas/19/11/20190919114200_00160.jpg,datasets_flow/dataset_cropped/09_Metas/19/11/20190919114200_00160.jpg,datasets_cloudmask/dataset_cropped/09_Metas/19/11/20190919114200_00160.png,760.8,799.9,148.3,26.7,961
9/19/2019 11:43,datasets/dataset_cropped/09_Metas/19/11/20190919114300_00160.jpg,datasets_flow/dataset_cropped/09_Metas/19/11/20190919114300_00160.jpg,datasets_cloudmask/dataset_cropped/09_Metas/19/11/20190919114300_00160.png,765,804,148.9,26.7,961
9/19/2019 11:44,datasets/dataset_cropped/09_Metas/19/11/20190919114400_00160.jpg,datasets_flow/dataset_cropped/09_Metas/19/11/20190919114400_00160.jpg,datasets_cloudmask/dataset_cropped/09_Metas/19/11/20190919114400_00160.png,767.8,807,150,26.6,961
9/19/2019 11:45,datasets/dataset_cropped/09_Metas/19/11/20190919114500_00160.jpg,datasets_flow/dataset_cropped/09_Metas/19/11/20190919114500_00160.jpg,datasets_cloudmask/dataset_cropped/09_Metas/19/11/20190919114500_00160.png,768.5,806,150.9,26.6,961
9/19/2019 11:46,datasets/dataset_cropped/09_Metas/19/11/20190919114600_00160.jpg,datasets_flow/dataset_cropped/09_Metas/19/11/20190919114600_00160.jpg,datasets_cloudmask/dataset_cropped/09_Metas/19/11/20190919114600_00160.png,767.7,803,151.1,26.9,961
9/19/2019 11:47,datasets/dataset_cropped/09_Metas/19/11/20190919114700_00160.jpg,datasets_flow/dataset_cropped/09_Metas/19/11/20190919114700_00160.jpg,datasets_cloudmask/dataset_cropped/09_Metas/19/11/20190919114700_00160.png,766.3,798.8,151.4,27.1,961
9/19/2019 11:48,datasets/dataset_cropped/09_Metas/19/11/20190919114800_00160.jpg,datasets_flow/dataset_cropped/09_Metas/19/11/20190919114800_00160.jpg,datasets_cloudmask/dataset_cropped/09_Metas/19/11/20190919114800_00160.png,768.5,799.3,151.9,27,961
9/19/2019 11:49,datasets/dataset_cropped/09_Metas/19/11/20190919114900_00160.jpg,datasets_flow/dataset_cropped/09_Metas/19/11/20190919114900_00160.jpg,datasets_cloudmask/dataset_cropped/09_Metas/19/11/20190919114900_00160.png,770.8,801,153.4,27,961
9/19/2019 11:50,datasets/dataset_cropped/09_Metas/19/11/20190919115000_00160.jpg,datasets_flow/dataset_cropped/09_Metas/19/11/20190919115000_00160.jpg,datasets_cloudmask/dataset_cropped/09_Metas/19/11/20190919115000_00160.png,771.6,800,154.3,26.7,961
9/19/2019 11:51,datasets/dataset_cropped/09_Metas/19/11/20190919115100_00160.jpg,datasets_flow/dataset_cropped/09_Metas/19/11/20190919115100_00160.jpg,datasets_cloudmask/dataset_cropped/09_Metas/19/11/20190919115100_00160.png,770.8,797.8,153.6,26.7,961
9/19/2019 11:52,datasets/dataset_cropped/09_Metas/19/11/20190919115200_00160.jpg,datasets_flow/dataset_cropped/09_Metas/19/11/20190919115200_00160.jpg,datasets_cloudmask/dataset_cropped/09_Metas/19/11/20190919115200_00160.png,771.2,797,152.8,26.8,961
9/19/2019 11:53,datasets/dataset_cropped/09_Metas/19/11/20190919115300_00160.jpg,datasets_flow/dataset_cropped/09_Metas/19/11/20190919115300_00160.jpg,datasets_cloudmask/dataset_cropped/09_Metas/19/11/20190919115300_00160.png,774.3,800,152.5,26.6,961
9/19/2019 11:54,datasets/dataset_cropped/09_Metas/19/11/20190919115400_00160.jpg,datasets_flow/dataset_cropped/09_Metas/19/11/20190919115400_00160.jpg,datasets_cloudmask/dataset_cropped/09_Metas/19/11/20190919115400_00160.png,777.6,804,152,26.6,961
9/19/2019 11:55,datasets/dataset_cropped/09_Metas/19/11/20190919115500_00160.jpg,datasets_flow/dataset_cropped/09_Metas/19/11/20190919115500_00160.jpg,datasets_cloudmask/dataset_cropped/09_Metas/19/11/20190919115500_00160.png,779.2,805,151.5,26.5,961
9/19/2019 11:56,datasets/dataset_cropped/09_Metas/19/11/20190919115600_00160.jpg,datasets_flow/dataset_cropped/09_Metas/19/11/20190919115600_00160.jpg,datasets_cloudmask/dataset_cropped/09_Metas/19/11/20190919115600_00160.png,778.8,803,151.4,26.5,961
9/19/2019 11:57,datasets/dataset_cropped/09_Metas/19/11/20190919115700_00160.jpg,datasets_flow/dataset_cropped/09_Metas/19/11/20190919115700_00160.jpg,datasets_cloudmask/dataset_cropped/09_Metas/19/11/20190919115700_00160.png,777.9,801,151.9,26.7,961
9/19/2019 11:58,datasets/dataset_cropped/09_Metas/19/11/20190919115800_00160.jpg,datasets_flow/dataset_cropped/09_Metas/19/11/20190919115800_00160.jpg,datasets_cloudmask/dataset_cropped/09_Metas/19/11/20190919115800_00160.png,779.8,801,152.8,26.6,961
9/19/2019 11:59,datasets/dataset_cropped/09_Metas/19/11/20190919115900_00160.jpg,datasets_flow/dataset_cropped/09_Metas/19/11/20190919115900_00160.jpg,datasets_cloudmask/dataset_cropped/09_Metas/19/11/20190919115900_00160.png,783.2,803,153.4,26.4,961
9/19/2019 12:00,datasets/dataset_cropped/09_Metas/19/12/20190919120000_00160.jpg,datasets_flow/dataset_cropped/09_Metas/19/12/20190919120000_00160.jpg,datasets_cloudmask/dataset_cropped/09_Metas/19/12/20190919120000_00160.png,785.8,805,154.1,26.6,961
9/19/2019 12:01,datasets/dataset_cropped/09_Metas/19/12/20190919120100_00160.jpg,datasets_flow/dataset_cropped/09_Metas/19/12/20190919120100_00160.jpg,datasets_cloudmask/dataset_cropped/09_Metas/19/12/20190919120100_00160.png,789.3,808,154.2,26.8,961
9/19/2019 12:02,datasets/dataset_cropped/09_Metas/19/12/20190919120200_00160.jpg,datasets_flow/dataset_cropped/09_Metas/19/12/20190919120200_00160.jpg,datasets_cloudmask/dataset_cropped/09_Metas/19/12/20190919120200_00160.png,789.5,807,154.7,27.3,961
9/19/2019 12:03,datasets/dataset_cropped/09_Metas/19/12/20190919120300_00160.jpg,datasets_flow/dataset_cropped/09_Metas/19/12/20190919120300_00160.jpg,datasets_cloudmask/dataset_cropped/09_Metas/19/12/20190919120300_00160.png,789.9,807,154.8,27.3,961
9/19/2019 12:04,datasets/dataset_cropped/09_Metas/19/12/20190919120400_00160.jpg,datasets_flow/dataset_cropped/09_Metas/19/12/20190919120400_00160.jpg,datasets_cloudmask/dataset_cropped/09_Metas/19/12/20190919120400_00160.png,791.6,808,155.3,26.9,961
9/19/2019 12:05,datasets/dataset_cropped/09_Metas/19/12/20190919120500_00160.jpg,datasets_flow/dataset_cropped/09_Metas/19/12/20190919120500_00160.jpg,datasets_cloudmask/dataset_cropped/09_Metas/19/12/20190919120500_00160.png,793.7,810,155.5,26.8,961
9/19/2019 12:06,datasets/dataset_cropped/09_Metas/19/12/20190919120600_00160.jpg,datasets_flow/dataset_cropped/09_Metas/19/12/20190919120600_00160.jpg,datasets_cloudmask/dataset_cropped/09_Metas/19/12/20190919120600_00160.png,794.7,809,155.7,26.8,961
9/19/2019 12:07,datasets/dataset_cropped/09_Metas/19/12/20190919120700_00160.jpg,datasets_flow/dataset_cropped/09_Metas/19/12/20190919120700_00160.jpg,datasets_cloudmask/dataset_cropped/09_Metas/19/12/20190919120700_00160.png,795.1,808,156.7,27,961
9/19/2019 12:08,datasets/dataset_cropped/09_Metas/19/12/20190919120800_00160.jpg,datasets_flow/dataset_cropped/09_Metas/19/12/20190919120800_00160.jpg,datasets_cloudmask/dataset_cropped/09_Metas/19/12/20190919120800_00160.png,797,809,157.9,27,961
9/19/2019 12:09,datasets/dataset_cropped/09_Metas/19/12/20190919120900_00160.jpg,datasets_flow/dataset_cropped/09_Metas/19/12/20190919120900_00160.jpg,datasets_cloudmask/dataset_cropped/09_Metas/19/12/20190919120900_00160.png,799.8,808,160.4,27.1,961
9/19/2019 12:10,datasets/dataset_cropped/09_Metas/19/12/20190919121000_00160.jpg,datasets_flow/dataset_cropped/09_Metas/19/12/20190919121000_00160.jpg,datasets_cloudmask/dataset_cropped/09_Metas/19/12/20190919121000_00160.png,809,813,164.5,26.9,961
9/19/2019 12:11,datasets/dataset_cropped/09_Metas/19/12/20190919121100_00160.jpg,datasets_flow/dataset_cropped/09_Metas/19/12/20190919121100_00160.jpg,datasets_cloudmask/dataset_cropped/09_Metas/19/12/20190919121100_00160.png,817,816,169.4,27,961
9/19/2019 12:12,datasets/dataset_cropped/09_Metas/19/12/20190919121200_00160.jpg,datasets_flow/dataset_cropped/09_Metas/19/12/20190919121200_00160.jpg,datasets_cloudmask/dataset_cropped/09_Metas/19/12/20190919121200_00160.png,815,810,172.2,27.1,961
9/19/2019 12:13,datasets/dataset_cropped/09_Metas/19/12/20190919121300_00160.jpg,datasets_flow/dataset_cropped/09_Metas/19/12/20190919121300_00160.jpg,datasets_cloudmask/dataset_cropped/09_Metas/19/12/20190919121300_00160.png,816,807,175.9,27.2,961
9/19/2019 12:14,datasets/dataset_cropped/09_Metas/19/12/20190919121400_00160.jpg,datasets_flow/dataset_cropped/09_Metas/19/12/20190919121400_00160.jpg,datasets_cloudmask/dataset_cropped/09_Metas/19/12/20190919121400_00160.png,821,801,183.1,26.9,961
9/19/2019 12:15,datasets/dataset_cropped/09_Metas/19/12/20190919121500_00160.jpg,datasets_flow/dataset_cropped/09_Metas/19/12/20190919121500_00160.jpg,datasets_cloudmask/dataset_cropped/09_Metas/19/12/20190919121500_00160.png,828,795.1,192.9,26.9,961
9/19/2019 12:16,datasets/dataset_cropped/09_Metas/19/12/20190919121600_00160.jpg,datasets_flow/dataset_cropped/09_Metas/19/12/20190919121600_00160.jpg,datasets_cloudmask/dataset_cropped/09_Metas/19/12/20190919121600_00160.png,824,787.5,194.6,27,961
9/19/2019 12:17,datasets/dataset_cropped/09_Metas/19/12/20190919121700_00160.jpg,datasets_flow/dataset_cropped/09_Metas/19/12/20190919121700_00160.jpg,datasets_cloudmask/dataset_cropped/09_Metas/19/12/20190919121700_00160.png,830,793.3,195.9,27,961
9/19/2019 12:18,datasets/dataset_cropped/09_Metas/19/12/20190919121800_00160.jpg,datasets_flow/dataset_cropped/09_Metas/19/12/20190919121800_00160.jpg,datasets_cloudmask/dataset_cropped/09_Metas/19/12/20190919121800_00160.png,720.4,641.7,205.9,26.8,961
9/19/2019 12:19,datasets/dataset_cropped/09_Metas/19/12/20190919121900_00160.jpg,datasets_flow/dataset_cropped/09_Metas/19/12/20190919121900_00160.jpg,datasets_cloudmask/dataset_cropped/09_Metas/19/12/20190919121900_00160.png,513.8,370.5,211.8,27,961
9/19/2019 12:20,datasets/dataset_cropped/09_Metas/19/12/20190919122000_00160.jpg,datasets_flow/dataset_cropped/09_Metas/19/12/20190919122000_00160.jpg,datasets_cloudmask/dataset_cropped/09_Metas/19/12/20190919122000_00160.png,813,748.9,211.7,27.3,961
9/19/2019 12:21,datasets/dataset_cropped/09_Metas/19/12/20190919122100_00160.jpg,datasets_flow/dataset_cropped/09_Metas/19/12/20190919122100_00160.jpg,datasets_cloudmask/dataset_cropped/09_Metas/19/12/20190919122100_00160.png,800,731.7,217.2,27.2,961
9/19/2019 12:22,datasets/dataset_cropped/09_Metas/19/12/20190919122200_00160.jpg,datasets_flow/dataset_cropped/09_Metas/19/12/20190919122200_00160.jpg,datasets_cloudmask/dataset_cropped/09_Metas/19/12/20190919122200_00160.png,572,448.3,213.6,26.9,961
9/19/2019 12:23,datasets/dataset_cropped/09_Metas/19/12/20190919122300_00160.jpg,datasets_flow/dataset_cropped/09_Metas/19/12/20190919122300_00160.jpg,datasets_cloudmask/dataset_cropped/09_Metas/19/12/20190919122300_00160.png,416,251.4,214.2,26.7,961
9/19/2019 12:24,datasets/dataset_cropped/09_Metas/19/12/20190919122400_00160.jpg,datasets_flow/dataset_cropped/09_Metas/19/12/20190919122400_00160.jpg,datasets_cloudmask/dataset_cropped/09_Metas/19/12/20190919122400_00160.png,770,666.6,223.6,26.6,961
9/19/2019 12:25,datasets/dataset_cropped/09_Metas/19/12/20190919122500_00160.jpg,datasets_flow/dataset_cropped/09_Metas/19/12/20190919122500_00160.jpg,datasets_cloudmask/dataset_cropped/09_Metas/19/12/20190919122500_00160.png,857,786.6,223.3,26.4,961
9/19/2019 12:26,datasets/dataset_cropped/09_Metas/19/12/20190919122600_00160.jpg,datasets_flow/dataset_cropped/09_Metas/19/12/20190919122600_00160.jpg,datasets_cloudmask/dataset_cropped/09_Metas/19/12/20190919122600_00160.png,855,785.8,221.8,26.3,961
9/19/2019 12:27,datasets/dataset_cropped/09_Metas/19/12/20190919122700_00160.jpg,datasets_flow/dataset_cropped/09_Metas/19/12/20190919122700_00160.jpg,datasets_cloudmask/dataset_cropped/09_Metas/19/12/20190919122700_00160.png,850,770.4,228.1,26.4,961
9/19/2019 12:28,datasets/dataset_cropped/09_Metas/19/12/20190919122800_00160.jpg,datasets_flow/dataset_cropped/09_Metas/19/12/20190919122800_00160.jpg,datasets_cloudmask/dataset_cropped/09_Metas/19/12/20190919122800_00160.png,857,776.8,230.5,26.8,961
9/19/2019 12:29,datasets/dataset_cropped/09_Metas/19/12/20190919122900_00160.jpg,datasets_flow/dataset_cropped/09_Metas/19/12/20190919122900_00160.jpg,datasets_cloudmask/dataset_cropped/09_Metas/19/12/20190919122900_00160.png,852,780,223.3,27.1,961
9/19/2019 12:30,datasets/dataset_cropped/09_Metas/19/12/20190919123000_00160.jpg,datasets_flow/dataset_cropped/09_Metas/19/12/20190919123000_00160.jpg,datasets_cloudmask/dataset_cropped/09_Metas/19/12/20190919123000_00160.png,839,776.8,213.8,26.9,961
9/19/2019 12:31,datasets/dataset_cropped/09_Metas/19/12/20190919123100_00160.jpg,datasets_flow/dataset_cropped/09_Metas/19/12/20190919123100_00160.jpg,datasets_cloudmask/dataset_cropped/09_Metas/19/12/20190919123100_00160.png,847,789,211.2,26.7,961
9/19/2019 12:32,datasets/dataset_cropped/09_Metas/19/12/20190919123200_00160.jpg,datasets_flow/dataset_cropped/09_Metas/19/12/20190919123200_00160.jpg,datasets_cloudmask/dataset_cropped/09_Metas/19/12/20190919123200_00160.png,846,792.5,206.2,27,961
9/19/2019 12:33,datasets/dataset_cropped/09_Metas/19/12/20190919123300_00160.jpg,datasets_flow/dataset_cropped/09_Metas/19/12/20190919123300_00160.jpg,datasets_cloudmask/dataset_cropped/09_Metas/19/12/20190919123300_00160.png,852,797.4,206.7,26.9,961
9/19/2019 12:34,datasets/dataset_cropped/09_Metas/19/12/20190919123400_00160.jpg,datasets_flow/dataset_cropped/09_Metas/19/12/20190919123400_00160.jpg,datasets_cloudmask/dataset_cropped/09_Metas/19/12/20190919123400_00160.png,846,787.2,207,26.8,961
9/19/2019 12:35,datasets/dataset_cropped/09_Metas/19/12/20190919123500_00160.jpg,datasets_flow/dataset_cropped/09_Metas/19/12/20190919123500_00160.jpg,datasets_cloudmask/dataset_cropped/09_Metas/19/12/20190919123500_00160.png,445.5,273.7,201.6,27.1,961
9/19/2019 12:36,datasets/dataset_cropped/09_Metas/19/12/20190919123600_00160.jpg,datasets_flow/dataset_cropped/09_Metas/19/12/20190919123600_00160.jpg,datasets_cloudmask/dataset_cropped/09_Metas/19/12/20190919123600_00160.png,504.3,345.1,217.4,27.4,961
9/19/2019 12:37,datasets/dataset_cropped/09_Metas/19/12/20190919123700_00160.jpg,datasets_flow/dataset_cropped/09_Metas/19/12/20190919123700_00160.jpg,datasets_cloudmask/dataset_cropped/09_Metas/19/12/20190919123700_00160.png,850,775.6,214,27.6,961
9/19/2019 12:38,datasets/dataset_cropped/09_Metas/19/12/20190919123800_00160.jpg,datasets_flow/dataset_cropped/09_Metas/19/12/20190919123800_00160.jpg,datasets_cloudmask/dataset_cropped/09_Metas/19/12/20190919123800_00160.png,843,794.7,199,27.5,961
9/19/2019 12:39,datasets/dataset_cropped/09_Metas/19/12/20190919123900_00160.jpg,datasets_flow/dataset_cropped/09_Metas/19/12/20190919123900_00160.jpg,datasets_cloudmask/dataset_cropped/09_Metas/19/12/20190919123900_00160.png,847,792.6,204.6,27.4,961
9/19/2019 12:40,datasets/dataset_cropped/09_Metas/19/12/20190919124000_00160.jpg,datasets_flow/dataset_cropped/09_Metas/19/12/20190919124000_00160.jpg,datasets_cloudmask/dataset_cropped/09_Metas/19/12/20190919124000_00160.png,852,804,200.7,27.4,961
9/19/2019 12:41,datasets/dataset_cropped/09_Metas/19/12/20190919124100_00160.jpg,datasets_flow/dataset_cropped/09_Metas/19/12/20190919124100_00160.jpg,datasets_cloudmask/dataset_cropped/09_Metas/19/12/20190919124100_00160.png,847,807,192.7,27.1,961
9/19/2019 12:42,datasets/dataset_cropped/09_Metas/19/12/20190919124200_00160.jpg,datasets_flow/dataset_cropped/09_Metas/19/12/20190919124200_00160.jpg,datasets_cloudmask/dataset_cropped/09_Metas/19/12/20190919124200_00160.png,837,801,187.5,27,961
9/19/2019 12:43,datasets/dataset_cropped/09_Metas/19/12/20190919124300_00160.jpg,datasets_flow/dataset_cropped/09_Metas/19/12/20190919124300_00160.jpg,datasets_cloudmask/dataset_cropped/09_Metas/19/12/20190919124300_00160.png,838,799.2,189,27,961
9/19/2019 12:44,datasets/dataset_cropped/09_Metas/19/12/20190919124400_00160.jpg,datasets_flow/dataset_cropped/09_Metas/19/12/20190919124400_00160.jpg,datasets_cloudmask/dataset_cropped/09_Metas/19/12/20190919124400_00160.png,837,791.5,193.7,27,961
9/19/2019 12:45,datasets/dataset_cropped/09_Metas/19/12/20190919124500_00160.jpg,datasets_flow/dataset_cropped/09_Metas/19/12/20190919124500_00160.jpg,datasets_cloudmask/dataset_cropped/09_Metas/19/12/20190919124500_00160.png,852,801,199.9,27.1,961
9/19/2019 12:46,datasets/dataset_cropped/09_Metas/19/12/20190919124600_00160.jpg,datasets_flow/dataset_cropped/09_Metas/19/12/20190919124600_00160.jpg,datasets_cloudmask/dataset_cropped/09_Metas/19/12/20190919124600_00160.png,857,794.3,210.5,27.2,961
9/19/2019 12:47,datasets/dataset_cropped/09_Metas/19/12/20190919124700_00160.jpg,datasets_flow/dataset_cropped/09_Metas/19/12/20190919124700_00160.jpg,datasets_cloudmask/dataset_cropped/09_Metas/19/12/20190919124700_00160.png,851,776.1,218,26.9,961
9/19/2019 12:48,datasets/dataset_cropped/09_Metas/19/12/20190919124800_00160.jpg,datasets_flow/dataset_cropped/09_Metas/19/12/20190919124800_00160.jpg,datasets_cloudmask/dataset_cropped/09_Metas/19/12/20190919124800_00160.png,848,770.8,219.8,26.9,961
9/19/2019 12:49,datasets/dataset_cropped/09_Metas/19/12/20190919124900_00160.jpg,datasets_flow/dataset_cropped/09_Metas/19/12/20190919124900_00160.jpg,datasets_cloudmask/dataset_cropped/09_Metas/19/12/20190919124900_00160.png,877,794.1,229,26.9,961
9/19/2019 12:50,datasets/dataset_cropped/09_Metas/19/12/20190919125000_00160.jpg,datasets_flow/dataset_cropped/09_Metas/19/12/20190919125000_00160.jpg,datasets_cloudmask/dataset_cropped/09_Metas/19/12/20190919125000_00160.png,878,789.4,232.6,26.8,961
9/19/2019 12:51,datasets/dataset_cropped/09_Metas/19/12/20190919125100_00160.jpg,datasets_flow/dataset_cropped/09_Metas/19/12/20190919125100_00160.jpg,datasets_cloudmask/dataset_cropped/09_Metas/19/12/20190919125100_00160.png,887,794.7,237.6,26.9,961
9/19/2019 12:52,datasets/dataset_cropped/09_Metas/19/12/20190919125200_00160.jpg,datasets_flow/dataset_cropped/09_Metas/19/12/20190919125200_00160.jpg,datasets_cloudmask/dataset_cropped/09_Metas/19/12/20190919125200_00160.png,888,792.3,240.1,27,961
9/19/2019 12:53,datasets/dataset_cropped/09_Metas/19/12/20190919125300_00160.jpg,datasets_flow/dataset_cropped/09_Metas/19/12/20190919125300_00160.jpg,datasets_cloudmask/dataset_cropped/09_Metas/19/12/20190919125300_00160.png,882,796.3,231.5,27,961
9/19/2019 12:54,datasets/dataset_cropped/09_Metas/19/12/20190919125400_00160.jpg,datasets_flow/dataset_cropped/09_Metas/19/12/20190919125400_00160.jpg,datasets_cloudmask/dataset_cropped/09_Metas/19/12/20190919125400_00160.png,874,792.3,226.6,26.9,961
9/19/2019 12:55,datasets/dataset_cropped/09_Metas/19/12/20190919125500_00160.jpg,datasets_flow/dataset_cropped/09_Metas/19/12/20190919125500_00160.jpg,datasets_cloudmask/dataset_cropped/09_Metas/19/12/20190919125500_00160.png,872,792.2,224.9,27.1,961
9/19/2019 12:56,datasets/dataset_cropped/09_Metas/19/12/20190919125600_00160.jpg,datasets_flow/dataset_cropped/09_Metas/19/12/20190919125600_00160.jpg,datasets_cloudmask/dataset_cropped/09_Metas/19/12/20190919125600_00160.png,869,792.4,221.8,27.5,961
9/19/2019 12:57,datasets/dataset_cropped/09_Metas/19/12/20190919125700_00160.jpg,datasets_flow/dataset_cropped/09_Metas/19/12/20190919125700_00160.jpg,datasets_cloudmask/dataset_cropped/09_Metas/19/12/20190919125700_00160.png,863,790.7,218.1,27.8,961
9/19/2019 12:58,datasets/dataset_cropped/09_Metas/19/12/20190919125800_00160.jpg,datasets_flow/dataset_cropped/09_Metas/19/12/20190919125800_00160.jpg,datasets_cloudmask/dataset_cropped/09_Metas/19/12/20190919125800_00160.png,861,784.1,221.5,27.7,960
9/19/2019 12:59,datasets/dataset_cropped/09_Metas/19/12/20190919125900_00160.jpg,datasets_flow/dataset_cropped/09_Metas/19/12/20190919125900_00160.jpg,datasets_cloudmask/dataset_cropped/09_Metas/19/12/20190919125900_00160.png,864,787.4,222.8,27.6,961
9/19/2019 13:00,datasets/dataset_cropped/09_Metas/19/13/20190919130000_00160.jpg,datasets_flow/dataset_cropped/09_Metas/19/13/20190919130000_00160.jpg,datasets_cloudmask/dataset_cropped/09_Metas/19/13/20190919130000_00160.png,861,785.8,219.9,27.4,960
9/19/2019 13:01,datasets/dataset_cropped/09_Metas/19/13/20190919130100_00160.jpg,datasets_flow/dataset_cropped/09_Metas/19/13/20190919130100_00160.jpg,datasets_cloudmask/dataset_cropped/09_Metas/19/13/20190919130100_00160.png,852,778.6,216.8,27.8,961
9/19/2019 13:02,datasets/dataset_cropped/09_Metas/19/13/20190919130200_00160.jpg,datasets_flow/dataset_cropped/09_Metas/19/13/20190919130200_00160.jpg,datasets_cloudmask/dataset_cropped/09_Metas/19/13/20190919130200_00160.png,856,773.2,225.7,27.7,960
9/19/2019 13:03,datasets/dataset_cropped/09_Metas/19/13/20190919130300_00160.jpg,datasets_flow/dataset_cropped/09_Metas/19/13/20190919130300_00160.jpg,datasets_cloudmask/dataset_cropped/09_Metas/19/13/20190919130300_00160.png,807,717.9,223.7,27.4,960
9/19/2019 13:04,datasets/dataset_cropped/09_Metas/19/13/20190919130400_00160.jpg,datasets_flow/dataset_cropped/09_Metas/19/13/20190919130400_00160.jpg,datasets_cloudmask/dataset_cropped/09_Metas/19/13/20190919130400_00160.png,855,768.9,225.9,27.3,960
9/19/2019 13:05,datasets/dataset_cropped/09_Metas/19/13/20190919130500_00160.jpg,datasets_flow/dataset_cropped/09_Metas/19/13/20190919130500_00160.jpg,datasets_cloudmask/dataset_cropped/09_Metas/19/13/20190919130500_00160.png,611.3,488.7,223.4,27.4,960
9/19/2019 13:06,datasets/dataset_cropped/09_Metas/19/13/20190919130600_00160.jpg,datasets_flow/dataset_cropped/09_Metas/19/13/20190919130600_00160.jpg,datasets_cloudmask/dataset_cropped/09_Metas/19/13/20190919130600_00160.png,838,766,211.7,27.4,960
9/19/2019 13:07,datasets/dataset_cropped/09_Metas/19/13/20190919130700_00160.jpg,datasets_flow/dataset_cropped/09_Metas/19/13/20190919130700_00160.jpg,datasets_cloudmask/dataset_cropped/09_Metas/19/13/20190919130700_00160.png,849,786.3,206,27.5,960
9/19/2019 13:08,datasets/dataset_cropped/09_Metas/19/13/20190919130800_00160.jpg,datasets_flow/dataset_cropped/09_Metas/19/13/20190919130800_00160.jpg,datasets_cloudmask/dataset_cropped/09_Metas/19/13/20190919130800_00160.png,855,801,201.5,27.3,960
9/19/2019 13:09,datasets/dataset_cropped/09_Metas/19/13/20190919130900_00160.jpg,datasets_flow/dataset_cropped/09_Metas/19/13/20190919130900_00160.jpg,datasets_cloudmask/dataset_cropped/09_Metas/19/13/20190919130900_00160.png,852,802,197.7,27.4,960
9/19/2019 13:10,datasets/dataset_cropped/09_Metas/19/13/20190919131000_00160.jpg,datasets_flow/dataset_cropped/09_Metas/19/13/20190919131000_00160.jpg,datasets_cloudmask/dataset_cropped/09_Metas/19/13/20190919131000_00160.png,851,803,195.8,27.5,960
9/19/2019 13:11,datasets/dataset_cropped/09_Metas/19/13/20190919131100_00160.jpg,datasets_flow/dataset_cropped/09_Metas/19/13/20190919131100_00160.jpg,datasets_cloudmask/dataset_cropped/09_Metas/19/13/20190919131100_00160.png,850,804,193.8,27.2,960
9/19/2019 13:12,datasets/dataset_cropped/09_Metas/19/13/20190919131200_00160.jpg,datasets_flow/dataset_cropped/09_Metas/19/13/20190919131200_00160.jpg,datasets_cloudmask/dataset_cropped/09_Metas/19/13/20190919131200_00160.png,854,808,194.2,27.4,960
9/19/2019 13:13,datasets/dataset_cropped/09_Metas/19/13/20190919131300_00160.jpg,datasets_flow/dataset_cropped/09_Metas/19/13/20190919131300_00160.jpg,datasets_cloudmask/dataset_cropped/09_Metas/19/13/20190919131300_00160.png,852,810,192,27.5,960
9/19/2019 13:14,datasets/dataset_cropped/09_Metas/19/13/20190919131400_00160.jpg,datasets_flow/dataset_cropped/09_Metas/19/13/20190919131400_00160.jpg,datasets_cloudmask/dataset_cropped/09_Metas/19/13/20190919131400_00160.png,853,809,192.9,27.4,960
9/19/2019 13:15,datasets/dataset_cropped/09_Metas/19/13/20190919131500_00160.jpg,datasets_flow/dataset_cropped/09_Metas/19/13/20190919131500_00160.jpg,datasets_cloudmask/dataset_cropped/09_Metas/19/13/20190919131500_00160.png,856,810,194.9,27.5,960
9/19/2019 13:16,datasets/dataset_cropped/09_Metas/19/13/20190919131600_00160.jpg,datasets_flow/dataset_cropped/09_Metas/19/13/20190919131600_00160.jpg,datasets_cloudmask/dataset_cropped/09_Metas/19/13/20190919131600_00160.png,858,810,196.9,27.7,960
9/19/2019 13:17,datasets/dataset_cropped/09_Metas/19/13/20190919131700_00160.jpg,datasets_flow/dataset_cropped/09_Metas/19/13/20190919131700_00160.jpg,datasets_cloudmask/dataset_cropped/09_Metas/19/13/20190919131700_00160.png,857,808,198.9,27.5,961
9/19/2019 13:18,datasets/dataset_cropped/09_Metas/19/13/20190919131800_00160.jpg,datasets_flow/dataset_cropped/09_Metas/19/13/20190919131800_00160.jpg,datasets_cloudmask/dataset_cropped/09_Metas/19/13/20190919131800_00160.png,856,806,199.6,27.6,960
9/19/2019 13:19,datasets/dataset_cropped/09_Metas/19/13/20190919131900_00160.jpg,datasets_flow/dataset_cropped/09_Metas/19/13/20190919131900_00160.jpg,datasets_cloudmask/dataset_cropped/09_Metas/19/13/20190919131900_00160.png,856,806,200,27.6,960
9/19/2019 13:20,datasets/dataset_cropped/09_Metas/19/13/20190919132000_00160.jpg,datasets_flow/dataset_cropped/09_Metas/19/13/20190919132000_00160.jpg,datasets_cloudmask/dataset_cropped/09_Metas/19/13/20190919132000_00160.png,863,806,206.6,27.4,960
9/19/2019 13:21,datasets/dataset_cropped/09_Metas/19/13/20190919132100_00160.jpg,datasets_flow/dataset_cropped/09_Metas/19/13/20190919132100_00160.jpg,datasets_cloudmask/dataset_cropped/09_Metas/19/13/20190919132100_00160.png,865,799.3,214.8,27.5,960
9/19/2019 13:22,datasets/dataset_cropped/09_Metas/19/13/20190919132200_00160.jpg,datasets_flow/dataset_cropped/09_Metas/19/13/20190919132200_00160.jpg,datasets_cloudmask/dataset_cropped/09_Metas/19/13/20190919132200_00160.png,870,803,217.6,27.4,960
9/19/2019 13:23,datasets/dataset_cropped/09_Metas/19/13/20190919132300_00160.jpg,datasets_flow/dataset_cropped/09_Metas/19/13/20190919132300_00160.jpg,datasets_cloudmask/dataset_cropped/09_Metas/19/13/20190919132300_00160.png,867,801,216.8,27.3,960
9/19/2019 13:24,datasets/dataset_cropped/09_Metas/19/13/20190919132400_00160.jpg,datasets_flow/dataset_cropped/09_Metas/19/13/20190919132400_00160.jpg,datasets_cloudmask/dataset_cropped/09_Metas/19/13/20190919132400_00160.png,854,792.3,211.5,27.3,960
9/19/2019 13:25,datasets/dataset_cropped/09_Metas/19/13/20190919132500_00160.jpg,datasets_flow/dataset_cropped/09_Metas/19/13/20190919132500_00160.jpg,datasets_cloudmask/dataset_cropped/09_Metas/19/13/20190919132500_00160.png,858,798.6,211,27.2,960
9/19/2019 13:26,datasets/dataset_cropped/09_Metas/19/13/20190919132600_00160.jpg,datasets_flow/dataset_cropped/09_Metas/19/13/20190919132600_00160.jpg,datasets_cloudmask/dataset_cropped/09_Metas/19/13/20190919132600_00160.png,858,795.8,213,27.1,960
9/19/2019 13:27,datasets/dataset_cropped/09_Metas/19/13/20190919132700_00160.jpg,datasets_flow/dataset_cropped/09_Metas/19/13/20190919132700_00160.jpg,datasets_cloudmask/dataset_cropped/09_Metas/19/13/20190919132700_00160.png,853,788.4,213.9,27.2,960
9/19/2019 13:28,datasets/dataset_cropped/09_Metas/19/13/20190919132800_00160.jpg,datasets_flow/dataset_cropped/09_Metas/19/13/20190919132800_00160.jpg,datasets_cloudmask/dataset_cropped/09_Metas/19/13/20190919132800_00160.png,850,784,214.7,27.2,960
9/19/2019 13:29,datasets/dataset_cropped/09_Metas/19/13/20190919132900_00160.jpg,datasets_flow/dataset_cropped/09_Metas/19/13/20190919132900_00160.jpg,datasets_cloudmask/dataset_cropped/09_Metas/19/13/20190919132900_00160.png,850,783.1,215.7,27.2,960
9/19/2019 13:30,datasets/dataset_cropped/09_Metas/19/13/20190919133000_00160.jpg,datasets_flow/dataset_cropped/09_Metas/19/13/20190919133000_00160.jpg,datasets_cloudmask/dataset_cropped/09_Metas/19/13/20190919133000_00160.png,847,779.4,215.6,27.1,960
9/19/2019 13:31,datasets/dataset_cropped/09_Metas/19/13/20190919133100_00160.jpg,datasets_flow/dataset_cropped/09_Metas/19/13/20190919133100_00160.jpg,datasets_cloudmask/dataset_cropped/09_Metas/19/13/20190919133100_00160.png,833,772.7,207.2,26.8,960
9/19/2019 13:32,datasets/dataset_cropped/09_Metas/19/13/20190919133200_00160.jpg,datasets_flow/dataset_cropped/09_Metas/19/13/20190919133200_00160.jpg,datasets_cloudmask/dataset_cropped/09_Metas/19/13/20190919133200_00160.png,823,773.6,196.7,26.9,960
9/19/2019 13:33,datasets/dataset_cropped/09_Metas/19/13/20190919133300_00160.jpg,datasets_flow/dataset_cropped/09_Metas/19/13/20190919133300_00160.jpg,datasets_cloudmask/dataset_cropped/09_Metas/19/13/20190919133300_00160.png,828,787,191,27.2,960
9/19/2019 13:34,datasets/dataset_cropped/09_Metas/19/13/20190919133400_00160.jpg,datasets_flow/dataset_cropped/09_Metas/19/13/20190919133400_00160.jpg,datasets_cloudmask/dataset_cropped/09_Metas/19/13/20190919133400_00160.png,827,790.1,187.5,27.6,960
9/19/2019 13:35,datasets/dataset_cropped/09_Metas/19/13/20190919133500_00160.jpg,datasets_flow/dataset_cropped/09_Metas/19/13/20190919133500_00160.jpg,datasets_cloudmask/dataset_cropped/09_Metas/19/13/20190919133500_00160.png,826,792.9,185.3,27.7,960
9/19/2019 13:36,datasets/dataset_cropped/09_Metas/19/13/20190919133600_00160.jpg,datasets_flow/dataset_cropped/09_Metas/19/13/20190919133600_00160.jpg,datasets_cloudmask/dataset_cropped/09_Metas/19/13/20190919133600_00160.png,820,787.2,184.7,27.6,960
9/19/2019 13:37,datasets/dataset_cropped/09_Metas/19/13/20190919133700_00160.jpg,datasets_flow/dataset_cropped/09_Metas/19/13/20190919133700_00160.jpg,datasets_cloudmask/dataset_cropped/09_Metas/19/13/20190919133700_00160.png,815,784.3,182.4,27.4,960
9/19/2019 13:38,datasets/dataset_cropped/09_Metas/19/13/20190919133800_00160.jpg,datasets_flow/dataset_cropped/09_Metas/19/13/20190919133800_00160.jpg,datasets_cloudmask/dataset_cropped/09_Metas/19/13/20190919133800_00160.png,810,781.1,180.6,27.6,960
9/19/2019 13:39,datasets/dataset_cropped/09_Metas/19/13/20190919133900_00160.jpg,datasets_flow/dataset_cropped/09_Metas/19/13/20190919133900_00160.jpg,datasets_cloudmask/dataset_cropped/09_Metas/19/13/20190919133900_00160.png,815,788.3,180.2,27.7,960
9/19/2019 13:40,datasets/dataset_cropped/09_Metas/19/13/20190919134000_00160.jpg,datasets_flow/dataset_cropped/09_Metas/19/13/20190919134000_00160.jpg,datasets_cloudmask/dataset_cropped/09_Metas/19/13/20190919134000_00160.png,818,792,180.7,27.7,960
9/19/2019 13:41,datasets/dataset_cropped/09_Metas/19/13/20190919134100_00160.jpg,datasets_flow/dataset_cropped/09_Metas/19/13/20190919134100_00160.jpg,datasets_cloudmask/dataset_cropped/09_Metas/19/13/20190919134100_00160.png,822,797.2,180.8,27.7,960
9/19/2019 13:42,datasets/dataset_cropped/09_Metas/19/13/20190919134200_00160.jpg,datasets_flow/dataset_cropped/09_Metas/19/13/20190919134200_00160.jpg,datasets_cloudmask/dataset_cropped/09_Metas/19/13/20190919134200_00160.png,823,799.8,179.7,27.6,960
9/19/2019 13:43,datasets/dataset_cropped/09_Metas/19/13/20190919134300_00160.jpg,datasets_flow/dataset_cropped/09_Metas/19/13/20190919134300_00160.jpg,datasets_cloudmask/dataset_cropped/09_Metas/19/13/20190919134300_00160.png,822,804,176.3,27.8,960
9/19/2019 13:44,datasets/dataset_cropped/09_Metas/19/13/20190919134400_00160.jpg,datasets_flow/dataset_cropped/09_Metas/19/13/20190919134400_00160.jpg,datasets_cloudmask/dataset_cropped/09_Metas/19/13/20190919134400_00160.png,825,811,174.2,27.9,960
9/19/2019 13:45,datasets/dataset_cropped/09_Metas/19/13/20190919134500_00160.jpg,datasets_flow/dataset_cropped/09_Metas/19/13/20190919134500_00160.jpg,datasets_cloudmask/dataset_cropped/09_Metas/19/13/20190919134500_00160.png,825,812,174.3,27.6,960
9/19/2019 13:46,datasets/dataset_cropped/09_Metas/19/13/20190919134600_00160.jpg,datasets_flow/dataset_cropped/09_Metas/19/13/20190919134600_00160.jpg,datasets_cloudmask/dataset_cropped/09_Metas/19/13/20190919134600_00160.png,816,800,175.3,27.6,960
9/19/2019 13:47,datasets/dataset_cropped/09_Metas/19/13/20190919134700_00160.jpg,datasets_flow/dataset_cropped/09_Metas/19/13/20190919134700_00160.jpg,datasets_cloudmask/dataset_cropped/09_Metas/19/13/20190919134700_00160.png,816,798.3,176.8,27.8,960
9/19/2019 13:48,datasets/dataset_cropped/09_Metas/19/13/20190919134800_00160.jpg,datasets_flow/dataset_cropped/09_Metas/19/13/20190919134800_00160.jpg,datasets_cloudmask/dataset_cropped/09_Metas/19/13/20190919134800_00160.png,817,798,178.5,27.7,960
9/19/2019 13:49,datasets/dataset_cropped/09_Metas/19/13/20190919134900_00160.jpg,datasets_flow/dataset_cropped/09_Metas/19/13/20190919134900_00160.jpg,datasets_cloudmask/dataset_cropped/09_Metas/19/13/20190919134900_00160.png,814,792.6,180.2,27.6,960
9/19/2019 13:50,datasets/dataset_cropped/09_Metas/19/13/20190919135000_00160.jpg,datasets_flow/dataset_cropped/09_Metas/19/13/20190919135000_00160.jpg,datasets_cloudmask/dataset_cropped/09_Metas/19/13/20190919135000_00160.png,813,789.8,181.8,27.6,960
9/19/2019 13:51,datasets/dataset_cropped/09_Metas/19/13/20190919135100_00160.jpg,datasets_flow/dataset_cropped/09_Metas/19/13/20190919135100_00160.jpg,datasets_cloudmask/dataset_cropped/09_Metas/19/13/20190919135100_00160.png,818,792.6,184.7,27.6,960
9/19/2019 13:52,datasets/dataset_cropped/09_Metas/19/13/20190919135200_00160.jpg,datasets_flow/dataset_cropped/09_Metas/19/13/20190919135200_00160.jpg,datasets_cloudmask/dataset_cropped/09_Metas/19/13/20190919135200_00160.png,818,789,188.8,27.4,960
9/19/2019 13:53,datasets/dataset_cropped/09_Metas/19/13/20190919135300_00160.jpg,datasets_flow/dataset_cropped/09_Metas/19/13/20190919135300_00160.jpg,datasets_cloudmask/dataset_cropped/09_Metas/19/13/20190919135300_00160.png,818,785.4,192.1,27.4,960
9/19/2019 13:54,datasets/dataset_cropped/09_Metas/19/13/20190919135400_00160.jpg,datasets_flow/dataset_cropped/09_Metas/19/13/20190919135400_00160.jpg,datasets_cloudmask/dataset_cropped/09_Metas/19/13/20190919135400_00160.png,824,787.7,196.9,27.5,960
9/19/2019 13:55,datasets/dataset_cropped/09_Metas/19/13/20190919135500_00160.jpg,datasets_flow/dataset_cropped/09_Metas/19/13/20190919135500_00160.jpg,datasets_cloudmask/dataset_cropped/09_Metas/19/13/20190919135500_00160.png,826,784.3,202.7,27.7,960
9/19/2019 13:56,datasets/dataset_cropped/09_Metas/19/13/20190919135600_00160.jpg,datasets_flow/dataset_cropped/09_Metas/19/13/20190919135600_00160.jpg,datasets_cloudmask/dataset_cropped/09_Metas/19/13/20190919135600_00160.png,817,766.9,207.6,27.7,960
9/19/2019 13:57,datasets/dataset_cropped/09_Metas/19/13/20190919135700_00160.jpg,datasets_flow/dataset_cropped/09_Metas/19/13/20190919135700_00160.jpg,datasets_cloudmask/dataset_cropped/09_Metas/19/13/20190919135700_00160.png,818,758.9,215.5,27.3,960
9/19/2019 13:58,datasets/dataset_cropped/09_Metas/19/13/20190919135800_00160.jpg,datasets_flow/dataset_cropped/09_Metas/19/13/20190919135800_00160.jpg,datasets_cloudmask/dataset_cropped/09_Metas/19/13/20190919135800_00160.png,808,746.8,215.8,27,960
9/19/2019 13:59,datasets/dataset_cropped/09_Metas/19/13/20190919135900_00160.jpg,datasets_flow/dataset_cropped/09_Metas/19/13/20190919135900_00160.jpg,datasets_cloudmask/dataset_cropped/09_Metas/19/13/20190919135900_00160.png,790.5,730.5,211.5,27,960
9/19/2019 14:00,datasets/dataset_cropped/09_Metas/19/14/20190919140000_00160.jpg,datasets_flow/dataset_cropped/09_Metas/19/14/20190919140000_00160.jpg,datasets_cloudmask/dataset_cropped/09_Metas/19/14/20190919140000_00160.png,745.8,664,213.6,26.9,960
9/19/2019 14:01,datasets/dataset_cropped/09_Metas/19/14/20190919140100_00160.jpg,datasets_flow/dataset_cropped/09_Metas/19/14/20190919140100_00160.jpg,datasets_cloudmask/dataset_cropped/09_Metas/19/14/20190919140100_00160.png,775.6,699.6,222.6,27,960
9/19/2019 14:02,datasets/dataset_cropped/09_Metas/19/14/20190919140200_00160.jpg,datasets_flow/dataset_cropped/09_Metas/19/14/20190919140200_00160.jpg,datasets_cloudmask/dataset_cropped/09_Metas/19/14/20190919140200_00160.png,636.4,509.6,215.7,27,960
9/19/2019 14:03,datasets/dataset_cropped/09_Metas/19/14/20190919140300_00160.jpg,datasets_flow/dataset_cropped/09_Metas/19/14/20190919140300_00160.jpg,datasets_cloudmask/dataset_cropped/09_Metas/19/14/20190919140300_00160.png,755.4,684,214.2,27.1,960
9/19/2019 14:04,datasets/dataset_cropped/09_Metas/19/14/20190919140400_00160.jpg,datasets_flow/dataset_cropped/09_Metas/19/14/20190919140400_00160.jpg,datasets_cloudmask/dataset_cropped/09_Metas/19/14/20190919140400_00160.png,784.4,729.4,209,27.1,960
9/19/2019 14:05,datasets/dataset_cropped/09_Metas/19/14/20190919140500_00160.jpg,datasets_flow/dataset_cropped/09_Metas/19/14/20190919140500_00160.jpg,datasets_cloudmask/dataset_cropped/09_Metas/19/14/20190919140500_00160.png,790.2,742.8,204.5,26.9,960
9/19/2019 14:06,datasets/dataset_cropped/09_Metas/19/14/20190919140600_00160.jpg,datasets_flow/dataset_cropped/09_Metas/19/14/20190919140600_00160.jpg,datasets_cloudmask/dataset_cropped/09_Metas/19/14/20190919140600_00160.png,790.7,755.1,196,26.9,960
9/19/2019 14:07,datasets/dataset_cropped/09_Metas/19/14/20190919140700_00160.jpg,datasets_flow/dataset_cropped/09_Metas/19/14/20190919140700_00160.jpg,datasets_cloudmask/dataset_cropped/09_Metas/19/14/20190919140700_00160.png,789.7,764.8,188.7,27.1,960
9/19/2019 14:08,datasets/dataset_cropped/09_Metas/19/14/20190919140800_00160.jpg,datasets_flow/dataset_cropped/09_Metas/19/14/20190919140800_00160.jpg,datasets_cloudmask/dataset_cropped/09_Metas/19/14/20190919140800_00160.png,791.4,773.7,184.8,27.4,960
9/19/2019 14:09,datasets/dataset_cropped/09_Metas/19/14/20190919140900_00160.jpg,datasets_flow/dataset_cropped/09_Metas/19/14/20190919140900_00160.jpg,datasets_cloudmask/dataset_cropped/09_Metas/19/14/20190919140900_00160.png,797.9,785.1,183,27.9,960
9/19/2019 14:10,datasets/dataset_cropped/09_Metas/19/14/20190919141000_00160.jpg,datasets_flow/dataset_cropped/09_Metas/19/14/20190919141000_00160.jpg,datasets_cloudmask/dataset_cropped/09_Metas/19/14/20190919141000_00160.png,799.8,792.6,179.9,28,960
9/19/2019 14:11,datasets/dataset_cropped/09_Metas/19/14/20190919141100_00160.jpg,datasets_flow/dataset_cropped/09_Metas/19/14/20190919141100_00160.jpg,datasets_cloudmask/dataset_cropped/09_Metas/19/14/20190919141100_00160.png,799.2,795.3,178.6,27.8,960
9/19/2019 14:12,datasets/dataset_cropped/09_Metas/19/14/20190919141200_00160.jpg,datasets_flow/dataset_cropped/09_Metas/19/14/20190919141200_00160.jpg,datasets_cloudmask/dataset_cropped/09_Metas/19/14/20190919141200_00160.png,798.3,794.8,179.3,27.9,960
9/19/2019 14:13,datasets/dataset_cropped/09_Metas/19/14/20190919141300_00160.jpg,datasets_flow/dataset_cropped/09_Metas/19/14/20190919141300_00160.jpg,datasets_cloudmask/dataset_cropped/09_Metas/19/14/20190919141300_00160.png,795.7,790.8,180.1,27.9,960
9/19/2019 14:14,datasets/dataset_cropped/09_Metas/19/14/20190919141400_00160.jpg,datasets_flow/dataset_cropped/09_Metas/19/14/20190919141400_00160.jpg,datasets_cloudmask/dataset_cropped/09_Metas/19/14/20190919141400_00160.png,792.4,785.8,181.6,27.6,960
9/19/2019 14:15,datasets/dataset_cropped/09_Metas/19/14/20190919141500_00160.jpg,datasets_flow/dataset_cropped/09_Metas/19/14/20190919141500_00160.jpg,datasets_cloudmask/dataset_cropped/09_Metas/19/14/20190919141500_00160.png,789.2,781.1,182.8,27.6,960
9/19/2019 14:16,datasets/dataset_cropped/09_Metas/19/14/20190919141600_00160.jpg,datasets_flow/dataset_cropped/09_Metas/19/14/20190919141600_00160.jpg,datasets_cloudmask/dataset_cropped/09_Metas/19/14/20190919141600_00160.png,789,779.8,184,27.6,960
9/19/2019 14:17,datasets/dataset_cropped/09_Metas/19/14/20190919141700_00160.jpg,datasets_flow/dataset_cropped/09_Metas/19/14/20190919141700_00160.jpg,datasets_cloudmask/dataset_cropped/09_Metas/19/14/20190919141700_00160.png,790,782.1,183.8,27.4,960
9/19/2019 14:18,datasets/dataset_cropped/09_Metas/19/14/20190919141800_00160.jpg,datasets_flow/dataset_cropped/09_Metas/19/14/20190919141800_00160.jpg,datasets_cloudmask/dataset_cropped/09_Metas/19/14/20190919141800_00160.png,789.5,780.8,184.9,27.4,960
9/19/2019 14:19,datasets/dataset_cropped/09_Metas/19/14/20190919141900_00160.jpg,datasets_flow/dataset_cropped/09_Metas/19/14/20190919141900_00160.jpg,datasets_cloudmask/dataset_cropped/09_Metas/19/14/20190919141900_00160.png,786.2,774.6,187.2,27.5,960
9/19/2019 14:20,datasets/dataset_cropped/09_Metas/19/14/20190919142000_00160.jpg,datasets_flow/dataset_cropped/09_Metas/19/14/20190919142000_00160.jpg,datasets_cloudmask/dataset_cropped/09_Metas/19/14/20190919142000_00160.png,780.9,765.8,190,27.8,960
9/19/2019 14:21,datasets/dataset_cropped/09_Metas/19/14/20190919142100_00160.jpg,datasets_flow/dataset_cropped/09_Metas/19/14/20190919142100_00160.jpg,datasets_cloudmask/dataset_cropped/09_Metas/19/14/20190919142100_00160.png,779,761.3,192.7,27.9,960
9/19/2019 14:22,datasets/dataset_cropped/09_Metas/19/14/20190919142200_00160.jpg,datasets_flow/dataset_cropped/09_Metas/19/14/20190919142200_00160.jpg,datasets_cloudmask/dataset_cropped/09_Metas/19/14/20190919142200_00160.png,777.8,757.1,195.3,27.8,960
9/19/2019 14:23,datasets/dataset_cropped/09_Metas/19/14/20190919142300_00160.jpg,datasets_flow/dataset_cropped/09_Metas/19/14/20190919142300_00160.jpg,datasets_cloudmask/dataset_cropped/09_Metas/19/14/20190919142300_00160.png,777.1,755.5,196.4,27.8,960
9/19/2019 14:24,datasets/dataset_cropped/09_Metas/19/14/20190919142400_00160.jpg,datasets_flow/dataset_cropped/09_Metas/19/14/20190919142400_00160.jpg,datasets_cloudmask/dataset_cropped/09_Metas/19/14/20190919142400_00160.png,771.3,750,196.4,27.9,960
9/19/2019 14:25,datasets/dataset_cropped/09_Metas/19/14/20190919142500_00160.jpg,datasets_flow/dataset_cropped/09_Metas/19/14/20190919142500_00160.jpg,datasets_cloudmask/dataset_cropped/09_Metas/19/14/20190919142500_00160.png,764.2,740.8,197.8,28,960
9/19/2019 14:26,datasets/dataset_cropped/09_Metas/19/14/20190919142600_00160.jpg,datasets_flow/dataset_cropped/09_Metas/19/14/20190919142600_00160.jpg,datasets_cloudmask/dataset_cropped/09_Metas/19/14/20190919142600_00160.png,759.6,733.2,200.3,28,960
9/19/2019 14:27,datasets/dataset_cropped/09_Metas/19/14/20190919142700_00160.jpg,datasets_flow/dataset_cropped/09_Metas/19/14/20190919142700_00160.jpg,datasets_cloudmask/dataset_cropped/09_Metas/19/14/20190919142700_00160.png,754,722.6,203.4,28.1,960
9/19/2019 14:28,datasets/dataset_cropped/09_Metas/19/14/20190919142800_00160.jpg,datasets_flow/dataset_cropped/09_Metas/19/14/20190919142800_00160.jpg,datasets_cloudmask/dataset_cropped/09_Metas/19/14/20190919142800_00160.png,733.2,691.2,209.6,27.9,960
9/19/2019 14:29,datasets/dataset_cropped/09_Metas/19/14/20190919142900_00160.jpg,datasets_flow/dataset_cropped/09_Metas/19/14/20190919142900_00160.jpg,datasets_cloudmask/dataset_cropped/09_Metas/19/14/20190919142900_00160.png,632.6,556.7,215.6,27.6,960
9/19/2019 14:30,datasets/dataset_cropped/09_Metas/19/14/20190919143000_00160.jpg,datasets_flow/dataset_cropped/09_Metas/19/14/20190919143000_00160.jpg,datasets_cloudmask/dataset_cropped/09_Metas/19/14/20190919143000_00160.png,620,527.2,219.5,27.5,960
9/19/2019 14:31,datasets/dataset_cropped/09_Metas/19/14/20190919143100_00160.jpg,datasets_flow/dataset_cropped/09_Metas/19/14/20190919143100_00160.jpg,datasets_cloudmask/dataset_cropped/09_Metas/19/14/20190919143100_00160.png,739.6,683.3,222.4,27.4,960
9/19/2019 14:32,datasets/dataset_cropped/09_Metas/19/14/20190919143200_00160.jpg,datasets_flow/dataset_cropped/09_Metas/19/14/20190919143200_00160.jpg,datasets_cloudmask/dataset_cropped/09_Metas/19/14/20190919143200_00160.png,737.5,691.9,213.8,27.5,960
9/19/2019 14:33,datasets/dataset_cropped/09_Metas/19/14/20190919143300_00160.jpg,datasets_flow/dataset_cropped/09_Metas/19/14/20190919143300_00160.jpg,datasets_cloudmask/dataset_cropped/09_Metas/19/14/20190919143300_00160.png,738.1,702.2,208.2,27.6,960
9/19/2019 14:34,datasets/dataset_cropped/09_Metas/19/14/20190919143400_00160.jpg,datasets_flow/dataset_cropped/09_Metas/19/14/20190919143400_00160.jpg,datasets_cloudmask/dataset_cropped/09_Metas/19/14/20190919143400_00160.png,730.6,692.5,209.7,27.8,960
9/19/2019 14:35,datasets/dataset_cropped/09_Metas/19/14/20190919143500_00160.jpg,datasets_flow/dataset_cropped/09_Metas/19/14/20190919143500_00160.jpg,datasets_cloudmask/dataset_cropped/09_Metas/19/14/20190919143500_00160.png,753.6,715.4,215.3,27.9,960
9/19/2019 14:36,datasets/dataset_cropped/09_Metas/19/14/20190919143600_00160.jpg,datasets_flow/dataset_cropped/09_Metas/19/14/20190919143600_00160.jpg,datasets_cloudmask/dataset_cropped/09_Metas/19/14/20190919143600_00160.png,757.5,715.9,220.8,27.9,960
9/19/2019 14:37,datasets/dataset_cropped/09_Metas/19/14/20190919143700_00160.jpg,datasets_flow/dataset_cropped/09_Metas/19/14/20190919143700_00160.jpg,datasets_cloudmask/dataset_cropped/09_Metas/19/14/20190919143700_00160.png,746,703.9,219.3,28,960
9/19/2019 14:38,datasets/dataset_cropped/09_Metas/19/14/20190919143800_00160.jpg,datasets_flow/dataset_cropped/09_Metas/19/14/20190919143800_00160.jpg,datasets_cloudmask/dataset_cropped/09_Metas/19/14/20190919143800_00160.png,701.4,650.9,215.4,27.8,960
9/19/2019 14:39,datasets/dataset_cropped/09_Metas/19/14/20190919143900_00160.jpg,datasets_flow/dataset_cropped/09_Metas/19/14/20190919143900_00160.jpg,datasets_cloudmask/dataset_cropped/09_Metas/19/14/20190919143900_00160.png,542.4,438.3,216.5,27.6,960
9/19/2019 14:40,datasets/dataset_cropped/09_Metas/19/14/20190919144000_00160.jpg,datasets_flow/dataset_cropped/09_Metas/19/14/20190919144000_00160.jpg,datasets_cloudmask/dataset_cropped/09_Metas/19/14/20190919144000_00160.png,684.5,638.3,215.7,27.6,960
9/19/2019 14:41,datasets/dataset_cropped/09_Metas/19/14/20190919144100_00160.jpg,datasets_flow/dataset_cropped/09_Metas/19/14/20190919144100_00160.jpg,datasets_cloudmask/dataset_cropped/09_Metas/19/14/20190919144100_00160.png,760.7,734.4,213.3,27.5,960
9/19/2019 14:42,datasets/dataset_cropped/09_Metas/19/14/20190919144200_00160.jpg,datasets_flow/dataset_cropped/09_Metas/19/14/20190919144200_00160.jpg,datasets_cloudmask/dataset_cropped/09_Metas/19/14/20190919144200_00160.png,766.9,740.4,215.5,27.5,960
9/19/2019 14:43,datasets/dataset_cropped/09_Metas/19/14/20190919144300_00160.jpg,datasets_flow/dataset_cropped/09_Metas/19/14/20190919144300_00160.jpg,datasets_cloudmask/dataset_cropped/09_Metas/19/14/20190919144300_00160.png,768.3,739.5,218.6,27.4,960
9/19/2019 14:44,datasets/dataset_cropped/09_Metas/19/14/20190919144400_00160.jpg,datasets_flow/dataset_cropped/09_Metas/19/14/20190919144400_00160.jpg,datasets_cloudmask/dataset_cropped/09_Metas/19/14/20190919144400_00160.png,756.9,727.1,217.5,27.6,960
9/19/2019 14:45,datasets/dataset_cropped/09_Metas/19/14/20190919144500_00160.jpg,datasets_flow/dataset_cropped/09_Metas/19/14/20190919144500_00160.jpg,datasets_cloudmask/dataset_cropped/09_Metas/19/14/20190919144500_00160.png,753.3,714.8,223.2,27.8,960
9/19/2019 14:46,datasets/dataset_cropped/09_Metas/19/14/20190919144600_00160.jpg,datasets_flow/dataset_cropped/09_Metas/19/14/20190919144600_00160.jpg,datasets_cloudmask/dataset_cropped/09_Metas/19/14/20190919144600_00160.png,647.9,563.6,231.1,27.6,960
9/19/2019 14:47,datasets/dataset_cropped/09_Metas/19/14/20190919144700_00160.jpg,datasets_flow/dataset_cropped/09_Metas/19/14/20190919144700_00160.jpg,datasets_cloudmask/dataset_cropped/09_Metas/19/14/20190919144700_00160.png,726.4,669.2,235,27.6,960
9/19/2019 14:48,datasets/dataset_cropped/09_Metas/19/14/20190919144800_00160.jpg,datasets_flow/dataset_cropped/09_Metas/19/14/20190919144800_00160.jpg,datasets_cloudmask/dataset_cropped/09_Metas/19/14/20190919144800_00160.png,764.7,719.2,236.5,27.5,960
9/19/2019 14:49,datasets/dataset_cropped/09_Metas/19/14/20190919144900_00160.jpg,datasets_flow/dataset_cropped/09_Metas/19/14/20190919144900_00160.jpg,datasets_cloudmask/dataset_cropped/09_Metas/19/14/20190919144900_00160.png,750.7,716.3,225.7,27.5,960
9/19/2019 14:50,datasets/dataset_cropped/09_Metas/19/14/20190919145000_00160.jpg,datasets_flow/dataset_cropped/09_Metas/19/14/20190919145000_00160.jpg,datasets_cloudmask/dataset_cropped/09_Metas/19/14/20190919145000_00160.png,742.9,716.8,218.2,27.6,960
9/19/2019 14:51,datasets/dataset_cropped/09_Metas/19/14/20190919145100_00160.jpg,datasets_flow/dataset_cropped/09_Metas/19/14/20190919145100_00160.jpg,datasets_cloudmask/dataset_cropped/09_Metas/19/14/20190919145100_00160.png,738.5,715.6,215.6,27.5,960
9/19/2019 14:52,datasets/dataset_cropped/09_Metas/19/14/20190919145200_00160.jpg,datasets_flow/dataset_cropped/09_Metas/19/14/20190919145200_00160.jpg,datasets_cloudmask/dataset_cropped/09_Metas/19/14/20190919145200_00160.png,741,719.8,216.6,27.5,960
9/19/2019 14:53,datasets/dataset_cropped/09_Metas/19/14/20190919145300_00160.jpg,datasets_flow/dataset_cropped/09_Metas/19/14/20190919145300_00160.jpg,datasets_cloudmask/dataset_cropped/09_Metas/19/14/20190919145300_00160.png,741.9,722.2,216.9,27.4,960
9/19/2019 14:54,datasets/dataset_cropped/09_Metas/19/14/20190919145400_00160.jpg,datasets_flow/dataset_cropped/09_Metas/19/14/20190919145400_00160.jpg,datasets_cloudmask/dataset_cropped/09_Metas/19/14/20190919145400_00160.png,731,713,213.8,27.6,960
9/19/2019 14:55,datasets/dataset_cropped/09_Metas/19/14/20190919145500_00160.jpg,datasets_flow/dataset_cropped/09_Metas/19/14/20190919145500_00160.jpg,datasets_cloudmask/dataset_cropped/09_Metas/19/14/20190919145500_00160.png,725.4,709,212.4,27.6,960
9/19/2019 14:56,datasets/dataset_cropped/09_Metas/19/14/20190919145600_00160.jpg,datasets_flow/dataset_cropped/09_Metas/19/14/20190919145600_00160.jpg,datasets_cloudmask/dataset_cropped/09_Metas/19/14/20190919145600_00160.png,714.2,699.7,208.8,27.9,960
9/19/2019 14:57,datasets/dataset_cropped/09_Metas/19/14/20190919145700_00160.jpg,datasets_flow/dataset_cropped/09_Metas/19/14/20190919145700_00160.jpg,datasets_cloudmask/dataset_cropped/09_Metas/19/14/20190919145700_00160.png,707.1,693.2,207.6,27.8,960
9/19/2019 14:58,datasets/dataset_cropped/09_Metas/19/14/20190919145800_00160.jpg,datasets_flow/dataset_cropped/09_Metas/19/14/20190919145800_00160.jpg,datasets_cloudmask/dataset_cropped/09_Metas/19/14/20190919145800_00160.png,706.4,693.2,208.5,27.7,960
9/19/2019 14:59,datasets/dataset_cropped/09_Metas/19/14/20190919145900_00160.jpg,datasets_flow/dataset_cropped/09_Metas/19/14/20190919145900_00160.jpg,datasets_cloudmask/dataset_cropped/09_Metas/19/14/20190919145900_00160.png,701,688.2,208.2,27.5,960
9/19/2019 15:00,datasets/dataset_cropped/09_Metas/19/15/20190919150000_00160.jpg,datasets_flow/dataset_cropped/09_Metas/19/15/20190919150000_00160.jpg,datasets_cloudmask/dataset_cropped/09_Metas/19/15/20190919150000_00160.png,707.5,695.2,211.2,27.4,960
9/19/2019 15:01,datasets/dataset_cropped/09_Metas/19/15/20190919150100_00160.jpg,datasets_flow/dataset_cropped/09_Metas/19/15/20190919150100_00160.jpg,datasets_cloudmask/dataset_cropped/09_Metas/19/15/20190919150100_00160.png,708.1,701,208.8,27.3,960
9/19/2019 15:02,datasets/dataset_cropped/09_Metas/19/15/20190919150200_00160.jpg,datasets_flow/dataset_cropped/09_Metas/19/15/20190919150200_00160.jpg,datasets_cloudmask/dataset_cropped/09_Metas/19/15/20190919150200_00160.png,709,703.7,208.3,27.4,960
9/19/2019 15:03,datasets/dataset_cropped/09_Metas/19/15/20190919150300_00160.jpg,datasets_flow/dataset_cropped/09_Metas/19/15/20190919150300_00160.jpg,datasets_cloudmask/dataset_cropped/09_Metas/19/15/20190919150300_00160.png,698.1,686.2,210.6,27.5,960
9/19/2019 15:04,datasets/dataset_cropped/09_Metas/19/15/20190919150400_00160.jpg,datasets_flow/dataset_cropped/09_Metas/19/15/20190919150400_00160.jpg,datasets_cloudmask/dataset_cropped/09_Metas/19/15/20190919150400_00160.png,663.9,642.7,206.8,27.4,960
9/19/2019 15:05,datasets/dataset_cropped/09_Metas/19/15/20190919150500_00160.jpg,datasets_flow/dataset_cropped/09_Metas/19/15/20190919150500_00160.jpg,datasets_cloudmask/dataset_cropped/09_Metas/19/15/20190919150500_00160.png,651.2,640,205.2,27.7,960
9/19/2019 15:06,datasets/dataset_cropped/09_Metas/19/15/20190919150600_00160.jpg,datasets_flow/dataset_cropped/09_Metas/19/15/20190919150600_00160.jpg,datasets_cloudmask/dataset_cropped/09_Metas/19/15/20190919150600_00160.png,689.5,696.6,198.3,28,960
9/19/2019 15:07,datasets/dataset_cropped/09_Metas/19/15/20190919150700_00160.jpg,datasets_flow/dataset_cropped/09_Metas/19/15/20190919150700_00160.jpg,datasets_cloudmask/dataset_cropped/09_Metas/19/15/20190919150700_00160.png,691.1,704.9,195.3,27.7,960
9/19/2019 15:08,datasets/dataset_cropped/09_Metas/19/15/20190919150800_00160.jpg,datasets_flow/dataset_cropped/09_Metas/19/15/20190919150800_00160.jpg,datasets_cloudmask/dataset_cropped/09_Metas/19/15/20190919150800_00160.png,686,704.3,191.7,27.4,960
9/19/2019 15:09,datasets/dataset_cropped/09_Metas/19/15/20190919150900_00160.jpg,datasets_flow/dataset_cropped/09_Metas/19/15/20190919150900_00160.jpg,datasets_cloudmask/dataset_cropped/09_Metas/19/15/20190919150900_00160.png,683.8,705.8,189.5,27.6,960
9/19/2019 15:10,datasets/dataset_cropped/09_Metas/19/15/20190919151000_00160.jpg,datasets_flow/dataset_cropped/09_Metas/19/15/20190919151000_00160.jpg,datasets_cloudmask/dataset_cropped/09_Metas/19/15/20190919151000_00160.png,682.5,705.7,189.5,27.6,960
9/19/2019 15:11,datasets/dataset_cropped/09_Metas/19/15/20190919151100_00160.jpg,datasets_flow/dataset_cropped/09_Metas/19/15/20190919151100_00160.jpg,datasets_cloudmask/dataset_cropped/09_Metas/19/15/20190919151100_00160.png,678.3,700.6,190.1,27.3,960
9/19/2019 15:12,datasets/dataset_cropped/09_Metas/19/15/20190919151200_00160.jpg,datasets_flow/dataset_cropped/09_Metas/19/15/20190919151200_00160.jpg,datasets_cloudmask/dataset_cropped/09_Metas/19/15/20190919151200_00160.png,673.3,696.1,189.3,27.3,959
9/19/2019 15:13,datasets/dataset_cropped/09_Metas/19/15/20190919151300_00160.jpg,datasets_flow/dataset_cropped/09_Metas/19/15/20190919151300_00160.jpg,datasets_cloudmask/dataset_cropped/09_Metas/19/15/20190919151300_00160.png,671.9,695.8,190,27.6,960
9/19/2019 15:14,datasets/dataset_cropped/09_Metas/19/15/20190919151400_00160.jpg,datasets_flow/dataset_cropped/09_Metas/19/15/20190919151400_00160.jpg,datasets_cloudmask/dataset_cropped/09_Metas/19/15/20190919151400_00160.png,671.8,697.3,190.5,27.7,960
9/19/2019 15:15,datasets/dataset_cropped/09_Metas/19/15/20190919151500_00160.jpg,datasets_flow/dataset_cropped/09_Metas/19/15/20190919151500_00160.jpg,datasets_cloudmask/dataset_cropped/09_Metas/19/15/20190919151500_00160.png,675.5,702.6,192,27.8,959
9/19/2019 15:16,datasets/dataset_cropped/09_Metas/19/15/20190919151600_00160.jpg,datasets_flow/dataset_cropped/09_Metas/19/15/20190919151600_00160.jpg,datasets_cloudmask/dataset_cropped/09_Metas/19/15/20190919151600_00160.png,675.9,701.8,194.1,27.6,959
9/19/2019 15:17,datasets/dataset_cropped/09_Metas/19/15/20190919151700_00160.jpg,datasets_flow/dataset_cropped/09_Metas/19/15/20190919151700_00160.jpg,datasets_cloudmask/dataset_cropped/09_Metas/19/15/20190919151700_00160.png,678.4,696.4,202.2,27.6,959
9/19/2019 15:18,datasets/dataset_cropped/09_Metas/19/15/20190919151800_00160.jpg,datasets_flow/dataset_cropped/09_Metas/19/15/20190919151800_00160.jpg,datasets_cloudmask/dataset_cropped/09_Metas/19/15/20190919151800_00160.png,684.6,694.3,211.1,27.8,959
9/19/2019 15:19,datasets/dataset_cropped/09_Metas/19/15/20190919151900_00160.jpg,datasets_flow/dataset_cropped/09_Metas/19/15/20190919151900_00160.jpg,datasets_cloudmask/dataset_cropped/09_Metas/19/15/20190919151900_00160.png,686.7,691.6,216,27.8,959
9/19/2019 15:20,datasets/dataset_cropped/09_Metas/19/15/20190919152000_00160.jpg,datasets_flow/dataset_cropped/09_Metas/19/15/20190919152000_00160.jpg,datasets_cloudmask/dataset_cropped/09_Metas/19/15/20190919152000_00160.png,690.8,691.7,221.3,27.6,959
9/19/2019 15:21,datasets/dataset_cropped/09_Metas/19/15/20190919152100_00160.jpg,datasets_flow/dataset_cropped/09_Metas/19/15/20190919152100_00160.jpg,datasets_cloudmask/dataset_cropped/09_Metas/19/15/20190919152100_00160.png,692.1,691.6,223.7,27.6,959
9/19/2019 15:22,datasets/dataset_cropped/09_Metas/19/15/20190919152200_00160.jpg,datasets_flow/dataset_cropped/09_Metas/19/15/20190919152200_00160.jpg,datasets_cloudmask/dataset_cropped/09_Metas/19/15/20190919152200_00160.png,689.9,694,221.2,28,959
9/19/2019 15:23,datasets/dataset_cropped/09_Metas/19/15/20190919152300_00160.jpg,datasets_flow/dataset_cropped/09_Metas/19/15/20190919152300_00160.jpg,datasets_cloudmask/dataset_cropped/09_Metas/19/15/20190919152300_00160.png,690.1,697.5,220.5,28.2,959
9/19/2019 15:24,datasets/dataset_cropped/09_Metas/19/15/20190919152400_00160.jpg,datasets_flow/dataset_cropped/09_Metas/19/15/20190919152400_00160.jpg,datasets_cloudmask/dataset_cropped/09_Metas/19/15/20190919152400_00160.png,689.9,700.1,220.1,28,959
9/19/2019 15:25,datasets/dataset_cropped/09_Metas/19/15/20190919152500_00160.jpg,datasets_flow/dataset_cropped/09_Metas/19/15/20190919152500_00160.jpg,datasets_cloudmask/dataset_cropped/09_Metas/19/15/20190919152500_00160.png,679.3,693,215.4,28.1,959
9/19/2019 15:26,datasets/dataset_cropped/09_Metas/19/15/20190919152600_00160.jpg,datasets_flow/dataset_cropped/09_Metas/19/15/20190919152600_00160.jpg,datasets_cloudmask/dataset_cropped/09_Metas/19/15/20190919152600_00160.png,668.7,683.8,212.1,27.9,959
9/19/2019 15:27,datasets/dataset_cropped/09_Metas/19/15/20190919152700_00160.jpg,datasets_flow/dataset_cropped/09_Metas/19/15/20190919152700_00160.jpg,datasets_cloudmask/dataset_cropped/09_Metas/19/15/20190919152700_00160.png,670.9,685.4,214.1,27.9,959
9/19/2019 15:28,datasets/dataset_cropped/09_Metas/19/15/20190919152800_00160.jpg,datasets_flow/dataset_cropped/09_Metas/19/15/20190919152800_00160.jpg,datasets_cloudmask/dataset_cropped/09_Metas/19/15/20190919152800_00160.png,676.2,679.5,224.5,27.9,959
9/19/2019 15:29,datasets/dataset_cropped/09_Metas/19/15/20190919152900_00160.jpg,datasets_flow/dataset_cropped/09_Metas/19/15/20190919152900_00160.jpg,datasets_cloudmask/dataset_cropped/09_Metas/19/15/20190919152900_00160.png,533.8,457.1,231.4,27.9,959
9/19/2019 15:30,datasets/dataset_cropped/09_Metas/19/15/20190919153000_00160.jpg,datasets_flow/dataset_cropped/09_Metas/19/15/20190919153000_00160.jpg,datasets_cloudmask/dataset_cropped/09_Metas/19/15/20190919153000_00160.png,434,299.6,237.2,27.8,959
9/19/2019 15:31,datasets/dataset_cropped/09_Metas/19/15/20190919153100_00160.jpg,datasets_flow/dataset_cropped/09_Metas/19/15/20190919153100_00160.jpg,datasets_cloudmask/dataset_cropped/09_Metas/19/15/20190919153100_00160.png,447.8,312.5,241.1,27.9,959
9/19/2019 15:32,datasets/dataset_cropped/09_Metas/19/15/20190919153200_00160.jpg,datasets_flow/dataset_cropped/09_Metas/19/15/20190919153200_00160.jpg,datasets_cloudmask/dataset_cropped/09_Metas/19/15/20190919153200_00160.png,504.1,398.4,238.4,27.8,960
9/19/2019 15:33,datasets/dataset_cropped/09_Metas/19/15/20190919153300_00160.jpg,datasets_flow/dataset_cropped/09_Metas/19/15/20190919153300_00160.jpg,datasets_cloudmask/dataset_cropped/09_Metas/19/15/20190919153300_00160.png,627.1,612.6,226.8,27.7,959
9/19/2019 15:34,datasets/dataset_cropped/09_Metas/19/15/20190919153400_00160.jpg,datasets_flow/dataset_cropped/09_Metas/19/15/20190919153400_00160.jpg,datasets_cloudmask/dataset_cropped/09_Metas/19/15/20190919153400_00160.png,643.2,652.2,218.6,27.9,959
9/19/2019 15:35,datasets/dataset_cropped/09_Metas/19/15/20190919153500_00160.jpg,datasets_flow/dataset_cropped/09_Metas/19/15/20190919153500_00160.jpg,datasets_cloudmask/dataset_cropped/09_Metas/19/15/20190919153500_00160.png,640,657.2,213.5,28,959
9/19/2019 15:36,datasets/dataset_cropped/09_Metas/19/15/20190919153600_00160.jpg,datasets_flow/dataset_cropped/09_Metas/19/15/20190919153600_00160.jpg,datasets_cloudmask/dataset_cropped/09_Metas/19/15/20190919153600_00160.png,632,652.1,210.9,28,959
9/19/2019 15:37,datasets/dataset_cropped/09_Metas/19/15/20190919153700_00160.jpg,datasets_flow/dataset_cropped/09_Metas/19/15/20190919153700_00160.jpg,datasets_cloudmask/dataset_cropped/09_Metas/19/15/20190919153700_00160.png,621.4,644.1,206.6,27.7,959
9/19/2019 15:38,datasets/dataset_cropped/09_Metas/19/15/20190919153800_00160.jpg,datasets_flow/dataset_cropped/09_Metas/19/15/20190919153800_00160.jpg,datasets_cloudmask/dataset_cropped/09_Metas/19/15/20190919153800_00160.png,620.2,648.9,203.5,28.1,959
9/19/2019 15:39,datasets/dataset_cropped/09_Metas/19/15/20190919153900_00160.jpg,datasets_flow/dataset_cropped/09_Metas/19/15/20190919153900_00160.jpg,datasets_cloudmask/dataset_cropped/09_Metas/19/15/20190919153900_00160.png,621.4,655.5,201.8,27.9,959
9/19/2019 15:40,datasets/dataset_cropped/09_Metas/19/15/20190919154000_00160.jpg,datasets_flow/dataset_cropped/09_Metas/19/15/20190919154000_00160.jpg,datasets_cloudmask/dataset_cropped/09_Metas/19/15/20190919154000_00160.png,623.1,665.5,198.4,27.6,959
9/19/2019 15:41,datasets/dataset_cropped/09_Metas/19/15/20190919154100_00160.jpg,datasets_flow/dataset_cropped/09_Metas/19/15/20190919154100_00160.jpg,datasets_cloudmask/dataset_cropped/09_Metas/19/15/20190919154100_00160.png,626.7,675.3,197.3,27.5,959
9/19/2019 15:42,datasets/dataset_cropped/09_Metas/19/15/20190919154200_00160.jpg,datasets_flow/dataset_cropped/09_Metas/19/15/20190919154200_00160.jpg,datasets_cloudmask/dataset_cropped/09_Metas/19/15/20190919154200_00160.png,623.8,677.1,195,27.6,959
9/19/2019 15:43,datasets/dataset_cropped/09_Metas/19/15/20190919154300_00160.jpg,datasets_flow/dataset_cropped/09_Metas/19/15/20190919154300_00160.jpg,datasets_cloudmask/dataset_cropped/09_Metas/19/15/20190919154300_00160.png,619.2,675.6,192.6,27.7,959
9/19/2019 15:44,datasets/dataset_cropped/09_Metas/19/15/20190919154400_00160.jpg,datasets_flow/dataset_cropped/09_Metas/19/15/20190919154400_00160.jpg,datasets_cloudmask/dataset_cropped/09_Metas/19/15/20190919154400_00160.png,614.5,670.6,192.7,27.9,959
9/19/2019 15:45,datasets/dataset_cropped/09_Metas/19/15/20190919154500_00160.jpg,datasets_flow/dataset_cropped/09_Metas/19/15/20190919154500_00160.jpg,datasets_cloudmask/dataset_cropped/09_Metas/19/15/20190919154500_00160.png,610.6,663,195.1,27.8,959
9/19/2019 15:46,datasets/dataset_cropped/09_Metas/19/15/20190919154600_00160.jpg,datasets_flow/dataset_cropped/09_Metas/19/15/20190919154600_00160.jpg,datasets_cloudmask/dataset_cropped/09_Metas/19/15/20190919154600_00160.png,604.4,654.2,195.7,27.7,959
9/19/2019 15:47,datasets/dataset_cropped/09_Metas/19/15/20190919154700_00160.jpg,datasets_flow/dataset_cropped/09_Metas/19/15/20190919154700_00160.jpg,datasets_cloudmask/dataset_cropped/09_Metas/19/15/20190919154700_00160.png,598.6,646.6,196,27.8,959
9/19/2019 15:48,datasets/dataset_cropped/09_Metas/19/15/20190919154800_00160.jpg,datasets_flow/dataset_cropped/09_Metas/19/15/20190919154800_00160.jpg,datasets_cloudmask/dataset_cropped/09_Metas/19/15/20190919154800_00160.png,593.4,638,197.3,27.9,959
9/19/2019 15:49,datasets/dataset_cropped/09_Metas/19/15/20190919154900_00160.jpg,datasets_flow/dataset_cropped/09_Metas/19/15/20190919154900_00160.jpg,datasets_cloudmask/dataset_cropped/09_Metas/19/15/20190919154900_00160.png,587.8,622.8,202.5,27.8,959
9/19/2019 15:50,datasets/dataset_cropped/09_Metas/19/15/20190919155000_00160.jpg,datasets_flow/dataset_cropped/09_Metas/19/15/20190919155000_00160.jpg,datasets_cloudmask/dataset_cropped/09_Metas/19/15/20190919155000_00160.png,582.8,607.6,208.6,28,959
9/19/2019 15:51,datasets/dataset_cropped/09_Metas/19/15/20190919155100_00160.jpg,datasets_flow/dataset_cropped/09_Metas/19/15/20190919155100_00160.jpg,datasets_cloudmask/dataset_cropped/09_Metas/19/15/20190919155100_00160.png,587.4,603.4,216.9,27.9,959
9/19/2019 15:52,datasets/dataset_cropped/09_Metas/19/15/20190919155200_00160.jpg,datasets_flow/dataset_cropped/09_Metas/19/15/20190919155200_00160.jpg,datasets_cloudmask/dataset_cropped/09_Metas/19/15/20190919155200_00160.png,569.8,572.8,219.2,27.6,959
9/19/2019 15:53,datasets/dataset_cropped/09_Metas/19/15/20190919155300_00160.jpg,datasets_flow/dataset_cropped/09_Metas/19/15/20190919155300_00160.jpg,datasets_cloudmask/dataset_cropped/09_Metas/19/15/20190919155300_00160.png,273.1,112.8,199.2,27.3,959
9/19/2019 15:54,datasets/dataset_cropped/09_Metas/19/15/20190919155400_00160.jpg,datasets_flow/dataset_cropped/09_Metas/19/15/20190919155400_00160.jpg,datasets_cloudmask/dataset_cropped/09_Metas/19/15/20190919155400_00160.png,189.5,3.6,184.1,27.1,959
9/19/2019 15:55,datasets/dataset_cropped/09_Metas/19/15/20190919155500_00160.jpg,datasets_flow/dataset_cropped/09_Metas/19/15/20190919155500_00160.jpg,datasets_cloudmask/dataset_cropped/09_Metas/19/15/20190919155500_00160.png,179.2,8.1,171.1,27.1,959
9/19/2019 15:56,datasets/dataset_cropped/09_Metas/19/15/20190919155600_00160.jpg,datasets_flow/dataset_cropped/09_Metas/19/15/20190919155600_00160.jpg,datasets_cloudmask/dataset_cropped/09_Metas/19/15/20190919155600_00160.png,215.8,58.2,176,26.9,959
9/19/2019 15:57,datasets/dataset_cropped/09_Metas/19/15/20190919155700_00160.jpg,datasets_flow/dataset_cropped/09_Metas/19/15/20190919155700_00160.jpg,datasets_cloudmask/dataset_cropped/09_Metas/19/15/20190919155700_00160.png,400.6,333.4,195.2,26.8,959
9/19/2019 15:58,datasets/dataset_cropped/09_Metas/19/15/20190919155800_00160.jpg,datasets_flow/dataset_cropped/09_Metas/19/15/20190919155800_00160.jpg,datasets_cloudmask/dataset_cropped/09_Metas/19/15/20190919155800_00160.png,538.3,549.2,208.7,26.6,959
9/19/2019 15:59,datasets/dataset_cropped/09_Metas/19/15/20190919155900_00160.jpg,datasets_flow/dataset_cropped/09_Metas/19/15/20190919155900_00160.jpg,datasets_cloudmask/dataset_cropped/09_Metas/19/15/20190919155900_00160.png,409.1,325.2,206.2,26.5,959
9/19/2019 16:00,datasets/dataset_cropped/09_Metas/19/16/20190919160000_00160.jpg,datasets_flow/dataset_cropped/09_Metas/19/16/20190919160000_00160.jpg,datasets_cloudmask/dataset_cropped/09_Metas/19/16/20190919160000_00160.png,337.9,224.9,198.5,26.7,959
9/19/2019 16:01,datasets/dataset_cropped/09_Metas/19/16/20190919160100_00160.jpg,datasets_flow/dataset_cropped/09_Metas/19/16/20190919160100_00160.jpg,datasets_cloudmask/dataset_cropped/09_Metas/19/16/20190919160100_00160.png,221.1,51.1,189.7,26.9,959
9/19/2019 16:02,datasets/dataset_cropped/09_Metas/19/16/20190919160200_00160.jpg,datasets_flow/dataset_cropped/09_Metas/19/16/20190919160200_00160.jpg,datasets_cloudmask/dataset_cropped/09_Metas/19/16/20190919160200_00160.png,234.4,88.9,183.2,27.1,959
9/19/2019 16:03,datasets/dataset_cropped/09_Metas/19/16/20190919160300_00160.jpg,datasets_flow/dataset_cropped/09_Metas/19/16/20190919160300_00160.jpg,datasets_cloudmask/dataset_cropped/09_Metas/19/16/20190919160300_00160.png,176.9,0.8,174.3,27.1,959
9/19/2019 16:04,datasets/dataset_cropped/09_Metas/19/16/20190919160400_00160.jpg,datasets_flow/dataset_cropped/09_Metas/19/16/20190919160400_00160.jpg,datasets_cloudmask/dataset_cropped/09_Metas/19/16/20190919160400_00160.png,170.2,0,168.5,27.2,959
9/19/2019 16:05,datasets/dataset_cropped/09_Metas/19/16/20190919160500_00160.jpg,datasets_flow/dataset_cropped/09_Metas/19/16/20190919160500_00160.jpg,datasets_cloudmask/dataset_cropped/09_Metas/19/16/20190919160500_00160.png,165.7,1.2,163.7,27.2,959
9/19/2019 16:06,datasets/dataset_cropped/09_Metas/19/16/20190919160600_00160.jpg,datasets_flow/dataset_cropped/09_Metas/19/16/20190919160600_00160.jpg,datasets_cloudmask/dataset_cropped/09_Metas/19/16/20190919160600_00160.png,170.6,12.4,162.1,27.2,959
9/19/2019 16:07,datasets/dataset_cropped/09_Metas/19/16/20190919160700_00160.jpg,datasets_flow/dataset_cropped/09_Metas/19/16/20190919160700_00160.jpg,datasets_cloudmask/dataset_cropped/09_Metas/19/16/20190919160700_00160.png,167.6,3.4,163.7,27.2,959
9/19/2019 16:08,datasets/dataset_cropped/09_Metas/19/16/20190919160800_00160.jpg,datasets_flow/dataset_cropped/09_Metas/19/16/20190919160800_00160.jpg,datasets_cloudmask/dataset_cropped/09_Metas/19/16/20190919160800_00160.png,157.5,0.2,156,27.4,959
9/19/2019 16:09,datasets/dataset_cropped/09_Metas/19/16/20190919160900_00160.jpg,datasets_flow/dataset_cropped/09_Metas/19/16/20190919160900_00160.jpg,datasets_cloudmask/dataset_cropped/09_Metas/19/16/20190919160900_00160.png,155.7,0.2,154.2,27.4,960
9/19/2019 16:10,datasets/dataset_cropped/09_Metas/19/16/20190919161000_00160.jpg,datasets_flow/dataset_cropped/09_Metas/19/16/20190919161000_00160.jpg,datasets_cloudmask/dataset_cropped/09_Metas/19/16/20190919161000_00160.png,152.2,1.7,149.7,27.4,959
9/19/2019 16:11,datasets/dataset_cropped/09_Metas/19/16/20190919161100_00160.jpg,datasets_flow/dataset_cropped/09_Metas/19/16/20190919161100_00160.jpg,datasets_cloudmask/dataset_cropped/09_Metas/19/16/20190919161100_00160.png,146.9,0.3,145.5,27.2,959
9/19/2019 16:12,datasets/dataset_cropped/09_Metas/19/16/20190919161200_00160.jpg,datasets_flow/dataset_cropped/09_Metas/19/16/20190919161200_00160.jpg,datasets_cloudmask/dataset_cropped/09_Metas/19/16/20190919161200_00160.png,136.2,0.1,135.1,26.9,959
9/19/2019 16:13,datasets/dataset_cropped/09_Metas/19/16/20190919161300_00160.jpg,datasets_flow/dataset_cropped/09_Metas/19/16/20190919161300_00160.jpg,datasets_cloudmask/dataset_cropped/09_Metas/19/16/20190919161300_00160.png,129,0,127.9,26.7,959
9/19/2019 16:14,datasets/dataset_cropped/09_Metas/19/16/20190919161400_00160.jpg,datasets_flow/dataset_cropped/09_Metas/19/16/20190919161400_00160.jpg,datasets_cloudmask/dataset_cropped/09_Metas/19/16/20190919161400_00160.png,128.2,0,127.2,26.5,959
9/19/2019 16:15,datasets/dataset_cropped/09_Metas/19/16/20190919161500_00160.jpg,datasets_flow/dataset_cropped/09_Metas/19/16/20190919161500_00160.jpg,datasets_cloudmask/dataset_cropped/09_Metas/19/16/20190919161500_00160.png,122.9,0,122.1,26.4,959
9/19/2019 16:16,datasets/dataset_cropped/09_Metas/19/16/20190919161600_00160.jpg,datasets_flow/dataset_cropped/09_Metas/19/16/20190919161600_00160.jpg,datasets_cloudmask/dataset_cropped/09_Metas/19/16/20190919161600_00160.png,119.3,0,118.5,26.4,959
9/19/2019 16:17,datasets/dataset_cropped/09_Metas/19/16/20190919161700_00160.jpg,datasets_flow/dataset_cropped/09_Metas/19/16/20190919161700_00160.jpg,datasets_cloudmask/dataset_cropped/09_Metas/19/16/20190919161700_00160.png,118.2,0,117.5,26.4,959
9/19/2019 16:18,datasets/dataset_cropped/09_Metas/19/16/20190919161800_00160.jpg,datasets_flow/dataset_cropped/09_Metas/19/16/20190919161800_00160.jpg,datasets_cloudmask/dataset_cropped/09_Metas/19/16/20190919161800_00160.png,119.7,0,118.9,26.4,959
9/19/2019 16:19,datasets/dataset_cropped/09_Metas/19/16/20190919161900_00160.jpg,datasets_flow/dataset_cropped/09_Metas/19/16/20190919161900_00160.jpg,datasets_cloudmask/dataset_cropped/09_Metas/19/16/20190919161900_00160.png,126.8,0,126.2,26.4,959
9/19/2019 16:20,datasets/dataset_cropped/09_Metas/19/16/20190919162000_00160.jpg,datasets_flow/dataset_cropped/09_Metas/19/16/20190919162000_00160.jpg,datasets_cloudmask/dataset_cropped/09_Metas/19/16/20190919162000_00160.png,131.4,2.5,129.8,26.4,959
9/19/2019 16:21,datasets/dataset_cropped/09_Metas/19/16/20190919162100_00160.jpg,datasets_flow/dataset_cropped/09_Metas/19/16/20190919162100_00160.jpg,datasets_cloudmask/dataset_cropped/09_Metas/19/16/20190919162100_00160.png,212.7,130,141.1,26.4,959
9/19/2019 16:22,datasets/dataset_cropped/09_Metas/19/16/20190919162200_00160.jpg,datasets_flow/dataset_cropped/09_Metas/19/16/20190919162200_00160.jpg,datasets_cloudmask/dataset_cropped/09_Metas/19/16/20190919162200_00160.png,461.2,582.6,148.9,26.4,960
9/19/2019 16:23,datasets/dataset_cropped/09_Metas/19/16/20190919162300_00160.jpg,datasets_flow/dataset_cropped/09_Metas/19/16/20190919162300_00160.jpg,datasets_cloudmask/dataset_cropped/09_Metas/19/16/20190919162300_00160.png,395.6,447.7,147.7,26.3,959
9/19/2019 16:24,datasets/dataset_cropped/09_Metas/19/16/20190919162400_00160.jpg,datasets_flow/dataset_cropped/09_Metas/19/16/20190919162400_00160.jpg,datasets_cloudmask/dataset_cropped/09_Metas/19/16/20190919162400_00160.png,183.7,42.3,156.2,26.3,959
9/19/2019 16:25,datasets/dataset_cropped/09_Metas/19/16/20190919162500_00160.jpg,datasets_flow/dataset_cropped/09_Metas/19/16/20190919162500_00160.jpg,datasets_cloudmask/dataset_cropped/09_Metas/19/16/20190919162500_00160.png,147.4,2.1,146.5,26.2,959
9/19/2019 16:26,datasets/dataset_cropped/09_Metas/19/16/20190919162600_00160.jpg,datasets_flow/dataset_cropped/09_Metas/19/16/20190919162600_00160.jpg,datasets_cloudmask/dataset_cropped/09_Metas/19/16/20190919162600_00160.png,139.1,3.1,137.3,26.4,959
9/19/2019 16:27,datasets/dataset_cropped/09_Metas/19/16/20190919162700_00160.jpg,datasets_flow/dataset_cropped/09_Metas/19/16/20190919162700_00160.jpg,datasets_cloudmask/dataset_cropped/09_Metas/19/16/20190919162700_00160.png,202.6,103.9,145.9,26.5,959
9/19/2019 16:28,datasets/dataset_cropped/09_Metas/19/16/20190919162800_00160.jpg,datasets_flow/dataset_cropped/09_Metas/19/16/20190919162800_00160.jpg,datasets_cloudmask/dataset_cropped/09_Metas/19/16/20190919162800_00160.png,240.5,151.1,161,26.6,959
9/19/2019 16:29,datasets/dataset_cropped/09_Metas/19/16/20190919162900_00160.jpg,datasets_flow/dataset_cropped/09_Metas/19/16/20190919162900_00160.jpg,datasets_cloudmask/dataset_cropped/09_Metas/19/16/20190919162900_00160.png,446,549,162.1,26.8,959
9/19/2019 16:30,datasets/dataset_cropped/09_Metas/19/16/20190919163000_00160.jpg,datasets_flow/dataset_cropped/09_Metas/19/16/20190919163000_00160.jpg,datasets_cloudmask/dataset_cropped/09_Metas/19/16/20190919163000_00160.png,449.9,558.2,162.9,26.8,959
9/19/2019 16:31,datasets/dataset_cropped/09_Metas/19/16/20190919163100_00160.jpg,datasets_flow/dataset_cropped/09_Metas/19/16/20190919163100_00160.jpg,datasets_cloudmask/dataset_cropped/09_Metas/19/16/20190919163100_00160.png,454.7,569.1,164.2,26.7,959
9/19/2019 16:32,datasets/dataset_cropped/09_Metas/19/16/20190919163200_00160.jpg,datasets_flow/dataset_cropped/09_Metas/19/16/20190919163200_00160.jpg,datasets_cloudmask/dataset_cropped/09_Metas/19/16/20190919163200_00160.png,452.1,568.5,163.9,26.8,960
9/19/2019 16:33,datasets/dataset_cropped/09_Metas/19/16/20190919163300_00160.jpg,datasets_flow/dataset_cropped/09_Metas/19/16/20190919163300_00160.jpg,datasets_cloudmask/dataset_cropped/09_Metas/19/16/20190919163300_00160.png,445.1,562.5,161.4,27.1,959
9/19/2019 16:34,datasets/dataset_cropped/09_Metas/19/16/20190919163400_00160.jpg,datasets_flow/dataset_cropped/09_Metas/19/16/20190919163400_00160.jpg,datasets_cloudmask/dataset_cropped/09_Metas/19/16/20190919163400_00160.png,440.5,555,162,27.1,959
9/19/2019 16:35,datasets/dataset_cropped/09_Metas/19/16/20190919163500_00160.jpg,datasets_flow/dataset_cropped/09_Metas/19/16/20190919163500_00160.jpg,datasets_cloudmask/dataset_cropped/09_Metas/19/16/20190919163500_00160.png,441.4,558.8,162.7,26.9,959
9/19/2019 16:36,datasets/dataset_cropped/09_Metas/19/16/20190919163600_00160.jpg,datasets_flow/dataset_cropped/09_Metas/19/16/20190919163600_00160.jpg,datasets_cloudmask/dataset_cropped/09_Metas/19/16/20190919163600_00160.png,437.3,558.2,160.3,26.9,959
9/19/2019 16:37,datasets/dataset_cropped/09_Metas/19/16/20190919163700_00160.jpg,datasets_flow/dataset_cropped/09_Metas/19/16/20190919163700_00160.jpg,datasets_cloudmask/dataset_cropped/09_Metas/19/16/20190919163700_00160.png,425.9,546.9,156.2,27,959
9/19/2019 16:38,datasets/dataset_cropped/09_Metas/19/16/20190919163800_00160.jpg,datasets_flow/dataset_cropped/09_Metas/19/16/20190919163800_00160.jpg,datasets_cloudmask/dataset_cropped/09_Metas/19/16/20190919163800_00160.png,407.5,525.8,149.5,27,959
9/19/2019 16:39,datasets/dataset_cropped/09_Metas/19/16/20190919163900_00160.jpg,datasets_flow/dataset_cropped/09_Metas/19/16/20190919163900_00160.jpg,datasets_cloudmask/dataset_cropped/09_Metas/19/16/20190919163900_00160.png,342.5,412.2,140.7,27.1,960
9/19/2019 16:40,datasets/dataset_cropped/09_Metas/19/16/20190919164000_00160.jpg,datasets_flow/dataset_cropped/09_Metas/19/16/20190919164000_00160.jpg,datasets_cloudmask/dataset_cropped/09_Metas/19/16/20190919164000_00160.png,297.7,314.7,135.3,26.8,959
9/19/2019 16:41,datasets/dataset_cropped/09_Metas/19/16/20190919164100_00160.jpg,datasets_flow/dataset_cropped/09_Metas/19/16/20190919164100_00160.jpg,datasets_cloudmask/dataset_cropped/09_Metas/19/16/20190919164100_00160.png,152,28,135.7,26.8,960
9/19/2019 16:42,datasets/dataset_cropped/09_Metas/19/16/20190919164200_00160.jpg,datasets_flow/dataset_cropped/09_Metas/19/16/20190919164200_00160.jpg,datasets_cloudmask/dataset_cropped/09_Metas/19/16/20190919164200_00160.png,147.7,19.8,136,26.7,960
9/19/2019 16:43,datasets/dataset_cropped/09_Metas/19/16/20190919164300_00160.jpg,datasets_flow/dataset_cropped/09_Metas/19/16/20190919164300_00160.jpg,datasets_cloudmask/dataset_cropped/09_Metas/19/16/20190919164300_00160.png,141.4,3.9,138.8,26.5,960
9/19/2019 16:44,datasets/dataset_cropped/09_Metas/19/16/20190919164400_00160.jpg,datasets_flow/dataset_cropped/09_Metas/19/16/20190919164400_00160.jpg,datasets_cloudmask/dataset_cropped/09_Metas/19/16/20190919164400_00160.png,164.7,35.5,148,26.4,959
9/19/2019 16:45,datasets/dataset_cropped/09_Metas/19/16/20190919164500_00160.jpg,datasets_flow/dataset_cropped/09_Metas/19/16/20190919164500_00160.jpg,datasets_cloudmask/dataset_cropped/09_Metas/19/16/20190919164500_00160.png,385.9,496.6,153.3,26.5,959
9/19/2019 16:46,datasets/dataset_cropped/09_Metas/19/16/20190919164600_00160.jpg,datasets_flow/dataset_cropped/09_Metas/19/16/20190919164600_00160.jpg,datasets_cloudmask/dataset_cropped/09_Metas/19/16/20190919164600_00160.png,392.3,503.9,156.3,26.6,959
9/19/2019 16:47,datasets/dataset_cropped/09_Metas/19/16/20190919164700_00160.jpg,datasets_flow/dataset_cropped/09_Metas/19/16/20190919164700_00160.jpg,datasets_cloudmask/dataset_cropped/09_Metas/19/16/20190919164700_00160.png,374.4,465.7,156.6,26.8,959
9/19/2019 16:48,datasets/dataset_cropped/09_Metas/19/16/20190919164800_00160.jpg,datasets_flow/dataset_cropped/09_Metas/19/16/20190919164800_00160.jpg,datasets_cloudmask/dataset_cropped/09_Metas/19/16/20190919164800_00160.png,386,494.8,157,26.9,960
9/19/2019 16:49,datasets/dataset_cropped/09_Metas/19/16/20190919164900_00160.jpg,datasets_flow/dataset_cropped/09_Metas/19/16/20190919164900_00160.jpg,datasets_cloudmask/dataset_cropped/09_Metas/19/16/20190919164900_00160.png,372.8,469,155.2,26.9,959
9/19/2019 16:50,datasets/dataset_cropped/09_Metas/19/16/20190919165000_00160.jpg,datasets_flow/dataset_cropped/09_Metas/19/16/20190919165000_00160.jpg,datasets_cloudmask/dataset_cropped/09_Metas/19/16/20190919165000_00160.png,280.1,276.6,153.2,27.1,959
9/19/2019 16:51,datasets/dataset_cropped/09_Metas/19/16/20190919165100_00160.jpg,datasets_flow/dataset_cropped/09_Metas/19/16/20190919165100_00160.jpg,datasets_cloudmask/dataset_cropped/09_Metas/19/16/20190919165100_00160.png,177.1,63.1,152.7,27,960
9/19/2019 16:52,datasets/dataset_cropped/09_Metas/19/16/20190919165200_00160.jpg,datasets_flow/dataset_cropped/09_Metas/19/16/20190919165200_00160.jpg,datasets_cloudmask/dataset_cropped/09_Metas/19/16/20190919165200_00160.png,341.4,410.7,153.7,26.7,959
9/19/2019 16:53,datasets/dataset_cropped/09_Metas/19/16/20190919165300_00160.jpg,datasets_flow/dataset_cropped/09_Metas/19/16/20190919165300_00160.jpg,datasets_cloudmask/dataset_cropped/09_Metas/19/16/20190919165300_00160.png,193,82.9,153.2,26.9,959
9/19/2019 16:54,datasets/dataset_cropped/09_Metas/19/16/20190919165400_00160.jpg,datasets_flow/dataset_cropped/09_Metas/19/16/20190919165400_00160.jpg,datasets_cloudmask/dataset_cropped/09_Metas/19/16/20190919165400_00160.png,181.9,74.1,153.5,26.8,959
9/19/2019 16:55,datasets/dataset_cropped/09_Metas/19/16/20190919165500_00160.jpg,datasets_flow/dataset_cropped/09_Metas/19/16/20190919165500_00160.jpg,datasets_cloudmask/dataset_cropped/09_Metas/19/16/20190919165500_00160.png,295.5,331.1,148.7,26.6,960
9/19/2019 16:56,datasets/dataset_cropped/09_Metas/19/16/20190919165600_00160.jpg,datasets_flow/dataset_cropped/09_Metas/19/16/20190919165600_00160.jpg,datasets_cloudmask/dataset_cropped/09_Metas/19/16/20190919165600_00160.png,159.8,47.5,138.7,26.8,960
9/19/2019 16:57,datasets/dataset_cropped/09_Metas/19/16/20190919165700_00160.jpg,datasets_flow/dataset_cropped/09_Metas/19/16/20190919165700_00160.jpg,datasets_cloudmask/dataset_cropped/09_Metas/19/16/20190919165700_00160.png,218.6,192,134.4,27,959
9/19/2019 16:58,datasets/dataset_cropped/09_Metas/19/16/20190919165800_00160.jpg,datasets_flow/dataset_cropped/09_Metas/19/16/20190919165800_00160.jpg,datasets_cloudmask/dataset_cropped/09_Metas/19/16/20190919165800_00160.png,131.7,4.5,128.7,26.9,959
9/19/2019 16:59,datasets/dataset_cropped/09_Metas/19/16/20190919165900_00160.jpg,datasets_flow/dataset_cropped/09_Metas/19/16/20190919165900_00160.jpg,datasets_cloudmask/dataset_cropped/09_Metas/19/16/20190919165900_00160.png,124.7,0.2,123.8,26.7,960
9/19/2019 17:00,datasets/dataset_cropped/09_Metas/19/17/20190919170000_00160.jpg,datasets_flow/dataset_cropped/09_Metas/19/17/20190919170000_00160.jpg,datasets_cloudmask/dataset_cropped/09_Metas/19/17/20190919170000_00160.png,122.1,0,121.4,26.6,959
9/19/2019 17:01,datasets/dataset_cropped/09_Metas/19/17/20190919170100_00160.jpg,datasets_flow/dataset_cropped/09_Metas/19/17/20190919170100_00160.jpg,datasets_cloudmask/dataset_cropped/09_Metas/19/17/20190919170100_00160.png,122,0,121.4,26.4,960
9/19/2019 17:02,datasets/dataset_cropped/09_Metas/19/17/20190919170200_00160.jpg,datasets_flow/dataset_cropped/09_Metas/19/17/20190919170200_00160.jpg,datasets_cloudmask/dataset_cropped/09_Metas/19/17/20190919170200_00160.png,121.8,0,121.1,26.3,960
9/19/2019 17:03,datasets/dataset_cropped/09_Metas/19/17/20190919170300_00160.jpg,datasets_flow/dataset_cropped/09_Metas/19/17/20190919170300_00160.jpg,datasets_cloudmask/dataset_cropped/09_Metas/19/17/20190919170300_00160.png,124.3,3.4,121.6,26.3,960
9/19/2019 17:04,datasets/dataset_cropped/09_Metas/19/17/20190919170400_00160.jpg,datasets_flow/dataset_cropped/09_Metas/19/17/20190919170400_00160.jpg,datasets_cloudmask/dataset_cropped/09_Metas/19/17/20190919170400_00160.png,128.3,7.3,123.7,26.2,960
9/19/2019 17:05,datasets/dataset_cropped/09_Metas/19/17/20190919170500_00160.jpg,datasets_flow/dataset_cropped/09_Metas/19/17/20190919170500_00160.jpg,datasets_cloudmask/dataset_cropped/09_Metas/19/17/20190919170500_00160.png,128.6,4.4,125.6,26.3,960
9/19/2019 17:06,datasets/dataset_cropped/09_Metas/19/17/20190919170600_00160.jpg,datasets_flow/dataset_cropped/09_Metas/19/17/20190919170600_00160.jpg,datasets_cloudmask/dataset_cropped/09_Metas/19/17/20190919170600_00160.png,131.1,11.2,125.5,26.3,960
9/19/2019 17:07,datasets/dataset_cropped/09_Metas/19/17/20190919170700_00160.jpg,datasets_flow/dataset_cropped/09_Metas/19/17/20190919170700_00160.jpg,datasets_cloudmask/dataset_cropped/09_Metas/19/17/20190919170700_00160.png,204.6,191.1,125.2,26.2,959
9/19/2019 17:08,datasets/dataset_cropped/09_Metas/19/17/20190919170800_00160.jpg,datasets_flow/dataset_cropped/09_Metas/19/17/20190919170800_00160.jpg,datasets_cloudmask/dataset_cropped/09_Metas/19/17/20190919170800_00160.png,133.9,23.4,123,26.2,960
9/19/2019 17:09,datasets/dataset_cropped/09_Metas/19/17/20190919170900_00160.jpg,datasets_flow/dataset_cropped/09_Metas/19/17/20190919170900_00160.jpg,datasets_cloudmask/dataset_cropped/09_Metas/19/17/20190919170900_00160.png,130.3,11.9,124.2,26,960
9/19/2019 17:10,datasets/dataset_cropped/09_Metas/19/17/20190919171000_00160.jpg,datasets_flow/dataset_cropped/09_Metas/19/17/20190919171000_00160.jpg,datasets_cloudmask/dataset_cropped/09_Metas/19/17/20190919171000_00160.png,131.8,8.2,127.6,25.8,960
9/19/2019 17:11,datasets/dataset_cropped/09_Metas/19/17/20190919171100_00160.jpg,datasets_flow/dataset_cropped/09_Metas/19/17/20190919171100_00160.jpg,datasets_cloudmask/dataset_cropped/09_Metas/19/17/20190919171100_00160.png,213.9,201.4,134.7,25.9,960
9/19/2019 17:12,datasets/dataset_cropped/09_Metas/19/17/20190919171200_00160.jpg,datasets_flow/dataset_cropped/09_Metas/19/17/20190919171200_00160.jpg,datasets_cloudmask/dataset_cropped/09_Metas/19/17/20190919171200_00160.png,318.9,462.4,138.2,26,960
9/19/2019 17:13,datasets/dataset_cropped/09_Metas/19/17/20190919171300_00160.jpg,datasets_flow/dataset_cropped/09_Metas/19/17/20190919171300_00160.jpg,datasets_cloudmask/dataset_cropped/09_Metas/19/17/20190919171300_00160.png,312.9,459.5,134.8,26.1,960
9/19/2019 17:14,datasets/dataset_cropped/09_Metas/19/17/20190919171400_00160.jpg,datasets_flow/dataset_cropped/09_Metas/19/17/20190919171400_00160.jpg,datasets_cloudmask/dataset_cropped/09_Metas/19/17/20190919171400_00160.png,304.3,448.3,132.1,26.1,960
9/19/2019 17:15,datasets/dataset_cropped/09_Metas/19/17/20190919171500_00160.jpg,datasets_flow/dataset_cropped/09_Metas/19/17/20190919171500_00160.jpg,datasets_cloudmask/dataset_cropped/09_Metas/19/17/20190919171500_00160.png,301.8,450.9,130,26.1,960
9/19/2019 17:16,datasets/dataset_cropped/09_Metas/19/17/20190919171600_00160.jpg,datasets_flow/dataset_cropped/09_Metas/19/17/20190919171600_00160.jpg,datasets_cloudmask/dataset_cropped/09_Metas/19/17/20190919171600_00160.png,303.1,461.8,128.7,26.4,959
9/19/2019 17:17,datasets/dataset_cropped/09_Metas/19/17/20190919171700_00160.jpg,datasets_flow/dataset_cropped/09_Metas/19/17/20190919171700_00160.jpg,datasets_cloudmask/dataset_cropped/09_Metas/19/17/20190919171700_00160.png,293.9,445.9,126.9,26.6,960
9/19/2019 17:18,datasets/dataset_cropped/09_Metas/19/17/20190919171800_00160.jpg,datasets_flow/dataset_cropped/09_Metas/19/17/20190919171800_00160.jpg,datasets_cloudmask/dataset_cropped/09_Metas/19/17/20190919171800_00160.png,292.2,446.5,126.3,26.5,960
9/19/2019 17:19,datasets/dataset_cropped/09_Metas/19/17/20190919171900_00160.jpg,datasets_flow/dataset_cropped/09_Metas/19/17/20190919171900_00160.jpg,datasets_cloudmask/dataset_cropped/09_Metas/19/17/20190919171900_00160.png,288.5,442.7,125.1,26.4,960
9/19/2019 17:20,datasets/dataset_cropped/09_Metas/19/17/20190919172000_00160.jpg,datasets_flow/dataset_cropped/09_Metas/19/17/20190919172000_00160.jpg,datasets_cloudmask/dataset_cropped/09_Metas/19/17/20190919172000_00160.png,282.5,431,124.2,26.4,960
9/19/2019 17:21,datasets/dataset_cropped/09_Metas/19/17/20190919172100_00160.jpg,datasets_flow/dataset_cropped/09_Metas/19/17/20190919172100_00160.jpg,datasets_cloudmask/dataset_cropped/09_Metas/19/17/20190919172100_00160.png,195.3,198.6,122.6,26.4,959
9/19/2019 17:22,datasets/dataset_cropped/09_Metas/19/17/20190919172200_00160.jpg,datasets_flow/dataset_cropped/09_Metas/19/17/20190919172200_00160.jpg,datasets_cloudmask/dataset_cropped/09_Metas/19/17/20190919172200_00160.png,162.5,107.9,121.1,26.3,959
9/19/2019 17:23,datasets/dataset_cropped/09_Metas/19/17/20190919172300_00160.jpg,datasets_flow/dataset_cropped/09_Metas/19/17/20190919172300_00160.jpg,datasets_cloudmask/dataset_cropped/09_Metas/19/17/20190919172300_00160.png,147.4,78.5,119.5,26.4,960
9/19/2019 17:24,datasets/dataset_cropped/09_Metas/19/17/20190919172400_00160.jpg,datasets_flow/dataset_cropped/09_Metas/19/17/20190919172400_00160.jpg,datasets_cloudmask/dataset_cropped/09_Metas/19/17/20190919172400_00160.png,123.8,13.4,118.4,26.5,959
9/19/2019 17:25,datasets/dataset_cropped/09_Metas/19/17/20190919172500_00160.jpg,datasets_flow/dataset_cropped/09_Metas/19/17/20190919172500_00160.jpg,datasets_cloudmask/dataset_cropped/09_Metas/19/17/20190919172500_00160.png,157.2,111.7,118.5,26.4,959
9/19/2019 17:26,datasets/dataset_cropped/09_Metas/19/17/20190919172600_00160.jpg,datasets_flow/dataset_cropped/09_Metas/19/17/20190919172600_00160.jpg,datasets_cloudmask/dataset_cropped/09_Metas/19/17/20190919172600_00160.png,171,144,119.3,26.4,960
9/19/2019 17:27,datasets/dataset_cropped/09_Metas/19/17/20190919172700_00160.jpg,datasets_flow/dataset_cropped/09_Metas/19/17/20190919172700_00160.jpg,datasets_cloudmask/dataset_cropped/09_Metas/19/17/20190919172700_00160.png,247.8,364.7,122,26.3,960
9/19/2019 17:28,datasets/dataset_cropped/09_Metas/19/17/20190919172800_00160.jpg,datasets_flow/dataset_cropped/09_Metas/19/17/20190919172800_00160.jpg,datasets_cloudmask/dataset_cropped/09_Metas/19/17/20190919172800_00160.png,267.2,424.1,122.7,26.2,960
9/19/2019 17:29,datasets/dataset_cropped/09_Metas/19/17/20190919172900_00160.jpg,datasets_flow/dataset_cropped/09_Metas/19/17/20190919172900_00160.jpg,datasets_cloudmask/dataset_cropped/09_Metas/19/17/20190919172900_00160.png,265.6,424.3,122.5,26.2,960
9/19/2019 17:30,datasets/dataset_cropped/09_Metas/19/17/20190919173000_00160.jpg,datasets_flow/dataset_cropped/09_Metas/19/17/20190919173000_00160.jpg,datasets_cloudmask/dataset_cropped/09_Metas/19/17/20190919173000_00160.png,262.7,421.9,121.9,26.3,960
9/19/2019 17:31,datasets/dataset_cropped/09_Metas/19/17/20190919173100_00160.jpg,datasets_flow/dataset_cropped/09_Metas/19/17/20190919173100_00160.jpg,datasets_cloudmask/dataset_cropped/09_Metas/19/17/20190919173100_00160.png,260.2,420.3,121.4,26.2,960
9/19/2019 17:32,datasets/dataset_cropped/09_Metas/19/17/20190919173200_00160.jpg,datasets_flow/dataset_cropped/09_Metas/19/17/20190919173200_00160.jpg,datasets_cloudmask/dataset_cropped/09_Metas/19/17/20190919173200_00160.png,258,420.5,120.5,26.2,960
9/19/2019 17:33,datasets/dataset_cropped/09_Metas/19/17/20190919173300_00160.jpg,datasets_flow/dataset_cropped/09_Metas/19/17/20190919173300_00160.jpg,datasets_cloudmask/dataset_cropped/09_Metas/19/17/20190919173300_00160.png,255.2,417.7,120,26.1,960
9/19/2019 17:34,datasets/dataset_cropped/09_Metas/19/17/20190919173400_00160.jpg,datasets_flow/dataset_cropped/09_Metas/19/17/20190919173400_00160.jpg,datasets_cloudmask/dataset_cropped/09_Metas/19/17/20190919173400_00160.png,248.8,404.1,119,26,960
9/19/2019 17:35,datasets/dataset_cropped/09_Metas/19/17/20190919173500_00160.jpg,datasets_flow/dataset_cropped/09_Metas/19/17/20190919173500_00160.jpg,datasets_cloudmask/dataset_cropped/09_Metas/19/17/20190919173500_00160.png,240.5,385.9,117.8,25.9,960
9/19/2019 17:36,datasets/dataset_cropped/09_Metas/19/17/20190919173600_00160.jpg,datasets_flow/dataset_cropped/09_Metas/19/17/20190919173600_00160.jpg,datasets_cloudmask/dataset_cropped/09_Metas/19/17/20190919173600_00160.png,237.3,384.3,116.3,25.9,960
9/19/2019 17:37,datasets/dataset_cropped/09_Metas/19/17/20190919173700_00160.jpg,datasets_flow/dataset_cropped/09_Metas/19/17/20190919173700_00160.jpg,datasets_cloudmask/dataset_cropped/09_Metas/19/17/20190919173700_00160.png,233.6,379.2,115.1,25.8,960
9/19/2019 17:38,datasets/dataset_cropped/09_Metas/19/17/20190919173800_00160.jpg,datasets_flow/dataset_cropped/09_Metas/19/17/20190919173800_00160.jpg,datasets_cloudmask/dataset_cropped/09_Metas/19/17/20190919173800_00160.png,226.3,364.4,113.6,25.8,960
9/19/2019 17:39,datasets/dataset_cropped/09_Metas/19/17/20190919173900_00160.jpg,datasets_flow/dataset_cropped/09_Metas/19/17/20190919173900_00160.jpg,datasets_cloudmask/dataset_cropped/09_Metas/19/17/20190919173900_00160.png,215.6,338.9,111.8,25.7,960
9/19/2019 17:40,datasets/dataset_cropped/09_Metas/19/17/20190919174000_00160.jpg,datasets_flow/dataset_cropped/09_Metas/19/17/20190919174000_00160.jpg,datasets_cloudmask/dataset_cropped/09_Metas/19/17/20190919174000_00160.png,203.1,311.3,109.1,25.7,960
9/19/2019 17:41,datasets/dataset_cropped/09_Metas/19/17/20190919174100_00160.jpg,datasets_flow/dataset_cropped/09_Metas/19/17/20190919174100_00160.jpg,datasets_cloudmask/dataset_cropped/09_Metas/19/17/20190919174100_00160.png,197.6,311.7,104.5,25.7,960
9/19/2019 17:42,datasets/dataset_cropped/09_Metas/19/17/20190919174200_00160.jpg,datasets_flow/dataset_cropped/09_Metas/19/17/20190919174200_00160.jpg,datasets_cloudmask/dataset_cropped/09_Metas/19/17/20190919174200_00160.png,134.9,111.7,99.9,25.7,960
9/19/2019 17:43,datasets/dataset_cropped/09_Metas/19/17/20190919174300_00160.jpg,datasets_flow/dataset_cropped/09_Metas/19/17/20190919174300_00160.jpg,datasets_cloudmask/dataset_cropped/09_Metas/19/17/20190919174300_00160.png,140.2,155.2,95.4,25.7,960
9/19/2019 17:44,datasets/dataset_cropped/09_Metas/19/17/20190919174400_00160.jpg,datasets_flow/dataset_cropped/09_Metas/19/17/20190919174400_00160.jpg,datasets_cloudmask/dataset_cropped/09_Metas/19/17/20190919174400_00160.png,140.9,162.7,92.7,25.7,960
9/19/2019 17:45,datasets/dataset_cropped/09_Metas/19/17/20190919174500_00160.jpg,datasets_flow/dataset_cropped/09_Metas/19/17/20190919174500_00160.jpg,datasets_cloudmask/dataset_cropped/09_Metas/19/17/20190919174500_00160.png,98,20.5,91.5,25.6,960
9/19/2019 17:46,datasets/dataset_cropped/09_Metas/19/17/20190919174600_00160.jpg,datasets_flow/dataset_cropped/09_Metas/19/17/20190919174600_00160.jpg,datasets_cloudmask/dataset_cropped/09_Metas/19/17/20190919174600_00160.png,92.5,2.7,91.5,25.5,960
9/19/2019 17:47,datasets/dataset_cropped/09_Metas/19/17/20190919174700_00160.jpg,datasets_flow/dataset_cropped/09_Metas/19/17/20190919174700_00160.jpg,datasets_cloudmask/dataset_cropped/09_Metas/19/17/20190919174700_00160.png,92.2,1.3,91.5,25.4,960
9/19/2019 17:48,datasets/dataset_cropped/09_Metas/19/17/20190919174800_00160.jpg,datasets_flow/dataset_cropped/09_Metas/19/17/20190919174800_00160.jpg,datasets_cloudmask/dataset_cropped/09_Metas/19/17/20190919174800_00160.png,94.5,4,93,25.4,960
9/19/2019 17:49,datasets/dataset_cropped/09_Metas/19/17/20190919174900_00160.jpg,datasets_flow/dataset_cropped/09_Metas/19/17/20190919174900_00160.jpg,datasets_cloudmask/dataset_cropped/09_Metas/19/17/20190919174900_00160.png,102.8,20,96.8,25.4,960
9/19/2019 17:50,datasets/dataset_cropped/09_Metas/19/17/20190919175000_00160.jpg,datasets_flow/dataset_cropped/09_Metas/19/17/20190919175000_00160.jpg,datasets_cloudmask/dataset_cropped/09_Metas/19/17/20190919175000_00160.png,136.7,135.9,99.7,25.5,960
9/19/2019 17:51,datasets/dataset_cropped/09_Metas/19/17/20190919175100_00160.jpg,datasets_flow/dataset_cropped/09_Metas/19/17/20190919175100_00160.jpg,datasets_cloudmask/dataset_cropped/09_Metas/19/17/20190919175100_00160.png,178.6,292.9,100.8,25.5,960
9/19/2019 17:52,datasets/dataset_cropped/09_Metas/19/17/20190919175200_00160.jpg,datasets_flow/dataset_cropped/09_Metas/19/17/20190919175200_00160.jpg,datasets_cloudmask/dataset_cropped/09_Metas/19/17/20190919175200_00160.png,174.3,280.8,100.3,25.5,960
9/19/2019 17:53,datasets/dataset_cropped/09_Metas/19/17/20190919175300_00160.jpg,datasets_flow/dataset_cropped/09_Metas/19/17/20190919175300_00160.jpg,datasets_cloudmask/dataset_cropped/09_Metas/19/17/20190919175300_00160.png,178.5,307.3,98.8,25.6,960
9/19/2019 17:54,datasets/dataset_cropped/09_Metas/19/17/20190919175400_00160.jpg,datasets_flow/dataset_cropped/09_Metas/19/17/20190919175400_00160.jpg,datasets_cloudmask/dataset_cropped/09_Metas/19/17/20190919175400_00160.png,159.2,243.5,96.9,25.4,960
9/19/2019 17:55,datasets/dataset_cropped/09_Metas/19/17/20190919175500_00160.jpg,datasets_flow/dataset_cropped/09_Metas/19/17/20190919175500_00160.jpg,datasets_cloudmask/dataset_cropped/09_Metas/19/17/20190919175500_00160.png,175.4,316.6,95.4,25.4,960
9/19/2019 17:56,datasets/dataset_cropped/09_Metas/19/17/20190919175600_00160.jpg,datasets_flow/dataset_cropped/09_Metas/19/17/20190919175600_00160.jpg,datasets_cloudmask/dataset_cropped/09_Metas/19/17/20190919175600_00160.png,168.4,300.2,93.5,25.4,960
9/19/2019 17:57,datasets/dataset_cropped/09_Metas/19/17/20190919175700_00160.jpg,datasets_flow/dataset_cropped/09_Metas/19/17/20190919175700_00160.jpg,datasets_cloudmask/dataset_cropped/09_Metas/19/17/20190919175700_00160.png,165.3,295.6,92.7,25.4,960
9/19/2019 17:58,datasets/dataset_cropped/09_Metas/19/17/20190919175800_00160.jpg,datasets_flow/dataset_cropped/09_Metas/19/17/20190919175800_00160.jpg,datasets_cloudmask/dataset_cropped/09_Metas/19/17/20190919175800_00160.png,162.8,293,91.9,25.4,960
9/19/2019 17:59,datasets/dataset_cropped/09_Metas/19/17/20190919175900_00160.jpg,datasets_flow/dataset_cropped/09_Metas/19/17/20190919175900_00160.jpg,datasets_cloudmask/dataset_cropped/09_Metas/19/17/20190919175900_00160.png,160.3,291.7,90.7,25.4,960
9/19/2019 18:00,datasets/dataset_cropped/09_Metas/19/18/20190919180000_00160.jpg,datasets_flow/dataset_cropped/09_Metas/19/18/20190919180000_00160.jpg,datasets_cloudmask/dataset_cropped/09_Metas/19/18/20190919180000_00160.png,156.1,283,89.5,25.4,960
9/19/2019 18:01,datasets/dataset_cropped/09_Metas/19/18/20190919180100_00160.jpg,datasets_flow/dataset_cropped/09_Metas/19/18/20190919180100_00160.jpg,datasets_cloudmask/dataset_cropped/09_Metas/19/18/20190919180100_00160.png,152.4,275.2,88.7,25.3,960
9/19/2019 18:02,datasets/dataset_cropped/09_Metas/19/18/20190919180200_00160.jpg,datasets_flow/dataset_cropped/09_Metas/19/18/20190919180200_00160.jpg,datasets_cloudmask/dataset_cropped/09_Metas/19/18/20190919180200_00160.png,149.5,267.7,88.2,25.4,960
9/19/2019 18:03,datasets/dataset_cropped/09_Metas/19/18/20190919180300_00160.jpg,datasets_flow/dataset_cropped/09_Metas/19/18/20190919180300_00160.jpg,datasets_cloudmask/dataset_cropped/09_Metas/19/18/20190919180300_00160.png,146.8,260.9,87.8,25.4,960
9/19/2019 18:04,datasets/dataset_cropped/09_Metas/19/18/20190919180400_00160.jpg,datasets_flow/dataset_cropped/09_Metas/19/18/20190919180400_00160.jpg,datasets_cloudmask/dataset_cropped/09_Metas/19/18/20190919180400_00160.png,146.8,265.8,87.3,25.4,960
9/19/2019 18:05,datasets/dataset_cropped/09_Metas/19/18/20190919180500_00160.jpg,datasets_flow/dataset_cropped/09_Metas/19/18/20190919180500_00160.jpg,datasets_cloudmask/dataset_cropped/09_Metas/19/18/20190919180500_00160.png,142.2,253.6,86.3,25.4,960
9/19/2019 18:06,datasets/dataset_cropped/09_Metas/19/18/20190919180600_00160.jpg,datasets_flow/dataset_cropped/09_Metas/19/18/20190919180600_00160.jpg,datasets_cloudmask/dataset_cropped/09_Metas/19/18/20190919180600_00160.png,139.6,253.8,84.6,25.5,960
9/19/2019 18:07,datasets/dataset_cropped/09_Metas/19/18/20190919180700_00160.jpg,datasets_flow/dataset_cropped/09_Metas/19/18/20190919180700_00160.jpg,datasets_cloudmask/dataset_cropped/09_Metas/19/18/20190919180700_00160.png,137.6,256.5,82.9,25.4,960
9/19/2019 18:08,datasets/dataset_cropped/09_Metas/19/18/20190919180800_00160.jpg,datasets_flow/dataset_cropped/09_Metas/19/18/20190919180800_00160.jpg,datasets_cloudmask/dataset_cropped/09_Metas/19/18/20190919180800_00160.png,134.7,256.2,81,25.3,960
9/19/2019 18:09,datasets/dataset_cropped/09_Metas/19/18/20190919180900_00160.jpg,datasets_flow/dataset_cropped/09_Metas/19/18/20190919180900_00160.jpg,datasets_cloudmask/dataset_cropped/09_Metas/19/18/20190919180900_00160.png,131.3,253.5,78.8,25.3,960
9/19/2019 18:10,datasets/dataset_cropped/09_Metas/19/18/20190919181000_00160.jpg,datasets_flow/dataset_cropped/09_Metas/19/18/20190919181000_00160.jpg,datasets_cloudmask/dataset_cropped/09_Metas/19/18/20190919181000_00160.png,127.6,248.9,76.9,25.2,960
9/19/2019 18:11,datasets/dataset_cropped/09_Metas/19/18/20190919181100_00160.jpg,datasets_flow/dataset_cropped/09_Metas/19/18/20190919181100_00160.jpg,datasets_cloudmask/dataset_cropped/09_Metas/19/18/20190919181100_00160.png,122.8,237.9,75.1,25.2,960
9/19/2019 18:12,datasets/dataset_cropped/09_Metas/19/18/20190919181200_00160.jpg,datasets_flow/dataset_cropped/09_Metas/19/18/20190919181200_00160.jpg,datasets_cloudmask/dataset_cropped/09_Metas/19/18/20190919181200_00160.png,117.2,221.2,73.5,25.1,960
9/19/2019 18:13,datasets/dataset_cropped/09_Metas/19/18/20190919181300_00160.jpg,datasets_flow/dataset_cropped/09_Metas/19/18/20190919181300_00160.jpg,datasets_cloudmask/dataset_cropped/09_Metas/19/18/20190919181300_00160.png,111.7,204.7,72.1,25.1,960
9/19/2019 18:14,datasets/dataset_cropped/09_Metas/19/18/20190919181400_00160.jpg,datasets_flow/dataset_cropped/09_Metas/19/18/20190919181400_00160.jpg,datasets_cloudmask/dataset_cropped/09_Metas/19/18/20190919181400_00160.png,107,190.4,70.8,25.1,960
9/19/2019 18:15,datasets/dataset_cropped/09_Metas/19/18/20190919181500_00160.jpg,datasets_flow/dataset_cropped/09_Metas/19/18/20190919181500_00160.jpg,datasets_cloudmask/dataset_cropped/09_Metas/19/18/20190919181500_00160.png,105.5,191.2,69.8,25,960
9/19/2019 18:16,datasets/dataset_cropped/09_Metas/19/18/20190919181600_00160.jpg,datasets_flow/dataset_cropped/09_Metas/19/18/20190919181600_00160.jpg,datasets_cloudmask/dataset_cropped/09_Metas/19/18/20190919181600_00160.png,105.5,199.3,69,25,960
9/19/2019 18:17,datasets/dataset_cropped/09_Metas/19/18/20190919181700_00160.jpg,datasets_flow/dataset_cropped/09_Metas/19/18/20190919181700_00160.jpg,datasets_cloudmask/dataset_cropped/09_Metas/19/18/20190919181700_00160.png,104,200.4,67.9,25,960
9/19/2019 18:18,datasets/dataset_cropped/09_Metas/19/18/20190919181800_00160.jpg,datasets_flow/dataset_cropped/09_Metas/19/18/20190919181800_00160.jpg,datasets_cloudmask/dataset_cropped/09_Metas/19/18/20190919181800_00160.png,102.1,200.6,66.7,25,960
9/19/2019 18:19,datasets/dataset_cropped/09_Metas/19/18/20190919181900_00160.jpg,datasets_flow/dataset_cropped/09_Metas/19/18/20190919181900_00160.jpg,datasets_cloudmask/dataset_cropped/09_Metas/19/18/20190919181900_00160.png,100,200,65.5,24.9,960
9/19/2019 18:20,datasets/dataset_cropped/09_Metas/19/18/20190919182000_00160.jpg,datasets_flow/dataset_cropped/09_Metas/19/18/20190919182000_00160.jpg,datasets_cloudmask/dataset_cropped/09_Metas/19/18/20190919182000_00160.png,98,201,64.1,24.9,960
9/19/2019 18:21,datasets/dataset_cropped/09_Metas/19/18/20190919182100_00160.jpg,datasets_flow/dataset_cropped/09_Metas/19/18/20190919182100_00160.jpg,datasets_cloudmask/dataset_cropped/09_Metas/19/18/20190919182100_00160.png,95.4,198.9,62.4,24.8,960
9/19/2019 18:22,datasets/dataset_cropped/09_Metas/19/18/20190919182200_00160.jpg,datasets_flow/dataset_cropped/09_Metas/19/18/20190919182200_00160.jpg,datasets_cloudmask/dataset_cropped/09_Metas/19/18/20190919182200_00160.png,92.5,194.6,60.8,24.8,960
9/19/2019 18:23,datasets/dataset_cropped/09_Metas/19/18/20190919182300_00160.jpg,datasets_flow/dataset_cropped/09_Metas/19/18/20190919182300_00160.jpg,datasets_cloudmask/dataset_cropped/09_Metas/19/18/20190919182300_00160.png,89.4,189.2,59.2,24.8,960
9/19/2019 18:24,datasets/dataset_cropped/09_Metas/19/18/20190919182400_00160.jpg,datasets_flow/dataset_cropped/09_Metas/19/18/20190919182400_00160.jpg,datasets_cloudmask/dataset_cropped/09_Metas/19/18/20190919182400_00160.png,86.6,184.9,57.6,24.7,960
9/19/2019 18:25,datasets/dataset_cropped/09_Metas/19/18/20190919182500_00160.jpg,datasets_flow/dataset_cropped/09_Metas/19/18/20190919182500_00160.jpg,datasets_cloudmask/dataset_cropped/09_Metas/19/18/20190919182500_00160.png,84,181.4,56.1,24.6,960
9/19/2019 18:26,datasets/dataset_cropped/09_Metas/19/18/20190919182600_00160.jpg,datasets_flow/dataset_cropped/09_Metas/19/18/20190919182600_00160.jpg,datasets_cloudmask/dataset_cropped/09_Metas/19/18/20190919182600_00160.png,80.9,174.3,54.7,24.6,960
9/19/2019 18:27,datasets/dataset_cropped/09_Metas/19/18/20190919182700_00160.jpg,datasets_flow/dataset_cropped/09_Metas/19/18/20190919182700_00160.jpg,datasets_cloudmask/dataset_cropped/09_Metas/19/18/20190919182700_00160.png,77.3,163.3,53.3,24.6,960
9/19/2019 18:28,datasets/dataset_cropped/09_Metas/19/18/20190919182800_00160.jpg,datasets_flow/dataset_cropped/09_Metas/19/18/20190919182800_00160.jpg,datasets_cloudmask/dataset_cropped/09_Metas/19/18/20190919182800_00160.png,74.1,154.5,52,24.6,960
9/19/2019 18:29,datasets/dataset_cropped/09_Metas/19/18/20190919182900_00160.jpg,datasets_flow/dataset_cropped/09_Metas/19/18/20190919182900_00160.jpg,datasets_cloudmask/dataset_cropped/09_Metas/19/18/20190919182900_00160.png,71.4,148.3,50.7,24.5,960
9/19/2019 18:30,datasets/dataset_cropped/09_Metas/19/18/20190919183000_00160.jpg,datasets_flow/dataset_cropped/09_Metas/19/18/20190919183000_00160.jpg,datasets_cloudmask/dataset_cropped/09_Metas/19/18/20190919183000_00160.png,68.6,140.1,49.5,24.4,960
9/19/2019 18:31,datasets/dataset_cropped/09_Metas/19/18/20190919183100_00160.jpg,datasets_flow/dataset_cropped/09_Metas/19/18/20190919183100_00160.jpg,datasets_cloudmask/dataset_cropped/09_Metas/19/18/20190919183100_00160.png,65.2,127,48.2,24.4,960
9/19/2019 18:32,datasets/dataset_cropped/09_Metas/19/18/20190919183200_00160.jpg,datasets_flow/dataset_cropped/09_Metas/19/18/20190919183200_00160.jpg,datasets_cloudmask/dataset_cropped/09_Metas/19/18/20190919183200_00160.png,61.3,110.2,47,24.4,960
9/19/2019 18:33,datasets/dataset_cropped/09_Metas/19/18/20190919183300_00160.jpg,datasets_flow/dataset_cropped/09_Metas/19/18/20190919183300_00160.jpg,datasets_cloudmask/dataset_cropped/09_Metas/19/18/20190919183300_00160.png,57,88,45.8,24.4,960
9/19/2019 18:34,datasets/dataset_cropped/09_Metas/19/18/20190919183400_00160.jpg,datasets_flow/dataset_cropped/09_Metas/19/18/20190919183400_00160.jpg,datasets_cloudmask/dataset_cropped/09_Metas/19/18/20190919183400_00160.png,55.5,86.3,44.7,24.4,960
9/19/2019 18:35,datasets/dataset_cropped/09_Metas/19/18/20190919183500_00160.jpg,datasets_flow/dataset_cropped/09_Metas/19/18/20190919183500_00160.jpg,datasets_cloudmask/dataset_cropped/09_Metas/19/18/20190919183500_00160.png,54.8,92.8,43.6,24.3,960
9/19/2019 18:36,datasets/dataset_cropped/09_Metas/19/18/20190919183600_00160.jpg,datasets_flow/dataset_cropped/09_Metas/19/18/20190919183600_00160.jpg,datasets_cloudmask/dataset_cropped/09_Metas/19/18/20190919183600_00160.png,53.5,95.7,42.4,24.3,960
9/19/2019 18:37,datasets/dataset_cropped/09_Metas/19/18/20190919183700_00160.jpg,datasets_flow/dataset_cropped/09_Metas/19/18/20190919183700_00160.jpg,datasets_cloudmask/dataset_cropped/09_Metas/19/18/20190919183700_00160.png,52,96.2,41.1,24.3,960
9/19/2019 18:38,datasets/dataset_cropped/09_Metas/19/18/20190919183800_00160.jpg,datasets_flow/dataset_cropped/09_Metas/19/18/20190919183800_00160.jpg,datasets_cloudmask/dataset_cropped/09_Metas/19/18/20190919183800_00160.png,50.2,93.9,39.9,24.2,960
9/19/2019 18:39,datasets/dataset_cropped/09_Metas/19/18/20190919183900_00160.jpg,datasets_flow/dataset_cropped/09_Metas/19/18/20190919183900_00160.jpg,datasets_cloudmask/dataset_cropped/09_Metas/19/18/20190919183900_00160.png,48,88.7,38.6,24.2,960
9/19/2019 18:40,datasets/dataset_cropped/09_Metas/19/18/20190919184000_00160.jpg,datasets_flow/dataset_cropped/09_Metas/19/18/20190919184000_00160.jpg,datasets_cloudmask/dataset_cropped/09_Metas/19/18/20190919184000_00160.png,46,85.4,37.3,24.2,960
9/19/2019 18:41,datasets/dataset_cropped/09_Metas/19/18/20190919184100_00160.jpg,datasets_flow/dataset_cropped/09_Metas/19/18/20190919184100_00160.jpg,datasets_cloudmask/dataset_cropped/09_Metas/19/18/20190919184100_00160.png,44,82.1,35.8,24.2,960
9/19/2019 18:42,datasets/dataset_cropped/09_Metas/19/18/20190919184200_00160.jpg,datasets_flow/dataset_cropped/09_Metas/19/18/20190919184200_00160.jpg,datasets_cloudmask/dataset_cropped/09_Metas/19/18/20190919184200_00160.png,42.1,78.5,34.5,24.1,960
9/19/2019 18:43,datasets/dataset_cropped/09_Metas/19/18/20190919184300_00160.jpg,datasets_flow/dataset_cropped/09_Metas/19/18/20190919184300_00160.jpg,datasets_cloudmask/dataset_cropped/09_Metas/19/18/20190919184300_00160.png,40.2,74,33.3,24.1,960
9/19/2019 18:44,datasets/dataset_cropped/09_Metas/19/18/20190919184400_00160.jpg,datasets_flow/dataset_cropped/09_Metas/19/18/20190919184400_00160.jpg,datasets_cloudmask/dataset_cropped/09_Metas/19/18/20190919184400_00160.png,38.1,68.2,32.1,24.1,960
9/19/2019 18:45,datasets/dataset_cropped/09_Metas/19/18/20190919184500_00160.jpg,datasets_flow/dataset_cropped/09_Metas/19/18/20190919184500_00160.jpg,datasets_cloudmask/dataset_cropped/09_Metas/19/18/20190919184500_00160.png,36.3,63.4,30.9,24.1,960
9/19/2019 18:46,datasets/dataset_cropped/09_Metas/19/18/20190919184600_00160.jpg,datasets_flow/dataset_cropped/09_Metas/19/18/20190919184600_00160.jpg,datasets_cloudmask/dataset_cropped/09_Metas/19/18/20190919184600_00160.png,34.5,58.4,29.6,24,960
9/19/2019 18:47,datasets/dataset_cropped/09_Metas/19/18/20190919184700_00160.jpg,datasets_flow/dataset_cropped/09_Metas/19/18/20190919184700_00160.jpg,datasets_cloudmask/dataset_cropped/09_Metas/19/18/20190919184700_00160.png,32.3,48.4,28.4,24,960
9/19/2019 18:48,datasets/dataset_cropped/09_Metas/19/18/20190919184800_00160.jpg,datasets_flow/dataset_cropped/09_Metas/19/18/20190919184800_00160.jpg,datasets_cloudmask/dataset_cropped/09_Metas/19/18/20190919184800_00160.png,28.7,26.5,26.5,24,960
9/19/2019 18:49,datasets/dataset_cropped/09_Metas/19/18/20190919184900_00160.jpg,datasets_flow/dataset_cropped/09_Metas/19/18/20190919184900_00160.jpg,datasets_cloudmask/dataset_cropped/09_Metas/19/18/20190919184900_00160.png,24.6,10.3,23.7,24,960
9/19/2019 18:50,datasets/dataset_cropped/09_Metas/19/18/20190919185000_00160.jpg,datasets_flow/dataset_cropped/09_Metas/19/18/20190919185000_00160.jpg,datasets_cloudmask/dataset_cropped/09_Metas/19/18/20190919185000_00160.png,21.3,7.8,20.6,24,960
9/19/2019 18:51,datasets/dataset_cropped/09_Metas/19/18/20190919185100_00160.jpg,datasets_flow/dataset_cropped/09_Metas/19/18/20190919185100_00160.jpg,datasets_cloudmask/dataset_cropped/09_Metas/19/18/20190919185100_00160.png,18.7,5.1,18.1,23.9,960
9/19/2019 18:52,datasets/dataset_cropped/09_Metas/19/18/20190919185200_00160.jpg,datasets_flow/dataset_cropped/09_Metas/19/18/20190919185200_00160.jpg,datasets_cloudmask/dataset_cropped/09_Metas/19/18/20190919185200_00160.png,16.5,2,16.1,23.9,960
9/19/2019 18:53,datasets/dataset_cropped/09_Metas/19/18/20190919185300_00160.jpg,datasets_flow/dataset_cropped/09_Metas/19/18/20190919185300_00160.jpg,datasets_cloudmask/dataset_cropped/09_Metas/19/18/20190919185300_00160.png,14.8,1,14.6,23.8,960
9/19/2019 18:54,datasets/dataset_cropped/09_Metas/19/18/20190919185400_00160.jpg,datasets_flow/dataset_cropped/09_Metas/19/18/20190919185400_00160.jpg,datasets_cloudmask/dataset_cropped/09_Metas/19/18/20190919185400_00160.png,13.7,1,13.5,23.8,960
9/19/2019 18:55,datasets/dataset_cropped/09_Metas/19/18/20190919185500_00160.jpg,datasets_flow/dataset_cropped/09_Metas/19/18/20190919185500_00160.jpg,datasets_cloudmask/dataset_cropped/09_Metas/19/18/20190919185500_00160.png,13,0.6,12.8,23.7,960
9/19/2019 18:56,datasets/dataset_cropped/09_Metas/19/18/20190919185600_00160.jpg,datasets_flow/dataset_cropped/09_Metas/19/18/20190919185600_00160.jpg,datasets_cloudmask/dataset_cropped/09_Metas/19/18/20190919185600_00160.png,12.3,0.1,12.1,23.7,960
9/19/2019 18:57,datasets/dataset_cropped/09_Metas/19/18/20190919185700_00160.jpg,datasets_flow/dataset_cropped/09_Metas/19/18/20190919185700_00160.jpg,datasets_cloudmask/dataset_cropped/09_Metas/19/18/20190919185700_00160.png,11.6,0.1,11.4,23.7,960
9/19/2019 18:58,datasets/dataset_cropped/09_Metas/19/18/20190919185800_00160.jpg,datasets_flow/dataset_cropped/09_Metas/19/18/20190919185800_00160.jpg,datasets_cloudmask/dataset_cropped/09_Metas/19/18/20190919185800_00160.png,11,0.1,10.8,23.7,960
9/19/2019 18:59,datasets/dataset_cropped/09_Metas/19/18/20190919185900_00160.jpg,datasets_flow/dataset_cropped/09_Metas/19/18/20190919185900_00160.jpg,datasets_cloudmask/dataset_cropped/09_Metas/19/18/20190919185900_00160.png,10.3,0,10.2,23.7,960
9/19/2019 19:00,datasets/dataset_cropped/09_Metas/19/19/20190919190000_00160.jpg,datasets_flow/dataset_cropped/09_Metas/19/19/20190919190000_00160.jpg,datasets_cloudmask/dataset_cropped/09_Metas/19/19/20190919190000_00160.png,9.5,0,9.4,23.6,960
9/19/2019 19:01,datasets/dataset_cropped/09_Metas/19/19/20190919190100_00160.jpg,datasets_flow/dataset_cropped/09_Metas/19/19/20190919190100_00160.jpg,datasets_cloudmask/dataset_cropped/09_Metas/19/19/20190919190100_00160.png,8.6,0,8.4,23.6,960
9/19/2019 19:02,datasets/dataset_cropped/09_Metas/19/19/20190919190200_00160.jpg,datasets_flow/dataset_cropped/09_Metas/19/19/20190919190200_00160.jpg,datasets_cloudmask/dataset_cropped/09_Metas/19/19/20190919190200_00160.png,7.7,0,7.5,23.6,960
9/19/2019 19:03,datasets/dataset_cropped/09_Metas/19/19/20190919190300_00160.jpg,datasets_flow/dataset_cropped/09_Metas/19/19/20190919190300_00160.jpg,datasets_cloudmask/dataset_cropped/09_Metas/19/19/20190919190300_00160.png,6.7,0,6.6,23.5,960
9/19/2019 19:04,datasets/dataset_cropped/09_Metas/19/19/20190919190400_00160.jpg,datasets_flow/dataset_cropped/09_Metas/19/19/20190919190400_00160.jpg,datasets_cloudmask/dataset_cropped/09_Metas/19/19/20190919190400_00160.png,5.8,0,5.6,23.4,960
9/19/2019 19:05,datasets/dataset_cropped/09_Metas/19/19/20190919190500_00160.jpg,datasets_flow/dataset_cropped/09_Metas/19/19/20190919190500_00160.jpg,datasets_cloudmask/dataset_cropped/09_Metas/19/19/20190919190500_00160.png,4.8,0,4.6,23.4,960
9/19/2019 19:06,datasets/dataset_cropped/09_Metas/19/19/20190919190600_00160.jpg,datasets_flow/dataset_cropped/09_Metas/19/19/20190919190600_00160.jpg,datasets_cloudmask/dataset_cropped/09_Metas/19/19/20190919190600_00160.png,4.1,0,3.9,23.4,960
9/19/2019 19:07,datasets/dataset_cropped/09_Metas/19/19/20190919190700_00160.jpg,datasets_flow/dataset_cropped/09_Metas/19/19/20190919190700_00160.jpg,datasets_cloudmask/dataset_cropped/09_Metas/19/19/20190919190700_00160.png,3.5,0,3.3,23.4,960
9/19/2019 19:08,datasets/dataset_cropped/09_Metas/19/19/20190919190800_00160.jpg,datasets_flow/dataset_cropped/09_Metas/19/19/20190919190800_00160.jpg,datasets_cloudmask/dataset_cropped/09_Metas/19/19/20190919190800_00160.png,3,0,2.8,23.3,960
9/19/2019 19:09,datasets/dataset_cropped/09_Metas/19/19/20190919190900_00160.jpg,datasets_flow/dataset_cropped/09_Metas/19/19/20190919190900_00160.jpg,datasets_cloudmask/dataset_cropped/09_Metas/19/19/20190919190900_00160.png,2.6,0,2.4,23.3,960
9/19/2019 19:10,datasets/dataset_cropped/09_Metas/19/19/20190919191000_00160.jpg,datasets_flow/dataset_cropped/09_Metas/19/19/20190919191000_00160.jpg,datasets_cloudmask/dataset_cropped/09_Metas/19/19/20190919191000_00160.png,2.2,0,2,23.3,960
9/20/2019 6:57,datasets/dataset_cropped/09_Metas/20/06/20190920065700_00160.jpg,datasets_flow/dataset_cropped/09_Metas/20/06/20190920065700_00160.jpg,datasets_cloudmask/dataset_cropped/09_Metas/20/06/20190920065700_00160.png,1.9,0,1.9,18.8,960
9/20/2019 6:58,datasets/dataset_cropped/09_Metas/20/06/20190920065800_00160.jpg,datasets_flow/dataset_cropped/09_Metas/20/06/20190920065800_00160.jpg,datasets_cloudmask/dataset_cropped/09_Metas/20/06/20190920065800_00160.png,2.3,0,2.3,18.8,960
9/20/2019 6:59,datasets/dataset_cropped/09_Metas/20/06/20190920065900_00160.jpg,datasets_flow/dataset_cropped/09_Metas/20/06/20190920065900_00160.jpg,datasets_cloudmask/dataset_cropped/09_Metas/20/06/20190920065900_00160.png,2.7,0,2.6,18.8,959
9/20/2019 7:00,datasets/dataset_cropped/09_Metas/20/07/20190920070000_00160.jpg,datasets_flow/dataset_cropped/09_Metas/20/07/20190920070000_00160.jpg,datasets_cloudmask/dataset_cropped/09_Metas/20/07/20190920070000_00160.png,3.3,0,3.3,18.8,960
9/20/2019 7:01,datasets/dataset_cropped/09_Metas/20/07/20190920070100_00160.jpg,datasets_flow/dataset_cropped/09_Metas/20/07/20190920070100_00160.jpg,datasets_cloudmask/dataset_cropped/09_Metas/20/07/20190920070100_00160.png,4.2,0,4.1,18.8,960
9/20/2019 7:02,datasets/dataset_cropped/09_Metas/20/07/20190920070200_00160.jpg,datasets_flow/dataset_cropped/09_Metas/20/07/20190920070200_00160.jpg,datasets_cloudmask/dataset_cropped/09_Metas/20/07/20190920070200_00160.png,5.2,0.1,5.1,18.8,960
9/20/2019 7:03,datasets/dataset_cropped/09_Metas/20/07/20190920070300_00160.jpg,datasets_flow/dataset_cropped/09_Metas/20/07/20190920070300_00160.jpg,datasets_cloudmask/dataset_cropped/09_Metas/20/07/20190920070300_00160.png,6.4,1.3,6.4,18.8,959
9/20/2019 7:04,datasets/dataset_cropped/09_Metas/20/07/20190920070400_00160.jpg,datasets_flow/dataset_cropped/09_Metas/20/07/20190920070400_00160.jpg,datasets_cloudmask/dataset_cropped/09_Metas/20/07/20190920070400_00160.png,7.6,3.6,7.5,18.8,960
9/20/2019 7:05,datasets/dataset_cropped/09_Metas/20/07/20190920070500_00160.jpg,datasets_flow/dataset_cropped/09_Metas/20/07/20190920070500_00160.jpg,datasets_cloudmask/dataset_cropped/09_Metas/20/07/20190920070500_00160.png,8.5,5.4,8.3,18.8,960
9/20/2019 7:06,datasets/dataset_cropped/09_Metas/20/07/20190920070600_00160.jpg,datasets_flow/dataset_cropped/09_Metas/20/07/20190920070600_00160.jpg,datasets_cloudmask/dataset_cropped/09_Metas/20/07/20190920070600_00160.png,9.3,5.9,9.2,18.8,960
9/20/2019 7:07,datasets/dataset_cropped/09_Metas/20/07/20190920070700_00160.jpg,datasets_flow/dataset_cropped/09_Metas/20/07/20190920070700_00160.jpg,datasets_cloudmask/dataset_cropped/09_Metas/20/07/20190920070700_00160.png,10.3,8.4,10.1,18.8,960
9/20/2019 7:08,datasets/dataset_cropped/09_Metas/20/07/20190920070800_00160.jpg,datasets_flow/dataset_cropped/09_Metas/20/07/20190920070800_00160.jpg,datasets_cloudmask/dataset_cropped/09_Metas/20/07/20190920070800_00160.png,10.8,12.8,10.4,18.8,960
9/20/2019 7:09,datasets/dataset_cropped/09_Metas/20/07/20190920070900_00160.jpg,datasets_flow/dataset_cropped/09_Metas/20/07/20190920070900_00160.jpg,datasets_cloudmask/dataset_cropped/09_Metas/20/07/20190920070900_00160.png,10.6,10.6,10.2,18.8,960
9/20/2019 7:10,datasets/dataset_cropped/09_Metas/20/07/20190920071000_00160.jpg,datasets_flow/dataset_cropped/09_Metas/20/07/20190920071000_00160.jpg,datasets_cloudmask/dataset_cropped/09_Metas/20/07/20190920071000_00160.png,10.5,3.6,10.4,18.9,960
9/20/2019 7:11,datasets/dataset_cropped/09_Metas/20/07/20190920071100_00160.jpg,datasets_flow/dataset_cropped/09_Metas/20/07/20190920071100_00160.jpg,datasets_cloudmask/dataset_cropped/09_Metas/20/07/20190920071100_00160.png,11.1,0.8,11.1,18.8,960
9/20/2019 7:12,datasets/dataset_cropped/09_Metas/20/07/20190920071200_00160.jpg,datasets_flow/dataset_cropped/09_Metas/20/07/20190920071200_00160.jpg,datasets_cloudmask/dataset_cropped/09_Metas/20/07/20190920071200_00160.png,12,0.3,12.1,18.8,960
9/20/2019 7:13,datasets/dataset_cropped/09_Metas/20/07/20190920071300_00160.jpg,datasets_flow/dataset_cropped/09_Metas/20/07/20190920071300_00160.jpg,datasets_cloudmask/dataset_cropped/09_Metas/20/07/20190920071300_00160.png,13.1,0.2,13.1,18.8,960
9/20/2019 7:14,datasets/dataset_cropped/09_Metas/20/07/20190920071400_00160.jpg,datasets_flow/dataset_cropped/09_Metas/20/07/20190920071400_00160.jpg,datasets_cloudmask/dataset_cropped/09_Metas/20/07/20190920071400_00160.png,14.3,0.1,14.3,18.8,960
9/20/2019 7:15,datasets/dataset_cropped/09_Metas/20/07/20190920071500_00160.jpg,datasets_flow/dataset_cropped/09_Metas/20/07/20190920071500_00160.jpg,datasets_cloudmask/dataset_cropped/09_Metas/20/07/20190920071500_00160.png,15.5,0.1,15.6,18.8,960
9/20/2019 7:16,datasets/dataset_cropped/09_Metas/20/07/20190920071600_00160.jpg,datasets_flow/dataset_cropped/09_Metas/20/07/20190920071600_00160.jpg,datasets_cloudmask/dataset_cropped/09_Metas/20/07/20190920071600_00160.png,16.9,0,17,18.8,960
9/20/2019 7:17,datasets/dataset_cropped/09_Metas/20/07/20190920071700_00160.jpg,datasets_flow/dataset_cropped/09_Metas/20/07/20190920071700_00160.jpg,datasets_cloudmask/dataset_cropped/09_Metas/20/07/20190920071700_00160.png,18.5,0,18.6,18.9,960
9/20/2019 7:18,datasets/dataset_cropped/09_Metas/20/07/20190920071800_00160.jpg,datasets_flow/dataset_cropped/09_Metas/20/07/20190920071800_00160.jpg,datasets_cloudmask/dataset_cropped/09_Metas/20/07/20190920071800_00160.png,20.3,0,20.4,18.9,960
9/20/2019 7:19,datasets/dataset_cropped/09_Metas/20/07/20190920071900_00160.jpg,datasets_flow/dataset_cropped/09_Metas/20/07/20190920071900_00160.jpg,datasets_cloudmask/dataset_cropped/09_Metas/20/07/20190920071900_00160.png,22.1,0,22.4,18.9,960
9/20/2019 7:20,datasets/dataset_cropped/09_Metas/20/07/20190920072000_00160.jpg,datasets_flow/dataset_cropped/09_Metas/20/07/20190920072000_00160.jpg,datasets_cloudmask/dataset_cropped/09_Metas/20/07/20190920072000_00160.png,24,0,24.5,18.9,960
9/20/2019 7:21,datasets/dataset_cropped/09_Metas/20/07/20190920072100_00160.jpg,datasets_flow/dataset_cropped/09_Metas/20/07/20190920072100_00160.jpg,datasets_cloudmask/dataset_cropped/09_Metas/20/07/20190920072100_00160.png,26.7,0,26.8,18.9,960
9/20/2019 7:22,datasets/dataset_cropped/09_Metas/20/07/20190920072200_00160.jpg,datasets_flow/dataset_cropped/09_Metas/20/07/20190920072200_00160.jpg,datasets_cloudmask/dataset_cropped/09_Metas/20/07/20190920072200_00160.png,29.1,0.1,29.2,18.9,960
9/20/2019 7:23,datasets/dataset_cropped/09_Metas/20/07/20190920072300_00160.jpg,datasets_flow/dataset_cropped/09_Metas/20/07/20190920072300_00160.jpg,datasets_cloudmask/dataset_cropped/09_Metas/20/07/20190920072300_00160.png,31.4,0.1,31.5,18.9,960
9/20/2019 7:24,datasets/dataset_cropped/09_Metas/20/07/20190920072400_00160.jpg,datasets_flow/dataset_cropped/09_Metas/20/07/20190920072400_00160.jpg,datasets_cloudmask/dataset_cropped/09_Metas/20/07/20190920072400_00160.png,33.6,0.1,33.8,18.9,960
9/20/2019 7:25,datasets/dataset_cropped/09_Metas/20/07/20190920072500_00160.jpg,datasets_flow/dataset_cropped/09_Metas/20/07/20190920072500_00160.jpg,datasets_cloudmask/dataset_cropped/09_Metas/20/07/20190920072500_00160.png,35.7,0.1,35.9,18.9,960
9/20/2019 7:26,datasets/dataset_cropped/09_Metas/20/07/20190920072600_00160.jpg,datasets_flow/dataset_cropped/09_Metas/20/07/20190920072600_00160.jpg,datasets_cloudmask/dataset_cropped/09_Metas/20/07/20190920072600_00160.png,37.7,0.1,37.8,18.9,960
9/20/2019 7:27,datasets/dataset_cropped/09_Metas/20/07/20190920072700_00160.jpg,datasets_flow/dataset_cropped/09_Metas/20/07/20190920072700_00160.jpg,datasets_cloudmask/dataset_cropped/09_Metas/20/07/20190920072700_00160.png,39.5,0.1,39.6,18.9,960
9/20/2019 7:28,datasets/dataset_cropped/09_Metas/20/07/20190920072800_00160.jpg,datasets_flow/dataset_cropped/09_Metas/20/07/20190920072800_00160.jpg,datasets_cloudmask/dataset_cropped/09_Metas/20/07/20190920072800_00160.png,41.1,0.1,41.2,18.9,960
9/20/2019 7:29,datasets/dataset_cropped/09_Metas/20/07/20190920072900_00160.jpg,datasets_flow/dataset_cropped/09_Metas/20/07/20190920072900_00160.jpg,datasets_cloudmask/dataset_cropped/09_Metas/20/07/20190920072900_00160.png,42.5,0.1,42.7,18.9,960
9/20/2019 7:30,datasets/dataset_cropped/09_Metas/20/07/20190920073000_00160.jpg,datasets_flow/dataset_cropped/09_Metas/20/07/20190920073000_00160.jpg,datasets_cloudmask/dataset_cropped/09_Metas/20/07/20190920073000_00160.png,43.8,0.1,44,18.9,960
9/20/2019 7:31,datasets/dataset_cropped/09_Metas/20/07/20190920073100_00160.jpg,datasets_flow/dataset_cropped/09_Metas/20/07/20190920073100_00160.jpg,datasets_cloudmask/dataset_cropped/09_Metas/20/07/20190920073100_00160.png,45.1,0.2,45.2,18.8,960
9/20/2019 7:32,datasets/dataset_cropped/09_Metas/20/07/20190920073200_00160.jpg,datasets_flow/dataset_cropped/09_Metas/20/07/20190920073200_00160.jpg,datasets_cloudmask/dataset_cropped/09_Metas/20/07/20190920073200_00160.png,46.3,0.2,46.5,18.8,960
9/20/2019 7:33,datasets/dataset_cropped/09_Metas/20/07/20190920073300_00160.jpg,datasets_flow/dataset_cropped/09_Metas/20/07/20190920073300_00160.jpg,datasets_cloudmask/dataset_cropped/09_Metas/20/07/20190920073300_00160.png,47.5,0.4,47.6,18.8,960
9/20/2019 7:34,datasets/dataset_cropped/09_Metas/20/07/20190920073400_00160.jpg,datasets_flow/dataset_cropped/09_Metas/20/07/20190920073400_00160.jpg,datasets_cloudmask/dataset_cropped/09_Metas/20/07/20190920073400_00160.png,48.7,1.3,48.8,18.8,960
9/20/2019 7:35,datasets/dataset_cropped/09_Metas/20/07/20190920073500_00160.jpg,datasets_flow/dataset_cropped/09_Metas/20/07/20190920073500_00160.jpg,datasets_cloudmask/dataset_cropped/09_Metas/20/07/20190920073500_00160.png,50.1,3.5,49.9,18.8,960
9/20/2019 7:36,datasets/dataset_cropped/09_Metas/20/07/20190920073600_00160.jpg,datasets_flow/dataset_cropped/09_Metas/20/07/20190920073600_00160.jpg,datasets_cloudmask/dataset_cropped/09_Metas/20/07/20190920073600_00160.png,51.1,2.7,51,18.8,960
9/20/2019 7:37,datasets/dataset_cropped/09_Metas/20/07/20190920073700_00160.jpg,datasets_flow/dataset_cropped/09_Metas/20/07/20190920073700_00160.jpg,datasets_cloudmask/dataset_cropped/09_Metas/20/07/20190920073700_00160.png,52.4,2.8,52.2,18.8,960
9/20/2019 7:38,datasets/dataset_cropped/09_Metas/20/07/20190920073800_00160.jpg,datasets_flow/dataset_cropped/09_Metas/20/07/20190920073800_00160.jpg,datasets_cloudmask/dataset_cropped/09_Metas/20/07/20190920073800_00160.png,53.5,2.1,53.5,18.8,960
9/20/2019 7:39,datasets/dataset_cropped/09_Metas/20/07/20190920073900_00160.jpg,datasets_flow/dataset_cropped/09_Metas/20/07/20190920073900_00160.jpg,datasets_cloudmask/dataset_cropped/09_Metas/20/07/20190920073900_00160.png,55,1.6,55,18.8,960
9/20/2019 7:40,datasets/dataset_cropped/09_Metas/20/07/20190920074000_00160.jpg,datasets_flow/dataset_cropped/09_Metas/20/07/20190920074000_00160.jpg,datasets_cloudmask/dataset_cropped/09_Metas/20/07/20190920074000_00160.png,56.7,1.6,56.7,18.8,960
9/20/2019 7:41,datasets/dataset_cropped/09_Metas/20/07/20190920074100_00160.jpg,datasets_flow/dataset_cropped/09_Metas/20/07/20190920074100_00160.jpg,datasets_cloudmask/dataset_cropped/09_Metas/20/07/20190920074100_00160.png,58.7,2.2,58.6,18.9,960
9/20/2019 7:42,datasets/dataset_cropped/09_Metas/20/07/20190920074200_00160.jpg,datasets_flow/dataset_cropped/09_Metas/20/07/20190920074200_00160.jpg,datasets_cloudmask/dataset_cropped/09_Metas/20/07/20190920074200_00160.png,60.8,2.8,60.6,18.8,960
9/20/2019 7:43,datasets/dataset_cropped/09_Metas/20/07/20190920074300_00160.jpg,datasets_flow/dataset_cropped/09_Metas/20/07/20190920074300_00160.jpg,datasets_cloudmask/dataset_cropped/09_Metas/20/07/20190920074300_00160.png,63.2,4.1,62.7,18.9,960
9/20/2019 7:44,datasets/dataset_cropped/09_Metas/20/07/20190920074400_00160.jpg,datasets_flow/dataset_cropped/09_Metas/20/07/20190920074400_00160.jpg,datasets_cloudmask/dataset_cropped/09_Metas/20/07/20190920074400_00160.png,65.7,5.6,65,18.8,960
9/20/2019 7:45,datasets/dataset_cropped/09_Metas/20/07/20190920074500_00160.jpg,datasets_flow/dataset_cropped/09_Metas/20/07/20190920074500_00160.jpg,datasets_cloudmask/dataset_cropped/09_Metas/20/07/20190920074500_00160.png,68.5,7.9,67.4,18.8,960
9/20/2019 7:46,datasets/dataset_cropped/09_Metas/20/07/20190920074600_00160.jpg,datasets_flow/dataset_cropped/09_Metas/20/07/20190920074600_00160.jpg,datasets_cloudmask/dataset_cropped/09_Metas/20/07/20190920074600_00160.png,72,12.6,70.1,18.9,960
9/20/2019 7:47,datasets/dataset_cropped/09_Metas/20/07/20190920074700_00160.jpg,datasets_flow/dataset_cropped/09_Metas/20/07/20190920074700_00160.jpg,datasets_cloudmask/dataset_cropped/09_Metas/20/07/20190920074700_00160.png,79.3,33.4,73.9,18.9,960
9/20/2019 7:48,datasets/dataset_cropped/09_Metas/20/07/20190920074800_00160.jpg,datasets_flow/dataset_cropped/09_Metas/20/07/20190920074800_00160.jpg,datasets_cloudmask/dataset_cropped/09_Metas/20/07/20190920074800_00160.png,91.1,78.9,77.9,18.9,960
9/20/2019 7:49,datasets/dataset_cropped/09_Metas/20/07/20190920074900_00160.jpg,datasets_flow/dataset_cropped/09_Metas/20/07/20190920074900_00160.jpg,datasets_cloudmask/dataset_cropped/09_Metas/20/07/20190920074900_00160.png,98.5,102.5,80.8,18.9,960
9/20/2019 7:50,datasets/dataset_cropped/09_Metas/20/07/20190920075000_00160.jpg,datasets_flow/dataset_cropped/09_Metas/20/07/20190920075000_00160.jpg,datasets_cloudmask/dataset_cropped/09_Metas/20/07/20190920075000_00160.png,102.3,114.3,82.3,18.9,960
9/20/2019 7:51,datasets/dataset_cropped/09_Metas/20/07/20190920075100_00160.jpg,datasets_flow/dataset_cropped/09_Metas/20/07/20190920075100_00160.jpg,datasets_cloudmask/dataset_cropped/09_Metas/20/07/20190920075100_00160.png,98.6,91.8,82.3,19,960
9/20/2019 7:52,datasets/dataset_cropped/09_Metas/20/07/20190920075200_00160.jpg,datasets_flow/dataset_cropped/09_Metas/20/07/20190920075200_00160.jpg,datasets_cloudmask/dataset_cropped/09_Metas/20/07/20190920075200_00160.png,96.4,77.5,82.5,19,960
9/20/2019 7:53,datasets/dataset_cropped/09_Metas/20/07/20190920075300_00160.jpg,datasets_flow/dataset_cropped/09_Metas/20/07/20190920075300_00160.jpg,datasets_cloudmask/dataset_cropped/09_Metas/20/07/20190920075300_00160.png,94.6,67.9,82.3,19,960
9/20/2019 7:54,datasets/dataset_cropped/09_Metas/20/07/20190920075400_00160.jpg,datasets_flow/dataset_cropped/09_Metas/20/07/20190920075400_00160.jpg,datasets_cloudmask/dataset_cropped/09_Metas/20/07/20190920075400_00160.png,86.8,31.4,81.3,19,960
9/20/2019 7:55,datasets/dataset_cropped/09_Metas/20/07/20190920075500_00160.jpg,datasets_flow/dataset_cropped/09_Metas/20/07/20190920075500_00160.jpg,datasets_cloudmask/dataset_cropped/09_Metas/20/07/20190920075500_00160.png,83.8,14.4,81.4,19,960
9/20/2019 7:56,datasets/dataset_cropped/09_Metas/20/07/20190920075600_00160.jpg,datasets_flow/dataset_cropped/09_Metas/20/07/20190920075600_00160.jpg,datasets_cloudmask/dataset_cropped/09_Metas/20/07/20190920075600_00160.png,83.5,8.5,82.2,19,960
9/20/2019 7:57,datasets/dataset_cropped/09_Metas/20/07/20190920075700_00160.jpg,datasets_flow/dataset_cropped/09_Metas/20/07/20190920075700_00160.jpg,datasets_cloudmask/dataset_cropped/09_Metas/20/07/20190920075700_00160.png,84.3,6.2,83.4,19,960
9/20/2019 7:58,datasets/dataset_cropped/09_Metas/20/07/20190920075800_00160.jpg,datasets_flow/dataset_cropped/09_Metas/20/07/20190920075800_00160.jpg,datasets_cloudmask/dataset_cropped/09_Metas/20/07/20190920075800_00160.png,86.2,8.1,84.9,19,960
9/20/2019 7:59,datasets/dataset_cropped/09_Metas/20/07/20190920075900_00160.jpg,datasets_flow/dataset_cropped/09_Metas/20/07/20190920075900_00160.jpg,datasets_cloudmask/dataset_cropped/09_Metas/20/07/20190920075900_00160.png,88.8,12.4,86.5,19,960
9/20/2019 8:00,datasets/dataset_cropped/09_Metas/20/08/20190920080000_00160.jpg,datasets_flow/dataset_cropped/09_Metas/20/08/20190920080000_00160.jpg,datasets_cloudmask/dataset_cropped/09_Metas/20/08/20190920080000_00160.png,90,10.6,88.1,19,960
9/20/2019 8:01,datasets/dataset_cropped/09_Metas/20/08/20190920080100_00160.jpg,datasets_flow/dataset_cropped/09_Metas/20/08/20190920080100_00160.jpg,datasets_cloudmask/dataset_cropped/09_Metas/20/08/20190920080100_00160.png,92,11,89.9,19,960
9/20/2019 8:02,datasets/dataset_cropped/09_Metas/20/08/20190920080200_00160.jpg,datasets_flow/dataset_cropped/09_Metas/20/08/20190920080200_00160.jpg,datasets_cloudmask/dataset_cropped/09_Metas/20/08/20190920080200_00160.png,94.9,14.5,92.1,19.1,960
9/20/2019 8:03,datasets/dataset_cropped/09_Metas/20/08/20190920080300_00160.jpg,datasets_flow/dataset_cropped/09_Metas/20/08/20190920080300_00160.jpg,datasets_cloudmask/dataset_cropped/09_Metas/20/08/20190920080300_00160.png,97.8,17.9,94.3,19.1,960
9/20/2019 8:04,datasets/dataset_cropped/09_Metas/20/08/20190920080400_00160.jpg,datasets_flow/dataset_cropped/09_Metas/20/08/20190920080400_00160.jpg,datasets_cloudmask/dataset_cropped/09_Metas/20/08/20190920080400_00160.png,98.3,11.3,96.2,19.1,960
9/20/2019 8:05,datasets/dataset_cropped/09_Metas/20/08/20190920080500_00160.jpg,datasets_flow/dataset_cropped/09_Metas/20/08/20190920080500_00160.jpg,datasets_cloudmask/dataset_cropped/09_Metas/20/08/20190920080500_00160.png,100.5,10.4,98.6,19.1,960
9/20/2019 8:06,datasets/dataset_cropped/09_Metas/20/08/20190920080600_00160.jpg,datasets_flow/dataset_cropped/09_Metas/20/08/20190920080600_00160.jpg,datasets_cloudmask/dataset_cropped/09_Metas/20/08/20190920080600_00160.png,103.9,14,101.1,19.1,960
9/20/2019 8:07,datasets/dataset_cropped/09_Metas/20/08/20190920080700_00160.jpg,datasets_flow/dataset_cropped/09_Metas/20/08/20190920080700_00160.jpg,datasets_cloudmask/dataset_cropped/09_Metas/20/08/20190920080700_00160.png,106.1,12.7,103.6,19.2,960
9/20/2019 8:08,datasets/dataset_cropped/09_Metas/20/08/20190920080800_00160.jpg,datasets_flow/dataset_cropped/09_Metas/20/08/20190920080800_00160.jpg,datasets_cloudmask/dataset_cropped/09_Metas/20/08/20190920080800_00160.png,109.9,16.9,106.4,19.2,960
9/20/2019 8:09,datasets/dataset_cropped/09_Metas/20/08/20190920080900_00160.jpg,datasets_flow/dataset_cropped/09_Metas/20/08/20190920080900_00160.jpg,datasets_cloudmask/dataset_cropped/09_Metas/20/08/20190920080900_00160.png,114.7,24.6,109.2,19.2,960
9/20/2019 8:10,datasets/dataset_cropped/09_Metas/20/08/20190920081000_00160.jpg,datasets_flow/dataset_cropped/09_Metas/20/08/20190920081000_00160.jpg,datasets_cloudmask/dataset_cropped/09_Metas/20/08/20190920081000_00160.png,119.5,32.9,111.9,19.2,960
9/20/2019 8:11,datasets/dataset_cropped/09_Metas/20/08/20190920081100_00160.jpg,datasets_flow/dataset_cropped/09_Metas/20/08/20190920081100_00160.jpg,datasets_cloudmask/dataset_cropped/09_Metas/20/08/20190920081100_00160.png,125.1,45.4,114.3,19.2,960
9/20/2019 8:12,datasets/dataset_cropped/09_Metas/20/08/20190920081200_00160.jpg,datasets_flow/dataset_cropped/09_Metas/20/08/20190920081200_00160.jpg,datasets_cloudmask/dataset_cropped/09_Metas/20/08/20190920081200_00160.png,122.6,32.3,115.1,19.3,960
9/20/2019 8:13,datasets/dataset_cropped/09_Metas/20/08/20190920081300_00160.jpg,datasets_flow/dataset_cropped/09_Metas/20/08/20190920081300_00160.jpg,datasets_cloudmask/dataset_cropped/09_Metas/20/08/20190920081300_00160.png,119.7,16.4,116.1,19.3,960
9/20/2019 8:14,datasets/dataset_cropped/09_Metas/20/08/20190920081400_00160.jpg,datasets_flow/dataset_cropped/09_Metas/20/08/20190920081400_00160.jpg,datasets_cloudmask/dataset_cropped/09_Metas/20/08/20190920081400_00160.png,124.9,30,117.6,19.4,960
9/20/2019 8:15,datasets/dataset_cropped/09_Metas/20/08/20190920081500_00160.jpg,datasets_flow/dataset_cropped/09_Metas/20/08/20190920081500_00160.jpg,datasets_cloudmask/dataset_cropped/09_Metas/20/08/20190920081500_00160.png,130.3,45.8,118.9,19.4,960
9/20/2019 8:16,datasets/dataset_cropped/09_Metas/20/08/20190920081600_00160.jpg,datasets_flow/dataset_cropped/09_Metas/20/08/20190920081600_00160.jpg,datasets_cloudmask/dataset_cropped/09_Metas/20/08/20190920081600_00160.png,130.7,45.3,119.3,19.4,960
9/20/2019 8:17,datasets/dataset_cropped/09_Metas/20/08/20190920081700_00160.jpg,datasets_flow/dataset_cropped/09_Metas/20/08/20190920081700_00160.jpg,datasets_cloudmask/dataset_cropped/09_Metas/20/08/20190920081700_00160.png,132.7,50.2,119.9,19.5,960
9/20/2019 8:18,datasets/dataset_cropped/09_Metas/20/08/20190920081800_00160.jpg,datasets_flow/dataset_cropped/09_Metas/20/08/20190920081800_00160.jpg,datasets_cloudmask/dataset_cropped/09_Metas/20/08/20190920081800_00160.png,135.6,56.3,120.8,19.5,960
9/20/2019 8:19,datasets/dataset_cropped/09_Metas/20/08/20190920081900_00160.jpg,datasets_flow/dataset_cropped/09_Metas/20/08/20190920081900_00160.jpg,datasets_cloudmask/dataset_cropped/09_Metas/20/08/20190920081900_00160.png,143.3,79.2,122,19.6,960
9/20/2019 8:20,datasets/dataset_cropped/09_Metas/20/08/20190920082000_00160.jpg,datasets_flow/dataset_cropped/09_Metas/20/08/20190920082000_00160.jpg,datasets_cloudmask/dataset_cropped/09_Metas/20/08/20190920082000_00160.png,147.8,93.8,122.2,19.6,960
9/20/2019 8:21,datasets/dataset_cropped/09_Metas/20/08/20190920082100_00160.jpg,datasets_flow/dataset_cropped/09_Metas/20/08/20190920082100_00160.jpg,datasets_cloudmask/dataset_cropped/09_Metas/20/08/20190920082100_00160.png,148.9,101.4,121,19.7,960
9/20/2019 8:22,datasets/dataset_cropped/09_Metas/20/08/20190920082200_00160.jpg,datasets_flow/dataset_cropped/09_Metas/20/08/20190920082200_00160.jpg,datasets_cloudmask/dataset_cropped/09_Metas/20/08/20190920082200_00160.png,136.1,64.4,118.6,19.7,960
9/20/2019 8:23,datasets/dataset_cropped/09_Metas/20/08/20190920082300_00160.jpg,datasets_flow/dataset_cropped/09_Metas/20/08/20190920082300_00160.jpg,datasets_cloudmask/dataset_cropped/09_Metas/20/08/20190920082300_00160.png,120.6,17.4,116.5,19.7,960
9/20/2019 8:24,datasets/dataset_cropped/09_Metas/20/08/20190920082400_00160.jpg,datasets_flow/dataset_cropped/09_Metas/20/08/20190920082400_00160.jpg,datasets_cloudmask/dataset_cropped/09_Metas/20/08/20190920082400_00160.png,117.9,9.4,115.9,19.7,960
9/20/2019 8:25,datasets/dataset_cropped/09_Metas/20/08/20190920082500_00160.jpg,datasets_flow/dataset_cropped/09_Metas/20/08/20190920082500_00160.jpg,datasets_cloudmask/dataset_cropped/09_Metas/20/08/20190920082500_00160.png,121.3,19,116.4,19.7,960
9/20/2019 8:26,datasets/dataset_cropped/09_Metas/20/08/20190920082600_00160.jpg,datasets_flow/dataset_cropped/09_Metas/20/08/20190920082600_00160.jpg,datasets_cloudmask/dataset_cropped/09_Metas/20/08/20190920082600_00160.png,119.1,9.9,116.7,19.7,960
9/20/2019 8:27,datasets/dataset_cropped/09_Metas/20/08/20190920082700_00160.jpg,datasets_flow/dataset_cropped/09_Metas/20/08/20190920082700_00160.jpg,datasets_cloudmask/dataset_cropped/09_Metas/20/08/20190920082700_00160.png,124.9,24.1,118.1,19.7,960
9/20/2019 8:28,datasets/dataset_cropped/09_Metas/20/08/20190920082800_00160.jpg,datasets_flow/dataset_cropped/09_Metas/20/08/20190920082800_00160.jpg,datasets_cloudmask/dataset_cropped/09_Metas/20/08/20190920082800_00160.png,136.2,55.2,119.8,19.8,960
9/20/2019 8:29,datasets/dataset_cropped/09_Metas/20/08/20190920082900_00160.jpg,datasets_flow/dataset_cropped/09_Metas/20/08/20190920082900_00160.jpg,datasets_cloudmask/dataset_cropped/09_Metas/20/08/20190920082900_00160.png,128.9,29.9,120.1,19.8,960
9/20/2019 8:30,datasets/dataset_cropped/09_Metas/20/08/20190920083000_00160.jpg,datasets_flow/dataset_cropped/09_Metas/20/08/20190920083000_00160.jpg,datasets_cloudmask/dataset_cropped/09_Metas/20/08/20190920083000_00160.png,130.3,28.4,121.9,19.8,960
9/20/2019 8:31,datasets/dataset_cropped/09_Metas/20/08/20190920083100_00160.jpg,datasets_flow/dataset_cropped/09_Metas/20/08/20190920083100_00160.jpg,datasets_cloudmask/dataset_cropped/09_Metas/20/08/20190920083100_00160.png,138.6,45.2,124.6,19.8,960
9/20/2019 8:32,datasets/dataset_cropped/09_Metas/20/08/20190920083200_00160.jpg,datasets_flow/dataset_cropped/09_Metas/20/08/20190920083200_00160.jpg,datasets_cloudmask/dataset_cropped/09_Metas/20/08/20190920083200_00160.png,149.1,69,127.5,19.8,960
9/20/2019 8:33,datasets/dataset_cropped/09_Metas/20/08/20190920083300_00160.jpg,datasets_flow/dataset_cropped/09_Metas/20/08/20190920083300_00160.jpg,datasets_cloudmask/dataset_cropped/09_Metas/20/08/20190920083300_00160.png,152.1,73,129.2,19.8,960
9/20/2019 8:34,datasets/dataset_cropped/09_Metas/20/08/20190920083400_00160.jpg,datasets_flow/dataset_cropped/09_Metas/20/08/20190920083400_00160.jpg,datasets_cloudmask/dataset_cropped/09_Metas/20/08/20190920083400_00160.png,143.3,43.6,129.8,19.9,960
9/20/2019 8:35,datasets/dataset_cropped/09_Metas/20/08/20190920083500_00160.jpg,datasets_flow/dataset_cropped/09_Metas/20/08/20190920083500_00160.jpg,datasets_cloudmask/dataset_cropped/09_Metas/20/08/20190920083500_00160.png,135.4,17.3,130.5,20,960
9/20/2019 8:36,datasets/dataset_cropped/09_Metas/20/08/20190920083600_00160.jpg,datasets_flow/dataset_cropped/09_Metas/20/08/20190920083600_00160.jpg,datasets_cloudmask/dataset_cropped/09_Metas/20/08/20190920083600_00160.png,139.1,21.6,132.7,19.9,960
9/20/2019 8:37,datasets/dataset_cropped/09_Metas/20/08/20190920083700_00160.jpg,datasets_flow/dataset_cropped/09_Metas/20/08/20190920083700_00160.jpg,datasets_cloudmask/dataset_cropped/09_Metas/20/08/20190920083700_00160.png,138.7,12.1,135.4,20,960
9/20/2019 8:38,datasets/dataset_cropped/09_Metas/20/08/20190920083800_00160.jpg,datasets_flow/dataset_cropped/09_Metas/20/08/20190920083800_00160.jpg,datasets_cloudmask/dataset_cropped/09_Metas/20/08/20190920083800_00160.png,152.4,39,139.8,20,960
9/20/2019 8:39,datasets/dataset_cropped/09_Metas/20/08/20190920083900_00160.jpg,datasets_flow/dataset_cropped/09_Metas/20/08/20190920083900_00160.jpg,datasets_cloudmask/dataset_cropped/09_Metas/20/08/20190920083900_00160.png,164.5,61.4,144.3,20.1,960
9/20/2019 8:40,datasets/dataset_cropped/09_Metas/20/08/20190920084000_00160.jpg,datasets_flow/dataset_cropped/09_Metas/20/08/20190920084000_00160.jpg,datasets_cloudmask/dataset_cropped/09_Metas/20/08/20190920084000_00160.png,175.3,79.2,148.8,20.1,960
9/20/2019 8:41,datasets/dataset_cropped/09_Metas/20/08/20190920084100_00160.jpg,datasets_flow/dataset_cropped/09_Metas/20/08/20190920084100_00160.jpg,datasets_cloudmask/dataset_cropped/09_Metas/20/08/20190920084100_00160.png,186.4,95.1,154.1,20.2,960
9/20/2019 8:42,datasets/dataset_cropped/09_Metas/20/08/20190920084200_00160.jpg,datasets_flow/dataset_cropped/09_Metas/20/08/20190920084200_00160.jpg,datasets_cloudmask/dataset_cropped/09_Metas/20/08/20190920084200_00160.png,231.8,203.6,161.5,20.2,960
9/20/2019 8:43,datasets/dataset_cropped/09_Metas/20/08/20190920084300_00160.jpg,datasets_flow/dataset_cropped/09_Metas/20/08/20190920084300_00160.jpg,datasets_cloudmask/dataset_cropped/09_Metas/20/08/20190920084300_00160.png,242.7,225.2,164.3,20.3,960
9/20/2019 8:44,datasets/dataset_cropped/09_Metas/20/08/20190920084400_00160.jpg,datasets_flow/dataset_cropped/09_Metas/20/08/20190920084400_00160.jpg,datasets_cloudmask/dataset_cropped/09_Metas/20/08/20190920084400_00160.png,238.1,206.6,165.6,20.4,960
9/20/2019 8:45,datasets/dataset_cropped/09_Metas/20/08/20190920084500_00160.jpg,datasets_flow/dataset_cropped/09_Metas/20/08/20190920084500_00160.jpg,datasets_cloudmask/dataset_cropped/09_Metas/20/08/20190920084500_00160.png,219.6,152.1,166,20.5,960
9/20/2019 8:46,datasets/dataset_cropped/09_Metas/20/08/20190920084600_00160.jpg,datasets_flow/dataset_cropped/09_Metas/20/08/20190920084600_00160.jpg,datasets_cloudmask/dataset_cropped/09_Metas/20/08/20190920084600_00160.png,226.8,161,169.5,20.6,960
9/20/2019 8:47,datasets/dataset_cropped/09_Metas/20/08/20190920084700_00160.jpg,datasets_flow/dataset_cropped/09_Metas/20/08/20190920084700_00160.jpg,datasets_cloudmask/dataset_cropped/09_Metas/20/08/20190920084700_00160.png,262.2,243,174.8,20.8,960
9/20/2019 8:48,datasets/dataset_cropped/09_Metas/20/08/20190920084800_00160.jpg,datasets_flow/dataset_cropped/09_Metas/20/08/20190920084800_00160.jpg,datasets_cloudmask/dataset_cropped/09_Metas/20/08/20190920084800_00160.png,268.6,257.2,175.3,20.8,960
9/20/2019 8:49,datasets/dataset_cropped/09_Metas/20/08/20190920084900_00160.jpg,datasets_flow/dataset_cropped/09_Metas/20/08/20190920084900_00160.jpg,datasets_cloudmask/dataset_cropped/09_Metas/20/08/20190920084900_00160.png,243.6,195.8,172.2,20.8,960
9/20/2019 8:50,datasets/dataset_cropped/09_Metas/20/08/20190920085000_00160.jpg,datasets_flow/dataset_cropped/09_Metas/20/08/20190920085000_00160.jpg,datasets_cloudmask/dataset_cropped/09_Metas/20/08/20190920085000_00160.png,226.6,154.2,170,20.9,960
9/20/2019 8:51,datasets/dataset_cropped/09_Metas/20/08/20190920085100_00160.jpg,datasets_flow/dataset_cropped/09_Metas/20/08/20190920085100_00160.jpg,datasets_cloudmask/dataset_cropped/09_Metas/20/08/20190920085100_00160.png,247.3,203.1,171.9,20.8,960
9/20/2019 8:52,datasets/dataset_cropped/09_Metas/20/08/20190920085200_00160.jpg,datasets_flow/dataset_cropped/09_Metas/20/08/20190920085200_00160.jpg,datasets_cloudmask/dataset_cropped/09_Metas/20/08/20190920085200_00160.png,266.7,249.4,173.3,20.8,960
9/20/2019 8:53,datasets/dataset_cropped/09_Metas/20/08/20190920085300_00160.jpg,datasets_flow/dataset_cropped/09_Metas/20/08/20190920085300_00160.jpg,datasets_cloudmask/dataset_cropped/09_Metas/20/08/20190920085300_00160.png,277.6,268.7,176.1,20.9,960
9/20/2019 8:54,datasets/dataset_cropped/09_Metas/20/08/20190920085400_00160.jpg,datasets_flow/dataset_cropped/09_Metas/20/08/20190920085400_00160.jpg,datasets_cloudmask/dataset_cropped/09_Metas/20/08/20190920085400_00160.png,275.1,253.9,178.3,21,960
9/20/2019 8:55,datasets/dataset_cropped/09_Metas/20/08/20190920085500_00160.jpg,datasets_flow/dataset_cropped/09_Metas/20/08/20190920085500_00160.jpg,datasets_cloudmask/dataset_cropped/09_Metas/20/08/20190920085500_00160.png,245.7,173.1,179.4,21.1,960
9/20/2019 8:56,datasets/dataset_cropped/09_Metas/20/08/20190920085600_00160.jpg,datasets_flow/dataset_cropped/09_Metas/20/08/20190920085600_00160.jpg,datasets_cloudmask/dataset_cropped/09_Metas/20/08/20190920085600_00160.png,237.9,146.1,181.6,21.1,960
9/20/2019 8:57,datasets/dataset_cropped/09_Metas/20/08/20190920085700_00160.jpg,datasets_flow/dataset_cropped/09_Metas/20/08/20190920085700_00160.jpg,datasets_cloudmask/dataset_cropped/09_Metas/20/08/20190920085700_00160.png,225.9,109.7,183.5,21.2,960
9/20/2019 8:58,datasets/dataset_cropped/09_Metas/20/08/20190920085800_00160.jpg,datasets_flow/dataset_cropped/09_Metas/20/08/20190920085800_00160.jpg,datasets_cloudmask/dataset_cropped/09_Metas/20/08/20190920085800_00160.png,283,232.1,191.6,21.2,960
9/20/2019 8:59,datasets/dataset_cropped/09_Metas/20/08/20190920085900_00160.jpg,datasets_flow/dataset_cropped/09_Metas/20/08/20190920085900_00160.jpg,datasets_cloudmask/dataset_cropped/09_Metas/20/08/20190920085900_00160.png,314.6,294.3,198,21.2,960
9/20/2019 9:00,datasets/dataset_cropped/09_Metas/20/09/20190920090000_00160.jpg,datasets_flow/dataset_cropped/09_Metas/20/09/20190920090000_00160.jpg,datasets_cloudmask/dataset_cropped/09_Metas/20/09/20190920090000_00160.png,313.2,281.4,201,21.2,960
9/20/2019 9:01,datasets/dataset_cropped/09_Metas/20/09/20190920090100_00160.jpg,datasets_flow/dataset_cropped/09_Metas/20/09/20190920090100_00160.jpg,datasets_cloudmask/dataset_cropped/09_Metas/20/09/20190920090100_00160.png,311.4,268.8,203.5,21.3,960
9/20/2019 9:02,datasets/dataset_cropped/09_Metas/20/09/20190920090200_00160.jpg,datasets_flow/dataset_cropped/09_Metas/20/09/20190920090200_00160.jpg,datasets_cloudmask/dataset_cropped/09_Metas/20/09/20190920090200_00160.png,298.6,230.4,205.5,21.4,960
9/20/2019 9:03,datasets/dataset_cropped/09_Metas/20/09/20190920090300_00160.jpg,datasets_flow/dataset_cropped/09_Metas/20/09/20190920090300_00160.jpg,datasets_cloudmask/dataset_cropped/09_Metas/20/09/20190920090300_00160.png,316.1,256.4,211.5,21.4,960
9/20/2019 9:04,datasets/dataset_cropped/09_Metas/20/09/20190920090400_00160.jpg,datasets_flow/dataset_cropped/09_Metas/20/09/20190920090400_00160.jpg,datasets_cloudmask/dataset_cropped/09_Metas/20/09/20190920090400_00160.png,350.9,319.6,219.4,21.4,960
9/20/2019 9:05,datasets/dataset_cropped/09_Metas/20/09/20190920090500_00160.jpg,datasets_flow/dataset_cropped/09_Metas/20/09/20190920090500_00160.jpg,datasets_cloudmask/dataset_cropped/09_Metas/20/09/20190920090500_00160.png,357.8,321.3,224.6,21.4,960
9/20/2019 9:06,datasets/dataset_cropped/09_Metas/20/09/20190920090600_00160.jpg,datasets_flow/dataset_cropped/09_Metas/20/09/20190920090600_00160.jpg,datasets_cloudmask/dataset_cropped/09_Metas/20/09/20190920090600_00160.png,372,339.1,230.4,21.6,960
9/20/2019 9:07,datasets/dataset_cropped/09_Metas/20/09/20190920090700_00160.jpg,datasets_flow/dataset_cropped/09_Metas/20/09/20190920090700_00160.jpg,datasets_cloudmask/dataset_cropped/09_Metas/20/09/20190920090700_00160.png,365.6,311.8,234.6,21.7,960
9/20/2019 9:08,datasets/dataset_cropped/09_Metas/20/09/20190920090800_00160.jpg,datasets_flow/dataset_cropped/09_Metas/20/09/20190920090800_00160.jpg,datasets_cloudmask/dataset_cropped/09_Metas/20/09/20190920090800_00160.png,358.7,281.9,239.6,21.8,960
9/20/2019 9:09,datasets/dataset_cropped/09_Metas/20/09/20190920090900_00160.jpg,datasets_flow/dataset_cropped/09_Metas/20/09/20190920090900_00160.jpg,datasets_cloudmask/dataset_cropped/09_Metas/20/09/20190920090900_00160.png,369.1,290.2,245.5,21.9,960
9/20/2019 9:10,datasets/dataset_cropped/09_Metas/20/09/20190920091000_00160.jpg,datasets_flow/dataset_cropped/09_Metas/20/09/20190920091000_00160.jpg,datasets_cloudmask/dataset_cropped/09_Metas/20/09/20190920091000_00160.png,379.2,297.8,251.4,21.8,960
9/20/2019 9:11,datasets/dataset_cropped/09_Metas/20/09/20190920091100_00160.jpg,datasets_flow/dataset_cropped/09_Metas/20/09/20190920091100_00160.jpg,datasets_cloudmask/dataset_cropped/09_Metas/20/09/20190920091100_00160.png,381.6,291.8,255.7,21.9,961
9/20/2019 9:12,datasets/dataset_cropped/09_Metas/20/09/20190920091200_00160.jpg,datasets_flow/dataset_cropped/09_Metas/20/09/20190920091200_00160.jpg,datasets_cloudmask/dataset_cropped/09_Metas/20/09/20190920091200_00160.png,388.4,298.3,258.8,21.9,960
9/20/2019 9:13,datasets/dataset_cropped/09_Metas/20/09/20190920091300_00160.jpg,datasets_flow/dataset_cropped/09_Metas/20/09/20190920091300_00160.jpg,datasets_cloudmask/dataset_cropped/09_Metas/20/09/20190920091300_00160.png,392.1,301.7,260.1,21.8,960
9/20/2019 9:14,datasets/dataset_cropped/09_Metas/20/09/20190920091400_00160.jpg,datasets_flow/dataset_cropped/09_Metas/20/09/20190920091400_00160.jpg,datasets_cloudmask/dataset_cropped/09_Metas/20/09/20190920091400_00160.png,399.9,316,260.6,21.9,960
9/20/2019 9:15,datasets/dataset_cropped/09_Metas/20/09/20190920091500_00160.jpg,datasets_flow/dataset_cropped/09_Metas/20/09/20190920091500_00160.jpg,datasets_cloudmask/dataset_cropped/09_Metas/20/09/20190920091500_00160.png,396.1,307,259.9,22.1,960
9/20/2019 9:16,datasets/dataset_cropped/09_Metas/20/09/20190920091600_00160.jpg,datasets_flow/dataset_cropped/09_Metas/20/09/20190920091600_00160.jpg,datasets_cloudmask/dataset_cropped/09_Metas/20/09/20190920091600_00160.png,390,295.2,258.1,22.1,960
9/20/2019 9:17,datasets/dataset_cropped/09_Metas/20/09/20190920091700_00160.jpg,datasets_flow/dataset_cropped/09_Metas/20/09/20190920091700_00160.jpg,datasets_cloudmask/dataset_cropped/09_Metas/20/09/20190920091700_00160.png,378.6,272.1,256.3,22.1,960
9/20/2019 9:18,datasets/dataset_cropped/09_Metas/20/09/20190920091800_00160.jpg,datasets_flow/dataset_cropped/09_Metas/20/09/20190920091800_00160.jpg,datasets_cloudmask/dataset_cropped/09_Metas/20/09/20190920091800_00160.png,378.2,270.7,255.7,22.2,960
9/20/2019 9:19,datasets/dataset_cropped/09_Metas/20/09/20190920091900_00160.jpg,datasets_flow/dataset_cropped/09_Metas/20/09/20190920091900_00160.jpg,datasets_cloudmask/dataset_cropped/09_Metas/20/09/20190920091900_00160.png,372.8,258.3,255.2,22.1,960
9/20/2019 9:20,datasets/dataset_cropped/09_Metas/20/09/20190920092000_00160.jpg,datasets_flow/dataset_cropped/09_Metas/20/09/20190920092000_00160.jpg,datasets_cloudmask/dataset_cropped/09_Metas/20/09/20190920092000_00160.png,354.6,219.8,253.8,22.1,961
9/20/2019 9:21,datasets/dataset_cropped/09_Metas/20/09/20190920092100_00160.jpg,datasets_flow/dataset_cropped/09_Metas/20/09/20190920092100_00160.jpg,datasets_cloudmask/dataset_cropped/09_Metas/20/09/20190920092100_00160.png,343.4,193.1,254.2,22.3,961
9/20/2019 9:22,datasets/dataset_cropped/09_Metas/20/09/20190920092200_00160.jpg,datasets_flow/dataset_cropped/09_Metas/20/09/20190920092200_00160.jpg,datasets_cloudmask/dataset_cropped/09_Metas/20/09/20190920092200_00160.png,333.7,165.7,256.6,22.3,961
9/20/2019 9:23,datasets/dataset_cropped/09_Metas/20/09/20190920092300_00160.jpg,datasets_flow/dataset_cropped/09_Metas/20/09/20190920092300_00160.jpg,datasets_cloudmask/dataset_cropped/09_Metas/20/09/20190920092300_00160.png,332.4,152.6,261,22.2,961
9/20/2019 9:24,datasets/dataset_cropped/09_Metas/20/09/20190920092400_00160.jpg,datasets_flow/dataset_cropped/09_Metas/20/09/20190920092400_00160.jpg,datasets_cloudmask/dataset_cropped/09_Metas/20/09/20190920092400_00160.png,348.7,170.2,268.4,22.2,961
9/20/2019 9:25,datasets/dataset_cropped/09_Metas/20/09/20190920092500_00160.jpg,datasets_flow/dataset_cropped/09_Metas/20/09/20190920092500_00160.jpg,datasets_cloudmask/dataset_cropped/09_Metas/20/09/20190920092500_00160.png,396.6,249.6,278.1,22.3,961
9/20/2019 9:26,datasets/dataset_cropped/09_Metas/20/09/20190920092600_00160.jpg,datasets_flow/dataset_cropped/09_Metas/20/09/20190920092600_00160.jpg,datasets_cloudmask/dataset_cropped/09_Metas/20/09/20190920092600_00160.png,415.2,273,284.9,22.3,961
9/20/2019 9:27,datasets/dataset_cropped/09_Metas/20/09/20190920092700_00160.jpg,datasets_flow/dataset_cropped/09_Metas/20/09/20190920092700_00160.jpg,datasets_cloudmask/dataset_cropped/09_Metas/20/09/20190920092700_00160.png,427.9,287.8,289.9,22.4,961
9/20/2019 9:28,datasets/dataset_cropped/09_Metas/20/09/20190920092800_00160.jpg,datasets_flow/dataset_cropped/09_Metas/20/09/20190920092800_00160.jpg,datasets_cloudmask/dataset_cropped/09_Metas/20/09/20190920092800_00160.png,420.2,263.8,292.9,22.4,961
9/20/2019 9:29,datasets/dataset_cropped/09_Metas/20/09/20190920092900_00160.jpg,datasets_flow/dataset_cropped/09_Metas/20/09/20190920092900_00160.jpg,datasets_cloudmask/dataset_cropped/09_Metas/20/09/20190920092900_00160.png,424.5,265.5,295.7,22.7,961
9/20/2019 9:30,datasets/dataset_cropped/09_Metas/20/09/20190920093000_00160.jpg,datasets_flow/dataset_cropped/09_Metas/20/09/20190920093000_00160.jpg,datasets_cloudmask/dataset_cropped/09_Metas/20/09/20190920093000_00160.png,419.3,254,295.6,22.9,961
9/20/2019 9:31,datasets/dataset_cropped/09_Metas/20/09/20190920093100_00160.jpg,datasets_flow/dataset_cropped/09_Metas/20/09/20190920093100_00160.jpg,datasets_cloudmask/dataset_cropped/09_Metas/20/09/20190920093100_00160.png,398.8,216.5,293,23.1,961
9/20/2019 9:32,datasets/dataset_cropped/09_Metas/20/09/20190920093200_00160.jpg,datasets_flow/dataset_cropped/09_Metas/20/09/20190920093200_00160.jpg,datasets_cloudmask/dataset_cropped/09_Metas/20/09/20190920093200_00160.png,393.1,206.8,291.3,23,961
9/20/2019 9:33,datasets/dataset_cropped/09_Metas/20/09/20190920093300_00160.jpg,datasets_flow/dataset_cropped/09_Metas/20/09/20190920093300_00160.jpg,datasets_cloudmask/dataset_cropped/09_Metas/20/09/20190920093300_00160.png,387.5,198.8,288.9,23,961
9/20/2019 9:34,datasets/dataset_cropped/09_Metas/20/09/20190920093400_00160.jpg,datasets_flow/dataset_cropped/09_Metas/20/09/20190920093400_00160.jpg,datasets_cloudmask/dataset_cropped/09_Metas/20/09/20190920093400_00160.png,385.1,199.2,285.6,23,961
9/20/2019 9:35,datasets/dataset_cropped/09_Metas/20/09/20190920093500_00160.jpg,datasets_flow/dataset_cropped/09_Metas/20/09/20190920093500_00160.jpg,datasets_cloudmask/dataset_cropped/09_Metas/20/09/20190920093500_00160.png,364.6,167.4,280.6,23.1,961
9/20/2019 9:36,datasets/dataset_cropped/09_Metas/20/09/20190920093600_00160.jpg,datasets_flow/dataset_cropped/09_Metas/20/09/20190920093600_00160.jpg,datasets_cloudmask/dataset_cropped/09_Metas/20/09/20190920093600_00160.png,354.8,156.3,276.1,23,961
9/20/2019 9:37,datasets/dataset_cropped/09_Metas/20/09/20190920093700_00160.jpg,datasets_flow/dataset_cropped/09_Metas/20/09/20190920093700_00160.jpg,datasets_cloudmask/dataset_cropped/09_Metas/20/09/20190920093700_00160.png,351.4,164.8,267.9,22.9,961
9/20/2019 9:38,datasets/dataset_cropped/09_Metas/20/09/20190920093800_00160.jpg,datasets_flow/dataset_cropped/09_Metas/20/09/20190920093800_00160.jpg,datasets_cloudmask/dataset_cropped/09_Metas/20/09/20190920093800_00160.png,277.4,45,255.3,22.9,961
9/20/2019 9:39,datasets/dataset_cropped/09_Metas/20/09/20190920093900_00160.jpg,datasets_flow/dataset_cropped/09_Metas/20/09/20190920093900_00160.jpg,datasets_cloudmask/dataset_cropped/09_Metas/20/09/20190920093900_00160.png,262.9,26,250.3,23,961
9/20/2019 9:40,datasets/dataset_cropped/09_Metas/20/09/20190920094000_00160.jpg,datasets_flow/dataset_cropped/09_Metas/20/09/20190920094000_00160.jpg,datasets_cloudmask/dataset_cropped/09_Metas/20/09/20190920094000_00160.png,249.4,3.8,248.2,22.9,961
9/20/2019 9:41,datasets/dataset_cropped/09_Metas/20/09/20190920094100_00160.jpg,datasets_flow/dataset_cropped/09_Metas/20/09/20190920094100_00160.jpg,datasets_cloudmask/dataset_cropped/09_Metas/20/09/20190920094100_00160.png,247.7,1.3,247.5,22.7,961
9/20/2019 9:42,datasets/dataset_cropped/09_Metas/20/09/20190920094200_00160.jpg,datasets_flow/dataset_cropped/09_Metas/20/09/20190920094200_00160.jpg,datasets_cloudmask/dataset_cropped/09_Metas/20/09/20190920094200_00160.png,249.1,2.3,248.1,22.7,961
9/20/2019 9:43,datasets/dataset_cropped/09_Metas/20/09/20190920094300_00160.jpg,datasets_flow/dataset_cropped/09_Metas/20/09/20190920094300_00160.jpg,datasets_cloudmask/dataset_cropped/09_Metas/20/09/20190920094300_00160.png,252.1,3.6,250.3,22.7,961
9/20/2019 9:44,datasets/dataset_cropped/09_Metas/20/09/20190920094400_00160.jpg,datasets_flow/dataset_cropped/09_Metas/20/09/20190920094400_00160.jpg,datasets_cloudmask/dataset_cropped/09_Metas/20/09/20190920094400_00160.png,255.2,4.5,252.9,22.6,961
9/20/2019 9:45,datasets/dataset_cropped/09_Metas/20/09/20190920094500_00160.jpg,datasets_flow/dataset_cropped/09_Metas/20/09/20190920094500_00160.jpg,datasets_cloudmask/dataset_cropped/09_Metas/20/09/20190920094500_00160.png,256.9,2,256,22.5,961
9/20/2019 9:46,datasets/dataset_cropped/09_Metas/20/09/20190920094600_00160.jpg,datasets_flow/dataset_cropped/09_Metas/20/09/20190920094600_00160.jpg,datasets_cloudmask/dataset_cropped/09_Metas/20/09/20190920094600_00160.png,259.5,0.3,259.5,22.4,961
9/20/2019 9:47,datasets/dataset_cropped/09_Metas/20/09/20190920094700_00160.jpg,datasets_flow/dataset_cropped/09_Metas/20/09/20190920094700_00160.jpg,datasets_cloudmask/dataset_cropped/09_Metas/20/09/20190920094700_00160.png,263.3,0.4,263.2,22.4,961
9/20/2019 9:48,datasets/dataset_cropped/09_Metas/20/09/20190920094800_00160.jpg,datasets_flow/dataset_cropped/09_Metas/20/09/20190920094800_00160.jpg,datasets_cloudmask/dataset_cropped/09_Metas/20/09/20190920094800_00160.png,269.3,4.8,266.7,22.4,961
9/20/2019 9:49,datasets/dataset_cropped/09_Metas/20/09/20190920094900_00160.jpg,datasets_flow/dataset_cropped/09_Metas/20/09/20190920094900_00160.jpg,datasets_cloudmask/dataset_cropped/09_Metas/20/09/20190920094900_00160.png,275.5,11.3,269.2,22.5,961
9/20/2019 9:50,datasets/dataset_cropped/09_Metas/20/09/20190920095000_00160.jpg,datasets_flow/dataset_cropped/09_Metas/20/09/20190920095000_00160.jpg,datasets_cloudmask/dataset_cropped/09_Metas/20/09/20190920095000_00160.png,281.5,18.6,271.3,22.6,961
9/20/2019 9:51,datasets/dataset_cropped/09_Metas/20/09/20190920095100_00160.jpg,datasets_flow/dataset_cropped/09_Metas/20/09/20190920095100_00160.jpg,datasets_cloudmask/dataset_cropped/09_Metas/20/09/20190920095100_00160.png,286.5,24.1,273.4,22.6,961
9/20/2019 9:52,datasets/dataset_cropped/09_Metas/20/09/20190920095200_00160.jpg,datasets_flow/dataset_cropped/09_Metas/20/09/20190920095200_00160.jpg,datasets_cloudmask/dataset_cropped/09_Metas/20/09/20190920095200_00160.png,289.2,26.5,274.7,22.6,961
9/20/2019 9:53,datasets/dataset_cropped/09_Metas/20/09/20190920095300_00160.jpg,datasets_flow/dataset_cropped/09_Metas/20/09/20190920095300_00160.jpg,datasets_cloudmask/dataset_cropped/09_Metas/20/09/20190920095300_00160.png,290.2,28.6,274.6,22.6,961
9/20/2019 9:54,datasets/dataset_cropped/09_Metas/20/09/20190920095400_00160.jpg,datasets_flow/dataset_cropped/09_Metas/20/09/20190920095400_00160.jpg,datasets_cloudmask/dataset_cropped/09_Metas/20/09/20190920095400_00160.png,280.4,12,274.1,22.6,961
9/20/2019 9:55,datasets/dataset_cropped/09_Metas/20/09/20190920095500_00160.jpg,datasets_flow/dataset_cropped/09_Metas/20/09/20190920095500_00160.jpg,datasets_cloudmask/dataset_cropped/09_Metas/20/09/20190920095500_00160.png,280.6,11.2,274.7,22.6,961
9/20/2019 9:56,datasets/dataset_cropped/09_Metas/20/09/20190920095600_00160.jpg,datasets_flow/dataset_cropped/09_Metas/20/09/20190920095600_00160.jpg,datasets_cloudmask/dataset_cropped/09_Metas/20/09/20190920095600_00160.png,293.7,31.1,276.2,22.6,961
9/20/2019 9:57,datasets/dataset_cropped/09_Metas/20/09/20190920095700_00160.jpg,datasets_flow/dataset_cropped/09_Metas/20/09/20190920095700_00160.jpg,datasets_cloudmask/dataset_cropped/09_Metas/20/09/20190920095700_00160.png,286.9,18.1,276.8,22.6,961
9/20/2019 9:58,datasets/dataset_cropped/09_Metas/20/09/20190920095800_00160.jpg,datasets_flow/dataset_cropped/09_Metas/20/09/20190920095800_00160.jpg,datasets_cloudmask/dataset_cropped/09_Metas/20/09/20190920095800_00160.png,283.6,9.9,278.1,22.7,961
9/20/2019 9:59,datasets/dataset_cropped/09_Metas/20/09/20190920095900_00160.jpg,datasets_flow/dataset_cropped/09_Metas/20/09/20190920095900_00160.jpg,datasets_cloudmask/dataset_cropped/09_Metas/20/09/20190920095900_00160.png,291.1,16.7,281.5,22.8,961
9/20/2019 10:00,datasets/dataset_cropped/09_Metas/20/10/20190920100000_00160.jpg,datasets_flow/dataset_cropped/09_Metas/20/10/20190920100000_00160.jpg,datasets_cloudmask/dataset_cropped/09_Metas/20/10/20190920100000_00160.png,319,54.4,286.9,22.7,961
9/20/2019 10:01,datasets/dataset_cropped/09_Metas/20/10/20190920100100_00160.jpg,datasets_flow/dataset_cropped/09_Metas/20/10/20190920100100_00160.jpg,datasets_cloudmask/dataset_cropped/09_Metas/20/10/20190920100100_00160.png,319.8,51.5,289.1,22.5,961
9/20/2019 10:02,datasets/dataset_cropped/09_Metas/20/10/20190920100200_00160.jpg,datasets_flow/dataset_cropped/09_Metas/20/10/20190920100200_00160.jpg,datasets_cloudmask/dataset_cropped/09_Metas/20/10/20190920100200_00160.png,301.8,18.4,290.4,22.6,961
9/20/2019 10:03,datasets/dataset_cropped/09_Metas/20/10/20190920100300_00160.jpg,datasets_flow/dataset_cropped/09_Metas/20/10/20190920100300_00160.jpg,datasets_cloudmask/dataset_cropped/09_Metas/20/10/20190920100300_00160.png,318.1,34.9,297.1,22.6,961
9/20/2019 10:04,datasets/dataset_cropped/09_Metas/20/10/20190920100400_00160.jpg,datasets_flow/dataset_cropped/09_Metas/20/10/20190920100400_00160.jpg,datasets_cloudmask/dataset_cropped/09_Metas/20/10/20190920100400_00160.png,342.2,68.9,302,22.6,961
9/20/2019 10:05,datasets/dataset_cropped/09_Metas/20/10/20190920100500_00160.jpg,datasets_flow/dataset_cropped/09_Metas/20/10/20190920100500_00160.jpg,datasets_cloudmask/dataset_cropped/09_Metas/20/10/20190920100500_00160.png,315,26.1,299.8,22.7,961
9/20/2019 10:06,datasets/dataset_cropped/09_Metas/20/10/20190920100600_00160.jpg,datasets_flow/dataset_cropped/09_Metas/20/10/20190920100600_00160.jpg,datasets_cloudmask/dataset_cropped/09_Metas/20/10/20190920100600_00160.png,318.7,32.2,300,22.6,961
9/20/2019 10:07,datasets/dataset_cropped/09_Metas/20/10/20190920100700_00160.jpg,datasets_flow/dataset_cropped/09_Metas/20/10/20190920100700_00160.jpg,datasets_cloudmask/dataset_cropped/09_Metas/20/10/20190920100700_00160.png,303.8,9.3,298.7,22.4,961
9/20/2019 10:08,datasets/dataset_cropped/09_Metas/20/10/20190920100800_00160.jpg,datasets_flow/dataset_cropped/09_Metas/20/10/20190920100800_00160.jpg,datasets_cloudmask/dataset_cropped/09_Metas/20/10/20190920100800_00160.png,300.2,3.3,298.4,22.3,961
9/20/2019 10:09,datasets/dataset_cropped/09_Metas/20/10/20190920100900_00160.jpg,datasets_flow/dataset_cropped/09_Metas/20/10/20190920100900_00160.jpg,datasets_cloudmask/dataset_cropped/09_Metas/20/10/20190920100900_00160.png,303.3,7,298.9,22.4,961
9/20/2019 10:10,datasets/dataset_cropped/09_Metas/20/10/20190920101000_00160.jpg,datasets_flow/dataset_cropped/09_Metas/20/10/20190920101000_00160.jpg,datasets_cloudmask/dataset_cropped/09_Metas/20/10/20190920101000_00160.png,300.3,3.4,298.4,22.5,961
9/20/2019 10:11,datasets/dataset_cropped/09_Metas/20/10/20190920101100_00160.jpg,datasets_flow/dataset_cropped/09_Metas/20/10/20190920101100_00160.jpg,datasets_cloudmask/dataset_cropped/09_Metas/20/10/20190920101100_00160.png,301.4,4.6,298.7,22.4,961
9/20/2019 10:12,datasets/dataset_cropped/09_Metas/20/10/20190920101200_00160.jpg,datasets_flow/dataset_cropped/09_Metas/20/10/20190920101200_00160.jpg,datasets_cloudmask/dataset_cropped/09_Metas/20/10/20190920101200_00160.png,306.3,11.7,299.2,22.3,961
9/20/2019 10:13,datasets/dataset_cropped/09_Metas/20/10/20190920101300_00160.jpg,datasets_flow/dataset_cropped/09_Metas/20/10/20190920101300_00160.jpg,datasets_cloudmask/dataset_cropped/09_Metas/20/10/20190920101300_00160.png,323.7,45.7,296.1,22.3,961
9/20/2019 10:14,datasets/dataset_cropped/09_Metas/20/10/20190920101400_00160.jpg,datasets_flow/dataset_cropped/09_Metas/20/10/20190920101400_00160.jpg,datasets_cloudmask/dataset_cropped/09_Metas/20/10/20190920101400_00160.png,288,4.1,286,22.3,961
9/20/2019 10:15,datasets/dataset_cropped/09_Metas/20/10/20190920101500_00160.jpg,datasets_flow/dataset_cropped/09_Metas/20/10/20190920101500_00160.jpg,datasets_cloudmask/dataset_cropped/09_Metas/20/10/20190920101500_00160.png,279,0.8,278.9,22.4,961
9/20/2019 10:16,datasets/dataset_cropped/09_Metas/20/10/20190920101600_00160.jpg,datasets_flow/dataset_cropped/09_Metas/20/10/20190920101600_00160.jpg,datasets_cloudmask/dataset_cropped/09_Metas/20/10/20190920101600_00160.png,275.4,1,275.1,22.5,961
9/20/2019 10:17,datasets/dataset_cropped/09_Metas/20/10/20190920101700_00160.jpg,datasets_flow/dataset_cropped/09_Metas/20/10/20190920101700_00160.jpg,datasets_cloudmask/dataset_cropped/09_Metas/20/10/20190920101700_00160.png,280.6,12,273.5,22.5,961
9/20/2019 10:18,datasets/dataset_cropped/09_Metas/20/10/20190920101800_00160.jpg,datasets_flow/dataset_cropped/09_Metas/20/10/20190920101800_00160.jpg,datasets_cloudmask/dataset_cropped/09_Metas/20/10/20190920101800_00160.png,272.8,6,269.4,22.4,961
9/20/2019 10:19,datasets/dataset_cropped/09_Metas/20/10/20190920101900_00160.jpg,datasets_flow/dataset_cropped/09_Metas/20/10/20190920101900_00160.jpg,datasets_cloudmask/dataset_cropped/09_Metas/20/10/20190920101900_00160.png,271.3,12.3,263.8,22.5,961
9/20/2019 10:20,datasets/dataset_cropped/09_Metas/20/10/20190920102000_00160.jpg,datasets_flow/dataset_cropped/09_Metas/20/10/20190920102000_00160.jpg,datasets_cloudmask/dataset_cropped/09_Metas/20/10/20190920102000_00160.png,255.8,2,254.8,22.4,961
9/20/2019 10:21,datasets/dataset_cropped/09_Metas/20/10/20190920102100_00160.jpg,datasets_flow/dataset_cropped/09_Metas/20/10/20190920102100_00160.jpg,datasets_cloudmask/dataset_cropped/09_Metas/20/10/20190920102100_00160.png,245.7,0.6,245.5,22.3,961
9/20/2019 10:22,datasets/dataset_cropped/09_Metas/20/10/20190920102200_00160.jpg,datasets_flow/dataset_cropped/09_Metas/20/10/20190920102200_00160.jpg,datasets_cloudmask/dataset_cropped/09_Metas/20/10/20190920102200_00160.png,239.9,1.2,239.3,22.3,961
9/20/2019 10:23,datasets/dataset_cropped/09_Metas/20/10/20190920102300_00160.jpg,datasets_flow/dataset_cropped/09_Metas/20/10/20190920102300_00160.jpg,datasets_cloudmask/dataset_cropped/09_Metas/20/10/20190920102300_00160.png,236.1,0.6,235.9,22.3,961
9/20/2019 10:24,datasets/dataset_cropped/09_Metas/20/10/20190920102400_00160.jpg,datasets_flow/dataset_cropped/09_Metas/20/10/20190920102400_00160.jpg,datasets_cloudmask/dataset_cropped/09_Metas/20/10/20190920102400_00160.png,238,0.9,237.7,22.2,961
9/20/2019 10:25,datasets/dataset_cropped/09_Metas/20/10/20190920102500_00160.jpg,datasets_flow/dataset_cropped/09_Metas/20/10/20190920102500_00160.jpg,datasets_cloudmask/dataset_cropped/09_Metas/20/10/20190920102500_00160.png,237.6,0.6,237.6,22.3,961
9/20/2019 10:26,datasets/dataset_cropped/09_Metas/20/10/20190920102600_00160.jpg,datasets_flow/dataset_cropped/09_Metas/20/10/20190920102600_00160.jpg,datasets_cloudmask/dataset_cropped/09_Metas/20/10/20190920102600_00160.png,237.3,0.8,237.4,22.4,961
9/20/2019 10:27,datasets/dataset_cropped/09_Metas/20/10/20190920102700_00160.jpg,datasets_flow/dataset_cropped/09_Metas/20/10/20190920102700_00160.jpg,datasets_cloudmask/dataset_cropped/09_Metas/20/10/20190920102700_00160.png,241.5,2.5,240.2,22.4,961
9/20/2019 10:28,datasets/dataset_cropped/09_Metas/20/10/20190920102800_00160.jpg,datasets_flow/dataset_cropped/09_Metas/20/10/20190920102800_00160.jpg,datasets_cloudmask/dataset_cropped/09_Metas/20/10/20190920102800_00160.png,245,0.7,244.8,22.4,961
9/20/2019 10:29,datasets/dataset_cropped/09_Metas/20/10/20190920102900_00160.jpg,datasets_flow/dataset_cropped/09_Metas/20/10/20190920102900_00160.jpg,datasets_cloudmask/dataset_cropped/09_Metas/20/10/20190920102900_00160.png,241.2,0.4,240.9,22.3,961
9/20/2019 10:30,datasets/dataset_cropped/09_Metas/20/10/20190920103000_00160.jpg,datasets_flow/dataset_cropped/09_Metas/20/10/20190920103000_00160.jpg,datasets_cloudmask/dataset_cropped/09_Metas/20/10/20190920103000_00160.png,254.3,4.9,250.7,22.3,961
9/20/2019 10:31,datasets/dataset_cropped/09_Metas/20/10/20190920103100_00160.jpg,datasets_flow/dataset_cropped/09_Metas/20/10/20190920103100_00160.jpg,datasets_cloudmask/dataset_cropped/09_Metas/20/10/20190920103100_00160.png,275.1,8.3,268.9,22.4,961
9/20/2019 10:32,datasets/dataset_cropped/09_Metas/20/10/20190920103200_00160.jpg,datasets_flow/dataset_cropped/09_Metas/20/10/20190920103200_00160.jpg,datasets_cloudmask/dataset_cropped/09_Metas/20/10/20190920103200_00160.png,268.9,7.5,263.7,22.4,961
9/20/2019 10:33,datasets/dataset_cropped/09_Metas/20/10/20190920103300_00160.jpg,datasets_flow/dataset_cropped/09_Metas/20/10/20190920103300_00160.jpg,datasets_cloudmask/dataset_cropped/09_Metas/20/10/20190920103300_00160.png,277,22.4,262.6,22.4,961
9/20/2019 10:34,datasets/dataset_cropped/09_Metas/20/10/20190920103400_00160.jpg,datasets_flow/dataset_cropped/09_Metas/20/10/20190920103400_00160.jpg,datasets_cloudmask/dataset_cropped/09_Metas/20/10/20190920103400_00160.png,268.2,8,263,22.4,961
9/20/2019 10:35,datasets/dataset_cropped/09_Metas/20/10/20190920103500_00160.jpg,datasets_flow/dataset_cropped/09_Metas/20/10/20190920103500_00160.jpg,datasets_cloudmask/dataset_cropped/09_Metas/20/10/20190920103500_00160.png,307.5,43.8,279.3,22.4,961
9/20/2019 10:36,datasets/dataset_cropped/09_Metas/20/10/20190920103600_00160.jpg,datasets_flow/dataset_cropped/09_Metas/20/10/20190920103600_00160.jpg,datasets_cloudmask/dataset_cropped/09_Metas/20/10/20190920103600_00160.png,342.6,100.4,274.8,22.4,961
9/20/2019 10:37,datasets/dataset_cropped/09_Metas/20/10/20190920103700_00160.jpg,datasets_flow/dataset_cropped/09_Metas/20/10/20190920103700_00160.jpg,datasets_cloudmask/dataset_cropped/09_Metas/20/10/20190920103700_00160.png,328.8,86.5,271.4,22.4,961
9/20/2019 10:38,datasets/dataset_cropped/09_Metas/20/10/20190920103800_00160.jpg,datasets_flow/dataset_cropped/09_Metas/20/10/20190920103800_00160.jpg,datasets_cloudmask/dataset_cropped/09_Metas/20/10/20190920103800_00160.png,250.8,2,250,22.4,961
9/20/2019 10:39,datasets/dataset_cropped/09_Metas/20/10/20190920103900_00160.jpg,datasets_flow/dataset_cropped/09_Metas/20/10/20190920103900_00160.jpg,datasets_cloudmask/dataset_cropped/09_Metas/20/10/20190920103900_00160.png,262.6,14.6,252.6,22.4,961
9/20/2019 10:40,datasets/dataset_cropped/09_Metas/20/10/20190920104000_00160.jpg,datasets_flow/dataset_cropped/09_Metas/20/10/20190920104000_00160.jpg,datasets_cloudmask/dataset_cropped/09_Metas/20/10/20190920104000_00160.png,415.2,166.7,301.8,22.5,961
9/20/2019 10:41,datasets/dataset_cropped/09_Metas/20/10/20190920104100_00160.jpg,datasets_flow/dataset_cropped/09_Metas/20/10/20190920104100_00160.jpg,datasets_cloudmask/dataset_cropped/09_Metas/20/10/20190920104100_00160.png,404.8,134.4,315.4,22.6,961
9/20/2019 10:42,datasets/dataset_cropped/09_Metas/20/10/20190920104200_00160.jpg,datasets_flow/dataset_cropped/09_Metas/20/10/20190920104200_00160.jpg,datasets_cloudmask/dataset_cropped/09_Metas/20/10/20190920104200_00160.png,536.4,332.5,314,22.6,961
9/20/2019 10:43,datasets/dataset_cropped/09_Metas/20/10/20190920104300_00160.jpg,datasets_flow/dataset_cropped/09_Metas/20/10/20190920104300_00160.jpg,datasets_cloudmask/dataset_cropped/09_Metas/20/10/20190920104300_00160.png,505.5,318.8,292.9,22.9,961
9/20/2019 10:44,datasets/dataset_cropped/09_Metas/20/10/20190920104400_00160.jpg,datasets_flow/dataset_cropped/09_Metas/20/10/20190920104400_00160.jpg,datasets_cloudmask/dataset_cropped/09_Metas/20/10/20190920104400_00160.png,491.7,304.6,288,23,961
9/20/2019 10:45,datasets/dataset_cropped/09_Metas/20/10/20190920104500_00160.jpg,datasets_flow/dataset_cropped/09_Metas/20/10/20190920104500_00160.jpg,datasets_cloudmask/dataset_cropped/09_Metas/20/10/20190920104500_00160.png,560.5,395.9,295.4,22.8,961
9/20/2019 10:46,datasets/dataset_cropped/09_Metas/20/10/20190920104600_00160.jpg,datasets_flow/dataset_cropped/09_Metas/20/10/20190920104600_00160.jpg,datasets_cloudmask/dataset_cropped/09_Metas/20/10/20190920104600_00160.png,603.4,448.9,302.4,22.9,961
9/20/2019 10:47,datasets/dataset_cropped/09_Metas/20/10/20190920104700_00160.jpg,datasets_flow/dataset_cropped/09_Metas/20/10/20190920104700_00160.jpg,datasets_cloudmask/dataset_cropped/09_Metas/20/10/20190920104700_00160.png,645.7,502.9,306.9,23,961
9/20/2019 10:48,datasets/dataset_cropped/09_Metas/20/10/20190920104800_00160.jpg,datasets_flow/dataset_cropped/09_Metas/20/10/20190920104800_00160.jpg,datasets_cloudmask/dataset_cropped/09_Metas/20/10/20190920104800_00160.png,680.4,546.1,311.5,23,961
9/20/2019 10:49,datasets/dataset_cropped/09_Metas/20/10/20190920104900_00160.jpg,datasets_flow/dataset_cropped/09_Metas/20/10/20190920104900_00160.jpg,datasets_cloudmask/dataset_cropped/09_Metas/20/10/20190920104900_00160.png,629.1,469.3,310.9,23,961
9/20/2019 10:50,datasets/dataset_cropped/09_Metas/20/10/20190920105000_00160.jpg,datasets_flow/dataset_cropped/09_Metas/20/10/20190920105000_00160.jpg,datasets_cloudmask/dataset_cropped/09_Metas/20/10/20190920105000_00160.png,575.4,393.4,308.4,23.2,961
9/20/2019 10:51,datasets/dataset_cropped/09_Metas/20/10/20190920105100_00160.jpg,datasets_flow/dataset_cropped/09_Metas/20/10/20190920105100_00160.jpg,datasets_cloudmask/dataset_cropped/09_Metas/20/10/20190920105100_00160.png,553.5,367.8,303.1,23.5,961
9/20/2019 10:52,datasets/dataset_cropped/09_Metas/20/10/20190920105200_00160.jpg,datasets_flow/dataset_cropped/09_Metas/20/10/20190920105200_00160.jpg,datasets_cloudmask/dataset_cropped/09_Metas/20/10/20190920105200_00160.png,520.8,321.1,301,23.4,961
9/20/2019 10:53,datasets/dataset_cropped/09_Metas/20/10/20190920105300_00160.jpg,datasets_flow/dataset_cropped/09_Metas/20/10/20190920105300_00160.jpg,datasets_cloudmask/dataset_cropped/09_Metas/20/10/20190920105300_00160.png,525.4,319,305.9,23.4,961
9/20/2019 10:54,datasets/dataset_cropped/09_Metas/20/10/20190920105400_00160.jpg,datasets_flow/dataset_cropped/09_Metas/20/10/20190920105400_00160.jpg,datasets_cloudmask/dataset_cropped/09_Metas/20/10/20190920105400_00160.png,623.3,435.8,322.9,23.6,961
9/20/2019 10:55,datasets/dataset_cropped/09_Metas/20/10/20190920105500_00160.jpg,datasets_flow/dataset_cropped/09_Metas/20/10/20190920105500_00160.jpg,datasets_cloudmask/dataset_cropped/09_Metas/20/10/20190920105500_00160.png,639.7,439.4,336,23.5,961
9/20/2019 10:56,datasets/dataset_cropped/09_Metas/20/10/20190920105600_00160.jpg,datasets_flow/dataset_cropped/09_Metas/20/10/20190920105600_00160.jpg,datasets_cloudmask/dataset_cropped/09_Metas/20/10/20190920105600_00160.png,682.6,482,348,23.4,961
9/20/2019 10:57,datasets/dataset_cropped/09_Metas/20/10/20190920105700_00160.jpg,datasets_flow/dataset_cropped/09_Metas/20/10/20190920105700_00160.jpg,datasets_cloudmask/dataset_cropped/09_Metas/20/10/20190920105700_00160.png,662.9,455,346.7,23.3,961
9/20/2019 10:58,datasets/dataset_cropped/09_Metas/20/10/20190920105800_00160.jpg,datasets_flow/dataset_cropped/09_Metas/20/10/20190920105800_00160.jpg,datasets_cloudmask/dataset_cropped/09_Metas/20/10/20190920105800_00160.png,464,167.2,344.1,23.2,961
9/20/2019 10:59,datasets/dataset_cropped/09_Metas/20/10/20190920105900_00160.jpg,datasets_flow/dataset_cropped/09_Metas/20/10/20190920105900_00160.jpg,datasets_cloudmask/dataset_cropped/09_Metas/20/10/20190920105900_00160.png,365,23.5,347.1,23.1,961
9/20/2019 11:00,datasets/dataset_cropped/09_Metas/20/11/20190920110000_00160.jpg,datasets_flow/dataset_cropped/09_Metas/20/11/20190920110000_00160.jpg,datasets_cloudmask/dataset_cropped/09_Metas/20/11/20190920110000_00160.png,458.9,99.6,388.8,23,961
9/20/2019 11:01,datasets/dataset_cropped/09_Metas/20/11/20190920110100_00160.jpg,datasets_flow/dataset_cropped/09_Metas/20/11/20190920110100_00160.jpg,datasets_cloudmask/dataset_cropped/09_Metas/20/11/20190920110100_00160.png,668.6,336.3,431.1,23,961
9/20/2019 11:02,datasets/dataset_cropped/09_Metas/20/11/20190920110200_00160.jpg,datasets_flow/dataset_cropped/09_Metas/20/11/20190920110200_00160.jpg,datasets_cloudmask/dataset_cropped/09_Metas/20/11/20190920110200_00160.png,737,430.4,433.3,23.1,961
9/20/2019 11:03,datasets/dataset_cropped/09_Metas/20/11/20190920110300_00160.jpg,datasets_flow/dataset_cropped/09_Metas/20/11/20190920110300_00160.jpg,datasets_cloudmask/dataset_cropped/09_Metas/20/11/20190920110300_00160.png,729.2,446.5,414.1,23.5,961
9/20/2019 11:04,datasets/dataset_cropped/09_Metas/20/11/20190920110400_00160.jpg,datasets_flow/dataset_cropped/09_Metas/20/11/20190920110400_00160.jpg,datasets_cloudmask/dataset_cropped/09_Metas/20/11/20190920110400_00160.png,530.5,199,387.5,23.4,961
9/20/2019 11:05,datasets/dataset_cropped/09_Metas/20/11/20190920110500_00160.jpg,datasets_flow/dataset_cropped/09_Metas/20/11/20190920110500_00160.jpg,datasets_cloudmask/dataset_cropped/09_Metas/20/11/20190920110500_00160.png,363.7,1.7,362.4,23.4,961
9/20/2019 11:06,datasets/dataset_cropped/09_Metas/20/11/20190920110600_00160.jpg,datasets_flow/dataset_cropped/09_Metas/20/11/20190920110600_00160.jpg,datasets_cloudmask/dataset_cropped/09_Metas/20/11/20190920110600_00160.png,381.8,17.1,369.2,23.3,961
9/20/2019 11:07,datasets/dataset_cropped/09_Metas/20/11/20190920110700_00160.jpg,datasets_flow/dataset_cropped/09_Metas/20/11/20190920110700_00160.jpg,datasets_cloudmask/dataset_cropped/09_Metas/20/11/20190920110700_00160.png,574,226.1,412.8,23.3,961
9/20/2019 11:08,datasets/dataset_cropped/09_Metas/20/11/20190920110800_00160.jpg,datasets_flow/dataset_cropped/09_Metas/20/11/20190920110800_00160.jpg,datasets_cloudmask/dataset_cropped/09_Metas/20/11/20190920110800_00160.png,693.1,353.5,439.1,23.5,961
9/20/2019 11:09,datasets/dataset_cropped/09_Metas/20/11/20190920110900_00160.jpg,datasets_flow/dataset_cropped/09_Metas/20/11/20190920110900_00160.jpg,datasets_cloudmask/dataset_cropped/09_Metas/20/11/20190920110900_00160.png,635.5,291.4,425.5,23.6,961
9/20/2019 11:10,datasets/dataset_cropped/09_Metas/20/11/20190920111000_00160.jpg,datasets_flow/dataset_cropped/09_Metas/20/11/20190920111000_00160.jpg,datasets_cloudmask/dataset_cropped/09_Metas/20/11/20190920111000_00160.png,516.9,176,389.8,23.8,961
9/20/2019 11:11,datasets/dataset_cropped/09_Metas/20/11/20190920111100_00160.jpg,datasets_flow/dataset_cropped/09_Metas/20/11/20190920111100_00160.jpg,datasets_cloudmask/dataset_cropped/09_Metas/20/11/20190920111100_00160.png,357.4,13.8,346.8,23.7,961
9/20/2019 11:12,datasets/dataset_cropped/09_Metas/20/11/20190920111200_00160.jpg,datasets_flow/dataset_cropped/09_Metas/20/11/20190920111200_00160.jpg,datasets_cloudmask/dataset_cropped/09_Metas/20/11/20190920111200_00160.png,331.8,1.6,330.4,23.4,961
9/20/2019 11:13,datasets/dataset_cropped/09_Metas/20/11/20190920111300_00160.jpg,datasets_flow/dataset_cropped/09_Metas/20/11/20190920111300_00160.jpg,datasets_cloudmask/dataset_cropped/09_Metas/20/11/20190920111300_00160.png,341.8,1.1,340.5,23.4,961
9/20/2019 11:14,datasets/dataset_cropped/09_Metas/20/11/20190920111400_00160.jpg,datasets_flow/dataset_cropped/09_Metas/20/11/20190920111400_00160.jpg,datasets_cloudmask/dataset_cropped/09_Metas/20/11/20190920111400_00160.png,387.7,24,369.7,23.5,961
9/20/2019 11:15,datasets/dataset_cropped/09_Metas/20/11/20190920111500_00160.jpg,datasets_flow/dataset_cropped/09_Metas/20/11/20190920111500_00160.jpg,datasets_cloudmask/dataset_cropped/09_Metas/20/11/20190920111500_00160.png,455.3,75.6,398.8,23.5,961
9/20/2019 11:16,datasets/dataset_cropped/09_Metas/20/11/20190920111600_00160.jpg,datasets_flow/dataset_cropped/09_Metas/20/11/20190920111600_00160.jpg,datasets_cloudmask/dataset_cropped/09_Metas/20/11/20190920111600_00160.png,440.4,58.3,397.1,23.4,961
9/20/2019 11:17,datasets/dataset_cropped/09_Metas/20/11/20190920111700_00160.jpg,datasets_flow/dataset_cropped/09_Metas/20/11/20190920111700_00160.jpg,datasets_cloudmask/dataset_cropped/09_Metas/20/11/20190920111700_00160.png,440,69.8,388,23.6,961
9/20/2019 11:18,datasets/dataset_cropped/09_Metas/20/11/20190920111800_00160.jpg,datasets_flow/dataset_cropped/09_Metas/20/11/20190920111800_00160.jpg,datasets_cloudmask/dataset_cropped/09_Metas/20/11/20190920111800_00160.png,401.7,31.8,377.4,23.6,961
9/20/2019 11:19,datasets/dataset_cropped/09_Metas/20/11/20190920111900_00160.jpg,datasets_flow/dataset_cropped/09_Metas/20/11/20190920111900_00160.jpg,datasets_cloudmask/dataset_cropped/09_Metas/20/11/20190920111900_00160.png,372.2,6.4,366.6,23.5,961
9/20/2019 11:20,datasets/dataset_cropped/09_Metas/20/11/20190920112000_00160.jpg,datasets_flow/dataset_cropped/09_Metas/20/11/20190920112000_00160.jpg,datasets_cloudmask/dataset_cropped/09_Metas/20/11/20190920112000_00160.png,360.6,17.4,347.1,23.5,961
9/20/2019 11:21,datasets/dataset_cropped/09_Metas/20/11/20190920112100_00160.jpg,datasets_flow/dataset_cropped/09_Metas/20/11/20190920112100_00160.jpg,datasets_cloudmask/dataset_cropped/09_Metas/20/11/20190920112100_00160.png,313,0.4,312.1,23.6,961
9/20/2019 11:22,datasets/dataset_cropped/09_Metas/20/11/20190920112200_00160.jpg,datasets_flow/dataset_cropped/09_Metas/20/11/20190920112200_00160.jpg,datasets_cloudmask/dataset_cropped/09_Metas/20/11/20190920112200_00160.png,279.8,0,279.4,23.4,961
9/20/2019 11:23,datasets/dataset_cropped/09_Metas/20/11/20190920112300_00160.jpg,datasets_flow/dataset_cropped/09_Metas/20/11/20190920112300_00160.jpg,datasets_cloudmask/dataset_cropped/09_Metas/20/11/20190920112300_00160.png,255.3,0,255.2,23.2,961
9/20/2019 11:24,datasets/dataset_cropped/09_Metas/20/11/20190920112400_00160.jpg,datasets_flow/dataset_cropped/09_Metas/20/11/20190920112400_00160.jpg,datasets_cloudmask/dataset_cropped/09_Metas/20/11/20190920112400_00160.png,245.1,0,245.3,23,961
9/20/2019 11:25,datasets/dataset_cropped/09_Metas/20/11/20190920112500_00160.jpg,datasets_flow/dataset_cropped/09_Metas/20/11/20190920112500_00160.jpg,datasets_cloudmask/dataset_cropped/09_Metas/20/11/20190920112500_00160.png,249.2,0,249.5,23,961
9/20/2019 11:26,datasets/dataset_cropped/09_Metas/20/11/20190920112600_00160.jpg,datasets_flow/dataset_cropped/09_Metas/20/11/20190920112600_00160.jpg,datasets_cloudmask/dataset_cropped/09_Metas/20/11/20190920112600_00160.png,257.1,2.2,255.3,23,961
9/20/2019 11:27,datasets/dataset_cropped/09_Metas/20/11/20190920112700_00160.jpg,datasets_flow/dataset_cropped/09_Metas/20/11/20190920112700_00160.jpg,datasets_cloudmask/dataset_cropped/09_Metas/20/11/20190920112700_00160.png,255.7,0,255.6,23.1,961
9/20/2019 11:28,datasets/dataset_cropped/09_Metas/20/11/20190920112800_00160.jpg,datasets_flow/dataset_cropped/09_Metas/20/11/20190920112800_00160.jpg,datasets_cloudmask/dataset_cropped/09_Metas/20/11/20190920112800_00160.png,263.3,0.3,262.7,23.3,961
9/20/2019 11:29,datasets/dataset_cropped/09_Metas/20/11/20190920112900_00160.jpg,datasets_flow/dataset_cropped/09_Metas/20/11/20190920112900_00160.jpg,datasets_cloudmask/dataset_cropped/09_Metas/20/11/20190920112900_00160.png,284.7,3.1,281.4,23.2,961
9/20/2019 11:30,datasets/dataset_cropped/09_Metas/20/11/20190920113000_00160.jpg,datasets_flow/dataset_cropped/09_Metas/20/11/20190920113000_00160.jpg,datasets_cloudmask/dataset_cropped/09_Metas/20/11/20190920113000_00160.png,312,3.5,308.2,23.3,961
9/20/2019 11:31,datasets/dataset_cropped/09_Metas/20/11/20190920113100_00160.jpg,datasets_flow/dataset_cropped/09_Metas/20/11/20190920113100_00160.jpg,datasets_cloudmask/dataset_cropped/09_Metas/20/11/20190920113100_00160.png,336.3,1.2,334.5,23.3,961
9/20/2019 11:32,datasets/dataset_cropped/09_Metas/20/11/20190920113200_00160.jpg,datasets_flow/dataset_cropped/09_Metas/20/11/20190920113200_00160.jpg,datasets_cloudmask/dataset_cropped/09_Metas/20/11/20190920113200_00160.png,344.7,0.1,344,23.2,961
9/20/2019 11:33,datasets/dataset_cropped/09_Metas/20/11/20190920113300_00160.jpg,datasets_flow/dataset_cropped/09_Metas/20/11/20190920113300_00160.jpg,datasets_cloudmask/dataset_cropped/09_Metas/20/11/20190920113300_00160.png,347,0.7,346,23.3,961
9/20/2019 11:34,datasets/dataset_cropped/09_Metas/20/11/20190920113400_00160.jpg,datasets_flow/dataset_cropped/09_Metas/20/11/20190920113400_00160.jpg,datasets_cloudmask/dataset_cropped/09_Metas/20/11/20190920113400_00160.png,325.5,0.7,324.9,23.4,961
9/20/2019 11:35,datasets/dataset_cropped/09_Metas/20/11/20190920113500_00160.jpg,datasets_flow/dataset_cropped/09_Metas/20/11/20190920113500_00160.jpg,datasets_cloudmask/dataset_cropped/09_Metas/20/11/20190920113500_00160.png,297,0.7,296.4,23.3,961
9/20/2019 11:36,datasets/dataset_cropped/09_Metas/20/11/20190920113600_00160.jpg,datasets_flow/dataset_cropped/09_Metas/20/11/20190920113600_00160.jpg,datasets_cloudmask/dataset_cropped/09_Metas/20/11/20190920113600_00160.png,270.6,0.6,270.3,23.3,961
9/20/2019 11:37,datasets/dataset_cropped/09_Metas/20/11/20190920113700_00160.jpg,datasets_flow/dataset_cropped/09_Metas/20/11/20190920113700_00160.jpg,datasets_cloudmask/dataset_cropped/09_Metas/20/11/20190920113700_00160.png,250.4,0.6,250.3,23.4,961
9/20/2019 11:38,datasets/dataset_cropped/09_Metas/20/11/20190920113800_00160.jpg,datasets_flow/dataset_cropped/09_Metas/20/11/20190920113800_00160.jpg,datasets_cloudmask/dataset_cropped/09_Metas/20/11/20190920113800_00160.png,243.2,0.7,243.1,23.3,961
9/20/2019 11:39,datasets/dataset_cropped/09_Metas/20/11/20190920113900_00160.jpg,datasets_flow/dataset_cropped/09_Metas/20/11/20190920113900_00160.jpg,datasets_cloudmask/dataset_cropped/09_Metas/20/11/20190920113900_00160.png,251.9,0.5,251.7,23.2,961
9/20/2019 11:40,datasets/dataset_cropped/09_Metas/20/11/20190920114000_00160.jpg,datasets_flow/dataset_cropped/09_Metas/20/11/20190920114000_00160.jpg,datasets_cloudmask/dataset_cropped/09_Metas/20/11/20190920114000_00160.png,267.3,0.2,267,23.2,961
9/20/2019 11:41,datasets/dataset_cropped/09_Metas/20/11/20190920114100_00160.jpg,datasets_flow/dataset_cropped/09_Metas/20/11/20190920114100_00160.jpg,datasets_cloudmask/dataset_cropped/09_Metas/20/11/20190920114100_00160.png,297.2,6.2,291.8,23.1,961
9/20/2019 11:42,datasets/dataset_cropped/09_Metas/20/11/20190920114200_00160.jpg,datasets_flow/dataset_cropped/09_Metas/20/11/20190920114200_00160.jpg,datasets_cloudmask/dataset_cropped/09_Metas/20/11/20190920114200_00160.png,294.1,0.4,293.4,23,961
9/20/2019 11:43,datasets/dataset_cropped/09_Metas/20/11/20190920114300_00160.jpg,datasets_flow/dataset_cropped/09_Metas/20/11/20190920114300_00160.jpg,datasets_cloudmask/dataset_cropped/09_Metas/20/11/20190920114300_00160.png,282.1,0.3,281.3,22.9,961
9/20/2019 11:44,datasets/dataset_cropped/09_Metas/20/11/20190920114400_00160.jpg,datasets_flow/dataset_cropped/09_Metas/20/11/20190920114400_00160.jpg,datasets_cloudmask/dataset_cropped/09_Metas/20/11/20190920114400_00160.png,268.8,0.3,268,22.9,961
9/20/2019 11:45,datasets/dataset_cropped/09_Metas/20/11/20190920114500_00160.jpg,datasets_flow/dataset_cropped/09_Metas/20/11/20190920114500_00160.jpg,datasets_cloudmask/dataset_cropped/09_Metas/20/11/20190920114500_00160.png,252.8,0.1,252.3,22.9,961
9/20/2019 11:46,datasets/dataset_cropped/09_Metas/20/11/20190920114600_00160.jpg,datasets_flow/dataset_cropped/09_Metas/20/11/20190920114600_00160.jpg,datasets_cloudmask/dataset_cropped/09_Metas/20/11/20190920114600_00160.png,234.7,0,234.4,22.9,961
9/20/2019 11:47,datasets/dataset_cropped/09_Metas/20/11/20190920114700_00160.jpg,datasets_flow/dataset_cropped/09_Metas/20/11/20190920114700_00160.jpg,datasets_cloudmask/dataset_cropped/09_Metas/20/11/20190920114700_00160.png,221.4,0,221,22.9,961
9/20/2019 11:48,datasets/dataset_cropped/09_Metas/20/11/20190920114800_00160.jpg,datasets_flow/dataset_cropped/09_Metas/20/11/20190920114800_00160.jpg,datasets_cloudmask/dataset_cropped/09_Metas/20/11/20190920114800_00160.png,217.8,0,217.4,23,961
9/20/2019 11:49,datasets/dataset_cropped/09_Metas/20/11/20190920114900_00160.jpg,datasets_flow/dataset_cropped/09_Metas/20/11/20190920114900_00160.jpg,datasets_cloudmask/dataset_cropped/09_Metas/20/11/20190920114900_00160.png,226.7,0,226.4,23,961
9/20/2019 11:50,datasets/dataset_cropped/09_Metas/20/11/20190920115000_00160.jpg,datasets_flow/dataset_cropped/09_Metas/20/11/20190920115000_00160.jpg,datasets_cloudmask/dataset_cropped/09_Metas/20/11/20190920115000_00160.png,238.7,0,238.5,22.8,961
9/20/2019 11:51,datasets/dataset_cropped/09_Metas/20/11/20190920115100_00160.jpg,datasets_flow/dataset_cropped/09_Metas/20/11/20190920115100_00160.jpg,datasets_cloudmask/dataset_cropped/09_Metas/20/11/20190920115100_00160.png,248.8,0,248.7,22.8,961
9/20/2019 11:52,datasets/dataset_cropped/09_Metas/20/11/20190920115200_00160.jpg,datasets_flow/dataset_cropped/09_Metas/20/11/20190920115200_00160.jpg,datasets_cloudmask/dataset_cropped/09_Metas/20/11/20190920115200_00160.png,259.2,0.3,259.1,23,961
9/20/2019 11:53,datasets/dataset_cropped/09_Metas/20/11/20190920115300_00160.jpg,datasets_flow/dataset_cropped/09_Metas/20/11/20190920115300_00160.jpg,datasets_cloudmask/dataset_cropped/09_Metas/20/11/20190920115300_00160.png,274.1,0.7,274.2,23,961
9/20/2019 11:54,datasets/dataset_cropped/09_Metas/20/11/20190920115400_00160.jpg,datasets_flow/dataset_cropped/09_Metas/20/11/20190920115400_00160.jpg,datasets_cloudmask/dataset_cropped/09_Metas/20/11/20190920115400_00160.png,293.3,1.1,292.8,22.9,961
9/20/2019 11:55,datasets/dataset_cropped/09_Metas/20/11/20190920115500_00160.jpg,datasets_flow/dataset_cropped/09_Metas/20/11/20190920115500_00160.jpg,datasets_cloudmask/dataset_cropped/09_Metas/20/11/20190920115500_00160.png,310.2,1.7,308.6,22.9,961
9/20/2019 11:56,datasets/dataset_cropped/09_Metas/20/11/20190920115600_00160.jpg,datasets_flow/dataset_cropped/09_Metas/20/11/20190920115600_00160.jpg,datasets_cloudmask/dataset_cropped/09_Metas/20/11/20190920115600_00160.png,334.2,5.4,329.5,23,961
9/20/2019 11:57,datasets/dataset_cropped/09_Metas/20/11/20190920115700_00160.jpg,datasets_flow/dataset_cropped/09_Metas/20/11/20190920115700_00160.jpg,datasets_cloudmask/dataset_cropped/09_Metas/20/11/20190920115700_00160.png,440.5,101.9,363.1,23.1,961
9/20/2019 11:58,datasets/dataset_cropped/09_Metas/20/11/20190920115800_00160.jpg,datasets_flow/dataset_cropped/09_Metas/20/11/20190920115800_00160.jpg,datasets_cloudmask/dataset_cropped/09_Metas/20/11/20190920115800_00160.png,526.5,162.6,398.9,23.2,961
9/20/2019 11:59,datasets/dataset_cropped/09_Metas/20/11/20190920115900_00160.jpg,datasets_flow/dataset_cropped/09_Metas/20/11/20190920115900_00160.jpg,datasets_cloudmask/dataset_cropped/09_Metas/20/11/20190920115900_00160.png,545.1,154.8,422.8,23.4,961
9/20/2019 12:00,datasets/dataset_cropped/09_Metas/20/12/20190920120000_00160.jpg,datasets_flow/dataset_cropped/09_Metas/20/12/20190920120000_00160.jpg,datasets_cloudmask/dataset_cropped/09_Metas/20/12/20190920120000_00160.png,505.9,96.9,429.8,23.4,961
9/20/2019 12:01,datasets/dataset_cropped/09_Metas/20/12/20190920120100_00160.jpg,datasets_flow/dataset_cropped/09_Metas/20/12/20190920120100_00160.jpg,datasets_cloudmask/dataset_cropped/09_Metas/20/12/20190920120100_00160.png,482.1,65.1,430.8,23.5,961
9/20/2019 12:02,datasets/dataset_cropped/09_Metas/20/12/20190920120200_00160.jpg,datasets_flow/dataset_cropped/09_Metas/20/12/20190920120200_00160.jpg,datasets_cloudmask/dataset_cropped/09_Metas/20/12/20190920120200_00160.png,442.7,29.4,418.8,23.6,961
9/20/2019 12:03,datasets/dataset_cropped/09_Metas/20/12/20190920120300_00160.jpg,datasets_flow/dataset_cropped/09_Metas/20/12/20190920120300_00160.jpg,datasets_cloudmask/dataset_cropped/09_Metas/20/12/20190920120300_00160.png,403.9,2.3,402.2,23.5,961
9/20/2019 12:04,datasets/dataset_cropped/09_Metas/20/12/20190920120400_00160.jpg,datasets_flow/dataset_cropped/09_Metas/20/12/20190920120400_00160.jpg,datasets_cloudmask/dataset_cropped/09_Metas/20/12/20190920120400_00160.png,409.9,2.2,408.6,23.5,961
9/20/2019 12:05,datasets/dataset_cropped/09_Metas/20/12/20190920120500_00160.jpg,datasets_flow/dataset_cropped/09_Metas/20/12/20190920120500_00160.jpg,datasets_cloudmask/dataset_cropped/09_Metas/20/12/20190920120500_00160.png,424.3,2.5,422.9,23.5,961
9/20/2019 12:06,datasets/dataset_cropped/09_Metas/20/12/20190920120600_00160.jpg,datasets_flow/dataset_cropped/09_Metas/20/12/20190920120600_00160.jpg,datasets_cloudmask/dataset_cropped/09_Metas/20/12/20190920120600_00160.png,442.1,6.9,436.6,23.5,961
9/20/2019 12:07,datasets/dataset_cropped/09_Metas/20/12/20190920120700_00160.jpg,datasets_flow/dataset_cropped/09_Metas/20/12/20190920120700_00160.jpg,datasets_cloudmask/dataset_cropped/09_Metas/20/12/20190920120700_00160.png,529.5,109.8,442.8,23.5,961
9/20/2019 12:08,datasets/dataset_cropped/09_Metas/20/12/20190920120800_00160.jpg,datasets_flow/dataset_cropped/09_Metas/20/12/20190920120800_00160.jpg,datasets_cloudmask/dataset_cropped/09_Metas/20/12/20190920120800_00160.png,454.1,54,411.2,23.7,961
9/20/2019 12:09,datasets/dataset_cropped/09_Metas/20/12/20190920120900_00160.jpg,datasets_flow/dataset_cropped/09_Metas/20/12/20190920120900_00160.jpg,datasets_cloudmask/dataset_cropped/09_Metas/20/12/20190920120900_00160.png,385.9,2.6,384.4,23.7,961
9/20/2019 12:10,datasets/dataset_cropped/09_Metas/20/12/20190920121000_00160.jpg,datasets_flow/dataset_cropped/09_Metas/20/12/20190920121000_00160.jpg,datasets_cloudmask/dataset_cropped/09_Metas/20/12/20190920121000_00160.png,382.4,1.7,381.3,23.5,961
9/20/2019 12:11,datasets/dataset_cropped/09_Metas/20/12/20190920121100_00160.jpg,datasets_flow/dataset_cropped/09_Metas/20/12/20190920121100_00160.jpg,datasets_cloudmask/dataset_cropped/09_Metas/20/12/20190920121100_00160.png,382.8,2,380.8,23.6,961
9/20/2019 12:12,datasets/dataset_cropped/09_Metas/20/12/20190920121200_00160.jpg,datasets_flow/dataset_cropped/09_Metas/20/12/20190920121200_00160.jpg,datasets_cloudmask/dataset_cropped/09_Metas/20/12/20190920121200_00160.png,402.1,38.2,371.2,23.5,961
9/20/2019 12:13,datasets/dataset_cropped/09_Metas/20/12/20190920121300_00160.jpg,datasets_flow/dataset_cropped/09_Metas/20/12/20190920121300_00160.jpg,datasets_cloudmask/dataset_cropped/09_Metas/20/12/20190920121300_00160.png,349.4,1.4,348.1,23.4,961
9/20/2019 12:14,datasets/dataset_cropped/09_Metas/20/12/20190920121400_00160.jpg,datasets_flow/dataset_cropped/09_Metas/20/12/20190920121400_00160.jpg,datasets_cloudmask/dataset_cropped/09_Metas/20/12/20190920121400_00160.png,335.1,0.8,334.4,23.4,961
9/20/2019 12:15,datasets/dataset_cropped/09_Metas/20/12/20190920121500_00160.jpg,datasets_flow/dataset_cropped/09_Metas/20/12/20190920121500_00160.jpg,datasets_cloudmask/dataset_cropped/09_Metas/20/12/20190920121500_00160.png,338,3.9,334,23.3,961
9/20/2019 12:16,datasets/dataset_cropped/09_Metas/20/12/20190920121600_00160.jpg,datasets_flow/dataset_cropped/09_Metas/20/12/20190920121600_00160.jpg,datasets_cloudmask/dataset_cropped/09_Metas/20/12/20190920121600_00160.png,331.7,0.2,330.9,23.1,961
9/20/2019 12:17,datasets/dataset_cropped/09_Metas/20/12/20190920121700_00160.jpg,datasets_flow/dataset_cropped/09_Metas/20/12/20190920121700_00160.jpg,datasets_cloudmask/dataset_cropped/09_Metas/20/12/20190920121700_00160.png,321.9,0,321,23.1,961
9/20/2019 12:18,datasets/dataset_cropped/09_Metas/20/12/20190920121800_00160.jpg,datasets_flow/dataset_cropped/09_Metas/20/12/20190920121800_00160.jpg,datasets_cloudmask/dataset_cropped/09_Metas/20/12/20190920121800_00160.png,303.7,0,302.7,23.2,961
9/20/2019 12:19,datasets/dataset_cropped/09_Metas/20/12/20190920121900_00160.jpg,datasets_flow/dataset_cropped/09_Metas/20/12/20190920121900_00160.jpg,datasets_cloudmask/dataset_cropped/09_Metas/20/12/20190920121900_00160.png,287.4,0,286.3,23.3,961
9/20/2019 12:20,datasets/dataset_cropped/09_Metas/20/12/20190920122000_00160.jpg,datasets_flow/dataset_cropped/09_Metas/20/12/20190920122000_00160.jpg,datasets_cloudmask/dataset_cropped/09_Metas/20/12/20190920122000_00160.png,279.2,0,277.9,23.4,961
9/20/2019 12:21,datasets/dataset_cropped/09_Metas/20/12/20190920122100_00160.jpg,datasets_flow/dataset_cropped/09_Metas/20/12/20190920122100_00160.jpg,datasets_cloudmask/dataset_cropped/09_Metas/20/12/20190920122100_00160.png,285.9,10.4,276.1,23.4,961
9/20/2019 12:22,datasets/dataset_cropped/09_Metas/20/12/20190920122200_00160.jpg,datasets_flow/dataset_cropped/09_Metas/20/12/20190920122200_00160.jpg,datasets_cloudmask/dataset_cropped/09_Metas/20/12/20190920122200_00160.png,274,2.6,270.3,23.4,961
9/20/2019 12:23,datasets/dataset_cropped/09_Metas/20/12/20190920122300_00160.jpg,datasets_flow/dataset_cropped/09_Metas/20/12/20190920122300_00160.jpg,datasets_cloudmask/dataset_cropped/09_Metas/20/12/20190920122300_00160.png,286.9,6.2,280.2,23.4,961
9/20/2019 12:24,datasets/dataset_cropped/09_Metas/20/12/20190920122400_00160.jpg,datasets_flow/dataset_cropped/09_Metas/20/12/20190920122400_00160.jpg,datasets_cloudmask/dataset_cropped/09_Metas/20/12/20190920122400_00160.png,317.6,12.8,305.5,23.4,961
9/20/2019 12:25,datasets/dataset_cropped/09_Metas/20/12/20190920122500_00160.jpg,datasets_flow/dataset_cropped/09_Metas/20/12/20190920122500_00160.jpg,datasets_cloudmask/dataset_cropped/09_Metas/20/12/20190920122500_00160.png,328.9,7.6,321,23.2,961
9/20/2019 12:26,datasets/dataset_cropped/09_Metas/20/12/20190920122600_00160.jpg,datasets_flow/dataset_cropped/09_Metas/20/12/20190920122600_00160.jpg,datasets_cloudmask/dataset_cropped/09_Metas/20/12/20190920122600_00160.png,336.9,1.1,334.4,23.1,961
9/20/2019 12:27,datasets/dataset_cropped/09_Metas/20/12/20190920122700_00160.jpg,datasets_flow/dataset_cropped/09_Metas/20/12/20190920122700_00160.jpg,datasets_cloudmask/dataset_cropped/09_Metas/20/12/20190920122700_00160.png,342.7,1.8,339.9,23.1,961
9/20/2019 12:28,datasets/dataset_cropped/09_Metas/20/12/20190920122800_00160.jpg,datasets_flow/dataset_cropped/09_Metas/20/12/20190920122800_00160.jpg,datasets_cloudmask/dataset_cropped/09_Metas/20/12/20190920122800_00160.png,334.8,0.6,332.4,23.1,961
9/20/2019 12:29,datasets/dataset_cropped/09_Metas/20/12/20190920122900_00160.jpg,datasets_flow/dataset_cropped/09_Metas/20/12/20190920122900_00160.jpg,datasets_cloudmask/dataset_cropped/09_Metas/20/12/20190920122900_00160.png,344.7,0.3,342.6,23,961
9/20/2019 12:30,datasets/dataset_cropped/09_Metas/20/12/20190920123000_00160.jpg,datasets_flow/dataset_cropped/09_Metas/20/12/20190920123000_00160.jpg,datasets_cloudmask/dataset_cropped/09_Metas/20/12/20190920123000_00160.png,365.6,0.7,363.3,23,961
9/20/2019 12:31,datasets/dataset_cropped/09_Metas/20/12/20190920123100_00160.jpg,datasets_flow/dataset_cropped/09_Metas/20/12/20190920123100_00160.jpg,datasets_cloudmask/dataset_cropped/09_Metas/20/12/20190920123100_00160.png,396.9,3.4,392.6,23.1,961
9/20/2019 12:32,datasets/dataset_cropped/09_Metas/20/12/20190920123200_00160.jpg,datasets_flow/dataset_cropped/09_Metas/20/12/20190920123200_00160.jpg,datasets_cloudmask/dataset_cropped/09_Metas/20/12/20190920123200_00160.png,418.7,1.7,416.5,23.2,961
9/20/2019 12:33,datasets/dataset_cropped/09_Metas/20/12/20190920123300_00160.jpg,datasets_flow/dataset_cropped/09_Metas/20/12/20190920123300_00160.jpg,datasets_cloudmask/dataset_cropped/09_Metas/20/12/20190920123300_00160.png,453.9,23.3,434.5,23.3,961
9/20/2019 12:34,datasets/dataset_cropped/09_Metas/20/12/20190920123400_00160.jpg,datasets_flow/dataset_cropped/09_Metas/20/12/20190920123400_00160.jpg,datasets_cloudmask/dataset_cropped/09_Metas/20/12/20190920123400_00160.png,516.9,69.2,460.4,23.5,961
9/20/2019 12:35,datasets/dataset_cropped/09_Metas/20/12/20190920123500_00160.jpg,datasets_flow/dataset_cropped/09_Metas/20/12/20190920123500_00160.jpg,datasets_cloudmask/dataset_cropped/09_Metas/20/12/20190920123500_00160.png,511.2,55,466.3,23.5,961
9/20/2019 12:36,datasets/dataset_cropped/09_Metas/20/12/20190920123600_00160.jpg,datasets_flow/dataset_cropped/09_Metas/20/12/20190920123600_00160.jpg,datasets_cloudmask/dataset_cropped/09_Metas/20/12/20190920123600_00160.png,477.8,22.1,459.3,23.3,961
9/20/2019 12:37,datasets/dataset_cropped/09_Metas/20/12/20190920123700_00160.jpg,datasets_flow/dataset_cropped/09_Metas/20/12/20190920123700_00160.jpg,datasets_cloudmask/dataset_cropped/09_Metas/20/12/20190920123700_00160.png,438.2,9.4,429.9,23.3,961
9/20/2019 12:38,datasets/dataset_cropped/09_Metas/20/12/20190920123800_00160.jpg,datasets_flow/dataset_cropped/09_Metas/20/12/20190920123800_00160.jpg,datasets_cloudmask/dataset_cropped/09_Metas/20/12/20190920123800_00160.png,428.2,8.4,420.9,23.4,961
9/20/2019 12:39,datasets/dataset_cropped/09_Metas/20/12/20190920123900_00160.jpg,datasets_flow/dataset_cropped/09_Metas/20/12/20190920123900_00160.jpg,datasets_cloudmask/dataset_cropped/09_Metas/20/12/20190920123900_00160.png,442.1,3.9,438.4,23.6,961
9/20/2019 12:40,datasets/dataset_cropped/09_Metas/20/12/20190920124000_00160.jpg,datasets_flow/dataset_cropped/09_Metas/20/12/20190920124000_00160.jpg,datasets_cloudmask/dataset_cropped/09_Metas/20/12/20190920124000_00160.png,454.3,6.9,448.1,23.8,961
9/20/2019 12:41,datasets/dataset_cropped/09_Metas/20/12/20190920124100_00160.jpg,datasets_flow/dataset_cropped/09_Metas/20/12/20190920124100_00160.jpg,datasets_cloudmask/dataset_cropped/09_Metas/20/12/20190920124100_00160.png,472.5,22.6,453.1,23.8,961
9/20/2019 12:42,datasets/dataset_cropped/09_Metas/20/12/20190920124200_00160.jpg,datasets_flow/dataset_cropped/09_Metas/20/12/20190920124200_00160.jpg,datasets_cloudmask/dataset_cropped/09_Metas/20/12/20190920124200_00160.png,573.8,113.4,480,23.7,961
9/20/2019 12:43,datasets/dataset_cropped/09_Metas/20/12/20190920124300_00160.jpg,datasets_flow/dataset_cropped/09_Metas/20/12/20190920124300_00160.jpg,datasets_cloudmask/dataset_cropped/09_Metas/20/12/20190920124300_00160.png,511,57.1,463.6,23.8,961
9/20/2019 12:44,datasets/dataset_cropped/09_Metas/20/12/20190920124400_00160.jpg,datasets_flow/dataset_cropped/09_Metas/20/12/20190920124400_00160.jpg,datasets_cloudmask/dataset_cropped/09_Metas/20/12/20190920124400_00160.png,460.4,44.9,422,24,961
9/20/2019 12:45,datasets/dataset_cropped/09_Metas/20/12/20190920124500_00160.jpg,datasets_flow/dataset_cropped/09_Metas/20/12/20190920124500_00160.jpg,datasets_cloudmask/dataset_cropped/09_Metas/20/12/20190920124500_00160.png,385.8,12.7,373.8,23.9,961
9/20/2019 12:46,datasets/dataset_cropped/09_Metas/20/12/20190920124600_00160.jpg,datasets_flow/dataset_cropped/09_Metas/20/12/20190920124600_00160.jpg,datasets_cloudmask/dataset_cropped/09_Metas/20/12/20190920124600_00160.png,340.6,0.8,338.9,23.6,961
9/20/2019 12:47,datasets/dataset_cropped/09_Metas/20/12/20190920124700_00160.jpg,datasets_flow/dataset_cropped/09_Metas/20/12/20190920124700_00160.jpg,datasets_cloudmask/dataset_cropped/09_Metas/20/12/20190920124700_00160.png,337.4,0.9,335.8,23.6,960
9/20/2019 12:48,datasets/dataset_cropped/09_Metas/20/12/20190920124800_00160.jpg,datasets_flow/dataset_cropped/09_Metas/20/12/20190920124800_00160.jpg,datasets_cloudmask/dataset_cropped/09_Metas/20/12/20190920124800_00160.png,363.5,1.4,361.4,23.6,960
9/20/2019 12:49,datasets/dataset_cropped/09_Metas/20/12/20190920124900_00160.jpg,datasets_flow/dataset_cropped/09_Metas/20/12/20190920124900_00160.jpg,datasets_cloudmask/dataset_cropped/09_Metas/20/12/20190920124900_00160.png,403,4.5,398.5,23.6,960
9/20/2019 12:50,datasets/dataset_cropped/09_Metas/20/12/20190920125000_00160.jpg,datasets_flow/dataset_cropped/09_Metas/20/12/20190920125000_00160.jpg,datasets_cloudmask/dataset_cropped/09_Metas/20/12/20190920125000_00160.png,433.3,12.9,421.4,23.6,960
9/20/2019 12:51,datasets/dataset_cropped/09_Metas/20/12/20190920125100_00160.jpg,datasets_flow/dataset_cropped/09_Metas/20/12/20190920125100_00160.jpg,datasets_cloudmask/dataset_cropped/09_Metas/20/12/20190920125100_00160.png,489.5,38.9,455.1,23.6,960
9/20/2019 12:52,datasets/dataset_cropped/09_Metas/20/12/20190920125200_00160.jpg,datasets_flow/dataset_cropped/09_Metas/20/12/20190920125200_00160.jpg,datasets_cloudmask/dataset_cropped/09_Metas/20/12/20190920125200_00160.png,557,78.7,490.1,23.6,960
9/20/2019 12:53,datasets/dataset_cropped/09_Metas/20/12/20190920125300_00160.jpg,datasets_flow/dataset_cropped/09_Metas/20/12/20190920125300_00160.jpg,datasets_cloudmask/dataset_cropped/09_Metas/20/12/20190920125300_00160.png,582.1,91.8,503.9,23.6,960
9/20/2019 12:54,datasets/dataset_cropped/09_Metas/20/12/20190920125400_00160.jpg,datasets_flow/dataset_cropped/09_Metas/20/12/20190920125400_00160.jpg,datasets_cloudmask/dataset_cropped/09_Metas/20/12/20190920125400_00160.png,474.8,31.4,445.6,23.5,960
9/20/2019 12:55,datasets/dataset_cropped/09_Metas/20/12/20190920125500_00160.jpg,datasets_flow/dataset_cropped/09_Metas/20/12/20190920125500_00160.jpg,datasets_cloudmask/dataset_cropped/09_Metas/20/12/20190920125500_00160.png,377.9,2.7,373.1,23.6,960
9/20/2019 12:56,datasets/dataset_cropped/09_Metas/20/12/20190920125600_00160.jpg,datasets_flow/dataset_cropped/09_Metas/20/12/20190920125600_00160.jpg,datasets_cloudmask/dataset_cropped/09_Metas/20/12/20190920125600_00160.png,354,4.5,347.7,23.6,960
9/20/2019 12:57,datasets/dataset_cropped/09_Metas/20/12/20190920125700_00160.jpg,datasets_flow/dataset_cropped/09_Metas/20/12/20190920125700_00160.jpg,datasets_cloudmask/dataset_cropped/09_Metas/20/12/20190920125700_00160.png,354.9,2.8,350.5,23.6,960
9/20/2019 12:58,datasets/dataset_cropped/09_Metas/20/12/20190920125800_00160.jpg,datasets_flow/dataset_cropped/09_Metas/20/12/20190920125800_00160.jpg,datasets_cloudmask/dataset_cropped/09_Metas/20/12/20190920125800_00160.png,356.7,0.7,355.1,23.7,960
9/20/2019 12:59,datasets/dataset_cropped/09_Metas/20/12/20190920125900_00160.jpg,datasets_flow/dataset_cropped/09_Metas/20/12/20190920125900_00160.jpg,datasets_cloudmask/dataset_cropped/09_Metas/20/12/20190920125900_00160.png,403.5,13.7,391.4,23.7,960
9/20/2019 13:00,datasets/dataset_cropped/09_Metas/20/13/20190920130000_00160.jpg,datasets_flow/dataset_cropped/09_Metas/20/13/20190920130000_00160.jpg,datasets_cloudmask/dataset_cropped/09_Metas/20/13/20190920130000_00160.png,434,23.9,412.6,23.7,960
9/20/2019 13:01,datasets/dataset_cropped/09_Metas/20/13/20190920130100_00160.jpg,datasets_flow/dataset_cropped/09_Metas/20/13/20190920130100_00160.jpg,datasets_cloudmask/dataset_cropped/09_Metas/20/13/20190920130100_00160.png,403,10.1,392.2,23.8,960
9/20/2019 13:02,datasets/dataset_cropped/09_Metas/20/13/20190920130200_00160.jpg,datasets_flow/dataset_cropped/09_Metas/20/13/20190920130200_00160.jpg,datasets_cloudmask/dataset_cropped/09_Metas/20/13/20190920130200_00160.png,409.3,3.3,404.3,23.9,960
9/20/2019 13:03,datasets/dataset_cropped/09_Metas/20/13/20190920130300_00160.jpg,datasets_flow/dataset_cropped/09_Metas/20/13/20190920130300_00160.jpg,datasets_cloudmask/dataset_cropped/09_Metas/20/13/20190920130300_00160.png,531.3,58.4,481.9,24,960
9/20/2019 13:04,datasets/dataset_cropped/09_Metas/20/13/20190920130400_00160.jpg,datasets_flow/dataset_cropped/09_Metas/20/13/20190920130400_00160.jpg,datasets_cloudmask/dataset_cropped/09_Metas/20/13/20190920130400_00160.png,680.2,172.2,538.3,24,960
9/20/2019 13:05,datasets/dataset_cropped/09_Metas/20/13/20190920130500_00160.jpg,datasets_flow/dataset_cropped/09_Metas/20/13/20190920130500_00160.jpg,datasets_cloudmask/dataset_cropped/09_Metas/20/13/20190920130500_00160.png,681.6,160.1,549.9,24.1,960
9/20/2019 13:06,datasets/dataset_cropped/09_Metas/20/13/20190920130600_00160.jpg,datasets_flow/dataset_cropped/09_Metas/20/13/20190920130600_00160.jpg,datasets_cloudmask/dataset_cropped/09_Metas/20/13/20190920130600_00160.png,714.2,207.9,544.7,24.3,960
9/20/2019 13:07,datasets/dataset_cropped/09_Metas/20/13/20190920130700_00160.jpg,datasets_flow/dataset_cropped/09_Metas/20/13/20190920130700_00160.jpg,datasets_cloudmask/dataset_cropped/09_Metas/20/13/20190920130700_00160.png,692.5,178.1,546.3,24.4,960
9/20/2019 13:08,datasets/dataset_cropped/09_Metas/20/13/20190920130800_00160.jpg,datasets_flow/dataset_cropped/09_Metas/20/13/20190920130800_00160.jpg,datasets_cloudmask/dataset_cropped/09_Metas/20/13/20190920130800_00160.png,660.5,169.7,521,24.4,960
9/20/2019 13:09,datasets/dataset_cropped/09_Metas/20/13/20190920130900_00160.jpg,datasets_flow/dataset_cropped/09_Metas/20/13/20190920130900_00160.jpg,datasets_cloudmask/dataset_cropped/09_Metas/20/13/20190920130900_00160.png,501.1,27.4,476.8,24.5,960
9/20/2019 13:10,datasets/dataset_cropped/09_Metas/20/13/20190920131000_00160.jpg,datasets_flow/dataset_cropped/09_Metas/20/13/20190920131000_00160.jpg,datasets_cloudmask/dataset_cropped/09_Metas/20/13/20190920131000_00160.png,530.7,41.4,495.6,24.5,960
9/20/2019 13:11,datasets/dataset_cropped/09_Metas/20/13/20190920131100_00160.jpg,datasets_flow/dataset_cropped/09_Metas/20/13/20190920131100_00160.jpg,datasets_cloudmask/dataset_cropped/09_Metas/20/13/20190920131100_00160.png,578.1,54.2,532.5,24.5,960
9/20/2019 13:12,datasets/dataset_cropped/09_Metas/20/13/20190920131200_00160.jpg,datasets_flow/dataset_cropped/09_Metas/20/13/20190920131200_00160.jpg,datasets_cloudmask/dataset_cropped/09_Metas/20/13/20190920131200_00160.png,646.5,105.1,559.2,24.5,960
9/20/2019 13:13,datasets/dataset_cropped/09_Metas/20/13/20190920131300_00160.jpg,datasets_flow/dataset_cropped/09_Metas/20/13/20190920131300_00160.jpg,datasets_cloudmask/dataset_cropped/09_Metas/20/13/20190920131300_00160.png,623.3,84.6,553.1,24.4,960
9/20/2019 13:14,datasets/dataset_cropped/09_Metas/20/13/20190920131400_00160.jpg,datasets_flow/dataset_cropped/09_Metas/20/13/20190920131400_00160.jpg,datasets_cloudmask/dataset_cropped/09_Metas/20/13/20190920131400_00160.png,685.8,162.6,551.5,24.4,960
9/20/2019 13:15,datasets/dataset_cropped/09_Metas/20/13/20190920131500_00160.jpg,datasets_flow/dataset_cropped/09_Metas/20/13/20190920131500_00160.jpg,datasets_cloudmask/dataset_cropped/09_Metas/20/13/20190920131500_00160.png,611.6,89.5,536,24.3,960
9/20/2019 13:16,datasets/dataset_cropped/09_Metas/20/13/20190920131600_00160.jpg,datasets_flow/dataset_cropped/09_Metas/20/13/20190920131600_00160.jpg,datasets_cloudmask/dataset_cropped/09_Metas/20/13/20190920131600_00160.png,563.8,72.2,503.2,24.5,960
9/20/2019 13:17,datasets/dataset_cropped/09_Metas/20/13/20190920131700_00160.jpg,datasets_flow/dataset_cropped/09_Metas/20/13/20190920131700_00160.jpg,datasets_cloudmask/dataset_cropped/09_Metas/20/13/20190920131700_00160.png,460.5,2.6,456.9,24.8,960
9/20/2019 13:18,datasets/dataset_cropped/09_Metas/20/13/20190920131800_00160.jpg,datasets_flow/dataset_cropped/09_Metas/20/13/20190920131800_00160.jpg,datasets_cloudmask/dataset_cropped/09_Metas/20/13/20190920131800_00160.png,450.1,6.2,443.3,25,960
9/20/2019 13:19,datasets/dataset_cropped/09_Metas/20/13/20190920131900_00160.jpg,datasets_flow/dataset_cropped/09_Metas/20/13/20190920131900_00160.jpg,datasets_cloudmask/dataset_cropped/09_Metas/20/13/20190920131900_00160.png,523.6,70.3,463.7,24.9,960
9/20/2019 13:20,datasets/dataset_cropped/09_Metas/20/13/20190920132000_00160.jpg,datasets_flow/dataset_cropped/09_Metas/20/13/20190920132000_00160.jpg,datasets_cloudmask/dataset_cropped/09_Metas/20/13/20190920132000_00160.png,519.2,50.7,477.3,24.7,960
9/20/2019 13:21,datasets/dataset_cropped/09_Metas/20/13/20190920132100_00160.jpg,datasets_flow/dataset_cropped/09_Metas/20/13/20190920132100_00160.jpg,datasets_cloudmask/dataset_cropped/09_Metas/20/13/20190920132100_00160.png,577.4,99.4,494.4,24.5,960
9/20/2019 13:22,datasets/dataset_cropped/09_Metas/20/13/20190920132200_00160.jpg,datasets_flow/dataset_cropped/09_Metas/20/13/20190920132200_00160.jpg,datasets_cloudmask/dataset_cropped/09_Metas/20/13/20190920132200_00160.png,537.6,70.7,478.6,24.5,960
9/20/2019 13:23,datasets/dataset_cropped/09_Metas/20/13/20190920132300_00160.jpg,datasets_flow/dataset_cropped/09_Metas/20/13/20190920132300_00160.jpg,datasets_cloudmask/dataset_cropped/09_Metas/20/13/20190920132300_00160.png,514,45.4,475.9,24.3,960
9/20/2019 13:24,datasets/dataset_cropped/09_Metas/20/13/20190920132400_00160.jpg,datasets_flow/dataset_cropped/09_Metas/20/13/20190920132400_00160.jpg,datasets_cloudmask/dataset_cropped/09_Metas/20/13/20190920132400_00160.png,523.5,48.1,482.8,24.2,960
9/20/2019 13:25,datasets/dataset_cropped/09_Metas/20/13/20190920132500_00160.jpg,datasets_flow/dataset_cropped/09_Metas/20/13/20190920132500_00160.jpg,datasets_cloudmask/dataset_cropped/09_Metas/20/13/20190920132500_00160.png,543.1,66.9,486.9,24.3,960
9/20/2019 13:26,datasets/dataset_cropped/09_Metas/20/13/20190920132600_00160.jpg,datasets_flow/dataset_cropped/09_Metas/20/13/20190920132600_00160.jpg,datasets_cloudmask/dataset_cropped/09_Metas/20/13/20190920132600_00160.png,583.2,108.4,493.2,24.4,960
9/20/2019 13:27,datasets/dataset_cropped/09_Metas/20/13/20190920132700_00160.jpg,datasets_flow/dataset_cropped/09_Metas/20/13/20190920132700_00160.jpg,datasets_cloudmask/dataset_cropped/09_Metas/20/13/20190920132700_00160.png,578,104.4,490.8,24.5,960
9/20/2019 13:28,datasets/dataset_cropped/09_Metas/20/13/20190920132800_00160.jpg,datasets_flow/dataset_cropped/09_Metas/20/13/20190920132800_00160.jpg,datasets_cloudmask/dataset_cropped/09_Metas/20/13/20190920132800_00160.png,532.1,59.4,480.9,24.5,960
9/20/2019 13:29,datasets/dataset_cropped/09_Metas/20/13/20190920132900_00160.jpg,datasets_flow/dataset_cropped/09_Metas/20/13/20190920132900_00160.jpg,datasets_cloudmask/dataset_cropped/09_Metas/20/13/20190920132900_00160.png,527.1,63.6,472.2,24.4,960
9/20/2019 13:30,datasets/dataset_cropped/09_Metas/20/13/20190920133000_00160.jpg,datasets_flow/dataset_cropped/09_Metas/20/13/20190920133000_00160.jpg,datasets_cloudmask/dataset_cropped/09_Metas/20/13/20190920133000_00160.png,506.7,55,458.9,24.1,960
9/20/2019 13:31,datasets/dataset_cropped/09_Metas/20/13/20190920133100_00160.jpg,datasets_flow/dataset_cropped/09_Metas/20/13/20190920133100_00160.jpg,datasets_cloudmask/dataset_cropped/09_Metas/20/13/20190920133100_00160.png,464,27.5,439.2,24,960
9/20/2019 13:32,datasets/dataset_cropped/09_Metas/20/13/20190920133200_00160.jpg,datasets_flow/dataset_cropped/09_Metas/20/13/20190920133200_00160.jpg,datasets_cloudmask/dataset_cropped/09_Metas/20/13/20190920133200_00160.png,448,14.5,434,23.9,960
9/20/2019 13:33,datasets/dataset_cropped/09_Metas/20/13/20190920133300_00160.jpg,datasets_flow/dataset_cropped/09_Metas/20/13/20190920133300_00160.jpg,datasets_cloudmask/dataset_cropped/09_Metas/20/13/20190920133300_00160.png,453.9,18.6,436.3,24,960
9/20/2019 13:34,datasets/dataset_cropped/09_Metas/20/13/20190920133400_00160.jpg,datasets_flow/dataset_cropped/09_Metas/20/13/20190920133400_00160.jpg,datasets_cloudmask/dataset_cropped/09_Metas/20/13/20190920133400_00160.png,444.5,7.6,435.9,24,960
9/20/2019 13:35,datasets/dataset_cropped/09_Metas/20/13/20190920133500_00160.jpg,datasets_flow/dataset_cropped/09_Metas/20/13/20190920133500_00160.jpg,datasets_cloudmask/dataset_cropped/09_Metas/20/13/20190920133500_00160.png,466.5,18.6,448.6,24,960
9/20/2019 13:36,datasets/dataset_cropped/09_Metas/20/13/20190920133600_00160.jpg,datasets_flow/dataset_cropped/09_Metas/20/13/20190920133600_00160.jpg,datasets_cloudmask/dataset_cropped/09_Metas/20/13/20190920133600_00160.png,479.9,17.1,463.3,24.2,960
9/20/2019 13:37,datasets/dataset_cropped/09_Metas/20/13/20190920133700_00160.jpg,datasets_flow/dataset_cropped/09_Metas/20/13/20190920133700_00160.jpg,datasets_cloudmask/dataset_cropped/09_Metas/20/13/20190920133700_00160.png,653.3,154.9,525.1,24.2,960
9/20/2019 13:38,datasets/dataset_cropped/09_Metas/20/13/20190920133800_00160.jpg,datasets_flow/dataset_cropped/09_Metas/20/13/20190920133800_00160.jpg,datasets_cloudmask/dataset_cropped/09_Metas/20/13/20190920133800_00160.png,698.9,163.7,564.1,24.4,960
9/20/2019 13:39,datasets/dataset_cropped/09_Metas/20/13/20190920133900_00160.jpg,datasets_flow/dataset_cropped/09_Metas/20/13/20190920133900_00160.jpg,datasets_cloudmask/dataset_cropped/09_Metas/20/13/20190920133900_00160.png,718.2,179.8,570.7,24.4,960
9/20/2019 13:40,datasets/dataset_cropped/09_Metas/20/13/20190920134000_00160.jpg,datasets_flow/dataset_cropped/09_Metas/20/13/20190920134000_00160.jpg,datasets_cloudmask/dataset_cropped/09_Metas/20/13/20190920134000_00160.png,763.2,222.6,581.6,24.2,960
9/20/2019 13:41,datasets/dataset_cropped/09_Metas/20/13/20190920134100_00160.jpg,datasets_flow/dataset_cropped/09_Metas/20/13/20190920134100_00160.jpg,datasets_cloudmask/dataset_cropped/09_Metas/20/13/20190920134100_00160.png,832,296.8,592.1,24.3,960
9/20/2019 13:42,datasets/dataset_cropped/09_Metas/20/13/20190920134200_00160.jpg,datasets_flow/dataset_cropped/09_Metas/20/13/20190920134200_00160.jpg,datasets_cloudmask/dataset_cropped/09_Metas/20/13/20190920134200_00160.png,873,343.6,596.1,24.6,960
9/20/2019 13:43,datasets/dataset_cropped/09_Metas/20/13/20190920134300_00160.jpg,datasets_flow/dataset_cropped/09_Metas/20/13/20190920134300_00160.jpg,datasets_cloudmask/dataset_cropped/09_Metas/20/13/20190920134300_00160.png,779.7,254.8,576.1,25,960
9/20/2019 13:44,datasets/dataset_cropped/09_Metas/20/13/20190920134400_00160.jpg,datasets_flow/dataset_cropped/09_Metas/20/13/20190920134400_00160.jpg,datasets_cloudmask/dataset_cropped/09_Metas/20/13/20190920134400_00160.png,639.9,132.1,533,25.1,960
9/20/2019 13:45,datasets/dataset_cropped/09_Metas/20/13/20190920134500_00160.jpg,datasets_flow/dataset_cropped/09_Metas/20/13/20190920134500_00160.jpg,datasets_cloudmask/dataset_cropped/09_Metas/20/13/20190920134500_00160.png,510.6,5.3,505.4,24.8,960
9/20/2019 13:46,datasets/dataset_cropped/09_Metas/20/13/20190920134600_00160.jpg,datasets_flow/dataset_cropped/09_Metas/20/13/20190920134600_00160.jpg,datasets_cloudmask/dataset_cropped/09_Metas/20/13/20190920134600_00160.png,693.9,192,538.3,24.6,960
9/20/2019 13:47,datasets/dataset_cropped/09_Metas/20/13/20190920134700_00160.jpg,datasets_flow/dataset_cropped/09_Metas/20/13/20190920134700_00160.jpg,datasets_cloudmask/dataset_cropped/09_Metas/20/13/20190920134700_00160.png,845,352.9,560.9,24.6,960
9/20/2019 13:48,datasets/dataset_cropped/09_Metas/20/13/20190920134800_00160.jpg,datasets_flow/dataset_cropped/09_Metas/20/13/20190920134800_00160.jpg,datasets_cloudmask/dataset_cropped/09_Metas/20/13/20190920134800_00160.png,928,441.3,573.9,24.7,960
9/20/2019 13:49,datasets/dataset_cropped/09_Metas/20/13/20190920134900_00160.jpg,datasets_flow/dataset_cropped/09_Metas/20/13/20190920134900_00160.jpg,datasets_cloudmask/dataset_cropped/09_Metas/20/13/20190920134900_00160.png,911,418.6,574.7,24.7,960
9/20/2019 13:50,datasets/dataset_cropped/09_Metas/20/13/20190920135000_00160.jpg,datasets_flow/dataset_cropped/09_Metas/20/13/20190920135000_00160.jpg,datasets_cloudmask/dataset_cropped/09_Metas/20/13/20190920135000_00160.png,888,420.3,551,24.9,960
9/20/2019 13:51,datasets/dataset_cropped/09_Metas/20/13/20190920135100_00160.jpg,datasets_flow/dataset_cropped/09_Metas/20/13/20190920135100_00160.jpg,datasets_cloudmask/dataset_cropped/09_Metas/20/13/20190920135100_00160.png,831,380.2,526.5,24.9,960
9/20/2019 13:52,datasets/dataset_cropped/09_Metas/20/13/20190920135200_00160.jpg,datasets_flow/dataset_cropped/09_Metas/20/13/20190920135200_00160.jpg,datasets_cloudmask/dataset_cropped/09_Metas/20/13/20190920135200_00160.png,763.4,324.8,502.3,25.1,960
9/20/2019 13:53,datasets/dataset_cropped/09_Metas/20/13/20190920135300_00160.jpg,datasets_flow/dataset_cropped/09_Metas/20/13/20190920135300_00160.jpg,datasets_cloudmask/dataset_cropped/09_Metas/20/13/20190920135300_00160.png,776.9,356.4,490.8,25.1,960
9/20/2019 13:54,datasets/dataset_cropped/09_Metas/20/13/20190920135400_00160.jpg,datasets_flow/dataset_cropped/09_Metas/20/13/20190920135400_00160.jpg,datasets_cloudmask/dataset_cropped/09_Metas/20/13/20190920135400_00160.png,785,377.7,482.3,24.9,960
9/20/2019 13:55,datasets/dataset_cropped/09_Metas/20/13/20190920135500_00160.jpg,datasets_flow/dataset_cropped/09_Metas/20/13/20190920135500_00160.jpg,datasets_cloudmask/dataset_cropped/09_Metas/20/13/20190920135500_00160.png,790.1,393.5,474.9,24.8,960
9/20/2019 13:56,datasets/dataset_cropped/09_Metas/20/13/20190920135600_00160.jpg,datasets_flow/dataset_cropped/09_Metas/20/13/20190920135600_00160.jpg,datasets_cloudmask/dataset_cropped/09_Metas/20/13/20190920135600_00160.png,835,446.2,478.3,24.8,960
9/20/2019 13:57,datasets/dataset_cropped/09_Metas/20/13/20190920135700_00160.jpg,datasets_flow/dataset_cropped/09_Metas/20/13/20190920135700_00160.jpg,datasets_cloudmask/dataset_cropped/09_Metas/20/13/20190920135700_00160.png,833,433.3,487.7,24.7,960
9/20/2019 13:58,datasets/dataset_cropped/09_Metas/20/13/20190920135800_00160.jpg,datasets_flow/dataset_cropped/09_Metas/20/13/20190920135800_00160.jpg,datasets_cloudmask/dataset_cropped/09_Metas/20/13/20190920135800_00160.png,791.2,356,507.4,24.9,960
9/20/2019 13:59,datasets/dataset_cropped/09_Metas/20/13/20190920135900_00160.jpg,datasets_flow/dataset_cropped/09_Metas/20/13/20190920135900_00160.jpg,datasets_cloudmask/dataset_cropped/09_Metas/20/13/20190920135900_00160.png,570.5,88.4,495.4,24.9,960
9/20/2019 14:00,datasets/dataset_cropped/09_Metas/20/14/20190920140000_00160.jpg,datasets_flow/dataset_cropped/09_Metas/20/14/20190920140000_00160.jpg,datasets_cloudmask/dataset_cropped/09_Metas/20/14/20190920140000_00160.png,723,270.9,509.3,25.1,960
9/20/2019 14:01,datasets/dataset_cropped/09_Metas/20/14/20190920140100_00160.jpg,datasets_flow/dataset_cropped/09_Metas/20/14/20190920140100_00160.jpg,datasets_cloudmask/dataset_cropped/09_Metas/20/14/20190920140100_00160.png,877,441.4,527.5,24.9,960
9/20/2019 14:02,datasets/dataset_cropped/09_Metas/20/14/20190920140200_00160.jpg,datasets_flow/dataset_cropped/09_Metas/20/14/20190920140200_00160.jpg,datasets_cloudmask/dataset_cropped/09_Metas/20/14/20190920140200_00160.png,873,422.9,538.7,24.6,960
9/20/2019 14:03,datasets/dataset_cropped/09_Metas/20/14/20190920140300_00160.jpg,datasets_flow/dataset_cropped/09_Metas/20/14/20190920140300_00160.jpg,datasets_cloudmask/dataset_cropped/09_Metas/20/14/20190920140300_00160.png,793.5,307.9,548.8,24.5,960
9/20/2019 14:04,datasets/dataset_cropped/09_Metas/20/14/20190920140400_00160.jpg,datasets_flow/dataset_cropped/09_Metas/20/14/20190920140400_00160.jpg,datasets_cloudmask/dataset_cropped/09_Metas/20/14/20190920140400_00160.png,825,354.5,543,24.7,960
9/20/2019 14:05,datasets/dataset_cropped/09_Metas/20/14/20190920140500_00160.jpg,datasets_flow/dataset_cropped/09_Metas/20/14/20190920140500_00160.jpg,datasets_cloudmask/dataset_cropped/09_Metas/20/14/20190920140500_00160.png,835,381.1,533.6,25,960
9/20/2019 14:06,datasets/dataset_cropped/09_Metas/20/14/20190920140600_00160.jpg,datasets_flow/dataset_cropped/09_Metas/20/14/20190920140600_00160.jpg,datasets_cloudmask/dataset_cropped/09_Metas/20/14/20190920140600_00160.png,576.3,84.6,508.8,25.3,960
9/20/2019 14:07,datasets/dataset_cropped/09_Metas/20/14/20190920140700_00160.jpg,datasets_flow/dataset_cropped/09_Metas/20/14/20190920140700_00160.jpg,datasets_cloudmask/dataset_cropped/09_Metas/20/14/20190920140700_00160.png,520.6,51.8,477.3,25.5,959
9/20/2019 14:08,datasets/dataset_cropped/09_Metas/20/14/20190920140800_00160.jpg,datasets_flow/dataset_cropped/09_Metas/20/14/20190920140800_00160.jpg,datasets_cloudmask/dataset_cropped/09_Metas/20/14/20190920140800_00160.png,465,26.1,441.6,25.1,960
9/20/2019 14:09,datasets/dataset_cropped/09_Metas/20/14/20190920140900_00160.jpg,datasets_flow/dataset_cropped/09_Metas/20/14/20190920140900_00160.jpg,datasets_cloudmask/dataset_cropped/09_Metas/20/14/20190920140900_00160.png,551.8,118.4,456.6,25,960
9/20/2019 14:10,datasets/dataset_cropped/09_Metas/20/14/20190920141000_00160.jpg,datasets_flow/dataset_cropped/09_Metas/20/14/20190920141000_00160.jpg,datasets_cloudmask/dataset_cropped/09_Metas/20/14/20190920141000_00160.png,535.2,105.6,448.9,24.9,960
9/20/2019 14:11,datasets/dataset_cropped/09_Metas/20/14/20190920141100_00160.jpg,datasets_flow/dataset_cropped/09_Metas/20/14/20190920141100_00160.jpg,datasets_cloudmask/dataset_cropped/09_Metas/20/14/20190920141100_00160.png,588.5,176.6,447.2,24.9,960
9/20/2019 14:12,datasets/dataset_cropped/09_Metas/20/14/20190920141200_00160.jpg,datasets_flow/dataset_cropped/09_Metas/20/14/20190920141200_00160.jpg,datasets_cloudmask/dataset_cropped/09_Metas/20/14/20190920141200_00160.png,628.7,222,452.2,24.8,960
9/20/2019 14:13,datasets/dataset_cropped/09_Metas/20/14/20190920141300_00160.jpg,datasets_flow/dataset_cropped/09_Metas/20/14/20190920141300_00160.jpg,datasets_cloudmask/dataset_cropped/09_Metas/20/14/20190920141300_00160.png,529,114.9,435.2,24.8,959
9/20/2019 14:14,datasets/dataset_cropped/09_Metas/20/14/20190920141400_00160.jpg,datasets_flow/dataset_cropped/09_Metas/20/14/20190920141400_00160.jpg,datasets_cloudmask/dataset_cropped/09_Metas/20/14/20190920141400_00160.png,434.3,28.7,407.9,24.6,959
9/20/2019 14:15,datasets/dataset_cropped/09_Metas/20/14/20190920141500_00160.jpg,datasets_flow/dataset_cropped/09_Metas/20/14/20190920141500_00160.jpg,datasets_cloudmask/dataset_cropped/09_Metas/20/14/20190920141500_00160.png,473.8,57.8,425.2,24.4,959
9/20/2019 14:16,datasets/dataset_cropped/09_Metas/20/14/20190920141600_00160.jpg,datasets_flow/dataset_cropped/09_Metas/20/14/20190920141600_00160.jpg,datasets_cloudmask/dataset_cropped/09_Metas/20/14/20190920141600_00160.png,605.3,193.8,451,24.4,959
9/20/2019 14:17,datasets/dataset_cropped/09_Metas/20/14/20190920141700_00160.jpg,datasets_flow/dataset_cropped/09_Metas/20/14/20190920141700_00160.jpg,datasets_cloudmask/dataset_cropped/09_Metas/20/14/20190920141700_00160.png,590.9,150.6,470.6,24.4,959
9/20/2019 14:18,datasets/dataset_cropped/09_Metas/20/14/20190920141800_00160.jpg,datasets_flow/dataset_cropped/09_Metas/20/14/20190920141800_00160.jpg,datasets_cloudmask/dataset_cropped/09_Metas/20/14/20190920141800_00160.png,748.9,333.4,487.6,24.4,959
9/20/2019 14:19,datasets/dataset_cropped/09_Metas/20/14/20190920141900_00160.jpg,datasets_flow/dataset_cropped/09_Metas/20/14/20190920141900_00160.jpg,datasets_cloudmask/dataset_cropped/09_Metas/20/14/20190920141900_00160.png,863,460.2,505.3,24.3,959
9/20/2019 14:20,datasets/dataset_cropped/09_Metas/20/14/20190920142000_00160.jpg,datasets_flow/dataset_cropped/09_Metas/20/14/20190920142000_00160.jpg,datasets_cloudmask/dataset_cropped/09_Metas/20/14/20190920142000_00160.png,859,456.5,505.1,24.4,959
9/20/2019 14:21,datasets/dataset_cropped/09_Metas/20/14/20190920142100_00160.jpg,datasets_flow/dataset_cropped/09_Metas/20/14/20190920142100_00160.jpg,datasets_cloudmask/dataset_cropped/09_Metas/20/14/20190920142100_00160.png,845,443,502.3,24.6,959
9/20/2019 14:22,datasets/dataset_cropped/09_Metas/20/14/20190920142200_00160.jpg,datasets_flow/dataset_cropped/09_Metas/20/14/20190920142200_00160.jpg,datasets_cloudmask/dataset_cropped/09_Metas/20/14/20190920142200_00160.png,815,395.4,510.8,25.1,959
9/20/2019 14:23,datasets/dataset_cropped/09_Metas/20/14/20190920142300_00160.jpg,datasets_flow/dataset_cropped/09_Metas/20/14/20190920142300_00160.jpg,datasets_cloudmask/dataset_cropped/09_Metas/20/14/20190920142300_00160.png,839,408.1,525.6,25.1,959
9/20/2019 14:24,datasets/dataset_cropped/09_Metas/20/14/20190920142400_00160.jpg,datasets_flow/dataset_cropped/09_Metas/20/14/20190920142400_00160.jpg,datasets_cloudmask/dataset_cropped/09_Metas/20/14/20190920142400_00160.png,792.2,357.4,517,25.2,959
9/20/2019 14:25,datasets/dataset_cropped/09_Metas/20/14/20190920142500_00160.jpg,datasets_flow/dataset_cropped/09_Metas/20/14/20190920142500_00160.jpg,datasets_cloudmask/dataset_cropped/09_Metas/20/14/20190920142500_00160.png,815,389.3,516.1,25.1,959
9/20/2019 14:26,datasets/dataset_cropped/09_Metas/20/14/20190920142600_00160.jpg,datasets_flow/dataset_cropped/09_Metas/20/14/20190920142600_00160.jpg,datasets_cloudmask/dataset_cropped/09_Metas/20/14/20190920142600_00160.png,793,364.4,514,25,959
9/20/2019 14:27,datasets/dataset_cropped/09_Metas/20/14/20190920142700_00160.jpg,datasets_flow/dataset_cropped/09_Metas/20/14/20190920142700_00160.jpg,datasets_cloudmask/dataset_cropped/09_Metas/20/14/20190920142700_00160.png,750.9,326.2,501.4,25.1,959
9/20/2019 14:28,datasets/dataset_cropped/09_Metas/20/14/20190920142800_00160.jpg,datasets_flow/dataset_cropped/09_Metas/20/14/20190920142800_00160.jpg,datasets_cloudmask/dataset_cropped/09_Metas/20/14/20190920142800_00160.png,856,452,510.9,25.2,959
9/20/2019 14:29,datasets/dataset_cropped/09_Metas/20/14/20190920142900_00160.jpg,datasets_flow/dataset_cropped/09_Metas/20/14/20190920142900_00160.jpg,datasets_cloudmask/dataset_cropped/09_Metas/20/14/20190920142900_00160.png,797.9,363.2,520,25.1,959
9/20/2019 14:30,datasets/dataset_cropped/09_Metas/20/14/20190920143000_00160.jpg,datasets_flow/dataset_cropped/09_Metas/20/14/20190920143000_00160.jpg,datasets_cloudmask/dataset_cropped/09_Metas/20/14/20190920143000_00160.png,773.4,340.2,511.4,25.2,959
9/20/2019 14:31,datasets/dataset_cropped/09_Metas/20/14/20190920143100_00160.jpg,datasets_flow/dataset_cropped/09_Metas/20/14/20190920143100_00160.jpg,datasets_cloudmask/dataset_cropped/09_Metas/20/14/20190920143100_00160.png,835,435.2,503.1,25.4,959
9/20/2019 14:32,datasets/dataset_cropped/09_Metas/20/14/20190920143200_00160.jpg,datasets_flow/dataset_cropped/09_Metas/20/14/20190920143200_00160.jpg,datasets_cloudmask/dataset_cropped/09_Metas/20/14/20190920143200_00160.png,865,507.1,481.1,25.4,959
9/20/2019 14:33,datasets/dataset_cropped/09_Metas/20/14/20190920143300_00160.jpg,datasets_flow/dataset_cropped/09_Metas/20/14/20190920143300_00160.jpg,datasets_cloudmask/dataset_cropped/09_Metas/20/14/20190920143300_00160.png,661.9,271.1,454.3,25.8,959
9/20/2019 14:34,datasets/dataset_cropped/09_Metas/20/14/20190920143400_00160.jpg,datasets_flow/dataset_cropped/09_Metas/20/14/20190920143400_00160.jpg,datasets_cloudmask/dataset_cropped/09_Metas/20/14/20190920143400_00160.png,635.6,248.3,444.3,25.6,959
9/20/2019 14:35,datasets/dataset_cropped/09_Metas/20/14/20190920143500_00160.jpg,datasets_flow/dataset_cropped/09_Metas/20/14/20190920143500_00160.jpg,datasets_cloudmask/dataset_cropped/09_Metas/20/14/20190920143500_00160.png,714.7,347.9,449.4,25.3,959
9/20/2019 14:36,datasets/dataset_cropped/09_Metas/20/14/20190920143600_00160.jpg,datasets_flow/dataset_cropped/09_Metas/20/14/20190920143600_00160.jpg,datasets_cloudmask/dataset_cropped/09_Metas/20/14/20190920143600_00160.png,745.3,361,470.2,25.2,959
9/20/2019 14:37,datasets/dataset_cropped/09_Metas/20/14/20190920143700_00160.jpg,datasets_flow/dataset_cropped/09_Metas/20/14/20190920143700_00160.jpg,datasets_cloudmask/dataset_cropped/09_Metas/20/14/20190920143700_00160.png,745.2,354.7,474.7,25.2,959
9/20/2019 14:38,datasets/dataset_cropped/09_Metas/20/14/20190920143800_00160.jpg,datasets_flow/dataset_cropped/09_Metas/20/14/20190920143800_00160.jpg,datasets_cloudmask/dataset_cropped/09_Metas/20/14/20190920143800_00160.png,581.3,139.6,468.3,25,959
9/20/2019 14:39,datasets/dataset_cropped/09_Metas/20/14/20190920143900_00160.jpg,datasets_flow/dataset_cropped/09_Metas/20/14/20190920143900_00160.jpg,datasets_cloudmask/dataset_cropped/09_Metas/20/14/20190920143900_00160.png,618,191.1,469.6,25,959
9/20/2019 14:40,datasets/dataset_cropped/09_Metas/20/14/20190920144000_00160.jpg,datasets_flow/dataset_cropped/09_Metas/20/14/20190920144000_00160.jpg,datasets_cloudmask/dataset_cropped/09_Metas/20/14/20190920144000_00160.png,835,463.2,487.9,25.2,959
9/20/2019 14:41,datasets/dataset_cropped/09_Metas/20/14/20190920144100_00160.jpg,datasets_flow/dataset_cropped/09_Metas/20/14/20190920144100_00160.jpg,datasets_cloudmask/dataset_cropped/09_Metas/20/14/20190920144100_00160.png,742.5,359.6,472.4,25.4,959
9/20/2019 14:42,datasets/dataset_cropped/09_Metas/20/14/20190920144200_00160.jpg,datasets_flow/dataset_cropped/09_Metas/20/14/20190920144200_00160.jpg,datasets_cloudmask/dataset_cropped/09_Metas/20/14/20190920144200_00160.png,636.8,257.5,444.6,25.7,959
9/20/2019 14:43,datasets/dataset_cropped/09_Metas/20/14/20190920144300_00160.jpg,datasets_flow/dataset_cropped/09_Metas/20/14/20190920144300_00160.jpg,datasets_cloudmask/dataset_cropped/09_Metas/20/14/20190920144300_00160.png,438.1,53.8,396.3,25.4,959
9/20/2019 14:44,datasets/dataset_cropped/09_Metas/20/14/20190920144400_00160.jpg,datasets_flow/dataset_cropped/09_Metas/20/14/20190920144400_00160.jpg,datasets_cloudmask/dataset_cropped/09_Metas/20/14/20190920144400_00160.png,454.7,104.7,376,25.2,959
9/20/2019 14:45,datasets/dataset_cropped/09_Metas/20/14/20190920144500_00160.jpg,datasets_flow/dataset_cropped/09_Metas/20/14/20190920144500_00160.jpg,datasets_cloudmask/dataset_cropped/09_Metas/20/14/20190920144500_00160.png,379.5,35.2,350.6,24.9,959
9/20/2019 14:46,datasets/dataset_cropped/09_Metas/20/14/20190920144600_00160.jpg,datasets_flow/dataset_cropped/09_Metas/20/14/20190920144600_00160.jpg,datasets_cloudmask/dataset_cropped/09_Metas/20/14/20190920144600_00160.png,393.1,45.5,356.1,24.8,959
9/20/2019 14:47,datasets/dataset_cropped/09_Metas/20/14/20190920144700_00160.jpg,datasets_flow/dataset_cropped/09_Metas/20/14/20190920144700_00160.jpg,datasets_cloudmask/dataset_cropped/09_Metas/20/14/20190920144700_00160.png,363.1,0.2,360.4,24.7,959
9/20/2019 14:48,datasets/dataset_cropped/09_Metas/20/14/20190920144800_00160.jpg,datasets_flow/dataset_cropped/09_Metas/20/14/20190920144800_00160.jpg,datasets_cloudmask/dataset_cropped/09_Metas/20/14/20190920144800_00160.png,368.3,1.7,364.5,24.8,959
9/20/2019 14:49,datasets/dataset_cropped/09_Metas/20/14/20190920144900_00160.jpg,datasets_flow/dataset_cropped/09_Metas/20/14/20190920144900_00160.jpg,datasets_cloudmask/dataset_cropped/09_Metas/20/14/20190920144900_00160.png,381.6,5.6,375.6,25,959
9/20/2019 14:50,datasets/dataset_cropped/09_Metas/20/14/20190920145000_00160.jpg,datasets_flow/dataset_cropped/09_Metas/20/14/20190920145000_00160.jpg,datasets_cloudmask/dataset_cropped/09_Metas/20/14/20190920145000_00160.png,374.4,1.3,371.6,25.1,959
9/20/2019 14:51,datasets/dataset_cropped/09_Metas/20/14/20190920145100_00160.jpg,datasets_flow/dataset_cropped/09_Metas/20/14/20190920145100_00160.jpg,datasets_cloudmask/dataset_cropped/09_Metas/20/14/20190920145100_00160.png,425.2,62.3,378.9,25.2,959
9/20/2019 14:52,datasets/dataset_cropped/09_Metas/20/14/20190920145200_00160.jpg,datasets_flow/dataset_cropped/09_Metas/20/14/20190920145200_00160.jpg,datasets_cloudmask/dataset_cropped/09_Metas/20/14/20190920145200_00160.png,650.7,325.7,411.3,25.1,959
9/20/2019 14:53,datasets/dataset_cropped/09_Metas/20/14/20190920145300_00160.jpg,datasets_flow/dataset_cropped/09_Metas/20/14/20190920145300_00160.jpg,datasets_cloudmask/dataset_cropped/09_Metas/20/14/20190920145300_00160.png,748.5,445.1,423.9,25.3,959
9/20/2019 14:54,datasets/dataset_cropped/09_Metas/20/14/20190920145400_00160.jpg,datasets_flow/dataset_cropped/09_Metas/20/14/20190920145400_00160.jpg,datasets_cloudmask/dataset_cropped/09_Metas/20/14/20190920145400_00160.png,624.7,299.9,405.5,25.1,959
9/20/2019 14:55,datasets/dataset_cropped/09_Metas/20/14/20190920145500_00160.jpg,datasets_flow/dataset_cropped/09_Metas/20/14/20190920145500_00160.jpg,datasets_cloudmask/dataset_cropped/09_Metas/20/14/20190920145500_00160.png,573.6,251.9,389.5,24.9,959
9/20/2019 14:56,datasets/dataset_cropped/09_Metas/20/14/20190920145600_00160.jpg,datasets_flow/dataset_cropped/09_Metas/20/14/20190920145600_00160.jpg,datasets_cloudmask/dataset_cropped/09_Metas/20/14/20190920145600_00160.png,476.1,144.3,369.7,25,959
9/20/2019 14:57,datasets/dataset_cropped/09_Metas/20/14/20190920145700_00160.jpg,datasets_flow/dataset_cropped/09_Metas/20/14/20190920145700_00160.jpg,datasets_cloudmask/dataset_cropped/09_Metas/20/14/20190920145700_00160.png,498.3,179.9,366.8,24.9,959
9/20/2019 14:58,datasets/dataset_cropped/09_Metas/20/14/20190920145800_00160.jpg,datasets_flow/dataset_cropped/09_Metas/20/14/20190920145800_00160.jpg,datasets_cloudmask/dataset_cropped/09_Metas/20/14/20190920145800_00160.png,498.1,172.3,372.5,24.8,959
9/20/2019 14:59,datasets/dataset_cropped/09_Metas/20/14/20190920145900_00160.jpg,datasets_flow/dataset_cropped/09_Metas/20/14/20190920145900_00160.jpg,datasets_cloudmask/dataset_cropped/09_Metas/20/14/20190920145900_00160.png,487.9,167.3,366.7,24.7,959
9/20/2019 15:00,datasets/dataset_cropped/09_Metas/20/15/20190920150000_00160.jpg,datasets_flow/dataset_cropped/09_Metas/20/15/20190920150000_00160.jpg,datasets_cloudmask/dataset_cropped/09_Metas/20/15/20190920150000_00160.png,412.4,87.6,348.6,24.8,959
9/20/2019 15:01,datasets/dataset_cropped/09_Metas/20/15/20190920150100_00160.jpg,datasets_flow/dataset_cropped/09_Metas/20/15/20190920150100_00160.jpg,datasets_cloudmask/dataset_cropped/09_Metas/20/15/20190920150100_00160.png,332.7,14.9,321.1,24.9,959
9/20/2019 15:02,datasets/dataset_cropped/09_Metas/20/15/20190920150200_00160.jpg,datasets_flow/dataset_cropped/09_Metas/20/15/20190920150200_00160.jpg,datasets_cloudmask/dataset_cropped/09_Metas/20/15/20190920150200_00160.png,315.2,5.4,310.1,24.9,959
9/20/2019 15:03,datasets/dataset_cropped/09_Metas/20/15/20190920150300_00160.jpg,datasets_flow/dataset_cropped/09_Metas/20/15/20190920150300_00160.jpg,datasets_cloudmask/dataset_cropped/09_Metas/20/15/20190920150300_00160.png,309.3,2.4,306.2,24.8,959
9/20/2019 15:04,datasets/dataset_cropped/09_Metas/20/15/20190920150400_00160.jpg,datasets_flow/dataset_cropped/09_Metas/20/15/20190920150400_00160.jpg,datasets_cloudmask/dataset_cropped/09_Metas/20/15/20190920150400_00160.png,320.9,8.8,313.2,24.8,959
9/20/2019 15:05,datasets/dataset_cropped/09_Metas/20/15/20190920150500_00160.jpg,datasets_flow/dataset_cropped/09_Metas/20/15/20190920150500_00160.jpg,datasets_cloudmask/dataset_cropped/09_Metas/20/15/20190920150500_00160.png,350.7,31.5,326.8,24.8,959
9/20/2019 15:06,datasets/dataset_cropped/09_Metas/20/15/20190920150600_00160.jpg,datasets_flow/dataset_cropped/09_Metas/20/15/20190920150600_00160.jpg,datasets_cloudmask/dataset_cropped/09_Metas/20/15/20190920150600_00160.png,380.8,52.6,341.9,24.7,959
9/20/2019 15:07,datasets/dataset_cropped/09_Metas/20/15/20190920150700_00160.jpg,datasets_flow/dataset_cropped/09_Metas/20/15/20190920150700_00160.jpg,datasets_cloudmask/dataset_cropped/09_Metas/20/15/20190920150700_00160.png,388.9,48.4,352.8,24.6,959
9/20/2019 15:08,datasets/dataset_cropped/09_Metas/20/15/20190920150800_00160.jpg,datasets_flow/dataset_cropped/09_Metas/20/15/20190920150800_00160.jpg,datasets_cloudmask/dataset_cropped/09_Metas/20/15/20190920150800_00160.png,385.1,33.5,359.4,24.6,959
9/20/2019 15:09,datasets/dataset_cropped/09_Metas/20/15/20190920150900_00160.jpg,datasets_flow/dataset_cropped/09_Metas/20/15/20190920150900_00160.jpg,datasets_cloudmask/dataset_cropped/09_Metas/20/15/20190920150900_00160.png,387.6,27.1,366.1,24.5,959
9/20/2019 15:10,datasets/dataset_cropped/09_Metas/20/15/20190920151000_00160.jpg,datasets_flow/dataset_cropped/09_Metas/20/15/20190920151000_00160.jpg,datasets_cloudmask/dataset_cropped/09_Metas/20/15/20190920151000_00160.png,443,85.9,380.6,24.7,959
9/20/2019 15:11,datasets/dataset_cropped/09_Metas/20/15/20190920151100_00160.jpg,datasets_flow/dataset_cropped/09_Metas/20/15/20190920151100_00160.jpg,datasets_cloudmask/dataset_cropped/09_Metas/20/15/20190920151100_00160.png,520.3,172.8,398.1,24.7,959
9/20/2019 15:12,datasets/dataset_cropped/09_Metas/20/15/20190920151200_00160.jpg,datasets_flow/dataset_cropped/09_Metas/20/15/20190920151200_00160.jpg,datasets_cloudmask/dataset_cropped/09_Metas/20/15/20190920151200_00160.png,493.3,132,400.6,24.9,959
9/20/2019 15:13,datasets/dataset_cropped/09_Metas/20/15/20190920151300_00160.jpg,datasets_flow/dataset_cropped/09_Metas/20/15/20190920151300_00160.jpg,datasets_cloudmask/dataset_cropped/09_Metas/20/15/20190920151300_00160.png,492.8,132.9,400.3,25.1,959
9/20/2019 15:14,datasets/dataset_cropped/09_Metas/20/15/20190920151400_00160.jpg,datasets_flow/dataset_cropped/09_Metas/20/15/20190920151400_00160.jpg,datasets_cloudmask/dataset_cropped/09_Metas/20/15/20190920151400_00160.png,450.2,81.9,393,25.2,959
9/20/2019 15:15,datasets/dataset_cropped/09_Metas/20/15/20190920151500_00160.jpg,datasets_flow/dataset_cropped/09_Metas/20/15/20190920151500_00160.jpg,datasets_cloudmask/dataset_cropped/09_Metas/20/15/20190920151500_00160.png,466.7,111.4,389.5,25.1,959
9/20/2019 15:16,datasets/dataset_cropped/09_Metas/20/15/20190920151600_00160.jpg,datasets_flow/dataset_cropped/09_Metas/20/15/20190920151600_00160.jpg,datasets_cloudmask/dataset_cropped/09_Metas/20/15/20190920151600_00160.png,525.3,192.2,392.9,25,959
9/20/2019 15:17,datasets/dataset_cropped/09_Metas/20/15/20190920151700_00160.jpg,datasets_flow/dataset_cropped/09_Metas/20/15/20190920151700_00160.jpg,datasets_cloudmask/dataset_cropped/09_Metas/20/15/20190920151700_00160.png,607.5,305.5,397.9,24.7,959
9/20/2019 15:18,datasets/dataset_cropped/09_Metas/20/15/20190920151800_00160.jpg,datasets_flow/dataset_cropped/09_Metas/20/15/20190920151800_00160.jpg,datasets_cloudmask/dataset_cropped/09_Metas/20/15/20190920151800_00160.png,625.2,331.3,398.6,24.6,959
9/20/2019 15:19,datasets/dataset_cropped/09_Metas/20/15/20190920151900_00160.jpg,datasets_flow/dataset_cropped/09_Metas/20/15/20190920151900_00160.jpg,datasets_cloudmask/dataset_cropped/09_Metas/20/15/20190920151900_00160.png,589,281,397.1,24.8,959
9/20/2019 15:20,datasets/dataset_cropped/09_Metas/20/15/20190920152000_00160.jpg,datasets_flow/dataset_cropped/09_Metas/20/15/20190920152000_00160.jpg,datasets_cloudmask/dataset_cropped/09_Metas/20/15/20190920152000_00160.png,539.8,224.3,386.7,24.7,959
9/20/2019 15:21,datasets/dataset_cropped/09_Metas/20/15/20190920152100_00160.jpg,datasets_flow/dataset_cropped/09_Metas/20/15/20190920152100_00160.jpg,datasets_cloudmask/dataset_cropped/09_Metas/20/15/20190920152100_00160.png,612.1,331.3,387.2,24.7,959
9/20/2019 15:22,datasets/dataset_cropped/09_Metas/20/15/20190920152200_00160.jpg,datasets_flow/dataset_cropped/09_Metas/20/15/20190920152200_00160.jpg,datasets_cloudmask/dataset_cropped/09_Metas/20/15/20190920152200_00160.png,720.2,487.7,391.3,24.8,959
9/20/2019 15:23,datasets/dataset_cropped/09_Metas/20/15/20190920152300_00160.jpg,datasets_flow/dataset_cropped/09_Metas/20/15/20190920152300_00160.jpg,datasets_cloudmask/dataset_cropped/09_Metas/20/15/20190920152300_00160.png,703.3,471.2,386.5,24.9,959
9/20/2019 15:24,datasets/dataset_cropped/09_Metas/20/15/20190920152400_00160.jpg,datasets_flow/dataset_cropped/09_Metas/20/15/20190920152400_00160.jpg,datasets_cloudmask/dataset_cropped/09_Metas/20/15/20190920152400_00160.png,714.5,498.5,380.5,25,959
9/20/2019 15:25,datasets/dataset_cropped/09_Metas/20/15/20190920152500_00160.jpg,datasets_flow/dataset_cropped/09_Metas/20/15/20190920152500_00160.jpg,datasets_cloudmask/dataset_cropped/09_Metas/20/15/20190920152500_00160.png,720.9,522.9,371.6,25.1,959
9/20/2019 15:26,datasets/dataset_cropped/09_Metas/20/15/20190920152600_00160.jpg,datasets_flow/dataset_cropped/09_Metas/20/15/20190920152600_00160.jpg,datasets_cloudmask/dataset_cropped/09_Metas/20/15/20190920152600_00160.png,694.1,503.3,359,25.2,959
9/20/2019 15:27,datasets/dataset_cropped/09_Metas/20/15/20190920152700_00160.jpg,datasets_flow/dataset_cropped/09_Metas/20/15/20190920152700_00160.jpg,datasets_cloudmask/dataset_cropped/09_Metas/20/15/20190920152700_00160.png,681.8,503.2,347.9,25.2,959
9/20/2019 15:28,datasets/dataset_cropped/09_Metas/20/15/20190920152800_00160.jpg,datasets_flow/dataset_cropped/09_Metas/20/15/20190920152800_00160.jpg,datasets_cloudmask/dataset_cropped/09_Metas/20/15/20190920152800_00160.png,639,456.1,337.1,25.2,959
9/20/2019 15:29,datasets/dataset_cropped/09_Metas/20/15/20190920152900_00160.jpg,datasets_flow/dataset_cropped/09_Metas/20/15/20190920152900_00160.jpg,datasets_cloudmask/dataset_cropped/09_Metas/20/15/20190920152900_00160.png,588,381.2,332.6,25.7,959
9/20/2019 15:30,datasets/dataset_cropped/09_Metas/20/15/20190920153000_00160.jpg,datasets_flow/dataset_cropped/09_Metas/20/15/20190920153000_00160.jpg,datasets_cloudmask/dataset_cropped/09_Metas/20/15/20190920153000_00160.png,659.2,497.7,333.1,25.5,959
9/20/2019 15:31,datasets/dataset_cropped/09_Metas/20/15/20190920153100_00160.jpg,datasets_flow/dataset_cropped/09_Metas/20/15/20190920153100_00160.jpg,datasets_cloudmask/dataset_cropped/09_Metas/20/15/20190920153100_00160.png,639.5,487.2,319.2,25.1,959
9/20/2019 15:32,datasets/dataset_cropped/09_Metas/20/15/20190920153200_00160.jpg,datasets_flow/dataset_cropped/09_Metas/20/15/20190920153200_00160.jpg,datasets_cloudmask/dataset_cropped/09_Metas/20/15/20190920153200_00160.png,524,341.5,299.3,25.1,959
9/20/2019 15:33,datasets/dataset_cropped/09_Metas/20/15/20190920153300_00160.jpg,datasets_flow/dataset_cropped/09_Metas/20/15/20190920153300_00160.jpg,datasets_cloudmask/dataset_cropped/09_Metas/20/15/20190920153300_00160.png,487.1,304.2,287.7,25.2,959
9/20/2019 15:34,datasets/dataset_cropped/09_Metas/20/15/20190920153400_00160.jpg,datasets_flow/dataset_cropped/09_Metas/20/15/20190920153400_00160.jpg,datasets_cloudmask/dataset_cropped/09_Metas/20/15/20190920153400_00160.png,352.7,131.9,265.1,25,959
9/20/2019 15:35,datasets/dataset_cropped/09_Metas/20/15/20190920153500_00160.jpg,datasets_flow/dataset_cropped/09_Metas/20/15/20190920153500_00160.jpg,datasets_cloudmask/dataset_cropped/09_Metas/20/15/20190920153500_00160.png,301,66.2,256.1,25,959
9/20/2019 15:36,datasets/dataset_cropped/09_Metas/20/15/20190920153600_00160.jpg,datasets_flow/dataset_cropped/09_Metas/20/15/20190920153600_00160.jpg,datasets_cloudmask/dataset_cropped/09_Metas/20/15/20190920153600_00160.png,352.2,133.9,264.7,24.9,959
9/20/2019 15:37,datasets/dataset_cropped/09_Metas/20/15/20190920153700_00160.jpg,datasets_flow/dataset_cropped/09_Metas/20/15/20190920153700_00160.jpg,datasets_cloudmask/dataset_cropped/09_Metas/20/15/20190920153700_00160.png,438.2,247.4,276.5,24.6,959
9/20/2019 15:38,datasets/dataset_cropped/09_Metas/20/15/20190920153800_00160.jpg,datasets_flow/dataset_cropped/09_Metas/20/15/20190920153800_00160.jpg,datasets_cloudmask/dataset_cropped/09_Metas/20/15/20190920153800_00160.png,600.6,474.5,295,24.5,959
9/20/2019 15:39,datasets/dataset_cropped/09_Metas/20/15/20190920153900_00160.jpg,datasets_flow/dataset_cropped/09_Metas/20/15/20190920153900_00160.jpg,datasets_cloudmask/dataset_cropped/09_Metas/20/15/20190920153900_00160.png,618.8,500,298.5,24.6,959
9/20/2019 15:40,datasets/dataset_cropped/09_Metas/20/15/20190920154000_00160.jpg,datasets_flow/dataset_cropped/09_Metas/20/15/20190920154000_00160.jpg,datasets_cloudmask/dataset_cropped/09_Metas/20/15/20190920154000_00160.png,660.5,560,304,24.7,959
9/20/2019 15:41,datasets/dataset_cropped/09_Metas/20/15/20190920154100_00160.jpg,datasets_flow/dataset_cropped/09_Metas/20/15/20190920154100_00160.jpg,datasets_cloudmask/dataset_cropped/09_Metas/20/15/20190920154100_00160.png,694.1,609.2,308.6,24.9,959
9/20/2019 15:42,datasets/dataset_cropped/09_Metas/20/15/20190920154200_00160.jpg,datasets_flow/dataset_cropped/09_Metas/20/15/20190920154200_00160.jpg,datasets_cloudmask/dataset_cropped/09_Metas/20/15/20190920154200_00160.png,672.1,580,306.6,24.8,959
9/20/2019 15:43,datasets/dataset_cropped/09_Metas/20/15/20190920154300_00160.jpg,datasets_flow/dataset_cropped/09_Metas/20/15/20190920154300_00160.jpg,datasets_cloudmask/dataset_cropped/09_Metas/20/15/20190920154300_00160.png,673.3,587.9,304.6,24.8,959
9/20/2019 15:44,datasets/dataset_cropped/09_Metas/20/15/20190920154400_00160.jpg,datasets_flow/dataset_cropped/09_Metas/20/15/20190920154400_00160.jpg,datasets_cloudmask/dataset_cropped/09_Metas/20/15/20190920154400_00160.png,658.4,572.2,301.1,25,959
9/20/2019 15:45,datasets/dataset_cropped/09_Metas/20/15/20190920154500_00160.jpg,datasets_flow/dataset_cropped/09_Metas/20/15/20190920154500_00160.jpg,datasets_cloudmask/dataset_cropped/09_Metas/20/15/20190920154500_00160.png,624.6,531,294.4,25.1,959
9/20/2019 15:46,datasets/dataset_cropped/09_Metas/20/15/20190920154600_00160.jpg,datasets_flow/dataset_cropped/09_Metas/20/15/20190920154600_00160.jpg,datasets_cloudmask/dataset_cropped/09_Metas/20/15/20190920154600_00160.png,606.1,513.3,287.3,25.3,959
9/20/2019 15:47,datasets/dataset_cropped/09_Metas/20/15/20190920154700_00160.jpg,datasets_flow/dataset_cropped/09_Metas/20/15/20190920154700_00160.jpg,datasets_cloudmask/dataset_cropped/09_Metas/20/15/20190920154700_00160.png,589,495.7,280.9,25.2,959
9/20/2019 15:48,datasets/dataset_cropped/09_Metas/20/15/20190920154800_00160.jpg,datasets_flow/dataset_cropped/09_Metas/20/15/20190920154800_00160.jpg,datasets_cloudmask/dataset_cropped/09_Metas/20/15/20190920154800_00160.png,600.8,519.1,279.6,25.2,959
9/20/2019 15:49,datasets/dataset_cropped/09_Metas/20/15/20190920154900_00160.jpg,datasets_flow/dataset_cropped/09_Metas/20/15/20190920154900_00160.jpg,datasets_cloudmask/dataset_cropped/09_Metas/20/15/20190920154900_00160.png,587.2,503.2,276.8,25.4,959
9/20/2019 15:50,datasets/dataset_cropped/09_Metas/20/15/20190920155000_00160.jpg,datasets_flow/dataset_cropped/09_Metas/20/15/20190920155000_00160.jpg,datasets_cloudmask/dataset_cropped/09_Metas/20/15/20190920155000_00160.png,567.7,478.2,274.4,25.5,959
9/20/2019 15:51,datasets/dataset_cropped/09_Metas/20/15/20190920155100_00160.jpg,datasets_flow/dataset_cropped/09_Metas/20/15/20190920155100_00160.jpg,datasets_cloudmask/dataset_cropped/09_Metas/20/15/20190920155100_00160.png,588.8,510.8,276.5,25.2,959
9/20/2019 15:52,datasets/dataset_cropped/09_Metas/20/15/20190920155200_00160.jpg,datasets_flow/dataset_cropped/09_Metas/20/15/20190920155200_00160.jpg,datasets_cloudmask/dataset_cropped/09_Metas/20/15/20190920155200_00160.png,601.6,528.1,279.6,25.1,959
9/20/2019 15:53,datasets/dataset_cropped/09_Metas/20/15/20190920155300_00160.jpg,datasets_flow/dataset_cropped/09_Metas/20/15/20190920155300_00160.jpg,datasets_cloudmask/dataset_cropped/09_Metas/20/15/20190920155300_00160.png,585,499.2,281.4,24.9,959
9/20/2019 15:54,datasets/dataset_cropped/09_Metas/20/15/20190920155400_00160.jpg,datasets_flow/dataset_cropped/09_Metas/20/15/20190920155400_00160.jpg,datasets_cloudmask/dataset_cropped/09_Metas/20/15/20190920155400_00160.png,576.4,485.9,280.4,24.9,959
9/20/2019 15:55,datasets/dataset_cropped/09_Metas/20/15/20190920155500_00160.jpg,datasets_flow/dataset_cropped/09_Metas/20/15/20190920155500_00160.jpg,datasets_cloudmask/dataset_cropped/09_Metas/20/15/20190920155500_00160.png,649.5,596.7,289,25.1,959
9/20/2019 15:56,datasets/dataset_cropped/09_Metas/20/15/20190920155600_00160.jpg,datasets_flow/dataset_cropped/09_Metas/20/15/20190920155600_00160.jpg,datasets_cloudmask/dataset_cropped/09_Metas/20/15/20190920155600_00160.png,672.4,639.5,288.4,24.9,959
9/20/2019 15:57,datasets/dataset_cropped/09_Metas/20/15/20190920155700_00160.jpg,datasets_flow/dataset_cropped/09_Metas/20/15/20190920155700_00160.jpg,datasets_cloudmask/dataset_cropped/09_Metas/20/15/20190920155700_00160.png,677.5,652.9,287.2,25,959
9/20/2019 15:58,datasets/dataset_cropped/09_Metas/20/15/20190920155800_00160.jpg,datasets_flow/dataset_cropped/09_Metas/20/15/20190920155800_00160.jpg,datasets_cloudmask/dataset_cropped/09_Metas/20/15/20190920155800_00160.png,577.4,502.1,278.6,25,959
9/20/2019 15:59,datasets/dataset_cropped/09_Metas/20/15/20190920155900_00160.jpg,datasets_flow/dataset_cropped/09_Metas/20/15/20190920155900_00160.jpg,datasets_cloudmask/dataset_cropped/09_Metas/20/15/20190920155900_00160.png,501.9,392.7,267.3,25.2,959
9/20/2019 16:00,datasets/dataset_cropped/09_Metas/20/16/20190920160000_00160.jpg,datasets_flow/dataset_cropped/09_Metas/20/16/20190920160000_00160.jpg,datasets_cloudmask/dataset_cropped/09_Metas/20/16/20190920160000_00160.png,456.4,334.1,257.3,25.1,959
9/20/2019 16:01,datasets/dataset_cropped/09_Metas/20/16/20190920160100_00160.jpg,datasets_flow/dataset_cropped/09_Metas/20/16/20190920160100_00160.jpg,datasets_cloudmask/dataset_cropped/09_Metas/20/16/20190920160100_00160.png,531.1,467.9,254.8,25.1,959
9/20/2019 16:02,datasets/dataset_cropped/09_Metas/20/16/20190920160200_00160.jpg,datasets_flow/dataset_cropped/09_Metas/20/16/20190920160200_00160.jpg,datasets_cloudmask/dataset_cropped/09_Metas/20/16/20190920160200_00160.png,542.9,492.5,254.2,25.1,959
9/20/2019 16:03,datasets/dataset_cropped/09_Metas/20/16/20190920160300_00160.jpg,datasets_flow/dataset_cropped/09_Metas/20/16/20190920160300_00160.jpg,datasets_cloudmask/dataset_cropped/09_Metas/20/16/20190920160300_00160.png,530.6,472.2,255.4,25.1,959
9/20/2019 16:04,datasets/dataset_cropped/09_Metas/20/16/20190920160400_00160.jpg,datasets_flow/dataset_cropped/09_Metas/20/16/20190920160400_00160.jpg,datasets_cloudmask/dataset_cropped/09_Metas/20/16/20190920160400_00160.png,543.4,494.4,256.6,25,959
9/20/2019 16:05,datasets/dataset_cropped/09_Metas/20/16/20190920160500_00160.jpg,datasets_flow/dataset_cropped/09_Metas/20/16/20190920160500_00160.jpg,datasets_cloudmask/dataset_cropped/09_Metas/20/16/20190920160500_00160.png,551.9,507.3,258.8,25,959
9/20/2019 16:06,datasets/dataset_cropped/09_Metas/20/16/20190920160600_00160.jpg,datasets_flow/dataset_cropped/09_Metas/20/16/20190920160600_00160.jpg,datasets_cloudmask/dataset_cropped/09_Metas/20/16/20190920160600_00160.png,519.9,458.9,256.1,25.1,959
9/20/2019 16:07,datasets/dataset_cropped/09_Metas/20/16/20190920160700_00160.jpg,datasets_flow/dataset_cropped/09_Metas/20/16/20190920160700_00160.jpg,datasets_cloudmask/dataset_cropped/09_Metas/20/16/20190920160700_00160.png,536.1,487.6,257.3,25.2,959
9/20/2019 16:08,datasets/dataset_cropped/09_Metas/20/16/20190920160800_00160.jpg,datasets_flow/dataset_cropped/09_Metas/20/16/20190920160800_00160.jpg,datasets_cloudmask/dataset_cropped/09_Metas/20/16/20190920160800_00160.png,540.8,497.8,257.4,25.3,959
9/20/2019 16:09,datasets/dataset_cropped/09_Metas/20/16/20190920160900_00160.jpg,datasets_flow/dataset_cropped/09_Metas/20/16/20190920160900_00160.jpg,datasets_cloudmask/dataset_cropped/09_Metas/20/16/20190920160900_00160.png,567.3,545.1,258.4,25.3,959
9/20/2019 16:10,datasets/dataset_cropped/09_Metas/20/16/20190920161000_00160.jpg,datasets_flow/dataset_cropped/09_Metas/20/16/20190920161000_00160.jpg,datasets_cloudmask/dataset_cropped/09_Metas/20/16/20190920161000_00160.png,585.6,578.7,259,25.3,959
9/20/2019 16:11,datasets/dataset_cropped/09_Metas/20/16/20190920161100_00160.jpg,datasets_flow/dataset_cropped/09_Metas/20/16/20190920161100_00160.jpg,datasets_cloudmask/dataset_cropped/09_Metas/20/16/20190920161100_00160.png,615.9,628.6,262.7,25.2,959
9/20/2019 16:12,datasets/dataset_cropped/09_Metas/20/16/20190920161200_00160.jpg,datasets_flow/dataset_cropped/09_Metas/20/16/20190920161200_00160.jpg,datasets_cloudmask/dataset_cropped/09_Metas/20/16/20190920161200_00160.png,618.5,631,265.8,25.1,959
9/20/2019 16:13,datasets/dataset_cropped/09_Metas/20/16/20190920161300_00160.jpg,datasets_flow/dataset_cropped/09_Metas/20/16/20190920161300_00160.jpg,datasets_cloudmask/dataset_cropped/09_Metas/20/16/20190920161300_00160.png,503,436.3,259.1,25.2,959
9/20/2019 16:14,datasets/dataset_cropped/09_Metas/20/16/20190920161400_00160.jpg,datasets_flow/dataset_cropped/09_Metas/20/16/20190920161400_00160.jpg,datasets_cloudmask/dataset_cropped/09_Metas/20/16/20190920161400_00160.png,377.2,227.2,249.9,25.1,959
9/20/2019 16:15,datasets/dataset_cropped/09_Metas/20/16/20190920161500_00160.jpg,datasets_flow/dataset_cropped/09_Metas/20/16/20190920161500_00160.jpg,datasets_cloudmask/dataset_cropped/09_Metas/20/16/20190920161500_00160.png,348.4,195.4,237.7,24.9,959
9/20/2019 16:16,datasets/dataset_cropped/09_Metas/20/16/20190920161600_00160.jpg,datasets_flow/dataset_cropped/09_Metas/20/16/20190920161600_00160.jpg,datasets_cloudmask/dataset_cropped/09_Metas/20/16/20190920161600_00160.png,389.1,288.9,229.2,25.1,959
9/20/2019 16:17,datasets/dataset_cropped/09_Metas/20/16/20190920161700_00160.jpg,datasets_flow/dataset_cropped/09_Metas/20/16/20190920161700_00160.jpg,datasets_cloudmask/dataset_cropped/09_Metas/20/16/20190920161700_00160.png,225.4,30.7,207.1,25.1,959
9/20/2019 16:18,datasets/dataset_cropped/09_Metas/20/16/20190920161800_00160.jpg,datasets_flow/dataset_cropped/09_Metas/20/16/20190920161800_00160.jpg,datasets_cloudmask/dataset_cropped/09_Metas/20/16/20190920161800_00160.png,222.4,30,204.8,25,959
9/20/2019 16:19,datasets/dataset_cropped/09_Metas/20/16/20190920161900_00160.jpg,datasets_flow/dataset_cropped/09_Metas/20/16/20190920161900_00160.jpg,datasets_cloudmask/dataset_cropped/09_Metas/20/16/20190920161900_00160.png,298.3,168.1,206.1,24.7,959
9/20/2019 16:20,datasets/dataset_cropped/09_Metas/20/16/20190920162000_00160.jpg,datasets_flow/dataset_cropped/09_Metas/20/16/20190920162000_00160.jpg,datasets_cloudmask/dataset_cropped/09_Metas/20/16/20190920162000_00160.png,227.5,44.9,201.6,24.7,959
9/20/2019 16:21,datasets/dataset_cropped/09_Metas/20/16/20190920162100_00160.jpg,datasets_flow/dataset_cropped/09_Metas/20/16/20190920162100_00160.jpg,datasets_cloudmask/dataset_cropped/09_Metas/20/16/20190920162100_00160.png,206.6,16.1,196.7,24.8,959
9/20/2019 16:22,datasets/dataset_cropped/09_Metas/20/16/20190920162200_00160.jpg,datasets_flow/dataset_cropped/09_Metas/20/16/20190920162200_00160.jpg,datasets_cloudmask/dataset_cropped/09_Metas/20/16/20190920162200_00160.png,209.8,23.7,195.6,24.7,959
9/20/2019 16:23,datasets/dataset_cropped/09_Metas/20/16/20190920162300_00160.jpg,datasets_flow/dataset_cropped/09_Metas/20/16/20190920162300_00160.jpg,datasets_cloudmask/dataset_cropped/09_Metas/20/16/20190920162300_00160.png,196.7,0.6,195.2,24.6,959
9/20/2019 16:24,datasets/dataset_cropped/09_Metas/20/16/20190920162400_00160.jpg,datasets_flow/dataset_cropped/09_Metas/20/16/20190920162400_00160.jpg,datasets_cloudmask/dataset_cropped/09_Metas/20/16/20190920162400_00160.png,199.5,1.5,197.3,24.4,959
9/20/2019 16:25,datasets/dataset_cropped/09_Metas/20/16/20190920162500_00160.jpg,datasets_flow/dataset_cropped/09_Metas/20/16/20190920162500_00160.jpg,datasets_cloudmask/dataset_cropped/09_Metas/20/16/20190920162500_00160.png,203.9,0,203.1,24.4,959
9/20/2019 16:26,datasets/dataset_cropped/09_Metas/20/16/20190920162600_00160.jpg,datasets_flow/dataset_cropped/09_Metas/20/16/20190920162600_00160.jpg,datasets_cloudmask/dataset_cropped/09_Metas/20/16/20190920162600_00160.png,212.8,0.4,211.5,24.4,959
9/20/2019 16:27,datasets/dataset_cropped/09_Metas/20/16/20190920162700_00160.jpg,datasets_flow/dataset_cropped/09_Metas/20/16/20190920162700_00160.jpg,datasets_cloudmask/dataset_cropped/09_Metas/20/16/20190920162700_00160.png,224.7,5.2,221.2,24.4,959
9/20/2019 16:28,datasets/dataset_cropped/09_Metas/20/16/20190920162800_00160.jpg,datasets_flow/dataset_cropped/09_Metas/20/16/20190920162800_00160.jpg,datasets_cloudmask/dataset_cropped/09_Metas/20/16/20190920162800_00160.png,249.7,32.2,232.6,24.2,959
9/20/2019 16:29,datasets/dataset_cropped/09_Metas/20/16/20190920162900_00160.jpg,datasets_flow/dataset_cropped/09_Metas/20/16/20190920162900_00160.jpg,datasets_cloudmask/dataset_cropped/09_Metas/20/16/20190920162900_00160.png,267.8,43.9,244.4,24.3,959
9/20/2019 16:30,datasets/dataset_cropped/09_Metas/20/16/20190920163000_00160.jpg,datasets_flow/dataset_cropped/09_Metas/20/16/20190920163000_00160.jpg,datasets_cloudmask/dataset_cropped/09_Metas/20/16/20190920163000_00160.png,276.9,42.1,254.5,24.4,959
9/20/2019 16:31,datasets/dataset_cropped/09_Metas/20/16/20190920163100_00160.jpg,datasets_flow/dataset_cropped/09_Metas/20/16/20190920163100_00160.jpg,datasets_cloudmask/dataset_cropped/09_Metas/20/16/20190920163100_00160.png,277,26,262.7,24.4,959
9/20/2019 16:32,datasets/dataset_cropped/09_Metas/20/16/20190920163200_00160.jpg,datasets_flow/dataset_cropped/09_Metas/20/16/20190920163200_00160.jpg,datasets_cloudmask/dataset_cropped/09_Metas/20/16/20190920163200_00160.png,321.2,93.3,272.8,24.4,959
9/20/2019 16:33,datasets/dataset_cropped/09_Metas/20/16/20190920163300_00160.jpg,datasets_flow/dataset_cropped/09_Metas/20/16/20190920163300_00160.jpg,datasets_cloudmask/dataset_cropped/09_Metas/20/16/20190920163300_00160.png,358.6,140.5,287.1,24.5,959
9/20/2019 16:34,datasets/dataset_cropped/09_Metas/20/16/20190920163400_00160.jpg,datasets_flow/dataset_cropped/09_Metas/20/16/20190920163400_00160.jpg,datasets_cloudmask/dataset_cropped/09_Metas/20/16/20190920163400_00160.png,398.4,201.7,296.8,24.6,959
9/20/2019 16:35,datasets/dataset_cropped/09_Metas/20/16/20190920163500_00160.jpg,datasets_flow/dataset_cropped/09_Metas/20/16/20190920163500_00160.jpg,datasets_cloudmask/dataset_cropped/09_Metas/20/16/20190920163500_00160.png,388.6,185.6,296,24.6,959
9/20/2019 16:36,datasets/dataset_cropped/09_Metas/20/16/20190920163600_00160.jpg,datasets_flow/dataset_cropped/09_Metas/20/16/20190920163600_00160.jpg,datasets_cloudmask/dataset_cropped/09_Metas/20/16/20190920163600_00160.png,506.3,411.2,303.1,24.7,959
9/20/2019 16:37,datasets/dataset_cropped/09_Metas/20/16/20190920163700_00160.jpg,datasets_flow/dataset_cropped/09_Metas/20/16/20190920163700_00160.jpg,datasets_cloudmask/dataset_cropped/09_Metas/20/16/20190920163700_00160.png,477.2,368.2,297,24.8,959
9/20/2019 16:38,datasets/dataset_cropped/09_Metas/20/16/20190920163800_00160.jpg,datasets_flow/dataset_cropped/09_Metas/20/16/20190920163800_00160.jpg,datasets_cloudmask/dataset_cropped/09_Metas/20/16/20190920163800_00160.png,477.7,379.7,292.9,25,959
9/20/2019 16:39,datasets/dataset_cropped/09_Metas/20/16/20190920163900_00160.jpg,datasets_flow/dataset_cropped/09_Metas/20/16/20190920163900_00160.jpg,datasets_cloudmask/dataset_cropped/09_Metas/20/16/20190920163900_00160.png,466.3,363.3,290.1,24.9,959
9/20/2019 16:40,datasets/dataset_cropped/09_Metas/20/16/20190920164000_00160.jpg,datasets_flow/dataset_cropped/09_Metas/20/16/20190920164000_00160.jpg,datasets_cloudmask/dataset_cropped/09_Metas/20/16/20190920164000_00160.png,461.5,366.6,285,25.1,959
9/20/2019 16:41,datasets/dataset_cropped/09_Metas/20/16/20190920164100_00160.jpg,datasets_flow/dataset_cropped/09_Metas/20/16/20190920164100_00160.jpg,datasets_cloudmask/dataset_cropped/09_Metas/20/16/20190920164100_00160.png,427.4,318.3,274.8,25.3,959
9/20/2019 16:42,datasets/dataset_cropped/09_Metas/20/16/20190920164200_00160.jpg,datasets_flow/dataset_cropped/09_Metas/20/16/20190920164200_00160.jpg,datasets_cloudmask/dataset_cropped/09_Metas/20/16/20190920164200_00160.png,393.1,269.9,264.5,25.2,959
9/20/2019 16:43,datasets/dataset_cropped/09_Metas/20/16/20190920164300_00160.jpg,datasets_flow/dataset_cropped/09_Metas/20/16/20190920164300_00160.jpg,datasets_cloudmask/dataset_cropped/09_Metas/20/16/20190920164300_00160.png,369.8,238.2,256.9,24.9,959
9/20/2019 16:44,datasets/dataset_cropped/09_Metas/20/16/20190920164400_00160.jpg,datasets_flow/dataset_cropped/09_Metas/20/16/20190920164400_00160.jpg,datasets_cloudmask/dataset_cropped/09_Metas/20/16/20190920164400_00160.png,328.5,173.3,246.7,24.8,959
9/20/2019 16:45,datasets/dataset_cropped/09_Metas/20/16/20190920164500_00160.jpg,datasets_flow/dataset_cropped/09_Metas/20/16/20190920164500_00160.jpg,datasets_cloudmask/dataset_cropped/09_Metas/20/16/20190920164500_00160.png,342.9,214.5,242,24.6,959
9/20/2019 16:46,datasets/dataset_cropped/09_Metas/20/16/20190920164600_00160.jpg,datasets_flow/dataset_cropped/09_Metas/20/16/20190920164600_00160.jpg,datasets_cloudmask/dataset_cropped/09_Metas/20/16/20190920164600_00160.png,324.3,188.3,236,24.6,959
9/20/2019 16:47,datasets/dataset_cropped/09_Metas/20/16/20190920164700_00160.jpg,datasets_flow/dataset_cropped/09_Metas/20/16/20190920164700_00160.jpg,datasets_cloudmask/dataset_cropped/09_Metas/20/16/20190920164700_00160.png,276.3,105.9,226.8,24.5,959
9/20/2019 16:48,datasets/dataset_cropped/09_Metas/20/16/20190920164800_00160.jpg,datasets_flow/dataset_cropped/09_Metas/20/16/20190920164800_00160.jpg,datasets_cloudmask/dataset_cropped/09_Metas/20/16/20190920164800_00160.png,264.3,94.2,220.5,24.3,959
9/20/2019 16:49,datasets/dataset_cropped/09_Metas/20/16/20190920164900_00160.jpg,datasets_flow/dataset_cropped/09_Metas/20/16/20190920164900_00160.jpg,datasets_cloudmask/dataset_cropped/09_Metas/20/16/20190920164900_00160.png,256.4,84.1,217.4,24.3,959
9/20/2019 16:50,datasets/dataset_cropped/09_Metas/20/16/20190920165000_00160.jpg,datasets_flow/dataset_cropped/09_Metas/20/16/20190920165000_00160.jpg,datasets_cloudmask/dataset_cropped/09_Metas/20/16/20190920165000_00160.png,248.5,71.3,215.6,24.5,959
9/20/2019 16:51,datasets/dataset_cropped/09_Metas/20/16/20190920165100_00160.jpg,datasets_flow/dataset_cropped/09_Metas/20/16/20190920165100_00160.jpg,datasets_cloudmask/dataset_cropped/09_Metas/20/16/20190920165100_00160.png,272.1,118.6,218,24.5,959
9/20/2019 16:52,datasets/dataset_cropped/09_Metas/20/16/20190920165200_00160.jpg,datasets_flow/dataset_cropped/09_Metas/20/16/20190920165200_00160.jpg,datasets_cloudmask/dataset_cropped/09_Metas/20/16/20190920165200_00160.png,271.5,113.2,220.3,24.4,959
9/20/2019 16:53,datasets/dataset_cropped/09_Metas/20/16/20190920165300_00160.jpg,datasets_flow/dataset_cropped/09_Metas/20/16/20190920165300_00160.jpg,datasets_cloudmask/dataset_cropped/09_Metas/20/16/20190920165300_00160.png,255.6,76.6,221.1,24.6,959
9/20/2019 16:54,datasets/dataset_cropped/09_Metas/20/16/20190920165400_00160.jpg,datasets_flow/dataset_cropped/09_Metas/20/16/20190920165400_00160.jpg,datasets_cloudmask/dataset_cropped/09_Metas/20/16/20190920165400_00160.png,244.8,52.4,221.6,24.6,959
9/20/2019 16:55,datasets/dataset_cropped/09_Metas/20/16/20190920165500_00160.jpg,datasets_flow/dataset_cropped/09_Metas/20/16/20190920165500_00160.jpg,datasets_cloudmask/dataset_cropped/09_Metas/20/16/20190920165500_00160.png,252.6,62,225.2,24.5,959
9/20/2019 16:56,datasets/dataset_cropped/09_Metas/20/16/20190920165600_00160.jpg,datasets_flow/dataset_cropped/09_Metas/20/16/20190920165600_00160.jpg,datasets_cloudmask/dataset_cropped/09_Metas/20/16/20190920165600_00160.png,259.7,70.4,228.8,24.3,959
9/20/2019 16:57,datasets/dataset_cropped/09_Metas/20/16/20190920165700_00160.jpg,datasets_flow/dataset_cropped/09_Metas/20/16/20190920165700_00160.jpg,datasets_cloudmask/dataset_cropped/09_Metas/20/16/20190920165700_00160.png,278,104.6,232.4,24.3,959
9/20/2019 16:58,datasets/dataset_cropped/09_Metas/20/16/20190920165800_00160.jpg,datasets_flow/dataset_cropped/09_Metas/20/16/20190920165800_00160.jpg,datasets_cloudmask/dataset_cropped/09_Metas/20/16/20190920165800_00160.png,301.1,150.5,235.9,24.2,959
9/20/2019 16:59,datasets/dataset_cropped/09_Metas/20/16/20190920165900_00160.jpg,datasets_flow/dataset_cropped/09_Metas/20/16/20190920165900_00160.jpg,datasets_cloudmask/dataset_cropped/09_Metas/20/16/20190920165900_00160.png,336.2,225.1,239.7,24.3,959
9/20/2019 17:00,datasets/dataset_cropped/09_Metas/20/17/20190920170000_00160.jpg,datasets_flow/dataset_cropped/09_Metas/20/17/20190920170000_00160.jpg,datasets_cloudmask/dataset_cropped/09_Metas/20/17/20190920170000_00160.png,358.6,272.8,242.9,24.3,959
9/20/2019 17:01,datasets/dataset_cropped/09_Metas/20/17/20190920170100_00160.jpg,datasets_flow/dataset_cropped/09_Metas/20/17/20190920170100_00160.jpg,datasets_cloudmask/dataset_cropped/09_Metas/20/17/20190920170100_00160.png,319.3,199.5,235.3,24.5,959
9/20/2019 17:02,datasets/dataset_cropped/09_Metas/20/17/20190920170200_00160.jpg,datasets_flow/dataset_cropped/09_Metas/20/17/20190920170200_00160.jpg,datasets_cloudmask/dataset_cropped/09_Metas/20/17/20190920170200_00160.png,265.5,103,222.2,24.5,959
9/20/2019 17:03,datasets/dataset_cropped/09_Metas/20/17/20190920170300_00160.jpg,datasets_flow/dataset_cropped/09_Metas/20/17/20190920170300_00160.jpg,datasets_cloudmask/dataset_cropped/09_Metas/20/17/20190920170300_00160.png,238.1,60.8,212.9,24.4,959
9/20/2019 17:04,datasets/dataset_cropped/09_Metas/20/17/20190920170400_00160.jpg,datasets_flow/dataset_cropped/09_Metas/20/17/20190920170400_00160.jpg,datasets_cloudmask/dataset_cropped/09_Metas/20/17/20190920170400_00160.png,244.1,88.7,207.6,24.4,959
9/20/2019 17:05,datasets/dataset_cropped/09_Metas/20/17/20190920170500_00160.jpg,datasets_flow/dataset_cropped/09_Metas/20/17/20190920170500_00160.jpg,datasets_cloudmask/dataset_cropped/09_Metas/20/17/20190920170500_00160.png,248.9,112.2,202.8,24.3,959
9/20/2019 17:06,datasets/dataset_cropped/09_Metas/20/17/20190920170600_00160.jpg,datasets_flow/dataset_cropped/09_Metas/20/17/20190920170600_00160.jpg,datasets_cloudmask/dataset_cropped/09_Metas/20/17/20190920170600_00160.png,235.6,98.3,195.4,24.2,959
9/20/2019 17:07,datasets/dataset_cropped/09_Metas/20/17/20190920170700_00160.jpg,datasets_flow/dataset_cropped/09_Metas/20/17/20190920170700_00160.jpg,datasets_cloudmask/dataset_cropped/09_Metas/20/17/20190920170700_00160.png,225.4,92.4,187.8,24.2,959
9/20/2019 17:08,datasets/dataset_cropped/09_Metas/20/17/20190920170800_00160.jpg,datasets_flow/dataset_cropped/09_Metas/20/17/20190920170800_00160.jpg,datasets_cloudmask/dataset_cropped/09_Metas/20/17/20190920170800_00160.png,213.6,84.9,179.5,24.3,959
9/20/2019 17:09,datasets/dataset_cropped/09_Metas/20/17/20190920170900_00160.jpg,datasets_flow/dataset_cropped/09_Metas/20/17/20190920170900_00160.jpg,datasets_cloudmask/dataset_cropped/09_Metas/20/17/20190920170900_00160.png,186.2,39.2,170.5,24.3,959
9/20/2019 17:10,datasets/dataset_cropped/09_Metas/20/17/20190920171000_00160.jpg,datasets_flow/dataset_cropped/09_Metas/20/17/20190920171000_00160.jpg,datasets_cloudmask/dataset_cropped/09_Metas/20/17/20190920171000_00160.png,170.1,17.5,163.3,24.2,959
9/20/2019 17:11,datasets/dataset_cropped/09_Metas/20/17/20190920171100_00160.jpg,datasets_flow/dataset_cropped/09_Metas/20/17/20190920171100_00160.jpg,datasets_cloudmask/dataset_cropped/09_Metas/20/17/20190920171100_00160.png,166,19,158.6,24,959
9/20/2019 17:12,datasets/dataset_cropped/09_Metas/20/17/20190920171200_00160.jpg,datasets_flow/dataset_cropped/09_Metas/20/17/20190920171200_00160.jpg,datasets_cloudmask/dataset_cropped/09_Metas/20/17/20190920171200_00160.png,162.2,15.1,156.2,24,959
9/20/2019 17:13,datasets/dataset_cropped/09_Metas/20/17/20190920171300_00160.jpg,datasets_flow/dataset_cropped/09_Metas/20/17/20190920171300_00160.jpg,datasets_cloudmask/dataset_cropped/09_Metas/20/17/20190920171300_00160.png,165,22.9,156,23.9,959
9/20/2019 17:14,datasets/dataset_cropped/09_Metas/20/17/20190920171400_00160.jpg,datasets_flow/dataset_cropped/09_Metas/20/17/20190920171400_00160.jpg,datasets_cloudmask/dataset_cropped/09_Metas/20/17/20190920171400_00160.png,180.6,56.5,158.7,23.9,959
9/20/2019 17:15,datasets/dataset_cropped/09_Metas/20/17/20190920171500_00160.jpg,datasets_flow/dataset_cropped/09_Metas/20/17/20190920171500_00160.jpg,datasets_cloudmask/dataset_cropped/09_Metas/20/17/20190920171500_00160.png,193.1,78.1,163.1,24,959
9/20/2019 17:16,datasets/dataset_cropped/09_Metas/20/17/20190920171600_00160.jpg,datasets_flow/dataset_cropped/09_Metas/20/17/20190920171600_00160.jpg,datasets_cloudmask/dataset_cropped/09_Metas/20/17/20190920171600_00160.png,196.2,75.5,167.5,24,959
9/20/2019 17:17,datasets/dataset_cropped/09_Metas/20/17/20190920171700_00160.jpg,datasets_flow/dataset_cropped/09_Metas/20/17/20190920171700_00160.jpg,datasets_cloudmask/dataset_cropped/09_Metas/20/17/20190920171700_00160.png,194.7,61.5,171.6,24,959
9/20/2019 17:18,datasets/dataset_cropped/09_Metas/20/17/20190920171800_00160.jpg,datasets_flow/dataset_cropped/09_Metas/20/17/20190920171800_00160.jpg,datasets_cloudmask/dataset_cropped/09_Metas/20/17/20190920171800_00160.png,181.1,18.1,174.4,24,959
9/20/2019 17:19,datasets/dataset_cropped/09_Metas/20/17/20190920171900_00160.jpg,datasets_flow/dataset_cropped/09_Metas/20/17/20190920171900_00160.jpg,datasets_cloudmask/dataset_cropped/09_Metas/20/17/20190920171900_00160.png,200.6,58.4,179.2,23.9,959
9/20/2019 17:20,datasets/dataset_cropped/09_Metas/20/17/20190920172000_00160.jpg,datasets_flow/dataset_cropped/09_Metas/20/17/20190920172000_00160.jpg,datasets_cloudmask/dataset_cropped/09_Metas/20/17/20190920172000_00160.png,194.2,32.5,182.3,23.9,959
9/20/2019 17:21,datasets/dataset_cropped/09_Metas/20/17/20190920172100_00160.jpg,datasets_flow/dataset_cropped/09_Metas/20/17/20190920172100_00160.jpg,datasets_cloudmask/dataset_cropped/09_Metas/20/17/20190920172100_00160.png,189.6,16.6,183.9,23.9,959
9/20/2019 17:22,datasets/dataset_cropped/09_Metas/20/17/20190920172200_00160.jpg,datasets_flow/dataset_cropped/09_Metas/20/17/20190920172200_00160.jpg,datasets_cloudmask/dataset_cropped/09_Metas/20/17/20190920172200_00160.png,224.4,101.6,188.2,23.9,959
9/20/2019 17:23,datasets/dataset_cropped/09_Metas/20/17/20190920172300_00160.jpg,datasets_flow/dataset_cropped/09_Metas/20/17/20190920172300_00160.jpg,datasets_cloudmask/dataset_cropped/09_Metas/20/17/20190920172300_00160.png,240.6,141.9,190.6,23.8,959
9/20/2019 17:24,datasets/dataset_cropped/09_Metas/20/17/20190920172400_00160.jpg,datasets_flow/dataset_cropped/09_Metas/20/17/20190920172400_00160.jpg,datasets_cloudmask/dataset_cropped/09_Metas/20/17/20190920172400_00160.png,300.8,292.8,198.2,23.9,959
9/20/2019 17:25,datasets/dataset_cropped/09_Metas/20/17/20190920172500_00160.jpg,datasets_flow/dataset_cropped/09_Metas/20/17/20190920172500_00160.jpg,datasets_cloudmask/dataset_cropped/09_Metas/20/17/20190920172500_00160.png,297.6,288.1,197.6,23.9,959
9/20/2019 17:26,datasets/dataset_cropped/09_Metas/20/17/20190920172600_00160.jpg,datasets_flow/dataset_cropped/09_Metas/20/17/20190920172600_00160.jpg,datasets_cloudmask/dataset_cropped/09_Metas/20/17/20190920172600_00160.png,248.2,179.3,186.8,24,959
9/20/2019 17:27,datasets/dataset_cropped/09_Metas/20/17/20190920172700_00160.jpg,datasets_flow/dataset_cropped/09_Metas/20/17/20190920172700_00160.jpg,datasets_cloudmask/dataset_cropped/09_Metas/20/17/20190920172700_00160.png,234.9,179.9,173.8,24,959
9/20/2019 17:28,datasets/dataset_cropped/09_Metas/20/17/20190920172800_00160.jpg,datasets_flow/dataset_cropped/09_Metas/20/17/20190920172800_00160.jpg,datasets_cloudmask/dataset_cropped/09_Metas/20/17/20190920172800_00160.png,203.8,122.1,162.6,23.9,959
9/20/2019 17:29,datasets/dataset_cropped/09_Metas/20/17/20190920172900_00160.jpg,datasets_flow/dataset_cropped/09_Metas/20/17/20190920172900_00160.jpg,datasets_cloudmask/dataset_cropped/09_Metas/20/17/20190920172900_00160.png,148.8,5.6,147.2,23.8,959
9/20/2019 17:30,datasets/dataset_cropped/09_Metas/20/17/20190920173000_00160.jpg,datasets_flow/dataset_cropped/09_Metas/20/17/20190920173000_00160.jpg,datasets_cloudmask/dataset_cropped/09_Metas/20/17/20190920173000_00160.png,141.8,21.5,135,23.7,959
9/20/2019 17:31,datasets/dataset_cropped/09_Metas/20/17/20190920173100_00160.jpg,datasets_flow/dataset_cropped/09_Metas/20/17/20190920173100_00160.jpg,datasets_cloudmask/dataset_cropped/09_Metas/20/17/20190920173100_00160.png,146.9,56,128.6,23.6,959
9/20/2019 17:32,datasets/dataset_cropped/09_Metas/20/17/20190920173200_00160.jpg,datasets_flow/dataset_cropped/09_Metas/20/17/20190920173200_00160.jpg,datasets_cloudmask/dataset_cropped/09_Metas/20/17/20190920173200_00160.png,136.3,41.9,122.6,23.5,959
9/20/2019 17:33,datasets/dataset_cropped/09_Metas/20/17/20190920173300_00160.jpg,datasets_flow/dataset_cropped/09_Metas/20/17/20190920173300_00160.jpg,datasets_cloudmask/dataset_cropped/09_Metas/20/17/20190920173300_00160.png,123.2,20.2,116.6,23.5,959
9/20/2019 17:34,datasets/dataset_cropped/09_Metas/20/17/20190920173400_00160.jpg,datasets_flow/dataset_cropped/09_Metas/20/17/20190920173400_00160.jpg,datasets_cloudmask/dataset_cropped/09_Metas/20/17/20190920173400_00160.png,114.7,7.9,112.2,23.4,959
9/20/2019 17:35,datasets/dataset_cropped/09_Metas/20/17/20190920173500_00160.jpg,datasets_flow/dataset_cropped/09_Metas/20/17/20190920173500_00160.jpg,datasets_cloudmask/dataset_cropped/09_Metas/20/17/20190920173500_00160.png,109.9,2,109.2,23.4,959
9/20/2019 17:36,datasets/dataset_cropped/09_Metas/20/17/20190920173600_00160.jpg,datasets_flow/dataset_cropped/09_Metas/20/17/20190920173600_00160.jpg,datasets_cloudmask/dataset_cropped/09_Metas/20/17/20190920173600_00160.png,107.7,0,107.7,23.3,959
9/20/2019 17:37,datasets/dataset_cropped/09_Metas/20/17/20190920173700_00160.jpg,datasets_flow/dataset_cropped/09_Metas/20/17/20190920173700_00160.jpg,datasets_cloudmask/dataset_cropped/09_Metas/20/17/20190920173700_00160.png,107.3,0,107.5,23.3,959
9/20/2019 17:38,datasets/dataset_cropped/09_Metas/20/17/20190920173800_00160.jpg,datasets_flow/dataset_cropped/09_Metas/20/17/20190920173800_00160.jpg,datasets_cloudmask/dataset_cropped/09_Metas/20/17/20190920173800_00160.png,108.1,0,108.3,23.2,959
9/20/2019 17:39,datasets/dataset_cropped/09_Metas/20/17/20190920173900_00160.jpg,datasets_flow/dataset_cropped/09_Metas/20/17/20190920173900_00160.jpg,datasets_cloudmask/dataset_cropped/09_Metas/20/17/20190920173900_00160.png,109.3,0,109.5,23.2,959
9/20/2019 17:40,datasets/dataset_cropped/09_Metas/20/17/20190920174000_00160.jpg,datasets_flow/dataset_cropped/09_Metas/20/17/20190920174000_00160.jpg,datasets_cloudmask/dataset_cropped/09_Metas/20/17/20190920174000_00160.png,110.4,0,110.7,23.3,959
9/20/2019 17:41,datasets/dataset_cropped/09_Metas/20/17/20190920174100_00160.jpg,datasets_flow/dataset_cropped/09_Metas/20/17/20190920174100_00160.jpg,datasets_cloudmask/dataset_cropped/09_Metas/20/17/20190920174100_00160.png,111.1,0,111.5,23.2,959
9/20/2019 17:42,datasets/dataset_cropped/09_Metas/20/17/20190920174200_00160.jpg,datasets_flow/dataset_cropped/09_Metas/20/17/20190920174200_00160.jpg,datasets_cloudmask/dataset_cropped/09_Metas/20/17/20190920174200_00160.png,112.9,0,113.2,23.3,959
9/20/2019 17:43,datasets/dataset_cropped/09_Metas/20/17/20190920174300_00160.jpg,datasets_flow/dataset_cropped/09_Metas/20/17/20190920174300_00160.jpg,datasets_cloudmask/dataset_cropped/09_Metas/20/17/20190920174300_00160.png,115,0,115.3,23.3,959
9/20/2019 17:44,datasets/dataset_cropped/09_Metas/20/17/20190920174400_00160.jpg,datasets_flow/dataset_cropped/09_Metas/20/17/20190920174400_00160.jpg,datasets_cloudmask/dataset_cropped/09_Metas/20/17/20190920174400_00160.png,116.7,0,117,23.3,959
9/20/2019 17:45,datasets/dataset_cropped/09_Metas/20/17/20190920174500_00160.jpg,datasets_flow/dataset_cropped/09_Metas/20/17/20190920174500_00160.jpg,datasets_cloudmask/dataset_cropped/09_Metas/20/17/20190920174500_00160.png,117.8,0,118.2,23.2,959
9/20/2019 17:46,datasets/dataset_cropped/09_Metas/20/17/20190920174600_00160.jpg,datasets_flow/dataset_cropped/09_Metas/20/17/20190920174600_00160.jpg,datasets_cloudmask/dataset_cropped/09_Metas/20/17/20190920174600_00160.png,117.8,0,118.2,23.2,959
9/20/2019 17:47,datasets/dataset_cropped/09_Metas/20/17/20190920174700_00160.jpg,datasets_flow/dataset_cropped/09_Metas/20/17/20190920174700_00160.jpg,datasets_cloudmask/dataset_cropped/09_Metas/20/17/20190920174700_00160.png,115.9,0,116.2,23.2,959
9/20/2019 17:48,datasets/dataset_cropped/09_Metas/20/17/20190920174800_00160.jpg,datasets_flow/dataset_cropped/09_Metas/20/17/20190920174800_00160.jpg,datasets_cloudmask/dataset_cropped/09_Metas/20/17/20190920174800_00160.png,111.9,0,112.2,23.2,959
9/20/2019 17:49,datasets/dataset_cropped/09_Metas/20/17/20190920174900_00160.jpg,datasets_flow/dataset_cropped/09_Metas/20/17/20190920174900_00160.jpg,datasets_cloudmask/dataset_cropped/09_Metas/20/17/20190920174900_00160.png,106.6,0,106.9,23.3,959
9/20/2019 17:50,datasets/dataset_cropped/09_Metas/20/17/20190920175000_00160.jpg,datasets_flow/dataset_cropped/09_Metas/20/17/20190920175000_00160.jpg,datasets_cloudmask/dataset_cropped/09_Metas/20/17/20190920175000_00160.png,101.8,0.3,102,23.3,959
9/20/2019 17:51,datasets/dataset_cropped/09_Metas/20/17/20190920175100_00160.jpg,datasets_flow/dataset_cropped/09_Metas/20/17/20190920175100_00160.jpg,datasets_cloudmask/dataset_cropped/09_Metas/20/17/20190920175100_00160.png,98.7,0.6,98.8,23.2,959
9/20/2019 17:52,datasets/dataset_cropped/09_Metas/20/17/20190920175200_00160.jpg,datasets_flow/dataset_cropped/09_Metas/20/17/20190920175200_00160.jpg,datasets_cloudmask/dataset_cropped/09_Metas/20/17/20190920175200_00160.png,98.3,0.4,98.4,23.2,959
9/20/2019 17:53,datasets/dataset_cropped/09_Metas/20/17/20190920175300_00160.jpg,datasets_flow/dataset_cropped/09_Metas/20/17/20190920175300_00160.jpg,datasets_cloudmask/dataset_cropped/09_Metas/20/17/20190920175300_00160.png,99,0.1,99.1,23.2,959
9/20/2019 17:54,datasets/dataset_cropped/09_Metas/20/17/20190920175400_00160.jpg,datasets_flow/dataset_cropped/09_Metas/20/17/20190920175400_00160.jpg,datasets_cloudmask/dataset_cropped/09_Metas/20/17/20190920175400_00160.png,99.9,0.2,100.1,23.2,959
9/20/2019 17:55,datasets/dataset_cropped/09_Metas/20/17/20190920175500_00160.jpg,datasets_flow/dataset_cropped/09_Metas/20/17/20190920175500_00160.jpg,datasets_cloudmask/dataset_cropped/09_Metas/20/17/20190920175500_00160.png,100.8,0.2,101.1,23.2,959
9/20/2019 17:56,datasets/dataset_cropped/09_Metas/20/17/20190920175600_00160.jpg,datasets_flow/dataset_cropped/09_Metas/20/17/20190920175600_00160.jpg,datasets_cloudmask/dataset_cropped/09_Metas/20/17/20190920175600_00160.png,100.4,0.3,100.7,23.2,959
9/20/2019 17:57,datasets/dataset_cropped/09_Metas/20/17/20190920175700_00160.jpg,datasets_flow/dataset_cropped/09_Metas/20/17/20190920175700_00160.jpg,datasets_cloudmask/dataset_cropped/09_Metas/20/17/20190920175700_00160.png,98.7,1.4,98.8,23.2,959
9/20/2019 17:58,datasets/dataset_cropped/09_Metas/20/17/20190920175800_00160.jpg,datasets_flow/dataset_cropped/09_Metas/20/17/20190920175800_00160.jpg,datasets_cloudmask/dataset_cropped/09_Metas/20/17/20190920175800_00160.png,95.6,1.4,95.6,23.2,959
9/20/2019 17:59,datasets/dataset_cropped/09_Metas/20/17/20190920175900_00160.jpg,datasets_flow/dataset_cropped/09_Metas/20/17/20190920175900_00160.jpg,datasets_cloudmask/dataset_cropped/09_Metas/20/17/20190920175900_00160.png,91.9,2,91.6,23.2,959
9/20/2019 18:00,datasets/dataset_cropped/09_Metas/20/18/20190920180000_00160.jpg,datasets_flow/dataset_cropped/09_Metas/20/18/20190920180000_00160.jpg,datasets_cloudmask/dataset_cropped/09_Metas/20/18/20190920180000_00160.png,87.7,2.1,87.4,23,959
9/20/2019 18:01,datasets/dataset_cropped/09_Metas/20/18/20190920180100_00160.jpg,datasets_flow/dataset_cropped/09_Metas/20/18/20190920180100_00160.jpg,datasets_cloudmask/dataset_cropped/09_Metas/20/18/20190920180100_00160.png,83.5,0.7,83.3,23,959
9/20/2019 18:02,datasets/dataset_cropped/09_Metas/20/18/20190920180200_00160.jpg,datasets_flow/dataset_cropped/09_Metas/20/18/20190920180200_00160.jpg,datasets_cloudmask/dataset_cropped/09_Metas/20/18/20190920180200_00160.png,80.1,0.1,80.2,23,959
9/20/2019 18:03,datasets/dataset_cropped/09_Metas/20/18/20190920180300_00160.jpg,datasets_flow/dataset_cropped/09_Metas/20/18/20190920180300_00160.jpg,datasets_cloudmask/dataset_cropped/09_Metas/20/18/20190920180300_00160.png,77.8,0,77.8,23,959
9/20/2019 18:04,datasets/dataset_cropped/09_Metas/20/18/20190920180400_00160.jpg,datasets_flow/dataset_cropped/09_Metas/20/18/20190920180400_00160.jpg,datasets_cloudmask/dataset_cropped/09_Metas/20/18/20190920180400_00160.png,76.3,0,76.5,22.9,959
9/20/2019 18:05,datasets/dataset_cropped/09_Metas/20/18/20190920180500_00160.jpg,datasets_flow/dataset_cropped/09_Metas/20/18/20190920180500_00160.jpg,datasets_cloudmask/dataset_cropped/09_Metas/20/18/20190920180500_00160.png,75.2,0,75.3,22.9,959
9/20/2019 18:06,datasets/dataset_cropped/09_Metas/20/18/20190920180600_00160.jpg,datasets_flow/dataset_cropped/09_Metas/20/18/20190920180600_00160.jpg,datasets_cloudmask/dataset_cropped/09_Metas/20/18/20190920180600_00160.png,74.7,0,74.8,22.9,959
9/20/2019 18:07,datasets/dataset_cropped/09_Metas/20/18/20190920180700_00160.jpg,datasets_flow/dataset_cropped/09_Metas/20/18/20190920180700_00160.jpg,datasets_cloudmask/dataset_cropped/09_Metas/20/18/20190920180700_00160.png,74.7,0,74.7,22.8,959
9/20/2019 18:08,datasets/dataset_cropped/09_Metas/20/18/20190920180800_00160.jpg,datasets_flow/dataset_cropped/09_Metas/20/18/20190920180800_00160.jpg,datasets_cloudmask/dataset_cropped/09_Metas/20/18/20190920180800_00160.png,75.1,0,75,22.8,959
9/20/2019 18:09,datasets/dataset_cropped/09_Metas/20/18/20190920180900_00160.jpg,datasets_flow/dataset_cropped/09_Metas/20/18/20190920180900_00160.jpg,datasets_cloudmask/dataset_cropped/09_Metas/20/18/20190920180900_00160.png,75.7,0,75.5,22.8,959
9/20/2019 18:10,datasets/dataset_cropped/09_Metas/20/18/20190920181000_00160.jpg,datasets_flow/dataset_cropped/09_Metas/20/18/20190920181000_00160.jpg,datasets_cloudmask/dataset_cropped/09_Metas/20/18/20190920181000_00160.png,76,0.3,75.8,22.8,959
9/20/2019 18:11,datasets/dataset_cropped/09_Metas/20/18/20190920181100_00160.jpg,datasets_flow/dataset_cropped/09_Metas/20/18/20190920181100_00160.jpg,datasets_cloudmask/dataset_cropped/09_Metas/20/18/20190920181100_00160.png,76.1,1.8,75.8,22.8,959
9/20/2019 18:12,datasets/dataset_cropped/09_Metas/20/18/20190920181200_00160.jpg,datasets_flow/dataset_cropped/09_Metas/20/18/20190920181200_00160.jpg,datasets_cloudmask/dataset_cropped/09_Metas/20/18/20190920181200_00160.png,76.1,3.7,75.3,22.8,959
9/20/2019 18:13,datasets/dataset_cropped/09_Metas/20/18/20190920181300_00160.jpg,datasets_flow/dataset_cropped/09_Metas/20/18/20190920181300_00160.jpg,datasets_cloudmask/dataset_cropped/09_Metas/20/18/20190920181300_00160.png,76.4,6.5,75.2,22.8,959
9/20/2019 18:14,datasets/dataset_cropped/09_Metas/20/18/20190920181400_00160.jpg,datasets_flow/dataset_cropped/09_Metas/20/18/20190920181400_00160.jpg,datasets_cloudmask/dataset_cropped/09_Metas/20/18/20190920181400_00160.png,77.3,9.1,75.6,22.7,959
9/20/2019 18:15,datasets/dataset_cropped/09_Metas/20/18/20190920181500_00160.jpg,datasets_flow/dataset_cropped/09_Metas/20/18/20190920181500_00160.jpg,datasets_cloudmask/dataset_cropped/09_Metas/20/18/20190920181500_00160.png,78.2,10.2,76.4,22.7,959
9/20/2019 18:16,datasets/dataset_cropped/09_Metas/20/18/20190920181600_00160.jpg,datasets_flow/dataset_cropped/09_Metas/20/18/20190920181600_00160.jpg,datasets_cloudmask/dataset_cropped/09_Metas/20/18/20190920181600_00160.png,79.2,11,77.2,22.7,959
9/20/2019 18:17,datasets/dataset_cropped/09_Metas/20/18/20190920181700_00160.jpg,datasets_flow/dataset_cropped/09_Metas/20/18/20190920181700_00160.jpg,datasets_cloudmask/dataset_cropped/09_Metas/20/18/20190920181700_00160.png,80.8,14.8,78.2,22.7,959
9/20/2019 18:18,datasets/dataset_cropped/09_Metas/20/18/20190920181800_00160.jpg,datasets_flow/dataset_cropped/09_Metas/20/18/20190920181800_00160.jpg,datasets_cloudmask/dataset_cropped/09_Metas/20/18/20190920181800_00160.png,80.9,8.3,79.3,22.7,959
9/20/2019 18:19,datasets/dataset_cropped/09_Metas/20/18/20190920181900_00160.jpg,datasets_flow/dataset_cropped/09_Metas/20/18/20190920181900_00160.jpg,datasets_cloudmask/dataset_cropped/09_Metas/20/18/20190920181900_00160.png,81.4,1.8,81,22.7,959
9/20/2019 18:20,datasets/dataset_cropped/09_Metas/20/18/20190920182000_00160.jpg,datasets_flow/dataset_cropped/09_Metas/20/18/20190920182000_00160.jpg,datasets_cloudmask/dataset_cropped/09_Metas/20/18/20190920182000_00160.png,83.7,0.7,83.6,22.6,958
9/20/2019 18:21,datasets/dataset_cropped/09_Metas/20/18/20190920182100_00160.jpg,datasets_flow/dataset_cropped/09_Metas/20/18/20190920182100_00160.jpg,datasets_cloudmask/dataset_cropped/09_Metas/20/18/20190920182100_00160.png,86.3,0.2,86.3,22.6,958
9/20/2019 18:22,datasets/dataset_cropped/09_Metas/20/18/20190920182200_00160.jpg,datasets_flow/dataset_cropped/09_Metas/20/18/20190920182200_00160.jpg,datasets_cloudmask/dataset_cropped/09_Metas/20/18/20190920182200_00160.png,88.2,0.1,88.2,22.6,958
9/20/2019 18:23,datasets/dataset_cropped/09_Metas/20/18/20190920182300_00160.jpg,datasets_flow/dataset_cropped/09_Metas/20/18/20190920182300_00160.jpg,datasets_cloudmask/dataset_cropped/09_Metas/20/18/20190920182300_00160.png,88.8,0.2,88.8,22.6,958
9/20/2019 18:24,datasets/dataset_cropped/09_Metas/20/18/20190920182400_00160.jpg,datasets_flow/dataset_cropped/09_Metas/20/18/20190920182400_00160.jpg,datasets_cloudmask/dataset_cropped/09_Metas/20/18/20190920182400_00160.png,88.1,0.1,88.2,22.6,958
9/20/2019 18:25,datasets/dataset_cropped/09_Metas/20/18/20190920182500_00160.jpg,datasets_flow/dataset_cropped/09_Metas/20/18/20190920182500_00160.jpg,datasets_cloudmask/dataset_cropped/09_Metas/20/18/20190920182500_00160.png,86.6,0.1,86.7,22.6,958
9/20/2019 18:26,datasets/dataset_cropped/09_Metas/20/18/20190920182600_00160.jpg,datasets_flow/dataset_cropped/09_Metas/20/18/20190920182600_00160.jpg,datasets_cloudmask/dataset_cropped/09_Metas/20/18/20190920182600_00160.png,84.4,0.2,84.5,22.6,958
9/20/2019 18:27,datasets/dataset_cropped/09_Metas/20/18/20190920182700_00160.jpg,datasets_flow/dataset_cropped/09_Metas/20/18/20190920182700_00160.jpg,datasets_cloudmask/dataset_cropped/09_Metas/20/18/20190920182700_00160.png,81.8,0.1,81.9,22.5,958
9/20/2019 18:28,datasets/dataset_cropped/09_Metas/20/18/20190920182800_00160.jpg,datasets_flow/dataset_cropped/09_Metas/20/18/20190920182800_00160.jpg,datasets_cloudmask/dataset_cropped/09_Metas/20/18/20190920182800_00160.png,79.3,0.1,79.4,22.5,958
9/20/2019 18:29,datasets/dataset_cropped/09_Metas/20/18/20190920182900_00160.jpg,datasets_flow/dataset_cropped/09_Metas/20/18/20190920182900_00160.jpg,datasets_cloudmask/dataset_cropped/09_Metas/20/18/20190920182900_00160.png,76.9,0,77,22.5,958
9/20/2019 18:30,datasets/dataset_cropped/09_Metas/20/18/20190920183000_00160.jpg,datasets_flow/dataset_cropped/09_Metas/20/18/20190920183000_00160.jpg,datasets_cloudmask/dataset_cropped/09_Metas/20/18/20190920183000_00160.png,74.6,0,74.7,22.5,958
9/20/2019 18:31,datasets/dataset_cropped/09_Metas/20/18/20190920183100_00160.jpg,datasets_flow/dataset_cropped/09_Metas/20/18/20190920183100_00160.jpg,datasets_cloudmask/dataset_cropped/09_Metas/20/18/20190920183100_00160.png,72.4,0,72.5,22.4,958
9/20/2019 18:32,datasets/dataset_cropped/09_Metas/20/18/20190920183200_00160.jpg,datasets_flow/dataset_cropped/09_Metas/20/18/20190920183200_00160.jpg,datasets_cloudmask/dataset_cropped/09_Metas/20/18/20190920183200_00160.png,70.4,0,70.5,22.5,958
9/20/2019 18:33,datasets/dataset_cropped/09_Metas/20/18/20190920183300_00160.jpg,datasets_flow/dataset_cropped/09_Metas/20/18/20190920183300_00160.jpg,datasets_cloudmask/dataset_cropped/09_Metas/20/18/20190920183300_00160.png,68.5,0,68.5,22.5,958
9/20/2019 18:34,datasets/dataset_cropped/09_Metas/20/18/20190920183400_00160.jpg,datasets_flow/dataset_cropped/09_Metas/20/18/20190920183400_00160.jpg,datasets_cloudmask/dataset_cropped/09_Metas/20/18/20190920183400_00160.png,66.4,0,66.4,22.5,958
9/20/2019 18:35,datasets/dataset_cropped/09_Metas/20/18/20190920183500_00160.jpg,datasets_flow/dataset_cropped/09_Metas/20/18/20190920183500_00160.jpg,datasets_cloudmask/dataset_cropped/09_Metas/20/18/20190920183500_00160.png,64,0,64,22.4,958
9/20/2019 18:36,datasets/dataset_cropped/09_Metas/20/18/20190920183600_00160.jpg,datasets_flow/dataset_cropped/09_Metas/20/18/20190920183600_00160.jpg,datasets_cloudmask/dataset_cropped/09_Metas/20/18/20190920183600_00160.png,61,0,61,22.4,958
9/20/2019 18:37,datasets/dataset_cropped/09_Metas/20/18/20190920183700_00160.jpg,datasets_flow/dataset_cropped/09_Metas/20/18/20190920183700_00160.jpg,datasets_cloudmask/dataset_cropped/09_Metas/20/18/20190920183700_00160.png,57.6,0,57.6,22.4,958
9/20/2019 18:38,datasets/dataset_cropped/09_Metas/20/18/20190920183800_00160.jpg,datasets_flow/dataset_cropped/09_Metas/20/18/20190920183800_00160.jpg,datasets_cloudmask/dataset_cropped/09_Metas/20/18/20190920183800_00160.png,54,0,54,22.4,958
9/20/2019 18:39,datasets/dataset_cropped/09_Metas/20/18/20190920183900_00160.jpg,datasets_flow/dataset_cropped/09_Metas/20/18/20190920183900_00160.jpg,datasets_cloudmask/dataset_cropped/09_Metas/20/18/20190920183900_00160.png,50.5,0,50.5,22.4,958
9/20/2019 18:40,datasets/dataset_cropped/09_Metas/20/18/20190920184000_00160.jpg,datasets_flow/dataset_cropped/09_Metas/20/18/20190920184000_00160.jpg,datasets_cloudmask/dataset_cropped/09_Metas/20/18/20190920184000_00160.png,47.7,0,47.6,22.3,958
9/20/2019 18:41,datasets/dataset_cropped/09_Metas/20/18/20190920184100_00160.jpg,datasets_flow/dataset_cropped/09_Metas/20/18/20190920184100_00160.jpg,datasets_cloudmask/dataset_cropped/09_Metas/20/18/20190920184100_00160.png,45.3,0,45.2,22.3,958
9/20/2019 18:42,datasets/dataset_cropped/09_Metas/20/18/20190920184200_00160.jpg,datasets_flow/dataset_cropped/09_Metas/20/18/20190920184200_00160.jpg,datasets_cloudmask/dataset_cropped/09_Metas/20/18/20190920184200_00160.png,43.3,0,43.3,22.3,958
9/20/2019 18:43,datasets/dataset_cropped/09_Metas/20/18/20190920184300_00160.jpg,datasets_flow/dataset_cropped/09_Metas/20/18/20190920184300_00160.jpg,datasets_cloudmask/dataset_cropped/09_Metas/20/18/20190920184300_00160.png,41.6,0,41.6,22.3,958
9/20/2019 18:44,datasets/dataset_cropped/09_Metas/20/18/20190920184400_00160.jpg,datasets_flow/dataset_cropped/09_Metas/20/18/20190920184400_00160.jpg,datasets_cloudmask/dataset_cropped/09_Metas/20/18/20190920184400_00160.png,40.2,0,40.2,22.3,958
9/20/2019 18:45,datasets/dataset_cropped/09_Metas/20/18/20190920184500_00160.jpg,datasets_flow/dataset_cropped/09_Metas/20/18/20190920184500_00160.jpg,datasets_cloudmask/dataset_cropped/09_Metas/20/18/20190920184500_00160.png,38.8,0,38.8,22.2,959
9/20/2019 18:46,datasets/dataset_cropped/09_Metas/20/18/20190920184600_00160.jpg,datasets_flow/dataset_cropped/09_Metas/20/18/20190920184600_00160.jpg,datasets_cloudmask/dataset_cropped/09_Metas/20/18/20190920184600_00160.png,37.2,0,37.2,22.2,958
9/20/2019 18:47,datasets/dataset_cropped/09_Metas/20/18/20190920184700_00160.jpg,datasets_flow/dataset_cropped/09_Metas/20/18/20190920184700_00160.jpg,datasets_cloudmask/dataset_cropped/09_Metas/20/18/20190920184700_00160.png,35.3,0,35.3,22.2,958
9/20/2019 18:48,datasets/dataset_cropped/09_Metas/20/18/20190920184800_00160.jpg,datasets_flow/dataset_cropped/09_Metas/20/18/20190920184800_00160.jpg,datasets_cloudmask/dataset_cropped/09_Metas/20/18/20190920184800_00160.png,33.5,0,33.5,22.1,958
9/20/2019 18:49,datasets/dataset_cropped/09_Metas/20/18/20190920184900_00160.jpg,datasets_flow/dataset_cropped/09_Metas/20/18/20190920184900_00160.jpg,datasets_cloudmask/dataset_cropped/09_Metas/20/18/20190920184900_00160.png,31.8,0,31.8,22.1,958
9/20/2019 18:50,datasets/dataset_cropped/09_Metas/20/18/20190920185000_00160.jpg,datasets_flow/dataset_cropped/09_Metas/20/18/20190920185000_00160.jpg,datasets_cloudmask/dataset_cropped/09_Metas/20/18/20190920185000_00160.png,30.3,0,30.2,22.1,958
9/20/2019 18:51,datasets/dataset_cropped/09_Metas/20/18/20190920185100_00160.jpg,datasets_flow/dataset_cropped/09_Metas/20/18/20190920185100_00160.jpg,datasets_cloudmask/dataset_cropped/09_Metas/20/18/20190920185100_00160.png,28.5,0,28.4,22.1,958
9/20/2019 18:52,datasets/dataset_cropped/09_Metas/20/18/20190920185200_00160.jpg,datasets_flow/dataset_cropped/09_Metas/20/18/20190920185200_00160.jpg,datasets_cloudmask/dataset_cropped/09_Metas/20/18/20190920185200_00160.png,26.3,0,26.2,22.1,958
9/20/2019 18:53,datasets/dataset_cropped/09_Metas/20/18/20190920185300_00160.jpg,datasets_flow/dataset_cropped/09_Metas/20/18/20190920185300_00160.jpg,datasets_cloudmask/dataset_cropped/09_Metas/20/18/20190920185300_00160.png,24.5,0,24.4,22.1,959
9/20/2019 18:54,datasets/dataset_cropped/09_Metas/20/18/20190920185400_00160.jpg,datasets_flow/dataset_cropped/09_Metas/20/18/20190920185400_00160.jpg,datasets_cloudmask/dataset_cropped/09_Metas/20/18/20190920185400_00160.png,22.5,0,22.4,22.1,958
9/20/2019 18:55,datasets/dataset_cropped/09_Metas/20/18/20190920185500_00160.jpg,datasets_flow/dataset_cropped/09_Metas/20/18/20190920185500_00160.jpg,datasets_cloudmask/dataset_cropped/09_Metas/20/18/20190920185500_00160.png,20.6,0,20.5,22.1,958
9/20/2019 18:56,datasets/dataset_cropped/09_Metas/20/18/20190920185600_00160.jpg,datasets_flow/dataset_cropped/09_Metas/20/18/20190920185600_00160.jpg,datasets_cloudmask/dataset_cropped/09_Metas/20/18/20190920185600_00160.png,18.4,0,18.4,22.1,959
9/20/2019 18:57,datasets/dataset_cropped/09_Metas/20/18/20190920185700_00160.jpg,datasets_flow/dataset_cropped/09_Metas/20/18/20190920185700_00160.jpg,datasets_cloudmask/dataset_cropped/09_Metas/20/18/20190920185700_00160.png,16.2,0,16.1,22.1,959
9/20/2019 18:58,datasets/dataset_cropped/09_Metas/20/18/20190920185800_00160.jpg,datasets_flow/dataset_cropped/09_Metas/20/18/20190920185800_00160.jpg,datasets_cloudmask/dataset_cropped/09_Metas/20/18/20190920185800_00160.png,14,0,13.9,22.1,959
9/20/2019 18:59,datasets/dataset_cropped/09_Metas/20/18/20190920185900_00160.jpg,datasets_flow/dataset_cropped/09_Metas/20/18/20190920185900_00160.jpg,datasets_cloudmask/dataset_cropped/09_Metas/20/18/20190920185900_00160.png,11.9,0,11.8,22.1,959
9/20/2019 19:00,datasets/dataset_cropped/09_Metas/20/19/20190920190000_00160.jpg,datasets_flow/dataset_cropped/09_Metas/20/19/20190920190000_00160.jpg,datasets_cloudmask/dataset_cropped/09_Metas/20/19/20190920190000_00160.png,9.7,0,9.6,22.1,959
9/20/2019 19:01,datasets/dataset_cropped/09_Metas/20/19/20190920190100_00160.jpg,datasets_flow/dataset_cropped/09_Metas/20/19/20190920190100_00160.jpg,datasets_cloudmask/dataset_cropped/09_Metas/20/19/20190920190100_00160.png,7.7,0,7.6,22,959
9/20/2019 19:02,datasets/dataset_cropped/09_Metas/20/19/20190920190200_00160.jpg,datasets_flow/dataset_cropped/09_Metas/20/19/20190920190200_00160.jpg,datasets_cloudmask/dataset_cropped/09_Metas/20/19/20190920190200_00160.png,6.1,0,6,22,959
9/20/2019 19:03,datasets/dataset_cropped/09_Metas/20/19/20190920190300_00160.jpg,datasets_flow/dataset_cropped/09_Metas/20/19/20190920190300_00160.jpg,datasets_cloudmask/dataset_cropped/09_Metas/20/19/20190920190300_00160.png,4.8,0,4.8,22,959
9/20/2019 19:04,datasets/dataset_cropped/09_Metas/20/19/20190920190400_00160.jpg,datasets_flow/dataset_cropped/09_Metas/20/19/20190920190400_00160.jpg,datasets_cloudmask/dataset_cropped/09_Metas/20/19/20190920190400_00160.png,4,0,3.9,22,959
9/20/2019 19:05,datasets/dataset_cropped/09_Metas/20/19/20190920190500_00160.jpg,datasets_flow/dataset_cropped/09_Metas/20/19/20190920190500_00160.jpg,datasets_cloudmask/dataset_cropped/09_Metas/20/19/20190920190500_00160.png,3.2,0,3.1,22,959
9/20/2019 19:06,datasets/dataset_cropped/09_Metas/20/19/20190920190600_00160.jpg,datasets_flow/dataset_cropped/09_Metas/20/19/20190920190600_00160.jpg,datasets_cloudmask/dataset_cropped/09_Metas/20/19/20190920190600_00160.png,2.6,0,2.5,22,959
9/20/2019 19:07,datasets/dataset_cropped/09_Metas/20/19/20190920190700_00160.jpg,datasets_flow/dataset_cropped/09_Metas/20/19/20190920190700_00160.jpg,datasets_cloudmask/dataset_cropped/09_Metas/20/19/20190920190700_00160.png,2.2,0,2.1,22,959
9/20/2019 19:08,datasets/dataset_cropped/09_Metas/20/19/20190920190800_00160.jpg,datasets_flow/dataset_cropped/09_Metas/20/19/20190920190800_00160.jpg,datasets_cloudmask/dataset_cropped/09_Metas/20/19/20190920190800_00160.png,1.8,0,1.7,22,959
9/21/2019 6:58,datasets/dataset_cropped/09_Metas/21/06/20190921065800_00160.jpg,datasets_flow/dataset_cropped/09_Metas/21/06/20190921065800_00160.jpg,datasets_cloudmask/dataset_cropped/09_Metas/21/06/20190921065800_00160.png,3,0,3,18.6,958
9/21/2019 6:59,datasets/dataset_cropped/09_Metas/21/06/20190921065900_00160.jpg,datasets_flow/dataset_cropped/09_Metas/21/06/20190921065900_00160.jpg,datasets_cloudmask/dataset_cropped/09_Metas/21/06/20190921065900_00160.png,3.5,0,3.5,18.6,958
9/21/2019 7:00,datasets/dataset_cropped/09_Metas/21/07/20190921070000_00160.jpg,datasets_flow/dataset_cropped/09_Metas/21/07/20190921070000_00160.jpg,datasets_cloudmask/dataset_cropped/09_Metas/21/07/20190921070000_00160.png,4,0,4,18.6,958
9/21/2019 7:01,datasets/dataset_cropped/09_Metas/21/07/20190921070100_00160.jpg,datasets_flow/dataset_cropped/09_Metas/21/07/20190921070100_00160.jpg,datasets_cloudmask/dataset_cropped/09_Metas/21/07/20190921070100_00160.png,4.5,0,4.5,18.6,958
9/21/2019 7:02,datasets/dataset_cropped/09_Metas/21/07/20190921070200_00160.jpg,datasets_flow/dataset_cropped/09_Metas/21/07/20190921070200_00160.jpg,datasets_cloudmask/dataset_cropped/09_Metas/21/07/20190921070200_00160.png,5.1,0,5.1,18.6,958
9/21/2019 7:03,datasets/dataset_cropped/09_Metas/21/07/20190921070300_00160.jpg,datasets_flow/dataset_cropped/09_Metas/21/07/20190921070300_00160.jpg,datasets_cloudmask/dataset_cropped/09_Metas/21/07/20190921070300_00160.png,5.6,0,5.7,18.6,958
9/21/2019 7:04,datasets/dataset_cropped/09_Metas/21/07/20190921070400_00160.jpg,datasets_flow/dataset_cropped/09_Metas/21/07/20190921070400_00160.jpg,datasets_cloudmask/dataset_cropped/09_Metas/21/07/20190921070400_00160.png,6.3,0,6.3,18.6,958
9/21/2019 7:05,datasets/dataset_cropped/09_Metas/21/07/20190921070500_00160.jpg,datasets_flow/dataset_cropped/09_Metas/21/07/20190921070500_00160.jpg,datasets_cloudmask/dataset_cropped/09_Metas/21/07/20190921070500_00160.png,6.9,0,7,18.6,958
9/21/2019 7:06,datasets/dataset_cropped/09_Metas/21/07/20190921070600_00160.jpg,datasets_flow/dataset_cropped/09_Metas/21/07/20190921070600_00160.jpg,datasets_cloudmask/dataset_cropped/09_Metas/21/07/20190921070600_00160.png,7.6,0,7.6,18.6,958
9/21/2019 7:07,datasets/dataset_cropped/09_Metas/21/07/20190921070700_00160.jpg,datasets_flow/dataset_cropped/09_Metas/21/07/20190921070700_00160.jpg,datasets_cloudmask/dataset_cropped/09_Metas/21/07/20190921070700_00160.png,8.3,0,8.3,18.6,958
9/21/2019 7:08,datasets/dataset_cropped/09_Metas/21/07/20190921070800_00160.jpg,datasets_flow/dataset_cropped/09_Metas/21/07/20190921070800_00160.jpg,datasets_cloudmask/dataset_cropped/09_Metas/21/07/20190921070800_00160.png,9,0,9,18.6,958
9/21/2019 7:09,datasets/dataset_cropped/09_Metas/21/07/20190921070900_00160.jpg,datasets_flow/dataset_cropped/09_Metas/21/07/20190921070900_00160.jpg,datasets_cloudmask/dataset_cropped/09_Metas/21/07/20190921070900_00160.png,9.6,0,9.6,18.6,958
9/21/2019 7:10,datasets/dataset_cropped/09_Metas/21/07/20190921071000_00160.jpg,datasets_flow/dataset_cropped/09_Metas/21/07/20190921071000_00160.jpg,datasets_cloudmask/dataset_cropped/09_Metas/21/07/20190921071000_00160.png,10.2,0,10.2,18.6,958
9/21/2019 7:11,datasets/dataset_cropped/09_Metas/21/07/20190921071100_00160.jpg,datasets_flow/dataset_cropped/09_Metas/21/07/20190921071100_00160.jpg,datasets_cloudmask/dataset_cropped/09_Metas/21/07/20190921071100_00160.png,11,0,11,18.6,958
9/21/2019 7:12,datasets/dataset_cropped/09_Metas/21/07/20190921071200_00160.jpg,datasets_flow/dataset_cropped/09_Metas/21/07/20190921071200_00160.jpg,datasets_cloudmask/dataset_cropped/09_Metas/21/07/20190921071200_00160.png,12.3,0,12.3,18.5,958
9/21/2019 7:13,datasets/dataset_cropped/09_Metas/21/07/20190921071300_00160.jpg,datasets_flow/dataset_cropped/09_Metas/21/07/20190921071300_00160.jpg,datasets_cloudmask/dataset_cropped/09_Metas/21/07/20190921071300_00160.png,14.7,0,14.8,18.5,958
9/21/2019 7:14,datasets/dataset_cropped/09_Metas/21/07/20190921071400_00160.jpg,datasets_flow/dataset_cropped/09_Metas/21/07/20190921071400_00160.jpg,datasets_cloudmask/dataset_cropped/09_Metas/21/07/20190921071400_00160.png,17.7,0,17.8,18.6,958
9/21/2019 7:15,datasets/dataset_cropped/09_Metas/21/07/20190921071500_00160.jpg,datasets_flow/dataset_cropped/09_Metas/21/07/20190921071500_00160.jpg,datasets_cloudmask/dataset_cropped/09_Metas/21/07/20190921071500_00160.png,19.6,0.2,19.6,18.5,958
9/21/2019 7:16,datasets/dataset_cropped/09_Metas/21/07/20190921071600_00160.jpg,datasets_flow/dataset_cropped/09_Metas/21/07/20190921071600_00160.jpg,datasets_cloudmask/dataset_cropped/09_Metas/21/07/20190921071600_00160.png,20.4,1.2,20.4,18.5,958
9/21/2019 7:17,datasets/dataset_cropped/09_Metas/21/07/20190921071700_00160.jpg,datasets_flow/dataset_cropped/09_Metas/21/07/20190921071700_00160.jpg,datasets_cloudmask/dataset_cropped/09_Metas/21/07/20190921071700_00160.png,22.7,5.6,22.4,18.5,958
9/21/2019 7:18,datasets/dataset_cropped/09_Metas/21/07/20190921071800_00160.jpg,datasets_flow/dataset_cropped/09_Metas/21/07/20190921071800_00160.jpg,datasets_cloudmask/dataset_cropped/09_Metas/21/07/20190921071800_00160.png,26.2,6.6,25.8,18.5,958
9/21/2019 7:19,datasets/dataset_cropped/09_Metas/21/07/20190921071900_00160.jpg,datasets_flow/dataset_cropped/09_Metas/21/07/20190921071900_00160.jpg,datasets_cloudmask/dataset_cropped/09_Metas/21/07/20190921071900_00160.png,28.5,4.8,28.3,18.5,958
9/21/2019 7:20,datasets/dataset_cropped/09_Metas/21/07/20190921072000_00160.jpg,datasets_flow/dataset_cropped/09_Metas/21/07/20190921072000_00160.jpg,datasets_cloudmask/dataset_cropped/09_Metas/21/07/20190921072000_00160.png,30.5,10.7,30,18.5,958
9/21/2019 7:21,datasets/dataset_cropped/09_Metas/21/07/20190921072100_00160.jpg,datasets_flow/dataset_cropped/09_Metas/21/07/20190921072100_00160.jpg,datasets_cloudmask/dataset_cropped/09_Metas/21/07/20190921072100_00160.png,31.3,5.9,31.2,18.6,958
9/21/2019 7:22,datasets/dataset_cropped/09_Metas/21/07/20190921072200_00160.jpg,datasets_flow/dataset_cropped/09_Metas/21/07/20190921072200_00160.jpg,datasets_cloudmask/dataset_cropped/09_Metas/21/07/20190921072200_00160.png,32.2,2.9,32.3,18.6,958
9/21/2019 7:23,datasets/dataset_cropped/09_Metas/21/07/20190921072300_00160.jpg,datasets_flow/dataset_cropped/09_Metas/21/07/20190921072300_00160.jpg,datasets_cloudmask/dataset_cropped/09_Metas/21/07/20190921072300_00160.png,32.5,1,32.7,18.8,958
9/21/2019 7:24,datasets/dataset_cropped/09_Metas/21/07/20190921072400_00160.jpg,datasets_flow/dataset_cropped/09_Metas/21/07/20190921072400_00160.jpg,datasets_cloudmask/dataset_cropped/09_Metas/21/07/20190921072400_00160.png,32.5,1,32.9,18.8,958
9/21/2019 7:25,datasets/dataset_cropped/09_Metas/21/07/20190921072500_00160.jpg,datasets_flow/dataset_cropped/09_Metas/21/07/20190921072500_00160.jpg,datasets_cloudmask/dataset_cropped/09_Metas/21/07/20190921072500_00160.png,33.1,1,33.3,18.9,958
9/21/2019 7:26,datasets/dataset_cropped/09_Metas/21/07/20190921072600_00160.jpg,datasets_flow/dataset_cropped/09_Metas/21/07/20190921072600_00160.jpg,datasets_cloudmask/dataset_cropped/09_Metas/21/07/20190921072600_00160.png,33.6,1,33.9,18.9,958
9/21/2019 7:27,datasets/dataset_cropped/09_Metas/21/07/20190921072700_00160.jpg,datasets_flow/dataset_cropped/09_Metas/21/07/20190921072700_00160.jpg,datasets_cloudmask/dataset_cropped/09_Metas/21/07/20190921072700_00160.png,34,1.1,34.3,19,958
9/21/2019 7:28,datasets/dataset_cropped/09_Metas/21/07/20190921072800_00160.jpg,datasets_flow/dataset_cropped/09_Metas/21/07/20190921072800_00160.jpg,datasets_cloudmask/dataset_cropped/09_Metas/21/07/20190921072800_00160.png,34,1.1,34.3,19,958
9/21/2019 7:29,datasets/dataset_cropped/09_Metas/21/07/20190921072900_00160.jpg,datasets_flow/dataset_cropped/09_Metas/21/07/20190921072900_00160.jpg,datasets_cloudmask/dataset_cropped/09_Metas/21/07/20190921072900_00160.png,33.4,1.1,33.8,19,958
9/21/2019 7:30,datasets/dataset_cropped/09_Metas/21/07/20190921073000_00160.jpg,datasets_flow/dataset_cropped/09_Metas/21/07/20190921073000_00160.jpg,datasets_cloudmask/dataset_cropped/09_Metas/21/07/20190921073000_00160.png,32.7,1,33,19.1,958
9/21/2019 7:31,datasets/dataset_cropped/09_Metas/21/07/20190921073100_00160.jpg,datasets_flow/dataset_cropped/09_Metas/21/07/20190921073100_00160.jpg,datasets_cloudmask/dataset_cropped/09_Metas/21/07/20190921073100_00160.png,32.1,1,32.4,19.2,958
9/21/2019 7:32,datasets/dataset_cropped/09_Metas/21/07/20190921073200_00160.jpg,datasets_flow/dataset_cropped/09_Metas/21/07/20190921073200_00160.jpg,datasets_cloudmask/dataset_cropped/09_Metas/21/07/20190921073200_00160.png,32.2,0.9,32.5,19.2,958
9/21/2019 7:33,datasets/dataset_cropped/09_Metas/21/07/20190921073300_00160.jpg,datasets_flow/dataset_cropped/09_Metas/21/07/20190921073300_00160.jpg,datasets_cloudmask/dataset_cropped/09_Metas/21/07/20190921073300_00160.png,33.2,0.9,33.5,19.2,958
9/21/2019 7:34,datasets/dataset_cropped/09_Metas/21/07/20190921073400_00160.jpg,datasets_flow/dataset_cropped/09_Metas/21/07/20190921073400_00160.jpg,datasets_cloudmask/dataset_cropped/09_Metas/21/07/20190921073400_00160.png,34.7,0.8,35,19.2,958
9/21/2019 7:35,datasets/dataset_cropped/09_Metas/21/07/20190921073500_00160.jpg,datasets_flow/dataset_cropped/09_Metas/21/07/20190921073500_00160.jpg,datasets_cloudmask/dataset_cropped/09_Metas/21/07/20190921073500_00160.png,36.8,0.8,37.1,19.3,958
9/21/2019 7:36,datasets/dataset_cropped/09_Metas/21/07/20190921073600_00160.jpg,datasets_flow/dataset_cropped/09_Metas/21/07/20190921073600_00160.jpg,datasets_cloudmask/dataset_cropped/09_Metas/21/07/20190921073600_00160.png,39.1,0.8,39.4,19.3,958
9/21/2019 7:37,datasets/dataset_cropped/09_Metas/21/07/20190921073700_00160.jpg,datasets_flow/dataset_cropped/09_Metas/21/07/20190921073700_00160.jpg,datasets_cloudmask/dataset_cropped/09_Metas/21/07/20190921073700_00160.png,41.1,0.8,41.4,19.4,958
9/21/2019 7:38,datasets/dataset_cropped/09_Metas/21/07/20190921073800_00160.jpg,datasets_flow/dataset_cropped/09_Metas/21/07/20190921073800_00160.jpg,datasets_cloudmask/dataset_cropped/09_Metas/21/07/20190921073800_00160.png,43.1,0.8,43.4,19.4,958
9/21/2019 7:39,datasets/dataset_cropped/09_Metas/21/07/20190921073900_00160.jpg,datasets_flow/dataset_cropped/09_Metas/21/07/20190921073900_00160.jpg,datasets_cloudmask/dataset_cropped/09_Metas/21/07/20190921073900_00160.png,45.2,0.8,45.5,19.5,958
9/21/2019 7:40,datasets/dataset_cropped/09_Metas/21/07/20190921074000_00160.jpg,datasets_flow/dataset_cropped/09_Metas/21/07/20190921074000_00160.jpg,datasets_cloudmask/dataset_cropped/09_Metas/21/07/20190921074000_00160.png,46.5,0.8,46.8,19.5,958
9/21/2019 7:41,datasets/dataset_cropped/09_Metas/21/07/20190921074100_00160.jpg,datasets_flow/dataset_cropped/09_Metas/21/07/20190921074100_00160.jpg,datasets_cloudmask/dataset_cropped/09_Metas/21/07/20190921074100_00160.png,47.9,0.8,48.2,19.5,958
9/21/2019 7:42,datasets/dataset_cropped/09_Metas/21/07/20190921074200_00160.jpg,datasets_flow/dataset_cropped/09_Metas/21/07/20190921074200_00160.jpg,datasets_cloudmask/dataset_cropped/09_Metas/21/07/20190921074200_00160.png,48.4,0.7,48.8,19.5,958
9/21/2019 7:43,datasets/dataset_cropped/09_Metas/21/07/20190921074300_00160.jpg,datasets_flow/dataset_cropped/09_Metas/21/07/20190921074300_00160.jpg,datasets_cloudmask/dataset_cropped/09_Metas/21/07/20190921074300_00160.png,49.1,0.7,49.4,19.5,958
9/21/2019 7:44,datasets/dataset_cropped/09_Metas/21/07/20190921074400_00160.jpg,datasets_flow/dataset_cropped/09_Metas/21/07/20190921074400_00160.jpg,datasets_cloudmask/dataset_cropped/09_Metas/21/07/20190921074400_00160.png,49.4,0.7,49.7,19.6,958
9/21/2019 7:45,datasets/dataset_cropped/09_Metas/21/07/20190921074500_00160.jpg,datasets_flow/dataset_cropped/09_Metas/21/07/20190921074500_00160.jpg,datasets_cloudmask/dataset_cropped/09_Metas/21/07/20190921074500_00160.png,48.7,0.6,49,19.6,958
9/21/2019 7:46,datasets/dataset_cropped/09_Metas/21/07/20190921074600_00160.jpg,datasets_flow/dataset_cropped/09_Metas/21/07/20190921074600_00160.jpg,datasets_cloudmask/dataset_cropped/09_Metas/21/07/20190921074600_00160.png,46.9,0.6,47.2,19.6,958
9/21/2019 7:47,datasets/dataset_cropped/09_Metas/21/07/20190921074700_00160.jpg,datasets_flow/dataset_cropped/09_Metas/21/07/20190921074700_00160.jpg,datasets_cloudmask/dataset_cropped/09_Metas/21/07/20190921074700_00160.png,44.3,0.5,44.6,19.6,958
9/21/2019 7:48,datasets/dataset_cropped/09_Metas/21/07/20190921074800_00160.jpg,datasets_flow/dataset_cropped/09_Metas/21/07/20190921074800_00160.jpg,datasets_cloudmask/dataset_cropped/09_Metas/21/07/20190921074800_00160.png,41.8,0.5,42.1,19.7,958
9/21/2019 7:49,datasets/dataset_cropped/09_Metas/21/07/20190921074900_00160.jpg,datasets_flow/dataset_cropped/09_Metas/21/07/20190921074900_00160.jpg,datasets_cloudmask/dataset_cropped/09_Metas/21/07/20190921074900_00160.png,39.6,0.5,39.9,19.7,958
9/21/2019 7:50,datasets/dataset_cropped/09_Metas/21/07/20190921075000_00160.jpg,datasets_flow/dataset_cropped/09_Metas/21/07/20190921075000_00160.jpg,datasets_cloudmask/dataset_cropped/09_Metas/21/07/20190921075000_00160.png,39,0.4,39.3,19.7,958
9/21/2019 7:51,datasets/dataset_cropped/09_Metas/21/07/20190921075100_00160.jpg,datasets_flow/dataset_cropped/09_Metas/21/07/20190921075100_00160.jpg,datasets_cloudmask/dataset_cropped/09_Metas/21/07/20190921075100_00160.png,39.2,0.4,39.5,19.7,958
9/21/2019 7:52,datasets/dataset_cropped/09_Metas/21/07/20190921075200_00160.jpg,datasets_flow/dataset_cropped/09_Metas/21/07/20190921075200_00160.jpg,datasets_cloudmask/dataset_cropped/09_Metas/21/07/20190921075200_00160.png,39.8,0.4,40.1,19.6,958
9/21/2019 7:53,datasets/dataset_cropped/09_Metas/21/07/20190921075300_00160.jpg,datasets_flow/dataset_cropped/09_Metas/21/07/20190921075300_00160.jpg,datasets_cloudmask/dataset_cropped/09_Metas/21/07/20190921075300_00160.png,41.2,0.3,41.5,19.7,959
9/21/2019 7:54,datasets/dataset_cropped/09_Metas/21/07/20190921075400_00160.jpg,datasets_flow/dataset_cropped/09_Metas/21/07/20190921075400_00160.jpg,datasets_cloudmask/dataset_cropped/09_Metas/21/07/20190921075400_00160.png,43.4,0.3,43.7,19.7,958
9/21/2019 7:55,datasets/dataset_cropped/09_Metas/21/07/20190921075500_00160.jpg,datasets_flow/dataset_cropped/09_Metas/21/07/20190921075500_00160.jpg,datasets_cloudmask/dataset_cropped/09_Metas/21/07/20190921075500_00160.png,45.7,0.3,46,19.7,958
9/21/2019 7:56,datasets/dataset_cropped/09_Metas/21/07/20190921075600_00160.jpg,datasets_flow/dataset_cropped/09_Metas/21/07/20190921075600_00160.jpg,datasets_cloudmask/dataset_cropped/09_Metas/21/07/20190921075600_00160.png,47,0.3,47.3,19.8,959
9/21/2019 7:57,datasets/dataset_cropped/09_Metas/21/07/20190921075700_00160.jpg,datasets_flow/dataset_cropped/09_Metas/21/07/20190921075700_00160.jpg,datasets_cloudmask/dataset_cropped/09_Metas/21/07/20190921075700_00160.png,48.2,0.3,48.5,19.8,958
9/21/2019 7:58,datasets/dataset_cropped/09_Metas/21/07/20190921075800_00160.jpg,datasets_flow/dataset_cropped/09_Metas/21/07/20190921075800_00160.jpg,datasets_cloudmask/dataset_cropped/09_Metas/21/07/20190921075800_00160.png,47.9,0.3,48.2,19.8,959
9/21/2019 7:59,datasets/dataset_cropped/09_Metas/21/07/20190921075900_00160.jpg,datasets_flow/dataset_cropped/09_Metas/21/07/20190921075900_00160.jpg,datasets_cloudmask/dataset_cropped/09_Metas/21/07/20190921075900_00160.png,46.1,0.3,46.3,19.9,959
9/21/2019 8:00,datasets/dataset_cropped/09_Metas/21/08/20190921080000_00160.jpg,datasets_flow/dataset_cropped/09_Metas/21/08/20190921080000_00160.jpg,datasets_cloudmask/dataset_cropped/09_Metas/21/08/20190921080000_00160.png,44.1,0.2,44.3,19.7,958
9/21/2019 8:01,datasets/dataset_cropped/09_Metas/21/08/20190921080100_00160.jpg,datasets_flow/dataset_cropped/09_Metas/21/08/20190921080100_00160.jpg,datasets_cloudmask/dataset_cropped/09_Metas/21/08/20190921080100_00160.png,42.2,0.1,42.4,19.5,958
9/21/2019 8:02,datasets/dataset_cropped/09_Metas/21/08/20190921080200_00160.jpg,datasets_flow/dataset_cropped/09_Metas/21/08/20190921080200_00160.jpg,datasets_cloudmask/dataset_cropped/09_Metas/21/08/20190921080200_00160.png,40.6,0,40.7,19.4,958
9/21/2019 8:03,datasets/dataset_cropped/09_Metas/21/08/20190921080300_00160.jpg,datasets_flow/dataset_cropped/09_Metas/21/08/20190921080300_00160.jpg,datasets_cloudmask/dataset_cropped/09_Metas/21/08/20190921080300_00160.png,39.7,0,39.8,19.4,959
9/21/2019 8:04,datasets/dataset_cropped/09_Metas/21/08/20190921080400_00160.jpg,datasets_flow/dataset_cropped/09_Metas/21/08/20190921080400_00160.jpg,datasets_cloudmask/dataset_cropped/09_Metas/21/08/20190921080400_00160.png,39.1,0,39.3,19.4,959
9/21/2019 8:05,datasets/dataset_cropped/09_Metas/21/08/20190921080500_00160.jpg,datasets_flow/dataset_cropped/09_Metas/21/08/20190921080500_00160.jpg,datasets_cloudmask/dataset_cropped/09_Metas/21/08/20190921080500_00160.png,39.9,0,40,19.3,959
9/21/2019 8:06,datasets/dataset_cropped/09_Metas/21/08/20190921080600_00160.jpg,datasets_flow/dataset_cropped/09_Metas/21/08/20190921080600_00160.jpg,datasets_cloudmask/dataset_cropped/09_Metas/21/08/20190921080600_00160.png,42,0,42.2,19.3,959
9/21/2019 8:07,datasets/dataset_cropped/09_Metas/21/08/20190921080700_00160.jpg,datasets_flow/dataset_cropped/09_Metas/21/08/20190921080700_00160.jpg,datasets_cloudmask/dataset_cropped/09_Metas/21/08/20190921080700_00160.png,45.5,0,45.6,19.4,959
9/21/2019 8:08,datasets/dataset_cropped/09_Metas/21/08/20190921080800_00160.jpg,datasets_flow/dataset_cropped/09_Metas/21/08/20190921080800_00160.jpg,datasets_cloudmask/dataset_cropped/09_Metas/21/08/20190921080800_00160.png,50,0,50.2,19.4,959
9/21/2019 8:09,datasets/dataset_cropped/09_Metas/21/08/20190921080900_00160.jpg,datasets_flow/dataset_cropped/09_Metas/21/08/20190921080900_00160.jpg,datasets_cloudmask/dataset_cropped/09_Metas/21/08/20190921080900_00160.png,56.1,0,56.3,19.4,959
9/21/2019 8:10,datasets/dataset_cropped/09_Metas/21/08/20190921081000_00160.jpg,datasets_flow/dataset_cropped/09_Metas/21/08/20190921081000_00160.jpg,datasets_cloudmask/dataset_cropped/09_Metas/21/08/20190921081000_00160.png,61.7,0,61.9,19.4,959
9/21/2019 8:11,datasets/dataset_cropped/09_Metas/21/08/20190921081100_00160.jpg,datasets_flow/dataset_cropped/09_Metas/21/08/20190921081100_00160.jpg,datasets_cloudmask/dataset_cropped/09_Metas/21/08/20190921081100_00160.png,65.9,0.1,66.1,19.4,959
9/21/2019 8:12,datasets/dataset_cropped/09_Metas/21/08/20190921081200_00160.jpg,datasets_flow/dataset_cropped/09_Metas/21/08/20190921081200_00160.jpg,datasets_cloudmask/dataset_cropped/09_Metas/21/08/20190921081200_00160.png,69,0.1,69.3,19.5,959
9/21/2019 8:13,datasets/dataset_cropped/09_Metas/21/08/20190921081300_00160.jpg,datasets_flow/dataset_cropped/09_Metas/21/08/20190921081300_00160.jpg,datasets_cloudmask/dataset_cropped/09_Metas/21/08/20190921081300_00160.png,72.2,0.2,72.5,19.5,959
9/21/2019 8:14,datasets/dataset_cropped/09_Metas/21/08/20190921081400_00160.jpg,datasets_flow/dataset_cropped/09_Metas/21/08/20190921081400_00160.jpg,datasets_cloudmask/dataset_cropped/09_Metas/21/08/20190921081400_00160.png,74.7,0.3,75,19.5,958
9/21/2019 8:15,datasets/dataset_cropped/09_Metas/21/08/20190921081500_00160.jpg,datasets_flow/dataset_cropped/09_Metas/21/08/20190921081500_00160.jpg,datasets_cloudmask/dataset_cropped/09_Metas/21/08/20190921081500_00160.png,78.1,0.3,78.4,19.5,959
9/21/2019 8:16,datasets/dataset_cropped/09_Metas/21/08/20190921081600_00160.jpg,datasets_flow/dataset_cropped/09_Metas/21/08/20190921081600_00160.jpg,datasets_cloudmask/dataset_cropped/09_Metas/21/08/20190921081600_00160.png,81.9,0.4,82.2,19.6,958
9/21/2019 8:17,datasets/dataset_cropped/09_Metas/21/08/20190921081700_00160.jpg,datasets_flow/dataset_cropped/09_Metas/21/08/20190921081700_00160.jpg,datasets_cloudmask/dataset_cropped/09_Metas/21/08/20190921081700_00160.png,84.9,0.5,85.3,19.6,958
9/21/2019 8:18,datasets/dataset_cropped/09_Metas/21/08/20190921081800_00160.jpg,datasets_flow/dataset_cropped/09_Metas/21/08/20190921081800_00160.jpg,datasets_cloudmask/dataset_cropped/09_Metas/21/08/20190921081800_00160.png,86.6,0.5,86.9,19.7,959
9/21/2019 8:19,datasets/dataset_cropped/09_Metas/21/08/20190921081900_00160.jpg,datasets_flow/dataset_cropped/09_Metas/21/08/20190921081900_00160.jpg,datasets_cloudmask/dataset_cropped/09_Metas/21/08/20190921081900_00160.png,87.9,0.6,88.3,19.7,959
9/21/2019 8:20,datasets/dataset_cropped/09_Metas/21/08/20190921082000_00160.jpg,datasets_flow/dataset_cropped/09_Metas/21/08/20190921082000_00160.jpg,datasets_cloudmask/dataset_cropped/09_Metas/21/08/20190921082000_00160.png,89.1,0.7,89.5,19.8,959
9/21/2019 8:21,datasets/dataset_cropped/09_Metas/21/08/20190921082100_00160.jpg,datasets_flow/dataset_cropped/09_Metas/21/08/20190921082100_00160.jpg,datasets_cloudmask/dataset_cropped/09_Metas/21/08/20190921082100_00160.png,89.8,0.9,90.1,19.8,958
9/21/2019 8:22,datasets/dataset_cropped/09_Metas/21/08/20190921082200_00160.jpg,datasets_flow/dataset_cropped/09_Metas/21/08/20190921082200_00160.jpg,datasets_cloudmask/dataset_cropped/09_Metas/21/08/20190921082200_00160.png,89.8,1.1,90,19.9,958
9/21/2019 8:23,datasets/dataset_cropped/09_Metas/21/08/20190921082300_00160.jpg,datasets_flow/dataset_cropped/09_Metas/21/08/20190921082300_00160.jpg,datasets_cloudmask/dataset_cropped/09_Metas/21/08/20190921082300_00160.png,90.4,1.7,90.4,19.9,959
9/21/2019 8:24,datasets/dataset_cropped/09_Metas/21/08/20190921082400_00160.jpg,datasets_flow/dataset_cropped/09_Metas/21/08/20190921082400_00160.jpg,datasets_cloudmask/dataset_cropped/09_Metas/21/08/20190921082400_00160.png,91.8,1.3,92.1,19.9,958
9/21/2019 8:25,datasets/dataset_cropped/09_Metas/21/08/20190921082500_00160.jpg,datasets_flow/dataset_cropped/09_Metas/21/08/20190921082500_00160.jpg,datasets_cloudmask/dataset_cropped/09_Metas/21/08/20190921082500_00160.png,95.6,1.1,96,19.9,959
9/21/2019 8:26,datasets/dataset_cropped/09_Metas/21/08/20190921082600_00160.jpg,datasets_flow/dataset_cropped/09_Metas/21/08/20190921082600_00160.jpg,datasets_cloudmask/dataset_cropped/09_Metas/21/08/20190921082600_00160.png,101.6,0.9,102.1,20,959
9/21/2019 8:27,datasets/dataset_cropped/09_Metas/21/08/20190921082700_00160.jpg,datasets_flow/dataset_cropped/09_Metas/21/08/20190921082700_00160.jpg,datasets_cloudmask/dataset_cropped/09_Metas/21/08/20190921082700_00160.png,109.2,1.5,109.5,20,959
9/21/2019 8:28,datasets/dataset_cropped/09_Metas/21/08/20190921082800_00160.jpg,datasets_flow/dataset_cropped/09_Metas/21/08/20190921082800_00160.jpg,datasets_cloudmask/dataset_cropped/09_Metas/21/08/20190921082800_00160.png,117.1,1.8,117.3,20,959
9/21/2019 8:29,datasets/dataset_cropped/09_Metas/21/08/20190921082900_00160.jpg,datasets_flow/dataset_cropped/09_Metas/21/08/20190921082900_00160.jpg,datasets_cloudmask/dataset_cropped/09_Metas/21/08/20190921082900_00160.png,125,2.1,125.2,20.1,958
9/21/2019 8:30,datasets/dataset_cropped/09_Metas/21/08/20190921083000_00160.jpg,datasets_flow/dataset_cropped/09_Metas/21/08/20190921083000_00160.jpg,datasets_cloudmask/dataset_cropped/09_Metas/21/08/20190921083000_00160.png,133.1,4,132.7,20.1,958
9/21/2019 8:31,datasets/dataset_cropped/09_Metas/21/08/20190921083100_00160.jpg,datasets_flow/dataset_cropped/09_Metas/21/08/20190921083100_00160.jpg,datasets_cloudmask/dataset_cropped/09_Metas/21/08/20190921083100_00160.png,140.5,7.3,138.8,20.1,959
9/21/2019 8:32,datasets/dataset_cropped/09_Metas/21/08/20190921083200_00160.jpg,datasets_flow/dataset_cropped/09_Metas/21/08/20190921083200_00160.jpg,datasets_cloudmask/dataset_cropped/09_Metas/21/08/20190921083200_00160.png,146.6,9.4,144.2,20.2,959
9/21/2019 8:33,datasets/dataset_cropped/09_Metas/21/08/20190921083300_00160.jpg,datasets_flow/dataset_cropped/09_Metas/21/08/20190921083300_00160.jpg,datasets_cloudmask/dataset_cropped/09_Metas/21/08/20190921083300_00160.png,150.2,9.4,147.8,20.2,959
9/21/2019 8:34,datasets/dataset_cropped/09_Metas/21/08/20190921083400_00160.jpg,datasets_flow/dataset_cropped/09_Metas/21/08/20190921083400_00160.jpg,datasets_cloudmask/dataset_cropped/09_Metas/21/08/20190921083400_00160.png,184.6,110.3,149.8,20.2,959
9/21/2019 8:35,datasets/dataset_cropped/09_Metas/21/08/20190921083500_00160.jpg,datasets_flow/dataset_cropped/09_Metas/21/08/20190921083500_00160.jpg,datasets_cloudmask/dataset_cropped/09_Metas/21/08/20190921083500_00160.png,172.9,70.3,150.4,20.2,959
9/21/2019 8:36,datasets/dataset_cropped/09_Metas/21/08/20190921083600_00160.jpg,datasets_flow/dataset_cropped/09_Metas/21/08/20190921083600_00160.jpg,datasets_cloudmask/dataset_cropped/09_Metas/21/08/20190921083600_00160.png,167.1,58.6,147.5,20.3,959
9/21/2019 8:37,datasets/dataset_cropped/09_Metas/21/08/20190921083700_00160.jpg,datasets_flow/dataset_cropped/09_Metas/21/08/20190921083700_00160.jpg,datasets_cloudmask/dataset_cropped/09_Metas/21/08/20190921083700_00160.png,166,81,140.1,20.3,959
9/21/2019 8:38,datasets/dataset_cropped/09_Metas/21/08/20190921083800_00160.jpg,datasets_flow/dataset_cropped/09_Metas/21/08/20190921083800_00160.jpg,datasets_cloudmask/dataset_cropped/09_Metas/21/08/20190921083800_00160.png,138.8,23.3,132.1,20.4,959
9/21/2019 8:39,datasets/dataset_cropped/09_Metas/21/08/20190921083900_00160.jpg,datasets_flow/dataset_cropped/09_Metas/21/08/20190921083900_00160.jpg,datasets_cloudmask/dataset_cropped/09_Metas/21/08/20190921083900_00160.png,127.4,9.4,125.3,20.4,959
9/21/2019 8:40,datasets/dataset_cropped/09_Metas/21/08/20190921084000_00160.jpg,datasets_flow/dataset_cropped/09_Metas/21/08/20190921084000_00160.jpg,datasets_cloudmask/dataset_cropped/09_Metas/21/08/20190921084000_00160.png,122.7,2,123.1,20.4,959
9/21/2019 8:41,datasets/dataset_cropped/09_Metas/21/08/20190921084100_00160.jpg,datasets_flow/dataset_cropped/09_Metas/21/08/20190921084100_00160.jpg,datasets_cloudmask/dataset_cropped/09_Metas/21/08/20190921084100_00160.png,123.2,1.7,123.6,20.5,959
9/21/2019 8:42,datasets/dataset_cropped/09_Metas/21/08/20190921084200_00160.jpg,datasets_flow/dataset_cropped/09_Metas/21/08/20190921084200_00160.jpg,datasets_cloudmask/dataset_cropped/09_Metas/21/08/20190921084200_00160.png,126.9,1.5,127.3,20.6,959
9/21/2019 8:43,datasets/dataset_cropped/09_Metas/21/08/20190921084300_00160.jpg,datasets_flow/dataset_cropped/09_Metas/21/08/20190921084300_00160.jpg,datasets_cloudmask/dataset_cropped/09_Metas/21/08/20190921084300_00160.png,134.1,2.4,134,20.6,959
9/21/2019 8:44,datasets/dataset_cropped/09_Metas/21/08/20190921084400_00160.jpg,datasets_flow/dataset_cropped/09_Metas/21/08/20190921084400_00160.jpg,datasets_cloudmask/dataset_cropped/09_Metas/21/08/20190921084400_00160.png,142.6,6.3,140.9,20.6,959
9/21/2019 8:45,datasets/dataset_cropped/09_Metas/21/08/20190921084500_00160.jpg,datasets_flow/dataset_cropped/09_Metas/21/08/20190921084500_00160.jpg,datasets_cloudmask/dataset_cropped/09_Metas/21/08/20190921084500_00160.png,161.1,31.9,149.8,20.6,959
9/21/2019 8:46,datasets/dataset_cropped/09_Metas/21/08/20190921084600_00160.jpg,datasets_flow/dataset_cropped/09_Metas/21/08/20190921084600_00160.jpg,datasets_cloudmask/dataset_cropped/09_Metas/21/08/20190921084600_00160.png,168.9,28.7,158.3,20.6,959
9/21/2019 8:47,datasets/dataset_cropped/09_Metas/21/08/20190921084700_00160.jpg,datasets_flow/dataset_cropped/09_Metas/21/08/20190921084700_00160.jpg,datasets_cloudmask/dataset_cropped/09_Metas/21/08/20190921084700_00160.png,177.1,38.3,163,20.7,959
9/21/2019 8:48,datasets/dataset_cropped/09_Metas/21/08/20190921084800_00160.jpg,datasets_flow/dataset_cropped/09_Metas/21/08/20190921084800_00160.jpg,datasets_cloudmask/dataset_cropped/09_Metas/21/08/20190921084800_00160.png,168.5,8.4,166.1,20.8,959
9/21/2019 8:49,datasets/dataset_cropped/09_Metas/21/08/20190921084900_00160.jpg,datasets_flow/dataset_cropped/09_Metas/21/08/20190921084900_00160.jpg,datasets_cloudmask/dataset_cropped/09_Metas/21/08/20190921084900_00160.png,166.3,2.1,166.3,20.8,959
9/21/2019 8:50,datasets/dataset_cropped/09_Metas/21/08/20190921085000_00160.jpg,datasets_flow/dataset_cropped/09_Metas/21/08/20190921085000_00160.jpg,datasets_cloudmask/dataset_cropped/09_Metas/21/08/20190921085000_00160.png,161.1,1.2,161.5,20.8,959
9/21/2019 8:51,datasets/dataset_cropped/09_Metas/21/08/20190921085100_00160.jpg,datasets_flow/dataset_cropped/09_Metas/21/08/20190921085100_00160.jpg,datasets_cloudmask/dataset_cropped/09_Metas/21/08/20190921085100_00160.png,152.9,1.1,153.4,20.7,959
9/21/2019 8:52,datasets/dataset_cropped/09_Metas/21/08/20190921085200_00160.jpg,datasets_flow/dataset_cropped/09_Metas/21/08/20190921085200_00160.jpg,datasets_cloudmask/dataset_cropped/09_Metas/21/08/20190921085200_00160.png,146.4,1.1,146.8,20.7,959
9/21/2019 8:53,datasets/dataset_cropped/09_Metas/21/08/20190921085300_00160.jpg,datasets_flow/dataset_cropped/09_Metas/21/08/20190921085300_00160.jpg,datasets_cloudmask/dataset_cropped/09_Metas/21/08/20190921085300_00160.png,142.5,1.2,142.9,20.7,959
9/21/2019 8:54,datasets/dataset_cropped/09_Metas/21/08/20190921085400_00160.jpg,datasets_flow/dataset_cropped/09_Metas/21/08/20190921085400_00160.jpg,datasets_cloudmask/dataset_cropped/09_Metas/21/08/20190921085400_00160.png,138.4,1.7,138.6,20.7,959
9/21/2019 8:55,datasets/dataset_cropped/09_Metas/21/08/20190921085500_00160.jpg,datasets_flow/dataset_cropped/09_Metas/21/08/20190921085500_00160.jpg,datasets_cloudmask/dataset_cropped/09_Metas/21/08/20190921085500_00160.png,136.4,1.9,136.6,20.8,959
9/21/2019 8:56,datasets/dataset_cropped/09_Metas/21/08/20190921085600_00160.jpg,datasets_flow/dataset_cropped/09_Metas/21/08/20190921085600_00160.jpg,datasets_cloudmask/dataset_cropped/09_Metas/21/08/20190921085600_00160.png,139.1,1.8,139.3,20.8,959
9/21/2019 8:57,datasets/dataset_cropped/09_Metas/21/08/20190921085700_00160.jpg,datasets_flow/dataset_cropped/09_Metas/21/08/20190921085700_00160.jpg,datasets_cloudmask/dataset_cropped/09_Metas/21/08/20190921085700_00160.png,149,1.3,149.5,20.9,959
9/21/2019 8:58,datasets/dataset_cropped/09_Metas/21/08/20190921085800_00160.jpg,datasets_flow/dataset_cropped/09_Metas/21/08/20190921085800_00160.jpg,datasets_cloudmask/dataset_cropped/09_Metas/21/08/20190921085800_00160.png,155,1.1,155.5,20.9,959
9/21/2019 8:59,datasets/dataset_cropped/09_Metas/21/08/20190921085900_00160.jpg,datasets_flow/dataset_cropped/09_Metas/21/08/20190921085900_00160.jpg,datasets_cloudmask/dataset_cropped/09_Metas/21/08/20190921085900_00160.png,157.4,1,157.9,20.8,959
9/21/2019 9:00,datasets/dataset_cropped/09_Metas/21/09/20190921090000_00160.jpg,datasets_flow/dataset_cropped/09_Metas/21/09/20190921090000_00160.jpg,datasets_cloudmask/dataset_cropped/09_Metas/21/09/20190921090000_00160.png,157.6,0.8,158.1,20.8,959
9/21/2019 9:01,datasets/dataset_cropped/09_Metas/21/09/20190921090100_00160.jpg,datasets_flow/dataset_cropped/09_Metas/21/09/20190921090100_00160.jpg,datasets_cloudmask/dataset_cropped/09_Metas/21/09/20190921090100_00160.png,156.2,0.8,156.7,20.8,959
9/21/2019 9:02,datasets/dataset_cropped/09_Metas/21/09/20190921090200_00160.jpg,datasets_flow/dataset_cropped/09_Metas/21/09/20190921090200_00160.jpg,datasets_cloudmask/dataset_cropped/09_Metas/21/09/20190921090200_00160.png,153.9,1,154.3,21,959
9/21/2019 9:03,datasets/dataset_cropped/09_Metas/21/09/20190921090300_00160.jpg,datasets_flow/dataset_cropped/09_Metas/21/09/20190921090300_00160.jpg,datasets_cloudmask/dataset_cropped/09_Metas/21/09/20190921090300_00160.png,157,0.6,157.6,21,959
9/21/2019 9:04,datasets/dataset_cropped/09_Metas/21/09/20190921090400_00160.jpg,datasets_flow/dataset_cropped/09_Metas/21/09/20190921090400_00160.jpg,datasets_cloudmask/dataset_cropped/09_Metas/21/09/20190921090400_00160.png,166.7,0.5,167.3,21,959
9/21/2019 9:05,datasets/dataset_cropped/09_Metas/21/09/20190921090500_00160.jpg,datasets_flow/dataset_cropped/09_Metas/21/09/20190921090500_00160.jpg,datasets_cloudmask/dataset_cropped/09_Metas/21/09/20190921090500_00160.png,178.2,0.6,178.8,21,959
9/21/2019 9:06,datasets/dataset_cropped/09_Metas/21/09/20190921090600_00160.jpg,datasets_flow/dataset_cropped/09_Metas/21/09/20190921090600_00160.jpg,datasets_cloudmask/dataset_cropped/09_Metas/21/09/20190921090600_00160.png,192.3,0.8,193,21.1,959
9/21/2019 9:07,datasets/dataset_cropped/09_Metas/21/09/20190921090700_00160.jpg,datasets_flow/dataset_cropped/09_Metas/21/09/20190921090700_00160.jpg,datasets_cloudmask/dataset_cropped/09_Metas/21/09/20190921090700_00160.png,207,1,207.7,21.2,959
9/21/2019 9:08,datasets/dataset_cropped/09_Metas/21/09/20190921090800_00160.jpg,datasets_flow/dataset_cropped/09_Metas/21/09/20190921090800_00160.jpg,datasets_cloudmask/dataset_cropped/09_Metas/21/09/20190921090800_00160.png,220,1.1,220.8,21.2,959
9/21/2019 9:09,datasets/dataset_cropped/09_Metas/21/09/20190921090900_00160.jpg,datasets_flow/dataset_cropped/09_Metas/21/09/20190921090900_00160.jpg,datasets_cloudmask/dataset_cropped/09_Metas/21/09/20190921090900_00160.png,227.4,1.3,228.1,21.2,959
9/21/2019 9:10,datasets/dataset_cropped/09_Metas/21/09/20190921091000_00160.jpg,datasets_flow/dataset_cropped/09_Metas/21/09/20190921091000_00160.jpg,datasets_cloudmask/dataset_cropped/09_Metas/21/09/20190921091000_00160.png,229.2,1.4,230,21.3,959
9/21/2019 9:11,datasets/dataset_cropped/09_Metas/21/09/20190921091100_00160.jpg,datasets_flow/dataset_cropped/09_Metas/21/09/20190921091100_00160.jpg,datasets_cloudmask/dataset_cropped/09_Metas/21/09/20190921091100_00160.png,227.7,1.5,228.4,21.4,959
9/21/2019 9:12,datasets/dataset_cropped/09_Metas/21/09/20190921091200_00160.jpg,datasets_flow/dataset_cropped/09_Metas/21/09/20190921091200_00160.jpg,datasets_cloudmask/dataset_cropped/09_Metas/21/09/20190921091200_00160.png,226.6,1.6,227.2,21.5,959
9/21/2019 9:13,datasets/dataset_cropped/09_Metas/21/09/20190921091300_00160.jpg,datasets_flow/dataset_cropped/09_Metas/21/09/20190921091300_00160.jpg,datasets_cloudmask/dataset_cropped/09_Metas/21/09/20190921091300_00160.png,227.7,1.9,228.1,21.6,959
9/21/2019 9:14,datasets/dataset_cropped/09_Metas/21/09/20190921091400_00160.jpg,datasets_flow/dataset_cropped/09_Metas/21/09/20190921091400_00160.jpg,datasets_cloudmask/dataset_cropped/09_Metas/21/09/20190921091400_00160.png,244.1,2,244.6,21.6,959
9/21/2019 9:15,datasets/dataset_cropped/09_Metas/21/09/20190921091500_00160.jpg,datasets_flow/dataset_cropped/09_Metas/21/09/20190921091500_00160.jpg,datasets_cloudmask/dataset_cropped/09_Metas/21/09/20190921091500_00160.png,264.7,3.8,264.1,21.7,959
9/21/2019 9:16,datasets/dataset_cropped/09_Metas/21/09/20190921091600_00160.jpg,datasets_flow/dataset_cropped/09_Metas/21/09/20190921091600_00160.jpg,datasets_cloudmask/dataset_cropped/09_Metas/21/09/20190921091600_00160.png,304.1,48.9,282.2,21.8,959
9/21/2019 9:17,datasets/dataset_cropped/09_Metas/21/09/20190921091700_00160.jpg,datasets_flow/dataset_cropped/09_Metas/21/09/20190921091700_00160.jpg,datasets_cloudmask/dataset_cropped/09_Metas/21/09/20190921091700_00160.png,417.3,270.2,296.3,21.9,959
9/21/2019 9:18,datasets/dataset_cropped/09_Metas/21/09/20190921091800_00160.jpg,datasets_flow/dataset_cropped/09_Metas/21/09/20190921091800_00160.jpg,datasets_cloudmask/dataset_cropped/09_Metas/21/09/20190921091800_00160.png,308,5.6,307,21.9,959
9/21/2019 9:19,datasets/dataset_cropped/09_Metas/21/09/20190921091900_00160.jpg,datasets_flow/dataset_cropped/09_Metas/21/09/20190921091900_00160.jpg,datasets_cloudmask/dataset_cropped/09_Metas/21/09/20190921091900_00160.png,335.4,18.5,328.3,21.8,959
9/21/2019 9:20,datasets/dataset_cropped/09_Metas/21/09/20190921092000_00160.jpg,datasets_flow/dataset_cropped/09_Metas/21/09/20190921092000_00160.jpg,datasets_cloudmask/dataset_cropped/09_Metas/21/09/20190921092000_00160.png,439.3,208.8,343,21.8,959
9/21/2019 9:21,datasets/dataset_cropped/09_Metas/21/09/20190921092100_00160.jpg,datasets_flow/dataset_cropped/09_Metas/21/09/20190921092100_00160.jpg,datasets_cloudmask/dataset_cropped/09_Metas/21/09/20190921092100_00160.png,445.8,227.5,342.9,21.9,959
9/21/2019 9:22,datasets/dataset_cropped/09_Metas/21/09/20190921092200_00160.jpg,datasets_flow/dataset_cropped/09_Metas/21/09/20190921092200_00160.jpg,datasets_cloudmask/dataset_cropped/09_Metas/21/09/20190921092200_00160.png,504.5,360.3,339.1,22,959
9/21/2019 9:23,datasets/dataset_cropped/09_Metas/21/09/20190921092300_00160.jpg,datasets_flow/dataset_cropped/09_Metas/21/09/20190921092300_00160.jpg,datasets_cloudmask/dataset_cropped/09_Metas/21/09/20190921092300_00160.png,400.9,178.5,318.3,22.1,959
9/21/2019 9:24,datasets/dataset_cropped/09_Metas/21/09/20190921092400_00160.jpg,datasets_flow/dataset_cropped/09_Metas/21/09/20190921092400_00160.jpg,datasets_cloudmask/dataset_cropped/09_Metas/21/09/20190921092400_00160.png,332.8,88.4,291.5,22.3,959
9/21/2019 9:25,datasets/dataset_cropped/09_Metas/21/09/20190921092500_00160.jpg,datasets_flow/dataset_cropped/09_Metas/21/09/20190921092500_00160.jpg,datasets_cloudmask/dataset_cropped/09_Metas/21/09/20190921092500_00160.png,285,33.3,270.5,22.4,959
9/21/2019 9:26,datasets/dataset_cropped/09_Metas/21/09/20190921092600_00160.jpg,datasets_flow/dataset_cropped/09_Metas/21/09/20190921092600_00160.jpg,datasets_cloudmask/dataset_cropped/09_Metas/21/09/20190921092600_00160.png,269.5,17.2,263.2,22.4,959
9/21/2019 9:27,datasets/dataset_cropped/09_Metas/21/09/20190921092700_00160.jpg,datasets_flow/dataset_cropped/09_Metas/21/09/20190921092700_00160.jpg,datasets_cloudmask/dataset_cropped/09_Metas/21/09/20190921092700_00160.png,255.6,2.9,256.5,22.3,959
9/21/2019 9:28,datasets/dataset_cropped/09_Metas/21/09/20190921092800_00160.jpg,datasets_flow/dataset_cropped/09_Metas/21/09/20190921092800_00160.jpg,datasets_cloudmask/dataset_cropped/09_Metas/21/09/20190921092800_00160.png,251.6,2.5,252.7,22.4,959
9/21/2019 9:29,datasets/dataset_cropped/09_Metas/21/09/20190921092900_00160.jpg,datasets_flow/dataset_cropped/09_Metas/21/09/20190921092900_00160.jpg,datasets_cloudmask/dataset_cropped/09_Metas/21/09/20190921092900_00160.png,250.8,2.9,251.5,22.4,959
9/21/2019 9:30,datasets/dataset_cropped/09_Metas/21/09/20190921093000_00160.jpg,datasets_flow/dataset_cropped/09_Metas/21/09/20190921093000_00160.jpg,datasets_cloudmask/dataset_cropped/09_Metas/21/09/20190921093000_00160.png,246.8,2.3,247.4,22.5,959
9/21/2019 9:31,datasets/dataset_cropped/09_Metas/21/09/20190921093100_00160.jpg,datasets_flow/dataset_cropped/09_Metas/21/09/20190921093100_00160.jpg,datasets_cloudmask/dataset_cropped/09_Metas/21/09/20190921093100_00160.png,231.9,2.2,232.2,22.4,959
9/21/2019 9:32,datasets/dataset_cropped/09_Metas/21/09/20190921093200_00160.jpg,datasets_flow/dataset_cropped/09_Metas/21/09/20190921093200_00160.jpg,datasets_cloudmask/dataset_cropped/09_Metas/21/09/20190921093200_00160.png,210.4,2.1,210.7,22.4,959
9/21/2019 9:33,datasets/dataset_cropped/09_Metas/21/09/20190921093300_00160.jpg,datasets_flow/dataset_cropped/09_Metas/21/09/20190921093300_00160.jpg,datasets_cloudmask/dataset_cropped/09_Metas/21/09/20190921093300_00160.png,193,1.7,193.6,22.4,959
9/21/2019 9:34,datasets/dataset_cropped/09_Metas/21/09/20190921093400_00160.jpg,datasets_flow/dataset_cropped/09_Metas/21/09/20190921093400_00160.jpg,datasets_cloudmask/dataset_cropped/09_Metas/21/09/20190921093400_00160.png,184.2,1.7,184.8,22.4,959
9/21/2019 9:35,datasets/dataset_cropped/09_Metas/21/09/20190921093500_00160.jpg,datasets_flow/dataset_cropped/09_Metas/21/09/20190921093500_00160.jpg,datasets_cloudmask/dataset_cropped/09_Metas/21/09/20190921093500_00160.png,194.9,1.6,195.4,22.6,959
9/21/2019 9:36,datasets/dataset_cropped/09_Metas/21/09/20190921093600_00160.jpg,datasets_flow/dataset_cropped/09_Metas/21/09/20190921093600_00160.jpg,datasets_cloudmask/dataset_cropped/09_Metas/21/09/20190921093600_00160.png,209.4,1.6,210,22.5,959
9/21/2019 9:37,datasets/dataset_cropped/09_Metas/21/09/20190921093700_00160.jpg,datasets_flow/dataset_cropped/09_Metas/21/09/20190921093700_00160.jpg,datasets_cloudmask/dataset_cropped/09_Metas/21/09/20190921093700_00160.png,209.4,1.7,209.8,22.5,959
9/21/2019 9:38,datasets/dataset_cropped/09_Metas/21/09/20190921093800_00160.jpg,datasets_flow/dataset_cropped/09_Metas/21/09/20190921093800_00160.jpg,datasets_cloudmask/dataset_cropped/09_Metas/21/09/20190921093800_00160.png,212.9,1.3,213,22.5,959
9/21/2019 9:39,datasets/dataset_cropped/09_Metas/21/09/20190921093900_00160.jpg,datasets_flow/dataset_cropped/09_Metas/21/09/20190921093900_00160.jpg,datasets_cloudmask/dataset_cropped/09_Metas/21/09/20190921093900_00160.png,234,1.9,233.6,22.6,959
9/21/2019 9:40,datasets/dataset_cropped/09_Metas/21/09/20190921094000_00160.jpg,datasets_flow/dataset_cropped/09_Metas/21/09/20190921094000_00160.jpg,datasets_cloudmask/dataset_cropped/09_Metas/21/09/20190921094000_00160.png,255.4,5.1,253.3,22.7,959
9/21/2019 9:41,datasets/dataset_cropped/09_Metas/21/09/20190921094100_00160.jpg,datasets_flow/dataset_cropped/09_Metas/21/09/20190921094100_00160.jpg,datasets_cloudmask/dataset_cropped/09_Metas/21/09/20190921094100_00160.png,260.8,7.2,257.3,22.8,959
9/21/2019 9:42,datasets/dataset_cropped/09_Metas/21/09/20190921094200_00160.jpg,datasets_flow/dataset_cropped/09_Metas/21/09/20190921094200_00160.jpg,datasets_cloudmask/dataset_cropped/09_Metas/21/09/20190921094200_00160.png,268.4,5.9,265.5,22.9,959
9/21/2019 9:43,datasets/dataset_cropped/09_Metas/21/09/20190921094300_00160.jpg,datasets_flow/dataset_cropped/09_Metas/21/09/20190921094300_00160.jpg,datasets_cloudmask/dataset_cropped/09_Metas/21/09/20190921094300_00160.png,281.1,5.2,278.4,23,959
9/21/2019 9:44,datasets/dataset_cropped/09_Metas/21/09/20190921094400_00160.jpg,datasets_flow/dataset_cropped/09_Metas/21/09/20190921094400_00160.jpg,datasets_cloudmask/dataset_cropped/09_Metas/21/09/20190921094400_00160.png,287.8,6,284.9,23,959
9/21/2019 9:45,datasets/dataset_cropped/09_Metas/21/09/20190921094500_00160.jpg,datasets_flow/dataset_cropped/09_Metas/21/09/20190921094500_00160.jpg,datasets_cloudmask/dataset_cropped/09_Metas/21/09/20190921094500_00160.png,291.9,12.7,286.1,22.9,959
9/21/2019 9:46,datasets/dataset_cropped/09_Metas/21/09/20190921094600_00160.jpg,datasets_flow/dataset_cropped/09_Metas/21/09/20190921094600_00160.jpg,datasets_cloudmask/dataset_cropped/09_Metas/21/09/20190921094600_00160.png,268.5,5.8,266,23.1,959
9/21/2019 9:47,datasets/dataset_cropped/09_Metas/21/09/20190921094700_00160.jpg,datasets_flow/dataset_cropped/09_Metas/21/09/20190921094700_00160.jpg,datasets_cloudmask/dataset_cropped/09_Metas/21/09/20190921094700_00160.png,275.8,28.1,261,23.2,959
9/21/2019 9:48,datasets/dataset_cropped/09_Metas/21/09/20190921094800_00160.jpg,datasets_flow/dataset_cropped/09_Metas/21/09/20190921094800_00160.jpg,datasets_cloudmask/dataset_cropped/09_Metas/21/09/20190921094800_00160.png,302.6,37.4,283,23.1,959
9/21/2019 9:49,datasets/dataset_cropped/09_Metas/21/09/20190921094900_00160.jpg,datasets_flow/dataset_cropped/09_Metas/21/09/20190921094900_00160.jpg,datasets_cloudmask/dataset_cropped/09_Metas/21/09/20190921094900_00160.png,338.2,73.3,298.2,23.1,959
9/21/2019 9:50,datasets/dataset_cropped/09_Metas/21/09/20190921095000_00160.jpg,datasets_flow/dataset_cropped/09_Metas/21/09/20190921095000_00160.jpg,datasets_cloudmask/dataset_cropped/09_Metas/21/09/20190921095000_00160.png,325.9,47.3,299.4,23.1,959
9/21/2019 9:51,datasets/dataset_cropped/09_Metas/21/09/20190921095100_00160.jpg,datasets_flow/dataset_cropped/09_Metas/21/09/20190921095100_00160.jpg,datasets_cloudmask/dataset_cropped/09_Metas/21/09/20190921095100_00160.png,311.6,22.3,299.4,23,959
9/21/2019 9:52,datasets/dataset_cropped/09_Metas/21/09/20190921095200_00160.jpg,datasets_flow/dataset_cropped/09_Metas/21/09/20190921095200_00160.jpg,datasets_cloudmask/dataset_cropped/09_Metas/21/09/20190921095200_00160.png,344.8,43.2,322.3,23,959
9/21/2019 9:53,datasets/dataset_cropped/09_Metas/21/09/20190921095300_00160.jpg,datasets_flow/dataset_cropped/09_Metas/21/09/20190921095300_00160.jpg,datasets_cloudmask/dataset_cropped/09_Metas/21/09/20190921095300_00160.png,397.9,69.6,361.1,23,959
9/21/2019 9:54,datasets/dataset_cropped/09_Metas/21/09/20190921095400_00160.jpg,datasets_flow/dataset_cropped/09_Metas/21/09/20190921095400_00160.jpg,datasets_cloudmask/dataset_cropped/09_Metas/21/09/20190921095400_00160.png,373.5,12.6,368,23,959
9/21/2019 9:55,datasets/dataset_cropped/09_Metas/21/09/20190921095500_00160.jpg,datasets_flow/dataset_cropped/09_Metas/21/09/20190921095500_00160.jpg,datasets_cloudmask/dataset_cropped/09_Metas/21/09/20190921095500_00160.png,373.5,6.8,371.6,23,959
9/21/2019 9:56,datasets/dataset_cropped/09_Metas/21/09/20190921095600_00160.jpg,datasets_flow/dataset_cropped/09_Metas/21/09/20190921095600_00160.jpg,datasets_cloudmask/dataset_cropped/09_Metas/21/09/20190921095600_00160.png,413.4,6.3,411.7,23,959
9/21/2019 9:57,datasets/dataset_cropped/09_Metas/21/09/20190921095700_00160.jpg,datasets_flow/dataset_cropped/09_Metas/21/09/20190921095700_00160.jpg,datasets_cloudmask/dataset_cropped/09_Metas/21/09/20190921095700_00160.png,477.3,37.7,455.9,23.1,959
9/21/2019 9:58,datasets/dataset_cropped/09_Metas/21/09/20190921095800_00160.jpg,datasets_flow/dataset_cropped/09_Metas/21/09/20190921095800_00160.jpg,datasets_cloudmask/dataset_cropped/09_Metas/21/09/20190921095800_00160.png,489.8,33.6,470.9,23.2,959
9/21/2019 9:59,datasets/dataset_cropped/09_Metas/21/09/20190921095900_00160.jpg,datasets_flow/dataset_cropped/09_Metas/21/09/20190921095900_00160.jpg,datasets_cloudmask/dataset_cropped/09_Metas/21/09/20190921095900_00160.png,472.6,23.9,459.3,23.4,959
9/21/2019 10:00,datasets/dataset_cropped/09_Metas/21/10/20190921100000_00160.jpg,datasets_flow/dataset_cropped/09_Metas/21/10/20190921100000_00160.jpg,datasets_cloudmask/dataset_cropped/09_Metas/21/10/20190921100000_00160.png,481.7,70.2,441.9,23.7,959
9/21/2019 10:01,datasets/dataset_cropped/09_Metas/21/10/20190921100100_00160.jpg,datasets_flow/dataset_cropped/09_Metas/21/10/20190921100100_00160.jpg,datasets_cloudmask/dataset_cropped/09_Metas/21/10/20190921100100_00160.png,627.2,381.3,407.6,23.9,959
9/21/2019 10:02,datasets/dataset_cropped/09_Metas/21/10/20190921100200_00160.jpg,datasets_flow/dataset_cropped/09_Metas/21/10/20190921100200_00160.jpg,datasets_cloudmask/dataset_cropped/09_Metas/21/10/20190921100200_00160.png,480.6,218.4,355.5,24,959
9/21/2019 10:03,datasets/dataset_cropped/09_Metas/21/10/20190921100300_00160.jpg,datasets_flow/dataset_cropped/09_Metas/21/10/20190921100300_00160.jpg,datasets_cloudmask/dataset_cropped/09_Metas/21/10/20190921100300_00160.png,403.2,160.6,312,24.1,959
9/21/2019 10:04,datasets/dataset_cropped/09_Metas/21/10/20190921100400_00160.jpg,datasets_flow/dataset_cropped/09_Metas/21/10/20190921100400_00160.jpg,datasets_cloudmask/dataset_cropped/09_Metas/21/10/20190921100400_00160.png,321.9,63.5,286.2,24.1,959
9/21/2019 10:05,datasets/dataset_cropped/09_Metas/21/10/20190921100500_00160.jpg,datasets_flow/dataset_cropped/09_Metas/21/10/20190921100500_00160.jpg,datasets_cloudmask/dataset_cropped/09_Metas/21/10/20190921100500_00160.png,296.6,21.4,285,24,959
9/21/2019 10:06,datasets/dataset_cropped/09_Metas/21/10/20190921100600_00160.jpg,datasets_flow/dataset_cropped/09_Metas/21/10/20190921100600_00160.jpg,datasets_cloudmask/dataset_cropped/09_Metas/21/10/20190921100600_00160.png,312.8,17,303.2,24,959
9/21/2019 10:07,datasets/dataset_cropped/09_Metas/21/10/20190921100700_00160.jpg,datasets_flow/dataset_cropped/09_Metas/21/10/20190921100700_00160.jpg,datasets_cloudmask/dataset_cropped/09_Metas/21/10/20190921100700_00160.png,345,28,327.9,23.9,959
9/21/2019 10:08,datasets/dataset_cropped/09_Metas/21/10/20190921100800_00160.jpg,datasets_flow/dataset_cropped/09_Metas/21/10/20190921100800_00160.jpg,datasets_cloudmask/dataset_cropped/09_Metas/21/10/20190921100800_00160.png,383.4,62.2,345.9,23.8,959
9/21/2019 10:09,datasets/dataset_cropped/09_Metas/21/10/20190921100900_00160.jpg,datasets_flow/dataset_cropped/09_Metas/21/10/20190921100900_00160.jpg,datasets_cloudmask/dataset_cropped/09_Metas/21/10/20190921100900_00160.png,471.5,172.8,368.7,23.7,959
9/21/2019 10:10,datasets/dataset_cropped/09_Metas/21/10/20190921101000_00160.jpg,datasets_flow/dataset_cropped/09_Metas/21/10/20190921101000_00160.jpg,datasets_cloudmask/dataset_cropped/09_Metas/21/10/20190921101000_00160.png,578.6,324.4,386.1,23.6,959
9/21/2019 10:11,datasets/dataset_cropped/09_Metas/21/10/20190921101100_00160.jpg,datasets_flow/dataset_cropped/09_Metas/21/10/20190921101100_00160.jpg,datasets_cloudmask/dataset_cropped/09_Metas/21/10/20190921101100_00160.png,558.2,293.4,384,23.6,959
9/21/2019 10:12,datasets/dataset_cropped/09_Metas/21/10/20190921101200_00160.jpg,datasets_flow/dataset_cropped/09_Metas/21/10/20190921101200_00160.jpg,datasets_cloudmask/dataset_cropped/09_Metas/21/10/20190921101200_00160.png,483.8,186,373.2,23.7,959
9/21/2019 10:13,datasets/dataset_cropped/09_Metas/21/10/20190921101300_00160.jpg,datasets_flow/dataset_cropped/09_Metas/21/10/20190921101300_00160.jpg,datasets_cloudmask/dataset_cropped/09_Metas/21/10/20190921101300_00160.png,448.4,132.4,369.3,23.8,959
9/21/2019 10:14,datasets/dataset_cropped/09_Metas/21/10/20190921101400_00160.jpg,datasets_flow/dataset_cropped/09_Metas/21/10/20190921101400_00160.jpg,datasets_cloudmask/dataset_cropped/09_Metas/21/10/20190921101400_00160.png,432.5,97,373.9,23.6,959
9/21/2019 10:15,datasets/dataset_cropped/09_Metas/21/10/20190921101500_00160.jpg,datasets_flow/dataset_cropped/09_Metas/21/10/20190921101500_00160.jpg,datasets_cloudmask/dataset_cropped/09_Metas/21/10/20190921101500_00160.png,458.2,132.5,378.2,23.6,959
9/21/2019 10:16,datasets/dataset_cropped/09_Metas/21/10/20190921101600_00160.jpg,datasets_flow/dataset_cropped/09_Metas/21/10/20190921101600_00160.jpg,datasets_cloudmask/dataset_cropped/09_Metas/21/10/20190921101600_00160.png,454.3,123,379.4,23.6,959
9/21/2019 10:17,datasets/dataset_cropped/09_Metas/21/10/20190921101700_00160.jpg,datasets_flow/dataset_cropped/09_Metas/21/10/20190921101700_00160.jpg,datasets_cloudmask/dataset_cropped/09_Metas/21/10/20190921101700_00160.png,457.8,120.4,383.5,23.6,959
9/21/2019 10:18,datasets/dataset_cropped/09_Metas/21/10/20190921101800_00160.jpg,datasets_flow/dataset_cropped/09_Metas/21/10/20190921101800_00160.jpg,datasets_cloudmask/dataset_cropped/09_Metas/21/10/20190921101800_00160.png,507,187.9,391.8,23.6,959
9/21/2019 10:19,datasets/dataset_cropped/09_Metas/21/10/20190921101900_00160.jpg,datasets_flow/dataset_cropped/09_Metas/21/10/20190921101900_00160.jpg,datasets_cloudmask/dataset_cropped/09_Metas/21/10/20190921101900_00160.png,539.5,241.4,391.6,23.8,959
9/21/2019 10:20,datasets/dataset_cropped/09_Metas/21/10/20190921102000_00160.jpg,datasets_flow/dataset_cropped/09_Metas/21/10/20190921102000_00160.jpg,datasets_cloudmask/dataset_cropped/09_Metas/21/10/20190921102000_00160.png,483.3,171.4,378,24.1,959
9/21/2019 10:21,datasets/dataset_cropped/09_Metas/21/10/20190921102100_00160.jpg,datasets_flow/dataset_cropped/09_Metas/21/10/20190921102100_00160.jpg,datasets_cloudmask/dataset_cropped/09_Metas/21/10/20190921102100_00160.png,420.4,92.5,363.7,24.2,959
9/21/2019 10:22,datasets/dataset_cropped/09_Metas/21/10/20190921102200_00160.jpg,datasets_flow/dataset_cropped/09_Metas/21/10/20190921102200_00160.jpg,datasets_cloudmask/dataset_cropped/09_Metas/21/10/20190921102200_00160.png,394.7,83,343.7,24.2,959
9/21/2019 10:23,datasets/dataset_cropped/09_Metas/21/10/20190921102300_00160.jpg,datasets_flow/dataset_cropped/09_Metas/21/10/20190921102300_00160.jpg,datasets_cloudmask/dataset_cropped/09_Metas/21/10/20190921102300_00160.png,360.3,57.6,324.2,24.1,959
9/21/2019 10:24,datasets/dataset_cropped/09_Metas/21/10/20190921102400_00160.jpg,datasets_flow/dataset_cropped/09_Metas/21/10/20190921102400_00160.jpg,datasets_cloudmask/dataset_cropped/09_Metas/21/10/20190921102400_00160.png,342.3,50.2,310.6,23.9,959
9/21/2019 10:25,datasets/dataset_cropped/09_Metas/21/10/20190921102500_00160.jpg,datasets_flow/dataset_cropped/09_Metas/21/10/20190921102500_00160.jpg,datasets_cloudmask/dataset_cropped/09_Metas/21/10/20190921102500_00160.png,338.8,63.9,298,23.8,959
9/21/2019 10:26,datasets/dataset_cropped/09_Metas/21/10/20190921102600_00160.jpg,datasets_flow/dataset_cropped/09_Metas/21/10/20190921102600_00160.jpg,datasets_cloudmask/dataset_cropped/09_Metas/21/10/20190921102600_00160.png,312,49.4,280.5,23.8,959
9/21/2019 10:27,datasets/dataset_cropped/09_Metas/21/10/20190921102700_00160.jpg,datasets_flow/dataset_cropped/09_Metas/21/10/20190921102700_00160.jpg,datasets_cloudmask/dataset_cropped/09_Metas/21/10/20190921102700_00160.png,271.5,5.8,267.7,23.7,959
9/21/2019 10:28,datasets/dataset_cropped/09_Metas/21/10/20190921102800_00160.jpg,datasets_flow/dataset_cropped/09_Metas/21/10/20190921102800_00160.jpg,datasets_cloudmask/dataset_cropped/09_Metas/21/10/20190921102800_00160.png,270.3,9.8,264,23.6,959
9/21/2019 10:29,datasets/dataset_cropped/09_Metas/21/10/20190921102900_00160.jpg,datasets_flow/dataset_cropped/09_Metas/21/10/20190921102900_00160.jpg,datasets_cloudmask/dataset_cropped/09_Metas/21/10/20190921102900_00160.png,288.7,36,265.3,23.7,959
9/21/2019 10:30,datasets/dataset_cropped/09_Metas/21/10/20190921103000_00160.jpg,datasets_flow/dataset_cropped/09_Metas/21/10/20190921103000_00160.jpg,datasets_cloudmask/dataset_cropped/09_Metas/21/10/20190921103000_00160.png,303.5,55.9,267.2,23.5,959
9/21/2019 10:31,datasets/dataset_cropped/09_Metas/21/10/20190921103100_00160.jpg,datasets_flow/dataset_cropped/09_Metas/21/10/20190921103100_00160.jpg,datasets_cloudmask/dataset_cropped/09_Metas/21/10/20190921103100_00160.png,308.6,55.2,272.5,23.4,959
9/21/2019 10:32,datasets/dataset_cropped/09_Metas/21/10/20190921103200_00160.jpg,datasets_flow/dataset_cropped/09_Metas/21/10/20190921103200_00160.jpg,datasets_cloudmask/dataset_cropped/09_Metas/21/10/20190921103200_00160.png,308.7,37.4,283.7,23.3,959
9/21/2019 10:33,datasets/dataset_cropped/09_Metas/21/10/20190921103300_00160.jpg,datasets_flow/dataset_cropped/09_Metas/21/10/20190921103300_00160.jpg,datasets_cloudmask/dataset_cropped/09_Metas/21/10/20190921103300_00160.png,384,140.4,292,23.4,959
9/21/2019 10:34,datasets/dataset_cropped/09_Metas/21/10/20190921103400_00160.jpg,datasets_flow/dataset_cropped/09_Metas/21/10/20190921103400_00160.jpg,datasets_cloudmask/dataset_cropped/09_Metas/21/10/20190921103400_00160.png,357.9,108.8,286.1,23.5,959
9/21/2019 10:35,datasets/dataset_cropped/09_Metas/21/10/20190921103500_00160.jpg,datasets_flow/dataset_cropped/09_Metas/21/10/20190921103500_00160.jpg,datasets_cloudmask/dataset_cropped/09_Metas/21/10/20190921103500_00160.png,349.4,93.8,286.9,23.6,959
9/21/2019 10:36,datasets/dataset_cropped/09_Metas/21/10/20190921103600_00160.jpg,datasets_flow/dataset_cropped/09_Metas/21/10/20190921103600_00160.jpg,datasets_cloudmask/dataset_cropped/09_Metas/21/10/20190921103600_00160.png,384.2,138.2,292.6,23.6,959
9/21/2019 10:37,datasets/dataset_cropped/09_Metas/21/10/20190921103700_00160.jpg,datasets_flow/dataset_cropped/09_Metas/21/10/20190921103700_00160.jpg,datasets_cloudmask/dataset_cropped/09_Metas/21/10/20190921103700_00160.png,401.1,158.7,296.2,23.6,959
9/21/2019 10:38,datasets/dataset_cropped/09_Metas/21/10/20190921103800_00160.jpg,datasets_flow/dataset_cropped/09_Metas/21/10/20190921103800_00160.jpg,datasets_cloudmask/dataset_cropped/09_Metas/21/10/20190921103800_00160.png,414.1,172.7,300.2,23.5,959
9/21/2019 10:39,datasets/dataset_cropped/09_Metas/21/10/20190921103900_00160.jpg,datasets_flow/dataset_cropped/09_Metas/21/10/20190921103900_00160.jpg,datasets_cloudmask/dataset_cropped/09_Metas/21/10/20190921103900_00160.png,454.7,230.7,302.9,23.6,959
9/21/2019 10:40,datasets/dataset_cropped/09_Metas/21/10/20190921104000_00160.jpg,datasets_flow/dataset_cropped/09_Metas/21/10/20190921104000_00160.jpg,datasets_cloudmask/dataset_cropped/09_Metas/21/10/20190921104000_00160.png,528.4,339.3,304.9,23.5,959
9/21/2019 10:41,datasets/dataset_cropped/09_Metas/21/10/20190921104100_00160.jpg,datasets_flow/dataset_cropped/09_Metas/21/10/20190921104100_00160.jpg,datasets_cloudmask/dataset_cropped/09_Metas/21/10/20190921104100_00160.png,641.9,503.8,310,23.6,959
9/21/2019 10:42,datasets/dataset_cropped/09_Metas/21/10/20190921104200_00160.jpg,datasets_flow/dataset_cropped/09_Metas/21/10/20190921104200_00160.jpg,datasets_cloudmask/dataset_cropped/09_Metas/21/10/20190921104200_00160.png,625,488.5,302.1,23.8,959
9/21/2019 10:43,datasets/dataset_cropped/09_Metas/21/10/20190921104300_00160.jpg,datasets_flow/dataset_cropped/09_Metas/21/10/20190921104300_00160.jpg,datasets_cloudmask/dataset_cropped/09_Metas/21/10/20190921104300_00160.png,594.2,450.7,295.1,24,959
9/21/2019 10:44,datasets/dataset_cropped/09_Metas/21/10/20190921104400_00160.jpg,datasets_flow/dataset_cropped/09_Metas/21/10/20190921104400_00160.jpg,datasets_cloudmask/dataset_cropped/09_Metas/21/10/20190921104400_00160.png,646.3,530.4,293.8,24.1,959
9/21/2019 10:45,datasets/dataset_cropped/09_Metas/21/10/20190921104500_00160.jpg,datasets_flow/dataset_cropped/09_Metas/21/10/20190921104500_00160.jpg,datasets_cloudmask/dataset_cropped/09_Metas/21/10/20190921104500_00160.png,608.6,487,284.4,24.3,959
9/21/2019 10:46,datasets/dataset_cropped/09_Metas/21/10/20190921104600_00160.jpg,datasets_flow/dataset_cropped/09_Metas/21/10/20190921104600_00160.jpg,datasets_cloudmask/dataset_cropped/09_Metas/21/10/20190921104600_00160.png,611,500.3,276.5,24.2,959
9/21/2019 10:47,datasets/dataset_cropped/09_Metas/21/10/20190921104700_00160.jpg,datasets_flow/dataset_cropped/09_Metas/21/10/20190921104700_00160.jpg,datasets_cloudmask/dataset_cropped/09_Metas/21/10/20190921104700_00160.png,652.1,570.8,269,24.4,959
9/21/2019 10:48,datasets/dataset_cropped/09_Metas/21/10/20190921104800_00160.jpg,datasets_flow/dataset_cropped/09_Metas/21/10/20190921104800_00160.jpg,datasets_cloudmask/dataset_cropped/09_Metas/21/10/20190921104800_00160.png,607.2,523.2,254.9,24.5,959
9/21/2019 10:49,datasets/dataset_cropped/09_Metas/21/10/20190921104900_00160.jpg,datasets_flow/dataset_cropped/09_Metas/21/10/20190921104900_00160.jpg,datasets_cloudmask/dataset_cropped/09_Metas/21/10/20190921104900_00160.png,532.5,427.6,243.4,24.4,959
9/21/2019 10:50,datasets/dataset_cropped/09_Metas/21/10/20190921105000_00160.jpg,datasets_flow/dataset_cropped/09_Metas/21/10/20190921105000_00160.jpg,datasets_cloudmask/dataset_cropped/09_Metas/21/10/20190921105000_00160.png,604.8,534,243.1,24.3,959
9/21/2019 10:51,datasets/dataset_cropped/09_Metas/21/10/20190921105100_00160.jpg,datasets_flow/dataset_cropped/09_Metas/21/10/20190921105100_00160.jpg,datasets_cloudmask/dataset_cropped/09_Metas/21/10/20190921105100_00160.png,572.2,494,236.6,24.2,959
9/21/2019 10:52,datasets/dataset_cropped/09_Metas/21/10/20190921105200_00160.jpg,datasets_flow/dataset_cropped/09_Metas/21/10/20190921105200_00160.jpg,datasets_cloudmask/dataset_cropped/09_Metas/21/10/20190921105200_00160.png,580,510.3,232.3,24.3,959
9/21/2019 10:53,datasets/dataset_cropped/09_Metas/21/10/20190921105300_00160.jpg,datasets_flow/dataset_cropped/09_Metas/21/10/20190921105300_00160.jpg,datasets_cloudmask/dataset_cropped/09_Metas/21/10/20190921105300_00160.png,535.3,448,228.8,24.2,959
9/21/2019 10:54,datasets/dataset_cropped/09_Metas/21/10/20190921105400_00160.jpg,datasets_flow/dataset_cropped/09_Metas/21/10/20190921105400_00160.jpg,datasets_cloudmask/dataset_cropped/09_Metas/21/10/20190921105400_00160.png,642.4,591.9,237.3,24.2,959
9/21/2019 10:55,datasets/dataset_cropped/09_Metas/21/10/20190921105500_00160.jpg,datasets_flow/dataset_cropped/09_Metas/21/10/20190921105500_00160.jpg,datasets_cloudmask/dataset_cropped/09_Metas/21/10/20190921105500_00160.png,668,620.7,242.2,24.2,959
9/21/2019 10:56,datasets/dataset_cropped/09_Metas/21/10/20190921105600_00160.jpg,datasets_flow/dataset_cropped/09_Metas/21/10/20190921105600_00160.jpg,datasets_cloudmask/dataset_cropped/09_Metas/21/10/20190921105600_00160.png,680.1,625.8,249.5,24.4,959
9/21/2019 10:57,datasets/dataset_cropped/09_Metas/21/10/20190921105700_00160.jpg,datasets_flow/dataset_cropped/09_Metas/21/10/20190921105700_00160.jpg,datasets_cloudmask/dataset_cropped/09_Metas/21/10/20190921105700_00160.png,722.2,661.1,266,24.5,959
9/21/2019 10:58,datasets/dataset_cropped/09_Metas/21/10/20190921105800_00160.jpg,datasets_flow/dataset_cropped/09_Metas/21/10/20190921105800_00160.jpg,datasets_cloudmask/dataset_cropped/09_Metas/21/10/20190921105800_00160.png,762.6,678,293.8,24.5,959
9/21/2019 10:59,datasets/dataset_cropped/09_Metas/21/10/20190921105900_00160.jpg,datasets_flow/dataset_cropped/09_Metas/21/10/20190921105900_00160.jpg,datasets_cloudmask/dataset_cropped/09_Metas/21/10/20190921105900_00160.png,774,627.3,338.7,24.6,959
9/21/2019 11:00,datasets/dataset_cropped/09_Metas/21/11/20190921110000_00160.jpg,datasets_flow/dataset_cropped/09_Metas/21/11/20190921110000_00160.jpg,datasets_cloudmask/dataset_cropped/09_Metas/21/11/20190921110000_00160.png,814,595.3,399.7,24.7,959
9/21/2019 11:01,datasets/dataset_cropped/09_Metas/21/11/20190921110100_00160.jpg,datasets_flow/dataset_cropped/09_Metas/21/11/20190921110100_00160.jpg,datasets_cloudmask/dataset_cropped/09_Metas/21/11/20190921110100_00160.png,848,578.3,443.4,24.9,959
9/21/2019 11:02,datasets/dataset_cropped/09_Metas/21/11/20190921110200_00160.jpg,datasets_flow/dataset_cropped/09_Metas/21/11/20190921110200_00160.jpg,datasets_cloudmask/dataset_cropped/09_Metas/21/11/20190921110200_00160.png,750.7,410.3,460.6,25,959
9/21/2019 11:03,datasets/dataset_cropped/09_Metas/21/11/20190921110300_00160.jpg,datasets_flow/dataset_cropped/09_Metas/21/11/20190921110300_00160.jpg,datasets_cloudmask/dataset_cropped/09_Metas/21/11/20190921110300_00160.png,674.3,305.3,456.5,25.1,959
9/21/2019 11:04,datasets/dataset_cropped/09_Metas/21/11/20190921110400_00160.jpg,datasets_flow/dataset_cropped/09_Metas/21/11/20190921110400_00160.jpg,datasets_cloudmask/dataset_cropped/09_Metas/21/11/20190921110400_00160.png,609,228.9,444,24.9,959
9/21/2019 11:05,datasets/dataset_cropped/09_Metas/21/11/20190921110500_00160.jpg,datasets_flow/dataset_cropped/09_Metas/21/11/20190921110500_00160.jpg,datasets_cloudmask/dataset_cropped/09_Metas/21/11/20190921110500_00160.png,618.9,259.8,430.8,24.8,959
9/21/2019 11:06,datasets/dataset_cropped/09_Metas/21/11/20190921110600_00160.jpg,datasets_flow/dataset_cropped/09_Metas/21/11/20190921110600_00160.jpg,datasets_cloudmask/dataset_cropped/09_Metas/21/11/20190921110600_00160.png,529.6,161.9,409.7,24.6,959
9/21/2019 11:07,datasets/dataset_cropped/09_Metas/21/11/20190921110700_00160.jpg,datasets_flow/dataset_cropped/09_Metas/21/11/20190921110700_00160.jpg,datasets_cloudmask/dataset_cropped/09_Metas/21/11/20190921110700_00160.png,478.2,109.4,395.1,24.8,959
9/21/2019 11:08,datasets/dataset_cropped/09_Metas/21/11/20190921110800_00160.jpg,datasets_flow/dataset_cropped/09_Metas/21/11/20190921110800_00160.jpg,datasets_cloudmask/dataset_cropped/09_Metas/21/11/20190921110800_00160.png,479.9,120.4,388.2,24.9,959
9/21/2019 11:09,datasets/dataset_cropped/09_Metas/21/11/20190921110900_00160.jpg,datasets_flow/dataset_cropped/09_Metas/21/11/20190921110900_00160.jpg,datasets_cloudmask/dataset_cropped/09_Metas/21/11/20190921110900_00160.png,483,133,382.1,24.7,959
9/21/2019 11:10,datasets/dataset_cropped/09_Metas/21/11/20190921111000_00160.jpg,datasets_flow/dataset_cropped/09_Metas/21/11/20190921111000_00160.jpg,datasets_cloudmask/dataset_cropped/09_Metas/21/11/20190921111000_00160.png,457.4,103,378.5,24.4,959
9/21/2019 11:11,datasets/dataset_cropped/09_Metas/21/11/20190921111100_00160.jpg,datasets_flow/dataset_cropped/09_Metas/21/11/20190921111100_00160.jpg,datasets_cloudmask/dataset_cropped/09_Metas/21/11/20190921111100_00160.png,427.6,51.8,385,24.4,959
9/21/2019 11:12,datasets/dataset_cropped/09_Metas/21/11/20190921111200_00160.jpg,datasets_flow/dataset_cropped/09_Metas/21/11/20190921111200_00160.jpg,datasets_cloudmask/dataset_cropped/09_Metas/21/11/20190921111200_00160.png,620.7,275.3,417.6,24.4,959
9/21/2019 11:13,datasets/dataset_cropped/09_Metas/21/11/20190921111300_00160.jpg,datasets_flow/dataset_cropped/09_Metas/21/11/20190921111300_00160.jpg,datasets_cloudmask/dataset_cropped/09_Metas/21/11/20190921111300_00160.png,719.2,369.9,447.8,24.4,959
9/21/2019 11:14,datasets/dataset_cropped/09_Metas/21/11/20190921111400_00160.jpg,datasets_flow/dataset_cropped/09_Metas/21/11/20190921111400_00160.jpg,datasets_cloudmask/dataset_cropped/09_Metas/21/11/20190921111400_00160.png,807,460.7,471.1,24.5,959
9/21/2019 11:15,datasets/dataset_cropped/09_Metas/21/11/20190921111500_00160.jpg,datasets_flow/dataset_cropped/09_Metas/21/11/20190921111500_00160.jpg,datasets_cloudmask/dataset_cropped/09_Metas/21/11/20190921111500_00160.png,639.7,215.5,480,24.8,959
9/21/2019 11:16,datasets/dataset_cropped/09_Metas/21/11/20190921111600_00160.jpg,datasets_flow/dataset_cropped/09_Metas/21/11/20190921111600_00160.jpg,datasets_cloudmask/dataset_cropped/09_Metas/21/11/20190921111600_00160.png,614.5,167.4,489.5,24.8,959
9/21/2019 11:17,datasets/dataset_cropped/09_Metas/21/11/20190921111700_00160.jpg,datasets_flow/dataset_cropped/09_Metas/21/11/20190921111700_00160.jpg,datasets_cloudmask/dataset_cropped/09_Metas/21/11/20190921111700_00160.png,697.6,267.9,498.8,24.6,959
9/21/2019 11:18,datasets/dataset_cropped/09_Metas/21/11/20190921111800_00160.jpg,datasets_flow/dataset_cropped/09_Metas/21/11/20190921111800_00160.jpg,datasets_cloudmask/dataset_cropped/09_Metas/21/11/20190921111800_00160.png,794.7,401.5,500.1,24.6,959
9/21/2019 11:19,datasets/dataset_cropped/09_Metas/21/11/20190921111900_00160.jpg,datasets_flow/dataset_cropped/09_Metas/21/11/20190921111900_00160.jpg,datasets_cloudmask/dataset_cropped/09_Metas/21/11/20190921111900_00160.png,740.1,351.1,481.3,24.6,959
9/21/2019 11:20,datasets/dataset_cropped/09_Metas/21/11/20190921112000_00160.jpg,datasets_flow/dataset_cropped/09_Metas/21/11/20190921112000_00160.jpg,datasets_cloudmask/dataset_cropped/09_Metas/21/11/20190921112000_00160.png,492.6,67.3,440.7,24.9,959
9/21/2019 11:21,datasets/dataset_cropped/09_Metas/21/11/20190921112100_00160.jpg,datasets_flow/dataset_cropped/09_Metas/21/11/20190921112100_00160.jpg,datasets_cloudmask/dataset_cropped/09_Metas/21/11/20190921112100_00160.png,413.8,4.5,408.2,25,959
9/21/2019 11:22,datasets/dataset_cropped/09_Metas/21/11/20190921112200_00160.jpg,datasets_flow/dataset_cropped/09_Metas/21/11/20190921112200_00160.jpg,datasets_cloudmask/dataset_cropped/09_Metas/21/11/20190921112200_00160.png,400.6,1,398.1,25.1,959
9/21/2019 11:23,datasets/dataset_cropped/09_Metas/21/11/20190921112300_00160.jpg,datasets_flow/dataset_cropped/09_Metas/21/11/20190921112300_00160.jpg,datasets_cloudmask/dataset_cropped/09_Metas/21/11/20190921112300_00160.png,400.1,2.5,396.2,25.1,959
9/21/2019 11:24,datasets/dataset_cropped/09_Metas/21/11/20190921112400_00160.jpg,datasets_flow/dataset_cropped/09_Metas/21/11/20190921112400_00160.jpg,datasets_cloudmask/dataset_cropped/09_Metas/21/11/20190921112400_00160.png,404.5,8.9,395,24.9,959
9/21/2019 11:25,datasets/dataset_cropped/09_Metas/21/11/20190921112500_00160.jpg,datasets_flow/dataset_cropped/09_Metas/21/11/20190921112500_00160.jpg,datasets_cloudmask/dataset_cropped/09_Metas/21/11/20190921112500_00160.png,407.8,10.4,396.6,24.7,959
9/21/2019 11:26,datasets/dataset_cropped/09_Metas/21/11/20190921112600_00160.jpg,datasets_flow/dataset_cropped/09_Metas/21/11/20190921112600_00160.jpg,datasets_cloudmask/dataset_cropped/09_Metas/21/11/20190921112600_00160.png,457.7,83.3,392.6,24.4,959
9/21/2019 11:27,datasets/dataset_cropped/09_Metas/21/11/20190921112700_00160.jpg,datasets_flow/dataset_cropped/09_Metas/21/11/20190921112700_00160.jpg,datasets_cloudmask/dataset_cropped/09_Metas/21/11/20190921112700_00160.png,406.6,28.2,383,24.4,959
9/21/2019 11:28,datasets/dataset_cropped/09_Metas/21/11/20190921112800_00160.jpg,datasets_flow/dataset_cropped/09_Metas/21/11/20190921112800_00160.jpg,datasets_cloudmask/dataset_cropped/09_Metas/21/11/20190921112800_00160.png,411.1,29.7,385.4,24.4,959
9/21/2019 11:29,datasets/dataset_cropped/09_Metas/21/11/20190921112900_00160.jpg,datasets_flow/dataset_cropped/09_Metas/21/11/20190921112900_00160.jpg,datasets_cloudmask/dataset_cropped/09_Metas/21/11/20190921112900_00160.png,613.9,277.8,403.5,24.4,959
9/21/2019 11:30,datasets/dataset_cropped/09_Metas/21/11/20190921113000_00160.jpg,datasets_flow/dataset_cropped/09_Metas/21/11/20190921113000_00160.jpg,datasets_cloudmask/dataset_cropped/09_Metas/21/11/20190921113000_00160.png,553.1,190.1,407.3,24.6,959
9/21/2019 11:31,datasets/dataset_cropped/09_Metas/21/11/20190921113100_00160.jpg,datasets_flow/dataset_cropped/09_Metas/21/11/20190921113100_00160.jpg,datasets_cloudmask/dataset_cropped/09_Metas/21/11/20190921113100_00160.png,580.8,218.1,414.2,24.8,959
9/21/2019 11:32,datasets/dataset_cropped/09_Metas/21/11/20190921113200_00160.jpg,datasets_flow/dataset_cropped/09_Metas/21/11/20190921113200_00160.jpg,datasets_cloudmask/dataset_cropped/09_Metas/21/11/20190921113200_00160.png,621,259.1,423.2,24.7,959
9/21/2019 11:33,datasets/dataset_cropped/09_Metas/21/11/20190921113300_00160.jpg,datasets_flow/dataset_cropped/09_Metas/21/11/20190921113300_00160.jpg,datasets_cloudmask/dataset_cropped/09_Metas/21/11/20190921113300_00160.png,564.2,184.2,421.8,24.7,959
9/21/2019 11:34,datasets/dataset_cropped/09_Metas/21/11/20190921113400_00160.jpg,datasets_flow/dataset_cropped/09_Metas/21/11/20190921113400_00160.jpg,datasets_cloudmask/dataset_cropped/09_Metas/21/11/20190921113400_00160.png,768.2,454.8,424,24.6,959
9/21/2019 11:35,datasets/dataset_cropped/09_Metas/21/11/20190921113500_00160.jpg,datasets_flow/dataset_cropped/09_Metas/21/11/20190921113500_00160.jpg,datasets_cloudmask/dataset_cropped/09_Metas/21/11/20190921113500_00160.png,596.2,243.5,410.5,24.6,959
9/21/2019 11:36,datasets/dataset_cropped/09_Metas/21/11/20190921113600_00160.jpg,datasets_flow/dataset_cropped/09_Metas/21/11/20190921113600_00160.jpg,datasets_cloudmask/dataset_cropped/09_Metas/21/11/20190921113600_00160.png,633.6,303.1,403.6,24.6,959
9/21/2019 11:37,datasets/dataset_cropped/09_Metas/21/11/20190921113700_00160.jpg,datasets_flow/dataset_cropped/09_Metas/21/11/20190921113700_00160.jpg,datasets_cloudmask/dataset_cropped/09_Metas/21/11/20190921113700_00160.png,441,75.1,381.4,24.7,959
9/21/2019 11:38,datasets/dataset_cropped/09_Metas/21/11/20190921113800_00160.jpg,datasets_flow/dataset_cropped/09_Metas/21/11/20190921113800_00160.jpg,datasets_cloudmask/dataset_cropped/09_Metas/21/11/20190921113800_00160.png,549,211.3,386.5,24.9,959
9/21/2019 11:39,datasets/dataset_cropped/09_Metas/21/11/20190921113900_00160.jpg,datasets_flow/dataset_cropped/09_Metas/21/11/20190921113900_00160.jpg,datasets_cloudmask/dataset_cropped/09_Metas/21/11/20190921113900_00160.png,495.1,122.5,398.8,25.2,959
9/21/2019 11:40,datasets/dataset_cropped/09_Metas/21/11/20190921114000_00160.jpg,datasets_flow/dataset_cropped/09_Metas/21/11/20190921114000_00160.jpg,datasets_cloudmask/dataset_cropped/09_Metas/21/11/20190921114000_00160.png,583.8,216.6,415.3,25.1,959
9/21/2019 11:41,datasets/dataset_cropped/09_Metas/21/11/20190921114100_00160.jpg,datasets_flow/dataset_cropped/09_Metas/21/11/20190921114100_00160.jpg,datasets_cloudmask/dataset_cropped/09_Metas/21/11/20190921114100_00160.png,741.2,401.2,432.5,25,959
9/21/2019 11:42,datasets/dataset_cropped/09_Metas/21/11/20190921114200_00160.jpg,datasets_flow/dataset_cropped/09_Metas/21/11/20190921114200_00160.jpg,datasets_cloudmask/dataset_cropped/09_Metas/21/11/20190921114200_00160.png,878,564.2,446.7,24.9,959
9/21/2019 11:43,datasets/dataset_cropped/09_Metas/21/11/20190921114300_00160.jpg,datasets_flow/dataset_cropped/09_Metas/21/11/20190921114300_00160.jpg,datasets_cloudmask/dataset_cropped/09_Metas/21/11/20190921114300_00160.png,848,507.6,458.8,24.9,959
9/21/2019 11:44,datasets/dataset_cropped/09_Metas/21/11/20190921114400_00160.jpg,datasets_flow/dataset_cropped/09_Metas/21/11/20190921114400_00160.jpg,datasets_cloudmask/dataset_cropped/09_Metas/21/11/20190921114400_00160.png,887,533.2,477.5,24.9,959
9/21/2019 11:45,datasets/dataset_cropped/09_Metas/21/11/20190921114500_00160.jpg,datasets_flow/dataset_cropped/09_Metas/21/11/20190921114500_00160.jpg,datasets_cloudmask/dataset_cropped/09_Metas/21/11/20190921114500_00160.png,839,455.2,488,25.1,959
9/21/2019 11:46,datasets/dataset_cropped/09_Metas/21/11/20190921114600_00160.jpg,datasets_flow/dataset_cropped/09_Metas/21/11/20190921114600_00160.jpg,datasets_cloudmask/dataset_cropped/09_Metas/21/11/20190921114600_00160.png,747.6,332.6,489.8,25.3,959
9/21/2019 11:47,datasets/dataset_cropped/09_Metas/21/11/20190921114700_00160.jpg,datasets_flow/dataset_cropped/09_Metas/21/11/20190921114700_00160.jpg,datasets_cloudmask/dataset_cropped/09_Metas/21/11/20190921114700_00160.png,622,193.9,470,25.4,959
9/21/2019 11:48,datasets/dataset_cropped/09_Metas/21/11/20190921114800_00160.jpg,datasets_flow/dataset_cropped/09_Metas/21/11/20190921114800_00160.jpg,datasets_cloudmask/dataset_cropped/09_Metas/21/11/20190921114800_00160.png,568.5,146.7,451.7,25.2,959
9/21/2019 11:49,datasets/dataset_cropped/09_Metas/21/11/20190921114900_00160.jpg,datasets_flow/dataset_cropped/09_Metas/21/11/20190921114900_00160.jpg,datasets_cloudmask/dataset_cropped/09_Metas/21/11/20190921114900_00160.png,730.7,370.1,443.1,25.1,959
9/21/2019 11:50,datasets/dataset_cropped/09_Metas/21/11/20190921115000_00160.jpg,datasets_flow/dataset_cropped/09_Metas/21/11/20190921115000_00160.jpg,datasets_cloudmask/dataset_cropped/09_Metas/21/11/20190921115000_00160.png,917,638.1,425.9,25.2,959
9/21/2019 11:51,datasets/dataset_cropped/09_Metas/21/11/20190921115100_00160.jpg,datasets_flow/dataset_cropped/09_Metas/21/11/20190921115100_00160.jpg,datasets_cloudmask/dataset_cropped/09_Metas/21/11/20190921115100_00160.png,878,616.9,400.8,25.3,959
9/21/2019 11:52,datasets/dataset_cropped/09_Metas/21/11/20190921115200_00160.jpg,datasets_flow/dataset_cropped/09_Metas/21/11/20190921115200_00160.jpg,datasets_cloudmask/dataset_cropped/09_Metas/21/11/20190921115200_00160.png,862,612.1,387.4,25.1,959
9/21/2019 11:53,datasets/dataset_cropped/09_Metas/21/11/20190921115300_00160.jpg,datasets_flow/dataset_cropped/09_Metas/21/11/20190921115300_00160.jpg,datasets_cloudmask/dataset_cropped/09_Metas/21/11/20190921115300_00160.png,870,626.8,383.3,25.6,959
9/21/2019 11:54,datasets/dataset_cropped/09_Metas/21/11/20190921115400_00160.jpg,datasets_flow/dataset_cropped/09_Metas/21/11/20190921115400_00160.jpg,datasets_cloudmask/dataset_cropped/09_Metas/21/11/20190921115400_00160.png,863,609.8,387.9,25.8,959
9/21/2019 11:55,datasets/dataset_cropped/09_Metas/21/11/20190921115500_00160.jpg,datasets_flow/dataset_cropped/09_Metas/21/11/20190921115500_00160.jpg,datasets_cloudmask/dataset_cropped/09_Metas/21/11/20190921115500_00160.png,602.2,286.5,376.2,25.5,959
9/21/2019 11:56,datasets/dataset_cropped/09_Metas/21/11/20190921115600_00160.jpg,datasets_flow/dataset_cropped/09_Metas/21/11/20190921115600_00160.jpg,datasets_cloudmask/dataset_cropped/09_Metas/21/11/20190921115600_00160.png,506,166.6,372.2,25.3,959
9/21/2019 11:57,datasets/dataset_cropped/09_Metas/21/11/20190921115700_00160.jpg,datasets_flow/dataset_cropped/09_Metas/21/11/20190921115700_00160.jpg,datasets_cloudmask/dataset_cropped/09_Metas/21/11/20190921115700_00160.png,683.9,369.8,391.8,25.2,959
9/21/2019 11:58,datasets/dataset_cropped/09_Metas/21/11/20190921115800_00160.jpg,datasets_flow/dataset_cropped/09_Metas/21/11/20190921115800_00160.jpg,datasets_cloudmask/dataset_cropped/09_Metas/21/11/20190921115800_00160.png,869,585.7,410.5,25.3,959
9/21/2019 11:59,datasets/dataset_cropped/09_Metas/21/11/20190921115900_00160.jpg,datasets_flow/dataset_cropped/09_Metas/21/11/20190921115900_00160.jpg,datasets_cloudmask/dataset_cropped/09_Metas/21/11/20190921115900_00160.png,798.2,486.6,416.3,25.5,959
9/21/2019 12:00,datasets/dataset_cropped/09_Metas/21/12/20190921120000_00160.jpg,datasets_flow/dataset_cropped/09_Metas/21/12/20190921120000_00160.jpg,datasets_cloudmask/dataset_cropped/09_Metas/21/12/20190921120000_00160.png,872,570.2,425,25.9,959
9/21/2019 12:01,datasets/dataset_cropped/09_Metas/21/12/20190921120100_00160.jpg,datasets_flow/dataset_cropped/09_Metas/21/12/20190921120100_00160.jpg,datasets_cloudmask/dataset_cropped/09_Metas/21/12/20190921120100_00160.png,794.2,469.2,425.8,25.7,959
9/21/2019 12:02,datasets/dataset_cropped/09_Metas/21/12/20190921120200_00160.jpg,datasets_flow/dataset_cropped/09_Metas/21/12/20190921120200_00160.jpg,datasets_cloudmask/dataset_cropped/09_Metas/21/12/20190921120200_00160.png,965,682.3,431.4,25.8,959
9/21/2019 12:03,datasets/dataset_cropped/09_Metas/21/12/20190921120300_00160.jpg,datasets_flow/dataset_cropped/09_Metas/21/12/20190921120300_00160.jpg,datasets_cloudmask/dataset_cropped/09_Metas/21/12/20190921120300_00160.png,973,693.8,429.6,25.6,959
9/21/2019 12:04,datasets/dataset_cropped/09_Metas/21/12/20190921120400_00160.jpg,datasets_flow/dataset_cropped/09_Metas/21/12/20190921120400_00160.jpg,datasets_cloudmask/dataset_cropped/09_Metas/21/12/20190921120400_00160.png,1017,749.3,430.4,25.8,959
9/21/2019 12:05,datasets/dataset_cropped/09_Metas/21/12/20190921120500_00160.jpg,datasets_flow/dataset_cropped/09_Metas/21/12/20190921120500_00160.jpg,datasets_cloudmask/dataset_cropped/09_Metas/21/12/20190921120500_00160.png,1009,740.2,428.7,25.5,959
9/21/2019 12:06,datasets/dataset_cropped/09_Metas/21/12/20190921120600_00160.jpg,datasets_flow/dataset_cropped/09_Metas/21/12/20190921120600_00160.jpg,datasets_cloudmask/dataset_cropped/09_Metas/21/12/20190921120600_00160.png,1024,760.2,427.1,25.5,959
9/21/2019 12:07,datasets/dataset_cropped/09_Metas/21/12/20190921120700_00160.jpg,datasets_flow/dataset_cropped/09_Metas/21/12/20190921120700_00160.jpg,datasets_cloudmask/dataset_cropped/09_Metas/21/12/20190921120700_00160.png,1021,759.3,424.2,25.9,959
9/21/2019 12:08,datasets/dataset_cropped/09_Metas/21/12/20190921120800_00160.jpg,datasets_flow/dataset_cropped/09_Metas/21/12/20190921120800_00160.jpg,datasets_cloudmask/dataset_cropped/09_Metas/21/12/20190921120800_00160.png,974,703.1,420.2,26.1,959
9/21/2019 12:09,datasets/dataset_cropped/09_Metas/21/12/20190921120900_00160.jpg,datasets_flow/dataset_cropped/09_Metas/21/12/20190921120900_00160.jpg,datasets_cloudmask/dataset_cropped/09_Metas/21/12/20190921120900_00160.png,975,699,424.2,26,959
9/21/2019 12:10,datasets/dataset_cropped/09_Metas/21/12/20190921121000_00160.jpg,datasets_flow/dataset_cropped/09_Metas/21/12/20190921121000_00160.jpg,datasets_cloudmask/dataset_cropped/09_Metas/21/12/20190921121000_00160.png,870,546.7,435.6,25.9,959
9/21/2019 12:11,datasets/dataset_cropped/09_Metas/21/12/20190921121100_00160.jpg,datasets_flow/dataset_cropped/09_Metas/21/12/20190921121100_00160.jpg,datasets_cloudmask/dataset_cropped/09_Metas/21/12/20190921121100_00160.png,881,540.1,452.9,25.9,959
9/21/2019 12:12,datasets/dataset_cropped/09_Metas/21/12/20190921121200_00160.jpg,datasets_flow/dataset_cropped/09_Metas/21/12/20190921121200_00160.jpg,datasets_cloudmask/dataset_cropped/09_Metas/21/12/20190921121200_00160.png,857,489.9,464.6,25.7,959
9/21/2019 12:13,datasets/dataset_cropped/09_Metas/21/12/20190921121300_00160.jpg,datasets_flow/dataset_cropped/09_Metas/21/12/20190921121300_00160.jpg,datasets_cloudmask/dataset_cropped/09_Metas/21/12/20190921121300_00160.png,835,442,480.8,25.6,959
9/21/2019 12:14,datasets/dataset_cropped/09_Metas/21/12/20190921121400_00160.jpg,datasets_flow/dataset_cropped/09_Metas/21/12/20190921121400_00160.jpg,datasets_cloudmask/dataset_cropped/09_Metas/21/12/20190921121400_00160.png,978,600.3,497.9,25.9,959
9/21/2019 12:15,datasets/dataset_cropped/09_Metas/21/12/20190921121500_00160.jpg,datasets_flow/dataset_cropped/09_Metas/21/12/20190921121500_00160.jpg,datasets_cloudmask/dataset_cropped/09_Metas/21/12/20190921121500_00160.png,699.5,253,492.8,26.1,959
9/21/2019 12:16,datasets/dataset_cropped/09_Metas/21/12/20190921121600_00160.jpg,datasets_flow/dataset_cropped/09_Metas/21/12/20190921121600_00160.jpg,datasets_cloudmask/dataset_cropped/09_Metas/21/12/20190921121600_00160.png,653.1,185.6,498.4,26,959
9/21/2019 12:17,datasets/dataset_cropped/09_Metas/21/12/20190921121700_00160.jpg,datasets_flow/dataset_cropped/09_Metas/21/12/20190921121700_00160.jpg,datasets_cloudmask/dataset_cropped/09_Metas/21/12/20190921121700_00160.png,522.2,48.8,477.9,25.9,958
9/21/2019 12:18,datasets/dataset_cropped/09_Metas/21/12/20190921121800_00160.jpg,datasets_flow/dataset_cropped/09_Metas/21/12/20190921121800_00160.jpg,datasets_cloudmask/dataset_cropped/09_Metas/21/12/20190921121800_00160.png,559.2,121.5,458.1,25.6,959
9/21/2019 12:19,datasets/dataset_cropped/09_Metas/21/12/20190921121900_00160.jpg,datasets_flow/dataset_cropped/09_Metas/21/12/20190921121900_00160.jpg,datasets_cloudmask/dataset_cropped/09_Metas/21/12/20190921121900_00160.png,530.7,82.8,460.3,25.6,959
9/21/2019 12:20,datasets/dataset_cropped/09_Metas/21/12/20190921122000_00160.jpg,datasets_flow/dataset_cropped/09_Metas/21/12/20190921122000_00160.jpg,datasets_cloudmask/dataset_cropped/09_Metas/21/12/20190921122000_00160.png,604.9,140.7,485.1,25.7,959
9/21/2019 12:21,datasets/dataset_cropped/09_Metas/21/12/20190921122100_00160.jpg,datasets_flow/dataset_cropped/09_Metas/21/12/20190921122100_00160.jpg,datasets_cloudmask/dataset_cropped/09_Metas/21/12/20190921122100_00160.png,955,561.1,503.9,25.5,959
9/21/2019 12:22,datasets/dataset_cropped/09_Metas/21/12/20190921122200_00160.jpg,datasets_flow/dataset_cropped/09_Metas/21/12/20190921122200_00160.jpg,datasets_cloudmask/dataset_cropped/09_Metas/21/12/20190921122200_00160.png,531.3,77.5,464.3,25.4,959
9/21/2019 12:23,datasets/dataset_cropped/09_Metas/21/12/20190921122300_00160.jpg,datasets_flow/dataset_cropped/09_Metas/21/12/20190921122300_00160.jpg,datasets_cloudmask/dataset_cropped/09_Metas/21/12/20190921122300_00160.png,612.4,183.5,459.5,25.4,959
9/21/2019 12:24,datasets/dataset_cropped/09_Metas/21/12/20190921122400_00160.jpg,datasets_flow/dataset_cropped/09_Metas/21/12/20190921122400_00160.jpg,datasets_cloudmask/dataset_cropped/09_Metas/21/12/20190921122400_00160.png,570.2,143.1,451.5,25.4,958
9/21/2019 12:25,datasets/dataset_cropped/09_Metas/21/12/20190921122500_00160.jpg,datasets_flow/dataset_cropped/09_Metas/21/12/20190921122500_00160.jpg,datasets_cloudmask/dataset_cropped/09_Metas/21/12/20190921122500_00160.png,440.3,4.1,433.4,25.2,959
9/21/2019 12:26,datasets/dataset_cropped/09_Metas/21/12/20190921122600_00160.jpg,datasets_flow/dataset_cropped/09_Metas/21/12/20190921122600_00160.jpg,datasets_cloudmask/dataset_cropped/09_Metas/21/12/20190921122600_00160.png,456.3,1.7,450.8,25.4,959
9/21/2019 12:27,datasets/dataset_cropped/09_Metas/21/12/20190921122700_00160.jpg,datasets_flow/dataset_cropped/09_Metas/21/12/20190921122700_00160.jpg,datasets_cloudmask/dataset_cropped/09_Metas/21/12/20190921122700_00160.png,476.2,3.8,467.8,25.6,959
9/21/2019 12:28,datasets/dataset_cropped/09_Metas/21/12/20190921122800_00160.jpg,datasets_flow/dataset_cropped/09_Metas/21/12/20190921122800_00160.jpg,datasets_cloudmask/dataset_cropped/09_Metas/21/12/20190921122800_00160.png,478.8,5.3,468.7,25.6,959
9/21/2019 12:29,datasets/dataset_cropped/09_Metas/21/12/20190921122900_00160.jpg,datasets_flow/dataset_cropped/09_Metas/21/12/20190921122900_00160.jpg,datasets_cloudmask/dataset_cropped/09_Metas/21/12/20190921122900_00160.png,528.7,58.6,474.8,25.7,959
9/21/2019 12:30,datasets/dataset_cropped/09_Metas/21/12/20190921123000_00160.jpg,datasets_flow/dataset_cropped/09_Metas/21/12/20190921123000_00160.jpg,datasets_cloudmask/dataset_cropped/09_Metas/21/12/20190921123000_00160.png,659.6,229.9,467.9,25.5,959
9/21/2019 12:31,datasets/dataset_cropped/09_Metas/21/12/20190921123100_00160.jpg,datasets_flow/dataset_cropped/09_Metas/21/12/20190921123100_00160.jpg,datasets_cloudmask/dataset_cropped/09_Metas/21/12/20190921123100_00160.png,596.5,161.9,459.8,25.4,958
9/21/2019 12:32,datasets/dataset_cropped/09_Metas/21/12/20190921123200_00160.jpg,datasets_flow/dataset_cropped/09_Metas/21/12/20190921123200_00160.jpg,datasets_cloudmask/dataset_cropped/09_Metas/21/12/20190921123200_00160.png,847,406.7,517,25.4,958
9/21/2019 12:33,datasets/dataset_cropped/09_Metas/21/12/20190921123300_00160.jpg,datasets_flow/dataset_cropped/09_Metas/21/12/20190921123300_00160.jpg,datasets_cloudmask/dataset_cropped/09_Metas/21/12/20190921123300_00160.png,707,216.5,529.3,25.2,958
9/21/2019 12:34,datasets/dataset_cropped/09_Metas/21/12/20190921123400_00160.jpg,datasets_flow/dataset_cropped/09_Metas/21/12/20190921123400_00160.jpg,datasets_cloudmask/dataset_cropped/09_Metas/21/12/20190921123400_00160.png,916,521.3,495.8,25.2,958
9/21/2019 12:35,datasets/dataset_cropped/09_Metas/21/12/20190921123500_00160.jpg,datasets_flow/dataset_cropped/09_Metas/21/12/20190921123500_00160.jpg,datasets_cloudmask/dataset_cropped/09_Metas/21/12/20190921123500_00160.png,946,602.2,461.4,25.5,958
9/21/2019 12:36,datasets/dataset_cropped/09_Metas/21/12/20190921123600_00160.jpg,datasets_flow/dataset_cropped/09_Metas/21/12/20190921123600_00160.jpg,datasets_cloudmask/dataset_cropped/09_Metas/21/12/20190921123600_00160.png,951,632.9,441.1,25.7,958
9/21/2019 12:37,datasets/dataset_cropped/09_Metas/21/12/20190921123700_00160.jpg,datasets_flow/dataset_cropped/09_Metas/21/12/20190921123700_00160.jpg,datasets_cloudmask/dataset_cropped/09_Metas/21/12/20190921123700_00160.png,911,598.1,427.8,25.6,958
9/21/2019 12:38,datasets/dataset_cropped/09_Metas/21/12/20190921123800_00160.jpg,datasets_flow/dataset_cropped/09_Metas/21/12/20190921123800_00160.jpg,datasets_cloudmask/dataset_cropped/09_Metas/21/12/20190921123800_00160.png,902,591,423.8,25.8,958
9/21/2019 12:39,datasets/dataset_cropped/09_Metas/21/12/20190921123900_00160.jpg,datasets_flow/dataset_cropped/09_Metas/21/12/20190921123900_00160.jpg,datasets_cloudmask/dataset_cropped/09_Metas/21/12/20190921123900_00160.png,847,525.2,420.8,25.6,958
9/21/2019 12:40,datasets/dataset_cropped/09_Metas/21/12/20190921124000_00160.jpg,datasets_flow/dataset_cropped/09_Metas/21/12/20190921124000_00160.jpg,datasets_cloudmask/dataset_cropped/09_Metas/21/12/20190921124000_00160.png,860,536.1,425.1,25.6,958
9/21/2019 12:41,datasets/dataset_cropped/09_Metas/21/12/20190921124100_00160.jpg,datasets_flow/dataset_cropped/09_Metas/21/12/20190921124100_00160.jpg,datasets_cloudmask/dataset_cropped/09_Metas/21/12/20190921124100_00160.png,906,585.4,432.4,25.7,958
9/21/2019 12:42,datasets/dataset_cropped/09_Metas/21/12/20190921124200_00160.jpg,datasets_flow/dataset_cropped/09_Metas/21/12/20190921124200_00160.jpg,datasets_cloudmask/dataset_cropped/09_Metas/21/12/20190921124200_00160.png,883,544.1,441.6,26.1,958
9/21/2019 12:43,datasets/dataset_cropped/09_Metas/21/12/20190921124300_00160.jpg,datasets_flow/dataset_cropped/09_Metas/21/12/20190921124300_00160.jpg,datasets_cloudmask/dataset_cropped/09_Metas/21/12/20190921124300_00160.png,911,564.7,452.8,26.6,958
9/21/2019 12:44,datasets/dataset_cropped/09_Metas/21/12/20190921124400_00160.jpg,datasets_flow/dataset_cropped/09_Metas/21/12/20190921124400_00160.jpg,datasets_cloudmask/dataset_cropped/09_Metas/21/12/20190921124400_00160.png,819,444,456.5,26.6,958
9/21/2019 12:45,datasets/dataset_cropped/09_Metas/21/12/20190921124500_00160.jpg,datasets_flow/dataset_cropped/09_Metas/21/12/20190921124500_00160.jpg,datasets_cloudmask/dataset_cropped/09_Metas/21/12/20190921124500_00160.png,884,508.5,470.8,26.4,958
9/21/2019 12:46,datasets/dataset_cropped/09_Metas/21/12/20190921124600_00160.jpg,datasets_flow/dataset_cropped/09_Metas/21/12/20190921124600_00160.jpg,datasets_cloudmask/dataset_cropped/09_Metas/21/12/20190921124600_00160.png,923,553,474.1,26.6,958
9/21/2019 12:47,datasets/dataset_cropped/09_Metas/21/12/20190921124700_00160.jpg,datasets_flow/dataset_cropped/09_Metas/21/12/20190921124700_00160.jpg,datasets_cloudmask/dataset_cropped/09_Metas/21/12/20190921124700_00160.png,667.2,254.2,456.6,26.5,958
9/21/2019 12:48,datasets/dataset_cropped/09_Metas/21/12/20190921124800_00160.jpg,datasets_flow/dataset_cropped/09_Metas/21/12/20190921124800_00160.jpg,datasets_cloudmask/dataset_cropped/09_Metas/21/12/20190921124800_00160.png,505.9,80.4,436.8,26.4,958
9/21/2019 12:49,datasets/dataset_cropped/09_Metas/21/12/20190921124900_00160.jpg,datasets_flow/dataset_cropped/09_Metas/21/12/20190921124900_00160.jpg,datasets_cloudmask/dataset_cropped/09_Metas/21/12/20190921124900_00160.png,453,18.6,433.3,26.2,958
9/21/2019 12:50,datasets/dataset_cropped/09_Metas/21/12/20190921125000_00160.jpg,datasets_flow/dataset_cropped/09_Metas/21/12/20190921125000_00160.jpg,datasets_cloudmask/dataset_cropped/09_Metas/21/12/20190921125000_00160.png,447.4,10.6,433.1,25.9,958
9/21/2019 12:51,datasets/dataset_cropped/09_Metas/21/12/20190921125100_00160.jpg,datasets_flow/dataset_cropped/09_Metas/21/12/20190921125100_00160.jpg,datasets_cloudmask/dataset_cropped/09_Metas/21/12/20190921125100_00160.png,491.4,50.2,443.9,26,958
9/21/2019 12:52,datasets/dataset_cropped/09_Metas/21/12/20190921125200_00160.jpg,datasets_flow/dataset_cropped/09_Metas/21/12/20190921125200_00160.jpg,datasets_cloudmask/dataset_cropped/09_Metas/21/12/20190921125200_00160.png,473,34.3,438.7,25.8,958
9/21/2019 12:53,datasets/dataset_cropped/09_Metas/21/12/20190921125300_00160.jpg,datasets_flow/dataset_cropped/09_Metas/21/12/20190921125300_00160.jpg,datasets_cloudmask/dataset_cropped/09_Metas/21/12/20190921125300_00160.png,481.4,51.1,432.5,25.8,958
9/21/2019 12:54,datasets/dataset_cropped/09_Metas/21/12/20190921125400_00160.jpg,datasets_flow/dataset_cropped/09_Metas/21/12/20190921125400_00160.jpg,datasets_cloudmask/dataset_cropped/09_Metas/21/12/20190921125400_00160.png,724.6,326.4,453.5,25.8,958
9/21/2019 12:55,datasets/dataset_cropped/09_Metas/21/12/20190921125500_00160.jpg,datasets_flow/dataset_cropped/09_Metas/21/12/20190921125500_00160.jpg,datasets_cloudmask/dataset_cropped/09_Metas/21/12/20190921125500_00160.png,923,588.3,444.6,25.7,958
9/21/2019 12:56,datasets/dataset_cropped/09_Metas/21/12/20190921125600_00160.jpg,datasets_flow/dataset_cropped/09_Metas/21/12/20190921125600_00160.jpg,datasets_cloudmask/dataset_cropped/09_Metas/21/12/20190921125600_00160.png,929,594.3,446.2,25.7,958
9/21/2019 12:57,datasets/dataset_cropped/09_Metas/21/12/20190921125700_00160.jpg,datasets_flow/dataset_cropped/09_Metas/21/12/20190921125700_00160.jpg,datasets_cloudmask/dataset_cropped/09_Metas/21/12/20190921125700_00160.png,935,591.2,454.8,25.9,958
9/21/2019 12:58,datasets/dataset_cropped/09_Metas/21/12/20190921125800_00160.jpg,datasets_flow/dataset_cropped/09_Metas/21/12/20190921125800_00160.jpg,datasets_cloudmask/dataset_cropped/09_Metas/21/12/20190921125800_00160.png,939,580.9,467.2,26.1,958
9/21/2019 12:59,datasets/dataset_cropped/09_Metas/21/12/20190921125900_00160.jpg,datasets_flow/dataset_cropped/09_Metas/21/12/20190921125900_00160.jpg,datasets_cloudmask/dataset_cropped/09_Metas/21/12/20190921125900_00160.png,954,581.5,481.5,26.2,958
9/21/2019 13:00,datasets/dataset_cropped/09_Metas/21/13/20190921130000_00160.jpg,datasets_flow/dataset_cropped/09_Metas/21/13/20190921130000_00160.jpg,datasets_cloudmask/dataset_cropped/09_Metas/21/13/20190921130000_00160.png,933,536.2,497.3,25.9,958
9/21/2019 13:01,datasets/dataset_cropped/09_Metas/21/13/20190921130100_00160.jpg,datasets_flow/dataset_cropped/09_Metas/21/13/20190921130100_00160.jpg,datasets_cloudmask/dataset_cropped/09_Metas/21/13/20190921130100_00160.png,926,503.6,515.1,26.3,958
9/21/2019 13:02,datasets/dataset_cropped/09_Metas/21/13/20190921130200_00160.jpg,datasets_flow/dataset_cropped/09_Metas/21/13/20190921130200_00160.jpg,datasets_cloudmask/dataset_cropped/09_Metas/21/13/20190921130200_00160.png,1012,595.9,527.8,26.2,958
9/21/2019 13:03,datasets/dataset_cropped/09_Metas/21/13/20190921130300_00160.jpg,datasets_flow/dataset_cropped/09_Metas/21/13/20190921130300_00160.jpg,datasets_cloudmask/dataset_cropped/09_Metas/21/13/20190921130300_00160.png,941,486,544.2,26.2,958
9/21/2019 13:04,datasets/dataset_cropped/09_Metas/21/13/20190921130400_00160.jpg,datasets_flow/dataset_cropped/09_Metas/21/13/20190921130400_00160.jpg,datasets_cloudmask/dataset_cropped/09_Metas/21/13/20190921130400_00160.png,790.9,304.1,541.7,26.1,958
9/21/2019 13:05,datasets/dataset_cropped/09_Metas/21/13/20190921130500_00160.jpg,datasets_flow/dataset_cropped/09_Metas/21/13/20190921130500_00160.jpg,datasets_cloudmask/dataset_cropped/09_Metas/21/13/20190921130500_00160.png,564.6,62.8,509.3,26.2,958
9/21/2019 13:06,datasets/dataset_cropped/09_Metas/21/13/20190921130600_00160.jpg,datasets_flow/dataset_cropped/09_Metas/21/13/20190921130600_00160.jpg,datasets_cloudmask/dataset_cropped/09_Metas/21/13/20190921130600_00160.png,533.9,52.6,486.4,26.2,958
9/21/2019 13:07,datasets/dataset_cropped/09_Metas/21/13/20190921130700_00160.jpg,datasets_flow/dataset_cropped/09_Metas/21/13/20190921130700_00160.jpg,datasets_cloudmask/dataset_cropped/09_Metas/21/13/20190921130700_00160.png,501.4,30.5,471.1,26.1,958
9/21/2019 13:08,datasets/dataset_cropped/09_Metas/21/13/20190921130800_00160.jpg,datasets_flow/dataset_cropped/09_Metas/21/13/20190921130800_00160.jpg,datasets_cloudmask/dataset_cropped/09_Metas/21/13/20190921130800_00160.png,508.4,44.9,465.8,26.2,958
9/21/2019 13:09,datasets/dataset_cropped/09_Metas/21/13/20190921130900_00160.jpg,datasets_flow/dataset_cropped/09_Metas/21/13/20190921130900_00160.jpg,datasets_cloudmask/dataset_cropped/09_Metas/21/13/20190921130900_00160.png,469.9,19.4,448.6,25.9,958
9/21/2019 13:10,datasets/dataset_cropped/09_Metas/21/13/20190921131000_00160.jpg,datasets_flow/dataset_cropped/09_Metas/21/13/20190921131000_00160.jpg,datasets_cloudmask/dataset_cropped/09_Metas/21/13/20190921131000_00160.png,450.6,6.4,440.7,25.8,958
9/21/2019 13:11,datasets/dataset_cropped/09_Metas/21/13/20190921131100_00160.jpg,datasets_flow/dataset_cropped/09_Metas/21/13/20190921131100_00160.jpg,datasets_cloudmask/dataset_cropped/09_Metas/21/13/20190921131100_00160.png,540.2,82.5,467.1,25.9,958
9/21/2019 13:12,datasets/dataset_cropped/09_Metas/21/13/20190921131200_00160.jpg,datasets_flow/dataset_cropped/09_Metas/21/13/20190921131200_00160.jpg,datasets_cloudmask/dataset_cropped/09_Metas/21/13/20190921131200_00160.png,648.8,191.2,487.9,25.8,958
9/21/2019 13:13,datasets/dataset_cropped/09_Metas/21/13/20190921131300_00160.jpg,datasets_flow/dataset_cropped/09_Metas/21/13/20190921131300_00160.jpg,datasets_cloudmask/dataset_cropped/09_Metas/21/13/20190921131300_00160.png,661.3,211,483.9,25.8,958
9/21/2019 13:14,datasets/dataset_cropped/09_Metas/21/13/20190921131400_00160.jpg,datasets_flow/dataset_cropped/09_Metas/21/13/20190921131400_00160.jpg,datasets_cloudmask/dataset_cropped/09_Metas/21/13/20190921131400_00160.png,906,530.7,472.7,25.9,958
9/21/2019 13:15,datasets/dataset_cropped/09_Metas/21/13/20190921131500_00160.jpg,datasets_flow/dataset_cropped/09_Metas/21/13/20190921131500_00160.jpg,datasets_cloudmask/dataset_cropped/09_Metas/21/13/20190921131500_00160.png,900,553.9,449,26.1,958
9/21/2019 13:16,datasets/dataset_cropped/09_Metas/21/13/20190921131600_00160.jpg,datasets_flow/dataset_cropped/09_Metas/21/13/20190921131600_00160.jpg,datasets_cloudmask/dataset_cropped/09_Metas/21/13/20190921131600_00160.png,880,548.1,433.9,26.1,958
9/21/2019 13:17,datasets/dataset_cropped/09_Metas/21/13/20190921131700_00160.jpg,datasets_flow/dataset_cropped/09_Metas/21/13/20190921131700_00160.jpg,datasets_cloudmask/dataset_cropped/09_Metas/21/13/20190921131700_00160.png,867,540.4,427.8,26,958
9/21/2019 13:18,datasets/dataset_cropped/09_Metas/21/13/20190921131800_00160.jpg,datasets_flow/dataset_cropped/09_Metas/21/13/20190921131800_00160.jpg,datasets_cloudmask/dataset_cropped/09_Metas/21/13/20190921131800_00160.png,814,485.4,419.9,26.2,958
9/21/2019 13:19,datasets/dataset_cropped/09_Metas/21/13/20190921131900_00160.jpg,datasets_flow/dataset_cropped/09_Metas/21/13/20190921131900_00160.jpg,datasets_cloudmask/dataset_cropped/09_Metas/21/13/20190921131900_00160.png,802,479.5,413.3,26.1,958
9/21/2019 13:20,datasets/dataset_cropped/09_Metas/21/13/20190921132000_00160.jpg,datasets_flow/dataset_cropped/09_Metas/21/13/20190921132000_00160.jpg,datasets_cloudmask/dataset_cropped/09_Metas/21/13/20190921132000_00160.png,771.7,447.9,406.9,25.9,958
9/21/2019 13:21,datasets/dataset_cropped/09_Metas/21/13/20190921132100_00160.jpg,datasets_flow/dataset_cropped/09_Metas/21/13/20190921132100_00160.jpg,datasets_cloudmask/dataset_cropped/09_Metas/21/13/20190921132100_00160.png,750.8,426.5,405.2,26.2,958
9/21/2019 13:22,datasets/dataset_cropped/09_Metas/21/13/20190921132200_00160.jpg,datasets_flow/dataset_cropped/09_Metas/21/13/20190921132200_00160.jpg,datasets_cloudmask/dataset_cropped/09_Metas/21/13/20190921132200_00160.png,781.2,466,402.6,26.7,958
9/21/2019 13:23,datasets/dataset_cropped/09_Metas/21/13/20190921132300_00160.jpg,datasets_flow/dataset_cropped/09_Metas/21/13/20190921132300_00160.jpg,datasets_cloudmask/dataset_cropped/09_Metas/21/13/20190921132300_00160.png,776.3,465.3,398.1,26.6,958
9/21/2019 13:24,datasets/dataset_cropped/09_Metas/21/13/20190921132400_00160.jpg,datasets_flow/dataset_cropped/09_Metas/21/13/20190921132400_00160.jpg,datasets_cloudmask/dataset_cropped/09_Metas/21/13/20190921132400_00160.png,793.9,491.2,395.3,26.4,958
9/21/2019 13:25,datasets/dataset_cropped/09_Metas/21/13/20190921132500_00160.jpg,datasets_flow/dataset_cropped/09_Metas/21/13/20190921132500_00160.jpg,datasets_cloudmask/dataset_cropped/09_Metas/21/13/20190921132500_00160.png,785,481.6,394.2,26.1,958
9/21/2019 13:26,datasets/dataset_cropped/09_Metas/21/13/20190921132600_00160.jpg,datasets_flow/dataset_cropped/09_Metas/21/13/20190921132600_00160.jpg,datasets_cloudmask/dataset_cropped/09_Metas/21/13/20190921132600_00160.png,775.8,468.8,395.1,26.2,958
9/21/2019 13:27,datasets/dataset_cropped/09_Metas/21/13/20190921132700_00160.jpg,datasets_flow/dataset_cropped/09_Metas/21/13/20190921132700_00160.jpg,datasets_cloudmask/dataset_cropped/09_Metas/21/13/20190921132700_00160.png,743.9,426.9,396.1,26.3,958
9/21/2019 13:28,datasets/dataset_cropped/09_Metas/21/13/20190921132800_00160.jpg,datasets_flow/dataset_cropped/09_Metas/21/13/20190921132800_00160.jpg,datasets_cloudmask/dataset_cropped/09_Metas/21/13/20190921132800_00160.png,712.8,386.1,397.8,26.3,958
9/21/2019 13:29,datasets/dataset_cropped/09_Metas/21/13/20190921132900_00160.jpg,datasets_flow/dataset_cropped/09_Metas/21/13/20190921132900_00160.jpg,datasets_cloudmask/dataset_cropped/09_Metas/21/13/20190921132900_00160.png,659,318.1,399.3,26.3,958
9/21/2019 13:30,datasets/dataset_cropped/09_Metas/21/13/20190921133000_00160.jpg,datasets_flow/dataset_cropped/09_Metas/21/13/20190921133000_00160.jpg,datasets_cloudmask/dataset_cropped/09_Metas/21/13/20190921133000_00160.png,600.8,244.8,399.6,26.3,958
9/21/2019 13:31,datasets/dataset_cropped/09_Metas/21/13/20190921133100_00160.jpg,datasets_flow/dataset_cropped/09_Metas/21/13/20190921133100_00160.jpg,datasets_cloudmask/dataset_cropped/09_Metas/21/13/20190921133100_00160.png,577.5,215.2,399.9,26.1,958
9/21/2019 13:32,datasets/dataset_cropped/09_Metas/21/13/20190921133200_00160.jpg,datasets_flow/dataset_cropped/09_Metas/21/13/20190921133200_00160.jpg,datasets_cloudmask/dataset_cropped/09_Metas/21/13/20190921133200_00160.png,561.3,196.7,398.9,25.8,958
9/21/2019 13:33,datasets/dataset_cropped/09_Metas/21/13/20190921133300_00160.jpg,datasets_flow/dataset_cropped/09_Metas/21/13/20190921133300_00160.jpg,datasets_cloudmask/dataset_cropped/09_Metas/21/13/20190921133300_00160.png,538,167.3,399.3,25.7,958
9/21/2019 13:34,datasets/dataset_cropped/09_Metas/21/13/20190921133400_00160.jpg,datasets_flow/dataset_cropped/09_Metas/21/13/20190921133400_00160.jpg,datasets_cloudmask/dataset_cropped/09_Metas/21/13/20190921133400_00160.png,531,155.3,402.2,25.9,958
9/21/2019 13:35,datasets/dataset_cropped/09_Metas/21/13/20190921133500_00160.jpg,datasets_flow/dataset_cropped/09_Metas/21/13/20190921133500_00160.jpg,datasets_cloudmask/dataset_cropped/09_Metas/21/13/20190921133500_00160.png,498.7,113.8,403.3,26.2,958
9/21/2019 13:36,datasets/dataset_cropped/09_Metas/21/13/20190921133600_00160.jpg,datasets_flow/dataset_cropped/09_Metas/21/13/20190921133600_00160.jpg,datasets_cloudmask/dataset_cropped/09_Metas/21/13/20190921133600_00160.png,510.4,122.6,407.8,26.2,958
9/21/2019 13:37,datasets/dataset_cropped/09_Metas/21/13/20190921133700_00160.jpg,datasets_flow/dataset_cropped/09_Metas/21/13/20190921133700_00160.jpg,datasets_cloudmask/dataset_cropped/09_Metas/21/13/20190921133700_00160.png,519.5,128.7,412.1,26,958
9/21/2019 13:38,datasets/dataset_cropped/09_Metas/21/13/20190921133800_00160.jpg,datasets_flow/dataset_cropped/09_Metas/21/13/20190921133800_00160.jpg,datasets_cloudmask/dataset_cropped/09_Metas/21/13/20190921133800_00160.png,482.1,84,410.7,25.9,958
9/21/2019 13:39,datasets/dataset_cropped/09_Metas/21/13/20190921133900_00160.jpg,datasets_flow/dataset_cropped/09_Metas/21/13/20190921133900_00160.jpg,datasets_cloudmask/dataset_cropped/09_Metas/21/13/20190921133900_00160.png,456.4,53.4,409.1,25.8,958
9/21/2019 13:40,datasets/dataset_cropped/09_Metas/21/13/20190921134000_00160.jpg,datasets_flow/dataset_cropped/09_Metas/21/13/20190921134000_00160.jpg,datasets_cloudmask/dataset_cropped/09_Metas/21/13/20190921134000_00160.png,457.7,54.3,410,25.8,958
9/21/2019 13:41,datasets/dataset_cropped/09_Metas/21/13/20190921134100_00160.jpg,datasets_flow/dataset_cropped/09_Metas/21/13/20190921134100_00160.jpg,datasets_cloudmask/dataset_cropped/09_Metas/21/13/20190921134100_00160.png,454.4,49.4,411.2,25.9,958
9/21/2019 13:42,datasets/dataset_cropped/09_Metas/21/13/20190921134200_00160.jpg,datasets_flow/dataset_cropped/09_Metas/21/13/20190921134200_00160.jpg,datasets_cloudmask/dataset_cropped/09_Metas/21/13/20190921134200_00160.png,456.9,51.6,412.8,25.9,958
9/21/2019 13:43,datasets/dataset_cropped/09_Metas/21/13/20190921134300_00160.jpg,datasets_flow/dataset_cropped/09_Metas/21/13/20190921134300_00160.jpg,datasets_cloudmask/dataset_cropped/09_Metas/21/13/20190921134300_00160.png,461.7,56.9,413.8,25.7,958
9/21/2019 13:44,datasets/dataset_cropped/09_Metas/21/13/20190921134400_00160.jpg,datasets_flow/dataset_cropped/09_Metas/21/13/20190921134400_00160.jpg,datasets_cloudmask/dataset_cropped/09_Metas/21/13/20190921134400_00160.png,454,51.4,410.4,25.7,958
9/21/2019 13:45,datasets/dataset_cropped/09_Metas/21/13/20190921134500_00160.jpg,datasets_flow/dataset_cropped/09_Metas/21/13/20190921134500_00160.jpg,datasets_cloudmask/dataset_cropped/09_Metas/21/13/20190921134500_00160.png,429.9,29.8,403,25.8,958
9/21/2019 13:46,datasets/dataset_cropped/09_Metas/21/13/20190921134600_00160.jpg,datasets_flow/dataset_cropped/09_Metas/21/13/20190921134600_00160.jpg,datasets_cloudmask/dataset_cropped/09_Metas/21/13/20190921134600_00160.png,412.3,16.3,396,25.7,958
9/21/2019 13:47,datasets/dataset_cropped/09_Metas/21/13/20190921134700_00160.jpg,datasets_flow/dataset_cropped/09_Metas/21/13/20190921134700_00160.jpg,datasets_cloudmask/dataset_cropped/09_Metas/21/13/20190921134700_00160.png,402,10.6,390.4,25.8,958
9/21/2019 13:48,datasets/dataset_cropped/09_Metas/21/13/20190921134800_00160.jpg,datasets_flow/dataset_cropped/09_Metas/21/13/20190921134800_00160.jpg,datasets_cloudmask/dataset_cropped/09_Metas/21/13/20190921134800_00160.png,396,7.4,386.8,25.8,958
9/21/2019 13:49,datasets/dataset_cropped/09_Metas/21/13/20190921134900_00160.jpg,datasets_flow/dataset_cropped/09_Metas/21/13/20190921134900_00160.jpg,datasets_cloudmask/dataset_cropped/09_Metas/21/13/20190921134900_00160.png,395.3,9.1,384.8,25.8,957
9/21/2019 13:50,datasets/dataset_cropped/09_Metas/21/13/20190921135000_00160.jpg,datasets_flow/dataset_cropped/09_Metas/21/13/20190921135000_00160.jpg,datasets_cloudmask/dataset_cropped/09_Metas/21/13/20190921135000_00160.png,394.4,9.6,383.7,25.7,958
9/21/2019 13:51,datasets/dataset_cropped/09_Metas/21/13/20190921135100_00160.jpg,datasets_flow/dataset_cropped/09_Metas/21/13/20190921135100_00160.jpg,datasets_cloudmask/dataset_cropped/09_Metas/21/13/20190921135100_00160.png,393.7,8,384.1,25.8,957
9/21/2019 13:52,datasets/dataset_cropped/09_Metas/21/13/20190921135200_00160.jpg,datasets_flow/dataset_cropped/09_Metas/21/13/20190921135200_00160.jpg,datasets_cloudmask/dataset_cropped/09_Metas/21/13/20190921135200_00160.png,395.7,7.7,386.2,25.7,957
9/21/2019 13:53,datasets/dataset_cropped/09_Metas/21/13/20190921135300_00160.jpg,datasets_flow/dataset_cropped/09_Metas/21/13/20190921135300_00160.jpg,datasets_cloudmask/dataset_cropped/09_Metas/21/13/20190921135300_00160.png,401.3,10.2,389.5,25.8,957
9/21/2019 13:54,datasets/dataset_cropped/09_Metas/21/13/20190921135400_00160.jpg,datasets_flow/dataset_cropped/09_Metas/21/13/20190921135400_00160.jpg,datasets_cloudmask/dataset_cropped/09_Metas/21/13/20190921135400_00160.png,416.8,25.8,392.8,25.8,957
9/21/2019 13:55,datasets/dataset_cropped/09_Metas/21/13/20190921135500_00160.jpg,datasets_flow/dataset_cropped/09_Metas/21/13/20190921135500_00160.jpg,datasets_cloudmask/dataset_cropped/09_Metas/21/13/20190921135500_00160.png,409.8,16,394.2,25.8,957
9/21/2019 13:56,datasets/dataset_cropped/09_Metas/21/13/20190921135600_00160.jpg,datasets_flow/dataset_cropped/09_Metas/21/13/20190921135600_00160.jpg,datasets_cloudmask/dataset_cropped/09_Metas/21/13/20190921135600_00160.png,403.8,7.8,395,25.8,957
9/21/2019 13:57,datasets/dataset_cropped/09_Metas/21/13/20190921135700_00160.jpg,datasets_flow/dataset_cropped/09_Metas/21/13/20190921135700_00160.jpg,datasets_cloudmask/dataset_cropped/09_Metas/21/13/20190921135700_00160.png,404.8,5.5,397.8,25.7,957
9/21/2019 13:58,datasets/dataset_cropped/09_Metas/21/13/20190921135800_00160.jpg,datasets_flow/dataset_cropped/09_Metas/21/13/20190921135800_00160.jpg,datasets_cloudmask/dataset_cropped/09_Metas/21/13/20190921135800_00160.png,432,29.7,405.7,25.6,957
9/21/2019 13:59,datasets/dataset_cropped/09_Metas/21/13/20190921135900_00160.jpg,datasets_flow/dataset_cropped/09_Metas/21/13/20190921135900_00160.jpg,datasets_cloudmask/dataset_cropped/09_Metas/21/13/20190921135900_00160.png,485.4,82.1,417.9,25.6,957
9/21/2019 14:00,datasets/dataset_cropped/09_Metas/21/14/20190921140000_00160.jpg,datasets_flow/dataset_cropped/09_Metas/21/14/20190921140000_00160.jpg,datasets_cloudmask/dataset_cropped/09_Metas/21/14/20190921140000_00160.png,510.4,103.9,426.1,25.7,957
9/21/2019 14:01,datasets/dataset_cropped/09_Metas/21/14/20190921140100_00160.jpg,datasets_flow/dataset_cropped/09_Metas/21/14/20190921140100_00160.jpg,datasets_cloudmask/dataset_cropped/09_Metas/21/14/20190921140100_00160.png,515.2,106.8,428.9,25.9,957
9/21/2019 14:02,datasets/dataset_cropped/09_Metas/21/14/20190921140200_00160.jpg,datasets_flow/dataset_cropped/09_Metas/21/14/20190921140200_00160.jpg,datasets_cloudmask/dataset_cropped/09_Metas/21/14/20190921140200_00160.png,518.3,109.7,430.1,25.7,957
9/21/2019 14:03,datasets/dataset_cropped/09_Metas/21/14/20190921140300_00160.jpg,datasets_flow/dataset_cropped/09_Metas/21/14/20190921140300_00160.jpg,datasets_cloudmask/dataset_cropped/09_Metas/21/14/20190921140300_00160.png,519.1,111.8,429.7,25.6,957
9/21/2019 14:04,datasets/dataset_cropped/09_Metas/21/14/20190921140400_00160.jpg,datasets_flow/dataset_cropped/09_Metas/21/14/20190921140400_00160.jpg,datasets_cloudmask/dataset_cropped/09_Metas/21/14/20190921140400_00160.png,464,48.3,424.6,25.6,957
9/21/2019 14:05,datasets/dataset_cropped/09_Metas/21/14/20190921140500_00160.jpg,datasets_flow/dataset_cropped/09_Metas/21/14/20190921140500_00160.jpg,datasets_cloudmask/dataset_cropped/09_Metas/21/14/20190921140500_00160.png,426,8.8,418.3,25.7,957
9/21/2019 14:06,datasets/dataset_cropped/09_Metas/21/14/20190921140600_00160.jpg,datasets_flow/dataset_cropped/09_Metas/21/14/20190921140600_00160.jpg,datasets_cloudmask/dataset_cropped/09_Metas/21/14/20190921140600_00160.png,419.2,4.4,414.7,25.8,957
9/21/2019 14:07,datasets/dataset_cropped/09_Metas/21/14/20190921140700_00160.jpg,datasets_flow/dataset_cropped/09_Metas/21/14/20190921140700_00160.jpg,datasets_cloudmask/dataset_cropped/09_Metas/21/14/20190921140700_00160.png,431.8,26.1,410.4,25.6,957
9/21/2019 14:08,datasets/dataset_cropped/09_Metas/21/14/20190921140800_00160.jpg,datasets_flow/dataset_cropped/09_Metas/21/14/20190921140800_00160.jpg,datasets_cloudmask/dataset_cropped/09_Metas/21/14/20190921140800_00160.png,418.2,21.5,400.5,25.7,957
9/21/2019 14:09,datasets/dataset_cropped/09_Metas/21/14/20190921140900_00160.jpg,datasets_flow/dataset_cropped/09_Metas/21/14/20190921140900_00160.jpg,datasets_cloudmask/dataset_cropped/09_Metas/21/14/20190921140900_00160.png,402.5,19.5,386.7,25.7,957
9/21/2019 14:10,datasets/dataset_cropped/09_Metas/21/14/20190921141000_00160.jpg,datasets_flow/dataset_cropped/09_Metas/21/14/20190921141000_00160.jpg,datasets_cloudmask/dataset_cropped/09_Metas/21/14/20190921141000_00160.png,371.4,2.2,369.7,25.7,957
9/21/2019 14:11,datasets/dataset_cropped/09_Metas/21/14/20190921141100_00160.jpg,datasets_flow/dataset_cropped/09_Metas/21/14/20190921141100_00160.jpg,datasets_cloudmask/dataset_cropped/09_Metas/21/14/20190921141100_00160.png,353.8,1,353.2,25.8,957
9/21/2019 14:12,datasets/dataset_cropped/09_Metas/21/14/20190921141200_00160.jpg,datasets_flow/dataset_cropped/09_Metas/21/14/20190921141200_00160.jpg,datasets_cloudmask/dataset_cropped/09_Metas/21/14/20190921141200_00160.png,335.8,0.3,335.6,26,957
9/21/2019 14:13,datasets/dataset_cropped/09_Metas/21/14/20190921141300_00160.jpg,datasets_flow/dataset_cropped/09_Metas/21/14/20190921141300_00160.jpg,datasets_cloudmask/dataset_cropped/09_Metas/21/14/20190921141300_00160.png,316.5,0.3,316.3,26.2,957
9/21/2019 14:14,datasets/dataset_cropped/09_Metas/21/14/20190921141400_00160.jpg,datasets_flow/dataset_cropped/09_Metas/21/14/20190921141400_00160.jpg,datasets_cloudmask/dataset_cropped/09_Metas/21/14/20190921141400_00160.png,297.8,0.2,297.4,26.2,957
9/21/2019 14:15,datasets/dataset_cropped/09_Metas/21/14/20190921141500_00160.jpg,datasets_flow/dataset_cropped/09_Metas/21/14/20190921141500_00160.jpg,datasets_cloudmask/dataset_cropped/09_Metas/21/14/20190921141500_00160.png,281.8,0,281.4,25.9,957
9/21/2019 14:16,datasets/dataset_cropped/09_Metas/21/14/20190921141600_00160.jpg,datasets_flow/dataset_cropped/09_Metas/21/14/20190921141600_00160.jpg,datasets_cloudmask/dataset_cropped/09_Metas/21/14/20190921141600_00160.png,269.2,0,268.7,25.9,957
9/21/2019 14:17,datasets/dataset_cropped/09_Metas/21/14/20190921141700_00160.jpg,datasets_flow/dataset_cropped/09_Metas/21/14/20190921141700_00160.jpg,datasets_cloudmask/dataset_cropped/09_Metas/21/14/20190921141700_00160.png,260.7,0,260.2,25.8,957
9/21/2019 14:18,datasets/dataset_cropped/09_Metas/21/14/20190921141800_00160.jpg,datasets_flow/dataset_cropped/09_Metas/21/14/20190921141800_00160.jpg,datasets_cloudmask/dataset_cropped/09_Metas/21/14/20190921141800_00160.png,255.1,0,254.4,25.7,957
9/21/2019 14:19,datasets/dataset_cropped/09_Metas/21/14/20190921141900_00160.jpg,datasets_flow/dataset_cropped/09_Metas/21/14/20190921141900_00160.jpg,datasets_cloudmask/dataset_cropped/09_Metas/21/14/20190921141900_00160.png,250.9,0,250.1,25.6,957
9/21/2019 14:20,datasets/dataset_cropped/09_Metas/21/14/20190921142000_00160.jpg,datasets_flow/dataset_cropped/09_Metas/21/14/20190921142000_00160.jpg,datasets_cloudmask/dataset_cropped/09_Metas/21/14/20190921142000_00160.png,246.4,0,245.6,25.4,957
9/21/2019 14:21,datasets/dataset_cropped/09_Metas/21/14/20190921142100_00160.jpg,datasets_flow/dataset_cropped/09_Metas/21/14/20190921142100_00160.jpg,datasets_cloudmask/dataset_cropped/09_Metas/21/14/20190921142100_00160.png,241.6,0,240.7,25.3,957
9/21/2019 14:22,datasets/dataset_cropped/09_Metas/21/14/20190921142200_00160.jpg,datasets_flow/dataset_cropped/09_Metas/21/14/20190921142200_00160.jpg,datasets_cloudmask/dataset_cropped/09_Metas/21/14/20190921142200_00160.png,237.4,0,236.2,25.4,957
9/21/2019 14:23,datasets/dataset_cropped/09_Metas/21/14/20190921142300_00160.jpg,datasets_flow/dataset_cropped/09_Metas/21/14/20190921142300_00160.jpg,datasets_cloudmask/dataset_cropped/09_Metas/21/14/20190921142300_00160.png,235.3,0,234,25.6,957
9/21/2019 14:24,datasets/dataset_cropped/09_Metas/21/14/20190921142400_00160.jpg,datasets_flow/dataset_cropped/09_Metas/21/14/20190921142400_00160.jpg,datasets_cloudmask/dataset_cropped/09_Metas/21/14/20190921142400_00160.png,237.4,0,235.8,25.7,957
9/21/2019 14:25,datasets/dataset_cropped/09_Metas/21/14/20190921142500_00160.jpg,datasets_flow/dataset_cropped/09_Metas/21/14/20190921142500_00160.jpg,datasets_cloudmask/dataset_cropped/09_Metas/21/14/20190921142500_00160.png,244.6,0,242.7,25.6,957
9/21/2019 14:26,datasets/dataset_cropped/09_Metas/21/14/20190921142600_00160.jpg,datasets_flow/dataset_cropped/09_Metas/21/14/20190921142600_00160.jpg,datasets_cloudmask/dataset_cropped/09_Metas/21/14/20190921142600_00160.png,256.4,0,254.2,25.4,957
9/21/2019 14:27,datasets/dataset_cropped/09_Metas/21/14/20190921142700_00160.jpg,datasets_flow/dataset_cropped/09_Metas/21/14/20190921142700_00160.jpg,datasets_cloudmask/dataset_cropped/09_Metas/21/14/20190921142700_00160.png,272.2,0,269.7,25.4,957
9/21/2019 14:28,datasets/dataset_cropped/09_Metas/21/14/20190921142800_00160.jpg,datasets_flow/dataset_cropped/09_Metas/21/14/20190921142800_00160.jpg,datasets_cloudmask/dataset_cropped/09_Metas/21/14/20190921142800_00160.png,292.6,0.3,289.7,25.3,957
9/21/2019 14:29,datasets/dataset_cropped/09_Metas/21/14/20190921142900_00160.jpg,datasets_flow/dataset_cropped/09_Metas/21/14/20190921142900_00160.jpg,datasets_cloudmask/dataset_cropped/09_Metas/21/14/20190921142900_00160.png,322.5,4.7,315.8,25.2,957
9/21/2019 14:30,datasets/dataset_cropped/09_Metas/21/14/20190921143000_00160.jpg,datasets_flow/dataset_cropped/09_Metas/21/14/20190921143000_00160.jpg,datasets_cloudmask/dataset_cropped/09_Metas/21/14/20190921143000_00160.png,371.3,29.2,345.6,25.1,957
9/21/2019 14:31,datasets/dataset_cropped/09_Metas/21/14/20190921143100_00160.jpg,datasets_flow/dataset_cropped/09_Metas/21/14/20190921143100_00160.jpg,datasets_cloudmask/dataset_cropped/09_Metas/21/14/20190921143100_00160.png,427.2,69.5,371.4,25.1,957
9/21/2019 14:32,datasets/dataset_cropped/09_Metas/21/14/20190921143200_00160.jpg,datasets_flow/dataset_cropped/09_Metas/21/14/20190921143200_00160.jpg,datasets_cloudmask/dataset_cropped/09_Metas/21/14/20190921143200_00160.png,386,3.6,380.9,25.4,957
9/21/2019 14:33,datasets/dataset_cropped/09_Metas/21/14/20190921143300_00160.jpg,datasets_flow/dataset_cropped/09_Metas/21/14/20190921143300_00160.jpg,datasets_cloudmask/dataset_cropped/09_Metas/21/14/20190921143300_00160.png,388.3,6,381.9,25.6,957
9/21/2019 14:34,datasets/dataset_cropped/09_Metas/21/14/20190921143400_00160.jpg,datasets_flow/dataset_cropped/09_Metas/21/14/20190921143400_00160.jpg,datasets_cloudmask/dataset_cropped/09_Metas/21/14/20190921143400_00160.png,382.4,3,378.2,25.6,957
9/21/2019 14:35,datasets/dataset_cropped/09_Metas/21/14/20190921143500_00160.jpg,datasets_flow/dataset_cropped/09_Metas/21/14/20190921143500_00160.jpg,datasets_cloudmask/dataset_cropped/09_Metas/21/14/20190921143500_00160.png,388.6,8.9,379.3,25.6,957
9/21/2019 14:36,datasets/dataset_cropped/09_Metas/21/14/20190921143600_00160.jpg,datasets_flow/dataset_cropped/09_Metas/21/14/20190921143600_00160.jpg,datasets_cloudmask/dataset_cropped/09_Metas/21/14/20190921143600_00160.png,393.6,11.2,383.3,25.7,957
9/21/2019 14:37,datasets/dataset_cropped/09_Metas/21/14/20190921143700_00160.jpg,datasets_flow/dataset_cropped/09_Metas/21/14/20190921143700_00160.jpg,datasets_cloudmask/dataset_cropped/09_Metas/21/14/20190921143700_00160.png,406,22.8,387.2,25.6,957
9/21/2019 14:38,datasets/dataset_cropped/09_Metas/21/14/20190921143800_00160.jpg,datasets_flow/dataset_cropped/09_Metas/21/14/20190921143800_00160.jpg,datasets_cloudmask/dataset_cropped/09_Metas/21/14/20190921143800_00160.png,403.5,21.5,385.8,25.6,957
9/21/2019 14:39,datasets/dataset_cropped/09_Metas/21/14/20190921143900_00160.jpg,datasets_flow/dataset_cropped/09_Metas/21/14/20190921143900_00160.jpg,datasets_cloudmask/dataset_cropped/09_Metas/21/14/20190921143900_00160.png,386.4,0.7,383.7,25.5,957
9/21/2019 14:40,datasets/dataset_cropped/09_Metas/21/14/20190921144000_00160.jpg,datasets_flow/dataset_cropped/09_Metas/21/14/20190921144000_00160.jpg,datasets_cloudmask/dataset_cropped/09_Metas/21/14/20190921144000_00160.png,387.3,2.1,383.6,25.4,957
9/21/2019 14:41,datasets/dataset_cropped/09_Metas/21/14/20190921144100_00160.jpg,datasets_flow/dataset_cropped/09_Metas/21/14/20190921144100_00160.jpg,datasets_cloudmask/dataset_cropped/09_Metas/21/14/20190921144100_00160.png,395.5,5.7,389.4,25.6,957
9/21/2019 14:42,datasets/dataset_cropped/09_Metas/21/14/20190921144200_00160.jpg,datasets_flow/dataset_cropped/09_Metas/21/14/20190921144200_00160.jpg,datasets_cloudmask/dataset_cropped/09_Metas/21/14/20190921144200_00160.png,417.2,18.6,402,25.7,957
9/21/2019 14:43,datasets/dataset_cropped/09_Metas/21/14/20190921144300_00160.jpg,datasets_flow/dataset_cropped/09_Metas/21/14/20190921144300_00160.jpg,datasets_cloudmask/dataset_cropped/09_Metas/21/14/20190921144300_00160.png,435.1,23.4,415.4,25.7,958
9/21/2019 14:44,datasets/dataset_cropped/09_Metas/21/14/20190921144400_00160.jpg,datasets_flow/dataset_cropped/09_Metas/21/14/20190921144400_00160.jpg,datasets_cloudmask/dataset_cropped/09_Metas/21/14/20190921144400_00160.png,436.1,8.7,427.2,25.6,957
9/21/2019 14:45,datasets/dataset_cropped/09_Metas/21/14/20190921144500_00160.jpg,datasets_flow/dataset_cropped/09_Metas/21/14/20190921144500_00160.jpg,datasets_cloudmask/dataset_cropped/09_Metas/21/14/20190921144500_00160.png,467.5,15.8,453.4,25.4,957
9/21/2019 14:46,datasets/dataset_cropped/09_Metas/21/14/20190921144600_00160.jpg,datasets_flow/dataset_cropped/09_Metas/21/14/20190921144600_00160.jpg,datasets_cloudmask/dataset_cropped/09_Metas/21/14/20190921144600_00160.png,642.8,202.1,492.2,25.4,957
9/21/2019 14:47,datasets/dataset_cropped/09_Metas/21/14/20190921144700_00160.jpg,datasets_flow/dataset_cropped/09_Metas/21/14/20190921144700_00160.jpg,datasets_cloudmask/dataset_cropped/09_Metas/21/14/20190921144700_00160.png,606.2,138.7,502.4,25.6,957
9/21/2019 14:48,datasets/dataset_cropped/09_Metas/21/14/20190921144800_00160.jpg,datasets_flow/dataset_cropped/09_Metas/21/14/20190921144800_00160.jpg,datasets_cloudmask/dataset_cropped/09_Metas/21/14/20190921144800_00160.png,549.1,74.8,491.9,25.7,957
9/21/2019 14:49,datasets/dataset_cropped/09_Metas/21/14/20190921144900_00160.jpg,datasets_flow/dataset_cropped/09_Metas/21/14/20190921144900_00160.jpg,datasets_cloudmask/dataset_cropped/09_Metas/21/14/20190921144900_00160.png,501.5,37.3,472.5,25.8,957
9/21/2019 14:50,datasets/dataset_cropped/09_Metas/21/14/20190921145000_00160.jpg,datasets_flow/dataset_cropped/09_Metas/21/14/20190921145000_00160.jpg,datasets_cloudmask/dataset_cropped/09_Metas/21/14/20190921145000_00160.png,520.4,80.7,460.1,26,957
9/21/2019 14:51,datasets/dataset_cropped/09_Metas/21/14/20190921145100_00160.jpg,datasets_flow/dataset_cropped/09_Metas/21/14/20190921145100_00160.jpg,datasets_cloudmask/dataset_cropped/09_Metas/21/14/20190921145100_00160.png,547.5,127.4,453.4,26,957
9/21/2019 14:52,datasets/dataset_cropped/09_Metas/21/14/20190921145200_00160.jpg,datasets_flow/dataset_cropped/09_Metas/21/14/20190921145200_00160.jpg,datasets_cloudmask/dataset_cropped/09_Metas/21/14/20190921145200_00160.png,590.8,192.4,448.8,26,957
9/21/2019 14:53,datasets/dataset_cropped/09_Metas/21/14/20190921145300_00160.jpg,datasets_flow/dataset_cropped/09_Metas/21/14/20190921145300_00160.jpg,datasets_cloudmask/dataset_cropped/09_Metas/21/14/20190921145300_00160.png,476.7,74.4,421.5,25.7,957
9/21/2019 14:54,datasets/dataset_cropped/09_Metas/21/14/20190921145400_00160.jpg,datasets_flow/dataset_cropped/09_Metas/21/14/20190921145400_00160.jpg,datasets_cloudmask/dataset_cropped/09_Metas/21/14/20190921145400_00160.png,400,5.5,393.4,25.8,957
9/21/2019 14:55,datasets/dataset_cropped/09_Metas/21/14/20190921145500_00160.jpg,datasets_flow/dataset_cropped/09_Metas/21/14/20190921145500_00160.jpg,datasets_cloudmask/dataset_cropped/09_Metas/21/14/20190921145500_00160.png,395.5,17.1,380.6,25.7,957
9/21/2019 14:56,datasets/dataset_cropped/09_Metas/21/14/20190921145600_00160.jpg,datasets_flow/dataset_cropped/09_Metas/21/14/20190921145600_00160.jpg,datasets_cloudmask/dataset_cropped/09_Metas/21/14/20190921145600_00160.png,377.7,3,372.5,25.6,957
9/21/2019 14:57,datasets/dataset_cropped/09_Metas/21/14/20190921145700_00160.jpg,datasets_flow/dataset_cropped/09_Metas/21/14/20190921145700_00160.jpg,datasets_cloudmask/dataset_cropped/09_Metas/21/14/20190921145700_00160.png,423.9,65.6,374.6,25.6,957
9/21/2019 14:58,datasets/dataset_cropped/09_Metas/21/14/20190921145800_00160.jpg,datasets_flow/dataset_cropped/09_Metas/21/14/20190921145800_00160.jpg,datasets_cloudmask/dataset_cropped/09_Metas/21/14/20190921145800_00160.png,382.8,0.5,379.5,25.8,957
9/21/2019 14:59,datasets/dataset_cropped/09_Metas/21/14/20190921145900_00160.jpg,datasets_flow/dataset_cropped/09_Metas/21/14/20190921145900_00160.jpg,datasets_cloudmask/dataset_cropped/09_Metas/21/14/20190921145900_00160.png,415.2,22.9,396,25.7,957
9/21/2019 15:00,datasets/dataset_cropped/09_Metas/21/15/20190921150000_00160.jpg,datasets_flow/dataset_cropped/09_Metas/21/15/20190921150000_00160.jpg,datasets_cloudmask/dataset_cropped/09_Metas/21/15/20190921150000_00160.png,476.6,86.6,411.9,25.6,957
9/21/2019 15:01,datasets/dataset_cropped/09_Metas/21/15/20190921150100_00160.jpg,datasets_flow/dataset_cropped/09_Metas/21/15/20190921150100_00160.jpg,datasets_cloudmask/dataset_cropped/09_Metas/21/15/20190921150100_00160.png,570.7,218.6,413.6,25.4,957
9/21/2019 15:02,datasets/dataset_cropped/09_Metas/21/15/20190921150200_00160.jpg,datasets_flow/dataset_cropped/09_Metas/21/15/20190921150200_00160.jpg,datasets_cloudmask/dataset_cropped/09_Metas/21/15/20190921150200_00160.png,660,360.1,404.2,25.4,957
9/21/2019 15:03,datasets/dataset_cropped/09_Metas/21/15/20190921150300_00160.jpg,datasets_flow/dataset_cropped/09_Metas/21/15/20190921150300_00160.jpg,datasets_cloudmask/dataset_cropped/09_Metas/21/15/20190921150300_00160.png,563.1,249.1,386.2,25.5,957
9/21/2019 15:04,datasets/dataset_cropped/09_Metas/21/15/20190921150400_00160.jpg,datasets_flow/dataset_cropped/09_Metas/21/15/20190921150400_00160.jpg,datasets_cloudmask/dataset_cropped/09_Metas/21/15/20190921150400_00160.png,566.3,267,377.9,25.6,957
9/21/2019 15:05,datasets/dataset_cropped/09_Metas/21/15/20190921150500_00160.jpg,datasets_flow/dataset_cropped/09_Metas/21/15/20190921150500_00160.jpg,datasets_cloudmask/dataset_cropped/09_Metas/21/15/20190921150500_00160.png,452.4,124.9,362.7,25.7,957
9/21/2019 15:06,datasets/dataset_cropped/09_Metas/21/15/20190921150600_00160.jpg,datasets_flow/dataset_cropped/09_Metas/21/15/20190921150600_00160.jpg,datasets_cloudmask/dataset_cropped/09_Metas/21/15/20190921150600_00160.png,410,80.9,351.9,25.9,957
9/21/2019 15:07,datasets/dataset_cropped/09_Metas/21/15/20190921150700_00160.jpg,datasets_flow/dataset_cropped/09_Metas/21/15/20190921150700_00160.jpg,datasets_cloudmask/dataset_cropped/09_Metas/21/15/20190921150700_00160.png,423,105.8,346.2,26.1,957
9/21/2019 15:08,datasets/dataset_cropped/09_Metas/21/15/20190921150800_00160.jpg,datasets_flow/dataset_cropped/09_Metas/21/15/20190921150800_00160.jpg,datasets_cloudmask/dataset_cropped/09_Metas/21/15/20190921150800_00160.png,474.3,174.6,349.3,25.8,957
9/21/2019 15:09,datasets/dataset_cropped/09_Metas/21/15/20190921150900_00160.jpg,datasets_flow/dataset_cropped/09_Metas/21/15/20190921150900_00160.jpg,datasets_cloudmask/dataset_cropped/09_Metas/21/15/20190921150900_00160.png,608.6,360.7,356.6,25.6,957
9/21/2019 15:10,datasets/dataset_cropped/09_Metas/21/15/20190921151000_00160.jpg,datasets_flow/dataset_cropped/09_Metas/21/15/20190921151000_00160.jpg,datasets_cloudmask/dataset_cropped/09_Metas/21/15/20190921151000_00160.png,582.5,331.3,351.8,25.7,957
9/21/2019 15:11,datasets/dataset_cropped/09_Metas/21/15/20190921151100_00160.jpg,datasets_flow/dataset_cropped/09_Metas/21/15/20190921151100_00160.jpg,datasets_cloudmask/dataset_cropped/09_Metas/21/15/20190921151100_00160.png,592.3,350.7,348.9,25.8,957
9/21/2019 15:12,datasets/dataset_cropped/09_Metas/21/15/20190921151200_00160.jpg,datasets_flow/dataset_cropped/09_Metas/21/15/20190921151200_00160.jpg,datasets_cloudmask/dataset_cropped/09_Metas/21/15/20190921151200_00160.png,509,244,339,25.8,957
9/21/2019 15:13,datasets/dataset_cropped/09_Metas/21/15/20190921151300_00160.jpg,datasets_flow/dataset_cropped/09_Metas/21/15/20190921151300_00160.jpg,datasets_cloudmask/dataset_cropped/09_Metas/21/15/20190921151300_00160.png,484.2,218.7,331.9,25.6,957
9/21/2019 15:14,datasets/dataset_cropped/09_Metas/21/15/20190921151400_00160.jpg,datasets_flow/dataset_cropped/09_Metas/21/15/20190921151400_00160.jpg,datasets_cloudmask/dataset_cropped/09_Metas/21/15/20190921151400_00160.png,470.6,203.8,329,25.6,957
9/21/2019 15:15,datasets/dataset_cropped/09_Metas/21/15/20190921151500_00160.jpg,datasets_flow/dataset_cropped/09_Metas/21/15/20190921151500_00160.jpg,datasets_cloudmask/dataset_cropped/09_Metas/21/15/20190921151500_00160.png,423.4,143.6,323.2,25.8,957
9/21/2019 15:16,datasets/dataset_cropped/09_Metas/21/15/20190921151600_00160.jpg,datasets_flow/dataset_cropped/09_Metas/21/15/20190921151600_00160.jpg,datasets_cloudmask/dataset_cropped/09_Metas/21/15/20190921151600_00160.png,386.9,97.1,318.4,26,957
9/21/2019 15:17,datasets/dataset_cropped/09_Metas/21/15/20190921151700_00160.jpg,datasets_flow/dataset_cropped/09_Metas/21/15/20190921151700_00160.jpg,datasets_cloudmask/dataset_cropped/09_Metas/21/15/20190921151700_00160.png,378.5,85.7,317.9,25.8,957
9/21/2019 15:18,datasets/dataset_cropped/09_Metas/21/15/20190921151800_00160.jpg,datasets_flow/dataset_cropped/09_Metas/21/15/20190921151800_00160.jpg,datasets_cloudmask/dataset_cropped/09_Metas/21/15/20190921151800_00160.png,382.1,89.8,319.1,25.6,957
9/21/2019 15:19,datasets/dataset_cropped/09_Metas/21/15/20190921151900_00160.jpg,datasets_flow/dataset_cropped/09_Metas/21/15/20190921151900_00160.jpg,datasets_cloudmask/dataset_cropped/09_Metas/21/15/20190921151900_00160.png,344.1,43,313.6,25.4,957
9/21/2019 15:20,datasets/dataset_cropped/09_Metas/21/15/20190921152000_00160.jpg,datasets_flow/dataset_cropped/09_Metas/21/15/20190921152000_00160.jpg,datasets_cloudmask/dataset_cropped/09_Metas/21/15/20190921152000_00160.png,346.2,47,313.3,25.2,957
9/21/2019 15:21,datasets/dataset_cropped/09_Metas/21/15/20190921152100_00160.jpg,datasets_flow/dataset_cropped/09_Metas/21/15/20190921152100_00160.jpg,datasets_cloudmask/dataset_cropped/09_Metas/21/15/20190921152100_00160.png,319.9,6.2,314.8,25.1,957
9/21/2019 15:22,datasets/dataset_cropped/09_Metas/21/15/20190921152200_00160.jpg,datasets_flow/dataset_cropped/09_Metas/21/15/20190921152200_00160.jpg,datasets_cloudmask/dataset_cropped/09_Metas/21/15/20190921152200_00160.png,319.9,3.8,316.2,25.1,957
9/21/2019 15:23,datasets/dataset_cropped/09_Metas/21/15/20190921152300_00160.jpg,datasets_flow/dataset_cropped/09_Metas/21/15/20190921152300_00160.jpg,datasets_cloudmask/dataset_cropped/09_Metas/21/15/20190921152300_00160.png,329.1,6.4,323.5,25.2,957
9/21/2019 15:24,datasets/dataset_cropped/09_Metas/21/15/20190921152400_00160.jpg,datasets_flow/dataset_cropped/09_Metas/21/15/20190921152400_00160.jpg,datasets_cloudmask/dataset_cropped/09_Metas/21/15/20190921152400_00160.png,347.2,25.6,328.8,25,957
9/21/2019 15:25,datasets/dataset_cropped/09_Metas/21/15/20190921152500_00160.jpg,datasets_flow/dataset_cropped/09_Metas/21/15/20190921152500_00160.jpg,datasets_cloudmask/dataset_cropped/09_Metas/21/15/20190921152500_00160.png,327.4,4.3,324.1,24.8,957
9/21/2019 15:26,datasets/dataset_cropped/09_Metas/21/15/20190921152600_00160.jpg,datasets_flow/dataset_cropped/09_Metas/21/15/20190921152600_00160.jpg,datasets_cloudmask/dataset_cropped/09_Metas/21/15/20190921152600_00160.png,319.7,2.7,317.4,24.8,957
9/21/2019 15:27,datasets/dataset_cropped/09_Metas/21/15/20190921152700_00160.jpg,datasets_flow/dataset_cropped/09_Metas/21/15/20190921152700_00160.jpg,datasets_cloudmask/dataset_cropped/09_Metas/21/15/20190921152700_00160.png,316.9,1.4,315.6,25,957
9/21/2019 15:28,datasets/dataset_cropped/09_Metas/21/15/20190921152800_00160.jpg,datasets_flow/dataset_cropped/09_Metas/21/15/20190921152800_00160.jpg,datasets_cloudmask/dataset_cropped/09_Metas/21/15/20190921152800_00160.png,312.7,1,311.8,25.1,957
9/21/2019 15:29,datasets/dataset_cropped/09_Metas/21/15/20190921152900_00160.jpg,datasets_flow/dataset_cropped/09_Metas/21/15/20190921152900_00160.jpg,datasets_cloudmask/dataset_cropped/09_Metas/21/15/20190921152900_00160.png,304.3,1.7,302.7,25.2,957
9/21/2019 15:30,datasets/dataset_cropped/09_Metas/21/15/20190921153000_00160.jpg,datasets_flow/dataset_cropped/09_Metas/21/15/20190921153000_00160.jpg,datasets_cloudmask/dataset_cropped/09_Metas/21/15/20190921153000_00160.png,297.1,3.5,294.2,25.1,957
9/21/2019 15:31,datasets/dataset_cropped/09_Metas/21/15/20190921153100_00160.jpg,datasets_flow/dataset_cropped/09_Metas/21/15/20190921153100_00160.jpg,datasets_cloudmask/dataset_cropped/09_Metas/21/15/20190921153100_00160.png,289.6,0.4,289,25.1,957
9/21/2019 15:32,datasets/dataset_cropped/09_Metas/21/15/20190921153200_00160.jpg,datasets_flow/dataset_cropped/09_Metas/21/15/20190921153200_00160.jpg,datasets_cloudmask/dataset_cropped/09_Metas/21/15/20190921153200_00160.png,284.4,0,284.2,25.1,957
9/21/2019 15:33,datasets/dataset_cropped/09_Metas/21/15/20190921153300_00160.jpg,datasets_flow/dataset_cropped/09_Metas/21/15/20190921153300_00160.jpg,datasets_cloudmask/dataset_cropped/09_Metas/21/15/20190921153300_00160.png,279.8,0,279.8,25,957
9/21/2019 15:34,datasets/dataset_cropped/09_Metas/21/15/20190921153400_00160.jpg,datasets_flow/dataset_cropped/09_Metas/21/15/20190921153400_00160.jpg,datasets_cloudmask/dataset_cropped/09_Metas/21/15/20190921153400_00160.png,275.5,0,275.3,24.9,957
9/21/2019 15:35,datasets/dataset_cropped/09_Metas/21/15/20190921153500_00160.jpg,datasets_flow/dataset_cropped/09_Metas/21/15/20190921153500_00160.jpg,datasets_cloudmask/dataset_cropped/09_Metas/21/15/20190921153500_00160.png,270,0,270,24.8,957
9/21/2019 15:36,datasets/dataset_cropped/09_Metas/21/15/20190921153600_00160.jpg,datasets_flow/dataset_cropped/09_Metas/21/15/20190921153600_00160.jpg,datasets_cloudmask/dataset_cropped/09_Metas/21/15/20190921153600_00160.png,263.2,0,263.1,24.8,957
9/21/2019 15:37,datasets/dataset_cropped/09_Metas/21/15/20190921153700_00160.jpg,datasets_flow/dataset_cropped/09_Metas/21/15/20190921153700_00160.jpg,datasets_cloudmask/dataset_cropped/09_Metas/21/15/20190921153700_00160.png,257.1,0,257.1,24.8,957
9/21/2019 15:38,datasets/dataset_cropped/09_Metas/21/15/20190921153800_00160.jpg,datasets_flow/dataset_cropped/09_Metas/21/15/20190921153800_00160.jpg,datasets_cloudmask/dataset_cropped/09_Metas/21/15/20190921153800_00160.png,254.9,0,254.9,24.9,957
9/21/2019 15:39,datasets/dataset_cropped/09_Metas/21/15/20190921153900_00160.jpg,datasets_flow/dataset_cropped/09_Metas/21/15/20190921153900_00160.jpg,datasets_cloudmask/dataset_cropped/09_Metas/21/15/20190921153900_00160.png,256.6,0,256.6,24.9,957
9/21/2019 15:40,datasets/dataset_cropped/09_Metas/21/15/20190921154000_00160.jpg,datasets_flow/dataset_cropped/09_Metas/21/15/20190921154000_00160.jpg,datasets_cloudmask/dataset_cropped/09_Metas/21/15/20190921154000_00160.png,261.2,0,261.2,24.8,957
9/21/2019 15:41,datasets/dataset_cropped/09_Metas/21/15/20190921154100_00160.jpg,datasets_flow/dataset_cropped/09_Metas/21/15/20190921154100_00160.jpg,datasets_cloudmask/dataset_cropped/09_Metas/21/15/20190921154100_00160.png,266.9,0,266.8,24.7,957
9/21/2019 15:42,datasets/dataset_cropped/09_Metas/21/15/20190921154200_00160.jpg,datasets_flow/dataset_cropped/09_Metas/21/15/20190921154200_00160.jpg,datasets_cloudmask/dataset_cropped/09_Metas/21/15/20190921154200_00160.png,271.3,0,271.1,24.8,957
9/21/2019 15:43,datasets/dataset_cropped/09_Metas/21/15/20190921154300_00160.jpg,datasets_flow/dataset_cropped/09_Metas/21/15/20190921154300_00160.jpg,datasets_cloudmask/dataset_cropped/09_Metas/21/15/20190921154300_00160.png,272.7,0,272.6,24.9,957
9/21/2019 15:44,datasets/dataset_cropped/09_Metas/21/15/20190921154400_00160.jpg,datasets_flow/dataset_cropped/09_Metas/21/15/20190921154400_00160.jpg,datasets_cloudmask/dataset_cropped/09_Metas/21/15/20190921154400_00160.png,273,0,273,24.9,957
9/21/2019 15:45,datasets/dataset_cropped/09_Metas/21/15/20190921154500_00160.jpg,datasets_flow/dataset_cropped/09_Metas/21/15/20190921154500_00160.jpg,datasets_cloudmask/dataset_cropped/09_Metas/21/15/20190921154500_00160.png,270.9,0,271,24.9,957
9/21/2019 15:46,datasets/dataset_cropped/09_Metas/21/15/20190921154600_00160.jpg,datasets_flow/dataset_cropped/09_Metas/21/15/20190921154600_00160.jpg,datasets_cloudmask/dataset_cropped/09_Metas/21/15/20190921154600_00160.png,265.4,0.1,265.5,24.9,957
9/21/2019 15:47,datasets/dataset_cropped/09_Metas/21/15/20190921154700_00160.jpg,datasets_flow/dataset_cropped/09_Metas/21/15/20190921154700_00160.jpg,datasets_cloudmask/dataset_cropped/09_Metas/21/15/20190921154700_00160.png,257.2,0,257.3,24.9,957
9/21/2019 15:48,datasets/dataset_cropped/09_Metas/21/15/20190921154800_00160.jpg,datasets_flow/dataset_cropped/09_Metas/21/15/20190921154800_00160.jpg,datasets_cloudmask/dataset_cropped/09_Metas/21/15/20190921154800_00160.png,249.7,0,249.8,24.7,957
9/21/2019 15:49,datasets/dataset_cropped/09_Metas/21/15/20190921154900_00160.jpg,datasets_flow/dataset_cropped/09_Metas/21/15/20190921154900_00160.jpg,datasets_cloudmask/dataset_cropped/09_Metas/21/15/20190921154900_00160.png,244,0,244.2,24.5,957
9/21/2019 15:50,datasets/dataset_cropped/09_Metas/21/15/20190921155000_00160.jpg,datasets_flow/dataset_cropped/09_Metas/21/15/20190921155000_00160.jpg,datasets_cloudmask/dataset_cropped/09_Metas/21/15/20190921155000_00160.png,239.7,0,240,24.4,957
9/21/2019 15:51,datasets/dataset_cropped/09_Metas/21/15/20190921155100_00160.jpg,datasets_flow/dataset_cropped/09_Metas/21/15/20190921155100_00160.jpg,datasets_cloudmask/dataset_cropped/09_Metas/21/15/20190921155100_00160.png,234.8,0,235,24.6,957
9/21/2019 15:52,datasets/dataset_cropped/09_Metas/21/15/20190921155200_00160.jpg,datasets_flow/dataset_cropped/09_Metas/21/15/20190921155200_00160.jpg,datasets_cloudmask/dataset_cropped/09_Metas/21/15/20190921155200_00160.png,228.1,0,228.3,24.6,957
9/21/2019 15:53,datasets/dataset_cropped/09_Metas/21/15/20190921155300_00160.jpg,datasets_flow/dataset_cropped/09_Metas/21/15/20190921155300_00160.jpg,datasets_cloudmask/dataset_cropped/09_Metas/21/15/20190921155300_00160.png,221.4,0,221.6,24.5,957
9/21/2019 15:54,datasets/dataset_cropped/09_Metas/21/15/20190921155400_00160.jpg,datasets_flow/dataset_cropped/09_Metas/21/15/20190921155400_00160.jpg,datasets_cloudmask/dataset_cropped/09_Metas/21/15/20190921155400_00160.png,216,0,216.2,24.5,957
9/21/2019 15:55,datasets/dataset_cropped/09_Metas/21/15/20190921155500_00160.jpg,datasets_flow/dataset_cropped/09_Metas/21/15/20190921155500_00160.jpg,datasets_cloudmask/dataset_cropped/09_Metas/21/15/20190921155500_00160.png,211.9,0,212,24.5,957
9/21/2019 15:56,datasets/dataset_cropped/09_Metas/21/15/20190921155600_00160.jpg,datasets_flow/dataset_cropped/09_Metas/21/15/20190921155600_00160.jpg,datasets_cloudmask/dataset_cropped/09_Metas/21/15/20190921155600_00160.png,208.9,0,209,24.4,957
9/21/2019 15:57,datasets/dataset_cropped/09_Metas/21/15/20190921155700_00160.jpg,datasets_flow/dataset_cropped/09_Metas/21/15/20190921155700_00160.jpg,datasets_cloudmask/dataset_cropped/09_Metas/21/15/20190921155700_00160.png,206.9,0,207,24.3,957
9/21/2019 15:58,datasets/dataset_cropped/09_Metas/21/15/20190921155800_00160.jpg,datasets_flow/dataset_cropped/09_Metas/21/15/20190921155800_00160.jpg,datasets_cloudmask/dataset_cropped/09_Metas/21/15/20190921155800_00160.png,205.8,0,205.9,24.2,957
9/21/2019 15:59,datasets/dataset_cropped/09_Metas/21/15/20190921155900_00160.jpg,datasets_flow/dataset_cropped/09_Metas/21/15/20190921155900_00160.jpg,datasets_cloudmask/dataset_cropped/09_Metas/21/15/20190921155900_00160.png,205.6,0,205.8,24.2,957
9/21/2019 16:00,datasets/dataset_cropped/09_Metas/21/16/20190921160000_00160.jpg,datasets_flow/dataset_cropped/09_Metas/21/16/20190921160000_00160.jpg,datasets_cloudmask/dataset_cropped/09_Metas/21/16/20190921160000_00160.png,205.8,0,205.9,24.2,957
9/21/2019 16:01,datasets/dataset_cropped/09_Metas/21/16/20190921160100_00160.jpg,datasets_flow/dataset_cropped/09_Metas/21/16/20190921160100_00160.jpg,datasets_cloudmask/dataset_cropped/09_Metas/21/16/20190921160100_00160.png,205.2,0,205.3,24.2,957
9/21/2019 16:02,datasets/dataset_cropped/09_Metas/21/16/20190921160200_00160.jpg,datasets_flow/dataset_cropped/09_Metas/21/16/20190921160200_00160.jpg,datasets_cloudmask/dataset_cropped/09_Metas/21/16/20190921160200_00160.png,204.3,0,204.4,24.3,957
9/21/2019 16:03,datasets/dataset_cropped/09_Metas/21/16/20190921160300_00160.jpg,datasets_flow/dataset_cropped/09_Metas/21/16/20190921160300_00160.jpg,datasets_cloudmask/dataset_cropped/09_Metas/21/16/20190921160300_00160.png,204.5,0,204.5,24.2,957
9/21/2019 16:04,datasets/dataset_cropped/09_Metas/21/16/20190921160400_00160.jpg,datasets_flow/dataset_cropped/09_Metas/21/16/20190921160400_00160.jpg,datasets_cloudmask/dataset_cropped/09_Metas/21/16/20190921160400_00160.png,204.5,0,204.6,24.2,957
9/21/2019 16:05,datasets/dataset_cropped/09_Metas/21/16/20190921160500_00160.jpg,datasets_flow/dataset_cropped/09_Metas/21/16/20190921160500_00160.jpg,datasets_cloudmask/dataset_cropped/09_Metas/21/16/20190921160500_00160.png,204.1,0,204.1,24.2,957
9/21/2019 16:06,datasets/dataset_cropped/09_Metas/21/16/20190921160600_00160.jpg,datasets_flow/dataset_cropped/09_Metas/21/16/20190921160600_00160.jpg,datasets_cloudmask/dataset_cropped/09_Metas/21/16/20190921160600_00160.png,204.7,0,204.6,24.2,957
9/21/2019 16:07,datasets/dataset_cropped/09_Metas/21/16/20190921160700_00160.jpg,datasets_flow/dataset_cropped/09_Metas/21/16/20190921160700_00160.jpg,datasets_cloudmask/dataset_cropped/09_Metas/21/16/20190921160700_00160.png,206.9,0,206.8,24.2,957
9/21/2019 16:08,datasets/dataset_cropped/09_Metas/21/16/20190921160800_00160.jpg,datasets_flow/dataset_cropped/09_Metas/21/16/20190921160800_00160.jpg,datasets_cloudmask/dataset_cropped/09_Metas/21/16/20190921160800_00160.png,209.2,0.2,209.2,24.2,957
9/21/2019 16:09,datasets/dataset_cropped/09_Metas/21/16/20190921160900_00160.jpg,datasets_flow/dataset_cropped/09_Metas/21/16/20190921160900_00160.jpg,datasets_cloudmask/dataset_cropped/09_Metas/21/16/20190921160900_00160.png,210.3,0.6,210.3,24.3,957
9/21/2019 16:10,datasets/dataset_cropped/09_Metas/21/16/20190921161000_00160.jpg,datasets_flow/dataset_cropped/09_Metas/21/16/20190921161000_00160.jpg,datasets_cloudmask/dataset_cropped/09_Metas/21/16/20190921161000_00160.png,210.2,0.9,210.3,24.4,957
9/21/2019 16:11,datasets/dataset_cropped/09_Metas/21/16/20190921161100_00160.jpg,datasets_flow/dataset_cropped/09_Metas/21/16/20190921161100_00160.jpg,datasets_cloudmask/dataset_cropped/09_Metas/21/16/20190921161100_00160.png,210.1,0.9,210.2,24.4,957
9/21/2019 16:12,datasets/dataset_cropped/09_Metas/21/16/20190921161200_00160.jpg,datasets_flow/dataset_cropped/09_Metas/21/16/20190921161200_00160.jpg,datasets_cloudmask/dataset_cropped/09_Metas/21/16/20190921161200_00160.png,210.5,0.6,210.5,24.4,957
9/21/2019 16:13,datasets/dataset_cropped/09_Metas/21/16/20190921161300_00160.jpg,datasets_flow/dataset_cropped/09_Metas/21/16/20190921161300_00160.jpg,datasets_cloudmask/dataset_cropped/09_Metas/21/16/20190921161300_00160.png,211.4,0.4,211.2,24.2,957
9/21/2019 16:14,datasets/dataset_cropped/09_Metas/21/16/20190921161400_00160.jpg,datasets_flow/dataset_cropped/09_Metas/21/16/20190921161400_00160.jpg,datasets_cloudmask/dataset_cropped/09_Metas/21/16/20190921161400_00160.png,212.7,0.3,212.5,24.2,957
9/21/2019 16:15,datasets/dataset_cropped/09_Metas/21/16/20190921161500_00160.jpg,datasets_flow/dataset_cropped/09_Metas/21/16/20190921161500_00160.jpg,datasets_cloudmask/dataset_cropped/09_Metas/21/16/20190921161500_00160.png,215.8,0.4,215.5,24.3,957
9/21/2019 16:16,datasets/dataset_cropped/09_Metas/21/16/20190921161600_00160.jpg,datasets_flow/dataset_cropped/09_Metas/21/16/20190921161600_00160.jpg,datasets_cloudmask/dataset_cropped/09_Metas/21/16/20190921161600_00160.png,222.8,2.6,221.3,24.4,957
9/21/2019 16:17,datasets/dataset_cropped/09_Metas/21/16/20190921161700_00160.jpg,datasets_flow/dataset_cropped/09_Metas/21/16/20190921161700_00160.jpg,datasets_cloudmask/dataset_cropped/09_Metas/21/16/20190921161700_00160.png,235,6.5,231.2,24.4,957
9/21/2019 16:18,datasets/dataset_cropped/09_Metas/21/16/20190921161800_00160.jpg,datasets_flow/dataset_cropped/09_Metas/21/16/20190921161800_00160.jpg,datasets_cloudmask/dataset_cropped/09_Metas/21/16/20190921161800_00160.png,248.3,8,244,24.2,957
9/21/2019 16:19,datasets/dataset_cropped/09_Metas/21/16/20190921161900_00160.jpg,datasets_flow/dataset_cropped/09_Metas/21/16/20190921161900_00160.jpg,datasets_cloudmask/dataset_cropped/09_Metas/21/16/20190921161900_00160.png,261.3,12.8,254.6,24.1,957
9/21/2019 16:20,datasets/dataset_cropped/09_Metas/21/16/20190921162000_00160.jpg,datasets_flow/dataset_cropped/09_Metas/21/16/20190921162000_00160.jpg,datasets_cloudmask/dataset_cropped/09_Metas/21/16/20190921162000_00160.png,266.7,10.4,261.7,24.2,957
9/21/2019 16:21,datasets/dataset_cropped/09_Metas/21/16/20190921162100_00160.jpg,datasets_flow/dataset_cropped/09_Metas/21/16/20190921162100_00160.jpg,datasets_cloudmask/dataset_cropped/09_Metas/21/16/20190921162100_00160.png,265.3,2.8,264.2,24.2,957
9/21/2019 16:22,datasets/dataset_cropped/09_Metas/21/16/20190921162200_00160.jpg,datasets_flow/dataset_cropped/09_Metas/21/16/20190921162200_00160.jpg,datasets_cloudmask/dataset_cropped/09_Metas/21/16/20190921162200_00160.png,263.1,1.2,263.1,24.4,957
9/21/2019 16:23,datasets/dataset_cropped/09_Metas/21/16/20190921162300_00160.jpg,datasets_flow/dataset_cropped/09_Metas/21/16/20190921162300_00160.jpg,datasets_cloudmask/dataset_cropped/09_Metas/21/16/20190921162300_00160.png,256.1,0.6,256.3,24.4,957
9/21/2019 16:24,datasets/dataset_cropped/09_Metas/21/16/20190921162400_00160.jpg,datasets_flow/dataset_cropped/09_Metas/21/16/20190921162400_00160.jpg,datasets_cloudmask/dataset_cropped/09_Metas/21/16/20190921162400_00160.png,245.6,0.5,245.8,24.1,957
9/21/2019 16:25,datasets/dataset_cropped/09_Metas/21/16/20190921162500_00160.jpg,datasets_flow/dataset_cropped/09_Metas/21/16/20190921162500_00160.jpg,datasets_cloudmask/dataset_cropped/09_Metas/21/16/20190921162500_00160.png,234.2,0.5,234.4,24.2,957
9/21/2019 16:26,datasets/dataset_cropped/09_Metas/21/16/20190921162600_00160.jpg,datasets_flow/dataset_cropped/09_Metas/21/16/20190921162600_00160.jpg,datasets_cloudmask/dataset_cropped/09_Metas/21/16/20190921162600_00160.png,223.2,0.5,223.4,24.2,957
9/21/2019 16:27,datasets/dataset_cropped/09_Metas/21/16/20190921162700_00160.jpg,datasets_flow/dataset_cropped/09_Metas/21/16/20190921162700_00160.jpg,datasets_cloudmask/dataset_cropped/09_Metas/21/16/20190921162700_00160.png,211.7,0.4,212,24.2,957
9/21/2019 16:28,datasets/dataset_cropped/09_Metas/21/16/20190921162800_00160.jpg,datasets_flow/dataset_cropped/09_Metas/21/16/20190921162800_00160.jpg,datasets_cloudmask/dataset_cropped/09_Metas/21/16/20190921162800_00160.png,200.3,0.4,200.6,24.2,957
9/21/2019 16:29,datasets/dataset_cropped/09_Metas/21/16/20190921162900_00160.jpg,datasets_flow/dataset_cropped/09_Metas/21/16/20190921162900_00160.jpg,datasets_cloudmask/dataset_cropped/09_Metas/21/16/20190921162900_00160.png,190.8,0.5,191.1,24.3,957
9/21/2019 16:30,datasets/dataset_cropped/09_Metas/21/16/20190921163000_00160.jpg,datasets_flow/dataset_cropped/09_Metas/21/16/20190921163000_00160.jpg,datasets_cloudmask/dataset_cropped/09_Metas/21/16/20190921163000_00160.png,184.8,0.3,184.9,24.3,957
9/21/2019 16:31,datasets/dataset_cropped/09_Metas/21/16/20190921163100_00160.jpg,datasets_flow/dataset_cropped/09_Metas/21/16/20190921163100_00160.jpg,datasets_cloudmask/dataset_cropped/09_Metas/21/16/20190921163100_00160.png,182.7,0.2,182.8,24.3,957
9/21/2019 16:32,datasets/dataset_cropped/09_Metas/21/16/20190921163200_00160.jpg,datasets_flow/dataset_cropped/09_Metas/21/16/20190921163200_00160.jpg,datasets_cloudmask/dataset_cropped/09_Metas/21/16/20190921163200_00160.png,184.4,0.9,184.2,24.2,957
9/21/2019 16:33,datasets/dataset_cropped/09_Metas/21/16/20190921163300_00160.jpg,datasets_flow/dataset_cropped/09_Metas/21/16/20190921163300_00160.jpg,datasets_cloudmask/dataset_cropped/09_Metas/21/16/20190921163300_00160.png,188.4,1.4,188,24.3,957
9/21/2019 16:34,datasets/dataset_cropped/09_Metas/21/16/20190921163400_00160.jpg,datasets_flow/dataset_cropped/09_Metas/21/16/20190921163400_00160.jpg,datasets_cloudmask/dataset_cropped/09_Metas/21/16/20190921163400_00160.png,194.8,1.5,194.3,24.2,957
9/21/2019 16:35,datasets/dataset_cropped/09_Metas/21/16/20190921163500_00160.jpg,datasets_flow/dataset_cropped/09_Metas/21/16/20190921163500_00160.jpg,datasets_cloudmask/dataset_cropped/09_Metas/21/16/20190921163500_00160.png,203.2,1.6,202.7,24.2,957
9/21/2019 16:36,datasets/dataset_cropped/09_Metas/21/16/20190921163600_00160.jpg,datasets_flow/dataset_cropped/09_Metas/21/16/20190921163600_00160.jpg,datasets_cloudmask/dataset_cropped/09_Metas/21/16/20190921163600_00160.png,213.9,2.2,212.9,24.3,957
9/21/2019 16:37,datasets/dataset_cropped/09_Metas/21/16/20190921163700_00160.jpg,datasets_flow/dataset_cropped/09_Metas/21/16/20190921163700_00160.jpg,datasets_cloudmask/dataset_cropped/09_Metas/21/16/20190921163700_00160.png,231,10.9,225.5,24.3,957
9/21/2019 16:38,datasets/dataset_cropped/09_Metas/21/16/20190921163800_00160.jpg,datasets_flow/dataset_cropped/09_Metas/21/16/20190921163800_00160.jpg,datasets_cloudmask/dataset_cropped/09_Metas/21/16/20190921163800_00160.png,262.1,46.4,239.5,24.2,957
9/21/2019 16:39,datasets/dataset_cropped/09_Metas/21/16/20190921163900_00160.jpg,datasets_flow/dataset_cropped/09_Metas/21/16/20190921163900_00160.jpg,datasets_cloudmask/dataset_cropped/09_Metas/21/16/20190921163900_00160.png,272.9,46.3,250.9,24.2,957
9/21/2019 16:40,datasets/dataset_cropped/09_Metas/21/16/20190921164000_00160.jpg,datasets_flow/dataset_cropped/09_Metas/21/16/20190921164000_00160.jpg,datasets_cloudmask/dataset_cropped/09_Metas/21/16/20190921164000_00160.png,298.3,88.3,256.4,24.2,957
9/21/2019 16:41,datasets/dataset_cropped/09_Metas/21/16/20190921164100_00160.jpg,datasets_flow/dataset_cropped/09_Metas/21/16/20190921164100_00160.jpg,datasets_cloudmask/dataset_cropped/09_Metas/21/16/20190921164100_00160.png,272.5,36,255.9,24.3,957
9/21/2019 16:42,datasets/dataset_cropped/09_Metas/21/16/20190921164200_00160.jpg,datasets_flow/dataset_cropped/09_Metas/21/16/20190921164200_00160.jpg,datasets_cloudmask/dataset_cropped/09_Metas/21/16/20190921164200_00160.png,278.3,49.8,256,24.5,957
9/21/2019 16:43,datasets/dataset_cropped/09_Metas/21/16/20190921164300_00160.jpg,datasets_flow/dataset_cropped/09_Metas/21/16/20190921164300_00160.jpg,datasets_cloudmask/dataset_cropped/09_Metas/21/16/20190921164300_00160.png,357,209.8,259.3,24.6,957
9/21/2019 16:44,datasets/dataset_cropped/09_Metas/21/16/20190921164400_00160.jpg,datasets_flow/dataset_cropped/09_Metas/21/16/20190921164400_00160.jpg,datasets_cloudmask/dataset_cropped/09_Metas/21/16/20190921164400_00160.png,260.5,31.2,246,24.8,957
9/21/2019 16:45,datasets/dataset_cropped/09_Metas/21/16/20190921164500_00160.jpg,datasets_flow/dataset_cropped/09_Metas/21/16/20190921164500_00160.jpg,datasets_cloudmask/dataset_cropped/09_Metas/21/16/20190921164500_00160.png,239.5,16.4,232.7,24.7,957
9/21/2019 16:46,datasets/dataset_cropped/09_Metas/21/16/20190921164600_00160.jpg,datasets_flow/dataset_cropped/09_Metas/21/16/20190921164600_00160.jpg,datasets_cloudmask/dataset_cropped/09_Metas/21/16/20190921164600_00160.png,229.1,17.1,222,24.7,957
9/21/2019 16:47,datasets/dataset_cropped/09_Metas/21/16/20190921164700_00160.jpg,datasets_flow/dataset_cropped/09_Metas/21/16/20190921164700_00160.jpg,datasets_cloudmask/dataset_cropped/09_Metas/21/16/20190921164700_00160.png,215.5,7.3,212.6,24.6,957
9/21/2019 16:48,datasets/dataset_cropped/09_Metas/21/16/20190921164800_00160.jpg,datasets_flow/dataset_cropped/09_Metas/21/16/20190921164800_00160.jpg,datasets_cloudmask/dataset_cropped/09_Metas/21/16/20190921164800_00160.png,205.9,3.5,204.7,24.5,957
9/21/2019 16:49,datasets/dataset_cropped/09_Metas/21/16/20190921164900_00160.jpg,datasets_flow/dataset_cropped/09_Metas/21/16/20190921164900_00160.jpg,datasets_cloudmask/dataset_cropped/09_Metas/21/16/20190921164900_00160.png,200.8,2.2,200.2,24.3,957
9/21/2019 16:50,datasets/dataset_cropped/09_Metas/21/16/20190921165000_00160.jpg,datasets_flow/dataset_cropped/09_Metas/21/16/20190921165000_00160.jpg,datasets_cloudmask/dataset_cropped/09_Metas/21/16/20190921165000_00160.png,197.7,1,197.8,24.2,957
9/21/2019 16:51,datasets/dataset_cropped/09_Metas/21/16/20190921165100_00160.jpg,datasets_flow/dataset_cropped/09_Metas/21/16/20190921165100_00160.jpg,datasets_cloudmask/dataset_cropped/09_Metas/21/16/20190921165100_00160.png,196.5,1.4,196.4,24.3,957
9/21/2019 16:52,datasets/dataset_cropped/09_Metas/21/16/20190921165200_00160.jpg,datasets_flow/dataset_cropped/09_Metas/21/16/20190921165200_00160.jpg,datasets_cloudmask/dataset_cropped/09_Metas/21/16/20190921165200_00160.png,194.3,1.2,194.2,24.3,957
9/21/2019 16:53,datasets/dataset_cropped/09_Metas/21/16/20190921165300_00160.jpg,datasets_flow/dataset_cropped/09_Metas/21/16/20190921165300_00160.jpg,datasets_cloudmask/dataset_cropped/09_Metas/21/16/20190921165300_00160.png,191.4,1.6,190.9,24.2,957
9/21/2019 16:54,datasets/dataset_cropped/09_Metas/21/16/20190921165400_00160.jpg,datasets_flow/dataset_cropped/09_Metas/21/16/20190921165400_00160.jpg,datasets_cloudmask/dataset_cropped/09_Metas/21/16/20190921165400_00160.png,188.3,3.3,187.1,24.2,957
9/21/2019 16:55,datasets/dataset_cropped/09_Metas/21/16/20190921165500_00160.jpg,datasets_flow/dataset_cropped/09_Metas/21/16/20190921165500_00160.jpg,datasets_cloudmask/dataset_cropped/09_Metas/21/16/20190921165500_00160.png,184.8,3.6,183.5,24.1,957
9/21/2019 16:56,datasets/dataset_cropped/09_Metas/21/16/20190921165600_00160.jpg,datasets_flow/dataset_cropped/09_Metas/21/16/20190921165600_00160.jpg,datasets_cloudmask/dataset_cropped/09_Metas/21/16/20190921165600_00160.png,183.3,7.8,180.2,24.1,957
9/21/2019 16:57,datasets/dataset_cropped/09_Metas/21/16/20190921165700_00160.jpg,datasets_flow/dataset_cropped/09_Metas/21/16/20190921165700_00160.jpg,datasets_cloudmask/dataset_cropped/09_Metas/21/16/20190921165700_00160.png,181.8,10.7,177.4,24,957
9/21/2019 16:58,datasets/dataset_cropped/09_Metas/21/16/20190921165800_00160.jpg,datasets_flow/dataset_cropped/09_Metas/21/16/20190921165800_00160.jpg,datasets_cloudmask/dataset_cropped/09_Metas/21/16/20190921165800_00160.png,178.3,7.3,175.4,24.1,957
9/21/2019 16:59,datasets/dataset_cropped/09_Metas/21/16/20190921165900_00160.jpg,datasets_flow/dataset_cropped/09_Metas/21/16/20190921165900_00160.jpg,datasets_cloudmask/dataset_cropped/09_Metas/21/16/20190921165900_00160.png,178.1,8.5,174.9,24.2,957
9/21/2019 17:00,datasets/dataset_cropped/09_Metas/21/17/20190921170000_00160.jpg,datasets_flow/dataset_cropped/09_Metas/21/17/20190921170000_00160.jpg,datasets_cloudmask/dataset_cropped/09_Metas/21/17/20190921170000_00160.png,175.9,3.2,175,24.2,957
9/21/2019 17:01,datasets/dataset_cropped/09_Metas/21/17/20190921170100_00160.jpg,datasets_flow/dataset_cropped/09_Metas/21/17/20190921170100_00160.jpg,datasets_cloudmask/dataset_cropped/09_Metas/21/17/20190921170100_00160.png,174.2,0.8,174.5,24.2,957
9/21/2019 17:02,datasets/dataset_cropped/09_Metas/21/17/20190921170200_00160.jpg,datasets_flow/dataset_cropped/09_Metas/21/17/20190921170200_00160.jpg,datasets_cloudmask/dataset_cropped/09_Metas/21/17/20190921170200_00160.png,171.9,0.4,172.3,24.2,957
9/21/2019 17:03,datasets/dataset_cropped/09_Metas/21/17/20190921170300_00160.jpg,datasets_flow/dataset_cropped/09_Metas/21/17/20190921170300_00160.jpg,datasets_cloudmask/dataset_cropped/09_Metas/21/17/20190921170300_00160.png,167.9,0.2,168.3,24.2,957
9/21/2019 17:04,datasets/dataset_cropped/09_Metas/21/17/20190921170400_00160.jpg,datasets_flow/dataset_cropped/09_Metas/21/17/20190921170400_00160.jpg,datasets_cloudmask/dataset_cropped/09_Metas/21/17/20190921170400_00160.png,162.4,0.2,162.8,24.2,957
9/21/2019 17:05,datasets/dataset_cropped/09_Metas/21/17/20190921170500_00160.jpg,datasets_flow/dataset_cropped/09_Metas/21/17/20190921170500_00160.jpg,datasets_cloudmask/dataset_cropped/09_Metas/21/17/20190921170500_00160.png,156.2,0.5,156.6,24.2,957
9/21/2019 17:06,datasets/dataset_cropped/09_Metas/21/17/20190921170600_00160.jpg,datasets_flow/dataset_cropped/09_Metas/21/17/20190921170600_00160.jpg,datasets_cloudmask/dataset_cropped/09_Metas/21/17/20190921170600_00160.png,149.6,0.9,149.7,24.3,957
9/21/2019 17:07,datasets/dataset_cropped/09_Metas/21/17/20190921170700_00160.jpg,datasets_flow/dataset_cropped/09_Metas/21/17/20190921170700_00160.jpg,datasets_cloudmask/dataset_cropped/09_Metas/21/17/20190921170700_00160.png,142.2,0.9,142.4,24.2,957
9/21/2019 17:08,datasets/dataset_cropped/09_Metas/21/17/20190921170800_00160.jpg,datasets_flow/dataset_cropped/09_Metas/21/17/20190921170800_00160.jpg,datasets_cloudmask/dataset_cropped/09_Metas/21/17/20190921170800_00160.png,134.7,0.4,135,24.2,957
9/21/2019 17:09,datasets/dataset_cropped/09_Metas/21/17/20190921170900_00160.jpg,datasets_flow/dataset_cropped/09_Metas/21/17/20190921170900_00160.jpg,datasets_cloudmask/dataset_cropped/09_Metas/21/17/20190921170900_00160.png,127.9,0.1,128.2,24.2,957
9/21/2019 17:10,datasets/dataset_cropped/09_Metas/21/17/20190921171000_00160.jpg,datasets_flow/dataset_cropped/09_Metas/21/17/20190921171000_00160.jpg,datasets_cloudmask/dataset_cropped/09_Metas/21/17/20190921171000_00160.png,121.9,0,122.2,24.1,957
9/21/2019 17:11,datasets/dataset_cropped/09_Metas/21/17/20190921171100_00160.jpg,datasets_flow/dataset_cropped/09_Metas/21/17/20190921171100_00160.jpg,datasets_cloudmask/dataset_cropped/09_Metas/21/17/20190921171100_00160.png,116.5,0,116.8,24,957
9/21/2019 17:12,datasets/dataset_cropped/09_Metas/21/17/20190921171200_00160.jpg,datasets_flow/dataset_cropped/09_Metas/21/17/20190921171200_00160.jpg,datasets_cloudmask/dataset_cropped/09_Metas/21/17/20190921171200_00160.png,111.5,0,111.8,23.9,957
9/21/2019 17:13,datasets/dataset_cropped/09_Metas/21/17/20190921171300_00160.jpg,datasets_flow/dataset_cropped/09_Metas/21/17/20190921171300_00160.jpg,datasets_cloudmask/dataset_cropped/09_Metas/21/17/20190921171300_00160.png,107,0,107.3,23.9,957
9/21/2019 17:14,datasets/dataset_cropped/09_Metas/21/17/20190921171400_00160.jpg,datasets_flow/dataset_cropped/09_Metas/21/17/20190921171400_00160.jpg,datasets_cloudmask/dataset_cropped/09_Metas/21/17/20190921171400_00160.png,103.1,0,103.4,23.9,957
9/21/2019 17:15,datasets/dataset_cropped/09_Metas/21/17/20190921171500_00160.jpg,datasets_flow/dataset_cropped/09_Metas/21/17/20190921171500_00160.jpg,datasets_cloudmask/dataset_cropped/09_Metas/21/17/20190921171500_00160.png,99.8,0,100.1,23.8,957
9/21/2019 17:16,datasets/dataset_cropped/09_Metas/21/17/20190921171600_00160.jpg,datasets_flow/dataset_cropped/09_Metas/21/17/20190921171600_00160.jpg,datasets_cloudmask/dataset_cropped/09_Metas/21/17/20190921171600_00160.png,97.1,0,97.4,23.8,957
9/21/2019 17:17,datasets/dataset_cropped/09_Metas/21/17/20190921171700_00160.jpg,datasets_flow/dataset_cropped/09_Metas/21/17/20190921171700_00160.jpg,datasets_cloudmask/dataset_cropped/09_Metas/21/17/20190921171700_00160.png,94.8,0,95,23.8,957
9/21/2019 17:18,datasets/dataset_cropped/09_Metas/21/17/20190921171800_00160.jpg,datasets_flow/dataset_cropped/09_Metas/21/17/20190921171800_00160.jpg,datasets_cloudmask/dataset_cropped/09_Metas/21/17/20190921171800_00160.png,92.7,0,92.9,23.8,957
9/21/2019 17:19,datasets/dataset_cropped/09_Metas/21/17/20190921171900_00160.jpg,datasets_flow/dataset_cropped/09_Metas/21/17/20190921171900_00160.jpg,datasets_cloudmask/dataset_cropped/09_Metas/21/17/20190921171900_00160.png,90.7,0,91,23.7,957
9/21/2019 17:20,datasets/dataset_cropped/09_Metas/21/17/20190921172000_00160.jpg,datasets_flow/dataset_cropped/09_Metas/21/17/20190921172000_00160.jpg,datasets_cloudmask/dataset_cropped/09_Metas/21/17/20190921172000_00160.png,88.7,0,88.9,23.8,957
9/21/2019 17:21,datasets/dataset_cropped/09_Metas/21/17/20190921172100_00160.jpg,datasets_flow/dataset_cropped/09_Metas/21/17/20190921172100_00160.jpg,datasets_cloudmask/dataset_cropped/09_Metas/21/17/20190921172100_00160.png,86.7,0,86.9,23.8,957
9/21/2019 17:22,datasets/dataset_cropped/09_Metas/21/17/20190921172200_00160.jpg,datasets_flow/dataset_cropped/09_Metas/21/17/20190921172200_00160.jpg,datasets_cloudmask/dataset_cropped/09_Metas/21/17/20190921172200_00160.png,84.8,0,85,23.8,957
9/21/2019 17:23,datasets/dataset_cropped/09_Metas/21/17/20190921172300_00160.jpg,datasets_flow/dataset_cropped/09_Metas/21/17/20190921172300_00160.jpg,datasets_cloudmask/dataset_cropped/09_Metas/21/17/20190921172300_00160.png,83,0,83.2,23.7,957
9/21/2019 17:24,datasets/dataset_cropped/09_Metas/21/17/20190921172400_00160.jpg,datasets_flow/dataset_cropped/09_Metas/21/17/20190921172400_00160.jpg,datasets_cloudmask/dataset_cropped/09_Metas/21/17/20190921172400_00160.png,81.3,0,81.5,23.7,957
9/21/2019 17:25,datasets/dataset_cropped/09_Metas/21/17/20190921172500_00160.jpg,datasets_flow/dataset_cropped/09_Metas/21/17/20190921172500_00160.jpg,datasets_cloudmask/dataset_cropped/09_Metas/21/17/20190921172500_00160.png,79.7,0,79.8,23.6,957
9/21/2019 17:26,datasets/dataset_cropped/09_Metas/21/17/20190921172600_00160.jpg,datasets_flow/dataset_cropped/09_Metas/21/17/20190921172600_00160.jpg,datasets_cloudmask/dataset_cropped/09_Metas/21/17/20190921172600_00160.png,78.1,0,78.3,23.6,957
9/21/2019 17:27,datasets/dataset_cropped/09_Metas/21/17/20190921172700_00160.jpg,datasets_flow/dataset_cropped/09_Metas/21/17/20190921172700_00160.jpg,datasets_cloudmask/dataset_cropped/09_Metas/21/17/20190921172700_00160.png,76.6,0,76.7,23.6,957
9/21/2019 17:28,datasets/dataset_cropped/09_Metas/21/17/20190921172800_00160.jpg,datasets_flow/dataset_cropped/09_Metas/21/17/20190921172800_00160.jpg,datasets_cloudmask/dataset_cropped/09_Metas/21/17/20190921172800_00160.png,75,0,75.2,23.5,957
9/21/2019 17:29,datasets/dataset_cropped/09_Metas/21/17/20190921172900_00160.jpg,datasets_flow/dataset_cropped/09_Metas/21/17/20190921172900_00160.jpg,datasets_cloudmask/dataset_cropped/09_Metas/21/17/20190921172900_00160.png,73.7,0,73.8,23.5,957
9/21/2019 17:30,datasets/dataset_cropped/09_Metas/21/17/20190921173000_00160.jpg,datasets_flow/dataset_cropped/09_Metas/21/17/20190921173000_00160.jpg,datasets_cloudmask/dataset_cropped/09_Metas/21/17/20190921173000_00160.png,72.5,0,72.7,23.5,957
9/21/2019 17:31,datasets/dataset_cropped/09_Metas/21/17/20190921173100_00160.jpg,datasets_flow/dataset_cropped/09_Metas/21/17/20190921173100_00160.jpg,datasets_cloudmask/dataset_cropped/09_Metas/21/17/20190921173100_00160.png,71.5,0,71.7,23.5,957
9/21/2019 17:32,datasets/dataset_cropped/09_Metas/21/17/20190921173200_00160.jpg,datasets_flow/dataset_cropped/09_Metas/21/17/20190921173200_00160.jpg,datasets_cloudmask/dataset_cropped/09_Metas/21/17/20190921173200_00160.png,70.6,0,70.8,23.5,957
9/21/2019 17:33,datasets/dataset_cropped/09_Metas/21/17/20190921173300_00160.jpg,datasets_flow/dataset_cropped/09_Metas/21/17/20190921173300_00160.jpg,datasets_cloudmask/dataset_cropped/09_Metas/21/17/20190921173300_00160.png,69.9,0,70.1,23.5,957
9/21/2019 17:34,datasets/dataset_cropped/09_Metas/21/17/20190921173400_00160.jpg,datasets_flow/dataset_cropped/09_Metas/21/17/20190921173400_00160.jpg,datasets_cloudmask/dataset_cropped/09_Metas/21/17/20190921173400_00160.png,69.4,0.1,69.6,23.5,957
9/21/2019 17:35,datasets/dataset_cropped/09_Metas/21/17/20190921173500_00160.jpg,datasets_flow/dataset_cropped/09_Metas/21/17/20190921173500_00160.jpg,datasets_cloudmask/dataset_cropped/09_Metas/21/17/20190921173500_00160.png,69,0.2,69.2,23.5,957
9/21/2019 17:36,datasets/dataset_cropped/09_Metas/21/17/20190921173600_00160.jpg,datasets_flow/dataset_cropped/09_Metas/21/17/20190921173600_00160.jpg,datasets_cloudmask/dataset_cropped/09_Metas/21/17/20190921173600_00160.png,69,0.2,69.2,23.5,957
9/21/2019 17:37,datasets/dataset_cropped/09_Metas/21/17/20190921173700_00160.jpg,datasets_flow/dataset_cropped/09_Metas/21/17/20190921173700_00160.jpg,datasets_cloudmask/dataset_cropped/09_Metas/21/17/20190921173700_00160.png,69.4,0.2,69.5,23.6,957
9/21/2019 17:38,datasets/dataset_cropped/09_Metas/21/17/20190921173800_00160.jpg,datasets_flow/dataset_cropped/09_Metas/21/17/20190921173800_00160.jpg,datasets_cloudmask/dataset_cropped/09_Metas/21/17/20190921173800_00160.png,69.9,0.1,70,23.7,957
9/21/2019 17:39,datasets/dataset_cropped/09_Metas/21/17/20190921173900_00160.jpg,datasets_flow/dataset_cropped/09_Metas/21/17/20190921173900_00160.jpg,datasets_cloudmask/dataset_cropped/09_Metas/21/17/20190921173900_00160.png,70.3,0,70.5,23.6,957
9/21/2019 17:40,datasets/dataset_cropped/09_Metas/21/17/20190921174000_00160.jpg,datasets_flow/dataset_cropped/09_Metas/21/17/20190921174000_00160.jpg,datasets_cloudmask/dataset_cropped/09_Metas/21/17/20190921174000_00160.png,70.3,0,70.5,23.6,957
9/21/2019 17:41,datasets/dataset_cropped/09_Metas/21/17/20190921174100_00160.jpg,datasets_flow/dataset_cropped/09_Metas/21/17/20190921174100_00160.jpg,datasets_cloudmask/dataset_cropped/09_Metas/21/17/20190921174100_00160.png,69.8,0.1,70,23.6,957
9/21/2019 17:42,datasets/dataset_cropped/09_Metas/21/17/20190921174200_00160.jpg,datasets_flow/dataset_cropped/09_Metas/21/17/20190921174200_00160.jpg,datasets_cloudmask/dataset_cropped/09_Metas/21/17/20190921174200_00160.png,68.7,0.2,68.8,23.7,957
9/21/2019 17:43,datasets/dataset_cropped/09_Metas/21/17/20190921174300_00160.jpg,datasets_flow/dataset_cropped/09_Metas/21/17/20190921174300_00160.jpg,datasets_cloudmask/dataset_cropped/09_Metas/21/17/20190921174300_00160.png,67.2,0.3,67.3,23.7,957
9/21/2019 17:44,datasets/dataset_cropped/09_Metas/21/17/20190921174400_00160.jpg,datasets_flow/dataset_cropped/09_Metas/21/17/20190921174400_00160.jpg,datasets_cloudmask/dataset_cropped/09_Metas/21/17/20190921174400_00160.png,65.7,0.9,65.7,23.7,957
9/21/2019 17:45,datasets/dataset_cropped/09_Metas/21/17/20190921174500_00160.jpg,datasets_flow/dataset_cropped/09_Metas/21/17/20190921174500_00160.jpg,datasets_cloudmask/dataset_cropped/09_Metas/21/17/20190921174500_00160.png,66.1,6.9,64.4,23.7,957
9/21/2019 17:46,datasets/dataset_cropped/09_Metas/21/17/20190921174600_00160.jpg,datasets_flow/dataset_cropped/09_Metas/21/17/20190921174600_00160.jpg,datasets_cloudmask/dataset_cropped/09_Metas/21/17/20190921174600_00160.png,65,5.9,63.5,23.7,957
9/21/2019 17:47,datasets/dataset_cropped/09_Metas/21/17/20190921174700_00160.jpg,datasets_flow/dataset_cropped/09_Metas/21/17/20190921174700_00160.jpg,datasets_cloudmask/dataset_cropped/09_Metas/21/17/20190921174700_00160.png,63,1.1,62.9,23.7,957
9/21/2019 17:48,datasets/dataset_cropped/09_Metas/21/17/20190921174800_00160.jpg,datasets_flow/dataset_cropped/09_Metas/21/17/20190921174800_00160.jpg,datasets_cloudmask/dataset_cropped/09_Metas/21/17/20190921174800_00160.png,62.8,0.4,62.9,23.7,957
9/21/2019 17:49,datasets/dataset_cropped/09_Metas/21/17/20190921174900_00160.jpg,datasets_flow/dataset_cropped/09_Metas/21/17/20190921174900_00160.jpg,datasets_cloudmask/dataset_cropped/09_Metas/21/17/20190921174900_00160.png,63.4,1.1,63.3,23.7,957
9/21/2019 17:50,datasets/dataset_cropped/09_Metas/21/17/20190921175000_00160.jpg,datasets_flow/dataset_cropped/09_Metas/21/17/20190921175000_00160.jpg,datasets_cloudmask/dataset_cropped/09_Metas/21/17/20190921175000_00160.png,64.4,1.9,64,23.6,957
9/21/2019 17:51,datasets/dataset_cropped/09_Metas/21/17/20190921175100_00160.jpg,datasets_flow/dataset_cropped/09_Metas/21/17/20190921175100_00160.jpg,datasets_cloudmask/dataset_cropped/09_Metas/21/17/20190921175100_00160.png,66.7,6.9,65,23.6,957
9/21/2019 17:52,datasets/dataset_cropped/09_Metas/21/17/20190921175200_00160.jpg,datasets_flow/dataset_cropped/09_Metas/21/17/20190921175200_00160.jpg,datasets_cloudmask/dataset_cropped/09_Metas/21/17/20190921175200_00160.png,68.8,8.9,66.6,23.6,957
9/21/2019 17:53,datasets/dataset_cropped/09_Metas/21/17/20190921175300_00160.jpg,datasets_flow/dataset_cropped/09_Metas/21/17/20190921175300_00160.jpg,datasets_cloudmask/dataset_cropped/09_Metas/21/17/20190921175300_00160.png,74.3,21.4,68.9,23.7,957
9/21/2019 17:54,datasets/dataset_cropped/09_Metas/21/17/20190921175400_00160.jpg,datasets_flow/dataset_cropped/09_Metas/21/17/20190921175400_00160.jpg,datasets_cloudmask/dataset_cropped/09_Metas/21/17/20190921175400_00160.png,72.8,8.4,70.7,23.7,957
9/21/2019 17:55,datasets/dataset_cropped/09_Metas/21/17/20190921175500_00160.jpg,datasets_flow/dataset_cropped/09_Metas/21/17/20190921175500_00160.jpg,datasets_cloudmask/dataset_cropped/09_Metas/21/17/20190921175500_00160.png,71.8,1.7,71.5,23.7,957
9/21/2019 17:56,datasets/dataset_cropped/09_Metas/21/17/20190921175600_00160.jpg,datasets_flow/dataset_cropped/09_Metas/21/17/20190921175600_00160.jpg,datasets_cloudmask/dataset_cropped/09_Metas/21/17/20190921175600_00160.png,73.1,0.9,73.1,23.7,957
9/21/2019 17:57,datasets/dataset_cropped/09_Metas/21/17/20190921175700_00160.jpg,datasets_flow/dataset_cropped/09_Metas/21/17/20190921175700_00160.jpg,datasets_cloudmask/dataset_cropped/09_Metas/21/17/20190921175700_00160.png,75.1,0.7,75.2,23.7,957
9/21/2019 17:58,datasets/dataset_cropped/09_Metas/21/17/20190921175800_00160.jpg,datasets_flow/dataset_cropped/09_Metas/21/17/20190921175800_00160.jpg,datasets_cloudmask/dataset_cropped/09_Metas/21/17/20190921175800_00160.png,77.3,0.5,77.4,23.7,957
9/21/2019 17:59,datasets/dataset_cropped/09_Metas/21/17/20190921175900_00160.jpg,datasets_flow/dataset_cropped/09_Metas/21/17/20190921175900_00160.jpg,datasets_cloudmask/dataset_cropped/09_Metas/21/17/20190921175900_00160.png,79.5,0.4,79.7,23.7,957
9/21/2019 18:00,datasets/dataset_cropped/09_Metas/21/18/20190921180000_00160.jpg,datasets_flow/dataset_cropped/09_Metas/21/18/20190921180000_00160.jpg,datasets_cloudmask/dataset_cropped/09_Metas/21/18/20190921180000_00160.png,81.3,0.3,81.5,23.7,957
9/21/2019 18:01,datasets/dataset_cropped/09_Metas/21/18/20190921180100_00160.jpg,datasets_flow/dataset_cropped/09_Metas/21/18/20190921180100_00160.jpg,datasets_cloudmask/dataset_cropped/09_Metas/21/18/20190921180100_00160.png,82.4,0.3,82.5,23.6,957
9/21/2019 18:02,datasets/dataset_cropped/09_Metas/21/18/20190921180200_00160.jpg,datasets_flow/dataset_cropped/09_Metas/21/18/20190921180200_00160.jpg,datasets_cloudmask/dataset_cropped/09_Metas/21/18/20190921180200_00160.png,82.9,0.2,83.1,23.6,957
9/21/2019 18:03,datasets/dataset_cropped/09_Metas/21/18/20190921180300_00160.jpg,datasets_flow/dataset_cropped/09_Metas/21/18/20190921180300_00160.jpg,datasets_cloudmask/dataset_cropped/09_Metas/21/18/20190921180300_00160.png,82.9,0.3,83.1,23.6,957
9/21/2019 18:04,datasets/dataset_cropped/09_Metas/21/18/20190921180400_00160.jpg,datasets_flow/dataset_cropped/09_Metas/21/18/20190921180400_00160.jpg,datasets_cloudmask/dataset_cropped/09_Metas/21/18/20190921180400_00160.png,82.3,0.3,82.5,23.7,957
9/21/2019 18:05,datasets/dataset_cropped/09_Metas/21/18/20190921180500_00160.jpg,datasets_flow/dataset_cropped/09_Metas/21/18/20190921180500_00160.jpg,datasets_cloudmask/dataset_cropped/09_Metas/21/18/20190921180500_00160.png,81.2,0.5,81.4,23.7,957
9/21/2019 18:06,datasets/dataset_cropped/09_Metas/21/18/20190921180600_00160.jpg,datasets_flow/dataset_cropped/09_Metas/21/18/20190921180600_00160.jpg,datasets_cloudmask/dataset_cropped/09_Metas/21/18/20190921180600_00160.png,79.5,1,79.6,23.7,957
9/21/2019 18:07,datasets/dataset_cropped/09_Metas/21/18/20190921180700_00160.jpg,datasets_flow/dataset_cropped/09_Metas/21/18/20190921180700_00160.jpg,datasets_cloudmask/dataset_cropped/09_Metas/21/18/20190921180700_00160.png,77.8,2.4,77.7,23.7,957
9/21/2019 18:08,datasets/dataset_cropped/09_Metas/21/18/20190921180800_00160.jpg,datasets_flow/dataset_cropped/09_Metas/21/18/20190921180800_00160.jpg,datasets_cloudmask/dataset_cropped/09_Metas/21/18/20190921180800_00160.png,77.2,7.5,76,23.6,957
9/21/2019 18:09,datasets/dataset_cropped/09_Metas/21/18/20190921180900_00160.jpg,datasets_flow/dataset_cropped/09_Metas/21/18/20190921180900_00160.jpg,datasets_cloudmask/dataset_cropped/09_Metas/21/18/20190921180900_00160.png,77.3,15.5,74.5,23.6,957
9/21/2019 18:10,datasets/dataset_cropped/09_Metas/21/18/20190921181000_00160.jpg,datasets_flow/dataset_cropped/09_Metas/21/18/20190921181000_00160.jpg,datasets_cloudmask/dataset_cropped/09_Metas/21/18/20190921181000_00160.png,74.6,9.5,73,23.6,957
9/21/2019 18:11,datasets/dataset_cropped/09_Metas/21/18/20190921181100_00160.jpg,datasets_flow/dataset_cropped/09_Metas/21/18/20190921181100_00160.jpg,datasets_cloudmask/dataset_cropped/09_Metas/21/18/20190921181100_00160.png,75.2,18.7,71.9,23.7,957
9/21/2019 18:12,datasets/dataset_cropped/09_Metas/21/18/20190921181200_00160.jpg,datasets_flow/dataset_cropped/09_Metas/21/18/20190921181200_00160.jpg,datasets_cloudmask/dataset_cropped/09_Metas/21/18/20190921181200_00160.png,77.6,36.1,71.1,23.7,957
9/21/2019 18:13,datasets/dataset_cropped/09_Metas/21/18/20190921181300_00160.jpg,datasets_flow/dataset_cropped/09_Metas/21/18/20190921181300_00160.jpg,datasets_cloudmask/dataset_cropped/09_Metas/21/18/20190921181300_00160.png,69.9,4.6,69.2,23.7,957
9/21/2019 18:14,datasets/dataset_cropped/09_Metas/21/18/20190921181400_00160.jpg,datasets_flow/dataset_cropped/09_Metas/21/18/20190921181400_00160.jpg,datasets_cloudmask/dataset_cropped/09_Metas/21/18/20190921181400_00160.png,71,13.6,68.7,23.7,957
9/21/2019 18:15,datasets/dataset_cropped/09_Metas/21/18/20190921181500_00160.jpg,datasets_flow/dataset_cropped/09_Metas/21/18/20190921181500_00160.jpg,datasets_cloudmask/dataset_cropped/09_Metas/21/18/20190921181500_00160.png,103.4,186.3,71,23.7,957
9/21/2019 18:16,datasets/dataset_cropped/09_Metas/21/18/20190921181600_00160.jpg,datasets_flow/dataset_cropped/09_Metas/21/18/20190921181600_00160.jpg,datasets_cloudmask/dataset_cropped/09_Metas/21/18/20190921181600_00160.png,110.7,220.2,72.7,23.8,957
9/21/2019 18:17,datasets/dataset_cropped/09_Metas/21/18/20190921181700_00160.jpg,datasets_flow/dataset_cropped/09_Metas/21/18/20190921181700_00160.jpg,datasets_cloudmask/dataset_cropped/09_Metas/21/18/20190921181700_00160.png,80.3,63.1,69.6,23.7,957
9/21/2019 18:18,datasets/dataset_cropped/09_Metas/21/18/20190921181800_00160.jpg,datasets_flow/dataset_cropped/09_Metas/21/18/20190921181800_00160.jpg,datasets_cloudmask/dataset_cropped/09_Metas/21/18/20190921181800_00160.png,66.9,12,65,23.8,957
9/21/2019 18:19,datasets/dataset_cropped/09_Metas/21/18/20190921181900_00160.jpg,datasets_flow/dataset_cropped/09_Metas/21/18/20190921181900_00160.jpg,datasets_cloudmask/dataset_cropped/09_Metas/21/18/20190921181900_00160.png,65.3,16.4,62.7,23.7,957
9/21/2019 18:20,datasets/dataset_cropped/09_Metas/21/18/20190921182000_00160.jpg,datasets_flow/dataset_cropped/09_Metas/21/18/20190921182000_00160.jpg,datasets_cloudmask/dataset_cropped/09_Metas/21/18/20190921182000_00160.png,63.3,11.6,61.6,23.7,957
9/21/2019 18:21,datasets/dataset_cropped/09_Metas/21/18/20190921182100_00160.jpg,datasets_flow/dataset_cropped/09_Metas/21/18/20190921182100_00160.jpg,datasets_cloudmask/dataset_cropped/09_Metas/21/18/20190921182100_00160.png,60.9,3.2,60.5,23.7,957
9/21/2019 18:22,datasets/dataset_cropped/09_Metas/21/18/20190921182200_00160.jpg,datasets_flow/dataset_cropped/09_Metas/21/18/20190921182200_00160.jpg,datasets_cloudmask/dataset_cropped/09_Metas/21/18/20190921182200_00160.png,59.5,0.7,59.5,23.6,957
9/21/2019 18:23,datasets/dataset_cropped/09_Metas/21/18/20190921182300_00160.jpg,datasets_flow/dataset_cropped/09_Metas/21/18/20190921182300_00160.jpg,datasets_cloudmask/dataset_cropped/09_Metas/21/18/20190921182300_00160.png,59,0,59.1,23.6,957
9/21/2019 18:24,datasets/dataset_cropped/09_Metas/21/18/20190921182400_00160.jpg,datasets_flow/dataset_cropped/09_Metas/21/18/20190921182400_00160.jpg,datasets_cloudmask/dataset_cropped/09_Metas/21/18/20190921182400_00160.png,58.9,0,59,23.6,957
9/21/2019 18:25,datasets/dataset_cropped/09_Metas/21/18/20190921182500_00160.jpg,datasets_flow/dataset_cropped/09_Metas/21/18/20190921182500_00160.jpg,datasets_cloudmask/dataset_cropped/09_Metas/21/18/20190921182500_00160.png,59,0,59.1,23.6,957
9/21/2019 18:26,datasets/dataset_cropped/09_Metas/21/18/20190921182600_00160.jpg,datasets_flow/dataset_cropped/09_Metas/21/18/20190921182600_00160.jpg,datasets_cloudmask/dataset_cropped/09_Metas/21/18/20190921182600_00160.png,59.2,0,59.3,23.7,957
9/21/2019 18:27,datasets/dataset_cropped/09_Metas/21/18/20190921182700_00160.jpg,datasets_flow/dataset_cropped/09_Metas/21/18/20190921182700_00160.jpg,datasets_cloudmask/dataset_cropped/09_Metas/21/18/20190921182700_00160.png,59.6,0,59.7,23.7,957
9/21/2019 18:28,datasets/dataset_cropped/09_Metas/21/18/20190921182800_00160.jpg,datasets_flow/dataset_cropped/09_Metas/21/18/20190921182800_00160.jpg,datasets_cloudmask/dataset_cropped/09_Metas/21/18/20190921182800_00160.png,60.1,0,60.2,23.7,957
9/21/2019 18:29,datasets/dataset_cropped/09_Metas/21/18/20190921182900_00160.jpg,datasets_flow/dataset_cropped/09_Metas/21/18/20190921182900_00160.jpg,datasets_cloudmask/dataset_cropped/09_Metas/21/18/20190921182900_00160.png,60.3,0,60.5,23.7,957
9/21/2019 18:30,datasets/dataset_cropped/09_Metas/21/18/20190921183000_00160.jpg,datasets_flow/dataset_cropped/09_Metas/21/18/20190921183000_00160.jpg,datasets_cloudmask/dataset_cropped/09_Metas/21/18/20190921183000_00160.png,60.1,0,60.3,23.7,957
9/21/2019 18:31,datasets/dataset_cropped/09_Metas/21/18/20190921183100_00160.jpg,datasets_flow/dataset_cropped/09_Metas/21/18/20190921183100_00160.jpg,datasets_cloudmask/dataset_cropped/09_Metas/21/18/20190921183100_00160.png,59.5,0,59.7,23.7,957
9/21/2019 18:32,datasets/dataset_cropped/09_Metas/21/18/20190921183200_00160.jpg,datasets_flow/dataset_cropped/09_Metas/21/18/20190921183200_00160.jpg,datasets_cloudmask/dataset_cropped/09_Metas/21/18/20190921183200_00160.png,58.5,0,58.6,23.7,957
9/21/2019 18:33,datasets/dataset_cropped/09_Metas/21/18/20190921183300_00160.jpg,datasets_flow/dataset_cropped/09_Metas/21/18/20190921183300_00160.jpg,datasets_cloudmask/dataset_cropped/09_Metas/21/18/20190921183300_00160.png,57.1,0,57.2,23.7,957
9/21/2019 18:34,datasets/dataset_cropped/09_Metas/21/18/20190921183400_00160.jpg,datasets_flow/dataset_cropped/09_Metas/21/18/20190921183400_00160.jpg,datasets_cloudmask/dataset_cropped/09_Metas/21/18/20190921183400_00160.png,55.3,0,55.4,23.7,957
9/21/2019 18:35,datasets/dataset_cropped/09_Metas/21/18/20190921183500_00160.jpg,datasets_flow/dataset_cropped/09_Metas/21/18/20190921183500_00160.jpg,datasets_cloudmask/dataset_cropped/09_Metas/21/18/20190921183500_00160.png,53.1,0,53.2,23.6,957
9/21/2019 18:36,datasets/dataset_cropped/09_Metas/21/18/20190921183600_00160.jpg,datasets_flow/dataset_cropped/09_Metas/21/18/20190921183600_00160.jpg,datasets_cloudmask/dataset_cropped/09_Metas/21/18/20190921183600_00160.png,50.7,0,50.8,23.6,957
9/21/2019 18:37,datasets/dataset_cropped/09_Metas/21/18/20190921183700_00160.jpg,datasets_flow/dataset_cropped/09_Metas/21/18/20190921183700_00160.jpg,datasets_cloudmask/dataset_cropped/09_Metas/21/18/20190921183700_00160.png,48.1,0,48.2,23.6,957
9/21/2019 18:38,datasets/dataset_cropped/09_Metas/21/18/20190921183800_00160.jpg,datasets_flow/dataset_cropped/09_Metas/21/18/20190921183800_00160.jpg,datasets_cloudmask/dataset_cropped/09_Metas/21/18/20190921183800_00160.png,45.3,0,45.4,23.6,957
9/21/2019 18:39,datasets/dataset_cropped/09_Metas/21/18/20190921183900_00160.jpg,datasets_flow/dataset_cropped/09_Metas/21/18/20190921183900_00160.jpg,datasets_cloudmask/dataset_cropped/09_Metas/21/18/20190921183900_00160.png,42.5,0,42.5,23.5,957
9/21/2019 18:40,datasets/dataset_cropped/09_Metas/21/18/20190921184000_00160.jpg,datasets_flow/dataset_cropped/09_Metas/21/18/20190921184000_00160.jpg,datasets_cloudmask/dataset_cropped/09_Metas/21/18/20190921184000_00160.png,39.7,0,39.8,23.5,957
9/21/2019 18:41,datasets/dataset_cropped/09_Metas/21/18/20190921184100_00160.jpg,datasets_flow/dataset_cropped/09_Metas/21/18/20190921184100_00160.jpg,datasets_cloudmask/dataset_cropped/09_Metas/21/18/20190921184100_00160.png,37,0,37.1,23.5,957
9/21/2019 18:42,datasets/dataset_cropped/09_Metas/21/18/20190921184200_00160.jpg,datasets_flow/dataset_cropped/09_Metas/21/18/20190921184200_00160.jpg,datasets_cloudmask/dataset_cropped/09_Metas/21/18/20190921184200_00160.png,34.4,0,34.4,23.5,957
9/21/2019 18:43,datasets/dataset_cropped/09_Metas/21/18/20190921184300_00160.jpg,datasets_flow/dataset_cropped/09_Metas/21/18/20190921184300_00160.jpg,datasets_cloudmask/dataset_cropped/09_Metas/21/18/20190921184300_00160.png,31.9,0,31.9,23.4,957
9/21/2019 18:44,datasets/dataset_cropped/09_Metas/21/18/20190921184400_00160.jpg,datasets_flow/dataset_cropped/09_Metas/21/18/20190921184400_00160.jpg,datasets_cloudmask/dataset_cropped/09_Metas/21/18/20190921184400_00160.png,29.6,0,29.6,23.4,957
9/21/2019 18:45,datasets/dataset_cropped/09_Metas/21/18/20190921184500_00160.jpg,datasets_flow/dataset_cropped/09_Metas/21/18/20190921184500_00160.jpg,datasets_cloudmask/dataset_cropped/09_Metas/21/18/20190921184500_00160.png,27.4,0,27.4,23.4,957
9/21/2019 18:46,datasets/dataset_cropped/09_Metas/21/18/20190921184600_00160.jpg,datasets_flow/dataset_cropped/09_Metas/21/18/20190921184600_00160.jpg,datasets_cloudmask/dataset_cropped/09_Metas/21/18/20190921184600_00160.png,25.4,0,25.4,23.3,957
9/21/2019 18:47,datasets/dataset_cropped/09_Metas/21/18/20190921184700_00160.jpg,datasets_flow/dataset_cropped/09_Metas/21/18/20190921184700_00160.jpg,datasets_cloudmask/dataset_cropped/09_Metas/21/18/20190921184700_00160.png,23.6,0,23.5,23.3,957
9/21/2019 18:48,datasets/dataset_cropped/09_Metas/21/18/20190921184800_00160.jpg,datasets_flow/dataset_cropped/09_Metas/21/18/20190921184800_00160.jpg,datasets_cloudmask/dataset_cropped/09_Metas/21/18/20190921184800_00160.png,21.9,0,21.9,23.3,957
9/21/2019 18:49,datasets/dataset_cropped/09_Metas/21/18/20190921184900_00160.jpg,datasets_flow/dataset_cropped/09_Metas/21/18/20190921184900_00160.jpg,datasets_cloudmask/dataset_cropped/09_Metas/21/18/20190921184900_00160.png,20.4,0,20.4,23.3,957
9/21/2019 18:50,datasets/dataset_cropped/09_Metas/21/18/20190921185000_00160.jpg,datasets_flow/dataset_cropped/09_Metas/21/18/20190921185000_00160.jpg,datasets_cloudmask/dataset_cropped/09_Metas/21/18/20190921185000_00160.png,19,0,18.9,23.3,957
9/21/2019 18:51,datasets/dataset_cropped/09_Metas/21/18/20190921185100_00160.jpg,datasets_flow/dataset_cropped/09_Metas/21/18/20190921185100_00160.jpg,datasets_cloudmask/dataset_cropped/09_Metas/21/18/20190921185100_00160.png,17.6,0,17.6,23.3,957
9/21/2019 18:52,datasets/dataset_cropped/09_Metas/21/18/20190921185200_00160.jpg,datasets_flow/dataset_cropped/09_Metas/21/18/20190921185200_00160.jpg,datasets_cloudmask/dataset_cropped/09_Metas/21/18/20190921185200_00160.png,16.4,0,16.4,23.3,957
9/21/2019 18:53,datasets/dataset_cropped/09_Metas/21/18/20190921185300_00160.jpg,datasets_flow/dataset_cropped/09_Metas/21/18/20190921185300_00160.jpg,datasets_cloudmask/dataset_cropped/09_Metas/21/18/20190921185300_00160.png,15.4,0,15.3,23.3,957
9/21/2019 18:54,datasets/dataset_cropped/09_Metas/21/18/20190921185400_00160.jpg,datasets_flow/dataset_cropped/09_Metas/21/18/20190921185400_00160.jpg,datasets_cloudmask/dataset_cropped/09_Metas/21/18/20190921185400_00160.png,14.5,0,14.4,23.3,957
9/21/2019 18:55,datasets/dataset_cropped/09_Metas/21/18/20190921185500_00160.jpg,datasets_flow/dataset_cropped/09_Metas/21/18/20190921185500_00160.jpg,datasets_cloudmask/dataset_cropped/09_Metas/21/18/20190921185500_00160.png,13.7,0,13.7,23.3,957
9/21/2019 18:56,datasets/dataset_cropped/09_Metas/21/18/20190921185600_00160.jpg,datasets_flow/dataset_cropped/09_Metas/21/18/20190921185600_00160.jpg,datasets_cloudmask/dataset_cropped/09_Metas/21/18/20190921185600_00160.png,13.1,0,13.1,23.3,957
9/21/2019 18:57,datasets/dataset_cropped/09_Metas/21/18/20190921185700_00160.jpg,datasets_flow/dataset_cropped/09_Metas/21/18/20190921185700_00160.jpg,datasets_cloudmask/dataset_cropped/09_Metas/21/18/20190921185700_00160.png,12.5,0,12.4,23.3,957
9/21/2019 18:58,datasets/dataset_cropped/09_Metas/21/18/20190921185800_00160.jpg,datasets_flow/dataset_cropped/09_Metas/21/18/20190921185800_00160.jpg,datasets_cloudmask/dataset_cropped/09_Metas/21/18/20190921185800_00160.png,11.8,0,11.7,23.2,957
9/21/2019 18:59,datasets/dataset_cropped/09_Metas/21/18/20190921185900_00160.jpg,datasets_flow/dataset_cropped/09_Metas/21/18/20190921185900_00160.jpg,datasets_cloudmask/dataset_cropped/09_Metas/21/18/20190921185900_00160.png,11,0,10.9,23.2,957
9/21/2019 19:00,datasets/dataset_cropped/09_Metas/21/19/20190921190000_00160.jpg,datasets_flow/dataset_cropped/09_Metas/21/19/20190921190000_00160.jpg,datasets_cloudmask/dataset_cropped/09_Metas/21/19/20190921190000_00160.png,10,0,10,23.2,957
9/21/2019 19:01,datasets/dataset_cropped/09_Metas/21/19/20190921190100_00160.jpg,datasets_flow/dataset_cropped/09_Metas/21/19/20190921190100_00160.jpg,datasets_cloudmask/dataset_cropped/09_Metas/21/19/20190921190100_00160.png,9.1,0,9,23.2,957
9/21/2019 19:02,datasets/dataset_cropped/09_Metas/21/19/20190921190200_00160.jpg,datasets_flow/dataset_cropped/09_Metas/21/19/20190921190200_00160.jpg,datasets_cloudmask/dataset_cropped/09_Metas/21/19/20190921190200_00160.png,7.9,0,7.9,23.1,957
9/21/2019 19:03,datasets/dataset_cropped/09_Metas/21/19/20190921190300_00160.jpg,datasets_flow/dataset_cropped/09_Metas/21/19/20190921190300_00160.jpg,datasets_cloudmask/dataset_cropped/09_Metas/21/19/20190921190300_00160.png,6.8,0,6.7,23.1,957
9/21/2019 19:04,datasets/dataset_cropped/09_Metas/21/19/20190921190400_00160.jpg,datasets_flow/dataset_cropped/09_Metas/21/19/20190921190400_00160.jpg,datasets_cloudmask/dataset_cropped/09_Metas/21/19/20190921190400_00160.png,5.5,0,5.4,23.1,957
9/21/2019 19:05,datasets/dataset_cropped/09_Metas/21/19/20190921190500_00160.jpg,datasets_flow/dataset_cropped/09_Metas/21/19/20190921190500_00160.jpg,datasets_cloudmask/dataset_cropped/09_Metas/21/19/20190921190500_00160.png,4.2,0,4.1,23.1,957
9/21/2019 19:06,datasets/dataset_cropped/09_Metas/21/19/20190921190600_00160.jpg,datasets_flow/dataset_cropped/09_Metas/21/19/20190921190600_00160.jpg,datasets_cloudmask/dataset_cropped/09_Metas/21/19/20190921190600_00160.png,3,0,2.9,23.1,957
9/21/2019 19:07,datasets/dataset_cropped/09_Metas/21/19/20190921190700_00160.jpg,datasets_flow/dataset_cropped/09_Metas/21/19/20190921190700_00160.jpg,datasets_cloudmask/dataset_cropped/09_Metas/21/19/20190921190700_00160.png,1.9,0,1.8,23.1,957
9/22/2019 6:58,datasets/dataset_cropped/09_Metas/22/06/20190922065830_00160.jpg,datasets_flow/dataset_cropped/09_Metas/22/06/20190922065830_00160.jpg,datasets_cloudmask/dataset_cropped/09_Metas/22/06/20190922065830_00160.png,2.9,0,2.9,18.3,958
9/22/2019 6:59,datasets/dataset_cropped/09_Metas/22/06/20190922065900_00160.jpg,datasets_flow/dataset_cropped/09_Metas/22/06/20190922065900_00160.jpg,datasets_cloudmask/dataset_cropped/09_Metas/22/06/20190922065900_00160.png,2.9,0,2.9,18.3,958
9/22/2019 7:00,datasets/dataset_cropped/09_Metas/22/07/20190922070000_00160.jpg,datasets_flow/dataset_cropped/09_Metas/22/07/20190922070000_00160.jpg,datasets_cloudmask/dataset_cropped/09_Metas/22/07/20190922070000_00160.png,3.6,0,3.5,18.3,958
9/22/2019 7:01,datasets/dataset_cropped/09_Metas/22/07/20190922070100_00160.jpg,datasets_flow/dataset_cropped/09_Metas/22/07/20190922070100_00160.jpg,datasets_cloudmask/dataset_cropped/09_Metas/22/07/20190922070100_00160.png,4.2,0,4,18.3,958
9/22/2019 7:02,datasets/dataset_cropped/09_Metas/22/07/20190922070200_00160.jpg,datasets_flow/dataset_cropped/09_Metas/22/07/20190922070200_00160.jpg,datasets_cloudmask/dataset_cropped/09_Metas/22/07/20190922070200_00160.png,4.8,0,4.6,18.4,958
9/22/2019 7:03,datasets/dataset_cropped/09_Metas/22/07/20190922070300_00160.jpg,datasets_flow/dataset_cropped/09_Metas/22/07/20190922070300_00160.jpg,datasets_cloudmask/dataset_cropped/09_Metas/22/07/20190922070300_00160.png,5.7,0,5.6,18.4,958
9/22/2019 7:04,datasets/dataset_cropped/09_Metas/22/07/20190922070400_00160.jpg,datasets_flow/dataset_cropped/09_Metas/22/07/20190922070400_00160.jpg,datasets_cloudmask/dataset_cropped/09_Metas/22/07/20190922070400_00160.png,6.6,0,6.5,18.4,958
9/22/2019 7:05,datasets/dataset_cropped/09_Metas/22/07/20190922070500_00160.jpg,datasets_flow/dataset_cropped/09_Metas/22/07/20190922070500_00160.jpg,datasets_cloudmask/dataset_cropped/09_Metas/22/07/20190922070500_00160.png,7.3,0,7.3,18.4,958
9/22/2019 7:06,datasets/dataset_cropped/09_Metas/22/07/20190922070600_00160.jpg,datasets_flow/dataset_cropped/09_Metas/22/07/20190922070600_00160.jpg,datasets_cloudmask/dataset_cropped/09_Metas/22/07/20190922070600_00160.png,8,0,8.1,18.4,958
9/22/2019 7:07,datasets/dataset_cropped/09_Metas/22/07/20190922070700_00160.jpg,datasets_flow/dataset_cropped/09_Metas/22/07/20190922070700_00160.jpg,datasets_cloudmask/dataset_cropped/09_Metas/22/07/20190922070700_00160.png,8.7,0,8.8,18.4,958
9/22/2019 7:08,datasets/dataset_cropped/09_Metas/22/07/20190922070800_00160.jpg,datasets_flow/dataset_cropped/09_Metas/22/07/20190922070800_00160.jpg,datasets_cloudmask/dataset_cropped/09_Metas/22/07/20190922070800_00160.png,9.2,0,9.3,18.4,958
9/22/2019 7:09,datasets/dataset_cropped/09_Metas/22/07/20190922070900_00160.jpg,datasets_flow/dataset_cropped/09_Metas/22/07/20190922070900_00160.jpg,datasets_cloudmask/dataset_cropped/09_Metas/22/07/20190922070900_00160.png,9.6,0,9.7,18.4,958
9/22/2019 7:10,datasets/dataset_cropped/09_Metas/22/07/20190922071000_00160.jpg,datasets_flow/dataset_cropped/09_Metas/22/07/20190922071000_00160.jpg,datasets_cloudmask/dataset_cropped/09_Metas/22/07/20190922071000_00160.png,10.3,0,10.3,18.4,958
9/22/2019 7:11,datasets/dataset_cropped/09_Metas/22/07/20190922071100_00160.jpg,datasets_flow/dataset_cropped/09_Metas/22/07/20190922071100_00160.jpg,datasets_cloudmask/dataset_cropped/09_Metas/22/07/20190922071100_00160.png,10.7,0,10.7,18.4,958
9/22/2019 7:12,datasets/dataset_cropped/09_Metas/22/07/20190922071200_00160.jpg,datasets_flow/dataset_cropped/09_Metas/22/07/20190922071200_00160.jpg,datasets_cloudmask/dataset_cropped/09_Metas/22/07/20190922071200_00160.png,11.4,0,11.3,18.4,958
9/22/2019 7:13,datasets/dataset_cropped/09_Metas/22/07/20190922071300_00160.jpg,datasets_flow/dataset_cropped/09_Metas/22/07/20190922071300_00160.jpg,datasets_cloudmask/dataset_cropped/09_Metas/22/07/20190922071300_00160.png,13,0,12.9,18.4,958
9/22/2019 7:14,datasets/dataset_cropped/09_Metas/22/07/20190922071400_00160.jpg,datasets_flow/dataset_cropped/09_Metas/22/07/20190922071400_00160.jpg,datasets_cloudmask/dataset_cropped/09_Metas/22/07/20190922071400_00160.png,15.1,0,15,18.4,958
9/22/2019 7:15,datasets/dataset_cropped/09_Metas/22/07/20190922071500_00160.jpg,datasets_flow/dataset_cropped/09_Metas/22/07/20190922071500_00160.jpg,datasets_cloudmask/dataset_cropped/09_Metas/22/07/20190922071500_00160.png,15.9,0.2,16,18.4,958
9/22/2019 7:16,datasets/dataset_cropped/09_Metas/22/07/20190922071600_00160.jpg,datasets_flow/dataset_cropped/09_Metas/22/07/20190922071600_00160.jpg,datasets_cloudmask/dataset_cropped/09_Metas/22/07/20190922071600_00160.png,17.1,0.1,17.1,18.4,958
9/22/2019 7:17,datasets/dataset_cropped/09_Metas/22/07/20190922071700_00160.jpg,datasets_flow/dataset_cropped/09_Metas/22/07/20190922071700_00160.jpg,datasets_cloudmask/dataset_cropped/09_Metas/22/07/20190922071700_00160.png,21.3,0.2,21.4,18.4,958
9/22/2019 7:18,datasets/dataset_cropped/09_Metas/22/07/20190922071800_00160.jpg,datasets_flow/dataset_cropped/09_Metas/22/07/20190922071800_00160.jpg,datasets_cloudmask/dataset_cropped/09_Metas/22/07/20190922071800_00160.png,25.7,0.3,25.9,18.4,958
9/22/2019 7:19,datasets/dataset_cropped/09_Metas/22/07/20190922071900_00160.jpg,datasets_flow/dataset_cropped/09_Metas/22/07/20190922071900_00160.jpg,datasets_cloudmask/dataset_cropped/09_Metas/22/07/20190922071900_00160.png,25.3,0.3,25.5,18.5,958
9/22/2019 7:20,datasets/dataset_cropped/09_Metas/22/07/20190922072000_00160.jpg,datasets_flow/dataset_cropped/09_Metas/22/07/20190922072000_00160.jpg,datasets_cloudmask/dataset_cropped/09_Metas/22/07/20190922072000_00160.png,23.6,0.4,23.8,18.5,958
9/22/2019 7:21,datasets/dataset_cropped/09_Metas/22/07/20190922072100_00160.jpg,datasets_flow/dataset_cropped/09_Metas/22/07/20190922072100_00160.jpg,datasets_cloudmask/dataset_cropped/09_Metas/22/07/20190922072100_00160.png,20.6,0.4,20.8,18.5,958
9/22/2019 7:22,datasets/dataset_cropped/09_Metas/22/07/20190922072200_00160.jpg,datasets_flow/dataset_cropped/09_Metas/22/07/20190922072200_00160.jpg,datasets_cloudmask/dataset_cropped/09_Metas/22/07/20190922072200_00160.png,16.8,0.3,16.9,18.6,958
9/22/2019 7:23,datasets/dataset_cropped/09_Metas/22/07/20190922072300_00160.jpg,datasets_flow/dataset_cropped/09_Metas/22/07/20190922072300_00160.jpg,datasets_cloudmask/dataset_cropped/09_Metas/22/07/20190922072300_00160.png,14.9,0.3,15.1,18.6,958
9/22/2019 7:24,datasets/dataset_cropped/09_Metas/22/07/20190922072400_00160.jpg,datasets_flow/dataset_cropped/09_Metas/22/07/20190922072400_00160.jpg,datasets_cloudmask/dataset_cropped/09_Metas/22/07/20190922072400_00160.png,13.7,0.3,13.9,18.6,958
9/22/2019 7:25,datasets/dataset_cropped/09_Metas/22/07/20190922072500_00160.jpg,datasets_flow/dataset_cropped/09_Metas/22/07/20190922072500_00160.jpg,datasets_cloudmask/dataset_cropped/09_Metas/22/07/20190922072500_00160.png,13.5,0.3,13.7,18.7,958
9/22/2019 7:26,datasets/dataset_cropped/09_Metas/22/07/20190922072600_00160.jpg,datasets_flow/dataset_cropped/09_Metas/22/07/20190922072600_00160.jpg,datasets_cloudmask/dataset_cropped/09_Metas/22/07/20190922072600_00160.png,13.7,0.2,13.9,18.7,958
9/22/2019 7:27,datasets/dataset_cropped/09_Metas/22/07/20190922072700_00160.jpg,datasets_flow/dataset_cropped/09_Metas/22/07/20190922072700_00160.jpg,datasets_cloudmask/dataset_cropped/09_Metas/22/07/20190922072700_00160.png,14,0.2,14.3,18.7,958
9/22/2019 7:28,datasets/dataset_cropped/09_Metas/22/07/20190922072800_00160.jpg,datasets_flow/dataset_cropped/09_Metas/22/07/20190922072800_00160.jpg,datasets_cloudmask/dataset_cropped/09_Metas/22/07/20190922072800_00160.png,14.8,0.2,15,18.7,958
9/22/2019 7:29,datasets/dataset_cropped/09_Metas/22/07/20190922072900_00160.jpg,datasets_flow/dataset_cropped/09_Metas/22/07/20190922072900_00160.jpg,datasets_cloudmask/dataset_cropped/09_Metas/22/07/20190922072900_00160.png,15.1,0.2,15.3,18.7,958
9/22/2019 7:30,datasets/dataset_cropped/09_Metas/22/07/20190922073000_00160.jpg,datasets_flow/dataset_cropped/09_Metas/22/07/20190922073000_00160.jpg,datasets_cloudmask/dataset_cropped/09_Metas/22/07/20190922073000_00160.png,15.5,0.2,15.7,18.8,958
9/22/2019 7:31,datasets/dataset_cropped/09_Metas/22/07/20190922073100_00160.jpg,datasets_flow/dataset_cropped/09_Metas/22/07/20190922073100_00160.jpg,datasets_cloudmask/dataset_cropped/09_Metas/22/07/20190922073100_00160.png,16.3,0.3,16.6,18.8,958
9/22/2019 7:32,datasets/dataset_cropped/09_Metas/22/07/20190922073200_00160.jpg,datasets_flow/dataset_cropped/09_Metas/22/07/20190922073200_00160.jpg,datasets_cloudmask/dataset_cropped/09_Metas/22/07/20190922073200_00160.png,17.6,0.3,17.9,18.8,958
9/22/2019 7:33,datasets/dataset_cropped/09_Metas/22/07/20190922073300_00160.jpg,datasets_flow/dataset_cropped/09_Metas/22/07/20190922073300_00160.jpg,datasets_cloudmask/dataset_cropped/09_Metas/22/07/20190922073300_00160.png,19,0.3,19.2,18.8,958
9/22/2019 7:34,datasets/dataset_cropped/09_Metas/22/07/20190922073400_00160.jpg,datasets_flow/dataset_cropped/09_Metas/22/07/20190922073400_00160.jpg,datasets_cloudmask/dataset_cropped/09_Metas/22/07/20190922073400_00160.png,18.9,0.3,19.1,18.8,958
9/22/2019 7:35,datasets/dataset_cropped/09_Metas/22/07/20190922073500_00160.jpg,datasets_flow/dataset_cropped/09_Metas/22/07/20190922073500_00160.jpg,datasets_cloudmask/dataset_cropped/09_Metas/22/07/20190922073500_00160.png,18.2,0.3,18.4,18.8,958
9/22/2019 7:36,datasets/dataset_cropped/09_Metas/22/07/20190922073600_00160.jpg,datasets_flow/dataset_cropped/09_Metas/22/07/20190922073600_00160.jpg,datasets_cloudmask/dataset_cropped/09_Metas/22/07/20190922073600_00160.png,18.5,0.3,18.7,18.8,958
9/22/2019 7:37,datasets/dataset_cropped/09_Metas/22/07/20190922073700_00160.jpg,datasets_flow/dataset_cropped/09_Metas/22/07/20190922073700_00160.jpg,datasets_cloudmask/dataset_cropped/09_Metas/22/07/20190922073700_00160.png,19.2,0.3,19.4,18.8,958
9/22/2019 7:38,datasets/dataset_cropped/09_Metas/22/07/20190922073800_00160.jpg,datasets_flow/dataset_cropped/09_Metas/22/07/20190922073800_00160.jpg,datasets_cloudmask/dataset_cropped/09_Metas/22/07/20190922073800_00160.png,18.9,0.3,19,18.8,958
9/22/2019 7:39,datasets/dataset_cropped/09_Metas/22/07/20190922073900_00160.jpg,datasets_flow/dataset_cropped/09_Metas/22/07/20190922073900_00160.jpg,datasets_cloudmask/dataset_cropped/09_Metas/22/07/20190922073900_00160.png,19.8,0.3,20,18.8,958
9/22/2019 7:40,datasets/dataset_cropped/09_Metas/22/07/20190922074000_00160.jpg,datasets_flow/dataset_cropped/09_Metas/22/07/20190922074000_00160.jpg,datasets_cloudmask/dataset_cropped/09_Metas/22/07/20190922074000_00160.png,23.6,0.3,23.7,18.8,958
9/22/2019 7:41,datasets/dataset_cropped/09_Metas/22/07/20190922074100_00160.jpg,datasets_flow/dataset_cropped/09_Metas/22/07/20190922074100_00160.jpg,datasets_cloudmask/dataset_cropped/09_Metas/22/07/20190922074100_00160.png,25.7,0.3,25.8,18.8,958
9/22/2019 7:42,datasets/dataset_cropped/09_Metas/22/07/20190922074200_00160.jpg,datasets_flow/dataset_cropped/09_Metas/22/07/20190922074200_00160.jpg,datasets_cloudmask/dataset_cropped/09_Metas/22/07/20190922074200_00160.png,26.3,0.3,26.5,18.8,958
9/22/2019 7:43,datasets/dataset_cropped/09_Metas/22/07/20190922074300_00160.jpg,datasets_flow/dataset_cropped/09_Metas/22/07/20190922074300_00160.jpg,datasets_cloudmask/dataset_cropped/09_Metas/22/07/20190922074300_00160.png,26.8,0.3,26.9,18.8,958
9/22/2019 7:44,datasets/dataset_cropped/09_Metas/22/07/20190922074400_00160.jpg,datasets_flow/dataset_cropped/09_Metas/22/07/20190922074400_00160.jpg,datasets_cloudmask/dataset_cropped/09_Metas/22/07/20190922074400_00160.png,20.9,0.4,21.1,18.9,958
9/22/2019 7:45,datasets/dataset_cropped/09_Metas/22/07/20190922074500_00160.jpg,datasets_flow/dataset_cropped/09_Metas/22/07/20190922074500_00160.jpg,datasets_cloudmask/dataset_cropped/09_Metas/22/07/20190922074500_00160.png,22.3,0.4,22.4,18.8,958
9/22/2019 7:46,datasets/dataset_cropped/09_Metas/22/07/20190922074600_00160.jpg,datasets_flow/dataset_cropped/09_Metas/22/07/20190922074600_00160.jpg,datasets_cloudmask/dataset_cropped/09_Metas/22/07/20190922074600_00160.png,29.2,0.4,29.4,18.7,958
9/22/2019 7:47,datasets/dataset_cropped/09_Metas/22/07/20190922074700_00160.jpg,datasets_flow/dataset_cropped/09_Metas/22/07/20190922074700_00160.jpg,datasets_cloudmask/dataset_cropped/09_Metas/22/07/20190922074700_00160.png,31.4,0.4,31.6,18.7,958
9/22/2019 7:48,datasets/dataset_cropped/09_Metas/22/07/20190922074800_00160.jpg,datasets_flow/dataset_cropped/09_Metas/22/07/20190922074800_00160.jpg,datasets_cloudmask/dataset_cropped/09_Metas/22/07/20190922074800_00160.png,27.3,0.4,27.4,18.7,958
9/22/2019 7:49,datasets/dataset_cropped/09_Metas/22/07/20190922074900_00160.jpg,datasets_flow/dataset_cropped/09_Metas/22/07/20190922074900_00160.jpg,datasets_cloudmask/dataset_cropped/09_Metas/22/07/20190922074900_00160.png,35,0.5,35.2,18.7,958
9/22/2019 7:50,datasets/dataset_cropped/09_Metas/22/07/20190922075000_00160.jpg,datasets_flow/dataset_cropped/09_Metas/22/07/20190922075000_00160.jpg,datasets_cloudmask/dataset_cropped/09_Metas/22/07/20190922075000_00160.png,32.5,0.4,32.7,18.8,958
9/22/2019 7:51,datasets/dataset_cropped/09_Metas/22/07/20190922075100_00160.jpg,datasets_flow/dataset_cropped/09_Metas/22/07/20190922075100_00160.jpg,datasets_cloudmask/dataset_cropped/09_Metas/22/07/20190922075100_00160.png,41.5,0.3,41.6,18.9,958
9/22/2019 7:52,datasets/dataset_cropped/09_Metas/22/07/20190922075200_00160.jpg,datasets_flow/dataset_cropped/09_Metas/22/07/20190922075200_00160.jpg,datasets_cloudmask/dataset_cropped/09_Metas/22/07/20190922075200_00160.png,42.7,0.2,42.8,19,958
9/22/2019 7:53,datasets/dataset_cropped/09_Metas/22/07/20190922075300_00160.jpg,datasets_flow/dataset_cropped/09_Metas/22/07/20190922075300_00160.jpg,datasets_cloudmask/dataset_cropped/09_Metas/22/07/20190922075300_00160.png,43.2,0.1,43.3,19,958
9/22/2019 7:54,datasets/dataset_cropped/09_Metas/22/07/20190922075400_00160.jpg,datasets_flow/dataset_cropped/09_Metas/22/07/20190922075400_00160.jpg,datasets_cloudmask/dataset_cropped/09_Metas/22/07/20190922075400_00160.png,46.7,0.1,46.8,18.9,958
9/22/2019 7:55,datasets/dataset_cropped/09_Metas/22/07/20190922075500_00160.jpg,datasets_flow/dataset_cropped/09_Metas/22/07/20190922075500_00160.jpg,datasets_cloudmask/dataset_cropped/09_Metas/22/07/20190922075500_00160.png,56.2,0.2,56.5,18.7,958
9/22/2019 7:56,datasets/dataset_cropped/09_Metas/22/07/20190922075600_00160.jpg,datasets_flow/dataset_cropped/09_Metas/22/07/20190922075600_00160.jpg,datasets_cloudmask/dataset_cropped/09_Metas/22/07/20190922075600_00160.png,65.3,0.2,65.6,18.8,958
9/22/2019 7:57,datasets/dataset_cropped/09_Metas/22/07/20190922075700_00160.jpg,datasets_flow/dataset_cropped/09_Metas/22/07/20190922075700_00160.jpg,datasets_cloudmask/dataset_cropped/09_Metas/22/07/20190922075700_00160.png,70.7,0.2,71.2,18.8,958
9/22/2019 7:58,datasets/dataset_cropped/09_Metas/22/07/20190922075800_00160.jpg,datasets_flow/dataset_cropped/09_Metas/22/07/20190922075800_00160.jpg,datasets_cloudmask/dataset_cropped/09_Metas/22/07/20190922075800_00160.png,72.8,0.2,73.3,18.8,958
9/22/2019 7:59,datasets/dataset_cropped/09_Metas/22/07/20190922075900_00160.jpg,datasets_flow/dataset_cropped/09_Metas/22/07/20190922075900_00160.jpg,datasets_cloudmask/dataset_cropped/09_Metas/22/07/20190922075900_00160.png,65.4,0.2,65.7,18.8,958
9/22/2019 8:00,datasets/dataset_cropped/09_Metas/22/08/20190922080000_00160.jpg,datasets_flow/dataset_cropped/09_Metas/22/08/20190922080000_00160.jpg,datasets_cloudmask/dataset_cropped/09_Metas/22/08/20190922080000_00160.png,71.9,0,72.3,18.9,958
9/22/2019 8:01,datasets/dataset_cropped/09_Metas/22/08/20190922080100_00160.jpg,datasets_flow/dataset_cropped/09_Metas/22/08/20190922080100_00160.jpg,datasets_cloudmask/dataset_cropped/09_Metas/22/08/20190922080100_00160.png,71.2,0,71.5,19,958
9/22/2019 8:02,datasets/dataset_cropped/09_Metas/22/08/20190922080200_00160.jpg,datasets_flow/dataset_cropped/09_Metas/22/08/20190922080200_00160.jpg,datasets_cloudmask/dataset_cropped/09_Metas/22/08/20190922080200_00160.png,66.1,0,66.3,19,958
9/22/2019 8:03,datasets/dataset_cropped/09_Metas/22/08/20190922080300_00160.jpg,datasets_flow/dataset_cropped/09_Metas/22/08/20190922080300_00160.jpg,datasets_cloudmask/dataset_cropped/09_Metas/22/08/20190922080300_00160.png,71.9,0,72.2,19,958
9/22/2019 8:04,datasets/dataset_cropped/09_Metas/22/08/20190922080400_00160.jpg,datasets_flow/dataset_cropped/09_Metas/22/08/20190922080400_00160.jpg,datasets_cloudmask/dataset_cropped/09_Metas/22/08/20190922080400_00160.png,82.6,0,82.9,19,958
9/22/2019 8:05,datasets/dataset_cropped/09_Metas/22/08/20190922080500_00160.jpg,datasets_flow/dataset_cropped/09_Metas/22/08/20190922080500_00160.jpg,datasets_cloudmask/dataset_cropped/09_Metas/22/08/20190922080500_00160.png,106.7,0.2,107.2,18.9,959
9/22/2019 8:06,datasets/dataset_cropped/09_Metas/22/08/20190922080600_00160.jpg,datasets_flow/dataset_cropped/09_Metas/22/08/20190922080600_00160.jpg,datasets_cloudmask/dataset_cropped/09_Metas/22/08/20190922080600_00160.png,114.2,0.4,115.1,18.9,958
9/22/2019 8:07,datasets/dataset_cropped/09_Metas/22/08/20190922080700_00160.jpg,datasets_flow/dataset_cropped/09_Metas/22/08/20190922080700_00160.jpg,datasets_cloudmask/dataset_cropped/09_Metas/22/08/20190922080700_00160.png,96.4,1.5,96.8,18.8,958
9/22/2019 8:08,datasets/dataset_cropped/09_Metas/22/08/20190922080800_00160.jpg,datasets_flow/dataset_cropped/09_Metas/22/08/20190922080800_00160.jpg,datasets_cloudmask/dataset_cropped/09_Metas/22/08/20190922080800_00160.png,82.9,6.2,81.7,18.7,959
9/22/2019 8:09,datasets/dataset_cropped/09_Metas/22/08/20190922080900_00160.jpg,datasets_flow/dataset_cropped/09_Metas/22/08/20190922080900_00160.jpg,datasets_cloudmask/dataset_cropped/09_Metas/22/08/20190922080900_00160.png,92.5,29.7,84.5,18.7,958
9/22/2019 8:10,datasets/dataset_cropped/09_Metas/22/08/20190922081000_00160.jpg,datasets_flow/dataset_cropped/09_Metas/22/08/20190922081000_00160.jpg,datasets_cloudmask/dataset_cropped/09_Metas/22/08/20190922081000_00160.png,123.8,195.9,71.7,18.9,958
9/22/2019 8:11,datasets/dataset_cropped/09_Metas/22/08/20190922081100_00160.jpg,datasets_flow/dataset_cropped/09_Metas/22/08/20190922081100_00160.jpg,datasets_cloudmask/dataset_cropped/09_Metas/22/08/20190922081100_00160.png,189.2,426.9,75.8,18.8,959
9/22/2019 8:12,datasets/dataset_cropped/09_Metas/22/08/20190922081200_00160.jpg,datasets_flow/dataset_cropped/09_Metas/22/08/20190922081200_00160.jpg,datasets_cloudmask/dataset_cropped/09_Metas/22/08/20190922081200_00160.png,184.4,412.6,74.9,18.7,958
9/22/2019 8:13,datasets/dataset_cropped/09_Metas/22/08/20190922081300_00160.jpg,datasets_flow/dataset_cropped/09_Metas/22/08/20190922081300_00160.jpg,datasets_cloudmask/dataset_cropped/09_Metas/22/08/20190922081300_00160.png,208.1,499.7,76.1,18.9,959
9/22/2019 8:14,datasets/dataset_cropped/09_Metas/22/08/20190922081400_00160.jpg,datasets_flow/dataset_cropped/09_Metas/22/08/20190922081400_00160.jpg,datasets_cloudmask/dataset_cropped/09_Metas/22/08/20190922081400_00160.png,203.6,492.4,75.3,19,958
9/22/2019 8:15,datasets/dataset_cropped/09_Metas/22/08/20190922081500_00160.jpg,datasets_flow/dataset_cropped/09_Metas/22/08/20190922081500_00160.jpg,datasets_cloudmask/dataset_cropped/09_Metas/22/08/20190922081500_00160.png,197.9,474.2,74.8,19,958
9/22/2019 8:16,datasets/dataset_cropped/09_Metas/22/08/20190922081600_00160.jpg,datasets_flow/dataset_cropped/09_Metas/22/08/20190922081600_00160.jpg,datasets_cloudmask/dataset_cropped/09_Metas/22/08/20190922081600_00160.png,164.4,357,71.7,19,958
9/22/2019 8:17,datasets/dataset_cropped/09_Metas/22/08/20190922081700_00160.jpg,datasets_flow/dataset_cropped/09_Metas/22/08/20190922081700_00160.jpg,datasets_cloudmask/dataset_cropped/09_Metas/22/08/20190922081700_00160.png,139.9,264.1,70.3,19.1,959
9/22/2019 8:18,datasets/dataset_cropped/09_Metas/22/08/20190922081800_00160.jpg,datasets_flow/dataset_cropped/09_Metas/22/08/20190922081800_00160.jpg,datasets_cloudmask/dataset_cropped/09_Metas/22/08/20190922081800_00160.png,163.3,341.1,72.5,19,959
9/22/2019 8:19,datasets/dataset_cropped/09_Metas/22/08/20190922081900_00160.jpg,datasets_flow/dataset_cropped/09_Metas/22/08/20190922081900_00160.jpg,datasets_cloudmask/dataset_cropped/09_Metas/22/08/20190922081900_00160.png,181.6,397.1,74.8,19,959
9/22/2019 8:20,datasets/dataset_cropped/09_Metas/22/08/20190922082000_00160.jpg,datasets_flow/dataset_cropped/09_Metas/22/08/20190922082000_00160.jpg,datasets_cloudmask/dataset_cropped/09_Metas/22/08/20190922082000_00160.png,207.2,479.6,76.9,19.1,959
9/22/2019 8:21,datasets/dataset_cropped/09_Metas/22/08/20190922082100_00160.jpg,datasets_flow/dataset_cropped/09_Metas/22/08/20190922082100_00160.jpg,datasets_cloudmask/dataset_cropped/09_Metas/22/08/20190922082100_00160.png,195.4,430.4,77.2,19.1,959
9/22/2019 8:22,datasets/dataset_cropped/09_Metas/22/08/20190922082200_00160.jpg,datasets_flow/dataset_cropped/09_Metas/22/08/20190922082200_00160.jpg,datasets_cloudmask/dataset_cropped/09_Metas/22/08/20190922082200_00160.png,197.4,429.2,78,19.2,959
9/22/2019 8:23,datasets/dataset_cropped/09_Metas/22/08/20190922082300_00160.jpg,datasets_flow/dataset_cropped/09_Metas/22/08/20190922082300_00160.jpg,datasets_cloudmask/dataset_cropped/09_Metas/22/08/20190922082300_00160.png,222.8,504.4,80.8,19.2,959
9/22/2019 8:24,datasets/dataset_cropped/09_Metas/22/08/20190922082400_00160.jpg,datasets_flow/dataset_cropped/09_Metas/22/08/20190922082400_00160.jpg,datasets_cloudmask/dataset_cropped/09_Metas/22/08/20190922082400_00160.png,239.2,548.2,83.2,19.3,959
9/22/2019 8:25,datasets/dataset_cropped/09_Metas/22/08/20190922082500_00160.jpg,datasets_flow/dataset_cropped/09_Metas/22/08/20190922082500_00160.jpg,datasets_cloudmask/dataset_cropped/09_Metas/22/08/20190922082500_00160.png,243.6,553.7,84.5,19.4,959
9/22/2019 8:26,datasets/dataset_cropped/09_Metas/22/08/20190922082600_00160.jpg,datasets_flow/dataset_cropped/09_Metas/22/08/20190922082600_00160.jpg,datasets_cloudmask/dataset_cropped/09_Metas/22/08/20190922082600_00160.png,246.7,554.9,85.5,19.6,959
9/22/2019 8:27,datasets/dataset_cropped/09_Metas/22/08/20190922082700_00160.jpg,datasets_flow/dataset_cropped/09_Metas/22/08/20190922082700_00160.jpg,datasets_cloudmask/dataset_cropped/09_Metas/22/08/20190922082700_00160.png,247.1,545.6,87.1,19.7,959
9/22/2019 8:28,datasets/dataset_cropped/09_Metas/22/08/20190922082800_00160.jpg,datasets_flow/dataset_cropped/09_Metas/22/08/20190922082800_00160.jpg,datasets_cloudmask/dataset_cropped/09_Metas/22/08/20190922082800_00160.png,255.7,556.7,90.9,19.8,959
9/22/2019 8:29,datasets/dataset_cropped/09_Metas/22/08/20190922082900_00160.jpg,datasets_flow/dataset_cropped/09_Metas/22/08/20190922082900_00160.jpg,datasets_cloudmask/dataset_cropped/09_Metas/22/08/20190922082900_00160.png,259.8,554.3,93.8,19.8,959
9/22/2019 8:30,datasets/dataset_cropped/09_Metas/22/08/20190922083000_00160.jpg,datasets_flow/dataset_cropped/09_Metas/22/08/20190922083000_00160.jpg,datasets_cloudmask/dataset_cropped/09_Metas/22/08/20190922083000_00160.png,265.4,560,95.7,19.8,959
9/22/2019 8:31,datasets/dataset_cropped/09_Metas/22/08/20190922083100_00160.jpg,datasets_flow/dataset_cropped/09_Metas/22/08/20190922083100_00160.jpg,datasets_cloudmask/dataset_cropped/09_Metas/22/08/20190922083100_00160.png,273.8,582.3,95.5,19.6,959
9/22/2019 8:32,datasets/dataset_cropped/09_Metas/22/08/20190922083200_00160.jpg,datasets_flow/dataset_cropped/09_Metas/22/08/20190922083200_00160.jpg,datasets_cloudmask/dataset_cropped/09_Metas/22/08/20190922083200_00160.png,282.7,607.6,94.9,19.6,959
9/22/2019 8:33,datasets/dataset_cropped/09_Metas/22/08/20190922083300_00160.jpg,datasets_flow/dataset_cropped/09_Metas/22/08/20190922083300_00160.jpg,datasets_cloudmask/dataset_cropped/09_Metas/22/08/20190922083300_00160.png,287.3,615.6,95.1,19.7,959
9/22/2019 8:34,datasets/dataset_cropped/09_Metas/22/08/20190922083400_00160.jpg,datasets_flow/dataset_cropped/09_Metas/22/08/20190922083400_00160.jpg,datasets_cloudmask/dataset_cropped/09_Metas/22/08/20190922083400_00160.png,291.2,620.7,95.4,19.8,959
9/22/2019 8:35,datasets/dataset_cropped/09_Metas/22/08/20190922083500_00160.jpg,datasets_flow/dataset_cropped/09_Metas/22/08/20190922083500_00160.jpg,datasets_cloudmask/dataset_cropped/09_Metas/22/08/20190922083500_00160.png,294.4,621.9,96.2,19.7,959
9/22/2019 8:36,datasets/dataset_cropped/09_Metas/22/08/20190922083600_00160.jpg,datasets_flow/dataset_cropped/09_Metas/22/08/20190922083600_00160.jpg,datasets_cloudmask/dataset_cropped/09_Metas/22/08/20190922083600_00160.png,298.3,625.3,96.9,19.7,959
9/22/2019 8:37,datasets/dataset_cropped/09_Metas/22/08/20190922083700_00160.jpg,datasets_flow/dataset_cropped/09_Metas/22/08/20190922083700_00160.jpg,datasets_cloudmask/dataset_cropped/09_Metas/22/08/20190922083700_00160.png,302.3,629.7,97.6,19.8,959
9/22/2019 8:38,datasets/dataset_cropped/09_Metas/22/08/20190922083800_00160.jpg,datasets_flow/dataset_cropped/09_Metas/22/08/20190922083800_00160.jpg,datasets_cloudmask/dataset_cropped/09_Metas/22/08/20190922083800_00160.png,309.5,640.7,99,19.9,959
9/22/2019 8:39,datasets/dataset_cropped/09_Metas/22/08/20190922083900_00160.jpg,datasets_flow/dataset_cropped/09_Metas/22/08/20190922083900_00160.jpg,datasets_cloudmask/dataset_cropped/09_Metas/22/08/20190922083900_00160.png,311.1,637.1,99.8,19.9,959
9/22/2019 8:40,datasets/dataset_cropped/09_Metas/22/08/20190922084000_00160.jpg,datasets_flow/dataset_cropped/09_Metas/22/08/20190922084000_00160.jpg,datasets_cloudmask/dataset_cropped/09_Metas/22/08/20190922084000_00160.png,316.1,642.8,100.8,19.9,959
9/22/2019 8:41,datasets/dataset_cropped/09_Metas/22/08/20190922084100_00160.jpg,datasets_flow/dataset_cropped/09_Metas/22/08/20190922084100_00160.jpg,datasets_cloudmask/dataset_cropped/09_Metas/22/08/20190922084100_00160.png,317.9,646.8,99.3,19.9,959
9/22/2019 8:42,datasets/dataset_cropped/09_Metas/22/08/20190922084200_00160.jpg,datasets_flow/dataset_cropped/09_Metas/22/08/20190922084200_00160.jpg,datasets_cloudmask/dataset_cropped/09_Metas/22/08/20190922084200_00160.png,318.4,652.9,95.6,19.9,959
9/22/2019 8:43,datasets/dataset_cropped/09_Metas/22/08/20190922084300_00160.jpg,datasets_flow/dataset_cropped/09_Metas/22/08/20190922084300_00160.jpg,datasets_cloudmask/dataset_cropped/09_Metas/22/08/20190922084300_00160.png,322.3,667.4,92.3,19.8,959
9/22/2019 8:44,datasets/dataset_cropped/09_Metas/22/08/20190922084400_00160.jpg,datasets_flow/dataset_cropped/09_Metas/22/08/20190922084400_00160.jpg,datasets_cloudmask/dataset_cropped/09_Metas/22/08/20190922084400_00160.png,329,682.4,91.8,19.9,959
9/22/2019 8:45,datasets/dataset_cropped/09_Metas/22/08/20190922084500_00160.jpg,datasets_flow/dataset_cropped/09_Metas/22/08/20190922084500_00160.jpg,datasets_cloudmask/dataset_cropped/09_Metas/22/08/20190922084500_00160.png,332.3,687.7,90.9,20,959
9/22/2019 8:46,datasets/dataset_cropped/09_Metas/22/08/20190922084600_00160.jpg,datasets_flow/dataset_cropped/09_Metas/22/08/20190922084600_00160.jpg,datasets_cloudmask/dataset_cropped/09_Metas/22/08/20190922084600_00160.png,333.9,687.8,90.5,20,959
9/22/2019 8:47,datasets/dataset_cropped/09_Metas/22/08/20190922084700_00160.jpg,datasets_flow/dataset_cropped/09_Metas/22/08/20190922084700_00160.jpg,datasets_cloudmask/dataset_cropped/09_Metas/22/08/20190922084700_00160.png,336.6,687,91.3,19.9,959
9/22/2019 8:48,datasets/dataset_cropped/09_Metas/22/08/20190922084800_00160.jpg,datasets_flow/dataset_cropped/09_Metas/22/08/20190922084800_00160.jpg,datasets_cloudmask/dataset_cropped/09_Metas/22/08/20190922084800_00160.png,338.2,683,92.3,20,959
9/22/2019 8:49,datasets/dataset_cropped/09_Metas/22/08/20190922084900_00160.jpg,datasets_flow/dataset_cropped/09_Metas/22/08/20190922084900_00160.jpg,datasets_cloudmask/dataset_cropped/09_Metas/22/08/20190922084900_00160.png,337.4,665.3,95.9,20.1,959
9/22/2019 8:50,datasets/dataset_cropped/09_Metas/22/08/20190922085000_00160.jpg,datasets_flow/dataset_cropped/09_Metas/22/08/20190922085000_00160.jpg,datasets_cloudmask/dataset_cropped/09_Metas/22/08/20190922085000_00160.png,334.5,646.3,98.2,20.1,959
9/22/2019 8:51,datasets/dataset_cropped/09_Metas/22/08/20190922085100_00160.jpg,datasets_flow/dataset_cropped/09_Metas/22/08/20190922085100_00160.jpg,datasets_cloudmask/dataset_cropped/09_Metas/22/08/20190922085100_00160.png,343.8,668.4,97.2,20.1,959
9/22/2019 8:52,datasets/dataset_cropped/09_Metas/22/08/20190922085200_00160.jpg,datasets_flow/dataset_cropped/09_Metas/22/08/20190922085200_00160.jpg,datasets_cloudmask/dataset_cropped/09_Metas/22/08/20190922085200_00160.png,351.1,684.8,96,20.2,959
9/22/2019 8:53,datasets/dataset_cropped/09_Metas/22/08/20190922085300_00160.jpg,datasets_flow/dataset_cropped/09_Metas/22/08/20190922085300_00160.jpg,datasets_cloudmask/dataset_cropped/09_Metas/22/08/20190922085300_00160.png,351.6,682.6,95.3,20.3,959
9/22/2019 8:54,datasets/dataset_cropped/09_Metas/22/08/20190922085400_00160.jpg,datasets_flow/dataset_cropped/09_Metas/22/08/20190922085400_00160.jpg,datasets_cloudmask/dataset_cropped/09_Metas/22/08/20190922085400_00160.png,345.7,666.8,93.4,20.4,959
9/22/2019 8:55,datasets/dataset_cropped/09_Metas/22/08/20190922085500_00160.jpg,datasets_flow/dataset_cropped/09_Metas/22/08/20190922085500_00160.jpg,datasets_cloudmask/dataset_cropped/09_Metas/22/08/20190922085500_00160.png,353.3,683.6,92.4,20.4,959
9/22/2019 8:56,datasets/dataset_cropped/09_Metas/22/08/20190922085600_00160.jpg,datasets_flow/dataset_cropped/09_Metas/22/08/20190922085600_00160.jpg,datasets_cloudmask/dataset_cropped/09_Metas/22/08/20190922085600_00160.png,355.9,691.5,89.9,20.5,959
9/22/2019 8:57,datasets/dataset_cropped/09_Metas/22/08/20190922085700_00160.jpg,datasets_flow/dataset_cropped/09_Metas/22/08/20190922085700_00160.jpg,datasets_cloudmask/dataset_cropped/09_Metas/22/08/20190922085700_00160.png,348.8,675,87,20.6,959
9/22/2019 8:58,datasets/dataset_cropped/09_Metas/22/08/20190922085800_00160.jpg,datasets_flow/dataset_cropped/09_Metas/22/08/20190922085800_00160.jpg,datasets_cloudmask/dataset_cropped/09_Metas/22/08/20190922085800_00160.png,349.9,676.1,85.7,20.9,959
9/22/2019 8:59,datasets/dataset_cropped/09_Metas/22/08/20190922085900_00160.jpg,datasets_flow/dataset_cropped/09_Metas/22/08/20190922085900_00160.jpg,datasets_cloudmask/dataset_cropped/09_Metas/22/08/20190922085900_00160.png,352.5,678.5,85.4,21,959
9/22/2019 9:00,datasets/dataset_cropped/09_Metas/22/09/20190922090000_00160.jpg,datasets_flow/dataset_cropped/09_Metas/22/09/20190922090000_00160.jpg,datasets_cloudmask/dataset_cropped/09_Metas/22/09/20190922090000_00160.png,357.9,687.6,85.3,20.9,959
9/22/2019 9:01,datasets/dataset_cropped/09_Metas/22/09/20190922090100_00160.jpg,datasets_flow/dataset_cropped/09_Metas/22/09/20190922090100_00160.jpg,datasets_cloudmask/dataset_cropped/09_Metas/22/09/20190922090100_00160.png,375.6,726.6,85.2,21,959
9/22/2019 9:02,datasets/dataset_cropped/09_Metas/22/09/20190922090200_00160.jpg,datasets_flow/dataset_cropped/09_Metas/22/09/20190922090200_00160.jpg,datasets_cloudmask/dataset_cropped/09_Metas/22/09/20190922090200_00160.png,373.4,717.1,84.7,20.9,959
9/22/2019 9:03,datasets/dataset_cropped/09_Metas/22/09/20190922090300_00160.jpg,datasets_flow/dataset_cropped/09_Metas/22/09/20190922090300_00160.jpg,datasets_cloudmask/dataset_cropped/09_Metas/22/09/20190922090300_00160.png,377.8,723.3,84.5,21.1,959
9/22/2019 9:04,datasets/dataset_cropped/09_Metas/22/09/20190922090400_00160.jpg,datasets_flow/dataset_cropped/09_Metas/22/09/20190922090400_00160.jpg,datasets_cloudmask/dataset_cropped/09_Metas/22/09/20190922090400_00160.png,390,747.6,84.8,21.2,959
9/22/2019 9:05,datasets/dataset_cropped/09_Metas/22/09/20190922090500_00160.jpg,datasets_flow/dataset_cropped/09_Metas/22/09/20190922090500_00160.jpg,datasets_cloudmask/dataset_cropped/09_Metas/22/09/20190922090500_00160.png,393.7,752.1,84.4,21.2,959
9/22/2019 9:06,datasets/dataset_cropped/09_Metas/22/09/20190922090600_00160.jpg,datasets_flow/dataset_cropped/09_Metas/22/09/20190922090600_00160.jpg,datasets_cloudmask/dataset_cropped/09_Metas/22/09/20190922090600_00160.png,394.1,749.3,83.7,21.4,959
9/22/2019 9:07,datasets/dataset_cropped/09_Metas/22/09/20190922090700_00160.jpg,datasets_flow/dataset_cropped/09_Metas/22/09/20190922090700_00160.jpg,datasets_cloudmask/dataset_cropped/09_Metas/22/09/20190922090700_00160.png,386.1,726.5,83,21.4,959
9/22/2019 9:08,datasets/dataset_cropped/09_Metas/22/09/20190922090800_00160.jpg,datasets_flow/dataset_cropped/09_Metas/22/09/20190922090800_00160.jpg,datasets_cloudmask/dataset_cropped/09_Metas/22/09/20190922090800_00160.png,386.8,723.5,82.7,21.6,959
9/22/2019 9:09,datasets/dataset_cropped/09_Metas/22/09/20190922090900_00160.jpg,datasets_flow/dataset_cropped/09_Metas/22/09/20190922090900_00160.jpg,datasets_cloudmask/dataset_cropped/09_Metas/22/09/20190922090900_00160.png,393.9,734.5,83,21.7,959
9/22/2019 9:10,datasets/dataset_cropped/09_Metas/22/09/20190922091000_00160.jpg,datasets_flow/dataset_cropped/09_Metas/22/09/20190922091000_00160.jpg,datasets_cloudmask/dataset_cropped/09_Metas/22/09/20190922091000_00160.png,404,751.8,83.5,21.9,959
9/22/2019 9:11,datasets/dataset_cropped/09_Metas/22/09/20190922091100_00160.jpg,datasets_flow/dataset_cropped/09_Metas/22/09/20190922091100_00160.jpg,datasets_cloudmask/dataset_cropped/09_Metas/22/09/20190922091100_00160.png,406.5,751.7,83.8,22.1,959
9/22/2019 9:12,datasets/dataset_cropped/09_Metas/22/09/20190922091200_00160.jpg,datasets_flow/dataset_cropped/09_Metas/22/09/20190922091200_00160.jpg,datasets_cloudmask/dataset_cropped/09_Metas/22/09/20190922091200_00160.png,411.9,757.7,84,22.1,959
9/22/2019 9:13,datasets/dataset_cropped/09_Metas/22/09/20190922091300_00160.jpg,datasets_flow/dataset_cropped/09_Metas/22/09/20190922091300_00160.jpg,datasets_cloudmask/dataset_cropped/09_Metas/22/09/20190922091300_00160.png,416.3,761.1,84.6,22.1,959
9/22/2019 9:14,datasets/dataset_cropped/09_Metas/22/09/20190922091400_00160.jpg,datasets_flow/dataset_cropped/09_Metas/22/09/20190922091400_00160.jpg,datasets_cloudmask/dataset_cropped/09_Metas/22/09/20190922091400_00160.png,408.2,737.6,84.6,22,959
9/22/2019 9:15,datasets/dataset_cropped/09_Metas/22/09/20190922091500_00160.jpg,datasets_flow/dataset_cropped/09_Metas/22/09/20190922091500_00160.jpg,datasets_cloudmask/dataset_cropped/09_Metas/22/09/20190922091500_00160.png,410,736.9,84.6,22,959
9/22/2019 9:16,datasets/dataset_cropped/09_Metas/22/09/20190922091600_00160.jpg,datasets_flow/dataset_cropped/09_Metas/22/09/20190922091600_00160.jpg,datasets_cloudmask/dataset_cropped/09_Metas/22/09/20190922091600_00160.png,411.4,735.9,84.8,22,959
9/22/2019 9:17,datasets/dataset_cropped/09_Metas/22/09/20190922091700_00160.jpg,datasets_flow/dataset_cropped/09_Metas/22/09/20190922091700_00160.jpg,datasets_cloudmask/dataset_cropped/09_Metas/22/09/20190922091700_00160.png,408.3,724.1,84.8,22.1,959
9/22/2019 9:18,datasets/dataset_cropped/09_Metas/22/09/20190922091800_00160.jpg,datasets_flow/dataset_cropped/09_Metas/22/09/20190922091800_00160.jpg,datasets_cloudmask/dataset_cropped/09_Metas/22/09/20190922091800_00160.png,415.3,734.7,85,22.2,959
9/22/2019 9:19,datasets/dataset_cropped/09_Metas/22/09/20190922091900_00160.jpg,datasets_flow/dataset_cropped/09_Metas/22/09/20190922091900_00160.jpg,datasets_cloudmask/dataset_cropped/09_Metas/22/09/20190922091900_00160.png,392.9,682.6,84,22.4,959
9/22/2019 9:20,datasets/dataset_cropped/09_Metas/22/09/20190922092000_00160.jpg,datasets_flow/dataset_cropped/09_Metas/22/09/20190922092000_00160.jpg,datasets_cloudmask/dataset_cropped/09_Metas/22/09/20190922092000_00160.png,406.2,706.2,84.5,22.6,959
9/22/2019 9:21,datasets/dataset_cropped/09_Metas/22/09/20190922092100_00160.jpg,datasets_flow/dataset_cropped/09_Metas/22/09/20190922092100_00160.jpg,datasets_cloudmask/dataset_cropped/09_Metas/22/09/20190922092100_00160.png,408.4,706.1,84.7,22.7,959
9/22/2019 9:22,datasets/dataset_cropped/09_Metas/22/09/20190922092200_00160.jpg,datasets_flow/dataset_cropped/09_Metas/22/09/20190922092200_00160.jpg,datasets_cloudmask/dataset_cropped/09_Metas/22/09/20190922092200_00160.png,411.1,706.6,84.8,22.7,959
9/22/2019 9:23,datasets/dataset_cropped/09_Metas/22/09/20190922092300_00160.jpg,datasets_flow/dataset_cropped/09_Metas/22/09/20190922092300_00160.jpg,datasets_cloudmask/dataset_cropped/09_Metas/22/09/20190922092300_00160.png,404.9,689.7,84.5,22.7,959
9/22/2019 9:24,datasets/dataset_cropped/09_Metas/22/09/20190922092400_00160.jpg,datasets_flow/dataset_cropped/09_Metas/22/09/20190922092400_00160.jpg,datasets_cloudmask/dataset_cropped/09_Metas/22/09/20190922092400_00160.png,414.9,706.3,84.7,22.6,959
9/22/2019 9:25,datasets/dataset_cropped/09_Metas/22/09/20190922092500_00160.jpg,datasets_flow/dataset_cropped/09_Metas/22/09/20190922092500_00160.jpg,datasets_cloudmask/dataset_cropped/09_Metas/22/09/20190922092500_00160.png,412,695.3,84.9,22.7,959
9/22/2019 9:26,datasets/dataset_cropped/09_Metas/22/09/20190922092600_00160.jpg,datasets_flow/dataset_cropped/09_Metas/22/09/20190922092600_00160.jpg,datasets_cloudmask/dataset_cropped/09_Metas/22/09/20190922092600_00160.png,414.1,695.2,85,22.7,959
9/22/2019 9:27,datasets/dataset_cropped/09_Metas/22/09/20190922092700_00160.jpg,datasets_flow/dataset_cropped/09_Metas/22/09/20190922092700_00160.jpg,datasets_cloudmask/dataset_cropped/09_Metas/22/09/20190922092700_00160.png,415.7,693.7,85.5,22.7,959
9/22/2019 9:28,datasets/dataset_cropped/09_Metas/22/09/20190922092800_00160.jpg,datasets_flow/dataset_cropped/09_Metas/22/09/20190922092800_00160.jpg,datasets_cloudmask/dataset_cropped/09_Metas/22/09/20190922092800_00160.png,428.4,714.1,86.3,22.7,959
9/22/2019 9:29,datasets/dataset_cropped/09_Metas/22/09/20190922092900_00160.jpg,datasets_flow/dataset_cropped/09_Metas/22/09/20190922092900_00160.jpg,datasets_cloudmask/dataset_cropped/09_Metas/22/09/20190922092900_00160.png,426.7,705.8,86.9,22.6,959
9/22/2019 9:30,datasets/dataset_cropped/09_Metas/22/09/20190922093000_00160.jpg,datasets_flow/dataset_cropped/09_Metas/22/09/20190922093000_00160.jpg,datasets_cloudmask/dataset_cropped/09_Metas/22/09/20190922093000_00160.png,428.7,704,87.9,22.6,959
9/22/2019 9:31,datasets/dataset_cropped/09_Metas/22/09/20190922093100_00160.jpg,datasets_flow/dataset_cropped/09_Metas/22/09/20190922093100_00160.jpg,datasets_cloudmask/dataset_cropped/09_Metas/22/09/20190922093100_00160.png,443.8,728.4,89.1,22.6,959
9/22/2019 9:32,datasets/dataset_cropped/09_Metas/22/09/20190922093200_00160.jpg,datasets_flow/dataset_cropped/09_Metas/22/09/20190922093200_00160.jpg,datasets_cloudmask/dataset_cropped/09_Metas/22/09/20190922093200_00160.png,450,736.1,89.9,22.6,959
9/22/2019 9:33,datasets/dataset_cropped/09_Metas/22/09/20190922093300_00160.jpg,datasets_flow/dataset_cropped/09_Metas/22/09/20190922093300_00160.jpg,datasets_cloudmask/dataset_cropped/09_Metas/22/09/20190922093300_00160.png,451.6,734.8,90.2,22.7,959
9/22/2019 9:34,datasets/dataset_cropped/09_Metas/22/09/20190922093400_00160.jpg,datasets_flow/dataset_cropped/09_Metas/22/09/20190922093400_00160.jpg,datasets_cloudmask/dataset_cropped/09_Metas/22/09/20190922093400_00160.png,453.6,734.3,90.2,22.9,959
9/22/2019 9:35,datasets/dataset_cropped/09_Metas/22/09/20190922093500_00160.jpg,datasets_flow/dataset_cropped/09_Metas/22/09/20190922093500_00160.jpg,datasets_cloudmask/dataset_cropped/09_Metas/22/09/20190922093500_00160.png,460.2,743,90.7,23,959
9/22/2019 9:36,datasets/dataset_cropped/09_Metas/22/09/20190922093600_00160.jpg,datasets_flow/dataset_cropped/09_Metas/22/09/20190922093600_00160.jpg,datasets_cloudmask/dataset_cropped/09_Metas/22/09/20190922093600_00160.png,470.2,757.9,91.3,22.9,959
9/22/2019 9:37,datasets/dataset_cropped/09_Metas/22/09/20190922093700_00160.jpg,datasets_flow/dataset_cropped/09_Metas/22/09/20190922093700_00160.jpg,datasets_cloudmask/dataset_cropped/09_Metas/22/09/20190922093700_00160.png,477.7,769.3,91.4,22.9,959
9/22/2019 9:38,datasets/dataset_cropped/09_Metas/22/09/20190922093800_00160.jpg,datasets_flow/dataset_cropped/09_Metas/22/09/20190922093800_00160.jpg,datasets_cloudmask/dataset_cropped/09_Metas/22/09/20190922093800_00160.png,479.2,764.9,92.6,23.1,959
9/22/2019 9:39,datasets/dataset_cropped/09_Metas/22/09/20190922093900_00160.jpg,datasets_flow/dataset_cropped/09_Metas/22/09/20190922093900_00160.jpg,datasets_cloudmask/dataset_cropped/09_Metas/22/09/20190922093900_00160.png,489.7,785.3,90.7,23.2,959
9/22/2019 9:40,datasets/dataset_cropped/09_Metas/22/09/20190922094000_00160.jpg,datasets_flow/dataset_cropped/09_Metas/22/09/20190922094000_00160.jpg,datasets_cloudmask/dataset_cropped/09_Metas/22/09/20190922094000_00160.png,496.8,795.4,90.5,23.2,959
9/22/2019 9:41,datasets/dataset_cropped/09_Metas/22/09/20190922094100_00160.jpg,datasets_flow/dataset_cropped/09_Metas/22/09/20190922094100_00160.jpg,datasets_cloudmask/dataset_cropped/09_Metas/22/09/20190922094100_00160.png,500.7,798.8,90.6,23.1,959
9/22/2019 9:42,datasets/dataset_cropped/09_Metas/22/09/20190922094200_00160.jpg,datasets_flow/dataset_cropped/09_Metas/22/09/20190922094200_00160.jpg,datasets_cloudmask/dataset_cropped/09_Metas/22/09/20190922094200_00160.png,507.6,808,90.7,23.2,959
9/22/2019 9:43,datasets/dataset_cropped/09_Metas/22/09/20190922094300_00160.jpg,datasets_flow/dataset_cropped/09_Metas/22/09/20190922094300_00160.jpg,datasets_cloudmask/dataset_cropped/09_Metas/22/09/20190922094300_00160.png,512.5,812,91,23.2,959
9/22/2019 9:44,datasets/dataset_cropped/09_Metas/22/09/20190922094400_00160.jpg,datasets_flow/dataset_cropped/09_Metas/22/09/20190922094400_00160.jpg,datasets_cloudmask/dataset_cropped/09_Metas/22/09/20190922094400_00160.png,518.6,819,91.4,23.4,959
9/22/2019 9:45,datasets/dataset_cropped/09_Metas/22/09/20190922094500_00160.jpg,datasets_flow/dataset_cropped/09_Metas/22/09/20190922094500_00160.jpg,datasets_cloudmask/dataset_cropped/09_Metas/22/09/20190922094500_00160.png,522,822,91.6,23.5,959
9/22/2019 9:46,datasets/dataset_cropped/09_Metas/22/09/20190922094600_00160.jpg,datasets_flow/dataset_cropped/09_Metas/22/09/20190922094600_00160.jpg,datasets_cloudmask/dataset_cropped/09_Metas/22/09/20190922094600_00160.png,524.8,822,92.1,23.8,959
9/22/2019 9:47,datasets/dataset_cropped/09_Metas/22/09/20190922094700_00160.jpg,datasets_flow/dataset_cropped/09_Metas/22/09/20190922094700_00160.jpg,datasets_cloudmask/dataset_cropped/09_Metas/22/09/20190922094700_00160.png,528.6,825,92.1,23.9,959
9/22/2019 9:48,datasets/dataset_cropped/09_Metas/22/09/20190922094800_00160.jpg,datasets_flow/dataset_cropped/09_Metas/22/09/20190922094800_00160.jpg,datasets_cloudmask/dataset_cropped/09_Metas/22/09/20190922094800_00160.png,497.4,763.6,91.3,23.7,959
9/22/2019 9:49,datasets/dataset_cropped/09_Metas/22/09/20190922094900_00160.jpg,datasets_flow/dataset_cropped/09_Metas/22/09/20190922094900_00160.jpg,datasets_cloudmask/dataset_cropped/09_Metas/22/09/20190922094900_00160.png,527.6,815,91.9,23.6,959
9/22/2019 9:50,datasets/dataset_cropped/09_Metas/22/09/20190922095000_00160.jpg,datasets_flow/dataset_cropped/09_Metas/22/09/20190922095000_00160.jpg,datasets_cloudmask/dataset_cropped/09_Metas/22/09/20190922095000_00160.png,520.2,797.7,91.6,23.6,959
9/22/2019 9:51,datasets/dataset_cropped/09_Metas/22/09/20190922095100_00160.jpg,datasets_flow/dataset_cropped/09_Metas/22/09/20190922095100_00160.jpg,datasets_cloudmask/dataset_cropped/09_Metas/22/09/20190922095100_00160.png,511.4,776.8,91.8,23.9,959
9/22/2019 9:52,datasets/dataset_cropped/09_Metas/22/09/20190922095200_00160.jpg,datasets_flow/dataset_cropped/09_Metas/22/09/20190922095200_00160.jpg,datasets_cloudmask/dataset_cropped/09_Metas/22/09/20190922095200_00160.png,514,777.4,91.8,23.8,959
9/22/2019 9:53,datasets/dataset_cropped/09_Metas/22/09/20190922095300_00160.jpg,datasets_flow/dataset_cropped/09_Metas/22/09/20190922095300_00160.jpg,datasets_cloudmask/dataset_cropped/09_Metas/22/09/20190922095300_00160.png,516.8,779.5,91.5,23.7,959
9/22/2019 9:54,datasets/dataset_cropped/09_Metas/22/09/20190922095400_00160.jpg,datasets_flow/dataset_cropped/09_Metas/22/09/20190922095400_00160.jpg,datasets_cloudmask/dataset_cropped/09_Metas/22/09/20190922095400_00160.png,522.5,787.6,91,23.7,959
9/22/2019 9:55,datasets/dataset_cropped/09_Metas/22/09/20190922095500_00160.jpg,datasets_flow/dataset_cropped/09_Metas/22/09/20190922095500_00160.jpg,datasets_cloudmask/dataset_cropped/09_Metas/22/09/20190922095500_00160.png,528,794.5,90.6,23.7,959
9/22/2019 9:56,datasets/dataset_cropped/09_Metas/22/09/20190922095600_00160.jpg,datasets_flow/dataset_cropped/09_Metas/22/09/20190922095600_00160.jpg,datasets_cloudmask/dataset_cropped/09_Metas/22/09/20190922095600_00160.png,530.4,795.7,90.2,24,959
9/22/2019 9:57,datasets/dataset_cropped/09_Metas/22/09/20190922095700_00160.jpg,datasets_flow/dataset_cropped/09_Metas/22/09/20190922095700_00160.jpg,datasets_cloudmask/dataset_cropped/09_Metas/22/09/20190922095700_00160.png,542.7,814,90.1,24.2,959
9/22/2019 9:58,datasets/dataset_cropped/09_Metas/22/09/20190922095800_00160.jpg,datasets_flow/dataset_cropped/09_Metas/22/09/20190922095800_00160.jpg,datasets_cloudmask/dataset_cropped/09_Metas/22/09/20190922095800_00160.png,526.4,783.1,89.3,24.4,959
9/22/2019 9:59,datasets/dataset_cropped/09_Metas/22/09/20190922095900_00160.jpg,datasets_flow/dataset_cropped/09_Metas/22/09/20190922095900_00160.jpg,datasets_cloudmask/dataset_cropped/09_Metas/22/09/20190922095900_00160.png,533.9,792.9,89.5,24.6,959
9/22/2019 10:00,datasets/dataset_cropped/09_Metas/22/10/20190922100000_00160.jpg,datasets_flow/dataset_cropped/09_Metas/22/10/20190922100000_00160.jpg,datasets_cloudmask/dataset_cropped/09_Metas/22/10/20190922100000_00160.png,537.5,795.8,89.4,24.8,959
9/22/2019 10:01,datasets/dataset_cropped/09_Metas/22/10/20190922100100_00160.jpg,datasets_flow/dataset_cropped/09_Metas/22/10/20190922100100_00160.jpg,datasets_cloudmask/dataset_cropped/09_Metas/22/10/20190922100100_00160.png,542.7,802,89,24.8,959
9/22/2019 10:02,datasets/dataset_cropped/09_Metas/22/10/20190922100200_00160.jpg,datasets_flow/dataset_cropped/09_Metas/22/10/20190922100200_00160.jpg,datasets_cloudmask/dataset_cropped/09_Metas/22/10/20190922100200_00160.png,531.4,779.4,88.3,24.8,959
9/22/2019 10:03,datasets/dataset_cropped/09_Metas/22/10/20190922100300_00160.jpg,datasets_flow/dataset_cropped/09_Metas/22/10/20190922100300_00160.jpg,datasets_cloudmask/dataset_cropped/09_Metas/22/10/20190922100300_00160.png,520.2,758.1,87.4,24.5,959
9/22/2019 10:04,datasets/dataset_cropped/09_Metas/22/10/20190922100400_00160.jpg,datasets_flow/dataset_cropped/09_Metas/22/10/20190922100400_00160.jpg,datasets_cloudmask/dataset_cropped/09_Metas/22/10/20190922100400_00160.png,551.9,809,88.1,24.3,959
9/22/2019 10:05,datasets/dataset_cropped/09_Metas/22/10/20190922100500_00160.jpg,datasets_flow/dataset_cropped/09_Metas/22/10/20190922100500_00160.jpg,datasets_cloudmask/dataset_cropped/09_Metas/22/10/20190922100500_00160.png,543.7,794.2,86.4,24.4,959
9/22/2019 10:06,datasets/dataset_cropped/09_Metas/22/10/20190922100600_00160.jpg,datasets_flow/dataset_cropped/09_Metas/22/10/20190922100600_00160.jpg,datasets_cloudmask/dataset_cropped/09_Metas/22/10/20190922100600_00160.png,571.4,841,85.4,24.4,959
9/22/2019 10:07,datasets/dataset_cropped/09_Metas/22/10/20190922100700_00160.jpg,datasets_flow/dataset_cropped/09_Metas/22/10/20190922100700_00160.jpg,datasets_cloudmask/dataset_cropped/09_Metas/22/10/20190922100700_00160.png,574.9,846,83.9,24.5,959
9/22/2019 10:08,datasets/dataset_cropped/09_Metas/22/10/20190922100800_00160.jpg,datasets_flow/dataset_cropped/09_Metas/22/10/20190922100800_00160.jpg,datasets_cloudmask/dataset_cropped/09_Metas/22/10/20190922100800_00160.png,581,853,83.6,24.6,959
9/22/2019 10:09,datasets/dataset_cropped/09_Metas/22/10/20190922100900_00160.jpg,datasets_flow/dataset_cropped/09_Metas/22/10/20190922100900_00160.jpg,datasets_cloudmask/dataset_cropped/09_Metas/22/10/20190922100900_00160.png,577.3,843,83.8,24.7,959
9/22/2019 10:10,datasets/dataset_cropped/09_Metas/22/10/20190922101000_00160.jpg,datasets_flow/dataset_cropped/09_Metas/22/10/20190922101000_00160.jpg,datasets_cloudmask/dataset_cropped/09_Metas/22/10/20190922101000_00160.png,583.3,850,84,24.7,959
9/22/2019 10:11,datasets/dataset_cropped/09_Metas/22/10/20190922101100_00160.jpg,datasets_flow/dataset_cropped/09_Metas/22/10/20190922101100_00160.jpg,datasets_cloudmask/dataset_cropped/09_Metas/22/10/20190922101100_00160.png,584.5,849,84.1,24.9,959
9/22/2019 10:12,datasets/dataset_cropped/09_Metas/22/10/20190922101200_00160.jpg,datasets_flow/dataset_cropped/09_Metas/22/10/20190922101200_00160.jpg,datasets_cloudmask/dataset_cropped/09_Metas/22/10/20190922101200_00160.png,581.4,840,84.2,24.8,959
9/22/2019 10:13,datasets/dataset_cropped/09_Metas/22/10/20190922101300_00160.jpg,datasets_flow/dataset_cropped/09_Metas/22/10/20190922101300_00160.jpg,datasets_cloudmask/dataset_cropped/09_Metas/22/10/20190922101300_00160.png,590.9,852,84.6,24.9,959
9/22/2019 10:14,datasets/dataset_cropped/09_Metas/22/10/20190922101400_00160.jpg,datasets_flow/dataset_cropped/09_Metas/22/10/20190922101400_00160.jpg,datasets_cloudmask/dataset_cropped/09_Metas/22/10/20190922101400_00160.png,590.6,848,84.5,24.9,959
9/22/2019 10:15,datasets/dataset_cropped/09_Metas/22/10/20190922101500_00160.jpg,datasets_flow/dataset_cropped/09_Metas/22/10/20190922101500_00160.jpg,datasets_cloudmask/dataset_cropped/09_Metas/22/10/20190922101500_00160.png,591.3,847,84.1,24.9,959
9/22/2019 10:16,datasets/dataset_cropped/09_Metas/22/10/20190922101600_00160.jpg,datasets_flow/dataset_cropped/09_Metas/22/10/20190922101600_00160.jpg,datasets_cloudmask/dataset_cropped/09_Metas/22/10/20190922101600_00160.png,584.4,832,83.7,24.8,959
9/22/2019 10:17,datasets/dataset_cropped/09_Metas/22/10/20190922101700_00160.jpg,datasets_flow/dataset_cropped/09_Metas/22/10/20190922101700_00160.jpg,datasets_cloudmask/dataset_cropped/09_Metas/22/10/20190922101700_00160.png,588,835,83.7,24.8,959
9/22/2019 10:18,datasets/dataset_cropped/09_Metas/22/10/20190922101800_00160.jpg,datasets_flow/dataset_cropped/09_Metas/22/10/20190922101800_00160.jpg,datasets_cloudmask/dataset_cropped/09_Metas/22/10/20190922101800_00160.png,608.2,865,83.9,25,959
9/22/2019 10:19,datasets/dataset_cropped/09_Metas/22/10/20190922101900_00160.jpg,datasets_flow/dataset_cropped/09_Metas/22/10/20190922101900_00160.jpg,datasets_cloudmask/dataset_cropped/09_Metas/22/10/20190922101900_00160.png,608,861,83.9,25.1,959
9/22/2019 10:20,datasets/dataset_cropped/09_Metas/22/10/20190922102000_00160.jpg,datasets_flow/dataset_cropped/09_Metas/22/10/20190922102000_00160.jpg,datasets_cloudmask/dataset_cropped/09_Metas/22/10/20190922102000_00160.png,605.9,854,83.7,25.1,959
9/22/2019 10:21,datasets/dataset_cropped/09_Metas/22/10/20190922102100_00160.jpg,datasets_flow/dataset_cropped/09_Metas/22/10/20190922102100_00160.jpg,datasets_cloudmask/dataset_cropped/09_Metas/22/10/20190922102100_00160.png,609.5,858,82.9,25.1,959
9/22/2019 10:22,datasets/dataset_cropped/09_Metas/22/10/20190922102200_00160.jpg,datasets_flow/dataset_cropped/09_Metas/22/10/20190922102200_00160.jpg,datasets_cloudmask/dataset_cropped/09_Metas/22/10/20190922102200_00160.png,600.7,842,82,25,959
9/22/2019 10:23,datasets/dataset_cropped/09_Metas/22/10/20190922102300_00160.jpg,datasets_flow/dataset_cropped/09_Metas/22/10/20190922102300_00160.jpg,datasets_cloudmask/dataset_cropped/09_Metas/22/10/20190922102300_00160.png,616.5,864,82.7,25,959
9/22/2019 10:24,datasets/dataset_cropped/09_Metas/22/10/20190922102400_00160.jpg,datasets_flow/dataset_cropped/09_Metas/22/10/20190922102400_00160.jpg,datasets_cloudmask/dataset_cropped/09_Metas/22/10/20190922102400_00160.png,617.6,862,82.7,24.9,959
9/22/2019 10:25,datasets/dataset_cropped/09_Metas/22/10/20190922102500_00160.jpg,datasets_flow/dataset_cropped/09_Metas/22/10/20190922102500_00160.jpg,datasets_cloudmask/dataset_cropped/09_Metas/22/10/20190922102500_00160.png,621.5,866,82.6,25,959
9/22/2019 10:26,datasets/dataset_cropped/09_Metas/22/10/20190922102600_00160.jpg,datasets_flow/dataset_cropped/09_Metas/22/10/20190922102600_00160.jpg,datasets_cloudmask/dataset_cropped/09_Metas/22/10/20190922102600_00160.png,625,868,82.5,25,959
9/22/2019 10:27,datasets/dataset_cropped/09_Metas/22/10/20190922102700_00160.jpg,datasets_flow/dataset_cropped/09_Metas/22/10/20190922102700_00160.jpg,datasets_cloudmask/dataset_cropped/09_Metas/22/10/20190922102700_00160.png,621.2,859,82.5,25,959
9/22/2019 10:28,datasets/dataset_cropped/09_Metas/22/10/20190922102800_00160.jpg,datasets_flow/dataset_cropped/09_Metas/22/10/20190922102800_00160.jpg,datasets_cloudmask/dataset_cropped/09_Metas/22/10/20190922102800_00160.png,631.5,872,82.8,25.1,959
9/22/2019 10:29,datasets/dataset_cropped/09_Metas/22/10/20190922102900_00160.jpg,datasets_flow/dataset_cropped/09_Metas/22/10/20190922102900_00160.jpg,datasets_cloudmask/dataset_cropped/09_Metas/22/10/20190922102900_00160.png,634.2,873,83.2,25,959
9/22/2019 10:30,datasets/dataset_cropped/09_Metas/22/10/20190922103000_00160.jpg,datasets_flow/dataset_cropped/09_Metas/22/10/20190922103000_00160.jpg,datasets_cloudmask/dataset_cropped/09_Metas/22/10/20190922103000_00160.png,631.3,866,82.9,25.1,959
9/22/2019 10:31,datasets/dataset_cropped/09_Metas/22/10/20190922103100_00160.jpg,datasets_flow/dataset_cropped/09_Metas/22/10/20190922103100_00160.jpg,datasets_cloudmask/dataset_cropped/09_Metas/22/10/20190922103100_00160.png,635.7,871,82.3,25.3,959
9/22/2019 10:32,datasets/dataset_cropped/09_Metas/22/10/20190922103200_00160.jpg,datasets_flow/dataset_cropped/09_Metas/22/10/20190922103200_00160.jpg,datasets_cloudmask/dataset_cropped/09_Metas/22/10/20190922103200_00160.png,642.1,878,82.1,25.5,959
9/22/2019 10:33,datasets/dataset_cropped/09_Metas/22/10/20190922103300_00160.jpg,datasets_flow/dataset_cropped/09_Metas/22/10/20190922103300_00160.jpg,datasets_cloudmask/dataset_cropped/09_Metas/22/10/20190922103300_00160.png,635.7,864,82.5,25.4,959
9/22/2019 10:34,datasets/dataset_cropped/09_Metas/22/10/20190922103400_00160.jpg,datasets_flow/dataset_cropped/09_Metas/22/10/20190922103400_00160.jpg,datasets_cloudmask/dataset_cropped/09_Metas/22/10/20190922103400_00160.png,646.5,878,82.7,25.2,959
9/22/2019 10:35,datasets/dataset_cropped/09_Metas/22/10/20190922103500_00160.jpg,datasets_flow/dataset_cropped/09_Metas/22/10/20190922103500_00160.jpg,datasets_cloudmask/dataset_cropped/09_Metas/22/10/20190922103500_00160.png,649,879,82.5,25.2,959
9/22/2019 10:36,datasets/dataset_cropped/09_Metas/22/10/20190922103600_00160.jpg,datasets_flow/dataset_cropped/09_Metas/22/10/20190922103600_00160.jpg,datasets_cloudmask/dataset_cropped/09_Metas/22/10/20190922103600_00160.png,652.9,882,82.8,25.4,959
9/22/2019 10:37,datasets/dataset_cropped/09_Metas/22/10/20190922103700_00160.jpg,datasets_flow/dataset_cropped/09_Metas/22/10/20190922103700_00160.jpg,datasets_cloudmask/dataset_cropped/09_Metas/22/10/20190922103700_00160.png,658.6,888,82.6,25.4,959
9/22/2019 10:38,datasets/dataset_cropped/09_Metas/22/10/20190922103800_00160.jpg,datasets_flow/dataset_cropped/09_Metas/22/10/20190922103800_00160.jpg,datasets_cloudmask/dataset_cropped/09_Metas/22/10/20190922103800_00160.png,658.4,884,82.8,25.4,959
9/22/2019 10:39,datasets/dataset_cropped/09_Metas/22/10/20190922103900_00160.jpg,datasets_flow/dataset_cropped/09_Metas/22/10/20190922103900_00160.jpg,datasets_cloudmask/dataset_cropped/09_Metas/22/10/20190922103900_00160.png,657.7,880,83.3,25.4,959
9/22/2019 10:40,datasets/dataset_cropped/09_Metas/22/10/20190922104000_00160.jpg,datasets_flow/dataset_cropped/09_Metas/22/10/20190922104000_00160.jpg,datasets_cloudmask/dataset_cropped/09_Metas/22/10/20190922104000_00160.png,661,882,83.5,25.3,959
9/22/2019 10:41,datasets/dataset_cropped/09_Metas/22/10/20190922104100_00160.jpg,datasets_flow/dataset_cropped/09_Metas/22/10/20190922104100_00160.jpg,datasets_cloudmask/dataset_cropped/09_Metas/22/10/20190922104100_00160.png,660.8,879,83.6,25.3,959
9/22/2019 10:42,datasets/dataset_cropped/09_Metas/22/10/20190922104200_00160.jpg,datasets_flow/dataset_cropped/09_Metas/22/10/20190922104200_00160.jpg,datasets_cloudmask/dataset_cropped/09_Metas/22/10/20190922104200_00160.png,664.6,882,83.7,25.4,959
9/22/2019 10:43,datasets/dataset_cropped/09_Metas/22/10/20190922104300_00160.jpg,datasets_flow/dataset_cropped/09_Metas/22/10/20190922104300_00160.jpg,datasets_cloudmask/dataset_cropped/09_Metas/22/10/20190922104300_00160.png,667.4,884,83.7,25.5,959
9/22/2019 10:44,datasets/dataset_cropped/09_Metas/22/10/20190922104400_00160.jpg,datasets_flow/dataset_cropped/09_Metas/22/10/20190922104400_00160.jpg,datasets_cloudmask/dataset_cropped/09_Metas/22/10/20190922104400_00160.png,671.2,887,83.8,25.4,959
9/22/2019 10:45,datasets/dataset_cropped/09_Metas/22/10/20190922104500_00160.jpg,datasets_flow/dataset_cropped/09_Metas/22/10/20190922104500_00160.jpg,datasets_cloudmask/dataset_cropped/09_Metas/22/10/20190922104500_00160.png,674.7,889,84,25.5,959
9/22/2019 10:46,datasets/dataset_cropped/09_Metas/22/10/20190922104600_00160.jpg,datasets_flow/dataset_cropped/09_Metas/22/10/20190922104600_00160.jpg,datasets_cloudmask/dataset_cropped/09_Metas/22/10/20190922104600_00160.png,676,888,84.3,25.5,959
9/22/2019 10:47,datasets/dataset_cropped/09_Metas/22/10/20190922104700_00160.jpg,datasets_flow/dataset_cropped/09_Metas/22/10/20190922104700_00160.jpg,datasets_cloudmask/dataset_cropped/09_Metas/22/10/20190922104700_00160.png,678.4,889,84.3,25.4,959
9/22/2019 10:48,datasets/dataset_cropped/09_Metas/22/10/20190922104800_00160.jpg,datasets_flow/dataset_cropped/09_Metas/22/10/20190922104800_00160.jpg,datasets_cloudmask/dataset_cropped/09_Metas/22/10/20190922104800_00160.png,681.9,892,84.5,25.4,959
9/22/2019 10:49,datasets/dataset_cropped/09_Metas/22/10/20190922104900_00160.jpg,datasets_flow/dataset_cropped/09_Metas/22/10/20190922104900_00160.jpg,datasets_cloudmask/dataset_cropped/09_Metas/22/10/20190922104900_00160.png,684.5,892,84.6,25.5,959
9/22/2019 10:50,datasets/dataset_cropped/09_Metas/22/10/20190922105000_00160.jpg,datasets_flow/dataset_cropped/09_Metas/22/10/20190922105000_00160.jpg,datasets_cloudmask/dataset_cropped/09_Metas/22/10/20190922105000_00160.png,687.4,893,85.1,25.5,959
9/22/2019 10:51,datasets/dataset_cropped/09_Metas/22/10/20190922105100_00160.jpg,datasets_flow/dataset_cropped/09_Metas/22/10/20190922105100_00160.jpg,datasets_cloudmask/dataset_cropped/09_Metas/22/10/20190922105100_00160.png,689.7,895,85,25.4,959
9/22/2019 10:52,datasets/dataset_cropped/09_Metas/22/10/20190922105200_00160.jpg,datasets_flow/dataset_cropped/09_Metas/22/10/20190922105200_00160.jpg,datasets_cloudmask/dataset_cropped/09_Metas/22/10/20190922105200_00160.png,691.9,896,85,25.4,959
9/22/2019 10:53,datasets/dataset_cropped/09_Metas/22/10/20190922105300_00160.jpg,datasets_flow/dataset_cropped/09_Metas/22/10/20190922105300_00160.jpg,datasets_cloudmask/dataset_cropped/09_Metas/22/10/20190922105300_00160.png,693.6,896,85,25.5,959
9/22/2019 10:54,datasets/dataset_cropped/09_Metas/22/10/20190922105400_00160.jpg,datasets_flow/dataset_cropped/09_Metas/22/10/20190922105400_00160.jpg,datasets_cloudmask/dataset_cropped/09_Metas/22/10/20190922105400_00160.png,695.3,895,85.3,25.6,959
9/22/2019 10:55,datasets/dataset_cropped/09_Metas/22/10/20190922105500_00160.jpg,datasets_flow/dataset_cropped/09_Metas/22/10/20190922105500_00160.jpg,datasets_cloudmask/dataset_cropped/09_Metas/22/10/20190922105500_00160.png,697.4,896,85.5,25.7,959
9/22/2019 10:56,datasets/dataset_cropped/09_Metas/22/10/20190922105600_00160.jpg,datasets_flow/dataset_cropped/09_Metas/22/10/20190922105600_00160.jpg,datasets_cloudmask/dataset_cropped/09_Metas/22/10/20190922105600_00160.png,699.7,897,85.4,25.9,959
9/22/2019 10:57,datasets/dataset_cropped/09_Metas/22/10/20190922105700_00160.jpg,datasets_flow/dataset_cropped/09_Metas/22/10/20190922105700_00160.jpg,datasets_cloudmask/dataset_cropped/09_Metas/22/10/20190922105700_00160.png,701.8,897,85.5,26,959
9/22/2019 10:58,datasets/dataset_cropped/09_Metas/22/10/20190922105800_00160.jpg,datasets_flow/dataset_cropped/09_Metas/22/10/20190922105800_00160.jpg,datasets_cloudmask/dataset_cropped/09_Metas/22/10/20190922105800_00160.png,704,897,85.8,25.8,959
9/22/2019 10:59,datasets/dataset_cropped/09_Metas/22/10/20190922105900_00160.jpg,datasets_flow/dataset_cropped/09_Metas/22/10/20190922105900_00160.jpg,datasets_cloudmask/dataset_cropped/09_Metas/22/10/20190922105900_00160.png,705.8,898,85.9,25.7,959
9/22/2019 11:00,datasets/dataset_cropped/09_Metas/22/11/20190922110000_00160.jpg,datasets_flow/dataset_cropped/09_Metas/22/11/20190922110000_00160.jpg,datasets_cloudmask/dataset_cropped/09_Metas/22/11/20190922110000_00160.png,708.2,899,86,25.9,959
9/22/2019 11:01,datasets/dataset_cropped/09_Metas/22/11/20190922110100_00160.jpg,datasets_flow/dataset_cropped/09_Metas/22/11/20190922110100_00160.jpg,datasets_cloudmask/dataset_cropped/09_Metas/22/11/20190922110100_00160.png,710.7,899,86.3,26,959
9/22/2019 11:02,datasets/dataset_cropped/09_Metas/22/11/20190922110200_00160.jpg,datasets_flow/dataset_cropped/09_Metas/22/11/20190922110200_00160.jpg,datasets_cloudmask/dataset_cropped/09_Metas/22/11/20190922110200_00160.png,712.4,899,86.6,25.9,959
9/22/2019 11:03,datasets/dataset_cropped/09_Metas/22/11/20190922110300_00160.jpg,datasets_flow/dataset_cropped/09_Metas/22/11/20190922110300_00160.jpg,datasets_cloudmask/dataset_cropped/09_Metas/22/11/20190922110300_00160.png,713.7,899,87.1,26.1,959
9/22/2019 11:04,datasets/dataset_cropped/09_Metas/22/11/20190922110400_00160.jpg,datasets_flow/dataset_cropped/09_Metas/22/11/20190922110400_00160.jpg,datasets_cloudmask/dataset_cropped/09_Metas/22/11/20190922110400_00160.png,715.9,899,87.5,26.3,959
9/22/2019 11:05,datasets/dataset_cropped/09_Metas/22/11/20190922110500_00160.jpg,datasets_flow/dataset_cropped/09_Metas/22/11/20190922110500_00160.jpg,datasets_cloudmask/dataset_cropped/09_Metas/22/11/20190922110500_00160.png,717.7,899,87.8,26.4,959
9/22/2019 11:06,datasets/dataset_cropped/09_Metas/22/11/20190922110600_00160.jpg,datasets_flow/dataset_cropped/09_Metas/22/11/20190922110600_00160.jpg,datasets_cloudmask/dataset_cropped/09_Metas/22/11/20190922110600_00160.png,719.6,899,88.5,26.6,959
9/22/2019 11:07,datasets/dataset_cropped/09_Metas/22/11/20190922110700_00160.jpg,datasets_flow/dataset_cropped/09_Metas/22/11/20190922110700_00160.jpg,datasets_cloudmask/dataset_cropped/09_Metas/22/11/20190922110700_00160.png,721.4,899,88.9,26.4,959
9/22/2019 11:08,datasets/dataset_cropped/09_Metas/22/11/20190922110800_00160.jpg,datasets_flow/dataset_cropped/09_Metas/22/11/20190922110800_00160.jpg,datasets_cloudmask/dataset_cropped/09_Metas/22/11/20190922110800_00160.png,724,899,89.5,26.2,959
9/22/2019 11:09,datasets/dataset_cropped/09_Metas/22/11/20190922110900_00160.jpg,datasets_flow/dataset_cropped/09_Metas/22/11/20190922110900_00160.jpg,datasets_cloudmask/dataset_cropped/09_Metas/22/11/20190922110900_00160.png,726.4,900,90,26.3,959
9/22/2019 11:10,datasets/dataset_cropped/09_Metas/22/11/20190922111000_00160.jpg,datasets_flow/dataset_cropped/09_Metas/22/11/20190922111000_00160.jpg,datasets_cloudmask/dataset_cropped/09_Metas/22/11/20190922111000_00160.png,728.4,901,90.6,26.5,959
9/22/2019 11:11,datasets/dataset_cropped/09_Metas/22/11/20190922111100_00160.jpg,datasets_flow/dataset_cropped/09_Metas/22/11/20190922111100_00160.jpg,datasets_cloudmask/dataset_cropped/09_Metas/22/11/20190922111100_00160.png,730.6,902,90.9,26.4,959
9/22/2019 11:12,datasets/dataset_cropped/09_Metas/22/11/20190922111200_00160.jpg,datasets_flow/dataset_cropped/09_Metas/22/11/20190922111200_00160.jpg,datasets_cloudmask/dataset_cropped/09_Metas/22/11/20190922111200_00160.png,732.3,901,91.1,26.1,959
9/22/2019 11:13,datasets/dataset_cropped/09_Metas/22/11/20190922111300_00160.jpg,datasets_flow/dataset_cropped/09_Metas/22/11/20190922111300_00160.jpg,datasets_cloudmask/dataset_cropped/09_Metas/22/11/20190922111300_00160.png,734.1,901,91.4,26,959
9/22/2019 11:14,datasets/dataset_cropped/09_Metas/22/11/20190922111400_00160.jpg,datasets_flow/dataset_cropped/09_Metas/22/11/20190922111400_00160.jpg,datasets_cloudmask/dataset_cropped/09_Metas/22/11/20190922111400_00160.png,735.7,901,91.7,25.9,959
9/22/2019 11:15,datasets/dataset_cropped/09_Metas/22/11/20190922111500_00160.jpg,datasets_flow/dataset_cropped/09_Metas/22/11/20190922111500_00160.jpg,datasets_cloudmask/dataset_cropped/09_Metas/22/11/20190922111500_00160.png,737.7,899,92.3,26.1,959
9/22/2019 11:16,datasets/dataset_cropped/09_Metas/22/11/20190922111600_00160.jpg,datasets_flow/dataset_cropped/09_Metas/22/11/20190922111600_00160.jpg,datasets_cloudmask/dataset_cropped/09_Metas/22/11/20190922111600_00160.png,740,901,92.8,26.4,959
9/22/2019 11:17,datasets/dataset_cropped/09_Metas/22/11/20190922111700_00160.jpg,datasets_flow/dataset_cropped/09_Metas/22/11/20190922111700_00160.jpg,datasets_cloudmask/dataset_cropped/09_Metas/22/11/20190922111700_00160.png,742.6,902,93.2,26.4,959
9/22/2019 11:18,datasets/dataset_cropped/09_Metas/22/11/20190922111800_00160.jpg,datasets_flow/dataset_cropped/09_Metas/22/11/20190922111800_00160.jpg,datasets_cloudmask/dataset_cropped/09_Metas/22/11/20190922111800_00160.png,744.1,902,93.5,26.5,959
9/22/2019 11:19,datasets/dataset_cropped/09_Metas/22/11/20190922111900_00160.jpg,datasets_flow/dataset_cropped/09_Metas/22/11/20190922111900_00160.jpg,datasets_cloudmask/dataset_cropped/09_Metas/22/11/20190922111900_00160.png,747,903,93.9,26.5,959
9/22/2019 11:20,datasets/dataset_cropped/09_Metas/22/11/20190922112000_00160.jpg,datasets_flow/dataset_cropped/09_Metas/22/11/20190922112000_00160.jpg,datasets_cloudmask/dataset_cropped/09_Metas/22/11/20190922112000_00160.png,748.8,903,94.8,26.8,959
9/22/2019 11:21,datasets/dataset_cropped/09_Metas/22/11/20190922112100_00160.jpg,datasets_flow/dataset_cropped/09_Metas/22/11/20190922112100_00160.jpg,datasets_cloudmask/dataset_cropped/09_Metas/22/11/20190922112100_00160.png,750.8,903,95.6,27,959
9/22/2019 11:22,datasets/dataset_cropped/09_Metas/22/11/20190922112200_00160.jpg,datasets_flow/dataset_cropped/09_Metas/22/11/20190922112200_00160.jpg,datasets_cloudmask/dataset_cropped/09_Metas/22/11/20190922112200_00160.png,752.6,903,96.4,27.2,959
9/22/2019 11:23,datasets/dataset_cropped/09_Metas/22/11/20190922112300_00160.jpg,datasets_flow/dataset_cropped/09_Metas/22/11/20190922112300_00160.jpg,datasets_cloudmask/dataset_cropped/09_Metas/22/11/20190922112300_00160.png,755.4,903,97.2,27.2,959
9/22/2019 11:24,datasets/dataset_cropped/09_Metas/22/11/20190922112400_00160.jpg,datasets_flow/dataset_cropped/09_Metas/22/11/20190922112400_00160.jpg,datasets_cloudmask/dataset_cropped/09_Metas/22/11/20190922112400_00160.png,756,901,98.4,26.9,959
9/22/2019 11:25,datasets/dataset_cropped/09_Metas/22/11/20190922112500_00160.jpg,datasets_flow/dataset_cropped/09_Metas/22/11/20190922112500_00160.jpg,datasets_cloudmask/dataset_cropped/09_Metas/22/11/20190922112500_00160.png,758.1,901,99.6,26.8,959
9/22/2019 11:26,datasets/dataset_cropped/09_Metas/22/11/20190922112600_00160.jpg,datasets_flow/dataset_cropped/09_Metas/22/11/20190922112600_00160.jpg,datasets_cloudmask/dataset_cropped/09_Metas/22/11/20190922112600_00160.png,758.1,898,100.6,27,959
9/22/2019 11:27,datasets/dataset_cropped/09_Metas/22/11/20190922112700_00160.jpg,datasets_flow/dataset_cropped/09_Metas/22/11/20190922112700_00160.jpg,datasets_cloudmask/dataset_cropped/09_Metas/22/11/20190922112700_00160.png,758.7,895,102,27.3,959
9/22/2019 11:28,datasets/dataset_cropped/09_Metas/22/11/20190922112800_00160.jpg,datasets_flow/dataset_cropped/09_Metas/22/11/20190922112800_00160.jpg,datasets_cloudmask/dataset_cropped/09_Metas/22/11/20190922112800_00160.png,758.9,892,102.7,27.2,959
9/22/2019 11:29,datasets/dataset_cropped/09_Metas/22/11/20190922112900_00160.jpg,datasets_flow/dataset_cropped/09_Metas/22/11/20190922112900_00160.jpg,datasets_cloudmask/dataset_cropped/09_Metas/22/11/20190922112900_00160.png,761.4,892,103.8,27.3,959
9/22/2019 11:30,datasets/dataset_cropped/09_Metas/22/11/20190922113000_00160.jpg,datasets_flow/dataset_cropped/09_Metas/22/11/20190922113000_00160.jpg,datasets_cloudmask/dataset_cropped/09_Metas/22/11/20190922113000_00160.png,763.2,890,105.3,27.1,958
9/22/2019 11:31,datasets/dataset_cropped/09_Metas/22/11/20190922113100_00160.jpg,datasets_flow/dataset_cropped/09_Metas/22/11/20190922113100_00160.jpg,datasets_cloudmask/dataset_cropped/09_Metas/22/11/20190922113100_00160.png,763.7,888,106,27.1,958
9/22/2019 11:32,datasets/dataset_cropped/09_Metas/22/11/20190922113200_00160.jpg,datasets_flow/dataset_cropped/09_Metas/22/11/20190922113200_00160.jpg,datasets_cloudmask/dataset_cropped/09_Metas/22/11/20190922113200_00160.png,762.6,882,107.3,27.1,959
9/22/2019 11:33,datasets/dataset_cropped/09_Metas/22/11/20190922113300_00160.jpg,datasets_flow/dataset_cropped/09_Metas/22/11/20190922113300_00160.jpg,datasets_cloudmask/dataset_cropped/09_Metas/22/11/20190922113300_00160.png,765.2,882,108.3,26.8,958
9/22/2019 11:34,datasets/dataset_cropped/09_Metas/22/11/20190922113400_00160.jpg,datasets_flow/dataset_cropped/09_Metas/22/11/20190922113400_00160.jpg,datasets_cloudmask/dataset_cropped/09_Metas/22/11/20190922113400_00160.png,763.5,877,109.3,26.7,958
9/22/2019 11:35,datasets/dataset_cropped/09_Metas/22/11/20190922113500_00160.jpg,datasets_flow/dataset_cropped/09_Metas/22/11/20190922113500_00160.jpg,datasets_cloudmask/dataset_cropped/09_Metas/22/11/20190922113500_00160.png,770.8,883,110.8,26.9,959
9/22/2019 11:36,datasets/dataset_cropped/09_Metas/22/11/20190922113600_00160.jpg,datasets_flow/dataset_cropped/09_Metas/22/11/20190922113600_00160.jpg,datasets_cloudmask/dataset_cropped/09_Metas/22/11/20190922113600_00160.png,765.4,873,112.1,27,959
9/22/2019 11:37,datasets/dataset_cropped/09_Metas/22/11/20190922113700_00160.jpg,datasets_flow/dataset_cropped/09_Metas/22/11/20190922113700_00160.jpg,datasets_cloudmask/dataset_cropped/09_Metas/22/11/20190922113700_00160.png,765.6,870,113.5,27,958
9/22/2019 11:38,datasets/dataset_cropped/09_Metas/22/11/20190922113800_00160.jpg,datasets_flow/dataset_cropped/09_Metas/22/11/20190922113800_00160.jpg,datasets_cloudmask/dataset_cropped/09_Metas/22/11/20190922113800_00160.png,758,857,115.1,26.9,959
9/22/2019 11:39,datasets/dataset_cropped/09_Metas/22/11/20190922113900_00160.jpg,datasets_flow/dataset_cropped/09_Metas/22/11/20190922113900_00160.jpg,datasets_cloudmask/dataset_cropped/09_Metas/22/11/20190922113900_00160.png,750.8,844,115.7,26.9,958
9/22/2019 11:40,datasets/dataset_cropped/09_Metas/22/11/20190922114000_00160.jpg,datasets_flow/dataset_cropped/09_Metas/22/11/20190922114000_00160.jpg,datasets_cloudmask/dataset_cropped/09_Metas/22/11/20190922114000_00160.png,751.3,844,116.7,27.1,958
9/22/2019 11:41,datasets/dataset_cropped/09_Metas/22/11/20190922114100_00160.jpg,datasets_flow/dataset_cropped/09_Metas/22/11/20190922114100_00160.jpg,datasets_cloudmask/dataset_cropped/09_Metas/22/11/20190922114100_00160.png,752.7,843,117.7,27.2,958
9/22/2019 11:42,datasets/dataset_cropped/09_Metas/22/11/20190922114200_00160.jpg,datasets_flow/dataset_cropped/09_Metas/22/11/20190922114200_00160.jpg,datasets_cloudmask/dataset_cropped/09_Metas/22/11/20190922114200_00160.png,734.9,817,117.9,27.3,958
9/22/2019 11:43,datasets/dataset_cropped/09_Metas/22/11/20190922114300_00160.jpg,datasets_flow/dataset_cropped/09_Metas/22/11/20190922114300_00160.jpg,datasets_cloudmask/dataset_cropped/09_Metas/22/11/20190922114300_00160.png,744.3,828,118.8,27.4,958
9/22/2019 11:44,datasets/dataset_cropped/09_Metas/22/11/20190922114400_00160.jpg,datasets_flow/dataset_cropped/09_Metas/22/11/20190922114400_00160.jpg,datasets_cloudmask/dataset_cropped/09_Metas/22/11/20190922114400_00160.png,747.3,827,120.3,27.7,958
9/22/2019 11:45,datasets/dataset_cropped/09_Metas/22/11/20190922114500_00160.jpg,datasets_flow/dataset_cropped/09_Metas/22/11/20190922114500_00160.jpg,datasets_cloudmask/dataset_cropped/09_Metas/22/11/20190922114500_00160.png,740.7,816,121.5,27.9,958
9/22/2019 11:46,datasets/dataset_cropped/09_Metas/22/11/20190922114600_00160.jpg,datasets_flow/dataset_cropped/09_Metas/22/11/20190922114600_00160.jpg,datasets_cloudmask/dataset_cropped/09_Metas/22/11/20190922114600_00160.png,747.7,824,122.4,27.7,959
9/22/2019 11:47,datasets/dataset_cropped/09_Metas/22/11/20190922114700_00160.jpg,datasets_flow/dataset_cropped/09_Metas/22/11/20190922114700_00160.jpg,datasets_cloudmask/dataset_cropped/09_Metas/22/11/20190922114700_00160.png,753.1,829,122.7,27.3,958
9/22/2019 11:48,datasets/dataset_cropped/09_Metas/22/11/20190922114800_00160.jpg,datasets_flow/dataset_cropped/09_Metas/22/11/20190922114800_00160.jpg,datasets_cloudmask/dataset_cropped/09_Metas/22/11/20190922114800_00160.png,744.7,817,122.5,27,958
9/22/2019 11:49,datasets/dataset_cropped/09_Metas/22/11/20190922114900_00160.jpg,datasets_flow/dataset_cropped/09_Metas/22/11/20190922114900_00160.jpg,datasets_cloudmask/dataset_cropped/09_Metas/22/11/20190922114900_00160.png,764.2,841,122.5,27,958
9/22/2019 11:50,datasets/dataset_cropped/09_Metas/22/11/20190922115000_00160.jpg,datasets_flow/dataset_cropped/09_Metas/22/11/20190922115000_00160.jpg,datasets_cloudmask/dataset_cropped/09_Metas/22/11/20190922115000_00160.png,752.9,825,122,27.2,958
9/22/2019 11:51,datasets/dataset_cropped/09_Metas/22/11/20190922115100_00160.jpg,datasets_flow/dataset_cropped/09_Metas/22/11/20190922115100_00160.jpg,datasets_cloudmask/dataset_cropped/09_Metas/22/11/20190922115100_00160.png,758.1,829,122.5,27.5,958
9/22/2019 11:52,datasets/dataset_cropped/09_Metas/22/11/20190922115200_00160.jpg,datasets_flow/dataset_cropped/09_Metas/22/11/20190922115200_00160.jpg,datasets_cloudmask/dataset_cropped/09_Metas/22/11/20190922115200_00160.png,761.3,832,122.7,27.8,958
9/22/2019 11:53,datasets/dataset_cropped/09_Metas/22/11/20190922115300_00160.jpg,datasets_flow/dataset_cropped/09_Metas/22/11/20190922115300_00160.jpg,datasets_cloudmask/dataset_cropped/09_Metas/22/11/20190922115300_00160.png,762.6,832,122.4,27.6,958
9/22/2019 11:54,datasets/dataset_cropped/09_Metas/22/11/20190922115400_00160.jpg,datasets_flow/dataset_cropped/09_Metas/22/11/20190922115400_00160.jpg,datasets_cloudmask/dataset_cropped/09_Metas/22/11/20190922115400_00160.png,764.2,833,122.2,27.4,958
9/22/2019 11:55,datasets/dataset_cropped/09_Metas/22/11/20190922115500_00160.jpg,datasets_flow/dataset_cropped/09_Metas/22/11/20190922115500_00160.jpg,datasets_cloudmask/dataset_cropped/09_Metas/22/11/20190922115500_00160.png,766.3,835,121.9,27.2,958
9/22/2019 11:56,datasets/dataset_cropped/09_Metas/22/11/20190922115600_00160.jpg,datasets_flow/dataset_cropped/09_Metas/22/11/20190922115600_00160.jpg,datasets_cloudmask/dataset_cropped/09_Metas/22/11/20190922115600_00160.png,759.3,826,121.3,27.3,958
9/22/2019 11:57,datasets/dataset_cropped/09_Metas/22/11/20190922115700_00160.jpg,datasets_flow/dataset_cropped/09_Metas/22/11/20190922115700_00160.jpg,datasets_cloudmask/dataset_cropped/09_Metas/22/11/20190922115700_00160.png,772.5,843,120.8,27.2,958
9/22/2019 11:58,datasets/dataset_cropped/09_Metas/22/11/20190922115800_00160.jpg,datasets_flow/dataset_cropped/09_Metas/22/11/20190922115800_00160.jpg,datasets_cloudmask/dataset_cropped/09_Metas/22/11/20190922115800_00160.png,772.2,843,120.2,27.2,958
9/22/2019 11:59,datasets/dataset_cropped/09_Metas/22/11/20190922115900_00160.jpg,datasets_flow/dataset_cropped/09_Metas/22/11/20190922115900_00160.jpg,datasets_cloudmask/dataset_cropped/09_Metas/22/11/20190922115900_00160.png,774.4,844,120.6,27.2,958
9/22/2019 12:00,datasets/dataset_cropped/09_Metas/22/12/20190922120000_00160.jpg,datasets_flow/dataset_cropped/09_Metas/22/12/20190922120000_00160.jpg,datasets_cloudmask/dataset_cropped/09_Metas/22/12/20190922120000_00160.png,769.7,835,121.3,27.4,958
9/22/2019 12:01,datasets/dataset_cropped/09_Metas/22/12/20190922120100_00160.jpg,datasets_flow/dataset_cropped/09_Metas/22/12/20190922120100_00160.jpg,datasets_cloudmask/dataset_cropped/09_Metas/22/12/20190922120100_00160.png,766.9,830,121.4,27.6,958
9/22/2019 12:02,datasets/dataset_cropped/09_Metas/22/12/20190922120200_00160.jpg,datasets_flow/dataset_cropped/09_Metas/22/12/20190922120200_00160.jpg,datasets_cloudmask/dataset_cropped/09_Metas/22/12/20190922120200_00160.png,772.6,835,122.4,27.5,958
9/22/2019 12:03,datasets/dataset_cropped/09_Metas/22/12/20190922120300_00160.jpg,datasets_flow/dataset_cropped/09_Metas/22/12/20190922120300_00160.jpg,datasets_cloudmask/dataset_cropped/09_Metas/22/12/20190922120300_00160.png,765.9,825,122.6,27.5,958
9/22/2019 12:04,datasets/dataset_cropped/09_Metas/22/12/20190922120400_00160.jpg,datasets_flow/dataset_cropped/09_Metas/22/12/20190922120400_00160.jpg,datasets_cloudmask/dataset_cropped/09_Metas/22/12/20190922120400_00160.png,765.9,823,123,27.4,958
9/22/2019 12:05,datasets/dataset_cropped/09_Metas/22/12/20190922120500_00160.jpg,datasets_flow/dataset_cropped/09_Metas/22/12/20190922120500_00160.jpg,datasets_cloudmask/dataset_cropped/09_Metas/22/12/20190922120500_00160.png,773,832,123.6,27.6,958
9/22/2019 12:06,datasets/dataset_cropped/09_Metas/22/12/20190922120600_00160.jpg,datasets_flow/dataset_cropped/09_Metas/22/12/20190922120600_00160.jpg,datasets_cloudmask/dataset_cropped/09_Metas/22/12/20190922120600_00160.png,774.5,833,123.8,27.8,958
9/22/2019 12:07,datasets/dataset_cropped/09_Metas/22/12/20190922120700_00160.jpg,datasets_flow/dataset_cropped/09_Metas/22/12/20190922120700_00160.jpg,datasets_cloudmask/dataset_cropped/09_Metas/22/12/20190922120700_00160.png,765.2,822,123.9,27.8,958
9/22/2019 12:08,datasets/dataset_cropped/09_Metas/22/12/20190922120800_00160.jpg,datasets_flow/dataset_cropped/09_Metas/22/12/20190922120800_00160.jpg,datasets_cloudmask/dataset_cropped/09_Metas/22/12/20190922120800_00160.png,768.5,826,123.9,27.8,958
9/22/2019 12:09,datasets/dataset_cropped/09_Metas/22/12/20190922120900_00160.jpg,datasets_flow/dataset_cropped/09_Metas/22/12/20190922120900_00160.jpg,datasets_cloudmask/dataset_cropped/09_Metas/22/12/20190922120900_00160.png,764.6,821,123.2,27.9,958
9/22/2019 12:10,datasets/dataset_cropped/09_Metas/22/12/20190922121000_00160.jpg,datasets_flow/dataset_cropped/09_Metas/22/12/20190922121000_00160.jpg,datasets_cloudmask/dataset_cropped/09_Metas/22/12/20190922121000_00160.png,756.7,812,121.8,28,958
9/22/2019 12:11,datasets/dataset_cropped/09_Metas/22/12/20190922121100_00160.jpg,datasets_flow/dataset_cropped/09_Metas/22/12/20190922121100_00160.jpg,datasets_cloudmask/dataset_cropped/09_Metas/22/12/20190922121100_00160.png,771.3,830,121.2,28.2,958
9/22/2019 12:12,datasets/dataset_cropped/09_Metas/22/12/20190922121200_00160.jpg,datasets_flow/dataset_cropped/09_Metas/22/12/20190922121200_00160.jpg,datasets_cloudmask/dataset_cropped/09_Metas/22/12/20190922121200_00160.png,774.4,834,119.9,28.4,958
9/22/2019 12:13,datasets/dataset_cropped/09_Metas/22/12/20190922121300_00160.jpg,datasets_flow/dataset_cropped/09_Metas/22/12/20190922121300_00160.jpg,datasets_cloudmask/dataset_cropped/09_Metas/22/12/20190922121300_00160.png,785.2,847,118.8,28.4,958
9/22/2019 12:14,datasets/dataset_cropped/09_Metas/22/12/20190922121400_00160.jpg,datasets_flow/dataset_cropped/09_Metas/22/12/20190922121400_00160.jpg,datasets_cloudmask/dataset_cropped/09_Metas/22/12/20190922121400_00160.png,804,871,118.3,28.1,958
9/22/2019 12:15,datasets/dataset_cropped/09_Metas/22/12/20190922121500_00160.jpg,datasets_flow/dataset_cropped/09_Metas/22/12/20190922121500_00160.jpg,datasets_cloudmask/dataset_cropped/09_Metas/22/12/20190922121500_00160.png,819,890,117.5,28.3,958
9/22/2019 12:16,datasets/dataset_cropped/09_Metas/22/12/20190922121600_00160.jpg,datasets_flow/dataset_cropped/09_Metas/22/12/20190922121600_00160.jpg,datasets_cloudmask/dataset_cropped/09_Metas/22/12/20190922121600_00160.png,817,887,116.6,28.1,958
9/22/2019 12:17,datasets/dataset_cropped/09_Metas/22/12/20190922121700_00160.jpg,datasets_flow/dataset_cropped/09_Metas/22/12/20190922121700_00160.jpg,datasets_cloudmask/dataset_cropped/09_Metas/22/12/20190922121700_00160.png,816,886,116.4,28.2,958
9/22/2019 12:18,datasets/dataset_cropped/09_Metas/22/12/20190922121800_00160.jpg,datasets_flow/dataset_cropped/09_Metas/22/12/20190922121800_00160.jpg,datasets_cloudmask/dataset_cropped/09_Metas/22/12/20190922121800_00160.png,819,889,116.7,28.5,958
9/22/2019 12:19,datasets/dataset_cropped/09_Metas/22/12/20190922121900_00160.jpg,datasets_flow/dataset_cropped/09_Metas/22/12/20190922121900_00160.jpg,datasets_cloudmask/dataset_cropped/09_Metas/22/12/20190922121900_00160.png,825,897,116.8,28.4,958
9/22/2019 12:20,datasets/dataset_cropped/09_Metas/22/12/20190922122000_00160.jpg,datasets_flow/dataset_cropped/09_Metas/22/12/20190922122000_00160.jpg,datasets_cloudmask/dataset_cropped/09_Metas/22/12/20190922122000_00160.png,828,899,117.3,28,958
9/22/2019 12:21,datasets/dataset_cropped/09_Metas/22/12/20190922122100_00160.jpg,datasets_flow/dataset_cropped/09_Metas/22/12/20190922122100_00160.jpg,datasets_cloudmask/dataset_cropped/09_Metas/22/12/20190922122100_00160.png,828,899,117.6,27.9,958
9/22/2019 12:22,datasets/dataset_cropped/09_Metas/22/12/20190922122200_00160.jpg,datasets_flow/dataset_cropped/09_Metas/22/12/20190922122200_00160.jpg,datasets_cloudmask/dataset_cropped/09_Metas/22/12/20190922122200_00160.png,827,897,117.9,28.1,958
9/22/2019 12:23,datasets/dataset_cropped/09_Metas/22/12/20190922122300_00160.jpg,datasets_flow/dataset_cropped/09_Metas/22/12/20190922122300_00160.jpg,datasets_cloudmask/dataset_cropped/09_Metas/22/12/20190922122300_00160.png,827,895,118.9,28.1,958
9/22/2019 12:24,datasets/dataset_cropped/09_Metas/22/12/20190922122400_00160.jpg,datasets_flow/dataset_cropped/09_Metas/22/12/20190922122400_00160.jpg,datasets_cloudmask/dataset_cropped/09_Metas/22/12/20190922122400_00160.png,828,895,119.2,27.9,958
9/22/2019 12:25,datasets/dataset_cropped/09_Metas/22/12/20190922122500_00160.jpg,datasets_flow/dataset_cropped/09_Metas/22/12/20190922122500_00160.jpg,datasets_cloudmask/dataset_cropped/09_Metas/22/12/20190922122500_00160.png,828,894,119.6,27.9,958
9/22/2019 12:26,datasets/dataset_cropped/09_Metas/22/12/20190922122600_00160.jpg,datasets_flow/dataset_cropped/09_Metas/22/12/20190922122600_00160.jpg,datasets_cloudmask/dataset_cropped/09_Metas/22/12/20190922122600_00160.png,828,893,120,27.9,958
9/22/2019 12:27,datasets/dataset_cropped/09_Metas/22/12/20190922122700_00160.jpg,datasets_flow/dataset_cropped/09_Metas/22/12/20190922122700_00160.jpg,datasets_cloudmask/dataset_cropped/09_Metas/22/12/20190922122700_00160.png,830,892,120.8,28.1,958
9/22/2019 12:28,datasets/dataset_cropped/09_Metas/22/12/20190922122800_00160.jpg,datasets_flow/dataset_cropped/09_Metas/22/12/20190922122800_00160.jpg,datasets_cloudmask/dataset_cropped/09_Metas/22/12/20190922122800_00160.png,831,892,121.6,28.2,958
9/22/2019 12:29,datasets/dataset_cropped/09_Metas/22/12/20190922122900_00160.jpg,datasets_flow/dataset_cropped/09_Metas/22/12/20190922122900_00160.jpg,datasets_cloudmask/dataset_cropped/09_Metas/22/12/20190922122900_00160.png,833,892,123,28.2,958
9/22/2019 12:30,datasets/dataset_cropped/09_Metas/22/12/20190922123000_00160.jpg,datasets_flow/dataset_cropped/09_Metas/22/12/20190922123000_00160.jpg,datasets_cloudmask/dataset_cropped/09_Metas/22/12/20190922123000_00160.png,834,892,124.6,28.2,958
9/22/2019 12:31,datasets/dataset_cropped/09_Metas/22/12/20190922123100_00160.jpg,datasets_flow/dataset_cropped/09_Metas/22/12/20190922123100_00160.jpg,datasets_cloudmask/dataset_cropped/09_Metas/22/12/20190922123100_00160.png,836,892,126.6,28.2,958
9/22/2019 12:32,datasets/dataset_cropped/09_Metas/22/12/20190922123200_00160.jpg,datasets_flow/dataset_cropped/09_Metas/22/12/20190922123200_00160.jpg,datasets_cloudmask/dataset_cropped/09_Metas/22/12/20190922123200_00160.png,839,894,128.8,28.4,958
9/22/2019 12:33,datasets/dataset_cropped/09_Metas/22/12/20190922123300_00160.jpg,datasets_flow/dataset_cropped/09_Metas/22/12/20190922123300_00160.jpg,datasets_cloudmask/dataset_cropped/09_Metas/22/12/20190922123300_00160.png,833,882,131.5,28.5,958
9/22/2019 12:34,datasets/dataset_cropped/09_Metas/22/12/20190922123400_00160.jpg,datasets_flow/dataset_cropped/09_Metas/22/12/20190922123400_00160.jpg,datasets_cloudmask/dataset_cropped/09_Metas/22/12/20190922123400_00160.png,804,843,133,28.4,958
9/22/2019 12:35,datasets/dataset_cropped/09_Metas/22/12/20190922123500_00160.jpg,datasets_flow/dataset_cropped/09_Metas/22/12/20190922123500_00160.jpg,datasets_cloudmask/dataset_cropped/09_Metas/22/12/20190922123500_00160.png,816,854,136.1,28.3,958
9/22/2019 12:36,datasets/dataset_cropped/09_Metas/22/12/20190922123600_00160.jpg,datasets_flow/dataset_cropped/09_Metas/22/12/20190922123600_00160.jpg,datasets_cloudmask/dataset_cropped/09_Metas/22/12/20190922123600_00160.png,813,847,138.5,28.3,958
9/22/2019 12:37,datasets/dataset_cropped/09_Metas/22/12/20190922123700_00160.jpg,datasets_flow/dataset_cropped/09_Metas/22/12/20190922123700_00160.jpg,datasets_cloudmask/dataset_cropped/09_Metas/22/12/20190922123700_00160.png,805,834,140.4,28.1,958
9/22/2019 12:38,datasets/dataset_cropped/09_Metas/22/12/20190922123800_00160.jpg,datasets_flow/dataset_cropped/09_Metas/22/12/20190922123800_00160.jpg,datasets_cloudmask/dataset_cropped/09_Metas/22/12/20190922123800_00160.png,789.4,813,141.3,28.1,958
9/22/2019 12:39,datasets/dataset_cropped/09_Metas/22/12/20190922123900_00160.jpg,datasets_flow/dataset_cropped/09_Metas/22/12/20190922123900_00160.jpg,datasets_cloudmask/dataset_cropped/09_Metas/22/12/20190922123900_00160.png,758,772.1,141.6,28.3,958
9/22/2019 12:40,datasets/dataset_cropped/09_Metas/22/12/20190922124000_00160.jpg,datasets_flow/dataset_cropped/09_Metas/22/12/20190922124000_00160.jpg,datasets_cloudmask/dataset_cropped/09_Metas/22/12/20190922124000_00160.png,793.6,816,142.3,28.3,958
9/22/2019 12:41,datasets/dataset_cropped/09_Metas/22/12/20190922124100_00160.jpg,datasets_flow/dataset_cropped/09_Metas/22/12/20190922124100_00160.jpg,datasets_cloudmask/dataset_cropped/09_Metas/22/12/20190922124100_00160.png,781.6,800,141.9,28.2,958
9/22/2019 12:42,datasets/dataset_cropped/09_Metas/22/12/20190922124200_00160.jpg,datasets_flow/dataset_cropped/09_Metas/22/12/20190922124200_00160.jpg,datasets_cloudmask/dataset_cropped/09_Metas/22/12/20190922124200_00160.png,779.9,798.9,141.3,28.1,958
9/22/2019 12:43,datasets/dataset_cropped/09_Metas/22/12/20190922124300_00160.jpg,datasets_flow/dataset_cropped/09_Metas/22/12/20190922124300_00160.jpg,datasets_cloudmask/dataset_cropped/09_Metas/22/12/20190922124300_00160.png,793.8,818,140.3,28,958
9/22/2019 12:44,datasets/dataset_cropped/09_Metas/22/12/20190922124400_00160.jpg,datasets_flow/dataset_cropped/09_Metas/22/12/20190922124400_00160.jpg,datasets_cloudmask/dataset_cropped/09_Metas/22/12/20190922124400_00160.png,798,825,138.4,27.9,958
9/22/2019 12:45,datasets/dataset_cropped/09_Metas/22/12/20190922124500_00160.jpg,datasets_flow/dataset_cropped/09_Metas/22/12/20190922124500_00160.jpg,datasets_cloudmask/dataset_cropped/09_Metas/22/12/20190922124500_00160.png,809,839,137,28,958
9/22/2019 12:46,datasets/dataset_cropped/09_Metas/22/12/20190922124600_00160.jpg,datasets_flow/dataset_cropped/09_Metas/22/12/20190922124600_00160.jpg,datasets_cloudmask/dataset_cropped/09_Metas/22/12/20190922124600_00160.png,822,855,135.5,28,958
9/22/2019 12:47,datasets/dataset_cropped/09_Metas/22/12/20190922124700_00160.jpg,datasets_flow/dataset_cropped/09_Metas/22/12/20190922124700_00160.jpg,datasets_cloudmask/dataset_cropped/09_Metas/22/12/20190922124700_00160.png,820,854,134.2,27.9,958
9/22/2019 12:48,datasets/dataset_cropped/09_Metas/22/12/20190922124800_00160.jpg,datasets_flow/dataset_cropped/09_Metas/22/12/20190922124800_00160.jpg,datasets_cloudmask/dataset_cropped/09_Metas/22/12/20190922124800_00160.png,818,852,133.3,28.1,958
9/22/2019 12:49,datasets/dataset_cropped/09_Metas/22/12/20190922124900_00160.jpg,datasets_flow/dataset_cropped/09_Metas/22/12/20190922124900_00160.jpg,datasets_cloudmask/dataset_cropped/09_Metas/22/12/20190922124900_00160.png,813,846,132.3,28.2,958
9/22/2019 12:50,datasets/dataset_cropped/09_Metas/22/12/20190922125000_00160.jpg,datasets_flow/dataset_cropped/09_Metas/22/12/20190922125000_00160.jpg,datasets_cloudmask/dataset_cropped/09_Metas/22/12/20190922125000_00160.png,811,844,132,28.2,958
9/22/2019 12:51,datasets/dataset_cropped/09_Metas/22/12/20190922125100_00160.jpg,datasets_flow/dataset_cropped/09_Metas/22/12/20190922125100_00160.jpg,datasets_cloudmask/dataset_cropped/09_Metas/22/12/20190922125100_00160.png,820,858,131.4,28.3,958
9/22/2019 12:52,datasets/dataset_cropped/09_Metas/22/12/20190922125200_00160.jpg,datasets_flow/dataset_cropped/09_Metas/22/12/20190922125200_00160.jpg,datasets_cloudmask/dataset_cropped/09_Metas/22/12/20190922125200_00160.png,833,875,130.7,28.3,958
9/22/2019 12:53,datasets/dataset_cropped/09_Metas/22/12/20190922125300_00160.jpg,datasets_flow/dataset_cropped/09_Metas/22/12/20190922125300_00160.jpg,datasets_cloudmask/dataset_cropped/09_Metas/22/12/20190922125300_00160.png,835,879,129.3,28.3,958
9/22/2019 12:54,datasets/dataset_cropped/09_Metas/22/12/20190922125400_00160.jpg,datasets_flow/dataset_cropped/09_Metas/22/12/20190922125400_00160.jpg,datasets_cloudmask/dataset_cropped/09_Metas/22/12/20190922125400_00160.png,833,876,128.6,28.3,958
9/22/2019 12:55,datasets/dataset_cropped/09_Metas/22/12/20190922125500_00160.jpg,datasets_flow/dataset_cropped/09_Metas/22/12/20190922125500_00160.jpg,datasets_cloudmask/dataset_cropped/09_Metas/22/12/20190922125500_00160.png,829,870,128.6,28.2,958
9/22/2019 12:56,datasets/dataset_cropped/09_Metas/22/12/20190922125600_00160.jpg,datasets_flow/dataset_cropped/09_Metas/22/12/20190922125600_00160.jpg,datasets_cloudmask/dataset_cropped/09_Metas/22/12/20190922125600_00160.png,827,866,129.1,28.3,958
9/22/2019 12:57,datasets/dataset_cropped/09_Metas/22/12/20190922125700_00160.jpg,datasets_flow/dataset_cropped/09_Metas/22/12/20190922125700_00160.jpg,datasets_cloudmask/dataset_cropped/09_Metas/22/12/20190922125700_00160.png,821,859,129.4,28.6,958
9/22/2019 12:58,datasets/dataset_cropped/09_Metas/22/12/20190922125800_00160.jpg,datasets_flow/dataset_cropped/09_Metas/22/12/20190922125800_00160.jpg,datasets_cloudmask/dataset_cropped/09_Metas/22/12/20190922125800_00160.png,827,864,130.2,28.8,958
9/22/2019 12:59,datasets/dataset_cropped/09_Metas/22/12/20190922125900_00160.jpg,datasets_flow/dataset_cropped/09_Metas/22/12/20190922125900_00160.jpg,datasets_cloudmask/dataset_cropped/09_Metas/22/12/20190922125900_00160.png,825,861,131.1,28.8,958
9/22/2019 13:00,datasets/dataset_cropped/09_Metas/22/13/20190922130000_00160.jpg,datasets_flow/dataset_cropped/09_Metas/22/13/20190922130000_00160.jpg,datasets_cloudmask/dataset_cropped/09_Metas/22/13/20190922130000_00160.png,813,846,131.1,28.6,958
9/22/2019 13:01,datasets/dataset_cropped/09_Metas/22/13/20190922130100_00160.jpg,datasets_flow/dataset_cropped/09_Metas/22/13/20190922130100_00160.jpg,datasets_cloudmask/dataset_cropped/09_Metas/22/13/20190922130100_00160.png,822,855,131.6,28.5,958
9/22/2019 13:02,datasets/dataset_cropped/09_Metas/22/13/20190922130200_00160.jpg,datasets_flow/dataset_cropped/09_Metas/22/13/20190922130200_00160.jpg,datasets_cloudmask/dataset_cropped/09_Metas/22/13/20190922130200_00160.png,827,860,132.8,28.5,958
9/22/2019 13:03,datasets/dataset_cropped/09_Metas/22/13/20190922130300_00160.jpg,datasets_flow/dataset_cropped/09_Metas/22/13/20190922130300_00160.jpg,datasets_cloudmask/dataset_cropped/09_Metas/22/13/20190922130300_00160.png,829,861,133.9,28.7,958
9/22/2019 13:04,datasets/dataset_cropped/09_Metas/22/13/20190922130400_00160.jpg,datasets_flow/dataset_cropped/09_Metas/22/13/20190922130400_00160.jpg,datasets_cloudmask/dataset_cropped/09_Metas/22/13/20190922130400_00160.png,825,856,134.7,28.4,958
9/22/2019 13:05,datasets/dataset_cropped/09_Metas/22/13/20190922130500_00160.jpg,datasets_flow/dataset_cropped/09_Metas/22/13/20190922130500_00160.jpg,datasets_cloudmask/dataset_cropped/09_Metas/22/13/20190922130500_00160.png,808,834,135.4,28.3,958
9/22/2019 13:06,datasets/dataset_cropped/09_Metas/22/13/20190922130600_00160.jpg,datasets_flow/dataset_cropped/09_Metas/22/13/20190922130600_00160.jpg,datasets_cloudmask/dataset_cropped/09_Metas/22/13/20190922130600_00160.png,816,843,137.5,28.3,958
9/22/2019 13:07,datasets/dataset_cropped/09_Metas/22/13/20190922130700_00160.jpg,datasets_flow/dataset_cropped/09_Metas/22/13/20190922130700_00160.jpg,datasets_cloudmask/dataset_cropped/09_Metas/22/13/20190922130700_00160.png,846,878,139.4,28.6,958
9/22/2019 13:08,datasets/dataset_cropped/09_Metas/22/13/20190922130800_00160.jpg,datasets_flow/dataset_cropped/09_Metas/22/13/20190922130800_00160.jpg,datasets_cloudmask/dataset_cropped/09_Metas/22/13/20190922130800_00160.png,856,890,140.3,28.6,958
9/22/2019 13:09,datasets/dataset_cropped/09_Metas/22/13/20190922130900_00160.jpg,datasets_flow/dataset_cropped/09_Metas/22/13/20190922130900_00160.jpg,datasets_cloudmask/dataset_cropped/09_Metas/22/13/20190922130900_00160.png,861,895,141.5,28.5,958
9/22/2019 13:10,datasets/dataset_cropped/09_Metas/22/13/20190922131000_00160.jpg,datasets_flow/dataset_cropped/09_Metas/22/13/20190922131000_00160.jpg,datasets_cloudmask/dataset_cropped/09_Metas/22/13/20190922131000_00160.png,856,889,142.8,28.6,958
9/22/2019 13:11,datasets/dataset_cropped/09_Metas/22/13/20190922131100_00160.jpg,datasets_flow/dataset_cropped/09_Metas/22/13/20190922131100_00160.jpg,datasets_cloudmask/dataset_cropped/09_Metas/22/13/20190922131100_00160.png,844,873,143.4,28.7,958
9/22/2019 13:12,datasets/dataset_cropped/09_Metas/22/13/20190922131200_00160.jpg,datasets_flow/dataset_cropped/09_Metas/22/13/20190922131200_00160.jpg,datasets_cloudmask/dataset_cropped/09_Metas/22/13/20190922131200_00160.png,845,870,145.3,28.8,958
9/22/2019 13:13,datasets/dataset_cropped/09_Metas/22/13/20190922131300_00160.jpg,datasets_flow/dataset_cropped/09_Metas/22/13/20190922131300_00160.jpg,datasets_cloudmask/dataset_cropped/09_Metas/22/13/20190922131300_00160.png,833,852,147.4,28.8,958
9/22/2019 13:14,datasets/dataset_cropped/09_Metas/22/13/20190922131400_00160.jpg,datasets_flow/dataset_cropped/09_Metas/22/13/20190922131400_00160.jpg,datasets_cloudmask/dataset_cropped/09_Metas/22/13/20190922131400_00160.png,813,825,149.1,28.9,958
9/22/2019 13:15,datasets/dataset_cropped/09_Metas/22/13/20190922131500_00160.jpg,datasets_flow/dataset_cropped/09_Metas/22/13/20190922131500_00160.jpg,datasets_cloudmask/dataset_cropped/09_Metas/22/13/20190922131500_00160.png,801,808,150.9,28.9,958
9/22/2019 13:16,datasets/dataset_cropped/09_Metas/22/13/20190922131600_00160.jpg,datasets_flow/dataset_cropped/09_Metas/22/13/20190922131600_00160.jpg,datasets_cloudmask/dataset_cropped/09_Metas/22/13/20190922131600_00160.png,753.6,748.3,152.1,28.9,958
9/22/2019 13:17,datasets/dataset_cropped/09_Metas/22/13/20190922131700_00160.jpg,datasets_flow/dataset_cropped/09_Metas/22/13/20190922131700_00160.jpg,datasets_cloudmask/dataset_cropped/09_Metas/22/13/20190922131700_00160.png,739.1,728.9,153.5,28.9,958
9/22/2019 13:18,datasets/dataset_cropped/09_Metas/22/13/20190922131800_00160.jpg,datasets_flow/dataset_cropped/09_Metas/22/13/20190922131800_00160.jpg,datasets_cloudmask/dataset_cropped/09_Metas/22/13/20190922131800_00160.png,720.3,703.9,154.9,28.9,958
9/22/2019 13:19,datasets/dataset_cropped/09_Metas/22/13/20190922131900_00160.jpg,datasets_flow/dataset_cropped/09_Metas/22/13/20190922131900_00160.jpg,datasets_cloudmask/dataset_cropped/09_Metas/22/13/20190922131900_00160.png,718.3,699.5,157.3,29,958
9/22/2019 13:20,datasets/dataset_cropped/09_Metas/22/13/20190922132000_00160.jpg,datasets_flow/dataset_cropped/09_Metas/22/13/20190922132000_00160.jpg,datasets_cloudmask/dataset_cropped/09_Metas/22/13/20190922132000_00160.png,741.8,726.3,158.8,28.8,957
9/22/2019 13:21,datasets/dataset_cropped/09_Metas/22/13/20190922132100_00160.jpg,datasets_flow/dataset_cropped/09_Metas/22/13/20190922132100_00160.jpg,datasets_cloudmask/dataset_cropped/09_Metas/22/13/20190922132100_00160.png,734.8,716.5,159.6,28.8,958
9/22/2019 13:22,datasets/dataset_cropped/09_Metas/22/13/20190922132200_00160.jpg,datasets_flow/dataset_cropped/09_Metas/22/13/20190922132200_00160.jpg,datasets_cloudmask/dataset_cropped/09_Metas/22/13/20190922132200_00160.png,794.9,788.2,162.3,29.2,957
9/22/2019 13:23,datasets/dataset_cropped/09_Metas/22/13/20190922132300_00160.jpg,datasets_flow/dataset_cropped/09_Metas/22/13/20190922132300_00160.jpg,datasets_cloudmask/dataset_cropped/09_Metas/22/13/20190922132300_00160.png,774.5,761.8,162.6,29.2,957
9/22/2019 13:24,datasets/dataset_cropped/09_Metas/22/13/20190922132400_00160.jpg,datasets_flow/dataset_cropped/09_Metas/22/13/20190922132400_00160.jpg,datasets_cloudmask/dataset_cropped/09_Metas/22/13/20190922132400_00160.png,771,755.7,164.1,29.3,957
9/22/2019 13:25,datasets/dataset_cropped/09_Metas/22/13/20190922132500_00160.jpg,datasets_flow/dataset_cropped/09_Metas/22/13/20190922132500_00160.jpg,datasets_cloudmask/dataset_cropped/09_Metas/22/13/20190922132500_00160.png,751.2,729.4,165.1,29.1,957
9/22/2019 13:26,datasets/dataset_cropped/09_Metas/22/13/20190922132600_00160.jpg,datasets_flow/dataset_cropped/09_Metas/22/13/20190922132600_00160.jpg,datasets_cloudmask/dataset_cropped/09_Metas/22/13/20190922132600_00160.png,757.2,735.2,166.7,29.2,958
9/22/2019 13:27,datasets/dataset_cropped/09_Metas/22/13/20190922132700_00160.jpg,datasets_flow/dataset_cropped/09_Metas/22/13/20190922132700_00160.jpg,datasets_cloudmask/dataset_cropped/09_Metas/22/13/20190922132700_00160.png,740.6,713.3,168,29.1,957
9/22/2019 13:28,datasets/dataset_cropped/09_Metas/22/13/20190922132800_00160.jpg,datasets_flow/dataset_cropped/09_Metas/22/13/20190922132800_00160.jpg,datasets_cloudmask/dataset_cropped/09_Metas/22/13/20190922132800_00160.png,741.7,714,169,29.3,957
9/22/2019 13:29,datasets/dataset_cropped/09_Metas/22/13/20190922132900_00160.jpg,datasets_flow/dataset_cropped/09_Metas/22/13/20190922132900_00160.jpg,datasets_cloudmask/dataset_cropped/09_Metas/22/13/20190922132900_00160.png,735.1,705.5,169.3,29.4,957
9/22/2019 13:30,datasets/dataset_cropped/09_Metas/22/13/20190922133000_00160.jpg,datasets_flow/dataset_cropped/09_Metas/22/13/20190922133000_00160.jpg,datasets_cloudmask/dataset_cropped/09_Metas/22/13/20190922133000_00160.png,747.7,722.2,169.4,29.4,957
9/22/2019 13:31,datasets/dataset_cropped/09_Metas/22/13/20190922133100_00160.jpg,datasets_flow/dataset_cropped/09_Metas/22/13/20190922133100_00160.jpg,datasets_cloudmask/dataset_cropped/09_Metas/22/13/20190922133100_00160.png,750.5,728.1,168.2,29.5,958
9/22/2019 13:32,datasets/dataset_cropped/09_Metas/22/13/20190922133200_00160.jpg,datasets_flow/dataset_cropped/09_Metas/22/13/20190922133200_00160.jpg,datasets_cloudmask/dataset_cropped/09_Metas/22/13/20190922133200_00160.png,751.3,731.3,166.9,29.4,957
9/22/2019 13:33,datasets/dataset_cropped/09_Metas/22/13/20190922133300_00160.jpg,datasets_flow/dataset_cropped/09_Metas/22/13/20190922133300_00160.jpg,datasets_cloudmask/dataset_cropped/09_Metas/22/13/20190922133300_00160.png,785.1,776.2,165.6,29.4,957
9/22/2019 13:34,datasets/dataset_cropped/09_Metas/22/13/20190922133400_00160.jpg,datasets_flow/dataset_cropped/09_Metas/22/13/20190922133400_00160.jpg,datasets_cloudmask/dataset_cropped/09_Metas/22/13/20190922133400_00160.png,791.8,788.9,163.3,29.2,957
9/22/2019 13:35,datasets/dataset_cropped/09_Metas/22/13/20190922133500_00160.jpg,datasets_flow/dataset_cropped/09_Metas/22/13/20190922133500_00160.jpg,datasets_cloudmask/dataset_cropped/09_Metas/22/13/20190922133500_00160.png,800,804,161.1,29.1,957
9/22/2019 13:36,datasets/dataset_cropped/09_Metas/22/13/20190922133600_00160.jpg,datasets_flow/dataset_cropped/09_Metas/22/13/20190922133600_00160.jpg,datasets_cloudmask/dataset_cropped/09_Metas/22/13/20190922133600_00160.png,792.3,798.1,158,29.1,957
9/22/2019 13:37,datasets/dataset_cropped/09_Metas/22/13/20190922133700_00160.jpg,datasets_flow/dataset_cropped/09_Metas/22/13/20190922133700_00160.jpg,datasets_cloudmask/dataset_cropped/09_Metas/22/13/20190922133700_00160.png,778.2,784.5,155,29.1,957
9/22/2019 13:38,datasets/dataset_cropped/09_Metas/22/13/20190922133800_00160.jpg,datasets_flow/dataset_cropped/09_Metas/22/13/20190922133800_00160.jpg,datasets_cloudmask/dataset_cropped/09_Metas/22/13/20190922133800_00160.png,794.7,808,152.7,29.2,957
9/22/2019 13:39,datasets/dataset_cropped/09_Metas/22/13/20190922133900_00160.jpg,datasets_flow/dataset_cropped/09_Metas/22/13/20190922133900_00160.jpg,datasets_cloudmask/dataset_cropped/09_Metas/22/13/20190922133900_00160.png,789.4,806,149.8,29.3,957
9/22/2019 13:40,datasets/dataset_cropped/09_Metas/22/13/20190922134000_00160.jpg,datasets_flow/dataset_cropped/09_Metas/22/13/20190922134000_00160.jpg,datasets_cloudmask/dataset_cropped/09_Metas/22/13/20190922134000_00160.png,814,840,147.6,29.1,957
9/22/2019 13:41,datasets/dataset_cropped/09_Metas/22/13/20190922134100_00160.jpg,datasets_flow/dataset_cropped/09_Metas/22/13/20190922134100_00160.jpg,datasets_cloudmask/dataset_cropped/09_Metas/22/13/20190922134100_00160.png,836,871,145.6,29.1,957
9/22/2019 13:42,datasets/dataset_cropped/09_Metas/22/13/20190922134200_00160.jpg,datasets_flow/dataset_cropped/09_Metas/22/13/20190922134200_00160.jpg,datasets_cloudmask/dataset_cropped/09_Metas/22/13/20190922134200_00160.png,831,868,144,29.3,957
9/22/2019 13:43,datasets/dataset_cropped/09_Metas/22/13/20190922134300_00160.jpg,datasets_flow/dataset_cropped/09_Metas/22/13/20190922134300_00160.jpg,datasets_cloudmask/dataset_cropped/09_Metas/22/13/20190922134300_00160.png,827,864,142.3,29.5,957
9/22/2019 13:44,datasets/dataset_cropped/09_Metas/22/13/20190922134400_00160.jpg,datasets_flow/dataset_cropped/09_Metas/22/13/20190922134400_00160.jpg,datasets_cloudmask/dataset_cropped/09_Metas/22/13/20190922134400_00160.png,823,862,140.9,29.6,957
9/22/2019 13:45,datasets/dataset_cropped/09_Metas/22/13/20190922134500_00160.jpg,datasets_flow/dataset_cropped/09_Metas/22/13/20190922134500_00160.jpg,datasets_cloudmask/dataset_cropped/09_Metas/22/13/20190922134500_00160.png,823,863,140.2,29.8,957
9/22/2019 13:46,datasets/dataset_cropped/09_Metas/22/13/20190922134600_00160.jpg,datasets_flow/dataset_cropped/09_Metas/22/13/20190922134600_00160.jpg,datasets_cloudmask/dataset_cropped/09_Metas/22/13/20190922134600_00160.png,822,861,140.1,30.1,957
9/22/2019 13:47,datasets/dataset_cropped/09_Metas/22/13/20190922134700_00160.jpg,datasets_flow/dataset_cropped/09_Metas/22/13/20190922134700_00160.jpg,datasets_cloudmask/dataset_cropped/09_Metas/22/13/20190922134700_00160.png,824,865,140.4,30.2,957
9/22/2019 13:48,datasets/dataset_cropped/09_Metas/22/13/20190922134800_00160.jpg,datasets_flow/dataset_cropped/09_Metas/22/13/20190922134800_00160.jpg,datasets_cloudmask/dataset_cropped/09_Metas/22/13/20190922134800_00160.png,821,862,140.1,30.4,957
9/22/2019 13:49,datasets/dataset_cropped/09_Metas/22/13/20190922134900_00160.jpg,datasets_flow/dataset_cropped/09_Metas/22/13/20190922134900_00160.jpg,datasets_cloudmask/dataset_cropped/09_Metas/22/13/20190922134900_00160.png,793.9,828,140.4,30.6,957
9/22/2019 13:50,datasets/dataset_cropped/09_Metas/22/13/20190922135000_00160.jpg,datasets_flow/dataset_cropped/09_Metas/22/13/20190922135000_00160.jpg,datasets_cloudmask/dataset_cropped/09_Metas/22/13/20190922135000_00160.png,798.9,835,141.4,30.7,957
9/22/2019 13:51,datasets/dataset_cropped/09_Metas/22/13/20190922135100_00160.jpg,datasets_flow/dataset_cropped/09_Metas/22/13/20190922135100_00160.jpg,datasets_cloudmask/dataset_cropped/09_Metas/22/13/20190922135100_00160.png,805,841,142.3,30.6,957
9/22/2019 13:52,datasets/dataset_cropped/09_Metas/22/13/20190922135200_00160.jpg,datasets_flow/dataset_cropped/09_Metas/22/13/20190922135200_00160.jpg,datasets_cloudmask/dataset_cropped/09_Metas/22/13/20190922135200_00160.png,795.5,829,143,30.4,957
9/22/2019 13:53,datasets/dataset_cropped/09_Metas/22/13/20190922135300_00160.jpg,datasets_flow/dataset_cropped/09_Metas/22/13/20190922135300_00160.jpg,datasets_cloudmask/dataset_cropped/09_Metas/22/13/20190922135300_00160.png,809,844,144.8,30.5,957
9/22/2019 13:54,datasets/dataset_cropped/09_Metas/22/13/20190922135400_00160.jpg,datasets_flow/dataset_cropped/09_Metas/22/13/20190922135400_00160.jpg,datasets_cloudmask/dataset_cropped/09_Metas/22/13/20190922135400_00160.png,816,851,147,30.6,957
9/22/2019 13:55,datasets/dataset_cropped/09_Metas/22/13/20190922135500_00160.jpg,datasets_flow/dataset_cropped/09_Metas/22/13/20190922135500_00160.jpg,datasets_cloudmask/dataset_cropped/09_Metas/22/13/20190922135500_00160.png,722.7,731.1,147.4,30.5,957
9/22/2019 13:56,datasets/dataset_cropped/09_Metas/22/13/20190922135600_00160.jpg,datasets_flow/dataset_cropped/09_Metas/22/13/20190922135600_00160.jpg,datasets_cloudmask/dataset_cropped/09_Metas/22/13/20190922135600_00160.png,715.7,721.7,149.2,30.1,957
9/22/2019 13:57,datasets/dataset_cropped/09_Metas/22/13/20190922135700_00160.jpg,datasets_flow/dataset_cropped/09_Metas/22/13/20190922135700_00160.jpg,datasets_cloudmask/dataset_cropped/09_Metas/22/13/20190922135700_00160.png,724.7,733.7,150.2,30,957
9/22/2019 13:58,datasets/dataset_cropped/09_Metas/22/13/20190922135800_00160.jpg,datasets_flow/dataset_cropped/09_Metas/22/13/20190922135800_00160.jpg,datasets_cloudmask/dataset_cropped/09_Metas/22/13/20190922135800_00160.png,725.6,734.3,151.5,30,957
9/22/2019 13:59,datasets/dataset_cropped/09_Metas/22/13/20190922135900_00160.jpg,datasets_flow/dataset_cropped/09_Metas/22/13/20190922135900_00160.jpg,datasets_cloudmask/dataset_cropped/09_Metas/22/13/20190922135900_00160.png,722.6,729.7,152.4,29.7,957
9/22/2019 14:00,datasets/dataset_cropped/09_Metas/22/14/20190922140000_00160.jpg,datasets_flow/dataset_cropped/09_Metas/22/14/20190922140000_00160.jpg,datasets_cloudmask/dataset_cropped/09_Metas/22/14/20190922140000_00160.png,736.3,746.2,153.7,29.7,957
9/22/2019 14:01,datasets/dataset_cropped/09_Metas/22/14/20190922140100_00160.jpg,datasets_flow/dataset_cropped/09_Metas/22/14/20190922140100_00160.jpg,datasets_cloudmask/dataset_cropped/09_Metas/22/14/20190922140100_00160.png,745.8,757.6,155.2,29.9,957
9/22/2019 14:02,datasets/dataset_cropped/09_Metas/22/14/20190922140200_00160.jpg,datasets_flow/dataset_cropped/09_Metas/22/14/20190922140200_00160.jpg,datasets_cloudmask/dataset_cropped/09_Metas/22/14/20190922140200_00160.png,724.2,730.1,155.5,30,957
9/22/2019 14:03,datasets/dataset_cropped/09_Metas/22/14/20190922140300_00160.jpg,datasets_flow/dataset_cropped/09_Metas/22/14/20190922140300_00160.jpg,datasets_cloudmask/dataset_cropped/09_Metas/22/14/20190922140300_00160.png,716.8,720.8,155.9,30.2,957
9/22/2019 14:04,datasets/dataset_cropped/09_Metas/22/14/20190922140400_00160.jpg,datasets_flow/dataset_cropped/09_Metas/22/14/20190922140400_00160.jpg,datasets_cloudmask/dataset_cropped/09_Metas/22/14/20190922140400_00160.png,733.9,743.2,156.4,30.2,957
9/22/2019 14:05,datasets/dataset_cropped/09_Metas/22/14/20190922140500_00160.jpg,datasets_flow/dataset_cropped/09_Metas/22/14/20190922140500_00160.jpg,datasets_cloudmask/dataset_cropped/09_Metas/22/14/20190922140500_00160.png,715.7,721,155.8,30.1,957
9/22/2019 14:06,datasets/dataset_cropped/09_Metas/22/14/20190922140600_00160.jpg,datasets_flow/dataset_cropped/09_Metas/22/14/20190922140600_00160.jpg,datasets_cloudmask/dataset_cropped/09_Metas/22/14/20190922140600_00160.png,738.2,751.4,155.4,30.1,957
9/22/2019 14:07,datasets/dataset_cropped/09_Metas/22/14/20190922140700_00160.jpg,datasets_flow/dataset_cropped/09_Metas/22/14/20190922140700_00160.jpg,datasets_cloudmask/dataset_cropped/09_Metas/22/14/20190922140700_00160.png,770.6,794.9,154.8,29.9,957
9/22/2019 14:08,datasets/dataset_cropped/09_Metas/22/14/20190922140800_00160.jpg,datasets_flow/dataset_cropped/09_Metas/22/14/20190922140800_00160.jpg,datasets_cloudmask/dataset_cropped/09_Metas/22/14/20190922140800_00160.png,800,836,153.5,29.5,957
9/22/2019 14:09,datasets/dataset_cropped/09_Metas/22/14/20190922140900_00160.jpg,datasets_flow/dataset_cropped/09_Metas/22/14/20190922140900_00160.jpg,datasets_cloudmask/dataset_cropped/09_Metas/22/14/20190922140900_00160.png,803,844,152.1,29.2,957
9/22/2019 14:10,datasets/dataset_cropped/09_Metas/22/14/20190922141000_00160.jpg,datasets_flow/dataset_cropped/09_Metas/22/14/20190922141000_00160.jpg,datasets_cloudmask/dataset_cropped/09_Metas/22/14/20190922141000_00160.png,803,848,151,29.4,957
9/22/2019 14:11,datasets/dataset_cropped/09_Metas/22/14/20190922141100_00160.jpg,datasets_flow/dataset_cropped/09_Metas/22/14/20190922141100_00160.jpg,datasets_cloudmask/dataset_cropped/09_Metas/22/14/20190922141100_00160.png,802,848,149.7,29.6,957
9/22/2019 14:12,datasets/dataset_cropped/09_Metas/22/14/20190922141200_00160.jpg,datasets_flow/dataset_cropped/09_Metas/22/14/20190922141200_00160.jpg,datasets_cloudmask/dataset_cropped/09_Metas/22/14/20190922141200_00160.png,801,847,149.8,29.8,957
9/22/2019 14:13,datasets/dataset_cropped/09_Metas/22/14/20190922141300_00160.jpg,datasets_flow/dataset_cropped/09_Metas/22/14/20190922141300_00160.jpg,datasets_cloudmask/dataset_cropped/09_Metas/22/14/20190922141300_00160.png,789.5,831,150.2,29.9,957
9/22/2019 14:14,datasets/dataset_cropped/09_Metas/22/14/20190922141400_00160.jpg,datasets_flow/dataset_cropped/09_Metas/22/14/20190922141400_00160.jpg,datasets_cloudmask/dataset_cropped/09_Metas/22/14/20190922141400_00160.png,783.4,822,151.9,29.9,957
9/22/2019 14:15,datasets/dataset_cropped/09_Metas/22/14/20190922141500_00160.jpg,datasets_flow/dataset_cropped/09_Metas/22/14/20190922141500_00160.jpg,datasets_cloudmask/dataset_cropped/09_Metas/22/14/20190922141500_00160.png,789.4,828,154.1,29.9,957
9/22/2019 14:16,datasets/dataset_cropped/09_Metas/22/14/20190922141600_00160.jpg,datasets_flow/dataset_cropped/09_Metas/22/14/20190922141600_00160.jpg,datasets_cloudmask/dataset_cropped/09_Metas/22/14/20190922141600_00160.png,782.5,817,156.3,30,957
9/22/2019 14:17,datasets/dataset_cropped/09_Metas/22/14/20190922141700_00160.jpg,datasets_flow/dataset_cropped/09_Metas/22/14/20190922141700_00160.jpg,datasets_cloudmask/dataset_cropped/09_Metas/22/14/20190922141700_00160.png,765.3,793.2,158.1,29.9,957
9/22/2019 14:18,datasets/dataset_cropped/09_Metas/22/14/20190922141800_00160.jpg,datasets_flow/dataset_cropped/09_Metas/22/14/20190922141800_00160.jpg,datasets_cloudmask/dataset_cropped/09_Metas/22/14/20190922141800_00160.png,760.2,785.3,159.8,30,957
9/22/2019 14:19,datasets/dataset_cropped/09_Metas/22/14/20190922141900_00160.jpg,datasets_flow/dataset_cropped/09_Metas/22/14/20190922141900_00160.jpg,datasets_cloudmask/dataset_cropped/09_Metas/22/14/20190922141900_00160.png,758.6,782.7,160.9,30,957
9/22/2019 14:20,datasets/dataset_cropped/09_Metas/22/14/20190922142000_00160.jpg,datasets_flow/dataset_cropped/09_Metas/22/14/20190922142000_00160.jpg,datasets_cloudmask/dataset_cropped/09_Metas/22/14/20190922142000_00160.png,758.7,782.7,162.1,29.8,957
9/22/2019 14:21,datasets/dataset_cropped/09_Metas/22/14/20190922142100_00160.jpg,datasets_flow/dataset_cropped/09_Metas/22/14/20190922142100_00160.jpg,datasets_cloudmask/dataset_cropped/09_Metas/22/14/20190922142100_00160.png,749.3,771.4,162.5,29.8,957
9/22/2019 14:22,datasets/dataset_cropped/09_Metas/22/14/20190922142200_00160.jpg,datasets_flow/dataset_cropped/09_Metas/22/14/20190922142200_00160.jpg,datasets_cloudmask/dataset_cropped/09_Metas/22/14/20190922142200_00160.png,752.4,776.4,162.8,29.6,957
9/22/2019 14:23,datasets/dataset_cropped/09_Metas/22/14/20190922142300_00160.jpg,datasets_flow/dataset_cropped/09_Metas/22/14/20190922142300_00160.jpg,datasets_cloudmask/dataset_cropped/09_Metas/22/14/20190922142300_00160.png,730.7,749.6,162.4,29.3,957
9/22/2019 14:24,datasets/dataset_cropped/09_Metas/22/14/20190922142400_00160.jpg,datasets_flow/dataset_cropped/09_Metas/22/14/20190922142400_00160.jpg,datasets_cloudmask/dataset_cropped/09_Metas/22/14/20190922142400_00160.png,760.9,790.7,162.6,29.4,957
9/22/2019 14:25,datasets/dataset_cropped/09_Metas/22/14/20190922142500_00160.jpg,datasets_flow/dataset_cropped/09_Metas/22/14/20190922142500_00160.jpg,datasets_cloudmask/dataset_cropped/09_Metas/22/14/20190922142500_00160.png,790.9,832,163.1,29.6,957
9/22/2019 14:26,datasets/dataset_cropped/09_Metas/22/14/20190922142600_00160.jpg,datasets_flow/dataset_cropped/09_Metas/22/14/20190922142600_00160.jpg,datasets_cloudmask/dataset_cropped/09_Metas/22/14/20190922142600_00160.png,779.2,818,162.8,29.9,957
9/22/2019 14:27,datasets/dataset_cropped/09_Metas/22/14/20190922142700_00160.jpg,datasets_flow/dataset_cropped/09_Metas/22/14/20190922142700_00160.jpg,datasets_cloudmask/dataset_cropped/09_Metas/22/14/20190922142700_00160.png,788.3,832,162.8,30,957
9/22/2019 14:28,datasets/dataset_cropped/09_Metas/22/14/20190922142800_00160.jpg,datasets_flow/dataset_cropped/09_Metas/22/14/20190922142800_00160.jpg,datasets_cloudmask/dataset_cropped/09_Metas/22/14/20190922142800_00160.png,787.7,831,163.7,29.9,957
9/22/2019 14:29,datasets/dataset_cropped/09_Metas/22/14/20190922142900_00160.jpg,datasets_flow/dataset_cropped/09_Metas/22/14/20190922142900_00160.jpg,datasets_cloudmask/dataset_cropped/09_Metas/22/14/20190922142900_00160.png,787.8,832,165,30,957
9/22/2019 14:30,datasets/dataset_cropped/09_Metas/22/14/20190922143000_00160.jpg,datasets_flow/dataset_cropped/09_Metas/22/14/20190922143000_00160.jpg,datasets_cloudmask/dataset_cropped/09_Metas/22/14/20190922143000_00160.png,743,773.3,165.2,30.2,957
9/22/2019 14:31,datasets/dataset_cropped/09_Metas/22/14/20190922143100_00160.jpg,datasets_flow/dataset_cropped/09_Metas/22/14/20190922143100_00160.jpg,datasets_cloudmask/dataset_cropped/09_Metas/22/14/20190922143100_00160.png,761.9,799.7,166,30.3,957
9/22/2019 14:32,datasets/dataset_cropped/09_Metas/22/14/20190922143200_00160.jpg,datasets_flow/dataset_cropped/09_Metas/22/14/20190922143200_00160.jpg,datasets_cloudmask/dataset_cropped/09_Metas/22/14/20190922143200_00160.png,766.6,807,166.8,30.2,957
9/22/2019 14:33,datasets/dataset_cropped/09_Metas/22/14/20190922143300_00160.jpg,datasets_flow/dataset_cropped/09_Metas/22/14/20190922143300_00160.jpg,datasets_cloudmask/dataset_cropped/09_Metas/22/14/20190922143300_00160.png,750.3,785.8,166.2,30.3,957
9/22/2019 14:34,datasets/dataset_cropped/09_Metas/22/14/20190922143400_00160.jpg,datasets_flow/dataset_cropped/09_Metas/22/14/20190922143400_00160.jpg,datasets_cloudmask/dataset_cropped/09_Metas/22/14/20190922143400_00160.png,743.1,776.2,166.1,30.4,957
9/22/2019 14:35,datasets/dataset_cropped/09_Metas/22/14/20190922143500_00160.jpg,datasets_flow/dataset_cropped/09_Metas/22/14/20190922143500_00160.jpg,datasets_cloudmask/dataset_cropped/09_Metas/22/14/20190922143500_00160.png,731.6,760.9,166.3,30.4,957
9/22/2019 14:36,datasets/dataset_cropped/09_Metas/22/14/20190922143600_00160.jpg,datasets_flow/dataset_cropped/09_Metas/22/14/20190922143600_00160.jpg,datasets_cloudmask/dataset_cropped/09_Metas/22/14/20190922143600_00160.png,750,786.6,167.4,30.6,957
9/22/2019 14:37,datasets/dataset_cropped/09_Metas/22/14/20190922143700_00160.jpg,datasets_flow/dataset_cropped/09_Metas/22/14/20190922143700_00160.jpg,datasets_cloudmask/dataset_cropped/09_Metas/22/14/20190922143700_00160.png,734.6,768,167.1,30.7,957
9/22/2019 14:38,datasets/dataset_cropped/09_Metas/22/14/20190922143800_00160.jpg,datasets_flow/dataset_cropped/09_Metas/22/14/20190922143800_00160.jpg,datasets_cloudmask/dataset_cropped/09_Metas/22/14/20190922143800_00160.png,736,771.4,167.5,30.8,957
9/22/2019 14:39,datasets/dataset_cropped/09_Metas/22/14/20190922143900_00160.jpg,datasets_flow/dataset_cropped/09_Metas/22/14/20190922143900_00160.jpg,datasets_cloudmask/dataset_cropped/09_Metas/22/14/20190922143900_00160.png,745.2,786,168.3,30.7,957
9/22/2019 14:40,datasets/dataset_cropped/09_Metas/22/14/20190922144000_00160.jpg,datasets_flow/dataset_cropped/09_Metas/22/14/20190922144000_00160.jpg,datasets_cloudmask/dataset_cropped/09_Metas/22/14/20190922144000_00160.png,730.3,767.9,167.2,30.4,957
9/22/2019 14:41,datasets/dataset_cropped/09_Metas/22/14/20190922144100_00160.jpg,datasets_flow/dataset_cropped/09_Metas/22/14/20190922144100_00160.jpg,datasets_cloudmask/dataset_cropped/09_Metas/22/14/20190922144100_00160.png,710.8,742.1,166.8,30.2,957
9/22/2019 14:42,datasets/dataset_cropped/09_Metas/22/14/20190922144200_00160.jpg,datasets_flow/dataset_cropped/09_Metas/22/14/20190922144200_00160.jpg,datasets_cloudmask/dataset_cropped/09_Metas/22/14/20190922144200_00160.png,701.5,729.2,167,30.2,957
9/22/2019 14:43,datasets/dataset_cropped/09_Metas/22/14/20190922144300_00160.jpg,datasets_flow/dataset_cropped/09_Metas/22/14/20190922144300_00160.jpg,datasets_cloudmask/dataset_cropped/09_Metas/22/14/20190922144300_00160.png,691.1,714.2,168.2,30.1,957
9/22/2019 14:44,datasets/dataset_cropped/09_Metas/22/14/20190922144400_00160.jpg,datasets_flow/dataset_cropped/09_Metas/22/14/20190922144400_00160.jpg,datasets_cloudmask/dataset_cropped/09_Metas/22/14/20190922144400_00160.png,678.1,696.1,168.8,29.9,957
9/22/2019 14:45,datasets/dataset_cropped/09_Metas/22/14/20190922144500_00160.jpg,datasets_flow/dataset_cropped/09_Metas/22/14/20190922144500_00160.jpg,datasets_cloudmask/dataset_cropped/09_Metas/22/14/20190922144500_00160.png,700.3,725.3,170.9,29.8,957
9/22/2019 14:46,datasets/dataset_cropped/09_Metas/22/14/20190922144600_00160.jpg,datasets_flow/dataset_cropped/09_Metas/22/14/20190922144600_00160.jpg,datasets_cloudmask/dataset_cropped/09_Metas/22/14/20190922144600_00160.png,714.4,742.7,173.8,29.8,957
9/22/2019 14:47,datasets/dataset_cropped/09_Metas/22/14/20190922144700_00160.jpg,datasets_flow/dataset_cropped/09_Metas/22/14/20190922144700_00160.jpg,datasets_cloudmask/dataset_cropped/09_Metas/22/14/20190922144700_00160.png,662.1,669.8,175.3,29.9,957
9/22/2019 14:48,datasets/dataset_cropped/09_Metas/22/14/20190922144800_00160.jpg,datasets_flow/dataset_cropped/09_Metas/22/14/20190922144800_00160.jpg,datasets_cloudmask/dataset_cropped/09_Metas/22/14/20190922144800_00160.png,677.3,688.6,177.9,30.1,957
9/22/2019 14:49,datasets/dataset_cropped/09_Metas/22/14/20190922144900_00160.jpg,datasets_flow/dataset_cropped/09_Metas/22/14/20190922144900_00160.jpg,datasets_cloudmask/dataset_cropped/09_Metas/22/14/20190922144900_00160.png,702.3,720.9,181.1,30.2,957
9/22/2019 14:50,datasets/dataset_cropped/09_Metas/22/14/20190922145000_00160.jpg,datasets_flow/dataset_cropped/09_Metas/22/14/20190922145000_00160.jpg,datasets_cloudmask/dataset_cropped/09_Metas/22/14/20190922145000_00160.png,752.7,788.3,184.6,30.4,957
9/22/2019 14:51,datasets/dataset_cropped/09_Metas/22/14/20190922145100_00160.jpg,datasets_flow/dataset_cropped/09_Metas/22/14/20190922145100_00160.jpg,datasets_cloudmask/dataset_cropped/09_Metas/22/14/20190922145100_00160.png,737.5,765.3,186.6,30.6,957
9/22/2019 14:52,datasets/dataset_cropped/09_Metas/22/14/20190922145200_00160.jpg,datasets_flow/dataset_cropped/09_Metas/22/14/20190922145200_00160.jpg,datasets_cloudmask/dataset_cropped/09_Metas/22/14/20190922145200_00160.png,724.4,743.8,190.2,30.8,957
9/22/2019 14:53,datasets/dataset_cropped/09_Metas/22/14/20190922145300_00160.jpg,datasets_flow/dataset_cropped/09_Metas/22/14/20190922145300_00160.jpg,datasets_cloudmask/dataset_cropped/09_Metas/22/14/20190922145300_00160.png,690.5,694.4,192.5,30.7,957
9/22/2019 14:54,datasets/dataset_cropped/09_Metas/22/14/20190922145400_00160.jpg,datasets_flow/dataset_cropped/09_Metas/22/14/20190922145400_00160.jpg,datasets_cloudmask/dataset_cropped/09_Metas/22/14/20190922145400_00160.png,651.6,637.1,195.1,30.4,957
9/22/2019 14:55,datasets/dataset_cropped/09_Metas/22/14/20190922145500_00160.jpg,datasets_flow/dataset_cropped/09_Metas/22/14/20190922145500_00160.jpg,datasets_cloudmask/dataset_cropped/09_Metas/22/14/20190922145500_00160.png,629.2,602.7,197.9,30.2,957
9/22/2019 14:56,datasets/dataset_cropped/09_Metas/22/14/20190922145600_00160.jpg,datasets_flow/dataset_cropped/09_Metas/22/14/20190922145600_00160.jpg,datasets_cloudmask/dataset_cropped/09_Metas/22/14/20190922145600_00160.png,617.8,585,200.2,30.2,957
9/22/2019 14:57,datasets/dataset_cropped/09_Metas/22/14/20190922145700_00160.jpg,datasets_flow/dataset_cropped/09_Metas/22/14/20190922145700_00160.jpg,datasets_cloudmask/dataset_cropped/09_Metas/22/14/20190922145700_00160.png,646.3,623.5,202.9,30.4,957
9/22/2019 14:58,datasets/dataset_cropped/09_Metas/22/14/20190922145800_00160.jpg,datasets_flow/dataset_cropped/09_Metas/22/14/20190922145800_00160.jpg,datasets_cloudmask/dataset_cropped/09_Metas/22/14/20190922145800_00160.png,619.2,586.6,203.2,30.2,957
9/22/2019 14:59,datasets/dataset_cropped/09_Metas/22/14/20190922145900_00160.jpg,datasets_flow/dataset_cropped/09_Metas/22/14/20190922145900_00160.jpg,datasets_cloudmask/dataset_cropped/09_Metas/22/14/20190922145900_00160.png,617,586.1,202.3,30.1,957
9/22/2019 15:00,datasets/dataset_cropped/09_Metas/22/15/20190922150000_00160.jpg,datasets_flow/dataset_cropped/09_Metas/22/15/20190922150000_00160.jpg,datasets_cloudmask/dataset_cropped/09_Metas/22/15/20190922150000_00160.png,697.8,700.4,204,30,957
9/22/2019 15:01,datasets/dataset_cropped/09_Metas/22/15/20190922150100_00160.jpg,datasets_flow/dataset_cropped/09_Metas/22/15/20190922150100_00160.jpg,datasets_cloudmask/dataset_cropped/09_Metas/22/15/20190922150100_00160.png,701.5,707.4,204.2,30.1,957
9/22/2019 15:02,datasets/dataset_cropped/09_Metas/22/15/20190922150200_00160.jpg,datasets_flow/dataset_cropped/09_Metas/22/15/20190922150200_00160.jpg,datasets_cloudmask/dataset_cropped/09_Metas/22/15/20190922150200_00160.png,694.4,700.3,203.4,30.5,957
9/22/2019 15:03,datasets/dataset_cropped/09_Metas/22/15/20190922150300_00160.jpg,datasets_flow/dataset_cropped/09_Metas/22/15/20190922150300_00160.jpg,datasets_cloudmask/dataset_cropped/09_Metas/22/15/20190922150300_00160.png,707.4,718.8,203.8,30.8,957
9/22/2019 15:04,datasets/dataset_cropped/09_Metas/22/15/20190922150400_00160.jpg,datasets_flow/dataset_cropped/09_Metas/22/15/20190922150400_00160.jpg,datasets_cloudmask/dataset_cropped/09_Metas/22/15/20190922150400_00160.png,642.4,627.1,203.9,30.9,957
9/22/2019 15:05,datasets/dataset_cropped/09_Metas/22/15/20190922150500_00160.jpg,datasets_flow/dataset_cropped/09_Metas/22/15/20190922150500_00160.jpg,datasets_cloudmask/dataset_cropped/09_Metas/22/15/20190922150500_00160.png,579.1,538.8,202.9,30.7,957
9/22/2019 15:06,datasets/dataset_cropped/09_Metas/22/15/20190922150600_00160.jpg,datasets_flow/dataset_cropped/09_Metas/22/15/20190922150600_00160.jpg,datasets_cloudmask/dataset_cropped/09_Metas/22/15/20190922150600_00160.png,578.1,538.2,202.6,30.4,957
9/22/2019 15:07,datasets/dataset_cropped/09_Metas/22/15/20190922150700_00160.jpg,datasets_flow/dataset_cropped/09_Metas/22/15/20190922150700_00160.jpg,datasets_cloudmask/dataset_cropped/09_Metas/22/15/20190922150700_00160.png,540.7,486.8,201.1,30.3,957
9/22/2019 15:08,datasets/dataset_cropped/09_Metas/22/15/20190922150800_00160.jpg,datasets_flow/dataset_cropped/09_Metas/22/15/20190922150800_00160.jpg,datasets_cloudmask/dataset_cropped/09_Metas/22/15/20190922150800_00160.png,477.5,399.7,198.5,30.4,957
9/22/2019 15:09,datasets/dataset_cropped/09_Metas/22/15/20190922150900_00160.jpg,datasets_flow/dataset_cropped/09_Metas/22/15/20190922150900_00160.jpg,datasets_cloudmask/dataset_cropped/09_Metas/22/15/20190922150900_00160.png,527.8,473.1,198.7,30.7,957
9/22/2019 15:10,datasets/dataset_cropped/09_Metas/22/15/20190922151000_00160.jpg,datasets_flow/dataset_cropped/09_Metas/22/15/20190922151000_00160.jpg,datasets_cloudmask/dataset_cropped/09_Metas/22/15/20190922151000_00160.png,563.3,526.3,199,30.6,957
9/22/2019 15:11,datasets/dataset_cropped/09_Metas/22/15/20190922151100_00160.jpg,datasets_flow/dataset_cropped/09_Metas/22/15/20190922151100_00160.jpg,datasets_cloudmask/dataset_cropped/09_Metas/22/15/20190922151100_00160.png,562.6,529.8,197.3,30.6,957
9/22/2019 15:12,datasets/dataset_cropped/09_Metas/22/15/20190922151200_00160.jpg,datasets_flow/dataset_cropped/09_Metas/22/15/20190922151200_00160.jpg,datasets_cloudmask/dataset_cropped/09_Metas/22/15/20190922151200_00160.png,615.5,608.4,197.8,30.5,957
9/22/2019 15:13,datasets/dataset_cropped/09_Metas/22/15/20190922151300_00160.jpg,datasets_flow/dataset_cropped/09_Metas/22/15/20190922151300_00160.jpg,datasets_cloudmask/dataset_cropped/09_Metas/22/15/20190922151300_00160.png,676.5,701.3,197.1,30.2,957
9/22/2019 15:14,datasets/dataset_cropped/09_Metas/22/15/20190922151400_00160.jpg,datasets_flow/dataset_cropped/09_Metas/22/15/20190922151400_00160.jpg,datasets_cloudmask/dataset_cropped/09_Metas/22/15/20190922151400_00160.png,713.5,759.1,196,30.2,957
9/22/2019 15:15,datasets/dataset_cropped/09_Metas/22/15/20190922151500_00160.jpg,datasets_flow/dataset_cropped/09_Metas/22/15/20190922151500_00160.jpg,datasets_cloudmask/dataset_cropped/09_Metas/22/15/20190922151500_00160.png,725.3,781.8,194.5,30.4,957
9/22/2019 15:16,datasets/dataset_cropped/09_Metas/22/15/20190922151600_00160.jpg,datasets_flow/dataset_cropped/09_Metas/22/15/20190922151600_00160.jpg,datasets_cloudmask/dataset_cropped/09_Metas/22/15/20190922151600_00160.png,733.5,798.8,193.2,30.2,957
9/22/2019 15:17,datasets/dataset_cropped/09_Metas/22/15/20190922151700_00160.jpg,datasets_flow/dataset_cropped/09_Metas/22/15/20190922151700_00160.jpg,datasets_cloudmask/dataset_cropped/09_Metas/22/15/20190922151700_00160.png,711,769.8,192,30.3,957
9/22/2019 15:18,datasets/dataset_cropped/09_Metas/22/15/20190922151800_00160.jpg,datasets_flow/dataset_cropped/09_Metas/22/15/20190922151800_00160.jpg,datasets_cloudmask/dataset_cropped/09_Metas/22/15/20190922151800_00160.png,688.2,738.8,191.4,30.5,957
9/22/2019 15:19,datasets/dataset_cropped/09_Metas/22/15/20190922151900_00160.jpg,datasets_flow/dataset_cropped/09_Metas/22/15/20190922151900_00160.jpg,datasets_cloudmask/dataset_cropped/09_Metas/22/15/20190922151900_00160.png,632.8,659.2,190.7,30.8,957
9/22/2019 15:20,datasets/dataset_cropped/09_Metas/22/15/20190922152000_00160.jpg,datasets_flow/dataset_cropped/09_Metas/22/15/20190922152000_00160.jpg,datasets_cloudmask/dataset_cropped/09_Metas/22/15/20190922152000_00160.png,567.6,565.4,189.2,30.6,957
9/22/2019 15:21,datasets/dataset_cropped/09_Metas/22/15/20190922152100_00160.jpg,datasets_flow/dataset_cropped/09_Metas/22/15/20190922152100_00160.jpg,datasets_cloudmask/dataset_cropped/09_Metas/22/15/20190922152100_00160.png,557.7,550.9,189.6,30.5,957
9/22/2019 15:22,datasets/dataset_cropped/09_Metas/22/15/20190922152200_00160.jpg,datasets_flow/dataset_cropped/09_Metas/22/15/20190922152200_00160.jpg,datasets_cloudmask/dataset_cropped/09_Metas/22/15/20190922152200_00160.png,581.5,586.6,190.6,30.2,957
9/22/2019 15:23,datasets/dataset_cropped/09_Metas/22/15/20190922152300_00160.jpg,datasets_flow/dataset_cropped/09_Metas/22/15/20190922152300_00160.jpg,datasets_cloudmask/dataset_cropped/09_Metas/22/15/20190922152300_00160.png,584.1,591.5,190.8,30.1,957
9/22/2019 15:24,datasets/dataset_cropped/09_Metas/22/15/20190922152400_00160.jpg,datasets_flow/dataset_cropped/09_Metas/22/15/20190922152400_00160.jpg,datasets_cloudmask/dataset_cropped/09_Metas/22/15/20190922152400_00160.png,568.4,568.1,191.5,30.1,957
9/22/2019 15:25,datasets/dataset_cropped/09_Metas/22/15/20190922152500_00160.jpg,datasets_flow/dataset_cropped/09_Metas/22/15/20190922152500_00160.jpg,datasets_cloudmask/dataset_cropped/09_Metas/22/15/20190922152500_00160.png,581.4,588.6,192,30.2,957
9/22/2019 15:26,datasets/dataset_cropped/09_Metas/22/15/20190922152600_00160.jpg,datasets_flow/dataset_cropped/09_Metas/22/15/20190922152600_00160.jpg,datasets_cloudmask/dataset_cropped/09_Metas/22/15/20190922152600_00160.png,585.3,595.5,192.4,30.6,957
9/22/2019 15:27,datasets/dataset_cropped/09_Metas/22/15/20190922152700_00160.jpg,datasets_flow/dataset_cropped/09_Metas/22/15/20190922152700_00160.jpg,datasets_cloudmask/dataset_cropped/09_Metas/22/15/20190922152700_00160.png,598.3,616.7,192.2,30.5,957
9/22/2019 15:28,datasets/dataset_cropped/09_Metas/22/15/20190922152800_00160.jpg,datasets_flow/dataset_cropped/09_Metas/22/15/20190922152800_00160.jpg,datasets_cloudmask/dataset_cropped/09_Metas/22/15/20190922152800_00160.png,576.5,586.6,191.2,30.2,957
9/22/2019 15:29,datasets/dataset_cropped/09_Metas/22/15/20190922152900_00160.jpg,datasets_flow/dataset_cropped/09_Metas/22/15/20190922152900_00160.jpg,datasets_cloudmask/dataset_cropped/09_Metas/22/15/20190922152900_00160.png,614.5,647,191.4,30.3,957
9/22/2019 15:30,datasets/dataset_cropped/09_Metas/22/15/20190922153000_00160.jpg,datasets_flow/dataset_cropped/09_Metas/22/15/20190922153000_00160.jpg,datasets_cloudmask/dataset_cropped/09_Metas/22/15/20190922153000_00160.png,578.9,597.4,189.3,30.2,957
9/22/2019 15:31,datasets/dataset_cropped/09_Metas/22/15/20190922153100_00160.jpg,datasets_flow/dataset_cropped/09_Metas/22/15/20190922153100_00160.jpg,datasets_cloudmask/dataset_cropped/09_Metas/22/15/20190922153100_00160.png,625.7,672.2,189.3,30,957
9/22/2019 15:32,datasets/dataset_cropped/09_Metas/22/15/20190922153200_00160.jpg,datasets_flow/dataset_cropped/09_Metas/22/15/20190922153200_00160.jpg,datasets_cloudmask/dataset_cropped/09_Metas/22/15/20190922153200_00160.png,599.9,637.2,187.7,30,957
9/22/2019 15:33,datasets/dataset_cropped/09_Metas/22/15/20190922153300_00160.jpg,datasets_flow/dataset_cropped/09_Metas/22/15/20190922153300_00160.jpg,datasets_cloudmask/dataset_cropped/09_Metas/22/15/20190922153300_00160.png,616.2,666.9,186.8,30,957
9/22/2019 15:34,datasets/dataset_cropped/09_Metas/22/15/20190922153400_00160.jpg,datasets_flow/dataset_cropped/09_Metas/22/15/20190922153400_00160.jpg,datasets_cloudmask/dataset_cropped/09_Metas/22/15/20190922153400_00160.png,639.2,707.4,185.5,30.2,957
9/22/2019 15:35,datasets/dataset_cropped/09_Metas/22/15/20190922153500_00160.jpg,datasets_flow/dataset_cropped/09_Metas/22/15/20190922153500_00160.jpg,datasets_cloudmask/dataset_cropped/09_Metas/22/15/20190922153500_00160.png,612.8,672.3,182.9,30.3,957
9/22/2019 15:36,datasets/dataset_cropped/09_Metas/22/15/20190922153600_00160.jpg,datasets_flow/dataset_cropped/09_Metas/22/15/20190922153600_00160.jpg,datasets_cloudmask/dataset_cropped/09_Metas/22/15/20190922153600_00160.png,621.4,690.9,180.9,30.3,957
9/22/2019 15:37,datasets/dataset_cropped/09_Metas/22/15/20190922153700_00160.jpg,datasets_flow/dataset_cropped/09_Metas/22/15/20190922153700_00160.jpg,datasets_cloudmask/dataset_cropped/09_Metas/22/15/20190922153700_00160.png,578.2,629.6,177.6,30.5,957
9/22/2019 15:38,datasets/dataset_cropped/09_Metas/22/15/20190922153800_00160.jpg,datasets_flow/dataset_cropped/09_Metas/22/15/20190922153800_00160.jpg,datasets_cloudmask/dataset_cropped/09_Metas/22/15/20190922153800_00160.png,543.6,581.7,174.4,30.9,957
9/22/2019 15:39,datasets/dataset_cropped/09_Metas/22/15/20190922153900_00160.jpg,datasets_flow/dataset_cropped/09_Metas/22/15/20190922153900_00160.jpg,datasets_cloudmask/dataset_cropped/09_Metas/22/15/20190922153900_00160.png,542.1,585.1,172.1,30.9,957
9/22/2019 15:40,datasets/dataset_cropped/09_Metas/22/15/20190922154000_00160.jpg,datasets_flow/dataset_cropped/09_Metas/22/15/20190922154000_00160.jpg,datasets_cloudmask/dataset_cropped/09_Metas/22/15/20190922154000_00160.png,542.5,590.7,170.2,30.4,957
9/22/2019 15:41,datasets/dataset_cropped/09_Metas/22/15/20190922154100_00160.jpg,datasets_flow/dataset_cropped/09_Metas/22/15/20190922154100_00160.jpg,datasets_cloudmask/dataset_cropped/09_Metas/22/15/20190922154100_00160.png,552.8,612.6,168.7,30.2,957
9/22/2019 15:42,datasets/dataset_cropped/09_Metas/22/15/20190922154200_00160.jpg,datasets_flow/dataset_cropped/09_Metas/22/15/20190922154200_00160.jpg,datasets_cloudmask/dataset_cropped/09_Metas/22/15/20190922154200_00160.png,547,608.7,166.5,30,957
9/22/2019 15:43,datasets/dataset_cropped/09_Metas/22/15/20190922154300_00160.jpg,datasets_flow/dataset_cropped/09_Metas/22/15/20190922154300_00160.jpg,datasets_cloudmask/dataset_cropped/09_Metas/22/15/20190922154300_00160.png,527.7,582.9,164.6,30,957
9/22/2019 15:44,datasets/dataset_cropped/09_Metas/22/15/20190922154400_00160.jpg,datasets_flow/dataset_cropped/09_Metas/22/15/20190922154400_00160.jpg,datasets_cloudmask/dataset_cropped/09_Metas/22/15/20190922154400_00160.png,537.1,602.9,163.4,30,957
9/22/2019 15:45,datasets/dataset_cropped/09_Metas/22/15/20190922154500_00160.jpg,datasets_flow/dataset_cropped/09_Metas/22/15/20190922154500_00160.jpg,datasets_cloudmask/dataset_cropped/09_Metas/22/15/20190922154500_00160.png,512.2,568.1,161.7,30,957
9/22/2019 15:46,datasets/dataset_cropped/09_Metas/22/15/20190922154600_00160.jpg,datasets_flow/dataset_cropped/09_Metas/22/15/20190922154600_00160.jpg,datasets_cloudmask/dataset_cropped/09_Metas/22/15/20190922154600_00160.png,489.6,535.8,159.7,30.1,957
9/22/2019 15:47,datasets/dataset_cropped/09_Metas/22/15/20190922154700_00160.jpg,datasets_flow/dataset_cropped/09_Metas/22/15/20190922154700_00160.jpg,datasets_cloudmask/dataset_cropped/09_Metas/22/15/20190922154700_00160.png,455.6,484.9,157.8,30.1,957
9/22/2019 15:48,datasets/dataset_cropped/09_Metas/22/15/20190922154800_00160.jpg,datasets_flow/dataset_cropped/09_Metas/22/15/20190922154800_00160.jpg,datasets_cloudmask/dataset_cropped/09_Metas/22/15/20190922154800_00160.png,440.7,464.1,156.8,29.9,957
9/22/2019 15:49,datasets/dataset_cropped/09_Metas/22/15/20190922154900_00160.jpg,datasets_flow/dataset_cropped/09_Metas/22/15/20190922154900_00160.jpg,datasets_cloudmask/dataset_cropped/09_Metas/22/15/20190922154900_00160.png,441.9,469.1,156.3,30,957
9/22/2019 15:50,datasets/dataset_cropped/09_Metas/22/15/20190922155000_00160.jpg,datasets_flow/dataset_cropped/09_Metas/22/15/20190922155000_00160.jpg,datasets_cloudmask/dataset_cropped/09_Metas/22/15/20190922155000_00160.png,486.9,544.4,157.2,30,957
9/22/2019 15:51,datasets/dataset_cropped/09_Metas/22/15/20190922155100_00160.jpg,datasets_flow/dataset_cropped/09_Metas/22/15/20190922155100_00160.jpg,datasets_cloudmask/dataset_cropped/09_Metas/22/15/20190922155100_00160.png,494.4,559.3,157.2,30,957
9/22/2019 15:52,datasets/dataset_cropped/09_Metas/22/15/20190922155200_00160.jpg,datasets_flow/dataset_cropped/09_Metas/22/15/20190922155200_00160.jpg,datasets_cloudmask/dataset_cropped/09_Metas/22/15/20190922155200_00160.png,506.9,583,157.1,30.1,957
9/22/2019 15:53,datasets/dataset_cropped/09_Metas/22/15/20190922155300_00160.jpg,datasets_flow/dataset_cropped/09_Metas/22/15/20190922155300_00160.jpg,datasets_cloudmask/dataset_cropped/09_Metas/22/15/20190922155300_00160.png,505.6,585.1,156.2,30.1,957
9/22/2019 15:54,datasets/dataset_cropped/09_Metas/22/15/20190922155400_00160.jpg,datasets_flow/dataset_cropped/09_Metas/22/15/20190922155400_00160.jpg,datasets_cloudmask/dataset_cropped/09_Metas/22/15/20190922155400_00160.png,533.1,634.6,155.6,30,957
9/22/2019 15:55,datasets/dataset_cropped/09_Metas/22/15/20190922155500_00160.jpg,datasets_flow/dataset_cropped/09_Metas/22/15/20190922155500_00160.jpg,datasets_cloudmask/dataset_cropped/09_Metas/22/15/20190922155500_00160.png,581.4,719.6,155.5,30.2,957
9/22/2019 15:56,datasets/dataset_cropped/09_Metas/22/15/20190922155600_00160.jpg,datasets_flow/dataset_cropped/09_Metas/22/15/20190922155600_00160.jpg,datasets_cloudmask/dataset_cropped/09_Metas/22/15/20190922155600_00160.png,570.5,706.7,153.4,30.3,957
9/22/2019 15:57,datasets/dataset_cropped/09_Metas/22/15/20190922155700_00160.jpg,datasets_flow/dataset_cropped/09_Metas/22/15/20190922155700_00160.jpg,datasets_cloudmask/dataset_cropped/09_Metas/22/15/20190922155700_00160.png,584.3,735.4,152.2,30.5,957
9/22/2019 15:58,datasets/dataset_cropped/09_Metas/22/15/20190922155800_00160.jpg,datasets_flow/dataset_cropped/09_Metas/22/15/20190922155800_00160.jpg,datasets_cloudmask/dataset_cropped/09_Metas/22/15/20190922155800_00160.png,595.8,761.2,151,30.6,957
9/22/2019 15:59,datasets/dataset_cropped/09_Metas/22/15/20190922155900_00160.jpg,datasets_flow/dataset_cropped/09_Metas/22/15/20190922155900_00160.jpg,datasets_cloudmask/dataset_cropped/09_Metas/22/15/20190922155900_00160.png,588.3,755,149.2,30.5,957
9/22/2019 16:00,datasets/dataset_cropped/09_Metas/22/16/20190922160000_00160.jpg,datasets_flow/dataset_cropped/09_Metas/22/16/20190922160000_00160.jpg,datasets_cloudmask/dataset_cropped/09_Metas/22/16/20190922160000_00160.png,573,736,147,30.2,957
9/22/2019 16:01,datasets/dataset_cropped/09_Metas/22/16/20190922160100_00160.jpg,datasets_flow/dataset_cropped/09_Metas/22/16/20190922160100_00160.jpg,datasets_cloudmask/dataset_cropped/09_Metas/22/16/20190922160100_00160.png,556.1,714.5,144.1,30.2,957
9/22/2019 16:02,datasets/dataset_cropped/09_Metas/22/16/20190922160200_00160.jpg,datasets_flow/dataset_cropped/09_Metas/22/16/20190922160200_00160.jpg,datasets_cloudmask/dataset_cropped/09_Metas/22/16/20190922160200_00160.png,576.4,756.3,142,30.2,957
9/22/2019 16:03,datasets/dataset_cropped/09_Metas/22/16/20190922160300_00160.jpg,datasets_flow/dataset_cropped/09_Metas/22/16/20190922160300_00160.jpg,datasets_cloudmask/dataset_cropped/09_Metas/22/16/20190922160300_00160.png,573.7,759.8,139.8,30.1,957
9/22/2019 16:04,datasets/dataset_cropped/09_Metas/22/16/20190922160400_00160.jpg,datasets_flow/dataset_cropped/09_Metas/22/16/20190922160400_00160.jpg,datasets_cloudmask/dataset_cropped/09_Metas/22/16/20190922160400_00160.png,546.7,721.3,136.7,30.2,957
9/22/2019 16:05,datasets/dataset_cropped/09_Metas/22/16/20190922160500_00160.jpg,datasets_flow/dataset_cropped/09_Metas/22/16/20190922160500_00160.jpg,datasets_cloudmask/dataset_cropped/09_Metas/22/16/20190922160500_00160.png,539.4,717.9,133,30.5,957
9/22/2019 16:06,datasets/dataset_cropped/09_Metas/22/16/20190922160600_00160.jpg,datasets_flow/dataset_cropped/09_Metas/22/16/20190922160600_00160.jpg,datasets_cloudmask/dataset_cropped/09_Metas/22/16/20190922160600_00160.png,528.2,706,130.3,30.3,957
9/22/2019 16:07,datasets/dataset_cropped/09_Metas/22/16/20190922160700_00160.jpg,datasets_flow/dataset_cropped/09_Metas/22/16/20190922160700_00160.jpg,datasets_cloudmask/dataset_cropped/09_Metas/22/16/20190922160700_00160.png,559.4,768.1,128.2,30.4,957
9/22/2019 16:08,datasets/dataset_cropped/09_Metas/22/16/20190922160800_00160.jpg,datasets_flow/dataset_cropped/09_Metas/22/16/20190922160800_00160.jpg,datasets_cloudmask/dataset_cropped/09_Metas/22/16/20190922160800_00160.png,569.1,793.5,125.8,30.4,957
9/22/2019 16:09,datasets/dataset_cropped/09_Metas/22/16/20190922160900_00160.jpg,datasets_flow/dataset_cropped/09_Metas/22/16/20190922160900_00160.jpg,datasets_cloudmask/dataset_cropped/09_Metas/22/16/20190922160900_00160.png,567.1,798,123.2,30.7,957
9/22/2019 16:10,datasets/dataset_cropped/09_Metas/22/16/20190922161000_00160.jpg,datasets_flow/dataset_cropped/09_Metas/22/16/20190922161000_00160.jpg,datasets_cloudmask/dataset_cropped/09_Metas/22/16/20190922161000_00160.png,561.9,797.6,120.5,30.8,957
9/22/2019 16:11,datasets/dataset_cropped/09_Metas/22/16/20190922161100_00160.jpg,datasets_flow/dataset_cropped/09_Metas/22/16/20190922161100_00160.jpg,datasets_cloudmask/dataset_cropped/09_Metas/22/16/20190922161100_00160.png,555.4,794,117.9,31,957
9/22/2019 16:12,datasets/dataset_cropped/09_Metas/22/16/20190922161200_00160.jpg,datasets_flow/dataset_cropped/09_Metas/22/16/20190922161200_00160.jpg,datasets_cloudmask/dataset_cropped/09_Metas/22/16/20190922161200_00160.png,549.4,791,115.4,31.1,957
9/22/2019 16:13,datasets/dataset_cropped/09_Metas/22/16/20190922161300_00160.jpg,datasets_flow/dataset_cropped/09_Metas/22/16/20190922161300_00160.jpg,datasets_cloudmask/dataset_cropped/09_Metas/22/16/20190922161300_00160.png,544.4,789.6,113.5,30.9,957
9/22/2019 16:14,datasets/dataset_cropped/09_Metas/22/16/20190922161400_00160.jpg,datasets_flow/dataset_cropped/09_Metas/22/16/20190922161400_00160.jpg,datasets_cloudmask/dataset_cropped/09_Metas/22/16/20190922161400_00160.png,538.6,787,111.5,30.6,957
9/22/2019 16:15,datasets/dataset_cropped/09_Metas/22/16/20190922161500_00160.jpg,datasets_flow/dataset_cropped/09_Metas/22/16/20190922161500_00160.jpg,datasets_cloudmask/dataset_cropped/09_Metas/22/16/20190922161500_00160.png,533.1,785.1,109.1,30.5,957
9/22/2019 16:16,datasets/dataset_cropped/09_Metas/22/16/20190922161600_00160.jpg,datasets_flow/dataset_cropped/09_Metas/22/16/20190922161600_00160.jpg,datasets_cloudmask/dataset_cropped/09_Metas/22/16/20190922161600_00160.png,528.1,782.9,107,30.6,957
9/22/2019 16:17,datasets/dataset_cropped/09_Metas/22/16/20190922161700_00160.jpg,datasets_flow/dataset_cropped/09_Metas/22/16/20190922161700_00160.jpg,datasets_cloudmask/dataset_cropped/09_Metas/22/16/20190922161700_00160.png,523.6,781.4,105.2,30.6,957
9/22/2019 16:18,datasets/dataset_cropped/09_Metas/22/16/20190922161800_00160.jpg,datasets_flow/dataset_cropped/09_Metas/22/16/20190922161800_00160.jpg,datasets_cloudmask/dataset_cropped/09_Metas/22/16/20190922161800_00160.png,519.5,780.1,103.7,30.7,957
9/22/2019 16:19,datasets/dataset_cropped/09_Metas/22/16/20190922161900_00160.jpg,datasets_flow/dataset_cropped/09_Metas/22/16/20190922161900_00160.jpg,datasets_cloudmask/dataset_cropped/09_Metas/22/16/20190922161900_00160.png,515.8,779.4,102.4,30.6,957
9/22/2019 16:20,datasets/dataset_cropped/09_Metas/22/16/20190922162000_00160.jpg,datasets_flow/dataset_cropped/09_Metas/22/16/20190922162000_00160.jpg,datasets_cloudmask/dataset_cropped/09_Metas/22/16/20190922162000_00160.png,511.6,778,101.3,30.5,957
9/22/2019 16:21,datasets/dataset_cropped/09_Metas/22/16/20190922162100_00160.jpg,datasets_flow/dataset_cropped/09_Metas/22/16/20190922162100_00160.jpg,datasets_cloudmask/dataset_cropped/09_Metas/22/16/20190922162100_00160.png,507.8,776.8,100.2,30.6,957
9/22/2019 16:22,datasets/dataset_cropped/09_Metas/22/16/20190922162200_00160.jpg,datasets_flow/dataset_cropped/09_Metas/22/16/20190922162200_00160.jpg,datasets_cloudmask/dataset_cropped/09_Metas/22/16/20190922162200_00160.png,503.7,774.9,98.9,30.8,957
9/22/2019 16:23,datasets/dataset_cropped/09_Metas/22/16/20190922162300_00160.jpg,datasets_flow/dataset_cropped/09_Metas/22/16/20190922162300_00160.jpg,datasets_cloudmask/dataset_cropped/09_Metas/22/16/20190922162300_00160.png,500,773,98.2,30.7,957
9/22/2019 16:24,datasets/dataset_cropped/09_Metas/22/16/20190922162400_00160.jpg,datasets_flow/dataset_cropped/09_Metas/22/16/20190922162400_00160.jpg,datasets_cloudmask/dataset_cropped/09_Metas/22/16/20190922162400_00160.png,495.9,769.9,97.7,30.7,957
9/22/2019 16:25,datasets/dataset_cropped/09_Metas/22/16/20190922162500_00160.jpg,datasets_flow/dataset_cropped/09_Metas/22/16/20190922162500_00160.jpg,datasets_cloudmask/dataset_cropped/09_Metas/22/16/20190922162500_00160.png,492.4,768.3,97,30.8,957
9/22/2019 16:26,datasets/dataset_cropped/09_Metas/22/16/20190922162600_00160.jpg,datasets_flow/dataset_cropped/09_Metas/22/16/20190922162600_00160.jpg,datasets_cloudmask/dataset_cropped/09_Metas/22/16/20190922162600_00160.png,488.8,765.8,96.5,30.8,957
9/22/2019 16:27,datasets/dataset_cropped/09_Metas/22/16/20190922162700_00160.jpg,datasets_flow/dataset_cropped/09_Metas/22/16/20190922162700_00160.jpg,datasets_cloudmask/dataset_cropped/09_Metas/22/16/20190922162700_00160.png,485.2,763.1,96.1,30.6,957
9/22/2019 16:28,datasets/dataset_cropped/09_Metas/22/16/20190922162800_00160.jpg,datasets_flow/dataset_cropped/09_Metas/22/16/20190922162800_00160.jpg,datasets_cloudmask/dataset_cropped/09_Metas/22/16/20190922162800_00160.png,482.6,761.4,96.3,30.6,957
9/22/2019 16:29,datasets/dataset_cropped/09_Metas/22/16/20190922162900_00160.jpg,datasets_flow/dataset_cropped/09_Metas/22/16/20190922162900_00160.jpg,datasets_cloudmask/dataset_cropped/09_Metas/22/16/20190922162900_00160.png,479.3,759.2,96.1,30.7,957
9/22/2019 16:30,datasets/dataset_cropped/09_Metas/22/16/20190922163000_00160.jpg,datasets_flow/dataset_cropped/09_Metas/22/16/20190922163000_00160.jpg,datasets_cloudmask/dataset_cropped/09_Metas/22/16/20190922163000_00160.png,476,756.7,96.4,30.4,957
9/22/2019 16:31,datasets/dataset_cropped/09_Metas/22/16/20190922163100_00160.jpg,datasets_flow/dataset_cropped/09_Metas/22/16/20190922163100_00160.jpg,datasets_cloudmask/dataset_cropped/09_Metas/22/16/20190922163100_00160.png,472,753.4,96.3,30.3,957
9/22/2019 16:32,datasets/dataset_cropped/09_Metas/22/16/20190922163200_00160.jpg,datasets_flow/dataset_cropped/09_Metas/22/16/20190922163200_00160.jpg,datasets_cloudmask/dataset_cropped/09_Metas/22/16/20190922163200_00160.png,469,752,96.1,30.3,957
9/22/2019 16:33,datasets/dataset_cropped/09_Metas/22/16/20190922163300_00160.jpg,datasets_flow/dataset_cropped/09_Metas/22/16/20190922163300_00160.jpg,datasets_cloudmask/dataset_cropped/09_Metas/22/16/20190922163300_00160.png,466.8,751.6,96.5,30.2,957
9/22/2019 16:34,datasets/dataset_cropped/09_Metas/22/16/20190922163400_00160.jpg,datasets_flow/dataset_cropped/09_Metas/22/16/20190922163400_00160.jpg,datasets_cloudmask/dataset_cropped/09_Metas/22/16/20190922163400_00160.png,464.8,751.2,96.9,30.2,957
9/22/2019 16:35,datasets/dataset_cropped/09_Metas/22/16/20190922163500_00160.jpg,datasets_flow/dataset_cropped/09_Metas/22/16/20190922163500_00160.jpg,datasets_cloudmask/dataset_cropped/09_Metas/22/16/20190922163500_00160.png,462.6,750.9,97.2,30.3,957
9/22/2019 16:36,datasets/dataset_cropped/09_Metas/22/16/20190922163600_00160.jpg,datasets_flow/dataset_cropped/09_Metas/22/16/20190922163600_00160.jpg,datasets_cloudmask/dataset_cropped/09_Metas/22/16/20190922163600_00160.png,460.7,750.5,97.6,30.4,957
9/22/2019 16:37,datasets/dataset_cropped/09_Metas/22/16/20190922163700_00160.jpg,datasets_flow/dataset_cropped/09_Metas/22/16/20190922163700_00160.jpg,datasets_cloudmask/dataset_cropped/09_Metas/22/16/20190922163700_00160.png,458.9,749.4,98.3,30.4,957
9/22/2019 16:38,datasets/dataset_cropped/09_Metas/22/16/20190922163800_00160.jpg,datasets_flow/dataset_cropped/09_Metas/22/16/20190922163800_00160.jpg,datasets_cloudmask/dataset_cropped/09_Metas/22/16/20190922163800_00160.png,456.1,745.7,99.3,30.4,957
9/22/2019 16:39,datasets/dataset_cropped/09_Metas/22/16/20190922163900_00160.jpg,datasets_flow/dataset_cropped/09_Metas/22/16/20190922163900_00160.jpg,datasets_cloudmask/dataset_cropped/09_Metas/22/16/20190922163900_00160.png,453.2,741.1,100.5,30.4,957
9/22/2019 16:40,datasets/dataset_cropped/09_Metas/22/16/20190922164000_00160.jpg,datasets_flow/dataset_cropped/09_Metas/22/16/20190922164000_00160.jpg,datasets_cloudmask/dataset_cropped/09_Metas/22/16/20190922164000_00160.png,440.3,715.2,101.8,30.5,957
9/22/2019 16:41,datasets/dataset_cropped/09_Metas/22/16/20190922164100_00160.jpg,datasets_flow/dataset_cropped/09_Metas/22/16/20190922164100_00160.jpg,datasets_cloudmask/dataset_cropped/09_Metas/22/16/20190922164100_00160.png,353.1,534.9,100.8,30.4,957
9/22/2019 16:42,datasets/dataset_cropped/09_Metas/22/16/20190922164200_00160.jpg,datasets_flow/dataset_cropped/09_Metas/22/16/20190922164200_00160.jpg,datasets_cloudmask/dataset_cropped/09_Metas/22/16/20190922164200_00160.png,219.5,257.1,97.9,30.4,957
9/22/2019 16:43,datasets/dataset_cropped/09_Metas/22/16/20190922164300_00160.jpg,datasets_flow/dataset_cropped/09_Metas/22/16/20190922164300_00160.jpg,datasets_cloudmask/dataset_cropped/09_Metas/22/16/20190922164300_00160.png,198.1,212.5,97.7,30.4,957
9/22/2019 16:44,datasets/dataset_cropped/09_Metas/22/16/20190922164400_00160.jpg,datasets_flow/dataset_cropped/09_Metas/22/16/20190922164400_00160.jpg,datasets_cloudmask/dataset_cropped/09_Metas/22/16/20190922164400_00160.png,315.1,458.5,102.2,30.3,957
9/22/2019 16:45,datasets/dataset_cropped/09_Metas/22/16/20190922164500_00160.jpg,datasets_flow/dataset_cropped/09_Metas/22/16/20190922164500_00160.jpg,datasets_cloudmask/dataset_cropped/09_Metas/22/16/20190922164500_00160.png,318.9,462.3,105.9,30.1,957
9/22/2019 16:46,datasets/dataset_cropped/09_Metas/22/16/20190922164600_00160.jpg,datasets_flow/dataset_cropped/09_Metas/22/16/20190922164600_00160.jpg,datasets_cloudmask/dataset_cropped/09_Metas/22/16/20190922164600_00160.png,293.9,406.6,107.8,29.9,957
9/22/2019 16:47,datasets/dataset_cropped/09_Metas/22/16/20190922164700_00160.jpg,datasets_flow/dataset_cropped/09_Metas/22/16/20190922164700_00160.jpg,datasets_cloudmask/dataset_cropped/09_Metas/22/16/20190922164700_00160.png,295.1,406.3,110,29.8,957
9/22/2019 16:48,datasets/dataset_cropped/09_Metas/22/16/20190922164800_00160.jpg,datasets_flow/dataset_cropped/09_Metas/22/16/20190922164800_00160.jpg,datasets_cloudmask/dataset_cropped/09_Metas/22/16/20190922164800_00160.png,316.9,448.3,113.9,29.9,957
9/22/2019 16:49,datasets/dataset_cropped/09_Metas/22/16/20190922164900_00160.jpg,datasets_flow/dataset_cropped/09_Metas/22/16/20190922164900_00160.jpg,datasets_cloudmask/dataset_cropped/09_Metas/22/16/20190922164900_00160.png,269.3,341.7,115.4,30.1,957
9/22/2019 16:50,datasets/dataset_cropped/09_Metas/22/16/20190922165000_00160.jpg,datasets_flow/dataset_cropped/09_Metas/22/16/20190922165000_00160.jpg,datasets_cloudmask/dataset_cropped/09_Metas/22/16/20190922165000_00160.png,330.5,472.4,119.6,30.1,957
9/22/2019 16:51,datasets/dataset_cropped/09_Metas/22/16/20190922165100_00160.jpg,datasets_flow/dataset_cropped/09_Metas/22/16/20190922165100_00160.jpg,datasets_cloudmask/dataset_cropped/09_Metas/22/16/20190922165100_00160.png,355.8,523.6,123.9,30.1,957
9/22/2019 16:52,datasets/dataset_cropped/09_Metas/22/16/20190922165200_00160.jpg,datasets_flow/dataset_cropped/09_Metas/22/16/20190922165200_00160.jpg,datasets_cloudmask/dataset_cropped/09_Metas/22/16/20190922165200_00160.png,226.3,231.1,124,30.1,957
9/22/2019 16:53,datasets/dataset_cropped/09_Metas/22/16/20190922165300_00160.jpg,datasets_flow/dataset_cropped/09_Metas/22/16/20190922165300_00160.jpg,datasets_cloudmask/dataset_cropped/09_Metas/22/16/20190922165300_00160.png,180.5,128.8,123.1,30.1,957
9/22/2019 16:54,datasets/dataset_cropped/09_Metas/22/16/20190922165400_00160.jpg,datasets_flow/dataset_cropped/09_Metas/22/16/20190922165400_00160.jpg,datasets_cloudmask/dataset_cropped/09_Metas/22/16/20190922165400_00160.png,146.5,52.4,122.5,29.9,957
9/22/2019 16:55,datasets/dataset_cropped/09_Metas/22/16/20190922165500_00160.jpg,datasets_flow/dataset_cropped/09_Metas/22/16/20190922165500_00160.jpg,datasets_cloudmask/dataset_cropped/09_Metas/22/16/20190922165500_00160.png,134.8,24.6,123.2,29.9,957
9/22/2019 16:56,datasets/dataset_cropped/09_Metas/22/16/20190922165600_00160.jpg,datasets_flow/dataset_cropped/09_Metas/22/16/20190922165600_00160.jpg,datasets_cloudmask/dataset_cropped/09_Metas/22/16/20190922165600_00160.png,130.6,11,125,29.7,957
9/22/2019 16:57,datasets/dataset_cropped/09_Metas/22/16/20190922165700_00160.jpg,datasets_flow/dataset_cropped/09_Metas/22/16/20190922165700_00160.jpg,datasets_cloudmask/dataset_cropped/09_Metas/22/16/20190922165700_00160.png,144.7,37,128.2,29.6,957
9/22/2019 16:58,datasets/dataset_cropped/09_Metas/22/16/20190922165800_00160.jpg,datasets_flow/dataset_cropped/09_Metas/22/16/20190922165800_00160.jpg,datasets_cloudmask/dataset_cropped/09_Metas/22/16/20190922165800_00160.png,168.9,83.4,132.9,29.5,957
9/22/2019 16:59,datasets/dataset_cropped/09_Metas/22/16/20190922165900_00160.jpg,datasets_flow/dataset_cropped/09_Metas/22/16/20190922165900_00160.jpg,datasets_cloudmask/dataset_cropped/09_Metas/22/16/20190922165900_00160.png,166.6,65.7,138.3,29.5,957
9/22/2019 17:00,datasets/dataset_cropped/09_Metas/22/17/20190922170000_00160.jpg,datasets_flow/dataset_cropped/09_Metas/22/17/20190922170000_00160.jpg,datasets_cloudmask/dataset_cropped/09_Metas/22/17/20190922170000_00160.png,255.7,262.4,145.9,29.5,957
9/22/2019 17:01,datasets/dataset_cropped/09_Metas/22/17/20190922170100_00160.jpg,datasets_flow/dataset_cropped/09_Metas/22/17/20190922170100_00160.jpg,datasets_cloudmask/dataset_cropped/09_Metas/22/17/20190922170100_00160.png,329.1,421.6,154.9,29.5,957
9/22/2019 17:02,datasets/dataset_cropped/09_Metas/22/17/20190922170200_00160.jpg,datasets_flow/dataset_cropped/09_Metas/22/17/20190922170200_00160.jpg,datasets_cloudmask/dataset_cropped/09_Metas/22/17/20190922170200_00160.png,410.8,605,163.1,29.6,957
9/22/2019 17:03,datasets/dataset_cropped/09_Metas/22/17/20190922170300_00160.jpg,datasets_flow/dataset_cropped/09_Metas/22/17/20190922170300_00160.jpg,datasets_cloudmask/dataset_cropped/09_Metas/22/17/20190922170300_00160.png,286.7,296.6,165.9,29.8,957
9/22/2019 17:04,datasets/dataset_cropped/09_Metas/22/17/20190922170400_00160.jpg,datasets_flow/dataset_cropped/09_Metas/22/17/20190922170400_00160.jpg,datasets_cloudmask/dataset_cropped/09_Metas/22/17/20190922170400_00160.png,292.7,306.8,168.5,30,957
9/22/2019 17:05,datasets/dataset_cropped/09_Metas/22/17/20190922170500_00160.jpg,datasets_flow/dataset_cropped/09_Metas/22/17/20190922170500_00160.jpg,datasets_cloudmask/dataset_cropped/09_Metas/22/17/20190922170500_00160.png,206.8,98.3,167,30.1,957
9/22/2019 17:06,datasets/dataset_cropped/09_Metas/22/17/20190922170600_00160.jpg,datasets_flow/dataset_cropped/09_Metas/22/17/20190922170600_00160.jpg,datasets_cloudmask/dataset_cropped/09_Metas/22/17/20190922170600_00160.png,179.5,35,165.2,30.2,957
9/22/2019 17:07,datasets/dataset_cropped/09_Metas/22/17/20190922170700_00160.jpg,datasets_flow/dataset_cropped/09_Metas/22/17/20190922170700_00160.jpg,datasets_cloudmask/dataset_cropped/09_Metas/22/17/20190922170700_00160.png,174.3,25.6,164.3,30.1,957
9/22/2019 17:08,datasets/dataset_cropped/09_Metas/22/17/20190922170800_00160.jpg,datasets_flow/dataset_cropped/09_Metas/22/17/20190922170800_00160.jpg,datasets_cloudmask/dataset_cropped/09_Metas/22/17/20190922170800_00160.png,172.9,23.4,163.9,30,957
9/22/2019 17:09,datasets/dataset_cropped/09_Metas/22/17/20190922170900_00160.jpg,datasets_flow/dataset_cropped/09_Metas/22/17/20190922170900_00160.jpg,datasets_cloudmask/dataset_cropped/09_Metas/22/17/20190922170900_00160.png,188.2,61.8,164.2,29.8,957
9/22/2019 17:10,datasets/dataset_cropped/09_Metas/22/17/20190922171000_00160.jpg,datasets_flow/dataset_cropped/09_Metas/22/17/20190922171000_00160.jpg,datasets_cloudmask/dataset_cropped/09_Metas/22/17/20190922171000_00160.png,184.3,51.8,164.2,29.7,957
9/22/2019 17:11,datasets/dataset_cropped/09_Metas/22/17/20190922171100_00160.jpg,datasets_flow/dataset_cropped/09_Metas/22/17/20190922171100_00160.jpg,datasets_cloudmask/dataset_cropped/09_Metas/22/17/20190922171100_00160.png,170.8,18.8,163.5,29.6,957
9/22/2019 17:12,datasets/dataset_cropped/09_Metas/22/17/20190922171200_00160.jpg,datasets_flow/dataset_cropped/09_Metas/22/17/20190922171200_00160.jpg,datasets_cloudmask/dataset_cropped/09_Metas/22/17/20190922171200_00160.png,167.3,13.3,162.3,29.6,957
9/22/2019 17:13,datasets/dataset_cropped/09_Metas/22/17/20190922171300_00160.jpg,datasets_flow/dataset_cropped/09_Metas/22/17/20190922171300_00160.jpg,datasets_cloudmask/dataset_cropped/09_Metas/22/17/20190922171300_00160.png,168.7,19.7,161.4,29.6,957
9/22/2019 17:14,datasets/dataset_cropped/09_Metas/22/17/20190922171400_00160.jpg,datasets_flow/dataset_cropped/09_Metas/22/17/20190922171400_00160.jpg,datasets_cloudmask/dataset_cropped/09_Metas/22/17/20190922171400_00160.png,166.9,17.1,160.7,29.5,957
9/22/2019 17:15,datasets/dataset_cropped/09_Metas/22/17/20190922171500_00160.jpg,datasets_flow/dataset_cropped/09_Metas/22/17/20190922171500_00160.jpg,datasets_cloudmask/dataset_cropped/09_Metas/22/17/20190922171500_00160.png,170.6,28.7,160.2,29.4,957
9/22/2019 17:16,datasets/dataset_cropped/09_Metas/22/17/20190922171600_00160.jpg,datasets_flow/dataset_cropped/09_Metas/22/17/20190922171600_00160.jpg,datasets_cloudmask/dataset_cropped/09_Metas/22/17/20190922171600_00160.png,186,71,160.1,29.4,957
9/22/2019 17:17,datasets/dataset_cropped/09_Metas/22/17/20190922171700_00160.jpg,datasets_flow/dataset_cropped/09_Metas/22/17/20190922171700_00160.jpg,datasets_cloudmask/dataset_cropped/09_Metas/22/17/20190922171700_00160.png,197.9,103.7,160.3,29.5,957
9/22/2019 17:18,datasets/dataset_cropped/09_Metas/22/17/20190922171800_00160.jpg,datasets_flow/dataset_cropped/09_Metas/22/17/20190922171800_00160.jpg,datasets_cloudmask/dataset_cropped/09_Metas/22/17/20190922171800_00160.png,200.4,110.5,160.6,29.5,957
9/22/2019 17:19,datasets/dataset_cropped/09_Metas/22/17/20190922171900_00160.jpg,datasets_flow/dataset_cropped/09_Metas/22/17/20190922171900_00160.jpg,datasets_cloudmask/dataset_cropped/09_Metas/22/17/20190922171900_00160.png,250.9,249.1,162.1,29.5,957
9/22/2019 17:20,datasets/dataset_cropped/09_Metas/22/17/20190922172000_00160.jpg,datasets_flow/dataset_cropped/09_Metas/22/17/20190922172000_00160.jpg,datasets_cloudmask/dataset_cropped/09_Metas/22/17/20190922172000_00160.png,286.6,349.2,163.3,29.5,957
9/22/2019 17:21,datasets/dataset_cropped/09_Metas/22/17/20190922172100_00160.jpg,datasets_flow/dataset_cropped/09_Metas/22/17/20190922172100_00160.jpg,datasets_cloudmask/dataset_cropped/09_Metas/22/17/20190922172100_00160.png,219.2,162.8,162.1,29.6,957
9/22/2019 17:22,datasets/dataset_cropped/09_Metas/22/17/20190922172200_00160.jpg,datasets_flow/dataset_cropped/09_Metas/22/17/20190922172200_00160.jpg,datasets_cloudmask/dataset_cropped/09_Metas/22/17/20190922172200_00160.png,177,49.4,160,29.6,957
9/22/2019 17:23,datasets/dataset_cropped/09_Metas/22/17/20190922172300_00160.jpg,datasets_flow/dataset_cropped/09_Metas/22/17/20190922172300_00160.jpg,datasets_cloudmask/dataset_cropped/09_Metas/22/17/20190922172300_00160.png,159.4,6.2,157.5,29.7,957
9/22/2019 17:24,datasets/dataset_cropped/09_Metas/22/17/20190922172400_00160.jpg,datasets_flow/dataset_cropped/09_Metas/22/17/20190922172400_00160.jpg,datasets_cloudmask/dataset_cropped/09_Metas/22/17/20190922172400_00160.png,157,3.7,156,29.6,957
9/22/2019 17:25,datasets/dataset_cropped/09_Metas/22/17/20190922172500_00160.jpg,datasets_flow/dataset_cropped/09_Metas/22/17/20190922172500_00160.jpg,datasets_cloudmask/dataset_cropped/09_Metas/22/17/20190922172500_00160.png,157.1,4.1,155.8,29.4,957
9/22/2019 17:26,datasets/dataset_cropped/09_Metas/22/17/20190922172600_00160.jpg,datasets_flow/dataset_cropped/09_Metas/22/17/20190922172600_00160.jpg,datasets_cloudmask/dataset_cropped/09_Metas/22/17/20190922172600_00160.png,158.7,7.6,156.2,29.3,957
9/22/2019 17:27,datasets/dataset_cropped/09_Metas/22/17/20190922172700_00160.jpg,datasets_flow/dataset_cropped/09_Metas/22/17/20190922172700_00160.jpg,datasets_cloudmask/dataset_cropped/09_Metas/22/17/20190922172700_00160.png,159.2,7.9,156.6,29.1,957
9/22/2019 17:28,datasets/dataset_cropped/09_Metas/22/17/20190922172800_00160.jpg,datasets_flow/dataset_cropped/09_Metas/22/17/20190922172800_00160.jpg,datasets_cloudmask/dataset_cropped/09_Metas/22/17/20190922172800_00160.png,162.4,17.8,156.5,29.1,957
9/22/2019 17:29,datasets/dataset_cropped/09_Metas/22/17/20190922172900_00160.jpg,datasets_flow/dataset_cropped/09_Metas/22/17/20190922172900_00160.jpg,datasets_cloudmask/dataset_cropped/09_Metas/22/17/20190922172900_00160.png,176.5,62.2,156.2,29,957
9/22/2019 17:30,datasets/dataset_cropped/09_Metas/22/17/20190922173000_00160.jpg,datasets_flow/dataset_cropped/09_Metas/22/17/20190922173000_00160.jpg,datasets_cloudmask/dataset_cropped/09_Metas/22/17/20190922173000_00160.png,197.6,129.9,155.7,29,957
9/22/2019 17:31,datasets/dataset_cropped/09_Metas/22/17/20190922173100_00160.jpg,datasets_flow/dataset_cropped/09_Metas/22/17/20190922173100_00160.jpg,datasets_cloudmask/dataset_cropped/09_Metas/22/17/20190922173100_00160.png,203.2,151.6,154.5,29.1,957
9/22/2019 17:32,datasets/dataset_cropped/09_Metas/22/17/20190922173200_00160.jpg,datasets_flow/dataset_cropped/09_Metas/22/17/20190922173200_00160.jpg,datasets_cloudmask/dataset_cropped/09_Metas/22/17/20190922173200_00160.png,215.1,194.6,153.1,29.1,957
9/22/2019 17:33,datasets/dataset_cropped/09_Metas/22/17/20190922173300_00160.jpg,datasets_flow/dataset_cropped/09_Metas/22/17/20190922173300_00160.jpg,datasets_cloudmask/dataset_cropped/09_Metas/22/17/20190922173300_00160.png,199.9,154.4,151,29.2,957
9/22/2019 17:34,datasets/dataset_cropped/09_Metas/22/17/20190922173400_00160.jpg,datasets_flow/dataset_cropped/09_Metas/22/17/20190922173400_00160.jpg,datasets_cloudmask/dataset_cropped/09_Metas/22/17/20190922173400_00160.png,188.3,125.4,149,29.2,957
9/22/2019 17:35,datasets/dataset_cropped/09_Metas/22/17/20190922173500_00160.jpg,datasets_flow/dataset_cropped/09_Metas/22/17/20190922173500_00160.jpg,datasets_cloudmask/dataset_cropped/09_Metas/22/17/20190922173500_00160.png,165,59.3,146.5,29.3,957
9/22/2019 17:36,datasets/dataset_cropped/09_Metas/22/17/20190922173600_00160.jpg,datasets_flow/dataset_cropped/09_Metas/22/17/20190922173600_00160.jpg,datasets_cloudmask/dataset_cropped/09_Metas/22/17/20190922173600_00160.png,153,27.7,144.5,29.3,957
9/22/2019 17:37,datasets/dataset_cropped/09_Metas/22/17/20190922173700_00160.jpg,datasets_flow/dataset_cropped/09_Metas/22/17/20190922173700_00160.jpg,datasets_cloudmask/dataset_cropped/09_Metas/22/17/20190922173700_00160.png,152.6,30.7,143.5,29.3,957
9/22/2019 17:38,datasets/dataset_cropped/09_Metas/22/17/20190922173800_00160.jpg,datasets_flow/dataset_cropped/09_Metas/22/17/20190922173800_00160.jpg,datasets_cloudmask/dataset_cropped/09_Metas/22/17/20190922173800_00160.png,152,28.7,143.6,29.1,957
9/22/2019 17:39,datasets/dataset_cropped/09_Metas/22/17/20190922173900_00160.jpg,datasets_flow/dataset_cropped/09_Metas/22/17/20190922173900_00160.jpg,datasets_cloudmask/dataset_cropped/09_Metas/22/17/20190922173900_00160.png,150.6,22.5,144,29,957
9/22/2019 17:40,datasets/dataset_cropped/09_Metas/22/17/20190922174000_00160.jpg,datasets_flow/dataset_cropped/09_Metas/22/17/20190922174000_00160.jpg,datasets_cloudmask/dataset_cropped/09_Metas/22/17/20190922174000_00160.png,152.4,27.7,144.4,28.9,958
9/22/2019 17:41,datasets/dataset_cropped/09_Metas/22/17/20190922174100_00160.jpg,datasets_flow/dataset_cropped/09_Metas/22/17/20190922174100_00160.jpg,datasets_cloudmask/dataset_cropped/09_Metas/22/17/20190922174100_00160.png,153.5,30.6,144.8,28.9,958
9/22/2019 17:42,datasets/dataset_cropped/09_Metas/22/17/20190922174200_00160.jpg,datasets_flow/dataset_cropped/09_Metas/22/17/20190922174200_00160.jpg,datasets_cloudmask/dataset_cropped/09_Metas/22/17/20190922174200_00160.png,150.3,20.4,144.6,28.8,958
9/22/2019 17:43,datasets/dataset_cropped/09_Metas/22/17/20190922174300_00160.jpg,datasets_flow/dataset_cropped/09_Metas/22/17/20190922174300_00160.jpg,datasets_cloudmask/dataset_cropped/09_Metas/22/17/20190922174300_00160.png,156.8,45.4,144.3,28.9,958
9/22/2019 17:44,datasets/dataset_cropped/09_Metas/22/17/20190922174400_00160.jpg,datasets_flow/dataset_cropped/09_Metas/22/17/20190922174400_00160.jpg,datasets_cloudmask/dataset_cropped/09_Metas/22/17/20190922174400_00160.png,157.4,51.4,143.3,28.9,958
9/22/2019 17:45,datasets/dataset_cropped/09_Metas/22/17/20190922174500_00160.jpg,datasets_flow/dataset_cropped/09_Metas/22/17/20190922174500_00160.jpg,datasets_cloudmask/dataset_cropped/09_Metas/22/17/20190922174500_00160.png,149,27.8,141.4,28.9,958
9/22/2019 17:46,datasets/dataset_cropped/09_Metas/22/17/20190922174600_00160.jpg,datasets_flow/dataset_cropped/09_Metas/22/17/20190922174600_00160.jpg,datasets_cloudmask/dataset_cropped/09_Metas/22/17/20190922174600_00160.png,153.7,53.6,139.3,28.9,957
9/22/2019 17:47,datasets/dataset_cropped/09_Metas/22/17/20190922174700_00160.jpg,datasets_flow/dataset_cropped/09_Metas/22/17/20190922174700_00160.jpg,datasets_cloudmask/dataset_cropped/09_Metas/22/17/20190922174700_00160.png,195.3,215.7,137.9,28.9,957
9/22/2019 17:48,datasets/dataset_cropped/09_Metas/22/17/20190922174800_00160.jpg,datasets_flow/dataset_cropped/09_Metas/22/17/20190922174800_00160.jpg,datasets_cloudmask/dataset_cropped/09_Metas/22/17/20190922174800_00160.png,193.1,217.1,135.9,28.9,958
9/22/2019 17:49,datasets/dataset_cropped/09_Metas/22/17/20190922174900_00160.jpg,datasets_flow/dataset_cropped/09_Metas/22/17/20190922174900_00160.jpg,datasets_cloudmask/dataset_cropped/09_Metas/22/17/20190922174900_00160.png,176.3,163.5,133.7,28.9,958
9/22/2019 17:50,datasets/dataset_cropped/09_Metas/22/17/20190922175000_00160.jpg,datasets_flow/dataset_cropped/09_Metas/22/17/20190922175000_00160.jpg,datasets_cloudmask/dataset_cropped/09_Metas/22/17/20190922175000_00160.png,175.5,169.3,132,29,957
9/22/2019 17:51,datasets/dataset_cropped/09_Metas/22/17/20190922175100_00160.jpg,datasets_flow/dataset_cropped/09_Metas/22/17/20190922175100_00160.jpg,datasets_cloudmask/dataset_cropped/09_Metas/22/17/20190922175100_00160.png,165.8,141.3,130,29.1,957
9/22/2019 17:52,datasets/dataset_cropped/09_Metas/22/17/20190922175200_00160.jpg,datasets_flow/dataset_cropped/09_Metas/22/17/20190922175200_00160.jpg,datasets_cloudmask/dataset_cropped/09_Metas/22/17/20190922175200_00160.png,168.1,159.7,128.2,29.1,957
9/22/2019 17:53,datasets/dataset_cropped/09_Metas/22/17/20190922175300_00160.jpg,datasets_flow/dataset_cropped/09_Metas/22/17/20190922175300_00160.jpg,datasets_cloudmask/dataset_cropped/09_Metas/22/17/20190922175300_00160.png,167.9,166.4,126.8,29,958
9/22/2019 17:54,datasets/dataset_cropped/09_Metas/22/17/20190922175400_00160.jpg,datasets_flow/dataset_cropped/09_Metas/22/17/20190922175400_00160.jpg,datasets_cloudmask/dataset_cropped/09_Metas/22/17/20190922175400_00160.png,166.4,168.5,125.4,28.9,957
9/22/2019 17:55,datasets/dataset_cropped/09_Metas/22/17/20190922175500_00160.jpg,datasets_flow/dataset_cropped/09_Metas/22/17/20190922175500_00160.jpg,datasets_cloudmask/dataset_cropped/09_Metas/22/17/20190922175500_00160.png,171,194.9,124.2,29,957
9/22/2019 17:56,datasets/dataset_cropped/09_Metas/22/17/20190922175600_00160.jpg,datasets_flow/dataset_cropped/09_Metas/22/17/20190922175600_00160.jpg,datasets_cloudmask/dataset_cropped/09_Metas/22/17/20190922175600_00160.png,174.3,215.7,123.2,29,957
9/22/2019 17:57,datasets/dataset_cropped/09_Metas/22/17/20190922175700_00160.jpg,datasets_flow/dataset_cropped/09_Metas/22/17/20190922175700_00160.jpg,datasets_cloudmask/dataset_cropped/09_Metas/22/17/20190922175700_00160.png,164.3,182.6,121.7,29.1,957
9/22/2019 17:58,datasets/dataset_cropped/09_Metas/22/17/20190922175800_00160.jpg,datasets_flow/dataset_cropped/09_Metas/22/17/20190922175800_00160.jpg,datasets_cloudmask/dataset_cropped/09_Metas/22/17/20190922175800_00160.png,173.1,230.4,120.2,29.1,958
9/22/2019 17:59,datasets/dataset_cropped/09_Metas/22/17/20190922175900_00160.jpg,datasets_flow/dataset_cropped/09_Metas/22/17/20190922175900_00160.jpg,datasets_cloudmask/dataset_cropped/09_Metas/22/17/20190922175900_00160.png,195.1,336.5,118.8,29,957
9/22/2019 18:00,datasets/dataset_cropped/09_Metas/22/18/20190922180000_00160.jpg,datasets_flow/dataset_cropped/09_Metas/22/18/20190922180000_00160.jpg,datasets_cloudmask/dataset_cropped/09_Metas/22/18/20190922180000_00160.png,200.6,373.1,117.2,29.1,958
9/22/2019 18:01,datasets/dataset_cropped/09_Metas/22/18/20190922180100_00160.jpg,datasets_flow/dataset_cropped/09_Metas/22/18/20190922180100_00160.jpg,datasets_cloudmask/dataset_cropped/09_Metas/22/18/20190922180100_00160.png,184.1,313.5,115.1,29.1,958
9/22/2019 18:02,datasets/dataset_cropped/09_Metas/22/18/20190922180200_00160.jpg,datasets_flow/dataset_cropped/09_Metas/22/18/20190922180200_00160.jpg,datasets_cloudmask/dataset_cropped/09_Metas/22/18/20190922180200_00160.png,196.8,385.8,113.3,29.2,957
9/22/2019 18:03,datasets/dataset_cropped/09_Metas/22/18/20190922180300_00160.jpg,datasets_flow/dataset_cropped/09_Metas/22/18/20190922180300_00160.jpg,datasets_cloudmask/dataset_cropped/09_Metas/22/18/20190922180300_00160.png,211.6,469,111.7,29.2,957
9/22/2019 18:04,datasets/dataset_cropped/09_Metas/22/18/20190922180400_00160.jpg,datasets_flow/dataset_cropped/09_Metas/22/18/20190922180400_00160.jpg,datasets_cloudmask/dataset_cropped/09_Metas/22/18/20190922180400_00160.png,213.8,494.3,110.3,29.3,958
9/22/2019 18:05,datasets/dataset_cropped/09_Metas/22/18/20190922180500_00160.jpg,datasets_flow/dataset_cropped/09_Metas/22/18/20190922180500_00160.jpg,datasets_cloudmask/dataset_cropped/09_Metas/22/18/20190922180500_00160.png,212.4,503.8,108.7,29.5,958
9/22/2019 18:06,datasets/dataset_cropped/09_Metas/22/18/20190922180600_00160.jpg,datasets_flow/dataset_cropped/09_Metas/22/18/20190922180600_00160.jpg,datasets_cloudmask/dataset_cropped/09_Metas/22/18/20190922180600_00160.png,208.4,501.2,107,29.5,958
9/22/2019 18:07,datasets/dataset_cropped/09_Metas/22/18/20190922180700_00160.jpg,datasets_flow/dataset_cropped/09_Metas/22/18/20190922180700_00160.jpg,datasets_cloudmask/dataset_cropped/09_Metas/22/18/20190922180700_00160.png,203.5,494.7,105.2,29.5,958
9/22/2019 18:08,datasets/dataset_cropped/09_Metas/22/18/20190922180800_00160.jpg,datasets_flow/dataset_cropped/09_Metas/22/18/20190922180800_00160.jpg,datasets_cloudmask/dataset_cropped/09_Metas/22/18/20190922180800_00160.png,197.9,485,103,29.4,958
9/22/2019 18:09,datasets/dataset_cropped/09_Metas/22/18/20190922180900_00160.jpg,datasets_flow/dataset_cropped/09_Metas/22/18/20190922180900_00160.jpg,datasets_cloudmask/dataset_cropped/09_Metas/22/18/20190922180900_00160.png,192.7,477.8,100.8,29.3,958
9/22/2019 18:10,datasets/dataset_cropped/09_Metas/22/18/20190922181000_00160.jpg,datasets_flow/dataset_cropped/09_Metas/22/18/20190922181000_00160.jpg,datasets_cloudmask/dataset_cropped/09_Metas/22/18/20190922181000_00160.png,188,473,98.7,29.4,957
9/22/2019 18:11,datasets/dataset_cropped/09_Metas/22/18/20190922181100_00160.jpg,datasets_flow/dataset_cropped/09_Metas/22/18/20190922181100_00160.jpg,datasets_cloudmask/dataset_cropped/09_Metas/22/18/20190922181100_00160.png,183.1,466.5,96.5,29.3,958
9/22/2019 18:12,datasets/dataset_cropped/09_Metas/22/18/20190922181200_00160.jpg,datasets_flow/dataset_cropped/09_Metas/22/18/20190922181200_00160.jpg,datasets_cloudmask/dataset_cropped/09_Metas/22/18/20190922181200_00160.png,178.5,461.7,94.2,29.2,957
9/22/2019 18:13,datasets/dataset_cropped/09_Metas/22/18/20190922181300_00160.jpg,datasets_flow/dataset_cropped/09_Metas/22/18/20190922181300_00160.jpg,datasets_cloudmask/dataset_cropped/09_Metas/22/18/20190922181300_00160.png,173.6,455.4,91.9,29.2,957
9/22/2019 18:14,datasets/dataset_cropped/09_Metas/22/18/20190922181400_00160.jpg,datasets_flow/dataset_cropped/09_Metas/22/18/20190922181400_00160.jpg,datasets_cloudmask/dataset_cropped/09_Metas/22/18/20190922181400_00160.png,169.2,452.4,89.7,29.2,958
9/22/2019 18:15,datasets/dataset_cropped/09_Metas/22/18/20190922181500_00160.jpg,datasets_flow/dataset_cropped/09_Metas/22/18/20190922181500_00160.jpg,datasets_cloudmask/dataset_cropped/09_Metas/22/18/20190922181500_00160.png,165,450.2,87.4,29,957
9/22/2019 18:16,datasets/dataset_cropped/09_Metas/22/18/20190922181600_00160.jpg,datasets_flow/dataset_cropped/09_Metas/22/18/20190922181600_00160.jpg,datasets_cloudmask/dataset_cropped/09_Metas/22/18/20190922181600_00160.png,160.3,446,85,28.9,957
9/22/2019 18:17,datasets/dataset_cropped/09_Metas/22/18/20190922181700_00160.jpg,datasets_flow/dataset_cropped/09_Metas/22/18/20190922181700_00160.jpg,datasets_cloudmask/dataset_cropped/09_Metas/22/18/20190922181700_00160.png,155.4,442.2,82.3,28.8,958
9/22/2019 18:18,datasets/dataset_cropped/09_Metas/22/18/20190922181800_00160.jpg,datasets_flow/dataset_cropped/09_Metas/22/18/20190922181800_00160.jpg,datasets_cloudmask/dataset_cropped/09_Metas/22/18/20190922181800_00160.png,150.2,436.1,79.6,28.9,957
9/22/2019 18:19,datasets/dataset_cropped/09_Metas/22/18/20190922181900_00160.jpg,datasets_flow/dataset_cropped/09_Metas/22/18/20190922181900_00160.jpg,datasets_cloudmask/dataset_cropped/09_Metas/22/18/20190922181900_00160.png,144.9,429.8,76.8,28.9,958
9/22/2019 18:20,datasets/dataset_cropped/09_Metas/22/18/20190922182000_00160.jpg,datasets_flow/dataset_cropped/09_Metas/22/18/20190922182000_00160.jpg,datasets_cloudmask/dataset_cropped/09_Metas/22/18/20190922182000_00160.png,139.7,423.3,74,28.8,958
9/22/2019 18:21,datasets/dataset_cropped/09_Metas/22/18/20190922182100_00160.jpg,datasets_flow/dataset_cropped/09_Metas/22/18/20190922182100_00160.jpg,datasets_cloudmask/dataset_cropped/09_Metas/22/18/20190922182100_00160.png,134.5,417.4,71.2,28.9,958
9/22/2019 18:22,datasets/dataset_cropped/09_Metas/22/18/20190922182200_00160.jpg,datasets_flow/dataset_cropped/09_Metas/22/18/20190922182200_00160.jpg,datasets_cloudmask/dataset_cropped/09_Metas/22/18/20190922182200_00160.png,129.2,409.8,68.5,28.8,958
9/22/2019 18:23,datasets/dataset_cropped/09_Metas/22/18/20190922182300_00160.jpg,datasets_flow/dataset_cropped/09_Metas/22/18/20190922182300_00160.jpg,datasets_cloudmask/dataset_cropped/09_Metas/22/18/20190922182300_00160.png,123.6,400.1,65.7,28.8,958
9/22/2019 18:24,datasets/dataset_cropped/09_Metas/22/18/20190922182400_00160.jpg,datasets_flow/dataset_cropped/09_Metas/22/18/20190922182400_00160.jpg,datasets_cloudmask/dataset_cropped/09_Metas/22/18/20190922182400_00160.png,117.6,387.5,62.8,28.7,958
9/22/2019 18:25,datasets/dataset_cropped/09_Metas/22/18/20190922182500_00160.jpg,datasets_flow/dataset_cropped/09_Metas/22/18/20190922182500_00160.jpg,datasets_cloudmask/dataset_cropped/09_Metas/22/18/20190922182500_00160.png,110.5,366.7,59.9,28.7,958
9/22/2019 18:26,datasets/dataset_cropped/09_Metas/22/18/20190922182600_00160.jpg,datasets_flow/dataset_cropped/09_Metas/22/18/20190922182600_00160.jpg,datasets_cloudmask/dataset_cropped/09_Metas/22/18/20190922182600_00160.png,104.8,354.3,57,28.6,958
9/22/2019 18:27,datasets/dataset_cropped/09_Metas/22/18/20190922182700_00160.jpg,datasets_flow/dataset_cropped/09_Metas/22/18/20190922182700_00160.jpg,datasets_cloudmask/dataset_cropped/09_Metas/22/18/20190922182700_00160.png,96.9,325.2,54.2,28.4,958
9/22/2019 18:28,datasets/dataset_cropped/09_Metas/22/18/20190922182800_00160.jpg,datasets_flow/dataset_cropped/09_Metas/22/18/20190922182800_00160.jpg,datasets_cloudmask/dataset_cropped/09_Metas/22/18/20190922182800_00160.png,93.8,329.7,51.5,28.3,958
9/22/2019 18:29,datasets/dataset_cropped/09_Metas/22/18/20190922182900_00160.jpg,datasets_flow/dataset_cropped/09_Metas/22/18/20190922182900_00160.jpg,datasets_cloudmask/dataset_cropped/09_Metas/22/18/20190922182900_00160.png,89.8,326.4,49,28.2,958
9/22/2019 18:30,datasets/dataset_cropped/09_Metas/22/18/20190922183000_00160.jpg,datasets_flow/dataset_cropped/09_Metas/22/18/20190922183000_00160.jpg,datasets_cloudmask/dataset_cropped/09_Metas/22/18/20190922183000_00160.png,85.4,318.3,46.8,28.3,958
9/22/2019 18:31,datasets/dataset_cropped/09_Metas/22/18/20190922183100_00160.jpg,datasets_flow/dataset_cropped/09_Metas/22/18/20190922183100_00160.jpg,datasets_cloudmask/dataset_cropped/09_Metas/22/18/20190922183100_00160.png,83.3,327.9,44.6,28.2,958
9/22/2019 18:32,datasets/dataset_cropped/09_Metas/22/18/20190922183200_00160.jpg,datasets_flow/dataset_cropped/09_Metas/22/18/20190922183200_00160.jpg,datasets_cloudmask/dataset_cropped/09_Metas/22/18/20190922183200_00160.png,79.7,324,42.6,28.1,958
9/22/2019 18:33,datasets/dataset_cropped/09_Metas/22/18/20190922183300_00160.jpg,datasets_flow/dataset_cropped/09_Metas/22/18/20190922183300_00160.jpg,datasets_cloudmask/dataset_cropped/09_Metas/22/18/20190922183300_00160.png,69.8,261.5,40.4,28.1,958
9/22/2019 18:34,datasets/dataset_cropped/09_Metas/22/18/20190922183400_00160.jpg,datasets_flow/dataset_cropped/09_Metas/22/18/20190922183400_00160.jpg,datasets_cloudmask/dataset_cropped/09_Metas/22/18/20190922183400_00160.png,61.4,211.5,38.4,27.9,958
9/22/2019 18:35,datasets/dataset_cropped/09_Metas/22/18/20190922183500_00160.jpg,datasets_flow/dataset_cropped/09_Metas/22/18/20190922183500_00160.jpg,datasets_cloudmask/dataset_cropped/09_Metas/22/18/20190922183500_00160.png,56.6,189.5,36.6,27.8,958
9/22/2019 18:36,datasets/dataset_cropped/09_Metas/22/18/20190922183600_00160.jpg,datasets_flow/dataset_cropped/09_Metas/22/18/20190922183600_00160.jpg,datasets_cloudmask/dataset_cropped/09_Metas/22/18/20190922183600_00160.png,55.2,199.4,34.9,27.7,958
9/22/2019 18:37,datasets/dataset_cropped/09_Metas/22/18/20190922183700_00160.jpg,datasets_flow/dataset_cropped/09_Metas/22/18/20190922183700_00160.jpg,datasets_cloudmask/dataset_cropped/09_Metas/22/18/20190922183700_00160.png,54.7,221.1,33.2,27.7,958
9/22/2019 18:38,datasets/dataset_cropped/09_Metas/22/18/20190922183800_00160.jpg,datasets_flow/dataset_cropped/09_Metas/22/18/20190922183800_00160.jpg,datasets_cloudmask/dataset_cropped/09_Metas/22/18/20190922183800_00160.png,50.2,197.2,31.5,27.7,958
9/22/2019 18:39,datasets/dataset_cropped/09_Metas/22/18/20190922183900_00160.jpg,datasets_flow/dataset_cropped/09_Metas/22/18/20190922183900_00160.jpg,datasets_cloudmask/dataset_cropped/09_Metas/22/18/20190922183900_00160.png,36.3,71.3,29.4,27.7,958
9/22/2019 18:40,datasets/dataset_cropped/09_Metas/22/18/20190922184000_00160.jpg,datasets_flow/dataset_cropped/09_Metas/22/18/20190922184000_00160.jpg,datasets_cloudmask/dataset_cropped/09_Metas/22/18/20190922184000_00160.png,31.9,47.2,27.6,27.7,958
9/22/2019 18:41,datasets/dataset_cropped/09_Metas/22/18/20190922184100_00160.jpg,datasets_flow/dataset_cropped/09_Metas/22/18/20190922184100_00160.jpg,datasets_cloudmask/dataset_cropped/09_Metas/22/18/20190922184100_00160.png,29.7,43.7,25.8,27.7,958
9/22/2019 18:42,datasets/dataset_cropped/09_Metas/22/18/20190922184200_00160.jpg,datasets_flow/dataset_cropped/09_Metas/22/18/20190922184200_00160.jpg,datasets_cloudmask/dataset_cropped/09_Metas/22/18/20190922184200_00160.png,29.6,66.3,24.1,27.6,958
9/22/2019 18:43,datasets/dataset_cropped/09_Metas/22/18/20190922184300_00160.jpg,datasets_flow/dataset_cropped/09_Metas/22/18/20190922184300_00160.jpg,datasets_cloudmask/dataset_cropped/09_Metas/22/18/20190922184300_00160.png,29.3,82.9,22.6,27.5,958
9/22/2019 18:44,datasets/dataset_cropped/09_Metas/22/18/20190922184400_00160.jpg,datasets_flow/dataset_cropped/09_Metas/22/18/20190922184400_00160.jpg,datasets_cloudmask/dataset_cropped/09_Metas/22/18/20190922184400_00160.png,25.5,51.7,21.3,27.4,958
9/22/2019 18:45,datasets/dataset_cropped/09_Metas/22/18/20190922184500_00160.jpg,datasets_flow/dataset_cropped/09_Metas/22/18/20190922184500_00160.jpg,datasets_cloudmask/dataset_cropped/09_Metas/22/18/20190922184500_00160.png,22.4,26.9,20.2,27.4,958
9/22/2019 18:46,datasets/dataset_cropped/09_Metas/22/18/20190922184600_00160.jpg,datasets_flow/dataset_cropped/09_Metas/22/18/20190922184600_00160.jpg,datasets_cloudmask/dataset_cropped/09_Metas/22/18/20190922184600_00160.png,20.2,13.5,18.9,27.3,958
9/22/2019 18:47,datasets/dataset_cropped/09_Metas/22/18/20190922184700_00160.jpg,datasets_flow/dataset_cropped/09_Metas/22/18/20190922184700_00160.jpg,datasets_cloudmask/dataset_cropped/09_Metas/22/18/20190922184700_00160.png,18.8,10.6,17.8,27.3,958
9/22/2019 18:48,datasets/dataset_cropped/09_Metas/22/18/20190922184800_00160.jpg,datasets_flow/dataset_cropped/09_Metas/22/18/20190922184800_00160.jpg,datasets_cloudmask/dataset_cropped/09_Metas/22/18/20190922184800_00160.png,19.8,43.8,17,27.2,958
9/22/2019 18:49,datasets/dataset_cropped/09_Metas/22/18/20190922184900_00160.jpg,datasets_flow/dataset_cropped/09_Metas/22/18/20190922184900_00160.jpg,datasets_cloudmask/dataset_cropped/09_Metas/22/18/20190922184900_00160.png,20.8,78.4,16.1,27.1,958
9/22/2019 18:50,datasets/dataset_cropped/09_Metas/22/18/20190922185000_00160.jpg,datasets_flow/dataset_cropped/09_Metas/22/18/20190922185000_00160.jpg,datasets_cloudmask/dataset_cropped/09_Metas/22/18/20190922185000_00160.png,17.3,37.7,14.9,27.1,958
9/22/2019 18:51,datasets/dataset_cropped/09_Metas/22/18/20190922185100_00160.jpg,datasets_flow/dataset_cropped/09_Metas/22/18/20190922185100_00160.jpg,datasets_cloudmask/dataset_cropped/09_Metas/22/18/20190922185100_00160.png,14.1,4.6,13.6,27.1,958
9/22/2019 18:52,datasets/dataset_cropped/09_Metas/22/18/20190922185200_00160.jpg,datasets_flow/dataset_cropped/09_Metas/22/18/20190922185200_00160.jpg,datasets_cloudmask/dataset_cropped/09_Metas/22/18/20190922185200_00160.png,12.5,1.9,12.1,27.1,958
9/22/2019 18:53,datasets/dataset_cropped/09_Metas/22/18/20190922185300_00160.jpg,datasets_flow/dataset_cropped/09_Metas/22/18/20190922185300_00160.jpg,datasets_cloudmask/dataset_cropped/09_Metas/22/18/20190922185300_00160.png,11.2,0.8,10.9,27.1,958
9/22/2019 18:54,datasets/dataset_cropped/09_Metas/22/18/20190922185400_00160.jpg,datasets_flow/dataset_cropped/09_Metas/22/18/20190922185400_00160.jpg,datasets_cloudmask/dataset_cropped/09_Metas/22/18/20190922185400_00160.png,10.2,0.2,9.9,27,958
9/22/2019 18:55,datasets/dataset_cropped/09_Metas/22/18/20190922185500_00160.jpg,datasets_flow/dataset_cropped/09_Metas/22/18/20190922185500_00160.jpg,datasets_cloudmask/dataset_cropped/09_Metas/22/18/20190922185500_00160.png,9.3,0,9.1,27,958
9/22/2019 18:56,datasets/dataset_cropped/09_Metas/22/18/20190922185600_00160.jpg,datasets_flow/dataset_cropped/09_Metas/22/18/20190922185600_00160.jpg,datasets_cloudmask/dataset_cropped/09_Metas/22/18/20190922185600_00160.png,8.5,0,8.3,26.9,958
9/22/2019 18:57,datasets/dataset_cropped/09_Metas/22/18/20190922185700_00160.jpg,datasets_flow/dataset_cropped/09_Metas/22/18/20190922185700_00160.jpg,datasets_cloudmask/dataset_cropped/09_Metas/22/18/20190922185700_00160.png,7.8,0,7.6,26.9,958
9/22/2019 18:58,datasets/dataset_cropped/09_Metas/22/18/20190922185800_00160.jpg,datasets_flow/dataset_cropped/09_Metas/22/18/20190922185800_00160.jpg,datasets_cloudmask/dataset_cropped/09_Metas/22/18/20190922185800_00160.png,7,0,6.9,26.8,958
9/22/2019 18:59,datasets/dataset_cropped/09_Metas/22/18/20190922185900_00160.jpg,datasets_flow/dataset_cropped/09_Metas/22/18/20190922185900_00160.jpg,datasets_cloudmask/dataset_cropped/09_Metas/22/18/20190922185900_00160.png,6.4,0,6.2,26.8,958
9/22/2019 19:00,datasets/dataset_cropped/09_Metas/22/19/20190922190000_00160.jpg,datasets_flow/dataset_cropped/09_Metas/22/19/20190922190000_00160.jpg,datasets_cloudmask/dataset_cropped/09_Metas/22/19/20190922190000_00160.png,5.8,0,5.6,26.7,958
9/22/2019 19:01,datasets/dataset_cropped/09_Metas/22/19/20190922190100_00160.jpg,datasets_flow/dataset_cropped/09_Metas/22/19/20190922190100_00160.jpg,datasets_cloudmask/dataset_cropped/09_Metas/22/19/20190922190100_00160.png,5.1,0,5,26.6,958
9/22/2019 19:02,datasets/dataset_cropped/09_Metas/22/19/20190922190200_00160.jpg,datasets_flow/dataset_cropped/09_Metas/22/19/20190922190200_00160.jpg,datasets_cloudmask/dataset_cropped/09_Metas/22/19/20190922190200_00160.png,4.5,0,4.3,26.6,958
9/22/2019 19:03,datasets/dataset_cropped/09_Metas/22/19/20190922190300_00160.jpg,datasets_flow/dataset_cropped/09_Metas/22/19/20190922190300_00160.jpg,datasets_cloudmask/dataset_cropped/09_Metas/22/19/20190922190300_00160.png,3.9,0,3.8,26.6,958
9/22/2019 19:04,datasets/dataset_cropped/09_Metas/22/19/20190922190400_00160.jpg,datasets_flow/dataset_cropped/09_Metas/22/19/20190922190400_00160.jpg,datasets_cloudmask/dataset_cropped/09_Metas/22/19/20190922190400_00160.png,3.3,0,3.2,26.6,958
9/22/2019 19:05,datasets/dataset_cropped/09_Metas/22/19/20190922190500_00160.jpg,datasets_flow/dataset_cropped/09_Metas/22/19/20190922190500_00160.jpg,datasets_cloudmask/dataset_cropped/09_Metas/22/19/20190922190500_00160.png,2.8,0,2.6,26.6,958
9/23/2019 6:59,datasets/dataset_cropped/09_Metas/23/06/20190923065930_00160.jpg,datasets_flow/dataset_cropped/09_Metas/23/06/20190923065930_00160.jpg,datasets_cloudmask/dataset_cropped/09_Metas/23/06/20190923065930_00160.png,3.9,1.3,4,18.6,963
9/23/2019 7:00,datasets/dataset_cropped/09_Metas/23/07/20190923070000_00160.jpg,datasets_flow/dataset_cropped/09_Metas/23/07/20190923070000_00160.jpg,datasets_cloudmask/dataset_cropped/09_Metas/23/07/20190923070000_00160.png,3.9,1.3,4,18.6,963
9/23/2019 7:01,datasets/dataset_cropped/09_Metas/23/07/20190923070100_00160.jpg,datasets_flow/dataset_cropped/09_Metas/23/07/20190923070100_00160.jpg,datasets_cloudmask/dataset_cropped/09_Metas/23/07/20190923070100_00160.png,4.5,1.7,4.5,18.7,962
9/23/2019 7:02,datasets/dataset_cropped/09_Metas/23/07/20190923070200_00160.jpg,datasets_flow/dataset_cropped/09_Metas/23/07/20190923070200_00160.jpg,datasets_cloudmask/dataset_cropped/09_Metas/23/07/20190923070200_00160.png,5.4,2.7,5.4,18.7,962
9/23/2019 7:03,datasets/dataset_cropped/09_Metas/23/07/20190923070300_00160.jpg,datasets_flow/dataset_cropped/09_Metas/23/07/20190923070300_00160.jpg,datasets_cloudmask/dataset_cropped/09_Metas/23/07/20190923070300_00160.png,6.4,12.7,6.2,18.7,963
9/23/2019 7:04,datasets/dataset_cropped/09_Metas/23/07/20190923070400_00160.jpg,datasets_flow/dataset_cropped/09_Metas/23/07/20190923070400_00160.jpg,datasets_cloudmask/dataset_cropped/09_Metas/23/07/20190923070400_00160.png,7.7,33.7,7.2,18.7,962
9/23/2019 7:05,datasets/dataset_cropped/09_Metas/23/07/20190923070500_00160.jpg,datasets_flow/dataset_cropped/09_Metas/23/07/20190923070500_00160.jpg,datasets_cloudmask/dataset_cropped/09_Metas/23/07/20190923070500_00160.png,8.9,53.1,8,18.8,962
9/23/2019 7:06,datasets/dataset_cropped/09_Metas/23/07/20190923070600_00160.jpg,datasets_flow/dataset_cropped/09_Metas/23/07/20190923070600_00160.jpg,datasets_cloudmask/dataset_cropped/09_Metas/23/07/20190923070600_00160.png,9.6,53.7,8.6,18.9,963
9/23/2019 7:07,datasets/dataset_cropped/09_Metas/23/07/20190923070700_00160.jpg,datasets_flow/dataset_cropped/09_Metas/23/07/20190923070700_00160.jpg,datasets_cloudmask/dataset_cropped/09_Metas/23/07/20190923070700_00160.png,10.4,49.5,9.3,19,962
9/23/2019 7:08,datasets/dataset_cropped/09_Metas/23/07/20190923070800_00160.jpg,datasets_flow/dataset_cropped/09_Metas/23/07/20190923070800_00160.jpg,datasets_cloudmask/dataset_cropped/09_Metas/23/07/20190923070800_00160.png,11.6,57.1,10.1,19.1,963
9/23/2019 7:09,datasets/dataset_cropped/09_Metas/23/07/20190923070900_00160.jpg,datasets_flow/dataset_cropped/09_Metas/23/07/20190923070900_00160.jpg,datasets_cloudmask/dataset_cropped/09_Metas/23/07/20190923070900_00160.png,12.8,65.2,10.8,19.2,963
9/23/2019 7:10,datasets/dataset_cropped/09_Metas/23/07/20190923071000_00160.jpg,datasets_flow/dataset_cropped/09_Metas/23/07/20190923071000_00160.jpg,datasets_cloudmask/dataset_cropped/09_Metas/23/07/20190923071000_00160.png,14.1,72.9,11.7,19.3,963
9/23/2019 7:11,datasets/dataset_cropped/09_Metas/23/07/20190923071100_00160.jpg,datasets_flow/dataset_cropped/09_Metas/23/07/20190923071100_00160.jpg,datasets_cloudmask/dataset_cropped/09_Metas/23/07/20190923071100_00160.png,16.4,101.3,12.6,19.4,963
9/23/2019 7:12,datasets/dataset_cropped/09_Metas/23/07/20190923071200_00160.jpg,datasets_flow/dataset_cropped/09_Metas/23/07/20190923071200_00160.jpg,datasets_cloudmask/dataset_cropped/09_Metas/23/07/20190923071200_00160.png,18.6,130.3,13.4,19.4,963
9/23/2019 7:13,datasets/dataset_cropped/09_Metas/23/07/20190923071300_00160.jpg,datasets_flow/dataset_cropped/09_Metas/23/07/20190923071300_00160.jpg,datasets_cloudmask/dataset_cropped/09_Metas/23/07/20190923071300_00160.png,19.7,133.5,13.9,19.5,963
9/23/2019 7:14,datasets/dataset_cropped/09_Metas/23/07/20190923071400_00160.jpg,datasets_flow/dataset_cropped/09_Metas/23/07/20190923071400_00160.jpg,datasets_cloudmask/dataset_cropped/09_Metas/23/07/20190923071400_00160.png,20.5,131.5,14.3,19.6,963
9/23/2019 7:15,datasets/dataset_cropped/09_Metas/23/07/20190923071500_00160.jpg,datasets_flow/dataset_cropped/09_Metas/23/07/20190923071500_00160.jpg,datasets_cloudmask/dataset_cropped/09_Metas/23/07/20190923071500_00160.png,20.6,119.5,14.7,19.6,963
9/23/2019 7:16,datasets/dataset_cropped/09_Metas/23/07/20190923071600_00160.jpg,datasets_flow/dataset_cropped/09_Metas/23/07/20190923071600_00160.jpg,datasets_cloudmask/dataset_cropped/09_Metas/23/07/20190923071600_00160.png,19.5,82.6,15.2,19.6,963
9/23/2019 7:17,datasets/dataset_cropped/09_Metas/23/07/20190923071700_00160.jpg,datasets_flow/dataset_cropped/09_Metas/23/07/20190923071700_00160.jpg,datasets_cloudmask/dataset_cropped/09_Metas/23/07/20190923071700_00160.png,19.8,66.6,16,19.6,963
9/23/2019 7:18,datasets/dataset_cropped/09_Metas/23/07/20190923071800_00160.jpg,datasets_flow/dataset_cropped/09_Metas/23/07/20190923071800_00160.jpg,datasets_cloudmask/dataset_cropped/09_Metas/23/07/20190923071800_00160.png,22.4,88,17.1,19.6,963
9/23/2019 7:19,datasets/dataset_cropped/09_Metas/23/07/20190923071900_00160.jpg,datasets_flow/dataset_cropped/09_Metas/23/07/20190923071900_00160.jpg,datasets_cloudmask/dataset_cropped/09_Metas/23/07/20190923071900_00160.png,26.4,127.7,18.3,19.4,963
9/23/2019 7:20,datasets/dataset_cropped/09_Metas/23/07/20190923072000_00160.jpg,datasets_flow/dataset_cropped/09_Metas/23/07/20190923072000_00160.jpg,datasets_cloudmask/dataset_cropped/09_Metas/23/07/20190923072000_00160.png,31.1,177.5,19.4,19.2,963
9/23/2019 7:21,datasets/dataset_cropped/09_Metas/23/07/20190923072100_00160.jpg,datasets_flow/dataset_cropped/09_Metas/23/07/20190923072100_00160.jpg,datasets_cloudmask/dataset_cropped/09_Metas/23/07/20190923072100_00160.png,34.4,205.6,20.2,19,963
9/23/2019 7:22,datasets/dataset_cropped/09_Metas/23/07/20190923072200_00160.jpg,datasets_flow/dataset_cropped/09_Metas/23/07/20190923072200_00160.jpg,datasets_cloudmask/dataset_cropped/09_Metas/23/07/20190923072200_00160.png,36.5,215,20.9,18.8,963
9/23/2019 7:23,datasets/dataset_cropped/09_Metas/23/07/20190923072300_00160.jpg,datasets_flow/dataset_cropped/09_Metas/23/07/20190923072300_00160.jpg,datasets_cloudmask/dataset_cropped/09_Metas/23/07/20190923072300_00160.png,37.9,218.2,21.3,18.8,963
9/23/2019 7:24,datasets/dataset_cropped/09_Metas/23/07/20190923072400_00160.jpg,datasets_flow/dataset_cropped/09_Metas/23/07/20190923072400_00160.jpg,datasets_cloudmask/dataset_cropped/09_Metas/23/07/20190923072400_00160.png,38.1,205.2,21.8,18.8,963
9/23/2019 7:25,datasets/dataset_cropped/09_Metas/23/07/20190923072500_00160.jpg,datasets_flow/dataset_cropped/09_Metas/23/07/20190923072500_00160.jpg,datasets_cloudmask/dataset_cropped/09_Metas/23/07/20190923072500_00160.png,39.2,200.8,22.5,18.7,963
9/23/2019 7:26,datasets/dataset_cropped/09_Metas/23/07/20190923072600_00160.jpg,datasets_flow/dataset_cropped/09_Metas/23/07/20190923072600_00160.jpg,datasets_cloudmask/dataset_cropped/09_Metas/23/07/20190923072600_00160.png,41.2,206.9,23.2,18.7,963
9/23/2019 7:27,datasets/dataset_cropped/09_Metas/23/07/20190923072700_00160.jpg,datasets_flow/dataset_cropped/09_Metas/23/07/20190923072700_00160.jpg,datasets_cloudmask/dataset_cropped/09_Metas/23/07/20190923072700_00160.png,44.5,225.8,24,18.6,963
9/23/2019 7:28,datasets/dataset_cropped/09_Metas/23/07/20190923072800_00160.jpg,datasets_flow/dataset_cropped/09_Metas/23/07/20190923072800_00160.jpg,datasets_cloudmask/dataset_cropped/09_Metas/23/07/20190923072800_00160.png,46.6,232.7,24.8,18.6,963
9/23/2019 7:29,datasets/dataset_cropped/09_Metas/23/07/20190923072900_00160.jpg,datasets_flow/dataset_cropped/09_Metas/23/07/20190923072900_00160.jpg,datasets_cloudmask/dataset_cropped/09_Metas/23/07/20190923072900_00160.png,48,230.8,25.6,18.6,963
9/23/2019 7:30,datasets/dataset_cropped/09_Metas/23/07/20190923073000_00160.jpg,datasets_flow/dataset_cropped/09_Metas/23/07/20190923073000_00160.jpg,datasets_cloudmask/dataset_cropped/09_Metas/23/07/20190923073000_00160.png,49.5,229.9,26.3,18.6,963
9/23/2019 7:31,datasets/dataset_cropped/09_Metas/23/07/20190923073100_00160.jpg,datasets_flow/dataset_cropped/09_Metas/23/07/20190923073100_00160.jpg,datasets_cloudmask/dataset_cropped/09_Metas/23/07/20190923073100_00160.png,51.3,233.5,27,18.7,963
9/23/2019 7:32,datasets/dataset_cropped/09_Metas/23/07/20190923073200_00160.jpg,datasets_flow/dataset_cropped/09_Metas/23/07/20190923073200_00160.jpg,datasets_cloudmask/dataset_cropped/09_Metas/23/07/20190923073200_00160.png,53.5,240.3,27.7,18.8,963
9/23/2019 7:33,datasets/dataset_cropped/09_Metas/23/07/20190923073300_00160.jpg,datasets_flow/dataset_cropped/09_Metas/23/07/20190923073300_00160.jpg,datasets_cloudmask/dataset_cropped/09_Metas/23/07/20190923073300_00160.png,55,240.9,28.2,18.9,963
9/23/2019 7:34,datasets/dataset_cropped/09_Metas/23/07/20190923073400_00160.jpg,datasets_flow/dataset_cropped/09_Metas/23/07/20190923073400_00160.jpg,datasets_cloudmask/dataset_cropped/09_Metas/23/07/20190923073400_00160.png,53.2,213.7,28.8,19.1,963
9/23/2019 7:35,datasets/dataset_cropped/09_Metas/23/07/20190923073500_00160.jpg,datasets_flow/dataset_cropped/09_Metas/23/07/20190923073500_00160.jpg,datasets_cloudmask/dataset_cropped/09_Metas/23/07/20190923073500_00160.png,53,195.3,30,19.2,963
9/23/2019 7:36,datasets/dataset_cropped/09_Metas/23/07/20190923073600_00160.jpg,datasets_flow/dataset_cropped/09_Metas/23/07/20190923073600_00160.jpg,datasets_cloudmask/dataset_cropped/09_Metas/23/07/20190923073600_00160.png,62,253,31.4,19.1,963
9/23/2019 7:37,datasets/dataset_cropped/09_Metas/23/07/20190923073700_00160.jpg,datasets_flow/dataset_cropped/09_Metas/23/07/20190923073700_00160.jpg,datasets_cloudmask/dataset_cropped/09_Metas/23/07/20190923073700_00160.png,68.8,293.7,32.4,19.1,963
9/23/2019 7:38,datasets/dataset_cropped/09_Metas/23/07/20190923073800_00160.jpg,datasets_flow/dataset_cropped/09_Metas/23/07/20190923073800_00160.jpg,datasets_cloudmask/dataset_cropped/09_Metas/23/07/20190923073800_00160.png,71.8,303.5,33.3,19.1,963
9/23/2019 7:39,datasets/dataset_cropped/09_Metas/23/07/20190923073900_00160.jpg,datasets_flow/dataset_cropped/09_Metas/23/07/20190923073900_00160.jpg,datasets_cloudmask/dataset_cropped/09_Metas/23/07/20190923073900_00160.png,74,305.2,34.2,19.2,963
9/23/2019 7:40,datasets/dataset_cropped/09_Metas/23/07/20190923074000_00160.jpg,datasets_flow/dataset_cropped/09_Metas/23/07/20190923074000_00160.jpg,datasets_cloudmask/dataset_cropped/09_Metas/23/07/20190923074000_00160.png,77,314,35.1,19.1,963
9/23/2019 7:41,datasets/dataset_cropped/09_Metas/23/07/20190923074100_00160.jpg,datasets_flow/dataset_cropped/09_Metas/23/07/20190923074100_00160.jpg,datasets_cloudmask/dataset_cropped/09_Metas/23/07/20190923074100_00160.png,79.5,319,35.9,19,963
9/23/2019 7:42,datasets/dataset_cropped/09_Metas/23/07/20190923074200_00160.jpg,datasets_flow/dataset_cropped/09_Metas/23/07/20190923074200_00160.jpg,datasets_cloudmask/dataset_cropped/09_Metas/23/07/20190923074200_00160.png,83.1,330.7,36.8,18.9,963
9/23/2019 7:43,datasets/dataset_cropped/09_Metas/23/07/20190923074300_00160.jpg,datasets_flow/dataset_cropped/09_Metas/23/07/20190923074300_00160.jpg,datasets_cloudmask/dataset_cropped/09_Metas/23/07/20190923074300_00160.png,87.3,346.6,37.6,18.9,963
9/23/2019 7:44,datasets/dataset_cropped/09_Metas/23/07/20190923074400_00160.jpg,datasets_flow/dataset_cropped/09_Metas/23/07/20190923074400_00160.jpg,datasets_cloudmask/dataset_cropped/09_Metas/23/07/20190923074400_00160.png,89.6,349.7,38.4,18.9,963
9/23/2019 7:45,datasets/dataset_cropped/09_Metas/23/07/20190923074500_00160.jpg,datasets_flow/dataset_cropped/09_Metas/23/07/20190923074500_00160.jpg,datasets_cloudmask/dataset_cropped/09_Metas/23/07/20190923074500_00160.png,92.1,352.5,39.3,19,963
9/23/2019 7:46,datasets/dataset_cropped/09_Metas/23/07/20190923074600_00160.jpg,datasets_flow/dataset_cropped/09_Metas/23/07/20190923074600_00160.jpg,datasets_cloudmask/dataset_cropped/09_Metas/23/07/20190923074600_00160.png,96.1,365.3,40.1,19,963
9/23/2019 7:47,datasets/dataset_cropped/09_Metas/23/07/20190923074700_00160.jpg,datasets_flow/dataset_cropped/09_Metas/23/07/20190923074700_00160.jpg,datasets_cloudmask/dataset_cropped/09_Metas/23/07/20190923074700_00160.png,98.1,365.7,40.9,19.1,963
9/23/2019 7:48,datasets/dataset_cropped/09_Metas/23/07/20190923074800_00160.jpg,datasets_flow/dataset_cropped/09_Metas/23/07/20190923074800_00160.jpg,datasets_cloudmask/dataset_cropped/09_Metas/23/07/20190923074800_00160.png,101,370.4,41.8,19.2,963
9/23/2019 7:49,datasets/dataset_cropped/09_Metas/23/07/20190923074900_00160.jpg,datasets_flow/dataset_cropped/09_Metas/23/07/20190923074900_00160.jpg,datasets_cloudmask/dataset_cropped/09_Metas/23/07/20190923074900_00160.png,105.1,382.4,42.8,19.3,963
9/23/2019 7:50,datasets/dataset_cropped/09_Metas/23/07/20190923075000_00160.jpg,datasets_flow/dataset_cropped/09_Metas/23/07/20190923075000_00160.jpg,datasets_cloudmask/dataset_cropped/09_Metas/23/07/20190923075000_00160.png,110,398.4,43.7,19.4,963
9/23/2019 7:51,datasets/dataset_cropped/09_Metas/23/07/20190923075100_00160.jpg,datasets_flow/dataset_cropped/09_Metas/23/07/20190923075100_00160.jpg,datasets_cloudmask/dataset_cropped/09_Metas/23/07/20190923075100_00160.png,116.8,424.5,44.8,19.7,963
9/23/2019 7:52,datasets/dataset_cropped/09_Metas/23/07/20190923075200_00160.jpg,datasets_flow/dataset_cropped/09_Metas/23/07/20190923075200_00160.jpg,datasets_cloudmask/dataset_cropped/09_Metas/23/07/20190923075200_00160.png,123.1,446.4,45.8,20,963
9/23/2019 7:53,datasets/dataset_cropped/09_Metas/23/07/20190923075300_00160.jpg,datasets_flow/dataset_cropped/09_Metas/23/07/20190923075300_00160.jpg,datasets_cloudmask/dataset_cropped/09_Metas/23/07/20190923075300_00160.png,129.2,466.7,46.8,20.2,963
9/23/2019 7:54,datasets/dataset_cropped/09_Metas/23/07/20190923075400_00160.jpg,datasets_flow/dataset_cropped/09_Metas/23/07/20190923075400_00160.jpg,datasets_cloudmask/dataset_cropped/09_Metas/23/07/20190923075400_00160.png,134.7,483.4,47.8,20.4,963
9/23/2019 7:55,datasets/dataset_cropped/09_Metas/23/07/20190923075500_00160.jpg,datasets_flow/dataset_cropped/09_Metas/23/07/20190923075500_00160.jpg,datasets_cloudmask/dataset_cropped/09_Metas/23/07/20190923075500_00160.png,139.3,495.1,48.6,20.5,963
9/23/2019 7:56,datasets/dataset_cropped/09_Metas/23/07/20190923075600_00160.jpg,datasets_flow/dataset_cropped/09_Metas/23/07/20190923075600_00160.jpg,datasets_cloudmask/dataset_cropped/09_Metas/23/07/20190923075600_00160.png,142.9,501.5,49.5,20.7,963
9/23/2019 7:57,datasets/dataset_cropped/09_Metas/23/07/20190923075700_00160.jpg,datasets_flow/dataset_cropped/09_Metas/23/07/20190923075700_00160.jpg,datasets_cloudmask/dataset_cropped/09_Metas/23/07/20190923075700_00160.png,146.2,506.9,50.2,20.8,963
9/23/2019 7:58,datasets/dataset_cropped/09_Metas/23/07/20190923075800_00160.jpg,datasets_flow/dataset_cropped/09_Metas/23/07/20190923075800_00160.jpg,datasets_cloudmask/dataset_cropped/09_Metas/23/07/20190923075800_00160.png,148.4,506.5,50.8,20.9,963
9/23/2019 7:59,datasets/dataset_cropped/09_Metas/23/07/20190923075900_00160.jpg,datasets_flow/dataset_cropped/09_Metas/23/07/20190923075900_00160.jpg,datasets_cloudmask/dataset_cropped/09_Metas/23/07/20190923075900_00160.png,151.1,508.8,51.4,21,963
9/23/2019 8:00,datasets/dataset_cropped/09_Metas/23/08/20190923080000_00160.jpg,datasets_flow/dataset_cropped/09_Metas/23/08/20190923080000_00160.jpg,datasets_cloudmask/dataset_cropped/09_Metas/23/08/20190923080000_00160.png,155.7,519.8,52,21.1,963
9/23/2019 8:01,datasets/dataset_cropped/09_Metas/23/08/20190923080100_00160.jpg,datasets_flow/dataset_cropped/09_Metas/23/08/20190923080100_00160.jpg,datasets_cloudmask/dataset_cropped/09_Metas/23/08/20190923080100_00160.png,159.5,526.8,52.6,21.2,963
9/23/2019 8:02,datasets/dataset_cropped/09_Metas/23/08/20190923080200_00160.jpg,datasets_flow/dataset_cropped/09_Metas/23/08/20190923080200_00160.jpg,datasets_cloudmask/dataset_cropped/09_Metas/23/08/20190923080200_00160.png,163.7,535.1,53.3,21.3,963
9/23/2019 8:03,datasets/dataset_cropped/09_Metas/23/08/20190923080300_00160.jpg,datasets_flow/dataset_cropped/09_Metas/23/08/20190923080300_00160.jpg,datasets_cloudmask/dataset_cropped/09_Metas/23/08/20190923080300_00160.png,167.8,542.4,54.1,21.2,963
9/23/2019 8:04,datasets/dataset_cropped/09_Metas/23/08/20190923080400_00160.jpg,datasets_flow/dataset_cropped/09_Metas/23/08/20190923080400_00160.jpg,datasets_cloudmask/dataset_cropped/09_Metas/23/08/20190923080400_00160.png,171.6,548,54.9,21.2,963
9/23/2019 8:05,datasets/dataset_cropped/09_Metas/23/08/20190923080500_00160.jpg,datasets_flow/dataset_cropped/09_Metas/23/08/20190923080500_00160.jpg,datasets_cloudmask/dataset_cropped/09_Metas/23/08/20190923080500_00160.png,175.7,554.7,55.7,21.2,963
9/23/2019 8:06,datasets/dataset_cropped/09_Metas/23/08/20190923080600_00160.jpg,datasets_flow/dataset_cropped/09_Metas/23/08/20190923080600_00160.jpg,datasets_cloudmask/dataset_cropped/09_Metas/23/08/20190923080600_00160.png,179.5,559.7,56.5,21.2,963
9/23/2019 8:07,datasets/dataset_cropped/09_Metas/23/08/20190923080700_00160.jpg,datasets_flow/dataset_cropped/09_Metas/23/08/20190923080700_00160.jpg,datasets_cloudmask/dataset_cropped/09_Metas/23/08/20190923080700_00160.png,183.8,566.6,57.4,21.3,963
9/23/2019 8:08,datasets/dataset_cropped/09_Metas/23/08/20190923080800_00160.jpg,datasets_flow/dataset_cropped/09_Metas/23/08/20190923080800_00160.jpg,datasets_cloudmask/dataset_cropped/09_Metas/23/08/20190923080800_00160.png,188.5,575.1,58.3,21.4,963
9/23/2019 8:09,datasets/dataset_cropped/09_Metas/23/08/20190923080900_00160.jpg,datasets_flow/dataset_cropped/09_Metas/23/08/20190923080900_00160.jpg,datasets_cloudmask/dataset_cropped/09_Metas/23/08/20190923080900_00160.png,192.4,579.8,59.2,21.3,963
9/23/2019 8:10,datasets/dataset_cropped/09_Metas/23/08/20190923081000_00160.jpg,datasets_flow/dataset_cropped/09_Metas/23/08/20190923081000_00160.jpg,datasets_cloudmask/dataset_cropped/09_Metas/23/08/20190923081000_00160.png,196.5,585.4,60,21.4,963
9/23/2019 8:11,datasets/dataset_cropped/09_Metas/23/08/20190923081100_00160.jpg,datasets_flow/dataset_cropped/09_Metas/23/08/20190923081100_00160.jpg,datasets_cloudmask/dataset_cropped/09_Metas/23/08/20190923081100_00160.png,200.3,589.6,60.9,21.4,963
9/23/2019 8:12,datasets/dataset_cropped/09_Metas/23/08/20190923081200_00160.jpg,datasets_flow/dataset_cropped/09_Metas/23/08/20190923081200_00160.jpg,datasets_cloudmask/dataset_cropped/09_Metas/23/08/20190923081200_00160.png,204.2,594.1,61.7,21.5,963
9/23/2019 8:13,datasets/dataset_cropped/09_Metas/23/08/20190923081300_00160.jpg,datasets_flow/dataset_cropped/09_Metas/23/08/20190923081300_00160.jpg,datasets_cloudmask/dataset_cropped/09_Metas/23/08/20190923081300_00160.png,207,593.9,62.6,21.6,963
9/23/2019 8:14,datasets/dataset_cropped/09_Metas/23/08/20190923081400_00160.jpg,datasets_flow/dataset_cropped/09_Metas/23/08/20190923081400_00160.jpg,datasets_cloudmask/dataset_cropped/09_Metas/23/08/20190923081400_00160.png,210.3,595.6,63.5,21.6,963
9/23/2019 8:15,datasets/dataset_cropped/09_Metas/23/08/20190923081500_00160.jpg,datasets_flow/dataset_cropped/09_Metas/23/08/20190923081500_00160.jpg,datasets_cloudmask/dataset_cropped/09_Metas/23/08/20190923081500_00160.png,214.3,600.1,64.5,21.6,963
9/23/2019 8:16,datasets/dataset_cropped/09_Metas/23/08/20190923081600_00160.jpg,datasets_flow/dataset_cropped/09_Metas/23/08/20190923081600_00160.jpg,datasets_cloudmask/dataset_cropped/09_Metas/23/08/20190923081600_00160.png,219.6,609.5,65.4,21.7,963
9/23/2019 8:17,datasets/dataset_cropped/09_Metas/23/08/20190923081700_00160.jpg,datasets_flow/dataset_cropped/09_Metas/23/08/20190923081700_00160.jpg,datasets_cloudmask/dataset_cropped/09_Metas/23/08/20190923081700_00160.png,224,614.6,66.3,21.7,963
9/23/2019 8:18,datasets/dataset_cropped/09_Metas/23/08/20190923081800_00160.jpg,datasets_flow/dataset_cropped/09_Metas/23/08/20190923081800_00160.jpg,datasets_cloudmask/dataset_cropped/09_Metas/23/08/20190923081800_00160.png,228.4,619.5,67.4,21.7,963
9/23/2019 8:19,datasets/dataset_cropped/09_Metas/23/08/20190923081900_00160.jpg,datasets_flow/dataset_cropped/09_Metas/23/08/20190923081900_00160.jpg,datasets_cloudmask/dataset_cropped/09_Metas/23/08/20190923081900_00160.png,231.2,618.5,68.4,21.7,963
9/23/2019 8:20,datasets/dataset_cropped/09_Metas/23/08/20190923082000_00160.jpg,datasets_flow/dataset_cropped/09_Metas/23/08/20190923082000_00160.jpg,datasets_cloudmask/dataset_cropped/09_Metas/23/08/20190923082000_00160.png,235.9,624.8,69.5,21.7,963
9/23/2019 8:21,datasets/dataset_cropped/09_Metas/23/08/20190923082100_00160.jpg,datasets_flow/dataset_cropped/09_Metas/23/08/20190923082100_00160.jpg,datasets_cloudmask/dataset_cropped/09_Metas/23/08/20190923082100_00160.png,239.9,628.1,70.6,21.7,963
9/23/2019 8:22,datasets/dataset_cropped/09_Metas/23/08/20190923082200_00160.jpg,datasets_flow/dataset_cropped/09_Metas/23/08/20190923082200_00160.jpg,datasets_cloudmask/dataset_cropped/09_Metas/23/08/20190923082200_00160.png,242.4,626.5,71.5,21.7,963
9/23/2019 8:23,datasets/dataset_cropped/09_Metas/23/08/20190923082300_00160.jpg,datasets_flow/dataset_cropped/09_Metas/23/08/20190923082300_00160.jpg,datasets_cloudmask/dataset_cropped/09_Metas/23/08/20190923082300_00160.png,242.5,616.7,72.2,21.8,963
9/23/2019 8:24,datasets/dataset_cropped/09_Metas/23/08/20190923082400_00160.jpg,datasets_flow/dataset_cropped/09_Metas/23/08/20190923082400_00160.jpg,datasets_cloudmask/dataset_cropped/09_Metas/23/08/20190923082400_00160.png,246.7,620.9,73.2,21.9,963
9/23/2019 8:25,datasets/dataset_cropped/09_Metas/23/08/20190923082500_00160.jpg,datasets_flow/dataset_cropped/09_Metas/23/08/20190923082500_00160.jpg,datasets_cloudmask/dataset_cropped/09_Metas/23/08/20190923082500_00160.png,250.9,625.8,74,21.8,963
9/23/2019 8:26,datasets/dataset_cropped/09_Metas/23/08/20190923082600_00160.jpg,datasets_flow/dataset_cropped/09_Metas/23/08/20190923082600_00160.jpg,datasets_cloudmask/dataset_cropped/09_Metas/23/08/20190923082600_00160.png,252.7,622.3,74.7,21.9,963
9/23/2019 8:27,datasets/dataset_cropped/09_Metas/23/08/20190923082700_00160.jpg,datasets_flow/dataset_cropped/09_Metas/23/08/20190923082700_00160.jpg,datasets_cloudmask/dataset_cropped/09_Metas/23/08/20190923082700_00160.png,253.1,613.9,75.5,21.9,963
9/23/2019 8:28,datasets/dataset_cropped/09_Metas/23/08/20190923082800_00160.jpg,datasets_flow/dataset_cropped/09_Metas/23/08/20190923082800_00160.jpg,datasets_cloudmask/dataset_cropped/09_Metas/23/08/20190923082800_00160.png,256.3,615,76.3,21.9,963
9/23/2019 8:29,datasets/dataset_cropped/09_Metas/23/08/20190923082900_00160.jpg,datasets_flow/dataset_cropped/09_Metas/23/08/20190923082900_00160.jpg,datasets_cloudmask/dataset_cropped/09_Metas/23/08/20190923082900_00160.png,257,607.6,77.3,22,963
9/23/2019 8:30,datasets/dataset_cropped/09_Metas/23/08/20190923083000_00160.jpg,datasets_flow/dataset_cropped/09_Metas/23/08/20190923083000_00160.jpg,datasets_cloudmask/dataset_cropped/09_Metas/23/08/20190923083000_00160.png,263.1,618.2,78.2,22,963
9/23/2019 8:31,datasets/dataset_cropped/09_Metas/23/08/20190923083100_00160.jpg,datasets_flow/dataset_cropped/09_Metas/23/08/20190923083100_00160.jpg,datasets_cloudmask/dataset_cropped/09_Metas/23/08/20190923083100_00160.png,261.3,603.3,79.1,22.1,963
9/23/2019 8:32,datasets/dataset_cropped/09_Metas/23/08/20190923083200_00160.jpg,datasets_flow/dataset_cropped/09_Metas/23/08/20190923083200_00160.jpg,datasets_cloudmask/dataset_cropped/09_Metas/23/08/20190923083200_00160.png,265.4,606.8,80.1,22,963
9/23/2019 8:33,datasets/dataset_cropped/09_Metas/23/08/20190923083300_00160.jpg,datasets_flow/dataset_cropped/09_Metas/23/08/20190923083300_00160.jpg,datasets_cloudmask/dataset_cropped/09_Metas/23/08/20190923083300_00160.png,274,624.5,81.3,22,963
9/23/2019 8:34,datasets/dataset_cropped/09_Metas/23/08/20190923083400_00160.jpg,datasets_flow/dataset_cropped/09_Metas/23/08/20190923083400_00160.jpg,datasets_cloudmask/dataset_cropped/09_Metas/23/08/20190923083400_00160.png,277.5,626.3,82.3,22.2,963
9/23/2019 8:35,datasets/dataset_cropped/09_Metas/23/08/20190923083500_00160.jpg,datasets_flow/dataset_cropped/09_Metas/23/08/20190923083500_00160.jpg,datasets_cloudmask/dataset_cropped/09_Metas/23/08/20190923083500_00160.png,279.5,623.8,83.3,22.2,963
9/23/2019 8:36,datasets/dataset_cropped/09_Metas/23/08/20190923083600_00160.jpg,datasets_flow/dataset_cropped/09_Metas/23/08/20190923083600_00160.jpg,datasets_cloudmask/dataset_cropped/09_Metas/23/08/20190923083600_00160.png,276.8,606.1,84.3,22.2,963
9/23/2019 8:37,datasets/dataset_cropped/09_Metas/23/08/20190923083700_00160.jpg,datasets_flow/dataset_cropped/09_Metas/23/08/20190923083700_00160.jpg,datasets_cloudmask/dataset_cropped/09_Metas/23/08/20190923083700_00160.png,284.8,622.3,85.2,22.2,963
9/23/2019 8:38,datasets/dataset_cropped/09_Metas/23/08/20190923083800_00160.jpg,datasets_flow/dataset_cropped/09_Metas/23/08/20190923083800_00160.jpg,datasets_cloudmask/dataset_cropped/09_Metas/23/08/20190923083800_00160.png,293.4,638.4,86.5,22.3,963
9/23/2019 8:39,datasets/dataset_cropped/09_Metas/23/08/20190923083900_00160.jpg,datasets_flow/dataset_cropped/09_Metas/23/08/20190923083900_00160.jpg,datasets_cloudmask/dataset_cropped/09_Metas/23/08/20190923083900_00160.png,300,648.9,87.7,22.4,963
9/23/2019 8:40,datasets/dataset_cropped/09_Metas/23/08/20190923084000_00160.jpg,datasets_flow/dataset_cropped/09_Metas/23/08/20190923084000_00160.jpg,datasets_cloudmask/dataset_cropped/09_Metas/23/08/20190923084000_00160.png,302.4,647.4,88.6,22.4,963
9/23/2019 8:41,datasets/dataset_cropped/09_Metas/23/08/20190923084100_00160.jpg,datasets_flow/dataset_cropped/09_Metas/23/08/20190923084100_00160.jpg,datasets_cloudmask/dataset_cropped/09_Metas/23/08/20190923084100_00160.png,307.3,653.2,89.6,22.3,963
9/23/2019 8:42,datasets/dataset_cropped/09_Metas/23/08/20190923084200_00160.jpg,datasets_flow/dataset_cropped/09_Metas/23/08/20190923084200_00160.jpg,datasets_cloudmask/dataset_cropped/09_Metas/23/08/20190923084200_00160.png,316.1,669.8,90.7,22.3,964
9/23/2019 8:43,datasets/dataset_cropped/09_Metas/23/08/20190923084300_00160.jpg,datasets_flow/dataset_cropped/09_Metas/23/08/20190923084300_00160.jpg,datasets_cloudmask/dataset_cropped/09_Metas/23/08/20190923084300_00160.png,320.5,673.4,91.5,22.1,964
9/23/2019 8:44,datasets/dataset_cropped/09_Metas/23/08/20190923084400_00160.jpg,datasets_flow/dataset_cropped/09_Metas/23/08/20190923084400_00160.jpg,datasets_cloudmask/dataset_cropped/09_Metas/23/08/20190923084400_00160.png,303.5,616.3,92,22.1,964
9/23/2019 8:45,datasets/dataset_cropped/09_Metas/23/08/20190923084500_00160.jpg,datasets_flow/dataset_cropped/09_Metas/23/08/20190923084500_00160.jpg,datasets_cloudmask/dataset_cropped/09_Metas/23/08/20190923084500_00160.png,312.7,632.7,93.6,22.2,963
9/23/2019 8:46,datasets/dataset_cropped/09_Metas/23/08/20190923084600_00160.jpg,datasets_flow/dataset_cropped/09_Metas/23/08/20190923084600_00160.jpg,datasets_cloudmask/dataset_cropped/09_Metas/23/08/20190923084600_00160.png,321.6,648.8,95,22.2,963
9/23/2019 8:47,datasets/dataset_cropped/09_Metas/23/08/20190923084700_00160.jpg,datasets_flow/dataset_cropped/09_Metas/23/08/20190923084700_00160.jpg,datasets_cloudmask/dataset_cropped/09_Metas/23/08/20190923084700_00160.png,325.7,651.1,96.1,22.4,963
9/23/2019 8:48,datasets/dataset_cropped/09_Metas/23/08/20190923084800_00160.jpg,datasets_flow/dataset_cropped/09_Metas/23/08/20190923084800_00160.jpg,datasets_cloudmask/dataset_cropped/09_Metas/23/08/20190923084800_00160.png,325.6,641.9,97.1,22.5,963
9/23/2019 8:49,datasets/dataset_cropped/09_Metas/23/08/20190923084900_00160.jpg,datasets_flow/dataset_cropped/09_Metas/23/08/20190923084900_00160.jpg,datasets_cloudmask/dataset_cropped/09_Metas/23/08/20190923084900_00160.png,329.3,642.5,98.5,22.4,964
9/23/2019 8:50,datasets/dataset_cropped/09_Metas/23/08/20190923085000_00160.jpg,datasets_flow/dataset_cropped/09_Metas/23/08/20190923085000_00160.jpg,datasets_cloudmask/dataset_cropped/09_Metas/23/08/20190923085000_00160.png,330.1,635.9,99.8,22.5,963
9/23/2019 8:51,datasets/dataset_cropped/09_Metas/23/08/20190923085100_00160.jpg,datasets_flow/dataset_cropped/09_Metas/23/08/20190923085100_00160.jpg,datasets_cloudmask/dataset_cropped/09_Metas/23/08/20190923085100_00160.png,327.9,622.1,100.7,22.5,964
9/23/2019 8:52,datasets/dataset_cropped/09_Metas/23/08/20190923085200_00160.jpg,datasets_flow/dataset_cropped/09_Metas/23/08/20190923085200_00160.jpg,datasets_cloudmask/dataset_cropped/09_Metas/23/08/20190923085200_00160.png,330.4,620.5,101.6,22.7,964
9/23/2019 8:53,datasets/dataset_cropped/09_Metas/23/08/20190923085300_00160.jpg,datasets_flow/dataset_cropped/09_Metas/23/08/20190923085300_00160.jpg,datasets_cloudmask/dataset_cropped/09_Metas/23/08/20190923085300_00160.png,326.9,603.3,102.7,22.7,964
9/23/2019 8:54,datasets/dataset_cropped/09_Metas/23/08/20190923085400_00160.jpg,datasets_flow/dataset_cropped/09_Metas/23/08/20190923085400_00160.jpg,datasets_cloudmask/dataset_cropped/09_Metas/23/08/20190923085400_00160.png,337,622.1,103.9,22.4,964
9/23/2019 8:55,datasets/dataset_cropped/09_Metas/23/08/20190923085500_00160.jpg,datasets_flow/dataset_cropped/09_Metas/23/08/20190923085500_00160.jpg,datasets_cloudmask/dataset_cropped/09_Metas/23/08/20190923085500_00160.png,341.1,625,105,22.5,964
9/23/2019 8:56,datasets/dataset_cropped/09_Metas/23/08/20190923085600_00160.jpg,datasets_flow/dataset_cropped/09_Metas/23/08/20190923085600_00160.jpg,datasets_cloudmask/dataset_cropped/09_Metas/23/08/20190923085600_00160.png,346.5,630.9,106.2,22.5,964
9/23/2019 8:57,datasets/dataset_cropped/09_Metas/23/08/20190923085700_00160.jpg,datasets_flow/dataset_cropped/09_Metas/23/08/20190923085700_00160.jpg,datasets_cloudmask/dataset_cropped/09_Metas/23/08/20190923085700_00160.png,352.8,639.3,107.5,22.6,964
9/23/2019 8:58,datasets/dataset_cropped/09_Metas/23/08/20190923085800_00160.jpg,datasets_flow/dataset_cropped/09_Metas/23/08/20190923085800_00160.jpg,datasets_cloudmask/dataset_cropped/09_Metas/23/08/20190923085800_00160.png,362.2,656.1,108.6,22.7,964
9/23/2019 8:59,datasets/dataset_cropped/09_Metas/23/08/20190923085900_00160.jpg,datasets_flow/dataset_cropped/09_Metas/23/08/20190923085900_00160.jpg,datasets_cloudmask/dataset_cropped/09_Metas/23/08/20190923085900_00160.png,365.8,657.7,109.4,22.6,964
9/23/2019 9:00,datasets/dataset_cropped/09_Metas/23/09/20190923090000_00160.jpg,datasets_flow/dataset_cropped/09_Metas/23/09/20190923090000_00160.jpg,datasets_cloudmask/dataset_cropped/09_Metas/23/09/20190923090000_00160.png,357.4,630.5,109.7,22.6,964
9/23/2019 9:01,datasets/dataset_cropped/09_Metas/23/09/20190923090100_00160.jpg,datasets_flow/dataset_cropped/09_Metas/23/09/20190923090100_00160.jpg,datasets_cloudmask/dataset_cropped/09_Metas/23/09/20190923090100_00160.png,353.1,612.9,110.3,22.7,964
9/23/2019 9:02,datasets/dataset_cropped/09_Metas/23/09/20190923090200_00160.jpg,datasets_flow/dataset_cropped/09_Metas/23/09/20190923090200_00160.jpg,datasets_cloudmask/dataset_cropped/09_Metas/23/09/20190923090200_00160.png,360.1,622.8,111.4,22.6,964
9/23/2019 9:03,datasets/dataset_cropped/09_Metas/23/09/20190923090300_00160.jpg,datasets_flow/dataset_cropped/09_Metas/23/09/20190923090300_00160.jpg,datasets_cloudmask/dataset_cropped/09_Metas/23/09/20190923090300_00160.png,363.1,623.3,112.3,22.6,964
9/23/2019 9:04,datasets/dataset_cropped/09_Metas/23/09/20190923090400_00160.jpg,datasets_flow/dataset_cropped/09_Metas/23/09/20190923090400_00160.jpg,datasets_cloudmask/dataset_cropped/09_Metas/23/09/20190923090400_00160.png,362.1,613.9,113,22.6,964
9/23/2019 9:05,datasets/dataset_cropped/09_Metas/23/09/20190923090500_00160.jpg,datasets_flow/dataset_cropped/09_Metas/23/09/20190923090500_00160.jpg,datasets_cloudmask/dataset_cropped/09_Metas/23/09/20190923090500_00160.png,356.2,592.6,114,22.6,964
9/23/2019 9:06,datasets/dataset_cropped/09_Metas/23/09/20190923090600_00160.jpg,datasets_flow/dataset_cropped/09_Metas/23/09/20190923090600_00160.jpg,datasets_cloudmask/dataset_cropped/09_Metas/23/09/20190923090600_00160.png,359,592.6,114.9,22.7,964
9/23/2019 9:07,datasets/dataset_cropped/09_Metas/23/09/20190923090700_00160.jpg,datasets_flow/dataset_cropped/09_Metas/23/09/20190923090700_00160.jpg,datasets_cloudmask/dataset_cropped/09_Metas/23/09/20190923090700_00160.png,362.2,593.5,115.9,22.7,964
9/23/2019 9:08,datasets/dataset_cropped/09_Metas/23/09/20190923090800_00160.jpg,datasets_flow/dataset_cropped/09_Metas/23/09/20190923090800_00160.jpg,datasets_cloudmask/dataset_cropped/09_Metas/23/09/20190923090800_00160.png,369.1,602.6,117.1,22.6,964
9/23/2019 9:09,datasets/dataset_cropped/09_Metas/23/09/20190923090900_00160.jpg,datasets_flow/dataset_cropped/09_Metas/23/09/20190923090900_00160.jpg,datasets_cloudmask/dataset_cropped/09_Metas/23/09/20190923090900_00160.png,373.8,606.5,118.2,22.7,964
9/23/2019 9:10,datasets/dataset_cropped/09_Metas/23/09/20190923091000_00160.jpg,datasets_flow/dataset_cropped/09_Metas/23/09/20190923091000_00160.jpg,datasets_cloudmask/dataset_cropped/09_Metas/23/09/20190923091000_00160.png,377.9,608.2,119.6,22.8,964
9/23/2019 9:11,datasets/dataset_cropped/09_Metas/23/09/20190923091100_00160.jpg,datasets_flow/dataset_cropped/09_Metas/23/09/20190923091100_00160.jpg,datasets_cloudmask/dataset_cropped/09_Metas/23/09/20190923091100_00160.png,377.6,600.1,121,22.9,964
9/23/2019 9:12,datasets/dataset_cropped/09_Metas/23/09/20190923091200_00160.jpg,datasets_flow/dataset_cropped/09_Metas/23/09/20190923091200_00160.jpg,datasets_cloudmask/dataset_cropped/09_Metas/23/09/20190923091200_00160.png,375.1,587.4,122.2,23,964
9/23/2019 9:13,datasets/dataset_cropped/09_Metas/23/09/20190923091300_00160.jpg,datasets_flow/dataset_cropped/09_Metas/23/09/20190923091300_00160.jpg,datasets_cloudmask/dataset_cropped/09_Metas/23/09/20190923091300_00160.png,375.4,580.9,123.5,22.9,964
9/23/2019 9:14,datasets/dataset_cropped/09_Metas/23/09/20190923091400_00160.jpg,datasets_flow/dataset_cropped/09_Metas/23/09/20190923091400_00160.jpg,datasets_cloudmask/dataset_cropped/09_Metas/23/09/20190923091400_00160.png,384.6,594.2,125.1,22.8,964
9/23/2019 9:15,datasets/dataset_cropped/09_Metas/23/09/20190923091500_00160.jpg,datasets_flow/dataset_cropped/09_Metas/23/09/20190923091500_00160.jpg,datasets_cloudmask/dataset_cropped/09_Metas/23/09/20190923091500_00160.png,387.3,593.3,126.7,22.8,964
9/23/2019 9:16,datasets/dataset_cropped/09_Metas/23/09/20190923091600_00160.jpg,datasets_flow/dataset_cropped/09_Metas/23/09/20190923091600_00160.jpg,datasets_cloudmask/dataset_cropped/09_Metas/23/09/20190923091600_00160.png,394,601.9,128,22.9,964
9/23/2019 9:17,datasets/dataset_cropped/09_Metas/23/09/20190923091700_00160.jpg,datasets_flow/dataset_cropped/09_Metas/23/09/20190923091700_00160.jpg,datasets_cloudmask/dataset_cropped/09_Metas/23/09/20190923091700_00160.png,395.4,598.7,129,22.7,964
9/23/2019 9:18,datasets/dataset_cropped/09_Metas/23/09/20190923091800_00160.jpg,datasets_flow/dataset_cropped/09_Metas/23/09/20190923091800_00160.jpg,datasets_cloudmask/dataset_cropped/09_Metas/23/09/20190923091800_00160.png,392.2,585,130,22.7,964
9/23/2019 9:19,datasets/dataset_cropped/09_Metas/23/09/20190923091900_00160.jpg,datasets_flow/dataset_cropped/09_Metas/23/09/20190923091900_00160.jpg,datasets_cloudmask/dataset_cropped/09_Metas/23/09/20190923091900_00160.png,377.7,547.3,130.3,22.8,964
9/23/2019 9:20,datasets/dataset_cropped/09_Metas/23/09/20190923092000_00160.jpg,datasets_flow/dataset_cropped/09_Metas/23/09/20190923092000_00160.jpg,datasets_cloudmask/dataset_cropped/09_Metas/23/09/20190923092000_00160.png,382.4,552.1,131.3,22.7,964
9/23/2019 9:21,datasets/dataset_cropped/09_Metas/23/09/20190923092100_00160.jpg,datasets_flow/dataset_cropped/09_Metas/23/09/20190923092100_00160.jpg,datasets_cloudmask/dataset_cropped/09_Metas/23/09/20190923092100_00160.png,379.9,542.6,131.5,22.7,964
9/23/2019 9:22,datasets/dataset_cropped/09_Metas/23/09/20190923092200_00160.jpg,datasets_flow/dataset_cropped/09_Metas/23/09/20190923092200_00160.jpg,datasets_cloudmask/dataset_cropped/09_Metas/23/09/20190923092200_00160.png,378.3,536.4,131.1,22.8,964
9/23/2019 9:23,datasets/dataset_cropped/09_Metas/23/09/20190923092300_00160.jpg,datasets_flow/dataset_cropped/09_Metas/23/09/20190923092300_00160.jpg,datasets_cloudmask/dataset_cropped/09_Metas/23/09/20190923092300_00160.png,388.1,554.7,131,23,964
9/23/2019 9:24,datasets/dataset_cropped/09_Metas/23/09/20190923092400_00160.jpg,datasets_flow/dataset_cropped/09_Metas/23/09/20190923092400_00160.jpg,datasets_cloudmask/dataset_cropped/09_Metas/23/09/20190923092400_00160.png,398.9,575.8,131,23.1,964
9/23/2019 9:25,datasets/dataset_cropped/09_Metas/23/09/20190923092500_00160.jpg,datasets_flow/dataset_cropped/09_Metas/23/09/20190923092500_00160.jpg,datasets_cloudmask/dataset_cropped/09_Metas/23/09/20190923092500_00160.png,410.1,597.1,130.6,22.9,964
9/23/2019 9:26,datasets/dataset_cropped/09_Metas/23/09/20190923092600_00160.jpg,datasets_flow/dataset_cropped/09_Metas/23/09/20190923092600_00160.jpg,datasets_cloudmask/dataset_cropped/09_Metas/23/09/20190923092600_00160.png,413.5,601.9,130,22.9,964
9/23/2019 9:27,datasets/dataset_cropped/09_Metas/23/09/20190923092700_00160.jpg,datasets_flow/dataset_cropped/09_Metas/23/09/20190923092700_00160.jpg,datasets_cloudmask/dataset_cropped/09_Metas/23/09/20190923092700_00160.png,416.6,605.9,129.7,22.9,964
9/23/2019 9:28,datasets/dataset_cropped/09_Metas/23/09/20190923092800_00160.jpg,datasets_flow/dataset_cropped/09_Metas/23/09/20190923092800_00160.jpg,datasets_cloudmask/dataset_cropped/09_Metas/23/09/20190923092800_00160.png,415.9,602.6,129.1,23,964
9/23/2019 9:29,datasets/dataset_cropped/09_Metas/23/09/20190923092900_00160.jpg,datasets_flow/dataset_cropped/09_Metas/23/09/20190923092900_00160.jpg,datasets_cloudmask/dataset_cropped/09_Metas/23/09/20190923092900_00160.png,418.9,606.3,128.7,23,964
9/23/2019 9:30,datasets/dataset_cropped/09_Metas/23/09/20190923093000_00160.jpg,datasets_flow/dataset_cropped/09_Metas/23/09/20190923093000_00160.jpg,datasets_cloudmask/dataset_cropped/09_Metas/23/09/20190923093000_00160.png,430.1,626.2,128.9,23,964
9/23/2019 9:31,datasets/dataset_cropped/09_Metas/23/09/20190923093100_00160.jpg,datasets_flow/dataset_cropped/09_Metas/23/09/20190923093100_00160.jpg,datasets_cloudmask/dataset_cropped/09_Metas/23/09/20190923093100_00160.png,435.2,632.9,128.8,22.9,964
9/23/2019 9:32,datasets/dataset_cropped/09_Metas/23/09/20190923093200_00160.jpg,datasets_flow/dataset_cropped/09_Metas/23/09/20190923093200_00160.jpg,datasets_cloudmask/dataset_cropped/09_Metas/23/09/20190923093200_00160.png,437.8,634.5,128.9,23,964
9/23/2019 9:33,datasets/dataset_cropped/09_Metas/23/09/20190923093300_00160.jpg,datasets_flow/dataset_cropped/09_Metas/23/09/20190923093300_00160.jpg,datasets_cloudmask/dataset_cropped/09_Metas/23/09/20190923093300_00160.png,440.6,636.5,128.8,23.1,964
9/23/2019 9:34,datasets/dataset_cropped/09_Metas/23/09/20190923093400_00160.jpg,datasets_flow/dataset_cropped/09_Metas/23/09/20190923093400_00160.jpg,datasets_cloudmask/dataset_cropped/09_Metas/23/09/20190923093400_00160.png,449,649.1,129.2,23.1,964
9/23/2019 9:35,datasets/dataset_cropped/09_Metas/23/09/20190923093500_00160.jpg,datasets_flow/dataset_cropped/09_Metas/23/09/20190923093500_00160.jpg,datasets_cloudmask/dataset_cropped/09_Metas/23/09/20190923093500_00160.png,455.2,657.9,129.3,22.9,964
9/23/2019 9:36,datasets/dataset_cropped/09_Metas/23/09/20190923093600_00160.jpg,datasets_flow/dataset_cropped/09_Metas/23/09/20190923093600_00160.jpg,datasets_cloudmask/dataset_cropped/09_Metas/23/09/20190923093600_00160.png,458.8,661.3,129.4,22.9,964
9/23/2019 9:37,datasets/dataset_cropped/09_Metas/23/09/20190923093700_00160.jpg,datasets_flow/dataset_cropped/09_Metas/23/09/20190923093700_00160.jpg,datasets_cloudmask/dataset_cropped/09_Metas/23/09/20190923093700_00160.png,458,656.2,129.4,23.1,964
9/23/2019 9:38,datasets/dataset_cropped/09_Metas/23/09/20190923093800_00160.jpg,datasets_flow/dataset_cropped/09_Metas/23/09/20190923093800_00160.jpg,datasets_cloudmask/dataset_cropped/09_Metas/23/09/20190923093800_00160.png,460.5,657.7,129.5,23.1,964
9/23/2019 9:39,datasets/dataset_cropped/09_Metas/23/09/20190923093900_00160.jpg,datasets_flow/dataset_cropped/09_Metas/23/09/20190923093900_00160.jpg,datasets_cloudmask/dataset_cropped/09_Metas/23/09/20190923093900_00160.png,461.8,656.2,129.8,23.2,964
9/23/2019 9:40,datasets/dataset_cropped/09_Metas/23/09/20190923094000_00160.jpg,datasets_flow/dataset_cropped/09_Metas/23/09/20190923094000_00160.jpg,datasets_cloudmask/dataset_cropped/09_Metas/23/09/20190923094000_00160.png,462.9,653.8,130.5,23.3,964
9/23/2019 9:41,datasets/dataset_cropped/09_Metas/23/09/20190923094100_00160.jpg,datasets_flow/dataset_cropped/09_Metas/23/09/20190923094100_00160.jpg,datasets_cloudmask/dataset_cropped/09_Metas/23/09/20190923094100_00160.png,458.6,641.5,130.6,23.4,964
9/23/2019 9:42,datasets/dataset_cropped/09_Metas/23/09/20190923094200_00160.jpg,datasets_flow/dataset_cropped/09_Metas/23/09/20190923094200_00160.jpg,datasets_cloudmask/dataset_cropped/09_Metas/23/09/20190923094200_00160.png,457.9,635.1,131,23.1,964
9/23/2019 9:43,datasets/dataset_cropped/09_Metas/23/09/20190923094300_00160.jpg,datasets_flow/dataset_cropped/09_Metas/23/09/20190923094300_00160.jpg,datasets_cloudmask/dataset_cropped/09_Metas/23/09/20190923094300_00160.png,468.2,649.6,132.1,23.1,964
9/23/2019 9:44,datasets/dataset_cropped/09_Metas/23/09/20190923094400_00160.jpg,datasets_flow/dataset_cropped/09_Metas/23/09/20190923094400_00160.jpg,datasets_cloudmask/dataset_cropped/09_Metas/23/09/20190923094400_00160.png,475.8,659.4,132.9,23.3,964
9/23/2019 9:45,datasets/dataset_cropped/09_Metas/23/09/20190923094500_00160.jpg,datasets_flow/dataset_cropped/09_Metas/23/09/20190923094500_00160.jpg,datasets_cloudmask/dataset_cropped/09_Metas/23/09/20190923094500_00160.png,477.9,658.3,133.7,23.4,964
9/23/2019 9:46,datasets/dataset_cropped/09_Metas/23/09/20190923094600_00160.jpg,datasets_flow/dataset_cropped/09_Metas/23/09/20190923094600_00160.jpg,datasets_cloudmask/dataset_cropped/09_Metas/23/09/20190923094600_00160.png,483.7,663.8,134.8,23.4,964
9/23/2019 9:47,datasets/dataset_cropped/09_Metas/23/09/20190923094700_00160.jpg,datasets_flow/dataset_cropped/09_Metas/23/09/20190923094700_00160.jpg,datasets_cloudmask/dataset_cropped/09_Metas/23/09/20190923094700_00160.png,497.6,684.1,136.5,23.2,964
9/23/2019 9:48,datasets/dataset_cropped/09_Metas/23/09/20190923094800_00160.jpg,datasets_flow/dataset_cropped/09_Metas/23/09/20190923094800_00160.jpg,datasets_cloudmask/dataset_cropped/09_Metas/23/09/20190923094800_00160.png,485.6,655.5,137.9,23.1,964
9/23/2019 9:49,datasets/dataset_cropped/09_Metas/23/09/20190923094900_00160.jpg,datasets_flow/dataset_cropped/09_Metas/23/09/20190923094900_00160.jpg,datasets_cloudmask/dataset_cropped/09_Metas/23/09/20190923094900_00160.png,485.7,649.4,139.6,23.2,964
9/23/2019 9:50,datasets/dataset_cropped/09_Metas/23/09/20190923095000_00160.jpg,datasets_flow/dataset_cropped/09_Metas/23/09/20190923095000_00160.jpg,datasets_cloudmask/dataset_cropped/09_Metas/23/09/20190923095000_00160.png,498.5,666.1,141.9,23.2,964
9/23/2019 9:51,datasets/dataset_cropped/09_Metas/23/09/20190923095100_00160.jpg,datasets_flow/dataset_cropped/09_Metas/23/09/20190923095100_00160.jpg,datasets_cloudmask/dataset_cropped/09_Metas/23/09/20190923095100_00160.png,512.8,685.2,144.1,23.1,964
9/23/2019 9:52,datasets/dataset_cropped/09_Metas/23/09/20190923095200_00160.jpg,datasets_flow/dataset_cropped/09_Metas/23/09/20190923095200_00160.jpg,datasets_cloudmask/dataset_cropped/09_Metas/23/09/20190923095200_00160.png,511,674.5,146.2,23.3,964
9/23/2019 9:53,datasets/dataset_cropped/09_Metas/23/09/20190923095300_00160.jpg,datasets_flow/dataset_cropped/09_Metas/23/09/20190923095300_00160.jpg,datasets_cloudmask/dataset_cropped/09_Metas/23/09/20190923095300_00160.png,500.9,648.2,148.6,23.3,964
9/23/2019 9:54,datasets/dataset_cropped/09_Metas/23/09/20190923095400_00160.jpg,datasets_flow/dataset_cropped/09_Metas/23/09/20190923095400_00160.jpg,datasets_cloudmask/dataset_cropped/09_Metas/23/09/20190923095400_00160.png,496.8,633.6,150.7,23.4,964
9/23/2019 9:55,datasets/dataset_cropped/09_Metas/23/09/20190923095500_00160.jpg,datasets_flow/dataset_cropped/09_Metas/23/09/20190923095500_00160.jpg,datasets_cloudmask/dataset_cropped/09_Metas/23/09/20190923095500_00160.png,504.5,640.3,152.9,23.5,964
9/23/2019 9:56,datasets/dataset_cropped/09_Metas/23/09/20190923095600_00160.jpg,datasets_flow/dataset_cropped/09_Metas/23/09/20190923095600_00160.jpg,datasets_cloudmask/dataset_cropped/09_Metas/23/09/20190923095600_00160.png,495.5,617.9,154.3,23.4,964
9/23/2019 9:57,datasets/dataset_cropped/09_Metas/23/09/20190923095700_00160.jpg,datasets_flow/dataset_cropped/09_Metas/23/09/20190923095700_00160.jpg,datasets_cloudmask/dataset_cropped/09_Metas/23/09/20190923095700_00160.png,487.4,597.6,155.7,23.6,964
9/23/2019 9:58,datasets/dataset_cropped/09_Metas/23/09/20190923095800_00160.jpg,datasets_flow/dataset_cropped/09_Metas/23/09/20190923095800_00160.jpg,datasets_cloudmask/dataset_cropped/09_Metas/23/09/20190923095800_00160.png,481.9,583.2,156.9,23.5,964
9/23/2019 9:59,datasets/dataset_cropped/09_Metas/23/09/20190923095900_00160.jpg,datasets_flow/dataset_cropped/09_Metas/23/09/20190923095900_00160.jpg,datasets_cloudmask/dataset_cropped/09_Metas/23/09/20190923095900_00160.png,482.1,580.2,157.5,23.5,964
9/23/2019 10:00,datasets/dataset_cropped/09_Metas/23/10/20190923100000_00160.jpg,datasets_flow/dataset_cropped/09_Metas/23/10/20190923100000_00160.jpg,datasets_cloudmask/dataset_cropped/09_Metas/23/10/20190923100000_00160.png,499.8,609.2,158,23.5,964
9/23/2019 10:01,datasets/dataset_cropped/09_Metas/23/10/20190923100100_00160.jpg,datasets_flow/dataset_cropped/09_Metas/23/10/20190923100100_00160.jpg,datasets_cloudmask/dataset_cropped/09_Metas/23/10/20190923100100_00160.png,509.8,626.1,156.9,23.4,964
9/23/2019 10:02,datasets/dataset_cropped/09_Metas/23/10/20190923100200_00160.jpg,datasets_flow/dataset_cropped/09_Metas/23/10/20190923100200_00160.jpg,datasets_cloudmask/dataset_cropped/09_Metas/23/10/20190923100200_00160.png,515.9,635.3,155.7,23.4,964
9/23/2019 10:03,datasets/dataset_cropped/09_Metas/23/10/20190923100300_00160.jpg,datasets_flow/dataset_cropped/09_Metas/23/10/20190923100300_00160.jpg,datasets_cloudmask/dataset_cropped/09_Metas/23/10/20190923100300_00160.png,514.2,631.5,154.5,23.5,964
9/23/2019 10:04,datasets/dataset_cropped/09_Metas/23/10/20190923100400_00160.jpg,datasets_flow/dataset_cropped/09_Metas/23/10/20190923100400_00160.jpg,datasets_cloudmask/dataset_cropped/09_Metas/23/10/20190923100400_00160.png,506.9,618.5,153.1,23.6,964
9/23/2019 10:05,datasets/dataset_cropped/09_Metas/23/10/20190923100500_00160.jpg,datasets_flow/dataset_cropped/09_Metas/23/10/20190923100500_00160.jpg,datasets_cloudmask/dataset_cropped/09_Metas/23/10/20190923100500_00160.png,520.2,640.2,152.3,23.6,964
9/23/2019 10:06,datasets/dataset_cropped/09_Metas/23/10/20190923100600_00160.jpg,datasets_flow/dataset_cropped/09_Metas/23/10/20190923100600_00160.jpg,datasets_cloudmask/dataset_cropped/09_Metas/23/10/20190923100600_00160.png,513.3,628,150.8,23.5,964
9/23/2019 10:07,datasets/dataset_cropped/09_Metas/23/10/20190923100700_00160.jpg,datasets_flow/dataset_cropped/09_Metas/23/10/20190923100700_00160.jpg,datasets_cloudmask/dataset_cropped/09_Metas/23/10/20190923100700_00160.png,515.3,630.8,150,23.4,964
9/23/2019 10:08,datasets/dataset_cropped/09_Metas/23/10/20190923100800_00160.jpg,datasets_flow/dataset_cropped/09_Metas/23/10/20190923100800_00160.jpg,datasets_cloudmask/dataset_cropped/09_Metas/23/10/20190923100800_00160.png,542.2,676.7,149.2,23.6,964
9/23/2019 10:09,datasets/dataset_cropped/09_Metas/23/10/20190923100900_00160.jpg,datasets_flow/dataset_cropped/09_Metas/23/10/20190923100900_00160.jpg,datasets_cloudmask/dataset_cropped/09_Metas/23/10/20190923100900_00160.png,546.1,683.4,147.4,23.8,964
9/23/2019 10:10,datasets/dataset_cropped/09_Metas/23/10/20190923101000_00160.jpg,datasets_flow/dataset_cropped/09_Metas/23/10/20190923101000_00160.jpg,datasets_cloudmask/dataset_cropped/09_Metas/23/10/20190923101000_00160.png,555.1,698.3,146.3,23.9,964
9/23/2019 10:11,datasets/dataset_cropped/09_Metas/23/10/20190923101100_00160.jpg,datasets_flow/dataset_cropped/09_Metas/23/10/20190923101100_00160.jpg,datasets_cloudmask/dataset_cropped/09_Metas/23/10/20190923101100_00160.png,547.9,685.5,144.7,23.9,964
9/23/2019 10:12,datasets/dataset_cropped/09_Metas/23/10/20190923101200_00160.jpg,datasets_flow/dataset_cropped/09_Metas/23/10/20190923101200_00160.jpg,datasets_cloudmask/dataset_cropped/09_Metas/23/10/20190923101200_00160.png,556.9,699.7,144.2,23.9,964
9/23/2019 10:13,datasets/dataset_cropped/09_Metas/23/10/20190923101300_00160.jpg,datasets_flow/dataset_cropped/09_Metas/23/10/20190923101300_00160.jpg,datasets_cloudmask/dataset_cropped/09_Metas/23/10/20190923101300_00160.png,568.2,717.1,143.4,23.8,964
9/23/2019 10:14,datasets/dataset_cropped/09_Metas/23/10/20190923101400_00160.jpg,datasets_flow/dataset_cropped/09_Metas/23/10/20190923101400_00160.jpg,datasets_cloudmask/dataset_cropped/09_Metas/23/10/20190923101400_00160.png,569.2,716.7,142.9,23.9,964
9/23/2019 10:15,datasets/dataset_cropped/09_Metas/23/10/20190923101500_00160.jpg,datasets_flow/dataset_cropped/09_Metas/23/10/20190923101500_00160.jpg,datasets_cloudmask/dataset_cropped/09_Metas/23/10/20190923101500_00160.png,574.4,723.1,142.6,24.1,964
9/23/2019 10:16,datasets/dataset_cropped/09_Metas/23/10/20190923101600_00160.jpg,datasets_flow/dataset_cropped/09_Metas/23/10/20190923101600_00160.jpg,datasets_cloudmask/dataset_cropped/09_Metas/23/10/20190923101600_00160.png,573.1,718.7,142.5,24,964
9/23/2019 10:17,datasets/dataset_cropped/09_Metas/23/10/20190923101700_00160.jpg,datasets_flow/dataset_cropped/09_Metas/23/10/20190923101700_00160.jpg,datasets_cloudmask/dataset_cropped/09_Metas/23/10/20190923101700_00160.png,580.3,728,142.7,23.8,964
9/23/2019 10:18,datasets/dataset_cropped/09_Metas/23/10/20190923101800_00160.jpg,datasets_flow/dataset_cropped/09_Metas/23/10/20190923101800_00160.jpg,datasets_cloudmask/dataset_cropped/09_Metas/23/10/20190923101800_00160.png,570.7,710.7,142.1,23.8,964
9/23/2019 10:19,datasets/dataset_cropped/09_Metas/23/10/20190923101900_00160.jpg,datasets_flow/dataset_cropped/09_Metas/23/10/20190923101900_00160.jpg,datasets_cloudmask/dataset_cropped/09_Metas/23/10/20190923101900_00160.png,577.2,718.1,142.3,24,964
9/23/2019 10:20,datasets/dataset_cropped/09_Metas/23/10/20190923102000_00160.jpg,datasets_flow/dataset_cropped/09_Metas/23/10/20190923102000_00160.jpg,datasets_cloudmask/dataset_cropped/09_Metas/23/10/20190923102000_00160.png,586.2,728.8,143,24.2,964
9/23/2019 10:21,datasets/dataset_cropped/09_Metas/23/10/20190923102100_00160.jpg,datasets_flow/dataset_cropped/09_Metas/23/10/20190923102100_00160.jpg,datasets_cloudmask/dataset_cropped/09_Metas/23/10/20190923102100_00160.png,591,732.8,143.7,24.1,964
9/23/2019 10:22,datasets/dataset_cropped/09_Metas/23/10/20190923102200_00160.jpg,datasets_flow/dataset_cropped/09_Metas/23/10/20190923102200_00160.jpg,datasets_cloudmask/dataset_cropped/09_Metas/23/10/20190923102200_00160.png,595.6,736.8,144.2,24,964
9/23/2019 10:23,datasets/dataset_cropped/09_Metas/23/10/20190923102300_00160.jpg,datasets_flow/dataset_cropped/09_Metas/23/10/20190923102300_00160.jpg,datasets_cloudmask/dataset_cropped/09_Metas/23/10/20190923102300_00160.png,591.7,727.7,144.2,24.1,964
9/23/2019 10:24,datasets/dataset_cropped/09_Metas/23/10/20190923102400_00160.jpg,datasets_flow/dataset_cropped/09_Metas/23/10/20190923102400_00160.jpg,datasets_cloudmask/dataset_cropped/09_Metas/23/10/20190923102400_00160.png,591.6,724.7,144.3,24.2,964
9/23/2019 10:25,datasets/dataset_cropped/09_Metas/23/10/20190923102500_00160.jpg,datasets_flow/dataset_cropped/09_Metas/23/10/20190923102500_00160.jpg,datasets_cloudmask/dataset_cropped/09_Metas/23/10/20190923102500_00160.png,582.1,706.6,144.3,24.4,964
9/23/2019 10:26,datasets/dataset_cropped/09_Metas/23/10/20190923102600_00149.jpg,datasets_flow/dataset_cropped/09_Metas/23/10/20190923102600_00149.jpg,datasets_cloudmask/dataset_cropped/09_Metas/23/10/20190923102600_00149.png,583,704.7,145.3,24.4,964
9/23/2019 10:27,datasets/dataset_cropped/09_Metas/23/10/20190923102700_00160.jpg,datasets_flow/dataset_cropped/09_Metas/23/10/20190923102700_00160.jpg,datasets_cloudmask/dataset_cropped/09_Metas/23/10/20190923102700_00160.png,588.2,707.2,147.3,24.6,964
9/23/2019 10:28,datasets/dataset_cropped/09_Metas/23/10/20190923102800_00160.jpg,datasets_flow/dataset_cropped/09_Metas/23/10/20190923102800_00160.jpg,datasets_cloudmask/dataset_cropped/09_Metas/23/10/20190923102800_00160.png,596.8,714.3,149.8,24.7,964
9/23/2019 10:29,datasets/dataset_cropped/09_Metas/23/10/20190923102900_00160.jpg,datasets_flow/dataset_cropped/09_Metas/23/10/20190923102900_00160.jpg,datasets_cloudmask/dataset_cropped/09_Metas/23/10/20190923102900_00160.png,607.5,726.3,151.4,24.3,964
9/23/2019 10:30,datasets/dataset_cropped/09_Metas/23/10/20190923103000_00160.jpg,datasets_flow/dataset_cropped/09_Metas/23/10/20190923103000_00160.jpg,datasets_cloudmask/dataset_cropped/09_Metas/23/10/20190923103000_00160.png,620.1,744.7,151.1,24.2,964
9/23/2019 10:31,datasets/dataset_cropped/09_Metas/23/10/20190923103100_00160.jpg,datasets_flow/dataset_cropped/09_Metas/23/10/20190923103100_00160.jpg,datasets_cloudmask/dataset_cropped/09_Metas/23/10/20190923103100_00160.png,629.8,760.6,149.2,24.1,964
9/23/2019 10:32,datasets/dataset_cropped/09_Metas/23/10/20190923103200_00160.jpg,datasets_flow/dataset_cropped/09_Metas/23/10/20190923103200_00160.jpg,datasets_cloudmask/dataset_cropped/09_Metas/23/10/20190923103200_00160.png,631.1,764.9,145.8,24.2,964
9/23/2019 10:33,datasets/dataset_cropped/09_Metas/23/10/20190923103300_00160.jpg,datasets_flow/dataset_cropped/09_Metas/23/10/20190923103300_00160.jpg,datasets_cloudmask/dataset_cropped/09_Metas/23/10/20190923103300_00160.png,626.6,759.6,143,24.3,964
9/23/2019 10:34,datasets/dataset_cropped/09_Metas/23/10/20190923103400_00160.jpg,datasets_flow/dataset_cropped/09_Metas/23/10/20190923103400_00160.jpg,datasets_cloudmask/dataset_cropped/09_Metas/23/10/20190923103400_00160.png,625.2,759.3,140.6,24.3,964
9/23/2019 10:35,datasets/dataset_cropped/09_Metas/23/10/20190923103500_00160.jpg,datasets_flow/dataset_cropped/09_Metas/23/10/20190923103500_00160.jpg,datasets_cloudmask/dataset_cropped/09_Metas/23/10/20190923103500_00160.png,631.3,769.5,138.5,24.1,964
9/23/2019 10:36,datasets/dataset_cropped/09_Metas/23/10/20190923103600_00160.jpg,datasets_flow/dataset_cropped/09_Metas/23/10/20190923103600_00160.jpg,datasets_cloudmask/dataset_cropped/09_Metas/23/10/20190923103600_00160.png,619.8,753.3,136.3,24.3,964
9/23/2019 10:37,datasets/dataset_cropped/09_Metas/23/10/20190923103700_00160.jpg,datasets_flow/dataset_cropped/09_Metas/23/10/20190923103700_00160.jpg,datasets_cloudmask/dataset_cropped/09_Metas/23/10/20190923103700_00160.png,619.8,753.3,134.8,24.2,964
9/23/2019 10:38,datasets/dataset_cropped/09_Metas/23/10/20190923103800_00160.jpg,datasets_flow/dataset_cropped/09_Metas/23/10/20190923103800_00160.jpg,datasets_cloudmask/dataset_cropped/09_Metas/23/10/20190923103800_00160.png,622.3,755.3,134.4,24,964
9/23/2019 10:39,datasets/dataset_cropped/09_Metas/23/10/20190923103900_00160.jpg,datasets_flow/dataset_cropped/09_Metas/23/10/20190923103900_00160.jpg,datasets_cloudmask/dataset_cropped/09_Metas/23/10/20190923103900_00160.png,632.5,768.3,134.5,24,964
9/23/2019 10:40,datasets/dataset_cropped/09_Metas/23/10/20190923104000_00160.jpg,datasets_flow/dataset_cropped/09_Metas/23/10/20190923104000_00160.jpg,datasets_cloudmask/dataset_cropped/09_Metas/23/10/20190923104000_00160.png,651.6,794.5,134.9,24.2,964
9/23/2019 10:41,datasets/dataset_cropped/09_Metas/23/10/20190923104100_00160.jpg,datasets_flow/dataset_cropped/09_Metas/23/10/20190923104100_00160.jpg,datasets_cloudmask/dataset_cropped/09_Metas/23/10/20190923104100_00160.png,655.8,798.2,135.6,24.3,964
9/23/2019 10:42,datasets/dataset_cropped/09_Metas/23/10/20190923104200_00160.jpg,datasets_flow/dataset_cropped/09_Metas/23/10/20190923104200_00160.jpg,datasets_cloudmask/dataset_cropped/09_Metas/23/10/20190923104200_00160.png,656.1,796.5,135.5,24.3,964
9/23/2019 10:43,datasets/dataset_cropped/09_Metas/23/10/20190923104300_00160.jpg,datasets_flow/dataset_cropped/09_Metas/23/10/20190923104300_00160.jpg,datasets_cloudmask/dataset_cropped/09_Metas/23/10/20190923104300_00160.png,659.1,799,135.2,24.5,964
9/23/2019 10:44,datasets/dataset_cropped/09_Metas/23/10/20190923104400_00160.jpg,datasets_flow/dataset_cropped/09_Metas/23/10/20190923104400_00160.jpg,datasets_cloudmask/dataset_cropped/09_Metas/23/10/20190923104400_00160.png,664.7,804,135.6,24.6,964
9/23/2019 10:45,datasets/dataset_cropped/09_Metas/23/10/20190923104500_00160.jpg,datasets_flow/dataset_cropped/09_Metas/23/10/20190923104500_00160.jpg,datasets_cloudmask/dataset_cropped/09_Metas/23/10/20190923104500_00160.png,671.4,811,136.1,24.6,964
9/23/2019 10:46,datasets/dataset_cropped/09_Metas/23/10/20190923104600_00160.jpg,datasets_flow/dataset_cropped/09_Metas/23/10/20190923104600_00160.jpg,datasets_cloudmask/dataset_cropped/09_Metas/23/10/20190923104600_00160.png,670.3,806,136.6,24.6,964
9/23/2019 10:47,datasets/dataset_cropped/09_Metas/23/10/20190923104700_00160.jpg,datasets_flow/dataset_cropped/09_Metas/23/10/20190923104700_00160.jpg,datasets_cloudmask/dataset_cropped/09_Metas/23/10/20190923104700_00160.png,675.4,811,137.6,24.6,964
9/23/2019 10:48,datasets/dataset_cropped/09_Metas/23/10/20190923104800_00160.jpg,datasets_flow/dataset_cropped/09_Metas/23/10/20190923104800_00160.jpg,datasets_cloudmask/dataset_cropped/09_Metas/23/10/20190923104800_00160.png,676.6,809,138.2,24.5,964
9/23/2019 10:49,datasets/dataset_cropped/09_Metas/23/10/20190923104900_00160.jpg,datasets_flow/dataset_cropped/09_Metas/23/10/20190923104900_00160.jpg,datasets_cloudmask/dataset_cropped/09_Metas/23/10/20190923104900_00160.png,682.6,814,139.1,24.4,964
9/23/2019 10:50,datasets/dataset_cropped/09_Metas/23/10/20190923105000_00160.jpg,datasets_flow/dataset_cropped/09_Metas/23/10/20190923105000_00160.jpg,datasets_cloudmask/dataset_cropped/09_Metas/23/10/20190923105000_00160.png,685.8,812,141.4,24.4,964
9/23/2019 10:51,datasets/dataset_cropped/09_Metas/23/10/20190923105100_00160.jpg,datasets_flow/dataset_cropped/09_Metas/23/10/20190923105100_00160.jpg,datasets_cloudmask/dataset_cropped/09_Metas/23/10/20190923105100_00160.png,659.2,766.5,143.1,24.6,964
9/23/2019 10:52,datasets/dataset_cropped/09_Metas/23/10/20190923105200_00160.jpg,datasets_flow/dataset_cropped/09_Metas/23/10/20190923105200_00160.jpg,datasets_cloudmask/dataset_cropped/09_Metas/23/10/20190923105200_00160.png,622.4,707.8,144.2,24.8,964
9/23/2019 10:53,datasets/dataset_cropped/09_Metas/23/10/20190923105300_00160.jpg,datasets_flow/dataset_cropped/09_Metas/23/10/20190923105300_00160.jpg,datasets_cloudmask/dataset_cropped/09_Metas/23/10/20190923105300_00160.png,635,724.3,144.4,24.7,964
9/23/2019 10:54,datasets/dataset_cropped/09_Metas/23/10/20190923105400_00160.jpg,datasets_flow/dataset_cropped/09_Metas/23/10/20190923105400_00160.jpg,datasets_cloudmask/dataset_cropped/09_Metas/23/10/20190923105400_00160.png,635.6,725.9,142.9,24.8,964
9/23/2019 10:55,datasets/dataset_cropped/09_Metas/23/10/20190923105500_00160.jpg,datasets_flow/dataset_cropped/09_Metas/23/10/20190923105500_00160.jpg,datasets_cloudmask/dataset_cropped/09_Metas/23/10/20190923105500_00160.png,639.1,731.6,141.1,24.8,964
9/23/2019 10:56,datasets/dataset_cropped/09_Metas/23/10/20190923105600_00160.jpg,datasets_flow/dataset_cropped/09_Metas/23/10/20190923105600_00160.jpg,datasets_cloudmask/dataset_cropped/09_Metas/23/10/20190923105600_00160.png,645.3,741.8,139.2,24.9,964
9/23/2019 10:57,datasets/dataset_cropped/09_Metas/23/10/20190923105700_00160.jpg,datasets_flow/dataset_cropped/09_Metas/23/10/20190923105700_00160.jpg,datasets_cloudmask/dataset_cropped/09_Metas/23/10/20190923105700_00160.png,676.7,788.3,137.2,24.9,964
9/23/2019 10:58,datasets/dataset_cropped/09_Metas/23/10/20190923105800_00160.jpg,datasets_flow/dataset_cropped/09_Metas/23/10/20190923105800_00160.jpg,datasets_cloudmask/dataset_cropped/09_Metas/23/10/20190923105800_00160.png,672.9,784.4,134.9,24.9,964
9/23/2019 10:59,datasets/dataset_cropped/09_Metas/23/10/20190923105900_00160.jpg,datasets_flow/dataset_cropped/09_Metas/23/10/20190923105900_00160.jpg,datasets_cloudmask/dataset_cropped/09_Metas/23/10/20190923105900_00160.png,694.5,817,133.1,24.8,964
9/23/2019 11:00,datasets/dataset_cropped/09_Metas/23/11/20190923110000_00160.jpg,datasets_flow/dataset_cropped/09_Metas/23/11/20190923110000_00160.jpg,datasets_cloudmask/dataset_cropped/09_Metas/23/11/20190923110000_00160.png,698.4,824,130.9,24.9,964
9/23/2019 11:01,datasets/dataset_cropped/09_Metas/23/11/20190923110100_00160.jpg,datasets_flow/dataset_cropped/09_Metas/23/11/20190923110100_00160.jpg,datasets_cloudmask/dataset_cropped/09_Metas/23/11/20190923110100_00160.png,699.4,828,128.2,24.9,964
9/23/2019 11:02,datasets/dataset_cropped/09_Metas/23/11/20190923110200_00160.jpg,datasets_flow/dataset_cropped/09_Metas/23/11/20190923110200_00160.jpg,datasets_cloudmask/dataset_cropped/09_Metas/23/11/20190923110200_00160.png,717.2,855,126.4,25.1,964
9/23/2019 11:03,datasets/dataset_cropped/09_Metas/23/11/20190923110300_00160.jpg,datasets_flow/dataset_cropped/09_Metas/23/11/20190923110300_00160.jpg,datasets_cloudmask/dataset_cropped/09_Metas/23/11/20190923110300_00160.png,721.9,861,125.7,25.2,964
9/23/2019 11:04,datasets/dataset_cropped/09_Metas/23/11/20190923110400_00160.jpg,datasets_flow/dataset_cropped/09_Metas/23/11/20190923110400_00160.jpg,datasets_cloudmask/dataset_cropped/09_Metas/23/11/20190923110400_00160.png,720.8,859,125.1,25.1,964
9/23/2019 11:05,datasets/dataset_cropped/09_Metas/23/11/20190923110500_00160.jpg,datasets_flow/dataset_cropped/09_Metas/23/11/20190923110500_00160.jpg,datasets_cloudmask/dataset_cropped/09_Metas/23/11/20190923110500_00160.png,723.4,859,125.8,25.1,964
9/23/2019 11:06,datasets/dataset_cropped/09_Metas/23/11/20190923110600_00160.jpg,datasets_flow/dataset_cropped/09_Metas/23/11/20190923110600_00160.jpg,datasets_cloudmask/dataset_cropped/09_Metas/23/11/20190923110600_00160.png,729.3,858,131.2,25.1,964
9/23/2019 11:07,datasets/dataset_cropped/09_Metas/23/11/20190923110700_00160.jpg,datasets_flow/dataset_cropped/09_Metas/23/11/20190923110700_00160.jpg,datasets_cloudmask/dataset_cropped/09_Metas/23/11/20190923110700_00160.png,362.6,317.1,135.5,25.1,964
9/23/2019 11:08,datasets/dataset_cropped/09_Metas/23/11/20190923110800_00160.jpg,datasets_flow/dataset_cropped/09_Metas/23/11/20190923110800_00160.jpg,datasets_cloudmask/dataset_cropped/09_Metas/23/11/20190923110800_00160.png,362.1,326.8,140.5,25,964
9/23/2019 11:09,datasets/dataset_cropped/09_Metas/23/11/20190923110900_00160.jpg,datasets_flow/dataset_cropped/09_Metas/23/11/20190923110900_00160.jpg,datasets_cloudmask/dataset_cropped/09_Metas/23/11/20190923110900_00160.png,643.3,712.7,145.8,25.1,964
9/23/2019 11:10,datasets/dataset_cropped/09_Metas/23/11/20190923111000_00160.jpg,datasets_flow/dataset_cropped/09_Metas/23/11/20190923111000_00160.jpg,datasets_cloudmask/dataset_cropped/09_Metas/23/11/20190923111000_00160.png,751.9,859,147.2,25.1,964
9/23/2019 11:11,datasets/dataset_cropped/09_Metas/23/11/20190923111100_00160.jpg,datasets_flow/dataset_cropped/09_Metas/23/11/20190923111100_00160.jpg,datasets_cloudmask/dataset_cropped/09_Metas/23/11/20190923111100_00160.png,760.2,860,152.9,25.5,964
9/23/2019 11:12,datasets/dataset_cropped/09_Metas/23/11/20190923111200_00160.jpg,datasets_flow/dataset_cropped/09_Metas/23/11/20190923111200_00160.jpg,datasets_cloudmask/dataset_cropped/09_Metas/23/11/20190923111200_00160.png,778.4,873,160.8,25.7,964
9/23/2019 11:13,datasets/dataset_cropped/09_Metas/23/11/20190923111300_00160.jpg,datasets_flow/dataset_cropped/09_Metas/23/11/20190923111300_00160.jpg,datasets_cloudmask/dataset_cropped/09_Metas/23/11/20190923111300_00160.png,788.7,878,166.7,25.6,964
9/23/2019 11:14,datasets/dataset_cropped/09_Metas/23/11/20190923111400_00160.jpg,datasets_flow/dataset_cropped/09_Metas/23/11/20190923111400_00160.jpg,datasets_cloudmask/dataset_cropped/09_Metas/23/11/20190923111400_00160.png,797,882,171.4,25.2,964
9/23/2019 11:15,datasets/dataset_cropped/09_Metas/23/11/20190923111500_00160.jpg,datasets_flow/dataset_cropped/09_Metas/23/11/20190923111500_00160.jpg,datasets_cloudmask/dataset_cropped/09_Metas/23/11/20190923111500_00160.png,807,885,177.8,25.2,964
9/23/2019 11:16,datasets/dataset_cropped/09_Metas/23/11/20190923111600_00160.jpg,datasets_flow/dataset_cropped/09_Metas/23/11/20190923111600_00160.jpg,datasets_cloudmask/dataset_cropped/09_Metas/23/11/20190923111600_00160.png,818,886,187,25.4,964
9/23/2019 11:17,datasets/dataset_cropped/09_Metas/23/11/20190923111700_00160.jpg,datasets_flow/dataset_cropped/09_Metas/23/11/20190923111700_00160.jpg,datasets_cloudmask/dataset_cropped/09_Metas/23/11/20190923111700_00160.png,825,883,194.6,25.4,964
9/23/2019 11:18,datasets/dataset_cropped/09_Metas/23/11/20190923111800_00160.jpg,datasets_flow/dataset_cropped/09_Metas/23/11/20190923111800_00160.jpg,datasets_cloudmask/dataset_cropped/09_Metas/23/11/20190923111800_00160.png,833,883,200.9,25.5,964
9/23/2019 11:19,datasets/dataset_cropped/09_Metas/23/11/20190923111900_00160.jpg,datasets_flow/dataset_cropped/09_Metas/23/11/20190923111900_00160.jpg,datasets_cloudmask/dataset_cropped/09_Metas/23/11/20190923111900_00160.png,839,884,204.4,25.5,964
9/23/2019 11:20,datasets/dataset_cropped/09_Metas/23/11/20190923112000_00160.jpg,datasets_flow/dataset_cropped/09_Metas/23/11/20190923112000_00160.jpg,datasets_cloudmask/dataset_cropped/09_Metas/23/11/20190923112000_00160.png,845,883,208.3,25.5,964
9/23/2019 11:21,datasets/dataset_cropped/09_Metas/23/11/20190923112100_00160.jpg,datasets_flow/dataset_cropped/09_Metas/23/11/20190923112100_00160.jpg,datasets_cloudmask/dataset_cropped/09_Metas/23/11/20190923112100_00160.png,850,882,213.5,25.6,964
9/23/2019 11:22,datasets/dataset_cropped/09_Metas/23/11/20190923112200_00160.jpg,datasets_flow/dataset_cropped/09_Metas/23/11/20190923112200_00160.jpg,datasets_cloudmask/dataset_cropped/09_Metas/23/11/20190923112200_00160.png,851,873,219.2,25.7,964
9/23/2019 11:23,datasets/dataset_cropped/09_Metas/23/11/20190923112300_00160.jpg,datasets_flow/dataset_cropped/09_Metas/23/11/20190923112300_00160.jpg,datasets_cloudmask/dataset_cropped/09_Metas/23/11/20190923112300_00160.png,839,839,231.1,25.9,964
9/23/2019 11:24,datasets/dataset_cropped/09_Metas/23/11/20190923112400_00160.jpg,datasets_flow/dataset_cropped/09_Metas/23/11/20190923112400_00160.jpg,datasets_cloudmask/dataset_cropped/09_Metas/23/11/20190923112400_00160.png,402.5,203.3,253.2,25.6,964
9/23/2019 11:25,datasets/dataset_cropped/09_Metas/23/11/20190923112500_00160.jpg,datasets_flow/dataset_cropped/09_Metas/23/11/20190923112500_00160.jpg,datasets_cloudmask/dataset_cropped/09_Metas/23/11/20190923112500_00160.png,421.7,220.3,263,25.2,964
9/23/2019 11:26,datasets/dataset_cropped/09_Metas/23/11/20190923112600_00160.jpg,datasets_flow/dataset_cropped/09_Metas/23/11/20190923112600_00160.jpg,datasets_cloudmask/dataset_cropped/09_Metas/23/11/20190923112600_00160.png,270.6,7.7,265.5,25.3,964
9/23/2019 11:27,datasets/dataset_cropped/09_Metas/23/11/20190923112700_00160.jpg,datasets_flow/dataset_cropped/09_Metas/23/11/20190923112700_00160.jpg,datasets_cloudmask/dataset_cropped/09_Metas/23/11/20190923112700_00160.png,283.2,30.1,262.2,25.5,964
9/23/2019 11:28,datasets/dataset_cropped/09_Metas/23/11/20190923112800_00160.jpg,datasets_flow/dataset_cropped/09_Metas/23/11/20190923112800_00160.jpg,datasets_cloudmask/dataset_cropped/09_Metas/23/11/20190923112800_00160.png,263.4,3.4,259.2,25.6,964
9/23/2019 11:29,datasets/dataset_cropped/09_Metas/23/11/20190923112900_00160.jpg,datasets_flow/dataset_cropped/09_Metas/23/11/20190923112900_00160.jpg,datasets_cloudmask/dataset_cropped/09_Metas/23/11/20190923112900_00160.png,262.1,10.5,252.3,25.4,964
9/23/2019 11:30,datasets/dataset_cropped/09_Metas/23/11/20190923113000_00160.jpg,datasets_flow/dataset_cropped/09_Metas/23/11/20190923113000_00160.jpg,datasets_cloudmask/dataset_cropped/09_Metas/23/11/20190923113000_00160.png,243.6,0.9,242.6,25.3,964
9/23/2019 11:31,datasets/dataset_cropped/09_Metas/23/11/20190923113100_00160.jpg,datasets_flow/dataset_cropped/09_Metas/23/11/20190923113100_00160.jpg,datasets_cloudmask/dataset_cropped/09_Metas/23/11/20190923113100_00160.png,231.1,0,230.8,25.5,964
9/23/2019 11:32,datasets/dataset_cropped/09_Metas/23/11/20190923113200_00160.jpg,datasets_flow/dataset_cropped/09_Metas/23/11/20190923113200_00160.jpg,datasets_cloudmask/dataset_cropped/09_Metas/23/11/20190923113200_00160.png,221.9,0,221.6,25.6,964
9/23/2019 11:33,datasets/dataset_cropped/09_Metas/23/11/20190923113300_00160.jpg,datasets_flow/dataset_cropped/09_Metas/23/11/20190923113300_00160.jpg,datasets_cloudmask/dataset_cropped/09_Metas/23/11/20190923113300_00160.png,221.1,0,220.6,25.7,964
9/23/2019 11:34,datasets/dataset_cropped/09_Metas/23/11/20190923113400_00160.jpg,datasets_flow/dataset_cropped/09_Metas/23/11/20190923113400_00160.jpg,datasets_cloudmask/dataset_cropped/09_Metas/23/11/20190923113400_00160.png,224.8,0,224.2,25.5,964
9/23/2019 11:35,datasets/dataset_cropped/09_Metas/23/11/20190923113500_00160.jpg,datasets_flow/dataset_cropped/09_Metas/23/11/20190923113500_00160.jpg,datasets_cloudmask/dataset_cropped/09_Metas/23/11/20190923113500_00160.png,238.6,0,237.6,25.1,964
9/23/2019 11:36,datasets/dataset_cropped/09_Metas/23/11/20190923113600_00160.jpg,datasets_flow/dataset_cropped/09_Metas/23/11/20190923113600_00160.jpg,datasets_cloudmask/dataset_cropped/09_Metas/23/11/20190923113600_00160.png,254.4,0.3,253,24.9,964
9/23/2019 11:37,datasets/dataset_cropped/09_Metas/23/11/20190923113700_00160.jpg,datasets_flow/dataset_cropped/09_Metas/23/11/20190923113700_00160.jpg,datasets_cloudmask/dataset_cropped/09_Metas/23/11/20190923113700_00160.png,286.9,19,269.6,24.8,964
9/23/2019 11:38,datasets/dataset_cropped/09_Metas/23/11/20190923113800_00160.jpg,datasets_flow/dataset_cropped/09_Metas/23/11/20190923113800_00160.jpg,datasets_cloudmask/dataset_cropped/09_Metas/23/11/20190923113800_00160.png,623.6,448,286,24.8,964
9/23/2019 11:39,datasets/dataset_cropped/09_Metas/23/11/20190923113900_00160.jpg,datasets_flow/dataset_cropped/09_Metas/23/11/20190923113900_00160.jpg,datasets_cloudmask/dataset_cropped/09_Metas/23/11/20190923113900_00160.png,893,838,267.4,24.9,964
9/23/2019 11:40,datasets/dataset_cropped/09_Metas/23/11/20190923114000_00160.jpg,datasets_flow/dataset_cropped/09_Metas/23/11/20190923114000_00160.jpg,datasets_cloudmask/dataset_cropped/09_Metas/23/11/20190923114000_00160.png,885,840,257.3,24.9,964
9/23/2019 11:41,datasets/dataset_cropped/09_Metas/23/11/20190923114100_00160.jpg,datasets_flow/dataset_cropped/09_Metas/23/11/20190923114100_00160.jpg,datasets_cloudmask/dataset_cropped/09_Metas/23/11/20190923114100_00160.png,890,840,261.8,25,964
9/23/2019 11:42,datasets/dataset_cropped/09_Metas/23/11/20190923114200_00160.jpg,datasets_flow/dataset_cropped/09_Metas/23/11/20190923114200_00160.jpg,datasets_cloudmask/dataset_cropped/09_Metas/23/11/20190923114200_00160.png,642,496.9,263.5,25.1,964
9/23/2019 11:43,datasets/dataset_cropped/09_Metas/23/11/20190923114300_00160.jpg,datasets_flow/dataset_cropped/09_Metas/23/11/20190923114300_00160.jpg,datasets_cloudmask/dataset_cropped/09_Metas/23/11/20190923114300_00160.png,337,80.3,269.1,25.2,964
9/23/2019 11:44,datasets/dataset_cropped/09_Metas/23/11/20190923114400_00160.jpg,datasets_flow/dataset_cropped/09_Metas/23/11/20190923114400_00160.jpg,datasets_cloudmask/dataset_cropped/09_Metas/23/11/20190923114400_00160.png,399,145.9,283.2,25.1,964
9/23/2019 11:45,datasets/dataset_cropped/09_Metas/23/11/20190923114500_00160.jpg,datasets_flow/dataset_cropped/09_Metas/23/11/20190923114500_00160.jpg,datasets_cloudmask/dataset_cropped/09_Metas/23/11/20190923114500_00160.png,716.9,608.7,269.1,25,964
9/23/2019 11:46,datasets/dataset_cropped/09_Metas/23/11/20190923114600_00160.jpg,datasets_flow/dataset_cropped/09_Metas/23/11/20190923114600_00160.jpg,datasets_cloudmask/dataset_cropped/09_Metas/23/11/20190923114600_00160.png,638.8,502.8,263.5,24.9,964
9/23/2019 11:47,datasets/dataset_cropped/09_Metas/23/11/20190923114700_00160.jpg,datasets_flow/dataset_cropped/09_Metas/23/11/20190923114700_00160.jpg,datasets_cloudmask/dataset_cropped/09_Metas/23/11/20190923114700_00160.png,354.8,127.9,262.5,25.2,964
9/23/2019 11:48,datasets/dataset_cropped/09_Metas/23/11/20190923114800_00160.jpg,datasets_flow/dataset_cropped/09_Metas/23/11/20190923114800_00160.jpg,datasets_cloudmask/dataset_cropped/09_Metas/23/11/20190923114800_00160.png,836,771.3,252,25.5,964
9/23/2019 11:49,datasets/dataset_cropped/09_Metas/23/11/20190923114900_00160.jpg,datasets_flow/dataset_cropped/09_Metas/23/11/20190923114900_00160.jpg,datasets_cloudmask/dataset_cropped/09_Metas/23/11/20190923114900_00160.png,856,819,236.6,25.8,964
9/23/2019 11:50,datasets/dataset_cropped/09_Metas/23/11/20190923115000_00160.jpg,datasets_flow/dataset_cropped/09_Metas/23/11/20190923115000_00160.jpg,datasets_cloudmask/dataset_cropped/09_Metas/23/11/20190923115000_00160.png,792,745.5,227.1,26,964
9/23/2019 11:51,datasets/dataset_cropped/09_Metas/23/11/20190923115100_00160.jpg,datasets_flow/dataset_cropped/09_Metas/23/11/20190923115100_00160.jpg,datasets_cloudmask/dataset_cropped/09_Metas/23/11/20190923115100_00160.png,780.8,726.4,228.7,26.2,964
9/23/2019 11:52,datasets/dataset_cropped/09_Metas/23/11/20190923115200_00160.jpg,datasets_flow/dataset_cropped/09_Metas/23/11/20190923115200_00160.jpg,datasets_cloudmask/dataset_cropped/09_Metas/23/11/20190923115200_00160.png,826,776.3,234.6,26.1,964
9/23/2019 11:53,datasets/dataset_cropped/09_Metas/23/11/20190923115300_00160.jpg,datasets_flow/dataset_cropped/09_Metas/23/11/20190923115300_00160.jpg,datasets_cloudmask/dataset_cropped/09_Metas/23/11/20190923115300_00160.png,891,860,235,26.1,964
9/23/2019 11:54,datasets/dataset_cropped/09_Metas/23/11/20190923115400_00160.jpg,datasets_flow/dataset_cropped/09_Metas/23/11/20190923115400_00160.jpg,datasets_cloudmask/dataset_cropped/09_Metas/23/11/20190923115400_00160.png,912,890,232.3,26,964
9/23/2019 11:55,datasets/dataset_cropped/09_Metas/23/11/20190923115500_00160.jpg,datasets_flow/dataset_cropped/09_Metas/23/11/20190923115500_00160.jpg,datasets_cloudmask/dataset_cropped/09_Metas/23/11/20190923115500_00160.png,909,889,230.3,25.8,964
9/23/2019 11:56,datasets/dataset_cropped/09_Metas/23/11/20190923115600_00160.jpg,datasets_flow/dataset_cropped/09_Metas/23/11/20190923115600_00160.jpg,datasets_cloudmask/dataset_cropped/09_Metas/23/11/20190923115600_00160.png,911,885,233.6,26,964
9/23/2019 11:57,datasets/dataset_cropped/09_Metas/23/11/20190923115700_00160.jpg,datasets_flow/dataset_cropped/09_Metas/23/11/20190923115700_00160.jpg,datasets_cloudmask/dataset_cropped/09_Metas/23/11/20190923115700_00160.png,912,881,237.4,25.9,964
9/23/2019 11:58,datasets/dataset_cropped/09_Metas/23/11/20190923115800_00160.jpg,datasets_flow/dataset_cropped/09_Metas/23/11/20190923115800_00160.jpg,datasets_cloudmask/dataset_cropped/09_Metas/23/11/20190923115800_00160.png,912,878,238.4,26.1,964
9/23/2019 11:59,datasets/dataset_cropped/09_Metas/23/11/20190923115900_00160.jpg,datasets_flow/dataset_cropped/09_Metas/23/11/20190923115900_00160.jpg,datasets_cloudmask/dataset_cropped/09_Metas/23/11/20190923115900_00160.png,913,868,246.9,26.2,964
9/23/2019 12:00,datasets/dataset_cropped/09_Metas/23/12/20190923120000_00160.jpg,datasets_flow/dataset_cropped/09_Metas/23/12/20190923120000_00160.jpg,datasets_cloudmask/dataset_cropped/09_Metas/23/12/20190923120000_00160.png,926,863,262.6,26.3,964
9/23/2019 12:01,datasets/dataset_cropped/09_Metas/23/12/20190923120100_00160.jpg,datasets_flow/dataset_cropped/09_Metas/23/12/20190923120100_00160.jpg,datasets_cloudmask/dataset_cropped/09_Metas/23/12/20190923120100_00160.png,934,864,269.1,26.4,964
9/23/2019 12:02,datasets/dataset_cropped/09_Metas/23/12/20190923120200_00160.jpg,datasets_flow/dataset_cropped/09_Metas/23/12/20190923120200_00160.jpg,datasets_cloudmask/dataset_cropped/09_Metas/23/12/20190923120200_00160.png,933,864,267.4,26.3,964
9/23/2019 12:03,datasets/dataset_cropped/09_Metas/23/12/20190923120300_00160.jpg,datasets_flow/dataset_cropped/09_Metas/23/12/20190923120300_00160.jpg,datasets_cloudmask/dataset_cropped/09_Metas/23/12/20190923120300_00160.png,947,874,273.2,26.1,964
9/23/2019 12:04,datasets/dataset_cropped/09_Metas/23/12/20190923120400_00160.jpg,datasets_flow/dataset_cropped/09_Metas/23/12/20190923120400_00160.jpg,datasets_cloudmask/dataset_cropped/09_Metas/23/12/20190923120400_00160.png,936,862,271.9,26.2,964
9/23/2019 12:05,datasets/dataset_cropped/09_Metas/23/12/20190923120500_00160.jpg,datasets_flow/dataset_cropped/09_Metas/23/12/20190923120500_00160.jpg,datasets_cloudmask/dataset_cropped/09_Metas/23/12/20190923120500_00160.png,939,869,269.9,26.1,964
9/23/2019 12:06,datasets/dataset_cropped/09_Metas/23/12/20190923120600_00160.jpg,datasets_flow/dataset_cropped/09_Metas/23/12/20190923120600_00160.jpg,datasets_cloudmask/dataset_cropped/09_Metas/23/12/20190923120600_00160.png,942,867,273.4,26.2,964
9/23/2019 12:07,datasets/dataset_cropped/09_Metas/23/12/20190923120700_00160.jpg,datasets_flow/dataset_cropped/09_Metas/23/12/20190923120700_00160.jpg,datasets_cloudmask/dataset_cropped/09_Metas/23/12/20190923120700_00160.png,935,853,276.5,26.2,964
9/23/2019 12:08,datasets/dataset_cropped/09_Metas/23/12/20190923120800_00160.jpg,datasets_flow/dataset_cropped/09_Metas/23/12/20190923120800_00160.jpg,datasets_cloudmask/dataset_cropped/09_Metas/23/12/20190923120800_00160.png,928,836,280.5,26.2,964
9/23/2019 12:09,datasets/dataset_cropped/09_Metas/23/12/20190923120900_00160.jpg,datasets_flow/dataset_cropped/09_Metas/23/12/20190923120900_00160.jpg,datasets_cloudmask/dataset_cropped/09_Metas/23/12/20190923120900_00160.png,922,816,289.4,26.2,964
9/23/2019 12:10,datasets/dataset_cropped/09_Metas/23/12/20190923121000_00160.jpg,datasets_flow/dataset_cropped/09_Metas/23/12/20190923121000_00160.jpg,datasets_cloudmask/dataset_cropped/09_Metas/23/12/20190923121000_00160.png,945,827,304.1,26.2,964
9/23/2019 12:11,datasets/dataset_cropped/09_Metas/23/12/20190923121100_00160.jpg,datasets_flow/dataset_cropped/09_Metas/23/12/20190923121100_00160.jpg,datasets_cloudmask/dataset_cropped/09_Metas/23/12/20190923121100_00160.png,936,805,311.3,26.4,964
9/23/2019 12:12,datasets/dataset_cropped/09_Metas/23/12/20190923121200_00160.jpg,datasets_flow/dataset_cropped/09_Metas/23/12/20190923121200_00160.jpg,datasets_cloudmask/dataset_cropped/09_Metas/23/12/20190923121200_00160.png,935,808,305.6,26.4,964
9/23/2019 12:13,datasets/dataset_cropped/09_Metas/23/12/20190923121300_00160.jpg,datasets_flow/dataset_cropped/09_Metas/23/12/20190923121300_00160.jpg,datasets_cloudmask/dataset_cropped/09_Metas/23/12/20190923121300_00160.png,947,820,305.4,26.4,964
9/23/2019 12:14,datasets/dataset_cropped/09_Metas/23/12/20190923121400_00160.jpg,datasets_flow/dataset_cropped/09_Metas/23/12/20190923121400_00160.jpg,datasets_cloudmask/dataset_cropped/09_Metas/23/12/20190923121400_00160.png,945,810,311.1,26.2,964
9/23/2019 12:15,datasets/dataset_cropped/09_Metas/23/12/20190923121500_00160.jpg,datasets_flow/dataset_cropped/09_Metas/23/12/20190923121500_00160.jpg,datasets_cloudmask/dataset_cropped/09_Metas/23/12/20190923121500_00160.png,945,806,313.4,26.2,964
9/23/2019 12:16,datasets/dataset_cropped/09_Metas/23/12/20190923121600_00160.jpg,datasets_flow/dataset_cropped/09_Metas/23/12/20190923121600_00160.jpg,datasets_cloudmask/dataset_cropped/09_Metas/23/12/20190923121600_00160.png,948,812,311.7,26.2,964
9/23/2019 12:17,datasets/dataset_cropped/09_Metas/23/12/20190923121700_00160.jpg,datasets_flow/dataset_cropped/09_Metas/23/12/20190923121700_00160.jpg,datasets_cloudmask/dataset_cropped/09_Metas/23/12/20190923121700_00160.png,956,826,308.3,26.3,964
9/23/2019 12:18,datasets/dataset_cropped/09_Metas/23/12/20190923121800_00160.jpg,datasets_flow/dataset_cropped/09_Metas/23/12/20190923121800_00160.jpg,datasets_cloudmask/dataset_cropped/09_Metas/23/12/20190923121800_00160.png,951,831,300,26.4,963
9/23/2019 12:19,datasets/dataset_cropped/09_Metas/23/12/20190923121900_00160.jpg,datasets_flow/dataset_cropped/09_Metas/23/12/20190923121900_00160.jpg,datasets_cloudmask/dataset_cropped/09_Metas/23/12/20190923121900_00160.png,960,840,303.2,26.6,964
9/23/2019 12:20,datasets/dataset_cropped/09_Metas/23/12/20190923122000_00160.jpg,datasets_flow/dataset_cropped/09_Metas/23/12/20190923122000_00160.jpg,datasets_cloudmask/dataset_cropped/09_Metas/23/12/20190923122000_00160.png,513.1,276.3,303.7,26.7,963
9/23/2019 12:21,datasets/dataset_cropped/09_Metas/23/12/20190923122100_00160.jpg,datasets_flow/dataset_cropped/09_Metas/23/12/20190923122100_00160.jpg,datasets_cloudmask/dataset_cropped/09_Metas/23/12/20190923122100_00160.png,399.1,110.3,306.8,26.8,964
9/23/2019 12:22,datasets/dataset_cropped/09_Metas/23/12/20190923122200_00160.jpg,datasets_flow/dataset_cropped/09_Metas/23/12/20190923122200_00160.jpg,datasets_cloudmask/dataset_cropped/09_Metas/23/12/20190923122200_00160.png,401.1,128.4,303,26.5,964
9/23/2019 12:23,datasets/dataset_cropped/09_Metas/23/12/20190923122300_00160.jpg,datasets_flow/dataset_cropped/09_Metas/23/12/20190923122300_00160.jpg,datasets_cloudmask/dataset_cropped/09_Metas/23/12/20190923122300_00160.png,322,36.6,287.9,26.3,964
9/23/2019 12:24,datasets/dataset_cropped/09_Metas/23/12/20190923122400_00160.jpg,datasets_flow/dataset_cropped/09_Metas/23/12/20190923122400_00160.jpg,datasets_cloudmask/dataset_cropped/09_Metas/23/12/20190923122400_00160.png,713,533.2,284.5,25.9,964
9/23/2019 12:25,datasets/dataset_cropped/09_Metas/23/12/20190923122500_00160.jpg,datasets_flow/dataset_cropped/09_Metas/23/12/20190923122500_00160.jpg,datasets_cloudmask/dataset_cropped/09_Metas/23/12/20190923122500_00160.png,937,842,268.7,25.6,963
9/23/2019 12:26,datasets/dataset_cropped/09_Metas/23/12/20190923122600_00160.jpg,datasets_flow/dataset_cropped/09_Metas/23/12/20190923122600_00160.jpg,datasets_cloudmask/dataset_cropped/09_Metas/23/12/20190923122600_00160.png,946,887,246.6,25.5,963
9/23/2019 12:27,datasets/dataset_cropped/09_Metas/23/12/20190923122700_00160.jpg,datasets_flow/dataset_cropped/09_Metas/23/12/20190923122700_00160.jpg,datasets_cloudmask/dataset_cropped/09_Metas/23/12/20190923122700_00160.png,928,884,230.8,25.7,963
9/23/2019 12:28,datasets/dataset_cropped/09_Metas/23/12/20190923122800_00160.jpg,datasets_flow/dataset_cropped/09_Metas/23/12/20190923122800_00160.jpg,datasets_cloudmask/dataset_cropped/09_Metas/23/12/20190923122800_00160.png,926,884,227.6,25.9,963
9/23/2019 12:29,datasets/dataset_cropped/09_Metas/23/12/20190923122900_00160.jpg,datasets_flow/dataset_cropped/09_Metas/23/12/20190923122900_00160.jpg,datasets_cloudmask/dataset_cropped/09_Metas/23/12/20190923122900_00160.png,931,891,226.9,26.2,963
9/23/2019 12:30,datasets/dataset_cropped/09_Metas/23/12/20190923123000_00160.jpg,datasets_flow/dataset_cropped/09_Metas/23/12/20190923123000_00160.jpg,datasets_cloudmask/dataset_cropped/09_Metas/23/12/20190923123000_00160.png,926,891,221.3,26.3,963
9/23/2019 12:31,datasets/dataset_cropped/09_Metas/23/12/20190923123100_00160.jpg,datasets_flow/dataset_cropped/09_Metas/23/12/20190923123100_00160.jpg,datasets_cloudmask/dataset_cropped/09_Metas/23/12/20190923123100_00160.png,915,886,214.2,26.4,963
9/23/2019 12:32,datasets/dataset_cropped/09_Metas/23/12/20190923123200_00160.jpg,datasets_flow/dataset_cropped/09_Metas/23/12/20190923123200_00160.jpg,datasets_cloudmask/dataset_cropped/09_Metas/23/12/20190923123200_00160.png,907,878,213,26.2,963
9/23/2019 12:33,datasets/dataset_cropped/09_Metas/23/12/20190923123300_00160.jpg,datasets_flow/dataset_cropped/09_Metas/23/12/20190923123300_00160.jpg,datasets_cloudmask/dataset_cropped/09_Metas/23/12/20190923123300_00160.png,897,862,213.8,26.3,963
9/23/2019 12:34,datasets/dataset_cropped/09_Metas/23/12/20190923123400_00160.jpg,datasets_flow/dataset_cropped/09_Metas/23/12/20190923123400_00160.jpg,datasets_cloudmask/dataset_cropped/09_Metas/23/12/20190923123400_00160.png,896,862,211.7,26.2,963
9/23/2019 12:35,datasets/dataset_cropped/09_Metas/23/12/20190923123500_00160.jpg,datasets_flow/dataset_cropped/09_Metas/23/12/20190923123500_00160.jpg,datasets_cloudmask/dataset_cropped/09_Metas/23/12/20190923123500_00160.png,885,858,203.7,26.4,963
9/23/2019 12:36,datasets/dataset_cropped/09_Metas/23/12/20190923123600_00160.jpg,datasets_flow/dataset_cropped/09_Metas/23/12/20190923123600_00160.jpg,datasets_cloudmask/dataset_cropped/09_Metas/23/12/20190923123600_00160.png,873,851,196.3,26.7,963
9/23/2019 12:37,datasets/dataset_cropped/09_Metas/23/12/20190923123700_00160.jpg,datasets_flow/dataset_cropped/09_Metas/23/12/20190923123700_00160.jpg,datasets_cloudmask/dataset_cropped/09_Metas/23/12/20190923123700_00160.png,867,847,193.7,26.5,963
9/23/2019 12:38,datasets/dataset_cropped/09_Metas/23/12/20190923123800_00160.jpg,datasets_flow/dataset_cropped/09_Metas/23/12/20190923123800_00160.jpg,datasets_cloudmask/dataset_cropped/09_Metas/23/12/20190923123800_00160.png,857,836,191.5,26.2,963
9/23/2019 12:39,datasets/dataset_cropped/09_Metas/23/12/20190923123900_00160.jpg,datasets_flow/dataset_cropped/09_Metas/23/12/20190923123900_00160.jpg,datasets_cloudmask/dataset_cropped/09_Metas/23/12/20190923123900_00160.png,867,856,185.2,26.3,963
9/23/2019 12:40,datasets/dataset_cropped/09_Metas/23/12/20190923124000_00160.jpg,datasets_flow/dataset_cropped/09_Metas/23/12/20190923124000_00160.jpg,datasets_cloudmask/dataset_cropped/09_Metas/23/12/20190923124000_00160.png,864,856,180.6,26.5,963
9/23/2019 12:41,datasets/dataset_cropped/09_Metas/23/12/20190923124100_00160.jpg,datasets_flow/dataset_cropped/09_Metas/23/12/20190923124100_00160.jpg,datasets_cloudmask/dataset_cropped/09_Metas/23/12/20190923124100_00160.png,858,851,178.4,26.4,963
9/23/2019 12:42,datasets/dataset_cropped/09_Metas/23/12/20190923124200_00160.jpg,datasets_flow/dataset_cropped/09_Metas/23/12/20190923124200_00160.jpg,datasets_cloudmask/dataset_cropped/09_Metas/23/12/20190923124200_00160.png,842,833,177.3,26.2,963
9/23/2019 12:43,datasets/dataset_cropped/09_Metas/23/12/20190923124300_00160.jpg,datasets_flow/dataset_cropped/09_Metas/23/12/20190923124300_00160.jpg,datasets_cloudmask/dataset_cropped/09_Metas/23/12/20190923124300_00160.png,836,826,177,26.5,963
9/23/2019 12:44,datasets/dataset_cropped/09_Metas/23/12/20190923124400_00160.jpg,datasets_flow/dataset_cropped/09_Metas/23/12/20190923124400_00160.jpg,datasets_cloudmask/dataset_cropped/09_Metas/23/12/20190923124400_00160.png,835,826,177.3,26.2,963
9/23/2019 12:45,datasets/dataset_cropped/09_Metas/23/12/20190923124500_00160.jpg,datasets_flow/dataset_cropped/09_Metas/23/12/20190923124500_00160.jpg,datasets_cloudmask/dataset_cropped/09_Metas/23/12/20190923124500_00160.png,838,831,175.8,26.1,963
9/23/2019 12:46,datasets/dataset_cropped/09_Metas/23/12/20190923124600_00160.jpg,datasets_flow/dataset_cropped/09_Metas/23/12/20190923124600_00160.jpg,datasets_cloudmask/dataset_cropped/09_Metas/23/12/20190923124600_00160.png,841,835,175.2,26,963
9/23/2019 12:47,datasets/dataset_cropped/09_Metas/23/12/20190923124700_00160.jpg,datasets_flow/dataset_cropped/09_Metas/23/12/20190923124700_00160.jpg,datasets_cloudmask/dataset_cropped/09_Metas/23/12/20190923124700_00160.png,836,831,173.7,26.1,963
9/23/2019 12:48,datasets/dataset_cropped/09_Metas/23/12/20190923124800_00160.jpg,datasets_flow/dataset_cropped/09_Metas/23/12/20190923124800_00160.jpg,datasets_cloudmask/dataset_cropped/09_Metas/23/12/20190923124800_00160.png,826,821,170.3,26,963
9/23/2019 12:49,datasets/dataset_cropped/09_Metas/23/12/20190923124900_00160.jpg,datasets_flow/dataset_cropped/09_Metas/23/12/20190923124900_00160.jpg,datasets_cloudmask/dataset_cropped/09_Metas/23/12/20190923124900_00160.png,833,833,167.4,25.9,963
9/23/2019 12:50,datasets/dataset_cropped/09_Metas/23/12/20190923125000_00160.jpg,datasets_flow/dataset_cropped/09_Metas/23/12/20190923125000_00160.jpg,datasets_cloudmask/dataset_cropped/09_Metas/23/12/20190923125000_00160.png,833,836,165.3,25.9,963
9/23/2019 12:51,datasets/dataset_cropped/09_Metas/23/12/20190923125100_00160.jpg,datasets_flow/dataset_cropped/09_Metas/23/12/20190923125100_00160.jpg,datasets_cloudmask/dataset_cropped/09_Metas/23/12/20190923125100_00160.png,830,831,165.7,26,963
9/23/2019 12:52,datasets/dataset_cropped/09_Metas/23/12/20190923125200_00160.jpg,datasets_flow/dataset_cropped/09_Metas/23/12/20190923125200_00160.jpg,datasets_cloudmask/dataset_cropped/09_Metas/23/12/20190923125200_00160.png,834,833,167.5,26.1,963
9/23/2019 12:53,datasets/dataset_cropped/09_Metas/23/12/20190923125300_00160.jpg,datasets_flow/dataset_cropped/09_Metas/23/12/20190923125300_00160.jpg,datasets_cloudmask/dataset_cropped/09_Metas/23/12/20190923125300_00160.png,836,831,171.7,25.9,963
9/23/2019 12:54,datasets/dataset_cropped/09_Metas/23/12/20190923125400_00160.jpg,datasets_flow/dataset_cropped/09_Metas/23/12/20190923125400_00160.jpg,datasets_cloudmask/dataset_cropped/09_Metas/23/12/20190923125400_00160.png,845,838,175.7,25.9,963
9/23/2019 12:55,datasets/dataset_cropped/09_Metas/23/12/20190923125500_00160.jpg,datasets_flow/dataset_cropped/09_Metas/23/12/20190923125500_00160.jpg,datasets_cloudmask/dataset_cropped/09_Metas/23/12/20190923125500_00160.png,846,837,176.9,25.8,963
9/23/2019 12:56,datasets/dataset_cropped/09_Metas/23/12/20190923125600_00160.jpg,datasets_flow/dataset_cropped/09_Metas/23/12/20190923125600_00160.jpg,datasets_cloudmask/dataset_cropped/09_Metas/23/12/20190923125600_00160.png,856,849,178,25.7,963
9/23/2019 12:57,datasets/dataset_cropped/09_Metas/23/12/20190923125700_00160.jpg,datasets_flow/dataset_cropped/09_Metas/23/12/20190923125700_00160.jpg,datasets_cloudmask/dataset_cropped/09_Metas/23/12/20190923125700_00160.png,868,863,179.5,26,963
9/23/2019 12:58,datasets/dataset_cropped/09_Metas/23/12/20190923125800_00160.jpg,datasets_flow/dataset_cropped/09_Metas/23/12/20190923125800_00160.jpg,datasets_cloudmask/dataset_cropped/09_Metas/23/12/20190923125800_00160.png,874,869,179.8,26.4,963
9/23/2019 12:59,datasets/dataset_cropped/09_Metas/23/12/20190923125900_00160.jpg,datasets_flow/dataset_cropped/09_Metas/23/12/20190923125900_00160.jpg,datasets_cloudmask/dataset_cropped/09_Metas/23/12/20190923125900_00160.png,870,863,180.5,26.2,963
9/23/2019 13:00,datasets/dataset_cropped/09_Metas/23/13/20190923130000_00160.jpg,datasets_flow/dataset_cropped/09_Metas/23/13/20190923130000_00160.jpg,datasets_cloudmask/dataset_cropped/09_Metas/23/13/20190923130000_00160.png,873,862,182.8,26,963
9/23/2019 13:01,datasets/dataset_cropped/09_Metas/23/13/20190923130100_00160.jpg,datasets_flow/dataset_cropped/09_Metas/23/13/20190923130100_00160.jpg,datasets_cloudmask/dataset_cropped/09_Metas/23/13/20190923130100_00160.png,874,860,186.3,25.9,963
9/23/2019 13:02,datasets/dataset_cropped/09_Metas/23/13/20190923130200_00160.jpg,datasets_flow/dataset_cropped/09_Metas/23/13/20190923130200_00160.jpg,datasets_cloudmask/dataset_cropped/09_Metas/23/13/20190923130200_00160.png,824,789.9,190.5,26.2,963
9/23/2019 13:03,datasets/dataset_cropped/09_Metas/23/13/20190923130300_00160.jpg,datasets_flow/dataset_cropped/09_Metas/23/13/20190923130300_00160.jpg,datasets_cloudmask/dataset_cropped/09_Metas/23/13/20190923130300_00160.png,780.8,732.4,193.3,26.1,963
9/23/2019 13:04,datasets/dataset_cropped/09_Metas/23/13/20190923130400_00160.jpg,datasets_flow/dataset_cropped/09_Metas/23/13/20190923130400_00160.jpg,datasets_cloudmask/dataset_cropped/09_Metas/23/13/20190923130400_00160.png,821,782.3,193.7,26.2,963
9/23/2019 13:05,datasets/dataset_cropped/09_Metas/23/13/20190923130500_00160.jpg,datasets_flow/dataset_cropped/09_Metas/23/13/20190923130500_00160.jpg,datasets_cloudmask/dataset_cropped/09_Metas/23/13/20190923130500_00160.png,861,831,195.8,26.5,963
9/23/2019 13:06,datasets/dataset_cropped/09_Metas/23/13/20190923130600_00160.jpg,datasets_flow/dataset_cropped/09_Metas/23/13/20190923130600_00160.jpg,datasets_cloudmask/dataset_cropped/09_Metas/23/13/20190923130600_00160.png,860,826,198.9,26.7,963
9/23/2019 13:07,datasets/dataset_cropped/09_Metas/23/13/20190923130700_00160.jpg,datasets_flow/dataset_cropped/09_Metas/23/13/20190923130700_00160.jpg,datasets_cloudmask/dataset_cropped/09_Metas/23/13/20190923130700_00160.png,855,815,203.3,26.8,963
9/23/2019 13:08,datasets/dataset_cropped/09_Metas/23/13/20190923130800_00160.jpg,datasets_flow/dataset_cropped/09_Metas/23/13/20190923130800_00160.jpg,datasets_cloudmask/dataset_cropped/09_Metas/23/13/20190923130800_00160.png,846,796,208.6,26.7,963
9/23/2019 13:09,datasets/dataset_cropped/09_Metas/23/13/20190923130900_00160.jpg,datasets_flow/dataset_cropped/09_Metas/23/13/20190923130900_00160.jpg,datasets_cloudmask/dataset_cropped/09_Metas/23/13/20190923130900_00160.png,849,791.8,215.3,26.6,963
9/23/2019 13:10,datasets/dataset_cropped/09_Metas/23/13/20190923131000_00160.jpg,datasets_flow/dataset_cropped/09_Metas/23/13/20190923131000_00160.jpg,datasets_cloudmask/dataset_cropped/09_Metas/23/13/20190923131000_00160.png,849,786.5,219.5,26.1,963
9/23/2019 13:11,datasets/dataset_cropped/09_Metas/23/13/20190923131100_00160.jpg,datasets_flow/dataset_cropped/09_Metas/23/13/20190923131100_00160.jpg,datasets_cloudmask/dataset_cropped/09_Metas/23/13/20190923131100_00160.png,825,758.1,217.9,26.4,963
9/23/2019 13:12,datasets/dataset_cropped/09_Metas/23/13/20190923131200_00160.jpg,datasets_flow/dataset_cropped/09_Metas/23/13/20190923131200_00160.jpg,datasets_cloudmask/dataset_cropped/09_Metas/23/13/20190923131200_00160.png,793,717.7,218.1,26.7,963
9/23/2019 13:13,datasets/dataset_cropped/09_Metas/23/13/20190923131300_00160.jpg,datasets_flow/dataset_cropped/09_Metas/23/13/20190923131300_00160.jpg,datasets_cloudmask/dataset_cropped/09_Metas/23/13/20190923131300_00160.png,765.1,678.1,221.6,26.8,963
9/23/2019 13:14,datasets/dataset_cropped/09_Metas/23/13/20190923131400_00160.jpg,datasets_flow/dataset_cropped/09_Metas/23/13/20190923131400_00160.jpg,datasets_cloudmask/dataset_cropped/09_Metas/23/13/20190923131400_00160.png,757.5,663.6,225.5,26.7,963
9/23/2019 13:15,datasets/dataset_cropped/09_Metas/23/13/20190923131500_00160.jpg,datasets_flow/dataset_cropped/09_Metas/23/13/20190923131500_00160.jpg,datasets_cloudmask/dataset_cropped/09_Metas/23/13/20190923131500_00160.png,756.5,658.7,228.7,26.4,963
9/23/2019 13:16,datasets/dataset_cropped/09_Metas/23/13/20190923131600_00160.jpg,datasets_flow/dataset_cropped/09_Metas/23/13/20190923131600_00160.jpg,datasets_cloudmask/dataset_cropped/09_Metas/23/13/20190923131600_00160.png,726.3,618.5,229.7,26.2,963
9/23/2019 13:17,datasets/dataset_cropped/09_Metas/23/13/20190923131700_00160.jpg,datasets_flow/dataset_cropped/09_Metas/23/13/20190923131700_00160.jpg,datasets_cloudmask/dataset_cropped/09_Metas/23/13/20190923131700_00160.png,685,566.2,229.3,26.3,963
9/23/2019 13:18,datasets/dataset_cropped/09_Metas/23/13/20190923131800_00160.jpg,datasets_flow/dataset_cropped/09_Metas/23/13/20190923131800_00160.jpg,datasets_cloudmask/dataset_cropped/09_Metas/23/13/20190923131800_00160.png,702.2,587.8,229.5,26.1,963
9/23/2019 13:19,datasets/dataset_cropped/09_Metas/23/13/20190923131900_00160.jpg,datasets_flow/dataset_cropped/09_Metas/23/13/20190923131900_00160.jpg,datasets_cloudmask/dataset_cropped/09_Metas/23/13/20190923131900_00160.png,760.2,660.8,229.9,26.1,963
9/23/2019 13:20,datasets/dataset_cropped/09_Metas/23/13/20190923132000_00160.jpg,datasets_flow/dataset_cropped/09_Metas/23/13/20190923132000_00160.jpg,datasets_cloudmask/dataset_cropped/09_Metas/23/13/20190923132000_00160.png,745.1,644.9,227.5,26,963
9/23/2019 13:21,datasets/dataset_cropped/09_Metas/23/13/20190923132100_00160.jpg,datasets_flow/dataset_cropped/09_Metas/23/13/20190923132100_00160.jpg,datasets_cloudmask/dataset_cropped/09_Metas/23/13/20190923132100_00160.png,782.8,696.1,225.6,26.1,963
9/23/2019 13:22,datasets/dataset_cropped/09_Metas/23/13/20190923132200_00160.jpg,datasets_flow/dataset_cropped/09_Metas/23/13/20190923132200_00160.jpg,datasets_cloudmask/dataset_cropped/09_Metas/23/13/20190923132200_00160.png,737.4,643.7,222.2,26.3,963
9/23/2019 13:23,datasets/dataset_cropped/09_Metas/23/13/20190923132300_00160.jpg,datasets_flow/dataset_cropped/09_Metas/23/13/20190923132300_00160.jpg,datasets_cloudmask/dataset_cropped/09_Metas/23/13/20190923132300_00160.png,766.7,682.2,221.2,26.5,963
9/23/2019 13:24,datasets/dataset_cropped/09_Metas/23/13/20190923132400_00160.jpg,datasets_flow/dataset_cropped/09_Metas/23/13/20190923132400_00160.jpg,datasets_cloudmask/dataset_cropped/09_Metas/23/13/20190923132400_00160.png,781.3,701.1,221.6,26.4,963
9/23/2019 13:25,datasets/dataset_cropped/09_Metas/23/13/20190923132500_00160.jpg,datasets_flow/dataset_cropped/09_Metas/23/13/20190923132500_00160.jpg,datasets_cloudmask/dataset_cropped/09_Metas/23/13/20190923132500_00160.png,759.7,675,221.1,26.2,963
9/23/2019 13:26,datasets/dataset_cropped/09_Metas/23/13/20190923132600_00160.jpg,datasets_flow/dataset_cropped/09_Metas/23/13/20190923132600_00160.jpg,datasets_cloudmask/dataset_cropped/09_Metas/23/13/20190923132600_00160.png,746.6,658.1,221.3,26.5,963
9/23/2019 13:27,datasets/dataset_cropped/09_Metas/23/13/20190923132700_00160.jpg,datasets_flow/dataset_cropped/09_Metas/23/13/20190923132700_00160.jpg,datasets_cloudmask/dataset_cropped/09_Metas/23/13/20190923132700_00160.png,717.4,620.6,221.5,26.4,963
9/23/2019 13:28,datasets/dataset_cropped/09_Metas/23/13/20190923132800_00160.jpg,datasets_flow/dataset_cropped/09_Metas/23/13/20190923132800_00160.jpg,datasets_cloudmask/dataset_cropped/09_Metas/23/13/20190923132800_00160.png,786.7,707.9,222.4,26.7,963
9/23/2019 13:29,datasets/dataset_cropped/09_Metas/23/13/20190923132900_00160.jpg,datasets_flow/dataset_cropped/09_Metas/23/13/20190923132900_00160.jpg,datasets_cloudmask/dataset_cropped/09_Metas/23/13/20190923132900_00160.png,799.2,725.1,222.3,26.7,963
9/23/2019 13:30,datasets/dataset_cropped/09_Metas/23/13/20190923133000_00160.jpg,datasets_flow/dataset_cropped/09_Metas/23/13/20190923133000_00160.jpg,datasets_cloudmask/dataset_cropped/09_Metas/23/13/20190923133000_00160.png,810,739.3,222.4,26.6,963
9/23/2019 13:31,datasets/dataset_cropped/09_Metas/23/13/20190923133100_00160.jpg,datasets_flow/dataset_cropped/09_Metas/23/13/20190923133100_00160.jpg,datasets_cloudmask/dataset_cropped/09_Metas/23/13/20190923133100_00160.png,806,733.7,222.6,26.6,963
9/23/2019 13:32,datasets/dataset_cropped/09_Metas/23/13/20190923133200_00160.jpg,datasets_flow/dataset_cropped/09_Metas/23/13/20190923133200_00160.jpg,datasets_cloudmask/dataset_cropped/09_Metas/23/13/20190923133200_00160.png,805,732.6,222.8,26.5,963
9/23/2019 13:33,datasets/dataset_cropped/09_Metas/23/13/20190923133300_00160.jpg,datasets_flow/dataset_cropped/09_Metas/23/13/20190923133300_00160.jpg,datasets_cloudmask/dataset_cropped/09_Metas/23/13/20190923133300_00160.png,798,722.9,223.5,26.4,963
9/23/2019 13:34,datasets/dataset_cropped/09_Metas/23/13/20190923133400_00160.jpg,datasets_flow/dataset_cropped/09_Metas/23/13/20190923133400_00160.jpg,datasets_cloudmask/dataset_cropped/09_Metas/23/13/20190923133400_00160.png,786.5,706.5,224.9,26.5,963
9/23/2019 13:35,datasets/dataset_cropped/09_Metas/23/13/20190923133500_00160.jpg,datasets_flow/dataset_cropped/09_Metas/23/13/20190923133500_00160.jpg,datasets_cloudmask/dataset_cropped/09_Metas/23/13/20190923133500_00160.png,809,731,228,26.3,963
9/23/2019 13:36,datasets/dataset_cropped/09_Metas/23/13/20190923133600_00160.jpg,datasets_flow/dataset_cropped/09_Metas/23/13/20190923133600_00160.jpg,datasets_cloudmask/dataset_cropped/09_Metas/23/13/20190923133600_00160.png,803,721.2,231.1,26.6,963
9/23/2019 13:37,datasets/dataset_cropped/09_Metas/23/13/20190923133700_00160.jpg,datasets_flow/dataset_cropped/09_Metas/23/13/20190923133700_00160.jpg,datasets_cloudmask/dataset_cropped/09_Metas/23/13/20190923133700_00160.png,782.5,693.2,233.2,26.6,963
9/23/2019 13:38,datasets/dataset_cropped/09_Metas/23/13/20190923133800_00160.jpg,datasets_flow/dataset_cropped/09_Metas/23/13/20190923133800_00160.jpg,datasets_cloudmask/dataset_cropped/09_Metas/23/13/20190923133800_00160.png,749.7,649.9,234.5,26.6,963
9/23/2019 13:39,datasets/dataset_cropped/09_Metas/23/13/20190923133900_00160.jpg,datasets_flow/dataset_cropped/09_Metas/23/13/20190923133900_00160.jpg,datasets_cloudmask/dataset_cropped/09_Metas/23/13/20190923133900_00160.png,763.5,664.3,237.7,26.8,963
9/23/2019 13:40,datasets/dataset_cropped/09_Metas/23/13/20190923134000_00160.jpg,datasets_flow/dataset_cropped/09_Metas/23/13/20190923134000_00160.jpg,datasets_cloudmask/dataset_cropped/09_Metas/23/13/20190923134000_00160.png,746.4,640.7,239.2,26.6,963
9/23/2019 13:41,datasets/dataset_cropped/09_Metas/23/13/20190923134100_00160.jpg,datasets_flow/dataset_cropped/09_Metas/23/13/20190923134100_00160.jpg,datasets_cloudmask/dataset_cropped/09_Metas/23/13/20190923134100_00160.png,684,562.2,238.7,26.5,963
9/23/2019 13:42,datasets/dataset_cropped/09_Metas/23/13/20190923134200_00160.jpg,datasets_flow/dataset_cropped/09_Metas/23/13/20190923134200_00160.jpg,datasets_cloudmask/dataset_cropped/09_Metas/23/13/20190923134200_00160.png,645.1,513.9,237.7,26.6,963
9/23/2019 13:43,datasets/dataset_cropped/09_Metas/23/13/20190923134300_00160.jpg,datasets_flow/dataset_cropped/09_Metas/23/13/20190923134300_00160.jpg,datasets_cloudmask/dataset_cropped/09_Metas/23/13/20190923134300_00160.png,650.1,519.9,237.7,26.9,963
9/23/2019 13:44,datasets/dataset_cropped/09_Metas/23/13/20190923134400_00160.jpg,datasets_flow/dataset_cropped/09_Metas/23/13/20190923134400_00160.jpg,datasets_cloudmask/dataset_cropped/09_Metas/23/13/20190923134400_00160.png,708.7,591.8,240.1,26.9,963
9/23/2019 13:45,datasets/dataset_cropped/09_Metas/23/13/20190923134500_00160.jpg,datasets_flow/dataset_cropped/09_Metas/23/13/20190923134500_00160.jpg,datasets_cloudmask/dataset_cropped/09_Metas/23/13/20190923134500_00160.png,739.1,630.2,240.9,26.6,963
9/23/2019 13:46,datasets/dataset_cropped/09_Metas/23/13/20190923134600_00160.jpg,datasets_flow/dataset_cropped/09_Metas/23/13/20190923134600_00160.jpg,datasets_cloudmask/dataset_cropped/09_Metas/23/13/20190923134600_00160.png,771.4,670,242.8,26.4,963
9/23/2019 13:47,datasets/dataset_cropped/09_Metas/23/13/20190923134700_00160.jpg,datasets_flow/dataset_cropped/09_Metas/23/13/20190923134700_00160.jpg,datasets_cloudmask/dataset_cropped/09_Metas/23/13/20190923134700_00160.png,791.7,694.3,245.1,26.5,963
9/23/2019 13:48,datasets/dataset_cropped/09_Metas/23/13/20190923134800_00160.jpg,datasets_flow/dataset_cropped/09_Metas/23/13/20190923134800_00160.jpg,datasets_cloudmask/dataset_cropped/09_Metas/23/13/20190923134800_00160.png,761,653.3,246.2,26.6,963
9/23/2019 13:49,datasets/dataset_cropped/09_Metas/23/13/20190923134900_00160.jpg,datasets_flow/dataset_cropped/09_Metas/23/13/20190923134900_00160.jpg,datasets_cloudmask/dataset_cropped/09_Metas/23/13/20190923134900_00160.png,734.3,618.1,247.3,26.4,963
9/23/2019 13:50,datasets/dataset_cropped/09_Metas/23/13/20190923135000_00160.jpg,datasets_flow/dataset_cropped/09_Metas/23/13/20190923135000_00160.jpg,datasets_cloudmask/dataset_cropped/09_Metas/23/13/20190923135000_00160.png,714.7,593.2,247.9,26.4,963
9/23/2019 13:51,datasets/dataset_cropped/09_Metas/23/13/20190923135100_00160.jpg,datasets_flow/dataset_cropped/09_Metas/23/13/20190923135100_00160.jpg,datasets_cloudmask/dataset_cropped/09_Metas/23/13/20190923135100_00160.png,723.1,603.1,249.5,26.6,963
9/23/2019 13:52,datasets/dataset_cropped/09_Metas/23/13/20190923135200_00160.jpg,datasets_flow/dataset_cropped/09_Metas/23/13/20190923135200_00160.jpg,datasets_cloudmask/dataset_cropped/09_Metas/23/13/20190923135200_00160.png,695.6,569.5,249.5,26.7,963
9/23/2019 13:53,datasets/dataset_cropped/09_Metas/23/13/20190923135300_00160.jpg,datasets_flow/dataset_cropped/09_Metas/23/13/20190923135300_00160.jpg,datasets_cloudmask/dataset_cropped/09_Metas/23/13/20190923135300_00160.png,685.4,558,249.2,26.8,963
9/23/2019 13:54,datasets/dataset_cropped/09_Metas/23/13/20190923135400_00160.jpg,datasets_flow/dataset_cropped/09_Metas/23/13/20190923135400_00160.jpg,datasets_cloudmask/dataset_cropped/09_Metas/23/13/20190923135400_00160.png,675.3,545.8,248.9,26.6,963
9/23/2019 13:55,datasets/dataset_cropped/09_Metas/23/13/20190923135500_00160.jpg,datasets_flow/dataset_cropped/09_Metas/23/13/20190923135500_00160.jpg,datasets_cloudmask/dataset_cropped/09_Metas/23/13/20190923135500_00160.png,683.6,557.8,248.5,26.6,963
9/23/2019 13:56,datasets/dataset_cropped/09_Metas/23/13/20190923135600_00160.jpg,datasets_flow/dataset_cropped/09_Metas/23/13/20190923135600_00160.jpg,datasets_cloudmask/dataset_cropped/09_Metas/23/13/20190923135600_00160.png,674.1,547.5,247.3,26.9,963
9/23/2019 13:57,datasets/dataset_cropped/09_Metas/23/13/20190923135700_00160.jpg,datasets_flow/dataset_cropped/09_Metas/23/13/20190923135700_00160.jpg,datasets_cloudmask/dataset_cropped/09_Metas/23/13/20190923135700_00160.png,696.4,577.3,246.5,26.8,963
9/23/2019 13:58,datasets/dataset_cropped/09_Metas/23/13/20190923135800_00160.jpg,datasets_flow/dataset_cropped/09_Metas/23/13/20190923135800_00160.jpg,datasets_cloudmask/dataset_cropped/09_Metas/23/13/20190923135800_00160.png,698.7,581.3,245.4,26.8,963
9/23/2019 13:59,datasets/dataset_cropped/09_Metas/23/13/20190923135900_00160.jpg,datasets_flow/dataset_cropped/09_Metas/23/13/20190923135900_00160.jpg,datasets_cloudmask/dataset_cropped/09_Metas/23/13/20190923135900_00160.png,723.9,614.6,244.5,26.7,963
9/23/2019 14:00,datasets/dataset_cropped/09_Metas/23/14/20190923140000_00160.jpg,datasets_flow/dataset_cropped/09_Metas/23/14/20190923140000_00160.jpg,datasets_cloudmask/dataset_cropped/09_Metas/23/14/20190923140000_00160.png,739.4,635.1,244.4,26.8,963
9/23/2019 14:01,datasets/dataset_cropped/09_Metas/23/14/20190923140100_00160.jpg,datasets_flow/dataset_cropped/09_Metas/23/14/20190923140100_00160.jpg,datasets_cloudmask/dataset_cropped/09_Metas/23/14/20190923140100_00160.png,729.8,623.7,244.2,26.8,963
9/23/2019 14:02,datasets/dataset_cropped/09_Metas/23/14/20190923140200_00160.jpg,datasets_flow/dataset_cropped/09_Metas/23/14/20190923140200_00160.jpg,datasets_cloudmask/dataset_cropped/09_Metas/23/14/20190923140200_00160.png,740,636.8,244.9,26.6,963
9/23/2019 14:03,datasets/dataset_cropped/09_Metas/23/14/20190923140300_00160.jpg,datasets_flow/dataset_cropped/09_Metas/23/14/20190923140300_00160.jpg,datasets_cloudmask/dataset_cropped/09_Metas/23/14/20190923140300_00160.png,738.8,637.5,243.9,26.6,963
9/23/2019 14:04,datasets/dataset_cropped/09_Metas/23/14/20190923140400_00160.jpg,datasets_flow/dataset_cropped/09_Metas/23/14/20190923140400_00160.jpg,datasets_cloudmask/dataset_cropped/09_Metas/23/14/20190923140400_00160.png,699.6,590.5,242,26.5,963
9/23/2019 14:05,datasets/dataset_cropped/09_Metas/23/14/20190923140500_00160.jpg,datasets_flow/dataset_cropped/09_Metas/23/14/20190923140500_00160.jpg,datasets_cloudmask/dataset_cropped/09_Metas/23/14/20190923140500_00160.png,700.7,593.7,241.2,26.5,963
9/23/2019 14:06,datasets/dataset_cropped/09_Metas/23/14/20190923140600_00160.jpg,datasets_flow/dataset_cropped/09_Metas/23/14/20190923140600_00160.jpg,datasets_cloudmask/dataset_cropped/09_Metas/23/14/20190923140600_00160.png,702.6,596.9,241.1,26.7,963
9/23/2019 14:07,datasets/dataset_cropped/09_Metas/23/14/20190923140700_00160.jpg,datasets_flow/dataset_cropped/09_Metas/23/14/20190923140700_00160.jpg,datasets_cloudmask/dataset_cropped/09_Metas/23/14/20190923140700_00160.png,717.1,617.3,241.1,26.6,963
9/23/2019 14:08,datasets/dataset_cropped/09_Metas/23/14/20190923140800_00160.jpg,datasets_flow/dataset_cropped/09_Metas/23/14/20190923140800_00160.jpg,datasets_cloudmask/dataset_cropped/09_Metas/23/14/20190923140800_00160.png,703.2,600.8,240.6,26.9,963
9/23/2019 14:09,datasets/dataset_cropped/09_Metas/23/14/20190923140900_00160.jpg,datasets_flow/dataset_cropped/09_Metas/23/14/20190923140900_00160.jpg,datasets_cloudmask/dataset_cropped/09_Metas/23/14/20190923140900_00160.png,659.5,546.1,239.1,26.8,963
9/23/2019 14:10,datasets/dataset_cropped/09_Metas/23/14/20190923141000_00160.jpg,datasets_flow/dataset_cropped/09_Metas/23/14/20190923141000_00160.jpg,datasets_cloudmask/dataset_cropped/09_Metas/23/14/20190923141000_00160.png,622.8,500.9,237,26.4,963
9/23/2019 14:11,datasets/dataset_cropped/09_Metas/23/14/20190923141100_00160.jpg,datasets_flow/dataset_cropped/09_Metas/23/14/20190923141100_00160.jpg,datasets_cloudmask/dataset_cropped/09_Metas/23/14/20190923141100_00160.png,632.5,515.8,235.2,26.3,963
9/23/2019 14:12,datasets/dataset_cropped/09_Metas/23/14/20190923141200_00160.jpg,datasets_flow/dataset_cropped/09_Metas/23/14/20190923141200_00160.jpg,datasets_cloudmask/dataset_cropped/09_Metas/23/14/20190923141200_00160.png,652.3,545.2,232.9,26.3,963
9/23/2019 14:13,datasets/dataset_cropped/09_Metas/23/14/20190923141300_00160.jpg,datasets_flow/dataset_cropped/09_Metas/23/14/20190923141300_00160.jpg,datasets_cloudmask/dataset_cropped/09_Metas/23/14/20190923141300_00160.png,615.7,502,229.3,26.5,963
9/23/2019 14:14,datasets/dataset_cropped/09_Metas/23/14/20190923141400_00160.jpg,datasets_flow/dataset_cropped/09_Metas/23/14/20190923141400_00160.jpg,datasets_cloudmask/dataset_cropped/09_Metas/23/14/20190923141400_00160.png,628.2,522,227.4,26.8,963
9/23/2019 14:15,datasets/dataset_cropped/09_Metas/23/14/20190923141500_00160.jpg,datasets_flow/dataset_cropped/09_Metas/23/14/20190923141500_00160.jpg,datasets_cloudmask/dataset_cropped/09_Metas/23/14/20190923141500_00160.png,675,586.2,225.9,27,963
9/23/2019 14:16,datasets/dataset_cropped/09_Metas/23/14/20190923141600_00160.jpg,datasets_flow/dataset_cropped/09_Metas/23/14/20190923141600_00160.jpg,datasets_cloudmask/dataset_cropped/09_Metas/23/14/20190923141600_00160.png,700.1,623.1,224.2,26.9,963
9/23/2019 14:17,datasets/dataset_cropped/09_Metas/23/14/20190923141700_00160.jpg,datasets_flow/dataset_cropped/09_Metas/23/14/20190923141700_00160.jpg,datasets_cloudmask/dataset_cropped/09_Metas/23/14/20190923141700_00160.png,715.3,647.1,222.5,26.8,963
9/23/2019 14:18,datasets/dataset_cropped/09_Metas/23/14/20190923141800_00160.jpg,datasets_flow/dataset_cropped/09_Metas/23/14/20190923141800_00160.jpg,datasets_cloudmask/dataset_cropped/09_Metas/23/14/20190923141800_00160.png,727.4,666.9,220.6,26.7,963
9/23/2019 14:19,datasets/dataset_cropped/09_Metas/23/14/20190923141900_00160.jpg,datasets_flow/dataset_cropped/09_Metas/23/14/20190923141900_00160.jpg,datasets_cloudmask/dataset_cropped/09_Metas/23/14/20190923141900_00160.png,711.9,650.9,218.6,26.8,963
9/23/2019 14:20,datasets/dataset_cropped/09_Metas/23/14/20190923142000_00160.jpg,datasets_flow/dataset_cropped/09_Metas/23/14/20190923142000_00160.jpg,datasets_cloudmask/dataset_cropped/09_Metas/23/14/20190923142000_00160.png,713.6,656,217.3,27.1,963
9/23/2019 14:21,datasets/dataset_cropped/09_Metas/23/14/20190923142100_00160.jpg,datasets_flow/dataset_cropped/09_Metas/23/14/20190923142100_00160.jpg,datasets_cloudmask/dataset_cropped/09_Metas/23/14/20190923142100_00160.png,735.3,685.7,217.7,27.1,963
9/23/2019 14:22,datasets/dataset_cropped/09_Metas/23/14/20190923142200_00160.jpg,datasets_flow/dataset_cropped/09_Metas/23/14/20190923142200_00160.jpg,datasets_cloudmask/dataset_cropped/09_Metas/23/14/20190923142200_00160.png,753.1,710.5,217.8,27.2,963
9/23/2019 14:23,datasets/dataset_cropped/09_Metas/23/14/20190923142300_00160.jpg,datasets_flow/dataset_cropped/09_Metas/23/14/20190923142300_00160.jpg,datasets_cloudmask/dataset_cropped/09_Metas/23/14/20190923142300_00160.png,742.3,697.9,216.6,27.4,963
9/23/2019 14:24,datasets/dataset_cropped/09_Metas/23/14/20190923142400_00160.jpg,datasets_flow/dataset_cropped/09_Metas/23/14/20190923142400_00160.jpg,datasets_cloudmask/dataset_cropped/09_Metas/23/14/20190923142400_00160.png,718.4,669.1,214.9,27.1,963
9/23/2019 14:25,datasets/dataset_cropped/09_Metas/23/14/20190923142500_00160.jpg,datasets_flow/dataset_cropped/09_Metas/23/14/20190923142500_00160.jpg,datasets_cloudmask/dataset_cropped/09_Metas/23/14/20190923142500_00160.png,632.2,559.7,211.5,27,963
9/23/2019 14:26,datasets/dataset_cropped/09_Metas/23/14/20190923142600_00160.jpg,datasets_flow/dataset_cropped/09_Metas/23/14/20190923142600_00160.jpg,datasets_cloudmask/dataset_cropped/09_Metas/23/14/20190923142600_00160.png,498.6,386.6,207.2,27.1,963
9/23/2019 14:27,datasets/dataset_cropped/09_Metas/23/14/20190923142700_00160.jpg,datasets_flow/dataset_cropped/09_Metas/23/14/20190923142700_00160.jpg,datasets_cloudmask/dataset_cropped/09_Metas/23/14/20190923142700_00160.png,499.2,389.3,206,27.1,963
9/23/2019 14:28,datasets/dataset_cropped/09_Metas/23/14/20190923142800_00160.jpg,datasets_flow/dataset_cropped/09_Metas/23/14/20190923142800_00160.jpg,datasets_cloudmask/dataset_cropped/09_Metas/23/14/20190923142800_00160.png,516.2,413.2,205.7,27.2,963
9/23/2019 14:29,datasets/dataset_cropped/09_Metas/23/14/20190923142900_00160.jpg,datasets_flow/dataset_cropped/09_Metas/23/14/20190923142900_00160.jpg,datasets_cloudmask/dataset_cropped/09_Metas/23/14/20190923142900_00160.png,573,490.5,205.7,26.9,963
9/23/2019 14:30,datasets/dataset_cropped/09_Metas/23/14/20190923143000_00160.jpg,datasets_flow/dataset_cropped/09_Metas/23/14/20190923143000_00160.jpg,datasets_cloudmask/dataset_cropped/09_Metas/23/14/20190923143000_00160.png,599.6,528.6,204.6,26.5,963
9/23/2019 14:31,datasets/dataset_cropped/09_Metas/23/14/20190923143100_00160.jpg,datasets_flow/dataset_cropped/09_Metas/23/14/20190923143100_00160.jpg,datasets_cloudmask/dataset_cropped/09_Metas/23/14/20190923143100_00160.png,668.9,624.6,204.1,26.4,963
9/23/2019 14:32,datasets/dataset_cropped/09_Metas/23/14/20190923143200_00160.jpg,datasets_flow/dataset_cropped/09_Metas/23/14/20190923143200_00160.jpg,datasets_cloudmask/dataset_cropped/09_Metas/23/14/20190923143200_00160.png,691.9,660.5,201.8,26.4,963
9/23/2019 14:33,datasets/dataset_cropped/09_Metas/23/14/20190923143300_00160.jpg,datasets_flow/dataset_cropped/09_Metas/23/14/20190923143300_00160.jpg,datasets_cloudmask/dataset_cropped/09_Metas/23/14/20190923143300_00160.png,698.8,675.3,199,26.7,963
9/23/2019 14:34,datasets/dataset_cropped/09_Metas/23/14/20190923143400_00160.jpg,datasets_flow/dataset_cropped/09_Metas/23/14/20190923143400_00160.jpg,datasets_cloudmask/dataset_cropped/09_Metas/23/14/20190923143400_00160.png,718.4,706.4,197.3,26.9,963
9/23/2019 14:35,datasets/dataset_cropped/09_Metas/23/14/20190923143500_00160.jpg,datasets_flow/dataset_cropped/09_Metas/23/14/20190923143500_00160.jpg,datasets_cloudmask/dataset_cropped/09_Metas/23/14/20190923143500_00160.png,731.6,729.2,195.1,27.1,963
9/23/2019 14:36,datasets/dataset_cropped/09_Metas/23/14/20190923143600_00160.jpg,datasets_flow/dataset_cropped/09_Metas/23/14/20190923143600_00160.jpg,datasets_cloudmask/dataset_cropped/09_Metas/23/14/20190923143600_00160.png,722.6,722.4,191.9,27.1,963
9/23/2019 14:37,datasets/dataset_cropped/09_Metas/23/14/20190923143700_00160.jpg,datasets_flow/dataset_cropped/09_Metas/23/14/20190923143700_00160.jpg,datasets_cloudmask/dataset_cropped/09_Metas/23/14/20190923143700_00160.png,717.6,721.1,188.7,27.1,963
9/23/2019 14:38,datasets/dataset_cropped/09_Metas/23/14/20190923143800_00160.jpg,datasets_flow/dataset_cropped/09_Metas/23/14/20190923143800_00160.jpg,datasets_cloudmask/dataset_cropped/09_Metas/23/14/20190923143800_00160.png,701.6,704.9,185.4,26.6,963
9/23/2019 14:39,datasets/dataset_cropped/09_Metas/23/14/20190923143900_00160.jpg,datasets_flow/dataset_cropped/09_Metas/23/14/20190923143900_00160.jpg,datasets_cloudmask/dataset_cropped/09_Metas/23/14/20190923143900_00160.png,671.3,670.1,181.3,26.4,963
9/23/2019 14:40,datasets/dataset_cropped/09_Metas/23/14/20190923144000_00160.jpg,datasets_flow/dataset_cropped/09_Metas/23/14/20190923144000_00160.jpg,datasets_cloudmask/dataset_cropped/09_Metas/23/14/20190923144000_00160.png,664.4,666.1,177.9,26.4,963
9/23/2019 14:41,datasets/dataset_cropped/09_Metas/23/14/20190923144100_00160.jpg,datasets_flow/dataset_cropped/09_Metas/23/14/20190923144100_00160.jpg,datasets_cloudmask/dataset_cropped/09_Metas/23/14/20190923144100_00160.png,698.9,717.1,175.8,26.4,963
9/23/2019 14:42,datasets/dataset_cropped/09_Metas/23/14/20190923144200_00160.jpg,datasets_flow/dataset_cropped/09_Metas/23/14/20190923144200_00160.jpg,datasets_cloudmask/dataset_cropped/09_Metas/23/14/20190923144200_00160.png,709.1,735.8,173.7,26.4,963
9/23/2019 14:43,datasets/dataset_cropped/09_Metas/23/14/20190923144300_00160.jpg,datasets_flow/dataset_cropped/09_Metas/23/14/20190923144300_00160.jpg,datasets_cloudmask/dataset_cropped/09_Metas/23/14/20190923144300_00160.png,705.1,735.8,171.1,26.3,963
9/23/2019 14:44,datasets/dataset_cropped/09_Metas/23/14/20190923144400_00160.jpg,datasets_flow/dataset_cropped/09_Metas/23/14/20190923144400_00160.jpg,datasets_cloudmask/dataset_cropped/09_Metas/23/14/20190923144400_00160.png,693.1,725.3,168.1,26.3,962
9/23/2019 14:45,datasets/dataset_cropped/09_Metas/23/14/20190923144500_00160.jpg,datasets_flow/dataset_cropped/09_Metas/23/14/20190923144500_00160.jpg,datasets_cloudmask/dataset_cropped/09_Metas/23/14/20190923144500_00160.png,694.6,733.1,165.3,26.7,963
9/23/2019 14:46,datasets/dataset_cropped/09_Metas/23/14/20190923144600_00160.jpg,datasets_flow/dataset_cropped/09_Metas/23/14/20190923144600_00160.jpg,datasets_cloudmask/dataset_cropped/09_Metas/23/14/20190923144600_00160.png,710.5,760.2,162.9,26.9,962
9/23/2019 14:47,datasets/dataset_cropped/09_Metas/23/14/20190923144700_00160.jpg,datasets_flow/dataset_cropped/09_Metas/23/14/20190923144700_00160.jpg,datasets_cloudmask/dataset_cropped/09_Metas/23/14/20190923144700_00160.png,696.3,746.4,159,27.1,962
9/23/2019 14:48,datasets/dataset_cropped/09_Metas/23/14/20190923144800_00160.jpg,datasets_flow/dataset_cropped/09_Metas/23/14/20190923144800_00160.jpg,datasets_cloudmask/dataset_cropped/09_Metas/23/14/20190923144800_00160.png,698.5,755.3,155.8,26.8,962
9/23/2019 14:49,datasets/dataset_cropped/09_Metas/23/14/20190923144900_00160.jpg,datasets_flow/dataset_cropped/09_Metas/23/14/20190923144900_00160.jpg,datasets_cloudmask/dataset_cropped/09_Metas/23/14/20190923144900_00160.png,705.4,771.5,152.4,26.7,962
9/23/2019 14:50,datasets/dataset_cropped/09_Metas/23/14/20190923145000_00160.jpg,datasets_flow/dataset_cropped/09_Metas/23/14/20190923145000_00160.jpg,datasets_cloudmask/dataset_cropped/09_Metas/23/14/20190923145000_00160.png,715.3,792.2,149.2,26.8,962
9/23/2019 14:51,datasets/dataset_cropped/09_Metas/23/14/20190923145100_00160.jpg,datasets_flow/dataset_cropped/09_Metas/23/14/20190923145100_00160.jpg,datasets_cloudmask/dataset_cropped/09_Metas/23/14/20190923145100_00160.png,712.7,795.5,145.9,26.7,962
9/23/2019 14:52,datasets/dataset_cropped/09_Metas/23/14/20190923145200_00160.jpg,datasets_flow/dataset_cropped/09_Metas/23/14/20190923145200_00160.jpg,datasets_cloudmask/dataset_cropped/09_Metas/23/14/20190923145200_00160.png,713.7,803,143.1,26.7,962
9/23/2019 14:53,datasets/dataset_cropped/09_Metas/23/14/20190923145300_00160.jpg,datasets_flow/dataset_cropped/09_Metas/23/14/20190923145300_00160.jpg,datasets_cloudmask/dataset_cropped/09_Metas/23/14/20190923145300_00160.png,707.4,798.2,141.2,26.7,962
9/23/2019 14:54,datasets/dataset_cropped/09_Metas/23/14/20190923145400_00160.jpg,datasets_flow/dataset_cropped/09_Metas/23/14/20190923145400_00160.jpg,datasets_cloudmask/dataset_cropped/09_Metas/23/14/20190923145400_00160.png,704.3,798.8,139.5,26.8,962
9/23/2019 14:55,datasets/dataset_cropped/09_Metas/23/14/20190923145500_00160.jpg,datasets_flow/dataset_cropped/09_Metas/23/14/20190923145500_00160.jpg,datasets_cloudmask/dataset_cropped/09_Metas/23/14/20190923145500_00160.png,710.4,812,137.9,26.8,962
9/23/2019 14:56,datasets/dataset_cropped/09_Metas/23/14/20190923145600_00160.jpg,datasets_flow/dataset_cropped/09_Metas/23/14/20190923145600_00160.jpg,datasets_cloudmask/dataset_cropped/09_Metas/23/14/20190923145600_00160.png,711.6,817,136.1,27.1,962
9/23/2019 14:57,datasets/dataset_cropped/09_Metas/23/14/20190923145700_00160.jpg,datasets_flow/dataset_cropped/09_Metas/23/14/20190923145700_00160.jpg,datasets_cloudmask/dataset_cropped/09_Metas/23/14/20190923145700_00160.png,703.6,810,134.3,27.3,962
9/23/2019 14:58,datasets/dataset_cropped/09_Metas/23/14/20190923145800_00160.jpg,datasets_flow/dataset_cropped/09_Metas/23/14/20190923145800_00160.jpg,datasets_cloudmask/dataset_cropped/09_Metas/23/14/20190923145800_00160.png,702,812,133,26.9,962
9/23/2019 14:59,datasets/dataset_cropped/09_Metas/23/14/20190923145900_00160.jpg,datasets_flow/dataset_cropped/09_Metas/23/14/20190923145900_00160.jpg,datasets_cloudmask/dataset_cropped/09_Metas/23/14/20190923145900_00160.png,704.3,819,131.6,26.9,962
9/23/2019 15:00,datasets/dataset_cropped/09_Metas/23/15/20190923150000_00160.jpg,datasets_flow/dataset_cropped/09_Metas/23/15/20190923150000_00160.jpg,datasets_cloudmask/dataset_cropped/09_Metas/23/15/20190923150000_00160.png,714,837,130.6,26.9,962
9/23/2019 15:01,datasets/dataset_cropped/09_Metas/23/15/20190923150100_00160.jpg,datasets_flow/dataset_cropped/09_Metas/23/15/20190923150100_00160.jpg,datasets_cloudmask/dataset_cropped/09_Metas/23/15/20190923150100_00160.png,704.8,828,129.2,26.8,962
9/23/2019 15:02,datasets/dataset_cropped/09_Metas/23/15/20190923150200_00160.jpg,datasets_flow/dataset_cropped/09_Metas/23/15/20190923150200_00160.jpg,datasets_cloudmask/dataset_cropped/09_Metas/23/15/20190923150200_00160.png,717.5,849,128.6,26.8,962
9/23/2019 15:03,datasets/dataset_cropped/09_Metas/23/15/20190923150300_00160.jpg,datasets_flow/dataset_cropped/09_Metas/23/15/20190923150300_00160.jpg,datasets_cloudmask/dataset_cropped/09_Metas/23/15/20190923150300_00160.png,714.1,849,127.4,26.7,962
9/23/2019 15:04,datasets/dataset_cropped/09_Metas/23/15/20190923150400_00160.jpg,datasets_flow/dataset_cropped/09_Metas/23/15/20190923150400_00160.jpg,datasets_cloudmask/dataset_cropped/09_Metas/23/15/20190923150400_00160.png,707.8,843,126.2,26.8,962
9/23/2019 15:05,datasets/dataset_cropped/09_Metas/23/15/20190923150500_00160.jpg,datasets_flow/dataset_cropped/09_Metas/23/15/20190923150500_00160.jpg,datasets_cloudmask/dataset_cropped/09_Metas/23/15/20190923150500_00160.png,700.4,836,125.4,26.7,962
9/23/2019 15:06,datasets/dataset_cropped/09_Metas/23/15/20190923150600_00160.jpg,datasets_flow/dataset_cropped/09_Metas/23/15/20190923150600_00160.jpg,datasets_cloudmask/dataset_cropped/09_Metas/23/15/20190923150600_00160.png,693.8,830,124.2,26.8,962
9/23/2019 15:07,datasets/dataset_cropped/09_Metas/23/15/20190923150700_00160.jpg,datasets_flow/dataset_cropped/09_Metas/23/15/20190923150700_00160.jpg,datasets_cloudmask/dataset_cropped/09_Metas/23/15/20190923150700_00160.png,688.1,826,123.2,26.9,962
9/23/2019 15:08,datasets/dataset_cropped/09_Metas/23/15/20190923150800_00160.jpg,datasets_flow/dataset_cropped/09_Metas/23/15/20190923150800_00160.jpg,datasets_cloudmask/dataset_cropped/09_Metas/23/15/20190923150800_00160.png,680.9,818,122.1,26.7,962
9/23/2019 15:09,datasets/dataset_cropped/09_Metas/23/15/20190923150900_00160.jpg,datasets_flow/dataset_cropped/09_Metas/23/15/20190923150900_00160.jpg,datasets_cloudmask/dataset_cropped/09_Metas/23/15/20190923150900_00160.png,684.5,827,121.4,26.8,962
9/23/2019 15:10,datasets/dataset_cropped/09_Metas/23/15/20190923151000_00160.jpg,datasets_flow/dataset_cropped/09_Metas/23/15/20190923151000_00160.jpg,datasets_cloudmask/dataset_cropped/09_Metas/23/15/20190923151000_00160.png,650.7,781.8,119.4,27.1,963
9/23/2019 15:11,datasets/dataset_cropped/09_Metas/23/15/20190923151100_00160.jpg,datasets_flow/dataset_cropped/09_Metas/23/15/20190923151100_00160.jpg,datasets_cloudmask/dataset_cropped/09_Metas/23/15/20190923151100_00160.png,659.8,798.5,119.2,27.2,962
9/23/2019 15:12,datasets/dataset_cropped/09_Metas/23/15/20190923151200_00160.jpg,datasets_flow/dataset_cropped/09_Metas/23/15/20190923151200_00160.jpg,datasets_cloudmask/dataset_cropped/09_Metas/23/15/20190923151200_00160.png,686.1,841,118.8,26.9,962
9/23/2019 15:13,datasets/dataset_cropped/09_Metas/23/15/20190923151300_00160.jpg,datasets_flow/dataset_cropped/09_Metas/23/15/20190923151300_00160.jpg,datasets_cloudmask/dataset_cropped/09_Metas/23/15/20190923151300_00160.png,683.2,841,117.6,27,962
9/23/2019 15:14,datasets/dataset_cropped/09_Metas/23/15/20190923151400_00160.jpg,datasets_flow/dataset_cropped/09_Metas/23/15/20190923151400_00160.jpg,datasets_cloudmask/dataset_cropped/09_Metas/23/15/20190923151400_00160.png,680.3,840,116.8,27.1,962
9/23/2019 15:15,datasets/dataset_cropped/09_Metas/23/15/20190923151500_00160.jpg,datasets_flow/dataset_cropped/09_Metas/23/15/20190923151500_00160.jpg,datasets_cloudmask/dataset_cropped/09_Metas/23/15/20190923151500_00160.png,676.2,837,116.3,27.1,962
9/23/2019 15:16,datasets/dataset_cropped/09_Metas/23/15/20190923151600_00160.jpg,datasets_flow/dataset_cropped/09_Metas/23/15/20190923151600_00160.jpg,datasets_cloudmask/dataset_cropped/09_Metas/23/15/20190923151600_00160.png,676.7,841,116,27.4,962
9/23/2019 15:17,datasets/dataset_cropped/09_Metas/23/15/20190923151700_00160.jpg,datasets_flow/dataset_cropped/09_Metas/23/15/20190923151700_00160.jpg,datasets_cloudmask/dataset_cropped/09_Metas/23/15/20190923151700_00160.png,673,838,115.7,27.4,962
9/23/2019 15:18,datasets/dataset_cropped/09_Metas/23/15/20190923151800_00160.jpg,datasets_flow/dataset_cropped/09_Metas/23/15/20190923151800_00160.jpg,datasets_cloudmask/dataset_cropped/09_Metas/23/15/20190923151800_00160.png,667.8,832,115.3,27.5,962
9/23/2019 15:19,datasets/dataset_cropped/09_Metas/23/15/20190923151900_00160.jpg,datasets_flow/dataset_cropped/09_Metas/23/15/20190923151900_00160.jpg,datasets_cloudmask/dataset_cropped/09_Metas/23/15/20190923151900_00160.png,643.9,799.1,114.9,27.4,962
9/23/2019 15:20,datasets/dataset_cropped/09_Metas/23/15/20190923152000_00160.jpg,datasets_flow/dataset_cropped/09_Metas/23/15/20190923152000_00160.jpg,datasets_cloudmask/dataset_cropped/09_Metas/23/15/20190923152000_00160.png,642.5,799.1,114.8,27.3,962
9/23/2019 15:21,datasets/dataset_cropped/09_Metas/23/15/20190923152100_00160.jpg,datasets_flow/dataset_cropped/09_Metas/23/15/20190923152100_00160.jpg,datasets_cloudmask/dataset_cropped/09_Metas/23/15/20190923152100_00160.png,631.4,784.9,114.6,27.3,962
9/23/2019 15:22,datasets/dataset_cropped/09_Metas/23/15/20190923152200_00160.jpg,datasets_flow/dataset_cropped/09_Metas/23/15/20190923152200_00160.jpg,datasets_cloudmask/dataset_cropped/09_Metas/23/15/20190923152200_00160.png,631,786.1,114.8,27.3,962
9/23/2019 15:23,datasets/dataset_cropped/09_Metas/23/15/20190923152300_00160.jpg,datasets_flow/dataset_cropped/09_Metas/23/15/20190923152300_00160.jpg,datasets_cloudmask/dataset_cropped/09_Metas/23/15/20190923152300_00160.png,646.3,812,115.5,27.2,962
9/23/2019 15:24,datasets/dataset_cropped/09_Metas/23/15/20190923152400_00160.jpg,datasets_flow/dataset_cropped/09_Metas/23/15/20190923152400_00160.jpg,datasets_cloudmask/dataset_cropped/09_Metas/23/15/20190923152400_00160.png,643.2,810,115.5,27,962
9/23/2019 15:25,datasets/dataset_cropped/09_Metas/23/15/20190923152500_00160.jpg,datasets_flow/dataset_cropped/09_Metas/23/15/20190923152500_00160.jpg,datasets_cloudmask/dataset_cropped/09_Metas/23/15/20190923152500_00160.png,641,810,114.7,27.1,963
9/23/2019 15:26,datasets/dataset_cropped/09_Metas/23/15/20190923152600_00160.jpg,datasets_flow/dataset_cropped/09_Metas/23/15/20190923152600_00160.jpg,datasets_cloudmask/dataset_cropped/09_Metas/23/15/20190923152600_00160.png,637.4,807,114.6,27,962
9/23/2019 15:27,datasets/dataset_cropped/09_Metas/23/15/20190923152700_00160.jpg,datasets_flow/dataset_cropped/09_Metas/23/15/20190923152700_00160.jpg,datasets_cloudmask/dataset_cropped/09_Metas/23/15/20190923152700_00160.png,634.4,805,114.5,27.2,962
9/23/2019 15:28,datasets/dataset_cropped/09_Metas/23/15/20190923152800_00160.jpg,datasets_flow/dataset_cropped/09_Metas/23/15/20190923152800_00160.jpg,datasets_cloudmask/dataset_cropped/09_Metas/23/15/20190923152800_00160.png,631.1,803,114.2,27.2,962
9/23/2019 15:29,datasets/dataset_cropped/09_Metas/23/15/20190923152900_00160.jpg,datasets_flow/dataset_cropped/09_Metas/23/15/20190923152900_00160.jpg,datasets_cloudmask/dataset_cropped/09_Metas/23/15/20190923152900_00160.png,629.8,803,114.1,27.3,962
9/23/2019 15:30,datasets/dataset_cropped/09_Metas/23/15/20190923153000_00160.jpg,datasets_flow/dataset_cropped/09_Metas/23/15/20190923153000_00160.jpg,datasets_cloudmask/dataset_cropped/09_Metas/23/15/20190923153000_00160.png,629.8,806,114.1,27.4,962
9/23/2019 15:31,datasets/dataset_cropped/09_Metas/23/15/20190923153100_00160.jpg,datasets_flow/dataset_cropped/09_Metas/23/15/20190923153100_00160.jpg,datasets_cloudmask/dataset_cropped/09_Metas/23/15/20190923153100_00160.png,627.9,805,114.1,27.3,963
9/23/2019 15:32,datasets/dataset_cropped/09_Metas/23/15/20190923153200_00160.jpg,datasets_flow/dataset_cropped/09_Metas/23/15/20190923153200_00160.jpg,datasets_cloudmask/dataset_cropped/09_Metas/23/15/20190923153200_00160.png,623.1,800,114.1,26.9,962
9/23/2019 15:33,datasets/dataset_cropped/09_Metas/23/15/20190923153300_00160.jpg,datasets_flow/dataset_cropped/09_Metas/23/15/20190923153300_00160.jpg,datasets_cloudmask/dataset_cropped/09_Metas/23/15/20190923153300_00160.png,623.1,803,114,26.7,962
9/23/2019 15:34,datasets/dataset_cropped/09_Metas/23/15/20190923153400_00160.jpg,datasets_flow/dataset_cropped/09_Metas/23/15/20190923153400_00160.jpg,datasets_cloudmask/dataset_cropped/09_Metas/23/15/20190923153400_00160.png,620.6,802,113.8,26.7,962
9/23/2019 15:35,datasets/dataset_cropped/09_Metas/23/15/20190923153500_00160.jpg,datasets_flow/dataset_cropped/09_Metas/23/15/20190923153500_00160.jpg,datasets_cloudmask/dataset_cropped/09_Metas/23/15/20190923153500_00160.png,616.8,799.7,113.2,26.7,962
9/23/2019 15:36,datasets/dataset_cropped/09_Metas/23/15/20190923153600_00160.jpg,datasets_flow/dataset_cropped/09_Metas/23/15/20190923153600_00160.jpg,datasets_cloudmask/dataset_cropped/09_Metas/23/15/20190923153600_00160.png,618.1,805,112.8,26.6,962
9/23/2019 15:37,datasets/dataset_cropped/09_Metas/23/15/20190923153700_00160.jpg,datasets_flow/dataset_cropped/09_Metas/23/15/20190923153700_00160.jpg,datasets_cloudmask/dataset_cropped/09_Metas/23/15/20190923153700_00160.png,614.9,804,112.3,26.7,962
9/23/2019 15:38,datasets/dataset_cropped/09_Metas/23/15/20190923153800_00160.jpg,datasets_flow/dataset_cropped/09_Metas/23/15/20190923153800_00160.jpg,datasets_cloudmask/dataset_cropped/09_Metas/23/15/20190923153800_00160.png,615.1,806,112.4,26.7,962
9/23/2019 15:39,datasets/dataset_cropped/09_Metas/23/15/20190923153900_00160.jpg,datasets_flow/dataset_cropped/09_Metas/23/15/20190923153900_00160.jpg,datasets_cloudmask/dataset_cropped/09_Metas/23/15/20190923153900_00160.png,613.3,806,112.6,26.6,962
9/23/2019 15:40,datasets/dataset_cropped/09_Metas/23/15/20190923154000_00160.jpg,datasets_flow/dataset_cropped/09_Metas/23/15/20190923154000_00160.jpg,datasets_cloudmask/dataset_cropped/09_Metas/23/15/20190923154000_00160.png,612.7,808,112.6,26.6,962
9/23/2019 15:41,datasets/dataset_cropped/09_Metas/23/15/20190923154100_00160.jpg,datasets_flow/dataset_cropped/09_Metas/23/15/20190923154100_00160.jpg,datasets_cloudmask/dataset_cropped/09_Metas/23/15/20190923154100_00160.png,611.7,809,112.9,26.7,962
9/23/2019 15:42,datasets/dataset_cropped/09_Metas/23/15/20190923154200_00160.jpg,datasets_flow/dataset_cropped/09_Metas/23/15/20190923154200_00160.jpg,datasets_cloudmask/dataset_cropped/09_Metas/23/15/20190923154200_00160.png,608.9,807,113.4,26.7,962
9/23/2019 15:43,datasets/dataset_cropped/09_Metas/23/15/20190923154300_00160.jpg,datasets_flow/dataset_cropped/09_Metas/23/15/20190923154300_00160.jpg,datasets_cloudmask/dataset_cropped/09_Metas/23/15/20190923154300_00160.png,607.3,807,113.6,26.7,962
9/23/2019 15:44,datasets/dataset_cropped/09_Metas/23/15/20190923154400_00160.jpg,datasets_flow/dataset_cropped/09_Metas/23/15/20190923154400_00160.jpg,datasets_cloudmask/dataset_cropped/09_Metas/23/15/20190923154400_00160.png,594.9,790.3,113.3,26.8,962
9/23/2019 15:45,datasets/dataset_cropped/09_Metas/23/15/20190923154500_00160.jpg,datasets_flow/dataset_cropped/09_Metas/23/15/20190923154500_00160.jpg,datasets_cloudmask/dataset_cropped/09_Metas/23/15/20190923154500_00160.png,593,789.7,113,26.9,962
9/23/2019 15:46,datasets/dataset_cropped/09_Metas/23/15/20190923154600_00160.jpg,datasets_flow/dataset_cropped/09_Metas/23/15/20190923154600_00160.jpg,datasets_cloudmask/dataset_cropped/09_Metas/23/15/20190923154600_00160.png,590.1,787.9,112.9,26.8,962
9/23/2019 15:47,datasets/dataset_cropped/09_Metas/23/15/20190923154700_00160.jpg,datasets_flow/dataset_cropped/09_Metas/23/15/20190923154700_00160.jpg,datasets_cloudmask/dataset_cropped/09_Metas/23/15/20190923154700_00160.png,569.9,757.9,112.4,27.1,962
9/23/2019 15:48,datasets/dataset_cropped/09_Metas/23/15/20190923154800_00160.jpg,datasets_flow/dataset_cropped/09_Metas/23/15/20190923154800_00160.jpg,datasets_cloudmask/dataset_cropped/09_Metas/23/15/20190923154800_00160.png,580.8,779.3,112.2,27.1,962
9/23/2019 15:49,datasets/dataset_cropped/09_Metas/23/15/20190923154900_00160.jpg,datasets_flow/dataset_cropped/09_Metas/23/15/20190923154900_00160.jpg,datasets_cloudmask/dataset_cropped/09_Metas/23/15/20190923154900_00160.png,581.9,783.4,112.5,26.9,962
9/23/2019 15:50,datasets/dataset_cropped/09_Metas/23/15/20190923155000_00160.jpg,datasets_flow/dataset_cropped/09_Metas/23/15/20190923155000_00160.jpg,datasets_cloudmask/dataset_cropped/09_Metas/23/15/20190923155000_00160.png,583.9,790.2,112.6,27.1,962
9/23/2019 15:51,datasets/dataset_cropped/09_Metas/23/15/20190923155100_00160.jpg,datasets_flow/dataset_cropped/09_Metas/23/15/20190923155100_00160.jpg,datasets_cloudmask/dataset_cropped/09_Metas/23/15/20190923155100_00160.png,582.5,790.9,112.8,27.6,962
9/23/2019 15:52,datasets/dataset_cropped/09_Metas/23/15/20190923155200_00160.jpg,datasets_flow/dataset_cropped/09_Metas/23/15/20190923155200_00160.jpg,datasets_cloudmask/dataset_cropped/09_Metas/23/15/20190923155200_00160.png,581.1,792.2,112.7,27.5,962
9/23/2019 15:53,datasets/dataset_cropped/09_Metas/23/15/20190923155300_00160.jpg,datasets_flow/dataset_cropped/09_Metas/23/15/20190923155300_00160.jpg,datasets_cloudmask/dataset_cropped/09_Metas/23/15/20190923155300_00160.png,579.9,793.1,112.5,27.2,962
9/23/2019 15:54,datasets/dataset_cropped/09_Metas/23/15/20190923155400_00160.jpg,datasets_flow/dataset_cropped/09_Metas/23/15/20190923155400_00160.jpg,datasets_cloudmask/dataset_cropped/09_Metas/23/15/20190923155400_00160.png,577,790.6,112.8,27.3,962
9/23/2019 15:55,datasets/dataset_cropped/09_Metas/23/15/20190923155500_00160.jpg,datasets_flow/dataset_cropped/09_Metas/23/15/20190923155500_00160.jpg,datasets_cloudmask/dataset_cropped/09_Metas/23/15/20190923155500_00160.png,574.6,789,113,27.3,962
9/23/2019 15:56,datasets/dataset_cropped/09_Metas/23/15/20190923155600_00160.jpg,datasets_flow/dataset_cropped/09_Metas/23/15/20190923155600_00160.jpg,datasets_cloudmask/dataset_cropped/09_Metas/23/15/20190923155600_00160.png,572.6,787.6,113.7,27.1,962
9/23/2019 15:57,datasets/dataset_cropped/09_Metas/23/15/20190923155700_00160.jpg,datasets_flow/dataset_cropped/09_Metas/23/15/20190923155700_00160.jpg,datasets_cloudmask/dataset_cropped/09_Metas/23/15/20190923155700_00160.png,569.6,784.5,114.3,26.6,962
9/23/2019 15:58,datasets/dataset_cropped/09_Metas/23/15/20190923155800_00160.jpg,datasets_flow/dataset_cropped/09_Metas/23/15/20190923155800_00160.jpg,datasets_cloudmask/dataset_cropped/09_Metas/23/15/20190923155800_00160.png,568.2,783.8,115,26.6,962
9/23/2019 15:59,datasets/dataset_cropped/09_Metas/23/15/20190923155900_00160.jpg,datasets_flow/dataset_cropped/09_Metas/23/15/20190923155900_00160.jpg,datasets_cloudmask/dataset_cropped/09_Metas/23/15/20190923155900_00160.png,564.6,779.6,115.8,26.8,962
9/23/2019 16:00,datasets/dataset_cropped/09_Metas/23/16/20190923160000_00160.jpg,datasets_flow/dataset_cropped/09_Metas/23/16/20190923160000_00160.jpg,datasets_cloudmask/dataset_cropped/09_Metas/23/16/20190923160000_00160.png,562,777.2,116.6,26.7,962
9/23/2019 16:01,datasets/dataset_cropped/09_Metas/23/16/20190923160100_00160.jpg,datasets_flow/dataset_cropped/09_Metas/23/16/20190923160100_00160.jpg,datasets_cloudmask/dataset_cropped/09_Metas/23/16/20190923160100_00160.png,561.7,778.4,117.6,26.6,962
9/23/2019 16:02,datasets/dataset_cropped/09_Metas/23/16/20190923160200_00160.jpg,datasets_flow/dataset_cropped/09_Metas/23/16/20190923160200_00160.jpg,datasets_cloudmask/dataset_cropped/09_Metas/23/16/20190923160200_00160.png,555.6,769.6,118.3,26.8,962
9/23/2019 16:03,datasets/dataset_cropped/09_Metas/23/16/20190923160300_00160.jpg,datasets_flow/dataset_cropped/09_Metas/23/16/20190923160300_00160.jpg,datasets_cloudmask/dataset_cropped/09_Metas/23/16/20190923160300_00160.png,552.5,766.2,119.2,26.9,962
9/23/2019 16:04,datasets/dataset_cropped/09_Metas/23/16/20190923160400_00160.jpg,datasets_flow/dataset_cropped/09_Metas/23/16/20190923160400_00160.jpg,datasets_cloudmask/dataset_cropped/09_Metas/23/16/20190923160400_00160.png,549.2,763.2,119.7,26.8,962
9/23/2019 16:05,datasets/dataset_cropped/09_Metas/23/16/20190923160500_00160.jpg,datasets_flow/dataset_cropped/09_Metas/23/16/20190923160500_00160.jpg,datasets_cloudmask/dataset_cropped/09_Metas/23/16/20190923160500_00160.png,535.1,740,120.4,26.5,962
9/23/2019 16:06,datasets/dataset_cropped/09_Metas/23/16/20190923160600_00160.jpg,datasets_flow/dataset_cropped/09_Metas/23/16/20190923160600_00160.jpg,datasets_cloudmask/dataset_cropped/09_Metas/23/16/20190923160600_00160.png,536.7,744.2,121.6,26.4,962
9/23/2019 16:07,datasets/dataset_cropped/09_Metas/23/16/20190923160700_00160.jpg,datasets_flow/dataset_cropped/09_Metas/23/16/20190923160700_00160.jpg,datasets_cloudmask/dataset_cropped/09_Metas/23/16/20190923160700_00160.png,539.1,749,123.3,26.5,962
9/23/2019 16:08,datasets/dataset_cropped/09_Metas/23/16/20190923160800_00160.jpg,datasets_flow/dataset_cropped/09_Metas/23/16/20190923160800_00160.jpg,datasets_cloudmask/dataset_cropped/09_Metas/23/16/20190923160800_00160.png,545.3,761.6,124.4,26.5,962
9/23/2019 16:09,datasets/dataset_cropped/09_Metas/23/16/20190923160900_00160.jpg,datasets_flow/dataset_cropped/09_Metas/23/16/20190923160900_00160.jpg,datasets_cloudmask/dataset_cropped/09_Metas/23/16/20190923160900_00160.png,531.8,738,125.8,26.6,962
9/23/2019 16:10,datasets/dataset_cropped/09_Metas/23/16/20190923161000_00160.jpg,datasets_flow/dataset_cropped/09_Metas/23/16/20190923161000_00160.jpg,datasets_cloudmask/dataset_cropped/09_Metas/23/16/20190923161000_00160.png,509.6,699.2,126.3,26.9,962
9/23/2019 16:11,datasets/dataset_cropped/09_Metas/23/16/20190923161100_00160.jpg,datasets_flow/dataset_cropped/09_Metas/23/16/20190923161100_00160.jpg,datasets_cloudmask/dataset_cropped/09_Metas/23/16/20190923161100_00160.png,498.1,678.9,127.6,27.1,962
9/23/2019 16:12,datasets/dataset_cropped/09_Metas/23/16/20190923161200_00160.jpg,datasets_flow/dataset_cropped/09_Metas/23/16/20190923161200_00160.jpg,datasets_cloudmask/dataset_cropped/09_Metas/23/16/20190923161200_00160.png,507.8,697.3,129,26.9,962
9/23/2019 16:13,datasets/dataset_cropped/09_Metas/23/16/20190923161300_00160.jpg,datasets_flow/dataset_cropped/09_Metas/23/16/20190923161300_00160.jpg,datasets_cloudmask/dataset_cropped/09_Metas/23/16/20190923161300_00160.png,490.2,667.9,128.8,26.9,962
9/23/2019 16:14,datasets/dataset_cropped/09_Metas/23/16/20190923161400_00160.jpg,datasets_flow/dataset_cropped/09_Metas/23/16/20190923161400_00160.jpg,datasets_cloudmask/dataset_cropped/09_Metas/23/16/20190923161400_00160.png,452,601.1,128.1,26.8,962
9/23/2019 16:15,datasets/dataset_cropped/09_Metas/23/16/20190923161500_00160.jpg,datasets_flow/dataset_cropped/09_Metas/23/16/20190923161500_00160.jpg,datasets_cloudmask/dataset_cropped/09_Metas/23/16/20190923161500_00160.png,461.1,620,128.8,26.7,962
9/23/2019 16:16,datasets/dataset_cropped/09_Metas/23/16/20190923161600_00160.jpg,datasets_flow/dataset_cropped/09_Metas/23/16/20190923161600_00160.jpg,datasets_cloudmask/dataset_cropped/09_Metas/23/16/20190923161600_00160.png,489.1,673.9,129.7,26.7,962
9/23/2019 16:17,datasets/dataset_cropped/09_Metas/23/16/20190923161700_00160.jpg,datasets_flow/dataset_cropped/09_Metas/23/16/20190923161700_00160.jpg,datasets_cloudmask/dataset_cropped/09_Metas/23/16/20190923161700_00160.png,480.7,662.4,129.5,26.7,962
9/23/2019 16:18,datasets/dataset_cropped/09_Metas/23/16/20190923161800_00160.jpg,datasets_flow/dataset_cropped/09_Metas/23/16/20190923161800_00160.jpg,datasets_cloudmask/dataset_cropped/09_Metas/23/16/20190923161800_00160.png,480.8,666.7,129.3,26.5,962
9/23/2019 16:19,datasets/dataset_cropped/09_Metas/23/16/20190923161900_00160.jpg,datasets_flow/dataset_cropped/09_Metas/23/16/20190923161900_00160.jpg,datasets_cloudmask/dataset_cropped/09_Metas/23/16/20190923161900_00160.png,480.5,670.4,128.8,26.3,962
9/23/2019 16:20,datasets/dataset_cropped/09_Metas/23/16/20190923162000_00160.jpg,datasets_flow/dataset_cropped/09_Metas/23/16/20190923162000_00160.jpg,datasets_cloudmask/dataset_cropped/09_Metas/23/16/20190923162000_00160.png,472.6,659.7,128.2,26.2,962
9/23/2019 16:21,datasets/dataset_cropped/09_Metas/23/16/20190923162100_00160.jpg,datasets_flow/dataset_cropped/09_Metas/23/16/20190923162100_00160.jpg,datasets_cloudmask/dataset_cropped/09_Metas/23/16/20190923162100_00160.png,476,669.8,127.8,26.1,962
9/23/2019 16:22,datasets/dataset_cropped/09_Metas/23/16/20190923162200_00160.jpg,datasets_flow/dataset_cropped/09_Metas/23/16/20190923162200_00160.jpg,datasets_cloudmask/dataset_cropped/09_Metas/23/16/20190923162200_00160.png,474.7,671.1,127.5,26.3,962
9/23/2019 16:23,datasets/dataset_cropped/09_Metas/23/16/20190923162300_00160.jpg,datasets_flow/dataset_cropped/09_Metas/23/16/20190923162300_00160.jpg,datasets_cloudmask/dataset_cropped/09_Metas/23/16/20190923162300_00160.png,465.8,657.5,127.1,26.4,962
9/23/2019 16:24,datasets/dataset_cropped/09_Metas/23/16/20190923162400_00160.jpg,datasets_flow/dataset_cropped/09_Metas/23/16/20190923162400_00160.jpg,datasets_cloudmask/dataset_cropped/09_Metas/23/16/20190923162400_00160.png,455.6,641.4,126.9,26.3,962
9/23/2019 16:25,datasets/dataset_cropped/09_Metas/23/16/20190923162500_00160.jpg,datasets_flow/dataset_cropped/09_Metas/23/16/20190923162500_00160.jpg,datasets_cloudmask/dataset_cropped/09_Metas/23/16/20190923162500_00160.png,462.6,657.3,127.7,26.6,962
9/23/2019 16:26,datasets/dataset_cropped/09_Metas/23/16/20190923162600_00160.jpg,datasets_flow/dataset_cropped/09_Metas/23/16/20190923162600_00160.jpg,datasets_cloudmask/dataset_cropped/09_Metas/23/16/20190923162600_00160.png,467,668.5,128.4,26.9,962
9/23/2019 16:27,datasets/dataset_cropped/09_Metas/23/16/20190923162700_00160.jpg,datasets_flow/dataset_cropped/09_Metas/23/16/20190923162700_00160.jpg,datasets_cloudmask/dataset_cropped/09_Metas/23/16/20190923162700_00160.png,464.2,666.4,128.5,26.8,962
9/23/2019 16:28,datasets/dataset_cropped/09_Metas/23/16/20190923162800_00160.jpg,datasets_flow/dataset_cropped/09_Metas/23/16/20190923162800_00160.jpg,datasets_cloudmask/dataset_cropped/09_Metas/23/16/20190923162800_00160.png,457.5,654.9,129.4,26.4,962
9/23/2019 16:29,datasets/dataset_cropped/09_Metas/23/16/20190923162900_00160.jpg,datasets_flow/dataset_cropped/09_Metas/23/16/20190923162900_00160.jpg,datasets_cloudmask/dataset_cropped/09_Metas/23/16/20190923162900_00160.png,464.1,669.9,130.7,26.2,962
9/23/2019 16:30,datasets/dataset_cropped/09_Metas/23/16/20190923163000_00160.jpg,datasets_flow/dataset_cropped/09_Metas/23/16/20190923163000_00160.jpg,datasets_cloudmask/dataset_cropped/09_Metas/23/16/20190923163000_00160.png,453.4,650.5,131.3,26.3,962
9/23/2019 16:31,datasets/dataset_cropped/09_Metas/23/16/20190923163100_00160.jpg,datasets_flow/dataset_cropped/09_Metas/23/16/20190923163100_00160.jpg,datasets_cloudmask/dataset_cropped/09_Metas/23/16/20190923163100_00160.png,446.1,637,132.2,26.2,962
9/23/2019 16:32,datasets/dataset_cropped/09_Metas/23/16/20190923163200_00160.jpg,datasets_flow/dataset_cropped/09_Metas/23/16/20190923163200_00160.jpg,datasets_cloudmask/dataset_cropped/09_Metas/23/16/20190923163200_00160.png,438.1,621.1,133.7,26.1,962
9/23/2019 16:33,datasets/dataset_cropped/09_Metas/23/16/20190923163300_00160.jpg,datasets_flow/dataset_cropped/09_Metas/23/16/20190923163300_00160.jpg,datasets_cloudmask/dataset_cropped/09_Metas/23/16/20190923163300_00160.png,426.7,599.1,134.8,26.1,962
9/23/2019 16:34,datasets/dataset_cropped/09_Metas/23/16/20190923163400_00160.jpg,datasets_flow/dataset_cropped/09_Metas/23/16/20190923163400_00160.jpg,datasets_cloudmask/dataset_cropped/09_Metas/23/16/20190923163400_00160.png,407,559.1,135.8,26.1,962
9/23/2019 16:35,datasets/dataset_cropped/09_Metas/23/16/20190923163500_00160.jpg,datasets_flow/dataset_cropped/09_Metas/23/16/20190923163500_00160.jpg,datasets_cloudmask/dataset_cropped/09_Metas/23/16/20190923163500_00160.png,392,528.2,137.1,26.1,962
9/23/2019 16:36,datasets/dataset_cropped/09_Metas/23/16/20190923163600_00160.jpg,datasets_flow/dataset_cropped/09_Metas/23/16/20190923163600_00160.jpg,datasets_cloudmask/dataset_cropped/09_Metas/23/16/20190923163600_00160.png,382.6,509.3,138.2,26.1,962
9/23/2019 16:37,datasets/dataset_cropped/09_Metas/23/16/20190923163700_00160.jpg,datasets_flow/dataset_cropped/09_Metas/23/16/20190923163700_00160.jpg,datasets_cloudmask/dataset_cropped/09_Metas/23/16/20190923163700_00160.png,379.2,503.9,138.8,26,962
9/23/2019 16:38,datasets/dataset_cropped/09_Metas/23/16/20190923163800_00160.jpg,datasets_flow/dataset_cropped/09_Metas/23/16/20190923163800_00160.jpg,datasets_cloudmask/dataset_cropped/09_Metas/23/16/20190923163800_00160.png,351.7,448,138.8,26.1,962
9/23/2019 16:39,datasets/dataset_cropped/09_Metas/23/16/20190923163900_00160.jpg,datasets_flow/dataset_cropped/09_Metas/23/16/20190923163900_00160.jpg,datasets_cloudmask/dataset_cropped/09_Metas/23/16/20190923163900_00160.png,320.7,384.6,138.8,26.1,962
9/23/2019 16:40,datasets/dataset_cropped/09_Metas/23/16/20190923164000_00160.jpg,datasets_flow/dataset_cropped/09_Metas/23/16/20190923164000_00160.jpg,datasets_cloudmask/dataset_cropped/09_Metas/23/16/20190923164000_00160.png,303.8,349.7,139,25.9,962
9/23/2019 16:41,datasets/dataset_cropped/09_Metas/23/16/20190923164100_00160.jpg,datasets_flow/dataset_cropped/09_Metas/23/16/20190923164100_00160.jpg,datasets_cloudmask/dataset_cropped/09_Metas/23/16/20190923164100_00160.png,307.1,357.3,139.7,25.8,962
9/23/2019 16:42,datasets/dataset_cropped/09_Metas/23/16/20190923164200_00160.jpg,datasets_flow/dataset_cropped/09_Metas/23/16/20190923164200_00160.jpg,datasets_cloudmask/dataset_cropped/09_Metas/23/16/20190923164200_00160.png,332.6,412.9,140.5,25.6,962
9/23/2019 16:43,datasets/dataset_cropped/09_Metas/23/16/20190923164300_00160.jpg,datasets_flow/dataset_cropped/09_Metas/23/16/20190923164300_00160.jpg,datasets_cloudmask/dataset_cropped/09_Metas/23/16/20190923164300_00160.png,328.9,406.6,141,25.3,962
9/23/2019 16:44,datasets/dataset_cropped/09_Metas/23/16/20190923164400_00160.jpg,datasets_flow/dataset_cropped/09_Metas/23/16/20190923164400_00160.jpg,datasets_cloudmask/dataset_cropped/09_Metas/23/16/20190923164400_00160.png,310.2,367.6,141.4,25.3,962
9/23/2019 16:45,datasets/dataset_cropped/09_Metas/23/16/20190923164500_00160.jpg,datasets_flow/dataset_cropped/09_Metas/23/16/20190923164500_00160.jpg,datasets_cloudmask/dataset_cropped/09_Metas/23/16/20190923164500_00160.png,296.2,339.1,141.5,25.5,962
9/23/2019 16:46,datasets/dataset_cropped/09_Metas/23/16/20190923164600_00160.jpg,datasets_flow/dataset_cropped/09_Metas/23/16/20190923164600_00160.jpg,datasets_cloudmask/dataset_cropped/09_Metas/23/16/20190923164600_00160.png,293.2,333.9,141.7,25.7,962
9/23/2019 16:47,datasets/dataset_cropped/09_Metas/23/16/20190923164700_00160.jpg,datasets_flow/dataset_cropped/09_Metas/23/16/20190923164700_00160.jpg,datasets_cloudmask/dataset_cropped/09_Metas/23/16/20190923164700_00160.png,279.3,304.2,141.9,25.6,962
9/23/2019 16:48,datasets/dataset_cropped/09_Metas/23/16/20190923164800_00160.jpg,datasets_flow/dataset_cropped/09_Metas/23/16/20190923164800_00160.jpg,datasets_cloudmask/dataset_cropped/09_Metas/23/16/20190923164800_00160.png,265,272.8,142.2,25.7,962
9/23/2019 16:49,datasets/dataset_cropped/09_Metas/23/16/20190923164900_00160.jpg,datasets_flow/dataset_cropped/09_Metas/23/16/20190923164900_00160.jpg,datasets_cloudmask/dataset_cropped/09_Metas/23/16/20190923164900_00160.png,282.7,312,143.1,25.9,962
9/23/2019 16:50,datasets/dataset_cropped/09_Metas/23/16/20190923165000_00160.jpg,datasets_flow/dataset_cropped/09_Metas/23/16/20190923165000_00160.jpg,datasets_cloudmask/dataset_cropped/09_Metas/23/16/20190923165000_00160.png,318.6,390.4,145.9,25.7,962
9/23/2019 16:51,datasets/dataset_cropped/09_Metas/23/16/20190923165100_00160.jpg,datasets_flow/dataset_cropped/09_Metas/23/16/20190923165100_00160.jpg,datasets_cloudmask/dataset_cropped/09_Metas/23/16/20190923165100_00160.png,347.5,453.7,148.8,25.5,962
9/23/2019 16:52,datasets/dataset_cropped/09_Metas/23/16/20190923165200_00160.jpg,datasets_flow/dataset_cropped/09_Metas/23/16/20190923165200_00160.jpg,datasets_cloudmask/dataset_cropped/09_Metas/23/16/20190923165200_00160.png,349,456.4,150.7,25.4,962
9/23/2019 16:53,datasets/dataset_cropped/09_Metas/23/16/20190923165300_00160.jpg,datasets_flow/dataset_cropped/09_Metas/23/16/20190923165300_00160.jpg,datasets_cloudmask/dataset_cropped/09_Metas/23/16/20190923165300_00160.png,354.6,469.6,152.1,25.4,962
9/23/2019 16:54,datasets/dataset_cropped/09_Metas/23/16/20190923165400_00160.jpg,datasets_flow/dataset_cropped/09_Metas/23/16/20190923165400_00160.jpg,datasets_cloudmask/dataset_cropped/09_Metas/23/16/20190923165400_00160.png,353.2,467.3,153,25.3,962
9/23/2019 16:55,datasets/dataset_cropped/09_Metas/23/16/20190923165500_00160.jpg,datasets_flow/dataset_cropped/09_Metas/23/16/20190923165500_00160.jpg,datasets_cloudmask/dataset_cropped/09_Metas/23/16/20190923165500_00160.png,342.4,444.1,153.4,25.3,962
9/23/2019 16:56,datasets/dataset_cropped/09_Metas/23/16/20190923165600_00160.jpg,datasets_flow/dataset_cropped/09_Metas/23/16/20190923165600_00160.jpg,datasets_cloudmask/dataset_cropped/09_Metas/23/16/20190923165600_00160.png,332.1,421.7,153.8,25.4,962
9/23/2019 16:57,datasets/dataset_cropped/09_Metas/23/16/20190923165700_00160.jpg,datasets_flow/dataset_cropped/09_Metas/23/16/20190923165700_00160.jpg,datasets_cloudmask/dataset_cropped/09_Metas/23/16/20190923165700_00160.png,344.3,451.4,155,25.3,962
9/23/2019 16:58,datasets/dataset_cropped/09_Metas/23/16/20190923165800_00160.jpg,datasets_flow/dataset_cropped/09_Metas/23/16/20190923165800_00160.jpg,datasets_cloudmask/dataset_cropped/09_Metas/23/16/20190923165800_00160.png,338.9,440.3,155.6,25.2,962
9/23/2019 16:59,datasets/dataset_cropped/09_Metas/23/16/20190923165900_00160.jpg,datasets_flow/dataset_cropped/09_Metas/23/16/20190923165900_00160.jpg,datasets_cloudmask/dataset_cropped/09_Metas/23/16/20190923165900_00160.png,325.8,411.1,155.8,25.2,962
9/23/2019 17:00,datasets/dataset_cropped/09_Metas/23/17/20190923170000_00160.jpg,datasets_flow/dataset_cropped/09_Metas/23/17/20190923170000_00160.jpg,datasets_cloudmask/dataset_cropped/09_Metas/23/17/20190923170000_00160.png,315.9,389,156.1,25.4,962
9/23/2019 17:01,datasets/dataset_cropped/09_Metas/23/17/20190923170100_00160.jpg,datasets_flow/dataset_cropped/09_Metas/23/17/20190923170100_00160.jpg,datasets_cloudmask/dataset_cropped/09_Metas/23/17/20190923170100_00160.png,310.1,376.1,156.7,25.5,962
9/23/2019 17:02,datasets/dataset_cropped/09_Metas/23/17/20190923170200_00160.jpg,datasets_flow/dataset_cropped/09_Metas/23/17/20190923170200_00160.jpg,datasets_cloudmask/dataset_cropped/09_Metas/23/17/20190923170200_00160.png,307.8,371.1,157.7,25.5,963
9/23/2019 17:03,datasets/dataset_cropped/09_Metas/23/17/20190923170300_00160.jpg,datasets_flow/dataset_cropped/09_Metas/23/17/20190923170300_00160.jpg,datasets_cloudmask/dataset_cropped/09_Metas/23/17/20190923170300_00160.png,304.6,363.7,158.4,25.6,962
9/23/2019 17:04,datasets/dataset_cropped/09_Metas/23/17/20190923170400_00160.jpg,datasets_flow/dataset_cropped/09_Metas/23/17/20190923170400_00160.jpg,datasets_cloudmask/dataset_cropped/09_Metas/23/17/20190923170400_00160.png,302.2,357.4,159.7,25.3,963
9/23/2019 17:05,datasets/dataset_cropped/09_Metas/23/17/20190923170500_00160.jpg,datasets_flow/dataset_cropped/09_Metas/23/17/20190923170500_00160.jpg,datasets_cloudmask/dataset_cropped/09_Metas/23/17/20190923170500_00160.png,303.4,361.3,160.6,25.2,963
9/23/2019 17:06,datasets/dataset_cropped/09_Metas/23/17/20190923170600_00160.jpg,datasets_flow/dataset_cropped/09_Metas/23/17/20190923170600_00160.jpg,datasets_cloudmask/dataset_cropped/09_Metas/23/17/20190923170600_00160.png,295.4,342.2,161,25.2,963
9/23/2019 17:07,datasets/dataset_cropped/09_Metas/23/17/20190923170700_00160.jpg,datasets_flow/dataset_cropped/09_Metas/23/17/20190923170700_00160.jpg,datasets_cloudmask/dataset_cropped/09_Metas/23/17/20190923170700_00160.png,287.2,321.3,161.8,25.1,963
9/23/2019 17:08,datasets/dataset_cropped/09_Metas/23/17/20190923170800_00160.jpg,datasets_flow/dataset_cropped/09_Metas/23/17/20190923170800_00160.jpg,datasets_cloudmask/dataset_cropped/09_Metas/23/17/20190923170800_00160.png,288.7,325.2,162.9,25.1,963
9/23/2019 17:09,datasets/dataset_cropped/09_Metas/23/17/20190923170900_00160.jpg,datasets_flow/dataset_cropped/09_Metas/23/17/20190923170900_00160.jpg,datasets_cloudmask/dataset_cropped/09_Metas/23/17/20190923170900_00160.png,281.3,307,163.5,25,963
9/23/2019 17:10,datasets/dataset_cropped/09_Metas/23/17/20190923171000_00160.jpg,datasets_flow/dataset_cropped/09_Metas/23/17/20190923171000_00160.jpg,datasets_cloudmask/dataset_cropped/09_Metas/23/17/20190923171000_00160.png,278.4,300,164.4,25,963
9/23/2019 17:11,datasets/dataset_cropped/09_Metas/23/17/20190923171100_00160.jpg,datasets_flow/dataset_cropped/09_Metas/23/17/20190923171100_00160.jpg,datasets_cloudmask/dataset_cropped/09_Metas/23/17/20190923171100_00160.png,274,289.8,164.8,25.1,963
9/23/2019 17:12,datasets/dataset_cropped/09_Metas/23/17/20190923171200_00160.jpg,datasets_flow/dataset_cropped/09_Metas/23/17/20190923171200_00160.jpg,datasets_cloudmask/dataset_cropped/09_Metas/23/17/20190923171200_00160.png,264.8,266,165.4,25,963
9/23/2019 17:13,datasets/dataset_cropped/09_Metas/23/17/20190923171300_00160.jpg,datasets_flow/dataset_cropped/09_Metas/23/17/20190923171300_00160.jpg,datasets_cloudmask/dataset_cropped/09_Metas/23/17/20190923171300_00160.png,262.9,261.8,165.9,25,963
9/23/2019 17:14,datasets/dataset_cropped/09_Metas/23/17/20190923171400_00160.jpg,datasets_flow/dataset_cropped/09_Metas/23/17/20190923171400_00160.jpg,datasets_cloudmask/dataset_cropped/09_Metas/23/17/20190923171400_00160.png,264.4,267,166.4,24.9,963
9/23/2019 17:15,datasets/dataset_cropped/09_Metas/23/17/20190923171500_00160.jpg,datasets_flow/dataset_cropped/09_Metas/23/17/20190923171500_00160.jpg,datasets_cloudmask/dataset_cropped/09_Metas/23/17/20190923171500_00160.png,252.4,237.7,165.8,24.9,963
9/23/2019 17:16,datasets/dataset_cropped/09_Metas/23/17/20190923171600_00160.jpg,datasets_flow/dataset_cropped/09_Metas/23/17/20190923171600_00160.jpg,datasets_cloudmask/dataset_cropped/09_Metas/23/17/20190923171600_00160.png,240.5,208.5,165.1,25.2,963
9/23/2019 17:17,datasets/dataset_cropped/09_Metas/23/17/20190923171700_00160.jpg,datasets_flow/dataset_cropped/09_Metas/23/17/20190923171700_00160.jpg,datasets_cloudmask/dataset_cropped/09_Metas/23/17/20190923171700_00160.png,235.6,198.1,164.4,25.3,963
9/23/2019 17:18,datasets/dataset_cropped/09_Metas/23/17/20190923171800_00160.jpg,datasets_flow/dataset_cropped/09_Metas/23/17/20190923171800_00160.jpg,datasets_cloudmask/dataset_cropped/09_Metas/23/17/20190923171800_00160.png,224.9,172.2,163.4,25,963
9/23/2019 17:19,datasets/dataset_cropped/09_Metas/23/17/20190923171900_00160.jpg,datasets_flow/dataset_cropped/09_Metas/23/17/20190923171900_00160.jpg,datasets_cloudmask/dataset_cropped/09_Metas/23/17/20190923171900_00160.png,212.1,140.3,162.3,25.1,963
9/23/2019 17:20,datasets/dataset_cropped/09_Metas/23/17/20190923172000_00160.jpg,datasets_flow/dataset_cropped/09_Metas/23/17/20190923172000_00160.jpg,datasets_cloudmask/dataset_cropped/09_Metas/23/17/20190923172000_00160.png,206.3,126.5,161.8,25.1,963
9/23/2019 17:21,datasets/dataset_cropped/09_Metas/23/17/20190923172100_00160.jpg,datasets_flow/dataset_cropped/09_Metas/23/17/20190923172100_00160.jpg,datasets_cloudmask/dataset_cropped/09_Metas/23/17/20190923172100_00160.png,198.2,106,161.1,25.1,963
9/23/2019 17:22,datasets/dataset_cropped/09_Metas/23/17/20190923172200_00160.jpg,datasets_flow/dataset_cropped/09_Metas/23/17/20190923172200_00160.jpg,datasets_cloudmask/dataset_cropped/09_Metas/23/17/20190923172200_00160.png,194.7,98.6,160.6,24.9,963
9/23/2019 17:23,datasets/dataset_cropped/09_Metas/23/17/20190923172300_00160.jpg,datasets_flow/dataset_cropped/09_Metas/23/17/20190923172300_00160.jpg,datasets_cloudmask/dataset_cropped/09_Metas/23/17/20190923172300_00160.png,194.9,102.7,159.7,24.8,963
9/23/2019 17:24,datasets/dataset_cropped/09_Metas/23/17/20190923172400_00160.jpg,datasets_flow/dataset_cropped/09_Metas/23/17/20190923172400_00160.jpg,datasets_cloudmask/dataset_cropped/09_Metas/23/17/20190923172400_00160.png,190.7,94.6,158.5,24.7,963
9/23/2019 17:25,datasets/dataset_cropped/09_Metas/23/17/20190923172500_00160.jpg,datasets_flow/dataset_cropped/09_Metas/23/17/20190923172500_00160.jpg,datasets_cloudmask/dataset_cropped/09_Metas/23/17/20190923172500_00160.png,184.2,79.6,157.4,24.7,963
9/23/2019 17:26,datasets/dataset_cropped/09_Metas/23/17/20190923172600_00160.jpg,datasets_flow/dataset_cropped/09_Metas/23/17/20190923172600_00160.jpg,datasets_cloudmask/dataset_cropped/09_Metas/23/17/20190923172600_00160.png,179.1,68.8,156.2,24.6,963
9/23/2019 17:27,datasets/dataset_cropped/09_Metas/23/17/20190923172700_00160.jpg,datasets_flow/dataset_cropped/09_Metas/23/17/20190923172700_00160.jpg,datasets_cloudmask/dataset_cropped/09_Metas/23/17/20190923172700_00160.png,176,63.3,155,24.5,963
9/23/2019 17:28,datasets/dataset_cropped/09_Metas/23/17/20190923172800_00160.jpg,datasets_flow/dataset_cropped/09_Metas/23/17/20190923172800_00160.jpg,datasets_cloudmask/dataset_cropped/09_Metas/23/17/20190923172800_00160.png,172.7,56.7,154,24.6,963
9/23/2019 17:29,datasets/dataset_cropped/09_Metas/23/17/20190923172900_00160.jpg,datasets_flow/dataset_cropped/09_Metas/23/17/20190923172900_00160.jpg,datasets_cloudmask/dataset_cropped/09_Metas/23/17/20190923172900_00160.png,168.8,48.6,152.9,24.6,963
9/23/2019 17:30,datasets/dataset_cropped/09_Metas/23/17/20190923173000_00160.jpg,datasets_flow/dataset_cropped/09_Metas/23/17/20190923173000_00160.jpg,datasets_cloudmask/dataset_cropped/09_Metas/23/17/20190923173000_00160.png,165.7,43.5,151.7,24.5,963
9/23/2019 17:31,datasets/dataset_cropped/09_Metas/23/17/20190923173100_00160.jpg,datasets_flow/dataset_cropped/09_Metas/23/17/20190923173100_00160.jpg,datasets_cloudmask/dataset_cropped/09_Metas/23/17/20190923173100_00160.png,162.5,38.1,150.3,24.4,963
9/23/2019 17:32,datasets/dataset_cropped/09_Metas/23/17/20190923173200_00160.jpg,datasets_flow/dataset_cropped/09_Metas/23/17/20190923173200_00160.jpg,datasets_cloudmask/dataset_cropped/09_Metas/23/17/20190923173200_00160.png,160.7,37.3,149,24.4,963
9/23/2019 17:33,datasets/dataset_cropped/09_Metas/23/17/20190923173300_00160.jpg,datasets_flow/dataset_cropped/09_Metas/23/17/20190923173300_00160.jpg,datasets_cloudmask/dataset_cropped/09_Metas/23/17/20190923173300_00160.png,159.4,38.1,147.6,24.3,963
9/23/2019 17:34,datasets/dataset_cropped/09_Metas/23/17/20190923173400_00160.jpg,datasets_flow/dataset_cropped/09_Metas/23/17/20190923173400_00160.jpg,datasets_cloudmask/dataset_cropped/09_Metas/23/17/20190923173400_00160.png,158.7,40.7,146.2,24.2,963
9/23/2019 17:35,datasets/dataset_cropped/09_Metas/23/17/20190923173500_00160.jpg,datasets_flow/dataset_cropped/09_Metas/23/17/20190923173500_00160.jpg,datasets_cloudmask/dataset_cropped/09_Metas/23/17/20190923173500_00160.png,159.4,48,144.9,24.3,963
9/23/2019 17:36,datasets/dataset_cropped/09_Metas/23/17/20190923173600_00160.jpg,datasets_flow/dataset_cropped/09_Metas/23/17/20190923173600_00160.jpg,datasets_cloudmask/dataset_cropped/09_Metas/23/17/20190923173600_00160.png,158,48.8,143.4,24.2,963
9/23/2019 17:37,datasets/dataset_cropped/09_Metas/23/17/20190923173700_00160.jpg,datasets_flow/dataset_cropped/09_Metas/23/17/20190923173700_00160.jpg,datasets_cloudmask/dataset_cropped/09_Metas/23/17/20190923173700_00160.png,155.9,47.3,142,24.3,963
9/23/2019 17:38,datasets/dataset_cropped/09_Metas/23/17/20190923173800_00160.jpg,datasets_flow/dataset_cropped/09_Metas/23/17/20190923173800_00160.jpg,datasets_cloudmask/dataset_cropped/09_Metas/23/17/20190923173800_00160.png,152.9,43.2,140.4,24.4,963
9/23/2019 17:39,datasets/dataset_cropped/09_Metas/23/17/20190923173900_00160.jpg,datasets_flow/dataset_cropped/09_Metas/23/17/20190923173900_00160.jpg,datasets_cloudmask/dataset_cropped/09_Metas/23/17/20190923173900_00160.png,150.5,40.8,138.9,24.4,963
9/23/2019 17:40,datasets/dataset_cropped/09_Metas/23/17/20190923174000_00160.jpg,datasets_flow/dataset_cropped/09_Metas/23/17/20190923174000_00160.jpg,datasets_cloudmask/dataset_cropped/09_Metas/23/17/20190923174000_00160.png,146.6,33.6,137.3,24.4,963
9/23/2019 17:41,datasets/dataset_cropped/09_Metas/23/17/20190923174100_00160.jpg,datasets_flow/dataset_cropped/09_Metas/23/17/20190923174100_00160.jpg,datasets_cloudmask/dataset_cropped/09_Metas/23/17/20190923174100_00160.png,143.5,29.8,135.4,24.3,963
9/23/2019 17:42,datasets/dataset_cropped/09_Metas/23/17/20190923174200_00160.jpg,datasets_flow/dataset_cropped/09_Metas/23/17/20190923174200_00160.jpg,datasets_cloudmask/dataset_cropped/09_Metas/23/17/20190923174200_00160.png,141.2,28.4,133.5,24.3,963
9/23/2019 17:43,datasets/dataset_cropped/09_Metas/23/17/20190923174300_00160.jpg,datasets_flow/dataset_cropped/09_Metas/23/17/20190923174300_00160.jpg,datasets_cloudmask/dataset_cropped/09_Metas/23/17/20190923174300_00160.png,138.8,26.1,131.8,24.3,963
9/23/2019 17:44,datasets/dataset_cropped/09_Metas/23/17/20190923174400_00160.jpg,datasets_flow/dataset_cropped/09_Metas/23/17/20190923174400_00160.jpg,datasets_cloudmask/dataset_cropped/09_Metas/23/17/20190923174400_00160.png,135.5,21.1,129.9,24.3,963
9/23/2019 17:45,datasets/dataset_cropped/09_Metas/23/17/20190923174500_00160.jpg,datasets_flow/dataset_cropped/09_Metas/23/17/20190923174500_00160.jpg,datasets_cloudmask/dataset_cropped/09_Metas/23/17/20190923174500_00160.png,132.7,18,128,24.3,963
9/23/2019 17:46,datasets/dataset_cropped/09_Metas/23/17/20190923174600_00160.jpg,datasets_flow/dataset_cropped/09_Metas/23/17/20190923174600_00160.jpg,datasets_cloudmask/dataset_cropped/09_Metas/23/17/20190923174600_00160.png,130.5,17.4,126.1,24.4,963
9/23/2019 17:47,datasets/dataset_cropped/09_Metas/23/17/20190923174700_00160.jpg,datasets_flow/dataset_cropped/09_Metas/23/17/20190923174700_00160.jpg,datasets_cloudmask/dataset_cropped/09_Metas/23/17/20190923174700_00160.png,128.6,18,124.1,24.3,963
9/23/2019 17:48,datasets/dataset_cropped/09_Metas/23/17/20190923174800_00160.jpg,datasets_flow/dataset_cropped/09_Metas/23/17/20190923174800_00160.jpg,datasets_cloudmask/dataset_cropped/09_Metas/23/17/20190923174800_00160.png,126.8,18.4,122.2,24.2,963
9/23/2019 17:49,datasets/dataset_cropped/09_Metas/23/17/20190923174900_00160.jpg,datasets_flow/dataset_cropped/09_Metas/23/17/20190923174900_00160.jpg,datasets_cloudmask/dataset_cropped/09_Metas/23/17/20190923174900_00160.png,126.3,24.2,120.2,24.1,963
9/23/2019 17:50,datasets/dataset_cropped/09_Metas/23/17/20190923175000_00160.jpg,datasets_flow/dataset_cropped/09_Metas/23/17/20190923175000_00160.jpg,datasets_cloudmask/dataset_cropped/09_Metas/23/17/20190923175000_00160.png,125.2,26.8,118.5,24.2,963
9/23/2019 17:51,datasets/dataset_cropped/09_Metas/23/17/20190923175100_00160.jpg,datasets_flow/dataset_cropped/09_Metas/23/17/20190923175100_00160.jpg,datasets_cloudmask/dataset_cropped/09_Metas/23/17/20190923175100_00160.png,122.7,23.7,116.8,24.2,963
9/23/2019 17:52,datasets/dataset_cropped/09_Metas/23/17/20190923175200_00160.jpg,datasets_flow/dataset_cropped/09_Metas/23/17/20190923175200_00160.jpg,datasets_cloudmask/dataset_cropped/09_Metas/23/17/20190923175200_00160.png,119.8,19.1,115.1,24.3,963
9/23/2019 17:53,datasets/dataset_cropped/09_Metas/23/17/20190923175300_00160.jpg,datasets_flow/dataset_cropped/09_Metas/23/17/20190923175300_00160.jpg,datasets_cloudmask/dataset_cropped/09_Metas/23/17/20190923175300_00160.png,117.2,14.9,113.5,24.2,963
9/23/2019 17:54,datasets/dataset_cropped/09_Metas/23/17/20190923175400_00160.jpg,datasets_flow/dataset_cropped/09_Metas/23/17/20190923175400_00160.jpg,datasets_cloudmask/dataset_cropped/09_Metas/23/17/20190923175400_00160.png,114.6,11.3,111.8,24.1,963
9/23/2019 17:55,datasets/dataset_cropped/09_Metas/23/17/20190923175500_00160.jpg,datasets_flow/dataset_cropped/09_Metas/23/17/20190923175500_00160.jpg,datasets_cloudmask/dataset_cropped/09_Metas/23/17/20190923175500_00160.png,113.1,11.8,110.3,24.1,963
9/23/2019 17:56,datasets/dataset_cropped/09_Metas/23/17/20190923175600_00160.jpg,datasets_flow/dataset_cropped/09_Metas/23/17/20190923175600_00160.jpg,datasets_cloudmask/dataset_cropped/09_Metas/23/17/20190923175600_00160.png,111.5,11.7,108.7,24,963
9/23/2019 17:57,datasets/dataset_cropped/09_Metas/23/17/20190923175700_00160.jpg,datasets_flow/dataset_cropped/09_Metas/23/17/20190923175700_00160.jpg,datasets_cloudmask/dataset_cropped/09_Metas/23/17/20190923175700_00160.png,110,11.8,107.2,24,963
9/23/2019 17:58,datasets/dataset_cropped/09_Metas/23/17/20190923175800_00160.jpg,datasets_flow/dataset_cropped/09_Metas/23/17/20190923175800_00160.jpg,datasets_cloudmask/dataset_cropped/09_Metas/23/17/20190923175800_00160.png,109,13.3,105.8,24,963
9/23/2019 17:59,datasets/dataset_cropped/09_Metas/23/17/20190923175900_00160.jpg,datasets_flow/dataset_cropped/09_Metas/23/17/20190923175900_00160.jpg,datasets_cloudmask/dataset_cropped/09_Metas/23/17/20190923175900_00160.png,108.2,16.5,104.4,23.9,963
9/23/2019 18:00,datasets/dataset_cropped/09_Metas/23/18/20190923180000_00160.jpg,datasets_flow/dataset_cropped/09_Metas/23/18/20190923180000_00160.jpg,datasets_cloudmask/dataset_cropped/09_Metas/23/18/20190923180000_00160.png,107.7,20.5,103.1,23.9,963
9/23/2019 18:01,datasets/dataset_cropped/09_Metas/23/18/20190923180100_00160.jpg,datasets_flow/dataset_cropped/09_Metas/23/18/20190923180100_00160.jpg,datasets_cloudmask/dataset_cropped/09_Metas/23/18/20190923180100_00160.png,107.1,24.6,101.6,23.9,963
9/23/2019 18:02,datasets/dataset_cropped/09_Metas/23/18/20190923180200_00160.jpg,datasets_flow/dataset_cropped/09_Metas/23/18/20190923180200_00160.jpg,datasets_cloudmask/dataset_cropped/09_Metas/23/18/20190923180200_00160.png,105.8,25.7,100.2,23.9,963
9/23/2019 18:03,datasets/dataset_cropped/09_Metas/23/18/20190923180300_00160.jpg,datasets_flow/dataset_cropped/09_Metas/23/18/20190923180300_00160.jpg,datasets_cloudmask/dataset_cropped/09_Metas/23/18/20190923180300_00160.png,104.4,27.2,98.8,23.9,963
9/23/2019 18:04,datasets/dataset_cropped/09_Metas/23/18/20190923180400_00160.jpg,datasets_flow/dataset_cropped/09_Metas/23/18/20190923180400_00160.jpg,datasets_cloudmask/dataset_cropped/09_Metas/23/18/20190923180400_00160.png,102.8,28,97.1,23.8,963
9/23/2019 18:05,datasets/dataset_cropped/09_Metas/23/18/20190923180500_00160.jpg,datasets_flow/dataset_cropped/09_Metas/23/18/20190923180500_00160.jpg,datasets_cloudmask/dataset_cropped/09_Metas/23/18/20190923180500_00160.png,100.9,28,95.3,23.8,963
9/23/2019 18:06,datasets/dataset_cropped/09_Metas/23/18/20190923180600_00160.jpg,datasets_flow/dataset_cropped/09_Metas/23/18/20190923180600_00160.jpg,datasets_cloudmask/dataset_cropped/09_Metas/23/18/20190923180600_00160.png,99,27.5,93.5,23.8,963
9/23/2019 18:07,datasets/dataset_cropped/09_Metas/23/18/20190923180700_00160.jpg,datasets_flow/dataset_cropped/09_Metas/23/18/20190923180700_00160.jpg,datasets_cloudmask/dataset_cropped/09_Metas/23/18/20190923180700_00160.png,96.3,23.8,91.7,23.7,963
9/23/2019 18:08,datasets/dataset_cropped/09_Metas/23/18/20190923180800_00160.jpg,datasets_flow/dataset_cropped/09_Metas/23/18/20190923180800_00160.jpg,datasets_cloudmask/dataset_cropped/09_Metas/23/18/20190923180800_00160.png,94.2,23,89.8,23.7,963
9/23/2019 18:09,datasets/dataset_cropped/09_Metas/23/18/20190923180900_00160.jpg,datasets_flow/dataset_cropped/09_Metas/23/18/20190923180900_00160.jpg,datasets_cloudmask/dataset_cropped/09_Metas/23/18/20190923180900_00160.png,93.3,28.4,88,23.7,963
9/23/2019 18:10,datasets/dataset_cropped/09_Metas/23/18/20190923181000_00160.jpg,datasets_flow/dataset_cropped/09_Metas/23/18/20190923181000_00160.jpg,datasets_cloudmask/dataset_cropped/09_Metas/23/18/20190923181000_00160.png,92,32.4,86.1,23.7,963
9/23/2019 18:11,datasets/dataset_cropped/09_Metas/23/18/20190923181100_00160.jpg,datasets_flow/dataset_cropped/09_Metas/23/18/20190923181100_00160.jpg,datasets_cloudmask/dataset_cropped/09_Metas/23/18/20190923181100_00160.png,91,37.5,84.2,23.7,963
9/23/2019 18:12,datasets/dataset_cropped/09_Metas/23/18/20190923181200_00160.jpg,datasets_flow/dataset_cropped/09_Metas/23/18/20190923181200_00160.jpg,datasets_cloudmask/dataset_cropped/09_Metas/23/18/20190923181200_00160.png,89.4,40,82.4,23.7,963
9/23/2019 18:13,datasets/dataset_cropped/09_Metas/23/18/20190923181300_00160.jpg,datasets_flow/dataset_cropped/09_Metas/23/18/20190923181300_00160.jpg,datasets_cloudmask/dataset_cropped/09_Metas/23/18/20190923181300_00160.png,86.9,37.9,80.4,23.8,963
9/23/2019 18:14,datasets/dataset_cropped/09_Metas/23/18/20190923181400_00160.jpg,datasets_flow/dataset_cropped/09_Metas/23/18/20190923181400_00160.jpg,datasets_cloudmask/dataset_cropped/09_Metas/23/18/20190923181400_00160.png,84.8,38.6,78.3,23.8,963
9/23/2019 18:15,datasets/dataset_cropped/09_Metas/23/18/20190923181500_00160.jpg,datasets_flow/dataset_cropped/09_Metas/23/18/20190923181500_00160.jpg,datasets_cloudmask/dataset_cropped/09_Metas/23/18/20190923181500_00160.png,82.6,39.1,76.1,23.8,963
9/23/2019 18:16,datasets/dataset_cropped/09_Metas/23/18/20190923181600_00160.jpg,datasets_flow/dataset_cropped/09_Metas/23/18/20190923181600_00160.jpg,datasets_cloudmask/dataset_cropped/09_Metas/23/18/20190923181600_00160.png,78.7,30.3,73.7,23.7,963
9/23/2019 18:17,datasets/dataset_cropped/09_Metas/23/18/20190923181700_00160.jpg,datasets_flow/dataset_cropped/09_Metas/23/18/20190923181700_00160.jpg,datasets_cloudmask/dataset_cropped/09_Metas/23/18/20190923181700_00160.png,74.8,21.2,71.3,23.6,963
9/23/2019 18:18,datasets/dataset_cropped/09_Metas/23/18/20190923181800_00160.jpg,datasets_flow/dataset_cropped/09_Metas/23/18/20190923181800_00160.jpg,datasets_cloudmask/dataset_cropped/09_Metas/23/18/20190923181800_00160.png,71.4,14.9,69,23.6,963
9/23/2019 18:19,datasets/dataset_cropped/09_Metas/23/18/20190923181900_00160.jpg,datasets_flow/dataset_cropped/09_Metas/23/18/20190923181900_00160.jpg,datasets_cloudmask/dataset_cropped/09_Metas/23/18/20190923181900_00160.png,68.5,11.2,66.8,23.6,963
9/23/2019 18:20,datasets/dataset_cropped/09_Metas/23/18/20190923182000_00160.jpg,datasets_flow/dataset_cropped/09_Metas/23/18/20190923182000_00160.jpg,datasets_cloudmask/dataset_cropped/09_Metas/23/18/20190923182000_00160.png,65.9,9.1,64.6,23.6,963
9/23/2019 18:21,datasets/dataset_cropped/09_Metas/23/18/20190923182100_00160.jpg,datasets_flow/dataset_cropped/09_Metas/23/18/20190923182100_00160.jpg,datasets_cloudmask/dataset_cropped/09_Metas/23/18/20190923182100_00160.png,63.5,8.1,62.4,23.6,963
9/23/2019 18:22,datasets/dataset_cropped/09_Metas/23/18/20190923182200_00160.jpg,datasets_flow/dataset_cropped/09_Metas/23/18/20190923182200_00160.jpg,datasets_cloudmask/dataset_cropped/09_Metas/23/18/20190923182200_00160.png,61.3,8.3,60.2,23.6,963
9/23/2019 18:23,datasets/dataset_cropped/09_Metas/23/18/20190923182300_00160.jpg,datasets_flow/dataset_cropped/09_Metas/23/18/20190923182300_00160.jpg,datasets_cloudmask/dataset_cropped/09_Metas/23/18/20190923182300_00160.png,59.1,7.8,58,23.6,963
9/23/2019 18:24,datasets/dataset_cropped/09_Metas/23/18/20190923182400_00160.jpg,datasets_flow/dataset_cropped/09_Metas/23/18/20190923182400_00160.jpg,datasets_cloudmask/dataset_cropped/09_Metas/23/18/20190923182400_00160.png,56.6,5.7,55.9,23.6,963
9/23/2019 18:25,datasets/dataset_cropped/09_Metas/23/18/20190923182500_00160.jpg,datasets_flow/dataset_cropped/09_Metas/23/18/20190923182500_00160.jpg,datasets_cloudmask/dataset_cropped/09_Metas/23/18/20190923182500_00160.png,54.3,4.4,53.7,23.6,963
9/23/2019 18:26,datasets/dataset_cropped/09_Metas/23/18/20190923182600_00160.jpg,datasets_flow/dataset_cropped/09_Metas/23/18/20190923182600_00160.jpg,datasets_cloudmask/dataset_cropped/09_Metas/23/18/20190923182600_00160.png,52.1,4.1,51.6,23.6,963
9/23/2019 18:27,datasets/dataset_cropped/09_Metas/23/18/20190923182700_00160.jpg,datasets_flow/dataset_cropped/09_Metas/23/18/20190923182700_00160.jpg,datasets_cloudmask/dataset_cropped/09_Metas/23/18/20190923182700_00160.png,50.2,4.3,49.6,23.5,963
9/23/2019 18:28,datasets/dataset_cropped/09_Metas/23/18/20190923182800_00160.jpg,datasets_flow/dataset_cropped/09_Metas/23/18/20190923182800_00160.jpg,datasets_cloudmask/dataset_cropped/09_Metas/23/18/20190923182800_00160.png,48.3,5.2,47.6,23.5,963
9/23/2019 18:29,datasets/dataset_cropped/09_Metas/23/18/20190923182900_00160.jpg,datasets_flow/dataset_cropped/09_Metas/23/18/20190923182900_00160.jpg,datasets_cloudmask/dataset_cropped/09_Metas/23/18/20190923182900_00160.png,46.6,7,45.7,23.4,963
9/23/2019 18:30,datasets/dataset_cropped/09_Metas/23/18/20190923183000_00160.jpg,datasets_flow/dataset_cropped/09_Metas/23/18/20190923183000_00160.jpg,datasets_cloudmask/dataset_cropped/09_Metas/23/18/20190923183000_00160.png,45.1,10.8,43.8,23.3,963
9/23/2019 18:31,datasets/dataset_cropped/09_Metas/23/18/20190923183100_00160.jpg,datasets_flow/dataset_cropped/09_Metas/23/18/20190923183100_00160.jpg,datasets_cloudmask/dataset_cropped/09_Metas/23/18/20190923183100_00160.png,43.9,16.1,42,23.3,963
9/23/2019 18:32,datasets/dataset_cropped/09_Metas/23/18/20190923183200_00160.jpg,datasets_flow/dataset_cropped/09_Metas/23/18/20190923183200_00160.jpg,datasets_cloudmask/dataset_cropped/09_Metas/23/18/20190923183200_00160.png,42.6,20.4,40.3,23.3,963
9/23/2019 18:33,datasets/dataset_cropped/09_Metas/23/18/20190923183300_00160.jpg,datasets_flow/dataset_cropped/09_Metas/23/18/20190923183300_00160.jpg,datasets_cloudmask/dataset_cropped/09_Metas/23/18/20190923183300_00160.png,40.9,21.6,38.6,23.2,963
9/23/2019 18:34,datasets/dataset_cropped/09_Metas/23/18/20190923183400_00160.jpg,datasets_flow/dataset_cropped/09_Metas/23/18/20190923183400_00160.jpg,datasets_cloudmask/dataset_cropped/09_Metas/23/18/20190923183400_00160.png,39.2,21.9,36.9,23.3,963
9/23/2019 18:35,datasets/dataset_cropped/09_Metas/23/18/20190923183500_00160.jpg,datasets_flow/dataset_cropped/09_Metas/23/18/20190923183500_00160.jpg,datasets_cloudmask/dataset_cropped/09_Metas/23/18/20190923183500_00160.png,37.2,19.2,35.2,23.3,963
9/23/2019 18:36,datasets/dataset_cropped/09_Metas/23/18/20190923183600_00160.jpg,datasets_flow/dataset_cropped/09_Metas/23/18/20190923183600_00160.jpg,datasets_cloudmask/dataset_cropped/09_Metas/23/18/20190923183600_00160.png,35.1,16,33.5,23.3,963
9/23/2019 18:37,datasets/dataset_cropped/09_Metas/23/18/20190923183700_00160.jpg,datasets_flow/dataset_cropped/09_Metas/23/18/20190923183700_00160.jpg,datasets_cloudmask/dataset_cropped/09_Metas/23/18/20190923183700_00160.png,33.3,15.7,31.8,23.3,963
9/23/2019 18:38,datasets/dataset_cropped/09_Metas/23/18/20190923183800_00160.jpg,datasets_flow/dataset_cropped/09_Metas/23/18/20190923183800_00160.jpg,datasets_cloudmask/dataset_cropped/09_Metas/23/18/20190923183800_00160.png,31.9,19,30.2,23.2,963
9/23/2019 18:39,datasets/dataset_cropped/09_Metas/23/18/20190923183900_00160.jpg,datasets_flow/dataset_cropped/09_Metas/23/18/20190923183900_00160.jpg,datasets_cloudmask/dataset_cropped/09_Metas/23/18/20190923183900_00160.png,30.6,22.8,28.6,23.2,963
9/23/2019 18:40,datasets/dataset_cropped/09_Metas/23/18/20190923184000_00160.jpg,datasets_flow/dataset_cropped/09_Metas/23/18/20190923184000_00160.jpg,datasets_cloudmask/dataset_cropped/09_Metas/23/18/20190923184000_00160.png,29.1,23.6,27.1,23.2,963
9/23/2019 18:41,datasets/dataset_cropped/09_Metas/23/18/20190923184100_00160.jpg,datasets_flow/dataset_cropped/09_Metas/23/18/20190923184100_00160.jpg,datasets_cloudmask/dataset_cropped/09_Metas/23/18/20190923184100_00160.png,27.6,24,25.6,23.2,963
9/23/2019 18:42,datasets/dataset_cropped/09_Metas/23/18/20190923184200_00160.jpg,datasets_flow/dataset_cropped/09_Metas/23/18/20190923184200_00160.jpg,datasets_cloudmask/dataset_cropped/09_Metas/23/18/20190923184200_00160.png,25.9,21.4,24.1,23.2,963
9/23/2019 18:43,datasets/dataset_cropped/09_Metas/23/18/20190923184300_00160.jpg,datasets_flow/dataset_cropped/09_Metas/23/18/20190923184300_00160.jpg,datasets_cloudmask/dataset_cropped/09_Metas/23/18/20190923184300_00160.png,23.9,15.3,22.6,23.2,963
9/23/2019 18:44,datasets/dataset_cropped/09_Metas/23/18/20190923184400_00160.jpg,datasets_flow/dataset_cropped/09_Metas/23/18/20190923184400_00160.jpg,datasets_cloudmask/dataset_cropped/09_Metas/23/18/20190923184400_00160.png,22,10.4,21.1,23.2,963
9/23/2019 18:45,datasets/dataset_cropped/09_Metas/23/18/20190923184500_00160.jpg,datasets_flow/dataset_cropped/09_Metas/23/18/20190923184500_00160.jpg,datasets_cloudmask/dataset_cropped/09_Metas/23/18/20190923184500_00160.png,20.2,7.2,19.6,23.1,963
9/23/2019 18:46,datasets/dataset_cropped/09_Metas/23/18/20190923184600_00160.jpg,datasets_flow/dataset_cropped/09_Metas/23/18/20190923184600_00160.jpg,datasets_cloudmask/dataset_cropped/09_Metas/23/18/20190923184600_00160.png,18.6,4.6,18.2,23.1,963
9/23/2019 18:47,datasets/dataset_cropped/09_Metas/23/18/20190923184700_00160.jpg,datasets_flow/dataset_cropped/09_Metas/23/18/20190923184700_00160.jpg,datasets_cloudmask/dataset_cropped/09_Metas/23/18/20190923184700_00160.png,17.1,2.8,16.8,23.1,963
9/23/2019 18:48,datasets/dataset_cropped/09_Metas/23/18/20190923184800_00160.jpg,datasets_flow/dataset_cropped/09_Metas/23/18/20190923184800_00160.jpg,datasets_cloudmask/dataset_cropped/09_Metas/23/18/20190923184800_00160.png,15.7,1.6,15.5,23,963
9/23/2019 18:49,datasets/dataset_cropped/09_Metas/23/18/20190923184900_00160.jpg,datasets_flow/dataset_cropped/09_Metas/23/18/20190923184900_00160.jpg,datasets_cloudmask/dataset_cropped/09_Metas/23/18/20190923184900_00160.png,14.3,0.8,14.2,23,963
9/23/2019 18:50,datasets/dataset_cropped/09_Metas/23/18/20190923185000_00160.jpg,datasets_flow/dataset_cropped/09_Metas/23/18/20190923185000_00160.jpg,datasets_cloudmask/dataset_cropped/09_Metas/23/18/20190923185000_00160.png,13.1,0.3,12.9,23,963
9/23/2019 18:51,datasets/dataset_cropped/09_Metas/23/18/20190923185100_00160.jpg,datasets_flow/dataset_cropped/09_Metas/23/18/20190923185100_00160.jpg,datasets_cloudmask/dataset_cropped/09_Metas/23/18/20190923185100_00160.png,11.9,0,11.8,23,963
9/23/2019 18:52,datasets/dataset_cropped/09_Metas/23/18/20190923185200_00160.jpg,datasets_flow/dataset_cropped/09_Metas/23/18/20190923185200_00160.jpg,datasets_cloudmask/dataset_cropped/09_Metas/23/18/20190923185200_00160.png,10.8,0,10.6,22.9,963
9/23/2019 18:53,datasets/dataset_cropped/09_Metas/23/18/20190923185300_00160.jpg,datasets_flow/dataset_cropped/09_Metas/23/18/20190923185300_00160.jpg,datasets_cloudmask/dataset_cropped/09_Metas/23/18/20190923185300_00160.png,9.7,0,9.6,22.9,963
9/23/2019 18:54,datasets/dataset_cropped/09_Metas/23/18/20190923185400_00160.jpg,datasets_flow/dataset_cropped/09_Metas/23/18/20190923185400_00160.jpg,datasets_cloudmask/dataset_cropped/09_Metas/23/18/20190923185400_00160.png,8.7,0,8.6,22.8,963
9/23/2019 18:55,datasets/dataset_cropped/09_Metas/23/18/20190923185500_00160.jpg,datasets_flow/dataset_cropped/09_Metas/23/18/20190923185500_00160.jpg,datasets_cloudmask/dataset_cropped/09_Metas/23/18/20190923185500_00160.png,7.7,0,7.6,22.8,963
9/23/2019 18:56,datasets/dataset_cropped/09_Metas/23/18/20190923185600_00160.jpg,datasets_flow/dataset_cropped/09_Metas/23/18/20190923185600_00160.jpg,datasets_cloudmask/dataset_cropped/09_Metas/23/18/20190923185600_00160.png,6.8,0,6.6,22.8,963
9/23/2019 18:57,datasets/dataset_cropped/09_Metas/23/18/20190923185700_00160.jpg,datasets_flow/dataset_cropped/09_Metas/23/18/20190923185700_00160.jpg,datasets_cloudmask/dataset_cropped/09_Metas/23/18/20190923185700_00160.png,5.9,0,5.8,22.8,963
9/23/2019 18:58,datasets/dataset_cropped/09_Metas/23/18/20190923185800_00160.jpg,datasets_flow/dataset_cropped/09_Metas/23/18/20190923185800_00160.jpg,datasets_cloudmask/dataset_cropped/09_Metas/23/18/20190923185800_00160.png,5.1,0,5,22.8,963
9/23/2019 18:59,datasets/dataset_cropped/09_Metas/23/18/20190923185900_00160.jpg,datasets_flow/dataset_cropped/09_Metas/23/18/20190923185900_00160.jpg,datasets_cloudmask/dataset_cropped/09_Metas/23/18/20190923185900_00160.png,4.3,0,4.2,22.8,963
9/23/2019 19:00,datasets/dataset_cropped/09_Metas/23/19/20190923190000_00160.jpg,datasets_flow/dataset_cropped/09_Metas/23/19/20190923190000_00160.jpg,datasets_cloudmask/dataset_cropped/09_Metas/23/19/20190923190000_00160.png,3.5,0,3.4,22.8,963
9/23/2019 19:01,datasets/dataset_cropped/09_Metas/23/19/20190923190100_00160.jpg,datasets_flow/dataset_cropped/09_Metas/23/19/20190923190100_00160.jpg,datasets_cloudmask/dataset_cropped/09_Metas/23/19/20190923190100_00160.png,2.9,0,2.8,22.7,963
9/23/2019 19:02,datasets/dataset_cropped/09_Metas/23/19/20190923190200_00160.jpg,datasets_flow/dataset_cropped/09_Metas/23/19/20190923190200_00160.jpg,datasets_cloudmask/dataset_cropped/09_Metas/23/19/20190923190200_00160.png,2.3,0,2.2,22.7,963
9/23/2019 19:03,datasets/dataset_cropped/09_Metas/23/19/20190923190300_00160.jpg,datasets_flow/dataset_cropped/09_Metas/23/19/20190923190300_00160.jpg,datasets_cloudmask/dataset_cropped/09_Metas/23/19/20190923190300_00160.png,1.9,0,1.7,22.7,963
9/24/2019 7:00,datasets/dataset_cropped/09_Metas/24/07/20190924070030_00160.jpg,datasets_flow/dataset_cropped/09_Metas/24/07/20190924070030_00160.jpg,datasets_cloudmask/dataset_cropped/09_Metas/24/07/20190924070030_00160.png,4.2,0,4,16.2,963
9/24/2019 7:01,datasets/dataset_cropped/09_Metas/24/07/20190924070100_00160.jpg,datasets_flow/dataset_cropped/09_Metas/24/07/20190924070100_00160.jpg,datasets_cloudmask/dataset_cropped/09_Metas/24/07/20190924070100_00160.png,4.2,0,4,16.2,963
9/24/2019 7:02,datasets/dataset_cropped/09_Metas/24/07/20190924070200_00160.jpg,datasets_flow/dataset_cropped/09_Metas/24/07/20190924070200_00160.jpg,datasets_cloudmask/dataset_cropped/09_Metas/24/07/20190924070200_00160.png,4.8,0,4.7,16.2,963
9/24/2019 7:03,datasets/dataset_cropped/09_Metas/24/07/20190924070300_00160.jpg,datasets_flow/dataset_cropped/09_Metas/24/07/20190924070300_00160.jpg,datasets_cloudmask/dataset_cropped/09_Metas/24/07/20190924070300_00160.png,5.3,1.6,5.3,16.1,963
9/24/2019 7:04,datasets/dataset_cropped/09_Metas/24/07/20190924070400_00160.jpg,datasets_flow/dataset_cropped/09_Metas/24/07/20190924070400_00160.jpg,datasets_cloudmask/dataset_cropped/09_Metas/24/07/20190924070400_00160.png,6.3,17.1,5.9,16.1,963
9/24/2019 7:05,datasets/dataset_cropped/09_Metas/24/07/20190924070500_00160.jpg,datasets_flow/dataset_cropped/09_Metas/24/07/20190924070500_00160.jpg,datasets_cloudmask/dataset_cropped/09_Metas/24/07/20190924070500_00160.png,7.6,37.5,6.7,16.1,963
9/24/2019 7:06,datasets/dataset_cropped/09_Metas/24/07/20190924070600_00160.jpg,datasets_flow/dataset_cropped/09_Metas/24/07/20190924070600_00160.jpg,datasets_cloudmask/dataset_cropped/09_Metas/24/07/20190924070600_00160.png,8.9,49,7.5,16.1,963
9/24/2019 7:07,datasets/dataset_cropped/09_Metas/24/07/20190924070700_00160.jpg,datasets_flow/dataset_cropped/09_Metas/24/07/20190924070700_00160.jpg,datasets_cloudmask/dataset_cropped/09_Metas/24/07/20190924070700_00160.png,10.2,68.8,8.3,16.1,963
9/24/2019 7:08,datasets/dataset_cropped/09_Metas/24/07/20190924070800_00160.jpg,datasets_flow/dataset_cropped/09_Metas/24/07/20190924070800_00160.jpg,datasets_cloudmask/dataset_cropped/09_Metas/24/07/20190924070800_00160.png,11.6,93.4,8.9,16.2,963
9/24/2019 7:09,datasets/dataset_cropped/09_Metas/24/07/20190924070900_00160.jpg,datasets_flow/dataset_cropped/09_Metas/24/07/20190924070900_00160.jpg,datasets_cloudmask/dataset_cropped/09_Metas/24/07/20190924070900_00160.png,13,108.4,9.6,16.2,963
9/24/2019 7:10,datasets/dataset_cropped/09_Metas/24/07/20190924071000_00160.jpg,datasets_flow/dataset_cropped/09_Metas/24/07/20190924071000_00160.jpg,datasets_cloudmask/dataset_cropped/09_Metas/24/07/20190924071000_00160.png,14.3,120.6,10.4,16.2,963
9/24/2019 7:11,datasets/dataset_cropped/09_Metas/24/07/20190924071100_00160.jpg,datasets_flow/dataset_cropped/09_Metas/24/07/20190924071100_00160.jpg,datasets_cloudmask/dataset_cropped/09_Metas/24/07/20190924071100_00160.png,15.8,131.9,11.2,16.2,963
9/24/2019 7:12,datasets/dataset_cropped/09_Metas/24/07/20190924071200_00160.jpg,datasets_flow/dataset_cropped/09_Metas/24/07/20190924071200_00160.jpg,datasets_cloudmask/dataset_cropped/09_Metas/24/07/20190924071200_00160.png,17.5,149.8,11.9,16.3,963
9/24/2019 7:13,datasets/dataset_cropped/09_Metas/24/07/20190924071300_00160.jpg,datasets_flow/dataset_cropped/09_Metas/24/07/20190924071300_00160.jpg,datasets_cloudmask/dataset_cropped/09_Metas/24/07/20190924071300_00160.png,18.9,159.5,12.5,16.3,963
9/24/2019 7:14,datasets/dataset_cropped/09_Metas/24/07/20190924071400_00160.jpg,datasets_flow/dataset_cropped/09_Metas/24/07/20190924071400_00160.jpg,datasets_cloudmask/dataset_cropped/09_Metas/24/07/20190924071400_00160.png,20.3,165.9,13.1,16.4,963
9/24/2019 7:15,datasets/dataset_cropped/09_Metas/24/07/20190924071500_00160.jpg,datasets_flow/dataset_cropped/09_Metas/24/07/20190924071500_00160.jpg,datasets_cloudmask/dataset_cropped/09_Metas/24/07/20190924071500_00160.png,22.1,177.5,13.9,16.4,963
9/24/2019 7:16,datasets/dataset_cropped/09_Metas/24/07/20190924071600_00160.jpg,datasets_flow/dataset_cropped/09_Metas/24/07/20190924071600_00160.jpg,datasets_cloudmask/dataset_cropped/09_Metas/24/07/20190924071600_00160.png,23.8,185.5,14.7,16.5,963
9/24/2019 7:17,datasets/dataset_cropped/09_Metas/24/07/20190924071700_00160.jpg,datasets_flow/dataset_cropped/09_Metas/24/07/20190924071700_00160.jpg,datasets_cloudmask/dataset_cropped/09_Metas/24/07/20190924071700_00160.png,26.1,202.5,15.6,16.6,963
9/24/2019 7:18,datasets/dataset_cropped/09_Metas/24/07/20190924071800_00160.jpg,datasets_flow/dataset_cropped/09_Metas/24/07/20190924071800_00160.jpg,datasets_cloudmask/dataset_cropped/09_Metas/24/07/20190924071800_00160.png,29,226.8,16.4,16.6,963
9/24/2019 7:19,datasets/dataset_cropped/09_Metas/24/07/20190924071900_00160.jpg,datasets_flow/dataset_cropped/09_Metas/24/07/20190924071900_00160.jpg,datasets_cloudmask/dataset_cropped/09_Metas/24/07/20190924071900_00160.png,31.1,240.2,16.9,16.6,963
9/24/2019 7:20,datasets/dataset_cropped/09_Metas/24/07/20190924072000_00160.jpg,datasets_flow/dataset_cropped/09_Metas/24/07/20190924072000_00160.jpg,datasets_cloudmask/dataset_cropped/09_Metas/24/07/20190924072000_00160.png,33,249.8,17.5,16.6,963
9/24/2019 7:21,datasets/dataset_cropped/09_Metas/24/07/20190924072100_00160.jpg,datasets_flow/dataset_cropped/09_Metas/24/07/20190924072100_00160.jpg,datasets_cloudmask/dataset_cropped/09_Metas/24/07/20190924072100_00160.png,35.1,257.9,18.1,16.7,963
9/24/2019 7:22,datasets/dataset_cropped/09_Metas/24/07/20190924072200_00160.jpg,datasets_flow/dataset_cropped/09_Metas/24/07/20190924072200_00160.jpg,datasets_cloudmask/dataset_cropped/09_Metas/24/07/20190924072200_00160.png,37.2,265.6,18.8,16.8,963
9/24/2019 7:23,datasets/dataset_cropped/09_Metas/24/07/20190924072300_00160.jpg,datasets_flow/dataset_cropped/09_Metas/24/07/20190924072300_00160.jpg,datasets_cloudmask/dataset_cropped/09_Metas/24/07/20190924072300_00160.png,39.7,277.9,19.6,16.8,963
9/24/2019 7:24,datasets/dataset_cropped/09_Metas/24/07/20190924072400_00160.jpg,datasets_flow/dataset_cropped/09_Metas/24/07/20190924072400_00160.jpg,datasets_cloudmask/dataset_cropped/09_Metas/24/07/20190924072400_00160.png,42.7,294.2,20.3,16.9,963
9/24/2019 7:25,datasets/dataset_cropped/09_Metas/24/07/20190924072500_00160.jpg,datasets_flow/dataset_cropped/09_Metas/24/07/20190924072500_00160.jpg,datasets_cloudmask/dataset_cropped/09_Metas/24/07/20190924072500_00160.png,45.3,305.6,21,17,963
9/24/2019 7:26,datasets/dataset_cropped/09_Metas/24/07/20190924072600_00160.jpg,datasets_flow/dataset_cropped/09_Metas/24/07/20190924072600_00160.jpg,datasets_cloudmask/dataset_cropped/09_Metas/24/07/20190924072600_00160.png,48,316.8,21.7,17.1,963
9/24/2019 7:27,datasets/dataset_cropped/09_Metas/24/07/20190924072700_00160.jpg,datasets_flow/dataset_cropped/09_Metas/24/07/20190924072700_00160.jpg,datasets_cloudmask/dataset_cropped/09_Metas/24/07/20190924072700_00160.png,51,331.1,22.4,17.2,963
9/24/2019 7:28,datasets/dataset_cropped/09_Metas/24/07/20190924072800_00160.jpg,datasets_flow/dataset_cropped/09_Metas/24/07/20190924072800_00160.jpg,datasets_cloudmask/dataset_cropped/09_Metas/24/07/20190924072800_00160.png,53.9,343.3,23.1,17.3,963
9/24/2019 7:29,datasets/dataset_cropped/09_Metas/24/07/20190924072900_00160.jpg,datasets_flow/dataset_cropped/09_Metas/24/07/20190924072900_00160.jpg,datasets_cloudmask/dataset_cropped/09_Metas/24/07/20190924072900_00160.png,56.6,351.5,23.8,17.4,963
9/24/2019 7:30,datasets/dataset_cropped/09_Metas/24/07/20190924073000_00160.jpg,datasets_flow/dataset_cropped/09_Metas/24/07/20190924073000_00160.jpg,datasets_cloudmask/dataset_cropped/09_Metas/24/07/20190924073000_00160.png,58.8,355.8,24.5,17.5,963
9/24/2019 7:31,datasets/dataset_cropped/09_Metas/24/07/20190924073100_00160.jpg,datasets_flow/dataset_cropped/09_Metas/24/07/20190924073100_00160.jpg,datasets_cloudmask/dataset_cropped/09_Metas/24/07/20190924073100_00160.png,61.6,364.8,25.2,17.5,963
9/24/2019 7:32,datasets/dataset_cropped/09_Metas/24/07/20190924073200_00160.jpg,datasets_flow/dataset_cropped/09_Metas/24/07/20190924073200_00160.jpg,datasets_cloudmask/dataset_cropped/09_Metas/24/07/20190924073200_00160.png,65.2,381.2,25.8,17.5,963
9/24/2019 7:33,datasets/dataset_cropped/09_Metas/24/07/20190924073300_00160.jpg,datasets_flow/dataset_cropped/09_Metas/24/07/20190924073300_00160.jpg,datasets_cloudmask/dataset_cropped/09_Metas/24/07/20190924073300_00160.png,68.2,391.2,26.4,17.4,963
9/24/2019 7:34,datasets/dataset_cropped/09_Metas/24/07/20190924073400_00160.jpg,datasets_flow/dataset_cropped/09_Metas/24/07/20190924073400_00160.jpg,datasets_cloudmask/dataset_cropped/09_Metas/24/07/20190924073400_00160.png,71,398.7,27.1,17.3,963
9/24/2019 7:35,datasets/dataset_cropped/09_Metas/24/07/20190924073500_00160.jpg,datasets_flow/dataset_cropped/09_Metas/24/07/20190924073500_00160.jpg,datasets_cloudmask/dataset_cropped/09_Metas/24/07/20190924073500_00160.png,74.1,409.4,27.6,17.3,963
9/24/2019 7:36,datasets/dataset_cropped/09_Metas/24/07/20190924073600_00160.jpg,datasets_flow/dataset_cropped/09_Metas/24/07/20190924073600_00160.jpg,datasets_cloudmask/dataset_cropped/09_Metas/24/07/20190924073600_00160.png,77,417.7,28.1,17.4,963
9/24/2019 7:37,datasets/dataset_cropped/09_Metas/24/07/20190924073700_00160.jpg,datasets_flow/dataset_cropped/09_Metas/24/07/20190924073700_00160.jpg,datasets_cloudmask/dataset_cropped/09_Metas/24/07/20190924073700_00160.png,80,425.9,28.7,17.3,963
9/24/2019 7:38,datasets/dataset_cropped/09_Metas/24/07/20190924073800_00160.jpg,datasets_flow/dataset_cropped/09_Metas/24/07/20190924073800_00160.jpg,datasets_cloudmask/dataset_cropped/09_Metas/24/07/20190924073800_00160.png,83.2,435.3,29.2,17.3,963
9/24/2019 7:39,datasets/dataset_cropped/09_Metas/24/07/20190924073900_00160.jpg,datasets_flow/dataset_cropped/09_Metas/24/07/20190924073900_00160.jpg,datasets_cloudmask/dataset_cropped/09_Metas/24/07/20190924073900_00160.png,86.4,444.4,29.8,17.3,963
9/24/2019 7:40,datasets/dataset_cropped/09_Metas/24/07/20190924074000_00160.jpg,datasets_flow/dataset_cropped/09_Metas/24/07/20190924074000_00160.jpg,datasets_cloudmask/dataset_cropped/09_Metas/24/07/20190924074000_00160.png,89.5,451.9,30.4,17.4,963
9/24/2019 7:41,datasets/dataset_cropped/09_Metas/24/07/20190924074100_00160.jpg,datasets_flow/dataset_cropped/09_Metas/24/07/20190924074100_00160.jpg,datasets_cloudmask/dataset_cropped/09_Metas/24/07/20190924074100_00160.png,92.6,459.6,30.9,17.5,963
9/24/2019 7:42,datasets/dataset_cropped/09_Metas/24/07/20190924074200_00160.jpg,datasets_flow/dataset_cropped/09_Metas/24/07/20190924074200_00160.jpg,datasets_cloudmask/dataset_cropped/09_Metas/24/07/20190924074200_00160.png,95.7,467.6,31.4,17.6,963
9/24/2019 7:43,datasets/dataset_cropped/09_Metas/24/07/20190924074300_00160.jpg,datasets_flow/dataset_cropped/09_Metas/24/07/20190924074300_00160.jpg,datasets_cloudmask/dataset_cropped/09_Metas/24/07/20190924074300_00160.png,98.9,475.1,32,17.7,963
9/24/2019 7:44,datasets/dataset_cropped/09_Metas/24/07/20190924074400_00160.jpg,datasets_flow/dataset_cropped/09_Metas/24/07/20190924074400_00160.jpg,datasets_cloudmask/dataset_cropped/09_Metas/24/07/20190924074400_00160.png,102.2,482.8,32.5,17.8,963
9/24/2019 7:45,datasets/dataset_cropped/09_Metas/24/07/20190924074500_00160.jpg,datasets_flow/dataset_cropped/09_Metas/24/07/20190924074500_00160.jpg,datasets_cloudmask/dataset_cropped/09_Metas/24/07/20190924074500_00160.png,105.5,490.4,33,17.9,963
9/24/2019 7:46,datasets/dataset_cropped/09_Metas/24/07/20190924074600_00160.jpg,datasets_flow/dataset_cropped/09_Metas/24/07/20190924074600_00160.jpg,datasets_cloudmask/dataset_cropped/09_Metas/24/07/20190924074600_00160.png,108.7,497.3,33.6,18,963
9/24/2019 7:47,datasets/dataset_cropped/09_Metas/24/07/20190924074700_00160.jpg,datasets_flow/dataset_cropped/09_Metas/24/07/20190924074700_00160.jpg,datasets_cloudmask/dataset_cropped/09_Metas/24/07/20190924074700_00160.png,111.9,503.9,34.1,18.2,963
9/24/2019 7:48,datasets/dataset_cropped/09_Metas/24/07/20190924074800_00160.jpg,datasets_flow/dataset_cropped/09_Metas/24/07/20190924074800_00160.jpg,datasets_cloudmask/dataset_cropped/09_Metas/24/07/20190924074800_00160.png,115.1,510,34.5,18.3,963
9/24/2019 7:49,datasets/dataset_cropped/09_Metas/24/07/20190924074900_00160.jpg,datasets_flow/dataset_cropped/09_Metas/24/07/20190924074900_00160.jpg,datasets_cloudmask/dataset_cropped/09_Metas/24/07/20190924074900_00160.png,118.3,516,35,18.4,963
9/24/2019 7:50,datasets/dataset_cropped/09_Metas/24/07/20190924075000_00160.jpg,datasets_flow/dataset_cropped/09_Metas/24/07/20190924075000_00160.jpg,datasets_cloudmask/dataset_cropped/09_Metas/24/07/20190924075000_00160.png,121.5,522.7,35.5,18.5,963
9/24/2019 7:51,datasets/dataset_cropped/09_Metas/24/07/20190924075100_00160.jpg,datasets_flow/dataset_cropped/09_Metas/24/07/20190924075100_00160.jpg,datasets_cloudmask/dataset_cropped/09_Metas/24/07/20190924075100_00160.png,124.9,529.3,36,18.6,963
9/24/2019 7:52,datasets/dataset_cropped/09_Metas/24/07/20190924075200_00160.jpg,datasets_flow/dataset_cropped/09_Metas/24/07/20190924075200_00160.jpg,datasets_cloudmask/dataset_cropped/09_Metas/24/07/20190924075200_00160.png,128.3,535.5,36.5,18.7,963
9/24/2019 7:53,datasets/dataset_cropped/09_Metas/24/07/20190924075300_00160.jpg,datasets_flow/dataset_cropped/09_Metas/24/07/20190924075300_00160.jpg,datasets_cloudmask/dataset_cropped/09_Metas/24/07/20190924075300_00160.png,131.4,540.6,36.9,18.7,963
9/24/2019 7:54,datasets/dataset_cropped/09_Metas/24/07/20190924075400_00160.jpg,datasets_flow/dataset_cropped/09_Metas/24/07/20190924075400_00160.jpg,datasets_cloudmask/dataset_cropped/09_Metas/24/07/20190924075400_00160.png,134.7,546.3,37.4,18.8,963
9/24/2019 7:55,datasets/dataset_cropped/09_Metas/24/07/20190924075500_00160.jpg,datasets_flow/dataset_cropped/09_Metas/24/07/20190924075500_00160.jpg,datasets_cloudmask/dataset_cropped/09_Metas/24/07/20190924075500_00160.png,138,552.1,37.7,18.9,963
9/24/2019 7:56,datasets/dataset_cropped/09_Metas/24/07/20190924075600_00160.jpg,datasets_flow/dataset_cropped/09_Metas/24/07/20190924075600_00160.jpg,datasets_cloudmask/dataset_cropped/09_Metas/24/07/20190924075600_00160.png,141.2,557.3,38.1,19,963
9/24/2019 7:57,datasets/dataset_cropped/09_Metas/24/07/20190924075700_00160.jpg,datasets_flow/dataset_cropped/09_Metas/24/07/20190924075700_00160.jpg,datasets_cloudmask/dataset_cropped/09_Metas/24/07/20190924075700_00160.png,144.6,563.2,38.6,19.1,963
9/24/2019 7:58,datasets/dataset_cropped/09_Metas/24/07/20190924075800_00160.jpg,datasets_flow/dataset_cropped/09_Metas/24/07/20190924075800_00160.jpg,datasets_cloudmask/dataset_cropped/09_Metas/24/07/20190924075800_00160.png,148,569.3,39,19.2,963
9/24/2019 7:59,datasets/dataset_cropped/09_Metas/24/07/20190924075900_00160.jpg,datasets_flow/dataset_cropped/09_Metas/24/07/20190924075900_00160.jpg,datasets_cloudmask/dataset_cropped/09_Metas/24/07/20190924075900_00160.png,151.3,574.4,39.4,19.3,963
9/24/2019 8:00,datasets/dataset_cropped/09_Metas/24/08/20190924080000_00160.jpg,datasets_flow/dataset_cropped/09_Metas/24/08/20190924080000_00160.jpg,datasets_cloudmask/dataset_cropped/09_Metas/24/08/20190924080000_00160.png,154.4,578.6,39.7,19.4,963
9/24/2019 8:01,datasets/dataset_cropped/09_Metas/24/08/20190924080100_00160.jpg,datasets_flow/dataset_cropped/09_Metas/24/08/20190924080100_00160.jpg,datasets_cloudmask/dataset_cropped/09_Metas/24/08/20190924080100_00160.png,157.8,583.9,40.1,19.5,963
9/24/2019 8:02,datasets/dataset_cropped/09_Metas/24/08/20190924080200_00160.jpg,datasets_flow/dataset_cropped/09_Metas/24/08/20190924080200_00160.jpg,datasets_cloudmask/dataset_cropped/09_Metas/24/08/20190924080200_00160.png,161.3,589.6,40.5,19.6,963
9/24/2019 8:03,datasets/dataset_cropped/09_Metas/24/08/20190924080300_00160.jpg,datasets_flow/dataset_cropped/09_Metas/24/08/20190924080300_00160.jpg,datasets_cloudmask/dataset_cropped/09_Metas/24/08/20190924080300_00160.png,164.8,595.4,41,19.7,963
9/24/2019 8:04,datasets/dataset_cropped/09_Metas/24/08/20190924080400_00160.jpg,datasets_flow/dataset_cropped/09_Metas/24/08/20190924080400_00160.jpg,datasets_cloudmask/dataset_cropped/09_Metas/24/08/20190924080400_00160.png,168.1,600,41.3,19.9,963
9/24/2019 8:05,datasets/dataset_cropped/09_Metas/24/08/20190924080500_00160.jpg,datasets_flow/dataset_cropped/09_Metas/24/08/20190924080500_00160.jpg,datasets_cloudmask/dataset_cropped/09_Metas/24/08/20190924080500_00160.png,171.4,604.4,41.7,20.1,963
9/24/2019 8:06,datasets/dataset_cropped/09_Metas/24/08/20190924080600_00160.jpg,datasets_flow/dataset_cropped/09_Metas/24/08/20190924080600_00160.jpg,datasets_cloudmask/dataset_cropped/09_Metas/24/08/20190924080600_00160.png,174.7,608.7,42.1,20.3,963
9/24/2019 8:07,datasets/dataset_cropped/09_Metas/24/08/20190924080700_00160.jpg,datasets_flow/dataset_cropped/09_Metas/24/08/20190924080700_00160.jpg,datasets_cloudmask/dataset_cropped/09_Metas/24/08/20190924080700_00160.png,177.9,612,42.5,20.4,963
9/24/2019 8:08,datasets/dataset_cropped/09_Metas/24/08/20190924080800_00160.jpg,datasets_flow/dataset_cropped/09_Metas/24/08/20190924080800_00160.jpg,datasets_cloudmask/dataset_cropped/09_Metas/24/08/20190924080800_00160.png,181.1,616,42.9,20.4,963
9/24/2019 8:09,datasets/dataset_cropped/09_Metas/24/08/20190924080900_00160.jpg,datasets_flow/dataset_cropped/09_Metas/24/08/20190924080900_00160.jpg,datasets_cloudmask/dataset_cropped/09_Metas/24/08/20190924080900_00160.png,184.4,620.1,43.2,20.4,963
9/24/2019 8:10,datasets/dataset_cropped/09_Metas/24/08/20190924081000_00160.jpg,datasets_flow/dataset_cropped/09_Metas/24/08/20190924081000_00160.jpg,datasets_cloudmask/dataset_cropped/09_Metas/24/08/20190924081000_00160.png,187.8,624.6,43.5,20.4,963
9/24/2019 8:11,datasets/dataset_cropped/09_Metas/24/08/20190924081100_00160.jpg,datasets_flow/dataset_cropped/09_Metas/24/08/20190924081100_00160.jpg,datasets_cloudmask/dataset_cropped/09_Metas/24/08/20190924081100_00160.png,191.3,628.9,43.9,20.3,963
9/24/2019 8:12,datasets/dataset_cropped/09_Metas/24/08/20190924081200_00160.jpg,datasets_flow/dataset_cropped/09_Metas/24/08/20190924081200_00160.jpg,datasets_cloudmask/dataset_cropped/09_Metas/24/08/20190924081200_00160.png,194.7,633,44.2,20.5,963
9/24/2019 8:13,datasets/dataset_cropped/09_Metas/24/08/20190924081300_00160.jpg,datasets_flow/dataset_cropped/09_Metas/24/08/20190924081300_00160.jpg,datasets_cloudmask/dataset_cropped/09_Metas/24/08/20190924081300_00160.png,198.1,637,44.5,20.5,963
9/24/2019 8:14,datasets/dataset_cropped/09_Metas/24/08/20190924081400_00160.jpg,datasets_flow/dataset_cropped/09_Metas/24/08/20190924081400_00160.jpg,datasets_cloudmask/dataset_cropped/09_Metas/24/08/20190924081400_00160.png,201.4,640.7,44.8,20.6,963
9/24/2019 8:15,datasets/dataset_cropped/09_Metas/24/08/20190924081500_00160.jpg,datasets_flow/dataset_cropped/09_Metas/24/08/20190924081500_00160.jpg,datasets_cloudmask/dataset_cropped/09_Metas/24/08/20190924081500_00160.png,204.5,643.1,45.1,20.7,963
9/24/2019 8:16,datasets/dataset_cropped/09_Metas/24/08/20190924081600_00160.jpg,datasets_flow/dataset_cropped/09_Metas/24/08/20190924081600_00160.jpg,datasets_cloudmask/dataset_cropped/09_Metas/24/08/20190924081600_00160.png,207.9,647.1,45.5,20.8,963
9/24/2019 8:17,datasets/dataset_cropped/09_Metas/24/08/20190924081700_00160.jpg,datasets_flow/dataset_cropped/09_Metas/24/08/20190924081700_00160.jpg,datasets_cloudmask/dataset_cropped/09_Metas/24/08/20190924081700_00160.png,211.4,651.6,45.8,20.9,963
9/24/2019 8:18,datasets/dataset_cropped/09_Metas/24/08/20190924081800_00160.jpg,datasets_flow/dataset_cropped/09_Metas/24/08/20190924081800_00160.jpg,datasets_cloudmask/dataset_cropped/09_Metas/24/08/20190924081800_00160.png,214.9,655.4,46.2,21.1,963
9/24/2019 8:19,datasets/dataset_cropped/09_Metas/24/08/20190924081900_00160.jpg,datasets_flow/dataset_cropped/09_Metas/24/08/20190924081900_00160.jpg,datasets_cloudmask/dataset_cropped/09_Metas/24/08/20190924081900_00160.png,218.3,659.1,46.4,21.1,963
9/24/2019 8:20,datasets/dataset_cropped/09_Metas/24/08/20190924082000_00160.jpg,datasets_flow/dataset_cropped/09_Metas/24/08/20190924082000_00160.jpg,datasets_cloudmask/dataset_cropped/09_Metas/24/08/20190924082000_00160.png,221.9,663.8,46.6,21.1,963
9/24/2019 8:21,datasets/dataset_cropped/09_Metas/24/08/20190924082100_00160.jpg,datasets_flow/dataset_cropped/09_Metas/24/08/20190924082100_00160.jpg,datasets_cloudmask/dataset_cropped/09_Metas/24/08/20190924082100_00160.png,225.5,668.1,47,21.3,963
9/24/2019 8:22,datasets/dataset_cropped/09_Metas/24/08/20190924082200_00160.jpg,datasets_flow/dataset_cropped/09_Metas/24/08/20190924082200_00160.jpg,datasets_cloudmask/dataset_cropped/09_Metas/24/08/20190924082200_00160.png,228.9,671.5,47.2,21.4,963
9/24/2019 8:23,datasets/dataset_cropped/09_Metas/24/08/20190924082300_00160.jpg,datasets_flow/dataset_cropped/09_Metas/24/08/20190924082300_00160.jpg,datasets_cloudmask/dataset_cropped/09_Metas/24/08/20190924082300_00160.png,232.4,675.5,47.4,21.5,963
9/24/2019 8:24,datasets/dataset_cropped/09_Metas/24/08/20190924082400_00160.jpg,datasets_flow/dataset_cropped/09_Metas/24/08/20190924082400_00160.jpg,datasets_cloudmask/dataset_cropped/09_Metas/24/08/20190924082400_00160.png,235.7,678.3,47.8,21.6,963
9/24/2019 8:25,datasets/dataset_cropped/09_Metas/24/08/20190924082500_00160.jpg,datasets_flow/dataset_cropped/09_Metas/24/08/20190924082500_00160.jpg,datasets_cloudmask/dataset_cropped/09_Metas/24/08/20190924082500_00160.png,239.3,682.1,48.1,21.6,963
9/24/2019 8:26,datasets/dataset_cropped/09_Metas/24/08/20190924082600_00160.jpg,datasets_flow/dataset_cropped/09_Metas/24/08/20190924082600_00160.jpg,datasets_cloudmask/dataset_cropped/09_Metas/24/08/20190924082600_00160.png,242.7,685.8,48.4,21.6,963
9/24/2019 8:27,datasets/dataset_cropped/09_Metas/24/08/20190924082700_00160.jpg,datasets_flow/dataset_cropped/09_Metas/24/08/20190924082700_00160.jpg,datasets_cloudmask/dataset_cropped/09_Metas/24/08/20190924082700_00160.png,246.2,689.4,48.6,21.7,963
9/24/2019 8:28,datasets/dataset_cropped/09_Metas/24/08/20190924082800_00160.jpg,datasets_flow/dataset_cropped/09_Metas/24/08/20190924082800_00160.jpg,datasets_cloudmask/dataset_cropped/09_Metas/24/08/20190924082800_00160.png,249.8,693.1,49,21.8,963
9/24/2019 8:29,datasets/dataset_cropped/09_Metas/24/08/20190924082900_00160.jpg,datasets_flow/dataset_cropped/09_Metas/24/08/20190924082900_00160.jpg,datasets_cloudmask/dataset_cropped/09_Metas/24/08/20190924082900_00160.png,253.1,696.7,49,22,963
9/24/2019 8:30,datasets/dataset_cropped/09_Metas/24/08/20190924083000_00160.jpg,datasets_flow/dataset_cropped/09_Metas/24/08/20190924083000_00160.jpg,datasets_cloudmask/dataset_cropped/09_Metas/24/08/20190924083000_00160.png,256.5,700.1,49.1,22.1,963
9/24/2019 8:31,datasets/dataset_cropped/09_Metas/24/08/20190924083100_00160.jpg,datasets_flow/dataset_cropped/09_Metas/24/08/20190924083100_00160.jpg,datasets_cloudmask/dataset_cropped/09_Metas/24/08/20190924083100_00160.png,259.9,703.1,49.3,22.2,963
9/24/2019 8:32,datasets/dataset_cropped/09_Metas/24/08/20190924083200_00160.jpg,datasets_flow/dataset_cropped/09_Metas/24/08/20190924083200_00160.jpg,datasets_cloudmask/dataset_cropped/09_Metas/24/08/20190924083200_00160.png,263.5,706.1,49.8,22.4,963
9/24/2019 8:33,datasets/dataset_cropped/09_Metas/24/08/20190924083300_00160.jpg,datasets_flow/dataset_cropped/09_Metas/24/08/20190924083300_00160.jpg,datasets_cloudmask/dataset_cropped/09_Metas/24/08/20190924083300_00160.png,267.1,709.7,49.9,22.5,963
9/24/2019 8:34,datasets/dataset_cropped/09_Metas/24/08/20190924083400_00160.jpg,datasets_flow/dataset_cropped/09_Metas/24/08/20190924083400_00160.jpg,datasets_cloudmask/dataset_cropped/09_Metas/24/08/20190924083400_00160.png,270.6,712.9,50.1,22.4,963
9/24/2019 8:35,datasets/dataset_cropped/09_Metas/24/08/20190924083500_00160.jpg,datasets_flow/dataset_cropped/09_Metas/24/08/20190924083500_00160.jpg,datasets_cloudmask/dataset_cropped/09_Metas/24/08/20190924083500_00160.png,273.7,715,50.3,22.3,963
9/24/2019 8:36,datasets/dataset_cropped/09_Metas/24/08/20190924083600_00160.jpg,datasets_flow/dataset_cropped/09_Metas/24/08/20190924083600_00160.jpg,datasets_cloudmask/dataset_cropped/09_Metas/24/08/20190924083600_00160.png,276.9,716.8,50.7,22.3,963
9/24/2019 8:37,datasets/dataset_cropped/09_Metas/24/08/20190924083700_00160.jpg,datasets_flow/dataset_cropped/09_Metas/24/08/20190924083700_00160.jpg,datasets_cloudmask/dataset_cropped/09_Metas/24/08/20190924083700_00160.png,280.1,718.5,51.2,22.2,963
9/24/2019 8:38,datasets/dataset_cropped/09_Metas/24/08/20190924083800_00160.jpg,datasets_flow/dataset_cropped/09_Metas/24/08/20190924083800_00160.jpg,datasets_cloudmask/dataset_cropped/09_Metas/24/08/20190924083800_00160.png,283.8,722.5,51.4,22.1,963
9/24/2019 8:39,datasets/dataset_cropped/09_Metas/24/08/20190924083900_00160.jpg,datasets_flow/dataset_cropped/09_Metas/24/08/20190924083900_00160.jpg,datasets_cloudmask/dataset_cropped/09_Metas/24/08/20190924083900_00160.png,287.7,727.5,51.5,22,963
9/24/2019 8:40,datasets/dataset_cropped/09_Metas/24/08/20190924084000_00160.jpg,datasets_flow/dataset_cropped/09_Metas/24/08/20190924084000_00160.jpg,datasets_cloudmask/dataset_cropped/09_Metas/24/08/20190924084000_00160.png,291.5,732.1,51.5,21.9,963
9/24/2019 8:41,datasets/dataset_cropped/09_Metas/24/08/20190924084100_00160.jpg,datasets_flow/dataset_cropped/09_Metas/24/08/20190924084100_00160.jpg,datasets_cloudmask/dataset_cropped/09_Metas/24/08/20190924084100_00160.png,294.9,734.8,51.6,21.9,963
9/24/2019 8:42,datasets/dataset_cropped/09_Metas/24/08/20190924084200_00160.jpg,datasets_flow/dataset_cropped/09_Metas/24/08/20190924084200_00160.jpg,datasets_cloudmask/dataset_cropped/09_Metas/24/08/20190924084200_00160.png,298.1,737.2,51.6,21.9,963
9/24/2019 8:43,datasets/dataset_cropped/09_Metas/24/08/20190924084300_00160.jpg,datasets_flow/dataset_cropped/09_Metas/24/08/20190924084300_00160.jpg,datasets_cloudmask/dataset_cropped/09_Metas/24/08/20190924084300_00160.png,301.6,740,51.9,21.8,963
9/24/2019 8:44,datasets/dataset_cropped/09_Metas/24/08/20190924084400_00160.jpg,datasets_flow/dataset_cropped/09_Metas/24/08/20190924084400_00160.jpg,datasets_cloudmask/dataset_cropped/09_Metas/24/08/20190924084400_00160.png,305.1,742.9,52.1,21.8,963
9/24/2019 8:45,datasets/dataset_cropped/09_Metas/24/08/20190924084500_00160.jpg,datasets_flow/dataset_cropped/09_Metas/24/08/20190924084500_00160.jpg,datasets_cloudmask/dataset_cropped/09_Metas/24/08/20190924084500_00160.png,308.7,746.1,52.3,21.9,963
9/24/2019 8:46,datasets/dataset_cropped/09_Metas/24/08/20190924084600_00160.jpg,datasets_flow/dataset_cropped/09_Metas/24/08/20190924084600_00160.jpg,datasets_cloudmask/dataset_cropped/09_Metas/24/08/20190924084600_00160.png,311.9,748.2,52.5,21.9,963
9/24/2019 8:47,datasets/dataset_cropped/09_Metas/24/08/20190924084700_00160.jpg,datasets_flow/dataset_cropped/09_Metas/24/08/20190924084700_00160.jpg,datasets_cloudmask/dataset_cropped/09_Metas/24/08/20190924084700_00160.png,315.8,752.5,52.6,21.8,963
9/24/2019 8:48,datasets/dataset_cropped/09_Metas/24/08/20190924084800_00160.jpg,datasets_flow/dataset_cropped/09_Metas/24/08/20190924084800_00160.jpg,datasets_cloudmask/dataset_cropped/09_Metas/24/08/20190924084800_00160.png,319.7,755.9,53,21.9,963
9/24/2019 8:49,datasets/dataset_cropped/09_Metas/24/08/20190924084900_00160.jpg,datasets_flow/dataset_cropped/09_Metas/24/08/20190924084900_00160.jpg,datasets_cloudmask/dataset_cropped/09_Metas/24/08/20190924084900_00160.png,322.7,757.7,53,21.8,963
9/24/2019 8:50,datasets/dataset_cropped/09_Metas/24/08/20190924085000_00160.jpg,datasets_flow/dataset_cropped/09_Metas/24/08/20190924085000_00160.jpg,datasets_cloudmask/dataset_cropped/09_Metas/24/08/20190924085000_00160.png,325.9,759.4,53.1,21.8,963
9/24/2019 8:51,datasets/dataset_cropped/09_Metas/24/08/20190924085100_00160.jpg,datasets_flow/dataset_cropped/09_Metas/24/08/20190924085100_00160.jpg,datasets_cloudmask/dataset_cropped/09_Metas/24/08/20190924085100_00160.png,329.4,761.2,53.5,21.9,963
9/24/2019 8:52,datasets/dataset_cropped/09_Metas/24/08/20190924085200_00160.jpg,datasets_flow/dataset_cropped/09_Metas/24/08/20190924085200_00160.jpg,datasets_cloudmask/dataset_cropped/09_Metas/24/08/20190924085200_00160.png,332.6,763.5,53.6,22,963
9/24/2019 8:53,datasets/dataset_cropped/09_Metas/24/08/20190924085300_00160.jpg,datasets_flow/dataset_cropped/09_Metas/24/08/20190924085300_00160.jpg,datasets_cloudmask/dataset_cropped/09_Metas/24/08/20190924085300_00160.png,335.8,765.4,53.8,22.1,963
9/24/2019 8:54,datasets/dataset_cropped/09_Metas/24/08/20190924085400_00160.jpg,datasets_flow/dataset_cropped/09_Metas/24/08/20190924085400_00160.jpg,datasets_cloudmask/dataset_cropped/09_Metas/24/08/20190924085400_00160.png,339.4,767.7,54,22.3,963
9/24/2019 8:55,datasets/dataset_cropped/09_Metas/24/08/20190924085500_00160.jpg,datasets_flow/dataset_cropped/09_Metas/24/08/20190924085500_00160.jpg,datasets_cloudmask/dataset_cropped/09_Metas/24/08/20190924085500_00160.png,342.2,768.9,54,22.3,963
9/24/2019 8:56,datasets/dataset_cropped/09_Metas/24/08/20190924085600_00160.jpg,datasets_flow/dataset_cropped/09_Metas/24/08/20190924085600_00160.jpg,datasets_cloudmask/dataset_cropped/09_Metas/24/08/20190924085600_00160.png,345.4,770.3,54.2,22.4,963
9/24/2019 8:57,datasets/dataset_cropped/09_Metas/24/08/20190924085700_00160.jpg,datasets_flow/dataset_cropped/09_Metas/24/08/20190924085700_00160.jpg,datasets_cloudmask/dataset_cropped/09_Metas/24/08/20190924085700_00160.png,348.8,772.2,54.5,22.5,963
9/24/2019 8:58,datasets/dataset_cropped/09_Metas/24/08/20190924085800_00160.jpg,datasets_flow/dataset_cropped/09_Metas/24/08/20190924085800_00160.jpg,datasets_cloudmask/dataset_cropped/09_Metas/24/08/20190924085800_00160.png,352.6,775.3,54.9,22.7,963
9/24/2019 8:59,datasets/dataset_cropped/09_Metas/24/08/20190924085900_00160.jpg,datasets_flow/dataset_cropped/09_Metas/24/08/20190924085900_00160.jpg,datasets_cloudmask/dataset_cropped/09_Metas/24/08/20190924085900_00160.png,356.3,777.9,55.3,22.8,963
9/24/2019 9:00,datasets/dataset_cropped/09_Metas/24/09/20190924090000_00160.jpg,datasets_flow/dataset_cropped/09_Metas/24/09/20190924090000_00160.jpg,datasets_cloudmask/dataset_cropped/09_Metas/24/09/20190924090000_00160.png,359.7,779.9,55.7,22.8,963
9/24/2019 9:01,datasets/dataset_cropped/09_Metas/24/09/20190924090100_00160.jpg,datasets_flow/dataset_cropped/09_Metas/24/09/20190924090100_00160.jpg,datasets_cloudmask/dataset_cropped/09_Metas/24/09/20190924090100_00160.png,362.8,781.6,55.8,22.9,963
9/24/2019 9:02,datasets/dataset_cropped/09_Metas/24/09/20190924090200_00160.jpg,datasets_flow/dataset_cropped/09_Metas/24/09/20190924090200_00160.jpg,datasets_cloudmask/dataset_cropped/09_Metas/24/09/20190924090200_00160.png,366.1,783.6,56.2,23.2,963
9/24/2019 9:03,datasets/dataset_cropped/09_Metas/24/09/20190924090300_00160.jpg,datasets_flow/dataset_cropped/09_Metas/24/09/20190924090300_00160.jpg,datasets_cloudmask/dataset_cropped/09_Metas/24/09/20190924090300_00160.png,369.3,785,56.4,23.4,963.5
9/24/2019 9:04,datasets/dataset_cropped/09_Metas/24/09/20190924090400_00160.jpg,datasets_flow/dataset_cropped/09_Metas/24/09/20190924090400_00160.jpg,datasets_cloudmask/dataset_cropped/09_Metas/24/09/20190924090400_00160.png,372.5,786.3,56.5,23.6,964
9/24/2019 9:05,datasets/dataset_cropped/09_Metas/24/09/20190924090500_00160.jpg,datasets_flow/dataset_cropped/09_Metas/24/09/20190924090500_00160.jpg,datasets_cloudmask/dataset_cropped/09_Metas/24/09/20190924090500_00160.png,375.5,787.8,56.6,23.7,963
9/24/2019 9:06,datasets/dataset_cropped/09_Metas/24/09/20190924090600_00160.jpg,datasets_flow/dataset_cropped/09_Metas/24/09/20190924090600_00160.jpg,datasets_cloudmask/dataset_cropped/09_Metas/24/09/20190924090600_00160.png,378.8,790.1,56.6,23.6,963
9/24/2019 9:07,datasets/dataset_cropped/09_Metas/24/09/20190924090700_00160.jpg,datasets_flow/dataset_cropped/09_Metas/24/09/20190924090700_00160.jpg,datasets_cloudmask/dataset_cropped/09_Metas/24/09/20190924090700_00160.png,382.5,792.2,56.9,23.8,963
9/24/2019 9:08,datasets/dataset_cropped/09_Metas/24/09/20190924090800_00160.jpg,datasets_flow/dataset_cropped/09_Metas/24/09/20190924090800_00160.jpg,datasets_cloudmask/dataset_cropped/09_Metas/24/09/20190924090800_00160.png,386.1,795.2,56.9,24,963
9/24/2019 9:09,datasets/dataset_cropped/09_Metas/24/09/20190924090900_00160.jpg,datasets_flow/dataset_cropped/09_Metas/24/09/20190924090900_00160.jpg,datasets_cloudmask/dataset_cropped/09_Metas/24/09/20190924090900_00160.png,390,798.4,57.2,23.9,963
9/24/2019 9:10,datasets/dataset_cropped/09_Metas/24/09/20190924091000_00160.jpg,datasets_flow/dataset_cropped/09_Metas/24/09/20190924091000_00160.jpg,datasets_cloudmask/dataset_cropped/09_Metas/24/09/20190924091000_00160.png,393.2,801,57.1,23.8,963
9/24/2019 9:11,datasets/dataset_cropped/09_Metas/24/09/20190924091100_00160.jpg,datasets_flow/dataset_cropped/09_Metas/24/09/20190924091100_00160.jpg,datasets_cloudmask/dataset_cropped/09_Metas/24/09/20190924091100_00160.png,396.5,803,57.3,23.7,963
9/24/2019 9:12,datasets/dataset_cropped/09_Metas/24/09/20190924091200_00160.jpg,datasets_flow/dataset_cropped/09_Metas/24/09/20190924091200_00160.jpg,datasets_cloudmask/dataset_cropped/09_Metas/24/09/20190924091200_00160.png,399.4,805,57.2,23.8,964
9/24/2019 9:13,datasets/dataset_cropped/09_Metas/24/09/20190924091300_00160.jpg,datasets_flow/dataset_cropped/09_Metas/24/09/20190924091300_00160.jpg,datasets_cloudmask/dataset_cropped/09_Metas/24/09/20190924091300_00160.png,403.1,807,57.5,24,963
9/24/2019 9:14,datasets/dataset_cropped/09_Metas/24/09/20190924091400_00160.jpg,datasets_flow/dataset_cropped/09_Metas/24/09/20190924091400_00160.jpg,datasets_cloudmask/dataset_cropped/09_Metas/24/09/20190924091400_00160.png,406.6,809,57.8,24,963
9/24/2019 9:15,datasets/dataset_cropped/09_Metas/24/09/20190924091500_00160.jpg,datasets_flow/dataset_cropped/09_Metas/24/09/20190924091500_00160.jpg,datasets_cloudmask/dataset_cropped/09_Metas/24/09/20190924091500_00160.png,409.6,810,57.5,23.9,963
9/24/2019 9:16,datasets/dataset_cropped/09_Metas/24/09/20190924091600_00160.jpg,datasets_flow/dataset_cropped/09_Metas/24/09/20190924091600_00160.jpg,datasets_cloudmask/dataset_cropped/09_Metas/24/09/20190924091600_00160.png,413.1,812,57.7,23.9,964
9/24/2019 9:17,datasets/dataset_cropped/09_Metas/24/09/20190924091700_00160.jpg,datasets_flow/dataset_cropped/09_Metas/24/09/20190924091700_00160.jpg,datasets_cloudmask/dataset_cropped/09_Metas/24/09/20190924091700_00160.png,416.3,814,57.9,24,963
9/24/2019 9:18,datasets/dataset_cropped/09_Metas/24/09/20190924091800_00160.jpg,datasets_flow/dataset_cropped/09_Metas/24/09/20190924091800_00160.jpg,datasets_cloudmask/dataset_cropped/09_Metas/24/09/20190924091800_00160.png,419.5,815,58.1,24.1,963
9/24/2019 9:19,datasets/dataset_cropped/09_Metas/24/09/20190924091900_00160.jpg,datasets_flow/dataset_cropped/09_Metas/24/09/20190924091900_00160.jpg,datasets_cloudmask/dataset_cropped/09_Metas/24/09/20190924091900_00160.png,422.6,817,58.4,24.3,963
9/24/2019 9:20,datasets/dataset_cropped/09_Metas/24/09/20190924092000_00160.jpg,datasets_flow/dataset_cropped/09_Metas/24/09/20190924092000_00160.jpg,datasets_cloudmask/dataset_cropped/09_Metas/24/09/20190924092000_00160.png,426.3,819,58.8,24.1,963
9/24/2019 9:21,datasets/dataset_cropped/09_Metas/24/09/20190924092100_00160.jpg,datasets_flow/dataset_cropped/09_Metas/24/09/20190924092100_00160.jpg,datasets_cloudmask/dataset_cropped/09_Metas/24/09/20190924092100_00160.png,429.5,821,59,24.1,963
9/24/2019 9:22,datasets/dataset_cropped/09_Metas/24/09/20190924092200_00160.jpg,datasets_flow/dataset_cropped/09_Metas/24/09/20190924092200_00160.jpg,datasets_cloudmask/dataset_cropped/09_Metas/24/09/20190924092200_00160.png,432.3,822,59.1,24.1,963
9/24/2019 9:23,datasets/dataset_cropped/09_Metas/24/09/20190924092300_00160.jpg,datasets_flow/dataset_cropped/09_Metas/24/09/20190924092300_00160.jpg,datasets_cloudmask/dataset_cropped/09_Metas/24/09/20190924092300_00160.png,435.3,823,59.1,24.1,963
9/24/2019 9:24,datasets/dataset_cropped/09_Metas/24/09/20190924092400_00160.jpg,datasets_flow/dataset_cropped/09_Metas/24/09/20190924092400_00160.jpg,datasets_cloudmask/dataset_cropped/09_Metas/24/09/20190924092400_00160.png,438.6,825,59.3,24.2,963
9/24/2019 9:25,datasets/dataset_cropped/09_Metas/24/09/20190924092500_00160.jpg,datasets_flow/dataset_cropped/09_Metas/24/09/20190924092500_00160.jpg,datasets_cloudmask/dataset_cropped/09_Metas/24/09/20190924092500_00160.png,441.6,827,59.3,24.3,963
9/24/2019 9:26,datasets/dataset_cropped/09_Metas/24/09/20190924092600_00160.jpg,datasets_flow/dataset_cropped/09_Metas/24/09/20190924092600_00160.jpg,datasets_cloudmask/dataset_cropped/09_Metas/24/09/20190924092600_00160.png,445.1,828,59.8,24.1,963
9/24/2019 9:27,datasets/dataset_cropped/09_Metas/24/09/20190924092700_00160.jpg,datasets_flow/dataset_cropped/09_Metas/24/09/20190924092700_00160.jpg,datasets_cloudmask/dataset_cropped/09_Metas/24/09/20190924092700_00160.png,448.2,830,59.9,24.1,963
9/24/2019 9:28,datasets/dataset_cropped/09_Metas/24/09/20190924092800_00160.jpg,datasets_flow/dataset_cropped/09_Metas/24/09/20190924092800_00160.jpg,datasets_cloudmask/dataset_cropped/09_Metas/24/09/20190924092800_00160.png,451.2,831,60.2,24.1,963
9/24/2019 9:29,datasets/dataset_cropped/09_Metas/24/09/20190924092900_00160.jpg,datasets_flow/dataset_cropped/09_Metas/24/09/20190924092900_00160.jpg,datasets_cloudmask/dataset_cropped/09_Metas/24/09/20190924092900_00160.png,454.2,832,60.1,24.1,963
9/24/2019 9:30,datasets/dataset_cropped/09_Metas/24/09/20190924093000_00160.jpg,datasets_flow/dataset_cropped/09_Metas/24/09/20190924093000_00160.jpg,datasets_cloudmask/dataset_cropped/09_Metas/24/09/20190924093000_00160.png,457.2,833,60.2,24.1,963
9/24/2019 9:31,datasets/dataset_cropped/09_Metas/24/09/20190924093100_00160.jpg,datasets_flow/dataset_cropped/09_Metas/24/09/20190924093100_00160.jpg,datasets_cloudmask/dataset_cropped/09_Metas/24/09/20190924093100_00160.png,459.9,834,60.4,24.2,963
9/24/2019 9:32,datasets/dataset_cropped/09_Metas/24/09/20190924093200_00160.jpg,datasets_flow/dataset_cropped/09_Metas/24/09/20190924093200_00160.jpg,datasets_cloudmask/dataset_cropped/09_Metas/24/09/20190924093200_00160.png,461.4,831,60.9,24.1,964
9/24/2019 9:33,datasets/dataset_cropped/09_Metas/24/09/20190924093300_00160.jpg,datasets_flow/dataset_cropped/09_Metas/24/09/20190924093300_00160.jpg,datasets_cloudmask/dataset_cropped/09_Metas/24/09/20190924093300_00160.png,465,833,60.9,24.2,963
9/24/2019 9:34,datasets/dataset_cropped/09_Metas/24/09/20190924093400_00160.jpg,datasets_flow/dataset_cropped/09_Metas/24/09/20190924093400_00160.jpg,datasets_cloudmask/dataset_cropped/09_Metas/24/09/20190924093400_00160.png,468.2,835,61.2,24.2,963
9/24/2019 9:35,datasets/dataset_cropped/09_Metas/24/09/20190924093500_00160.jpg,datasets_flow/dataset_cropped/09_Metas/24/09/20190924093500_00160.jpg,datasets_cloudmask/dataset_cropped/09_Metas/24/09/20190924093500_00160.png,470.5,835,61.1,24.1,963
9/24/2019 9:36,datasets/dataset_cropped/09_Metas/24/09/20190924093600_00160.jpg,datasets_flow/dataset_cropped/09_Metas/24/09/20190924093600_00160.jpg,datasets_cloudmask/dataset_cropped/09_Metas/24/09/20190924093600_00160.png,474.2,838,60.8,24.1,964
9/24/2019 9:37,datasets/dataset_cropped/09_Metas/24/09/20190924093700_00160.jpg,datasets_flow/dataset_cropped/09_Metas/24/09/20190924093700_00160.jpg,datasets_cloudmask/dataset_cropped/09_Metas/24/09/20190924093700_00160.png,478.3,841,61.1,24.3,963
9/24/2019 9:38,datasets/dataset_cropped/09_Metas/24/09/20190924093800_00160.jpg,datasets_flow/dataset_cropped/09_Metas/24/09/20190924093800_00160.jpg,datasets_cloudmask/dataset_cropped/09_Metas/24/09/20190924093800_00160.png,480.9,842,61.3,24.6,964
9/24/2019 9:39,datasets/dataset_cropped/09_Metas/24/09/20190924093900_00160.jpg,datasets_flow/dataset_cropped/09_Metas/24/09/20190924093900_00160.jpg,datasets_cloudmask/dataset_cropped/09_Metas/24/09/20190924093900_00160.png,484.6,844,61.1,24.9,964
9/24/2019 9:40,datasets/dataset_cropped/09_Metas/24/09/20190924094000_00160.jpg,datasets_flow/dataset_cropped/09_Metas/24/09/20190924094000_00160.jpg,datasets_cloudmask/dataset_cropped/09_Metas/24/09/20190924094000_00160.png,488.8,848,61.6,24.8,963
9/24/2019 9:41,datasets/dataset_cropped/09_Metas/24/09/20190924094100_00160.jpg,datasets_flow/dataset_cropped/09_Metas/24/09/20190924094100_00160.jpg,datasets_cloudmask/dataset_cropped/09_Metas/24/09/20190924094100_00160.png,492.6,851,61.2,24.6,964
9/24/2019 9:42,datasets/dataset_cropped/09_Metas/24/09/20190924094200_00160.jpg,datasets_flow/dataset_cropped/09_Metas/24/09/20190924094200_00160.jpg,datasets_cloudmask/dataset_cropped/09_Metas/24/09/20190924094200_00160.png,496.6,855,61.3,24.6,963
9/24/2019 9:43,datasets/dataset_cropped/09_Metas/24/09/20190924094300_00160.jpg,datasets_flow/dataset_cropped/09_Metas/24/09/20190924094300_00160.jpg,datasets_cloudmask/dataset_cropped/09_Metas/24/09/20190924094300_00160.png,499.3,855,61.2,24.5,964
9/24/2019 9:44,datasets/dataset_cropped/09_Metas/24/09/20190924094400_00160.jpg,datasets_flow/dataset_cropped/09_Metas/24/09/20190924094400_00160.jpg,datasets_cloudmask/dataset_cropped/09_Metas/24/09/20190924094400_00160.png,502.5,857,61.2,24.6,963
9/24/2019 9:45,datasets/dataset_cropped/09_Metas/24/09/20190924094500_00160.jpg,datasets_flow/dataset_cropped/09_Metas/24/09/20190924094500_00160.jpg,datasets_cloudmask/dataset_cropped/09_Metas/24/09/20190924094500_00160.png,505.7,858,61.8,24.7,963
9/24/2019 9:46,datasets/dataset_cropped/09_Metas/24/09/20190924094600_00160.jpg,datasets_flow/dataset_cropped/09_Metas/24/09/20190924094600_00160.jpg,datasets_cloudmask/dataset_cropped/09_Metas/24/09/20190924094600_00160.png,508.6,859,62.3,24.7,964
9/24/2019 9:47,datasets/dataset_cropped/09_Metas/24/09/20190924094700_00160.jpg,datasets_flow/dataset_cropped/09_Metas/24/09/20190924094700_00160.jpg,datasets_cloudmask/dataset_cropped/09_Metas/24/09/20190924094700_00160.png,511.4,861,61.5,24.5,964
9/24/2019 9:48,datasets/dataset_cropped/09_Metas/24/09/20190924094800_00160.jpg,datasets_flow/dataset_cropped/09_Metas/24/09/20190924094800_00160.jpg,datasets_cloudmask/dataset_cropped/09_Metas/24/09/20190924094800_00160.png,514.4,862,61.2,24.7,964
9/24/2019 9:49,datasets/dataset_cropped/09_Metas/24/09/20190924094900_00160.jpg,datasets_flow/dataset_cropped/09_Metas/24/09/20190924094900_00160.jpg,datasets_cloudmask/dataset_cropped/09_Metas/24/09/20190924094900_00160.png,517.6,863,61.1,24.8,964
9/24/2019 9:50,datasets/dataset_cropped/09_Metas/24/09/20190924095000_00160.jpg,datasets_flow/dataset_cropped/09_Metas/24/09/20190924095000_00160.jpg,datasets_cloudmask/dataset_cropped/09_Metas/24/09/20190924095000_00160.png,520.9,865,61,24.9,964
9/24/2019 9:51,datasets/dataset_cropped/09_Metas/24/09/20190924095100_00160.jpg,datasets_flow/dataset_cropped/09_Metas/24/09/20190924095100_00160.jpg,datasets_cloudmask/dataset_cropped/09_Metas/24/09/20190924095100_00160.png,524.1,867,61,25.2,964
9/24/2019 9:52,datasets/dataset_cropped/09_Metas/24/09/20190924095200_00160.jpg,datasets_flow/dataset_cropped/09_Metas/24/09/20190924095200_00160.jpg,datasets_cloudmask/dataset_cropped/09_Metas/24/09/20190924095200_00160.png,527.1,868,61.2,25.2,964
9/24/2019 9:53,datasets/dataset_cropped/09_Metas/24/09/20190924095300_00160.jpg,datasets_flow/dataset_cropped/09_Metas/24/09/20190924095300_00160.jpg,datasets_cloudmask/dataset_cropped/09_Metas/24/09/20190924095300_00160.png,530.1,869,61.8,25,964
9/24/2019 9:54,datasets/dataset_cropped/09_Metas/24/09/20190924095400_00160.jpg,datasets_flow/dataset_cropped/09_Metas/24/09/20190924095400_00160.jpg,datasets_cloudmask/dataset_cropped/09_Metas/24/09/20190924095400_00160.png,533.2,870,62.4,25,964
9/24/2019 9:55,datasets/dataset_cropped/09_Metas/24/09/20190924095500_00160.jpg,datasets_flow/dataset_cropped/09_Metas/24/09/20190924095500_00160.jpg,datasets_cloudmask/dataset_cropped/09_Metas/24/09/20190924095500_00160.png,536.6,873,62.1,24.9,964
9/24/2019 9:56,datasets/dataset_cropped/09_Metas/24/09/20190924095600_00160.jpg,datasets_flow/dataset_cropped/09_Metas/24/09/20190924095600_00160.jpg,datasets_cloudmask/dataset_cropped/09_Metas/24/09/20190924095600_00160.png,539.8,875,61.8,24.9,964
9/24/2019 9:57,datasets/dataset_cropped/09_Metas/24/09/20190924095700_00160.jpg,datasets_flow/dataset_cropped/09_Metas/24/09/20190924095700_00160.jpg,datasets_cloudmask/dataset_cropped/09_Metas/24/09/20190924095700_00160.png,542.5,876,61.9,24.8,964
9/24/2019 9:58,datasets/dataset_cropped/09_Metas/24/09/20190924095800_00160.jpg,datasets_flow/dataset_cropped/09_Metas/24/09/20190924095800_00160.jpg,datasets_cloudmask/dataset_cropped/09_Metas/24/09/20190924095800_00160.png,545.5,877,61.9,24.8,964
9/24/2019 9:59,datasets/dataset_cropped/09_Metas/24/09/20190924095900_00160.jpg,datasets_flow/dataset_cropped/09_Metas/24/09/20190924095900_00160.jpg,datasets_cloudmask/dataset_cropped/09_Metas/24/09/20190924095900_00160.png,548.4,878,62.2,24.7,964
9/24/2019 10:00,datasets/dataset_cropped/09_Metas/24/10/20190924100000_00160.jpg,datasets_flow/dataset_cropped/09_Metas/24/10/20190924100000_00160.jpg,datasets_cloudmask/dataset_cropped/09_Metas/24/10/20190924100000_00160.png,551.2,878,62.6,24.7,964
9/24/2019 10:01,datasets/dataset_cropped/09_Metas/24/10/20190924100100_00160.jpg,datasets_flow/dataset_cropped/09_Metas/24/10/20190924100100_00160.jpg,datasets_cloudmask/dataset_cropped/09_Metas/24/10/20190924100100_00160.png,553.9,879,62.9,24.7,964
9/24/2019 10:02,datasets/dataset_cropped/09_Metas/24/10/20190924100200_00160.jpg,datasets_flow/dataset_cropped/09_Metas/24/10/20190924100200_00160.jpg,datasets_cloudmask/dataset_cropped/09_Metas/24/10/20190924100200_00160.png,556.5,880,62.7,24.7,964
9/24/2019 10:03,datasets/dataset_cropped/09_Metas/24/10/20190924100300_00160.jpg,datasets_flow/dataset_cropped/09_Metas/24/10/20190924100300_00160.jpg,datasets_cloudmask/dataset_cropped/09_Metas/24/10/20190924100300_00160.png,559.3,881,62.8,24.9,964
9/24/2019 10:04,datasets/dataset_cropped/09_Metas/24/10/20190924100400_00160.jpg,datasets_flow/dataset_cropped/09_Metas/24/10/20190924100400_00160.jpg,datasets_cloudmask/dataset_cropped/09_Metas/24/10/20190924100400_00160.png,562.2,882,62.8,25.1,964
9/24/2019 10:05,datasets/dataset_cropped/09_Metas/24/10/20190924100500_00160.jpg,datasets_flow/dataset_cropped/09_Metas/24/10/20190924100500_00160.jpg,datasets_cloudmask/dataset_cropped/09_Metas/24/10/20190924100500_00160.png,564.9,883,62.8,25.3,964
9/24/2019 10:06,datasets/dataset_cropped/09_Metas/24/10/20190924100600_00160.jpg,datasets_flow/dataset_cropped/09_Metas/24/10/20190924100600_00160.jpg,datasets_cloudmask/dataset_cropped/09_Metas/24/10/20190924100600_00160.png,567.8,883,63.1,25.3,964
9/24/2019 10:07,datasets/dataset_cropped/09_Metas/24/10/20190924100700_00160.jpg,datasets_flow/dataset_cropped/09_Metas/24/10/20190924100700_00160.jpg,datasets_cloudmask/dataset_cropped/09_Metas/24/10/20190924100700_00160.png,570.1,883,63.2,25.3,964
9/24/2019 10:08,datasets/dataset_cropped/09_Metas/24/10/20190924100800_00160.jpg,datasets_flow/dataset_cropped/09_Metas/24/10/20190924100800_00160.jpg,datasets_cloudmask/dataset_cropped/09_Metas/24/10/20190924100800_00160.png,573.3,885,63.4,25.1,964
9/24/2019 10:09,datasets/dataset_cropped/09_Metas/24/10/20190924100900_00160.jpg,datasets_flow/dataset_cropped/09_Metas/24/10/20190924100900_00160.jpg,datasets_cloudmask/dataset_cropped/09_Metas/24/10/20190924100900_00160.png,576.4,886,63.5,25,964
9/24/2019 10:10,datasets/dataset_cropped/09_Metas/24/10/20190924101000_00160.jpg,datasets_flow/dataset_cropped/09_Metas/24/10/20190924101000_00160.jpg,datasets_cloudmask/dataset_cropped/09_Metas/24/10/20190924101000_00160.png,578.7,886,63.7,25,964
9/24/2019 10:11,datasets/dataset_cropped/09_Metas/24/10/20190924101100_00160.jpg,datasets_flow/dataset_cropped/09_Metas/24/10/20190924101100_00160.jpg,datasets_cloudmask/dataset_cropped/09_Metas/24/10/20190924101100_00160.png,582.2,888,64.1,25,964
9/24/2019 10:12,datasets/dataset_cropped/09_Metas/24/10/20190924101200_00160.jpg,datasets_flow/dataset_cropped/09_Metas/24/10/20190924101200_00160.jpg,datasets_cloudmask/dataset_cropped/09_Metas/24/10/20190924101200_00160.png,585.1,889,64.1,25.1,964
9/24/2019 10:13,datasets/dataset_cropped/09_Metas/24/10/20190924101300_00160.jpg,datasets_flow/dataset_cropped/09_Metas/24/10/20190924101300_00160.jpg,datasets_cloudmask/dataset_cropped/09_Metas/24/10/20190924101300_00160.png,587.7,890,64,25.1,964
9/24/2019 10:14,datasets/dataset_cropped/09_Metas/24/10/20190924101400_00160.jpg,datasets_flow/dataset_cropped/09_Metas/24/10/20190924101400_00160.jpg,datasets_cloudmask/dataset_cropped/09_Metas/24/10/20190924101400_00160.png,590.3,891,63.9,25,964
9/24/2019 10:15,datasets/dataset_cropped/09_Metas/24/10/20190924101500_00160.jpg,datasets_flow/dataset_cropped/09_Metas/24/10/20190924101500_00160.jpg,datasets_cloudmask/dataset_cropped/09_Metas/24/10/20190924101500_00160.png,592.7,892,63.7,24.9,964
9/24/2019 10:16,datasets/dataset_cropped/09_Metas/24/10/20190924101600_00160.jpg,datasets_flow/dataset_cropped/09_Metas/24/10/20190924101600_00160.jpg,datasets_cloudmask/dataset_cropped/09_Metas/24/10/20190924101600_00160.png,595.4,893,63.9,25,964
9/24/2019 10:17,datasets/dataset_cropped/09_Metas/24/10/20190924101700_00160.jpg,datasets_flow/dataset_cropped/09_Metas/24/10/20190924101700_00160.jpg,datasets_cloudmask/dataset_cropped/09_Metas/24/10/20190924101700_00160.png,597.7,893,64,25.1,964
9/24/2019 10:18,datasets/dataset_cropped/09_Metas/24/10/20190924101800_00160.jpg,datasets_flow/dataset_cropped/09_Metas/24/10/20190924101800_00160.jpg,datasets_cloudmask/dataset_cropped/09_Metas/24/10/20190924101800_00160.png,600.4,894,64,25.2,964
9/24/2019 10:19,datasets/dataset_cropped/09_Metas/24/10/20190924101900_00160.jpg,datasets_flow/dataset_cropped/09_Metas/24/10/20190924101900_00160.jpg,datasets_cloudmask/dataset_cropped/09_Metas/24/10/20190924101900_00160.png,603.5,895,64.2,25.2,964
9/24/2019 10:20,datasets/dataset_cropped/09_Metas/24/10/20190924102000_00160.jpg,datasets_flow/dataset_cropped/09_Metas/24/10/20190924102000_00160.jpg,datasets_cloudmask/dataset_cropped/09_Metas/24/10/20190924102000_00160.png,606,895,64.3,25.2,964
9/24/2019 10:21,datasets/dataset_cropped/09_Metas/24/10/20190924102100_00160.jpg,datasets_flow/dataset_cropped/09_Metas/24/10/20190924102100_00160.jpg,datasets_cloudmask/dataset_cropped/09_Metas/24/10/20190924102100_00160.png,608.2,896,64.3,25.1,964
9/24/2019 10:22,datasets/dataset_cropped/09_Metas/24/10/20190924102200_00160.jpg,datasets_flow/dataset_cropped/09_Metas/24/10/20190924102200_00160.jpg,datasets_cloudmask/dataset_cropped/09_Metas/24/10/20190924102200_00160.png,610.1,895,64.4,25.2,964
9/24/2019 10:23,datasets/dataset_cropped/09_Metas/24/10/20190924102300_00160.jpg,datasets_flow/dataset_cropped/09_Metas/24/10/20190924102300_00160.jpg,datasets_cloudmask/dataset_cropped/09_Metas/24/10/20190924102300_00160.png,613.2,897,64.5,25.3,964
9/24/2019 10:24,datasets/dataset_cropped/09_Metas/24/10/20190924102400_00160.jpg,datasets_flow/dataset_cropped/09_Metas/24/10/20190924102400_00160.jpg,datasets_cloudmask/dataset_cropped/09_Metas/24/10/20190924102400_00160.png,616.4,899,64.7,25.4,964
9/24/2019 10:25,datasets/dataset_cropped/09_Metas/24/10/20190924102500_00160.jpg,datasets_flow/dataset_cropped/09_Metas/24/10/20190924102500_00160.jpg,datasets_cloudmask/dataset_cropped/09_Metas/24/10/20190924102500_00160.png,619.7,902,64.5,25.4,964
9/24/2019 10:26,datasets/dataset_cropped/09_Metas/24/10/20190924102600_00160.jpg,datasets_flow/dataset_cropped/09_Metas/24/10/20190924102600_00160.jpg,datasets_cloudmask/dataset_cropped/09_Metas/24/10/20190924102600_00160.png,622.3,903,64.6,25.6,964
9/24/2019 10:27,datasets/dataset_cropped/09_Metas/24/10/20190924102700_00160.jpg,datasets_flow/dataset_cropped/09_Metas/24/10/20190924102700_00160.jpg,datasets_cloudmask/dataset_cropped/09_Metas/24/10/20190924102700_00160.png,625.1,904,64.6,25.6,964
9/24/2019 10:28,datasets/dataset_cropped/09_Metas/24/10/20190924102800_00160.jpg,datasets_flow/dataset_cropped/09_Metas/24/10/20190924102800_00160.jpg,datasets_cloudmask/dataset_cropped/09_Metas/24/10/20190924102800_00160.png,627.6,904,64.9,25.4,964
9/24/2019 10:29,datasets/dataset_cropped/09_Metas/24/10/20190924102900_00160.jpg,datasets_flow/dataset_cropped/09_Metas/24/10/20190924102900_00160.jpg,datasets_cloudmask/dataset_cropped/09_Metas/24/10/20190924102900_00160.png,630.1,906,64.6,25.4,964
9/24/2019 10:30,datasets/dataset_cropped/09_Metas/24/10/20190924103000_00160.jpg,datasets_flow/dataset_cropped/09_Metas/24/10/20190924103000_00160.jpg,datasets_cloudmask/dataset_cropped/09_Metas/24/10/20190924103000_00160.png,632.9,907,64.4,25.5,964
9/24/2019 10:31,datasets/dataset_cropped/09_Metas/24/10/20190924103100_00160.jpg,datasets_flow/dataset_cropped/09_Metas/24/10/20190924103100_00160.jpg,datasets_cloudmask/dataset_cropped/09_Metas/24/10/20190924103100_00160.png,635.6,908,64.8,25.7,963
9/24/2019 10:32,datasets/dataset_cropped/09_Metas/24/10/20190924103200_00160.jpg,datasets_flow/dataset_cropped/09_Metas/24/10/20190924103200_00160.jpg,datasets_cloudmask/dataset_cropped/09_Metas/24/10/20190924103200_00160.png,639,911,64.6,26,964
9/24/2019 10:33,datasets/dataset_cropped/09_Metas/24/10/20190924103300_00160.jpg,datasets_flow/dataset_cropped/09_Metas/24/10/20190924103300_00160.jpg,datasets_cloudmask/dataset_cropped/09_Metas/24/10/20190924103300_00160.png,642.2,914,64.2,26,964
9/24/2019 10:34,datasets/dataset_cropped/09_Metas/24/10/20190924103400_00160.jpg,datasets_flow/dataset_cropped/09_Metas/24/10/20190924103400_00160.jpg,datasets_cloudmask/dataset_cropped/09_Metas/24/10/20190924103400_00160.png,645.6,916,64,26,963
9/24/2019 10:35,datasets/dataset_cropped/09_Metas/24/10/20190924103500_00160.jpg,datasets_flow/dataset_cropped/09_Metas/24/10/20190924103500_00160.jpg,datasets_cloudmask/dataset_cropped/09_Metas/24/10/20190924103500_00160.png,647.8,917,63.9,26.1,964
9/24/2019 10:36,datasets/dataset_cropped/09_Metas/24/10/20190924103600_00160.jpg,datasets_flow/dataset_cropped/09_Metas/24/10/20190924103600_00160.jpg,datasets_cloudmask/dataset_cropped/09_Metas/24/10/20190924103600_00160.png,650.7,919,64,26,964
9/24/2019 10:37,datasets/dataset_cropped/09_Metas/24/10/20190924103700_00160.jpg,datasets_flow/dataset_cropped/09_Metas/24/10/20190924103700_00160.jpg,datasets_cloudmask/dataset_cropped/09_Metas/24/10/20190924103700_00160.png,653.8,921,64.1,26,963
9/24/2019 10:38,datasets/dataset_cropped/09_Metas/24/10/20190924103800_00160.jpg,datasets_flow/dataset_cropped/09_Metas/24/10/20190924103800_00160.jpg,datasets_cloudmask/dataset_cropped/09_Metas/24/10/20190924103800_00160.png,656.6,922,64.1,26,963
9/24/2019 10:39,datasets/dataset_cropped/09_Metas/24/10/20190924103900_00160.jpg,datasets_flow/dataset_cropped/09_Metas/24/10/20190924103900_00160.jpg,datasets_cloudmask/dataset_cropped/09_Metas/24/10/20190924103900_00160.png,658.9,922,64.7,26.2,964
9/24/2019 10:40,datasets/dataset_cropped/09_Metas/24/10/20190924104000_00160.jpg,datasets_flow/dataset_cropped/09_Metas/24/10/20190924104000_00160.jpg,datasets_cloudmask/dataset_cropped/09_Metas/24/10/20190924104000_00160.png,660.9,923,64.9,26.2,963
9/24/2019 10:41,datasets/dataset_cropped/09_Metas/24/10/20190924104100_00160.jpg,datasets_flow/dataset_cropped/09_Metas/24/10/20190924104100_00160.jpg,datasets_cloudmask/dataset_cropped/09_Metas/24/10/20190924104100_00160.png,662.7,923,65,26.3,964
9/24/2019 10:42,datasets/dataset_cropped/09_Metas/24/10/20190924104200_00160.jpg,datasets_flow/dataset_cropped/09_Metas/24/10/20190924104200_00160.jpg,datasets_cloudmask/dataset_cropped/09_Metas/24/10/20190924104200_00160.png,664.9,923,64.9,26.5,964
9/24/2019 10:43,datasets/dataset_cropped/09_Metas/24/10/20190924104300_00160.jpg,datasets_flow/dataset_cropped/09_Metas/24/10/20190924104300_00160.jpg,datasets_cloudmask/dataset_cropped/09_Metas/24/10/20190924104300_00160.png,666.8,923,64.8,26.8,963
9/24/2019 10:44,datasets/dataset_cropped/09_Metas/24/10/20190924104400_00160.jpg,datasets_flow/dataset_cropped/09_Metas/24/10/20190924104400_00160.jpg,datasets_cloudmask/dataset_cropped/09_Metas/24/10/20190924104400_00160.png,668.6,923,64.8,26.8,963
9/24/2019 10:45,datasets/dataset_cropped/09_Metas/24/10/20190924104500_00160.jpg,datasets_flow/dataset_cropped/09_Metas/24/10/20190924104500_00160.jpg,datasets_cloudmask/dataset_cropped/09_Metas/24/10/20190924104500_00160.png,671.1,924,64.8,26.8,963
9/24/2019 10:46,datasets/dataset_cropped/09_Metas/24/10/20190924104600_00160.jpg,datasets_flow/dataset_cropped/09_Metas/24/10/20190924104600_00160.jpg,datasets_cloudmask/dataset_cropped/09_Metas/24/10/20190924104600_00160.png,673.5,924,64.7,26.9,963
9/24/2019 10:47,datasets/dataset_cropped/09_Metas/24/10/20190924104700_00160.jpg,datasets_flow/dataset_cropped/09_Metas/24/10/20190924104700_00160.jpg,datasets_cloudmask/dataset_cropped/09_Metas/24/10/20190924104700_00160.png,675.9,925,64.8,26.9,963
9/24/2019 10:48,datasets/dataset_cropped/09_Metas/24/10/20190924104800_00160.jpg,datasets_flow/dataset_cropped/09_Metas/24/10/20190924104800_00160.jpg,datasets_cloudmask/dataset_cropped/09_Metas/24/10/20190924104800_00160.png,678.4,926,64.8,26.8,963
9/24/2019 10:49,datasets/dataset_cropped/09_Metas/24/10/20190924104900_00160.jpg,datasets_flow/dataset_cropped/09_Metas/24/10/20190924104900_00160.jpg,datasets_cloudmask/dataset_cropped/09_Metas/24/10/20190924104900_00160.png,680.8,927,64.8,26.9,963
9/24/2019 10:50,datasets/dataset_cropped/09_Metas/24/10/20190924105000_00160.jpg,datasets_flow/dataset_cropped/09_Metas/24/10/20190924105000_00160.jpg,datasets_cloudmask/dataset_cropped/09_Metas/24/10/20190924105000_00160.png,683.2,928,65,26.9,963
9/24/2019 10:51,datasets/dataset_cropped/09_Metas/24/10/20190924105100_00160.jpg,datasets_flow/dataset_cropped/09_Metas/24/10/20190924105100_00160.jpg,datasets_cloudmask/dataset_cropped/09_Metas/24/10/20190924105100_00160.png,685.9,929,65.1,26.7,963
9/24/2019 10:52,datasets/dataset_cropped/09_Metas/24/10/20190924105200_00160.jpg,datasets_flow/dataset_cropped/09_Metas/24/10/20190924105200_00160.jpg,datasets_cloudmask/dataset_cropped/09_Metas/24/10/20190924105200_00160.png,687.7,929,65,26.6,963
9/24/2019 10:53,datasets/dataset_cropped/09_Metas/24/10/20190924105300_00160.jpg,datasets_flow/dataset_cropped/09_Metas/24/10/20190924105300_00160.jpg,datasets_cloudmask/dataset_cropped/09_Metas/24/10/20190924105300_00160.png,690.2,930,65.2,26.6,963
9/24/2019 10:54,datasets/dataset_cropped/09_Metas/24/10/20190924105400_00160.jpg,datasets_flow/dataset_cropped/09_Metas/24/10/20190924105400_00160.jpg,datasets_cloudmask/dataset_cropped/09_Metas/24/10/20190924105400_00160.png,692.6,931,65.4,26.8,963
9/24/2019 10:55,datasets/dataset_cropped/09_Metas/24/10/20190924105500_00160.jpg,datasets_flow/dataset_cropped/09_Metas/24/10/20190924105500_00160.jpg,datasets_cloudmask/dataset_cropped/09_Metas/24/10/20190924105500_00160.png,694.9,932,65.2,26.8,963
9/24/2019 10:56,datasets/dataset_cropped/09_Metas/24/10/20190924105600_00160.jpg,datasets_flow/dataset_cropped/09_Metas/24/10/20190924105600_00160.jpg,datasets_cloudmask/dataset_cropped/09_Metas/24/10/20190924105600_00160.png,697.2,933,65.2,26.8,963
9/24/2019 10:57,datasets/dataset_cropped/09_Metas/24/10/20190924105700_00160.jpg,datasets_flow/dataset_cropped/09_Metas/24/10/20190924105700_00160.jpg,datasets_cloudmask/dataset_cropped/09_Metas/24/10/20190924105700_00160.png,699.3,934,65.4,26.9,963
9/24/2019 10:58,datasets/dataset_cropped/09_Metas/24/10/20190924105800_00160.jpg,datasets_flow/dataset_cropped/09_Metas/24/10/20190924105800_00160.jpg,datasets_cloudmask/dataset_cropped/09_Metas/24/10/20190924105800_00160.png,701.7,934,65.4,27.3,963
9/24/2019 10:59,datasets/dataset_cropped/09_Metas/24/10/20190924105900_00160.jpg,datasets_flow/dataset_cropped/09_Metas/24/10/20190924105900_00160.jpg,datasets_cloudmask/dataset_cropped/09_Metas/24/10/20190924105900_00160.png,704,935,65.3,27.4,963
9/24/2019 11:00,datasets/dataset_cropped/09_Metas/24/11/20190924110000_00160.jpg,datasets_flow/dataset_cropped/09_Metas/24/11/20190924110000_00160.jpg,datasets_cloudmask/dataset_cropped/09_Metas/24/11/20190924110000_00160.png,706.3,936,66.1,27.6,963
9/24/2019 11:01,datasets/dataset_cropped/09_Metas/24/11/20190924110100_00160.jpg,datasets_flow/dataset_cropped/09_Metas/24/11/20190924110100_00160.jpg,datasets_cloudmask/dataset_cropped/09_Metas/24/11/20190924110100_00160.png,709.3,938,66.3,27.3,963
9/24/2019 11:02,datasets/dataset_cropped/09_Metas/24/11/20190924110200_00160.jpg,datasets_flow/dataset_cropped/09_Metas/24/11/20190924110200_00160.jpg,datasets_cloudmask/dataset_cropped/09_Metas/24/11/20190924110200_00160.png,711,940,66,27.3,963
9/24/2019 11:03,datasets/dataset_cropped/09_Metas/24/11/20190924110300_00160.jpg,datasets_flow/dataset_cropped/09_Metas/24/11/20190924110300_00160.jpg,datasets_cloudmask/dataset_cropped/09_Metas/24/11/20190924110300_00160.png,713.3,940,65.5,27.2,963
9/24/2019 11:04,datasets/dataset_cropped/09_Metas/24/11/20190924110400_00160.jpg,datasets_flow/dataset_cropped/09_Metas/24/11/20190924110400_00160.jpg,datasets_cloudmask/dataset_cropped/09_Metas/24/11/20190924110400_00160.png,715.5,941,65.2,27.3,963
9/24/2019 11:05,datasets/dataset_cropped/09_Metas/24/11/20190924110500_00160.jpg,datasets_flow/dataset_cropped/09_Metas/24/11/20190924110500_00160.jpg,datasets_cloudmask/dataset_cropped/09_Metas/24/11/20190924110500_00160.png,717.2,941,65.3,27.2,963
9/24/2019 11:06,datasets/dataset_cropped/09_Metas/24/11/20190924110600_00160.jpg,datasets_flow/dataset_cropped/09_Metas/24/11/20190924110600_00160.jpg,datasets_cloudmask/dataset_cropped/09_Metas/24/11/20190924110600_00160.png,719.2,941,65.3,27.1,963
9/24/2019 11:07,datasets/dataset_cropped/09_Metas/24/11/20190924110700_00160.jpg,datasets_flow/dataset_cropped/09_Metas/24/11/20190924110700_00160.jpg,datasets_cloudmask/dataset_cropped/09_Metas/24/11/20190924110700_00160.png,721.9,942,65.5,27.1,963
9/24/2019 11:08,datasets/dataset_cropped/09_Metas/24/11/20190924110800_00160.jpg,datasets_flow/dataset_cropped/09_Metas/24/11/20190924110800_00160.jpg,datasets_cloudmask/dataset_cropped/09_Metas/24/11/20190924110800_00160.png,724.9,944,65.7,27.3,963
9/24/2019 11:09,datasets/dataset_cropped/09_Metas/24/11/20190924110900_00160.jpg,datasets_flow/dataset_cropped/09_Metas/24/11/20190924110900_00160.jpg,datasets_cloudmask/dataset_cropped/09_Metas/24/11/20190924110900_00160.png,726.9,944,65.7,27.5,963
9/24/2019 11:10,datasets/dataset_cropped/09_Metas/24/11/20190924111000_00160.jpg,datasets_flow/dataset_cropped/09_Metas/24/11/20190924111000_00160.jpg,datasets_cloudmask/dataset_cropped/09_Metas/24/11/20190924111000_00160.png,728.4,943,65.7,27.8,963
9/24/2019 11:11,datasets/dataset_cropped/09_Metas/24/11/20190924111100_00160.jpg,datasets_flow/dataset_cropped/09_Metas/24/11/20190924111100_00160.jpg,datasets_cloudmask/dataset_cropped/09_Metas/24/11/20190924111100_00160.png,729.8,942,65.8,27.6,963
9/24/2019 11:12,datasets/dataset_cropped/09_Metas/24/11/20190924111200_00160.jpg,datasets_flow/dataset_cropped/09_Metas/24/11/20190924111200_00160.jpg,datasets_cloudmask/dataset_cropped/09_Metas/24/11/20190924111200_00160.png,732.1,943,65.8,27.3,963
9/24/2019 11:13,datasets/dataset_cropped/09_Metas/24/11/20190924111300_00160.jpg,datasets_flow/dataset_cropped/09_Metas/24/11/20190924111300_00160.jpg,datasets_cloudmask/dataset_cropped/09_Metas/24/11/20190924111300_00160.png,734.3,944,66.2,27.4,963
9/24/2019 11:14,datasets/dataset_cropped/09_Metas/24/11/20190924111400_00160.jpg,datasets_flow/dataset_cropped/09_Metas/24/11/20190924111400_00160.jpg,datasets_cloudmask/dataset_cropped/09_Metas/24/11/20190924111400_00160.png,735.9,945,66.4,27.6,963
9/24/2019 11:15,datasets/dataset_cropped/09_Metas/24/11/20190924111500_00160.jpg,datasets_flow/dataset_cropped/09_Metas/24/11/20190924111500_00160.jpg,datasets_cloudmask/dataset_cropped/09_Metas/24/11/20190924111500_00160.png,738,946,66.4,27.8,963
9/24/2019 11:16,datasets/dataset_cropped/09_Metas/24/11/20190924111600_00160.jpg,datasets_flow/dataset_cropped/09_Metas/24/11/20190924111600_00160.jpg,datasets_cloudmask/dataset_cropped/09_Metas/24/11/20190924111600_00160.png,738.9,945,66.7,27.9,963
9/24/2019 11:17,datasets/dataset_cropped/09_Metas/24/11/20190924111700_00160.jpg,datasets_flow/dataset_cropped/09_Metas/24/11/20190924111700_00160.jpg,datasets_cloudmask/dataset_cropped/09_Metas/24/11/20190924111700_00160.png,740.6,945,66.9,27.5,963
9/24/2019 11:18,datasets/dataset_cropped/09_Metas/24/11/20190924111800_00160.jpg,datasets_flow/dataset_cropped/09_Metas/24/11/20190924111800_00160.jpg,datasets_cloudmask/dataset_cropped/09_Metas/24/11/20190924111800_00160.png,742.1,946,66.6,27.5,963
9/24/2019 11:19,datasets/dataset_cropped/09_Metas/24/11/20190924111900_00160.jpg,datasets_flow/dataset_cropped/09_Metas/24/11/20190924111900_00160.jpg,datasets_cloudmask/dataset_cropped/09_Metas/24/11/20190924111900_00160.png,743.3,944,66.7,27.8,963
9/24/2019 11:20,datasets/dataset_cropped/09_Metas/24/11/20190924112000_00160.jpg,datasets_flow/dataset_cropped/09_Metas/24/11/20190924112000_00160.jpg,datasets_cloudmask/dataset_cropped/09_Metas/24/11/20190924112000_00160.png,744,943,67.1,27.8,963
9/24/2019 11:21,datasets/dataset_cropped/09_Metas/24/11/20190924112100_00160.jpg,datasets_flow/dataset_cropped/09_Metas/24/11/20190924112100_00160.jpg,datasets_cloudmask/dataset_cropped/09_Metas/24/11/20190924112100_00160.png,746,943,67.1,27.8,963
9/24/2019 11:22,datasets/dataset_cropped/09_Metas/24/11/20190924112200_00160.jpg,datasets_flow/dataset_cropped/09_Metas/24/11/20190924112200_00160.jpg,datasets_cloudmask/dataset_cropped/09_Metas/24/11/20190924112200_00160.png,749,945,67.1,28.3,963
9/24/2019 11:23,datasets/dataset_cropped/09_Metas/24/11/20190924112300_00160.jpg,datasets_flow/dataset_cropped/09_Metas/24/11/20190924112300_00160.jpg,datasets_cloudmask/dataset_cropped/09_Metas/24/11/20190924112300_00160.png,750.7,945,67.5,28.4,963
9/24/2019 11:24,datasets/dataset_cropped/09_Metas/24/11/20190924112400_00160.jpg,datasets_flow/dataset_cropped/09_Metas/24/11/20190924112400_00160.jpg,datasets_cloudmask/dataset_cropped/09_Metas/24/11/20190924112400_00160.png,751.7,944,67.8,28.2,963
9/24/2019 11:25,datasets/dataset_cropped/09_Metas/24/11/20190924112500_00160.jpg,datasets_flow/dataset_cropped/09_Metas/24/11/20190924112500_00160.jpg,datasets_cloudmask/dataset_cropped/09_Metas/24/11/20190924112500_00160.png,752.7,944,68.1,28.1,963
9/24/2019 11:26,datasets/dataset_cropped/09_Metas/24/11/20190924112600_00160.jpg,datasets_flow/dataset_cropped/09_Metas/24/11/20190924112600_00160.jpg,datasets_cloudmask/dataset_cropped/09_Metas/24/11/20190924112600_00160.png,753.6,943,68.2,27.8,963
9/24/2019 11:27,datasets/dataset_cropped/09_Metas/24/11/20190924112700_00160.jpg,datasets_flow/dataset_cropped/09_Metas/24/11/20190924112700_00160.jpg,datasets_cloudmask/dataset_cropped/09_Metas/24/11/20190924112700_00160.png,755.1,943,68.3,27.8,963
9/24/2019 11:28,datasets/dataset_cropped/09_Metas/24/11/20190924112800_00160.jpg,datasets_flow/dataset_cropped/09_Metas/24/11/20190924112800_00160.jpg,datasets_cloudmask/dataset_cropped/09_Metas/24/11/20190924112800_00160.png,757,944,68.5,27.9,963
9/24/2019 11:29,datasets/dataset_cropped/09_Metas/24/11/20190924112900_00160.jpg,datasets_flow/dataset_cropped/09_Metas/24/11/20190924112900_00160.jpg,datasets_cloudmask/dataset_cropped/09_Metas/24/11/20190924112900_00160.png,757.8,943,68.7,28,963
9/24/2019 11:30,datasets/dataset_cropped/09_Metas/24/11/20190924113000_00160.jpg,datasets_flow/dataset_cropped/09_Metas/24/11/20190924113000_00160.jpg,datasets_cloudmask/dataset_cropped/09_Metas/24/11/20190924113000_00160.png,758.9,943,68.9,27.8,963
9/24/2019 11:31,datasets/dataset_cropped/09_Metas/24/11/20190924113100_00160.jpg,datasets_flow/dataset_cropped/09_Metas/24/11/20190924113100_00160.jpg,datasets_cloudmask/dataset_cropped/09_Metas/24/11/20190924113100_00160.png,760.1,942,68.9,27.7,963
9/24/2019 11:32,datasets/dataset_cropped/09_Metas/24/11/20190924113200_00160.jpg,datasets_flow/dataset_cropped/09_Metas/24/11/20190924113200_00160.jpg,datasets_cloudmask/dataset_cropped/09_Metas/24/11/20190924113200_00160.png,761.5,942,68.9,27.8,963
9/24/2019 11:33,datasets/dataset_cropped/09_Metas/24/11/20190924113300_00160.jpg,datasets_flow/dataset_cropped/09_Metas/24/11/20190924113300_00160.jpg,datasets_cloudmask/dataset_cropped/09_Metas/24/11/20190924113300_00160.png,763.1,942,68.8,28,963
9/24/2019 11:34,datasets/dataset_cropped/09_Metas/24/11/20190924113400_00160.jpg,datasets_flow/dataset_cropped/09_Metas/24/11/20190924113400_00160.jpg,datasets_cloudmask/dataset_cropped/09_Metas/24/11/20190924113400_00160.png,763.6,942,68.8,28.1,963
9/24/2019 11:35,datasets/dataset_cropped/09_Metas/24/11/20190924113500_00160.jpg,datasets_flow/dataset_cropped/09_Metas/24/11/20190924113500_00160.jpg,datasets_cloudmask/dataset_cropped/09_Metas/24/11/20190924113500_00160.png,765.8,943,68.8,27.8,963
9/24/2019 11:36,datasets/dataset_cropped/09_Metas/24/11/20190924113600_00160.jpg,datasets_flow/dataset_cropped/09_Metas/24/11/20190924113600_00160.jpg,datasets_cloudmask/dataset_cropped/09_Metas/24/11/20190924113600_00160.png,766.5,942,69.1,27.8,963
9/24/2019 11:37,datasets/dataset_cropped/09_Metas/24/11/20190924113700_00160.jpg,datasets_flow/dataset_cropped/09_Metas/24/11/20190924113700_00160.jpg,datasets_cloudmask/dataset_cropped/09_Metas/24/11/20190924113700_00160.png,767.7,942,69.2,27.8,963
9/24/2019 11:38,datasets/dataset_cropped/09_Metas/24/11/20190924113800_00160.jpg,datasets_flow/dataset_cropped/09_Metas/24/11/20190924113800_00160.jpg,datasets_cloudmask/dataset_cropped/09_Metas/24/11/20190924113800_00160.png,768.4,941,69.5,27.9,963
9/24/2019 11:39,datasets/dataset_cropped/09_Metas/24/11/20190924113900_00160.jpg,datasets_flow/dataset_cropped/09_Metas/24/11/20190924113900_00160.jpg,datasets_cloudmask/dataset_cropped/09_Metas/24/11/20190924113900_00160.png,769.8,942,69.5,27.9,963
9/24/2019 11:40,datasets/dataset_cropped/09_Metas/24/11/20190924114000_00160.jpg,datasets_flow/dataset_cropped/09_Metas/24/11/20190924114000_00160.jpg,datasets_cloudmask/dataset_cropped/09_Metas/24/11/20190924114000_00160.png,771.4,943,69.1,27.7,963
9/24/2019 11:41,datasets/dataset_cropped/09_Metas/24/11/20190924114100_00160.jpg,datasets_flow/dataset_cropped/09_Metas/24/11/20190924114100_00160.jpg,datasets_cloudmask/dataset_cropped/09_Metas/24/11/20190924114100_00160.png,771.9,941,69.6,27.7,963
9/24/2019 11:42,datasets/dataset_cropped/09_Metas/24/11/20190924114200_00160.jpg,datasets_flow/dataset_cropped/09_Metas/24/11/20190924114200_00160.jpg,datasets_cloudmask/dataset_cropped/09_Metas/24/11/20190924114200_00160.png,775.2,944,69.5,27.9,963
9/24/2019 11:43,datasets/dataset_cropped/09_Metas/24/11/20190924114300_00160.jpg,datasets_flow/dataset_cropped/09_Metas/24/11/20190924114300_00160.jpg,datasets_cloudmask/dataset_cropped/09_Metas/24/11/20190924114300_00160.png,774.6,941,69.7,28,963
9/24/2019 11:44,datasets/dataset_cropped/09_Metas/24/11/20190924114400_00160.jpg,datasets_flow/dataset_cropped/09_Metas/24/11/20190924114400_00160.jpg,datasets_cloudmask/dataset_cropped/09_Metas/24/11/20190924114400_00160.png,775.8,941,70.1,27.9,963
9/24/2019 11:45,datasets/dataset_cropped/09_Metas/24/11/20190924114500_00160.jpg,datasets_flow/dataset_cropped/09_Metas/24/11/20190924114500_00160.jpg,datasets_cloudmask/dataset_cropped/09_Metas/24/11/20190924114500_00160.png,776.6,940,70.5,27.8,963
9/24/2019 11:46,datasets/dataset_cropped/09_Metas/24/11/20190924114600_00160.jpg,datasets_flow/dataset_cropped/09_Metas/24/11/20190924114600_00160.jpg,datasets_cloudmask/dataset_cropped/09_Metas/24/11/20190924114600_00160.png,778.5,940,71.1,28,963
9/24/2019 11:47,datasets/dataset_cropped/09_Metas/24/11/20190924114700_00160.jpg,datasets_flow/dataset_cropped/09_Metas/24/11/20190924114700_00160.jpg,datasets_cloudmask/dataset_cropped/09_Metas/24/11/20190924114700_00160.png,780.1,941,70.8,28.1,963
9/24/2019 11:48,datasets/dataset_cropped/09_Metas/24/11/20190924114800_00160.jpg,datasets_flow/dataset_cropped/09_Metas/24/11/20190924114800_00160.jpg,datasets_cloudmask/dataset_cropped/09_Metas/24/11/20190924114800_00160.png,779.9,939,71.1,28,963
9/24/2019 11:49,datasets/dataset_cropped/09_Metas/24/11/20190924114900_00160.jpg,datasets_flow/dataset_cropped/09_Metas/24/11/20190924114900_00160.jpg,datasets_cloudmask/dataset_cropped/09_Metas/24/11/20190924114900_00160.png,782.3,941,71.1,28,963
9/24/2019 11:50,datasets/dataset_cropped/09_Metas/24/11/20190924115000_00160.jpg,datasets_flow/dataset_cropped/09_Metas/24/11/20190924115000_00160.jpg,datasets_cloudmask/dataset_cropped/09_Metas/24/11/20190924115000_00160.png,784.3,942,71.2,28.1,963
9/24/2019 11:51,datasets/dataset_cropped/09_Metas/24/11/20190924115100_00160.jpg,datasets_flow/dataset_cropped/09_Metas/24/11/20190924115100_00160.jpg,datasets_cloudmask/dataset_cropped/09_Metas/24/11/20190924115100_00160.png,784.1,940,71.5,28.2,963
9/24/2019 11:52,datasets/dataset_cropped/09_Metas/24/11/20190924115200_00160.jpg,datasets_flow/dataset_cropped/09_Metas/24/11/20190924115200_00160.jpg,datasets_cloudmask/dataset_cropped/09_Metas/24/11/20190924115200_00160.png,786.3,942,71.5,28,963
9/24/2019 11:53,datasets/dataset_cropped/09_Metas/24/11/20190924115300_00160.jpg,datasets_flow/dataset_cropped/09_Metas/24/11/20190924115300_00160.jpg,datasets_cloudmask/dataset_cropped/09_Metas/24/11/20190924115300_00160.png,787.7,942,71.4,27.9,963
9/24/2019 11:54,datasets/dataset_cropped/09_Metas/24/11/20190924115400_00160.jpg,datasets_flow/dataset_cropped/09_Metas/24/11/20190924115400_00160.jpg,datasets_cloudmask/dataset_cropped/09_Metas/24/11/20190924115400_00160.png,789.1,943,71.6,28,963
9/24/2019 11:55,datasets/dataset_cropped/09_Metas/24/11/20190924115500_00160.jpg,datasets_flow/dataset_cropped/09_Metas/24/11/20190924115500_00160.jpg,datasets_cloudmask/dataset_cropped/09_Metas/24/11/20190924115500_00160.png,789,941,72,27.9,963
9/24/2019 11:56,datasets/dataset_cropped/09_Metas/24/11/20190924115600_00160.jpg,datasets_flow/dataset_cropped/09_Metas/24/11/20190924115600_00160.jpg,datasets_cloudmask/dataset_cropped/09_Metas/24/11/20190924115600_00160.png,788.8,940,72,27.7,963
9/24/2019 11:57,datasets/dataset_cropped/09_Metas/24/11/20190924115700_00160.jpg,datasets_flow/dataset_cropped/09_Metas/24/11/20190924115700_00160.jpg,datasets_cloudmask/dataset_cropped/09_Metas/24/11/20190924115700_00160.png,790,940,72.1,27.7,963
9/24/2019 11:58,datasets/dataset_cropped/09_Metas/24/11/20190924115800_00160.jpg,datasets_flow/dataset_cropped/09_Metas/24/11/20190924115800_00160.jpg,datasets_cloudmask/dataset_cropped/09_Metas/24/11/20190924115800_00160.png,792.6,943,71.8,27.6,963
9/24/2019 11:59,datasets/dataset_cropped/09_Metas/24/11/20190924115900_00160.jpg,datasets_flow/dataset_cropped/09_Metas/24/11/20190924115900_00160.jpg,datasets_cloudmask/dataset_cropped/09_Metas/24/11/20190924115900_00160.png,793.4,942,72.1,27.8,963
9/24/2019 12:00,datasets/dataset_cropped/09_Metas/24/12/20190924120000_00160.jpg,datasets_flow/dataset_cropped/09_Metas/24/12/20190924120000_00160.jpg,datasets_cloudmask/dataset_cropped/09_Metas/24/12/20190924120000_00160.png,795.1,943,72.1,28.1,963
9/24/2019 12:01,datasets/dataset_cropped/09_Metas/24/12/20190924120100_00160.jpg,datasets_flow/dataset_cropped/09_Metas/24/12/20190924120100_00160.jpg,datasets_cloudmask/dataset_cropped/09_Metas/24/12/20190924120100_00160.png,795.3,940,72.6,27.9,963
9/24/2019 12:02,datasets/dataset_cropped/09_Metas/24/12/20190924120200_00160.jpg,datasets_flow/dataset_cropped/09_Metas/24/12/20190924120200_00160.jpg,datasets_cloudmask/dataset_cropped/09_Metas/24/12/20190924120200_00160.png,796.4,940,72.7,28.1,963
9/24/2019 12:03,datasets/dataset_cropped/09_Metas/24/12/20190924120300_00160.jpg,datasets_flow/dataset_cropped/09_Metas/24/12/20190924120300_00160.jpg,datasets_cloudmask/dataset_cropped/09_Metas/24/12/20190924120300_00160.png,797.1,939,73.2,28.4,963
9/24/2019 12:04,datasets/dataset_cropped/09_Metas/24/12/20190924120400_00160.jpg,datasets_flow/dataset_cropped/09_Metas/24/12/20190924120400_00160.jpg,datasets_cloudmask/dataset_cropped/09_Metas/24/12/20190924120400_00160.png,795.8,936,73.7,28.5,963
9/24/2019 12:05,datasets/dataset_cropped/09_Metas/24/12/20190924120500_00160.jpg,datasets_flow/dataset_cropped/09_Metas/24/12/20190924120500_00160.jpg,datasets_cloudmask/dataset_cropped/09_Metas/24/12/20190924120500_00160.png,796.1,936,73.7,28.3,963
9/24/2019 12:06,datasets/dataset_cropped/09_Metas/24/12/20190924120600_00160.jpg,datasets_flow/dataset_cropped/09_Metas/24/12/20190924120600_00160.jpg,datasets_cloudmask/dataset_cropped/09_Metas/24/12/20190924120600_00160.png,798.2,938,73.6,28.2,963
9/24/2019 12:07,datasets/dataset_cropped/09_Metas/24/12/20190924120700_00160.jpg,datasets_flow/dataset_cropped/09_Metas/24/12/20190924120700_00160.jpg,datasets_cloudmask/dataset_cropped/09_Metas/24/12/20190924120700_00160.png,797.8,936,73.9,28.4,963
9/24/2019 12:08,datasets/dataset_cropped/09_Metas/24/12/20190924120800_00160.jpg,datasets_flow/dataset_cropped/09_Metas/24/12/20190924120800_00160.jpg,datasets_cloudmask/dataset_cropped/09_Metas/24/12/20190924120800_00160.png,799.2,937,74,28.6,963
9/24/2019 12:09,datasets/dataset_cropped/09_Metas/24/12/20190924120900_00160.jpg,datasets_flow/dataset_cropped/09_Metas/24/12/20190924120900_00160.jpg,datasets_cloudmask/dataset_cropped/09_Metas/24/12/20190924120900_00160.png,801,939,73.8,28.4,963
9/24/2019 12:10,datasets/dataset_cropped/09_Metas/24/12/20190924121000_00160.jpg,datasets_flow/dataset_cropped/09_Metas/24/12/20190924121000_00160.jpg,datasets_cloudmask/dataset_cropped/09_Metas/24/12/20190924121000_00160.png,803,940,73.9,28.2,963
9/24/2019 12:11,datasets/dataset_cropped/09_Metas/24/12/20190924121100_00160.jpg,datasets_flow/dataset_cropped/09_Metas/24/12/20190924121100_00160.jpg,datasets_cloudmask/dataset_cropped/09_Metas/24/12/20190924121100_00160.png,803,939,73.7,28.2,963
9/24/2019 12:12,datasets/dataset_cropped/09_Metas/24/12/20190924121200_00160.jpg,datasets_flow/dataset_cropped/09_Metas/24/12/20190924121200_00160.jpg,datasets_cloudmask/dataset_cropped/09_Metas/24/12/20190924121200_00160.png,804,940,73.5,28.2,963
9/24/2019 12:13,datasets/dataset_cropped/09_Metas/24/12/20190924121300_00160.jpg,datasets_flow/dataset_cropped/09_Metas/24/12/20190924121300_00160.jpg,datasets_cloudmask/dataset_cropped/09_Metas/24/12/20190924121300_00160.png,805,941,73.5,28.4,963
9/24/2019 12:14,datasets/dataset_cropped/09_Metas/24/12/20190924121400_00160.jpg,datasets_flow/dataset_cropped/09_Metas/24/12/20190924121400_00160.jpg,datasets_cloudmask/dataset_cropped/09_Metas/24/12/20190924121400_00160.png,804,938,74.1,28.6,963
9/24/2019 12:15,datasets/dataset_cropped/09_Metas/24/12/20190924121500_00160.jpg,datasets_flow/dataset_cropped/09_Metas/24/12/20190924121500_00160.jpg,datasets_cloudmask/dataset_cropped/09_Metas/24/12/20190924121500_00160.png,805,939,74.2,28.5,963
9/24/2019 12:16,datasets/dataset_cropped/09_Metas/24/12/20190924121600_00160.jpg,datasets_flow/dataset_cropped/09_Metas/24/12/20190924121600_00160.jpg,datasets_cloudmask/dataset_cropped/09_Metas/24/12/20190924121600_00160.png,806,940,73.9,28.6,963
9/24/2019 12:17,datasets/dataset_cropped/09_Metas/24/12/20190924121700_00160.jpg,datasets_flow/dataset_cropped/09_Metas/24/12/20190924121700_00160.jpg,datasets_cloudmask/dataset_cropped/09_Metas/24/12/20190924121700_00160.png,807,939,74,28.6,963
9/24/2019 12:18,datasets/dataset_cropped/09_Metas/24/12/20190924121800_00160.jpg,datasets_flow/dataset_cropped/09_Metas/24/12/20190924121800_00160.jpg,datasets_cloudmask/dataset_cropped/09_Metas/24/12/20190924121800_00160.png,806,937,74.2,28.4,963
9/24/2019 12:19,datasets/dataset_cropped/09_Metas/24/12/20190924121900_00160.jpg,datasets_flow/dataset_cropped/09_Metas/24/12/20190924121900_00160.jpg,datasets_cloudmask/dataset_cropped/09_Metas/24/12/20190924121900_00160.png,805,933,74.7,28.5,963
9/24/2019 12:20,datasets/dataset_cropped/09_Metas/24/12/20190924122000_00160.jpg,datasets_flow/dataset_cropped/09_Metas/24/12/20190924122000_00160.jpg,datasets_cloudmask/dataset_cropped/09_Metas/24/12/20190924122000_00160.png,807,936,74.9,28.5,963
9/24/2019 12:21,datasets/dataset_cropped/09_Metas/24/12/20190924122100_00160.jpg,datasets_flow/dataset_cropped/09_Metas/24/12/20190924122100_00160.jpg,datasets_cloudmask/dataset_cropped/09_Metas/24/12/20190924122100_00160.png,808,937,74.9,28.6,963
9/24/2019 12:22,datasets/dataset_cropped/09_Metas/24/12/20190924122200_00160.jpg,datasets_flow/dataset_cropped/09_Metas/24/12/20190924122200_00160.jpg,datasets_cloudmask/dataset_cropped/09_Metas/24/12/20190924122200_00160.png,807,934,75,28.6,963
9/24/2019 12:23,datasets/dataset_cropped/09_Metas/24/12/20190924122300_00160.jpg,datasets_flow/dataset_cropped/09_Metas/24/12/20190924122300_00160.jpg,datasets_cloudmask/dataset_cropped/09_Metas/24/12/20190924122300_00160.png,809,936,74.9,28.5,963
9/24/2019 12:24,datasets/dataset_cropped/09_Metas/24/12/20190924122400_00160.jpg,datasets_flow/dataset_cropped/09_Metas/24/12/20190924122400_00160.jpg,datasets_cloudmask/dataset_cropped/09_Metas/24/12/20190924122400_00160.png,810,937,75,28.7,963
9/24/2019 12:25,datasets/dataset_cropped/09_Metas/24/12/20190924122500_00160.jpg,datasets_flow/dataset_cropped/09_Metas/24/12/20190924122500_00160.jpg,datasets_cloudmask/dataset_cropped/09_Metas/24/12/20190924122500_00160.png,811,937,75.1,28.6,963
9/24/2019 12:26,datasets/dataset_cropped/09_Metas/24/12/20190924122600_00160.jpg,datasets_flow/dataset_cropped/09_Metas/24/12/20190924122600_00160.jpg,datasets_cloudmask/dataset_cropped/09_Metas/24/12/20190924122600_00160.png,812,937,75.3,28.7,963
9/24/2019 12:27,datasets/dataset_cropped/09_Metas/24/12/20190924122700_00160.jpg,datasets_flow/dataset_cropped/09_Metas/24/12/20190924122700_00160.jpg,datasets_cloudmask/dataset_cropped/09_Metas/24/12/20190924122700_00160.png,811,935,75.5,28.7,963
9/24/2019 12:28,datasets/dataset_cropped/09_Metas/24/12/20190924122800_00160.jpg,datasets_flow/dataset_cropped/09_Metas/24/12/20190924122800_00160.jpg,datasets_cloudmask/dataset_cropped/09_Metas/24/12/20190924122800_00160.png,811,935,75.6,28.6,963
9/24/2019 12:29,datasets/dataset_cropped/09_Metas/24/12/20190924122900_00160.jpg,datasets_flow/dataset_cropped/09_Metas/24/12/20190924122900_00160.jpg,datasets_cloudmask/dataset_cropped/09_Metas/24/12/20190924122900_00160.png,812,935,75.8,28.8,963
9/24/2019 12:30,datasets/dataset_cropped/09_Metas/24/12/20190924123000_00160.jpg,datasets_flow/dataset_cropped/09_Metas/24/12/20190924123000_00160.jpg,datasets_cloudmask/dataset_cropped/09_Metas/24/12/20190924123000_00160.png,811,933,76.1,29,963
9/24/2019 12:31,datasets/dataset_cropped/09_Metas/24/12/20190924123100_00160.jpg,datasets_flow/dataset_cropped/09_Metas/24/12/20190924123100_00160.jpg,datasets_cloudmask/dataset_cropped/09_Metas/24/12/20190924123100_00160.png,812,933,76.5,28.9,963
9/24/2019 12:32,datasets/dataset_cropped/09_Metas/24/12/20190924123200_00160.jpg,datasets_flow/dataset_cropped/09_Metas/24/12/20190924123200_00160.jpg,datasets_cloudmask/dataset_cropped/09_Metas/24/12/20190924123200_00160.png,812,934,76.3,28.7,963
9/24/2019 12:33,datasets/dataset_cropped/09_Metas/24/12/20190924123300_00160.jpg,datasets_flow/dataset_cropped/09_Metas/24/12/20190924123300_00160.jpg,datasets_cloudmask/dataset_cropped/09_Metas/24/12/20190924123300_00160.png,813,934,76,28.9,963
9/24/2019 12:34,datasets/dataset_cropped/09_Metas/24/12/20190924123400_00160.jpg,datasets_flow/dataset_cropped/09_Metas/24/12/20190924123400_00160.jpg,datasets_cloudmask/dataset_cropped/09_Metas/24/12/20190924123400_00160.png,814,934,75.8,29.1,963
9/24/2019 12:35,datasets/dataset_cropped/09_Metas/24/12/20190924123500_00160.jpg,datasets_flow/dataset_cropped/09_Metas/24/12/20190924123500_00160.jpg,datasets_cloudmask/dataset_cropped/09_Metas/24/12/20190924123500_00160.png,814,934,75.8,29,963
9/24/2019 12:36,datasets/dataset_cropped/09_Metas/24/12/20190924123600_00160.jpg,datasets_flow/dataset_cropped/09_Metas/24/12/20190924123600_00160.jpg,datasets_cloudmask/dataset_cropped/09_Metas/24/12/20190924123600_00160.png,816,935,75.9,29.1,963
9/24/2019 12:37,datasets/dataset_cropped/09_Metas/24/12/20190924123700_00160.jpg,datasets_flow/dataset_cropped/09_Metas/24/12/20190924123700_00160.jpg,datasets_cloudmask/dataset_cropped/09_Metas/24/12/20190924123700_00160.png,816,934,76,29.1,963
9/24/2019 12:38,datasets/dataset_cropped/09_Metas/24/12/20190924123800_00160.jpg,datasets_flow/dataset_cropped/09_Metas/24/12/20190924123800_00160.jpg,datasets_cloudmask/dataset_cropped/09_Metas/24/12/20190924123800_00160.png,815,933,76,28.9,963
9/24/2019 12:39,datasets/dataset_cropped/09_Metas/24/12/20190924123900_00160.jpg,datasets_flow/dataset_cropped/09_Metas/24/12/20190924123900_00160.jpg,datasets_cloudmask/dataset_cropped/09_Metas/24/12/20190924123900_00160.png,815,933,75.9,28.8,963
9/24/2019 12:40,datasets/dataset_cropped/09_Metas/24/12/20190924124000_00160.jpg,datasets_flow/dataset_cropped/09_Metas/24/12/20190924124000_00160.jpg,datasets_cloudmask/dataset_cropped/09_Metas/24/12/20190924124000_00160.png,816,933,76,28.7,963
9/24/2019 12:41,datasets/dataset_cropped/09_Metas/24/12/20190924124100_00160.jpg,datasets_flow/dataset_cropped/09_Metas/24/12/20190924124100_00160.jpg,datasets_cloudmask/dataset_cropped/09_Metas/24/12/20190924124100_00160.png,816,933,76.4,28.6,963
9/24/2019 12:42,datasets/dataset_cropped/09_Metas/24/12/20190924124200_00160.jpg,datasets_flow/dataset_cropped/09_Metas/24/12/20190924124200_00160.jpg,datasets_cloudmask/dataset_cropped/09_Metas/24/12/20190924124200_00160.png,817,933,76.6,28.6,963
9/24/2019 12:43,datasets/dataset_cropped/09_Metas/24/12/20190924124300_00160.jpg,datasets_flow/dataset_cropped/09_Metas/24/12/20190924124300_00160.jpg,datasets_cloudmask/dataset_cropped/09_Metas/24/12/20190924124300_00160.png,817,933,77,28.8,963
9/24/2019 12:44,datasets/dataset_cropped/09_Metas/24/12/20190924124400_00160.jpg,datasets_flow/dataset_cropped/09_Metas/24/12/20190924124400_00160.jpg,datasets_cloudmask/dataset_cropped/09_Metas/24/12/20190924124400_00160.png,817,934,76.9,28.8,963
9/24/2019 12:45,datasets/dataset_cropped/09_Metas/24/12/20190924124500_00160.jpg,datasets_flow/dataset_cropped/09_Metas/24/12/20190924124500_00160.jpg,datasets_cloudmask/dataset_cropped/09_Metas/24/12/20190924124500_00160.png,818,934,76.8,28.5,963
9/24/2019 12:46,datasets/dataset_cropped/09_Metas/24/12/20190924124600_00160.jpg,datasets_flow/dataset_cropped/09_Metas/24/12/20190924124600_00160.jpg,datasets_cloudmask/dataset_cropped/09_Metas/24/12/20190924124600_00160.png,818,934,76.8,28.5,962
9/24/2019 12:47,datasets/dataset_cropped/09_Metas/24/12/20190924124700_00160.jpg,datasets_flow/dataset_cropped/09_Metas/24/12/20190924124700_00160.jpg,datasets_cloudmask/dataset_cropped/09_Metas/24/12/20190924124700_00160.png,817,933,76.8,28.7,963
9/24/2019 12:48,datasets/dataset_cropped/09_Metas/24/12/20190924124800_00160.jpg,datasets_flow/dataset_cropped/09_Metas/24/12/20190924124800_00160.jpg,datasets_cloudmask/dataset_cropped/09_Metas/24/12/20190924124800_00160.png,818,933,76.9,28.7,962
9/24/2019 12:49,datasets/dataset_cropped/09_Metas/24/12/20190924124900_00160.jpg,datasets_flow/dataset_cropped/09_Metas/24/12/20190924124900_00160.jpg,datasets_cloudmask/dataset_cropped/09_Metas/24/12/20190924124900_00160.png,819,934,76.7,28.7,962
9/24/2019 12:50,datasets/dataset_cropped/09_Metas/24/12/20190924125000_00160.jpg,datasets_flow/dataset_cropped/09_Metas/24/12/20190924125000_00160.jpg,datasets_cloudmask/dataset_cropped/09_Metas/24/12/20190924125000_00160.png,818,933,76.5,28.9,963
9/24/2019 12:51,datasets/dataset_cropped/09_Metas/24/12/20190924125100_00160.jpg,datasets_flow/dataset_cropped/09_Metas/24/12/20190924125100_00160.jpg,datasets_cloudmask/dataset_cropped/09_Metas/24/12/20190924125100_00160.png,820,934,76.7,28.7,962
9/24/2019 12:52,datasets/dataset_cropped/09_Metas/24/12/20190924125200_00160.jpg,datasets_flow/dataset_cropped/09_Metas/24/12/20190924125200_00160.jpg,datasets_cloudmask/dataset_cropped/09_Metas/24/12/20190924125200_00160.png,821,936,76.5,28.6,963
9/24/2019 12:53,datasets/dataset_cropped/09_Metas/24/12/20190924125300_00160.jpg,datasets_flow/dataset_cropped/09_Metas/24/12/20190924125300_00160.jpg,datasets_cloudmask/dataset_cropped/09_Metas/24/12/20190924125300_00160.png,820,935,76.3,28.7,962
9/24/2019 12:54,datasets/dataset_cropped/09_Metas/24/12/20190924125400_00160.jpg,datasets_flow/dataset_cropped/09_Metas/24/12/20190924125400_00160.jpg,datasets_cloudmask/dataset_cropped/09_Metas/24/12/20190924125400_00160.png,820,934,76.4,28.6,962
9/24/2019 12:55,datasets/dataset_cropped/09_Metas/24/12/20190924125500_00160.jpg,datasets_flow/dataset_cropped/09_Metas/24/12/20190924125500_00160.jpg,datasets_cloudmask/dataset_cropped/09_Metas/24/12/20190924125500_00160.png,820,934,76.6,28.6,962
9/24/2019 12:56,datasets/dataset_cropped/09_Metas/24/12/20190924125600_00160.jpg,datasets_flow/dataset_cropped/09_Metas/24/12/20190924125600_00160.jpg,datasets_cloudmask/dataset_cropped/09_Metas/24/12/20190924125600_00160.png,821,935,76.6,28.9,962
9/24/2019 12:57,datasets/dataset_cropped/09_Metas/24/12/20190924125700_00160.jpg,datasets_flow/dataset_cropped/09_Metas/24/12/20190924125700_00160.jpg,datasets_cloudmask/dataset_cropped/09_Metas/24/12/20190924125700_00160.png,820,934,76.3,28.9,962
9/24/2019 12:58,datasets/dataset_cropped/09_Metas/24/12/20190924125800_00160.jpg,datasets_flow/dataset_cropped/09_Metas/24/12/20190924125800_00160.jpg,datasets_cloudmask/dataset_cropped/09_Metas/24/12/20190924125800_00160.png,820,933,76.5,28.8,963
9/24/2019 12:59,datasets/dataset_cropped/09_Metas/24/12/20190924125900_00160.jpg,datasets_flow/dataset_cropped/09_Metas/24/12/20190924125900_00160.jpg,datasets_cloudmask/dataset_cropped/09_Metas/24/12/20190924125900_00160.png,820,934,76.8,28.6,962
9/24/2019 13:00,datasets/dataset_cropped/09_Metas/24/13/20190924130000_00160.jpg,datasets_flow/dataset_cropped/09_Metas/24/13/20190924130000_00160.jpg,datasets_cloudmask/dataset_cropped/09_Metas/24/13/20190924130000_00160.png,820,934,76.8,28.4,962
9/24/2019 13:01,datasets/dataset_cropped/09_Metas/24/13/20190924130100_00160.jpg,datasets_flow/dataset_cropped/09_Metas/24/13/20190924130100_00160.jpg,datasets_cloudmask/dataset_cropped/09_Metas/24/13/20190924130100_00160.png,820,934,76.5,28.4,962
9/24/2019 13:02,datasets/dataset_cropped/09_Metas/24/13/20190924130200_00160.jpg,datasets_flow/dataset_cropped/09_Metas/24/13/20190924130200_00160.jpg,datasets_cloudmask/dataset_cropped/09_Metas/24/13/20190924130200_00160.png,821,935,76.4,28.4,962
9/24/2019 13:03,datasets/dataset_cropped/09_Metas/24/13/20190924130300_00160.jpg,datasets_flow/dataset_cropped/09_Metas/24/13/20190924130300_00160.jpg,datasets_cloudmask/dataset_cropped/09_Metas/24/13/20190924130300_00160.png,821,935,76.1,28.6,962
9/24/2019 13:04,datasets/dataset_cropped/09_Metas/24/13/20190924130400_00160.jpg,datasets_flow/dataset_cropped/09_Metas/24/13/20190924130400_00160.jpg,datasets_cloudmask/dataset_cropped/09_Metas/24/13/20190924130400_00160.png,822,937,76.2,28.8,962
9/24/2019 13:05,datasets/dataset_cropped/09_Metas/24/13/20190924130500_00160.jpg,datasets_flow/dataset_cropped/09_Metas/24/13/20190924130500_00160.jpg,datasets_cloudmask/dataset_cropped/09_Metas/24/13/20190924130500_00160.png,823,938,76.2,29,962
9/24/2019 13:06,datasets/dataset_cropped/09_Metas/24/13/20190924130600_00160.jpg,datasets_flow/dataset_cropped/09_Metas/24/13/20190924130600_00160.jpg,datasets_cloudmask/dataset_cropped/09_Metas/24/13/20190924130600_00160.png,823,938,76.5,29.4,962
9/24/2019 13:07,datasets/dataset_cropped/09_Metas/24/13/20190924130700_00160.jpg,datasets_flow/dataset_cropped/09_Metas/24/13/20190924130700_00160.jpg,datasets_cloudmask/dataset_cropped/09_Metas/24/13/20190924130700_00160.png,823,938,76.5,29.4,962
9/24/2019 13:08,datasets/dataset_cropped/09_Metas/24/13/20190924130800_00160.jpg,datasets_flow/dataset_cropped/09_Metas/24/13/20190924130800_00160.jpg,datasets_cloudmask/dataset_cropped/09_Metas/24/13/20190924130800_00160.png,822,938,76.2,29.2,962
9/24/2019 13:09,datasets/dataset_cropped/09_Metas/24/13/20190924130900_00160.jpg,datasets_flow/dataset_cropped/09_Metas/24/13/20190924130900_00160.jpg,datasets_cloudmask/dataset_cropped/09_Metas/24/13/20190924130900_00160.png,822,938,76,29.2,962
9/24/2019 13:10,datasets/dataset_cropped/09_Metas/24/13/20190924131000_00160.jpg,datasets_flow/dataset_cropped/09_Metas/24/13/20190924131000_00160.jpg,datasets_cloudmask/dataset_cropped/09_Metas/24/13/20190924131000_00160.png,822,938,76,29.2,962
9/24/2019 13:11,datasets/dataset_cropped/09_Metas/24/13/20190924131100_00160.jpg,datasets_flow/dataset_cropped/09_Metas/24/13/20190924131100_00160.jpg,datasets_cloudmask/dataset_cropped/09_Metas/24/13/20190924131100_00160.png,822,939,75.8,29.2,962
9/24/2019 13:12,datasets/dataset_cropped/09_Metas/24/13/20190924131200_00160.jpg,datasets_flow/dataset_cropped/09_Metas/24/13/20190924131200_00160.jpg,datasets_cloudmask/dataset_cropped/09_Metas/24/13/20190924131200_00160.png,822,939,75.8,29.1,962
9/24/2019 13:13,datasets/dataset_cropped/09_Metas/24/13/20190924131300_00160.jpg,datasets_flow/dataset_cropped/09_Metas/24/13/20190924131300_00160.jpg,datasets_cloudmask/dataset_cropped/09_Metas/24/13/20190924131300_00160.png,821,938,75.7,29.1,962
9/24/2019 13:14,datasets/dataset_cropped/09_Metas/24/13/20190924131400_00160.jpg,datasets_flow/dataset_cropped/09_Metas/24/13/20190924131400_00160.jpg,datasets_cloudmask/dataset_cropped/09_Metas/24/13/20190924131400_00160.png,822,939,75.7,29,962
9/24/2019 13:15,datasets/dataset_cropped/09_Metas/24/13/20190924131500_00160.jpg,datasets_flow/dataset_cropped/09_Metas/24/13/20190924131500_00160.jpg,datasets_cloudmask/dataset_cropped/09_Metas/24/13/20190924131500_00160.png,822,940,75.5,28.9,962
9/24/2019 13:16,datasets/dataset_cropped/09_Metas/24/13/20190924131600_00160.jpg,datasets_flow/dataset_cropped/09_Metas/24/13/20190924131600_00160.jpg,datasets_cloudmask/dataset_cropped/09_Metas/24/13/20190924131600_00160.png,822,940,75.5,28.9,962
9/24/2019 13:17,datasets/dataset_cropped/09_Metas/24/13/20190924131700_00160.jpg,datasets_flow/dataset_cropped/09_Metas/24/13/20190924131700_00160.jpg,datasets_cloudmask/dataset_cropped/09_Metas/24/13/20190924131700_00160.png,822,940,75.6,29.2,962
9/24/2019 13:18,datasets/dataset_cropped/09_Metas/24/13/20190924131800_00160.jpg,datasets_flow/dataset_cropped/09_Metas/24/13/20190924131800_00160.jpg,datasets_cloudmask/dataset_cropped/09_Metas/24/13/20190924131800_00160.png,822,940,75.5,29.5,962
9/24/2019 13:19,datasets/dataset_cropped/09_Metas/24/13/20190924131900_00160.jpg,datasets_flow/dataset_cropped/09_Metas/24/13/20190924131900_00160.jpg,datasets_cloudmask/dataset_cropped/09_Metas/24/13/20190924131900_00160.png,822,941,75.5,29.5,962
9/24/2019 13:20,datasets/dataset_cropped/09_Metas/24/13/20190924132000_00160.jpg,datasets_flow/dataset_cropped/09_Metas/24/13/20190924132000_00160.jpg,datasets_cloudmask/dataset_cropped/09_Metas/24/13/20190924132000_00160.png,822,941,75.3,29.6,962
9/24/2019 13:21,datasets/dataset_cropped/09_Metas/24/13/20190924132100_00160.jpg,datasets_flow/dataset_cropped/09_Metas/24/13/20190924132100_00160.jpg,datasets_cloudmask/dataset_cropped/09_Metas/24/13/20190924132100_00160.png,822,942,75.4,29.5,962
9/24/2019 13:22,datasets/dataset_cropped/09_Metas/24/13/20190924132200_00160.jpg,datasets_flow/dataset_cropped/09_Metas/24/13/20190924132200_00160.jpg,datasets_cloudmask/dataset_cropped/09_Metas/24/13/20190924132200_00160.png,821,941,75.5,29.5,962
9/24/2019 13:23,datasets/dataset_cropped/09_Metas/24/13/20190924132300_00160.jpg,datasets_flow/dataset_cropped/09_Metas/24/13/20190924132300_00160.jpg,datasets_cloudmask/dataset_cropped/09_Metas/24/13/20190924132300_00160.png,821,942,75.2,29.6,962
9/24/2019 13:24,datasets/dataset_cropped/09_Metas/24/13/20190924132400_00160.jpg,datasets_flow/dataset_cropped/09_Metas/24/13/20190924132400_00160.jpg,datasets_cloudmask/dataset_cropped/09_Metas/24/13/20190924132400_00160.png,820,941,74.9,29.5,962
9/24/2019 13:25,datasets/dataset_cropped/09_Metas/24/13/20190924132500_00160.jpg,datasets_flow/dataset_cropped/09_Metas/24/13/20190924132500_00160.jpg,datasets_cloudmask/dataset_cropped/09_Metas/24/13/20190924132500_00160.png,820,941,74.9,29.6,962
9/24/2019 13:26,datasets/dataset_cropped/09_Metas/24/13/20190924132600_00160.jpg,datasets_flow/dataset_cropped/09_Metas/24/13/20190924132600_00160.jpg,datasets_cloudmask/dataset_cropped/09_Metas/24/13/20190924132600_00160.png,819,941,74.8,29.4,962
9/24/2019 13:27,datasets/dataset_cropped/09_Metas/24/13/20190924132700_00160.jpg,datasets_flow/dataset_cropped/09_Metas/24/13/20190924132700_00160.jpg,datasets_cloudmask/dataset_cropped/09_Metas/24/13/20190924132700_00160.png,819,940,75,29.4,962
9/24/2019 13:28,datasets/dataset_cropped/09_Metas/24/13/20190924132800_00160.jpg,datasets_flow/dataset_cropped/09_Metas/24/13/20190924132800_00160.jpg,datasets_cloudmask/dataset_cropped/09_Metas/24/13/20190924132800_00160.png,818,940,75.1,29.4,962
9/24/2019 13:29,datasets/dataset_cropped/09_Metas/24/13/20190924132900_00160.jpg,datasets_flow/dataset_cropped/09_Metas/24/13/20190924132900_00160.jpg,datasets_cloudmask/dataset_cropped/09_Metas/24/13/20190924132900_00160.png,818,940,75.1,29.2,962
9/24/2019 13:30,datasets/dataset_cropped/09_Metas/24/13/20190924133000_00160.jpg,datasets_flow/dataset_cropped/09_Metas/24/13/20190924133000_00160.jpg,datasets_cloudmask/dataset_cropped/09_Metas/24/13/20190924133000_00160.png,818,940,74.9,29.4,962
9/24/2019 13:31,datasets/dataset_cropped/09_Metas/24/13/20190924133100_00160.jpg,datasets_flow/dataset_cropped/09_Metas/24/13/20190924133100_00160.jpg,datasets_cloudmask/dataset_cropped/09_Metas/24/13/20190924133100_00160.png,818,941,75,29.6,962
9/24/2019 13:32,datasets/dataset_cropped/09_Metas/24/13/20190924133200_00160.jpg,datasets_flow/dataset_cropped/09_Metas/24/13/20190924133200_00160.jpg,datasets_cloudmask/dataset_cropped/09_Metas/24/13/20190924133200_00160.png,817,942,74.8,29.9,962
9/24/2019 13:33,datasets/dataset_cropped/09_Metas/24/13/20190924133300_00160.jpg,datasets_flow/dataset_cropped/09_Metas/24/13/20190924133300_00160.jpg,datasets_cloudmask/dataset_cropped/09_Metas/24/13/20190924133300_00160.png,817,942,74.6,29.7,962
9/24/2019 13:34,datasets/dataset_cropped/09_Metas/24/13/20190924133400_00160.jpg,datasets_flow/dataset_cropped/09_Metas/24/13/20190924133400_00160.jpg,datasets_cloudmask/dataset_cropped/09_Metas/24/13/20190924133400_00160.png,816,942,74.6,29.5,962
9/24/2019 13:35,datasets/dataset_cropped/09_Metas/24/13/20190924133500_00160.jpg,datasets_flow/dataset_cropped/09_Metas/24/13/20190924133500_00160.jpg,datasets_cloudmask/dataset_cropped/09_Metas/24/13/20190924133500_00160.png,816,942,74.7,29.5,962
9/24/2019 13:36,datasets/dataset_cropped/09_Metas/24/13/20190924133600_00160.jpg,datasets_flow/dataset_cropped/09_Metas/24/13/20190924133600_00160.jpg,datasets_cloudmask/dataset_cropped/09_Metas/24/13/20190924133600_00160.png,815,942,74.5,29.7,962
9/24/2019 13:37,datasets/dataset_cropped/09_Metas/24/13/20190924133700_00160.jpg,datasets_flow/dataset_cropped/09_Metas/24/13/20190924133700_00160.jpg,datasets_cloudmask/dataset_cropped/09_Metas/24/13/20190924133700_00160.png,814,941,74.6,29.7,962
9/24/2019 13:38,datasets/dataset_cropped/09_Metas/24/13/20190924133800_00160.jpg,datasets_flow/dataset_cropped/09_Metas/24/13/20190924133800_00160.jpg,datasets_cloudmask/dataset_cropped/09_Metas/24/13/20190924133800_00160.png,813,940,74.6,29.7,962
9/24/2019 13:39,datasets/dataset_cropped/09_Metas/24/13/20190924133900_00160.jpg,datasets_flow/dataset_cropped/09_Metas/24/13/20190924133900_00160.jpg,datasets_cloudmask/dataset_cropped/09_Metas/24/13/20190924133900_00160.png,812,939,74.8,29.6,962
9/24/2019 13:40,datasets/dataset_cropped/09_Metas/24/13/20190924134000_00160.jpg,datasets_flow/dataset_cropped/09_Metas/24/13/20190924134000_00160.jpg,datasets_cloudmask/dataset_cropped/09_Metas/24/13/20190924134000_00160.png,812,938,74.8,29.5,962
9/24/2019 13:41,datasets/dataset_cropped/09_Metas/24/13/20190924134100_00160.jpg,datasets_flow/dataset_cropped/09_Metas/24/13/20190924134100_00160.jpg,datasets_cloudmask/dataset_cropped/09_Metas/24/13/20190924134100_00160.png,811,939,75,29.7,962
9/24/2019 13:42,datasets/dataset_cropped/09_Metas/24/13/20190924134200_00160.jpg,datasets_flow/dataset_cropped/09_Metas/24/13/20190924134200_00160.jpg,datasets_cloudmask/dataset_cropped/09_Metas/24/13/20190924134200_00160.png,811,940,74.9,29.9,962
9/24/2019 13:43,datasets/dataset_cropped/09_Metas/24/13/20190924134300_00160.jpg,datasets_flow/dataset_cropped/09_Metas/24/13/20190924134300_00160.jpg,datasets_cloudmask/dataset_cropped/09_Metas/24/13/20190924134300_00160.png,810,940,74.5,29.7,962
9/24/2019 13:44,datasets/dataset_cropped/09_Metas/24/13/20190924134400_00160.jpg,datasets_flow/dataset_cropped/09_Metas/24/13/20190924134400_00160.jpg,datasets_cloudmask/dataset_cropped/09_Metas/24/13/20190924134400_00160.png,809,940,74.2,29.6,962
9/24/2019 13:45,datasets/dataset_cropped/09_Metas/24/13/20190924134500_00160.jpg,datasets_flow/dataset_cropped/09_Metas/24/13/20190924134500_00160.jpg,datasets_cloudmask/dataset_cropped/09_Metas/24/13/20190924134500_00160.png,809,940,74.2,29.6,962
9/24/2019 13:46,datasets/dataset_cropped/09_Metas/24/13/20190924134600_00160.jpg,datasets_flow/dataset_cropped/09_Metas/24/13/20190924134600_00160.jpg,datasets_cloudmask/dataset_cropped/09_Metas/24/13/20190924134600_00160.png,808,939,74.3,29.8,962
9/24/2019 13:47,datasets/dataset_cropped/09_Metas/24/13/20190924134700_00160.jpg,datasets_flow/dataset_cropped/09_Metas/24/13/20190924134700_00160.jpg,datasets_cloudmask/dataset_cropped/09_Metas/24/13/20190924134700_00160.png,807,938,74.7,30,962
9/24/2019 13:48,datasets/dataset_cropped/09_Metas/24/13/20190924134800_00160.jpg,datasets_flow/dataset_cropped/09_Metas/24/13/20190924134800_00160.jpg,datasets_cloudmask/dataset_cropped/09_Metas/24/13/20190924134800_00160.png,806,938,74.4,29.8,962
9/24/2019 13:49,datasets/dataset_cropped/09_Metas/24/13/20190924134900_00160.jpg,datasets_flow/dataset_cropped/09_Metas/24/13/20190924134900_00160.jpg,datasets_cloudmask/dataset_cropped/09_Metas/24/13/20190924134900_00160.png,804,937,74.4,29.9,962
9/24/2019 13:50,datasets/dataset_cropped/09_Metas/24/13/20190924135000_00160.jpg,datasets_flow/dataset_cropped/09_Metas/24/13/20190924135000_00160.jpg,datasets_cloudmask/dataset_cropped/09_Metas/24/13/20190924135000_00160.png,803,936,74.5,30,962
9/24/2019 13:51,datasets/dataset_cropped/09_Metas/24/13/20190924135100_00160.jpg,datasets_flow/dataset_cropped/09_Metas/24/13/20190924135100_00160.jpg,datasets_cloudmask/dataset_cropped/09_Metas/24/13/20190924135100_00160.png,802,935,74.9,30,962
9/24/2019 13:52,datasets/dataset_cropped/09_Metas/24/13/20190924135200_00160.jpg,datasets_flow/dataset_cropped/09_Metas/24/13/20190924135200_00160.jpg,datasets_cloudmask/dataset_cropped/09_Metas/24/13/20190924135200_00160.png,801,935,74.7,29.9,962
9/24/2019 13:53,datasets/dataset_cropped/09_Metas/24/13/20190924135300_00160.jpg,datasets_flow/dataset_cropped/09_Metas/24/13/20190924135300_00160.jpg,datasets_cloudmask/dataset_cropped/09_Metas/24/13/20190924135300_00160.png,799.9,934,74.2,29.6,962
9/24/2019 13:54,datasets/dataset_cropped/09_Metas/24/13/20190924135400_00160.jpg,datasets_flow/dataset_cropped/09_Metas/24/13/20190924135400_00160.jpg,datasets_cloudmask/dataset_cropped/09_Metas/24/13/20190924135400_00160.png,798.7,933,74.2,29.6,962
9/24/2019 13:55,datasets/dataset_cropped/09_Metas/24/13/20190924135500_00160.jpg,datasets_flow/dataset_cropped/09_Metas/24/13/20190924135500_00160.jpg,datasets_cloudmask/dataset_cropped/09_Metas/24/13/20190924135500_00160.png,798.2,934,74.2,29.8,962
9/24/2019 13:56,datasets/dataset_cropped/09_Metas/24/13/20190924135600_00160.jpg,datasets_flow/dataset_cropped/09_Metas/24/13/20190924135600_00160.jpg,datasets_cloudmask/dataset_cropped/09_Metas/24/13/20190924135600_00160.png,797.9,934,74.7,29.9,962
9/24/2019 13:57,datasets/dataset_cropped/09_Metas/24/13/20190924135700_00160.jpg,datasets_flow/dataset_cropped/09_Metas/24/13/20190924135700_00160.jpg,datasets_cloudmask/dataset_cropped/09_Metas/24/13/20190924135700_00160.png,797.8,935,74.8,29.8,961
9/24/2019 13:58,datasets/dataset_cropped/09_Metas/24/13/20190924135800_00160.jpg,datasets_flow/dataset_cropped/09_Metas/24/13/20190924135800_00160.jpg,datasets_cloudmask/dataset_cropped/09_Metas/24/13/20190924135800_00160.png,796.8,936,74.3,29.9,961
9/24/2019 13:59,datasets/dataset_cropped/09_Metas/24/13/20190924135900_00160.jpg,datasets_flow/dataset_cropped/09_Metas/24/13/20190924135900_00160.jpg,datasets_cloudmask/dataset_cropped/09_Metas/24/13/20190924135900_00160.png,795.8,935,74.4,30,961
9/24/2019 14:00,datasets/dataset_cropped/09_Metas/24/14/20190924140000_00160.jpg,datasets_flow/dataset_cropped/09_Metas/24/14/20190924140000_00160.jpg,datasets_cloudmask/dataset_cropped/09_Metas/24/14/20190924140000_00160.png,794.3,935,74.3,29.9,961
9/24/2019 14:01,datasets/dataset_cropped/09_Metas/24/14/20190924140100_00160.jpg,datasets_flow/dataset_cropped/09_Metas/24/14/20190924140100_00160.jpg,datasets_cloudmask/dataset_cropped/09_Metas/24/14/20190924140100_00160.png,793.4,935,74.3,30.2,961
9/24/2019 14:02,datasets/dataset_cropped/09_Metas/24/14/20190924140200_00160.jpg,datasets_flow/dataset_cropped/09_Metas/24/14/20190924140200_00160.jpg,datasets_cloudmask/dataset_cropped/09_Metas/24/14/20190924140200_00160.png,791.9,934,74.1,30.3,961
9/24/2019 14:03,datasets/dataset_cropped/09_Metas/24/14/20190924140300_00160.jpg,datasets_flow/dataset_cropped/09_Metas/24/14/20190924140300_00160.jpg,datasets_cloudmask/dataset_cropped/09_Metas/24/14/20190924140300_00160.png,791,933,74.4,30.1,961
9/24/2019 14:04,datasets/dataset_cropped/09_Metas/24/14/20190924140400_00160.jpg,datasets_flow/dataset_cropped/09_Metas/24/14/20190924140400_00160.jpg,datasets_cloudmask/dataset_cropped/09_Metas/24/14/20190924140400_00160.png,789.6,933,74.4,29.9,961
9/24/2019 14:05,datasets/dataset_cropped/09_Metas/24/14/20190924140500_00160.jpg,datasets_flow/dataset_cropped/09_Metas/24/14/20190924140500_00160.jpg,datasets_cloudmask/dataset_cropped/09_Metas/24/14/20190924140500_00160.png,788.1,932,74.4,29.9,961
9/24/2019 14:06,datasets/dataset_cropped/09_Metas/24/14/20190924140600_00160.jpg,datasets_flow/dataset_cropped/09_Metas/24/14/20190924140600_00160.jpg,datasets_cloudmask/dataset_cropped/09_Metas/24/14/20190924140600_00160.png,786.5,931,74.3,29.9,961
9/24/2019 14:07,datasets/dataset_cropped/09_Metas/24/14/20190924140700_00160.jpg,datasets_flow/dataset_cropped/09_Metas/24/14/20190924140700_00160.jpg,datasets_cloudmask/dataset_cropped/09_Metas/24/14/20190924140700_00160.png,785.1,930,74.2,29.9,961
9/24/2019 14:08,datasets/dataset_cropped/09_Metas/24/14/20190924140800_00160.jpg,datasets_flow/dataset_cropped/09_Metas/24/14/20190924140800_00160.jpg,datasets_cloudmask/dataset_cropped/09_Metas/24/14/20190924140800_00160.png,784,930,74.1,29.9,961
9/24/2019 14:09,datasets/dataset_cropped/09_Metas/24/14/20190924140900_00160.jpg,datasets_flow/dataset_cropped/09_Metas/24/14/20190924140900_00160.jpg,datasets_cloudmask/dataset_cropped/09_Metas/24/14/20190924140900_00160.png,783.2,930,74.1,30.1,961
9/24/2019 14:10,datasets/dataset_cropped/09_Metas/24/14/20190924141000_00160.jpg,datasets_flow/dataset_cropped/09_Metas/24/14/20190924141000_00160.jpg,datasets_cloudmask/dataset_cropped/09_Metas/24/14/20190924141000_00160.png,781.8,930,74.1,30,961
9/24/2019 14:11,datasets/dataset_cropped/09_Metas/24/14/20190924141100_00160.jpg,datasets_flow/dataset_cropped/09_Metas/24/14/20190924141100_00160.jpg,datasets_cloudmask/dataset_cropped/09_Metas/24/14/20190924141100_00160.png,780.3,929,74,30,961
9/24/2019 14:12,datasets/dataset_cropped/09_Metas/24/14/20190924141200_00160.jpg,datasets_flow/dataset_cropped/09_Metas/24/14/20190924141200_00160.jpg,datasets_cloudmask/dataset_cropped/09_Metas/24/14/20190924141200_00160.png,778.9,928,74.1,30.1,961
9/24/2019 14:13,datasets/dataset_cropped/09_Metas/24/14/20190924141300_00160.jpg,datasets_flow/dataset_cropped/09_Metas/24/14/20190924141300_00160.jpg,datasets_cloudmask/dataset_cropped/09_Metas/24/14/20190924141300_00160.png,777.9,928,74.2,30.2,961
9/24/2019 14:14,datasets/dataset_cropped/09_Metas/24/14/20190924141400_00160.jpg,datasets_flow/dataset_cropped/09_Metas/24/14/20190924141400_00160.jpg,datasets_cloudmask/dataset_cropped/09_Metas/24/14/20190924141400_00160.png,775.6,926,73.8,30.3,961
9/24/2019 14:15,datasets/dataset_cropped/09_Metas/24/14/20190924141500_00160.jpg,datasets_flow/dataset_cropped/09_Metas/24/14/20190924141500_00160.jpg,datasets_cloudmask/dataset_cropped/09_Metas/24/14/20190924141500_00160.png,774.2,925,74.1,30.4,961
9/24/2019 14:16,datasets/dataset_cropped/09_Metas/24/14/20190924141600_00160.jpg,datasets_flow/dataset_cropped/09_Metas/24/14/20190924141600_00160.jpg,datasets_cloudmask/dataset_cropped/09_Metas/24/14/20190924141600_00160.png,773.3,925,74.2,30.6,961
9/24/2019 14:17,datasets/dataset_cropped/09_Metas/24/14/20190924141700_00160.jpg,datasets_flow/dataset_cropped/09_Metas/24/14/20190924141700_00160.jpg,datasets_cloudmask/dataset_cropped/09_Metas/24/14/20190924141700_00160.png,772.8,926,74.2,30.6,961
9/24/2019 14:18,datasets/dataset_cropped/09_Metas/24/14/20190924141800_00160.jpg,datasets_flow/dataset_cropped/09_Metas/24/14/20190924141800_00160.jpg,datasets_cloudmask/dataset_cropped/09_Metas/24/14/20190924141800_00160.png,771.9,927,74,30.5,961
9/24/2019 14:19,datasets/dataset_cropped/09_Metas/24/14/20190924141900_00160.jpg,datasets_flow/dataset_cropped/09_Metas/24/14/20190924141900_00160.jpg,datasets_cloudmask/dataset_cropped/09_Metas/24/14/20190924141900_00160.png,770.8,927,74.1,30.2,961
9/24/2019 14:20,datasets/dataset_cropped/09_Metas/24/14/20190924142000_00160.jpg,datasets_flow/dataset_cropped/09_Metas/24/14/20190924142000_00160.jpg,datasets_cloudmask/dataset_cropped/09_Metas/24/14/20190924142000_00160.png,769.4,926,74.2,30.1,961
9/24/2019 14:21,datasets/dataset_cropped/09_Metas/24/14/20190924142100_00160.jpg,datasets_flow/dataset_cropped/09_Metas/24/14/20190924142100_00160.jpg,datasets_cloudmask/dataset_cropped/09_Metas/24/14/20190924142100_00160.png,768,926,74.1,30.2,961
9/24/2019 14:22,datasets/dataset_cropped/09_Metas/24/14/20190924142200_00160.jpg,datasets_flow/dataset_cropped/09_Metas/24/14/20190924142200_00160.jpg,datasets_cloudmask/dataset_cropped/09_Metas/24/14/20190924142200_00160.png,766.2,925,74,30.5,961
9/24/2019 14:23,datasets/dataset_cropped/09_Metas/24/14/20190924142300_00160.jpg,datasets_flow/dataset_cropped/09_Metas/24/14/20190924142300_00160.jpg,datasets_cloudmask/dataset_cropped/09_Metas/24/14/20190924142300_00160.png,764.6,925,73.6,30.6,961
9/24/2019 14:24,datasets/dataset_cropped/09_Metas/24/14/20190924142400_00160.jpg,datasets_flow/dataset_cropped/09_Metas/24/14/20190924142400_00160.jpg,datasets_cloudmask/dataset_cropped/09_Metas/24/14/20190924142400_00160.png,763.5,925,73.6,30.2,961
9/24/2019 14:25,datasets/dataset_cropped/09_Metas/24/14/20190924142500_00160.jpg,datasets_flow/dataset_cropped/09_Metas/24/14/20190924142500_00160.jpg,datasets_cloudmask/dataset_cropped/09_Metas/24/14/20190924142500_00160.png,762.2,924,73.5,30,961
9/24/2019 14:26,datasets/dataset_cropped/09_Metas/24/14/20190924142600_00160.jpg,datasets_flow/dataset_cropped/09_Metas/24/14/20190924142600_00160.jpg,datasets_cloudmask/dataset_cropped/09_Metas/24/14/20190924142600_00160.png,760.7,924,73.7,29.9,961
9/24/2019 14:27,datasets/dataset_cropped/09_Metas/24/14/20190924142700_00160.jpg,datasets_flow/dataset_cropped/09_Metas/24/14/20190924142700_00160.jpg,datasets_cloudmask/dataset_cropped/09_Metas/24/14/20190924142700_00160.png,759.3,924,73.9,29.8,961
9/24/2019 14:28,datasets/dataset_cropped/09_Metas/24/14/20190924142800_00160.jpg,datasets_flow/dataset_cropped/09_Metas/24/14/20190924142800_00160.jpg,datasets_cloudmask/dataset_cropped/09_Metas/24/14/20190924142800_00160.png,757.2,923,73.7,30,961
9/24/2019 14:29,datasets/dataset_cropped/09_Metas/24/14/20190924142900_00160.jpg,datasets_flow/dataset_cropped/09_Metas/24/14/20190924142900_00160.jpg,datasets_cloudmask/dataset_cropped/09_Metas/24/14/20190924142900_00160.png,755.1,921,73.7,30,961
9/24/2019 14:30,datasets/dataset_cropped/09_Metas/24/14/20190924143000_00160.jpg,datasets_flow/dataset_cropped/09_Metas/24/14/20190924143000_00160.jpg,datasets_cloudmask/dataset_cropped/09_Metas/24/14/20190924143000_00160.png,753.3,920,73.5,29.9,961
9/24/2019 14:31,datasets/dataset_cropped/09_Metas/24/14/20190924143100_00160.jpg,datasets_flow/dataset_cropped/09_Metas/24/14/20190924143100_00160.jpg,datasets_cloudmask/dataset_cropped/09_Metas/24/14/20190924143100_00160.png,752.4,920,73.6,30,961
9/24/2019 14:32,datasets/dataset_cropped/09_Metas/24/14/20190924143200_00160.jpg,datasets_flow/dataset_cropped/09_Metas/24/14/20190924143200_00160.jpg,datasets_cloudmask/dataset_cropped/09_Metas/24/14/20190924143200_00160.png,750.8,920,73.6,29.9,961
9/24/2019 14:33,datasets/dataset_cropped/09_Metas/24/14/20190924143300_00160.jpg,datasets_flow/dataset_cropped/09_Metas/24/14/20190924143300_00160.jpg,datasets_cloudmask/dataset_cropped/09_Metas/24/14/20190924143300_00160.png,749,919,73.5,29.8,961
9/24/2019 14:34,datasets/dataset_cropped/09_Metas/24/14/20190924143400_00160.jpg,datasets_flow/dataset_cropped/09_Metas/24/14/20190924143400_00160.jpg,datasets_cloudmask/dataset_cropped/09_Metas/24/14/20190924143400_00160.png,747.2,918,73.6,30,961
9/24/2019 14:35,datasets/dataset_cropped/09_Metas/24/14/20190924143500_00160.jpg,datasets_flow/dataset_cropped/09_Metas/24/14/20190924143500_00160.jpg,datasets_cloudmask/dataset_cropped/09_Metas/24/14/20190924143500_00160.png,745.8,918,73.8,30,961
9/24/2019 14:36,datasets/dataset_cropped/09_Metas/24/14/20190924143600_00160.jpg,datasets_flow/dataset_cropped/09_Metas/24/14/20190924143600_00160.jpg,datasets_cloudmask/dataset_cropped/09_Metas/24/14/20190924143600_00160.png,744.3,918,73.8,30,961
9/24/2019 14:37,datasets/dataset_cropped/09_Metas/24/14/20190924143700_00160.jpg,datasets_flow/dataset_cropped/09_Metas/24/14/20190924143700_00160.jpg,datasets_cloudmask/dataset_cropped/09_Metas/24/14/20190924143700_00160.png,742.3,918,73.8,30.2,961
9/24/2019 14:38,datasets/dataset_cropped/09_Metas/24/14/20190924143800_00160.jpg,datasets_flow/dataset_cropped/09_Metas/24/14/20190924143800_00160.jpg,datasets_cloudmask/dataset_cropped/09_Metas/24/14/20190924143800_00160.png,741.1,918,73.9,30.4,961
9/24/2019 14:39,datasets/dataset_cropped/09_Metas/24/14/20190924143900_00160.jpg,datasets_flow/dataset_cropped/09_Metas/24/14/20190924143900_00160.jpg,datasets_cloudmask/dataset_cropped/09_Metas/24/14/20190924143900_00160.png,739.9,918,73.8,30.7,961
9/24/2019 14:40,datasets/dataset_cropped/09_Metas/24/14/20190924144000_00160.jpg,datasets_flow/dataset_cropped/09_Metas/24/14/20190924144000_00160.jpg,datasets_cloudmask/dataset_cropped/09_Metas/24/14/20190924144000_00160.png,738.4,918,73.7,30.9,961
9/24/2019 14:41,datasets/dataset_cropped/09_Metas/24/14/20190924144100_00160.jpg,datasets_flow/dataset_cropped/09_Metas/24/14/20190924144100_00160.jpg,datasets_cloudmask/dataset_cropped/09_Metas/24/14/20190924144100_00160.png,736.6,918,73.4,30.5,961
9/24/2019 14:42,datasets/dataset_cropped/09_Metas/24/14/20190924144200_00160.jpg,datasets_flow/dataset_cropped/09_Metas/24/14/20190924144200_00160.jpg,datasets_cloudmask/dataset_cropped/09_Metas/24/14/20190924144200_00160.png,734.7,916,73.1,30.2,961
9/24/2019 14:43,datasets/dataset_cropped/09_Metas/24/14/20190924144300_00160.jpg,datasets_flow/dataset_cropped/09_Metas/24/14/20190924144300_00160.jpg,datasets_cloudmask/dataset_cropped/09_Metas/24/14/20190924144300_00160.png,733,915,73.2,30.3,961
9/24/2019 14:44,datasets/dataset_cropped/09_Metas/24/14/20190924144400_00160.jpg,datasets_flow/dataset_cropped/09_Metas/24/14/20190924144400_00160.jpg,datasets_cloudmask/dataset_cropped/09_Metas/24/14/20190924144400_00160.png,730.9,914,73,30.2,961
9/24/2019 14:45,datasets/dataset_cropped/09_Metas/24/14/20190924144500_00160.jpg,datasets_flow/dataset_cropped/09_Metas/24/14/20190924144500_00160.jpg,datasets_cloudmask/dataset_cropped/09_Metas/24/14/20190924144500_00160.png,728.8,913,73.2,29.9,961
9/24/2019 14:46,datasets/dataset_cropped/09_Metas/24/14/20190924144600_00160.jpg,datasets_flow/dataset_cropped/09_Metas/24/14/20190924144600_00160.jpg,datasets_cloudmask/dataset_cropped/09_Metas/24/14/20190924144600_00160.png,727.8,913,73.7,30,961
9/24/2019 14:47,datasets/dataset_cropped/09_Metas/24/14/20190924144700_00160.jpg,datasets_flow/dataset_cropped/09_Metas/24/14/20190924144700_00160.jpg,datasets_cloudmask/dataset_cropped/09_Metas/24/14/20190924144700_00160.png,726.2,913,73.7,29.9,961
9/24/2019 14:48,datasets/dataset_cropped/09_Metas/24/14/20190924144800_00160.jpg,datasets_flow/dataset_cropped/09_Metas/24/14/20190924144800_00160.jpg,datasets_cloudmask/dataset_cropped/09_Metas/24/14/20190924144800_00160.png,723.3,911,73.5,29.9,961
9/24/2019 14:49,datasets/dataset_cropped/09_Metas/24/14/20190924144900_00160.jpg,datasets_flow/dataset_cropped/09_Metas/24/14/20190924144900_00160.jpg,datasets_cloudmask/dataset_cropped/09_Metas/24/14/20190924144900_00160.png,718.7,906,73.2,29.9,961
9/24/2019 14:50,datasets/dataset_cropped/09_Metas/24/14/20190924145000_00160.jpg,datasets_flow/dataset_cropped/09_Metas/24/14/20190924145000_00160.jpg,datasets_cloudmask/dataset_cropped/09_Metas/24/14/20190924145000_00160.png,716.5,905,73.5,30,961
9/24/2019 14:51,datasets/dataset_cropped/09_Metas/24/14/20190924145100_00160.jpg,datasets_flow/dataset_cropped/09_Metas/24/14/20190924145100_00160.jpg,datasets_cloudmask/dataset_cropped/09_Metas/24/14/20190924145100_00160.png,714,904,73.4,30.1,961
9/24/2019 14:52,datasets/dataset_cropped/09_Metas/24/14/20190924145200_00160.jpg,datasets_flow/dataset_cropped/09_Metas/24/14/20190924145200_00160.jpg,datasets_cloudmask/dataset_cropped/09_Metas/24/14/20190924145200_00160.png,712.1,904,73.3,30.1,961
9/24/2019 14:53,datasets/dataset_cropped/09_Metas/24/14/20190924145300_00160.jpg,datasets_flow/dataset_cropped/09_Metas/24/14/20190924145300_00160.jpg,datasets_cloudmask/dataset_cropped/09_Metas/24/14/20190924145300_00160.png,711.4,905,73.5,29.9,961
9/24/2019 14:54,datasets/dataset_cropped/09_Metas/24/14/20190924145400_00160.jpg,datasets_flow/dataset_cropped/09_Metas/24/14/20190924145400_00160.jpg,datasets_cloudmask/dataset_cropped/09_Metas/24/14/20190924145400_00160.png,709.5,905,73.2,29.7,961
9/24/2019 14:55,datasets/dataset_cropped/09_Metas/24/14/20190924145500_00160.jpg,datasets_flow/dataset_cropped/09_Metas/24/14/20190924145500_00160.jpg,datasets_cloudmask/dataset_cropped/09_Metas/24/14/20190924145500_00160.png,707.8,905,72.9,29.7,961
9/24/2019 14:56,datasets/dataset_cropped/09_Metas/24/14/20190924145600_00160.jpg,datasets_flow/dataset_cropped/09_Metas/24/14/20190924145600_00160.jpg,datasets_cloudmask/dataset_cropped/09_Metas/24/14/20190924145600_00160.png,706.2,905,72.7,29.8,961
9/24/2019 14:57,datasets/dataset_cropped/09_Metas/24/14/20190924145700_00160.jpg,datasets_flow/dataset_cropped/09_Metas/24/14/20190924145700_00160.jpg,datasets_cloudmask/dataset_cropped/09_Metas/24/14/20190924145700_00160.png,705.2,905,72.5,30.1,961
9/24/2019 14:58,datasets/dataset_cropped/09_Metas/24/14/20190924145800_00160.jpg,datasets_flow/dataset_cropped/09_Metas/24/14/20190924145800_00160.jpg,datasets_cloudmask/dataset_cropped/09_Metas/24/14/20190924145800_00160.png,702.9,904,72.4,30.2,961
9/24/2019 14:59,datasets/dataset_cropped/09_Metas/24/14/20190924145900_00160.jpg,datasets_flow/dataset_cropped/09_Metas/24/14/20190924145900_00160.jpg,datasets_cloudmask/dataset_cropped/09_Metas/24/14/20190924145900_00160.png,700.5,902,72.4,30,961
9/24/2019 15:00,datasets/dataset_cropped/09_Metas/24/15/20190924150000_00160.jpg,datasets_flow/dataset_cropped/09_Metas/24/15/20190924150000_00160.jpg,datasets_cloudmask/dataset_cropped/09_Metas/24/15/20190924150000_00160.png,699.4,903,72.5,29.8,961
9/24/2019 15:01,datasets/dataset_cropped/09_Metas/24/15/20190924150100_00160.jpg,datasets_flow/dataset_cropped/09_Metas/24/15/20190924150100_00160.jpg,datasets_cloudmask/dataset_cropped/09_Metas/24/15/20190924150100_00160.png,699.5,906,72.5,29.7,961
9/24/2019 15:02,datasets/dataset_cropped/09_Metas/24/15/20190924150200_00160.jpg,datasets_flow/dataset_cropped/09_Metas/24/15/20190924150200_00160.jpg,datasets_cloudmask/dataset_cropped/09_Metas/24/15/20190924150200_00160.png,697.7,906,72.5,29.7,961
9/24/2019 15:03,datasets/dataset_cropped/09_Metas/24/15/20190924150300_00160.jpg,datasets_flow/dataset_cropped/09_Metas/24/15/20190924150300_00160.jpg,datasets_cloudmask/dataset_cropped/09_Metas/24/15/20190924150300_00160.png,695.4,905,72.6,29.9,961
9/24/2019 15:04,datasets/dataset_cropped/09_Metas/24/15/20190924150400_00160.jpg,datasets_flow/dataset_cropped/09_Metas/24/15/20190924150400_00160.jpg,datasets_cloudmask/dataset_cropped/09_Metas/24/15/20190924150400_00160.png,693.5,905,72.4,29.9,961
9/24/2019 15:05,datasets/dataset_cropped/09_Metas/24/15/20190924150500_00160.jpg,datasets_flow/dataset_cropped/09_Metas/24/15/20190924150500_00160.jpg,datasets_cloudmask/dataset_cropped/09_Metas/24/15/20190924150500_00160.png,691.1,904,72.3,29.8,961
9/24/2019 15:06,datasets/dataset_cropped/09_Metas/24/15/20190924150600_00160.jpg,datasets_flow/dataset_cropped/09_Metas/24/15/20190924150600_00160.jpg,datasets_cloudmask/dataset_cropped/09_Metas/24/15/20190924150600_00160.png,688.8,903,72.2,29.6,961
9/24/2019 15:07,datasets/dataset_cropped/09_Metas/24/15/20190924150700_00160.jpg,datasets_flow/dataset_cropped/09_Metas/24/15/20190924150700_00160.jpg,datasets_cloudmask/dataset_cropped/09_Metas/24/15/20190924150700_00160.png,687,903,71.8,29.6,961
9/24/2019 15:08,datasets/dataset_cropped/09_Metas/24/15/20190924150800_00160.jpg,datasets_flow/dataset_cropped/09_Metas/24/15/20190924150800_00160.jpg,datasets_cloudmask/dataset_cropped/09_Metas/24/15/20190924150800_00160.png,685.3,903,71.7,29.4,961
9/24/2019 15:09,datasets/dataset_cropped/09_Metas/24/15/20190924150900_00160.jpg,datasets_flow/dataset_cropped/09_Metas/24/15/20190924150900_00160.jpg,datasets_cloudmask/dataset_cropped/09_Metas/24/15/20190924150900_00160.png,682.6,901,71.8,29.7,961
9/24/2019 15:10,datasets/dataset_cropped/09_Metas/24/15/20190924151000_00160.jpg,datasets_flow/dataset_cropped/09_Metas/24/15/20190924151000_00160.jpg,datasets_cloudmask/dataset_cropped/09_Metas/24/15/20190924151000_00160.png,680.8,901,71.8,29.6,961
9/24/2019 15:11,datasets/dataset_cropped/09_Metas/24/15/20190924151100_00160.jpg,datasets_flow/dataset_cropped/09_Metas/24/15/20190924151100_00160.jpg,datasets_cloudmask/dataset_cropped/09_Metas/24/15/20190924151100_00160.png,678.6,900,71.7,29.7,961
9/24/2019 15:12,datasets/dataset_cropped/09_Metas/24/15/20190924151200_00160.jpg,datasets_flow/dataset_cropped/09_Metas/24/15/20190924151200_00160.jpg,datasets_cloudmask/dataset_cropped/09_Metas/24/15/20190924151200_00160.png,676.4,899,72,29.8,961
9/24/2019 15:13,datasets/dataset_cropped/09_Metas/24/15/20190924151300_00160.jpg,datasets_flow/dataset_cropped/09_Metas/24/15/20190924151300_00160.jpg,datasets_cloudmask/dataset_cropped/09_Metas/24/15/20190924151300_00160.png,674.1,899,71.8,29.9,961
9/24/2019 15:14,datasets/dataset_cropped/09_Metas/24/15/20190924151400_00160.jpg,datasets_flow/dataset_cropped/09_Metas/24/15/20190924151400_00160.jpg,datasets_cloudmask/dataset_cropped/09_Metas/24/15/20190924151400_00160.png,671.9,898,71.7,29.6,961
9/24/2019 15:15,datasets/dataset_cropped/09_Metas/24/15/20190924151500_00160.jpg,datasets_flow/dataset_cropped/09_Metas/24/15/20190924151500_00160.jpg,datasets_cloudmask/dataset_cropped/09_Metas/24/15/20190924151500_00160.png,669.6,898,71.5,29.4,961
9/24/2019 15:16,datasets/dataset_cropped/09_Metas/24/15/20190924151600_00160.jpg,datasets_flow/dataset_cropped/09_Metas/24/15/20190924151600_00160.jpg,datasets_cloudmask/dataset_cropped/09_Metas/24/15/20190924151600_00160.png,667.4,897,71.3,29.4,961
9/24/2019 15:17,datasets/dataset_cropped/09_Metas/24/15/20190924151700_00160.jpg,datasets_flow/dataset_cropped/09_Metas/24/15/20190924151700_00160.jpg,datasets_cloudmask/dataset_cropped/09_Metas/24/15/20190924151700_00160.png,664.9,895,71.4,29.7,961
9/24/2019 15:18,datasets/dataset_cropped/09_Metas/24/15/20190924151800_00160.jpg,datasets_flow/dataset_cropped/09_Metas/24/15/20190924151800_00160.jpg,datasets_cloudmask/dataset_cropped/09_Metas/24/15/20190924151800_00160.png,662.3,894,71.2,29.8,961
9/24/2019 15:19,datasets/dataset_cropped/09_Metas/24/15/20190924151900_00160.jpg,datasets_flow/dataset_cropped/09_Metas/24/15/20190924151900_00160.jpg,datasets_cloudmask/dataset_cropped/09_Metas/24/15/20190924151900_00160.png,660,893,71,29.8,961
9/24/2019 15:20,datasets/dataset_cropped/09_Metas/24/15/20190924152000_00160.jpg,datasets_flow/dataset_cropped/09_Metas/24/15/20190924152000_00160.jpg,datasets_cloudmask/dataset_cropped/09_Metas/24/15/20190924152000_00160.png,657.8,892,71.1,29.8,961
9/24/2019 15:21,datasets/dataset_cropped/09_Metas/24/15/20190924152100_00160.jpg,datasets_flow/dataset_cropped/09_Metas/24/15/20190924152100_00160.jpg,datasets_cloudmask/dataset_cropped/09_Metas/24/15/20190924152100_00160.png,655.5,892,71.1,29.5,961
9/24/2019 15:22,datasets/dataset_cropped/09_Metas/24/15/20190924152200_00160.jpg,datasets_flow/dataset_cropped/09_Metas/24/15/20190924152200_00160.jpg,datasets_cloudmask/dataset_cropped/09_Metas/24/15/20190924152200_00160.png,653.3,891,71.3,29.2,961
9/24/2019 15:23,datasets/dataset_cropped/09_Metas/24/15/20190924152300_00160.jpg,datasets_flow/dataset_cropped/09_Metas/24/15/20190924152300_00160.jpg,datasets_cloudmask/dataset_cropped/09_Metas/24/15/20190924152300_00160.png,650.7,890,71.4,29.2,961
9/24/2019 15:24,datasets/dataset_cropped/09_Metas/24/15/20190924152400_00160.jpg,datasets_flow/dataset_cropped/09_Metas/24/15/20190924152400_00160.jpg,datasets_cloudmask/dataset_cropped/09_Metas/24/15/20190924152400_00160.png,647.9,889,71.1,29.3,961
9/24/2019 15:25,datasets/dataset_cropped/09_Metas/24/15/20190924152500_00160.jpg,datasets_flow/dataset_cropped/09_Metas/24/15/20190924152500_00160.jpg,datasets_cloudmask/dataset_cropped/09_Metas/24/15/20190924152500_00160.png,645.6,888,71,29.6,961
9/24/2019 15:26,datasets/dataset_cropped/09_Metas/24/15/20190924152600_00160.jpg,datasets_flow/dataset_cropped/09_Metas/24/15/20190924152600_00160.jpg,datasets_cloudmask/dataset_cropped/09_Metas/24/15/20190924152600_00160.png,643.4,888,70.8,29.4,961
9/24/2019 15:27,datasets/dataset_cropped/09_Metas/24/15/20190924152700_00160.jpg,datasets_flow/dataset_cropped/09_Metas/24/15/20190924152700_00160.jpg,datasets_cloudmask/dataset_cropped/09_Metas/24/15/20190924152700_00160.png,640.9,886,70.9,29.5,961
9/24/2019 15:28,datasets/dataset_cropped/09_Metas/24/15/20190924152800_00160.jpg,datasets_flow/dataset_cropped/09_Metas/24/15/20190924152800_00160.jpg,datasets_cloudmask/dataset_cropped/09_Metas/24/15/20190924152800_00160.png,638.4,886,70.8,29.6,961
9/24/2019 15:29,datasets/dataset_cropped/09_Metas/24/15/20190924152900_00160.jpg,datasets_flow/dataset_cropped/09_Metas/24/15/20190924152900_00160.jpg,datasets_cloudmask/dataset_cropped/09_Metas/24/15/20190924152900_00160.png,635.8,884,70.8,29.6,961
9/24/2019 15:30,datasets/dataset_cropped/09_Metas/24/15/20190924153000_00160.jpg,datasets_flow/dataset_cropped/09_Metas/24/15/20190924153000_00160.jpg,datasets_cloudmask/dataset_cropped/09_Metas/24/15/20190924153000_00160.png,633.6,884,70.7,29.5,961
9/24/2019 15:31,datasets/dataset_cropped/09_Metas/24/15/20190924153100_00160.jpg,datasets_flow/dataset_cropped/09_Metas/24/15/20190924153100_00160.jpg,datasets_cloudmask/dataset_cropped/09_Metas/24/15/20190924153100_00160.png,631.4,884,70.6,29.3,961
9/24/2019 15:32,datasets/dataset_cropped/09_Metas/24/15/20190924153200_00160.jpg,datasets_flow/dataset_cropped/09_Metas/24/15/20190924153200_00160.jpg,datasets_cloudmask/dataset_cropped/09_Metas/24/15/20190924153200_00160.png,629,883,70.6,29.3,961
9/24/2019 15:33,datasets/dataset_cropped/09_Metas/24/15/20190924153300_00160.jpg,datasets_flow/dataset_cropped/09_Metas/24/15/20190924153300_00160.jpg,datasets_cloudmask/dataset_cropped/09_Metas/24/15/20190924153300_00160.png,626.6,883,70.7,29.3,961
9/24/2019 15:34,datasets/dataset_cropped/09_Metas/24/15/20190924153400_00160.jpg,datasets_flow/dataset_cropped/09_Metas/24/15/20190924153400_00160.jpg,datasets_cloudmask/dataset_cropped/09_Metas/24/15/20190924153400_00160.png,623.9,882,70.5,29.2,961
9/24/2019 15:35,datasets/dataset_cropped/09_Metas/24/15/20190924153500_00160.jpg,datasets_flow/dataset_cropped/09_Metas/24/15/20190924153500_00160.jpg,datasets_cloudmask/dataset_cropped/09_Metas/24/15/20190924153500_00160.png,621.5,881,70.2,29.3,961
9/24/2019 15:36,datasets/dataset_cropped/09_Metas/24/15/20190924153600_00160.jpg,datasets_flow/dataset_cropped/09_Metas/24/15/20190924153600_00160.jpg,datasets_cloudmask/dataset_cropped/09_Metas/24/15/20190924153600_00160.png,619.5,881,70.2,29.4,961
9/24/2019 15:37,datasets/dataset_cropped/09_Metas/24/15/20190924153700_00160.jpg,datasets_flow/dataset_cropped/09_Metas/24/15/20190924153700_00160.jpg,datasets_cloudmask/dataset_cropped/09_Metas/24/15/20190924153700_00160.png,616.9,880,70.1,29.4,961
9/24/2019 15:38,datasets/dataset_cropped/09_Metas/24/15/20190924153800_00160.jpg,datasets_flow/dataset_cropped/09_Metas/24/15/20190924153800_00160.jpg,datasets_cloudmask/dataset_cropped/09_Metas/24/15/20190924153800_00160.png,614.1,879,70,29.5,961
9/24/2019 15:39,datasets/dataset_cropped/09_Metas/24/15/20190924153900_00160.jpg,datasets_flow/dataset_cropped/09_Metas/24/15/20190924153900_00160.jpg,datasets_cloudmask/dataset_cropped/09_Metas/24/15/20190924153900_00160.png,611.4,878,69.8,29.3,961
9/24/2019 15:40,datasets/dataset_cropped/09_Metas/24/15/20190924154000_00160.jpg,datasets_flow/dataset_cropped/09_Metas/24/15/20190924154000_00160.jpg,datasets_cloudmask/dataset_cropped/09_Metas/24/15/20190924154000_00160.png,608.8,877,69.5,29.3,961
9/24/2019 15:41,datasets/dataset_cropped/09_Metas/24/15/20190924154100_00160.jpg,datasets_flow/dataset_cropped/09_Metas/24/15/20190924154100_00160.jpg,datasets_cloudmask/dataset_cropped/09_Metas/24/15/20190924154100_00160.png,606.5,877,69.3,29.5,961
9/24/2019 15:42,datasets/dataset_cropped/09_Metas/24/15/20190924154200_00160.jpg,datasets_flow/dataset_cropped/09_Metas/24/15/20190924154200_00160.jpg,datasets_cloudmask/dataset_cropped/09_Metas/24/15/20190924154200_00160.png,603.9,875,69.2,29.3,961
9/24/2019 15:43,datasets/dataset_cropped/09_Metas/24/15/20190924154300_00160.jpg,datasets_flow/dataset_cropped/09_Metas/24/15/20190924154300_00160.jpg,datasets_cloudmask/dataset_cropped/09_Metas/24/15/20190924154300_00160.png,601.3,874,69.3,29.1,961
9/24/2019 15:44,datasets/dataset_cropped/09_Metas/24/15/20190924154400_00160.jpg,datasets_flow/dataset_cropped/09_Metas/24/15/20190924154400_00160.jpg,datasets_cloudmask/dataset_cropped/09_Metas/24/15/20190924154400_00160.png,598.8,874,69.3,29,961
9/24/2019 15:45,datasets/dataset_cropped/09_Metas/24/15/20190924154500_00160.jpg,datasets_flow/dataset_cropped/09_Metas/24/15/20190924154500_00160.jpg,datasets_cloudmask/dataset_cropped/09_Metas/24/15/20190924154500_00160.png,596.1,873,69.4,29.2,961
9/24/2019 15:46,datasets/dataset_cropped/09_Metas/24/15/20190924154600_00160.jpg,datasets_flow/dataset_cropped/09_Metas/24/15/20190924154600_00160.jpg,datasets_cloudmask/dataset_cropped/09_Metas/24/15/20190924154600_00160.png,593.1,871,69.4,29.2,961
9/24/2019 15:47,datasets/dataset_cropped/09_Metas/24/15/20190924154700_00160.jpg,datasets_flow/dataset_cropped/09_Metas/24/15/20190924154700_00160.jpg,datasets_cloudmask/dataset_cropped/09_Metas/24/15/20190924154700_00160.png,590.8,870,69.7,29.3,961
9/24/2019 15:48,datasets/dataset_cropped/09_Metas/24/15/20190924154800_00160.jpg,datasets_flow/dataset_cropped/09_Metas/24/15/20190924154800_00160.jpg,datasets_cloudmask/dataset_cropped/09_Metas/24/15/20190924154800_00160.png,588.1,870,69.7,29.5,961
9/24/2019 15:49,datasets/dataset_cropped/09_Metas/24/15/20190924154900_00160.jpg,datasets_flow/dataset_cropped/09_Metas/24/15/20190924154900_00160.jpg,datasets_cloudmask/dataset_cropped/09_Metas/24/15/20190924154900_00160.png,585.4,869,69.5,29.8,961
9/24/2019 15:50,datasets/dataset_cropped/09_Metas/24/15/20190924155000_00160.jpg,datasets_flow/dataset_cropped/09_Metas/24/15/20190924155000_00160.jpg,datasets_cloudmask/dataset_cropped/09_Metas/24/15/20190924155000_00160.png,582.9,869,68.9,29.6,961
9/24/2019 15:51,datasets/dataset_cropped/09_Metas/24/15/20190924155100_00160.jpg,datasets_flow/dataset_cropped/09_Metas/24/15/20190924155100_00160.jpg,datasets_cloudmask/dataset_cropped/09_Metas/24/15/20190924155100_00160.png,580.3,868,68.9,29.5,961
9/24/2019 15:52,datasets/dataset_cropped/09_Metas/24/15/20190924155200_00160.jpg,datasets_flow/dataset_cropped/09_Metas/24/15/20190924155200_00160.jpg,datasets_cloudmask/dataset_cropped/09_Metas/24/15/20190924155200_00160.png,577.4,866,68.7,29.3,961
9/24/2019 15:53,datasets/dataset_cropped/09_Metas/24/15/20190924155300_00160.jpg,datasets_flow/dataset_cropped/09_Metas/24/15/20190924155300_00160.jpg,datasets_cloudmask/dataset_cropped/09_Metas/24/15/20190924155300_00160.png,574.5,865,68.3,29.4,961
9/24/2019 15:54,datasets/dataset_cropped/09_Metas/24/15/20190924155400_00160.jpg,datasets_flow/dataset_cropped/09_Metas/24/15/20190924155400_00160.jpg,datasets_cloudmask/dataset_cropped/09_Metas/24/15/20190924155400_00160.png,572.3,865,68.1,29.7,961
9/24/2019 15:55,datasets/dataset_cropped/09_Metas/24/15/20190924155500_00160.jpg,datasets_flow/dataset_cropped/09_Metas/24/15/20190924155500_00160.jpg,datasets_cloudmask/dataset_cropped/09_Metas/24/15/20190924155500_00160.png,569.5,863,68.2,29.8,961
9/24/2019 15:56,datasets/dataset_cropped/09_Metas/24/15/20190924155600_00160.jpg,datasets_flow/dataset_cropped/09_Metas/24/15/20190924155600_00160.jpg,datasets_cloudmask/dataset_cropped/09_Metas/24/15/20190924155600_00160.png,566.8,862,68.2,29.4,961
9/24/2019 15:57,datasets/dataset_cropped/09_Metas/24/15/20190924155700_00160.jpg,datasets_flow/dataset_cropped/09_Metas/24/15/20190924155700_00160.jpg,datasets_cloudmask/dataset_cropped/09_Metas/24/15/20190924155700_00160.png,564,861,68.3,29.3,961
9/24/2019 15:58,datasets/dataset_cropped/09_Metas/24/15/20190924155800_00160.jpg,datasets_flow/dataset_cropped/09_Metas/24/15/20190924155800_00160.jpg,datasets_cloudmask/dataset_cropped/09_Metas/24/15/20190924155800_00160.png,561,860,68.1,29.4,961
9/24/2019 15:59,datasets/dataset_cropped/09_Metas/24/15/20190924155900_00160.jpg,datasets_flow/dataset_cropped/09_Metas/24/15/20190924155900_00160.jpg,datasets_cloudmask/dataset_cropped/09_Metas/24/15/20190924155900_00160.png,557.4,858,68.1,29.5,961
9/24/2019 16:00,datasets/dataset_cropped/09_Metas/24/16/20190924160000_00160.jpg,datasets_flow/dataset_cropped/09_Metas/24/16/20190924160000_00160.jpg,datasets_cloudmask/dataset_cropped/09_Metas/24/16/20190924160000_00160.png,554.3,856,68,29.5,961
9/24/2019 16:01,datasets/dataset_cropped/09_Metas/24/16/20190924160100_00160.jpg,datasets_flow/dataset_cropped/09_Metas/24/16/20190924160100_00160.jpg,datasets_cloudmask/dataset_cropped/09_Metas/24/16/20190924160100_00160.png,551.1,854,68,29.4,961
9/24/2019 16:02,datasets/dataset_cropped/09_Metas/24/16/20190924160200_00160.jpg,datasets_flow/dataset_cropped/09_Metas/24/16/20190924160200_00160.jpg,datasets_cloudmask/dataset_cropped/09_Metas/24/16/20190924160200_00160.png,547.9,853,67.7,29.3,961
9/24/2019 16:03,datasets/dataset_cropped/09_Metas/24/16/20190924160300_00160.jpg,datasets_flow/dataset_cropped/09_Metas/24/16/20190924160300_00160.jpg,datasets_cloudmask/dataset_cropped/09_Metas/24/16/20190924160300_00160.png,544.6,851,67.6,29.4,961
9/24/2019 16:04,datasets/dataset_cropped/09_Metas/24/16/20190924160400_00160.jpg,datasets_flow/dataset_cropped/09_Metas/24/16/20190924160400_00160.jpg,datasets_cloudmask/dataset_cropped/09_Metas/24/16/20190924160400_00160.png,541.6,849,67.4,29.6,961
9/24/2019 16:05,datasets/dataset_cropped/09_Metas/24/16/20190924160500_00160.jpg,datasets_flow/dataset_cropped/09_Metas/24/16/20190924160500_00160.jpg,datasets_cloudmask/dataset_cropped/09_Metas/24/16/20190924160500_00160.png,538.1,847,67.2,29.8,961
9/24/2019 16:06,datasets/dataset_cropped/09_Metas/24/16/20190924160600_00160.jpg,datasets_flow/dataset_cropped/09_Metas/24/16/20190924160600_00160.jpg,datasets_cloudmask/dataset_cropped/09_Metas/24/16/20190924160600_00160.png,536.4,848,67.4,29.9,961
9/24/2019 16:07,datasets/dataset_cropped/09_Metas/24/16/20190924160700_00160.jpg,datasets_flow/dataset_cropped/09_Metas/24/16/20190924160700_00160.jpg,datasets_cloudmask/dataset_cropped/09_Metas/24/16/20190924160700_00160.png,534.3,848,67.3,29.7,961
9/24/2019 16:08,datasets/dataset_cropped/09_Metas/24/16/20190924160800_00160.jpg,datasets_flow/dataset_cropped/09_Metas/24/16/20190924160800_00160.jpg,datasets_cloudmask/dataset_cropped/09_Metas/24/16/20190924160800_00160.png,530.5,845,67.4,29.6,961
9/24/2019 16:09,datasets/dataset_cropped/09_Metas/24/16/20190924160900_00160.jpg,datasets_flow/dataset_cropped/09_Metas/24/16/20190924160900_00160.jpg,datasets_cloudmask/dataset_cropped/09_Metas/24/16/20190924160900_00160.png,528,845,67.1,29.7,961
9/24/2019 16:10,datasets/dataset_cropped/09_Metas/24/16/20190924161000_00160.jpg,datasets_flow/dataset_cropped/09_Metas/24/16/20190924161000_00160.jpg,datasets_cloudmask/dataset_cropped/09_Metas/24/16/20190924161000_00160.png,525.2,844,67,29.6,961
9/24/2019 16:11,datasets/dataset_cropped/09_Metas/24/16/20190924161100_00160.jpg,datasets_flow/dataset_cropped/09_Metas/24/16/20190924161100_00160.jpg,datasets_cloudmask/dataset_cropped/09_Metas/24/16/20190924161100_00160.png,521.4,841,66.9,29.7,961
9/24/2019 16:12,datasets/dataset_cropped/09_Metas/24/16/20190924161200_00160.jpg,datasets_flow/dataset_cropped/09_Metas/24/16/20190924161200_00160.jpg,datasets_cloudmask/dataset_cropped/09_Metas/24/16/20190924161200_00160.png,518.5,840,66.8,29.6,961
9/24/2019 16:13,datasets/dataset_cropped/09_Metas/24/16/20190924161300_00160.jpg,datasets_flow/dataset_cropped/09_Metas/24/16/20190924161300_00160.jpg,datasets_cloudmask/dataset_cropped/09_Metas/24/16/20190924161300_00160.png,516.4,840,66.5,29.6,961
9/24/2019 16:14,datasets/dataset_cropped/09_Metas/24/16/20190924161400_00160.jpg,datasets_flow/dataset_cropped/09_Metas/24/16/20190924161400_00160.jpg,datasets_cloudmask/dataset_cropped/09_Metas/24/16/20190924161400_00160.png,514,840,66.5,29.6,961
9/24/2019 16:15,datasets/dataset_cropped/09_Metas/24/16/20190924161500_00160.jpg,datasets_flow/dataset_cropped/09_Metas/24/16/20190924161500_00160.jpg,datasets_cloudmask/dataset_cropped/09_Metas/24/16/20190924161500_00160.png,510.8,838,66.2,29.5,960
9/24/2019 16:16,datasets/dataset_cropped/09_Metas/24/16/20190924161600_00160.jpg,datasets_flow/dataset_cropped/09_Metas/24/16/20190924161600_00160.jpg,datasets_cloudmask/dataset_cropped/09_Metas/24/16/20190924161600_00160.png,508.7,839,66.2,29.5,961
9/24/2019 16:17,datasets/dataset_cropped/09_Metas/24/16/20190924161700_00160.jpg,datasets_flow/dataset_cropped/09_Metas/24/16/20190924161700_00160.jpg,datasets_cloudmask/dataset_cropped/09_Metas/24/16/20190924161700_00160.png,506.4,839,66.1,29.6,960
9/24/2019 16:18,datasets/dataset_cropped/09_Metas/24/16/20190924161800_00160.jpg,datasets_flow/dataset_cropped/09_Metas/24/16/20190924161800_00160.jpg,datasets_cloudmask/dataset_cropped/09_Metas/24/16/20190924161800_00160.png,502.8,837,65.9,29.4,960
9/24/2019 16:19,datasets/dataset_cropped/09_Metas/24/16/20190924161900_00160.jpg,datasets_flow/dataset_cropped/09_Metas/24/16/20190924161900_00160.jpg,datasets_cloudmask/dataset_cropped/09_Metas/24/16/20190924161900_00160.png,500.2,836,65.8,29.4,961
9/24/2019 16:20,datasets/dataset_cropped/09_Metas/24/16/20190924162000_00160.jpg,datasets_flow/dataset_cropped/09_Metas/24/16/20190924162000_00160.jpg,datasets_cloudmask/dataset_cropped/09_Metas/24/16/20190924162000_00160.png,497.3,835,65.5,29.6,961
9/24/2019 16:21,datasets/dataset_cropped/09_Metas/24/16/20190924162100_00160.jpg,datasets_flow/dataset_cropped/09_Metas/24/16/20190924162100_00160.jpg,datasets_cloudmask/dataset_cropped/09_Metas/24/16/20190924162100_00160.png,494.3,834,65.3,29.8,961
9/24/2019 16:22,datasets/dataset_cropped/09_Metas/24/16/20190924162200_00160.jpg,datasets_flow/dataset_cropped/09_Metas/24/16/20190924162200_00160.jpg,datasets_cloudmask/dataset_cropped/09_Metas/24/16/20190924162200_00160.png,491.4,833,65.2,30,961
9/24/2019 16:23,datasets/dataset_cropped/09_Metas/24/16/20190924162300_00160.jpg,datasets_flow/dataset_cropped/09_Metas/24/16/20190924162300_00160.jpg,datasets_cloudmask/dataset_cropped/09_Metas/24/16/20190924162300_00160.png,488.4,832,65.2,29.9,960
9/24/2019 16:24,datasets/dataset_cropped/09_Metas/24/16/20190924162400_00160.jpg,datasets_flow/dataset_cropped/09_Metas/24/16/20190924162400_00160.jpg,datasets_cloudmask/dataset_cropped/09_Metas/24/16/20190924162400_00160.png,485.7,831,65.2,29.8,960
9/24/2019 16:25,datasets/dataset_cropped/09_Metas/24/16/20190924162500_00160.jpg,datasets_flow/dataset_cropped/09_Metas/24/16/20190924162500_00160.jpg,datasets_cloudmask/dataset_cropped/09_Metas/24/16/20190924162500_00160.png,482.3,830,64.7,29.6,961
9/24/2019 16:26,datasets/dataset_cropped/09_Metas/24/16/20190924162600_00160.jpg,datasets_flow/dataset_cropped/09_Metas/24/16/20190924162600_00160.jpg,datasets_cloudmask/dataset_cropped/09_Metas/24/16/20190924162600_00160.png,479,828,64.6,29.5,960
9/24/2019 16:27,datasets/dataset_cropped/09_Metas/24/16/20190924162700_00160.jpg,datasets_flow/dataset_cropped/09_Metas/24/16/20190924162700_00160.jpg,datasets_cloudmask/dataset_cropped/09_Metas/24/16/20190924162700_00160.png,475.9,826,64.3,29.4,960
9/24/2019 16:28,datasets/dataset_cropped/09_Metas/24/16/20190924162800_00160.jpg,datasets_flow/dataset_cropped/09_Metas/24/16/20190924162800_00160.jpg,datasets_cloudmask/dataset_cropped/09_Metas/24/16/20190924162800_00160.png,473,825,64.1,29.4,960
9/24/2019 16:29,datasets/dataset_cropped/09_Metas/24/16/20190924162900_00160.jpg,datasets_flow/dataset_cropped/09_Metas/24/16/20190924162900_00160.jpg,datasets_cloudmask/dataset_cropped/09_Metas/24/16/20190924162900_00160.png,470.3,824,64.2,29.5,960
9/24/2019 16:30,datasets/dataset_cropped/09_Metas/24/16/20190924163000_00160.jpg,datasets_flow/dataset_cropped/09_Metas/24/16/20190924163000_00160.jpg,datasets_cloudmask/dataset_cropped/09_Metas/24/16/20190924163000_00160.png,467.3,823,64,29.6,960
9/24/2019 16:31,datasets/dataset_cropped/09_Metas/24/16/20190924163100_00160.jpg,datasets_flow/dataset_cropped/09_Metas/24/16/20190924163100_00160.jpg,datasets_cloudmask/dataset_cropped/09_Metas/24/16/20190924163100_00160.png,463.9,821,63.7,29.8,960
9/24/2019 16:32,datasets/dataset_cropped/09_Metas/24/16/20190924163200_00160.jpg,datasets_flow/dataset_cropped/09_Metas/24/16/20190924163200_00160.jpg,datasets_cloudmask/dataset_cropped/09_Metas/24/16/20190924163200_00160.png,460.5,819,63.6,29.7,960
9/24/2019 16:33,datasets/dataset_cropped/09_Metas/24/16/20190924163300_00160.jpg,datasets_flow/dataset_cropped/09_Metas/24/16/20190924163300_00160.jpg,datasets_cloudmask/dataset_cropped/09_Metas/24/16/20190924163300_00160.png,456.9,817,63.5,29.7,960
9/24/2019 16:34,datasets/dataset_cropped/09_Metas/24/16/20190924163400_00160.jpg,datasets_flow/dataset_cropped/09_Metas/24/16/20190924163400_00160.jpg,datasets_cloudmask/dataset_cropped/09_Metas/24/16/20190924163400_00160.png,453.7,815,63.4,29.6,960
9/24/2019 16:35,datasets/dataset_cropped/09_Metas/24/16/20190924163500_00160.jpg,datasets_flow/dataset_cropped/09_Metas/24/16/20190924163500_00160.jpg,datasets_cloudmask/dataset_cropped/09_Metas/24/16/20190924163500_00160.png,451,814,63.4,29.4,961
9/24/2019 16:36,datasets/dataset_cropped/09_Metas/24/16/20190924163600_00160.jpg,datasets_flow/dataset_cropped/09_Metas/24/16/20190924163600_00160.jpg,datasets_cloudmask/dataset_cropped/09_Metas/24/16/20190924163600_00160.png,447.3,811,63.5,29.4,961
9/24/2019 16:37,datasets/dataset_cropped/09_Metas/24/16/20190924163700_00160.jpg,datasets_flow/dataset_cropped/09_Metas/24/16/20190924163700_00160.jpg,datasets_cloudmask/dataset_cropped/09_Metas/24/16/20190924163700_00160.png,444.1,809,63.6,29.4,960
9/24/2019 16:38,datasets/dataset_cropped/09_Metas/24/16/20190924163800_00160.jpg,datasets_flow/dataset_cropped/09_Metas/24/16/20190924163800_00160.jpg,datasets_cloudmask/dataset_cropped/09_Metas/24/16/20190924163800_00160.png,440.8,808,63.4,29.4,961
9/24/2019 16:39,datasets/dataset_cropped/09_Metas/24/16/20190924163900_00160.jpg,datasets_flow/dataset_cropped/09_Metas/24/16/20190924163900_00160.jpg,datasets_cloudmask/dataset_cropped/09_Metas/24/16/20190924163900_00160.png,437.3,806,63,29.4,960
9/24/2019 16:40,datasets/dataset_cropped/09_Metas/24/16/20190924164000_00160.jpg,datasets_flow/dataset_cropped/09_Metas/24/16/20190924164000_00160.jpg,datasets_cloudmask/dataset_cropped/09_Metas/24/16/20190924164000_00160.png,434.2,804,62.9,29.5,961
9/24/2019 16:41,datasets/dataset_cropped/09_Metas/24/16/20190924164100_00160.jpg,datasets_flow/dataset_cropped/09_Metas/24/16/20190924164100_00160.jpg,datasets_cloudmask/dataset_cropped/09_Metas/24/16/20190924164100_00160.png,430.8,802,62.5,29.6,960
9/24/2019 16:42,datasets/dataset_cropped/09_Metas/24/16/20190924164200_00160.jpg,datasets_flow/dataset_cropped/09_Metas/24/16/20190924164200_00160.jpg,datasets_cloudmask/dataset_cropped/09_Metas/24/16/20190924164200_00160.png,427.8,801,62.2,29.4,960
9/24/2019 16:43,datasets/dataset_cropped/09_Metas/24/16/20190924164300_00160.jpg,datasets_flow/dataset_cropped/09_Metas/24/16/20190924164300_00160.jpg,datasets_cloudmask/dataset_cropped/09_Metas/24/16/20190924164300_00160.png,425,800,62.1,29.6,961
9/24/2019 16:44,datasets/dataset_cropped/09_Metas/24/16/20190924164400_00160.jpg,datasets_flow/dataset_cropped/09_Metas/24/16/20190924164400_00160.jpg,datasets_cloudmask/dataset_cropped/09_Metas/24/16/20190924164400_00160.png,421.7,798.4,62.1,29.6,960
9/24/2019 16:45,datasets/dataset_cropped/09_Metas/24/16/20190924164500_00160.jpg,datasets_flow/dataset_cropped/09_Metas/24/16/20190924164500_00160.jpg,datasets_cloudmask/dataset_cropped/09_Metas/24/16/20190924164500_00160.png,417.6,794.5,61.9,29.5,960
9/24/2019 16:46,datasets/dataset_cropped/09_Metas/24/16/20190924164600_00160.jpg,datasets_flow/dataset_cropped/09_Metas/24/16/20190924164600_00160.jpg,datasets_cloudmask/dataset_cropped/09_Metas/24/16/20190924164600_00160.png,415.4,795.1,61.8,29.6,960
9/24/2019 16:47,datasets/dataset_cropped/09_Metas/24/16/20190924164700_00160.jpg,datasets_flow/dataset_cropped/09_Metas/24/16/20190924164700_00160.jpg,datasets_cloudmask/dataset_cropped/09_Metas/24/16/20190924164700_00160.png,412.2,793.7,61.6,29.5,960
9/24/2019 16:48,datasets/dataset_cropped/09_Metas/24/16/20190924164800_00160.jpg,datasets_flow/dataset_cropped/09_Metas/24/16/20190924164800_00160.jpg,datasets_cloudmask/dataset_cropped/09_Metas/24/16/20190924164800_00160.png,409,792.2,61.2,29.8,960
9/24/2019 16:49,datasets/dataset_cropped/09_Metas/24/16/20190924164900_00160.jpg,datasets_flow/dataset_cropped/09_Metas/24/16/20190924164900_00160.jpg,datasets_cloudmask/dataset_cropped/09_Metas/24/16/20190924164900_00160.png,405.8,790.4,61,29.9,960
9/24/2019 16:50,datasets/dataset_cropped/09_Metas/24/16/20190924165000_00160.jpg,datasets_flow/dataset_cropped/09_Metas/24/16/20190924165000_00160.jpg,datasets_cloudmask/dataset_cropped/09_Metas/24/16/20190924165000_00160.png,402.6,789,60.9,29.9,960
9/24/2019 16:51,datasets/dataset_cropped/09_Metas/24/16/20190924165100_00160.jpg,datasets_flow/dataset_cropped/09_Metas/24/16/20190924165100_00160.jpg,datasets_cloudmask/dataset_cropped/09_Metas/24/16/20190924165100_00160.png,399.6,787.8,60.8,29.9,960
9/24/2019 16:52,datasets/dataset_cropped/09_Metas/24/16/20190924165200_00160.jpg,datasets_flow/dataset_cropped/09_Metas/24/16/20190924165200_00160.jpg,datasets_cloudmask/dataset_cropped/09_Metas/24/16/20190924165200_00160.png,396.3,786.5,60.4,29.6,960
9/24/2019 16:53,datasets/dataset_cropped/09_Metas/24/16/20190924165300_00160.jpg,datasets_flow/dataset_cropped/09_Metas/24/16/20190924165300_00160.jpg,datasets_cloudmask/dataset_cropped/09_Metas/24/16/20190924165300_00160.png,392.5,783.3,60,29.4,960
9/24/2019 16:54,datasets/dataset_cropped/09_Metas/24/16/20190924165400_00160.jpg,datasets_flow/dataset_cropped/09_Metas/24/16/20190924165400_00160.jpg,datasets_cloudmask/dataset_cropped/09_Metas/24/16/20190924165400_00160.png,389.2,781.4,59.7,29.4,960
9/24/2019 16:55,datasets/dataset_cropped/09_Metas/24/16/20190924165500_00160.jpg,datasets_flow/dataset_cropped/09_Metas/24/16/20190924165500_00160.jpg,datasets_cloudmask/dataset_cropped/09_Metas/24/16/20190924165500_00160.png,385.9,779.3,59.7,29.4,960
9/24/2019 16:56,datasets/dataset_cropped/09_Metas/24/16/20190924165600_00160.jpg,datasets_flow/dataset_cropped/09_Metas/24/16/20190924165600_00160.jpg,datasets_cloudmask/dataset_cropped/09_Metas/24/16/20190924165600_00160.png,382.6,777.3,59.5,29.3,960
9/24/2019 16:57,datasets/dataset_cropped/09_Metas/24/16/20190924165700_00160.jpg,datasets_flow/dataset_cropped/09_Metas/24/16/20190924165700_00160.jpg,datasets_cloudmask/dataset_cropped/09_Metas/24/16/20190924165700_00160.png,379,775.2,59.1,29.3,960
9/24/2019 16:58,datasets/dataset_cropped/09_Metas/24/16/20190924165800_00160.jpg,datasets_flow/dataset_cropped/09_Metas/24/16/20190924165800_00160.jpg,datasets_cloudmask/dataset_cropped/09_Metas/24/16/20190924165800_00160.png,375.8,773.5,59,29.4,960
9/24/2019 16:59,datasets/dataset_cropped/09_Metas/24/16/20190924165900_00160.jpg,datasets_flow/dataset_cropped/09_Metas/24/16/20190924165900_00160.jpg,datasets_cloudmask/dataset_cropped/09_Metas/24/16/20190924165900_00160.png,372.6,772.1,58.8,29.1,960
9/24/2019 17:00,datasets/dataset_cropped/09_Metas/24/17/20190924170000_00160.jpg,datasets_flow/dataset_cropped/09_Metas/24/17/20190924170000_00160.jpg,datasets_cloudmask/dataset_cropped/09_Metas/24/17/20190924170000_00160.png,369.2,770,58.7,29.2,960
9/24/2019 17:01,datasets/dataset_cropped/09_Metas/24/17/20190924170100_00160.jpg,datasets_flow/dataset_cropped/09_Metas/24/17/20190924170100_00160.jpg,datasets_cloudmask/dataset_cropped/09_Metas/24/17/20190924170100_00160.png,365.4,767.2,58.4,29.2,960
9/24/2019 17:02,datasets/dataset_cropped/09_Metas/24/17/20190924170200_00160.jpg,datasets_flow/dataset_cropped/09_Metas/24/17/20190924170200_00160.jpg,datasets_cloudmask/dataset_cropped/09_Metas/24/17/20190924170200_00160.png,362.5,766.1,58.1,29.1,960
9/24/2019 17:03,datasets/dataset_cropped/09_Metas/24/17/20190924170300_00160.jpg,datasets_flow/dataset_cropped/09_Metas/24/17/20190924170300_00160.jpg,datasets_cloudmask/dataset_cropped/09_Metas/24/17/20190924170300_00160.png,359.2,764.3,57.8,28.8,960
9/24/2019 17:04,datasets/dataset_cropped/09_Metas/24/17/20190924170400_00160.jpg,datasets_flow/dataset_cropped/09_Metas/24/17/20190924170400_00160.jpg,datasets_cloudmask/dataset_cropped/09_Metas/24/17/20190924170400_00160.png,355.3,761.2,57.3,28.9,960
9/24/2019 17:05,datasets/dataset_cropped/09_Metas/24/17/20190924170500_00160.jpg,datasets_flow/dataset_cropped/09_Metas/24/17/20190924170500_00160.jpg,datasets_cloudmask/dataset_cropped/09_Metas/24/17/20190924170500_00160.png,352,759.2,56.9,29.1,960
9/24/2019 17:06,datasets/dataset_cropped/09_Metas/24/17/20190924170600_00160.jpg,datasets_flow/dataset_cropped/09_Metas/24/17/20190924170600_00160.jpg,datasets_cloudmask/dataset_cropped/09_Metas/24/17/20190924170600_00160.png,349,757.7,56.8,29.2,960
9/24/2019 17:07,datasets/dataset_cropped/09_Metas/24/17/20190924170700_00160.jpg,datasets_flow/dataset_cropped/09_Metas/24/17/20190924170700_00160.jpg,datasets_cloudmask/dataset_cropped/09_Metas/24/17/20190924170700_00160.png,345.3,754.7,56.6,29.4,960
9/24/2019 17:08,datasets/dataset_cropped/09_Metas/24/17/20190924170800_00160.jpg,datasets_flow/dataset_cropped/09_Metas/24/17/20190924170800_00160.jpg,datasets_cloudmask/dataset_cropped/09_Metas/24/17/20190924170800_00160.png,341.8,752.4,56.4,29.5,960
9/24/2019 17:09,datasets/dataset_cropped/09_Metas/24/17/20190924170900_00160.jpg,datasets_flow/dataset_cropped/09_Metas/24/17/20190924170900_00160.jpg,datasets_cloudmask/dataset_cropped/09_Metas/24/17/20190924170900_00160.png,338.9,751.2,56.2,29.1,960
9/24/2019 17:10,datasets/dataset_cropped/09_Metas/24/17/20190924171000_00160.jpg,datasets_flow/dataset_cropped/09_Metas/24/17/20190924171000_00160.jpg,datasets_cloudmask/dataset_cropped/09_Metas/24/17/20190924171000_00160.png,336.1,750.6,55.9,28.9,960
9/24/2019 17:11,datasets/dataset_cropped/09_Metas/24/17/20190924171100_00160.jpg,datasets_flow/dataset_cropped/09_Metas/24/17/20190924171100_00160.jpg,datasets_cloudmask/dataset_cropped/09_Metas/24/17/20190924171100_00160.png,332.4,747.6,55.6,28.9,960
9/24/2019 17:12,datasets/dataset_cropped/09_Metas/24/17/20190924171200_00160.jpg,datasets_flow/dataset_cropped/09_Metas/24/17/20190924171200_00160.jpg,datasets_cloudmask/dataset_cropped/09_Metas/24/17/20190924171200_00160.png,328.6,743.9,55.5,29.2,960
9/24/2019 17:13,datasets/dataset_cropped/09_Metas/24/17/20190924171300_00160.jpg,datasets_flow/dataset_cropped/09_Metas/24/17/20190924171300_00160.jpg,datasets_cloudmask/dataset_cropped/09_Metas/24/17/20190924171300_00160.png,325.2,741.4,55.5,29.1,960
9/24/2019 17:14,datasets/dataset_cropped/09_Metas/24/17/20190924171400_00160.jpg,datasets_flow/dataset_cropped/09_Metas/24/17/20190924171400_00160.jpg,datasets_cloudmask/dataset_cropped/09_Metas/24/17/20190924171400_00160.png,321.7,738.9,55.2,29.1,960
9/24/2019 17:15,datasets/dataset_cropped/09_Metas/24/17/20190924171500_00160.jpg,datasets_flow/dataset_cropped/09_Metas/24/17/20190924171500_00160.jpg,datasets_cloudmask/dataset_cropped/09_Metas/24/17/20190924171500_00160.png,318.7,737.8,54.9,29.3,960
9/24/2019 17:16,datasets/dataset_cropped/09_Metas/24/17/20190924171600_00160.jpg,datasets_flow/dataset_cropped/09_Metas/24/17/20190924171600_00160.jpg,datasets_cloudmask/dataset_cropped/09_Metas/24/17/20190924171600_00160.png,315,735.1,54.6,29.3,960
9/24/2019 17:17,datasets/dataset_cropped/09_Metas/24/17/20190924171700_00160.jpg,datasets_flow/dataset_cropped/09_Metas/24/17/20190924171700_00160.jpg,datasets_cloudmask/dataset_cropped/09_Metas/24/17/20190924171700_00160.png,311.4,732.6,54.2,29.2,960
9/24/2019 17:18,datasets/dataset_cropped/09_Metas/24/17/20190924171800_00160.jpg,datasets_flow/dataset_cropped/09_Metas/24/17/20190924171800_00160.jpg,datasets_cloudmask/dataset_cropped/09_Metas/24/17/20190924171800_00160.png,307.7,729,53.9,29.1,960
9/24/2019 17:19,datasets/dataset_cropped/09_Metas/24/17/20190924171900_00160.jpg,datasets_flow/dataset_cropped/09_Metas/24/17/20190924171900_00160.jpg,datasets_cloudmask/dataset_cropped/09_Metas/24/17/20190924171900_00160.png,304.5,727.1,53.6,29,960
9/24/2019 17:20,datasets/dataset_cropped/09_Metas/24/17/20190924172000_00160.jpg,datasets_flow/dataset_cropped/09_Metas/24/17/20190924172000_00160.jpg,datasets_cloudmask/dataset_cropped/09_Metas/24/17/20190924172000_00160.png,301.7,726.2,53.4,28.9,960
9/24/2019 17:21,datasets/dataset_cropped/09_Metas/24/17/20190924172100_00160.jpg,datasets_flow/dataset_cropped/09_Metas/24/17/20190924172100_00160.jpg,datasets_cloudmask/dataset_cropped/09_Metas/24/17/20190924172100_00160.png,298.1,723.4,53.1,28.7,960
9/24/2019 17:22,datasets/dataset_cropped/09_Metas/24/17/20190924172200_00160.jpg,datasets_flow/dataset_cropped/09_Metas/24/17/20190924172200_00160.jpg,datasets_cloudmask/dataset_cropped/09_Metas/24/17/20190924172200_00160.png,294.7,720.9,52.8,28.5,960
9/24/2019 17:23,datasets/dataset_cropped/09_Metas/24/17/20190924172300_00160.jpg,datasets_flow/dataset_cropped/09_Metas/24/17/20190924172300_00160.jpg,datasets_cloudmask/dataset_cropped/09_Metas/24/17/20190924172300_00160.png,291.3,718.2,52.6,28.6,960
9/24/2019 17:24,datasets/dataset_cropped/09_Metas/24/17/20190924172400_00160.jpg,datasets_flow/dataset_cropped/09_Metas/24/17/20190924172400_00160.jpg,datasets_cloudmask/dataset_cropped/09_Metas/24/17/20190924172400_00160.png,287.6,713.7,52.6,28.7,960
9/24/2019 17:25,datasets/dataset_cropped/09_Metas/24/17/20190924172500_00160.jpg,datasets_flow/dataset_cropped/09_Metas/24/17/20190924172500_00160.jpg,datasets_cloudmask/dataset_cropped/09_Metas/24/17/20190924172500_00160.png,284.4,712.1,52.2,28.8,960
9/24/2019 17:26,datasets/dataset_cropped/09_Metas/24/17/20190924172600_00160.jpg,datasets_flow/dataset_cropped/09_Metas/24/17/20190924172600_00160.jpg,datasets_cloudmask/dataset_cropped/09_Metas/24/17/20190924172600_00160.png,281.1,710.2,52,28.8,960
9/24/2019 17:27,datasets/dataset_cropped/09_Metas/24/17/20190924172700_00160.jpg,datasets_flow/dataset_cropped/09_Metas/24/17/20190924172700_00160.jpg,datasets_cloudmask/dataset_cropped/09_Metas/24/17/20190924172700_00160.png,277.6,707.4,51.7,28.7,961
9/24/2019 17:28,datasets/dataset_cropped/09_Metas/24/17/20190924172800_00160.jpg,datasets_flow/dataset_cropped/09_Metas/24/17/20190924172800_00160.jpg,datasets_cloudmask/dataset_cropped/09_Metas/24/17/20190924172800_00160.png,274,704.2,51.2,28.7,960
9/24/2019 17:29,datasets/dataset_cropped/09_Metas/24/17/20190924172900_00160.jpg,datasets_flow/dataset_cropped/09_Metas/24/17/20190924172900_00160.jpg,datasets_cloudmask/dataset_cropped/09_Metas/24/17/20190924172900_00160.png,270.3,700.4,50.8,28.9,960
9/24/2019 17:30,datasets/dataset_cropped/09_Metas/24/17/20190924173000_00160.jpg,datasets_flow/dataset_cropped/09_Metas/24/17/20190924173000_00160.jpg,datasets_cloudmask/dataset_cropped/09_Metas/24/17/20190924173000_00160.png,266.8,697.2,50.5,29,960
9/24/2019 17:31,datasets/dataset_cropped/09_Metas/24/17/20190924173100_00160.jpg,datasets_flow/dataset_cropped/09_Metas/24/17/20190924173100_00160.jpg,datasets_cloudmask/dataset_cropped/09_Metas/24/17/20190924173100_00160.png,263.4,694,50.3,29,960
9/24/2019 17:32,datasets/dataset_cropped/09_Metas/24/17/20190924173200_00160.jpg,datasets_flow/dataset_cropped/09_Metas/24/17/20190924173200_00160.jpg,datasets_cloudmask/dataset_cropped/09_Metas/24/17/20190924173200_00160.png,259.9,690.9,50.2,28.7,960
9/24/2019 17:33,datasets/dataset_cropped/09_Metas/24/17/20190924173300_00160.jpg,datasets_flow/dataset_cropped/09_Metas/24/17/20190924173300_00160.jpg,datasets_cloudmask/dataset_cropped/09_Metas/24/17/20190924173300_00160.png,256.4,687.8,49.8,28.5,960
9/24/2019 17:34,datasets/dataset_cropped/09_Metas/24/17/20190924173400_00160.jpg,datasets_flow/dataset_cropped/09_Metas/24/17/20190924173400_00160.jpg,datasets_cloudmask/dataset_cropped/09_Metas/24/17/20190924173400_00160.png,253,684.8,49.5,28.4,960
9/24/2019 17:35,datasets/dataset_cropped/09_Metas/24/17/20190924173500_00160.jpg,datasets_flow/dataset_cropped/09_Metas/24/17/20190924173500_00160.jpg,datasets_cloudmask/dataset_cropped/09_Metas/24/17/20190924173500_00160.png,249.9,682.9,49.2,28.4,961
9/24/2019 17:36,datasets/dataset_cropped/09_Metas/24/17/20190924173600_00160.jpg,datasets_flow/dataset_cropped/09_Metas/24/17/20190924173600_00160.jpg,datasets_cloudmask/dataset_cropped/09_Metas/24/17/20190924173600_00160.png,246.1,678.8,48.7,28.2,960
9/24/2019 17:37,datasets/dataset_cropped/09_Metas/24/17/20190924173700_00160.jpg,datasets_flow/dataset_cropped/09_Metas/24/17/20190924173700_00160.jpg,datasets_cloudmask/dataset_cropped/09_Metas/24/17/20190924173700_00160.png,242.6,675,48.4,28.1,960
9/24/2019 17:38,datasets/dataset_cropped/09_Metas/24/17/20190924173800_00160.jpg,datasets_flow/dataset_cropped/09_Metas/24/17/20190924173800_00160.jpg,datasets_cloudmask/dataset_cropped/09_Metas/24/17/20190924173800_00160.png,239.2,671.6,48.1,28,960
9/24/2019 17:39,datasets/dataset_cropped/09_Metas/24/17/20190924173900_00160.jpg,datasets_flow/dataset_cropped/09_Metas/24/17/20190924173900_00160.jpg,datasets_cloudmask/dataset_cropped/09_Metas/24/17/20190924173900_00160.png,235.8,667.2,48.1,28,961
9/24/2019 17:40,datasets/dataset_cropped/09_Metas/24/17/20190924174000_00160.jpg,datasets_flow/dataset_cropped/09_Metas/24/17/20190924174000_00160.jpg,datasets_cloudmask/dataset_cropped/09_Metas/24/17/20190924174000_00160.png,232.5,663.7,48,28,960
9/24/2019 17:41,datasets/dataset_cropped/09_Metas/24/17/20190924174100_00160.jpg,datasets_flow/dataset_cropped/09_Metas/24/17/20190924174100_00160.jpg,datasets_cloudmask/dataset_cropped/09_Metas/24/17/20190924174100_00160.png,228.9,660.7,47.5,28,960
9/24/2019 17:42,datasets/dataset_cropped/09_Metas/24/17/20190924174200_00160.jpg,datasets_flow/dataset_cropped/09_Metas/24/17/20190924174200_00160.jpg,datasets_cloudmask/dataset_cropped/09_Metas/24/17/20190924174200_00160.png,225,655.3,47.2,28.1,960
9/24/2019 17:43,datasets/dataset_cropped/09_Metas/24/17/20190924174300_00160.jpg,datasets_flow/dataset_cropped/09_Metas/24/17/20190924174300_00160.jpg,datasets_cloudmask/dataset_cropped/09_Metas/24/17/20190924174300_00160.png,221.5,651.4,46.9,28,960
9/24/2019 17:44,datasets/dataset_cropped/09_Metas/24/17/20190924174400_00160.jpg,datasets_flow/dataset_cropped/09_Metas/24/17/20190924174400_00160.jpg,datasets_cloudmask/dataset_cropped/09_Metas/24/17/20190924174400_00160.png,218,647.7,46.3,27.8,960
9/24/2019 17:45,datasets/dataset_cropped/09_Metas/24/17/20190924174500_00160.jpg,datasets_flow/dataset_cropped/09_Metas/24/17/20190924174500_00160.jpg,datasets_cloudmask/dataset_cropped/09_Metas/24/17/20190924174500_00160.png,214.6,643.9,46,27.5,960
9/24/2019 17:46,datasets/dataset_cropped/09_Metas/24/17/20190924174600_00160.jpg,datasets_flow/dataset_cropped/09_Metas/24/17/20190924174600_00160.jpg,datasets_cloudmask/dataset_cropped/09_Metas/24/17/20190924174600_00160.png,211,638.6,45.7,27.3,960
9/24/2019 17:47,datasets/dataset_cropped/09_Metas/24/17/20190924174700_00160.jpg,datasets_flow/dataset_cropped/09_Metas/24/17/20190924174700_00160.jpg,datasets_cloudmask/dataset_cropped/09_Metas/24/17/20190924174700_00160.png,207.2,633.4,45,27.1,960
9/24/2019 17:48,datasets/dataset_cropped/09_Metas/24/17/20190924174800_00160.jpg,datasets_flow/dataset_cropped/09_Metas/24/17/20190924174800_00160.jpg,datasets_cloudmask/dataset_cropped/09_Metas/24/17/20190924174800_00160.png,203.8,628.7,44.9,27,961
9/24/2019 17:49,datasets/dataset_cropped/09_Metas/24/17/20190924174900_00160.jpg,datasets_flow/dataset_cropped/09_Metas/24/17/20190924174900_00160.jpg,datasets_cloudmask/dataset_cropped/09_Metas/24/17/20190924174900_00160.png,200.4,624.4,44.7,26.8,960
9/24/2019 17:50,datasets/dataset_cropped/09_Metas/24/17/20190924175000_00160.jpg,datasets_flow/dataset_cropped/09_Metas/24/17/20190924175000_00160.jpg,datasets_cloudmask/dataset_cropped/09_Metas/24/17/20190924175000_00160.png,197.2,621,44.4,26.9,960
9/24/2019 17:51,datasets/dataset_cropped/09_Metas/24/17/20190924175100_00160.jpg,datasets_flow/dataset_cropped/09_Metas/24/17/20190924175100_00160.jpg,datasets_cloudmask/dataset_cropped/09_Metas/24/17/20190924175100_00160.png,194,617.3,44.2,26.9,960
9/24/2019 17:52,datasets/dataset_cropped/09_Metas/24/17/20190924175200_00160.jpg,datasets_flow/dataset_cropped/09_Metas/24/17/20190924175200_00160.jpg,datasets_cloudmask/dataset_cropped/09_Metas/24/17/20190924175200_00160.png,190.7,613.8,43.7,26.9,960
9/24/2019 17:53,datasets/dataset_cropped/09_Metas/24/17/20190924175300_00160.jpg,datasets_flow/dataset_cropped/09_Metas/24/17/20190924175300_00160.jpg,datasets_cloudmask/dataset_cropped/09_Metas/24/17/20190924175300_00160.png,187.1,608.7,43.3,26.6,960
9/24/2019 17:54,datasets/dataset_cropped/09_Metas/24/17/20190924175400_00160.jpg,datasets_flow/dataset_cropped/09_Metas/24/17/20190924175400_00160.jpg,datasets_cloudmask/dataset_cropped/09_Metas/24/17/20190924175400_00160.png,183.5,602.9,43,26.5,960
9/24/2019 17:55,datasets/dataset_cropped/09_Metas/24/17/20190924175500_00160.jpg,datasets_flow/dataset_cropped/09_Metas/24/17/20190924175500_00160.jpg,datasets_cloudmask/dataset_cropped/09_Metas/24/17/20190924175500_00160.png,179.9,597.8,42.6,26.4,960
9/24/2019 17:56,datasets/dataset_cropped/09_Metas/24/17/20190924175600_00160.jpg,datasets_flow/dataset_cropped/09_Metas/24/17/20190924175600_00160.jpg,datasets_cloudmask/dataset_cropped/09_Metas/24/17/20190924175600_00160.png,176.4,592.3,42.4,26.4,960
9/24/2019 17:57,datasets/dataset_cropped/09_Metas/24/17/20190924175700_00160.jpg,datasets_flow/dataset_cropped/09_Metas/24/17/20190924175700_00160.jpg,datasets_cloudmask/dataset_cropped/09_Metas/24/17/20190924175700_00160.png,172.8,586.6,42,26.3,960
9/24/2019 17:58,datasets/dataset_cropped/09_Metas/24/17/20190924175800_00160.jpg,datasets_flow/dataset_cropped/09_Metas/24/17/20190924175800_00160.jpg,datasets_cloudmask/dataset_cropped/09_Metas/24/17/20190924175800_00160.png,169.3,581.4,41.6,26.2,961
9/24/2019 17:59,datasets/dataset_cropped/09_Metas/24/17/20190924175900_00160.jpg,datasets_flow/dataset_cropped/09_Metas/24/17/20190924175900_00160.jpg,datasets_cloudmask/dataset_cropped/09_Metas/24/17/20190924175900_00160.png,166,576.8,41.2,26.2,960
9/24/2019 18:00,datasets/dataset_cropped/09_Metas/24/18/20190924180000_00160.jpg,datasets_flow/dataset_cropped/09_Metas/24/18/20190924180000_00160.jpg,datasets_cloudmask/dataset_cropped/09_Metas/24/18/20190924180000_00160.png,162.7,572.1,40.8,26.1,961
9/24/2019 18:01,datasets/dataset_cropped/09_Metas/24/18/20190924180100_00160.jpg,datasets_flow/dataset_cropped/09_Metas/24/18/20190924180100_00160.jpg,datasets_cloudmask/dataset_cropped/09_Metas/24/18/20190924180100_00160.png,159.3,566.9,40.4,26,960
9/24/2019 18:02,datasets/dataset_cropped/09_Metas/24/18/20190924180200_00160.jpg,datasets_flow/dataset_cropped/09_Metas/24/18/20190924180200_00160.jpg,datasets_cloudmask/dataset_cropped/09_Metas/24/18/20190924180200_00160.png,156,561.7,40.1,25.9,960
9/24/2019 18:03,datasets/dataset_cropped/09_Metas/24/18/20190924180300_00160.jpg,datasets_flow/dataset_cropped/09_Metas/24/18/20190924180300_00160.jpg,datasets_cloudmask/dataset_cropped/09_Metas/24/18/20190924180300_00160.png,152.6,555.7,40,25.9,960
9/24/2019 18:04,datasets/dataset_cropped/09_Metas/24/18/20190924180400_00160.jpg,datasets_flow/dataset_cropped/09_Metas/24/18/20190924180400_00160.jpg,datasets_cloudmask/dataset_cropped/09_Metas/24/18/20190924180400_00160.png,149.1,549.7,39.6,25.8,961
9/24/2019 18:05,datasets/dataset_cropped/09_Metas/24/18/20190924180500_00160.jpg,datasets_flow/dataset_cropped/09_Metas/24/18/20190924180500_00160.jpg,datasets_cloudmask/dataset_cropped/09_Metas/24/18/20190924180500_00160.png,145.8,545,38.9,25.7,961
9/24/2019 18:06,datasets/dataset_cropped/09_Metas/24/18/20190924180600_00160.jpg,datasets_flow/dataset_cropped/09_Metas/24/18/20190924180600_00160.jpg,datasets_cloudmask/dataset_cropped/09_Metas/24/18/20190924180600_00160.png,142.7,540.9,38.4,25.8,961
9/24/2019 18:07,datasets/dataset_cropped/09_Metas/24/18/20190924180700_00160.jpg,datasets_flow/dataset_cropped/09_Metas/24/18/20190924180700_00160.jpg,datasets_cloudmask/dataset_cropped/09_Metas/24/18/20190924180700_00160.png,139.4,535.3,38,25.8,960
9/24/2019 18:08,datasets/dataset_cropped/09_Metas/24/18/20190924180800_00160.jpg,datasets_flow/dataset_cropped/09_Metas/24/18/20190924180800_00160.jpg,datasets_cloudmask/dataset_cropped/09_Metas/24/18/20190924180800_00160.png,135.8,528,37.5,25.8,960
9/24/2019 18:09,datasets/dataset_cropped/09_Metas/24/18/20190924180900_00160.jpg,datasets_flow/dataset_cropped/09_Metas/24/18/20190924180900_00160.jpg,datasets_cloudmask/dataset_cropped/09_Metas/24/18/20190924180900_00160.png,132.7,522.8,37.2,25.6,961
9/24/2019 18:10,datasets/dataset_cropped/09_Metas/24/18/20190924181000_00160.jpg,datasets_flow/dataset_cropped/09_Metas/24/18/20190924181000_00160.jpg,datasets_cloudmask/dataset_cropped/09_Metas/24/18/20190924181000_00160.png,129.4,517,36.8,25.5,961
9/24/2019 18:11,datasets/dataset_cropped/09_Metas/24/18/20190924181100_00160.jpg,datasets_flow/dataset_cropped/09_Metas/24/18/20190924181100_00160.jpg,datasets_cloudmask/dataset_cropped/09_Metas/24/18/20190924181100_00160.png,126,510.5,36.4,25.5,961
9/24/2019 18:12,datasets/dataset_cropped/09_Metas/24/18/20190924181200_00160.jpg,datasets_flow/dataset_cropped/09_Metas/24/18/20190924181200_00160.jpg,datasets_cloudmask/dataset_cropped/09_Metas/24/18/20190924181200_00160.png,122.6,503.3,35.9,25.5,961
9/24/2019 18:13,datasets/dataset_cropped/09_Metas/24/18/20190924181300_00160.jpg,datasets_flow/dataset_cropped/09_Metas/24/18/20190924181300_00160.jpg,datasets_cloudmask/dataset_cropped/09_Metas/24/18/20190924181300_00160.png,118.7,493.2,35.5,25.5,961
9/24/2019 18:14,datasets/dataset_cropped/09_Metas/24/18/20190924181400_00160.jpg,datasets_flow/dataset_cropped/09_Metas/24/18/20190924181400_00160.jpg,datasets_cloudmask/dataset_cropped/09_Metas/24/18/20190924181400_00160.png,114.6,481.8,35,25.4,961
9/24/2019 18:15,datasets/dataset_cropped/09_Metas/24/18/20190924181500_00160.jpg,datasets_flow/dataset_cropped/09_Metas/24/18/20190924181500_00160.jpg,datasets_cloudmask/dataset_cropped/09_Metas/24/18/20190924181500_00160.png,110.7,471,34.4,25.4,961
9/24/2019 18:16,datasets/dataset_cropped/09_Metas/24/18/20190924181600_00160.jpg,datasets_flow/dataset_cropped/09_Metas/24/18/20190924181600_00160.jpg,datasets_cloudmask/dataset_cropped/09_Metas/24/18/20190924181600_00160.png,107.6,465.2,33.9,25.2,961
9/24/2019 18:17,datasets/dataset_cropped/09_Metas/24/18/20190924181700_00160.jpg,datasets_flow/dataset_cropped/09_Metas/24/18/20190924181700_00160.jpg,datasets_cloudmask/dataset_cropped/09_Metas/24/18/20190924181700_00160.png,105,462,33.4,25.2,961
9/24/2019 18:18,datasets/dataset_cropped/09_Metas/24/18/20190924181800_00160.jpg,datasets_flow/dataset_cropped/09_Metas/24/18/20190924181800_00160.jpg,datasets_cloudmask/dataset_cropped/09_Metas/24/18/20190924181800_00160.png,101.7,453.7,32.9,25.3,961
9/24/2019 18:19,datasets/dataset_cropped/09_Metas/24/18/20190924181900_00160.jpg,datasets_flow/dataset_cropped/09_Metas/24/18/20190924181900_00160.jpg,datasets_cloudmask/dataset_cropped/09_Metas/24/18/20190924181900_00160.png,96.7,434.5,32.2,25.3,961
9/24/2019 18:20,datasets/dataset_cropped/09_Metas/24/18/20190924182000_00160.jpg,datasets_flow/dataset_cropped/09_Metas/24/18/20190924182000_00160.jpg,datasets_cloudmask/dataset_cropped/09_Metas/24/18/20190924182000_00160.png,93.2,424.7,31.6,25.2,961
9/24/2019 18:21,datasets/dataset_cropped/09_Metas/24/18/20190924182100_00160.jpg,datasets_flow/dataset_cropped/09_Metas/24/18/20190924182100_00160.jpg,datasets_cloudmask/dataset_cropped/09_Metas/24/18/20190924182100_00160.png,91.6,427,31.1,25.1,961
9/24/2019 18:22,datasets/dataset_cropped/09_Metas/24/18/20190924182200_00160.jpg,datasets_flow/dataset_cropped/09_Metas/24/18/20190924182200_00160.jpg,datasets_cloudmask/dataset_cropped/09_Metas/24/18/20190924182200_00160.png,88.5,419.2,30.6,25,961
9/24/2019 18:23,datasets/dataset_cropped/09_Metas/24/18/20190924182300_00160.jpg,datasets_flow/dataset_cropped/09_Metas/24/18/20190924182300_00160.jpg,datasets_cloudmask/dataset_cropped/09_Metas/24/18/20190924182300_00160.png,84.6,405.5,30,25,961
9/24/2019 18:24,datasets/dataset_cropped/09_Metas/24/18/20190924182400_00160.jpg,datasets_flow/dataset_cropped/09_Metas/24/18/20190924182400_00160.jpg,datasets_cloudmask/dataset_cropped/09_Metas/24/18/20190924182400_00160.png,80.9,391.9,29.4,24.9,961
9/24/2019 18:25,datasets/dataset_cropped/09_Metas/24/18/20190924182500_00160.jpg,datasets_flow/dataset_cropped/09_Metas/24/18/20190924182500_00160.jpg,datasets_cloudmask/dataset_cropped/09_Metas/24/18/20190924182500_00160.png,77.2,377.7,28.9,24.9,961
9/24/2019 18:26,datasets/dataset_cropped/09_Metas/24/18/20190924182600_00160.jpg,datasets_flow/dataset_cropped/09_Metas/24/18/20190924182600_00160.jpg,datasets_cloudmask/dataset_cropped/09_Metas/24/18/20190924182600_00160.png,73.7,365.7,28.1,24.9,961
9/24/2019 18:27,datasets/dataset_cropped/09_Metas/24/18/20190924182700_00160.jpg,datasets_flow/dataset_cropped/09_Metas/24/18/20190924182700_00160.jpg,datasets_cloudmask/dataset_cropped/09_Metas/24/18/20190924182700_00160.png,70.7,356.7,27.4,24.8,961
9/24/2019 18:28,datasets/dataset_cropped/09_Metas/24/18/20190924182800_00160.jpg,datasets_flow/dataset_cropped/09_Metas/24/18/20190924182800_00160.jpg,datasets_cloudmask/dataset_cropped/09_Metas/24/18/20190924182800_00160.png,68.1,349.6,26.9,24.7,961
9/24/2019 18:29,datasets/dataset_cropped/09_Metas/24/18/20190924182900_00160.jpg,datasets_flow/dataset_cropped/09_Metas/24/18/20190924182900_00160.jpg,datasets_cloudmask/dataset_cropped/09_Metas/24/18/20190924182900_00160.png,65.6,343.4,26.2,24.7,961
9/24/2019 18:30,datasets/dataset_cropped/09_Metas/24/18/20190924183000_00160.jpg,datasets_flow/dataset_cropped/09_Metas/24/18/20190924183000_00160.jpg,datasets_cloudmask/dataset_cropped/09_Metas/24/18/20190924183000_00160.png,62.8,334.6,25.6,24.7,961
9/24/2019 18:31,datasets/dataset_cropped/09_Metas/24/18/20190924183100_00160.jpg,datasets_flow/dataset_cropped/09_Metas/24/18/20190924183100_00160.jpg,datasets_cloudmask/dataset_cropped/09_Metas/24/18/20190924183100_00160.png,59.9,323.7,24.9,24.6,961
9/24/2019 18:32,datasets/dataset_cropped/09_Metas/24/18/20190924183200_00160.jpg,datasets_flow/dataset_cropped/09_Metas/24/18/20190924183200_00160.jpg,datasets_cloudmask/dataset_cropped/09_Metas/24/18/20190924183200_00160.png,56.9,311.7,24.2,24.6,961
9/24/2019 18:33,datasets/dataset_cropped/09_Metas/24/18/20190924183300_00160.jpg,datasets_flow/dataset_cropped/09_Metas/24/18/20190924183300_00160.jpg,datasets_cloudmask/dataset_cropped/09_Metas/24/18/20190924183300_00160.png,54.5,305.6,23.5,24.5,961
9/24/2019 18:34,datasets/dataset_cropped/09_Metas/24/18/20190924183400_00160.jpg,datasets_flow/dataset_cropped/09_Metas/24/18/20190924183400_00160.jpg,datasets_cloudmask/dataset_cropped/09_Metas/24/18/20190924183400_00160.png,52.1,297.6,22.9,24.4,961
9/24/2019 18:35,datasets/dataset_cropped/09_Metas/24/18/20190924183500_00160.jpg,datasets_flow/dataset_cropped/09_Metas/24/18/20190924183500_00160.jpg,datasets_cloudmask/dataset_cropped/09_Metas/24/18/20190924183500_00160.png,49.7,289.7,22.3,24.4,961
9/24/2019 18:36,datasets/dataset_cropped/09_Metas/24/18/20190924183600_00160.jpg,datasets_flow/dataset_cropped/09_Metas/24/18/20190924183600_00160.jpg,datasets_cloudmask/dataset_cropped/09_Metas/24/18/20190924183600_00160.png,47,277,21.7,24.3,961
9/24/2019 18:37,datasets/dataset_cropped/09_Metas/24/18/20190924183700_00160.jpg,datasets_flow/dataset_cropped/09_Metas/24/18/20190924183700_00160.jpg,datasets_cloudmask/dataset_cropped/09_Metas/24/18/20190924183700_00160.png,44.3,264.9,21.1,24.2,961
9/24/2019 18:38,datasets/dataset_cropped/09_Metas/24/18/20190924183800_00160.jpg,datasets_flow/dataset_cropped/09_Metas/24/18/20190924183800_00160.jpg,datasets_cloudmask/dataset_cropped/09_Metas/24/18/20190924183800_00160.png,41.9,255.5,20.5,24.2,961
9/24/2019 18:39,datasets/dataset_cropped/09_Metas/24/18/20190924183900_00160.jpg,datasets_flow/dataset_cropped/09_Metas/24/18/20190924183900_00160.jpg,datasets_cloudmask/dataset_cropped/09_Metas/24/18/20190924183900_00160.png,39.6,245.6,19.8,24.2,961
9/24/2019 18:40,datasets/dataset_cropped/09_Metas/24/18/20190924184000_00160.jpg,datasets_flow/dataset_cropped/09_Metas/24/18/20190924184000_00160.jpg,datasets_cloudmask/dataset_cropped/09_Metas/24/18/20190924184000_00160.png,37.5,236.9,19.2,24.2,961
9/24/2019 18:41,datasets/dataset_cropped/09_Metas/24/18/20190924184100_00160.jpg,datasets_flow/dataset_cropped/09_Metas/24/18/20190924184100_00160.jpg,datasets_cloudmask/dataset_cropped/09_Metas/24/18/20190924184100_00160.png,35.4,229.3,18.5,24.1,961
9/24/2019 18:42,datasets/dataset_cropped/09_Metas/24/18/20190924184200_00160.jpg,datasets_flow/dataset_cropped/09_Metas/24/18/20190924184200_00160.jpg,datasets_cloudmask/dataset_cropped/09_Metas/24/18/20190924184200_00160.png,33.5,222.8,17.8,24.1,961
9/24/2019 18:43,datasets/dataset_cropped/09_Metas/24/18/20190924184300_00160.jpg,datasets_flow/dataset_cropped/09_Metas/24/18/20190924184300_00160.jpg,datasets_cloudmask/dataset_cropped/09_Metas/24/18/20190924184300_00160.png,31.6,215.4,17.1,24.1,961
9/24/2019 18:44,datasets/dataset_cropped/09_Metas/24/18/20190924184400_00160.jpg,datasets_flow/dataset_cropped/09_Metas/24/18/20190924184400_00160.jpg,datasets_cloudmask/dataset_cropped/09_Metas/24/18/20190924184400_00160.png,30.1,212.6,16.5,24,961
9/24/2019 18:45,datasets/dataset_cropped/09_Metas/24/18/20190924184500_00160.jpg,datasets_flow/dataset_cropped/09_Metas/24/18/20190924184500_00160.jpg,datasets_cloudmask/dataset_cropped/09_Metas/24/18/20190924184500_00160.png,28.5,207.7,15.8,24,961
9/24/2019 18:46,datasets/dataset_cropped/09_Metas/24/18/20190924184600_00160.jpg,datasets_flow/dataset_cropped/09_Metas/24/18/20190924184600_00160.jpg,datasets_cloudmask/dataset_cropped/09_Metas/24/18/20190924184600_00160.png,26.6,196.8,15.3,23.9,961
9/24/2019 18:47,datasets/dataset_cropped/09_Metas/24/18/20190924184700_00160.jpg,datasets_flow/dataset_cropped/09_Metas/24/18/20190924184700_00160.jpg,datasets_cloudmask/dataset_cropped/09_Metas/24/18/20190924184700_00160.png,24.6,183.8,14.6,23.9,961
9/24/2019 18:48,datasets/dataset_cropped/09_Metas/24/18/20190924184800_00160.jpg,datasets_flow/dataset_cropped/09_Metas/24/18/20190924184800_00160.jpg,datasets_cloudmask/dataset_cropped/09_Metas/24/18/20190924184800_00160.png,22.6,169,13.9,23.9,961
9/24/2019 18:49,datasets/dataset_cropped/09_Metas/24/18/20190924184900_00160.jpg,datasets_flow/dataset_cropped/09_Metas/24/18/20190924184900_00160.jpg,datasets_cloudmask/dataset_cropped/09_Metas/24/18/20190924184900_00160.png,19.8,134.5,13.2,23.9,961
9/24/2019 18:50,datasets/dataset_cropped/09_Metas/24/18/20190924185000_00160.jpg,datasets_flow/dataset_cropped/09_Metas/24/18/20190924185000_00160.jpg,datasets_cloudmask/dataset_cropped/09_Metas/24/18/20190924185000_00160.png,15,53.3,12.3,23.8,961
9/24/2019 18:51,datasets/dataset_cropped/09_Metas/24/18/20190924185100_00160.jpg,datasets_flow/dataset_cropped/09_Metas/24/18/20190924185100_00160.jpg,datasets_cloudmask/dataset_cropped/09_Metas/24/18/20190924185100_00160.png,11.8,3.1,11.4,23.7,961
9/24/2019 18:52,datasets/dataset_cropped/09_Metas/24/18/20190924185200_00160.jpg,datasets_flow/dataset_cropped/09_Metas/24/18/20190924185200_00160.jpg,datasets_cloudmask/dataset_cropped/09_Metas/24/18/20190924185200_00160.png,10.8,0.4,10.6,23.6,961
9/24/2019 18:53,datasets/dataset_cropped/09_Metas/24/18/20190924185300_00160.jpg,datasets_flow/dataset_cropped/09_Metas/24/18/20190924185300_00160.jpg,datasets_cloudmask/dataset_cropped/09_Metas/24/18/20190924185300_00160.png,10,0,9.8,23.6,961
9/24/2019 18:54,datasets/dataset_cropped/09_Metas/24/18/20190924185400_00160.jpg,datasets_flow/dataset_cropped/09_Metas/24/18/20190924185400_00160.jpg,datasets_cloudmask/dataset_cropped/09_Metas/24/18/20190924185400_00160.png,9.2,0,9,23.5,961
9/24/2019 18:55,datasets/dataset_cropped/09_Metas/24/18/20190924185500_00160.jpg,datasets_flow/dataset_cropped/09_Metas/24/18/20190924185500_00160.jpg,datasets_cloudmask/dataset_cropped/09_Metas/24/18/20190924185500_00160.png,8.5,0,8.3,23.4,961
9/24/2019 18:56,datasets/dataset_cropped/09_Metas/24/18/20190924185600_00160.jpg,datasets_flow/dataset_cropped/09_Metas/24/18/20190924185600_00160.jpg,datasets_cloudmask/dataset_cropped/09_Metas/24/18/20190924185600_00160.png,7.8,0,7.5,23.3,961
9/24/2019 18:57,datasets/dataset_cropped/09_Metas/24/18/20190924185700_00160.jpg,datasets_flow/dataset_cropped/09_Metas/24/18/20190924185700_00160.jpg,datasets_cloudmask/dataset_cropped/09_Metas/24/18/20190924185700_00160.png,7,0,6.8,23.3,961
9/24/2019 18:58,datasets/dataset_cropped/09_Metas/24/18/20190924185800_00160.jpg,datasets_flow/dataset_cropped/09_Metas/24/18/20190924185800_00160.jpg,datasets_cloudmask/dataset_cropped/09_Metas/24/18/20190924185800_00160.png,6.4,0,6.2,23.2,961
9/24/2019 18:59,datasets/dataset_cropped/09_Metas/24/18/20190924185900_00160.jpg,datasets_flow/dataset_cropped/09_Metas/24/18/20190924185900_00160.jpg,datasets_cloudmask/dataset_cropped/09_Metas/24/18/20190924185900_00160.png,5.7,0,5.5,23.2,961
9/24/2019 19:00,datasets/dataset_cropped/09_Metas/24/19/20190924190000_00160.jpg,datasets_flow/dataset_cropped/09_Metas/24/19/20190924190000_00160.jpg,datasets_cloudmask/dataset_cropped/09_Metas/24/19/20190924190000_00160.png,5,0,4.8,23.2,961
9/24/2019 19:01,datasets/dataset_cropped/09_Metas/24/19/20190924190100_00160.jpg,datasets_flow/dataset_cropped/09_Metas/24/19/20190924190100_00160.jpg,datasets_cloudmask/dataset_cropped/09_Metas/24/19/20190924190100_00160.png,4.3,0,4.1,23.2,961
9/24/2019 19:02,datasets/dataset_cropped/09_Metas/24/19/20190924190200_00160.jpg,datasets_flow/dataset_cropped/09_Metas/24/19/20190924190200_00160.jpg,datasets_cloudmask/dataset_cropped/09_Metas/24/19/20190924190200_00160.png,3.7,0,3.5,23.1,961
9/25/2019 7:01,datasets/dataset_cropped/09_Metas/25/07/20190925070100_00160.jpg,datasets_flow/dataset_cropped/09_Metas/25/07/20190925070100_00160.jpg,datasets_cloudmask/dataset_cropped/09_Metas/25/07/20190925070100_00160.png,3.6,1,3.9,20.3,959
9/25/2019 7:02,datasets/dataset_cropped/09_Metas/25/07/20190925070200_00160.jpg,datasets_flow/dataset_cropped/09_Metas/25/07/20190925070200_00160.jpg,datasets_cloudmask/dataset_cropped/09_Metas/25/07/20190925070200_00160.png,4.1,0.7,4,20.3,960
9/25/2019 7:03,datasets/dataset_cropped/09_Metas/25/07/20190925070300_00160.jpg,datasets_flow/dataset_cropped/09_Metas/25/07/20190925070300_00160.jpg,datasets_cloudmask/dataset_cropped/09_Metas/25/07/20190925070300_00160.png,4.5,0.4,4.2,20.2,959
9/25/2019 7:04,datasets/dataset_cropped/09_Metas/25/07/20190925070400_00160.jpg,datasets_flow/dataset_cropped/09_Metas/25/07/20190925070400_00160.jpg,datasets_cloudmask/dataset_cropped/09_Metas/25/07/20190925070400_00160.png,5.1,0.3,4.7,20.1,960
9/25/2019 7:05,datasets/dataset_cropped/09_Metas/25/07/20190925070500_00160.jpg,datasets_flow/dataset_cropped/09_Metas/25/07/20190925070500_00160.jpg,datasets_cloudmask/dataset_cropped/09_Metas/25/07/20190925070500_00160.png,6,11.9,5.4,20,960
9/25/2019 7:06,datasets/dataset_cropped/09_Metas/25/07/20190925070600_00160.jpg,datasets_flow/dataset_cropped/09_Metas/25/07/20190925070600_00160.jpg,datasets_cloudmask/dataset_cropped/09_Metas/25/07/20190925070600_00160.png,7.1,26.8,6.1,19.8,960
9/25/2019 7:07,datasets/dataset_cropped/09_Metas/25/07/20190925070700_00160.jpg,datasets_flow/dataset_cropped/09_Metas/25/07/20190925070700_00160.jpg,datasets_cloudmask/dataset_cropped/09_Metas/25/07/20190925070700_00160.png,8.4,41.3,7,19.4,960
9/25/2019 7:08,datasets/dataset_cropped/09_Metas/25/07/20190925070800_00160.jpg,datasets_flow/dataset_cropped/09_Metas/25/07/20190925070800_00160.jpg,datasets_cloudmask/dataset_cropped/09_Metas/25/07/20190925070800_00160.png,10.2,67.3,8,19.2,960
9/25/2019 7:09,datasets/dataset_cropped/09_Metas/25/07/20190925070900_00160.jpg,datasets_flow/dataset_cropped/09_Metas/25/07/20190925070900_00160.jpg,datasets_cloudmask/dataset_cropped/09_Metas/25/07/20190925070900_00160.png,12.2,109.1,9,19.1,960
9/25/2019 7:10,datasets/dataset_cropped/09_Metas/25/07/20190925071000_00160.jpg,datasets_flow/dataset_cropped/09_Metas/25/07/20190925071000_00160.jpg,datasets_cloudmask/dataset_cropped/09_Metas/25/07/20190925071000_00160.png,13.9,133.7,9.9,19.1,960
9/25/2019 7:11,datasets/dataset_cropped/09_Metas/25/07/20190925071100_00160.jpg,datasets_flow/dataset_cropped/09_Metas/25/07/20190925071100_00160.jpg,datasets_cloudmask/dataset_cropped/09_Metas/25/07/20190925071100_00160.png,15.6,150.1,10.8,19,960
9/25/2019 7:12,datasets/dataset_cropped/09_Metas/25/07/20190925071200_00160.jpg,datasets_flow/dataset_cropped/09_Metas/25/07/20190925071200_00160.jpg,datasets_cloudmask/dataset_cropped/09_Metas/25/07/20190925071200_00160.png,17.2,167.5,11.2,18.9,960
9/25/2019 7:13,datasets/dataset_cropped/09_Metas/25/07/20190925071300_00160.jpg,datasets_flow/dataset_cropped/09_Metas/25/07/20190925071300_00160.jpg,datasets_cloudmask/dataset_cropped/09_Metas/25/07/20190925071300_00160.png,19.1,184.7,12.1,18.8,959
9/25/2019 7:14,datasets/dataset_cropped/09_Metas/25/07/20190925071400_00160.jpg,datasets_flow/dataset_cropped/09_Metas/25/07/20190925071400_00160.jpg,datasets_cloudmask/dataset_cropped/09_Metas/25/07/20190925071400_00160.png,21.1,198.7,12.9,18.7,960
9/25/2019 7:15,datasets/dataset_cropped/09_Metas/25/07/20190925071500_00160.jpg,datasets_flow/dataset_cropped/09_Metas/25/07/20190925071500_00160.jpg,datasets_cloudmask/dataset_cropped/09_Metas/25/07/20190925071500_00160.png,22.9,212.1,13.5,18.6,960
9/25/2019 7:16,datasets/dataset_cropped/09_Metas/25/07/20190925071600_00160.jpg,datasets_flow/dataset_cropped/09_Metas/25/07/20190925071600_00160.jpg,datasets_cloudmask/dataset_cropped/09_Metas/25/07/20190925071600_00160.png,24.9,225.5,14.1,18.6,960
9/25/2019 7:17,datasets/dataset_cropped/09_Metas/25/07/20190925071700_00160.jpg,datasets_flow/dataset_cropped/09_Metas/25/07/20190925071700_00160.jpg,datasets_cloudmask/dataset_cropped/09_Metas/25/07/20190925071700_00160.png,26.9,237.6,14.8,18.7,960
9/25/2019 7:18,datasets/dataset_cropped/09_Metas/25/07/20190925071800_00160.jpg,datasets_flow/dataset_cropped/09_Metas/25/07/20190925071800_00160.jpg,datasets_cloudmask/dataset_cropped/09_Metas/25/07/20190925071800_00160.png,29,250.7,15.5,18.8,960
9/25/2019 7:19,datasets/dataset_cropped/09_Metas/25/07/20190925071900_00160.jpg,datasets_flow/dataset_cropped/09_Metas/25/07/20190925071900_00160.jpg,datasets_cloudmask/dataset_cropped/09_Metas/25/07/20190925071900_00160.png,31.1,261.4,16.2,19.1,960
9/25/2019 7:20,datasets/dataset_cropped/09_Metas/25/07/20190925072000_00160.jpg,datasets_flow/dataset_cropped/09_Metas/25/07/20190925072000_00160.jpg,datasets_cloudmask/dataset_cropped/09_Metas/25/07/20190925072000_00160.png,33.5,274.6,16.8,19.7,960
9/25/2019 7:21,datasets/dataset_cropped/09_Metas/25/07/20190925072100_00160.jpg,datasets_flow/dataset_cropped/09_Metas/25/07/20190925072100_00160.jpg,datasets_cloudmask/dataset_cropped/09_Metas/25/07/20190925072100_00160.png,35.7,288.2,17.1,19.9,960
9/25/2019 7:22,datasets/dataset_cropped/09_Metas/25/07/20190925072200_00160.jpg,datasets_flow/dataset_cropped/09_Metas/25/07/20190925072200_00160.jpg,datasets_cloudmask/dataset_cropped/09_Metas/25/07/20190925072200_00160.png,38.2,300.8,17.8,19.9,960
9/25/2019 7:23,datasets/dataset_cropped/09_Metas/25/07/20190925072300_00160.jpg,datasets_flow/dataset_cropped/09_Metas/25/07/20190925072300_00160.jpg,datasets_cloudmask/dataset_cropped/09_Metas/25/07/20190925072300_00160.png,40.9,312,18.9,20,960
9/25/2019 7:24,datasets/dataset_cropped/09_Metas/25/07/20190925072400_00160.jpg,datasets_flow/dataset_cropped/09_Metas/25/07/20190925072400_00160.jpg,datasets_cloudmask/dataset_cropped/09_Metas/25/07/20190925072400_00160.png,43.4,322.6,19.4,20,960
9/25/2019 7:25,datasets/dataset_cropped/09_Metas/25/07/20190925072500_00160.jpg,datasets_flow/dataset_cropped/09_Metas/25/07/20190925072500_00160.jpg,datasets_cloudmask/dataset_cropped/09_Metas/25/07/20190925072500_00160.png,45.9,332.7,20.1,20.1,960
9/25/2019 7:26,datasets/dataset_cropped/09_Metas/25/07/20190925072600_00160.jpg,datasets_flow/dataset_cropped/09_Metas/25/07/20190925072600_00160.jpg,datasets_cloudmask/dataset_cropped/09_Metas/25/07/20190925072600_00160.png,48.6,343.6,20.9,20.1,960
9/25/2019 7:27,datasets/dataset_cropped/09_Metas/25/07/20190925072700_00160.jpg,datasets_flow/dataset_cropped/09_Metas/25/07/20190925072700_00160.jpg,datasets_cloudmask/dataset_cropped/09_Metas/25/07/20190925072700_00160.png,51.3,353.9,21.7,19.9,960
9/25/2019 7:28,datasets/dataset_cropped/09_Metas/25/07/20190925072800_00160.jpg,datasets_flow/dataset_cropped/09_Metas/25/07/20190925072800_00160.jpg,datasets_cloudmask/dataset_cropped/09_Metas/25/07/20190925072800_00160.png,54.1,365.3,22.3,19.4,960
9/25/2019 7:29,datasets/dataset_cropped/09_Metas/25/07/20190925072900_00160.jpg,datasets_flow/dataset_cropped/09_Metas/25/07/20190925072900_00160.jpg,datasets_cloudmask/dataset_cropped/09_Metas/25/07/20190925072900_00160.png,56.8,374.2,22.9,19,960
9/25/2019 7:30,datasets/dataset_cropped/09_Metas/25/07/20190925073000_00160.jpg,datasets_flow/dataset_cropped/09_Metas/25/07/20190925073000_00160.jpg,datasets_cloudmask/dataset_cropped/09_Metas/25/07/20190925073000_00160.png,59.5,383.5,23.5,19,960
9/25/2019 7:31,datasets/dataset_cropped/09_Metas/25/07/20190925073100_00160.jpg,datasets_flow/dataset_cropped/09_Metas/25/07/20190925073100_00160.jpg,datasets_cloudmask/dataset_cropped/09_Metas/25/07/20190925073100_00160.png,62.3,392.3,24.2,19.2,960
9/25/2019 7:32,datasets/dataset_cropped/09_Metas/25/07/20190925073200_00160.jpg,datasets_flow/dataset_cropped/09_Metas/25/07/20190925073200_00160.jpg,datasets_cloudmask/dataset_cropped/09_Metas/25/07/20190925073200_00160.png,65.2,402.3,24.9,19.3,960
9/25/2019 7:33,datasets/dataset_cropped/09_Metas/25/07/20190925073300_00160.jpg,datasets_flow/dataset_cropped/09_Metas/25/07/20190925073300_00160.jpg,datasets_cloudmask/dataset_cropped/09_Metas/25/07/20190925073300_00160.png,68,410.8,25.5,19.4,960
9/25/2019 7:34,datasets/dataset_cropped/09_Metas/25/07/20190925073400_00160.jpg,datasets_flow/dataset_cropped/09_Metas/25/07/20190925073400_00160.jpg,datasets_cloudmask/dataset_cropped/09_Metas/25/07/20190925073400_00160.png,70.8,418.6,26.1,19.8,960
9/25/2019 7:35,datasets/dataset_cropped/09_Metas/25/07/20190925073500_00160.jpg,datasets_flow/dataset_cropped/09_Metas/25/07/20190925073500_00160.jpg,datasets_cloudmask/dataset_cropped/09_Metas/25/07/20190925073500_00160.png,73.6,426.3,26.8,20.3,960
9/25/2019 7:36,datasets/dataset_cropped/09_Metas/25/07/20190925073600_00160.jpg,datasets_flow/dataset_cropped/09_Metas/25/07/20190925073600_00160.jpg,datasets_cloudmask/dataset_cropped/09_Metas/25/07/20190925073600_00160.png,76.5,434.4,27.4,20.7,960
9/25/2019 7:37,datasets/dataset_cropped/09_Metas/25/07/20190925073700_00160.jpg,datasets_flow/dataset_cropped/09_Metas/25/07/20190925073700_00160.jpg,datasets_cloudmask/dataset_cropped/09_Metas/25/07/20190925073700_00160.png,79.8,444.4,28.1,21,960
9/25/2019 7:38,datasets/dataset_cropped/09_Metas/25/07/20190925073800_00160.jpg,datasets_flow/dataset_cropped/09_Metas/25/07/20190925073800_00160.jpg,datasets_cloudmask/dataset_cropped/09_Metas/25/07/20190925073800_00160.png,82.7,452.2,28.6,21.2,960
9/25/2019 7:39,datasets/dataset_cropped/09_Metas/25/07/20190925073900_00160.jpg,datasets_flow/dataset_cropped/09_Metas/25/07/20190925073900_00160.jpg,datasets_cloudmask/dataset_cropped/09_Metas/25/07/20190925073900_00160.png,85.7,459.7,29.2,21.3,960
9/25/2019 7:40,datasets/dataset_cropped/09_Metas/25/07/20190925074000_00160.jpg,datasets_flow/dataset_cropped/09_Metas/25/07/20190925074000_00160.jpg,datasets_cloudmask/dataset_cropped/09_Metas/25/07/20190925074000_00160.png,88.7,468.3,29.6,21.5,960
9/25/2019 7:41,datasets/dataset_cropped/09_Metas/25/07/20190925074100_00160.jpg,datasets_flow/dataset_cropped/09_Metas/25/07/20190925074100_00160.jpg,datasets_cloudmask/dataset_cropped/09_Metas/25/07/20190925074100_00160.png,91.8,476.1,30.1,21.6,960
9/25/2019 7:42,datasets/dataset_cropped/09_Metas/25/07/20190925074200_00160.jpg,datasets_flow/dataset_cropped/09_Metas/25/07/20190925074200_00160.jpg,datasets_cloudmask/dataset_cropped/09_Metas/25/07/20190925074200_00160.png,94.9,483.4,30.6,21.7,960
9/25/2019 7:43,datasets/dataset_cropped/09_Metas/25/07/20190925074300_00160.jpg,datasets_flow/dataset_cropped/09_Metas/25/07/20190925074300_00160.jpg,datasets_cloudmask/dataset_cropped/09_Metas/25/07/20190925074300_00160.png,98.1,491,31,21.7,960
9/25/2019 7:44,datasets/dataset_cropped/09_Metas/25/07/20190925074400_00160.jpg,datasets_flow/dataset_cropped/09_Metas/25/07/20190925074400_00160.jpg,datasets_cloudmask/dataset_cropped/09_Metas/25/07/20190925074400_00160.png,101.4,498.8,31.5,21.7,960
9/25/2019 7:45,datasets/dataset_cropped/09_Metas/25/07/20190925074500_00160.jpg,datasets_flow/dataset_cropped/09_Metas/25/07/20190925074500_00160.jpg,datasets_cloudmask/dataset_cropped/09_Metas/25/07/20190925074500_00160.png,104.7,506.4,32.2,21.8,960
9/25/2019 7:46,datasets/dataset_cropped/09_Metas/25/07/20190925074600_00160.jpg,datasets_flow/dataset_cropped/09_Metas/25/07/20190925074600_00160.jpg,datasets_cloudmask/dataset_cropped/09_Metas/25/07/20190925074600_00160.png,108,514.1,32.7,21.7,960
9/25/2019 7:47,datasets/dataset_cropped/09_Metas/25/07/20190925074700_00160.jpg,datasets_flow/dataset_cropped/09_Metas/25/07/20190925074700_00160.jpg,datasets_cloudmask/dataset_cropped/09_Metas/25/07/20190925074700_00160.png,111.3,521.6,33.1,21.6,960
9/25/2019 7:48,datasets/dataset_cropped/09_Metas/25/07/20190925074800_00160.jpg,datasets_flow/dataset_cropped/09_Metas/25/07/20190925074800_00160.jpg,datasets_cloudmask/dataset_cropped/09_Metas/25/07/20190925074800_00160.png,114.3,526.1,33.7,21.6,960
9/25/2019 7:49,datasets/dataset_cropped/09_Metas/25/07/20190925074900_00160.jpg,datasets_flow/dataset_cropped/09_Metas/25/07/20190925074900_00160.jpg,datasets_cloudmask/dataset_cropped/09_Metas/25/07/20190925074900_00160.png,116.7,527,34.3,21.6,960
9/25/2019 7:50,datasets/dataset_cropped/09_Metas/25/07/20190925075000_00160.jpg,datasets_flow/dataset_cropped/09_Metas/25/07/20190925075000_00160.jpg,datasets_cloudmask/dataset_cropped/09_Metas/25/07/20190925075000_00160.png,119.6,531.1,34.8,21.7,960
9/25/2019 7:51,datasets/dataset_cropped/09_Metas/25/07/20190925075100_00160.jpg,datasets_flow/dataset_cropped/09_Metas/25/07/20190925075100_00160.jpg,datasets_cloudmask/dataset_cropped/09_Metas/25/07/20190925075100_00160.png,123.8,544.1,35.1,21.8,960
9/25/2019 7:52,datasets/dataset_cropped/09_Metas/25/07/20190925075200_00160.jpg,datasets_flow/dataset_cropped/09_Metas/25/07/20190925075200_00160.jpg,datasets_cloudmask/dataset_cropped/09_Metas/25/07/20190925075200_00160.png,127.4,552.5,35.4,21.8,960
9/25/2019 7:53,datasets/dataset_cropped/09_Metas/25/07/20190925075300_00160.jpg,datasets_flow/dataset_cropped/09_Metas/25/07/20190925075300_00160.jpg,datasets_cloudmask/dataset_cropped/09_Metas/25/07/20190925075300_00160.png,130.5,557.6,35.7,22,960
9/25/2019 7:54,datasets/dataset_cropped/09_Metas/25/07/20190925075400_00160.jpg,datasets_flow/dataset_cropped/09_Metas/25/07/20190925075400_00160.jpg,datasets_cloudmask/dataset_cropped/09_Metas/25/07/20190925075400_00160.png,133.8,562.8,36,22.1,960
9/25/2019 7:55,datasets/dataset_cropped/09_Metas/25/07/20190925075500_00160.jpg,datasets_flow/dataset_cropped/09_Metas/25/07/20190925075500_00160.jpg,datasets_cloudmask/dataset_cropped/09_Metas/25/07/20190925075500_00160.png,137.2,568.6,36.5,22.1,960
9/25/2019 7:56,datasets/dataset_cropped/09_Metas/25/07/20190925075600_00160.jpg,datasets_flow/dataset_cropped/09_Metas/25/07/20190925075600_00160.jpg,datasets_cloudmask/dataset_cropped/09_Metas/25/07/20190925075600_00160.png,140.4,573.8,36.9,22.1,960
9/25/2019 7:57,datasets/dataset_cropped/09_Metas/25/07/20190925075700_00160.jpg,datasets_flow/dataset_cropped/09_Metas/25/07/20190925075700_00160.jpg,datasets_cloudmask/dataset_cropped/09_Metas/25/07/20190925075700_00160.png,143.8,579.2,37.3,22.1,960
9/25/2019 7:58,datasets/dataset_cropped/09_Metas/25/07/20190925075800_00160.jpg,datasets_flow/dataset_cropped/09_Metas/25/07/20190925075800_00160.jpg,datasets_cloudmask/dataset_cropped/09_Metas/25/07/20190925075800_00160.png,147.1,584.6,37.6,22.1,960
9/25/2019 7:59,datasets/dataset_cropped/09_Metas/25/07/20190925075900_00160.jpg,datasets_flow/dataset_cropped/09_Metas/25/07/20190925075900_00160.jpg,datasets_cloudmask/dataset_cropped/09_Metas/25/07/20190925075900_00160.png,150.4,589.7,37.9,22.1,960
9/25/2019 8:00,datasets/dataset_cropped/09_Metas/25/08/20190925080000_00160.jpg,datasets_flow/dataset_cropped/09_Metas/25/08/20190925080000_00160.jpg,datasets_cloudmask/dataset_cropped/09_Metas/25/08/20190925080000_00160.png,153.6,594.2,38.2,22.1,960
9/25/2019 8:01,datasets/dataset_cropped/09_Metas/25/08/20190925080100_00160.jpg,datasets_flow/dataset_cropped/09_Metas/25/08/20190925080100_00160.jpg,datasets_cloudmask/dataset_cropped/09_Metas/25/08/20190925080100_00160.png,156.8,598.8,38.5,22.2,960
9/25/2019 8:02,datasets/dataset_cropped/09_Metas/25/08/20190925080200_00160.jpg,datasets_flow/dataset_cropped/09_Metas/25/08/20190925080200_00160.jpg,datasets_cloudmask/dataset_cropped/09_Metas/25/08/20190925080200_00160.png,160.2,603.4,38.8,22.2,960
9/25/2019 8:03,datasets/dataset_cropped/09_Metas/25/08/20190925080300_00160.jpg,datasets_flow/dataset_cropped/09_Metas/25/08/20190925080300_00160.jpg,datasets_cloudmask/dataset_cropped/09_Metas/25/08/20190925080300_00160.png,163.6,608.3,39.2,22.2,960
9/25/2019 8:04,datasets/dataset_cropped/09_Metas/25/08/20190925080400_00160.jpg,datasets_flow/dataset_cropped/09_Metas/25/08/20190925080400_00160.jpg,datasets_cloudmask/dataset_cropped/09_Metas/25/08/20190925080400_00160.png,167.2,614.1,39.5,22.3,960
9/25/2019 8:05,datasets/dataset_cropped/09_Metas/25/08/20190925080500_00160.jpg,datasets_flow/dataset_cropped/09_Metas/25/08/20190925080500_00160.jpg,datasets_cloudmask/dataset_cropped/09_Metas/25/08/20190925080500_00160.png,170.6,618.8,39.9,22.4,960
9/25/2019 8:06,datasets/dataset_cropped/09_Metas/25/08/20190925080600_00160.jpg,datasets_flow/dataset_cropped/09_Metas/25/08/20190925080600_00160.jpg,datasets_cloudmask/dataset_cropped/09_Metas/25/08/20190925080600_00160.png,174.1,623.6,40.2,22.3,960
9/25/2019 8:07,datasets/dataset_cropped/09_Metas/25/08/20190925080700_00160.jpg,datasets_flow/dataset_cropped/09_Metas/25/08/20190925080700_00160.jpg,datasets_cloudmask/dataset_cropped/09_Metas/25/08/20190925080700_00160.png,177.4,628,40.5,21.2,960
9/25/2019 8:08,datasets/dataset_cropped/09_Metas/25/08/20190925080800_00160.jpg,datasets_flow/dataset_cropped/09_Metas/25/08/20190925080800_00160.jpg,datasets_cloudmask/dataset_cropped/09_Metas/25/08/20190925080800_00160.png,180.4,632.2,40.1,20.5,960
9/25/2019 8:09,datasets/dataset_cropped/09_Metas/25/08/20190925080900_00160.jpg,datasets_flow/dataset_cropped/09_Metas/25/08/20190925080900_00160.jpg,datasets_cloudmask/dataset_cropped/09_Metas/25/08/20190925080900_00160.png,183.8,636.5,40.1,20.2,960
9/25/2019 8:10,datasets/dataset_cropped/09_Metas/25/08/20190925081000_00160.jpg,datasets_flow/dataset_cropped/09_Metas/25/08/20190925081000_00160.jpg,datasets_cloudmask/dataset_cropped/09_Metas/25/08/20190925081000_00160.png,187.2,639.9,40.3,20.2,960
9/25/2019 8:11,datasets/dataset_cropped/09_Metas/25/08/20190925081100_00160.jpg,datasets_flow/dataset_cropped/09_Metas/25/08/20190925081100_00160.jpg,datasets_cloudmask/dataset_cropped/09_Metas/25/08/20190925081100_00160.png,190.9,644,40.8,20.2,960
9/25/2019 8:12,datasets/dataset_cropped/09_Metas/25/08/20190925081200_00160.jpg,datasets_flow/dataset_cropped/09_Metas/25/08/20190925081200_00160.jpg,datasets_cloudmask/dataset_cropped/09_Metas/25/08/20190925081200_00160.png,194.5,648.3,41.3,20.2,960
9/25/2019 8:13,datasets/dataset_cropped/09_Metas/25/08/20190925081300_00160.jpg,datasets_flow/dataset_cropped/09_Metas/25/08/20190925081300_00160.jpg,datasets_cloudmask/dataset_cropped/09_Metas/25/08/20190925081300_00160.png,198.2,652.2,41.9,20.4,960
9/25/2019 8:14,datasets/dataset_cropped/09_Metas/25/08/20190925081400_00160.jpg,datasets_flow/dataset_cropped/09_Metas/25/08/20190925081400_00160.jpg,datasets_cloudmask/dataset_cropped/09_Metas/25/08/20190925081400_00160.png,201.9,656.7,42.5,20.4,960
9/25/2019 8:15,datasets/dataset_cropped/09_Metas/25/08/20190925081500_00160.jpg,datasets_flow/dataset_cropped/09_Metas/25/08/20190925081500_00160.jpg,datasets_cloudmask/dataset_cropped/09_Metas/25/08/20190925081500_00160.png,205.4,660.7,43,20.4,960
9/25/2019 8:16,datasets/dataset_cropped/09_Metas/25/08/20190925081600_00160.jpg,datasets_flow/dataset_cropped/09_Metas/25/08/20190925081600_00160.jpg,datasets_cloudmask/dataset_cropped/09_Metas/25/08/20190925081600_00160.png,209.1,665.4,43.5,20.5,960
9/25/2019 8:17,datasets/dataset_cropped/09_Metas/25/08/20190925081700_00160.jpg,datasets_flow/dataset_cropped/09_Metas/25/08/20190925081700_00160.jpg,datasets_cloudmask/dataset_cropped/09_Metas/25/08/20190925081700_00160.png,212.6,669.6,43.8,20.6,960
9/25/2019 8:18,datasets/dataset_cropped/09_Metas/25/08/20190925081800_00160.jpg,datasets_flow/dataset_cropped/09_Metas/25/08/20190925081800_00160.jpg,datasets_cloudmask/dataset_cropped/09_Metas/25/08/20190925081800_00160.png,216.5,674.9,44.3,20.7,960
9/25/2019 8:19,datasets/dataset_cropped/09_Metas/25/08/20190925081900_00160.jpg,datasets_flow/dataset_cropped/09_Metas/25/08/20190925081900_00160.jpg,datasets_cloudmask/dataset_cropped/09_Metas/25/08/20190925081900_00160.png,220.1,679.3,44.7,20.8,960
9/25/2019 8:20,datasets/dataset_cropped/09_Metas/25/08/20190925082000_00149.jpg,datasets_flow/dataset_cropped/09_Metas/25/08/20190925082000_00149.jpg,datasets_cloudmask/dataset_cropped/09_Metas/25/08/20190925082000_00149.png,223.7,683.8,45.1,21,960
9/25/2019 8:21,datasets/dataset_cropped/09_Metas/25/08/20190925082100_00160.jpg,datasets_flow/dataset_cropped/09_Metas/25/08/20190925082100_00160.jpg,datasets_cloudmask/dataset_cropped/09_Metas/25/08/20190925082100_00160.png,227.3,688.2,45.5,21.2,960
9/25/2019 8:22,datasets/dataset_cropped/09_Metas/25/08/20190925082200_00160.jpg,datasets_flow/dataset_cropped/09_Metas/25/08/20190925082200_00160.jpg,datasets_cloudmask/dataset_cropped/09_Metas/25/08/20190925082200_00160.png,230.5,690.9,45.9,21.3,960
9/25/2019 8:23,datasets/dataset_cropped/09_Metas/25/08/20190925082300_00160.jpg,datasets_flow/dataset_cropped/09_Metas/25/08/20190925082300_00160.jpg,datasets_cloudmask/dataset_cropped/09_Metas/25/08/20190925082300_00160.png,233.8,694.2,46.4,21.5,960
9/25/2019 8:24,datasets/dataset_cropped/09_Metas/25/08/20190925082400_00160.jpg,datasets_flow/dataset_cropped/09_Metas/25/08/20190925082400_00160.jpg,datasets_cloudmask/dataset_cropped/09_Metas/25/08/20190925082400_00160.png,237.2,697.6,46.6,21.7,960
9/25/2019 8:25,datasets/dataset_cropped/09_Metas/25/08/20190925082500_00160.jpg,datasets_flow/dataset_cropped/09_Metas/25/08/20190925082500_00160.jpg,datasets_cloudmask/dataset_cropped/09_Metas/25/08/20190925082500_00160.png,240.5,700.8,46.8,21.7,960
9/25/2019 8:26,datasets/dataset_cropped/09_Metas/25/08/20190925082600_00160.jpg,datasets_flow/dataset_cropped/09_Metas/25/08/20190925082600_00160.jpg,datasets_cloudmask/dataset_cropped/09_Metas/25/08/20190925082600_00160.png,243.8,703.4,47.2,21.8,960
9/25/2019 8:27,datasets/dataset_cropped/09_Metas/25/08/20190925082700_00160.jpg,datasets_flow/dataset_cropped/09_Metas/25/08/20190925082700_00160.jpg,datasets_cloudmask/dataset_cropped/09_Metas/25/08/20190925082700_00160.png,247.4,706.9,47.5,21.9,960
9/25/2019 8:28,datasets/dataset_cropped/09_Metas/25/08/20190925082800_00160.jpg,datasets_flow/dataset_cropped/09_Metas/25/08/20190925082800_00160.jpg,datasets_cloudmask/dataset_cropped/09_Metas/25/08/20190925082800_00160.png,250.9,710.4,47.8,22,960
9/25/2019 8:29,datasets/dataset_cropped/09_Metas/25/08/20190925082900_00160.jpg,datasets_flow/dataset_cropped/09_Metas/25/08/20190925082900_00160.jpg,datasets_cloudmask/dataset_cropped/09_Metas/25/08/20190925082900_00160.png,254.5,714.3,48,22.1,960
9/25/2019 8:30,datasets/dataset_cropped/09_Metas/25/08/20190925083000_00160.jpg,datasets_flow/dataset_cropped/09_Metas/25/08/20190925083000_00160.jpg,datasets_cloudmask/dataset_cropped/09_Metas/25/08/20190925083000_00160.png,257.8,717,48.3,22.2,960
9/25/2019 8:31,datasets/dataset_cropped/09_Metas/25/08/20190925083100_00160.jpg,datasets_flow/dataset_cropped/09_Metas/25/08/20190925083100_00160.jpg,datasets_cloudmask/dataset_cropped/09_Metas/25/08/20190925083100_00160.png,261.3,719.9,48.6,22.3,960
9/25/2019 8:32,datasets/dataset_cropped/09_Metas/25/08/20190925083200_00160.jpg,datasets_flow/dataset_cropped/09_Metas/25/08/20190925083200_00160.jpg,datasets_cloudmask/dataset_cropped/09_Metas/25/08/20190925083200_00160.png,264.8,723,48.9,22.3,960
9/25/2019 8:33,datasets/dataset_cropped/09_Metas/25/08/20190925083300_00160.jpg,datasets_flow/dataset_cropped/09_Metas/25/08/20190925083300_00160.jpg,datasets_cloudmask/dataset_cropped/09_Metas/25/08/20190925083300_00160.png,268.1,725.2,49.4,22.4,960
9/25/2019 8:34,datasets/dataset_cropped/09_Metas/25/08/20190925083400_00160.jpg,datasets_flow/dataset_cropped/09_Metas/25/08/20190925083400_00160.jpg,datasets_cloudmask/dataset_cropped/09_Metas/25/08/20190925083400_00160.png,271.7,728.9,49.6,22.6,960
9/25/2019 8:35,datasets/dataset_cropped/09_Metas/25/08/20190925083500_00160.jpg,datasets_flow/dataset_cropped/09_Metas/25/08/20190925083500_00160.jpg,datasets_cloudmask/dataset_cropped/09_Metas/25/08/20190925083500_00160.png,275,731.8,49.6,22.7,960
9/25/2019 8:36,datasets/dataset_cropped/09_Metas/25/08/20190925083600_00160.jpg,datasets_flow/dataset_cropped/09_Metas/25/08/20190925083600_00160.jpg,datasets_cloudmask/dataset_cropped/09_Metas/25/08/20190925083600_00160.png,278.6,734.7,49.9,22.8,960
9/25/2019 8:37,datasets/dataset_cropped/09_Metas/25/08/20190925083700_00160.jpg,datasets_flow/dataset_cropped/09_Metas/25/08/20190925083700_00160.jpg,datasets_cloudmask/dataset_cropped/09_Metas/25/08/20190925083700_00160.png,282,737.7,50.1,22.9,960
9/25/2019 8:38,datasets/dataset_cropped/09_Metas/25/08/20190925083800_00160.jpg,datasets_flow/dataset_cropped/09_Metas/25/08/20190925083800_00160.jpg,datasets_cloudmask/dataset_cropped/09_Metas/25/08/20190925083800_00160.png,285.5,741,50.5,23.1,960
9/25/2019 8:39,datasets/dataset_cropped/09_Metas/25/08/20190925083900_00160.jpg,datasets_flow/dataset_cropped/09_Metas/25/08/20190925083900_00160.jpg,datasets_cloudmask/dataset_cropped/09_Metas/25/08/20190925083900_00160.png,289.1,743.8,50.6,23.2,960
9/25/2019 8:40,datasets/dataset_cropped/09_Metas/25/08/20190925084000_00160.jpg,datasets_flow/dataset_cropped/09_Metas/25/08/20190925084000_00160.jpg,datasets_cloudmask/dataset_cropped/09_Metas/25/08/20190925084000_00160.png,292.8,746.8,51,23.4,960
9/25/2019 8:41,datasets/dataset_cropped/09_Metas/25/08/20190925084100_00160.jpg,datasets_flow/dataset_cropped/09_Metas/25/08/20190925084100_00160.jpg,datasets_cloudmask/dataset_cropped/09_Metas/25/08/20190925084100_00160.png,296.2,749.4,51.1,23.5,960
9/25/2019 8:42,datasets/dataset_cropped/09_Metas/25/08/20190925084200_00160.jpg,datasets_flow/dataset_cropped/09_Metas/25/08/20190925084200_00160.jpg,datasets_cloudmask/dataset_cropped/09_Metas/25/08/20190925084200_00160.png,299.5,751.6,51.4,23.5,960
9/25/2019 8:43,datasets/dataset_cropped/09_Metas/25/08/20190925084300_00160.jpg,datasets_flow/dataset_cropped/09_Metas/25/08/20190925084300_00160.jpg,datasets_cloudmask/dataset_cropped/09_Metas/25/08/20190925084300_00160.png,303,753.8,51.8,23.5,960
9/25/2019 8:44,datasets/dataset_cropped/09_Metas/25/08/20190925084400_00160.jpg,datasets_flow/dataset_cropped/09_Metas/25/08/20190925084400_00160.jpg,datasets_cloudmask/dataset_cropped/09_Metas/25/08/20190925084400_00160.png,306.2,756.2,52,23.6,960
9/25/2019 8:45,datasets/dataset_cropped/09_Metas/25/08/20190925084500_00160.jpg,datasets_flow/dataset_cropped/09_Metas/25/08/20190925084500_00160.jpg,datasets_cloudmask/dataset_cropped/09_Metas/25/08/20190925084500_00160.png,309.5,758.7,52.3,23.7,960
9/25/2019 8:46,datasets/dataset_cropped/09_Metas/25/08/20190925084600_00160.jpg,datasets_flow/dataset_cropped/09_Metas/25/08/20190925084600_00160.jpg,datasets_cloudmask/dataset_cropped/09_Metas/25/08/20190925084600_00160.png,312.9,760.8,52.4,23.8,960
9/25/2019 8:47,datasets/dataset_cropped/09_Metas/25/08/20190925084700_00160.jpg,datasets_flow/dataset_cropped/09_Metas/25/08/20190925084700_00160.jpg,datasets_cloudmask/dataset_cropped/09_Metas/25/08/20190925084700_00160.png,316.3,763.1,52.5,24,960
9/25/2019 8:48,datasets/dataset_cropped/09_Metas/25/08/20190925084800_00160.jpg,datasets_flow/dataset_cropped/09_Metas/25/08/20190925084800_00160.jpg,datasets_cloudmask/dataset_cropped/09_Metas/25/08/20190925084800_00160.png,320.1,766.6,52.9,24.1,960
9/25/2019 8:49,datasets/dataset_cropped/09_Metas/25/08/20190925084900_00160.jpg,datasets_flow/dataset_cropped/09_Metas/25/08/20190925084900_00160.jpg,datasets_cloudmask/dataset_cropped/09_Metas/25/08/20190925084900_00160.png,323.5,768.9,53.1,24.1,960
9/25/2019 8:50,datasets/dataset_cropped/09_Metas/25/08/20190925085000_00160.jpg,datasets_flow/dataset_cropped/09_Metas/25/08/20190925085000_00160.jpg,datasets_cloudmask/dataset_cropped/09_Metas/25/08/20190925085000_00160.png,327,771.5,53.2,24.2,960
9/25/2019 8:51,datasets/dataset_cropped/09_Metas/25/08/20190925085100_00160.jpg,datasets_flow/dataset_cropped/09_Metas/25/08/20190925085100_00160.jpg,datasets_cloudmask/dataset_cropped/09_Metas/25/08/20190925085100_00160.png,330.5,773.8,53.4,24.4,960
9/25/2019 8:52,datasets/dataset_cropped/09_Metas/25/08/20190925085200_00160.jpg,datasets_flow/dataset_cropped/09_Metas/25/08/20190925085200_00160.jpg,datasets_cloudmask/dataset_cropped/09_Metas/25/08/20190925085200_00160.png,333.9,776.2,53.6,24.6,960
9/25/2019 8:53,datasets/dataset_cropped/09_Metas/25/08/20190925085300_00160.jpg,datasets_flow/dataset_cropped/09_Metas/25/08/20190925085300_00160.jpg,datasets_cloudmask/dataset_cropped/09_Metas/25/08/20190925085300_00160.png,337.2,778.2,53.9,24.8,960
9/25/2019 8:54,datasets/dataset_cropped/09_Metas/25/08/20190925085400_00160.jpg,datasets_flow/dataset_cropped/09_Metas/25/08/20190925085400_00160.jpg,datasets_cloudmask/dataset_cropped/09_Metas/25/08/20190925085400_00160.png,340.3,779.9,54.1,25.1,960
9/25/2019 8:55,datasets/dataset_cropped/09_Metas/25/08/20190925085500_00160.jpg,datasets_flow/dataset_cropped/09_Metas/25/08/20190925085500_00160.jpg,datasets_cloudmask/dataset_cropped/09_Metas/25/08/20190925085500_00160.png,344,782.8,54.4,25.3,960
9/25/2019 8:56,datasets/dataset_cropped/09_Metas/25/08/20190925085600_00160.jpg,datasets_flow/dataset_cropped/09_Metas/25/08/20190925085600_00160.jpg,datasets_cloudmask/dataset_cropped/09_Metas/25/08/20190925085600_00160.png,347.5,785.5,54.5,25.5,960
9/25/2019 8:57,datasets/dataset_cropped/09_Metas/25/08/20190925085700_00160.jpg,datasets_flow/dataset_cropped/09_Metas/25/08/20190925085700_00160.jpg,datasets_cloudmask/dataset_cropped/09_Metas/25/08/20190925085700_00160.png,350.8,787.6,54.6,25.4,960
9/25/2019 8:58,datasets/dataset_cropped/09_Metas/25/08/20190925085800_00160.jpg,datasets_flow/dataset_cropped/09_Metas/25/08/20190925085800_00160.jpg,datasets_cloudmask/dataset_cropped/09_Metas/25/08/20190925085800_00160.png,354.2,789.7,54.7,25.5,960
9/25/2019 8:59,datasets/dataset_cropped/09_Metas/25/08/20190925085900_00160.jpg,datasets_flow/dataset_cropped/09_Metas/25/08/20190925085900_00160.jpg,datasets_cloudmask/dataset_cropped/09_Metas/25/08/20190925085900_00160.png,357.5,791.3,55,25.7,960
9/25/2019 9:00,datasets/dataset_cropped/09_Metas/25/09/20190925090000_00160.jpg,datasets_flow/dataset_cropped/09_Metas/25/09/20190925090000_00160.jpg,datasets_cloudmask/dataset_cropped/09_Metas/25/09/20190925090000_00160.png,360.9,793,55.2,25.8,960
9/25/2019 9:01,datasets/dataset_cropped/09_Metas/25/09/20190925090100_00160.jpg,datasets_flow/dataset_cropped/09_Metas/25/09/20190925090100_00160.jpg,datasets_cloudmask/dataset_cropped/09_Metas/25/09/20190925090100_00160.png,364.1,794.7,55.3,25.8,960
9/25/2019 9:02,datasets/dataset_cropped/09_Metas/25/09/20190925090200_00160.jpg,datasets_flow/dataset_cropped/09_Metas/25/09/20190925090200_00160.jpg,datasets_cloudmask/dataset_cropped/09_Metas/25/09/20190925090200_00160.png,367.4,796.3,55.6,26,960
9/25/2019 9:03,datasets/dataset_cropped/09_Metas/25/09/20190925090300_00160.jpg,datasets_flow/dataset_cropped/09_Metas/25/09/20190925090300_00160.jpg,datasets_cloudmask/dataset_cropped/09_Metas/25/09/20190925090300_00160.png,370.8,798.4,55.8,26,960
9/25/2019 9:04,datasets/dataset_cropped/09_Metas/25/09/20190925090400_00160.jpg,datasets_flow/dataset_cropped/09_Metas/25/09/20190925090400_00160.jpg,datasets_cloudmask/dataset_cropped/09_Metas/25/09/20190925090400_00160.png,374.1,800,56.2,25.9,960
9/25/2019 9:05,datasets/dataset_cropped/09_Metas/25/09/20190925090500_00160.jpg,datasets_flow/dataset_cropped/09_Metas/25/09/20190925090500_00160.jpg,datasets_cloudmask/dataset_cropped/09_Metas/25/09/20190925090500_00160.png,377.4,802,56.4,25.9,960
9/25/2019 9:06,datasets/dataset_cropped/09_Metas/25/09/20190925090600_00160.jpg,datasets_flow/dataset_cropped/09_Metas/25/09/20190925090600_00160.jpg,datasets_cloudmask/dataset_cropped/09_Metas/25/09/20190925090600_00160.png,380.8,804,56.7,25.9,960
9/25/2019 9:07,datasets/dataset_cropped/09_Metas/25/09/20190925090700_00160.jpg,datasets_flow/dataset_cropped/09_Metas/25/09/20190925090700_00160.jpg,datasets_cloudmask/dataset_cropped/09_Metas/25/09/20190925090700_00160.png,384.1,805,56.8,26.1,960
9/25/2019 9:08,datasets/dataset_cropped/09_Metas/25/09/20190925090800_00160.jpg,datasets_flow/dataset_cropped/09_Metas/25/09/20190925090800_00160.jpg,datasets_cloudmask/dataset_cropped/09_Metas/25/09/20190925090800_00160.png,387.4,807,57,26.2,960
9/25/2019 9:09,datasets/dataset_cropped/09_Metas/25/09/20190925090900_00160.jpg,datasets_flow/dataset_cropped/09_Metas/25/09/20190925090900_00160.jpg,datasets_cloudmask/dataset_cropped/09_Metas/25/09/20190925090900_00160.png,390.5,809,57.1,26.4,961
9/25/2019 9:10,datasets/dataset_cropped/09_Metas/25/09/20190925091000_00160.jpg,datasets_flow/dataset_cropped/09_Metas/25/09/20190925091000_00160.jpg,datasets_cloudmask/dataset_cropped/09_Metas/25/09/20190925091000_00160.png,393.7,810,57.3,26.5,960
9/25/2019 9:11,datasets/dataset_cropped/09_Metas/25/09/20190925091100_00160.jpg,datasets_flow/dataset_cropped/09_Metas/25/09/20190925091100_00160.jpg,datasets_cloudmask/dataset_cropped/09_Metas/25/09/20190925091100_00160.png,396.7,812,57.3,26.9,960
9/25/2019 9:12,datasets/dataset_cropped/09_Metas/25/09/20190925091200_00160.jpg,datasets_flow/dataset_cropped/09_Metas/25/09/20190925091200_00160.jpg,datasets_cloudmask/dataset_cropped/09_Metas/25/09/20190925091200_00160.png,400.3,814,57.4,27.1,960
9/25/2019 9:13,datasets/dataset_cropped/09_Metas/25/09/20190925091300_00160.jpg,datasets_flow/dataset_cropped/09_Metas/25/09/20190925091300_00160.jpg,datasets_cloudmask/dataset_cropped/09_Metas/25/09/20190925091300_00160.png,403.8,816,57.6,27.1,960
9/25/2019 9:14,datasets/dataset_cropped/09_Metas/25/09/20190925091400_00160.jpg,datasets_flow/dataset_cropped/09_Metas/25/09/20190925091400_00160.jpg,datasets_cloudmask/dataset_cropped/09_Metas/25/09/20190925091400_00160.png,407.3,818,57.8,27,960
9/25/2019 9:15,datasets/dataset_cropped/09_Metas/25/09/20190925091500_00160.jpg,datasets_flow/dataset_cropped/09_Metas/25/09/20190925091500_00160.jpg,datasets_cloudmask/dataset_cropped/09_Metas/25/09/20190925091500_00160.png,410.4,819,58.1,26.8,960
9/25/2019 9:16,datasets/dataset_cropped/09_Metas/25/09/20190925091600_00160.jpg,datasets_flow/dataset_cropped/09_Metas/25/09/20190925091600_00160.jpg,datasets_cloudmask/dataset_cropped/09_Metas/25/09/20190925091600_00160.png,413.6,821,58,26.8,960
9/25/2019 9:17,datasets/dataset_cropped/09_Metas/25/09/20190925091700_00160.jpg,datasets_flow/dataset_cropped/09_Metas/25/09/20190925091700_00160.jpg,datasets_cloudmask/dataset_cropped/09_Metas/25/09/20190925091700_00160.png,417,823,57.9,26.8,960
9/25/2019 9:18,datasets/dataset_cropped/09_Metas/25/09/20190925091800_00160.jpg,datasets_flow/dataset_cropped/09_Metas/25/09/20190925091800_00160.jpg,datasets_cloudmask/dataset_cropped/09_Metas/25/09/20190925091800_00160.png,420.4,825,57.9,26.7,960
9/25/2019 9:19,datasets/dataset_cropped/09_Metas/25/09/20190925091900_00160.jpg,datasets_flow/dataset_cropped/09_Metas/25/09/20190925091900_00160.jpg,datasets_cloudmask/dataset_cropped/09_Metas/25/09/20190925091900_00160.png,423.9,827,58.1,26.5,960
9/25/2019 9:20,datasets/dataset_cropped/09_Metas/25/09/20190925092000_00160.jpg,datasets_flow/dataset_cropped/09_Metas/25/09/20190925092000_00160.jpg,datasets_cloudmask/dataset_cropped/09_Metas/25/09/20190925092000_00160.png,427.1,828,58.2,26.5,961
9/25/2019 9:21,datasets/dataset_cropped/09_Metas/25/09/20190925092100_00160.jpg,datasets_flow/dataset_cropped/09_Metas/25/09/20190925092100_00160.jpg,datasets_cloudmask/dataset_cropped/09_Metas/25/09/20190925092100_00160.png,430.3,829,58.4,26.6,960
9/25/2019 9:22,datasets/dataset_cropped/09_Metas/25/09/20190925092200_00160.jpg,datasets_flow/dataset_cropped/09_Metas/25/09/20190925092200_00160.jpg,datasets_cloudmask/dataset_cropped/09_Metas/25/09/20190925092200_00160.png,433.8,831,58.8,26.4,960
9/25/2019 9:23,datasets/dataset_cropped/09_Metas/25/09/20190925092300_00160.jpg,datasets_flow/dataset_cropped/09_Metas/25/09/20190925092300_00160.jpg,datasets_cloudmask/dataset_cropped/09_Metas/25/09/20190925092300_00160.png,437.2,833,59,26.2,960
9/25/2019 9:24,datasets/dataset_cropped/09_Metas/25/09/20190925092400_00160.jpg,datasets_flow/dataset_cropped/09_Metas/25/09/20190925092400_00160.jpg,datasets_cloudmask/dataset_cropped/09_Metas/25/09/20190925092400_00160.png,440.2,834,59,26.1,960
9/25/2019 9:25,datasets/dataset_cropped/09_Metas/25/09/20190925092500_00160.jpg,datasets_flow/dataset_cropped/09_Metas/25/09/20190925092500_00160.jpg,datasets_cloudmask/dataset_cropped/09_Metas/25/09/20190925092500_00160.png,443.4,835,59.2,26.2,960
9/25/2019 9:26,datasets/dataset_cropped/09_Metas/25/09/20190925092600_00160.jpg,datasets_flow/dataset_cropped/09_Metas/25/09/20190925092600_00160.jpg,datasets_cloudmask/dataset_cropped/09_Metas/25/09/20190925092600_00160.png,446.9,838,59.3,26.3,960
9/25/2019 9:27,datasets/dataset_cropped/09_Metas/25/09/20190925092700_00160.jpg,datasets_flow/dataset_cropped/09_Metas/25/09/20190925092700_00160.jpg,datasets_cloudmask/dataset_cropped/09_Metas/25/09/20190925092700_00160.png,450.3,840,59.5,26.3,961
9/25/2019 9:28,datasets/dataset_cropped/09_Metas/25/09/20190925092800_00160.jpg,datasets_flow/dataset_cropped/09_Metas/25/09/20190925092800_00160.jpg,datasets_cloudmask/dataset_cropped/09_Metas/25/09/20190925092800_00160.png,453.7,841,60,26.3,960
9/25/2019 9:29,datasets/dataset_cropped/09_Metas/25/09/20190925092900_00160.jpg,datasets_flow/dataset_cropped/09_Metas/25/09/20190925092900_00160.jpg,datasets_cloudmask/dataset_cropped/09_Metas/25/09/20190925092900_00160.png,456.9,843,60,26.5,961
9/25/2019 9:30,datasets/dataset_cropped/09_Metas/25/09/20190925093000_00160.jpg,datasets_flow/dataset_cropped/09_Metas/25/09/20190925093000_00160.jpg,datasets_cloudmask/dataset_cropped/09_Metas/25/09/20190925093000_00160.png,460.1,844,60.2,26.5,961
9/25/2019 9:31,datasets/dataset_cropped/09_Metas/25/09/20190925093100_00160.jpg,datasets_flow/dataset_cropped/09_Metas/25/09/20190925093100_00160.jpg,datasets_cloudmask/dataset_cropped/09_Metas/25/09/20190925093100_00160.png,463.3,846,60.5,26.5,961
9/25/2019 9:32,datasets/dataset_cropped/09_Metas/25/09/20190925093200_00160.jpg,datasets_flow/dataset_cropped/09_Metas/25/09/20190925093200_00160.jpg,datasets_cloudmask/dataset_cropped/09_Metas/25/09/20190925093200_00160.png,466.3,848,60.4,26.6,961
9/25/2019 9:33,datasets/dataset_cropped/09_Metas/25/09/20190925093300_00160.jpg,datasets_flow/dataset_cropped/09_Metas/25/09/20190925093300_00160.jpg,datasets_cloudmask/dataset_cropped/09_Metas/25/09/20190925093300_00160.png,469.9,850,60.7,26.8,961
9/25/2019 9:34,datasets/dataset_cropped/09_Metas/25/09/20190925093400_00160.jpg,datasets_flow/dataset_cropped/09_Metas/25/09/20190925093400_00160.jpg,datasets_cloudmask/dataset_cropped/09_Metas/25/09/20190925093400_00160.png,473.1,851,60.9,26.9,961
9/25/2019 9:35,datasets/dataset_cropped/09_Metas/25/09/20190925093500_00160.jpg,datasets_flow/dataset_cropped/09_Metas/25/09/20190925093500_00160.jpg,datasets_cloudmask/dataset_cropped/09_Metas/25/09/20190925093500_00160.png,476.1,853,61,27,961
9/25/2019 9:36,datasets/dataset_cropped/09_Metas/25/09/20190925093600_00160.jpg,datasets_flow/dataset_cropped/09_Metas/25/09/20190925093600_00160.jpg,datasets_cloudmask/dataset_cropped/09_Metas/25/09/20190925093600_00160.png,478.9,853,61.1,27.1,961
9/25/2019 9:37,datasets/dataset_cropped/09_Metas/25/09/20190925093700_00160.jpg,datasets_flow/dataset_cropped/09_Metas/25/09/20190925093700_00160.jpg,datasets_cloudmask/dataset_cropped/09_Metas/25/09/20190925093700_00160.png,481.9,854,61.2,27.3,961
9/25/2019 9:38,datasets/dataset_cropped/09_Metas/25/09/20190925093800_00160.jpg,datasets_flow/dataset_cropped/09_Metas/25/09/20190925093800_00160.jpg,datasets_cloudmask/dataset_cropped/09_Metas/25/09/20190925093800_00160.png,484.3,853,61.5,27.3,961
9/25/2019 9:39,datasets/dataset_cropped/09_Metas/25/09/20190925093900_00160.jpg,datasets_flow/dataset_cropped/09_Metas/25/09/20190925093900_00160.jpg,datasets_cloudmask/dataset_cropped/09_Metas/25/09/20190925093900_00160.png,486.9,854,61.8,27.2,961
9/25/2019 9:40,datasets/dataset_cropped/09_Metas/25/09/20190925094000_00160.jpg,datasets_flow/dataset_cropped/09_Metas/25/09/20190925094000_00160.jpg,datasets_cloudmask/dataset_cropped/09_Metas/25/09/20190925094000_00160.png,490.1,855,61.8,27.1,961
9/25/2019 9:41,datasets/dataset_cropped/09_Metas/25/09/20190925094100_00160.jpg,datasets_flow/dataset_cropped/09_Metas/25/09/20190925094100_00160.jpg,datasets_cloudmask/dataset_cropped/09_Metas/25/09/20190925094100_00160.png,493.4,857,62.1,26.9,961
9/25/2019 9:42,datasets/dataset_cropped/09_Metas/25/09/20190925094200_00160.jpg,datasets_flow/dataset_cropped/09_Metas/25/09/20190925094200_00160.jpg,datasets_cloudmask/dataset_cropped/09_Metas/25/09/20190925094200_00160.png,496.7,858,62.3,26.9,961
9/25/2019 9:43,datasets/dataset_cropped/09_Metas/25/09/20190925094300_00160.jpg,datasets_flow/dataset_cropped/09_Metas/25/09/20190925094300_00160.jpg,datasets_cloudmask/dataset_cropped/09_Metas/25/09/20190925094300_00160.png,499.9,859,62.5,26.9,961
9/25/2019 9:44,datasets/dataset_cropped/09_Metas/25/09/20190925094400_00160.jpg,datasets_flow/dataset_cropped/09_Metas/25/09/20190925094400_00160.jpg,datasets_cloudmask/dataset_cropped/09_Metas/25/09/20190925094400_00160.png,502.7,860,62.6,27,961
9/25/2019 9:45,datasets/dataset_cropped/09_Metas/25/09/20190925094500_00160.jpg,datasets_flow/dataset_cropped/09_Metas/25/09/20190925094500_00160.jpg,datasets_cloudmask/dataset_cropped/09_Metas/25/09/20190925094500_00160.png,505.9,862,62.9,27,961
9/25/2019 9:46,datasets/dataset_cropped/09_Metas/25/09/20190925094600_00160.jpg,datasets_flow/dataset_cropped/09_Metas/25/09/20190925094600_00160.jpg,datasets_cloudmask/dataset_cropped/09_Metas/25/09/20190925094600_00160.png,508.8,863,62.9,26.9,961
9/25/2019 9:47,datasets/dataset_cropped/09_Metas/25/09/20190925094700_00160.jpg,datasets_flow/dataset_cropped/09_Metas/25/09/20190925094700_00160.jpg,datasets_cloudmask/dataset_cropped/09_Metas/25/09/20190925094700_00160.png,511.7,863,63,27,961
9/25/2019 9:48,datasets/dataset_cropped/09_Metas/25/09/20190925094800_00160.jpg,datasets_flow/dataset_cropped/09_Metas/25/09/20190925094800_00160.jpg,datasets_cloudmask/dataset_cropped/09_Metas/25/09/20190925094800_00160.png,514.7,865,63.4,26.9,961
9/25/2019 9:49,datasets/dataset_cropped/09_Metas/25/09/20190925094900_00160.jpg,datasets_flow/dataset_cropped/09_Metas/25/09/20190925094900_00160.jpg,datasets_cloudmask/dataset_cropped/09_Metas/25/09/20190925094900_00160.png,517.6,866,63.6,27,961
9/25/2019 9:50,datasets/dataset_cropped/09_Metas/25/09/20190925095000_00160.jpg,datasets_flow/dataset_cropped/09_Metas/25/09/20190925095000_00160.jpg,datasets_cloudmask/dataset_cropped/09_Metas/25/09/20190925095000_00160.png,520.6,867,63.6,26.9,961
9/25/2019 9:51,datasets/dataset_cropped/09_Metas/25/09/20190925095100_00160.jpg,datasets_flow/dataset_cropped/09_Metas/25/09/20190925095100_00160.jpg,datasets_cloudmask/dataset_cropped/09_Metas/25/09/20190925095100_00160.png,523.8,869,63.7,27,961
9/25/2019 9:52,datasets/dataset_cropped/09_Metas/25/09/20190925095200_00160.jpg,datasets_flow/dataset_cropped/09_Metas/25/09/20190925095200_00160.jpg,datasets_cloudmask/dataset_cropped/09_Metas/25/09/20190925095200_00160.png,526.7,870,63.7,27,961
9/25/2019 9:53,datasets/dataset_cropped/09_Metas/25/09/20190925095300_00160.jpg,datasets_flow/dataset_cropped/09_Metas/25/09/20190925095300_00160.jpg,datasets_cloudmask/dataset_cropped/09_Metas/25/09/20190925095300_00160.png,529.8,871,63.9,27,961
9/25/2019 9:54,datasets/dataset_cropped/09_Metas/25/09/20190925095400_00160.jpg,datasets_flow/dataset_cropped/09_Metas/25/09/20190925095400_00160.jpg,datasets_cloudmask/dataset_cropped/09_Metas/25/09/20190925095400_00160.png,532.8,873,64,27,961
9/25/2019 9:55,datasets/dataset_cropped/09_Metas/25/09/20190925095500_00160.jpg,datasets_flow/dataset_cropped/09_Metas/25/09/20190925095500_00160.jpg,datasets_cloudmask/dataset_cropped/09_Metas/25/09/20190925095500_00160.png,535.9,874,64.3,27.1,961
9/25/2019 9:56,datasets/dataset_cropped/09_Metas/25/09/20190925095600_00160.jpg,datasets_flow/dataset_cropped/09_Metas/25/09/20190925095600_00160.jpg,datasets_cloudmask/dataset_cropped/09_Metas/25/09/20190925095600_00160.png,538.4,874,64.3,27.1,961
9/25/2019 9:57,datasets/dataset_cropped/09_Metas/25/09/20190925095700_00160.jpg,datasets_flow/dataset_cropped/09_Metas/25/09/20190925095700_00160.jpg,datasets_cloudmask/dataset_cropped/09_Metas/25/09/20190925095700_00160.png,541.1,875,64.4,27.2,961
9/25/2019 9:58,datasets/dataset_cropped/09_Metas/25/09/20190925095800_00160.jpg,datasets_flow/dataset_cropped/09_Metas/25/09/20190925095800_00160.jpg,datasets_cloudmask/dataset_cropped/09_Metas/25/09/20190925095800_00160.png,543.7,875,64.7,27.3,961
9/25/2019 9:59,datasets/dataset_cropped/09_Metas/25/09/20190925095900_00160.jpg,datasets_flow/dataset_cropped/09_Metas/25/09/20190925095900_00160.jpg,datasets_cloudmask/dataset_cropped/09_Metas/25/09/20190925095900_00160.png,546.5,877,64.8,27.6,961
9/25/2019 10:00,datasets/dataset_cropped/09_Metas/25/10/20190925100000_00160.jpg,datasets_flow/dataset_cropped/09_Metas/25/10/20190925100000_00160.jpg,datasets_cloudmask/dataset_cropped/09_Metas/25/10/20190925100000_00160.png,549.5,878,64.8,27.7,961
9/25/2019 10:01,datasets/dataset_cropped/09_Metas/25/10/20190925100100_00160.jpg,datasets_flow/dataset_cropped/09_Metas/25/10/20190925100100_00160.jpg,datasets_cloudmask/dataset_cropped/09_Metas/25/10/20190925100100_00160.png,552.8,880,65.1,27.5,961
9/25/2019 10:02,datasets/dataset_cropped/09_Metas/25/10/20190925100200_00160.jpg,datasets_flow/dataset_cropped/09_Metas/25/10/20190925100200_00160.jpg,datasets_cloudmask/dataset_cropped/09_Metas/25/10/20190925100200_00160.png,555.4,880,65.5,27.5,961
9/25/2019 10:03,datasets/dataset_cropped/09_Metas/25/10/20190925100300_00160.jpg,datasets_flow/dataset_cropped/09_Metas/25/10/20190925100300_00160.jpg,datasets_cloudmask/dataset_cropped/09_Metas/25/10/20190925100300_00160.png,557.7,880,65.3,27.6,961
9/25/2019 10:04,datasets/dataset_cropped/09_Metas/25/10/20190925100400_00160.jpg,datasets_flow/dataset_cropped/09_Metas/25/10/20190925100400_00160.jpg,datasets_cloudmask/dataset_cropped/09_Metas/25/10/20190925100400_00160.png,560.7,881,65.5,27.8,961
9/25/2019 10:05,datasets/dataset_cropped/09_Metas/25/10/20190925100500_00160.jpg,datasets_flow/dataset_cropped/09_Metas/25/10/20190925100500_00160.jpg,datasets_cloudmask/dataset_cropped/09_Metas/25/10/20190925100500_00160.png,563.1,882,65.7,27.7,961
9/25/2019 10:06,datasets/dataset_cropped/09_Metas/25/10/20190925100600_00160.jpg,datasets_flow/dataset_cropped/09_Metas/25/10/20190925100600_00160.jpg,datasets_cloudmask/dataset_cropped/09_Metas/25/10/20190925100600_00160.png,565.9,882,65.9,27.7,961
9/25/2019 10:07,datasets/dataset_cropped/09_Metas/25/10/20190925100700_00160.jpg,datasets_flow/dataset_cropped/09_Metas/25/10/20190925100700_00160.jpg,datasets_cloudmask/dataset_cropped/09_Metas/25/10/20190925100700_00160.png,568.7,883,66.3,27.8,961
9/25/2019 10:08,datasets/dataset_cropped/09_Metas/25/10/20190925100800_00160.jpg,datasets_flow/dataset_cropped/09_Metas/25/10/20190925100800_00160.jpg,datasets_cloudmask/dataset_cropped/09_Metas/25/10/20190925100800_00160.png,571.8,886,66.1,27.6,961
9/25/2019 10:09,datasets/dataset_cropped/09_Metas/25/10/20190925100900_00160.jpg,datasets_flow/dataset_cropped/09_Metas/25/10/20190925100900_00160.jpg,datasets_cloudmask/dataset_cropped/09_Metas/25/10/20190925100900_00160.png,575,887,66.2,27.6,961
9/25/2019 10:10,datasets/dataset_cropped/09_Metas/25/10/20190925101000_00160.jpg,datasets_flow/dataset_cropped/09_Metas/25/10/20190925101000_00160.jpg,datasets_cloudmask/dataset_cropped/09_Metas/25/10/20190925101000_00160.png,577.2,887,66.3,27.7,961
9/25/2019 10:11,datasets/dataset_cropped/09_Metas/25/10/20190925101100_00160.jpg,datasets_flow/dataset_cropped/09_Metas/25/10/20190925101100_00160.jpg,datasets_cloudmask/dataset_cropped/09_Metas/25/10/20190925101100_00160.png,579.9,888,66.3,27.8,961
9/25/2019 10:12,datasets/dataset_cropped/09_Metas/25/10/20190925101200_00160.jpg,datasets_flow/dataset_cropped/09_Metas/25/10/20190925101200_00160.jpg,datasets_cloudmask/dataset_cropped/09_Metas/25/10/20190925101200_00160.png,582.8,889,66.5,27.9,961
9/25/2019 10:13,datasets/dataset_cropped/09_Metas/25/10/20190925101300_00160.jpg,datasets_flow/dataset_cropped/09_Metas/25/10/20190925101300_00160.jpg,datasets_cloudmask/dataset_cropped/09_Metas/25/10/20190925101300_00160.png,585.2,889,66.6,27.9,961
9/25/2019 10:14,datasets/dataset_cropped/09_Metas/25/10/20190925101400_00160.jpg,datasets_flow/dataset_cropped/09_Metas/25/10/20190925101400_00160.jpg,datasets_cloudmask/dataset_cropped/09_Metas/25/10/20190925101400_00160.png,587.7,889,66.8,27.9,961
9/25/2019 10:15,datasets/dataset_cropped/09_Metas/25/10/20190925101500_00160.jpg,datasets_flow/dataset_cropped/09_Metas/25/10/20190925101500_00160.jpg,datasets_cloudmask/dataset_cropped/09_Metas/25/10/20190925101500_00160.png,590.5,890,66.9,28,961
9/25/2019 10:16,datasets/dataset_cropped/09_Metas/25/10/20190925101600_00160.jpg,datasets_flow/dataset_cropped/09_Metas/25/10/20190925101600_00160.jpg,datasets_cloudmask/dataset_cropped/09_Metas/25/10/20190925101600_00160.png,593,891,67.1,28,961
9/25/2019 10:17,datasets/dataset_cropped/09_Metas/25/10/20190925101700_00160.jpg,datasets_flow/dataset_cropped/09_Metas/25/10/20190925101700_00160.jpg,datasets_cloudmask/dataset_cropped/09_Metas/25/10/20190925101700_00160.png,596,892,67.3,28.1,961
9/25/2019 10:18,datasets/dataset_cropped/09_Metas/25/10/20190925101800_00160.jpg,datasets_flow/dataset_cropped/09_Metas/25/10/20190925101800_00160.jpg,datasets_cloudmask/dataset_cropped/09_Metas/25/10/20190925101800_00160.png,598.3,893,67.3,28.2,961
9/25/2019 10:19,datasets/dataset_cropped/09_Metas/25/10/20190925101900_00160.jpg,datasets_flow/dataset_cropped/09_Metas/25/10/20190925101900_00160.jpg,datasets_cloudmask/dataset_cropped/09_Metas/25/10/20190925101900_00160.png,601.7,895,67.2,28.1,961
9/25/2019 10:20,datasets/dataset_cropped/09_Metas/25/10/20190925102000_00160.jpg,datasets_flow/dataset_cropped/09_Metas/25/10/20190925102000_00160.jpg,datasets_cloudmask/dataset_cropped/09_Metas/25/10/20190925102000_00160.png,604.5,896,67.2,28,961
9/25/2019 10:21,datasets/dataset_cropped/09_Metas/25/10/20190925102100_00160.jpg,datasets_flow/dataset_cropped/09_Metas/25/10/20190925102100_00160.jpg,datasets_cloudmask/dataset_cropped/09_Metas/25/10/20190925102100_00160.png,606.8,897,67.2,27.9,961
9/25/2019 10:22,datasets/dataset_cropped/09_Metas/25/10/20190925102200_00160.jpg,datasets_flow/dataset_cropped/09_Metas/25/10/20190925102200_00160.jpg,datasets_cloudmask/dataset_cropped/09_Metas/25/10/20190925102200_00160.png,609.5,897,67.2,27.8,961
9/25/2019 10:23,datasets/dataset_cropped/09_Metas/25/10/20190925102300_00160.jpg,datasets_flow/dataset_cropped/09_Metas/25/10/20190925102300_00160.jpg,datasets_cloudmask/dataset_cropped/09_Metas/25/10/20190925102300_00160.png,612,897,67.4,28,961
9/25/2019 10:24,datasets/dataset_cropped/09_Metas/25/10/20190925102400_00160.jpg,datasets_flow/dataset_cropped/09_Metas/25/10/20190925102400_00160.jpg,datasets_cloudmask/dataset_cropped/09_Metas/25/10/20190925102400_00160.png,614.2,897,67.7,28,961
9/25/2019 10:25,datasets/dataset_cropped/09_Metas/25/10/20190925102500_00160.jpg,datasets_flow/dataset_cropped/09_Metas/25/10/20190925102500_00160.jpg,datasets_cloudmask/dataset_cropped/09_Metas/25/10/20190925102500_00160.png,616.8,898,67.9,28.1,961
9/25/2019 10:26,datasets/dataset_cropped/09_Metas/25/10/20190925102600_00160.jpg,datasets_flow/dataset_cropped/09_Metas/25/10/20190925102600_00160.jpg,datasets_cloudmask/dataset_cropped/09_Metas/25/10/20190925102600_00160.png,618.7,898,68.2,28.3,961
9/25/2019 10:27,datasets/dataset_cropped/09_Metas/25/10/20190925102700_00160.jpg,datasets_flow/dataset_cropped/09_Metas/25/10/20190925102700_00160.jpg,datasets_cloudmask/dataset_cropped/09_Metas/25/10/20190925102700_00160.png,621.7,899,68.3,28.3,961
9/25/2019 10:28,datasets/dataset_cropped/09_Metas/25/10/20190925102800_00160.jpg,datasets_flow/dataset_cropped/09_Metas/25/10/20190925102800_00160.jpg,datasets_cloudmask/dataset_cropped/09_Metas/25/10/20190925102800_00160.png,624,900,68.3,28.3,961
9/25/2019 10:29,datasets/dataset_cropped/09_Metas/25/10/20190925102900_00160.jpg,datasets_flow/dataset_cropped/09_Metas/25/10/20190925102900_00160.jpg,datasets_cloudmask/dataset_cropped/09_Metas/25/10/20190925102900_00160.png,627.3,901,68.7,28.2,961
9/25/2019 10:30,datasets/dataset_cropped/09_Metas/25/10/20190925103000_00160.jpg,datasets_flow/dataset_cropped/09_Metas/25/10/20190925103000_00160.jpg,datasets_cloudmask/dataset_cropped/09_Metas/25/10/20190925103000_00160.png,630,903,68.6,28.2,961
9/25/2019 10:31,datasets/dataset_cropped/09_Metas/25/10/20190925103100_00160.jpg,datasets_flow/dataset_cropped/09_Metas/25/10/20190925103100_00160.jpg,datasets_cloudmask/dataset_cropped/09_Metas/25/10/20190925103100_00160.png,632.3,903,68.8,28.2,961
9/25/2019 10:32,datasets/dataset_cropped/09_Metas/25/10/20190925103200_00160.jpg,datasets_flow/dataset_cropped/09_Metas/25/10/20190925103200_00160.jpg,datasets_cloudmask/dataset_cropped/09_Metas/25/10/20190925103200_00160.png,634.2,902,69,28.4,961
9/25/2019 10:33,datasets/dataset_cropped/09_Metas/25/10/20190925103300_00160.jpg,datasets_flow/dataset_cropped/09_Metas/25/10/20190925103300_00160.jpg,datasets_cloudmask/dataset_cropped/09_Metas/25/10/20190925103300_00160.png,637,903,69.2,28.4,961
9/25/2019 10:34,datasets/dataset_cropped/09_Metas/25/10/20190925103400_00160.jpg,datasets_flow/dataset_cropped/09_Metas/25/10/20190925103400_00160.jpg,datasets_cloudmask/dataset_cropped/09_Metas/25/10/20190925103400_00160.png,639.5,904,69.4,28.4,961
9/25/2019 10:35,datasets/dataset_cropped/09_Metas/25/10/20190925103500_00160.jpg,datasets_flow/dataset_cropped/09_Metas/25/10/20190925103500_00160.jpg,datasets_cloudmask/dataset_cropped/09_Metas/25/10/20190925103500_00160.png,641.2,903,70,28.6,961
9/25/2019 10:36,datasets/dataset_cropped/09_Metas/25/10/20190925103600_00160.jpg,datasets_flow/dataset_cropped/09_Metas/25/10/20190925103600_00160.jpg,datasets_cloudmask/dataset_cropped/09_Metas/25/10/20190925103600_00160.png,643.8,904,70.6,28.5,961
9/25/2019 10:37,datasets/dataset_cropped/09_Metas/25/10/20190925103700_00160.jpg,datasets_flow/dataset_cropped/09_Metas/25/10/20190925103700_00160.jpg,datasets_cloudmask/dataset_cropped/09_Metas/25/10/20190925103700_00160.png,646.2,905,70.7,28.4,961
9/25/2019 10:38,datasets/dataset_cropped/09_Metas/25/10/20190925103800_00160.jpg,datasets_flow/dataset_cropped/09_Metas/25/10/20190925103800_00160.jpg,datasets_cloudmask/dataset_cropped/09_Metas/25/10/20190925103800_00160.png,648.2,906,70.3,28.5,961
9/25/2019 10:39,datasets/dataset_cropped/09_Metas/25/10/20190925103900_00160.jpg,datasets_flow/dataset_cropped/09_Metas/25/10/20190925103900_00160.jpg,datasets_cloudmask/dataset_cropped/09_Metas/25/10/20190925103900_00160.png,651.3,908,70.1,28.6,961
9/25/2019 10:40,datasets/dataset_cropped/09_Metas/25/10/20190925104000_00160.jpg,datasets_flow/dataset_cropped/09_Metas/25/10/20190925104000_00160.jpg,datasets_cloudmask/dataset_cropped/09_Metas/25/10/20190925104000_00160.png,654.5,910,69.8,28.7,961
9/25/2019 10:41,datasets/dataset_cropped/09_Metas/25/10/20190925104100_00160.jpg,datasets_flow/dataset_cropped/09_Metas/25/10/20190925104100_00160.jpg,datasets_cloudmask/dataset_cropped/09_Metas/25/10/20190925104100_00160.png,656.1,910,69.7,28.8,961
9/25/2019 10:42,datasets/dataset_cropped/09_Metas/25/10/20190925104200_00160.jpg,datasets_flow/dataset_cropped/09_Metas/25/10/20190925104200_00160.jpg,datasets_cloudmask/dataset_cropped/09_Metas/25/10/20190925104200_00160.png,658.1,910,69.8,28.9,961
9/25/2019 10:43,datasets/dataset_cropped/09_Metas/25/10/20190925104300_00160.jpg,datasets_flow/dataset_cropped/09_Metas/25/10/20190925104300_00160.jpg,datasets_cloudmask/dataset_cropped/09_Metas/25/10/20190925104300_00160.png,660.6,912,69.7,28.6,961
9/25/2019 10:44,datasets/dataset_cropped/09_Metas/25/10/20190925104400_00160.jpg,datasets_flow/dataset_cropped/09_Metas/25/10/20190925104400_00160.jpg,datasets_cloudmask/dataset_cropped/09_Metas/25/10/20190925104400_00160.png,663,912,69.5,28.5,961
9/25/2019 10:45,datasets/dataset_cropped/09_Metas/25/10/20190925104500_00160.jpg,datasets_flow/dataset_cropped/09_Metas/25/10/20190925104500_00160.jpg,datasets_cloudmask/dataset_cropped/09_Metas/25/10/20190925104500_00160.png,665.7,914,69.7,28.5,961
9/25/2019 10:46,datasets/dataset_cropped/09_Metas/25/10/20190925104600_00160.jpg,datasets_flow/dataset_cropped/09_Metas/25/10/20190925104600_00160.jpg,datasets_cloudmask/dataset_cropped/09_Metas/25/10/20190925104600_00160.png,668.5,915,69.6,28.7,961
9/25/2019 10:47,datasets/dataset_cropped/09_Metas/25/10/20190925104700_00160.jpg,datasets_flow/dataset_cropped/09_Metas/25/10/20190925104700_00160.jpg,datasets_cloudmask/dataset_cropped/09_Metas/25/10/20190925104700_00160.png,670.7,915,69.7,28.6,961
9/25/2019 10:48,datasets/dataset_cropped/09_Metas/25/10/20190925104800_00160.jpg,datasets_flow/dataset_cropped/09_Metas/25/10/20190925104800_00160.jpg,datasets_cloudmask/dataset_cropped/09_Metas/25/10/20190925104800_00160.png,672.8,916,69.9,28.6,961
9/25/2019 10:49,datasets/dataset_cropped/09_Metas/25/10/20190925104900_00160.jpg,datasets_flow/dataset_cropped/09_Metas/25/10/20190925104900_00160.jpg,datasets_cloudmask/dataset_cropped/09_Metas/25/10/20190925104900_00160.png,672.7,912,70.1,28.6,961
9/25/2019 10:50,datasets/dataset_cropped/09_Metas/25/10/20190925105000_00160.jpg,datasets_flow/dataset_cropped/09_Metas/25/10/20190925105000_00160.jpg,datasets_cloudmask/dataset_cropped/09_Metas/25/10/20190925105000_00160.png,674.1,911,70.5,28.7,961
9/25/2019 10:51,datasets/dataset_cropped/09_Metas/25/10/20190925105100_00160.jpg,datasets_flow/dataset_cropped/09_Metas/25/10/20190925105100_00160.jpg,datasets_cloudmask/dataset_cropped/09_Metas/25/10/20190925105100_00160.png,677.1,912,70.9,28.7,961
9/25/2019 10:52,datasets/dataset_cropped/09_Metas/25/10/20190925105200_00160.jpg,datasets_flow/dataset_cropped/09_Metas/25/10/20190925105200_00160.jpg,datasets_cloudmask/dataset_cropped/09_Metas/25/10/20190925105200_00160.png,680,913,71.3,28.6,961
9/25/2019 10:53,datasets/dataset_cropped/09_Metas/25/10/20190925105300_00160.jpg,datasets_flow/dataset_cropped/09_Metas/25/10/20190925105300_00160.jpg,datasets_cloudmask/dataset_cropped/09_Metas/25/10/20190925105300_00160.png,682.7,914,71.5,28.6,961
9/25/2019 10:54,datasets/dataset_cropped/09_Metas/25/10/20190925105400_00160.jpg,datasets_flow/dataset_cropped/09_Metas/25/10/20190925105400_00160.jpg,datasets_cloudmask/dataset_cropped/09_Metas/25/10/20190925105400_00160.png,683.8,913,71.5,28.8,961
9/25/2019 10:55,datasets/dataset_cropped/09_Metas/25/10/20190925105500_00160.jpg,datasets_flow/dataset_cropped/09_Metas/25/10/20190925105500_00160.jpg,datasets_cloudmask/dataset_cropped/09_Metas/25/10/20190925105500_00160.png,686.3,915,71.8,28.8,961
9/25/2019 10:56,datasets/dataset_cropped/09_Metas/25/10/20190925105600_00160.jpg,datasets_flow/dataset_cropped/09_Metas/25/10/20190925105600_00160.jpg,datasets_cloudmask/dataset_cropped/09_Metas/25/10/20190925105600_00160.png,689.4,918,71.6,28.9,961
9/25/2019 10:57,datasets/dataset_cropped/09_Metas/25/10/20190925105700_00160.jpg,datasets_flow/dataset_cropped/09_Metas/25/10/20190925105700_00160.jpg,datasets_cloudmask/dataset_cropped/09_Metas/25/10/20190925105700_00160.png,691.9,919,71.4,28.8,961
9/25/2019 10:58,datasets/dataset_cropped/09_Metas/25/10/20190925105800_00160.jpg,datasets_flow/dataset_cropped/09_Metas/25/10/20190925105800_00160.jpg,datasets_cloudmask/dataset_cropped/09_Metas/25/10/20190925105800_00160.png,693.3,919,71.3,28.8,961
9/25/2019 10:59,datasets/dataset_cropped/09_Metas/25/10/20190925105900_00160.jpg,datasets_flow/dataset_cropped/09_Metas/25/10/20190925105900_00160.jpg,datasets_cloudmask/dataset_cropped/09_Metas/25/10/20190925105900_00160.png,695,918,71.3,28.9,961
9/25/2019 11:00,datasets/dataset_cropped/09_Metas/25/11/20190925110000_00160.jpg,datasets_flow/dataset_cropped/09_Metas/25/11/20190925110000_00160.jpg,datasets_cloudmask/dataset_cropped/09_Metas/25/11/20190925110000_00160.png,696.9,919,71.6,28.9,961
9/25/2019 11:01,datasets/dataset_cropped/09_Metas/25/11/20190925110100_00160.jpg,datasets_flow/dataset_cropped/09_Metas/25/11/20190925110100_00160.jpg,datasets_cloudmask/dataset_cropped/09_Metas/25/11/20190925110100_00160.png,699.1,919,71.8,29,961
9/25/2019 11:02,datasets/dataset_cropped/09_Metas/25/11/20190925110200_00160.jpg,datasets_flow/dataset_cropped/09_Metas/25/11/20190925110200_00160.jpg,datasets_cloudmask/dataset_cropped/09_Metas/25/11/20190925110200_00160.png,700.9,920,71.6,29.1,961
9/25/2019 11:03,datasets/dataset_cropped/09_Metas/25/11/20190925110300_00160.jpg,datasets_flow/dataset_cropped/09_Metas/25/11/20190925110300_00160.jpg,datasets_cloudmask/dataset_cropped/09_Metas/25/11/20190925110300_00160.png,702.4,919,71.5,29.1,961
9/25/2019 11:04,datasets/dataset_cropped/09_Metas/25/11/20190925110400_00160.jpg,datasets_flow/dataset_cropped/09_Metas/25/11/20190925110400_00160.jpg,datasets_cloudmask/dataset_cropped/09_Metas/25/11/20190925110400_00160.png,704.6,920,72.1,29,961
9/25/2019 11:05,datasets/dataset_cropped/09_Metas/25/11/20190925110500_00160.jpg,datasets_flow/dataset_cropped/09_Metas/25/11/20190925110500_00160.jpg,datasets_cloudmask/dataset_cropped/09_Metas/25/11/20190925110500_00160.png,706.8,920,72.5,28.9,961
9/25/2019 11:06,datasets/dataset_cropped/09_Metas/25/11/20190925110600_00160.jpg,datasets_flow/dataset_cropped/09_Metas/25/11/20190925110600_00160.jpg,datasets_cloudmask/dataset_cropped/09_Metas/25/11/20190925110600_00160.png,709,921,72.3,29.1,961
9/25/2019 11:07,datasets/dataset_cropped/09_Metas/25/11/20190925110700_00160.jpg,datasets_flow/dataset_cropped/09_Metas/25/11/20190925110700_00160.jpg,datasets_cloudmask/dataset_cropped/09_Metas/25/11/20190925110700_00160.png,711.4,922,72.2,29.2,961
9/25/2019 11:08,datasets/dataset_cropped/09_Metas/25/11/20190925110800_00160.jpg,datasets_flow/dataset_cropped/09_Metas/25/11/20190925110800_00160.jpg,datasets_cloudmask/dataset_cropped/09_Metas/25/11/20190925110800_00160.png,712.9,922,72.3,29.5,961
9/25/2019 11:09,datasets/dataset_cropped/09_Metas/25/11/20190925110900_00160.jpg,datasets_flow/dataset_cropped/09_Metas/25/11/20190925110900_00160.jpg,datasets_cloudmask/dataset_cropped/09_Metas/25/11/20190925110900_00160.png,714.9,922,72.7,29.5,961
9/25/2019 11:10,datasets/dataset_cropped/09_Metas/25/11/20190925111000_00160.jpg,datasets_flow/dataset_cropped/09_Metas/25/11/20190925111000_00160.jpg,datasets_cloudmask/dataset_cropped/09_Metas/25/11/20190925111000_00160.png,717,923,73.2,29.6,961
9/25/2019 11:11,datasets/dataset_cropped/09_Metas/25/11/20190925111100_00160.jpg,datasets_flow/dataset_cropped/09_Metas/25/11/20190925111100_00160.jpg,datasets_cloudmask/dataset_cropped/09_Metas/25/11/20190925111100_00160.png,719.2,924,73.4,29.5,961
9/25/2019 11:12,datasets/dataset_cropped/09_Metas/25/11/20190925111200_00160.jpg,datasets_flow/dataset_cropped/09_Metas/25/11/20190925111200_00160.jpg,datasets_cloudmask/dataset_cropped/09_Metas/25/11/20190925111200_00160.png,720.9,924,73.7,29.2,961
9/25/2019 11:13,datasets/dataset_cropped/09_Metas/25/11/20190925111300_00160.jpg,datasets_flow/dataset_cropped/09_Metas/25/11/20190925111300_00160.jpg,datasets_cloudmask/dataset_cropped/09_Metas/25/11/20190925111300_00160.png,722.4,924,73.4,29.1,961
9/25/2019 11:14,datasets/dataset_cropped/09_Metas/25/11/20190925111400_00160.jpg,datasets_flow/dataset_cropped/09_Metas/25/11/20190925111400_00160.jpg,datasets_cloudmask/dataset_cropped/09_Metas/25/11/20190925111400_00160.png,724.9,925,73.3,29.1,961
9/25/2019 11:15,datasets/dataset_cropped/09_Metas/25/11/20190925111500_00160.jpg,datasets_flow/dataset_cropped/09_Metas/25/11/20190925111500_00160.jpg,datasets_cloudmask/dataset_cropped/09_Metas/25/11/20190925111500_00160.png,727,926,73.5,29.1,961
9/25/2019 11:16,datasets/dataset_cropped/09_Metas/25/11/20190925111600_00160.jpg,datasets_flow/dataset_cropped/09_Metas/25/11/20190925111600_00160.jpg,datasets_cloudmask/dataset_cropped/09_Metas/25/11/20190925111600_00160.png,728.8,926,73.8,29.2,961
9/25/2019 11:17,datasets/dataset_cropped/09_Metas/25/11/20190925111700_00160.jpg,datasets_flow/dataset_cropped/09_Metas/25/11/20190925111700_00160.jpg,datasets_cloudmask/dataset_cropped/09_Metas/25/11/20190925111700_00160.png,730.3,927,73.7,29.2,961
9/25/2019 11:18,datasets/dataset_cropped/09_Metas/25/11/20190925111800_00160.jpg,datasets_flow/dataset_cropped/09_Metas/25/11/20190925111800_00160.jpg,datasets_cloudmask/dataset_cropped/09_Metas/25/11/20190925111800_00160.png,732.2,927,73.7,29.2,961
9/25/2019 11:19,datasets/dataset_cropped/09_Metas/25/11/20190925111900_00160.jpg,datasets_flow/dataset_cropped/09_Metas/25/11/20190925111900_00160.jpg,datasets_cloudmask/dataset_cropped/09_Metas/25/11/20190925111900_00160.png,733.8,928,73.6,29.1,961
9/25/2019 11:20,datasets/dataset_cropped/09_Metas/25/11/20190925112000_00160.jpg,datasets_flow/dataset_cropped/09_Metas/25/11/20190925112000_00160.jpg,datasets_cloudmask/dataset_cropped/09_Metas/25/11/20190925112000_00160.png,735.7,928,73.3,29.2,961
9/25/2019 11:21,datasets/dataset_cropped/09_Metas/25/11/20190925112100_00160.jpg,datasets_flow/dataset_cropped/09_Metas/25/11/20190925112100_00160.jpg,datasets_cloudmask/dataset_cropped/09_Metas/25/11/20190925112100_00160.png,738.1,929,73.6,29.3,961
9/25/2019 11:22,datasets/dataset_cropped/09_Metas/25/11/20190925112200_00160.jpg,datasets_flow/dataset_cropped/09_Metas/25/11/20190925112200_00160.jpg,datasets_cloudmask/dataset_cropped/09_Metas/25/11/20190925112200_00160.png,739.2,929,74.1,29.2,961
9/25/2019 11:23,datasets/dataset_cropped/09_Metas/25/11/20190925112300_00160.jpg,datasets_flow/dataset_cropped/09_Metas/25/11/20190925112300_00160.jpg,datasets_cloudmask/dataset_cropped/09_Metas/25/11/20190925112300_00160.png,740.1,928,73.9,29.2,961
9/25/2019 11:24,datasets/dataset_cropped/09_Metas/25/11/20190925112400_00160.jpg,datasets_flow/dataset_cropped/09_Metas/25/11/20190925112400_00160.jpg,datasets_cloudmask/dataset_cropped/09_Metas/25/11/20190925112400_00160.png,741,926,73.9,29.2,960
9/25/2019 11:25,datasets/dataset_cropped/09_Metas/25/11/20190925112500_00160.jpg,datasets_flow/dataset_cropped/09_Metas/25/11/20190925112500_00160.jpg,datasets_cloudmask/dataset_cropped/09_Metas/25/11/20190925112500_00160.png,742.5,927,74.1,29.2,960
9/25/2019 11:26,datasets/dataset_cropped/09_Metas/25/11/20190925112600_00160.jpg,datasets_flow/dataset_cropped/09_Metas/25/11/20190925112600_00160.jpg,datasets_cloudmask/dataset_cropped/09_Metas/25/11/20190925112600_00160.png,744.2,927,74.5,29.3,960
9/25/2019 11:27,datasets/dataset_cropped/09_Metas/25/11/20190925112700_00160.jpg,datasets_flow/dataset_cropped/09_Metas/25/11/20190925112700_00160.jpg,datasets_cloudmask/dataset_cropped/09_Metas/25/11/20190925112700_00160.png,745.5,927,74.8,29.5,960
9/25/2019 11:28,datasets/dataset_cropped/09_Metas/25/11/20190925112800_00160.jpg,datasets_flow/dataset_cropped/09_Metas/25/11/20190925112800_00160.jpg,datasets_cloudmask/dataset_cropped/09_Metas/25/11/20190925112800_00160.png,747.2,927,75.2,29.5,960
9/25/2019 11:29,datasets/dataset_cropped/09_Metas/25/11/20190925112900_00160.jpg,datasets_flow/dataset_cropped/09_Metas/25/11/20190925112900_00160.jpg,datasets_cloudmask/dataset_cropped/09_Metas/25/11/20190925112900_00160.png,748,927,75.3,29.4,961
9/25/2019 11:30,datasets/dataset_cropped/09_Metas/25/11/20190925113000_00160.jpg,datasets_flow/dataset_cropped/09_Metas/25/11/20190925113000_00160.jpg,datasets_cloudmask/dataset_cropped/09_Metas/25/11/20190925113000_00160.png,749.6,927,75.3,29.5,960
9/25/2019 11:31,datasets/dataset_cropped/09_Metas/25/11/20190925113100_00160.jpg,datasets_flow/dataset_cropped/09_Metas/25/11/20190925113100_00160.jpg,datasets_cloudmask/dataset_cropped/09_Metas/25/11/20190925113100_00160.png,751.1,927,75.4,29.6,961
9/25/2019 11:32,datasets/dataset_cropped/09_Metas/25/11/20190925113200_00160.jpg,datasets_flow/dataset_cropped/09_Metas/25/11/20190925113200_00160.jpg,datasets_cloudmask/dataset_cropped/09_Metas/25/11/20190925113200_00160.png,752.4,927,75.6,29.8,960
9/25/2019 11:33,datasets/dataset_cropped/09_Metas/25/11/20190925113300_00160.jpg,datasets_flow/dataset_cropped/09_Metas/25/11/20190925113300_00160.jpg,datasets_cloudmask/dataset_cropped/09_Metas/25/11/20190925113300_00160.png,754.8,929,76,29.8,960
9/25/2019 11:34,datasets/dataset_cropped/09_Metas/25/11/20190925113400_00160.jpg,datasets_flow/dataset_cropped/09_Metas/25/11/20190925113400_00160.jpg,datasets_cloudmask/dataset_cropped/09_Metas/25/11/20190925113400_00160.png,756.2,929,75.6,29.8,960
9/25/2019 11:35,datasets/dataset_cropped/09_Metas/25/11/20190925113500_00160.jpg,datasets_flow/dataset_cropped/09_Metas/25/11/20190925113500_00160.jpg,datasets_cloudmask/dataset_cropped/09_Metas/25/11/20190925113500_00160.png,757.3,929,75.1,29.7,960
9/25/2019 11:36,datasets/dataset_cropped/09_Metas/25/11/20190925113600_00160.jpg,datasets_flow/dataset_cropped/09_Metas/25/11/20190925113600_00160.jpg,datasets_cloudmask/dataset_cropped/09_Metas/25/11/20190925113600_00160.png,758.9,929,75,29.7,960
9/25/2019 11:37,datasets/dataset_cropped/09_Metas/25/11/20190925113700_00160.jpg,datasets_flow/dataset_cropped/09_Metas/25/11/20190925113700_00160.jpg,datasets_cloudmask/dataset_cropped/09_Metas/25/11/20190925113700_00160.png,760.6,930,75.2,29.7,960
9/25/2019 11:38,datasets/dataset_cropped/09_Metas/25/11/20190925113800_00160.jpg,datasets_flow/dataset_cropped/09_Metas/25/11/20190925113800_00160.jpg,datasets_cloudmask/dataset_cropped/09_Metas/25/11/20190925113800_00160.png,762.2,930,75.1,29.8,960
9/25/2019 11:39,datasets/dataset_cropped/09_Metas/25/11/20190925113900_00160.jpg,datasets_flow/dataset_cropped/09_Metas/25/11/20190925113900_00160.jpg,datasets_cloudmask/dataset_cropped/09_Metas/25/11/20190925113900_00160.png,764.5,932,75.4,29.6,960
9/25/2019 11:40,datasets/dataset_cropped/09_Metas/25/11/20190925114000_00160.jpg,datasets_flow/dataset_cropped/09_Metas/25/11/20190925114000_00160.jpg,datasets_cloudmask/dataset_cropped/09_Metas/25/11/20190925114000_00160.png,765.7,931,75.4,29.5,960
9/25/2019 11:41,datasets/dataset_cropped/09_Metas/25/11/20190925114100_00160.jpg,datasets_flow/dataset_cropped/09_Metas/25/11/20190925114100_00160.jpg,datasets_cloudmask/dataset_cropped/09_Metas/25/11/20190925114100_00160.png,766.9,932,75.4,29.4,960
9/25/2019 11:42,datasets/dataset_cropped/09_Metas/25/11/20190925114200_00160.jpg,datasets_flow/dataset_cropped/09_Metas/25/11/20190925114200_00160.jpg,datasets_cloudmask/dataset_cropped/09_Metas/25/11/20190925114200_00160.png,768.7,933,75.7,29.4,960
9/25/2019 11:43,datasets/dataset_cropped/09_Metas/25/11/20190925114300_00160.jpg,datasets_flow/dataset_cropped/09_Metas/25/11/20190925114300_00160.jpg,datasets_cloudmask/dataset_cropped/09_Metas/25/11/20190925114300_00160.png,770.5,934,75.5,29.5,960
9/25/2019 11:44,datasets/dataset_cropped/09_Metas/25/11/20190925114400_00160.jpg,datasets_flow/dataset_cropped/09_Metas/25/11/20190925114400_00160.jpg,datasets_cloudmask/dataset_cropped/09_Metas/25/11/20190925114400_00160.png,772.1,934,75.9,29.4,960
9/25/2019 11:45,datasets/dataset_cropped/09_Metas/25/11/20190925114500_00160.jpg,datasets_flow/dataset_cropped/09_Metas/25/11/20190925114500_00160.jpg,datasets_cloudmask/dataset_cropped/09_Metas/25/11/20190925114500_00160.png,773.1,934,75.6,29.4,960
9/25/2019 11:46,datasets/dataset_cropped/09_Metas/25/11/20190925114600_00160.jpg,datasets_flow/dataset_cropped/09_Metas/25/11/20190925114600_00160.jpg,datasets_cloudmask/dataset_cropped/09_Metas/25/11/20190925114600_00160.png,774.4,934,76.4,29.3,960
9/25/2019 11:47,datasets/dataset_cropped/09_Metas/25/11/20190925114700_00160.jpg,datasets_flow/dataset_cropped/09_Metas/25/11/20190925114700_00160.jpg,datasets_cloudmask/dataset_cropped/09_Metas/25/11/20190925114700_00160.png,776.2,935,76.1,29.4,960
9/25/2019 11:48,datasets/dataset_cropped/09_Metas/25/11/20190925114800_00160.jpg,datasets_flow/dataset_cropped/09_Metas/25/11/20190925114800_00160.jpg,datasets_cloudmask/dataset_cropped/09_Metas/25/11/20190925114800_00160.png,777,935,76,29.7,960
9/25/2019 11:49,datasets/dataset_cropped/09_Metas/25/11/20190925114900_00160.jpg,datasets_flow/dataset_cropped/09_Metas/25/11/20190925114900_00160.jpg,datasets_cloudmask/dataset_cropped/09_Metas/25/11/20190925114900_00160.png,778.7,935,76.4,29.7,960
9/25/2019 11:50,datasets/dataset_cropped/09_Metas/25/11/20190925115000_00160.jpg,datasets_flow/dataset_cropped/09_Metas/25/11/20190925115000_00160.jpg,datasets_cloudmask/dataset_cropped/09_Metas/25/11/20190925115000_00160.png,779.9,936,76.4,29.7,960
9/25/2019 11:51,datasets/dataset_cropped/09_Metas/25/11/20190925115100_00160.jpg,datasets_flow/dataset_cropped/09_Metas/25/11/20190925115100_00160.jpg,datasets_cloudmask/dataset_cropped/09_Metas/25/11/20190925115100_00160.png,781.4,936,76.2,29.6,960
9/25/2019 11:52,datasets/dataset_cropped/09_Metas/25/11/20190925115200_00160.jpg,datasets_flow/dataset_cropped/09_Metas/25/11/20190925115200_00160.jpg,datasets_cloudmask/dataset_cropped/09_Metas/25/11/20190925115200_00160.png,782.6,936,76.5,29.6,960
9/25/2019 11:53,datasets/dataset_cropped/09_Metas/25/11/20190925115300_00160.jpg,datasets_flow/dataset_cropped/09_Metas/25/11/20190925115300_00160.jpg,datasets_cloudmask/dataset_cropped/09_Metas/25/11/20190925115300_00160.png,783.6,937,76.7,29.6,960
9/25/2019 11:54,datasets/dataset_cropped/09_Metas/25/11/20190925115400_00160.jpg,datasets_flow/dataset_cropped/09_Metas/25/11/20190925115400_00160.jpg,datasets_cloudmask/dataset_cropped/09_Metas/25/11/20190925115400_00160.png,784.4,936,76.3,29.6,960
9/25/2019 11:55,datasets/dataset_cropped/09_Metas/25/11/20190925115500_00160.jpg,datasets_flow/dataset_cropped/09_Metas/25/11/20190925115500_00160.jpg,datasets_cloudmask/dataset_cropped/09_Metas/25/11/20190925115500_00160.png,785.1,936,76.3,29.8,960
9/25/2019 11:56,datasets/dataset_cropped/09_Metas/25/11/20190925115600_00160.jpg,datasets_flow/dataset_cropped/09_Metas/25/11/20190925115600_00160.jpg,datasets_cloudmask/dataset_cropped/09_Metas/25/11/20190925115600_00160.png,786.4,936,76.4,29.9,960
9/25/2019 11:57,datasets/dataset_cropped/09_Metas/25/11/20190925115700_00160.jpg,datasets_flow/dataset_cropped/09_Metas/25/11/20190925115700_00160.jpg,datasets_cloudmask/dataset_cropped/09_Metas/25/11/20190925115700_00160.png,787.6,937,76.8,29.8,960
9/25/2019 11:58,datasets/dataset_cropped/09_Metas/25/11/20190925115800_00160.jpg,datasets_flow/dataset_cropped/09_Metas/25/11/20190925115800_00160.jpg,datasets_cloudmask/dataset_cropped/09_Metas/25/11/20190925115800_00160.png,788.5,937,76.7,29.9,960
9/25/2019 11:59,datasets/dataset_cropped/09_Metas/25/11/20190925115900_00160.jpg,datasets_flow/dataset_cropped/09_Metas/25/11/20190925115900_00160.jpg,datasets_cloudmask/dataset_cropped/09_Metas/25/11/20190925115900_00160.png,789.4,938,77,29.7,960
9/25/2019 12:00,datasets/dataset_cropped/09_Metas/25/12/20190925120000_00160.jpg,datasets_flow/dataset_cropped/09_Metas/25/12/20190925120000_00160.jpg,datasets_cloudmask/dataset_cropped/09_Metas/25/12/20190925120000_00160.png,791,939,77,29.7,960
9/25/2019 12:01,datasets/dataset_cropped/09_Metas/25/12/20190925120100_00160.jpg,datasets_flow/dataset_cropped/09_Metas/25/12/20190925120100_00160.jpg,datasets_cloudmask/dataset_cropped/09_Metas/25/12/20190925120100_00160.png,791.5,938,76.4,29.8,960
9/25/2019 12:02,datasets/dataset_cropped/09_Metas/25/12/20190925120200_00160.jpg,datasets_flow/dataset_cropped/09_Metas/25/12/20190925120200_00160.jpg,datasets_cloudmask/dataset_cropped/09_Metas/25/12/20190925120200_00160.png,792.5,937,76.5,29.8,960
9/25/2019 12:03,datasets/dataset_cropped/09_Metas/25/12/20190925120300_00160.jpg,datasets_flow/dataset_cropped/09_Metas/25/12/20190925120300_00160.jpg,datasets_cloudmask/dataset_cropped/09_Metas/25/12/20190925120300_00160.png,793.5,937,76.8,29.7,960
9/25/2019 12:04,datasets/dataset_cropped/09_Metas/25/12/20190925120400_00160.jpg,datasets_flow/dataset_cropped/09_Metas/25/12/20190925120400_00160.jpg,datasets_cloudmask/dataset_cropped/09_Metas/25/12/20190925120400_00160.png,794.4,937,76.6,29.8,960
9/25/2019 12:05,datasets/dataset_cropped/09_Metas/25/12/20190925120500_00160.jpg,datasets_flow/dataset_cropped/09_Metas/25/12/20190925120500_00160.jpg,datasets_cloudmask/dataset_cropped/09_Metas/25/12/20190925120500_00160.png,795.8,937,76.8,30,960
9/25/2019 12:06,datasets/dataset_cropped/09_Metas/25/12/20190925120600_00160.jpg,datasets_flow/dataset_cropped/09_Metas/25/12/20190925120600_00160.jpg,datasets_cloudmask/dataset_cropped/09_Metas/25/12/20190925120600_00160.png,796.9,938,76.9,30.1,960
9/25/2019 12:07,datasets/dataset_cropped/09_Metas/25/12/20190925120700_00160.jpg,datasets_flow/dataset_cropped/09_Metas/25/12/20190925120700_00160.jpg,datasets_cloudmask/dataset_cropped/09_Metas/25/12/20190925120700_00160.png,798.4,939,77,29.9,960
9/25/2019 12:08,datasets/dataset_cropped/09_Metas/25/12/20190925120800_00160.jpg,datasets_flow/dataset_cropped/09_Metas/25/12/20190925120800_00160.jpg,datasets_cloudmask/dataset_cropped/09_Metas/25/12/20190925120800_00160.png,799.8,940,77.1,29.9,960
9/25/2019 12:09,datasets/dataset_cropped/09_Metas/25/12/20190925120900_00160.jpg,datasets_flow/dataset_cropped/09_Metas/25/12/20190925120900_00160.jpg,datasets_cloudmask/dataset_cropped/09_Metas/25/12/20190925120900_00160.png,801,941,77.5,29.9,960
9/25/2019 12:10,datasets/dataset_cropped/09_Metas/25/12/20190925121000_00160.jpg,datasets_flow/dataset_cropped/09_Metas/25/12/20190925121000_00160.jpg,datasets_cloudmask/dataset_cropped/09_Metas/25/12/20190925121000_00160.png,802,942,77.3,30,960
9/25/2019 12:11,datasets/dataset_cropped/09_Metas/25/12/20190925121100_00160.jpg,datasets_flow/dataset_cropped/09_Metas/25/12/20190925121100_00160.jpg,datasets_cloudmask/dataset_cropped/09_Metas/25/12/20190925121100_00160.png,803,942,77.2,29.9,960
9/25/2019 12:12,datasets/dataset_cropped/09_Metas/25/12/20190925121200_00160.jpg,datasets_flow/dataset_cropped/09_Metas/25/12/20190925121200_00160.jpg,datasets_cloudmask/dataset_cropped/09_Metas/25/12/20190925121200_00160.png,804,942,77.1,29.9,960
9/25/2019 12:13,datasets/dataset_cropped/09_Metas/25/12/20190925121300_00160.jpg,datasets_flow/dataset_cropped/09_Metas/25/12/20190925121300_00160.jpg,datasets_cloudmask/dataset_cropped/09_Metas/25/12/20190925121300_00160.png,805,942,77.3,30,960
9/25/2019 12:14,datasets/dataset_cropped/09_Metas/25/12/20190925121400_00160.jpg,datasets_flow/dataset_cropped/09_Metas/25/12/20190925121400_00160.jpg,datasets_cloudmask/dataset_cropped/09_Metas/25/12/20190925121400_00160.png,805,941,77.6,30.1,960
9/25/2019 12:15,datasets/dataset_cropped/09_Metas/25/12/20190925121500_00160.jpg,datasets_flow/dataset_cropped/09_Metas/25/12/20190925121500_00160.jpg,datasets_cloudmask/dataset_cropped/09_Metas/25/12/20190925121500_00160.png,806,941,77.6,29.9,960
9/25/2019 12:16,datasets/dataset_cropped/09_Metas/25/12/20190925121600_00160.jpg,datasets_flow/dataset_cropped/09_Metas/25/12/20190925121600_00160.jpg,datasets_cloudmask/dataset_cropped/09_Metas/25/12/20190925121600_00160.png,807,942,77.7,29.8,960
9/25/2019 12:17,datasets/dataset_cropped/09_Metas/25/12/20190925121700_00160.jpg,datasets_flow/dataset_cropped/09_Metas/25/12/20190925121700_00160.jpg,datasets_cloudmask/dataset_cropped/09_Metas/25/12/20190925121700_00160.png,808,942,77.4,30,960
9/25/2019 12:18,datasets/dataset_cropped/09_Metas/25/12/20190925121800_00160.jpg,datasets_flow/dataset_cropped/09_Metas/25/12/20190925121800_00160.jpg,datasets_cloudmask/dataset_cropped/09_Metas/25/12/20190925121800_00160.png,809,941,77.3,29.9,960
9/25/2019 12:19,datasets/dataset_cropped/09_Metas/25/12/20190925121900_00160.jpg,datasets_flow/dataset_cropped/09_Metas/25/12/20190925121900_00160.jpg,datasets_cloudmask/dataset_cropped/09_Metas/25/12/20190925121900_00160.png,809,941,77.4,29.8,960
9/25/2019 12:20,datasets/dataset_cropped/09_Metas/25/12/20190925122000_00160.jpg,datasets_flow/dataset_cropped/09_Metas/25/12/20190925122000_00160.jpg,datasets_cloudmask/dataset_cropped/09_Metas/25/12/20190925122000_00160.png,810,941,77.7,29.9,960
9/25/2019 12:21,datasets/dataset_cropped/09_Metas/25/12/20190925122100_00160.jpg,datasets_flow/dataset_cropped/09_Metas/25/12/20190925122100_00160.jpg,datasets_cloudmask/dataset_cropped/09_Metas/25/12/20190925122100_00160.png,810,941,78,30.2,960
9/25/2019 12:22,datasets/dataset_cropped/09_Metas/25/12/20190925122200_00160.jpg,datasets_flow/dataset_cropped/09_Metas/25/12/20190925122200_00160.jpg,datasets_cloudmask/dataset_cropped/09_Metas/25/12/20190925122200_00160.png,811,941,78,30.2,960
9/25/2019 12:23,datasets/dataset_cropped/09_Metas/25/12/20190925122300_00160.jpg,datasets_flow/dataset_cropped/09_Metas/25/12/20190925122300_00160.jpg,datasets_cloudmask/dataset_cropped/09_Metas/25/12/20190925122300_00160.png,812,942,78.2,30,960
9/25/2019 12:24,datasets/dataset_cropped/09_Metas/25/12/20190925122400_00160.jpg,datasets_flow/dataset_cropped/09_Metas/25/12/20190925122400_00160.jpg,datasets_cloudmask/dataset_cropped/09_Metas/25/12/20190925122400_00160.png,812,942,78.3,29.8,960
9/25/2019 12:25,datasets/dataset_cropped/09_Metas/25/12/20190925122500_00160.jpg,datasets_flow/dataset_cropped/09_Metas/25/12/20190925122500_00160.jpg,datasets_cloudmask/dataset_cropped/09_Metas/25/12/20190925122500_00160.png,813,943,78.7,29.9,960
9/25/2019 12:26,datasets/dataset_cropped/09_Metas/25/12/20190925122600_00160.jpg,datasets_flow/dataset_cropped/09_Metas/25/12/20190925122600_00160.jpg,datasets_cloudmask/dataset_cropped/09_Metas/25/12/20190925122600_00160.png,813,943,78.2,29.9,960
9/25/2019 12:27,datasets/dataset_cropped/09_Metas/25/12/20190925122700_00160.jpg,datasets_flow/dataset_cropped/09_Metas/25/12/20190925122700_00160.jpg,datasets_cloudmask/dataset_cropped/09_Metas/25/12/20190925122700_00160.png,814,943,78,30.1,960
9/25/2019 12:28,datasets/dataset_cropped/09_Metas/25/12/20190925122800_00160.jpg,datasets_flow/dataset_cropped/09_Metas/25/12/20190925122800_00160.jpg,datasets_cloudmask/dataset_cropped/09_Metas/25/12/20190925122800_00160.png,815,943,78.1,30,960
9/25/2019 12:29,datasets/dataset_cropped/09_Metas/25/12/20190925122900_00160.jpg,datasets_flow/dataset_cropped/09_Metas/25/12/20190925122900_00160.jpg,datasets_cloudmask/dataset_cropped/09_Metas/25/12/20190925122900_00160.png,815,943,78.1,30,960
9/25/2019 12:30,datasets/dataset_cropped/09_Metas/25/12/20190925123000_00160.jpg,datasets_flow/dataset_cropped/09_Metas/25/12/20190925123000_00160.jpg,datasets_cloudmask/dataset_cropped/09_Metas/25/12/20190925123000_00160.png,815,942,78.4,29.9,960
9/25/2019 12:31,datasets/dataset_cropped/09_Metas/25/12/20190925123100_00160.jpg,datasets_flow/dataset_cropped/09_Metas/25/12/20190925123100_00160.jpg,datasets_cloudmask/dataset_cropped/09_Metas/25/12/20190925123100_00160.png,815,942,78.4,30.3,960
9/25/2019 12:32,datasets/dataset_cropped/09_Metas/25/12/20190925123200_00160.jpg,datasets_flow/dataset_cropped/09_Metas/25/12/20190925123200_00160.jpg,datasets_cloudmask/dataset_cropped/09_Metas/25/12/20190925123200_00160.png,816,942,78.4,30.3,960
9/25/2019 12:33,datasets/dataset_cropped/09_Metas/25/12/20190925123300_00160.jpg,datasets_flow/dataset_cropped/09_Metas/25/12/20190925123300_00160.jpg,datasets_cloudmask/dataset_cropped/09_Metas/25/12/20190925123300_00160.png,816,941,78.4,30.2,960
9/25/2019 12:34,datasets/dataset_cropped/09_Metas/25/12/20190925123400_00160.jpg,datasets_flow/dataset_cropped/09_Metas/25/12/20190925123400_00160.jpg,datasets_cloudmask/dataset_cropped/09_Metas/25/12/20190925123400_00160.png,816,941,78.3,30.2,960
9/25/2019 12:35,datasets/dataset_cropped/09_Metas/25/12/20190925123500_00160.jpg,datasets_flow/dataset_cropped/09_Metas/25/12/20190925123500_00160.jpg,datasets_cloudmask/dataset_cropped/09_Metas/25/12/20190925123500_00160.png,817,941,78.6,30.2,960
9/25/2019 12:36,datasets/dataset_cropped/09_Metas/25/12/20190925123600_00160.jpg,datasets_flow/dataset_cropped/09_Metas/25/12/20190925123600_00160.jpg,datasets_cloudmask/dataset_cropped/09_Metas/25/12/20190925123600_00160.png,817,941,78.7,29.9,960
9/25/2019 12:37,datasets/dataset_cropped/09_Metas/25/12/20190925123700_00160.jpg,datasets_flow/dataset_cropped/09_Metas/25/12/20190925123700_00160.jpg,datasets_cloudmask/dataset_cropped/09_Metas/25/12/20190925123700_00160.png,818,941,78.2,29.8,960
9/25/2019 12:38,datasets/dataset_cropped/09_Metas/25/12/20190925123800_00160.jpg,datasets_flow/dataset_cropped/09_Metas/25/12/20190925123800_00160.jpg,datasets_cloudmask/dataset_cropped/09_Metas/25/12/20190925123800_00160.png,819,942,78.3,30,960
9/25/2019 12:39,datasets/dataset_cropped/09_Metas/25/12/20190925123900_00160.jpg,datasets_flow/dataset_cropped/09_Metas/25/12/20190925123900_00160.jpg,datasets_cloudmask/dataset_cropped/09_Metas/25/12/20190925123900_00160.png,819,941,78.1,30.1,960
9/25/2019 12:40,datasets/dataset_cropped/09_Metas/25/12/20190925124000_00160.jpg,datasets_flow/dataset_cropped/09_Metas/25/12/20190925124000_00160.jpg,datasets_cloudmask/dataset_cropped/09_Metas/25/12/20190925124000_00160.png,820,941,78.3,30.1,960
9/25/2019 12:41,datasets/dataset_cropped/09_Metas/25/12/20190925124100_00160.jpg,datasets_flow/dataset_cropped/09_Metas/25/12/20190925124100_00160.jpg,datasets_cloudmask/dataset_cropped/09_Metas/25/12/20190925124100_00160.png,821,942,78.7,29.9,960
9/25/2019 12:42,datasets/dataset_cropped/09_Metas/25/12/20190925124200_00160.jpg,datasets_flow/dataset_cropped/09_Metas/25/12/20190925124200_00160.jpg,datasets_cloudmask/dataset_cropped/09_Metas/25/12/20190925124200_00160.png,821,943,78.5,29.8,960
9/25/2019 12:43,datasets/dataset_cropped/09_Metas/25/12/20190925124300_00160.jpg,datasets_flow/dataset_cropped/09_Metas/25/12/20190925124300_00160.jpg,datasets_cloudmask/dataset_cropped/09_Metas/25/12/20190925124300_00160.png,821,943,78.2,29.9,960
9/25/2019 12:44,datasets/dataset_cropped/09_Metas/25/12/20190925124400_00160.jpg,datasets_flow/dataset_cropped/09_Metas/25/12/20190925124400_00160.jpg,datasets_cloudmask/dataset_cropped/09_Metas/25/12/20190925124400_00160.png,822,944,78.1,30,960
9/25/2019 12:45,datasets/dataset_cropped/09_Metas/25/12/20190925124500_00160.jpg,datasets_flow/dataset_cropped/09_Metas/25/12/20190925124500_00160.jpg,datasets_cloudmask/dataset_cropped/09_Metas/25/12/20190925124500_00160.png,822,943,78,29.9,960
9/25/2019 12:46,datasets/dataset_cropped/09_Metas/25/12/20190925124600_00160.jpg,datasets_flow/dataset_cropped/09_Metas/25/12/20190925124600_00160.jpg,datasets_cloudmask/dataset_cropped/09_Metas/25/12/20190925124600_00160.png,822,943,78.2,30.1,960
9/25/2019 12:47,datasets/dataset_cropped/09_Metas/25/12/20190925124700_00160.jpg,datasets_flow/dataset_cropped/09_Metas/25/12/20190925124700_00160.jpg,datasets_cloudmask/dataset_cropped/09_Metas/25/12/20190925124700_00160.png,822,942,78.4,30.4,960
9/25/2019 12:48,datasets/dataset_cropped/09_Metas/25/12/20190925124800_00160.jpg,datasets_flow/dataset_cropped/09_Metas/25/12/20190925124800_00160.jpg,datasets_cloudmask/dataset_cropped/09_Metas/25/12/20190925124800_00160.png,822,942,78.6,30.3,960
9/25/2019 12:49,datasets/dataset_cropped/09_Metas/25/12/20190925124900_00160.jpg,datasets_flow/dataset_cropped/09_Metas/25/12/20190925124900_00160.jpg,datasets_cloudmask/dataset_cropped/09_Metas/25/12/20190925124900_00160.png,822,942,78.4,30.4,960
9/25/2019 12:50,datasets/dataset_cropped/09_Metas/25/12/20190925125000_00160.jpg,datasets_flow/dataset_cropped/09_Metas/25/12/20190925125000_00160.jpg,datasets_cloudmask/dataset_cropped/09_Metas/25/12/20190925125000_00160.png,822,941,78.5,30.2,960
9/25/2019 12:51,datasets/dataset_cropped/09_Metas/25/12/20190925125100_00160.jpg,datasets_flow/dataset_cropped/09_Metas/25/12/20190925125100_00160.jpg,datasets_cloudmask/dataset_cropped/09_Metas/25/12/20190925125100_00160.png,821,941,78.6,30.2,960
9/25/2019 12:52,datasets/dataset_cropped/09_Metas/25/12/20190925125200_00160.jpg,datasets_flow/dataset_cropped/09_Metas/25/12/20190925125200_00160.jpg,datasets_cloudmask/dataset_cropped/09_Metas/25/12/20190925125200_00160.png,821,939,78.8,30.2,960
9/25/2019 12:53,datasets/dataset_cropped/09_Metas/25/12/20190925125300_00160.jpg,datasets_flow/dataset_cropped/09_Metas/25/12/20190925125300_00160.jpg,datasets_cloudmask/dataset_cropped/09_Metas/25/12/20190925125300_00160.png,820,939,78.9,30,960
9/25/2019 12:54,datasets/dataset_cropped/09_Metas/25/12/20190925125400_00160.jpg,datasets_flow/dataset_cropped/09_Metas/25/12/20190925125400_00160.jpg,datasets_cloudmask/dataset_cropped/09_Metas/25/12/20190925125400_00160.png,820,938,78.8,29.9,960
9/25/2019 12:55,datasets/dataset_cropped/09_Metas/25/12/20190925125500_00160.jpg,datasets_flow/dataset_cropped/09_Metas/25/12/20190925125500_00160.jpg,datasets_cloudmask/dataset_cropped/09_Metas/25/12/20190925125500_00160.png,821,939,79,29.9,960
9/25/2019 12:56,datasets/dataset_cropped/09_Metas/25/12/20190925125600_00160.jpg,datasets_flow/dataset_cropped/09_Metas/25/12/20190925125600_00160.jpg,datasets_cloudmask/dataset_cropped/09_Metas/25/12/20190925125600_00160.png,821,938,79,29.8,960
9/25/2019 12:57,datasets/dataset_cropped/09_Metas/25/12/20190925125700_00160.jpg,datasets_flow/dataset_cropped/09_Metas/25/12/20190925125700_00160.jpg,datasets_cloudmask/dataset_cropped/09_Metas/25/12/20190925125700_00160.png,821,938,79.4,29.8,960
9/25/2019 12:58,datasets/dataset_cropped/09_Metas/25/12/20190925125800_00160.jpg,datasets_flow/dataset_cropped/09_Metas/25/12/20190925125800_00160.jpg,datasets_cloudmask/dataset_cropped/09_Metas/25/12/20190925125800_00160.png,822,939,79.5,30,960
9/25/2019 12:59,datasets/dataset_cropped/09_Metas/25/12/20190925125900_00160.jpg,datasets_flow/dataset_cropped/09_Metas/25/12/20190925125900_00160.jpg,datasets_cloudmask/dataset_cropped/09_Metas/25/12/20190925125900_00160.png,822,940,79.4,30,960
9/25/2019 13:00,datasets/dataset_cropped/09_Metas/25/13/20190925130000_00160.jpg,datasets_flow/dataset_cropped/09_Metas/25/13/20190925130000_00160.jpg,datasets_cloudmask/dataset_cropped/09_Metas/25/13/20190925130000_00160.png,822,939,79.3,30,960
9/25/2019 13:01,datasets/dataset_cropped/09_Metas/25/13/20190925130100_00160.jpg,datasets_flow/dataset_cropped/09_Metas/25/13/20190925130100_00160.jpg,datasets_cloudmask/dataset_cropped/09_Metas/25/13/20190925130100_00160.png,822,939,79.5,30,960
9/25/2019 13:02,datasets/dataset_cropped/09_Metas/25/13/20190925130200_00160.jpg,datasets_flow/dataset_cropped/09_Metas/25/13/20190925130200_00160.jpg,datasets_cloudmask/dataset_cropped/09_Metas/25/13/20190925130200_00160.png,822,939,79.7,29.9,960
9/25/2019 13:03,datasets/dataset_cropped/09_Metas/25/13/20190925130300_00160.jpg,datasets_flow/dataset_cropped/09_Metas/25/13/20190925130300_00160.jpg,datasets_cloudmask/dataset_cropped/09_Metas/25/13/20190925130300_00160.png,821,939,79.6,29.8,960
9/25/2019 13:04,datasets/dataset_cropped/09_Metas/25/13/20190925130400_00160.jpg,datasets_flow/dataset_cropped/09_Metas/25/13/20190925130400_00160.jpg,datasets_cloudmask/dataset_cropped/09_Metas/25/13/20190925130400_00160.png,821,938,79.7,29.9,960
9/25/2019 13:05,datasets/dataset_cropped/09_Metas/25/13/20190925130500_00160.jpg,datasets_flow/dataset_cropped/09_Metas/25/13/20190925130500_00160.jpg,datasets_cloudmask/dataset_cropped/09_Metas/25/13/20190925130500_00160.png,821,939,80,30.1,960
9/25/2019 13:06,datasets/dataset_cropped/09_Metas/25/13/20190925130600_00160.jpg,datasets_flow/dataset_cropped/09_Metas/25/13/20190925130600_00160.jpg,datasets_cloudmask/dataset_cropped/09_Metas/25/13/20190925130600_00160.png,822,939,79.8,30.1,960
9/25/2019 13:07,datasets/dataset_cropped/09_Metas/25/13/20190925130700_00160.jpg,datasets_flow/dataset_cropped/09_Metas/25/13/20190925130700_00160.jpg,datasets_cloudmask/dataset_cropped/09_Metas/25/13/20190925130700_00160.png,822,940,79.8,30.2,960
9/25/2019 13:08,datasets/dataset_cropped/09_Metas/25/13/20190925130800_00160.jpg,datasets_flow/dataset_cropped/09_Metas/25/13/20190925130800_00160.jpg,datasets_cloudmask/dataset_cropped/09_Metas/25/13/20190925130800_00160.png,822,940,79.6,30.2,960
9/25/2019 13:09,datasets/dataset_cropped/09_Metas/25/13/20190925130900_00160.jpg,datasets_flow/dataset_cropped/09_Metas/25/13/20190925130900_00160.jpg,datasets_cloudmask/dataset_cropped/09_Metas/25/13/20190925130900_00160.png,822,940,79.6,30.2,960
9/25/2019 13:10,datasets/dataset_cropped/09_Metas/25/13/20190925131000_00160.jpg,datasets_flow/dataset_cropped/09_Metas/25/13/20190925131000_00160.jpg,datasets_cloudmask/dataset_cropped/09_Metas/25/13/20190925131000_00160.png,822,939,79.8,30.3,960
9/25/2019 13:11,datasets/dataset_cropped/09_Metas/25/13/20190925131100_00160.jpg,datasets_flow/dataset_cropped/09_Metas/25/13/20190925131100_00160.jpg,datasets_cloudmask/dataset_cropped/09_Metas/25/13/20190925131100_00160.png,823,942,79.6,30,960
9/25/2019 13:12,datasets/dataset_cropped/09_Metas/25/13/20190925131200_00160.jpg,datasets_flow/dataset_cropped/09_Metas/25/13/20190925131200_00160.jpg,datasets_cloudmask/dataset_cropped/09_Metas/25/13/20190925131200_00160.png,824,943,79.5,29.9,960
9/25/2019 13:13,datasets/dataset_cropped/09_Metas/25/13/20190925131300_00160.jpg,datasets_flow/dataset_cropped/09_Metas/25/13/20190925131300_00160.jpg,datasets_cloudmask/dataset_cropped/09_Metas/25/13/20190925131300_00160.png,823,942,79.6,30,960
9/25/2019 13:14,datasets/dataset_cropped/09_Metas/25/13/20190925131400_00160.jpg,datasets_flow/dataset_cropped/09_Metas/25/13/20190925131400_00160.jpg,datasets_cloudmask/dataset_cropped/09_Metas/25/13/20190925131400_00160.png,822,941,79.6,30.1,960
9/25/2019 13:15,datasets/dataset_cropped/09_Metas/25/13/20190925131500_00160.jpg,datasets_flow/dataset_cropped/09_Metas/25/13/20190925131500_00160.jpg,datasets_cloudmask/dataset_cropped/09_Metas/25/13/20190925131500_00160.png,822,941,80,30,960
9/25/2019 13:16,datasets/dataset_cropped/09_Metas/25/13/20190925131600_00160.jpg,datasets_flow/dataset_cropped/09_Metas/25/13/20190925131600_00160.jpg,datasets_cloudmask/dataset_cropped/09_Metas/25/13/20190925131600_00160.png,822,941,79.7,29.9,959
9/25/2019 13:17,datasets/dataset_cropped/09_Metas/25/13/20190925131700_00160.jpg,datasets_flow/dataset_cropped/09_Metas/25/13/20190925131700_00160.jpg,datasets_cloudmask/dataset_cropped/09_Metas/25/13/20190925131700_00160.png,822,942,79.9,29.8,960
9/25/2019 13:18,datasets/dataset_cropped/09_Metas/25/13/20190925131800_00160.jpg,datasets_flow/dataset_cropped/09_Metas/25/13/20190925131800_00160.jpg,datasets_cloudmask/dataset_cropped/09_Metas/25/13/20190925131800_00160.png,821,942,79.5,29.9,959
9/25/2019 13:19,datasets/dataset_cropped/09_Metas/25/13/20190925131900_00160.jpg,datasets_flow/dataset_cropped/09_Metas/25/13/20190925131900_00160.jpg,datasets_cloudmask/dataset_cropped/09_Metas/25/13/20190925131900_00160.png,821,941,79.2,29.9,960
9/25/2019 13:20,datasets/dataset_cropped/09_Metas/25/13/20190925132000_00160.jpg,datasets_flow/dataset_cropped/09_Metas/25/13/20190925132000_00160.jpg,datasets_cloudmask/dataset_cropped/09_Metas/25/13/20190925132000_00160.png,821,941,79.7,30,960
9/25/2019 13:21,datasets/dataset_cropped/09_Metas/25/13/20190925132100_00160.jpg,datasets_flow/dataset_cropped/09_Metas/25/13/20190925132100_00160.jpg,datasets_cloudmask/dataset_cropped/09_Metas/25/13/20190925132100_00160.png,821,941,79.8,30.1,959
9/25/2019 13:22,datasets/dataset_cropped/09_Metas/25/13/20190925132200_00160.jpg,datasets_flow/dataset_cropped/09_Metas/25/13/20190925132200_00160.jpg,datasets_cloudmask/dataset_cropped/09_Metas/25/13/20190925132200_00160.png,820,940,79.8,30.1,960
9/25/2019 13:23,datasets/dataset_cropped/09_Metas/25/13/20190925132300_00160.jpg,datasets_flow/dataset_cropped/09_Metas/25/13/20190925132300_00160.jpg,datasets_cloudmask/dataset_cropped/09_Metas/25/13/20190925132300_00160.png,819,939,80.1,30,959
9/25/2019 13:24,datasets/dataset_cropped/09_Metas/25/13/20190925132400_00160.jpg,datasets_flow/dataset_cropped/09_Metas/25/13/20190925132400_00160.jpg,datasets_cloudmask/dataset_cropped/09_Metas/25/13/20190925132400_00160.png,819,939,79.9,29.9,960
9/25/2019 13:25,datasets/dataset_cropped/09_Metas/25/13/20190925132500_00160.jpg,datasets_flow/dataset_cropped/09_Metas/25/13/20190925132500_00160.jpg,datasets_cloudmask/dataset_cropped/09_Metas/25/13/20190925132500_00160.png,818,939,80.3,29.8,959
9/25/2019 13:26,datasets/dataset_cropped/09_Metas/25/13/20190925132600_00160.jpg,datasets_flow/dataset_cropped/09_Metas/25/13/20190925132600_00160.jpg,datasets_cloudmask/dataset_cropped/09_Metas/25/13/20190925132600_00160.png,817,937,80.5,29.9,959
9/25/2019 13:27,datasets/dataset_cropped/09_Metas/25/13/20190925132700_00160.jpg,datasets_flow/dataset_cropped/09_Metas/25/13/20190925132700_00160.jpg,datasets_cloudmask/dataset_cropped/09_Metas/25/13/20190925132700_00160.png,816,937,80.5,29.8,960
9/25/2019 13:28,datasets/dataset_cropped/09_Metas/25/13/20190925132800_00160.jpg,datasets_flow/dataset_cropped/09_Metas/25/13/20190925132800_00160.jpg,datasets_cloudmask/dataset_cropped/09_Metas/25/13/20190925132800_00160.png,816,937,80.3,29.8,959
9/25/2019 13:29,datasets/dataset_cropped/09_Metas/25/13/20190925132900_00160.jpg,datasets_flow/dataset_cropped/09_Metas/25/13/20190925132900_00160.jpg,datasets_cloudmask/dataset_cropped/09_Metas/25/13/20190925132900_00160.png,816,937,80.9,29.7,960
9/25/2019 13:30,datasets/dataset_cropped/09_Metas/25/13/20190925133000_00160.jpg,datasets_flow/dataset_cropped/09_Metas/25/13/20190925133000_00160.jpg,datasets_cloudmask/dataset_cropped/09_Metas/25/13/20190925133000_00160.png,815,937,80.6,29.9,959
9/25/2019 13:31,datasets/dataset_cropped/09_Metas/25/13/20190925133100_00160.jpg,datasets_flow/dataset_cropped/09_Metas/25/13/20190925133100_00160.jpg,datasets_cloudmask/dataset_cropped/09_Metas/25/13/20190925133100_00160.png,815,937,80.8,29.9,960
9/25/2019 13:32,datasets/dataset_cropped/09_Metas/25/13/20190925133200_00160.jpg,datasets_flow/dataset_cropped/09_Metas/25/13/20190925133200_00160.jpg,datasets_cloudmask/dataset_cropped/09_Metas/25/13/20190925133200_00160.png,814,937,81.5,29.9,959
9/25/2019 13:33,datasets/dataset_cropped/09_Metas/25/13/20190925133300_00160.jpg,datasets_flow/dataset_cropped/09_Metas/25/13/20190925133300_00160.jpg,datasets_cloudmask/dataset_cropped/09_Metas/25/13/20190925133300_00160.png,813,936,81.3,30,959
9/25/2019 13:34,datasets/dataset_cropped/09_Metas/25/13/20190925133400_00160.jpg,datasets_flow/dataset_cropped/09_Metas/25/13/20190925133400_00160.jpg,datasets_cloudmask/dataset_cropped/09_Metas/25/13/20190925133400_00160.png,813,936,81.3,29.8,959
9/25/2019 13:35,datasets/dataset_cropped/09_Metas/25/13/20190925133500_00160.jpg,datasets_flow/dataset_cropped/09_Metas/25/13/20190925133500_00160.jpg,datasets_cloudmask/dataset_cropped/09_Metas/25/13/20190925133500_00160.png,812,936,81.1,29.8,959
9/25/2019 13:36,datasets/dataset_cropped/09_Metas/25/13/20190925133600_00160.jpg,datasets_flow/dataset_cropped/09_Metas/25/13/20190925133600_00160.jpg,datasets_cloudmask/dataset_cropped/09_Metas/25/13/20190925133600_00160.png,812,936,81,30,959
9/25/2019 13:37,datasets/dataset_cropped/09_Metas/25/13/20190925133700_00160.jpg,datasets_flow/dataset_cropped/09_Metas/25/13/20190925133700_00160.jpg,datasets_cloudmask/dataset_cropped/09_Metas/25/13/20190925133700_00160.png,811,935,81.1,30.4,959
9/25/2019 13:38,datasets/dataset_cropped/09_Metas/25/13/20190925133800_00160.jpg,datasets_flow/dataset_cropped/09_Metas/25/13/20190925133800_00160.jpg,datasets_cloudmask/dataset_cropped/09_Metas/25/13/20190925133800_00160.png,810,934,81.3,30.6,959
9/25/2019 13:39,datasets/dataset_cropped/09_Metas/25/13/20190925133900_00160.jpg,datasets_flow/dataset_cropped/09_Metas/25/13/20190925133900_00160.jpg,datasets_cloudmask/dataset_cropped/09_Metas/25/13/20190925133900_00160.png,809,934,81.2,30.7,959
9/25/2019 13:40,datasets/dataset_cropped/09_Metas/25/13/20190925134000_00160.jpg,datasets_flow/dataset_cropped/09_Metas/25/13/20190925134000_00160.jpg,datasets_cloudmask/dataset_cropped/09_Metas/25/13/20190925134000_00160.png,808,933,81,30.4,959
9/25/2019 13:41,datasets/dataset_cropped/09_Metas/25/13/20190925134100_00160.jpg,datasets_flow/dataset_cropped/09_Metas/25/13/20190925134100_00160.jpg,datasets_cloudmask/dataset_cropped/09_Metas/25/13/20190925134100_00160.png,807,932,81.4,30.5,959
9/25/2019 13:42,datasets/dataset_cropped/09_Metas/25/13/20190925134200_00160.jpg,datasets_flow/dataset_cropped/09_Metas/25/13/20190925134200_00160.jpg,datasets_cloudmask/dataset_cropped/09_Metas/25/13/20190925134200_00160.png,805,931,81.4,30.4,959
9/25/2019 13:43,datasets/dataset_cropped/09_Metas/25/13/20190925134300_00160.jpg,datasets_flow/dataset_cropped/09_Metas/25/13/20190925134300_00160.jpg,datasets_cloudmask/dataset_cropped/09_Metas/25/13/20190925134300_00160.png,804,930,82,30.5,959
9/25/2019 13:44,datasets/dataset_cropped/09_Metas/25/13/20190925134400_00160.jpg,datasets_flow/dataset_cropped/09_Metas/25/13/20190925134400_00160.jpg,datasets_cloudmask/dataset_cropped/09_Metas/25/13/20190925134400_00160.png,803,930,82.1,30.3,959
9/25/2019 13:45,datasets/dataset_cropped/09_Metas/25/13/20190925134500_00160.jpg,datasets_flow/dataset_cropped/09_Metas/25/13/20190925134500_00160.jpg,datasets_cloudmask/dataset_cropped/09_Metas/25/13/20190925134500_00160.png,802,929,81.9,30.4,959
9/25/2019 13:46,datasets/dataset_cropped/09_Metas/25/13/20190925134600_00160.jpg,datasets_flow/dataset_cropped/09_Metas/25/13/20190925134600_00160.jpg,datasets_cloudmask/dataset_cropped/09_Metas/25/13/20190925134600_00160.png,801,928,82.1,30.2,959
9/25/2019 13:47,datasets/dataset_cropped/09_Metas/25/13/20190925134700_00160.jpg,datasets_flow/dataset_cropped/09_Metas/25/13/20190925134700_00160.jpg,datasets_cloudmask/dataset_cropped/09_Metas/25/13/20190925134700_00160.png,800,928,81.8,30,959
9/25/2019 13:48,datasets/dataset_cropped/09_Metas/25/13/20190925134800_00160.jpg,datasets_flow/dataset_cropped/09_Metas/25/13/20190925134800_00160.jpg,datasets_cloudmask/dataset_cropped/09_Metas/25/13/20190925134800_00160.png,799.2,927,82.1,30,959
9/25/2019 13:49,datasets/dataset_cropped/09_Metas/25/13/20190925134900_00160.jpg,datasets_flow/dataset_cropped/09_Metas/25/13/20190925134900_00160.jpg,datasets_cloudmask/dataset_cropped/09_Metas/25/13/20190925134900_00160.png,797.4,925,82.1,30.2,959
9/25/2019 13:50,datasets/dataset_cropped/09_Metas/25/13/20190925135000_00160.jpg,datasets_flow/dataset_cropped/09_Metas/25/13/20190925135000_00160.jpg,datasets_cloudmask/dataset_cropped/09_Metas/25/13/20190925135000_00160.png,796.3,924,82.2,30.1,959
9/25/2019 13:51,datasets/dataset_cropped/09_Metas/25/13/20190925135100_00160.jpg,datasets_flow/dataset_cropped/09_Metas/25/13/20190925135100_00160.jpg,datasets_cloudmask/dataset_cropped/09_Metas/25/13/20190925135100_00160.png,795.6,924,82.3,30.3,959
9/25/2019 13:52,datasets/dataset_cropped/09_Metas/25/13/20190925135200_00160.jpg,datasets_flow/dataset_cropped/09_Metas/25/13/20190925135200_00160.jpg,datasets_cloudmask/dataset_cropped/09_Metas/25/13/20190925135200_00160.png,794.3,923,82.3,30.3,959
9/25/2019 13:53,datasets/dataset_cropped/09_Metas/25/13/20190925135300_00160.jpg,datasets_flow/dataset_cropped/09_Metas/25/13/20190925135300_00160.jpg,datasets_cloudmask/dataset_cropped/09_Metas/25/13/20190925135300_00160.png,793.4,923,82.2,30.4,959
9/25/2019 13:54,datasets/dataset_cropped/09_Metas/25/13/20190925135400_00160.jpg,datasets_flow/dataset_cropped/09_Metas/25/13/20190925135400_00160.jpg,datasets_cloudmask/dataset_cropped/09_Metas/25/13/20190925135400_00160.png,792.7,923,82.8,30.4,959
9/25/2019 13:55,datasets/dataset_cropped/09_Metas/25/13/20190925135500_00160.jpg,datasets_flow/dataset_cropped/09_Metas/25/13/20190925135500_00160.jpg,datasets_cloudmask/dataset_cropped/09_Metas/25/13/20190925135500_00160.png,791.7,923,82.6,30.4,959
9/25/2019 13:56,datasets/dataset_cropped/09_Metas/25/13/20190925135600_00160.jpg,datasets_flow/dataset_cropped/09_Metas/25/13/20190925135600_00160.jpg,datasets_cloudmask/dataset_cropped/09_Metas/25/13/20190925135600_00160.png,790.5,922,82.8,30.6,959
9/25/2019 13:57,datasets/dataset_cropped/09_Metas/25/13/20190925135700_00160.jpg,datasets_flow/dataset_cropped/09_Metas/25/13/20190925135700_00160.jpg,datasets_cloudmask/dataset_cropped/09_Metas/25/13/20190925135700_00160.png,789.8,922,82.7,30.2,959
9/25/2019 13:58,datasets/dataset_cropped/09_Metas/25/13/20190925135800_00160.jpg,datasets_flow/dataset_cropped/09_Metas/25/13/20190925135800_00160.jpg,datasets_cloudmask/dataset_cropped/09_Metas/25/13/20190925135800_00160.png,788.9,922,82.4,30.1,959
9/25/2019 13:59,datasets/dataset_cropped/09_Metas/25/13/20190925135900_00160.jpg,datasets_flow/dataset_cropped/09_Metas/25/13/20190925135900_00160.jpg,datasets_cloudmask/dataset_cropped/09_Metas/25/13/20190925135900_00160.png,787.6,921,82.4,30.3,959
9/25/2019 14:00,datasets/dataset_cropped/09_Metas/25/14/20190925140000_00160.jpg,datasets_flow/dataset_cropped/09_Metas/25/14/20190925140000_00160.jpg,datasets_cloudmask/dataset_cropped/09_Metas/25/14/20190925140000_00160.png,786.5,921,82.8,30.3,959
9/25/2019 14:01,datasets/dataset_cropped/09_Metas/25/14/20190925140100_00160.jpg,datasets_flow/dataset_cropped/09_Metas/25/14/20190925140100_00160.jpg,datasets_cloudmask/dataset_cropped/09_Metas/25/14/20190925140100_00160.png,784.8,920,82.9,30.4,959
9/25/2019 14:02,datasets/dataset_cropped/09_Metas/25/14/20190925140200_00160.jpg,datasets_flow/dataset_cropped/09_Metas/25/14/20190925140200_00160.jpg,datasets_cloudmask/dataset_cropped/09_Metas/25/14/20190925140200_00160.png,784.6,921,83,30.3,959
9/25/2019 14:03,datasets/dataset_cropped/09_Metas/25/14/20190925140300_00160.jpg,datasets_flow/dataset_cropped/09_Metas/25/14/20190925140300_00160.jpg,datasets_cloudmask/dataset_cropped/09_Metas/25/14/20190925140300_00160.png,783.6,920,82.8,30.2,959
9/25/2019 14:04,datasets/dataset_cropped/09_Metas/25/14/20190925140400_00160.jpg,datasets_flow/dataset_cropped/09_Metas/25/14/20190925140400_00160.jpg,datasets_cloudmask/dataset_cropped/09_Metas/25/14/20190925140400_00160.png,782.5,920,83.2,29.9,959
9/25/2019 14:05,datasets/dataset_cropped/09_Metas/25/14/20190925140500_00160.jpg,datasets_flow/dataset_cropped/09_Metas/25/14/20190925140500_00160.jpg,datasets_cloudmask/dataset_cropped/09_Metas/25/14/20190925140500_00160.png,780.4,918,82.9,30,959
9/25/2019 14:06,datasets/dataset_cropped/09_Metas/25/14/20190925140600_00160.jpg,datasets_flow/dataset_cropped/09_Metas/25/14/20190925140600_00160.jpg,datasets_cloudmask/dataset_cropped/09_Metas/25/14/20190925140600_00160.png,778.6,917,82.5,30,959
9/25/2019 14:07,datasets/dataset_cropped/09_Metas/25/14/20190925140700_00160.jpg,datasets_flow/dataset_cropped/09_Metas/25/14/20190925140700_00160.jpg,datasets_cloudmask/dataset_cropped/09_Metas/25/14/20190925140700_00160.png,777.7,916,82.4,30,959
9/25/2019 14:08,datasets/dataset_cropped/09_Metas/25/14/20190925140800_00160.jpg,datasets_flow/dataset_cropped/09_Metas/25/14/20190925140800_00160.jpg,datasets_cloudmask/dataset_cropped/09_Metas/25/14/20190925140800_00160.png,776.3,915,82.4,30.1,959
9/25/2019 14:09,datasets/dataset_cropped/09_Metas/25/14/20190925140900_00160.jpg,datasets_flow/dataset_cropped/09_Metas/25/14/20190925140900_00160.jpg,datasets_cloudmask/dataset_cropped/09_Metas/25/14/20190925140900_00160.png,775.4,915,82.6,30,959
9/25/2019 14:10,datasets/dataset_cropped/09_Metas/25/14/20190925141000_00160.jpg,datasets_flow/dataset_cropped/09_Metas/25/14/20190925141000_00160.jpg,datasets_cloudmask/dataset_cropped/09_Metas/25/14/20190925141000_00160.png,773.6,914,82.8,30,959
9/25/2019 14:11,datasets/dataset_cropped/09_Metas/25/14/20190925141100_00160.jpg,datasets_flow/dataset_cropped/09_Metas/25/14/20190925141100_00160.jpg,datasets_cloudmask/dataset_cropped/09_Metas/25/14/20190925141100_00160.png,772.6,913,83,30,959
9/25/2019 14:12,datasets/dataset_cropped/09_Metas/25/14/20190925141200_00160.jpg,datasets_flow/dataset_cropped/09_Metas/25/14/20190925141200_00160.jpg,datasets_cloudmask/dataset_cropped/09_Metas/25/14/20190925141200_00160.png,771.1,913,83.3,30.1,959
9/25/2019 14:13,datasets/dataset_cropped/09_Metas/25/14/20190925141300_00160.jpg,datasets_flow/dataset_cropped/09_Metas/25/14/20190925141300_00160.jpg,datasets_cloudmask/dataset_cropped/09_Metas/25/14/20190925141300_00160.png,769.6,913,83.3,30.3,959
9/25/2019 14:14,datasets/dataset_cropped/09_Metas/25/14/20190925141400_00160.jpg,datasets_flow/dataset_cropped/09_Metas/25/14/20190925141400_00160.jpg,datasets_cloudmask/dataset_cropped/09_Metas/25/14/20190925141400_00160.png,768.9,913,83.6,30.3,959
9/25/2019 14:15,datasets/dataset_cropped/09_Metas/25/14/20190925141500_00160.jpg,datasets_flow/dataset_cropped/09_Metas/25/14/20190925141500_00160.jpg,datasets_cloudmask/dataset_cropped/09_Metas/25/14/20190925141500_00160.png,767.6,913,83.7,30.1,959
9/25/2019 14:16,datasets/dataset_cropped/09_Metas/25/14/20190925141600_00160.jpg,datasets_flow/dataset_cropped/09_Metas/25/14/20190925141600_00160.jpg,datasets_cloudmask/dataset_cropped/09_Metas/25/14/20190925141600_00160.png,766.2,912,83.7,30.1,959
9/25/2019 14:17,datasets/dataset_cropped/09_Metas/25/14/20190925141700_00160.jpg,datasets_flow/dataset_cropped/09_Metas/25/14/20190925141700_00160.jpg,datasets_cloudmask/dataset_cropped/09_Metas/25/14/20190925141700_00160.png,764.9,912,83.5,30.2,959
9/25/2019 14:18,datasets/dataset_cropped/09_Metas/25/14/20190925141800_00160.jpg,datasets_flow/dataset_cropped/09_Metas/25/14/20190925141800_00160.jpg,datasets_cloudmask/dataset_cropped/09_Metas/25/14/20190925141800_00160.png,764.1,912,83.3,30.2,959
9/25/2019 14:19,datasets/dataset_cropped/09_Metas/25/14/20190925141900_00160.jpg,datasets_flow/dataset_cropped/09_Metas/25/14/20190925141900_00160.jpg,datasets_cloudmask/dataset_cropped/09_Metas/25/14/20190925141900_00160.png,763,911,83.6,30.1,959
9/25/2019 14:20,datasets/dataset_cropped/09_Metas/25/14/20190925142000_00160.jpg,datasets_flow/dataset_cropped/09_Metas/25/14/20190925142000_00160.jpg,datasets_cloudmask/dataset_cropped/09_Metas/25/14/20190925142000_00160.png,761,910,83.8,30,959
9/25/2019 14:21,datasets/dataset_cropped/09_Metas/25/14/20190925142100_00160.jpg,datasets_flow/dataset_cropped/09_Metas/25/14/20190925142100_00160.jpg,datasets_cloudmask/dataset_cropped/09_Metas/25/14/20190925142100_00160.png,759.3,909,83.8,30.1,959
9/25/2019 14:22,datasets/dataset_cropped/09_Metas/25/14/20190925142200_00160.jpg,datasets_flow/dataset_cropped/09_Metas/25/14/20190925142200_00160.jpg,datasets_cloudmask/dataset_cropped/09_Metas/25/14/20190925142200_00160.png,756.9,907,83.8,30.2,959
9/25/2019 14:23,datasets/dataset_cropped/09_Metas/25/14/20190925142300_00160.jpg,datasets_flow/dataset_cropped/09_Metas/25/14/20190925142300_00160.jpg,datasets_cloudmask/dataset_cropped/09_Metas/25/14/20190925142300_00160.png,755,905,83.8,30,959
9/25/2019 14:24,datasets/dataset_cropped/09_Metas/25/14/20190925142400_00160.jpg,datasets_flow/dataset_cropped/09_Metas/25/14/20190925142400_00160.jpg,datasets_cloudmask/dataset_cropped/09_Metas/25/14/20190925142400_00160.png,753.8,905,83.7,29.8,959
9/25/2019 14:25,datasets/dataset_cropped/09_Metas/25/14/20190925142500_00160.jpg,datasets_flow/dataset_cropped/09_Metas/25/14/20190925142500_00160.jpg,datasets_cloudmask/dataset_cropped/09_Metas/25/14/20190925142500_00160.png,752.2,904,84,29.9,959
9/25/2019 14:26,datasets/dataset_cropped/09_Metas/25/14/20190925142600_00160.jpg,datasets_flow/dataset_cropped/09_Metas/25/14/20190925142600_00160.jpg,datasets_cloudmask/dataset_cropped/09_Metas/25/14/20190925142600_00160.png,750.2,903,84.6,30,959
9/25/2019 14:27,datasets/dataset_cropped/09_Metas/25/14/20190925142700_00160.jpg,datasets_flow/dataset_cropped/09_Metas/25/14/20190925142700_00160.jpg,datasets_cloudmask/dataset_cropped/09_Metas/25/14/20190925142700_00160.png,748.1,901,84.4,29.9,959
9/25/2019 14:28,datasets/dataset_cropped/09_Metas/25/14/20190925142800_00160.jpg,datasets_flow/dataset_cropped/09_Metas/25/14/20190925142800_00160.jpg,datasets_cloudmask/dataset_cropped/09_Metas/25/14/20190925142800_00160.png,746.6,901,84.5,29.9,959
9/25/2019 14:29,datasets/dataset_cropped/09_Metas/25/14/20190925142900_00160.jpg,datasets_flow/dataset_cropped/09_Metas/25/14/20190925142900_00160.jpg,datasets_cloudmask/dataset_cropped/09_Metas/25/14/20190925142900_00160.png,743.6,898,84.3,30.1,959
9/25/2019 14:30,datasets/dataset_cropped/09_Metas/25/14/20190925143000_00160.jpg,datasets_flow/dataset_cropped/09_Metas/25/14/20190925143000_00160.jpg,datasets_cloudmask/dataset_cropped/09_Metas/25/14/20190925143000_00160.png,741,896,84.6,30.3,959
9/25/2019 14:31,datasets/dataset_cropped/09_Metas/25/14/20190925143100_00160.jpg,datasets_flow/dataset_cropped/09_Metas/25/14/20190925143100_00160.jpg,datasets_cloudmask/dataset_cropped/09_Metas/25/14/20190925143100_00160.png,740,896,85.2,30.2,959
9/25/2019 14:32,datasets/dataset_cropped/09_Metas/25/14/20190925143200_00160.jpg,datasets_flow/dataset_cropped/09_Metas/25/14/20190925143200_00160.jpg,datasets_cloudmask/dataset_cropped/09_Metas/25/14/20190925143200_00160.png,738.6,897,85.2,30.1,959
9/25/2019 14:33,datasets/dataset_cropped/09_Metas/25/14/20190925143300_00160.jpg,datasets_flow/dataset_cropped/09_Metas/25/14/20190925143300_00160.jpg,datasets_cloudmask/dataset_cropped/09_Metas/25/14/20190925143300_00160.png,736.9,896,84.8,30,959
9/25/2019 14:34,datasets/dataset_cropped/09_Metas/25/14/20190925143400_00160.jpg,datasets_flow/dataset_cropped/09_Metas/25/14/20190925143400_00160.jpg,datasets_cloudmask/dataset_cropped/09_Metas/25/14/20190925143400_00160.png,736.3,897,84.5,30.1,959
9/25/2019 14:35,datasets/dataset_cropped/09_Metas/25/14/20190925143500_00160.jpg,datasets_flow/dataset_cropped/09_Metas/25/14/20190925143500_00160.jpg,datasets_cloudmask/dataset_cropped/09_Metas/25/14/20190925143500_00160.png,735.2,896,84.7,30.2,959
9/25/2019 14:36,datasets/dataset_cropped/09_Metas/25/14/20190925143600_00160.jpg,datasets_flow/dataset_cropped/09_Metas/25/14/20190925143600_00160.jpg,datasets_cloudmask/dataset_cropped/09_Metas/25/14/20190925143600_00160.png,733.6,896,84.9,30.4,959
9/25/2019 14:37,datasets/dataset_cropped/09_Metas/25/14/20190925143700_00160.jpg,datasets_flow/dataset_cropped/09_Metas/25/14/20190925143700_00160.jpg,datasets_cloudmask/dataset_cropped/09_Metas/25/14/20190925143700_00160.png,732,896,85,30.4,959
9/25/2019 14:38,datasets/dataset_cropped/09_Metas/25/14/20190925143800_00160.jpg,datasets_flow/dataset_cropped/09_Metas/25/14/20190925143800_00160.jpg,datasets_cloudmask/dataset_cropped/09_Metas/25/14/20190925143800_00160.png,730.2,895,84.8,30.2,959
9/25/2019 14:39,datasets/dataset_cropped/09_Metas/25/14/20190925143900_00160.jpg,datasets_flow/dataset_cropped/09_Metas/25/14/20190925143900_00160.jpg,datasets_cloudmask/dataset_cropped/09_Metas/25/14/20190925143900_00160.png,727.7,893,84.5,30.3,959
9/25/2019 14:40,datasets/dataset_cropped/09_Metas/25/14/20190925144000_00160.jpg,datasets_flow/dataset_cropped/09_Metas/25/14/20190925144000_00160.jpg,datasets_cloudmask/dataset_cropped/09_Metas/25/14/20190925144000_00160.png,725.6,892,84.8,30.1,959
9/25/2019 14:41,datasets/dataset_cropped/09_Metas/25/14/20190925144100_00160.jpg,datasets_flow/dataset_cropped/09_Metas/25/14/20190925144100_00160.jpg,datasets_cloudmask/dataset_cropped/09_Metas/25/14/20190925144100_00160.png,723.6,890,84.8,29.8,959
9/25/2019 14:42,datasets/dataset_cropped/09_Metas/25/14/20190925144200_00160.jpg,datasets_flow/dataset_cropped/09_Metas/25/14/20190925144200_00160.jpg,datasets_cloudmask/dataset_cropped/09_Metas/25/14/20190925144200_00160.png,721.5,888,84.8,29.7,959
9/25/2019 14:43,datasets/dataset_cropped/09_Metas/25/14/20190925144300_00160.jpg,datasets_flow/dataset_cropped/09_Metas/25/14/20190925144300_00160.jpg,datasets_cloudmask/dataset_cropped/09_Metas/25/14/20190925144300_00160.png,719.2,887,84.9,29.6,959
9/25/2019 14:44,datasets/dataset_cropped/09_Metas/25/14/20190925144400_00160.jpg,datasets_flow/dataset_cropped/09_Metas/25/14/20190925144400_00160.jpg,datasets_cloudmask/dataset_cropped/09_Metas/25/14/20190925144400_00160.png,717.2,886,84.9,29.8,959
9/25/2019 14:45,datasets/dataset_cropped/09_Metas/25/14/20190925144500_00160.jpg,datasets_flow/dataset_cropped/09_Metas/25/14/20190925144500_00160.jpg,datasets_cloudmask/dataset_cropped/09_Metas/25/14/20190925144500_00160.png,715.3,885,85,29.8,959
9/25/2019 14:46,datasets/dataset_cropped/09_Metas/25/14/20190925144600_00160.jpg,datasets_flow/dataset_cropped/09_Metas/25/14/20190925144600_00160.jpg,datasets_cloudmask/dataset_cropped/09_Metas/25/14/20190925144600_00160.png,713.4,885,85.2,29.8,959
9/25/2019 14:47,datasets/dataset_cropped/09_Metas/25/14/20190925144700_00160.jpg,datasets_flow/dataset_cropped/09_Metas/25/14/20190925144700_00160.jpg,datasets_cloudmask/dataset_cropped/09_Metas/25/14/20190925144700_00160.png,711.3,884,85,29.8,959
9/25/2019 14:48,datasets/dataset_cropped/09_Metas/25/14/20190925144800_00160.jpg,datasets_flow/dataset_cropped/09_Metas/25/14/20190925144800_00160.jpg,datasets_cloudmask/dataset_cropped/09_Metas/25/14/20190925144800_00160.png,709.4,883,84.9,29.9,959
9/25/2019 14:49,datasets/dataset_cropped/09_Metas/25/14/20190925144900_00160.jpg,datasets_flow/dataset_cropped/09_Metas/25/14/20190925144900_00160.jpg,datasets_cloudmask/dataset_cropped/09_Metas/25/14/20190925144900_00160.png,707,882,84.9,29.9,959
9/25/2019 14:50,datasets/dataset_cropped/09_Metas/25/14/20190925145000_00160.jpg,datasets_flow/dataset_cropped/09_Metas/25/14/20190925145000_00160.jpg,datasets_cloudmask/dataset_cropped/09_Metas/25/14/20190925145000_00160.png,705.5,882,85,29.9,959
9/25/2019 14:51,datasets/dataset_cropped/09_Metas/25/14/20190925145100_00160.jpg,datasets_flow/dataset_cropped/09_Metas/25/14/20190925145100_00160.jpg,datasets_cloudmask/dataset_cropped/09_Metas/25/14/20190925145100_00160.png,703.8,882,84.7,29.8,959
9/25/2019 14:52,datasets/dataset_cropped/09_Metas/25/14/20190925145200_00160.jpg,datasets_flow/dataset_cropped/09_Metas/25/14/20190925145200_00160.jpg,datasets_cloudmask/dataset_cropped/09_Metas/25/14/20190925145200_00160.png,703.2,883,84.8,29.8,959
9/25/2019 14:53,datasets/dataset_cropped/09_Metas/25/14/20190925145300_00160.jpg,datasets_flow/dataset_cropped/09_Metas/25/14/20190925145300_00160.jpg,datasets_cloudmask/dataset_cropped/09_Metas/25/14/20190925145300_00160.png,703.5,886,85,29.8,959
9/25/2019 14:54,datasets/dataset_cropped/09_Metas/25/14/20190925145400_00160.jpg,datasets_flow/dataset_cropped/09_Metas/25/14/20190925145400_00160.jpg,datasets_cloudmask/dataset_cropped/09_Metas/25/14/20190925145400_00160.png,703.1,888,85,30,959
9/25/2019 14:55,datasets/dataset_cropped/09_Metas/25/14/20190925145500_00160.jpg,datasets_flow/dataset_cropped/09_Metas/25/14/20190925145500_00160.jpg,datasets_cloudmask/dataset_cropped/09_Metas/25/14/20190925145500_00160.png,701.3,888,84.5,30.1,959
9/25/2019 14:56,datasets/dataset_cropped/09_Metas/25/14/20190925145600_00160.jpg,datasets_flow/dataset_cropped/09_Metas/25/14/20190925145600_00160.jpg,datasets_cloudmask/dataset_cropped/09_Metas/25/14/20190925145600_00160.png,699.5,888,84.8,30.2,959
9/25/2019 14:57,datasets/dataset_cropped/09_Metas/25/14/20190925145700_00160.jpg,datasets_flow/dataset_cropped/09_Metas/25/14/20190925145700_00160.jpg,datasets_cloudmask/dataset_cropped/09_Metas/25/14/20190925145700_00160.png,697.5,888,84.5,30.2,959
9/25/2019 14:58,datasets/dataset_cropped/09_Metas/25/14/20190925145800_00160.jpg,datasets_flow/dataset_cropped/09_Metas/25/14/20190925145800_00160.jpg,datasets_cloudmask/dataset_cropped/09_Metas/25/14/20190925145800_00160.png,695.5,887,84,30.2,959
9/25/2019 14:59,datasets/dataset_cropped/09_Metas/25/14/20190925145900_00160.jpg,datasets_flow/dataset_cropped/09_Metas/25/14/20190925145900_00160.jpg,datasets_cloudmask/dataset_cropped/09_Metas/25/14/20190925145900_00160.png,692.9,885,83.9,30.1,959
9/25/2019 15:00,datasets/dataset_cropped/09_Metas/25/15/20190925150000_00160.jpg,datasets_flow/dataset_cropped/09_Metas/25/15/20190925150000_00160.jpg,datasets_cloudmask/dataset_cropped/09_Metas/25/15/20190925150000_00160.png,691.1,884,84,30.1,959
9/25/2019 15:01,datasets/dataset_cropped/09_Metas/25/15/20190925150100_00160.jpg,datasets_flow/dataset_cropped/09_Metas/25/15/20190925150100_00160.jpg,datasets_cloudmask/dataset_cropped/09_Metas/25/15/20190925150100_00160.png,689.2,884,84.1,30,959
9/25/2019 15:02,datasets/dataset_cropped/09_Metas/25/15/20190925150200_00160.jpg,datasets_flow/dataset_cropped/09_Metas/25/15/20190925150200_00160.jpg,datasets_cloudmask/dataset_cropped/09_Metas/25/15/20190925150200_00160.png,686.1,882,83.6,30,959
9/25/2019 15:03,datasets/dataset_cropped/09_Metas/25/15/20190925150300_00160.jpg,datasets_flow/dataset_cropped/09_Metas/25/15/20190925150300_00160.jpg,datasets_cloudmask/dataset_cropped/09_Metas/25/15/20190925150300_00160.png,683.2,880,83.6,30,959
9/25/2019 15:04,datasets/dataset_cropped/09_Metas/25/15/20190925150400_00160.jpg,datasets_flow/dataset_cropped/09_Metas/25/15/20190925150400_00160.jpg,datasets_cloudmask/dataset_cropped/09_Metas/25/15/20190925150400_00160.png,680.8,877,83.7,29.8,959
9/25/2019 15:05,datasets/dataset_cropped/09_Metas/25/15/20190925150500_00160.jpg,datasets_flow/dataset_cropped/09_Metas/25/15/20190925150500_00160.jpg,datasets_cloudmask/dataset_cropped/09_Metas/25/15/20190925150500_00160.png,679.1,877,84,30.1,959
9/25/2019 15:06,datasets/dataset_cropped/09_Metas/25/15/20190925150600_00160.jpg,datasets_flow/dataset_cropped/09_Metas/25/15/20190925150600_00160.jpg,datasets_cloudmask/dataset_cropped/09_Metas/25/15/20190925150600_00160.png,676.2,875,84.5,30.2,959
9/25/2019 15:07,datasets/dataset_cropped/09_Metas/25/15/20190925150700_00160.jpg,datasets_flow/dataset_cropped/09_Metas/25/15/20190925150700_00160.jpg,datasets_cloudmask/dataset_cropped/09_Metas/25/15/20190925150700_00160.png,674.1,874,84.4,30,959
9/25/2019 15:08,datasets/dataset_cropped/09_Metas/25/15/20190925150800_00160.jpg,datasets_flow/dataset_cropped/09_Metas/25/15/20190925150800_00160.jpg,datasets_cloudmask/dataset_cropped/09_Metas/25/15/20190925150800_00160.png,671.4,872,84.4,30,959
9/25/2019 15:09,datasets/dataset_cropped/09_Metas/25/15/20190925150900_00160.jpg,datasets_flow/dataset_cropped/09_Metas/25/15/20190925150900_00160.jpg,datasets_cloudmask/dataset_cropped/09_Metas/25/15/20190925150900_00160.png,669.2,871,84.3,30.2,959
9/25/2019 15:10,datasets/dataset_cropped/09_Metas/25/15/20190925151000_00160.jpg,datasets_flow/dataset_cropped/09_Metas/25/15/20190925151000_00160.jpg,datasets_cloudmask/dataset_cropped/09_Metas/25/15/20190925151000_00160.png,666.4,870,84.1,29.9,959
9/25/2019 15:11,datasets/dataset_cropped/09_Metas/25/15/20190925151100_00160.jpg,datasets_flow/dataset_cropped/09_Metas/25/15/20190925151100_00160.jpg,datasets_cloudmask/dataset_cropped/09_Metas/25/15/20190925151100_00160.png,664.1,869,84,29.8,959
9/25/2019 15:12,datasets/dataset_cropped/09_Metas/25/15/20190925151200_00160.jpg,datasets_flow/dataset_cropped/09_Metas/25/15/20190925151200_00160.jpg,datasets_cloudmask/dataset_cropped/09_Metas/25/15/20190925151200_00160.png,661.8,868,84.2,29.9,959
9/25/2019 15:13,datasets/dataset_cropped/09_Metas/25/15/20190925151300_00160.jpg,datasets_flow/dataset_cropped/09_Metas/25/15/20190925151300_00160.jpg,datasets_cloudmask/dataset_cropped/09_Metas/25/15/20190925151300_00160.png,659,866,84.1,29.9,959
9/25/2019 15:14,datasets/dataset_cropped/09_Metas/25/15/20190925151400_00160.jpg,datasets_flow/dataset_cropped/09_Metas/25/15/20190925151400_00160.jpg,datasets_cloudmask/dataset_cropped/09_Metas/25/15/20190925151400_00160.png,656.9,866,84.1,30,959
9/25/2019 15:15,datasets/dataset_cropped/09_Metas/25/15/20190925151500_00160.jpg,datasets_flow/dataset_cropped/09_Metas/25/15/20190925151500_00160.jpg,datasets_cloudmask/dataset_cropped/09_Metas/25/15/20190925151500_00160.png,656,867,84,30.4,959
9/25/2019 15:16,datasets/dataset_cropped/09_Metas/25/15/20190925151600_00160.jpg,datasets_flow/dataset_cropped/09_Metas/25/15/20190925151600_00160.jpg,datasets_cloudmask/dataset_cropped/09_Metas/25/15/20190925151600_00160.png,654.1,866,83.9,30.3,959
9/25/2019 15:17,datasets/dataset_cropped/09_Metas/25/15/20190925151700_00160.jpg,datasets_flow/dataset_cropped/09_Metas/25/15/20190925151700_00160.jpg,datasets_cloudmask/dataset_cropped/09_Metas/25/15/20190925151700_00160.png,652.3,866,84.2,30.1,959
9/25/2019 15:18,datasets/dataset_cropped/09_Metas/25/15/20190925151800_00160.jpg,datasets_flow/dataset_cropped/09_Metas/25/15/20190925151800_00160.jpg,datasets_cloudmask/dataset_cropped/09_Metas/25/15/20190925151800_00160.png,650.4,866,84.1,30.3,959
9/25/2019 15:19,datasets/dataset_cropped/09_Metas/25/15/20190925151900_00160.jpg,datasets_flow/dataset_cropped/09_Metas/25/15/20190925151900_00160.jpg,datasets_cloudmask/dataset_cropped/09_Metas/25/15/20190925151900_00160.png,647.7,865,83.8,30.3,959
9/25/2019 15:20,datasets/dataset_cropped/09_Metas/25/15/20190925152000_00160.jpg,datasets_flow/dataset_cropped/09_Metas/25/15/20190925152000_00160.jpg,datasets_cloudmask/dataset_cropped/09_Metas/25/15/20190925152000_00160.png,645.3,864,83.5,30,959
9/25/2019 15:21,datasets/dataset_cropped/09_Metas/25/15/20190925152100_00160.jpg,datasets_flow/dataset_cropped/09_Metas/25/15/20190925152100_00160.jpg,datasets_cloudmask/dataset_cropped/09_Metas/25/15/20190925152100_00160.png,642.9,863,83.3,30.1,959
9/25/2019 15:22,datasets/dataset_cropped/09_Metas/25/15/20190925152200_00160.jpg,datasets_flow/dataset_cropped/09_Metas/25/15/20190925152200_00160.jpg,datasets_cloudmask/dataset_cropped/09_Metas/25/15/20190925152200_00160.png,640.4,862,83.3,30.3,959
9/25/2019 15:23,datasets/dataset_cropped/09_Metas/25/15/20190925152300_00160.jpg,datasets_flow/dataset_cropped/09_Metas/25/15/20190925152300_00160.jpg,datasets_cloudmask/dataset_cropped/09_Metas/25/15/20190925152300_00160.png,638.6,861,83.5,30.4,959
9/25/2019 15:24,datasets/dataset_cropped/09_Metas/25/15/20190925152400_00160.jpg,datasets_flow/dataset_cropped/09_Metas/25/15/20190925152400_00160.jpg,datasets_cloudmask/dataset_cropped/09_Metas/25/15/20190925152400_00160.png,635.8,860,83.5,30.3,959
9/25/2019 15:25,datasets/dataset_cropped/09_Metas/25/15/20190925152500_00160.jpg,datasets_flow/dataset_cropped/09_Metas/25/15/20190925152500_00160.jpg,datasets_cloudmask/dataset_cropped/09_Metas/25/15/20190925152500_00160.png,633.6,859,83.5,30.1,959
9/25/2019 15:26,datasets/dataset_cropped/09_Metas/25/15/20190925152600_00160.jpg,datasets_flow/dataset_cropped/09_Metas/25/15/20190925152600_00160.jpg,datasets_cloudmask/dataset_cropped/09_Metas/25/15/20190925152600_00160.png,631.4,858,83.6,30,959
9/25/2019 15:27,datasets/dataset_cropped/09_Metas/25/15/20190925152700_00160.jpg,datasets_flow/dataset_cropped/09_Metas/25/15/20190925152700_00160.jpg,datasets_cloudmask/dataset_cropped/09_Metas/25/15/20190925152700_00160.png,628.6,857,83.7,30,959
9/25/2019 15:28,datasets/dataset_cropped/09_Metas/25/15/20190925152800_00160.jpg,datasets_flow/dataset_cropped/09_Metas/25/15/20190925152800_00160.jpg,datasets_cloudmask/dataset_cropped/09_Metas/25/15/20190925152800_00160.png,626.1,857,83.2,29.9,959
9/25/2019 15:29,datasets/dataset_cropped/09_Metas/25/15/20190925152900_00160.jpg,datasets_flow/dataset_cropped/09_Metas/25/15/20190925152900_00160.jpg,datasets_cloudmask/dataset_cropped/09_Metas/25/15/20190925152900_00160.png,623.7,856,83.2,30.1,959
9/25/2019 15:30,datasets/dataset_cropped/09_Metas/25/15/20190925153000_00160.jpg,datasets_flow/dataset_cropped/09_Metas/25/15/20190925153000_00160.jpg,datasets_cloudmask/dataset_cropped/09_Metas/25/15/20190925153000_00160.png,621.1,854,83.4,30.3,959
9/25/2019 15:31,datasets/dataset_cropped/09_Metas/25/15/20190925153100_00160.jpg,datasets_flow/dataset_cropped/09_Metas/25/15/20190925153100_00160.jpg,datasets_cloudmask/dataset_cropped/09_Metas/25/15/20190925153100_00160.png,618.7,853,83.5,30.2,959
9/25/2019 15:32,datasets/dataset_cropped/09_Metas/25/15/20190925153200_00160.jpg,datasets_flow/dataset_cropped/09_Metas/25/15/20190925153200_00160.jpg,datasets_cloudmask/dataset_cropped/09_Metas/25/15/20190925153200_00160.png,616.6,853,83.5,30.2,959
9/25/2019 15:33,datasets/dataset_cropped/09_Metas/25/15/20190925153300_00160.jpg,datasets_flow/dataset_cropped/09_Metas/25/15/20190925153300_00160.jpg,datasets_cloudmask/dataset_cropped/09_Metas/25/15/20190925153300_00160.png,614.2,853,83.2,30.2,959
9/25/2019 15:34,datasets/dataset_cropped/09_Metas/25/15/20190925153400_00160.jpg,datasets_flow/dataset_cropped/09_Metas/25/15/20190925153400_00160.jpg,datasets_cloudmask/dataset_cropped/09_Metas/25/15/20190925153400_00160.png,611.5,851,82.8,30,959
9/25/2019 15:35,datasets/dataset_cropped/09_Metas/25/15/20190925153500_00160.jpg,datasets_flow/dataset_cropped/09_Metas/25/15/20190925153500_00160.jpg,datasets_cloudmask/dataset_cropped/09_Metas/25/15/20190925153500_00160.png,608.6,849,82.8,29.9,959
9/25/2019 15:36,datasets/dataset_cropped/09_Metas/25/15/20190925153600_00160.jpg,datasets_flow/dataset_cropped/09_Metas/25/15/20190925153600_00160.jpg,datasets_cloudmask/dataset_cropped/09_Metas/25/15/20190925153600_00160.png,605,846,82.6,29.9,959
9/25/2019 15:37,datasets/dataset_cropped/09_Metas/25/15/20190925153700_00160.jpg,datasets_flow/dataset_cropped/09_Metas/25/15/20190925153700_00160.jpg,datasets_cloudmask/dataset_cropped/09_Metas/25/15/20190925153700_00160.png,601.6,844,82.2,29.7,959
9/25/2019 15:38,datasets/dataset_cropped/09_Metas/25/15/20190925153800_00160.jpg,datasets_flow/dataset_cropped/09_Metas/25/15/20190925153800_00160.jpg,datasets_cloudmask/dataset_cropped/09_Metas/25/15/20190925153800_00160.png,598.6,841,82.2,29.8,959
9/25/2019 15:39,datasets/dataset_cropped/09_Metas/25/15/20190925153900_00160.jpg,datasets_flow/dataset_cropped/09_Metas/25/15/20190925153900_00160.jpg,datasets_cloudmask/dataset_cropped/09_Metas/25/15/20190925153900_00160.png,595.8,840,82.2,29.9,959
9/25/2019 15:40,datasets/dataset_cropped/09_Metas/25/15/20190925154000_00160.jpg,datasets_flow/dataset_cropped/09_Metas/25/15/20190925154000_00160.jpg,datasets_cloudmask/dataset_cropped/09_Metas/25/15/20190925154000_00160.png,593.3,840,82.1,30,959
9/25/2019 15:41,datasets/dataset_cropped/09_Metas/25/15/20190925154100_00160.jpg,datasets_flow/dataset_cropped/09_Metas/25/15/20190925154100_00160.jpg,datasets_cloudmask/dataset_cropped/09_Metas/25/15/20190925154100_00160.png,591.7,840,82.4,30,959
9/25/2019 15:42,datasets/dataset_cropped/09_Metas/25/15/20190925154200_00160.jpg,datasets_flow/dataset_cropped/09_Metas/25/15/20190925154200_00160.jpg,datasets_cloudmask/dataset_cropped/09_Metas/25/15/20190925154200_00160.png,589.3,840,82.1,29.9,959
9/25/2019 15:43,datasets/dataset_cropped/09_Metas/25/15/20190925154300_00160.jpg,datasets_flow/dataset_cropped/09_Metas/25/15/20190925154300_00160.jpg,datasets_cloudmask/dataset_cropped/09_Metas/25/15/20190925154300_00160.png,587.1,840,81.9,29.9,959
9/25/2019 15:44,datasets/dataset_cropped/09_Metas/25/15/20190925154400_00160.jpg,datasets_flow/dataset_cropped/09_Metas/25/15/20190925154400_00160.jpg,datasets_cloudmask/dataset_cropped/09_Metas/25/15/20190925154400_00160.png,584.7,839,81.7,30.1,959
9/25/2019 15:45,datasets/dataset_cropped/09_Metas/25/15/20190925154500_00160.jpg,datasets_flow/dataset_cropped/09_Metas/25/15/20190925154500_00160.jpg,datasets_cloudmask/dataset_cropped/09_Metas/25/15/20190925154500_00160.png,582.7,839,81.6,30.3,959
9/25/2019 15:46,datasets/dataset_cropped/09_Metas/25/15/20190925154600_00160.jpg,datasets_flow/dataset_cropped/09_Metas/25/15/20190925154600_00160.jpg,datasets_cloudmask/dataset_cropped/09_Metas/25/15/20190925154600_00160.png,580.3,838,81.6,30.2,959
9/25/2019 15:47,datasets/dataset_cropped/09_Metas/25/15/20190925154700_00160.jpg,datasets_flow/dataset_cropped/09_Metas/25/15/20190925154700_00160.jpg,datasets_cloudmask/dataset_cropped/09_Metas/25/15/20190925154700_00160.png,576.9,836,81.7,30.1,959
9/25/2019 15:48,datasets/dataset_cropped/09_Metas/25/15/20190925154800_00160.jpg,datasets_flow/dataset_cropped/09_Metas/25/15/20190925154800_00160.jpg,datasets_cloudmask/dataset_cropped/09_Metas/25/15/20190925154800_00160.png,573.7,834,81.7,30.2,959
9/25/2019 15:49,datasets/dataset_cropped/09_Metas/25/15/20190925154900_00160.jpg,datasets_flow/dataset_cropped/09_Metas/25/15/20190925154900_00160.jpg,datasets_cloudmask/dataset_cropped/09_Metas/25/15/20190925154900_00160.png,570.9,833,81.6,30.3,959
9/25/2019 15:50,datasets/dataset_cropped/09_Metas/25/15/20190925155000_00160.jpg,datasets_flow/dataset_cropped/09_Metas/25/15/20190925155000_00160.jpg,datasets_cloudmask/dataset_cropped/09_Metas/25/15/20190925155000_00160.png,569.1,834,81.4,30.2,959
9/25/2019 15:51,datasets/dataset_cropped/09_Metas/25/15/20190925155100_00160.jpg,datasets_flow/dataset_cropped/09_Metas/25/15/20190925155100_00160.jpg,datasets_cloudmask/dataset_cropped/09_Metas/25/15/20190925155100_00160.png,566.3,832,81.4,30,959
9/25/2019 15:52,datasets/dataset_cropped/09_Metas/25/15/20190925155200_00160.jpg,datasets_flow/dataset_cropped/09_Metas/25/15/20190925155200_00160.jpg,datasets_cloudmask/dataset_cropped/09_Metas/25/15/20190925155200_00160.png,563.2,830,81.3,30.1,958
9/25/2019 15:53,datasets/dataset_cropped/09_Metas/25/15/20190925155300_00160.jpg,datasets_flow/dataset_cropped/09_Metas/25/15/20190925155300_00160.jpg,datasets_cloudmask/dataset_cropped/09_Metas/25/15/20190925155300_00160.png,560.7,829,81.3,30.2,958
9/25/2019 15:54,datasets/dataset_cropped/09_Metas/25/15/20190925155400_00160.jpg,datasets_flow/dataset_cropped/09_Metas/25/15/20190925155400_00160.jpg,datasets_cloudmask/dataset_cropped/09_Metas/25/15/20190925155400_00160.png,557.8,828,81.2,30.2,958
9/25/2019 15:55,datasets/dataset_cropped/09_Metas/25/15/20190925155500_00160.jpg,datasets_flow/dataset_cropped/09_Metas/25/15/20190925155500_00160.jpg,datasets_cloudmask/dataset_cropped/09_Metas/25/15/20190925155500_00160.png,554.8,826,81,30.1,959
9/25/2019 15:56,datasets/dataset_cropped/09_Metas/25/15/20190925155600_00160.jpg,datasets_flow/dataset_cropped/09_Metas/25/15/20190925155600_00160.jpg,datasets_cloudmask/dataset_cropped/09_Metas/25/15/20190925155600_00160.png,550.8,822,80.7,30.2,959
9/25/2019 15:57,datasets/dataset_cropped/09_Metas/25/15/20190925155700_00160.jpg,datasets_flow/dataset_cropped/09_Metas/25/15/20190925155700_00160.jpg,datasets_cloudmask/dataset_cropped/09_Metas/25/15/20190925155700_00160.png,548.1,821,80.7,30.1,959
9/25/2019 15:58,datasets/dataset_cropped/09_Metas/25/15/20190925155800_00160.jpg,datasets_flow/dataset_cropped/09_Metas/25/15/20190925155800_00160.jpg,datasets_cloudmask/dataset_cropped/09_Metas/25/15/20190925155800_00160.png,545.1,819,81,30.1,958
9/25/2019 15:59,datasets/dataset_cropped/09_Metas/25/15/20190925155900_00160.jpg,datasets_flow/dataset_cropped/09_Metas/25/15/20190925155900_00160.jpg,datasets_cloudmask/dataset_cropped/09_Metas/25/15/20190925155900_00160.png,542.5,818,81.3,30.2,959
9/25/2019 16:00,datasets/dataset_cropped/09_Metas/25/16/20190925160000_00160.jpg,datasets_flow/dataset_cropped/09_Metas/25/16/20190925160000_00160.jpg,datasets_cloudmask/dataset_cropped/09_Metas/25/16/20190925160000_00160.png,540.6,819,81.3,30.1,959
9/25/2019 16:01,datasets/dataset_cropped/09_Metas/25/16/20190925160100_00160.jpg,datasets_flow/dataset_cropped/09_Metas/25/16/20190925160100_00160.jpg,datasets_cloudmask/dataset_cropped/09_Metas/25/16/20190925160100_00160.png,538,818,81,29.9,958
9/25/2019 16:02,datasets/dataset_cropped/09_Metas/25/16/20190925160200_00160.jpg,datasets_flow/dataset_cropped/09_Metas/25/16/20190925160200_00160.jpg,datasets_cloudmask/dataset_cropped/09_Metas/25/16/20190925160200_00160.png,534.7,816,80.5,30.1,958
9/25/2019 16:03,datasets/dataset_cropped/09_Metas/25/16/20190925160300_00160.jpg,datasets_flow/dataset_cropped/09_Metas/25/16/20190925160300_00160.jpg,datasets_cloudmask/dataset_cropped/09_Metas/25/16/20190925160300_00160.png,531.7,814,80.4,30.3,958
9/25/2019 16:04,datasets/dataset_cropped/09_Metas/25/16/20190925160400_00160.jpg,datasets_flow/dataset_cropped/09_Metas/25/16/20190925160400_00160.jpg,datasets_cloudmask/dataset_cropped/09_Metas/25/16/20190925160400_00160.png,528.8,813,80.2,30.3,959
9/25/2019 16:05,datasets/dataset_cropped/09_Metas/25/16/20190925160500_00160.jpg,datasets_flow/dataset_cropped/09_Metas/25/16/20190925160500_00160.jpg,datasets_cloudmask/dataset_cropped/09_Metas/25/16/20190925160500_00160.png,525.8,811,80.2,30.3,959
9/25/2019 16:06,datasets/dataset_cropped/09_Metas/25/16/20190925160600_00160.jpg,datasets_flow/dataset_cropped/09_Metas/25/16/20190925160600_00160.jpg,datasets_cloudmask/dataset_cropped/09_Metas/25/16/20190925160600_00160.png,523.2,810,80.4,30.2,958
9/25/2019 16:07,datasets/dataset_cropped/09_Metas/25/16/20190925160700_00160.jpg,datasets_flow/dataset_cropped/09_Metas/25/16/20190925160700_00160.jpg,datasets_cloudmask/dataset_cropped/09_Metas/25/16/20190925160700_00160.png,520.1,809,80.3,30.3,959
9/25/2019 16:08,datasets/dataset_cropped/09_Metas/25/16/20190925160800_00160.jpg,datasets_flow/dataset_cropped/09_Metas/25/16/20190925160800_00160.jpg,datasets_cloudmask/dataset_cropped/09_Metas/25/16/20190925160800_00160.png,517.2,807,80.4,30.3,959
9/25/2019 16:09,datasets/dataset_cropped/09_Metas/25/16/20190925160900_00160.jpg,datasets_flow/dataset_cropped/09_Metas/25/16/20190925160900_00160.jpg,datasets_cloudmask/dataset_cropped/09_Metas/25/16/20190925160900_00160.png,513.8,806,80.1,30.2,958
9/25/2019 16:10,datasets/dataset_cropped/09_Metas/25/16/20190925161000_00160.jpg,datasets_flow/dataset_cropped/09_Metas/25/16/20190925161000_00160.jpg,datasets_cloudmask/dataset_cropped/09_Metas/25/16/20190925161000_00160.png,510.2,803,79.8,30.3,958
9/25/2019 16:11,datasets/dataset_cropped/09_Metas/25/16/20190925161100_00160.jpg,datasets_flow/dataset_cropped/09_Metas/25/16/20190925161100_00160.jpg,datasets_cloudmask/dataset_cropped/09_Metas/25/16/20190925161100_00160.png,506.5,800,79.4,30.1,959
9/25/2019 16:12,datasets/dataset_cropped/09_Metas/25/16/20190925161200_00160.jpg,datasets_flow/dataset_cropped/09_Metas/25/16/20190925161200_00160.jpg,datasets_cloudmask/dataset_cropped/09_Metas/25/16/20190925161200_00160.png,503.3,797.5,79.3,30,959
9/25/2019 16:13,datasets/dataset_cropped/09_Metas/25/16/20190925161300_00160.jpg,datasets_flow/dataset_cropped/09_Metas/25/16/20190925161300_00160.jpg,datasets_cloudmask/dataset_cropped/09_Metas/25/16/20190925161300_00160.png,500,795.2,79.1,30,959
9/25/2019 16:14,datasets/dataset_cropped/09_Metas/25/16/20190925161400_00160.jpg,datasets_flow/dataset_cropped/09_Metas/25/16/20190925161400_00160.jpg,datasets_cloudmask/dataset_cropped/09_Metas/25/16/20190925161400_00160.png,496.5,792.6,79.1,30.2,959
9/25/2019 16:15,datasets/dataset_cropped/09_Metas/25/16/20190925161500_00160.jpg,datasets_flow/dataset_cropped/09_Metas/25/16/20190925161500_00160.jpg,datasets_cloudmask/dataset_cropped/09_Metas/25/16/20190925161500_00160.png,492.9,789.7,79,30.4,959
9/25/2019 16:16,datasets/dataset_cropped/09_Metas/25/16/20190925161600_00160.jpg,datasets_flow/dataset_cropped/09_Metas/25/16/20190925161600_00160.jpg,datasets_cloudmask/dataset_cropped/09_Metas/25/16/20190925161600_00160.png,489.6,787.2,78.9,30.3,959
9/25/2019 16:17,datasets/dataset_cropped/09_Metas/25/16/20190925161700_00160.jpg,datasets_flow/dataset_cropped/09_Metas/25/16/20190925161700_00160.jpg,datasets_cloudmask/dataset_cropped/09_Metas/25/16/20190925161700_00160.png,487.2,786.4,79,30.3,959
9/25/2019 16:18,datasets/dataset_cropped/09_Metas/25/16/20190925161800_00160.jpg,datasets_flow/dataset_cropped/09_Metas/25/16/20190925161800_00160.jpg,datasets_cloudmask/dataset_cropped/09_Metas/25/16/20190925161800_00160.png,484,785,78.7,30.3,958
9/25/2019 16:19,datasets/dataset_cropped/09_Metas/25/16/20190925161900_00160.jpg,datasets_flow/dataset_cropped/09_Metas/25/16/20190925161900_00160.jpg,datasets_cloudmask/dataset_cropped/09_Metas/25/16/20190925161900_00160.png,481.2,783.9,78.8,30.4,958
9/25/2019 16:20,datasets/dataset_cropped/09_Metas/25/16/20190925162000_00160.jpg,datasets_flow/dataset_cropped/09_Metas/25/16/20190925162000_00160.jpg,datasets_cloudmask/dataset_cropped/09_Metas/25/16/20190925162000_00160.png,478.2,782.9,79,30.4,959
9/25/2019 16:21,datasets/dataset_cropped/09_Metas/25/16/20190925162100_00160.jpg,datasets_flow/dataset_cropped/09_Metas/25/16/20190925162100_00160.jpg,datasets_cloudmask/dataset_cropped/09_Metas/25/16/20190925162100_00160.png,474.7,781.1,78.4,30.2,958
9/25/2019 16:22,datasets/dataset_cropped/09_Metas/25/16/20190925162200_00160.jpg,datasets_flow/dataset_cropped/09_Metas/25/16/20190925162200_00160.jpg,datasets_cloudmask/dataset_cropped/09_Metas/25/16/20190925162200_00160.png,471.9,779,78.3,30.2,959
9/25/2019 16:23,datasets/dataset_cropped/09_Metas/25/16/20190925162300_00160.jpg,datasets_flow/dataset_cropped/09_Metas/25/16/20190925162300_00160.jpg,datasets_cloudmask/dataset_cropped/09_Metas/25/16/20190925162300_00160.png,468.4,776.4,78.3,30.3,959
9/25/2019 16:24,datasets/dataset_cropped/09_Metas/25/16/20190925162400_00160.jpg,datasets_flow/dataset_cropped/09_Metas/25/16/20190925162400_00160.jpg,datasets_cloudmask/dataset_cropped/09_Metas/25/16/20190925162400_00160.png,465.1,774.2,78.2,30.4,958
9/25/2019 16:25,datasets/dataset_cropped/09_Metas/25/16/20190925162500_00160.jpg,datasets_flow/dataset_cropped/09_Metas/25/16/20190925162500_00160.jpg,datasets_cloudmask/dataset_cropped/09_Metas/25/16/20190925162500_00160.png,462.1,772.7,78.2,30.3,958
9/25/2019 16:26,datasets/dataset_cropped/09_Metas/25/16/20190925162600_00160.jpg,datasets_flow/dataset_cropped/09_Metas/25/16/20190925162600_00160.jpg,datasets_cloudmask/dataset_cropped/09_Metas/25/16/20190925162600_00160.png,459.4,771.9,77.9,30.2,958
9/25/2019 16:27,datasets/dataset_cropped/09_Metas/25/16/20190925162700_00160.jpg,datasets_flow/dataset_cropped/09_Metas/25/16/20190925162700_00160.jpg,datasets_cloudmask/dataset_cropped/09_Metas/25/16/20190925162700_00160.png,456.3,770.7,77.7,30.1,959
9/25/2019 16:28,datasets/dataset_cropped/09_Metas/25/16/20190925162800_00160.jpg,datasets_flow/dataset_cropped/09_Metas/25/16/20190925162800_00160.jpg,datasets_cloudmask/dataset_cropped/09_Metas/25/16/20190925162800_00160.png,453.7,769.8,77.4,30.1,959
9/25/2019 16:29,datasets/dataset_cropped/09_Metas/25/16/20190925162900_00160.jpg,datasets_flow/dataset_cropped/09_Metas/25/16/20190925162900_00160.jpg,datasets_cloudmask/dataset_cropped/09_Metas/25/16/20190925162900_00160.png,451.1,769,77.4,30.3,959
9/25/2019 16:30,datasets/dataset_cropped/09_Metas/25/16/20190925163000_00160.jpg,datasets_flow/dataset_cropped/09_Metas/25/16/20190925163000_00160.jpg,datasets_cloudmask/dataset_cropped/09_Metas/25/16/20190925163000_00160.png,448,767.6,77.3,30.1,959
9/25/2019 16:31,datasets/dataset_cropped/09_Metas/25/16/20190925163100_00160.jpg,datasets_flow/dataset_cropped/09_Metas/25/16/20190925163100_00160.jpg,datasets_cloudmask/dataset_cropped/09_Metas/25/16/20190925163100_00160.png,445.1,766.6,77.2,30,959
9/25/2019 16:32,datasets/dataset_cropped/09_Metas/25/16/20190925163200_00160.jpg,datasets_flow/dataset_cropped/09_Metas/25/16/20190925163200_00160.jpg,datasets_cloudmask/dataset_cropped/09_Metas/25/16/20190925163200_00160.png,442.4,765.2,77,30.1,958
9/25/2019 16:33,datasets/dataset_cropped/09_Metas/25/16/20190925163300_00160.jpg,datasets_flow/dataset_cropped/09_Metas/25/16/20190925163300_00160.jpg,datasets_cloudmask/dataset_cropped/09_Metas/25/16/20190925163300_00160.png,439.7,764.4,76.8,30.2,959
9/25/2019 16:34,datasets/dataset_cropped/09_Metas/25/16/20190925163400_00160.jpg,datasets_flow/dataset_cropped/09_Metas/25/16/20190925163400_00160.jpg,datasets_cloudmask/dataset_cropped/09_Metas/25/16/20190925163400_00160.png,436.9,763.1,76.7,30.2,958
9/25/2019 16:35,datasets/dataset_cropped/09_Metas/25/16/20190925163500_00160.jpg,datasets_flow/dataset_cropped/09_Metas/25/16/20190925163500_00160.jpg,datasets_cloudmask/dataset_cropped/09_Metas/25/16/20190925163500_00160.png,433.7,761.1,76.5,30.1,958
9/25/2019 16:36,datasets/dataset_cropped/09_Metas/25/16/20190925163600_00160.jpg,datasets_flow/dataset_cropped/09_Metas/25/16/20190925163600_00160.jpg,datasets_cloudmask/dataset_cropped/09_Metas/25/16/20190925163600_00160.png,430,758.6,76.3,30.1,959
9/25/2019 16:37,datasets/dataset_cropped/09_Metas/25/16/20190925163700_00160.jpg,datasets_flow/dataset_cropped/09_Metas/25/16/20190925163700_00160.jpg,datasets_cloudmask/dataset_cropped/09_Metas/25/16/20190925163700_00160.png,427.3,757.6,76.2,30.3,958
9/25/2019 16:38,datasets/dataset_cropped/09_Metas/25/16/20190925163800_00160.jpg,datasets_flow/dataset_cropped/09_Metas/25/16/20190925163800_00160.jpg,datasets_cloudmask/dataset_cropped/09_Metas/25/16/20190925163800_00160.png,423.8,755.3,76,30.3,959
9/25/2019 16:39,datasets/dataset_cropped/09_Metas/25/16/20190925163900_00160.jpg,datasets_flow/dataset_cropped/09_Metas/25/16/20190925163900_00160.jpg,datasets_cloudmask/dataset_cropped/09_Metas/25/16/20190925163900_00160.png,420.1,752.2,75.9,30.2,958
9/25/2019 16:40,datasets/dataset_cropped/09_Metas/25/16/20190925164000_00160.jpg,datasets_flow/dataset_cropped/09_Metas/25/16/20190925164000_00160.jpg,datasets_cloudmask/dataset_cropped/09_Metas/25/16/20190925164000_00160.png,417,750.3,75.8,30.3,958
9/25/2019 16:41,datasets/dataset_cropped/09_Metas/25/16/20190925164100_00160.jpg,datasets_flow/dataset_cropped/09_Metas/25/16/20190925164100_00160.jpg,datasets_cloudmask/dataset_cropped/09_Metas/25/16/20190925164100_00160.png,413.9,748.7,75.7,30.2,959
9/25/2019 16:42,datasets/dataset_cropped/09_Metas/25/16/20190925164200_00160.jpg,datasets_flow/dataset_cropped/09_Metas/25/16/20190925164200_00160.jpg,datasets_cloudmask/dataset_cropped/09_Metas/25/16/20190925164200_00160.png,410.7,747,75.6,30.1,958
9/25/2019 16:43,datasets/dataset_cropped/09_Metas/25/16/20190925164300_00160.jpg,datasets_flow/dataset_cropped/09_Metas/25/16/20190925164300_00160.jpg,datasets_cloudmask/dataset_cropped/09_Metas/25/16/20190925164300_00160.png,407.6,745.4,75.2,30.1,958
9/25/2019 16:44,datasets/dataset_cropped/09_Metas/25/16/20190925164400_00160.jpg,datasets_flow/dataset_cropped/09_Metas/25/16/20190925164400_00160.jpg,datasets_cloudmask/dataset_cropped/09_Metas/25/16/20190925164400_00160.png,404.6,743.3,74.8,30.1,959
9/25/2019 16:45,datasets/dataset_cropped/09_Metas/25/16/20190925164500_00160.jpg,datasets_flow/dataset_cropped/09_Metas/25/16/20190925164500_00160.jpg,datasets_cloudmask/dataset_cropped/09_Metas/25/16/20190925164500_00160.png,401.8,742.3,74.5,30.1,959
9/25/2019 16:46,datasets/dataset_cropped/09_Metas/25/16/20190925164600_00160.jpg,datasets_flow/dataset_cropped/09_Metas/25/16/20190925164600_00160.jpg,datasets_cloudmask/dataset_cropped/09_Metas/25/16/20190925164600_00160.png,398.3,738.7,74.5,30,959
9/25/2019 16:47,datasets/dataset_cropped/09_Metas/25/16/20190925164700_00160.jpg,datasets_flow/dataset_cropped/09_Metas/25/16/20190925164700_00160.jpg,datasets_cloudmask/dataset_cropped/09_Metas/25/16/20190925164700_00160.png,394.7,735.7,74.6,30,959
9/25/2019 16:48,datasets/dataset_cropped/09_Metas/25/16/20190925164800_00160.jpg,datasets_flow/dataset_cropped/09_Metas/25/16/20190925164800_00160.jpg,datasets_cloudmask/dataset_cropped/09_Metas/25/16/20190925164800_00160.png,391.2,733.3,74.1,30,958
9/25/2019 16:49,datasets/dataset_cropped/09_Metas/25/16/20190925164900_00160.jpg,datasets_flow/dataset_cropped/09_Metas/25/16/20190925164900_00160.jpg,datasets_cloudmask/dataset_cropped/09_Metas/25/16/20190925164900_00160.png,388,731.4,73.7,29.7,959
9/25/2019 16:50,datasets/dataset_cropped/09_Metas/25/16/20190925165000_00160.jpg,datasets_flow/dataset_cropped/09_Metas/25/16/20190925165000_00160.jpg,datasets_cloudmask/dataset_cropped/09_Metas/25/16/20190925165000_00160.png,384.5,729,73.5,29.6,958
9/25/2019 16:51,datasets/dataset_cropped/09_Metas/25/16/20190925165100_00160.jpg,datasets_flow/dataset_cropped/09_Metas/25/16/20190925165100_00160.jpg,datasets_cloudmask/dataset_cropped/09_Metas/25/16/20190925165100_00160.png,381.2,726.2,73.2,29.7,959
9/25/2019 16:52,datasets/dataset_cropped/09_Metas/25/16/20190925165200_00160.jpg,datasets_flow/dataset_cropped/09_Metas/25/16/20190925165200_00160.jpg,datasets_cloudmask/dataset_cropped/09_Metas/25/16/20190925165200_00160.png,377.9,723.9,73.1,29.7,959
9/25/2019 16:53,datasets/dataset_cropped/09_Metas/25/16/20190925165300_00160.jpg,datasets_flow/dataset_cropped/09_Metas/25/16/20190925165300_00160.jpg,datasets_cloudmask/dataset_cropped/09_Metas/25/16/20190925165300_00160.png,374.8,722,73,29.8,958
9/25/2019 16:54,datasets/dataset_cropped/09_Metas/25/16/20190925165400_00160.jpg,datasets_flow/dataset_cropped/09_Metas/25/16/20190925165400_00160.jpg,datasets_cloudmask/dataset_cropped/09_Metas/25/16/20190925165400_00160.png,371.6,720.2,72.7,29.9,958
9/25/2019 16:55,datasets/dataset_cropped/09_Metas/25/16/20190925165500_00160.jpg,datasets_flow/dataset_cropped/09_Metas/25/16/20190925165500_00160.jpg,datasets_cloudmask/dataset_cropped/09_Metas/25/16/20190925165500_00160.png,368.9,719.4,72.3,29.8,958
9/25/2019 16:56,datasets/dataset_cropped/09_Metas/25/16/20190925165600_00160.jpg,datasets_flow/dataset_cropped/09_Metas/25/16/20190925165600_00160.jpg,datasets_cloudmask/dataset_cropped/09_Metas/25/16/20190925165600_00160.png,366,717.9,72.1,29.7,958
9/25/2019 16:57,datasets/dataset_cropped/09_Metas/25/16/20190925165700_00160.jpg,datasets_flow/dataset_cropped/09_Metas/25/16/20190925165700_00160.jpg,datasets_cloudmask/dataset_cropped/09_Metas/25/16/20190925165700_00160.png,363,716.4,71.9,29.8,959
9/25/2019 16:58,datasets/dataset_cropped/09_Metas/25/16/20190925165800_00160.jpg,datasets_flow/dataset_cropped/09_Metas/25/16/20190925165800_00160.jpg,datasets_cloudmask/dataset_cropped/09_Metas/25/16/20190925165800_00160.png,360,714.7,71.8,29.9,959
9/25/2019 16:59,datasets/dataset_cropped/09_Metas/25/16/20190925165900_00160.jpg,datasets_flow/dataset_cropped/09_Metas/25/16/20190925165900_00160.jpg,datasets_cloudmask/dataset_cropped/09_Metas/25/16/20190925165900_00160.png,357,713.1,71.7,29.8,959
9/25/2019 17:00,datasets/dataset_cropped/09_Metas/25/17/20190925170000_00160.jpg,datasets_flow/dataset_cropped/09_Metas/25/17/20190925170000_00160.jpg,datasets_cloudmask/dataset_cropped/09_Metas/25/17/20190925170000_00160.png,354,711.6,71.4,29.8,959
9/25/2019 17:01,datasets/dataset_cropped/09_Metas/25/17/20190925170100_00160.jpg,datasets_flow/dataset_cropped/09_Metas/25/17/20190925170100_00160.jpg,datasets_cloudmask/dataset_cropped/09_Metas/25/17/20190925170100_00160.png,350.6,708.9,71.4,29.9,959
9/25/2019 17:02,datasets/dataset_cropped/09_Metas/25/17/20190925170200_00160.jpg,datasets_flow/dataset_cropped/09_Metas/25/17/20190925170200_00160.jpg,datasets_cloudmask/dataset_cropped/09_Metas/25/17/20190925170200_00160.png,346.7,706,70.8,30,959
9/25/2019 17:03,datasets/dataset_cropped/09_Metas/25/17/20190925170300_00160.jpg,datasets_flow/dataset_cropped/09_Metas/25/17/20190925170300_00160.jpg,datasets_cloudmask/dataset_cropped/09_Metas/25/17/20190925170300_00160.png,343.1,703.3,70.4,30.1,959
9/25/2019 17:04,datasets/dataset_cropped/09_Metas/25/17/20190925170400_00160.jpg,datasets_flow/dataset_cropped/09_Metas/25/17/20190925170400_00160.jpg,datasets_cloudmask/dataset_cropped/09_Metas/25/17/20190925170400_00160.png,339.7,701,70.3,30,959
9/25/2019 17:05,datasets/dataset_cropped/09_Metas/25/17/20190925170500_00160.jpg,datasets_flow/dataset_cropped/09_Metas/25/17/20190925170500_00160.jpg,datasets_cloudmask/dataset_cropped/09_Metas/25/17/20190925170500_00160.png,336.4,699.2,70.1,30,959
9/25/2019 17:06,datasets/dataset_cropped/09_Metas/25/17/20190925170600_00160.jpg,datasets_flow/dataset_cropped/09_Metas/25/17/20190925170600_00160.jpg,datasets_cloudmask/dataset_cropped/09_Metas/25/17/20190925170600_00160.png,332.8,696.4,69.6,29.9,959
9/25/2019 17:07,datasets/dataset_cropped/09_Metas/25/17/20190925170700_00160.jpg,datasets_flow/dataset_cropped/09_Metas/25/17/20190925170700_00160.jpg,datasets_cloudmask/dataset_cropped/09_Metas/25/17/20190925170700_00160.png,329,692.8,69.2,29.9,959
9/25/2019 17:08,datasets/dataset_cropped/09_Metas/25/17/20190925170800_00160.jpg,datasets_flow/dataset_cropped/09_Metas/25/17/20190925170800_00160.jpg,datasets_cloudmask/dataset_cropped/09_Metas/25/17/20190925170800_00160.png,325.6,689.9,69,29.9,959
9/25/2019 17:09,datasets/dataset_cropped/09_Metas/25/17/20190925170900_00160.jpg,datasets_flow/dataset_cropped/09_Metas/25/17/20190925170900_00160.jpg,datasets_cloudmask/dataset_cropped/09_Metas/25/17/20190925170900_00160.png,322.6,688.4,68.6,30.1,959
9/25/2019 17:10,datasets/dataset_cropped/09_Metas/25/17/20190925171000_00160.jpg,datasets_flow/dataset_cropped/09_Metas/25/17/20190925171000_00160.jpg,datasets_cloudmask/dataset_cropped/09_Metas/25/17/20190925171000_00160.png,320.1,687.3,68.5,30.2,959
9/25/2019 17:11,datasets/dataset_cropped/09_Metas/25/17/20190925171100_00160.jpg,datasets_flow/dataset_cropped/09_Metas/25/17/20190925171100_00160.jpg,datasets_cloudmask/dataset_cropped/09_Metas/25/17/20190925171100_00160.png,317,685.8,68.2,30.1,959
9/25/2019 17:12,datasets/dataset_cropped/09_Metas/25/17/20190925171200_00160.jpg,datasets_flow/dataset_cropped/09_Metas/25/17/20190925171200_00160.jpg,datasets_cloudmask/dataset_cropped/09_Metas/25/17/20190925171200_00160.png,314.6,686.2,67.7,30,959
9/25/2019 17:13,datasets/dataset_cropped/09_Metas/25/17/20190925171300_00160.jpg,datasets_flow/dataset_cropped/09_Metas/25/17/20190925171300_00160.jpg,datasets_cloudmask/dataset_cropped/09_Metas/25/17/20190925171300_00160.png,311.2,684,67.2,29.9,959
9/25/2019 17:14,datasets/dataset_cropped/09_Metas/25/17/20190925171400_00160.jpg,datasets_flow/dataset_cropped/09_Metas/25/17/20190925171400_00160.jpg,datasets_cloudmask/dataset_cropped/09_Metas/25/17/20190925171400_00160.png,307.6,680.7,66.8,29.9,959
9/25/2019 17:15,datasets/dataset_cropped/09_Metas/25/17/20190925171500_00160.jpg,datasets_flow/dataset_cropped/09_Metas/25/17/20190925171500_00160.jpg,datasets_cloudmask/dataset_cropped/09_Metas/25/17/20190925171500_00160.png,304.1,678.3,66.4,30,959
9/25/2019 17:16,datasets/dataset_cropped/09_Metas/25/17/20190925171600_00160.jpg,datasets_flow/dataset_cropped/09_Metas/25/17/20190925171600_00160.jpg,datasets_cloudmask/dataset_cropped/09_Metas/25/17/20190925171600_00160.png,300.5,675.3,65.8,30.1,959
9/25/2019 17:17,datasets/dataset_cropped/09_Metas/25/17/20190925171700_00160.jpg,datasets_flow/dataset_cropped/09_Metas/25/17/20190925171700_00160.jpg,datasets_cloudmask/dataset_cropped/09_Metas/25/17/20190925171700_00160.png,296.7,671.3,65.4,30.3,959
9/25/2019 17:18,datasets/dataset_cropped/09_Metas/25/17/20190925171800_00160.jpg,datasets_flow/dataset_cropped/09_Metas/25/17/20190925171800_00160.jpg,datasets_cloudmask/dataset_cropped/09_Metas/25/17/20190925171800_00160.png,292.9,667.3,64.7,30.5,959
9/25/2019 17:19,datasets/dataset_cropped/09_Metas/25/17/20190925171900_00160.jpg,datasets_flow/dataset_cropped/09_Metas/25/17/20190925171900_00160.jpg,datasets_cloudmask/dataset_cropped/09_Metas/25/17/20190925171900_00160.png,289.4,663.5,64.3,30.3,959
9/25/2019 17:20,datasets/dataset_cropped/09_Metas/25/17/20190925172000_00160.jpg,datasets_flow/dataset_cropped/09_Metas/25/17/20190925172000_00160.jpg,datasets_cloudmask/dataset_cropped/09_Metas/25/17/20190925172000_00160.png,286.2,660.6,64.1,30.3,959
9/25/2019 17:21,datasets/dataset_cropped/09_Metas/25/17/20190925172100_00160.jpg,datasets_flow/dataset_cropped/09_Metas/25/17/20190925172100_00160.jpg,datasets_cloudmask/dataset_cropped/09_Metas/25/17/20190925172100_00160.png,282.8,657.3,63.8,30.4,959
9/25/2019 17:22,datasets/dataset_cropped/09_Metas/25/17/20190925172200_00160.jpg,datasets_flow/dataset_cropped/09_Metas/25/17/20190925172200_00160.jpg,datasets_cloudmask/dataset_cropped/09_Metas/25/17/20190925172200_00160.png,279.1,653.4,63.5,30.4,959
9/25/2019 17:23,datasets/dataset_cropped/09_Metas/25/17/20190925172300_00160.jpg,datasets_flow/dataset_cropped/09_Metas/25/17/20190925172300_00160.jpg,datasets_cloudmask/dataset_cropped/09_Metas/25/17/20190925172300_00160.png,275.5,649.6,63.2,30.4,959
9/25/2019 17:24,datasets/dataset_cropped/09_Metas/25/17/20190925172400_00160.jpg,datasets_flow/dataset_cropped/09_Metas/25/17/20190925172400_00160.jpg,datasets_cloudmask/dataset_cropped/09_Metas/25/17/20190925172400_00160.png,271.9,645.8,63,30.3,959
9/25/2019 17:25,datasets/dataset_cropped/09_Metas/25/17/20190925172500_00160.jpg,datasets_flow/dataset_cropped/09_Metas/25/17/20190925172500_00160.jpg,datasets_cloudmask/dataset_cropped/09_Metas/25/17/20190925172500_00160.png,268.4,642.5,62.6,30.4,959
9/25/2019 17:26,datasets/dataset_cropped/09_Metas/25/17/20190925172600_00160.jpg,datasets_flow/dataset_cropped/09_Metas/25/17/20190925172600_00160.jpg,datasets_cloudmask/dataset_cropped/09_Metas/25/17/20190925172600_00160.png,265,639.2,62.3,30.5,959
9/25/2019 17:27,datasets/dataset_cropped/09_Metas/25/17/20190925172700_00160.jpg,datasets_flow/dataset_cropped/09_Metas/25/17/20190925172700_00160.jpg,datasets_cloudmask/dataset_cropped/09_Metas/25/17/20190925172700_00160.png,261.7,636.2,62.1,30.6,959
9/25/2019 17:28,datasets/dataset_cropped/09_Metas/25/17/20190925172800_00160.jpg,datasets_flow/dataset_cropped/09_Metas/25/17/20190925172800_00160.jpg,datasets_cloudmask/dataset_cropped/09_Metas/25/17/20190925172800_00160.png,258.4,633.7,61.7,30.6,959
9/25/2019 17:29,datasets/dataset_cropped/09_Metas/25/17/20190925172900_00160.jpg,datasets_flow/dataset_cropped/09_Metas/25/17/20190925172900_00160.jpg,datasets_cloudmask/dataset_cropped/09_Metas/25/17/20190925172900_00160.png,254.9,630.7,61.2,30.3,959
9/25/2019 17:30,datasets/dataset_cropped/09_Metas/25/17/20190925173000_00160.jpg,datasets_flow/dataset_cropped/09_Metas/25/17/20190925173000_00160.jpg,datasets_cloudmask/dataset_cropped/09_Metas/25/17/20190925173000_00160.png,251.1,626.2,60.6,30.1,959
9/25/2019 17:31,datasets/dataset_cropped/09_Metas/25/17/20190925173100_00160.jpg,datasets_flow/dataset_cropped/09_Metas/25/17/20190925173100_00160.jpg,datasets_cloudmask/dataset_cropped/09_Metas/25/17/20190925173100_00160.png,247.9,623.8,60.2,30,959
9/25/2019 17:32,datasets/dataset_cropped/09_Metas/25/17/20190925173200_00160.jpg,datasets_flow/dataset_cropped/09_Metas/25/17/20190925173200_00160.jpg,datasets_cloudmask/dataset_cropped/09_Metas/25/17/20190925173200_00160.png,245.3,622.7,59.8,30,959
9/25/2019 17:33,datasets/dataset_cropped/09_Metas/25/17/20190925173300_00160.jpg,datasets_flow/dataset_cropped/09_Metas/25/17/20190925173300_00160.jpg,datasets_cloudmask/dataset_cropped/09_Metas/25/17/20190925173300_00160.png,242.3,620.4,59.5,30.1,959
9/25/2019 17:34,datasets/dataset_cropped/09_Metas/25/17/20190925173400_00160.jpg,datasets_flow/dataset_cropped/09_Metas/25/17/20190925173400_00160.jpg,datasets_cloudmask/dataset_cropped/09_Metas/25/17/20190925173400_00160.png,238.8,617.1,59,30.1,959
9/25/2019 17:35,datasets/dataset_cropped/09_Metas/25/17/20190925173500_00160.jpg,datasets_flow/dataset_cropped/09_Metas/25/17/20190925173500_00160.jpg,datasets_cloudmask/dataset_cropped/09_Metas/25/17/20190925173500_00160.png,235.8,614.9,58.5,30.1,959
9/25/2019 17:36,datasets/dataset_cropped/09_Metas/25/17/20190925173600_00160.jpg,datasets_flow/dataset_cropped/09_Metas/25/17/20190925173600_00160.jpg,datasets_cloudmask/dataset_cropped/09_Metas/25/17/20190925173600_00160.png,232.5,612.1,58,30.2,959
9/25/2019 17:37,datasets/dataset_cropped/09_Metas/25/17/20190925173700_00160.jpg,datasets_flow/dataset_cropped/09_Metas/25/17/20190925173700_00160.jpg,datasets_cloudmask/dataset_cropped/09_Metas/25/17/20190925173700_00160.png,228.9,607.8,57.7,30.3,959
9/25/2019 17:38,datasets/dataset_cropped/09_Metas/25/17/20190925173800_00160.jpg,datasets_flow/dataset_cropped/09_Metas/25/17/20190925173800_00160.jpg,datasets_cloudmask/dataset_cropped/09_Metas/25/17/20190925173800_00160.png,225.8,605,57.3,30.1,959
9/25/2019 17:39,datasets/dataset_cropped/09_Metas/25/17/20190925173900_00160.jpg,datasets_flow/dataset_cropped/09_Metas/25/17/20190925173900_00160.jpg,datasets_cloudmask/dataset_cropped/09_Metas/25/17/20190925173900_00160.png,222.5,601.8,56.9,30,959
9/25/2019 17:40,datasets/dataset_cropped/09_Metas/25/17/20190925174000_00160.jpg,datasets_flow/dataset_cropped/09_Metas/25/17/20190925174000_00160.jpg,datasets_cloudmask/dataset_cropped/09_Metas/25/17/20190925174000_00160.png,219.2,598.1,56.5,30,959
9/25/2019 17:41,datasets/dataset_cropped/09_Metas/25/17/20190925174100_00160.jpg,datasets_flow/dataset_cropped/09_Metas/25/17/20190925174100_00160.jpg,datasets_cloudmask/dataset_cropped/09_Metas/25/17/20190925174100_00160.png,215.5,593.4,56.1,29.7,959
9/25/2019 17:42,datasets/dataset_cropped/09_Metas/25/17/20190925174200_00160.jpg,datasets_flow/dataset_cropped/09_Metas/25/17/20190925174200_00160.jpg,datasets_cloudmask/dataset_cropped/09_Metas/25/17/20190925174200_00160.png,211.8,588.6,55.7,29.6,959
9/25/2019 17:43,datasets/dataset_cropped/09_Metas/25/17/20190925174300_00160.jpg,datasets_flow/dataset_cropped/09_Metas/25/17/20190925174300_00160.jpg,datasets_cloudmask/dataset_cropped/09_Metas/25/17/20190925174300_00160.png,208.5,584.9,55.4,29.4,959
9/25/2019 17:44,datasets/dataset_cropped/09_Metas/25/17/20190925174400_00160.jpg,datasets_flow/dataset_cropped/09_Metas/25/17/20190925174400_00160.jpg,datasets_cloudmask/dataset_cropped/09_Metas/25/17/20190925174400_00160.png,205.1,581.1,54.8,29.6,959
9/25/2019 17:45,datasets/dataset_cropped/09_Metas/25/17/20190925174500_00160.jpg,datasets_flow/dataset_cropped/09_Metas/25/17/20190925174500_00160.jpg,datasets_cloudmask/dataset_cropped/09_Metas/25/17/20190925174500_00160.png,201.6,576.4,54.4,29.6,959
9/25/2019 17:46,datasets/dataset_cropped/09_Metas/25/17/20190925174600_00160.jpg,datasets_flow/dataset_cropped/09_Metas/25/17/20190925174600_00160.jpg,datasets_cloudmask/dataset_cropped/09_Metas/25/17/20190925174600_00160.png,198.1,571.7,54,29.5,959
9/25/2019 17:47,datasets/dataset_cropped/09_Metas/25/17/20190925174700_00160.jpg,datasets_flow/dataset_cropped/09_Metas/25/17/20190925174700_00160.jpg,datasets_cloudmask/dataset_cropped/09_Metas/25/17/20190925174700_00160.png,194.4,566.2,53.5,29.6,959
9/25/2019 17:48,datasets/dataset_cropped/09_Metas/25/17/20190925174800_00160.jpg,datasets_flow/dataset_cropped/09_Metas/25/17/20190925174800_00160.jpg,datasets_cloudmask/dataset_cropped/09_Metas/25/17/20190925174800_00160.png,190.8,561,53,29.6,959
9/25/2019 17:49,datasets/dataset_cropped/09_Metas/25/17/20190925174900_00160.jpg,datasets_flow/dataset_cropped/09_Metas/25/17/20190925174900_00160.jpg,datasets_cloudmask/dataset_cropped/09_Metas/25/17/20190925174900_00160.png,187.3,556.3,52.4,29.6,959
9/25/2019 17:50,datasets/dataset_cropped/09_Metas/25/17/20190925175000_00160.jpg,datasets_flow/dataset_cropped/09_Metas/25/17/20190925175000_00160.jpg,datasets_cloudmask/dataset_cropped/09_Metas/25/17/20190925175000_00160.png,184,551.8,51.9,29.6,959
9/25/2019 17:51,datasets/dataset_cropped/09_Metas/25/17/20190925175100_00160.jpg,datasets_flow/dataset_cropped/09_Metas/25/17/20190925175100_00160.jpg,datasets_cloudmask/dataset_cropped/09_Metas/25/17/20190925175100_00160.png,180.9,547.7,51.5,29.5,959
9/25/2019 17:52,datasets/dataset_cropped/09_Metas/25/17/20190925175200_00160.jpg,datasets_flow/dataset_cropped/09_Metas/25/17/20190925175200_00160.jpg,datasets_cloudmask/dataset_cropped/09_Metas/25/17/20190925175200_00160.png,177.7,543.7,51.1,29.4,959
9/25/2019 17:53,datasets/dataset_cropped/09_Metas/25/17/20190925175300_00160.jpg,datasets_flow/dataset_cropped/09_Metas/25/17/20190925175300_00160.jpg,datasets_cloudmask/dataset_cropped/09_Metas/25/17/20190925175300_00160.png,174.4,539.1,50.6,29.2,959
9/25/2019 17:54,datasets/dataset_cropped/09_Metas/25/17/20190925175400_00160.jpg,datasets_flow/dataset_cropped/09_Metas/25/17/20190925175400_00160.jpg,datasets_cloudmask/dataset_cropped/09_Metas/25/17/20190925175400_00160.png,171,533.5,50.3,29.2,959
9/25/2019 17:55,datasets/dataset_cropped/09_Metas/25/17/20190925175500_00160.jpg,datasets_flow/dataset_cropped/09_Metas/25/17/20190925175500_00160.jpg,datasets_cloudmask/dataset_cropped/09_Metas/25/17/20190925175500_00160.png,167.7,529.1,49.8,29.3,959
9/25/2019 17:56,datasets/dataset_cropped/09_Metas/25/17/20190925175600_00160.jpg,datasets_flow/dataset_cropped/09_Metas/25/17/20190925175600_00160.jpg,datasets_cloudmask/dataset_cropped/09_Metas/25/17/20190925175600_00160.png,164.4,524.4,49.4,29.4,959
9/25/2019 17:57,datasets/dataset_cropped/09_Metas/25/17/20190925175700_00160.jpg,datasets_flow/dataset_cropped/09_Metas/25/17/20190925175700_00160.jpg,datasets_cloudmask/dataset_cropped/09_Metas/25/17/20190925175700_00160.png,161,519,48.9,29.4,959
9/25/2019 17:58,datasets/dataset_cropped/09_Metas/25/17/20190925175800_00160.jpg,datasets_flow/dataset_cropped/09_Metas/25/17/20190925175800_00160.jpg,datasets_cloudmask/dataset_cropped/09_Metas/25/17/20190925175800_00160.png,158,514.7,48.4,29.4,959
9/25/2019 17:59,datasets/dataset_cropped/09_Metas/25/17/20190925175900_00160.jpg,datasets_flow/dataset_cropped/09_Metas/25/17/20190925175900_00160.jpg,datasets_cloudmask/dataset_cropped/09_Metas/25/17/20190925175900_00160.png,154.7,510,47.8,29.3,959
9/25/2019 18:00,datasets/dataset_cropped/09_Metas/25/18/20190925180000_00160.jpg,datasets_flow/dataset_cropped/09_Metas/25/18/20190925180000_00160.jpg,datasets_cloudmask/dataset_cropped/09_Metas/25/18/20190925180000_00160.png,151.4,504.9,47.3,29.2,959
9/25/2019 18:01,datasets/dataset_cropped/09_Metas/25/18/20190925180100_00160.jpg,datasets_flow/dataset_cropped/09_Metas/25/18/20190925180100_00160.jpg,datasets_cloudmask/dataset_cropped/09_Metas/25/18/20190925180100_00160.png,148.2,500.4,46.7,29.2,959
9/25/2019 18:02,datasets/dataset_cropped/09_Metas/25/18/20190925180200_00160.jpg,datasets_flow/dataset_cropped/09_Metas/25/18/20190925180200_00160.jpg,datasets_cloudmask/dataset_cropped/09_Metas/25/18/20190925180200_00160.png,145.1,495.9,46.2,29.2,959
9/25/2019 18:03,datasets/dataset_cropped/09_Metas/25/18/20190925180300_00160.jpg,datasets_flow/dataset_cropped/09_Metas/25/18/20190925180300_00160.jpg,datasets_cloudmask/dataset_cropped/09_Metas/25/18/20190925180300_00160.png,141.9,490.5,45.6,29.2,959
9/25/2019 18:04,datasets/dataset_cropped/09_Metas/25/18/20190925180400_00160.jpg,datasets_flow/dataset_cropped/09_Metas/25/18/20190925180400_00160.jpg,datasets_cloudmask/dataset_cropped/09_Metas/25/18/20190925180400_00160.png,138.8,485.7,45.2,29.1,959
9/25/2019 18:05,datasets/dataset_cropped/09_Metas/25/18/20190925180500_00160.jpg,datasets_flow/dataset_cropped/09_Metas/25/18/20190925180500_00160.jpg,datasets_cloudmask/dataset_cropped/09_Metas/25/18/20190925180500_00160.png,135.7,481.1,44.7,29,959
9/25/2019 18:06,datasets/dataset_cropped/09_Metas/25/18/20190925180600_00160.jpg,datasets_flow/dataset_cropped/09_Metas/25/18/20190925180600_00160.jpg,datasets_cloudmask/dataset_cropped/09_Metas/25/18/20190925180600_00160.png,132.4,474.8,44,28.9,959
9/25/2019 18:07,datasets/dataset_cropped/09_Metas/25/18/20190925180700_00160.jpg,datasets_flow/dataset_cropped/09_Metas/25/18/20190925180700_00160.jpg,datasets_cloudmask/dataset_cropped/09_Metas/25/18/20190925180700_00160.png,129.2,468.7,43.5,28.6,959
9/25/2019 18:08,datasets/dataset_cropped/09_Metas/25/18/20190925180800_00160.jpg,datasets_flow/dataset_cropped/09_Metas/25/18/20190925180800_00160.jpg,datasets_cloudmask/dataset_cropped/09_Metas/25/18/20190925180800_00160.png,126,462.8,42.9,28.5,959
9/25/2019 18:09,datasets/dataset_cropped/09_Metas/25/18/20190925180900_00160.jpg,datasets_flow/dataset_cropped/09_Metas/25/18/20190925180900_00160.jpg,datasets_cloudmask/dataset_cropped/09_Metas/25/18/20190925180900_00160.png,122.9,457,42.3,28.4,959
9/25/2019 18:10,datasets/dataset_cropped/09_Metas/25/18/20190925181000_00160.jpg,datasets_flow/dataset_cropped/09_Metas/25/18/20190925181000_00160.jpg,datasets_cloudmask/dataset_cropped/09_Metas/25/18/20190925181000_00160.png,119.7,450.6,41.8,28.4,959
9/25/2019 18:11,datasets/dataset_cropped/09_Metas/25/18/20190925181100_00160.jpg,datasets_flow/dataset_cropped/09_Metas/25/18/20190925181100_00160.jpg,datasets_cloudmask/dataset_cropped/09_Metas/25/18/20190925181100_00160.png,116.4,443,41.3,28.4,959
9/25/2019 18:12,datasets/dataset_cropped/09_Metas/25/18/20190925181200_00160.jpg,datasets_flow/dataset_cropped/09_Metas/25/18/20190925181200_00160.jpg,datasets_cloudmask/dataset_cropped/09_Metas/25/18/20190925181200_00160.png,113,435.1,40.7,28.4,959
9/25/2019 18:13,datasets/dataset_cropped/09_Metas/25/18/20190925181300_00160.jpg,datasets_flow/dataset_cropped/09_Metas/25/18/20190925181300_00160.jpg,datasets_cloudmask/dataset_cropped/09_Metas/25/18/20190925181300_00160.png,109.9,428.8,40,28.3,959
9/25/2019 18:14,datasets/dataset_cropped/09_Metas/25/18/20190925181400_00160.jpg,datasets_flow/dataset_cropped/09_Metas/25/18/20190925181400_00160.jpg,datasets_cloudmask/dataset_cropped/09_Metas/25/18/20190925181400_00160.png,106.8,422.4,39.4,28.2,959
9/25/2019 18:15,datasets/dataset_cropped/09_Metas/25/18/20190925181500_00160.jpg,datasets_flow/dataset_cropped/09_Metas/25/18/20190925181500_00160.jpg,datasets_cloudmask/dataset_cropped/09_Metas/25/18/20190925181500_00160.png,103.7,415.6,38.6,28.2,959
9/25/2019 18:16,datasets/dataset_cropped/09_Metas/25/18/20190925181600_00160.jpg,datasets_flow/dataset_cropped/09_Metas/25/18/20190925181600_00160.jpg,datasets_cloudmask/dataset_cropped/09_Metas/25/18/20190925181600_00160.png,100.7,408.5,38,28.2,959
9/25/2019 18:17,datasets/dataset_cropped/09_Metas/25/18/20190925181700_00160.jpg,datasets_flow/dataset_cropped/09_Metas/25/18/20190925181700_00160.jpg,datasets_cloudmask/dataset_cropped/09_Metas/25/18/20190925181700_00160.png,97.5,400.5,37.4,28,959
9/25/2019 18:18,datasets/dataset_cropped/09_Metas/25/18/20190925181800_00160.jpg,datasets_flow/dataset_cropped/09_Metas/25/18/20190925181800_00160.jpg,datasets_cloudmask/dataset_cropped/09_Metas/25/18/20190925181800_00160.png,94.5,393.2,36.8,27.9,959
9/25/2019 18:19,datasets/dataset_cropped/09_Metas/25/18/20190925181900_00160.jpg,datasets_flow/dataset_cropped/09_Metas/25/18/20190925181900_00160.jpg,datasets_cloudmask/dataset_cropped/09_Metas/25/18/20190925181900_00160.png,91.5,385.5,36.2,27.8,959
9/25/2019 18:20,datasets/dataset_cropped/09_Metas/25/18/20190925182000_00160.jpg,datasets_flow/dataset_cropped/09_Metas/25/18/20190925182000_00160.jpg,datasets_cloudmask/dataset_cropped/09_Metas/25/18/20190925182000_00160.png,88.7,378.7,35.7,27.7,959
9/25/2019 18:21,datasets/dataset_cropped/09_Metas/25/18/20190925182100_00160.jpg,datasets_flow/dataset_cropped/09_Metas/25/18/20190925182100_00160.jpg,datasets_cloudmask/dataset_cropped/09_Metas/25/18/20190925182100_00160.png,85.9,372.6,35,27.6,959
9/25/2019 18:22,datasets/dataset_cropped/09_Metas/25/18/20190925182200_00160.jpg,datasets_flow/dataset_cropped/09_Metas/25/18/20190925182200_00160.jpg,datasets_cloudmask/dataset_cropped/09_Metas/25/18/20190925182200_00160.png,83,365.1,34.4,27.6,959
9/25/2019 18:23,datasets/dataset_cropped/09_Metas/25/18/20190925182300_00160.jpg,datasets_flow/dataset_cropped/09_Metas/25/18/20190925182300_00160.jpg,datasets_cloudmask/dataset_cropped/09_Metas/25/18/20190925182300_00160.png,80.2,357.8,33.8,27.5,959
9/25/2019 18:24,datasets/dataset_cropped/09_Metas/25/18/20190925182400_00160.jpg,datasets_flow/dataset_cropped/09_Metas/25/18/20190925182400_00160.jpg,datasets_cloudmask/dataset_cropped/09_Metas/25/18/20190925182400_00160.png,77.3,349.1,33.2,27.4,959
9/25/2019 18:25,datasets/dataset_cropped/09_Metas/25/18/20190925182500_00160.jpg,datasets_flow/dataset_cropped/09_Metas/25/18/20190925182500_00160.jpg,datasets_cloudmask/dataset_cropped/09_Metas/25/18/20190925182500_00160.png,74.5,341.5,32.5,27.3,959
9/25/2019 18:26,datasets/dataset_cropped/09_Metas/25/18/20190925182600_00160.jpg,datasets_flow/dataset_cropped/09_Metas/25/18/20190925182600_00160.jpg,datasets_cloudmask/dataset_cropped/09_Metas/25/18/20190925182600_00160.png,71.6,333.5,31.8,27.3,959
9/25/2019 18:27,datasets/dataset_cropped/09_Metas/25/18/20190925182700_00160.jpg,datasets_flow/dataset_cropped/09_Metas/25/18/20190925182700_00160.jpg,datasets_cloudmask/dataset_cropped/09_Metas/25/18/20190925182700_00160.png,68.8,325,31,27.3,959
9/25/2019 18:28,datasets/dataset_cropped/09_Metas/25/18/20190925182800_00160.jpg,datasets_flow/dataset_cropped/09_Metas/25/18/20190925182800_00160.jpg,datasets_cloudmask/dataset_cropped/09_Metas/25/18/20190925182800_00160.png,66,316.4,30.3,27.3,959
9/25/2019 18:29,datasets/dataset_cropped/09_Metas/25/18/20190925182900_00160.jpg,datasets_flow/dataset_cropped/09_Metas/25/18/20190925182900_00160.jpg,datasets_cloudmask/dataset_cropped/09_Metas/25/18/20190925182900_00160.png,63.2,307.9,29.6,27.1,959
9/25/2019 18:30,datasets/dataset_cropped/09_Metas/25/18/20190925183000_00160.jpg,datasets_flow/dataset_cropped/09_Metas/25/18/20190925183000_00160.jpg,datasets_cloudmask/dataset_cropped/09_Metas/25/18/20190925183000_00160.png,60.6,300.2,28.8,27.1,959
9/25/2019 18:31,datasets/dataset_cropped/09_Metas/25/18/20190925183100_00160.jpg,datasets_flow/dataset_cropped/09_Metas/25/18/20190925183100_00160.jpg,datasets_cloudmask/dataset_cropped/09_Metas/25/18/20190925183100_00160.png,58.1,291.5,28.2,27,959
9/25/2019 18:32,datasets/dataset_cropped/09_Metas/25/18/20190925183200_00160.jpg,datasets_flow/dataset_cropped/09_Metas/25/18/20190925183200_00160.jpg,datasets_cloudmask/dataset_cropped/09_Metas/25/18/20190925183200_00160.png,55.4,282.1,27.5,26.8,959
9/25/2019 18:33,datasets/dataset_cropped/09_Metas/25/18/20190925183300_00160.jpg,datasets_flow/dataset_cropped/09_Metas/25/18/20190925183300_00160.jpg,datasets_cloudmask/dataset_cropped/09_Metas/25/18/20190925183300_00160.png,52.8,274.2,26.6,26.8,959
9/25/2019 18:34,datasets/dataset_cropped/09_Metas/25/18/20190925183400_00160.jpg,datasets_flow/dataset_cropped/09_Metas/25/18/20190925183400_00160.jpg,datasets_cloudmask/dataset_cropped/09_Metas/25/18/20190925183400_00160.png,50.3,266.2,25.8,26.8,959
9/25/2019 18:35,datasets/dataset_cropped/09_Metas/25/18/20190925183500_00160.jpg,datasets_flow/dataset_cropped/09_Metas/25/18/20190925183500_00160.jpg,datasets_cloudmask/dataset_cropped/09_Metas/25/18/20190925183500_00160.png,47.7,256.8,24.8,26.7,959
9/25/2019 18:36,datasets/dataset_cropped/09_Metas/25/18/20190925183600_00160.jpg,datasets_flow/dataset_cropped/09_Metas/25/18/20190925183600_00160.jpg,datasets_cloudmask/dataset_cropped/09_Metas/25/18/20190925183600_00160.png,45.2,247.3,24,26.6,959
9/25/2019 18:37,datasets/dataset_cropped/09_Metas/25/18/20190925183700_00160.jpg,datasets_flow/dataset_cropped/09_Metas/25/18/20190925183700_00160.jpg,datasets_cloudmask/dataset_cropped/09_Metas/25/18/20190925183700_00160.png,42.9,238.1,23.3,26.5,959
9/25/2019 18:38,datasets/dataset_cropped/09_Metas/25/18/20190925183800_00160.jpg,datasets_flow/dataset_cropped/09_Metas/25/18/20190925183800_00160.jpg,datasets_cloudmask/dataset_cropped/09_Metas/25/18/20190925183800_00160.png,40.5,227.8,22.5,26.4,959
9/25/2019 18:39,datasets/dataset_cropped/09_Metas/25/18/20190925183900_00160.jpg,datasets_flow/dataset_cropped/09_Metas/25/18/20190925183900_00160.jpg,datasets_cloudmask/dataset_cropped/09_Metas/25/18/20190925183900_00160.png,38.1,217.5,21.6,26.4,959
9/25/2019 18:40,datasets/dataset_cropped/09_Metas/25/18/20190925184000_00160.jpg,datasets_flow/dataset_cropped/09_Metas/25/18/20190925184000_00160.jpg,datasets_cloudmask/dataset_cropped/09_Metas/25/18/20190925184000_00160.png,35.9,208.2,20.7,26.4,959
9/25/2019 18:41,datasets/dataset_cropped/09_Metas/25/18/20190925184100_00160.jpg,datasets_flow/dataset_cropped/09_Metas/25/18/20190925184100_00160.jpg,datasets_cloudmask/dataset_cropped/09_Metas/25/18/20190925184100_00160.png,33.7,197.4,19.9,26.3,959
9/25/2019 18:42,datasets/dataset_cropped/09_Metas/25/18/20190925184200_00160.jpg,datasets_flow/dataset_cropped/09_Metas/25/18/20190925184200_00160.jpg,datasets_cloudmask/dataset_cropped/09_Metas/25/18/20190925184200_00160.png,31.4,185.5,19.2,26.2,959
9/25/2019 18:43,datasets/dataset_cropped/09_Metas/25/18/20190925184300_00160.jpg,datasets_flow/dataset_cropped/09_Metas/25/18/20190925184300_00160.jpg,datasets_cloudmask/dataset_cropped/09_Metas/25/18/20190925184300_00160.png,29.3,174.3,18.3,26.2,959
9/25/2019 18:44,datasets/dataset_cropped/09_Metas/25/18/20190925184400_00160.jpg,datasets_flow/dataset_cropped/09_Metas/25/18/20190925184400_00160.jpg,datasets_cloudmask/dataset_cropped/09_Metas/25/18/20190925184400_00160.png,27.1,162.7,17.4,26.1,959
9/25/2019 18:45,datasets/dataset_cropped/09_Metas/25/18/20190925184500_00160.jpg,datasets_flow/dataset_cropped/09_Metas/25/18/20190925184500_00160.jpg,datasets_cloudmask/dataset_cropped/09_Metas/25/18/20190925184500_00160.png,25.1,152.2,16.4,26.1,959
9/25/2019 18:46,datasets/dataset_cropped/09_Metas/25/18/20190925184600_00160.jpg,datasets_flow/dataset_cropped/09_Metas/25/18/20190925184600_00160.jpg,datasets_cloudmask/dataset_cropped/09_Metas/25/18/20190925184600_00160.png,23.1,141.6,15.6,26,959
9/25/2019 18:47,datasets/dataset_cropped/09_Metas/25/18/20190925184700_00160.jpg,datasets_flow/dataset_cropped/09_Metas/25/18/20190925184700_00160.jpg,datasets_cloudmask/dataset_cropped/09_Metas/25/18/20190925184700_00160.png,21.3,131.2,14.7,25.9,959
9/25/2019 18:48,datasets/dataset_cropped/09_Metas/25/18/20190925184800_00160.jpg,datasets_flow/dataset_cropped/09_Metas/25/18/20190925184800_00160.jpg,datasets_cloudmask/dataset_cropped/09_Metas/25/18/20190925184800_00160.png,18.6,96.5,13.8,25.9,959
9/25/2019 18:49,datasets/dataset_cropped/09_Metas/25/18/20190925184900_00160.jpg,datasets_flow/dataset_cropped/09_Metas/25/18/20190925184900_00160.jpg,datasets_cloudmask/dataset_cropped/09_Metas/25/18/20190925184900_00160.png,14.7,32.6,12.8,25.8,959
9/25/2019 18:50,datasets/dataset_cropped/09_Metas/25/18/20190925185000_00160.jpg,datasets_flow/dataset_cropped/09_Metas/25/18/20190925185000_00160.jpg,datasets_cloudmask/dataset_cropped/09_Metas/25/18/20190925185000_00160.png,12.2,0.7,11.8,25.8,959
9/25/2019 18:51,datasets/dataset_cropped/09_Metas/25/18/20190925185100_00160.jpg,datasets_flow/dataset_cropped/09_Metas/25/18/20190925185100_00160.jpg,datasets_cloudmask/dataset_cropped/09_Metas/25/18/20190925185100_00160.png,11.1,0,10.8,25.7,959
9/25/2019 18:52,datasets/dataset_cropped/09_Metas/25/18/20190925185200_00160.jpg,datasets_flow/dataset_cropped/09_Metas/25/18/20190925185200_00160.jpg,datasets_cloudmask/dataset_cropped/09_Metas/25/18/20190925185200_00160.png,10.2,0,9.9,25.5,959
9/25/2019 18:53,datasets/dataset_cropped/09_Metas/25/18/20190925185300_00160.jpg,datasets_flow/dataset_cropped/09_Metas/25/18/20190925185300_00160.jpg,datasets_cloudmask/dataset_cropped/09_Metas/25/18/20190925185300_00160.png,9.3,0,9,25.4,959
9/25/2019 18:54,datasets/dataset_cropped/09_Metas/25/18/20190925185400_00160.jpg,datasets_flow/dataset_cropped/09_Metas/25/18/20190925185400_00160.jpg,datasets_cloudmask/dataset_cropped/09_Metas/25/18/20190925185400_00160.png,8.4,0,8.2,25.3,959
9/25/2019 18:55,datasets/dataset_cropped/09_Metas/25/18/20190925185500_00160.jpg,datasets_flow/dataset_cropped/09_Metas/25/18/20190925185500_00160.jpg,datasets_cloudmask/dataset_cropped/09_Metas/25/18/20190925185500_00160.png,7.6,0,7.4,25.2,959
9/25/2019 18:56,datasets/dataset_cropped/09_Metas/25/18/20190925185600_00160.jpg,datasets_flow/dataset_cropped/09_Metas/25/18/20190925185600_00160.jpg,datasets_cloudmask/dataset_cropped/09_Metas/25/18/20190925185600_00160.png,6.8,0,6.6,25.1,959
9/25/2019 18:57,datasets/dataset_cropped/09_Metas/25/18/20190925185700_00160.jpg,datasets_flow/dataset_cropped/09_Metas/25/18/20190925185700_00160.jpg,datasets_cloudmask/dataset_cropped/09_Metas/25/18/20190925185700_00160.png,6.1,0,5.8,25.1,959
9/25/2019 18:58,datasets/dataset_cropped/09_Metas/25/18/20190925185800_00160.jpg,datasets_flow/dataset_cropped/09_Metas/25/18/20190925185800_00160.jpg,datasets_cloudmask/dataset_cropped/09_Metas/25/18/20190925185800_00160.png,5.3,0,5.1,25.1,959
9/25/2019 18:59,datasets/dataset_cropped/09_Metas/25/18/20190925185900_00160.jpg,datasets_flow/dataset_cropped/09_Metas/25/18/20190925185900_00160.jpg,datasets_cloudmask/dataset_cropped/09_Metas/25/18/20190925185900_00160.png,4.6,0,4.4,25.1,959
9/25/2019 19:00,datasets/dataset_cropped/09_Metas/25/19/20190925190000_00160.jpg,datasets_flow/dataset_cropped/09_Metas/25/19/20190925190000_00160.jpg,datasets_cloudmask/dataset_cropped/09_Metas/25/19/20190925190000_00160.png,4,0,3.7,25,959
9/26/2019 7:02,datasets/dataset_cropped/09_Metas/26/07/20190926070200_00160.jpg,datasets_flow/dataset_cropped/09_Metas/26/07/20190926070200_00160.jpg,datasets_cloudmask/dataset_cropped/09_Metas/26/07/20190926070200_00160.png,3.8,0,3.5,17.9,962
9/26/2019 7:03,datasets/dataset_cropped/09_Metas/26/07/20190926070300_00160.jpg,datasets_flow/dataset_cropped/09_Metas/26/07/20190926070300_00160.jpg,datasets_cloudmask/dataset_cropped/09_Metas/26/07/20190926070300_00160.png,4.6,0,4.3,17.9,962
9/26/2019 7:04,datasets/dataset_cropped/09_Metas/26/07/20190926070400_00160.jpg,datasets_flow/dataset_cropped/09_Metas/26/07/20190926070400_00160.jpg,datasets_cloudmask/dataset_cropped/09_Metas/26/07/20190926070400_00160.png,5.3,0,5.1,17.9,963
9/26/2019 7:05,datasets/dataset_cropped/09_Metas/26/07/20190926070500_00160.jpg,datasets_flow/dataset_cropped/09_Metas/26/07/20190926070500_00160.jpg,datasets_cloudmask/dataset_cropped/09_Metas/26/07/20190926070500_00160.png,6.1,4.2,5.9,17.8,962
9/26/2019 7:06,datasets/dataset_cropped/09_Metas/26/07/20190926070600_00160.jpg,datasets_flow/dataset_cropped/09_Metas/26/07/20190926070600_00160.jpg,datasets_cloudmask/dataset_cropped/09_Metas/26/07/20190926070600_00160.png,7.1,25,6.6,17.7,963
9/26/2019 7:07,datasets/dataset_cropped/09_Metas/26/07/20190926070700_00160.jpg,datasets_flow/dataset_cropped/09_Metas/26/07/20190926070700_00160.jpg,datasets_cloudmask/dataset_cropped/09_Metas/26/07/20190926070700_00160.png,8.2,43,7.5,17.7,962
9/26/2019 7:08,datasets/dataset_cropped/09_Metas/26/07/20190926070800_00160.jpg,datasets_flow/dataset_cropped/09_Metas/26/07/20190926070800_00160.jpg,datasets_cloudmask/dataset_cropped/09_Metas/26/07/20190926070800_00160.png,9.3,53.6,8.3,17.6,962
9/26/2019 7:09,datasets/dataset_cropped/09_Metas/26/07/20190926070900_00160.jpg,datasets_flow/dataset_cropped/09_Metas/26/07/20190926070900_00160.jpg,datasets_cloudmask/dataset_cropped/09_Metas/26/07/20190926070900_00160.png,10.8,78,9.1,17.7,962
9/26/2019 7:10,datasets/dataset_cropped/09_Metas/26/07/20190926071000_00160.jpg,datasets_flow/dataset_cropped/09_Metas/26/07/20190926071000_00160.jpg,datasets_cloudmask/dataset_cropped/09_Metas/26/07/20190926071000_00160.png,12.5,97,9.9,17.7,962
9/26/2019 7:11,datasets/dataset_cropped/09_Metas/26/07/20190926071100_00160.jpg,datasets_flow/dataset_cropped/09_Metas/26/07/20190926071100_00160.jpg,datasets_cloudmask/dataset_cropped/09_Metas/26/07/20190926071100_00160.png,14.1,111,10.8,17.8,963
9/26/2019 7:12,datasets/dataset_cropped/09_Metas/26/07/20190926071200_00160.jpg,datasets_flow/dataset_cropped/09_Metas/26/07/20190926071200_00160.jpg,datasets_cloudmask/dataset_cropped/09_Metas/26/07/20190926071200_00160.png,15.7,124.1,11.7,17.9,962
9/26/2019 7:13,datasets/dataset_cropped/09_Metas/26/07/20190926071300_00160.jpg,datasets_flow/dataset_cropped/09_Metas/26/07/20190926071300_00160.jpg,datasets_cloudmask/dataset_cropped/09_Metas/26/07/20190926071300_00160.png,17.4,137.2,12.5,18,963
9/26/2019 7:14,datasets/dataset_cropped/09_Metas/26/07/20190926071400_00160.jpg,datasets_flow/dataset_cropped/09_Metas/26/07/20190926071400_00160.jpg,datasets_cloudmask/dataset_cropped/09_Metas/26/07/20190926071400_00160.png,19,149.7,13.2,18.1,963
9/26/2019 7:15,datasets/dataset_cropped/09_Metas/26/07/20190926071500_00160.jpg,datasets_flow/dataset_cropped/09_Metas/26/07/20190926071500_00160.jpg,datasets_cloudmask/dataset_cropped/09_Metas/26/07/20190926071500_00160.png,20.8,161.2,14.1,18.2,963
9/26/2019 7:16,datasets/dataset_cropped/09_Metas/26/07/20190926071600_00160.jpg,datasets_flow/dataset_cropped/09_Metas/26/07/20190926071600_00160.jpg,datasets_cloudmask/dataset_cropped/09_Metas/26/07/20190926071600_00160.png,22.7,172.8,15,18.4,963
9/26/2019 7:17,datasets/dataset_cropped/09_Metas/26/07/20190926071700_00160.jpg,datasets_flow/dataset_cropped/09_Metas/26/07/20190926071700_00160.jpg,datasets_cloudmask/dataset_cropped/09_Metas/26/07/20190926071700_00160.png,24.6,185.4,15.8,18.5,963
9/26/2019 7:18,datasets/dataset_cropped/09_Metas/26/07/20190926071800_00160.jpg,datasets_flow/dataset_cropped/09_Metas/26/07/20190926071800_00160.jpg,datasets_cloudmask/dataset_cropped/09_Metas/26/07/20190926071800_00160.png,26.7,198.3,16.7,18.6,963
9/26/2019 7:19,datasets/dataset_cropped/09_Metas/26/07/20190926071900_00160.jpg,datasets_flow/dataset_cropped/09_Metas/26/07/20190926071900_00160.jpg,datasets_cloudmask/dataset_cropped/09_Metas/26/07/20190926071900_00160.png,28.9,212,17.5,18.8,963
9/26/2019 7:20,datasets/dataset_cropped/09_Metas/26/07/20190926072000_00160.jpg,datasets_flow/dataset_cropped/09_Metas/26/07/20190926072000_00160.jpg,datasets_cloudmask/dataset_cropped/09_Metas/26/07/20190926072000_00160.png,30.8,224.1,17.9,19.1,963
9/26/2019 7:21,datasets/dataset_cropped/09_Metas/26/07/20190926072100_00160.jpg,datasets_flow/dataset_cropped/09_Metas/26/07/20190926072100_00160.jpg,datasets_cloudmask/dataset_cropped/09_Metas/26/07/20190926072100_00160.png,32.8,235.3,18.4,19.2,963
9/26/2019 7:22,datasets/dataset_cropped/09_Metas/26/07/20190926072200_00160.jpg,datasets_flow/dataset_cropped/09_Metas/26/07/20190926072200_00160.jpg,datasets_cloudmask/dataset_cropped/09_Metas/26/07/20190926072200_00160.png,35,247.2,19,19.4,963
9/26/2019 7:23,datasets/dataset_cropped/09_Metas/26/07/20190926072300_00160.jpg,datasets_flow/dataset_cropped/09_Metas/26/07/20190926072300_00160.jpg,datasets_cloudmask/dataset_cropped/09_Metas/26/07/20190926072300_00160.png,37.5,259.1,19.9,19.5,963
9/26/2019 7:24,datasets/dataset_cropped/09_Metas/26/07/20190926072400_00160.jpg,datasets_flow/dataset_cropped/09_Metas/26/07/20190926072400_00160.jpg,datasets_cloudmask/dataset_cropped/09_Metas/26/07/20190926072400_00160.png,40,270.2,20.7,19.6,963
9/26/2019 7:25,datasets/dataset_cropped/09_Metas/26/07/20190926072500_00160.jpg,datasets_flow/dataset_cropped/09_Metas/26/07/20190926072500_00160.jpg,datasets_cloudmask/dataset_cropped/09_Metas/26/07/20190926072500_00160.png,42.5,281.6,21.5,19.6,963
9/26/2019 7:26,datasets/dataset_cropped/09_Metas/26/07/20190926072600_00160.jpg,datasets_flow/dataset_cropped/09_Metas/26/07/20190926072600_00160.jpg,datasets_cloudmask/dataset_cropped/09_Metas/26/07/20190926072600_00160.png,45.1,293.3,22.2,19.6,963
9/26/2019 7:27,datasets/dataset_cropped/09_Metas/26/07/20190926072700_00160.jpg,datasets_flow/dataset_cropped/09_Metas/26/07/20190926072700_00160.jpg,datasets_cloudmask/dataset_cropped/09_Metas/26/07/20190926072700_00160.png,47.6,303.9,23,19.7,963
9/26/2019 7:28,datasets/dataset_cropped/09_Metas/26/07/20190926072800_00160.jpg,datasets_flow/dataset_cropped/09_Metas/26/07/20190926072800_00160.jpg,datasets_cloudmask/dataset_cropped/09_Metas/26/07/20190926072800_00160.png,50.2,313.5,23.8,19.7,963
9/26/2019 7:29,datasets/dataset_cropped/09_Metas/26/07/20190926072900_00160.jpg,datasets_flow/dataset_cropped/09_Metas/26/07/20190926072900_00160.jpg,datasets_cloudmask/dataset_cropped/09_Metas/26/07/20190926072900_00160.png,52.7,322.4,24.5,19.8,963
9/26/2019 7:30,datasets/dataset_cropped/09_Metas/26/07/20190926073000_00160.jpg,datasets_flow/dataset_cropped/09_Metas/26/07/20190926073000_00160.jpg,datasets_cloudmask/dataset_cropped/09_Metas/26/07/20190926073000_00160.png,55.2,332.1,24.9,19.8,963
9/26/2019 7:31,datasets/dataset_cropped/09_Metas/26/07/20190926073100_00160.jpg,datasets_flow/dataset_cropped/09_Metas/26/07/20190926073100_00160.jpg,datasets_cloudmask/dataset_cropped/09_Metas/26/07/20190926073100_00160.png,57.9,342.5,25.5,19.8,963
9/26/2019 7:32,datasets/dataset_cropped/09_Metas/26/07/20190926073200_00160.jpg,datasets_flow/dataset_cropped/09_Metas/26/07/20190926073200_00160.jpg,datasets_cloudmask/dataset_cropped/09_Metas/26/07/20190926073200_00160.png,60.7,351.9,26.2,19.8,963
9/26/2019 7:33,datasets/dataset_cropped/09_Metas/26/07/20190926073300_00160.jpg,datasets_flow/dataset_cropped/09_Metas/26/07/20190926073300_00160.jpg,datasets_cloudmask/dataset_cropped/09_Metas/26/07/20190926073300_00160.png,63.6,361.4,26.9,19.7,963
9/26/2019 7:34,datasets/dataset_cropped/09_Metas/26/07/20190926073400_00160.jpg,datasets_flow/dataset_cropped/09_Metas/26/07/20190926073400_00160.jpg,datasets_cloudmask/dataset_cropped/09_Metas/26/07/20190926073400_00160.png,66.5,370.2,27.8,19.7,963
9/26/2019 7:35,datasets/dataset_cropped/09_Metas/26/07/20190926073500_00160.jpg,datasets_flow/dataset_cropped/09_Metas/26/07/20190926073500_00160.jpg,datasets_cloudmask/dataset_cropped/09_Metas/26/07/20190926073500_00160.png,69.4,378.2,28.5,19.8,963
9/26/2019 7:36,datasets/dataset_cropped/09_Metas/26/07/20190926073600_00160.jpg,datasets_flow/dataset_cropped/09_Metas/26/07/20190926073600_00160.jpg,datasets_cloudmask/dataset_cropped/09_Metas/26/07/20190926073600_00160.png,72.1,385.7,29.2,19.7,963
9/26/2019 7:37,datasets/dataset_cropped/09_Metas/26/07/20190926073700_00160.jpg,datasets_flow/dataset_cropped/09_Metas/26/07/20190926073700_00160.jpg,datasets_cloudmask/dataset_cropped/09_Metas/26/07/20190926073700_00160.png,75,393.5,30,19.7,963
9/26/2019 7:38,datasets/dataset_cropped/09_Metas/26/07/20190926073800_00160.jpg,datasets_flow/dataset_cropped/09_Metas/26/07/20190926073800_00160.jpg,datasets_cloudmask/dataset_cropped/09_Metas/26/07/20190926073800_00160.png,77.9,400.9,30.7,19.7,963
9/26/2019 7:39,datasets/dataset_cropped/09_Metas/26/07/20190926073900_00160.jpg,datasets_flow/dataset_cropped/09_Metas/26/07/20190926073900_00160.jpg,datasets_cloudmask/dataset_cropped/09_Metas/26/07/20190926073900_00160.png,80.8,409.6,31.2,19.7,963
9/26/2019 7:40,datasets/dataset_cropped/09_Metas/26/07/20190926074000_00160.jpg,datasets_flow/dataset_cropped/09_Metas/26/07/20190926074000_00160.jpg,datasets_cloudmask/dataset_cropped/09_Metas/26/07/20190926074000_00160.png,83.8,418.5,31.8,19.7,963
9/26/2019 7:41,datasets/dataset_cropped/09_Metas/26/07/20190926074100_00160.jpg,datasets_flow/dataset_cropped/09_Metas/26/07/20190926074100_00160.jpg,datasets_cloudmask/dataset_cropped/09_Metas/26/07/20190926074100_00160.png,86.8,426.1,32.4,19.8,963
9/26/2019 7:42,datasets/dataset_cropped/09_Metas/26/07/20190926074200_00160.jpg,datasets_flow/dataset_cropped/09_Metas/26/07/20190926074200_00160.jpg,datasets_cloudmask/dataset_cropped/09_Metas/26/07/20190926074200_00160.png,89.8,434.2,33,19.8,963
9/26/2019 7:43,datasets/dataset_cropped/09_Metas/26/07/20190926074300_00160.jpg,datasets_flow/dataset_cropped/09_Metas/26/07/20190926074300_00160.jpg,datasets_cloudmask/dataset_cropped/09_Metas/26/07/20190926074300_00160.png,92.9,441.9,33.5,19.9,963
9/26/2019 7:44,datasets/dataset_cropped/09_Metas/26/07/20190926074400_00160.jpg,datasets_flow/dataset_cropped/09_Metas/26/07/20190926074400_00160.jpg,datasets_cloudmask/dataset_cropped/09_Metas/26/07/20190926074400_00160.png,95.9,449.3,34.1,20,963
9/26/2019 7:45,datasets/dataset_cropped/09_Metas/26/07/20190926074500_00160.jpg,datasets_flow/dataset_cropped/09_Metas/26/07/20190926074500_00160.jpg,datasets_cloudmask/dataset_cropped/09_Metas/26/07/20190926074500_00160.png,99.1,456.8,34.7,20,963
9/26/2019 7:46,datasets/dataset_cropped/09_Metas/26/07/20190926074600_00160.jpg,datasets_flow/dataset_cropped/09_Metas/26/07/20190926074600_00160.jpg,datasets_cloudmask/dataset_cropped/09_Metas/26/07/20190926074600_00160.png,102.3,464,35.2,20.2,963
9/26/2019 7:47,datasets/dataset_cropped/09_Metas/26/07/20190926074700_00160.jpg,datasets_flow/dataset_cropped/09_Metas/26/07/20190926074700_00160.jpg,datasets_cloudmask/dataset_cropped/09_Metas/26/07/20190926074700_00160.png,105.4,471.3,35.8,20.4,963
9/26/2019 7:48,datasets/dataset_cropped/09_Metas/26/07/20190926074800_00160.jpg,datasets_flow/dataset_cropped/09_Metas/26/07/20190926074800_00160.jpg,datasets_cloudmask/dataset_cropped/09_Metas/26/07/20190926074800_00160.png,108.7,478.6,36.3,20.5,963
9/26/2019 7:49,datasets/dataset_cropped/09_Metas/26/07/20190926074900_00160.jpg,datasets_flow/dataset_cropped/09_Metas/26/07/20190926074900_00160.jpg,datasets_cloudmask/dataset_cropped/09_Metas/26/07/20190926074900_00160.png,112,485.5,36.9,20.5,963
9/26/2019 7:50,datasets/dataset_cropped/09_Metas/26/07/20190926075000_00160.jpg,datasets_flow/dataset_cropped/09_Metas/26/07/20190926075000_00160.jpg,datasets_cloudmask/dataset_cropped/09_Metas/26/07/20190926075000_00160.png,115.4,492.8,37.4,20.6,963
9/26/2019 7:51,datasets/dataset_cropped/09_Metas/26/07/20190926075100_00160.jpg,datasets_flow/dataset_cropped/09_Metas/26/07/20190926075100_00160.jpg,datasets_cloudmask/dataset_cropped/09_Metas/26/07/20190926075100_00160.png,118.6,499.6,37.9,20.6,963
9/26/2019 7:52,datasets/dataset_cropped/09_Metas/26/07/20190926075200_00160.jpg,datasets_flow/dataset_cropped/09_Metas/26/07/20190926075200_00160.jpg,datasets_cloudmask/dataset_cropped/09_Metas/26/07/20190926075200_00160.png,121.9,506.5,38.5,20.6,963
9/26/2019 7:53,datasets/dataset_cropped/09_Metas/26/07/20190926075300_00160.jpg,datasets_flow/dataset_cropped/09_Metas/26/07/20190926075300_00160.jpg,datasets_cloudmask/dataset_cropped/09_Metas/26/07/20190926075300_00160.png,125.1,513.2,38.9,20.7,963
9/26/2019 7:54,datasets/dataset_cropped/09_Metas/26/07/20190926075400_00160.jpg,datasets_flow/dataset_cropped/09_Metas/26/07/20190926075400_00160.jpg,datasets_cloudmask/dataset_cropped/09_Metas/26/07/20190926075400_00160.png,128.5,519.4,39.4,20.8,963
9/26/2019 7:55,datasets/dataset_cropped/09_Metas/26/07/20190926075500_00160.jpg,datasets_flow/dataset_cropped/09_Metas/26/07/20190926075500_00160.jpg,datasets_cloudmask/dataset_cropped/09_Metas/26/07/20190926075500_00160.png,131.9,525.5,40,20.8,963
9/26/2019 7:56,datasets/dataset_cropped/09_Metas/26/07/20190926075600_00160.jpg,datasets_flow/dataset_cropped/09_Metas/26/07/20190926075600_00160.jpg,datasets_cloudmask/dataset_cropped/09_Metas/26/07/20190926075600_00160.png,135.2,531.5,40.5,20.8,963
9/26/2019 7:57,datasets/dataset_cropped/09_Metas/26/07/20190926075700_00160.jpg,datasets_flow/dataset_cropped/09_Metas/26/07/20190926075700_00160.jpg,datasets_cloudmask/dataset_cropped/09_Metas/26/07/20190926075700_00160.png,138.5,537.3,41,20.8,963
9/26/2019 7:58,datasets/dataset_cropped/09_Metas/26/07/20190926075800_00160.jpg,datasets_flow/dataset_cropped/09_Metas/26/07/20190926075800_00160.jpg,datasets_cloudmask/dataset_cropped/09_Metas/26/07/20190926075800_00160.png,141.8,543.3,41.4,20.8,963
9/26/2019 7:59,datasets/dataset_cropped/09_Metas/26/07/20190926075900_00160.jpg,datasets_flow/dataset_cropped/09_Metas/26/07/20190926075900_00160.jpg,datasets_cloudmask/dataset_cropped/09_Metas/26/07/20190926075900_00160.png,145.2,549.1,42,20.8,963
9/26/2019 8:00,datasets/dataset_cropped/09_Metas/26/08/20190926080000_00160.jpg,datasets_flow/dataset_cropped/09_Metas/26/08/20190926080000_00160.jpg,datasets_cloudmask/dataset_cropped/09_Metas/26/08/20190926080000_00160.png,148.6,554.3,42.6,20.8,963
9/26/2019 8:01,datasets/dataset_cropped/09_Metas/26/08/20190926080100_00160.jpg,datasets_flow/dataset_cropped/09_Metas/26/08/20190926080100_00160.jpg,datasets_cloudmask/dataset_cropped/09_Metas/26/08/20190926080100_00160.png,152,560.2,43.1,20.7,963
9/26/2019 8:02,datasets/dataset_cropped/09_Metas/26/08/20190926080200_00160.jpg,datasets_flow/dataset_cropped/09_Metas/26/08/20190926080200_00160.jpg,datasets_cloudmask/dataset_cropped/09_Metas/26/08/20190926080200_00160.png,155.4,566.2,43.6,20.7,963
9/26/2019 8:03,datasets/dataset_cropped/09_Metas/26/08/20190926080300_00160.jpg,datasets_flow/dataset_cropped/09_Metas/26/08/20190926080300_00160.jpg,datasets_cloudmask/dataset_cropped/09_Metas/26/08/20190926080300_00160.png,158.8,571.7,44.1,20.7,963
9/26/2019 8:04,datasets/dataset_cropped/09_Metas/26/08/20190926080400_00160.jpg,datasets_flow/dataset_cropped/09_Metas/26/08/20190926080400_00160.jpg,datasets_cloudmask/dataset_cropped/09_Metas/26/08/20190926080400_00160.png,162.2,577,44.6,20.7,963
9/26/2019 8:05,datasets/dataset_cropped/09_Metas/26/08/20190926080500_00160.jpg,datasets_flow/dataset_cropped/09_Metas/26/08/20190926080500_00160.jpg,datasets_cloudmask/dataset_cropped/09_Metas/26/08/20190926080500_00160.png,165.6,582.7,45,20.7,963
9/26/2019 8:06,datasets/dataset_cropped/09_Metas/26/08/20190926080600_00160.jpg,datasets_flow/dataset_cropped/09_Metas/26/08/20190926080600_00160.jpg,datasets_cloudmask/dataset_cropped/09_Metas/26/08/20190926080600_00160.png,168.9,588.4,45.3,20.7,963
9/26/2019 8:07,datasets/dataset_cropped/09_Metas/26/08/20190926080700_00160.jpg,datasets_flow/dataset_cropped/09_Metas/26/08/20190926080700_00160.jpg,datasets_cloudmask/dataset_cropped/09_Metas/26/08/20190926080700_00160.png,172.4,594,45.6,20.7,963
9/26/2019 8:08,datasets/dataset_cropped/09_Metas/26/08/20190926080800_00160.jpg,datasets_flow/dataset_cropped/09_Metas/26/08/20190926080800_00160.jpg,datasets_cloudmask/dataset_cropped/09_Metas/26/08/20190926080800_00160.png,175.9,599.4,45.9,20.8,963
9/26/2019 8:09,datasets/dataset_cropped/09_Metas/26/08/20190926080900_00160.jpg,datasets_flow/dataset_cropped/09_Metas/26/08/20190926080900_00160.jpg,datasets_cloudmask/dataset_cropped/09_Metas/26/08/20190926080900_00160.png,179.4,604.6,46.3,20.8,963
9/26/2019 8:10,datasets/dataset_cropped/09_Metas/26/08/20190926081000_00160.jpg,datasets_flow/dataset_cropped/09_Metas/26/08/20190926081000_00160.jpg,datasets_cloudmask/dataset_cropped/09_Metas/26/08/20190926081000_00160.png,182.8,609.2,46.6,20.8,963
9/26/2019 8:11,datasets/dataset_cropped/09_Metas/26/08/20190926081100_00160.jpg,datasets_flow/dataset_cropped/09_Metas/26/08/20190926081100_00160.jpg,datasets_cloudmask/dataset_cropped/09_Metas/26/08/20190926081100_00160.png,186.1,613.5,46.9,20.9,963
9/26/2019 8:12,datasets/dataset_cropped/09_Metas/26/08/20190926081200_00160.jpg,datasets_flow/dataset_cropped/09_Metas/26/08/20190926081200_00160.jpg,datasets_cloudmask/dataset_cropped/09_Metas/26/08/20190926081200_00160.png,189.5,618.1,47.2,20.9,963
9/26/2019 8:13,datasets/dataset_cropped/09_Metas/26/08/20190926081300_00160.jpg,datasets_flow/dataset_cropped/09_Metas/26/08/20190926081300_00160.jpg,datasets_cloudmask/dataset_cropped/09_Metas/26/08/20190926081300_00160.png,192.9,622.6,47.6,21,963
9/26/2019 8:14,datasets/dataset_cropped/09_Metas/26/08/20190926081400_00160.jpg,datasets_flow/dataset_cropped/09_Metas/26/08/20190926081400_00160.jpg,datasets_cloudmask/dataset_cropped/09_Metas/26/08/20190926081400_00160.png,196.5,627.3,47.9,21.2,963
9/26/2019 8:15,datasets/dataset_cropped/09_Metas/26/08/20190926081500_00160.jpg,datasets_flow/dataset_cropped/09_Metas/26/08/20190926081500_00160.jpg,datasets_cloudmask/dataset_cropped/09_Metas/26/08/20190926081500_00160.png,200,632.1,48.2,21.3,963
9/26/2019 8:16,datasets/dataset_cropped/09_Metas/26/08/20190926081600_00160.jpg,datasets_flow/dataset_cropped/09_Metas/26/08/20190926081600_00160.jpg,datasets_cloudmask/dataset_cropped/09_Metas/26/08/20190926081600_00160.png,203.5,636,48.6,21.3,963
9/26/2019 8:17,datasets/dataset_cropped/09_Metas/26/08/20190926081700_00160.jpg,datasets_flow/dataset_cropped/09_Metas/26/08/20190926081700_00160.jpg,datasets_cloudmask/dataset_cropped/09_Metas/26/08/20190926081700_00160.png,206.9,640.4,48.9,21.4,963
9/26/2019 8:18,datasets/dataset_cropped/09_Metas/26/08/20190926081800_00160.jpg,datasets_flow/dataset_cropped/09_Metas/26/08/20190926081800_00160.jpg,datasets_cloudmask/dataset_cropped/09_Metas/26/08/20190926081800_00160.png,210.4,644.8,49.3,21.5,963
9/26/2019 8:19,datasets/dataset_cropped/09_Metas/26/08/20190926081900_00160.jpg,datasets_flow/dataset_cropped/09_Metas/26/08/20190926081900_00160.jpg,datasets_cloudmask/dataset_cropped/09_Metas/26/08/20190926081900_00160.png,213.9,648.8,49.6,21.6,963
9/26/2019 8:20,datasets/dataset_cropped/09_Metas/26/08/20190926082000_00160.jpg,datasets_flow/dataset_cropped/09_Metas/26/08/20190926082000_00160.jpg,datasets_cloudmask/dataset_cropped/09_Metas/26/08/20190926082000_00160.png,217.5,653.5,49.9,21.6,963
9/26/2019 8:21,datasets/dataset_cropped/09_Metas/26/08/20190926082100_00160.jpg,datasets_flow/dataset_cropped/09_Metas/26/08/20190926082100_00160.jpg,datasets_cloudmask/dataset_cropped/09_Metas/26/08/20190926082100_00160.png,221,657.3,50.2,21.6,963
9/26/2019 8:22,datasets/dataset_cropped/09_Metas/26/08/20190926082200_00160.jpg,datasets_flow/dataset_cropped/09_Metas/26/08/20190926082200_00160.jpg,datasets_cloudmask/dataset_cropped/09_Metas/26/08/20190926082200_00160.png,224.5,661.4,50.5,21.6,963
9/26/2019 8:23,datasets/dataset_cropped/09_Metas/26/08/20190926082300_00160.jpg,datasets_flow/dataset_cropped/09_Metas/26/08/20190926082300_00160.jpg,datasets_cloudmask/dataset_cropped/09_Metas/26/08/20190926082300_00160.png,227.9,664.9,50.8,21.6,963
9/26/2019 8:24,datasets/dataset_cropped/09_Metas/26/08/20190926082400_00160.jpg,datasets_flow/dataset_cropped/09_Metas/26/08/20190926082400_00160.jpg,datasets_cloudmask/dataset_cropped/09_Metas/26/08/20190926082400_00160.png,231.3,668.6,51.1,21.7,963
9/26/2019 8:25,datasets/dataset_cropped/09_Metas/26/08/20190926082500_00160.jpg,datasets_flow/dataset_cropped/09_Metas/26/08/20190926082500_00160.jpg,datasets_cloudmask/dataset_cropped/09_Metas/26/08/20190926082500_00160.png,234.8,672.3,51.4,21.8,963
9/26/2019 8:26,datasets/dataset_cropped/09_Metas/26/08/20190926082600_00160.jpg,datasets_flow/dataset_cropped/09_Metas/26/08/20190926082600_00160.jpg,datasets_cloudmask/dataset_cropped/09_Metas/26/08/20190926082600_00160.png,238.4,676.2,51.7,21.9,963
9/26/2019 8:27,datasets/dataset_cropped/09_Metas/26/08/20190926082700_00160.jpg,datasets_flow/dataset_cropped/09_Metas/26/08/20190926082700_00160.jpg,datasets_cloudmask/dataset_cropped/09_Metas/26/08/20190926082700_00160.png,241.9,680,52,21.9,963
9/26/2019 8:28,datasets/dataset_cropped/09_Metas/26/08/20190926082800_00160.jpg,datasets_flow/dataset_cropped/09_Metas/26/08/20190926082800_00160.jpg,datasets_cloudmask/dataset_cropped/09_Metas/26/08/20190926082800_00160.png,245.5,683.9,52.4,22.1,963
9/26/2019 8:29,datasets/dataset_cropped/09_Metas/26/08/20190926082900_00160.jpg,datasets_flow/dataset_cropped/09_Metas/26/08/20190926082900_00160.jpg,datasets_cloudmask/dataset_cropped/09_Metas/26/08/20190926082900_00160.png,249,687.5,52.7,22.1,963
9/26/2019 8:30,datasets/dataset_cropped/09_Metas/26/08/20190926083000_00160.jpg,datasets_flow/dataset_cropped/09_Metas/26/08/20190926083000_00160.jpg,datasets_cloudmask/dataset_cropped/09_Metas/26/08/20190926083000_00160.png,252.6,691.1,53,22.1,963
9/26/2019 8:31,datasets/dataset_cropped/09_Metas/26/08/20190926083100_00160.jpg,datasets_flow/dataset_cropped/09_Metas/26/08/20190926083100_00160.jpg,datasets_cloudmask/dataset_cropped/09_Metas/26/08/20190926083100_00160.png,256.1,694.6,53.3,22.3,963
9/26/2019 8:32,datasets/dataset_cropped/09_Metas/26/08/20190926083200_00160.jpg,datasets_flow/dataset_cropped/09_Metas/26/08/20190926083200_00160.jpg,datasets_cloudmask/dataset_cropped/09_Metas/26/08/20190926083200_00160.png,259.4,697.9,53.5,22.4,963
9/26/2019 8:33,datasets/dataset_cropped/09_Metas/26/08/20190926083300_00160.jpg,datasets_flow/dataset_cropped/09_Metas/26/08/20190926083300_00160.jpg,datasets_cloudmask/dataset_cropped/09_Metas/26/08/20190926083300_00160.png,262.9,701,53.9,22.6,963
9/26/2019 8:34,datasets/dataset_cropped/09_Metas/26/08/20190926083400_00160.jpg,datasets_flow/dataset_cropped/09_Metas/26/08/20190926083400_00160.jpg,datasets_cloudmask/dataset_cropped/09_Metas/26/08/20190926083400_00160.png,266.3,704.3,54.1,22.6,963
9/26/2019 8:35,datasets/dataset_cropped/09_Metas/26/08/20190926083500_00160.jpg,datasets_flow/dataset_cropped/09_Metas/26/08/20190926083500_00160.jpg,datasets_cloudmask/dataset_cropped/09_Metas/26/08/20190926083500_00160.png,269.9,707.4,54.3,22.7,963
9/26/2019 8:36,datasets/dataset_cropped/09_Metas/26/08/20190926083600_00160.jpg,datasets_flow/dataset_cropped/09_Metas/26/08/20190926083600_00160.jpg,datasets_cloudmask/dataset_cropped/09_Metas/26/08/20190926083600_00160.png,273.4,710.7,54.6,22.8,963
9/26/2019 8:37,datasets/dataset_cropped/09_Metas/26/08/20190926083700_00160.jpg,datasets_flow/dataset_cropped/09_Metas/26/08/20190926083700_00160.jpg,datasets_cloudmask/dataset_cropped/09_Metas/26/08/20190926083700_00160.png,277.1,714,54.9,22.9,963
9/26/2019 8:38,datasets/dataset_cropped/09_Metas/26/08/20190926083800_00160.jpg,datasets_flow/dataset_cropped/09_Metas/26/08/20190926083800_00160.jpg,datasets_cloudmask/dataset_cropped/09_Metas/26/08/20190926083800_00160.png,280.7,717.5,55.1,22.9,963
9/26/2019 8:39,datasets/dataset_cropped/09_Metas/26/08/20190926083900_00160.jpg,datasets_flow/dataset_cropped/09_Metas/26/08/20190926083900_00160.jpg,datasets_cloudmask/dataset_cropped/09_Metas/26/08/20190926083900_00160.png,284.1,720.4,55.4,22.9,963
9/26/2019 8:40,datasets/dataset_cropped/09_Metas/26/08/20190926084000_00160.jpg,datasets_flow/dataset_cropped/09_Metas/26/08/20190926084000_00160.jpg,datasets_cloudmask/dataset_cropped/09_Metas/26/08/20190926084000_00160.png,287.5,723.3,55.6,22.9,963
9/26/2019 8:41,datasets/dataset_cropped/09_Metas/26/08/20190926084100_00160.jpg,datasets_flow/dataset_cropped/09_Metas/26/08/20190926084100_00160.jpg,datasets_cloudmask/dataset_cropped/09_Metas/26/08/20190926084100_00160.png,291,726.2,55.8,23.1,963
9/26/2019 8:42,datasets/dataset_cropped/09_Metas/26/08/20190926084200_00160.jpg,datasets_flow/dataset_cropped/09_Metas/26/08/20190926084200_00160.jpg,datasets_cloudmask/dataset_cropped/09_Metas/26/08/20190926084200_00160.png,294.5,728.9,56.1,23,963
9/26/2019 8:43,datasets/dataset_cropped/09_Metas/26/08/20190926084300_00160.jpg,datasets_flow/dataset_cropped/09_Metas/26/08/20190926084300_00160.jpg,datasets_cloudmask/dataset_cropped/09_Metas/26/08/20190926084300_00160.png,298.1,731.7,56.5,23.1,963
9/26/2019 8:44,datasets/dataset_cropped/09_Metas/26/08/20190926084400_00160.jpg,datasets_flow/dataset_cropped/09_Metas/26/08/20190926084400_00160.jpg,datasets_cloudmask/dataset_cropped/09_Metas/26/08/20190926084400_00160.png,301.5,734.7,56.7,23.2,963
9/26/2019 8:45,datasets/dataset_cropped/09_Metas/26/08/20190926084500_00160.jpg,datasets_flow/dataset_cropped/09_Metas/26/08/20190926084500_00160.jpg,datasets_cloudmask/dataset_cropped/09_Metas/26/08/20190926084500_00160.png,304.7,736.6,56.9,23.3,963
9/26/2019 8:46,datasets/dataset_cropped/09_Metas/26/08/20190926084600_00160.jpg,datasets_flow/dataset_cropped/09_Metas/26/08/20190926084600_00160.jpg,datasets_cloudmask/dataset_cropped/09_Metas/26/08/20190926084600_00160.png,308.1,739.3,57.1,23.3,963
9/26/2019 8:47,datasets/dataset_cropped/09_Metas/26/08/20190926084700_00160.jpg,datasets_flow/dataset_cropped/09_Metas/26/08/20190926084700_00160.jpg,datasets_cloudmask/dataset_cropped/09_Metas/26/08/20190926084700_00160.png,311.6,742,57.5,23.2,963
9/26/2019 8:48,datasets/dataset_cropped/09_Metas/26/08/20190926084800_00160.jpg,datasets_flow/dataset_cropped/09_Metas/26/08/20190926084800_00160.jpg,datasets_cloudmask/dataset_cropped/09_Metas/26/08/20190926084800_00160.png,315,744.7,57.6,23.2,963
9/26/2019 8:49,datasets/dataset_cropped/09_Metas/26/08/20190926084900_00160.jpg,datasets_flow/dataset_cropped/09_Metas/26/08/20190926084900_00160.jpg,datasets_cloudmask/dataset_cropped/09_Metas/26/08/20190926084900_00160.png,318.3,747.3,57.7,23.3,963
9/26/2019 8:50,datasets/dataset_cropped/09_Metas/26/08/20190926085000_00160.jpg,datasets_flow/dataset_cropped/09_Metas/26/08/20190926085000_00160.jpg,datasets_cloudmask/dataset_cropped/09_Metas/26/08/20190926085000_00160.png,321.6,749.7,57.8,23.2,963
9/26/2019 8:51,datasets/dataset_cropped/09_Metas/26/08/20190926085100_00160.jpg,datasets_flow/dataset_cropped/09_Metas/26/08/20190926085100_00160.jpg,datasets_cloudmask/dataset_cropped/09_Metas/26/08/20190926085100_00160.png,325.1,752.4,58,23.2,963
9/26/2019 8:52,datasets/dataset_cropped/09_Metas/26/08/20190926085200_00160.jpg,datasets_flow/dataset_cropped/09_Metas/26/08/20190926085200_00160.jpg,datasets_cloudmask/dataset_cropped/09_Metas/26/08/20190926085200_00160.png,328.6,755.1,58.2,23.4,963
9/26/2019 8:53,datasets/dataset_cropped/09_Metas/26/08/20190926085300_00160.jpg,datasets_flow/dataset_cropped/09_Metas/26/08/20190926085300_00160.jpg,datasets_cloudmask/dataset_cropped/09_Metas/26/08/20190926085300_00160.png,332.2,757.8,58.4,23.4,963
9/26/2019 8:54,datasets/dataset_cropped/09_Metas/26/08/20190926085400_00160.jpg,datasets_flow/dataset_cropped/09_Metas/26/08/20190926085400_00160.jpg,datasets_cloudmask/dataset_cropped/09_Metas/26/08/20190926085400_00160.png,335.8,760.2,58.8,23.4,963
9/26/2019 8:55,datasets/dataset_cropped/09_Metas/26/08/20190926085500_00160.jpg,datasets_flow/dataset_cropped/09_Metas/26/08/20190926085500_00160.jpg,datasets_cloudmask/dataset_cropped/09_Metas/26/08/20190926085500_00160.png,339.1,762.7,59,23.3,963
9/26/2019 8:56,datasets/dataset_cropped/09_Metas/26/08/20190926085600_00160.jpg,datasets_flow/dataset_cropped/09_Metas/26/08/20190926085600_00160.jpg,datasets_cloudmask/dataset_cropped/09_Metas/26/08/20190926085600_00160.png,342.7,765.5,59.3,23.5,963
9/26/2019 8:57,datasets/dataset_cropped/09_Metas/26/08/20190926085700_00160.jpg,datasets_flow/dataset_cropped/09_Metas/26/08/20190926085700_00160.jpg,datasets_cloudmask/dataset_cropped/09_Metas/26/08/20190926085700_00160.png,346.2,768.1,59.4,23.6,963
9/26/2019 8:58,datasets/dataset_cropped/09_Metas/26/08/20190926085800_00160.jpg,datasets_flow/dataset_cropped/09_Metas/26/08/20190926085800_00160.jpg,datasets_cloudmask/dataset_cropped/09_Metas/26/08/20190926085800_00160.png,349.7,770.2,59.6,23.6,963
9/26/2019 8:59,datasets/dataset_cropped/09_Metas/26/08/20190926085900_00160.jpg,datasets_flow/dataset_cropped/09_Metas/26/08/20190926085900_00160.jpg,datasets_cloudmask/dataset_cropped/09_Metas/26/08/20190926085900_00160.png,353.1,772.8,59.7,23.7,963
9/26/2019 9:00,datasets/dataset_cropped/09_Metas/26/09/20190926090000_00160.jpg,datasets_flow/dataset_cropped/09_Metas/26/09/20190926090000_00160.jpg,datasets_cloudmask/dataset_cropped/09_Metas/26/09/20190926090000_00160.png,356.5,775.2,59.8,23.9,963
9/26/2019 9:01,datasets/dataset_cropped/09_Metas/26/09/20190926090100_00160.jpg,datasets_flow/dataset_cropped/09_Metas/26/09/20190926090100_00160.jpg,datasets_cloudmask/dataset_cropped/09_Metas/26/09/20190926090100_00160.png,359.9,777.4,60,23.9,963
9/26/2019 9:02,datasets/dataset_cropped/09_Metas/26/09/20190926090200_00160.jpg,datasets_flow/dataset_cropped/09_Metas/26/09/20190926090200_00160.jpg,datasets_cloudmask/dataset_cropped/09_Metas/26/09/20190926090200_00160.png,363.4,779.7,60.4,24,963
9/26/2019 9:03,datasets/dataset_cropped/09_Metas/26/09/20190926090300_00160.jpg,datasets_flow/dataset_cropped/09_Metas/26/09/20190926090300_00160.jpg,datasets_cloudmask/dataset_cropped/09_Metas/26/09/20190926090300_00160.png,366.8,781.7,60.6,23.9,963
9/26/2019 9:04,datasets/dataset_cropped/09_Metas/26/09/20190926090400_00160.jpg,datasets_flow/dataset_cropped/09_Metas/26/09/20190926090400_00160.jpg,datasets_cloudmask/dataset_cropped/09_Metas/26/09/20190926090400_00160.png,370.4,784.1,60.8,24,963
9/26/2019 9:05,datasets/dataset_cropped/09_Metas/26/09/20190926090500_00160.jpg,datasets_flow/dataset_cropped/09_Metas/26/09/20190926090500_00160.jpg,datasets_cloudmask/dataset_cropped/09_Metas/26/09/20190926090500_00160.png,373.6,786.1,61,23.9,963
9/26/2019 9:06,datasets/dataset_cropped/09_Metas/26/09/20190926090600_00160.jpg,datasets_flow/dataset_cropped/09_Metas/26/09/20190926090600_00160.jpg,datasets_cloudmask/dataset_cropped/09_Metas/26/09/20190926090600_00160.png,376.8,787.9,61.2,23.8,963
9/26/2019 9:07,datasets/dataset_cropped/09_Metas/26/09/20190926090700_00160.jpg,datasets_flow/dataset_cropped/09_Metas/26/09/20190926090700_00160.jpg,datasets_cloudmask/dataset_cropped/09_Metas/26/09/20190926090700_00160.png,380.1,790.2,61.3,23.8,963
9/26/2019 9:08,datasets/dataset_cropped/09_Metas/26/09/20190926090800_00160.jpg,datasets_flow/dataset_cropped/09_Metas/26/09/20190926090800_00160.jpg,datasets_cloudmask/dataset_cropped/09_Metas/26/09/20190926090800_00160.png,383.7,792.6,61.6,23.9,963
9/26/2019 9:09,datasets/dataset_cropped/09_Metas/26/09/20190926090900_00160.jpg,datasets_flow/dataset_cropped/09_Metas/26/09/20190926090900_00160.jpg,datasets_cloudmask/dataset_cropped/09_Metas/26/09/20190926090900_00160.png,387,794.7,61.7,24,963
9/26/2019 9:10,datasets/dataset_cropped/09_Metas/26/09/20190926091000_00160.jpg,datasets_flow/dataset_cropped/09_Metas/26/09/20190926091000_00160.jpg,datasets_cloudmask/dataset_cropped/09_Metas/26/09/20190926091000_00160.png,390.4,796.8,61.8,24,963
9/26/2019 9:11,datasets/dataset_cropped/09_Metas/26/09/20190926091100_00160.jpg,datasets_flow/dataset_cropped/09_Metas/26/09/20190926091100_00160.jpg,datasets_cloudmask/dataset_cropped/09_Metas/26/09/20190926091100_00160.png,393.7,798.9,61.9,24.1,963
9/26/2019 9:12,datasets/dataset_cropped/09_Metas/26/09/20190926091200_00160.jpg,datasets_flow/dataset_cropped/09_Metas/26/09/20190926091200_00160.jpg,datasets_cloudmask/dataset_cropped/09_Metas/26/09/20190926091200_00160.png,397,801,62,24.2,963
9/26/2019 9:13,datasets/dataset_cropped/09_Metas/26/09/20190926091300_00160.jpg,datasets_flow/dataset_cropped/09_Metas/26/09/20190926091300_00160.jpg,datasets_cloudmask/dataset_cropped/09_Metas/26/09/20190926091300_00160.png,400.5,803,62.2,24.2,963
9/26/2019 9:14,datasets/dataset_cropped/09_Metas/26/09/20190926091400_00160.jpg,datasets_flow/dataset_cropped/09_Metas/26/09/20190926091400_00160.jpg,datasets_cloudmask/dataset_cropped/09_Metas/26/09/20190926091400_00160.png,403.9,805,62.5,24.1,963
9/26/2019 9:15,datasets/dataset_cropped/09_Metas/26/09/20190926091500_00160.jpg,datasets_flow/dataset_cropped/09_Metas/26/09/20190926091500_00160.jpg,datasets_cloudmask/dataset_cropped/09_Metas/26/09/20190926091500_00160.png,407.1,807,62.5,24,963
9/26/2019 9:16,datasets/dataset_cropped/09_Metas/26/09/20190926091600_00160.jpg,datasets_flow/dataset_cropped/09_Metas/26/09/20190926091600_00160.jpg,datasets_cloudmask/dataset_cropped/09_Metas/26/09/20190926091600_00160.png,410.5,809,62.5,24,963
9/26/2019 9:17,datasets/dataset_cropped/09_Metas/26/09/20190926091700_00160.jpg,datasets_flow/dataset_cropped/09_Metas/26/09/20190926091700_00160.jpg,datasets_cloudmask/dataset_cropped/09_Metas/26/09/20190926091700_00160.png,414,811,63,24,963
9/26/2019 9:18,datasets/dataset_cropped/09_Metas/26/09/20190926091800_00160.jpg,datasets_flow/dataset_cropped/09_Metas/26/09/20190926091800_00160.jpg,datasets_cloudmask/dataset_cropped/09_Metas/26/09/20190926091800_00160.png,417.3,813,63.1,24,963
9/26/2019 9:19,datasets/dataset_cropped/09_Metas/26/09/20190926091900_00160.jpg,datasets_flow/dataset_cropped/09_Metas/26/09/20190926091900_00160.jpg,datasets_cloudmask/dataset_cropped/09_Metas/26/09/20190926091900_00160.png,420.5,814,63.3,24.1,963
9/26/2019 9:20,datasets/dataset_cropped/09_Metas/26/09/20190926092000_00160.jpg,datasets_flow/dataset_cropped/09_Metas/26/09/20190926092000_00160.jpg,datasets_cloudmask/dataset_cropped/09_Metas/26/09/20190926092000_00160.png,423.7,816,63.4,24.2,963
9/26/2019 9:21,datasets/dataset_cropped/09_Metas/26/09/20190926092100_00160.jpg,datasets_flow/dataset_cropped/09_Metas/26/09/20190926092100_00160.jpg,datasets_cloudmask/dataset_cropped/09_Metas/26/09/20190926092100_00160.png,426.9,817,63.5,24.3,963
9/26/2019 9:22,datasets/dataset_cropped/09_Metas/26/09/20190926092200_00160.jpg,datasets_flow/dataset_cropped/09_Metas/26/09/20190926092200_00160.jpg,datasets_cloudmask/dataset_cropped/09_Metas/26/09/20190926092200_00160.png,430.2,819,63.6,24.3,963
9/26/2019 9:23,datasets/dataset_cropped/09_Metas/26/09/20190926092300_00160.jpg,datasets_flow/dataset_cropped/09_Metas/26/09/20190926092300_00160.jpg,datasets_cloudmask/dataset_cropped/09_Metas/26/09/20190926092300_00160.png,433.6,821,63.8,24.3,963
9/26/2019 9:24,datasets/dataset_cropped/09_Metas/26/09/20190926092400_00160.jpg,datasets_flow/dataset_cropped/09_Metas/26/09/20190926092400_00160.jpg,datasets_cloudmask/dataset_cropped/09_Metas/26/09/20190926092400_00160.png,437,823,63.8,24.3,963
9/26/2019 9:25,datasets/dataset_cropped/09_Metas/26/09/20190926092500_00160.jpg,datasets_flow/dataset_cropped/09_Metas/26/09/20190926092500_00160.jpg,datasets_cloudmask/dataset_cropped/09_Metas/26/09/20190926092500_00160.png,440.2,824,64,24.3,963
9/26/2019 9:26,datasets/dataset_cropped/09_Metas/26/09/20190926092600_00160.jpg,datasets_flow/dataset_cropped/09_Metas/26/09/20190926092600_00160.jpg,datasets_cloudmask/dataset_cropped/09_Metas/26/09/20190926092600_00160.png,443.5,826,64.3,24.3,963
9/26/2019 9:27,datasets/dataset_cropped/09_Metas/26/09/20190926092700_00160.jpg,datasets_flow/dataset_cropped/09_Metas/26/09/20190926092700_00160.jpg,datasets_cloudmask/dataset_cropped/09_Metas/26/09/20190926092700_00160.png,446.7,828,64.5,24.4,963
9/26/2019 9:28,datasets/dataset_cropped/09_Metas/26/09/20190926092800_00160.jpg,datasets_flow/dataset_cropped/09_Metas/26/09/20190926092800_00160.jpg,datasets_cloudmask/dataset_cropped/09_Metas/26/09/20190926092800_00160.png,449.6,829,64.5,24.4,963
9/26/2019 9:29,datasets/dataset_cropped/09_Metas/26/09/20190926092900_00160.jpg,datasets_flow/dataset_cropped/09_Metas/26/09/20190926092900_00160.jpg,datasets_cloudmask/dataset_cropped/09_Metas/26/09/20190926092900_00160.png,452.8,830,64.8,24.5,963
9/26/2019 9:30,datasets/dataset_cropped/09_Metas/26/09/20190926093000_00160.jpg,datasets_flow/dataset_cropped/09_Metas/26/09/20190926093000_00160.jpg,datasets_cloudmask/dataset_cropped/09_Metas/26/09/20190926093000_00160.png,456.2,832,65.2,24.5,964
9/26/2019 9:31,datasets/dataset_cropped/09_Metas/26/09/20190926093100_00160.jpg,datasets_flow/dataset_cropped/09_Metas/26/09/20190926093100_00160.jpg,datasets_cloudmask/dataset_cropped/09_Metas/26/09/20190926093100_00160.png,459.3,834,65.4,24.5,963
9/26/2019 9:32,datasets/dataset_cropped/09_Metas/26/09/20190926093200_00160.jpg,datasets_flow/dataset_cropped/09_Metas/26/09/20190926093200_00160.jpg,datasets_cloudmask/dataset_cropped/09_Metas/26/09/20190926093200_00160.png,462.6,836,65.5,24.6,963
9/26/2019 9:33,datasets/dataset_cropped/09_Metas/26/09/20190926093300_00160.jpg,datasets_flow/dataset_cropped/09_Metas/26/09/20190926093300_00160.jpg,datasets_cloudmask/dataset_cropped/09_Metas/26/09/20190926093300_00160.png,465.6,837,65.4,24.5,963
9/26/2019 9:34,datasets/dataset_cropped/09_Metas/26/09/20190926093400_00160.jpg,datasets_flow/dataset_cropped/09_Metas/26/09/20190926093400_00160.jpg,datasets_cloudmask/dataset_cropped/09_Metas/26/09/20190926093400_00160.png,468.5,838,65.5,24.6,963
9/26/2019 9:35,datasets/dataset_cropped/09_Metas/26/09/20190926093500_00160.jpg,datasets_flow/dataset_cropped/09_Metas/26/09/20190926093500_00160.jpg,datasets_cloudmask/dataset_cropped/09_Metas/26/09/20190926093500_00160.png,471.5,839,65.6,24.8,963
9/26/2019 9:36,datasets/dataset_cropped/09_Metas/26/09/20190926093600_00160.jpg,datasets_flow/dataset_cropped/09_Metas/26/09/20190926093600_00160.jpg,datasets_cloudmask/dataset_cropped/09_Metas/26/09/20190926093600_00160.png,474.9,841,65.8,24.8,963
9/26/2019 9:37,datasets/dataset_cropped/09_Metas/26/09/20190926093700_00160.jpg,datasets_flow/dataset_cropped/09_Metas/26/09/20190926093700_00160.jpg,datasets_cloudmask/dataset_cropped/09_Metas/26/09/20190926093700_00160.png,478.2,842,66.1,24.8,963
9/26/2019 9:38,datasets/dataset_cropped/09_Metas/26/09/20190926093800_00160.jpg,datasets_flow/dataset_cropped/09_Metas/26/09/20190926093800_00160.jpg,datasets_cloudmask/dataset_cropped/09_Metas/26/09/20190926093800_00160.png,480.8,843,66.3,24.7,963
9/26/2019 9:39,datasets/dataset_cropped/09_Metas/26/09/20190926093900_00160.jpg,datasets_flow/dataset_cropped/09_Metas/26/09/20190926093900_00160.jpg,datasets_cloudmask/dataset_cropped/09_Metas/26/09/20190926093900_00160.png,483.6,844,66.5,24.5,963
9/26/2019 9:40,datasets/dataset_cropped/09_Metas/26/09/20190926094000_00160.jpg,datasets_flow/dataset_cropped/09_Metas/26/09/20190926094000_00160.jpg,datasets_cloudmask/dataset_cropped/09_Metas/26/09/20190926094000_00160.png,486.7,845,66.7,24.6,963
9/26/2019 9:41,datasets/dataset_cropped/09_Metas/26/09/20190926094100_00160.jpg,datasets_flow/dataset_cropped/09_Metas/26/09/20190926094100_00160.jpg,datasets_cloudmask/dataset_cropped/09_Metas/26/09/20190926094100_00160.png,490.4,847,67,24.6,964
9/26/2019 9:42,datasets/dataset_cropped/09_Metas/26/09/20190926094200_00160.jpg,datasets_flow/dataset_cropped/09_Metas/26/09/20190926094200_00160.jpg,datasets_cloudmask/dataset_cropped/09_Metas/26/09/20190926094200_00160.png,493,848,67.2,24.5,963
9/26/2019 9:43,datasets/dataset_cropped/09_Metas/26/09/20190926094300_00160.jpg,datasets_flow/dataset_cropped/09_Metas/26/09/20190926094300_00160.jpg,datasets_cloudmask/dataset_cropped/09_Metas/26/09/20190926094300_00160.png,494.9,846,67.5,24.6,963
9/26/2019 9:44,datasets/dataset_cropped/09_Metas/26/09/20190926094400_00160.jpg,datasets_flow/dataset_cropped/09_Metas/26/09/20190926094400_00160.jpg,datasets_cloudmask/dataset_cropped/09_Metas/26/09/20190926094400_00160.png,497.8,847,67.6,24.7,963
9/26/2019 9:45,datasets/dataset_cropped/09_Metas/26/09/20190926094500_00160.jpg,datasets_flow/dataset_cropped/09_Metas/26/09/20190926094500_00160.jpg,datasets_cloudmask/dataset_cropped/09_Metas/26/09/20190926094500_00160.png,501.5,850,67.6,24.9,964
9/26/2019 9:46,datasets/dataset_cropped/09_Metas/26/09/20190926094600_00160.jpg,datasets_flow/dataset_cropped/09_Metas/26/09/20190926094600_00160.jpg,datasets_cloudmask/dataset_cropped/09_Metas/26/09/20190926094600_00160.png,504.5,851,68.1,24.9,963
9/26/2019 9:47,datasets/dataset_cropped/09_Metas/26/09/20190926094700_00160.jpg,datasets_flow/dataset_cropped/09_Metas/26/09/20190926094700_00160.jpg,datasets_cloudmask/dataset_cropped/09_Metas/26/09/20190926094700_00160.png,507.5,851,68.5,24.9,963
9/26/2019 9:48,datasets/dataset_cropped/09_Metas/26/09/20190926094800_00160.jpg,datasets_flow/dataset_cropped/09_Metas/26/09/20190926094800_00160.jpg,datasets_cloudmask/dataset_cropped/09_Metas/26/09/20190926094800_00160.png,510,851,68.9,24.9,963
9/26/2019 9:49,datasets/dataset_cropped/09_Metas/26/09/20190926094900_00160.jpg,datasets_flow/dataset_cropped/09_Metas/26/09/20190926094900_00160.jpg,datasets_cloudmask/dataset_cropped/09_Metas/26/09/20190926094900_00160.png,513.7,854,69,24.9,964
9/26/2019 9:50,datasets/dataset_cropped/09_Metas/26/09/20190926095000_00160.jpg,datasets_flow/dataset_cropped/09_Metas/26/09/20190926095000_00160.jpg,datasets_cloudmask/dataset_cropped/09_Metas/26/09/20190926095000_00160.png,517,856,69.3,24.9,963
9/26/2019 9:51,datasets/dataset_cropped/09_Metas/26/09/20190926095100_00160.jpg,datasets_flow/dataset_cropped/09_Metas/26/09/20190926095100_00160.jpg,datasets_cloudmask/dataset_cropped/09_Metas/26/09/20190926095100_00160.png,520.4,859,69.2,24.9,964
9/26/2019 9:52,datasets/dataset_cropped/09_Metas/26/09/20190926095200_00160.jpg,datasets_flow/dataset_cropped/09_Metas/26/09/20190926095200_00160.jpg,datasets_cloudmask/dataset_cropped/09_Metas/26/09/20190926095200_00160.png,523.2,860,69,24.9,963
9/26/2019 9:53,datasets/dataset_cropped/09_Metas/26/09/20190926095300_00160.jpg,datasets_flow/dataset_cropped/09_Metas/26/09/20190926095300_00160.jpg,datasets_cloudmask/dataset_cropped/09_Metas/26/09/20190926095300_00160.png,526.1,861,68.8,25.1,964
9/26/2019 9:54,datasets/dataset_cropped/09_Metas/26/09/20190926095400_00160.jpg,datasets_flow/dataset_cropped/09_Metas/26/09/20190926095400_00160.jpg,datasets_cloudmask/dataset_cropped/09_Metas/26/09/20190926095400_00160.png,529.8,864,68.9,25.1,963
9/26/2019 9:55,datasets/dataset_cropped/09_Metas/26/09/20190926095500_00160.jpg,datasets_flow/dataset_cropped/09_Metas/26/09/20190926095500_00160.jpg,datasets_cloudmask/dataset_cropped/09_Metas/26/09/20190926095500_00160.png,532.8,866,68.8,25.1,964
9/26/2019 9:56,datasets/dataset_cropped/09_Metas/26/09/20190926095600_00160.jpg,datasets_flow/dataset_cropped/09_Metas/26/09/20190926095600_00160.jpg,datasets_cloudmask/dataset_cropped/09_Metas/26/09/20190926095600_00160.png,535.5,867,68.9,25.1,963
9/26/2019 9:57,datasets/dataset_cropped/09_Metas/26/09/20190926095700_00160.jpg,datasets_flow/dataset_cropped/09_Metas/26/09/20190926095700_00160.jpg,datasets_cloudmask/dataset_cropped/09_Metas/26/09/20190926095700_00160.png,538.5,869,68.6,25.2,963
9/26/2019 9:58,datasets/dataset_cropped/09_Metas/26/09/20190926095800_00160.jpg,datasets_flow/dataset_cropped/09_Metas/26/09/20190926095800_00160.jpg,datasets_cloudmask/dataset_cropped/09_Metas/26/09/20190926095800_00160.png,541.3,870,68.8,25.1,963
9/26/2019 9:59,datasets/dataset_cropped/09_Metas/26/09/20190926095900_00160.jpg,datasets_flow/dataset_cropped/09_Metas/26/09/20190926095900_00160.jpg,datasets_cloudmask/dataset_cropped/09_Metas/26/09/20190926095900_00160.png,544,870,68.7,25.1,964
9/26/2019 10:00,datasets/dataset_cropped/09_Metas/26/10/20190926100000_00160.jpg,datasets_flow/dataset_cropped/09_Metas/26/10/20190926100000_00160.jpg,datasets_cloudmask/dataset_cropped/09_Metas/26/10/20190926100000_00160.png,546.6,871,68.7,25.3,964
9/26/2019 10:01,datasets/dataset_cropped/09_Metas/26/10/20190926100100_00160.jpg,datasets_flow/dataset_cropped/09_Metas/26/10/20190926100100_00160.jpg,datasets_cloudmask/dataset_cropped/09_Metas/26/10/20190926100100_00160.png,549.8,872,68.9,25.3,963
9/26/2019 10:02,datasets/dataset_cropped/09_Metas/26/10/20190926100200_00160.jpg,datasets_flow/dataset_cropped/09_Metas/26/10/20190926100200_00160.jpg,datasets_cloudmask/dataset_cropped/09_Metas/26/10/20190926100200_00160.png,552.8,873,69.4,25.1,963
9/26/2019 10:03,datasets/dataset_cropped/09_Metas/26/10/20190926100300_00160.jpg,datasets_flow/dataset_cropped/09_Metas/26/10/20190926100300_00160.jpg,datasets_cloudmask/dataset_cropped/09_Metas/26/10/20190926100300_00160.png,555.3,873,69.5,25.2,964
9/26/2019 10:04,datasets/dataset_cropped/09_Metas/26/10/20190926100400_00160.jpg,datasets_flow/dataset_cropped/09_Metas/26/10/20190926100400_00160.jpg,datasets_cloudmask/dataset_cropped/09_Metas/26/10/20190926100400_00160.png,558.9,876,69.4,25.1,964
9/26/2019 10:05,datasets/dataset_cropped/09_Metas/26/10/20190926100500_00160.jpg,datasets_flow/dataset_cropped/09_Metas/26/10/20190926100500_00160.jpg,datasets_cloudmask/dataset_cropped/09_Metas/26/10/20190926100500_00160.png,561.8,877,69.4,25.1,963
9/26/2019 10:06,datasets/dataset_cropped/09_Metas/26/10/20190926100600_00160.jpg,datasets_flow/dataset_cropped/09_Metas/26/10/20190926100600_00160.jpg,datasets_cloudmask/dataset_cropped/09_Metas/26/10/20190926100600_00160.png,564.4,878,69.5,25.1,963
9/26/2019 10:07,datasets/dataset_cropped/09_Metas/26/10/20190926100700_00160.jpg,datasets_flow/dataset_cropped/09_Metas/26/10/20190926100700_00160.jpg,datasets_cloudmask/dataset_cropped/09_Metas/26/10/20190926100700_00160.png,567.1,879,69.6,25.2,964
9/26/2019 10:08,datasets/dataset_cropped/09_Metas/26/10/20190926100800_00160.jpg,datasets_flow/dataset_cropped/09_Metas/26/10/20190926100800_00160.jpg,datasets_cloudmask/dataset_cropped/09_Metas/26/10/20190926100800_00160.png,570,880,69.9,25.5,964
9/26/2019 10:09,datasets/dataset_cropped/09_Metas/26/10/20190926100900_00160.jpg,datasets_flow/dataset_cropped/09_Metas/26/10/20190926100900_00160.jpg,datasets_cloudmask/dataset_cropped/09_Metas/26/10/20190926100900_00160.png,572.9,882,70,25.5,964
9/26/2019 10:10,datasets/dataset_cropped/09_Metas/26/10/20190926101000_00160.jpg,datasets_flow/dataset_cropped/09_Metas/26/10/20190926101000_00160.jpg,datasets_cloudmask/dataset_cropped/09_Metas/26/10/20190926101000_00160.png,575.7,882,70.4,25.6,964
9/26/2019 10:11,datasets/dataset_cropped/09_Metas/26/10/20190926101100_00160.jpg,datasets_flow/dataset_cropped/09_Metas/26/10/20190926101100_00160.jpg,datasets_cloudmask/dataset_cropped/09_Metas/26/10/20190926101100_00160.png,578.1,883,70.5,25.4,964
9/26/2019 10:12,datasets/dataset_cropped/09_Metas/26/10/20190926101200_00160.jpg,datasets_flow/dataset_cropped/09_Metas/26/10/20190926101200_00160.jpg,datasets_cloudmask/dataset_cropped/09_Metas/26/10/20190926101200_00160.png,580.6,883,70.3,25.5,964
9/26/2019 10:13,datasets/dataset_cropped/09_Metas/26/10/20190926101300_00160.jpg,datasets_flow/dataset_cropped/09_Metas/26/10/20190926101300_00160.jpg,datasets_cloudmask/dataset_cropped/09_Metas/26/10/20190926101300_00160.png,583.7,884,70.4,25.5,964
9/26/2019 10:14,datasets/dataset_cropped/09_Metas/26/10/20190926101400_00160.jpg,datasets_flow/dataset_cropped/09_Metas/26/10/20190926101400_00160.jpg,datasets_cloudmask/dataset_cropped/09_Metas/26/10/20190926101400_00160.png,586,885,70.6,25.4,964
9/26/2019 10:15,datasets/dataset_cropped/09_Metas/26/10/20190926101500_00160.jpg,datasets_flow/dataset_cropped/09_Metas/26/10/20190926101500_00160.jpg,datasets_cloudmask/dataset_cropped/09_Metas/26/10/20190926101500_00160.png,588.3,885,70.8,25.4,963
9/26/2019 10:16,datasets/dataset_cropped/09_Metas/26/10/20190926101600_00160.jpg,datasets_flow/dataset_cropped/09_Metas/26/10/20190926101600_00160.jpg,datasets_cloudmask/dataset_cropped/09_Metas/26/10/20190926101600_00160.png,591,886,71.2,25.6,964
9/26/2019 10:17,datasets/dataset_cropped/09_Metas/26/10/20190926101700_00160.jpg,datasets_flow/dataset_cropped/09_Metas/26/10/20190926101700_00160.jpg,datasets_cloudmask/dataset_cropped/09_Metas/26/10/20190926101700_00160.png,593.6,886,71.4,25.8,964
9/26/2019 10:18,datasets/dataset_cropped/09_Metas/26/10/20190926101800_00160.jpg,datasets_flow/dataset_cropped/09_Metas/26/10/20190926101800_00160.jpg,datasets_cloudmask/dataset_cropped/09_Metas/26/10/20190926101800_00160.png,596.3,887,71.9,25.9,964
9/26/2019 10:19,datasets/dataset_cropped/09_Metas/26/10/20190926101900_00160.jpg,datasets_flow/dataset_cropped/09_Metas/26/10/20190926101900_00160.jpg,datasets_cloudmask/dataset_cropped/09_Metas/26/10/20190926101900_00160.png,599.9,890,72,25.8,964
9/26/2019 10:20,datasets/dataset_cropped/09_Metas/26/10/20190926102000_00160.jpg,datasets_flow/dataset_cropped/09_Metas/26/10/20190926102000_00160.jpg,datasets_cloudmask/dataset_cropped/09_Metas/26/10/20190926102000_00160.png,602.6,891,72,25.6,964
9/26/2019 10:21,datasets/dataset_cropped/09_Metas/26/10/20190926102100_00160.jpg,datasets_flow/dataset_cropped/09_Metas/26/10/20190926102100_00160.jpg,datasets_cloudmask/dataset_cropped/09_Metas/26/10/20190926102100_00160.png,605.3,893,71.8,25.7,964
9/26/2019 10:22,datasets/dataset_cropped/09_Metas/26/10/20190926102200_00160.jpg,datasets_flow/dataset_cropped/09_Metas/26/10/20190926102200_00160.jpg,datasets_cloudmask/dataset_cropped/09_Metas/26/10/20190926102200_00160.png,608.4,895,71.4,25.9,964
9/26/2019 10:23,datasets/dataset_cropped/09_Metas/26/10/20190926102300_00160.jpg,datasets_flow/dataset_cropped/09_Metas/26/10/20190926102300_00160.jpg,datasets_cloudmask/dataset_cropped/09_Metas/26/10/20190926102300_00160.png,610.6,895,71.4,25.8,964
9/26/2019 10:24,datasets/dataset_cropped/09_Metas/26/10/20190926102400_00160.jpg,datasets_flow/dataset_cropped/09_Metas/26/10/20190926102400_00160.jpg,datasets_cloudmask/dataset_cropped/09_Metas/26/10/20190926102400_00160.png,612.7,895,71.9,25.8,964
9/26/2019 10:25,datasets/dataset_cropped/09_Metas/26/10/20190926102500_00160.jpg,datasets_flow/dataset_cropped/09_Metas/26/10/20190926102500_00160.jpg,datasets_cloudmask/dataset_cropped/09_Metas/26/10/20190926102500_00160.png,615.4,896,71.8,25.8,964
9/26/2019 10:26,datasets/dataset_cropped/09_Metas/26/10/20190926102600_00160.jpg,datasets_flow/dataset_cropped/09_Metas/26/10/20190926102600_00160.jpg,datasets_cloudmask/dataset_cropped/09_Metas/26/10/20190926102600_00160.png,617.7,896,71.6,25.8,964
9/26/2019 10:27,datasets/dataset_cropped/09_Metas/26/10/20190926102700_00160.jpg,datasets_flow/dataset_cropped/09_Metas/26/10/20190926102700_00160.jpg,datasets_cloudmask/dataset_cropped/09_Metas/26/10/20190926102700_00160.png,620.4,897,71.7,25.8,964
9/26/2019 10:28,datasets/dataset_cropped/09_Metas/26/10/20190926102800_00160.jpg,datasets_flow/dataset_cropped/09_Metas/26/10/20190926102800_00160.jpg,datasets_cloudmask/dataset_cropped/09_Metas/26/10/20190926102800_00160.png,623.3,898,71.8,25.8,964
9/26/2019 10:29,datasets/dataset_cropped/09_Metas/26/10/20190926102900_00160.jpg,datasets_flow/dataset_cropped/09_Metas/26/10/20190926102900_00160.jpg,datasets_cloudmask/dataset_cropped/09_Metas/26/10/20190926102900_00160.png,626,899,72,25.7,964
9/26/2019 10:30,datasets/dataset_cropped/09_Metas/26/10/20190926103000_00160.jpg,datasets_flow/dataset_cropped/09_Metas/26/10/20190926103000_00160.jpg,datasets_cloudmask/dataset_cropped/09_Metas/26/10/20190926103000_00160.png,628.9,900,71.8,25.8,964
9/26/2019 10:31,datasets/dataset_cropped/09_Metas/26/10/20190926103100_00160.jpg,datasets_flow/dataset_cropped/09_Metas/26/10/20190926103100_00160.jpg,datasets_cloudmask/dataset_cropped/09_Metas/26/10/20190926103100_00160.png,631.4,901,71.8,25.8,964
9/26/2019 10:32,datasets/dataset_cropped/09_Metas/26/10/20190926103200_00160.jpg,datasets_flow/dataset_cropped/09_Metas/26/10/20190926103200_00160.jpg,datasets_cloudmask/dataset_cropped/09_Metas/26/10/20190926103200_00160.png,634.2,903,72,25.7,964
9/26/2019 10:33,datasets/dataset_cropped/09_Metas/26/10/20190926103300_00160.jpg,datasets_flow/dataset_cropped/09_Metas/26/10/20190926103300_00160.jpg,datasets_cloudmask/dataset_cropped/09_Metas/26/10/20190926103300_00160.png,636.4,903,72.2,25.7,964
9/26/2019 10:34,datasets/dataset_cropped/09_Metas/26/10/20190926103400_00160.jpg,datasets_flow/dataset_cropped/09_Metas/26/10/20190926103400_00160.jpg,datasets_cloudmask/dataset_cropped/09_Metas/26/10/20190926103400_00160.png,638.9,904,72.5,25.8,964
9/26/2019 10:35,datasets/dataset_cropped/09_Metas/26/10/20190926103500_00160.jpg,datasets_flow/dataset_cropped/09_Metas/26/10/20190926103500_00160.jpg,datasets_cloudmask/dataset_cropped/09_Metas/26/10/20190926103500_00160.png,640.7,904,72.7,25.6,964
9/26/2019 10:36,datasets/dataset_cropped/09_Metas/26/10/20190926103600_00160.jpg,datasets_flow/dataset_cropped/09_Metas/26/10/20190926103600_00160.jpg,datasets_cloudmask/dataset_cropped/09_Metas/26/10/20190926103600_00160.png,643.1,905,72.7,25.8,964
9/26/2019 10:37,datasets/dataset_cropped/09_Metas/26/10/20190926103700_00160.jpg,datasets_flow/dataset_cropped/09_Metas/26/10/20190926103700_00160.jpg,datasets_cloudmask/dataset_cropped/09_Metas/26/10/20190926103700_00160.png,646,906,72.8,26,964
9/26/2019 10:38,datasets/dataset_cropped/09_Metas/26/10/20190926103800_00160.jpg,datasets_flow/dataset_cropped/09_Metas/26/10/20190926103800_00160.jpg,datasets_cloudmask/dataset_cropped/09_Metas/26/10/20190926103800_00160.png,648.4,907,72.8,26,964
9/26/2019 10:39,datasets/dataset_cropped/09_Metas/26/10/20190926103900_00160.jpg,datasets_flow/dataset_cropped/09_Metas/26/10/20190926103900_00160.jpg,datasets_cloudmask/dataset_cropped/09_Metas/26/10/20190926103900_00160.png,650.7,908,73,25.8,964
9/26/2019 10:40,datasets/dataset_cropped/09_Metas/26/10/20190926104000_00160.jpg,datasets_flow/dataset_cropped/09_Metas/26/10/20190926104000_00160.jpg,datasets_cloudmask/dataset_cropped/09_Metas/26/10/20190926104000_00160.png,652.9,908,73.2,25.6,964
9/26/2019 10:41,datasets/dataset_cropped/09_Metas/26/10/20190926104100_00160.jpg,datasets_flow/dataset_cropped/09_Metas/26/10/20190926104100_00160.jpg,datasets_cloudmask/dataset_cropped/09_Metas/26/10/20190926104100_00160.png,655.1,908,72.8,25.7,964
9/26/2019 10:42,datasets/dataset_cropped/09_Metas/26/10/20190926104200_00160.jpg,datasets_flow/dataset_cropped/09_Metas/26/10/20190926104200_00160.jpg,datasets_cloudmask/dataset_cropped/09_Metas/26/10/20190926104200_00160.png,657.7,909,73,26,964
9/26/2019 10:43,datasets/dataset_cropped/09_Metas/26/10/20190926104300_00160.jpg,datasets_flow/dataset_cropped/09_Metas/26/10/20190926104300_00160.jpg,datasets_cloudmask/dataset_cropped/09_Metas/26/10/20190926104300_00160.png,660.3,910,73.2,25.9,964
9/26/2019 10:44,datasets/dataset_cropped/09_Metas/26/10/20190926104400_00160.jpg,datasets_flow/dataset_cropped/09_Metas/26/10/20190926104400_00160.jpg,datasets_cloudmask/dataset_cropped/09_Metas/26/10/20190926104400_00160.png,662.3,911,73.1,25.9,964
9/26/2019 10:45,datasets/dataset_cropped/09_Metas/26/10/20190926104500_00160.jpg,datasets_flow/dataset_cropped/09_Metas/26/10/20190926104500_00160.jpg,datasets_cloudmask/dataset_cropped/09_Metas/26/10/20190926104500_00160.png,664.4,911,73.4,25.8,964
9/26/2019 10:46,datasets/dataset_cropped/09_Metas/26/10/20190926104600_00160.jpg,datasets_flow/dataset_cropped/09_Metas/26/10/20190926104600_00160.jpg,datasets_cloudmask/dataset_cropped/09_Metas/26/10/20190926104600_00160.png,666.8,912,73.2,25.8,964
9/26/2019 10:47,datasets/dataset_cropped/09_Metas/26/10/20190926104700_00160.jpg,datasets_flow/dataset_cropped/09_Metas/26/10/20190926104700_00160.jpg,datasets_cloudmask/dataset_cropped/09_Metas/26/10/20190926104700_00160.png,669.5,913,73.5,25.8,964
9/26/2019 10:48,datasets/dataset_cropped/09_Metas/26/10/20190926104800_00160.jpg,datasets_flow/dataset_cropped/09_Metas/26/10/20190926104800_00160.jpg,datasets_cloudmask/dataset_cropped/09_Metas/26/10/20190926104800_00160.png,671.8,914,73.5,25.6,964
9/26/2019 10:49,datasets/dataset_cropped/09_Metas/26/10/20190926104900_00160.jpg,datasets_flow/dataset_cropped/09_Metas/26/10/20190926104900_00160.jpg,datasets_cloudmask/dataset_cropped/09_Metas/26/10/20190926104900_00160.png,673.6,914,73.5,25.6,964
9/26/2019 10:50,datasets/dataset_cropped/09_Metas/26/10/20190926105000_00160.jpg,datasets_flow/dataset_cropped/09_Metas/26/10/20190926105000_00160.jpg,datasets_cloudmask/dataset_cropped/09_Metas/26/10/20190926105000_00160.png,676.1,915,73.6,25.7,964
9/26/2019 10:51,datasets/dataset_cropped/09_Metas/26/10/20190926105100_00160.jpg,datasets_flow/dataset_cropped/09_Metas/26/10/20190926105100_00160.jpg,datasets_cloudmask/dataset_cropped/09_Metas/26/10/20190926105100_00160.png,677.8,915,73.8,25.9,964
9/26/2019 10:52,datasets/dataset_cropped/09_Metas/26/10/20190926105200_00160.jpg,datasets_flow/dataset_cropped/09_Metas/26/10/20190926105200_00160.jpg,datasets_cloudmask/dataset_cropped/09_Metas/26/10/20190926105200_00160.png,679.7,915,73.9,25.9,964
9/26/2019 10:53,datasets/dataset_cropped/09_Metas/26/10/20190926105300_00160.jpg,datasets_flow/dataset_cropped/09_Metas/26/10/20190926105300_00160.jpg,datasets_cloudmask/dataset_cropped/09_Metas/26/10/20190926105300_00160.png,682.9,917,73.8,25.8,964
9/26/2019 10:54,datasets/dataset_cropped/09_Metas/26/10/20190926105400_00160.jpg,datasets_flow/dataset_cropped/09_Metas/26/10/20190926105400_00160.jpg,datasets_cloudmask/dataset_cropped/09_Metas/26/10/20190926105400_00160.png,684.5,916,74,25.7,964
9/26/2019 10:55,datasets/dataset_cropped/09_Metas/26/10/20190926105500_00160.jpg,datasets_flow/dataset_cropped/09_Metas/26/10/20190926105500_00160.jpg,datasets_cloudmask/dataset_cropped/09_Metas/26/10/20190926105500_00160.png,687.5,919,74.2,25.7,964
9/26/2019 10:56,datasets/dataset_cropped/09_Metas/26/10/20190926105600_00160.jpg,datasets_flow/dataset_cropped/09_Metas/26/10/20190926105600_00160.jpg,datasets_cloudmask/dataset_cropped/09_Metas/26/10/20190926105600_00160.png,689.4,919,74.2,25.7,964
9/26/2019 10:57,datasets/dataset_cropped/09_Metas/26/10/20190926105700_00160.jpg,datasets_flow/dataset_cropped/09_Metas/26/10/20190926105700_00160.jpg,datasets_cloudmask/dataset_cropped/09_Metas/26/10/20190926105700_00160.png,690.2,917,74.7,25.7,964
9/26/2019 10:58,datasets/dataset_cropped/09_Metas/26/10/20190926105800_00160.jpg,datasets_flow/dataset_cropped/09_Metas/26/10/20190926105800_00160.jpg,datasets_cloudmask/dataset_cropped/09_Metas/26/10/20190926105800_00160.png,691.7,917,75,25.9,964
9/26/2019 10:59,datasets/dataset_cropped/09_Metas/26/10/20190926105900_00160.jpg,datasets_flow/dataset_cropped/09_Metas/26/10/20190926105900_00160.jpg,datasets_cloudmask/dataset_cropped/09_Metas/26/10/20190926105900_00160.png,694.3,918,75.4,26.1,964
9/26/2019 11:00,datasets/dataset_cropped/09_Metas/26/11/20190926110000_00160.jpg,datasets_flow/dataset_cropped/09_Metas/26/11/20190926110000_00160.jpg,datasets_cloudmask/dataset_cropped/09_Metas/26/11/20190926110000_00160.png,696,918,75.7,26.1,964
9/26/2019 11:01,datasets/dataset_cropped/09_Metas/26/11/20190926110100_00160.jpg,datasets_flow/dataset_cropped/09_Metas/26/11/20190926110100_00160.jpg,datasets_cloudmask/dataset_cropped/09_Metas/26/11/20190926110100_00160.png,697,917,75.5,26.1,964
9/26/2019 11:02,datasets/dataset_cropped/09_Metas/26/11/20190926110200_00160.jpg,datasets_flow/dataset_cropped/09_Metas/26/11/20190926110200_00160.jpg,datasets_cloudmask/dataset_cropped/09_Metas/26/11/20190926110200_00160.png,700.9,920,75.2,25.8,964
9/26/2019 11:03,datasets/dataset_cropped/09_Metas/26/11/20190926110300_00160.jpg,datasets_flow/dataset_cropped/09_Metas/26/11/20190926110300_00160.jpg,datasets_cloudmask/dataset_cropped/09_Metas/26/11/20190926110300_00160.png,703,921,75.1,25.6,964
9/26/2019 11:04,datasets/dataset_cropped/09_Metas/26/11/20190926110400_00160.jpg,datasets_flow/dataset_cropped/09_Metas/26/11/20190926110400_00160.jpg,datasets_cloudmask/dataset_cropped/09_Metas/26/11/20190926110400_00160.png,704.6,921,75.4,25.8,964
9/26/2019 11:05,datasets/dataset_cropped/09_Metas/26/11/20190926110500_00160.jpg,datasets_flow/dataset_cropped/09_Metas/26/11/20190926110500_00160.jpg,datasets_cloudmask/dataset_cropped/09_Metas/26/11/20190926110500_00160.png,706.7,921,75.7,25.9,964
9/26/2019 11:06,datasets/dataset_cropped/09_Metas/26/11/20190926110600_00160.jpg,datasets_flow/dataset_cropped/09_Metas/26/11/20190926110600_00160.jpg,datasets_cloudmask/dataset_cropped/09_Metas/26/11/20190926110600_00160.png,707,919,76.2,26,964
9/26/2019 11:07,datasets/dataset_cropped/09_Metas/26/11/20190926110700_00160.jpg,datasets_flow/dataset_cropped/09_Metas/26/11/20190926110700_00160.jpg,datasets_cloudmask/dataset_cropped/09_Metas/26/11/20190926110700_00160.png,709.1,919,76.2,25.8,964
9/26/2019 11:08,datasets/dataset_cropped/09_Metas/26/11/20190926110800_00160.jpg,datasets_flow/dataset_cropped/09_Metas/26/11/20190926110800_00160.jpg,datasets_cloudmask/dataset_cropped/09_Metas/26/11/20190926110800_00160.png,712.5,923,75.7,26,964
9/26/2019 11:09,datasets/dataset_cropped/09_Metas/26/11/20190926110900_00160.jpg,datasets_flow/dataset_cropped/09_Metas/26/11/20190926110900_00160.jpg,datasets_cloudmask/dataset_cropped/09_Metas/26/11/20190926110900_00160.png,713.5,921,76.3,26.1,964
9/26/2019 11:10,datasets/dataset_cropped/09_Metas/26/11/20190926111000_00160.jpg,datasets_flow/dataset_cropped/09_Metas/26/11/20190926111000_00160.jpg,datasets_cloudmask/dataset_cropped/09_Metas/26/11/20190926111000_00160.png,716.8,924,75.8,25.9,964
9/26/2019 11:11,datasets/dataset_cropped/09_Metas/26/11/20190926111100_00160.jpg,datasets_flow/dataset_cropped/09_Metas/26/11/20190926111100_00160.jpg,datasets_cloudmask/dataset_cropped/09_Metas/26/11/20190926111100_00160.png,718.7,925,75.5,25.8,964
9/26/2019 11:12,datasets/dataset_cropped/09_Metas/26/11/20190926111200_00160.jpg,datasets_flow/dataset_cropped/09_Metas/26/11/20190926111200_00160.jpg,datasets_cloudmask/dataset_cropped/09_Metas/26/11/20190926111200_00160.png,721,927,75.5,25.9,964
9/26/2019 11:13,datasets/dataset_cropped/09_Metas/26/11/20190926111300_00160.jpg,datasets_flow/dataset_cropped/09_Metas/26/11/20190926111300_00160.jpg,datasets_cloudmask/dataset_cropped/09_Metas/26/11/20190926111300_00160.png,721.9,926,75.4,25.7,964
9/26/2019 11:14,datasets/dataset_cropped/09_Metas/26/11/20190926111400_00160.jpg,datasets_flow/dataset_cropped/09_Metas/26/11/20190926111400_00160.jpg,datasets_cloudmask/dataset_cropped/09_Metas/26/11/20190926111400_00160.png,723.9,926,75.3,25.7,964
9/26/2019 11:15,datasets/dataset_cropped/09_Metas/26/11/20190926111500_00160.jpg,datasets_flow/dataset_cropped/09_Metas/26/11/20190926111500_00160.jpg,datasets_cloudmask/dataset_cropped/09_Metas/26/11/20190926111500_00160.png,726.1,927,75.7,25.7,964
9/26/2019 11:16,datasets/dataset_cropped/09_Metas/26/11/20190926111600_00160.jpg,datasets_flow/dataset_cropped/09_Metas/26/11/20190926111600_00160.jpg,datasets_cloudmask/dataset_cropped/09_Metas/26/11/20190926111600_00160.png,727.9,928,75.7,26,964
9/26/2019 11:17,datasets/dataset_cropped/09_Metas/26/11/20190926111700_00160.jpg,datasets_flow/dataset_cropped/09_Metas/26/11/20190926111700_00160.jpg,datasets_cloudmask/dataset_cropped/09_Metas/26/11/20190926111700_00160.png,730.1,929,75.5,26.1,964
9/26/2019 11:18,datasets/dataset_cropped/09_Metas/26/11/20190926111800_00160.jpg,datasets_flow/dataset_cropped/09_Metas/26/11/20190926111800_00160.jpg,datasets_cloudmask/dataset_cropped/09_Metas/26/11/20190926111800_00160.png,732.4,931,75.4,26.2,964
9/26/2019 11:19,datasets/dataset_cropped/09_Metas/26/11/20190926111900_00160.jpg,datasets_flow/dataset_cropped/09_Metas/26/11/20190926111900_00160.jpg,datasets_cloudmask/dataset_cropped/09_Metas/26/11/20190926111900_00160.png,733.9,930,75.6,26.2,964
9/26/2019 11:20,datasets/dataset_cropped/09_Metas/26/11/20190926112000_00160.jpg,datasets_flow/dataset_cropped/09_Metas/26/11/20190926112000_00160.jpg,datasets_cloudmask/dataset_cropped/09_Metas/26/11/20190926112000_00160.png,735.2,930,75.4,25.9,964
9/26/2019 11:21,datasets/dataset_cropped/09_Metas/26/11/20190926112100_00160.jpg,datasets_flow/dataset_cropped/09_Metas/26/11/20190926112100_00160.jpg,datasets_cloudmask/dataset_cropped/09_Metas/26/11/20190926112100_00160.png,737.3,931,75.3,25.8,964
9/26/2019 11:22,datasets/dataset_cropped/09_Metas/26/11/20190926112200_00160.jpg,datasets_flow/dataset_cropped/09_Metas/26/11/20190926112200_00160.jpg,datasets_cloudmask/dataset_cropped/09_Metas/26/11/20190926112200_00160.png,739.2,932,75.3,25.8,964
9/26/2019 11:23,datasets/dataset_cropped/09_Metas/26/11/20190926112300_00160.jpg,datasets_flow/dataset_cropped/09_Metas/26/11/20190926112300_00160.jpg,datasets_cloudmask/dataset_cropped/09_Metas/26/11/20190926112300_00160.png,741.6,934,75.7,25.9,964
9/26/2019 11:24,datasets/dataset_cropped/09_Metas/26/11/20190926112400_00160.jpg,datasets_flow/dataset_cropped/09_Metas/26/11/20190926112400_00160.jpg,datasets_cloudmask/dataset_cropped/09_Metas/26/11/20190926112400_00160.png,743.1,933,76.2,25.9,964
9/26/2019 11:25,datasets/dataset_cropped/09_Metas/26/11/20190926112500_00160.jpg,datasets_flow/dataset_cropped/09_Metas/26/11/20190926112500_00160.jpg,datasets_cloudmask/dataset_cropped/09_Metas/26/11/20190926112500_00160.png,743.2,932,76.1,26,964
9/26/2019 11:26,datasets/dataset_cropped/09_Metas/26/11/20190926112600_00160.jpg,datasets_flow/dataset_cropped/09_Metas/26/11/20190926112600_00160.jpg,datasets_cloudmask/dataset_cropped/09_Metas/26/11/20190926112600_00160.png,745.3,933,75.9,26,964
9/26/2019 11:27,datasets/dataset_cropped/09_Metas/26/11/20190926112700_00160.jpg,datasets_flow/dataset_cropped/09_Metas/26/11/20190926112700_00160.jpg,datasets_cloudmask/dataset_cropped/09_Metas/26/11/20190926112700_00160.png,747.6,934,75.8,25.9,964
9/26/2019 11:28,datasets/dataset_cropped/09_Metas/26/11/20190926112800_00160.jpg,datasets_flow/dataset_cropped/09_Metas/26/11/20190926112800_00160.jpg,datasets_cloudmask/dataset_cropped/09_Metas/26/11/20190926112800_00160.png,749,934,76.5,25.9,964
9/26/2019 11:29,datasets/dataset_cropped/09_Metas/26/11/20190926112900_00160.jpg,datasets_flow/dataset_cropped/09_Metas/26/11/20190926112900_00160.jpg,datasets_cloudmask/dataset_cropped/09_Metas/26/11/20190926112900_00160.png,750.2,934,76.6,25.9,964
9/26/2019 11:30,datasets/dataset_cropped/09_Metas/26/11/20190926113000_00160.jpg,datasets_flow/dataset_cropped/09_Metas/26/11/20190926113000_00160.jpg,datasets_cloudmask/dataset_cropped/09_Metas/26/11/20190926113000_00160.png,752,934,76.4,25.9,964
9/26/2019 11:31,datasets/dataset_cropped/09_Metas/26/11/20190926113100_00160.jpg,datasets_flow/dataset_cropped/09_Metas/26/11/20190926113100_00160.jpg,datasets_cloudmask/dataset_cropped/09_Metas/26/11/20190926113100_00160.png,752.8,933,76.8,26,964
9/26/2019 11:32,datasets/dataset_cropped/09_Metas/26/11/20190926113200_00160.jpg,datasets_flow/dataset_cropped/09_Metas/26/11/20190926113200_00160.jpg,datasets_cloudmask/dataset_cropped/09_Metas/26/11/20190926113200_00160.png,755.1,935,76.6,25.9,964
9/26/2019 11:33,datasets/dataset_cropped/09_Metas/26/11/20190926113300_00160.jpg,datasets_flow/dataset_cropped/09_Metas/26/11/20190926113300_00160.jpg,datasets_cloudmask/dataset_cropped/09_Metas/26/11/20190926113300_00160.png,756.3,935,76.5,25.9,964
9/26/2019 11:34,datasets/dataset_cropped/09_Metas/26/11/20190926113400_00160.jpg,datasets_flow/dataset_cropped/09_Metas/26/11/20190926113400_00160.jpg,datasets_cloudmask/dataset_cropped/09_Metas/26/11/20190926113400_00160.png,756.8,933,76.7,25.9,964
9/26/2019 11:35,datasets/dataset_cropped/09_Metas/26/11/20190926113500_00160.jpg,datasets_flow/dataset_cropped/09_Metas/26/11/20190926113500_00160.jpg,datasets_cloudmask/dataset_cropped/09_Metas/26/11/20190926113500_00160.png,756.6,930,77.5,26,964
9/26/2019 11:36,datasets/dataset_cropped/09_Metas/26/11/20190926113600_00160.jpg,datasets_flow/dataset_cropped/09_Metas/26/11/20190926113600_00160.jpg,datasets_cloudmask/dataset_cropped/09_Metas/26/11/20190926113600_00160.png,759.7,933,77.5,26.2,964
9/26/2019 11:37,datasets/dataset_cropped/09_Metas/26/11/20190926113700_00160.jpg,datasets_flow/dataset_cropped/09_Metas/26/11/20190926113700_00160.jpg,datasets_cloudmask/dataset_cropped/09_Metas/26/11/20190926113700_00160.png,762.4,936,77.2,26.3,964
9/26/2019 11:38,datasets/dataset_cropped/09_Metas/26/11/20190926113800_00160.jpg,datasets_flow/dataset_cropped/09_Metas/26/11/20190926113800_00160.jpg,datasets_cloudmask/dataset_cropped/09_Metas/26/11/20190926113800_00160.png,764.3,937,77.7,26.2,964
9/26/2019 11:39,datasets/dataset_cropped/09_Metas/26/11/20190926113900_00160.jpg,datasets_flow/dataset_cropped/09_Metas/26/11/20190926113900_00160.jpg,datasets_cloudmask/dataset_cropped/09_Metas/26/11/20190926113900_00160.png,765.3,937,77.4,26.1,964
9/26/2019 11:40,datasets/dataset_cropped/09_Metas/26/11/20190926114000_00160.jpg,datasets_flow/dataset_cropped/09_Metas/26/11/20190926114000_00160.jpg,datasets_cloudmask/dataset_cropped/09_Metas/26/11/20190926114000_00160.png,767,938,77.4,26.1,964
9/26/2019 11:41,datasets/dataset_cropped/09_Metas/26/11/20190926114100_00160.jpg,datasets_flow/dataset_cropped/09_Metas/26/11/20190926114100_00160.jpg,datasets_cloudmask/dataset_cropped/09_Metas/26/11/20190926114100_00160.png,768.7,939,77.2,26,964
9/26/2019 11:42,datasets/dataset_cropped/09_Metas/26/11/20190926114200_00160.jpg,datasets_flow/dataset_cropped/09_Metas/26/11/20190926114200_00160.jpg,datasets_cloudmask/dataset_cropped/09_Metas/26/11/20190926114200_00160.png,770.3,939,76.9,26.2,964
9/26/2019 11:43,datasets/dataset_cropped/09_Metas/26/11/20190926114300_00160.jpg,datasets_flow/dataset_cropped/09_Metas/26/11/20190926114300_00160.jpg,datasets_cloudmask/dataset_cropped/09_Metas/26/11/20190926114300_00160.png,771.3,939,77.2,26.4,964
9/26/2019 11:44,datasets/dataset_cropped/09_Metas/26/11/20190926114400_00160.jpg,datasets_flow/dataset_cropped/09_Metas/26/11/20190926114400_00160.jpg,datasets_cloudmask/dataset_cropped/09_Metas/26/11/20190926114400_00160.png,772.6,940,77.3,26.3,964
9/26/2019 11:45,datasets/dataset_cropped/09_Metas/26/11/20190926114500_00160.jpg,datasets_flow/dataset_cropped/09_Metas/26/11/20190926114500_00160.jpg,datasets_cloudmask/dataset_cropped/09_Metas/26/11/20190926114500_00160.png,773.5,939,77,26.3,964
9/26/2019 11:46,datasets/dataset_cropped/09_Metas/26/11/20190926114600_00160.jpg,datasets_flow/dataset_cropped/09_Metas/26/11/20190926114600_00160.jpg,datasets_cloudmask/dataset_cropped/09_Metas/26/11/20190926114600_00160.png,775.2,940,77,26.3,964
9/26/2019 11:47,datasets/dataset_cropped/09_Metas/26/11/20190926114700_00160.jpg,datasets_flow/dataset_cropped/09_Metas/26/11/20190926114700_00160.jpg,datasets_cloudmask/dataset_cropped/09_Metas/26/11/20190926114700_00160.png,777.2,941,77.3,26.2,964
9/26/2019 11:48,datasets/dataset_cropped/09_Metas/26/11/20190926114800_00160.jpg,datasets_flow/dataset_cropped/09_Metas/26/11/20190926114800_00160.jpg,datasets_cloudmask/dataset_cropped/09_Metas/26/11/20190926114800_00160.png,777.4,940,77.3,26,964
9/26/2019 11:49,datasets/dataset_cropped/09_Metas/26/11/20190926114900_00160.jpg,datasets_flow/dataset_cropped/09_Metas/26/11/20190926114900_00160.jpg,datasets_cloudmask/dataset_cropped/09_Metas/26/11/20190926114900_00160.png,778.2,939,77.5,26.1,964
9/26/2019 11:50,datasets/dataset_cropped/09_Metas/26/11/20190926115000_00160.jpg,datasets_flow/dataset_cropped/09_Metas/26/11/20190926115000_00160.jpg,datasets_cloudmask/dataset_cropped/09_Metas/26/11/20190926115000_00160.png,780.4,941,77.6,26.4,964
9/26/2019 11:51,datasets/dataset_cropped/09_Metas/26/11/20190926115100_00160.jpg,datasets_flow/dataset_cropped/09_Metas/26/11/20190926115100_00160.jpg,datasets_cloudmask/dataset_cropped/09_Metas/26/11/20190926115100_00160.png,781,941,77.5,26.4,964
9/26/2019 11:52,datasets/dataset_cropped/09_Metas/26/11/20190926115200_00160.jpg,datasets_flow/dataset_cropped/09_Metas/26/11/20190926115200_00160.jpg,datasets_cloudmask/dataset_cropped/09_Metas/26/11/20190926115200_00160.png,783.1,942,77.3,26.6,964
9/26/2019 11:53,datasets/dataset_cropped/09_Metas/26/11/20190926115300_00160.jpg,datasets_flow/dataset_cropped/09_Metas/26/11/20190926115300_00160.jpg,datasets_cloudmask/dataset_cropped/09_Metas/26/11/20190926115300_00160.png,783.9,942,77.1,26.6,964
9/26/2019 11:54,datasets/dataset_cropped/09_Metas/26/11/20190926115400_00160.jpg,datasets_flow/dataset_cropped/09_Metas/26/11/20190926115400_00160.jpg,datasets_cloudmask/dataset_cropped/09_Metas/26/11/20190926115400_00160.png,785.2,942,76.9,26.6,964
9/26/2019 11:55,datasets/dataset_cropped/09_Metas/26/11/20190926115500_00160.jpg,datasets_flow/dataset_cropped/09_Metas/26/11/20190926115500_00160.jpg,datasets_cloudmask/dataset_cropped/09_Metas/26/11/20190926115500_00160.png,786.1,942,77,26.4,964
9/26/2019 11:56,datasets/dataset_cropped/09_Metas/26/11/20190926115600_00160.jpg,datasets_flow/dataset_cropped/09_Metas/26/11/20190926115600_00160.jpg,datasets_cloudmask/dataset_cropped/09_Metas/26/11/20190926115600_00160.png,787,942,77.2,26.2,964
9/26/2019 11:57,datasets/dataset_cropped/09_Metas/26/11/20190926115700_00160.jpg,datasets_flow/dataset_cropped/09_Metas/26/11/20190926115700_00160.jpg,datasets_cloudmask/dataset_cropped/09_Metas/26/11/20190926115700_00160.png,787.4,940,77.6,26.2,964
9/26/2019 11:58,datasets/dataset_cropped/09_Metas/26/11/20190926115800_00160.jpg,datasets_flow/dataset_cropped/09_Metas/26/11/20190926115800_00160.jpg,datasets_cloudmask/dataset_cropped/09_Metas/26/11/20190926115800_00160.png,789,941,78.1,26.3,964
9/26/2019 11:59,datasets/dataset_cropped/09_Metas/26/11/20190926115900_00160.jpg,datasets_flow/dataset_cropped/09_Metas/26/11/20190926115900_00160.jpg,datasets_cloudmask/dataset_cropped/09_Metas/26/11/20190926115900_00160.png,790.3,941,78.8,26.4,964
9/26/2019 12:00,datasets/dataset_cropped/09_Metas/26/12/20190926120000_00160.jpg,datasets_flow/dataset_cropped/09_Metas/26/12/20190926120000_00160.jpg,datasets_cloudmask/dataset_cropped/09_Metas/26/12/20190926120000_00160.png,791.6,943,78.9,26.6,964
9/26/2019 12:01,datasets/dataset_cropped/09_Metas/26/12/20190926120100_00160.jpg,datasets_flow/dataset_cropped/09_Metas/26/12/20190926120100_00160.jpg,datasets_cloudmask/dataset_cropped/09_Metas/26/12/20190926120100_00160.png,792.1,943,78.6,26.5,964
9/26/2019 12:02,datasets/dataset_cropped/09_Metas/26/12/20190926120200_00160.jpg,datasets_flow/dataset_cropped/09_Metas/26/12/20190926120200_00160.jpg,datasets_cloudmask/dataset_cropped/09_Metas/26/12/20190926120200_00160.png,792.6,942,78.2,26.7,964
9/26/2019 12:03,datasets/dataset_cropped/09_Metas/26/12/20190926120300_00160.jpg,datasets_flow/dataset_cropped/09_Metas/26/12/20190926120300_00160.jpg,datasets_cloudmask/dataset_cropped/09_Metas/26/12/20190926120300_00160.png,794.1,943,78.4,26.4,964
9/26/2019 12:04,datasets/dataset_cropped/09_Metas/26/12/20190926120400_00160.jpg,datasets_flow/dataset_cropped/09_Metas/26/12/20190926120400_00160.jpg,datasets_cloudmask/dataset_cropped/09_Metas/26/12/20190926120400_00160.png,795.7,944,78.5,26.6,964
9/26/2019 12:05,datasets/dataset_cropped/09_Metas/26/12/20190926120500_00160.jpg,datasets_flow/dataset_cropped/09_Metas/26/12/20190926120500_00160.jpg,datasets_cloudmask/dataset_cropped/09_Metas/26/12/20190926120500_00160.png,796.4,943,78.5,26.6,963
9/26/2019 12:06,datasets/dataset_cropped/09_Metas/26/12/20190926120600_00160.jpg,datasets_flow/dataset_cropped/09_Metas/26/12/20190926120600_00160.jpg,datasets_cloudmask/dataset_cropped/09_Metas/26/12/20190926120600_00160.png,795.4,940,78.8,26.5,964
9/26/2019 12:07,datasets/dataset_cropped/09_Metas/26/12/20190926120700_00160.jpg,datasets_flow/dataset_cropped/09_Metas/26/12/20190926120700_00160.jpg,datasets_cloudmask/dataset_cropped/09_Metas/26/12/20190926120700_00160.png,797.2,942,78.2,26.2,963
9/26/2019 12:08,datasets/dataset_cropped/09_Metas/26/12/20190926120800_00160.jpg,datasets_flow/dataset_cropped/09_Metas/26/12/20190926120800_00160.jpg,datasets_cloudmask/dataset_cropped/09_Metas/26/12/20190926120800_00160.png,798.4,943,77.9,26.3,963
9/26/2019 12:09,datasets/dataset_cropped/09_Metas/26/12/20190926120900_00160.jpg,datasets_flow/dataset_cropped/09_Metas/26/12/20190926120900_00160.jpg,datasets_cloudmask/dataset_cropped/09_Metas/26/12/20190926120900_00160.png,799.6,943,77.9,26.6,963
9/26/2019 12:10,datasets/dataset_cropped/09_Metas/26/12/20190926121000_00160.jpg,datasets_flow/dataset_cropped/09_Metas/26/12/20190926121000_00160.jpg,datasets_cloudmask/dataset_cropped/09_Metas/26/12/20190926121000_00160.png,800,942,78.4,26.5,963
9/26/2019 12:11,datasets/dataset_cropped/09_Metas/26/12/20190926121100_00160.jpg,datasets_flow/dataset_cropped/09_Metas/26/12/20190926121100_00160.jpg,datasets_cloudmask/dataset_cropped/09_Metas/26/12/20190926121100_00160.png,801,942,78.5,26.4,963
9/26/2019 12:12,datasets/dataset_cropped/09_Metas/26/12/20190926121200_00160.jpg,datasets_flow/dataset_cropped/09_Metas/26/12/20190926121200_00160.jpg,datasets_cloudmask/dataset_cropped/09_Metas/26/12/20190926121200_00160.png,803,943,79,26.7,964
9/26/2019 12:13,datasets/dataset_cropped/09_Metas/26/12/20190926121300_00160.jpg,datasets_flow/dataset_cropped/09_Metas/26/12/20190926121300_00160.jpg,datasets_cloudmask/dataset_cropped/09_Metas/26/12/20190926121300_00160.png,803,943,78.7,26.5,964
9/26/2019 12:14,datasets/dataset_cropped/09_Metas/26/12/20190926121400_00160.jpg,datasets_flow/dataset_cropped/09_Metas/26/12/20190926121400_00160.jpg,datasets_cloudmask/dataset_cropped/09_Metas/26/12/20190926121400_00160.png,803,942,78.6,26.8,963
9/26/2019 12:15,datasets/dataset_cropped/09_Metas/26/12/20190926121500_00160.jpg,datasets_flow/dataset_cropped/09_Metas/26/12/20190926121500_00160.jpg,datasets_cloudmask/dataset_cropped/09_Metas/26/12/20190926121500_00160.png,804,943,78.9,26.5,964
9/26/2019 12:16,datasets/dataset_cropped/09_Metas/26/12/20190926121600_00160.jpg,datasets_flow/dataset_cropped/09_Metas/26/12/20190926121600_00160.jpg,datasets_cloudmask/dataset_cropped/09_Metas/26/12/20190926121600_00160.png,806,945,78.4,26.3,964
9/26/2019 12:17,datasets/dataset_cropped/09_Metas/26/12/20190926121700_00160.jpg,datasets_flow/dataset_cropped/09_Metas/26/12/20190926121700_00160.jpg,datasets_cloudmask/dataset_cropped/09_Metas/26/12/20190926121700_00160.png,807,946,78.2,26.4,964
9/26/2019 12:18,datasets/dataset_cropped/09_Metas/26/12/20190926121800_00160.jpg,datasets_flow/dataset_cropped/09_Metas/26/12/20190926121800_00160.jpg,datasets_cloudmask/dataset_cropped/09_Metas/26/12/20190926121800_00160.png,808,947,78.4,26.6,964
9/26/2019 12:19,datasets/dataset_cropped/09_Metas/26/12/20190926121900_00160.jpg,datasets_flow/dataset_cropped/09_Metas/26/12/20190926121900_00160.jpg,datasets_cloudmask/dataset_cropped/09_Metas/26/12/20190926121900_00160.png,808,945,78.5,26.8,964
9/26/2019 12:20,datasets/dataset_cropped/09_Metas/26/12/20190926122000_00160.jpg,datasets_flow/dataset_cropped/09_Metas/26/12/20190926122000_00160.jpg,datasets_cloudmask/dataset_cropped/09_Metas/26/12/20190926122000_00160.png,809,945,78.9,26.9,963
9/26/2019 12:21,datasets/dataset_cropped/09_Metas/26/12/20190926122100_00160.jpg,datasets_flow/dataset_cropped/09_Metas/26/12/20190926122100_00160.jpg,datasets_cloudmask/dataset_cropped/09_Metas/26/12/20190926122100_00160.png,809,945,79.9,26.6,963
9/26/2019 12:22,datasets/dataset_cropped/09_Metas/26/12/20190926122200_00160.jpg,datasets_flow/dataset_cropped/09_Metas/26/12/20190926122200_00160.jpg,datasets_cloudmask/dataset_cropped/09_Metas/26/12/20190926122200_00160.png,808,942,80,26.7,963
9/26/2019 12:23,datasets/dataset_cropped/09_Metas/26/12/20190926122300_00160.jpg,datasets_flow/dataset_cropped/09_Metas/26/12/20190926122300_00160.jpg,datasets_cloudmask/dataset_cropped/09_Metas/26/12/20190926122300_00160.png,810,943,79.8,26.9,963
9/26/2019 12:24,datasets/dataset_cropped/09_Metas/26/12/20190926122400_00160.jpg,datasets_flow/dataset_cropped/09_Metas/26/12/20190926122400_00160.jpg,datasets_cloudmask/dataset_cropped/09_Metas/26/12/20190926122400_00160.png,811,944,79.7,26.8,963
9/26/2019 12:25,datasets/dataset_cropped/09_Metas/26/12/20190926122500_00160.jpg,datasets_flow/dataset_cropped/09_Metas/26/12/20190926122500_00160.jpg,datasets_cloudmask/dataset_cropped/09_Metas/26/12/20190926122500_00160.png,811,945,78.8,26.6,963
9/26/2019 12:26,datasets/dataset_cropped/09_Metas/26/12/20190926122600_00160.jpg,datasets_flow/dataset_cropped/09_Metas/26/12/20190926122600_00160.jpg,datasets_cloudmask/dataset_cropped/09_Metas/26/12/20190926122600_00160.png,813,946,78.7,26.6,963
9/26/2019 12:27,datasets/dataset_cropped/09_Metas/26/12/20190926122700_00160.jpg,datasets_flow/dataset_cropped/09_Metas/26/12/20190926122700_00160.jpg,datasets_cloudmask/dataset_cropped/09_Metas/26/12/20190926122700_00160.png,815,948,78.8,26.6,963
9/26/2019 12:28,datasets/dataset_cropped/09_Metas/26/12/20190926122800_00160.jpg,datasets_flow/dataset_cropped/09_Metas/26/12/20190926122800_00160.jpg,datasets_cloudmask/dataset_cropped/09_Metas/26/12/20190926122800_00160.png,815,947,78.7,26.9,963
9/26/2019 12:29,datasets/dataset_cropped/09_Metas/26/12/20190926122900_00160.jpg,datasets_flow/dataset_cropped/09_Metas/26/12/20190926122900_00160.jpg,datasets_cloudmask/dataset_cropped/09_Metas/26/12/20190926122900_00160.png,816,948,78.8,27,963
9/26/2019 12:30,datasets/dataset_cropped/09_Metas/26/12/20190926123000_00160.jpg,datasets_flow/dataset_cropped/09_Metas/26/12/20190926123000_00160.jpg,datasets_cloudmask/dataset_cropped/09_Metas/26/12/20190926123000_00160.png,816,948,78.5,26.7,963
9/26/2019 12:31,datasets/dataset_cropped/09_Metas/26/12/20190926123100_00160.jpg,datasets_flow/dataset_cropped/09_Metas/26/12/20190926123100_00160.jpg,datasets_cloudmask/dataset_cropped/09_Metas/26/12/20190926123100_00160.png,816,948,78.2,26.6,963
9/26/2019 12:32,datasets/dataset_cropped/09_Metas/26/12/20190926123200_00160.jpg,datasets_flow/dataset_cropped/09_Metas/26/12/20190926123200_00160.jpg,datasets_cloudmask/dataset_cropped/09_Metas/26/12/20190926123200_00160.png,817,948,78.4,26.5,963
9/26/2019 12:33,datasets/dataset_cropped/09_Metas/26/12/20190926123300_00160.jpg,datasets_flow/dataset_cropped/09_Metas/26/12/20190926123300_00160.jpg,datasets_cloudmask/dataset_cropped/09_Metas/26/12/20190926123300_00160.png,818,948,78.6,26.7,963
9/26/2019 12:34,datasets/dataset_cropped/09_Metas/26/12/20190926123400_00160.jpg,datasets_flow/dataset_cropped/09_Metas/26/12/20190926123400_00160.jpg,datasets_cloudmask/dataset_cropped/09_Metas/26/12/20190926123400_00160.png,818,948,78.5,26.7,963
9/26/2019 12:35,datasets/dataset_cropped/09_Metas/26/12/20190926123500_00160.jpg,datasets_flow/dataset_cropped/09_Metas/26/12/20190926123500_00160.jpg,datasets_cloudmask/dataset_cropped/09_Metas/26/12/20190926123500_00160.png,819,948,78.6,26.7,963
9/26/2019 12:36,datasets/dataset_cropped/09_Metas/26/12/20190926123600_00160.jpg,datasets_flow/dataset_cropped/09_Metas/26/12/20190926123600_00160.jpg,datasets_cloudmask/dataset_cropped/09_Metas/26/12/20190926123600_00160.png,819,948,79.2,26.9,963
9/26/2019 12:37,datasets/dataset_cropped/09_Metas/26/12/20190926123700_00160.jpg,datasets_flow/dataset_cropped/09_Metas/26/12/20190926123700_00160.jpg,datasets_cloudmask/dataset_cropped/09_Metas/26/12/20190926123700_00160.png,820,949,78.9,26.8,963
9/26/2019 12:38,datasets/dataset_cropped/09_Metas/26/12/20190926123800_00160.jpg,datasets_flow/dataset_cropped/09_Metas/26/12/20190926123800_00160.jpg,datasets_cloudmask/dataset_cropped/09_Metas/26/12/20190926123800_00160.png,821,949,78.8,26.8,963
9/26/2019 12:39,datasets/dataset_cropped/09_Metas/26/12/20190926123900_00160.jpg,datasets_flow/dataset_cropped/09_Metas/26/12/20190926123900_00160.jpg,datasets_cloudmask/dataset_cropped/09_Metas/26/12/20190926123900_00160.png,821,949,78.9,26.8,963
9/26/2019 12:40,datasets/dataset_cropped/09_Metas/26/12/20190926124000_00160.jpg,datasets_flow/dataset_cropped/09_Metas/26/12/20190926124000_00160.jpg,datasets_cloudmask/dataset_cropped/09_Metas/26/12/20190926124000_00160.png,821,949,78.7,26.9,963
9/26/2019 12:41,datasets/dataset_cropped/09_Metas/26/12/20190926124100_00160.jpg,datasets_flow/dataset_cropped/09_Metas/26/12/20190926124100_00160.jpg,datasets_cloudmask/dataset_cropped/09_Metas/26/12/20190926124100_00160.png,821,949,79.1,26.9,963
9/26/2019 12:42,datasets/dataset_cropped/09_Metas/26/12/20190926124200_00160.jpg,datasets_flow/dataset_cropped/09_Metas/26/12/20190926124200_00160.jpg,datasets_cloudmask/dataset_cropped/09_Metas/26/12/20190926124200_00160.png,821,949,79.2,26.9,963
9/26/2019 12:43,datasets/dataset_cropped/09_Metas/26/12/20190926124300_00160.jpg,datasets_flow/dataset_cropped/09_Metas/26/12/20190926124300_00160.jpg,datasets_cloudmask/dataset_cropped/09_Metas/26/12/20190926124300_00160.png,821,949,79.1,27,963
9/26/2019 12:44,datasets/dataset_cropped/09_Metas/26/12/20190926124400_00160.jpg,datasets_flow/dataset_cropped/09_Metas/26/12/20190926124400_00160.jpg,datasets_cloudmask/dataset_cropped/09_Metas/26/12/20190926124400_00160.png,822,949,79.3,27.3,963
9/26/2019 12:45,datasets/dataset_cropped/09_Metas/26/12/20190926124500_00160.jpg,datasets_flow/dataset_cropped/09_Metas/26/12/20190926124500_00160.jpg,datasets_cloudmask/dataset_cropped/09_Metas/26/12/20190926124500_00160.png,821,947,79.6,27.6,963
9/26/2019 12:46,datasets/dataset_cropped/09_Metas/26/12/20190926124600_00160.jpg,datasets_flow/dataset_cropped/09_Metas/26/12/20190926124600_00160.jpg,datasets_cloudmask/dataset_cropped/09_Metas/26/12/20190926124600_00160.png,820,945,79.9,27.3,963
9/26/2019 12:47,datasets/dataset_cropped/09_Metas/26/12/20190926124700_00160.jpg,datasets_flow/dataset_cropped/09_Metas/26/12/20190926124700_00160.jpg,datasets_cloudmask/dataset_cropped/09_Metas/26/12/20190926124700_00160.png,820,945,79.8,27.1,963
9/26/2019 12:48,datasets/dataset_cropped/09_Metas/26/12/20190926124800_00160.jpg,datasets_flow/dataset_cropped/09_Metas/26/12/20190926124800_00160.jpg,datasets_cloudmask/dataset_cropped/09_Metas/26/12/20190926124800_00160.png,821,945,80,26.9,963
9/26/2019 12:49,datasets/dataset_cropped/09_Metas/26/12/20190926124900_00160.jpg,datasets_flow/dataset_cropped/09_Metas/26/12/20190926124900_00160.jpg,datasets_cloudmask/dataset_cropped/09_Metas/26/12/20190926124900_00160.png,821,945,80.3,27.1,963
9/26/2019 12:50,datasets/dataset_cropped/09_Metas/26/12/20190926125000_00160.jpg,datasets_flow/dataset_cropped/09_Metas/26/12/20190926125000_00160.jpg,datasets_cloudmask/dataset_cropped/09_Metas/26/12/20190926125000_00160.png,821,945,79.9,26.9,963
9/26/2019 12:51,datasets/dataset_cropped/09_Metas/26/12/20190926125100_00160.jpg,datasets_flow/dataset_cropped/09_Metas/26/12/20190926125100_00160.jpg,datasets_cloudmask/dataset_cropped/09_Metas/26/12/20190926125100_00160.png,822,946,79.6,26.9,963
9/26/2019 12:52,datasets/dataset_cropped/09_Metas/26/12/20190926125200_00160.jpg,datasets_flow/dataset_cropped/09_Metas/26/12/20190926125200_00160.jpg,datasets_cloudmask/dataset_cropped/09_Metas/26/12/20190926125200_00160.png,823,947,79.5,26.9,963
9/26/2019 12:53,datasets/dataset_cropped/09_Metas/26/12/20190926125300_00160.jpg,datasets_flow/dataset_cropped/09_Metas/26/12/20190926125300_00160.jpg,datasets_cloudmask/dataset_cropped/09_Metas/26/12/20190926125300_00160.png,822,946,79.8,27.1,963
9/26/2019 12:54,datasets/dataset_cropped/09_Metas/26/12/20190926125400_00160.jpg,datasets_flow/dataset_cropped/09_Metas/26/12/20190926125400_00160.jpg,datasets_cloudmask/dataset_cropped/09_Metas/26/12/20190926125400_00160.png,823,947,79.9,27,963
9/26/2019 12:55,datasets/dataset_cropped/09_Metas/26/12/20190926125500_00160.jpg,datasets_flow/dataset_cropped/09_Metas/26/12/20190926125500_00160.jpg,datasets_cloudmask/dataset_cropped/09_Metas/26/12/20190926125500_00160.png,823,946,80,27.1,963
9/26/2019 12:56,datasets/dataset_cropped/09_Metas/26/12/20190926125600_00160.jpg,datasets_flow/dataset_cropped/09_Metas/26/12/20190926125600_00160.jpg,datasets_cloudmask/dataset_cropped/09_Metas/26/12/20190926125600_00160.png,823,947,80.2,27.1,963
9/26/2019 12:57,datasets/dataset_cropped/09_Metas/26/12/20190926125700_00160.jpg,datasets_flow/dataset_cropped/09_Metas/26/12/20190926125700_00160.jpg,datasets_cloudmask/dataset_cropped/09_Metas/26/12/20190926125700_00160.png,823,947,79.9,27.1,963
9/26/2019 12:58,datasets/dataset_cropped/09_Metas/26/12/20190926125800_00160.jpg,datasets_flow/dataset_cropped/09_Metas/26/12/20190926125800_00160.jpg,datasets_cloudmask/dataset_cropped/09_Metas/26/12/20190926125800_00160.png,823,947,80.1,27,963
9/26/2019 12:59,datasets/dataset_cropped/09_Metas/26/12/20190926125900_00160.jpg,datasets_flow/dataset_cropped/09_Metas/26/12/20190926125900_00160.jpg,datasets_cloudmask/dataset_cropped/09_Metas/26/12/20190926125900_00160.png,823,947,80,26.9,963
9/26/2019 13:00,datasets/dataset_cropped/09_Metas/26/13/20190926130000_00160.jpg,datasets_flow/dataset_cropped/09_Metas/26/13/20190926130000_00160.jpg,datasets_cloudmask/dataset_cropped/09_Metas/26/13/20190926130000_00160.png,823,947,80,26.6,963
9/26/2019 13:01,datasets/dataset_cropped/09_Metas/26/13/20190926130100_00160.jpg,datasets_flow/dataset_cropped/09_Metas/26/13/20190926130100_00160.jpg,datasets_cloudmask/dataset_cropped/09_Metas/26/13/20190926130100_00160.png,823,947,79.9,26.4,963
9/26/2019 13:02,datasets/dataset_cropped/09_Metas/26/13/20190926130200_00160.jpg,datasets_flow/dataset_cropped/09_Metas/26/13/20190926130200_00160.jpg,datasets_cloudmask/dataset_cropped/09_Metas/26/13/20190926130200_00160.png,823,946,80.1,26.8,963
9/26/2019 13:03,datasets/dataset_cropped/09_Metas/26/13/20190926130300_00160.jpg,datasets_flow/dataset_cropped/09_Metas/26/13/20190926130300_00160.jpg,datasets_cloudmask/dataset_cropped/09_Metas/26/13/20190926130300_00160.png,823,946,80.4,27.3,963
9/26/2019 13:04,datasets/dataset_cropped/09_Metas/26/13/20190926130400_00160.jpg,datasets_flow/dataset_cropped/09_Metas/26/13/20190926130400_00160.jpg,datasets_cloudmask/dataset_cropped/09_Metas/26/13/20190926130400_00160.png,823,946,80.4,27.4,963
9/26/2019 13:05,datasets/dataset_cropped/09_Metas/26/13/20190926130500_00160.jpg,datasets_flow/dataset_cropped/09_Metas/26/13/20190926130500_00160.jpg,datasets_cloudmask/dataset_cropped/09_Metas/26/13/20190926130500_00160.png,823,946,80.4,27.3,963
9/26/2019 13:06,datasets/dataset_cropped/09_Metas/26/13/20190926130600_00160.jpg,datasets_flow/dataset_cropped/09_Metas/26/13/20190926130600_00160.jpg,datasets_cloudmask/dataset_cropped/09_Metas/26/13/20190926130600_00160.png,822,945,80.5,27.4,963
9/26/2019 13:07,datasets/dataset_cropped/09_Metas/26/13/20190926130700_00160.jpg,datasets_flow/dataset_cropped/09_Metas/26/13/20190926130700_00160.jpg,datasets_cloudmask/dataset_cropped/09_Metas/26/13/20190926130700_00160.png,823,946,81.1,27.4,963
9/26/2019 13:08,datasets/dataset_cropped/09_Metas/26/13/20190926130800_00160.jpg,datasets_flow/dataset_cropped/09_Metas/26/13/20190926130800_00160.jpg,datasets_cloudmask/dataset_cropped/09_Metas/26/13/20190926130800_00160.png,823,946,81.1,27.4,963
9/26/2019 13:09,datasets/dataset_cropped/09_Metas/26/13/20190926130900_00160.jpg,datasets_flow/dataset_cropped/09_Metas/26/13/20190926130900_00160.jpg,datasets_cloudmask/dataset_cropped/09_Metas/26/13/20190926130900_00160.png,822,945,81.1,27.2,963
9/26/2019 13:10,datasets/dataset_cropped/09_Metas/26/13/20190926131000_00160.jpg,datasets_flow/dataset_cropped/09_Metas/26/13/20190926131000_00160.jpg,datasets_cloudmask/dataset_cropped/09_Metas/26/13/20190926131000_00160.png,821,944,81.2,26.8,963
9/26/2019 13:11,datasets/dataset_cropped/09_Metas/26/13/20190926131100_00160.jpg,datasets_flow/dataset_cropped/09_Metas/26/13/20190926131100_00160.jpg,datasets_cloudmask/dataset_cropped/09_Metas/26/13/20190926131100_00160.png,821,944,80.8,26.7,963
9/26/2019 13:12,datasets/dataset_cropped/09_Metas/26/13/20190926131200_00160.jpg,datasets_flow/dataset_cropped/09_Metas/26/13/20190926131200_00160.jpg,datasets_cloudmask/dataset_cropped/09_Metas/26/13/20190926131200_00160.png,820,943,80.9,26.8,963
9/26/2019 13:13,datasets/dataset_cropped/09_Metas/26/13/20190926131300_00160.jpg,datasets_flow/dataset_cropped/09_Metas/26/13/20190926131300_00160.jpg,datasets_cloudmask/dataset_cropped/09_Metas/26/13/20190926131300_00160.png,818,940,81.5,27.1,963
9/26/2019 13:14,datasets/dataset_cropped/09_Metas/26/13/20190926131400_00160.jpg,datasets_flow/dataset_cropped/09_Metas/26/13/20190926131400_00160.jpg,datasets_cloudmask/dataset_cropped/09_Metas/26/13/20190926131400_00160.png,818,939,82,27,963
9/26/2019 13:15,datasets/dataset_cropped/09_Metas/26/13/20190926131500_00160.jpg,datasets_flow/dataset_cropped/09_Metas/26/13/20190926131500_00160.jpg,datasets_cloudmask/dataset_cropped/09_Metas/26/13/20190926131500_00160.png,816,936,82.3,26.8,963
9/26/2019 13:16,datasets/dataset_cropped/09_Metas/26/13/20190926131600_00160.jpg,datasets_flow/dataset_cropped/09_Metas/26/13/20190926131600_00160.jpg,datasets_cloudmask/dataset_cropped/09_Metas/26/13/20190926131600_00160.png,816,937,82,26.9,963
9/26/2019 13:17,datasets/dataset_cropped/09_Metas/26/13/20190926131700_00160.jpg,datasets_flow/dataset_cropped/09_Metas/26/13/20190926131700_00160.jpg,datasets_cloudmask/dataset_cropped/09_Metas/26/13/20190926131700_00160.png,816,936,82.1,27,963
9/26/2019 13:18,datasets/dataset_cropped/09_Metas/26/13/20190926131800_00160.jpg,datasets_flow/dataset_cropped/09_Metas/26/13/20190926131800_00160.jpg,datasets_cloudmask/dataset_cropped/09_Metas/26/13/20190926131800_00160.png,815,936,82.6,27.1,963
9/26/2019 13:19,datasets/dataset_cropped/09_Metas/26/13/20190926131900_00160.jpg,datasets_flow/dataset_cropped/09_Metas/26/13/20190926131900_00160.jpg,datasets_cloudmask/dataset_cropped/09_Metas/26/13/20190926131900_00160.png,817,939,82.1,27.2,963
9/26/2019 13:20,datasets/dataset_cropped/09_Metas/26/13/20190926132000_00160.jpg,datasets_flow/dataset_cropped/09_Metas/26/13/20190926132000_00160.jpg,datasets_cloudmask/dataset_cropped/09_Metas/26/13/20190926132000_00160.png,818,941,81.7,26.9,963
9/26/2019 13:21,datasets/dataset_cropped/09_Metas/26/13/20190926132100_00160.jpg,datasets_flow/dataset_cropped/09_Metas/26/13/20190926132100_00160.jpg,datasets_cloudmask/dataset_cropped/09_Metas/26/13/20190926132100_00160.png,819,942,81.7,27,963
9/26/2019 13:22,datasets/dataset_cropped/09_Metas/26/13/20190926132200_00160.jpg,datasets_flow/dataset_cropped/09_Metas/26/13/20190926132200_00160.jpg,datasets_cloudmask/dataset_cropped/09_Metas/26/13/20190926132200_00160.png,819,944,81.4,27.1,963
9/26/2019 13:23,datasets/dataset_cropped/09_Metas/26/13/20190926132300_00160.jpg,datasets_flow/dataset_cropped/09_Metas/26/13/20190926132300_00160.jpg,datasets_cloudmask/dataset_cropped/09_Metas/26/13/20190926132300_00160.png,819,944,81.6,26.8,963
9/26/2019 13:24,datasets/dataset_cropped/09_Metas/26/13/20190926132400_00160.jpg,datasets_flow/dataset_cropped/09_Metas/26/13/20190926132400_00160.jpg,datasets_cloudmask/dataset_cropped/09_Metas/26/13/20190926132400_00160.png,819,944,81.7,26.9,963
9/26/2019 13:25,datasets/dataset_cropped/09_Metas/26/13/20190926132500_00160.jpg,datasets_flow/dataset_cropped/09_Metas/26/13/20190926132500_00160.jpg,datasets_cloudmask/dataset_cropped/09_Metas/26/13/20190926132500_00160.png,818,944,81.8,27.2,963
9/26/2019 13:26,datasets/dataset_cropped/09_Metas/26/13/20190926132600_00160.jpg,datasets_flow/dataset_cropped/09_Metas/26/13/20190926132600_00160.jpg,datasets_cloudmask/dataset_cropped/09_Metas/26/13/20190926132600_00160.png,816,941,82.2,26.9,963
9/26/2019 13:27,datasets/dataset_cropped/09_Metas/26/13/20190926132700_00160.jpg,datasets_flow/dataset_cropped/09_Metas/26/13/20190926132700_00160.jpg,datasets_cloudmask/dataset_cropped/09_Metas/26/13/20190926132700_00160.png,815,939,82.5,26.8,963
9/26/2019 13:28,datasets/dataset_cropped/09_Metas/26/13/20190926132800_00160.jpg,datasets_flow/dataset_cropped/09_Metas/26/13/20190926132800_00160.jpg,datasets_cloudmask/dataset_cropped/09_Metas/26/13/20190926132800_00160.png,815,940,82.4,26.9,963
9/26/2019 13:29,datasets/dataset_cropped/09_Metas/26/13/20190926132900_00160.jpg,datasets_flow/dataset_cropped/09_Metas/26/13/20190926132900_00160.jpg,datasets_cloudmask/dataset_cropped/09_Metas/26/13/20190926132900_00160.png,815,940,82.1,27.1,963
9/26/2019 13:30,datasets/dataset_cropped/09_Metas/26/13/20190926133000_00160.jpg,datasets_flow/dataset_cropped/09_Metas/26/13/20190926133000_00160.jpg,datasets_cloudmask/dataset_cropped/09_Metas/26/13/20190926133000_00160.png,814,939,82.3,27.2,963
9/26/2019 13:31,datasets/dataset_cropped/09_Metas/26/13/20190926133100_00160.jpg,datasets_flow/dataset_cropped/09_Metas/26/13/20190926133100_00160.jpg,datasets_cloudmask/dataset_cropped/09_Metas/26/13/20190926133100_00160.png,813,938,82.3,27.4,963
9/26/2019 13:32,datasets/dataset_cropped/09_Metas/26/13/20190926133200_00160.jpg,datasets_flow/dataset_cropped/09_Metas/26/13/20190926133200_00160.jpg,datasets_cloudmask/dataset_cropped/09_Metas/26/13/20190926133200_00160.png,813,938,82.6,27.7,963
9/26/2019 13:33,datasets/dataset_cropped/09_Metas/26/13/20190926133300_00160.jpg,datasets_flow/dataset_cropped/09_Metas/26/13/20190926133300_00160.jpg,datasets_cloudmask/dataset_cropped/09_Metas/26/13/20190926133300_00160.png,812,938,82.9,27.4,963
9/26/2019 13:34,datasets/dataset_cropped/09_Metas/26/13/20190926133400_00160.jpg,datasets_flow/dataset_cropped/09_Metas/26/13/20190926133400_00160.jpg,datasets_cloudmask/dataset_cropped/09_Metas/26/13/20190926133400_00160.png,811,937,83.2,27.3,963
9/26/2019 13:35,datasets/dataset_cropped/09_Metas/26/13/20190926133500_00160.jpg,datasets_flow/dataset_cropped/09_Metas/26/13/20190926133500_00160.jpg,datasets_cloudmask/dataset_cropped/09_Metas/26/13/20190926133500_00160.png,810,935,84.1,27.2,963
9/26/2019 13:36,datasets/dataset_cropped/09_Metas/26/13/20190926133600_00160.jpg,datasets_flow/dataset_cropped/09_Metas/26/13/20190926133600_00160.jpg,datasets_cloudmask/dataset_cropped/09_Metas/26/13/20190926133600_00160.png,809,935,83.9,27.2,963
9/26/2019 13:37,datasets/dataset_cropped/09_Metas/26/13/20190926133700_00160.jpg,datasets_flow/dataset_cropped/09_Metas/26/13/20190926133700_00160.jpg,datasets_cloudmask/dataset_cropped/09_Metas/26/13/20190926133700_00160.png,808,935,83.4,27.4,963
9/26/2019 13:38,datasets/dataset_cropped/09_Metas/26/13/20190926133800_00160.jpg,datasets_flow/dataset_cropped/09_Metas/26/13/20190926133800_00160.jpg,datasets_cloudmask/dataset_cropped/09_Metas/26/13/20190926133800_00160.png,807,934,83.6,27.4,963
9/26/2019 13:39,datasets/dataset_cropped/09_Metas/26/13/20190926133900_00160.jpg,datasets_flow/dataset_cropped/09_Metas/26/13/20190926133900_00160.jpg,datasets_cloudmask/dataset_cropped/09_Metas/26/13/20190926133900_00160.png,806,934,83.3,27.5,963
9/26/2019 13:40,datasets/dataset_cropped/09_Metas/26/13/20190926134000_00160.jpg,datasets_flow/dataset_cropped/09_Metas/26/13/20190926134000_00160.jpg,datasets_cloudmask/dataset_cropped/09_Metas/26/13/20190926134000_00160.png,805,934,83.4,27.5,963
9/26/2019 13:41,datasets/dataset_cropped/09_Metas/26/13/20190926134100_00160.jpg,datasets_flow/dataset_cropped/09_Metas/26/13/20190926134100_00160.jpg,datasets_cloudmask/dataset_cropped/09_Metas/26/13/20190926134100_00160.png,805,934,82.9,27.6,963
9/26/2019 13:42,datasets/dataset_cropped/09_Metas/26/13/20190926134200_00160.jpg,datasets_flow/dataset_cropped/09_Metas/26/13/20190926134200_00160.jpg,datasets_cloudmask/dataset_cropped/09_Metas/26/13/20190926134200_00160.png,805,935,83,27.5,962
9/26/2019 13:43,datasets/dataset_cropped/09_Metas/26/13/20190926134300_00160.jpg,datasets_flow/dataset_cropped/09_Metas/26/13/20190926134300_00160.jpg,datasets_cloudmask/dataset_cropped/09_Metas/26/13/20190926134300_00160.png,804,935,82.5,27.3,962
9/26/2019 13:44,datasets/dataset_cropped/09_Metas/26/13/20190926134400_00160.jpg,datasets_flow/dataset_cropped/09_Metas/26/13/20190926134400_00160.jpg,datasets_cloudmask/dataset_cropped/09_Metas/26/13/20190926134400_00160.png,804,935,82.3,27.1,963
9/26/2019 13:45,datasets/dataset_cropped/09_Metas/26/13/20190926134500_00160.jpg,datasets_flow/dataset_cropped/09_Metas/26/13/20190926134500_00160.jpg,datasets_cloudmask/dataset_cropped/09_Metas/26/13/20190926134500_00160.png,803,935,82.4,27.1,962
9/26/2019 13:46,datasets/dataset_cropped/09_Metas/26/13/20190926134600_00160.jpg,datasets_flow/dataset_cropped/09_Metas/26/13/20190926134600_00160.jpg,datasets_cloudmask/dataset_cropped/09_Metas/26/13/20190926134600_00160.png,802,933,82.6,27.2,962
9/26/2019 13:47,datasets/dataset_cropped/09_Metas/26/13/20190926134700_00160.jpg,datasets_flow/dataset_cropped/09_Metas/26/13/20190926134700_00160.jpg,datasets_cloudmask/dataset_cropped/09_Metas/26/13/20190926134700_00160.png,800,932,83.1,27.6,963
9/26/2019 13:48,datasets/dataset_cropped/09_Metas/26/13/20190926134800_00160.jpg,datasets_flow/dataset_cropped/09_Metas/26/13/20190926134800_00160.jpg,datasets_cloudmask/dataset_cropped/09_Metas/26/13/20190926134800_00160.png,799.1,931,83.3,27.6,962
9/26/2019 13:49,datasets/dataset_cropped/09_Metas/26/13/20190926134900_00160.jpg,datasets_flow/dataset_cropped/09_Metas/26/13/20190926134900_00160.jpg,datasets_cloudmask/dataset_cropped/09_Metas/26/13/20190926134900_00160.png,798.7,932,83.7,27.5,963
9/26/2019 13:50,datasets/dataset_cropped/09_Metas/26/13/20190926135000_00160.jpg,datasets_flow/dataset_cropped/09_Metas/26/13/20190926135000_00160.jpg,datasets_cloudmask/dataset_cropped/09_Metas/26/13/20190926135000_00160.png,797.9,932,83.3,27.6,962
9/26/2019 13:51,datasets/dataset_cropped/09_Metas/26/13/20190926135100_00160.jpg,datasets_flow/dataset_cropped/09_Metas/26/13/20190926135100_00160.jpg,datasets_cloudmask/dataset_cropped/09_Metas/26/13/20190926135100_00160.png,796.4,931,83.2,27.7,962
9/26/2019 13:52,datasets/dataset_cropped/09_Metas/26/13/20190926135200_00160.jpg,datasets_flow/dataset_cropped/09_Metas/26/13/20190926135200_00160.jpg,datasets_cloudmask/dataset_cropped/09_Metas/26/13/20190926135200_00160.png,795.1,929,83.4,27.7,963
9/26/2019 13:53,datasets/dataset_cropped/09_Metas/26/13/20190926135300_00160.jpg,datasets_flow/dataset_cropped/09_Metas/26/13/20190926135300_00160.jpg,datasets_cloudmask/dataset_cropped/09_Metas/26/13/20190926135300_00160.png,795.3,931,83,27.7,963
9/26/2019 13:54,datasets/dataset_cropped/09_Metas/26/13/20190926135400_00160.jpg,datasets_flow/dataset_cropped/09_Metas/26/13/20190926135400_00160.jpg,datasets_cloudmask/dataset_cropped/09_Metas/26/13/20190926135400_00160.png,794.9,931,83.1,27.6,962
9/26/2019 13:55,datasets/dataset_cropped/09_Metas/26/13/20190926135500_00160.jpg,datasets_flow/dataset_cropped/09_Metas/26/13/20190926135500_00160.jpg,datasets_cloudmask/dataset_cropped/09_Metas/26/13/20190926135500_00160.png,794.7,932,83.2,27.7,962
9/26/2019 13:56,datasets/dataset_cropped/09_Metas/26/13/20190926135600_00160.jpg,datasets_flow/dataset_cropped/09_Metas/26/13/20190926135600_00160.jpg,datasets_cloudmask/dataset_cropped/09_Metas/26/13/20190926135600_00160.png,794.1,933,82.9,27.8,962
9/26/2019 13:57,datasets/dataset_cropped/09_Metas/26/13/20190926135700_00160.jpg,datasets_flow/dataset_cropped/09_Metas/26/13/20190926135700_00160.jpg,datasets_cloudmask/dataset_cropped/09_Metas/26/13/20190926135700_00160.png,793.6,933,83.1,27.5,963
9/26/2019 13:58,datasets/dataset_cropped/09_Metas/26/13/20190926135800_00160.jpg,datasets_flow/dataset_cropped/09_Metas/26/13/20190926135800_00160.jpg,datasets_cloudmask/dataset_cropped/09_Metas/26/13/20190926135800_00160.png,792.7,933,82.5,27.4,962
9/26/2019 13:59,datasets/dataset_cropped/09_Metas/26/13/20190926135900_00160.jpg,datasets_flow/dataset_cropped/09_Metas/26/13/20190926135900_00160.jpg,datasets_cloudmask/dataset_cropped/09_Metas/26/13/20190926135900_00160.png,791.8,933,82.8,27.3,962
9/26/2019 14:00,datasets/dataset_cropped/09_Metas/26/14/20190926140000_00160.jpg,datasets_flow/dataset_cropped/09_Metas/26/14/20190926140000_00160.jpg,datasets_cloudmask/dataset_cropped/09_Metas/26/14/20190926140000_00160.png,790.1,932,82.8,27.1,962
9/26/2019 14:01,datasets/dataset_cropped/09_Metas/26/14/20190926140100_00160.jpg,datasets_flow/dataset_cropped/09_Metas/26/14/20190926140100_00160.jpg,datasets_cloudmask/dataset_cropped/09_Metas/26/14/20190926140100_00160.png,788.8,931,82.8,27.2,962
9/26/2019 14:02,datasets/dataset_cropped/09_Metas/26/14/20190926140200_00160.jpg,datasets_flow/dataset_cropped/09_Metas/26/14/20190926140200_00160.jpg,datasets_cloudmask/dataset_cropped/09_Metas/26/14/20190926140200_00160.png,787.2,929,83.3,27.4,962
9/26/2019 14:03,datasets/dataset_cropped/09_Metas/26/14/20190926140300_00160.jpg,datasets_flow/dataset_cropped/09_Metas/26/14/20190926140300_00160.jpg,datasets_cloudmask/dataset_cropped/09_Metas/26/14/20190926140300_00160.png,784.9,927,83.6,27.7,962
9/26/2019 14:04,datasets/dataset_cropped/09_Metas/26/14/20190926140400_00160.jpg,datasets_flow/dataset_cropped/09_Metas/26/14/20190926140400_00160.jpg,datasets_cloudmask/dataset_cropped/09_Metas/26/14/20190926140400_00160.png,783.6,927,83.5,27.7,962
9/26/2019 14:05,datasets/dataset_cropped/09_Metas/26/14/20190926140500_00160.jpg,datasets_flow/dataset_cropped/09_Metas/26/14/20190926140500_00160.jpg,datasets_cloudmask/dataset_cropped/09_Metas/26/14/20190926140500_00160.png,782.5,926,83.4,27.7,962
9/26/2019 14:06,datasets/dataset_cropped/09_Metas/26/14/20190926140600_00160.jpg,datasets_flow/dataset_cropped/09_Metas/26/14/20190926140600_00160.jpg,datasets_cloudmask/dataset_cropped/09_Metas/26/14/20190926140600_00160.png,780.5,925,83.2,27.6,962
9/26/2019 14:07,datasets/dataset_cropped/09_Metas/26/14/20190926140700_00160.jpg,datasets_flow/dataset_cropped/09_Metas/26/14/20190926140700_00160.jpg,datasets_cloudmask/dataset_cropped/09_Metas/26/14/20190926140700_00160.png,778.6,923,83.3,27.6,962
9/26/2019 14:08,datasets/dataset_cropped/09_Metas/26/14/20190926140800_00160.jpg,datasets_flow/dataset_cropped/09_Metas/26/14/20190926140800_00160.jpg,datasets_cloudmask/dataset_cropped/09_Metas/26/14/20190926140800_00160.png,776.9,922,83.5,27.8,962
9/26/2019 14:09,datasets/dataset_cropped/09_Metas/26/14/20190926140900_00160.jpg,datasets_flow/dataset_cropped/09_Metas/26/14/20190926140900_00160.jpg,datasets_cloudmask/dataset_cropped/09_Metas/26/14/20190926140900_00160.png,775.9,921,83.7,27.7,962
9/26/2019 14:10,datasets/dataset_cropped/09_Metas/26/14/20190926141000_00160.jpg,datasets_flow/dataset_cropped/09_Metas/26/14/20190926141000_00160.jpg,datasets_cloudmask/dataset_cropped/09_Metas/26/14/20190926141000_00160.png,774.9,921,84.1,27.9,962
9/26/2019 14:11,datasets/dataset_cropped/09_Metas/26/14/20190926141100_00160.jpg,datasets_flow/dataset_cropped/09_Metas/26/14/20190926141100_00160.jpg,datasets_cloudmask/dataset_cropped/09_Metas/26/14/20190926141100_00160.png,773.2,920,83.9,28,962
9/26/2019 14:12,datasets/dataset_cropped/09_Metas/26/14/20190926141200_00160.jpg,datasets_flow/dataset_cropped/09_Metas/26/14/20190926141200_00160.jpg,datasets_cloudmask/dataset_cropped/09_Metas/26/14/20190926141200_00160.png,772,920,84.1,27.9,962
9/26/2019 14:13,datasets/dataset_cropped/09_Metas/26/14/20190926141300_00160.jpg,datasets_flow/dataset_cropped/09_Metas/26/14/20190926141300_00160.jpg,datasets_cloudmask/dataset_cropped/09_Metas/26/14/20190926141300_00160.png,769.7,918,84.6,27.7,962
9/26/2019 14:14,datasets/dataset_cropped/09_Metas/26/14/20190926141400_00160.jpg,datasets_flow/dataset_cropped/09_Metas/26/14/20190926141400_00160.jpg,datasets_cloudmask/dataset_cropped/09_Metas/26/14/20190926141400_00160.png,767.1,916,84.6,27.7,962
9/26/2019 14:15,datasets/dataset_cropped/09_Metas/26/14/20190926141500_00160.jpg,datasets_flow/dataset_cropped/09_Metas/26/14/20190926141500_00160.jpg,datasets_cloudmask/dataset_cropped/09_Metas/26/14/20190926141500_00160.png,765.5,915,84.9,27.8,962
9/26/2019 14:16,datasets/dataset_cropped/09_Metas/26/14/20190926141600_00160.jpg,datasets_flow/dataset_cropped/09_Metas/26/14/20190926141600_00160.jpg,datasets_cloudmask/dataset_cropped/09_Metas/26/14/20190926141600_00160.png,763.2,914,84.7,27.9,962
9/26/2019 14:17,datasets/dataset_cropped/09_Metas/26/14/20190926141700_00160.jpg,datasets_flow/dataset_cropped/09_Metas/26/14/20190926141700_00160.jpg,datasets_cloudmask/dataset_cropped/09_Metas/26/14/20190926141700_00160.png,761.7,913,84.7,28.1,962
9/26/2019 14:18,datasets/dataset_cropped/09_Metas/26/14/20190926141800_00160.jpg,datasets_flow/dataset_cropped/09_Metas/26/14/20190926141800_00160.jpg,datasets_cloudmask/dataset_cropped/09_Metas/26/14/20190926141800_00160.png,760.4,912,84.8,28.1,962
9/26/2019 14:19,datasets/dataset_cropped/09_Metas/26/14/20190926141900_00160.jpg,datasets_flow/dataset_cropped/09_Metas/26/14/20190926141900_00160.jpg,datasets_cloudmask/dataset_cropped/09_Metas/26/14/20190926141900_00160.png,759.6,912,85.3,27.9,962
9/26/2019 14:20,datasets/dataset_cropped/09_Metas/26/14/20190926142000_00160.jpg,datasets_flow/dataset_cropped/09_Metas/26/14/20190926142000_00160.jpg,datasets_cloudmask/dataset_cropped/09_Metas/26/14/20190926142000_00160.png,758,911,85,27.7,962
9/26/2019 14:21,datasets/dataset_cropped/09_Metas/26/14/20190926142100_00160.jpg,datasets_flow/dataset_cropped/09_Metas/26/14/20190926142100_00160.jpg,datasets_cloudmask/dataset_cropped/09_Metas/26/14/20190926142100_00160.png,756.7,910,84.9,27.8,962
9/26/2019 14:22,datasets/dataset_cropped/09_Metas/26/14/20190926142200_00160.jpg,datasets_flow/dataset_cropped/09_Metas/26/14/20190926142200_00160.jpg,datasets_cloudmask/dataset_cropped/09_Metas/26/14/20190926142200_00160.png,755,909,85.2,28,962
9/26/2019 14:23,datasets/dataset_cropped/09_Metas/26/14/20190926142300_00160.jpg,datasets_flow/dataset_cropped/09_Metas/26/14/20190926142300_00160.jpg,datasets_cloudmask/dataset_cropped/09_Metas/26/14/20190926142300_00160.png,753.8,909,85,27.8,962
9/26/2019 14:24,datasets/dataset_cropped/09_Metas/26/14/20190926142400_00160.jpg,datasets_flow/dataset_cropped/09_Metas/26/14/20190926142400_00160.jpg,datasets_cloudmask/dataset_cropped/09_Metas/26/14/20190926142400_00160.png,753.6,910,85.2,27.8,962
9/26/2019 14:25,datasets/dataset_cropped/09_Metas/26/14/20190926142500_00160.jpg,datasets_flow/dataset_cropped/09_Metas/26/14/20190926142500_00160.jpg,datasets_cloudmask/dataset_cropped/09_Metas/26/14/20190926142500_00160.png,752.4,910,85.3,27.8,962
9/26/2019 14:26,datasets/dataset_cropped/09_Metas/26/14/20190926142600_00160.jpg,datasets_flow/dataset_cropped/09_Metas/26/14/20190926142600_00160.jpg,datasets_cloudmask/dataset_cropped/09_Metas/26/14/20190926142600_00160.png,751.3,910,85.6,28,962
9/26/2019 14:27,datasets/dataset_cropped/09_Metas/26/14/20190926142700_00160.jpg,datasets_flow/dataset_cropped/09_Metas/26/14/20190926142700_00160.jpg,datasets_cloudmask/dataset_cropped/09_Metas/26/14/20190926142700_00160.png,749.6,910,85.4,28.1,962
9/26/2019 14:28,datasets/dataset_cropped/09_Metas/26/14/20190926142800_00160.jpg,datasets_flow/dataset_cropped/09_Metas/26/14/20190926142800_00160.jpg,datasets_cloudmask/dataset_cropped/09_Metas/26/14/20190926142800_00160.png,748.7,910,85.6,27.9,962
9/26/2019 14:29,datasets/dataset_cropped/09_Metas/26/14/20190926142900_00160.jpg,datasets_flow/dataset_cropped/09_Metas/26/14/20190926142900_00160.jpg,datasets_cloudmask/dataset_cropped/09_Metas/26/14/20190926142900_00160.png,747,909,85.4,28.1,962
9/26/2019 14:30,datasets/dataset_cropped/09_Metas/26/14/20190926143000_00160.jpg,datasets_flow/dataset_cropped/09_Metas/26/14/20190926143000_00160.jpg,datasets_cloudmask/dataset_cropped/09_Metas/26/14/20190926143000_00160.png,745.7,909,85.8,28.2,962
9/26/2019 14:31,datasets/dataset_cropped/09_Metas/26/14/20190926143100_00160.jpg,datasets_flow/dataset_cropped/09_Metas/26/14/20190926143100_00160.jpg,datasets_cloudmask/dataset_cropped/09_Metas/26/14/20190926143100_00160.png,744.2,909,86.3,28.2,962
9/26/2019 14:32,datasets/dataset_cropped/09_Metas/26/14/20190926143200_00160.jpg,datasets_flow/dataset_cropped/09_Metas/26/14/20190926143200_00160.jpg,datasets_cloudmask/dataset_cropped/09_Metas/26/14/20190926143200_00160.png,741.8,907,86.6,28.3,962
9/26/2019 14:33,datasets/dataset_cropped/09_Metas/26/14/20190926143300_00160.jpg,datasets_flow/dataset_cropped/09_Metas/26/14/20190926143300_00160.jpg,datasets_cloudmask/dataset_cropped/09_Metas/26/14/20190926143300_00160.png,740.8,908,86.3,28.4,962
9/26/2019 14:34,datasets/dataset_cropped/09_Metas/26/14/20190926143400_00160.jpg,datasets_flow/dataset_cropped/09_Metas/26/14/20190926143400_00160.jpg,datasets_cloudmask/dataset_cropped/09_Metas/26/14/20190926143400_00160.png,739,907,85.9,28.4,962
9/26/2019 14:35,datasets/dataset_cropped/09_Metas/26/14/20190926143500_00160.jpg,datasets_flow/dataset_cropped/09_Metas/26/14/20190926143500_00160.jpg,datasets_cloudmask/dataset_cropped/09_Metas/26/14/20190926143500_00160.png,736.8,905,85.7,28.2,962
9/26/2019 14:36,datasets/dataset_cropped/09_Metas/26/14/20190926143600_00160.jpg,datasets_flow/dataset_cropped/09_Metas/26/14/20190926143600_00160.jpg,datasets_cloudmask/dataset_cropped/09_Metas/26/14/20190926143600_00160.png,734.9,904,85.9,28,962
9/26/2019 14:37,datasets/dataset_cropped/09_Metas/26/14/20190926143700_00160.jpg,datasets_flow/dataset_cropped/09_Metas/26/14/20190926143700_00160.jpg,datasets_cloudmask/dataset_cropped/09_Metas/26/14/20190926143700_00160.png,733.2,903,85.7,27.8,962
9/26/2019 14:38,datasets/dataset_cropped/09_Metas/26/14/20190926143800_00160.jpg,datasets_flow/dataset_cropped/09_Metas/26/14/20190926143800_00160.jpg,datasets_cloudmask/dataset_cropped/09_Metas/26/14/20190926143800_00160.png,731.1,902,85.6,27.9,962
9/26/2019 14:39,datasets/dataset_cropped/09_Metas/26/14/20190926143900_00160.jpg,datasets_flow/dataset_cropped/09_Metas/26/14/20190926143900_00160.jpg,datasets_cloudmask/dataset_cropped/09_Metas/26/14/20190926143900_00160.png,729.2,901,85.3,27.8,962
9/26/2019 14:40,datasets/dataset_cropped/09_Metas/26/14/20190926144000_00160.jpg,datasets_flow/dataset_cropped/09_Metas/26/14/20190926144000_00160.jpg,datasets_cloudmask/dataset_cropped/09_Metas/26/14/20190926144000_00160.png,727.4,900,85.2,27.6,962
9/26/2019 14:41,datasets/dataset_cropped/09_Metas/26/14/20190926144100_00160.jpg,datasets_flow/dataset_cropped/09_Metas/26/14/20190926144100_00160.jpg,datasets_cloudmask/dataset_cropped/09_Metas/26/14/20190926144100_00160.png,725.2,898,85.2,27.8,962
9/26/2019 14:42,datasets/dataset_cropped/09_Metas/26/14/20190926144200_00160.jpg,datasets_flow/dataset_cropped/09_Metas/26/14/20190926144200_00160.jpg,datasets_cloudmask/dataset_cropped/09_Metas/26/14/20190926144200_00160.png,723.1,898,84.9,28.1,962
9/26/2019 14:43,datasets/dataset_cropped/09_Metas/26/14/20190926144300_00160.jpg,datasets_flow/dataset_cropped/09_Metas/26/14/20190926144300_00160.jpg,datasets_cloudmask/dataset_cropped/09_Metas/26/14/20190926144300_00160.png,721.8,897,85.3,27.9,962
9/26/2019 14:44,datasets/dataset_cropped/09_Metas/26/14/20190926144400_00160.jpg,datasets_flow/dataset_cropped/09_Metas/26/14/20190926144400_00160.jpg,datasets_cloudmask/dataset_cropped/09_Metas/26/14/20190926144400_00160.png,720,897,85.2,27.8,962
9/26/2019 14:45,datasets/dataset_cropped/09_Metas/26/14/20190926144500_00160.jpg,datasets_flow/dataset_cropped/09_Metas/26/14/20190926144500_00160.jpg,datasets_cloudmask/dataset_cropped/09_Metas/26/14/20190926144500_00160.png,717,894,85.1,27.8,962
9/26/2019 14:46,datasets/dataset_cropped/09_Metas/26/14/20190926144600_00160.jpg,datasets_flow/dataset_cropped/09_Metas/26/14/20190926144600_00160.jpg,datasets_cloudmask/dataset_cropped/09_Metas/26/14/20190926144600_00160.png,715.5,895,85.1,27.8,962
9/26/2019 14:47,datasets/dataset_cropped/09_Metas/26/14/20190926144700_00160.jpg,datasets_flow/dataset_cropped/09_Metas/26/14/20190926144700_00160.jpg,datasets_cloudmask/dataset_cropped/09_Metas/26/14/20190926144700_00160.png,713.3,893,85.2,27.6,962
9/26/2019 14:48,datasets/dataset_cropped/09_Metas/26/14/20190926144800_00160.jpg,datasets_flow/dataset_cropped/09_Metas/26/14/20190926144800_00160.jpg,datasets_cloudmask/dataset_cropped/09_Metas/26/14/20190926144800_00160.png,711.3,893,85.1,27.6,962
9/26/2019 14:49,datasets/dataset_cropped/09_Metas/26/14/20190926144900_00160.jpg,datasets_flow/dataset_cropped/09_Metas/26/14/20190926144900_00160.jpg,datasets_cloudmask/dataset_cropped/09_Metas/26/14/20190926144900_00160.png,709.5,892,84.7,28,962
9/26/2019 14:50,datasets/dataset_cropped/09_Metas/26/14/20190926145000_00160.jpg,datasets_flow/dataset_cropped/09_Metas/26/14/20190926145000_00160.jpg,datasets_cloudmask/dataset_cropped/09_Metas/26/14/20190926145000_00160.png,708.3,893,84.9,27.9,962
9/26/2019 14:51,datasets/dataset_cropped/09_Metas/26/14/20190926145100_00160.jpg,datasets_flow/dataset_cropped/09_Metas/26/14/20190926145100_00160.jpg,datasets_cloudmask/dataset_cropped/09_Metas/26/14/20190926145100_00160.png,706.9,893,85.2,27.9,962
9/26/2019 14:52,datasets/dataset_cropped/09_Metas/26/14/20190926145200_00160.jpg,datasets_flow/dataset_cropped/09_Metas/26/14/20190926145200_00160.jpg,datasets_cloudmask/dataset_cropped/09_Metas/26/14/20190926145200_00160.png,705.2,893,85.1,27.9,962
9/26/2019 14:53,datasets/dataset_cropped/09_Metas/26/14/20190926145300_00160.jpg,datasets_flow/dataset_cropped/09_Metas/26/14/20190926145300_00160.jpg,datasets_cloudmask/dataset_cropped/09_Metas/26/14/20190926145300_00160.png,703.8,894,84.9,27.9,962
9/26/2019 14:54,datasets/dataset_cropped/09_Metas/26/14/20190926145400_00160.jpg,datasets_flow/dataset_cropped/09_Metas/26/14/20190926145400_00160.jpg,datasets_cloudmask/dataset_cropped/09_Metas/26/14/20190926145400_00160.png,702.7,894,85.2,27.6,962
9/26/2019 14:55,datasets/dataset_cropped/09_Metas/26/14/20190926145500_00160.jpg,datasets_flow/dataset_cropped/09_Metas/26/14/20190926145500_00160.jpg,datasets_cloudmask/dataset_cropped/09_Metas/26/14/20190926145500_00160.png,701.5,895,85,28,962
9/26/2019 14:56,datasets/dataset_cropped/09_Metas/26/14/20190926145600_00160.jpg,datasets_flow/dataset_cropped/09_Metas/26/14/20190926145600_00160.jpg,datasets_cloudmask/dataset_cropped/09_Metas/26/14/20190926145600_00160.png,700.8,896,84.7,28.2,962
9/26/2019 14:57,datasets/dataset_cropped/09_Metas/26/14/20190926145700_00160.jpg,datasets_flow/dataset_cropped/09_Metas/26/14/20190926145700_00160.jpg,datasets_cloudmask/dataset_cropped/09_Metas/26/14/20190926145700_00160.png,699.6,896,85.1,28.1,962
9/26/2019 14:58,datasets/dataset_cropped/09_Metas/26/14/20190926145800_00160.jpg,datasets_flow/dataset_cropped/09_Metas/26/14/20190926145800_00160.jpg,datasets_cloudmask/dataset_cropped/09_Metas/26/14/20190926145800_00160.png,697.4,895,85,27.9,962
9/26/2019 14:59,datasets/dataset_cropped/09_Metas/26/14/20190926145900_00160.jpg,datasets_flow/dataset_cropped/09_Metas/26/14/20190926145900_00160.jpg,datasets_cloudmask/dataset_cropped/09_Metas/26/14/20190926145900_00160.png,695.2,895,84.5,27.8,962
9/26/2019 15:00,datasets/dataset_cropped/09_Metas/26/15/20190926150000_00160.jpg,datasets_flow/dataset_cropped/09_Metas/26/15/20190926150000_00160.jpg,datasets_cloudmask/dataset_cropped/09_Metas/26/15/20190926150000_00160.png,693.3,894,84.4,28,962
9/26/2019 15:01,datasets/dataset_cropped/09_Metas/26/15/20190926150100_00160.jpg,datasets_flow/dataset_cropped/09_Metas/26/15/20190926150100_00160.jpg,datasets_cloudmask/dataset_cropped/09_Metas/26/15/20190926150100_00160.png,690.1,891,84.1,27.9,962
9/26/2019 15:02,datasets/dataset_cropped/09_Metas/26/15/20190926150200_00160.jpg,datasets_flow/dataset_cropped/09_Metas/26/15/20190926150200_00160.jpg,datasets_cloudmask/dataset_cropped/09_Metas/26/15/20190926150200_00160.png,687.1,889,84.2,28,962
9/26/2019 15:03,datasets/dataset_cropped/09_Metas/26/15/20190926150300_00160.jpg,datasets_flow/dataset_cropped/09_Metas/26/15/20190926150300_00160.jpg,datasets_cloudmask/dataset_cropped/09_Metas/26/15/20190926150300_00160.png,684.4,887,84.5,28.3,962
9/26/2019 15:04,datasets/dataset_cropped/09_Metas/26/15/20190926150400_00160.jpg,datasets_flow/dataset_cropped/09_Metas/26/15/20190926150400_00160.jpg,datasets_cloudmask/dataset_cropped/09_Metas/26/15/20190926150400_00160.png,682.1,886,84.8,28.1,962
9/26/2019 15:05,datasets/dataset_cropped/09_Metas/26/15/20190926150500_00160.jpg,datasets_flow/dataset_cropped/09_Metas/26/15/20190926150500_00160.jpg,datasets_cloudmask/dataset_cropped/09_Metas/26/15/20190926150500_00160.png,678.8,883,84.5,27.9,962
9/26/2019 15:06,datasets/dataset_cropped/09_Metas/26/15/20190926150600_00160.jpg,datasets_flow/dataset_cropped/09_Metas/26/15/20190926150600_00160.jpg,datasets_cloudmask/dataset_cropped/09_Metas/26/15/20190926150600_00160.png,676,881,84.3,27.8,962
9/26/2019 15:07,datasets/dataset_cropped/09_Metas/26/15/20190926150700_00160.jpg,datasets_flow/dataset_cropped/09_Metas/26/15/20190926150700_00160.jpg,datasets_cloudmask/dataset_cropped/09_Metas/26/15/20190926150700_00160.png,673.7,880,84.1,27.9,962
9/26/2019 15:08,datasets/dataset_cropped/09_Metas/26/15/20190926150800_00160.jpg,datasets_flow/dataset_cropped/09_Metas/26/15/20190926150800_00160.jpg,datasets_cloudmask/dataset_cropped/09_Metas/26/15/20190926150800_00160.png,671.3,879,83.9,28.1,962
9/26/2019 15:09,datasets/dataset_cropped/09_Metas/26/15/20190926150900_00160.jpg,datasets_flow/dataset_cropped/09_Metas/26/15/20190926150900_00160.jpg,datasets_cloudmask/dataset_cropped/09_Metas/26/15/20190926150900_00160.png,669.5,879,84,28.1,962
9/26/2019 15:10,datasets/dataset_cropped/09_Metas/26/15/20190926151000_00160.jpg,datasets_flow/dataset_cropped/09_Metas/26/15/20190926151000_00160.jpg,datasets_cloudmask/dataset_cropped/09_Metas/26/15/20190926151000_00160.png,669.1,881,84.3,28.2,962
9/26/2019 15:11,datasets/dataset_cropped/09_Metas/26/15/20190926151100_00160.jpg,datasets_flow/dataset_cropped/09_Metas/26/15/20190926151100_00160.jpg,datasets_cloudmask/dataset_cropped/09_Metas/26/15/20190926151100_00160.png,668.3,883,84.3,28.3,962
9/26/2019 15:12,datasets/dataset_cropped/09_Metas/26/15/20190926151200_00160.jpg,datasets_flow/dataset_cropped/09_Metas/26/15/20190926151200_00160.jpg,datasets_cloudmask/dataset_cropped/09_Metas/26/15/20190926151200_00160.png,666.8,884,83.9,28,962
9/26/2019 15:13,datasets/dataset_cropped/09_Metas/26/15/20190926151300_00160.jpg,datasets_flow/dataset_cropped/09_Metas/26/15/20190926151300_00160.jpg,datasets_cloudmask/dataset_cropped/09_Metas/26/15/20190926151300_00160.png,665.2,884,83.7,28,962
9/26/2019 15:14,datasets/dataset_cropped/09_Metas/26/15/20190926151400_00160.jpg,datasets_flow/dataset_cropped/09_Metas/26/15/20190926151400_00160.jpg,datasets_cloudmask/dataset_cropped/09_Metas/26/15/20190926151400_00160.png,662.9,883,83.6,27.9,962
9/26/2019 15:15,datasets/dataset_cropped/09_Metas/26/15/20190926151500_00160.jpg,datasets_flow/dataset_cropped/09_Metas/26/15/20190926151500_00160.jpg,datasets_cloudmask/dataset_cropped/09_Metas/26/15/20190926151500_00160.png,661.1,883,83.3,27.8,962
9/26/2019 15:16,datasets/dataset_cropped/09_Metas/26/15/20190926151600_00160.jpg,datasets_flow/dataset_cropped/09_Metas/26/15/20190926151600_00160.jpg,datasets_cloudmask/dataset_cropped/09_Metas/26/15/20190926151600_00160.png,658.8,882,83.5,27.9,962
9/26/2019 15:17,datasets/dataset_cropped/09_Metas/26/15/20190926151700_00160.jpg,datasets_flow/dataset_cropped/09_Metas/26/15/20190926151700_00160.jpg,datasets_cloudmask/dataset_cropped/09_Metas/26/15/20190926151700_00160.png,656.4,881,83.8,28,962
9/26/2019 15:18,datasets/dataset_cropped/09_Metas/26/15/20190926151800_00160.jpg,datasets_flow/dataset_cropped/09_Metas/26/15/20190926151800_00160.jpg,datasets_cloudmask/dataset_cropped/09_Metas/26/15/20190926151800_00160.png,653.5,879,83.6,28.1,962
9/26/2019 15:19,datasets/dataset_cropped/09_Metas/26/15/20190926151900_00160.jpg,datasets_flow/dataset_cropped/09_Metas/26/15/20190926151900_00160.jpg,datasets_cloudmask/dataset_cropped/09_Metas/26/15/20190926151900_00160.png,650.7,877,83.5,28.4,962
9/26/2019 15:20,datasets/dataset_cropped/09_Metas/26/15/20190926152000_00160.jpg,datasets_flow/dataset_cropped/09_Metas/26/15/20190926152000_00160.jpg,datasets_cloudmask/dataset_cropped/09_Metas/26/15/20190926152000_00160.png,648.2,876,83.8,28.2,962
9/26/2019 15:21,datasets/dataset_cropped/09_Metas/26/15/20190926152100_00160.jpg,datasets_flow/dataset_cropped/09_Metas/26/15/20190926152100_00160.jpg,datasets_cloudmask/dataset_cropped/09_Metas/26/15/20190926152100_00160.png,645.5,875,83.5,28.1,962
9/26/2019 15:22,datasets/dataset_cropped/09_Metas/26/15/20190926152200_00160.jpg,datasets_flow/dataset_cropped/09_Metas/26/15/20190926152200_00160.jpg,datasets_cloudmask/dataset_cropped/09_Metas/26/15/20190926152200_00160.png,643,874,83.2,28.2,962
9/26/2019 15:23,datasets/dataset_cropped/09_Metas/26/15/20190926152300_00160.jpg,datasets_flow/dataset_cropped/09_Metas/26/15/20190926152300_00160.jpg,datasets_cloudmask/dataset_cropped/09_Metas/26/15/20190926152300_00160.png,640.6,873,83.3,28.3,962
9/26/2019 15:24,datasets/dataset_cropped/09_Metas/26/15/20190926152400_00160.jpg,datasets_flow/dataset_cropped/09_Metas/26/15/20190926152400_00160.jpg,datasets_cloudmask/dataset_cropped/09_Metas/26/15/20190926152400_00160.png,637.4,871,83,28.2,962
9/26/2019 15:25,datasets/dataset_cropped/09_Metas/26/15/20190926152500_00160.jpg,datasets_flow/dataset_cropped/09_Metas/26/15/20190926152500_00160.jpg,datasets_cloudmask/dataset_cropped/09_Metas/26/15/20190926152500_00160.png,634.5,869,82.7,28.1,962
9/26/2019 15:26,datasets/dataset_cropped/09_Metas/26/15/20190926152600_00160.jpg,datasets_flow/dataset_cropped/09_Metas/26/15/20190926152600_00160.jpg,datasets_cloudmask/dataset_cropped/09_Metas/26/15/20190926152600_00160.png,632.1,868,82.3,27.9,962
9/26/2019 15:27,datasets/dataset_cropped/09_Metas/26/15/20190926152700_00160.jpg,datasets_flow/dataset_cropped/09_Metas/26/15/20190926152700_00160.jpg,datasets_cloudmask/dataset_cropped/09_Metas/26/15/20190926152700_00160.png,629.5,867,82.2,27.8,962
9/26/2019 15:28,datasets/dataset_cropped/09_Metas/26/15/20190926152800_00160.jpg,datasets_flow/dataset_cropped/09_Metas/26/15/20190926152800_00160.jpg,datasets_cloudmask/dataset_cropped/09_Metas/26/15/20190926152800_00160.png,627.2,867,82.1,27.8,962
9/26/2019 15:29,datasets/dataset_cropped/09_Metas/26/15/20190926152900_00160.jpg,datasets_flow/dataset_cropped/09_Metas/26/15/20190926152900_00160.jpg,datasets_cloudmask/dataset_cropped/09_Metas/26/15/20190926152900_00160.png,625.2,867,81.9,28.1,962
9/26/2019 15:30,datasets/dataset_cropped/09_Metas/26/15/20190926153000_00160.jpg,datasets_flow/dataset_cropped/09_Metas/26/15/20190926153000_00160.jpg,datasets_cloudmask/dataset_cropped/09_Metas/26/15/20190926153000_00160.png,623.2,866,82,28.5,962
9/26/2019 15:31,datasets/dataset_cropped/09_Metas/26/15/20190926153100_00160.jpg,datasets_flow/dataset_cropped/09_Metas/26/15/20190926153100_00160.jpg,datasets_cloudmask/dataset_cropped/09_Metas/26/15/20190926153100_00160.png,621,865,82.4,28.4,962
9/26/2019 15:32,datasets/dataset_cropped/09_Metas/26/15/20190926153200_00160.jpg,datasets_flow/dataset_cropped/09_Metas/26/15/20190926153200_00160.jpg,datasets_cloudmask/dataset_cropped/09_Metas/26/15/20190926153200_00160.png,618.3,864,82.3,28.3,962
9/26/2019 15:33,datasets/dataset_cropped/09_Metas/26/15/20190926153300_00160.jpg,datasets_flow/dataset_cropped/09_Metas/26/15/20190926153300_00160.jpg,datasets_cloudmask/dataset_cropped/09_Metas/26/15/20190926153300_00160.png,616.1,864,81.8,28.3,962
9/26/2019 15:34,datasets/dataset_cropped/09_Metas/26/15/20190926153400_00160.jpg,datasets_flow/dataset_cropped/09_Metas/26/15/20190926153400_00160.jpg,datasets_cloudmask/dataset_cropped/09_Metas/26/15/20190926153400_00160.png,613.4,863,81.6,28.2,962
9/26/2019 15:35,datasets/dataset_cropped/09_Metas/26/15/20190926153500_00160.jpg,datasets_flow/dataset_cropped/09_Metas/26/15/20190926153500_00160.jpg,datasets_cloudmask/dataset_cropped/09_Metas/26/15/20190926153500_00160.png,611.6,863,81.6,28.1,962
9/26/2019 15:36,datasets/dataset_cropped/09_Metas/26/15/20190926153600_00160.jpg,datasets_flow/dataset_cropped/09_Metas/26/15/20190926153600_00160.jpg,datasets_cloudmask/dataset_cropped/09_Metas/26/15/20190926153600_00160.png,608.6,861,81.3,28.1,962
9/26/2019 15:37,datasets/dataset_cropped/09_Metas/26/15/20190926153700_00160.jpg,datasets_flow/dataset_cropped/09_Metas/26/15/20190926153700_00160.jpg,datasets_cloudmask/dataset_cropped/09_Metas/26/15/20190926153700_00160.png,606.1,860,81.4,28,962
9/26/2019 15:38,datasets/dataset_cropped/09_Metas/26/15/20190926153800_00160.jpg,datasets_flow/dataset_cropped/09_Metas/26/15/20190926153800_00160.jpg,datasets_cloudmask/dataset_cropped/09_Metas/26/15/20190926153800_00160.png,602.8,858,81.8,28.2,962
9/26/2019 15:39,datasets/dataset_cropped/09_Metas/26/15/20190926153900_00160.jpg,datasets_flow/dataset_cropped/09_Metas/26/15/20190926153900_00160.jpg,datasets_cloudmask/dataset_cropped/09_Metas/26/15/20190926153900_00160.png,600.1,857,81.9,27.9,962
9/26/2019 15:40,datasets/dataset_cropped/09_Metas/26/15/20190926154000_00160.jpg,datasets_flow/dataset_cropped/09_Metas/26/15/20190926154000_00160.jpg,datasets_cloudmask/dataset_cropped/09_Metas/26/15/20190926154000_00160.png,597.5,855,81.9,27.9,962
9/26/2019 15:41,datasets/dataset_cropped/09_Metas/26/15/20190926154100_00160.jpg,datasets_flow/dataset_cropped/09_Metas/26/15/20190926154100_00160.jpg,datasets_cloudmask/dataset_cropped/09_Metas/26/15/20190926154100_00160.png,594.4,854,81.5,28.1,962
9/26/2019 15:42,datasets/dataset_cropped/09_Metas/26/15/20190926154200_00160.jpg,datasets_flow/dataset_cropped/09_Metas/26/15/20190926154200_00160.jpg,datasets_cloudmask/dataset_cropped/09_Metas/26/15/20190926154200_00160.png,591.5,852,81.3,28.1,962
9/26/2019 15:43,datasets/dataset_cropped/09_Metas/26/15/20190926154300_00160.jpg,datasets_flow/dataset_cropped/09_Metas/26/15/20190926154300_00160.jpg,datasets_cloudmask/dataset_cropped/09_Metas/26/15/20190926154300_00160.png,588.2,850,81.2,28,962
9/26/2019 15:44,datasets/dataset_cropped/09_Metas/26/15/20190926154400_00160.jpg,datasets_flow/dataset_cropped/09_Metas/26/15/20190926154400_00160.jpg,datasets_cloudmask/dataset_cropped/09_Metas/26/15/20190926154400_00160.png,584.6,847,81,28.1,962
9/26/2019 15:45,datasets/dataset_cropped/09_Metas/26/15/20190926154500_00160.jpg,datasets_flow/dataset_cropped/09_Metas/26/15/20190926154500_00160.jpg,datasets_cloudmask/dataset_cropped/09_Metas/26/15/20190926154500_00160.png,581.8,845,81.3,28.1,962
9/26/2019 15:46,datasets/dataset_cropped/09_Metas/26/15/20190926154600_00160.jpg,datasets_flow/dataset_cropped/09_Metas/26/15/20190926154600_00160.jpg,datasets_cloudmask/dataset_cropped/09_Metas/26/15/20190926154600_00160.png,578.5,843,80.9,28,962
9/26/2019 15:47,datasets/dataset_cropped/09_Metas/26/15/20190926154700_00160.jpg,datasets_flow/dataset_cropped/09_Metas/26/15/20190926154700_00160.jpg,datasets_cloudmask/dataset_cropped/09_Metas/26/15/20190926154700_00160.png,576.2,843,80.6,28.1,962
9/26/2019 15:48,datasets/dataset_cropped/09_Metas/26/15/20190926154800_00160.jpg,datasets_flow/dataset_cropped/09_Metas/26/15/20190926154800_00160.jpg,datasets_cloudmask/dataset_cropped/09_Metas/26/15/20190926154800_00160.png,574.4,844,80.7,28.1,962
9/26/2019 15:49,datasets/dataset_cropped/09_Metas/26/15/20190926154900_00160.jpg,datasets_flow/dataset_cropped/09_Metas/26/15/20190926154900_00160.jpg,datasets_cloudmask/dataset_cropped/09_Metas/26/15/20190926154900_00160.png,572.2,843,80.8,27.9,962
9/26/2019 15:50,datasets/dataset_cropped/09_Metas/26/15/20190926155000_00160.jpg,datasets_flow/dataset_cropped/09_Metas/26/15/20190926155000_00160.jpg,datasets_cloudmask/dataset_cropped/09_Metas/26/15/20190926155000_00160.png,569.9,844,80.3,27.9,962
9/26/2019 15:51,datasets/dataset_cropped/09_Metas/26/15/20190926155100_00160.jpg,datasets_flow/dataset_cropped/09_Metas/26/15/20190926155100_00160.jpg,datasets_cloudmask/dataset_cropped/09_Metas/26/15/20190926155100_00160.png,567.1,843,80.3,27.7,962
9/26/2019 15:52,datasets/dataset_cropped/09_Metas/26/15/20190926155200_00160.jpg,datasets_flow/dataset_cropped/09_Metas/26/15/20190926155200_00160.jpg,datasets_cloudmask/dataset_cropped/09_Metas/26/15/20190926155200_00160.png,564.2,841,80,27.9,962
9/26/2019 15:53,datasets/dataset_cropped/09_Metas/26/15/20190926155300_00160.jpg,datasets_flow/dataset_cropped/09_Metas/26/15/20190926155300_00160.jpg,datasets_cloudmask/dataset_cropped/09_Metas/26/15/20190926155300_00160.png,561.6,841,79.8,28.1,962
9/26/2019 15:54,datasets/dataset_cropped/09_Metas/26/15/20190926155400_00160.jpg,datasets_flow/dataset_cropped/09_Metas/26/15/20190926155400_00160.jpg,datasets_cloudmask/dataset_cropped/09_Metas/26/15/20190926155400_00160.png,559.1,840,80.2,28.2,962
9/26/2019 15:55,datasets/dataset_cropped/09_Metas/26/15/20190926155500_00160.jpg,datasets_flow/dataset_cropped/09_Metas/26/15/20190926155500_00160.jpg,datasets_cloudmask/dataset_cropped/09_Metas/26/15/20190926155500_00160.png,556.1,839,79.8,28.4,962
9/26/2019 15:56,datasets/dataset_cropped/09_Metas/26/15/20190926155600_00160.jpg,datasets_flow/dataset_cropped/09_Metas/26/15/20190926155600_00160.jpg,datasets_cloudmask/dataset_cropped/09_Metas/26/15/20190926155600_00160.png,553.3,837,79.7,28.5,962
9/26/2019 15:57,datasets/dataset_cropped/09_Metas/26/15/20190926155700_00160.jpg,datasets_flow/dataset_cropped/09_Metas/26/15/20190926155700_00160.jpg,datasets_cloudmask/dataset_cropped/09_Metas/26/15/20190926155700_00160.png,550.3,835,79.7,28.2,962
9/26/2019 15:58,datasets/dataset_cropped/09_Metas/26/15/20190926155800_00160.jpg,datasets_flow/dataset_cropped/09_Metas/26/15/20190926155800_00160.jpg,datasets_cloudmask/dataset_cropped/09_Metas/26/15/20190926155800_00160.png,546.9,832,79.8,28,962
9/26/2019 15:59,datasets/dataset_cropped/09_Metas/26/15/20190926155900_00160.jpg,datasets_flow/dataset_cropped/09_Metas/26/15/20190926155900_00160.jpg,datasets_cloudmask/dataset_cropped/09_Metas/26/15/20190926155900_00160.png,543.5,829,79.6,28,962
9/26/2019 16:00,datasets/dataset_cropped/09_Metas/26/16/20190926160000_00160.jpg,datasets_flow/dataset_cropped/09_Metas/26/16/20190926160000_00160.jpg,datasets_cloudmask/dataset_cropped/09_Metas/26/16/20190926160000_00160.png,540.6,827,79.8,28.1,962
9/26/2019 16:01,datasets/dataset_cropped/09_Metas/26/16/20190926160100_00160.jpg,datasets_flow/dataset_cropped/09_Metas/26/16/20190926160100_00160.jpg,datasets_cloudmask/dataset_cropped/09_Metas/26/16/20190926160100_00160.png,537.6,825,79.9,28.1,962
9/26/2019 16:02,datasets/dataset_cropped/09_Metas/26/16/20190926160200_00160.jpg,datasets_flow/dataset_cropped/09_Metas/26/16/20190926160200_00160.jpg,datasets_cloudmask/dataset_cropped/09_Metas/26/16/20190926160200_00160.png,534.5,824,79.7,28,962
9/26/2019 16:03,datasets/dataset_cropped/09_Metas/26/16/20190926160300_00160.jpg,datasets_flow/dataset_cropped/09_Metas/26/16/20190926160300_00160.jpg,datasets_cloudmask/dataset_cropped/09_Metas/26/16/20190926160300_00160.png,531.6,822,79.3,27.9,962
9/26/2019 16:04,datasets/dataset_cropped/09_Metas/26/16/20190926160400_00160.jpg,datasets_flow/dataset_cropped/09_Metas/26/16/20190926160400_00160.jpg,datasets_cloudmask/dataset_cropped/09_Metas/26/16/20190926160400_00160.png,528.4,821,79.1,27.7,962
9/26/2019 16:05,datasets/dataset_cropped/09_Metas/26/16/20190926160500_00160.jpg,datasets_flow/dataset_cropped/09_Metas/26/16/20190926160500_00160.jpg,datasets_cloudmask/dataset_cropped/09_Metas/26/16/20190926160500_00160.png,524.9,818,79.2,27.7,962
9/26/2019 16:06,datasets/dataset_cropped/09_Metas/26/16/20190926160600_00160.jpg,datasets_flow/dataset_cropped/09_Metas/26/16/20190926160600_00160.jpg,datasets_cloudmask/dataset_cropped/09_Metas/26/16/20190926160600_00160.png,521.7,816,79.5,27.9,962
9/26/2019 16:07,datasets/dataset_cropped/09_Metas/26/16/20190926160700_00160.jpg,datasets_flow/dataset_cropped/09_Metas/26/16/20190926160700_00160.jpg,datasets_cloudmask/dataset_cropped/09_Metas/26/16/20190926160700_00160.png,518,814,79.2,27.8,962
9/26/2019 16:08,datasets/dataset_cropped/09_Metas/26/16/20190926160800_00160.jpg,datasets_flow/dataset_cropped/09_Metas/26/16/20190926160800_00160.jpg,datasets_cloudmask/dataset_cropped/09_Metas/26/16/20190926160800_00160.png,514.4,811,79,28,962
9/26/2019 16:09,datasets/dataset_cropped/09_Metas/26/16/20190926160900_00160.jpg,datasets_flow/dataset_cropped/09_Metas/26/16/20190926160900_00160.jpg,datasets_cloudmask/dataset_cropped/09_Metas/26/16/20190926160900_00160.png,511.3,810,79.2,28,962
9/26/2019 16:10,datasets/dataset_cropped/09_Metas/26/16/20190926161000_00160.jpg,datasets_flow/dataset_cropped/09_Metas/26/16/20190926161000_00160.jpg,datasets_cloudmask/dataset_cropped/09_Metas/26/16/20190926161000_00160.png,508,807,79.1,28,962
9/26/2019 16:11,datasets/dataset_cropped/09_Metas/26/16/20190926161100_00160.jpg,datasets_flow/dataset_cropped/09_Metas/26/16/20190926161100_00160.jpg,datasets_cloudmask/dataset_cropped/09_Metas/26/16/20190926161100_00160.png,505.5,807,79,27.9,962
9/26/2019 16:12,datasets/dataset_cropped/09_Metas/26/16/20190926161200_00160.jpg,datasets_flow/dataset_cropped/09_Metas/26/16/20190926161200_00160.jpg,datasets_cloudmask/dataset_cropped/09_Metas/26/16/20190926161200_00160.png,502.7,806,78.7,27.9,962
9/26/2019 16:13,datasets/dataset_cropped/09_Metas/26/16/20190926161300_00160.jpg,datasets_flow/dataset_cropped/09_Metas/26/16/20190926161300_00160.jpg,datasets_cloudmask/dataset_cropped/09_Metas/26/16/20190926161300_00160.png,500.2,805,78.4,28.1,962
9/26/2019 16:14,datasets/dataset_cropped/09_Metas/26/16/20190926161400_00160.jpg,datasets_flow/dataset_cropped/09_Metas/26/16/20190926161400_00160.jpg,datasets_cloudmask/dataset_cropped/09_Metas/26/16/20190926161400_00160.png,497.6,804,78.6,28.2,962
9/26/2019 16:15,datasets/dataset_cropped/09_Metas/26/16/20190926161500_00160.jpg,datasets_flow/dataset_cropped/09_Metas/26/16/20190926161500_00160.jpg,datasets_cloudmask/dataset_cropped/09_Metas/26/16/20190926161500_00160.png,494.7,803,78.7,28.4,962
9/26/2019 16:16,datasets/dataset_cropped/09_Metas/26/16/20190926161600_00160.jpg,datasets_flow/dataset_cropped/09_Metas/26/16/20190926161600_00160.jpg,datasets_cloudmask/dataset_cropped/09_Metas/26/16/20190926161600_00160.png,492.4,803,79,28.2,962
9/26/2019 16:17,datasets/dataset_cropped/09_Metas/26/16/20190926161700_00160.jpg,datasets_flow/dataset_cropped/09_Metas/26/16/20190926161700_00160.jpg,datasets_cloudmask/dataset_cropped/09_Metas/26/16/20190926161700_00160.png,489.5,803,78.3,28,962
9/26/2019 16:18,datasets/dataset_cropped/09_Metas/26/16/20190926161800_00160.jpg,datasets_flow/dataset_cropped/09_Metas/26/16/20190926161800_00160.jpg,datasets_cloudmask/dataset_cropped/09_Metas/26/16/20190926161800_00160.png,486.5,801,77.7,28.1,962
9/26/2019 16:19,datasets/dataset_cropped/09_Metas/26/16/20190926161900_00160.jpg,datasets_flow/dataset_cropped/09_Metas/26/16/20190926161900_00160.jpg,datasets_cloudmask/dataset_cropped/09_Metas/26/16/20190926161900_00160.png,483.4,799.1,77.8,28.1,962
9/26/2019 16:20,datasets/dataset_cropped/09_Metas/26/16/20190926162000_00160.jpg,datasets_flow/dataset_cropped/09_Metas/26/16/20190926162000_00160.jpg,datasets_cloudmask/dataset_cropped/09_Metas/26/16/20190926162000_00160.png,480.3,797.9,77.5,27.9,962
9/26/2019 16:21,datasets/dataset_cropped/09_Metas/26/16/20190926162100_00160.jpg,datasets_flow/dataset_cropped/09_Metas/26/16/20190926162100_00160.jpg,datasets_cloudmask/dataset_cropped/09_Metas/26/16/20190926162100_00160.png,477.5,796.8,77.4,27.9,962
9/26/2019 16:22,datasets/dataset_cropped/09_Metas/26/16/20190926162200_00160.jpg,datasets_flow/dataset_cropped/09_Metas/26/16/20190926162200_00160.jpg,datasets_cloudmask/dataset_cropped/09_Metas/26/16/20190926162200_00160.png,475.1,796.2,77.3,27.9,962
9/26/2019 16:23,datasets/dataset_cropped/09_Metas/26/16/20190926162300_00160.jpg,datasets_flow/dataset_cropped/09_Metas/26/16/20190926162300_00160.jpg,datasets_cloudmask/dataset_cropped/09_Metas/26/16/20190926162300_00160.png,472,794.4,77.2,27.9,962
9/26/2019 16:24,datasets/dataset_cropped/09_Metas/26/16/20190926162400_00160.jpg,datasets_flow/dataset_cropped/09_Metas/26/16/20190926162400_00160.jpg,datasets_cloudmask/dataset_cropped/09_Metas/26/16/20190926162400_00160.png,468.5,791.6,77.4,27.8,962
9/26/2019 16:25,datasets/dataset_cropped/09_Metas/26/16/20190926162500_00160.jpg,datasets_flow/dataset_cropped/09_Metas/26/16/20190926162500_00160.jpg,datasets_cloudmask/dataset_cropped/09_Metas/26/16/20190926162500_00160.png,465.2,789.4,77,27.9,962
9/26/2019 16:26,datasets/dataset_cropped/09_Metas/26/16/20190926162600_00160.jpg,datasets_flow/dataset_cropped/09_Metas/26/16/20190926162600_00160.jpg,datasets_cloudmask/dataset_cropped/09_Metas/26/16/20190926162600_00160.png,462,787.5,76.6,27.7,962
9/26/2019 16:27,datasets/dataset_cropped/09_Metas/26/16/20190926162700_00160.jpg,datasets_flow/dataset_cropped/09_Metas/26/16/20190926162700_00160.jpg,datasets_cloudmask/dataset_cropped/09_Metas/26/16/20190926162700_00160.png,459.1,785.8,76.5,27.7,962
9/26/2019 16:28,datasets/dataset_cropped/09_Metas/26/16/20190926162800_00160.jpg,datasets_flow/dataset_cropped/09_Metas/26/16/20190926162800_00160.jpg,datasets_cloudmask/dataset_cropped/09_Metas/26/16/20190926162800_00160.png,456,783.8,76.8,27.6,962
9/26/2019 16:29,datasets/dataset_cropped/09_Metas/26/16/20190926162900_00160.jpg,datasets_flow/dataset_cropped/09_Metas/26/16/20190926162900_00160.jpg,datasets_cloudmask/dataset_cropped/09_Metas/26/16/20190926162900_00160.png,452.1,780.7,76.7,27.7,962
9/26/2019 16:30,datasets/dataset_cropped/09_Metas/26/16/20190926163000_00160.jpg,datasets_flow/dataset_cropped/09_Metas/26/16/20190926163000_00160.jpg,datasets_cloudmask/dataset_cropped/09_Metas/26/16/20190926163000_00160.png,448.2,777.2,76.4,27.8,962
9/26/2019 16:31,datasets/dataset_cropped/09_Metas/26/16/20190926163100_00160.jpg,datasets_flow/dataset_cropped/09_Metas/26/16/20190926163100_00160.jpg,datasets_cloudmask/dataset_cropped/09_Metas/26/16/20190926163100_00160.png,444.2,773.4,76.6,27.9,961
9/26/2019 16:32,datasets/dataset_cropped/09_Metas/26/16/20190926163200_00160.jpg,datasets_flow/dataset_cropped/09_Metas/26/16/20190926163200_00160.jpg,datasets_cloudmask/dataset_cropped/09_Metas/26/16/20190926163200_00160.png,440.1,770.1,76.2,27.8,962
9/26/2019 16:33,datasets/dataset_cropped/09_Metas/26/16/20190926163300_00160.jpg,datasets_flow/dataset_cropped/09_Metas/26/16/20190926163300_00160.jpg,datasets_cloudmask/dataset_cropped/09_Metas/26/16/20190926163300_00160.png,435.9,766.6,75.7,27.7,962
9/26/2019 16:34,datasets/dataset_cropped/09_Metas/26/16/20190926163400_00160.jpg,datasets_flow/dataset_cropped/09_Metas/26/16/20190926163400_00160.jpg,datasets_cloudmask/dataset_cropped/09_Metas/26/16/20190926163400_00160.png,432.1,762.6,75.9,27.6,962
9/26/2019 16:35,datasets/dataset_cropped/09_Metas/26/16/20190926163500_00160.jpg,datasets_flow/dataset_cropped/09_Metas/26/16/20190926163500_00160.jpg,datasets_cloudmask/dataset_cropped/09_Metas/26/16/20190926163500_00160.png,428.8,760.5,75.6,27.5,962
9/26/2019 16:36,datasets/dataset_cropped/09_Metas/26/16/20190926163600_00160.jpg,datasets_flow/dataset_cropped/09_Metas/26/16/20190926163600_00160.jpg,datasets_cloudmask/dataset_cropped/09_Metas/26/16/20190926163600_00160.png,425.8,759.4,75.3,27.7,962
9/26/2019 16:37,datasets/dataset_cropped/09_Metas/26/16/20190926163700_00160.jpg,datasets_flow/dataset_cropped/09_Metas/26/16/20190926163700_00160.jpg,datasets_cloudmask/dataset_cropped/09_Metas/26/16/20190926163700_00160.png,423.2,759,75.2,27.8,961
9/26/2019 16:38,datasets/dataset_cropped/09_Metas/26/16/20190926163800_00160.jpg,datasets_flow/dataset_cropped/09_Metas/26/16/20190926163800_00160.jpg,datasets_cloudmask/dataset_cropped/09_Metas/26/16/20190926163800_00160.png,420.8,759.3,75,27.8,962
9/26/2019 16:39,datasets/dataset_cropped/09_Metas/26/16/20190926163900_00160.jpg,datasets_flow/dataset_cropped/09_Metas/26/16/20190926163900_00160.jpg,datasets_cloudmask/dataset_cropped/09_Metas/26/16/20190926163900_00160.png,417.7,757.7,75,27.9,962
9/26/2019 16:40,datasets/dataset_cropped/09_Metas/26/16/20190926164000_00160.jpg,datasets_flow/dataset_cropped/09_Metas/26/16/20190926164000_00160.jpg,datasets_cloudmask/dataset_cropped/09_Metas/26/16/20190926164000_00160.png,413.2,753,74.5,28,962
9/26/2019 16:41,datasets/dataset_cropped/09_Metas/26/16/20190926164100_00160.jpg,datasets_flow/dataset_cropped/09_Metas/26/16/20190926164100_00160.jpg,datasets_cloudmask/dataset_cropped/09_Metas/26/16/20190926164100_00160.png,409.6,749.4,74.4,28.2,962
9/26/2019 16:42,datasets/dataset_cropped/09_Metas/26/16/20190926164200_00160.jpg,datasets_flow/dataset_cropped/09_Metas/26/16/20190926164200_00160.jpg,datasets_cloudmask/dataset_cropped/09_Metas/26/16/20190926164200_00160.png,406.7,747.6,74.4,28.2,962
9/26/2019 16:43,datasets/dataset_cropped/09_Metas/26/16/20190926164300_00160.jpg,datasets_flow/dataset_cropped/09_Metas/26/16/20190926164300_00160.jpg,datasets_cloudmask/dataset_cropped/09_Metas/26/16/20190926164300_00160.png,403.6,746.2,74.2,28.1,962
9/26/2019 16:44,datasets/dataset_cropped/09_Metas/26/16/20190926164400_00160.jpg,datasets_flow/dataset_cropped/09_Metas/26/16/20190926164400_00160.jpg,datasets_cloudmask/dataset_cropped/09_Metas/26/16/20190926164400_00160.png,401.1,745.4,74.2,27.9,962
9/26/2019 16:45,datasets/dataset_cropped/09_Metas/26/16/20190926164500_00160.jpg,datasets_flow/dataset_cropped/09_Metas/26/16/20190926164500_00160.jpg,datasets_cloudmask/dataset_cropped/09_Metas/26/16/20190926164500_00160.png,397.9,743.4,74,27.8,962
9/26/2019 16:46,datasets/dataset_cropped/09_Metas/26/16/20190926164600_00160.jpg,datasets_flow/dataset_cropped/09_Metas/26/16/20190926164600_00160.jpg,datasets_cloudmask/dataset_cropped/09_Metas/26/16/20190926164600_00160.png,394.5,741.2,73.5,27.8,962
9/26/2019 16:47,datasets/dataset_cropped/09_Metas/26/16/20190926164700_00160.jpg,datasets_flow/dataset_cropped/09_Metas/26/16/20190926164700_00160.jpg,datasets_cloudmask/dataset_cropped/09_Metas/26/16/20190926164700_00160.png,391.2,738.8,73.3,27.8,962
9/26/2019 16:48,datasets/dataset_cropped/09_Metas/26/16/20190926164800_00160.jpg,datasets_flow/dataset_cropped/09_Metas/26/16/20190926164800_00160.jpg,datasets_cloudmask/dataset_cropped/09_Metas/26/16/20190926164800_00160.png,388.1,737.2,73.3,27.7,962
9/26/2019 16:49,datasets/dataset_cropped/09_Metas/26/16/20190926164900_00160.jpg,datasets_flow/dataset_cropped/09_Metas/26/16/20190926164900_00160.jpg,datasets_cloudmask/dataset_cropped/09_Metas/26/16/20190926164900_00160.png,385.2,736.1,73,27.7,962
9/26/2019 16:50,datasets/dataset_cropped/09_Metas/26/16/20190926165000_00160.jpg,datasets_flow/dataset_cropped/09_Metas/26/16/20190926165000_00160.jpg,datasets_cloudmask/dataset_cropped/09_Metas/26/16/20190926165000_00160.png,381.7,733.8,72.9,27.6,962
9/26/2019 16:51,datasets/dataset_cropped/09_Metas/26/16/20190926165100_00160.jpg,datasets_flow/dataset_cropped/09_Metas/26/16/20190926165100_00160.jpg,datasets_cloudmask/dataset_cropped/09_Metas/26/16/20190926165100_00160.png,378.6,732.5,72.4,27.6,962
9/26/2019 16:52,datasets/dataset_cropped/09_Metas/26/16/20190926165200_00160.jpg,datasets_flow/dataset_cropped/09_Metas/26/16/20190926165200_00160.jpg,datasets_cloudmask/dataset_cropped/09_Metas/26/16/20190926165200_00160.png,374.6,728.9,71.9,27.7,962
9/26/2019 16:53,datasets/dataset_cropped/09_Metas/26/16/20190926165300_00160.jpg,datasets_flow/dataset_cropped/09_Metas/26/16/20190926165300_00160.jpg,datasets_cloudmask/dataset_cropped/09_Metas/26/16/20190926165300_00160.png,370.3,724.4,71.8,27.8,962
9/26/2019 16:54,datasets/dataset_cropped/09_Metas/26/16/20190926165400_00160.jpg,datasets_flow/dataset_cropped/09_Metas/26/16/20190926165400_00160.jpg,datasets_cloudmask/dataset_cropped/09_Metas/26/16/20190926165400_00160.png,365.1,717.6,71.5,27.8,962
9/26/2019 16:55,datasets/dataset_cropped/09_Metas/26/16/20190926165500_00160.jpg,datasets_flow/dataset_cropped/09_Metas/26/16/20190926165500_00160.jpg,datasets_cloudmask/dataset_cropped/09_Metas/26/16/20190926165500_00160.png,361.4,714.1,71.1,27.8,961
9/26/2019 16:56,datasets/dataset_cropped/09_Metas/26/16/20190926165600_00160.jpg,datasets_flow/dataset_cropped/09_Metas/26/16/20190926165600_00160.jpg,datasets_cloudmask/dataset_cropped/09_Metas/26/16/20190926165600_00160.png,356.9,708.3,70.9,27.7,962
9/26/2019 16:57,datasets/dataset_cropped/09_Metas/26/16/20190926165700_00160.jpg,datasets_flow/dataset_cropped/09_Metas/26/16/20190926165700_00160.jpg,datasets_cloudmask/dataset_cropped/09_Metas/26/16/20190926165700_00160.png,351.7,701.2,70.8,27.6,962
9/26/2019 16:58,datasets/dataset_cropped/09_Metas/26/16/20190926165800_00160.jpg,datasets_flow/dataset_cropped/09_Metas/26/16/20190926165800_00160.jpg,datasets_cloudmask/dataset_cropped/09_Metas/26/16/20190926165800_00160.png,348.3,698.4,70.5,27.4,961
9/26/2019 16:59,datasets/dataset_cropped/09_Metas/26/16/20190926165900_00160.jpg,datasets_flow/dataset_cropped/09_Metas/26/16/20190926165900_00160.jpg,datasets_cloudmask/dataset_cropped/09_Metas/26/16/20190926165900_00160.png,345.7,697.7,70.1,27.6,962
9/26/2019 17:00,datasets/dataset_cropped/09_Metas/26/17/20190926170000_00160.jpg,datasets_flow/dataset_cropped/09_Metas/26/17/20190926170000_00160.jpg,datasets_cloudmask/dataset_cropped/09_Metas/26/17/20190926170000_00160.png,344.6,700.8,70,27.7,962
9/26/2019 17:01,datasets/dataset_cropped/09_Metas/26/17/20190926170100_00160.jpg,datasets_flow/dataset_cropped/09_Metas/26/17/20190926170100_00160.jpg,datasets_cloudmask/dataset_cropped/09_Metas/26/17/20190926170100_00160.png,342.4,700.5,69.8,27.5,961
9/26/2019 17:02,datasets/dataset_cropped/09_Metas/26/17/20190926170200_00160.jpg,datasets_flow/dataset_cropped/09_Metas/26/17/20190926170200_00160.jpg,datasets_cloudmask/dataset_cropped/09_Metas/26/17/20190926170200_00160.png,340.4,701.8,69.7,27.6,961
9/26/2019 17:03,datasets/dataset_cropped/09_Metas/26/17/20190926170300_00160.jpg,datasets_flow/dataset_cropped/09_Metas/26/17/20190926170300_00160.jpg,datasets_cloudmask/dataset_cropped/09_Metas/26/17/20190926170300_00160.png,338.1,701.4,69.7,27.6,962
9/26/2019 17:04,datasets/dataset_cropped/09_Metas/26/17/20190926170400_00160.jpg,datasets_flow/dataset_cropped/09_Metas/26/17/20190926170400_00160.jpg,datasets_cloudmask/dataset_cropped/09_Metas/26/17/20190926170400_00160.png,335.3,700.9,69.3,27.7,961
9/26/2019 17:05,datasets/dataset_cropped/09_Metas/26/17/20190926170500_00160.jpg,datasets_flow/dataset_cropped/09_Metas/26/17/20190926170500_00160.jpg,datasets_cloudmask/dataset_cropped/09_Metas/26/17/20190926170500_00160.png,332,699,69,27.7,962
9/26/2019 17:06,datasets/dataset_cropped/09_Metas/26/17/20190926170600_00160.jpg,datasets_flow/dataset_cropped/09_Metas/26/17/20190926170600_00160.jpg,datasets_cloudmask/dataset_cropped/09_Metas/26/17/20190926170600_00160.png,328.1,695,68.7,27.7,962
9/26/2019 17:07,datasets/dataset_cropped/09_Metas/26/17/20190926170700_00160.jpg,datasets_flow/dataset_cropped/09_Metas/26/17/20190926170700_00160.jpg,datasets_cloudmask/dataset_cropped/09_Metas/26/17/20190926170700_00160.png,323.8,689.7,68.4,27.5,962
9/26/2019 17:08,datasets/dataset_cropped/09_Metas/26/17/20190926170800_00160.jpg,datasets_flow/dataset_cropped/09_Metas/26/17/20190926170800_00160.jpg,datasets_cloudmask/dataset_cropped/09_Metas/26/17/20190926170800_00160.png,320.1,685.8,68.3,27.4,962
9/26/2019 17:09,datasets/dataset_cropped/09_Metas/26/17/20190926170900_00160.jpg,datasets_flow/dataset_cropped/09_Metas/26/17/20190926170900_00160.jpg,datasets_cloudmask/dataset_cropped/09_Metas/26/17/20190926170900_00160.png,316.5,682.9,67.8,27.3,962
9/26/2019 17:10,datasets/dataset_cropped/09_Metas/26/17/20190926171000_00160.jpg,datasets_flow/dataset_cropped/09_Metas/26/17/20190926171000_00160.jpg,datasets_cloudmask/dataset_cropped/09_Metas/26/17/20190926171000_00160.png,312.3,677.6,67.4,27.4,962
9/26/2019 17:11,datasets/dataset_cropped/09_Metas/26/17/20190926171100_00160.jpg,datasets_flow/dataset_cropped/09_Metas/26/17/20190926171100_00160.jpg,datasets_cloudmask/dataset_cropped/09_Metas/26/17/20190926171100_00160.png,308.5,673.3,67.1,27.4,962
9/26/2019 17:12,datasets/dataset_cropped/09_Metas/26/17/20190926171200_00160.jpg,datasets_flow/dataset_cropped/09_Metas/26/17/20190926171200_00160.jpg,datasets_cloudmask/dataset_cropped/09_Metas/26/17/20190926171200_00160.png,304.8,669.5,67,27.4,962
9/26/2019 17:13,datasets/dataset_cropped/09_Metas/26/17/20190926171300_00160.jpg,datasets_flow/dataset_cropped/09_Metas/26/17/20190926171300_00160.jpg,datasets_cloudmask/dataset_cropped/09_Metas/26/17/20190926171300_00160.png,301.4,666.4,66.7,27.4,962
9/26/2019 17:14,datasets/dataset_cropped/09_Metas/26/17/20190926171400_00160.jpg,datasets_flow/dataset_cropped/09_Metas/26/17/20190926171400_00160.jpg,datasets_cloudmask/dataset_cropped/09_Metas/26/17/20190926171400_00160.png,297.7,662.7,66.6,27.5,962
9/26/2019 17:15,datasets/dataset_cropped/09_Metas/26/17/20190926171500_00160.jpg,datasets_flow/dataset_cropped/09_Metas/26/17/20190926171500_00160.jpg,datasets_cloudmask/dataset_cropped/09_Metas/26/17/20190926171500_00160.png,295,662,66.3,27.6,962
9/26/2019 17:16,datasets/dataset_cropped/09_Metas/26/17/20190926171600_00160.jpg,datasets_flow/dataset_cropped/09_Metas/26/17/20190926171600_00160.jpg,datasets_cloudmask/dataset_cropped/09_Metas/26/17/20190926171600_00160.png,292.7,662.1,66,27.5,962
9/26/2019 17:17,datasets/dataset_cropped/09_Metas/26/17/20190926171700_00160.jpg,datasets_flow/dataset_cropped/09_Metas/26/17/20190926171700_00160.jpg,datasets_cloudmask/dataset_cropped/09_Metas/26/17/20190926171700_00160.png,290,661.3,65.5,27.4,962
9/26/2019 17:18,datasets/dataset_cropped/09_Metas/26/17/20190926171800_00160.jpg,datasets_flow/dataset_cropped/09_Metas/26/17/20190926171800_00160.jpg,datasets_cloudmask/dataset_cropped/09_Metas/26/17/20190926171800_00160.png,286.9,659,65.2,27.5,962
9/26/2019 17:19,datasets/dataset_cropped/09_Metas/26/17/20190926171900_00160.jpg,datasets_flow/dataset_cropped/09_Metas/26/17/20190926171900_00160.jpg,datasets_cloudmask/dataset_cropped/09_Metas/26/17/20190926171900_00160.png,283.6,656.3,65.1,27.4,962
9/26/2019 17:20,datasets/dataset_cropped/09_Metas/26/17/20190926172000_00160.jpg,datasets_flow/dataset_cropped/09_Metas/26/17/20190926172000_00160.jpg,datasets_cloudmask/dataset_cropped/09_Metas/26/17/20190926172000_00160.png,280.2,653,64.8,27.3,962
9/26/2019 17:21,datasets/dataset_cropped/09_Metas/26/17/20190926172100_00160.jpg,datasets_flow/dataset_cropped/09_Metas/26/17/20190926172100_00160.jpg,datasets_cloudmask/dataset_cropped/09_Metas/26/17/20190926172100_00160.png,276.3,648.2,64.5,27.4,962
9/26/2019 17:22,datasets/dataset_cropped/09_Metas/26/17/20190926172200_00160.jpg,datasets_flow/dataset_cropped/09_Metas/26/17/20190926172200_00160.jpg,datasets_cloudmask/dataset_cropped/09_Metas/26/17/20190926172200_00160.png,272.5,643.7,64.1,27.3,962
9/26/2019 17:23,datasets/dataset_cropped/09_Metas/26/17/20190926172300_00160.jpg,datasets_flow/dataset_cropped/09_Metas/26/17/20190926172300_00160.jpg,datasets_cloudmask/dataset_cropped/09_Metas/26/17/20190926172300_00160.png,268.7,638.5,63.8,27.2,962
9/26/2019 17:24,datasets/dataset_cropped/09_Metas/26/17/20190926172400_00160.jpg,datasets_flow/dataset_cropped/09_Metas/26/17/20190926172400_00160.jpg,datasets_cloudmask/dataset_cropped/09_Metas/26/17/20190926172400_00160.png,264.6,632.7,63.7,27.1,962
9/26/2019 17:25,datasets/dataset_cropped/09_Metas/26/17/20190926172500_00160.jpg,datasets_flow/dataset_cropped/09_Metas/26/17/20190926172500_00160.jpg,datasets_cloudmask/dataset_cropped/09_Metas/26/17/20190926172500_00160.png,260,625.4,63.3,27,962
9/26/2019 17:26,datasets/dataset_cropped/09_Metas/26/17/20190926172600_00160.jpg,datasets_flow/dataset_cropped/09_Metas/26/17/20190926172600_00160.jpg,datasets_cloudmask/dataset_cropped/09_Metas/26/17/20190926172600_00160.png,255.9,619.3,62.9,27.1,962
9/26/2019 17:27,datasets/dataset_cropped/09_Metas/26/17/20190926172700_00160.jpg,datasets_flow/dataset_cropped/09_Metas/26/17/20190926172700_00160.jpg,datasets_cloudmask/dataset_cropped/09_Metas/26/17/20190926172700_00160.png,252.7,616,62.9,27.1,962
9/26/2019 17:28,datasets/dataset_cropped/09_Metas/26/17/20190926172800_00160.jpg,datasets_flow/dataset_cropped/09_Metas/26/17/20190926172800_00160.jpg,datasets_cloudmask/dataset_cropped/09_Metas/26/17/20190926172800_00160.png,249,611.6,62.6,27,962
9/26/2019 17:29,datasets/dataset_cropped/09_Metas/26/17/20190926172900_00160.jpg,datasets_flow/dataset_cropped/09_Metas/26/17/20190926172900_00160.jpg,datasets_cloudmask/dataset_cropped/09_Metas/26/17/20190926172900_00160.png,244.8,605.3,62.2,27,962
9/26/2019 17:30,datasets/dataset_cropped/09_Metas/26/17/20190926173000_00160.jpg,datasets_flow/dataset_cropped/09_Metas/26/17/20190926173000_00160.jpg,datasets_cloudmask/dataset_cropped/09_Metas/26/17/20190926173000_00160.png,240.9,599.9,61.8,27,962
9/26/2019 17:31,datasets/dataset_cropped/09_Metas/26/17/20190926173100_00160.jpg,datasets_flow/dataset_cropped/09_Metas/26/17/20190926173100_00160.jpg,datasets_cloudmask/dataset_cropped/09_Metas/26/17/20190926173100_00160.png,238.3,598.7,61.4,26.9,962
9/26/2019 17:32,datasets/dataset_cropped/09_Metas/26/17/20190926173200_00160.jpg,datasets_flow/dataset_cropped/09_Metas/26/17/20190926173200_00160.jpg,datasets_cloudmask/dataset_cropped/09_Metas/26/17/20190926173200_00160.png,235.6,597.2,61.1,26.9,962
9/26/2019 17:33,datasets/dataset_cropped/09_Metas/26/17/20190926173300_00160.jpg,datasets_flow/dataset_cropped/09_Metas/26/17/20190926173300_00160.jpg,datasets_cloudmask/dataset_cropped/09_Metas/26/17/20190926173300_00160.png,232.1,593.3,60.6,27,962
9/26/2019 17:34,datasets/dataset_cropped/09_Metas/26/17/20190926173400_00160.jpg,datasets_flow/dataset_cropped/09_Metas/26/17/20190926173400_00160.jpg,datasets_cloudmask/dataset_cropped/09_Metas/26/17/20190926173400_00160.png,228.9,589.8,60.4,26.9,962
9/26/2019 17:35,datasets/dataset_cropped/09_Metas/26/17/20190926173500_00160.jpg,datasets_flow/dataset_cropped/09_Metas/26/17/20190926173500_00160.jpg,datasets_cloudmask/dataset_cropped/09_Metas/26/17/20190926173500_00160.png,225.4,585.8,59.9,26.8,962
9/26/2019 17:36,datasets/dataset_cropped/09_Metas/26/17/20190926173600_00160.jpg,datasets_flow/dataset_cropped/09_Metas/26/17/20190926173600_00160.jpg,datasets_cloudmask/dataset_cropped/09_Metas/26/17/20190926173600_00160.png,221.5,580,59.4,26.8,962
9/26/2019 17:37,datasets/dataset_cropped/09_Metas/26/17/20190926173700_00160.jpg,datasets_flow/dataset_cropped/09_Metas/26/17/20190926173700_00160.jpg,datasets_cloudmask/dataset_cropped/09_Metas/26/17/20190926173700_00160.png,218.2,575.9,59.1,26.7,962
9/26/2019 17:38,datasets/dataset_cropped/09_Metas/26/17/20190926173800_00160.jpg,datasets_flow/dataset_cropped/09_Metas/26/17/20190926173800_00160.jpg,datasets_cloudmask/dataset_cropped/09_Metas/26/17/20190926173800_00160.png,215.3,573.5,58.9,26.5,962
9/26/2019 17:39,datasets/dataset_cropped/09_Metas/26/17/20190926173900_00160.jpg,datasets_flow/dataset_cropped/09_Metas/26/17/20190926173900_00160.jpg,datasets_cloudmask/dataset_cropped/09_Metas/26/17/20190926173900_00160.png,211.9,569.4,58.5,26.4,962
9/26/2019 17:40,datasets/dataset_cropped/09_Metas/26/17/20190926174000_00160.jpg,datasets_flow/dataset_cropped/09_Metas/26/17/20190926174000_00160.jpg,datasets_cloudmask/dataset_cropped/09_Metas/26/17/20190926174000_00160.png,207.3,561.2,58,26.4,962
9/26/2019 17:41,datasets/dataset_cropped/09_Metas/26/17/20190926174100_00160.jpg,datasets_flow/dataset_cropped/09_Metas/26/17/20190926174100_00160.jpg,datasets_cloudmask/dataset_cropped/09_Metas/26/17/20190926174100_00160.png,203.5,554.9,57.5,26.5,962
9/26/2019 17:42,datasets/dataset_cropped/09_Metas/26/17/20190926174200_00160.jpg,datasets_flow/dataset_cropped/09_Metas/26/17/20190926174200_00160.jpg,datasets_cloudmask/dataset_cropped/09_Metas/26/17/20190926174200_00160.png,199,546.8,57,26.5,962
9/26/2019 17:43,datasets/dataset_cropped/09_Metas/26/17/20190926174300_00160.jpg,datasets_flow/dataset_cropped/09_Metas/26/17/20190926174300_00160.jpg,datasets_cloudmask/dataset_cropped/09_Metas/26/17/20190926174300_00160.png,195.4,541.5,56.3,26.5,962
9/26/2019 17:44,datasets/dataset_cropped/09_Metas/26/17/20190926174400_00160.jpg,datasets_flow/dataset_cropped/09_Metas/26/17/20190926174400_00160.jpg,datasets_cloudmask/dataset_cropped/09_Metas/26/17/20190926174400_00160.png,191.5,534.7,55.8,26.6,962
9/26/2019 17:45,datasets/dataset_cropped/09_Metas/26/17/20190926174500_00160.jpg,datasets_flow/dataset_cropped/09_Metas/26/17/20190926174500_00160.jpg,datasets_cloudmask/dataset_cropped/09_Metas/26/17/20190926174500_00160.png,189.5,535.1,55.5,26.6,962
9/26/2019 17:46,datasets/dataset_cropped/09_Metas/26/17/20190926174600_00160.jpg,datasets_flow/dataset_cropped/09_Metas/26/17/20190926174600_00160.jpg,datasets_cloudmask/dataset_cropped/09_Metas/26/17/20190926174600_00160.png,186.5,532.2,55.1,26.6,962
9/26/2019 17:47,datasets/dataset_cropped/09_Metas/26/17/20190926174700_00160.jpg,datasets_flow/dataset_cropped/09_Metas/26/17/20190926174700_00160.jpg,datasets_cloudmask/dataset_cropped/09_Metas/26/17/20190926174700_00160.png,183.1,527.3,54.6,26.4,962
9/26/2019 17:48,datasets/dataset_cropped/09_Metas/26/17/20190926174800_00160.jpg,datasets_flow/dataset_cropped/09_Metas/26/17/20190926174800_00160.jpg,datasets_cloudmask/dataset_cropped/09_Metas/26/17/20190926174800_00160.png,179.1,519,54.3,26.2,962
9/26/2019 17:49,datasets/dataset_cropped/09_Metas/26/17/20190926174900_00160.jpg,datasets_flow/dataset_cropped/09_Metas/26/17/20190926174900_00160.jpg,datasets_cloudmask/dataset_cropped/09_Metas/26/17/20190926174900_00160.png,176.6,517.8,53.8,26.2,962
9/26/2019 17:50,datasets/dataset_cropped/09_Metas/26/17/20190926175000_00160.jpg,datasets_flow/dataset_cropped/09_Metas/26/17/20190926175000_00160.jpg,datasets_cloudmask/dataset_cropped/09_Metas/26/17/20190926175000_00160.png,174.1,516,53.3,26.2,962
9/26/2019 17:51,datasets/dataset_cropped/09_Metas/26/17/20190926175100_00160.jpg,datasets_flow/dataset_cropped/09_Metas/26/17/20190926175100_00160.jpg,datasets_cloudmask/dataset_cropped/09_Metas/26/17/20190926175100_00160.png,170.9,511.4,52.8,26.2,962
9/26/2019 17:52,datasets/dataset_cropped/09_Metas/26/17/20190926175200_00160.jpg,datasets_flow/dataset_cropped/09_Metas/26/17/20190926175200_00160.jpg,datasets_cloudmask/dataset_cropped/09_Metas/26/17/20190926175200_00160.png,167.8,507.4,52.4,26.2,962
9/26/2019 17:53,datasets/dataset_cropped/09_Metas/26/17/20190926175300_00160.jpg,datasets_flow/dataset_cropped/09_Metas/26/17/20190926175300_00160.jpg,datasets_cloudmask/dataset_cropped/09_Metas/26/17/20190926175300_00160.png,164.9,504,52,26.2,962
9/26/2019 17:54,datasets/dataset_cropped/09_Metas/26/17/20190926175400_00160.jpg,datasets_flow/dataset_cropped/09_Metas/26/17/20190926175400_00160.jpg,datasets_cloudmask/dataset_cropped/09_Metas/26/17/20190926175400_00160.png,161.9,499.7,51.7,26.2,962
9/26/2019 17:55,datasets/dataset_cropped/09_Metas/26/17/20190926175500_00160.jpg,datasets_flow/dataset_cropped/09_Metas/26/17/20190926175500_00160.jpg,datasets_cloudmask/dataset_cropped/09_Metas/26/17/20190926175500_00160.png,158.2,492.5,51.2,26.2,962
9/26/2019 17:56,datasets/dataset_cropped/09_Metas/26/17/20190926175600_00160.jpg,datasets_flow/dataset_cropped/09_Metas/26/17/20190926175600_00160.jpg,datasets_cloudmask/dataset_cropped/09_Metas/26/17/20190926175600_00160.png,154.4,485.2,50.6,26.1,962
9/26/2019 17:57,datasets/dataset_cropped/09_Metas/26/17/20190926175700_00160.jpg,datasets_flow/dataset_cropped/09_Metas/26/17/20190926175700_00160.jpg,datasets_cloudmask/dataset_cropped/09_Metas/26/17/20190926175700_00160.png,151.2,479.8,50.1,26,962
9/26/2019 17:58,datasets/dataset_cropped/09_Metas/26/17/20190926175800_00160.jpg,datasets_flow/dataset_cropped/09_Metas/26/17/20190926175800_00160.jpg,datasets_cloudmask/dataset_cropped/09_Metas/26/17/20190926175800_00160.png,147.6,472.8,49.5,25.9,962
9/26/2019 17:59,datasets/dataset_cropped/09_Metas/26/17/20190926175900_00160.jpg,datasets_flow/dataset_cropped/09_Metas/26/17/20190926175900_00160.jpg,datasets_cloudmask/dataset_cropped/09_Metas/26/17/20190926175900_00160.png,144.5,467.6,49,25.9,962
9/26/2019 18:00,datasets/dataset_cropped/09_Metas/26/18/20190926180000_00160.jpg,datasets_flow/dataset_cropped/09_Metas/26/18/20190926180000_00160.jpg,datasets_cloudmask/dataset_cropped/09_Metas/26/18/20190926180000_00160.png,141.5,462.9,48.6,26,962
9/26/2019 18:01,datasets/dataset_cropped/09_Metas/26/18/20190926180100_00160.jpg,datasets_flow/dataset_cropped/09_Metas/26/18/20190926180100_00160.jpg,datasets_cloudmask/dataset_cropped/09_Metas/26/18/20190926180100_00160.png,138.6,459,48.1,26,962
9/26/2019 18:02,datasets/dataset_cropped/09_Metas/26/18/20190926180200_00160.jpg,datasets_flow/dataset_cropped/09_Metas/26/18/20190926180200_00160.jpg,datasets_cloudmask/dataset_cropped/09_Metas/26/18/20190926180200_00160.png,135.6,453.8,47.6,25.9,962
9/26/2019 18:03,datasets/dataset_cropped/09_Metas/26/18/20190926180300_00160.jpg,datasets_flow/dataset_cropped/09_Metas/26/18/20190926180300_00160.jpg,datasets_cloudmask/dataset_cropped/09_Metas/26/18/20190926180300_00160.png,132.2,446.7,47,25.8,962
9/26/2019 18:04,datasets/dataset_cropped/09_Metas/26/18/20190926180400_00160.jpg,datasets_flow/dataset_cropped/09_Metas/26/18/20190926180400_00160.jpg,datasets_cloudmask/dataset_cropped/09_Metas/26/18/20190926180400_00160.png,128.6,438.9,46.4,25.8,962
9/26/2019 18:05,datasets/dataset_cropped/09_Metas/26/18/20190926180500_00160.jpg,datasets_flow/dataset_cropped/09_Metas/26/18/20190926180500_00160.jpg,datasets_cloudmask/dataset_cropped/09_Metas/26/18/20190926180500_00160.png,125.6,433.1,45.8,25.8,962
9/26/2019 18:06,datasets/dataset_cropped/09_Metas/26/18/20190926180600_00160.jpg,datasets_flow/dataset_cropped/09_Metas/26/18/20190926180600_00160.jpg,datasets_cloudmask/dataset_cropped/09_Metas/26/18/20190926180600_00160.png,122.4,426.9,45.1,25.7,962
9/26/2019 18:07,datasets/dataset_cropped/09_Metas/26/18/20190926180700_00160.jpg,datasets_flow/dataset_cropped/09_Metas/26/18/20190926180700_00160.jpg,datasets_cloudmask/dataset_cropped/09_Metas/26/18/20190926180700_00160.png,119,419.2,44.5,25.6,962
9/26/2019 18:08,datasets/dataset_cropped/09_Metas/26/18/20190926180800_00160.jpg,datasets_flow/dataset_cropped/09_Metas/26/18/20190926180800_00160.jpg,datasets_cloudmask/dataset_cropped/09_Metas/26/18/20190926180800_00160.png,116,413.2,43.9,25.5,962
9/26/2019 18:09,datasets/dataset_cropped/09_Metas/26/18/20190926180900_00160.jpg,datasets_flow/dataset_cropped/09_Metas/26/18/20190926180900_00160.jpg,datasets_cloudmask/dataset_cropped/09_Metas/26/18/20190926180900_00160.png,112.7,405.3,43.3,25.5,962
9/26/2019 18:10,datasets/dataset_cropped/09_Metas/26/18/20190926181000_00160.jpg,datasets_flow/dataset_cropped/09_Metas/26/18/20190926181000_00160.jpg,datasets_cloudmask/dataset_cropped/09_Metas/26/18/20190926181000_00160.png,109.5,397.8,42.7,25.5,962
9/26/2019 18:11,datasets/dataset_cropped/09_Metas/26/18/20190926181100_00160.jpg,datasets_flow/dataset_cropped/09_Metas/26/18/20190926181100_00160.jpg,datasets_cloudmask/dataset_cropped/09_Metas/26/18/20190926181100_00160.png,106.2,389.7,42.1,25.6,962
9/26/2019 18:12,datasets/dataset_cropped/09_Metas/26/18/20190926181200_00160.jpg,datasets_flow/dataset_cropped/09_Metas/26/18/20190926181200_00160.jpg,datasets_cloudmask/dataset_cropped/09_Metas/26/18/20190926181200_00160.png,103.1,382.8,41.4,25.5,962
9/26/2019 18:13,datasets/dataset_cropped/09_Metas/26/18/20190926181300_00160.jpg,datasets_flow/dataset_cropped/09_Metas/26/18/20190926181300_00160.jpg,datasets_cloudmask/dataset_cropped/09_Metas/26/18/20190926181300_00160.png,100.6,378.8,40.9,25.5,962
9/26/2019 18:14,datasets/dataset_cropped/09_Metas/26/18/20190926181400_00160.jpg,datasets_flow/dataset_cropped/09_Metas/26/18/20190926181400_00160.jpg,datasets_cloudmask/dataset_cropped/09_Metas/26/18/20190926181400_00160.png,97.8,373,40.2,25.5,962
9/26/2019 18:15,datasets/dataset_cropped/09_Metas/26/18/20190926181500_00160.jpg,datasets_flow/dataset_cropped/09_Metas/26/18/20190926181500_00160.jpg,datasets_cloudmask/dataset_cropped/09_Metas/26/18/20190926181500_00160.png,94.9,366.6,39.6,25.4,962
9/26/2019 18:16,datasets/dataset_cropped/09_Metas/26/18/20190926181600_00160.jpg,datasets_flow/dataset_cropped/09_Metas/26/18/20190926181600_00160.jpg,datasets_cloudmask/dataset_cropped/09_Metas/26/18/20190926181600_00160.png,92.1,360.3,39,25.3,962
9/26/2019 18:17,datasets/dataset_cropped/09_Metas/26/18/20190926181700_00160.jpg,datasets_flow/dataset_cropped/09_Metas/26/18/20190926181700_00160.jpg,datasets_cloudmask/dataset_cropped/09_Metas/26/18/20190926181700_00160.png,89,352.4,38.3,25.2,962
9/26/2019 18:18,datasets/dataset_cropped/09_Metas/26/18/20190926181800_00160.jpg,datasets_flow/dataset_cropped/09_Metas/26/18/20190926181800_00160.jpg,datasets_cloudmask/dataset_cropped/09_Metas/26/18/20190926181800_00160.png,86,344.2,37.7,25.2,962
9/26/2019 18:19,datasets/dataset_cropped/09_Metas/26/18/20190926181900_00160.jpg,datasets_flow/dataset_cropped/09_Metas/26/18/20190926181900_00160.jpg,datasets_cloudmask/dataset_cropped/09_Metas/26/18/20190926181900_00160.png,82.9,336,36.8,25.1,962
9/26/2019 18:20,datasets/dataset_cropped/09_Metas/26/18/20190926182000_00160.jpg,datasets_flow/dataset_cropped/09_Metas/26/18/20190926182000_00160.jpg,datasets_cloudmask/dataset_cropped/09_Metas/26/18/20190926182000_00160.png,79.7,325.9,36,25.1,962
9/26/2019 18:21,datasets/dataset_cropped/09_Metas/26/18/20190926182100_00160.jpg,datasets_flow/dataset_cropped/09_Metas/26/18/20190926182100_00160.jpg,datasets_cloudmask/dataset_cropped/09_Metas/26/18/20190926182100_00160.png,76.8,317.7,35.3,24.9,962
9/26/2019 18:22,datasets/dataset_cropped/09_Metas/26/18/20190926182200_00160.jpg,datasets_flow/dataset_cropped/09_Metas/26/18/20190926182200_00160.jpg,datasets_cloudmask/dataset_cropped/09_Metas/26/18/20190926182200_00160.png,74.1,310.9,34.5,24.9,962
9/26/2019 18:23,datasets/dataset_cropped/09_Metas/26/18/20190926182300_00160.jpg,datasets_flow/dataset_cropped/09_Metas/26/18/20190926182300_00160.jpg,datasets_cloudmask/dataset_cropped/09_Metas/26/18/20190926182300_00160.png,71.3,302.9,33.8,24.9,962
9/26/2019 18:24,datasets/dataset_cropped/09_Metas/26/18/20190926182400_00160.jpg,datasets_flow/dataset_cropped/09_Metas/26/18/20190926182400_00160.jpg,datasets_cloudmask/dataset_cropped/09_Metas/26/18/20190926182400_00160.png,68.5,294.5,33.1,24.8,962
9/26/2019 18:25,datasets/dataset_cropped/09_Metas/26/18/20190926182500_00160.jpg,datasets_flow/dataset_cropped/09_Metas/26/18/20190926182500_00160.jpg,datasets_cloudmask/dataset_cropped/09_Metas/26/18/20190926182500_00160.png,65.8,285.8,32.3,24.8,962
9/26/2019 18:26,datasets/dataset_cropped/09_Metas/26/18/20190926182600_00160.jpg,datasets_flow/dataset_cropped/09_Metas/26/18/20190926182600_00160.jpg,datasets_cloudmask/dataset_cropped/09_Metas/26/18/20190926182600_00160.png,62.8,274.6,31.6,24.8,962
9/26/2019 18:27,datasets/dataset_cropped/09_Metas/26/18/20190926182700_00160.jpg,datasets_flow/dataset_cropped/09_Metas/26/18/20190926182700_00160.jpg,datasets_cloudmask/dataset_cropped/09_Metas/26/18/20190926182700_00160.png,59.9,263.9,30.9,24.8,962
9/26/2019 18:28,datasets/dataset_cropped/09_Metas/26/18/20190926182800_00160.jpg,datasets_flow/dataset_cropped/09_Metas/26/18/20190926182800_00160.jpg,datasets_cloudmask/dataset_cropped/09_Metas/26/18/20190926182800_00160.png,56.9,252,30,24.8,962
9/26/2019 18:29,datasets/dataset_cropped/09_Metas/26/18/20190926182900_00160.jpg,datasets_flow/dataset_cropped/09_Metas/26/18/20190926182900_00160.jpg,datasets_cloudmask/dataset_cropped/09_Metas/26/18/20190926182900_00160.png,54.1,240.4,29.2,24.8,962
9/26/2019 18:30,datasets/dataset_cropped/09_Metas/26/18/20190926183000_00160.jpg,datasets_flow/dataset_cropped/09_Metas/26/18/20190926183000_00160.jpg,datasets_cloudmask/dataset_cropped/09_Metas/26/18/20190926183000_00160.png,51.6,231.8,28.4,24.7,962
9/26/2019 18:31,datasets/dataset_cropped/09_Metas/26/18/20190926183100_00160.jpg,datasets_flow/dataset_cropped/09_Metas/26/18/20190926183100_00160.jpg,datasets_cloudmask/dataset_cropped/09_Metas/26/18/20190926183100_00160.png,49.1,223.1,27.5,24.7,962
9/26/2019 18:32,datasets/dataset_cropped/09_Metas/26/18/20190926183200_00160.jpg,datasets_flow/dataset_cropped/09_Metas/26/18/20190926183200_00160.jpg,datasets_cloudmask/dataset_cropped/09_Metas/26/18/20190926183200_00160.png,46.6,213.8,26.6,24.6,962
9/26/2019 18:33,datasets/dataset_cropped/09_Metas/26/18/20190926183300_00160.jpg,datasets_flow/dataset_cropped/09_Metas/26/18/20190926183300_00160.jpg,datasets_cloudmask/dataset_cropped/09_Metas/26/18/20190926183300_00160.png,44.1,204.3,25.7,24.5,962
9/26/2019 18:34,datasets/dataset_cropped/09_Metas/26/18/20190926183400_00160.jpg,datasets_flow/dataset_cropped/09_Metas/26/18/20190926183400_00160.jpg,datasets_cloudmask/dataset_cropped/09_Metas/26/18/20190926183400_00160.png,41.8,195,24.8,24.4,962
9/26/2019 18:35,datasets/dataset_cropped/09_Metas/26/18/20190926183500_00160.jpg,datasets_flow/dataset_cropped/09_Metas/26/18/20190926183500_00160.jpg,datasets_cloudmask/dataset_cropped/09_Metas/26/18/20190926183500_00160.png,39.6,186.6,24,24.4,962
9/26/2019 18:36,datasets/dataset_cropped/09_Metas/26/18/20190926183600_00160.jpg,datasets_flow/dataset_cropped/09_Metas/26/18/20190926183600_00160.jpg,datasets_cloudmask/dataset_cropped/09_Metas/26/18/20190926183600_00160.png,37.4,177.2,23.2,24.4,962
9/26/2019 18:37,datasets/dataset_cropped/09_Metas/26/18/20190926183700_00160.jpg,datasets_flow/dataset_cropped/09_Metas/26/18/20190926183700_00160.jpg,datasets_cloudmask/dataset_cropped/09_Metas/26/18/20190926183700_00160.png,35.2,166.7,22.3,24.3,962
9/26/2019 18:38,datasets/dataset_cropped/09_Metas/26/18/20190926183800_00160.jpg,datasets_flow/dataset_cropped/09_Metas/26/18/20190926183800_00160.jpg,datasets_cloudmask/dataset_cropped/09_Metas/26/18/20190926183800_00160.png,33,155.9,21.5,24.3,962
9/26/2019 18:39,datasets/dataset_cropped/09_Metas/26/18/20190926183900_00160.jpg,datasets_flow/dataset_cropped/09_Metas/26/18/20190926183900_00160.jpg,datasets_cloudmask/dataset_cropped/09_Metas/26/18/20190926183900_00160.png,30.8,144.1,20.6,24.3,962
9/26/2019 18:40,datasets/dataset_cropped/09_Metas/26/18/20190926184000_00160.jpg,datasets_flow/dataset_cropped/09_Metas/26/18/20190926184000_00160.jpg,datasets_cloudmask/dataset_cropped/09_Metas/26/18/20190926184000_00160.png,28.7,133.4,19.7,24.2,962
9/26/2019 18:41,datasets/dataset_cropped/09_Metas/26/18/20190926184100_00160.jpg,datasets_flow/dataset_cropped/09_Metas/26/18/20190926184100_00160.jpg,datasets_cloudmask/dataset_cropped/09_Metas/26/18/20190926184100_00160.png,27,126.4,18.9,24.1,962
9/26/2019 18:42,datasets/dataset_cropped/09_Metas/26/18/20190926184200_00160.jpg,datasets_flow/dataset_cropped/09_Metas/26/18/20190926184200_00160.jpg,datasets_cloudmask/dataset_cropped/09_Metas/26/18/20190926184200_00160.png,25.2,118.4,18,24.1,962
9/26/2019 18:43,datasets/dataset_cropped/09_Metas/26/18/20190926184300_00160.jpg,datasets_flow/dataset_cropped/09_Metas/26/18/20190926184300_00160.jpg,datasets_cloudmask/dataset_cropped/09_Metas/26/18/20190926184300_00160.png,23.5,110.4,17.1,24.1,962
9/26/2019 18:44,datasets/dataset_cropped/09_Metas/26/18/20190926184400_00160.jpg,datasets_flow/dataset_cropped/09_Metas/26/18/20190926184400_00160.jpg,datasets_cloudmask/dataset_cropped/09_Metas/26/18/20190926184400_00160.png,21.8,102.1,16.2,24,962
9/26/2019 18:45,datasets/dataset_cropped/09_Metas/26/18/20190926184500_00160.jpg,datasets_flow/dataset_cropped/09_Metas/26/18/20190926184500_00160.jpg,datasets_cloudmask/dataset_cropped/09_Metas/26/18/20190926184500_00160.png,20.2,92.5,15.3,24,962
9/26/2019 18:46,datasets/dataset_cropped/09_Metas/26/18/20190926184600_00160.jpg,datasets_flow/dataset_cropped/09_Metas/26/18/20190926184600_00160.jpg,datasets_cloudmask/dataset_cropped/09_Metas/26/18/20190926184600_00160.png,18.5,81.2,14.5,24,962
9/26/2019 18:47,datasets/dataset_cropped/09_Metas/26/18/20190926184700_00160.jpg,datasets_flow/dataset_cropped/09_Metas/26/18/20190926184700_00160.jpg,datasets_cloudmask/dataset_cropped/09_Metas/26/18/20190926184700_00160.png,16.2,54.5,13.6,23.9,962
9/26/2019 18:48,datasets/dataset_cropped/09_Metas/26/18/20190926184800_00160.jpg,datasets_flow/dataset_cropped/09_Metas/26/18/20190926184800_00160.jpg,datasets_cloudmask/dataset_cropped/09_Metas/26/18/20190926184800_00160.png,13.4,15.4,12.6,23.9,962
9/26/2019 18:49,datasets/dataset_cropped/09_Metas/26/18/20190926184900_00160.jpg,datasets_flow/dataset_cropped/09_Metas/26/18/20190926184900_00160.jpg,datasets_cloudmask/dataset_cropped/09_Metas/26/18/20190926184900_00160.png,11.7,0.2,11.5,23.8,962
9/26/2019 18:50,datasets/dataset_cropped/09_Metas/26/18/20190926185000_00160.jpg,datasets_flow/dataset_cropped/09_Metas/26/18/20190926185000_00160.jpg,datasets_cloudmask/dataset_cropped/09_Metas/26/18/20190926185000_00160.png,10.6,0,10.4,23.8,962
9/26/2019 18:51,datasets/dataset_cropped/09_Metas/26/18/20190926185100_00160.jpg,datasets_flow/dataset_cropped/09_Metas/26/18/20190926185100_00160.jpg,datasets_cloudmask/dataset_cropped/09_Metas/26/18/20190926185100_00160.png,9.6,0,9.4,23.7,962
9/26/2019 18:52,datasets/dataset_cropped/09_Metas/26/18/20190926185200_00160.jpg,datasets_flow/dataset_cropped/09_Metas/26/18/20190926185200_00160.jpg,datasets_cloudmask/dataset_cropped/09_Metas/26/18/20190926185200_00160.png,8.8,0,8.6,23.6,962
9/26/2019 18:53,datasets/dataset_cropped/09_Metas/26/18/20190926185300_00160.jpg,datasets_flow/dataset_cropped/09_Metas/26/18/20190926185300_00160.jpg,datasets_cloudmask/dataset_cropped/09_Metas/26/18/20190926185300_00160.png,7.9,0,7.7,23.6,962
9/26/2019 18:54,datasets/dataset_cropped/09_Metas/26/18/20190926185400_00160.jpg,datasets_flow/dataset_cropped/09_Metas/26/18/20190926185400_00160.jpg,datasets_cloudmask/dataset_cropped/09_Metas/26/18/20190926185400_00160.png,7.1,0,6.9,23.6,962
9/26/2019 18:55,datasets/dataset_cropped/09_Metas/26/18/20190926185500_00160.jpg,datasets_flow/dataset_cropped/09_Metas/26/18/20190926185500_00160.jpg,datasets_cloudmask/dataset_cropped/09_Metas/26/18/20190926185500_00160.png,6.3,0,6.1,23.5,962
9/26/2019 18:56,datasets/dataset_cropped/09_Metas/26/18/20190926185600_00160.jpg,datasets_flow/dataset_cropped/09_Metas/26/18/20190926185600_00160.jpg,datasets_cloudmask/dataset_cropped/09_Metas/26/18/20190926185600_00160.png,5.6,0,5.4,23.4,962
9/26/2019 18:57,datasets/dataset_cropped/09_Metas/26/18/20190926185700_00160.jpg,datasets_flow/dataset_cropped/09_Metas/26/18/20190926185700_00160.jpg,datasets_cloudmask/dataset_cropped/09_Metas/26/18/20190926185700_00160.png,4.9,0,4.7,23.4,962
9/26/2019 18:58,datasets/dataset_cropped/09_Metas/26/18/20190926185800_00160.jpg,datasets_flow/dataset_cropped/09_Metas/26/18/20190926185800_00160.jpg,datasets_cloudmask/dataset_cropped/09_Metas/26/18/20190926185800_00160.png,4.3,0,4.1,23.4,962
9/26/2019 18:59,datasets/dataset_cropped/09_Metas/26/18/20190926185900_00160.jpg,datasets_flow/dataset_cropped/09_Metas/26/18/20190926185900_00160.jpg,datasets_cloudmask/dataset_cropped/09_Metas/26/18/20190926185900_00160.png,3.7,0,3.5,23.4,962
9/27/2019 7:03,datasets/dataset_cropped/09_Metas/27/07/20190927070300_00160.jpg,datasets_flow/dataset_cropped/09_Metas/27/07/20190927070300_00160.jpg,datasets_cloudmask/dataset_cropped/09_Metas/27/07/20190927070300_00160.png,4.3,0,4.1,16.4,963
9/27/2019 7:04,datasets/dataset_cropped/09_Metas/27/07/20190927070400_00160.jpg,datasets_flow/dataset_cropped/09_Metas/27/07/20190927070400_00160.jpg,datasets_cloudmask/dataset_cropped/09_Metas/27/07/20190927070400_00160.png,5,0,4.8,16.4,963
9/27/2019 7:05,datasets/dataset_cropped/09_Metas/27/07/20190927070500_00160.jpg,datasets_flow/dataset_cropped/09_Metas/27/07/20190927070500_00160.jpg,datasets_cloudmask/dataset_cropped/09_Metas/27/07/20190927070500_00160.png,5.8,0.2,5.6,16.5,963
9/27/2019 7:06,datasets/dataset_cropped/09_Metas/27/07/20190927070600_00160.jpg,datasets_flow/dataset_cropped/09_Metas/27/07/20190927070600_00160.jpg,datasets_cloudmask/dataset_cropped/09_Metas/27/07/20190927070600_00160.png,6.7,6.7,6.5,16.6,963
9/27/2019 7:07,datasets/dataset_cropped/09_Metas/27/07/20190927070700_00160.jpg,datasets_flow/dataset_cropped/09_Metas/27/07/20190927070700_00160.jpg,datasets_cloudmask/dataset_cropped/09_Metas/27/07/20190927070700_00160.png,7.7,23.5,7.2,16.6,963
9/27/2019 7:08,datasets/dataset_cropped/09_Metas/27/07/20190927070800_00160.jpg,datasets_flow/dataset_cropped/09_Metas/27/07/20190927070800_00160.jpg,datasets_cloudmask/dataset_cropped/09_Metas/27/07/20190927070800_00160.png,8.8,38.2,8.1,16.5,963
9/27/2019 7:09,datasets/dataset_cropped/09_Metas/27/07/20190927070900_00160.jpg,datasets_flow/dataset_cropped/09_Metas/27/07/20190927070900_00160.jpg,datasets_cloudmask/dataset_cropped/09_Metas/27/07/20190927070900_00160.png,9.9,44.5,8.9,16.5,963
9/27/2019 7:10,datasets/dataset_cropped/09_Metas/27/07/20190927071000_00160.jpg,datasets_flow/dataset_cropped/09_Metas/27/07/20190927071000_00160.jpg,datasets_cloudmask/dataset_cropped/09_Metas/27/07/20190927071000_00160.png,11.1,50.5,9.8,16.5,963
9/27/2019 7:11,datasets/dataset_cropped/09_Metas/27/07/20190927071100_00160.jpg,datasets_flow/dataset_cropped/09_Metas/27/07/20190927071100_00160.jpg,datasets_cloudmask/dataset_cropped/09_Metas/27/07/20190927071100_00160.png,12.2,59.6,10.4,16.6,963
9/27/2019 7:12,datasets/dataset_cropped/09_Metas/27/07/20190927071200_00160.jpg,datasets_flow/dataset_cropped/09_Metas/27/07/20190927071200_00160.jpg,datasets_cloudmask/dataset_cropped/09_Metas/27/07/20190927071200_00160.png,13.4,68.4,11.2,16.7,963
9/27/2019 7:13,datasets/dataset_cropped/09_Metas/27/07/20190927071300_00160.jpg,datasets_flow/dataset_cropped/09_Metas/27/07/20190927071300_00160.jpg,datasets_cloudmask/dataset_cropped/09_Metas/27/07/20190927071300_00160.png,14.8,80,11.9,16.8,963
9/27/2019 7:14,datasets/dataset_cropped/09_Metas/27/07/20190927071400_00160.jpg,datasets_flow/dataset_cropped/09_Metas/27/07/20190927071400_00160.jpg,datasets_cloudmask/dataset_cropped/09_Metas/27/07/20190927071400_00160.png,16.5,90.9,12.9,16.8,963
9/27/2019 7:15,datasets/dataset_cropped/09_Metas/27/07/20190927071500_00160.jpg,datasets_flow/dataset_cropped/09_Metas/27/07/20190927071500_00160.jpg,datasets_cloudmask/dataset_cropped/09_Metas/27/07/20190927071500_00160.png,18.1,103.2,13.8,16.7,963
9/27/2019 7:16,datasets/dataset_cropped/09_Metas/27/07/20190927071600_00160.jpg,datasets_flow/dataset_cropped/09_Metas/27/07/20190927071600_00160.jpg,datasets_cloudmask/dataset_cropped/09_Metas/27/07/20190927071600_00160.png,19.8,115.4,14.7,16.6,963
9/27/2019 7:17,datasets/dataset_cropped/09_Metas/27/07/20190927071700_00160.jpg,datasets_flow/dataset_cropped/09_Metas/27/07/20190927071700_00160.jpg,datasets_cloudmask/dataset_cropped/09_Metas/27/07/20190927071700_00160.png,21.6,127.3,15.6,16.6,963
9/27/2019 7:18,datasets/dataset_cropped/09_Metas/27/07/20190927071800_00160.jpg,datasets_flow/dataset_cropped/09_Metas/27/07/20190927071800_00160.jpg,datasets_cloudmask/dataset_cropped/09_Metas/27/07/20190927071800_00160.png,23.5,140.4,16.5,16.6,963
9/27/2019 7:19,datasets/dataset_cropped/09_Metas/27/07/20190927071900_00160.jpg,datasets_flow/dataset_cropped/09_Metas/27/07/20190927071900_00160.jpg,datasets_cloudmask/dataset_cropped/09_Metas/27/07/20190927071900_00160.png,25.4,153.2,17.3,16.6,963
9/27/2019 7:20,datasets/dataset_cropped/09_Metas/27/07/20190927072000_00160.jpg,datasets_flow/dataset_cropped/09_Metas/27/07/20190927072000_00160.jpg,datasets_cloudmask/dataset_cropped/09_Metas/27/07/20190927072000_00160.png,27.4,164.8,18.1,16.7,963
9/27/2019 7:21,datasets/dataset_cropped/09_Metas/27/07/20190927072100_00160.jpg,datasets_flow/dataset_cropped/09_Metas/27/07/20190927072100_00160.jpg,datasets_cloudmask/dataset_cropped/09_Metas/27/07/20190927072100_00160.png,29.6,175.6,19.1,16.8,963
9/27/2019 7:22,datasets/dataset_cropped/09_Metas/27/07/20190927072200_00160.jpg,datasets_flow/dataset_cropped/09_Metas/27/07/20190927072200_00160.jpg,datasets_cloudmask/dataset_cropped/09_Metas/27/07/20190927072200_00160.png,31.9,189.1,20,16.9,963
9/27/2019 7:23,datasets/dataset_cropped/09_Metas/27/07/20190927072300_00160.jpg,datasets_flow/dataset_cropped/09_Metas/27/07/20190927072300_00160.jpg,datasets_cloudmask/dataset_cropped/09_Metas/27/07/20190927072300_00160.png,34.4,203.3,21,16.9,963
9/27/2019 7:24,datasets/dataset_cropped/09_Metas/27/07/20190927072400_00160.jpg,datasets_flow/dataset_cropped/09_Metas/27/07/20190927072400_00160.jpg,datasets_cloudmask/dataset_cropped/09_Metas/27/07/20190927072400_00160.png,36.8,215.5,21.9,17,963
9/27/2019 7:25,datasets/dataset_cropped/09_Metas/27/07/20190927072500_00160.jpg,datasets_flow/dataset_cropped/09_Metas/27/07/20190927072500_00160.jpg,datasets_cloudmask/dataset_cropped/09_Metas/27/07/20190927072500_00160.png,39.2,227.3,22.8,17.1,963
9/27/2019 7:26,datasets/dataset_cropped/09_Metas/27/07/20190927072600_00160.jpg,datasets_flow/dataset_cropped/09_Metas/27/07/20190927072600_00160.jpg,datasets_cloudmask/dataset_cropped/09_Metas/27/07/20190927072600_00160.png,41.7,239.8,23.6,17.1,963
9/27/2019 7:27,datasets/dataset_cropped/09_Metas/27/07/20190927072700_00160.jpg,datasets_flow/dataset_cropped/09_Metas/27/07/20190927072700_00160.jpg,datasets_cloudmask/dataset_cropped/09_Metas/27/07/20190927072700_00160.png,44.2,251.6,24.4,17.1,963
9/27/2019 7:28,datasets/dataset_cropped/09_Metas/27/07/20190927072800_00160.jpg,datasets_flow/dataset_cropped/09_Metas/27/07/20190927072800_00160.jpg,datasets_cloudmask/dataset_cropped/09_Metas/27/07/20190927072800_00160.png,46.8,262.4,25.3,17.2,963
9/27/2019 7:29,datasets/dataset_cropped/09_Metas/27/07/20190927072900_00160.jpg,datasets_flow/dataset_cropped/09_Metas/27/07/20190927072900_00160.jpg,datasets_cloudmask/dataset_cropped/09_Metas/27/07/20190927072900_00160.png,49.4,274,26,17.3,963
9/27/2019 7:30,datasets/dataset_cropped/09_Metas/27/07/20190927073000_00160.jpg,datasets_flow/dataset_cropped/09_Metas/27/07/20190927073000_00160.jpg,datasets_cloudmask/dataset_cropped/09_Metas/27/07/20190927073000_00160.png,52.1,284.9,26.9,17.3,963
9/27/2019 7:31,datasets/dataset_cropped/09_Metas/27/07/20190927073100_00160.jpg,datasets_flow/dataset_cropped/09_Metas/27/07/20190927073100_00160.jpg,datasets_cloudmask/dataset_cropped/09_Metas/27/07/20190927073100_00160.png,54.7,294,27.7,17.4,963
9/27/2019 7:32,datasets/dataset_cropped/09_Metas/27/07/20190927073200_00160.jpg,datasets_flow/dataset_cropped/09_Metas/27/07/20190927073200_00160.jpg,datasets_cloudmask/dataset_cropped/09_Metas/27/07/20190927073200_00160.png,57.5,304.1,28.5,17.5,963
9/27/2019 7:33,datasets/dataset_cropped/09_Metas/27/07/20190927073300_00160.jpg,datasets_flow/dataset_cropped/09_Metas/27/07/20190927073300_00160.jpg,datasets_cloudmask/dataset_cropped/09_Metas/27/07/20190927073300_00160.png,60.2,313.6,29.3,17.6,963
9/27/2019 7:34,datasets/dataset_cropped/09_Metas/27/07/20190927073400_00160.jpg,datasets_flow/dataset_cropped/09_Metas/27/07/20190927073400_00160.jpg,datasets_cloudmask/dataset_cropped/09_Metas/27/07/20190927073400_00160.png,62.9,322,30.1,17.7,963
9/27/2019 7:35,datasets/dataset_cropped/09_Metas/27/07/20190927073500_00160.jpg,datasets_flow/dataset_cropped/09_Metas/27/07/20190927073500_00160.jpg,datasets_cloudmask/dataset_cropped/09_Metas/27/07/20190927073500_00160.png,65.6,330.4,30.9,17.7,963
9/27/2019 7:36,datasets/dataset_cropped/09_Metas/27/07/20190927073600_00160.jpg,datasets_flow/dataset_cropped/09_Metas/27/07/20190927073600_00160.jpg,datasets_cloudmask/dataset_cropped/09_Metas/27/07/20190927073600_00160.png,68.3,338.9,31.6,17.8,963
9/27/2019 7:37,datasets/dataset_cropped/09_Metas/27/07/20190927073700_00160.jpg,datasets_flow/dataset_cropped/09_Metas/27/07/20190927073700_00160.jpg,datasets_cloudmask/dataset_cropped/09_Metas/27/07/20190927073700_00160.png,71.1,347.3,32.3,17.9,963
9/27/2019 7:38,datasets/dataset_cropped/09_Metas/27/07/20190927073800_00160.jpg,datasets_flow/dataset_cropped/09_Metas/27/07/20190927073800_00160.jpg,datasets_cloudmask/dataset_cropped/09_Metas/27/07/20190927073800_00160.png,73.9,354.9,33,18.1,963
9/27/2019 7:39,datasets/dataset_cropped/09_Metas/27/07/20190927073900_00160.jpg,datasets_flow/dataset_cropped/09_Metas/27/07/20190927073900_00160.jpg,datasets_cloudmask/dataset_cropped/09_Metas/27/07/20190927073900_00160.png,76.7,362.7,33.8,18.2,963
9/27/2019 7:40,datasets/dataset_cropped/09_Metas/27/07/20190927074000_00160.jpg,datasets_flow/dataset_cropped/09_Metas/27/07/20190927074000_00160.jpg,datasets_cloudmask/dataset_cropped/09_Metas/27/07/20190927074000_00160.png,79.7,371,34.6,18.4,963
9/27/2019 7:41,datasets/dataset_cropped/09_Metas/27/07/20190927074100_00160.jpg,datasets_flow/dataset_cropped/09_Metas/27/07/20190927074100_00160.jpg,datasets_cloudmask/dataset_cropped/09_Metas/27/07/20190927074100_00160.png,82.8,379.9,35.3,18.5,963
9/27/2019 7:42,datasets/dataset_cropped/09_Metas/27/07/20190927074200_00160.jpg,datasets_flow/dataset_cropped/09_Metas/27/07/20190927074200_00160.jpg,datasets_cloudmask/dataset_cropped/09_Metas/27/07/20190927074200_00160.png,85.5,386.2,36,18.6,963
9/27/2019 7:43,datasets/dataset_cropped/09_Metas/27/07/20190927074300_00160.jpg,datasets_flow/dataset_cropped/09_Metas/27/07/20190927074300_00160.jpg,datasets_cloudmask/dataset_cropped/09_Metas/27/07/20190927074300_00160.png,88.4,392.7,36.7,18.7,963
9/27/2019 7:44,datasets/dataset_cropped/09_Metas/27/07/20190927074400_00160.jpg,datasets_flow/dataset_cropped/09_Metas/27/07/20190927074400_00160.jpg,datasets_cloudmask/dataset_cropped/09_Metas/27/07/20190927074400_00160.png,91.2,399.2,37.3,18.7,963
9/27/2019 7:45,datasets/dataset_cropped/09_Metas/27/07/20190927074500_00160.jpg,datasets_flow/dataset_cropped/09_Metas/27/07/20190927074500_00160.jpg,datasets_cloudmask/dataset_cropped/09_Metas/27/07/20190927074500_00160.png,94.1,405.9,37.9,18.8,963
9/27/2019 7:46,datasets/dataset_cropped/09_Metas/27/07/20190927074600_00160.jpg,datasets_flow/dataset_cropped/09_Metas/27/07/20190927074600_00160.jpg,datasets_cloudmask/dataset_cropped/09_Metas/27/07/20190927074600_00160.png,96.9,412.3,38.4,18.9,963
9/27/2019 7:47,datasets/dataset_cropped/09_Metas/27/07/20190927074700_00160.jpg,datasets_flow/dataset_cropped/09_Metas/27/07/20190927074700_00160.jpg,datasets_cloudmask/dataset_cropped/09_Metas/27/07/20190927074700_00160.png,99.9,418.8,39,18.9,963
9/27/2019 7:48,datasets/dataset_cropped/09_Metas/27/07/20190927074800_00160.jpg,datasets_flow/dataset_cropped/09_Metas/27/07/20190927074800_00160.jpg,datasets_cloudmask/dataset_cropped/09_Metas/27/07/20190927074800_00160.png,103.2,426.4,39.7,19,963
9/27/2019 7:49,datasets/dataset_cropped/09_Metas/27/07/20190927074900_00160.jpg,datasets_flow/dataset_cropped/09_Metas/27/07/20190927074900_00160.jpg,datasets_cloudmask/dataset_cropped/09_Metas/27/07/20190927074900_00160.png,106.6,434.1,40.4,19.1,963
9/27/2019 7:50,datasets/dataset_cropped/09_Metas/27/07/20190927075000_00160.jpg,datasets_flow/dataset_cropped/09_Metas/27/07/20190927075000_00160.jpg,datasets_cloudmask/dataset_cropped/09_Metas/27/07/20190927075000_00160.png,109.9,441.4,41,19.2,963
9/27/2019 7:51,datasets/dataset_cropped/09_Metas/27/07/20190927075100_00160.jpg,datasets_flow/dataset_cropped/09_Metas/27/07/20190927075100_00160.jpg,datasets_cloudmask/dataset_cropped/09_Metas/27/07/20190927075100_00160.png,113.4,449.6,41.7,19.2,963
9/27/2019 7:52,datasets/dataset_cropped/09_Metas/27/07/20190927075200_00160.jpg,datasets_flow/dataset_cropped/09_Metas/27/07/20190927075200_00160.jpg,datasets_cloudmask/dataset_cropped/09_Metas/27/07/20190927075200_00160.png,116.7,457.4,42.3,19.3,963
9/27/2019 7:53,datasets/dataset_cropped/09_Metas/27/07/20190927075300_00160.jpg,datasets_flow/dataset_cropped/09_Metas/27/07/20190927075300_00160.jpg,datasets_cloudmask/dataset_cropped/09_Metas/27/07/20190927075300_00160.png,120,464.2,43,19.3,963
9/27/2019 7:54,datasets/dataset_cropped/09_Metas/27/07/20190927075400_00160.jpg,datasets_flow/dataset_cropped/09_Metas/27/07/20190927075400_00160.jpg,datasets_cloudmask/dataset_cropped/09_Metas/27/07/20190927075400_00160.png,123.2,470.2,43.7,19.4,963
9/27/2019 7:55,datasets/dataset_cropped/09_Metas/27/07/20190927075500_00160.jpg,datasets_flow/dataset_cropped/09_Metas/27/07/20190927075500_00160.jpg,datasets_cloudmask/dataset_cropped/09_Metas/27/07/20190927075500_00160.png,126.2,475.2,44.2,19.5,963
9/27/2019 7:56,datasets/dataset_cropped/09_Metas/27/07/20190927075600_00160.jpg,datasets_flow/dataset_cropped/09_Metas/27/07/20190927075600_00160.jpg,datasets_cloudmask/dataset_cropped/09_Metas/27/07/20190927075600_00160.png,129.4,481,44.8,19.6,963
9/27/2019 7:57,datasets/dataset_cropped/09_Metas/27/07/20190927075700_00160.jpg,datasets_flow/dataset_cropped/09_Metas/27/07/20190927075700_00160.jpg,datasets_cloudmask/dataset_cropped/09_Metas/27/07/20190927075700_00160.png,132.7,487.4,45.4,19.7,963
9/27/2019 7:58,datasets/dataset_cropped/09_Metas/27/07/20190927075800_00160.jpg,datasets_flow/dataset_cropped/09_Metas/27/07/20190927075800_00160.jpg,datasets_cloudmask/dataset_cropped/09_Metas/27/07/20190927075800_00160.png,136.2,494.5,46,19.7,963
9/27/2019 7:59,datasets/dataset_cropped/09_Metas/27/07/20190927075900_00160.jpg,datasets_flow/dataset_cropped/09_Metas/27/07/20190927075900_00160.jpg,datasets_cloudmask/dataset_cropped/09_Metas/27/07/20190927075900_00160.png,139.5,500.4,46.6,19.8,963
9/27/2019 8:00,datasets/dataset_cropped/09_Metas/27/08/20190927080000_00160.jpg,datasets_flow/dataset_cropped/09_Metas/27/08/20190927080000_00160.jpg,datasets_cloudmask/dataset_cropped/09_Metas/27/08/20190927080000_00160.png,142.6,505.4,47.1,19.9,963
9/27/2019 8:01,datasets/dataset_cropped/09_Metas/27/08/20190927080100_00160.jpg,datasets_flow/dataset_cropped/09_Metas/27/08/20190927080100_00160.jpg,datasets_cloudmask/dataset_cropped/09_Metas/27/08/20190927080100_00160.png,145.7,509.8,47.7,19.9,963
9/27/2019 8:02,datasets/dataset_cropped/09_Metas/27/08/20190927080200_00160.jpg,datasets_flow/dataset_cropped/09_Metas/27/08/20190927080200_00160.jpg,datasets_cloudmask/dataset_cropped/09_Metas/27/08/20190927080200_00160.png,148.9,514.8,48.3,20,963
9/27/2019 8:03,datasets/dataset_cropped/09_Metas/27/08/20190927080300_00160.jpg,datasets_flow/dataset_cropped/09_Metas/27/08/20190927080300_00160.jpg,datasets_cloudmask/dataset_cropped/09_Metas/27/08/20190927080300_00160.png,152.1,519.9,48.8,20.1,963
9/27/2019 8:04,datasets/dataset_cropped/09_Metas/27/08/20190927080400_00160.jpg,datasets_flow/dataset_cropped/09_Metas/27/08/20190927080400_00160.jpg,datasets_cloudmask/dataset_cropped/09_Metas/27/08/20190927080400_00160.png,155.3,524.7,49.3,20.2,963
9/27/2019 8:05,datasets/dataset_cropped/09_Metas/27/08/20190927080500_00160.jpg,datasets_flow/dataset_cropped/09_Metas/27/08/20190927080500_00160.jpg,datasets_cloudmask/dataset_cropped/09_Metas/27/08/20190927080500_00160.png,158.3,529.1,49.7,20.2,963
9/27/2019 8:06,datasets/dataset_cropped/09_Metas/27/08/20190927080600_00160.jpg,datasets_flow/dataset_cropped/09_Metas/27/08/20190927080600_00160.jpg,datasets_cloudmask/dataset_cropped/09_Metas/27/08/20190927080600_00160.png,161.7,535,50.2,20.3,963
9/27/2019 8:07,datasets/dataset_cropped/09_Metas/27/08/20190927080700_00160.jpg,datasets_flow/dataset_cropped/09_Metas/27/08/20190927080700_00160.jpg,datasets_cloudmask/dataset_cropped/09_Metas/27/08/20190927080700_00160.png,165.1,540.7,50.7,20.4,963
9/27/2019 8:08,datasets/dataset_cropped/09_Metas/27/08/20190927080800_00160.jpg,datasets_flow/dataset_cropped/09_Metas/27/08/20190927080800_00160.jpg,datasets_cloudmask/dataset_cropped/09_Metas/27/08/20190927080800_00160.png,168.4,545.6,51.2,20.5,963
9/27/2019 8:09,datasets/dataset_cropped/09_Metas/27/08/20190927080900_00160.jpg,datasets_flow/dataset_cropped/09_Metas/27/08/20190927080900_00160.jpg,datasets_cloudmask/dataset_cropped/09_Metas/27/08/20190927080900_00160.png,171.6,549.8,51.7,20.5,963
9/27/2019 8:10,datasets/dataset_cropped/09_Metas/27/08/20190927081000_00160.jpg,datasets_flow/dataset_cropped/09_Metas/27/08/20190927081000_00160.jpg,datasets_cloudmask/dataset_cropped/09_Metas/27/08/20190927081000_00160.png,174.8,553.7,52.2,20.6,963
9/27/2019 8:11,datasets/dataset_cropped/09_Metas/27/08/20190927081100_00160.jpg,datasets_flow/dataset_cropped/09_Metas/27/08/20190927081100_00160.jpg,datasets_cloudmask/dataset_cropped/09_Metas/27/08/20190927081100_00160.png,178.2,558.4,52.8,20.7,963
9/27/2019 8:12,datasets/dataset_cropped/09_Metas/27/08/20190927081200_00160.jpg,datasets_flow/dataset_cropped/09_Metas/27/08/20190927081200_00160.jpg,datasets_cloudmask/dataset_cropped/09_Metas/27/08/20190927081200_00160.png,181.7,564,53.3,20.8,963
9/27/2019 8:13,datasets/dataset_cropped/09_Metas/27/08/20190927081300_00160.jpg,datasets_flow/dataset_cropped/09_Metas/27/08/20190927081300_00160.jpg,datasets_cloudmask/dataset_cropped/09_Metas/27/08/20190927081300_00160.png,185.4,570,53.7,20.8,963
9/27/2019 8:14,datasets/dataset_cropped/09_Metas/27/08/20190927081400_00160.jpg,datasets_flow/dataset_cropped/09_Metas/27/08/20190927081400_00160.jpg,datasets_cloudmask/dataset_cropped/09_Metas/27/08/20190927081400_00160.png,189,575.2,54.2,20.9,963
9/27/2019 8:15,datasets/dataset_cropped/09_Metas/27/08/20190927081500_00160.jpg,datasets_flow/dataset_cropped/09_Metas/27/08/20190927081500_00160.jpg,datasets_cloudmask/dataset_cropped/09_Metas/27/08/20190927081500_00160.png,192.6,580.7,54.6,21.1,963
9/27/2019 8:16,datasets/dataset_cropped/09_Metas/27/08/20190927081600_00160.jpg,datasets_flow/dataset_cropped/09_Metas/27/08/20190927081600_00160.jpg,datasets_cloudmask/dataset_cropped/09_Metas/27/08/20190927081600_00160.png,195.8,584.7,54.9,21.3,963
9/27/2019 8:17,datasets/dataset_cropped/09_Metas/27/08/20190927081700_00160.jpg,datasets_flow/dataset_cropped/09_Metas/27/08/20190927081700_00160.jpg,datasets_cloudmask/dataset_cropped/09_Metas/27/08/20190927081700_00160.png,199.1,589,55.3,21.5,963
9/27/2019 8:18,datasets/dataset_cropped/09_Metas/27/08/20190927081800_00160.jpg,datasets_flow/dataset_cropped/09_Metas/27/08/20190927081800_00160.jpg,datasets_cloudmask/dataset_cropped/09_Metas/27/08/20190927081800_00160.png,202.6,594.2,55.5,21.8,963
9/27/2019 8:19,datasets/dataset_cropped/09_Metas/27/08/20190927081900_00160.jpg,datasets_flow/dataset_cropped/09_Metas/27/08/20190927081900_00160.jpg,datasets_cloudmask/dataset_cropped/09_Metas/27/08/20190927081900_00160.png,206.1,598.4,56,21.9,963
9/27/2019 8:20,datasets/dataset_cropped/09_Metas/27/08/20190927082000_00160.jpg,datasets_flow/dataset_cropped/09_Metas/27/08/20190927082000_00160.jpg,datasets_cloudmask/dataset_cropped/09_Metas/27/08/20190927082000_00160.png,209.6,603.4,56.3,22.1,963
9/27/2019 8:21,datasets/dataset_cropped/09_Metas/27/08/20190927082100_00160.jpg,datasets_flow/dataset_cropped/09_Metas/27/08/20190927082100_00160.jpg,datasets_cloudmask/dataset_cropped/09_Metas/27/08/20190927082100_00160.png,213.5,609.1,56.8,22.3,963
9/27/2019 8:22,datasets/dataset_cropped/09_Metas/27/08/20190927082200_00160.jpg,datasets_flow/dataset_cropped/09_Metas/27/08/20190927082200_00160.jpg,datasets_cloudmask/dataset_cropped/09_Metas/27/08/20190927082200_00160.png,216.9,612.9,57.1,22.4,963
9/27/2019 8:23,datasets/dataset_cropped/09_Metas/27/08/20190927082300_00160.jpg,datasets_flow/dataset_cropped/09_Metas/27/08/20190927082300_00160.jpg,datasets_cloudmask/dataset_cropped/09_Metas/27/08/20190927082300_00160.png,220.4,617.3,57.5,22.3,963
9/27/2019 8:24,datasets/dataset_cropped/09_Metas/27/08/20190927082400_00160.jpg,datasets_flow/dataset_cropped/09_Metas/27/08/20190927082400_00160.jpg,datasets_cloudmask/dataset_cropped/09_Metas/27/08/20190927082400_00160.png,223.9,621.9,57.9,22.3,963
9/27/2019 8:25,datasets/dataset_cropped/09_Metas/27/08/20190927082500_00160.jpg,datasets_flow/dataset_cropped/09_Metas/27/08/20190927082500_00160.jpg,datasets_cloudmask/dataset_cropped/09_Metas/27/08/20190927082500_00160.png,227.3,625.9,58.3,22.3,963
9/27/2019 8:26,datasets/dataset_cropped/09_Metas/27/08/20190927082600_00160.jpg,datasets_flow/dataset_cropped/09_Metas/27/08/20190927082600_00160.jpg,datasets_cloudmask/dataset_cropped/09_Metas/27/08/20190927082600_00160.png,230.7,629.3,58.7,22.4,963
9/27/2019 8:27,datasets/dataset_cropped/09_Metas/27/08/20190927082700_00160.jpg,datasets_flow/dataset_cropped/09_Metas/27/08/20190927082700_00160.jpg,datasets_cloudmask/dataset_cropped/09_Metas/27/08/20190927082700_00160.png,234.2,633.6,59,22.4,963
9/27/2019 8:28,datasets/dataset_cropped/09_Metas/27/08/20190927082800_00160.jpg,datasets_flow/dataset_cropped/09_Metas/27/08/20190927082800_00160.jpg,datasets_cloudmask/dataset_cropped/09_Metas/27/08/20190927082800_00160.png,237.6,637.7,59.4,22.3,963
9/27/2019 8:29,datasets/dataset_cropped/09_Metas/27/08/20190927082900_00160.jpg,datasets_flow/dataset_cropped/09_Metas/27/08/20190927082900_00160.jpg,datasets_cloudmask/dataset_cropped/09_Metas/27/08/20190927082900_00160.png,241.4,642.5,59.7,22.2,963
9/27/2019 8:30,datasets/dataset_cropped/09_Metas/27/08/20190927083000_00160.jpg,datasets_flow/dataset_cropped/09_Metas/27/08/20190927083000_00160.jpg,datasets_cloudmask/dataset_cropped/09_Metas/27/08/20190927083000_00160.png,244.7,645.6,60,22.2,963
9/27/2019 8:31,datasets/dataset_cropped/09_Metas/27/08/20190927083100_00160.jpg,datasets_flow/dataset_cropped/09_Metas/27/08/20190927083100_00160.jpg,datasets_cloudmask/dataset_cropped/09_Metas/27/08/20190927083100_00160.png,248.1,648.9,60.3,22.2,963
9/27/2019 8:32,datasets/dataset_cropped/09_Metas/27/08/20190927083200_00160.jpg,datasets_flow/dataset_cropped/09_Metas/27/08/20190927083200_00160.jpg,datasets_cloudmask/dataset_cropped/09_Metas/27/08/20190927083200_00160.png,251.2,651.2,60.8,22.3,963
9/27/2019 8:33,datasets/dataset_cropped/09_Metas/27/08/20190927083300_00160.jpg,datasets_flow/dataset_cropped/09_Metas/27/08/20190927083300_00160.jpg,datasets_cloudmask/dataset_cropped/09_Metas/27/08/20190927083300_00160.png,254.8,655.1,61.1,22.4,963
9/27/2019 8:34,datasets/dataset_cropped/09_Metas/27/08/20190927083400_00160.jpg,datasets_flow/dataset_cropped/09_Metas/27/08/20190927083400_00160.jpg,datasets_cloudmask/dataset_cropped/09_Metas/27/08/20190927083400_00160.png,258.4,659.3,61.3,22.5,963
9/27/2019 8:35,datasets/dataset_cropped/09_Metas/27/08/20190927083500_00160.jpg,datasets_flow/dataset_cropped/09_Metas/27/08/20190927083500_00160.jpg,datasets_cloudmask/dataset_cropped/09_Metas/27/08/20190927083500_00160.png,262,662.9,61.7,22.4,963
9/27/2019 8:36,datasets/dataset_cropped/09_Metas/27/08/20190927083600_00160.jpg,datasets_flow/dataset_cropped/09_Metas/27/08/20190927083600_00160.jpg,datasets_cloudmask/dataset_cropped/09_Metas/27/08/20190927083600_00160.png,265.5,666.5,62.1,22.5,963
9/27/2019 8:37,datasets/dataset_cropped/09_Metas/27/08/20190927083700_00160.jpg,datasets_flow/dataset_cropped/09_Metas/27/08/20190927083700_00160.jpg,datasets_cloudmask/dataset_cropped/09_Metas/27/08/20190927083700_00160.png,269.1,670.5,62.3,22.4,963
9/27/2019 8:38,datasets/dataset_cropped/09_Metas/27/08/20190927083800_00160.jpg,datasets_flow/dataset_cropped/09_Metas/27/08/20190927083800_00160.jpg,datasets_cloudmask/dataset_cropped/09_Metas/27/08/20190927083800_00160.png,272.5,673.7,62.6,22.3,963
9/27/2019 8:39,datasets/dataset_cropped/09_Metas/27/08/20190927083900_00160.jpg,datasets_flow/dataset_cropped/09_Metas/27/08/20190927083900_00160.jpg,datasets_cloudmask/dataset_cropped/09_Metas/27/08/20190927083900_00160.png,276.2,677.3,62.9,22.2,963
9/27/2019 8:40,datasets/dataset_cropped/09_Metas/27/08/20190927084000_00160.jpg,datasets_flow/dataset_cropped/09_Metas/27/08/20190927084000_00160.jpg,datasets_cloudmask/dataset_cropped/09_Metas/27/08/20190927084000_00160.png,279.6,680.6,63,22.2,963
9/27/2019 8:41,datasets/dataset_cropped/09_Metas/27/08/20190927084100_00160.jpg,datasets_flow/dataset_cropped/09_Metas/27/08/20190927084100_00160.jpg,datasets_cloudmask/dataset_cropped/09_Metas/27/08/20190927084100_00160.png,283.2,683.9,63.4,22.2,963
9/27/2019 8:42,datasets/dataset_cropped/09_Metas/27/08/20190927084200_00160.jpg,datasets_flow/dataset_cropped/09_Metas/27/08/20190927084200_00160.jpg,datasets_cloudmask/dataset_cropped/09_Metas/27/08/20190927084200_00160.png,286.4,686.3,63.6,22.2,963
9/27/2019 8:43,datasets/dataset_cropped/09_Metas/27/08/20190927084300_00160.jpg,datasets_flow/dataset_cropped/09_Metas/27/08/20190927084300_00160.jpg,datasets_cloudmask/dataset_cropped/09_Metas/27/08/20190927084300_00160.png,289.5,688.7,63.9,22.2,963
9/27/2019 8:44,datasets/dataset_cropped/09_Metas/27/08/20190927084400_00160.jpg,datasets_flow/dataset_cropped/09_Metas/27/08/20190927084400_00160.jpg,datasets_cloudmask/dataset_cropped/09_Metas/27/08/20190927084400_00160.png,293.1,691.7,64.2,22.2,963
9/27/2019 8:45,datasets/dataset_cropped/09_Metas/27/08/20190927084500_00160.jpg,datasets_flow/dataset_cropped/09_Metas/27/08/20190927084500_00160.jpg,datasets_cloudmask/dataset_cropped/09_Metas/27/08/20190927084500_00160.png,296.7,695.2,64.5,22.3,963
9/27/2019 8:46,datasets/dataset_cropped/09_Metas/27/08/20190927084600_00160.jpg,datasets_flow/dataset_cropped/09_Metas/27/08/20190927084600_00160.jpg,datasets_cloudmask/dataset_cropped/09_Metas/27/08/20190927084600_00160.png,300.2,698.7,64.7,22.3,963
9/27/2019 8:47,datasets/dataset_cropped/09_Metas/27/08/20190927084700_00160.jpg,datasets_flow/dataset_cropped/09_Metas/27/08/20190927084700_00160.jpg,datasets_cloudmask/dataset_cropped/09_Metas/27/08/20190927084700_00160.png,303.7,701.8,65,22.4,963
9/27/2019 8:48,datasets/dataset_cropped/09_Metas/27/08/20190927084800_00160.jpg,datasets_flow/dataset_cropped/09_Metas/27/08/20190927084800_00160.jpg,datasets_cloudmask/dataset_cropped/09_Metas/27/08/20190927084800_00160.png,307.6,705.5,65.4,22.5,963
9/27/2019 8:49,datasets/dataset_cropped/09_Metas/27/08/20190927084900_00160.jpg,datasets_flow/dataset_cropped/09_Metas/27/08/20190927084900_00160.jpg,datasets_cloudmask/dataset_cropped/09_Metas/27/08/20190927084900_00160.png,310.6,707.4,65.6,22.7,963
9/27/2019 8:50,datasets/dataset_cropped/09_Metas/27/08/20190927085000_00160.jpg,datasets_flow/dataset_cropped/09_Metas/27/08/20190927085000_00160.jpg,datasets_cloudmask/dataset_cropped/09_Metas/27/08/20190927085000_00160.png,314.1,710.2,66,22.9,963
9/27/2019 8:51,datasets/dataset_cropped/09_Metas/27/08/20190927085100_00160.jpg,datasets_flow/dataset_cropped/09_Metas/27/08/20190927085100_00160.jpg,datasets_cloudmask/dataset_cropped/09_Metas/27/08/20190927085100_00160.png,317.5,712.9,66.2,23.2,963
9/27/2019 8:52,datasets/dataset_cropped/09_Metas/27/08/20190927085200_00160.jpg,datasets_flow/dataset_cropped/09_Metas/27/08/20190927085200_00160.jpg,datasets_cloudmask/dataset_cropped/09_Metas/27/08/20190927085200_00160.png,320.8,715,66.5,23.3,963
9/27/2019 8:53,datasets/dataset_cropped/09_Metas/27/08/20190927085300_00160.jpg,datasets_flow/dataset_cropped/09_Metas/27/08/20190927085300_00160.jpg,datasets_cloudmask/dataset_cropped/09_Metas/27/08/20190927085300_00160.png,323.8,716.6,66.9,23.3,963
9/27/2019 8:54,datasets/dataset_cropped/09_Metas/27/08/20190927085400_00160.jpg,datasets_flow/dataset_cropped/09_Metas/27/08/20190927085400_00160.jpg,datasets_cloudmask/dataset_cropped/09_Metas/27/08/20190927085400_00160.png,327.2,718.8,67.4,23.3,963
9/27/2019 8:55,datasets/dataset_cropped/09_Metas/27/08/20190927085500_00160.jpg,datasets_flow/dataset_cropped/09_Metas/27/08/20190927085500_00160.jpg,datasets_cloudmask/dataset_cropped/09_Metas/27/08/20190927085500_00160.png,330.1,720.4,67.9,23.2,963
9/27/2019 8:56,datasets/dataset_cropped/09_Metas/27/08/20190927085600_00160.jpg,datasets_flow/dataset_cropped/09_Metas/27/08/20190927085600_00160.jpg,datasets_cloudmask/dataset_cropped/09_Metas/27/08/20190927085600_00160.png,334.2,723.7,68.1,23.1,963
9/27/2019 8:57,datasets/dataset_cropped/09_Metas/27/08/20190927085700_00160.jpg,datasets_flow/dataset_cropped/09_Metas/27/08/20190927085700_00160.jpg,datasets_cloudmask/dataset_cropped/09_Metas/27/08/20190927085700_00160.png,337.3,725.7,68.2,23,963
9/27/2019 8:58,datasets/dataset_cropped/09_Metas/27/08/20190927085800_00160.jpg,datasets_flow/dataset_cropped/09_Metas/27/08/20190927085800_00160.jpg,datasets_cloudmask/dataset_cropped/09_Metas/27/08/20190927085800_00160.png,341.2,729.7,68.3,23.1,963
9/27/2019 8:59,datasets/dataset_cropped/09_Metas/27/08/20190927085900_00160.jpg,datasets_flow/dataset_cropped/09_Metas/27/08/20190927085900_00160.jpg,datasets_cloudmask/dataset_cropped/09_Metas/27/08/20190927085900_00160.png,344.5,732.2,68.3,23,963
9/27/2019 9:00,datasets/dataset_cropped/09_Metas/27/09/20190927090000_00160.jpg,datasets_flow/dataset_cropped/09_Metas/27/09/20190927090000_00160.jpg,datasets_cloudmask/dataset_cropped/09_Metas/27/09/20190927090000_00160.png,348,734.8,68.5,23,963
9/27/2019 9:01,datasets/dataset_cropped/09_Metas/27/09/20190927090100_00160.jpg,datasets_flow/dataset_cropped/09_Metas/27/09/20190927090100_00160.jpg,datasets_cloudmask/dataset_cropped/09_Metas/27/09/20190927090100_00160.png,351.7,737.9,68.8,23.1,963
9/27/2019 9:02,datasets/dataset_cropped/09_Metas/27/09/20190927090200_00160.jpg,datasets_flow/dataset_cropped/09_Metas/27/09/20190927090200_00160.jpg,datasets_cloudmask/dataset_cropped/09_Metas/27/09/20190927090200_00160.png,354.9,740.2,69,23.2,963
9/27/2019 9:03,datasets/dataset_cropped/09_Metas/27/09/20190927090300_00160.jpg,datasets_flow/dataset_cropped/09_Metas/27/09/20190927090300_00160.jpg,datasets_cloudmask/dataset_cropped/09_Metas/27/09/20190927090300_00160.png,358.1,742.3,69.2,23.3,963
9/27/2019 9:04,datasets/dataset_cropped/09_Metas/27/09/20190927090400_00160.jpg,datasets_flow/dataset_cropped/09_Metas/27/09/20190927090400_00160.jpg,datasets_cloudmask/dataset_cropped/09_Metas/27/09/20190927090400_00160.png,361.8,745.2,69.5,23.4,963
9/27/2019 9:05,datasets/dataset_cropped/09_Metas/27/09/20190927090500_00160.jpg,datasets_flow/dataset_cropped/09_Metas/27/09/20190927090500_00160.jpg,datasets_cloudmask/dataset_cropped/09_Metas/27/09/20190927090500_00160.png,365.2,748,69.6,23.2,963
9/27/2019 9:06,datasets/dataset_cropped/09_Metas/27/09/20190927090600_00160.jpg,datasets_flow/dataset_cropped/09_Metas/27/09/20190927090600_00160.jpg,datasets_cloudmask/dataset_cropped/09_Metas/27/09/20190927090600_00160.png,369,751.5,69.8,23.2,963
9/27/2019 9:07,datasets/dataset_cropped/09_Metas/27/09/20190927090700_00160.jpg,datasets_flow/dataset_cropped/09_Metas/27/09/20190927090700_00160.jpg,datasets_cloudmask/dataset_cropped/09_Metas/27/09/20190927090700_00160.png,372.1,753.7,69.7,23.2,963
9/27/2019 9:08,datasets/dataset_cropped/09_Metas/27/09/20190927090800_00160.jpg,datasets_flow/dataset_cropped/09_Metas/27/09/20190927090800_00160.jpg,datasets_cloudmask/dataset_cropped/09_Metas/27/09/20190927090800_00160.png,375.2,755.6,69.8,23.3,963
9/27/2019 9:09,datasets/dataset_cropped/09_Metas/27/09/20190927090900_00160.jpg,datasets_flow/dataset_cropped/09_Metas/27/09/20190927090900_00160.jpg,datasets_cloudmask/dataset_cropped/09_Metas/27/09/20190927090900_00160.png,378.9,758.4,70.1,23.4,963
9/27/2019 9:10,datasets/dataset_cropped/09_Metas/27/09/20190927091000_00160.jpg,datasets_flow/dataset_cropped/09_Metas/27/09/20190927091000_00160.jpg,datasets_cloudmask/dataset_cropped/09_Metas/27/09/20190927091000_00160.png,382.3,760.8,70.4,23.8,963
9/27/2019 9:11,datasets/dataset_cropped/09_Metas/27/09/20190927091100_00160.jpg,datasets_flow/dataset_cropped/09_Metas/27/09/20190927091100_00160.jpg,datasets_cloudmask/dataset_cropped/09_Metas/27/09/20190927091100_00160.png,385.5,762.8,70.7,24,963
9/27/2019 9:12,datasets/dataset_cropped/09_Metas/27/09/20190927091200_00160.jpg,datasets_flow/dataset_cropped/09_Metas/27/09/20190927091200_00160.jpg,datasets_cloudmask/dataset_cropped/09_Metas/27/09/20190927091200_00160.png,388.9,765.7,70.9,24.1,963
9/27/2019 9:13,datasets/dataset_cropped/09_Metas/27/09/20190927091300_00160.jpg,datasets_flow/dataset_cropped/09_Metas/27/09/20190927091300_00160.jpg,datasets_cloudmask/dataset_cropped/09_Metas/27/09/20190927091300_00160.png,390.8,768.7,70.6,24.4,963
9/27/2019 9:14,datasets/dataset_cropped/09_Metas/27/09/20190927091400_00160.jpg,datasets_flow/dataset_cropped/09_Metas/27/09/20190927091400_00160.jpg,datasets_cloudmask/dataset_cropped/09_Metas/27/09/20190927091400_00160.png,395,770.9,70.5,24.7,963
9/27/2019 9:15,datasets/dataset_cropped/09_Metas/27/09/20190927091500_00160.jpg,datasets_flow/dataset_cropped/09_Metas/27/09/20190927091500_00160.jpg,datasets_cloudmask/dataset_cropped/09_Metas/27/09/20190927091500_00160.png,398.7,773.6,70.6,24.8,963
9/27/2019 9:16,datasets/dataset_cropped/09_Metas/27/09/20190927091600_00160.jpg,datasets_flow/dataset_cropped/09_Metas/27/09/20190927091600_00160.jpg,datasets_cloudmask/dataset_cropped/09_Metas/27/09/20190927091600_00160.png,402,776.3,70.6,24.6,963
9/27/2019 9:17,datasets/dataset_cropped/09_Metas/27/09/20190927091700_00160.jpg,datasets_flow/dataset_cropped/09_Metas/27/09/20190927091700_00160.jpg,datasets_cloudmask/dataset_cropped/09_Metas/27/09/20190927091700_00160.png,405.4,778.4,70.8,24.3,963
9/27/2019 9:18,datasets/dataset_cropped/09_Metas/27/09/20190927091800_00160.jpg,datasets_flow/dataset_cropped/09_Metas/27/09/20190927091800_00160.jpg,datasets_cloudmask/dataset_cropped/09_Metas/27/09/20190927091800_00160.png,408.8,780.8,71,24.4,963
9/27/2019 9:19,datasets/dataset_cropped/09_Metas/27/09/20190927091900_00160.jpg,datasets_flow/dataset_cropped/09_Metas/27/09/20190927091900_00160.jpg,datasets_cloudmask/dataset_cropped/09_Metas/27/09/20190927091900_00160.png,411.9,783,70.9,24.6,963
9/27/2019 9:20,datasets/dataset_cropped/09_Metas/27/09/20190927092000_00160.jpg,datasets_flow/dataset_cropped/09_Metas/27/09/20190927092000_00160.jpg,datasets_cloudmask/dataset_cropped/09_Metas/27/09/20190927092000_00160.png,415.2,785.1,70.8,24.9,963
9/27/2019 9:21,datasets/dataset_cropped/09_Metas/27/09/20190927092100_00160.jpg,datasets_flow/dataset_cropped/09_Metas/27/09/20190927092100_00160.jpg,datasets_cloudmask/dataset_cropped/09_Metas/27/09/20190927092100_00160.png,418.6,787.1,70.6,25,963
9/27/2019 9:22,datasets/dataset_cropped/09_Metas/27/09/20190927092200_00160.jpg,datasets_flow/dataset_cropped/09_Metas/27/09/20190927092200_00160.jpg,datasets_cloudmask/dataset_cropped/09_Metas/27/09/20190927092200_00160.png,421.5,789.1,70.6,25.2,963
9/27/2019 9:23,datasets/dataset_cropped/09_Metas/27/09/20190927092300_00160.jpg,datasets_flow/dataset_cropped/09_Metas/27/09/20190927092300_00160.jpg,datasets_cloudmask/dataset_cropped/09_Metas/27/09/20190927092300_00160.png,424.6,791.2,70.8,25.4,963
9/27/2019 9:24,datasets/dataset_cropped/09_Metas/27/09/20190927092400_00160.jpg,datasets_flow/dataset_cropped/09_Metas/27/09/20190927092400_00160.jpg,datasets_cloudmask/dataset_cropped/09_Metas/27/09/20190927092400_00160.png,428,793.6,71.2,25.6,963
9/27/2019 9:25,datasets/dataset_cropped/09_Metas/27/09/20190927092500_00160.jpg,datasets_flow/dataset_cropped/09_Metas/27/09/20190927092500_00160.jpg,datasets_cloudmask/dataset_cropped/09_Metas/27/09/20190927092500_00160.png,431.5,796.5,71.3,25.5,963
9/27/2019 9:26,datasets/dataset_cropped/09_Metas/27/09/20190927092600_00160.jpg,datasets_flow/dataset_cropped/09_Metas/27/09/20190927092600_00160.jpg,datasets_cloudmask/dataset_cropped/09_Metas/27/09/20190927092600_00160.png,435.1,799.5,71.4,25.2,963
9/27/2019 9:27,datasets/dataset_cropped/09_Metas/27/09/20190927092700_00160.jpg,datasets_flow/dataset_cropped/09_Metas/27/09/20190927092700_00160.jpg,datasets_cloudmask/dataset_cropped/09_Metas/27/09/20190927092700_00160.png,438.1,802,71.5,25.2,963
9/27/2019 9:28,datasets/dataset_cropped/09_Metas/27/09/20190927092800_00160.jpg,datasets_flow/dataset_cropped/09_Metas/27/09/20190927092800_00160.jpg,datasets_cloudmask/dataset_cropped/09_Metas/27/09/20190927092800_00160.png,441.2,803,71.6,25.1,963
9/27/2019 9:29,datasets/dataset_cropped/09_Metas/27/09/20190927092900_00160.jpg,datasets_flow/dataset_cropped/09_Metas/27/09/20190927092900_00160.jpg,datasets_cloudmask/dataset_cropped/09_Metas/27/09/20190927092900_00160.png,444.5,805,71.5,25.1,963
9/27/2019 9:30,datasets/dataset_cropped/09_Metas/27/09/20190927093000_00160.jpg,datasets_flow/dataset_cropped/09_Metas/27/09/20190927093000_00160.jpg,datasets_cloudmask/dataset_cropped/09_Metas/27/09/20190927093000_00160.png,448.1,808,71.5,24.9,963
9/27/2019 9:31,datasets/dataset_cropped/09_Metas/27/09/20190927093100_00160.jpg,datasets_flow/dataset_cropped/09_Metas/27/09/20190927093100_00160.jpg,datasets_cloudmask/dataset_cropped/09_Metas/27/09/20190927093100_00160.png,451.5,811,71.2,24.9,963
9/27/2019 9:32,datasets/dataset_cropped/09_Metas/27/09/20190927093200_00160.jpg,datasets_flow/dataset_cropped/09_Metas/27/09/20190927093200_00160.jpg,datasets_cloudmask/dataset_cropped/09_Metas/27/09/20190927093200_00160.png,454.9,813,71.4,24.9,963
9/27/2019 9:33,datasets/dataset_cropped/09_Metas/27/09/20190927093300_00160.jpg,datasets_flow/dataset_cropped/09_Metas/27/09/20190927093300_00160.jpg,datasets_cloudmask/dataset_cropped/09_Metas/27/09/20190927093300_00160.png,458.1,815,71.7,24.9,963
9/27/2019 9:34,datasets/dataset_cropped/09_Metas/27/09/20190927093400_00160.jpg,datasets_flow/dataset_cropped/09_Metas/27/09/20190927093400_00160.jpg,datasets_cloudmask/dataset_cropped/09_Metas/27/09/20190927093400_00160.png,461.3,817,71.8,25,963
9/27/2019 9:35,datasets/dataset_cropped/09_Metas/27/09/20190927093500_00160.jpg,datasets_flow/dataset_cropped/09_Metas/27/09/20190927093500_00160.jpg,datasets_cloudmask/dataset_cropped/09_Metas/27/09/20190927093500_00160.png,464.1,819,71.7,24.8,963
9/27/2019 9:36,datasets/dataset_cropped/09_Metas/27/09/20190927093600_00160.jpg,datasets_flow/dataset_cropped/09_Metas/27/09/20190927093600_00160.jpg,datasets_cloudmask/dataset_cropped/09_Metas/27/09/20190927093600_00160.png,467.2,820,71.8,24.8,963
9/27/2019 9:37,datasets/dataset_cropped/09_Metas/27/09/20190927093700_00160.jpg,datasets_flow/dataset_cropped/09_Metas/27/09/20190927093700_00160.jpg,datasets_cloudmask/dataset_cropped/09_Metas/27/09/20190927093700_00160.png,470.6,822,71.8,24.8,963
9/27/2019 9:38,datasets/dataset_cropped/09_Metas/27/09/20190927093800_00160.jpg,datasets_flow/dataset_cropped/09_Metas/27/09/20190927093800_00160.jpg,datasets_cloudmask/dataset_cropped/09_Metas/27/09/20190927093800_00160.png,474.2,824,72.1,24.9,963
9/27/2019 9:39,datasets/dataset_cropped/09_Metas/27/09/20190927093900_00160.jpg,datasets_flow/dataset_cropped/09_Metas/27/09/20190927093900_00160.jpg,datasets_cloudmask/dataset_cropped/09_Metas/27/09/20190927093900_00160.png,477.1,825,72.1,25,963
9/27/2019 9:40,datasets/dataset_cropped/09_Metas/27/09/20190927094000_00160.jpg,datasets_flow/dataset_cropped/09_Metas/27/09/20190927094000_00160.jpg,datasets_cloudmask/dataset_cropped/09_Metas/27/09/20190927094000_00160.png,480.1,826,72,25.1,963
9/27/2019 9:41,datasets/dataset_cropped/09_Metas/27/09/20190927094100_00160.jpg,datasets_flow/dataset_cropped/09_Metas/27/09/20190927094100_00160.jpg,datasets_cloudmask/dataset_cropped/09_Metas/27/09/20190927094100_00160.png,482.9,827,72.3,25.1,963
9/27/2019 9:42,datasets/dataset_cropped/09_Metas/27/09/20190927094200_00160.jpg,datasets_flow/dataset_cropped/09_Metas/27/09/20190927094200_00160.jpg,datasets_cloudmask/dataset_cropped/09_Metas/27/09/20190927094200_00160.png,486.1,829,72.5,25,963
9/27/2019 9:43,datasets/dataset_cropped/09_Metas/27/09/20190927094300_00160.jpg,datasets_flow/dataset_cropped/09_Metas/27/09/20190927094300_00160.jpg,datasets_cloudmask/dataset_cropped/09_Metas/27/09/20190927094300_00160.png,489.5,832,71.9,24.9,964
9/27/2019 9:44,datasets/dataset_cropped/09_Metas/27/09/20190927094400_00160.jpg,datasets_flow/dataset_cropped/09_Metas/27/09/20190927094400_00160.jpg,datasets_cloudmask/dataset_cropped/09_Metas/27/09/20190927094400_00160.png,492.3,833,72,24.8,964
9/27/2019 9:45,datasets/dataset_cropped/09_Metas/27/09/20190927094500_00160.jpg,datasets_flow/dataset_cropped/09_Metas/27/09/20190927094500_00160.jpg,datasets_cloudmask/dataset_cropped/09_Metas/27/09/20190927094500_00160.png,495.3,834,72.3,25,963
9/27/2019 9:46,datasets/dataset_cropped/09_Metas/27/09/20190927094600_00160.jpg,datasets_flow/dataset_cropped/09_Metas/27/09/20190927094600_00160.jpg,datasets_cloudmask/dataset_cropped/09_Metas/27/09/20190927094600_00160.png,498.1,835,72.4,25,963
9/27/2019 9:47,datasets/dataset_cropped/09_Metas/27/09/20190927094700_00160.jpg,datasets_flow/dataset_cropped/09_Metas/27/09/20190927094700_00160.jpg,datasets_cloudmask/dataset_cropped/09_Metas/27/09/20190927094700_00160.png,501.2,837,72.6,25.1,964
9/27/2019 9:48,datasets/dataset_cropped/09_Metas/27/09/20190927094800_00160.jpg,datasets_flow/dataset_cropped/09_Metas/27/09/20190927094800_00160.jpg,datasets_cloudmask/dataset_cropped/09_Metas/27/09/20190927094800_00160.png,504,837,73,25,964
9/27/2019 9:49,datasets/dataset_cropped/09_Metas/27/09/20190927094900_00160.jpg,datasets_flow/dataset_cropped/09_Metas/27/09/20190927094900_00160.jpg,datasets_cloudmask/dataset_cropped/09_Metas/27/09/20190927094900_00160.png,507.2,839,73.1,24.9,963
9/27/2019 9:50,datasets/dataset_cropped/09_Metas/27/09/20190927095000_00160.jpg,datasets_flow/dataset_cropped/09_Metas/27/09/20190927095000_00160.jpg,datasets_cloudmask/dataset_cropped/09_Metas/27/09/20190927095000_00160.png,510.4,842,73.1,24.9,964
9/27/2019 9:51,datasets/dataset_cropped/09_Metas/27/09/20190927095100_00160.jpg,datasets_flow/dataset_cropped/09_Metas/27/09/20190927095100_00160.jpg,datasets_cloudmask/dataset_cropped/09_Metas/27/09/20190927095100_00160.png,512.9,843,73,25,964
9/27/2019 9:52,datasets/dataset_cropped/09_Metas/27/09/20190927095200_00160.jpg,datasets_flow/dataset_cropped/09_Metas/27/09/20190927095200_00160.jpg,datasets_cloudmask/dataset_cropped/09_Metas/27/09/20190927095200_00160.png,515.6,843,73,25.1,963
9/27/2019 9:53,datasets/dataset_cropped/09_Metas/27/09/20190927095300_00160.jpg,datasets_flow/dataset_cropped/09_Metas/27/09/20190927095300_00160.jpg,datasets_cloudmask/dataset_cropped/09_Metas/27/09/20190927095300_00160.png,518.7,845,73,25.1,964
9/27/2019 9:54,datasets/dataset_cropped/09_Metas/27/09/20190927095400_00160.jpg,datasets_flow/dataset_cropped/09_Metas/27/09/20190927095400_00160.jpg,datasets_cloudmask/dataset_cropped/09_Metas/27/09/20190927095400_00160.png,521.6,846,73.1,25,963
9/27/2019 9:55,datasets/dataset_cropped/09_Metas/27/09/20190927095500_00160.jpg,datasets_flow/dataset_cropped/09_Metas/27/09/20190927095500_00160.jpg,datasets_cloudmask/dataset_cropped/09_Metas/27/09/20190927095500_00160.png,524.7,848,73,24.9,964
9/27/2019 9:56,datasets/dataset_cropped/09_Metas/27/09/20190927095600_00160.jpg,datasets_flow/dataset_cropped/09_Metas/27/09/20190927095600_00160.jpg,datasets_cloudmask/dataset_cropped/09_Metas/27/09/20190927095600_00160.png,527,848,73.5,25,964
9/27/2019 9:57,datasets/dataset_cropped/09_Metas/27/09/20190927095700_00160.jpg,datasets_flow/dataset_cropped/09_Metas/27/09/20190927095700_00160.jpg,datasets_cloudmask/dataset_cropped/09_Metas/27/09/20190927095700_00160.png,530.6,851,73.6,25,964
9/27/2019 9:58,datasets/dataset_cropped/09_Metas/27/09/20190927095800_00160.jpg,datasets_flow/dataset_cropped/09_Metas/27/09/20190927095800_00160.jpg,datasets_cloudmask/dataset_cropped/09_Metas/27/09/20190927095800_00160.png,533.5,852,73.7,25.1,964
9/27/2019 9:59,datasets/dataset_cropped/09_Metas/27/09/20190927095900_00160.jpg,datasets_flow/dataset_cropped/09_Metas/27/09/20190927095900_00160.jpg,datasets_cloudmask/dataset_cropped/09_Metas/27/09/20190927095900_00160.png,536.4,853,73.8,25.1,964
9/27/2019 10:00,datasets/dataset_cropped/09_Metas/27/10/20190927100000_00160.jpg,datasets_flow/dataset_cropped/09_Metas/27/10/20190927100000_00160.jpg,datasets_cloudmask/dataset_cropped/09_Metas/27/10/20190927100000_00160.png,539.2,854,74,25.1,964
9/27/2019 10:01,datasets/dataset_cropped/09_Metas/27/10/20190927100100_00160.jpg,datasets_flow/dataset_cropped/09_Metas/27/10/20190927100100_00160.jpg,datasets_cloudmask/dataset_cropped/09_Metas/27/10/20190927100100_00160.png,541.5,854,74,25.1,964
9/27/2019 10:02,datasets/dataset_cropped/09_Metas/27/10/20190927100200_00160.jpg,datasets_flow/dataset_cropped/09_Metas/27/10/20190927100200_00160.jpg,datasets_cloudmask/dataset_cropped/09_Metas/27/10/20190927100200_00160.png,544.2,855,73.9,25.2,964
9/27/2019 10:03,datasets/dataset_cropped/09_Metas/27/10/20190927100300_00160.jpg,datasets_flow/dataset_cropped/09_Metas/27/10/20190927100300_00160.jpg,datasets_cloudmask/dataset_cropped/09_Metas/27/10/20190927100300_00160.png,547.4,857,74.4,25.4,963
9/27/2019 10:04,datasets/dataset_cropped/09_Metas/27/10/20190927100400_00160.jpg,datasets_flow/dataset_cropped/09_Metas/27/10/20190927100400_00160.jpg,datasets_cloudmask/dataset_cropped/09_Metas/27/10/20190927100400_00160.png,550.9,860,74.5,25.3,963
9/27/2019 10:05,datasets/dataset_cropped/09_Metas/27/10/20190927100500_00160.jpg,datasets_flow/dataset_cropped/09_Metas/27/10/20190927100500_00160.jpg,datasets_cloudmask/dataset_cropped/09_Metas/27/10/20190927100500_00160.png,554.2,862,74.6,25.3,963
9/27/2019 10:06,datasets/dataset_cropped/09_Metas/27/10/20190927100600_00160.jpg,datasets_flow/dataset_cropped/09_Metas/27/10/20190927100600_00160.jpg,datasets_cloudmask/dataset_cropped/09_Metas/27/10/20190927100600_00160.png,556.8,864,74.1,25.2,963
9/27/2019 10:07,datasets/dataset_cropped/09_Metas/27/10/20190927100700_00160.jpg,datasets_flow/dataset_cropped/09_Metas/27/10/20190927100700_00160.jpg,datasets_cloudmask/dataset_cropped/09_Metas/27/10/20190927100700_00160.png,559.6,865,74,25.3,964
9/27/2019 10:08,datasets/dataset_cropped/09_Metas/27/10/20190927100800_00160.jpg,datasets_flow/dataset_cropped/09_Metas/27/10/20190927100800_00160.jpg,datasets_cloudmask/dataset_cropped/09_Metas/27/10/20190927100800_00160.png,562.4,867,73.6,25.4,964
9/27/2019 10:09,datasets/dataset_cropped/09_Metas/27/10/20190927100900_00160.jpg,datasets_flow/dataset_cropped/09_Metas/27/10/20190927100900_00160.jpg,datasets_cloudmask/dataset_cropped/09_Metas/27/10/20190927100900_00160.png,565.3,868,73.6,25.4,964
9/27/2019 10:10,datasets/dataset_cropped/09_Metas/27/10/20190927101000_00160.jpg,datasets_flow/dataset_cropped/09_Metas/27/10/20190927101000_00160.jpg,datasets_cloudmask/dataset_cropped/09_Metas/27/10/20190927101000_00160.png,567.9,868,74,25.5,964
9/27/2019 10:11,datasets/dataset_cropped/09_Metas/27/10/20190927101100_00160.jpg,datasets_flow/dataset_cropped/09_Metas/27/10/20190927101100_00160.jpg,datasets_cloudmask/dataset_cropped/09_Metas/27/10/20190927101100_00160.png,570.7,869,74,25.4,964
9/27/2019 10:12,datasets/dataset_cropped/09_Metas/27/10/20190927101200_00160.jpg,datasets_flow/dataset_cropped/09_Metas/27/10/20190927101200_00160.jpg,datasets_cloudmask/dataset_cropped/09_Metas/27/10/20190927101200_00160.png,573.2,870,74,25.2,964
9/27/2019 10:13,datasets/dataset_cropped/09_Metas/27/10/20190927101300_00160.jpg,datasets_flow/dataset_cropped/09_Metas/27/10/20190927101300_00160.jpg,datasets_cloudmask/dataset_cropped/09_Metas/27/10/20190927101300_00160.png,576.4,872,73.8,25.3,964
9/27/2019 10:14,datasets/dataset_cropped/09_Metas/27/10/20190927101400_00160.jpg,datasets_flow/dataset_cropped/09_Metas/27/10/20190927101400_00160.jpg,datasets_cloudmask/dataset_cropped/09_Metas/27/10/20190927101400_00160.png,578.8,873,73.8,25.4,964
9/27/2019 10:15,datasets/dataset_cropped/09_Metas/27/10/20190927101500_00160.jpg,datasets_flow/dataset_cropped/09_Metas/27/10/20190927101500_00160.jpg,datasets_cloudmask/dataset_cropped/09_Metas/27/10/20190927101500_00160.png,580.8,873,74,25.4,964
9/27/2019 10:16,datasets/dataset_cropped/09_Metas/27/10/20190927101600_00160.jpg,datasets_flow/dataset_cropped/09_Metas/27/10/20190927101600_00160.jpg,datasets_cloudmask/dataset_cropped/09_Metas/27/10/20190927101600_00160.png,583.7,874,74,25.4,964
9/27/2019 10:17,datasets/dataset_cropped/09_Metas/27/10/20190927101700_00160.jpg,datasets_flow/dataset_cropped/09_Metas/27/10/20190927101700_00160.jpg,datasets_cloudmask/dataset_cropped/09_Metas/27/10/20190927101700_00160.png,586.2,874,74.5,25.5,964
9/27/2019 10:18,datasets/dataset_cropped/09_Metas/27/10/20190927101800_00160.jpg,datasets_flow/dataset_cropped/09_Metas/27/10/20190927101800_00160.jpg,datasets_cloudmask/dataset_cropped/09_Metas/27/10/20190927101800_00160.png,589.8,877,74.6,25.7,964
9/27/2019 10:19,datasets/dataset_cropped/09_Metas/27/10/20190927101900_00160.jpg,datasets_flow/dataset_cropped/09_Metas/27/10/20190927101900_00160.jpg,datasets_cloudmask/dataset_cropped/09_Metas/27/10/20190927101900_00160.png,592.8,879,74.8,25.8,964
9/27/2019 10:20,datasets/dataset_cropped/09_Metas/27/10/20190927102000_00160.jpg,datasets_flow/dataset_cropped/09_Metas/27/10/20190927102000_00160.jpg,datasets_cloudmask/dataset_cropped/09_Metas/27/10/20190927102000_00160.png,595.2,880,74.8,25.8,964
9/27/2019 10:21,datasets/dataset_cropped/09_Metas/27/10/20190927102100_00160.jpg,datasets_flow/dataset_cropped/09_Metas/27/10/20190927102100_00160.jpg,datasets_cloudmask/dataset_cropped/09_Metas/27/10/20190927102100_00160.png,597.9,881,74.7,25.8,964
9/27/2019 10:22,datasets/dataset_cropped/09_Metas/27/10/20190927102200_00160.jpg,datasets_flow/dataset_cropped/09_Metas/27/10/20190927102200_00160.jpg,datasets_cloudmask/dataset_cropped/09_Metas/27/10/20190927102200_00160.png,600.1,881,74.8,25.9,964
9/27/2019 10:23,datasets/dataset_cropped/09_Metas/27/10/20190927102300_00160.jpg,datasets_flow/dataset_cropped/09_Metas/27/10/20190927102300_00160.jpg,datasets_cloudmask/dataset_cropped/09_Metas/27/10/20190927102300_00160.png,603.7,883,74.8,26.1,964
9/27/2019 10:24,datasets/dataset_cropped/09_Metas/27/10/20190927102400_00160.jpg,datasets_flow/dataset_cropped/09_Metas/27/10/20190927102400_00160.jpg,datasets_cloudmask/dataset_cropped/09_Metas/27/10/20190927102400_00160.png,605.7,884,74.6,26.3,964
9/27/2019 10:25,datasets/dataset_cropped/09_Metas/27/10/20190927102500_00160.jpg,datasets_flow/dataset_cropped/09_Metas/27/10/20190927102500_00160.jpg,datasets_cloudmask/dataset_cropped/09_Metas/27/10/20190927102500_00160.png,608.6,885,74.6,26.3,964
9/27/2019 10:26,datasets/dataset_cropped/09_Metas/27/10/20190927102600_00160.jpg,datasets_flow/dataset_cropped/09_Metas/27/10/20190927102600_00160.jpg,datasets_cloudmask/dataset_cropped/09_Metas/27/10/20190927102600_00160.png,610.6,886,74.5,26.4,964
9/27/2019 10:27,datasets/dataset_cropped/09_Metas/27/10/20190927102700_00160.jpg,datasets_flow/dataset_cropped/09_Metas/27/10/20190927102700_00160.jpg,datasets_cloudmask/dataset_cropped/09_Metas/27/10/20190927102700_00160.png,613.3,887,74.8,26.9,964
9/27/2019 10:28,datasets/dataset_cropped/09_Metas/27/10/20190927102800_00160.jpg,datasets_flow/dataset_cropped/09_Metas/27/10/20190927102800_00160.jpg,datasets_cloudmask/dataset_cropped/09_Metas/27/10/20190927102800_00160.png,616.3,888,74.8,27,964
9/27/2019 10:29,datasets/dataset_cropped/09_Metas/27/10/20190927102900_00160.jpg,datasets_flow/dataset_cropped/09_Metas/27/10/20190927102900_00160.jpg,datasets_cloudmask/dataset_cropped/09_Metas/27/10/20190927102900_00160.png,618.7,888,75.5,26.8,964
9/27/2019 10:30,datasets/dataset_cropped/09_Metas/27/10/20190927103000_00160.jpg,datasets_flow/dataset_cropped/09_Metas/27/10/20190927103000_00160.jpg,datasets_cloudmask/dataset_cropped/09_Metas/27/10/20190927103000_00160.png,620.1,888,75.3,26.7,964
9/27/2019 10:31,datasets/dataset_cropped/09_Metas/27/10/20190927103100_00160.jpg,datasets_flow/dataset_cropped/09_Metas/27/10/20190927103100_00160.jpg,datasets_cloudmask/dataset_cropped/09_Metas/27/10/20190927103100_00160.png,622.5,888,75.4,26.4,964
9/27/2019 10:32,datasets/dataset_cropped/09_Metas/27/10/20190927103200_00160.jpg,datasets_flow/dataset_cropped/09_Metas/27/10/20190927103200_00160.jpg,datasets_cloudmask/dataset_cropped/09_Metas/27/10/20190927103200_00160.png,625.2,889,75.8,26.2,964
9/27/2019 10:33,datasets/dataset_cropped/09_Metas/27/10/20190927103300_00160.jpg,datasets_flow/dataset_cropped/09_Metas/27/10/20190927103300_00160.jpg,datasets_cloudmask/dataset_cropped/09_Metas/27/10/20190927103300_00160.png,627.6,889,75.8,26.3,964
9/27/2019 10:34,datasets/dataset_cropped/09_Metas/27/10/20190927103400_00160.jpg,datasets_flow/dataset_cropped/09_Metas/27/10/20190927103400_00160.jpg,datasets_cloudmask/dataset_cropped/09_Metas/27/10/20190927103400_00160.png,628.9,888,75.9,26.4,964
9/27/2019 10:35,datasets/dataset_cropped/09_Metas/27/10/20190927103500_00160.jpg,datasets_flow/dataset_cropped/09_Metas/27/10/20190927103500_00160.jpg,datasets_cloudmask/dataset_cropped/09_Metas/27/10/20190927103500_00160.png,631.4,889,76.2,26.6,964
9/27/2019 10:36,datasets/dataset_cropped/09_Metas/27/10/20190927103600_00160.jpg,datasets_flow/dataset_cropped/09_Metas/27/10/20190927103600_00160.jpg,datasets_cloudmask/dataset_cropped/09_Metas/27/10/20190927103600_00160.png,634.4,891,76.3,26.7,964
9/27/2019 10:37,datasets/dataset_cropped/09_Metas/27/10/20190927103700_00160.jpg,datasets_flow/dataset_cropped/09_Metas/27/10/20190927103700_00160.jpg,datasets_cloudmask/dataset_cropped/09_Metas/27/10/20190927103700_00160.png,636.3,890,76.7,26.6,964
9/27/2019 10:38,datasets/dataset_cropped/09_Metas/27/10/20190927103800_00160.jpg,datasets_flow/dataset_cropped/09_Metas/27/10/20190927103800_00160.jpg,datasets_cloudmask/dataset_cropped/09_Metas/27/10/20190927103800_00160.png,638.6,891,76.8,26.7,964
9/27/2019 10:39,datasets/dataset_cropped/09_Metas/27/10/20190927103900_00160.jpg,datasets_flow/dataset_cropped/09_Metas/27/10/20190927103900_00160.jpg,datasets_cloudmask/dataset_cropped/09_Metas/27/10/20190927103900_00160.png,641.5,892,76.6,26.7,964
9/27/2019 10:40,datasets/dataset_cropped/09_Metas/27/10/20190927104000_00160.jpg,datasets_flow/dataset_cropped/09_Metas/27/10/20190927104000_00160.jpg,datasets_cloudmask/dataset_cropped/09_Metas/27/10/20190927104000_00160.png,643.9,892,76.8,26.5,964
9/27/2019 10:41,datasets/dataset_cropped/09_Metas/27/10/20190927104100_00160.jpg,datasets_flow/dataset_cropped/09_Metas/27/10/20190927104100_00160.jpg,datasets_cloudmask/dataset_cropped/09_Metas/27/10/20190927104100_00160.png,646.1,892,76.8,26.3,964
9/27/2019 10:42,datasets/dataset_cropped/09_Metas/27/10/20190927104200_00160.jpg,datasets_flow/dataset_cropped/09_Metas/27/10/20190927104200_00160.jpg,datasets_cloudmask/dataset_cropped/09_Metas/27/10/20190927104200_00160.png,648.7,893,76.6,26.2,964
9/27/2019 10:43,datasets/dataset_cropped/09_Metas/27/10/20190927104300_00160.jpg,datasets_flow/dataset_cropped/09_Metas/27/10/20190927104300_00160.jpg,datasets_cloudmask/dataset_cropped/09_Metas/27/10/20190927104300_00160.png,650.9,893,76.7,26.2,964
9/27/2019 10:44,datasets/dataset_cropped/09_Metas/27/10/20190927104400_00160.jpg,datasets_flow/dataset_cropped/09_Metas/27/10/20190927104400_00160.jpg,datasets_cloudmask/dataset_cropped/09_Metas/27/10/20190927104400_00160.png,653,894,76.8,26.2,964
9/27/2019 10:45,datasets/dataset_cropped/09_Metas/27/10/20190927104500_00160.jpg,datasets_flow/dataset_cropped/09_Metas/27/10/20190927104500_00160.jpg,datasets_cloudmask/dataset_cropped/09_Metas/27/10/20190927104500_00160.png,655.3,895,77,26.3,964
9/27/2019 10:46,datasets/dataset_cropped/09_Metas/27/10/20190927104600_00160.jpg,datasets_flow/dataset_cropped/09_Metas/27/10/20190927104600_00160.jpg,datasets_cloudmask/dataset_cropped/09_Metas/27/10/20190927104600_00160.png,658.3,897,76.8,26.1,964
9/27/2019 10:47,datasets/dataset_cropped/09_Metas/27/10/20190927104700_00160.jpg,datasets_flow/dataset_cropped/09_Metas/27/10/20190927104700_00160.jpg,datasets_cloudmask/dataset_cropped/09_Metas/27/10/20190927104700_00160.png,660.8,898,77.1,26.1,964
9/27/2019 10:48,datasets/dataset_cropped/09_Metas/27/10/20190927104800_00160.jpg,datasets_flow/dataset_cropped/09_Metas/27/10/20190927104800_00160.jpg,datasets_cloudmask/dataset_cropped/09_Metas/27/10/20190927104800_00160.png,663.7,900,77.3,26.1,964
9/27/2019 10:49,datasets/dataset_cropped/09_Metas/27/10/20190927104900_00160.jpg,datasets_flow/dataset_cropped/09_Metas/27/10/20190927104900_00160.jpg,datasets_cloudmask/dataset_cropped/09_Metas/27/10/20190927104900_00160.png,665,900,77.2,26.3,964
9/27/2019 10:50,datasets/dataset_cropped/09_Metas/27/10/20190927105000_00160.jpg,datasets_flow/dataset_cropped/09_Metas/27/10/20190927105000_00160.jpg,datasets_cloudmask/dataset_cropped/09_Metas/27/10/20190927105000_00160.png,667.3,901,77.2,26.4,964
9/27/2019 10:51,datasets/dataset_cropped/09_Metas/27/10/20190927105100_00160.jpg,datasets_flow/dataset_cropped/09_Metas/27/10/20190927105100_00160.jpg,datasets_cloudmask/dataset_cropped/09_Metas/27/10/20190927105100_00160.png,669.4,902,77.1,26.3,963
9/27/2019 10:52,datasets/dataset_cropped/09_Metas/27/10/20190927105200_00160.jpg,datasets_flow/dataset_cropped/09_Metas/27/10/20190927105200_00160.jpg,datasets_cloudmask/dataset_cropped/09_Metas/27/10/20190927105200_00160.png,671.8,903,77.2,26.4,964
9/27/2019 10:53,datasets/dataset_cropped/09_Metas/27/10/20190927105300_00160.jpg,datasets_flow/dataset_cropped/09_Metas/27/10/20190927105300_00160.jpg,datasets_cloudmask/dataset_cropped/09_Metas/27/10/20190927105300_00160.png,674.4,905,77.1,26.7,963
9/27/2019 10:54,datasets/dataset_cropped/09_Metas/27/10/20190927105400_00160.jpg,datasets_flow/dataset_cropped/09_Metas/27/10/20190927105400_00160.jpg,datasets_cloudmask/dataset_cropped/09_Metas/27/10/20190927105400_00160.png,676.4,905,77.2,26.9,964
9/27/2019 10:55,datasets/dataset_cropped/09_Metas/27/10/20190927105500_00160.jpg,datasets_flow/dataset_cropped/09_Metas/27/10/20190927105500_00160.jpg,datasets_cloudmask/dataset_cropped/09_Metas/27/10/20190927105500_00160.png,678.6,906,77.2,26.7,964
9/27/2019 10:56,datasets/dataset_cropped/09_Metas/27/10/20190927105600_00160.jpg,datasets_flow/dataset_cropped/09_Metas/27/10/20190927105600_00160.jpg,datasets_cloudmask/dataset_cropped/09_Metas/27/10/20190927105600_00160.png,680.9,907,77,26.6,964
9/27/2019 10:57,datasets/dataset_cropped/09_Metas/27/10/20190927105700_00160.jpg,datasets_flow/dataset_cropped/09_Metas/27/10/20190927105700_00160.jpg,datasets_cloudmask/dataset_cropped/09_Metas/27/10/20190927105700_00160.png,682.9,907,76.9,26.5,964
9/27/2019 10:58,datasets/dataset_cropped/09_Metas/27/10/20190927105800_00160.jpg,datasets_flow/dataset_cropped/09_Metas/27/10/20190927105800_00160.jpg,datasets_cloudmask/dataset_cropped/09_Metas/27/10/20190927105800_00160.png,684.7,907,77.1,26.4,964
9/27/2019 10:59,datasets/dataset_cropped/09_Metas/27/10/20190927105900_00160.jpg,datasets_flow/dataset_cropped/09_Metas/27/10/20190927105900_00160.jpg,datasets_cloudmask/dataset_cropped/09_Metas/27/10/20190927105900_00160.png,687.2,908,77,26.5,964
9/27/2019 11:00,datasets/dataset_cropped/09_Metas/27/11/20190927110000_00160.jpg,datasets_flow/dataset_cropped/09_Metas/27/11/20190927110000_00160.jpg,datasets_cloudmask/dataset_cropped/09_Metas/27/11/20190927110000_00160.png,689.4,909,77.2,26.4,963
9/27/2019 11:01,datasets/dataset_cropped/09_Metas/27/11/20190927110100_00160.jpg,datasets_flow/dataset_cropped/09_Metas/27/11/20190927110100_00160.jpg,datasets_cloudmask/dataset_cropped/09_Metas/27/11/20190927110100_00160.png,691.2,910,77.5,26.4,964
9/27/2019 11:02,datasets/dataset_cropped/09_Metas/27/11/20190927110200_00160.jpg,datasets_flow/dataset_cropped/09_Metas/27/11/20190927110200_00160.jpg,datasets_cloudmask/dataset_cropped/09_Metas/27/11/20190927110200_00160.png,693.2,910,77.5,26.3,963
9/27/2019 11:03,datasets/dataset_cropped/09_Metas/27/11/20190927110300_00160.jpg,datasets_flow/dataset_cropped/09_Metas/27/11/20190927110300_00160.jpg,datasets_cloudmask/dataset_cropped/09_Metas/27/11/20190927110300_00160.png,695.1,911,77.5,26.5,964
9/27/2019 11:04,datasets/dataset_cropped/09_Metas/27/11/20190927110400_00160.jpg,datasets_flow/dataset_cropped/09_Metas/27/11/20190927110400_00160.jpg,datasets_cloudmask/dataset_cropped/09_Metas/27/11/20190927110400_00160.png,697,912,77.2,26.6,964
9/27/2019 11:05,datasets/dataset_cropped/09_Metas/27/11/20190927110500_00160.jpg,datasets_flow/dataset_cropped/09_Metas/27/11/20190927110500_00160.jpg,datasets_cloudmask/dataset_cropped/09_Metas/27/11/20190927110500_00160.png,699.6,913,77.6,26.5,963
9/27/2019 11:06,datasets/dataset_cropped/09_Metas/27/11/20190927110600_00160.jpg,datasets_flow/dataset_cropped/09_Metas/27/11/20190927110600_00160.jpg,datasets_cloudmask/dataset_cropped/09_Metas/27/11/20190927110600_00160.png,701.2,914,77.5,26.4,963
9/27/2019 11:07,datasets/dataset_cropped/09_Metas/27/11/20190927110700_00160.jpg,datasets_flow/dataset_cropped/09_Metas/27/11/20190927110700_00160.jpg,datasets_cloudmask/dataset_cropped/09_Metas/27/11/20190927110700_00160.png,702.9,914,77.4,26.6,963
9/27/2019 11:08,datasets/dataset_cropped/09_Metas/27/11/20190927110800_00160.jpg,datasets_flow/dataset_cropped/09_Metas/27/11/20190927110800_00160.jpg,datasets_cloudmask/dataset_cropped/09_Metas/27/11/20190927110800_00160.png,705.2,915,77.7,26.8,963
9/27/2019 11:09,datasets/dataset_cropped/09_Metas/27/11/20190927110900_00160.jpg,datasets_flow/dataset_cropped/09_Metas/27/11/20190927110900_00160.jpg,datasets_cloudmask/dataset_cropped/09_Metas/27/11/20190927110900_00160.png,707.1,915,77.7,26.6,963
9/27/2019 11:10,datasets/dataset_cropped/09_Metas/27/11/20190927111000_00160.jpg,datasets_flow/dataset_cropped/09_Metas/27/11/20190927111000_00160.jpg,datasets_cloudmask/dataset_cropped/09_Metas/27/11/20190927111000_00160.png,708.9,915,77.5,26.6,963
9/27/2019 11:11,datasets/dataset_cropped/09_Metas/27/11/20190927111100_00160.jpg,datasets_flow/dataset_cropped/09_Metas/27/11/20190927111100_00160.jpg,datasets_cloudmask/dataset_cropped/09_Metas/27/11/20190927111100_00160.png,710.8,916,77.4,26.6,963
9/27/2019 11:12,datasets/dataset_cropped/09_Metas/27/11/20190927111200_00160.jpg,datasets_flow/dataset_cropped/09_Metas/27/11/20190927111200_00160.jpg,datasets_cloudmask/dataset_cropped/09_Metas/27/11/20190927111200_00160.png,712.6,917,77.3,26.7,963
9/27/2019 11:13,datasets/dataset_cropped/09_Metas/27/11/20190927111300_00160.jpg,datasets_flow/dataset_cropped/09_Metas/27/11/20190927111300_00160.jpg,datasets_cloudmask/dataset_cropped/09_Metas/27/11/20190927111300_00160.png,714.8,918,77.7,26.7,963
9/27/2019 11:14,datasets/dataset_cropped/09_Metas/27/11/20190927111400_00160.jpg,datasets_flow/dataset_cropped/09_Metas/27/11/20190927111400_00160.jpg,datasets_cloudmask/dataset_cropped/09_Metas/27/11/20190927111400_00160.png,717.4,920,77.5,26.5,963
9/27/2019 11:15,datasets/dataset_cropped/09_Metas/27/11/20190927111500_00160.jpg,datasets_flow/dataset_cropped/09_Metas/27/11/20190927111500_00160.jpg,datasets_cloudmask/dataset_cropped/09_Metas/27/11/20190927111500_00160.png,719.5,920,77.1,26.7,963
9/27/2019 11:16,datasets/dataset_cropped/09_Metas/27/11/20190927111600_00160.jpg,datasets_flow/dataset_cropped/09_Metas/27/11/20190927111600_00160.jpg,datasets_cloudmask/dataset_cropped/09_Metas/27/11/20190927111600_00160.png,721.1,920,77.1,26.7,964
9/27/2019 11:17,datasets/dataset_cropped/09_Metas/27/11/20190927111700_00160.jpg,datasets_flow/dataset_cropped/09_Metas/27/11/20190927111700_00160.jpg,datasets_cloudmask/dataset_cropped/09_Metas/27/11/20190927111700_00160.png,722.2,919,76.9,26.7,963
9/27/2019 11:18,datasets/dataset_cropped/09_Metas/27/11/20190927111800_00160.jpg,datasets_flow/dataset_cropped/09_Metas/27/11/20190927111800_00160.jpg,datasets_cloudmask/dataset_cropped/09_Metas/27/11/20190927111800_00160.png,724,919,77,26.9,963
9/27/2019 11:19,datasets/dataset_cropped/09_Metas/27/11/20190927111900_00160.jpg,datasets_flow/dataset_cropped/09_Metas/27/11/20190927111900_00160.jpg,datasets_cloudmask/dataset_cropped/09_Metas/27/11/20190927111900_00160.png,726,921,77.8,26.8,963
9/27/2019 11:20,datasets/dataset_cropped/09_Metas/27/11/20190927112000_00160.jpg,datasets_flow/dataset_cropped/09_Metas/27/11/20190927112000_00160.jpg,datasets_cloudmask/dataset_cropped/09_Metas/27/11/20190927112000_00160.png,727.7,923,77.9,26.9,963
9/27/2019 11:21,datasets/dataset_cropped/09_Metas/27/11/20190927112100_00160.jpg,datasets_flow/dataset_cropped/09_Metas/27/11/20190927112100_00160.jpg,datasets_cloudmask/dataset_cropped/09_Metas/27/11/20190927112100_00160.png,729.4,924,77.3,26.8,963
9/27/2019 11:22,datasets/dataset_cropped/09_Metas/27/11/20190927112200_00160.jpg,datasets_flow/dataset_cropped/09_Metas/27/11/20190927112200_00160.jpg,datasets_cloudmask/dataset_cropped/09_Metas/27/11/20190927112200_00160.png,731.4,926,77.2,26.9,963
9/27/2019 11:23,datasets/dataset_cropped/09_Metas/27/11/20190927112300_00160.jpg,datasets_flow/dataset_cropped/09_Metas/27/11/20190927112300_00160.jpg,datasets_cloudmask/dataset_cropped/09_Metas/27/11/20190927112300_00160.png,733.3,927,76.7,27.2,963
9/27/2019 11:24,datasets/dataset_cropped/09_Metas/27/11/20190927112400_00160.jpg,datasets_flow/dataset_cropped/09_Metas/27/11/20190927112400_00160.jpg,datasets_cloudmask/dataset_cropped/09_Metas/27/11/20190927112400_00160.png,735.4,927,76.5,27.5,963
9/27/2019 11:25,datasets/dataset_cropped/09_Metas/27/11/20190927112500_00160.jpg,datasets_flow/dataset_cropped/09_Metas/27/11/20190927112500_00160.jpg,datasets_cloudmask/dataset_cropped/09_Metas/27/11/20190927112500_00160.png,737.8,928,76.9,27.6,963
9/27/2019 11:26,datasets/dataset_cropped/09_Metas/27/11/20190927112600_00160.jpg,datasets_flow/dataset_cropped/09_Metas/27/11/20190927112600_00160.jpg,datasets_cloudmask/dataset_cropped/09_Metas/27/11/20190927112600_00160.png,739.3,929,76.5,27.2,963
9/27/2019 11:27,datasets/dataset_cropped/09_Metas/27/11/20190927112700_00160.jpg,datasets_flow/dataset_cropped/09_Metas/27/11/20190927112700_00160.jpg,datasets_cloudmask/dataset_cropped/09_Metas/27/11/20190927112700_00160.png,741,929,76.8,26.9,963
9/27/2019 11:28,datasets/dataset_cropped/09_Metas/27/11/20190927112800_00160.jpg,datasets_flow/dataset_cropped/09_Metas/27/11/20190927112800_00160.jpg,datasets_cloudmask/dataset_cropped/09_Metas/27/11/20190927112800_00160.png,742.5,930,76.9,26.6,963
9/27/2019 11:29,datasets/dataset_cropped/09_Metas/27/11/20190927112900_00160.jpg,datasets_flow/dataset_cropped/09_Metas/27/11/20190927112900_00160.jpg,datasets_cloudmask/dataset_cropped/09_Metas/27/11/20190927112900_00160.png,743.6,929,77.2,26.8,963
9/27/2019 11:30,datasets/dataset_cropped/09_Metas/27/11/20190927113000_00160.jpg,datasets_flow/dataset_cropped/09_Metas/27/11/20190927113000_00160.jpg,datasets_cloudmask/dataset_cropped/09_Metas/27/11/20190927113000_00160.png,745.1,930,76.8,27,963
9/27/2019 11:31,datasets/dataset_cropped/09_Metas/27/11/20190927113100_00160.jpg,datasets_flow/dataset_cropped/09_Metas/27/11/20190927113100_00160.jpg,datasets_cloudmask/dataset_cropped/09_Metas/27/11/20190927113100_00160.png,747,930,76.8,27.2,963
9/27/2019 11:32,datasets/dataset_cropped/09_Metas/27/11/20190927113200_00160.jpg,datasets_flow/dataset_cropped/09_Metas/27/11/20190927113200_00160.jpg,datasets_cloudmask/dataset_cropped/09_Metas/27/11/20190927113200_00160.png,748.6,930,76.7,27.1,963
9/27/2019 11:33,datasets/dataset_cropped/09_Metas/27/11/20190927113300_00160.jpg,datasets_flow/dataset_cropped/09_Metas/27/11/20190927113300_00160.jpg,datasets_cloudmask/dataset_cropped/09_Metas/27/11/20190927113300_00160.png,749.9,930,77,27,963
9/27/2019 11:34,datasets/dataset_cropped/09_Metas/27/11/20190927113400_00160.jpg,datasets_flow/dataset_cropped/09_Metas/27/11/20190927113400_00160.jpg,datasets_cloudmask/dataset_cropped/09_Metas/27/11/20190927113400_00160.png,750.7,928,78,27,963
9/27/2019 11:35,datasets/dataset_cropped/09_Metas/27/11/20190927113500_00160.jpg,datasets_flow/dataset_cropped/09_Metas/27/11/20190927113500_00160.jpg,datasets_cloudmask/dataset_cropped/09_Metas/27/11/20190927113500_00160.png,752.2,929,77.7,27,963
9/27/2019 11:36,datasets/dataset_cropped/09_Metas/27/11/20190927113600_00160.jpg,datasets_flow/dataset_cropped/09_Metas/27/11/20190927113600_00160.jpg,datasets_cloudmask/dataset_cropped/09_Metas/27/11/20190927113600_00160.png,753.4,929,77.4,27.1,963
9/27/2019 11:37,datasets/dataset_cropped/09_Metas/27/11/20190927113700_00160.jpg,datasets_flow/dataset_cropped/09_Metas/27/11/20190927113700_00160.jpg,datasets_cloudmask/dataset_cropped/09_Metas/27/11/20190927113700_00160.png,755,930,77.5,27.2,963
9/27/2019 11:38,datasets/dataset_cropped/09_Metas/27/11/20190927113800_00160.jpg,datasets_flow/dataset_cropped/09_Metas/27/11/20190927113800_00160.jpg,datasets_cloudmask/dataset_cropped/09_Metas/27/11/20190927113800_00160.png,756.7,930,77.4,27.2,963
9/27/2019 11:39,datasets/dataset_cropped/09_Metas/27/11/20190927113900_00160.jpg,datasets_flow/dataset_cropped/09_Metas/27/11/20190927113900_00160.jpg,datasets_cloudmask/dataset_cropped/09_Metas/27/11/20190927113900_00160.png,758.4,931,77.5,27.1,963
9/27/2019 11:40,datasets/dataset_cropped/09_Metas/27/11/20190927114000_00160.jpg,datasets_flow/dataset_cropped/09_Metas/27/11/20190927114000_00160.jpg,datasets_cloudmask/dataset_cropped/09_Metas/27/11/20190927114000_00160.png,759.6,931,77.5,27.1,963
9/27/2019 11:41,datasets/dataset_cropped/09_Metas/27/11/20190927114100_00160.jpg,datasets_flow/dataset_cropped/09_Metas/27/11/20190927114100_00160.jpg,datasets_cloudmask/dataset_cropped/09_Metas/27/11/20190927114100_00160.png,761,931,77.8,27.1,963
9/27/2019 11:42,datasets/dataset_cropped/09_Metas/27/11/20190927114200_00160.jpg,datasets_flow/dataset_cropped/09_Metas/27/11/20190927114200_00160.jpg,datasets_cloudmask/dataset_cropped/09_Metas/27/11/20190927114200_00160.png,762.1,931,77.8,27.2,963
9/27/2019 11:43,datasets/dataset_cropped/09_Metas/27/11/20190927114300_00160.jpg,datasets_flow/dataset_cropped/09_Metas/27/11/20190927114300_00160.jpg,datasets_cloudmask/dataset_cropped/09_Metas/27/11/20190927114300_00160.png,762.7,930,77.8,27.2,963
9/27/2019 11:44,datasets/dataset_cropped/09_Metas/27/11/20190927114400_00160.jpg,datasets_flow/dataset_cropped/09_Metas/27/11/20190927114400_00160.jpg,datasets_cloudmask/dataset_cropped/09_Metas/27/11/20190927114400_00160.png,764.4,932,77.6,27.4,963
9/27/2019 11:45,datasets/dataset_cropped/09_Metas/27/11/20190927114500_00160.jpg,datasets_flow/dataset_cropped/09_Metas/27/11/20190927114500_00160.jpg,datasets_cloudmask/dataset_cropped/09_Metas/27/11/20190927114500_00160.png,766.5,933,77.7,27.5,963
9/27/2019 11:46,datasets/dataset_cropped/09_Metas/27/11/20190927114600_00160.jpg,datasets_flow/dataset_cropped/09_Metas/27/11/20190927114600_00160.jpg,datasets_cloudmask/dataset_cropped/09_Metas/27/11/20190927114600_00160.png,769.1,936,77.5,27.6,963
9/27/2019 11:47,datasets/dataset_cropped/09_Metas/27/11/20190927114700_00160.jpg,datasets_flow/dataset_cropped/09_Metas/27/11/20190927114700_00160.jpg,datasets_cloudmask/dataset_cropped/09_Metas/27/11/20190927114700_00160.png,770.7,936,77.4,27.4,963
9/27/2019 11:48,datasets/dataset_cropped/09_Metas/27/11/20190927114800_00160.jpg,datasets_flow/dataset_cropped/09_Metas/27/11/20190927114800_00160.jpg,datasets_cloudmask/dataset_cropped/09_Metas/27/11/20190927114800_00160.png,771.6,936,77.4,27.6,963
9/27/2019 11:49,datasets/dataset_cropped/09_Metas/27/11/20190927114900_00160.jpg,datasets_flow/dataset_cropped/09_Metas/27/11/20190927114900_00160.jpg,datasets_cloudmask/dataset_cropped/09_Metas/27/11/20190927114900_00160.png,773.4,937,77.9,27.7,963
9/27/2019 11:50,datasets/dataset_cropped/09_Metas/27/11/20190927115000_00160.jpg,datasets_flow/dataset_cropped/09_Metas/27/11/20190927115000_00160.jpg,datasets_cloudmask/dataset_cropped/09_Metas/27/11/20190927115000_00160.png,773.8,936,77.9,27.6,963
9/27/2019 11:51,datasets/dataset_cropped/09_Metas/27/11/20190927115100_00160.jpg,datasets_flow/dataset_cropped/09_Metas/27/11/20190927115100_00160.jpg,datasets_cloudmask/dataset_cropped/09_Metas/27/11/20190927115100_00160.png,773.5,935,78.1,27.6,963
9/27/2019 11:52,datasets/dataset_cropped/09_Metas/27/11/20190927115200_00160.jpg,datasets_flow/dataset_cropped/09_Metas/27/11/20190927115200_00160.jpg,datasets_cloudmask/dataset_cropped/09_Metas/27/11/20190927115200_00160.png,774.2,934,78,27.5,963
9/27/2019 11:53,datasets/dataset_cropped/09_Metas/27/11/20190927115300_00160.jpg,datasets_flow/dataset_cropped/09_Metas/27/11/20190927115300_00160.jpg,datasets_cloudmask/dataset_cropped/09_Metas/27/11/20190927115300_00160.png,775.9,936,78.2,27.6,963
9/27/2019 11:54,datasets/dataset_cropped/09_Metas/27/11/20190927115400_00160.jpg,datasets_flow/dataset_cropped/09_Metas/27/11/20190927115400_00160.jpg,datasets_cloudmask/dataset_cropped/09_Metas/27/11/20190927115400_00160.png,778.1,937,77.9,27.6,963
9/27/2019 11:55,datasets/dataset_cropped/09_Metas/27/11/20190927115500_00160.jpg,datasets_flow/dataset_cropped/09_Metas/27/11/20190927115500_00160.jpg,datasets_cloudmask/dataset_cropped/09_Metas/27/11/20190927115500_00160.png,779.6,939,77.8,27.8,963
9/27/2019 11:56,datasets/dataset_cropped/09_Metas/27/11/20190927115600_00160.jpg,datasets_flow/dataset_cropped/09_Metas/27/11/20190927115600_00160.jpg,datasets_cloudmask/dataset_cropped/09_Metas/27/11/20190927115600_00160.png,780,937,78,28,963
9/27/2019 11:57,datasets/dataset_cropped/09_Metas/27/11/20190927115700_00160.jpg,datasets_flow/dataset_cropped/09_Metas/27/11/20190927115700_00160.jpg,datasets_cloudmask/dataset_cropped/09_Metas/27/11/20190927115700_00160.png,780.4,936,78.4,28.1,963
9/27/2019 11:58,datasets/dataset_cropped/09_Metas/27/11/20190927115800_00160.jpg,datasets_flow/dataset_cropped/09_Metas/27/11/20190927115800_00160.jpg,datasets_cloudmask/dataset_cropped/09_Metas/27/11/20190927115800_00160.png,781.8,938,78,27.9,963
9/27/2019 11:59,datasets/dataset_cropped/09_Metas/27/11/20190927115900_00160.jpg,datasets_flow/dataset_cropped/09_Metas/27/11/20190927115900_00160.jpg,datasets_cloudmask/dataset_cropped/09_Metas/27/11/20190927115900_00160.png,783.4,940,77.6,27.8,963
9/27/2019 12:00,datasets/dataset_cropped/09_Metas/27/12/20190927120000_00160.jpg,datasets_flow/dataset_cropped/09_Metas/27/12/20190927120000_00160.jpg,datasets_cloudmask/dataset_cropped/09_Metas/27/12/20190927120000_00160.png,784.7,940,77.8,28,963
9/27/2019 12:01,datasets/dataset_cropped/09_Metas/27/12/20190927120100_00160.jpg,datasets_flow/dataset_cropped/09_Metas/27/12/20190927120100_00160.jpg,datasets_cloudmask/dataset_cropped/09_Metas/27/12/20190927120100_00160.png,786.6,940,78,27.9,963
9/27/2019 12:02,datasets/dataset_cropped/09_Metas/27/12/20190927120200_00160.jpg,datasets_flow/dataset_cropped/09_Metas/27/12/20190927120200_00160.jpg,datasets_cloudmask/dataset_cropped/09_Metas/27/12/20190927120200_00160.png,787.1,940,77.8,28,963
9/27/2019 12:03,datasets/dataset_cropped/09_Metas/27/12/20190927120300_00160.jpg,datasets_flow/dataset_cropped/09_Metas/27/12/20190927120300_00160.jpg,datasets_cloudmask/dataset_cropped/09_Metas/27/12/20190927120300_00160.png,788.5,940,77.6,28.2,963
9/27/2019 12:04,datasets/dataset_cropped/09_Metas/27/12/20190927120400_00160.jpg,datasets_flow/dataset_cropped/09_Metas/27/12/20190927120400_00160.jpg,datasets_cloudmask/dataset_cropped/09_Metas/27/12/20190927120400_00160.png,789.9,940,77.6,28.2,963
9/27/2019 12:05,datasets/dataset_cropped/09_Metas/27/12/20190927120500_00160.jpg,datasets_flow/dataset_cropped/09_Metas/27/12/20190927120500_00160.jpg,datasets_cloudmask/dataset_cropped/09_Metas/27/12/20190927120500_00160.png,789.1,938,77.5,28,963
9/27/2019 12:06,datasets/dataset_cropped/09_Metas/27/12/20190927120600_00160.jpg,datasets_flow/dataset_cropped/09_Metas/27/12/20190927120600_00160.jpg,datasets_cloudmask/dataset_cropped/09_Metas/27/12/20190927120600_00160.png,789.1,936,77.8,27.9,963
9/27/2019 12:07,datasets/dataset_cropped/09_Metas/27/12/20190927120700_00160.jpg,datasets_flow/dataset_cropped/09_Metas/27/12/20190927120700_00160.jpg,datasets_cloudmask/dataset_cropped/09_Metas/27/12/20190927120700_00160.png,790.7,938,77.8,27.8,963
9/27/2019 12:08,datasets/dataset_cropped/09_Metas/27/12/20190927120800_00160.jpg,datasets_flow/dataset_cropped/09_Metas/27/12/20190927120800_00160.jpg,datasets_cloudmask/dataset_cropped/09_Metas/27/12/20190927120800_00160.png,793.1,940,77.6,28,963
9/27/2019 12:09,datasets/dataset_cropped/09_Metas/27/12/20190927120900_00160.jpg,datasets_flow/dataset_cropped/09_Metas/27/12/20190927120900_00160.jpg,datasets_cloudmask/dataset_cropped/09_Metas/27/12/20190927120900_00160.png,794.1,940,77.7,28.1,963
9/27/2019 12:10,datasets/dataset_cropped/09_Metas/27/12/20190927121000_00160.jpg,datasets_flow/dataset_cropped/09_Metas/27/12/20190927121000_00160.jpg,datasets_cloudmask/dataset_cropped/09_Metas/27/12/20190927121000_00160.png,794.6,940,78.1,28,963
9/27/2019 12:11,datasets/dataset_cropped/09_Metas/27/12/20190927121100_00160.jpg,datasets_flow/dataset_cropped/09_Metas/27/12/20190927121100_00160.jpg,datasets_cloudmask/dataset_cropped/09_Metas/27/12/20190927121100_00160.png,795.8,941,78,28.3,963
9/27/2019 12:12,datasets/dataset_cropped/09_Metas/27/12/20190927121200_00160.jpg,datasets_flow/dataset_cropped/09_Metas/27/12/20190927121200_00160.jpg,datasets_cloudmask/dataset_cropped/09_Metas/27/12/20190927121200_00160.png,797.3,942,77.8,28.5,963
9/27/2019 12:13,datasets/dataset_cropped/09_Metas/27/12/20190927121300_00160.jpg,datasets_flow/dataset_cropped/09_Metas/27/12/20190927121300_00160.jpg,datasets_cloudmask/dataset_cropped/09_Metas/27/12/20190927121300_00160.png,798,942,77.5,28.5,963
9/27/2019 12:14,datasets/dataset_cropped/09_Metas/27/12/20190927121400_00160.jpg,datasets_flow/dataset_cropped/09_Metas/27/12/20190927121400_00160.jpg,datasets_cloudmask/dataset_cropped/09_Metas/27/12/20190927121400_00160.png,797,939,77.8,28.4,963
9/27/2019 12:15,datasets/dataset_cropped/09_Metas/27/12/20190927121500_00160.jpg,datasets_flow/dataset_cropped/09_Metas/27/12/20190927121500_00160.jpg,datasets_cloudmask/dataset_cropped/09_Metas/27/12/20190927121500_00160.png,797.7,939,78.2,28.5,963
9/27/2019 12:16,datasets/dataset_cropped/09_Metas/27/12/20190927121600_00160.jpg,datasets_flow/dataset_cropped/09_Metas/27/12/20190927121600_00160.jpg,datasets_cloudmask/dataset_cropped/09_Metas/27/12/20190927121600_00160.png,799.9,942,78.3,28.2,963
9/27/2019 12:17,datasets/dataset_cropped/09_Metas/27/12/20190927121700_00160.jpg,datasets_flow/dataset_cropped/09_Metas/27/12/20190927121700_00160.jpg,datasets_cloudmask/dataset_cropped/09_Metas/27/12/20190927121700_00160.png,802,945,78,27.9,963
9/27/2019 12:18,datasets/dataset_cropped/09_Metas/27/12/20190927121800_00160.jpg,datasets_flow/dataset_cropped/09_Metas/27/12/20190927121800_00160.jpg,datasets_cloudmask/dataset_cropped/09_Metas/27/12/20190927121800_00160.png,803,945,77.9,27.8,963
9/27/2019 12:19,datasets/dataset_cropped/09_Metas/27/12/20190927121900_00160.jpg,datasets_flow/dataset_cropped/09_Metas/27/12/20190927121900_00160.jpg,datasets_cloudmask/dataset_cropped/09_Metas/27/12/20190927121900_00160.png,803,945,77.7,27.9,963
9/27/2019 12:20,datasets/dataset_cropped/09_Metas/27/12/20190927122000_00160.jpg,datasets_flow/dataset_cropped/09_Metas/27/12/20190927122000_00160.jpg,datasets_cloudmask/dataset_cropped/09_Metas/27/12/20190927122000_00160.png,804,944,77.5,28.1,963
9/27/2019 12:21,datasets/dataset_cropped/09_Metas/27/12/20190927122100_00160.jpg,datasets_flow/dataset_cropped/09_Metas/27/12/20190927122100_00160.jpg,datasets_cloudmask/dataset_cropped/09_Metas/27/12/20190927122100_00160.png,805,945,77.8,28.2,963
9/27/2019 12:22,datasets/dataset_cropped/09_Metas/27/12/20190927122200_00160.jpg,datasets_flow/dataset_cropped/09_Metas/27/12/20190927122200_00160.jpg,datasets_cloudmask/dataset_cropped/09_Metas/27/12/20190927122200_00160.png,805,944,78,28.1,963
9/27/2019 12:23,datasets/dataset_cropped/09_Metas/27/12/20190927122300_00160.jpg,datasets_flow/dataset_cropped/09_Metas/27/12/20190927122300_00160.jpg,datasets_cloudmask/dataset_cropped/09_Metas/27/12/20190927122300_00160.png,804,942,78.4,27.9,963
9/27/2019 12:24,datasets/dataset_cropped/09_Metas/27/12/20190927122400_00160.jpg,datasets_flow/dataset_cropped/09_Metas/27/12/20190927122400_00160.jpg,datasets_cloudmask/dataset_cropped/09_Metas/27/12/20190927122400_00160.png,805,944,78.3,28.1,963
9/27/2019 12:25,datasets/dataset_cropped/09_Metas/27/12/20190927122500_00160.jpg,datasets_flow/dataset_cropped/09_Metas/27/12/20190927122500_00160.jpg,datasets_cloudmask/dataset_cropped/09_Metas/27/12/20190927122500_00160.png,804,942,78.5,27.9,963
9/27/2019 12:26,datasets/dataset_cropped/09_Metas/27/12/20190927122600_00160.jpg,datasets_flow/dataset_cropped/09_Metas/27/12/20190927122600_00160.jpg,datasets_cloudmask/dataset_cropped/09_Metas/27/12/20190927122600_00160.png,806,944,78.6,27.9,963
9/27/2019 12:27,datasets/dataset_cropped/09_Metas/27/12/20190927122700_00160.jpg,datasets_flow/dataset_cropped/09_Metas/27/12/20190927122700_00160.jpg,datasets_cloudmask/dataset_cropped/09_Metas/27/12/20190927122700_00160.png,808,947,78.1,28.1,963
9/27/2019 12:28,datasets/dataset_cropped/09_Metas/27/12/20190927122800_00160.jpg,datasets_flow/dataset_cropped/09_Metas/27/12/20190927122800_00160.jpg,datasets_cloudmask/dataset_cropped/09_Metas/27/12/20190927122800_00160.png,810,948,77.5,28.2,963
9/27/2019 12:29,datasets/dataset_cropped/09_Metas/27/12/20190927122900_00160.jpg,datasets_flow/dataset_cropped/09_Metas/27/12/20190927122900_00160.jpg,datasets_cloudmask/dataset_cropped/09_Metas/27/12/20190927122900_00160.png,812,949,77.3,28.4,963
9/27/2019 12:30,datasets/dataset_cropped/09_Metas/27/12/20190927123000_00160.jpg,datasets_flow/dataset_cropped/09_Metas/27/12/20190927123000_00160.jpg,datasets_cloudmask/dataset_cropped/09_Metas/27/12/20190927123000_00160.png,812,947,77.5,28.6,963
9/27/2019 12:31,datasets/dataset_cropped/09_Metas/27/12/20190927123100_00160.jpg,datasets_flow/dataset_cropped/09_Metas/27/12/20190927123100_00160.jpg,datasets_cloudmask/dataset_cropped/09_Metas/27/12/20190927123100_00160.png,810,944,77.8,28.6,963
9/27/2019 12:32,datasets/dataset_cropped/09_Metas/27/12/20190927123200_00160.jpg,datasets_flow/dataset_cropped/09_Metas/27/12/20190927123200_00160.jpg,datasets_cloudmask/dataset_cropped/09_Metas/27/12/20190927123200_00160.png,811,944,77.8,28.6,963
9/27/2019 12:33,datasets/dataset_cropped/09_Metas/27/12/20190927123300_00160.jpg,datasets_flow/dataset_cropped/09_Metas/27/12/20190927123300_00160.jpg,datasets_cloudmask/dataset_cropped/09_Metas/27/12/20190927123300_00160.png,812,945,77.9,28.5,963
9/27/2019 12:34,datasets/dataset_cropped/09_Metas/27/12/20190927123400_00160.jpg,datasets_flow/dataset_cropped/09_Metas/27/12/20190927123400_00160.jpg,datasets_cloudmask/dataset_cropped/09_Metas/27/12/20190927123400_00160.png,812,946,78.3,28.3,963
9/27/2019 12:35,datasets/dataset_cropped/09_Metas/27/12/20190927123500_00160.jpg,datasets_flow/dataset_cropped/09_Metas/27/12/20190927123500_00160.jpg,datasets_cloudmask/dataset_cropped/09_Metas/27/12/20190927123500_00160.png,814,949,78.2,28.2,963
9/27/2019 12:36,datasets/dataset_cropped/09_Metas/27/12/20190927123600_00160.jpg,datasets_flow/dataset_cropped/09_Metas/27/12/20190927123600_00160.jpg,datasets_cloudmask/dataset_cropped/09_Metas/27/12/20190927123600_00160.png,814,949,78.1,28.2,963
9/27/2019 12:37,datasets/dataset_cropped/09_Metas/27/12/20190927123700_00160.jpg,datasets_flow/dataset_cropped/09_Metas/27/12/20190927123700_00160.jpg,datasets_cloudmask/dataset_cropped/09_Metas/27/12/20190927123700_00160.png,814,948,78,28.3,963
9/27/2019 12:38,datasets/dataset_cropped/09_Metas/27/12/20190927123800_00160.jpg,datasets_flow/dataset_cropped/09_Metas/27/12/20190927123800_00160.jpg,datasets_cloudmask/dataset_cropped/09_Metas/27/12/20190927123800_00160.png,815,949,78.1,28.2,963
9/27/2019 12:39,datasets/dataset_cropped/09_Metas/27/12/20190927123900_00160.jpg,datasets_flow/dataset_cropped/09_Metas/27/12/20190927123900_00160.jpg,datasets_cloudmask/dataset_cropped/09_Metas/27/12/20190927123900_00160.png,815,948,78.4,28.1,963
9/27/2019 12:40,datasets/dataset_cropped/09_Metas/27/12/20190927124000_00160.jpg,datasets_flow/dataset_cropped/09_Metas/27/12/20190927124000_00160.jpg,datasets_cloudmask/dataset_cropped/09_Metas/27/12/20190927124000_00160.png,815,948,78.8,28.2,963
9/27/2019 12:41,datasets/dataset_cropped/09_Metas/27/12/20190927124100_00160.jpg,datasets_flow/dataset_cropped/09_Metas/27/12/20190927124100_00160.jpg,datasets_cloudmask/dataset_cropped/09_Metas/27/12/20190927124100_00160.png,815,948,79.2,28.2,963
9/27/2019 12:42,datasets/dataset_cropped/09_Metas/27/12/20190927124200_00160.jpg,datasets_flow/dataset_cropped/09_Metas/27/12/20190927124200_00160.jpg,datasets_cloudmask/dataset_cropped/09_Metas/27/12/20190927124200_00160.png,816,949,79.1,28,963
9/27/2019 12:43,datasets/dataset_cropped/09_Metas/27/12/20190927124300_00160.jpg,datasets_flow/dataset_cropped/09_Metas/27/12/20190927124300_00160.jpg,datasets_cloudmask/dataset_cropped/09_Metas/27/12/20190927124300_00160.png,816,949,78.5,28.2,963
9/27/2019 12:44,datasets/dataset_cropped/09_Metas/27/12/20190927124400_00160.jpg,datasets_flow/dataset_cropped/09_Metas/27/12/20190927124400_00160.jpg,datasets_cloudmask/dataset_cropped/09_Metas/27/12/20190927124400_00160.png,815,946,78.1,28.2,963
9/27/2019 12:45,datasets/dataset_cropped/09_Metas/27/12/20190927124500_00160.jpg,datasets_flow/dataset_cropped/09_Metas/27/12/20190927124500_00160.jpg,datasets_cloudmask/dataset_cropped/09_Metas/27/12/20190927124500_00160.png,815,945,78.3,28.2,963
9/27/2019 12:46,datasets/dataset_cropped/09_Metas/27/12/20190927124600_00160.jpg,datasets_flow/dataset_cropped/09_Metas/27/12/20190927124600_00160.jpg,datasets_cloudmask/dataset_cropped/09_Metas/27/12/20190927124600_00160.png,814,944,78.4,28.3,963
9/27/2019 12:47,datasets/dataset_cropped/09_Metas/27/12/20190927124700_00160.jpg,datasets_flow/dataset_cropped/09_Metas/27/12/20190927124700_00160.jpg,datasets_cloudmask/dataset_cropped/09_Metas/27/12/20190927124700_00160.png,816,946,78.3,28.2,963
9/27/2019 12:48,datasets/dataset_cropped/09_Metas/27/12/20190927124800_00160.jpg,datasets_flow/dataset_cropped/09_Metas/27/12/20190927124800_00160.jpg,datasets_cloudmask/dataset_cropped/09_Metas/27/12/20190927124800_00160.png,818,948,78.2,28.2,963
9/27/2019 12:49,datasets/dataset_cropped/09_Metas/27/12/20190927124900_00160.jpg,datasets_flow/dataset_cropped/09_Metas/27/12/20190927124900_00160.jpg,datasets_cloudmask/dataset_cropped/09_Metas/27/12/20190927124900_00160.png,820,950,78.3,28.3,963
9/27/2019 12:50,datasets/dataset_cropped/09_Metas/27/12/20190927125000_00160.jpg,datasets_flow/dataset_cropped/09_Metas/27/12/20190927125000_00160.jpg,datasets_cloudmask/dataset_cropped/09_Metas/27/12/20190927125000_00160.png,820,951,78.2,28.3,963
9/27/2019 12:51,datasets/dataset_cropped/09_Metas/27/12/20190927125100_00160.jpg,datasets_flow/dataset_cropped/09_Metas/27/12/20190927125100_00160.jpg,datasets_cloudmask/dataset_cropped/09_Metas/27/12/20190927125100_00160.png,819,950,78.2,28.5,963
9/27/2019 12:52,datasets/dataset_cropped/09_Metas/27/12/20190927125200_00160.jpg,datasets_flow/dataset_cropped/09_Metas/27/12/20190927125200_00160.jpg,datasets_cloudmask/dataset_cropped/09_Metas/27/12/20190927125200_00160.png,819,949,78.7,28.7,963
9/27/2019 12:53,datasets/dataset_cropped/09_Metas/27/12/20190927125300_00160.jpg,datasets_flow/dataset_cropped/09_Metas/27/12/20190927125300_00160.jpg,datasets_cloudmask/dataset_cropped/09_Metas/27/12/20190927125300_00160.png,819,947,79.4,28.8,963
9/27/2019 12:54,datasets/dataset_cropped/09_Metas/27/12/20190927125400_00160.jpg,datasets_flow/dataset_cropped/09_Metas/27/12/20190927125400_00160.jpg,datasets_cloudmask/dataset_cropped/09_Metas/27/12/20190927125400_00160.png,818,944,79.9,28.5,963
9/27/2019 12:55,datasets/dataset_cropped/09_Metas/27/12/20190927125500_00160.jpg,datasets_flow/dataset_cropped/09_Metas/27/12/20190927125500_00160.jpg,datasets_cloudmask/dataset_cropped/09_Metas/27/12/20190927125500_00160.png,818,944,80.1,28.4,963
9/27/2019 12:56,datasets/dataset_cropped/09_Metas/27/12/20190927125600_00160.jpg,datasets_flow/dataset_cropped/09_Metas/27/12/20190927125600_00160.jpg,datasets_cloudmask/dataset_cropped/09_Metas/27/12/20190927125600_00160.png,819,945,80.5,28.4,963
9/27/2019 12:57,datasets/dataset_cropped/09_Metas/27/12/20190927125700_00160.jpg,datasets_flow/dataset_cropped/09_Metas/27/12/20190927125700_00160.jpg,datasets_cloudmask/dataset_cropped/09_Metas/27/12/20190927125700_00160.png,820,947,80.8,28.4,963
9/27/2019 12:58,datasets/dataset_cropped/09_Metas/27/12/20190927125800_00160.jpg,datasets_flow/dataset_cropped/09_Metas/27/12/20190927125800_00160.jpg,datasets_cloudmask/dataset_cropped/09_Metas/27/12/20190927125800_00160.png,822,950,81,28.5,963
9/27/2019 12:59,datasets/dataset_cropped/09_Metas/27/12/20190927125900_00160.jpg,datasets_flow/dataset_cropped/09_Metas/27/12/20190927125900_00160.jpg,datasets_cloudmask/dataset_cropped/09_Metas/27/12/20190927125900_00160.png,821,949,80.3,28.6,963
9/27/2019 13:00,datasets/dataset_cropped/09_Metas/27/13/20190927130000_00160.jpg,datasets_flow/dataset_cropped/09_Metas/27/13/20190927130000_00160.jpg,datasets_cloudmask/dataset_cropped/09_Metas/27/13/20190927130000_00160.png,821,949,80,28.5,963
9/27/2019 13:01,datasets/dataset_cropped/09_Metas/27/13/20190927130100_00160.jpg,datasets_flow/dataset_cropped/09_Metas/27/13/20190927130100_00160.jpg,datasets_cloudmask/dataset_cropped/09_Metas/27/13/20190927130100_00160.png,821,947,80.1,28.5,963
9/27/2019 13:02,datasets/dataset_cropped/09_Metas/27/13/20190927130200_00160.jpg,datasets_flow/dataset_cropped/09_Metas/27/13/20190927130200_00160.jpg,datasets_cloudmask/dataset_cropped/09_Metas/27/13/20190927130200_00160.png,819,945,80.1,28.5,963
9/27/2019 13:03,datasets/dataset_cropped/09_Metas/27/13/20190927130300_00160.jpg,datasets_flow/dataset_cropped/09_Metas/27/13/20190927130300_00160.jpg,datasets_cloudmask/dataset_cropped/09_Metas/27/13/20190927130300_00160.png,819,943,80.6,28.6,963
9/27/2019 13:04,datasets/dataset_cropped/09_Metas/27/13/20190927130400_00160.jpg,datasets_flow/dataset_cropped/09_Metas/27/13/20190927130400_00160.jpg,datasets_cloudmask/dataset_cropped/09_Metas/27/13/20190927130400_00160.png,818,942,81,28.5,963
9/27/2019 13:05,datasets/dataset_cropped/09_Metas/27/13/20190927130500_00160.jpg,datasets_flow/dataset_cropped/09_Metas/27/13/20190927130500_00160.jpg,datasets_cloudmask/dataset_cropped/09_Metas/27/13/20190927130500_00160.png,817,941,81.7,28.4,962
9/27/2019 13:06,datasets/dataset_cropped/09_Metas/27/13/20190927130600_00160.jpg,datasets_flow/dataset_cropped/09_Metas/27/13/20190927130600_00160.jpg,datasets_cloudmask/dataset_cropped/09_Metas/27/13/20190927130600_00160.png,817,942,82.1,28.4,963
9/27/2019 13:07,datasets/dataset_cropped/09_Metas/27/13/20190927130700_00160.jpg,datasets_flow/dataset_cropped/09_Metas/27/13/20190927130700_00160.jpg,datasets_cloudmask/dataset_cropped/09_Metas/27/13/20190927130700_00160.png,818,942,82.5,28.6,963
9/27/2019 13:08,datasets/dataset_cropped/09_Metas/27/13/20190927130800_00160.jpg,datasets_flow/dataset_cropped/09_Metas/27/13/20190927130800_00160.jpg,datasets_cloudmask/dataset_cropped/09_Metas/27/13/20190927130800_00160.png,817,941,82.3,28.5,962
9/27/2019 13:09,datasets/dataset_cropped/09_Metas/27/13/20190927130900_00160.jpg,datasets_flow/dataset_cropped/09_Metas/27/13/20190927130900_00160.jpg,datasets_cloudmask/dataset_cropped/09_Metas/27/13/20190927130900_00160.png,816,939,82.1,28.5,962
9/27/2019 13:10,datasets/dataset_cropped/09_Metas/27/13/20190927131000_00160.jpg,datasets_flow/dataset_cropped/09_Metas/27/13/20190927131000_00160.jpg,datasets_cloudmask/dataset_cropped/09_Metas/27/13/20190927131000_00160.png,816,938,82.4,28.4,962
9/27/2019 13:11,datasets/dataset_cropped/09_Metas/27/13/20190927131100_00160.jpg,datasets_flow/dataset_cropped/09_Metas/27/13/20190927131100_00160.jpg,datasets_cloudmask/dataset_cropped/09_Metas/27/13/20190927131100_00160.png,816,939,82.3,28.4,962
9/27/2019 13:12,datasets/dataset_cropped/09_Metas/27/13/20190927131200_00160.jpg,datasets_flow/dataset_cropped/09_Metas/27/13/20190927131200_00160.jpg,datasets_cloudmask/dataset_cropped/09_Metas/27/13/20190927131200_00160.png,816,940,82.2,28.6,962
9/27/2019 13:13,datasets/dataset_cropped/09_Metas/27/13/20190927131300_00160.jpg,datasets_flow/dataset_cropped/09_Metas/27/13/20190927131300_00160.jpg,datasets_cloudmask/dataset_cropped/09_Metas/27/13/20190927131300_00160.png,818,943,82.2,28.6,962
9/27/2019 13:14,datasets/dataset_cropped/09_Metas/27/13/20190927131400_00160.jpg,datasets_flow/dataset_cropped/09_Metas/27/13/20190927131400_00160.jpg,datasets_cloudmask/dataset_cropped/09_Metas/27/13/20190927131400_00160.png,819,944,82.3,28.7,962
9/27/2019 13:15,datasets/dataset_cropped/09_Metas/27/13/20190927131500_00160.jpg,datasets_flow/dataset_cropped/09_Metas/27/13/20190927131500_00160.jpg,datasets_cloudmask/dataset_cropped/09_Metas/27/13/20190927131500_00160.png,818,944,82.2,28.7,963
9/27/2019 13:16,datasets/dataset_cropped/09_Metas/27/13/20190927131600_00160.jpg,datasets_flow/dataset_cropped/09_Metas/27/13/20190927131600_00160.jpg,datasets_cloudmask/dataset_cropped/09_Metas/27/13/20190927131600_00160.png,818,944,82.1,28.6,962
9/27/2019 13:17,datasets/dataset_cropped/09_Metas/27/13/20190927131700_00160.jpg,datasets_flow/dataset_cropped/09_Metas/27/13/20190927131700_00160.jpg,datasets_cloudmask/dataset_cropped/09_Metas/27/13/20190927131700_00160.png,816,940,82.4,28.5,962
9/27/2019 13:18,datasets/dataset_cropped/09_Metas/27/13/20190927131800_00160.jpg,datasets_flow/dataset_cropped/09_Metas/27/13/20190927131800_00160.jpg,datasets_cloudmask/dataset_cropped/09_Metas/27/13/20190927131800_00160.png,812,936,82.9,28.5,962
9/27/2019 13:19,datasets/dataset_cropped/09_Metas/27/13/20190927131900_00160.jpg,datasets_flow/dataset_cropped/09_Metas/27/13/20190927131900_00160.jpg,datasets_cloudmask/dataset_cropped/09_Metas/27/13/20190927131900_00160.png,810,933,83.3,28.8,962
9/27/2019 13:20,datasets/dataset_cropped/09_Metas/27/13/20190927132000_00160.jpg,datasets_flow/dataset_cropped/09_Metas/27/13/20190927132000_00160.jpg,datasets_cloudmask/dataset_cropped/09_Metas/27/13/20190927132000_00160.png,811,935,83.3,28.9,962
9/27/2019 13:21,datasets/dataset_cropped/09_Metas/27/13/20190927132100_00160.jpg,datasets_flow/dataset_cropped/09_Metas/27/13/20190927132100_00160.jpg,datasets_cloudmask/dataset_cropped/09_Metas/27/13/20190927132100_00160.png,814,939,83.7,29.2,962
9/27/2019 13:22,datasets/dataset_cropped/09_Metas/27/13/20190927132200_00160.jpg,datasets_flow/dataset_cropped/09_Metas/27/13/20190927132200_00160.jpg,datasets_cloudmask/dataset_cropped/09_Metas/27/13/20190927132200_00160.png,811,936,83.3,29.4,962
9/27/2019 13:23,datasets/dataset_cropped/09_Metas/27/13/20190927132300_00160.jpg,datasets_flow/dataset_cropped/09_Metas/27/13/20190927132300_00160.jpg,datasets_cloudmask/dataset_cropped/09_Metas/27/13/20190927132300_00160.png,809,932,83.6,29.4,962
9/27/2019 13:24,datasets/dataset_cropped/09_Metas/27/13/20190927132400_00160.jpg,datasets_flow/dataset_cropped/09_Metas/27/13/20190927132400_00160.jpg,datasets_cloudmask/dataset_cropped/09_Metas/27/13/20190927132400_00160.png,810,934,83.9,29.1,962
9/27/2019 13:25,datasets/dataset_cropped/09_Metas/27/13/20190927132500_00160.jpg,datasets_flow/dataset_cropped/09_Metas/27/13/20190927132500_00160.jpg,datasets_cloudmask/dataset_cropped/09_Metas/27/13/20190927132500_00160.png,810,935,83.8,29,962
9/27/2019 13:26,datasets/dataset_cropped/09_Metas/27/13/20190927132600_00160.jpg,datasets_flow/dataset_cropped/09_Metas/27/13/20190927132600_00160.jpg,datasets_cloudmask/dataset_cropped/09_Metas/27/13/20190927132600_00160.png,811,936,83.6,28.8,962
9/27/2019 13:27,datasets/dataset_cropped/09_Metas/27/13/20190927132700_00160.jpg,datasets_flow/dataset_cropped/09_Metas/27/13/20190927132700_00160.jpg,datasets_cloudmask/dataset_cropped/09_Metas/27/13/20190927132700_00160.png,809,934,83.8,28.9,962
9/27/2019 13:28,datasets/dataset_cropped/09_Metas/27/13/20190927132800_00160.jpg,datasets_flow/dataset_cropped/09_Metas/27/13/20190927132800_00160.jpg,datasets_cloudmask/dataset_cropped/09_Metas/27/13/20190927132800_00160.png,807,930,83.9,29,962
9/27/2019 13:29,datasets/dataset_cropped/09_Metas/27/13/20190927132900_00160.jpg,datasets_flow/dataset_cropped/09_Metas/27/13/20190927132900_00160.jpg,datasets_cloudmask/dataset_cropped/09_Metas/27/13/20190927132900_00160.png,807,931,83.9,29,962
9/27/2019 13:30,datasets/dataset_cropped/09_Metas/27/13/20190927133000_00160.jpg,datasets_flow/dataset_cropped/09_Metas/27/13/20190927133000_00160.jpg,datasets_cloudmask/dataset_cropped/09_Metas/27/13/20190927133000_00160.png,806,929,84.2,28.9,962
9/27/2019 13:31,datasets/dataset_cropped/09_Metas/27/13/20190927133100_00160.jpg,datasets_flow/dataset_cropped/09_Metas/27/13/20190927133100_00160.jpg,datasets_cloudmask/dataset_cropped/09_Metas/27/13/20190927133100_00160.png,804,928,84.5,28.8,962
9/27/2019 13:32,datasets/dataset_cropped/09_Metas/27/13/20190927133200_00160.jpg,datasets_flow/dataset_cropped/09_Metas/27/13/20190927133200_00160.jpg,datasets_cloudmask/dataset_cropped/09_Metas/27/13/20190927133200_00160.png,804,929,84.7,29,962
9/27/2019 13:33,datasets/dataset_cropped/09_Metas/27/13/20190927133300_00160.jpg,datasets_flow/dataset_cropped/09_Metas/27/13/20190927133300_00160.jpg,datasets_cloudmask/dataset_cropped/09_Metas/27/13/20190927133300_00160.png,804,929,85,29.2,962
9/27/2019 13:34,datasets/dataset_cropped/09_Metas/27/13/20190927133400_00160.jpg,datasets_flow/dataset_cropped/09_Metas/27/13/20190927133400_00160.jpg,datasets_cloudmask/dataset_cropped/09_Metas/27/13/20190927133400_00160.png,803,928,84.6,29.2,962
9/27/2019 13:35,datasets/dataset_cropped/09_Metas/27/13/20190927133500_00160.jpg,datasets_flow/dataset_cropped/09_Metas/27/13/20190927133500_00160.jpg,datasets_cloudmask/dataset_cropped/09_Metas/27/13/20190927133500_00160.png,802,927,84.5,29.4,962
9/27/2019 13:36,datasets/dataset_cropped/09_Metas/27/13/20190927133600_00160.jpg,datasets_flow/dataset_cropped/09_Metas/27/13/20190927133600_00160.jpg,datasets_cloudmask/dataset_cropped/09_Metas/27/13/20190927133600_00160.png,802,928,84.7,29.4,962
9/27/2019 13:37,datasets/dataset_cropped/09_Metas/27/13/20190927133700_00160.jpg,datasets_flow/dataset_cropped/09_Metas/27/13/20190927133700_00160.jpg,datasets_cloudmask/dataset_cropped/09_Metas/27/13/20190927133700_00160.png,802,930,84.3,29.2,962
9/27/2019 13:38,datasets/dataset_cropped/09_Metas/27/13/20190927133800_00160.jpg,datasets_flow/dataset_cropped/09_Metas/27/13/20190927133800_00160.jpg,datasets_cloudmask/dataset_cropped/09_Metas/27/13/20190927133800_00160.png,802,930,83.9,29,962
9/27/2019 13:39,datasets/dataset_cropped/09_Metas/27/13/20190927133900_00160.jpg,datasets_flow/dataset_cropped/09_Metas/27/13/20190927133900_00160.jpg,datasets_cloudmask/dataset_cropped/09_Metas/27/13/20190927133900_00160.png,802,931,83.5,29,962
9/27/2019 13:40,datasets/dataset_cropped/09_Metas/27/13/20190927134000_00160.jpg,datasets_flow/dataset_cropped/09_Metas/27/13/20190927134000_00160.jpg,datasets_cloudmask/dataset_cropped/09_Metas/27/13/20190927134000_00160.png,801,930,83.4,29.1,962
9/27/2019 13:41,datasets/dataset_cropped/09_Metas/27/13/20190927134100_00160.jpg,datasets_flow/dataset_cropped/09_Metas/27/13/20190927134100_00160.jpg,datasets_cloudmask/dataset_cropped/09_Metas/27/13/20190927134100_00160.png,799,928,83.2,28.9,962
9/27/2019 13:42,datasets/dataset_cropped/09_Metas/27/13/20190927134200_00160.jpg,datasets_flow/dataset_cropped/09_Metas/27/13/20190927134200_00160.jpg,datasets_cloudmask/dataset_cropped/09_Metas/27/13/20190927134200_00160.png,799,929,83.1,28.8,962
9/27/2019 13:43,datasets/dataset_cropped/09_Metas/27/13/20190927134300_00160.jpg,datasets_flow/dataset_cropped/09_Metas/27/13/20190927134300_00160.jpg,datasets_cloudmask/dataset_cropped/09_Metas/27/13/20190927134300_00160.png,801,933,83,29.1,962
9/27/2019 13:44,datasets/dataset_cropped/09_Metas/27/13/20190927134400_00160.jpg,datasets_flow/dataset_cropped/09_Metas/27/13/20190927134400_00160.jpg,datasets_cloudmask/dataset_cropped/09_Metas/27/13/20190927134400_00160.png,799.3,932,82.9,29.3,962
9/27/2019 13:45,datasets/dataset_cropped/09_Metas/27/13/20190927134500_00160.jpg,datasets_flow/dataset_cropped/09_Metas/27/13/20190927134500_00160.jpg,datasets_cloudmask/dataset_cropped/09_Metas/27/13/20190927134500_00160.png,795.1,927,83.3,29.1,962
9/27/2019 13:46,datasets/dataset_cropped/09_Metas/27/13/20190927134600_00160.jpg,datasets_flow/dataset_cropped/09_Metas/27/13/20190927134600_00160.jpg,datasets_cloudmask/dataset_cropped/09_Metas/27/13/20190927134600_00160.png,794.8,927,83.3,29.2,962
9/27/2019 13:47,datasets/dataset_cropped/09_Metas/27/13/20190927134700_00160.jpg,datasets_flow/dataset_cropped/09_Metas/27/13/20190927134700_00160.jpg,datasets_cloudmask/dataset_cropped/09_Metas/27/13/20190927134700_00160.png,795.2,928,83.3,29.2,962
9/27/2019 13:48,datasets/dataset_cropped/09_Metas/27/13/20190927134800_00160.jpg,datasets_flow/dataset_cropped/09_Metas/27/13/20190927134800_00160.jpg,datasets_cloudmask/dataset_cropped/09_Metas/27/13/20190927134800_00160.png,793.3,926,83.6,29.6,962
9/27/2019 13:49,datasets/dataset_cropped/09_Metas/27/13/20190927134900_00160.jpg,datasets_flow/dataset_cropped/09_Metas/27/13/20190927134900_00160.jpg,datasets_cloudmask/dataset_cropped/09_Metas/27/13/20190927134900_00160.png,792.3,926,83.5,29.8,962
9/27/2019 13:50,datasets/dataset_cropped/09_Metas/27/13/20190927135000_00160.jpg,datasets_flow/dataset_cropped/09_Metas/27/13/20190927135000_00160.jpg,datasets_cloudmask/dataset_cropped/09_Metas/27/13/20190927135000_00160.png,792.4,928,83.6,29.6,962
9/27/2019 13:51,datasets/dataset_cropped/09_Metas/27/13/20190927135100_00160.jpg,datasets_flow/dataset_cropped/09_Metas/27/13/20190927135100_00160.jpg,datasets_cloudmask/dataset_cropped/09_Metas/27/13/20190927135100_00160.png,790.8,927,83.4,29.3,962
9/27/2019 13:52,datasets/dataset_cropped/09_Metas/27/13/20190927135200_00160.jpg,datasets_flow/dataset_cropped/09_Metas/27/13/20190927135200_00160.jpg,datasets_cloudmask/dataset_cropped/09_Metas/27/13/20190927135200_00160.png,790,927,83.2,29.4,962
9/27/2019 13:53,datasets/dataset_cropped/09_Metas/27/13/20190927135300_00160.jpg,datasets_flow/dataset_cropped/09_Metas/27/13/20190927135300_00160.jpg,datasets_cloudmask/dataset_cropped/09_Metas/27/13/20190927135300_00160.png,787.1,924,83.3,29.1,962
9/27/2019 13:54,datasets/dataset_cropped/09_Metas/27/13/20190927135400_00160.jpg,datasets_flow/dataset_cropped/09_Metas/27/13/20190927135400_00160.jpg,datasets_cloudmask/dataset_cropped/09_Metas/27/13/20190927135400_00160.png,785.2,922,83.7,29.1,962
9/27/2019 13:55,datasets/dataset_cropped/09_Metas/27/13/20190927135500_00160.jpg,datasets_flow/dataset_cropped/09_Metas/27/13/20190927135500_00160.jpg,datasets_cloudmask/dataset_cropped/09_Metas/27/13/20190927135500_00160.png,784,922,84,29,962
9/27/2019 13:56,datasets/dataset_cropped/09_Metas/27/13/20190927135600_00160.jpg,datasets_flow/dataset_cropped/09_Metas/27/13/20190927135600_00160.jpg,datasets_cloudmask/dataset_cropped/09_Metas/27/13/20190927135600_00160.png,786,927,83.5,28.9,962
9/27/2019 13:57,datasets/dataset_cropped/09_Metas/27/13/20190927135700_00160.jpg,datasets_flow/dataset_cropped/09_Metas/27/13/20190927135700_00160.jpg,datasets_cloudmask/dataset_cropped/09_Metas/27/13/20190927135700_00160.png,783.6,924,83.1,28.9,962
9/27/2019 13:58,datasets/dataset_cropped/09_Metas/27/13/20190927135800_00160.jpg,datasets_flow/dataset_cropped/09_Metas/27/13/20190927135800_00160.jpg,datasets_cloudmask/dataset_cropped/09_Metas/27/13/20190927135800_00160.png,780.6,921,83.2,29.1,962
9/27/2019 13:59,datasets/dataset_cropped/09_Metas/27/13/20190927135900_00160.jpg,datasets_flow/dataset_cropped/09_Metas/27/13/20190927135900_00160.jpg,datasets_cloudmask/dataset_cropped/09_Metas/27/13/20190927135900_00160.png,780.5,922,83.7,29.1,962
9/27/2019 14:00,datasets/dataset_cropped/09_Metas/27/14/20190927140000_00160.jpg,datasets_flow/dataset_cropped/09_Metas/27/14/20190927140000_00160.jpg,datasets_cloudmask/dataset_cropped/09_Metas/27/14/20190927140000_00160.png,779.9,922,83.8,29.3,962
9/27/2019 14:01,datasets/dataset_cropped/09_Metas/27/14/20190927140100_00160.jpg,datasets_flow/dataset_cropped/09_Metas/27/14/20190927140100_00160.jpg,datasets_cloudmask/dataset_cropped/09_Metas/27/14/20190927140100_00160.png,779.4,922,83.8,29.1,962
9/27/2019 14:02,datasets/dataset_cropped/09_Metas/27/14/20190927140200_00160.jpg,datasets_flow/dataset_cropped/09_Metas/27/14/20190927140200_00160.jpg,datasets_cloudmask/dataset_cropped/09_Metas/27/14/20190927140200_00160.png,779.1,923,83.4,29.1,962
9/27/2019 14:03,datasets/dataset_cropped/09_Metas/27/14/20190927140300_00160.jpg,datasets_flow/dataset_cropped/09_Metas/27/14/20190927140300_00160.jpg,datasets_cloudmask/dataset_cropped/09_Metas/27/14/20190927140300_00160.png,776.5,921,83.6,29.3,962
9/27/2019 14:04,datasets/dataset_cropped/09_Metas/27/14/20190927140400_00160.jpg,datasets_flow/dataset_cropped/09_Metas/27/14/20190927140400_00160.jpg,datasets_cloudmask/dataset_cropped/09_Metas/27/14/20190927140400_00160.png,776.8,922,83.7,29.4,962
9/27/2019 14:05,datasets/dataset_cropped/09_Metas/27/14/20190927140500_00160.jpg,datasets_flow/dataset_cropped/09_Metas/27/14/20190927140500_00160.jpg,datasets_cloudmask/dataset_cropped/09_Metas/27/14/20190927140500_00160.png,774.9,921,83.3,29.6,962
9/27/2019 14:06,datasets/dataset_cropped/09_Metas/27/14/20190927140600_00160.jpg,datasets_flow/dataset_cropped/09_Metas/27/14/20190927140600_00160.jpg,datasets_cloudmask/dataset_cropped/09_Metas/27/14/20190927140600_00160.png,774.4,922,83.2,29.7,962
9/27/2019 14:07,datasets/dataset_cropped/09_Metas/27/14/20190927140700_00160.jpg,datasets_flow/dataset_cropped/09_Metas/27/14/20190927140700_00160.jpg,datasets_cloudmask/dataset_cropped/09_Metas/27/14/20190927140700_00160.png,774.4,924,83.1,29.7,962
9/27/2019 14:08,datasets/dataset_cropped/09_Metas/27/14/20190927140800_00160.jpg,datasets_flow/dataset_cropped/09_Metas/27/14/20190927140800_00160.jpg,datasets_cloudmask/dataset_cropped/09_Metas/27/14/20190927140800_00160.png,775,926,82.8,29.6,962
9/27/2019 14:09,datasets/dataset_cropped/09_Metas/27/14/20190927140900_00160.jpg,datasets_flow/dataset_cropped/09_Metas/27/14/20190927140900_00160.jpg,datasets_cloudmask/dataset_cropped/09_Metas/27/14/20190927140900_00160.png,773.1,925,82.9,29.5,962
9/27/2019 14:10,datasets/dataset_cropped/09_Metas/27/14/20190927141000_00160.jpg,datasets_flow/dataset_cropped/09_Metas/27/14/20190927141000_00160.jpg,datasets_cloudmask/dataset_cropped/09_Metas/27/14/20190927141000_00160.png,767.3,917,83.3,29.4,962
9/27/2019 14:11,datasets/dataset_cropped/09_Metas/27/14/20190927141100_00160.jpg,datasets_flow/dataset_cropped/09_Metas/27/14/20190927141100_00160.jpg,datasets_cloudmask/dataset_cropped/09_Metas/27/14/20190927141100_00160.png,765.5,916,84,29.2,962
9/27/2019 14:12,datasets/dataset_cropped/09_Metas/27/14/20190927141200_00160.jpg,datasets_flow/dataset_cropped/09_Metas/27/14/20190927141200_00160.jpg,datasets_cloudmask/dataset_cropped/09_Metas/27/14/20190927141200_00160.png,766.2,918,84,29.2,962
9/27/2019 14:13,datasets/dataset_cropped/09_Metas/27/14/20190927141300_00160.jpg,datasets_flow/dataset_cropped/09_Metas/27/14/20190927141300_00160.jpg,datasets_cloudmask/dataset_cropped/09_Metas/27/14/20190927141300_00160.png,766.4,920,83,29.2,962
9/27/2019 14:14,datasets/dataset_cropped/09_Metas/27/14/20190927141400_00160.jpg,datasets_flow/dataset_cropped/09_Metas/27/14/20190927141400_00160.jpg,datasets_cloudmask/dataset_cropped/09_Metas/27/14/20190927141400_00160.png,765,920,82.5,29.5,962
9/27/2019 14:15,datasets/dataset_cropped/09_Metas/27/14/20190927141500_00160.jpg,datasets_flow/dataset_cropped/09_Metas/27/14/20190927141500_00160.jpg,datasets_cloudmask/dataset_cropped/09_Metas/27/14/20190927141500_00160.png,761.6,916,82.1,29.5,962
9/27/2019 14:16,datasets/dataset_cropped/09_Metas/27/14/20190927141600_00160.jpg,datasets_flow/dataset_cropped/09_Metas/27/14/20190927141600_00160.jpg,datasets_cloudmask/dataset_cropped/09_Metas/27/14/20190927141600_00160.png,759.5,914,82.6,29.3,962
9/27/2019 14:17,datasets/dataset_cropped/09_Metas/27/14/20190927141700_00160.jpg,datasets_flow/dataset_cropped/09_Metas/27/14/20190927141700_00160.jpg,datasets_cloudmask/dataset_cropped/09_Metas/27/14/20190927141700_00160.png,760.5,917,82.7,29,962
9/27/2019 14:18,datasets/dataset_cropped/09_Metas/27/14/20190927141800_00160.jpg,datasets_flow/dataset_cropped/09_Metas/27/14/20190927141800_00160.jpg,datasets_cloudmask/dataset_cropped/09_Metas/27/14/20190927141800_00160.png,759,916,82.7,29.1,962
9/27/2019 14:19,datasets/dataset_cropped/09_Metas/27/14/20190927141900_00160.jpg,datasets_flow/dataset_cropped/09_Metas/27/14/20190927141900_00160.jpg,datasets_cloudmask/dataset_cropped/09_Metas/27/14/20190927141900_00160.png,757.4,915,82.9,29.2,962
9/27/2019 14:20,datasets/dataset_cropped/09_Metas/27/14/20190927142000_00160.jpg,datasets_flow/dataset_cropped/09_Metas/27/14/20190927142000_00160.jpg,datasets_cloudmask/dataset_cropped/09_Metas/27/14/20190927142000_00160.png,756.4,915,82.7,29,962
9/27/2019 14:21,datasets/dataset_cropped/09_Metas/27/14/20190927142100_00160.jpg,datasets_flow/dataset_cropped/09_Metas/27/14/20190927142100_00160.jpg,datasets_cloudmask/dataset_cropped/09_Metas/27/14/20190927142100_00160.png,756.5,918,82.6,29.3,961
9/27/2019 14:22,datasets/dataset_cropped/09_Metas/27/14/20190927142200_00160.jpg,datasets_flow/dataset_cropped/09_Metas/27/14/20190927142200_00160.jpg,datasets_cloudmask/dataset_cropped/09_Metas/27/14/20190927142200_00160.png,756.4,920,82.4,29.5,961
9/27/2019 14:23,datasets/dataset_cropped/09_Metas/27/14/20190927142300_00160.jpg,datasets_flow/dataset_cropped/09_Metas/27/14/20190927142300_00160.jpg,datasets_cloudmask/dataset_cropped/09_Metas/27/14/20190927142300_00160.png,755.8,921,82.7,29.4,962
9/27/2019 14:24,datasets/dataset_cropped/09_Metas/27/14/20190927142400_00160.jpg,datasets_flow/dataset_cropped/09_Metas/27/14/20190927142400_00160.jpg,datasets_cloudmask/dataset_cropped/09_Metas/27/14/20190927142400_00160.png,753.3,919,82.6,29.2,961
9/27/2019 14:25,datasets/dataset_cropped/09_Metas/27/14/20190927142500_00160.jpg,datasets_flow/dataset_cropped/09_Metas/27/14/20190927142500_00160.jpg,datasets_cloudmask/dataset_cropped/09_Metas/27/14/20190927142500_00160.png,752.6,920,82.7,29.2,962
9/27/2019 14:26,datasets/dataset_cropped/09_Metas/27/14/20190927142600_00160.jpg,datasets_flow/dataset_cropped/09_Metas/27/14/20190927142600_00160.jpg,datasets_cloudmask/dataset_cropped/09_Metas/27/14/20190927142600_00160.png,751,919,82.7,29.5,962
9/27/2019 14:27,datasets/dataset_cropped/09_Metas/27/14/20190927142700_00160.jpg,datasets_flow/dataset_cropped/09_Metas/27/14/20190927142700_00160.jpg,datasets_cloudmask/dataset_cropped/09_Metas/27/14/20190927142700_00160.png,744.5,910,83,29.6,962
9/27/2019 14:28,datasets/dataset_cropped/09_Metas/27/14/20190927142800_00160.jpg,datasets_flow/dataset_cropped/09_Metas/27/14/20190927142800_00160.jpg,datasets_cloudmask/dataset_cropped/09_Metas/27/14/20190927142800_00160.png,741.6,908,83.2,29.6,961
9/27/2019 14:29,datasets/dataset_cropped/09_Metas/27/14/20190927142900_00160.jpg,datasets_flow/dataset_cropped/09_Metas/27/14/20190927142900_00160.jpg,datasets_cloudmask/dataset_cropped/09_Metas/27/14/20190927142900_00160.png,741.8,909,83.3,29.4,961
9/27/2019 14:30,datasets/dataset_cropped/09_Metas/27/14/20190927143000_00160.jpg,datasets_flow/dataset_cropped/09_Metas/27/14/20190927143000_00160.jpg,datasets_cloudmask/dataset_cropped/09_Metas/27/14/20190927143000_00160.png,740.9,911,83.2,29.1,961
9/27/2019 14:31,datasets/dataset_cropped/09_Metas/27/14/20190927143100_00160.jpg,datasets_flow/dataset_cropped/09_Metas/27/14/20190927143100_00160.jpg,datasets_cloudmask/dataset_cropped/09_Metas/27/14/20190927143100_00160.png,739,910,83.1,29.1,961
9/27/2019 14:32,datasets/dataset_cropped/09_Metas/27/14/20190927143200_00160.jpg,datasets_flow/dataset_cropped/09_Metas/27/14/20190927143200_00160.jpg,datasets_cloudmask/dataset_cropped/09_Metas/27/14/20190927143200_00160.png,734.9,906,83.1,29.1,961
9/27/2019 14:33,datasets/dataset_cropped/09_Metas/27/14/20190927143300_00160.jpg,datasets_flow/dataset_cropped/09_Metas/27/14/20190927143300_00160.jpg,datasets_cloudmask/dataset_cropped/09_Metas/27/14/20190927143300_00160.png,733.9,906,83.3,29.1,961
9/27/2019 14:34,datasets/dataset_cropped/09_Metas/27/14/20190927143400_00160.jpg,datasets_flow/dataset_cropped/09_Metas/27/14/20190927143400_00160.jpg,datasets_cloudmask/dataset_cropped/09_Metas/27/14/20190927143400_00160.png,733.6,907,83.4,29.5,961
9/27/2019 14:35,datasets/dataset_cropped/09_Metas/27/14/20190927143500_00160.jpg,datasets_flow/dataset_cropped/09_Metas/27/14/20190927143500_00160.jpg,datasets_cloudmask/dataset_cropped/09_Metas/27/14/20190927143500_00160.png,732.8,907,83.8,29.9,961
9/27/2019 14:36,datasets/dataset_cropped/09_Metas/27/14/20190927143600_00160.jpg,datasets_flow/dataset_cropped/09_Metas/27/14/20190927143600_00160.jpg,datasets_cloudmask/dataset_cropped/09_Metas/27/14/20190927143600_00160.png,730.5,906,83.5,29.7,961
9/27/2019 14:37,datasets/dataset_cropped/09_Metas/27/14/20190927143700_00160.jpg,datasets_flow/dataset_cropped/09_Metas/27/14/20190927143700_00160.jpg,datasets_cloudmask/dataset_cropped/09_Metas/27/14/20190927143700_00160.png,727.7,904,83.4,29.5,961
9/27/2019 14:38,datasets/dataset_cropped/09_Metas/27/14/20190927143800_00160.jpg,datasets_flow/dataset_cropped/09_Metas/27/14/20190927143800_00160.jpg,datasets_cloudmask/dataset_cropped/09_Metas/27/14/20190927143800_00160.png,725.1,902,83.4,29.5,961
9/27/2019 14:39,datasets/dataset_cropped/09_Metas/27/14/20190927143900_00160.jpg,datasets_flow/dataset_cropped/09_Metas/27/14/20190927143900_00160.jpg,datasets_cloudmask/dataset_cropped/09_Metas/27/14/20190927143900_00160.png,723.7,901,83.4,29.5,961
9/27/2019 14:40,datasets/dataset_cropped/09_Metas/27/14/20190927144000_00160.jpg,datasets_flow/dataset_cropped/09_Metas/27/14/20190927144000_00160.jpg,datasets_cloudmask/dataset_cropped/09_Metas/27/14/20190927144000_00160.png,723.1,903,83,29.9,961
9/27/2019 14:41,datasets/dataset_cropped/09_Metas/27/14/20190927144100_00160.jpg,datasets_flow/dataset_cropped/09_Metas/27/14/20190927144100_00160.jpg,datasets_cloudmask/dataset_cropped/09_Metas/27/14/20190927144100_00160.png,721.7,903,83,29.8,961
9/27/2019 14:42,datasets/dataset_cropped/09_Metas/27/14/20190927144200_00160.jpg,datasets_flow/dataset_cropped/09_Metas/27/14/20190927144200_00160.jpg,datasets_cloudmask/dataset_cropped/09_Metas/27/14/20190927144200_00160.png,720.1,903,83,29.9,961
9/27/2019 14:43,datasets/dataset_cropped/09_Metas/27/14/20190927144300_00160.jpg,datasets_flow/dataset_cropped/09_Metas/27/14/20190927144300_00160.jpg,datasets_cloudmask/dataset_cropped/09_Metas/27/14/20190927144300_00160.png,718.5,903,82.4,29.8,961
9/27/2019 14:44,datasets/dataset_cropped/09_Metas/27/14/20190927144400_00160.jpg,datasets_flow/dataset_cropped/09_Metas/27/14/20190927144400_00160.jpg,datasets_cloudmask/dataset_cropped/09_Metas/27/14/20190927144400_00160.png,717,903,82.4,29.8,961
9/27/2019 14:45,datasets/dataset_cropped/09_Metas/27/14/20190927144500_00160.jpg,datasets_flow/dataset_cropped/09_Metas/27/14/20190927144500_00160.jpg,datasets_cloudmask/dataset_cropped/09_Metas/27/14/20190927144500_00160.png,714.8,902,82.4,29.6,961
9/27/2019 14:46,datasets/dataset_cropped/09_Metas/27/14/20190927144600_00160.jpg,datasets_flow/dataset_cropped/09_Metas/27/14/20190927144600_00160.jpg,datasets_cloudmask/dataset_cropped/09_Metas/27/14/20190927144600_00160.png,713.7,902,82.2,29.7,961
9/27/2019 14:47,datasets/dataset_cropped/09_Metas/27/14/20190927144700_00160.jpg,datasets_flow/dataset_cropped/09_Metas/27/14/20190927144700_00160.jpg,datasets_cloudmask/dataset_cropped/09_Metas/27/14/20190927144700_00160.png,713.4,904,82,29.8,961
9/27/2019 14:48,datasets/dataset_cropped/09_Metas/27/14/20190927144800_00160.jpg,datasets_flow/dataset_cropped/09_Metas/27/14/20190927144800_00160.jpg,datasets_cloudmask/dataset_cropped/09_Metas/27/14/20190927144800_00160.png,712.4,905,81.5,29.5,961
9/27/2019 14:49,datasets/dataset_cropped/09_Metas/27/14/20190927144900_00160.jpg,datasets_flow/dataset_cropped/09_Metas/27/14/20190927144900_00160.jpg,datasets_cloudmask/dataset_cropped/09_Metas/27/14/20190927144900_00160.png,710.7,905,81.4,29.4,961
9/27/2019 14:50,datasets/dataset_cropped/09_Metas/27/14/20190927145000_00160.jpg,datasets_flow/dataset_cropped/09_Metas/27/14/20190927145000_00160.jpg,datasets_cloudmask/dataset_cropped/09_Metas/27/14/20190927145000_00160.png,709,906,81.3,29.9,961
9/27/2019 14:51,datasets/dataset_cropped/09_Metas/27/14/20190927145100_00160.jpg,datasets_flow/dataset_cropped/09_Metas/27/14/20190927145100_00160.jpg,datasets_cloudmask/dataset_cropped/09_Metas/27/14/20190927145100_00160.png,706.2,904,81.4,30.1,961
9/27/2019 14:52,datasets/dataset_cropped/09_Metas/27/14/20190927145200_00160.jpg,datasets_flow/dataset_cropped/09_Metas/27/14/20190927145200_00160.jpg,datasets_cloudmask/dataset_cropped/09_Metas/27/14/20190927145200_00160.png,705.7,905,81.1,30,961
9/27/2019 14:53,datasets/dataset_cropped/09_Metas/27/14/20190927145300_00160.jpg,datasets_flow/dataset_cropped/09_Metas/27/14/20190927145300_00160.jpg,datasets_cloudmask/dataset_cropped/09_Metas/27/14/20190927145300_00160.png,704.3,905,81.2,30.1,961
9/27/2019 14:54,datasets/dataset_cropped/09_Metas/27/14/20190927145400_00160.jpg,datasets_flow/dataset_cropped/09_Metas/27/14/20190927145400_00160.jpg,datasets_cloudmask/dataset_cropped/09_Metas/27/14/20190927145400_00160.png,701.1,903,81,30.1,961
9/27/2019 14:55,datasets/dataset_cropped/09_Metas/27/14/20190927145500_00160.jpg,datasets_flow/dataset_cropped/09_Metas/27/14/20190927145500_00160.jpg,datasets_cloudmask/dataset_cropped/09_Metas/27/14/20190927145500_00160.png,699.9,904,80.7,29.8,961
9/27/2019 14:56,datasets/dataset_cropped/09_Metas/27/14/20190927145600_00160.jpg,datasets_flow/dataset_cropped/09_Metas/27/14/20190927145600_00160.jpg,datasets_cloudmask/dataset_cropped/09_Metas/27/14/20190927145600_00160.png,697.7,902,80.8,29.7,961
9/27/2019 14:57,datasets/dataset_cropped/09_Metas/27/14/20190927145700_00160.jpg,datasets_flow/dataset_cropped/09_Metas/27/14/20190927145700_00160.jpg,datasets_cloudmask/dataset_cropped/09_Metas/27/14/20190927145700_00160.png,694.7,900,81,29.8,961
9/27/2019 14:58,datasets/dataset_cropped/09_Metas/27/14/20190927145800_00160.jpg,datasets_flow/dataset_cropped/09_Metas/27/14/20190927145800_00160.jpg,datasets_cloudmask/dataset_cropped/09_Metas/27/14/20190927145800_00160.png,692.7,899,81.1,29.9,961
9/27/2019 14:59,datasets/dataset_cropped/09_Metas/27/14/20190927145900_00160.jpg,datasets_flow/dataset_cropped/09_Metas/27/14/20190927145900_00160.jpg,datasets_cloudmask/dataset_cropped/09_Metas/27/14/20190927145900_00160.png,690.5,898,80.9,30.1,961
9/27/2019 15:00,datasets/dataset_cropped/09_Metas/27/15/20190927150000_00160.jpg,datasets_flow/dataset_cropped/09_Metas/27/15/20190927150000_00160.jpg,datasets_cloudmask/dataset_cropped/09_Metas/27/15/20190927150000_00160.png,688.7,898,80.9,30.1,961
9/27/2019 15:01,datasets/dataset_cropped/09_Metas/27/15/20190927150100_00160.jpg,datasets_flow/dataset_cropped/09_Metas/27/15/20190927150100_00160.jpg,datasets_cloudmask/dataset_cropped/09_Metas/27/15/20190927150100_00160.png,687.6,899,80.6,29.9,961
9/27/2019 15:02,datasets/dataset_cropped/09_Metas/27/15/20190927150200_00160.jpg,datasets_flow/dataset_cropped/09_Metas/27/15/20190927150200_00160.jpg,datasets_cloudmask/dataset_cropped/09_Metas/27/15/20190927150200_00160.png,685.2,897,80.5,29.6,961
9/27/2019 15:03,datasets/dataset_cropped/09_Metas/27/15/20190927150300_00160.jpg,datasets_flow/dataset_cropped/09_Metas/27/15/20190927150300_00160.jpg,datasets_cloudmask/dataset_cropped/09_Metas/27/15/20190927150300_00160.png,683.4,897,80.5,29.6,961
9/27/2019 15:04,datasets/dataset_cropped/09_Metas/27/15/20190927150400_00160.jpg,datasets_flow/dataset_cropped/09_Metas/27/15/20190927150400_00160.jpg,datasets_cloudmask/dataset_cropped/09_Metas/27/15/20190927150400_00160.png,681.3,896,80.4,30,961
9/27/2019 15:05,datasets/dataset_cropped/09_Metas/27/15/20190927150500_00160.jpg,datasets_flow/dataset_cropped/09_Metas/27/15/20190927150500_00160.jpg,datasets_cloudmask/dataset_cropped/09_Metas/27/15/20190927150500_00160.png,678.8,895,80.4,29.9,961
9/27/2019 15:06,datasets/dataset_cropped/09_Metas/27/15/20190927150600_00160.jpg,datasets_flow/dataset_cropped/09_Metas/27/15/20190927150600_00160.jpg,datasets_cloudmask/dataset_cropped/09_Metas/27/15/20190927150600_00160.png,676.7,894,80.6,30,961
9/27/2019 15:07,datasets/dataset_cropped/09_Metas/27/15/20190927150700_00160.jpg,datasets_flow/dataset_cropped/09_Metas/27/15/20190927150700_00160.jpg,datasets_cloudmask/dataset_cropped/09_Metas/27/15/20190927150700_00160.png,673.9,892,80.7,29.8,961
9/27/2019 15:08,datasets/dataset_cropped/09_Metas/27/15/20190927150800_00160.jpg,datasets_flow/dataset_cropped/09_Metas/27/15/20190927150800_00160.jpg,datasets_cloudmask/dataset_cropped/09_Metas/27/15/20190927150800_00160.png,671.8,891,80.9,29.7,961
9/27/2019 15:09,datasets/dataset_cropped/09_Metas/27/15/20190927150900_00160.jpg,datasets_flow/dataset_cropped/09_Metas/27/15/20190927150900_00160.jpg,datasets_cloudmask/dataset_cropped/09_Metas/27/15/20190927150900_00160.png,669.8,891,80.7,29.8,961
9/27/2019 15:10,datasets/dataset_cropped/09_Metas/27/15/20190927151000_00160.jpg,datasets_flow/dataset_cropped/09_Metas/27/15/20190927151000_00160.jpg,datasets_cloudmask/dataset_cropped/09_Metas/27/15/20190927151000_00160.png,668.7,892,80.7,29.9,961
9/27/2019 15:11,datasets/dataset_cropped/09_Metas/27/15/20190927151100_00160.jpg,datasets_flow/dataset_cropped/09_Metas/27/15/20190927151100_00160.jpg,datasets_cloudmask/dataset_cropped/09_Metas/27/15/20190927151100_00160.png,667.1,892,80.8,30,961
9/27/2019 15:12,datasets/dataset_cropped/09_Metas/27/15/20190927151200_00160.jpg,datasets_flow/dataset_cropped/09_Metas/27/15/20190927151200_00160.jpg,datasets_cloudmask/dataset_cropped/09_Metas/27/15/20190927151200_00160.png,663.7,889,80.8,29.9,961
9/27/2019 15:13,datasets/dataset_cropped/09_Metas/27/15/20190927151300_00160.jpg,datasets_flow/dataset_cropped/09_Metas/27/15/20190927151300_00160.jpg,datasets_cloudmask/dataset_cropped/09_Metas/27/15/20190927151300_00160.png,660.3,887,80.9,29.6,961
9/27/2019 15:14,datasets/dataset_cropped/09_Metas/27/15/20190927151400_00160.jpg,datasets_flow/dataset_cropped/09_Metas/27/15/20190927151400_00160.jpg,datasets_cloudmask/dataset_cropped/09_Metas/27/15/20190927151400_00160.png,657.1,884,81.2,29.8,961
9/27/2019 15:15,datasets/dataset_cropped/09_Metas/27/15/20190927151500_00160.jpg,datasets_flow/dataset_cropped/09_Metas/27/15/20190927151500_00160.jpg,datasets_cloudmask/dataset_cropped/09_Metas/27/15/20190927151500_00160.png,655.3,884,81.2,29.7,961
9/27/2019 15:16,datasets/dataset_cropped/09_Metas/27/15/20190927151600_00160.jpg,datasets_flow/dataset_cropped/09_Metas/27/15/20190927151600_00160.jpg,datasets_cloudmask/dataset_cropped/09_Metas/27/15/20190927151600_00160.png,654.4,886,80.9,29.5,961
9/27/2019 15:17,datasets/dataset_cropped/09_Metas/27/15/20190927151700_00160.jpg,datasets_flow/dataset_cropped/09_Metas/27/15/20190927151700_00160.jpg,datasets_cloudmask/dataset_cropped/09_Metas/27/15/20190927151700_00160.png,652.7,886,80.5,29.5,961
9/27/2019 15:18,datasets/dataset_cropped/09_Metas/27/15/20190927151800_00160.jpg,datasets_flow/dataset_cropped/09_Metas/27/15/20190927151800_00160.jpg,datasets_cloudmask/dataset_cropped/09_Metas/27/15/20190927151800_00160.png,650.4,884,80.7,29.6,961
9/27/2019 15:19,datasets/dataset_cropped/09_Metas/27/15/20190927151900_00160.jpg,datasets_flow/dataset_cropped/09_Metas/27/15/20190927151900_00160.jpg,datasets_cloudmask/dataset_cropped/09_Metas/27/15/20190927151900_00160.png,646.1,880,80.6,29.4,961
9/27/2019 15:20,datasets/dataset_cropped/09_Metas/27/15/20190927152000_00160.jpg,datasets_flow/dataset_cropped/09_Metas/27/15/20190927152000_00160.jpg,datasets_cloudmask/dataset_cropped/09_Metas/27/15/20190927152000_00160.png,643.3,879,80.5,29.5,961
9/27/2019 15:21,datasets/dataset_cropped/09_Metas/27/15/20190927152100_00160.jpg,datasets_flow/dataset_cropped/09_Metas/27/15/20190927152100_00160.jpg,datasets_cloudmask/dataset_cropped/09_Metas/27/15/20190927152100_00160.png,640.6,877,80.3,29.5,961
9/27/2019 15:22,datasets/dataset_cropped/09_Metas/27/15/20190927152200_00160.jpg,datasets_flow/dataset_cropped/09_Metas/27/15/20190927152200_00160.jpg,datasets_cloudmask/dataset_cropped/09_Metas/27/15/20190927152200_00160.png,637.8,875,80.4,29.5,961
9/27/2019 15:23,datasets/dataset_cropped/09_Metas/27/15/20190927152300_00160.jpg,datasets_flow/dataset_cropped/09_Metas/27/15/20190927152300_00160.jpg,datasets_cloudmask/dataset_cropped/09_Metas/27/15/20190927152300_00160.png,636.5,876,80.7,29.7,961
9/27/2019 15:24,datasets/dataset_cropped/09_Metas/27/15/20190927152400_00160.jpg,datasets_flow/dataset_cropped/09_Metas/27/15/20190927152400_00160.jpg,datasets_cloudmask/dataset_cropped/09_Metas/27/15/20190927152400_00160.png,634.6,876,80.1,29.7,961
9/27/2019 15:25,datasets/dataset_cropped/09_Metas/27/15/20190927152500_00160.jpg,datasets_flow/dataset_cropped/09_Metas/27/15/20190927152500_00160.jpg,datasets_cloudmask/dataset_cropped/09_Metas/27/15/20190927152500_00160.png,633,877,80,29.9,961
9/27/2019 15:26,datasets/dataset_cropped/09_Metas/27/15/20190927152600_00160.jpg,datasets_flow/dataset_cropped/09_Metas/27/15/20190927152600_00160.jpg,datasets_cloudmask/dataset_cropped/09_Metas/27/15/20190927152600_00160.png,630.3,875,80,30.1,961
9/27/2019 15:27,datasets/dataset_cropped/09_Metas/27/15/20190927152700_00160.jpg,datasets_flow/dataset_cropped/09_Metas/27/15/20190927152700_00160.jpg,datasets_cloudmask/dataset_cropped/09_Metas/27/15/20190927152700_00160.png,628.5,875,79.8,29.8,961
9/27/2019 15:28,datasets/dataset_cropped/09_Metas/27/15/20190927152800_00160.jpg,datasets_flow/dataset_cropped/09_Metas/27/15/20190927152800_00160.jpg,datasets_cloudmask/dataset_cropped/09_Metas/27/15/20190927152800_00160.png,626.5,875,79.7,29.7,961
9/27/2019 15:29,datasets/dataset_cropped/09_Metas/27/15/20190927152900_00160.jpg,datasets_flow/dataset_cropped/09_Metas/27/15/20190927152900_00160.jpg,datasets_cloudmask/dataset_cropped/09_Metas/27/15/20190927152900_00160.png,623.6,874,79.6,29.8,961
9/27/2019 15:30,datasets/dataset_cropped/09_Metas/27/15/20190927153000_00160.jpg,datasets_flow/dataset_cropped/09_Metas/27/15/20190927153000_00160.jpg,datasets_cloudmask/dataset_cropped/09_Metas/27/15/20190927153000_00160.png,620.8,872,79.7,29.8,961
9/27/2019 15:31,datasets/dataset_cropped/09_Metas/27/15/20190927153100_00160.jpg,datasets_flow/dataset_cropped/09_Metas/27/15/20190927153100_00160.jpg,datasets_cloudmask/dataset_cropped/09_Metas/27/15/20190927153100_00160.png,617.3,869,79.8,30,961
9/27/2019 15:32,datasets/dataset_cropped/09_Metas/27/15/20190927153200_00160.jpg,datasets_flow/dataset_cropped/09_Metas/27/15/20190927153200_00160.jpg,datasets_cloudmask/dataset_cropped/09_Metas/27/15/20190927153200_00160.png,614.6,868,79.6,30.1,961
9/27/2019 15:33,datasets/dataset_cropped/09_Metas/27/15/20190927153300_00160.jpg,datasets_flow/dataset_cropped/09_Metas/27/15/20190927153300_00160.jpg,datasets_cloudmask/dataset_cropped/09_Metas/27/15/20190927153300_00160.png,612.4,868,79.6,30,961
9/27/2019 15:34,datasets/dataset_cropped/09_Metas/27/15/20190927153400_00160.jpg,datasets_flow/dataset_cropped/09_Metas/27/15/20190927153400_00160.jpg,datasets_cloudmask/dataset_cropped/09_Metas/27/15/20190927153400_00160.png,609.9,867,79.4,30.2,961
9/27/2019 15:35,datasets/dataset_cropped/09_Metas/27/15/20190927153500_00160.jpg,datasets_flow/dataset_cropped/09_Metas/27/15/20190927153500_00160.jpg,datasets_cloudmask/dataset_cropped/09_Metas/27/15/20190927153500_00160.png,607.4,866,79.2,30.1,961
9/27/2019 15:36,datasets/dataset_cropped/09_Metas/27/15/20190927153600_00160.jpg,datasets_flow/dataset_cropped/09_Metas/27/15/20190927153600_00160.jpg,datasets_cloudmask/dataset_cropped/09_Metas/27/15/20190927153600_00160.png,605,865,79,29.7,961
9/27/2019 15:37,datasets/dataset_cropped/09_Metas/27/15/20190927153700_00160.jpg,datasets_flow/dataset_cropped/09_Metas/27/15/20190927153700_00160.jpg,datasets_cloudmask/dataset_cropped/09_Metas/27/15/20190927153700_00160.png,603.6,866,79.1,29.4,961
9/27/2019 15:38,datasets/dataset_cropped/09_Metas/27/15/20190927153800_00160.jpg,datasets_flow/dataset_cropped/09_Metas/27/15/20190927153800_00160.jpg,datasets_cloudmask/dataset_cropped/09_Metas/27/15/20190927153800_00160.png,601.4,867,78.8,29.5,961
9/27/2019 15:39,datasets/dataset_cropped/09_Metas/27/15/20190927153900_00160.jpg,datasets_flow/dataset_cropped/09_Metas/27/15/20190927153900_00160.jpg,datasets_cloudmask/dataset_cropped/09_Metas/27/15/20190927153900_00160.png,597.9,864,78.8,29.4,961
9/27/2019 15:40,datasets/dataset_cropped/09_Metas/27/15/20190927154000_00160.jpg,datasets_flow/dataset_cropped/09_Metas/27/15/20190927154000_00160.jpg,datasets_cloudmask/dataset_cropped/09_Metas/27/15/20190927154000_00160.png,594.3,861,78.6,29.6,961
9/27/2019 15:41,datasets/dataset_cropped/09_Metas/27/15/20190927154100_00160.jpg,datasets_flow/dataset_cropped/09_Metas/27/15/20190927154100_00160.jpg,datasets_cloudmask/dataset_cropped/09_Metas/27/15/20190927154100_00160.png,591.8,860,78.7,30,961
9/27/2019 15:42,datasets/dataset_cropped/09_Metas/27/15/20190927154200_00160.jpg,datasets_flow/dataset_cropped/09_Metas/27/15/20190927154200_00160.jpg,datasets_cloudmask/dataset_cropped/09_Metas/27/15/20190927154200_00160.png,589.4,859,78.8,30.1,961
9/27/2019 15:43,datasets/dataset_cropped/09_Metas/27/15/20190927154300_00160.jpg,datasets_flow/dataset_cropped/09_Metas/27/15/20190927154300_00160.jpg,datasets_cloudmask/dataset_cropped/09_Metas/27/15/20190927154300_00160.png,587.2,859,78.6,30.2,961
9/27/2019 15:44,datasets/dataset_cropped/09_Metas/27/15/20190927154400_00160.jpg,datasets_flow/dataset_cropped/09_Metas/27/15/20190927154400_00160.jpg,datasets_cloudmask/dataset_cropped/09_Metas/27/15/20190927154400_00160.png,584.7,858,78.5,30.1,961
9/27/2019 15:45,datasets/dataset_cropped/09_Metas/27/15/20190927154500_00160.jpg,datasets_flow/dataset_cropped/09_Metas/27/15/20190927154500_00160.jpg,datasets_cloudmask/dataset_cropped/09_Metas/27/15/20190927154500_00160.png,582.6,858,78.5,29.6,961
9/27/2019 15:46,datasets/dataset_cropped/09_Metas/27/15/20190927154600_00160.jpg,datasets_flow/dataset_cropped/09_Metas/27/15/20190927154600_00160.jpg,datasets_cloudmask/dataset_cropped/09_Metas/27/15/20190927154600_00160.png,579.4,856,78.3,29.7,961
9/27/2019 15:47,datasets/dataset_cropped/09_Metas/27/15/20190927154700_00160.jpg,datasets_flow/dataset_cropped/09_Metas/27/15/20190927154700_00160.jpg,datasets_cloudmask/dataset_cropped/09_Metas/27/15/20190927154700_00160.png,575.7,853,78.2,29.8,961
9/27/2019 15:48,datasets/dataset_cropped/09_Metas/27/15/20190927154800_00160.jpg,datasets_flow/dataset_cropped/09_Metas/27/15/20190927154800_00160.jpg,datasets_cloudmask/dataset_cropped/09_Metas/27/15/20190927154800_00160.png,572.4,850,78.5,29.6,961
9/27/2019 15:49,datasets/dataset_cropped/09_Metas/27/15/20190927154900_00160.jpg,datasets_flow/dataset_cropped/09_Metas/27/15/20190927154900_00160.jpg,datasets_cloudmask/dataset_cropped/09_Metas/27/15/20190927154900_00160.png,569.6,849,78.4,29.4,961
9/27/2019 15:50,datasets/dataset_cropped/09_Metas/27/15/20190927155000_00160.jpg,datasets_flow/dataset_cropped/09_Metas/27/15/20190927155000_00160.jpg,datasets_cloudmask/dataset_cropped/09_Metas/27/15/20190927155000_00160.png,566.6,847,78.2,29.7,961
9/27/2019 15:51,datasets/dataset_cropped/09_Metas/27/15/20190927155100_00160.jpg,datasets_flow/dataset_cropped/09_Metas/27/15/20190927155100_00160.jpg,datasets_cloudmask/dataset_cropped/09_Metas/27/15/20190927155100_00160.png,564.3,847,78,29.5,961
9/27/2019 15:52,datasets/dataset_cropped/09_Metas/27/15/20190927155200_00160.jpg,datasets_flow/dataset_cropped/09_Metas/27/15/20190927155200_00160.jpg,datasets_cloudmask/dataset_cropped/09_Metas/27/15/20190927155200_00160.png,561,845,77.6,29.2,961
9/27/2019 15:53,datasets/dataset_cropped/09_Metas/27/15/20190927155300_00160.jpg,datasets_flow/dataset_cropped/09_Metas/27/15/20190927155300_00160.jpg,datasets_cloudmask/dataset_cropped/09_Metas/27/15/20190927155300_00160.png,558.9,845,77.3,29.4,961
9/27/2019 15:54,datasets/dataset_cropped/09_Metas/27/15/20190927155400_00160.jpg,datasets_flow/dataset_cropped/09_Metas/27/15/20190927155400_00160.jpg,datasets_cloudmask/dataset_cropped/09_Metas/27/15/20190927155400_00160.png,556.8,845,77.4,29.4,961
9/27/2019 15:55,datasets/dataset_cropped/09_Metas/27/15/20190927155500_00160.jpg,datasets_flow/dataset_cropped/09_Metas/27/15/20190927155500_00160.jpg,datasets_cloudmask/dataset_cropped/09_Metas/27/15/20190927155500_00160.png,553.1,842,77.7,29.5,961
9/27/2019 15:56,datasets/dataset_cropped/09_Metas/27/15/20190927155600_00160.jpg,datasets_flow/dataset_cropped/09_Metas/27/15/20190927155600_00160.jpg,datasets_cloudmask/dataset_cropped/09_Metas/27/15/20190927155600_00160.png,549.7,839,78,29.6,961
9/27/2019 15:57,datasets/dataset_cropped/09_Metas/27/15/20190927155700_00160.jpg,datasets_flow/dataset_cropped/09_Metas/27/15/20190927155700_00160.jpg,datasets_cloudmask/dataset_cropped/09_Metas/27/15/20190927155700_00160.png,546.3,837,78.2,29.7,961
9/27/2019 15:58,datasets/dataset_cropped/09_Metas/27/15/20190927155800_00160.jpg,datasets_flow/dataset_cropped/09_Metas/27/15/20190927155800_00160.jpg,datasets_cloudmask/dataset_cropped/09_Metas/27/15/20190927155800_00160.png,542.2,834,78,29.4,961
9/27/2019 15:59,datasets/dataset_cropped/09_Metas/27/15/20190927155900_00160.jpg,datasets_flow/dataset_cropped/09_Metas/27/15/20190927155900_00160.jpg,datasets_cloudmask/dataset_cropped/09_Metas/27/15/20190927155900_00160.png,540.3,834,77.8,29.4,961
9/27/2019 16:00,datasets/dataset_cropped/09_Metas/27/16/20190927160000_00160.jpg,datasets_flow/dataset_cropped/09_Metas/27/16/20190927160000_00160.jpg,datasets_cloudmask/dataset_cropped/09_Metas/27/16/20190927160000_00160.png,537.9,834,77.7,29.3,961
9/27/2019 16:01,datasets/dataset_cropped/09_Metas/27/16/20190927160100_00160.jpg,datasets_flow/dataset_cropped/09_Metas/27/16/20190927160100_00160.jpg,datasets_cloudmask/dataset_cropped/09_Metas/27/16/20190927160100_00160.png,533.8,831,77.3,29.3,961
9/27/2019 16:02,datasets/dataset_cropped/09_Metas/27/16/20190927160200_00160.jpg,datasets_flow/dataset_cropped/09_Metas/27/16/20190927160200_00160.jpg,datasets_cloudmask/dataset_cropped/09_Metas/27/16/20190927160200_00160.png,531.5,830,77.1,29.3,961
9/27/2019 16:03,datasets/dataset_cropped/09_Metas/27/16/20190927160300_00160.jpg,datasets_flow/dataset_cropped/09_Metas/27/16/20190927160300_00160.jpg,datasets_cloudmask/dataset_cropped/09_Metas/27/16/20190927160300_00160.png,529.4,830,77,29.3,961
9/27/2019 16:04,datasets/dataset_cropped/09_Metas/27/16/20190927160400_00160.jpg,datasets_flow/dataset_cropped/09_Metas/27/16/20190927160400_00160.jpg,datasets_cloudmask/dataset_cropped/09_Metas/27/16/20190927160400_00160.png,526.7,829,76.8,29.2,961
9/27/2019 16:05,datasets/dataset_cropped/09_Metas/27/16/20190927160500_00160.jpg,datasets_flow/dataset_cropped/09_Metas/27/16/20190927160500_00160.jpg,datasets_cloudmask/dataset_cropped/09_Metas/27/16/20190927160500_00160.png,523.5,827,76.9,29,961
9/27/2019 16:06,datasets/dataset_cropped/09_Metas/27/16/20190927160600_00160.jpg,datasets_flow/dataset_cropped/09_Metas/27/16/20190927160600_00160.jpg,datasets_cloudmask/dataset_cropped/09_Metas/27/16/20190927160600_00160.png,520.9,826,76.8,29,961
9/27/2019 16:07,datasets/dataset_cropped/09_Metas/27/16/20190927160700_00160.jpg,datasets_flow/dataset_cropped/09_Metas/27/16/20190927160700_00160.jpg,datasets_cloudmask/dataset_cropped/09_Metas/27/16/20190927160700_00160.png,518.3,825,76.8,28.9,961
9/27/2019 16:08,datasets/dataset_cropped/09_Metas/27/16/20190927160800_00160.jpg,datasets_flow/dataset_cropped/09_Metas/27/16/20190927160800_00160.jpg,datasets_cloudmask/dataset_cropped/09_Metas/27/16/20190927160800_00160.png,514.6,823,76.7,28.9,961
9/27/2019 16:09,datasets/dataset_cropped/09_Metas/27/16/20190927160900_00160.jpg,datasets_flow/dataset_cropped/09_Metas/27/16/20190927160900_00160.jpg,datasets_cloudmask/dataset_cropped/09_Metas/27/16/20190927160900_00160.png,510.3,818,76.9,29.2,961
9/27/2019 16:10,datasets/dataset_cropped/09_Metas/27/16/20190927161000_00160.jpg,datasets_flow/dataset_cropped/09_Metas/27/16/20190927161000_00160.jpg,datasets_cloudmask/dataset_cropped/09_Metas/27/16/20190927161000_00160.png,507.1,816,77,29.4,961
9/27/2019 16:11,datasets/dataset_cropped/09_Metas/27/16/20190927161100_00160.jpg,datasets_flow/dataset_cropped/09_Metas/27/16/20190927161100_00160.jpg,datasets_cloudmask/dataset_cropped/09_Metas/27/16/20190927161100_00160.png,503.7,815,76.5,29.6,961
9/27/2019 16:12,datasets/dataset_cropped/09_Metas/27/16/20190927161200_00160.jpg,datasets_flow/dataset_cropped/09_Metas/27/16/20190927161200_00160.jpg,datasets_cloudmask/dataset_cropped/09_Metas/27/16/20190927161200_00160.png,501.1,813,76.4,29.7,961
9/27/2019 16:13,datasets/dataset_cropped/09_Metas/27/16/20190927161300_00160.jpg,datasets_flow/dataset_cropped/09_Metas/27/16/20190927161300_00160.jpg,datasets_cloudmask/dataset_cropped/09_Metas/27/16/20190927161300_00160.png,497.5,810,76.3,29.4,961
9/27/2019 16:14,datasets/dataset_cropped/09_Metas/27/16/20190927161400_00160.jpg,datasets_flow/dataset_cropped/09_Metas/27/16/20190927161400_00160.jpg,datasets_cloudmask/dataset_cropped/09_Metas/27/16/20190927161400_00160.png,494.4,808,76.3,29.4,961
9/27/2019 16:15,datasets/dataset_cropped/09_Metas/27/16/20190927161500_00160.jpg,datasets_flow/dataset_cropped/09_Metas/27/16/20190927161500_00160.jpg,datasets_cloudmask/dataset_cropped/09_Metas/27/16/20190927161500_00160.png,491,806,76.2,29.4,961
9/27/2019 16:16,datasets/dataset_cropped/09_Metas/27/16/20190927161600_00160.jpg,datasets_flow/dataset_cropped/09_Metas/27/16/20190927161600_00160.jpg,datasets_cloudmask/dataset_cropped/09_Metas/27/16/20190927161600_00160.png,487.4,803,76.3,29.6,961
9/27/2019 16:17,datasets/dataset_cropped/09_Metas/27/16/20190927161700_00160.jpg,datasets_flow/dataset_cropped/09_Metas/27/16/20190927161700_00160.jpg,datasets_cloudmask/dataset_cropped/09_Metas/27/16/20190927161700_00160.png,485.3,803,76.2,29.5,961
9/27/2019 16:18,datasets/dataset_cropped/09_Metas/27/16/20190927161800_00160.jpg,datasets_flow/dataset_cropped/09_Metas/27/16/20190927161800_00160.jpg,datasets_cloudmask/dataset_cropped/09_Metas/27/16/20190927161800_00160.png,482,801,76.1,29.2,961
9/27/2019 16:19,datasets/dataset_cropped/09_Metas/27/16/20190927161900_00160.jpg,datasets_flow/dataset_cropped/09_Metas/27/16/20190927161900_00160.jpg,datasets_cloudmask/dataset_cropped/09_Metas/27/16/20190927161900_00160.png,478.7,798.2,76.2,29.1,961
9/27/2019 16:20,datasets/dataset_cropped/09_Metas/27/16/20190927162000_00160.jpg,datasets_flow/dataset_cropped/09_Metas/27/16/20190927162000_00160.jpg,datasets_cloudmask/dataset_cropped/09_Metas/27/16/20190927162000_00160.png,475.4,796.5,76,29,961
9/27/2019 16:21,datasets/dataset_cropped/09_Metas/27/16/20190927162100_00160.jpg,datasets_flow/dataset_cropped/09_Metas/27/16/20190927162100_00160.jpg,datasets_cloudmask/dataset_cropped/09_Metas/27/16/20190927162100_00160.png,473.1,796.7,75.9,28.9,961
9/27/2019 16:22,datasets/dataset_cropped/09_Metas/27/16/20190927162200_00160.jpg,datasets_flow/dataset_cropped/09_Metas/27/16/20190927162200_00160.jpg,datasets_cloudmask/dataset_cropped/09_Metas/27/16/20190927162200_00160.png,469.1,793.4,75.7,28.9,961
9/27/2019 16:23,datasets/dataset_cropped/09_Metas/27/16/20190927162300_00160.jpg,datasets_flow/dataset_cropped/09_Metas/27/16/20190927162300_00160.jpg,datasets_cloudmask/dataset_cropped/09_Metas/27/16/20190927162300_00160.png,465.5,790.1,76,29,961
9/27/2019 16:24,datasets/dataset_cropped/09_Metas/27/16/20190927162400_00160.jpg,datasets_flow/dataset_cropped/09_Metas/27/16/20190927162400_00160.jpg,datasets_cloudmask/dataset_cropped/09_Metas/27/16/20190927162400_00160.png,461.9,787.5,75.8,28.8,961
9/27/2019 16:25,datasets/dataset_cropped/09_Metas/27/16/20190927162500_00160.jpg,datasets_flow/dataset_cropped/09_Metas/27/16/20190927162500_00160.jpg,datasets_cloudmask/dataset_cropped/09_Metas/27/16/20190927162500_00160.png,459.2,786.7,75.5,28.7,961
9/27/2019 16:26,datasets/dataset_cropped/09_Metas/27/16/20190927162600_00160.jpg,datasets_flow/dataset_cropped/09_Metas/27/16/20190927162600_00160.jpg,datasets_cloudmask/dataset_cropped/09_Metas/27/16/20190927162600_00160.png,455.9,784.5,75.3,28.8,961
9/27/2019 16:27,datasets/dataset_cropped/09_Metas/27/16/20190927162700_00160.jpg,datasets_flow/dataset_cropped/09_Metas/27/16/20190927162700_00160.jpg,datasets_cloudmask/dataset_cropped/09_Metas/27/16/20190927162700_00160.png,452.2,781.4,75.3,28.8,961
9/27/2019 16:28,datasets/dataset_cropped/09_Metas/27/16/20190927162800_00160.jpg,datasets_flow/dataset_cropped/09_Metas/27/16/20190927162800_00160.jpg,datasets_cloudmask/dataset_cropped/09_Metas/27/16/20190927162800_00160.png,450.1,782,75.1,28.8,961
9/27/2019 16:29,datasets/dataset_cropped/09_Metas/27/16/20190927162900_00160.jpg,datasets_flow/dataset_cropped/09_Metas/27/16/20190927162900_00160.jpg,datasets_cloudmask/dataset_cropped/09_Metas/27/16/20190927162900_00160.png,447.5,781.4,74.5,28.9,961
9/27/2019 16:30,datasets/dataset_cropped/09_Metas/27/16/20190927163000_00160.jpg,datasets_flow/dataset_cropped/09_Metas/27/16/20190927163000_00160.jpg,datasets_cloudmask/dataset_cropped/09_Metas/27/16/20190927163000_00160.png,443.2,777,74.3,29,961
9/27/2019 16:31,datasets/dataset_cropped/09_Metas/27/16/20190927163100_00160.jpg,datasets_flow/dataset_cropped/09_Metas/27/16/20190927163100_00160.jpg,datasets_cloudmask/dataset_cropped/09_Metas/27/16/20190927163100_00160.png,440.1,775.1,74.3,28.8,961
9/27/2019 16:32,datasets/dataset_cropped/09_Metas/27/16/20190927163200_00160.jpg,datasets_flow/dataset_cropped/09_Metas/27/16/20190927163200_00160.jpg,datasets_cloudmask/dataset_cropped/09_Metas/27/16/20190927163200_00160.png,436.8,773.1,74.3,28.8,961
9/27/2019 16:33,datasets/dataset_cropped/09_Metas/27/16/20190927163300_00160.jpg,datasets_flow/dataset_cropped/09_Metas/27/16/20190927163300_00160.jpg,datasets_cloudmask/dataset_cropped/09_Metas/27/16/20190927163300_00160.png,434,772.2,74.3,29,961
9/27/2019 16:34,datasets/dataset_cropped/09_Metas/27/16/20190927163400_00160.jpg,datasets_flow/dataset_cropped/09_Metas/27/16/20190927163400_00160.jpg,datasets_cloudmask/dataset_cropped/09_Metas/27/16/20190927163400_00160.png,430.4,770.2,74.2,28.9,961
9/27/2019 16:35,datasets/dataset_cropped/09_Metas/27/16/20190927163500_00160.jpg,datasets_flow/dataset_cropped/09_Metas/27/16/20190927163500_00160.jpg,datasets_cloudmask/dataset_cropped/09_Metas/27/16/20190927163500_00160.png,426.6,767.2,73.9,28.8,961
9/27/2019 16:36,datasets/dataset_cropped/09_Metas/27/16/20190927163600_00160.jpg,datasets_flow/dataset_cropped/09_Metas/27/16/20190927163600_00160.jpg,datasets_cloudmask/dataset_cropped/09_Metas/27/16/20190927163600_00160.png,423.6,765.6,73.5,28.7,961
9/27/2019 16:37,datasets/dataset_cropped/09_Metas/27/16/20190927163700_00160.jpg,datasets_flow/dataset_cropped/09_Metas/27/16/20190927163700_00160.jpg,datasets_cloudmask/dataset_cropped/09_Metas/27/16/20190927163700_00160.png,420.3,763.4,73.3,28.7,961
9/27/2019 16:38,datasets/dataset_cropped/09_Metas/27/16/20190927163800_00160.jpg,datasets_flow/dataset_cropped/09_Metas/27/16/20190927163800_00160.jpg,datasets_cloudmask/dataset_cropped/09_Metas/27/16/20190927163800_00160.png,417.7,762.3,73.4,28.8,961
9/27/2019 16:39,datasets/dataset_cropped/09_Metas/27/16/20190927163900_00160.jpg,datasets_flow/dataset_cropped/09_Metas/27/16/20190927163900_00160.jpg,datasets_cloudmask/dataset_cropped/09_Metas/27/16/20190927163900_00160.png,414.1,760,73.2,28.9,961
9/27/2019 16:40,datasets/dataset_cropped/09_Metas/27/16/20190927164000_00160.jpg,datasets_flow/dataset_cropped/09_Metas/27/16/20190927164000_00160.jpg,datasets_cloudmask/dataset_cropped/09_Metas/27/16/20190927164000_00160.png,411,758.3,73.1,28.9,961
9/27/2019 16:41,datasets/dataset_cropped/09_Metas/27/16/20190927164100_00160.jpg,datasets_flow/dataset_cropped/09_Metas/27/16/20190927164100_00160.jpg,datasets_cloudmask/dataset_cropped/09_Metas/27/16/20190927164100_00160.png,407.9,757.2,72.9,29,961
9/27/2019 16:42,datasets/dataset_cropped/09_Metas/27/16/20190927164200_00160.jpg,datasets_flow/dataset_cropped/09_Metas/27/16/20190927164200_00160.jpg,datasets_cloudmask/dataset_cropped/09_Metas/27/16/20190927164200_00160.png,404.5,755,72.6,29.1,961
9/27/2019 16:43,datasets/dataset_cropped/09_Metas/27/16/20190927164300_00160.jpg,datasets_flow/dataset_cropped/09_Metas/27/16/20190927164300_00160.jpg,datasets_cloudmask/dataset_cropped/09_Metas/27/16/20190927164300_00160.png,401.1,753,72.2,29.1,961
9/27/2019 16:44,datasets/dataset_cropped/09_Metas/27/16/20190927164400_00160.jpg,datasets_flow/dataset_cropped/09_Metas/27/16/20190927164400_00160.jpg,datasets_cloudmask/dataset_cropped/09_Metas/27/16/20190927164400_00160.png,398.1,751.3,72.1,28.9,961
9/27/2019 16:45,datasets/dataset_cropped/09_Metas/27/16/20190927164500_00160.jpg,datasets_flow/dataset_cropped/09_Metas/27/16/20190927164500_00160.jpg,datasets_cloudmask/dataset_cropped/09_Metas/27/16/20190927164500_00160.png,394.2,747.9,71.8,28.8,961
9/27/2019 16:46,datasets/dataset_cropped/09_Metas/27/16/20190927164600_00160.jpg,datasets_flow/dataset_cropped/09_Metas/27/16/20190927164600_00160.jpg,datasets_cloudmask/dataset_cropped/09_Metas/27/16/20190927164600_00160.png,391.1,746,71.5,28.8,961
9/27/2019 16:47,datasets/dataset_cropped/09_Metas/27/16/20190927164700_00160.jpg,datasets_flow/dataset_cropped/09_Metas/27/16/20190927164700_00160.jpg,datasets_cloudmask/dataset_cropped/09_Metas/27/16/20190927164700_00160.png,387.8,743.8,71.3,28.9,961
9/27/2019 16:48,datasets/dataset_cropped/09_Metas/27/16/20190927164800_00160.jpg,datasets_flow/dataset_cropped/09_Metas/27/16/20190927164800_00160.jpg,datasets_cloudmask/dataset_cropped/09_Metas/27/16/20190927164800_00160.png,383.7,739.3,71.2,28.8,961
9/27/2019 16:49,datasets/dataset_cropped/09_Metas/27/16/20190927164900_00160.jpg,datasets_flow/dataset_cropped/09_Metas/27/16/20190927164900_00160.jpg,datasets_cloudmask/dataset_cropped/09_Metas/27/16/20190927164900_00160.png,380.4,737.1,71,28.9,961
9/27/2019 16:50,datasets/dataset_cropped/09_Metas/27/16/20190927165000_00160.jpg,datasets_flow/dataset_cropped/09_Metas/27/16/20190927165000_00160.jpg,datasets_cloudmask/dataset_cropped/09_Metas/27/16/20190927165000_00160.png,377,734.3,70.7,28.8,961
9/27/2019 16:51,datasets/dataset_cropped/09_Metas/27/16/20190927165100_00160.jpg,datasets_flow/dataset_cropped/09_Metas/27/16/20190927165100_00160.jpg,datasets_cloudmask/dataset_cropped/09_Metas/27/16/20190927165100_00160.png,373.5,731.3,70.6,28.9,961
9/27/2019 16:52,datasets/dataset_cropped/09_Metas/27/16/20190927165200_00160.jpg,datasets_flow/dataset_cropped/09_Metas/27/16/20190927165200_00160.jpg,datasets_cloudmask/dataset_cropped/09_Metas/27/16/20190927165200_00160.png,370.9,730.9,70.5,29,961
9/27/2019 16:53,datasets/dataset_cropped/09_Metas/27/16/20190927165300_00160.jpg,datasets_flow/dataset_cropped/09_Metas/27/16/20190927165300_00160.jpg,datasets_cloudmask/dataset_cropped/09_Metas/27/16/20190927165300_00160.png,368.3,730.6,70,29.1,961
9/27/2019 16:54,datasets/dataset_cropped/09_Metas/27/16/20190927165400_00160.jpg,datasets_flow/dataset_cropped/09_Metas/27/16/20190927165400_00160.jpg,datasets_cloudmask/dataset_cropped/09_Metas/27/16/20190927165400_00160.png,364.8,728.2,69.6,28.9,961
9/27/2019 16:55,datasets/dataset_cropped/09_Metas/27/16/20190927165500_00160.jpg,datasets_flow/dataset_cropped/09_Metas/27/16/20190927165500_00160.jpg,datasets_cloudmask/dataset_cropped/09_Metas/27/16/20190927165500_00160.png,361.2,725.7,69.2,28.8,961
9/27/2019 16:56,datasets/dataset_cropped/09_Metas/27/16/20190927165600_00160.jpg,datasets_flow/dataset_cropped/09_Metas/27/16/20190927165600_00160.jpg,datasets_cloudmask/dataset_cropped/09_Metas/27/16/20190927165600_00160.png,357.5,722.1,69.2,28.6,961
9/27/2019 16:57,datasets/dataset_cropped/09_Metas/27/16/20190927165700_00160.jpg,datasets_flow/dataset_cropped/09_Metas/27/16/20190927165700_00160.jpg,datasets_cloudmask/dataset_cropped/09_Metas/27/16/20190927165700_00160.png,354,719.5,69.1,28.5,961
9/27/2019 16:58,datasets/dataset_cropped/09_Metas/27/16/20190927165800_00160.jpg,datasets_flow/dataset_cropped/09_Metas/27/16/20190927165800_00160.jpg,datasets_cloudmask/dataset_cropped/09_Metas/27/16/20190927165800_00160.png,351.3,719,68.7,28.5,961
9/27/2019 16:59,datasets/dataset_cropped/09_Metas/27/16/20190927165900_00160.jpg,datasets_flow/dataset_cropped/09_Metas/27/16/20190927165900_00160.jpg,datasets_cloudmask/dataset_cropped/09_Metas/27/16/20190927165900_00160.png,347.8,716.2,68.3,28.4,961
9/27/2019 17:00,datasets/dataset_cropped/09_Metas/27/17/20190927170000_00160.jpg,datasets_flow/dataset_cropped/09_Metas/27/17/20190927170000_00160.jpg,datasets_cloudmask/dataset_cropped/09_Metas/27/17/20190927170000_00160.png,344.9,714.3,68.1,28.4,961
9/27/2019 17:01,datasets/dataset_cropped/09_Metas/27/17/20190927170100_00160.jpg,datasets_flow/dataset_cropped/09_Metas/27/17/20190927170100_00160.jpg,datasets_cloudmask/dataset_cropped/09_Metas/27/17/20190927170100_00160.png,341.6,711.7,67.8,28.5,961
9/27/2019 17:02,datasets/dataset_cropped/09_Metas/27/17/20190927170200_00160.jpg,datasets_flow/dataset_cropped/09_Metas/27/17/20190927170200_00160.jpg,datasets_cloudmask/dataset_cropped/09_Metas/27/17/20190927170200_00160.png,338.2,709.1,67.7,28.6,961
9/27/2019 17:03,datasets/dataset_cropped/09_Metas/27/17/20190927170300_00160.jpg,datasets_flow/dataset_cropped/09_Metas/27/17/20190927170300_00160.jpg,datasets_cloudmask/dataset_cropped/09_Metas/27/17/20190927170300_00160.png,334.1,705.1,67.3,28.7,961
9/27/2019 17:04,datasets/dataset_cropped/09_Metas/27/17/20190927170400_00160.jpg,datasets_flow/dataset_cropped/09_Metas/27/17/20190927170400_00160.jpg,datasets_cloudmask/dataset_cropped/09_Metas/27/17/20190927170400_00160.png,330.9,703,67,28.5,961
9/27/2019 17:05,datasets/dataset_cropped/09_Metas/27/17/20190927170500_00160.jpg,datasets_flow/dataset_cropped/09_Metas/27/17/20190927170500_00160.jpg,datasets_cloudmask/dataset_cropped/09_Metas/27/17/20190927170500_00160.png,326.7,698,66.8,28.4,961
9/27/2019 17:06,datasets/dataset_cropped/09_Metas/27/17/20190927170600_00160.jpg,datasets_flow/dataset_cropped/09_Metas/27/17/20190927170600_00160.jpg,datasets_cloudmask/dataset_cropped/09_Metas/27/17/20190927170600_00160.png,323.8,696,66.8,28.3,961
9/27/2019 17:07,datasets/dataset_cropped/09_Metas/27/17/20190927170700_00160.jpg,datasets_flow/dataset_cropped/09_Metas/27/17/20190927170700_00160.jpg,datasets_cloudmask/dataset_cropped/09_Metas/27/17/20190927170700_00160.png,320.2,692.7,66.6,28.2,961
9/27/2019 17:08,datasets/dataset_cropped/09_Metas/27/17/20190927170800_00160.jpg,datasets_flow/dataset_cropped/09_Metas/27/17/20190927170800_00160.jpg,datasets_cloudmask/dataset_cropped/09_Metas/27/17/20190927170800_00160.png,316.1,688.1,66.2,28.2,961
9/27/2019 17:09,datasets/dataset_cropped/09_Metas/27/17/20190927170900_00160.jpg,datasets_flow/dataset_cropped/09_Metas/27/17/20190927170900_00160.jpg,datasets_cloudmask/dataset_cropped/09_Metas/27/17/20190927170900_00160.png,312.8,685.3,66,28.2,961
9/27/2019 17:10,datasets/dataset_cropped/09_Metas/27/17/20190927171000_00160.jpg,datasets_flow/dataset_cropped/09_Metas/27/17/20190927171000_00160.jpg,datasets_cloudmask/dataset_cropped/09_Metas/27/17/20190927171000_00160.png,308.9,681.4,65.6,28.1,961
9/27/2019 17:11,datasets/dataset_cropped/09_Metas/27/17/20190927171100_00160.jpg,datasets_flow/dataset_cropped/09_Metas/27/17/20190927171100_00160.jpg,datasets_cloudmask/dataset_cropped/09_Metas/27/17/20190927171100_00160.png,306.6,681.8,65.2,28,961
9/27/2019 17:12,datasets/dataset_cropped/09_Metas/27/17/20190927171200_00160.jpg,datasets_flow/dataset_cropped/09_Metas/27/17/20190927171200_00160.jpg,datasets_cloudmask/dataset_cropped/09_Metas/27/17/20190927171200_00160.png,303.8,680.2,65.2,28.1,961
9/27/2019 17:13,datasets/dataset_cropped/09_Metas/27/17/20190927171300_00160.jpg,datasets_flow/dataset_cropped/09_Metas/27/17/20190927171300_00160.jpg,datasets_cloudmask/dataset_cropped/09_Metas/27/17/20190927171300_00160.png,300,676.2,65,28.2,961
9/27/2019 17:14,datasets/dataset_cropped/09_Metas/27/17/20190927171400_00160.jpg,datasets_flow/dataset_cropped/09_Metas/27/17/20190927171400_00160.jpg,datasets_cloudmask/dataset_cropped/09_Metas/27/17/20190927171400_00160.png,295.3,669.7,64.8,28.2,961
9/27/2019 17:15,datasets/dataset_cropped/09_Metas/27/17/20190927171500_00160.jpg,datasets_flow/dataset_cropped/09_Metas/27/17/20190927171500_00160.jpg,datasets_cloudmask/dataset_cropped/09_Metas/27/17/20190927171500_00160.png,293.3,670.8,64.6,28.3,961
9/27/2019 17:16,datasets/dataset_cropped/09_Metas/27/17/20190927171600_00160.jpg,datasets_flow/dataset_cropped/09_Metas/27/17/20190927171600_00160.jpg,datasets_cloudmask/dataset_cropped/09_Metas/27/17/20190927171600_00160.png,289.8,667.6,64.3,28.3,961
9/27/2019 17:17,datasets/dataset_cropped/09_Metas/27/17/20190927171700_00160.jpg,datasets_flow/dataset_cropped/09_Metas/27/17/20190927171700_00160.jpg,datasets_cloudmask/dataset_cropped/09_Metas/27/17/20190927171700_00160.png,286.2,664.1,63.9,28.3,961
9/27/2019 17:18,datasets/dataset_cropped/09_Metas/27/17/20190927171800_00160.jpg,datasets_flow/dataset_cropped/09_Metas/27/17/20190927171800_00160.jpg,datasets_cloudmask/dataset_cropped/09_Metas/27/17/20190927171800_00160.png,282.1,658.6,63.5,28.5,961
9/27/2019 17:19,datasets/dataset_cropped/09_Metas/27/17/20190927171900_00160.jpg,datasets_flow/dataset_cropped/09_Metas/27/17/20190927171900_00160.jpg,datasets_cloudmask/dataset_cropped/09_Metas/27/17/20190927171900_00160.png,278.2,653.9,63.2,28.4,961
9/27/2019 17:20,datasets/dataset_cropped/09_Metas/27/17/20190927172000_00160.jpg,datasets_flow/dataset_cropped/09_Metas/27/17/20190927172000_00160.jpg,datasets_cloudmask/dataset_cropped/09_Metas/27/17/20190927172000_00160.png,274.7,650.9,62.8,28.4,961
9/27/2019 17:21,datasets/dataset_cropped/09_Metas/27/17/20190927172100_00160.jpg,datasets_flow/dataset_cropped/09_Metas/27/17/20190927172100_00160.jpg,datasets_cloudmask/dataset_cropped/09_Metas/27/17/20190927172100_00160.png,271.5,648.1,62.5,28.4,961
9/27/2019 17:22,datasets/dataset_cropped/09_Metas/27/17/20190927172200_00160.jpg,datasets_flow/dataset_cropped/09_Metas/27/17/20190927172200_00160.jpg,datasets_cloudmask/dataset_cropped/09_Metas/27/17/20190927172200_00160.png,267.8,643.8,62.3,28.2,961
9/27/2019 17:23,datasets/dataset_cropped/09_Metas/27/17/20190927172300_00160.jpg,datasets_flow/dataset_cropped/09_Metas/27/17/20190927172300_00160.jpg,datasets_cloudmask/dataset_cropped/09_Metas/27/17/20190927172300_00160.png,264.3,640.3,62,28,961
9/27/2019 17:24,datasets/dataset_cropped/09_Metas/27/17/20190927172400_00160.jpg,datasets_flow/dataset_cropped/09_Metas/27/17/20190927172400_00160.jpg,datasets_cloudmask/dataset_cropped/09_Metas/27/17/20190927172400_00160.png,261.2,637.9,61.6,27.9,961
9/27/2019 17:25,datasets/dataset_cropped/09_Metas/27/17/20190927172500_00160.jpg,datasets_flow/dataset_cropped/09_Metas/27/17/20190927172500_00160.jpg,datasets_cloudmask/dataset_cropped/09_Metas/27/17/20190927172500_00160.png,257.7,634.1,61.4,28,961
9/27/2019 17:26,datasets/dataset_cropped/09_Metas/27/17/20190927172600_00160.jpg,datasets_flow/dataset_cropped/09_Metas/27/17/20190927172600_00160.jpg,datasets_cloudmask/dataset_cropped/09_Metas/27/17/20190927172600_00160.png,254.4,631,61.1,28.2,961
9/27/2019 17:27,datasets/dataset_cropped/09_Metas/27/17/20190927172700_00160.jpg,datasets_flow/dataset_cropped/09_Metas/27/17/20190927172700_00160.jpg,datasets_cloudmask/dataset_cropped/09_Metas/27/17/20190927172700_00160.png,251.1,628,60.7,28.3,961
9/27/2019 17:28,datasets/dataset_cropped/09_Metas/27/17/20190927172800_00160.jpg,datasets_flow/dataset_cropped/09_Metas/27/17/20190927172800_00160.jpg,datasets_cloudmask/dataset_cropped/09_Metas/27/17/20190927172800_00160.png,247.1,622.4,60.4,28.3,961
9/27/2019 17:29,datasets/dataset_cropped/09_Metas/27/17/20190927172900_00160.jpg,datasets_flow/dataset_cropped/09_Metas/27/17/20190927172900_00160.jpg,datasets_cloudmask/dataset_cropped/09_Metas/27/17/20190927172900_00160.png,243.8,618.7,60,28.3,961
9/27/2019 17:30,datasets/dataset_cropped/09_Metas/27/17/20190927173000_00160.jpg,datasets_flow/dataset_cropped/09_Metas/27/17/20190927173000_00160.jpg,datasets_cloudmask/dataset_cropped/09_Metas/27/17/20190927173000_00160.png,240.8,616.2,59.8,28.2,961
9/27/2019 17:31,datasets/dataset_cropped/09_Metas/27/17/20190927173100_00160.jpg,datasets_flow/dataset_cropped/09_Metas/27/17/20190927173100_00160.jpg,datasets_cloudmask/dataset_cropped/09_Metas/27/17/20190927173100_00160.png,237.9,613.6,59.7,28.3,961
9/27/2019 17:32,datasets/dataset_cropped/09_Metas/27/17/20190927173200_00160.jpg,datasets_flow/dataset_cropped/09_Metas/27/17/20190927173200_00160.jpg,datasets_cloudmask/dataset_cropped/09_Metas/27/17/20190927173200_00160.png,234.2,609.4,59.3,28.2,961
9/27/2019 17:33,datasets/dataset_cropped/09_Metas/27/17/20190927173300_00160.jpg,datasets_flow/dataset_cropped/09_Metas/27/17/20190927173300_00160.jpg,datasets_cloudmask/dataset_cropped/09_Metas/27/17/20190927173300_00160.png,230.7,605.8,58.8,28.2,961
9/27/2019 17:34,datasets/dataset_cropped/09_Metas/27/17/20190927173400_00160.jpg,datasets_flow/dataset_cropped/09_Metas/27/17/20190927173400_00160.jpg,datasets_cloudmask/dataset_cropped/09_Metas/27/17/20190927173400_00160.png,226.9,600.4,58.4,28.1,961
9/27/2019 17:35,datasets/dataset_cropped/09_Metas/27/17/20190927173500_00160.jpg,datasets_flow/dataset_cropped/09_Metas/27/17/20190927173500_00160.jpg,datasets_cloudmask/dataset_cropped/09_Metas/27/17/20190927173500_00160.png,223.1,595.4,57.8,27.9,961
9/27/2019 17:36,datasets/dataset_cropped/09_Metas/27/17/20190927173600_00160.jpg,datasets_flow/dataset_cropped/09_Metas/27/17/20190927173600_00160.jpg,datasets_cloudmask/dataset_cropped/09_Metas/27/17/20190927173600_00160.png,219.5,590.6,57.4,27.9,961
9/27/2019 17:37,datasets/dataset_cropped/09_Metas/27/17/20190927173700_00160.jpg,datasets_flow/dataset_cropped/09_Metas/27/17/20190927173700_00160.jpg,datasets_cloudmask/dataset_cropped/09_Metas/27/17/20190927173700_00160.png,216.2,587.3,56.8,27.9,961
9/27/2019 17:38,datasets/dataset_cropped/09_Metas/27/17/20190927173800_00160.jpg,datasets_flow/dataset_cropped/09_Metas/27/17/20190927173800_00160.jpg,datasets_cloudmask/dataset_cropped/09_Metas/27/17/20190927173800_00160.png,212.8,583,56.3,27.9,961
9/27/2019 17:39,datasets/dataset_cropped/09_Metas/27/17/20190927173900_00160.jpg,datasets_flow/dataset_cropped/09_Metas/27/17/20190927173900_00160.jpg,datasets_cloudmask/dataset_cropped/09_Metas/27/17/20190927173900_00160.png,209.2,578.3,55.9,27.9,961
9/27/2019 17:40,datasets/dataset_cropped/09_Metas/27/17/20190927174000_00160.jpg,datasets_flow/dataset_cropped/09_Metas/27/17/20190927174000_00160.jpg,datasets_cloudmask/dataset_cropped/09_Metas/27/17/20190927174000_00160.png,205.9,574.3,55.5,27.9,961
9/27/2019 17:41,datasets/dataset_cropped/09_Metas/27/17/20190927174100_00160.jpg,datasets_flow/dataset_cropped/09_Metas/27/17/20190927174100_00160.jpg,datasets_cloudmask/dataset_cropped/09_Metas/27/17/20190927174100_00160.png,202.5,570.2,55,27.9,961
9/27/2019 17:42,datasets/dataset_cropped/09_Metas/27/17/20190927174200_00160.jpg,datasets_flow/dataset_cropped/09_Metas/27/17/20190927174200_00160.jpg,datasets_cloudmask/dataset_cropped/09_Metas/27/17/20190927174200_00160.png,199.2,566.2,54.7,27.7,961
9/27/2019 17:43,datasets/dataset_cropped/09_Metas/27/17/20190927174300_00160.jpg,datasets_flow/dataset_cropped/09_Metas/27/17/20190927174300_00160.jpg,datasets_cloudmask/dataset_cropped/09_Metas/27/17/20190927174300_00160.png,195.7,561,54.3,27.7,961
9/27/2019 17:44,datasets/dataset_cropped/09_Metas/27/17/20190927174400_00160.jpg,datasets_flow/dataset_cropped/09_Metas/27/17/20190927174400_00160.jpg,datasets_cloudmask/dataset_cropped/09_Metas/27/17/20190927174400_00160.png,192.3,556.5,54,27.6,961
9/27/2019 17:45,datasets/dataset_cropped/09_Metas/27/17/20190927174500_00160.jpg,datasets_flow/dataset_cropped/09_Metas/27/17/20190927174500_00160.jpg,datasets_cloudmask/dataset_cropped/09_Metas/27/17/20190927174500_00160.png,189,552.7,53.5,27.7,961
9/27/2019 17:46,datasets/dataset_cropped/09_Metas/27/17/20190927174600_00160.jpg,datasets_flow/dataset_cropped/09_Metas/27/17/20190927174600_00160.jpg,datasets_cloudmask/dataset_cropped/09_Metas/27/17/20190927174600_00160.png,185.8,548.3,53.1,27.7,961
9/27/2019 17:47,datasets/dataset_cropped/09_Metas/27/17/20190927174700_00160.jpg,datasets_flow/dataset_cropped/09_Metas/27/17/20190927174700_00160.jpg,datasets_cloudmask/dataset_cropped/09_Metas/27/17/20190927174700_00160.png,182.2,542.6,52.8,27.6,961
9/27/2019 17:48,datasets/dataset_cropped/09_Metas/27/17/20190927174800_00160.jpg,datasets_flow/dataset_cropped/09_Metas/27/17/20190927174800_00160.jpg,datasets_cloudmask/dataset_cropped/09_Metas/27/17/20190927174800_00160.png,178.7,537.4,52.2,27.7,961
9/27/2019 17:49,datasets/dataset_cropped/09_Metas/27/17/20190927174900_00160.jpg,datasets_flow/dataset_cropped/09_Metas/27/17/20190927174900_00160.jpg,datasets_cloudmask/dataset_cropped/09_Metas/27/17/20190927174900_00160.png,175.6,533.1,51.9,27.7,961
9/27/2019 17:50,datasets/dataset_cropped/09_Metas/27/17/20190927175000_00160.jpg,datasets_flow/dataset_cropped/09_Metas/27/17/20190927175000_00160.jpg,datasets_cloudmask/dataset_cropped/09_Metas/27/17/20190927175000_00160.png,172.1,527.4,51.4,27.8,961
9/27/2019 17:51,datasets/dataset_cropped/09_Metas/27/17/20190927175100_00160.jpg,datasets_flow/dataset_cropped/09_Metas/27/17/20190927175100_00160.jpg,datasets_cloudmask/dataset_cropped/09_Metas/27/17/20190927175100_00160.png,168.6,521.7,50.9,27.8,961
9/27/2019 17:52,datasets/dataset_cropped/09_Metas/27/17/20190927175200_00160.jpg,datasets_flow/dataset_cropped/09_Metas/27/17/20190927175200_00160.jpg,datasets_cloudmask/dataset_cropped/09_Metas/27/17/20190927175200_00160.png,165.6,518.1,50.3,27.6,961
9/27/2019 17:53,datasets/dataset_cropped/09_Metas/27/17/20190927175300_00160.jpg,datasets_flow/dataset_cropped/09_Metas/27/17/20190927175300_00160.jpg,datasets_cloudmask/dataset_cropped/09_Metas/27/17/20190927175300_00160.png,162.9,515.4,49.9,27.5,961
9/27/2019 17:54,datasets/dataset_cropped/09_Metas/27/17/20190927175400_00160.jpg,datasets_flow/dataset_cropped/09_Metas/27/17/20190927175400_00160.jpg,datasets_cloudmask/dataset_cropped/09_Metas/27/17/20190927175400_00160.png,159.8,510.6,49.5,27.3,961
9/27/2019 17:55,datasets/dataset_cropped/09_Metas/27/17/20190927175500_00160.jpg,datasets_flow/dataset_cropped/09_Metas/27/17/20190927175500_00160.jpg,datasets_cloudmask/dataset_cropped/09_Metas/27/17/20190927175500_00160.png,156.3,504.1,49,27.2,961
9/27/2019 17:56,datasets/dataset_cropped/09_Metas/27/17/20190927175600_00160.jpg,datasets_flow/dataset_cropped/09_Metas/27/17/20190927175600_00160.jpg,datasets_cloudmask/dataset_cropped/09_Metas/27/17/20190927175600_00160.png,153.1,498.3,48.6,27.1,961
9/27/2019 17:57,datasets/dataset_cropped/09_Metas/27/17/20190927175700_00160.jpg,datasets_flow/dataset_cropped/09_Metas/27/17/20190927175700_00160.jpg,datasets_cloudmask/dataset_cropped/09_Metas/27/17/20190927175700_00160.png,149.7,492.7,48,27.1,961
9/27/2019 17:58,datasets/dataset_cropped/09_Metas/27/17/20190927175800_00160.jpg,datasets_flow/dataset_cropped/09_Metas/27/17/20190927175800_00160.jpg,datasets_cloudmask/dataset_cropped/09_Metas/27/17/20190927175800_00160.png,146.4,487.4,47.5,27,961
9/27/2019 17:59,datasets/dataset_cropped/09_Metas/27/17/20190927175900_00160.jpg,datasets_flow/dataset_cropped/09_Metas/27/17/20190927175900_00160.jpg,datasets_cloudmask/dataset_cropped/09_Metas/27/17/20190927175900_00160.png,143.2,481.5,47,26.8,961
9/27/2019 18:00,datasets/dataset_cropped/09_Metas/27/18/20190927180000_00160.jpg,datasets_flow/dataset_cropped/09_Metas/27/18/20190927180000_00160.jpg,datasets_cloudmask/dataset_cropped/09_Metas/27/18/20190927180000_00160.png,140.1,476.3,46.4,26.9,961
9/27/2019 18:01,datasets/dataset_cropped/09_Metas/27/18/20190927180100_00160.jpg,datasets_flow/dataset_cropped/09_Metas/27/18/20190927180100_00160.jpg,datasets_cloudmask/dataset_cropped/09_Metas/27/18/20190927180100_00160.png,136.9,470.7,46,26.9,961
9/27/2019 18:02,datasets/dataset_cropped/09_Metas/27/18/20190927180200_00160.jpg,datasets_flow/dataset_cropped/09_Metas/27/18/20190927180200_00160.jpg,datasets_cloudmask/dataset_cropped/09_Metas/27/18/20190927180200_00160.png,133.6,463.7,45.6,26.8,961
9/27/2019 18:03,datasets/dataset_cropped/09_Metas/27/18/20190927180300_00160.jpg,datasets_flow/dataset_cropped/09_Metas/27/18/20190927180300_00160.jpg,datasets_cloudmask/dataset_cropped/09_Metas/27/18/20190927180300_00160.png,130.4,457.9,45,26.8,961
9/27/2019 18:04,datasets/dataset_cropped/09_Metas/27/18/20190927180400_00160.jpg,datasets_flow/dataset_cropped/09_Metas/27/18/20190927180400_00160.jpg,datasets_cloudmask/dataset_cropped/09_Metas/27/18/20190927180400_00160.png,127.4,452.7,44.5,26.8,961
9/27/2019 18:05,datasets/dataset_cropped/09_Metas/27/18/20190927180500_00160.jpg,datasets_flow/dataset_cropped/09_Metas/27/18/20190927180500_00160.jpg,datasets_cloudmask/dataset_cropped/09_Metas/27/18/20190927180500_00160.png,124.4,447.4,44,26.7,961
9/27/2019 18:06,datasets/dataset_cropped/09_Metas/27/18/20190927180600_00160.jpg,datasets_flow/dataset_cropped/09_Metas/27/18/20190927180600_00160.jpg,datasets_cloudmask/dataset_cropped/09_Metas/27/18/20190927180600_00160.png,121.4,441.8,43.3,26.6,961
9/27/2019 18:07,datasets/dataset_cropped/09_Metas/27/18/20190927180700_00160.jpg,datasets_flow/dataset_cropped/09_Metas/27/18/20190927180700_00160.jpg,datasets_cloudmask/dataset_cropped/09_Metas/27/18/20190927180700_00160.png,118.4,436.6,42.8,26.5,961
9/27/2019 18:08,datasets/dataset_cropped/09_Metas/27/18/20190927180800_00160.jpg,datasets_flow/dataset_cropped/09_Metas/27/18/20190927180800_00160.jpg,datasets_cloudmask/dataset_cropped/09_Metas/27/18/20190927180800_00160.png,115.4,430.6,42.3,26.4,961
9/27/2019 18:09,datasets/dataset_cropped/09_Metas/27/18/20190927180900_00160.jpg,datasets_flow/dataset_cropped/09_Metas/27/18/20190927180900_00160.jpg,datasets_cloudmask/dataset_cropped/09_Metas/27/18/20190927180900_00160.png,112.3,424,41.8,26.2,961
9/27/2019 18:10,datasets/dataset_cropped/09_Metas/27/18/20190927181000_00160.jpg,datasets_flow/dataset_cropped/09_Metas/27/18/20190927181000_00160.jpg,datasets_cloudmask/dataset_cropped/09_Metas/27/18/20190927181000_00160.png,109.3,417.6,41.4,26.1,961
9/27/2019 18:11,datasets/dataset_cropped/09_Metas/27/18/20190927181100_00160.jpg,datasets_flow/dataset_cropped/09_Metas/27/18/20190927181100_00160.jpg,datasets_cloudmask/dataset_cropped/09_Metas/27/18/20190927181100_00160.png,106.2,409.8,41,26.2,961
9/27/2019 18:12,datasets/dataset_cropped/09_Metas/27/18/20190927181200_00160.jpg,datasets_flow/dataset_cropped/09_Metas/27/18/20190927181200_00160.jpg,datasets_cloudmask/dataset_cropped/09_Metas/27/18/20190927181200_00160.png,103.3,404.4,40.3,26.3,961
9/27/2019 18:13,datasets/dataset_cropped/09_Metas/27/18/20190927181300_00160.jpg,datasets_flow/dataset_cropped/09_Metas/27/18/20190927181300_00160.jpg,datasets_cloudmask/dataset_cropped/09_Metas/27/18/20190927181300_00160.png,100.1,398.2,39.4,26.3,961
9/27/2019 18:14,datasets/dataset_cropped/09_Metas/27/18/20190927181400_00160.jpg,datasets_flow/dataset_cropped/09_Metas/27/18/20190927181400_00160.jpg,datasets_cloudmask/dataset_cropped/09_Metas/27/18/20190927181400_00160.png,97,391.8,38.5,26.3,961
9/27/2019 18:15,datasets/dataset_cropped/09_Metas/27/18/20190927181500_00160.jpg,datasets_flow/dataset_cropped/09_Metas/27/18/20190927181500_00160.jpg,datasets_cloudmask/dataset_cropped/09_Metas/27/18/20190927181500_00160.png,94,384.4,38,26.1,961
9/27/2019 18:16,datasets/dataset_cropped/09_Metas/27/18/20190927181600_00160.jpg,datasets_flow/dataset_cropped/09_Metas/27/18/20190927181600_00160.jpg,datasets_cloudmask/dataset_cropped/09_Metas/27/18/20190927181600_00160.png,90.8,375.1,37.4,26,961
9/27/2019 18:17,datasets/dataset_cropped/09_Metas/27/18/20190927181700_00160.jpg,datasets_flow/dataset_cropped/09_Metas/27/18/20190927181700_00160.jpg,datasets_cloudmask/dataset_cropped/09_Metas/27/18/20190927181700_00160.png,87.7,367.4,36.6,25.9,961
9/27/2019 18:18,datasets/dataset_cropped/09_Metas/27/18/20190927181800_00160.jpg,datasets_flow/dataset_cropped/09_Metas/27/18/20190927181800_00160.jpg,datasets_cloudmask/dataset_cropped/09_Metas/27/18/20190927181800_00160.png,84.7,359,36,25.8,961
9/27/2019 18:19,datasets/dataset_cropped/09_Metas/27/18/20190927181900_00160.jpg,datasets_flow/dataset_cropped/09_Metas/27/18/20190927181900_00160.jpg,datasets_cloudmask/dataset_cropped/09_Metas/27/18/20190927181900_00160.png,81.9,352.1,35.3,25.7,961
9/27/2019 18:20,datasets/dataset_cropped/09_Metas/27/18/20190927182000_00160.jpg,datasets_flow/dataset_cropped/09_Metas/27/18/20190927182000_00160.jpg,datasets_cloudmask/dataset_cropped/09_Metas/27/18/20190927182000_00160.png,78.8,343.9,34.4,25.5,961
9/27/2019 18:21,datasets/dataset_cropped/09_Metas/27/18/20190927182100_00160.jpg,datasets_flow/dataset_cropped/09_Metas/27/18/20190927182100_00160.jpg,datasets_cloudmask/dataset_cropped/09_Metas/27/18/20190927182100_00160.png,76,336.3,33.6,25.5,961
9/27/2019 18:22,datasets/dataset_cropped/09_Metas/27/18/20190927182200_00160.jpg,datasets_flow/dataset_cropped/09_Metas/27/18/20190927182200_00160.jpg,datasets_cloudmask/dataset_cropped/09_Metas/27/18/20190927182200_00160.png,73.3,329,33,25.3,962
9/27/2019 18:23,datasets/dataset_cropped/09_Metas/27/18/20190927182300_00160.jpg,datasets_flow/dataset_cropped/09_Metas/27/18/20190927182300_00160.jpg,datasets_cloudmask/dataset_cropped/09_Metas/27/18/20190927182300_00160.png,70.7,321.6,32.3,25.2,961
9/27/2019 18:24,datasets/dataset_cropped/09_Metas/27/18/20190927182400_00160.jpg,datasets_flow/dataset_cropped/09_Metas/27/18/20190927182400_00160.jpg,datasets_cloudmask/dataset_cropped/09_Metas/27/18/20190927182400_00160.png,68,313.9,31.5,25.2,961
9/27/2019 18:25,datasets/dataset_cropped/09_Metas/27/18/20190927182500_00160.jpg,datasets_flow/dataset_cropped/09_Metas/27/18/20190927182500_00160.jpg,datasets_cloudmask/dataset_cropped/09_Metas/27/18/20190927182500_00160.png,65.2,305.2,30.8,25.1,962
9/27/2019 18:26,datasets/dataset_cropped/09_Metas/27/18/20190927182600_00160.jpg,datasets_flow/dataset_cropped/09_Metas/27/18/20190927182600_00160.jpg,datasets_cloudmask/dataset_cropped/09_Metas/27/18/20190927182600_00160.png,62.4,296,30.1,25.1,961
9/27/2019 18:27,datasets/dataset_cropped/09_Metas/27/18/20190927182700_00160.jpg,datasets_flow/dataset_cropped/09_Metas/27/18/20190927182700_00160.jpg,datasets_cloudmask/dataset_cropped/09_Metas/27/18/20190927182700_00160.png,59.9,289,29.4,25,961
9/27/2019 18:28,datasets/dataset_cropped/09_Metas/27/18/20190927182800_00160.jpg,datasets_flow/dataset_cropped/09_Metas/27/18/20190927182800_00160.jpg,datasets_cloudmask/dataset_cropped/09_Metas/27/18/20190927182800_00160.png,57.2,279.8,28.6,24.9,961
9/27/2019 18:29,datasets/dataset_cropped/09_Metas/27/18/20190927182900_00160.jpg,datasets_flow/dataset_cropped/09_Metas/27/18/20190927182900_00160.jpg,datasets_cloudmask/dataset_cropped/09_Metas/27/18/20190927182900_00160.png,54.5,270.5,27.7,24.7,961
9/27/2019 18:30,datasets/dataset_cropped/09_Metas/27/18/20190927183000_00160.jpg,datasets_flow/dataset_cropped/09_Metas/27/18/20190927183000_00160.jpg,datasets_cloudmask/dataset_cropped/09_Metas/27/18/20190927183000_00160.png,51.8,261,26.8,24.7,961
9/27/2019 18:31,datasets/dataset_cropped/09_Metas/27/18/20190927183100_00160.jpg,datasets_flow/dataset_cropped/09_Metas/27/18/20190927183100_00160.jpg,datasets_cloudmask/dataset_cropped/09_Metas/27/18/20190927183100_00160.png,49.2,250.4,26,24.6,961
9/27/2019 18:32,datasets/dataset_cropped/09_Metas/27/18/20190927183200_00160.jpg,datasets_flow/dataset_cropped/09_Metas/27/18/20190927183200_00160.jpg,datasets_cloudmask/dataset_cropped/09_Metas/27/18/20190927183200_00160.png,46.6,239.7,25.2,24.5,962
9/27/2019 18:33,datasets/dataset_cropped/09_Metas/27/18/20190927183300_00160.jpg,datasets_flow/dataset_cropped/09_Metas/27/18/20190927183300_00160.jpg,datasets_cloudmask/dataset_cropped/09_Metas/27/18/20190927183300_00160.png,44.2,230.4,24.4,24.4,961
9/27/2019 18:34,datasets/dataset_cropped/09_Metas/27/18/20190927183400_00160.jpg,datasets_flow/dataset_cropped/09_Metas/27/18/20190927183400_00160.jpg,datasets_cloudmask/dataset_cropped/09_Metas/27/18/20190927183400_00160.png,41.9,220.7,23.6,24.4,962
9/27/2019 18:35,datasets/dataset_cropped/09_Metas/27/18/20190927183500_00160.jpg,datasets_flow/dataset_cropped/09_Metas/27/18/20190927183500_00160.jpg,datasets_cloudmask/dataset_cropped/09_Metas/27/18/20190927183500_00160.png,39.8,212.4,23,24.3,961
9/27/2019 18:36,datasets/dataset_cropped/09_Metas/27/18/20190927183600_00160.jpg,datasets_flow/dataset_cropped/09_Metas/27/18/20190927183600_00160.jpg,datasets_cloudmask/dataset_cropped/09_Metas/27/18/20190927183600_00160.png,37.5,202.6,22.1,24.2,961
9/27/2019 18:37,datasets/dataset_cropped/09_Metas/27/18/20190927183700_00160.jpg,datasets_flow/dataset_cropped/09_Metas/27/18/20190927183700_00160.jpg,datasets_cloudmask/dataset_cropped/09_Metas/27/18/20190927183700_00160.png,35.3,193.4,21.2,24.1,962
9/27/2019 18:38,datasets/dataset_cropped/09_Metas/27/18/20190927183800_00160.jpg,datasets_flow/dataset_cropped/09_Metas/27/18/20190927183800_00160.jpg,datasets_cloudmask/dataset_cropped/09_Metas/27/18/20190927183800_00160.png,33.1,183.3,20.4,24,962
9/27/2019 18:39,datasets/dataset_cropped/09_Metas/27/18/20190927183900_00160.jpg,datasets_flow/dataset_cropped/09_Metas/27/18/20190927183900_00160.jpg,datasets_cloudmask/dataset_cropped/09_Metas/27/18/20190927183900_00160.png,30.9,172.9,19.4,23.9,961
9/27/2019 18:40,datasets/dataset_cropped/09_Metas/27/18/20190927184000_00160.jpg,datasets_flow/dataset_cropped/09_Metas/27/18/20190927184000_00160.jpg,datasets_cloudmask/dataset_cropped/09_Metas/27/18/20190927184000_00160.png,28.9,162.2,18.6,23.9,962
9/27/2019 18:41,datasets/dataset_cropped/09_Metas/27/18/20190927184100_00160.jpg,datasets_flow/dataset_cropped/09_Metas/27/18/20190927184100_00160.jpg,datasets_cloudmask/dataset_cropped/09_Metas/27/18/20190927184100_00160.png,26.8,151.1,17.7,23.9,961
9/27/2019 18:42,datasets/dataset_cropped/09_Metas/27/18/20190927184200_00160.jpg,datasets_flow/dataset_cropped/09_Metas/27/18/20190927184200_00160.jpg,datasets_cloudmask/dataset_cropped/09_Metas/27/18/20190927184200_00160.png,24.9,140.2,16.8,23.8,962
9/27/2019 18:43,datasets/dataset_cropped/09_Metas/27/18/20190927184300_00160.jpg,datasets_flow/dataset_cropped/09_Metas/27/18/20190927184300_00160.jpg,datasets_cloudmask/dataset_cropped/09_Metas/27/18/20190927184300_00160.png,23.1,129.2,16,23.7,962
9/27/2019 18:44,datasets/dataset_cropped/09_Metas/27/18/20190927184400_00160.jpg,datasets_flow/dataset_cropped/09_Metas/27/18/20190927184400_00160.jpg,datasets_cloudmask/dataset_cropped/09_Metas/27/18/20190927184400_00160.png,21.2,117.4,15.1,23.7,962
9/27/2019 18:45,datasets/dataset_cropped/09_Metas/27/18/20190927184500_00160.jpg,datasets_flow/dataset_cropped/09_Metas/27/18/20190927184500_00160.jpg,datasets_cloudmask/dataset_cropped/09_Metas/27/18/20190927184500_00160.png,19.1,99.2,14.2,23.6,961
9/27/2019 18:46,datasets/dataset_cropped/09_Metas/27/18/20190927184600_00160.jpg,datasets_flow/dataset_cropped/09_Metas/27/18/20190927184600_00160.jpg,datasets_cloudmask/dataset_cropped/09_Metas/27/18/20190927184600_00160.png,16.1,55.8,13.3,23.6,962
9/27/2019 18:47,datasets/dataset_cropped/09_Metas/27/18/20190927184700_00160.jpg,datasets_flow/dataset_cropped/09_Metas/27/18/20190927184700_00160.jpg,datasets_cloudmask/dataset_cropped/09_Metas/27/18/20190927184700_00160.png,13.2,12.7,12.2,23.5,962
9/27/2019 18:48,datasets/dataset_cropped/09_Metas/27/18/20190927184800_00160.jpg,datasets_flow/dataset_cropped/09_Metas/27/18/20190927184800_00160.jpg,datasets_cloudmask/dataset_cropped/09_Metas/27/18/20190927184800_00160.png,11.6,0,11.2,23.4,962
9/27/2019 18:49,datasets/dataset_cropped/09_Metas/27/18/20190927184900_00160.jpg,datasets_flow/dataset_cropped/09_Metas/27/18/20190927184900_00160.jpg,datasets_cloudmask/dataset_cropped/09_Metas/27/18/20190927184900_00160.png,10.6,0,10.2,23.3,962
9/27/2019 18:50,datasets/dataset_cropped/09_Metas/27/18/20190927185000_00160.jpg,datasets_flow/dataset_cropped/09_Metas/27/18/20190927185000_00160.jpg,datasets_cloudmask/dataset_cropped/09_Metas/27/18/20190927185000_00160.png,9.7,0,9.4,23.2,962
9/27/2019 18:51,datasets/dataset_cropped/09_Metas/27/18/20190927185100_00160.jpg,datasets_flow/dataset_cropped/09_Metas/27/18/20190927185100_00160.jpg,datasets_cloudmask/dataset_cropped/09_Metas/27/18/20190927185100_00160.png,8.8,0,8.5,23.1,962
9/27/2019 18:52,datasets/dataset_cropped/09_Metas/27/18/20190927185200_00160.jpg,datasets_flow/dataset_cropped/09_Metas/27/18/20190927185200_00160.jpg,datasets_cloudmask/dataset_cropped/09_Metas/27/18/20190927185200_00160.png,7.9,0,7.7,23.1,962
9/27/2019 18:53,datasets/dataset_cropped/09_Metas/27/18/20190927185300_00160.jpg,datasets_flow/dataset_cropped/09_Metas/27/18/20190927185300_00160.jpg,datasets_cloudmask/dataset_cropped/09_Metas/27/18/20190927185300_00160.png,7.1,0,6.8,23.1,962
9/27/2019 18:54,datasets/dataset_cropped/09_Metas/27/18/20190927185400_00160.jpg,datasets_flow/dataset_cropped/09_Metas/27/18/20190927185400_00160.jpg,datasets_cloudmask/dataset_cropped/09_Metas/27/18/20190927185400_00160.png,6.3,0,6,23,962
9/27/2019 18:55,datasets/dataset_cropped/09_Metas/27/18/20190927185500_00160.jpg,datasets_flow/dataset_cropped/09_Metas/27/18/20190927185500_00160.jpg,datasets_cloudmask/dataset_cropped/09_Metas/27/18/20190927185500_00160.png,5.5,0,5.2,22.9,962
9/27/2019 18:56,datasets/dataset_cropped/09_Metas/27/18/20190927185600_00160.jpg,datasets_flow/dataset_cropped/09_Metas/27/18/20190927185600_00160.jpg,datasets_cloudmask/dataset_cropped/09_Metas/27/18/20190927185600_00160.png,4.8,0,4.5,22.9,962
9/27/2019 18:57,datasets/dataset_cropped/09_Metas/27/18/20190927185700_00160.jpg,datasets_flow/dataset_cropped/09_Metas/27/18/20190927185700_00160.jpg,datasets_cloudmask/dataset_cropped/09_Metas/27/18/20190927185700_00160.png,4.1,0,3.9,22.9,962
9/28/2019 7:03,datasets/dataset_cropped/09_Metas/28/07/20190928070330_00160.jpg,datasets_flow/dataset_cropped/09_Metas/28/07/20190928070330_00160.jpg,datasets_cloudmask/dataset_cropped/09_Metas/28/07/20190928070330_00160.png,4.3,0,4.1,17.5,963
9/28/2019 7:04,datasets/dataset_cropped/09_Metas/28/07/20190928070400_00160.jpg,datasets_flow/dataset_cropped/09_Metas/28/07/20190928070400_00160.jpg,datasets_cloudmask/dataset_cropped/09_Metas/28/07/20190928070400_00160.png,4.3,0,4.1,17.5,963
9/28/2019 7:05,datasets/dataset_cropped/09_Metas/28/07/20190928070500_00160.jpg,datasets_flow/dataset_cropped/09_Metas/28/07/20190928070500_00160.jpg,datasets_cloudmask/dataset_cropped/09_Metas/28/07/20190928070500_00160.png,5,0.2,4.8,17.5,962
9/28/2019 7:06,datasets/dataset_cropped/09_Metas/28/07/20190928070600_00160.jpg,datasets_flow/dataset_cropped/09_Metas/28/07/20190928070600_00160.jpg,datasets_cloudmask/dataset_cropped/09_Metas/28/07/20190928070600_00160.png,5.7,1.2,5.5,17.5,963
9/28/2019 7:07,datasets/dataset_cropped/09_Metas/28/07/20190928070700_00160.jpg,datasets_flow/dataset_cropped/09_Metas/28/07/20190928070700_00160.jpg,datasets_cloudmask/dataset_cropped/09_Metas/28/07/20190928070700_00160.png,6.5,10.6,6.2,17.5,963
9/28/2019 7:08,datasets/dataset_cropped/09_Metas/28/07/20190928070800_00160.jpg,datasets_flow/dataset_cropped/09_Metas/28/07/20190928070800_00160.jpg,datasets_cloudmask/dataset_cropped/09_Metas/28/07/20190928070800_00160.png,7.5,28.7,6.9,17.6,963
9/28/2019 7:09,datasets/dataset_cropped/09_Metas/28/07/20190928070900_00160.jpg,datasets_flow/dataset_cropped/09_Metas/28/07/20190928070900_00160.jpg,datasets_cloudmask/dataset_cropped/09_Metas/28/07/20190928070900_00160.png,8.5,46.1,7.4,17.6,963
9/28/2019 7:10,datasets/dataset_cropped/09_Metas/28/07/20190928071000_00160.jpg,datasets_flow/dataset_cropped/09_Metas/28/07/20190928071000_00160.jpg,datasets_cloudmask/dataset_cropped/09_Metas/28/07/20190928071000_00160.png,9.8,60.8,8.2,17.7,963
9/28/2019 7:11,datasets/dataset_cropped/09_Metas/28/07/20190928071100_00160.jpg,datasets_flow/dataset_cropped/09_Metas/28/07/20190928071100_00160.jpg,datasets_cloudmask/dataset_cropped/09_Metas/28/07/20190928071100_00160.png,11.2,73.7,9.2,17.8,963
9/28/2019 7:12,datasets/dataset_cropped/09_Metas/28/07/20190928071200_00160.jpg,datasets_flow/dataset_cropped/09_Metas/28/07/20190928071200_00160.jpg,datasets_cloudmask/dataset_cropped/09_Metas/28/07/20190928071200_00160.png,12.7,87.1,10,18,963
9/28/2019 7:13,datasets/dataset_cropped/09_Metas/28/07/20190928071300_00160.jpg,datasets_flow/dataset_cropped/09_Metas/28/07/20190928071300_00160.jpg,datasets_cloudmask/dataset_cropped/09_Metas/28/07/20190928071300_00160.png,14.2,101.2,11.1,18.1,963
9/28/2019 7:14,datasets/dataset_cropped/09_Metas/28/07/20190928071400_00160.jpg,datasets_flow/dataset_cropped/09_Metas/28/07/20190928071400_00160.jpg,datasets_cloudmask/dataset_cropped/09_Metas/28/07/20190928071400_00160.png,15.8,115.1,12,18.2,963
9/28/2019 7:15,datasets/dataset_cropped/09_Metas/28/07/20190928071500_00160.jpg,datasets_flow/dataset_cropped/09_Metas/28/07/20190928071500_00160.jpg,datasets_cloudmask/dataset_cropped/09_Metas/28/07/20190928071500_00160.png,17.4,129.3,12.7,18.4,963
9/28/2019 7:16,datasets/dataset_cropped/09_Metas/28/07/20190928071600_00160.jpg,datasets_flow/dataset_cropped/09_Metas/28/07/20190928071600_00160.jpg,datasets_cloudmask/dataset_cropped/09_Metas/28/07/20190928071600_00160.png,19.1,144.4,13.5,18.5,963
9/28/2019 7:17,datasets/dataset_cropped/09_Metas/28/07/20190928071700_00160.jpg,datasets_flow/dataset_cropped/09_Metas/28/07/20190928071700_00160.jpg,datasets_cloudmask/dataset_cropped/09_Metas/28/07/20190928071700_00160.png,20.9,158.6,14.2,18.6,963
9/28/2019 7:18,datasets/dataset_cropped/09_Metas/28/07/20190928071800_00160.jpg,datasets_flow/dataset_cropped/09_Metas/28/07/20190928071800_00160.jpg,datasets_cloudmask/dataset_cropped/09_Metas/28/07/20190928071800_00160.png,22.8,172,15.1,18.8,963
9/28/2019 7:19,datasets/dataset_cropped/09_Metas/28/07/20190928071900_00160.jpg,datasets_flow/dataset_cropped/09_Metas/28/07/20190928071900_00160.jpg,datasets_cloudmask/dataset_cropped/09_Metas/28/07/20190928071900_00160.png,24.7,184.4,15.8,18.9,963
9/28/2019 7:20,datasets/dataset_cropped/09_Metas/28/07/20190928072000_00160.jpg,datasets_flow/dataset_cropped/09_Metas/28/07/20190928072000_00160.jpg,datasets_cloudmask/dataset_cropped/09_Metas/28/07/20190928072000_00160.png,26.5,196.2,16.3,19,963
9/28/2019 7:21,datasets/dataset_cropped/09_Metas/28/07/20190928072100_00160.jpg,datasets_flow/dataset_cropped/09_Metas/28/07/20190928072100_00160.jpg,datasets_cloudmask/dataset_cropped/09_Metas/28/07/20190928072100_00160.png,28.5,207.3,16.9,19.1,963
9/28/2019 7:22,datasets/dataset_cropped/09_Metas/28/07/20190928072200_00160.jpg,datasets_flow/dataset_cropped/09_Metas/28/07/20190928072200_00160.jpg,datasets_cloudmask/dataset_cropped/09_Metas/28/07/20190928072200_00160.png,30.6,218.9,17.6,19.2,963
9/28/2019 7:23,datasets/dataset_cropped/09_Metas/28/07/20190928072300_00160.jpg,datasets_flow/dataset_cropped/09_Metas/28/07/20190928072300_00160.jpg,datasets_cloudmask/dataset_cropped/09_Metas/28/07/20190928072300_00160.png,33,230.7,18.5,19.3,963
9/28/2019 7:24,datasets/dataset_cropped/09_Metas/28/07/20190928072400_00160.jpg,datasets_flow/dataset_cropped/09_Metas/28/07/20190928072400_00160.jpg,datasets_cloudmask/dataset_cropped/09_Metas/28/07/20190928072400_00160.png,35.3,242.3,19.3,19.4,963
9/28/2019 7:25,datasets/dataset_cropped/09_Metas/28/07/20190928072500_00160.jpg,datasets_flow/dataset_cropped/09_Metas/28/07/20190928072500_00160.jpg,datasets_cloudmask/dataset_cropped/09_Metas/28/07/20190928072500_00160.png,37.8,253.9,20.2,19.5,963
9/28/2019 7:26,datasets/dataset_cropped/09_Metas/28/07/20190928072600_00160.jpg,datasets_flow/dataset_cropped/09_Metas/28/07/20190928072600_00160.jpg,datasets_cloudmask/dataset_cropped/09_Metas/28/07/20190928072600_00160.png,40.3,265.3,21,19.6,963
9/28/2019 7:27,datasets/dataset_cropped/09_Metas/28/07/20190928072700_00160.jpg,datasets_flow/dataset_cropped/09_Metas/28/07/20190928072700_00160.jpg,datasets_cloudmask/dataset_cropped/09_Metas/28/07/20190928072700_00160.png,42.8,276.7,21.8,19.5,963
9/28/2019 7:28,datasets/dataset_cropped/09_Metas/28/07/20190928072800_00160.jpg,datasets_flow/dataset_cropped/09_Metas/28/07/20190928072800_00160.jpg,datasets_cloudmask/dataset_cropped/09_Metas/28/07/20190928072800_00160.png,45.4,287.5,22.6,19.4,963
9/28/2019 7:29,datasets/dataset_cropped/09_Metas/28/07/20190928072900_00160.jpg,datasets_flow/dataset_cropped/09_Metas/28/07/20190928072900_00160.jpg,datasets_cloudmask/dataset_cropped/09_Metas/28/07/20190928072900_00160.png,48,298.5,23.4,19.2,963
9/28/2019 7:30,datasets/dataset_cropped/09_Metas/28/07/20190928073000_00160.jpg,datasets_flow/dataset_cropped/09_Metas/28/07/20190928073000_00160.jpg,datasets_cloudmask/dataset_cropped/09_Metas/28/07/20190928073000_00160.png,50.5,309.1,24.1,19.1,963
9/28/2019 7:31,datasets/dataset_cropped/09_Metas/28/07/20190928073100_00160.jpg,datasets_flow/dataset_cropped/09_Metas/28/07/20190928073100_00160.jpg,datasets_cloudmask/dataset_cropped/09_Metas/28/07/20190928073100_00160.png,53.2,319.4,24.8,18.9,963
9/28/2019 7:32,datasets/dataset_cropped/09_Metas/28/07/20190928073200_00160.jpg,datasets_flow/dataset_cropped/09_Metas/28/07/20190928073200_00160.jpg,datasets_cloudmask/dataset_cropped/09_Metas/28/07/20190928073200_00160.png,55.8,329.3,25.4,18.9,963
9/28/2019 7:33,datasets/dataset_cropped/09_Metas/28/07/20190928073300_00160.jpg,datasets_flow/dataset_cropped/09_Metas/28/07/20190928073300_00160.jpg,datasets_cloudmask/dataset_cropped/09_Metas/28/07/20190928073300_00160.png,58.6,339.6,26.1,18.9,963
9/28/2019 7:34,datasets/dataset_cropped/09_Metas/28/07/20190928073400_00160.jpg,datasets_flow/dataset_cropped/09_Metas/28/07/20190928073400_00160.jpg,datasets_cloudmask/dataset_cropped/09_Metas/28/07/20190928073400_00160.png,61.4,350,26.7,18.9,963
9/28/2019 7:35,datasets/dataset_cropped/09_Metas/28/07/20190928073500_00160.jpg,datasets_flow/dataset_cropped/09_Metas/28/07/20190928073500_00160.jpg,datasets_cloudmask/dataset_cropped/09_Metas/28/07/20190928073500_00160.png,64.3,359.9,27.4,18.9,963
9/28/2019 7:36,datasets/dataset_cropped/09_Metas/28/07/20190928073600_00160.jpg,datasets_flow/dataset_cropped/09_Metas/28/07/20190928073600_00160.jpg,datasets_cloudmask/dataset_cropped/09_Metas/28/07/20190928073600_00160.png,67.2,368.9,28.2,18.9,963
9/28/2019 7:37,datasets/dataset_cropped/09_Metas/28/07/20190928073700_00160.jpg,datasets_flow/dataset_cropped/09_Metas/28/07/20190928073700_00160.jpg,datasets_cloudmask/dataset_cropped/09_Metas/28/07/20190928073700_00160.png,70.1,377.6,28.9,19,963
9/28/2019 7:38,datasets/dataset_cropped/09_Metas/28/07/20190928073800_00160.jpg,datasets_flow/dataset_cropped/09_Metas/28/07/20190928073800_00160.jpg,datasets_cloudmask/dataset_cropped/09_Metas/28/07/20190928073800_00160.png,72.9,386.1,29.6,19.1,963
9/28/2019 7:39,datasets/dataset_cropped/09_Metas/28/07/20190928073900_00160.jpg,datasets_flow/dataset_cropped/09_Metas/28/07/20190928073900_00160.jpg,datasets_cloudmask/dataset_cropped/09_Metas/28/07/20190928073900_00160.png,75.7,393.7,30.3,19.3,963
9/28/2019 7:40,datasets/dataset_cropped/09_Metas/28/07/20190928074000_00160.jpg,datasets_flow/dataset_cropped/09_Metas/28/07/20190928074000_00160.jpg,datasets_cloudmask/dataset_cropped/09_Metas/28/07/20190928074000_00160.png,78.4,401.3,31,19.5,963
9/28/2019 7:41,datasets/dataset_cropped/09_Metas/28/07/20190928074100_00160.jpg,datasets_flow/dataset_cropped/09_Metas/28/07/20190928074100_00160.jpg,datasets_cloudmask/dataset_cropped/09_Metas/28/07/20190928074100_00160.png,81.4,408.7,31.7,19.6,963
9/28/2019 7:42,datasets/dataset_cropped/09_Metas/28/07/20190928074200_00160.jpg,datasets_flow/dataset_cropped/09_Metas/28/07/20190928074200_00160.jpg,datasets_cloudmask/dataset_cropped/09_Metas/28/07/20190928074200_00160.png,84.3,416.4,32.4,19.7,963
9/28/2019 7:43,datasets/dataset_cropped/09_Metas/28/07/20190928074300_00160.jpg,datasets_flow/dataset_cropped/09_Metas/28/07/20190928074300_00160.jpg,datasets_cloudmask/dataset_cropped/09_Metas/28/07/20190928074300_00160.png,87.4,424.8,32.8,19.8,963
9/28/2019 7:44,datasets/dataset_cropped/09_Metas/28/07/20190928074400_00160.jpg,datasets_flow/dataset_cropped/09_Metas/28/07/20190928074400_00160.jpg,datasets_cloudmask/dataset_cropped/09_Metas/28/07/20190928074400_00160.png,90.3,432.5,33.3,19.9,963
9/28/2019 7:45,datasets/dataset_cropped/09_Metas/28/07/20190928074500_00160.jpg,datasets_flow/dataset_cropped/09_Metas/28/07/20190928074500_00160.jpg,datasets_cloudmask/dataset_cropped/09_Metas/28/07/20190928074500_00160.png,93.3,439.8,33.8,20,963
9/28/2019 7:46,datasets/dataset_cropped/09_Metas/28/07/20190928074600_00160.jpg,datasets_flow/dataset_cropped/09_Metas/28/07/20190928074600_00160.jpg,datasets_cloudmask/dataset_cropped/09_Metas/28/07/20190928074600_00160.png,96.4,447.3,34.4,20.1,963
9/28/2019 7:47,datasets/dataset_cropped/09_Metas/28/07/20190928074700_00160.jpg,datasets_flow/dataset_cropped/09_Metas/28/07/20190928074700_00160.jpg,datasets_cloudmask/dataset_cropped/09_Metas/28/07/20190928074700_00160.png,99.7,455.4,35,20.2,963
9/28/2019 7:48,datasets/dataset_cropped/09_Metas/28/07/20190928074800_00160.jpg,datasets_flow/dataset_cropped/09_Metas/28/07/20190928074800_00160.jpg,datasets_cloudmask/dataset_cropped/09_Metas/28/07/20190928074800_00160.png,102.8,462.2,35.6,20.2,963
9/28/2019 7:49,datasets/dataset_cropped/09_Metas/28/07/20190928074900_00160.jpg,datasets_flow/dataset_cropped/09_Metas/28/07/20190928074900_00160.jpg,datasets_cloudmask/dataset_cropped/09_Metas/28/07/20190928074900_00160.png,106,469.4,36.1,20.3,963
9/28/2019 7:50,datasets/dataset_cropped/09_Metas/28/07/20190928075000_00160.jpg,datasets_flow/dataset_cropped/09_Metas/28/07/20190928075000_00160.jpg,datasets_cloudmask/dataset_cropped/09_Metas/28/07/20190928075000_00160.png,109.3,476.7,36.7,20.4,963
9/28/2019 7:51,datasets/dataset_cropped/09_Metas/28/07/20190928075100_00160.jpg,datasets_flow/dataset_cropped/09_Metas/28/07/20190928075100_00160.jpg,datasets_cloudmask/dataset_cropped/09_Metas/28/07/20190928075100_00160.png,112.5,483.8,37.2,20.5,963
9/28/2019 7:52,datasets/dataset_cropped/09_Metas/28/07/20190928075200_00160.jpg,datasets_flow/dataset_cropped/09_Metas/28/07/20190928075200_00160.jpg,datasets_cloudmask/dataset_cropped/09_Metas/28/07/20190928075200_00160.png,115.8,490.4,37.8,20.7,963
9/28/2019 7:53,datasets/dataset_cropped/09_Metas/28/07/20190928075300_00160.jpg,datasets_flow/dataset_cropped/09_Metas/28/07/20190928075300_00160.jpg,datasets_cloudmask/dataset_cropped/09_Metas/28/07/20190928075300_00160.png,119,496.5,38.3,20.8,963
9/28/2019 7:54,datasets/dataset_cropped/09_Metas/28/07/20190928075400_00160.jpg,datasets_flow/dataset_cropped/09_Metas/28/07/20190928075400_00160.jpg,datasets_cloudmask/dataset_cropped/09_Metas/28/07/20190928075400_00160.png,122.2,503.1,38.9,20.9,963
9/28/2019 7:55,datasets/dataset_cropped/09_Metas/28/07/20190928075500_00160.jpg,datasets_flow/dataset_cropped/09_Metas/28/07/20190928075500_00160.jpg,datasets_cloudmask/dataset_cropped/09_Metas/28/07/20190928075500_00160.png,125.4,509.2,39.4,20.9,963
9/28/2019 7:56,datasets/dataset_cropped/09_Metas/28/07/20190928075600_00160.jpg,datasets_flow/dataset_cropped/09_Metas/28/07/20190928075600_00160.jpg,datasets_cloudmask/dataset_cropped/09_Metas/28/07/20190928075600_00160.png,128.6,514.9,39.9,20.9,963
9/28/2019 7:57,datasets/dataset_cropped/09_Metas/28/07/20190928075700_00160.jpg,datasets_flow/dataset_cropped/09_Metas/28/07/20190928075700_00160.jpg,datasets_cloudmask/dataset_cropped/09_Metas/28/07/20190928075700_00160.png,131.9,520.7,40.3,20.9,963
9/28/2019 7:58,datasets/dataset_cropped/09_Metas/28/07/20190928075800_00160.jpg,datasets_flow/dataset_cropped/09_Metas/28/07/20190928075800_00160.jpg,datasets_cloudmask/dataset_cropped/09_Metas/28/07/20190928075800_00160.png,135.1,526.4,40.8,21,963
9/28/2019 7:59,datasets/dataset_cropped/09_Metas/28/07/20190928075900_00160.jpg,datasets_flow/dataset_cropped/09_Metas/28/07/20190928075900_00160.jpg,datasets_cloudmask/dataset_cropped/09_Metas/28/07/20190928075900_00160.png,138.4,532.2,41.4,21.3,963
9/28/2019 8:00,datasets/dataset_cropped/09_Metas/28/08/20190928080000_00160.jpg,datasets_flow/dataset_cropped/09_Metas/28/08/20190928080000_00160.jpg,datasets_cloudmask/dataset_cropped/09_Metas/28/08/20190928080000_00160.png,141.5,537,41.8,21.4,963
9/28/2019 8:01,datasets/dataset_cropped/09_Metas/28/08/20190928080100_00160.jpg,datasets_flow/dataset_cropped/09_Metas/28/08/20190928080100_00160.jpg,datasets_cloudmask/dataset_cropped/09_Metas/28/08/20190928080100_00160.png,144.8,542.7,42.4,21.5,963
9/28/2019 8:02,datasets/dataset_cropped/09_Metas/28/08/20190928080200_00160.jpg,datasets_flow/dataset_cropped/09_Metas/28/08/20190928080200_00160.jpg,datasets_cloudmask/dataset_cropped/09_Metas/28/08/20190928080200_00160.png,148,548,42.8,21.8,963
9/28/2019 8:03,datasets/dataset_cropped/09_Metas/28/08/20190928080300_00160.jpg,datasets_flow/dataset_cropped/09_Metas/28/08/20190928080300_00160.jpg,datasets_cloudmask/dataset_cropped/09_Metas/28/08/20190928080300_00160.png,151.3,553,43.2,21.9,963
9/28/2019 8:04,datasets/dataset_cropped/09_Metas/28/08/20190928080400_00160.jpg,datasets_flow/dataset_cropped/09_Metas/28/08/20190928080400_00160.jpg,datasets_cloudmask/dataset_cropped/09_Metas/28/08/20190928080400_00160.png,154.5,557.5,43.7,22,963
9/28/2019 8:05,datasets/dataset_cropped/09_Metas/28/08/20190928080500_00160.jpg,datasets_flow/dataset_cropped/09_Metas/28/08/20190928080500_00160.jpg,datasets_cloudmask/dataset_cropped/09_Metas/28/08/20190928080500_00160.png,157.8,562.8,44.2,22.1,963
9/28/2019 8:06,datasets/dataset_cropped/09_Metas/28/08/20190928080600_00160.jpg,datasets_flow/dataset_cropped/09_Metas/28/08/20190928080600_00160.jpg,datasets_cloudmask/dataset_cropped/09_Metas/28/08/20190928080600_00160.png,161.2,568,44.6,21.9,963
9/28/2019 8:07,datasets/dataset_cropped/09_Metas/28/08/20190928080700_00160.jpg,datasets_flow/dataset_cropped/09_Metas/28/08/20190928080700_00160.jpg,datasets_cloudmask/dataset_cropped/09_Metas/28/08/20190928080700_00160.png,164.5,573.1,45.1,21.8,963
9/28/2019 8:08,datasets/dataset_cropped/09_Metas/28/08/20190928080800_00160.jpg,datasets_flow/dataset_cropped/09_Metas/28/08/20190928080800_00160.jpg,datasets_cloudmask/dataset_cropped/09_Metas/28/08/20190928080800_00160.png,167.9,578,45.6,21.7,963
9/28/2019 8:09,datasets/dataset_cropped/09_Metas/28/08/20190928080900_00160.jpg,datasets_flow/dataset_cropped/09_Metas/28/08/20190928080900_00160.jpg,datasets_cloudmask/dataset_cropped/09_Metas/28/08/20190928080900_00160.png,171.2,582.9,46,21.6,963
9/28/2019 8:10,datasets/dataset_cropped/09_Metas/28/08/20190928081000_00160.jpg,datasets_flow/dataset_cropped/09_Metas/28/08/20190928081000_00160.jpg,datasets_cloudmask/dataset_cropped/09_Metas/28/08/20190928081000_00160.png,174.5,587.8,46.4,21.7,963
9/28/2019 8:11,datasets/dataset_cropped/09_Metas/28/08/20190928081100_00160.jpg,datasets_flow/dataset_cropped/09_Metas/28/08/20190928081100_00160.jpg,datasets_cloudmask/dataset_cropped/09_Metas/28/08/20190928081100_00160.png,177.9,592.4,46.7,21.7,963
9/28/2019 8:12,datasets/dataset_cropped/09_Metas/28/08/20190928081200_00160.jpg,datasets_flow/dataset_cropped/09_Metas/28/08/20190928081200_00160.jpg,datasets_cloudmask/dataset_cropped/09_Metas/28/08/20190928081200_00160.png,181.3,597.5,47.1,21.8,963
9/28/2019 8:13,datasets/dataset_cropped/09_Metas/28/08/20190928081300_00160.jpg,datasets_flow/dataset_cropped/09_Metas/28/08/20190928081300_00160.jpg,datasets_cloudmask/dataset_cropped/09_Metas/28/08/20190928081300_00160.png,184.9,602.7,47.4,21.9,963
9/28/2019 8:14,datasets/dataset_cropped/09_Metas/28/08/20190928081400_00160.jpg,datasets_flow/dataset_cropped/09_Metas/28/08/20190928081400_00160.jpg,datasets_cloudmask/dataset_cropped/09_Metas/28/08/20190928081400_00160.png,188.3,607.6,47.8,22.1,963
9/28/2019 8:15,datasets/dataset_cropped/09_Metas/28/08/20190928081500_00160.jpg,datasets_flow/dataset_cropped/09_Metas/28/08/20190928081500_00160.jpg,datasets_cloudmask/dataset_cropped/09_Metas/28/08/20190928081500_00160.png,191.6,612.1,48.2,22.2,963
9/28/2019 8:16,datasets/dataset_cropped/09_Metas/28/08/20190928081600_00160.jpg,datasets_flow/dataset_cropped/09_Metas/28/08/20190928081600_00160.jpg,datasets_cloudmask/dataset_cropped/09_Metas/28/08/20190928081600_00160.png,195.1,616.8,48.4,22.4,963
9/28/2019 8:17,datasets/dataset_cropped/09_Metas/28/08/20190928081700_00160.jpg,datasets_flow/dataset_cropped/09_Metas/28/08/20190928081700_00160.jpg,datasets_cloudmask/dataset_cropped/09_Metas/28/08/20190928081700_00160.png,198.5,621.4,48.9,22.5,963
9/28/2019 8:18,datasets/dataset_cropped/09_Metas/28/08/20190928081800_00160.jpg,datasets_flow/dataset_cropped/09_Metas/28/08/20190928081800_00160.jpg,datasets_cloudmask/dataset_cropped/09_Metas/28/08/20190928081800_00160.png,201.9,625.6,49.1,22.7,963
9/28/2019 8:19,datasets/dataset_cropped/09_Metas/28/08/20190928081900_00160.jpg,datasets_flow/dataset_cropped/09_Metas/28/08/20190928081900_00160.jpg,datasets_cloudmask/dataset_cropped/09_Metas/28/08/20190928081900_00160.png,205.5,630.3,49.5,22.9,963
9/28/2019 8:20,datasets/dataset_cropped/09_Metas/28/08/20190928082000_00160.jpg,datasets_flow/dataset_cropped/09_Metas/28/08/20190928082000_00160.jpg,datasets_cloudmask/dataset_cropped/09_Metas/28/08/20190928082000_00160.png,208.9,633.9,49.9,23.1,963
9/28/2019 8:21,datasets/dataset_cropped/09_Metas/28/08/20190928082100_00160.jpg,datasets_flow/dataset_cropped/09_Metas/28/08/20190928082100_00160.jpg,datasets_cloudmask/dataset_cropped/09_Metas/28/08/20190928082100_00160.png,212.2,637.8,50.1,23.3,963
9/28/2019 8:22,datasets/dataset_cropped/09_Metas/28/08/20190928082200_00160.jpg,datasets_flow/dataset_cropped/09_Metas/28/08/20190928082200_00160.jpg,datasets_cloudmask/dataset_cropped/09_Metas/28/08/20190928082200_00160.png,215.5,641.1,50.5,23.5,963
9/28/2019 8:23,datasets/dataset_cropped/09_Metas/28/08/20190928082300_00160.jpg,datasets_flow/dataset_cropped/09_Metas/28/08/20190928082300_00160.jpg,datasets_cloudmask/dataset_cropped/09_Metas/28/08/20190928082300_00160.png,218.9,644.8,50.9,23.6,963
9/28/2019 8:24,datasets/dataset_cropped/09_Metas/28/08/20190928082400_00160.jpg,datasets_flow/dataset_cropped/09_Metas/28/08/20190928082400_00160.jpg,datasets_cloudmask/dataset_cropped/09_Metas/28/08/20190928082400_00160.png,222.2,648,51.2,23.8,963
9/28/2019 8:25,datasets/dataset_cropped/09_Metas/28/08/20190928082500_00160.jpg,datasets_flow/dataset_cropped/09_Metas/28/08/20190928082500_00160.jpg,datasets_cloudmask/dataset_cropped/09_Metas/28/08/20190928082500_00160.png,225.7,651.4,51.8,24.1,963
9/28/2019 8:26,datasets/dataset_cropped/09_Metas/28/08/20190928082600_00160.jpg,datasets_flow/dataset_cropped/09_Metas/28/08/20190928082600_00160.jpg,datasets_cloudmask/dataset_cropped/09_Metas/28/08/20190928082600_00160.png,229.1,654.9,52.2,24.3,964
9/28/2019 8:27,datasets/dataset_cropped/09_Metas/28/08/20190928082700_00160.jpg,datasets_flow/dataset_cropped/09_Metas/28/08/20190928082700_00160.jpg,datasets_cloudmask/dataset_cropped/09_Metas/28/08/20190928082700_00160.png,232.5,658.3,52.6,24.3,963
9/28/2019 8:28,datasets/dataset_cropped/09_Metas/28/08/20190928082800_00160.jpg,datasets_flow/dataset_cropped/09_Metas/28/08/20190928082800_00160.jpg,datasets_cloudmask/dataset_cropped/09_Metas/28/08/20190928082800_00160.png,236,662.2,53,24.2,964
9/28/2019 8:29,datasets/dataset_cropped/09_Metas/28/08/20190928082900_00160.jpg,datasets_flow/dataset_cropped/09_Metas/28/08/20190928082900_00160.jpg,datasets_cloudmask/dataset_cropped/09_Metas/28/08/20190928082900_00160.png,239.4,665.3,53.3,24,963
9/28/2019 8:30,datasets/dataset_cropped/09_Metas/28/08/20190928083000_00160.jpg,datasets_flow/dataset_cropped/09_Metas/28/08/20190928083000_00160.jpg,datasets_cloudmask/dataset_cropped/09_Metas/28/08/20190928083000_00160.png,242.8,668.7,53.6,23.6,964
9/28/2019 8:31,datasets/dataset_cropped/09_Metas/28/08/20190928083100_00160.jpg,datasets_flow/dataset_cropped/09_Metas/28/08/20190928083100_00160.jpg,datasets_cloudmask/dataset_cropped/09_Metas/28/08/20190928083100_00160.png,246.2,671.9,54,23.1,963
9/28/2019 8:32,datasets/dataset_cropped/09_Metas/28/08/20190928083200_00160.jpg,datasets_flow/dataset_cropped/09_Metas/28/08/20190928083200_00160.jpg,datasets_cloudmask/dataset_cropped/09_Metas/28/08/20190928083200_00160.png,249.5,674.8,54.3,22.8,963
9/28/2019 8:33,datasets/dataset_cropped/09_Metas/28/08/20190928083300_00160.jpg,datasets_flow/dataset_cropped/09_Metas/28/08/20190928083300_00160.jpg,datasets_cloudmask/dataset_cropped/09_Metas/28/08/20190928083300_00160.png,253,678,54.6,22.7,964
9/28/2019 8:34,datasets/dataset_cropped/09_Metas/28/08/20190928083400_00160.jpg,datasets_flow/dataset_cropped/09_Metas/28/08/20190928083400_00160.jpg,datasets_cloudmask/dataset_cropped/09_Metas/28/08/20190928083400_00160.png,256.7,681.8,55.1,22.7,963
9/28/2019 8:35,datasets/dataset_cropped/09_Metas/28/08/20190928083500_00160.jpg,datasets_flow/dataset_cropped/09_Metas/28/08/20190928083500_00160.jpg,datasets_cloudmask/dataset_cropped/09_Metas/28/08/20190928083500_00160.png,260.2,685,55.4,22.6,964
9/28/2019 8:36,datasets/dataset_cropped/09_Metas/28/08/20190928083600_00160.jpg,datasets_flow/dataset_cropped/09_Metas/28/08/20190928083600_00160.jpg,datasets_cloudmask/dataset_cropped/09_Metas/28/08/20190928083600_00160.png,263.6,688.4,55.5,22.6,963
9/28/2019 8:37,datasets/dataset_cropped/09_Metas/28/08/20190928083700_00160.jpg,datasets_flow/dataset_cropped/09_Metas/28/08/20190928083700_00160.jpg,datasets_cloudmask/dataset_cropped/09_Metas/28/08/20190928083700_00160.png,266.9,691.5,55.5,22.6,964
9/28/2019 8:38,datasets/dataset_cropped/09_Metas/28/08/20190928083800_00160.jpg,datasets_flow/dataset_cropped/09_Metas/28/08/20190928083800_00160.jpg,datasets_cloudmask/dataset_cropped/09_Metas/28/08/20190928083800_00160.png,270.3,694.1,55.8,22.5,964
9/28/2019 8:39,datasets/dataset_cropped/09_Metas/28/08/20190928083900_00160.jpg,datasets_flow/dataset_cropped/09_Metas/28/08/20190928083900_00160.jpg,datasets_cloudmask/dataset_cropped/09_Metas/28/08/20190928083900_00160.png,273.7,696.3,56.1,22.6,964
9/28/2019 8:40,datasets/dataset_cropped/09_Metas/28/08/20190928084000_00160.jpg,datasets_flow/dataset_cropped/09_Metas/28/08/20190928084000_00160.jpg,datasets_cloudmask/dataset_cropped/09_Metas/28/08/20190928084000_00160.png,277,698.9,56.4,22.6,964
9/28/2019 8:41,datasets/dataset_cropped/09_Metas/28/08/20190928084100_00160.jpg,datasets_flow/dataset_cropped/09_Metas/28/08/20190928084100_00160.jpg,datasets_cloudmask/dataset_cropped/09_Metas/28/08/20190928084100_00160.png,280.6,701.8,56.7,22.7,964
9/28/2019 8:42,datasets/dataset_cropped/09_Metas/28/08/20190928084200_00160.jpg,datasets_flow/dataset_cropped/09_Metas/28/08/20190928084200_00160.jpg,datasets_cloudmask/dataset_cropped/09_Metas/28/08/20190928084200_00160.png,284.3,705.1,57.1,22.7,964
9/28/2019 8:43,datasets/dataset_cropped/09_Metas/28/08/20190928084300_00160.jpg,datasets_flow/dataset_cropped/09_Metas/28/08/20190928084300_00160.jpg,datasets_cloudmask/dataset_cropped/09_Metas/28/08/20190928084300_00160.png,287.8,708.5,57.5,22.7,964
9/28/2019 8:44,datasets/dataset_cropped/09_Metas/28/08/20190928084400_00160.jpg,datasets_flow/dataset_cropped/09_Metas/28/08/20190928084400_00160.jpg,datasets_cloudmask/dataset_cropped/09_Metas/28/08/20190928084400_00160.png,291.5,711.8,57.9,22.9,964
9/28/2019 8:45,datasets/dataset_cropped/09_Metas/28/08/20190928084500_00160.jpg,datasets_flow/dataset_cropped/09_Metas/28/08/20190928084500_00160.jpg,datasets_cloudmask/dataset_cropped/09_Metas/28/08/20190928084500_00160.png,295.1,715.1,58.2,22.9,964
9/28/2019 8:46,datasets/dataset_cropped/09_Metas/28/08/20190928084600_00160.jpg,datasets_flow/dataset_cropped/09_Metas/28/08/20190928084600_00160.jpg,datasets_cloudmask/dataset_cropped/09_Metas/28/08/20190928084600_00160.png,298.6,718.3,58.5,22.9,964
9/28/2019 8:47,datasets/dataset_cropped/09_Metas/28/08/20190928084700_00160.jpg,datasets_flow/dataset_cropped/09_Metas/28/08/20190928084700_00160.jpg,datasets_cloudmask/dataset_cropped/09_Metas/28/08/20190928084700_00160.png,301.9,720.9,58.8,23,964
9/28/2019 8:48,datasets/dataset_cropped/09_Metas/28/08/20190928084800_00160.jpg,datasets_flow/dataset_cropped/09_Metas/28/08/20190928084800_00160.jpg,datasets_cloudmask/dataset_cropped/09_Metas/28/08/20190928084800_00160.png,305.4,723.7,59.1,23.1,964
9/28/2019 8:49,datasets/dataset_cropped/09_Metas/28/08/20190928084900_00160.jpg,datasets_flow/dataset_cropped/09_Metas/28/08/20190928084900_00160.jpg,datasets_cloudmask/dataset_cropped/09_Metas/28/08/20190928084900_00160.png,308.9,726.4,59.4,23,964
9/28/2019 8:50,datasets/dataset_cropped/09_Metas/28/08/20190928085000_00160.jpg,datasets_flow/dataset_cropped/09_Metas/28/08/20190928085000_00160.jpg,datasets_cloudmask/dataset_cropped/09_Metas/28/08/20190928085000_00160.png,312,728.5,59.6,23.1,964
9/28/2019 8:51,datasets/dataset_cropped/09_Metas/28/08/20190928085100_00160.jpg,datasets_flow/dataset_cropped/09_Metas/28/08/20190928085100_00160.jpg,datasets_cloudmask/dataset_cropped/09_Metas/28/08/20190928085100_00160.png,315.5,731.2,59.9,23.1,964
9/28/2019 8:52,datasets/dataset_cropped/09_Metas/28/08/20190928085200_00160.jpg,datasets_flow/dataset_cropped/09_Metas/28/08/20190928085200_00160.jpg,datasets_cloudmask/dataset_cropped/09_Metas/28/08/20190928085200_00160.png,318.8,733.6,60.2,23.1,964
9/28/2019 8:53,datasets/dataset_cropped/09_Metas/28/08/20190928085300_00160.jpg,datasets_flow/dataset_cropped/09_Metas/28/08/20190928085300_00160.jpg,datasets_cloudmask/dataset_cropped/09_Metas/28/08/20190928085300_00160.png,322,735.7,60.4,23.1,964
9/28/2019 8:54,datasets/dataset_cropped/09_Metas/28/08/20190928085400_00160.jpg,datasets_flow/dataset_cropped/09_Metas/28/08/20190928085400_00160.jpg,datasets_cloudmask/dataset_cropped/09_Metas/28/08/20190928085400_00160.png,325.2,737.5,60.6,23.2,964
9/28/2019 8:55,datasets/dataset_cropped/09_Metas/28/08/20190928085500_00160.jpg,datasets_flow/dataset_cropped/09_Metas/28/08/20190928085500_00160.jpg,datasets_cloudmask/dataset_cropped/09_Metas/28/08/20190928085500_00160.png,328.4,739.2,61,23.2,964
9/28/2019 8:56,datasets/dataset_cropped/09_Metas/28/08/20190928085600_00160.jpg,datasets_flow/dataset_cropped/09_Metas/28/08/20190928085600_00160.jpg,datasets_cloudmask/dataset_cropped/09_Metas/28/08/20190928085600_00160.png,331.6,741.1,61.2,23.2,964
9/28/2019 8:57,datasets/dataset_cropped/09_Metas/28/08/20190928085700_00160.jpg,datasets_flow/dataset_cropped/09_Metas/28/08/20190928085700_00160.jpg,datasets_cloudmask/dataset_cropped/09_Metas/28/08/20190928085700_00160.png,334.9,743.2,61.6,23.1,964
9/28/2019 8:58,datasets/dataset_cropped/09_Metas/28/08/20190928085800_00160.jpg,datasets_flow/dataset_cropped/09_Metas/28/08/20190928085800_00160.jpg,datasets_cloudmask/dataset_cropped/09_Metas/28/08/20190928085800_00160.png,338.2,745.6,61.7,23.1,964
9/28/2019 8:59,datasets/dataset_cropped/09_Metas/28/08/20190928085900_00160.jpg,datasets_flow/dataset_cropped/09_Metas/28/08/20190928085900_00160.jpg,datasets_cloudmask/dataset_cropped/09_Metas/28/08/20190928085900_00160.png,341.6,748,61.9,23.2,964
9/28/2019 9:00,datasets/dataset_cropped/09_Metas/28/09/20190928090000_00160.jpg,datasets_flow/dataset_cropped/09_Metas/28/09/20190928090000_00160.jpg,datasets_cloudmask/dataset_cropped/09_Metas/28/09/20190928090000_00160.png,345,750.1,62.2,23.2,964
9/28/2019 9:01,datasets/dataset_cropped/09_Metas/28/09/20190928090100_00160.jpg,datasets_flow/dataset_cropped/09_Metas/28/09/20190928090100_00160.jpg,datasets_cloudmask/dataset_cropped/09_Metas/28/09/20190928090100_00160.png,348.3,752.3,62.4,23.3,964
9/28/2019 9:02,datasets/dataset_cropped/09_Metas/28/09/20190928090200_00160.jpg,datasets_flow/dataset_cropped/09_Metas/28/09/20190928090200_00160.jpg,datasets_cloudmask/dataset_cropped/09_Metas/28/09/20190928090200_00160.png,351.9,755.1,62.6,23.5,964
9/28/2019 9:03,datasets/dataset_cropped/09_Metas/28/09/20190928090300_00160.jpg,datasets_flow/dataset_cropped/09_Metas/28/09/20190928090300_00160.jpg,datasets_cloudmask/dataset_cropped/09_Metas/28/09/20190928090300_00160.png,355.6,757.9,63,23.6,964
9/28/2019 9:04,datasets/dataset_cropped/09_Metas/28/09/20190928090400_00160.jpg,datasets_flow/dataset_cropped/09_Metas/28/09/20190928090400_00160.jpg,datasets_cloudmask/dataset_cropped/09_Metas/28/09/20190928090400_00160.png,359.4,760.9,63.4,23.5,964
9/28/2019 9:05,datasets/dataset_cropped/09_Metas/28/09/20190928090500_00160.jpg,datasets_flow/dataset_cropped/09_Metas/28/09/20190928090500_00160.jpg,datasets_cloudmask/dataset_cropped/09_Metas/28/09/20190928090500_00160.png,362.6,763.1,63.6,23.5,964
9/28/2019 9:06,datasets/dataset_cropped/09_Metas/28/09/20190928090600_00160.jpg,datasets_flow/dataset_cropped/09_Metas/28/09/20190928090600_00160.jpg,datasets_cloudmask/dataset_cropped/09_Metas/28/09/20190928090600_00160.png,366,765.8,63.7,23.7,964
9/28/2019 9:07,datasets/dataset_cropped/09_Metas/28/09/20190928090700_00160.jpg,datasets_flow/dataset_cropped/09_Metas/28/09/20190928090700_00160.jpg,datasets_cloudmask/dataset_cropped/09_Metas/28/09/20190928090700_00160.png,369.2,767.7,63.9,23.7,964
9/28/2019 9:08,datasets/dataset_cropped/09_Metas/28/09/20190928090800_00160.jpg,datasets_flow/dataset_cropped/09_Metas/28/09/20190928090800_00160.jpg,datasets_cloudmask/dataset_cropped/09_Metas/28/09/20190928090800_00160.png,372.3,769.4,64,23.8,964
9/28/2019 9:09,datasets/dataset_cropped/09_Metas/28/09/20190928090900_00160.jpg,datasets_flow/dataset_cropped/09_Metas/28/09/20190928090900_00160.jpg,datasets_cloudmask/dataset_cropped/09_Metas/28/09/20190928090900_00160.png,375.9,772.3,64.2,23.8,964
9/28/2019 9:10,datasets/dataset_cropped/09_Metas/28/09/20190928091000_00160.jpg,datasets_flow/dataset_cropped/09_Metas/28/09/20190928091000_00160.jpg,datasets_cloudmask/dataset_cropped/09_Metas/28/09/20190928091000_00160.png,379.3,774.7,64.3,23.9,964
9/28/2019 9:11,datasets/dataset_cropped/09_Metas/28/09/20190928091100_00160.jpg,datasets_flow/dataset_cropped/09_Metas/28/09/20190928091100_00160.jpg,datasets_cloudmask/dataset_cropped/09_Metas/28/09/20190928091100_00160.png,382.7,776.8,64.6,24,964
9/28/2019 9:12,datasets/dataset_cropped/09_Metas/28/09/20190928091200_00160.jpg,datasets_flow/dataset_cropped/09_Metas/28/09/20190928091200_00160.jpg,datasets_cloudmask/dataset_cropped/09_Metas/28/09/20190928091200_00160.png,385.9,779,64.7,24,964
9/28/2019 9:13,datasets/dataset_cropped/09_Metas/28/09/20190928091300_00160.jpg,datasets_flow/dataset_cropped/09_Metas/28/09/20190928091300_00160.jpg,datasets_cloudmask/dataset_cropped/09_Metas/28/09/20190928091300_00160.png,389.1,780.9,64.9,24,964
9/28/2019 9:14,datasets/dataset_cropped/09_Metas/28/09/20190928091400_00160.jpg,datasets_flow/dataset_cropped/09_Metas/28/09/20190928091400_00160.jpg,datasets_cloudmask/dataset_cropped/09_Metas/28/09/20190928091400_00160.png,392.6,783.5,65,24.2,964
9/28/2019 9:15,datasets/dataset_cropped/09_Metas/28/09/20190928091500_00160.jpg,datasets_flow/dataset_cropped/09_Metas/28/09/20190928091500_00160.jpg,datasets_cloudmask/dataset_cropped/09_Metas/28/09/20190928091500_00160.png,395.9,785.5,65.2,24.3,964
9/28/2019 9:16,datasets/dataset_cropped/09_Metas/28/09/20190928091600_00160.jpg,datasets_flow/dataset_cropped/09_Metas/28/09/20190928091600_00160.jpg,datasets_cloudmask/dataset_cropped/09_Metas/28/09/20190928091600_00160.png,399.2,787.5,65.4,24.1,964
9/28/2019 9:17,datasets/dataset_cropped/09_Metas/28/09/20190928091700_00160.jpg,datasets_flow/dataset_cropped/09_Metas/28/09/20190928091700_00160.jpg,datasets_cloudmask/dataset_cropped/09_Metas/28/09/20190928091700_00160.png,402.5,789.6,65.6,24.2,964
9/28/2019 9:18,datasets/dataset_cropped/09_Metas/28/09/20190928091800_00160.jpg,datasets_flow/dataset_cropped/09_Metas/28/09/20190928091800_00160.jpg,datasets_cloudmask/dataset_cropped/09_Metas/28/09/20190928091800_00160.png,406,791.7,65.9,24.3,964
9/28/2019 9:19,datasets/dataset_cropped/09_Metas/28/09/20190928091900_00160.jpg,datasets_flow/dataset_cropped/09_Metas/28/09/20190928091900_00160.jpg,datasets_cloudmask/dataset_cropped/09_Metas/28/09/20190928091900_00160.png,408.8,792.5,66,24.3,964
9/28/2019 9:20,datasets/dataset_cropped/09_Metas/28/09/20190928092000_00160.jpg,datasets_flow/dataset_cropped/09_Metas/28/09/20190928092000_00160.jpg,datasets_cloudmask/dataset_cropped/09_Metas/28/09/20190928092000_00160.png,411.9,793.8,66.2,24.3,964
9/28/2019 9:21,datasets/dataset_cropped/09_Metas/28/09/20190928092100_00160.jpg,datasets_flow/dataset_cropped/09_Metas/28/09/20190928092100_00160.jpg,datasets_cloudmask/dataset_cropped/09_Metas/28/09/20190928092100_00160.png,415.2,795.5,66.6,24.3,964
9/28/2019 9:22,datasets/dataset_cropped/09_Metas/28/09/20190928092200_00160.jpg,datasets_flow/dataset_cropped/09_Metas/28/09/20190928092200_00160.jpg,datasets_cloudmask/dataset_cropped/09_Metas/28/09/20190928092200_00160.png,418.3,797,66.9,24.4,964
9/28/2019 9:23,datasets/dataset_cropped/09_Metas/28/09/20190928092300_00160.jpg,datasets_flow/dataset_cropped/09_Metas/28/09/20190928092300_00160.jpg,datasets_cloudmask/dataset_cropped/09_Metas/28/09/20190928092300_00160.png,421.4,798.1,67.3,24.4,964
9/28/2019 9:24,datasets/dataset_cropped/09_Metas/28/09/20190928092400_00160.jpg,datasets_flow/dataset_cropped/09_Metas/28/09/20190928092400_00160.jpg,datasets_cloudmask/dataset_cropped/09_Metas/28/09/20190928092400_00160.png,424.5,799.8,67.3,24.5,964
9/28/2019 9:25,datasets/dataset_cropped/09_Metas/28/09/20190928092500_00160.jpg,datasets_flow/dataset_cropped/09_Metas/28/09/20190928092500_00160.jpg,datasets_cloudmask/dataset_cropped/09_Metas/28/09/20190928092500_00160.png,427.9,802,67.7,24.5,964
9/28/2019 9:26,datasets/dataset_cropped/09_Metas/28/09/20190928092600_00160.jpg,datasets_flow/dataset_cropped/09_Metas/28/09/20190928092600_00160.jpg,datasets_cloudmask/dataset_cropped/09_Metas/28/09/20190928092600_00160.png,431.2,804,67.7,24.6,964
9/28/2019 9:27,datasets/dataset_cropped/09_Metas/28/09/20190928092700_00160.jpg,datasets_flow/dataset_cropped/09_Metas/28/09/20190928092700_00160.jpg,datasets_cloudmask/dataset_cropped/09_Metas/28/09/20190928092700_00160.png,434.7,806,68,24.5,964
9/28/2019 9:28,datasets/dataset_cropped/09_Metas/28/09/20190928092800_00160.jpg,datasets_flow/dataset_cropped/09_Metas/28/09/20190928092800_00160.jpg,datasets_cloudmask/dataset_cropped/09_Metas/28/09/20190928092800_00160.png,437.8,808,68.3,24.6,964
9/28/2019 9:29,datasets/dataset_cropped/09_Metas/28/09/20190928092900_00160.jpg,datasets_flow/dataset_cropped/09_Metas/28/09/20190928092900_00160.jpg,datasets_cloudmask/dataset_cropped/09_Metas/28/09/20190928092900_00160.png,440.7,809,68.3,24.6,964
9/28/2019 9:30,datasets/dataset_cropped/09_Metas/28/09/20190928093000_00160.jpg,datasets_flow/dataset_cropped/09_Metas/28/09/20190928093000_00160.jpg,datasets_cloudmask/dataset_cropped/09_Metas/28/09/20190928093000_00160.png,443.8,811,68.3,24.6,964
9/28/2019 9:31,datasets/dataset_cropped/09_Metas/28/09/20190928093100_00160.jpg,datasets_flow/dataset_cropped/09_Metas/28/09/20190928093100_00160.jpg,datasets_cloudmask/dataset_cropped/09_Metas/28/09/20190928093100_00160.png,446.8,812,68.2,24.9,964
9/28/2019 9:32,datasets/dataset_cropped/09_Metas/28/09/20190928093200_00160.jpg,datasets_flow/dataset_cropped/09_Metas/28/09/20190928093200_00160.jpg,datasets_cloudmask/dataset_cropped/09_Metas/28/09/20190928093200_00160.png,450,813,68.4,25,964
9/28/2019 9:33,datasets/dataset_cropped/09_Metas/28/09/20190928093300_00160.jpg,datasets_flow/dataset_cropped/09_Metas/28/09/20190928093300_00160.jpg,datasets_cloudmask/dataset_cropped/09_Metas/28/09/20190928093300_00160.png,453.2,815,68.6,24.9,964
9/28/2019 9:34,datasets/dataset_cropped/09_Metas/28/09/20190928093400_00160.jpg,datasets_flow/dataset_cropped/09_Metas/28/09/20190928093400_00160.jpg,datasets_cloudmask/dataset_cropped/09_Metas/28/09/20190928093400_00160.png,456.5,816,68.9,25.1,964
9/28/2019 9:35,datasets/dataset_cropped/09_Metas/28/09/20190928093500_00160.jpg,datasets_flow/dataset_cropped/09_Metas/28/09/20190928093500_00160.jpg,datasets_cloudmask/dataset_cropped/09_Metas/28/09/20190928093500_00160.png,460,818,69.3,25,964
9/28/2019 9:36,datasets/dataset_cropped/09_Metas/28/09/20190928093600_00160.jpg,datasets_flow/dataset_cropped/09_Metas/28/09/20190928093600_00160.jpg,datasets_cloudmask/dataset_cropped/09_Metas/28/09/20190928093600_00160.png,463,820,69.7,25,964
9/28/2019 9:37,datasets/dataset_cropped/09_Metas/28/09/20190928093700_00160.jpg,datasets_flow/dataset_cropped/09_Metas/28/09/20190928093700_00160.jpg,datasets_cloudmask/dataset_cropped/09_Metas/28/09/20190928093700_00160.png,466,822,69.7,24.9,964
9/28/2019 9:38,datasets/dataset_cropped/09_Metas/28/09/20190928093800_00160.jpg,datasets_flow/dataset_cropped/09_Metas/28/09/20190928093800_00160.jpg,datasets_cloudmask/dataset_cropped/09_Metas/28/09/20190928093800_00160.png,469.3,824,69.7,24.9,964
9/28/2019 9:39,datasets/dataset_cropped/09_Metas/28/09/20190928093900_00160.jpg,datasets_flow/dataset_cropped/09_Metas/28/09/20190928093900_00160.jpg,datasets_cloudmask/dataset_cropped/09_Metas/28/09/20190928093900_00160.png,472.7,825,70,25,964
9/28/2019 9:40,datasets/dataset_cropped/09_Metas/28/09/20190928094000_00160.jpg,datasets_flow/dataset_cropped/09_Metas/28/09/20190928094000_00160.jpg,datasets_cloudmask/dataset_cropped/09_Metas/28/09/20190928094000_00160.png,475.7,827,70,25.1,964
9/28/2019 9:41,datasets/dataset_cropped/09_Metas/28/09/20190928094100_00160.jpg,datasets_flow/dataset_cropped/09_Metas/28/09/20190928094100_00160.jpg,datasets_cloudmask/dataset_cropped/09_Metas/28/09/20190928094100_00160.png,478.5,828,69.9,25.3,964
9/28/2019 9:42,datasets/dataset_cropped/09_Metas/28/09/20190928094200_00160.jpg,datasets_flow/dataset_cropped/09_Metas/28/09/20190928094200_00160.jpg,datasets_cloudmask/dataset_cropped/09_Metas/28/09/20190928094200_00160.png,481.6,830,70,25.4,964
9/28/2019 9:43,datasets/dataset_cropped/09_Metas/28/09/20190928094300_00160.jpg,datasets_flow/dataset_cropped/09_Metas/28/09/20190928094300_00160.jpg,datasets_cloudmask/dataset_cropped/09_Metas/28/09/20190928094300_00160.png,484.7,831,70.3,25.2,964
9/28/2019 9:44,datasets/dataset_cropped/09_Metas/28/09/20190928094400_00160.jpg,datasets_flow/dataset_cropped/09_Metas/28/09/20190928094400_00160.jpg,datasets_cloudmask/dataset_cropped/09_Metas/28/09/20190928094400_00160.png,487.8,833,70.3,25.2,964
9/28/2019 9:45,datasets/dataset_cropped/09_Metas/28/09/20190928094500_00160.jpg,datasets_flow/dataset_cropped/09_Metas/28/09/20190928094500_00160.jpg,datasets_cloudmask/dataset_cropped/09_Metas/28/09/20190928094500_00160.png,490.8,835,70.5,25.2,964
9/28/2019 9:46,datasets/dataset_cropped/09_Metas/28/09/20190928094600_00160.jpg,datasets_flow/dataset_cropped/09_Metas/28/09/20190928094600_00160.jpg,datasets_cloudmask/dataset_cropped/09_Metas/28/09/20190928094600_00160.png,493.7,836,70.4,25.3,964
9/28/2019 9:47,datasets/dataset_cropped/09_Metas/28/09/20190928094700_00160.jpg,datasets_flow/dataset_cropped/09_Metas/28/09/20190928094700_00160.jpg,datasets_cloudmask/dataset_cropped/09_Metas/28/09/20190928094700_00160.png,497.1,838,70.7,25.4,964
9/28/2019 9:48,datasets/dataset_cropped/09_Metas/28/09/20190928094800_00160.jpg,datasets_flow/dataset_cropped/09_Metas/28/09/20190928094800_00160.jpg,datasets_cloudmask/dataset_cropped/09_Metas/28/09/20190928094800_00160.png,500.3,840,70.9,25.6,964
9/28/2019 9:49,datasets/dataset_cropped/09_Metas/28/09/20190928094900_00160.jpg,datasets_flow/dataset_cropped/09_Metas/28/09/20190928094900_00160.jpg,datasets_cloudmask/dataset_cropped/09_Metas/28/09/20190928094900_00160.png,503.5,842,71.3,25.6,964
9/28/2019 9:50,datasets/dataset_cropped/09_Metas/28/09/20190928095000_00160.jpg,datasets_flow/dataset_cropped/09_Metas/28/09/20190928095000_00160.jpg,datasets_cloudmask/dataset_cropped/09_Metas/28/09/20190928095000_00160.png,506.8,844,71.4,25.6,964
9/28/2019 9:51,datasets/dataset_cropped/09_Metas/28/09/20190928095100_00160.jpg,datasets_flow/dataset_cropped/09_Metas/28/09/20190928095100_00160.jpg,datasets_cloudmask/dataset_cropped/09_Metas/28/09/20190928095100_00160.png,509.3,845,71,25.7,964
9/28/2019 9:52,datasets/dataset_cropped/09_Metas/28/09/20190928095200_00160.jpg,datasets_flow/dataset_cropped/09_Metas/28/09/20190928095200_00160.jpg,datasets_cloudmask/dataset_cropped/09_Metas/28/09/20190928095200_00160.png,511.8,846,71,25.6,964
9/28/2019 9:53,datasets/dataset_cropped/09_Metas/28/09/20190928095300_00160.jpg,datasets_flow/dataset_cropped/09_Metas/28/09/20190928095300_00160.jpg,datasets_cloudmask/dataset_cropped/09_Metas/28/09/20190928095300_00160.png,514.7,847,71.2,25.9,964
9/28/2019 9:54,datasets/dataset_cropped/09_Metas/28/09/20190928095400_00160.jpg,datasets_flow/dataset_cropped/09_Metas/28/09/20190928095400_00160.jpg,datasets_cloudmask/dataset_cropped/09_Metas/28/09/20190928095400_00160.png,518.1,849,71.7,26.3,964
9/28/2019 9:55,datasets/dataset_cropped/09_Metas/28/09/20190928095500_00160.jpg,datasets_flow/dataset_cropped/09_Metas/28/09/20190928095500_00160.jpg,datasets_cloudmask/dataset_cropped/09_Metas/28/09/20190928095500_00160.png,520.7,850,71.3,26.5,964
9/28/2019 9:56,datasets/dataset_cropped/09_Metas/28/09/20190928095600_00160.jpg,datasets_flow/dataset_cropped/09_Metas/28/09/20190928095600_00160.jpg,datasets_cloudmask/dataset_cropped/09_Metas/28/09/20190928095600_00160.png,523.7,851,71.7,26.7,964
9/28/2019 9:57,datasets/dataset_cropped/09_Metas/28/09/20190928095700_00160.jpg,datasets_flow/dataset_cropped/09_Metas/28/09/20190928095700_00160.jpg,datasets_cloudmask/dataset_cropped/09_Metas/28/09/20190928095700_00160.png,526.9,853,71.9,26.8,964
9/28/2019 9:58,datasets/dataset_cropped/09_Metas/28/09/20190928095800_00160.jpg,datasets_flow/dataset_cropped/09_Metas/28/09/20190928095800_00160.jpg,datasets_cloudmask/dataset_cropped/09_Metas/28/09/20190928095800_00160.png,530.2,855,72.1,26.6,964
9/28/2019 9:59,datasets/dataset_cropped/09_Metas/28/09/20190928095900_00160.jpg,datasets_flow/dataset_cropped/09_Metas/28/09/20190928095900_00160.jpg,datasets_cloudmask/dataset_cropped/09_Metas/28/09/20190928095900_00160.png,533.3,857,72,26.3,964
9/28/2019 10:00,datasets/dataset_cropped/09_Metas/28/10/20190928100000_00160.jpg,datasets_flow/dataset_cropped/09_Metas/28/10/20190928100000_00160.jpg,datasets_cloudmask/dataset_cropped/09_Metas/28/10/20190928100000_00160.png,536.4,858,72,26.2,964
9/28/2019 10:01,datasets/dataset_cropped/09_Metas/28/10/20190928100100_00160.jpg,datasets_flow/dataset_cropped/09_Metas/28/10/20190928100100_00160.jpg,datasets_cloudmask/dataset_cropped/09_Metas/28/10/20190928100100_00160.png,539.1,859,72.2,26.2,964
9/28/2019 10:02,datasets/dataset_cropped/09_Metas/28/10/20190928100200_00160.jpg,datasets_flow/dataset_cropped/09_Metas/28/10/20190928100200_00160.jpg,datasets_cloudmask/dataset_cropped/09_Metas/28/10/20190928100200_00160.png,541.6,859.5,72.1,26.4,964
9/28/2019 10:03,datasets/dataset_cropped/09_Metas/28/10/20190928100300_00160.jpg,datasets_flow/dataset_cropped/09_Metas/28/10/20190928100300_00160.jpg,datasets_cloudmask/dataset_cropped/09_Metas/28/10/20190928100300_00160.png,544.1,860,72,26.6,964
9/28/2019 10:04,datasets/dataset_cropped/09_Metas/28/10/20190928100400_00160.jpg,datasets_flow/dataset_cropped/09_Metas/28/10/20190928100400_00160.jpg,datasets_cloudmask/dataset_cropped/09_Metas/28/10/20190928100400_00160.png,546.4,860,71.8,26.8,964
9/28/2019 10:05,datasets/dataset_cropped/09_Metas/28/10/20190928100500_00160.jpg,datasets_flow/dataset_cropped/09_Metas/28/10/20190928100500_00160.jpg,datasets_cloudmask/dataset_cropped/09_Metas/28/10/20190928100500_00160.png,549.2,861,71.8,26.6,964
9/28/2019 10:06,datasets/dataset_cropped/09_Metas/28/10/20190928100600_00160.jpg,datasets_flow/dataset_cropped/09_Metas/28/10/20190928100600_00160.jpg,datasets_cloudmask/dataset_cropped/09_Metas/28/10/20190928100600_00160.png,552.3,862,72,26.8,964
9/28/2019 10:07,datasets/dataset_cropped/09_Metas/28/10/20190928100700_00160.jpg,datasets_flow/dataset_cropped/09_Metas/28/10/20190928100700_00160.jpg,datasets_cloudmask/dataset_cropped/09_Metas/28/10/20190928100700_00160.png,555.3,864,72.1,26.7,964
9/28/2019 10:08,datasets/dataset_cropped/09_Metas/28/10/20190928100800_00160.jpg,datasets_flow/dataset_cropped/09_Metas/28/10/20190928100800_00160.jpg,datasets_cloudmask/dataset_cropped/09_Metas/28/10/20190928100800_00160.png,558.5,866,72.5,26.5,964
9/28/2019 10:09,datasets/dataset_cropped/09_Metas/28/10/20190928100900_00160.jpg,datasets_flow/dataset_cropped/09_Metas/28/10/20190928100900_00160.jpg,datasets_cloudmask/dataset_cropped/09_Metas/28/10/20190928100900_00160.png,561.1,867,72.7,26.3,964
9/28/2019 10:10,datasets/dataset_cropped/09_Metas/28/10/20190928101000_00160.jpg,datasets_flow/dataset_cropped/09_Metas/28/10/20190928101000_00160.jpg,datasets_cloudmask/dataset_cropped/09_Metas/28/10/20190928101000_00160.png,563.9,869,72.9,26.2,964
9/28/2019 10:11,datasets/dataset_cropped/09_Metas/28/10/20190928101100_00160.jpg,datasets_flow/dataset_cropped/09_Metas/28/10/20190928101100_00160.jpg,datasets_cloudmask/dataset_cropped/09_Metas/28/10/20190928101100_00160.png,566.5,870,72.9,26.2,964
9/28/2019 10:12,datasets/dataset_cropped/09_Metas/28/10/20190928101200_00160.jpg,datasets_flow/dataset_cropped/09_Metas/28/10/20190928101200_00160.jpg,datasets_cloudmask/dataset_cropped/09_Metas/28/10/20190928101200_00160.png,569.4,872,73,26.3,964
9/28/2019 10:13,datasets/dataset_cropped/09_Metas/28/10/20190928101300_00160.jpg,datasets_flow/dataset_cropped/09_Metas/28/10/20190928101300_00160.jpg,datasets_cloudmask/dataset_cropped/09_Metas/28/10/20190928101300_00160.png,572.4,873,73,26.6,964
9/28/2019 10:14,datasets/dataset_cropped/09_Metas/28/10/20190928101400_00160.jpg,datasets_flow/dataset_cropped/09_Metas/28/10/20190928101400_00160.jpg,datasets_cloudmask/dataset_cropped/09_Metas/28/10/20190928101400_00160.png,575.1,873,72.9,26.6,964
9/28/2019 10:15,datasets/dataset_cropped/09_Metas/28/10/20190928101500_00160.jpg,datasets_flow/dataset_cropped/09_Metas/28/10/20190928101500_00160.jpg,datasets_cloudmask/dataset_cropped/09_Metas/28/10/20190928101500_00160.png,577.7,873,72.8,26.4,964
9/28/2019 10:16,datasets/dataset_cropped/09_Metas/28/10/20190928101600_00160.jpg,datasets_flow/dataset_cropped/09_Metas/28/10/20190928101600_00160.jpg,datasets_cloudmask/dataset_cropped/09_Metas/28/10/20190928101600_00160.png,580.6,874,73.1,26.2,964
9/28/2019 10:17,datasets/dataset_cropped/09_Metas/28/10/20190928101700_00160.jpg,datasets_flow/dataset_cropped/09_Metas/28/10/20190928101700_00160.jpg,datasets_cloudmask/dataset_cropped/09_Metas/28/10/20190928101700_00160.png,582.8,875,73.1,26,964
9/28/2019 10:18,datasets/dataset_cropped/09_Metas/28/10/20190928101800_00160.jpg,datasets_flow/dataset_cropped/09_Metas/28/10/20190928101800_00160.jpg,datasets_cloudmask/dataset_cropped/09_Metas/28/10/20190928101800_00160.png,585,875,73.3,26.1,964
9/28/2019 10:19,datasets/dataset_cropped/09_Metas/28/10/20190928101900_00160.jpg,datasets_flow/dataset_cropped/09_Metas/28/10/20190928101900_00160.jpg,datasets_cloudmask/dataset_cropped/09_Metas/28/10/20190928101900_00160.png,587.8,876,73.5,26.5,964
9/28/2019 10:20,datasets/dataset_cropped/09_Metas/28/10/20190928102000_00160.jpg,datasets_flow/dataset_cropped/09_Metas/28/10/20190928102000_00160.jpg,datasets_cloudmask/dataset_cropped/09_Metas/28/10/20190928102000_00160.png,590.1,877,73.9,26.8,964
9/28/2019 10:21,datasets/dataset_cropped/09_Metas/28/10/20190928102100_00160.jpg,datasets_flow/dataset_cropped/09_Metas/28/10/20190928102100_00160.jpg,datasets_cloudmask/dataset_cropped/09_Metas/28/10/20190928102100_00160.png,592.9,878,74.3,27.1,964
9/28/2019 10:22,datasets/dataset_cropped/09_Metas/28/10/20190928102200_00160.jpg,datasets_flow/dataset_cropped/09_Metas/28/10/20190928102200_00160.jpg,datasets_cloudmask/dataset_cropped/09_Metas/28/10/20190928102200_00160.png,595.2,879,74.8,27,964
9/28/2019 10:23,datasets/dataset_cropped/09_Metas/28/10/20190928102300_00160.jpg,datasets_flow/dataset_cropped/09_Metas/28/10/20190928102300_00160.jpg,datasets_cloudmask/dataset_cropped/09_Metas/28/10/20190928102300_00160.png,597.2,879,74.9,26.9,964
9/28/2019 10:24,datasets/dataset_cropped/09_Metas/28/10/20190928102400_00160.jpg,datasets_flow/dataset_cropped/09_Metas/28/10/20190928102400_00160.jpg,datasets_cloudmask/dataset_cropped/09_Metas/28/10/20190928102400_00160.png,600,880,74.9,27,964
9/28/2019 10:25,datasets/dataset_cropped/09_Metas/28/10/20190928102500_00160.jpg,datasets_flow/dataset_cropped/09_Metas/28/10/20190928102500_00160.jpg,datasets_cloudmask/dataset_cropped/09_Metas/28/10/20190928102500_00160.png,602.9,882,74.8,27.1,964
9/28/2019 10:26,datasets/dataset_cropped/09_Metas/28/10/20190928102600_00160.jpg,datasets_flow/dataset_cropped/09_Metas/28/10/20190928102600_00160.jpg,datasets_cloudmask/dataset_cropped/09_Metas/28/10/20190928102600_00160.png,605.5,882,74.8,27,964
9/28/2019 10:27,datasets/dataset_cropped/09_Metas/28/10/20190928102700_00160.jpg,datasets_flow/dataset_cropped/09_Metas/28/10/20190928102700_00160.jpg,datasets_cloudmask/dataset_cropped/09_Metas/28/10/20190928102700_00160.png,606.7,880,75.1,27,964
9/28/2019 10:28,datasets/dataset_cropped/09_Metas/28/10/20190928102800_00160.jpg,datasets_flow/dataset_cropped/09_Metas/28/10/20190928102800_00160.jpg,datasets_cloudmask/dataset_cropped/09_Metas/28/10/20190928102800_00160.png,609.1,880,75.5,27.1,964
9/28/2019 10:29,datasets/dataset_cropped/09_Metas/28/10/20190928102900_00160.jpg,datasets_flow/dataset_cropped/09_Metas/28/10/20190928102900_00160.jpg,datasets_cloudmask/dataset_cropped/09_Metas/28/10/20190928102900_00160.png,612.4,883,75.6,27.3,964
9/28/2019 10:30,datasets/dataset_cropped/09_Metas/28/10/20190928103000_00160.jpg,datasets_flow/dataset_cropped/09_Metas/28/10/20190928103000_00160.jpg,datasets_cloudmask/dataset_cropped/09_Metas/28/10/20190928103000_00160.png,614.6,883,75.8,27,964
9/28/2019 10:31,datasets/dataset_cropped/09_Metas/28/10/20190928103100_00160.jpg,datasets_flow/dataset_cropped/09_Metas/28/10/20190928103100_00160.jpg,datasets_cloudmask/dataset_cropped/09_Metas/28/10/20190928103100_00160.png,617.6,885,76,26.8,964
9/28/2019 10:32,datasets/dataset_cropped/09_Metas/28/10/20190928103200_00160.jpg,datasets_flow/dataset_cropped/09_Metas/28/10/20190928103200_00160.jpg,datasets_cloudmask/dataset_cropped/09_Metas/28/10/20190928103200_00160.png,620,886,76.3,27,964
9/28/2019 10:33,datasets/dataset_cropped/09_Metas/28/10/20190928103300_00160.jpg,datasets_flow/dataset_cropped/09_Metas/28/10/20190928103300_00160.jpg,datasets_cloudmask/dataset_cropped/09_Metas/28/10/20190928103300_00160.png,621.9,886,76.4,27.2,964
9/28/2019 10:34,datasets/dataset_cropped/09_Metas/28/10/20190928103400_00160.jpg,datasets_flow/dataset_cropped/09_Metas/28/10/20190928103400_00160.jpg,datasets_cloudmask/dataset_cropped/09_Metas/28/10/20190928103400_00160.png,624.1,886,76.3,27.2,964
9/28/2019 10:35,datasets/dataset_cropped/09_Metas/28/10/20190928103500_00160.jpg,datasets_flow/dataset_cropped/09_Metas/28/10/20190928103500_00160.jpg,datasets_cloudmask/dataset_cropped/09_Metas/28/10/20190928103500_00160.png,626.6,886,76.6,27.2,964
9/28/2019 10:36,datasets/dataset_cropped/09_Metas/28/10/20190928103600_00160.jpg,datasets_flow/dataset_cropped/09_Metas/28/10/20190928103600_00160.jpg,datasets_cloudmask/dataset_cropped/09_Metas/28/10/20190928103600_00160.png,629.9,888,76.8,27.4,964
9/28/2019 10:37,datasets/dataset_cropped/09_Metas/28/10/20190928103700_00160.jpg,datasets_flow/dataset_cropped/09_Metas/28/10/20190928103700_00160.jpg,datasets_cloudmask/dataset_cropped/09_Metas/28/10/20190928103700_00160.png,632.1,889,76.9,27.3,964
9/28/2019 10:38,datasets/dataset_cropped/09_Metas/28/10/20190928103800_00160.jpg,datasets_flow/dataset_cropped/09_Metas/28/10/20190928103800_00160.jpg,datasets_cloudmask/dataset_cropped/09_Metas/28/10/20190928103800_00160.png,634.4,890,76.8,27.2,964
9/28/2019 10:39,datasets/dataset_cropped/09_Metas/28/10/20190928103900_00160.jpg,datasets_flow/dataset_cropped/09_Metas/28/10/20190928103900_00160.jpg,datasets_cloudmask/dataset_cropped/09_Metas/28/10/20190928103900_00160.png,637.2,891,77.2,27.3,965
9/28/2019 10:40,datasets/dataset_cropped/09_Metas/28/10/20190928104000_00160.jpg,datasets_flow/dataset_cropped/09_Metas/28/10/20190928104000_00160.jpg,datasets_cloudmask/dataset_cropped/09_Metas/28/10/20190928104000_00160.png,638.3,890,77,27.1,964
9/28/2019 10:41,datasets/dataset_cropped/09_Metas/28/10/20190928104100_00160.jpg,datasets_flow/dataset_cropped/09_Metas/28/10/20190928104100_00160.jpg,datasets_cloudmask/dataset_cropped/09_Metas/28/10/20190928104100_00160.png,640.6,890,77.2,27,964
9/28/2019 10:42,datasets/dataset_cropped/09_Metas/28/10/20190928104200_00160.jpg,datasets_flow/dataset_cropped/09_Metas/28/10/20190928104200_00160.jpg,datasets_cloudmask/dataset_cropped/09_Metas/28/10/20190928104200_00160.png,643,891,77.1,27.1,964
9/28/2019 10:43,datasets/dataset_cropped/09_Metas/28/10/20190928104300_00160.jpg,datasets_flow/dataset_cropped/09_Metas/28/10/20190928104300_00160.jpg,datasets_cloudmask/dataset_cropped/09_Metas/28/10/20190928104300_00160.png,645.7,892,77.1,27.2,964
9/28/2019 10:44,datasets/dataset_cropped/09_Metas/28/10/20190928104400_00160.jpg,datasets_flow/dataset_cropped/09_Metas/28/10/20190928104400_00160.jpg,datasets_cloudmask/dataset_cropped/09_Metas/28/10/20190928104400_00160.png,648.2,892,77.3,27.4,964
9/28/2019 10:45,datasets/dataset_cropped/09_Metas/28/10/20190928104500_00160.jpg,datasets_flow/dataset_cropped/09_Metas/28/10/20190928104500_00160.jpg,datasets_cloudmask/dataset_cropped/09_Metas/28/10/20190928104500_00160.png,650.8,894,77.6,27.4,964
9/28/2019 10:46,datasets/dataset_cropped/09_Metas/28/10/20190928104600_00160.jpg,datasets_flow/dataset_cropped/09_Metas/28/10/20190928104600_00160.jpg,datasets_cloudmask/dataset_cropped/09_Metas/28/10/20190928104600_00160.png,653.5,896,77.3,27.4,964
9/28/2019 10:47,datasets/dataset_cropped/09_Metas/28/10/20190928104700_00160.jpg,datasets_flow/dataset_cropped/09_Metas/28/10/20190928104700_00160.jpg,datasets_cloudmask/dataset_cropped/09_Metas/28/10/20190928104700_00160.png,655.5,897,77.2,27.4,965
9/28/2019 10:48,datasets/dataset_cropped/09_Metas/28/10/20190928104800_00160.jpg,datasets_flow/dataset_cropped/09_Metas/28/10/20190928104800_00160.jpg,datasets_cloudmask/dataset_cropped/09_Metas/28/10/20190928104800_00160.png,657.5,896,77.4,27.3,964
9/28/2019 10:49,datasets/dataset_cropped/09_Metas/28/10/20190928104900_00160.jpg,datasets_flow/dataset_cropped/09_Metas/28/10/20190928104900_00160.jpg,datasets_cloudmask/dataset_cropped/09_Metas/28/10/20190928104900_00160.png,654.5,896,77.4,27.2,964
9/28/2019 10:50,datasets/dataset_cropped/09_Metas/28/10/20190928105000_00160.jpg,datasets_flow/dataset_cropped/09_Metas/28/10/20190928105000_00160.jpg,datasets_cloudmask/dataset_cropped/09_Metas/28/10/20190928105000_00160.png,656.9,897,77.4,27.1,965
9/28/2019 10:51,datasets/dataset_cropped/09_Metas/28/10/20190928105100_00160.jpg,datasets_flow/dataset_cropped/09_Metas/28/10/20190928105100_00160.jpg,datasets_cloudmask/dataset_cropped/09_Metas/28/10/20190928105100_00160.png,660.7,899,77.4,27.1,964
9/28/2019 10:52,datasets/dataset_cropped/09_Metas/28/10/20190928105200_00160.jpg,datasets_flow/dataset_cropped/09_Metas/28/10/20190928105200_00160.jpg,datasets_cloudmask/dataset_cropped/09_Metas/28/10/20190928105200_00160.png,665.7,899,77.5,27.1,964
9/28/2019 10:53,datasets/dataset_cropped/09_Metas/28/10/20190928105300_00160.jpg,datasets_flow/dataset_cropped/09_Metas/28/10/20190928105300_00160.jpg,datasets_cloudmask/dataset_cropped/09_Metas/28/10/20190928105300_00160.png,668.8,899,77.8,27.5,964
9/28/2019 10:54,datasets/dataset_cropped/09_Metas/28/10/20190928105400_00160.jpg,datasets_flow/dataset_cropped/09_Metas/28/10/20190928105400_00160.jpg,datasets_cloudmask/dataset_cropped/09_Metas/28/10/20190928105400_00160.png,671.2,900,78,27.9,964
9/28/2019 10:55,datasets/dataset_cropped/09_Metas/28/10/20190928105500_00160.jpg,datasets_flow/dataset_cropped/09_Metas/28/10/20190928105500_00160.jpg,datasets_cloudmask/dataset_cropped/09_Metas/28/10/20190928105500_00160.png,673.5,901,78.5,28.1,964
9/28/2019 10:56,datasets/dataset_cropped/09_Metas/28/10/20190928105600_00160.jpg,datasets_flow/dataset_cropped/09_Metas/28/10/20190928105600_00160.jpg,datasets_cloudmask/dataset_cropped/09_Metas/28/10/20190928105600_00160.png,674.6,900,78.2,28.3,964
9/28/2019 10:57,datasets/dataset_cropped/09_Metas/28/10/20190928105700_00160.jpg,datasets_flow/dataset_cropped/09_Metas/28/10/20190928105700_00160.jpg,datasets_cloudmask/dataset_cropped/09_Metas/28/10/20190928105700_00160.png,675.8,899,78.2,28.4,964
9/28/2019 10:58,datasets/dataset_cropped/09_Metas/28/10/20190928105800_00160.jpg,datasets_flow/dataset_cropped/09_Metas/28/10/20190928105800_00160.jpg,datasets_cloudmask/dataset_cropped/09_Metas/28/10/20190928105800_00160.png,677.8,901,78.1,28.1,964
9/28/2019 10:59,datasets/dataset_cropped/09_Metas/28/10/20190928105900_00160.jpg,datasets_flow/dataset_cropped/09_Metas/28/10/20190928105900_00160.jpg,datasets_cloudmask/dataset_cropped/09_Metas/28/10/20190928105900_00160.png,680.6,903,78.1,27.7,964
9/28/2019 11:00,datasets/dataset_cropped/09_Metas/28/11/20190928110000_00160.jpg,datasets_flow/dataset_cropped/09_Metas/28/11/20190928110000_00160.jpg,datasets_cloudmask/dataset_cropped/09_Metas/28/11/20190928110000_00160.png,683.6,905,77.9,27.5,964
9/28/2019 11:01,datasets/dataset_cropped/09_Metas/28/11/20190928110100_00160.jpg,datasets_flow/dataset_cropped/09_Metas/28/11/20190928110100_00160.jpg,datasets_cloudmask/dataset_cropped/09_Metas/28/11/20190928110100_00160.png,686.4,908,78.1,27.6,964
9/28/2019 11:02,datasets/dataset_cropped/09_Metas/28/11/20190928110200_00160.jpg,datasets_flow/dataset_cropped/09_Metas/28/11/20190928110200_00160.jpg,datasets_cloudmask/dataset_cropped/09_Metas/28/11/20190928110200_00160.png,689.4,910,78.3,27.8,964
9/28/2019 11:03,datasets/dataset_cropped/09_Metas/28/11/20190928110300_00160.jpg,datasets_flow/dataset_cropped/09_Metas/28/11/20190928110300_00160.jpg,datasets_cloudmask/dataset_cropped/09_Metas/28/11/20190928110300_00160.png,691.3,909,78.3,28,964
9/28/2019 11:04,datasets/dataset_cropped/09_Metas/28/11/20190928110400_00160.jpg,datasets_flow/dataset_cropped/09_Metas/28/11/20190928110400_00160.jpg,datasets_cloudmask/dataset_cropped/09_Metas/28/11/20190928110400_00160.png,692.7,908,78.5,28,964
9/28/2019 11:05,datasets/dataset_cropped/09_Metas/28/11/20190928110500_00160.jpg,datasets_flow/dataset_cropped/09_Metas/28/11/20190928110500_00160.jpg,datasets_cloudmask/dataset_cropped/09_Metas/28/11/20190928110500_00160.png,693.4,907,78.5,28.1,964
9/28/2019 11:06,datasets/dataset_cropped/09_Metas/28/11/20190928110600_00160.jpg,datasets_flow/dataset_cropped/09_Metas/28/11/20190928110600_00160.jpg,datasets_cloudmask/dataset_cropped/09_Metas/28/11/20190928110600_00160.png,695.1,907,78.4,27.9,964
9/28/2019 11:07,datasets/dataset_cropped/09_Metas/28/11/20190928110700_00160.jpg,datasets_flow/dataset_cropped/09_Metas/28/11/20190928110700_00160.jpg,datasets_cloudmask/dataset_cropped/09_Metas/28/11/20190928110700_00160.png,697.3,907,78.6,28,964
9/28/2019 11:08,datasets/dataset_cropped/09_Metas/28/11/20190928110800_00160.jpg,datasets_flow/dataset_cropped/09_Metas/28/11/20190928110800_00160.jpg,datasets_cloudmask/dataset_cropped/09_Metas/28/11/20190928110800_00160.png,699,907,79.1,28.3,964
9/28/2019 11:09,datasets/dataset_cropped/09_Metas/28/11/20190928110900_00160.jpg,datasets_flow/dataset_cropped/09_Metas/28/11/20190928110900_00160.jpg,datasets_cloudmask/dataset_cropped/09_Metas/28/11/20190928110900_00160.png,700.8,909,79,28.7,964
9/28/2019 11:10,datasets/dataset_cropped/09_Metas/28/11/20190928111000_00160.jpg,datasets_flow/dataset_cropped/09_Metas/28/11/20190928111000_00160.jpg,datasets_cloudmask/dataset_cropped/09_Metas/28/11/20190928111000_00160.png,703,910,79.6,28.9,964
9/28/2019 11:11,datasets/dataset_cropped/09_Metas/28/11/20190928111100_00160.jpg,datasets_flow/dataset_cropped/09_Metas/28/11/20190928111100_00160.jpg,datasets_cloudmask/dataset_cropped/09_Metas/28/11/20190928111100_00160.png,705.8,912,79.8,28.9,964
9/28/2019 11:12,datasets/dataset_cropped/09_Metas/28/11/20190928111200_00160.jpg,datasets_flow/dataset_cropped/09_Metas/28/11/20190928111200_00160.jpg,datasets_cloudmask/dataset_cropped/09_Metas/28/11/20190928111200_00160.png,707.6,913,79.9,28.4,964
9/28/2019 11:13,datasets/dataset_cropped/09_Metas/28/11/20190928111300_00160.jpg,datasets_flow/dataset_cropped/09_Metas/28/11/20190928111300_00160.jpg,datasets_cloudmask/dataset_cropped/09_Metas/28/11/20190928111300_00160.png,708.8,913,79.7,28.1,964
9/28/2019 11:14,datasets/dataset_cropped/09_Metas/28/11/20190928111400_00160.jpg,datasets_flow/dataset_cropped/09_Metas/28/11/20190928111400_00160.jpg,datasets_cloudmask/dataset_cropped/09_Metas/28/11/20190928111400_00160.png,709.8,912,79.1,28,964
9/28/2019 11:15,datasets/dataset_cropped/09_Metas/28/11/20190928111500_00160.jpg,datasets_flow/dataset_cropped/09_Metas/28/11/20190928111500_00160.jpg,datasets_cloudmask/dataset_cropped/09_Metas/28/11/20190928111500_00160.png,711.3,911,79,28,964
9/28/2019 11:16,datasets/dataset_cropped/09_Metas/28/11/20190928111600_00160.jpg,datasets_flow/dataset_cropped/09_Metas/28/11/20190928111600_00160.jpg,datasets_cloudmask/dataset_cropped/09_Metas/28/11/20190928111600_00160.png,713.7,911,78.9,28,964
9/28/2019 11:17,datasets/dataset_cropped/09_Metas/28/11/20190928111700_00160.jpg,datasets_flow/dataset_cropped/09_Metas/28/11/20190928111700_00160.jpg,datasets_cloudmask/dataset_cropped/09_Metas/28/11/20190928111700_00160.png,715.7,912,78.9,27.9,964
9/28/2019 11:18,datasets/dataset_cropped/09_Metas/28/11/20190928111800_00160.jpg,datasets_flow/dataset_cropped/09_Metas/28/11/20190928111800_00160.jpg,datasets_cloudmask/dataset_cropped/09_Metas/28/11/20190928111800_00160.png,717.5,912,79.1,27.8,964
9/28/2019 11:19,datasets/dataset_cropped/09_Metas/28/11/20190928111900_00160.jpg,datasets_flow/dataset_cropped/09_Metas/28/11/20190928111900_00160.jpg,datasets_cloudmask/dataset_cropped/09_Metas/28/11/20190928111900_00160.png,720.1,914,78.9,27.8,964
9/28/2019 11:20,datasets/dataset_cropped/09_Metas/28/11/20190928112000_00160.jpg,datasets_flow/dataset_cropped/09_Metas/28/11/20190928112000_00160.jpg,datasets_cloudmask/dataset_cropped/09_Metas/28/11/20190928112000_00160.png,723,916,79.5,27.9,964
9/28/2019 11:21,datasets/dataset_cropped/09_Metas/28/11/20190928112100_00160.jpg,datasets_flow/dataset_cropped/09_Metas/28/11/20190928112100_00160.jpg,datasets_cloudmask/dataset_cropped/09_Metas/28/11/20190928112100_00160.png,724.4,917,79.2,28.1,964
9/28/2019 11:22,datasets/dataset_cropped/09_Metas/28/11/20190928112200_00160.jpg,datasets_flow/dataset_cropped/09_Metas/28/11/20190928112200_00160.jpg,datasets_cloudmask/dataset_cropped/09_Metas/28/11/20190928112200_00160.png,725.7,917,79.3,28.4,964
9/28/2019 11:23,datasets/dataset_cropped/09_Metas/28/11/20190928112300_00160.jpg,datasets_flow/dataset_cropped/09_Metas/28/11/20190928112300_00160.jpg,datasets_cloudmask/dataset_cropped/09_Metas/28/11/20190928112300_00160.png,727.2,918,79,28.5,964
9/28/2019 11:24,datasets/dataset_cropped/09_Metas/28/11/20190928112400_00160.jpg,datasets_flow/dataset_cropped/09_Metas/28/11/20190928112400_00160.jpg,datasets_cloudmask/dataset_cropped/09_Metas/28/11/20190928112400_00160.png,728.6,918,79,28.6,964
9/28/2019 11:25,datasets/dataset_cropped/09_Metas/28/11/20190928112500_00160.jpg,datasets_flow/dataset_cropped/09_Metas/28/11/20190928112500_00160.jpg,datasets_cloudmask/dataset_cropped/09_Metas/28/11/20190928112500_00160.png,729.9,918,79.2,28.6,964
9/28/2019 11:26,datasets/dataset_cropped/09_Metas/28/11/20190928112600_00160.jpg,datasets_flow/dataset_cropped/09_Metas/28/11/20190928112600_00160.jpg,datasets_cloudmask/dataset_cropped/09_Metas/28/11/20190928112600_00160.png,731.3,918,79.7,28.4,964
9/28/2019 11:27,datasets/dataset_cropped/09_Metas/28/11/20190928112700_00160.jpg,datasets_flow/dataset_cropped/09_Metas/28/11/20190928112700_00160.jpg,datasets_cloudmask/dataset_cropped/09_Metas/28/11/20190928112700_00160.png,732.8,918,79.7,28.4,964
9/28/2019 11:28,datasets/dataset_cropped/09_Metas/28/11/20190928112800_00160.jpg,datasets_flow/dataset_cropped/09_Metas/28/11/20190928112800_00160.jpg,datasets_cloudmask/dataset_cropped/09_Metas/28/11/20190928112800_00160.png,733.9,918,80,28.6,964
9/28/2019 11:29,datasets/dataset_cropped/09_Metas/28/11/20190928112900_00160.jpg,datasets_flow/dataset_cropped/09_Metas/28/11/20190928112900_00160.jpg,datasets_cloudmask/dataset_cropped/09_Metas/28/11/20190928112900_00160.png,735.4,919,80.5,28.6,964
9/28/2019 11:30,datasets/dataset_cropped/09_Metas/28/11/20190928113000_00160.jpg,datasets_flow/dataset_cropped/09_Metas/28/11/20190928113000_00160.jpg,datasets_cloudmask/dataset_cropped/09_Metas/28/11/20190928113000_00160.png,736.9,919,80.6,28.5,964
9/28/2019 11:31,datasets/dataset_cropped/09_Metas/28/11/20190928113100_00160.jpg,datasets_flow/dataset_cropped/09_Metas/28/11/20190928113100_00160.jpg,datasets_cloudmask/dataset_cropped/09_Metas/28/11/20190928113100_00160.png,738.8,920,80.7,28.5,964
9/28/2019 11:32,datasets/dataset_cropped/09_Metas/28/11/20190928113200_00160.jpg,datasets_flow/dataset_cropped/09_Metas/28/11/20190928113200_00160.jpg,datasets_cloudmask/dataset_cropped/09_Metas/28/11/20190928113200_00160.png,741,921,80.5,28.3,964
9/28/2019 11:33,datasets/dataset_cropped/09_Metas/28/11/20190928113300_00160.jpg,datasets_flow/dataset_cropped/09_Metas/28/11/20190928113300_00160.jpg,datasets_cloudmask/dataset_cropped/09_Metas/28/11/20190928113300_00160.png,742.8,922,80.5,28.1,964
9/28/2019 11:34,datasets/dataset_cropped/09_Metas/28/11/20190928113400_00160.jpg,datasets_flow/dataset_cropped/09_Metas/28/11/20190928113400_00160.jpg,datasets_cloudmask/dataset_cropped/09_Metas/28/11/20190928113400_00160.png,744.1,922,80.1,28,964
9/28/2019 11:35,datasets/dataset_cropped/09_Metas/28/11/20190928113500_00160.jpg,datasets_flow/dataset_cropped/09_Metas/28/11/20190928113500_00160.jpg,datasets_cloudmask/dataset_cropped/09_Metas/28/11/20190928113500_00160.png,745.2,921,80.1,27.9,964
9/28/2019 11:36,datasets/dataset_cropped/09_Metas/28/11/20190928113600_00160.jpg,datasets_flow/dataset_cropped/09_Metas/28/11/20190928113600_00160.jpg,datasets_cloudmask/dataset_cropped/09_Metas/28/11/20190928113600_00160.png,746.6,920,80.5,28,964
9/28/2019 11:37,datasets/dataset_cropped/09_Metas/28/11/20190928113700_00160.jpg,datasets_flow/dataset_cropped/09_Metas/28/11/20190928113700_00160.jpg,datasets_cloudmask/dataset_cropped/09_Metas/28/11/20190928113700_00160.png,747.5,920,80.5,28.2,964
9/28/2019 11:38,datasets/dataset_cropped/09_Metas/28/11/20190928113800_00160.jpg,datasets_flow/dataset_cropped/09_Metas/28/11/20190928113800_00160.jpg,datasets_cloudmask/dataset_cropped/09_Metas/28/11/20190928113800_00160.png,748.6,920,80.7,28.6,964
9/28/2019 11:39,datasets/dataset_cropped/09_Metas/28/11/20190928113900_00160.jpg,datasets_flow/dataset_cropped/09_Metas/28/11/20190928113900_00160.jpg,datasets_cloudmask/dataset_cropped/09_Metas/28/11/20190928113900_00160.png,749.8,919,81.2,28.8,964
9/28/2019 11:40,datasets/dataset_cropped/09_Metas/28/11/20190928114000_00160.jpg,datasets_flow/dataset_cropped/09_Metas/28/11/20190928114000_00160.jpg,datasets_cloudmask/dataset_cropped/09_Metas/28/11/20190928114000_00160.png,751.9,920,81.8,28.7,964
9/28/2019 11:41,datasets/dataset_cropped/09_Metas/28/11/20190928114100_00160.jpg,datasets_flow/dataset_cropped/09_Metas/28/11/20190928114100_00160.jpg,datasets_cloudmask/dataset_cropped/09_Metas/28/11/20190928114100_00160.png,753.6,921,82.1,28.6,964
9/28/2019 11:42,datasets/dataset_cropped/09_Metas/28/11/20190928114200_00160.jpg,datasets_flow/dataset_cropped/09_Metas/28/11/20190928114200_00160.jpg,datasets_cloudmask/dataset_cropped/09_Metas/28/11/20190928114200_00160.png,754.8,922,82.1,28.7,964
9/28/2019 11:43,datasets/dataset_cropped/09_Metas/28/11/20190928114300_00160.jpg,datasets_flow/dataset_cropped/09_Metas/28/11/20190928114300_00160.jpg,datasets_cloudmask/dataset_cropped/09_Metas/28/11/20190928114300_00160.png,755.7,922,82.4,28.6,964
9/28/2019 11:44,datasets/dataset_cropped/09_Metas/28/11/20190928114400_00160.jpg,datasets_flow/dataset_cropped/09_Metas/28/11/20190928114400_00160.jpg,datasets_cloudmask/dataset_cropped/09_Metas/28/11/20190928114400_00160.png,757.2,922,82.6,28.5,964
9/28/2019 11:45,datasets/dataset_cropped/09_Metas/28/11/20190928114500_00160.jpg,datasets_flow/dataset_cropped/09_Metas/28/11/20190928114500_00160.jpg,datasets_cloudmask/dataset_cropped/09_Metas/28/11/20190928114500_00160.png,758.4,922,82.6,28.5,964
9/28/2019 11:46,datasets/dataset_cropped/09_Metas/28/11/20190928114600_00160.jpg,datasets_flow/dataset_cropped/09_Metas/28/11/20190928114600_00160.jpg,datasets_cloudmask/dataset_cropped/09_Metas/28/11/20190928114600_00160.png,758.3,919,82.5,28.4,964
9/28/2019 11:47,datasets/dataset_cropped/09_Metas/28/11/20190928114700_00160.jpg,datasets_flow/dataset_cropped/09_Metas/28/11/20190928114700_00160.jpg,datasets_cloudmask/dataset_cropped/09_Metas/28/11/20190928114700_00160.png,758.6,918,82.6,28.6,964
9/28/2019 11:48,datasets/dataset_cropped/09_Metas/28/11/20190928114800_00160.jpg,datasets_flow/dataset_cropped/09_Metas/28/11/20190928114800_00160.jpg,datasets_cloudmask/dataset_cropped/09_Metas/28/11/20190928114800_00160.png,759.6,917,82.8,28.5,964
9/28/2019 11:49,datasets/dataset_cropped/09_Metas/28/11/20190928114900_00160.jpg,datasets_flow/dataset_cropped/09_Metas/28/11/20190928114900_00160.jpg,datasets_cloudmask/dataset_cropped/09_Metas/28/11/20190928114900_00160.png,761.3,918,82.7,28.4,964
9/28/2019 11:50,datasets/dataset_cropped/09_Metas/28/11/20190928115000_00160.jpg,datasets_flow/dataset_cropped/09_Metas/28/11/20190928115000_00160.jpg,datasets_cloudmask/dataset_cropped/09_Metas/28/11/20190928115000_00160.png,763.2,919,82.6,28.4,964
9/28/2019 11:51,datasets/dataset_cropped/09_Metas/28/11/20190928115100_00160.jpg,datasets_flow/dataset_cropped/09_Metas/28/11/20190928115100_00160.jpg,datasets_cloudmask/dataset_cropped/09_Metas/28/11/20190928115100_00160.png,764.4,919,82.9,28.5,964
9/28/2019 11:52,datasets/dataset_cropped/09_Metas/28/11/20190928115200_00160.jpg,datasets_flow/dataset_cropped/09_Metas/28/11/20190928115200_00160.jpg,datasets_cloudmask/dataset_cropped/09_Metas/28/11/20190928115200_00160.png,764.8,919,82.6,28.4,964
9/28/2019 11:53,datasets/dataset_cropped/09_Metas/28/11/20190928115300_00160.jpg,datasets_flow/dataset_cropped/09_Metas/28/11/20190928115300_00160.jpg,datasets_cloudmask/dataset_cropped/09_Metas/28/11/20190928115300_00160.png,765.5,918,83,28.5,964
9/28/2019 11:54,datasets/dataset_cropped/09_Metas/28/11/20190928115400_00160.jpg,datasets_flow/dataset_cropped/09_Metas/28/11/20190928115400_00160.jpg,datasets_cloudmask/dataset_cropped/09_Metas/28/11/20190928115400_00160.png,766.9,919,83.2,28.6,964
9/28/2019 11:55,datasets/dataset_cropped/09_Metas/28/11/20190928115500_00160.jpg,datasets_flow/dataset_cropped/09_Metas/28/11/20190928115500_00160.jpg,datasets_cloudmask/dataset_cropped/09_Metas/28/11/20190928115500_00160.png,768.1,920,83.2,28.6,964
9/28/2019 11:56,datasets/dataset_cropped/09_Metas/28/11/20190928115600_00160.jpg,datasets_flow/dataset_cropped/09_Metas/28/11/20190928115600_00160.jpg,datasets_cloudmask/dataset_cropped/09_Metas/28/11/20190928115600_00160.png,770.1,921,83.2,28.7,964
9/28/2019 11:57,datasets/dataset_cropped/09_Metas/28/11/20190928115700_00160.jpg,datasets_flow/dataset_cropped/09_Metas/28/11/20190928115700_00160.jpg,datasets_cloudmask/dataset_cropped/09_Metas/28/11/20190928115700_00160.png,771.9,922,83.2,28.8,964
9/28/2019 11:58,datasets/dataset_cropped/09_Metas/28/11/20190928115800_00160.jpg,datasets_flow/dataset_cropped/09_Metas/28/11/20190928115800_00160.jpg,datasets_cloudmask/dataset_cropped/09_Metas/28/11/20190928115800_00160.png,773,923,83.3,28.7,964
9/28/2019 11:59,datasets/dataset_cropped/09_Metas/28/11/20190928115900_00160.jpg,datasets_flow/dataset_cropped/09_Metas/28/11/20190928115900_00160.jpg,datasets_cloudmask/dataset_cropped/09_Metas/28/11/20190928115900_00160.png,773.8,923,83.1,28.6,964
9/28/2019 12:00,datasets/dataset_cropped/09_Metas/28/12/20190928120000_00160.jpg,datasets_flow/dataset_cropped/09_Metas/28/12/20190928120000_00160.jpg,datasets_cloudmask/dataset_cropped/09_Metas/28/12/20190928120000_00160.png,774.3,922,83.2,28.4,964
9/28/2019 12:01,datasets/dataset_cropped/09_Metas/28/12/20190928120100_00160.jpg,datasets_flow/dataset_cropped/09_Metas/28/12/20190928120100_00160.jpg,datasets_cloudmask/dataset_cropped/09_Metas/28/12/20190928120100_00160.png,775.6,922,83.8,28.2,964
9/28/2019 12:02,datasets/dataset_cropped/09_Metas/28/12/20190928120200_00160.jpg,datasets_flow/dataset_cropped/09_Metas/28/12/20190928120200_00160.jpg,datasets_cloudmask/dataset_cropped/09_Metas/28/12/20190928120200_00160.png,776.5,922,83.7,28.2,964
9/28/2019 12:03,datasets/dataset_cropped/09_Metas/28/12/20190928120300_00160.jpg,datasets_flow/dataset_cropped/09_Metas/28/12/20190928120300_00160.jpg,datasets_cloudmask/dataset_cropped/09_Metas/28/12/20190928120300_00160.png,777.9,922,83.9,28.5,964
9/28/2019 12:04,datasets/dataset_cropped/09_Metas/28/12/20190928120400_00160.jpg,datasets_flow/dataset_cropped/09_Metas/28/12/20190928120400_00160.jpg,datasets_cloudmask/dataset_cropped/09_Metas/28/12/20190928120400_00160.png,779.4,923,84.4,28.6,964
9/28/2019 12:05,datasets/dataset_cropped/09_Metas/28/12/20190928120500_00160.jpg,datasets_flow/dataset_cropped/09_Metas/28/12/20190928120500_00160.jpg,datasets_cloudmask/dataset_cropped/09_Metas/28/12/20190928120500_00160.png,780.2,924,84.4,28.5,964
9/28/2019 12:06,datasets/dataset_cropped/09_Metas/28/12/20190928120600_00160.jpg,datasets_flow/dataset_cropped/09_Metas/28/12/20190928120600_00160.jpg,datasets_cloudmask/dataset_cropped/09_Metas/28/12/20190928120600_00160.png,781,924,84.1,28.5,964
9/28/2019 12:07,datasets/dataset_cropped/09_Metas/28/12/20190928120700_00160.jpg,datasets_flow/dataset_cropped/09_Metas/28/12/20190928120700_00160.jpg,datasets_cloudmask/dataset_cropped/09_Metas/28/12/20190928120700_00160.png,781.1,923,84,28.9,964
9/28/2019 12:08,datasets/dataset_cropped/09_Metas/28/12/20190928120800_00160.jpg,datasets_flow/dataset_cropped/09_Metas/28/12/20190928120800_00160.jpg,datasets_cloudmask/dataset_cropped/09_Metas/28/12/20190928120800_00160.png,782.1,923,84.3,29,964
9/28/2019 12:09,datasets/dataset_cropped/09_Metas/28/12/20190928120900_00160.jpg,datasets_flow/dataset_cropped/09_Metas/28/12/20190928120900_00160.jpg,datasets_cloudmask/dataset_cropped/09_Metas/28/12/20190928120900_00160.png,782.7,923,84,29,964
9/28/2019 12:10,datasets/dataset_cropped/09_Metas/28/12/20190928121000_00160.jpg,datasets_flow/dataset_cropped/09_Metas/28/12/20190928121000_00160.jpg,datasets_cloudmask/dataset_cropped/09_Metas/28/12/20190928121000_00160.png,784.2,923,84.3,29,964
9/28/2019 12:11,datasets/dataset_cropped/09_Metas/28/12/20190928121100_00160.jpg,datasets_flow/dataset_cropped/09_Metas/28/12/20190928121100_00160.jpg,datasets_cloudmask/dataset_cropped/09_Metas/28/12/20190928121100_00160.png,785.5,924,84.4,28.9,964
9/28/2019 12:12,datasets/dataset_cropped/09_Metas/28/12/20190928121200_00160.jpg,datasets_flow/dataset_cropped/09_Metas/28/12/20190928121200_00160.jpg,datasets_cloudmask/dataset_cropped/09_Metas/28/12/20190928121200_00160.png,786.4,925,84.5,28.7,964
9/28/2019 12:13,datasets/dataset_cropped/09_Metas/28/12/20190928121300_00160.jpg,datasets_flow/dataset_cropped/09_Metas/28/12/20190928121300_00160.jpg,datasets_cloudmask/dataset_cropped/09_Metas/28/12/20190928121300_00160.png,787.6,925,84.6,28.6,964
9/28/2019 12:14,datasets/dataset_cropped/09_Metas/28/12/20190928121400_00160.jpg,datasets_flow/dataset_cropped/09_Metas/28/12/20190928121400_00160.jpg,datasets_cloudmask/dataset_cropped/09_Metas/28/12/20190928121400_00160.png,787.8,925,84.3,28.8,964
9/28/2019 12:15,datasets/dataset_cropped/09_Metas/28/12/20190928121500_00160.jpg,datasets_flow/dataset_cropped/09_Metas/28/12/20190928121500_00160.jpg,datasets_cloudmask/dataset_cropped/09_Metas/28/12/20190928121500_00160.png,788.6,925,84.9,28.9,964
9/28/2019 12:16,datasets/dataset_cropped/09_Metas/28/12/20190928121600_00160.jpg,datasets_flow/dataset_cropped/09_Metas/28/12/20190928121600_00160.jpg,datasets_cloudmask/dataset_cropped/09_Metas/28/12/20190928121600_00160.png,788.6,924,84.7,29,964
9/28/2019 12:17,datasets/dataset_cropped/09_Metas/28/12/20190928121700_00160.jpg,datasets_flow/dataset_cropped/09_Metas/28/12/20190928121700_00160.jpg,datasets_cloudmask/dataset_cropped/09_Metas/28/12/20190928121700_00160.png,789,923,84.9,29.3,964
9/28/2019 12:18,datasets/dataset_cropped/09_Metas/28/12/20190928121800_00160.jpg,datasets_flow/dataset_cropped/09_Metas/28/12/20190928121800_00160.jpg,datasets_cloudmask/dataset_cropped/09_Metas/28/12/20190928121800_00160.png,790,923,84.6,29.2,964
9/28/2019 12:19,datasets/dataset_cropped/09_Metas/28/12/20190928121900_00160.jpg,datasets_flow/dataset_cropped/09_Metas/28/12/20190928121900_00160.jpg,datasets_cloudmask/dataset_cropped/09_Metas/28/12/20190928121900_00160.png,791.2,924,84.5,28.9,964
9/28/2019 12:20,datasets/dataset_cropped/09_Metas/28/12/20190928122000_00160.jpg,datasets_flow/dataset_cropped/09_Metas/28/12/20190928122000_00160.jpg,datasets_cloudmask/dataset_cropped/09_Metas/28/12/20190928122000_00160.png,791.9,925,84.5,29.2,964
9/28/2019 12:21,datasets/dataset_cropped/09_Metas/28/12/20190928122100_00160.jpg,datasets_flow/dataset_cropped/09_Metas/28/12/20190928122100_00160.jpg,datasets_cloudmask/dataset_cropped/09_Metas/28/12/20190928122100_00160.png,792.9,925,84.5,29,964
9/28/2019 12:22,datasets/dataset_cropped/09_Metas/28/12/20190928122200_00160.jpg,datasets_flow/dataset_cropped/09_Metas/28/12/20190928122200_00160.jpg,datasets_cloudmask/dataset_cropped/09_Metas/28/12/20190928122200_00160.png,793.4,924,85,28.8,964
9/28/2019 12:23,datasets/dataset_cropped/09_Metas/28/12/20190928122300_00160.jpg,datasets_flow/dataset_cropped/09_Metas/28/12/20190928122300_00160.jpg,datasets_cloudmask/dataset_cropped/09_Metas/28/12/20190928122300_00160.png,794.3,925,85.2,29,964
9/28/2019 12:24,datasets/dataset_cropped/09_Metas/28/12/20190928122400_00160.jpg,datasets_flow/dataset_cropped/09_Metas/28/12/20190928122400_00160.jpg,datasets_cloudmask/dataset_cropped/09_Metas/28/12/20190928122400_00160.png,795,925,85.1,29.1,964
9/28/2019 12:25,datasets/dataset_cropped/09_Metas/28/12/20190928122500_00160.jpg,datasets_flow/dataset_cropped/09_Metas/28/12/20190928122500_00160.jpg,datasets_cloudmask/dataset_cropped/09_Metas/28/12/20190928122500_00160.png,795.7,925,85.4,28.9,964
9/28/2019 12:26,datasets/dataset_cropped/09_Metas/28/12/20190928122600_00160.jpg,datasets_flow/dataset_cropped/09_Metas/28/12/20190928122600_00160.jpg,datasets_cloudmask/dataset_cropped/09_Metas/28/12/20190928122600_00160.png,796.9,926,85.5,28.8,964
9/28/2019 12:27,datasets/dataset_cropped/09_Metas/28/12/20190928122700_00160.jpg,datasets_flow/dataset_cropped/09_Metas/28/12/20190928122700_00160.jpg,datasets_cloudmask/dataset_cropped/09_Metas/28/12/20190928122700_00160.png,797.6,927,85.6,28.6,964
9/28/2019 12:28,datasets/dataset_cropped/09_Metas/28/12/20190928122800_00160.jpg,datasets_flow/dataset_cropped/09_Metas/28/12/20190928122800_00160.jpg,datasets_cloudmask/dataset_cropped/09_Metas/28/12/20190928122800_00160.png,798.4,928,85.5,28.7,964
9/28/2019 12:29,datasets/dataset_cropped/09_Metas/28/12/20190928122900_00160.jpg,datasets_flow/dataset_cropped/09_Metas/28/12/20190928122900_00160.jpg,datasets_cloudmask/dataset_cropped/09_Metas/28/12/20190928122900_00160.png,799.1,928,85.4,28.8,964
9/28/2019 12:30,datasets/dataset_cropped/09_Metas/28/12/20190928123000_00160.jpg,datasets_flow/dataset_cropped/09_Metas/28/12/20190928123000_00160.jpg,datasets_cloudmask/dataset_cropped/09_Metas/28/12/20190928123000_00160.png,800,928,85.7,28.8,964
9/28/2019 12:31,datasets/dataset_cropped/09_Metas/28/12/20190928123100_00160.jpg,datasets_flow/dataset_cropped/09_Metas/28/12/20190928123100_00160.jpg,datasets_cloudmask/dataset_cropped/09_Metas/28/12/20190928123100_00160.png,800,928,85.9,29.1,964
9/28/2019 12:32,datasets/dataset_cropped/09_Metas/28/12/20190928123200_00160.jpg,datasets_flow/dataset_cropped/09_Metas/28/12/20190928123200_00160.jpg,datasets_cloudmask/dataset_cropped/09_Metas/28/12/20190928123200_00160.png,799.9,927,85.6,29.2,964
9/28/2019 12:33,datasets/dataset_cropped/09_Metas/28/12/20190928123300_00160.jpg,datasets_flow/dataset_cropped/09_Metas/28/12/20190928123300_00160.jpg,datasets_cloudmask/dataset_cropped/09_Metas/28/12/20190928123300_00160.png,799.5,926,85.9,29.4,964
9/28/2019 12:34,datasets/dataset_cropped/09_Metas/28/12/20190928123400_00160.jpg,datasets_flow/dataset_cropped/09_Metas/28/12/20190928123400_00160.jpg,datasets_cloudmask/dataset_cropped/09_Metas/28/12/20190928123400_00160.png,801,927,85.9,29,964
9/28/2019 12:35,datasets/dataset_cropped/09_Metas/28/12/20190928123500_00160.jpg,datasets_flow/dataset_cropped/09_Metas/28/12/20190928123500_00160.jpg,datasets_cloudmask/dataset_cropped/09_Metas/28/12/20190928123500_00160.png,801,926,86,28.8,964
9/28/2019 12:36,datasets/dataset_cropped/09_Metas/28/12/20190928123600_00160.jpg,datasets_flow/dataset_cropped/09_Metas/28/12/20190928123600_00160.jpg,datasets_cloudmask/dataset_cropped/09_Metas/28/12/20190928123600_00160.png,802,926,86.2,28.8,964
9/28/2019 12:37,datasets/dataset_cropped/09_Metas/28/12/20190928123700_00160.jpg,datasets_flow/dataset_cropped/09_Metas/28/12/20190928123700_00160.jpg,datasets_cloudmask/dataset_cropped/09_Metas/28/12/20190928123700_00160.png,802,927,86.2,28.8,964
9/28/2019 12:38,datasets/dataset_cropped/09_Metas/28/12/20190928123800_00160.jpg,datasets_flow/dataset_cropped/09_Metas/28/12/20190928123800_00160.jpg,datasets_cloudmask/dataset_cropped/09_Metas/28/12/20190928123800_00160.png,804,928,86,28.7,964
9/28/2019 12:39,datasets/dataset_cropped/09_Metas/28/12/20190928123900_00160.jpg,datasets_flow/dataset_cropped/09_Metas/28/12/20190928123900_00160.jpg,datasets_cloudmask/dataset_cropped/09_Metas/28/12/20190928123900_00160.png,805,930,85.9,28.6,964
9/28/2019 12:40,datasets/dataset_cropped/09_Metas/28/12/20190928124000_00160.jpg,datasets_flow/dataset_cropped/09_Metas/28/12/20190928124000_00160.jpg,datasets_cloudmask/dataset_cropped/09_Metas/28/12/20190928124000_00160.png,806,930,85.9,28.6,964
9/28/2019 12:41,datasets/dataset_cropped/09_Metas/28/12/20190928124100_00160.jpg,datasets_flow/dataset_cropped/09_Metas/28/12/20190928124100_00160.jpg,datasets_cloudmask/dataset_cropped/09_Metas/28/12/20190928124100_00160.png,806,931,86.1,28.7,964
9/28/2019 12:42,datasets/dataset_cropped/09_Metas/28/12/20190928124200_00160.jpg,datasets_flow/dataset_cropped/09_Metas/28/12/20190928124200_00160.jpg,datasets_cloudmask/dataset_cropped/09_Metas/28/12/20190928124200_00160.png,806,930,86.4,28.7,964
9/28/2019 12:43,datasets/dataset_cropped/09_Metas/28/12/20190928124300_00160.jpg,datasets_flow/dataset_cropped/09_Metas/28/12/20190928124300_00160.jpg,datasets_cloudmask/dataset_cropped/09_Metas/28/12/20190928124300_00160.png,805,928,86.3,28.6,964
9/28/2019 12:44,datasets/dataset_cropped/09_Metas/28/12/20190928124400_00160.jpg,datasets_flow/dataset_cropped/09_Metas/28/12/20190928124400_00160.jpg,datasets_cloudmask/dataset_cropped/09_Metas/28/12/20190928124400_00160.png,804,926,86.6,28.7,964
9/28/2019 12:45,datasets/dataset_cropped/09_Metas/28/12/20190928124500_00160.jpg,datasets_flow/dataset_cropped/09_Metas/28/12/20190928124500_00160.jpg,datasets_cloudmask/dataset_cropped/09_Metas/28/12/20190928124500_00160.png,802,923,87.1,28.7,964
9/28/2019 12:46,datasets/dataset_cropped/09_Metas/28/12/20190928124600_00160.jpg,datasets_flow/dataset_cropped/09_Metas/28/12/20190928124600_00160.jpg,datasets_cloudmask/dataset_cropped/09_Metas/28/12/20190928124600_00160.png,802,921,87.9,28.6,964
9/28/2019 12:47,datasets/dataset_cropped/09_Metas/28/12/20190928124700_00160.jpg,datasets_flow/dataset_cropped/09_Metas/28/12/20190928124700_00160.jpg,datasets_cloudmask/dataset_cropped/09_Metas/28/12/20190928124700_00160.png,801,921,87.9,28.6,964
9/28/2019 12:48,datasets/dataset_cropped/09_Metas/28/12/20190928124800_00160.jpg,datasets_flow/dataset_cropped/09_Metas/28/12/20190928124800_00160.jpg,datasets_cloudmask/dataset_cropped/09_Metas/28/12/20190928124800_00160.png,801,919,88.2,28.8,964
9/28/2019 12:49,datasets/dataset_cropped/09_Metas/28/12/20190928124900_00160.jpg,datasets_flow/dataset_cropped/09_Metas/28/12/20190928124900_00160.jpg,datasets_cloudmask/dataset_cropped/09_Metas/28/12/20190928124900_00160.png,801,920,87.6,28.9,964
9/28/2019 12:50,datasets/dataset_cropped/09_Metas/28/12/20190928125000_00160.jpg,datasets_flow/dataset_cropped/09_Metas/28/12/20190928125000_00160.jpg,datasets_cloudmask/dataset_cropped/09_Metas/28/12/20190928125000_00160.png,802,921,87.8,28.9,964
9/28/2019 12:51,datasets/dataset_cropped/09_Metas/28/12/20190928125100_00160.jpg,datasets_flow/dataset_cropped/09_Metas/28/12/20190928125100_00160.jpg,datasets_cloudmask/dataset_cropped/09_Metas/28/12/20190928125100_00160.png,805,925,87.3,29,964
9/28/2019 12:52,datasets/dataset_cropped/09_Metas/28/12/20190928125200_00160.jpg,datasets_flow/dataset_cropped/09_Metas/28/12/20190928125200_00160.jpg,datasets_cloudmask/dataset_cropped/09_Metas/28/12/20190928125200_00160.png,809,931,87,29,964
9/28/2019 12:53,datasets/dataset_cropped/09_Metas/28/12/20190928125300_00160.jpg,datasets_flow/dataset_cropped/09_Metas/28/12/20190928125300_00160.jpg,datasets_cloudmask/dataset_cropped/09_Metas/28/12/20190928125300_00160.png,810,932,86.7,28.9,964
9/28/2019 12:54,datasets/dataset_cropped/09_Metas/28/12/20190928125400_00160.jpg,datasets_flow/dataset_cropped/09_Metas/28/12/20190928125400_00160.jpg,datasets_cloudmask/dataset_cropped/09_Metas/28/12/20190928125400_00160.png,809,930,87.2,29.1,964
9/28/2019 12:55,datasets/dataset_cropped/09_Metas/28/12/20190928125500_00160.jpg,datasets_flow/dataset_cropped/09_Metas/28/12/20190928125500_00160.jpg,datasets_cloudmask/dataset_cropped/09_Metas/28/12/20190928125500_00160.png,807,927,87.5,29.2,964
9/28/2019 12:56,datasets/dataset_cropped/09_Metas/28/12/20190928125600_00160.jpg,datasets_flow/dataset_cropped/09_Metas/28/12/20190928125600_00160.jpg,datasets_cloudmask/dataset_cropped/09_Metas/28/12/20190928125600_00160.png,806,925,88.4,29.3,964
9/28/2019 12:57,datasets/dataset_cropped/09_Metas/28/12/20190928125700_00160.jpg,datasets_flow/dataset_cropped/09_Metas/28/12/20190928125700_00160.jpg,datasets_cloudmask/dataset_cropped/09_Metas/28/12/20190928125700_00160.png,804,921,88.7,29,964
9/28/2019 12:58,datasets/dataset_cropped/09_Metas/28/12/20190928125800_00160.jpg,datasets_flow/dataset_cropped/09_Metas/28/12/20190928125800_00160.jpg,datasets_cloudmask/dataset_cropped/09_Metas/28/12/20190928125800_00160.png,801,917,88.7,29.1,964
9/28/2019 12:59,datasets/dataset_cropped/09_Metas/28/12/20190928125900_00160.jpg,datasets_flow/dataset_cropped/09_Metas/28/12/20190928125900_00160.jpg,datasets_cloudmask/dataset_cropped/09_Metas/28/12/20190928125900_00160.png,801,917,89.2,29,964
9/28/2019 13:00,datasets/dataset_cropped/09_Metas/28/13/20190928130000_00160.jpg,datasets_flow/dataset_cropped/09_Metas/28/13/20190928130000_00160.jpg,datasets_cloudmask/dataset_cropped/09_Metas/28/13/20190928130000_00160.png,802,919,89.1,29.1,964
9/28/2019 13:01,datasets/dataset_cropped/09_Metas/28/13/20190928130100_00160.jpg,datasets_flow/dataset_cropped/09_Metas/28/13/20190928130100_00160.jpg,datasets_cloudmask/dataset_cropped/09_Metas/28/13/20190928130100_00160.png,804,923,88.3,28.9,964
9/28/2019 13:02,datasets/dataset_cropped/09_Metas/28/13/20190928130200_00160.jpg,datasets_flow/dataset_cropped/09_Metas/28/13/20190928130200_00160.jpg,datasets_cloudmask/dataset_cropped/09_Metas/28/13/20190928130200_00160.png,807,927,87.3,28.8,964
9/28/2019 13:03,datasets/dataset_cropped/09_Metas/28/13/20190928130300_00160.jpg,datasets_flow/dataset_cropped/09_Metas/28/13/20190928130300_00160.jpg,datasets_cloudmask/dataset_cropped/09_Metas/28/13/20190928130300_00160.png,810,931,86.5,28.9,964
9/28/2019 13:04,datasets/dataset_cropped/09_Metas/28/13/20190928130400_00160.jpg,datasets_flow/dataset_cropped/09_Metas/28/13/20190928130400_00160.jpg,datasets_cloudmask/dataset_cropped/09_Metas/28/13/20190928130400_00160.png,811,932,86.8,28.9,964
9/28/2019 13:05,datasets/dataset_cropped/09_Metas/28/13/20190928130500_00160.jpg,datasets_flow/dataset_cropped/09_Metas/28/13/20190928130500_00160.jpg,datasets_cloudmask/dataset_cropped/09_Metas/28/13/20190928130500_00160.png,807,926,87,28.8,964
9/28/2019 13:06,datasets/dataset_cropped/09_Metas/28/13/20190928130600_00160.jpg,datasets_flow/dataset_cropped/09_Metas/28/13/20190928130600_00160.jpg,datasets_cloudmask/dataset_cropped/09_Metas/28/13/20190928130600_00160.png,802,920,87.6,29,964
9/28/2019 13:07,datasets/dataset_cropped/09_Metas/28/13/20190928130700_00160.jpg,datasets_flow/dataset_cropped/09_Metas/28/13/20190928130700_00160.jpg,datasets_cloudmask/dataset_cropped/09_Metas/28/13/20190928130700_00160.png,805,922,88,28.9,964
9/28/2019 13:08,datasets/dataset_cropped/09_Metas/28/13/20190928130800_00160.jpg,datasets_flow/dataset_cropped/09_Metas/28/13/20190928130800_00160.jpg,datasets_cloudmask/dataset_cropped/09_Metas/28/13/20190928130800_00160.png,805,922,88.8,28.7,964
9/28/2019 13:09,datasets/dataset_cropped/09_Metas/28/13/20190928130900_00160.jpg,datasets_flow/dataset_cropped/09_Metas/28/13/20190928130900_00160.jpg,datasets_cloudmask/dataset_cropped/09_Metas/28/13/20190928130900_00160.png,806,923,88.8,28.7,964
9/28/2019 13:10,datasets/dataset_cropped/09_Metas/28/13/20190928131000_00160.jpg,datasets_flow/dataset_cropped/09_Metas/28/13/20190928131000_00160.jpg,datasets_cloudmask/dataset_cropped/09_Metas/28/13/20190928131000_00160.png,807,926,88.7,28.9,964
9/28/2019 13:11,datasets/dataset_cropped/09_Metas/28/13/20190928131100_00160.jpg,datasets_flow/dataset_cropped/09_Metas/28/13/20190928131100_00160.jpg,datasets_cloudmask/dataset_cropped/09_Metas/28/13/20190928131100_00160.png,806,924,88.5,29.1,964
9/28/2019 13:12,datasets/dataset_cropped/09_Metas/28/13/20190928131200_00160.jpg,datasets_flow/dataset_cropped/09_Metas/28/13/20190928131200_00160.jpg,datasets_cloudmask/dataset_cropped/09_Metas/28/13/20190928131200_00160.png,805,923,88.3,29,964
9/28/2019 13:13,datasets/dataset_cropped/09_Metas/28/13/20190928131300_00160.jpg,datasets_flow/dataset_cropped/09_Metas/28/13/20190928131300_00160.jpg,datasets_cloudmask/dataset_cropped/09_Metas/28/13/20190928131300_00160.png,804,923,88.1,28.8,964
9/28/2019 13:14,datasets/dataset_cropped/09_Metas/28/13/20190928131400_00160.jpg,datasets_flow/dataset_cropped/09_Metas/28/13/20190928131400_00160.jpg,datasets_cloudmask/dataset_cropped/09_Metas/28/13/20190928131400_00160.png,805,925,87.7,28.7,964
9/28/2019 13:15,datasets/dataset_cropped/09_Metas/28/13/20190928131500_00160.jpg,datasets_flow/dataset_cropped/09_Metas/28/13/20190928131500_00160.jpg,datasets_cloudmask/dataset_cropped/09_Metas/28/13/20190928131500_00160.png,807,928,87.2,28.8,964
9/28/2019 13:16,datasets/dataset_cropped/09_Metas/28/13/20190928131600_00160.jpg,datasets_flow/dataset_cropped/09_Metas/28/13/20190928131600_00160.jpg,datasets_cloudmask/dataset_cropped/09_Metas/28/13/20190928131600_00160.png,807,928,87.5,28.9,964
9/28/2019 13:17,datasets/dataset_cropped/09_Metas/28/13/20190928131700_00160.jpg,datasets_flow/dataset_cropped/09_Metas/28/13/20190928131700_00160.jpg,datasets_cloudmask/dataset_cropped/09_Metas/28/13/20190928131700_00160.png,805,925,88,28.9,964
9/28/2019 13:18,datasets/dataset_cropped/09_Metas/28/13/20190928131800_00160.jpg,datasets_flow/dataset_cropped/09_Metas/28/13/20190928131800_00160.jpg,datasets_cloudmask/dataset_cropped/09_Metas/28/13/20190928131800_00160.png,803,922,88.7,28.9,964
9/28/2019 13:19,datasets/dataset_cropped/09_Metas/28/13/20190928131900_00160.jpg,datasets_flow/dataset_cropped/09_Metas/28/13/20190928131900_00160.jpg,datasets_cloudmask/dataset_cropped/09_Metas/28/13/20190928131900_00160.png,801,919,89.1,29,964
9/28/2019 13:20,datasets/dataset_cropped/09_Metas/28/13/20190928132000_00160.jpg,datasets_flow/dataset_cropped/09_Metas/28/13/20190928132000_00160.jpg,datasets_cloudmask/dataset_cropped/09_Metas/28/13/20190928132000_00160.png,801,920,89.6,29.2,964
9/28/2019 13:21,datasets/dataset_cropped/09_Metas/28/13/20190928132100_00160.jpg,datasets_flow/dataset_cropped/09_Metas/28/13/20190928132100_00160.jpg,datasets_cloudmask/dataset_cropped/09_Metas/28/13/20190928132100_00160.png,802,921,89.4,29,964
9/28/2019 13:22,datasets/dataset_cropped/09_Metas/28/13/20190928132200_00160.jpg,datasets_flow/dataset_cropped/09_Metas/28/13/20190928132200_00160.jpg,datasets_cloudmask/dataset_cropped/09_Metas/28/13/20190928132200_00160.png,801,921,89.4,28.9,964
9/28/2019 13:23,datasets/dataset_cropped/09_Metas/28/13/20190928132300_00160.jpg,datasets_flow/dataset_cropped/09_Metas/28/13/20190928132300_00160.jpg,datasets_cloudmask/dataset_cropped/09_Metas/28/13/20190928132300_00160.png,801,921,89.7,29.1,964
9/28/2019 13:24,datasets/dataset_cropped/09_Metas/28/13/20190928132400_00160.jpg,datasets_flow/dataset_cropped/09_Metas/28/13/20190928132400_00160.jpg,datasets_cloudmask/dataset_cropped/09_Metas/28/13/20190928132400_00160.png,799.7,920,89.4,29,963
9/28/2019 13:25,datasets/dataset_cropped/09_Metas/28/13/20190928132500_00160.jpg,datasets_flow/dataset_cropped/09_Metas/28/13/20190928132500_00160.jpg,datasets_cloudmask/dataset_cropped/09_Metas/28/13/20190928132500_00160.png,799.5,921,88.7,28.6,964
9/28/2019 13:26,datasets/dataset_cropped/09_Metas/28/13/20190928132600_00160.jpg,datasets_flow/dataset_cropped/09_Metas/28/13/20190928132600_00160.jpg,datasets_cloudmask/dataset_cropped/09_Metas/28/13/20190928132600_00160.png,800,922,88.4,28.6,963
9/28/2019 13:27,datasets/dataset_cropped/09_Metas/28/13/20190928132700_00160.jpg,datasets_flow/dataset_cropped/09_Metas/28/13/20190928132700_00160.jpg,datasets_cloudmask/dataset_cropped/09_Metas/28/13/20190928132700_00160.png,799.5,922,88.3,28.8,964
9/28/2019 13:28,datasets/dataset_cropped/09_Metas/28/13/20190928132800_00160.jpg,datasets_flow/dataset_cropped/09_Metas/28/13/20190928132800_00160.jpg,datasets_cloudmask/dataset_cropped/09_Metas/28/13/20190928132800_00160.png,798.5,920,88.7,28.7,963
9/28/2019 13:29,datasets/dataset_cropped/09_Metas/28/13/20190928132900_00160.jpg,datasets_flow/dataset_cropped/09_Metas/28/13/20190928132900_00160.jpg,datasets_cloudmask/dataset_cropped/09_Metas/28/13/20190928132900_00160.png,797.3,918,89.2,28.6,963
9/28/2019 13:30,datasets/dataset_cropped/09_Metas/28/13/20190928133000_00160.jpg,datasets_flow/dataset_cropped/09_Metas/28/13/20190928133000_00160.jpg,datasets_cloudmask/dataset_cropped/09_Metas/28/13/20190928133000_00160.png,796.1,917,89.7,28.9,964
9/28/2019 13:31,datasets/dataset_cropped/09_Metas/28/13/20190928133100_00160.jpg,datasets_flow/dataset_cropped/09_Metas/28/13/20190928133100_00160.jpg,datasets_cloudmask/dataset_cropped/09_Metas/28/13/20190928133100_00160.png,797.4,919,90.5,29,963
9/28/2019 13:32,datasets/dataset_cropped/09_Metas/28/13/20190928133200_00160.jpg,datasets_flow/dataset_cropped/09_Metas/28/13/20190928133200_00160.jpg,datasets_cloudmask/dataset_cropped/09_Metas/28/13/20190928133200_00160.png,797.2,919,91,29.3,963
9/28/2019 13:33,datasets/dataset_cropped/09_Metas/28/13/20190928133300_00160.jpg,datasets_flow/dataset_cropped/09_Metas/28/13/20190928133300_00160.jpg,datasets_cloudmask/dataset_cropped/09_Metas/28/13/20190928133300_00160.png,796.6,918,90.8,29.2,964
9/28/2019 13:34,datasets/dataset_cropped/09_Metas/28/13/20190928133400_00160.jpg,datasets_flow/dataset_cropped/09_Metas/28/13/20190928133400_00160.jpg,datasets_cloudmask/dataset_cropped/09_Metas/28/13/20190928133400_00160.png,796.2,918,91.1,29,963
9/28/2019 13:35,datasets/dataset_cropped/09_Metas/28/13/20190928133500_00160.jpg,datasets_flow/dataset_cropped/09_Metas/28/13/20190928133500_00160.jpg,datasets_cloudmask/dataset_cropped/09_Metas/28/13/20190928133500_00160.png,793.9,916,91.3,29.2,963
9/28/2019 13:36,datasets/dataset_cropped/09_Metas/28/13/20190928133600_00160.jpg,datasets_flow/dataset_cropped/09_Metas/28/13/20190928133600_00160.jpg,datasets_cloudmask/dataset_cropped/09_Metas/28/13/20190928133600_00160.png,792.1,914,91.5,29.1,963
9/28/2019 13:37,datasets/dataset_cropped/09_Metas/28/13/20190928133700_00160.jpg,datasets_flow/dataset_cropped/09_Metas/28/13/20190928133700_00160.jpg,datasets_cloudmask/dataset_cropped/09_Metas/28/13/20190928133700_00160.png,790.3,912,91.3,28.9,963
9/28/2019 13:38,datasets/dataset_cropped/09_Metas/28/13/20190928133800_00160.jpg,datasets_flow/dataset_cropped/09_Metas/28/13/20190928133800_00160.jpg,datasets_cloudmask/dataset_cropped/09_Metas/28/13/20190928133800_00160.png,787.7,909,91.3,28.7,963
9/28/2019 13:39,datasets/dataset_cropped/09_Metas/28/13/20190928133900_00160.jpg,datasets_flow/dataset_cropped/09_Metas/28/13/20190928133900_00160.jpg,datasets_cloudmask/dataset_cropped/09_Metas/28/13/20190928133900_00160.png,786.4,908,91.1,28.7,963
9/28/2019 13:40,datasets/dataset_cropped/09_Metas/28/13/20190928134000_00160.jpg,datasets_flow/dataset_cropped/09_Metas/28/13/20190928134000_00160.jpg,datasets_cloudmask/dataset_cropped/09_Metas/28/13/20190928134000_00160.png,785.6,907,91.4,28.7,963
9/28/2019 13:41,datasets/dataset_cropped/09_Metas/28/13/20190928134100_00160.jpg,datasets_flow/dataset_cropped/09_Metas/28/13/20190928134100_00160.jpg,datasets_cloudmask/dataset_cropped/09_Metas/28/13/20190928134100_00160.png,786.3,909,91.1,28.9,963
9/28/2019 13:42,datasets/dataset_cropped/09_Metas/28/13/20190928134200_00160.jpg,datasets_flow/dataset_cropped/09_Metas/28/13/20190928134200_00160.jpg,datasets_cloudmask/dataset_cropped/09_Metas/28/13/20190928134200_00160.png,788,912,91.5,28.8,963
9/28/2019 13:43,datasets/dataset_cropped/09_Metas/28/13/20190928134300_00160.jpg,datasets_flow/dataset_cropped/09_Metas/28/13/20190928134300_00160.jpg,datasets_cloudmask/dataset_cropped/09_Metas/28/13/20190928134300_00160.png,786,910,91.4,29,963
9/28/2019 13:44,datasets/dataset_cropped/09_Metas/28/13/20190928134400_00160.jpg,datasets_flow/dataset_cropped/09_Metas/28/13/20190928134400_00160.jpg,datasets_cloudmask/dataset_cropped/09_Metas/28/13/20190928134400_00160.png,783.4,907,91.7,29.1,963
9/28/2019 13:45,datasets/dataset_cropped/09_Metas/28/13/20190928134500_00160.jpg,datasets_flow/dataset_cropped/09_Metas/28/13/20190928134500_00160.jpg,datasets_cloudmask/dataset_cropped/09_Metas/28/13/20190928134500_00160.png,782.4,906,91.9,29.2,963
9/28/2019 13:46,datasets/dataset_cropped/09_Metas/28/13/20190928134600_00160.jpg,datasets_flow/dataset_cropped/09_Metas/28/13/20190928134600_00160.jpg,datasets_cloudmask/dataset_cropped/09_Metas/28/13/20190928134600_00160.png,781.7,906,92.2,29.2,963
9/28/2019 13:47,datasets/dataset_cropped/09_Metas/28/13/20190928134700_00160.jpg,datasets_flow/dataset_cropped/09_Metas/28/13/20190928134700_00160.jpg,datasets_cloudmask/dataset_cropped/09_Metas/28/13/20190928134700_00160.png,780.3,905,92.6,29.2,963
9/28/2019 13:48,datasets/dataset_cropped/09_Metas/28/13/20190928134800_00160.jpg,datasets_flow/dataset_cropped/09_Metas/28/13/20190928134800_00160.jpg,datasets_cloudmask/dataset_cropped/09_Metas/28/13/20190928134800_00160.png,779.8,904,93.4,29,963
9/28/2019 13:49,datasets/dataset_cropped/09_Metas/28/13/20190928134900_00160.jpg,datasets_flow/dataset_cropped/09_Metas/28/13/20190928134900_00160.jpg,datasets_cloudmask/dataset_cropped/09_Metas/28/13/20190928134900_00160.png,778.9,904,93.7,29.2,963
9/28/2019 13:50,datasets/dataset_cropped/09_Metas/28/13/20190928135000_00160.jpg,datasets_flow/dataset_cropped/09_Metas/28/13/20190928135000_00160.jpg,datasets_cloudmask/dataset_cropped/09_Metas/28/13/20190928135000_00160.png,778.8,904,93.7,29.4,963
9/28/2019 13:51,datasets/dataset_cropped/09_Metas/28/13/20190928135100_00160.jpg,datasets_flow/dataset_cropped/09_Metas/28/13/20190928135100_00160.jpg,datasets_cloudmask/dataset_cropped/09_Metas/28/13/20190928135100_00160.png,779.2,905,93.6,29.3,963
9/28/2019 13:52,datasets/dataset_cropped/09_Metas/28/13/20190928135200_00160.jpg,datasets_flow/dataset_cropped/09_Metas/28/13/20190928135200_00160.jpg,datasets_cloudmask/dataset_cropped/09_Metas/28/13/20190928135200_00160.png,777.5,902,94.1,29.1,963
9/28/2019 13:53,datasets/dataset_cropped/09_Metas/28/13/20190928135300_00160.jpg,datasets_flow/dataset_cropped/09_Metas/28/13/20190928135300_00160.jpg,datasets_cloudmask/dataset_cropped/09_Metas/28/13/20190928135300_00160.png,775.7,900,94.4,28.9,963
9/28/2019 13:54,datasets/dataset_cropped/09_Metas/28/13/20190928135400_00160.jpg,datasets_flow/dataset_cropped/09_Metas/28/13/20190928135400_00160.jpg,datasets_cloudmask/dataset_cropped/09_Metas/28/13/20190928135400_00160.png,773.9,898,94.6,29,963
9/28/2019 13:55,datasets/dataset_cropped/09_Metas/28/13/20190928135500_00160.jpg,datasets_flow/dataset_cropped/09_Metas/28/13/20190928135500_00160.jpg,datasets_cloudmask/dataset_cropped/09_Metas/28/13/20190928135500_00160.png,771.2,895,94.9,28.9,963
9/28/2019 13:56,datasets/dataset_cropped/09_Metas/28/13/20190928135600_00160.jpg,datasets_flow/dataset_cropped/09_Metas/28/13/20190928135600_00160.jpg,datasets_cloudmask/dataset_cropped/09_Metas/28/13/20190928135600_00160.png,766.8,890,95.5,29,963
9/28/2019 13:57,datasets/dataset_cropped/09_Metas/28/13/20190928135700_00160.jpg,datasets_flow/dataset_cropped/09_Metas/28/13/20190928135700_00160.jpg,datasets_cloudmask/dataset_cropped/09_Metas/28/13/20190928135700_00160.png,763.5,886,96,28.9,963
9/28/2019 13:58,datasets/dataset_cropped/09_Metas/28/13/20190928135800_00160.jpg,datasets_flow/dataset_cropped/09_Metas/28/13/20190928135800_00160.jpg,datasets_cloudmask/dataset_cropped/09_Metas/28/13/20190928135800_00160.png,761.6,884,96.5,28.7,963
9/28/2019 13:59,datasets/dataset_cropped/09_Metas/28/13/20190928135900_00160.jpg,datasets_flow/dataset_cropped/09_Metas/28/13/20190928135900_00160.jpg,datasets_cloudmask/dataset_cropped/09_Metas/28/13/20190928135900_00160.png,761.5,884,96.8,28.7,963
9/28/2019 14:00,datasets/dataset_cropped/09_Metas/28/14/20190928140000_00160.jpg,datasets_flow/dataset_cropped/09_Metas/28/14/20190928140000_00160.jpg,datasets_cloudmask/dataset_cropped/09_Metas/28/14/20190928140000_00160.png,762.4,887,96.4,28.5,963
9/28/2019 14:01,datasets/dataset_cropped/09_Metas/28/14/20190928140100_00160.jpg,datasets_flow/dataset_cropped/09_Metas/28/14/20190928140100_00160.jpg,datasets_cloudmask/dataset_cropped/09_Metas/28/14/20190928140100_00160.png,762.6,889,95.9,28.6,963
9/28/2019 14:02,datasets/dataset_cropped/09_Metas/28/14/20190928140200_00160.jpg,datasets_flow/dataset_cropped/09_Metas/28/14/20190928140200_00160.jpg,datasets_cloudmask/dataset_cropped/09_Metas/28/14/20190928140200_00160.png,763.5,893,95,28.6,963
9/28/2019 14:03,datasets/dataset_cropped/09_Metas/28/14/20190928140300_00160.jpg,datasets_flow/dataset_cropped/09_Metas/28/14/20190928140300_00160.jpg,datasets_cloudmask/dataset_cropped/09_Metas/28/14/20190928140300_00160.png,764.1,895,94.5,28.9,963
9/28/2019 14:04,datasets/dataset_cropped/09_Metas/28/14/20190928140400_00160.jpg,datasets_flow/dataset_cropped/09_Metas/28/14/20190928140400_00160.jpg,datasets_cloudmask/dataset_cropped/09_Metas/28/14/20190928140400_00160.png,765.4,898,94.9,29,963
9/28/2019 14:05,datasets/dataset_cropped/09_Metas/28/14/20190928140500_00160.jpg,datasets_flow/dataset_cropped/09_Metas/28/14/20190928140500_00160.jpg,datasets_cloudmask/dataset_cropped/09_Metas/28/14/20190928140500_00160.png,763.7,896,95.2,29.1,963
9/28/2019 14:06,datasets/dataset_cropped/09_Metas/28/14/20190928140600_00160.jpg,datasets_flow/dataset_cropped/09_Metas/28/14/20190928140600_00160.jpg,datasets_cloudmask/dataset_cropped/09_Metas/28/14/20190928140600_00160.png,762.4,896,95.7,28.9,963
9/28/2019 14:07,datasets/dataset_cropped/09_Metas/28/14/20190928140700_00160.jpg,datasets_flow/dataset_cropped/09_Metas/28/14/20190928140700_00160.jpg,datasets_cloudmask/dataset_cropped/09_Metas/28/14/20190928140700_00160.png,759.7,894,95.5,28.9,963
9/28/2019 14:08,datasets/dataset_cropped/09_Metas/28/14/20190928140800_00160.jpg,datasets_flow/dataset_cropped/09_Metas/28/14/20190928140800_00160.jpg,datasets_cloudmask/dataset_cropped/09_Metas/28/14/20190928140800_00160.png,757.9,892,95.7,28.9,963
9/28/2019 14:09,datasets/dataset_cropped/09_Metas/28/14/20190928140900_00160.jpg,datasets_flow/dataset_cropped/09_Metas/28/14/20190928140900_00160.jpg,datasets_cloudmask/dataset_cropped/09_Metas/28/14/20190928140900_00160.png,756.2,891,95.7,29,963
9/28/2019 14:10,datasets/dataset_cropped/09_Metas/28/14/20190928141000_00160.jpg,datasets_flow/dataset_cropped/09_Metas/28/14/20190928141000_00160.jpg,datasets_cloudmask/dataset_cropped/09_Metas/28/14/20190928141000_00160.png,755.1,891,95.4,28.9,963
9/28/2019 14:11,datasets/dataset_cropped/09_Metas/28/14/20190928141100_00160.jpg,datasets_flow/dataset_cropped/09_Metas/28/14/20190928141100_00160.jpg,datasets_cloudmask/dataset_cropped/09_Metas/28/14/20190928141100_00160.png,754.3,891,95,28.9,963
9/28/2019 14:12,datasets/dataset_cropped/09_Metas/28/14/20190928141200_00160.jpg,datasets_flow/dataset_cropped/09_Metas/28/14/20190928141200_00160.jpg,datasets_cloudmask/dataset_cropped/09_Metas/28/14/20190928141200_00160.png,751.1,888,95,28.8,963
9/28/2019 14:13,datasets/dataset_cropped/09_Metas/28/14/20190928141300_00160.jpg,datasets_flow/dataset_cropped/09_Metas/28/14/20190928141300_00160.jpg,datasets_cloudmask/dataset_cropped/09_Metas/28/14/20190928141300_00160.png,747.7,885,94.9,28.9,963
9/28/2019 14:14,datasets/dataset_cropped/09_Metas/28/14/20190928141400_00160.jpg,datasets_flow/dataset_cropped/09_Metas/28/14/20190928141400_00160.jpg,datasets_cloudmask/dataset_cropped/09_Metas/28/14/20190928141400_00160.png,745.5,883,95.2,29,963
9/28/2019 14:15,datasets/dataset_cropped/09_Metas/28/14/20190928141500_00160.jpg,datasets_flow/dataset_cropped/09_Metas/28/14/20190928141500_00160.jpg,datasets_cloudmask/dataset_cropped/09_Metas/28/14/20190928141500_00160.png,745.6,885,95.1,29,963
9/28/2019 14:16,datasets/dataset_cropped/09_Metas/28/14/20190928141600_00160.jpg,datasets_flow/dataset_cropped/09_Metas/28/14/20190928141600_00160.jpg,datasets_cloudmask/dataset_cropped/09_Metas/28/14/20190928141600_00160.png,746.6,888,94.7,28.9,963
9/28/2019 14:17,datasets/dataset_cropped/09_Metas/28/14/20190928141700_00160.jpg,datasets_flow/dataset_cropped/09_Metas/28/14/20190928141700_00160.jpg,datasets_cloudmask/dataset_cropped/09_Metas/28/14/20190928141700_00160.png,746.4,889,94.6,28.8,963
9/28/2019 14:18,datasets/dataset_cropped/09_Metas/28/14/20190928141800_00160.jpg,datasets_flow/dataset_cropped/09_Metas/28/14/20190928141800_00160.jpg,datasets_cloudmask/dataset_cropped/09_Metas/28/14/20190928141800_00160.png,747.3,893,93.8,28.8,963
9/28/2019 14:19,datasets/dataset_cropped/09_Metas/28/14/20190928141900_00160.jpg,datasets_flow/dataset_cropped/09_Metas/28/14/20190928141900_00160.jpg,datasets_cloudmask/dataset_cropped/09_Metas/28/14/20190928141900_00160.png,746.2,894,93,28.9,963
9/28/2019 14:20,datasets/dataset_cropped/09_Metas/28/14/20190928142000_00160.jpg,datasets_flow/dataset_cropped/09_Metas/28/14/20190928142000_00160.jpg,datasets_cloudmask/dataset_cropped/09_Metas/28/14/20190928142000_00160.png,743.9,892,92.7,29,963
9/28/2019 14:21,datasets/dataset_cropped/09_Metas/28/14/20190928142100_00160.jpg,datasets_flow/dataset_cropped/09_Metas/28/14/20190928142100_00160.jpg,datasets_cloudmask/dataset_cropped/09_Metas/28/14/20190928142100_00160.png,742.3,891,92.8,29,963
9/28/2019 14:22,datasets/dataset_cropped/09_Metas/28/14/20190928142200_00160.jpg,datasets_flow/dataset_cropped/09_Metas/28/14/20190928142200_00160.jpg,datasets_cloudmask/dataset_cropped/09_Metas/28/14/20190928142200_00160.png,741.2,891,92.9,29.1,963
9/28/2019 14:23,datasets/dataset_cropped/09_Metas/28/14/20190928142300_00160.jpg,datasets_flow/dataset_cropped/09_Metas/28/14/20190928142300_00160.jpg,datasets_cloudmask/dataset_cropped/09_Metas/28/14/20190928142300_00160.png,739.6,890,93.4,29.3,963
9/28/2019 14:24,datasets/dataset_cropped/09_Metas/28/14/20190928142400_00160.jpg,datasets_flow/dataset_cropped/09_Metas/28/14/20190928142400_00160.jpg,datasets_cloudmask/dataset_cropped/09_Metas/28/14/20190928142400_00160.png,737.5,888,93.6,29.3,963
9/28/2019 14:25,datasets/dataset_cropped/09_Metas/28/14/20190928142500_00160.jpg,datasets_flow/dataset_cropped/09_Metas/28/14/20190928142500_00160.jpg,datasets_cloudmask/dataset_cropped/09_Metas/28/14/20190928142500_00160.png,736.1,888,93.5,29.3,963
9/28/2019 14:26,datasets/dataset_cropped/09_Metas/28/14/20190928142600_00160.jpg,datasets_flow/dataset_cropped/09_Metas/28/14/20190928142600_00160.jpg,datasets_cloudmask/dataset_cropped/09_Metas/28/14/20190928142600_00160.png,734.8,886,93.4,29.2,963
9/28/2019 14:27,datasets/dataset_cropped/09_Metas/28/14/20190928142700_00160.jpg,datasets_flow/dataset_cropped/09_Metas/28/14/20190928142700_00160.jpg,datasets_cloudmask/dataset_cropped/09_Metas/28/14/20190928142700_00160.png,735,887,93.6,28.9,963
9/28/2019 14:28,datasets/dataset_cropped/09_Metas/28/14/20190928142800_00160.jpg,datasets_flow/dataset_cropped/09_Metas/28/14/20190928142800_00160.jpg,datasets_cloudmask/dataset_cropped/09_Metas/28/14/20190928142800_00160.png,732.8,885,94.1,29.1,963
9/28/2019 14:29,datasets/dataset_cropped/09_Metas/28/14/20190928142900_00160.jpg,datasets_flow/dataset_cropped/09_Metas/28/14/20190928142900_00160.jpg,datasets_cloudmask/dataset_cropped/09_Metas/28/14/20190928142900_00160.png,728.6,881,94.5,29.2,963
9/28/2019 14:30,datasets/dataset_cropped/09_Metas/28/14/20190928143000_00160.jpg,datasets_flow/dataset_cropped/09_Metas/28/14/20190928143000_00160.jpg,datasets_cloudmask/dataset_cropped/09_Metas/28/14/20190928143000_00160.png,726,879,94.6,29.5,963
9/28/2019 14:31,datasets/dataset_cropped/09_Metas/28/14/20190928143100_00160.jpg,datasets_flow/dataset_cropped/09_Metas/28/14/20190928143100_00160.jpg,datasets_cloudmask/dataset_cropped/09_Metas/28/14/20190928143100_00160.png,723.6,878,94.8,29.8,963
9/28/2019 14:32,datasets/dataset_cropped/09_Metas/28/14/20190928143200_00160.jpg,datasets_flow/dataset_cropped/09_Metas/28/14/20190928143200_00160.jpg,datasets_cloudmask/dataset_cropped/09_Metas/28/14/20190928143200_00160.png,722.6,878,95,29.7,963
9/28/2019 14:33,datasets/dataset_cropped/09_Metas/28/14/20190928143300_00160.jpg,datasets_flow/dataset_cropped/09_Metas/28/14/20190928143300_00160.jpg,datasets_cloudmask/dataset_cropped/09_Metas/28/14/20190928143300_00160.png,719.6,875,95.1,29.5,963
9/28/2019 14:34,datasets/dataset_cropped/09_Metas/28/14/20190928143400_00160.jpg,datasets_flow/dataset_cropped/09_Metas/28/14/20190928143400_00160.jpg,datasets_cloudmask/dataset_cropped/09_Metas/28/14/20190928143400_00160.png,717.4,874,94.9,29.4,963
9/28/2019 14:35,datasets/dataset_cropped/09_Metas/28/14/20190928143500_00160.jpg,datasets_flow/dataset_cropped/09_Metas/28/14/20190928143500_00160.jpg,datasets_cloudmask/dataset_cropped/09_Metas/28/14/20190928143500_00160.png,717.3,876,94.8,29.2,963
9/28/2019 14:36,datasets/dataset_cropped/09_Metas/28/14/20190928143600_00160.jpg,datasets_flow/dataset_cropped/09_Metas/28/14/20190928143600_00160.jpg,datasets_cloudmask/dataset_cropped/09_Metas/28/14/20190928143600_00160.png,719.3,880,94.9,29.4,963
9/28/2019 14:37,datasets/dataset_cropped/09_Metas/28/14/20190928143700_00160.jpg,datasets_flow/dataset_cropped/09_Metas/28/14/20190928143700_00160.jpg,datasets_cloudmask/dataset_cropped/09_Metas/28/14/20190928143700_00160.png,720.7,884,95.3,29.6,963
9/28/2019 14:38,datasets/dataset_cropped/09_Metas/28/14/20190928143800_00160.jpg,datasets_flow/dataset_cropped/09_Metas/28/14/20190928143800_00160.jpg,datasets_cloudmask/dataset_cropped/09_Metas/28/14/20190928143800_00160.png,720.6,886,95.4,29.7,963
9/28/2019 14:39,datasets/dataset_cropped/09_Metas/28/14/20190928143900_00160.jpg,datasets_flow/dataset_cropped/09_Metas/28/14/20190928143900_00160.jpg,datasets_cloudmask/dataset_cropped/09_Metas/28/14/20190928143900_00160.png,719.1,886,95.1,29.6,963
9/28/2019 14:40,datasets/dataset_cropped/09_Metas/28/14/20190928144000_00160.jpg,datasets_flow/dataset_cropped/09_Metas/28/14/20190928144000_00160.jpg,datasets_cloudmask/dataset_cropped/09_Metas/28/14/20190928144000_00160.png,717.2,885,94.8,29.6,963
9/28/2019 14:41,datasets/dataset_cropped/09_Metas/28/14/20190928144100_00160.jpg,datasets_flow/dataset_cropped/09_Metas/28/14/20190928144100_00160.jpg,datasets_cloudmask/dataset_cropped/09_Metas/28/14/20190928144100_00160.png,716.1,884,95.1,29.9,963
9/28/2019 14:42,datasets/dataset_cropped/09_Metas/28/14/20190928144200_00160.jpg,datasets_flow/dataset_cropped/09_Metas/28/14/20190928144200_00160.jpg,datasets_cloudmask/dataset_cropped/09_Metas/28/14/20190928144200_00160.png,714.7,882,95.8,29.9,963
9/28/2019 14:43,datasets/dataset_cropped/09_Metas/28/14/20190928144300_00160.jpg,datasets_flow/dataset_cropped/09_Metas/28/14/20190928144300_00160.jpg,datasets_cloudmask/dataset_cropped/09_Metas/28/14/20190928144300_00160.png,714.8,883,97.3,29.5,963
9/28/2019 14:44,datasets/dataset_cropped/09_Metas/28/14/20190928144400_00160.jpg,datasets_flow/dataset_cropped/09_Metas/28/14/20190928144400_00160.jpg,datasets_cloudmask/dataset_cropped/09_Metas/28/14/20190928144400_00160.png,712.3,880,97.6,29.3,963
9/28/2019 14:45,datasets/dataset_cropped/09_Metas/28/14/20190928144500_00160.jpg,datasets_flow/dataset_cropped/09_Metas/28/14/20190928144500_00160.jpg,datasets_cloudmask/dataset_cropped/09_Metas/28/14/20190928144500_00160.png,708.5,876,97.9,29.2,963
9/28/2019 14:46,datasets/dataset_cropped/09_Metas/28/14/20190928144600_00160.jpg,datasets_flow/dataset_cropped/09_Metas/28/14/20190928144600_00160.jpg,datasets_cloudmask/dataset_cropped/09_Metas/28/14/20190928144600_00160.png,705.5,872,98.9,29.1,963
9/28/2019 14:47,datasets/dataset_cropped/09_Metas/28/14/20190928144700_00160.jpg,datasets_flow/dataset_cropped/09_Metas/28/14/20190928144700_00160.jpg,datasets_cloudmask/dataset_cropped/09_Metas/28/14/20190928144700_00160.png,701.3,867,99.5,29.3,963
9/28/2019 14:48,datasets/dataset_cropped/09_Metas/28/14/20190928144800_00160.jpg,datasets_flow/dataset_cropped/09_Metas/28/14/20190928144800_00160.jpg,datasets_cloudmask/dataset_cropped/09_Metas/28/14/20190928144800_00160.png,696.3,862,99.5,29.4,963
9/28/2019 14:49,datasets/dataset_cropped/09_Metas/28/14/20190928144900_00160.jpg,datasets_flow/dataset_cropped/09_Metas/28/14/20190928144900_00160.jpg,datasets_cloudmask/dataset_cropped/09_Metas/28/14/20190928144900_00160.png,692.3,858,99.8,29.4,963
9/28/2019 14:50,datasets/dataset_cropped/09_Metas/28/14/20190928145000_00160.jpg,datasets_flow/dataset_cropped/09_Metas/28/14/20190928145000_00160.jpg,datasets_cloudmask/dataset_cropped/09_Metas/28/14/20190928145000_00160.png,689.8,856,100.2,29.2,963
9/28/2019 14:51,datasets/dataset_cropped/09_Metas/28/14/20190928145100_00160.jpg,datasets_flow/dataset_cropped/09_Metas/28/14/20190928145100_00160.jpg,datasets_cloudmask/dataset_cropped/09_Metas/28/14/20190928145100_00160.png,685.8,851,100.3,29.1,963
9/28/2019 14:52,datasets/dataset_cropped/09_Metas/28/14/20190928145200_00160.jpg,datasets_flow/dataset_cropped/09_Metas/28/14/20190928145200_00160.jpg,datasets_cloudmask/dataset_cropped/09_Metas/28/14/20190928145200_00160.png,683.5,851,99.7,29,963
9/28/2019 14:53,datasets/dataset_cropped/09_Metas/28/14/20190928145300_00160.jpg,datasets_flow/dataset_cropped/09_Metas/28/14/20190928145300_00160.jpg,datasets_cloudmask/dataset_cropped/09_Metas/28/14/20190928145300_00160.png,681.6,849,99.9,29,963
9/28/2019 14:54,datasets/dataset_cropped/09_Metas/28/14/20190928145400_00160.jpg,datasets_flow/dataset_cropped/09_Metas/28/14/20190928145400_00160.jpg,datasets_cloudmask/dataset_cropped/09_Metas/28/14/20190928145400_00160.png,681.3,850,100.6,29.3,963
9/28/2019 14:55,datasets/dataset_cropped/09_Metas/28/14/20190928145500_00160.jpg,datasets_flow/dataset_cropped/09_Metas/28/14/20190928145500_00160.jpg,datasets_cloudmask/dataset_cropped/09_Metas/28/14/20190928145500_00160.png,678.1,848,100.5,29.2,963
9/28/2019 14:56,datasets/dataset_cropped/09_Metas/28/14/20190928145600_00160.jpg,datasets_flow/dataset_cropped/09_Metas/28/14/20190928145600_00160.jpg,datasets_cloudmask/dataset_cropped/09_Metas/28/14/20190928145600_00160.png,679.6,852,100.6,29.1,963
9/28/2019 14:57,datasets/dataset_cropped/09_Metas/28/14/20190928145700_00160.jpg,datasets_flow/dataset_cropped/09_Metas/28/14/20190928145700_00160.jpg,datasets_cloudmask/dataset_cropped/09_Metas/28/14/20190928145700_00160.png,679,853,100.6,29.3,963
9/28/2019 14:58,datasets/dataset_cropped/09_Metas/28/14/20190928145800_00160.jpg,datasets_flow/dataset_cropped/09_Metas/28/14/20190928145800_00160.jpg,datasets_cloudmask/dataset_cropped/09_Metas/28/14/20190928145800_00160.png,677.7,855,100.2,29.4,963
9/28/2019 14:59,datasets/dataset_cropped/09_Metas/28/14/20190928145900_00160.jpg,datasets_flow/dataset_cropped/09_Metas/28/14/20190928145900_00160.jpg,datasets_cloudmask/dataset_cropped/09_Metas/28/14/20190928145900_00160.png,679.6,859,100.3,29.3,963
9/28/2019 15:00,datasets/dataset_cropped/09_Metas/28/15/20190928150000_00160.jpg,datasets_flow/dataset_cropped/09_Metas/28/15/20190928150000_00160.jpg,datasets_cloudmask/dataset_cropped/09_Metas/28/15/20190928150000_00160.png,680.2,861,100.3,29.1,963
9/28/2019 15:01,datasets/dataset_cropped/09_Metas/28/15/20190928150100_00160.jpg,datasets_flow/dataset_cropped/09_Metas/28/15/20190928150100_00160.jpg,datasets_cloudmask/dataset_cropped/09_Metas/28/15/20190928150100_00160.png,679.3,862,100.5,29.2,963
9/28/2019 15:02,datasets/dataset_cropped/09_Metas/28/15/20190928150200_00160.jpg,datasets_flow/dataset_cropped/09_Metas/28/15/20190928150200_00160.jpg,datasets_cloudmask/dataset_cropped/09_Metas/28/15/20190928150200_00160.png,677.1,862,100.3,29.3,963
9/28/2019 15:03,datasets/dataset_cropped/09_Metas/28/15/20190928150300_00160.jpg,datasets_flow/dataset_cropped/09_Metas/28/15/20190928150300_00160.jpg,datasets_cloudmask/dataset_cropped/09_Metas/28/15/20190928150300_00160.png,676,863,100.5,29.1,963
9/28/2019 15:04,datasets/dataset_cropped/09_Metas/28/15/20190928150400_00160.jpg,datasets_flow/dataset_cropped/09_Metas/28/15/20190928150400_00160.jpg,datasets_cloudmask/dataset_cropped/09_Metas/28/15/20190928150400_00160.png,674.2,862,100.7,29.1,963
9/28/2019 15:05,datasets/dataset_cropped/09_Metas/28/15/20190928150500_00160.jpg,datasets_flow/dataset_cropped/09_Metas/28/15/20190928150500_00160.jpg,datasets_cloudmask/dataset_cropped/09_Metas/28/15/20190928150500_00160.png,671.8,860,101.6,29,963
9/28/2019 15:06,datasets/dataset_cropped/09_Metas/28/15/20190928150600_00160.jpg,datasets_flow/dataset_cropped/09_Metas/28/15/20190928150600_00160.jpg,datasets_cloudmask/dataset_cropped/09_Metas/28/15/20190928150600_00160.png,668.6,857,102.2,28.8,963
9/28/2019 15:07,datasets/dataset_cropped/09_Metas/28/15/20190928150700_00160.jpg,datasets_flow/dataset_cropped/09_Metas/28/15/20190928150700_00160.jpg,datasets_cloudmask/dataset_cropped/09_Metas/28/15/20190928150700_00160.png,663.3,851,101.5,29,963
9/28/2019 15:08,datasets/dataset_cropped/09_Metas/28/15/20190928150800_00160.jpg,datasets_flow/dataset_cropped/09_Metas/28/15/20190928150800_00160.jpg,datasets_cloudmask/dataset_cropped/09_Metas/28/15/20190928150800_00160.png,660.4,848,101.4,29.5,963
9/28/2019 15:09,datasets/dataset_cropped/09_Metas/28/15/20190928150900_00160.jpg,datasets_flow/dataset_cropped/09_Metas/28/15/20190928150900_00160.jpg,datasets_cloudmask/dataset_cropped/09_Metas/28/15/20190928150900_00160.png,657.4,847,100.8,29.7,963
9/28/2019 15:10,datasets/dataset_cropped/09_Metas/28/15/20190928151000_00160.jpg,datasets_flow/dataset_cropped/09_Metas/28/15/20190928151000_00160.jpg,datasets_cloudmask/dataset_cropped/09_Metas/28/15/20190928151000_00160.png,653.8,844,100.8,29.6,963
9/28/2019 15:11,datasets/dataset_cropped/09_Metas/28/15/20190928151100_00160.jpg,datasets_flow/dataset_cropped/09_Metas/28/15/20190928151100_00160.jpg,datasets_cloudmask/dataset_cropped/09_Metas/28/15/20190928151100_00160.png,653.1,845,101.1,29.3,963
9/28/2019 15:12,datasets/dataset_cropped/09_Metas/28/15/20190928151200_00160.jpg,datasets_flow/dataset_cropped/09_Metas/28/15/20190928151200_00160.jpg,datasets_cloudmask/dataset_cropped/09_Metas/28/15/20190928151200_00160.png,651.4,844,101.5,29.1,963
9/28/2019 15:13,datasets/dataset_cropped/09_Metas/28/15/20190928151300_00160.jpg,datasets_flow/dataset_cropped/09_Metas/28/15/20190928151300_00160.jpg,datasets_cloudmask/dataset_cropped/09_Metas/28/15/20190928151300_00160.png,645.8,840,100.9,28.9,963
9/28/2019 15:14,datasets/dataset_cropped/09_Metas/28/15/20190928151400_00160.jpg,datasets_flow/dataset_cropped/09_Metas/28/15/20190928151400_00160.jpg,datasets_cloudmask/dataset_cropped/09_Metas/28/15/20190928151400_00160.png,638.3,832,100.4,29.1,963
9/28/2019 15:15,datasets/dataset_cropped/09_Metas/28/15/20190928151500_00160.jpg,datasets_flow/dataset_cropped/09_Metas/28/15/20190928151500_00160.jpg,datasets_cloudmask/dataset_cropped/09_Metas/28/15/20190928151500_00160.png,636.2,831,100,29.1,963
9/28/2019 15:16,datasets/dataset_cropped/09_Metas/28/15/20190928151600_00160.jpg,datasets_flow/dataset_cropped/09_Metas/28/15/20190928151600_00160.jpg,datasets_cloudmask/dataset_cropped/09_Metas/28/15/20190928151600_00160.png,637.4,835,99.9,29,963
9/28/2019 15:17,datasets/dataset_cropped/09_Metas/28/15/20190928151700_00160.jpg,datasets_flow/dataset_cropped/09_Metas/28/15/20190928151700_00160.jpg,datasets_cloudmask/dataset_cropped/09_Metas/28/15/20190928151700_00160.png,638.7,839,100.4,29,963
9/28/2019 15:18,datasets/dataset_cropped/09_Metas/28/15/20190928151800_00160.jpg,datasets_flow/dataset_cropped/09_Metas/28/15/20190928151800_00160.jpg,datasets_cloudmask/dataset_cropped/09_Metas/28/15/20190928151800_00160.png,636.8,839,100.1,29.2,963
9/28/2019 15:19,datasets/dataset_cropped/09_Metas/28/15/20190928151900_00160.jpg,datasets_flow/dataset_cropped/09_Metas/28/15/20190928151900_00160.jpg,datasets_cloudmask/dataset_cropped/09_Metas/28/15/20190928151900_00160.png,634.3,836,101,29.1,963
9/28/2019 15:20,datasets/dataset_cropped/09_Metas/28/15/20190928152000_00160.jpg,datasets_flow/dataset_cropped/09_Metas/28/15/20190928152000_00160.jpg,datasets_cloudmask/dataset_cropped/09_Metas/28/15/20190928152000_00160.png,631.1,834,100.9,29.2,963
9/28/2019 15:21,datasets/dataset_cropped/09_Metas/28/15/20190928152100_00160.jpg,datasets_flow/dataset_cropped/09_Metas/28/15/20190928152100_00160.jpg,datasets_cloudmask/dataset_cropped/09_Metas/28/15/20190928152100_00160.png,627.3,831,100.4,29.2,963
9/28/2019 15:22,datasets/dataset_cropped/09_Metas/28/15/20190928152200_00160.jpg,datasets_flow/dataset_cropped/09_Metas/28/15/20190928152200_00160.jpg,datasets_cloudmask/dataset_cropped/09_Metas/28/15/20190928152200_00160.png,624.8,830,100,29,963
9/28/2019 15:23,datasets/dataset_cropped/09_Metas/28/15/20190928152300_00160.jpg,datasets_flow/dataset_cropped/09_Metas/28/15/20190928152300_00160.jpg,datasets_cloudmask/dataset_cropped/09_Metas/28/15/20190928152300_00160.png,621.2,830,98.9,29.1,963
9/28/2019 15:24,datasets/dataset_cropped/09_Metas/28/15/20190928152400_00160.jpg,datasets_flow/dataset_cropped/09_Metas/28/15/20190928152400_00160.jpg,datasets_cloudmask/dataset_cropped/09_Metas/28/15/20190928152400_00160.png,618.5,829,99,29.2,963
9/28/2019 15:25,datasets/dataset_cropped/09_Metas/28/15/20190928152500_00160.jpg,datasets_flow/dataset_cropped/09_Metas/28/15/20190928152500_00160.jpg,datasets_cloudmask/dataset_cropped/09_Metas/28/15/20190928152500_00160.png,616.2,828,98.8,29.1,963
9/28/2019 15:26,datasets/dataset_cropped/09_Metas/28/15/20190928152600_00160.jpg,datasets_flow/dataset_cropped/09_Metas/28/15/20190928152600_00160.jpg,datasets_cloudmask/dataset_cropped/09_Metas/28/15/20190928152600_00160.png,612.7,825,98.7,29.2,963
9/28/2019 15:27,datasets/dataset_cropped/09_Metas/28/15/20190928152700_00160.jpg,datasets_flow/dataset_cropped/09_Metas/28/15/20190928152700_00160.jpg,datasets_cloudmask/dataset_cropped/09_Metas/28/15/20190928152700_00160.png,610.1,824,98.4,29,963
9/28/2019 15:28,datasets/dataset_cropped/09_Metas/28/15/20190928152800_00160.jpg,datasets_flow/dataset_cropped/09_Metas/28/15/20190928152800_00160.jpg,datasets_cloudmask/dataset_cropped/09_Metas/28/15/20190928152800_00160.png,606.4,822,97.7,28.9,963
9/28/2019 15:29,datasets/dataset_cropped/09_Metas/28/15/20190928152900_00160.jpg,datasets_flow/dataset_cropped/09_Metas/28/15/20190928152900_00160.jpg,datasets_cloudmask/dataset_cropped/09_Metas/28/15/20190928152900_00160.png,604.1,821,97.2,28.8,963
9/28/2019 15:30,datasets/dataset_cropped/09_Metas/28/15/20190928153000_00160.jpg,datasets_flow/dataset_cropped/09_Metas/28/15/20190928153000_00160.jpg,datasets_cloudmask/dataset_cropped/09_Metas/28/15/20190928153000_00160.png,602.6,822,96.8,28.7,963
9/28/2019 15:31,datasets/dataset_cropped/09_Metas/28/15/20190928153100_00160.jpg,datasets_flow/dataset_cropped/09_Metas/28/15/20190928153100_00160.jpg,datasets_cloudmask/dataset_cropped/09_Metas/28/15/20190928153100_00160.png,601.6,823,96.9,28.7,963
9/28/2019 15:32,datasets/dataset_cropped/09_Metas/28/15/20190928153200_00160.jpg,datasets_flow/dataset_cropped/09_Metas/28/15/20190928153200_00160.jpg,datasets_cloudmask/dataset_cropped/09_Metas/28/15/20190928153200_00160.png,600.3,824,96.8,28.7,963
9/28/2019 15:33,datasets/dataset_cropped/09_Metas/28/15/20190928153300_00160.jpg,datasets_flow/dataset_cropped/09_Metas/28/15/20190928153300_00160.jpg,datasets_cloudmask/dataset_cropped/09_Metas/28/15/20190928153300_00160.png,599.3,825,96.8,28.7,963
9/28/2019 15:34,datasets/dataset_cropped/09_Metas/28/15/20190928153400_00160.jpg,datasets_flow/dataset_cropped/09_Metas/28/15/20190928153400_00160.jpg,datasets_cloudmask/dataset_cropped/09_Metas/28/15/20190928153400_00160.png,598,827,96.5,28.9,963
9/28/2019 15:35,datasets/dataset_cropped/09_Metas/28/15/20190928153500_00160.jpg,datasets_flow/dataset_cropped/09_Metas/28/15/20190928153500_00160.jpg,datasets_cloudmask/dataset_cropped/09_Metas/28/15/20190928153500_00160.png,595.7,826,96.3,29,963
9/28/2019 15:36,datasets/dataset_cropped/09_Metas/28/15/20190928153600_00160.jpg,datasets_flow/dataset_cropped/09_Metas/28/15/20190928153600_00160.jpg,datasets_cloudmask/dataset_cropped/09_Metas/28/15/20190928153600_00160.png,593.6,825,96.7,29,963
9/28/2019 15:37,datasets/dataset_cropped/09_Metas/28/15/20190928153700_00160.jpg,datasets_flow/dataset_cropped/09_Metas/28/15/20190928153700_00160.jpg,datasets_cloudmask/dataset_cropped/09_Metas/28/15/20190928153700_00160.png,589.4,822,96.3,28.9,963
9/28/2019 15:38,datasets/dataset_cropped/09_Metas/28/15/20190928153800_00160.jpg,datasets_flow/dataset_cropped/09_Metas/28/15/20190928153800_00160.jpg,datasets_cloudmask/dataset_cropped/09_Metas/28/15/20190928153800_00160.png,586.4,820,96.4,28.7,963
9/28/2019 15:39,datasets/dataset_cropped/09_Metas/28/15/20190928153900_00160.jpg,datasets_flow/dataset_cropped/09_Metas/28/15/20190928153900_00160.jpg,datasets_cloudmask/dataset_cropped/09_Metas/28/15/20190928153900_00160.png,581.7,816,95.6,28.9,963
9/28/2019 15:40,datasets/dataset_cropped/09_Metas/28/15/20190928154000_00160.jpg,datasets_flow/dataset_cropped/09_Metas/28/15/20190928154000_00160.jpg,datasets_cloudmask/dataset_cropped/09_Metas/28/15/20190928154000_00160.png,576.8,812,95.1,28.9,963
9/28/2019 15:41,datasets/dataset_cropped/09_Metas/28/15/20190928154100_00160.jpg,datasets_flow/dataset_cropped/09_Metas/28/15/20190928154100_00160.jpg,datasets_cloudmask/dataset_cropped/09_Metas/28/15/20190928154100_00160.png,574.2,810,95.3,28.9,963
9/28/2019 15:42,datasets/dataset_cropped/09_Metas/28/15/20190928154200_00160.jpg,datasets_flow/dataset_cropped/09_Metas/28/15/20190928154200_00160.jpg,datasets_cloudmask/dataset_cropped/09_Metas/28/15/20190928154200_00160.png,572.1,808,96,28.9,963
9/28/2019 15:43,datasets/dataset_cropped/09_Metas/28/15/20190928154300_00160.jpg,datasets_flow/dataset_cropped/09_Metas/28/15/20190928154300_00160.jpg,datasets_cloudmask/dataset_cropped/09_Metas/28/15/20190928154300_00160.png,568.6,805,95.7,29.1,963
9/28/2019 15:44,datasets/dataset_cropped/09_Metas/28/15/20190928154400_00160.jpg,datasets_flow/dataset_cropped/09_Metas/28/15/20190928154400_00160.jpg,datasets_cloudmask/dataset_cropped/09_Metas/28/15/20190928154400_00160.png,566.3,805,95.5,28.9,963
9/28/2019 15:45,datasets/dataset_cropped/09_Metas/28/15/20190928154500_00160.jpg,datasets_flow/dataset_cropped/09_Metas/28/15/20190928154500_00160.jpg,datasets_cloudmask/dataset_cropped/09_Metas/28/15/20190928154500_00160.png,564.2,806,94.4,29.1,963
9/28/2019 15:46,datasets/dataset_cropped/09_Metas/28/15/20190928154600_00160.jpg,datasets_flow/dataset_cropped/09_Metas/28/15/20190928154600_00160.jpg,datasets_cloudmask/dataset_cropped/09_Metas/28/15/20190928154600_00160.png,562.6,807,94.4,29.2,963
9/28/2019 15:47,datasets/dataset_cropped/09_Metas/28/15/20190928154700_00160.jpg,datasets_flow/dataset_cropped/09_Metas/28/15/20190928154700_00160.jpg,datasets_cloudmask/dataset_cropped/09_Metas/28/15/20190928154700_00160.png,560.3,807,94.2,29.2,963
9/28/2019 15:48,datasets/dataset_cropped/09_Metas/28/15/20190928154800_00160.jpg,datasets_flow/dataset_cropped/09_Metas/28/15/20190928154800_00160.jpg,datasets_cloudmask/dataset_cropped/09_Metas/28/15/20190928154800_00160.png,556.9,805,93.6,29,963
9/28/2019 15:49,datasets/dataset_cropped/09_Metas/28/15/20190928154900_00160.jpg,datasets_flow/dataset_cropped/09_Metas/28/15/20190928154900_00160.jpg,datasets_cloudmask/dataset_cropped/09_Metas/28/15/20190928154900_00160.png,553.1,804,92.7,28.8,963
9/28/2019 15:50,datasets/dataset_cropped/09_Metas/28/15/20190928155000_00160.jpg,datasets_flow/dataset_cropped/09_Metas/28/15/20190928155000_00160.jpg,datasets_cloudmask/dataset_cropped/09_Metas/28/15/20190928155000_00160.png,549.5,802,92.1,28.9,963
9/28/2019 15:51,datasets/dataset_cropped/09_Metas/28/15/20190928155100_00160.jpg,datasets_flow/dataset_cropped/09_Metas/28/15/20190928155100_00160.jpg,datasets_cloudmask/dataset_cropped/09_Metas/28/15/20190928155100_00160.png,546.2,800,91.9,28.8,963
9/28/2019 15:52,datasets/dataset_cropped/09_Metas/28/15/20190928155200_00160.jpg,datasets_flow/dataset_cropped/09_Metas/28/15/20190928155200_00160.jpg,datasets_cloudmask/dataset_cropped/09_Metas/28/15/20190928155200_00160.png,543.5,798.8,91.5,28.7,963
9/28/2019 15:53,datasets/dataset_cropped/09_Metas/28/15/20190928155300_00160.jpg,datasets_flow/dataset_cropped/09_Metas/28/15/20190928155300_00160.jpg,datasets_cloudmask/dataset_cropped/09_Metas/28/15/20190928155300_00160.png,541,797.9,91.3,28.8,963
9/28/2019 15:54,datasets/dataset_cropped/09_Metas/28/15/20190928155400_00160.jpg,datasets_flow/dataset_cropped/09_Metas/28/15/20190928155400_00160.jpg,datasets_cloudmask/dataset_cropped/09_Metas/28/15/20190928155400_00160.png,538,796.5,90.9,28.6,963
9/28/2019 15:55,datasets/dataset_cropped/09_Metas/28/15/20190928155500_00160.jpg,datasets_flow/dataset_cropped/09_Metas/28/15/20190928155500_00160.jpg,datasets_cloudmask/dataset_cropped/09_Metas/28/15/20190928155500_00160.png,536.3,797,90.8,28.6,963
9/28/2019 15:56,datasets/dataset_cropped/09_Metas/28/15/20190928155600_00160.jpg,datasets_flow/dataset_cropped/09_Metas/28/15/20190928155600_00160.jpg,datasets_cloudmask/dataset_cropped/09_Metas/28/15/20190928155600_00160.png,533.9,796.5,90.8,28.7,963
9/28/2019 15:57,datasets/dataset_cropped/09_Metas/28/15/20190928155700_00160.jpg,datasets_flow/dataset_cropped/09_Metas/28/15/20190928155700_00160.jpg,datasets_cloudmask/dataset_cropped/09_Metas/28/15/20190928155700_00160.png,532.2,797.3,90.8,28.8,963
9/28/2019 15:58,datasets/dataset_cropped/09_Metas/28/15/20190928155800_00160.jpg,datasets_flow/dataset_cropped/09_Metas/28/15/20190928155800_00160.jpg,datasets_cloudmask/dataset_cropped/09_Metas/28/15/20190928155800_00160.png,529.9,797,90.7,28.8,963
9/28/2019 15:59,datasets/dataset_cropped/09_Metas/28/15/20190928155900_00160.jpg,datasets_flow/dataset_cropped/09_Metas/28/15/20190928155900_00160.jpg,datasets_cloudmask/dataset_cropped/09_Metas/28/15/20190928155900_00160.png,526.8,795.3,90.7,28.5,963
9/28/2019 16:00,datasets/dataset_cropped/09_Metas/28/16/20190928160000_00160.jpg,datasets_flow/dataset_cropped/09_Metas/28/16/20190928160000_00160.jpg,datasets_cloudmask/dataset_cropped/09_Metas/28/16/20190928160000_00160.png,524.4,794.7,90.5,28.4,963
9/28/2019 16:01,datasets/dataset_cropped/09_Metas/28/16/20190928160100_00160.jpg,datasets_flow/dataset_cropped/09_Metas/28/16/20190928160100_00160.jpg,datasets_cloudmask/dataset_cropped/09_Metas/28/16/20190928160100_00160.png,522.2,794.3,90.2,28.6,963
9/28/2019 16:02,datasets/dataset_cropped/09_Metas/28/16/20190928160200_00160.jpg,datasets_flow/dataset_cropped/09_Metas/28/16/20190928160200_00160.jpg,datasets_cloudmask/dataset_cropped/09_Metas/28/16/20190928160200_00160.png,518.4,791.1,89.9,28.7,963
9/28/2019 16:03,datasets/dataset_cropped/09_Metas/28/16/20190928160300_00160.jpg,datasets_flow/dataset_cropped/09_Metas/28/16/20190928160300_00160.jpg,datasets_cloudmask/dataset_cropped/09_Metas/28/16/20190928160300_00160.png,515.5,789.8,89.4,28.9,963
9/28/2019 16:04,datasets/dataset_cropped/09_Metas/28/16/20190928160400_00160.jpg,datasets_flow/dataset_cropped/09_Metas/28/16/20190928160400_00160.jpg,datasets_cloudmask/dataset_cropped/09_Metas/28/16/20190928160400_00160.png,513,789.1,89.4,28.7,963
9/28/2019 16:05,datasets/dataset_cropped/09_Metas/28/16/20190928160500_00160.jpg,datasets_flow/dataset_cropped/09_Metas/28/16/20190928160500_00160.jpg,datasets_cloudmask/dataset_cropped/09_Metas/28/16/20190928160500_00160.png,510.7,789,89.4,28.6,962
9/28/2019 16:06,datasets/dataset_cropped/09_Metas/28/16/20190928160600_00160.jpg,datasets_flow/dataset_cropped/09_Metas/28/16/20190928160600_00160.jpg,datasets_cloudmask/dataset_cropped/09_Metas/28/16/20190928160600_00160.png,508.1,788.8,89.2,28.6,962
9/28/2019 16:07,datasets/dataset_cropped/09_Metas/28/16/20190928160700_00160.jpg,datasets_flow/dataset_cropped/09_Metas/28/16/20190928160700_00160.jpg,datasets_cloudmask/dataset_cropped/09_Metas/28/16/20190928160700_00160.png,505.5,788.3,89,28.5,963
9/28/2019 16:08,datasets/dataset_cropped/09_Metas/28/16/20190928160800_00160.jpg,datasets_flow/dataset_cropped/09_Metas/28/16/20190928160800_00160.jpg,datasets_cloudmask/dataset_cropped/09_Metas/28/16/20190928160800_00160.png,503.2,787.8,88.8,28.7,962
9/28/2019 16:09,datasets/dataset_cropped/09_Metas/28/16/20190928160900_00160.jpg,datasets_flow/dataset_cropped/09_Metas/28/16/20190928160900_00160.jpg,datasets_cloudmask/dataset_cropped/09_Metas/28/16/20190928160900_00160.png,499.4,785,88.6,28.8,963
9/28/2019 16:10,datasets/dataset_cropped/09_Metas/28/16/20190928161000_00160.jpg,datasets_flow/dataset_cropped/09_Metas/28/16/20190928161000_00160.jpg,datasets_cloudmask/dataset_cropped/09_Metas/28/16/20190928161000_00160.png,496.7,783.8,88.3,28.7,963
9/28/2019 16:11,datasets/dataset_cropped/09_Metas/28/16/20190928161100_00160.jpg,datasets_flow/dataset_cropped/09_Metas/28/16/20190928161100_00160.jpg,datasets_cloudmask/dataset_cropped/09_Metas/28/16/20190928161100_00160.png,494.9,784.3,88.3,28.8,963
9/28/2019 16:12,datasets/dataset_cropped/09_Metas/28/16/20190928161200_00160.jpg,datasets_flow/dataset_cropped/09_Metas/28/16/20190928161200_00160.jpg,datasets_cloudmask/dataset_cropped/09_Metas/28/16/20190928161200_00160.png,491.5,782.3,87.9,28.7,962
9/28/2019 16:13,datasets/dataset_cropped/09_Metas/28/16/20190928161300_00160.jpg,datasets_flow/dataset_cropped/09_Metas/28/16/20190928161300_00160.jpg,datasets_cloudmask/dataset_cropped/09_Metas/28/16/20190928161300_00160.png,488,779.9,87.4,28.6,962
9/28/2019 16:14,datasets/dataset_cropped/09_Metas/28/16/20190928161400_00160.jpg,datasets_flow/dataset_cropped/09_Metas/28/16/20190928161400_00160.jpg,datasets_cloudmask/dataset_cropped/09_Metas/28/16/20190928161400_00160.png,485.1,778,87.3,28.7,962
9/28/2019 16:15,datasets/dataset_cropped/09_Metas/28/16/20190928161500_00160.jpg,datasets_flow/dataset_cropped/09_Metas/28/16/20190928161500_00160.jpg,datasets_cloudmask/dataset_cropped/09_Metas/28/16/20190928161500_00160.png,481.6,775.7,87.1,28.6,962
9/28/2019 16:16,datasets/dataset_cropped/09_Metas/28/16/20190928161600_00160.jpg,datasets_flow/dataset_cropped/09_Metas/28/16/20190928161600_00160.jpg,datasets_cloudmask/dataset_cropped/09_Metas/28/16/20190928161600_00160.png,477.2,771.3,86.9,28.6,962
9/28/2019 16:17,datasets/dataset_cropped/09_Metas/28/16/20190928161700_00160.jpg,datasets_flow/dataset_cropped/09_Metas/28/16/20190928161700_00160.jpg,datasets_cloudmask/dataset_cropped/09_Metas/28/16/20190928161700_00160.png,475,771,86.7,28.6,962
9/28/2019 16:18,datasets/dataset_cropped/09_Metas/28/16/20190928161800_00160.jpg,datasets_flow/dataset_cropped/09_Metas/28/16/20190928161800_00160.jpg,datasets_cloudmask/dataset_cropped/09_Metas/28/16/20190928161800_00160.png,472.3,770.3,86.7,28.8,962
9/28/2019 16:19,datasets/dataset_cropped/09_Metas/28/16/20190928161900_00160.jpg,datasets_flow/dataset_cropped/09_Metas/28/16/20190928161900_00160.jpg,datasets_cloudmask/dataset_cropped/09_Metas/28/16/20190928161900_00160.png,469.5,769,87,28.8,962
9/28/2019 16:20,datasets/dataset_cropped/09_Metas/28/16/20190928162000_00160.jpg,datasets_flow/dataset_cropped/09_Metas/28/16/20190928162000_00160.jpg,datasets_cloudmask/dataset_cropped/09_Metas/28/16/20190928162000_00160.png,465.7,766.4,86.6,28.7,962
9/28/2019 16:21,datasets/dataset_cropped/09_Metas/28/16/20190928162100_00160.jpg,datasets_flow/dataset_cropped/09_Metas/28/16/20190928162100_00160.jpg,datasets_cloudmask/dataset_cropped/09_Metas/28/16/20190928162100_00160.png,462.4,763.7,86.5,28.6,962
9/28/2019 16:22,datasets/dataset_cropped/09_Metas/28/16/20190928162200_00160.jpg,datasets_flow/dataset_cropped/09_Metas/28/16/20190928162200_00160.jpg,datasets_cloudmask/dataset_cropped/09_Metas/28/16/20190928162200_00160.png,459.7,762.6,86.4,28.6,962
9/28/2019 16:23,datasets/dataset_cropped/09_Metas/28/16/20190928162300_00160.jpg,datasets_flow/dataset_cropped/09_Metas/28/16/20190928162300_00160.jpg,datasets_cloudmask/dataset_cropped/09_Metas/28/16/20190928162300_00160.png,458,762.7,86.5,28.7,963
9/28/2019 16:24,datasets/dataset_cropped/09_Metas/28/16/20190928162400_00160.jpg,datasets_flow/dataset_cropped/09_Metas/28/16/20190928162400_00160.jpg,datasets_cloudmask/dataset_cropped/09_Metas/28/16/20190928162400_00160.png,454.3,759.4,86.5,28.7,962
9/28/2019 16:25,datasets/dataset_cropped/09_Metas/28/16/20190928162500_00160.jpg,datasets_flow/dataset_cropped/09_Metas/28/16/20190928162500_00160.jpg,datasets_cloudmask/dataset_cropped/09_Metas/28/16/20190928162500_00160.png,450.9,756.6,86.5,28.6,962
9/28/2019 16:26,datasets/dataset_cropped/09_Metas/28/16/20190928162600_00160.jpg,datasets_flow/dataset_cropped/09_Metas/28/16/20190928162600_00160.jpg,datasets_cloudmask/dataset_cropped/09_Metas/28/16/20190928162600_00160.png,447.3,753.5,86.6,28.4,962
9/28/2019 16:27,datasets/dataset_cropped/09_Metas/28/16/20190928162700_00160.jpg,datasets_flow/dataset_cropped/09_Metas/28/16/20190928162700_00160.jpg,datasets_cloudmask/dataset_cropped/09_Metas/28/16/20190928162700_00160.png,442.8,748.4,86.8,28.2,962
9/28/2019 16:28,datasets/dataset_cropped/09_Metas/28/16/20190928162800_00160.jpg,datasets_flow/dataset_cropped/09_Metas/28/16/20190928162800_00160.jpg,datasets_cloudmask/dataset_cropped/09_Metas/28/16/20190928162800_00160.png,439,745.3,86.5,28.4,962
9/28/2019 16:29,datasets/dataset_cropped/09_Metas/28/16/20190928162900_00160.jpg,datasets_flow/dataset_cropped/09_Metas/28/16/20190928162900_00160.jpg,datasets_cloudmask/dataset_cropped/09_Metas/28/16/20190928162900_00160.png,434.9,741.1,86.3,28.5,962
9/28/2019 16:30,datasets/dataset_cropped/09_Metas/28/16/20190928163000_00160.jpg,datasets_flow/dataset_cropped/09_Metas/28/16/20190928163000_00160.jpg,datasets_cloudmask/dataset_cropped/09_Metas/28/16/20190928163000_00160.png,431.7,738.6,86.3,28.4,962
9/28/2019 16:31,datasets/dataset_cropped/09_Metas/28/16/20190928163100_00160.jpg,datasets_flow/dataset_cropped/09_Metas/28/16/20190928163100_00160.jpg,datasets_cloudmask/dataset_cropped/09_Metas/28/16/20190928163100_00160.png,427.9,735.1,86.1,28.5,962
9/28/2019 16:32,datasets/dataset_cropped/09_Metas/28/16/20190928163200_00160.jpg,datasets_flow/dataset_cropped/09_Metas/28/16/20190928163200_00160.jpg,datasets_cloudmask/dataset_cropped/09_Metas/28/16/20190928163200_00160.png,424.5,732.6,85.9,28.5,962
9/28/2019 16:33,datasets/dataset_cropped/09_Metas/28/16/20190928163300_00160.jpg,datasets_flow/dataset_cropped/09_Metas/28/16/20190928163300_00160.jpg,datasets_cloudmask/dataset_cropped/09_Metas/28/16/20190928163300_00160.png,422.1,731.5,86,28.4,962
9/28/2019 16:34,datasets/dataset_cropped/09_Metas/28/16/20190928163400_00160.jpg,datasets_flow/dataset_cropped/09_Metas/28/16/20190928163400_00160.jpg,datasets_cloudmask/dataset_cropped/09_Metas/28/16/20190928163400_00160.png,419,729.7,86,28.5,962
9/28/2019 16:35,datasets/dataset_cropped/09_Metas/28/16/20190928163500_00160.jpg,datasets_flow/dataset_cropped/09_Metas/28/16/20190928163500_00160.jpg,datasets_cloudmask/dataset_cropped/09_Metas/28/16/20190928163500_00160.png,418.1,732.6,85.7,28.4,962
9/28/2019 16:36,datasets/dataset_cropped/09_Metas/28/16/20190928163600_00160.jpg,datasets_flow/dataset_cropped/09_Metas/28/16/20190928163600_00160.jpg,datasets_cloudmask/dataset_cropped/09_Metas/28/16/20190928163600_00160.png,415.1,730.8,85.6,28.4,962
9/28/2019 16:37,datasets/dataset_cropped/09_Metas/28/16/20190928163700_00160.jpg,datasets_flow/dataset_cropped/09_Metas/28/16/20190928163700_00160.jpg,datasets_cloudmask/dataset_cropped/09_Metas/28/16/20190928163700_00160.png,411.4,727.5,85.3,28.2,962
9/28/2019 16:38,datasets/dataset_cropped/09_Metas/28/16/20190928163800_00160.jpg,datasets_flow/dataset_cropped/09_Metas/28/16/20190928163800_00160.jpg,datasets_cloudmask/dataset_cropped/09_Metas/28/16/20190928163800_00160.png,407.4,724.1,85.2,28.2,962
9/28/2019 16:39,datasets/dataset_cropped/09_Metas/28/16/20190928163900_00160.jpg,datasets_flow/dataset_cropped/09_Metas/28/16/20190928163900_00160.jpg,datasets_cloudmask/dataset_cropped/09_Metas/28/16/20190928163900_00160.png,403.3,719.9,84.8,28.1,962
9/28/2019 16:40,datasets/dataset_cropped/09_Metas/28/16/20190928164000_00160.jpg,datasets_flow/dataset_cropped/09_Metas/28/16/20190928164000_00160.jpg,datasets_cloudmask/dataset_cropped/09_Metas/28/16/20190928164000_00160.png,401,720.1,84.5,28.3,962
9/28/2019 16:41,datasets/dataset_cropped/09_Metas/28/16/20190928164100_00160.jpg,datasets_flow/dataset_cropped/09_Metas/28/16/20190928164100_00160.jpg,datasets_cloudmask/dataset_cropped/09_Metas/28/16/20190928164100_00160.png,398.2,719.3,84.2,28.4,962
9/28/2019 16:42,datasets/dataset_cropped/09_Metas/28/16/20190928164200_00160.jpg,datasets_flow/dataset_cropped/09_Metas/28/16/20190928164200_00160.jpg,datasets_cloudmask/dataset_cropped/09_Metas/28/16/20190928164200_00160.png,394.8,717.4,83.6,28.5,962
9/28/2019 16:43,datasets/dataset_cropped/09_Metas/28/16/20190928164300_00160.jpg,datasets_flow/dataset_cropped/09_Metas/28/16/20190928164300_00160.jpg,datasets_cloudmask/dataset_cropped/09_Metas/28/16/20190928164300_00160.png,391.7,715.9,83.3,28.3,962
9/28/2019 16:44,datasets/dataset_cropped/09_Metas/28/16/20190928164400_00160.jpg,datasets_flow/dataset_cropped/09_Metas/28/16/20190928164400_00160.jpg,datasets_cloudmask/dataset_cropped/09_Metas/28/16/20190928164400_00160.png,388.2,713.4,82.6,28.2,962
9/28/2019 16:45,datasets/dataset_cropped/09_Metas/28/16/20190928164500_00160.jpg,datasets_flow/dataset_cropped/09_Metas/28/16/20190928164500_00160.jpg,datasets_cloudmask/dataset_cropped/09_Metas/28/16/20190928164500_00160.png,384,708.9,82.1,28.2,962
9/28/2019 16:46,datasets/dataset_cropped/09_Metas/28/16/20190928164600_00160.jpg,datasets_flow/dataset_cropped/09_Metas/28/16/20190928164600_00160.jpg,datasets_cloudmask/dataset_cropped/09_Metas/28/16/20190928164600_00160.png,380.6,707.2,81.7,28.1,962
9/28/2019 16:47,datasets/dataset_cropped/09_Metas/28/16/20190928164700_00160.jpg,datasets_flow/dataset_cropped/09_Metas/28/16/20190928164700_00160.jpg,datasets_cloudmask/dataset_cropped/09_Metas/28/16/20190928164700_00160.png,377.4,704.9,81.5,28.1,962
9/28/2019 16:48,datasets/dataset_cropped/09_Metas/28/16/20190928164800_00160.jpg,datasets_flow/dataset_cropped/09_Metas/28/16/20190928164800_00160.jpg,datasets_cloudmask/dataset_cropped/09_Metas/28/16/20190928164800_00160.png,373.2,700.9,81,28.3,962
9/28/2019 16:49,datasets/dataset_cropped/09_Metas/28/16/20190928164900_00160.jpg,datasets_flow/dataset_cropped/09_Metas/28/16/20190928164900_00160.jpg,datasets_cloudmask/dataset_cropped/09_Metas/28/16/20190928164900_00160.png,369.4,697.2,80.7,28.4,963
9/28/2019 16:50,datasets/dataset_cropped/09_Metas/28/16/20190928165000_00160.jpg,datasets_flow/dataset_cropped/09_Metas/28/16/20190928165000_00160.jpg,datasets_cloudmask/dataset_cropped/09_Metas/28/16/20190928165000_00160.png,364.7,691.6,80.6,28.4,962
9/28/2019 16:51,datasets/dataset_cropped/09_Metas/28/16/20190928165100_00160.jpg,datasets_flow/dataset_cropped/09_Metas/28/16/20190928165100_00160.jpg,datasets_cloudmask/dataset_cropped/09_Metas/28/16/20190928165100_00160.png,361.2,688.8,80.3,28.3,962
9/28/2019 16:52,datasets/dataset_cropped/09_Metas/28/16/20190928165200_00160.jpg,datasets_flow/dataset_cropped/09_Metas/28/16/20190928165200_00160.jpg,datasets_cloudmask/dataset_cropped/09_Metas/28/16/20190928165200_00160.png,357.9,686.8,79.9,28.2,962
9/28/2019 16:53,datasets/dataset_cropped/09_Metas/28/16/20190928165300_00160.jpg,datasets_flow/dataset_cropped/09_Metas/28/16/20190928165300_00160.jpg,datasets_cloudmask/dataset_cropped/09_Metas/28/16/20190928165300_00160.png,355.3,686.2,79.5,28.3,962
9/28/2019 16:54,datasets/dataset_cropped/09_Metas/28/16/20190928165400_00160.jpg,datasets_flow/dataset_cropped/09_Metas/28/16/20190928165400_00160.jpg,datasets_cloudmask/dataset_cropped/09_Metas/28/16/20190928165400_00160.png,353.6,687.4,79.4,28.2,962
9/28/2019 16:55,datasets/dataset_cropped/09_Metas/28/16/20190928165500_00160.jpg,datasets_flow/dataset_cropped/09_Metas/28/16/20190928165500_00160.jpg,datasets_cloudmask/dataset_cropped/09_Metas/28/16/20190928165500_00160.png,352.5,690.4,79.3,28.1,962
9/28/2019 16:56,datasets/dataset_cropped/09_Metas/28/16/20190928165600_00160.jpg,datasets_flow/dataset_cropped/09_Metas/28/16/20190928165600_00160.jpg,datasets_cloudmask/dataset_cropped/09_Metas/28/16/20190928165600_00160.png,349.5,689.4,79,28.1,962
9/28/2019 16:57,datasets/dataset_cropped/09_Metas/28/16/20190928165700_00160.jpg,datasets_flow/dataset_cropped/09_Metas/28/16/20190928165700_00160.jpg,datasets_cloudmask/dataset_cropped/09_Metas/28/16/20190928165700_00160.png,345.3,685.1,78.3,28.1,962
9/28/2019 16:58,datasets/dataset_cropped/09_Metas/28/16/20190928165800_00160.jpg,datasets_flow/dataset_cropped/09_Metas/28/16/20190928165800_00160.jpg,datasets_cloudmask/dataset_cropped/09_Metas/28/16/20190928165800_00160.png,341.4,680.8,77.9,28,962
9/28/2019 16:59,datasets/dataset_cropped/09_Metas/28/16/20190928165900_00160.jpg,datasets_flow/dataset_cropped/09_Metas/28/16/20190928165900_00160.jpg,datasets_cloudmask/dataset_cropped/09_Metas/28/16/20190928165900_00160.png,336.9,675.2,77.5,27.9,962
9/28/2019 17:00,datasets/dataset_cropped/09_Metas/28/17/20190928170000_00160.jpg,datasets_flow/dataset_cropped/09_Metas/28/17/20190928170000_00160.jpg,datasets_cloudmask/dataset_cropped/09_Metas/28/17/20190928170000_00160.png,333.2,671.9,77.2,27.9,962
9/28/2019 17:01,datasets/dataset_cropped/09_Metas/28/17/20190928170100_00160.jpg,datasets_flow/dataset_cropped/09_Metas/28/17/20190928170100_00160.jpg,datasets_cloudmask/dataset_cropped/09_Metas/28/17/20190928170100_00160.png,330.2,670.2,76.8,27.9,962
9/28/2019 17:02,datasets/dataset_cropped/09_Metas/28/17/20190928170200_00160.jpg,datasets_flow/dataset_cropped/09_Metas/28/17/20190928170200_00160.jpg,datasets_cloudmask/dataset_cropped/09_Metas/28/17/20190928170200_00160.png,327.6,669.8,76.6,27.9,962
9/28/2019 17:03,datasets/dataset_cropped/09_Metas/28/17/20190928170300_00160.jpg,datasets_flow/dataset_cropped/09_Metas/28/17/20190928170300_00160.jpg,datasets_cloudmask/dataset_cropped/09_Metas/28/17/20190928170300_00160.png,325.2,670,75.9,27.9,962
9/28/2019 17:04,datasets/dataset_cropped/09_Metas/28/17/20190928170400_00160.jpg,datasets_flow/dataset_cropped/09_Metas/28/17/20190928170400_00160.jpg,datasets_cloudmask/dataset_cropped/09_Metas/28/17/20190928170400_00160.png,322,668.1,75.5,28,962
9/28/2019 17:05,datasets/dataset_cropped/09_Metas/28/17/20190928170500_00160.jpg,datasets_flow/dataset_cropped/09_Metas/28/17/20190928170500_00160.jpg,datasets_cloudmask/dataset_cropped/09_Metas/28/17/20190928170500_00160.png,318.5,664.8,75.1,28,962
9/28/2019 17:06,datasets/dataset_cropped/09_Metas/28/17/20190928170600_00160.jpg,datasets_flow/dataset_cropped/09_Metas/28/17/20190928170600_00160.jpg,datasets_cloudmask/dataset_cropped/09_Metas/28/17/20190928170600_00160.png,314.9,661.7,74.5,28,962
9/28/2019 17:07,datasets/dataset_cropped/09_Metas/28/17/20190928170700_00160.jpg,datasets_flow/dataset_cropped/09_Metas/28/17/20190928170700_00160.jpg,datasets_cloudmask/dataset_cropped/09_Metas/28/17/20190928170700_00160.png,311,657.3,74,28,962
9/28/2019 17:08,datasets/dataset_cropped/09_Metas/28/17/20190928170800_00160.jpg,datasets_flow/dataset_cropped/09_Metas/28/17/20190928170800_00160.jpg,datasets_cloudmask/dataset_cropped/09_Metas/28/17/20190928170800_00160.png,307.2,653.3,73.5,28,962
9/28/2019 17:09,datasets/dataset_cropped/09_Metas/28/17/20190928170900_00160.jpg,datasets_flow/dataset_cropped/09_Metas/28/17/20190928170900_00160.jpg,datasets_cloudmask/dataset_cropped/09_Metas/28/17/20190928170900_00160.png,303.7,650,73.3,27.9,962
9/28/2019 17:10,datasets/dataset_cropped/09_Metas/28/17/20190928171000_00160.jpg,datasets_flow/dataset_cropped/09_Metas/28/17/20190928171000_00160.jpg,datasets_cloudmask/dataset_cropped/09_Metas/28/17/20190928171000_00160.png,300.6,647.9,73.1,28.1,962
9/28/2019 17:11,datasets/dataset_cropped/09_Metas/28/17/20190928171100_00160.jpg,datasets_flow/dataset_cropped/09_Metas/28/17/20190928171100_00160.jpg,datasets_cloudmask/dataset_cropped/09_Metas/28/17/20190928171100_00160.png,296.9,644.6,72.7,28,962
9/28/2019 17:12,datasets/dataset_cropped/09_Metas/28/17/20190928171200_00160.jpg,datasets_flow/dataset_cropped/09_Metas/28/17/20190928171200_00160.jpg,datasets_cloudmask/dataset_cropped/09_Metas/28/17/20190928171200_00160.png,294.4,643.4,72.7,27.8,962
9/28/2019 17:13,datasets/dataset_cropped/09_Metas/28/17/20190928171300_00160.jpg,datasets_flow/dataset_cropped/09_Metas/28/17/20190928171300_00160.jpg,datasets_cloudmask/dataset_cropped/09_Metas/28/17/20190928171300_00160.png,291.8,642.8,72.3,27.7,963
9/28/2019 17:14,datasets/dataset_cropped/09_Metas/28/17/20190928171400_00160.jpg,datasets_flow/dataset_cropped/09_Metas/28/17/20190928171400_00160.jpg,datasets_cloudmask/dataset_cropped/09_Metas/28/17/20190928171400_00160.png,287.9,639,71.9,27.7,962
9/28/2019 17:15,datasets/dataset_cropped/09_Metas/28/17/20190928171500_00160.jpg,datasets_flow/dataset_cropped/09_Metas/28/17/20190928171500_00160.jpg,datasets_cloudmask/dataset_cropped/09_Metas/28/17/20190928171500_00160.png,283.7,633.8,71.4,27.5,962
9/28/2019 17:16,datasets/dataset_cropped/09_Metas/28/17/20190928171600_00160.jpg,datasets_flow/dataset_cropped/09_Metas/28/17/20190928171600_00160.jpg,datasets_cloudmask/dataset_cropped/09_Metas/28/17/20190928171600_00160.png,279.8,628.9,70.9,27.5,962
9/28/2019 17:17,datasets/dataset_cropped/09_Metas/28/17/20190928171700_00160.jpg,datasets_flow/dataset_cropped/09_Metas/28/17/20190928171700_00160.jpg,datasets_cloudmask/dataset_cropped/09_Metas/28/17/20190928171700_00160.png,275.2,622,70.4,27.5,962
9/28/2019 17:18,datasets/dataset_cropped/09_Metas/28/17/20190928171800_00160.jpg,datasets_flow/dataset_cropped/09_Metas/28/17/20190928171800_00160.jpg,datasets_cloudmask/dataset_cropped/09_Metas/28/17/20190928171800_00160.png,271.6,618.2,70.1,27.6,962
9/28/2019 17:19,datasets/dataset_cropped/09_Metas/28/17/20190928171900_00160.jpg,datasets_flow/dataset_cropped/09_Metas/28/17/20190928171900_00160.jpg,datasets_cloudmask/dataset_cropped/09_Metas/28/17/20190928171900_00160.png,268.5,615.8,69.8,27.6,962
9/28/2019 17:20,datasets/dataset_cropped/09_Metas/28/17/20190928172000_00160.jpg,datasets_flow/dataset_cropped/09_Metas/28/17/20190928172000_00160.jpg,datasets_cloudmask/dataset_cropped/09_Metas/28/17/20190928172000_00160.png,265.1,612.1,69.3,27.6,962
9/28/2019 17:21,datasets/dataset_cropped/09_Metas/28/17/20190928172100_00160.jpg,datasets_flow/dataset_cropped/09_Metas/28/17/20190928172100_00160.jpg,datasets_cloudmask/dataset_cropped/09_Metas/28/17/20190928172100_00160.png,261.1,606.9,69,27.6,962
9/28/2019 17:22,datasets/dataset_cropped/09_Metas/28/17/20190928172200_00160.jpg,datasets_flow/dataset_cropped/09_Metas/28/17/20190928172200_00160.jpg,datasets_cloudmask/dataset_cropped/09_Metas/28/17/20190928172200_00160.png,256.6,600.4,68.5,27.5,962
9/28/2019 17:23,datasets/dataset_cropped/09_Metas/28/17/20190928172300_00160.jpg,datasets_flow/dataset_cropped/09_Metas/28/17/20190928172300_00160.jpg,datasets_cloudmask/dataset_cropped/09_Metas/28/17/20190928172300_00160.png,253.6,598,68,27.4,962
9/28/2019 17:24,datasets/dataset_cropped/09_Metas/28/17/20190928172400_00160.jpg,datasets_flow/dataset_cropped/09_Metas/28/17/20190928172400_00160.jpg,datasets_cloudmask/dataset_cropped/09_Metas/28/17/20190928172400_00160.png,251.7,599,67.6,27.4,962
9/28/2019 17:25,datasets/dataset_cropped/09_Metas/28/17/20190928172500_00160.jpg,datasets_flow/dataset_cropped/09_Metas/28/17/20190928172500_00160.jpg,datasets_cloudmask/dataset_cropped/09_Metas/28/17/20190928172500_00160.png,248,594,67.2,27.5,962
9/28/2019 17:26,datasets/dataset_cropped/09_Metas/28/17/20190928172600_00160.jpg,datasets_flow/dataset_cropped/09_Metas/28/17/20190928172600_00160.jpg,datasets_cloudmask/dataset_cropped/09_Metas/28/17/20190928172600_00160.png,244.6,590.1,67.1,27.6,962
9/28/2019 17:27,datasets/dataset_cropped/09_Metas/28/17/20190928172700_00160.jpg,datasets_flow/dataset_cropped/09_Metas/28/17/20190928172700_00160.jpg,datasets_cloudmask/dataset_cropped/09_Metas/28/17/20190928172700_00160.png,241.3,587.5,66.6,27.6,962
9/28/2019 17:28,datasets/dataset_cropped/09_Metas/28/17/20190928172800_00160.jpg,datasets_flow/dataset_cropped/09_Metas/28/17/20190928172800_00160.jpg,datasets_cloudmask/dataset_cropped/09_Metas/28/17/20190928172800_00160.png,238.4,584.9,66.3,27.4,962
9/28/2019 17:29,datasets/dataset_cropped/09_Metas/28/17/20190928172900_00160.jpg,datasets_flow/dataset_cropped/09_Metas/28/17/20190928172900_00160.jpg,datasets_cloudmask/dataset_cropped/09_Metas/28/17/20190928172900_00160.png,234.1,578,65.9,27.4,962
9/28/2019 17:30,datasets/dataset_cropped/09_Metas/28/17/20190928173000_00160.jpg,datasets_flow/dataset_cropped/09_Metas/28/17/20190928173000_00160.jpg,datasets_cloudmask/dataset_cropped/09_Metas/28/17/20190928173000_00160.png,230.3,572.5,65.4,27.2,962
9/28/2019 17:31,datasets/dataset_cropped/09_Metas/28/17/20190928173100_00160.jpg,datasets_flow/dataset_cropped/09_Metas/28/17/20190928173100_00160.jpg,datasets_cloudmask/dataset_cropped/09_Metas/28/17/20190928173100_00160.png,227.7,570.6,65.3,27.1,962
9/28/2019 17:32,datasets/dataset_cropped/09_Metas/28/17/20190928173200_00160.jpg,datasets_flow/dataset_cropped/09_Metas/28/17/20190928173200_00160.jpg,datasets_cloudmask/dataset_cropped/09_Metas/28/17/20190928173200_00160.png,224.4,566.9,64.8,27.1,962
9/28/2019 17:33,datasets/dataset_cropped/09_Metas/28/17/20190928173300_00160.jpg,datasets_flow/dataset_cropped/09_Metas/28/17/20190928173300_00160.jpg,datasets_cloudmask/dataset_cropped/09_Metas/28/17/20190928173300_00160.png,220.6,561.4,64.4,27.1,962
9/28/2019 17:34,datasets/dataset_cropped/09_Metas/28/17/20190928173400_00160.jpg,datasets_flow/dataset_cropped/09_Metas/28/17/20190928173400_00160.jpg,datasets_cloudmask/dataset_cropped/09_Metas/28/17/20190928173400_00160.png,216.9,555.8,63.9,27,963
9/28/2019 17:35,datasets/dataset_cropped/09_Metas/28/17/20190928173500_00160.jpg,datasets_flow/dataset_cropped/09_Metas/28/17/20190928173500_00160.jpg,datasets_cloudmask/dataset_cropped/09_Metas/28/17/20190928173500_00160.png,214.1,553.3,63.6,27,962
9/28/2019 17:36,datasets/dataset_cropped/09_Metas/28/17/20190928173600_00160.jpg,datasets_flow/dataset_cropped/09_Metas/28/17/20190928173600_00160.jpg,datasets_cloudmask/dataset_cropped/09_Metas/28/17/20190928173600_00160.png,211.4,551.5,63.2,27,962
9/28/2019 17:37,datasets/dataset_cropped/09_Metas/28/17/20190928173700_00160.jpg,datasets_flow/dataset_cropped/09_Metas/28/17/20190928173700_00160.jpg,datasets_cloudmask/dataset_cropped/09_Metas/28/17/20190928173700_00160.png,207.9,546.7,62.8,27,962
9/28/2019 17:38,datasets/dataset_cropped/09_Metas/28/17/20190928173800_00160.jpg,datasets_flow/dataset_cropped/09_Metas/28/17/20190928173800_00160.jpg,datasets_cloudmask/dataset_cropped/09_Metas/28/17/20190928173800_00160.png,203.8,539.8,62.2,27.1,962
9/28/2019 17:39,datasets/dataset_cropped/09_Metas/28/17/20190928173900_00160.jpg,datasets_flow/dataset_cropped/09_Metas/28/17/20190928173900_00160.jpg,datasets_cloudmask/dataset_cropped/09_Metas/28/17/20190928173900_00160.png,200.3,534.8,61.9,27.1,962
9/28/2019 17:40,datasets/dataset_cropped/09_Metas/28/17/20190928174000_00160.jpg,datasets_flow/dataset_cropped/09_Metas/28/17/20190928174000_00160.jpg,datasets_cloudmask/dataset_cropped/09_Metas/28/17/20190928174000_00160.png,195.4,524,61.4,27,963
9/28/2019 17:41,datasets/dataset_cropped/09_Metas/28/17/20190928174100_00160.jpg,datasets_flow/dataset_cropped/09_Metas/28/17/20190928174100_00160.jpg,datasets_cloudmask/dataset_cropped/09_Metas/28/17/20190928174100_00160.png,191.5,518,60.7,26.9,962
9/28/2019 17:42,datasets/dataset_cropped/09_Metas/28/17/20190928174200_00160.jpg,datasets_flow/dataset_cropped/09_Metas/28/17/20190928174200_00160.jpg,datasets_cloudmask/dataset_cropped/09_Metas/28/17/20190928174200_00160.png,187.9,512.2,60.1,26.7,962
9/28/2019 17:43,datasets/dataset_cropped/09_Metas/28/17/20190928174300_00160.jpg,datasets_flow/dataset_cropped/09_Metas/28/17/20190928174300_00160.jpg,datasets_cloudmask/dataset_cropped/09_Metas/28/17/20190928174300_00160.png,184.6,507.5,59.5,26.7,962
9/28/2019 17:44,datasets/dataset_cropped/09_Metas/28/17/20190928174400_00160.jpg,datasets_flow/dataset_cropped/09_Metas/28/17/20190928174400_00160.jpg,datasets_cloudmask/dataset_cropped/09_Metas/28/17/20190928174400_00160.png,180.9,501.1,59,26.6,962
9/28/2019 17:45,datasets/dataset_cropped/09_Metas/28/17/20190928174500_00160.jpg,datasets_flow/dataset_cropped/09_Metas/28/17/20190928174500_00160.jpg,datasets_cloudmask/dataset_cropped/09_Metas/28/17/20190928174500_00160.png,177.5,495.6,58.5,26.6,962
9/28/2019 17:46,datasets/dataset_cropped/09_Metas/28/17/20190928174600_00160.jpg,datasets_flow/dataset_cropped/09_Metas/28/17/20190928174600_00160.jpg,datasets_cloudmask/dataset_cropped/09_Metas/28/17/20190928174600_00160.png,174.8,492.9,58,26.6,962
9/28/2019 17:47,datasets/dataset_cropped/09_Metas/28/17/20190928174700_00160.jpg,datasets_flow/dataset_cropped/09_Metas/28/17/20190928174700_00160.jpg,datasets_cloudmask/dataset_cropped/09_Metas/28/17/20190928174700_00160.png,170.9,485,57.6,26.5,962
9/28/2019 17:48,datasets/dataset_cropped/09_Metas/28/17/20190928174800_00160.jpg,datasets_flow/dataset_cropped/09_Metas/28/17/20190928174800_00160.jpg,datasets_cloudmask/dataset_cropped/09_Metas/28/17/20190928174800_00160.png,167.1,477.8,57.1,26.5,962
9/28/2019 17:49,datasets/dataset_cropped/09_Metas/28/17/20190928174900_00160.jpg,datasets_flow/dataset_cropped/09_Metas/28/17/20190928174900_00160.jpg,datasets_cloudmask/dataset_cropped/09_Metas/28/17/20190928174900_00160.png,164.1,473.1,56.8,26.6,963
9/28/2019 17:50,datasets/dataset_cropped/09_Metas/28/17/20190928175000_00160.jpg,datasets_flow/dataset_cropped/09_Metas/28/17/20190928175000_00160.jpg,datasets_cloudmask/dataset_cropped/09_Metas/28/17/20190928175000_00160.png,160.5,466.1,56.5,26.6,962
9/28/2019 17:51,datasets/dataset_cropped/09_Metas/28/17/20190928175100_00160.jpg,datasets_flow/dataset_cropped/09_Metas/28/17/20190928175100_00160.jpg,datasets_cloudmask/dataset_cropped/09_Metas/28/17/20190928175100_00160.png,156.6,457.5,56,26.6,963
9/28/2019 17:52,datasets/dataset_cropped/09_Metas/28/17/20190928175200_00160.jpg,datasets_flow/dataset_cropped/09_Metas/28/17/20190928175200_00160.jpg,datasets_cloudmask/dataset_cropped/09_Metas/28/17/20190928175200_00160.png,154,455.3,55.4,26.7,962
9/28/2019 17:53,datasets/dataset_cropped/09_Metas/28/17/20190928175300_00160.jpg,datasets_flow/dataset_cropped/09_Metas/28/17/20190928175300_00160.jpg,datasets_cloudmask/dataset_cropped/09_Metas/28/17/20190928175300_00160.png,151,450.6,54.8,26.6,963
9/28/2019 17:54,datasets/dataset_cropped/09_Metas/28/17/20190928175400_00160.jpg,datasets_flow/dataset_cropped/09_Metas/28/17/20190928175400_00160.jpg,datasets_cloudmask/dataset_cropped/09_Metas/28/17/20190928175400_00160.png,148,446.4,54.3,26.6,963
9/28/2019 17:55,datasets/dataset_cropped/09_Metas/28/17/20190928175500_00160.jpg,datasets_flow/dataset_cropped/09_Metas/28/17/20190928175500_00160.jpg,datasets_cloudmask/dataset_cropped/09_Metas/28/17/20190928175500_00160.png,145.3,442.8,53.9,26.5,963
9/28/2019 17:56,datasets/dataset_cropped/09_Metas/28/17/20190928175600_00160.jpg,datasets_flow/dataset_cropped/09_Metas/28/17/20190928175600_00160.jpg,datasets_cloudmask/dataset_cropped/09_Metas/28/17/20190928175600_00160.png,142.1,436.7,53.4,26.4,963
9/28/2019 17:57,datasets/dataset_cropped/09_Metas/28/17/20190928175700_00160.jpg,datasets_flow/dataset_cropped/09_Metas/28/17/20190928175700_00160.jpg,datasets_cloudmask/dataset_cropped/09_Metas/28/17/20190928175700_00160.png,138.4,429,52.6,26.4,963
9/28/2019 17:58,datasets/dataset_cropped/09_Metas/28/17/20190928175800_00160.jpg,datasets_flow/dataset_cropped/09_Metas/28/17/20190928175800_00160.jpg,datasets_cloudmask/dataset_cropped/09_Metas/28/17/20190928175800_00160.png,135,422.2,52,26.4,963
9/28/2019 17:59,datasets/dataset_cropped/09_Metas/28/17/20190928175900_00160.jpg,datasets_flow/dataset_cropped/09_Metas/28/17/20190928175900_00160.jpg,datasets_cloudmask/dataset_cropped/09_Metas/28/17/20190928175900_00160.png,131.9,416.9,51.2,26.3,963
9/28/2019 18:00,datasets/dataset_cropped/09_Metas/28/18/20190928180000_00160.jpg,datasets_flow/dataset_cropped/09_Metas/28/18/20190928180000_00160.jpg,datasets_cloudmask/dataset_cropped/09_Metas/28/18/20190928180000_00160.png,128.3,408.1,50.6,26.3,963
9/28/2019 18:01,datasets/dataset_cropped/09_Metas/28/18/20190928180100_00160.jpg,datasets_flow/dataset_cropped/09_Metas/28/18/20190928180100_00160.jpg,datasets_cloudmask/dataset_cropped/09_Metas/28/18/20190928180100_00160.png,124.7,399.6,50,26.2,963
9/28/2019 18:02,datasets/dataset_cropped/09_Metas/28/18/20190928180200_00160.jpg,datasets_flow/dataset_cropped/09_Metas/28/18/20190928180200_00160.jpg,datasets_cloudmask/dataset_cropped/09_Metas/28/18/20190928180200_00160.png,121.8,394.7,49.3,26.2,963
9/28/2019 18:03,datasets/dataset_cropped/09_Metas/28/18/20190928180300_00160.jpg,datasets_flow/dataset_cropped/09_Metas/28/18/20190928180300_00160.jpg,datasets_cloudmask/dataset_cropped/09_Metas/28/18/20190928180300_00160.png,119.1,391.1,48.5,26.1,963
9/28/2019 18:04,datasets/dataset_cropped/09_Metas/28/18/20190928180400_00160.jpg,datasets_flow/dataset_cropped/09_Metas/28/18/20190928180400_00160.jpg,datasets_cloudmask/dataset_cropped/09_Metas/28/18/20190928180400_00160.png,115.9,384.3,47.8,26.1,963
9/28/2019 18:05,datasets/dataset_cropped/09_Metas/28/18/20190928180500_00160.jpg,datasets_flow/dataset_cropped/09_Metas/28/18/20190928180500_00160.jpg,datasets_cloudmask/dataset_cropped/09_Metas/28/18/20190928180500_00160.png,112.9,377.8,47.2,26,963
9/28/2019 18:06,datasets/dataset_cropped/09_Metas/28/18/20190928180600_00160.jpg,datasets_flow/dataset_cropped/09_Metas/28/18/20190928180600_00160.jpg,datasets_cloudmask/dataset_cropped/09_Metas/28/18/20190928180600_00160.png,110.1,372.5,46.6,26,963
9/28/2019 18:07,datasets/dataset_cropped/09_Metas/28/18/20190928180700_00160.jpg,datasets_flow/dataset_cropped/09_Metas/28/18/20190928180700_00160.jpg,datasets_cloudmask/dataset_cropped/09_Metas/28/18/20190928180700_00160.png,107,365.9,45.8,25.9,963
9/28/2019 18:08,datasets/dataset_cropped/09_Metas/28/18/20190928180800_00160.jpg,datasets_flow/dataset_cropped/09_Metas/28/18/20190928180800_00160.jpg,datasets_cloudmask/dataset_cropped/09_Metas/28/18/20190928180800_00160.png,103.6,357.2,45,25.9,963
9/28/2019 18:09,datasets/dataset_cropped/09_Metas/28/18/20190928180900_00160.jpg,datasets_flow/dataset_cropped/09_Metas/28/18/20190928180900_00160.jpg,datasets_cloudmask/dataset_cropped/09_Metas/28/18/20190928180900_00160.png,100.3,348.4,44.3,25.9,963
9/28/2019 18:10,datasets/dataset_cropped/09_Metas/28/18/20190928181000_00160.jpg,datasets_flow/dataset_cropped/09_Metas/28/18/20190928181000_00160.jpg,datasets_cloudmask/dataset_cropped/09_Metas/28/18/20190928181000_00160.png,97.5,343.1,43.5,25.9,963
9/28/2019 18:11,datasets/dataset_cropped/09_Metas/28/18/20190928181100_00160.jpg,datasets_flow/dataset_cropped/09_Metas/28/18/20190928181100_00160.jpg,datasets_cloudmask/dataset_cropped/09_Metas/28/18/20190928181100_00160.png,94.5,336.3,42.7,25.8,963
9/28/2019 18:12,datasets/dataset_cropped/09_Metas/28/18/20190928181200_00160.jpg,datasets_flow/dataset_cropped/09_Metas/28/18/20190928181200_00160.jpg,datasets_cloudmask/dataset_cropped/09_Metas/28/18/20190928181200_00160.png,91.4,328.4,42,25.8,963
9/28/2019 18:13,datasets/dataset_cropped/09_Metas/28/18/20190928181300_00160.jpg,datasets_flow/dataset_cropped/09_Metas/28/18/20190928181300_00160.jpg,datasets_cloudmask/dataset_cropped/09_Metas/28/18/20190928181300_00160.png,88.5,321.2,41.3,25.7,963
9/28/2019 18:14,datasets/dataset_cropped/09_Metas/28/18/20190928181400_00160.jpg,datasets_flow/dataset_cropped/09_Metas/28/18/20190928181400_00160.jpg,datasets_cloudmask/dataset_cropped/09_Metas/28/18/20190928181400_00160.png,86,316.1,40.6,25.7,963
9/28/2019 18:15,datasets/dataset_cropped/09_Metas/28/18/20190928181500_00160.jpg,datasets_flow/dataset_cropped/09_Metas/28/18/20190928181500_00160.jpg,datasets_cloudmask/dataset_cropped/09_Metas/28/18/20190928181500_00160.png,83.3,310,39.9,25.8,963
9/28/2019 18:16,datasets/dataset_cropped/09_Metas/28/18/20190928181600_00160.jpg,datasets_flow/dataset_cropped/09_Metas/28/18/20190928181600_00160.jpg,datasets_cloudmask/dataset_cropped/09_Metas/28/18/20190928181600_00160.png,80.6,303.1,39.1,25.7,963
9/28/2019 18:17,datasets/dataset_cropped/09_Metas/28/18/20190928181700_00160.jpg,datasets_flow/dataset_cropped/09_Metas/28/18/20190928181700_00160.jpg,datasets_cloudmask/dataset_cropped/09_Metas/28/18/20190928181700_00160.png,77.9,296.5,38.4,25.7,963
9/28/2019 18:18,datasets/dataset_cropped/09_Metas/28/18/20190928181800_00160.jpg,datasets_flow/dataset_cropped/09_Metas/28/18/20190928181800_00160.jpg,datasets_cloudmask/dataset_cropped/09_Metas/28/18/20190928181800_00160.png,75,288.6,37.6,25.7,963
9/28/2019 18:19,datasets/dataset_cropped/09_Metas/28/18/20190928181900_00160.jpg,datasets_flow/dataset_cropped/09_Metas/28/18/20190928181900_00160.jpg,datasets_cloudmask/dataset_cropped/09_Metas/28/18/20190928181900_00160.png,72.4,281.3,36.8,25.6,963
9/28/2019 18:20,datasets/dataset_cropped/09_Metas/28/18/20190928182000_00160.jpg,datasets_flow/dataset_cropped/09_Metas/28/18/20190928182000_00160.jpg,datasets_cloudmask/dataset_cropped/09_Metas/28/18/20190928182000_00160.png,69.6,273.3,36,25.5,963
9/28/2019 18:21,datasets/dataset_cropped/09_Metas/28/18/20190928182100_00160.jpg,datasets_flow/dataset_cropped/09_Metas/28/18/20190928182100_00160.jpg,datasets_cloudmask/dataset_cropped/09_Metas/28/18/20190928182100_00160.png,66.9,265.6,35.1,25.4,963
9/28/2019 18:22,datasets/dataset_cropped/09_Metas/28/18/20190928182200_00160.jpg,datasets_flow/dataset_cropped/09_Metas/28/18/20190928182200_00160.jpg,datasets_cloudmask/dataset_cropped/09_Metas/28/18/20190928182200_00160.png,64.2,257.7,34.2,25.3,963
9/28/2019 18:23,datasets/dataset_cropped/09_Metas/28/18/20190928182300_00160.jpg,datasets_flow/dataset_cropped/09_Metas/28/18/20190928182300_00160.jpg,datasets_cloudmask/dataset_cropped/09_Metas/28/18/20190928182300_00160.png,61.5,249.5,33.3,25.3,963
9/28/2019 18:24,datasets/dataset_cropped/09_Metas/28/18/20190928182400_00160.jpg,datasets_flow/dataset_cropped/09_Metas/28/18/20190928182400_00160.jpg,datasets_cloudmask/dataset_cropped/09_Metas/28/18/20190928182400_00160.png,58.7,240.5,32.4,25.3,963
9/28/2019 18:25,datasets/dataset_cropped/09_Metas/28/18/20190928182500_00160.jpg,datasets_flow/dataset_cropped/09_Metas/28/18/20190928182500_00160.jpg,datasets_cloudmask/dataset_cropped/09_Metas/28/18/20190928182500_00160.png,56.1,232.4,31.5,25.2,963
9/28/2019 18:26,datasets/dataset_cropped/09_Metas/28/18/20190928182600_00160.jpg,datasets_flow/dataset_cropped/09_Metas/28/18/20190928182600_00160.jpg,datasets_cloudmask/dataset_cropped/09_Metas/28/18/20190928182600_00160.png,53.7,224.4,30.6,25.2,963
9/28/2019 18:27,datasets/dataset_cropped/09_Metas/28/18/20190928182700_00160.jpg,datasets_flow/dataset_cropped/09_Metas/28/18/20190928182700_00160.jpg,datasets_cloudmask/dataset_cropped/09_Metas/28/18/20190928182700_00160.png,51.3,216.8,29.8,25.2,963
9/28/2019 18:28,datasets/dataset_cropped/09_Metas/28/18/20190928182800_00160.jpg,datasets_flow/dataset_cropped/09_Metas/28/18/20190928182800_00160.jpg,datasets_cloudmask/dataset_cropped/09_Metas/28/18/20190928182800_00160.png,49,209,29,25.1,963
9/28/2019 18:29,datasets/dataset_cropped/09_Metas/28/18/20190928182900_00160.jpg,datasets_flow/dataset_cropped/09_Metas/28/18/20190928182900_00160.jpg,datasets_cloudmask/dataset_cropped/09_Metas/28/18/20190928182900_00160.png,46.6,200.5,28.1,25.1,963
9/28/2019 18:30,datasets/dataset_cropped/09_Metas/28/18/20190928183000_00160.jpg,datasets_flow/dataset_cropped/09_Metas/28/18/20190928183000_00160.jpg,datasets_cloudmask/dataset_cropped/09_Metas/28/18/20190928183000_00160.png,44.2,191.6,27.1,25,963
9/28/2019 18:31,datasets/dataset_cropped/09_Metas/28/18/20190928183100_00160.jpg,datasets_flow/dataset_cropped/09_Metas/28/18/20190928183100_00160.jpg,datasets_cloudmask/dataset_cropped/09_Metas/28/18/20190928183100_00160.png,41.8,182.3,26.2,24.9,963
9/28/2019 18:32,datasets/dataset_cropped/09_Metas/28/18/20190928183200_00160.jpg,datasets_flow/dataset_cropped/09_Metas/28/18/20190928183200_00160.jpg,datasets_cloudmask/dataset_cropped/09_Metas/28/18/20190928183200_00160.png,39.6,173,25.3,24.9,963
9/28/2019 18:33,datasets/dataset_cropped/09_Metas/28/18/20190928183300_00160.jpg,datasets_flow/dataset_cropped/09_Metas/28/18/20190928183300_00160.jpg,datasets_cloudmask/dataset_cropped/09_Metas/28/18/20190928183300_00160.png,37.4,164.4,24.4,24.9,963
9/28/2019 18:34,datasets/dataset_cropped/09_Metas/28/18/20190928183400_00160.jpg,datasets_flow/dataset_cropped/09_Metas/28/18/20190928183400_00160.jpg,datasets_cloudmask/dataset_cropped/09_Metas/28/18/20190928183400_00160.png,35.3,156.5,23.5,24.9,963
9/28/2019 18:35,datasets/dataset_cropped/09_Metas/28/18/20190928183500_00160.jpg,datasets_flow/dataset_cropped/09_Metas/28/18/20190928183500_00160.jpg,datasets_cloudmask/dataset_cropped/09_Metas/28/18/20190928183500_00160.png,33.4,149.1,22.6,24.8,963
9/28/2019 18:36,datasets/dataset_cropped/09_Metas/28/18/20190928183600_00160.jpg,datasets_flow/dataset_cropped/09_Metas/28/18/20190928183600_00160.jpg,datasets_cloudmask/dataset_cropped/09_Metas/28/18/20190928183600_00160.png,31.4,141.4,21.6,24.8,963
9/28/2019 18:37,datasets/dataset_cropped/09_Metas/28/18/20190928183700_00160.jpg,datasets_flow/dataset_cropped/09_Metas/28/18/20190928183700_00160.jpg,datasets_cloudmask/dataset_cropped/09_Metas/28/18/20190928183700_00160.png,29.5,133.6,20.7,24.8,963
9/28/2019 18:38,datasets/dataset_cropped/09_Metas/28/18/20190928183800_00160.jpg,datasets_flow/dataset_cropped/09_Metas/28/18/20190928183800_00160.jpg,datasets_cloudmask/dataset_cropped/09_Metas/28/18/20190928183800_00160.png,27.7,125.7,19.8,24.7,963
9/28/2019 18:39,datasets/dataset_cropped/09_Metas/28/18/20190928183900_00160.jpg,datasets_flow/dataset_cropped/09_Metas/28/18/20190928183900_00160.jpg,datasets_cloudmask/dataset_cropped/09_Metas/28/18/20190928183900_00160.png,25.9,117,18.9,24.6,963
9/28/2019 18:40,datasets/dataset_cropped/09_Metas/28/18/20190928184000_00160.jpg,datasets_flow/dataset_cropped/09_Metas/28/18/20190928184000_00160.jpg,datasets_cloudmask/dataset_cropped/09_Metas/28/18/20190928184000_00160.png,24.1,108.6,17.9,24.6,963
9/28/2019 18:41,datasets/dataset_cropped/09_Metas/28/18/20190928184100_00160.jpg,datasets_flow/dataset_cropped/09_Metas/28/18/20190928184100_00160.jpg,datasets_cloudmask/dataset_cropped/09_Metas/28/18/20190928184100_00160.png,22.5,100.4,17,24.6,963
9/28/2019 18:42,datasets/dataset_cropped/09_Metas/28/18/20190928184200_00160.jpg,datasets_flow/dataset_cropped/09_Metas/28/18/20190928184200_00160.jpg,datasets_cloudmask/dataset_cropped/09_Metas/28/18/20190928184200_00160.png,20.9,93.2,16.1,24.5,963
9/28/2019 18:43,datasets/dataset_cropped/09_Metas/28/18/20190928184300_00160.jpg,datasets_flow/dataset_cropped/09_Metas/28/18/20190928184300_00160.jpg,datasets_cloudmask/dataset_cropped/09_Metas/28/18/20190928184300_00160.png,19.4,86.5,15.2,24.5,963
9/28/2019 18:44,datasets/dataset_cropped/09_Metas/28/18/20190928184400_00160.jpg,datasets_flow/dataset_cropped/09_Metas/28/18/20190928184400_00160.jpg,datasets_cloudmask/dataset_cropped/09_Metas/28/18/20190928184400_00160.png,17.3,64.4,14.3,24.4,963
9/28/2019 18:45,datasets/dataset_cropped/09_Metas/28/18/20190928184500_00160.jpg,datasets_flow/dataset_cropped/09_Metas/28/18/20190928184500_00160.jpg,datasets_cloudmask/dataset_cropped/09_Metas/28/18/20190928184500_00160.png,14.5,23.8,13.3,24.4,963
9/28/2019 18:46,datasets/dataset_cropped/09_Metas/28/18/20190928184600_00160.jpg,datasets_flow/dataset_cropped/09_Metas/28/18/20190928184600_00160.jpg,datasets_cloudmask/dataset_cropped/09_Metas/28/18/20190928184600_00160.png,12.5,1,12.2,24.3,963
9/28/2019 18:47,datasets/dataset_cropped/09_Metas/28/18/20190928184700_00160.jpg,datasets_flow/dataset_cropped/09_Metas/28/18/20190928184700_00160.jpg,datasets_cloudmask/dataset_cropped/09_Metas/28/18/20190928184700_00160.png,11.4,0,11.2,24.3,963
9/28/2019 18:48,datasets/dataset_cropped/09_Metas/28/18/20190928184800_00160.jpg,datasets_flow/dataset_cropped/09_Metas/28/18/20190928184800_00160.jpg,datasets_cloudmask/dataset_cropped/09_Metas/28/18/20190928184800_00160.png,10.4,0,10.2,24.2,963
9/28/2019 18:49,datasets/dataset_cropped/09_Metas/28/18/20190928184900_00160.jpg,datasets_flow/dataset_cropped/09_Metas/28/18/20190928184900_00160.jpg,datasets_cloudmask/dataset_cropped/09_Metas/28/18/20190928184900_00160.png,9.5,0,9.3,24.2,963
9/28/2019 18:50,datasets/dataset_cropped/09_Metas/28/18/20190928185000_00160.jpg,datasets_flow/dataset_cropped/09_Metas/28/18/20190928185000_00160.jpg,datasets_cloudmask/dataset_cropped/09_Metas/28/18/20190928185000_00160.png,8.6,0,8.4,24.2,963
9/28/2019 18:51,datasets/dataset_cropped/09_Metas/28/18/20190928185100_00160.jpg,datasets_flow/dataset_cropped/09_Metas/28/18/20190928185100_00160.jpg,datasets_cloudmask/dataset_cropped/09_Metas/28/18/20190928185100_00160.png,7.7,0,7.5,24.1,963
9/28/2019 18:52,datasets/dataset_cropped/09_Metas/28/18/20190928185200_00160.jpg,datasets_flow/dataset_cropped/09_Metas/28/18/20190928185200_00160.jpg,datasets_cloudmask/dataset_cropped/09_Metas/28/18/20190928185200_00160.png,6.8,0,6.6,24.1,963
9/28/2019 18:53,datasets/dataset_cropped/09_Metas/28/18/20190928185300_00160.jpg,datasets_flow/dataset_cropped/09_Metas/28/18/20190928185300_00160.jpg,datasets_cloudmask/dataset_cropped/09_Metas/28/18/20190928185300_00160.png,6.1,0,5.9,24.1,963
9/28/2019 18:54,datasets/dataset_cropped/09_Metas/28/18/20190928185400_00160.jpg,datasets_flow/dataset_cropped/09_Metas/28/18/20190928185400_00160.jpg,datasets_cloudmask/dataset_cropped/09_Metas/28/18/20190928185400_00160.png,5.3,0,5.1,24,963
9/28/2019 18:55,datasets/dataset_cropped/09_Metas/28/18/20190928185500_00160.jpg,datasets_flow/dataset_cropped/09_Metas/28/18/20190928185500_00160.jpg,datasets_cloudmask/dataset_cropped/09_Metas/28/18/20190928185500_00160.png,4.6,0,4.4,23.9,963
9/28/2019 18:56,datasets/dataset_cropped/09_Metas/28/18/20190928185600_00160.jpg,datasets_flow/dataset_cropped/09_Metas/28/18/20190928185600_00160.jpg,datasets_cloudmask/dataset_cropped/09_Metas/28/18/20190928185600_00160.png,4,0,3.8,23.9,963
9/29/2019 7:04,datasets/dataset_cropped/09_Metas/29/07/20190929070430_00160.jpg,datasets_flow/dataset_cropped/09_Metas/29/07/20190929070430_00160.jpg,datasets_cloudmask/dataset_cropped/09_Metas/29/07/20190929070430_00160.png,4.5,0,4.4,16.7,962
9/29/2019 7:05,datasets/dataset_cropped/09_Metas/29/07/20190929070500_00160.jpg,datasets_flow/dataset_cropped/09_Metas/29/07/20190929070500_00160.jpg,datasets_cloudmask/dataset_cropped/09_Metas/29/07/20190929070500_00160.png,4.5,0,4.4,16.7,962
9/29/2019 7:06,datasets/dataset_cropped/09_Metas/29/07/20190929070600_00160.jpg,datasets_flow/dataset_cropped/09_Metas/29/07/20190929070600_00160.jpg,datasets_cloudmask/dataset_cropped/09_Metas/29/07/20190929070600_00160.png,5.4,0.1,5.2,16.7,962
9/29/2019 7:07,datasets/dataset_cropped/09_Metas/29/07/20190929070700_00160.jpg,datasets_flow/dataset_cropped/09_Metas/29/07/20190929070700_00160.jpg,datasets_cloudmask/dataset_cropped/09_Metas/29/07/20190929070700_00160.png,6.2,0.8,6,16.6,962
9/29/2019 7:08,datasets/dataset_cropped/09_Metas/29/07/20190929070800_00160.jpg,datasets_flow/dataset_cropped/09_Metas/29/07/20190929070800_00160.jpg,datasets_cloudmask/dataset_cropped/09_Metas/29/07/20190929070800_00160.png,7.1,3.8,6.8,16.6,962
9/29/2019 7:09,datasets/dataset_cropped/09_Metas/29/07/20190929070900_00160.jpg,datasets_flow/dataset_cropped/09_Metas/29/07/20190929070900_00160.jpg,datasets_cloudmask/dataset_cropped/09_Metas/29/07/20190929070900_00160.png,8.1,8.6,7.7,16.4,962
9/29/2019 7:10,datasets/dataset_cropped/09_Metas/29/07/20190929071000_00160.jpg,datasets_flow/dataset_cropped/09_Metas/29/07/20190929071000_00160.jpg,datasets_cloudmask/dataset_cropped/09_Metas/29/07/20190929071000_00160.png,9.2,14,8.7,16.4,962
9/29/2019 7:11,datasets/dataset_cropped/09_Metas/29/07/20190929071100_00160.jpg,datasets_flow/dataset_cropped/09_Metas/29/07/20190929071100_00160.jpg,datasets_cloudmask/dataset_cropped/09_Metas/29/07/20190929071100_00160.png,10.4,24.4,9.7,16.4,962
9/29/2019 7:12,datasets/dataset_cropped/09_Metas/29/07/20190929071200_00160.jpg,datasets_flow/dataset_cropped/09_Metas/29/07/20190929071200_00160.jpg,datasets_cloudmask/dataset_cropped/09_Metas/29/07/20190929071200_00160.png,11.8,35.6,10.9,16.6,962
9/29/2019 7:13,datasets/dataset_cropped/09_Metas/29/07/20190929071300_00160.jpg,datasets_flow/dataset_cropped/09_Metas/29/07/20190929071300_00160.jpg,datasets_cloudmask/dataset_cropped/09_Metas/29/07/20190929071300_00160.png,13.3,41.7,12.1,16.7,962
9/29/2019 7:14,datasets/dataset_cropped/09_Metas/29/07/20190929071400_00160.jpg,datasets_flow/dataset_cropped/09_Metas/29/07/20190929071400_00160.jpg,datasets_cloudmask/dataset_cropped/09_Metas/29/07/20190929071400_00160.png,14.7,48.5,13.1,16.9,962
9/29/2019 7:15,datasets/dataset_cropped/09_Metas/29/07/20190929071500_00160.jpg,datasets_flow/dataset_cropped/09_Metas/29/07/20190929071500_00160.jpg,datasets_cloudmask/dataset_cropped/09_Metas/29/07/20190929071500_00160.png,16,55.2,14.1,17,962
9/29/2019 7:16,datasets/dataset_cropped/09_Metas/29/07/20190929071600_00160.jpg,datasets_flow/dataset_cropped/09_Metas/29/07/20190929071600_00160.jpg,datasets_cloudmask/dataset_cropped/09_Metas/29/07/20190929071600_00160.png,17.4,63.2,15.1,17,962
9/29/2019 7:17,datasets/dataset_cropped/09_Metas/29/07/20190929071700_00160.jpg,datasets_flow/dataset_cropped/09_Metas/29/07/20190929071700_00160.jpg,datasets_cloudmask/dataset_cropped/09_Metas/29/07/20190929071700_00160.png,18.8,70.4,16,17.1,962
9/29/2019 7:18,datasets/dataset_cropped/09_Metas/29/07/20190929071800_00160.jpg,datasets_flow/dataset_cropped/09_Metas/29/07/20190929071800_00160.jpg,datasets_cloudmask/dataset_cropped/09_Metas/29/07/20190929071800_00160.png,20.3,76.8,17,17.1,962
9/29/2019 7:19,datasets/dataset_cropped/09_Metas/29/07/20190929071900_00160.jpg,datasets_flow/dataset_cropped/09_Metas/29/07/20190929071900_00160.jpg,datasets_cloudmask/dataset_cropped/09_Metas/29/07/20190929071900_00160.png,22,85.7,18.2,17.1,962
9/29/2019 7:20,datasets/dataset_cropped/09_Metas/29/07/20190929072000_00160.jpg,datasets_flow/dataset_cropped/09_Metas/29/07/20190929072000_00160.jpg,datasets_cloudmask/dataset_cropped/09_Metas/29/07/20190929072000_00160.png,23.9,97.6,19.2,17.1,962
9/29/2019 7:21,datasets/dataset_cropped/09_Metas/29/07/20190929072100_00160.jpg,datasets_flow/dataset_cropped/09_Metas/29/07/20190929072100_00160.jpg,datasets_cloudmask/dataset_cropped/09_Metas/29/07/20190929072100_00160.png,25.8,108.2,20.2,17.1,962
9/29/2019 7:22,datasets/dataset_cropped/09_Metas/29/07/20190929072200_00160.jpg,datasets_flow/dataset_cropped/09_Metas/29/07/20190929072200_00160.jpg,datasets_cloudmask/dataset_cropped/09_Metas/29/07/20190929072200_00160.png,27.7,116.5,21.2,17.2,962
9/29/2019 7:23,datasets/dataset_cropped/09_Metas/29/07/20190929072300_00160.jpg,datasets_flow/dataset_cropped/09_Metas/29/07/20190929072300_00160.jpg,datasets_cloudmask/dataset_cropped/09_Metas/29/07/20190929072300_00160.png,29.8,126,22.3,17.2,962
9/29/2019 7:24,datasets/dataset_cropped/09_Metas/29/07/20190929072400_00160.jpg,datasets_flow/dataset_cropped/09_Metas/29/07/20190929072400_00160.jpg,datasets_cloudmask/dataset_cropped/09_Metas/29/07/20190929072400_00160.png,31.9,135.6,23.4,17.2,962
9/29/2019 7:25,datasets/dataset_cropped/09_Metas/29/07/20190929072500_00160.jpg,datasets_flow/dataset_cropped/09_Metas/29/07/20190929072500_00160.jpg,datasets_cloudmask/dataset_cropped/09_Metas/29/07/20190929072500_00160.png,34,143.7,24.5,17.2,962
9/29/2019 7:26,datasets/dataset_cropped/09_Metas/29/07/20190929072600_00160.jpg,datasets_flow/dataset_cropped/09_Metas/29/07/20190929072600_00160.jpg,datasets_cloudmask/dataset_cropped/09_Metas/29/07/20190929072600_00160.png,36.1,153.5,25.4,17.3,962
9/29/2019 7:27,datasets/dataset_cropped/09_Metas/29/07/20190929072700_00160.jpg,datasets_flow/dataset_cropped/09_Metas/29/07/20190929072700_00160.jpg,datasets_cloudmask/dataset_cropped/09_Metas/29/07/20190929072700_00160.png,38.3,161.7,26.4,17.3,962
9/29/2019 7:28,datasets/dataset_cropped/09_Metas/29/07/20190929072800_00160.jpg,datasets_flow/dataset_cropped/09_Metas/29/07/20190929072800_00160.jpg,datasets_cloudmask/dataset_cropped/09_Metas/29/07/20190929072800_00160.png,40.4,169.1,27.5,17.2,962
9/29/2019 7:29,datasets/dataset_cropped/09_Metas/29/07/20190929072900_00160.jpg,datasets_flow/dataset_cropped/09_Metas/29/07/20190929072900_00160.jpg,datasets_cloudmask/dataset_cropped/09_Metas/29/07/20190929072900_00160.png,42.7,176.6,28.6,17.2,962
9/29/2019 7:30,datasets/dataset_cropped/09_Metas/29/07/20190929073000_00160.jpg,datasets_flow/dataset_cropped/09_Metas/29/07/20190929073000_00160.jpg,datasets_cloudmask/dataset_cropped/09_Metas/29/07/20190929073000_00160.png,45.1,184.7,29.7,17.3,962
9/29/2019 7:31,datasets/dataset_cropped/09_Metas/29/07/20190929073100_00160.jpg,datasets_flow/dataset_cropped/09_Metas/29/07/20190929073100_00160.jpg,datasets_cloudmask/dataset_cropped/09_Metas/29/07/20190929073100_00160.png,47.6,195.8,30.7,17.3,962
9/29/2019 7:32,datasets/dataset_cropped/09_Metas/29/07/20190929073200_00160.jpg,datasets_flow/dataset_cropped/09_Metas/29/07/20190929073200_00160.jpg,datasets_cloudmask/dataset_cropped/09_Metas/29/07/20190929073200_00160.png,50.2,205.2,31.7,17.4,962
9/29/2019 7:33,datasets/dataset_cropped/09_Metas/29/07/20190929073300_00160.jpg,datasets_flow/dataset_cropped/09_Metas/29/07/20190929073300_00160.jpg,datasets_cloudmask/dataset_cropped/09_Metas/29/07/20190929073300_00160.png,53,215.8,32.9,17.5,962
9/29/2019 7:34,datasets/dataset_cropped/09_Metas/29/07/20190929073400_00160.jpg,datasets_flow/dataset_cropped/09_Metas/29/07/20190929073400_00160.jpg,datasets_cloudmask/dataset_cropped/09_Metas/29/07/20190929073400_00160.png,56.1,228.2,34.1,17.6,962
9/29/2019 7:35,datasets/dataset_cropped/09_Metas/29/07/20190929073500_00160.jpg,datasets_flow/dataset_cropped/09_Metas/29/07/20190929073500_00160.jpg,datasets_cloudmask/dataset_cropped/09_Metas/29/07/20190929073500_00160.png,59.2,241,35.2,17.6,962
9/29/2019 7:36,datasets/dataset_cropped/09_Metas/29/07/20190929073600_00160.jpg,datasets_flow/dataset_cropped/09_Metas/29/07/20190929073600_00160.jpg,datasets_cloudmask/dataset_cropped/09_Metas/29/07/20190929073600_00160.png,62.3,253.5,36.2,17.6,962
9/29/2019 7:37,datasets/dataset_cropped/09_Metas/29/07/20190929073700_00160.jpg,datasets_flow/dataset_cropped/09_Metas/29/07/20190929073700_00160.jpg,datasets_cloudmask/dataset_cropped/09_Metas/29/07/20190929073700_00160.png,65,261.5,37.2,17.6,962
9/29/2019 7:38,datasets/dataset_cropped/09_Metas/29/07/20190929073800_00160.jpg,datasets_flow/dataset_cropped/09_Metas/29/07/20190929073800_00160.jpg,datasets_cloudmask/dataset_cropped/09_Metas/29/07/20190929073800_00160.png,67.7,269.5,38.2,17.6,962
9/29/2019 7:39,datasets/dataset_cropped/09_Metas/29/07/20190929073900_00160.jpg,datasets_flow/dataset_cropped/09_Metas/29/07/20190929073900_00160.jpg,datasets_cloudmask/dataset_cropped/09_Metas/29/07/20190929073900_00160.png,70.3,275.8,39.1,17.6,962
9/29/2019 7:40,datasets/dataset_cropped/09_Metas/29/07/20190929074000_00160.jpg,datasets_flow/dataset_cropped/09_Metas/29/07/20190929074000_00160.jpg,datasets_cloudmask/dataset_cropped/09_Metas/29/07/20190929074000_00160.png,73.1,283.6,40,17.6,962
9/29/2019 7:41,datasets/dataset_cropped/09_Metas/29/07/20190929074100_00160.jpg,datasets_flow/dataset_cropped/09_Metas/29/07/20190929074100_00160.jpg,datasets_cloudmask/dataset_cropped/09_Metas/29/07/20190929074100_00160.png,76.4,294.6,41.1,17.8,962
9/29/2019 7:42,datasets/dataset_cropped/09_Metas/29/07/20190929074200_00160.jpg,datasets_flow/dataset_cropped/09_Metas/29/07/20190929074200_00160.jpg,datasets_cloudmask/dataset_cropped/09_Metas/29/07/20190929074200_00160.png,79.4,302.9,42.3,18.1,962
9/29/2019 7:43,datasets/dataset_cropped/09_Metas/29/07/20190929074300_00160.jpg,datasets_flow/dataset_cropped/09_Metas/29/07/20190929074300_00160.jpg,datasets_cloudmask/dataset_cropped/09_Metas/29/07/20190929074300_00160.png,82.2,309.3,43.2,18.3,962
9/29/2019 7:44,datasets/dataset_cropped/09_Metas/29/07/20190929074400_00160.jpg,datasets_flow/dataset_cropped/09_Metas/29/07/20190929074400_00160.jpg,datasets_cloudmask/dataset_cropped/09_Metas/29/07/20190929074400_00160.png,85.2,317.4,44.2,18.4,962
9/29/2019 7:45,datasets/dataset_cropped/09_Metas/29/07/20190929074500_00160.jpg,datasets_flow/dataset_cropped/09_Metas/29/07/20190929074500_00160.jpg,datasets_cloudmask/dataset_cropped/09_Metas/29/07/20190929074500_00160.png,87.7,321.6,45.1,18.5,962
9/29/2019 7:46,datasets/dataset_cropped/09_Metas/29/07/20190929074600_00160.jpg,datasets_flow/dataset_cropped/09_Metas/29/07/20190929074600_00160.jpg,datasets_cloudmask/dataset_cropped/09_Metas/29/07/20190929074600_00160.png,90.5,327.3,46,18.5,962
9/29/2019 7:47,datasets/dataset_cropped/09_Metas/29/07/20190929074700_00160.jpg,datasets_flow/dataset_cropped/09_Metas/29/07/20190929074700_00160.jpg,datasets_cloudmask/dataset_cropped/09_Metas/29/07/20190929074700_00160.png,92.7,329.9,46.7,18.6,962
9/29/2019 7:48,datasets/dataset_cropped/09_Metas/29/07/20190929074800_00160.jpg,datasets_flow/dataset_cropped/09_Metas/29/07/20190929074800_00160.jpg,datasets_cloudmask/dataset_cropped/09_Metas/29/07/20190929074800_00160.png,96,337.6,47.8,18.6,962
9/29/2019 7:49,datasets/dataset_cropped/09_Metas/29/07/20190929074900_00160.jpg,datasets_flow/dataset_cropped/09_Metas/29/07/20190929074900_00160.jpg,datasets_cloudmask/dataset_cropped/09_Metas/29/07/20190929074900_00160.png,99,343.3,48.8,18.8,962
9/29/2019 7:50,datasets/dataset_cropped/09_Metas/29/07/20190929075000_00160.jpg,datasets_flow/dataset_cropped/09_Metas/29/07/20190929075000_00160.jpg,datasets_cloudmask/dataset_cropped/09_Metas/29/07/20190929075000_00160.png,102,350,49.7,18.7,962
9/29/2019 7:51,datasets/dataset_cropped/09_Metas/29/07/20190929075100_00160.jpg,datasets_flow/dataset_cropped/09_Metas/29/07/20190929075100_00160.jpg,datasets_cloudmask/dataset_cropped/09_Metas/29/07/20190929075100_00160.png,105.3,358.2,50.5,18.6,962
9/29/2019 7:52,datasets/dataset_cropped/09_Metas/29/07/20190929075200_00160.jpg,datasets_flow/dataset_cropped/09_Metas/29/07/20190929075200_00160.jpg,datasets_cloudmask/dataset_cropped/09_Metas/29/07/20190929075200_00160.png,108.9,367.6,51.4,18.5,962
9/29/2019 7:53,datasets/dataset_cropped/09_Metas/29/07/20190929075300_00160.jpg,datasets_flow/dataset_cropped/09_Metas/29/07/20190929075300_00160.jpg,datasets_cloudmask/dataset_cropped/09_Metas/29/07/20190929075300_00160.png,112,372.8,52.4,18.4,963
9/29/2019 7:54,datasets/dataset_cropped/09_Metas/29/07/20190929075400_00160.jpg,datasets_flow/dataset_cropped/09_Metas/29/07/20190929075400_00160.jpg,datasets_cloudmask/dataset_cropped/09_Metas/29/07/20190929075400_00160.png,115.5,380.6,53.3,18.4,962
9/29/2019 7:55,datasets/dataset_cropped/09_Metas/29/07/20190929075500_00160.jpg,datasets_flow/dataset_cropped/09_Metas/29/07/20190929075500_00160.jpg,datasets_cloudmask/dataset_cropped/09_Metas/29/07/20190929075500_00160.png,118.9,387.7,54.3,18.4,962
9/29/2019 7:56,datasets/dataset_cropped/09_Metas/29/07/20190929075600_00160.jpg,datasets_flow/dataset_cropped/09_Metas/29/07/20190929075600_00160.jpg,datasets_cloudmask/dataset_cropped/09_Metas/29/07/20190929075600_00160.png,122.4,395.2,55.3,18.5,963
9/29/2019 7:57,datasets/dataset_cropped/09_Metas/29/07/20190929075700_00160.jpg,datasets_flow/dataset_cropped/09_Metas/29/07/20190929075700_00160.jpg,datasets_cloudmask/dataset_cropped/09_Metas/29/07/20190929075700_00160.png,124.8,396.2,56.2,18.6,963
9/29/2019 7:58,datasets/dataset_cropped/09_Metas/29/07/20190929075800_00160.jpg,datasets_flow/dataset_cropped/09_Metas/29/07/20190929075800_00160.jpg,datasets_cloudmask/dataset_cropped/09_Metas/29/07/20190929075800_00160.png,128.9,406.9,57.1,18.7,963
9/29/2019 7:59,datasets/dataset_cropped/09_Metas/29/07/20190929075900_00160.jpg,datasets_flow/dataset_cropped/09_Metas/29/07/20190929075900_00160.jpg,datasets_cloudmask/dataset_cropped/09_Metas/29/07/20190929075900_00160.png,132.2,412.9,58,18.9,963
9/29/2019 8:00,datasets/dataset_cropped/09_Metas/29/08/20190929080000_00160.jpg,datasets_flow/dataset_cropped/09_Metas/29/08/20190929080000_00160.jpg,datasets_cloudmask/dataset_cropped/09_Metas/29/08/20190929080000_00160.png,134.2,411.4,59,19,963
9/29/2019 8:01,datasets/dataset_cropped/09_Metas/29/08/20190929080100_00160.jpg,datasets_flow/dataset_cropped/09_Metas/29/08/20190929080100_00160.jpg,datasets_cloudmask/dataset_cropped/09_Metas/29/08/20190929080100_00160.png,137.7,417.3,60,19.1,963
9/29/2019 8:02,datasets/dataset_cropped/09_Metas/29/08/20190929080200_00160.jpg,datasets_flow/dataset_cropped/09_Metas/29/08/20190929080200_00160.jpg,datasets_cloudmask/dataset_cropped/09_Metas/29/08/20190929080200_00160.png,142.5,429.8,61.1,19.2,963
9/29/2019 8:03,datasets/dataset_cropped/09_Metas/29/08/20190929080300_00160.jpg,datasets_flow/dataset_cropped/09_Metas/29/08/20190929080300_00160.jpg,datasets_cloudmask/dataset_cropped/09_Metas/29/08/20190929080300_00160.png,146.9,440.9,62,19.3,963
9/29/2019 8:04,datasets/dataset_cropped/09_Metas/29/08/20190929080400_00160.jpg,datasets_flow/dataset_cropped/09_Metas/29/08/20190929080400_00160.jpg,datasets_cloudmask/dataset_cropped/09_Metas/29/08/20190929080400_00160.png,149.2,440.8,62.8,19.4,963
9/29/2019 8:05,datasets/dataset_cropped/09_Metas/29/08/20190929080500_00160.jpg,datasets_flow/dataset_cropped/09_Metas/29/08/20190929080500_00160.jpg,datasets_cloudmask/dataset_cropped/09_Metas/29/08/20190929080500_00160.png,151.7,442,63.7,19.6,963
9/29/2019 8:06,datasets/dataset_cropped/09_Metas/29/08/20190929080600_00160.jpg,datasets_flow/dataset_cropped/09_Metas/29/08/20190929080600_00160.jpg,datasets_cloudmask/dataset_cropped/09_Metas/29/08/20190929080600_00160.png,156.6,454.3,64.6,19.8,963
9/29/2019 8:07,datasets/dataset_cropped/09_Metas/29/08/20190929080700_00160.jpg,datasets_flow/dataset_cropped/09_Metas/29/08/20190929080700_00160.jpg,datasets_cloudmask/dataset_cropped/09_Metas/29/08/20190929080700_00160.png,160.1,459.6,65.5,19.9,963
9/29/2019 8:08,datasets/dataset_cropped/09_Metas/29/08/20190929080800_00160.jpg,datasets_flow/dataset_cropped/09_Metas/29/08/20190929080800_00160.jpg,datasets_cloudmask/dataset_cropped/09_Metas/29/08/20190929080800_00160.png,162.4,460.3,66.2,19.9,963
9/29/2019 8:09,datasets/dataset_cropped/09_Metas/29/08/20190929080900_00160.jpg,datasets_flow/dataset_cropped/09_Metas/29/08/20190929080900_00160.jpg,datasets_cloudmask/dataset_cropped/09_Metas/29/08/20190929080900_00160.png,164.7,460.2,67.2,20,963
9/29/2019 8:10,datasets/dataset_cropped/09_Metas/29/08/20190929081000_00160.jpg,datasets_flow/dataset_cropped/09_Metas/29/08/20190929081000_00160.jpg,datasets_cloudmask/dataset_cropped/09_Metas/29/08/20190929081000_00160.png,168,464.3,68.1,20.1,963
9/29/2019 8:11,datasets/dataset_cropped/09_Metas/29/08/20190929081100_00160.jpg,datasets_flow/dataset_cropped/09_Metas/29/08/20190929081100_00160.jpg,datasets_cloudmask/dataset_cropped/09_Metas/29/08/20190929081100_00160.png,171.1,467.9,69,20.1,963
9/29/2019 8:12,datasets/dataset_cropped/09_Metas/29/08/20190929081200_00160.jpg,datasets_flow/dataset_cropped/09_Metas/29/08/20190929081200_00160.jpg,datasets_cloudmask/dataset_cropped/09_Metas/29/08/20190929081200_00160.png,174.7,473,69.9,20.2,963
9/29/2019 8:13,datasets/dataset_cropped/09_Metas/29/08/20190929081300_00160.jpg,datasets_flow/dataset_cropped/09_Metas/29/08/20190929081300_00160.jpg,datasets_cloudmask/dataset_cropped/09_Metas/29/08/20190929081300_00160.png,177.9,476.8,70.7,20.3,963
9/29/2019 8:14,datasets/dataset_cropped/09_Metas/29/08/20190929081400_00160.jpg,datasets_flow/dataset_cropped/09_Metas/29/08/20190929081400_00160.jpg,datasets_cloudmask/dataset_cropped/09_Metas/29/08/20190929081400_00160.png,180.4,476.8,71.4,20.6,963
9/29/2019 8:15,datasets/dataset_cropped/09_Metas/29/08/20190929081500_00160.jpg,datasets_flow/dataset_cropped/09_Metas/29/08/20190929081500_00160.jpg,datasets_cloudmask/dataset_cropped/09_Metas/29/08/20190929081500_00160.png,183.8,481.9,72.1,20.6,963
9/29/2019 8:16,datasets/dataset_cropped/09_Metas/29/08/20190929081600_00160.jpg,datasets_flow/dataset_cropped/09_Metas/29/08/20190929081600_00160.jpg,datasets_cloudmask/dataset_cropped/09_Metas/29/08/20190929081600_00160.png,187.1,486.3,72.8,20.7,963
9/29/2019 8:17,datasets/dataset_cropped/09_Metas/29/08/20190929081700_00160.jpg,datasets_flow/dataset_cropped/09_Metas/29/08/20190929081700_00160.jpg,datasets_cloudmask/dataset_cropped/09_Metas/29/08/20190929081700_00160.png,189.8,487.5,73.6,20.6,963
9/29/2019 8:18,datasets/dataset_cropped/09_Metas/29/08/20190929081800_00160.jpg,datasets_flow/dataset_cropped/09_Metas/29/08/20190929081800_00160.jpg,datasets_cloudmask/dataset_cropped/09_Metas/29/08/20190929081800_00160.png,192.9,490.9,74.3,20.7,963
9/29/2019 8:19,datasets/dataset_cropped/09_Metas/29/08/20190929081900_00160.jpg,datasets_flow/dataset_cropped/09_Metas/29/08/20190929081900_00160.jpg,datasets_cloudmask/dataset_cropped/09_Metas/29/08/20190929081900_00160.png,197.4,498.8,75.3,20.6,963
9/29/2019 8:20,datasets/dataset_cropped/09_Metas/29/08/20190929082000_00160.jpg,datasets_flow/dataset_cropped/09_Metas/29/08/20190929082000_00160.jpg,datasets_cloudmask/dataset_cropped/09_Metas/29/08/20190929082000_00160.png,200.5,502.1,76,20.5,963
9/29/2019 8:21,datasets/dataset_cropped/09_Metas/29/08/20190929082100_00160.jpg,datasets_flow/dataset_cropped/09_Metas/29/08/20190929082100_00160.jpg,datasets_cloudmask/dataset_cropped/09_Metas/29/08/20190929082100_00160.png,203.8,505.8,76.7,20.4,963
9/29/2019 8:22,datasets/dataset_cropped/09_Metas/29/08/20190929082200_00160.jpg,datasets_flow/dataset_cropped/09_Metas/29/08/20190929082200_00160.jpg,datasets_cloudmask/dataset_cropped/09_Metas/29/08/20190929082200_00160.png,206.6,507.9,77.4,20.3,963
9/29/2019 8:23,datasets/dataset_cropped/09_Metas/29/08/20190929082300_00160.jpg,datasets_flow/dataset_cropped/09_Metas/29/08/20190929082300_00160.jpg,datasets_cloudmask/dataset_cropped/09_Metas/29/08/20190929082300_00160.png,210.6,514.2,78.2,20.1,963
9/29/2019 8:24,datasets/dataset_cropped/09_Metas/29/08/20190929082400_00160.jpg,datasets_flow/dataset_cropped/09_Metas/29/08/20190929082400_00160.jpg,datasets_cloudmask/dataset_cropped/09_Metas/29/08/20190929082400_00160.png,213.6,516.8,78.8,20,963
9/29/2019 8:25,datasets/dataset_cropped/09_Metas/29/08/20190929082500_00160.jpg,datasets_flow/dataset_cropped/09_Metas/29/08/20190929082500_00160.jpg,datasets_cloudmask/dataset_cropped/09_Metas/29/08/20190929082500_00160.png,216.1,517.7,79.5,19.9,963
9/29/2019 8:26,datasets/dataset_cropped/09_Metas/29/08/20190929082600_00160.jpg,datasets_flow/dataset_cropped/09_Metas/29/08/20190929082600_00160.jpg,datasets_cloudmask/dataset_cropped/09_Metas/29/08/20190929082600_00160.png,218.9,519,80.3,19.9,963
9/29/2019 8:27,datasets/dataset_cropped/09_Metas/29/08/20190929082700_00160.jpg,datasets_flow/dataset_cropped/09_Metas/29/08/20190929082700_00160.jpg,datasets_cloudmask/dataset_cropped/09_Metas/29/08/20190929082700_00160.png,222.3,522.1,81.1,19.9,963
9/29/2019 8:28,datasets/dataset_cropped/09_Metas/29/08/20190929082800_00160.jpg,datasets_flow/dataset_cropped/09_Metas/29/08/20190929082800_00160.jpg,datasets_cloudmask/dataset_cropped/09_Metas/29/08/20190929082800_00160.png,225.6,525,81.8,19.8,963
9/29/2019 8:29,datasets/dataset_cropped/09_Metas/29/08/20190929082900_00160.jpg,datasets_flow/dataset_cropped/09_Metas/29/08/20190929082900_00160.jpg,datasets_cloudmask/dataset_cropped/09_Metas/29/08/20190929082900_00160.png,229.6,531.5,82.4,19.7,963
9/29/2019 8:30,datasets/dataset_cropped/09_Metas/29/08/20190929083000_00160.jpg,datasets_flow/dataset_cropped/09_Metas/29/08/20190929083000_00160.jpg,datasets_cloudmask/dataset_cropped/09_Metas/29/08/20190929083000_00160.png,232.1,532.2,83,19.6,963
9/29/2019 8:31,datasets/dataset_cropped/09_Metas/29/08/20190929083100_00160.jpg,datasets_flow/dataset_cropped/09_Metas/29/08/20190929083100_00160.jpg,datasets_cloudmask/dataset_cropped/09_Metas/29/08/20190929083100_00160.png,236.4,538.8,83.7,19.7,963
9/29/2019 8:32,datasets/dataset_cropped/09_Metas/29/08/20190929083200_00160.jpg,datasets_flow/dataset_cropped/09_Metas/29/08/20190929083200_00160.jpg,datasets_cloudmask/dataset_cropped/09_Metas/29/08/20190929083200_00160.png,239.7,542.2,84.2,19.8,963
9/29/2019 8:33,datasets/dataset_cropped/09_Metas/29/08/20190929083300_00160.jpg,datasets_flow/dataset_cropped/09_Metas/29/08/20190929083300_00160.jpg,datasets_cloudmask/dataset_cropped/09_Metas/29/08/20190929083300_00160.png,242.8,545,84.8,19.9,963
9/29/2019 8:34,datasets/dataset_cropped/09_Metas/29/08/20190929083400_00160.jpg,datasets_flow/dataset_cropped/09_Metas/29/08/20190929083400_00160.jpg,datasets_cloudmask/dataset_cropped/09_Metas/29/08/20190929083400_00160.png,246.8,550.8,85.3,19.9,963
9/29/2019 8:35,datasets/dataset_cropped/09_Metas/29/08/20190929083500_00160.jpg,datasets_flow/dataset_cropped/09_Metas/29/08/20190929083500_00160.jpg,datasets_cloudmask/dataset_cropped/09_Metas/29/08/20190929083500_00160.png,250.8,556.7,85.6,19.8,963
9/29/2019 8:36,datasets/dataset_cropped/09_Metas/29/08/20190929083600_00160.jpg,datasets_flow/dataset_cropped/09_Metas/29/08/20190929083600_00160.jpg,datasets_cloudmask/dataset_cropped/09_Metas/29/08/20190929083600_00160.png,253.6,558.6,86.2,19.8,963
9/29/2019 8:37,datasets/dataset_cropped/09_Metas/29/08/20190929083700_00160.jpg,datasets_flow/dataset_cropped/09_Metas/29/08/20190929083700_00160.jpg,datasets_cloudmask/dataset_cropped/09_Metas/29/08/20190929083700_00160.png,256.7,561.2,86.8,19.9,963
9/29/2019 8:38,datasets/dataset_cropped/09_Metas/29/08/20190929083800_00160.jpg,datasets_flow/dataset_cropped/09_Metas/29/08/20190929083800_00160.jpg,datasets_cloudmask/dataset_cropped/09_Metas/29/08/20190929083800_00160.png,260.6,566.3,87.4,19.9,963
9/29/2019 8:39,datasets/dataset_cropped/09_Metas/29/08/20190929083900_00160.jpg,datasets_flow/dataset_cropped/09_Metas/29/08/20190929083900_00160.jpg,datasets_cloudmask/dataset_cropped/09_Metas/29/08/20190929083900_00160.png,263.9,569.1,88.1,20,963
9/29/2019 8:40,datasets/dataset_cropped/09_Metas/29/08/20190929084000_00160.jpg,datasets_flow/dataset_cropped/09_Metas/29/08/20190929084000_00160.jpg,datasets_cloudmask/dataset_cropped/09_Metas/29/08/20190929084000_00160.png,267,572,88.6,20.1,963
9/29/2019 8:41,datasets/dataset_cropped/09_Metas/29/08/20190929084100_00160.jpg,datasets_flow/dataset_cropped/09_Metas/29/08/20190929084100_00160.jpg,datasets_cloudmask/dataset_cropped/09_Metas/29/08/20190929084100_00160.png,269.4,572.5,89.1,20.2,963
9/29/2019 8:42,datasets/dataset_cropped/09_Metas/29/08/20190929084200_00160.jpg,datasets_flow/dataset_cropped/09_Metas/29/08/20190929084200_00160.jpg,datasets_cloudmask/dataset_cropped/09_Metas/29/08/20190929084200_00160.png,271.9,573.2,89.7,20.3,963
9/29/2019 8:43,datasets/dataset_cropped/09_Metas/29/08/20190929084300_00160.jpg,datasets_flow/dataset_cropped/09_Metas/29/08/20190929084300_00160.jpg,datasets_cloudmask/dataset_cropped/09_Metas/29/08/20190929084300_00160.png,276.2,579,90.2,20.3,963
9/29/2019 8:44,datasets/dataset_cropped/09_Metas/29/08/20190929084400_00160.jpg,datasets_flow/dataset_cropped/09_Metas/29/08/20190929084400_00160.jpg,datasets_cloudmask/dataset_cropped/09_Metas/29/08/20190929084400_00160.png,280.5,584.8,90.9,20.4,963
9/29/2019 8:45,datasets/dataset_cropped/09_Metas/29/08/20190929084500_00160.jpg,datasets_flow/dataset_cropped/09_Metas/29/08/20190929084500_00160.jpg,datasets_cloudmask/dataset_cropped/09_Metas/29/08/20190929084500_00160.png,284.6,590.1,91.3,20.6,963
9/29/2019 8:46,datasets/dataset_cropped/09_Metas/29/08/20190929084600_00160.jpg,datasets_flow/dataset_cropped/09_Metas/29/08/20190929084600_00160.jpg,datasets_cloudmask/dataset_cropped/09_Metas/29/08/20190929084600_00160.png,287.8,592.6,91.9,20.7,963
9/29/2019 8:47,datasets/dataset_cropped/09_Metas/29/08/20190929084700_00160.jpg,datasets_flow/dataset_cropped/09_Metas/29/08/20190929084700_00160.jpg,datasets_cloudmask/dataset_cropped/09_Metas/29/08/20190929084700_00160.png,291.2,595.6,92.6,20.8,963
9/29/2019 8:48,datasets/dataset_cropped/09_Metas/29/08/20190929084800_00160.jpg,datasets_flow/dataset_cropped/09_Metas/29/08/20190929084800_00160.jpg,datasets_cloudmask/dataset_cropped/09_Metas/29/08/20190929084800_00160.png,294.7,599.2,93.1,20.9,963
9/29/2019 8:49,datasets/dataset_cropped/09_Metas/29/08/20190929084900_00160.jpg,datasets_flow/dataset_cropped/09_Metas/29/08/20190929084900_00160.jpg,datasets_cloudmask/dataset_cropped/09_Metas/29/08/20190929084900_00160.png,298.1,602.4,93.6,21,963
9/29/2019 8:50,datasets/dataset_cropped/09_Metas/29/08/20190929085000_00160.jpg,datasets_flow/dataset_cropped/09_Metas/29/08/20190929085000_00160.jpg,datasets_cloudmask/dataset_cropped/09_Metas/29/08/20190929085000_00160.png,300.6,602.6,94.1,21.1,963
9/29/2019 8:51,datasets/dataset_cropped/09_Metas/29/08/20190929085100_00160.jpg,datasets_flow/dataset_cropped/09_Metas/29/08/20190929085100_00160.jpg,datasets_cloudmask/dataset_cropped/09_Metas/29/08/20190929085100_00160.png,303.7,605.2,94.6,21.3,963
9/29/2019 8:52,datasets/dataset_cropped/09_Metas/29/08/20190929085200_00160.jpg,datasets_flow/dataset_cropped/09_Metas/29/08/20190929085200_00160.jpg,datasets_cloudmask/dataset_cropped/09_Metas/29/08/20190929085200_00160.png,307.5,609.2,95.1,21.4,963
9/29/2019 8:53,datasets/dataset_cropped/09_Metas/29/08/20190929085300_00160.jpg,datasets_flow/dataset_cropped/09_Metas/29/08/20190929085300_00160.jpg,datasets_cloudmask/dataset_cropped/09_Metas/29/08/20190929085300_00160.png,311,612.4,95.6,21.5,963
9/29/2019 8:54,datasets/dataset_cropped/09_Metas/29/08/20190929085400_00160.jpg,datasets_flow/dataset_cropped/09_Metas/29/08/20190929085400_00160.jpg,datasets_cloudmask/dataset_cropped/09_Metas/29/08/20190929085400_00160.png,314,613.9,96.2,21.6,963
9/29/2019 8:55,datasets/dataset_cropped/09_Metas/29/08/20190929085500_00160.jpg,datasets_flow/dataset_cropped/09_Metas/29/08/20190929085500_00160.jpg,datasets_cloudmask/dataset_cropped/09_Metas/29/08/20190929085500_00160.png,316.9,615.7,96.8,21.7,963
9/29/2019 8:56,datasets/dataset_cropped/09_Metas/29/08/20190929085600_00160.jpg,datasets_flow/dataset_cropped/09_Metas/29/08/20190929085600_00160.jpg,datasets_cloudmask/dataset_cropped/09_Metas/29/08/20190929085600_00160.png,320.2,618.2,97.3,21.8,963
9/29/2019 8:57,datasets/dataset_cropped/09_Metas/29/08/20190929085700_00160.jpg,datasets_flow/dataset_cropped/09_Metas/29/08/20190929085700_00160.jpg,datasets_cloudmask/dataset_cropped/09_Metas/29/08/20190929085700_00160.png,324.2,622.7,97.7,21.9,963
9/29/2019 8:58,datasets/dataset_cropped/09_Metas/29/08/20190929085800_00160.jpg,datasets_flow/dataset_cropped/09_Metas/29/08/20190929085800_00160.jpg,datasets_cloudmask/dataset_cropped/09_Metas/29/08/20190929085800_00160.png,327.8,626,98.3,22,963
9/29/2019 8:59,datasets/dataset_cropped/09_Metas/29/08/20190929085900_00160.jpg,datasets_flow/dataset_cropped/09_Metas/29/08/20190929085900_00160.jpg,datasets_cloudmask/dataset_cropped/09_Metas/29/08/20190929085900_00160.png,331.1,628.4,98.8,22.1,963
9/29/2019 9:00,datasets/dataset_cropped/09_Metas/29/09/20190929090000_00160.jpg,datasets_flow/dataset_cropped/09_Metas/29/09/20190929090000_00160.jpg,datasets_cloudmask/dataset_cropped/09_Metas/29/09/20190929090000_00160.png,334.2,630.3,99.3,22.2,963
9/29/2019 9:01,datasets/dataset_cropped/09_Metas/29/09/20190929090100_00160.jpg,datasets_flow/dataset_cropped/09_Metas/29/09/20190929090100_00160.jpg,datasets_cloudmask/dataset_cropped/09_Metas/29/09/20190929090100_00160.png,337.1,632,99.7,22.4,963
9/29/2019 9:02,datasets/dataset_cropped/09_Metas/29/09/20190929090200_00160.jpg,datasets_flow/dataset_cropped/09_Metas/29/09/20190929090200_00160.jpg,datasets_cloudmask/dataset_cropped/09_Metas/29/09/20190929090200_00160.png,340.1,633.6,100.1,22.4,963
9/29/2019 9:03,datasets/dataset_cropped/09_Metas/29/09/20190929090300_00160.jpg,datasets_flow/dataset_cropped/09_Metas/29/09/20190929090300_00160.jpg,datasets_cloudmask/dataset_cropped/09_Metas/29/09/20190929090300_00160.png,344.1,637.3,100.7,22.6,963
9/29/2019 9:04,datasets/dataset_cropped/09_Metas/29/09/20190929090400_00160.jpg,datasets_flow/dataset_cropped/09_Metas/29/09/20190929090400_00160.jpg,datasets_cloudmask/dataset_cropped/09_Metas/29/09/20190929090400_00160.png,347,638.6,101.2,22.7,963
9/29/2019 9:05,datasets/dataset_cropped/09_Metas/29/09/20190929090500_00160.jpg,datasets_flow/dataset_cropped/09_Metas/29/09/20190929090500_00160.jpg,datasets_cloudmask/dataset_cropped/09_Metas/29/09/20190929090500_00160.png,349.5,638.7,101.4,22.7,963
9/29/2019 9:06,datasets/dataset_cropped/09_Metas/29/09/20190929090600_00160.jpg,datasets_flow/dataset_cropped/09_Metas/29/09/20190929090600_00160.jpg,datasets_cloudmask/dataset_cropped/09_Metas/29/09/20190929090600_00160.png,353.5,642.7,102.1,22.6,963
9/29/2019 9:07,datasets/dataset_cropped/09_Metas/29/09/20190929090700_00160.jpg,datasets_flow/dataset_cropped/09_Metas/29/09/20190929090700_00160.jpg,datasets_cloudmask/dataset_cropped/09_Metas/29/09/20190929090700_00160.png,357.4,646.8,102.5,22.6,963
9/29/2019 9:08,datasets/dataset_cropped/09_Metas/29/09/20190929090800_00160.jpg,datasets_flow/dataset_cropped/09_Metas/29/09/20190929090800_00160.jpg,datasets_cloudmask/dataset_cropped/09_Metas/29/09/20190929090800_00160.png,360.4,648.7,103,22.7,963
9/29/2019 9:09,datasets/dataset_cropped/09_Metas/29/09/20190929090900_00160.jpg,datasets_flow/dataset_cropped/09_Metas/29/09/20190929090900_00160.jpg,datasets_cloudmask/dataset_cropped/09_Metas/29/09/20190929090900_00160.png,363.9,652,103.5,22.8,963
9/29/2019 9:10,datasets/dataset_cropped/09_Metas/29/09/20190929091000_00160.jpg,datasets_flow/dataset_cropped/09_Metas/29/09/20190929091000_00160.jpg,datasets_cloudmask/dataset_cropped/09_Metas/29/09/20190929091000_00160.png,367.3,655,103.6,22.9,963
9/29/2019 9:11,datasets/dataset_cropped/09_Metas/29/09/20190929091100_00160.jpg,datasets_flow/dataset_cropped/09_Metas/29/09/20190929091100_00160.jpg,datasets_cloudmask/dataset_cropped/09_Metas/29/09/20190929091100_00160.png,371.5,660.2,104,23,963
9/29/2019 9:12,datasets/dataset_cropped/09_Metas/29/09/20190929091200_00160.jpg,datasets_flow/dataset_cropped/09_Metas/29/09/20190929091200_00160.jpg,datasets_cloudmask/dataset_cropped/09_Metas/29/09/20190929091200_00160.png,375.1,663.5,104.2,23.1,963
9/29/2019 9:13,datasets/dataset_cropped/09_Metas/29/09/20190929091300_00160.jpg,datasets_flow/dataset_cropped/09_Metas/29/09/20190929091300_00160.jpg,datasets_cloudmask/dataset_cropped/09_Metas/29/09/20190929091300_00160.png,378.7,666.9,104.7,23.3,963
9/29/2019 9:14,datasets/dataset_cropped/09_Metas/29/09/20190929091400_00160.jpg,datasets_flow/dataset_cropped/09_Metas/29/09/20190929091400_00160.jpg,datasets_cloudmask/dataset_cropped/09_Metas/29/09/20190929091400_00160.png,382.5,670.8,104.9,23.3,963
9/29/2019 9:15,datasets/dataset_cropped/09_Metas/29/09/20190929091500_00160.jpg,datasets_flow/dataset_cropped/09_Metas/29/09/20190929091500_00160.jpg,datasets_cloudmask/dataset_cropped/09_Metas/29/09/20190929091500_00160.png,385.5,672.5,105.2,23.3,963
9/29/2019 9:16,datasets/dataset_cropped/09_Metas/29/09/20190929091600_00160.jpg,datasets_flow/dataset_cropped/09_Metas/29/09/20190929091600_00160.jpg,datasets_cloudmask/dataset_cropped/09_Metas/29/09/20190929091600_00160.png,388.5,674.1,105.5,23.4,963
9/29/2019 9:17,datasets/dataset_cropped/09_Metas/29/09/20190929091700_00160.jpg,datasets_flow/dataset_cropped/09_Metas/29/09/20190929091700_00160.jpg,datasets_cloudmask/dataset_cropped/09_Metas/29/09/20190929091700_00160.png,391.7,676.1,105.9,23.5,963
9/29/2019 9:18,datasets/dataset_cropped/09_Metas/29/09/20190929091800_00160.jpg,datasets_flow/dataset_cropped/09_Metas/29/09/20190929091800_00160.jpg,datasets_cloudmask/dataset_cropped/09_Metas/29/09/20190929091800_00160.png,395.5,679.4,106.2,23.7,963
9/29/2019 9:19,datasets/dataset_cropped/09_Metas/29/09/20190929091900_00160.jpg,datasets_flow/dataset_cropped/09_Metas/29/09/20190929091900_00160.jpg,datasets_cloudmask/dataset_cropped/09_Metas/29/09/20190929091900_00160.png,398.2,680.6,106.6,23.7,963
9/29/2019 9:20,datasets/dataset_cropped/09_Metas/29/09/20190929092000_00160.jpg,datasets_flow/dataset_cropped/09_Metas/29/09/20190929092000_00160.jpg,datasets_cloudmask/dataset_cropped/09_Metas/29/09/20190929092000_00160.png,401.4,682.9,107.3,23.7,963
9/29/2019 9:21,datasets/dataset_cropped/09_Metas/29/09/20190929092100_00160.jpg,datasets_flow/dataset_cropped/09_Metas/29/09/20190929092100_00160.jpg,datasets_cloudmask/dataset_cropped/09_Metas/29/09/20190929092100_00160.png,404.1,683.6,107.6,23.9,963
9/29/2019 9:22,datasets/dataset_cropped/09_Metas/29/09/20190929092200_00160.jpg,datasets_flow/dataset_cropped/09_Metas/29/09/20190929092200_00160.jpg,datasets_cloudmask/dataset_cropped/09_Metas/29/09/20190929092200_00160.png,408.5,688.5,108.1,24.1,963
9/29/2019 9:23,datasets/dataset_cropped/09_Metas/29/09/20190929092300_00160.jpg,datasets_flow/dataset_cropped/09_Metas/29/09/20190929092300_00160.jpg,datasets_cloudmask/dataset_cropped/09_Metas/29/09/20190929092300_00160.png,411.2,689.9,108.4,24.1,963
9/29/2019 9:24,datasets/dataset_cropped/09_Metas/29/09/20190929092400_00160.jpg,datasets_flow/dataset_cropped/09_Metas/29/09/20190929092400_00160.jpg,datasets_cloudmask/dataset_cropped/09_Metas/29/09/20190929092400_00160.png,413.3,690,108.5,24.3,963
9/29/2019 9:25,datasets/dataset_cropped/09_Metas/29/09/20190929092500_00160.jpg,datasets_flow/dataset_cropped/09_Metas/29/09/20190929092500_00160.jpg,datasets_cloudmask/dataset_cropped/09_Metas/29/09/20190929092500_00160.png,416.5,690.9,109.1,24.4,963
9/29/2019 9:26,datasets/dataset_cropped/09_Metas/29/09/20190929092600_00160.jpg,datasets_flow/dataset_cropped/09_Metas/29/09/20190929092600_00160.jpg,datasets_cloudmask/dataset_cropped/09_Metas/29/09/20190929092600_00160.png,419.8,693.1,109.5,24.4,963
9/29/2019 9:27,datasets/dataset_cropped/09_Metas/29/09/20190929092700_00160.jpg,datasets_flow/dataset_cropped/09_Metas/29/09/20190929092700_00160.jpg,datasets_cloudmask/dataset_cropped/09_Metas/29/09/20190929092700_00160.png,422.6,693.6,109.9,24.4,963
9/29/2019 9:28,datasets/dataset_cropped/09_Metas/29/09/20190929092800_00160.jpg,datasets_flow/dataset_cropped/09_Metas/29/09/20190929092800_00160.jpg,datasets_cloudmask/dataset_cropped/09_Metas/29/09/20190929092800_00160.png,424.3,691.7,110.3,24.4,963
9/29/2019 9:29,datasets/dataset_cropped/09_Metas/29/09/20190929092900_00160.jpg,datasets_flow/dataset_cropped/09_Metas/29/09/20190929092900_00160.jpg,datasets_cloudmask/dataset_cropped/09_Metas/29/09/20190929092900_00160.png,427.6,693.9,110.7,24.5,963
9/29/2019 9:30,datasets/dataset_cropped/09_Metas/29/09/20190929093000_00160.jpg,datasets_flow/dataset_cropped/09_Metas/29/09/20190929093000_00160.jpg,datasets_cloudmask/dataset_cropped/09_Metas/29/09/20190929093000_00160.png,429.9,693.6,111.4,24.7,963
9/29/2019 9:31,datasets/dataset_cropped/09_Metas/29/09/20190929093100_00160.jpg,datasets_flow/dataset_cropped/09_Metas/29/09/20190929093100_00160.jpg,datasets_cloudmask/dataset_cropped/09_Metas/29/09/20190929093100_00160.png,432.3,693.7,111.7,24.9,963
9/29/2019 9:32,datasets/dataset_cropped/09_Metas/29/09/20190929093200_00160.jpg,datasets_flow/dataset_cropped/09_Metas/29/09/20190929093200_00160.jpg,datasets_cloudmask/dataset_cropped/09_Metas/29/09/20190929093200_00160.png,435.7,696,112.1,24.9,963
9/29/2019 9:33,datasets/dataset_cropped/09_Metas/29/09/20190929093300_00160.jpg,datasets_flow/dataset_cropped/09_Metas/29/09/20190929093300_00160.jpg,datasets_cloudmask/dataset_cropped/09_Metas/29/09/20190929093300_00160.png,439.7,699.5,112.9,24.9,963
9/29/2019 9:34,datasets/dataset_cropped/09_Metas/29/09/20190929093400_00160.jpg,datasets_flow/dataset_cropped/09_Metas/29/09/20190929093400_00160.jpg,datasets_cloudmask/dataset_cropped/09_Metas/29/09/20190929093400_00160.png,443.6,703.6,113.1,25,963
9/29/2019 9:35,datasets/dataset_cropped/09_Metas/29/09/20190929093500_00160.jpg,datasets_flow/dataset_cropped/09_Metas/29/09/20190929093500_00160.jpg,datasets_cloudmask/dataset_cropped/09_Metas/29/09/20190929093500_00160.png,446.6,705.5,113.6,24.8,963
9/29/2019 9:36,datasets/dataset_cropped/09_Metas/29/09/20190929093600_00160.jpg,datasets_flow/dataset_cropped/09_Metas/29/09/20190929093600_00160.jpg,datasets_cloudmask/dataset_cropped/09_Metas/29/09/20190929093600_00160.png,451.3,710.8,113.6,24.6,963
9/29/2019 9:37,datasets/dataset_cropped/09_Metas/29/09/20190929093700_00160.jpg,datasets_flow/dataset_cropped/09_Metas/29/09/20190929093700_00160.jpg,datasets_cloudmask/dataset_cropped/09_Metas/29/09/20190929093700_00160.png,453.8,710.9,114,24.6,964
9/29/2019 9:38,datasets/dataset_cropped/09_Metas/29/09/20190929093800_00160.jpg,datasets_flow/dataset_cropped/09_Metas/29/09/20190929093800_00160.jpg,datasets_cloudmask/dataset_cropped/09_Metas/29/09/20190929093800_00160.png,456.8,712.1,114.4,24.7,963
9/29/2019 9:39,datasets/dataset_cropped/09_Metas/29/09/20190929093900_00160.jpg,datasets_flow/dataset_cropped/09_Metas/29/09/20190929093900_00160.jpg,datasets_cloudmask/dataset_cropped/09_Metas/29/09/20190929093900_00160.png,461.4,716.3,114.9,24.8,964
9/29/2019 9:40,datasets/dataset_cropped/09_Metas/29/09/20190929094000_00160.jpg,datasets_flow/dataset_cropped/09_Metas/29/09/20190929094000_00160.jpg,datasets_cloudmask/dataset_cropped/09_Metas/29/09/20190929094000_00160.png,464.1,716.7,115.4,24.8,964
9/29/2019 9:41,datasets/dataset_cropped/09_Metas/29/09/20190929094100_00160.jpg,datasets_flow/dataset_cropped/09_Metas/29/09/20190929094100_00160.jpg,datasets_cloudmask/dataset_cropped/09_Metas/29/09/20190929094100_00160.png,467.3,717.6,116,24.7,963
9/29/2019 9:42,datasets/dataset_cropped/09_Metas/29/09/20190929094200_00160.jpg,datasets_flow/dataset_cropped/09_Metas/29/09/20190929094200_00160.jpg,datasets_cloudmask/dataset_cropped/09_Metas/29/09/20190929094200_00160.png,469.5,717.1,116.3,24.6,963
9/29/2019 9:43,datasets/dataset_cropped/09_Metas/29/09/20190929094300_00160.jpg,datasets_flow/dataset_cropped/09_Metas/29/09/20190929094300_00160.jpg,datasets_cloudmask/dataset_cropped/09_Metas/29/09/20190929094300_00160.png,473.9,721.2,116.8,24.5,964
9/29/2019 9:44,datasets/dataset_cropped/09_Metas/29/09/20190929094400_00160.jpg,datasets_flow/dataset_cropped/09_Metas/29/09/20190929094400_00160.jpg,datasets_cloudmask/dataset_cropped/09_Metas/29/09/20190929094400_00160.png,477.5,723.5,117.1,24.6,964
9/29/2019 9:45,datasets/dataset_cropped/09_Metas/29/09/20190929094500_00160.jpg,datasets_flow/dataset_cropped/09_Metas/29/09/20190929094500_00160.jpg,datasets_cloudmask/dataset_cropped/09_Metas/29/09/20190929094500_00160.png,479.8,723.4,117.5,24.7,963
9/29/2019 9:46,datasets/dataset_cropped/09_Metas/29/09/20190929094600_00160.jpg,datasets_flow/dataset_cropped/09_Metas/29/09/20190929094600_00160.jpg,datasets_cloudmask/dataset_cropped/09_Metas/29/09/20190929094600_00160.png,482.9,724,118.1,24.6,963
9/29/2019 9:47,datasets/dataset_cropped/09_Metas/29/09/20190929094700_00160.jpg,datasets_flow/dataset_cropped/09_Metas/29/09/20190929094700_00160.jpg,datasets_cloudmask/dataset_cropped/09_Metas/29/09/20190929094700_00160.png,485.6,724.7,118.5,24.6,964
9/29/2019 9:48,datasets/dataset_cropped/09_Metas/29/09/20190929094800_00160.jpg,datasets_flow/dataset_cropped/09_Metas/29/09/20190929094800_00160.jpg,datasets_cloudmask/dataset_cropped/09_Metas/29/09/20190929094800_00160.png,487.9,724.8,118.9,24.7,963
9/29/2019 9:49,datasets/dataset_cropped/09_Metas/29/09/20190929094900_00160.jpg,datasets_flow/dataset_cropped/09_Metas/29/09/20190929094900_00160.jpg,datasets_cloudmask/dataset_cropped/09_Metas/29/09/20190929094900_00160.png,491.2,726.7,119.2,24.7,963
9/29/2019 9:50,datasets/dataset_cropped/09_Metas/29/09/20190929095000_00160.jpg,datasets_flow/dataset_cropped/09_Metas/29/09/20190929095000_00160.jpg,datasets_cloudmask/dataset_cropped/09_Metas/29/09/20190929095000_00160.png,493.6,727.4,119.5,24.7,964
9/29/2019 9:51,datasets/dataset_cropped/09_Metas/29/09/20190929095100_00160.jpg,datasets_flow/dataset_cropped/09_Metas/29/09/20190929095100_00160.jpg,datasets_cloudmask/dataset_cropped/09_Metas/29/09/20190929095100_00160.png,497.9,731.6,119.6,24.6,964
9/29/2019 9:52,datasets/dataset_cropped/09_Metas/29/09/20190929095200_00160.jpg,datasets_flow/dataset_cropped/09_Metas/29/09/20190929095200_00160.jpg,datasets_cloudmask/dataset_cropped/09_Metas/29/09/20190929095200_00160.png,502.1,735.3,119.9,24.7,964
9/29/2019 9:53,datasets/dataset_cropped/09_Metas/29/09/20190929095300_00160.jpg,datasets_flow/dataset_cropped/09_Metas/29/09/20190929095300_00160.jpg,datasets_cloudmask/dataset_cropped/09_Metas/29/09/20190929095300_00160.png,503.5,733.5,120.4,24.7,964
9/29/2019 9:54,datasets/dataset_cropped/09_Metas/29/09/20190929095400_00160.jpg,datasets_flow/dataset_cropped/09_Metas/29/09/20190929095400_00160.jpg,datasets_cloudmask/dataset_cropped/09_Metas/29/09/20190929095400_00160.png,506.1,734.1,120.9,24.6,964
9/29/2019 9:55,datasets/dataset_cropped/09_Metas/29/09/20190929095500_00160.jpg,datasets_flow/dataset_cropped/09_Metas/29/09/20190929095500_00160.jpg,datasets_cloudmask/dataset_cropped/09_Metas/29/09/20190929095500_00160.png,509.1,735.4,121.3,24.6,964
9/29/2019 9:56,datasets/dataset_cropped/09_Metas/29/09/20190929095600_00160.jpg,datasets_flow/dataset_cropped/09_Metas/29/09/20190929095600_00160.jpg,datasets_cloudmask/dataset_cropped/09_Metas/29/09/20190929095600_00160.png,512.9,738.3,121.7,24.3,964
9/29/2019 9:57,datasets/dataset_cropped/09_Metas/29/09/20190929095700_00160.jpg,datasets_flow/dataset_cropped/09_Metas/29/09/20190929095700_00160.jpg,datasets_cloudmask/dataset_cropped/09_Metas/29/09/20190929095700_00160.png,514.6,737.4,122.1,24.3,963
9/29/2019 9:58,datasets/dataset_cropped/09_Metas/29/09/20190929095800_00160.jpg,datasets_flow/dataset_cropped/09_Metas/29/09/20190929095800_00160.jpg,datasets_cloudmask/dataset_cropped/09_Metas/29/09/20190929095800_00160.png,517.8,739.5,122.3,24.4,964
9/29/2019 9:59,datasets/dataset_cropped/09_Metas/29/09/20190929095900_00160.jpg,datasets_flow/dataset_cropped/09_Metas/29/09/20190929095900_00160.jpg,datasets_cloudmask/dataset_cropped/09_Metas/29/09/20190929095900_00160.png,520.5,740.8,122.5,24.3,964
9/29/2019 10:00,datasets/dataset_cropped/09_Metas/29/10/20190929100000_00160.jpg,datasets_flow/dataset_cropped/09_Metas/29/10/20190929100000_00160.jpg,datasets_cloudmask/dataset_cropped/09_Metas/29/10/20190929100000_00160.png,523,741.3,122.7,24.2,964
9/29/2019 10:01,datasets/dataset_cropped/09_Metas/29/10/20190929100100_00160.jpg,datasets_flow/dataset_cropped/09_Metas/29/10/20190929100100_00160.jpg,datasets_cloudmask/dataset_cropped/09_Metas/29/10/20190929100100_00160.png,524.9,740.4,123.2,24.4,964
9/29/2019 10:02,datasets/dataset_cropped/09_Metas/29/10/20190929100200_00160.jpg,datasets_flow/dataset_cropped/09_Metas/29/10/20190929100200_00160.jpg,datasets_cloudmask/dataset_cropped/09_Metas/29/10/20190929100200_00160.png,526.3,739.1,123.5,24.4,964
9/29/2019 10:03,datasets/dataset_cropped/09_Metas/29/10/20190929100300_00160.jpg,datasets_flow/dataset_cropped/09_Metas/29/10/20190929100300_00160.jpg,datasets_cloudmask/dataset_cropped/09_Metas/29/10/20190929100300_00160.png,530.9,743.8,123.9,24.5,964
9/29/2019 10:04,datasets/dataset_cropped/09_Metas/29/10/20190929100400_00160.jpg,datasets_flow/dataset_cropped/09_Metas/29/10/20190929100400_00160.jpg,datasets_cloudmask/dataset_cropped/09_Metas/29/10/20190929100400_00160.png,535.6,748.7,124.3,24.6,964
9/29/2019 10:05,datasets/dataset_cropped/09_Metas/29/10/20190929100500_00160.jpg,datasets_flow/dataset_cropped/09_Metas/29/10/20190929100500_00160.jpg,datasets_cloudmask/dataset_cropped/09_Metas/29/10/20190929100500_00160.png,539.8,752.7,124.6,24.6,964
9/29/2019 10:06,datasets/dataset_cropped/09_Metas/29/10/20190929100600_00160.jpg,datasets_flow/dataset_cropped/09_Metas/29/10/20190929100600_00160.jpg,datasets_cloudmask/dataset_cropped/09_Metas/29/10/20190929100600_00160.png,543.1,755.1,124.7,24.6,964
9/29/2019 10:07,datasets/dataset_cropped/09_Metas/29/10/20190929100700_00160.jpg,datasets_flow/dataset_cropped/09_Metas/29/10/20190929100700_00160.jpg,datasets_cloudmask/dataset_cropped/09_Metas/29/10/20190929100700_00160.png,547.2,758.7,124.9,24.6,964
9/29/2019 10:08,datasets/dataset_cropped/09_Metas/29/10/20190929100800_00160.jpg,datasets_flow/dataset_cropped/09_Metas/29/10/20190929100800_00160.jpg,datasets_cloudmask/dataset_cropped/09_Metas/29/10/20190929100800_00160.png,549.2,757.7,125.6,24.7,964
9/29/2019 10:09,datasets/dataset_cropped/09_Metas/29/10/20190929100900_00160.jpg,datasets_flow/dataset_cropped/09_Metas/29/10/20190929100900_00160.jpg,datasets_cloudmask/dataset_cropped/09_Metas/29/10/20190929100900_00160.png,550.7,756.3,126.1,24.6,964
9/29/2019 10:10,datasets/dataset_cropped/09_Metas/29/10/20190929101000_00160.jpg,datasets_flow/dataset_cropped/09_Metas/29/10/20190929101000_00160.jpg,datasets_cloudmask/dataset_cropped/09_Metas/29/10/20190929101000_00160.png,551.8,753.8,126.7,24.6,964
9/29/2019 10:11,datasets/dataset_cropped/09_Metas/29/10/20190929101100_00160.jpg,datasets_flow/dataset_cropped/09_Metas/29/10/20190929101100_00160.jpg,datasets_cloudmask/dataset_cropped/09_Metas/29/10/20190929101100_00160.png,554.2,755.1,126.7,24.5,964
9/29/2019 10:12,datasets/dataset_cropped/09_Metas/29/10/20190929101200_00160.jpg,datasets_flow/dataset_cropped/09_Metas/29/10/20190929101200_00160.jpg,datasets_cloudmask/dataset_cropped/09_Metas/29/10/20190929101200_00160.png,557.1,756.9,126.7,24.4,964
9/29/2019 10:13,datasets/dataset_cropped/09_Metas/29/10/20190929101300_00160.jpg,datasets_flow/dataset_cropped/09_Metas/29/10/20190929101300_00160.jpg,datasets_cloudmask/dataset_cropped/09_Metas/29/10/20190929101300_00160.png,558.8,756.3,127,24.4,964
9/29/2019 10:14,datasets/dataset_cropped/09_Metas/29/10/20190929101400_00160.jpg,datasets_flow/dataset_cropped/09_Metas/29/10/20190929101400_00160.jpg,datasets_cloudmask/dataset_cropped/09_Metas/29/10/20190929101400_00160.png,562.4,758.4,127.4,24.5,964
9/29/2019 10:15,datasets/dataset_cropped/09_Metas/29/10/20190929101500_00160.jpg,datasets_flow/dataset_cropped/09_Metas/29/10/20190929101500_00160.jpg,datasets_cloudmask/dataset_cropped/09_Metas/29/10/20190929101500_00160.png,565.7,760.7,127.8,24.6,964
9/29/2019 10:16,datasets/dataset_cropped/09_Metas/29/10/20190929101600_00160.jpg,datasets_flow/dataset_cropped/09_Metas/29/10/20190929101600_00160.jpg,datasets_cloudmask/dataset_cropped/09_Metas/29/10/20190929101600_00160.png,568,761.8,127.6,24.6,964
9/29/2019 10:17,datasets/dataset_cropped/09_Metas/29/10/20190929101700_00160.jpg,datasets_flow/dataset_cropped/09_Metas/29/10/20190929101700_00160.jpg,datasets_cloudmask/dataset_cropped/09_Metas/29/10/20190929101700_00160.png,571.5,764.7,127.6,24.6,964
9/29/2019 10:18,datasets/dataset_cropped/09_Metas/29/10/20190929101800_00160.jpg,datasets_flow/dataset_cropped/09_Metas/29/10/20190929101800_00160.jpg,datasets_cloudmask/dataset_cropped/09_Metas/29/10/20190929101800_00160.png,574.5,766.6,127.8,24.5,964
9/29/2019 10:19,datasets/dataset_cropped/09_Metas/29/10/20190929101900_00160.jpg,datasets_flow/dataset_cropped/09_Metas/29/10/20190929101900_00160.jpg,datasets_cloudmask/dataset_cropped/09_Metas/29/10/20190929101900_00160.png,577.5,768.5,128,24.4,964
9/29/2019 10:20,datasets/dataset_cropped/09_Metas/29/10/20190929102000_00160.jpg,datasets_flow/dataset_cropped/09_Metas/29/10/20190929102000_00160.jpg,datasets_cloudmask/dataset_cropped/09_Metas/29/10/20190929102000_00160.png,581.2,771.6,128.3,24.4,964
9/29/2019 10:21,datasets/dataset_cropped/09_Metas/29/10/20190929102100_00160.jpg,datasets_flow/dataset_cropped/09_Metas/29/10/20190929102100_00160.jpg,datasets_cloudmask/dataset_cropped/09_Metas/29/10/20190929102100_00160.png,584.1,773,128.6,24.5,964
9/29/2019 10:22,datasets/dataset_cropped/09_Metas/29/10/20190929102200_00160.jpg,datasets_flow/dataset_cropped/09_Metas/29/10/20190929102200_00160.jpg,datasets_cloudmask/dataset_cropped/09_Metas/29/10/20190929102200_00160.png,586,772.7,129.1,24.5,964
9/29/2019 10:23,datasets/dataset_cropped/09_Metas/29/10/20190929102300_00160.jpg,datasets_flow/dataset_cropped/09_Metas/29/10/20190929102300_00160.jpg,datasets_cloudmask/dataset_cropped/09_Metas/29/10/20190929102300_00160.png,588.5,773.5,129.4,24.6,964
9/29/2019 10:24,datasets/dataset_cropped/09_Metas/29/10/20190929102400_00160.jpg,datasets_flow/dataset_cropped/09_Metas/29/10/20190929102400_00160.jpg,datasets_cloudmask/dataset_cropped/09_Metas/29/10/20190929102400_00160.png,592.5,777.1,129.4,24.5,964
9/29/2019 10:25,datasets/dataset_cropped/09_Metas/29/10/20190929102500_00160.jpg,datasets_flow/dataset_cropped/09_Metas/29/10/20190929102500_00160.jpg,datasets_cloudmask/dataset_cropped/09_Metas/29/10/20190929102500_00160.png,593.4,775.8,129.5,24.6,964
9/29/2019 10:26,datasets/dataset_cropped/09_Metas/29/10/20190929102600_00160.jpg,datasets_flow/dataset_cropped/09_Metas/29/10/20190929102600_00160.jpg,datasets_cloudmask/dataset_cropped/09_Metas/29/10/20190929102600_00160.png,594.4,774.9,129.2,24.5,964
9/29/2019 10:27,datasets/dataset_cropped/09_Metas/29/10/20190929102700_00160.jpg,datasets_flow/dataset_cropped/09_Metas/29/10/20190929102700_00160.jpg,datasets_cloudmask/dataset_cropped/09_Metas/29/10/20190929102700_00160.png,597.4,777.1,129.1,24.5,964
9/29/2019 10:28,datasets/dataset_cropped/09_Metas/29/10/20190929102800_00160.jpg,datasets_flow/dataset_cropped/09_Metas/29/10/20190929102800_00160.jpg,datasets_cloudmask/dataset_cropped/09_Metas/29/10/20190929102800_00160.png,602,781.8,129.3,24.5,964
9/29/2019 10:29,datasets/dataset_cropped/09_Metas/29/10/20190929102900_00160.jpg,datasets_flow/dataset_cropped/09_Metas/29/10/20190929102900_00160.jpg,datasets_cloudmask/dataset_cropped/09_Metas/29/10/20190929102900_00160.png,606,784.7,129.7,24.4,964
9/29/2019 10:30,datasets/dataset_cropped/09_Metas/29/10/20190929103000_00160.jpg,datasets_flow/dataset_cropped/09_Metas/29/10/20190929103000_00160.jpg,datasets_cloudmask/dataset_cropped/09_Metas/29/10/20190929103000_00160.png,608.4,785.7,130.2,24.5,964
9/29/2019 10:31,datasets/dataset_cropped/09_Metas/29/10/20190929103100_00160.jpg,datasets_flow/dataset_cropped/09_Metas/29/10/20190929103100_00160.jpg,datasets_cloudmask/dataset_cropped/09_Metas/29/10/20190929103100_00160.png,610.9,787.5,130.2,24.6,964
9/29/2019 10:32,datasets/dataset_cropped/09_Metas/29/10/20190929103200_00160.jpg,datasets_flow/dataset_cropped/09_Metas/29/10/20190929103200_00160.jpg,datasets_cloudmask/dataset_cropped/09_Metas/29/10/20190929103200_00160.png,613.8,790,130.1,24.6,964
9/29/2019 10:33,datasets/dataset_cropped/09_Metas/29/10/20190929103300_00160.jpg,datasets_flow/dataset_cropped/09_Metas/29/10/20190929103300_00160.jpg,datasets_cloudmask/dataset_cropped/09_Metas/29/10/20190929103300_00160.png,615.1,789.6,129.9,24.6,964
9/29/2019 10:34,datasets/dataset_cropped/09_Metas/29/10/20190929103400_00160.jpg,datasets_flow/dataset_cropped/09_Metas/29/10/20190929103400_00160.jpg,datasets_cloudmask/dataset_cropped/09_Metas/29/10/20190929103400_00160.png,616.2,787.9,130.2,24.8,964
9/29/2019 10:35,datasets/dataset_cropped/09_Metas/29/10/20190929103500_00160.jpg,datasets_flow/dataset_cropped/09_Metas/29/10/20190929103500_00160.jpg,datasets_cloudmask/dataset_cropped/09_Metas/29/10/20190929103500_00160.png,617.1,786.2,130.4,24.6,964
9/29/2019 10:36,datasets/dataset_cropped/09_Metas/29/10/20190929103600_00160.jpg,datasets_flow/dataset_cropped/09_Metas/29/10/20190929103600_00160.jpg,datasets_cloudmask/dataset_cropped/09_Metas/29/10/20190929103600_00160.png,620.1,788.5,130.4,24.6,964
9/29/2019 10:37,datasets/dataset_cropped/09_Metas/29/10/20190929103700_00160.jpg,datasets_flow/dataset_cropped/09_Metas/29/10/20190929103700_00160.jpg,datasets_cloudmask/dataset_cropped/09_Metas/29/10/20190929103700_00160.png,623.5,791.2,130.5,24.9,964
9/29/2019 10:38,datasets/dataset_cropped/09_Metas/29/10/20190929103800_00160.jpg,datasets_flow/dataset_cropped/09_Metas/29/10/20190929103800_00160.jpg,datasets_cloudmask/dataset_cropped/09_Metas/29/10/20190929103800_00160.png,626.1,792.6,130.6,24.9,964
9/29/2019 10:39,datasets/dataset_cropped/09_Metas/29/10/20190929103900_00160.jpg,datasets_flow/dataset_cropped/09_Metas/29/10/20190929103900_00160.jpg,datasets_cloudmask/dataset_cropped/09_Metas/29/10/20190929103900_00160.png,628.8,794.2,130.5,24.8,964
9/29/2019 10:40,datasets/dataset_cropped/09_Metas/29/10/20190929104000_00160.jpg,datasets_flow/dataset_cropped/09_Metas/29/10/20190929104000_00160.jpg,datasets_cloudmask/dataset_cropped/09_Metas/29/10/20190929104000_00160.png,632.1,796.1,131.1,24.6,964
9/29/2019 10:41,datasets/dataset_cropped/09_Metas/29/10/20190929104100_00160.jpg,datasets_flow/dataset_cropped/09_Metas/29/10/20190929104100_00160.jpg,datasets_cloudmask/dataset_cropped/09_Metas/29/10/20190929104100_00160.png,634.3,796.5,131.5,24.8,964
9/29/2019 10:42,datasets/dataset_cropped/09_Metas/29/10/20190929104200_00160.jpg,datasets_flow/dataset_cropped/09_Metas/29/10/20190929104200_00160.jpg,datasets_cloudmask/dataset_cropped/09_Metas/29/10/20190929104200_00160.png,635.7,795.8,131.9,25,964
9/29/2019 10:43,datasets/dataset_cropped/09_Metas/29/10/20190929104300_00160.jpg,datasets_flow/dataset_cropped/09_Metas/29/10/20190929104300_00160.jpg,datasets_cloudmask/dataset_cropped/09_Metas/29/10/20190929104300_00160.png,638.4,797.7,131.9,24.8,964
9/29/2019 10:44,datasets/dataset_cropped/09_Metas/29/10/20190929104400_00160.jpg,datasets_flow/dataset_cropped/09_Metas/29/10/20190929104400_00160.jpg,datasets_cloudmask/dataset_cropped/09_Metas/29/10/20190929104400_00160.png,642.1,801,131.9,24.8,964
9/29/2019 10:45,datasets/dataset_cropped/09_Metas/29/10/20190929104500_00160.jpg,datasets_flow/dataset_cropped/09_Metas/29/10/20190929104500_00160.jpg,datasets_cloudmask/dataset_cropped/09_Metas/29/10/20190929104500_00160.png,644,801,132.2,24.7,964
9/29/2019 10:46,datasets/dataset_cropped/09_Metas/29/10/20190929104600_00160.jpg,datasets_flow/dataset_cropped/09_Metas/29/10/20190929104600_00160.jpg,datasets_cloudmask/dataset_cropped/09_Metas/29/10/20190929104600_00160.png,645.6,800,132.9,24.8,964
9/29/2019 10:47,datasets/dataset_cropped/09_Metas/29/10/20190929104700_00160.jpg,datasets_flow/dataset_cropped/09_Metas/29/10/20190929104700_00160.jpg,datasets_cloudmask/dataset_cropped/09_Metas/29/10/20190929104700_00160.png,648.2,801,133.4,24.8,964
9/29/2019 10:48,datasets/dataset_cropped/09_Metas/29/10/20190929104800_00160.jpg,datasets_flow/dataset_cropped/09_Metas/29/10/20190929104800_00160.jpg,datasets_cloudmask/dataset_cropped/09_Metas/29/10/20190929104800_00160.png,648.3,798.7,133.5,25,964
9/29/2019 10:49,datasets/dataset_cropped/09_Metas/29/10/20190929104900_00160.jpg,datasets_flow/dataset_cropped/09_Metas/29/10/20190929104900_00160.jpg,datasets_cloudmask/dataset_cropped/09_Metas/29/10/20190929104900_00160.png,649.6,797.6,133.8,24.9,964
9/29/2019 10:50,datasets/dataset_cropped/09_Metas/29/10/20190929105000_00160.jpg,datasets_flow/dataset_cropped/09_Metas/29/10/20190929105000_00160.jpg,datasets_cloudmask/dataset_cropped/09_Metas/29/10/20190929105000_00160.png,652.3,799,134,24.6,964
9/29/2019 10:51,datasets/dataset_cropped/09_Metas/29/10/20190929105100_00160.jpg,datasets_flow/dataset_cropped/09_Metas/29/10/20190929105100_00160.jpg,datasets_cloudmask/dataset_cropped/09_Metas/29/10/20190929105100_00160.png,655.5,801,134.3,24.6,964
9/29/2019 10:52,datasets/dataset_cropped/09_Metas/29/10/20190929105200_00160.jpg,datasets_flow/dataset_cropped/09_Metas/29/10/20190929105200_00160.jpg,datasets_cloudmask/dataset_cropped/09_Metas/29/10/20190929105200_00160.png,655.7,798.6,134.5,24.4,964
9/29/2019 10:53,datasets/dataset_cropped/09_Metas/29/10/20190929105300_00160.jpg,datasets_flow/dataset_cropped/09_Metas/29/10/20190929105300_00160.jpg,datasets_cloudmask/dataset_cropped/09_Metas/29/10/20190929105300_00160.png,657,798.1,134.8,24.6,964
9/29/2019 10:54,datasets/dataset_cropped/09_Metas/29/10/20190929105400_00160.jpg,datasets_flow/dataset_cropped/09_Metas/29/10/20190929105400_00160.jpg,datasets_cloudmask/dataset_cropped/09_Metas/29/10/20190929105400_00160.png,660.6,802,134.8,24.9,964
9/29/2019 10:55,datasets/dataset_cropped/09_Metas/29/10/20190929105500_00160.jpg,datasets_flow/dataset_cropped/09_Metas/29/10/20190929105500_00160.jpg,datasets_cloudmask/dataset_cropped/09_Metas/29/10/20190929105500_00160.png,663.7,804,134.7,24.8,964
9/29/2019 10:56,datasets/dataset_cropped/09_Metas/29/10/20190929105600_00160.jpg,datasets_flow/dataset_cropped/09_Metas/29/10/20190929105600_00160.jpg,datasets_cloudmask/dataset_cropped/09_Metas/29/10/20190929105600_00160.png,664.9,802,135.3,24.6,964
9/29/2019 10:57,datasets/dataset_cropped/09_Metas/29/10/20190929105700_00160.jpg,datasets_flow/dataset_cropped/09_Metas/29/10/20190929105700_00160.jpg,datasets_cloudmask/dataset_cropped/09_Metas/29/10/20190929105700_00160.png,665.3,799.8,135.8,24.6,964
9/29/2019 10:58,datasets/dataset_cropped/09_Metas/29/10/20190929105800_00160.jpg,datasets_flow/dataset_cropped/09_Metas/29/10/20190929105800_00160.jpg,datasets_cloudmask/dataset_cropped/09_Metas/29/10/20190929105800_00160.png,667.1,800,135.9,24.9,964
9/29/2019 10:59,datasets/dataset_cropped/09_Metas/29/10/20190929105900_00160.jpg,datasets_flow/dataset_cropped/09_Metas/29/10/20190929105900_00160.jpg,datasets_cloudmask/dataset_cropped/09_Metas/29/10/20190929105900_00160.png,669.5,802,135.9,24.9,964
9/29/2019 11:00,datasets/dataset_cropped/09_Metas/29/11/20190929110000_00160.jpg,datasets_flow/dataset_cropped/09_Metas/29/11/20190929110000_00160.jpg,datasets_cloudmask/dataset_cropped/09_Metas/29/11/20190929110000_00160.png,671.7,804,135.6,25,964
9/29/2019 11:01,datasets/dataset_cropped/09_Metas/29/11/20190929110100_00160.jpg,datasets_flow/dataset_cropped/09_Metas/29/11/20190929110100_00160.jpg,datasets_cloudmask/dataset_cropped/09_Metas/29/11/20190929110100_00160.png,674,805.5,135.5,24.9,964
9/29/2019 11:02,datasets/dataset_cropped/09_Metas/29/11/20190929110200_00160.jpg,datasets_flow/dataset_cropped/09_Metas/29/11/20190929110200_00160.jpg,datasets_cloudmask/dataset_cropped/09_Metas/29/11/20190929110200_00160.png,676.3,807,135.4,24.8,964
9/29/2019 11:03,datasets/dataset_cropped/09_Metas/29/11/20190929110300_00160.jpg,datasets_flow/dataset_cropped/09_Metas/29/11/20190929110300_00160.jpg,datasets_cloudmask/dataset_cropped/09_Metas/29/11/20190929110300_00160.png,678.5,809,135.5,24.9,964
9/29/2019 11:04,datasets/dataset_cropped/09_Metas/29/11/20190929110400_00160.jpg,datasets_flow/dataset_cropped/09_Metas/29/11/20190929110400_00160.jpg,datasets_cloudmask/dataset_cropped/09_Metas/29/11/20190929110400_00160.png,682.4,813,135.1,24.7,964
9/29/2019 11:05,datasets/dataset_cropped/09_Metas/29/11/20190929110500_00160.jpg,datasets_flow/dataset_cropped/09_Metas/29/11/20190929110500_00160.jpg,datasets_cloudmask/dataset_cropped/09_Metas/29/11/20190929110500_00160.png,683.9,814,134.8,24.8,964
9/29/2019 11:06,datasets/dataset_cropped/09_Metas/29/11/20190929110600_00160.jpg,datasets_flow/dataset_cropped/09_Metas/29/11/20190929110600_00160.jpg,datasets_cloudmask/dataset_cropped/09_Metas/29/11/20190929110600_00160.png,685.4,814,134.8,24.9,964
9/29/2019 11:07,datasets/dataset_cropped/09_Metas/29/11/20190929110700_00160.jpg,datasets_flow/dataset_cropped/09_Metas/29/11/20190929110700_00160.jpg,datasets_cloudmask/dataset_cropped/09_Metas/29/11/20190929110700_00160.png,687.8,816,134.6,24.9,964
9/29/2019 11:08,datasets/dataset_cropped/09_Metas/29/11/20190929110800_00160.jpg,datasets_flow/dataset_cropped/09_Metas/29/11/20190929110800_00160.jpg,datasets_cloudmask/dataset_cropped/09_Metas/29/11/20190929110800_00160.png,690.8,818,134.8,25.3,964
9/29/2019 11:09,datasets/dataset_cropped/09_Metas/29/11/20190929110900_00160.jpg,datasets_flow/dataset_cropped/09_Metas/29/11/20190929110900_00160.jpg,datasets_cloudmask/dataset_cropped/09_Metas/29/11/20190929110900_00160.png,693,819,135,25.2,964
9/29/2019 11:10,datasets/dataset_cropped/09_Metas/29/11/20190929111000_00160.jpg,datasets_flow/dataset_cropped/09_Metas/29/11/20190929111000_00160.jpg,datasets_cloudmask/dataset_cropped/09_Metas/29/11/20190929111000_00160.png,695.2,820,135,25,964
9/29/2019 11:11,datasets/dataset_cropped/09_Metas/29/11/20190929111100_00160.jpg,datasets_flow/dataset_cropped/09_Metas/29/11/20190929111100_00160.jpg,datasets_cloudmask/dataset_cropped/09_Metas/29/11/20190929111100_00160.png,698.5,823,135,25,964
9/29/2019 11:12,datasets/dataset_cropped/09_Metas/29/11/20190929111200_00160.jpg,datasets_flow/dataset_cropped/09_Metas/29/11/20190929111200_00160.jpg,datasets_cloudmask/dataset_cropped/09_Metas/29/11/20190929111200_00160.png,700,823,134.8,25.1,964
9/29/2019 11:13,datasets/dataset_cropped/09_Metas/29/11/20190929111300_00160.jpg,datasets_flow/dataset_cropped/09_Metas/29/11/20190929111300_00160.jpg,datasets_cloudmask/dataset_cropped/09_Metas/29/11/20190929111300_00160.png,700.9,822,134.7,24.9,964
9/29/2019 11:14,datasets/dataset_cropped/09_Metas/29/11/20190929111400_00160.jpg,datasets_flow/dataset_cropped/09_Metas/29/11/20190929111400_00160.jpg,datasets_cloudmask/dataset_cropped/09_Metas/29/11/20190929111400_00160.png,703.1,823,134.7,24.9,964
9/29/2019 11:15,datasets/dataset_cropped/09_Metas/29/11/20190929111500_00160.jpg,datasets_flow/dataset_cropped/09_Metas/29/11/20190929111500_00160.jpg,datasets_cloudmask/dataset_cropped/09_Metas/29/11/20190929111500_00160.png,706.2,827,134.4,25,964
9/29/2019 11:16,datasets/dataset_cropped/09_Metas/29/11/20190929111600_00160.jpg,datasets_flow/dataset_cropped/09_Metas/29/11/20190929111600_00160.jpg,datasets_cloudmask/dataset_cropped/09_Metas/29/11/20190929111600_00160.png,708.1,827,134.5,25.1,964
9/29/2019 11:17,datasets/dataset_cropped/09_Metas/29/11/20190929111700_00160.jpg,datasets_flow/dataset_cropped/09_Metas/29/11/20190929111700_00160.jpg,datasets_cloudmask/dataset_cropped/09_Metas/29/11/20190929111700_00160.png,709.6,827,134.7,25.2,964
9/29/2019 11:18,datasets/dataset_cropped/09_Metas/29/11/20190929111800_00160.jpg,datasets_flow/dataset_cropped/09_Metas/29/11/20190929111800_00160.jpg,datasets_cloudmask/dataset_cropped/09_Metas/29/11/20190929111800_00160.png,711.5,828,134.8,25.1,964
9/29/2019 11:19,datasets/dataset_cropped/09_Metas/29/11/20190929111900_00160.jpg,datasets_flow/dataset_cropped/09_Metas/29/11/20190929111900_00160.jpg,datasets_cloudmask/dataset_cropped/09_Metas/29/11/20190929111900_00160.png,714.4,831,134.9,24.9,964
9/29/2019 11:20,datasets/dataset_cropped/09_Metas/29/11/20190929112000_00160.jpg,datasets_flow/dataset_cropped/09_Metas/29/11/20190929112000_00160.jpg,datasets_cloudmask/dataset_cropped/09_Metas/29/11/20190929112000_00160.png,713.7,828,134.8,25.1,964
9/29/2019 11:21,datasets/dataset_cropped/09_Metas/29/11/20190929112100_00160.jpg,datasets_flow/dataset_cropped/09_Metas/29/11/20190929112100_00160.jpg,datasets_cloudmask/dataset_cropped/09_Metas/29/11/20190929112100_00160.png,715.5,829,135.1,25,964
9/29/2019 11:22,datasets/dataset_cropped/09_Metas/29/11/20190929112200_00160.jpg,datasets_flow/dataset_cropped/09_Metas/29/11/20190929112200_00160.jpg,datasets_cloudmask/dataset_cropped/09_Metas/29/11/20190929112200_00160.png,716.7,829,135.4,24.9,963
9/29/2019 11:23,datasets/dataset_cropped/09_Metas/29/11/20190929112300_00160.jpg,datasets_flow/dataset_cropped/09_Metas/29/11/20190929112300_00160.jpg,datasets_cloudmask/dataset_cropped/09_Metas/29/11/20190929112300_00160.png,718.2,828,135.9,25,964
9/29/2019 11:24,datasets/dataset_cropped/09_Metas/29/11/20190929112400_00160.jpg,datasets_flow/dataset_cropped/09_Metas/29/11/20190929112400_00160.jpg,datasets_cloudmask/dataset_cropped/09_Metas/29/11/20190929112400_00160.png,719.8,830,135.6,25.2,963
9/29/2019 11:25,datasets/dataset_cropped/09_Metas/29/11/20190929112500_00160.jpg,datasets_flow/dataset_cropped/09_Metas/29/11/20190929112500_00160.jpg,datasets_cloudmask/dataset_cropped/09_Metas/29/11/20190929112500_00160.png,721.9,831,135.2,25.3,963
9/29/2019 11:26,datasets/dataset_cropped/09_Metas/29/11/20190929112600_00160.jpg,datasets_flow/dataset_cropped/09_Metas/29/11/20190929112600_00160.jpg,datasets_cloudmask/dataset_cropped/09_Metas/29/11/20190929112600_00160.png,723.8,833,135,25.3,963
9/29/2019 11:27,datasets/dataset_cropped/09_Metas/29/11/20190929112700_00160.jpg,datasets_flow/dataset_cropped/09_Metas/29/11/20190929112700_00160.jpg,datasets_cloudmask/dataset_cropped/09_Metas/29/11/20190929112700_00160.png,726.1,835,134.2,25.3,963
9/29/2019 11:28,datasets/dataset_cropped/09_Metas/29/11/20190929112800_00160.jpg,datasets_flow/dataset_cropped/09_Metas/29/11/20190929112800_00160.jpg,datasets_cloudmask/dataset_cropped/09_Metas/29/11/20190929112800_00160.png,729.1,838,133.3,25.4,964
9/29/2019 11:29,datasets/dataset_cropped/09_Metas/29/11/20190929112900_00160.jpg,datasets_flow/dataset_cropped/09_Metas/29/11/20190929112900_00160.jpg,datasets_cloudmask/dataset_cropped/09_Metas/29/11/20190929112900_00160.png,729.9,838,133.2,25.4,963
9/29/2019 11:30,datasets/dataset_cropped/09_Metas/29/11/20190929113000_00160.jpg,datasets_flow/dataset_cropped/09_Metas/29/11/20190929113000_00160.jpg,datasets_cloudmask/dataset_cropped/09_Metas/29/11/20190929113000_00160.png,731.1,838,133.1,25.5,963
9/29/2019 11:31,datasets/dataset_cropped/09_Metas/29/11/20190929113100_00160.jpg,datasets_flow/dataset_cropped/09_Metas/29/11/20190929113100_00160.jpg,datasets_cloudmask/dataset_cropped/09_Metas/29/11/20190929113100_00160.png,733.1,840,133.1,25.6,964
9/29/2019 11:32,datasets/dataset_cropped/09_Metas/29/11/20190929113200_00160.jpg,datasets_flow/dataset_cropped/09_Metas/29/11/20190929113200_00160.jpg,datasets_cloudmask/dataset_cropped/09_Metas/29/11/20190929113200_00160.png,734.6,841,133.1,25.8,963
9/29/2019 11:33,datasets/dataset_cropped/09_Metas/29/11/20190929113300_00160.jpg,datasets_flow/dataset_cropped/09_Metas/29/11/20190929113300_00160.jpg,datasets_cloudmask/dataset_cropped/09_Metas/29/11/20190929113300_00160.png,735.5,841,133.1,25.6,964
9/29/2019 11:34,datasets/dataset_cropped/09_Metas/29/11/20190929113400_00160.jpg,datasets_flow/dataset_cropped/09_Metas/29/11/20190929113400_00160.jpg,datasets_cloudmask/dataset_cropped/09_Metas/29/11/20190929113400_00160.png,737.2,842,132.8,25.7,964
9/29/2019 11:35,datasets/dataset_cropped/09_Metas/29/11/20190929113500_00160.jpg,datasets_flow/dataset_cropped/09_Metas/29/11/20190929113500_00160.jpg,datasets_cloudmask/dataset_cropped/09_Metas/29/11/20190929113500_00160.png,737.5,841,132.5,25.8,964
9/29/2019 11:36,datasets/dataset_cropped/09_Metas/29/11/20190929113600_00160.jpg,datasets_flow/dataset_cropped/09_Metas/29/11/20190929113600_00160.jpg,datasets_cloudmask/dataset_cropped/09_Metas/29/11/20190929113600_00160.png,738.3,841,132.1,25.6,963
9/29/2019 11:37,datasets/dataset_cropped/09_Metas/29/11/20190929113700_00160.jpg,datasets_flow/dataset_cropped/09_Metas/29/11/20190929113700_00160.jpg,datasets_cloudmask/dataset_cropped/09_Metas/29/11/20190929113700_00160.png,744.5,849,131.8,25.6,964
9/29/2019 11:38,datasets/dataset_cropped/09_Metas/29/11/20190929113800_00160.jpg,datasets_flow/dataset_cropped/09_Metas/29/11/20190929113800_00160.jpg,datasets_cloudmask/dataset_cropped/09_Metas/29/11/20190929113800_00160.png,745.1,849,131.5,25.8,963
9/29/2019 11:39,datasets/dataset_cropped/09_Metas/29/11/20190929113900_00160.jpg,datasets_flow/dataset_cropped/09_Metas/29/11/20190929113900_00160.jpg,datasets_cloudmask/dataset_cropped/09_Metas/29/11/20190929113900_00160.png,745.7,849,131.3,25.6,963
9/29/2019 11:40,datasets/dataset_cropped/09_Metas/29/11/20190929114000_00160.jpg,datasets_flow/dataset_cropped/09_Metas/29/11/20190929114000_00160.jpg,datasets_cloudmask/dataset_cropped/09_Metas/29/11/20190929114000_00160.png,748.6,851,131.2,25.6,963
9/29/2019 11:41,datasets/dataset_cropped/09_Metas/29/11/20190929114100_00160.jpg,datasets_flow/dataset_cropped/09_Metas/29/11/20190929114100_00160.jpg,datasets_cloudmask/dataset_cropped/09_Metas/29/11/20190929114100_00160.png,749.6,851,131.3,25.6,963
9/29/2019 11:42,datasets/dataset_cropped/09_Metas/29/11/20190929114200_00160.jpg,datasets_flow/dataset_cropped/09_Metas/29/11/20190929114200_00160.jpg,datasets_cloudmask/dataset_cropped/09_Metas/29/11/20190929114200_00160.png,751.5,853,131,25.7,963
9/29/2019 11:43,datasets/dataset_cropped/09_Metas/29/11/20190929114300_00160.jpg,datasets_flow/dataset_cropped/09_Metas/29/11/20190929114300_00160.jpg,datasets_cloudmask/dataset_cropped/09_Metas/29/11/20190929114300_00160.png,750.9,851,131,25.8,963
9/29/2019 11:44,datasets/dataset_cropped/09_Metas/29/11/20190929114400_00160.jpg,datasets_flow/dataset_cropped/09_Metas/29/11/20190929114400_00160.jpg,datasets_cloudmask/dataset_cropped/09_Metas/29/11/20190929114400_00160.png,752.3,851,131.2,25.8,963
9/29/2019 11:45,datasets/dataset_cropped/09_Metas/29/11/20190929114500_00160.jpg,datasets_flow/dataset_cropped/09_Metas/29/11/20190929114500_00160.jpg,datasets_cloudmask/dataset_cropped/09_Metas/29/11/20190929114500_00160.png,751.9,849,131,25.8,963
9/29/2019 11:46,datasets/dataset_cropped/09_Metas/29/11/20190929114600_00160.jpg,datasets_flow/dataset_cropped/09_Metas/29/11/20190929114600_00160.jpg,datasets_cloudmask/dataset_cropped/09_Metas/29/11/20190929114600_00160.png,751.2,847,130.9,25.9,963
9/29/2019 11:47,datasets/dataset_cropped/09_Metas/29/11/20190929114700_00160.jpg,datasets_flow/dataset_cropped/09_Metas/29/11/20190929114700_00160.jpg,datasets_cloudmask/dataset_cropped/09_Metas/29/11/20190929114700_00160.png,751.6,846,131,26.2,963
9/29/2019 11:48,datasets/dataset_cropped/09_Metas/29/11/20190929114800_00160.jpg,datasets_flow/dataset_cropped/09_Metas/29/11/20190929114800_00160.jpg,datasets_cloudmask/dataset_cropped/09_Metas/29/11/20190929114800_00160.png,753.4,847,130.9,26.5,963
9/29/2019 11:49,datasets/dataset_cropped/09_Metas/29/11/20190929114900_00160.jpg,datasets_flow/dataset_cropped/09_Metas/29/11/20190929114900_00160.jpg,datasets_cloudmask/dataset_cropped/09_Metas/29/11/20190929114900_00160.png,756.2,851,130.5,26.6,963
9/29/2019 11:50,datasets/dataset_cropped/09_Metas/29/11/20190929115000_00160.jpg,datasets_flow/dataset_cropped/09_Metas/29/11/20190929115000_00160.jpg,datasets_cloudmask/dataset_cropped/09_Metas/29/11/20190929115000_00160.png,757.8,853,130.1,26.5,963
9/29/2019 11:51,datasets/dataset_cropped/09_Metas/29/11/20190929115100_00160.jpg,datasets_flow/dataset_cropped/09_Metas/29/11/20190929115100_00160.jpg,datasets_cloudmask/dataset_cropped/09_Metas/29/11/20190929115100_00160.png,759.4,855,129.7,26.4,963
9/29/2019 11:52,datasets/dataset_cropped/09_Metas/29/11/20190929115200_00160.jpg,datasets_flow/dataset_cropped/09_Metas/29/11/20190929115200_00160.jpg,datasets_cloudmask/dataset_cropped/09_Metas/29/11/20190929115200_00160.png,761.3,857,129,26.3,963
9/29/2019 11:53,datasets/dataset_cropped/09_Metas/29/11/20190929115300_00160.jpg,datasets_flow/dataset_cropped/09_Metas/29/11/20190929115300_00160.jpg,datasets_cloudmask/dataset_cropped/09_Metas/29/11/20190929115300_00160.png,763.5,859,128.5,26.5,964
9/29/2019 11:54,datasets/dataset_cropped/09_Metas/29/11/20190929115400_00160.jpg,datasets_flow/dataset_cropped/09_Metas/29/11/20190929115400_00160.jpg,datasets_cloudmask/dataset_cropped/09_Metas/29/11/20190929115400_00160.png,765.3,861,128.3,26.4,963
9/29/2019 11:55,datasets/dataset_cropped/09_Metas/29/11/20190929115500_00160.jpg,datasets_flow/dataset_cropped/09_Metas/29/11/20190929115500_00160.jpg,datasets_cloudmask/dataset_cropped/09_Metas/29/11/20190929115500_00160.png,766.4,861,128.2,26.5,963
9/29/2019 11:56,datasets/dataset_cropped/09_Metas/29/11/20190929115600_00160.jpg,datasets_flow/dataset_cropped/09_Metas/29/11/20190929115600_00160.jpg,datasets_cloudmask/dataset_cropped/09_Metas/29/11/20190929115600_00160.png,768.9,864,128.1,26.6,963
9/29/2019 11:57,datasets/dataset_cropped/09_Metas/29/11/20190929115700_00160.jpg,datasets_flow/dataset_cropped/09_Metas/29/11/20190929115700_00160.jpg,datasets_cloudmask/dataset_cropped/09_Metas/29/11/20190929115700_00160.png,768.9,863,127.7,26.4,963
9/29/2019 11:58,datasets/dataset_cropped/09_Metas/29/11/20190929115800_00160.jpg,datasets_flow/dataset_cropped/09_Metas/29/11/20190929115800_00160.jpg,datasets_cloudmask/dataset_cropped/09_Metas/29/11/20190929115800_00160.png,770.5,865,127.2,26.3,963
9/29/2019 11:59,datasets/dataset_cropped/09_Metas/29/11/20190929115900_00160.jpg,datasets_flow/dataset_cropped/09_Metas/29/11/20190929115900_00160.jpg,datasets_cloudmask/dataset_cropped/09_Metas/29/11/20190929115900_00160.png,773,868,126.9,26.2,963
9/29/2019 12:00,datasets/dataset_cropped/09_Metas/29/12/20190929120000_00160.jpg,datasets_flow/dataset_cropped/09_Metas/29/12/20190929120000_00160.jpg,datasets_cloudmask/dataset_cropped/09_Metas/29/12/20190929120000_00160.png,774.4,871,126.2,26.3,963
9/29/2019 12:01,datasets/dataset_cropped/09_Metas/29/12/20190929120100_00160.jpg,datasets_flow/dataset_cropped/09_Metas/29/12/20190929120100_00160.jpg,datasets_cloudmask/dataset_cropped/09_Metas/29/12/20190929120100_00160.png,771.5,866,125.5,26.5,963
9/29/2019 12:02,datasets/dataset_cropped/09_Metas/29/12/20190929120200_00160.jpg,datasets_flow/dataset_cropped/09_Metas/29/12/20190929120200_00160.jpg,datasets_cloudmask/dataset_cropped/09_Metas/29/12/20190929120200_00160.png,773.1,867,125.2,26.6,963
9/29/2019 12:03,datasets/dataset_cropped/09_Metas/29/12/20190929120300_00160.jpg,datasets_flow/dataset_cropped/09_Metas/29/12/20190929120300_00160.jpg,datasets_cloudmask/dataset_cropped/09_Metas/29/12/20190929120300_00160.png,775.5,870,124.9,26.6,963
9/29/2019 12:04,datasets/dataset_cropped/09_Metas/29/12/20190929120400_00160.jpg,datasets_flow/dataset_cropped/09_Metas/29/12/20190929120400_00160.jpg,datasets_cloudmask/dataset_cropped/09_Metas/29/12/20190929120400_00160.png,777.9,872,124.4,26.7,963
9/29/2019 12:05,datasets/dataset_cropped/09_Metas/29/12/20190929120500_00160.jpg,datasets_flow/dataset_cropped/09_Metas/29/12/20190929120500_00160.jpg,datasets_cloudmask/dataset_cropped/09_Metas/29/12/20190929120500_00160.png,782.7,877,124.5,26.9,963
9/29/2019 12:06,datasets/dataset_cropped/09_Metas/29/12/20190929120600_00160.jpg,datasets_flow/dataset_cropped/09_Metas/29/12/20190929120600_00160.jpg,datasets_cloudmask/dataset_cropped/09_Metas/29/12/20190929120600_00160.png,783.2,877,124.8,27,963
9/29/2019 12:07,datasets/dataset_cropped/09_Metas/29/12/20190929120700_00160.jpg,datasets_flow/dataset_cropped/09_Metas/29/12/20190929120700_00160.jpg,datasets_cloudmask/dataset_cropped/09_Metas/29/12/20190929120700_00160.png,782.1,875,125.3,26.9,963
9/29/2019 12:08,datasets/dataset_cropped/09_Metas/29/12/20190929120800_00160.jpg,datasets_flow/dataset_cropped/09_Metas/29/12/20190929120800_00160.jpg,datasets_cloudmask/dataset_cropped/09_Metas/29/12/20190929120800_00160.png,783.2,877,124.4,26.8,963
9/29/2019 12:09,datasets/dataset_cropped/09_Metas/29/12/20190929120900_00160.jpg,datasets_flow/dataset_cropped/09_Metas/29/12/20190929120900_00160.jpg,datasets_cloudmask/dataset_cropped/09_Metas/29/12/20190929120900_00160.png,784.5,878,123.8,26.8,963
9/29/2019 12:10,datasets/dataset_cropped/09_Metas/29/12/20190929121000_00160.jpg,datasets_flow/dataset_cropped/09_Metas/29/12/20190929121000_00160.jpg,datasets_cloudmask/dataset_cropped/09_Metas/29/12/20190929121000_00160.png,785.1,877,123.8,27,963
9/29/2019 12:11,datasets/dataset_cropped/09_Metas/29/12/20190929121100_00160.jpg,datasets_flow/dataset_cropped/09_Metas/29/12/20190929121100_00160.jpg,datasets_cloudmask/dataset_cropped/09_Metas/29/12/20190929121100_00160.png,786.7,879,123.2,27,963
9/29/2019 12:12,datasets/dataset_cropped/09_Metas/29/12/20190929121200_00160.jpg,datasets_flow/dataset_cropped/09_Metas/29/12/20190929121200_00160.jpg,datasets_cloudmask/dataset_cropped/09_Metas/29/12/20190929121200_00160.png,788.6,880,123,27,963
9/29/2019 12:13,datasets/dataset_cropped/09_Metas/29/12/20190929121300_00160.jpg,datasets_flow/dataset_cropped/09_Metas/29/12/20190929121300_00160.jpg,datasets_cloudmask/dataset_cropped/09_Metas/29/12/20190929121300_00160.png,788.2,879,122.6,26.8,963
9/29/2019 12:14,datasets/dataset_cropped/09_Metas/29/12/20190929121400_00160.jpg,datasets_flow/dataset_cropped/09_Metas/29/12/20190929121400_00160.jpg,datasets_cloudmask/dataset_cropped/09_Metas/29/12/20190929121400_00160.png,789.3,880,122.3,26.8,963
9/29/2019 12:15,datasets/dataset_cropped/09_Metas/29/12/20190929121500_00160.jpg,datasets_flow/dataset_cropped/09_Metas/29/12/20190929121500_00160.jpg,datasets_cloudmask/dataset_cropped/09_Metas/29/12/20190929121500_00160.png,790.8,881,122.5,26.6,963
9/29/2019 12:16,datasets/dataset_cropped/09_Metas/29/12/20190929121600_00160.jpg,datasets_flow/dataset_cropped/09_Metas/29/12/20190929121600_00160.jpg,datasets_cloudmask/dataset_cropped/09_Metas/29/12/20190929121600_00160.png,792,882,122.4,26.5,963
9/29/2019 12:17,datasets/dataset_cropped/09_Metas/29/12/20190929121700_00160.jpg,datasets_flow/dataset_cropped/09_Metas/29/12/20190929121700_00160.jpg,datasets_cloudmask/dataset_cropped/09_Metas/29/12/20190929121700_00160.png,791.7,881,122.5,26.6,963
9/29/2019 12:18,datasets/dataset_cropped/09_Metas/29/12/20190929121800_00160.jpg,datasets_flow/dataset_cropped/09_Metas/29/12/20190929121800_00160.jpg,datasets_cloudmask/dataset_cropped/09_Metas/29/12/20190929121800_00160.png,793.7,883,122.3,26.6,963
9/29/2019 12:19,datasets/dataset_cropped/09_Metas/29/12/20190929121900_00160.jpg,datasets_flow/dataset_cropped/09_Metas/29/12/20190929121900_00160.jpg,datasets_cloudmask/dataset_cropped/09_Metas/29/12/20190929121900_00160.png,795,885,122.1,26.8,963
9/29/2019 12:20,datasets/dataset_cropped/09_Metas/29/12/20190929122000_00160.jpg,datasets_flow/dataset_cropped/09_Metas/29/12/20190929122000_00160.jpg,datasets_cloudmask/dataset_cropped/09_Metas/29/12/20190929122000_00160.png,795.5,884,121.9,27.1,963
9/29/2019 12:21,datasets/dataset_cropped/09_Metas/29/12/20190929122100_00160.jpg,datasets_flow/dataset_cropped/09_Metas/29/12/20190929122100_00160.jpg,datasets_cloudmask/dataset_cropped/09_Metas/29/12/20190929122100_00160.png,796.8,884,122.4,27.2,963
9/29/2019 12:22,datasets/dataset_cropped/09_Metas/29/12/20190929122200_00160.jpg,datasets_flow/dataset_cropped/09_Metas/29/12/20190929122200_00160.jpg,datasets_cloudmask/dataset_cropped/09_Metas/29/12/20190929122200_00160.png,794.3,880,122.8,27.1,963
9/29/2019 12:23,datasets/dataset_cropped/09_Metas/29/12/20190929122300_00160.jpg,datasets_flow/dataset_cropped/09_Metas/29/12/20190929122300_00160.jpg,datasets_cloudmask/dataset_cropped/09_Metas/29/12/20190929122300_00160.png,791.6,876,122.9,27.1,963
9/29/2019 12:24,datasets/dataset_cropped/09_Metas/29/12/20190929122400_00160.jpg,datasets_flow/dataset_cropped/09_Metas/29/12/20190929122400_00160.jpg,datasets_cloudmask/dataset_cropped/09_Metas/29/12/20190929122400_00160.png,792,877,122.5,27.3,963
9/29/2019 12:25,datasets/dataset_cropped/09_Metas/29/12/20190929122500_00160.jpg,datasets_flow/dataset_cropped/09_Metas/29/12/20190929122500_00160.jpg,datasets_cloudmask/dataset_cropped/09_Metas/29/12/20190929122500_00160.png,793.4,878,122.5,27.2,963
9/29/2019 12:26,datasets/dataset_cropped/09_Metas/29/12/20190929122600_00160.jpg,datasets_flow/dataset_cropped/09_Metas/29/12/20190929122600_00160.jpg,datasets_cloudmask/dataset_cropped/09_Metas/29/12/20190929122600_00160.png,794.5,878,122.6,27.3,963
9/29/2019 12:27,datasets/dataset_cropped/09_Metas/29/12/20190929122700_00160.jpg,datasets_flow/dataset_cropped/09_Metas/29/12/20190929122700_00160.jpg,datasets_cloudmask/dataset_cropped/09_Metas/29/12/20190929122700_00160.png,795.4,878,123.4,27.4,963
9/29/2019 12:28,datasets/dataset_cropped/09_Metas/29/12/20190929122800_00160.jpg,datasets_flow/dataset_cropped/09_Metas/29/12/20190929122800_00160.jpg,datasets_cloudmask/dataset_cropped/09_Metas/29/12/20190929122800_00160.png,796.2,878,123.3,27.4,963
9/29/2019 12:29,datasets/dataset_cropped/09_Metas/29/12/20190929122900_00160.jpg,datasets_flow/dataset_cropped/09_Metas/29/12/20190929122900_00160.jpg,datasets_cloudmask/dataset_cropped/09_Metas/29/12/20190929122900_00160.png,796.1,877,123.4,27.4,963
9/29/2019 12:30,datasets/dataset_cropped/09_Metas/29/12/20190929123000_00160.jpg,datasets_flow/dataset_cropped/09_Metas/29/12/20190929123000_00160.jpg,datasets_cloudmask/dataset_cropped/09_Metas/29/12/20190929123000_00160.png,795.3,875,123.3,27.7,963
9/29/2019 12:31,datasets/dataset_cropped/09_Metas/29/12/20190929123100_00160.jpg,datasets_flow/dataset_cropped/09_Metas/29/12/20190929123100_00160.jpg,datasets_cloudmask/dataset_cropped/09_Metas/29/12/20190929123100_00160.png,793.8,872,123,27.7,963
9/29/2019 12:32,datasets/dataset_cropped/09_Metas/29/12/20190929123200_00160.jpg,datasets_flow/dataset_cropped/09_Metas/29/12/20190929123200_00160.jpg,datasets_cloudmask/dataset_cropped/09_Metas/29/12/20190929123200_00160.png,795.5,874,123,27.8,963
9/29/2019 12:33,datasets/dataset_cropped/09_Metas/29/12/20190929123300_00160.jpg,datasets_flow/dataset_cropped/09_Metas/29/12/20190929123300_00160.jpg,datasets_cloudmask/dataset_cropped/09_Metas/29/12/20190929123300_00160.png,797.2,876,123.1,27.6,963
9/29/2019 12:34,datasets/dataset_cropped/09_Metas/29/12/20190929123400_00160.jpg,datasets_flow/dataset_cropped/09_Metas/29/12/20190929123400_00160.jpg,datasets_cloudmask/dataset_cropped/09_Metas/29/12/20190929123400_00160.png,800,880,123.1,27.7,963
9/29/2019 12:35,datasets/dataset_cropped/09_Metas/29/12/20190929123500_00160.jpg,datasets_flow/dataset_cropped/09_Metas/29/12/20190929123500_00160.jpg,datasets_cloudmask/dataset_cropped/09_Metas/29/12/20190929123500_00160.png,800,880,123.1,27.6,963
9/29/2019 12:36,datasets/dataset_cropped/09_Metas/29/12/20190929123600_00160.jpg,datasets_flow/dataset_cropped/09_Metas/29/12/20190929123600_00160.jpg,datasets_cloudmask/dataset_cropped/09_Metas/29/12/20190929123600_00160.png,799.4,879,123.3,27.5,963
9/29/2019 12:37,datasets/dataset_cropped/09_Metas/29/12/20190929123700_00160.jpg,datasets_flow/dataset_cropped/09_Metas/29/12/20190929123700_00160.jpg,datasets_cloudmask/dataset_cropped/09_Metas/29/12/20190929123700_00160.png,800,880,123.4,27.5,963
9/29/2019 12:38,datasets/dataset_cropped/09_Metas/29/12/20190929123800_00160.jpg,datasets_flow/dataset_cropped/09_Metas/29/12/20190929123800_00160.jpg,datasets_cloudmask/dataset_cropped/09_Metas/29/12/20190929123800_00160.png,799.7,879,123.3,27.6,963
9/29/2019 12:39,datasets/dataset_cropped/09_Metas/29/12/20190929123900_00160.jpg,datasets_flow/dataset_cropped/09_Metas/29/12/20190929123900_00160.jpg,datasets_cloudmask/dataset_cropped/09_Metas/29/12/20190929123900_00160.png,802,881,123.2,27.7,963
9/29/2019 12:40,datasets/dataset_cropped/09_Metas/29/12/20190929124000_00160.jpg,datasets_flow/dataset_cropped/09_Metas/29/12/20190929124000_00160.jpg,datasets_cloudmask/dataset_cropped/09_Metas/29/12/20190929124000_00160.png,803,882,122.5,27.6,963
9/29/2019 12:41,datasets/dataset_cropped/09_Metas/29/12/20190929124100_00160.jpg,datasets_flow/dataset_cropped/09_Metas/29/12/20190929124100_00160.jpg,datasets_cloudmask/dataset_cropped/09_Metas/29/12/20190929124100_00160.png,802,881,122.3,27.7,963
9/29/2019 12:42,datasets/dataset_cropped/09_Metas/29/12/20190929124200_00160.jpg,datasets_flow/dataset_cropped/09_Metas/29/12/20190929124200_00160.jpg,datasets_cloudmask/dataset_cropped/09_Metas/29/12/20190929124200_00160.png,802,881,122.5,27.5,963
9/29/2019 12:43,datasets/dataset_cropped/09_Metas/29/12/20190929124300_00160.jpg,datasets_flow/dataset_cropped/09_Metas/29/12/20190929124300_00160.jpg,datasets_cloudmask/dataset_cropped/09_Metas/29/12/20190929124300_00160.png,803,882,122,27.4,963
9/29/2019 12:44,datasets/dataset_cropped/09_Metas/29/12/20190929124400_00160.jpg,datasets_flow/dataset_cropped/09_Metas/29/12/20190929124400_00160.jpg,datasets_cloudmask/dataset_cropped/09_Metas/29/12/20190929124400_00160.png,803,882,122,27.6,963
9/29/2019 12:45,datasets/dataset_cropped/09_Metas/29/12/20190929124500_00160.jpg,datasets_flow/dataset_cropped/09_Metas/29/12/20190929124500_00160.jpg,datasets_cloudmask/dataset_cropped/09_Metas/29/12/20190929124500_00160.png,803,880,122,27.5,963
9/29/2019 12:46,datasets/dataset_cropped/09_Metas/29/12/20190929124600_00160.jpg,datasets_flow/dataset_cropped/09_Metas/29/12/20190929124600_00160.jpg,datasets_cloudmask/dataset_cropped/09_Metas/29/12/20190929124600_00160.png,803,880,122.4,27.7,963
9/29/2019 12:47,datasets/dataset_cropped/09_Metas/29/12/20190929124700_00160.jpg,datasets_flow/dataset_cropped/09_Metas/29/12/20190929124700_00160.jpg,datasets_cloudmask/dataset_cropped/09_Metas/29/12/20190929124700_00160.png,804,881,122.4,27.7,963
9/29/2019 12:48,datasets/dataset_cropped/09_Metas/29/12/20190929124800_00160.jpg,datasets_flow/dataset_cropped/09_Metas/29/12/20190929124800_00160.jpg,datasets_cloudmask/dataset_cropped/09_Metas/29/12/20190929124800_00160.png,803,880,121.9,27.8,963
9/29/2019 12:49,datasets/dataset_cropped/09_Metas/29/12/20190929124900_00160.jpg,datasets_flow/dataset_cropped/09_Metas/29/12/20190929124900_00160.jpg,datasets_cloudmask/dataset_cropped/09_Metas/29/12/20190929124900_00160.png,803,880,121.6,27.6,963
9/29/2019 12:50,datasets/dataset_cropped/09_Metas/29/12/20190929125000_00160.jpg,datasets_flow/dataset_cropped/09_Metas/29/12/20190929125000_00160.jpg,datasets_cloudmask/dataset_cropped/09_Metas/29/12/20190929125000_00160.png,803,880,121.1,27.6,963
9/29/2019 12:51,datasets/dataset_cropped/09_Metas/29/12/20190929125100_00160.jpg,datasets_flow/dataset_cropped/09_Metas/29/12/20190929125100_00160.jpg,datasets_cloudmask/dataset_cropped/09_Metas/29/12/20190929125100_00160.png,804,882,120.3,27.8,963
9/29/2019 12:52,datasets/dataset_cropped/09_Metas/29/12/20190929125200_00160.jpg,datasets_flow/dataset_cropped/09_Metas/29/12/20190929125200_00160.jpg,datasets_cloudmask/dataset_cropped/09_Metas/29/12/20190929125200_00160.png,806,886,119.9,27.6,963
9/29/2019 12:53,datasets/dataset_cropped/09_Metas/29/12/20190929125300_00160.jpg,datasets_flow/dataset_cropped/09_Metas/29/12/20190929125300_00160.jpg,datasets_cloudmask/dataset_cropped/09_Metas/29/12/20190929125300_00160.png,807,888,119.6,27.3,963
9/29/2019 12:54,datasets/dataset_cropped/09_Metas/29/12/20190929125400_00160.jpg,datasets_flow/dataset_cropped/09_Metas/29/12/20190929125400_00160.jpg,datasets_cloudmask/dataset_cropped/09_Metas/29/12/20190929125400_00160.png,807,888,119.2,27.5,963
9/29/2019 12:55,datasets/dataset_cropped/09_Metas/29/12/20190929125500_00160.jpg,datasets_flow/dataset_cropped/09_Metas/29/12/20190929125500_00160.jpg,datasets_cloudmask/dataset_cropped/09_Metas/29/12/20190929125500_00160.png,809,890,118.7,27.7,963
9/29/2019 12:56,datasets/dataset_cropped/09_Metas/29/12/20190929125600_00160.jpg,datasets_flow/dataset_cropped/09_Metas/29/12/20190929125600_00160.jpg,datasets_cloudmask/dataset_cropped/09_Metas/29/12/20190929125600_00160.png,807,888,118.3,27.7,963
9/29/2019 12:57,datasets/dataset_cropped/09_Metas/29/12/20190929125700_00160.jpg,datasets_flow/dataset_cropped/09_Metas/29/12/20190929125700_00160.jpg,datasets_cloudmask/dataset_cropped/09_Metas/29/12/20190929125700_00160.png,808,889,118.4,27.9,963
9/29/2019 12:58,datasets/dataset_cropped/09_Metas/29/12/20190929125800_00160.jpg,datasets_flow/dataset_cropped/09_Metas/29/12/20190929125800_00160.jpg,datasets_cloudmask/dataset_cropped/09_Metas/29/12/20190929125800_00160.png,807,888,118,27.6,963
9/29/2019 12:59,datasets/dataset_cropped/09_Metas/29/12/20190929125900_00160.jpg,datasets_flow/dataset_cropped/09_Metas/29/12/20190929125900_00160.jpg,datasets_cloudmask/dataset_cropped/09_Metas/29/12/20190929125900_00160.png,807,889,117.6,27.5,963
9/29/2019 13:00,datasets/dataset_cropped/09_Metas/29/13/20190929130000_00160.jpg,datasets_flow/dataset_cropped/09_Metas/29/13/20190929130000_00160.jpg,datasets_cloudmask/dataset_cropped/09_Metas/29/13/20190929130000_00160.png,807,889,117.1,27.6,963
9/29/2019 13:01,datasets/dataset_cropped/09_Metas/29/13/20190929130100_00160.jpg,datasets_flow/dataset_cropped/09_Metas/29/13/20190929130100_00160.jpg,datasets_cloudmask/dataset_cropped/09_Metas/29/13/20190929130100_00160.png,806,889,117.1,27.6,963
9/29/2019 13:02,datasets/dataset_cropped/09_Metas/29/13/20190929130200_00160.jpg,datasets_flow/dataset_cropped/09_Metas/29/13/20190929130200_00160.jpg,datasets_cloudmask/dataset_cropped/09_Metas/29/13/20190929130200_00160.png,808,891,117.3,27.4,963
9/29/2019 13:03,datasets/dataset_cropped/09_Metas/29/13/20190929130300_00160.jpg,datasets_flow/dataset_cropped/09_Metas/29/13/20190929130300_00160.jpg,datasets_cloudmask/dataset_cropped/09_Metas/29/13/20190929130300_00160.png,807,891,117.2,27.1,963
9/29/2019 13:04,datasets/dataset_cropped/09_Metas/29/13/20190929130400_00160.jpg,datasets_flow/dataset_cropped/09_Metas/29/13/20190929130400_00160.jpg,datasets_cloudmask/dataset_cropped/09_Metas/29/13/20190929130400_00160.png,806,891,116.9,27.1,963
9/29/2019 13:05,datasets/dataset_cropped/09_Metas/29/13/20190929130500_00160.jpg,datasets_flow/dataset_cropped/09_Metas/29/13/20190929130500_00160.jpg,datasets_cloudmask/dataset_cropped/09_Metas/29/13/20190929130500_00160.png,806,891,116.8,27.1,963
9/29/2019 13:06,datasets/dataset_cropped/09_Metas/29/13/20190929130600_00160.jpg,datasets_flow/dataset_cropped/09_Metas/29/13/20190929130600_00160.jpg,datasets_cloudmask/dataset_cropped/09_Metas/29/13/20190929130600_00160.png,807,893,116.6,27.2,963
9/29/2019 13:07,datasets/dataset_cropped/09_Metas/29/13/20190929130700_00160.jpg,datasets_flow/dataset_cropped/09_Metas/29/13/20190929130700_00160.jpg,datasets_cloudmask/dataset_cropped/09_Metas/29/13/20190929130700_00160.png,806,893,116.4,27.4,963
9/29/2019 13:08,datasets/dataset_cropped/09_Metas/29/13/20190929130800_00160.jpg,datasets_flow/dataset_cropped/09_Metas/29/13/20190929130800_00160.jpg,datasets_cloudmask/dataset_cropped/09_Metas/29/13/20190929130800_00160.png,807,893,116.3,27.4,963
9/29/2019 13:09,datasets/dataset_cropped/09_Metas/29/13/20190929130900_00160.jpg,datasets_flow/dataset_cropped/09_Metas/29/13/20190929130900_00160.jpg,datasets_cloudmask/dataset_cropped/09_Metas/29/13/20190929130900_00160.png,807,894,116.3,27.3,963
9/29/2019 13:10,datasets/dataset_cropped/09_Metas/29/13/20190929131000_00160.jpg,datasets_flow/dataset_cropped/09_Metas/29/13/20190929131000_00160.jpg,datasets_cloudmask/dataset_cropped/09_Metas/29/13/20190929131000_00160.png,806,893,116.5,27.5,963
9/29/2019 13:11,datasets/dataset_cropped/09_Metas/29/13/20190929131100_00160.jpg,datasets_flow/dataset_cropped/09_Metas/29/13/20190929131100_00160.jpg,datasets_cloudmask/dataset_cropped/09_Metas/29/13/20190929131100_00160.png,805,891,116.3,27.6,963
9/29/2019 13:12,datasets/dataset_cropped/09_Metas/29/13/20190929131200_00160.jpg,datasets_flow/dataset_cropped/09_Metas/29/13/20190929131200_00160.jpg,datasets_cloudmask/dataset_cropped/09_Metas/29/13/20190929131200_00160.png,806,893,116.1,27.6,963
9/29/2019 13:13,datasets/dataset_cropped/09_Metas/29/13/20190929131300_00160.jpg,datasets_flow/dataset_cropped/09_Metas/29/13/20190929131300_00160.jpg,datasets_cloudmask/dataset_cropped/09_Metas/29/13/20190929131300_00160.png,804,891,115.8,27.7,963
9/29/2019 13:14,datasets/dataset_cropped/09_Metas/29/13/20190929131400_00160.jpg,datasets_flow/dataset_cropped/09_Metas/29/13/20190929131400_00160.jpg,datasets_cloudmask/dataset_cropped/09_Metas/29/13/20190929131400_00160.png,804,891,115.7,27.9,963
9/29/2019 13:15,datasets/dataset_cropped/09_Metas/29/13/20190929131500_00160.jpg,datasets_flow/dataset_cropped/09_Metas/29/13/20190929131500_00160.jpg,datasets_cloudmask/dataset_cropped/09_Metas/29/13/20190929131500_00160.png,804,892,115.8,28,963
9/29/2019 13:16,datasets/dataset_cropped/09_Metas/29/13/20190929131600_00160.jpg,datasets_flow/dataset_cropped/09_Metas/29/13/20190929131600_00160.jpg,datasets_cloudmask/dataset_cropped/09_Metas/29/13/20190929131600_00160.png,804,893,115.8,27.8,963
9/29/2019 13:17,datasets/dataset_cropped/09_Metas/29/13/20190929131700_00160.jpg,datasets_flow/dataset_cropped/09_Metas/29/13/20190929131700_00160.jpg,datasets_cloudmask/dataset_cropped/09_Metas/29/13/20190929131700_00160.png,804,893,115.6,27.8,963
9/29/2019 13:18,datasets/dataset_cropped/09_Metas/29/13/20190929131800_00160.jpg,datasets_flow/dataset_cropped/09_Metas/29/13/20190929131800_00160.jpg,datasets_cloudmask/dataset_cropped/09_Metas/29/13/20190929131800_00160.png,803,893,115.5,27.7,963
9/29/2019 13:19,datasets/dataset_cropped/09_Metas/29/13/20190929131900_00160.jpg,datasets_flow/dataset_cropped/09_Metas/29/13/20190929131900_00160.jpg,datasets_cloudmask/dataset_cropped/09_Metas/29/13/20190929131900_00160.png,802,892,115.4,27.6,963
9/29/2019 13:20,datasets/dataset_cropped/09_Metas/29/13/20190929132000_00160.jpg,datasets_flow/dataset_cropped/09_Metas/29/13/20190929132000_00160.jpg,datasets_cloudmask/dataset_cropped/09_Metas/29/13/20190929132000_00160.png,803,894,115.3,27.6,963
9/29/2019 13:21,datasets/dataset_cropped/09_Metas/29/13/20190929132100_00160.jpg,datasets_flow/dataset_cropped/09_Metas/29/13/20190929132100_00160.jpg,datasets_cloudmask/dataset_cropped/09_Metas/29/13/20190929132100_00160.png,803,895,114.7,27.7,963
9/29/2019 13:22,datasets/dataset_cropped/09_Metas/29/13/20190929132200_00160.jpg,datasets_flow/dataset_cropped/09_Metas/29/13/20190929132200_00160.jpg,datasets_cloudmask/dataset_cropped/09_Metas/29/13/20190929132200_00160.png,803,895,113.9,27.8,963
9/29/2019 13:23,datasets/dataset_cropped/09_Metas/29/13/20190929132300_00160.jpg,datasets_flow/dataset_cropped/09_Metas/29/13/20190929132300_00160.jpg,datasets_cloudmask/dataset_cropped/09_Metas/29/13/20190929132300_00160.png,805,899,113.7,28,963
9/29/2019 13:24,datasets/dataset_cropped/09_Metas/29/13/20190929132400_00160.jpg,datasets_flow/dataset_cropped/09_Metas/29/13/20190929132400_00160.jpg,datasets_cloudmask/dataset_cropped/09_Metas/29/13/20190929132400_00160.png,806,901,113.1,28.4,963
9/29/2019 13:25,datasets/dataset_cropped/09_Metas/29/13/20190929132500_00160.jpg,datasets_flow/dataset_cropped/09_Metas/29/13/20190929132500_00160.jpg,datasets_cloudmask/dataset_cropped/09_Metas/29/13/20190929132500_00160.png,805,900,112.7,28.7,963
9/29/2019 13:26,datasets/dataset_cropped/09_Metas/29/13/20190929132600_00160.jpg,datasets_flow/dataset_cropped/09_Metas/29/13/20190929132600_00160.jpg,datasets_cloudmask/dataset_cropped/09_Metas/29/13/20190929132600_00160.png,803,899,112.7,28.6,963
9/29/2019 13:27,datasets/dataset_cropped/09_Metas/29/13/20190929132700_00160.jpg,datasets_flow/dataset_cropped/09_Metas/29/13/20190929132700_00160.jpg,datasets_cloudmask/dataset_cropped/09_Metas/29/13/20190929132700_00160.png,804,900,112.4,28.4,963
9/29/2019 13:28,datasets/dataset_cropped/09_Metas/29/13/20190929132800_00160.jpg,datasets_flow/dataset_cropped/09_Metas/29/13/20190929132800_00160.jpg,datasets_cloudmask/dataset_cropped/09_Metas/29/13/20190929132800_00160.png,801,896,112.3,28.3,963
9/29/2019 13:29,datasets/dataset_cropped/09_Metas/29/13/20190929132900_00160.jpg,datasets_flow/dataset_cropped/09_Metas/29/13/20190929132900_00160.jpg,datasets_cloudmask/dataset_cropped/09_Metas/29/13/20190929132900_00160.png,797.8,892,112.3,28.3,963
9/29/2019 13:30,datasets/dataset_cropped/09_Metas/29/13/20190929133000_00160.jpg,datasets_flow/dataset_cropped/09_Metas/29/13/20190929133000_00160.jpg,datasets_cloudmask/dataset_cropped/09_Metas/29/13/20190929133000_00160.png,797.2,892,112.4,28,963
9/29/2019 13:31,datasets/dataset_cropped/09_Metas/29/13/20190929133100_00160.jpg,datasets_flow/dataset_cropped/09_Metas/29/13/20190929133100_00160.jpg,datasets_cloudmask/dataset_cropped/09_Metas/29/13/20190929133100_00160.png,799,895,112.3,28.1,963
9/29/2019 13:32,datasets/dataset_cropped/09_Metas/29/13/20190929133200_00160.jpg,datasets_flow/dataset_cropped/09_Metas/29/13/20190929133200_00160.jpg,datasets_cloudmask/dataset_cropped/09_Metas/29/13/20190929133200_00160.png,799.5,896,112.4,28.2,962
9/29/2019 13:33,datasets/dataset_cropped/09_Metas/29/13/20190929133300_00160.jpg,datasets_flow/dataset_cropped/09_Metas/29/13/20190929133300_00160.jpg,datasets_cloudmask/dataset_cropped/09_Metas/29/13/20190929133300_00160.png,800,897,112.1,28.2,962
9/29/2019 13:34,datasets/dataset_cropped/09_Metas/29/13/20190929133400_00160.jpg,datasets_flow/dataset_cropped/09_Metas/29/13/20190929133400_00160.jpg,datasets_cloudmask/dataset_cropped/09_Metas/29/13/20190929133400_00160.png,799.3,897,112,28.3,963
9/29/2019 13:35,datasets/dataset_cropped/09_Metas/29/13/20190929133500_00160.jpg,datasets_flow/dataset_cropped/09_Metas/29/13/20190929133500_00160.jpg,datasets_cloudmask/dataset_cropped/09_Metas/29/13/20190929133500_00160.png,796.5,894,112.2,28.2,962
9/29/2019 13:36,datasets/dataset_cropped/09_Metas/29/13/20190929133600_00160.jpg,datasets_flow/dataset_cropped/09_Metas/29/13/20190929133600_00160.jpg,datasets_cloudmask/dataset_cropped/09_Metas/29/13/20190929133600_00160.png,795.5,893,112.1,28.2,962
9/29/2019 13:37,datasets/dataset_cropped/09_Metas/29/13/20190929133700_00160.jpg,datasets_flow/dataset_cropped/09_Metas/29/13/20190929133700_00160.jpg,datasets_cloudmask/dataset_cropped/09_Metas/29/13/20190929133700_00160.png,793.7,891,112.4,27.9,962
9/29/2019 13:38,datasets/dataset_cropped/09_Metas/29/13/20190929133800_00160.jpg,datasets_flow/dataset_cropped/09_Metas/29/13/20190929133800_00160.jpg,datasets_cloudmask/dataset_cropped/09_Metas/29/13/20190929133800_00160.png,792.5,890,112.8,27.9,962
9/29/2019 13:39,datasets/dataset_cropped/09_Metas/29/13/20190929133900_00160.jpg,datasets_flow/dataset_cropped/09_Metas/29/13/20190929133900_00160.jpg,datasets_cloudmask/dataset_cropped/09_Metas/29/13/20190929133900_00160.png,790.8,889,112.9,28.1,962
9/29/2019 13:40,datasets/dataset_cropped/09_Metas/29/13/20190929134000_00160.jpg,datasets_flow/dataset_cropped/09_Metas/29/13/20190929134000_00160.jpg,datasets_cloudmask/dataset_cropped/09_Metas/29/13/20190929134000_00160.png,788.4,887,112.9,28.5,962
9/29/2019 13:41,datasets/dataset_cropped/09_Metas/29/13/20190929134100_00160.jpg,datasets_flow/dataset_cropped/09_Metas/29/13/20190929134100_00160.jpg,datasets_cloudmask/dataset_cropped/09_Metas/29/13/20190929134100_00160.png,787.1,886,112.9,28.8,962
9/29/2019 13:42,datasets/dataset_cropped/09_Metas/29/13/20190929134200_00160.jpg,datasets_flow/dataset_cropped/09_Metas/29/13/20190929134200_00160.jpg,datasets_cloudmask/dataset_cropped/09_Metas/29/13/20190929134200_00160.png,787,887,113.2,28.7,962
9/29/2019 13:43,datasets/dataset_cropped/09_Metas/29/13/20190929134300_00160.jpg,datasets_flow/dataset_cropped/09_Metas/29/13/20190929134300_00160.jpg,datasets_cloudmask/dataset_cropped/09_Metas/29/13/20190929134300_00160.png,787.1,888,113.4,28.6,962
9/29/2019 13:44,datasets/dataset_cropped/09_Metas/29/13/20190929134400_00160.jpg,datasets_flow/dataset_cropped/09_Metas/29/13/20190929134400_00160.jpg,datasets_cloudmask/dataset_cropped/09_Metas/29/13/20190929134400_00160.png,786.3,887,113.3,28.6,962
9/29/2019 13:45,datasets/dataset_cropped/09_Metas/29/13/20190929134500_00160.jpg,datasets_flow/dataset_cropped/09_Metas/29/13/20190929134500_00160.jpg,datasets_cloudmask/dataset_cropped/09_Metas/29/13/20190929134500_00160.png,782.8,883,112.8,28.7,962
9/29/2019 13:46,datasets/dataset_cropped/09_Metas/29/13/20190929134600_00160.jpg,datasets_flow/dataset_cropped/09_Metas/29/13/20190929134600_00160.jpg,datasets_cloudmask/dataset_cropped/09_Metas/29/13/20190929134600_00160.png,783.5,885,112.5,28.9,962
9/29/2019 13:47,datasets/dataset_cropped/09_Metas/29/13/20190929134700_00160.jpg,datasets_flow/dataset_cropped/09_Metas/29/13/20190929134700_00160.jpg,datasets_cloudmask/dataset_cropped/09_Metas/29/13/20190929134700_00160.png,785.7,891,112.1,29,962
9/29/2019 13:48,datasets/dataset_cropped/09_Metas/29/13/20190929134800_00160.jpg,datasets_flow/dataset_cropped/09_Metas/29/13/20190929134800_00160.jpg,datasets_cloudmask/dataset_cropped/09_Metas/29/13/20190929134800_00160.png,787.1,895,110.9,28.9,962
9/29/2019 13:49,datasets/dataset_cropped/09_Metas/29/13/20190929134900_00160.jpg,datasets_flow/dataset_cropped/09_Metas/29/13/20190929134900_00160.jpg,datasets_cloudmask/dataset_cropped/09_Metas/29/13/20190929134900_00160.png,789.6,900,110.3,29,962
9/29/2019 13:50,datasets/dataset_cropped/09_Metas/29/13/20190929135000_00160.jpg,datasets_flow/dataset_cropped/09_Metas/29/13/20190929135000_00160.jpg,datasets_cloudmask/dataset_cropped/09_Metas/29/13/20190929135000_00160.png,787,897,109.9,28.9,962
9/29/2019 13:51,datasets/dataset_cropped/09_Metas/29/13/20190929135100_00160.jpg,datasets_flow/dataset_cropped/09_Metas/29/13/20190929135100_00160.jpg,datasets_cloudmask/dataset_cropped/09_Metas/29/13/20190929135100_00160.png,780.2,888,110.4,29.1,962
9/29/2019 13:52,datasets/dataset_cropped/09_Metas/29/13/20190929135200_00160.jpg,datasets_flow/dataset_cropped/09_Metas/29/13/20190929135200_00160.jpg,datasets_cloudmask/dataset_cropped/09_Metas/29/13/20190929135200_00160.png,780.7,889,110.8,29,962
9/29/2019 13:53,datasets/dataset_cropped/09_Metas/29/13/20190929135300_00160.jpg,datasets_flow/dataset_cropped/09_Metas/29/13/20190929135300_00160.jpg,datasets_cloudmask/dataset_cropped/09_Metas/29/13/20190929135300_00160.png,780.9,890,110.6,28.9,962
9/29/2019 13:54,datasets/dataset_cropped/09_Metas/29/13/20190929135400_00160.jpg,datasets_flow/dataset_cropped/09_Metas/29/13/20190929135400_00160.jpg,datasets_cloudmask/dataset_cropped/09_Metas/29/13/20190929135400_00160.png,781.8,894,109.8,28.8,962
9/29/2019 13:55,datasets/dataset_cropped/09_Metas/29/13/20190929135500_00160.jpg,datasets_flow/dataset_cropped/09_Metas/29/13/20190929135500_00160.jpg,datasets_cloudmask/dataset_cropped/09_Metas/29/13/20190929135500_00160.png,782.9,896,108.9,28.8,962
9/29/2019 13:56,datasets/dataset_cropped/09_Metas/29/13/20190929135600_00160.jpg,datasets_flow/dataset_cropped/09_Metas/29/13/20190929135600_00160.jpg,datasets_cloudmask/dataset_cropped/09_Metas/29/13/20190929135600_00160.png,781.7,896,108.3,28.6,962
9/29/2019 13:57,datasets/dataset_cropped/09_Metas/29/13/20190929135700_00160.jpg,datasets_flow/dataset_cropped/09_Metas/29/13/20190929135700_00160.jpg,datasets_cloudmask/dataset_cropped/09_Metas/29/13/20190929135700_00160.png,779,894,108,28.4,962
9/29/2019 13:58,datasets/dataset_cropped/09_Metas/29/13/20190929135800_00160.jpg,datasets_flow/dataset_cropped/09_Metas/29/13/20190929135800_00160.jpg,datasets_cloudmask/dataset_cropped/09_Metas/29/13/20190929135800_00160.png,778.9,895,108,28.5,962
9/29/2019 13:59,datasets/dataset_cropped/09_Metas/29/13/20190929135900_00160.jpg,datasets_flow/dataset_cropped/09_Metas/29/13/20190929135900_00160.jpg,datasets_cloudmask/dataset_cropped/09_Metas/29/13/20190929135900_00160.png,778,895,108.4,28.5,962
9/29/2019 14:00,datasets/dataset_cropped/09_Metas/29/14/20190929140000_00160.jpg,datasets_flow/dataset_cropped/09_Metas/29/14/20190929140000_00160.jpg,datasets_cloudmask/dataset_cropped/09_Metas/29/14/20190929140000_00160.png,775.3,893,108.6,28.5,962
9/29/2019 14:01,datasets/dataset_cropped/09_Metas/29/14/20190929140100_00160.jpg,datasets_flow/dataset_cropped/09_Metas/29/14/20190929140100_00160.jpg,datasets_cloudmask/dataset_cropped/09_Metas/29/14/20190929140100_00160.png,773,891,108.8,28.9,962
9/29/2019 14:02,datasets/dataset_cropped/09_Metas/29/14/20190929140200_00160.jpg,datasets_flow/dataset_cropped/09_Metas/29/14/20190929140200_00160.jpg,datasets_cloudmask/dataset_cropped/09_Metas/29/14/20190929140200_00160.png,770.6,889,108.7,29.1,962
9/29/2019 14:03,datasets/dataset_cropped/09_Metas/29/14/20190929140300_00160.jpg,datasets_flow/dataset_cropped/09_Metas/29/14/20190929140300_00160.jpg,datasets_cloudmask/dataset_cropped/09_Metas/29/14/20190929140300_00160.png,770.8,890,108.9,29,962
9/29/2019 14:04,datasets/dataset_cropped/09_Metas/29/14/20190929140400_00160.jpg,datasets_flow/dataset_cropped/09_Metas/29/14/20190929140400_00160.jpg,datasets_cloudmask/dataset_cropped/09_Metas/29/14/20190929140400_00160.png,769.5,890,108.5,28.8,962
9/29/2019 14:05,datasets/dataset_cropped/09_Metas/29/14/20190929140500_00160.jpg,datasets_flow/dataset_cropped/09_Metas/29/14/20190929140500_00160.jpg,datasets_cloudmask/dataset_cropped/09_Metas/29/14/20190929140500_00160.png,770.3,893,107.6,28.9,962
9/29/2019 14:06,datasets/dataset_cropped/09_Metas/29/14/20190929140600_00160.jpg,datasets_flow/dataset_cropped/09_Metas/29/14/20190929140600_00160.jpg,datasets_cloudmask/dataset_cropped/09_Metas/29/14/20190929140600_00160.png,769.7,894,106.9,29.1,962
9/29/2019 14:07,datasets/dataset_cropped/09_Metas/29/14/20190929140700_00160.jpg,datasets_flow/dataset_cropped/09_Metas/29/14/20190929140700_00160.jpg,datasets_cloudmask/dataset_cropped/09_Metas/29/14/20190929140700_00160.png,768.6,893,106.6,29.2,962
9/29/2019 14:08,datasets/dataset_cropped/09_Metas/29/14/20190929140800_00160.jpg,datasets_flow/dataset_cropped/09_Metas/29/14/20190929140800_00160.jpg,datasets_cloudmask/dataset_cropped/09_Metas/29/14/20190929140800_00160.png,764.5,889,106.8,29.3,962
9/29/2019 14:09,datasets/dataset_cropped/09_Metas/29/14/20190929140900_00160.jpg,datasets_flow/dataset_cropped/09_Metas/29/14/20190929140900_00160.jpg,datasets_cloudmask/dataset_cropped/09_Metas/29/14/20190929140900_00160.png,762,887,107.3,29.6,962
9/29/2019 14:10,datasets/dataset_cropped/09_Metas/29/14/20190929141000_00160.jpg,datasets_flow/dataset_cropped/09_Metas/29/14/20190929141000_00160.jpg,datasets_cloudmask/dataset_cropped/09_Metas/29/14/20190929141000_00160.png,760.6,887,107.7,29.6,962
9/29/2019 14:11,datasets/dataset_cropped/09_Metas/29/14/20190929141100_00160.jpg,datasets_flow/dataset_cropped/09_Metas/29/14/20190929141100_00160.jpg,datasets_cloudmask/dataset_cropped/09_Metas/29/14/20190929141100_00160.png,759.1,886,108.3,29.5,962
9/29/2019 14:12,datasets/dataset_cropped/09_Metas/29/14/20190929141200_00160.jpg,datasets_flow/dataset_cropped/09_Metas/29/14/20190929141200_00160.jpg,datasets_cloudmask/dataset_cropped/09_Metas/29/14/20190929141200_00160.png,759.5,888,108.4,29.4,962
9/29/2019 14:13,datasets/dataset_cropped/09_Metas/29/14/20190929141300_00160.jpg,datasets_flow/dataset_cropped/09_Metas/29/14/20190929141300_00160.jpg,datasets_cloudmask/dataset_cropped/09_Metas/29/14/20190929141300_00160.png,758.9,888,108.3,29.4,962
9/29/2019 14:14,datasets/dataset_cropped/09_Metas/29/14/20190929141400_00160.jpg,datasets_flow/dataset_cropped/09_Metas/29/14/20190929141400_00160.jpg,datasets_cloudmask/dataset_cropped/09_Metas/29/14/20190929141400_00160.png,758.2,888,108.3,29.5,962
9/29/2019 14:15,datasets/dataset_cropped/09_Metas/29/14/20190929141500_00160.jpg,datasets_flow/dataset_cropped/09_Metas/29/14/20190929141500_00160.jpg,datasets_cloudmask/dataset_cropped/09_Metas/29/14/20190929141500_00160.png,757.1,888,108,29.5,962
9/29/2019 14:16,datasets/dataset_cropped/09_Metas/29/14/20190929141600_00160.jpg,datasets_flow/dataset_cropped/09_Metas/29/14/20190929141600_00160.jpg,datasets_cloudmask/dataset_cropped/09_Metas/29/14/20190929141600_00160.png,753.8,883,107.9,29.3,962
9/29/2019 14:17,datasets/dataset_cropped/09_Metas/29/14/20190929141700_00160.jpg,datasets_flow/dataset_cropped/09_Metas/29/14/20190929141700_00160.jpg,datasets_cloudmask/dataset_cropped/09_Metas/29/14/20190929141700_00160.png,751.2,880,108.4,29.5,962
9/29/2019 14:18,datasets/dataset_cropped/09_Metas/29/14/20190929141800_00160.jpg,datasets_flow/dataset_cropped/09_Metas/29/14/20190929141800_00160.jpg,datasets_cloudmask/dataset_cropped/09_Metas/29/14/20190929141800_00160.png,750.5,880,108.8,29.6,962
9/29/2019 14:19,datasets/dataset_cropped/09_Metas/29/14/20190929141900_00160.jpg,datasets_flow/dataset_cropped/09_Metas/29/14/20190929141900_00160.jpg,datasets_cloudmask/dataset_cropped/09_Metas/29/14/20190929141900_00160.png,747.4,877,108.9,29.6,962
9/29/2019 14:20,datasets/dataset_cropped/09_Metas/29/14/20190929142000_00160.jpg,datasets_flow/dataset_cropped/09_Metas/29/14/20190929142000_00160.jpg,datasets_cloudmask/dataset_cropped/09_Metas/29/14/20190929142000_00160.png,747.8,879,108.6,29.7,962
9/29/2019 14:21,datasets/dataset_cropped/09_Metas/29/14/20190929142100_00160.jpg,datasets_flow/dataset_cropped/09_Metas/29/14/20190929142100_00160.jpg,datasets_cloudmask/dataset_cropped/09_Metas/29/14/20190929142100_00160.png,745.9,878,108.4,29.5,962
9/29/2019 14:22,datasets/dataset_cropped/09_Metas/29/14/20190929142200_00160.jpg,datasets_flow/dataset_cropped/09_Metas/29/14/20190929142200_00160.jpg,datasets_cloudmask/dataset_cropped/09_Metas/29/14/20190929142200_00160.png,743.4,876,108.7,29.5,962
9/29/2019 14:23,datasets/dataset_cropped/09_Metas/29/14/20190929142300_00160.jpg,datasets_flow/dataset_cropped/09_Metas/29/14/20190929142300_00160.jpg,datasets_cloudmask/dataset_cropped/09_Metas/29/14/20190929142300_00160.png,743.9,879,108.8,29.6,962
9/29/2019 14:24,datasets/dataset_cropped/09_Metas/29/14/20190929142400_00160.jpg,datasets_flow/dataset_cropped/09_Metas/29/14/20190929142400_00160.jpg,datasets_cloudmask/dataset_cropped/09_Metas/29/14/20190929142400_00160.png,743.4,880,109,29.7,962
9/29/2019 14:25,datasets/dataset_cropped/09_Metas/29/14/20190929142500_00160.jpg,datasets_flow/dataset_cropped/09_Metas/29/14/20190929142500_00160.jpg,datasets_cloudmask/dataset_cropped/09_Metas/29/14/20190929142500_00160.png,743,881,109.1,29.6,962
9/29/2019 14:26,datasets/dataset_cropped/09_Metas/29/14/20190929142600_00160.jpg,datasets_flow/dataset_cropped/09_Metas/29/14/20190929142600_00160.jpg,datasets_cloudmask/dataset_cropped/09_Metas/29/14/20190929142600_00160.png,741.7,881,109,29.6,962
9/29/2019 14:27,datasets/dataset_cropped/09_Metas/29/14/20190929142700_00160.jpg,datasets_flow/dataset_cropped/09_Metas/29/14/20190929142700_00160.jpg,datasets_cloudmask/dataset_cropped/09_Metas/29/14/20190929142700_00160.png,737.5,876,109.3,29.7,962
9/29/2019 14:28,datasets/dataset_cropped/09_Metas/29/14/20190929142800_00160.jpg,datasets_flow/dataset_cropped/09_Metas/29/14/20190929142800_00160.jpg,datasets_cloudmask/dataset_cropped/09_Metas/29/14/20190929142800_00160.png,734.5,873,109.4,29.7,962
9/29/2019 14:29,datasets/dataset_cropped/09_Metas/29/14/20190929142900_00160.jpg,datasets_flow/dataset_cropped/09_Metas/29/14/20190929142900_00160.jpg,datasets_cloudmask/dataset_cropped/09_Metas/29/14/20190929142900_00160.png,730.6,868,109.5,29.5,962
9/29/2019 14:30,datasets/dataset_cropped/09_Metas/29/14/20190929143000_00160.jpg,datasets_flow/dataset_cropped/09_Metas/29/14/20190929143000_00160.jpg,datasets_cloudmask/dataset_cropped/09_Metas/29/14/20190929143000_00160.png,726,863,109.7,29.6,962
9/29/2019 14:31,datasets/dataset_cropped/09_Metas/29/14/20190929143100_00160.jpg,datasets_flow/dataset_cropped/09_Metas/29/14/20190929143100_00160.jpg,datasets_cloudmask/dataset_cropped/09_Metas/29/14/20190929143100_00160.png,724.5,862,110,29.6,962
9/29/2019 14:32,datasets/dataset_cropped/09_Metas/29/14/20190929143200_00160.jpg,datasets_flow/dataset_cropped/09_Metas/29/14/20190929143200_00160.jpg,datasets_cloudmask/dataset_cropped/09_Metas/29/14/20190929143200_00160.png,724.8,865,110.4,29.7,962
9/29/2019 14:33,datasets/dataset_cropped/09_Metas/29/14/20190929143300_00160.jpg,datasets_flow/dataset_cropped/09_Metas/29/14/20190929143300_00160.jpg,datasets_cloudmask/dataset_cropped/09_Metas/29/14/20190929143300_00160.png,724.1,866,110,29.7,962
9/29/2019 14:34,datasets/dataset_cropped/09_Metas/29/14/20190929143400_00160.jpg,datasets_flow/dataset_cropped/09_Metas/29/14/20190929143400_00160.jpg,datasets_cloudmask/dataset_cropped/09_Metas/29/14/20190929143400_00160.png,724,867,109.7,29.6,962
9/29/2019 14:35,datasets/dataset_cropped/09_Metas/29/14/20190929143500_00160.jpg,datasets_flow/dataset_cropped/09_Metas/29/14/20190929143500_00160.jpg,datasets_cloudmask/dataset_cropped/09_Metas/29/14/20190929143500_00160.png,723.2,867,109.6,29.5,962
9/29/2019 14:36,datasets/dataset_cropped/09_Metas/29/14/20190929143600_00160.jpg,datasets_flow/dataset_cropped/09_Metas/29/14/20190929143600_00160.jpg,datasets_cloudmask/dataset_cropped/09_Metas/29/14/20190929143600_00160.png,721.4,866,109.8,29.5,962
9/29/2019 14:37,datasets/dataset_cropped/09_Metas/29/14/20190929143700_00160.jpg,datasets_flow/dataset_cropped/09_Metas/29/14/20190929143700_00160.jpg,datasets_cloudmask/dataset_cropped/09_Metas/29/14/20190929143700_00160.png,717.3,862,110,29.6,962
9/29/2019 14:38,datasets/dataset_cropped/09_Metas/29/14/20190929143800_00160.jpg,datasets_flow/dataset_cropped/09_Metas/29/14/20190929143800_00160.jpg,datasets_cloudmask/dataset_cropped/09_Metas/29/14/20190929143800_00160.png,714.6,859,110.5,29.5,962
9/29/2019 14:39,datasets/dataset_cropped/09_Metas/29/14/20190929143900_00160.jpg,datasets_flow/dataset_cropped/09_Metas/29/14/20190929143900_00160.jpg,datasets_cloudmask/dataset_cropped/09_Metas/29/14/20190929143900_00160.png,711.9,857,110.7,29.6,962
9/29/2019 14:40,datasets/dataset_cropped/09_Metas/29/14/20190929144000_00160.jpg,datasets_flow/dataset_cropped/09_Metas/29/14/20190929144000_00160.jpg,datasets_cloudmask/dataset_cropped/09_Metas/29/14/20190929144000_00160.png,709.7,855,111,29.8,962
9/29/2019 14:41,datasets/dataset_cropped/09_Metas/29/14/20190929144100_00160.jpg,datasets_flow/dataset_cropped/09_Metas/29/14/20190929144100_00160.jpg,datasets_cloudmask/dataset_cropped/09_Metas/29/14/20190929144100_00160.png,710.4,858,110.9,30.1,962
9/29/2019 14:42,datasets/dataset_cropped/09_Metas/29/14/20190929144200_00160.jpg,datasets_flow/dataset_cropped/09_Metas/29/14/20190929144200_00160.jpg,datasets_cloudmask/dataset_cropped/09_Metas/29/14/20190929144200_00160.png,708.5,857,111,30.1,962
9/29/2019 14:43,datasets/dataset_cropped/09_Metas/29/14/20190929144300_00160.jpg,datasets_flow/dataset_cropped/09_Metas/29/14/20190929144300_00160.jpg,datasets_cloudmask/dataset_cropped/09_Metas/29/14/20190929144300_00160.png,704.7,853,111.1,29.9,962
9/29/2019 14:44,datasets/dataset_cropped/09_Metas/29/14/20190929144400_00160.jpg,datasets_flow/dataset_cropped/09_Metas/29/14/20190929144400_00160.jpg,datasets_cloudmask/dataset_cropped/09_Metas/29/14/20190929144400_00160.png,702.8,852,110.9,29.8,962
9/29/2019 14:45,datasets/dataset_cropped/09_Metas/29/14/20190929144500_00160.jpg,datasets_flow/dataset_cropped/09_Metas/29/14/20190929144500_00160.jpg,datasets_cloudmask/dataset_cropped/09_Metas/29/14/20190929144500_00160.png,699.6,850,110.7,29.6,962
9/29/2019 14:46,datasets/dataset_cropped/09_Metas/29/14/20190929144600_00160.jpg,datasets_flow/dataset_cropped/09_Metas/29/14/20190929144600_00160.jpg,datasets_cloudmask/dataset_cropped/09_Metas/29/14/20190929144600_00160.png,699.5,852,111.1,29.5,962
9/29/2019 14:47,datasets/dataset_cropped/09_Metas/29/14/20190929144700_00160.jpg,datasets_flow/dataset_cropped/09_Metas/29/14/20190929144700_00160.jpg,datasets_cloudmask/dataset_cropped/09_Metas/29/14/20190929144700_00160.png,698.5,852,111,29.6,962
9/29/2019 14:48,datasets/dataset_cropped/09_Metas/29/14/20190929144800_00160.jpg,datasets_flow/dataset_cropped/09_Metas/29/14/20190929144800_00160.jpg,datasets_cloudmask/dataset_cropped/09_Metas/29/14/20190929144800_00160.png,695.9,850,111,29.9,962
9/29/2019 14:49,datasets/dataset_cropped/09_Metas/29/14/20190929144900_00160.jpg,datasets_flow/dataset_cropped/09_Metas/29/14/20190929144900_00160.jpg,datasets_cloudmask/dataset_cropped/09_Metas/29/14/20190929144900_00160.png,693.8,849,111.4,29.9,962
9/29/2019 14:50,datasets/dataset_cropped/09_Metas/29/14/20190929145000_00160.jpg,datasets_flow/dataset_cropped/09_Metas/29/14/20190929145000_00160.jpg,datasets_cloudmask/dataset_cropped/09_Metas/29/14/20190929145000_00160.png,690.4,846,111.1,30.1,962
9/29/2019 14:51,datasets/dataset_cropped/09_Metas/29/14/20190929145100_00160.jpg,datasets_flow/dataset_cropped/09_Metas/29/14/20190929145100_00160.jpg,datasets_cloudmask/dataset_cropped/09_Metas/29/14/20190929145100_00160.png,688.1,844,111.2,30,962
9/29/2019 14:52,datasets/dataset_cropped/09_Metas/29/14/20190929145200_00160.jpg,datasets_flow/dataset_cropped/09_Metas/29/14/20190929145200_00160.jpg,datasets_cloudmask/dataset_cropped/09_Metas/29/14/20190929145200_00160.png,684.3,840,111.4,29.9,962
9/29/2019 14:53,datasets/dataset_cropped/09_Metas/29/14/20190929145300_00160.jpg,datasets_flow/dataset_cropped/09_Metas/29/14/20190929145300_00160.jpg,datasets_cloudmask/dataset_cropped/09_Metas/29/14/20190929145300_00160.png,682.6,839,111.3,29.9,962
9/29/2019 14:54,datasets/dataset_cropped/09_Metas/29/14/20190929145400_00160.jpg,datasets_flow/dataset_cropped/09_Metas/29/14/20190929145400_00160.jpg,datasets_cloudmask/dataset_cropped/09_Metas/29/14/20190929145400_00160.png,680.7,838,111.4,29.8,962
9/29/2019 14:55,datasets/dataset_cropped/09_Metas/29/14/20190929145500_00160.jpg,datasets_flow/dataset_cropped/09_Metas/29/14/20190929145500_00160.jpg,datasets_cloudmask/dataset_cropped/09_Metas/29/14/20190929145500_00160.png,680.1,839,112,29.7,962
9/29/2019 14:56,datasets/dataset_cropped/09_Metas/29/14/20190929145600_00160.jpg,datasets_flow/dataset_cropped/09_Metas/29/14/20190929145600_00160.jpg,datasets_cloudmask/dataset_cropped/09_Metas/29/14/20190929145600_00160.png,676,835,112.2,29.9,961
9/29/2019 14:57,datasets/dataset_cropped/09_Metas/29/14/20190929145700_00160.jpg,datasets_flow/dataset_cropped/09_Metas/29/14/20190929145700_00160.jpg,datasets_cloudmask/dataset_cropped/09_Metas/29/14/20190929145700_00160.png,676.3,838,111.8,29.9,962
9/29/2019 14:58,datasets/dataset_cropped/09_Metas/29/14/20190929145800_00160.jpg,datasets_flow/dataset_cropped/09_Metas/29/14/20190929145800_00160.jpg,datasets_cloudmask/dataset_cropped/09_Metas/29/14/20190929145800_00160.png,677.2,842,111.1,29.7,962
9/29/2019 14:59,datasets/dataset_cropped/09_Metas/29/14/20190929145900_00160.jpg,datasets_flow/dataset_cropped/09_Metas/29/14/20190929145900_00160.jpg,datasets_cloudmask/dataset_cropped/09_Metas/29/14/20190929145900_00160.png,676,842,110.6,29.7,962
9/29/2019 15:00,datasets/dataset_cropped/09_Metas/29/15/20190929150000_00160.jpg,datasets_flow/dataset_cropped/09_Metas/29/15/20190929150000_00160.jpg,datasets_cloudmask/dataset_cropped/09_Metas/29/15/20190929150000_00160.png,674.5,843,110.3,29.9,961
9/29/2019 15:01,datasets/dataset_cropped/09_Metas/29/15/20190929150100_00160.jpg,datasets_flow/dataset_cropped/09_Metas/29/15/20190929150100_00160.jpg,datasets_cloudmask/dataset_cropped/09_Metas/29/15/20190929150100_00160.png,671.9,841,110.1,29.9,961
9/29/2019 15:02,datasets/dataset_cropped/09_Metas/29/15/20190929150200_00160.jpg,datasets_flow/dataset_cropped/09_Metas/29/15/20190929150200_00160.jpg,datasets_cloudmask/dataset_cropped/09_Metas/29/15/20190929150200_00160.png,669.1,839,110.3,29.7,962
9/29/2019 15:03,datasets/dataset_cropped/09_Metas/29/15/20190929150300_00160.jpg,datasets_flow/dataset_cropped/09_Metas/29/15/20190929150300_00160.jpg,datasets_cloudmask/dataset_cropped/09_Metas/29/15/20190929150300_00160.png,666.9,838,110.8,29.7,961
9/29/2019 15:04,datasets/dataset_cropped/09_Metas/29/15/20190929150400_00160.jpg,datasets_flow/dataset_cropped/09_Metas/29/15/20190929150400_00160.jpg,datasets_cloudmask/dataset_cropped/09_Metas/29/15/20190929150400_00160.png,664,836,110.6,29.8,961
9/29/2019 15:05,datasets/dataset_cropped/09_Metas/29/15/20190929150500_00160.jpg,datasets_flow/dataset_cropped/09_Metas/29/15/20190929150500_00160.jpg,datasets_cloudmask/dataset_cropped/09_Metas/29/15/20190929150500_00160.png,661.9,835,110.4,29.9,961
9/29/2019 15:06,datasets/dataset_cropped/09_Metas/29/15/20190929150600_00160.jpg,datasets_flow/dataset_cropped/09_Metas/29/15/20190929150600_00160.jpg,datasets_cloudmask/dataset_cropped/09_Metas/29/15/20190929150600_00160.png,660.8,836,110.6,30.1,961
9/29/2019 15:07,datasets/dataset_cropped/09_Metas/29/15/20190929150700_00160.jpg,datasets_flow/dataset_cropped/09_Metas/29/15/20190929150700_00160.jpg,datasets_cloudmask/dataset_cropped/09_Metas/29/15/20190929150700_00160.png,657.5,833,110.6,29.9,961
9/29/2019 15:08,datasets/dataset_cropped/09_Metas/29/15/20190929150800_00160.jpg,datasets_flow/dataset_cropped/09_Metas/29/15/20190929150800_00160.jpg,datasets_cloudmask/dataset_cropped/09_Metas/29/15/20190929150800_00160.png,652.8,828,110.8,29.5,961
9/29/2019 15:09,datasets/dataset_cropped/09_Metas/29/15/20190929150900_00160.jpg,datasets_flow/dataset_cropped/09_Metas/29/15/20190929150900_00160.jpg,datasets_cloudmask/dataset_cropped/09_Metas/29/15/20190929150900_00160.png,650.9,828,111.1,29.6,961
9/29/2019 15:10,datasets/dataset_cropped/09_Metas/29/15/20190929151000_00160.jpg,datasets_flow/dataset_cropped/09_Metas/29/15/20190929151000_00160.jpg,datasets_cloudmask/dataset_cropped/09_Metas/29/15/20190929151000_00160.png,649.5,829,110.9,29.8,961
9/29/2019 15:11,datasets/dataset_cropped/09_Metas/29/15/20190929151100_00160.jpg,datasets_flow/dataset_cropped/09_Metas/29/15/20190929151100_00160.jpg,datasets_cloudmask/dataset_cropped/09_Metas/29/15/20190929151100_00160.png,648.4,829,110.9,29.9,961
9/29/2019 15:12,datasets/dataset_cropped/09_Metas/29/15/20190929151200_00160.jpg,datasets_flow/dataset_cropped/09_Metas/29/15/20190929151200_00160.jpg,datasets_cloudmask/dataset_cropped/09_Metas/29/15/20190929151200_00160.png,646.2,829,110.5,30.1,961
9/29/2019 15:13,datasets/dataset_cropped/09_Metas/29/15/20190929151300_00160.jpg,datasets_flow/dataset_cropped/09_Metas/29/15/20190929151300_00160.jpg,datasets_cloudmask/dataset_cropped/09_Metas/29/15/20190929151300_00160.png,645.8,831,110.3,30.1,961
9/29/2019 15:14,datasets/dataset_cropped/09_Metas/29/15/20190929151400_00160.jpg,datasets_flow/dataset_cropped/09_Metas/29/15/20190929151400_00160.jpg,datasets_cloudmask/dataset_cropped/09_Metas/29/15/20190929151400_00160.png,642.8,828,110,30.1,961
9/29/2019 15:15,datasets/dataset_cropped/09_Metas/29/15/20190929151500_00160.jpg,datasets_flow/dataset_cropped/09_Metas/29/15/20190929151500_00160.jpg,datasets_cloudmask/dataset_cropped/09_Metas/29/15/20190929151500_00160.png,640.4,827,110.4,30.3,961
9/29/2019 15:16,datasets/dataset_cropped/09_Metas/29/15/20190929151600_00160.jpg,datasets_flow/dataset_cropped/09_Metas/29/15/20190929151600_00160.jpg,datasets_cloudmask/dataset_cropped/09_Metas/29/15/20190929151600_00160.png,636.8,823,110.5,30.3,961
9/29/2019 15:17,datasets/dataset_cropped/09_Metas/29/15/20190929151700_00160.jpg,datasets_flow/dataset_cropped/09_Metas/29/15/20190929151700_00160.jpg,datasets_cloudmask/dataset_cropped/09_Metas/29/15/20190929151700_00160.png,632.3,819,110.7,30.1,961
9/29/2019 15:18,datasets/dataset_cropped/09_Metas/29/15/20190929151800_00160.jpg,datasets_flow/dataset_cropped/09_Metas/29/15/20190929151800_00160.jpg,datasets_cloudmask/dataset_cropped/09_Metas/29/15/20190929151800_00160.png,629,816,111.2,30.1,961
9/29/2019 15:19,datasets/dataset_cropped/09_Metas/29/15/20190929151900_00160.jpg,datasets_flow/dataset_cropped/09_Metas/29/15/20190929151900_00160.jpg,datasets_cloudmask/dataset_cropped/09_Metas/29/15/20190929151900_00160.png,626.5,814,111.5,30,961
9/29/2019 15:20,datasets/dataset_cropped/09_Metas/29/15/20190929152000_00160.jpg,datasets_flow/dataset_cropped/09_Metas/29/15/20190929152000_00160.jpg,datasets_cloudmask/dataset_cropped/09_Metas/29/15/20190929152000_00160.png,625.5,814,111.6,29.8,961
9/29/2019 15:21,datasets/dataset_cropped/09_Metas/29/15/20190929152100_00160.jpg,datasets_flow/dataset_cropped/09_Metas/29/15/20190929152100_00160.jpg,datasets_cloudmask/dataset_cropped/09_Metas/29/15/20190929152100_00160.png,623.5,813,111.6,29.9,961
9/29/2019 15:22,datasets/dataset_cropped/09_Metas/29/15/20190929152200_00160.jpg,datasets_flow/dataset_cropped/09_Metas/29/15/20190929152200_00160.jpg,datasets_cloudmask/dataset_cropped/09_Metas/29/15/20190929152200_00160.png,619.7,810,111.5,30.1,961
9/29/2019 15:23,datasets/dataset_cropped/09_Metas/29/15/20190929152300_00160.jpg,datasets_flow/dataset_cropped/09_Metas/29/15/20190929152300_00160.jpg,datasets_cloudmask/dataset_cropped/09_Metas/29/15/20190929152300_00160.png,615.9,807,111.2,29.9,961
9/29/2019 15:24,datasets/dataset_cropped/09_Metas/29/15/20190929152400_00160.jpg,datasets_flow/dataset_cropped/09_Metas/29/15/20190929152400_00160.jpg,datasets_cloudmask/dataset_cropped/09_Metas/29/15/20190929152400_00160.png,614.2,807,110.9,29.9,961
9/29/2019 15:25,datasets/dataset_cropped/09_Metas/29/15/20190929152500_00160.jpg,datasets_flow/dataset_cropped/09_Metas/29/15/20190929152500_00160.jpg,datasets_cloudmask/dataset_cropped/09_Metas/29/15/20190929152500_00160.png,612.1,806,110.9,29.9,961
9/29/2019 15:26,datasets/dataset_cropped/09_Metas/29/15/20190929152600_00160.jpg,datasets_flow/dataset_cropped/09_Metas/29/15/20190929152600_00160.jpg,datasets_cloudmask/dataset_cropped/09_Metas/29/15/20190929152600_00160.png,610.4,806,110.8,29.9,961
9/29/2019 15:27,datasets/dataset_cropped/09_Metas/29/15/20190929152700_00160.jpg,datasets_flow/dataset_cropped/09_Metas/29/15/20190929152700_00160.jpg,datasets_cloudmask/dataset_cropped/09_Metas/29/15/20190929152700_00160.png,609.2,807,111.1,29.8,961
9/29/2019 15:28,datasets/dataset_cropped/09_Metas/29/15/20190929152800_00160.jpg,datasets_flow/dataset_cropped/09_Metas/29/15/20190929152800_00160.jpg,datasets_cloudmask/dataset_cropped/09_Metas/29/15/20190929152800_00160.png,606.9,805,111.2,29.7,961
9/29/2019 15:29,datasets/dataset_cropped/09_Metas/29/15/20190929152900_00160.jpg,datasets_flow/dataset_cropped/09_Metas/29/15/20190929152900_00160.jpg,datasets_cloudmask/dataset_cropped/09_Metas/29/15/20190929152900_00160.png,603.7,803,111.2,29.8,961
9/29/2019 15:30,datasets/dataset_cropped/09_Metas/29/15/20190929153000_00160.jpg,datasets_flow/dataset_cropped/09_Metas/29/15/20190929153000_00160.jpg,datasets_cloudmask/dataset_cropped/09_Metas/29/15/20190929153000_00160.png,601.7,803,110.9,30,961
9/29/2019 15:31,datasets/dataset_cropped/09_Metas/29/15/20190929153100_00160.jpg,datasets_flow/dataset_cropped/09_Metas/29/15/20190929153100_00160.jpg,datasets_cloudmask/dataset_cropped/09_Metas/29/15/20190929153100_00160.png,600.1,803,110.9,29.8,961
9/29/2019 15:32,datasets/dataset_cropped/09_Metas/29/15/20190929153200_00160.jpg,datasets_flow/dataset_cropped/09_Metas/29/15/20190929153200_00160.jpg,datasets_cloudmask/dataset_cropped/09_Metas/29/15/20190929153200_00160.png,596.6,801,110.5,29.7,961
9/29/2019 15:33,datasets/dataset_cropped/09_Metas/29/15/20190929153300_00160.jpg,datasets_flow/dataset_cropped/09_Metas/29/15/20190929153300_00160.jpg,datasets_cloudmask/dataset_cropped/09_Metas/29/15/20190929153300_00160.png,593,797.7,110.5,29.7,961
9/29/2019 15:34,datasets/dataset_cropped/09_Metas/29/15/20190929153400_00160.jpg,datasets_flow/dataset_cropped/09_Metas/29/15/20190929153400_00160.jpg,datasets_cloudmask/dataset_cropped/09_Metas/29/15/20190929153400_00160.png,590.3,795.8,110.4,29.8,961
9/29/2019 15:35,datasets/dataset_cropped/09_Metas/29/15/20190929153500_00160.jpg,datasets_flow/dataset_cropped/09_Metas/29/15/20190929153500_00160.jpg,datasets_cloudmask/dataset_cropped/09_Metas/29/15/20190929153500_00160.png,587.3,793.8,110.4,29.9,961
9/29/2019 15:36,datasets/dataset_cropped/09_Metas/29/15/20190929153600_00160.jpg,datasets_flow/dataset_cropped/09_Metas/29/15/20190929153600_00160.jpg,datasets_cloudmask/dataset_cropped/09_Metas/29/15/20190929153600_00160.png,584.4,792.1,110.4,30,961
9/29/2019 15:37,datasets/dataset_cropped/09_Metas/29/15/20190929153700_00160.jpg,datasets_flow/dataset_cropped/09_Metas/29/15/20190929153700_00160.jpg,datasets_cloudmask/dataset_cropped/09_Metas/29/15/20190929153700_00160.png,581.9,791.2,110.5,29.8,961
9/29/2019 15:38,datasets/dataset_cropped/09_Metas/29/15/20190929153800_00160.jpg,datasets_flow/dataset_cropped/09_Metas/29/15/20190929153800_00160.jpg,datasets_cloudmask/dataset_cropped/09_Metas/29/15/20190929153800_00160.png,578.9,789.7,110,29.8,961
9/29/2019 15:39,datasets/dataset_cropped/09_Metas/29/15/20190929153900_00160.jpg,datasets_flow/dataset_cropped/09_Metas/29/15/20190929153900_00160.jpg,datasets_cloudmask/dataset_cropped/09_Metas/29/15/20190929153900_00160.png,577.1,789.8,109.9,29.9,961
9/29/2019 15:40,datasets/dataset_cropped/09_Metas/29/15/20190929154000_00160.jpg,datasets_flow/dataset_cropped/09_Metas/29/15/20190929154000_00160.jpg,datasets_cloudmask/dataset_cropped/09_Metas/29/15/20190929154000_00160.png,574.7,789.3,109.6,30,961
9/29/2019 15:41,datasets/dataset_cropped/09_Metas/29/15/20190929154100_00160.jpg,datasets_flow/dataset_cropped/09_Metas/29/15/20190929154100_00160.jpg,datasets_cloudmask/dataset_cropped/09_Metas/29/15/20190929154100_00160.png,574,791.8,109.3,29.9,961
9/29/2019 15:42,datasets/dataset_cropped/09_Metas/29/15/20190929154200_00160.jpg,datasets_flow/dataset_cropped/09_Metas/29/15/20190929154200_00160.jpg,datasets_cloudmask/dataset_cropped/09_Metas/29/15/20190929154200_00160.png,571.2,790.6,109,29.8,961
9/29/2019 15:43,datasets/dataset_cropped/09_Metas/29/15/20190929154300_00160.jpg,datasets_flow/dataset_cropped/09_Metas/29/15/20190929154300_00160.jpg,datasets_cloudmask/dataset_cropped/09_Metas/29/15/20190929154300_00160.png,566.4,785.9,108.5,29.9,961
9/29/2019 15:44,datasets/dataset_cropped/09_Metas/29/15/20190929154400_00160.jpg,datasets_flow/dataset_cropped/09_Metas/29/15/20190929154400_00160.jpg,datasets_cloudmask/dataset_cropped/09_Metas/29/15/20190929154400_00160.png,564,785,108.3,30,961
9/29/2019 15:45,datasets/dataset_cropped/09_Metas/29/15/20190929154500_00160.jpg,datasets_flow/dataset_cropped/09_Metas/29/15/20190929154500_00160.jpg,datasets_cloudmask/dataset_cropped/09_Metas/29/15/20190929154500_00160.png,561.8,784.5,108.5,30.2,961
9/29/2019 15:46,datasets/dataset_cropped/09_Metas/29/15/20190929154600_00160.jpg,datasets_flow/dataset_cropped/09_Metas/29/15/20190929154600_00160.jpg,datasets_cloudmask/dataset_cropped/09_Metas/29/15/20190929154600_00160.png,558.4,781,109.2,30.2,961
9/29/2019 15:47,datasets/dataset_cropped/09_Metas/29/15/20190929154700_00160.jpg,datasets_flow/dataset_cropped/09_Metas/29/15/20190929154700_00160.jpg,datasets_cloudmask/dataset_cropped/09_Metas/29/15/20190929154700_00160.png,556.6,782.2,108.4,30.1,961
9/29/2019 15:48,datasets/dataset_cropped/09_Metas/29/15/20190929154800_00160.jpg,datasets_flow/dataset_cropped/09_Metas/29/15/20190929154800_00160.jpg,datasets_cloudmask/dataset_cropped/09_Metas/29/15/20190929154800_00160.png,552.7,778.7,108.2,30.1,961
9/29/2019 15:49,datasets/dataset_cropped/09_Metas/29/15/20190929154900_00160.jpg,datasets_flow/dataset_cropped/09_Metas/29/15/20190929154900_00160.jpg,datasets_cloudmask/dataset_cropped/09_Metas/29/15/20190929154900_00160.png,548.7,774.6,108.1,29.9,961
9/29/2019 15:50,datasets/dataset_cropped/09_Metas/29/15/20190929155000_00160.jpg,datasets_flow/dataset_cropped/09_Metas/29/15/20190929155000_00160.jpg,datasets_cloudmask/dataset_cropped/09_Metas/29/15/20190929155000_00160.png,545.5,771.8,107.9,29.9,961
9/29/2019 15:51,datasets/dataset_cropped/09_Metas/29/15/20190929155100_00160.jpg,datasets_flow/dataset_cropped/09_Metas/29/15/20190929155100_00160.jpg,datasets_cloudmask/dataset_cropped/09_Metas/29/15/20190929155100_00160.png,542,768.6,107.9,30.2,961
9/29/2019 15:52,datasets/dataset_cropped/09_Metas/29/15/20190929155200_00160.jpg,datasets_flow/dataset_cropped/09_Metas/29/15/20190929155200_00160.jpg,datasets_cloudmask/dataset_cropped/09_Metas/29/15/20190929155200_00160.png,539.3,766.8,108,30.3,961
9/29/2019 15:53,datasets/dataset_cropped/09_Metas/29/15/20190929155300_00160.jpg,datasets_flow/dataset_cropped/09_Metas/29/15/20190929155300_00160.jpg,datasets_cloudmask/dataset_cropped/09_Metas/29/15/20190929155300_00160.png,536.2,764.6,108.1,30.2,961
9/29/2019 15:54,datasets/dataset_cropped/09_Metas/29/15/20190929155400_00160.jpg,datasets_flow/dataset_cropped/09_Metas/29/15/20190929155400_00160.jpg,datasets_cloudmask/dataset_cropped/09_Metas/29/15/20190929155400_00160.png,533.9,764.3,108,30.3,961
9/29/2019 15:55,datasets/dataset_cropped/09_Metas/29/15/20190929155500_00160.jpg,datasets_flow/dataset_cropped/09_Metas/29/15/20190929155500_00160.jpg,datasets_cloudmask/dataset_cropped/09_Metas/29/15/20190929155500_00160.png,529.8,760.1,107.7,30.2,961
9/29/2019 15:56,datasets/dataset_cropped/09_Metas/29/15/20190929155600_00160.jpg,datasets_flow/dataset_cropped/09_Metas/29/15/20190929155600_00160.jpg,datasets_cloudmask/dataset_cropped/09_Metas/29/15/20190929155600_00160.png,526.7,757.6,107.8,30.2,961
9/29/2019 15:57,datasets/dataset_cropped/09_Metas/29/15/20190929155700_00160.jpg,datasets_flow/dataset_cropped/09_Metas/29/15/20190929155700_00160.jpg,datasets_cloudmask/dataset_cropped/09_Metas/29/15/20190929155700_00160.png,524.2,756.8,107.9,30.1,961
9/29/2019 15:58,datasets/dataset_cropped/09_Metas/29/15/20190929155800_00160.jpg,datasets_flow/dataset_cropped/09_Metas/29/15/20190929155800_00160.jpg,datasets_cloudmask/dataset_cropped/09_Metas/29/15/20190929155800_00160.png,521.2,756,107.5,30,961
9/29/2019 15:59,datasets/dataset_cropped/09_Metas/29/15/20190929155900_00160.jpg,datasets_flow/dataset_cropped/09_Metas/29/15/20190929155900_00160.jpg,datasets_cloudmask/dataset_cropped/09_Metas/29/15/20190929155900_00160.png,518.7,755.5,106.9,30.2,961
9/29/2019 16:00,datasets/dataset_cropped/09_Metas/29/16/20190929160000_00160.jpg,datasets_flow/dataset_cropped/09_Metas/29/16/20190929160000_00160.jpg,datasets_cloudmask/dataset_cropped/09_Metas/29/16/20190929160000_00160.png,515.5,753.8,106.5,30.2,961
9/29/2019 16:01,datasets/dataset_cropped/09_Metas/29/16/20190929160100_00160.jpg,datasets_flow/dataset_cropped/09_Metas/29/16/20190929160100_00160.jpg,datasets_cloudmask/dataset_cropped/09_Metas/29/16/20190929160100_00160.png,512.9,753,106.5,30.1,961
9/29/2019 16:02,datasets/dataset_cropped/09_Metas/29/16/20190929160200_00160.jpg,datasets_flow/dataset_cropped/09_Metas/29/16/20190929160200_00160.jpg,datasets_cloudmask/dataset_cropped/09_Metas/29/16/20190929160200_00160.png,510.4,752.4,106.3,29.9,961
9/29/2019 16:03,datasets/dataset_cropped/09_Metas/29/16/20190929160300_00160.jpg,datasets_flow/dataset_cropped/09_Metas/29/16/20190929160300_00160.jpg,datasets_cloudmask/dataset_cropped/09_Metas/29/16/20190929160300_00160.png,508.7,753.1,106.1,29.9,961
9/29/2019 16:04,datasets/dataset_cropped/09_Metas/29/16/20190929160400_00160.jpg,datasets_flow/dataset_cropped/09_Metas/29/16/20190929160400_00160.jpg,datasets_cloudmask/dataset_cropped/09_Metas/29/16/20190929160400_00160.png,505.6,750.9,106,29.9,961
9/29/2019 16:05,datasets/dataset_cropped/09_Metas/29/16/20190929160500_00160.jpg,datasets_flow/dataset_cropped/09_Metas/29/16/20190929160500_00160.jpg,datasets_cloudmask/dataset_cropped/09_Metas/29/16/20190929160500_00160.png,502.1,748.3,105.6,30.1,961
9/29/2019 16:06,datasets/dataset_cropped/09_Metas/29/16/20190929160600_00160.jpg,datasets_flow/dataset_cropped/09_Metas/29/16/20190929160600_00160.jpg,datasets_cloudmask/dataset_cropped/09_Metas/29/16/20190929160600_00160.png,500.2,748.4,105.4,30.3,961
9/29/2019 16:07,datasets/dataset_cropped/09_Metas/29/16/20190929160700_00160.jpg,datasets_flow/dataset_cropped/09_Metas/29/16/20190929160700_00160.jpg,datasets_cloudmask/dataset_cropped/09_Metas/29/16/20190929160700_00160.png,497.7,748.2,105,30.4,961
9/29/2019 16:08,datasets/dataset_cropped/09_Metas/29/16/20190929160800_00160.jpg,datasets_flow/dataset_cropped/09_Metas/29/16/20190929160800_00160.jpg,datasets_cloudmask/dataset_cropped/09_Metas/29/16/20190929160800_00160.png,494.4,746.2,104.5,30.2,961
9/29/2019 16:09,datasets/dataset_cropped/09_Metas/29/16/20190929160900_00160.jpg,datasets_flow/dataset_cropped/09_Metas/29/16/20190929160900_00160.jpg,datasets_cloudmask/dataset_cropped/09_Metas/29/16/20190929160900_00160.png,491.2,744.3,103.7,30.1,961
9/29/2019 16:10,datasets/dataset_cropped/09_Metas/29/16/20190929161000_00160.jpg,datasets_flow/dataset_cropped/09_Metas/29/16/20190929161000_00160.jpg,datasets_cloudmask/dataset_cropped/09_Metas/29/16/20190929161000_00160.png,488.6,743.2,103.5,30,961
9/29/2019 16:11,datasets/dataset_cropped/09_Metas/29/16/20190929161100_00160.jpg,datasets_flow/dataset_cropped/09_Metas/29/16/20190929161100_00160.jpg,datasets_cloudmask/dataset_cropped/09_Metas/29/16/20190929161100_00160.png,485.9,742.5,103.5,30.1,961
9/29/2019 16:12,datasets/dataset_cropped/09_Metas/29/16/20190929161200_00160.jpg,datasets_flow/dataset_cropped/09_Metas/29/16/20190929161200_00160.jpg,datasets_cloudmask/dataset_cropped/09_Metas/29/16/20190929161200_00160.png,484.4,744.3,103.4,30.2,961
9/29/2019 16:13,datasets/dataset_cropped/09_Metas/29/16/20190929161300_00160.jpg,datasets_flow/dataset_cropped/09_Metas/29/16/20190929161300_00160.jpg,datasets_cloudmask/dataset_cropped/09_Metas/29/16/20190929161300_00160.png,481.1,742.5,103.1,30.2,961
9/29/2019 16:14,datasets/dataset_cropped/09_Metas/29/16/20190929161400_00160.jpg,datasets_flow/dataset_cropped/09_Metas/29/16/20190929161400_00160.jpg,datasets_cloudmask/dataset_cropped/09_Metas/29/16/20190929161400_00160.png,478.7,742.2,102.8,30.4,961
9/29/2019 16:15,datasets/dataset_cropped/09_Metas/29/16/20190929161500_00160.jpg,datasets_flow/dataset_cropped/09_Metas/29/16/20190929161500_00160.jpg,datasets_cloudmask/dataset_cropped/09_Metas/29/16/20190929161500_00160.png,475,739.2,102.7,30.2,961
9/29/2019 16:16,datasets/dataset_cropped/09_Metas/29/16/20190929161600_00160.jpg,datasets_flow/dataset_cropped/09_Metas/29/16/20190929161600_00160.jpg,datasets_cloudmask/dataset_cropped/09_Metas/29/16/20190929161600_00160.png,471.5,736.6,102.2,30.1,961
9/29/2019 16:17,datasets/dataset_cropped/09_Metas/29/16/20190929161700_00160.jpg,datasets_flow/dataset_cropped/09_Metas/29/16/20190929161700_00160.jpg,datasets_cloudmask/dataset_cropped/09_Metas/29/16/20190929161700_00160.png,467.6,733,101.9,30.1,961
9/29/2019 16:18,datasets/dataset_cropped/09_Metas/29/16/20190929161800_00160.jpg,datasets_flow/dataset_cropped/09_Metas/29/16/20190929161800_00160.jpg,datasets_cloudmask/dataset_cropped/09_Metas/29/16/20190929161800_00160.png,463.1,728.2,101.5,30.2,961
9/29/2019 16:19,datasets/dataset_cropped/09_Metas/29/16/20190929161900_00160.jpg,datasets_flow/dataset_cropped/09_Metas/29/16/20190929161900_00160.jpg,datasets_cloudmask/dataset_cropped/09_Metas/29/16/20190929161900_00160.png,459.7,725.4,101.4,30.3,961
9/29/2019 16:20,datasets/dataset_cropped/09_Metas/29/16/20190929162000_00160.jpg,datasets_flow/dataset_cropped/09_Metas/29/16/20190929162000_00160.jpg,datasets_cloudmask/dataset_cropped/09_Metas/29/16/20190929162000_00160.png,456.3,723,101,30.2,961
9/29/2019 16:21,datasets/dataset_cropped/09_Metas/29/16/20190929162100_00160.jpg,datasets_flow/dataset_cropped/09_Metas/29/16/20190929162100_00160.jpg,datasets_cloudmask/dataset_cropped/09_Metas/29/16/20190929162100_00160.png,453.3,721.6,100.3,30.1,961
9/29/2019 16:22,datasets/dataset_cropped/09_Metas/29/16/20190929162200_00160.jpg,datasets_flow/dataset_cropped/09_Metas/29/16/20190929162200_00160.jpg,datasets_cloudmask/dataset_cropped/09_Metas/29/16/20190929162200_00160.png,451.5,721.9,100,29.8,961
9/29/2019 16:23,datasets/dataset_cropped/09_Metas/29/16/20190929162300_00160.jpg,datasets_flow/dataset_cropped/09_Metas/29/16/20190929162300_00160.jpg,datasets_cloudmask/dataset_cropped/09_Metas/29/16/20190929162300_00160.png,449.4,722.5,99.8,29.8,961
9/29/2019 16:24,datasets/dataset_cropped/09_Metas/29/16/20190929162400_00160.jpg,datasets_flow/dataset_cropped/09_Metas/29/16/20190929162400_00160.jpg,datasets_cloudmask/dataset_cropped/09_Metas/29/16/20190929162400_00160.png,445.7,719.8,99.6,29.8,961
9/29/2019 16:25,datasets/dataset_cropped/09_Metas/29/16/20190929162500_00160.jpg,datasets_flow/dataset_cropped/09_Metas/29/16/20190929162500_00160.jpg,datasets_cloudmask/dataset_cropped/09_Metas/29/16/20190929162500_00160.png,442.2,717.4,99.5,29.8,961
9/29/2019 16:26,datasets/dataset_cropped/09_Metas/29/16/20190929162600_00160.jpg,datasets_flow/dataset_cropped/09_Metas/29/16/20190929162600_00160.jpg,datasets_cloudmask/dataset_cropped/09_Metas/29/16/20190929162600_00160.png,438.6,714.5,99.3,29.9,961
9/29/2019 16:27,datasets/dataset_cropped/09_Metas/29/16/20190929162700_00160.jpg,datasets_flow/dataset_cropped/09_Metas/29/16/20190929162700_00160.jpg,datasets_cloudmask/dataset_cropped/09_Metas/29/16/20190929162700_00160.png,435.5,712.7,98.9,29.7,961
9/29/2019 16:28,datasets/dataset_cropped/09_Metas/29/16/20190929162800_00160.jpg,datasets_flow/dataset_cropped/09_Metas/29/16/20190929162800_00160.jpg,datasets_cloudmask/dataset_cropped/09_Metas/29/16/20190929162800_00160.png,432.1,710.2,98.5,29.6,961
9/29/2019 16:29,datasets/dataset_cropped/09_Metas/29/16/20190929162900_00160.jpg,datasets_flow/dataset_cropped/09_Metas/29/16/20190929162900_00160.jpg,datasets_cloudmask/dataset_cropped/09_Metas/29/16/20190929162900_00160.png,427.5,704.5,98.2,29.7,961
9/29/2019 16:30,datasets/dataset_cropped/09_Metas/29/16/20190929163000_00160.jpg,datasets_flow/dataset_cropped/09_Metas/29/16/20190929163000_00160.jpg,datasets_cloudmask/dataset_cropped/09_Metas/29/16/20190929163000_00160.png,425.8,705.4,98,29.9,961
9/29/2019 16:31,datasets/dataset_cropped/09_Metas/29/16/20190929163100_00160.jpg,datasets_flow/dataset_cropped/09_Metas/29/16/20190929163100_00160.jpg,datasets_cloudmask/dataset_cropped/09_Metas/29/16/20190929163100_00160.png,422.4,703,97.7,29.8,961
9/29/2019 16:32,datasets/dataset_cropped/09_Metas/29/16/20190929163200_00160.jpg,datasets_flow/dataset_cropped/09_Metas/29/16/20190929163200_00160.jpg,datasets_cloudmask/dataset_cropped/09_Metas/29/16/20190929163200_00160.png,421,704.8,97.7,29.7,961
9/29/2019 16:33,datasets/dataset_cropped/09_Metas/29/16/20190929163300_00160.jpg,datasets_flow/dataset_cropped/09_Metas/29/16/20190929163300_00160.jpg,datasets_cloudmask/dataset_cropped/09_Metas/29/16/20190929163300_00160.png,418.4,704.2,97.5,29.5,961
9/29/2019 16:34,datasets/dataset_cropped/09_Metas/29/16/20190929163400_00160.jpg,datasets_flow/dataset_cropped/09_Metas/29/16/20190929163400_00160.jpg,datasets_cloudmask/dataset_cropped/09_Metas/29/16/20190929163400_00160.png,413.6,699.5,96.7,29.5,961
9/29/2019 16:35,datasets/dataset_cropped/09_Metas/29/16/20190929163500_00160.jpg,datasets_flow/dataset_cropped/09_Metas/29/16/20190929163500_00160.jpg,datasets_cloudmask/dataset_cropped/09_Metas/29/16/20190929163500_00160.png,410.7,697.7,96.1,29.6,961
9/29/2019 16:36,datasets/dataset_cropped/09_Metas/29/16/20190929163600_00160.jpg,datasets_flow/dataset_cropped/09_Metas/29/16/20190929163600_00160.jpg,datasets_cloudmask/dataset_cropped/09_Metas/29/16/20190929163600_00160.png,408.4,697.1,95.9,29.6,961
9/29/2019 16:37,datasets/dataset_cropped/09_Metas/29/16/20190929163700_00160.jpg,datasets_flow/dataset_cropped/09_Metas/29/16/20190929163700_00160.jpg,datasets_cloudmask/dataset_cropped/09_Metas/29/16/20190929163700_00160.png,406.3,697.3,95.9,29.2,961
9/29/2019 16:38,datasets/dataset_cropped/09_Metas/29/16/20190929163800_00160.jpg,datasets_flow/dataset_cropped/09_Metas/29/16/20190929163800_00160.jpg,datasets_cloudmask/dataset_cropped/09_Metas/29/16/20190929163800_00160.png,403.4,696.4,95.6,29.1,961
9/29/2019 16:39,datasets/dataset_cropped/09_Metas/29/16/20190929163900_00160.jpg,datasets_flow/dataset_cropped/09_Metas/29/16/20190929163900_00160.jpg,datasets_cloudmask/dataset_cropped/09_Metas/29/16/20190929163900_00160.png,401.7,698.5,95.1,29.4,961
9/29/2019 16:40,datasets/dataset_cropped/09_Metas/29/16/20190929164000_00160.jpg,datasets_flow/dataset_cropped/09_Metas/29/16/20190929164000_00160.jpg,datasets_cloudmask/dataset_cropped/09_Metas/29/16/20190929164000_00160.png,399.1,698.4,94.3,29.6,961
9/29/2019 16:41,datasets/dataset_cropped/09_Metas/29/16/20190929164100_00160.jpg,datasets_flow/dataset_cropped/09_Metas/29/16/20190929164100_00160.jpg,datasets_cloudmask/dataset_cropped/09_Metas/29/16/20190929164100_00160.png,394.7,694.3,93.7,29.7,961
9/29/2019 16:42,datasets/dataset_cropped/09_Metas/29/16/20190929164200_00160.jpg,datasets_flow/dataset_cropped/09_Metas/29/16/20190929164200_00160.jpg,datasets_cloudmask/dataset_cropped/09_Metas/29/16/20190929164200_00160.png,391.1,691.6,93.2,29.6,961
9/29/2019 16:43,datasets/dataset_cropped/09_Metas/29/16/20190929164300_00160.jpg,datasets_flow/dataset_cropped/09_Metas/29/16/20190929164300_00160.jpg,datasets_cloudmask/dataset_cropped/09_Metas/29/16/20190929164300_00160.png,387.8,689.2,92.8,29.2,961
9/29/2019 16:44,datasets/dataset_cropped/09_Metas/29/16/20190929164400_00160.jpg,datasets_flow/dataset_cropped/09_Metas/29/16/20190929164400_00160.jpg,datasets_cloudmask/dataset_cropped/09_Metas/29/16/20190929164400_00160.png,384.8,687.3,92.5,29.2,961
9/29/2019 16:45,datasets/dataset_cropped/09_Metas/29/16/20190929164500_00160.jpg,datasets_flow/dataset_cropped/09_Metas/29/16/20190929164500_00160.jpg,datasets_cloudmask/dataset_cropped/09_Metas/29/16/20190929164500_00160.png,380.1,682,91.9,29.2,961
9/29/2019 16:46,datasets/dataset_cropped/09_Metas/29/16/20190929164600_00160.jpg,datasets_flow/dataset_cropped/09_Metas/29/16/20190929164600_00160.jpg,datasets_cloudmask/dataset_cropped/09_Metas/29/16/20190929164600_00160.png,375.5,676.7,91.7,29.1,961
9/29/2019 16:47,datasets/dataset_cropped/09_Metas/29/16/20190929164700_00160.jpg,datasets_flow/dataset_cropped/09_Metas/29/16/20190929164700_00160.jpg,datasets_cloudmask/dataset_cropped/09_Metas/29/16/20190929164700_00160.png,372.3,675.4,91.2,29.1,961
9/29/2019 16:48,datasets/dataset_cropped/09_Metas/29/16/20190929164800_00160.jpg,datasets_flow/dataset_cropped/09_Metas/29/16/20190929164800_00160.jpg,datasets_cloudmask/dataset_cropped/09_Metas/29/16/20190929164800_00160.png,370,676.3,90.5,28.9,961
9/29/2019 16:49,datasets/dataset_cropped/09_Metas/29/16/20190929164900_00160.jpg,datasets_flow/dataset_cropped/09_Metas/29/16/20190929164900_00160.jpg,datasets_cloudmask/dataset_cropped/09_Metas/29/16/20190929164900_00160.png,366.5,673.6,90,28.7,961
9/29/2019 16:50,datasets/dataset_cropped/09_Metas/29/16/20190929165000_00160.jpg,datasets_flow/dataset_cropped/09_Metas/29/16/20190929165000_00160.jpg,datasets_cloudmask/dataset_cropped/09_Metas/29/16/20190929165000_00160.png,365.4,677.6,89.3,28.8,961
9/29/2019 16:51,datasets/dataset_cropped/09_Metas/29/16/20190929165100_00160.jpg,datasets_flow/dataset_cropped/09_Metas/29/16/20190929165100_00160.jpg,datasets_cloudmask/dataset_cropped/09_Metas/29/16/20190929165100_00160.png,363.8,679.8,88.8,28.8,961
9/29/2019 16:52,datasets/dataset_cropped/09_Metas/29/16/20190929165200_00160.jpg,datasets_flow/dataset_cropped/09_Metas/29/16/20190929165200_00160.jpg,datasets_cloudmask/dataset_cropped/09_Metas/29/16/20190929165200_00160.png,360.9,678.5,88.4,28.8,961
9/29/2019 16:53,datasets/dataset_cropped/09_Metas/29/16/20190929165300_00160.jpg,datasets_flow/dataset_cropped/09_Metas/29/16/20190929165300_00160.jpg,datasets_cloudmask/dataset_cropped/09_Metas/29/16/20190929165300_00160.png,357.9,676.8,88.1,28.7,961
9/29/2019 16:54,datasets/dataset_cropped/09_Metas/29/16/20190929165400_00160.jpg,datasets_flow/dataset_cropped/09_Metas/29/16/20190929165400_00160.jpg,datasets_cloudmask/dataset_cropped/09_Metas/29/16/20190929165400_00160.png,355.9,677.4,87.8,28.7,961
9/29/2019 16:55,datasets/dataset_cropped/09_Metas/29/16/20190929165500_00160.jpg,datasets_flow/dataset_cropped/09_Metas/29/16/20190929165500_00160.jpg,datasets_cloudmask/dataset_cropped/09_Metas/29/16/20190929165500_00160.png,353.2,677.2,87.5,28.8,961
9/29/2019 16:56,datasets/dataset_cropped/09_Metas/29/16/20190929165600_00160.jpg,datasets_flow/dataset_cropped/09_Metas/29/16/20190929165600_00160.jpg,datasets_cloudmask/dataset_cropped/09_Metas/29/16/20190929165600_00160.png,348.2,671.4,86.8,29,961
9/29/2019 16:57,datasets/dataset_cropped/09_Metas/29/16/20190929165700_00160.jpg,datasets_flow/dataset_cropped/09_Metas/29/16/20190929165700_00160.jpg,datasets_cloudmask/dataset_cropped/09_Metas/29/16/20190929165700_00160.png,343.5,665.4,86.3,29,961
9/29/2019 16:58,datasets/dataset_cropped/09_Metas/29/16/20190929165800_00160.jpg,datasets_flow/dataset_cropped/09_Metas/29/16/20190929165800_00160.jpg,datasets_cloudmask/dataset_cropped/09_Metas/29/16/20190929165800_00160.png,340.2,663,86.1,29,961
9/29/2019 16:59,datasets/dataset_cropped/09_Metas/29/16/20190929165900_00160.jpg,datasets_flow/dataset_cropped/09_Metas/29/16/20190929165900_00160.jpg,datasets_cloudmask/dataset_cropped/09_Metas/29/16/20190929165900_00160.png,338.2,665,85.3,29,961
9/29/2019 17:00,datasets/dataset_cropped/09_Metas/29/17/20190929170000_00160.jpg,datasets_flow/dataset_cropped/09_Metas/29/17/20190929170000_00160.jpg,datasets_cloudmask/dataset_cropped/09_Metas/29/17/20190929170000_00160.png,334.3,661.6,84.6,28.8,961
9/29/2019 17:01,datasets/dataset_cropped/09_Metas/29/17/20190929170100_00160.jpg,datasets_flow/dataset_cropped/09_Metas/29/17/20190929170100_00160.jpg,datasets_cloudmask/dataset_cropped/09_Metas/29/17/20190929170100_00160.png,330.5,658.3,84.1,28.7,961
9/29/2019 17:02,datasets/dataset_cropped/09_Metas/29/17/20190929170200_00160.jpg,datasets_flow/dataset_cropped/09_Metas/29/17/20190929170200_00160.jpg,datasets_cloudmask/dataset_cropped/09_Metas/29/17/20190929170200_00160.png,326.7,655.2,83.6,28.6,961
9/29/2019 17:03,datasets/dataset_cropped/09_Metas/29/17/20190929170300_00160.jpg,datasets_flow/dataset_cropped/09_Metas/29/17/20190929170300_00160.jpg,datasets_cloudmask/dataset_cropped/09_Metas/29/17/20190929170300_00160.png,323.7,653.7,83.3,28.4,961
9/29/2019 17:04,datasets/dataset_cropped/09_Metas/29/17/20190929170400_00160.jpg,datasets_flow/dataset_cropped/09_Metas/29/17/20190929170400_00160.jpg,datasets_cloudmask/dataset_cropped/09_Metas/29/17/20190929170400_00160.png,320.7,652.2,82.8,28.3,961
9/29/2019 17:05,datasets/dataset_cropped/09_Metas/29/17/20190929170500_00160.jpg,datasets_flow/dataset_cropped/09_Metas/29/17/20190929170500_00160.jpg,datasets_cloudmask/dataset_cropped/09_Metas/29/17/20190929170500_00160.png,317.9,651.5,82.4,28.3,961
9/29/2019 17:06,datasets/dataset_cropped/09_Metas/29/17/20190929170600_00160.jpg,datasets_flow/dataset_cropped/09_Metas/29/17/20190929170600_00160.jpg,datasets_cloudmask/dataset_cropped/09_Metas/29/17/20190929170600_00160.png,314.5,649.1,81.8,28.5,961
9/29/2019 17:07,datasets/dataset_cropped/09_Metas/29/17/20190929170700_00160.jpg,datasets_flow/dataset_cropped/09_Metas/29/17/20190929170700_00160.jpg,datasets_cloudmask/dataset_cropped/09_Metas/29/17/20190929170700_00160.png,310.9,645.1,81.8,28.7,961
9/29/2019 17:08,datasets/dataset_cropped/09_Metas/29/17/20190929170800_00160.jpg,datasets_flow/dataset_cropped/09_Metas/29/17/20190929170800_00160.jpg,datasets_cloudmask/dataset_cropped/09_Metas/29/17/20190929170800_00160.png,307.4,641.8,81.4,28.7,961
9/29/2019 17:09,datasets/dataset_cropped/09_Metas/29/17/20190929170900_00160.jpg,datasets_flow/dataset_cropped/09_Metas/29/17/20190929170900_00160.jpg,datasets_cloudmask/dataset_cropped/09_Metas/29/17/20190929170900_00160.png,303.6,638.2,80.9,28.6,961
9/29/2019 17:10,datasets/dataset_cropped/09_Metas/29/17/20190929171000_00160.jpg,datasets_flow/dataset_cropped/09_Metas/29/17/20190929171000_00160.jpg,datasets_cloudmask/dataset_cropped/09_Metas/29/17/20190929171000_00160.png,300.3,634.8,80.8,28.6,961
9/29/2019 17:11,datasets/dataset_cropped/09_Metas/29/17/20190929171100_00160.jpg,datasets_flow/dataset_cropped/09_Metas/29/17/20190929171100_00160.jpg,datasets_cloudmask/dataset_cropped/09_Metas/29/17/20190929171100_00160.png,296.1,630,80.2,28.5,961
9/29/2019 17:12,datasets/dataset_cropped/09_Metas/29/17/20190929171200_00160.jpg,datasets_flow/dataset_cropped/09_Metas/29/17/20190929171200_00160.jpg,datasets_cloudmask/dataset_cropped/09_Metas/29/17/20190929171200_00160.png,291.8,624.2,79.7,28.5,961
9/29/2019 17:13,datasets/dataset_cropped/09_Metas/29/17/20190929171300_00160.jpg,datasets_flow/dataset_cropped/09_Metas/29/17/20190929171300_00160.jpg,datasets_cloudmask/dataset_cropped/09_Metas/29/17/20190929171300_00160.png,287.6,618.8,79.2,28.3,961
9/29/2019 17:14,datasets/dataset_cropped/09_Metas/29/17/20190929171400_00160.jpg,datasets_flow/dataset_cropped/09_Metas/29/17/20190929171400_00160.jpg,datasets_cloudmask/dataset_cropped/09_Metas/29/17/20190929171400_00160.png,284.8,617.4,78.3,28.2,961
9/29/2019 17:15,datasets/dataset_cropped/09_Metas/29/17/20190929171500_00160.jpg,datasets_flow/dataset_cropped/09_Metas/29/17/20190929171500_00160.jpg,datasets_cloudmask/dataset_cropped/09_Metas/29/17/20190929171500_00160.png,281.7,615.4,77.8,28.1,961
9/29/2019 17:16,datasets/dataset_cropped/09_Metas/29/17/20190929171600_00160.jpg,datasets_flow/dataset_cropped/09_Metas/29/17/20190929171600_00160.jpg,datasets_cloudmask/dataset_cropped/09_Metas/29/17/20190929171600_00160.png,278.2,611.5,77.3,28,961
9/29/2019 17:17,datasets/dataset_cropped/09_Metas/29/17/20190929171700_00160.jpg,datasets_flow/dataset_cropped/09_Metas/29/17/20190929171700_00160.jpg,datasets_cloudmask/dataset_cropped/09_Metas/29/17/20190929171700_00160.png,274.5,606.8,76.9,27.9,961
9/29/2019 17:18,datasets/dataset_cropped/09_Metas/29/17/20190929171800_00160.jpg,datasets_flow/dataset_cropped/09_Metas/29/17/20190929171800_00160.jpg,datasets_cloudmask/dataset_cropped/09_Metas/29/17/20190929171800_00160.png,270.9,602.4,76.8,27.8,961
9/29/2019 17:19,datasets/dataset_cropped/09_Metas/29/17/20190929171900_00160.jpg,datasets_flow/dataset_cropped/09_Metas/29/17/20190929171900_00160.jpg,datasets_cloudmask/dataset_cropped/09_Metas/29/17/20190929171900_00160.png,267.4,598.7,76.3,27.7,961
9/29/2019 17:20,datasets/dataset_cropped/09_Metas/29/17/20190929172000_00160.jpg,datasets_flow/dataset_cropped/09_Metas/29/17/20190929172000_00160.jpg,datasets_cloudmask/dataset_cropped/09_Metas/29/17/20190929172000_00160.png,264.8,597.6,76,27.8,961
9/29/2019 17:21,datasets/dataset_cropped/09_Metas/29/17/20190929172100_00160.jpg,datasets_flow/dataset_cropped/09_Metas/29/17/20190929172100_00160.jpg,datasets_cloudmask/dataset_cropped/09_Metas/29/17/20190929172100_00160.png,261.3,593.7,75.6,27.9,961
9/29/2019 17:22,datasets/dataset_cropped/09_Metas/29/17/20190929172200_00160.jpg,datasets_flow/dataset_cropped/09_Metas/29/17/20190929172200_00160.jpg,datasets_cloudmask/dataset_cropped/09_Metas/29/17/20190929172200_00160.png,257.6,589.3,75.2,27.8,961
9/29/2019 17:23,datasets/dataset_cropped/09_Metas/29/17/20190929172300_00160.jpg,datasets_flow/dataset_cropped/09_Metas/29/17/20190929172300_00160.jpg,datasets_cloudmask/dataset_cropped/09_Metas/29/17/20190929172300_00160.png,254.5,586.8,74.7,27.7,961
9/29/2019 17:24,datasets/dataset_cropped/09_Metas/29/17/20190929172400_00160.jpg,datasets_flow/dataset_cropped/09_Metas/29/17/20190929172400_00160.jpg,datasets_cloudmask/dataset_cropped/09_Metas/29/17/20190929172400_00160.png,251.9,586.1,74.2,27.6,961
9/29/2019 17:25,datasets/dataset_cropped/09_Metas/29/17/20190929172500_00160.jpg,datasets_flow/dataset_cropped/09_Metas/29/17/20190929172500_00160.jpg,datasets_cloudmask/dataset_cropped/09_Metas/29/17/20190929172500_00160.png,248.5,583.3,73.6,27.5,961
9/29/2019 17:26,datasets/dataset_cropped/09_Metas/29/17/20190929172600_00160.jpg,datasets_flow/dataset_cropped/09_Metas/29/17/20190929172600_00160.jpg,datasets_cloudmask/dataset_cropped/09_Metas/29/17/20190929172600_00160.png,244.7,578,73.2,27.5,961
9/29/2019 17:27,datasets/dataset_cropped/09_Metas/29/17/20190929172700_00160.jpg,datasets_flow/dataset_cropped/09_Metas/29/17/20190929172700_00160.jpg,datasets_cloudmask/dataset_cropped/09_Metas/29/17/20190929172700_00160.png,241.5,575.1,72.7,27.4,961
9/29/2019 17:28,datasets/dataset_cropped/09_Metas/29/17/20190929172800_00160.jpg,datasets_flow/dataset_cropped/09_Metas/29/17/20190929172800_00160.jpg,datasets_cloudmask/dataset_cropped/09_Metas/29/17/20190929172800_00160.png,238.2,572,72,27.4,961
9/29/2019 17:29,datasets/dataset_cropped/09_Metas/29/17/20190929172900_00160.jpg,datasets_flow/dataset_cropped/09_Metas/29/17/20190929172900_00160.jpg,datasets_cloudmask/dataset_cropped/09_Metas/29/17/20190929172900_00160.png,234.7,568.1,71.4,27.6,961
9/29/2019 17:30,datasets/dataset_cropped/09_Metas/29/17/20190929173000_00160.jpg,datasets_flow/dataset_cropped/09_Metas/29/17/20190929173000_00160.jpg,datasets_cloudmask/dataset_cropped/09_Metas/29/17/20190929173000_00160.png,230.9,561.9,71.3,27.5,961
9/29/2019 17:31,datasets/dataset_cropped/09_Metas/29/17/20190929173100_00160.jpg,datasets_flow/dataset_cropped/09_Metas/29/17/20190929173100_00160.jpg,datasets_cloudmask/dataset_cropped/09_Metas/29/17/20190929173100_00160.png,228.1,560.1,70.9,27.5,961
9/29/2019 17:32,datasets/dataset_cropped/09_Metas/29/17/20190929173200_00160.jpg,datasets_flow/dataset_cropped/09_Metas/29/17/20190929173200_00160.jpg,datasets_cloudmask/dataset_cropped/09_Metas/29/17/20190929173200_00160.png,225.1,558.2,70.2,27.3,961
9/29/2019 17:33,datasets/dataset_cropped/09_Metas/29/17/20190929173300_00160.jpg,datasets_flow/dataset_cropped/09_Metas/29/17/20190929173300_00160.jpg,datasets_cloudmask/dataset_cropped/09_Metas/29/17/20190929173300_00160.png,221.5,553.6,69.8,27.2,961
9/29/2019 17:34,datasets/dataset_cropped/09_Metas/29/17/20190929173400_00160.jpg,datasets_flow/dataset_cropped/09_Metas/29/17/20190929173400_00160.jpg,datasets_cloudmask/dataset_cropped/09_Metas/29/17/20190929173400_00160.png,217.7,548,69.6,27.1,961
9/29/2019 17:35,datasets/dataset_cropped/09_Metas/29/17/20190929173500_00160.jpg,datasets_flow/dataset_cropped/09_Metas/29/17/20190929173500_00160.jpg,datasets_cloudmask/dataset_cropped/09_Metas/29/17/20190929173500_00160.png,214,543.2,68.8,27.1,961
9/29/2019 17:36,datasets/dataset_cropped/09_Metas/29/17/20190929173600_00160.jpg,datasets_flow/dataset_cropped/09_Metas/29/17/20190929173600_00160.jpg,datasets_cloudmask/dataset_cropped/09_Metas/29/17/20190929173600_00160.png,210.6,538.8,68.2,27.2,961
9/29/2019 17:37,datasets/dataset_cropped/09_Metas/29/17/20190929173700_00160.jpg,datasets_flow/dataset_cropped/09_Metas/29/17/20190929173700_00160.jpg,datasets_cloudmask/dataset_cropped/09_Metas/29/17/20190929173700_00160.png,207.3,535,67.5,27.1,961
9/29/2019 17:38,datasets/dataset_cropped/09_Metas/29/17/20190929173800_00160.jpg,datasets_flow/dataset_cropped/09_Metas/29/17/20190929173800_00160.jpg,datasets_cloudmask/dataset_cropped/09_Metas/29/17/20190929173800_00160.png,204.3,531.9,67,27,961
9/29/2019 17:39,datasets/dataset_cropped/09_Metas/29/17/20190929173900_00160.jpg,datasets_flow/dataset_cropped/09_Metas/29/17/20190929173900_00160.jpg,datasets_cloudmask/dataset_cropped/09_Metas/29/17/20190929173900_00160.png,200.8,527.2,66.4,27,961
9/29/2019 17:40,datasets/dataset_cropped/09_Metas/29/17/20190929174000_00160.jpg,datasets_flow/dataset_cropped/09_Metas/29/17/20190929174000_00160.jpg,datasets_cloudmask/dataset_cropped/09_Metas/29/17/20190929174000_00160.png,197.4,522.3,65.9,27,961
9/29/2019 17:41,datasets/dataset_cropped/09_Metas/29/17/20190929174100_00160.jpg,datasets_flow/dataset_cropped/09_Metas/29/17/20190929174100_00160.jpg,datasets_cloudmask/dataset_cropped/09_Metas/29/17/20190929174100_00160.png,194,518,65.3,27,961
9/29/2019 17:42,datasets/dataset_cropped/09_Metas/29/17/20190929174200_00160.jpg,datasets_flow/dataset_cropped/09_Metas/29/17/20190929174200_00160.jpg,datasets_cloudmask/dataset_cropped/09_Metas/29/17/20190929174200_00160.png,190.5,512.6,64.8,27,961
9/29/2019 17:43,datasets/dataset_cropped/09_Metas/29/17/20190929174300_00160.jpg,datasets_flow/dataset_cropped/09_Metas/29/17/20190929174300_00160.jpg,datasets_cloudmask/dataset_cropped/09_Metas/29/17/20190929174300_00160.png,187,508.1,64.2,27,961
9/29/2019 17:44,datasets/dataset_cropped/09_Metas/29/17/20190929174400_00160.jpg,datasets_flow/dataset_cropped/09_Metas/29/17/20190929174400_00160.jpg,datasets_cloudmask/dataset_cropped/09_Metas/29/17/20190929174400_00160.png,183.9,504.4,63.6,27,961
9/29/2019 17:45,datasets/dataset_cropped/09_Metas/29/17/20190929174500_00160.jpg,datasets_flow/dataset_cropped/09_Metas/29/17/20190929174500_00160.jpg,datasets_cloudmask/dataset_cropped/09_Metas/29/17/20190929174500_00160.png,180.9,501.2,63.1,27.1,961
9/29/2019 17:46,datasets/dataset_cropped/09_Metas/29/17/20190929174600_00160.jpg,datasets_flow/dataset_cropped/09_Metas/29/17/20190929174600_00160.jpg,datasets_cloudmask/dataset_cropped/09_Metas/29/17/20190929174600_00160.png,177.7,497.4,62.5,27.1,961
9/29/2019 17:47,datasets/dataset_cropped/09_Metas/29/17/20190929174700_00160.jpg,datasets_flow/dataset_cropped/09_Metas/29/17/20190929174700_00160.jpg,datasets_cloudmask/dataset_cropped/09_Metas/29/17/20190929174700_00160.png,174.3,492.8,61.8,26.9,961
9/29/2019 17:48,datasets/dataset_cropped/09_Metas/29/17/20190929174800_00160.jpg,datasets_flow/dataset_cropped/09_Metas/29/17/20190929174800_00160.jpg,datasets_cloudmask/dataset_cropped/09_Metas/29/17/20190929174800_00160.png,170.8,487.1,61.2,27,961
9/29/2019 17:49,datasets/dataset_cropped/09_Metas/29/17/20190929174900_00160.jpg,datasets_flow/dataset_cropped/09_Metas/29/17/20190929174900_00160.jpg,datasets_cloudmask/dataset_cropped/09_Metas/29/17/20190929174900_00160.png,167.2,481.3,60.6,27,961
9/29/2019 17:50,datasets/dataset_cropped/09_Metas/29/17/20190929175000_00160.jpg,datasets_flow/dataset_cropped/09_Metas/29/17/20190929175000_00160.jpg,datasets_cloudmask/dataset_cropped/09_Metas/29/17/20190929175000_00160.png,163.7,475.5,60.1,27,961
9/29/2019 17:51,datasets/dataset_cropped/09_Metas/29/17/20190929175100_00160.jpg,datasets_flow/dataset_cropped/09_Metas/29/17/20190929175100_00160.jpg,datasets_cloudmask/dataset_cropped/09_Metas/29/17/20190929175100_00160.png,160.4,469.9,59.5,27,961
9/29/2019 17:52,datasets/dataset_cropped/09_Metas/29/17/20190929175200_00160.jpg,datasets_flow/dataset_cropped/09_Metas/29/17/20190929175200_00160.jpg,datasets_cloudmask/dataset_cropped/09_Metas/29/17/20190929175200_00160.png,156.7,463.4,58.8,27,961
9/29/2019 17:53,datasets/dataset_cropped/09_Metas/29/17/20190929175300_00160.jpg,datasets_flow/dataset_cropped/09_Metas/29/17/20190929175300_00160.jpg,datasets_cloudmask/dataset_cropped/09_Metas/29/17/20190929175300_00160.png,153.3,458.3,57.9,26.9,961
9/29/2019 17:54,datasets/dataset_cropped/09_Metas/29/17/20190929175400_00160.jpg,datasets_flow/dataset_cropped/09_Metas/29/17/20190929175400_00160.jpg,datasets_cloudmask/dataset_cropped/09_Metas/29/17/20190929175400_00160.png,149.8,452.2,57.1,26.9,961
9/29/2019 17:55,datasets/dataset_cropped/09_Metas/29/17/20190929175500_00160.jpg,datasets_flow/dataset_cropped/09_Metas/29/17/20190929175500_00160.jpg,datasets_cloudmask/dataset_cropped/09_Metas/29/17/20190929175500_00160.png,146.3,445.5,56.4,27,961
9/29/2019 17:56,datasets/dataset_cropped/09_Metas/29/17/20190929175600_00160.jpg,datasets_flow/dataset_cropped/09_Metas/29/17/20190929175600_00160.jpg,datasets_cloudmask/dataset_cropped/09_Metas/29/17/20190929175600_00160.png,142.9,439.4,55.7,27,961
9/29/2019 17:57,datasets/dataset_cropped/09_Metas/29/17/20190929175700_00160.jpg,datasets_flow/dataset_cropped/09_Metas/29/17/20190929175700_00160.jpg,datasets_cloudmask/dataset_cropped/09_Metas/29/17/20190929175700_00160.png,139.4,432.2,54.9,26.9,961
9/29/2019 17:58,datasets/dataset_cropped/09_Metas/29/17/20190929175800_00160.jpg,datasets_flow/dataset_cropped/09_Metas/29/17/20190929175800_00160.jpg,datasets_cloudmask/dataset_cropped/09_Metas/29/17/20190929175800_00160.png,136,425.9,54.2,26.8,961
9/29/2019 17:59,datasets/dataset_cropped/09_Metas/29/17/20190929175900_00160.jpg,datasets_flow/dataset_cropped/09_Metas/29/17/20190929175900_00160.jpg,datasets_cloudmask/dataset_cropped/09_Metas/29/17/20190929175900_00160.png,132.7,419.5,53.5,26.8,961
9/29/2019 18:00,datasets/dataset_cropped/09_Metas/29/18/20190929180000_00160.jpg,datasets_flow/dataset_cropped/09_Metas/29/18/20190929180000_00160.jpg,datasets_cloudmask/dataset_cropped/09_Metas/29/18/20190929180000_00160.png,129.5,413.3,52.8,26.8,961
9/29/2019 18:01,datasets/dataset_cropped/09_Metas/29/18/20190929180100_00160.jpg,datasets_flow/dataset_cropped/09_Metas/29/18/20190929180100_00160.jpg,datasets_cloudmask/dataset_cropped/09_Metas/29/18/20190929180100_00160.png,126.1,406.3,52.1,26.8,961
9/29/2019 18:02,datasets/dataset_cropped/09_Metas/29/18/20190929180200_00160.jpg,datasets_flow/dataset_cropped/09_Metas/29/18/20190929180200_00160.jpg,datasets_cloudmask/dataset_cropped/09_Metas/29/18/20190929180200_00160.png,122.9,400.4,51.3,26.7,961
9/29/2019 18:03,datasets/dataset_cropped/09_Metas/29/18/20190929180300_00160.jpg,datasets_flow/dataset_cropped/09_Metas/29/18/20190929180300_00160.jpg,datasets_cloudmask/dataset_cropped/09_Metas/29/18/20190929180300_00160.png,119.9,395.4,50.6,26.8,961
9/29/2019 18:04,datasets/dataset_cropped/09_Metas/29/18/20190929180400_00160.jpg,datasets_flow/dataset_cropped/09_Metas/29/18/20190929180400_00160.jpg,datasets_cloudmask/dataset_cropped/09_Metas/29/18/20190929180400_00160.png,116.9,389.5,49.9,26.8,961
9/29/2019 18:05,datasets/dataset_cropped/09_Metas/29/18/20190929180500_00160.jpg,datasets_flow/dataset_cropped/09_Metas/29/18/20190929180500_00160.jpg,datasets_cloudmask/dataset_cropped/09_Metas/29/18/20190929180500_00160.png,113.9,383.7,49.1,26.8,961
9/29/2019 18:06,datasets/dataset_cropped/09_Metas/29/18/20190929180600_00160.jpg,datasets_flow/dataset_cropped/09_Metas/29/18/20190929180600_00160.jpg,datasets_cloudmask/dataset_cropped/09_Metas/29/18/20190929180600_00160.png,110.7,376.4,48.5,26.8,961
9/29/2019 18:07,datasets/dataset_cropped/09_Metas/29/18/20190929180700_00160.jpg,datasets_flow/dataset_cropped/09_Metas/29/18/20190929180700_00160.jpg,datasets_cloudmask/dataset_cropped/09_Metas/29/18/20190929180700_00160.png,107.5,369.2,47.8,26.8,961
9/29/2019 18:08,datasets/dataset_cropped/09_Metas/29/18/20190929180800_00160.jpg,datasets_flow/dataset_cropped/09_Metas/29/18/20190929180800_00160.jpg,datasets_cloudmask/dataset_cropped/09_Metas/29/18/20190929180800_00160.png,104.6,363.3,47,26.8,961
9/29/2019 18:09,datasets/dataset_cropped/09_Metas/29/18/20190929180900_00160.jpg,datasets_flow/dataset_cropped/09_Metas/29/18/20190929180900_00160.jpg,datasets_cloudmask/dataset_cropped/09_Metas/29/18/20190929180900_00160.png,101.6,357,46.3,26.8,961
9/29/2019 18:10,datasets/dataset_cropped/09_Metas/29/18/20190929181000_00160.jpg,datasets_flow/dataset_cropped/09_Metas/29/18/20190929181000_00160.jpg,datasets_cloudmask/dataset_cropped/09_Metas/29/18/20190929181000_00160.png,98.3,348.4,45.4,26.7,961
9/29/2019 18:11,datasets/dataset_cropped/09_Metas/29/18/20190929181100_00160.jpg,datasets_flow/dataset_cropped/09_Metas/29/18/20190929181100_00160.jpg,datasets_cloudmask/dataset_cropped/09_Metas/29/18/20190929181100_00160.png,94.8,339,44.6,26.6,961
9/29/2019 18:12,datasets/dataset_cropped/09_Metas/29/18/20190929181200_00160.jpg,datasets_flow/dataset_cropped/09_Metas/29/18/20190929181200_00160.jpg,datasets_cloudmask/dataset_cropped/09_Metas/29/18/20190929181200_00160.png,91.8,331.3,43.8,26.6,961
9/29/2019 18:13,datasets/dataset_cropped/09_Metas/29/18/20190929181300_00160.jpg,datasets_flow/dataset_cropped/09_Metas/29/18/20190929181300_00160.jpg,datasets_cloudmask/dataset_cropped/09_Metas/29/18/20190929181300_00160.png,88.9,324.2,43,26.6,961
9/29/2019 18:14,datasets/dataset_cropped/09_Metas/29/18/20190929181400_00160.jpg,datasets_flow/dataset_cropped/09_Metas/29/18/20190929181400_00160.jpg,datasets_cloudmask/dataset_cropped/09_Metas/29/18/20190929181400_00160.png,85.9,316.6,42.1,26.6,961
9/29/2019 18:15,datasets/dataset_cropped/09_Metas/29/18/20190929181500_00160.jpg,datasets_flow/dataset_cropped/09_Metas/29/18/20190929181500_00160.jpg,datasets_cloudmask/dataset_cropped/09_Metas/29/18/20190929181500_00160.png,82.9,308.7,41.3,26.6,961
9/29/2019 18:16,datasets/dataset_cropped/09_Metas/29/18/20190929181600_00160.jpg,datasets_flow/dataset_cropped/09_Metas/29/18/20190929181600_00160.jpg,datasets_cloudmask/dataset_cropped/09_Metas/29/18/20190929181600_00160.png,80.1,301.1,40.5,26.5,961
9/29/2019 18:17,datasets/dataset_cropped/09_Metas/29/18/20190929181700_00160.jpg,datasets_flow/dataset_cropped/09_Metas/29/18/20190929181700_00160.jpg,datasets_cloudmask/dataset_cropped/09_Metas/29/18/20190929181700_00160.png,77.2,293.3,39.7,26.4,961
9/29/2019 18:18,datasets/dataset_cropped/09_Metas/29/18/20190929181800_00160.jpg,datasets_flow/dataset_cropped/09_Metas/29/18/20190929181800_00160.jpg,datasets_cloudmask/dataset_cropped/09_Metas/29/18/20190929181800_00160.png,74.3,285.3,38.8,26.5,961
9/29/2019 18:19,datasets/dataset_cropped/09_Metas/29/18/20190929181900_00160.jpg,datasets_flow/dataset_cropped/09_Metas/29/18/20190929181900_00160.jpg,datasets_cloudmask/dataset_cropped/09_Metas/29/18/20190929181900_00160.png,71.5,277.7,37.9,26.5,961
9/29/2019 18:20,datasets/dataset_cropped/09_Metas/29/18/20190929182000_00160.jpg,datasets_flow/dataset_cropped/09_Metas/29/18/20190929182000_00160.jpg,datasets_cloudmask/dataset_cropped/09_Metas/29/18/20190929182000_00160.png,69,270.9,37.1,26.5,961
9/29/2019 18:21,datasets/dataset_cropped/09_Metas/29/18/20190929182100_00160.jpg,datasets_flow/dataset_cropped/09_Metas/29/18/20190929182100_00160.jpg,datasets_cloudmask/dataset_cropped/09_Metas/29/18/20190929182100_00160.png,66.3,263.1,36.2,26.4,961
9/29/2019 18:22,datasets/dataset_cropped/09_Metas/29/18/20190929182200_00160.jpg,datasets_flow/dataset_cropped/09_Metas/29/18/20190929182200_00160.jpg,datasets_cloudmask/dataset_cropped/09_Metas/29/18/20190929182200_00160.png,63.6,254.5,35.4,26.4,961
9/29/2019 18:23,datasets/dataset_cropped/09_Metas/29/18/20190929182300_00160.jpg,datasets_flow/dataset_cropped/09_Metas/29/18/20190929182300_00160.jpg,datasets_cloudmask/dataset_cropped/09_Metas/29/18/20190929182300_00160.png,60.9,246.9,34.5,26.4,961
9/29/2019 18:24,datasets/dataset_cropped/09_Metas/29/18/20190929182400_00160.jpg,datasets_flow/dataset_cropped/09_Metas/29/18/20190929182400_00160.jpg,datasets_cloudmask/dataset_cropped/09_Metas/29/18/20190929182400_00160.png,58.4,238.9,33.6,26.4,961
9/29/2019 18:25,datasets/dataset_cropped/09_Metas/29/18/20190929182500_00160.jpg,datasets_flow/dataset_cropped/09_Metas/29/18/20190929182500_00160.jpg,datasets_cloudmask/dataset_cropped/09_Metas/29/18/20190929182500_00160.png,55.8,230.7,32.7,26.4,961
9/29/2019 18:26,datasets/dataset_cropped/09_Metas/29/18/20190929182600_00160.jpg,datasets_flow/dataset_cropped/09_Metas/29/18/20190929182600_00160.jpg,datasets_cloudmask/dataset_cropped/09_Metas/29/18/20190929182600_00160.png,53.4,223,31.9,26.3,961
9/29/2019 18:27,datasets/dataset_cropped/09_Metas/29/18/20190929182700_00160.jpg,datasets_flow/dataset_cropped/09_Metas/29/18/20190929182700_00160.jpg,datasets_cloudmask/dataset_cropped/09_Metas/29/18/20190929182700_00160.png,50.8,214,30.9,26.3,961
9/29/2019 18:28,datasets/dataset_cropped/09_Metas/29/18/20190929182800_00160.jpg,datasets_flow/dataset_cropped/09_Metas/29/18/20190929182800_00160.jpg,datasets_cloudmask/dataset_cropped/09_Metas/29/18/20190929182800_00160.png,48.2,205.2,29.8,26.2,961
9/29/2019 18:29,datasets/dataset_cropped/09_Metas/29/18/20190929182900_00160.jpg,datasets_flow/dataset_cropped/09_Metas/29/18/20190929182900_00160.jpg,datasets_cloudmask/dataset_cropped/09_Metas/29/18/20190929182900_00160.png,45.8,196.6,28.8,26.1,961
9/29/2019 18:30,datasets/dataset_cropped/09_Metas/29/18/20190929183000_00160.jpg,datasets_flow/dataset_cropped/09_Metas/29/18/20190929183000_00160.jpg,datasets_cloudmask/dataset_cropped/09_Metas/29/18/20190929183000_00160.png,43.4,187.4,27.8,26.1,961
9/29/2019 18:31,datasets/dataset_cropped/09_Metas/29/18/20190929183100_00160.jpg,datasets_flow/dataset_cropped/09_Metas/29/18/20190929183100_00160.jpg,datasets_cloudmask/dataset_cropped/09_Metas/29/18/20190929183100_00160.png,41,177.6,26.8,26,961
9/29/2019 18:32,datasets/dataset_cropped/09_Metas/29/18/20190929183200_00160.jpg,datasets_flow/dataset_cropped/09_Metas/29/18/20190929183200_00160.jpg,datasets_cloudmask/dataset_cropped/09_Metas/29/18/20190929183200_00160.png,38.7,168,25.8,26,961
9/29/2019 18:33,datasets/dataset_cropped/09_Metas/29/18/20190929183300_00160.jpg,datasets_flow/dataset_cropped/09_Metas/29/18/20190929183300_00160.jpg,datasets_cloudmask/dataset_cropped/09_Metas/29/18/20190929183300_00160.png,36.5,158.4,24.7,26,961
9/29/2019 18:34,datasets/dataset_cropped/09_Metas/29/18/20190929183400_00160.jpg,datasets_flow/dataset_cropped/09_Metas/29/18/20190929183400_00160.jpg,datasets_cloudmask/dataset_cropped/09_Metas/29/18/20190929183400_00160.png,34.2,148.3,23.6,26,961
9/29/2019 18:35,datasets/dataset_cropped/09_Metas/29/18/20190929183500_00160.jpg,datasets_flow/dataset_cropped/09_Metas/29/18/20190929183500_00160.jpg,datasets_cloudmask/dataset_cropped/09_Metas/29/18/20190929183500_00160.png,31.9,136.9,22.5,26,961
9/29/2019 18:36,datasets/dataset_cropped/09_Metas/29/18/20190929183600_00160.jpg,datasets_flow/dataset_cropped/09_Metas/29/18/20190929183600_00160.jpg,datasets_cloudmask/dataset_cropped/09_Metas/29/18/20190929183600_00160.png,29.6,124.1,21.4,26,961
9/29/2019 18:37,datasets/dataset_cropped/09_Metas/29/18/20190929183700_00160.jpg,datasets_flow/dataset_cropped/09_Metas/29/18/20190929183700_00160.jpg,datasets_cloudmask/dataset_cropped/09_Metas/29/18/20190929183700_00160.png,27.5,111.8,20.3,25.9,961
9/29/2019 18:38,datasets/dataset_cropped/09_Metas/29/18/20190929183800_00160.jpg,datasets_flow/dataset_cropped/09_Metas/29/18/20190929183800_00160.jpg,datasets_cloudmask/dataset_cropped/09_Metas/29/18/20190929183800_00160.png,25.5,101.6,19.3,25.8,961
9/29/2019 18:39,datasets/dataset_cropped/09_Metas/29/18/20190929183900_00160.jpg,datasets_flow/dataset_cropped/09_Metas/29/18/20190929183900_00160.jpg,datasets_cloudmask/dataset_cropped/09_Metas/29/18/20190929183900_00160.png,23.7,91.7,18.2,25.7,961
9/29/2019 18:40,datasets/dataset_cropped/09_Metas/29/18/20190929184000_00160.jpg,datasets_flow/dataset_cropped/09_Metas/29/18/20190929184000_00160.jpg,datasets_cloudmask/dataset_cropped/09_Metas/29/18/20190929184000_00160.png,21.9,82.1,17.1,25.6,961
9/29/2019 18:41,datasets/dataset_cropped/09_Metas/29/18/20190929184100_00160.jpg,datasets_flow/dataset_cropped/09_Metas/29/18/20190929184100_00160.jpg,datasets_cloudmask/dataset_cropped/09_Metas/29/18/20190929184100_00160.png,20.2,73.7,16.1,25.5,961
9/29/2019 18:42,datasets/dataset_cropped/09_Metas/29/18/20190929184200_00160.jpg,datasets_flow/dataset_cropped/09_Metas/29/18/20190929184200_00160.jpg,datasets_cloudmask/dataset_cropped/09_Metas/29/18/20190929184200_00160.png,18.6,65.3,15.2,25.4,961
9/29/2019 18:43,datasets/dataset_cropped/09_Metas/29/18/20190929184300_00160.jpg,datasets_flow/dataset_cropped/09_Metas/29/18/20190929184300_00160.jpg,datasets_cloudmask/dataset_cropped/09_Metas/29/18/20190929184300_00160.png,16.6,43.8,14.2,25.3,961
9/29/2019 18:44,datasets/dataset_cropped/09_Metas/29/18/20190929184400_00160.jpg,datasets_flow/dataset_cropped/09_Metas/29/18/20190929184400_00160.jpg,datasets_cloudmask/dataset_cropped/09_Metas/29/18/20190929184400_00160.png,14.2,11.9,13.1,25.2,961
9/29/2019 18:45,datasets/dataset_cropped/09_Metas/29/18/20190929184500_00160.jpg,datasets_flow/dataset_cropped/09_Metas/29/18/20190929184500_00160.jpg,datasets_cloudmask/dataset_cropped/09_Metas/29/18/20190929184500_00160.png,12.6,0,12.1,25.2,961
9/29/2019 18:46,datasets/dataset_cropped/09_Metas/29/18/20190929184600_00160.jpg,datasets_flow/dataset_cropped/09_Metas/29/18/20190929184600_00160.jpg,datasets_cloudmask/dataset_cropped/09_Metas/29/18/20190929184600_00160.png,11.6,0,11.1,25.1,961
9/29/2019 18:47,datasets/dataset_cropped/09_Metas/29/18/20190929184700_00160.jpg,datasets_flow/dataset_cropped/09_Metas/29/18/20190929184700_00160.jpg,datasets_cloudmask/dataset_cropped/09_Metas/29/18/20190929184700_00160.png,10.6,0,10.1,25,961
9/29/2019 18:48,datasets/dataset_cropped/09_Metas/29/18/20190929184800_00160.jpg,datasets_flow/dataset_cropped/09_Metas/29/18/20190929184800_00160.jpg,datasets_cloudmask/dataset_cropped/09_Metas/29/18/20190929184800_00160.png,9.6,0,9.2,24.9,961
9/29/2019 18:49,datasets/dataset_cropped/09_Metas/29/18/20190929184900_00160.jpg,datasets_flow/dataset_cropped/09_Metas/29/18/20190929184900_00160.jpg,datasets_cloudmask/dataset_cropped/09_Metas/29/18/20190929184900_00160.png,8.6,0,8.2,24.9,961
9/29/2019 18:50,datasets/dataset_cropped/09_Metas/29/18/20190929185000_00160.jpg,datasets_flow/dataset_cropped/09_Metas/29/18/20190929185000_00160.jpg,datasets_cloudmask/dataset_cropped/09_Metas/29/18/20190929185000_00160.png,7.7,0,7.3,24.8,961
9/29/2019 18:51,datasets/dataset_cropped/09_Metas/29/18/20190929185100_00160.jpg,datasets_flow/dataset_cropped/09_Metas/29/18/20190929185100_00160.jpg,datasets_cloudmask/dataset_cropped/09_Metas/29/18/20190929185100_00160.png,6.8,0,6.4,24.7,961
9/29/2019 18:52,datasets/dataset_cropped/09_Metas/29/18/20190929185200_00160.jpg,datasets_flow/dataset_cropped/09_Metas/29/18/20190929185200_00160.jpg,datasets_cloudmask/dataset_cropped/09_Metas/29/18/20190929185200_00160.png,5.9,0,5.5,24.7,961
9/29/2019 18:53,datasets/dataset_cropped/09_Metas/29/18/20190929185300_00160.jpg,datasets_flow/dataset_cropped/09_Metas/29/18/20190929185300_00160.jpg,datasets_cloudmask/dataset_cropped/09_Metas/29/18/20190929185300_00160.png,5,0,4.6,24.7,961
9/29/2019 18:54,datasets/dataset_cropped/09_Metas/29/18/20190929185400_00160.jpg,datasets_flow/dataset_cropped/09_Metas/29/18/20190929185400_00160.jpg,datasets_cloudmask/dataset_cropped/09_Metas/29/18/20190929185400_00160.png,4.2,0,3.9,24.6,961
9/30/2019 7:05,datasets/dataset_cropped/09_Metas/30/07/20190930070530_00160.jpg,datasets_flow/dataset_cropped/09_Metas/30/07/20190930070530_00160.jpg,datasets_cloudmask/dataset_cropped/09_Metas/30/07/20190930070530_00160.png,3.8,0,3.6,15.7,961
9/30/2019 7:06,datasets/dataset_cropped/09_Metas/30/07/20190930070600_00160.jpg,datasets_flow/dataset_cropped/09_Metas/30/07/20190930070600_00160.jpg,datasets_cloudmask/dataset_cropped/09_Metas/30/07/20190930070600_00160.png,3.8,0,3.6,15.7,961
9/30/2019 7:07,datasets/dataset_cropped/09_Metas/30/07/20190930070700_00160.jpg,datasets_flow/dataset_cropped/09_Metas/30/07/20190930070700_00160.jpg,datasets_cloudmask/dataset_cropped/09_Metas/30/07/20190930070700_00160.png,4.5,0,4.2,15.7,961
9/30/2019 7:08,datasets/dataset_cropped/09_Metas/30/07/20190930070800_00160.jpg,datasets_flow/dataset_cropped/09_Metas/30/07/20190930070800_00160.jpg,datasets_cloudmask/dataset_cropped/09_Metas/30/07/20190930070800_00160.png,5.3,0.4,5,15.6,961
9/30/2019 7:09,datasets/dataset_cropped/09_Metas/30/07/20190930070900_00160.jpg,datasets_flow/dataset_cropped/09_Metas/30/07/20190930070900_00160.jpg,datasets_cloudmask/dataset_cropped/09_Metas/30/07/20190930070900_00160.png,6.3,4,5.9,15.5,961
9/30/2019 7:10,datasets/dataset_cropped/09_Metas/30/07/20190930071000_00160.jpg,datasets_flow/dataset_cropped/09_Metas/30/07/20190930071000_00160.jpg,datasets_cloudmask/dataset_cropped/09_Metas/30/07/20190930071000_00160.png,7.3,6.7,6.9,15.5,961
9/30/2019 7:11,datasets/dataset_cropped/09_Metas/30/07/20190930071100_00160.jpg,datasets_flow/dataset_cropped/09_Metas/30/07/20190930071100_00160.jpg,datasets_cloudmask/dataset_cropped/09_Metas/30/07/20190930071100_00160.png,8.4,13.7,7.8,15.5,961
9/30/2019 7:12,datasets/dataset_cropped/09_Metas/30/07/20190930071200_00160.jpg,datasets_flow/dataset_cropped/09_Metas/30/07/20190930071200_00160.jpg,datasets_cloudmask/dataset_cropped/09_Metas/30/07/20190930071200_00160.png,9.8,31,8.9,15.5,961
9/30/2019 7:13,datasets/dataset_cropped/09_Metas/30/07/20190930071300_00160.jpg,datasets_flow/dataset_cropped/09_Metas/30/07/20190930071300_00160.jpg,datasets_cloudmask/dataset_cropped/09_Metas/30/07/20190930071300_00160.png,11.4,53.4,10,15.5,961
9/30/2019 7:14,datasets/dataset_cropped/09_Metas/30/07/20190930071400_00160.jpg,datasets_flow/dataset_cropped/09_Metas/30/07/20190930071400_00160.jpg,datasets_cloudmask/dataset_cropped/09_Metas/30/07/20190930071400_00160.png,12.9,73.3,10.7,15.5,961
9/30/2019 7:15,datasets/dataset_cropped/09_Metas/30/07/20190930071500_00160.jpg,datasets_flow/dataset_cropped/09_Metas/30/07/20190930071500_00160.jpg,datasets_cloudmask/dataset_cropped/09_Metas/30/07/20190930071500_00160.png,14.4,94.1,11.4,15.6,961
9/30/2019 7:16,datasets/dataset_cropped/09_Metas/30/07/20190930071600_00160.jpg,datasets_flow/dataset_cropped/09_Metas/30/07/20190930071600_00160.jpg,datasets_cloudmask/dataset_cropped/09_Metas/30/07/20190930071600_00160.png,16.1,114.9,12.1,15.8,961
9/30/2019 7:17,datasets/dataset_cropped/09_Metas/30/07/20190930071700_00160.jpg,datasets_flow/dataset_cropped/09_Metas/30/07/20190930071700_00160.jpg,datasets_cloudmask/dataset_cropped/09_Metas/30/07/20190930071700_00160.png,18,133.6,12.9,16,961
9/30/2019 7:18,datasets/dataset_cropped/09_Metas/30/07/20190930071800_00160.jpg,datasets_flow/dataset_cropped/09_Metas/30/07/20190930071800_00160.jpg,datasets_cloudmask/dataset_cropped/09_Metas/30/07/20190930071800_00160.png,20.1,151.3,14,16.2,961
9/30/2019 7:19,datasets/dataset_cropped/09_Metas/30/07/20190930071900_00160.jpg,datasets_flow/dataset_cropped/09_Metas/30/07/20190930071900_00160.jpg,datasets_cloudmask/dataset_cropped/09_Metas/30/07/20190930071900_00160.png,22.1,165.5,14.9,16.5,961
9/30/2019 7:20,datasets/dataset_cropped/09_Metas/30/07/20190930072000_00160.jpg,datasets_flow/dataset_cropped/09_Metas/30/07/20190930072000_00160.jpg,datasets_cloudmask/dataset_cropped/09_Metas/30/07/20190930072000_00160.png,24.1,180.6,15.7,17,961
9/30/2019 7:21,datasets/dataset_cropped/09_Metas/30/07/20190930072100_00160.jpg,datasets_flow/dataset_cropped/09_Metas/30/07/20190930072100_00160.jpg,datasets_cloudmask/dataset_cropped/09_Metas/30/07/20190930072100_00160.png,26.2,196.3,16.5,17.3,961
9/30/2019 7:22,datasets/dataset_cropped/09_Metas/30/07/20190930072200_00160.jpg,datasets_flow/dataset_cropped/09_Metas/30/07/20190930072200_00160.jpg,datasets_cloudmask/dataset_cropped/09_Metas/30/07/20190930072200_00160.png,28.5,210.6,17.6,17.5,961
9/30/2019 7:23,datasets/dataset_cropped/09_Metas/30/07/20190930072300_00160.jpg,datasets_flow/dataset_cropped/09_Metas/30/07/20190930072300_00160.jpg,datasets_cloudmask/dataset_cropped/09_Metas/30/07/20190930072300_00160.png,30.8,226.3,18.3,17.6,961
9/30/2019 7:24,datasets/dataset_cropped/09_Metas/30/07/20190930072400_00160.jpg,datasets_flow/dataset_cropped/09_Metas/30/07/20190930072400_00160.jpg,datasets_cloudmask/dataset_cropped/09_Metas/30/07/20190930072400_00160.png,33.1,243.2,18.7,17.7,961
9/30/2019 7:25,datasets/dataset_cropped/09_Metas/30/07/20190930072500_00160.jpg,datasets_flow/dataset_cropped/09_Metas/30/07/20190930072500_00160.jpg,datasets_cloudmask/dataset_cropped/09_Metas/30/07/20190930072500_00160.png,35.7,257.8,19.5,17.6,961
9/30/2019 7:26,datasets/dataset_cropped/09_Metas/30/07/20190930072600_00160.jpg,datasets_flow/dataset_cropped/09_Metas/30/07/20190930072600_00160.jpg,datasets_cloudmask/dataset_cropped/09_Metas/30/07/20190930072600_00160.png,38.5,273.1,20.7,17.6,961
9/30/2019 7:27,datasets/dataset_cropped/09_Metas/30/07/20190930072700_00160.jpg,datasets_flow/dataset_cropped/09_Metas/30/07/20190930072700_00160.jpg,datasets_cloudmask/dataset_cropped/09_Metas/30/07/20190930072700_00160.png,41.2,286.4,21.7,17.6,961
9/30/2019 7:28,datasets/dataset_cropped/09_Metas/30/07/20190930072800_00160.jpg,datasets_flow/dataset_cropped/09_Metas/30/07/20190930072800_00160.jpg,datasets_cloudmask/dataset_cropped/09_Metas/30/07/20190930072800_00160.png,43.7,297.8,22.5,17.5,961
9/30/2019 7:29,datasets/dataset_cropped/09_Metas/30/07/20190930072900_00160.jpg,datasets_flow/dataset_cropped/09_Metas/30/07/20190930072900_00160.jpg,datasets_cloudmask/dataset_cropped/09_Metas/30/07/20190930072900_00160.png,46.2,308.7,23.1,17.6,961
9/30/2019 7:30,datasets/dataset_cropped/09_Metas/30/07/20190930073000_00160.jpg,datasets_flow/dataset_cropped/09_Metas/30/07/20190930073000_00160.jpg,datasets_cloudmask/dataset_cropped/09_Metas/30/07/20190930073000_00160.png,48.8,320.4,23.8,17.7,961
9/30/2019 7:31,datasets/dataset_cropped/09_Metas/30/07/20190930073100_00160.jpg,datasets_flow/dataset_cropped/09_Metas/30/07/20190930073100_00160.jpg,datasets_cloudmask/dataset_cropped/09_Metas/30/07/20190930073100_00160.png,51.6,332.6,24.5,17.8,961
9/30/2019 7:32,datasets/dataset_cropped/09_Metas/30/07/20190930073200_00160.jpg,datasets_flow/dataset_cropped/09_Metas/30/07/20190930073200_00160.jpg,datasets_cloudmask/dataset_cropped/09_Metas/30/07/20190930073200_00160.png,54.1,343.3,24.8,18.1,961
9/30/2019 7:33,datasets/dataset_cropped/09_Metas/30/07/20190930073300_00160.jpg,datasets_flow/dataset_cropped/09_Metas/30/07/20190930073300_00160.jpg,datasets_cloudmask/dataset_cropped/09_Metas/30/07/20190930073300_00160.png,56.8,354.1,25.3,18.4,961
9/30/2019 7:34,datasets/dataset_cropped/09_Metas/30/07/20190930073400_00160.jpg,datasets_flow/dataset_cropped/09_Metas/30/07/20190930073400_00160.jpg,datasets_cloudmask/dataset_cropped/09_Metas/30/07/20190930073400_00160.png,59.7,364.2,26.1,18.5,961
9/30/2019 7:35,datasets/dataset_cropped/09_Metas/30/07/20190930073500_00160.jpg,datasets_flow/dataset_cropped/09_Metas/30/07/20190930073500_00160.jpg,datasets_cloudmask/dataset_cropped/09_Metas/30/07/20190930073500_00160.png,62.9,375,27.1,18.6,961
9/30/2019 7:36,datasets/dataset_cropped/09_Metas/30/07/20190930073600_00160.jpg,datasets_flow/dataset_cropped/09_Metas/30/07/20190930073600_00160.jpg,datasets_cloudmask/dataset_cropped/09_Metas/30/07/20190930073600_00160.png,65.8,384.7,27.7,18.6,961
9/30/2019 7:37,datasets/dataset_cropped/09_Metas/30/07/20190930073700_00160.jpg,datasets_flow/dataset_cropped/09_Metas/30/07/20190930073700_00160.jpg,datasets_cloudmask/dataset_cropped/09_Metas/30/07/20190930073700_00160.png,68.6,394.8,28.3,18.6,961
9/30/2019 7:38,datasets/dataset_cropped/09_Metas/30/07/20190930073800_00160.jpg,datasets_flow/dataset_cropped/09_Metas/30/07/20190930073800_00160.jpg,datasets_cloudmask/dataset_cropped/09_Metas/30/07/20190930073800_00160.png,71.5,404.6,28.7,18.7,961
9/30/2019 7:39,datasets/dataset_cropped/09_Metas/30/07/20190930073900_00160.jpg,datasets_flow/dataset_cropped/09_Metas/30/07/20190930073900_00160.jpg,datasets_cloudmask/dataset_cropped/09_Metas/30/07/20190930073900_00160.png,74.5,414.8,29.1,18.8,961
9/30/2019 7:40,datasets/dataset_cropped/09_Metas/30/07/20190930074000_00160.jpg,datasets_flow/dataset_cropped/09_Metas/30/07/20190930074000_00160.jpg,datasets_cloudmask/dataset_cropped/09_Metas/30/07/20190930074000_00160.png,77.8,424.9,29.9,18.8,961
9/30/2019 7:41,datasets/dataset_cropped/09_Metas/30/07/20190930074100_00160.jpg,datasets_flow/dataset_cropped/09_Metas/30/07/20190930074100_00160.jpg,datasets_cloudmask/dataset_cropped/09_Metas/30/07/20190930074100_00160.png,81.2,435,30.7,18.8,961
9/30/2019 7:42,datasets/dataset_cropped/09_Metas/30/07/20190930074200_00160.jpg,datasets_flow/dataset_cropped/09_Metas/30/07/20190930074200_00160.jpg,datasets_cloudmask/dataset_cropped/09_Metas/30/07/20190930074200_00160.png,84.3,444.1,31.2,18.8,961
9/30/2019 7:43,datasets/dataset_cropped/09_Metas/30/07/20190930074300_00160.jpg,datasets_flow/dataset_cropped/09_Metas/30/07/20190930074300_00160.jpg,datasets_cloudmask/dataset_cropped/09_Metas/30/07/20190930074300_00160.png,87.2,451.2,31.8,18.8,961
9/30/2019 7:44,datasets/dataset_cropped/09_Metas/30/07/20190930074400_00160.jpg,datasets_flow/dataset_cropped/09_Metas/30/07/20190930074400_00160.jpg,datasets_cloudmask/dataset_cropped/09_Metas/30/07/20190930074400_00160.png,90.4,459.6,32.5,18.7,961
9/30/2019 7:45,datasets/dataset_cropped/09_Metas/30/07/20190930074500_00160.jpg,datasets_flow/dataset_cropped/09_Metas/30/07/20190930074500_00160.jpg,datasets_cloudmask/dataset_cropped/09_Metas/30/07/20190930074500_00160.png,93.5,466.1,33.1,18.5,961
9/30/2019 7:46,datasets/dataset_cropped/09_Metas/30/07/20190930074600_00160.jpg,datasets_flow/dataset_cropped/09_Metas/30/07/20190930074600_00160.jpg,datasets_cloudmask/dataset_cropped/09_Metas/30/07/20190930074600_00160.png,96.5,473.1,33.6,18.4,961
9/30/2019 7:47,datasets/dataset_cropped/09_Metas/30/07/20190930074700_00160.jpg,datasets_flow/dataset_cropped/09_Metas/30/07/20190930074700_00160.jpg,datasets_cloudmask/dataset_cropped/09_Metas/30/07/20190930074700_00160.png,99.6,479.4,34.2,18.4,961
9/30/2019 7:48,datasets/dataset_cropped/09_Metas/30/07/20190930074800_00160.jpg,datasets_flow/dataset_cropped/09_Metas/30/07/20190930074800_00160.jpg,datasets_cloudmask/dataset_cropped/09_Metas/30/07/20190930074800_00160.png,102.8,486.5,34.7,18.5,961
9/30/2019 7:49,datasets/dataset_cropped/09_Metas/30/07/20190930074900_00160.jpg,datasets_flow/dataset_cropped/09_Metas/30/07/20190930074900_00160.jpg,datasets_cloudmask/dataset_cropped/09_Metas/30/07/20190930074900_00160.png,106,493.1,35.4,18.6,961
9/30/2019 7:50,datasets/dataset_cropped/09_Metas/30/07/20190930075000_00160.jpg,datasets_flow/dataset_cropped/09_Metas/30/07/20190930075000_00160.jpg,datasets_cloudmask/dataset_cropped/09_Metas/30/07/20190930075000_00160.png,109.4,500.5,36.1,18.7,961
9/30/2019 7:51,datasets/dataset_cropped/09_Metas/30/07/20190930075100_00160.jpg,datasets_flow/dataset_cropped/09_Metas/30/07/20190930075100_00160.jpg,datasets_cloudmask/dataset_cropped/09_Metas/30/07/20190930075100_00160.png,112.8,507.4,36.8,18.7,961
9/30/2019 7:52,datasets/dataset_cropped/09_Metas/30/07/20190930075200_00160.jpg,datasets_flow/dataset_cropped/09_Metas/30/07/20190930075200_00160.jpg,datasets_cloudmask/dataset_cropped/09_Metas/30/07/20190930075200_00160.png,116.2,514.6,37.4,18.5,961
9/30/2019 7:53,datasets/dataset_cropped/09_Metas/30/07/20190930075300_00160.jpg,datasets_flow/dataset_cropped/09_Metas/30/07/20190930075300_00160.jpg,datasets_cloudmask/dataset_cropped/09_Metas/30/07/20190930075300_00160.png,119.6,522.1,37.9,18.5,961
9/30/2019 7:54,datasets/dataset_cropped/09_Metas/30/07/20190930075400_00160.jpg,datasets_flow/dataset_cropped/09_Metas/30/07/20190930075400_00160.jpg,datasets_cloudmask/dataset_cropped/09_Metas/30/07/20190930075400_00160.png,123,529,38.4,18.7,961
9/30/2019 7:55,datasets/dataset_cropped/09_Metas/30/07/20190930075500_00160.jpg,datasets_flow/dataset_cropped/09_Metas/30/07/20190930075500_00160.jpg,datasets_cloudmask/dataset_cropped/09_Metas/30/07/20190930075500_00160.png,126.1,534,38.9,18.9,961
9/30/2019 7:56,datasets/dataset_cropped/09_Metas/30/07/20190930075600_00160.jpg,datasets_flow/dataset_cropped/09_Metas/30/07/20190930075600_00160.jpg,datasets_cloudmask/dataset_cropped/09_Metas/30/07/20190930075600_00160.png,129.3,539.6,39.5,19.1,961
9/30/2019 7:57,datasets/dataset_cropped/09_Metas/30/07/20190930075700_00160.jpg,datasets_flow/dataset_cropped/09_Metas/30/07/20190930075700_00160.jpg,datasets_cloudmask/dataset_cropped/09_Metas/30/07/20190930075700_00160.png,132.4,544.7,40.1,19.4,961
9/30/2019 7:58,datasets/dataset_cropped/09_Metas/30/07/20190930075800_00160.jpg,datasets_flow/dataset_cropped/09_Metas/30/07/20190930075800_00160.jpg,datasets_cloudmask/dataset_cropped/09_Metas/30/07/20190930075800_00160.png,135.8,551,40.5,19.7,961
9/30/2019 7:59,datasets/dataset_cropped/09_Metas/30/07/20190930075900_00160.jpg,datasets_flow/dataset_cropped/09_Metas/30/07/20190930075900_00160.jpg,datasets_cloudmask/dataset_cropped/09_Metas/30/07/20190930075900_00160.png,139.4,557.1,41.1,19.9,961
9/30/2019 8:00,datasets/dataset_cropped/09_Metas/30/08/20190930080000_00160.jpg,datasets_flow/dataset_cropped/09_Metas/30/08/20190930080000_00160.jpg,datasets_cloudmask/dataset_cropped/09_Metas/30/08/20190930080000_00160.png,142.8,563.3,41.6,19.9,961
9/30/2019 8:01,datasets/dataset_cropped/09_Metas/30/08/20190930080100_00160.jpg,datasets_flow/dataset_cropped/09_Metas/30/08/20190930080100_00160.jpg,datasets_cloudmask/dataset_cropped/09_Metas/30/08/20190930080100_00160.png,146.2,569.7,42.1,19.8,961
9/30/2019 8:02,datasets/dataset_cropped/09_Metas/30/08/20190930080200_00160.jpg,datasets_flow/dataset_cropped/09_Metas/30/08/20190930080200_00160.jpg,datasets_cloudmask/dataset_cropped/09_Metas/30/08/20190930080200_00160.png,149.7,576.1,42.6,19.6,961
9/30/2019 8:03,datasets/dataset_cropped/09_Metas/30/08/20190930080300_00160.jpg,datasets_flow/dataset_cropped/09_Metas/30/08/20190930080300_00160.jpg,datasets_cloudmask/dataset_cropped/09_Metas/30/08/20190930080300_00160.png,153.1,581.9,43,19.4,961
9/30/2019 8:04,datasets/dataset_cropped/09_Metas/30/08/20190930080400_00160.jpg,datasets_flow/dataset_cropped/09_Metas/30/08/20190930080400_00160.jpg,datasets_cloudmask/dataset_cropped/09_Metas/30/08/20190930080400_00160.png,156.4,587.1,43.3,19.5,961
9/30/2019 8:05,datasets/dataset_cropped/09_Metas/30/08/20190930080500_00160.jpg,datasets_flow/dataset_cropped/09_Metas/30/08/20190930080500_00160.jpg,datasets_cloudmask/dataset_cropped/09_Metas/30/08/20190930080500_00160.png,159.6,591.7,43.8,19.9,961
9/30/2019 8:06,datasets/dataset_cropped/09_Metas/30/08/20190930080600_00160.jpg,datasets_flow/dataset_cropped/09_Metas/30/08/20190930080600_00160.jpg,datasets_cloudmask/dataset_cropped/09_Metas/30/08/20190930080600_00160.png,162.8,596.2,44.2,20.3,961
9/30/2019 8:07,datasets/dataset_cropped/09_Metas/30/08/20190930080700_00160.jpg,datasets_flow/dataset_cropped/09_Metas/30/08/20190930080700_00160.jpg,datasets_cloudmask/dataset_cropped/09_Metas/30/08/20190930080700_00160.png,166.4,601.6,44.7,20.8,961
9/30/2019 8:08,datasets/dataset_cropped/09_Metas/30/08/20190930080800_00160.jpg,datasets_flow/dataset_cropped/09_Metas/30/08/20190930080800_00160.jpg,datasets_cloudmask/dataset_cropped/09_Metas/30/08/20190930080800_00160.png,170,607.5,45.2,21.1,961
9/30/2019 8:09,datasets/dataset_cropped/09_Metas/30/08/20190930080900_00160.jpg,datasets_flow/dataset_cropped/09_Metas/30/08/20190930080900_00160.jpg,datasets_cloudmask/dataset_cropped/09_Metas/30/08/20190930080900_00160.png,173.5,613.2,45.5,21.1,961
9/30/2019 8:10,datasets/dataset_cropped/09_Metas/30/08/20190930081000_00160.jpg,datasets_flow/dataset_cropped/09_Metas/30/08/20190930081000_00160.jpg,datasets_cloudmask/dataset_cropped/09_Metas/30/08/20190930081000_00160.png,177,618.1,46,20.9,961
9/30/2019 8:11,datasets/dataset_cropped/09_Metas/30/08/20190930081100_00160.jpg,datasets_flow/dataset_cropped/09_Metas/30/08/20190930081100_00160.jpg,datasets_cloudmask/dataset_cropped/09_Metas/30/08/20190930081100_00160.png,180.4,623.2,46.4,20.8,961
9/30/2019 8:12,datasets/dataset_cropped/09_Metas/30/08/20190930081200_00160.jpg,datasets_flow/dataset_cropped/09_Metas/30/08/20190930081200_00160.jpg,datasets_cloudmask/dataset_cropped/09_Metas/30/08/20190930081200_00160.png,183.8,627.5,46.9,20.8,961
9/30/2019 8:13,datasets/dataset_cropped/09_Metas/30/08/20190930081300_00160.jpg,datasets_flow/dataset_cropped/09_Metas/30/08/20190930081300_00160.jpg,datasets_cloudmask/dataset_cropped/09_Metas/30/08/20190930081300_00160.png,187.4,632.4,47.4,20.9,961
9/30/2019 8:14,datasets/dataset_cropped/09_Metas/30/08/20190930081400_00160.jpg,datasets_flow/dataset_cropped/09_Metas/30/08/20190930081400_00160.jpg,datasets_cloudmask/dataset_cropped/09_Metas/30/08/20190930081400_00160.png,191,637.2,47.8,21,961
9/30/2019 8:15,datasets/dataset_cropped/09_Metas/30/08/20190930081500_00160.jpg,datasets_flow/dataset_cropped/09_Metas/30/08/20190930081500_00160.jpg,datasets_cloudmask/dataset_cropped/09_Metas/30/08/20190930081500_00160.png,194.5,642.3,48.1,21.2,961
9/30/2019 8:16,datasets/dataset_cropped/09_Metas/30/08/20190930081600_00160.jpg,datasets_flow/dataset_cropped/09_Metas/30/08/20190930081600_00160.jpg,datasets_cloudmask/dataset_cropped/09_Metas/30/08/20190930081600_00160.png,198,647.7,48.3,21.3,961
9/30/2019 8:17,datasets/dataset_cropped/09_Metas/30/08/20190930081700_00160.jpg,datasets_flow/dataset_cropped/09_Metas/30/08/20190930081700_00160.jpg,datasets_cloudmask/dataset_cropped/09_Metas/30/08/20190930081700_00160.png,201.5,652.4,48.5,21.5,961
9/30/2019 8:18,datasets/dataset_cropped/09_Metas/30/08/20190930081800_00160.jpg,datasets_flow/dataset_cropped/09_Metas/30/08/20190930081800_00160.jpg,datasets_cloudmask/dataset_cropped/09_Metas/30/08/20190930081800_00160.png,205,657.1,48.9,21.7,961
9/30/2019 8:19,datasets/dataset_cropped/09_Metas/30/08/20190930081900_00160.jpg,datasets_flow/dataset_cropped/09_Metas/30/08/20190930081900_00160.jpg,datasets_cloudmask/dataset_cropped/09_Metas/30/08/20190930081900_00160.png,208.6,661.8,49.2,21.9,961
9/30/2019 8:20,datasets/dataset_cropped/09_Metas/30/08/20190930082000_00160.jpg,datasets_flow/dataset_cropped/09_Metas/30/08/20190930082000_00160.jpg,datasets_cloudmask/dataset_cropped/09_Metas/30/08/20190930082000_00160.png,212,665.5,49.5,22,961
9/30/2019 8:21,datasets/dataset_cropped/09_Metas/30/08/20190930082100_00160.jpg,datasets_flow/dataset_cropped/09_Metas/30/08/20190930082100_00160.jpg,datasets_cloudmask/dataset_cropped/09_Metas/30/08/20190930082100_00160.png,215.6,669,50,22.1,961
9/30/2019 8:22,datasets/dataset_cropped/09_Metas/30/08/20190930082200_00160.jpg,datasets_flow/dataset_cropped/09_Metas/30/08/20190930082200_00160.jpg,datasets_cloudmask/dataset_cropped/09_Metas/30/08/20190930082200_00160.png,218.9,671.2,50.5,22.1,961
9/30/2019 8:23,datasets/dataset_cropped/09_Metas/30/08/20190930082300_00160.jpg,datasets_flow/dataset_cropped/09_Metas/30/08/20190930082300_00160.jpg,datasets_cloudmask/dataset_cropped/09_Metas/30/08/20190930082300_00160.png,222.5,676.1,50.8,22,961
9/30/2019 8:24,datasets/dataset_cropped/09_Metas/30/08/20190930082400_00160.jpg,datasets_flow/dataset_cropped/09_Metas/30/08/20190930082400_00160.jpg,datasets_cloudmask/dataset_cropped/09_Metas/30/08/20190930082400_00160.png,226.4,681.4,51.1,21.8,961
9/30/2019 8:25,datasets/dataset_cropped/09_Metas/30/08/20190930082500_00160.jpg,datasets_flow/dataset_cropped/09_Metas/30/08/20190930082500_00160.jpg,datasets_cloudmask/dataset_cropped/09_Metas/30/08/20190930082500_00160.png,229.8,685.1,51.4,21.7,961
9/30/2019 8:26,datasets/dataset_cropped/09_Metas/30/08/20190930082600_00160.jpg,datasets_flow/dataset_cropped/09_Metas/30/08/20190930082600_00160.jpg,datasets_cloudmask/dataset_cropped/09_Metas/30/08/20190930082600_00160.png,233,686.9,52,21.8,961
9/30/2019 8:27,datasets/dataset_cropped/09_Metas/30/08/20190930082700_00160.jpg,datasets_flow/dataset_cropped/09_Metas/30/08/20190930082700_00160.jpg,datasets_cloudmask/dataset_cropped/09_Metas/30/08/20190930082700_00160.png,236.7,691.2,52.4,21.9,961
9/30/2019 8:28,datasets/dataset_cropped/09_Metas/30/08/20190930082800_00160.jpg,datasets_flow/dataset_cropped/09_Metas/30/08/20190930082800_00160.jpg,datasets_cloudmask/dataset_cropped/09_Metas/30/08/20190930082800_00160.png,240.4,695.5,52.6,22.2,961
9/30/2019 8:29,datasets/dataset_cropped/09_Metas/30/08/20190930082900_00160.jpg,datasets_flow/dataset_cropped/09_Metas/30/08/20190930082900_00160.jpg,datasets_cloudmask/dataset_cropped/09_Metas/30/08/20190930082900_00160.png,243.9,699.1,53,22.4,961
9/30/2019 8:30,datasets/dataset_cropped/09_Metas/30/08/20190930083000_00160.jpg,datasets_flow/dataset_cropped/09_Metas/30/08/20190930083000_00160.jpg,datasets_cloudmask/dataset_cropped/09_Metas/30/08/20190930083000_00160.png,247.6,703.4,53.3,22.5,961
9/30/2019 8:31,datasets/dataset_cropped/09_Metas/30/08/20190930083100_00160.jpg,datasets_flow/dataset_cropped/09_Metas/30/08/20190930083100_00160.jpg,datasets_cloudmask/dataset_cropped/09_Metas/30/08/20190930083100_00160.png,251.3,707.6,53.6,22.6,961
9/30/2019 8:32,datasets/dataset_cropped/09_Metas/30/08/20190930083200_00160.jpg,datasets_flow/dataset_cropped/09_Metas/30/08/20190930083200_00160.jpg,datasets_cloudmask/dataset_cropped/09_Metas/30/08/20190930083200_00160.png,255.1,711.8,54,22.7,961
9/30/2019 8:33,datasets/dataset_cropped/09_Metas/30/08/20190930083300_00160.jpg,datasets_flow/dataset_cropped/09_Metas/30/08/20190930083300_00160.jpg,datasets_cloudmask/dataset_cropped/09_Metas/30/08/20190930083300_00160.png,258.8,715.9,54.2,22.8,961
9/30/2019 8:34,datasets/dataset_cropped/09_Metas/30/08/20190930083400_00160.jpg,datasets_flow/dataset_cropped/09_Metas/30/08/20190930083400_00160.jpg,datasets_cloudmask/dataset_cropped/09_Metas/30/08/20190930083400_00160.png,262.3,719.3,54.5,22.8,961
9/30/2019 8:35,datasets/dataset_cropped/09_Metas/30/08/20190930083500_00160.jpg,datasets_flow/dataset_cropped/09_Metas/30/08/20190930083500_00160.jpg,datasets_cloudmask/dataset_cropped/09_Metas/30/08/20190930083500_00160.png,265.8,722.3,54.8,22.9,961
9/30/2019 8:36,datasets/dataset_cropped/09_Metas/30/08/20190930083600_00160.jpg,datasets_flow/dataset_cropped/09_Metas/30/08/20190930083600_00160.jpg,datasets_cloudmask/dataset_cropped/09_Metas/30/08/20190930083600_00160.png,269.2,724.8,55.2,22.9,961
9/30/2019 8:37,datasets/dataset_cropped/09_Metas/30/08/20190930083700_00160.jpg,datasets_flow/dataset_cropped/09_Metas/30/08/20190930083700_00160.jpg,datasets_cloudmask/dataset_cropped/09_Metas/30/08/20190930083700_00160.png,272.9,728.3,55.6,23,961
9/30/2019 8:38,datasets/dataset_cropped/09_Metas/30/08/20190930083800_00160.jpg,datasets_flow/dataset_cropped/09_Metas/30/08/20190930083800_00160.jpg,datasets_cloudmask/dataset_cropped/09_Metas/30/08/20190930083800_00160.png,276.2,730.6,56,23.1,961
9/30/2019 8:39,datasets/dataset_cropped/09_Metas/30/08/20190930083900_00160.jpg,datasets_flow/dataset_cropped/09_Metas/30/08/20190930083900_00160.jpg,datasets_cloudmask/dataset_cropped/09_Metas/30/08/20190930083900_00160.png,279.6,733.3,56.3,23.3,961
9/30/2019 8:40,datasets/dataset_cropped/09_Metas/30/08/20190930084000_00160.jpg,datasets_flow/dataset_cropped/09_Metas/30/08/20190930084000_00160.jpg,datasets_cloudmask/dataset_cropped/09_Metas/30/08/20190930084000_00160.png,283.3,737,56.5,23.4,961
9/30/2019 8:41,datasets/dataset_cropped/09_Metas/30/08/20190930084100_00160.jpg,datasets_flow/dataset_cropped/09_Metas/30/08/20190930084100_00160.jpg,datasets_cloudmask/dataset_cropped/09_Metas/30/08/20190930084100_00160.png,287.2,741.6,56.7,23.6,961
9/30/2019 8:42,datasets/dataset_cropped/09_Metas/30/08/20190930084200_00160.jpg,datasets_flow/dataset_cropped/09_Metas/30/08/20190930084200_00160.jpg,datasets_cloudmask/dataset_cropped/09_Metas/30/08/20190930084200_00160.png,290.9,744.9,57,23.9,961
9/30/2019 8:43,datasets/dataset_cropped/09_Metas/30/08/20190930084300_00160.jpg,datasets_flow/dataset_cropped/09_Metas/30/08/20190930084300_00160.jpg,datasets_cloudmask/dataset_cropped/09_Metas/30/08/20190930084300_00160.png,294.6,748.4,57.3,24,961
9/30/2019 8:44,datasets/dataset_cropped/09_Metas/30/08/20190930084400_00160.jpg,datasets_flow/dataset_cropped/09_Metas/30/08/20190930084400_00160.jpg,datasets_cloudmask/dataset_cropped/09_Metas/30/08/20190930084400_00160.png,298,750.8,57.7,23.9,961
9/30/2019 8:45,datasets/dataset_cropped/09_Metas/30/08/20190930084500_00160.jpg,datasets_flow/dataset_cropped/09_Metas/30/08/20190930084500_00160.jpg,datasets_cloudmask/dataset_cropped/09_Metas/30/08/20190930084500_00160.png,301.3,752.8,58,24,961
9/30/2019 8:46,datasets/dataset_cropped/09_Metas/30/08/20190930084600_00160.jpg,datasets_flow/dataset_cropped/09_Metas/30/08/20190930084600_00160.jpg,datasets_cloudmask/dataset_cropped/09_Metas/30/08/20190930084600_00160.png,304.7,755.3,58.4,24.2,961
9/30/2019 8:47,datasets/dataset_cropped/09_Metas/30/08/20190930084700_00160.jpg,datasets_flow/dataset_cropped/09_Metas/30/08/20190930084700_00160.jpg,datasets_cloudmask/dataset_cropped/09_Metas/30/08/20190930084700_00160.png,308.3,758.5,58.6,24.3,961
9/30/2019 8:48,datasets/dataset_cropped/09_Metas/30/08/20190930084800_00160.jpg,datasets_flow/dataset_cropped/09_Metas/30/08/20190930084800_00160.jpg,datasets_cloudmask/dataset_cropped/09_Metas/30/08/20190930084800_00160.png,311.9,761.9,58.8,24.3,961
9/30/2019 8:49,datasets/dataset_cropped/09_Metas/30/08/20190930084900_00160.jpg,datasets_flow/dataset_cropped/09_Metas/30/08/20190930084900_00160.jpg,datasets_cloudmask/dataset_cropped/09_Metas/30/08/20190930084900_00160.png,315.4,764.5,59,24.3,961
9/30/2019 8:50,datasets/dataset_cropped/09_Metas/30/08/20190930085000_00160.jpg,datasets_flow/dataset_cropped/09_Metas/30/08/20190930085000_00160.jpg,datasets_cloudmask/dataset_cropped/09_Metas/30/08/20190930085000_00160.png,319,767.7,59.2,24.4,961
9/30/2019 8:51,datasets/dataset_cropped/09_Metas/30/08/20190930085100_00160.jpg,datasets_flow/dataset_cropped/09_Metas/30/08/20190930085100_00160.jpg,datasets_cloudmask/dataset_cropped/09_Metas/30/08/20190930085100_00160.png,322.6,770.6,59.5,24.5,961
9/30/2019 8:52,datasets/dataset_cropped/09_Metas/30/08/20190930085200_00160.jpg,datasets_flow/dataset_cropped/09_Metas/30/08/20190930085200_00160.jpg,datasets_cloudmask/dataset_cropped/09_Metas/30/08/20190930085200_00160.png,326.2,773.7,59.6,24.5,961
9/30/2019 8:53,datasets/dataset_cropped/09_Metas/30/08/20190930085300_00160.jpg,datasets_flow/dataset_cropped/09_Metas/30/08/20190930085300_00160.jpg,datasets_cloudmask/dataset_cropped/09_Metas/30/08/20190930085300_00160.png,329.6,775.5,60,24.3,961
9/30/2019 8:54,datasets/dataset_cropped/09_Metas/30/08/20190930085400_00160.jpg,datasets_flow/dataset_cropped/09_Metas/30/08/20190930085400_00160.jpg,datasets_cloudmask/dataset_cropped/09_Metas/30/08/20190930085400_00160.png,333,777.6,60.3,24.1,961
9/30/2019 8:55,datasets/dataset_cropped/09_Metas/30/08/20190930085500_00160.jpg,datasets_flow/dataset_cropped/09_Metas/30/08/20190930085500_00160.jpg,datasets_cloudmask/dataset_cropped/09_Metas/30/08/20190930085500_00160.png,336.5,779.7,60.5,23.9,961
9/30/2019 8:56,datasets/dataset_cropped/09_Metas/30/08/20190930085600_00160.jpg,datasets_flow/dataset_cropped/09_Metas/30/08/20190930085600_00160.jpg,datasets_cloudmask/dataset_cropped/09_Metas/30/08/20190930085600_00160.png,340,782,60.8,23.9,961
9/30/2019 8:57,datasets/dataset_cropped/09_Metas/30/08/20190930085700_00160.jpg,datasets_flow/dataset_cropped/09_Metas/30/08/20190930085700_00160.jpg,datasets_cloudmask/dataset_cropped/09_Metas/30/08/20190930085700_00160.png,343.6,784.9,61.1,23.7,961
9/30/2019 8:58,datasets/dataset_cropped/09_Metas/30/08/20190930085800_00160.jpg,datasets_flow/dataset_cropped/09_Metas/30/08/20190930085800_00160.jpg,datasets_cloudmask/dataset_cropped/09_Metas/30/08/20190930085800_00160.png,347,786.9,61.3,23.4,961
9/30/2019 8:59,datasets/dataset_cropped/09_Metas/30/08/20190930085900_00160.jpg,datasets_flow/dataset_cropped/09_Metas/30/08/20190930085900_00160.jpg,datasets_cloudmask/dataset_cropped/09_Metas/30/08/20190930085900_00160.png,350.8,789.9,61.5,23.2,961
9/30/2019 9:00,datasets/dataset_cropped/09_Metas/30/09/20190930090000_00160.jpg,datasets_flow/dataset_cropped/09_Metas/30/09/20190930090000_00160.jpg,datasets_cloudmask/dataset_cropped/09_Metas/30/09/20190930090000_00160.png,354.1,792,61.8,23.1,961
9/30/2019 9:01,datasets/dataset_cropped/09_Metas/30/09/20190930090100_00160.jpg,datasets_flow/dataset_cropped/09_Metas/30/09/20190930090100_00160.jpg,datasets_cloudmask/dataset_cropped/09_Metas/30/09/20190930090100_00160.png,357.4,794.2,61.9,23.1,961
9/30/2019 9:02,datasets/dataset_cropped/09_Metas/30/09/20190930090200_00160.jpg,datasets_flow/dataset_cropped/09_Metas/30/09/20190930090200_00160.jpg,datasets_cloudmask/dataset_cropped/09_Metas/30/09/20190930090200_00160.png,361,796.6,62.2,23.2,961
9/30/2019 9:03,datasets/dataset_cropped/09_Metas/30/09/20190930090300_00160.jpg,datasets_flow/dataset_cropped/09_Metas/30/09/20190930090300_00160.jpg,datasets_cloudmask/dataset_cropped/09_Metas/30/09/20190930090300_00160.png,364.5,799.2,62.6,23.3,961
9/30/2019 9:04,datasets/dataset_cropped/09_Metas/30/09/20190930090400_00160.jpg,datasets_flow/dataset_cropped/09_Metas/30/09/20190930090400_00160.jpg,datasets_cloudmask/dataset_cropped/09_Metas/30/09/20190930090400_00160.png,367.8,801,62.8,23.2,961
9/30/2019 9:05,datasets/dataset_cropped/09_Metas/30/09/20190930090500_00160.jpg,datasets_flow/dataset_cropped/09_Metas/30/09/20190930090500_00160.jpg,datasets_cloudmask/dataset_cropped/09_Metas/30/09/20190930090500_00160.png,371.4,803,62.9,23.2,961
9/30/2019 9:06,datasets/dataset_cropped/09_Metas/30/09/20190930090600_00160.jpg,datasets_flow/dataset_cropped/09_Metas/30/09/20190930090600_00160.jpg,datasets_cloudmask/dataset_cropped/09_Metas/30/09/20190930090600_00160.png,374.8,806,62.9,23.4,961
9/30/2019 9:07,datasets/dataset_cropped/09_Metas/30/09/20190930090700_00160.jpg,datasets_flow/dataset_cropped/09_Metas/30/09/20190930090700_00160.jpg,datasets_cloudmask/dataset_cropped/09_Metas/30/09/20190930090700_00160.png,377.6,807,63.1,23.6,961
9/30/2019 9:08,datasets/dataset_cropped/09_Metas/30/09/20190930090800_00160.jpg,datasets_flow/dataset_cropped/09_Metas/30/09/20190930090800_00160.jpg,datasets_cloudmask/dataset_cropped/09_Metas/30/09/20190930090800_00160.png,380.7,808,63.1,23.7,961
9/30/2019 9:09,datasets/dataset_cropped/09_Metas/30/09/20190930090900_00160.jpg,datasets_flow/dataset_cropped/09_Metas/30/09/20190930090900_00160.jpg,datasets_cloudmask/dataset_cropped/09_Metas/30/09/20190930090900_00160.png,383.8,809,63.2,23.8,961
9/30/2019 9:10,datasets/dataset_cropped/09_Metas/30/09/20190930091000_00160.jpg,datasets_flow/dataset_cropped/09_Metas/30/09/20190930091000_00160.jpg,datasets_cloudmask/dataset_cropped/09_Metas/30/09/20190930091000_00160.png,386.9,810,63.5,23.7,961
9/30/2019 9:11,datasets/dataset_cropped/09_Metas/30/09/20190930091100_00160.jpg,datasets_flow/dataset_cropped/09_Metas/30/09/20190930091100_00160.jpg,datasets_cloudmask/dataset_cropped/09_Metas/30/09/20190930091100_00160.png,390.3,812,63.6,23.6,961
9/30/2019 9:12,datasets/dataset_cropped/09_Metas/30/09/20190930091200_00160.jpg,datasets_flow/dataset_cropped/09_Metas/30/09/20190930091200_00160.jpg,datasets_cloudmask/dataset_cropped/09_Metas/30/09/20190930091200_00160.png,393.7,814,64,23.6,961
9/30/2019 9:13,datasets/dataset_cropped/09_Metas/30/09/20190930091300_00160.jpg,datasets_flow/dataset_cropped/09_Metas/30/09/20190930091300_00160.jpg,datasets_cloudmask/dataset_cropped/09_Metas/30/09/20190930091300_00160.png,397.2,816,64.1,23.7,961
9/30/2019 9:14,datasets/dataset_cropped/09_Metas/30/09/20190930091400_00160.jpg,datasets_flow/dataset_cropped/09_Metas/30/09/20190930091400_00160.jpg,datasets_cloudmask/dataset_cropped/09_Metas/30/09/20190930091400_00160.png,400.7,818,64.3,23.7,961
9/30/2019 9:15,datasets/dataset_cropped/09_Metas/30/09/20190930091500_00160.jpg,datasets_flow/dataset_cropped/09_Metas/30/09/20190930091500_00160.jpg,datasets_cloudmask/dataset_cropped/09_Metas/30/09/20190930091500_00160.png,403.9,819,64.6,23.8,961
9/30/2019 9:16,datasets/dataset_cropped/09_Metas/30/09/20190930091600_00160.jpg,datasets_flow/dataset_cropped/09_Metas/30/09/20190930091600_00160.jpg,datasets_cloudmask/dataset_cropped/09_Metas/30/09/20190930091600_00160.png,406.9,820,64.9,23.8,961
9/30/2019 9:17,datasets/dataset_cropped/09_Metas/30/09/20190930091700_00160.jpg,datasets_flow/dataset_cropped/09_Metas/30/09/20190930091700_00160.jpg,datasets_cloudmask/dataset_cropped/09_Metas/30/09/20190930091700_00160.png,409.7,821,65.1,23.8,961
9/30/2019 9:18,datasets/dataset_cropped/09_Metas/30/09/20190930091800_00160.jpg,datasets_flow/dataset_cropped/09_Metas/30/09/20190930091800_00160.jpg,datasets_cloudmask/dataset_cropped/09_Metas/30/09/20190930091800_00160.png,413.4,823,65.2,23.9,961
9/30/2019 9:19,datasets/dataset_cropped/09_Metas/30/09/20190930091900_00160.jpg,datasets_flow/dataset_cropped/09_Metas/30/09/20190930091900_00160.jpg,datasets_cloudmask/dataset_cropped/09_Metas/30/09/20190930091900_00160.png,417,826,65.3,23.9,961
9/30/2019 9:20,datasets/dataset_cropped/09_Metas/30/09/20190930092000_00160.jpg,datasets_flow/dataset_cropped/09_Metas/30/09/20190930092000_00160.jpg,datasets_cloudmask/dataset_cropped/09_Metas/30/09/20190930092000_00160.png,420.6,828,65.5,23.9,961
9/30/2019 9:21,datasets/dataset_cropped/09_Metas/30/09/20190930092100_00160.jpg,datasets_flow/dataset_cropped/09_Metas/30/09/20190930092100_00160.jpg,datasets_cloudmask/dataset_cropped/09_Metas/30/09/20190930092100_00160.png,424.2,831,65.6,24,961
9/30/2019 9:22,datasets/dataset_cropped/09_Metas/30/09/20190930092200_00160.jpg,datasets_flow/dataset_cropped/09_Metas/30/09/20190930092200_00160.jpg,datasets_cloudmask/dataset_cropped/09_Metas/30/09/20190930092200_00160.png,427.4,833,65.7,24.1,961
9/30/2019 9:23,datasets/dataset_cropped/09_Metas/30/09/20190930092300_00160.jpg,datasets_flow/dataset_cropped/09_Metas/30/09/20190930092300_00160.jpg,datasets_cloudmask/dataset_cropped/09_Metas/30/09/20190930092300_00160.png,430.6,834,65.8,24.1,961
9/30/2019 9:24,datasets/dataset_cropped/09_Metas/30/09/20190930092400_00160.jpg,datasets_flow/dataset_cropped/09_Metas/30/09/20190930092400_00160.jpg,datasets_cloudmask/dataset_cropped/09_Metas/30/09/20190930092400_00160.png,433.9,836,66.3,24.2,961
9/30/2019 9:25,datasets/dataset_cropped/09_Metas/30/09/20190930092500_00160.jpg,datasets_flow/dataset_cropped/09_Metas/30/09/20190930092500_00160.jpg,datasets_cloudmask/dataset_cropped/09_Metas/30/09/20190930092500_00160.png,437.1,837,66.4,24.3,961
9/30/2019 9:26,datasets/dataset_cropped/09_Metas/30/09/20190930092600_00160.jpg,datasets_flow/dataset_cropped/09_Metas/30/09/20190930092600_00160.jpg,datasets_cloudmask/dataset_cropped/09_Metas/30/09/20190930092600_00160.png,440.3,839,66.6,24.4,961
9/30/2019 9:27,datasets/dataset_cropped/09_Metas/30/09/20190930092700_00160.jpg,datasets_flow/dataset_cropped/09_Metas/30/09/20190930092700_00160.jpg,datasets_cloudmask/dataset_cropped/09_Metas/30/09/20190930092700_00160.png,443.5,841,66.8,24.6,962
9/30/2019 9:28,datasets/dataset_cropped/09_Metas/30/09/20190930092800_00160.jpg,datasets_flow/dataset_cropped/09_Metas/30/09/20190930092800_00160.jpg,datasets_cloudmask/dataset_cropped/09_Metas/30/09/20190930092800_00160.png,446.9,843,67.3,24.9,961
9/30/2019 9:29,datasets/dataset_cropped/09_Metas/30/09/20190930092900_00160.jpg,datasets_flow/dataset_cropped/09_Metas/30/09/20190930092900_00160.jpg,datasets_cloudmask/dataset_cropped/09_Metas/30/09/20190930092900_00160.png,450.1,844,67.6,25,962
9/30/2019 9:30,datasets/dataset_cropped/09_Metas/30/09/20190930093000_00160.jpg,datasets_flow/dataset_cropped/09_Metas/30/09/20190930093000_00160.jpg,datasets_cloudmask/dataset_cropped/09_Metas/30/09/20190930093000_00160.png,453,845,67.6,25.1,962
9/30/2019 9:31,datasets/dataset_cropped/09_Metas/30/09/20190930093100_00160.jpg,datasets_flow/dataset_cropped/09_Metas/30/09/20190930093100_00160.jpg,datasets_cloudmask/dataset_cropped/09_Metas/30/09/20190930093100_00160.png,456.4,847,67.7,25.3,962
9/30/2019 9:32,datasets/dataset_cropped/09_Metas/30/09/20190930093200_00160.jpg,datasets_flow/dataset_cropped/09_Metas/30/09/20190930093200_00160.jpg,datasets_cloudmask/dataset_cropped/09_Metas/30/09/20190930093200_00160.png,459.3,849,67.8,25.4,962
9/30/2019 9:33,datasets/dataset_cropped/09_Metas/30/09/20190930093300_00160.jpg,datasets_flow/dataset_cropped/09_Metas/30/09/20190930093300_00160.jpg,datasets_cloudmask/dataset_cropped/09_Metas/30/09/20190930093300_00160.png,462.4,850,68.1,25.6,961
9/30/2019 9:34,datasets/dataset_cropped/09_Metas/30/09/20190930093400_00160.jpg,datasets_flow/dataset_cropped/09_Metas/30/09/20190930093400_00160.jpg,datasets_cloudmask/dataset_cropped/09_Metas/30/09/20190930093400_00160.png,465.5,852,68.5,25.8,962
9/30/2019 9:35,datasets/dataset_cropped/09_Metas/30/09/20190930093500_00160.jpg,datasets_flow/dataset_cropped/09_Metas/30/09/20190930093500_00160.jpg,datasets_cloudmask/dataset_cropped/09_Metas/30/09/20190930093500_00160.png,468.5,853,68.6,25.9,961
9/30/2019 9:36,datasets/dataset_cropped/09_Metas/30/09/20190930093600_00160.jpg,datasets_flow/dataset_cropped/09_Metas/30/09/20190930093600_00160.jpg,datasets_cloudmask/dataset_cropped/09_Metas/30/09/20190930093600_00160.png,471.4,855,68.5,26.1,962
9/30/2019 9:37,datasets/dataset_cropped/09_Metas/30/09/20190930093700_00160.jpg,datasets_flow/dataset_cropped/09_Metas/30/09/20190930093700_00160.jpg,datasets_cloudmask/dataset_cropped/09_Metas/30/09/20190930093700_00160.png,475,857,68.5,26.2,962
9/30/2019 9:38,datasets/dataset_cropped/09_Metas/30/09/20190930093800_00160.jpg,datasets_flow/dataset_cropped/09_Metas/30/09/20190930093800_00160.jpg,datasets_cloudmask/dataset_cropped/09_Metas/30/09/20190930093800_00160.png,478.2,859,68.5,26.4,962
9/30/2019 9:39,datasets/dataset_cropped/09_Metas/30/09/20190930093900_00160.jpg,datasets_flow/dataset_cropped/09_Metas/30/09/20190930093900_00160.jpg,datasets_cloudmask/dataset_cropped/09_Metas/30/09/20190930093900_00160.png,481.4,861,68.7,26.6,962
9/30/2019 9:40,datasets/dataset_cropped/09_Metas/30/09/20190930094000_00160.jpg,datasets_flow/dataset_cropped/09_Metas/30/09/20190930094000_00160.jpg,datasets_cloudmask/dataset_cropped/09_Metas/30/09/20190930094000_00160.png,484.7,862,68.9,26.9,961
9/30/2019 9:41,datasets/dataset_cropped/09_Metas/30/09/20190930094100_00160.jpg,datasets_flow/dataset_cropped/09_Metas/30/09/20190930094100_00160.jpg,datasets_cloudmask/dataset_cropped/09_Metas/30/09/20190930094100_00160.png,487.6,863,69.1,27,962
9/30/2019 9:42,datasets/dataset_cropped/09_Metas/30/09/20190930094200_00160.jpg,datasets_flow/dataset_cropped/09_Metas/30/09/20190930094200_00160.jpg,datasets_cloudmask/dataset_cropped/09_Metas/30/09/20190930094200_00160.png,489.5,861,69.5,26.9,962
9/30/2019 9:43,datasets/dataset_cropped/09_Metas/30/09/20190930094300_00160.jpg,datasets_flow/dataset_cropped/09_Metas/30/09/20190930094300_00160.jpg,datasets_cloudmask/dataset_cropped/09_Metas/30/09/20190930094300_00160.png,493,863,69.8,26.7,962
9/30/2019 9:44,datasets/dataset_cropped/09_Metas/30/09/20190930094400_00160.jpg,datasets_flow/dataset_cropped/09_Metas/30/09/20190930094400_00160.jpg,datasets_cloudmask/dataset_cropped/09_Metas/30/09/20190930094400_00160.png,496.1,864,70.2,26.6,962
9/30/2019 9:45,datasets/dataset_cropped/09_Metas/30/09/20190930094500_00160.jpg,datasets_flow/dataset_cropped/09_Metas/30/09/20190930094500_00160.jpg,datasets_cloudmask/dataset_cropped/09_Metas/30/09/20190930094500_00160.png,499,864,70.7,26.5,962
9/30/2019 9:46,datasets/dataset_cropped/09_Metas/30/09/20190930094600_00160.jpg,datasets_flow/dataset_cropped/09_Metas/30/09/20190930094600_00160.jpg,datasets_cloudmask/dataset_cropped/09_Metas/30/09/20190930094600_00160.png,502.2,866,70.7,26.5,962
9/30/2019 9:47,datasets/dataset_cropped/09_Metas/30/09/20190930094700_00160.jpg,datasets_flow/dataset_cropped/09_Metas/30/09/20190930094700_00160.jpg,datasets_cloudmask/dataset_cropped/09_Metas/30/09/20190930094700_00160.png,504.7,866,70.8,26.5,962
9/30/2019 9:48,datasets/dataset_cropped/09_Metas/30/09/20190930094800_00160.jpg,datasets_flow/dataset_cropped/09_Metas/30/09/20190930094800_00160.jpg,datasets_cloudmask/dataset_cropped/09_Metas/30/09/20190930094800_00160.png,508.4,869,70.6,26.7,962
9/30/2019 9:49,datasets/dataset_cropped/09_Metas/30/09/20190930094900_00160.jpg,datasets_flow/dataset_cropped/09_Metas/30/09/20190930094900_00160.jpg,datasets_cloudmask/dataset_cropped/09_Metas/30/09/20190930094900_00160.png,511.5,871,70.5,26.8,962
9/30/2019 9:50,datasets/dataset_cropped/09_Metas/30/09/20190930095000_00160.jpg,datasets_flow/dataset_cropped/09_Metas/30/09/20190930095000_00160.jpg,datasets_cloudmask/dataset_cropped/09_Metas/30/09/20190930095000_00160.png,514.5,872,70.7,26.8,962
9/30/2019 9:51,datasets/dataset_cropped/09_Metas/30/09/20190930095100_00160.jpg,datasets_flow/dataset_cropped/09_Metas/30/09/20190930095100_00160.jpg,datasets_cloudmask/dataset_cropped/09_Metas/30/09/20190930095100_00160.png,517.4,872,70.8,26.9,962
9/30/2019 9:52,datasets/dataset_cropped/09_Metas/30/09/20190930095200_00160.jpg,datasets_flow/dataset_cropped/09_Metas/30/09/20190930095200_00160.jpg,datasets_cloudmask/dataset_cropped/09_Metas/30/09/20190930095200_00160.png,520.1,873,71.1,26.8,962
9/30/2019 9:53,datasets/dataset_cropped/09_Metas/30/09/20190930095300_00160.jpg,datasets_flow/dataset_cropped/09_Metas/30/09/20190930095300_00160.jpg,datasets_cloudmask/dataset_cropped/09_Metas/30/09/20190930095300_00160.png,523.5,874,71.4,26.5,962
9/30/2019 9:54,datasets/dataset_cropped/09_Metas/30/09/20190930095400_00160.jpg,datasets_flow/dataset_cropped/09_Metas/30/09/20190930095400_00160.jpg,datasets_cloudmask/dataset_cropped/09_Metas/30/09/20190930095400_00160.png,526.6,876,71.9,26.3,962
9/30/2019 9:55,datasets/dataset_cropped/09_Metas/30/09/20190930095500_00160.jpg,datasets_flow/dataset_cropped/09_Metas/30/09/20190930095500_00160.jpg,datasets_cloudmask/dataset_cropped/09_Metas/30/09/20190930095500_00160.png,529.7,877,71.8,26.3,962
9/30/2019 9:56,datasets/dataset_cropped/09_Metas/30/09/20190930095600_00160.jpg,datasets_flow/dataset_cropped/09_Metas/30/09/20190930095600_00160.jpg,datasets_cloudmask/dataset_cropped/09_Metas/30/09/20190930095600_00160.png,532.3,878,72,26.3,962
9/30/2019 9:57,datasets/dataset_cropped/09_Metas/30/09/20190930095700_00160.jpg,datasets_flow/dataset_cropped/09_Metas/30/09/20190930095700_00160.jpg,datasets_cloudmask/dataset_cropped/09_Metas/30/09/20190930095700_00160.png,535.2,879,72.1,26.2,962
9/30/2019 9:58,datasets/dataset_cropped/09_Metas/30/09/20190930095800_00160.jpg,datasets_flow/dataset_cropped/09_Metas/30/09/20190930095800_00160.jpg,datasets_cloudmask/dataset_cropped/09_Metas/30/09/20190930095800_00160.png,538.3,879,72.4,26.3,962
9/30/2019 9:59,datasets/dataset_cropped/09_Metas/30/09/20190930095900_00160.jpg,datasets_flow/dataset_cropped/09_Metas/30/09/20190930095900_00160.jpg,datasets_cloudmask/dataset_cropped/09_Metas/30/09/20190930095900_00160.png,541,881,72.5,26.3,962
9/30/2019 10:00,datasets/dataset_cropped/09_Metas/30/10/20190930100000_00160.jpg,datasets_flow/dataset_cropped/09_Metas/30/10/20190930100000_00160.jpg,datasets_cloudmask/dataset_cropped/09_Metas/30/10/20190930100000_00160.png,544.6,883,72.2,26.3,962
9/30/2019 10:01,datasets/dataset_cropped/09_Metas/30/10/20190930100100_00160.jpg,datasets_flow/dataset_cropped/09_Metas/30/10/20190930100100_00160.jpg,datasets_cloudmask/dataset_cropped/09_Metas/30/10/20190930100100_00160.png,547.6,885,72.1,26.3,962
9/30/2019 10:02,datasets/dataset_cropped/09_Metas/30/10/20190930100200_00160.jpg,datasets_flow/dataset_cropped/09_Metas/30/10/20190930100200_00160.jpg,datasets_cloudmask/dataset_cropped/09_Metas/30/10/20190930100200_00160.png,550.9,886,71.9,26.4,962
9/30/2019 10:03,datasets/dataset_cropped/09_Metas/30/10/20190930100300_00160.jpg,datasets_flow/dataset_cropped/09_Metas/30/10/20190930100300_00160.jpg,datasets_cloudmask/dataset_cropped/09_Metas/30/10/20190930100300_00160.png,553.5,887,71.8,26.1,962
9/30/2019 10:04,datasets/dataset_cropped/09_Metas/30/10/20190930100400_00160.jpg,datasets_flow/dataset_cropped/09_Metas/30/10/20190930100400_00160.jpg,datasets_cloudmask/dataset_cropped/09_Metas/30/10/20190930100400_00160.png,556.3,887,72.2,25.8,962
9/30/2019 10:05,datasets/dataset_cropped/09_Metas/30/10/20190930100500_00160.jpg,datasets_flow/dataset_cropped/09_Metas/30/10/20190930100500_00160.jpg,datasets_cloudmask/dataset_cropped/09_Metas/30/10/20190930100500_00160.png,559.2,888,72.3,25.6,962
9/30/2019 10:06,datasets/dataset_cropped/09_Metas/30/10/20190930100600_00160.jpg,datasets_flow/dataset_cropped/09_Metas/30/10/20190930100600_00160.jpg,datasets_cloudmask/dataset_cropped/09_Metas/30/10/20190930100600_00160.png,561.9,889,72.3,25.4,962
9/30/2019 10:07,datasets/dataset_cropped/09_Metas/30/10/20190930100700_00160.jpg,datasets_flow/dataset_cropped/09_Metas/30/10/20190930100700_00160.jpg,datasets_cloudmask/dataset_cropped/09_Metas/30/10/20190930100700_00160.png,565,890,72.5,25.2,962
9/30/2019 10:08,datasets/dataset_cropped/09_Metas/30/10/20190930100800_00160.jpg,datasets_flow/dataset_cropped/09_Metas/30/10/20190930100800_00160.jpg,datasets_cloudmask/dataset_cropped/09_Metas/30/10/20190930100800_00160.png,567.9,891,72.5,25.1,962
9/30/2019 10:09,datasets/dataset_cropped/09_Metas/30/10/20190930100900_00160.jpg,datasets_flow/dataset_cropped/09_Metas/30/10/20190930100900_00160.jpg,datasets_cloudmask/dataset_cropped/09_Metas/30/10/20190930100900_00160.png,570.6,892,72.5,24.9,962
9/30/2019 10:10,datasets/dataset_cropped/09_Metas/30/10/20190930101000_00160.jpg,datasets_flow/dataset_cropped/09_Metas/30/10/20190930101000_00160.jpg,datasets_cloudmask/dataset_cropped/09_Metas/30/10/20190930101000_00160.png,573.1,893,72.6,24.8,962
9/30/2019 10:11,datasets/dataset_cropped/09_Metas/30/10/20190930101100_00160.jpg,datasets_flow/dataset_cropped/09_Metas/30/10/20190930101100_00160.jpg,datasets_cloudmask/dataset_cropped/09_Metas/30/10/20190930101100_00160.png,576.1,894,72.8,24.7,962
9/30/2019 10:12,datasets/dataset_cropped/09_Metas/30/10/20190930101200_00160.jpg,datasets_flow/dataset_cropped/09_Metas/30/10/20190930101200_00160.jpg,datasets_cloudmask/dataset_cropped/09_Metas/30/10/20190930101200_00160.png,579.1,895,72.8,24.6,962
9/30/2019 10:13,datasets/dataset_cropped/09_Metas/30/10/20190930101300_00160.jpg,datasets_flow/dataset_cropped/09_Metas/30/10/20190930101300_00160.jpg,datasets_cloudmask/dataset_cropped/09_Metas/30/10/20190930101300_00160.png,581.7,896,73,24.6,962
9/30/2019 10:14,datasets/dataset_cropped/09_Metas/30/10/20190930101400_00160.jpg,datasets_flow/dataset_cropped/09_Metas/30/10/20190930101400_00160.jpg,datasets_cloudmask/dataset_cropped/09_Metas/30/10/20190930101400_00160.png,584.6,898,73,24.6,962
9/30/2019 10:15,datasets/dataset_cropped/09_Metas/30/10/20190930101500_00160.jpg,datasets_flow/dataset_cropped/09_Metas/30/10/20190930101500_00160.jpg,datasets_cloudmask/dataset_cropped/09_Metas/30/10/20190930101500_00160.png,587.2,898,73.3,24.6,962
9/30/2019 10:16,datasets/dataset_cropped/09_Metas/30/10/20190930101600_00160.jpg,datasets_flow/dataset_cropped/09_Metas/30/10/20190930101600_00160.jpg,datasets_cloudmask/dataset_cropped/09_Metas/30/10/20190930101600_00160.png,590.2,900,73.6,24.7,962
9/30/2019 10:17,datasets/dataset_cropped/09_Metas/30/10/20190930101700_00160.jpg,datasets_flow/dataset_cropped/09_Metas/30/10/20190930101700_00160.jpg,datasets_cloudmask/dataset_cropped/09_Metas/30/10/20190930101700_00160.png,592.8,901,73.6,24.8,962
9/30/2019 10:18,datasets/dataset_cropped/09_Metas/30/10/20190930101800_00160.jpg,datasets_flow/dataset_cropped/09_Metas/30/10/20190930101800_00160.jpg,datasets_cloudmask/dataset_cropped/09_Metas/30/10/20190930101800_00160.png,595.6,902,73.6,24.7,962
9/30/2019 10:19,datasets/dataset_cropped/09_Metas/30/10/20190930101900_00160.jpg,datasets_flow/dataset_cropped/09_Metas/30/10/20190930101900_00160.jpg,datasets_cloudmask/dataset_cropped/09_Metas/30/10/20190930101900_00160.png,598.7,903,73.7,24.8,962
9/30/2019 10:20,datasets/dataset_cropped/09_Metas/30/10/20190930102000_00160.jpg,datasets_flow/dataset_cropped/09_Metas/30/10/20190930102000_00160.jpg,datasets_cloudmask/dataset_cropped/09_Metas/30/10/20190930102000_00160.png,602,905,73.7,24.8,962
9/30/2019 10:21,datasets/dataset_cropped/09_Metas/30/10/20190930102100_00160.jpg,datasets_flow/dataset_cropped/09_Metas/30/10/20190930102100_00160.jpg,datasets_cloudmask/dataset_cropped/09_Metas/30/10/20190930102100_00160.png,604.2,905,73.8,24.7,962
9/30/2019 10:22,datasets/dataset_cropped/09_Metas/30/10/20190930102200_00160.jpg,datasets_flow/dataset_cropped/09_Metas/30/10/20190930102200_00160.jpg,datasets_cloudmask/dataset_cropped/09_Metas/30/10/20190930102200_00160.png,607.1,906,74.1,24.6,962
9/30/2019 10:23,datasets/dataset_cropped/09_Metas/30/10/20190930102300_00160.jpg,datasets_flow/dataset_cropped/09_Metas/30/10/20190930102300_00160.jpg,datasets_cloudmask/dataset_cropped/09_Metas/30/10/20190930102300_00160.png,609.7,907,74.5,24.6,962
9/30/2019 10:24,datasets/dataset_cropped/09_Metas/30/10/20190930102400_00160.jpg,datasets_flow/dataset_cropped/09_Metas/30/10/20190930102400_00160.jpg,datasets_cloudmask/dataset_cropped/09_Metas/30/10/20190930102400_00160.png,611.9,907,74.8,24.7,962
9/30/2019 10:25,datasets/dataset_cropped/09_Metas/30/10/20190930102500_00160.jpg,datasets_flow/dataset_cropped/09_Metas/30/10/20190930102500_00160.jpg,datasets_cloudmask/dataset_cropped/09_Metas/30/10/20190930102500_00160.png,614.1,907,75,24.7,962
9/30/2019 10:26,datasets/dataset_cropped/09_Metas/30/10/20190930102600_00160.jpg,datasets_flow/dataset_cropped/09_Metas/30/10/20190930102600_00160.jpg,datasets_cloudmask/dataset_cropped/09_Metas/30/10/20190930102600_00160.png,617.2,910,75.2,24.7,962
9/30/2019 10:27,datasets/dataset_cropped/09_Metas/30/10/20190930102700_00160.jpg,datasets_flow/dataset_cropped/09_Metas/30/10/20190930102700_00160.jpg,datasets_cloudmask/dataset_cropped/09_Metas/30/10/20190930102700_00160.png,620,911,75.2,24.9,962
9/30/2019 10:28,datasets/dataset_cropped/09_Metas/30/10/20190930102800_00160.jpg,datasets_flow/dataset_cropped/09_Metas/30/10/20190930102800_00160.jpg,datasets_cloudmask/dataset_cropped/09_Metas/30/10/20190930102800_00160.png,621.9,911,75.3,25,962
9/30/2019 10:29,datasets/dataset_cropped/09_Metas/30/10/20190930102900_00160.jpg,datasets_flow/dataset_cropped/09_Metas/30/10/20190930102900_00160.jpg,datasets_cloudmask/dataset_cropped/09_Metas/30/10/20190930102900_00160.png,623.8,911,75.4,25,962
9/30/2019 10:30,datasets/dataset_cropped/09_Metas/30/10/20190930103000_00160.jpg,datasets_flow/dataset_cropped/09_Metas/30/10/20190930103000_00160.jpg,datasets_cloudmask/dataset_cropped/09_Metas/30/10/20190930103000_00160.png,626.3,912,75.5,24.9,962
9/30/2019 10:31,datasets/dataset_cropped/09_Metas/30/10/20190930103100_00160.jpg,datasets_flow/dataset_cropped/09_Metas/30/10/20190930103100_00160.jpg,datasets_cloudmask/dataset_cropped/09_Metas/30/10/20190930103100_00160.png,628.7,912,76,24.8,962
9/30/2019 10:32,datasets/dataset_cropped/09_Metas/30/10/20190930103200_00160.jpg,datasets_flow/dataset_cropped/09_Metas/30/10/20190930103200_00160.jpg,datasets_cloudmask/dataset_cropped/09_Metas/30/10/20190930103200_00160.png,631.1,913,76.1,24.6,962
9/30/2019 10:33,datasets/dataset_cropped/09_Metas/30/10/20190930103300_00160.jpg,datasets_flow/dataset_cropped/09_Metas/30/10/20190930103300_00160.jpg,datasets_cloudmask/dataset_cropped/09_Metas/30/10/20190930103300_00160.png,633.8,914,76,24.6,962
9/30/2019 10:34,datasets/dataset_cropped/09_Metas/30/10/20190930103400_00160.jpg,datasets_flow/dataset_cropped/09_Metas/30/10/20190930103400_00160.jpg,datasets_cloudmask/dataset_cropped/09_Metas/30/10/20190930103400_00160.png,636.5,916,76.2,24.7,962
9/30/2019 10:35,datasets/dataset_cropped/09_Metas/30/10/20190930103500_00160.jpg,datasets_flow/dataset_cropped/09_Metas/30/10/20190930103500_00160.jpg,datasets_cloudmask/dataset_cropped/09_Metas/30/10/20190930103500_00160.png,638.4,915,76.4,24.8,962
9/30/2019 10:36,datasets/dataset_cropped/09_Metas/30/10/20190930103600_00160.jpg,datasets_flow/dataset_cropped/09_Metas/30/10/20190930103600_00160.jpg,datasets_cloudmask/dataset_cropped/09_Metas/30/10/20190930103600_00160.png,640.5,916,76.3,25,962
9/30/2019 10:37,datasets/dataset_cropped/09_Metas/30/10/20190930103700_00160.jpg,datasets_flow/dataset_cropped/09_Metas/30/10/20190930103700_00160.jpg,datasets_cloudmask/dataset_cropped/09_Metas/30/10/20190930103700_00160.png,643.1,917,76.3,25.1,962
9/30/2019 10:38,datasets/dataset_cropped/09_Metas/30/10/20190930103800_00160.jpg,datasets_flow/dataset_cropped/09_Metas/30/10/20190930103800_00160.jpg,datasets_cloudmask/dataset_cropped/09_Metas/30/10/20190930103800_00160.png,645.3,917,76.2,25,962
9/30/2019 10:39,datasets/dataset_cropped/09_Metas/30/10/20190930103900_00160.jpg,datasets_flow/dataset_cropped/09_Metas/30/10/20190930103900_00160.jpg,datasets_cloudmask/dataset_cropped/09_Metas/30/10/20190930103900_00160.png,647.5,918,76.3,24.8,962
9/30/2019 10:40,datasets/dataset_cropped/09_Metas/30/10/20190930104000_00160.jpg,datasets_flow/dataset_cropped/09_Metas/30/10/20190930104000_00160.jpg,datasets_cloudmask/dataset_cropped/09_Metas/30/10/20190930104000_00160.png,650.1,918,76.5,24.9,962
9/30/2019 10:41,datasets/dataset_cropped/09_Metas/30/10/20190930104100_00160.jpg,datasets_flow/dataset_cropped/09_Metas/30/10/20190930104100_00160.jpg,datasets_cloudmask/dataset_cropped/09_Metas/30/10/20190930104100_00160.png,652.9,919,76.7,24.9,962
9/30/2019 10:42,datasets/dataset_cropped/09_Metas/30/10/20190930104200_00160.jpg,datasets_flow/dataset_cropped/09_Metas/30/10/20190930104200_00160.jpg,datasets_cloudmask/dataset_cropped/09_Metas/30/10/20190930104200_00160.png,655.3,920,77.1,24.9,962
9/30/2019 10:43,datasets/dataset_cropped/09_Metas/30/10/20190930104300_00160.jpg,datasets_flow/dataset_cropped/09_Metas/30/10/20190930104300_00160.jpg,datasets_cloudmask/dataset_cropped/09_Metas/30/10/20190930104300_00160.png,657.3,920,77.5,24.7,962
9/30/2019 10:44,datasets/dataset_cropped/09_Metas/30/10/20190930104400_00160.jpg,datasets_flow/dataset_cropped/09_Metas/30/10/20190930104400_00160.jpg,datasets_cloudmask/dataset_cropped/09_Metas/30/10/20190930104400_00160.png,659.6,921,77.3,24.8,962
9/30/2019 10:45,datasets/dataset_cropped/09_Metas/30/10/20190930104500_00160.jpg,datasets_flow/dataset_cropped/09_Metas/30/10/20190930104500_00160.jpg,datasets_cloudmask/dataset_cropped/09_Metas/30/10/20190930104500_00160.png,661.9,922,77.2,24.9,962
9/30/2019 10:46,datasets/dataset_cropped/09_Metas/30/10/20190930104600_00160.jpg,datasets_flow/dataset_cropped/09_Metas/30/10/20190930104600_00160.jpg,datasets_cloudmask/dataset_cropped/09_Metas/30/10/20190930104600_00160.png,664.3,922,77.6,24.9,962
9/30/2019 10:47,datasets/dataset_cropped/09_Metas/30/10/20190930104700_00160.jpg,datasets_flow/dataset_cropped/09_Metas/30/10/20190930104700_00160.jpg,datasets_cloudmask/dataset_cropped/09_Metas/30/10/20190930104700_00160.png,666.8,923,77.8,24.9,962
9/30/2019 10:48,datasets/dataset_cropped/09_Metas/30/10/20190930104800_00160.jpg,datasets_flow/dataset_cropped/09_Metas/30/10/20190930104800_00160.jpg,datasets_cloudmask/dataset_cropped/09_Metas/30/10/20190930104800_00160.png,668.8,924,77.6,25,962
9/30/2019 10:49,datasets/dataset_cropped/09_Metas/30/10/20190930104900_00160.jpg,datasets_flow/dataset_cropped/09_Metas/30/10/20190930104900_00160.jpg,datasets_cloudmask/dataset_cropped/09_Metas/30/10/20190930104900_00160.png,671.1,924,77.6,24.9,962
9/30/2019 10:50,datasets/dataset_cropped/09_Metas/30/10/20190930105000_00160.jpg,datasets_flow/dataset_cropped/09_Metas/30/10/20190930105000_00160.jpg,datasets_cloudmask/dataset_cropped/09_Metas/30/10/20190930105000_00160.png,673.2,924,77.7,24.9,962
9/30/2019 10:51,datasets/dataset_cropped/09_Metas/30/10/20190930105100_00160.jpg,datasets_flow/dataset_cropped/09_Metas/30/10/20190930105100_00160.jpg,datasets_cloudmask/dataset_cropped/09_Metas/30/10/20190930105100_00160.png,674.3,923,78.3,25.1,962
9/30/2019 10:52,datasets/dataset_cropped/09_Metas/30/10/20190930105200_00160.jpg,datasets_flow/dataset_cropped/09_Metas/30/10/20190930105200_00160.jpg,datasets_cloudmask/dataset_cropped/09_Metas/30/10/20190930105200_00160.png,676.7,923,78.9,25,962
9/30/2019 10:53,datasets/dataset_cropped/09_Metas/30/10/20190930105300_00160.jpg,datasets_flow/dataset_cropped/09_Metas/30/10/20190930105300_00160.jpg,datasets_cloudmask/dataset_cropped/09_Metas/30/10/20190930105300_00160.png,678.3,923,78.9,25.2,962
9/30/2019 10:54,datasets/dataset_cropped/09_Metas/30/10/20190930105400_00160.jpg,datasets_flow/dataset_cropped/09_Metas/30/10/20190930105400_00160.jpg,datasets_cloudmask/dataset_cropped/09_Metas/30/10/20190930105400_00160.png,680.7,924,78.9,25.2,962
9/30/2019 10:55,datasets/dataset_cropped/09_Metas/30/10/20190930105500_00160.jpg,datasets_flow/dataset_cropped/09_Metas/30/10/20190930105500_00160.jpg,datasets_cloudmask/dataset_cropped/09_Metas/30/10/20190930105500_00160.png,681.6,922,79.2,25,962
9/30/2019 10:56,datasets/dataset_cropped/09_Metas/30/10/20190930105600_00160.jpg,datasets_flow/dataset_cropped/09_Metas/30/10/20190930105600_00160.jpg,datasets_cloudmask/dataset_cropped/09_Metas/30/10/20190930105600_00160.png,684,923,79.8,25.2,962
9/30/2019 10:57,datasets/dataset_cropped/09_Metas/30/10/20190930105700_00160.jpg,datasets_flow/dataset_cropped/09_Metas/30/10/20190930105700_00160.jpg,datasets_cloudmask/dataset_cropped/09_Metas/30/10/20190930105700_00160.png,686.3,924,79.8,25.5,962
9/30/2019 10:58,datasets/dataset_cropped/09_Metas/30/10/20190930105800_00160.jpg,datasets_flow/dataset_cropped/09_Metas/30/10/20190930105800_00160.jpg,datasets_cloudmask/dataset_cropped/09_Metas/30/10/20190930105800_00160.png,688.5,925,80,25.5,962
9/30/2019 10:59,datasets/dataset_cropped/09_Metas/30/10/20190930105900_00160.jpg,datasets_flow/dataset_cropped/09_Metas/30/10/20190930105900_00160.jpg,datasets_cloudmask/dataset_cropped/09_Metas/30/10/20190930105900_00160.png,689.9,924,80.4,25.3,962
9/30/2019 11:00,datasets/dataset_cropped/09_Metas/30/11/20190930110000_00160.jpg,datasets_flow/dataset_cropped/09_Metas/30/11/20190930110000_00160.jpg,datasets_cloudmask/dataset_cropped/09_Metas/30/11/20190930110000_00160.png,691.1,922,80.8,25.2,962
9/30/2019 11:01,datasets/dataset_cropped/09_Metas/30/11/20190930110100_00160.jpg,datasets_flow/dataset_cropped/09_Metas/30/11/20190930110100_00160.jpg,datasets_cloudmask/dataset_cropped/09_Metas/30/11/20190930110100_00160.png,693.5,923,80.9,25.1,962
9/30/2019 11:02,datasets/dataset_cropped/09_Metas/30/11/20190930110200_00160.jpg,datasets_flow/dataset_cropped/09_Metas/30/11/20190930110200_00160.jpg,datasets_cloudmask/dataset_cropped/09_Metas/30/11/20190930110200_00160.png,695.5,923,81.2,25.1,962
9/30/2019 11:03,datasets/dataset_cropped/09_Metas/30/11/20190930110300_00160.jpg,datasets_flow/dataset_cropped/09_Metas/30/11/20190930110300_00160.jpg,datasets_cloudmask/dataset_cropped/09_Metas/30/11/20190930110300_00160.png,697.6,924,81.6,25.1,962
9/30/2019 11:04,datasets/dataset_cropped/09_Metas/30/11/20190930110400_00160.jpg,datasets_flow/dataset_cropped/09_Metas/30/11/20190930110400_00160.jpg,datasets_cloudmask/dataset_cropped/09_Metas/30/11/20190930110400_00160.png,699.4,924,81.8,25.2,962
9/30/2019 11:05,datasets/dataset_cropped/09_Metas/30/11/20190930110500_00160.jpg,datasets_flow/dataset_cropped/09_Metas/30/11/20190930110500_00160.jpg,datasets_cloudmask/dataset_cropped/09_Metas/30/11/20190930110500_00160.png,701.9,926,81.7,25.3,962
9/30/2019 11:06,datasets/dataset_cropped/09_Metas/30/11/20190930110600_00160.jpg,datasets_flow/dataset_cropped/09_Metas/30/11/20190930110600_00160.jpg,datasets_cloudmask/dataset_cropped/09_Metas/30/11/20190930110600_00160.png,704.1,927,81.7,25.2,962
9/30/2019 11:07,datasets/dataset_cropped/09_Metas/30/11/20190930110700_00160.jpg,datasets_flow/dataset_cropped/09_Metas/30/11/20190930110700_00160.jpg,datasets_cloudmask/dataset_cropped/09_Metas/30/11/20190930110700_00160.png,706.3,928,81.7,25.1,962
9/30/2019 11:08,datasets/dataset_cropped/09_Metas/30/11/20190930110800_00160.jpg,datasets_flow/dataset_cropped/09_Metas/30/11/20190930110800_00160.jpg,datasets_cloudmask/dataset_cropped/09_Metas/30/11/20190930110800_00160.png,708.6,929,82,25,962
9/30/2019 11:09,datasets/dataset_cropped/09_Metas/30/11/20190930110900_00160.jpg,datasets_flow/dataset_cropped/09_Metas/30/11/20190930110900_00160.jpg,datasets_cloudmask/dataset_cropped/09_Metas/30/11/20190930110900_00160.png,710,928,82.5,25,962
9/30/2019 11:10,datasets/dataset_cropped/09_Metas/30/11/20190930111000_00160.jpg,datasets_flow/dataset_cropped/09_Metas/30/11/20190930111000_00160.jpg,datasets_cloudmask/dataset_cropped/09_Metas/30/11/20190930111000_00160.png,711.7,929,82.4,24.9,962
9/30/2019 11:11,datasets/dataset_cropped/09_Metas/30/11/20190930111100_00160.jpg,datasets_flow/dataset_cropped/09_Metas/30/11/20190930111100_00160.jpg,datasets_cloudmask/dataset_cropped/09_Metas/30/11/20190930111100_00160.png,713.8,929,82.5,25.1,962
9/30/2019 11:12,datasets/dataset_cropped/09_Metas/30/11/20190930111200_00160.jpg,datasets_flow/dataset_cropped/09_Metas/30/11/20190930111200_00160.jpg,datasets_cloudmask/dataset_cropped/09_Metas/30/11/20190930111200_00160.png,715.3,929,82.8,25.4,962
9/30/2019 11:13,datasets/dataset_cropped/09_Metas/30/11/20190930111300_00160.jpg,datasets_flow/dataset_cropped/09_Metas/30/11/20190930111300_00160.jpg,datasets_cloudmask/dataset_cropped/09_Metas/30/11/20190930111300_00160.png,718.2,931,82.7,25.2,962
9/30/2019 11:14,datasets/dataset_cropped/09_Metas/30/11/20190930111400_00160.jpg,datasets_flow/dataset_cropped/09_Metas/30/11/20190930111400_00160.jpg,datasets_cloudmask/dataset_cropped/09_Metas/30/11/20190930111400_00160.png,719.7,930,82.8,25.4,962
9/30/2019 11:15,datasets/dataset_cropped/09_Metas/30/11/20190930111500_00160.jpg,datasets_flow/dataset_cropped/09_Metas/30/11/20190930111500_00160.jpg,datasets_cloudmask/dataset_cropped/09_Metas/30/11/20190930111500_00160.png,720.4,929,83.2,25.6,962
9/30/2019 11:16,datasets/dataset_cropped/09_Metas/30/11/20190930111600_00160.jpg,datasets_flow/dataset_cropped/09_Metas/30/11/20190930111600_00160.jpg,datasets_cloudmask/dataset_cropped/09_Metas/30/11/20190930111600_00160.png,722.4,930,83.2,25.6,962
9/30/2019 11:17,datasets/dataset_cropped/09_Metas/30/11/20190930111700_00160.jpg,datasets_flow/dataset_cropped/09_Metas/30/11/20190930111700_00160.jpg,datasets_cloudmask/dataset_cropped/09_Metas/30/11/20190930111700_00160.png,724.4,931,82.7,25.7,962
9/30/2019 11:18,datasets/dataset_cropped/09_Metas/30/11/20190930111800_00160.jpg,datasets_flow/dataset_cropped/09_Metas/30/11/20190930111800_00160.jpg,datasets_cloudmask/dataset_cropped/09_Metas/30/11/20190930111800_00160.png,726.1,931,83.2,25.5,962
9/30/2019 11:19,datasets/dataset_cropped/09_Metas/30/11/20190930111900_00160.jpg,datasets_flow/dataset_cropped/09_Metas/30/11/20190930111900_00160.jpg,datasets_cloudmask/dataset_cropped/09_Metas/30/11/20190930111900_00160.png,727.8,931,83.5,25.5,962
9/30/2019 11:20,datasets/dataset_cropped/09_Metas/30/11/20190930112000_00160.jpg,datasets_flow/dataset_cropped/09_Metas/30/11/20190930112000_00160.jpg,datasets_cloudmask/dataset_cropped/09_Metas/30/11/20190930112000_00160.png,728.8,931,83.1,25.7,962
9/30/2019 11:21,datasets/dataset_cropped/09_Metas/30/11/20190930112100_00160.jpg,datasets_flow/dataset_cropped/09_Metas/30/11/20190930112100_00160.jpg,datasets_cloudmask/dataset_cropped/09_Metas/30/11/20190930112100_00160.png,730.7,931,83.4,25.9,962
9/30/2019 11:22,datasets/dataset_cropped/09_Metas/30/11/20190930112200_00160.jpg,datasets_flow/dataset_cropped/09_Metas/30/11/20190930112200_00160.jpg,datasets_cloudmask/dataset_cropped/09_Metas/30/11/20190930112200_00160.png,732.2,931,83.8,25.6,962
9/30/2019 11:23,datasets/dataset_cropped/09_Metas/30/11/20190930112300_00160.jpg,datasets_flow/dataset_cropped/09_Metas/30/11/20190930112300_00160.jpg,datasets_cloudmask/dataset_cropped/09_Metas/30/11/20190930112300_00160.png,733,931,83.8,25.6,962
9/30/2019 11:24,datasets/dataset_cropped/09_Metas/30/11/20190930112400_00160.jpg,datasets_flow/dataset_cropped/09_Metas/30/11/20190930112400_00160.jpg,datasets_cloudmask/dataset_cropped/09_Metas/30/11/20190930112400_00160.png,733.9,930,84.2,25.7,962
9/30/2019 11:25,datasets/dataset_cropped/09_Metas/30/11/20190930112500_00160.jpg,datasets_flow/dataset_cropped/09_Metas/30/11/20190930112500_00160.jpg,datasets_cloudmask/dataset_cropped/09_Metas/30/11/20190930112500_00160.png,735.9,930,85.1,25.7,962
9/30/2019 11:26,datasets/dataset_cropped/09_Metas/30/11/20190930112600_00160.jpg,datasets_flow/dataset_cropped/09_Metas/30/11/20190930112600_00160.jpg,datasets_cloudmask/dataset_cropped/09_Metas/30/11/20190930112600_00160.png,738.3,932,85,25.9,962
9/30/2019 11:27,datasets/dataset_cropped/09_Metas/30/11/20190930112700_00160.jpg,datasets_flow/dataset_cropped/09_Metas/30/11/20190930112700_00160.jpg,datasets_cloudmask/dataset_cropped/09_Metas/30/11/20190930112700_00160.png,740.3,932,85,25.9,962
9/30/2019 11:28,datasets/dataset_cropped/09_Metas/30/11/20190930112800_00160.jpg,datasets_flow/dataset_cropped/09_Metas/30/11/20190930112800_00160.jpg,datasets_cloudmask/dataset_cropped/09_Metas/30/11/20190930112800_00160.png,741.5,932,85.1,25.7,962
9/30/2019 11:29,datasets/dataset_cropped/09_Metas/30/11/20190930112900_00160.jpg,datasets_flow/dataset_cropped/09_Metas/30/11/20190930112900_00160.jpg,datasets_cloudmask/dataset_cropped/09_Metas/30/11/20190930112900_00160.png,742.9,932,84.9,25.7,962
9/30/2019 11:30,datasets/dataset_cropped/09_Metas/30/11/20190930113000_00160.jpg,datasets_flow/dataset_cropped/09_Metas/30/11/20190930113000_00160.jpg,datasets_cloudmask/dataset_cropped/09_Metas/30/11/20190930113000_00160.png,744.4,932,84.7,25.7,962
9/30/2019 11:31,datasets/dataset_cropped/09_Metas/30/11/20190930113100_00160.jpg,datasets_flow/dataset_cropped/09_Metas/30/11/20190930113100_00160.jpg,datasets_cloudmask/dataset_cropped/09_Metas/30/11/20190930113100_00160.png,746.1,933,84.9,25.9,962
9/30/2019 11:32,datasets/dataset_cropped/09_Metas/30/11/20190930113200_00160.jpg,datasets_flow/dataset_cropped/09_Metas/30/11/20190930113200_00160.jpg,datasets_cloudmask/dataset_cropped/09_Metas/30/11/20190930113200_00160.png,747.5,933,85,25.8,962
9/30/2019 11:33,datasets/dataset_cropped/09_Metas/30/11/20190930113300_00160.jpg,datasets_flow/dataset_cropped/09_Metas/30/11/20190930113300_00160.jpg,datasets_cloudmask/dataset_cropped/09_Metas/30/11/20190930113300_00160.png,748.8,932,85.1,25.7,962
9/30/2019 11:34,datasets/dataset_cropped/09_Metas/30/11/20190930113400_00160.jpg,datasets_flow/dataset_cropped/09_Metas/30/11/20190930113400_00160.jpg,datasets_cloudmask/dataset_cropped/09_Metas/30/11/20190930113400_00160.png,751,933,85.4,25.9,962
9/30/2019 11:35,datasets/dataset_cropped/09_Metas/30/11/20190930113500_00160.jpg,datasets_flow/dataset_cropped/09_Metas/30/11/20190930113500_00160.jpg,datasets_cloudmask/dataset_cropped/09_Metas/30/11/20190930113500_00160.png,751.4,933,85.4,26.1,962
9/30/2019 11:36,datasets/dataset_cropped/09_Metas/30/11/20190930113600_00160.jpg,datasets_flow/dataset_cropped/09_Metas/30/11/20190930113600_00160.jpg,datasets_cloudmask/dataset_cropped/09_Metas/30/11/20190930113600_00160.png,753.3,934,85.3,26.2,962
9/30/2019 11:37,datasets/dataset_cropped/09_Metas/30/11/20190930113700_00160.jpg,datasets_flow/dataset_cropped/09_Metas/30/11/20190930113700_00160.jpg,datasets_cloudmask/dataset_cropped/09_Metas/30/11/20190930113700_00160.png,755.5,935,85.5,26.3,962
9/30/2019 11:38,datasets/dataset_cropped/09_Metas/30/11/20190930113800_00160.jpg,datasets_flow/dataset_cropped/09_Metas/30/11/20190930113800_00160.jpg,datasets_cloudmask/dataset_cropped/09_Metas/30/11/20190930113800_00160.png,756.7,935,85.7,26.5,962
9/30/2019 11:39,datasets/dataset_cropped/09_Metas/30/11/20190930113900_00160.jpg,datasets_flow/dataset_cropped/09_Metas/30/11/20190930113900_00160.jpg,datasets_cloudmask/dataset_cropped/09_Metas/30/11/20190930113900_00160.png,757.1,934,86.1,26.8,962
9/30/2019 11:40,datasets/dataset_cropped/09_Metas/30/11/20190930114000_00160.jpg,datasets_flow/dataset_cropped/09_Metas/30/11/20190930114000_00160.jpg,datasets_cloudmask/dataset_cropped/09_Metas/30/11/20190930114000_00160.png,758.1,933,86.8,26.8,962
9/30/2019 11:41,datasets/dataset_cropped/09_Metas/30/11/20190930114100_00160.jpg,datasets_flow/dataset_cropped/09_Metas/30/11/20190930114100_00160.jpg,datasets_cloudmask/dataset_cropped/09_Metas/30/11/20190930114100_00160.png,759.3,933,86.8,26.8,962
9/30/2019 11:42,datasets/dataset_cropped/09_Metas/30/11/20190930114200_00160.jpg,datasets_flow/dataset_cropped/09_Metas/30/11/20190930114200_00160.jpg,datasets_cloudmask/dataset_cropped/09_Metas/30/11/20190930114200_00160.png,759.9,931,87.1,27,962
9/30/2019 11:43,datasets/dataset_cropped/09_Metas/30/11/20190930114300_00160.jpg,datasets_flow/dataset_cropped/09_Metas/30/11/20190930114300_00160.jpg,datasets_cloudmask/dataset_cropped/09_Metas/30/11/20190930114300_00160.png,761,931,87.3,26.7,962
9/30/2019 11:44,datasets/dataset_cropped/09_Metas/30/11/20190930114400_00160.jpg,datasets_flow/dataset_cropped/09_Metas/30/11/20190930114400_00160.jpg,datasets_cloudmask/dataset_cropped/09_Metas/30/11/20190930114400_00160.png,763.1,933,87.3,26.6,962
9/30/2019 11:45,datasets/dataset_cropped/09_Metas/30/11/20190930114500_00160.jpg,datasets_flow/dataset_cropped/09_Metas/30/11/20190930114500_00160.jpg,datasets_cloudmask/dataset_cropped/09_Metas/30/11/20190930114500_00160.png,764.6,933,87.3,26.8,962
9/30/2019 11:46,datasets/dataset_cropped/09_Metas/30/11/20190930114600_00160.jpg,datasets_flow/dataset_cropped/09_Metas/30/11/20190930114600_00160.jpg,datasets_cloudmask/dataset_cropped/09_Metas/30/11/20190930114600_00160.png,764.9,932,87.7,27,962
9/30/2019 11:47,datasets/dataset_cropped/09_Metas/30/11/20190930114700_00160.jpg,datasets_flow/dataset_cropped/09_Metas/30/11/20190930114700_00160.jpg,datasets_cloudmask/dataset_cropped/09_Metas/30/11/20190930114700_00160.png,765.8,932,87.5,27,962
9/30/2019 11:48,datasets/dataset_cropped/09_Metas/30/11/20190930114800_00160.jpg,datasets_flow/dataset_cropped/09_Metas/30/11/20190930114800_00160.jpg,datasets_cloudmask/dataset_cropped/09_Metas/30/11/20190930114800_00160.png,768.5,934,87.1,27.1,962
9/30/2019 11:49,datasets/dataset_cropped/09_Metas/30/11/20190930114900_00160.jpg,datasets_flow/dataset_cropped/09_Metas/30/11/20190930114900_00160.jpg,datasets_cloudmask/dataset_cropped/09_Metas/30/11/20190930114900_00160.png,770.2,935,87,27,961
9/30/2019 11:50,datasets/dataset_cropped/09_Metas/30/11/20190930115000_00160.jpg,datasets_flow/dataset_cropped/09_Metas/30/11/20190930115000_00160.jpg,datasets_cloudmask/dataset_cropped/09_Metas/30/11/20190930115000_00160.png,771.4,935,87,26.7,961
9/30/2019 11:51,datasets/dataset_cropped/09_Metas/30/11/20190930115100_00160.jpg,datasets_flow/dataset_cropped/09_Metas/30/11/20190930115100_00160.jpg,datasets_cloudmask/dataset_cropped/09_Metas/30/11/20190930115100_00160.png,773.1,937,87.2,26.6,961
9/30/2019 11:52,datasets/dataset_cropped/09_Metas/30/11/20190930115200_00160.jpg,datasets_flow/dataset_cropped/09_Metas/30/11/20190930115200_00160.jpg,datasets_cloudmask/dataset_cropped/09_Metas/30/11/20190930115200_00160.png,775.6,939,86.9,26.6,961
9/30/2019 11:53,datasets/dataset_cropped/09_Metas/30/11/20190930115300_00160.jpg,datasets_flow/dataset_cropped/09_Metas/30/11/20190930115300_00160.jpg,datasets_cloudmask/dataset_cropped/09_Metas/30/11/20190930115300_00160.png,776,939,86.9,26.7,961
9/30/2019 11:54,datasets/dataset_cropped/09_Metas/30/11/20190930115400_00160.jpg,datasets_flow/dataset_cropped/09_Metas/30/11/20190930115400_00160.jpg,datasets_cloudmask/dataset_cropped/09_Metas/30/11/20190930115400_00160.png,776.7,939,86.8,26.7,961
9/30/2019 11:55,datasets/dataset_cropped/09_Metas/30/11/20190930115500_00160.jpg,datasets_flow/dataset_cropped/09_Metas/30/11/20190930115500_00160.jpg,datasets_cloudmask/dataset_cropped/09_Metas/30/11/20190930115500_00160.png,778.6,940,86.6,26.9,961
9/30/2019 11:56,datasets/dataset_cropped/09_Metas/30/11/20190930115600_00160.jpg,datasets_flow/dataset_cropped/09_Metas/30/11/20190930115600_00160.jpg,datasets_cloudmask/dataset_cropped/09_Metas/30/11/20190930115600_00160.png,780,940,86.7,26.9,961
9/30/2019 11:57,datasets/dataset_cropped/09_Metas/30/11/20190930115700_00160.jpg,datasets_flow/dataset_cropped/09_Metas/30/11/20190930115700_00160.jpg,datasets_cloudmask/dataset_cropped/09_Metas/30/11/20190930115700_00160.png,780.7,940,86.8,26.8,961
9/30/2019 11:58,datasets/dataset_cropped/09_Metas/30/11/20190930115800_00160.jpg,datasets_flow/dataset_cropped/09_Metas/30/11/20190930115800_00160.jpg,datasets_cloudmask/dataset_cropped/09_Metas/30/11/20190930115800_00160.png,782.5,942,86.8,26.7,961
9/30/2019 11:59,datasets/dataset_cropped/09_Metas/30/11/20190930115900_00160.jpg,datasets_flow/dataset_cropped/09_Metas/30/11/20190930115900_00160.jpg,datasets_cloudmask/dataset_cropped/09_Metas/30/11/20190930115900_00160.png,784,943,86.5,26.9,961
9/30/2019 12:00,datasets/dataset_cropped/09_Metas/30/12/20190930120000_00160.jpg,datasets_flow/dataset_cropped/09_Metas/30/12/20190930120000_00160.jpg,datasets_cloudmask/dataset_cropped/09_Metas/30/12/20190930120000_00160.png,784.2,942,86.2,27.1,961
9/30/2019 12:01,datasets/dataset_cropped/09_Metas/30/12/20190930120100_00160.jpg,datasets_flow/dataset_cropped/09_Metas/30/12/20190930120100_00160.jpg,datasets_cloudmask/dataset_cropped/09_Metas/30/12/20190930120100_00160.png,786.1,943,86.4,27.3,961
9/30/2019 12:02,datasets/dataset_cropped/09_Metas/30/12/20190930120200_00160.jpg,datasets_flow/dataset_cropped/09_Metas/30/12/20190930120200_00160.jpg,datasets_cloudmask/dataset_cropped/09_Metas/30/12/20190930120200_00160.png,786.7,943,86.6,27.2,961
9/30/2019 12:03,datasets/dataset_cropped/09_Metas/30/12/20190930120300_00160.jpg,datasets_flow/dataset_cropped/09_Metas/30/12/20190930120300_00160.jpg,datasets_cloudmask/dataset_cropped/09_Metas/30/12/20190930120300_00160.png,787.4,944,86.3,27.3,961
9/30/2019 12:04,datasets/dataset_cropped/09_Metas/30/12/20190930120400_00160.jpg,datasets_flow/dataset_cropped/09_Metas/30/12/20190930120400_00160.jpg,datasets_cloudmask/dataset_cropped/09_Metas/30/12/20190930120400_00160.png,788.2,943,86.2,27.2,961
9/30/2019 12:05,datasets/dataset_cropped/09_Metas/30/12/20190930120500_00160.jpg,datasets_flow/dataset_cropped/09_Metas/30/12/20190930120500_00160.jpg,datasets_cloudmask/dataset_cropped/09_Metas/30/12/20190930120500_00160.png,789.5,944,86.7,27.2,961
9/30/2019 12:06,datasets/dataset_cropped/09_Metas/30/12/20190930120600_00160.jpg,datasets_flow/dataset_cropped/09_Metas/30/12/20190930120600_00160.jpg,datasets_cloudmask/dataset_cropped/09_Metas/30/12/20190930120600_00160.png,789,942,86.9,27.2,962
9/30/2019 12:07,datasets/dataset_cropped/09_Metas/30/12/20190930120700_00160.jpg,datasets_flow/dataset_cropped/09_Metas/30/12/20190930120700_00160.jpg,datasets_cloudmask/dataset_cropped/09_Metas/30/12/20190930120700_00160.png,790.6,943,86.9,27.3,961
9/30/2019 12:08,datasets/dataset_cropped/09_Metas/30/12/20190930120800_00160.jpg,datasets_flow/dataset_cropped/09_Metas/30/12/20190930120800_00160.jpg,datasets_cloudmask/dataset_cropped/09_Metas/30/12/20190930120800_00160.png,790.9,943,86.7,27.4,961
9/30/2019 12:09,datasets/dataset_cropped/09_Metas/30/12/20190930120900_00160.jpg,datasets_flow/dataset_cropped/09_Metas/30/12/20190930120900_00160.jpg,datasets_cloudmask/dataset_cropped/09_Metas/30/12/20190930120900_00160.png,792.4,945,86.8,27.6,961
9/30/2019 12:10,datasets/dataset_cropped/09_Metas/30/12/20190930121000_00160.jpg,datasets_flow/dataset_cropped/09_Metas/30/12/20190930121000_00160.jpg,datasets_cloudmask/dataset_cropped/09_Metas/30/12/20190930121000_00160.png,793.8,945,87.1,27.6,961
9/30/2019 12:11,datasets/dataset_cropped/09_Metas/30/12/20190930121100_00160.jpg,datasets_flow/dataset_cropped/09_Metas/30/12/20190930121100_00160.jpg,datasets_cloudmask/dataset_cropped/09_Metas/30/12/20190930121100_00160.png,793.8,944,86.8,27.6,961
9/30/2019 12:12,datasets/dataset_cropped/09_Metas/30/12/20190930121200_00160.jpg,datasets_flow/dataset_cropped/09_Metas/30/12/20190930121200_00160.jpg,datasets_cloudmask/dataset_cropped/09_Metas/30/12/20190930121200_00160.png,794.1,943,87.3,27.7,961
9/30/2019 12:13,datasets/dataset_cropped/09_Metas/30/12/20190930121300_00160.jpg,datasets_flow/dataset_cropped/09_Metas/30/12/20190930121300_00160.jpg,datasets_cloudmask/dataset_cropped/09_Metas/30/12/20190930121300_00160.png,795.1,943,87.2,27.8,961
9/30/2019 12:14,datasets/dataset_cropped/09_Metas/30/12/20190930121400_00160.jpg,datasets_flow/dataset_cropped/09_Metas/30/12/20190930121400_00160.jpg,datasets_cloudmask/dataset_cropped/09_Metas/30/12/20190930121400_00160.png,795.7,943,87.1,27.9,961
9/30/2019 12:15,datasets/dataset_cropped/09_Metas/30/12/20190930121500_00160.jpg,datasets_flow/dataset_cropped/09_Metas/30/12/20190930121500_00160.jpg,datasets_cloudmask/dataset_cropped/09_Metas/30/12/20190930121500_00160.png,796.1,942,87.5,28,961
9/30/2019 12:16,datasets/dataset_cropped/09_Metas/30/12/20190930121600_00160.jpg,datasets_flow/dataset_cropped/09_Metas/30/12/20190930121600_00160.jpg,datasets_cloudmask/dataset_cropped/09_Metas/30/12/20190930121600_00160.png,796.8,942,88,28.2,961
9/30/2019 12:17,datasets/dataset_cropped/09_Metas/30/12/20190930121700_00160.jpg,datasets_flow/dataset_cropped/09_Metas/30/12/20190930121700_00160.jpg,datasets_cloudmask/dataset_cropped/09_Metas/30/12/20190930121700_00160.png,797.7,943,88,28.5,961
9/30/2019 12:18,datasets/dataset_cropped/09_Metas/30/12/20190930121800_00160.jpg,datasets_flow/dataset_cropped/09_Metas/30/12/20190930121800_00160.jpg,datasets_cloudmask/dataset_cropped/09_Metas/30/12/20190930121800_00160.png,798.8,944,88.1,28.5,961
9/30/2019 12:19,datasets/dataset_cropped/09_Metas/30/12/20190930121900_00160.jpg,datasets_flow/dataset_cropped/09_Metas/30/12/20190930121900_00160.jpg,datasets_cloudmask/dataset_cropped/09_Metas/30/12/20190930121900_00160.png,799.1,943,87.7,28.5,961
9/30/2019 12:20,datasets/dataset_cropped/09_Metas/30/12/20190930122000_00160.jpg,datasets_flow/dataset_cropped/09_Metas/30/12/20190930122000_00160.jpg,datasets_cloudmask/dataset_cropped/09_Metas/30/12/20190930122000_00160.png,800,944,87.5,28.5,961
9/30/2019 12:21,datasets/dataset_cropped/09_Metas/30/12/20190930122100_00160.jpg,datasets_flow/dataset_cropped/09_Metas/30/12/20190930122100_00160.jpg,datasets_cloudmask/dataset_cropped/09_Metas/30/12/20190930122100_00160.png,800,943,87.4,28.5,961
9/30/2019 12:22,datasets/dataset_cropped/09_Metas/30/12/20190930122200_00160.jpg,datasets_flow/dataset_cropped/09_Metas/30/12/20190930122200_00160.jpg,datasets_cloudmask/dataset_cropped/09_Metas/30/12/20190930122200_00160.png,801,943,87.6,28.3,961
9/30/2019 12:23,datasets/dataset_cropped/09_Metas/30/12/20190930122300_00160.jpg,datasets_flow/dataset_cropped/09_Metas/30/12/20190930122300_00160.jpg,datasets_cloudmask/dataset_cropped/09_Metas/30/12/20190930122300_00160.png,802,943,87.8,28.3,961
9/30/2019 12:24,datasets/dataset_cropped/09_Metas/30/12/20190930122400_00160.jpg,datasets_flow/dataset_cropped/09_Metas/30/12/20190930122400_00160.jpg,datasets_cloudmask/dataset_cropped/09_Metas/30/12/20190930122400_00160.png,802,942,87.8,28.5,961
9/30/2019 12:25,datasets/dataset_cropped/09_Metas/30/12/20190930122500_00160.jpg,datasets_flow/dataset_cropped/09_Metas/30/12/20190930122500_00160.jpg,datasets_cloudmask/dataset_cropped/09_Metas/30/12/20190930122500_00160.png,802,942,87.8,28.6,961
9/30/2019 12:26,datasets/dataset_cropped/09_Metas/30/12/20190930122600_00160.jpg,datasets_flow/dataset_cropped/09_Metas/30/12/20190930122600_00160.jpg,datasets_cloudmask/dataset_cropped/09_Metas/30/12/20190930122600_00160.png,803,942,87.8,28.7,961
9/30/2019 12:27,datasets/dataset_cropped/09_Metas/30/12/20190930122700_00160.jpg,datasets_flow/dataset_cropped/09_Metas/30/12/20190930122700_00160.jpg,datasets_cloudmask/dataset_cropped/09_Metas/30/12/20190930122700_00160.png,803,941,87.6,28.7,961
9/30/2019 12:28,datasets/dataset_cropped/09_Metas/30/12/20190930122800_00160.jpg,datasets_flow/dataset_cropped/09_Metas/30/12/20190930122800_00160.jpg,datasets_cloudmask/dataset_cropped/09_Metas/30/12/20190930122800_00160.png,803,939,87.9,28.6,961
9/30/2019 12:29,datasets/dataset_cropped/09_Metas/30/12/20190930122900_00160.jpg,datasets_flow/dataset_cropped/09_Metas/30/12/20190930122900_00160.jpg,datasets_cloudmask/dataset_cropped/09_Metas/30/12/20190930122900_00160.png,804,940,88.2,28.5,961
9/30/2019 12:30,datasets/dataset_cropped/09_Metas/30/12/20190930123000_00160.jpg,datasets_flow/dataset_cropped/09_Metas/30/12/20190930123000_00160.jpg,datasets_cloudmask/dataset_cropped/09_Metas/30/12/20190930123000_00160.png,805,941,88.1,28.8,961
9/30/2019 12:31,datasets/dataset_cropped/09_Metas/30/12/20190930123100_00160.jpg,datasets_flow/dataset_cropped/09_Metas/30/12/20190930123100_00160.jpg,datasets_cloudmask/dataset_cropped/09_Metas/30/12/20190930123100_00160.png,805,940,88.4,28.6,961
9/30/2019 12:32,datasets/dataset_cropped/09_Metas/30/12/20190930123200_00160.jpg,datasets_flow/dataset_cropped/09_Metas/30/12/20190930123200_00160.jpg,datasets_cloudmask/dataset_cropped/09_Metas/30/12/20190930123200_00160.png,804,938,88.9,28.5,961
9/30/2019 12:33,datasets/dataset_cropped/09_Metas/30/12/20190930123300_00160.jpg,datasets_flow/dataset_cropped/09_Metas/30/12/20190930123300_00160.jpg,datasets_cloudmask/dataset_cropped/09_Metas/30/12/20190930123300_00160.png,804,937,89.5,28.9,961
9/30/2019 12:34,datasets/dataset_cropped/09_Metas/30/12/20190930123400_00160.jpg,datasets_flow/dataset_cropped/09_Metas/30/12/20190930123400_00160.jpg,datasets_cloudmask/dataset_cropped/09_Metas/30/12/20190930123400_00160.png,806,939,89.4,29,961
9/30/2019 12:35,datasets/dataset_cropped/09_Metas/30/12/20190930123500_00160.jpg,datasets_flow/dataset_cropped/09_Metas/30/12/20190930123500_00160.jpg,datasets_cloudmask/dataset_cropped/09_Metas/30/12/20190930123500_00160.png,807,940,89.4,28.9,961
9/30/2019 12:36,datasets/dataset_cropped/09_Metas/30/12/20190930123600_00160.jpg,datasets_flow/dataset_cropped/09_Metas/30/12/20190930123600_00160.jpg,datasets_cloudmask/dataset_cropped/09_Metas/30/12/20190930123600_00160.png,806,938,89.7,29,961
9/30/2019 12:37,datasets/dataset_cropped/09_Metas/30/12/20190930123700_00160.jpg,datasets_flow/dataset_cropped/09_Metas/30/12/20190930123700_00160.jpg,datasets_cloudmask/dataset_cropped/09_Metas/30/12/20190930123700_00160.png,807,939,89.7,29,961
9/30/2019 12:38,datasets/dataset_cropped/09_Metas/30/12/20190930123800_00160.jpg,datasets_flow/dataset_cropped/09_Metas/30/12/20190930123800_00160.jpg,datasets_cloudmask/dataset_cropped/09_Metas/30/12/20190930123800_00160.png,808,940,89.7,29,961
9/30/2019 12:39,datasets/dataset_cropped/09_Metas/30/12/20190930123900_00160.jpg,datasets_flow/dataset_cropped/09_Metas/30/12/20190930123900_00160.jpg,datasets_cloudmask/dataset_cropped/09_Metas/30/12/20190930123900_00160.png,809,940,89.7,28.9,961
9/30/2019 12:40,datasets/dataset_cropped/09_Metas/30/12/20190930124000_00160.jpg,datasets_flow/dataset_cropped/09_Metas/30/12/20190930124000_00160.jpg,datasets_cloudmask/dataset_cropped/09_Metas/30/12/20190930124000_00160.png,809,938,89.8,29,961
9/30/2019 12:41,datasets/dataset_cropped/09_Metas/30/12/20190930124100_00160.jpg,datasets_flow/dataset_cropped/09_Metas/30/12/20190930124100_00160.jpg,datasets_cloudmask/dataset_cropped/09_Metas/30/12/20190930124100_00160.png,810,941,89.7,29.2,961
9/30/2019 12:42,datasets/dataset_cropped/09_Metas/30/12/20190930124200_00160.jpg,datasets_flow/dataset_cropped/09_Metas/30/12/20190930124200_00160.jpg,datasets_cloudmask/dataset_cropped/09_Metas/30/12/20190930124200_00160.png,811,942,89.4,29.2,961
9/30/2019 12:43,datasets/dataset_cropped/09_Metas/30/12/20190930124300_00160.jpg,datasets_flow/dataset_cropped/09_Metas/30/12/20190930124300_00160.jpg,datasets_cloudmask/dataset_cropped/09_Metas/30/12/20190930124300_00160.png,812,943,89.5,29.1,961
9/30/2019 12:44,datasets/dataset_cropped/09_Metas/30/12/20190930124400_00160.jpg,datasets_flow/dataset_cropped/09_Metas/30/12/20190930124400_00160.jpg,datasets_cloudmask/dataset_cropped/09_Metas/30/12/20190930124400_00160.png,812,942,89.1,29,961
9/30/2019 12:45,datasets/dataset_cropped/09_Metas/30/12/20190930124500_00160.jpg,datasets_flow/dataset_cropped/09_Metas/30/12/20190930124500_00160.jpg,datasets_cloudmask/dataset_cropped/09_Metas/30/12/20190930124500_00160.png,812,942,89,28.9,961
9/30/2019 12:46,datasets/dataset_cropped/09_Metas/30/12/20190930124600_00160.jpg,datasets_flow/dataset_cropped/09_Metas/30/12/20190930124600_00160.jpg,datasets_cloudmask/dataset_cropped/09_Metas/30/12/20190930124600_00160.png,813,944,89,28.9,961
9/30/2019 12:47,datasets/dataset_cropped/09_Metas/30/12/20190930124700_00160.jpg,datasets_flow/dataset_cropped/09_Metas/30/12/20190930124700_00160.jpg,datasets_cloudmask/dataset_cropped/09_Metas/30/12/20190930124700_00160.png,811,942,88.9,28.9,961
9/30/2019 12:48,datasets/dataset_cropped/09_Metas/30/12/20190930124800_00160.jpg,datasets_flow/dataset_cropped/09_Metas/30/12/20190930124800_00160.jpg,datasets_cloudmask/dataset_cropped/09_Metas/30/12/20190930124800_00160.png,811,941,89.1,29,961
9/30/2019 12:49,datasets/dataset_cropped/09_Metas/30/12/20190930124900_00160.jpg,datasets_flow/dataset_cropped/09_Metas/30/12/20190930124900_00160.jpg,datasets_cloudmask/dataset_cropped/09_Metas/30/12/20190930124900_00160.png,812,942,89.2,29,961
9/30/2019 12:50,datasets/dataset_cropped/09_Metas/30/12/20190930125000_00160.jpg,datasets_flow/dataset_cropped/09_Metas/30/12/20190930125000_00160.jpg,datasets_cloudmask/dataset_cropped/09_Metas/30/12/20190930125000_00160.png,812,942,89.7,28.9,961
9/30/2019 12:51,datasets/dataset_cropped/09_Metas/30/12/20190930125100_00160.jpg,datasets_flow/dataset_cropped/09_Metas/30/12/20190930125100_00160.jpg,datasets_cloudmask/dataset_cropped/09_Metas/30/12/20190930125100_00160.png,813,943,89.7,29.2,961
9/30/2019 12:52,datasets/dataset_cropped/09_Metas/30/12/20190930125200_00160.jpg,datasets_flow/dataset_cropped/09_Metas/30/12/20190930125200_00160.jpg,datasets_cloudmask/dataset_cropped/09_Metas/30/12/20190930125200_00160.png,813,943,89.8,29.3,961
9/30/2019 12:53,datasets/dataset_cropped/09_Metas/30/12/20190930125300_00160.jpg,datasets_flow/dataset_cropped/09_Metas/30/12/20190930125300_00160.jpg,datasets_cloudmask/dataset_cropped/09_Metas/30/12/20190930125300_00160.png,814,944,89.5,29.3,961
9/30/2019 12:54,datasets/dataset_cropped/09_Metas/30/12/20190930125400_00160.jpg,datasets_flow/dataset_cropped/09_Metas/30/12/20190930125400_00160.jpg,datasets_cloudmask/dataset_cropped/09_Metas/30/12/20190930125400_00160.png,815,945,89.3,29.4,961
9/30/2019 12:55,datasets/dataset_cropped/09_Metas/30/12/20190930125500_00160.jpg,datasets_flow/dataset_cropped/09_Metas/30/12/20190930125500_00160.jpg,datasets_cloudmask/dataset_cropped/09_Metas/30/12/20190930125500_00160.png,815,945,89.5,29.2,961
9/30/2019 12:56,datasets/dataset_cropped/09_Metas/30/12/20190930125600_00160.jpg,datasets_flow/dataset_cropped/09_Metas/30/12/20190930125600_00160.jpg,datasets_cloudmask/dataset_cropped/09_Metas/30/12/20190930125600_00160.png,816,945,89.7,29.1,961
9/30/2019 12:57,datasets/dataset_cropped/09_Metas/30/12/20190930125700_00160.jpg,datasets_flow/dataset_cropped/09_Metas/30/12/20190930125700_00160.jpg,datasets_cloudmask/dataset_cropped/09_Metas/30/12/20190930125700_00160.png,816,945,89.8,29.1,961
9/30/2019 12:58,datasets/dataset_cropped/09_Metas/30/12/20190930125800_00160.jpg,datasets_flow/dataset_cropped/09_Metas/30/12/20190930125800_00160.jpg,datasets_cloudmask/dataset_cropped/09_Metas/30/12/20190930125800_00160.png,817,946,90.3,29.2,961
9/30/2019 12:59,datasets/dataset_cropped/09_Metas/30/12/20190930125900_00160.jpg,datasets_flow/dataset_cropped/09_Metas/30/12/20190930125900_00160.jpg,datasets_cloudmask/dataset_cropped/09_Metas/30/12/20190930125900_00160.png,816,944,90.6,29.4,961
9/30/2019 13:00,datasets/dataset_cropped/09_Metas/30/13/20190930130000_00160.jpg,datasets_flow/dataset_cropped/09_Metas/30/13/20190930130000_00160.jpg,datasets_cloudmask/dataset_cropped/09_Metas/30/13/20190930130000_00160.png,817,944,91,29.5,961
9/30/2019 13:01,datasets/dataset_cropped/09_Metas/30/13/20190930130100_00160.jpg,datasets_flow/dataset_cropped/09_Metas/30/13/20190930130100_00160.jpg,datasets_cloudmask/dataset_cropped/09_Metas/30/13/20190930130100_00160.png,817,944,91.5,29.4,961
9/30/2019 13:02,datasets/dataset_cropped/09_Metas/30/13/20190930130200_00160.jpg,datasets_flow/dataset_cropped/09_Metas/30/13/20190930130200_00160.jpg,datasets_cloudmask/dataset_cropped/09_Metas/30/13/20190930130200_00160.png,816,941,92.2,29.5,961
9/30/2019 13:03,datasets/dataset_cropped/09_Metas/30/13/20190930130300_00160.jpg,datasets_flow/dataset_cropped/09_Metas/30/13/20190930130300_00160.jpg,datasets_cloudmask/dataset_cropped/09_Metas/30/13/20190930130300_00160.png,815,940,93.1,29.8,961
9/30/2019 13:04,datasets/dataset_cropped/09_Metas/30/13/20190930130400_00160.jpg,datasets_flow/dataset_cropped/09_Metas/30/13/20190930130400_00160.jpg,datasets_cloudmask/dataset_cropped/09_Metas/30/13/20190930130400_00160.png,817,943,93.4,30.1,961
9/30/2019 13:05,datasets/dataset_cropped/09_Metas/30/13/20190930130500_00160.jpg,datasets_flow/dataset_cropped/09_Metas/30/13/20190930130500_00160.jpg,datasets_cloudmask/dataset_cropped/09_Metas/30/13/20190930130500_00160.png,819,944,93.8,30.2,960
9/30/2019 13:06,datasets/dataset_cropped/09_Metas/30/13/20190930130600_00160.jpg,datasets_flow/dataset_cropped/09_Metas/30/13/20190930130600_00160.jpg,datasets_cloudmask/dataset_cropped/09_Metas/30/13/20190930130600_00160.png,821,945,94.8,30,961
9/30/2019 13:07,datasets/dataset_cropped/09_Metas/30/13/20190930130700_00160.jpg,datasets_flow/dataset_cropped/09_Metas/30/13/20190930130700_00160.jpg,datasets_cloudmask/dataset_cropped/09_Metas/30/13/20190930130700_00160.png,823,947,95.5,29.9,960
9/30/2019 13:08,datasets/dataset_cropped/09_Metas/30/13/20190930130800_00160.jpg,datasets_flow/dataset_cropped/09_Metas/30/13/20190930130800_00160.jpg,datasets_cloudmask/dataset_cropped/09_Metas/30/13/20190930130800_00160.png,776.8,883,96.8,29.5,960
9/30/2019 13:09,datasets/dataset_cropped/09_Metas/30/13/20190930130900_00160.jpg,datasets_flow/dataset_cropped/09_Metas/30/13/20190930130900_00160.jpg,datasets_cloudmask/dataset_cropped/09_Metas/30/13/20190930130900_00160.png,769.9,871,98.7,29.4,961
9/30/2019 13:10,datasets/dataset_cropped/09_Metas/30/13/20190930131000_00160.jpg,datasets_flow/dataset_cropped/09_Metas/30/13/20190930131000_00160.jpg,datasets_cloudmask/dataset_cropped/09_Metas/30/13/20190930131000_00160.png,791.2,898,99.6,29.5,960
9/30/2019 13:11,datasets/dataset_cropped/09_Metas/30/13/20190930131100_00160.jpg,datasets_flow/dataset_cropped/09_Metas/30/13/20190930131100_00160.jpg,datasets_cloudmask/dataset_cropped/09_Metas/30/13/20190930131100_00160.png,813,927,99.3,29.4,960
9/30/2019 13:12,datasets/dataset_cropped/09_Metas/30/13/20190930131200_00160.jpg,datasets_flow/dataset_cropped/09_Metas/30/13/20190930131200_00160.jpg,datasets_cloudmask/dataset_cropped/09_Metas/30/13/20190930131200_00160.png,776.1,882,97.6,29.1,960
9/30/2019 13:13,datasets/dataset_cropped/09_Metas/30/13/20190930131300_00160.jpg,datasets_flow/dataset_cropped/09_Metas/30/13/20190930131300_00160.jpg,datasets_cloudmask/dataset_cropped/09_Metas/30/13/20190930131300_00160.png,770.4,875,97.2,28.9,960
9/30/2019 13:14,datasets/dataset_cropped/09_Metas/30/13/20190930131400_00160.jpg,datasets_flow/dataset_cropped/09_Metas/30/13/20190930131400_00160.jpg,datasets_cloudmask/dataset_cropped/09_Metas/30/13/20190930131400_00160.png,809,925,98,29.1,961
9/30/2019 13:15,datasets/dataset_cropped/09_Metas/30/13/20190930131500_00160.jpg,datasets_flow/dataset_cropped/09_Metas/30/13/20190930131500_00160.jpg,datasets_cloudmask/dataset_cropped/09_Metas/30/13/20190930131500_00160.png,797.7,912,97.6,29.2,960
9/30/2019 13:16,datasets/dataset_cropped/09_Metas/30/13/20190930131600_00160.jpg,datasets_flow/dataset_cropped/09_Metas/30/13/20190930131600_00160.jpg,datasets_cloudmask/dataset_cropped/09_Metas/30/13/20190930131600_00160.png,794.1,909,96.8,29.2,960
9/30/2019 13:17,datasets/dataset_cropped/09_Metas/30/13/20190930131700_00160.jpg,datasets_flow/dataset_cropped/09_Metas/30/13/20190930131700_00160.jpg,datasets_cloudmask/dataset_cropped/09_Metas/30/13/20190930131700_00160.png,782.9,895,96.3,29.2,960
9/30/2019 13:18,datasets/dataset_cropped/09_Metas/30/13/20190930131800_00160.jpg,datasets_flow/dataset_cropped/09_Metas/30/13/20190930131800_00160.jpg,datasets_cloudmask/dataset_cropped/09_Metas/30/13/20190930131800_00160.png,811,933,96.5,29.4,960
9/30/2019 13:19,datasets/dataset_cropped/09_Metas/30/13/20190930131900_00160.jpg,datasets_flow/dataset_cropped/09_Metas/30/13/20190930131900_00160.jpg,datasets_cloudmask/dataset_cropped/09_Metas/30/13/20190930131900_00160.png,812,935,96,29.4,960
9/30/2019 13:20,datasets/dataset_cropped/09_Metas/30/13/20190930132000_00160.jpg,datasets_flow/dataset_cropped/09_Metas/30/13/20190930132000_00160.jpg,datasets_cloudmask/dataset_cropped/09_Metas/30/13/20190930132000_00160.png,795.9,914,95.7,29.3,960
9/30/2019 13:21,datasets/dataset_cropped/09_Metas/30/13/20190930132100_00160.jpg,datasets_flow/dataset_cropped/09_Metas/30/13/20190930132100_00160.jpg,datasets_cloudmask/dataset_cropped/09_Metas/30/13/20190930132100_00160.png,767.2,877,94.9,29.1,960
9/30/2019 13:22,datasets/dataset_cropped/09_Metas/30/13/20190930132200_00160.jpg,datasets_flow/dataset_cropped/09_Metas/30/13/20190930132200_00160.jpg,datasets_cloudmask/dataset_cropped/09_Metas/30/13/20190930132200_00160.png,782.6,899,94.8,29.1,960
9/30/2019 13:23,datasets/dataset_cropped/09_Metas/30/13/20190930132300_00160.jpg,datasets_flow/dataset_cropped/09_Metas/30/13/20190930132300_00160.jpg,datasets_cloudmask/dataset_cropped/09_Metas/30/13/20190930132300_00160.png,806,931,94.6,29.4,960
9/30/2019 13:24,datasets/dataset_cropped/09_Metas/30/13/20190930132400_00160.jpg,datasets_flow/dataset_cropped/09_Metas/30/13/20190930132400_00160.jpg,datasets_cloudmask/dataset_cropped/09_Metas/30/13/20190930132400_00160.png,813,943,92.7,29.7,960
9/30/2019 13:25,datasets/dataset_cropped/09_Metas/30/13/20190930132500_00160.jpg,datasets_flow/dataset_cropped/09_Metas/30/13/20190930132500_00160.jpg,datasets_cloudmask/dataset_cropped/09_Metas/30/13/20190930132500_00160.png,815,947,91.2,29.4,960
9/30/2019 13:26,datasets/dataset_cropped/09_Metas/30/13/20190930132600_00160.jpg,datasets_flow/dataset_cropped/09_Metas/30/13/20190930132600_00160.jpg,datasets_cloudmask/dataset_cropped/09_Metas/30/13/20190930132600_00160.png,812,945,90.4,29.3,960
9/30/2019 13:27,datasets/dataset_cropped/09_Metas/30/13/20190930132700_00160.jpg,datasets_flow/dataset_cropped/09_Metas/30/13/20190930132700_00160.jpg,datasets_cloudmask/dataset_cropped/09_Metas/30/13/20190930132700_00160.png,810,944,89.9,29.5,960
9/30/2019 13:28,datasets/dataset_cropped/09_Metas/30/13/20190930132800_00160.jpg,datasets_flow/dataset_cropped/09_Metas/30/13/20190930132800_00160.jpg,datasets_cloudmask/dataset_cropped/09_Metas/30/13/20190930132800_00160.png,809,942,90.3,29.8,960
9/30/2019 13:29,datasets/dataset_cropped/09_Metas/30/13/20190930132900_00160.jpg,datasets_flow/dataset_cropped/09_Metas/30/13/20190930132900_00160.jpg,datasets_cloudmask/dataset_cropped/09_Metas/30/13/20190930132900_00160.png,808,942,90.3,29.7,960
9/30/2019 13:30,datasets/dataset_cropped/09_Metas/30/13/20190930133000_00160.jpg,datasets_flow/dataset_cropped/09_Metas/30/13/20190930133000_00160.jpg,datasets_cloudmask/dataset_cropped/09_Metas/30/13/20190930133000_00160.png,807,942,90.1,29.4,960
9/30/2019 13:31,datasets/dataset_cropped/09_Metas/30/13/20190930133100_00160.jpg,datasets_flow/dataset_cropped/09_Metas/30/13/20190930133100_00160.jpg,datasets_cloudmask/dataset_cropped/09_Metas/30/13/20190930133100_00160.png,807,943,89.9,29.4,960
9/30/2019 13:32,datasets/dataset_cropped/09_Metas/30/13/20190930133200_00160.jpg,datasets_flow/dataset_cropped/09_Metas/30/13/20190930133200_00160.jpg,datasets_cloudmask/dataset_cropped/09_Metas/30/13/20190930133200_00160.png,806,942,89.7,29.6,960
9/30/2019 13:33,datasets/dataset_cropped/09_Metas/30/13/20190930133300_00160.jpg,datasets_flow/dataset_cropped/09_Metas/30/13/20190930133300_00160.jpg,datasets_cloudmask/dataset_cropped/09_Metas/30/13/20190930133300_00160.png,802,936,90,29.4,960
9/30/2019 13:34,datasets/dataset_cropped/09_Metas/30/13/20190930133400_00160.jpg,datasets_flow/dataset_cropped/09_Metas/30/13/20190930133400_00160.jpg,datasets_cloudmask/dataset_cropped/09_Metas/30/13/20190930133400_00160.png,799.5,932,90.8,29.3,960
9/30/2019 13:35,datasets/dataset_cropped/09_Metas/30/13/20190930133500_00160.jpg,datasets_flow/dataset_cropped/09_Metas/30/13/20190930133500_00160.jpg,datasets_cloudmask/dataset_cropped/09_Metas/30/13/20190930133500_00160.png,804,939,91.1,29.3,960
9/30/2019 13:36,datasets/dataset_cropped/09_Metas/30/13/20190930133600_00160.jpg,datasets_flow/dataset_cropped/09_Metas/30/13/20190930133600_00160.jpg,datasets_cloudmask/dataset_cropped/09_Metas/30/13/20190930133600_00160.png,803,938,90.8,29.2,960
9/30/2019 13:37,datasets/dataset_cropped/09_Metas/30/13/20190930133700_00160.jpg,datasets_flow/dataset_cropped/09_Metas/30/13/20190930133700_00160.jpg,datasets_cloudmask/dataset_cropped/09_Metas/30/13/20190930133700_00160.png,803,938,91,29.2,960
9/30/2019 13:38,datasets/dataset_cropped/09_Metas/30/13/20190930133800_00160.jpg,datasets_flow/dataset_cropped/09_Metas/30/13/20190930133800_00160.jpg,datasets_cloudmask/dataset_cropped/09_Metas/30/13/20190930133800_00160.png,795,926,91.7,29.4,960
9/30/2019 13:39,datasets/dataset_cropped/09_Metas/30/13/20190930133900_00160.jpg,datasets_flow/dataset_cropped/09_Metas/30/13/20190930133900_00160.jpg,datasets_cloudmask/dataset_cropped/09_Metas/30/13/20190930133900_00160.png,795.4,926,92.8,29.8,960
9/30/2019 13:40,datasets/dataset_cropped/09_Metas/30/13/20190930134000_00160.jpg,datasets_flow/dataset_cropped/09_Metas/30/13/20190930134000_00160.jpg,datasets_cloudmask/dataset_cropped/09_Metas/30/13/20190930134000_00160.png,798.2,932,92.1,29.6,960
9/30/2019 13:41,datasets/dataset_cropped/09_Metas/30/13/20190930134100_00160.jpg,datasets_flow/dataset_cropped/09_Metas/30/13/20190930134100_00160.jpg,datasets_cloudmask/dataset_cropped/09_Metas/30/13/20190930134100_00160.png,799.3,936,90.7,29.3,960
9/30/2019 13:42,datasets/dataset_cropped/09_Metas/30/13/20190930134200_00160.jpg,datasets_flow/dataset_cropped/09_Metas/30/13/20190930134200_00160.jpg,datasets_cloudmask/dataset_cropped/09_Metas/30/13/20190930134200_00160.png,796.6,934,90.1,29.3,960
9/30/2019 13:43,datasets/dataset_cropped/09_Metas/30/13/20190930134300_00160.jpg,datasets_flow/dataset_cropped/09_Metas/30/13/20190930134300_00160.jpg,datasets_cloudmask/dataset_cropped/09_Metas/30/13/20190930134300_00160.png,798.8,937,90.1,29.4,960
9/30/2019 13:44,datasets/dataset_cropped/09_Metas/30/13/20190930134400_00160.jpg,datasets_flow/dataset_cropped/09_Metas/30/13/20190930134400_00160.jpg,datasets_cloudmask/dataset_cropped/09_Metas/30/13/20190930134400_00160.png,798.4,939,89.7,29.3,960
9/30/2019 13:45,datasets/dataset_cropped/09_Metas/30/13/20190930134500_00160.jpg,datasets_flow/dataset_cropped/09_Metas/30/13/20190930134500_00160.jpg,datasets_cloudmask/dataset_cropped/09_Metas/30/13/20190930134500_00160.png,797.1,937,90.5,29.1,960
9/30/2019 13:46,datasets/dataset_cropped/09_Metas/30/13/20190930134600_00160.jpg,datasets_flow/dataset_cropped/09_Metas/30/13/20190930134600_00160.jpg,datasets_cloudmask/dataset_cropped/09_Metas/30/13/20190930134600_00160.png,798.7,941,89.8,29.3,960
9/30/2019 13:47,datasets/dataset_cropped/09_Metas/30/13/20190930134700_00160.jpg,datasets_flow/dataset_cropped/09_Metas/30/13/20190930134700_00160.jpg,datasets_cloudmask/dataset_cropped/09_Metas/30/13/20190930134700_00160.png,795.7,938,90.1,29.4,960
9/30/2019 13:48,datasets/dataset_cropped/09_Metas/30/13/20190930134800_00160.jpg,datasets_flow/dataset_cropped/09_Metas/30/13/20190930134800_00160.jpg,datasets_cloudmask/dataset_cropped/09_Metas/30/13/20190930134800_00160.png,794.4,938,90,29.5,960
9/30/2019 13:49,datasets/dataset_cropped/09_Metas/30/13/20190930134900_00160.jpg,datasets_flow/dataset_cropped/09_Metas/30/13/20190930134900_00160.jpg,datasets_cloudmask/dataset_cropped/09_Metas/30/13/20190930134900_00160.png,793.1,937,89.9,29.4,960
9/30/2019 13:50,datasets/dataset_cropped/09_Metas/30/13/20190930135000_00160.jpg,datasets_flow/dataset_cropped/09_Metas/30/13/20190930135000_00160.jpg,datasets_cloudmask/dataset_cropped/09_Metas/30/13/20190930135000_00160.png,792,937,89.9,29.4,960
9/30/2019 13:51,datasets/dataset_cropped/09_Metas/30/13/20190930135100_00160.jpg,datasets_flow/dataset_cropped/09_Metas/30/13/20190930135100_00160.jpg,datasets_cloudmask/dataset_cropped/09_Metas/30/13/20190930135100_00160.png,790,934,89.8,29.3,960
9/30/2019 13:52,datasets/dataset_cropped/09_Metas/30/13/20190930135200_00160.jpg,datasets_flow/dataset_cropped/09_Metas/30/13/20190930135200_00160.jpg,datasets_cloudmask/dataset_cropped/09_Metas/30/13/20190930135200_00160.png,791,938,89.5,29.1,960
9/30/2019 13:53,datasets/dataset_cropped/09_Metas/30/13/20190930135300_00160.jpg,datasets_flow/dataset_cropped/09_Metas/30/13/20190930135300_00160.jpg,datasets_cloudmask/dataset_cropped/09_Metas/30/13/20190930135300_00160.png,792.4,943,88.1,29.2,960
9/30/2019 13:54,datasets/dataset_cropped/09_Metas/30/13/20190930135400_00160.jpg,datasets_flow/dataset_cropped/09_Metas/30/13/20190930135400_00160.jpg,datasets_cloudmask/dataset_cropped/09_Metas/30/13/20190930135400_00160.png,792,944,87.6,29.3,960
9/30/2019 13:55,datasets/dataset_cropped/09_Metas/30/13/20190930135500_00160.jpg,datasets_flow/dataset_cropped/09_Metas/30/13/20190930135500_00160.jpg,datasets_cloudmask/dataset_cropped/09_Metas/30/13/20190930135500_00160.png,789.6,941,87.9,29.5,960
9/30/2019 13:56,datasets/dataset_cropped/09_Metas/30/13/20190930135600_00160.jpg,datasets_flow/dataset_cropped/09_Metas/30/13/20190930135600_00160.jpg,datasets_cloudmask/dataset_cropped/09_Metas/30/13/20190930135600_00160.png,790.2,943,88.2,29.8,960
9/30/2019 13:57,datasets/dataset_cropped/09_Metas/30/13/20190930135700_00160.jpg,datasets_flow/dataset_cropped/09_Metas/30/13/20190930135700_00160.jpg,datasets_cloudmask/dataset_cropped/09_Metas/30/13/20190930135700_00160.png,787.1,939,88.4,29.9,960
9/30/2019 13:58,datasets/dataset_cropped/09_Metas/30/13/20190930135800_00160.jpg,datasets_flow/dataset_cropped/09_Metas/30/13/20190930135800_00160.jpg,datasets_cloudmask/dataset_cropped/09_Metas/30/13/20190930135800_00160.png,784.2,935,89.2,29.8,960
9/30/2019 13:59,datasets/dataset_cropped/09_Metas/30/13/20190930135900_00160.jpg,datasets_flow/dataset_cropped/09_Metas/30/13/20190930135900_00160.jpg,datasets_cloudmask/dataset_cropped/09_Metas/30/13/20190930135900_00160.png,786.4,940,88.5,29.9,960
9/30/2019 14:00,datasets/dataset_cropped/09_Metas/30/14/20190930140000_00160.jpg,datasets_flow/dataset_cropped/09_Metas/30/14/20190930140000_00160.jpg,datasets_cloudmask/dataset_cropped/09_Metas/30/14/20190930140000_00160.png,784.6,940,87.3,29.6,960
9/30/2019 14:01,datasets/dataset_cropped/09_Metas/30/14/20190930140100_00160.jpg,datasets_flow/dataset_cropped/09_Metas/30/14/20190930140100_00160.jpg,datasets_cloudmask/dataset_cropped/09_Metas/30/14/20190930140100_00160.png,782.6,938,87.4,29.6,960
9/30/2019 14:02,datasets/dataset_cropped/09_Metas/30/14/20190930140200_00160.jpg,datasets_flow/dataset_cropped/09_Metas/30/14/20190930140200_00160.jpg,datasets_cloudmask/dataset_cropped/09_Metas/30/14/20190930140200_00160.png,781.8,938,87.8,29.7,960
9/30/2019 14:03,datasets/dataset_cropped/09_Metas/30/14/20190930140300_00160.jpg,datasets_flow/dataset_cropped/09_Metas/30/14/20190930140300_00160.jpg,datasets_cloudmask/dataset_cropped/09_Metas/30/14/20190930140300_00160.png,774.3,928,87.8,29.8,960
9/30/2019 14:04,datasets/dataset_cropped/09_Metas/30/14/20190930140400_00160.jpg,datasets_flow/dataset_cropped/09_Metas/30/14/20190930140400_00160.jpg,datasets_cloudmask/dataset_cropped/09_Metas/30/14/20190930140400_00160.png,764.4,916,87.9,30,960
9/30/2019 14:05,datasets/dataset_cropped/09_Metas/30/14/20190930140500_00160.jpg,datasets_flow/dataset_cropped/09_Metas/30/14/20190930140500_00160.jpg,datasets_cloudmask/dataset_cropped/09_Metas/30/14/20190930140500_00160.png,762.9,915,87.9,30.1,960
9/30/2019 14:06,datasets/dataset_cropped/09_Metas/30/14/20190930140600_00160.jpg,datasets_flow/dataset_cropped/09_Metas/30/14/20190930140600_00160.jpg,datasets_cloudmask/dataset_cropped/09_Metas/30/14/20190930140600_00160.png,778.1,938,87.7,29.9,960
9/30/2019 14:07,datasets/dataset_cropped/09_Metas/30/14/20190930140700_00160.jpg,datasets_flow/dataset_cropped/09_Metas/30/14/20190930140700_00160.jpg,datasets_cloudmask/dataset_cropped/09_Metas/30/14/20190930140700_00160.png,776.8,938,87.5,29.9,960
9/30/2019 14:08,datasets/dataset_cropped/09_Metas/30/14/20190930140800_00160.jpg,datasets_flow/dataset_cropped/09_Metas/30/14/20190930140800_00160.jpg,datasets_cloudmask/dataset_cropped/09_Metas/30/14/20190930140800_00160.png,773.4,934,88.1,29.9,960
9/30/2019 14:09,datasets/dataset_cropped/09_Metas/30/14/20190930140900_00160.jpg,datasets_flow/dataset_cropped/09_Metas/30/14/20190930140900_00160.jpg,datasets_cloudmask/dataset_cropped/09_Metas/30/14/20190930140900_00160.png,770.6,930,88.6,29.9,960
9/30/2019 14:10,datasets/dataset_cropped/09_Metas/30/14/20190930141000_00160.jpg,datasets_flow/dataset_cropped/09_Metas/30/14/20190930141000_00160.jpg,datasets_cloudmask/dataset_cropped/09_Metas/30/14/20190930141000_00160.png,771.7,934,88.3,29.9,960
9/30/2019 14:11,datasets/dataset_cropped/09_Metas/30/14/20190930141100_00160.jpg,datasets_flow/dataset_cropped/09_Metas/30/14/20190930141100_00160.jpg,datasets_cloudmask/dataset_cropped/09_Metas/30/14/20190930141100_00160.png,769.2,932,87.8,29.7,960
9/30/2019 14:12,datasets/dataset_cropped/09_Metas/30/14/20190930141200_00160.jpg,datasets_flow/dataset_cropped/09_Metas/30/14/20190930141200_00160.jpg,datasets_cloudmask/dataset_cropped/09_Metas/30/14/20190930141200_00160.png,766,929,88.2,29.6,960
9/30/2019 14:13,datasets/dataset_cropped/09_Metas/30/14/20190930141300_00160.jpg,datasets_flow/dataset_cropped/09_Metas/30/14/20190930141300_00160.jpg,datasets_cloudmask/dataset_cropped/09_Metas/30/14/20190930141300_00160.png,760.9,922,88.5,29.9,960
9/30/2019 14:14,datasets/dataset_cropped/09_Metas/30/14/20190930141400_00160.jpg,datasets_flow/dataset_cropped/09_Metas/30/14/20190930141400_00160.jpg,datasets_cloudmask/dataset_cropped/09_Metas/30/14/20190930141400_00160.png,763.3,927,88.6,29.9,960
9/30/2019 14:15,datasets/dataset_cropped/09_Metas/30/14/20190930141500_00160.jpg,datasets_flow/dataset_cropped/09_Metas/30/14/20190930141500_00160.jpg,datasets_cloudmask/dataset_cropped/09_Metas/30/14/20190930141500_00160.png,765.7,932,88.4,29.7,960
9/30/2019 14:16,datasets/dataset_cropped/09_Metas/30/14/20190930141600_00160.jpg,datasets_flow/dataset_cropped/09_Metas/30/14/20190930141600_00160.jpg,datasets_cloudmask/dataset_cropped/09_Metas/30/14/20190930141600_00160.png,761.7,929,88.5,29.8,960
9/30/2019 14:17,datasets/dataset_cropped/09_Metas/30/14/20190930141700_00160.jpg,datasets_flow/dataset_cropped/09_Metas/30/14/20190930141700_00160.jpg,datasets_cloudmask/dataset_cropped/09_Metas/30/14/20190930141700_00160.png,762.7,932,88.1,30,960
9/30/2019 14:18,datasets/dataset_cropped/09_Metas/30/14/20190930141800_00160.jpg,datasets_flow/dataset_cropped/09_Metas/30/14/20190930141800_00160.jpg,datasets_cloudmask/dataset_cropped/09_Metas/30/14/20190930141800_00160.png,764.9,938,87,30.1,960
9/30/2019 14:19,datasets/dataset_cropped/09_Metas/30/14/20190930141900_00160.jpg,datasets_flow/dataset_cropped/09_Metas/30/14/20190930141900_00160.jpg,datasets_cloudmask/dataset_cropped/09_Metas/30/14/20190930141900_00160.png,762.2,935,86.7,29.9,960
9/30/2019 14:20,datasets/dataset_cropped/09_Metas/30/14/20190930142000_00160.jpg,datasets_flow/dataset_cropped/09_Metas/30/14/20190930142000_00160.jpg,datasets_cloudmask/dataset_cropped/09_Metas/30/14/20190930142000_00160.png,761.6,936,87,30.1,960
9/30/2019 14:21,datasets/dataset_cropped/09_Metas/30/14/20190930142100_00160.jpg,datasets_flow/dataset_cropped/09_Metas/30/14/20190930142100_00160.jpg,datasets_cloudmask/dataset_cropped/09_Metas/30/14/20190930142100_00160.png,758.6,933,87.3,30.2,960
9/30/2019 14:22,datasets/dataset_cropped/09_Metas/30/14/20190930142200_00160.jpg,datasets_flow/dataset_cropped/09_Metas/30/14/20190930142200_00160.jpg,datasets_cloudmask/dataset_cropped/09_Metas/30/14/20190930142200_00160.png,756,930,87.9,30.1,960
9/30/2019 14:23,datasets/dataset_cropped/09_Metas/30/14/20190930142300_00160.jpg,datasets_flow/dataset_cropped/09_Metas/30/14/20190930142300_00160.jpg,datasets_cloudmask/dataset_cropped/09_Metas/30/14/20190930142300_00160.png,755,930,88.3,29.8,960
9/30/2019 14:24,datasets/dataset_cropped/09_Metas/30/14/20190930142400_00160.jpg,datasets_flow/dataset_cropped/09_Metas/30/14/20190930142400_00160.jpg,datasets_cloudmask/dataset_cropped/09_Metas/30/14/20190930142400_00160.png,753.9,930,88.8,29.9,960
9/30/2019 14:25,datasets/dataset_cropped/09_Metas/30/14/20190930142500_00160.jpg,datasets_flow/dataset_cropped/09_Metas/30/14/20190930142500_00160.jpg,datasets_cloudmask/dataset_cropped/09_Metas/30/14/20190930142500_00160.png,752.4,930,88.5,30.4,960
9/30/2019 14:26,datasets/dataset_cropped/09_Metas/30/14/20190930142600_00160.jpg,datasets_flow/dataset_cropped/09_Metas/30/14/20190930142600_00160.jpg,datasets_cloudmask/dataset_cropped/09_Metas/30/14/20190930142600_00160.png,753.8,934,88.3,30.4,960
9/30/2019 14:27,datasets/dataset_cropped/09_Metas/30/14/20190930142700_00160.jpg,datasets_flow/dataset_cropped/09_Metas/30/14/20190930142700_00160.jpg,datasets_cloudmask/dataset_cropped/09_Metas/30/14/20190930142700_00160.png,755.3,938,87.6,30.2,960
9/30/2019 14:28,datasets/dataset_cropped/09_Metas/30/14/20190930142800_00160.jpg,datasets_flow/dataset_cropped/09_Metas/30/14/20190930142800_00160.jpg,datasets_cloudmask/dataset_cropped/09_Metas/30/14/20190930142800_00160.png,753.7,937,87.9,30.4,960
9/30/2019 14:29,datasets/dataset_cropped/09_Metas/30/14/20190930142900_00160.jpg,datasets_flow/dataset_cropped/09_Metas/30/14/20190930142900_00160.jpg,datasets_cloudmask/dataset_cropped/09_Metas/30/14/20190930142900_00160.png,751.4,935,88.2,30.3,960
9/30/2019 14:30,datasets/dataset_cropped/09_Metas/30/14/20190930143000_00160.jpg,datasets_flow/dataset_cropped/09_Metas/30/14/20190930143000_00160.jpg,datasets_cloudmask/dataset_cropped/09_Metas/30/14/20190930143000_00160.png,748.9,932,88.9,30.2,960
9/30/2019 14:31,datasets/dataset_cropped/09_Metas/30/14/20190930143100_00160.jpg,datasets_flow/dataset_cropped/09_Metas/30/14/20190930143100_00160.jpg,datasets_cloudmask/dataset_cropped/09_Metas/30/14/20190930143100_00160.png,746.4,928,90.1,30.1,960
9/30/2019 14:32,datasets/dataset_cropped/09_Metas/30/14/20190930143200_00160.jpg,datasets_flow/dataset_cropped/09_Metas/30/14/20190930143200_00160.jpg,datasets_cloudmask/dataset_cropped/09_Metas/30/14/20190930143200_00160.png,740.3,919,91.7,30.1,960
9/30/2019 14:33,datasets/dataset_cropped/09_Metas/30/14/20190930143300_00160.jpg,datasets_flow/dataset_cropped/09_Metas/30/14/20190930143300_00160.jpg,datasets_cloudmask/dataset_cropped/09_Metas/30/14/20190930143300_00160.png,738,916,93,30.3,959
9/30/2019 14:34,datasets/dataset_cropped/09_Metas/30/14/20190930143400_00160.jpg,datasets_flow/dataset_cropped/09_Metas/30/14/20190930143400_00160.jpg,datasets_cloudmask/dataset_cropped/09_Metas/30/14/20190930143400_00160.png,696.7,858,93.4,30.5,960
9/30/2019 14:35,datasets/dataset_cropped/09_Metas/30/14/20190930143500_00160.jpg,datasets_flow/dataset_cropped/09_Metas/30/14/20190930143500_00160.jpg,datasets_cloudmask/dataset_cropped/09_Metas/30/14/20190930143500_00160.png,740.4,919,95.6,30.7,959
9/30/2019 14:36,datasets/dataset_cropped/09_Metas/30/14/20190930143600_00160.jpg,datasets_flow/dataset_cropped/09_Metas/30/14/20190930143600_00160.jpg,datasets_cloudmask/dataset_cropped/09_Metas/30/14/20190930143600_00160.png,748.5,931,96.9,30.6,960
9/30/2019 14:37,datasets/dataset_cropped/09_Metas/30/14/20190930143700_00160.jpg,datasets_flow/dataset_cropped/09_Metas/30/14/20190930143700_00160.jpg,datasets_cloudmask/dataset_cropped/09_Metas/30/14/20190930143700_00160.png,710.4,876,98,30.5,960
9/30/2019 14:38,datasets/dataset_cropped/09_Metas/30/14/20190930143800_00160.jpg,datasets_flow/dataset_cropped/09_Metas/30/14/20190930143800_00160.jpg,datasets_cloudmask/dataset_cropped/09_Metas/30/14/20190930143800_00160.png,680.4,831,100.5,30.6,960
9/30/2019 14:39,datasets/dataset_cropped/09_Metas/30/14/20190930143900_00160.jpg,datasets_flow/dataset_cropped/09_Metas/30/14/20190930143900_00160.jpg,datasets_cloudmask/dataset_cropped/09_Metas/30/14/20190930143900_00160.png,721.1,887,103.5,30.5,959
9/30/2019 14:40,datasets/dataset_cropped/09_Metas/30/14/20190930144000_00160.jpg,datasets_flow/dataset_cropped/09_Metas/30/14/20190930144000_00160.jpg,datasets_cloudmask/dataset_cropped/09_Metas/30/14/20190930144000_00160.png,743.8,919,105.5,30.3,960
9/30/2019 14:41,datasets/dataset_cropped/09_Metas/30/14/20190930144100_00160.jpg,datasets_flow/dataset_cropped/09_Metas/30/14/20190930144100_00160.jpg,datasets_cloudmask/dataset_cropped/09_Metas/30/14/20190930144100_00160.png,737.2,911,106.1,30.5,959
9/30/2019 14:42,datasets/dataset_cropped/09_Metas/30/14/20190930144200_00160.jpg,datasets_flow/dataset_cropped/09_Metas/30/14/20190930144200_00160.jpg,datasets_cloudmask/dataset_cropped/09_Metas/30/14/20190930144200_00160.png,744.8,922,107.5,30.9,959
9/30/2019 14:43,datasets/dataset_cropped/09_Metas/30/14/20190930144300_00160.jpg,datasets_flow/dataset_cropped/09_Metas/30/14/20190930144300_00160.jpg,datasets_cloudmask/dataset_cropped/09_Metas/30/14/20190930144300_00160.png,744.2,922,108.6,30.7,959
9/30/2019 14:44,datasets/dataset_cropped/09_Metas/30/14/20190930144400_00160.jpg,datasets_flow/dataset_cropped/09_Metas/30/14/20190930144400_00160.jpg,datasets_cloudmask/dataset_cropped/09_Metas/30/14/20190930144400_00160.png,728,900,109,30.6,959
9/30/2019 14:45,datasets/dataset_cropped/09_Metas/30/14/20190930144500_00160.jpg,datasets_flow/dataset_cropped/09_Metas/30/14/20190930144500_00160.jpg,datasets_cloudmask/dataset_cropped/09_Metas/30/14/20190930144500_00160.png,725.4,897,109,30.8,959
9/30/2019 14:46,datasets/dataset_cropped/09_Metas/30/14/20190930144600_00160.jpg,datasets_flow/dataset_cropped/09_Metas/30/14/20190930144600_00160.jpg,datasets_cloudmask/dataset_cropped/09_Metas/30/14/20190930144600_00160.png,735.5,914,108.9,30.9,959
9/30/2019 14:47,datasets/dataset_cropped/09_Metas/30/14/20190930144700_00160.jpg,datasets_flow/dataset_cropped/09_Metas/30/14/20190930144700_00160.jpg,datasets_cloudmask/dataset_cropped/09_Metas/30/14/20190930144700_00160.png,737.9,920,108.7,30.7,959
9/30/2019 14:48,datasets/dataset_cropped/09_Metas/30/14/20190930144800_00160.jpg,datasets_flow/dataset_cropped/09_Metas/30/14/20190930144800_00160.jpg,datasets_cloudmask/dataset_cropped/09_Metas/30/14/20190930144800_00160.png,736.2,920,109.1,30.5,959
9/30/2019 14:49,datasets/dataset_cropped/09_Metas/30/14/20190930144900_00160.jpg,datasets_flow/dataset_cropped/09_Metas/30/14/20190930144900_00160.jpg,datasets_cloudmask/dataset_cropped/09_Metas/30/14/20190930144900_00160.png,712.3,888,108.4,30.6,959
9/30/2019 14:50,datasets/dataset_cropped/09_Metas/30/14/20190930145000_00160.jpg,datasets_flow/dataset_cropped/09_Metas/30/14/20190930145000_00160.jpg,datasets_cloudmask/dataset_cropped/09_Metas/30/14/20190930145000_00160.png,730.1,915,108.9,30.7,959
9/30/2019 14:51,datasets/dataset_cropped/09_Metas/30/14/20190930145100_00160.jpg,datasets_flow/dataset_cropped/09_Metas/30/14/20190930145100_00160.jpg,datasets_cloudmask/dataset_cropped/09_Metas/30/14/20190930145100_00160.png,701.3,875,108.3,30.7,959
9/30/2019 14:52,datasets/dataset_cropped/09_Metas/30/14/20190930145200_00160.jpg,datasets_flow/dataset_cropped/09_Metas/30/14/20190930145200_00160.jpg,datasets_cloudmask/dataset_cropped/09_Metas/30/14/20190930145200_00160.png,721,906,108.6,30.5,959
9/30/2019 14:53,datasets/dataset_cropped/09_Metas/30/14/20190930145300_00160.jpg,datasets_flow/dataset_cropped/09_Metas/30/14/20190930145300_00160.jpg,datasets_cloudmask/dataset_cropped/09_Metas/30/14/20190930145300_00160.png,718,904,108.1,30.4,959
9/30/2019 14:54,datasets/dataset_cropped/09_Metas/30/14/20190930145400_00160.jpg,datasets_flow/dataset_cropped/09_Metas/30/14/20190930145400_00160.jpg,datasets_cloudmask/dataset_cropped/09_Metas/30/14/20190930145400_00160.png,715.3,903,107.7,30.4,959
9/30/2019 14:55,datasets/dataset_cropped/09_Metas/30/14/20190930145500_00160.jpg,datasets_flow/dataset_cropped/09_Metas/30/14/20190930145500_00160.jpg,datasets_cloudmask/dataset_cropped/09_Metas/30/14/20190930145500_00160.png,710.1,898,107.6,30.6,959
9/30/2019 14:56,datasets/dataset_cropped/09_Metas/30/14/20190930145600_00160.jpg,datasets_flow/dataset_cropped/09_Metas/30/14/20190930145600_00160.jpg,datasets_cloudmask/dataset_cropped/09_Metas/30/14/20190930145600_00160.png,699.4,886,106.5,30.4,959
9/30/2019 14:57,datasets/dataset_cropped/09_Metas/30/14/20190930145700_00160.jpg,datasets_flow/dataset_cropped/09_Metas/30/14/20190930145700_00160.jpg,datasets_cloudmask/dataset_cropped/09_Metas/30/14/20190930145700_00160.png,650.9,817,104.5,30.4,959
9/30/2019 14:58,datasets/dataset_cropped/09_Metas/30/14/20190930145800_00160.jpg,datasets_flow/dataset_cropped/09_Metas/30/14/20190930145800_00160.jpg,datasets_cloudmask/dataset_cropped/09_Metas/30/14/20190930145800_00160.png,671.4,851,103.9,30.4,959
9/30/2019 14:59,datasets/dataset_cropped/09_Metas/30/14/20190930145900_00160.jpg,datasets_flow/dataset_cropped/09_Metas/30/14/20190930145900_00160.jpg,datasets_cloudmask/dataset_cropped/09_Metas/30/14/20190930145900_00160.png,693.9,886,103.8,30.4,959
9/30/2019 15:00,datasets/dataset_cropped/09_Metas/30/15/20190930150000_00160.jpg,datasets_flow/dataset_cropped/09_Metas/30/15/20190930150000_00160.jpg,datasets_cloudmask/dataset_cropped/09_Metas/30/15/20190930150000_00160.png,699.5,897,103.5,30.5,959
9/30/2019 15:01,datasets/dataset_cropped/09_Metas/30/15/20190930150100_00160.jpg,datasets_flow/dataset_cropped/09_Metas/30/15/20190930150100_00160.jpg,datasets_cloudmask/dataset_cropped/09_Metas/30/15/20190930150100_00160.png,686.1,880,103.2,30.5,959
9/30/2019 15:02,datasets/dataset_cropped/09_Metas/30/15/20190930150200_00160.jpg,datasets_flow/dataset_cropped/09_Metas/30/15/20190930150200_00160.jpg,datasets_cloudmask/dataset_cropped/09_Metas/30/15/20190930150200_00160.png,677.7,870,102.3,30.6,959
9/30/2019 15:03,datasets/dataset_cropped/09_Metas/30/15/20190930150300_00160.jpg,datasets_flow/dataset_cropped/09_Metas/30/15/20190930150300_00160.jpg,datasets_cloudmask/dataset_cropped/09_Metas/30/15/20190930150300_00160.png,658.8,845,101.8,30.5,959
9/30/2019 15:04,datasets/dataset_cropped/09_Metas/30/15/20190930150400_00160.jpg,datasets_flow/dataset_cropped/09_Metas/30/15/20190930150400_00160.jpg,datasets_cloudmask/dataset_cropped/09_Metas/30/15/20190930150400_00160.png,651.8,836,101.6,30.6,959
9/30/2019 15:05,datasets/dataset_cropped/09_Metas/30/15/20190930150500_00160.jpg,datasets_flow/dataset_cropped/09_Metas/30/15/20190930150500_00160.jpg,datasets_cloudmask/dataset_cropped/09_Metas/30/15/20190930150500_00160.png,644.9,830,100.9,30.4,959
9/30/2019 15:06,datasets/dataset_cropped/09_Metas/30/15/20190930150600_00160.jpg,datasets_flow/dataset_cropped/09_Metas/30/15/20190930150600_00160.jpg,datasets_cloudmask/dataset_cropped/09_Metas/30/15/20190930150600_00160.png,657.4,852,101.2,30.6,959
9/30/2019 15:07,datasets/dataset_cropped/09_Metas/30/15/20190930150700_00160.jpg,datasets_flow/dataset_cropped/09_Metas/30/15/20190930150700_00160.jpg,datasets_cloudmask/dataset_cropped/09_Metas/30/15/20190930150700_00160.png,666.7,869,101.3,30.6,959
9/30/2019 15:08,datasets/dataset_cropped/09_Metas/30/15/20190930150800_00160.jpg,datasets_flow/dataset_cropped/09_Metas/30/15/20190930150800_00160.jpg,datasets_cloudmask/dataset_cropped/09_Metas/30/15/20190930150800_00160.png,664,868,100.9,30.8,959
9/30/2019 15:09,datasets/dataset_cropped/09_Metas/30/15/20190930150900_00160.jpg,datasets_flow/dataset_cropped/09_Metas/30/15/20190930150900_00160.jpg,datasets_cloudmask/dataset_cropped/09_Metas/30/15/20190930150900_00160.png,663.2,869,100.8,31,959
9/30/2019 15:10,datasets/dataset_cropped/09_Metas/30/15/20190930151000_00160.jpg,datasets_flow/dataset_cropped/09_Metas/30/15/20190930151000_00160.jpg,datasets_cloudmask/dataset_cropped/09_Metas/30/15/20190930151000_00160.png,661.9,869,100.7,31,959
9/30/2019 15:11,datasets/dataset_cropped/09_Metas/30/15/20190930151100_00160.jpg,datasets_flow/dataset_cropped/09_Metas/30/15/20190930151100_00160.jpg,datasets_cloudmask/dataset_cropped/09_Metas/30/15/20190930151100_00160.png,650.1,853,100.8,30.7,959
9/30/2019 15:12,datasets/dataset_cropped/09_Metas/30/15/20190930151200_00160.jpg,datasets_flow/dataset_cropped/09_Metas/30/15/20190930151200_00160.jpg,datasets_cloudmask/dataset_cropped/09_Metas/30/15/20190930151200_00160.png,648.2,851,101.4,30.6,959
9/30/2019 15:13,datasets/dataset_cropped/09_Metas/30/15/20190930151300_00160.jpg,datasets_flow/dataset_cropped/09_Metas/30/15/20190930151300_00160.jpg,datasets_cloudmask/dataset_cropped/09_Metas/30/15/20190930151300_00160.png,630.7,825,102.1,30.7,959
9/30/2019 15:14,datasets/dataset_cropped/09_Metas/30/15/20190930151400_00160.jpg,datasets_flow/dataset_cropped/09_Metas/30/15/20190930151400_00160.jpg,datasets_cloudmask/dataset_cropped/09_Metas/30/15/20190930151400_00160.png,610.2,794.9,102.7,30.6,959
9/30/2019 15:15,datasets/dataset_cropped/09_Metas/30/15/20190930151500_00160.jpg,datasets_flow/dataset_cropped/09_Metas/30/15/20190930151500_00160.jpg,datasets_cloudmask/dataset_cropped/09_Metas/30/15/20190930151500_00160.png,607.6,791.2,103.8,30.4,959
9/30/2019 15:16,datasets/dataset_cropped/09_Metas/30/15/20190930151600_00160.jpg,datasets_flow/dataset_cropped/09_Metas/30/15/20190930151600_00160.jpg,datasets_cloudmask/dataset_cropped/09_Metas/30/15/20190930151600_00160.png,607.4,791.4,105,30.3,959
9/30/2019 15:17,datasets/dataset_cropped/09_Metas/30/15/20190930151700_00160.jpg,datasets_flow/dataset_cropped/09_Metas/30/15/20190930151700_00160.jpg,datasets_cloudmask/dataset_cropped/09_Metas/30/15/20190930151700_00160.png,620.9,812,107,30.4,959
9/30/2019 15:18,datasets/dataset_cropped/09_Metas/30/15/20190930151800_00160.jpg,datasets_flow/dataset_cropped/09_Metas/30/15/20190930151800_00160.jpg,datasets_cloudmask/dataset_cropped/09_Metas/30/15/20190930151800_00160.png,622.8,815,108.2,30.6,959
9/30/2019 15:19,datasets/dataset_cropped/09_Metas/30/15/20190930151900_00160.jpg,datasets_flow/dataset_cropped/09_Metas/30/15/20190930151900_00160.jpg,datasets_cloudmask/dataset_cropped/09_Metas/30/15/20190930151900_00160.png,619.8,812,109,30.6,959
9/30/2019 15:20,datasets/dataset_cropped/09_Metas/30/15/20190930152000_00160.jpg,datasets_flow/dataset_cropped/09_Metas/30/15/20190930152000_00160.jpg,datasets_cloudmask/dataset_cropped/09_Metas/30/15/20190930152000_00160.png,617.9,810,109.5,30.6,959
9/30/2019 15:21,datasets/dataset_cropped/09_Metas/30/15/20190930152100_00160.jpg,datasets_flow/dataset_cropped/09_Metas/30/15/20190930152100_00160.jpg,datasets_cloudmask/dataset_cropped/09_Metas/30/15/20190930152100_00160.png,618.1,810,110.9,30.6,959
9/30/2019 15:22,datasets/dataset_cropped/09_Metas/30/15/20190930152200_00160.jpg,datasets_flow/dataset_cropped/09_Metas/30/15/20190930152200_00160.jpg,datasets_cloudmask/dataset_cropped/09_Metas/30/15/20190930152200_00160.png,621.1,814,112.7,30.3,959
9/30/2019 15:23,datasets/dataset_cropped/09_Metas/30/15/20190930152300_00160.jpg,datasets_flow/dataset_cropped/09_Metas/30/15/20190930152300_00160.jpg,datasets_cloudmask/dataset_cropped/09_Metas/30/15/20190930152300_00160.png,614.8,803,115.4,30.1,959
9/30/2019 15:24,datasets/dataset_cropped/09_Metas/30/15/20190930152400_00160.jpg,datasets_flow/dataset_cropped/09_Metas/30/15/20190930152400_00160.jpg,datasets_cloudmask/dataset_cropped/09_Metas/30/15/20190930152400_00160.png,591.7,763.9,117.8,30.3,959
9/30/2019 15:25,datasets/dataset_cropped/09_Metas/30/15/20190930152500_00160.jpg,datasets_flow/dataset_cropped/09_Metas/30/15/20190930152500_00160.jpg,datasets_cloudmask/dataset_cropped/09_Metas/30/15/20190930152500_00160.png,531.4,665.7,119.3,30.5,959
9/30/2019 15:26,datasets/dataset_cropped/09_Metas/30/15/20190930152600_00160.jpg,datasets_flow/dataset_cropped/09_Metas/30/15/20190930152600_00160.jpg,datasets_cloudmask/dataset_cropped/09_Metas/30/15/20190930152600_00160.png,498.8,612.3,121.1,30.3,959
9/30/2019 15:27,datasets/dataset_cropped/09_Metas/30/15/20190930152700_00160.jpg,datasets_flow/dataset_cropped/09_Metas/30/15/20190930152700_00160.jpg,datasets_cloudmask/dataset_cropped/09_Metas/30/15/20190930152700_00160.png,481.8,584,122.4,30.2,959
9/30/2019 15:28,datasets/dataset_cropped/09_Metas/30/15/20190930152800_00160.jpg,datasets_flow/dataset_cropped/09_Metas/30/15/20190930152800_00160.jpg,datasets_cloudmask/dataset_cropped/09_Metas/30/15/20190930152800_00160.png,545.4,684,126.6,30.2,959
9/30/2019 15:29,datasets/dataset_cropped/09_Metas/30/15/20190930152900_00160.jpg,datasets_flow/dataset_cropped/09_Metas/30/15/20190930152900_00160.jpg,datasets_cloudmask/dataset_cropped/09_Metas/30/15/20190930152900_00160.png,505.2,617.4,127.8,30.2,959
9/30/2019 15:30,datasets/dataset_cropped/09_Metas/30/15/20190930153000_00160.jpg,datasets_flow/dataset_cropped/09_Metas/30/15/20190930153000_00160.jpg,datasets_cloudmask/dataset_cropped/09_Metas/30/15/20190930153000_00160.png,469.8,561.3,127.9,30.2,959
9/30/2019 15:31,datasets/dataset_cropped/09_Metas/30/15/20190930153100_00160.jpg,datasets_flow/dataset_cropped/09_Metas/30/15/20190930153100_00160.jpg,datasets_cloudmask/dataset_cropped/09_Metas/30/15/20190930153100_00160.png,526.2,650.8,132.1,30.1,959
9/30/2019 15:32,datasets/dataset_cropped/09_Metas/30/15/20190930153200_00160.jpg,datasets_flow/dataset_cropped/09_Metas/30/15/20190930153200_00160.jpg,datasets_cloudmask/dataset_cropped/09_Metas/30/15/20190930153200_00160.png,473.1,564.1,132.1,30.1,959
9/30/2019 15:33,datasets/dataset_cropped/09_Metas/30/15/20190930153300_00160.jpg,datasets_flow/dataset_cropped/09_Metas/30/15/20190930153300_00160.jpg,datasets_cloudmask/dataset_cropped/09_Metas/30/15/20190930153300_00160.png,391.1,434.1,128.6,30.1,959
9/30/2019 15:34,datasets/dataset_cropped/09_Metas/30/15/20190930153400_00160.jpg,datasets_flow/dataset_cropped/09_Metas/30/15/20190930153400_00160.jpg,datasets_cloudmask/dataset_cropped/09_Metas/30/15/20190930153400_00160.png,541.7,683.5,131.6,29.9,959
9/30/2019 15:35,datasets/dataset_cropped/09_Metas/30/15/20190930153500_00160.jpg,datasets_flow/dataset_cropped/09_Metas/30/15/20190930153500_00160.jpg,datasets_cloudmask/dataset_cropped/09_Metas/30/15/20190930153500_00160.png,605.3,792.2,132.7,29.8,959
9/30/2019 15:36,datasets/dataset_cropped/09_Metas/30/15/20190930153600_00160.jpg,datasets_flow/dataset_cropped/09_Metas/30/15/20190930153600_00160.jpg,datasets_cloudmask/dataset_cropped/09_Metas/30/15/20190930153600_00160.png,596.5,782.3,131.6,29.7,959
9/30/2019 15:37,datasets/dataset_cropped/09_Metas/30/15/20190930153700_00160.jpg,datasets_flow/dataset_cropped/09_Metas/30/15/20190930153700_00160.jpg,datasets_cloudmask/dataset_cropped/09_Metas/30/15/20190930153700_00160.png,610.9,811,131.2,29.7,959
9/30/2019 15:38,datasets/dataset_cropped/09_Metas/30/15/20190930153800_00160.jpg,datasets_flow/dataset_cropped/09_Metas/30/15/20190930153800_00160.jpg,datasets_cloudmask/dataset_cropped/09_Metas/30/15/20190930153800_00160.png,602.4,801,130.4,29.9,959
9/30/2019 15:39,datasets/dataset_cropped/09_Metas/30/15/20190930153900_00160.jpg,datasets_flow/dataset_cropped/09_Metas/30/15/20190930153900_00160.jpg,datasets_cloudmask/dataset_cropped/09_Metas/30/15/20190930153900_00160.png,567,747.9,128.1,30,959
9/30/2019 15:40,datasets/dataset_cropped/09_Metas/30/15/20190930154000_00160.jpg,datasets_flow/dataset_cropped/09_Metas/30/15/20190930154000_00160.jpg,datasets_cloudmask/dataset_cropped/09_Metas/30/15/20190930154000_00160.png,494.1,631.5,124.5,29.8,959
9/30/2019 15:41,datasets/dataset_cropped/09_Metas/30/15/20190930154100_00160.jpg,datasets_flow/dataset_cropped/09_Metas/30/15/20190930154100_00160.jpg,datasets_cloudmask/dataset_cropped/09_Metas/30/15/20190930154100_00160.png,597.5,810,125.4,29.8,959
9/30/2019 15:42,datasets/dataset_cropped/09_Metas/30/15/20190930154200_00160.jpg,datasets_flow/dataset_cropped/09_Metas/30/15/20190930154200_00160.jpg,datasets_cloudmask/dataset_cropped/09_Metas/30/15/20190930154200_00160.png,576.9,784.3,122.7,29.9,959
9/30/2019 15:43,datasets/dataset_cropped/09_Metas/30/15/20190930154300_00160.jpg,datasets_flow/dataset_cropped/09_Metas/30/15/20190930154300_00160.jpg,datasets_cloudmask/dataset_cropped/09_Metas/30/15/20190930154300_00160.png,607.6,844,120.8,30.3,959
9/30/2019 15:44,datasets/dataset_cropped/09_Metas/30/15/20190930154400_00160.jpg,datasets_flow/dataset_cropped/09_Metas/30/15/20190930154400_00160.jpg,datasets_cloudmask/dataset_cropped/09_Metas/30/15/20190930154400_00160.png,604.5,845,118.7,30.2,959
9/30/2019 15:45,datasets/dataset_cropped/09_Metas/30/15/20190930154500_00160.jpg,datasets_flow/dataset_cropped/09_Metas/30/15/20190930154500_00160.jpg,datasets_cloudmask/dataset_cropped/09_Metas/30/15/20190930154500_00160.png,601.1,846,116.6,30.1,959
9/30/2019 15:46,datasets/dataset_cropped/09_Metas/30/15/20190930154600_00160.jpg,datasets_flow/dataset_cropped/09_Metas/30/15/20190930154600_00160.jpg,datasets_cloudmask/dataset_cropped/09_Metas/30/15/20190930154600_00160.png,597.5,848,113.9,30,959
9/30/2019 15:47,datasets/dataset_cropped/09_Metas/30/15/20190930154700_00160.jpg,datasets_flow/dataset_cropped/09_Metas/30/15/20190930154700_00160.jpg,datasets_cloudmask/dataset_cropped/09_Metas/30/15/20190930154700_00160.png,594,849,111.9,30,959
9/30/2019 15:48,datasets/dataset_cropped/09_Metas/30/15/20190930154800_00160.jpg,datasets_flow/dataset_cropped/09_Metas/30/15/20190930154800_00160.jpg,datasets_cloudmask/dataset_cropped/09_Metas/30/15/20190930154800_00160.png,586.8,843,109.8,29.9,959
9/30/2019 15:49,datasets/dataset_cropped/09_Metas/30/15/20190930154900_00160.jpg,datasets_flow/dataset_cropped/09_Metas/30/15/20190930154900_00160.jpg,datasets_cloudmask/dataset_cropped/09_Metas/30/15/20190930154900_00160.png,583.1,843,108.2,30,959
9/30/2019 15:50,datasets/dataset_cropped/09_Metas/30/15/20190930155000_00160.jpg,datasets_flow/dataset_cropped/09_Metas/30/15/20190930155000_00160.jpg,datasets_cloudmask/dataset_cropped/09_Metas/30/15/20190930155000_00160.png,580.5,846,105.9,30,959
9/30/2019 15:51,datasets/dataset_cropped/09_Metas/30/15/20190930155100_00160.jpg,datasets_flow/dataset_cropped/09_Metas/30/15/20190930155100_00160.jpg,datasets_cloudmask/dataset_cropped/09_Metas/30/15/20190930155100_00160.png,575.3,843,104.3,29.9,959
9/30/2019 15:52,datasets/dataset_cropped/09_Metas/30/15/20190930155200_00160.jpg,datasets_flow/dataset_cropped/09_Metas/30/15/20190930155200_00160.jpg,datasets_cloudmask/dataset_cropped/09_Metas/30/15/20190930155200_00160.png,569.8,839,103,29.9,959
9/30/2019 15:53,datasets/dataset_cropped/09_Metas/30/15/20190930155300_00160.jpg,datasets_flow/dataset_cropped/09_Metas/30/15/20190930155300_00160.jpg,datasets_cloudmask/dataset_cropped/09_Metas/30/15/20190930155300_00160.png,566.5,839,101.9,29.8,959
9/30/2019 15:54,datasets/dataset_cropped/09_Metas/30/15/20190930155400_00160.jpg,datasets_flow/dataset_cropped/09_Metas/30/15/20190930155400_00160.jpg,datasets_cloudmask/dataset_cropped/09_Metas/30/15/20190930155400_00160.png,565.9,843,100.7,29.6,959
9/30/2019 15:55,datasets/dataset_cropped/09_Metas/30/15/20190930155500_00160.jpg,datasets_flow/dataset_cropped/09_Metas/30/15/20190930155500_00160.jpg,datasets_cloudmask/dataset_cropped/09_Metas/30/15/20190930155500_00160.png,553.3,827,99.2,29.6,959
9/30/2019 15:56,datasets/dataset_cropped/09_Metas/30/15/20190930155600_00160.jpg,datasets_flow/dataset_cropped/09_Metas/30/15/20190930155600_00160.jpg,datasets_cloudmask/dataset_cropped/09_Metas/30/15/20190930155600_00160.png,543.1,814,98.3,29.7,959
9/30/2019 15:57,datasets/dataset_cropped/09_Metas/30/15/20190930155700_00160.jpg,datasets_flow/dataset_cropped/09_Metas/30/15/20190930155700_00160.jpg,datasets_cloudmask/dataset_cropped/09_Metas/30/15/20190930155700_00160.png,552.5,835,98.2,29.8,959
9/30/2019 15:58,datasets/dataset_cropped/09_Metas/30/15/20190930155800_00160.jpg,datasets_flow/dataset_cropped/09_Metas/30/15/20190930155800_00160.jpg,datasets_cloudmask/dataset_cropped/09_Metas/30/15/20190930155800_00160.png,530.5,799.2,97.4,29.8,959
9/30/2019 15:59,datasets/dataset_cropped/09_Metas/30/15/20190930155900_00160.jpg,datasets_flow/dataset_cropped/09_Metas/30/15/20190930155900_00160.jpg,datasets_cloudmask/dataset_cropped/09_Metas/30/15/20190930155900_00160.png,509.5,764.8,96.5,29.7,959
9/30/2019 16:00,datasets/dataset_cropped/09_Metas/30/16/20190930160000_00160.jpg,datasets_flow/dataset_cropped/09_Metas/30/16/20190930160000_00160.jpg,datasets_cloudmask/dataset_cropped/09_Metas/30/16/20190930160000_00160.png,510.2,769,96.4,29.6,959
9/30/2019 16:01,datasets/dataset_cropped/09_Metas/30/16/20190930160100_00160.jpg,datasets_flow/dataset_cropped/09_Metas/30/16/20190930160100_00160.jpg,datasets_cloudmask/dataset_cropped/09_Metas/30/16/20190930160100_00160.png,515.3,780.8,97.2,29.9,959
9/30/2019 16:02,datasets/dataset_cropped/09_Metas/30/16/20190930160200_00160.jpg,datasets_flow/dataset_cropped/09_Metas/30/16/20190930160200_00160.jpg,datasets_cloudmask/dataset_cropped/09_Metas/30/16/20190930160200_00160.png,516.9,787.3,97.8,30,959
9/30/2019 16:03,datasets/dataset_cropped/09_Metas/30/16/20190930160300_00160.jpg,datasets_flow/dataset_cropped/09_Metas/30/16/20190930160300_00160.jpg,datasets_cloudmask/dataset_cropped/09_Metas/30/16/20190930160300_00160.png,517.5,790.5,98.3,29.9,959
9/30/2019 16:04,datasets/dataset_cropped/09_Metas/30/16/20190930160400_00160.jpg,datasets_flow/dataset_cropped/09_Metas/30/16/20190930160400_00160.jpg,datasets_cloudmask/dataset_cropped/09_Metas/30/16/20190930160400_00160.png,521.6,802,98.8,29.8,959
9/30/2019 16:05,datasets/dataset_cropped/09_Metas/30/16/20190930160500_00160.jpg,datasets_flow/dataset_cropped/09_Metas/30/16/20190930160500_00160.jpg,datasets_cloudmask/dataset_cropped/09_Metas/30/16/20190930160500_00160.png,525.2,813,99,29.8,959
9/30/2019 16:06,datasets/dataset_cropped/09_Metas/30/16/20190930160600_00160.jpg,datasets_flow/dataset_cropped/09_Metas/30/16/20190930160600_00160.jpg,datasets_cloudmask/dataset_cropped/09_Metas/30/16/20190930160600_00160.png,524.5,816,98.9,29.5,959
9/30/2019 16:07,datasets/dataset_cropped/09_Metas/30/16/20190930160700_00160.jpg,datasets_flow/dataset_cropped/09_Metas/30/16/20190930160700_00160.jpg,datasets_cloudmask/dataset_cropped/09_Metas/30/16/20190930160700_00160.png,524.8,819,99.3,29.5,959
9/30/2019 16:08,datasets/dataset_cropped/09_Metas/30/16/20190930160800_00160.jpg,datasets_flow/dataset_cropped/09_Metas/30/16/20190930160800_00160.jpg,datasets_cloudmask/dataset_cropped/09_Metas/30/16/20190930160800_00160.png,524,822,99.3,29.6,959
9/30/2019 16:09,datasets/dataset_cropped/09_Metas/30/16/20190930160900_00160.jpg,datasets_flow/dataset_cropped/09_Metas/30/16/20190930160900_00160.jpg,datasets_cloudmask/dataset_cropped/09_Metas/30/16/20190930160900_00160.png,522.1,822,99.4,29.6,959
9/30/2019 16:10,datasets/dataset_cropped/09_Metas/30/16/20190930161000_00160.jpg,datasets_flow/dataset_cropped/09_Metas/30/16/20190930161000_00160.jpg,datasets_cloudmask/dataset_cropped/09_Metas/30/16/20190930161000_00160.png,517.4,818,99,29.7,959
9/30/2019 16:11,datasets/dataset_cropped/09_Metas/30/16/20190930161100_00160.jpg,datasets_flow/dataset_cropped/09_Metas/30/16/20190930161100_00160.jpg,datasets_cloudmask/dataset_cropped/09_Metas/30/16/20190930161100_00160.png,514.7,818,98.3,30,959
9/30/2019 16:12,datasets/dataset_cropped/09_Metas/30/16/20190930161200_00160.jpg,datasets_flow/dataset_cropped/09_Metas/30/16/20190930161200_00160.jpg,datasets_cloudmask/dataset_cropped/09_Metas/30/16/20190930161200_00160.png,511.8,819,97.3,29.8,959
9/30/2019 16:13,datasets/dataset_cropped/09_Metas/30/16/20190930161300_00160.jpg,datasets_flow/dataset_cropped/09_Metas/30/16/20190930161300_00160.jpg,datasets_cloudmask/dataset_cropped/09_Metas/30/16/20190930161300_00160.png,509.2,820,96,29.7,959
9/30/2019 16:14,datasets/dataset_cropped/09_Metas/30/16/20190930161400_00160.jpg,datasets_flow/dataset_cropped/09_Metas/30/16/20190930161400_00160.jpg,datasets_cloudmask/dataset_cropped/09_Metas/30/16/20190930161400_00160.png,504.1,816,95,29.8,959
9/30/2019 16:15,datasets/dataset_cropped/09_Metas/30/16/20190930161500_00160.jpg,datasets_flow/dataset_cropped/09_Metas/30/16/20190930161500_00160.jpg,datasets_cloudmask/dataset_cropped/09_Metas/30/16/20190930161500_00160.png,499.7,813,94.3,30,959
9/30/2019 16:16,datasets/dataset_cropped/09_Metas/30/16/20190930161600_00160.jpg,datasets_flow/dataset_cropped/09_Metas/30/16/20190930161600_00160.jpg,datasets_cloudmask/dataset_cropped/09_Metas/30/16/20190930161600_00160.png,494.6,808,93.5,29.9,959
9/30/2019 16:17,datasets/dataset_cropped/09_Metas/30/16/20190930161700_00160.jpg,datasets_flow/dataset_cropped/09_Metas/30/16/20190930161700_00160.jpg,datasets_cloudmask/dataset_cropped/09_Metas/30/16/20190930161700_00160.png,489.8,804,92.7,30,959
9/30/2019 16:18,datasets/dataset_cropped/09_Metas/30/16/20190930161800_00160.jpg,datasets_flow/dataset_cropped/09_Metas/30/16/20190930161800_00160.jpg,datasets_cloudmask/dataset_cropped/09_Metas/30/16/20190930161800_00160.png,488,807,91.6,29.9,959
9/30/2019 16:19,datasets/dataset_cropped/09_Metas/30/16/20190930161900_00160.jpg,datasets_flow/dataset_cropped/09_Metas/30/16/20190930161900_00160.jpg,datasets_cloudmask/dataset_cropped/09_Metas/30/16/20190930161900_00160.png,485.3,809,90.4,29.9,959
9/30/2019 16:20,datasets/dataset_cropped/09_Metas/30/16/20190930162000_00160.jpg,datasets_flow/dataset_cropped/09_Metas/30/16/20190930162000_00160.jpg,datasets_cloudmask/dataset_cropped/09_Metas/30/16/20190930162000_00160.png,481,806,89.8,30,959
9/30/2019 16:21,datasets/dataset_cropped/09_Metas/30/16/20190930162100_00160.jpg,datasets_flow/dataset_cropped/09_Metas/30/16/20190930162100_00160.jpg,datasets_cloudmask/dataset_cropped/09_Metas/30/16/20190930162100_00160.png,476.1,801,89.2,30.1,959
9/30/2019 16:22,datasets/dataset_cropped/09_Metas/30/16/20190930162200_00160.jpg,datasets_flow/dataset_cropped/09_Metas/30/16/20190930162200_00160.jpg,datasets_cloudmask/dataset_cropped/09_Metas/30/16/20190930162200_00160.png,470.8,796.2,88.6,29.8,959
9/30/2019 16:23,datasets/dataset_cropped/09_Metas/30/16/20190930162300_00160.jpg,datasets_flow/dataset_cropped/09_Metas/30/16/20190930162300_00160.jpg,datasets_cloudmask/dataset_cropped/09_Metas/30/16/20190930162300_00160.png,467.8,795.4,88,29.8,959
9/30/2019 16:24,datasets/dataset_cropped/09_Metas/30/16/20190930162400_00160.jpg,datasets_flow/dataset_cropped/09_Metas/30/16/20190930162400_00160.jpg,datasets_cloudmask/dataset_cropped/09_Metas/30/16/20190930162400_00160.png,465,795.2,87.1,29.5,959
9/30/2019 16:25,datasets/dataset_cropped/09_Metas/30/16/20190930162500_00160.jpg,datasets_flow/dataset_cropped/09_Metas/30/16/20190930162500_00160.jpg,datasets_cloudmask/dataset_cropped/09_Metas/30/16/20190930162500_00160.png,462.3,795.8,86.3,29.5,959
9/30/2019 16:26,datasets/dataset_cropped/09_Metas/30/16/20190930162600_00160.jpg,datasets_flow/dataset_cropped/09_Metas/30/16/20190930162600_00160.jpg,datasets_cloudmask/dataset_cropped/09_Metas/30/16/20190930162600_00160.png,458.4,793.4,85.9,29.6,959
9/30/2019 16:27,datasets/dataset_cropped/09_Metas/30/16/20190930162700_00160.jpg,datasets_flow/dataset_cropped/09_Metas/30/16/20190930162700_00160.jpg,datasets_cloudmask/dataset_cropped/09_Metas/30/16/20190930162700_00160.png,454.8,791.1,85.5,29.4,959
9/30/2019 16:28,datasets/dataset_cropped/09_Metas/30/16/20190930162800_00160.jpg,datasets_flow/dataset_cropped/09_Metas/30/16/20190930162800_00160.jpg,datasets_cloudmask/dataset_cropped/09_Metas/30/16/20190930162800_00160.png,450.9,787.9,85.2,29.3,959
9/30/2019 16:29,datasets/dataset_cropped/09_Metas/30/16/20190930162900_00160.jpg,datasets_flow/dataset_cropped/09_Metas/30/16/20190930162900_00160.jpg,datasets_cloudmask/dataset_cropped/09_Metas/30/16/20190930162900_00160.png,446.9,784.1,85.1,29.3,959
9/30/2019 16:30,datasets/dataset_cropped/09_Metas/30/16/20190930163000_00160.jpg,datasets_flow/dataset_cropped/09_Metas/30/16/20190930163000_00160.jpg,datasets_cloudmask/dataset_cropped/09_Metas/30/16/20190930163000_00160.png,443.5,782.4,85,29.4,959
9/30/2019 16:31,datasets/dataset_cropped/09_Metas/30/16/20190930163100_00160.jpg,datasets_flow/dataset_cropped/09_Metas/30/16/20190930163100_00160.jpg,datasets_cloudmask/dataset_cropped/09_Metas/30/16/20190930163100_00160.png,439,778.2,84.4,29.6,959
9/30/2019 16:32,datasets/dataset_cropped/09_Metas/30/16/20190930163200_00160.jpg,datasets_flow/dataset_cropped/09_Metas/30/16/20190930163200_00160.jpg,datasets_cloudmask/dataset_cropped/09_Metas/30/16/20190930163200_00160.png,434.9,774,84.2,29.8,959
9/30/2019 16:33,datasets/dataset_cropped/09_Metas/30/16/20190930163300_00160.jpg,datasets_flow/dataset_cropped/09_Metas/30/16/20190930163300_00160.jpg,datasets_cloudmask/dataset_cropped/09_Metas/30/16/20190930163300_00160.png,432.2,773.1,84,29.6,959
9/30/2019 16:34,datasets/dataset_cropped/09_Metas/30/16/20190930163400_00160.jpg,datasets_flow/dataset_cropped/09_Metas/30/16/20190930163400_00160.jpg,datasets_cloudmask/dataset_cropped/09_Metas/30/16/20190930163400_00160.png,428.8,770.8,83.9,29.7,959
9/30/2019 16:35,datasets/dataset_cropped/09_Metas/30/16/20190930163500_00160.jpg,datasets_flow/dataset_cropped/09_Metas/30/16/20190930163500_00160.jpg,datasets_cloudmask/dataset_cropped/09_Metas/30/16/20190930163500_00160.png,425.5,769,83.6,29.6,959
9/30/2019 16:36,datasets/dataset_cropped/09_Metas/30/16/20190930163600_00160.jpg,datasets_flow/dataset_cropped/09_Metas/30/16/20190930163600_00160.jpg,datasets_cloudmask/dataset_cropped/09_Metas/30/16/20190930163600_00160.png,421.9,765.9,83.5,29.6,959
9/30/2019 16:37,datasets/dataset_cropped/09_Metas/30/16/20190930163700_00160.jpg,datasets_flow/dataset_cropped/09_Metas/30/16/20190930163700_00160.jpg,datasets_cloudmask/dataset_cropped/09_Metas/30/16/20190930163700_00160.png,416.9,759.5,83.5,29.5,959
9/30/2019 16:38,datasets/dataset_cropped/09_Metas/30/16/20190930163800_00160.jpg,datasets_flow/dataset_cropped/09_Metas/30/16/20190930163800_00160.jpg,datasets_cloudmask/dataset_cropped/09_Metas/30/16/20190930163800_00160.png,413.5,756.5,83.6,29.6,959
9/30/2019 16:39,datasets/dataset_cropped/09_Metas/30/16/20190930163900_00160.jpg,datasets_flow/dataset_cropped/09_Metas/30/16/20190930163900_00160.jpg,datasets_cloudmask/dataset_cropped/09_Metas/30/16/20190930163900_00160.png,409.8,753.7,83.5,29.7,959
9/30/2019 16:40,datasets/dataset_cropped/09_Metas/30/16/20190930164000_00160.jpg,datasets_flow/dataset_cropped/09_Metas/30/16/20190930164000_00160.jpg,datasets_cloudmask/dataset_cropped/09_Metas/30/16/20190930164000_00160.png,406.2,750,83.6,29.5,959
9/30/2019 16:41,datasets/dataset_cropped/09_Metas/30/16/20190930164100_00160.jpg,datasets_flow/dataset_cropped/09_Metas/30/16/20190930164100_00160.jpg,datasets_cloudmask/dataset_cropped/09_Metas/30/16/20190930164100_00160.png,402.6,747,83.6,29.1,959
9/30/2019 16:42,datasets/dataset_cropped/09_Metas/30/16/20190930164200_00160.jpg,datasets_flow/dataset_cropped/09_Metas/30/16/20190930164200_00160.jpg,datasets_cloudmask/dataset_cropped/09_Metas/30/16/20190930164200_00160.png,399.5,745,83.4,29.1,959
9/30/2019 16:43,datasets/dataset_cropped/09_Metas/30/16/20190930164300_00160.jpg,datasets_flow/dataset_cropped/09_Metas/30/16/20190930164300_00160.jpg,datasets_cloudmask/dataset_cropped/09_Metas/30/16/20190930164300_00160.png,393.6,735.7,83.1,29,959
9/30/2019 16:44,datasets/dataset_cropped/09_Metas/30/16/20190930164400_00160.jpg,datasets_flow/dataset_cropped/09_Metas/30/16/20190930164400_00160.jpg,datasets_cloudmask/dataset_cropped/09_Metas/30/16/20190930164400_00160.png,390.9,734.1,83.4,28.8,959
9/30/2019 16:45,datasets/dataset_cropped/09_Metas/30/16/20190930164500_00160.jpg,datasets_flow/dataset_cropped/09_Metas/30/16/20190930164500_00160.jpg,datasets_cloudmask/dataset_cropped/09_Metas/30/16/20190930164500_00160.png,387.6,731.1,83.5,28.7,959
9/30/2019 16:46,datasets/dataset_cropped/09_Metas/30/16/20190930164600_00160.jpg,datasets_flow/dataset_cropped/09_Metas/30/16/20190930164600_00160.jpg,datasets_cloudmask/dataset_cropped/09_Metas/30/16/20190930164600_00160.png,383.5,726.3,83.3,28.6,959
9/30/2019 16:47,datasets/dataset_cropped/09_Metas/30/16/20190930164700_00160.jpg,datasets_flow/dataset_cropped/09_Metas/30/16/20190930164700_00160.jpg,datasets_cloudmask/dataset_cropped/09_Metas/30/16/20190930164700_00160.png,380.5,724.2,83.2,28.5,959
9/30/2019 16:48,datasets/dataset_cropped/09_Metas/30/16/20190930164800_00160.jpg,datasets_flow/dataset_cropped/09_Metas/30/16/20190930164800_00160.jpg,datasets_cloudmask/dataset_cropped/09_Metas/30/16/20190930164800_00160.png,377.1,721.4,83.1,28.4,959
9/30/2019 16:49,datasets/dataset_cropped/09_Metas/30/16/20190930164900_00160.jpg,datasets_flow/dataset_cropped/09_Metas/30/16/20190930164900_00160.jpg,datasets_cloudmask/dataset_cropped/09_Metas/30/16/20190930164900_00160.png,373.7,717.1,83.3,28.3,959
9/30/2019 16:50,datasets/dataset_cropped/09_Metas/30/16/20190930165000_00160.jpg,datasets_flow/dataset_cropped/09_Metas/30/16/20190930165000_00160.jpg,datasets_cloudmask/dataset_cropped/09_Metas/30/16/20190930165000_00160.png,371.6,717.4,83.5,28.4,959
9/30/2019 16:51,datasets/dataset_cropped/09_Metas/30/16/20190930165100_00160.jpg,datasets_flow/dataset_cropped/09_Metas/30/16/20190930165100_00160.jpg,datasets_cloudmask/dataset_cropped/09_Metas/30/16/20190930165100_00160.png,369.4,718.1,83.2,28.3,959
9/30/2019 16:52,datasets/dataset_cropped/09_Metas/30/16/20190930165200_00160.jpg,datasets_flow/dataset_cropped/09_Metas/30/16/20190930165200_00160.jpg,datasets_cloudmask/dataset_cropped/09_Metas/30/16/20190930165200_00160.png,365.7,714.9,82.9,28.2,959
9/30/2019 16:53,datasets/dataset_cropped/09_Metas/30/16/20190930165300_00160.jpg,datasets_flow/dataset_cropped/09_Metas/30/16/20190930165300_00160.jpg,datasets_cloudmask/dataset_cropped/09_Metas/30/16/20190930165300_00160.png,362.7,713.3,82.7,28.4,959
9/30/2019 16:54,datasets/dataset_cropped/09_Metas/30/16/20190930165400_00160.jpg,datasets_flow/dataset_cropped/09_Metas/30/16/20190930165400_00160.jpg,datasets_cloudmask/dataset_cropped/09_Metas/30/16/20190930165400_00160.png,359.2,710.3,82.3,28.5,959
9/30/2019 16:55,datasets/dataset_cropped/09_Metas/30/16/20190930165500_00160.jpg,datasets_flow/dataset_cropped/09_Metas/30/16/20190930165500_00160.jpg,datasets_cloudmask/dataset_cropped/09_Metas/30/16/20190930165500_00160.png,355.2,705.3,82.1,28.4,959
9/30/2019 16:56,datasets/dataset_cropped/09_Metas/30/16/20190930165600_00160.jpg,datasets_flow/dataset_cropped/09_Metas/30/16/20190930165600_00160.jpg,datasets_cloudmask/dataset_cropped/09_Metas/30/16/20190930165600_00160.png,351.8,702.1,81.9,28.2,959
9/30/2019 16:57,datasets/dataset_cropped/09_Metas/30/16/20190930165700_00160.jpg,datasets_flow/dataset_cropped/09_Metas/30/16/20190930165700_00160.jpg,datasets_cloudmask/dataset_cropped/09_Metas/30/16/20190930165700_00160.png,348.7,699.7,81.9,28.2,959
9/30/2019 16:58,datasets/dataset_cropped/09_Metas/30/16/20190930165800_00160.jpg,datasets_flow/dataset_cropped/09_Metas/30/16/20190930165800_00160.jpg,datasets_cloudmask/dataset_cropped/09_Metas/30/16/20190930165800_00160.png,346.1,698.8,81.5,28.2,959
9/30/2019 16:59,datasets/dataset_cropped/09_Metas/30/16/20190930165900_00160.jpg,datasets_flow/dataset_cropped/09_Metas/30/16/20190930165900_00160.jpg,datasets_cloudmask/dataset_cropped/09_Metas/30/16/20190930165900_00160.png,340.9,691.2,81.2,28.1,959
9/30/2019 17:00,datasets/dataset_cropped/09_Metas/30/17/20190930170000_00160.jpg,datasets_flow/dataset_cropped/09_Metas/30/17/20190930170000_00160.jpg,datasets_cloudmask/dataset_cropped/09_Metas/30/17/20190930170000_00160.png,334.8,680.6,81.1,28,959
9/30/2019 17:01,datasets/dataset_cropped/09_Metas/30/17/20190930170100_00160.jpg,datasets_flow/dataset_cropped/09_Metas/30/17/20190930170100_00160.jpg,datasets_cloudmask/dataset_cropped/09_Metas/30/17/20190930170100_00160.png,331.9,679.2,80.8,27.9,959
9/30/2019 17:02,datasets/dataset_cropped/09_Metas/30/17/20190930170200_00160.jpg,datasets_flow/dataset_cropped/09_Metas/30/17/20190930170200_00160.jpg,datasets_cloudmask/dataset_cropped/09_Metas/30/17/20190930170200_00160.png,331.5,683.6,80.8,27.9,959
9/30/2019 17:03,datasets/dataset_cropped/09_Metas/30/17/20190930170300_00160.jpg,datasets_flow/dataset_cropped/09_Metas/30/17/20190930170300_00160.jpg,datasets_cloudmask/dataset_cropped/09_Metas/30/17/20190930170300_00160.png,325.9,673.3,81,27.8,959
9/30/2019 17:04,datasets/dataset_cropped/09_Metas/30/17/20190930170400_00160.jpg,datasets_flow/dataset_cropped/09_Metas/30/17/20190930170400_00160.jpg,datasets_cloudmask/dataset_cropped/09_Metas/30/17/20190930170400_00160.png,323.7,672.1,81.5,27.7,959
9/30/2019 17:05,datasets/dataset_cropped/09_Metas/30/17/20190930170500_00160.jpg,datasets_flow/dataset_cropped/09_Metas/30/17/20190930170500_00160.jpg,datasets_cloudmask/dataset_cropped/09_Metas/30/17/20190930170500_00160.png,320.4,668.4,81.8,27.9,959
9/30/2019 17:06,datasets/dataset_cropped/09_Metas/30/17/20190930170600_00160.jpg,datasets_flow/dataset_cropped/09_Metas/30/17/20190930170600_00160.jpg,datasets_cloudmask/dataset_cropped/09_Metas/30/17/20190930170600_00160.png,319.3,671.6,81.8,28.3,959
9/30/2019 17:07,datasets/dataset_cropped/09_Metas/30/17/20190930170700_00160.jpg,datasets_flow/dataset_cropped/09_Metas/30/17/20190930170700_00160.jpg,datasets_cloudmask/dataset_cropped/09_Metas/30/17/20190930170700_00160.png,305.1,638.3,81.5,28.3,959
9/30/2019 17:08,datasets/dataset_cropped/09_Metas/30/17/20190930170800_00160.jpg,datasets_flow/dataset_cropped/09_Metas/30/17/20190930170800_00160.jpg,datasets_cloudmask/dataset_cropped/09_Metas/30/17/20190930170800_00160.png,292.6,608.8,81.2,28.1,959
9/30/2019 17:09,datasets/dataset_cropped/09_Metas/30/17/20190930170900_00160.jpg,datasets_flow/dataset_cropped/09_Metas/30/17/20190930170900_00160.jpg,datasets_cloudmask/dataset_cropped/09_Metas/30/17/20190930170900_00160.png,296.5,625.5,81.1,28,959
9/30/2019 17:10,datasets/dataset_cropped/09_Metas/30/17/20190930171000_00160.jpg,datasets_flow/dataset_cropped/09_Metas/30/17/20190930171000_00160.jpg,datasets_cloudmask/dataset_cropped/09_Metas/30/17/20190930171000_00160.png,297.4,632.7,81.4,28,959
9/30/2019 17:11,datasets/dataset_cropped/09_Metas/30/17/20190930171100_00160.jpg,datasets_flow/dataset_cropped/09_Metas/30/17/20190930171100_00160.jpg,datasets_cloudmask/dataset_cropped/09_Metas/30/17/20190930171100_00160.png,284.1,599.2,81.2,27.9,959
9/30/2019 17:12,datasets/dataset_cropped/09_Metas/30/17/20190930171200_00160.jpg,datasets_flow/dataset_cropped/09_Metas/30/17/20190930171200_00160.jpg,datasets_cloudmask/dataset_cropped/09_Metas/30/17/20190930171200_00160.png,285.2,607.8,81.2,27.8,959
9/30/2019 17:13,datasets/dataset_cropped/09_Metas/30/17/20190930171300_00160.jpg,datasets_flow/dataset_cropped/09_Metas/30/17/20190930171300_00160.jpg,datasets_cloudmask/dataset_cropped/09_Metas/30/17/20190930171300_00160.png,286.8,616.9,81.4,27.8,959
9/30/2019 17:14,datasets/dataset_cropped/09_Metas/30/17/20190930171400_00160.jpg,datasets_flow/dataset_cropped/09_Metas/30/17/20190930171400_00160.jpg,datasets_cloudmask/dataset_cropped/09_Metas/30/17/20190930171400_00160.png,287,621.6,81.9,27.6,959
9/30/2019 17:15,datasets/dataset_cropped/09_Metas/30/17/20190930171500_00160.jpg,datasets_flow/dataset_cropped/09_Metas/30/17/20190930171500_00160.jpg,datasets_cloudmask/dataset_cropped/09_Metas/30/17/20190930171500_00160.png,291.6,640.3,82.5,27.5,959
9/30/2019 17:16,datasets/dataset_cropped/09_Metas/30/17/20190930171600_00160.jpg,datasets_flow/dataset_cropped/09_Metas/30/17/20190930171600_00160.jpg,datasets_cloudmask/dataset_cropped/09_Metas/30/17/20190930171600_00160.png,288,635,82.8,27.3,959
9/30/2019 17:17,datasets/dataset_cropped/09_Metas/30/17/20190930171700_00160.jpg,datasets_flow/dataset_cropped/09_Metas/30/17/20190930171700_00160.jpg,datasets_cloudmask/dataset_cropped/09_Metas/30/17/20190930171700_00160.png,285.4,633.2,82.7,27.2,959
9/30/2019 17:18,datasets/dataset_cropped/09_Metas/30/17/20190930171800_00160.jpg,datasets_flow/dataset_cropped/09_Metas/30/17/20190930171800_00160.jpg,datasets_cloudmask/dataset_cropped/09_Metas/30/17/20190930171800_00160.png,241.2,504.4,80.9,27.2,959
9/30/2019 17:19,datasets/dataset_cropped/09_Metas/30/17/20190930171900_00160.jpg,datasets_flow/dataset_cropped/09_Metas/30/17/20190930171900_00160.jpg,datasets_cloudmask/dataset_cropped/09_Metas/30/17/20190930171900_00160.png,260.6,572.3,80.6,27.3,959
9/30/2019 17:20,datasets/dataset_cropped/09_Metas/30/17/20190930172000_00160.jpg,datasets_flow/dataset_cropped/09_Metas/30/17/20190930172000_00160.jpg,datasets_cloudmask/dataset_cropped/09_Metas/30/17/20190930172000_00160.png,274.5,618.8,81.8,27.4,959
9/30/2019 17:21,datasets/dataset_cropped/09_Metas/30/17/20190930172100_00160.jpg,datasets_flow/dataset_cropped/09_Metas/30/17/20190930172100_00160.jpg,datasets_cloudmask/dataset_cropped/09_Metas/30/17/20190930172100_00160.png,271.2,614.4,82.2,27.3,959
9/30/2019 17:22,datasets/dataset_cropped/09_Metas/30/17/20190930172200_00160.jpg,datasets_flow/dataset_cropped/09_Metas/30/17/20190930172200_00160.jpg,datasets_cloudmask/dataset_cropped/09_Metas/30/17/20190930172200_00160.png,268.5,612.3,82.2,27.2,959
9/30/2019 17:23,datasets/dataset_cropped/09_Metas/30/17/20190930172300_00160.jpg,datasets_flow/dataset_cropped/09_Metas/30/17/20190930172300_00160.jpg,datasets_cloudmask/dataset_cropped/09_Metas/30/17/20190930172300_00160.png,246.4,546.9,81.6,27.2,959
9/30/2019 17:24,datasets/dataset_cropped/09_Metas/30/17/20190930172400_00160.jpg,datasets_flow/dataset_cropped/09_Metas/30/17/20190930172400_00160.jpg,datasets_cloudmask/dataset_cropped/09_Metas/30/17/20190930172400_00160.png,247.5,557.6,81.4,27.1,959
9/30/2019 17:25,datasets/dataset_cropped/09_Metas/30/17/20190930172500_00160.jpg,datasets_flow/dataset_cropped/09_Metas/30/17/20190930172500_00160.jpg,datasets_cloudmask/dataset_cropped/09_Metas/30/17/20190930172500_00160.png,247.3,562.2,81.7,27,959
9/30/2019 17:26,datasets/dataset_cropped/09_Metas/30/17/20190930172600_00160.jpg,datasets_flow/dataset_cropped/09_Metas/30/17/20190930172600_00160.jpg,datasets_cloudmask/dataset_cropped/09_Metas/30/17/20190930172600_00160.png,239.9,543.3,81.6,26.7,959
9/30/2019 17:27,datasets/dataset_cropped/09_Metas/30/17/20190930172700_00160.jpg,datasets_flow/dataset_cropped/09_Metas/30/17/20190930172700_00160.jpg,datasets_cloudmask/dataset_cropped/09_Metas/30/17/20190930172700_00160.png,222.8,492.8,80.7,26.5,959
9/30/2019 17:28,datasets/dataset_cropped/09_Metas/30/17/20190930172800_00160.jpg,datasets_flow/dataset_cropped/09_Metas/30/17/20190930172800_00160.jpg,datasets_cloudmask/dataset_cropped/09_Metas/30/17/20190930172800_00160.png,214.2,470.5,79.9,26.6,959
9/30/2019 17:29,datasets/dataset_cropped/09_Metas/30/17/20190930172900_00160.jpg,datasets_flow/dataset_cropped/09_Metas/30/17/20190930172900_00160.jpg,datasets_cloudmask/dataset_cropped/09_Metas/30/17/20190930172900_00160.png,203.3,440.9,78.8,26.5,959
9/30/2019 17:30,datasets/dataset_cropped/09_Metas/30/17/20190930173000_00160.jpg,datasets_flow/dataset_cropped/09_Metas/30/17/20190930173000_00160.jpg,datasets_cloudmask/dataset_cropped/09_Metas/30/17/20190930173000_00160.png,171.2,337.7,76.7,26.6,959
9/30/2019 17:31,datasets/dataset_cropped/09_Metas/30/17/20190930173100_00160.jpg,datasets_flow/dataset_cropped/09_Metas/30/17/20190930173100_00160.jpg,datasets_cloudmask/dataset_cropped/09_Metas/30/17/20190930173100_00160.png,164.3,319.9,75.3,26.6,959
9/30/2019 17:32,datasets/dataset_cropped/09_Metas/30/17/20190930173200_00160.jpg,datasets_flow/dataset_cropped/09_Metas/30/17/20190930173200_00160.jpg,datasets_cloudmask/dataset_cropped/09_Metas/30/17/20190930173200_00160.png,173.2,355.9,75.5,26.4,959
9/30/2019 17:33,datasets/dataset_cropped/09_Metas/30/17/20190930173300_00160.jpg,datasets_flow/dataset_cropped/09_Metas/30/17/20190930173300_00160.jpg,datasets_cloudmask/dataset_cropped/09_Metas/30/17/20190930173300_00160.png,178.2,375.3,76.3,26.3,959
9/30/2019 17:34,datasets/dataset_cropped/09_Metas/30/17/20190930173400_00160.jpg,datasets_flow/dataset_cropped/09_Metas/30/17/20190930173400_00160.jpg,datasets_cloudmask/dataset_cropped/09_Metas/30/17/20190930173400_00160.png,169,345.5,76.2,26.2,959
9/30/2019 17:35,datasets/dataset_cropped/09_Metas/30/17/20190930173500_00160.jpg,datasets_flow/dataset_cropped/09_Metas/30/17/20190930173500_00160.jpg,datasets_cloudmask/dataset_cropped/09_Metas/30/17/20190930173500_00160.png,154.7,298.1,75.3,26.2,959
9/30/2019 17:36,datasets/dataset_cropped/09_Metas/30/17/20190930173600_00160.jpg,datasets_flow/dataset_cropped/09_Metas/30/17/20190930173600_00160.jpg,datasets_cloudmask/dataset_cropped/09_Metas/30/17/20190930173600_00160.png,124.8,194.2,73.3,26.1,959
9/30/2019 17:37,datasets/dataset_cropped/09_Metas/30/17/20190930173700_00160.jpg,datasets_flow/dataset_cropped/09_Metas/30/17/20190930173700_00160.jpg,datasets_cloudmask/dataset_cropped/09_Metas/30/17/20190930173700_00160.png,128.2,213.7,72.4,26.1,959
9/30/2019 17:38,datasets/dataset_cropped/09_Metas/30/17/20190930173800_00160.jpg,datasets_flow/dataset_cropped/09_Metas/30/17/20190930173800_00160.jpg,datasets_cloudmask/dataset_cropped/09_Metas/30/17/20190930173800_00160.png,135.7,246.2,72.4,25.9,959
9/30/2019 17:39,datasets/dataset_cropped/09_Metas/30/17/20190930173900_00160.jpg,datasets_flow/dataset_cropped/09_Metas/30/17/20190930173900_00160.jpg,datasets_cloudmask/dataset_cropped/09_Metas/30/17/20190930173900_00160.png,146.6,290.9,72.9,25.9,959
9/30/2019 17:40,datasets/dataset_cropped/09_Metas/30/17/20190930174000_00160.jpg,datasets_flow/dataset_cropped/09_Metas/30/17/20190930174000_00160.jpg,datasets_cloudmask/dataset_cropped/09_Metas/30/17/20190930174000_00160.png,144.4,284.4,73.2,25.8,959
9/30/2019 17:41,datasets/dataset_cropped/09_Metas/30/17/20190930174100_00160.jpg,datasets_flow/dataset_cropped/09_Metas/30/17/20190930174100_00160.jpg,datasets_cloudmask/dataset_cropped/09_Metas/30/17/20190930174100_00160.png,140.9,273,73.3,25.9,959
9/30/2019 17:42,datasets/dataset_cropped/09_Metas/30/17/20190930174200_00160.jpg,datasets_flow/dataset_cropped/09_Metas/30/17/20190930174200_00160.jpg,datasets_cloudmask/dataset_cropped/09_Metas/30/17/20190930174200_00160.png,144.4,291.7,73.4,25.9,959
9/30/2019 17:43,datasets/dataset_cropped/09_Metas/30/17/20190930174300_00160.jpg,datasets_flow/dataset_cropped/09_Metas/30/17/20190930174300_00160.jpg,datasets_cloudmask/dataset_cropped/09_Metas/30/17/20190930174300_00160.png,145.9,301.5,73.5,25.9,959
9/30/2019 17:44,datasets/dataset_cropped/09_Metas/30/17/20190930174400_00160.jpg,datasets_flow/dataset_cropped/09_Metas/30/17/20190930174400_00160.jpg,datasets_cloudmask/dataset_cropped/09_Metas/30/17/20190930174400_00160.png,138.8,277,73,25.9,959
9/30/2019 17:45,datasets/dataset_cropped/09_Metas/30/17/20190930174500_00160.jpg,datasets_flow/dataset_cropped/09_Metas/30/17/20190930174500_00160.jpg,datasets_cloudmask/dataset_cropped/09_Metas/30/17/20190930174500_00160.png,134,263.2,72.5,25.8,959
9/30/2019 17:46,datasets/dataset_cropped/09_Metas/30/17/20190930174600_00160.jpg,datasets_flow/dataset_cropped/09_Metas/30/17/20190930174600_00160.jpg,datasets_cloudmask/dataset_cropped/09_Metas/30/17/20190930174600_00160.png,143.8,309.7,72.7,25.6,959
9/30/2019 17:47,datasets/dataset_cropped/09_Metas/30/17/20190930174700_00160.jpg,datasets_flow/dataset_cropped/09_Metas/30/17/20190930174700_00160.jpg,datasets_cloudmask/dataset_cropped/09_Metas/30/17/20190930174700_00160.png,123.4,225.7,71.9,25.5,959
9/30/2019 17:48,datasets/dataset_cropped/09_Metas/30/17/20190930174800_00160.jpg,datasets_flow/dataset_cropped/09_Metas/30/17/20190930174800_00160.jpg,datasets_cloudmask/dataset_cropped/09_Metas/30/17/20190930174800_00160.png,110.9,180.9,70.3,25.3,959
9/30/2019 17:49,datasets/dataset_cropped/09_Metas/30/17/20190930174900_00160.jpg,datasets_flow/dataset_cropped/09_Metas/30/17/20190930174900_00160.jpg,datasets_cloudmask/dataset_cropped/09_Metas/30/17/20190930174900_00160.png,124.1,244.2,70.5,25.1,959
9/30/2019 17:50,datasets/dataset_cropped/09_Metas/30/17/20190930175000_00160.jpg,datasets_flow/dataset_cropped/09_Metas/30/17/20190930175000_00160.jpg,datasets_cloudmask/dataset_cropped/09_Metas/30/17/20190930175000_00160.png,121,235.5,70.2,25,959
9/30/2019 17:51,datasets/dataset_cropped/09_Metas/30/17/20190930175100_00160.jpg,datasets_flow/dataset_cropped/09_Metas/30/17/20190930175100_00160.jpg,datasets_cloudmask/dataset_cropped/09_Metas/30/17/20190930175100_00160.png,115.5,215.9,69.6,25,959
9/30/2019 17:52,datasets/dataset_cropped/09_Metas/30/17/20190930175200_00160.jpg,datasets_flow/dataset_cropped/09_Metas/30/17/20190930175200_00160.jpg,datasets_cloudmask/dataset_cropped/09_Metas/30/17/20190930175200_00160.png,111.5,204.1,68.7,25,959
9/30/2019 17:53,datasets/dataset_cropped/09_Metas/30/17/20190930175300_00160.jpg,datasets_flow/dataset_cropped/09_Metas/30/17/20190930175300_00160.jpg,datasets_cloudmask/dataset_cropped/09_Metas/30/17/20190930175300_00160.png,107.4,189.4,68.1,25.1,959
9/30/2019 17:54,datasets/dataset_cropped/09_Metas/30/17/20190930175400_00160.jpg,datasets_flow/dataset_cropped/09_Metas/30/17/20190930175400_00160.jpg,datasets_cloudmask/dataset_cropped/09_Metas/30/17/20190930175400_00160.png,97.1,145.2,67.2,25.1,959
9/30/2019 17:55,datasets/dataset_cropped/09_Metas/30/17/20190930175500_00160.jpg,datasets_flow/dataset_cropped/09_Metas/30/17/20190930175500_00160.jpg,datasets_cloudmask/dataset_cropped/09_Metas/30/17/20190930175500_00160.png,93.2,131.4,66.5,25.1,959
9/30/2019 17:56,datasets/dataset_cropped/09_Metas/30/17/20190930175600_00160.jpg,datasets_flow/dataset_cropped/09_Metas/30/17/20190930175600_00160.jpg,datasets_cloudmask/dataset_cropped/09_Metas/30/17/20190930175600_00160.png,101.3,174.9,66.8,25,959
9/30/2019 17:57,datasets/dataset_cropped/09_Metas/30/17/20190930175700_00160.jpg,datasets_flow/dataset_cropped/09_Metas/30/17/20190930175700_00160.jpg,datasets_cloudmask/dataset_cropped/09_Metas/30/17/20190930175700_00160.png,114.9,245.3,67.7,25,959
9/30/2019 17:58,datasets/dataset_cropped/09_Metas/30/17/20190930175800_00160.jpg,datasets_flow/dataset_cropped/09_Metas/30/17/20190930175800_00160.jpg,datasets_cloudmask/dataset_cropped/09_Metas/30/17/20190930175800_00160.png,120.6,276.5,68.5,24.9,960
9/30/2019 17:59,datasets/dataset_cropped/09_Metas/30/17/20190930175900_00160.jpg,datasets_flow/dataset_cropped/09_Metas/30/17/20190930175900_00160.jpg,datasets_cloudmask/dataset_cropped/09_Metas/30/17/20190930175900_00160.png,120.3,278,68.9,24.8,959
9/30/2019 18:00,datasets/dataset_cropped/09_Metas/30/18/20190930180000_00160.jpg,datasets_flow/dataset_cropped/09_Metas/30/18/20190930180000_00160.jpg,datasets_cloudmask/dataset_cropped/09_Metas/30/18/20190930180000_00160.png,109.7,227.7,68.2,24.8,959
9/30/2019 18:01,datasets/dataset_cropped/09_Metas/30/18/20190930180100_00160.jpg,datasets_flow/dataset_cropped/09_Metas/30/18/20190930180100_00160.jpg,datasets_cloudmask/dataset_cropped/09_Metas/30/18/20190930180100_00160.png,105.2,210.7,67.5,24.7,959
9/30/2019 18:02,datasets/dataset_cropped/09_Metas/30/18/20190930180200_00160.jpg,datasets_flow/dataset_cropped/09_Metas/30/18/20190930180200_00160.jpg,datasets_cloudmask/dataset_cropped/09_Metas/30/18/20190930180200_00160.png,103.2,207.7,66.6,24.6,959
9/30/2019 18:03,datasets/dataset_cropped/09_Metas/30/18/20190930180300_00160.jpg,datasets_flow/dataset_cropped/09_Metas/30/18/20190930180300_00160.jpg,datasets_cloudmask/dataset_cropped/09_Metas/30/18/20190930180300_00160.png,102.2,209.4,65.9,24.5,959
9/30/2019 18:04,datasets/dataset_cropped/09_Metas/30/18/20190930180400_00160.jpg,datasets_flow/dataset_cropped/09_Metas/30/18/20190930180400_00160.jpg,datasets_cloudmask/dataset_cropped/09_Metas/30/18/20190930180400_00160.png,93.2,165,64.8,24.6,959
9/30/2019 18:05,datasets/dataset_cropped/09_Metas/30/18/20190930180500_00160.jpg,datasets_flow/dataset_cropped/09_Metas/30/18/20190930180500_00160.jpg,datasets_cloudmask/dataset_cropped/09_Metas/30/18/20190930180500_00160.png,85.2,128.7,63.4,24.5,959
9/30/2019 18:06,datasets/dataset_cropped/09_Metas/30/18/20190930180600_00160.jpg,datasets_flow/dataset_cropped/09_Metas/30/18/20190930180600_00160.jpg,datasets_cloudmask/dataset_cropped/09_Metas/30/18/20190930180600_00160.png,79,101.3,62.1,24.3,959
9/30/2019 18:07,datasets/dataset_cropped/09_Metas/30/18/20190930180700_00160.jpg,datasets_flow/dataset_cropped/09_Metas/30/18/20190930180700_00160.jpg,datasets_cloudmask/dataset_cropped/09_Metas/30/18/20190930180700_00160.png,77.5,102.6,60.9,24.3,959
9/30/2019 18:08,datasets/dataset_cropped/09_Metas/30/18/20190930180800_00160.jpg,datasets_flow/dataset_cropped/09_Metas/30/18/20190930180800_00160.jpg,datasets_cloudmask/dataset_cropped/09_Metas/30/18/20190930180800_00160.png,76.2,102.6,59.9,24.3,959
9/30/2019 18:09,datasets/dataset_cropped/09_Metas/30/18/20190930180900_00160.jpg,datasets_flow/dataset_cropped/09_Metas/30/18/20190930180900_00160.jpg,datasets_cloudmask/dataset_cropped/09_Metas/30/18/20190930180900_00160.png,73.5,95,58.7,24.2,959
9/30/2019 18:10,datasets/dataset_cropped/09_Metas/30/18/20190930181000_00160.jpg,datasets_flow/dataset_cropped/09_Metas/30/18/20190930181000_00160.jpg,datasets_cloudmask/dataset_cropped/09_Metas/30/18/20190930181000_00160.png,67,63.1,57.2,24.1,959
9/30/2019 18:11,datasets/dataset_cropped/09_Metas/30/18/20190930181100_00160.jpg,datasets_flow/dataset_cropped/09_Metas/30/18/20190930181100_00160.jpg,datasets_cloudmask/dataset_cropped/09_Metas/30/18/20190930181100_00160.png,61.8,39,55.6,24,959
9/30/2019 18:12,datasets/dataset_cropped/09_Metas/30/18/20190930181200_00160.jpg,datasets_flow/dataset_cropped/09_Metas/30/18/20190930181200_00160.jpg,datasets_cloudmask/dataset_cropped/09_Metas/30/18/20190930181200_00160.png,59.2,31.9,54.3,23.9,959
9/30/2019 18:13,datasets/dataset_cropped/09_Metas/30/18/20190930181300_00160.jpg,datasets_flow/dataset_cropped/09_Metas/30/18/20190930181300_00160.jpg,datasets_cloudmask/dataset_cropped/09_Metas/30/18/20190930181300_00160.png,59,38.7,53.3,23.8,959
9/30/2019 18:14,datasets/dataset_cropped/09_Metas/30/18/20190930181400_00160.jpg,datasets_flow/dataset_cropped/09_Metas/30/18/20190930181400_00160.jpg,datasets_cloudmask/dataset_cropped/09_Metas/30/18/20190930181400_00160.png,58.9,45.3,52.5,23.7,959
9/30/2019 18:15,datasets/dataset_cropped/09_Metas/30/18/20190930181500_00160.jpg,datasets_flow/dataset_cropped/09_Metas/30/18/20190930181500_00160.jpg,datasets_cloudmask/dataset_cropped/09_Metas/30/18/20190930181500_00160.png,59.4,56.7,51.8,23.8,959
9/30/2019 18:16,datasets/dataset_cropped/09_Metas/30/18/20190930181600_00160.jpg,datasets_flow/dataset_cropped/09_Metas/30/18/20190930181600_00160.jpg,datasets_cloudmask/dataset_cropped/09_Metas/30/18/20190930181600_00160.png,60.9,75.4,51.1,23.7,959
9/30/2019 18:17,datasets/dataset_cropped/09_Metas/30/18/20190930181700_00160.jpg,datasets_flow/dataset_cropped/09_Metas/30/18/20190930181700_00160.jpg,datasets_cloudmask/dataset_cropped/09_Metas/30/18/20190930181700_00160.png,62.1,91.8,50.5,23.7,960
9/30/2019 18:18,datasets/dataset_cropped/09_Metas/30/18/20190930181800_00160.jpg,datasets_flow/dataset_cropped/09_Metas/30/18/20190930181800_00160.jpg,datasets_cloudmask/dataset_cropped/09_Metas/30/18/20190930181800_00160.png,61.5,94.7,49.9,23.6,959
9/30/2019 18:19,datasets/dataset_cropped/09_Metas/30/18/20190930181900_00160.jpg,datasets_flow/dataset_cropped/09_Metas/30/18/20190930181900_00160.jpg,datasets_cloudmask/dataset_cropped/09_Metas/30/18/20190930181900_00160.png,61.4,102.9,49.2,23.4,959
9/30/2019 18:20,datasets/dataset_cropped/09_Metas/30/18/20190930182000_00160.jpg,datasets_flow/dataset_cropped/09_Metas/30/18/20190930182000_00160.jpg,datasets_cloudmask/dataset_cropped/09_Metas/30/18/20190930182000_00160.png,60.8,107.5,48.2,23.4,960
9/30/2019 18:21,datasets/dataset_cropped/09_Metas/30/18/20190930182100_00160.jpg,datasets_flow/dataset_cropped/09_Metas/30/18/20190930182100_00160.jpg,datasets_cloudmask/dataset_cropped/09_Metas/30/18/20190930182100_00160.png,59.2,105.5,47.2,23.4,959
9/30/2019 18:22,datasets/dataset_cropped/09_Metas/30/18/20190930182200_00160.jpg,datasets_flow/dataset_cropped/09_Metas/30/18/20190930182200_00160.jpg,datasets_cloudmask/dataset_cropped/09_Metas/30/18/20190930182200_00160.png,57.8,105.6,46.2,23.3,960
9/30/2019 18:23,datasets/dataset_cropped/09_Metas/30/18/20190930182300_00160.jpg,datasets_flow/dataset_cropped/09_Metas/30/18/20190930182300_00160.jpg,datasets_cloudmask/dataset_cropped/09_Metas/30/18/20190930182300_00160.png,55.5,97.1,45.1,23.3,959
9/30/2019 18:24,datasets/dataset_cropped/09_Metas/30/18/20190930182400_00160.jpg,datasets_flow/dataset_cropped/09_Metas/30/18/20190930182400_00160.jpg,datasets_cloudmask/dataset_cropped/09_Metas/30/18/20190930182400_00160.png,51,70.2,43.7,23.3,959
9/30/2019 18:25,datasets/dataset_cropped/09_Metas/30/18/20190930182500_00160.jpg,datasets_flow/dataset_cropped/09_Metas/30/18/20190930182500_00160.jpg,datasets_cloudmask/dataset_cropped/09_Metas/30/18/20190930182500_00160.png,46.2,42,41.8,23.2,959
9/30/2019 18:26,datasets/dataset_cropped/09_Metas/30/18/20190930182600_00160.jpg,datasets_flow/dataset_cropped/09_Metas/30/18/20190930182600_00160.jpg,datasets_cloudmask/dataset_cropped/09_Metas/30/18/20190930182600_00160.png,43.2,32.1,39.9,23.2,960
9/30/2019 18:27,datasets/dataset_cropped/09_Metas/30/18/20190930182700_00160.jpg,datasets_flow/dataset_cropped/09_Metas/30/18/20190930182700_00160.jpg,datasets_cloudmask/dataset_cropped/09_Metas/30/18/20190930182700_00160.png,41.3,31.3,38.2,23.2,959
9/30/2019 18:28,datasets/dataset_cropped/09_Metas/30/18/20190930182800_00160.jpg,datasets_flow/dataset_cropped/09_Metas/30/18/20190930182800_00160.jpg,datasets_cloudmask/dataset_cropped/09_Metas/30/18/20190930182800_00160.png,39.1,26.3,36.5,23.1,959
9/30/2019 18:29,datasets/dataset_cropped/09_Metas/30/18/20190930182900_00160.jpg,datasets_flow/dataset_cropped/09_Metas/30/18/20190930182900_00160.jpg,datasets_cloudmask/dataset_cropped/09_Metas/30/18/20190930182900_00160.png,36.6,17.2,34.9,23.1,960
9/30/2019 18:30,datasets/dataset_cropped/09_Metas/30/18/20190930183000_00160.jpg,datasets_flow/dataset_cropped/09_Metas/30/18/20190930183000_00160.jpg,datasets_cloudmask/dataset_cropped/09_Metas/30/18/20190930183000_00160.png,34.3,10.1,33.1,23.1,959
9/30/2019 18:31,datasets/dataset_cropped/09_Metas/30/18/20190930183100_00160.jpg,datasets_flow/dataset_cropped/09_Metas/30/18/20190930183100_00160.jpg,datasets_cloudmask/dataset_cropped/09_Metas/30/18/20190930183100_00160.png,32.2,5.4,31.4,23.1,960
9/30/2019 18:32,datasets/dataset_cropped/09_Metas/30/18/20190930183200_00160.jpg,datasets_flow/dataset_cropped/09_Metas/30/18/20190930183200_00160.jpg,datasets_cloudmask/dataset_cropped/09_Metas/30/18/20190930183200_00160.png,30.4,3,29.9,23.1,959
9/30/2019 18:33,datasets/dataset_cropped/09_Metas/30/18/20190930183300_00160.jpg,datasets_flow/dataset_cropped/09_Metas/30/18/20190930183300_00160.jpg,datasets_cloudmask/dataset_cropped/09_Metas/30/18/20190930183300_00160.png,28.7,2,28.3,23.1,960
9/30/2019 18:34,datasets/dataset_cropped/09_Metas/30/18/20190930183400_00160.jpg,datasets_flow/dataset_cropped/09_Metas/30/18/20190930183400_00160.jpg,datasets_cloudmask/dataset_cropped/09_Metas/30/18/20190930183400_00160.png,27.1,1.6,26.8,23,960
9/30/2019 18:35,datasets/dataset_cropped/09_Metas/30/18/20190930183500_00160.jpg,datasets_flow/dataset_cropped/09_Metas/30/18/20190930183500_00160.jpg,datasets_cloudmask/dataset_cropped/09_Metas/30/18/20190930183500_00160.png,25.6,1.9,25.2,22.9,960
9/30/2019 18:36,datasets/dataset_cropped/09_Metas/30/18/20190930183600_00160.jpg,datasets_flow/dataset_cropped/09_Metas/30/18/20190930183600_00160.jpg,datasets_cloudmask/dataset_cropped/09_Metas/30/18/20190930183600_00160.png,24.2,3.6,23.8,22.8,960
9/30/2019 18:37,datasets/dataset_cropped/09_Metas/30/18/20190930183700_00160.jpg,datasets_flow/dataset_cropped/09_Metas/30/18/20190930183700_00160.jpg,datasets_cloudmask/dataset_cropped/09_Metas/30/18/20190930183700_00160.png,23.2,8.5,22.4,22.8,960
9/30/2019 18:38,datasets/dataset_cropped/09_Metas/30/18/20190930183800_00160.jpg,datasets_flow/dataset_cropped/09_Metas/30/18/20190930183800_00160.jpg,datasets_cloudmask/dataset_cropped/09_Metas/30/18/20190930183800_00160.png,23.1,30.8,21.4,22.8,960
9/30/2019 18:39,datasets/dataset_cropped/09_Metas/30/18/20190930183900_00160.jpg,datasets_flow/dataset_cropped/09_Metas/30/18/20190930183900_00160.jpg,datasets_cloudmask/dataset_cropped/09_Metas/30/18/20190930183900_00160.png,23.6,58.3,20.5,22.7,960
9/30/2019 18:40,datasets/dataset_cropped/09_Metas/30/18/20190930184000_00160.jpg,datasets_flow/dataset_cropped/09_Metas/30/18/20190930184000_00160.jpg,datasets_cloudmask/dataset_cropped/09_Metas/30/18/20190930184000_00160.png,22.2,52,19.6,22.7,960
9/30/2019 18:41,datasets/dataset_cropped/09_Metas/30/18/20190930184100_00160.jpg,datasets_flow/dataset_cropped/09_Metas/30/18/20190930184100_00160.jpg,datasets_cloudmask/dataset_cropped/09_Metas/30/18/20190930184100_00160.png,19.7,26.5,18.2,22.6,959
9/30/2019 18:42,datasets/dataset_cropped/09_Metas/30/18/20190930184200_00160.jpg,datasets_flow/dataset_cropped/09_Metas/30/18/20190930184200_00160.jpg,datasets_cloudmask/dataset_cropped/09_Metas/30/18/20190930184200_00160.png,17.1,6.2,16.6,22.6,960
9/30/2019 18:43,datasets/dataset_cropped/09_Metas/30/18/20190930184300_00160.jpg,datasets_flow/dataset_cropped/09_Metas/30/18/20190930184300_00160.jpg,datasets_cloudmask/dataset_cropped/09_Metas/30/18/20190930184300_00160.png,15.1,0.9,14.8,22.5,960
9/30/2019 18:44,datasets/dataset_cropped/09_Metas/30/18/20190930184400_00160.jpg,datasets_flow/dataset_cropped/09_Metas/30/18/20190930184400_00160.jpg,datasets_cloudmask/dataset_cropped/09_Metas/30/18/20190930184400_00160.png,13.4,0.1,13.1,22.5,959
9/30/2019 18:45,datasets/dataset_cropped/09_Metas/30/18/20190930184500_00160.jpg,datasets_flow/dataset_cropped/09_Metas/30/18/20190930184500_00160.jpg,datasets_cloudmask/dataset_cropped/09_Metas/30/18/20190930184500_00160.png,11.9,0,11.7,22.4,959
9/30/2019 18:46,datasets/dataset_cropped/09_Metas/30/18/20190930184600_00160.jpg,datasets_flow/dataset_cropped/09_Metas/30/18/20190930184600_00160.jpg,datasets_cloudmask/dataset_cropped/09_Metas/30/18/20190930184600_00160.png,10.6,0,10.4,22.4,959
9/30/2019 18:47,datasets/dataset_cropped/09_Metas/30/18/20190930184700_00160.jpg,datasets_flow/dataset_cropped/09_Metas/30/18/20190930184700_00160.jpg,datasets_cloudmask/dataset_cropped/09_Metas/30/18/20190930184700_00160.png,9.4,0,9.2,22.4,960
9/30/2019 18:48,datasets/dataset_cropped/09_Metas/30/18/20190930184800_00160.jpg,datasets_flow/dataset_cropped/09_Metas/30/18/20190930184800_00160.jpg,datasets_cloudmask/dataset_cropped/09_Metas/30/18/20190930184800_00160.png,8.2,0,8.1,22.3,959
9/30/2019 18:49,datasets/dataset_cropped/09_Metas/30/18/20190930184900_00160.jpg,datasets_flow/dataset_cropped/09_Metas/30/18/20190930184900_00160.jpg,datasets_cloudmask/dataset_cropped/09_Metas/30/18/20190930184900_00160.png,7.1,0,6.9,22.3,959
9/30/2019 18:50,datasets/dataset_cropped/09_Metas/30/18/20190930185000_00160.jpg,datasets_flow/dataset_cropped/09_Metas/30/18/20190930185000_00160.jpg,datasets_cloudmask/dataset_cropped/09_Metas/30/18/20190930185000_00160.png,6.1,0,6,22.3,959
9/30/2019 18:51,datasets/dataset_cropped/09_Metas/30/18/20190930185100_00160.jpg,datasets_flow/dataset_cropped/09_Metas/30/18/20190930185100_00160.jpg,datasets_cloudmask/dataset_cropped/09_Metas/30/18/20190930185100_00160.png,5.1,0,4.9,22.2,959
9/30/2019 18:52,datasets/dataset_cropped/09_Metas/30/18/20190930185200_00160.jpg,datasets_flow/dataset_cropped/09_Metas/30/18/20190930185200_00160.jpg,datasets_cloudmask/dataset_cropped/09_Metas/30/18/20190930185200_00160.png,4.2,0,4,22.2,960
9/30/2019 18:53,datasets/dataset_cropped/09_Metas/30/18/20190930185300_00160.jpg,datasets_flow/dataset_cropped/09_Metas/30/18/20190930185300_00160.jpg,datasets_cloudmask/dataset_cropped/09_Metas/30/18/20190930185300_00160.png,3.3,0,3.1,22.1,959
10/1/2019 7:06,datasets/dataset_cropped/10_Metas/01/07/20191001070600_00160.jpg,datasets_flow/dataset_cropped/10_Metas/01/07/20191001070600_00160.jpg,datasets_cloudmask/dataset_cropped/10_Metas/01/07/20191001070600_00160.png,9.6,0.7,9.8,17.3,958
10/1/2019 7:07,datasets/dataset_cropped/10_Metas/01/07/20191001070700_00160.jpg,datasets_flow/dataset_cropped/10_Metas/01/07/20191001070700_00160.jpg,datasets_cloudmask/dataset_cropped/10_Metas/01/07/20191001070700_00160.png,10.1,0.7,10.3,17.3,958
10/1/2019 7:08,datasets/dataset_cropped/10_Metas/01/07/20191001070800_00160.jpg,datasets_flow/dataset_cropped/10_Metas/01/07/20191001070800_00160.jpg,datasets_cloudmask/dataset_cropped/10_Metas/01/07/20191001070800_00160.png,10.5,0.8,10.8,17.2,958
10/1/2019 7:09,datasets/dataset_cropped/10_Metas/01/07/20191001070900_00160.jpg,datasets_flow/dataset_cropped/10_Metas/01/07/20191001070900_00160.jpg,datasets_cloudmask/dataset_cropped/10_Metas/01/07/20191001070900_00160.png,10.7,0.8,10.7,17.3,958
10/1/2019 7:10,datasets/dataset_cropped/10_Metas/01/07/20191001071000_00160.jpg,datasets_flow/dataset_cropped/10_Metas/01/07/20191001071000_00160.jpg,datasets_cloudmask/dataset_cropped/10_Metas/01/07/20191001071000_00160.png,11,0.9,10.9,17.3,958
10/1/2019 7:11,datasets/dataset_cropped/10_Metas/01/07/20191001071100_00160.jpg,datasets_flow/dataset_cropped/10_Metas/01/07/20191001071100_00160.jpg,datasets_cloudmask/dataset_cropped/10_Metas/01/07/20191001071100_00160.png,11.7,1.3,11.8,17.4,957
10/1/2019 7:12,datasets/dataset_cropped/10_Metas/01/07/20191001071200_00160.jpg,datasets_flow/dataset_cropped/10_Metas/01/07/20191001071200_00160.jpg,datasets_cloudmask/dataset_cropped/10_Metas/01/07/20191001071200_00160.png,12.6,2,12.9,17.5,957
10/1/2019 7:13,datasets/dataset_cropped/10_Metas/01/07/20191001071300_00160.jpg,datasets_flow/dataset_cropped/10_Metas/01/07/20191001071300_00160.jpg,datasets_cloudmask/dataset_cropped/10_Metas/01/07/20191001071300_00160.png,13.9,3.5,14.2,17.7,957
10/1/2019 7:14,datasets/dataset_cropped/10_Metas/01/07/20191001071400_00160.jpg,datasets_flow/dataset_cropped/10_Metas/01/07/20191001071400_00160.jpg,datasets_cloudmask/dataset_cropped/10_Metas/01/07/20191001071400_00160.png,15.4,5.4,15.6,17.8,958
10/1/2019 7:15,datasets/dataset_cropped/10_Metas/01/07/20191001071500_00160.jpg,datasets_flow/dataset_cropped/10_Metas/01/07/20191001071500_00160.jpg,datasets_cloudmask/dataset_cropped/10_Metas/01/07/20191001071500_00160.png,17.3,7.8,17.2,17.9,958
10/1/2019 7:16,datasets/dataset_cropped/10_Metas/01/07/20191001071600_00160.jpg,datasets_flow/dataset_cropped/10_Metas/01/07/20191001071600_00160.jpg,datasets_cloudmask/dataset_cropped/10_Metas/01/07/20191001071600_00160.png,19.5,11.1,19.1,18,958
10/1/2019 7:17,datasets/dataset_cropped/10_Metas/01/07/20191001071700_00160.jpg,datasets_flow/dataset_cropped/10_Metas/01/07/20191001071700_00160.jpg,datasets_cloudmask/dataset_cropped/10_Metas/01/07/20191001071700_00160.png,21.9,15.3,21.1,18.1,958
10/1/2019 7:18,datasets/dataset_cropped/10_Metas/01/07/20191001071800_00160.jpg,datasets_flow/dataset_cropped/10_Metas/01/07/20191001071800_00160.jpg,datasets_cloudmask/dataset_cropped/10_Metas/01/07/20191001071800_00160.png,24.2,21.2,23,18,958
10/1/2019 7:19,datasets/dataset_cropped/10_Metas/01/07/20191001071900_00160.jpg,datasets_flow/dataset_cropped/10_Metas/01/07/20191001071900_00160.jpg,datasets_cloudmask/dataset_cropped/10_Metas/01/07/20191001071900_00160.png,26.6,29.5,25,18,958
10/1/2019 7:20,datasets/dataset_cropped/10_Metas/01/07/20191001072000_00160.jpg,datasets_flow/dataset_cropped/10_Metas/01/07/20191001072000_00160.jpg,datasets_cloudmask/dataset_cropped/10_Metas/01/07/20191001072000_00160.png,28.9,39.2,26.8,18,958
10/1/2019 7:21,datasets/dataset_cropped/10_Metas/01/07/20191001072100_00160.jpg,datasets_flow/dataset_cropped/10_Metas/01/07/20191001072100_00160.jpg,datasets_cloudmask/dataset_cropped/10_Metas/01/07/20191001072100_00160.png,31.2,49.8,28.4,18.1,958
10/1/2019 7:22,datasets/dataset_cropped/10_Metas/01/07/20191001072200_00160.jpg,datasets_flow/dataset_cropped/10_Metas/01/07/20191001072200_00160.jpg,datasets_cloudmask/dataset_cropped/10_Metas/01/07/20191001072200_00160.png,33.5,63,29.9,18.2,958
10/1/2019 7:23,datasets/dataset_cropped/10_Metas/01/07/20191001072300_00160.jpg,datasets_flow/dataset_cropped/10_Metas/01/07/20191001072300_00160.jpg,datasets_cloudmask/dataset_cropped/10_Metas/01/07/20191001072300_00160.png,35.5,78.3,30.9,18.2,958
10/1/2019 7:24,datasets/dataset_cropped/10_Metas/01/07/20191001072400_00160.jpg,datasets_flow/dataset_cropped/10_Metas/01/07/20191001072400_00160.jpg,datasets_cloudmask/dataset_cropped/10_Metas/01/07/20191001072400_00160.png,37,91.6,31.6,18.3,957
10/1/2019 7:25,datasets/dataset_cropped/10_Metas/01/07/20191001072500_00160.jpg,datasets_flow/dataset_cropped/10_Metas/01/07/20191001072500_00160.jpg,datasets_cloudmask/dataset_cropped/10_Metas/01/07/20191001072500_00160.png,38.6,103.3,32.3,18.5,958
10/1/2019 7:26,datasets/dataset_cropped/10_Metas/01/07/20191001072600_00160.jpg,datasets_flow/dataset_cropped/10_Metas/01/07/20191001072600_00160.jpg,datasets_cloudmask/dataset_cropped/10_Metas/01/07/20191001072600_00160.png,40.1,105.3,33.4,18.5,958
10/1/2019 7:27,datasets/dataset_cropped/10_Metas/01/07/20191001072700_00160.jpg,datasets_flow/dataset_cropped/10_Metas/01/07/20191001072700_00160.jpg,datasets_cloudmask/dataset_cropped/10_Metas/01/07/20191001072700_00160.png,40.1,76.8,34.9,18.6,958
10/1/2019 7:28,datasets/dataset_cropped/10_Metas/01/07/20191001072800_00160.jpg,datasets_flow/dataset_cropped/10_Metas/01/07/20191001072800_00160.jpg,datasets_cloudmask/dataset_cropped/10_Metas/01/07/20191001072800_00160.png,41.9,73.3,36.7,18.7,957
10/1/2019 7:29,datasets/dataset_cropped/10_Metas/01/07/20191001072900_00160.jpg,datasets_flow/dataset_cropped/10_Metas/01/07/20191001072900_00160.jpg,datasets_cloudmask/dataset_cropped/10_Metas/01/07/20191001072900_00160.png,45.6,102.2,38.2,18.8,957
10/1/2019 7:30,datasets/dataset_cropped/10_Metas/01/07/20191001073000_00160.jpg,datasets_flow/dataset_cropped/10_Metas/01/07/20191001073000_00160.jpg,datasets_cloudmask/dataset_cropped/10_Metas/01/07/20191001073000_00160.png,47.5,113.2,39.3,18.9,958
10/1/2019 7:31,datasets/dataset_cropped/10_Metas/01/07/20191001073100_00160.jpg,datasets_flow/dataset_cropped/10_Metas/01/07/20191001073100_00160.jpg,datasets_cloudmask/dataset_cropped/10_Metas/01/07/20191001073100_00160.png,50.7,141.5,39.9,19.1,958
10/1/2019 7:32,datasets/dataset_cropped/10_Metas/01/07/20191001073200_00160.jpg,datasets_flow/dataset_cropped/10_Metas/01/07/20191001073200_00160.jpg,datasets_cloudmask/dataset_cropped/10_Metas/01/07/20191001073200_00160.png,51.7,149.9,39.8,19.2,958
10/1/2019 7:33,datasets/dataset_cropped/10_Metas/01/07/20191001073300_00160.jpg,datasets_flow/dataset_cropped/10_Metas/01/07/20191001073300_00160.jpg,datasets_cloudmask/dataset_cropped/10_Metas/01/07/20191001073300_00160.png,51.9,155.3,39,19.3,958
10/1/2019 7:34,datasets/dataset_cropped/10_Metas/01/07/20191001073400_00160.jpg,datasets_flow/dataset_cropped/10_Metas/01/07/20191001073400_00160.jpg,datasets_cloudmask/dataset_cropped/10_Metas/01/07/20191001073400_00160.png,51.9,165.1,37.3,19.5,958
10/1/2019 7:35,datasets/dataset_cropped/10_Metas/01/07/20191001073500_00160.jpg,datasets_flow/dataset_cropped/10_Metas/01/07/20191001073500_00160.jpg,datasets_cloudmask/dataset_cropped/10_Metas/01/07/20191001073500_00160.png,50.8,167.3,35.3,19.8,958
10/1/2019 7:36,datasets/dataset_cropped/10_Metas/01/07/20191001073600_00160.jpg,datasets_flow/dataset_cropped/10_Metas/01/07/20191001073600_00160.jpg,datasets_cloudmask/dataset_cropped/10_Metas/01/07/20191001073600_00160.png,46.2,132.8,33.5,20,958
10/1/2019 7:37,datasets/dataset_cropped/10_Metas/01/07/20191001073700_00160.jpg,datasets_flow/dataset_cropped/10_Metas/01/07/20191001073700_00160.jpg,datasets_cloudmask/dataset_cropped/10_Metas/01/07/20191001073700_00160.png,39.5,71.5,32.6,20.1,958
10/1/2019 7:38,datasets/dataset_cropped/10_Metas/01/07/20191001073800_00160.jpg,datasets_flow/dataset_cropped/10_Metas/01/07/20191001073800_00160.jpg,datasets_cloudmask/dataset_cropped/10_Metas/01/07/20191001073800_00160.png,37.3,50.1,32.2,20.2,958
10/1/2019 7:39,datasets/dataset_cropped/10_Metas/01/07/20191001073900_00160.jpg,datasets_flow/dataset_cropped/10_Metas/01/07/20191001073900_00160.jpg,datasets_cloudmask/dataset_cropped/10_Metas/01/07/20191001073900_00160.png,35,23.2,32.7,20.2,958
10/1/2019 7:40,datasets/dataset_cropped/10_Metas/01/07/20191001074000_00160.jpg,datasets_flow/dataset_cropped/10_Metas/01/07/20191001074000_00160.jpg,datasets_cloudmask/dataset_cropped/10_Metas/01/07/20191001074000_00160.png,36.2,26.3,33.4,20.1,958
10/1/2019 7:41,datasets/dataset_cropped/10_Metas/01/07/20191001074100_00160.jpg,datasets_flow/dataset_cropped/10_Metas/01/07/20191001074100_00160.jpg,datasets_cloudmask/dataset_cropped/10_Metas/01/07/20191001074100_00160.png,41.1,63.9,33.9,19.9,958
10/1/2019 7:42,datasets/dataset_cropped/10_Metas/01/07/20191001074200_00160.jpg,datasets_flow/dataset_cropped/10_Metas/01/07/20191001074200_00160.jpg,datasets_cloudmask/dataset_cropped/10_Metas/01/07/20191001074200_00160.png,38.4,38.3,34.2,19.7,958
10/1/2019 7:43,datasets/dataset_cropped/10_Metas/01/07/20191001074300_00160.jpg,datasets_flow/dataset_cropped/10_Metas/01/07/20191001074300_00160.jpg,datasets_cloudmask/dataset_cropped/10_Metas/01/07/20191001074300_00160.png,35.6,7.6,34.9,19.6,958
10/1/2019 7:44,datasets/dataset_cropped/10_Metas/01/07/20191001074400_00160.jpg,datasets_flow/dataset_cropped/10_Metas/01/07/20191001074400_00160.jpg,datasets_cloudmask/dataset_cropped/10_Metas/01/07/20191001074400_00160.png,36.4,2.9,36.2,19.6,958
10/1/2019 7:45,datasets/dataset_cropped/10_Metas/01/07/20191001074500_00160.jpg,datasets_flow/dataset_cropped/10_Metas/01/07/20191001074500_00160.jpg,datasets_cloudmask/dataset_cropped/10_Metas/01/07/20191001074500_00160.png,38.1,1.6,38.1,19.6,958
10/1/2019 7:46,datasets/dataset_cropped/10_Metas/01/07/20191001074600_00160.jpg,datasets_flow/dataset_cropped/10_Metas/01/07/20191001074600_00160.jpg,datasets_cloudmask/dataset_cropped/10_Metas/01/07/20191001074600_00160.png,40.5,1,40.5,19.5,957
10/1/2019 7:47,datasets/dataset_cropped/10_Metas/01/07/20191001074700_00160.jpg,datasets_flow/dataset_cropped/10_Metas/01/07/20191001074700_00160.jpg,datasets_cloudmask/dataset_cropped/10_Metas/01/07/20191001074700_00160.png,43.4,0.6,43.5,19.5,958
10/1/2019 7:48,datasets/dataset_cropped/10_Metas/01/07/20191001074800_00160.jpg,datasets_flow/dataset_cropped/10_Metas/01/07/20191001074800_00160.jpg,datasets_cloudmask/dataset_cropped/10_Metas/01/07/20191001074800_00160.png,46.8,0.4,47,19.4,958
10/1/2019 7:49,datasets/dataset_cropped/10_Metas/01/07/20191001074900_00160.jpg,datasets_flow/dataset_cropped/10_Metas/01/07/20191001074900_00160.jpg,datasets_cloudmask/dataset_cropped/10_Metas/01/07/20191001074900_00160.png,50.6,0.3,50.7,19.3,958
10/1/2019 7:50,datasets/dataset_cropped/10_Metas/01/07/20191001075000_00160.jpg,datasets_flow/dataset_cropped/10_Metas/01/07/20191001075000_00160.jpg,datasets_cloudmask/dataset_cropped/10_Metas/01/07/20191001075000_00160.png,54.4,0.4,54.5,19.4,958
10/1/2019 7:51,datasets/dataset_cropped/10_Metas/01/07/20191001075100_00160.jpg,datasets_flow/dataset_cropped/10_Metas/01/07/20191001075100_00160.jpg,datasets_cloudmask/dataset_cropped/10_Metas/01/07/20191001075100_00160.png,57.9,0.7,58.1,19.5,957
10/1/2019 7:52,datasets/dataset_cropped/10_Metas/01/07/20191001075200_00160.jpg,datasets_flow/dataset_cropped/10_Metas/01/07/20191001075200_00160.jpg,datasets_cloudmask/dataset_cropped/10_Metas/01/07/20191001075200_00160.png,61,1.2,61.2,19.5,958
10/1/2019 7:53,datasets/dataset_cropped/10_Metas/01/07/20191001075300_00160.jpg,datasets_flow/dataset_cropped/10_Metas/01/07/20191001075300_00160.jpg,datasets_cloudmask/dataset_cropped/10_Metas/01/07/20191001075300_00160.png,63.5,2.3,63.6,19.5,958
10/1/2019 7:54,datasets/dataset_cropped/10_Metas/01/07/20191001075400_00160.jpg,datasets_flow/dataset_cropped/10_Metas/01/07/20191001075400_00160.jpg,datasets_cloudmask/dataset_cropped/10_Metas/01/07/20191001075400_00160.png,65.5,3.1,65.6,19.5,957
10/1/2019 7:55,datasets/dataset_cropped/10_Metas/01/07/20191001075500_00160.jpg,datasets_flow/dataset_cropped/10_Metas/01/07/20191001075500_00160.jpg,datasets_cloudmask/dataset_cropped/10_Metas/01/07/20191001075500_00160.png,66.8,2.3,67.2,19.5,958
10/1/2019 7:56,datasets/dataset_cropped/10_Metas/01/07/20191001075600_00160.jpg,datasets_flow/dataset_cropped/10_Metas/01/07/20191001075600_00160.jpg,datasets_cloudmask/dataset_cropped/10_Metas/01/07/20191001075600_00160.png,68.5,1.9,68.8,19.5,958
10/1/2019 7:57,datasets/dataset_cropped/10_Metas/01/07/20191001075700_00160.jpg,datasets_flow/dataset_cropped/10_Metas/01/07/20191001075700_00160.jpg,datasets_cloudmask/dataset_cropped/10_Metas/01/07/20191001075700_00160.png,70.4,1.5,70.7,19.5,958
10/1/2019 7:58,datasets/dataset_cropped/10_Metas/01/07/20191001075800_00160.jpg,datasets_flow/dataset_cropped/10_Metas/01/07/20191001075800_00160.jpg,datasets_cloudmask/dataset_cropped/10_Metas/01/07/20191001075800_00160.png,72.5,1.2,72.9,19.5,958
10/1/2019 7:59,datasets/dataset_cropped/10_Metas/01/07/20191001075900_00160.jpg,datasets_flow/dataset_cropped/10_Metas/01/07/20191001075900_00160.jpg,datasets_cloudmask/dataset_cropped/10_Metas/01/07/20191001075900_00160.png,74.7,1.2,75.4,19.5,958
10/1/2019 8:00,datasets/dataset_cropped/10_Metas/01/08/20191001080000_00160.jpg,datasets_flow/dataset_cropped/10_Metas/01/08/20191001080000_00160.jpg,datasets_cloudmask/dataset_cropped/10_Metas/01/08/20191001080000_00160.png,77,1.3,77.5,19.5,958
10/1/2019 8:01,datasets/dataset_cropped/10_Metas/01/08/20191001080100_00160.jpg,datasets_flow/dataset_cropped/10_Metas/01/08/20191001080100_00160.jpg,datasets_cloudmask/dataset_cropped/10_Metas/01/08/20191001080100_00160.png,78.7,1.5,79.1,19.5,958
10/1/2019 8:02,datasets/dataset_cropped/10_Metas/01/08/20191001080200_00160.jpg,datasets_flow/dataset_cropped/10_Metas/01/08/20191001080200_00160.jpg,datasets_cloudmask/dataset_cropped/10_Metas/01/08/20191001080200_00160.png,79.6,1.5,79.8,19.5,958
10/1/2019 8:03,datasets/dataset_cropped/10_Metas/01/08/20191001080300_00160.jpg,datasets_flow/dataset_cropped/10_Metas/01/08/20191001080300_00160.jpg,datasets_cloudmask/dataset_cropped/10_Metas/01/08/20191001080300_00160.png,80,1.7,80,19.4,958
10/1/2019 8:04,datasets/dataset_cropped/10_Metas/01/08/20191001080400_00160.jpg,datasets_flow/dataset_cropped/10_Metas/01/08/20191001080400_00160.jpg,datasets_cloudmask/dataset_cropped/10_Metas/01/08/20191001080400_00160.png,80.3,2.4,80.2,19.5,958
10/1/2019 8:05,datasets/dataset_cropped/10_Metas/01/08/20191001080500_00160.jpg,datasets_flow/dataset_cropped/10_Metas/01/08/20191001080500_00160.jpg,datasets_cloudmask/dataset_cropped/10_Metas/01/08/20191001080500_00160.png,81,5.3,80.2,19.6,958
10/1/2019 8:06,datasets/dataset_cropped/10_Metas/01/08/20191001080600_00160.jpg,datasets_flow/dataset_cropped/10_Metas/01/08/20191001080600_00160.jpg,datasets_cloudmask/dataset_cropped/10_Metas/01/08/20191001080600_00160.png,82.6,9.7,80.8,19.6,958
10/1/2019 8:07,datasets/dataset_cropped/10_Metas/01/08/20191001080700_00160.jpg,datasets_flow/dataset_cropped/10_Metas/01/08/20191001080700_00160.jpg,datasets_cloudmask/dataset_cropped/10_Metas/01/08/20191001080700_00160.png,84.6,10.7,82.4,19.6,958
10/1/2019 8:08,datasets/dataset_cropped/10_Metas/01/08/20191001080800_00160.jpg,datasets_flow/dataset_cropped/10_Metas/01/08/20191001080800_00160.jpg,datasets_cloudmask/dataset_cropped/10_Metas/01/08/20191001080800_00160.png,94.2,41.3,85.6,19.4,958
10/1/2019 8:09,datasets/dataset_cropped/10_Metas/01/08/20191001080900_00160.jpg,datasets_flow/dataset_cropped/10_Metas/01/08/20191001080900_00160.jpg,datasets_cloudmask/dataset_cropped/10_Metas/01/08/20191001080900_00160.png,123.3,164,89.2,19.4,958
10/1/2019 8:10,datasets/dataset_cropped/10_Metas/01/08/20191001081000_00160.jpg,datasets_flow/dataset_cropped/10_Metas/01/08/20191001081000_00160.jpg,datasets_cloudmask/dataset_cropped/10_Metas/01/08/20191001081000_00160.png,117.9,125.4,91.6,19.2,958
10/1/2019 8:11,datasets/dataset_cropped/10_Metas/01/08/20191001081100_00160.jpg,datasets_flow/dataset_cropped/10_Metas/01/08/20191001081100_00160.jpg,datasets_cloudmask/dataset_cropped/10_Metas/01/08/20191001081100_00160.png,112.2,84.8,94.3,19,958
10/1/2019 8:12,datasets/dataset_cropped/10_Metas/01/08/20191001081200_00160.jpg,datasets_flow/dataset_cropped/10_Metas/01/08/20191001081200_00160.jpg,datasets_cloudmask/dataset_cropped/10_Metas/01/08/20191001081200_00160.png,103.3,25.2,98,18.9,958
10/1/2019 8:13,datasets/dataset_cropped/10_Metas/01/08/20191001081300_00160.jpg,datasets_flow/dataset_cropped/10_Metas/01/08/20191001081300_00160.jpg,datasets_cloudmask/dataset_cropped/10_Metas/01/08/20191001081300_00160.png,109.2,29.4,102.8,18.8,958
10/1/2019 8:14,datasets/dataset_cropped/10_Metas/01/08/20191001081400_00160.jpg,datasets_flow/dataset_cropped/10_Metas/01/08/20191001081400_00160.jpg,datasets_cloudmask/dataset_cropped/10_Metas/01/08/20191001081400_00160.png,115,34.8,107.3,18.7,957
10/1/2019 8:15,datasets/dataset_cropped/10_Metas/01/08/20191001081500_00160.jpg,datasets_flow/dataset_cropped/10_Metas/01/08/20191001081500_00160.jpg,datasets_cloudmask/dataset_cropped/10_Metas/01/08/20191001081500_00160.png,119.2,38.9,110.5,18.6,958
10/1/2019 8:16,datasets/dataset_cropped/10_Metas/01/08/20191001081600_00160.jpg,datasets_flow/dataset_cropped/10_Metas/01/08/20191001081600_00160.jpg,datasets_cloudmask/dataset_cropped/10_Metas/01/08/20191001081600_00160.png,122.3,47.6,111.5,18.6,958
10/1/2019 8:17,datasets/dataset_cropped/10_Metas/01/08/20191001081700_00160.jpg,datasets_flow/dataset_cropped/10_Metas/01/08/20191001081700_00160.jpg,datasets_cloudmask/dataset_cropped/10_Metas/01/08/20191001081700_00160.png,118.8,36.3,110.5,18.6,958
10/1/2019 8:18,datasets/dataset_cropped/10_Metas/01/08/20191001081800_00160.jpg,datasets_flow/dataset_cropped/10_Metas/01/08/20191001081800_00160.jpg,datasets_cloudmask/dataset_cropped/10_Metas/01/08/20191001081800_00160.png,113.2,19.1,109,18.6,958
10/1/2019 8:19,datasets/dataset_cropped/10_Metas/01/08/20191001081900_00160.jpg,datasets_flow/dataset_cropped/10_Metas/01/08/20191001081900_00160.jpg,datasets_cloudmask/dataset_cropped/10_Metas/01/08/20191001081900_00160.png,109,8.3,107.4,18.6,958
10/1/2019 8:20,datasets/dataset_cropped/10_Metas/01/08/20191001082000_00160.jpg,datasets_flow/dataset_cropped/10_Metas/01/08/20191001082000_00160.jpg,datasets_cloudmask/dataset_cropped/10_Metas/01/08/20191001082000_00160.png,107.4,7.4,105.9,18.7,958
10/1/2019 8:21,datasets/dataset_cropped/10_Metas/01/08/20191001082100_00160.jpg,datasets_flow/dataset_cropped/10_Metas/01/08/20191001082100_00160.jpg,datasets_cloudmask/dataset_cropped/10_Metas/01/08/20191001082100_00160.png,107.8,10.9,105.2,18.8,958
10/1/2019 8:22,datasets/dataset_cropped/10_Metas/01/08/20191001082200_00160.jpg,datasets_flow/dataset_cropped/10_Metas/01/08/20191001082200_00160.jpg,datasets_cloudmask/dataset_cropped/10_Metas/01/08/20191001082200_00160.png,120.8,59.1,105.9,18.8,958
10/1/2019 8:23,datasets/dataset_cropped/10_Metas/01/08/20191001082300_00160.jpg,datasets_flow/dataset_cropped/10_Metas/01/08/20191001082300_00160.jpg,datasets_cloudmask/dataset_cropped/10_Metas/01/08/20191001082300_00160.png,142.3,141.7,106.5,18.8,958
10/1/2019 8:24,datasets/dataset_cropped/10_Metas/01/08/20191001082400_00160.jpg,datasets_flow/dataset_cropped/10_Metas/01/08/20191001082400_00160.jpg,datasets_cloudmask/dataset_cropped/10_Metas/01/08/20191001082400_00160.png,127.7,85.3,106,18.8,958
10/1/2019 8:25,datasets/dataset_cropped/10_Metas/01/08/20191001082500_00160.jpg,datasets_flow/dataset_cropped/10_Metas/01/08/20191001082500_00160.jpg,datasets_cloudmask/dataset_cropped/10_Metas/01/08/20191001082500_00160.png,120.9,53,107.4,18.9,958
10/1/2019 8:26,datasets/dataset_cropped/10_Metas/01/08/20191001082600_00160.jpg,datasets_flow/dataset_cropped/10_Metas/01/08/20191001082600_00160.jpg,datasets_cloudmask/dataset_cropped/10_Metas/01/08/20191001082600_00160.png,128.5,71.1,110,18.9,958
10/1/2019 8:27,datasets/dataset_cropped/10_Metas/01/08/20191001082700_00160.jpg,datasets_flow/dataset_cropped/10_Metas/01/08/20191001082700_00160.jpg,datasets_cloudmask/dataset_cropped/10_Metas/01/08/20191001082700_00160.png,147.6,126.7,113.9,18.9,958
10/1/2019 8:28,datasets/dataset_cropped/10_Metas/01/08/20191001082800_00160.jpg,datasets_flow/dataset_cropped/10_Metas/01/08/20191001082800_00160.jpg,datasets_cloudmask/dataset_cropped/10_Metas/01/08/20191001082800_00160.png,197,298.4,117.1,18.9,958
10/1/2019 8:29,datasets/dataset_cropped/10_Metas/01/08/20191001082900_00160.jpg,datasets_flow/dataset_cropped/10_Metas/01/08/20191001082900_00160.jpg,datasets_cloudmask/dataset_cropped/10_Metas/01/08/20191001082900_00160.png,142.9,92.8,118.2,19,958
10/1/2019 8:30,datasets/dataset_cropped/10_Metas/01/08/20191001083000_00160.jpg,datasets_flow/dataset_cropped/10_Metas/01/08/20191001083000_00160.jpg,datasets_cloudmask/dataset_cropped/10_Metas/01/08/20191001083000_00160.png,126.6,11.1,123.9,19.1,958
10/1/2019 8:31,datasets/dataset_cropped/10_Metas/01/08/20191001083100_00160.jpg,datasets_flow/dataset_cropped/10_Metas/01/08/20191001083100_00160.jpg,datasets_cloudmask/dataset_cropped/10_Metas/01/08/20191001083100_00160.png,135.1,15.1,131.1,19.1,958
10/1/2019 8:32,datasets/dataset_cropped/10_Metas/01/08/20191001083200_00160.jpg,datasets_flow/dataset_cropped/10_Metas/01/08/20191001083200_00160.jpg,datasets_cloudmask/dataset_cropped/10_Metas/01/08/20191001083200_00160.png,164.4,99.8,136.4,19.1,958
10/1/2019 8:33,datasets/dataset_cropped/10_Metas/01/08/20191001083300_00160.jpg,datasets_flow/dataset_cropped/10_Metas/01/08/20191001083300_00160.jpg,datasets_cloudmask/dataset_cropped/10_Metas/01/08/20191001083300_00160.png,190.4,183.3,138.7,19.2,958
10/1/2019 8:34,datasets/dataset_cropped/10_Metas/01/08/20191001083400_00160.jpg,datasets_flow/dataset_cropped/10_Metas/01/08/20191001083400_00160.jpg,datasets_cloudmask/dataset_cropped/10_Metas/01/08/20191001083400_00160.png,169.6,109.4,138.9,19.3,958
10/1/2019 8:35,datasets/dataset_cropped/10_Metas/01/08/20191001083500_00160.jpg,datasets_flow/dataset_cropped/10_Metas/01/08/20191001083500_00160.jpg,datasets_cloudmask/dataset_cropped/10_Metas/01/08/20191001083500_00160.png,157.6,60.9,140.6,19.3,958
10/1/2019 8:36,datasets/dataset_cropped/10_Metas/01/08/20191001083600_00160.jpg,datasets_flow/dataset_cropped/10_Metas/01/08/20191001083600_00160.jpg,datasets_cloudmask/dataset_cropped/10_Metas/01/08/20191001083600_00160.png,154.6,38.2,144.2,19.4,957
10/1/2019 8:37,datasets/dataset_cropped/10_Metas/01/08/20191001083700_00160.jpg,datasets_flow/dataset_cropped/10_Metas/01/08/20191001083700_00160.jpg,datasets_cloudmask/dataset_cropped/10_Metas/01/08/20191001083700_00160.png,155.1,22.1,149.4,19.5,958
10/1/2019 8:38,datasets/dataset_cropped/10_Metas/01/08/20191001083800_00160.jpg,datasets_flow/dataset_cropped/10_Metas/01/08/20191001083800_00160.jpg,datasets_cloudmask/dataset_cropped/10_Metas/01/08/20191001083800_00160.png,193.5,127.5,155.7,19.6,957
10/1/2019 8:39,datasets/dataset_cropped/10_Metas/01/08/20191001083900_00160.jpg,datasets_flow/dataset_cropped/10_Metas/01/08/20191001083900_00160.jpg,datasets_cloudmask/dataset_cropped/10_Metas/01/08/20191001083900_00160.png,256.5,321.4,159.4,19.7,958
10/1/2019 8:40,datasets/dataset_cropped/10_Metas/01/08/20191001084000_00160.jpg,datasets_flow/dataset_cropped/10_Metas/01/08/20191001084000_00160.jpg,datasets_cloudmask/dataset_cropped/10_Metas/01/08/20191001084000_00160.png,290.7,452.8,152.7,19.8,958
10/1/2019 8:41,datasets/dataset_cropped/10_Metas/01/08/20191001084100_00160.jpg,datasets_flow/dataset_cropped/10_Metas/01/08/20191001084100_00160.jpg,datasets_cloudmask/dataset_cropped/10_Metas/01/08/20191001084100_00160.png,182.4,140.8,139.9,20,958
10/1/2019 8:42,datasets/dataset_cropped/10_Metas/01/08/20191001084200_00160.jpg,datasets_flow/dataset_cropped/10_Metas/01/08/20191001084200_00160.jpg,datasets_cloudmask/dataset_cropped/10_Metas/01/08/20191001084200_00160.png,145.5,43,133.2,20.4,958
10/1/2019 8:43,datasets/dataset_cropped/10_Metas/01/08/20191001084300_00160.jpg,datasets_flow/dataset_cropped/10_Metas/01/08/20191001084300_00160.jpg,datasets_cloudmask/dataset_cropped/10_Metas/01/08/20191001084300_00160.png,131.2,7.7,129.9,20.5,958
10/1/2019 8:44,datasets/dataset_cropped/10_Metas/01/08/20191001084400_00160.jpg,datasets_flow/dataset_cropped/10_Metas/01/08/20191001084400_00160.jpg,datasets_cloudmask/dataset_cropped/10_Metas/01/08/20191001084400_00160.png,128.5,3.4,128.6,20.6,958
10/1/2019 8:45,datasets/dataset_cropped/10_Metas/01/08/20191001084500_00160.jpg,datasets_flow/dataset_cropped/10_Metas/01/08/20191001084500_00160.jpg,datasets_cloudmask/dataset_cropped/10_Metas/01/08/20191001084500_00160.png,127.2,2.8,127.2,20.6,958
10/1/2019 8:46,datasets/dataset_cropped/10_Metas/01/08/20191001084600_00160.jpg,datasets_flow/dataset_cropped/10_Metas/01/08/20191001084600_00160.jpg,datasets_cloudmask/dataset_cropped/10_Metas/01/08/20191001084600_00160.png,126.9,5.3,126,20.5,958
10/1/2019 8:47,datasets/dataset_cropped/10_Metas/01/08/20191001084700_00160.jpg,datasets_flow/dataset_cropped/10_Metas/01/08/20191001084700_00160.jpg,datasets_cloudmask/dataset_cropped/10_Metas/01/08/20191001084700_00160.png,126.7,9,124.8,20.5,958
10/1/2019 8:48,datasets/dataset_cropped/10_Metas/01/08/20191001084800_00160.jpg,datasets_flow/dataset_cropped/10_Metas/01/08/20191001084800_00160.jpg,datasets_cloudmask/dataset_cropped/10_Metas/01/08/20191001084800_00160.png,123.6,8.6,121.8,20.5,958
10/1/2019 8:49,datasets/dataset_cropped/10_Metas/01/08/20191001084900_00160.jpg,datasets_flow/dataset_cropped/10_Metas/01/08/20191001084900_00160.jpg,datasets_cloudmask/dataset_cropped/10_Metas/01/08/20191001084900_00160.png,118.3,6.2,117.3,20.6,958
10/1/2019 8:50,datasets/dataset_cropped/10_Metas/01/08/20191001085000_00160.jpg,datasets_flow/dataset_cropped/10_Metas/01/08/20191001085000_00160.jpg,datasets_cloudmask/dataset_cropped/10_Metas/01/08/20191001085000_00160.png,111.9,3.2,112,20.7,958
10/1/2019 8:51,datasets/dataset_cropped/10_Metas/01/08/20191001085100_00160.jpg,datasets_flow/dataset_cropped/10_Metas/01/08/20191001085100_00160.jpg,datasets_cloudmask/dataset_cropped/10_Metas/01/08/20191001085100_00160.png,106.4,1.7,106.9,20.8,958
10/1/2019 8:52,datasets/dataset_cropped/10_Metas/01/08/20191001085200_00160.jpg,datasets_flow/dataset_cropped/10_Metas/01/08/20191001085200_00160.jpg,datasets_cloudmask/dataset_cropped/10_Metas/01/08/20191001085200_00160.png,103.1,1.2,103.9,20.9,958
10/1/2019 8:53,datasets/dataset_cropped/10_Metas/01/08/20191001085300_00160.jpg,datasets_flow/dataset_cropped/10_Metas/01/08/20191001085300_00160.jpg,datasets_cloudmask/dataset_cropped/10_Metas/01/08/20191001085300_00160.png,103.4,1.2,104,21,958
10/1/2019 8:54,datasets/dataset_cropped/10_Metas/01/08/20191001085400_00160.jpg,datasets_flow/dataset_cropped/10_Metas/01/08/20191001085400_00160.jpg,datasets_cloudmask/dataset_cropped/10_Metas/01/08/20191001085400_00160.png,108.1,1.1,108.8,21.1,958
10/1/2019 8:55,datasets/dataset_cropped/10_Metas/01/08/20191001085500_00160.jpg,datasets_flow/dataset_cropped/10_Metas/01/08/20191001085500_00160.jpg,datasets_cloudmask/dataset_cropped/10_Metas/01/08/20191001085500_00160.png,117.5,1,118.1,21.1,958
10/1/2019 8:56,datasets/dataset_cropped/10_Metas/01/08/20191001085600_00160.jpg,datasets_flow/dataset_cropped/10_Metas/01/08/20191001085600_00160.jpg,datasets_cloudmask/dataset_cropped/10_Metas/01/08/20191001085600_00160.png,130.2,1.1,130.8,21.2,958
10/1/2019 8:57,datasets/dataset_cropped/10_Metas/01/08/20191001085700_00160.jpg,datasets_flow/dataset_cropped/10_Metas/01/08/20191001085700_00160.jpg,datasets_cloudmask/dataset_cropped/10_Metas/01/08/20191001085700_00160.png,143.6,1.3,144,21.2,958
10/1/2019 8:58,datasets/dataset_cropped/10_Metas/01/08/20191001085800_00160.jpg,datasets_flow/dataset_cropped/10_Metas/01/08/20191001085800_00160.jpg,datasets_cloudmask/dataset_cropped/10_Metas/01/08/20191001085800_00160.png,154.1,1.5,154.6,21.2,958
10/1/2019 8:59,datasets/dataset_cropped/10_Metas/01/08/20191001085900_00160.jpg,datasets_flow/dataset_cropped/10_Metas/01/08/20191001085900_00160.jpg,datasets_cloudmask/dataset_cropped/10_Metas/01/08/20191001085900_00160.png,163.2,1.3,163.7,21.2,958
10/1/2019 9:00,datasets/dataset_cropped/10_Metas/01/09/20191001090000_00160.jpg,datasets_flow/dataset_cropped/10_Metas/01/09/20191001090000_00160.jpg,datasets_cloudmask/dataset_cropped/10_Metas/01/09/20191001090000_00160.png,171.6,1.3,172.1,21.2,958
10/1/2019 9:01,datasets/dataset_cropped/10_Metas/01/09/20191001090100_00160.jpg,datasets_flow/dataset_cropped/10_Metas/01/09/20191001090100_00160.jpg,datasets_cloudmask/dataset_cropped/10_Metas/01/09/20191001090100_00160.png,177,2,177.4,21.2,958
10/1/2019 9:02,datasets/dataset_cropped/10_Metas/01/09/20191001090200_00160.jpg,datasets_flow/dataset_cropped/10_Metas/01/09/20191001090200_00160.jpg,datasets_cloudmask/dataset_cropped/10_Metas/01/09/20191001090200_00160.png,177.9,3,177.8,21.3,958
10/1/2019 9:03,datasets/dataset_cropped/10_Metas/01/09/20191001090300_00160.jpg,datasets_flow/dataset_cropped/10_Metas/01/09/20191001090300_00160.jpg,datasets_cloudmask/dataset_cropped/10_Metas/01/09/20191001090300_00160.png,177.1,4.6,176.3,21.4,958
10/1/2019 9:04,datasets/dataset_cropped/10_Metas/01/09/20191001090400_00160.jpg,datasets_flow/dataset_cropped/10_Metas/01/09/20191001090400_00160.jpg,datasets_cloudmask/dataset_cropped/10_Metas/01/09/20191001090400_00160.png,182.1,23.1,173.3,21.4,958
10/1/2019 9:05,datasets/dataset_cropped/10_Metas/01/09/20191001090500_00160.jpg,datasets_flow/dataset_cropped/10_Metas/01/09/20191001090500_00160.jpg,datasets_cloudmask/dataset_cropped/10_Metas/01/09/20191001090500_00160.png,205,103.5,165.2,21.4,958
10/1/2019 9:06,datasets/dataset_cropped/10_Metas/01/09/20191001090600_00160.jpg,datasets_flow/dataset_cropped/10_Metas/01/09/20191001090600_00160.jpg,datasets_cloudmask/dataset_cropped/10_Metas/01/09/20191001090600_00160.png,199,121.1,152.7,21.5,958
10/1/2019 9:07,datasets/dataset_cropped/10_Metas/01/09/20191001090700_00160.jpg,datasets_flow/dataset_cropped/10_Metas/01/09/20191001090700_00160.jpg,datasets_cloudmask/dataset_cropped/10_Metas/01/09/20191001090700_00160.png,147.1,20.9,139.7,21.7,958
10/1/2019 9:08,datasets/dataset_cropped/10_Metas/01/09/20191001090800_00160.jpg,datasets_flow/dataset_cropped/10_Metas/01/09/20191001090800_00160.jpg,datasets_cloudmask/dataset_cropped/10_Metas/01/09/20191001090800_00160.png,135.2,16.1,129.5,21.9,958
10/1/2019 9:09,datasets/dataset_cropped/10_Metas/01/09/20191001090900_00160.jpg,datasets_flow/dataset_cropped/10_Metas/01/09/20191001090900_00160.jpg,datasets_cloudmask/dataset_cropped/10_Metas/01/09/20191001090900_00160.png,121.6,4.3,120.4,22,958
10/1/2019 9:10,datasets/dataset_cropped/10_Metas/01/09/20191001091000_00160.jpg,datasets_flow/dataset_cropped/10_Metas/01/09/20191001091000_00160.jpg,datasets_cloudmask/dataset_cropped/10_Metas/01/09/20191001091000_00160.png,113.8,2.2,113.3,22.1,958
10/1/2019 9:11,datasets/dataset_cropped/10_Metas/01/09/20191001091100_00160.jpg,datasets_flow/dataset_cropped/10_Metas/01/09/20191001091100_00160.jpg,datasets_cloudmask/dataset_cropped/10_Metas/01/09/20191001091100_00160.png,113.2,2.2,112.8,22.1,958
10/1/2019 9:12,datasets/dataset_cropped/10_Metas/01/09/20191001091200_00160.jpg,datasets_flow/dataset_cropped/10_Metas/01/09/20191001091200_00160.jpg,datasets_cloudmask/dataset_cropped/10_Metas/01/09/20191001091200_00160.png,122.8,2.3,122.4,22.2,958
10/1/2019 9:13,datasets/dataset_cropped/10_Metas/01/09/20191001091300_00160.jpg,datasets_flow/dataset_cropped/10_Metas/01/09/20191001091300_00160.jpg,datasets_cloudmask/dataset_cropped/10_Metas/01/09/20191001091300_00160.png,145.7,12,140.6,22.1,958
10/1/2019 9:14,datasets/dataset_cropped/10_Metas/01/09/20191001091400_00160.jpg,datasets_flow/dataset_cropped/10_Metas/01/09/20191001091400_00160.jpg,datasets_cloudmask/dataset_cropped/10_Metas/01/09/20191001091400_00160.png,266.6,243.9,166.4,21.8,958
10/1/2019 9:15,datasets/dataset_cropped/10_Metas/01/09/20191001091500_00160.jpg,datasets_flow/dataset_cropped/10_Metas/01/09/20191001091500_00160.jpg,datasets_cloudmask/dataset_cropped/10_Metas/01/09/20191001091500_00160.png,426.4,572.3,190.9,21.6,958
10/1/2019 9:16,datasets/dataset_cropped/10_Metas/01/09/20191001091600_00160.jpg,datasets_flow/dataset_cropped/10_Metas/01/09/20191001091600_00160.jpg,datasets_cloudmask/dataset_cropped/10_Metas/01/09/20191001091600_00160.png,472.2,655.5,200.3,21.5,958
10/1/2019 9:17,datasets/dataset_cropped/10_Metas/01/09/20191001091700_00160.jpg,datasets_flow/dataset_cropped/10_Metas/01/09/20191001091700_00160.jpg,datasets_cloudmask/dataset_cropped/10_Metas/01/09/20191001091700_00160.png,418.1,498.6,210.3,21.5,958
10/1/2019 9:18,datasets/dataset_cropped/10_Metas/01/09/20191001091800_00160.jpg,datasets_flow/dataset_cropped/10_Metas/01/09/20191001091800_00160.jpg,datasets_cloudmask/dataset_cropped/10_Metas/01/09/20191001091800_00160.png,505.6,667.4,225.6,21.6,958
10/1/2019 9:19,datasets/dataset_cropped/10_Metas/01/09/20191001091900_00160.jpg,datasets_flow/dataset_cropped/10_Metas/01/09/20191001091900_00160.jpg,datasets_cloudmask/dataset_cropped/10_Metas/01/09/20191001091900_00160.png,523.1,681.2,235.4,21.6,958
10/1/2019 9:20,datasets/dataset_cropped/10_Metas/01/09/20191001092000_00160.jpg,datasets_flow/dataset_cropped/10_Metas/01/09/20191001092000_00160.jpg,datasets_cloudmask/dataset_cropped/10_Metas/01/09/20191001092000_00160.png,502.9,613,242.5,21.8,958
10/1/2019 9:21,datasets/dataset_cropped/10_Metas/01/09/20191001092100_00160.jpg,datasets_flow/dataset_cropped/10_Metas/01/09/20191001092100_00160.jpg,datasets_cloudmask/dataset_cropped/10_Metas/01/09/20191001092100_00160.png,539.6,669.8,254.1,21.9,958
10/1/2019 9:22,datasets/dataset_cropped/10_Metas/01/09/20191001092200_00160.jpg,datasets_flow/dataset_cropped/10_Metas/01/09/20191001092200_00160.jpg,datasets_cloudmask/dataset_cropped/10_Metas/01/09/20191001092200_00160.png,580.7,734.7,265.2,22.1,958
10/1/2019 9:23,datasets/dataset_cropped/10_Metas/01/09/20191001092300_00160.jpg,datasets_flow/dataset_cropped/10_Metas/01/09/20191001092300_00160.jpg,datasets_cloudmask/dataset_cropped/10_Metas/01/09/20191001092300_00160.png,596.7,742.3,275.9,22.3,958
10/1/2019 9:24,datasets/dataset_cropped/10_Metas/01/09/20191001092402_00160.jpg,datasets_flow/dataset_cropped/10_Metas/01/09/20191001092402_00160.jpg,datasets_cloudmask/dataset_cropped/10_Metas/01/09/20191001092402_00160.png,461.6,427.3,275.5,22.5,958
10/1/2019 9:25,datasets/dataset_cropped/10_Metas/01/09/20191001092500_00160.jpg,datasets_flow/dataset_cropped/10_Metas/01/09/20191001092500_00160.jpg,datasets_cloudmask/dataset_cropped/10_Metas/01/09/20191001092500_00160.png,540.3,576.7,288.2,22.8,958
10/1/2019 9:26,datasets/dataset_cropped/10_Metas/01/09/20191001092600_00160.jpg,datasets_flow/dataset_cropped/10_Metas/01/09/20191001092600_00160.jpg,datasets_cloudmask/dataset_cropped/10_Metas/01/09/20191001092600_00160.png,626.2,747.4,297.2,22.9,958
10/1/2019 9:27,datasets/dataset_cropped/10_Metas/01/09/20191001092700_00160.jpg,datasets_flow/dataset_cropped/10_Metas/01/09/20191001092700_00160.jpg,datasets_cloudmask/dataset_cropped/10_Metas/01/09/20191001092700_00160.png,505.4,485.3,290.3,23,958
10/1/2019 9:28,datasets/dataset_cropped/10_Metas/01/09/20191001092800_00160.jpg,datasets_flow/dataset_cropped/10_Metas/01/09/20191001092800_00160.jpg,datasets_cloudmask/dataset_cropped/10_Metas/01/09/20191001092800_00160.png,495.5,464.8,287.7,23.2,958
10/1/2019 9:29,datasets/dataset_cropped/10_Metas/01/09/20191001092900_00160.jpg,datasets_flow/dataset_cropped/10_Metas/01/09/20191001092900_00160.jpg,datasets_cloudmask/dataset_cropped/10_Metas/01/09/20191001092900_00160.png,380.8,225.6,281.5,23.3,958
10/1/2019 9:30,datasets/dataset_cropped/10_Metas/01/09/20191001093000_00160.jpg,datasets_flow/dataset_cropped/10_Metas/01/09/20191001093000_00160.jpg,datasets_cloudmask/dataset_cropped/10_Metas/01/09/20191001093000_00160.png,290.7,37.5,275.5,23.4,958
10/1/2019 9:31,datasets/dataset_cropped/10_Metas/01/09/20191001093100_00160.jpg,datasets_flow/dataset_cropped/10_Metas/01/09/20191001093100_00160.jpg,datasets_cloudmask/dataset_cropped/10_Metas/01/09/20191001093100_00160.png,288.7,38.8,271.9,23.4,958
10/1/2019 9:32,datasets/dataset_cropped/10_Metas/01/09/20191001093200_00160.jpg,datasets_flow/dataset_cropped/10_Metas/01/09/20191001093200_00160.jpg,datasets_cloudmask/dataset_cropped/10_Metas/01/09/20191001093200_00160.png,280,19.2,271.8,23.3,958
10/1/2019 9:33,datasets/dataset_cropped/10_Metas/01/09/20191001093300_00160.jpg,datasets_flow/dataset_cropped/10_Metas/01/09/20191001093300_00160.jpg,datasets_cloudmask/dataset_cropped/10_Metas/01/09/20191001093300_00160.png,349.8,162.7,274.8,23.3,958
10/1/2019 9:34,datasets/dataset_cropped/10_Metas/01/09/20191001093400_00160.jpg,datasets_flow/dataset_cropped/10_Metas/01/09/20191001093400_00160.jpg,datasets_cloudmask/dataset_cropped/10_Metas/01/09/20191001093400_00160.png,288.2,23.3,277.6,23.3,958
10/1/2019 9:35,datasets/dataset_cropped/10_Metas/01/09/20191001093500_00160.jpg,datasets_flow/dataset_cropped/10_Metas/01/09/20191001093500_00160.jpg,datasets_cloudmask/dataset_cropped/10_Metas/01/09/20191001093500_00160.png,315.5,70.7,281.7,23.4,958
10/1/2019 9:36,datasets/dataset_cropped/10_Metas/01/09/20191001093600_00160.jpg,datasets_flow/dataset_cropped/10_Metas/01/09/20191001093600_00160.jpg,datasets_cloudmask/dataset_cropped/10_Metas/01/09/20191001093600_00160.png,302.8,38.9,285,23.4,958
10/1/2019 9:37,datasets/dataset_cropped/10_Metas/01/09/20191001093700_00160.jpg,datasets_flow/dataset_cropped/10_Metas/01/09/20191001093700_00160.jpg,datasets_cloudmask/dataset_cropped/10_Metas/01/09/20191001093700_00160.png,296.7,21.9,286.4,23.4,958
10/1/2019 9:38,datasets/dataset_cropped/10_Metas/01/09/20191001093800_00160.jpg,datasets_flow/dataset_cropped/10_Metas/01/09/20191001093800_00160.jpg,datasets_cloudmask/dataset_cropped/10_Metas/01/09/20191001093800_00160.png,300.2,27.2,287.6,23.4,958
10/1/2019 9:39,datasets/dataset_cropped/10_Metas/01/09/20191001093900_00160.jpg,datasets_flow/dataset_cropped/10_Metas/01/09/20191001093900_00160.jpg,datasets_cloudmask/dataset_cropped/10_Metas/01/09/20191001093900_00160.png,297.6,19.5,288.5,23.5,958
10/1/2019 9:40,datasets/dataset_cropped/10_Metas/01/09/20191001094000_00160.jpg,datasets_flow/dataset_cropped/10_Metas/01/09/20191001094000_00160.jpg,datasets_cloudmask/dataset_cropped/10_Metas/01/09/20191001094000_00160.png,308.8,37.7,290.6,23.3,958
10/1/2019 9:41,datasets/dataset_cropped/10_Metas/01/09/20191001094100_00160.jpg,datasets_flow/dataset_cropped/10_Metas/01/09/20191001094100_00160.jpg,datasets_cloudmask/dataset_cropped/10_Metas/01/09/20191001094100_00160.png,330.8,72.8,295.6,23.2,958
10/1/2019 9:42,datasets/dataset_cropped/10_Metas/01/09/20191001094200_00160.jpg,datasets_flow/dataset_cropped/10_Metas/01/09/20191001094200_00160.jpg,datasets_cloudmask/dataset_cropped/10_Metas/01/09/20191001094200_00160.png,338.6,76.2,301.5,23.3,959
10/1/2019 9:43,datasets/dataset_cropped/10_Metas/01/09/20191001094300_00160.jpg,datasets_flow/dataset_cropped/10_Metas/01/09/20191001094300_00160.jpg,datasets_cloudmask/dataset_cropped/10_Metas/01/09/20191001094300_00160.png,422.2,225.3,312.1,23.4,958
10/1/2019 9:44,datasets/dataset_cropped/10_Metas/01/09/20191001094400_00160.jpg,datasets_flow/dataset_cropped/10_Metas/01/09/20191001094400_00160.jpg,datasets_cloudmask/dataset_cropped/10_Metas/01/09/20191001094400_00160.png,418.1,205.6,316.8,23.6,958
10/1/2019 9:45,datasets/dataset_cropped/10_Metas/01/09/20191001094500_00160.jpg,datasets_flow/dataset_cropped/10_Metas/01/09/20191001094500_00160.jpg,datasets_cloudmask/dataset_cropped/10_Metas/01/09/20191001094500_00160.png,397,156.4,319.1,23.6,959
10/1/2019 9:46,datasets/dataset_cropped/10_Metas/01/09/20191001094600_00160.jpg,datasets_flow/dataset_cropped/10_Metas/01/09/20191001094600_00160.jpg,datasets_cloudmask/dataset_cropped/10_Metas/01/09/20191001094600_00160.png,435.5,231.9,320.5,23.9,958
10/1/2019 9:47,datasets/dataset_cropped/10_Metas/01/09/20191001094700_00160.jpg,datasets_flow/dataset_cropped/10_Metas/01/09/20191001094700_00160.jpg,datasets_cloudmask/dataset_cropped/10_Metas/01/09/20191001094700_00160.png,419.2,200.6,318.1,24,958
10/1/2019 9:48,datasets/dataset_cropped/10_Metas/01/09/20191001094800_00160.jpg,datasets_flow/dataset_cropped/10_Metas/01/09/20191001094800_00160.jpg,datasets_cloudmask/dataset_cropped/10_Metas/01/09/20191001094800_00160.png,362.2,88.9,317.4,24.1,959
10/1/2019 9:49,datasets/dataset_cropped/10_Metas/01/09/20191001094900_00160.jpg,datasets_flow/dataset_cropped/10_Metas/01/09/20191001094900_00160.jpg,datasets_cloudmask/dataset_cropped/10_Metas/01/09/20191001094900_00160.png,431,216.2,321.4,24.1,958
10/1/2019 9:50,datasets/dataset_cropped/10_Metas/01/09/20191001095000_00160.jpg,datasets_flow/dataset_cropped/10_Metas/01/09/20191001095000_00160.jpg,datasets_cloudmask/dataset_cropped/10_Metas/01/09/20191001095000_00160.png,399.5,143,326.3,24.1,959
10/1/2019 9:51,datasets/dataset_cropped/10_Metas/01/09/20191001095100_00160.jpg,datasets_flow/dataset_cropped/10_Metas/01/09/20191001095100_00160.jpg,datasets_cloudmask/dataset_cropped/10_Metas/01/09/20191001095100_00160.png,568.3,454.1,336.1,24.1,958
10/1/2019 9:52,datasets/dataset_cropped/10_Metas/01/09/20191001095200_00160.jpg,datasets_flow/dataset_cropped/10_Metas/01/09/20191001095200_00160.jpg,datasets_cloudmask/dataset_cropped/10_Metas/01/09/20191001095200_00160.png,444,217,333.1,24.3,958
10/1/2019 9:53,datasets/dataset_cropped/10_Metas/01/09/20191001095300_00160.jpg,datasets_flow/dataset_cropped/10_Metas/01/09/20191001095300_00160.jpg,datasets_cloudmask/dataset_cropped/10_Metas/01/09/20191001095300_00160.png,472.2,265.4,334.8,24.5,958
10/1/2019 9:54,datasets/dataset_cropped/10_Metas/01/09/20191001095400_00160.jpg,datasets_flow/dataset_cropped/10_Metas/01/09/20191001095400_00160.jpg,datasets_cloudmask/dataset_cropped/10_Metas/01/09/20191001095400_00160.png,492.8,299.9,338.2,24.7,958
10/1/2019 9:55,datasets/dataset_cropped/10_Metas/01/09/20191001095500_00160.jpg,datasets_flow/dataset_cropped/10_Metas/01/09/20191001095500_00160.jpg,datasets_cloudmask/dataset_cropped/10_Metas/01/09/20191001095500_00160.png,536.6,377.7,338.9,24.9,958
10/1/2019 9:56,datasets/dataset_cropped/10_Metas/01/09/20191001095600_00160.jpg,datasets_flow/dataset_cropped/10_Metas/01/09/20191001095600_00160.jpg,datasets_cloudmask/dataset_cropped/10_Metas/01/09/20191001095600_00160.png,457,241.4,330.1,24.9,958
10/1/2019 9:57,datasets/dataset_cropped/10_Metas/01/09/20191001095700_00160.jpg,datasets_flow/dataset_cropped/10_Metas/01/09/20191001095700_00160.jpg,datasets_cloudmask/dataset_cropped/10_Metas/01/09/20191001095700_00160.png,339.9,40.5,318.6,24.9,958
10/1/2019 9:58,datasets/dataset_cropped/10_Metas/01/09/20191001095800_00160.jpg,datasets_flow/dataset_cropped/10_Metas/01/09/20191001095800_00160.jpg,datasets_cloudmask/dataset_cropped/10_Metas/01/09/20191001095800_00160.png,328.9,30.4,312.6,25.1,958
10/1/2019 9:59,datasets/dataset_cropped/10_Metas/01/09/20191001095900_00160.jpg,datasets_flow/dataset_cropped/10_Metas/01/09/20191001095900_00160.jpg,datasets_cloudmask/dataset_cropped/10_Metas/01/09/20191001095900_00160.png,447.8,244.6,317.4,25,958
10/1/2019 10:00,datasets/dataset_cropped/10_Metas/01/10/20191001100000_00160.jpg,datasets_flow/dataset_cropped/10_Metas/01/10/20191001100000_00160.jpg,datasets_cloudmask/dataset_cropped/10_Metas/01/10/20191001100000_00160.png,523,380.3,319.5,25,958
10/1/2019 10:01,datasets/dataset_cropped/10_Metas/01/10/20191001100100_00160.jpg,datasets_flow/dataset_cropped/10_Metas/01/10/20191001100100_00160.jpg,datasets_cloudmask/dataset_cropped/10_Metas/01/10/20191001100100_00160.png,342,51.4,314.5,25.2,958
10/1/2019 10:02,datasets/dataset_cropped/10_Metas/01/10/20191001100200_00160.jpg,datasets_flow/dataset_cropped/10_Metas/01/10/20191001100200_00160.jpg,datasets_cloudmask/dataset_cropped/10_Metas/01/10/20191001100200_00160.png,338.3,44.5,313.2,25.1,958
10/1/2019 10:03,datasets/dataset_cropped/10_Metas/01/10/20191001100300_00160.jpg,datasets_flow/dataset_cropped/10_Metas/01/10/20191001100300_00160.jpg,datasets_cloudmask/dataset_cropped/10_Metas/01/10/20191001100300_00160.png,434.9,223.2,314,24.8,958
10/1/2019 10:04,datasets/dataset_cropped/10_Metas/01/10/20191001100400_00160.jpg,datasets_flow/dataset_cropped/10_Metas/01/10/20191001100400_00160.jpg,datasets_cloudmask/dataset_cropped/10_Metas/01/10/20191001100400_00160.png,399.3,167,309.1,24.6,958
10/1/2019 10:05,datasets/dataset_cropped/10_Metas/01/10/20191001100500_00160.jpg,datasets_flow/dataset_cropped/10_Metas/01/10/20191001100500_00160.jpg,datasets_cloudmask/dataset_cropped/10_Metas/01/10/20191001100500_00160.png,335.3,54.4,305.4,24.6,958
10/1/2019 10:06,datasets/dataset_cropped/10_Metas/01/10/20191001100600_00160.jpg,datasets_flow/dataset_cropped/10_Metas/01/10/20191001100600_00160.jpg,datasets_cloudmask/dataset_cropped/10_Metas/01/10/20191001100600_00160.png,335.2,56.9,303.7,24.6,958
10/1/2019 10:07,datasets/dataset_cropped/10_Metas/01/10/20191001100700_00160.jpg,datasets_flow/dataset_cropped/10_Metas/01/10/20191001100700_00160.jpg,datasets_cloudmask/dataset_cropped/10_Metas/01/10/20191001100700_00160.png,314,21.7,302.9,24.7,959
10/1/2019 10:08,datasets/dataset_cropped/10_Metas/01/10/20191001100800_00160.jpg,datasets_flow/dataset_cropped/10_Metas/01/10/20191001100800_00160.jpg,datasets_cloudmask/dataset_cropped/10_Metas/01/10/20191001100800_00160.png,323.9,34.1,305.7,24.7,958
10/1/2019 10:09,datasets/dataset_cropped/10_Metas/01/10/20191001100900_00160.jpg,datasets_flow/dataset_cropped/10_Metas/01/10/20191001100900_00160.jpg,datasets_cloudmask/dataset_cropped/10_Metas/01/10/20191001100900_00160.png,336.9,43.2,313.1,24.7,958
10/1/2019 10:10,datasets/dataset_cropped/10_Metas/01/10/20191001101000_00160.jpg,datasets_flow/dataset_cropped/10_Metas/01/10/20191001101000_00160.jpg,datasets_cloudmask/dataset_cropped/10_Metas/01/10/20191001101000_00160.png,349.1,48.2,322.1,24.8,959
10/1/2019 10:11,datasets/dataset_cropped/10_Metas/01/10/20191001101100_00160.jpg,datasets_flow/dataset_cropped/10_Metas/01/10/20191001101100_00160.jpg,datasets_cloudmask/dataset_cropped/10_Metas/01/10/20191001101100_00160.png,400.1,120.1,332.7,24.8,958
10/1/2019 10:12,datasets/dataset_cropped/10_Metas/01/10/20191001101200_00160.jpg,datasets_flow/dataset_cropped/10_Metas/01/10/20191001101200_00160.jpg,datasets_cloudmask/dataset_cropped/10_Metas/01/10/20191001101200_00160.png,421.3,136.2,344.5,24.9,958
10/1/2019 10:13,datasets/dataset_cropped/10_Metas/01/10/20191001101300_00160.jpg,datasets_flow/dataset_cropped/10_Metas/01/10/20191001101300_00160.jpg,datasets_cloudmask/dataset_cropped/10_Metas/01/10/20191001101300_00160.png,566.3,370,359,25,958
10/1/2019 10:14,datasets/dataset_cropped/10_Metas/01/10/20191001101400_00160.jpg,datasets_flow/dataset_cropped/10_Metas/01/10/20191001101400_00160.jpg,datasets_cloudmask/dataset_cropped/10_Metas/01/10/20191001101400_00160.png,487.6,219.2,364.4,25,958
10/1/2019 10:15,datasets/dataset_cropped/10_Metas/01/10/20191001101500_00160.jpg,datasets_flow/dataset_cropped/10_Metas/01/10/20191001101500_00160.jpg,datasets_cloudmask/dataset_cropped/10_Metas/01/10/20191001101500_00160.png,532.5,278.9,372.4,25.1,958
10/1/2019 10:16,datasets/dataset_cropped/10_Metas/01/10/20191001101600_00160.jpg,datasets_flow/dataset_cropped/10_Metas/01/10/20191001101600_00160.jpg,datasets_cloudmask/dataset_cropped/10_Metas/01/10/20191001101600_00160.png,546.4,290.4,380,25.2,958
10/1/2019 10:17,datasets/dataset_cropped/10_Metas/01/10/20191001101700_00160.jpg,datasets_flow/dataset_cropped/10_Metas/01/10/20191001101700_00160.jpg,datasets_cloudmask/dataset_cropped/10_Metas/01/10/20191001101700_00160.png,564.2,302.3,390.2,25.4,958
10/1/2019 10:18,datasets/dataset_cropped/10_Metas/01/10/20191001101800_00160.jpg,datasets_flow/dataset_cropped/10_Metas/01/10/20191001101800_00160.jpg,datasets_cloudmask/dataset_cropped/10_Metas/01/10/20191001101800_00160.png,552.7,266.9,397.2,25.6,958
10/1/2019 10:19,datasets/dataset_cropped/10_Metas/01/10/20191001101900_00160.jpg,datasets_flow/dataset_cropped/10_Metas/01/10/20191001101900_00160.jpg,datasets_cloudmask/dataset_cropped/10_Metas/01/10/20191001101900_00160.png,489.1,151,400.7,25.9,958
10/1/2019 10:20,datasets/dataset_cropped/10_Metas/01/10/20191001102000_00160.jpg,datasets_flow/dataset_cropped/10_Metas/01/10/20191001102000_00160.jpg,datasets_cloudmask/dataset_cropped/10_Metas/01/10/20191001102000_00160.png,531.3,214.4,405.4,26.1,958
10/1/2019 10:21,datasets/dataset_cropped/10_Metas/01/10/20191001102100_00160.jpg,datasets_flow/dataset_cropped/10_Metas/01/10/20191001102100_00160.jpg,datasets_cloudmask/dataset_cropped/10_Metas/01/10/20191001102100_00160.png,613.3,344.6,409.3,26.1,958
10/1/2019 10:22,datasets/dataset_cropped/10_Metas/01/10/20191001102200_00160.jpg,datasets_flow/dataset_cropped/10_Metas/01/10/20191001102200_00160.jpg,datasets_cloudmask/dataset_cropped/10_Metas/01/10/20191001102200_00160.png,469,112.3,402,26.1,958
10/1/2019 10:23,datasets/dataset_cropped/10_Metas/01/10/20191001102300_00160.jpg,datasets_flow/dataset_cropped/10_Metas/01/10/20191001102300_00160.jpg,datasets_cloudmask/dataset_cropped/10_Metas/01/10/20191001102300_00160.png,510.2,188.2,398,26,958
10/1/2019 10:24,datasets/dataset_cropped/10_Metas/01/10/20191001102400_00160.jpg,datasets_flow/dataset_cropped/10_Metas/01/10/20191001102400_00160.jpg,datasets_cloudmask/dataset_cropped/10_Metas/01/10/20191001102400_00160.png,528.4,229.7,392.5,26.2,958
10/1/2019 10:25,datasets/dataset_cropped/10_Metas/01/10/20191001102500_00160.jpg,datasets_flow/dataset_cropped/10_Metas/01/10/20191001102500_00160.jpg,datasets_cloudmask/dataset_cropped/10_Metas/01/10/20191001102500_00160.png,547.2,266.9,387.7,26.3,958
10/1/2019 10:26,datasets/dataset_cropped/10_Metas/01/10/20191001102600_00160.jpg,datasets_flow/dataset_cropped/10_Metas/01/10/20191001102600_00160.jpg,datasets_cloudmask/dataset_cropped/10_Metas/01/10/20191001102600_00160.png,545.6,269.3,384.5,26.4,958
10/1/2019 10:27,datasets/dataset_cropped/10_Metas/01/10/20191001102700_00160.jpg,datasets_flow/dataset_cropped/10_Metas/01/10/20191001102700_00160.jpg,datasets_cloudmask/dataset_cropped/10_Metas/01/10/20191001102700_00160.png,523.2,240.2,379.6,26.4,958
10/1/2019 10:28,datasets/dataset_cropped/10_Metas/01/10/20191001102800_00160.jpg,datasets_flow/dataset_cropped/10_Metas/01/10/20191001102800_00160.jpg,datasets_cloudmask/dataset_cropped/10_Metas/01/10/20191001102800_00160.png,518.4,239.1,375.4,26.4,958
10/1/2019 10:29,datasets/dataset_cropped/10_Metas/01/10/20191001102900_00160.jpg,datasets_flow/dataset_cropped/10_Metas/01/10/20191001102900_00160.jpg,datasets_cloudmask/dataset_cropped/10_Metas/01/10/20191001102900_00160.png,482.3,182.5,372.9,26.3,958
10/1/2019 10:30,datasets/dataset_cropped/10_Metas/01/10/20191001103000_00160.jpg,datasets_flow/dataset_cropped/10_Metas/01/10/20191001103000_00160.jpg,datasets_cloudmask/dataset_cropped/10_Metas/01/10/20191001103000_00160.png,499.6,204.6,375.3,26.2,958
10/1/2019 10:31,datasets/dataset_cropped/10_Metas/01/10/20191001103100_00160.jpg,datasets_flow/dataset_cropped/10_Metas/01/10/20191001103100_00160.jpg,datasets_cloudmask/dataset_cropped/10_Metas/01/10/20191001103100_00160.png,525.3,237.4,379.9,26.1,958
10/1/2019 10:32,datasets/dataset_cropped/10_Metas/01/10/20191001103200_00160.jpg,datasets_flow/dataset_cropped/10_Metas/01/10/20191001103200_00160.jpg,datasets_cloudmask/dataset_cropped/10_Metas/01/10/20191001103200_00160.png,551.7,270.4,385.3,26.1,958
10/1/2019 10:33,datasets/dataset_cropped/10_Metas/01/10/20191001103300_00160.jpg,datasets_flow/dataset_cropped/10_Metas/01/10/20191001103300_00160.jpg,datasets_cloudmask/dataset_cropped/10_Metas/01/10/20191001103300_00160.png,498.5,177.5,388.7,26.1,958
10/1/2019 10:34,datasets/dataset_cropped/10_Metas/01/10/20191001103400_00160.jpg,datasets_flow/dataset_cropped/10_Metas/01/10/20191001103400_00160.jpg,datasets_cloudmask/dataset_cropped/10_Metas/01/10/20191001103400_00160.png,518.9,197.5,396.1,26.3,958
10/1/2019 10:35,datasets/dataset_cropped/10_Metas/01/10/20191001103500_00160.jpg,datasets_flow/dataset_cropped/10_Metas/01/10/20191001103500_00160.jpg,datasets_cloudmask/dataset_cropped/10_Metas/01/10/20191001103500_00160.png,557.9,248.6,402.6,26.3,958
10/1/2019 10:36,datasets/dataset_cropped/10_Metas/01/10/20191001103600_00160.jpg,datasets_flow/dataset_cropped/10_Metas/01/10/20191001103600_00160.jpg,datasets_cloudmask/dataset_cropped/10_Metas/01/10/20191001103600_00160.png,598.2,305.1,408.1,26.5,958
10/1/2019 10:37,datasets/dataset_cropped/10_Metas/01/10/20191001103700_00160.jpg,datasets_flow/dataset_cropped/10_Metas/01/10/20191001103700_00160.jpg,datasets_cloudmask/dataset_cropped/10_Metas/01/10/20191001103700_00160.png,733.4,522.2,410.7,26.7,958
10/1/2019 10:38,datasets/dataset_cropped/10_Metas/01/10/20191001103800_00160.jpg,datasets_flow/dataset_cropped/10_Metas/01/10/20191001103800_00160.jpg,datasets_cloudmask/dataset_cropped/10_Metas/01/10/20191001103800_00160.png,886,770.5,407.7,27,958
10/1/2019 10:39,datasets/dataset_cropped/10_Metas/01/10/20191001103900_00160.jpg,datasets_flow/dataset_cropped/10_Metas/01/10/20191001103900_00160.jpg,datasets_cloudmask/dataset_cropped/10_Metas/01/10/20191001103900_00160.png,604.6,324.7,401.3,27.4,958
10/1/2019 10:40,datasets/dataset_cropped/10_Metas/01/10/20191001104000_00160.jpg,datasets_flow/dataset_cropped/10_Metas/01/10/20191001104000_00160.jpg,datasets_cloudmask/dataset_cropped/10_Metas/01/10/20191001104000_00160.png,642.8,382.7,402.1,27.6,958
10/1/2019 10:41,datasets/dataset_cropped/10_Metas/01/10/20191001104100_00160.jpg,datasets_flow/dataset_cropped/10_Metas/01/10/20191001104100_00160.jpg,datasets_cloudmask/dataset_cropped/10_Metas/01/10/20191001104100_00160.png,612.3,334.8,401.2,27.5,958
10/1/2019 10:42,datasets/dataset_cropped/10_Metas/01/10/20191001104200_00160.jpg,datasets_flow/dataset_cropped/10_Metas/01/10/20191001104200_00160.jpg,datasets_cloudmask/dataset_cropped/10_Metas/01/10/20191001104200_00160.png,679.9,441.6,400.4,27.3,958
10/1/2019 10:43,datasets/dataset_cropped/10_Metas/01/10/20191001104300_00160.jpg,datasets_flow/dataset_cropped/10_Metas/01/10/20191001104300_00160.jpg,datasets_cloudmask/dataset_cropped/10_Metas/01/10/20191001104300_00160.png,754.6,561,401.2,26.9,958
10/1/2019 10:44,datasets/dataset_cropped/10_Metas/01/10/20191001104400_00160.jpg,datasets_flow/dataset_cropped/10_Metas/01/10/20191001104400_00160.jpg,datasets_cloudmask/dataset_cropped/10_Metas/01/10/20191001104400_00160.png,819,655.8,404.2,26.8,958
10/1/2019 10:45,datasets/dataset_cropped/10_Metas/01/10/20191001104500_00160.jpg,datasets_flow/dataset_cropped/10_Metas/01/10/20191001104500_00160.jpg,datasets_cloudmask/dataset_cropped/10_Metas/01/10/20191001104500_00160.png,762,560.9,404.9,26.9,958
10/1/2019 10:46,datasets/dataset_cropped/10_Metas/01/10/20191001104600_00160.jpg,datasets_flow/dataset_cropped/10_Metas/01/10/20191001104600_00160.jpg,datasets_cloudmask/dataset_cropped/10_Metas/01/10/20191001104600_00160.png,696.4,461,400.9,27.1,958
10/1/2019 10:47,datasets/dataset_cropped/10_Metas/01/10/20191001104700_00160.jpg,datasets_flow/dataset_cropped/10_Metas/01/10/20191001104700_00160.jpg,datasets_cloudmask/dataset_cropped/10_Metas/01/10/20191001104700_00160.png,826,678.9,391.6,27.3,958
10/1/2019 10:48,datasets/dataset_cropped/10_Metas/01/10/20191001104800_00160.jpg,datasets_flow/dataset_cropped/10_Metas/01/10/20191001104800_00160.jpg,datasets_cloudmask/dataset_cropped/10_Metas/01/10/20191001104800_00160.png,688.5,492.1,370.6,27.1,958
10/1/2019 10:49,datasets/dataset_cropped/10_Metas/01/10/20191001104900_00160.jpg,datasets_flow/dataset_cropped/10_Metas/01/10/20191001104900_00160.jpg,datasets_cloudmask/dataset_cropped/10_Metas/01/10/20191001104900_00160.png,664.8,486.9,350.1,26.8,958
10/1/2019 10:50,datasets/dataset_cropped/10_Metas/01/10/20191001105000_00160.jpg,datasets_flow/dataset_cropped/10_Metas/01/10/20191001105000_00160.jpg,datasets_cloudmask/dataset_cropped/10_Metas/01/10/20191001105000_00160.png,834,780.5,331.6,26.8,958
10/1/2019 10:51,datasets/dataset_cropped/10_Metas/01/10/20191001105100_00160.jpg,datasets_flow/dataset_cropped/10_Metas/01/10/20191001105100_00160.jpg,datasets_cloudmask/dataset_cropped/10_Metas/01/10/20191001105100_00160.png,856,842,311.8,26.8,958
10/1/2019 10:52,datasets/dataset_cropped/10_Metas/01/10/20191001105200_00160.jpg,datasets_flow/dataset_cropped/10_Metas/01/10/20191001105200_00160.jpg,datasets_cloudmask/dataset_cropped/10_Metas/01/10/20191001105200_00160.png,861,880,292.3,26.8,958
10/1/2019 10:53,datasets/dataset_cropped/10_Metas/01/10/20191001105300_00160.jpg,datasets_flow/dataset_cropped/10_Metas/01/10/20191001105300_00160.jpg,datasets_cloudmask/dataset_cropped/10_Metas/01/10/20191001105300_00160.png,848,880,278.3,26.8,958
10/1/2019 10:54,datasets/dataset_cropped/10_Metas/01/10/20191001105400_00160.jpg,datasets_flow/dataset_cropped/10_Metas/01/10/20191001105400_00160.jpg,datasets_cloudmask/dataset_cropped/10_Metas/01/10/20191001105400_00160.png,832,848,280.3,26.6,958
10/1/2019 10:55,datasets/dataset_cropped/10_Metas/01/10/20191001105500_00160.jpg,datasets_flow/dataset_cropped/10_Metas/01/10/20191001105500_00160.jpg,datasets_cloudmask/dataset_cropped/10_Metas/01/10/20191001105500_00160.png,861,882,285.9,26.8,958
10/1/2019 10:56,datasets/dataset_cropped/10_Metas/01/10/20191001105600_00160.jpg,datasets_flow/dataset_cropped/10_Metas/01/10/20191001105600_00160.jpg,datasets_cloudmask/dataset_cropped/10_Metas/01/10/20191001105600_00160.png,875,885,296.9,26.6,958
10/1/2019 10:57,datasets/dataset_cropped/10_Metas/01/10/20191001105700_00160.jpg,datasets_flow/dataset_cropped/10_Metas/01/10/20191001105700_00160.jpg,datasets_cloudmask/dataset_cropped/10_Metas/01/10/20191001105700_00160.png,895,887,313.4,26.7,958
10/1/2019 10:58,datasets/dataset_cropped/10_Metas/01/10/20191001105800_00160.jpg,datasets_flow/dataset_cropped/10_Metas/01/10/20191001105800_00160.jpg,datasets_cloudmask/dataset_cropped/10_Metas/01/10/20191001105800_00160.png,914,888,331.3,26.9,958
10/1/2019 10:59,datasets/dataset_cropped/10_Metas/01/10/20191001105900_00160.jpg,datasets_flow/dataset_cropped/10_Metas/01/10/20191001105900_00160.jpg,datasets_cloudmask/dataset_cropped/10_Metas/01/10/20191001105900_00160.png,933,888,348.5,27.1,958
10/1/2019 11:00,datasets/dataset_cropped/10_Metas/01/11/20191001110000_00160.jpg,datasets_flow/dataset_cropped/10_Metas/01/11/20191001110000_00160.jpg,datasets_cloudmask/dataset_cropped/10_Metas/01/11/20191001110000_00160.png,951,889,364.4,27.1,958
10/1/2019 11:01,datasets/dataset_cropped/10_Metas/01/11/20191001110100_00160.jpg,datasets_flow/dataset_cropped/10_Metas/01/11/20191001110100_00160.jpg,datasets_cloudmask/dataset_cropped/10_Metas/01/11/20191001110100_00160.png,968,888,380.2,27,958
10/1/2019 11:02,datasets/dataset_cropped/10_Metas/01/11/20191001110200_00160.jpg,datasets_flow/dataset_cropped/10_Metas/01/11/20191001110200_00160.jpg,datasets_cloudmask/dataset_cropped/10_Metas/01/11/20191001110200_00160.png,983,885,395.1,26.9,958
10/1/2019 11:03,datasets/dataset_cropped/10_Metas/01/11/20191001110300_00160.jpg,datasets_flow/dataset_cropped/10_Metas/01/11/20191001110300_00160.jpg,datasets_cloudmask/dataset_cropped/10_Metas/01/11/20191001110300_00160.png,992,880,407,26.8,958
10/1/2019 11:04,datasets/dataset_cropped/10_Metas/01/11/20191001110400_00160.jpg,datasets_flow/dataset_cropped/10_Metas/01/11/20191001110400_00160.jpg,datasets_cloudmask/dataset_cropped/10_Metas/01/11/20191001110400_00160.png,988,861,414,26.9,958
10/1/2019 11:05,datasets/dataset_cropped/10_Metas/01/11/20191001110500_00160.jpg,datasets_flow/dataset_cropped/10_Metas/01/11/20191001110500_00160.jpg,datasets_cloudmask/dataset_cropped/10_Metas/01/11/20191001110500_00160.png,972,830,417.4,26.9,958
10/1/2019 11:06,datasets/dataset_cropped/10_Metas/01/11/20191001110600_00160.jpg,datasets_flow/dataset_cropped/10_Metas/01/11/20191001110600_00160.jpg,datasets_cloudmask/dataset_cropped/10_Metas/01/11/20191001110600_00160.png,956,790.7,423.5,26.9,958
10/1/2019 11:07,datasets/dataset_cropped/10_Metas/01/11/20191001110700_00160.jpg,datasets_flow/dataset_cropped/10_Metas/01/11/20191001110700_00160.jpg,datasets_cloudmask/dataset_cropped/10_Metas/01/11/20191001110700_00160.png,765.5,502.3,425.6,26.9,958
10/1/2019 11:08,datasets/dataset_cropped/10_Metas/01/11/20191001110800_00160.jpg,datasets_flow/dataset_cropped/10_Metas/01/11/20191001110800_00160.jpg,datasets_cloudmask/dataset_cropped/10_Metas/01/11/20191001110800_00160.png,920,719.8,431.1,27.1,958
10/1/2019 11:09,datasets/dataset_cropped/10_Metas/01/11/20191001110900_00160.jpg,datasets_flow/dataset_cropped/10_Metas/01/11/20191001110900_00160.jpg,datasets_cloudmask/dataset_cropped/10_Metas/01/11/20191001110900_00160.png,868,645.9,429.2,27.1,958
10/1/2019 11:10,datasets/dataset_cropped/10_Metas/01/11/20191001111000_00160.jpg,datasets_flow/dataset_cropped/10_Metas/01/11/20191001111000_00160.jpg,datasets_cloudmask/dataset_cropped/10_Metas/01/11/20191001111000_00160.png,897,691.6,426.1,26.9,958
10/1/2019 11:11,datasets/dataset_cropped/10_Metas/01/11/20191001111100_00160.jpg,datasets_flow/dataset_cropped/10_Metas/01/11/20191001111100_00160.jpg,datasets_cloudmask/dataset_cropped/10_Metas/01/11/20191001111100_00160.png,845,624.8,418.7,27,958
10/1/2019 11:12,datasets/dataset_cropped/10_Metas/01/11/20191001111200_00160.jpg,datasets_flow/dataset_cropped/10_Metas/01/11/20191001111200_00160.jpg,datasets_cloudmask/dataset_cropped/10_Metas/01/11/20191001111200_00160.png,810,578.3,415,27.2,958
10/1/2019 11:13,datasets/dataset_cropped/10_Metas/01/11/20191001111300_00160.jpg,datasets_flow/dataset_cropped/10_Metas/01/11/20191001111300_00160.jpg,datasets_cloudmask/dataset_cropped/10_Metas/01/11/20191001111300_00160.png,963,803,413.7,27.2,958
10/1/2019 11:14,datasets/dataset_cropped/10_Metas/01/11/20191001111400_00160.jpg,datasets_flow/dataset_cropped/10_Metas/01/11/20191001111400_00160.jpg,datasets_cloudmask/dataset_cropped/10_Metas/01/11/20191001111400_00160.png,862,664.7,406.8,27.3,958
10/1/2019 11:15,datasets/dataset_cropped/10_Metas/01/11/20191001111500_00160.jpg,datasets_flow/dataset_cropped/10_Metas/01/11/20191001111500_00160.jpg,datasets_cloudmask/dataset_cropped/10_Metas/01/11/20191001111500_00160.png,940,778.9,405,27.6,958
10/1/2019 11:16,datasets/dataset_cropped/10_Metas/01/11/20191001111600_00160.jpg,datasets_flow/dataset_cropped/10_Metas/01/11/20191001111600_00160.jpg,datasets_cloudmask/dataset_cropped/10_Metas/01/11/20191001111600_00160.png,949,812,390.4,27.6,958
10/1/2019 11:17,datasets/dataset_cropped/10_Metas/01/11/20191001111700_00160.jpg,datasets_flow/dataset_cropped/10_Metas/01/11/20191001111700_00160.jpg,datasets_cloudmask/dataset_cropped/10_Metas/01/11/20191001111700_00160.png,978,888,367.2,27.6,958
10/1/2019 11:18,datasets/dataset_cropped/10_Metas/01/11/20191001111800_00160.jpg,datasets_flow/dataset_cropped/10_Metas/01/11/20191001111800_00160.jpg,datasets_cloudmask/dataset_cropped/10_Metas/01/11/20191001111800_00160.png,960,894,344.1,27.6,958
10/1/2019 11:19,datasets/dataset_cropped/10_Metas/01/11/20191001111900_00160.jpg,datasets_flow/dataset_cropped/10_Metas/01/11/20191001111900_00160.jpg,datasets_cloudmask/dataset_cropped/10_Metas/01/11/20191001111900_00160.png,934,887,320.9,27.8,958
10/1/2019 11:20,datasets/dataset_cropped/10_Metas/01/11/20191001112000_00160.jpg,datasets_flow/dataset_cropped/10_Metas/01/11/20191001112000_00160.jpg,datasets_cloudmask/dataset_cropped/10_Metas/01/11/20191001112000_00160.png,862,818,290.6,27.7,958
10/1/2019 11:21,datasets/dataset_cropped/10_Metas/01/11/20191001112100_00160.jpg,datasets_flow/dataset_cropped/10_Metas/01/11/20191001112100_00160.jpg,datasets_cloudmask/dataset_cropped/10_Metas/01/11/20191001112100_00160.png,861,871,255.5,27.8,958
10/1/2019 11:22,datasets/dataset_cropped/10_Metas/01/11/20191001112200_00160.jpg,datasets_flow/dataset_cropped/10_Metas/01/11/20191001112200_00160.jpg,datasets_cloudmask/dataset_cropped/10_Metas/01/11/20191001112200_00160.png,841,884,225.4,27.9,958
10/1/2019 11:23,datasets/dataset_cropped/10_Metas/01/11/20191001112300_00160.jpg,datasets_flow/dataset_cropped/10_Metas/01/11/20191001112300_00160.jpg,datasets_cloudmask/dataset_cropped/10_Metas/01/11/20191001112300_00160.png,833,902,203.9,28.2,958
10/1/2019 11:24,datasets/dataset_cropped/10_Metas/01/11/20191001112400_00160.jpg,datasets_flow/dataset_cropped/10_Metas/01/11/20191001112400_00160.jpg,datasets_cloudmask/dataset_cropped/10_Metas/01/11/20191001112400_00160.png,819,901,190.2,28.3,958
10/1/2019 11:25,datasets/dataset_cropped/10_Metas/01/11/20191001112500_00160.jpg,datasets_flow/dataset_cropped/10_Metas/01/11/20191001112500_00160.jpg,datasets_cloudmask/dataset_cropped/10_Metas/01/11/20191001112500_00160.png,807,895,180.9,28,958
10/1/2019 11:26,datasets/dataset_cropped/10_Metas/01/11/20191001112600_00160.jpg,datasets_flow/dataset_cropped/10_Metas/01/11/20191001112600_00160.jpg,datasets_cloudmask/dataset_cropped/10_Metas/01/11/20191001112600_00160.png,809,903,176.1,27.9,958
10/1/2019 11:27,datasets/dataset_cropped/10_Metas/01/11/20191001112700_00160.jpg,datasets_flow/dataset_cropped/10_Metas/01/11/20191001112700_00160.jpg,datasets_cloudmask/dataset_cropped/10_Metas/01/11/20191001112700_00160.png,811,905,174.8,28,958
10/1/2019 11:28,datasets/dataset_cropped/10_Metas/01/11/20191001112800_00160.jpg,datasets_flow/dataset_cropped/10_Metas/01/11/20191001112800_00160.jpg,datasets_cloudmask/dataset_cropped/10_Metas/01/11/20191001112800_00160.png,813,907,175.1,28.1,958
10/1/2019 11:29,datasets/dataset_cropped/10_Metas/01/11/20191001112900_00160.jpg,datasets_flow/dataset_cropped/10_Metas/01/11/20191001112900_00160.jpg,datasets_cloudmask/dataset_cropped/10_Metas/01/11/20191001112900_00160.png,816,907,176.6,28.4,958
10/1/2019 11:30,datasets/dataset_cropped/10_Metas/01/11/20191001113000_00160.jpg,datasets_flow/dataset_cropped/10_Metas/01/11/20191001113000_00160.jpg,datasets_cloudmask/dataset_cropped/10_Metas/01/11/20191001113000_00160.png,819,905,179.1,28.3,958
10/1/2019 11:31,datasets/dataset_cropped/10_Metas/01/11/20191001113100_00160.jpg,datasets_flow/dataset_cropped/10_Metas/01/11/20191001113100_00160.jpg,datasets_cloudmask/dataset_cropped/10_Metas/01/11/20191001113100_00160.png,824,907,182,28,958
10/1/2019 11:32,datasets/dataset_cropped/10_Metas/01/11/20191001113200_00160.jpg,datasets_flow/dataset_cropped/10_Metas/01/11/20191001113200_00160.jpg,datasets_cloudmask/dataset_cropped/10_Metas/01/11/20191001113200_00160.png,831,909,185.7,27.8,958
10/1/2019 11:33,datasets/dataset_cropped/10_Metas/01/11/20191001113300_00160.jpg,datasets_flow/dataset_cropped/10_Metas/01/11/20191001113300_00160.jpg,datasets_cloudmask/dataset_cropped/10_Metas/01/11/20191001113300_00160.png,833,906,188.6,27.8,958
10/1/2019 11:34,datasets/dataset_cropped/10_Metas/01/11/20191001113400_00160.jpg,datasets_flow/dataset_cropped/10_Metas/01/11/20191001113400_00160.jpg,datasets_cloudmask/dataset_cropped/10_Metas/01/11/20191001113400_00160.png,833,905,188,27.8,958
10/1/2019 11:35,datasets/dataset_cropped/10_Metas/01/11/20191001113500_00160.jpg,datasets_flow/dataset_cropped/10_Metas/01/11/20191001113500_00160.jpg,datasets_cloudmask/dataset_cropped/10_Metas/01/11/20191001113500_00160.png,832,908,183.4,27.8,958
10/1/2019 11:36,datasets/dataset_cropped/10_Metas/01/11/20191001113600_00160.jpg,datasets_flow/dataset_cropped/10_Metas/01/11/20191001113600_00160.jpg,datasets_cloudmask/dataset_cropped/10_Metas/01/11/20191001113600_00160.png,830,910,178.4,27.8,958
10/1/2019 11:37,datasets/dataset_cropped/10_Metas/01/11/20191001113700_00160.jpg,datasets_flow/dataset_cropped/10_Metas/01/11/20191001113700_00160.jpg,datasets_cloudmask/dataset_cropped/10_Metas/01/11/20191001113700_00160.png,828,911,174.3,28,958
10/1/2019 11:38,datasets/dataset_cropped/10_Metas/01/11/20191001113800_00160.jpg,datasets_flow/dataset_cropped/10_Metas/01/11/20191001113800_00160.jpg,datasets_cloudmask/dataset_cropped/10_Metas/01/11/20191001113800_00160.png,825,907,173.3,27.6,958
10/1/2019 11:39,datasets/dataset_cropped/10_Metas/01/11/20191001113900_00160.jpg,datasets_flow/dataset_cropped/10_Metas/01/11/20191001113900_00160.jpg,datasets_cloudmask/dataset_cropped/10_Metas/01/11/20191001113900_00160.png,825,906,172.7,27.2,958
10/1/2019 11:40,datasets/dataset_cropped/10_Metas/01/11/20191001114000_00160.jpg,datasets_flow/dataset_cropped/10_Metas/01/11/20191001114000_00160.jpg,datasets_cloudmask/dataset_cropped/10_Metas/01/11/20191001114000_00160.png,829,908,174.3,27.2,958
10/1/2019 11:41,datasets/dataset_cropped/10_Metas/01/11/20191001114100_00160.jpg,datasets_flow/dataset_cropped/10_Metas/01/11/20191001114100_00160.jpg,datasets_cloudmask/dataset_cropped/10_Metas/01/11/20191001114100_00160.png,837,916,176.3,27.3,958
10/1/2019 11:42,datasets/dataset_cropped/10_Metas/01/11/20191001114200_00160.jpg,datasets_flow/dataset_cropped/10_Metas/01/11/20191001114200_00160.jpg,datasets_cloudmask/dataset_cropped/10_Metas/01/11/20191001114200_00160.png,839,912,178.9,27.6,958
10/1/2019 11:43,datasets/dataset_cropped/10_Metas/01/11/20191001114300_00160.jpg,datasets_flow/dataset_cropped/10_Metas/01/11/20191001114300_00160.jpg,datasets_cloudmask/dataset_cropped/10_Metas/01/11/20191001114300_00160.png,836,908,178.1,27.8,958
10/1/2019 11:44,datasets/dataset_cropped/10_Metas/01/11/20191001114400_00160.jpg,datasets_flow/dataset_cropped/10_Metas/01/11/20191001114400_00160.jpg,datasets_cloudmask/dataset_cropped/10_Metas/01/11/20191001114400_00160.png,829,906,171.6,27.5,958
10/1/2019 11:45,datasets/dataset_cropped/10_Metas/01/11/20191001114500_00160.jpg,datasets_flow/dataset_cropped/10_Metas/01/11/20191001114500_00160.jpg,datasets_cloudmask/dataset_cropped/10_Metas/01/11/20191001114500_00160.png,820,906,162.4,27.2,958
10/1/2019 11:46,datasets/dataset_cropped/10_Metas/01/11/20191001114600_00160.jpg,datasets_flow/dataset_cropped/10_Metas/01/11/20191001114600_00160.jpg,datasets_cloudmask/dataset_cropped/10_Metas/01/11/20191001114600_00160.png,820,914,154.7,27.4,958
10/1/2019 11:47,datasets/dataset_cropped/10_Metas/01/11/20191001114700_00160.jpg,datasets_flow/dataset_cropped/10_Metas/01/11/20191001114700_00160.jpg,datasets_cloudmask/dataset_cropped/10_Metas/01/11/20191001114700_00160.png,816,914,150.9,27.6,958
10/1/2019 11:48,datasets/dataset_cropped/10_Metas/01/11/20191001114800_00160.jpg,datasets_flow/dataset_cropped/10_Metas/01/11/20191001114800_00160.jpg,datasets_cloudmask/dataset_cropped/10_Metas/01/11/20191001114800_00160.png,814,910,151.4,27.2,958
10/1/2019 11:49,datasets/dataset_cropped/10_Metas/01/11/20191001114900_00160.jpg,datasets_flow/dataset_cropped/10_Metas/01/11/20191001114900_00160.jpg,datasets_cloudmask/dataset_cropped/10_Metas/01/11/20191001114900_00160.png,820,911,156.7,27.3,958
10/1/2019 11:50,datasets/dataset_cropped/10_Metas/01/11/20191001115000_00160.jpg,datasets_flow/dataset_cropped/10_Metas/01/11/20191001115000_00160.jpg,datasets_cloudmask/dataset_cropped/10_Metas/01/11/20191001115000_00160.png,827,913,161.6,27.4,958
10/1/2019 11:51,datasets/dataset_cropped/10_Metas/01/11/20191001115100_00160.jpg,datasets_flow/dataset_cropped/10_Metas/01/11/20191001115100_00160.jpg,datasets_cloudmask/dataset_cropped/10_Metas/01/11/20191001115100_00160.png,831,914,164,27.2,958
10/1/2019 11:52,datasets/dataset_cropped/10_Metas/01/11/20191001115200_00160.jpg,datasets_flow/dataset_cropped/10_Metas/01/11/20191001115200_00160.jpg,datasets_cloudmask/dataset_cropped/10_Metas/01/11/20191001115200_00160.png,835,913,167.1,27.1,958
10/1/2019 11:53,datasets/dataset_cropped/10_Metas/01/11/20191001115300_00160.jpg,datasets_flow/dataset_cropped/10_Metas/01/11/20191001115300_00160.jpg,datasets_cloudmask/dataset_cropped/10_Metas/01/11/20191001115300_00160.png,835,911,168.2,27.2,958
10/1/2019 11:54,datasets/dataset_cropped/10_Metas/01/11/20191001115400_00160.jpg,datasets_flow/dataset_cropped/10_Metas/01/11/20191001115400_00160.jpg,datasets_cloudmask/dataset_cropped/10_Metas/01/11/20191001115400_00160.png,828,909,162.1,27.2,958
10/1/2019 11:55,datasets/dataset_cropped/10_Metas/01/11/20191001115500_00160.jpg,datasets_flow/dataset_cropped/10_Metas/01/11/20191001115500_00160.jpg,datasets_cloudmask/dataset_cropped/10_Metas/01/11/20191001115500_00160.png,819,911,150.5,26.8,958
10/1/2019 11:56,datasets/dataset_cropped/10_Metas/01/11/20191001115600_00160.jpg,datasets_flow/dataset_cropped/10_Metas/01/11/20191001115600_00160.jpg,datasets_cloudmask/dataset_cropped/10_Metas/01/11/20191001115600_00160.png,809,908,141.3,26.9,958
10/1/2019 11:57,datasets/dataset_cropped/10_Metas/01/11/20191001115700_00160.jpg,datasets_flow/dataset_cropped/10_Metas/01/11/20191001115700_00160.jpg,datasets_cloudmask/dataset_cropped/10_Metas/01/11/20191001115700_00160.png,808,910,138.3,27.1,958
10/1/2019 11:58,datasets/dataset_cropped/10_Metas/01/11/20191001115800_00160.jpg,datasets_flow/dataset_cropped/10_Metas/01/11/20191001115800_00160.jpg,datasets_cloudmask/dataset_cropped/10_Metas/01/11/20191001115800_00160.png,807,912,135.7,27.4,958
10/1/2019 11:59,datasets/dataset_cropped/10_Metas/01/11/20191001115900_00160.jpg,datasets_flow/dataset_cropped/10_Metas/01/11/20191001115900_00160.jpg,datasets_cloudmask/dataset_cropped/10_Metas/01/11/20191001115900_00160.png,806,910,135.2,27.3,958
10/1/2019 12:00,datasets/dataset_cropped/10_Metas/01/12/20191001120000_00160.jpg,datasets_flow/dataset_cropped/10_Metas/01/12/20191001120000_00160.jpg,datasets_cloudmask/dataset_cropped/10_Metas/01/12/20191001120000_00160.png,810,909,137,27.1,958
10/1/2019 12:01,datasets/dataset_cropped/10_Metas/01/12/20191001120100_00160.jpg,datasets_flow/dataset_cropped/10_Metas/01/12/20191001120100_00160.jpg,datasets_cloudmask/dataset_cropped/10_Metas/01/12/20191001120100_00160.png,816,912,140,27.1,958
10/1/2019 12:02,datasets/dataset_cropped/10_Metas/01/12/20191001120200_00160.jpg,datasets_flow/dataset_cropped/10_Metas/01/12/20191001120200_00160.jpg,datasets_cloudmask/dataset_cropped/10_Metas/01/12/20191001120200_00160.png,818,911,141.7,27.2,958
10/1/2019 12:03,datasets/dataset_cropped/10_Metas/01/12/20191001120300_00160.jpg,datasets_flow/dataset_cropped/10_Metas/01/12/20191001120300_00160.jpg,datasets_cloudmask/dataset_cropped/10_Metas/01/12/20191001120300_00160.png,812,903,140.8,27.2,958
10/1/2019 12:04,datasets/dataset_cropped/10_Metas/01/12/20191001120400_00160.jpg,datasets_flow/dataset_cropped/10_Metas/01/12/20191001120400_00160.jpg,datasets_cloudmask/dataset_cropped/10_Metas/01/12/20191001120400_00160.png,808,904,135.5,26.9,958
10/1/2019 12:05,datasets/dataset_cropped/10_Metas/01/12/20191001120500_00160.jpg,datasets_flow/dataset_cropped/10_Metas/01/12/20191001120500_00160.jpg,datasets_cloudmask/dataset_cropped/10_Metas/01/12/20191001120500_00160.png,778.4,873,127.8,27,958
10/1/2019 12:06,datasets/dataset_cropped/10_Metas/01/12/20191001120600_00160.jpg,datasets_flow/dataset_cropped/10_Metas/01/12/20191001120600_00160.jpg,datasets_cloudmask/dataset_cropped/10_Metas/01/12/20191001120600_00160.png,793.3,902,120.2,26.9,958
10/1/2019 12:07,datasets/dataset_cropped/10_Metas/01/12/20191001120700_00160.jpg,datasets_flow/dataset_cropped/10_Metas/01/12/20191001120700_00160.jpg,datasets_cloudmask/dataset_cropped/10_Metas/01/12/20191001120700_00160.png,792.9,904,118.7,26.8,958
10/1/2019 12:08,datasets/dataset_cropped/10_Metas/01/12/20191001120800_00160.jpg,datasets_flow/dataset_cropped/10_Metas/01/12/20191001120800_00160.jpg,datasets_cloudmask/dataset_cropped/10_Metas/01/12/20191001120800_00160.png,791.8,902,118.8,26.9,958
10/1/2019 12:09,datasets/dataset_cropped/10_Metas/01/12/20191001120900_00160.jpg,datasets_flow/dataset_cropped/10_Metas/01/12/20191001120900_00160.jpg,datasets_cloudmask/dataset_cropped/10_Metas/01/12/20191001120900_00160.png,787.9,898,117.8,26.9,958
10/1/2019 12:10,datasets/dataset_cropped/10_Metas/01/12/20191001121000_00160.jpg,datasets_flow/dataset_cropped/10_Metas/01/12/20191001121000_00160.jpg,datasets_cloudmask/dataset_cropped/10_Metas/01/12/20191001121000_00160.png,787.1,898,116.5,26.8,958
10/1/2019 12:11,datasets/dataset_cropped/10_Metas/01/12/20191001121100_00160.jpg,datasets_flow/dataset_cropped/10_Metas/01/12/20191001121100_00160.jpg,datasets_cloudmask/dataset_cropped/10_Metas/01/12/20191001121100_00160.png,788.5,901,115.1,26.9,958
10/1/2019 12:12,datasets/dataset_cropped/10_Metas/01/12/20191001121200_00160.jpg,datasets_flow/dataset_cropped/10_Metas/01/12/20191001121200_00160.jpg,datasets_cloudmask/dataset_cropped/10_Metas/01/12/20191001121200_00160.png,788.5,903,113.1,26.8,958
10/1/2019 12:13,datasets/dataset_cropped/10_Metas/01/12/20191001121300_00160.jpg,datasets_flow/dataset_cropped/10_Metas/01/12/20191001121300_00160.jpg,datasets_cloudmask/dataset_cropped/10_Metas/01/12/20191001121300_00160.png,787.5,901,112.5,26.8,958
10/1/2019 12:14,datasets/dataset_cropped/10_Metas/01/12/20191001121400_00160.jpg,datasets_flow/dataset_cropped/10_Metas/01/12/20191001121400_00160.jpg,datasets_cloudmask/dataset_cropped/10_Metas/01/12/20191001121400_00160.png,787.2,902,111.8,26.5,958
10/1/2019 12:15,datasets/dataset_cropped/10_Metas/01/12/20191001121500_00160.jpg,datasets_flow/dataset_cropped/10_Metas/01/12/20191001121500_00160.jpg,datasets_cloudmask/dataset_cropped/10_Metas/01/12/20191001121500_00160.png,787.5,903,110.5,26.5,958
10/1/2019 12:16,datasets/dataset_cropped/10_Metas/01/12/20191001121600_00160.jpg,datasets_flow/dataset_cropped/10_Metas/01/12/20191001121600_00160.jpg,datasets_cloudmask/dataset_cropped/10_Metas/01/12/20191001121600_00160.png,788,905,109.2,26.8,958
10/1/2019 12:17,datasets/dataset_cropped/10_Metas/01/12/20191001121700_00160.jpg,datasets_flow/dataset_cropped/10_Metas/01/12/20191001121700_00160.jpg,datasets_cloudmask/dataset_cropped/10_Metas/01/12/20191001121700_00160.png,787,904,108.3,26.8,958
10/1/2019 12:18,datasets/dataset_cropped/10_Metas/01/12/20191001121800_00160.jpg,datasets_flow/dataset_cropped/10_Metas/01/12/20191001121800_00160.jpg,datasets_cloudmask/dataset_cropped/10_Metas/01/12/20191001121800_00160.png,786.3,902,108.1,26.6,958
10/1/2019 12:19,datasets/dataset_cropped/10_Metas/01/12/20191001121900_00160.jpg,datasets_flow/dataset_cropped/10_Metas/01/12/20191001121900_00160.jpg,datasets_cloudmask/dataset_cropped/10_Metas/01/12/20191001121900_00160.png,788,906,107.3,26.5,958
10/1/2019 12:20,datasets/dataset_cropped/10_Metas/01/12/20191001122000_00160.jpg,datasets_flow/dataset_cropped/10_Metas/01/12/20191001122000_00160.jpg,datasets_cloudmask/dataset_cropped/10_Metas/01/12/20191001122000_00160.png,791.6,912,106,26.3,958
10/1/2019 12:21,datasets/dataset_cropped/10_Metas/01/12/20191001122100_00160.jpg,datasets_flow/dataset_cropped/10_Metas/01/12/20191001122100_00160.jpg,datasets_cloudmask/dataset_cropped/10_Metas/01/12/20191001122100_00160.png,793,913,105.3,26.4,958
10/1/2019 12:22,datasets/dataset_cropped/10_Metas/01/12/20191001122200_00160.jpg,datasets_flow/dataset_cropped/10_Metas/01/12/20191001122200_00160.jpg,datasets_cloudmask/dataset_cropped/10_Metas/01/12/20191001122200_00160.png,794.4,914,105.4,26.4,958
10/1/2019 12:23,datasets/dataset_cropped/10_Metas/01/12/20191001122300_00160.jpg,datasets_flow/dataset_cropped/10_Metas/01/12/20191001122300_00160.jpg,datasets_cloudmask/dataset_cropped/10_Metas/01/12/20191001122300_00160.png,792.6,910,105.8,26.5,958
10/1/2019 12:24,datasets/dataset_cropped/10_Metas/01/12/20191001122400_00160.jpg,datasets_flow/dataset_cropped/10_Metas/01/12/20191001122400_00160.jpg,datasets_cloudmask/dataset_cropped/10_Metas/01/12/20191001122400_00160.png,791.5,908,106.1,26.6,958
10/1/2019 12:25,datasets/dataset_cropped/10_Metas/01/12/20191001122500_00160.jpg,datasets_flow/dataset_cropped/10_Metas/01/12/20191001122500_00160.jpg,datasets_cloudmask/dataset_cropped/10_Metas/01/12/20191001122500_00160.png,792.9,909,106,26.6,957
10/1/2019 12:26,datasets/dataset_cropped/10_Metas/01/12/20191001122600_00160.jpg,datasets_flow/dataset_cropped/10_Metas/01/12/20191001122600_00160.jpg,datasets_cloudmask/dataset_cropped/10_Metas/01/12/20191001122600_00160.png,794.2,912,104.8,26.5,957
10/1/2019 12:27,datasets/dataset_cropped/10_Metas/01/12/20191001122700_00160.jpg,datasets_flow/dataset_cropped/10_Metas/01/12/20191001122700_00160.jpg,datasets_cloudmask/dataset_cropped/10_Metas/01/12/20191001122700_00160.png,793,910,104,26.4,958
10/1/2019 12:28,datasets/dataset_cropped/10_Metas/01/12/20191001122800_00160.jpg,datasets_flow/dataset_cropped/10_Metas/01/12/20191001122800_00160.jpg,datasets_cloudmask/dataset_cropped/10_Metas/01/12/20191001122800_00160.png,794.4,911,104,26.5,957
10/1/2019 12:29,datasets/dataset_cropped/10_Metas/01/12/20191001122900_00160.jpg,datasets_flow/dataset_cropped/10_Metas/01/12/20191001122900_00160.jpg,datasets_cloudmask/dataset_cropped/10_Metas/01/12/20191001122900_00160.png,794.1,911,104,26.9,958
10/1/2019 12:30,datasets/dataset_cropped/10_Metas/01/12/20191001123000_00160.jpg,datasets_flow/dataset_cropped/10_Metas/01/12/20191001123000_00160.jpg,datasets_cloudmask/dataset_cropped/10_Metas/01/12/20191001123000_00160.png,795.1,911,103.8,27.1,957
10/1/2019 12:31,datasets/dataset_cropped/10_Metas/01/12/20191001123100_00160.jpg,datasets_flow/dataset_cropped/10_Metas/01/12/20191001123100_00160.jpg,datasets_cloudmask/dataset_cropped/10_Metas/01/12/20191001123100_00160.png,793.6,908,103.7,27.3,958
10/1/2019 12:32,datasets/dataset_cropped/10_Metas/01/12/20191001123200_00160.jpg,datasets_flow/dataset_cropped/10_Metas/01/12/20191001123200_00160.jpg,datasets_cloudmask/dataset_cropped/10_Metas/01/12/20191001123200_00160.png,793.6,908,103.5,27.4,958
10/1/2019 12:33,datasets/dataset_cropped/10_Metas/01/12/20191001123300_00160.jpg,datasets_flow/dataset_cropped/10_Metas/01/12/20191001123300_00160.jpg,datasets_cloudmask/dataset_cropped/10_Metas/01/12/20191001123300_00160.png,794.5,909,103.4,27.2,957
10/1/2019 12:34,datasets/dataset_cropped/10_Metas/01/12/20191001123400_00160.jpg,datasets_flow/dataset_cropped/10_Metas/01/12/20191001123400_00160.jpg,datasets_cloudmask/dataset_cropped/10_Metas/01/12/20191001123400_00160.png,797.1,913,103.4,27.1,958
10/1/2019 12:35,datasets/dataset_cropped/10_Metas/01/12/20191001123500_00160.jpg,datasets_flow/dataset_cropped/10_Metas/01/12/20191001123500_00160.jpg,datasets_cloudmask/dataset_cropped/10_Metas/01/12/20191001123500_00160.png,795.5,910,103.7,26.9,957
10/1/2019 12:36,datasets/dataset_cropped/10_Metas/01/12/20191001123600_00160.jpg,datasets_flow/dataset_cropped/10_Metas/01/12/20191001123600_00160.jpg,datasets_cloudmask/dataset_cropped/10_Metas/01/12/20191001123600_00160.png,796.4,910,104.2,26.8,957
10/1/2019 12:37,datasets/dataset_cropped/10_Metas/01/12/20191001123700_00160.jpg,datasets_flow/dataset_cropped/10_Metas/01/12/20191001123700_00160.jpg,datasets_cloudmask/dataset_cropped/10_Metas/01/12/20191001123700_00160.png,797.6,911,103.9,26.6,957
10/1/2019 12:38,datasets/dataset_cropped/10_Metas/01/12/20191001123800_00160.jpg,datasets_flow/dataset_cropped/10_Metas/01/12/20191001123800_00160.jpg,datasets_cloudmask/dataset_cropped/10_Metas/01/12/20191001123800_00160.png,799.9,915,102.9,26.4,957
10/1/2019 12:39,datasets/dataset_cropped/10_Metas/01/12/20191001123900_00160.jpg,datasets_flow/dataset_cropped/10_Metas/01/12/20191001123900_00160.jpg,datasets_cloudmask/dataset_cropped/10_Metas/01/12/20191001123900_00160.png,801,917,101.9,26.5,957
10/1/2019 12:40,datasets/dataset_cropped/10_Metas/01/12/20191001124000_00160.jpg,datasets_flow/dataset_cropped/10_Metas/01/12/20191001124000_00160.jpg,datasets_cloudmask/dataset_cropped/10_Metas/01/12/20191001124000_00160.png,804,922,101.2,26.5,957
10/1/2019 12:41,datasets/dataset_cropped/10_Metas/01/12/20191001124100_00160.jpg,datasets_flow/dataset_cropped/10_Metas/01/12/20191001124100_00160.jpg,datasets_cloudmask/dataset_cropped/10_Metas/01/12/20191001124100_00160.png,803,921,100.9,26.3,957
10/1/2019 12:42,datasets/dataset_cropped/10_Metas/01/12/20191001124200_00160.jpg,datasets_flow/dataset_cropped/10_Metas/01/12/20191001124200_00160.jpg,datasets_cloudmask/dataset_cropped/10_Metas/01/12/20191001124200_00160.png,801,917,100.9,26.4,957
10/1/2019 12:43,datasets/dataset_cropped/10_Metas/01/12/20191001124300_00160.jpg,datasets_flow/dataset_cropped/10_Metas/01/12/20191001124300_00160.jpg,datasets_cloudmask/dataset_cropped/10_Metas/01/12/20191001124300_00160.png,799.7,916,100.5,26.7,957
10/1/2019 12:44,datasets/dataset_cropped/10_Metas/01/12/20191001124400_00160.jpg,datasets_flow/dataset_cropped/10_Metas/01/12/20191001124400_00160.jpg,datasets_cloudmask/dataset_cropped/10_Metas/01/12/20191001124400_00160.png,802,919,100.6,26.6,957
10/1/2019 12:45,datasets/dataset_cropped/10_Metas/01/12/20191001124500_00160.jpg,datasets_flow/dataset_cropped/10_Metas/01/12/20191001124500_00160.jpg,datasets_cloudmask/dataset_cropped/10_Metas/01/12/20191001124500_00160.png,801,916,100.7,26.7,957
10/1/2019 12:46,datasets/dataset_cropped/10_Metas/01/12/20191001124600_00160.jpg,datasets_flow/dataset_cropped/10_Metas/01/12/20191001124600_00160.jpg,datasets_cloudmask/dataset_cropped/10_Metas/01/12/20191001124600_00160.png,801,916,100.6,26.6,957
10/1/2019 12:47,datasets/dataset_cropped/10_Metas/01/12/20191001124700_00160.jpg,datasets_flow/dataset_cropped/10_Metas/01/12/20191001124700_00160.jpg,datasets_cloudmask/dataset_cropped/10_Metas/01/12/20191001124700_00160.png,804,921,99.7,26.6,957
10/1/2019 12:48,datasets/dataset_cropped/10_Metas/01/12/20191001124800_00160.jpg,datasets_flow/dataset_cropped/10_Metas/01/12/20191001124800_00160.jpg,datasets_cloudmask/dataset_cropped/10_Metas/01/12/20191001124800_00160.png,804,922,99.7,26.6,957
10/1/2019 12:49,datasets/dataset_cropped/10_Metas/01/12/20191001124900_00160.jpg,datasets_flow/dataset_cropped/10_Metas/01/12/20191001124900_00160.jpg,datasets_cloudmask/dataset_cropped/10_Metas/01/12/20191001124900_00160.png,804,921,99.8,26.4,957
10/1/2019 12:50,datasets/dataset_cropped/10_Metas/01/12/20191001125000_00160.jpg,datasets_flow/dataset_cropped/10_Metas/01/12/20191001125000_00160.jpg,datasets_cloudmask/dataset_cropped/10_Metas/01/12/20191001125000_00160.png,806,924,99.4,26.7,957
10/1/2019 12:51,datasets/dataset_cropped/10_Metas/01/12/20191001125100_00160.jpg,datasets_flow/dataset_cropped/10_Metas/01/12/20191001125100_00160.jpg,datasets_cloudmask/dataset_cropped/10_Metas/01/12/20191001125100_00160.png,804,922,99.5,26.8,957
10/1/2019 12:52,datasets/dataset_cropped/10_Metas/01/12/20191001125200_00160.jpg,datasets_flow/dataset_cropped/10_Metas/01/12/20191001125200_00160.jpg,datasets_cloudmask/dataset_cropped/10_Metas/01/12/20191001125200_00160.png,805,922,100.1,26.7,957
10/1/2019 12:53,datasets/dataset_cropped/10_Metas/01/12/20191001125300_00160.jpg,datasets_flow/dataset_cropped/10_Metas/01/12/20191001125300_00160.jpg,datasets_cloudmask/dataset_cropped/10_Metas/01/12/20191001125300_00160.png,805,923,99.7,26.9,957
10/1/2019 12:54,datasets/dataset_cropped/10_Metas/01/12/20191001125400_00160.jpg,datasets_flow/dataset_cropped/10_Metas/01/12/20191001125400_00160.jpg,datasets_cloudmask/dataset_cropped/10_Metas/01/12/20191001125400_00160.png,808,929,98.4,26.8,957
10/1/2019 12:55,datasets/dataset_cropped/10_Metas/01/12/20191001125500_00160.jpg,datasets_flow/dataset_cropped/10_Metas/01/12/20191001125500_00160.jpg,datasets_cloudmask/dataset_cropped/10_Metas/01/12/20191001125500_00160.png,809,930,97.2,27,957
10/1/2019 12:56,datasets/dataset_cropped/10_Metas/01/12/20191001125600_00160.jpg,datasets_flow/dataset_cropped/10_Metas/01/12/20191001125600_00160.jpg,datasets_cloudmask/dataset_cropped/10_Metas/01/12/20191001125600_00160.png,808,930,96.4,27.4,957
10/1/2019 12:57,datasets/dataset_cropped/10_Metas/01/12/20191001125700_00160.jpg,datasets_flow/dataset_cropped/10_Metas/01/12/20191001125700_00160.jpg,datasets_cloudmask/dataset_cropped/10_Metas/01/12/20191001125700_00160.png,810,933,96.3,27.3,957
10/1/2019 12:58,datasets/dataset_cropped/10_Metas/01/12/20191001125800_00160.jpg,datasets_flow/dataset_cropped/10_Metas/01/12/20191001125800_00160.jpg,datasets_cloudmask/dataset_cropped/10_Metas/01/12/20191001125800_00160.png,808,929,96.8,26.9,957
10/1/2019 12:59,datasets/dataset_cropped/10_Metas/01/12/20191001125900_00160.jpg,datasets_flow/dataset_cropped/10_Metas/01/12/20191001125900_00160.jpg,datasets_cloudmask/dataset_cropped/10_Metas/01/12/20191001125900_00160.png,808,929,96.8,26.9,957
10/1/2019 13:00,datasets/dataset_cropped/10_Metas/01/13/20191001130000_00160.jpg,datasets_flow/dataset_cropped/10_Metas/01/13/20191001130000_00160.jpg,datasets_cloudmask/dataset_cropped/10_Metas/01/13/20191001130000_00160.png,807,928,96.7,26.8,957
10/1/2019 13:01,datasets/dataset_cropped/10_Metas/01/13/20191001130100_00160.jpg,datasets_flow/dataset_cropped/10_Metas/01/13/20191001130100_00160.jpg,datasets_cloudmask/dataset_cropped/10_Metas/01/13/20191001130100_00160.png,808,929,96.9,27,957
10/1/2019 13:02,datasets/dataset_cropped/10_Metas/01/13/20191001130200_00160.jpg,datasets_flow/dataset_cropped/10_Metas/01/13/20191001130200_00160.jpg,datasets_cloudmask/dataset_cropped/10_Metas/01/13/20191001130200_00160.png,809,931,96.4,27.1,957
10/1/2019 13:03,datasets/dataset_cropped/10_Metas/01/13/20191001130300_00160.jpg,datasets_flow/dataset_cropped/10_Metas/01/13/20191001130300_00160.jpg,datasets_cloudmask/dataset_cropped/10_Metas/01/13/20191001130300_00160.png,807,929,96.4,27.1,957
10/1/2019 13:04,datasets/dataset_cropped/10_Metas/01/13/20191001130400_00160.jpg,datasets_flow/dataset_cropped/10_Metas/01/13/20191001130400_00160.jpg,datasets_cloudmask/dataset_cropped/10_Metas/01/13/20191001130400_00160.png,807,928,97.2,27,957
10/1/2019 13:05,datasets/dataset_cropped/10_Metas/01/13/20191001130500_00160.jpg,datasets_flow/dataset_cropped/10_Metas/01/13/20191001130500_00160.jpg,datasets_cloudmask/dataset_cropped/10_Metas/01/13/20191001130500_00160.png,805,925,97.5,27.2,957
10/1/2019 13:06,datasets/dataset_cropped/10_Metas/01/13/20191001130600_00160.jpg,datasets_flow/dataset_cropped/10_Metas/01/13/20191001130600_00160.jpg,datasets_cloudmask/dataset_cropped/10_Metas/01/13/20191001130600_00160.png,805,926,97.6,27.3,957
10/1/2019 13:07,datasets/dataset_cropped/10_Metas/01/13/20191001130700_00160.jpg,datasets_flow/dataset_cropped/10_Metas/01/13/20191001130700_00160.jpg,datasets_cloudmask/dataset_cropped/10_Metas/01/13/20191001130700_00160.png,806,928,96.6,27.2,957
10/1/2019 13:08,datasets/dataset_cropped/10_Metas/01/13/20191001130800_00160.jpg,datasets_flow/dataset_cropped/10_Metas/01/13/20191001130800_00160.jpg,datasets_cloudmask/dataset_cropped/10_Metas/01/13/20191001130800_00160.png,805,927,96.8,27.1,957
10/1/2019 13:09,datasets/dataset_cropped/10_Metas/01/13/20191001130900_00160.jpg,datasets_flow/dataset_cropped/10_Metas/01/13/20191001130900_00160.jpg,datasets_cloudmask/dataset_cropped/10_Metas/01/13/20191001130900_00160.png,805,928,96.9,27.2,957
10/1/2019 13:10,datasets/dataset_cropped/10_Metas/01/13/20191001131000_00160.jpg,datasets_flow/dataset_cropped/10_Metas/01/13/20191001131000_00160.jpg,datasets_cloudmask/dataset_cropped/10_Metas/01/13/20191001131000_00160.png,805,928,96.4,27.4,957
10/1/2019 13:11,datasets/dataset_cropped/10_Metas/01/13/20191001131100_00160.jpg,datasets_flow/dataset_cropped/10_Metas/01/13/20191001131100_00160.jpg,datasets_cloudmask/dataset_cropped/10_Metas/01/13/20191001131100_00160.png,805,929,95.7,27.5,957
10/1/2019 13:12,datasets/dataset_cropped/10_Metas/01/13/20191001131200_00160.jpg,datasets_flow/dataset_cropped/10_Metas/01/13/20191001131200_00160.jpg,datasets_cloudmask/dataset_cropped/10_Metas/01/13/20191001131200_00160.png,807,932,95.1,27.6,957
10/1/2019 13:13,datasets/dataset_cropped/10_Metas/01/13/20191001131300_00160.jpg,datasets_flow/dataset_cropped/10_Metas/01/13/20191001131300_00160.jpg,datasets_cloudmask/dataset_cropped/10_Metas/01/13/20191001131300_00160.png,805,930,95.2,27.6,957
10/1/2019 13:14,datasets/dataset_cropped/10_Metas/01/13/20191001131400_00160.jpg,datasets_flow/dataset_cropped/10_Metas/01/13/20191001131400_00160.jpg,datasets_cloudmask/dataset_cropped/10_Metas/01/13/20191001131400_00160.png,803,928,95.1,27.7,957
10/1/2019 13:15,datasets/dataset_cropped/10_Metas/01/13/20191001131500_00160.jpg,datasets_flow/dataset_cropped/10_Metas/01/13/20191001131500_00160.jpg,datasets_cloudmask/dataset_cropped/10_Metas/01/13/20191001131500_00160.png,805,930,94.6,27.9,957
10/1/2019 13:16,datasets/dataset_cropped/10_Metas/01/13/20191001131600_00160.jpg,datasets_flow/dataset_cropped/10_Metas/01/13/20191001131600_00160.jpg,datasets_cloudmask/dataset_cropped/10_Metas/01/13/20191001131600_00160.png,805,932,94,28.1,957
10/1/2019 13:17,datasets/dataset_cropped/10_Metas/01/13/20191001131700_00160.jpg,datasets_flow/dataset_cropped/10_Metas/01/13/20191001131700_00160.jpg,datasets_cloudmask/dataset_cropped/10_Metas/01/13/20191001131700_00160.png,804,930,94.3,28.2,957
10/1/2019 13:18,datasets/dataset_cropped/10_Metas/01/13/20191001131800_00160.jpg,datasets_flow/dataset_cropped/10_Metas/01/13/20191001131800_00160.jpg,datasets_cloudmask/dataset_cropped/10_Metas/01/13/20191001131800_00160.png,803,930,94.7,28,957
10/1/2019 13:19,datasets/dataset_cropped/10_Metas/01/13/20191001131900_00160.jpg,datasets_flow/dataset_cropped/10_Metas/01/13/20191001131900_00160.jpg,datasets_cloudmask/dataset_cropped/10_Metas/01/13/20191001131900_00160.png,803,930,94.9,27.8,957
10/1/2019 13:20,datasets/dataset_cropped/10_Metas/01/13/20191001132000_00160.jpg,datasets_flow/dataset_cropped/10_Metas/01/13/20191001132000_00160.jpg,datasets_cloudmask/dataset_cropped/10_Metas/01/13/20191001132000_00160.png,803,931,94.9,27.9,957
10/1/2019 13:21,datasets/dataset_cropped/10_Metas/01/13/20191001132100_00160.jpg,datasets_flow/dataset_cropped/10_Metas/01/13/20191001132100_00160.jpg,datasets_cloudmask/dataset_cropped/10_Metas/01/13/20191001132100_00160.png,802,929,95.1,28,957
10/1/2019 13:22,datasets/dataset_cropped/10_Metas/01/13/20191001132200_00160.jpg,datasets_flow/dataset_cropped/10_Metas/01/13/20191001132200_00160.jpg,datasets_cloudmask/dataset_cropped/10_Metas/01/13/20191001132200_00160.png,799.1,925,95.2,28.2,957
10/1/2019 13:23,datasets/dataset_cropped/10_Metas/01/13/20191001132300_00160.jpg,datasets_flow/dataset_cropped/10_Metas/01/13/20191001132300_00160.jpg,datasets_cloudmask/dataset_cropped/10_Metas/01/13/20191001132300_00160.png,797,923,95.3,28.2,957
10/1/2019 13:24,datasets/dataset_cropped/10_Metas/01/13/20191001132400_00160.jpg,datasets_flow/dataset_cropped/10_Metas/01/13/20191001132400_00160.jpg,datasets_cloudmask/dataset_cropped/10_Metas/01/13/20191001132400_00160.png,798.2,925,95.5,28.2,957
10/1/2019 13:25,datasets/dataset_cropped/10_Metas/01/13/20191001132500_00160.jpg,datasets_flow/dataset_cropped/10_Metas/01/13/20191001132500_00160.jpg,datasets_cloudmask/dataset_cropped/10_Metas/01/13/20191001132500_00160.png,798.8,925,96.1,28.2,957
10/1/2019 13:26,datasets/dataset_cropped/10_Metas/01/13/20191001132600_00160.jpg,datasets_flow/dataset_cropped/10_Metas/01/13/20191001132600_00160.jpg,datasets_cloudmask/dataset_cropped/10_Metas/01/13/20191001132600_00160.png,798.7,926,96,28.5,957
10/1/2019 13:27,datasets/dataset_cropped/10_Metas/01/13/20191001132700_00160.jpg,datasets_flow/dataset_cropped/10_Metas/01/13/20191001132700_00160.jpg,datasets_cloudmask/dataset_cropped/10_Metas/01/13/20191001132700_00160.png,797.5,925,95.9,28.8,957
10/1/2019 13:28,datasets/dataset_cropped/10_Metas/01/13/20191001132800_00160.jpg,datasets_flow/dataset_cropped/10_Metas/01/13/20191001132800_00160.jpg,datasets_cloudmask/dataset_cropped/10_Metas/01/13/20191001132800_00160.png,796.4,924,95.7,28.7,957
10/1/2019 13:29,datasets/dataset_cropped/10_Metas/01/13/20191001132900_00160.jpg,datasets_flow/dataset_cropped/10_Metas/01/13/20191001132900_00160.jpg,datasets_cloudmask/dataset_cropped/10_Metas/01/13/20191001132900_00160.png,795,922,95.4,28.5,957
10/1/2019 13:30,datasets/dataset_cropped/10_Metas/01/13/20191001133000_00160.jpg,datasets_flow/dataset_cropped/10_Metas/01/13/20191001133000_00160.jpg,datasets_cloudmask/dataset_cropped/10_Metas/01/13/20191001133000_00160.png,793.8,920,95.5,28.5,957
10/1/2019 13:31,datasets/dataset_cropped/10_Metas/01/13/20191001133100_00160.jpg,datasets_flow/dataset_cropped/10_Metas/01/13/20191001133100_00160.jpg,datasets_cloudmask/dataset_cropped/10_Metas/01/13/20191001133100_00160.png,790.9,916,96,28.3,957
10/1/2019 13:32,datasets/dataset_cropped/10_Metas/01/13/20191001133200_00160.jpg,datasets_flow/dataset_cropped/10_Metas/01/13/20191001133200_00160.jpg,datasets_cloudmask/dataset_cropped/10_Metas/01/13/20191001133200_00160.png,787.9,913,96.4,28.2,957
10/1/2019 13:33,datasets/dataset_cropped/10_Metas/01/13/20191001133300_00160.jpg,datasets_flow/dataset_cropped/10_Metas/01/13/20191001133300_00160.jpg,datasets_cloudmask/dataset_cropped/10_Metas/01/13/20191001133300_00160.png,787.6,913,96.6,28.1,957
10/1/2019 13:34,datasets/dataset_cropped/10_Metas/01/13/20191001133400_00160.jpg,datasets_flow/dataset_cropped/10_Metas/01/13/20191001133400_00160.jpg,datasets_cloudmask/dataset_cropped/10_Metas/01/13/20191001133400_00160.png,790.3,918,96,28.2,956
10/1/2019 13:35,datasets/dataset_cropped/10_Metas/01/13/20191001133500_00160.jpg,datasets_flow/dataset_cropped/10_Metas/01/13/20191001133500_00160.jpg,datasets_cloudmask/dataset_cropped/10_Metas/01/13/20191001133500_00160.png,790.4,920,95.6,28.2,957
10/1/2019 13:36,datasets/dataset_cropped/10_Metas/01/13/20191001133600_00160.jpg,datasets_flow/dataset_cropped/10_Metas/01/13/20191001133600_00160.jpg,datasets_cloudmask/dataset_cropped/10_Metas/01/13/20191001133600_00160.png,789.9,919,95.6,28.2,956
10/1/2019 13:37,datasets/dataset_cropped/10_Metas/01/13/20191001133700_00160.jpg,datasets_flow/dataset_cropped/10_Metas/01/13/20191001133700_00160.jpg,datasets_cloudmask/dataset_cropped/10_Metas/01/13/20191001133700_00160.png,789.2,919,96,28.3,956
10/1/2019 13:38,datasets/dataset_cropped/10_Metas/01/13/20191001133800_00160.jpg,datasets_flow/dataset_cropped/10_Metas/01/13/20191001133800_00160.jpg,datasets_cloudmask/dataset_cropped/10_Metas/01/13/20191001133800_00160.png,789.6,920,96.3,28.2,957
10/1/2019 13:39,datasets/dataset_cropped/10_Metas/01/13/20191001133900_00160.jpg,datasets_flow/dataset_cropped/10_Metas/01/13/20191001133900_00160.jpg,datasets_cloudmask/dataset_cropped/10_Metas/01/13/20191001133900_00160.png,787.1,917,96.5,28.2,956
10/1/2019 13:40,datasets/dataset_cropped/10_Metas/01/13/20191001134000_00160.jpg,datasets_flow/dataset_cropped/10_Metas/01/13/20191001134000_00160.jpg,datasets_cloudmask/dataset_cropped/10_Metas/01/13/20191001134000_00160.png,787.2,918,96.2,28.3,956
10/1/2019 13:41,datasets/dataset_cropped/10_Metas/01/13/20191001134100_00160.jpg,datasets_flow/dataset_cropped/10_Metas/01/13/20191001134100_00160.jpg,datasets_cloudmask/dataset_cropped/10_Metas/01/13/20191001134100_00160.png,788.1,921,95.6,28.5,957
10/1/2019 13:42,datasets/dataset_cropped/10_Metas/01/13/20191001134200_00160.jpg,datasets_flow/dataset_cropped/10_Metas/01/13/20191001134200_00160.jpg,datasets_cloudmask/dataset_cropped/10_Metas/01/13/20191001134200_00160.png,788,921,95.2,28.4,956
10/1/2019 13:43,datasets/dataset_cropped/10_Metas/01/13/20191001134300_00160.jpg,datasets_flow/dataset_cropped/10_Metas/01/13/20191001134300_00160.jpg,datasets_cloudmask/dataset_cropped/10_Metas/01/13/20191001134300_00160.png,786.4,920,95.3,28.2,957
10/1/2019 13:44,datasets/dataset_cropped/10_Metas/01/13/20191001134400_00160.jpg,datasets_flow/dataset_cropped/10_Metas/01/13/20191001134400_00160.jpg,datasets_cloudmask/dataset_cropped/10_Metas/01/13/20191001134400_00160.png,785.5,919,95.6,28,956
10/1/2019 13:45,datasets/dataset_cropped/10_Metas/01/13/20191001134500_00160.jpg,datasets_flow/dataset_cropped/10_Metas/01/13/20191001134500_00160.jpg,datasets_cloudmask/dataset_cropped/10_Metas/01/13/20191001134500_00160.png,784.9,920,95.5,28.1,956
10/1/2019 13:46,datasets/dataset_cropped/10_Metas/01/13/20191001134600_00160.jpg,datasets_flow/dataset_cropped/10_Metas/01/13/20191001134600_00160.jpg,datasets_cloudmask/dataset_cropped/10_Metas/01/13/20191001134600_00160.png,784.9,921,95.4,28.3,957
10/1/2019 13:47,datasets/dataset_cropped/10_Metas/01/13/20191001134700_00160.jpg,datasets_flow/dataset_cropped/10_Metas/01/13/20191001134700_00160.jpg,datasets_cloudmask/dataset_cropped/10_Metas/01/13/20191001134700_00160.png,786,924,95.1,28.4,956
10/1/2019 13:48,datasets/dataset_cropped/10_Metas/01/13/20191001134800_00160.jpg,datasets_flow/dataset_cropped/10_Metas/01/13/20191001134800_00160.jpg,datasets_cloudmask/dataset_cropped/10_Metas/01/13/20191001134800_00160.png,784.4,923,94.6,28.4,956
10/1/2019 13:49,datasets/dataset_cropped/10_Metas/01/13/20191001134900_00160.jpg,datasets_flow/dataset_cropped/10_Metas/01/13/20191001134900_00160.jpg,datasets_cloudmask/dataset_cropped/10_Metas/01/13/20191001134900_00160.png,780.7,918,95.3,28.6,956
10/1/2019 13:50,datasets/dataset_cropped/10_Metas/01/13/20191001135000_00160.jpg,datasets_flow/dataset_cropped/10_Metas/01/13/20191001135000_00160.jpg,datasets_cloudmask/dataset_cropped/10_Metas/01/13/20191001135000_00160.png,780.5,918,95.9,28.5,956
10/1/2019 13:51,datasets/dataset_cropped/10_Metas/01/13/20191001135100_00160.jpg,datasets_flow/dataset_cropped/10_Metas/01/13/20191001135100_00160.jpg,datasets_cloudmask/dataset_cropped/10_Metas/01/13/20191001135100_00160.png,779.8,919,95.8,28.5,956
10/1/2019 13:52,datasets/dataset_cropped/10_Metas/01/13/20191001135200_00160.jpg,datasets_flow/dataset_cropped/10_Metas/01/13/20191001135200_00160.jpg,datasets_cloudmask/dataset_cropped/10_Metas/01/13/20191001135200_00160.png,778.3,917,95.9,28.6,956
10/1/2019 13:53,datasets/dataset_cropped/10_Metas/01/13/20191001135300_00160.jpg,datasets_flow/dataset_cropped/10_Metas/01/13/20191001135300_00160.jpg,datasets_cloudmask/dataset_cropped/10_Metas/01/13/20191001135300_00160.png,776.8,916,96,28.6,956
10/1/2019 13:54,datasets/dataset_cropped/10_Metas/01/13/20191001135400_00160.jpg,datasets_flow/dataset_cropped/10_Metas/01/13/20191001135400_00160.jpg,datasets_cloudmask/dataset_cropped/10_Metas/01/13/20191001135400_00160.png,775.8,915,96.1,28.6,956
10/1/2019 13:55,datasets/dataset_cropped/10_Metas/01/13/20191001135500_00160.jpg,datasets_flow/dataset_cropped/10_Metas/01/13/20191001135500_00160.jpg,datasets_cloudmask/dataset_cropped/10_Metas/01/13/20191001135500_00160.png,775.9,916,95.2,28.8,956
10/1/2019 13:56,datasets/dataset_cropped/10_Metas/01/13/20191001135600_00160.jpg,datasets_flow/dataset_cropped/10_Metas/01/13/20191001135600_00160.jpg,datasets_cloudmask/dataset_cropped/10_Metas/01/13/20191001135600_00160.png,774.3,915,94.3,29,956
10/1/2019 13:57,datasets/dataset_cropped/10_Metas/01/13/20191001135700_00160.jpg,datasets_flow/dataset_cropped/10_Metas/01/13/20191001135700_00160.jpg,datasets_cloudmask/dataset_cropped/10_Metas/01/13/20191001135700_00160.png,772.4,913,94.4,28.6,956
10/1/2019 13:58,datasets/dataset_cropped/10_Metas/01/13/20191001135800_00160.jpg,datasets_flow/dataset_cropped/10_Metas/01/13/20191001135800_00160.jpg,datasets_cloudmask/dataset_cropped/10_Metas/01/13/20191001135800_00160.png,770,911,94.7,28.5,956
10/1/2019 13:59,datasets/dataset_cropped/10_Metas/01/13/20191001135900_00160.jpg,datasets_flow/dataset_cropped/10_Metas/01/13/20191001135900_00160.jpg,datasets_cloudmask/dataset_cropped/10_Metas/01/13/20191001135900_00160.png,770,912,95.3,28.4,956
10/1/2019 14:00,datasets/dataset_cropped/10_Metas/01/14/20191001140000_00160.jpg,datasets_flow/dataset_cropped/10_Metas/01/14/20191001140000_00160.jpg,datasets_cloudmask/dataset_cropped/10_Metas/01/14/20191001140000_00160.png,769.2,913,95.5,28.6,956
10/1/2019 14:01,datasets/dataset_cropped/10_Metas/01/14/20191001140100_00160.jpg,datasets_flow/dataset_cropped/10_Metas/01/14/20191001140100_00160.jpg,datasets_cloudmask/dataset_cropped/10_Metas/01/14/20191001140100_00160.png,767.1,912,95.5,28.4,956
10/1/2019 14:02,datasets/dataset_cropped/10_Metas/01/14/20191001140200_00160.jpg,datasets_flow/dataset_cropped/10_Metas/01/14/20191001140200_00160.jpg,datasets_cloudmask/dataset_cropped/10_Metas/01/14/20191001140200_00160.png,766.6,913,95.3,28.4,956
10/1/2019 14:03,datasets/dataset_cropped/10_Metas/01/14/20191001140300_00160.jpg,datasets_flow/dataset_cropped/10_Metas/01/14/20191001140300_00160.jpg,datasets_cloudmask/dataset_cropped/10_Metas/01/14/20191001140300_00160.png,768.3,918,94.5,28.7,956
10/1/2019 14:04,datasets/dataset_cropped/10_Metas/01/14/20191001140400_00160.jpg,datasets_flow/dataset_cropped/10_Metas/01/14/20191001140400_00160.jpg,datasets_cloudmask/dataset_cropped/10_Metas/01/14/20191001140400_00160.png,769.2,921,93.7,28.9,956
10/1/2019 14:05,datasets/dataset_cropped/10_Metas/01/14/20191001140500_00160.jpg,datasets_flow/dataset_cropped/10_Metas/01/14/20191001140500_00160.jpg,datasets_cloudmask/dataset_cropped/10_Metas/01/14/20191001140500_00160.png,766.7,918,93.9,28.9,956
10/1/2019 14:06,datasets/dataset_cropped/10_Metas/01/14/20191001140600_00160.jpg,datasets_flow/dataset_cropped/10_Metas/01/14/20191001140600_00160.jpg,datasets_cloudmask/dataset_cropped/10_Metas/01/14/20191001140600_00160.png,766.9,920,94,28.8,956
10/1/2019 14:07,datasets/dataset_cropped/10_Metas/01/14/20191001140700_00160.jpg,datasets_flow/dataset_cropped/10_Metas/01/14/20191001140700_00160.jpg,datasets_cloudmask/dataset_cropped/10_Metas/01/14/20191001140700_00160.png,765.8,919,94.2,29,956
10/1/2019 14:08,datasets/dataset_cropped/10_Metas/01/14/20191001140800_00160.jpg,datasets_flow/dataset_cropped/10_Metas/01/14/20191001140800_00160.jpg,datasets_cloudmask/dataset_cropped/10_Metas/01/14/20191001140800_00160.png,763.3,917,94,29,956
10/1/2019 14:09,datasets/dataset_cropped/10_Metas/01/14/20191001140900_00160.jpg,datasets_flow/dataset_cropped/10_Metas/01/14/20191001140900_00160.jpg,datasets_cloudmask/dataset_cropped/10_Metas/01/14/20191001140900_00160.png,759.2,913,93.9,28.9,956
10/1/2019 14:10,datasets/dataset_cropped/10_Metas/01/14/20191001141000_00160.jpg,datasets_flow/dataset_cropped/10_Metas/01/14/20191001141000_00160.jpg,datasets_cloudmask/dataset_cropped/10_Metas/01/14/20191001141000_00160.png,760.3,916,93.8,29,956
10/1/2019 14:11,datasets/dataset_cropped/10_Metas/01/14/20191001141100_00160.jpg,datasets_flow/dataset_cropped/10_Metas/01/14/20191001141100_00160.jpg,datasets_cloudmask/dataset_cropped/10_Metas/01/14/20191001141100_00160.png,759.9,917,93.5,29,956
10/1/2019 14:12,datasets/dataset_cropped/10_Metas/01/14/20191001141200_00160.jpg,datasets_flow/dataset_cropped/10_Metas/01/14/20191001141200_00160.jpg,datasets_cloudmask/dataset_cropped/10_Metas/01/14/20191001141200_00160.png,761.4,922,92.8,29,956
10/1/2019 14:13,datasets/dataset_cropped/10_Metas/01/14/20191001141300_00160.jpg,datasets_flow/dataset_cropped/10_Metas/01/14/20191001141300_00160.jpg,datasets_cloudmask/dataset_cropped/10_Metas/01/14/20191001141300_00160.png,761.2,924,92.2,29.3,956
10/1/2019 14:14,datasets/dataset_cropped/10_Metas/01/14/20191001141400_00160.jpg,datasets_flow/dataset_cropped/10_Metas/01/14/20191001141400_00160.jpg,datasets_cloudmask/dataset_cropped/10_Metas/01/14/20191001141400_00160.png,756.6,918,92,29.3,956
10/1/2019 14:15,datasets/dataset_cropped/10_Metas/01/14/20191001141500_00160.jpg,datasets_flow/dataset_cropped/10_Metas/01/14/20191001141500_00160.jpg,datasets_cloudmask/dataset_cropped/10_Metas/01/14/20191001141500_00160.png,752,912,92.3,29.4,956
10/1/2019 14:16,datasets/dataset_cropped/10_Metas/01/14/20191001141600_00160.jpg,datasets_flow/dataset_cropped/10_Metas/01/14/20191001141600_00160.jpg,datasets_cloudmask/dataset_cropped/10_Metas/01/14/20191001141600_00160.png,752.7,915,92.5,29.3,956
10/1/2019 14:17,datasets/dataset_cropped/10_Metas/01/14/20191001141700_00160.jpg,datasets_flow/dataset_cropped/10_Metas/01/14/20191001141700_00160.jpg,datasets_cloudmask/dataset_cropped/10_Metas/01/14/20191001141700_00160.png,754.2,919,92.4,29.1,956
10/1/2019 14:18,datasets/dataset_cropped/10_Metas/01/14/20191001141800_00160.jpg,datasets_flow/dataset_cropped/10_Metas/01/14/20191001141800_00160.jpg,datasets_cloudmask/dataset_cropped/10_Metas/01/14/20191001141800_00160.png,751.6,916,92.7,29.1,956
10/1/2019 14:19,datasets/dataset_cropped/10_Metas/01/14/20191001141900_00160.jpg,datasets_flow/dataset_cropped/10_Metas/01/14/20191001141900_00160.jpg,datasets_cloudmask/dataset_cropped/10_Metas/01/14/20191001141900_00160.png,746.8,910,93,29.4,956
10/1/2019 14:20,datasets/dataset_cropped/10_Metas/01/14/20191001142000_00160.jpg,datasets_flow/dataset_cropped/10_Metas/01/14/20191001142000_00160.jpg,datasets_cloudmask/dataset_cropped/10_Metas/01/14/20191001142000_00160.png,746.2,911,92.8,29.5,956
10/1/2019 14:21,datasets/dataset_cropped/10_Metas/01/14/20191001142100_00160.jpg,datasets_flow/dataset_cropped/10_Metas/01/14/20191001142100_00160.jpg,datasets_cloudmask/dataset_cropped/10_Metas/01/14/20191001142100_00160.png,745.2,912,92,29.6,956
10/1/2019 14:22,datasets/dataset_cropped/10_Metas/01/14/20191001142200_00160.jpg,datasets_flow/dataset_cropped/10_Metas/01/14/20191001142200_00160.jpg,datasets_cloudmask/dataset_cropped/10_Metas/01/14/20191001142200_00160.png,746,916,91,29.5,956
10/1/2019 14:23,datasets/dataset_cropped/10_Metas/01/14/20191001142300_00160.jpg,datasets_flow/dataset_cropped/10_Metas/01/14/20191001142300_00160.jpg,datasets_cloudmask/dataset_cropped/10_Metas/01/14/20191001142300_00160.png,746,918,90.6,29.5,956
10/1/2019 14:24,datasets/dataset_cropped/10_Metas/01/14/20191001142400_00160.jpg,datasets_flow/dataset_cropped/10_Metas/01/14/20191001142400_00160.jpg,datasets_cloudmask/dataset_cropped/10_Metas/01/14/20191001142400_00160.png,742.1,914,91.3,29.4,956
10/1/2019 14:25,datasets/dataset_cropped/10_Metas/01/14/20191001142500_00160.jpg,datasets_flow/dataset_cropped/10_Metas/01/14/20191001142500_00160.jpg,datasets_cloudmask/dataset_cropped/10_Metas/01/14/20191001142500_00160.png,739,910,92,29.4,956
10/1/2019 14:26,datasets/dataset_cropped/10_Metas/01/14/20191001142600_00160.jpg,datasets_flow/dataset_cropped/10_Metas/01/14/20191001142600_00160.jpg,datasets_cloudmask/dataset_cropped/10_Metas/01/14/20191001142600_00160.png,739.5,913,92.2,29.5,956
10/1/2019 14:27,datasets/dataset_cropped/10_Metas/01/14/20191001142700_00160.jpg,datasets_flow/dataset_cropped/10_Metas/01/14/20191001142700_00160.jpg,datasets_cloudmask/dataset_cropped/10_Metas/01/14/20191001142700_00160.png,739.5,914,92.3,29.4,956
10/1/2019 14:28,datasets/dataset_cropped/10_Metas/01/14/20191001142800_00160.jpg,datasets_flow/dataset_cropped/10_Metas/01/14/20191001142800_00160.jpg,datasets_cloudmask/dataset_cropped/10_Metas/01/14/20191001142800_00160.png,735.4,909,92.5,29.4,956
10/1/2019 14:29,datasets/dataset_cropped/10_Metas/01/14/20191001142900_00160.jpg,datasets_flow/dataset_cropped/10_Metas/01/14/20191001142900_00160.jpg,datasets_cloudmask/dataset_cropped/10_Metas/01/14/20191001142900_00160.png,733.6,908,93.2,29.6,956
10/1/2019 14:30,datasets/dataset_cropped/10_Metas/01/14/20191001143000_00160.jpg,datasets_flow/dataset_cropped/10_Metas/01/14/20191001143000_00160.jpg,datasets_cloudmask/dataset_cropped/10_Metas/01/14/20191001143000_00160.png,729,903,93.7,29.8,956
10/1/2019 14:31,datasets/dataset_cropped/10_Metas/01/14/20191001143100_00160.jpg,datasets_flow/dataset_cropped/10_Metas/01/14/20191001143100_00160.jpg,datasets_cloudmask/dataset_cropped/10_Metas/01/14/20191001143100_00160.png,726,898,94.5,29.7,956
10/1/2019 14:32,datasets/dataset_cropped/10_Metas/01/14/20191001143200_00160.jpg,datasets_flow/dataset_cropped/10_Metas/01/14/20191001143200_00160.jpg,datasets_cloudmask/dataset_cropped/10_Metas/01/14/20191001143200_00160.png,722.1,893,95.1,29.9,956
10/1/2019 14:33,datasets/dataset_cropped/10_Metas/01/14/20191001143300_00160.jpg,datasets_flow/dataset_cropped/10_Metas/01/14/20191001143300_00160.jpg,datasets_cloudmask/dataset_cropped/10_Metas/01/14/20191001143300_00160.png,717.2,886,95.9,29.8,956
10/1/2019 14:34,datasets/dataset_cropped/10_Metas/01/14/20191001143400_00160.jpg,datasets_flow/dataset_cropped/10_Metas/01/14/20191001143400_00160.jpg,datasets_cloudmask/dataset_cropped/10_Metas/01/14/20191001143400_00160.png,715.9,885,96.2,29.6,956
10/1/2019 14:35,datasets/dataset_cropped/10_Metas/01/14/20191001143500_00160.jpg,datasets_flow/dataset_cropped/10_Metas/01/14/20191001143500_00160.jpg,datasets_cloudmask/dataset_cropped/10_Metas/01/14/20191001143500_00160.png,715.6,886,96.2,29.4,956
10/1/2019 14:36,datasets/dataset_cropped/10_Metas/01/14/20191001143600_00160.jpg,datasets_flow/dataset_cropped/10_Metas/01/14/20191001143600_00160.jpg,datasets_cloudmask/dataset_cropped/10_Metas/01/14/20191001143600_00160.png,716.4,890,96.1,29.4,956
10/1/2019 14:37,datasets/dataset_cropped/10_Metas/01/14/20191001143700_00160.jpg,datasets_flow/dataset_cropped/10_Metas/01/14/20191001143700_00160.jpg,datasets_cloudmask/dataset_cropped/10_Metas/01/14/20191001143700_00160.png,715.5,891,95.8,29.6,956
10/1/2019 14:38,datasets/dataset_cropped/10_Metas/01/14/20191001143800_00160.jpg,datasets_flow/dataset_cropped/10_Metas/01/14/20191001143800_00160.jpg,datasets_cloudmask/dataset_cropped/10_Metas/01/14/20191001143800_00160.png,712.3,888,95.6,29.3,956
10/1/2019 14:39,datasets/dataset_cropped/10_Metas/01/14/20191001143900_00160.jpg,datasets_flow/dataset_cropped/10_Metas/01/14/20191001143900_00160.jpg,datasets_cloudmask/dataset_cropped/10_Metas/01/14/20191001143900_00160.png,708.1,884,95.4,29.5,956
10/1/2019 14:40,datasets/dataset_cropped/10_Metas/01/14/20191001144000_00160.jpg,datasets_flow/dataset_cropped/10_Metas/01/14/20191001144000_00160.jpg,datasets_cloudmask/dataset_cropped/10_Metas/01/14/20191001144000_00160.png,706.3,884,95.3,29.8,956
10/1/2019 14:41,datasets/dataset_cropped/10_Metas/01/14/20191001144100_00160.jpg,datasets_flow/dataset_cropped/10_Metas/01/14/20191001144100_00160.jpg,datasets_cloudmask/dataset_cropped/10_Metas/01/14/20191001144100_00160.png,706.8,886,95.7,29.8,956
10/1/2019 14:42,datasets/dataset_cropped/10_Metas/01/14/20191001144200_00160.jpg,datasets_flow/dataset_cropped/10_Metas/01/14/20191001144200_00160.jpg,datasets_cloudmask/dataset_cropped/10_Metas/01/14/20191001144200_00160.png,706.4,888,96,29.8,956
10/1/2019 14:43,datasets/dataset_cropped/10_Metas/01/14/20191001144300_00160.jpg,datasets_flow/dataset_cropped/10_Metas/01/14/20191001144300_00160.jpg,datasets_cloudmask/dataset_cropped/10_Metas/01/14/20191001144300_00160.png,706.8,890,96.5,30,956
10/1/2019 14:44,datasets/dataset_cropped/10_Metas/01/14/20191001144400_00160.jpg,datasets_flow/dataset_cropped/10_Metas/01/14/20191001144400_00160.jpg,datasets_cloudmask/dataset_cropped/10_Metas/01/14/20191001144400_00160.png,704.3,890,96.2,30.1,956
10/1/2019 14:45,datasets/dataset_cropped/10_Metas/01/14/20191001144500_00160.jpg,datasets_flow/dataset_cropped/10_Metas/01/14/20191001144500_00160.jpg,datasets_cloudmask/dataset_cropped/10_Metas/01/14/20191001144500_00160.png,703.4,890,96.1,29.9,956
10/1/2019 14:46,datasets/dataset_cropped/10_Metas/01/14/20191001144600_00160.jpg,datasets_flow/dataset_cropped/10_Metas/01/14/20191001144600_00160.jpg,datasets_cloudmask/dataset_cropped/10_Metas/01/14/20191001144600_00160.png,702.7,891,96.5,29.7,956
10/1/2019 14:47,datasets/dataset_cropped/10_Metas/01/14/20191001144700_00160.jpg,datasets_flow/dataset_cropped/10_Metas/01/14/20191001144700_00160.jpg,datasets_cloudmask/dataset_cropped/10_Metas/01/14/20191001144700_00160.png,700,889,96.6,29.9,956
10/1/2019 14:48,datasets/dataset_cropped/10_Metas/01/14/20191001144800_00160.jpg,datasets_flow/dataset_cropped/10_Metas/01/14/20191001144800_00160.jpg,datasets_cloudmask/dataset_cropped/10_Metas/01/14/20191001144800_00160.png,696.1,885,96.7,30,956
10/1/2019 14:49,datasets/dataset_cropped/10_Metas/01/14/20191001144900_00160.jpg,datasets_flow/dataset_cropped/10_Metas/01/14/20191001144900_00160.jpg,datasets_cloudmask/dataset_cropped/10_Metas/01/14/20191001144900_00160.png,692.4,881,96.8,29.9,956
10/1/2019 14:50,datasets/dataset_cropped/10_Metas/01/14/20191001145000_00160.jpg,datasets_flow/dataset_cropped/10_Metas/01/14/20191001145000_00160.jpg,datasets_cloudmask/dataset_cropped/10_Metas/01/14/20191001145000_00160.png,689.8,879,96.8,29.9,956
10/1/2019 14:51,datasets/dataset_cropped/10_Metas/01/14/20191001145100_00160.jpg,datasets_flow/dataset_cropped/10_Metas/01/14/20191001145100_00160.jpg,datasets_cloudmask/dataset_cropped/10_Metas/01/14/20191001145100_00160.png,690.7,882,96.2,30,956
10/1/2019 14:52,datasets/dataset_cropped/10_Metas/01/14/20191001145200_00160.jpg,datasets_flow/dataset_cropped/10_Metas/01/14/20191001145200_00160.jpg,datasets_cloudmask/dataset_cropped/10_Metas/01/14/20191001145200_00160.png,687.9,880,96.2,30.2,956
10/1/2019 14:53,datasets/dataset_cropped/10_Metas/01/14/20191001145300_00160.jpg,datasets_flow/dataset_cropped/10_Metas/01/14/20191001145300_00160.jpg,datasets_cloudmask/dataset_cropped/10_Metas/01/14/20191001145300_00160.png,686.1,879,96,30.1,956
10/1/2019 14:54,datasets/dataset_cropped/10_Metas/01/14/20191001145400_00160.jpg,datasets_flow/dataset_cropped/10_Metas/01/14/20191001145400_00160.jpg,datasets_cloudmask/dataset_cropped/10_Metas/01/14/20191001145400_00160.png,683.2,877,95.6,30,956
10/1/2019 14:55,datasets/dataset_cropped/10_Metas/01/14/20191001145500_00160.jpg,datasets_flow/dataset_cropped/10_Metas/01/14/20191001145500_00160.jpg,datasets_cloudmask/dataset_cropped/10_Metas/01/14/20191001145500_00160.png,682.4,877,95.7,29.9,956
10/1/2019 14:56,datasets/dataset_cropped/10_Metas/01/14/20191001145600_00160.jpg,datasets_flow/dataset_cropped/10_Metas/01/14/20191001145600_00160.jpg,datasets_cloudmask/dataset_cropped/10_Metas/01/14/20191001145600_00160.png,679.9,876,95.9,29.6,956
10/1/2019 14:57,datasets/dataset_cropped/10_Metas/01/14/20191001145700_00160.jpg,datasets_flow/dataset_cropped/10_Metas/01/14/20191001145700_00160.jpg,datasets_cloudmask/dataset_cropped/10_Metas/01/14/20191001145700_00160.png,679.5,878,95.9,29.6,956
10/1/2019 14:58,datasets/dataset_cropped/10_Metas/01/14/20191001145800_00160.jpg,datasets_flow/dataset_cropped/10_Metas/01/14/20191001145800_00160.jpg,datasets_cloudmask/dataset_cropped/10_Metas/01/14/20191001145800_00160.png,674.9,874,95.5,29.7,956
10/1/2019 14:59,datasets/dataset_cropped/10_Metas/01/14/20191001145900_00160.jpg,datasets_flow/dataset_cropped/10_Metas/01/14/20191001145900_00160.jpg,datasets_cloudmask/dataset_cropped/10_Metas/01/14/20191001145900_00160.png,675.6,878,95.1,29.6,956
10/1/2019 15:00,datasets/dataset_cropped/10_Metas/01/15/20191001150000_00160.jpg,datasets_flow/dataset_cropped/10_Metas/01/15/20191001150000_00160.jpg,datasets_cloudmask/dataset_cropped/10_Metas/01/15/20191001150000_00160.png,676,882,94.8,30,956
10/1/2019 15:01,datasets/dataset_cropped/10_Metas/01/15/20191001150100_00160.jpg,datasets_flow/dataset_cropped/10_Metas/01/15/20191001150100_00160.jpg,datasets_cloudmask/dataset_cropped/10_Metas/01/15/20191001150100_00160.png,673.1,881,94.4,30.3,956
10/1/2019 15:02,datasets/dataset_cropped/10_Metas/01/15/20191001150200_00160.jpg,datasets_flow/dataset_cropped/10_Metas/01/15/20191001150200_00160.jpg,datasets_cloudmask/dataset_cropped/10_Metas/01/15/20191001150200_00160.png,669.3,877,94.4,30.4,956
10/1/2019 15:03,datasets/dataset_cropped/10_Metas/01/15/20191001150300_00160.jpg,datasets_flow/dataset_cropped/10_Metas/01/15/20191001150300_00160.jpg,datasets_cloudmask/dataset_cropped/10_Metas/01/15/20191001150300_00160.png,666.8,875,94.6,30.4,956
10/1/2019 15:04,datasets/dataset_cropped/10_Metas/01/15/20191001150400_00160.jpg,datasets_flow/dataset_cropped/10_Metas/01/15/20191001150400_00160.jpg,datasets_cloudmask/dataset_cropped/10_Metas/01/15/20191001150400_00160.png,665.8,876,94.4,30.5,956
10/1/2019 15:05,datasets/dataset_cropped/10_Metas/01/15/20191001150500_00160.jpg,datasets_flow/dataset_cropped/10_Metas/01/15/20191001150500_00160.jpg,datasets_cloudmask/dataset_cropped/10_Metas/01/15/20191001150500_00160.png,663.7,876,94.2,30.6,956
10/1/2019 15:06,datasets/dataset_cropped/10_Metas/01/15/20191001150600_00160.jpg,datasets_flow/dataset_cropped/10_Metas/01/15/20191001150600_00160.jpg,datasets_cloudmask/dataset_cropped/10_Metas/01/15/20191001150600_00160.png,662.2,876,94.1,30.5,956
10/1/2019 15:07,datasets/dataset_cropped/10_Metas/01/15/20191001150700_00160.jpg,datasets_flow/dataset_cropped/10_Metas/01/15/20191001150700_00160.jpg,datasets_cloudmask/dataset_cropped/10_Metas/01/15/20191001150700_00160.png,658.3,873,93.9,30.5,956
10/1/2019 15:08,datasets/dataset_cropped/10_Metas/01/15/20191001150800_00160.jpg,datasets_flow/dataset_cropped/10_Metas/01/15/20191001150800_00160.jpg,datasets_cloudmask/dataset_cropped/10_Metas/01/15/20191001150800_00160.png,654.1,868,93.9,30.5,956
10/1/2019 15:09,datasets/dataset_cropped/10_Metas/01/15/20191001150900_00160.jpg,datasets_flow/dataset_cropped/10_Metas/01/15/20191001150900_00160.jpg,datasets_cloudmask/dataset_cropped/10_Metas/01/15/20191001150900_00160.png,652.5,868,94.2,30.4,956
10/1/2019 15:10,datasets/dataset_cropped/10_Metas/01/15/20191001151000_00160.jpg,datasets_flow/dataset_cropped/10_Metas/01/15/20191001151000_00160.jpg,datasets_cloudmask/dataset_cropped/10_Metas/01/15/20191001151000_00160.png,650.6,869,94.2,30.4,956
10/1/2019 15:11,datasets/dataset_cropped/10_Metas/01/15/20191001151100_00160.jpg,datasets_flow/dataset_cropped/10_Metas/01/15/20191001151100_00160.jpg,datasets_cloudmask/dataset_cropped/10_Metas/01/15/20191001151100_00160.png,649.2,870,93.6,30.2,956
10/1/2019 15:12,datasets/dataset_cropped/10_Metas/01/15/20191001151200_00160.jpg,datasets_flow/dataset_cropped/10_Metas/01/15/20191001151200_00160.jpg,datasets_cloudmask/dataset_cropped/10_Metas/01/15/20191001151200_00160.png,646.6,869,93.3,30.1,956
10/1/2019 15:13,datasets/dataset_cropped/10_Metas/01/15/20191001151300_00160.jpg,datasets_flow/dataset_cropped/10_Metas/01/15/20191001151300_00160.jpg,datasets_cloudmask/dataset_cropped/10_Metas/01/15/20191001151300_00160.png,647.9,874,92.9,30.3,956
10/1/2019 15:14,datasets/dataset_cropped/10_Metas/01/15/20191001151400_00160.jpg,datasets_flow/dataset_cropped/10_Metas/01/15/20191001151400_00160.jpg,datasets_cloudmask/dataset_cropped/10_Metas/01/15/20191001151400_00160.png,644.6,872,92.7,30.2,956
10/1/2019 15:15,datasets/dataset_cropped/10_Metas/01/15/20191001151500_00160.jpg,datasets_flow/dataset_cropped/10_Metas/01/15/20191001151500_00160.jpg,datasets_cloudmask/dataset_cropped/10_Metas/01/15/20191001151500_00160.png,638.3,864,92.8,30,956
10/1/2019 15:16,datasets/dataset_cropped/10_Metas/01/15/20191001151600_00160.jpg,datasets_flow/dataset_cropped/10_Metas/01/15/20191001151600_00160.jpg,datasets_cloudmask/dataset_cropped/10_Metas/01/15/20191001151600_00160.png,637.3,866,92.2,30.1,956
10/1/2019 15:17,datasets/dataset_cropped/10_Metas/01/15/20191001151700_00160.jpg,datasets_flow/dataset_cropped/10_Metas/01/15/20191001151700_00160.jpg,datasets_cloudmask/dataset_cropped/10_Metas/01/15/20191001151700_00160.png,635.1,866,91.3,30.2,956
10/1/2019 15:18,datasets/dataset_cropped/10_Metas/01/15/20191001151800_00160.jpg,datasets_flow/dataset_cropped/10_Metas/01/15/20191001151800_00160.jpg,datasets_cloudmask/dataset_cropped/10_Metas/01/15/20191001151800_00160.png,632.8,865,91.2,30.4,956
10/1/2019 15:19,datasets/dataset_cropped/10_Metas/01/15/20191001151900_00160.jpg,datasets_flow/dataset_cropped/10_Metas/01/15/20191001151900_00160.jpg,datasets_cloudmask/dataset_cropped/10_Metas/01/15/20191001151900_00160.png,632.4,867,91.4,30.5,956
10/1/2019 15:20,datasets/dataset_cropped/10_Metas/01/15/20191001152000_00160.jpg,datasets_flow/dataset_cropped/10_Metas/01/15/20191001152000_00160.jpg,datasets_cloudmask/dataset_cropped/10_Metas/01/15/20191001152000_00160.png,628.6,864,91.3,30.4,956
10/1/2019 15:21,datasets/dataset_cropped/10_Metas/01/15/20191001152100_00160.jpg,datasets_flow/dataset_cropped/10_Metas/01/15/20191001152100_00160.jpg,datasets_cloudmask/dataset_cropped/10_Metas/01/15/20191001152100_00160.png,624,859,91.7,30.5,956
10/1/2019 15:22,datasets/dataset_cropped/10_Metas/01/15/20191001152200_00160.jpg,datasets_flow/dataset_cropped/10_Metas/01/15/20191001152200_00160.jpg,datasets_cloudmask/dataset_cropped/10_Metas/01/15/20191001152200_00160.png,619.4,854,91.9,30.6,956
10/1/2019 15:23,datasets/dataset_cropped/10_Metas/01/15/20191001152300_00160.jpg,datasets_flow/dataset_cropped/10_Metas/01/15/20191001152300_00160.jpg,datasets_cloudmask/dataset_cropped/10_Metas/01/15/20191001152300_00160.png,617.6,854,91.7,30.5,956
10/1/2019 15:24,datasets/dataset_cropped/10_Metas/01/15/20191001152400_00160.jpg,datasets_flow/dataset_cropped/10_Metas/01/15/20191001152400_00160.jpg,datasets_cloudmask/dataset_cropped/10_Metas/01/15/20191001152400_00160.png,618.7,859,91.3,30.3,956
10/1/2019 15:25,datasets/dataset_cropped/10_Metas/01/15/20191001152500_00160.jpg,datasets_flow/dataset_cropped/10_Metas/01/15/20191001152500_00160.jpg,datasets_cloudmask/dataset_cropped/10_Metas/01/15/20191001152500_00160.png,615.2,857,91,30.2,956
10/1/2019 15:26,datasets/dataset_cropped/10_Metas/01/15/20191001152600_00160.jpg,datasets_flow/dataset_cropped/10_Metas/01/15/20191001152600_00160.jpg,datasets_cloudmask/dataset_cropped/10_Metas/01/15/20191001152600_00160.png,611.7,853,91.2,30.2,956
10/1/2019 15:27,datasets/dataset_cropped/10_Metas/01/15/20191001152700_00160.jpg,datasets_flow/dataset_cropped/10_Metas/01/15/20191001152700_00160.jpg,datasets_cloudmask/dataset_cropped/10_Metas/01/15/20191001152700_00160.png,608,850,91.4,30.2,956
10/1/2019 15:28,datasets/dataset_cropped/10_Metas/01/15/20191001152800_00160.jpg,datasets_flow/dataset_cropped/10_Metas/01/15/20191001152800_00160.jpg,datasets_cloudmask/dataset_cropped/10_Metas/01/15/20191001152800_00160.png,603.9,845,92,30.4,956
10/1/2019 15:29,datasets/dataset_cropped/10_Metas/01/15/20191001152900_00160.jpg,datasets_flow/dataset_cropped/10_Metas/01/15/20191001152900_00160.jpg,datasets_cloudmask/dataset_cropped/10_Metas/01/15/20191001152900_00160.png,601.3,843,92.5,30.5,956
10/1/2019 15:30,datasets/dataset_cropped/10_Metas/01/15/20191001153000_00160.jpg,datasets_flow/dataset_cropped/10_Metas/01/15/20191001153000_00160.jpg,datasets_cloudmask/dataset_cropped/10_Metas/01/15/20191001153000_00160.png,596.6,839,92.4,30.2,956
10/1/2019 15:31,datasets/dataset_cropped/10_Metas/01/15/20191001153100_00160.jpg,datasets_flow/dataset_cropped/10_Metas/01/15/20191001153100_00160.jpg,datasets_cloudmask/dataset_cropped/10_Metas/01/15/20191001153100_00160.png,595.7,839,92.5,29.9,956
10/1/2019 15:32,datasets/dataset_cropped/10_Metas/01/15/20191001153200_00160.jpg,datasets_flow/dataset_cropped/10_Metas/01/15/20191001153200_00160.jpg,datasets_cloudmask/dataset_cropped/10_Metas/01/15/20191001153200_00160.png,593.1,838,92.3,30,956
10/1/2019 15:33,datasets/dataset_cropped/10_Metas/01/15/20191001153300_00160.jpg,datasets_flow/dataset_cropped/10_Metas/01/15/20191001153300_00160.jpg,datasets_cloudmask/dataset_cropped/10_Metas/01/15/20191001153300_00160.png,588.5,833,92.4,30.1,956
10/1/2019 15:34,datasets/dataset_cropped/10_Metas/01/15/20191001153400_00160.jpg,datasets_flow/dataset_cropped/10_Metas/01/15/20191001153400_00160.jpg,datasets_cloudmask/dataset_cropped/10_Metas/01/15/20191001153400_00160.png,583.7,828,92.3,30.1,956
10/1/2019 15:35,datasets/dataset_cropped/10_Metas/01/15/20191001153500_00160.jpg,datasets_flow/dataset_cropped/10_Metas/01/15/20191001153500_00160.jpg,datasets_cloudmask/dataset_cropped/10_Metas/01/15/20191001153500_00160.png,580.8,825,92.7,29.9,956
10/1/2019 15:36,datasets/dataset_cropped/10_Metas/01/15/20191001153600_00160.jpg,datasets_flow/dataset_cropped/10_Metas/01/15/20191001153600_00160.jpg,datasets_cloudmask/dataset_cropped/10_Metas/01/15/20191001153600_00160.png,580.1,827,92.9,29.8,956
10/1/2019 15:37,datasets/dataset_cropped/10_Metas/01/15/20191001153700_00160.jpg,datasets_flow/dataset_cropped/10_Metas/01/15/20191001153700_00160.jpg,datasets_cloudmask/dataset_cropped/10_Metas/01/15/20191001153700_00160.png,579.1,828,93,30,956
10/1/2019 15:38,datasets/dataset_cropped/10_Metas/01/15/20191001153800_00160.jpg,datasets_flow/dataset_cropped/10_Metas/01/15/20191001153800_00160.jpg,datasets_cloudmask/dataset_cropped/10_Metas/01/15/20191001153800_00160.png,576.4,828,92.7,30.1,956
10/1/2019 15:39,datasets/dataset_cropped/10_Metas/01/15/20191001153900_00160.jpg,datasets_flow/dataset_cropped/10_Metas/01/15/20191001153900_00160.jpg,datasets_cloudmask/dataset_cropped/10_Metas/01/15/20191001153900_00160.png,571.7,823,92.1,29.9,956
10/1/2019 15:40,datasets/dataset_cropped/10_Metas/01/15/20191001154000_00160.jpg,datasets_flow/dataset_cropped/10_Metas/01/15/20191001154000_00160.jpg,datasets_cloudmask/dataset_cropped/10_Metas/01/15/20191001154000_00160.png,570.4,824,92,29.9,956
10/1/2019 15:41,datasets/dataset_cropped/10_Metas/01/15/20191001154100_00160.jpg,datasets_flow/dataset_cropped/10_Metas/01/15/20191001154100_00160.jpg,datasets_cloudmask/dataset_cropped/10_Metas/01/15/20191001154100_00160.png,568.1,824,92,29.9,956
10/1/2019 15:42,datasets/dataset_cropped/10_Metas/01/15/20191001154200_00160.jpg,datasets_flow/dataset_cropped/10_Metas/01/15/20191001154200_00160.jpg,datasets_cloudmask/dataset_cropped/10_Metas/01/15/20191001154200_00160.png,569.1,830,91.9,29.8,956
10/1/2019 15:43,datasets/dataset_cropped/10_Metas/01/15/20191001154300_00160.jpg,datasets_flow/dataset_cropped/10_Metas/01/15/20191001154300_00160.jpg,datasets_cloudmask/dataset_cropped/10_Metas/01/15/20191001154300_00160.png,568.1,833,91.6,29.7,956
10/1/2019 15:44,datasets/dataset_cropped/10_Metas/01/15/20191001154400_00160.jpg,datasets_flow/dataset_cropped/10_Metas/01/15/20191001154400_00160.jpg,datasets_cloudmask/dataset_cropped/10_Metas/01/15/20191001154400_00160.png,561.9,826,90.9,29.8,956
10/1/2019 15:45,datasets/dataset_cropped/10_Metas/01/15/20191001154500_00160.jpg,datasets_flow/dataset_cropped/10_Metas/01/15/20191001154500_00160.jpg,datasets_cloudmask/dataset_cropped/10_Metas/01/15/20191001154500_00160.png,557.8,822,90.8,29.9,956
10/1/2019 15:46,datasets/dataset_cropped/10_Metas/01/15/20191001154600_00160.jpg,datasets_flow/dataset_cropped/10_Metas/01/15/20191001154600_00160.jpg,datasets_cloudmask/dataset_cropped/10_Metas/01/15/20191001154600_00160.png,559.5,829,90.4,29.9,956
10/1/2019 15:47,datasets/dataset_cropped/10_Metas/01/15/20191001154700_00160.jpg,datasets_flow/dataset_cropped/10_Metas/01/15/20191001154700_00160.jpg,datasets_cloudmask/dataset_cropped/10_Metas/01/15/20191001154700_00160.png,560.6,835,89.9,30,956
10/1/2019 15:48,datasets/dataset_cropped/10_Metas/01/15/20191001154800_00160.jpg,datasets_flow/dataset_cropped/10_Metas/01/15/20191001154800_00160.jpg,datasets_cloudmask/dataset_cropped/10_Metas/01/15/20191001154800_00160.png,558.6,836,89.8,30,956
10/1/2019 15:49,datasets/dataset_cropped/10_Metas/01/15/20191001154900_00160.jpg,datasets_flow/dataset_cropped/10_Metas/01/15/20191001154900_00160.jpg,datasets_cloudmask/dataset_cropped/10_Metas/01/15/20191001154900_00160.png,556.1,836,89.3,30,956
10/1/2019 15:50,datasets/dataset_cropped/10_Metas/01/15/20191001155000_00160.jpg,datasets_flow/dataset_cropped/10_Metas/01/15/20191001155000_00160.jpg,datasets_cloudmask/dataset_cropped/10_Metas/01/15/20191001155000_00160.png,550,828,89,29.9,956
10/1/2019 15:51,datasets/dataset_cropped/10_Metas/01/15/20191001155100_00160.jpg,datasets_flow/dataset_cropped/10_Metas/01/15/20191001155100_00160.jpg,datasets_cloudmask/dataset_cropped/10_Metas/01/15/20191001155100_00160.png,545.6,823,89.4,30.1,956
10/1/2019 15:52,datasets/dataset_cropped/10_Metas/01/15/20191001155200_00160.jpg,datasets_flow/dataset_cropped/10_Metas/01/15/20191001155200_00160.jpg,datasets_cloudmask/dataset_cropped/10_Metas/01/15/20191001155200_00160.png,541.2,816,90.3,29.8,956
10/1/2019 15:53,datasets/dataset_cropped/10_Metas/01/15/20191001155300_00160.jpg,datasets_flow/dataset_cropped/10_Metas/01/15/20191001155300_00160.jpg,datasets_cloudmask/dataset_cropped/10_Metas/01/15/20191001155300_00160.png,540.1,816,91.2,29.7,956
10/1/2019 15:54,datasets/dataset_cropped/10_Metas/01/15/20191001155400_00160.jpg,datasets_flow/dataset_cropped/10_Metas/01/15/20191001155400_00160.jpg,datasets_cloudmask/dataset_cropped/10_Metas/01/15/20191001155400_00160.png,538.6,816,92.2,29.8,956
10/1/2019 15:55,datasets/dataset_cropped/10_Metas/01/15/20191001155500_00160.jpg,datasets_flow/dataset_cropped/10_Metas/01/15/20191001155500_00160.jpg,datasets_cloudmask/dataset_cropped/10_Metas/01/15/20191001155500_00160.png,536.7,815,92.5,29.9,956
10/1/2019 15:56,datasets/dataset_cropped/10_Metas/01/15/20191001155600_00160.jpg,datasets_flow/dataset_cropped/10_Metas/01/15/20191001155600_00160.jpg,datasets_cloudmask/dataset_cropped/10_Metas/01/15/20191001155600_00160.png,531.5,809,92.4,30.1,956
10/1/2019 15:57,datasets/dataset_cropped/10_Metas/01/15/20191001155700_00160.jpg,datasets_flow/dataset_cropped/10_Metas/01/15/20191001155700_00160.jpg,datasets_cloudmask/dataset_cropped/10_Metas/01/15/20191001155700_00160.png,518.7,789.5,91.9,30.2,956
10/1/2019 15:58,datasets/dataset_cropped/10_Metas/01/15/20191001155800_00160.jpg,datasets_flow/dataset_cropped/10_Metas/01/15/20191001155800_00160.jpg,datasets_cloudmask/dataset_cropped/10_Metas/01/15/20191001155800_00160.png,512.1,780.5,91.9,30.1,956
10/1/2019 15:59,datasets/dataset_cropped/10_Metas/01/15/20191001155900_00160.jpg,datasets_flow/dataset_cropped/10_Metas/01/15/20191001155900_00160.jpg,datasets_cloudmask/dataset_cropped/10_Metas/01/15/20191001155900_00160.png,504.4,769.2,92.1,30.1,956
10/1/2019 16:00,datasets/dataset_cropped/10_Metas/01/16/20191001160000_00160.jpg,datasets_flow/dataset_cropped/10_Metas/01/16/20191001160000_00160.jpg,datasets_cloudmask/dataset_cropped/10_Metas/01/16/20191001160000_00160.png,497.9,759.6,92.3,30.1,956
10/1/2019 16:01,datasets/dataset_cropped/10_Metas/01/16/20191001160100_00160.jpg,datasets_flow/dataset_cropped/10_Metas/01/16/20191001160100_00160.jpg,datasets_cloudmask/dataset_cropped/10_Metas/01/16/20191001160100_00160.png,498.7,761.9,93.9,30.3,956
10/1/2019 16:02,datasets/dataset_cropped/10_Metas/01/16/20191001160200_00160.jpg,datasets_flow/dataset_cropped/10_Metas/01/16/20191001160200_00160.jpg,datasets_cloudmask/dataset_cropped/10_Metas/01/16/20191001160200_00160.png,492.7,752.1,94.9,30.2,956
10/1/2019 16:03,datasets/dataset_cropped/10_Metas/01/16/20191001160300_00160.jpg,datasets_flow/dataset_cropped/10_Metas/01/16/20191001160300_00160.jpg,datasets_cloudmask/dataset_cropped/10_Metas/01/16/20191001160300_00160.png,489.6,748.1,95.7,29.9,956
10/1/2019 16:04,datasets/dataset_cropped/10_Metas/01/16/20191001160400_00160.jpg,datasets_flow/dataset_cropped/10_Metas/01/16/20191001160400_00160.jpg,datasets_cloudmask/dataset_cropped/10_Metas/01/16/20191001160400_00160.png,469.6,713.4,95.6,29.8,956
10/1/2019 16:05,datasets/dataset_cropped/10_Metas/01/16/20191001160500_00160.jpg,datasets_flow/dataset_cropped/10_Metas/01/16/20191001160500_00160.jpg,datasets_cloudmask/dataset_cropped/10_Metas/01/16/20191001160500_00160.png,455.6,692.4,94.2,30,956
10/1/2019 16:06,datasets/dataset_cropped/10_Metas/01/16/20191001160600_00160.jpg,datasets_flow/dataset_cropped/10_Metas/01/16/20191001160600_00160.jpg,datasets_cloudmask/dataset_cropped/10_Metas/01/16/20191001160600_00160.png,447.4,680.5,93.5,30,956
10/1/2019 16:07,datasets/dataset_cropped/10_Metas/01/16/20191001160700_00160.jpg,datasets_flow/dataset_cropped/10_Metas/01/16/20191001160700_00160.jpg,datasets_cloudmask/dataset_cropped/10_Metas/01/16/20191001160700_00160.png,433,655.7,93.4,29.9,956
10/1/2019 16:08,datasets/dataset_cropped/10_Metas/01/16/20191001160800_00160.jpg,datasets_flow/dataset_cropped/10_Metas/01/16/20191001160800_00160.jpg,datasets_cloudmask/dataset_cropped/10_Metas/01/16/20191001160800_00160.png,408.5,611.5,93,29.7,956
10/1/2019 16:09,datasets/dataset_cropped/10_Metas/01/16/20191001160900_00160.jpg,datasets_flow/dataset_cropped/10_Metas/01/16/20191001160900_00160.jpg,datasets_cloudmask/dataset_cropped/10_Metas/01/16/20191001160900_00160.png,426.4,647.5,94.2,29.7,956
10/1/2019 16:10,datasets/dataset_cropped/10_Metas/01/16/20191001161000_00160.jpg,datasets_flow/dataset_cropped/10_Metas/01/16/20191001161000_00160.jpg,datasets_cloudmask/dataset_cropped/10_Metas/01/16/20191001161000_00160.png,421.5,640,95,29.7,956
10/1/2019 16:11,datasets/dataset_cropped/10_Metas/01/16/20191001161100_00160.jpg,datasets_flow/dataset_cropped/10_Metas/01/16/20191001161100_00160.jpg,datasets_cloudmask/dataset_cropped/10_Metas/01/16/20191001161100_00160.png,386.8,576.2,94.4,29.3,956
10/1/2019 16:12,datasets/dataset_cropped/10_Metas/01/16/20191001161200_00160.jpg,datasets_flow/dataset_cropped/10_Metas/01/16/20191001161200_00160.jpg,datasets_cloudmask/dataset_cropped/10_Metas/01/16/20191001161200_00160.png,372.2,550.7,94.3,29.2,956
10/1/2019 16:13,datasets/dataset_cropped/10_Metas/01/16/20191001161300_00160.jpg,datasets_flow/dataset_cropped/10_Metas/01/16/20191001161300_00160.jpg,datasets_cloudmask/dataset_cropped/10_Metas/01/16/20191001161300_00160.png,355.2,519.2,94.7,29.2,956
10/1/2019 16:14,datasets/dataset_cropped/10_Metas/01/16/20191001161400_00160.jpg,datasets_flow/dataset_cropped/10_Metas/01/16/20191001161400_00160.jpg,datasets_cloudmask/dataset_cropped/10_Metas/01/16/20191001161400_00160.png,395.5,598.6,96.9,29.1,956
10/1/2019 16:15,datasets/dataset_cropped/10_Metas/01/16/20191001161500_00160.jpg,datasets_flow/dataset_cropped/10_Metas/01/16/20191001161500_00160.jpg,datasets_cloudmask/dataset_cropped/10_Metas/01/16/20191001161500_00160.png,385.3,578.6,98.2,29.1,956
10/1/2019 16:16,datasets/dataset_cropped/10_Metas/01/16/20191001161600_00160.jpg,datasets_flow/dataset_cropped/10_Metas/01/16/20191001161600_00160.jpg,datasets_cloudmask/dataset_cropped/10_Metas/01/16/20191001161600_00160.png,374.6,557.5,99.1,29.1,956
10/1/2019 16:17,datasets/dataset_cropped/10_Metas/01/16/20191001161700_00160.jpg,datasets_flow/dataset_cropped/10_Metas/01/16/20191001161700_00160.jpg,datasets_cloudmask/dataset_cropped/10_Metas/01/16/20191001161700_00160.png,398.4,603.9,101.8,29.1,956
10/1/2019 16:18,datasets/dataset_cropped/10_Metas/01/16/20191001161800_00160.jpg,datasets_flow/dataset_cropped/10_Metas/01/16/20191001161800_00160.jpg,datasets_cloudmask/dataset_cropped/10_Metas/01/16/20191001161800_00160.png,372.2,550.3,103.2,28.9,956
10/1/2019 16:19,datasets/dataset_cropped/10_Metas/01/16/20191001161900_00160.jpg,datasets_flow/dataset_cropped/10_Metas/01/16/20191001161900_00160.jpg,datasets_cloudmask/dataset_cropped/10_Metas/01/16/20191001161900_00160.png,354.5,513.2,104.9,28.9,956
10/1/2019 16:20,datasets/dataset_cropped/10_Metas/01/16/20191001162000_00160.jpg,datasets_flow/dataset_cropped/10_Metas/01/16/20191001162000_00160.jpg,datasets_cloudmask/dataset_cropped/10_Metas/01/16/20191001162000_00160.png,379.9,561.4,108.6,29.1,956
10/1/2019 16:21,datasets/dataset_cropped/10_Metas/01/16/20191001162100_00160.jpg,datasets_flow/dataset_cropped/10_Metas/01/16/20191001162100_00160.jpg,datasets_cloudmask/dataset_cropped/10_Metas/01/16/20191001162100_00160.png,345.7,489.4,110.3,29.3,956
10/1/2019 16:22,datasets/dataset_cropped/10_Metas/01/16/20191001162200_00160.jpg,datasets_flow/dataset_cropped/10_Metas/01/16/20191001162200_00160.jpg,datasets_cloudmask/dataset_cropped/10_Metas/01/16/20191001162200_00160.png,374.2,543.4,114.3,29.3,956
10/1/2019 16:23,datasets/dataset_cropped/10_Metas/01/16/20191001162300_00160.jpg,datasets_flow/dataset_cropped/10_Metas/01/16/20191001162300_00160.jpg,datasets_cloudmask/dataset_cropped/10_Metas/01/16/20191001162300_00160.png,425,642.1,120.1,29.1,956
10/1/2019 16:24,datasets/dataset_cropped/10_Metas/01/16/20191001162400_00160.jpg,datasets_flow/dataset_cropped/10_Metas/01/16/20191001162400_00160.jpg,datasets_cloudmask/dataset_cropped/10_Metas/01/16/20191001162400_00160.png,427.8,642.1,124.7,29.1,956
10/1/2019 16:25,datasets/dataset_cropped/10_Metas/01/16/20191001162500_00160.jpg,datasets_flow/dataset_cropped/10_Metas/01/16/20191001162500_00160.jpg,datasets_cloudmask/dataset_cropped/10_Metas/01/16/20191001162500_00160.png,441.1,664.4,129.6,28.9,956
10/1/2019 16:26,datasets/dataset_cropped/10_Metas/01/16/20191001162600_00160.jpg,datasets_flow/dataset_cropped/10_Metas/01/16/20191001162600_00160.jpg,datasets_cloudmask/dataset_cropped/10_Metas/01/16/20191001162600_00160.png,442.1,660.6,134.4,28.8,956
10/1/2019 16:27,datasets/dataset_cropped/10_Metas/01/16/20191001162700_00160.jpg,datasets_flow/dataset_cropped/10_Metas/01/16/20191001162700_00160.jpg,datasets_cloudmask/dataset_cropped/10_Metas/01/16/20191001162700_00160.png,427,625,137.6,29,956
10/1/2019 16:28,datasets/dataset_cropped/10_Metas/01/16/20191001162800_00160.jpg,datasets_flow/dataset_cropped/10_Metas/01/16/20191001162800_00160.jpg,datasets_cloudmask/dataset_cropped/10_Metas/01/16/20191001162800_00160.png,400.1,565.1,139.5,29,956
10/1/2019 16:29,datasets/dataset_cropped/10_Metas/01/16/20191001162900_00160.jpg,datasets_flow/dataset_cropped/10_Metas/01/16/20191001162900_00160.jpg,datasets_cloudmask/dataset_cropped/10_Metas/01/16/20191001162900_00160.png,388.2,538.9,140.7,29.1,956
10/1/2019 16:30,datasets/dataset_cropped/10_Metas/01/16/20191001163000_00160.jpg,datasets_flow/dataset_cropped/10_Metas/01/16/20191001163000_00160.jpg,datasets_cloudmask/dataset_cropped/10_Metas/01/16/20191001163000_00160.png,354.7,466.2,141.8,29.1,956
10/1/2019 16:31,datasets/dataset_cropped/10_Metas/01/16/20191001163100_00160.jpg,datasets_flow/dataset_cropped/10_Metas/01/16/20191001163100_00160.jpg,datasets_cloudmask/dataset_cropped/10_Metas/01/16/20191001163100_00160.png,348.8,454.1,142.7,29.1,956
10/1/2019 16:32,datasets/dataset_cropped/10_Metas/01/16/20191001163200_00160.jpg,datasets_flow/dataset_cropped/10_Metas/01/16/20191001163200_00160.jpg,datasets_cloudmask/dataset_cropped/10_Metas/01/16/20191001163200_00160.png,357.6,474.2,144.1,29.1,956
10/1/2019 16:33,datasets/dataset_cropped/10_Metas/01/16/20191001163300_00160.jpg,datasets_flow/dataset_cropped/10_Metas/01/16/20191001163300_00160.jpg,datasets_cloudmask/dataset_cropped/10_Metas/01/16/20191001163300_00160.png,367.4,497.6,144.9,29.1,956
10/1/2019 16:34,datasets/dataset_cropped/10_Metas/01/16/20191001163400_00160.jpg,datasets_flow/dataset_cropped/10_Metas/01/16/20191001163400_00160.jpg,datasets_cloudmask/dataset_cropped/10_Metas/01/16/20191001163400_00160.png,346.2,453.9,144.3,29.2,956
10/1/2019 16:35,datasets/dataset_cropped/10_Metas/01/16/20191001163500_00160.jpg,datasets_flow/dataset_cropped/10_Metas/01/16/20191001163500_00160.jpg,datasets_cloudmask/dataset_cropped/10_Metas/01/16/20191001163500_00160.png,304.1,362.9,143.1,29.3,956
10/1/2019 16:36,datasets/dataset_cropped/10_Metas/01/16/20191001163600_00160.jpg,datasets_flow/dataset_cropped/10_Metas/01/16/20191001163600_00160.jpg,datasets_cloudmask/dataset_cropped/10_Metas/01/16/20191001163600_00160.png,254.9,257,141,29.3,956
10/1/2019 16:37,datasets/dataset_cropped/10_Metas/01/16/20191001163700_00160.jpg,datasets_flow/dataset_cropped/10_Metas/01/16/20191001163700_00160.jpg,datasets_cloudmask/dataset_cropped/10_Metas/01/16/20191001163700_00160.png,173.4,80.4,137.2,29.1,956
10/1/2019 16:38,datasets/dataset_cropped/10_Metas/01/16/20191001163800_00160.jpg,datasets_flow/dataset_cropped/10_Metas/01/16/20191001163800_00160.jpg,datasets_cloudmask/dataset_cropped/10_Metas/01/16/20191001163800_00160.png,170.1,77.3,135.8,29,956
10/1/2019 16:39,datasets/dataset_cropped/10_Metas/01/16/20191001163900_00160.jpg,datasets_flow/dataset_cropped/10_Metas/01/16/20191001163900_00160.jpg,datasets_cloudmask/dataset_cropped/10_Metas/01/16/20191001163900_00160.png,154.3,42.1,135.3,28.9,956
10/1/2019 16:40,datasets/dataset_cropped/10_Metas/01/16/20191001164000_00160.jpg,datasets_flow/dataset_cropped/10_Metas/01/16/20191001164000_00160.jpg,datasets_cloudmask/dataset_cropped/10_Metas/01/16/20191001164000_00160.png,155.8,42.9,136.5,28.8,956
10/1/2019 16:41,datasets/dataset_cropped/10_Metas/01/16/20191001164100_00160.jpg,datasets_flow/dataset_cropped/10_Metas/01/16/20191001164100_00160.jpg,datasets_cloudmask/dataset_cropped/10_Metas/01/16/20191001164100_00160.png,158.3,46.2,137.8,28.7,956
10/1/2019 16:42,datasets/dataset_cropped/10_Metas/01/16/20191001164200_00160.jpg,datasets_flow/dataset_cropped/10_Metas/01/16/20191001164200_00160.jpg,datasets_cloudmask/dataset_cropped/10_Metas/01/16/20191001164200_00160.png,159.9,47.1,139.3,28.5,956
10/1/2019 16:43,datasets/dataset_cropped/10_Metas/01/16/20191001164300_00160.jpg,datasets_flow/dataset_cropped/10_Metas/01/16/20191001164300_00160.jpg,datasets_cloudmask/dataset_cropped/10_Metas/01/16/20191001164300_00160.png,179,89.2,141,28.5,956
10/1/2019 16:44,datasets/dataset_cropped/10_Metas/01/16/20191001164400_00160.jpg,datasets_flow/dataset_cropped/10_Metas/01/16/20191001164400_00160.jpg,datasets_cloudmask/dataset_cropped/10_Metas/01/16/20191001164400_00160.png,185.4,100.9,142.7,28.4,955
10/1/2019 16:45,datasets/dataset_cropped/10_Metas/01/16/20191001164500_00160.jpg,datasets_flow/dataset_cropped/10_Metas/01/16/20191001164500_00160.jpg,datasets_cloudmask/dataset_cropped/10_Metas/01/16/20191001164500_00160.png,168.7,59.1,143.6,28.4,956
10/1/2019 16:46,datasets/dataset_cropped/10_Metas/01/16/20191001164600_00160.jpg,datasets_flow/dataset_cropped/10_Metas/01/16/20191001164600_00160.jpg,datasets_cloudmask/dataset_cropped/10_Metas/01/16/20191001164600_00160.png,178.4,81.2,144.7,28.4,956
10/1/2019 16:47,datasets/dataset_cropped/10_Metas/01/16/20191001164700_00160.jpg,datasets_flow/dataset_cropped/10_Metas/01/16/20191001164700_00160.jpg,datasets_cloudmask/dataset_cropped/10_Metas/01/16/20191001164700_00160.png,170.5,62.2,144.7,28.5,955
10/1/2019 16:48,datasets/dataset_cropped/10_Metas/01/16/20191001164800_00160.jpg,datasets_flow/dataset_cropped/10_Metas/01/16/20191001164800_00160.jpg,datasets_cloudmask/dataset_cropped/10_Metas/01/16/20191001164800_00160.png,164.3,45.9,145,28.6,956
10/1/2019 16:49,datasets/dataset_cropped/10_Metas/01/16/20191001164900_00160.jpg,datasets_flow/dataset_cropped/10_Metas/01/16/20191001164900_00160.jpg,datasets_cloudmask/dataset_cropped/10_Metas/01/16/20191001164900_00160.png,167.6,50.2,146.7,28.6,955
10/1/2019 16:50,datasets/dataset_cropped/10_Metas/01/16/20191001165000_00160.jpg,datasets_flow/dataset_cropped/10_Metas/01/16/20191001165000_00160.jpg,datasets_cloudmask/dataset_cropped/10_Metas/01/16/20191001165000_00160.png,159.2,25.9,148.2,28.5,955
10/1/2019 16:51,datasets/dataset_cropped/10_Metas/01/16/20191001165100_00160.jpg,datasets_flow/dataset_cropped/10_Metas/01/16/20191001165100_00160.jpg,datasets_cloudmask/dataset_cropped/10_Metas/01/16/20191001165100_00160.png,156.6,17.3,149.2,28.4,956
10/1/2019 16:52,datasets/dataset_cropped/10_Metas/01/16/20191001165200_00160.jpg,datasets_flow/dataset_cropped/10_Metas/01/16/20191001165200_00160.jpg,datasets_cloudmask/dataset_cropped/10_Metas/01/16/20191001165200_00160.png,153.6,7.2,150.5,28.4,956
10/1/2019 16:53,datasets/dataset_cropped/10_Metas/01/16/20191001165300_00160.jpg,datasets_flow/dataset_cropped/10_Metas/01/16/20191001165300_00160.jpg,datasets_cloudmask/dataset_cropped/10_Metas/01/16/20191001165300_00160.png,153.3,3.2,152.1,28.4,956
10/1/2019 16:54,datasets/dataset_cropped/10_Metas/01/16/20191001165400_00160.jpg,datasets_flow/dataset_cropped/10_Metas/01/16/20191001165400_00160.jpg,datasets_cloudmask/dataset_cropped/10_Metas/01/16/20191001165400_00160.png,154.9,3.1,153.6,28.3,956
10/1/2019 16:55,datasets/dataset_cropped/10_Metas/01/16/20191001165500_00160.jpg,datasets_flow/dataset_cropped/10_Metas/01/16/20191001165500_00160.jpg,datasets_cloudmask/dataset_cropped/10_Metas/01/16/20191001165500_00160.png,156.7,2.8,155.5,28.3,955
10/1/2019 16:56,datasets/dataset_cropped/10_Metas/01/16/20191001165600_00160.jpg,datasets_flow/dataset_cropped/10_Metas/01/16/20191001165600_00160.jpg,datasets_cloudmask/dataset_cropped/10_Metas/01/16/20191001165600_00160.png,160.3,6.4,157.8,28.3,955
10/1/2019 16:57,datasets/dataset_cropped/10_Metas/01/16/20191001165700_00160.jpg,datasets_flow/dataset_cropped/10_Metas/01/16/20191001165700_00160.jpg,datasets_cloudmask/dataset_cropped/10_Metas/01/16/20191001165700_00160.png,175.5,38.3,160.9,28.3,956
10/1/2019 16:58,datasets/dataset_cropped/10_Metas/01/16/20191001165800_00160.jpg,datasets_flow/dataset_cropped/10_Metas/01/16/20191001165800_00160.jpg,datasets_cloudmask/dataset_cropped/10_Metas/01/16/20191001165800_00160.png,212.7,126.5,165.2,28.4,956
10/1/2019 16:59,datasets/dataset_cropped/10_Metas/01/16/20191001165900_00160.jpg,datasets_flow/dataset_cropped/10_Metas/01/16/20191001165900_00160.jpg,datasets_cloudmask/dataset_cropped/10_Metas/01/16/20191001165900_00160.png,226,152.2,168.9,28.3,955
10/1/2019 17:00,datasets/dataset_cropped/10_Metas/01/17/20191001170000_00160.jpg,datasets_flow/dataset_cropped/10_Metas/01/17/20191001170000_00160.jpg,datasets_cloudmask/dataset_cropped/10_Metas/01/17/20191001170000_00160.png,194.5,63.9,170.2,28.3,955
10/1/2019 17:01,datasets/dataset_cropped/10_Metas/01/17/20191001170100_00160.jpg,datasets_flow/dataset_cropped/10_Metas/01/17/20191001170100_00160.jpg,datasets_cloudmask/dataset_cropped/10_Metas/01/17/20191001170100_00160.png,179.3,24.1,170.2,28.4,955
10/1/2019 17:02,datasets/dataset_cropped/10_Metas/01/17/20191001170200_00160.jpg,datasets_flow/dataset_cropped/10_Metas/01/17/20191001170200_00160.jpg,datasets_cloudmask/dataset_cropped/10_Metas/01/17/20191001170200_00160.png,175.7,15.4,170,28.5,956
10/1/2019 17:03,datasets/dataset_cropped/10_Metas/01/17/20191001170300_00160.jpg,datasets_flow/dataset_cropped/10_Metas/01/17/20191001170300_00160.jpg,datasets_cloudmask/dataset_cropped/10_Metas/01/17/20191001170300_00160.png,178.2,21.7,170.4,28.6,955
10/1/2019 17:04,datasets/dataset_cropped/10_Metas/01/17/20191001170400_00160.jpg,datasets_flow/dataset_cropped/10_Metas/01/17/20191001170400_00160.jpg,datasets_cloudmask/dataset_cropped/10_Metas/01/17/20191001170400_00160.png,192.3,57.1,171.8,28.6,956
10/1/2019 17:05,datasets/dataset_cropped/10_Metas/01/17/20191001170500_00160.jpg,datasets_flow/dataset_cropped/10_Metas/01/17/20191001170500_00160.jpg,datasets_cloudmask/dataset_cropped/10_Metas/01/17/20191001170500_00160.png,202.7,80.6,173.9,28.6,955
10/1/2019 17:06,datasets/dataset_cropped/10_Metas/01/17/20191001170600_00160.jpg,datasets_flow/dataset_cropped/10_Metas/01/17/20191001170600_00160.jpg,datasets_cloudmask/dataset_cropped/10_Metas/01/17/20191001170600_00160.png,190.6,45.6,174.4,28.7,955
10/1/2019 17:07,datasets/dataset_cropped/10_Metas/01/17/20191001170700_00160.jpg,datasets_flow/dataset_cropped/10_Metas/01/17/20191001170700_00160.jpg,datasets_cloudmask/dataset_cropped/10_Metas/01/17/20191001170700_00160.png,180.5,21,173.2,28.7,956
10/1/2019 17:08,datasets/dataset_cropped/10_Metas/01/17/20191001170800_00160.jpg,datasets_flow/dataset_cropped/10_Metas/01/17/20191001170800_00160.jpg,datasets_cloudmask/dataset_cropped/10_Metas/01/17/20191001170800_00160.png,179.2,20.5,172.1,28.7,955
10/1/2019 17:09,datasets/dataset_cropped/10_Metas/01/17/20191001170900_00160.jpg,datasets_flow/dataset_cropped/10_Metas/01/17/20191001170900_00160.jpg,datasets_cloudmask/dataset_cropped/10_Metas/01/17/20191001170900_00160.png,184.2,35,172,28.6,955
10/1/2019 17:10,datasets/dataset_cropped/10_Metas/01/17/20191001171000_00160.jpg,datasets_flow/dataset_cropped/10_Metas/01/17/20191001171000_00160.jpg,datasets_cloudmask/dataset_cropped/10_Metas/01/17/20191001171000_00160.png,184.2,32.7,172.7,28.6,956
10/1/2019 17:11,datasets/dataset_cropped/10_Metas/01/17/20191001171100_00160.jpg,datasets_flow/dataset_cropped/10_Metas/01/17/20191001171100_00160.jpg,datasets_cloudmask/dataset_cropped/10_Metas/01/17/20191001171100_00160.png,198.9,72.3,174.3,28.6,955
10/1/2019 17:12,datasets/dataset_cropped/10_Metas/01/17/20191001171200_00160.jpg,datasets_flow/dataset_cropped/10_Metas/01/17/20191001171200_00160.jpg,datasets_cloudmask/dataset_cropped/10_Metas/01/17/20191001171200_00160.png,212.8,112.8,175,28.6,955
10/1/2019 17:13,datasets/dataset_cropped/10_Metas/01/17/20191001171300_00160.jpg,datasets_flow/dataset_cropped/10_Metas/01/17/20191001171300_00160.jpg,datasets_cloudmask/dataset_cropped/10_Metas/01/17/20191001171300_00160.png,233.7,181.9,174.1,28.7,956
10/1/2019 17:14,datasets/dataset_cropped/10_Metas/01/17/20191001171400_00160.jpg,datasets_flow/dataset_cropped/10_Metas/01/17/20191001171400_00160.jpg,datasets_cloudmask/dataset_cropped/10_Metas/01/17/20191001171400_00160.png,238.8,208.6,171,28.8,955
10/1/2019 17:15,datasets/dataset_cropped/10_Metas/01/17/20191001171500_00160.jpg,datasets_flow/dataset_cropped/10_Metas/01/17/20191001171500_00160.jpg,datasets_cloudmask/dataset_cropped/10_Metas/01/17/20191001171500_00160.png,198.7,105.1,164.8,28.9,956
10/1/2019 17:16,datasets/dataset_cropped/10_Metas/01/17/20191001171600_00160.jpg,datasets_flow/dataset_cropped/10_Metas/01/17/20191001171600_00160.jpg,datasets_cloudmask/dataset_cropped/10_Metas/01/17/20191001171600_00160.png,167.7,32.9,157.3,29.1,956
10/1/2019 17:17,datasets/dataset_cropped/10_Metas/01/17/20191001171700_00160.jpg,datasets_flow/dataset_cropped/10_Metas/01/17/20191001171700_00160.jpg,datasets_cloudmask/dataset_cropped/10_Metas/01/17/20191001171700_00160.png,158.6,28.8,149.7,29.3,955
10/1/2019 17:18,datasets/dataset_cropped/10_Metas/01/17/20191001171800_00160.jpg,datasets_flow/dataset_cropped/10_Metas/01/17/20191001171800_00160.jpg,datasets_cloudmask/dataset_cropped/10_Metas/01/17/20191001171800_00160.png,150.7,26.7,142.4,29.3,955
10/1/2019 17:19,datasets/dataset_cropped/10_Metas/01/17/20191001171900_00160.jpg,datasets_flow/dataset_cropped/10_Metas/01/17/20191001171900_00160.jpg,datasets_cloudmask/dataset_cropped/10_Metas/01/17/20191001171900_00160.png,146.2,33.3,136.3,29.3,956
10/1/2019 17:20,datasets/dataset_cropped/10_Metas/01/17/20191001172000_00160.jpg,datasets_flow/dataset_cropped/10_Metas/01/17/20191001172000_00160.jpg,datasets_cloudmask/dataset_cropped/10_Metas/01/17/20191001172000_00160.png,136,19.6,130.4,29.3,955
10/1/2019 17:21,datasets/dataset_cropped/10_Metas/01/17/20191001172100_00160.jpg,datasets_flow/dataset_cropped/10_Metas/01/17/20191001172100_00160.jpg,datasets_cloudmask/dataset_cropped/10_Metas/01/17/20191001172100_00160.png,126.7,5.9,125.4,29.2,956
10/1/2019 17:22,datasets/dataset_cropped/10_Metas/01/17/20191001172200_00160.jpg,datasets_flow/dataset_cropped/10_Metas/01/17/20191001172200_00160.jpg,datasets_cloudmask/dataset_cropped/10_Metas/01/17/20191001172200_00160.png,131.8,36.2,121.2,29.2,956
10/1/2019 17:23,datasets/dataset_cropped/10_Metas/01/17/20191001172300_00160.jpg,datasets_flow/dataset_cropped/10_Metas/01/17/20191001172300_00160.jpg,datasets_cloudmask/dataset_cropped/10_Metas/01/17/20191001172300_00160.png,124.7,23,117.8,29.1,955
10/1/2019 17:24,datasets/dataset_cropped/10_Metas/01/17/20191001172400_00160.jpg,datasets_flow/dataset_cropped/10_Metas/01/17/20191001172400_00160.jpg,datasets_cloudmask/dataset_cropped/10_Metas/01/17/20191001172400_00160.png,115.4,2,114.7,29,955
10/1/2019 17:25,datasets/dataset_cropped/10_Metas/01/17/20191001172500_00160.jpg,datasets_flow/dataset_cropped/10_Metas/01/17/20191001172500_00160.jpg,datasets_cloudmask/dataset_cropped/10_Metas/01/17/20191001172500_00160.png,112.9,1.6,112.1,28.9,955
10/1/2019 17:26,datasets/dataset_cropped/10_Metas/01/17/20191001172600_00160.jpg,datasets_flow/dataset_cropped/10_Metas/01/17/20191001172600_00160.jpg,datasets_cloudmask/dataset_cropped/10_Metas/01/17/20191001172600_00160.png,111.7,3.2,110.3,28.9,956
10/1/2019 17:27,datasets/dataset_cropped/10_Metas/01/17/20191001172700_00160.jpg,datasets_flow/dataset_cropped/10_Metas/01/17/20191001172700_00160.jpg,datasets_cloudmask/dataset_cropped/10_Metas/01/17/20191001172700_00160.png,109.8,2.2,108.9,28.7,956
10/1/2019 17:28,datasets/dataset_cropped/10_Metas/01/17/20191001172800_00160.jpg,datasets_flow/dataset_cropped/10_Metas/01/17/20191001172800_00160.jpg,datasets_cloudmask/dataset_cropped/10_Metas/01/17/20191001172800_00160.png,108.8,3.7,107.7,28.6,956
10/1/2019 17:29,datasets/dataset_cropped/10_Metas/01/17/20191001172900_00160.jpg,datasets_flow/dataset_cropped/10_Metas/01/17/20191001172900_00160.jpg,datasets_cloudmask/dataset_cropped/10_Metas/01/17/20191001172900_00160.png,108.7,6.6,106.7,28.7,956
10/1/2019 17:30,datasets/dataset_cropped/10_Metas/01/17/20191001173000_00160.jpg,datasets_flow/dataset_cropped/10_Metas/01/17/20191001173000_00160.jpg,datasets_cloudmask/dataset_cropped/10_Metas/01/17/20191001173000_00160.png,121.6,54.4,106.6,28.9,956
10/1/2019 17:31,datasets/dataset_cropped/10_Metas/01/17/20191001173100_00160.jpg,datasets_flow/dataset_cropped/10_Metas/01/17/20191001173100_00160.jpg,datasets_cloudmask/dataset_cropped/10_Metas/01/17/20191001173100_00160.png,139.9,120.7,107,28.9,956
10/1/2019 17:32,datasets/dataset_cropped/10_Metas/01/17/20191001173200_00160.jpg,datasets_flow/dataset_cropped/10_Metas/01/17/20191001173200_00160.jpg,datasets_cloudmask/dataset_cropped/10_Metas/01/17/20191001173200_00160.png,151.9,170.1,106.5,29,956
10/1/2019 17:33,datasets/dataset_cropped/10_Metas/01/17/20191001173300_00160.jpg,datasets_flow/dataset_cropped/10_Metas/01/17/20191001173300_00160.jpg,datasets_cloudmask/dataset_cropped/10_Metas/01/17/20191001173300_00160.png,118.7,48.7,105.6,28.9,956
10/1/2019 17:34,datasets/dataset_cropped/10_Metas/01/17/20191001173400_00160.jpg,datasets_flow/dataset_cropped/10_Metas/01/17/20191001173400_00160.jpg,datasets_cloudmask/dataset_cropped/10_Metas/01/17/20191001173400_00160.png,151.9,171.3,106.9,28.9,956
10/1/2019 17:35,datasets/dataset_cropped/10_Metas/01/17/20191001173500_00160.jpg,datasets_flow/dataset_cropped/10_Metas/01/17/20191001173500_00160.jpg,datasets_cloudmask/dataset_cropped/10_Metas/01/17/20191001173500_00160.png,138,111.3,108.6,28.8,956
10/1/2019 17:36,datasets/dataset_cropped/10_Metas/01/17/20191001173600_00160.jpg,datasets_flow/dataset_cropped/10_Metas/01/17/20191001173600_00160.jpg,datasets_cloudmask/dataset_cropped/10_Metas/01/17/20191001173600_00160.png,124.4,59.5,108.7,28.6,956
10/1/2019 17:37,datasets/dataset_cropped/10_Metas/01/17/20191001173700_00160.jpg,datasets_flow/dataset_cropped/10_Metas/01/17/20191001173700_00160.jpg,datasets_cloudmask/dataset_cropped/10_Metas/01/17/20191001173700_00160.png,114.4,19.9,108.8,28.3,956
10/1/2019 17:38,datasets/dataset_cropped/10_Metas/01/17/20191001173800_00160.jpg,datasets_flow/dataset_cropped/10_Metas/01/17/20191001173800_00160.jpg,datasets_cloudmask/dataset_cropped/10_Metas/01/17/20191001173800_00160.png,115.1,14.5,111,28.3,956
10/1/2019 17:39,datasets/dataset_cropped/10_Metas/01/17/20191001173900_00160.jpg,datasets_flow/dataset_cropped/10_Metas/01/17/20191001173900_00160.jpg,datasets_cloudmask/dataset_cropped/10_Metas/01/17/20191001173900_00160.png,118.8,15.7,114.5,28.3,956
10/1/2019 17:40,datasets/dataset_cropped/10_Metas/01/17/20191001174000_00160.jpg,datasets_flow/dataset_cropped/10_Metas/01/17/20191001174000_00160.jpg,datasets_cloudmask/dataset_cropped/10_Metas/01/17/20191001174000_00160.png,119.4,10.8,116.4,28.1,956
10/1/2019 17:41,datasets/dataset_cropped/10_Metas/01/17/20191001174100_00160.jpg,datasets_flow/dataset_cropped/10_Metas/01/17/20191001174100_00160.jpg,datasets_cloudmask/dataset_cropped/10_Metas/01/17/20191001174100_00160.png,120.9,13.1,117.5,28,956
10/1/2019 17:42,datasets/dataset_cropped/10_Metas/01/17/20191001174200_00160.jpg,datasets_flow/dataset_cropped/10_Metas/01/17/20191001174200_00160.jpg,datasets_cloudmask/dataset_cropped/10_Metas/01/17/20191001174200_00160.png,142.6,103.1,118.3,27.9,956
10/1/2019 17:43,datasets/dataset_cropped/10_Metas/01/17/20191001174300_00160.jpg,datasets_flow/dataset_cropped/10_Metas/01/17/20191001174300_00160.jpg,datasets_cloudmask/dataset_cropped/10_Metas/01/17/20191001174300_00160.png,127.1,38,118.2,28,956
10/1/2019 17:44,datasets/dataset_cropped/10_Metas/01/17/20191001174400_00160.jpg,datasets_flow/dataset_cropped/10_Metas/01/17/20191001174400_00160.jpg,datasets_cloudmask/dataset_cropped/10_Metas/01/17/20191001174400_00160.png,121.8,16.5,117.9,28,956
10/1/2019 17:45,datasets/dataset_cropped/10_Metas/01/17/20191001174500_00160.jpg,datasets_flow/dataset_cropped/10_Metas/01/17/20191001174500_00160.jpg,datasets_cloudmask/dataset_cropped/10_Metas/01/17/20191001174500_00160.png,123.3,25.9,117.4,28,956
10/1/2019 17:46,datasets/dataset_cropped/10_Metas/01/17/20191001174600_00160.jpg,datasets_flow/dataset_cropped/10_Metas/01/17/20191001174600_00160.jpg,datasets_cloudmask/dataset_cropped/10_Metas/01/17/20191001174600_00160.png,121.2,23,116,28,956
10/1/2019 17:47,datasets/dataset_cropped/10_Metas/01/17/20191001174700_00160.jpg,datasets_flow/dataset_cropped/10_Metas/01/17/20191001174700_00160.jpg,datasets_cloudmask/dataset_cropped/10_Metas/01/17/20191001174700_00160.png,120.9,34.5,113.6,28.1,956
10/1/2019 17:48,datasets/dataset_cropped/10_Metas/01/17/20191001174800_00160.jpg,datasets_flow/dataset_cropped/10_Metas/01/17/20191001174800_00160.jpg,datasets_cloudmask/dataset_cropped/10_Metas/01/17/20191001174800_00160.png,121.6,55.4,110,28.1,956
10/1/2019 17:49,datasets/dataset_cropped/10_Metas/01/17/20191001174900_00160.jpg,datasets_flow/dataset_cropped/10_Metas/01/17/20191001174900_00160.jpg,datasets_cloudmask/dataset_cropped/10_Metas/01/17/20191001174900_00160.png,131.8,121.7,102.8,28.1,956
10/1/2019 17:50,datasets/dataset_cropped/10_Metas/01/17/20191001175000_00160.jpg,datasets_flow/dataset_cropped/10_Metas/01/17/20191001175000_00160.jpg,datasets_cloudmask/dataset_cropped/10_Metas/01/17/20191001175000_00160.png,186.6,392.5,105.2,28.2,956
10/1/2019 17:51,datasets/dataset_cropped/10_Metas/01/17/20191001175100_00160.jpg,datasets_flow/dataset_cropped/10_Metas/01/17/20191001175100_00160.jpg,datasets_cloudmask/dataset_cropped/10_Metas/01/17/20191001175100_00160.png,182.3,396.9,101.2,28.2,956
10/1/2019 17:52,datasets/dataset_cropped/10_Metas/01/17/20191001175200_00160.jpg,datasets_flow/dataset_cropped/10_Metas/01/17/20191001175200_00160.jpg,datasets_cloudmask/dataset_cropped/10_Metas/01/17/20191001175200_00160.png,135,201.3,94.7,28.4,956
10/1/2019 17:53,datasets/dataset_cropped/10_Metas/01/17/20191001175300_00160.jpg,datasets_flow/dataset_cropped/10_Metas/01/17/20191001175300_00160.jpg,datasets_cloudmask/dataset_cropped/10_Metas/01/17/20191001175300_00160.png,122.1,167.5,88.9,28.6,956
10/1/2019 17:54,datasets/dataset_cropped/10_Metas/01/17/20191001175400_00160.jpg,datasets_flow/dataset_cropped/10_Metas/01/17/20191001175400_00160.jpg,datasets_cloudmask/dataset_cropped/10_Metas/01/17/20191001175400_00160.png,101.9,96.2,83.3,28.6,956
10/1/2019 17:55,datasets/dataset_cropped/10_Metas/01/17/20191001175500_00160.jpg,datasets_flow/dataset_cropped/10_Metas/01/17/20191001175500_00160.jpg,datasets_cloudmask/dataset_cropped/10_Metas/01/17/20191001175500_00160.png,93.1,75,78.9,28.5,956
10/1/2019 17:56,datasets/dataset_cropped/10_Metas/01/17/20191001175600_00160.jpg,datasets_flow/dataset_cropped/10_Metas/01/17/20191001175600_00160.jpg,datasets_cloudmask/dataset_cropped/10_Metas/01/17/20191001175600_00160.png,94.4,97.2,76.4,28.4,956
10/1/2019 17:57,datasets/dataset_cropped/10_Metas/01/17/20191001175700_00160.jpg,datasets_flow/dataset_cropped/10_Metas/01/17/20191001175700_00160.jpg,datasets_cloudmask/dataset_cropped/10_Metas/01/17/20191001175700_00160.png,97.8,122.2,75.3,28.4,956
10/1/2019 17:58,datasets/dataset_cropped/10_Metas/01/17/20191001175800_00160.jpg,datasets_flow/dataset_cropped/10_Metas/01/17/20191001175800_00160.jpg,datasets_cloudmask/dataset_cropped/10_Metas/01/17/20191001175800_00160.png,82,40.8,74.7,28.4,956
10/1/2019 17:59,datasets/dataset_cropped/10_Metas/01/17/20191001175900_00160.jpg,datasets_flow/dataset_cropped/10_Metas/01/17/20191001175900_00160.jpg,datasets_cloudmask/dataset_cropped/10_Metas/01/17/20191001175900_00160.png,81.2,41,74.1,28.4,956
10/1/2019 18:00,datasets/dataset_cropped/10_Metas/01/18/20191001180000_00160.jpg,datasets_flow/dataset_cropped/10_Metas/01/18/20191001180000_00160.jpg,datasets_cloudmask/dataset_cropped/10_Metas/01/18/20191001180000_00160.png,83.3,55.9,73.5,28.3,956
10/1/2019 18:01,datasets/dataset_cropped/10_Metas/01/18/20191001180100_00160.jpg,datasets_flow/dataset_cropped/10_Metas/01/18/20191001180100_00160.jpg,datasets_cloudmask/dataset_cropped/10_Metas/01/18/20191001180100_00160.png,74.6,16.8,71.7,28.3,956
10/1/2019 18:02,datasets/dataset_cropped/10_Metas/01/18/20191001180200_00160.jpg,datasets_flow/dataset_cropped/10_Metas/01/18/20191001180200_00160.jpg,datasets_cloudmask/dataset_cropped/10_Metas/01/18/20191001180200_00160.png,71.4,10.7,69.6,28.3,956
10/1/2019 18:03,datasets/dataset_cropped/10_Metas/01/18/20191001180300_00160.jpg,datasets_flow/dataset_cropped/10_Metas/01/18/20191001180300_00160.jpg,datasets_cloudmask/dataset_cropped/10_Metas/01/18/20191001180300_00160.png,68.6,13.5,66.4,28.2,956
10/1/2019 18:04,datasets/dataset_cropped/10_Metas/01/18/20191001180400_00160.jpg,datasets_flow/dataset_cropped/10_Metas/01/18/20191001180400_00160.jpg,datasets_cloudmask/dataset_cropped/10_Metas/01/18/20191001180400_00160.png,64.5,13.6,62.2,28.2,956
10/1/2019 18:05,datasets/dataset_cropped/10_Metas/01/18/20191001180500_00160.jpg,datasets_flow/dataset_cropped/10_Metas/01/18/20191001180500_00160.jpg,datasets_cloudmask/dataset_cropped/10_Metas/01/18/20191001180500_00160.png,58.8,6.4,57.7,28.1,956
10/1/2019 18:06,datasets/dataset_cropped/10_Metas/01/18/20191001180600_00160.jpg,datasets_flow/dataset_cropped/10_Metas/01/18/20191001180600_00160.jpg,datasets_cloudmask/dataset_cropped/10_Metas/01/18/20191001180600_00160.png,54.2,3.3,53.5,28,956
10/1/2019 18:07,datasets/dataset_cropped/10_Metas/01/18/20191001180700_00160.jpg,datasets_flow/dataset_cropped/10_Metas/01/18/20191001180700_00160.jpg,datasets_cloudmask/dataset_cropped/10_Metas/01/18/20191001180700_00160.png,50.4,1.5,50.1,28,956
10/1/2019 18:08,datasets/dataset_cropped/10_Metas/01/18/20191001180800_00160.jpg,datasets_flow/dataset_cropped/10_Metas/01/18/20191001180800_00160.jpg,datasets_cloudmask/dataset_cropped/10_Metas/01/18/20191001180800_00160.png,47.5,0.3,47.4,27.9,956
10/1/2019 18:09,datasets/dataset_cropped/10_Metas/01/18/20191001180900_00160.jpg,datasets_flow/dataset_cropped/10_Metas/01/18/20191001180900_00160.jpg,datasets_cloudmask/dataset_cropped/10_Metas/01/18/20191001180900_00160.png,45,0,44.9,28,956
10/1/2019 18:10,datasets/dataset_cropped/10_Metas/01/18/20191001181000_00160.jpg,datasets_flow/dataset_cropped/10_Metas/01/18/20191001181000_00160.jpg,datasets_cloudmask/dataset_cropped/10_Metas/01/18/20191001181000_00160.png,42.5,0,42.5,27.9,956
10/1/2019 18:11,datasets/dataset_cropped/10_Metas/01/18/20191001181100_00160.jpg,datasets_flow/dataset_cropped/10_Metas/01/18/20191001181100_00160.jpg,datasets_cloudmask/dataset_cropped/10_Metas/01/18/20191001181100_00160.png,40.4,0,40.5,27.9,956
10/1/2019 18:12,datasets/dataset_cropped/10_Metas/01/18/20191001181200_00160.jpg,datasets_flow/dataset_cropped/10_Metas/01/18/20191001181200_00160.jpg,datasets_cloudmask/dataset_cropped/10_Metas/01/18/20191001181200_00160.png,38.4,0.2,38.6,27.8,956
10/1/2019 18:13,datasets/dataset_cropped/10_Metas/01/18/20191001181300_00160.jpg,datasets_flow/dataset_cropped/10_Metas/01/18/20191001181300_00160.jpg,datasets_cloudmask/dataset_cropped/10_Metas/01/18/20191001181300_00160.png,37,1.7,37.2,27.8,956
10/1/2019 18:14,datasets/dataset_cropped/10_Metas/01/18/20191001181400_00160.jpg,datasets_flow/dataset_cropped/10_Metas/01/18/20191001181400_00160.jpg,datasets_cloudmask/dataset_cropped/10_Metas/01/18/20191001181400_00160.png,35.7,3.4,35.8,27.6,956
10/1/2019 18:15,datasets/dataset_cropped/10_Metas/01/18/20191001181500_00160.jpg,datasets_flow/dataset_cropped/10_Metas/01/18/20191001181500_00160.jpg,datasets_cloudmask/dataset_cropped/10_Metas/01/18/20191001181500_00160.png,34.4,4.3,34.7,27.5,956
10/1/2019 18:16,datasets/dataset_cropped/10_Metas/01/18/20191001181600_00160.jpg,datasets_flow/dataset_cropped/10_Metas/01/18/20191001181600_00160.jpg,datasets_cloudmask/dataset_cropped/10_Metas/01/18/20191001181600_00160.png,33,4.6,33.3,27.6,956
10/1/2019 18:17,datasets/dataset_cropped/10_Metas/01/18/20191001181700_00160.jpg,datasets_flow/dataset_cropped/10_Metas/01/18/20191001181700_00160.jpg,datasets_cloudmask/dataset_cropped/10_Metas/01/18/20191001181700_00160.png,31.6,4.2,31.9,27.6,956
10/1/2019 18:18,datasets/dataset_cropped/10_Metas/01/18/20191001181800_00160.jpg,datasets_flow/dataset_cropped/10_Metas/01/18/20191001181800_00160.jpg,datasets_cloudmask/dataset_cropped/10_Metas/01/18/20191001181800_00160.png,30.3,3.3,30.7,28,956
10/1/2019 18:19,datasets/dataset_cropped/10_Metas/01/18/20191001181900_00160.jpg,datasets_flow/dataset_cropped/10_Metas/01/18/20191001181900_00160.jpg,datasets_cloudmask/dataset_cropped/10_Metas/01/18/20191001181900_00160.png,29,2.4,29.4,28.4,956
10/1/2019 18:20,datasets/dataset_cropped/10_Metas/01/18/20191001182000_00160.jpg,datasets_flow/dataset_cropped/10_Metas/01/18/20191001182000_00160.jpg,datasets_cloudmask/dataset_cropped/10_Metas/01/18/20191001182000_00160.png,27.8,1.9,28.3,28.7,956
10/1/2019 18:21,datasets/dataset_cropped/10_Metas/01/18/20191001182100_00160.jpg,datasets_flow/dataset_cropped/10_Metas/01/18/20191001182100_00160.jpg,datasets_cloudmask/dataset_cropped/10_Metas/01/18/20191001182100_00160.png,26.4,1.5,26.9,28.8,956
10/1/2019 18:22,datasets/dataset_cropped/10_Metas/01/18/20191001182200_00160.jpg,datasets_flow/dataset_cropped/10_Metas/01/18/20191001182200_00160.jpg,datasets_cloudmask/dataset_cropped/10_Metas/01/18/20191001182200_00160.png,24.9,1.1,25.3,28.9,956
10/1/2019 18:23,datasets/dataset_cropped/10_Metas/01/18/20191001182300_00160.jpg,datasets_flow/dataset_cropped/10_Metas/01/18/20191001182300_00160.jpg,datasets_cloudmask/dataset_cropped/10_Metas/01/18/20191001182300_00160.png,23.2,0.9,23.6,29,956
10/1/2019 18:24,datasets/dataset_cropped/10_Metas/01/18/20191001182400_00160.jpg,datasets_flow/dataset_cropped/10_Metas/01/18/20191001182400_00160.jpg,datasets_cloudmask/dataset_cropped/10_Metas/01/18/20191001182400_00160.png,21.6,0.9,21.9,28.9,956
10/1/2019 18:25,datasets/dataset_cropped/10_Metas/01/18/20191001182500_00160.jpg,datasets_flow/dataset_cropped/10_Metas/01/18/20191001182500_00160.jpg,datasets_cloudmask/dataset_cropped/10_Metas/01/18/20191001182500_00160.png,20,1.2,20.2,29,956
10/1/2019 18:26,datasets/dataset_cropped/10_Metas/01/18/20191001182600_00160.jpg,datasets_flow/dataset_cropped/10_Metas/01/18/20191001182600_00160.jpg,datasets_cloudmask/dataset_cropped/10_Metas/01/18/20191001182600_00160.png,18.6,1.6,18.8,29.2,956
10/1/2019 18:27,datasets/dataset_cropped/10_Metas/01/18/20191001182700_00160.jpg,datasets_flow/dataset_cropped/10_Metas/01/18/20191001182700_00160.jpg,datasets_cloudmask/dataset_cropped/10_Metas/01/18/20191001182700_00160.png,17.4,2.5,17.6,29.2,956
10/1/2019 18:28,datasets/dataset_cropped/10_Metas/01/18/20191001182800_00160.jpg,datasets_flow/dataset_cropped/10_Metas/01/18/20191001182800_00160.jpg,datasets_cloudmask/dataset_cropped/10_Metas/01/18/20191001182800_00160.png,16.6,3.8,16.5,29.4,956
10/1/2019 18:29,datasets/dataset_cropped/10_Metas/01/18/20191001182900_00160.jpg,datasets_flow/dataset_cropped/10_Metas/01/18/20191001182900_00160.jpg,datasets_cloudmask/dataset_cropped/10_Metas/01/18/20191001182900_00160.png,16.1,7.3,15.8,29.4,956
10/1/2019 18:30,datasets/dataset_cropped/10_Metas/01/18/20191001183000_00160.jpg,datasets_flow/dataset_cropped/10_Metas/01/18/20191001183000_00160.jpg,datasets_cloudmask/dataset_cropped/10_Metas/01/18/20191001183000_00160.png,16.1,16.3,15.2,29.5,956
10/1/2019 18:31,datasets/dataset_cropped/10_Metas/01/18/20191001183100_00160.jpg,datasets_flow/dataset_cropped/10_Metas/01/18/20191001183100_00160.jpg,datasets_cloudmask/dataset_cropped/10_Metas/01/18/20191001183100_00160.png,19.5,68,14.9,29.5,956
10/1/2019 18:32,datasets/dataset_cropped/10_Metas/01/18/20191001183200_00160.jpg,datasets_flow/dataset_cropped/10_Metas/01/18/20191001183200_00160.jpg,datasets_cloudmask/dataset_cropped/10_Metas/01/18/20191001183200_00160.png,25.1,154,15.1,29.4,956
10/1/2019 18:33,datasets/dataset_cropped/10_Metas/01/18/20191001183300_00160.jpg,datasets_flow/dataset_cropped/10_Metas/01/18/20191001183300_00160.jpg,datasets_cloudmask/dataset_cropped/10_Metas/01/18/20191001183300_00160.png,22.2,123.5,14.6,29.3,956
10/1/2019 18:34,datasets/dataset_cropped/10_Metas/01/18/20191001183400_00160.jpg,datasets_flow/dataset_cropped/10_Metas/01/18/20191001183400_00160.jpg,datasets_cloudmask/dataset_cropped/10_Metas/01/18/20191001183400_00160.png,19.4,97,13.6,29.2,956
10/1/2019 18:35,datasets/dataset_cropped/10_Metas/01/18/20191001183500_00160.jpg,datasets_flow/dataset_cropped/10_Metas/01/18/20191001183500_00160.jpg,datasets_cloudmask/dataset_cropped/10_Metas/01/18/20191001183500_00160.png,14.7,41.2,12.3,29.2,956
10/1/2019 18:36,datasets/dataset_cropped/10_Metas/01/18/20191001183600_00160.jpg,datasets_flow/dataset_cropped/10_Metas/01/18/20191001183600_00160.jpg,datasets_cloudmask/dataset_cropped/10_Metas/01/18/20191001183600_00160.png,12,18.2,10.9,29.2,956
10/1/2019 18:37,datasets/dataset_cropped/10_Metas/01/18/20191001183700_00160.jpg,datasets_flow/dataset_cropped/10_Metas/01/18/20191001183700_00160.jpg,datasets_cloudmask/dataset_cropped/10_Metas/01/18/20191001183700_00160.png,10,7,9.6,29.2,956
10/1/2019 18:38,datasets/dataset_cropped/10_Metas/01/18/20191001183800_00160.jpg,datasets_flow/dataset_cropped/10_Metas/01/18/20191001183800_00160.jpg,datasets_cloudmask/dataset_cropped/10_Metas/01/18/20191001183800_00160.png,8.6,4.7,8.3,29.2,956
10/1/2019 18:39,datasets/dataset_cropped/10_Metas/01/18/20191001183900_00160.jpg,datasets_flow/dataset_cropped/10_Metas/01/18/20191001183900_00160.jpg,datasets_cloudmask/dataset_cropped/10_Metas/01/18/20191001183900_00160.png,7.8,10.2,7.2,29.1,956
10/1/2019 18:40,datasets/dataset_cropped/10_Metas/01/18/20191001184000_00160.jpg,datasets_flow/dataset_cropped/10_Metas/01/18/20191001184000_00160.jpg,datasets_cloudmask/dataset_cropped/10_Metas/01/18/20191001184000_00160.png,7.1,12.2,6.5,29.1,956
10/1/2019 18:41,datasets/dataset_cropped/10_Metas/01/18/20191001184100_00160.jpg,datasets_flow/dataset_cropped/10_Metas/01/18/20191001184100_00160.jpg,datasets_cloudmask/dataset_cropped/10_Metas/01/18/20191001184100_00160.png,5.9,2.3,5.7,29.2,956
10/1/2019 18:42,datasets/dataset_cropped/10_Metas/01/18/20191001184200_00160.jpg,datasets_flow/dataset_cropped/10_Metas/01/18/20191001184200_00160.jpg,datasets_cloudmask/dataset_cropped/10_Metas/01/18/20191001184200_00160.png,5,0.1,4.8,29.2,956
10/1/2019 18:43,datasets/dataset_cropped/10_Metas/01/18/20191001184300_00160.jpg,datasets_flow/dataset_cropped/10_Metas/01/18/20191001184300_00160.jpg,datasets_cloudmask/dataset_cropped/10_Metas/01/18/20191001184300_00160.png,4.3,0,4.1,29.1,956
10/1/2019 18:44,datasets/dataset_cropped/10_Metas/01/18/20191001184400_00160.jpg,datasets_flow/dataset_cropped/10_Metas/01/18/20191001184400_00160.jpg,datasets_cloudmask/dataset_cropped/10_Metas/01/18/20191001184400_00160.png,3.6,0,3.4,29,957
10/1/2019 18:45,datasets/dataset_cropped/10_Metas/01/18/20191001184500_00160.jpg,datasets_flow/dataset_cropped/10_Metas/01/18/20191001184500_00160.jpg,datasets_cloudmask/dataset_cropped/10_Metas/01/18/20191001184500_00160.png,3,0,2.8,29,956
10/1/2019 18:46,datasets/dataset_cropped/10_Metas/01/18/20191001184600_00160.jpg,datasets_flow/dataset_cropped/10_Metas/01/18/20191001184600_00160.jpg,datasets_cloudmask/dataset_cropped/10_Metas/01/18/20191001184600_00160.png,2.4,0,2.3,29,956
10/1/2019 18:47,datasets/dataset_cropped/10_Metas/01/18/20191001184700_00160.jpg,datasets_flow/dataset_cropped/10_Metas/01/18/20191001184700_00160.jpg,datasets_cloudmask/dataset_cropped/10_Metas/01/18/20191001184700_00160.png,2,0,1.9,28.9,957
10/1/2019 18:48,datasets/dataset_cropped/10_Metas/01/18/20191001184800_00160.jpg,datasets_flow/dataset_cropped/10_Metas/01/18/20191001184800_00160.jpg,datasets_cloudmask/dataset_cropped/10_Metas/01/18/20191001184800_00160.png,1.4,0,1.2,28.9,956
10/1/2019 18:49,datasets/dataset_cropped/10_Metas/01/18/20191001184900_00160.jpg,datasets_flow/dataset_cropped/10_Metas/01/18/20191001184900_00160.jpg,datasets_cloudmask/dataset_cropped/10_Metas/01/18/20191001184900_00160.png,0.9,0,0.7,28.7,956
10/1/2019 18:50,datasets/dataset_cropped/10_Metas/01/18/20191001185000_00160.jpg,datasets_flow/dataset_cropped/10_Metas/01/18/20191001185000_00160.jpg,datasets_cloudmask/dataset_cropped/10_Metas/01/18/20191001185000_00160.png,0.5,0,0.3,28.7,956
10/1/2019 18:51,datasets/dataset_cropped/10_Metas/01/18/20191001185100_00160.jpg,datasets_flow/dataset_cropped/10_Metas/01/18/20191001185100_00160.jpg,datasets_cloudmask/dataset_cropped/10_Metas/01/18/20191001185100_00160.png,0.5,0,0.3,28.7,956
10/2/2019 7:07,datasets/dataset_cropped/10_Metas/02/07/20191002070700_00160.jpg,datasets_flow/dataset_cropped/10_Metas/02/07/20191002070700_00160.jpg,datasets_cloudmask/dataset_cropped/10_Metas/02/07/20191002070700_00160.png,6.5,0.9,6.9,17.7,959
10/2/2019 7:08,datasets/dataset_cropped/10_Metas/02/07/20191002070800_00160.jpg,datasets_flow/dataset_cropped/10_Metas/02/07/20191002070800_00160.jpg,datasets_cloudmask/dataset_cropped/10_Metas/02/07/20191002070800_00160.png,6.9,1.4,7.3,17.8,958
10/2/2019 7:09,datasets/dataset_cropped/10_Metas/02/07/20191002070900_00160.jpg,datasets_flow/dataset_cropped/10_Metas/02/07/20191002070900_00160.jpg,datasets_cloudmask/dataset_cropped/10_Metas/02/07/20191002070900_00160.png,7.6,2,7.8,17.8,958
10/2/2019 7:10,datasets/dataset_cropped/10_Metas/02/07/20191002071000_00160.jpg,datasets_flow/dataset_cropped/10_Metas/02/07/20191002071000_00160.jpg,datasets_cloudmask/dataset_cropped/10_Metas/02/07/20191002071000_00160.png,8.5,11.5,8.6,17.8,959
10/2/2019 7:11,datasets/dataset_cropped/10_Metas/02/07/20191002071100_00160.jpg,datasets_flow/dataset_cropped/10_Metas/02/07/20191002071100_00160.jpg,datasets_cloudmask/dataset_cropped/10_Metas/02/07/20191002071100_00160.png,9.8,36.5,9.5,18.1,958
10/2/2019 7:12,datasets/dataset_cropped/10_Metas/02/07/20191002071200_00160.jpg,datasets_flow/dataset_cropped/10_Metas/02/07/20191002071200_00160.jpg,datasets_cloudmask/dataset_cropped/10_Metas/02/07/20191002071200_00160.png,11.7,62.2,10.8,18.1,959
10/2/2019 7:13,datasets/dataset_cropped/10_Metas/02/07/20191002071300_00160.jpg,datasets_flow/dataset_cropped/10_Metas/02/07/20191002071300_00160.jpg,datasets_cloudmask/dataset_cropped/10_Metas/02/07/20191002071300_00160.png,13.9,82.8,12.2,18.1,959
10/2/2019 7:14,datasets/dataset_cropped/10_Metas/02/07/20191002071400_00160.jpg,datasets_flow/dataset_cropped/10_Metas/02/07/20191002071400_00160.jpg,datasets_cloudmask/dataset_cropped/10_Metas/02/07/20191002071400_00160.png,16.2,102.9,13.8,18.1,959
10/2/2019 7:15,datasets/dataset_cropped/10_Metas/02/07/20191002071500_00160.jpg,datasets_flow/dataset_cropped/10_Metas/02/07/20191002071500_00160.jpg,datasets_cloudmask/dataset_cropped/10_Metas/02/07/20191002071500_00160.png,18.8,124.8,15.3,18,959
10/2/2019 7:16,datasets/dataset_cropped/10_Metas/02/07/20191002071600_00160.jpg,datasets_flow/dataset_cropped/10_Metas/02/07/20191002071600_00160.jpg,datasets_cloudmask/dataset_cropped/10_Metas/02/07/20191002071600_00160.png,21.2,143.4,17,18,959
10/2/2019 7:17,datasets/dataset_cropped/10_Metas/02/07/20191002071700_00160.jpg,datasets_flow/dataset_cropped/10_Metas/02/07/20191002071700_00160.jpg,datasets_cloudmask/dataset_cropped/10_Metas/02/07/20191002071700_00160.png,23.5,155.8,18.6,18,959
10/2/2019 7:18,datasets/dataset_cropped/10_Metas/02/07/20191002071800_00160.jpg,datasets_flow/dataset_cropped/10_Metas/02/07/20191002071800_00160.jpg,datasets_cloudmask/dataset_cropped/10_Metas/02/07/20191002071800_00160.png,25.4,158.6,19.7,18,959
10/2/2019 7:19,datasets/dataset_cropped/10_Metas/02/07/20191002071900_00160.jpg,datasets_flow/dataset_cropped/10_Metas/02/07/20191002071900_00160.jpg,datasets_cloudmask/dataset_cropped/10_Metas/02/07/20191002071900_00160.png,26.9,148.6,21,18,959
10/2/2019 7:20,datasets/dataset_cropped/10_Metas/02/07/20191002072000_00160.jpg,datasets_flow/dataset_cropped/10_Metas/02/07/20191002072000_00160.jpg,datasets_cloudmask/dataset_cropped/10_Metas/02/07/20191002072000_00160.png,30,176.8,22.4,18,959
10/2/2019 7:21,datasets/dataset_cropped/10_Metas/02/07/20191002072100_00160.jpg,datasets_flow/dataset_cropped/10_Metas/02/07/20191002072100_00160.jpg,datasets_cloudmask/dataset_cropped/10_Metas/02/07/20191002072100_00160.png,33.7,215.4,23.9,18,959
10/2/2019 7:22,datasets/dataset_cropped/10_Metas/02/07/20191002072200_00160.jpg,datasets_flow/dataset_cropped/10_Metas/02/07/20191002072200_00160.jpg,datasets_cloudmask/dataset_cropped/10_Metas/02/07/20191002072200_00160.png,36.6,228,25.4,18,959
10/2/2019 7:23,datasets/dataset_cropped/10_Metas/02/07/20191002072300_00160.jpg,datasets_flow/dataset_cropped/10_Metas/02/07/20191002072300_00160.jpg,datasets_cloudmask/dataset_cropped/10_Metas/02/07/20191002072300_00160.png,39.8,239.3,27.2,17.9,959
10/2/2019 7:24,datasets/dataset_cropped/10_Metas/02/07/20191002072400_00160.jpg,datasets_flow/dataset_cropped/10_Metas/02/07/20191002072400_00160.jpg,datasets_cloudmask/dataset_cropped/10_Metas/02/07/20191002072400_00160.png,43.2,252.3,29.3,17.9,959
10/2/2019 7:25,datasets/dataset_cropped/10_Metas/02/07/20191002072500_00160.jpg,datasets_flow/dataset_cropped/10_Metas/02/07/20191002072500_00160.jpg,datasets_cloudmask/dataset_cropped/10_Metas/02/07/20191002072500_00160.png,46.4,264.2,31.1,17.9,959
10/2/2019 7:26,datasets/dataset_cropped/10_Metas/02/07/20191002072600_00160.jpg,datasets_flow/dataset_cropped/10_Metas/02/07/20191002072600_00160.jpg,datasets_cloudmask/dataset_cropped/10_Metas/02/07/20191002072600_00160.png,50,277.4,33.2,18.1,959
10/2/2019 7:27,datasets/dataset_cropped/10_Metas/02/07/20191002072700_00160.jpg,datasets_flow/dataset_cropped/10_Metas/02/07/20191002072700_00160.jpg,datasets_cloudmask/dataset_cropped/10_Metas/02/07/20191002072700_00160.png,53.8,292.8,35.1,18.2,959
10/2/2019 7:28,datasets/dataset_cropped/10_Metas/02/07/20191002072800_00160.jpg,datasets_flow/dataset_cropped/10_Metas/02/07/20191002072800_00160.jpg,datasets_cloudmask/dataset_cropped/10_Metas/02/07/20191002072800_00160.png,56.6,296.3,36.7,18.4,959
10/2/2019 7:29,datasets/dataset_cropped/10_Metas/02/07/20191002072900_00160.jpg,datasets_flow/dataset_cropped/10_Metas/02/07/20191002072900_00160.jpg,datasets_cloudmask/dataset_cropped/10_Metas/02/07/20191002072900_00160.png,60.4,310.2,38.5,18.6,959
10/2/2019 7:30,datasets/dataset_cropped/10_Metas/02/07/20191002073000_00160.jpg,datasets_flow/dataset_cropped/10_Metas/02/07/20191002073000_00160.jpg,datasets_cloudmask/dataset_cropped/10_Metas/02/07/20191002073000_00160.png,64.4,327,40.4,18.8,959
10/2/2019 7:31,datasets/dataset_cropped/10_Metas/02/07/20191002073100_00160.jpg,datasets_flow/dataset_cropped/10_Metas/02/07/20191002073100_00160.jpg,datasets_cloudmask/dataset_cropped/10_Metas/02/07/20191002073100_00160.png,68.2,339.9,42.2,18.9,959
10/2/2019 7:32,datasets/dataset_cropped/10_Metas/02/07/20191002073200_00160.jpg,datasets_flow/dataset_cropped/10_Metas/02/07/20191002073200_00160.jpg,datasets_cloudmask/dataset_cropped/10_Metas/02/07/20191002073200_00160.png,72.1,353.5,44,18.9,959
10/2/2019 7:33,datasets/dataset_cropped/10_Metas/02/07/20191002073300_00160.jpg,datasets_flow/dataset_cropped/10_Metas/02/07/20191002073300_00160.jpg,datasets_cloudmask/dataset_cropped/10_Metas/02/07/20191002073300_00160.png,75.8,366.4,45.5,19,959
10/2/2019 7:34,datasets/dataset_cropped/10_Metas/02/07/20191002073400_00160.jpg,datasets_flow/dataset_cropped/10_Metas/02/07/20191002073400_00160.jpg,datasets_cloudmask/dataset_cropped/10_Metas/02/07/20191002073400_00160.png,77.5,358.2,46.7,19.1,959
10/2/2019 7:35,datasets/dataset_cropped/10_Metas/02/07/20191002073500_00160.jpg,datasets_flow/dataset_cropped/10_Metas/02/07/20191002073500_00160.jpg,datasets_cloudmask/dataset_cropped/10_Metas/02/07/20191002073500_00160.png,77.2,327.2,47.8,19.1,959
10/2/2019 7:36,datasets/dataset_cropped/10_Metas/02/07/20191002073600_00160.jpg,datasets_flow/dataset_cropped/10_Metas/02/07/20191002073600_00160.jpg,datasets_cloudmask/dataset_cropped/10_Metas/02/07/20191002073600_00160.png,79.6,324.2,49.4,19.1,959
10/2/2019 7:37,datasets/dataset_cropped/10_Metas/02/07/20191002073700_00160.jpg,datasets_flow/dataset_cropped/10_Metas/02/07/20191002073700_00160.jpg,datasets_cloudmask/dataset_cropped/10_Metas/02/07/20191002073700_00160.png,84.5,347.2,51,19.1,959
10/2/2019 7:38,datasets/dataset_cropped/10_Metas/02/07/20191002073800_00160.jpg,datasets_flow/dataset_cropped/10_Metas/02/07/20191002073800_00160.jpg,datasets_cloudmask/dataset_cropped/10_Metas/02/07/20191002073800_00160.png,89.3,366.3,52.8,19,959
10/2/2019 7:39,datasets/dataset_cropped/10_Metas/02/07/20191002073900_00160.jpg,datasets_flow/dataset_cropped/10_Metas/02/07/20191002073900_00160.jpg,datasets_cloudmask/dataset_cropped/10_Metas/02/07/20191002073900_00160.png,86.4,313.6,54.2,19,959
10/2/2019 7:40,datasets/dataset_cropped/10_Metas/02/07/20191002074000_00160.jpg,datasets_flow/dataset_cropped/10_Metas/02/07/20191002074000_00160.jpg,datasets_cloudmask/dataset_cropped/10_Metas/02/07/20191002074000_00160.png,88,299.2,56.2,19,959
10/2/2019 7:41,datasets/dataset_cropped/10_Metas/02/07/20191002074100_00160.jpg,datasets_flow/dataset_cropped/10_Metas/02/07/20191002074100_00160.jpg,datasets_cloudmask/dataset_cropped/10_Metas/02/07/20191002074100_00160.png,99.4,373.1,58.3,19,959
10/2/2019 7:42,datasets/dataset_cropped/10_Metas/02/07/20191002074200_00160.jpg,datasets_flow/dataset_cropped/10_Metas/02/07/20191002074200_00160.jpg,datasets_cloudmask/dataset_cropped/10_Metas/02/07/20191002074200_00160.png,110.8,442.3,60.6,19,959
10/2/2019 7:43,datasets/dataset_cropped/10_Metas/02/07/20191002074300_00160.jpg,datasets_flow/dataset_cropped/10_Metas/02/07/20191002074300_00160.jpg,datasets_cloudmask/dataset_cropped/10_Metas/02/07/20191002074300_00160.png,117.1,463.7,62.8,19.1,959
10/2/2019 7:44,datasets/dataset_cropped/10_Metas/02/07/20191002074400_00160.jpg,datasets_flow/dataset_cropped/10_Metas/02/07/20191002074400_00160.jpg,datasets_cloudmask/dataset_cropped/10_Metas/02/07/20191002074400_00160.png,121,466.7,64.8,19.2,959
10/2/2019 7:45,datasets/dataset_cropped/10_Metas/02/07/20191002074500_00160.jpg,datasets_flow/dataset_cropped/10_Metas/02/07/20191002074500_00160.jpg,datasets_cloudmask/dataset_cropped/10_Metas/02/07/20191002074500_00160.png,119.2,425.4,66.5,19.2,959
10/2/2019 7:46,datasets/dataset_cropped/10_Metas/02/07/20191002074600_00160.jpg,datasets_flow/dataset_cropped/10_Metas/02/07/20191002074600_00160.jpg,datasets_cloudmask/dataset_cropped/10_Metas/02/07/20191002074600_00160.png,121.5,417.5,68.3,19.3,959
10/2/2019 7:47,datasets/dataset_cropped/10_Metas/02/07/20191002074700_00160.jpg,datasets_flow/dataset_cropped/10_Metas/02/07/20191002074700_00160.jpg,datasets_cloudmask/dataset_cropped/10_Metas/02/07/20191002074700_00160.png,126.2,428.1,70.2,19.4,959
10/2/2019 7:48,datasets/dataset_cropped/10_Metas/02/07/20191002074800_00160.jpg,datasets_flow/dataset_cropped/10_Metas/02/07/20191002074800_00160.jpg,datasets_cloudmask/dataset_cropped/10_Metas/02/07/20191002074800_00160.png,133.4,460.4,71.8,19.4,959
10/2/2019 7:49,datasets/dataset_cropped/10_Metas/02/07/20191002074900_00160.jpg,datasets_flow/dataset_cropped/10_Metas/02/07/20191002074900_00160.jpg,datasets_cloudmask/dataset_cropped/10_Metas/02/07/20191002074900_00160.png,130.3,419.5,72.8,19.5,959
10/2/2019 7:50,datasets/dataset_cropped/10_Metas/02/07/20191002075000_00160.jpg,datasets_flow/dataset_cropped/10_Metas/02/07/20191002075000_00160.jpg,datasets_cloudmask/dataset_cropped/10_Metas/02/07/20191002075000_00160.png,121.1,339.8,73.4,19.6,959
10/2/2019 7:51,datasets/dataset_cropped/10_Metas/02/07/20191002075100_00160.jpg,datasets_flow/dataset_cropped/10_Metas/02/07/20191002075100_00160.jpg,datasets_cloudmask/dataset_cropped/10_Metas/02/07/20191002075100_00160.png,110.8,255,74.2,19.6,959
10/2/2019 7:52,datasets/dataset_cropped/10_Metas/02/07/20191002075200_00160.jpg,datasets_flow/dataset_cropped/10_Metas/02/07/20191002075200_00160.jpg,datasets_cloudmask/dataset_cropped/10_Metas/02/07/20191002075200_00160.png,112.1,250.7,75.3,19.6,959
10/2/2019 7:53,datasets/dataset_cropped/10_Metas/02/07/20191002075300_00160.jpg,datasets_flow/dataset_cropped/10_Metas/02/07/20191002075300_00160.jpg,datasets_cloudmask/dataset_cropped/10_Metas/02/07/20191002075300_00160.png,119.8,289.7,76.3,19.6,959
10/2/2019 7:54,datasets/dataset_cropped/10_Metas/02/07/20191002075400_00160.jpg,datasets_flow/dataset_cropped/10_Metas/02/07/20191002075400_00160.jpg,datasets_cloudmask/dataset_cropped/10_Metas/02/07/20191002075400_00160.png,117.8,266.2,77,19.6,959
10/2/2019 7:55,datasets/dataset_cropped/10_Metas/02/07/20191002075500_00160.jpg,datasets_flow/dataset_cropped/10_Metas/02/07/20191002075500_00160.jpg,datasets_cloudmask/dataset_cropped/10_Metas/02/07/20191002075500_00160.png,110,207.6,77.5,19.7,959
10/2/2019 7:56,datasets/dataset_cropped/10_Metas/02/07/20191002075600_00160.jpg,datasets_flow/dataset_cropped/10_Metas/02/07/20191002075600_00160.jpg,datasets_cloudmask/dataset_cropped/10_Metas/02/07/20191002075600_00160.png,105.5,171.7,78,19.8,959
10/2/2019 7:57,datasets/dataset_cropped/10_Metas/02/07/20191002075700_00160.jpg,datasets_flow/dataset_cropped/10_Metas/02/07/20191002075700_00160.jpg,datasets_cloudmask/dataset_cropped/10_Metas/02/07/20191002075700_00160.png,104.5,158,78.6,19.8,959
10/2/2019 7:58,datasets/dataset_cropped/10_Metas/02/07/20191002075800_00160.jpg,datasets_flow/dataset_cropped/10_Metas/02/07/20191002075800_00160.jpg,datasets_cloudmask/dataset_cropped/10_Metas/02/07/20191002075800_00160.png,107.7,171.7,79.1,19.6,959
10/2/2019 7:59,datasets/dataset_cropped/10_Metas/02/07/20191002075900_00160.jpg,datasets_flow/dataset_cropped/10_Metas/02/07/20191002075900_00160.jpg,datasets_cloudmask/dataset_cropped/10_Metas/02/07/20191002075900_00160.png,104.6,148.5,79.4,19.6,959
10/2/2019 8:00,datasets/dataset_cropped/10_Metas/02/08/20191002080000_00160.jpg,datasets_flow/dataset_cropped/10_Metas/02/08/20191002080000_00160.jpg,datasets_cloudmask/dataset_cropped/10_Metas/02/08/20191002080000_00160.png,102.7,134.2,79.5,19.6,959
10/2/2019 8:01,datasets/dataset_cropped/10_Metas/02/08/20191002080100_00160.jpg,datasets_flow/dataset_cropped/10_Metas/02/08/20191002080100_00160.jpg,datasets_cloudmask/dataset_cropped/10_Metas/02/08/20191002080100_00160.png,103.9,138.4,79.4,19.5,959
10/2/2019 8:02,datasets/dataset_cropped/10_Metas/02/08/20191002080200_00160.jpg,datasets_flow/dataset_cropped/10_Metas/02/08/20191002080200_00160.jpg,datasets_cloudmask/dataset_cropped/10_Metas/02/08/20191002080200_00160.png,103.3,133.1,79.3,19.4,959
10/2/2019 8:03,datasets/dataset_cropped/10_Metas/02/08/20191002080300_00160.jpg,datasets_flow/dataset_cropped/10_Metas/02/08/20191002080300_00160.jpg,datasets_cloudmask/dataset_cropped/10_Metas/02/08/20191002080300_00160.png,106.1,146.2,79.1,19.3,959
10/2/2019 8:04,datasets/dataset_cropped/10_Metas/02/08/20191002080400_00160.jpg,datasets_flow/dataset_cropped/10_Metas/02/08/20191002080400_00160.jpg,datasets_cloudmask/dataset_cropped/10_Metas/02/08/20191002080400_00160.png,97.3,99.9,78.6,19.2,959
10/2/2019 8:05,datasets/dataset_cropped/10_Metas/02/08/20191002080500_00160.jpg,datasets_flow/dataset_cropped/10_Metas/02/08/20191002080500_00160.jpg,datasets_cloudmask/dataset_cropped/10_Metas/02/08/20191002080500_00160.png,100.2,113,78.5,19.2,959
10/2/2019 8:06,datasets/dataset_cropped/10_Metas/02/08/20191002080600_00160.jpg,datasets_flow/dataset_cropped/10_Metas/02/08/20191002080600_00160.jpg,datasets_cloudmask/dataset_cropped/10_Metas/02/08/20191002080600_00160.png,96.5,92.4,78.3,19.1,959
10/2/2019 8:07,datasets/dataset_cropped/10_Metas/02/08/20191002080700_00160.jpg,datasets_flow/dataset_cropped/10_Metas/02/08/20191002080700_00160.jpg,datasets_cloudmask/dataset_cropped/10_Metas/02/08/20191002080700_00160.png,97.3,93.8,78.5,19.1,959
10/2/2019 8:08,datasets/dataset_cropped/10_Metas/02/08/20191002080800_00160.jpg,datasets_flow/dataset_cropped/10_Metas/02/08/20191002080800_00160.jpg,datasets_cloudmask/dataset_cropped/10_Metas/02/08/20191002080800_00160.png,113.7,171.4,79,19.1,959
10/2/2019 8:09,datasets/dataset_cropped/10_Metas/02/08/20191002080900_00160.jpg,datasets_flow/dataset_cropped/10_Metas/02/08/20191002080900_00160.jpg,datasets_cloudmask/dataset_cropped/10_Metas/02/08/20191002080900_00160.png,115.9,179.4,79.1,19.1,959
10/2/2019 8:10,datasets/dataset_cropped/10_Metas/02/08/20191002081000_00160.jpg,datasets_flow/dataset_cropped/10_Metas/02/08/20191002081000_00160.jpg,datasets_cloudmask/dataset_cropped/10_Metas/02/08/20191002081000_00160.png,112.4,160.5,79,18.9,959
10/2/2019 8:11,datasets/dataset_cropped/10_Metas/02/08/20191002081100_00160.jpg,datasets_flow/dataset_cropped/10_Metas/02/08/20191002081100_00160.jpg,datasets_cloudmask/dataset_cropped/10_Metas/02/08/20191002081100_00160.png,113.7,163.8,79,18.6,959
10/2/2019 8:12,datasets/dataset_cropped/10_Metas/02/08/20191002081200_00160.jpg,datasets_flow/dataset_cropped/10_Metas/02/08/20191002081200_00160.jpg,datasets_cloudmask/dataset_cropped/10_Metas/02/08/20191002081200_00160.png,116.8,175.8,79,18.5,959
10/2/2019 8:13,datasets/dataset_cropped/10_Metas/02/08/20191002081300_00160.jpg,datasets_flow/dataset_cropped/10_Metas/02/08/20191002081300_00160.jpg,datasets_cloudmask/dataset_cropped/10_Metas/02/08/20191002081300_00160.png,119.9,186.7,79.2,18.5,959
10/2/2019 8:14,datasets/dataset_cropped/10_Metas/02/08/20191002081400_00160.jpg,datasets_flow/dataset_cropped/10_Metas/02/08/20191002081400_00160.jpg,datasets_cloudmask/dataset_cropped/10_Metas/02/08/20191002081400_00160.png,121.7,190.3,79.6,18.5,959
10/2/2019 8:15,datasets/dataset_cropped/10_Metas/02/08/20191002081500_00160.jpg,datasets_flow/dataset_cropped/10_Metas/02/08/20191002081500_00160.jpg,datasets_cloudmask/dataset_cropped/10_Metas/02/08/20191002081500_00160.png,129.8,220.7,80.3,18.6,959
10/2/2019 8:16,datasets/dataset_cropped/10_Metas/02/08/20191002081600_00160.jpg,datasets_flow/dataset_cropped/10_Metas/02/08/20191002081600_00160.jpg,datasets_cloudmask/dataset_cropped/10_Metas/02/08/20191002081600_00160.png,122.7,184.1,80.9,18.5,959
10/2/2019 8:17,datasets/dataset_cropped/10_Metas/02/08/20191002081700_00160.jpg,datasets_flow/dataset_cropped/10_Metas/02/08/20191002081700_00160.jpg,datasets_cloudmask/dataset_cropped/10_Metas/02/08/20191002081700_00160.png,128,200.4,81.8,18.5,959
10/2/2019 8:18,datasets/dataset_cropped/10_Metas/02/08/20191002081800_00160.jpg,datasets_flow/dataset_cropped/10_Metas/02/08/20191002081800_00160.jpg,datasets_cloudmask/dataset_cropped/10_Metas/02/08/20191002081800_00160.png,132,210.4,82.8,18.4,959
10/2/2019 8:19,datasets/dataset_cropped/10_Metas/02/08/20191002081900_00160.jpg,datasets_flow/dataset_cropped/10_Metas/02/08/20191002081900_00160.jpg,datasets_cloudmask/dataset_cropped/10_Metas/02/08/20191002081900_00160.png,140.6,240.2,83.7,18.3,959
10/2/2019 8:20,datasets/dataset_cropped/10_Metas/02/08/20191002082000_00160.jpg,datasets_flow/dataset_cropped/10_Metas/02/08/20191002082000_00160.jpg,datasets_cloudmask/dataset_cropped/10_Metas/02/08/20191002082000_00160.png,132.8,201.9,84.4,18.3,959
10/2/2019 8:21,datasets/dataset_cropped/10_Metas/02/08/20191002082100_00160.jpg,datasets_flow/dataset_cropped/10_Metas/02/08/20191002082100_00160.jpg,datasets_cloudmask/dataset_cropped/10_Metas/02/08/20191002082100_00160.png,139.1,219.8,85.6,18.4,959
10/2/2019 8:22,datasets/dataset_cropped/10_Metas/02/08/20191002082200_00160.jpg,datasets_flow/dataset_cropped/10_Metas/02/08/20191002082200_00160.jpg,datasets_cloudmask/dataset_cropped/10_Metas/02/08/20191002082200_00160.png,148.7,250.9,86.8,18.3,959
10/2/2019 8:23,datasets/dataset_cropped/10_Metas/02/08/20191002082300_00160.jpg,datasets_flow/dataset_cropped/10_Metas/02/08/20191002082300_00160.jpg,datasets_cloudmask/dataset_cropped/10_Metas/02/08/20191002082300_00160.png,157.4,278.1,88,18.3,959
10/2/2019 8:24,datasets/dataset_cropped/10_Metas/02/08/20191002082400_00160.jpg,datasets_flow/dataset_cropped/10_Metas/02/08/20191002082400_00160.jpg,datasets_cloudmask/dataset_cropped/10_Metas/02/08/20191002082400_00160.png,159.2,278.7,88.8,18.4,959
10/2/2019 8:25,datasets/dataset_cropped/10_Metas/02/08/20191002082500_00160.jpg,datasets_flow/dataset_cropped/10_Metas/02/08/20191002082500_00160.jpg,datasets_cloudmask/dataset_cropped/10_Metas/02/08/20191002082500_00160.png,158.5,268.9,89.7,18.4,959
10/2/2019 8:26,datasets/dataset_cropped/10_Metas/02/08/20191002082600_00160.jpg,datasets_flow/dataset_cropped/10_Metas/02/08/20191002082600_00160.jpg,datasets_cloudmask/dataset_cropped/10_Metas/02/08/20191002082600_00160.png,162,275.9,90.6,18.4,959
10/2/2019 8:27,datasets/dataset_cropped/10_Metas/02/08/20191002082700_00160.jpg,datasets_flow/dataset_cropped/10_Metas/02/08/20191002082700_00160.jpg,datasets_cloudmask/dataset_cropped/10_Metas/02/08/20191002082700_00160.png,161.6,267.6,91.5,18.4,959
10/2/2019 8:28,datasets/dataset_cropped/10_Metas/02/08/20191002082800_00160.jpg,datasets_flow/dataset_cropped/10_Metas/02/08/20191002082800_00160.jpg,datasets_cloudmask/dataset_cropped/10_Metas/02/08/20191002082800_00160.png,181.2,334.1,92.7,18.4,959
10/2/2019 8:29,datasets/dataset_cropped/10_Metas/02/08/20191002082900_00160.jpg,datasets_flow/dataset_cropped/10_Metas/02/08/20191002082900_00160.jpg,datasets_cloudmask/dataset_cropped/10_Metas/02/08/20191002082900_00160.png,180.9,327.4,93.3,18.4,959
10/2/2019 8:30,datasets/dataset_cropped/10_Metas/02/08/20191002083000_00160.jpg,datasets_flow/dataset_cropped/10_Metas/02/08/20191002083000_00160.jpg,datasets_cloudmask/dataset_cropped/10_Metas/02/08/20191002083000_00160.png,167.2,272.5,93.5,18.6,959
10/2/2019 8:31,datasets/dataset_cropped/10_Metas/02/08/20191002083100_00160.jpg,datasets_flow/dataset_cropped/10_Metas/02/08/20191002083100_00160.jpg,datasets_cloudmask/dataset_cropped/10_Metas/02/08/20191002083100_00160.png,163.7,254.7,94,18.8,959
10/2/2019 8:32,datasets/dataset_cropped/10_Metas/02/08/20191002083200_00160.jpg,datasets_flow/dataset_cropped/10_Metas/02/08/20191002083200_00160.jpg,datasets_cloudmask/dataset_cropped/10_Metas/02/08/20191002083200_00160.png,164.9,254,94.5,19,959
10/2/2019 8:33,datasets/dataset_cropped/10_Metas/02/08/20191002083300_00160.jpg,datasets_flow/dataset_cropped/10_Metas/02/08/20191002083300_00160.jpg,datasets_cloudmask/dataset_cropped/10_Metas/02/08/20191002083300_00160.png,165.3,249.5,95.2,19.1,959
10/2/2019 8:34,datasets/dataset_cropped/10_Metas/02/08/20191002083400_00160.jpg,datasets_flow/dataset_cropped/10_Metas/02/08/20191002083400_00160.jpg,datasets_cloudmask/dataset_cropped/10_Metas/02/08/20191002083400_00160.png,168.1,253.9,95.9,19.2,959
10/2/2019 8:35,datasets/dataset_cropped/10_Metas/02/08/20191002083500_00160.jpg,datasets_flow/dataset_cropped/10_Metas/02/08/20191002083500_00160.jpg,datasets_cloudmask/dataset_cropped/10_Metas/02/08/20191002083500_00160.png,161.1,224.1,96.8,19.4,959
10/2/2019 8:36,datasets/dataset_cropped/10_Metas/02/08/20191002083600_00160.jpg,datasets_flow/dataset_cropped/10_Metas/02/08/20191002083600_00160.jpg,datasets_cloudmask/dataset_cropped/10_Metas/02/08/20191002083600_00160.png,168.2,239.8,98.6,19.5,959
10/2/2019 8:37,datasets/dataset_cropped/10_Metas/02/08/20191002083700_00160.jpg,datasets_flow/dataset_cropped/10_Metas/02/08/20191002083700_00160.jpg,datasets_cloudmask/dataset_cropped/10_Metas/02/08/20191002083700_00160.png,172.6,244.5,100.9,19.6,959
10/2/2019 8:38,datasets/dataset_cropped/10_Metas/02/08/20191002083800_00160.jpg,datasets_flow/dataset_cropped/10_Metas/02/08/20191002083800_00160.jpg,datasets_cloudmask/dataset_cropped/10_Metas/02/08/20191002083800_00160.png,186.3,276.7,104.2,19.6,959
10/2/2019 8:39,datasets/dataset_cropped/10_Metas/02/08/20191002083900_00160.jpg,datasets_flow/dataset_cropped/10_Metas/02/08/20191002083900_00160.jpg,datasets_cloudmask/dataset_cropped/10_Metas/02/08/20191002083900_00160.png,197,297.8,107.8,19.8,959
10/2/2019 8:40,datasets/dataset_cropped/10_Metas/02/08/20191002084000_00160.jpg,datasets_flow/dataset_cropped/10_Metas/02/08/20191002084000_00160.jpg,datasets_cloudmask/dataset_cropped/10_Metas/02/08/20191002084000_00160.png,211.1,327.8,111.9,19.9,959
10/2/2019 8:41,datasets/dataset_cropped/10_Metas/02/08/20191002084100_00160.jpg,datasets_flow/dataset_cropped/10_Metas/02/08/20191002084100_00160.jpg,datasets_cloudmask/dataset_cropped/10_Metas/02/08/20191002084100_00160.png,233.2,382.7,116.3,20,959
10/2/2019 8:42,datasets/dataset_cropped/10_Metas/02/08/20191002084200_00160.jpg,datasets_flow/dataset_cropped/10_Metas/02/08/20191002084200_00160.jpg,datasets_cloudmask/dataset_cropped/10_Metas/02/08/20191002084200_00160.png,244.2,406,119.2,20.1,959
10/2/2019 8:43,datasets/dataset_cropped/10_Metas/02/08/20191002084300_00160.jpg,datasets_flow/dataset_cropped/10_Metas/02/08/20191002084300_00160.jpg,datasets_cloudmask/dataset_cropped/10_Metas/02/08/20191002084300_00160.png,265.8,459.6,122.9,20.1,959
10/2/2019 8:44,datasets/dataset_cropped/10_Metas/02/08/20191002084400_00160.jpg,datasets_flow/dataset_cropped/10_Metas/02/08/20191002084400_00160.jpg,datasets_cloudmask/dataset_cropped/10_Metas/02/08/20191002084400_00160.png,317.6,612,125.6,20.1,959
10/2/2019 8:45,datasets/dataset_cropped/10_Metas/02/08/20191002084500_00160.jpg,datasets_flow/dataset_cropped/10_Metas/02/08/20191002084500_00160.jpg,datasets_cloudmask/dataset_cropped/10_Metas/02/08/20191002084500_00160.png,300.5,549.9,126.2,20.2,959
10/2/2019 8:46,datasets/dataset_cropped/10_Metas/02/08/20191002084600_00160.jpg,datasets_flow/dataset_cropped/10_Metas/02/08/20191002084600_00160.jpg,datasets_cloudmask/dataset_cropped/10_Metas/02/08/20191002084600_00160.png,310.1,574.1,126.6,20.5,959
10/2/2019 8:47,datasets/dataset_cropped/10_Metas/02/08/20191002084700_00160.jpg,datasets_flow/dataset_cropped/10_Metas/02/08/20191002084700_00160.jpg,datasets_cloudmask/dataset_cropped/10_Metas/02/08/20191002084700_00160.png,316.2,588.3,126.2,20.7,959
10/2/2019 8:48,datasets/dataset_cropped/10_Metas/02/08/20191002084800_00160.jpg,datasets_flow/dataset_cropped/10_Metas/02/08/20191002084800_00160.jpg,datasets_cloudmask/dataset_cropped/10_Metas/02/08/20191002084800_00160.png,267.9,438.4,125,20.8,959
10/2/2019 8:49,datasets/dataset_cropped/10_Metas/02/08/20191002084900_00160.jpg,datasets_flow/dataset_cropped/10_Metas/02/08/20191002084900_00160.jpg,datasets_cloudmask/dataset_cropped/10_Metas/02/08/20191002084900_00160.png,318.3,589.7,124.1,21,959
10/2/2019 8:50,datasets/dataset_cropped/10_Metas/02/08/20191002085000_00160.jpg,datasets_flow/dataset_cropped/10_Metas/02/08/20191002085000_00160.jpg,datasets_cloudmask/dataset_cropped/10_Metas/02/08/20191002085000_00160.png,249.6,384.3,122,21.1,959
10/2/2019 8:51,datasets/dataset_cropped/10_Metas/02/08/20191002085100_00160.jpg,datasets_flow/dataset_cropped/10_Metas/02/08/20191002085100_00160.jpg,datasets_cloudmask/dataset_cropped/10_Metas/02/08/20191002085100_00160.png,254.2,396.5,121.5,21.2,959
10/2/2019 8:52,datasets/dataset_cropped/10_Metas/02/08/20191002085200_00160.jpg,datasets_flow/dataset_cropped/10_Metas/02/08/20191002085200_00160.jpg,datasets_cloudmask/dataset_cropped/10_Metas/02/08/20191002085200_00160.png,253.3,389.3,121.8,21.2,959
10/2/2019 8:53,datasets/dataset_cropped/10_Metas/02/08/20191002085300_00160.jpg,datasets_flow/dataset_cropped/10_Metas/02/08/20191002085300_00160.jpg,datasets_cloudmask/dataset_cropped/10_Metas/02/08/20191002085300_00160.png,295.9,507.6,122.7,21.3,959
10/2/2019 8:54,datasets/dataset_cropped/10_Metas/02/08/20191002085400_00160.jpg,datasets_flow/dataset_cropped/10_Metas/02/08/20191002085400_00160.jpg,datasets_cloudmask/dataset_cropped/10_Metas/02/08/20191002085400_00160.png,316.3,561.2,122.8,21.3,959
10/2/2019 8:55,datasets/dataset_cropped/10_Metas/02/08/20191002085500_00160.jpg,datasets_flow/dataset_cropped/10_Metas/02/08/20191002085500_00160.jpg,datasets_cloudmask/dataset_cropped/10_Metas/02/08/20191002085500_00160.png,268.9,422.9,122.1,21.4,959
10/2/2019 8:56,datasets/dataset_cropped/10_Metas/02/08/20191002085600_00160.jpg,datasets_flow/dataset_cropped/10_Metas/02/08/20191002085600_00160.jpg,datasets_cloudmask/dataset_cropped/10_Metas/02/08/20191002085600_00160.png,335.1,605.7,122.6,21.5,959
10/2/2019 8:57,datasets/dataset_cropped/10_Metas/02/08/20191002085700_00160.jpg,datasets_flow/dataset_cropped/10_Metas/02/08/20191002085700_00160.jpg,datasets_cloudmask/dataset_cropped/10_Metas/02/08/20191002085700_00160.png,316.9,551.8,121.8,21.6,959
10/2/2019 8:58,datasets/dataset_cropped/10_Metas/02/08/20191002085800_00160.jpg,datasets_flow/dataset_cropped/10_Metas/02/08/20191002085800_00160.jpg,datasets_cloudmask/dataset_cropped/10_Metas/02/08/20191002085800_00160.png,361,669.4,121.6,21.8,959
10/2/2019 8:59,datasets/dataset_cropped/10_Metas/02/08/20191002085900_00160.jpg,datasets_flow/dataset_cropped/10_Metas/02/08/20191002085900_00160.jpg,datasets_cloudmask/dataset_cropped/10_Metas/02/08/20191002085900_00160.png,317.9,550.9,119.2,21.9,959
10/2/2019 9:00,datasets/dataset_cropped/10_Metas/02/09/20191002090000_00160.jpg,datasets_flow/dataset_cropped/10_Metas/02/09/20191002090000_00160.jpg,datasets_cloudmask/dataset_cropped/10_Metas/02/09/20191002090000_00160.png,271.8,424.4,117.7,22,959
10/2/2019 9:01,datasets/dataset_cropped/10_Metas/02/09/20191002090100_00160.jpg,datasets_flow/dataset_cropped/10_Metas/02/09/20191002090100_00160.jpg,datasets_cloudmask/dataset_cropped/10_Metas/02/09/20191002090100_00160.png,309.9,525.3,117.8,22.1,959
10/2/2019 9:02,datasets/dataset_cropped/10_Metas/02/09/20191002090200_00160.jpg,datasets_flow/dataset_cropped/10_Metas/02/09/20191002090200_00160.jpg,datasets_cloudmask/dataset_cropped/10_Metas/02/09/20191002090200_00160.png,395.3,749.6,119.1,22.1,959
10/2/2019 9:03,datasets/dataset_cropped/10_Metas/02/09/20191002090300_00160.jpg,datasets_flow/dataset_cropped/10_Metas/02/09/20191002090300_00160.jpg,datasets_cloudmask/dataset_cropped/10_Metas/02/09/20191002090300_00160.png,412.5,789,119.4,22.2,959
10/2/2019 9:04,datasets/dataset_cropped/10_Metas/02/09/20191002090400_00160.jpg,datasets_flow/dataset_cropped/10_Metas/02/09/20191002090400_00160.jpg,datasets_cloudmask/dataset_cropped/10_Metas/02/09/20191002090400_00160.png,397.6,742.9,119.3,22.4,959
10/2/2019 9:05,datasets/dataset_cropped/10_Metas/02/09/20191002090500_00160.jpg,datasets_flow/dataset_cropped/10_Metas/02/09/20191002090500_00160.jpg,datasets_cloudmask/dataset_cropped/10_Metas/02/09/20191002090500_00160.png,385,701.9,119.9,22.7,960
10/2/2019 9:06,datasets/dataset_cropped/10_Metas/02/09/20191002090600_00160.jpg,datasets_flow/dataset_cropped/10_Metas/02/09/20191002090600_00160.jpg,datasets_cloudmask/dataset_cropped/10_Metas/02/09/20191002090600_00160.png,404.6,744.5,121.2,22.9,959
10/2/2019 9:07,datasets/dataset_cropped/10_Metas/02/09/20191002090700_00160.jpg,datasets_flow/dataset_cropped/10_Metas/02/09/20191002090700_00160.jpg,datasets_cloudmask/dataset_cropped/10_Metas/02/09/20191002090700_00160.png,381.5,676.2,122.1,22.9,959
10/2/2019 9:08,datasets/dataset_cropped/10_Metas/02/09/20191002090800_00160.jpg,datasets_flow/dataset_cropped/10_Metas/02/09/20191002090800_00160.jpg,datasets_cloudmask/dataset_cropped/10_Metas/02/09/20191002090800_00160.png,400.9,716.6,124,22.7,959
10/2/2019 9:09,datasets/dataset_cropped/10_Metas/02/09/20191002090900_00160.jpg,datasets_flow/dataset_cropped/10_Metas/02/09/20191002090900_00160.jpg,datasets_cloudmask/dataset_cropped/10_Metas/02/09/20191002090900_00160.png,406.1,720.6,125.6,22.8,959
10/2/2019 9:10,datasets/dataset_cropped/10_Metas/02/09/20191002091000_00160.jpg,datasets_flow/dataset_cropped/10_Metas/02/09/20191002091000_00160.jpg,datasets_cloudmask/dataset_cropped/10_Metas/02/09/20191002091000_00160.png,431.2,773.8,127.6,22.8,959
10/2/2019 9:11,datasets/dataset_cropped/10_Metas/02/09/20191002091100_00160.jpg,datasets_flow/dataset_cropped/10_Metas/02/09/20191002091100_00160.jpg,datasets_cloudmask/dataset_cropped/10_Metas/02/09/20191002091100_00160.png,405.8,700,128.6,23.1,959
10/2/2019 9:12,datasets/dataset_cropped/10_Metas/02/09/20191002091200_00160.jpg,datasets_flow/dataset_cropped/10_Metas/02/09/20191002091200_00160.jpg,datasets_cloudmask/dataset_cropped/10_Metas/02/09/20191002091200_00160.png,371.7,606.3,129.6,23.2,960
10/2/2019 9:13,datasets/dataset_cropped/10_Metas/02/09/20191002091300_00160.jpg,datasets_flow/dataset_cropped/10_Metas/02/09/20191002091300_00160.jpg,datasets_cloudmask/dataset_cropped/10_Metas/02/09/20191002091300_00160.png,349.5,543.3,130.8,23.1,959
10/2/2019 9:14,datasets/dataset_cropped/10_Metas/02/09/20191002091400_00160.jpg,datasets_flow/dataset_cropped/10_Metas/02/09/20191002091400_00160.jpg,datasets_cloudmask/dataset_cropped/10_Metas/02/09/20191002091400_00160.png,330.8,489.9,132,23.2,960
10/2/2019 9:15,datasets/dataset_cropped/10_Metas/02/09/20191002091500_00160.jpg,datasets_flow/dataset_cropped/10_Metas/02/09/20191002091500_00160.jpg,datasets_cloudmask/dataset_cropped/10_Metas/02/09/20191002091500_00160.png,343.5,513.3,133.6,23.2,959
10/2/2019 9:16,datasets/dataset_cropped/10_Metas/02/09/20191002091600_00160.jpg,datasets_flow/dataset_cropped/10_Metas/02/09/20191002091600_00160.jpg,datasets_cloudmask/dataset_cropped/10_Metas/02/09/20191002091600_00160.png,319.2,448.1,134.7,23.1,960
10/2/2019 9:17,datasets/dataset_cropped/10_Metas/02/09/20191002091700_00160.jpg,datasets_flow/dataset_cropped/10_Metas/02/09/20191002091700_00160.jpg,datasets_cloudmask/dataset_cropped/10_Metas/02/09/20191002091700_00160.png,353.6,524.5,136.5,22.9,960
10/2/2019 9:18,datasets/dataset_cropped/10_Metas/02/09/20191002091800_00160.jpg,datasets_flow/dataset_cropped/10_Metas/02/09/20191002091800_00160.jpg,datasets_cloudmask/dataset_cropped/10_Metas/02/09/20191002091800_00160.png,376.7,574.8,137.2,22.9,960
10/2/2019 9:19,datasets/dataset_cropped/10_Metas/02/09/20191002091900_00160.jpg,datasets_flow/dataset_cropped/10_Metas/02/09/20191002091900_00160.jpg,datasets_cloudmask/dataset_cropped/10_Metas/02/09/20191002091900_00160.png,376.2,568.5,137.6,22.9,960
10/2/2019 9:20,datasets/dataset_cropped/10_Metas/02/09/20191002092000_00160.jpg,datasets_flow/dataset_cropped/10_Metas/02/09/20191002092000_00160.jpg,datasets_cloudmask/dataset_cropped/10_Metas/02/09/20191002092000_00160.png,366.1,538.2,138.5,23.1,960
10/2/2019 9:21,datasets/dataset_cropped/10_Metas/02/09/20191002092100_00160.jpg,datasets_flow/dataset_cropped/10_Metas/02/09/20191002092100_00160.jpg,datasets_cloudmask/dataset_cropped/10_Metas/02/09/20191002092100_00160.png,353.2,501.7,139.3,23.2,960
10/2/2019 9:22,datasets/dataset_cropped/10_Metas/02/09/20191002092200_00160.jpg,datasets_flow/dataset_cropped/10_Metas/02/09/20191002092200_00160.jpg,datasets_cloudmask/dataset_cropped/10_Metas/02/09/20191002092200_00160.png,360.8,513.1,140.6,23.4,960
10/2/2019 9:23,datasets/dataset_cropped/10_Metas/02/09/20191002092300_00160.jpg,datasets_flow/dataset_cropped/10_Metas/02/09/20191002092300_00160.jpg,datasets_cloudmask/dataset_cropped/10_Metas/02/09/20191002092300_00160.png,381.1,553.5,142.1,23.6,960
10/2/2019 9:24,datasets/dataset_cropped/10_Metas/02/09/20191002092400_00160.jpg,datasets_flow/dataset_cropped/10_Metas/02/09/20191002092400_00160.jpg,datasets_cloudmask/dataset_cropped/10_Metas/02/09/20191002092400_00160.png,384.6,556.5,142.8,23.6,960
10/2/2019 9:25,datasets/dataset_cropped/10_Metas/02/09/20191002092500_00160.jpg,datasets_flow/dataset_cropped/10_Metas/02/09/20191002092500_00160.jpg,datasets_cloudmask/dataset_cropped/10_Metas/02/09/20191002092500_00160.png,392,569,143.2,23.4,960
10/2/2019 9:26,datasets/dataset_cropped/10_Metas/02/09/20191002092600_00160.jpg,datasets_flow/dataset_cropped/10_Metas/02/09/20191002092600_00160.jpg,datasets_cloudmask/dataset_cropped/10_Metas/02/09/20191002092600_00160.png,383.8,546.1,143.2,23.4,960
10/2/2019 9:27,datasets/dataset_cropped/10_Metas/02/09/20191002092700_00160.jpg,datasets_flow/dataset_cropped/10_Metas/02/09/20191002092700_00160.jpg,datasets_cloudmask/dataset_cropped/10_Metas/02/09/20191002092700_00160.png,385.1,544.5,143.6,23.5,960
10/2/2019 9:28,datasets/dataset_cropped/10_Metas/02/09/20191002092800_00160.jpg,datasets_flow/dataset_cropped/10_Metas/02/09/20191002092800_00160.jpg,datasets_cloudmask/dataset_cropped/10_Metas/02/09/20191002092800_00160.png,378,524.6,143.8,23.6,960
10/2/2019 9:29,datasets/dataset_cropped/10_Metas/02/09/20191002092900_00160.jpg,datasets_flow/dataset_cropped/10_Metas/02/09/20191002092900_00160.jpg,datasets_cloudmask/dataset_cropped/10_Metas/02/09/20191002092900_00160.png,376.5,517.2,144.4,23.9,960
10/2/2019 9:30,datasets/dataset_cropped/10_Metas/02/09/20191002093000_00160.jpg,datasets_flow/dataset_cropped/10_Metas/02/09/20191002093000_00160.jpg,datasets_cloudmask/dataset_cropped/10_Metas/02/09/20191002093000_00160.png,381.9,524,145.5,24.1,960
10/2/2019 9:31,datasets/dataset_cropped/10_Metas/02/09/20191002093100_00160.jpg,datasets_flow/dataset_cropped/10_Metas/02/09/20191002093100_00160.jpg,datasets_cloudmask/dataset_cropped/10_Metas/02/09/20191002093100_00160.png,403.5,565.9,146.6,24,960
10/2/2019 9:32,datasets/dataset_cropped/10_Metas/02/09/20191002093200_00160.jpg,datasets_flow/dataset_cropped/10_Metas/02/09/20191002093200_00160.jpg,datasets_cloudmask/dataset_cropped/10_Metas/02/09/20191002093200_00160.png,396.9,546.8,147.2,23.9,960
10/2/2019 9:33,datasets/dataset_cropped/10_Metas/02/09/20191002093300_00160.jpg,datasets_flow/dataset_cropped/10_Metas/02/09/20191002093300_00160.jpg,datasets_cloudmask/dataset_cropped/10_Metas/02/09/20191002093300_00160.png,429.7,612.2,148.7,23.9,960
10/2/2019 9:34,datasets/dataset_cropped/10_Metas/02/09/20191002093400_00160.jpg,datasets_flow/dataset_cropped/10_Metas/02/09/20191002093400_00160.jpg,datasets_cloudmask/dataset_cropped/10_Metas/02/09/20191002093400_00160.png,397.5,537.2,149.2,23.8,960
10/2/2019 9:35,datasets/dataset_cropped/10_Metas/02/09/20191002093500_00160.jpg,datasets_flow/dataset_cropped/10_Metas/02/09/20191002093500_00160.jpg,datasets_cloudmask/dataset_cropped/10_Metas/02/09/20191002093500_00160.png,404.4,544.6,150.9,23.7,960
10/2/2019 9:36,datasets/dataset_cropped/10_Metas/02/09/20191002093600_00160.jpg,datasets_flow/dataset_cropped/10_Metas/02/09/20191002093600_00160.jpg,datasets_cloudmask/dataset_cropped/10_Metas/02/09/20191002093600_00160.png,404.7,538.7,152.5,23.8,960
10/2/2019 9:37,datasets/dataset_cropped/10_Metas/02/09/20191002093700_00160.jpg,datasets_flow/dataset_cropped/10_Metas/02/09/20191002093700_00160.jpg,datasets_cloudmask/dataset_cropped/10_Metas/02/09/20191002093700_00160.png,428,582.6,154,23.8,960
10/2/2019 9:38,datasets/dataset_cropped/10_Metas/02/09/20191002093800_00160.jpg,datasets_flow/dataset_cropped/10_Metas/02/09/20191002093800_00160.jpg,datasets_cloudmask/dataset_cropped/10_Metas/02/09/20191002093800_00160.png,472.9,671.8,155.6,23.9,960
10/2/2019 9:39,datasets/dataset_cropped/10_Metas/02/09/20191002093900_00160.jpg,datasets_flow/dataset_cropped/10_Metas/02/09/20191002093900_00160.jpg,datasets_cloudmask/dataset_cropped/10_Metas/02/09/20191002093900_00160.png,443.9,607.1,155.2,24,960
10/2/2019 9:40,datasets/dataset_cropped/10_Metas/02/09/20191002094000_00160.jpg,datasets_flow/dataset_cropped/10_Metas/02/09/20191002094000_00160.jpg,datasets_cloudmask/dataset_cropped/10_Metas/02/09/20191002094000_00160.png,423.3,561.6,154.6,24.1,960
10/2/2019 9:41,datasets/dataset_cropped/10_Metas/02/09/20191002094100_00160.jpg,datasets_flow/dataset_cropped/10_Metas/02/09/20191002094100_00160.jpg,datasets_cloudmask/dataset_cropped/10_Metas/02/09/20191002094100_00160.png,451.7,618.2,154.6,24.1,960
10/2/2019 9:42,datasets/dataset_cropped/10_Metas/02/09/20191002094200_00160.jpg,datasets_flow/dataset_cropped/10_Metas/02/09/20191002094200_00160.jpg,datasets_cloudmask/dataset_cropped/10_Metas/02/09/20191002094200_00160.png,432.9,577.5,153.7,24.3,960
10/2/2019 9:43,datasets/dataset_cropped/10_Metas/02/09/20191002094300_00160.jpg,datasets_flow/dataset_cropped/10_Metas/02/09/20191002094300_00160.jpg,datasets_cloudmask/dataset_cropped/10_Metas/02/09/20191002094300_00160.png,510.5,733.3,154.9,24.3,960
10/2/2019 9:44,datasets/dataset_cropped/10_Metas/02/09/20191002094400_00160.jpg,datasets_flow/dataset_cropped/10_Metas/02/09/20191002094400_00160.jpg,datasets_cloudmask/dataset_cropped/10_Metas/02/09/20191002094400_00160.png,511,730.2,154.9,24.2,960
10/2/2019 9:45,datasets/dataset_cropped/10_Metas/02/09/20191002094500_00160.jpg,datasets_flow/dataset_cropped/10_Metas/02/09/20191002094500_00160.jpg,datasets_cloudmask/dataset_cropped/10_Metas/02/09/20191002094500_00160.png,523.5,750.5,155.6,24.3,960
10/2/2019 9:46,datasets/dataset_cropped/10_Metas/02/09/20191002094600_00160.jpg,datasets_flow/dataset_cropped/10_Metas/02/09/20191002094600_00160.jpg,datasets_cloudmask/dataset_cropped/10_Metas/02/09/20191002094600_00160.png,509.9,717.8,156.5,24.7,960
10/2/2019 9:47,datasets/dataset_cropped/10_Metas/02/09/20191002094700_00160.jpg,datasets_flow/dataset_cropped/10_Metas/02/09/20191002094700_00160.jpg,datasets_cloudmask/dataset_cropped/10_Metas/02/09/20191002094700_00160.png,515.6,723.1,158,25.2,960
10/2/2019 9:48,datasets/dataset_cropped/10_Metas/02/09/20191002094800_00160.jpg,datasets_flow/dataset_cropped/10_Metas/02/09/20191002094800_00160.jpg,datasets_cloudmask/dataset_cropped/10_Metas/02/09/20191002094800_00160.png,524.1,735.2,158.7,25.4,960
10/2/2019 9:49,datasets/dataset_cropped/10_Metas/02/09/20191002094900_00160.jpg,datasets_flow/dataset_cropped/10_Metas/02/09/20191002094900_00160.jpg,datasets_cloudmask/dataset_cropped/10_Metas/02/09/20191002094900_00160.png,531.5,744,159.7,25.4,960
10/2/2019 9:50,datasets/dataset_cropped/10_Metas/02/09/20191002095000_00160.jpg,datasets_flow/dataset_cropped/10_Metas/02/09/20191002095000_00160.jpg,datasets_cloudmask/dataset_cropped/10_Metas/02/09/20191002095000_00160.png,493.4,662.8,160,25.1,960
10/2/2019 9:51,datasets/dataset_cropped/10_Metas/02/09/20191002095100_00160.jpg,datasets_flow/dataset_cropped/10_Metas/02/09/20191002095100_00160.jpg,datasets_cloudmask/dataset_cropped/10_Metas/02/09/20191002095100_00160.png,497.4,665.4,160.8,24.7,960
10/2/2019 9:52,datasets/dataset_cropped/10_Metas/02/09/20191002095200_00160.jpg,datasets_flow/dataset_cropped/10_Metas/02/09/20191002095200_00160.jpg,datasets_cloudmask/dataset_cropped/10_Metas/02/09/20191002095200_00160.png,531.9,728.7,161.6,24.4,960
10/2/2019 9:53,datasets/dataset_cropped/10_Metas/02/09/20191002095300_00160.jpg,datasets_flow/dataset_cropped/10_Metas/02/09/20191002095300_00160.jpg,datasets_cloudmask/dataset_cropped/10_Metas/02/09/20191002095300_00160.png,543.5,743.5,163.6,24.1,960
10/2/2019 9:54,datasets/dataset_cropped/10_Metas/02/09/20191002095400_00160.jpg,datasets_flow/dataset_cropped/10_Metas/02/09/20191002095400_00160.jpg,datasets_cloudmask/dataset_cropped/10_Metas/02/09/20191002095400_00160.png,477,605,164.7,24,960
10/2/2019 9:55,datasets/dataset_cropped/10_Metas/02/09/20191002095500_00160.jpg,datasets_flow/dataset_cropped/10_Metas/02/09/20191002095500_00160.jpg,datasets_cloudmask/dataset_cropped/10_Metas/02/09/20191002095500_00160.png,469.3,587.4,164.2,23.9,960
10/2/2019 9:56,datasets/dataset_cropped/10_Metas/02/09/20191002095600_00160.jpg,datasets_flow/dataset_cropped/10_Metas/02/09/20191002095600_00160.jpg,datasets_cloudmask/dataset_cropped/10_Metas/02/09/20191002095600_00160.png,513.8,677.5,161.1,23.9,960
10/2/2019 9:57,datasets/dataset_cropped/10_Metas/02/09/20191002095700_00160.jpg,datasets_flow/dataset_cropped/10_Metas/02/09/20191002095700_00160.jpg,datasets_cloudmask/dataset_cropped/10_Metas/02/09/20191002095700_00160.png,541,728.8,160,23.9,960
10/2/2019 9:58,datasets/dataset_cropped/10_Metas/02/09/20191002095800_00160.jpg,datasets_flow/dataset_cropped/10_Metas/02/09/20191002095800_00160.jpg,datasets_cloudmask/dataset_cropped/10_Metas/02/09/20191002095800_00160.png,462.2,573.9,159.3,24,960
10/2/2019 9:59,datasets/dataset_cropped/10_Metas/02/09/20191002095900_00160.jpg,datasets_flow/dataset_cropped/10_Metas/02/09/20191002095900_00160.jpg,datasets_cloudmask/dataset_cropped/10_Metas/02/09/20191002095900_00160.png,437.7,527.5,157.9,24.1,960
10/2/2019 10:00,datasets/dataset_cropped/10_Metas/02/10/20191002100000_00160.jpg,datasets_flow/dataset_cropped/10_Metas/02/10/20191002100000_00160.jpg,datasets_cloudmask/dataset_cropped/10_Metas/02/10/20191002100000_00160.png,496.3,644.2,154.5,24.2,960
10/2/2019 10:01,datasets/dataset_cropped/10_Metas/02/10/20191002100100_00160.jpg,datasets_flow/dataset_cropped/10_Metas/02/10/20191002100100_00160.jpg,datasets_cloudmask/dataset_cropped/10_Metas/02/10/20191002100100_00160.png,507.4,667.6,151.9,24.1,960
10/2/2019 10:02,datasets/dataset_cropped/10_Metas/02/10/20191002100200_00160.jpg,datasets_flow/dataset_cropped/10_Metas/02/10/20191002100200_00160.jpg,datasets_cloudmask/dataset_cropped/10_Metas/02/10/20191002100200_00160.png,500.9,655.7,150.4,24.1,960
10/2/2019 10:03,datasets/dataset_cropped/10_Metas/02/10/20191002100300_00160.jpg,datasets_flow/dataset_cropped/10_Metas/02/10/20191002100300_00160.jpg,datasets_cloudmask/dataset_cropped/10_Metas/02/10/20191002100300_00160.png,578.9,800,150.2,24.1,960
10/2/2019 10:04,datasets/dataset_cropped/10_Metas/02/10/20191002100400_00160.jpg,datasets_flow/dataset_cropped/10_Metas/02/10/20191002100400_00160.jpg,datasets_cloudmask/dataset_cropped/10_Metas/02/10/20191002100400_00160.png,600.5,839,149.5,24,960
10/2/2019 10:05,datasets/dataset_cropped/10_Metas/02/10/20191002100500_00160.jpg,datasets_flow/dataset_cropped/10_Metas/02/10/20191002100500_00160.jpg,datasets_cloudmask/dataset_cropped/10_Metas/02/10/20191002100500_00160.png,546.5,737.8,147.7,24.1,960
10/2/2019 10:06,datasets/dataset_cropped/10_Metas/02/10/20191002100600_00160.jpg,datasets_flow/dataset_cropped/10_Metas/02/10/20191002100600_00160.jpg,datasets_cloudmask/dataset_cropped/10_Metas/02/10/20191002100600_00160.png,573.5,785.2,147.7,24.3,960
10/2/2019 10:07,datasets/dataset_cropped/10_Metas/02/10/20191002100700_00160.jpg,datasets_flow/dataset_cropped/10_Metas/02/10/20191002100700_00160.jpg,datasets_cloudmask/dataset_cropped/10_Metas/02/10/20191002100700_00160.png,561.1,759.6,147.3,24.5,960
10/2/2019 10:08,datasets/dataset_cropped/10_Metas/02/10/20191002100800_00160.jpg,datasets_flow/dataset_cropped/10_Metas/02/10/20191002100800_00160.jpg,datasets_cloudmask/dataset_cropped/10_Metas/02/10/20191002100800_00160.png,540.8,719,147.5,24.8,960
10/2/2019 10:09,datasets/dataset_cropped/10_Metas/02/10/20191002100900_00160.jpg,datasets_flow/dataset_cropped/10_Metas/02/10/20191002100900_00160.jpg,datasets_cloudmask/dataset_cropped/10_Metas/02/10/20191002100900_00160.png,549.6,730.8,148.1,25.1,960
10/2/2019 10:10,datasets/dataset_cropped/10_Metas/02/10/20191002101000_00160.jpg,datasets_flow/dataset_cropped/10_Metas/02/10/20191002101000_00160.jpg,datasets_cloudmask/dataset_cropped/10_Metas/02/10/20191002101000_00160.png,579.5,780.4,149.3,25.1,960
10/2/2019 10:11,datasets/dataset_cropped/10_Metas/02/10/20191002101100_00160.jpg,datasets_flow/dataset_cropped/10_Metas/02/10/20191002101100_00160.jpg,datasets_cloudmask/dataset_cropped/10_Metas/02/10/20191002101100_00160.png,592.2,798.8,150.3,25.1,960
10/2/2019 10:12,datasets/dataset_cropped/10_Metas/02/10/20191002101200_00160.jpg,datasets_flow/dataset_cropped/10_Metas/02/10/20191002101200_00160.jpg,datasets_cloudmask/dataset_cropped/10_Metas/02/10/20191002101200_00160.png,597.8,801,152.3,25.1,960
10/2/2019 10:13,datasets/dataset_cropped/10_Metas/02/10/20191002101300_00160.jpg,datasets_flow/dataset_cropped/10_Metas/02/10/20191002101300_00160.jpg,datasets_cloudmask/dataset_cropped/10_Metas/02/10/20191002101300_00160.png,575.6,753,154.6,25.2,960
10/2/2019 10:14,datasets/dataset_cropped/10_Metas/02/10/20191002101400_00160.jpg,datasets_flow/dataset_cropped/10_Metas/02/10/20191002101400_00160.jpg,datasets_cloudmask/dataset_cropped/10_Metas/02/10/20191002101400_00160.png,555,707.8,156.9,25.3,960
10/2/2019 10:15,datasets/dataset_cropped/10_Metas/02/10/20191002101500_00160.jpg,datasets_flow/dataset_cropped/10_Metas/02/10/20191002101500_00160.jpg,datasets_cloudmask/dataset_cropped/10_Metas/02/10/20191002101500_00160.png,487.7,587.9,155.3,25.3,960
10/2/2019 10:16,datasets/dataset_cropped/10_Metas/02/10/20191002101600_00160.jpg,datasets_flow/dataset_cropped/10_Metas/02/10/20191002101600_00160.jpg,datasets_cloudmask/dataset_cropped/10_Metas/02/10/20191002101600_00160.png,508.1,626,152.6,25.2,960
10/2/2019 10:17,datasets/dataset_cropped/10_Metas/02/10/20191002101700_00160.jpg,datasets_flow/dataset_cropped/10_Metas/02/10/20191002101700_00160.jpg,datasets_cloudmask/dataset_cropped/10_Metas/02/10/20191002101700_00160.png,484,587.3,148.9,25.1,960
10/2/2019 10:18,datasets/dataset_cropped/10_Metas/02/10/20191002101800_00160.jpg,datasets_flow/dataset_cropped/10_Metas/02/10/20191002101800_00160.jpg,datasets_cloudmask/dataset_cropped/10_Metas/02/10/20191002101800_00160.png,467.3,562.8,144.8,24.9,960
10/2/2019 10:19,datasets/dataset_cropped/10_Metas/02/10/20191002101900_00160.jpg,datasets_flow/dataset_cropped/10_Metas/02/10/20191002101900_00160.jpg,datasets_cloudmask/dataset_cropped/10_Metas/02/10/20191002101900_00160.png,471.1,576.7,139.5,24.7,960
10/2/2019 10:20,datasets/dataset_cropped/10_Metas/02/10/20191002102000_00160.jpg,datasets_flow/dataset_cropped/10_Metas/02/10/20191002102000_00160.jpg,datasets_cloudmask/dataset_cropped/10_Metas/02/10/20191002102000_00160.png,555.7,731.3,134.4,24.7,960
10/2/2019 10:21,datasets/dataset_cropped/10_Metas/02/10/20191002102100_00160.jpg,datasets_flow/dataset_cropped/10_Metas/02/10/20191002102100_00160.jpg,datasets_cloudmask/dataset_cropped/10_Metas/02/10/20191002102100_00160.png,577.7,774.2,129.8,24.7,960
10/2/2019 10:22,datasets/dataset_cropped/10_Metas/02/10/20191002102200_00160.jpg,datasets_flow/dataset_cropped/10_Metas/02/10/20191002102200_00160.jpg,datasets_cloudmask/dataset_cropped/10_Metas/02/10/20191002102200_00160.png,581.9,783.4,127.2,24.6,960
10/2/2019 10:23,datasets/dataset_cropped/10_Metas/02/10/20191002102300_00160.jpg,datasets_flow/dataset_cropped/10_Metas/02/10/20191002102300_00160.jpg,datasets_cloudmask/dataset_cropped/10_Metas/02/10/20191002102300_00160.png,576.4,773.4,126,24.8,960
10/2/2019 10:24,datasets/dataset_cropped/10_Metas/02/10/20191002102400_00160.jpg,datasets_flow/dataset_cropped/10_Metas/02/10/20191002102400_00160.jpg,datasets_cloudmask/dataset_cropped/10_Metas/02/10/20191002102400_00160.png,573.6,766.7,125.3,24.8,960
10/2/2019 10:25,datasets/dataset_cropped/10_Metas/02/10/20191002102500_00160.jpg,datasets_flow/dataset_cropped/10_Metas/02/10/20191002102500_00160.jpg,datasets_cloudmask/dataset_cropped/10_Metas/02/10/20191002102500_00160.png,575.7,768.3,124.8,24.8,960
10/2/2019 10:26,datasets/dataset_cropped/10_Metas/02/10/20191002102600_00160.jpg,datasets_flow/dataset_cropped/10_Metas/02/10/20191002102600_00160.jpg,datasets_cloudmask/dataset_cropped/10_Metas/02/10/20191002102600_00160.png,568.6,754,124.2,24.9,960
10/2/2019 10:27,datasets/dataset_cropped/10_Metas/02/10/20191002102700_00160.jpg,datasets_flow/dataset_cropped/10_Metas/02/10/20191002102700_00160.jpg,datasets_cloudmask/dataset_cropped/10_Metas/02/10/20191002102700_00160.png,562.4,742.3,123.5,24.9,960
10/2/2019 10:28,datasets/dataset_cropped/10_Metas/02/10/20191002102800_00160.jpg,datasets_flow/dataset_cropped/10_Metas/02/10/20191002102800_00160.jpg,datasets_cloudmask/dataset_cropped/10_Metas/02/10/20191002102800_00160.png,561.8,740.7,121.9,25,960
10/2/2019 10:29,datasets/dataset_cropped/10_Metas/02/10/20191002102900_00160.jpg,datasets_flow/dataset_cropped/10_Metas/02/10/20191002102900_00160.jpg,datasets_cloudmask/dataset_cropped/10_Metas/02/10/20191002102900_00160.png,568.2,751.1,120.1,24.8,960
10/2/2019 10:30,datasets/dataset_cropped/10_Metas/02/10/20191002103000_00160.jpg,datasets_flow/dataset_cropped/10_Metas/02/10/20191002103000_00160.jpg,datasets_cloudmask/dataset_cropped/10_Metas/02/10/20191002103000_00160.png,576.7,767.1,117.8,24.7,960
10/2/2019 10:31,datasets/dataset_cropped/10_Metas/02/10/20191002103100_00160.jpg,datasets_flow/dataset_cropped/10_Metas/02/10/20191002103100_00160.jpg,datasets_cloudmask/dataset_cropped/10_Metas/02/10/20191002103100_00160.png,595,799,116,24.8,960
10/2/2019 10:32,datasets/dataset_cropped/10_Metas/02/10/20191002103200_00160.jpg,datasets_flow/dataset_cropped/10_Metas/02/10/20191002103200_00160.jpg,datasets_cloudmask/dataset_cropped/10_Metas/02/10/20191002103200_00160.png,606.5,819,114.3,24.7,960
10/2/2019 10:33,datasets/dataset_cropped/10_Metas/02/10/20191002103300_00160.jpg,datasets_flow/dataset_cropped/10_Metas/02/10/20191002103300_00160.jpg,datasets_cloudmask/dataset_cropped/10_Metas/02/10/20191002103300_00160.png,611.1,826,112.7,24.7,960
10/2/2019 10:34,datasets/dataset_cropped/10_Metas/02/10/20191002103400_00160.jpg,datasets_flow/dataset_cropped/10_Metas/02/10/20191002103400_00160.jpg,datasets_cloudmask/dataset_cropped/10_Metas/02/10/20191002103400_00160.png,606.2,816,111.7,24.7,960
10/2/2019 10:35,datasets/dataset_cropped/10_Metas/02/10/20191002103500_00160.jpg,datasets_flow/dataset_cropped/10_Metas/02/10/20191002103500_00160.jpg,datasets_cloudmask/dataset_cropped/10_Metas/02/10/20191002103500_00160.png,585.3,779.6,110.9,24.7,960
10/2/2019 10:36,datasets/dataset_cropped/10_Metas/02/10/20191002103600_00160.jpg,datasets_flow/dataset_cropped/10_Metas/02/10/20191002103600_00160.jpg,datasets_cloudmask/dataset_cropped/10_Metas/02/10/20191002103600_00160.png,598.6,799.3,110.4,24.7,960
10/2/2019 10:37,datasets/dataset_cropped/10_Metas/02/10/20191002103700_00160.jpg,datasets_flow/dataset_cropped/10_Metas/02/10/20191002103700_00160.jpg,datasets_cloudmask/dataset_cropped/10_Metas/02/10/20191002103700_00160.png,607.1,811,110.1,24.8,960
10/2/2019 10:38,datasets/dataset_cropped/10_Metas/02/10/20191002103800_00160.jpg,datasets_flow/dataset_cropped/10_Metas/02/10/20191002103800_00160.jpg,datasets_cloudmask/dataset_cropped/10_Metas/02/10/20191002103800_00160.png,619.8,831,109.6,25,960
10/2/2019 10:39,datasets/dataset_cropped/10_Metas/02/10/20191002103900_00160.jpg,datasets_flow/dataset_cropped/10_Metas/02/10/20191002103900_00160.jpg,datasets_cloudmask/dataset_cropped/10_Metas/02/10/20191002103900_00160.png,624.2,837,109,25.1,960
10/2/2019 10:40,datasets/dataset_cropped/10_Metas/02/10/20191002104000_00160.jpg,datasets_flow/dataset_cropped/10_Metas/02/10/20191002104000_00160.jpg,datasets_cloudmask/dataset_cropped/10_Metas/02/10/20191002104000_00160.png,633.1,851,108.1,24.9,960
10/2/2019 10:41,datasets/dataset_cropped/10_Metas/02/10/20191002104100_00160.jpg,datasets_flow/dataset_cropped/10_Metas/02/10/20191002104100_00160.jpg,datasets_cloudmask/dataset_cropped/10_Metas/02/10/20191002104100_00160.png,610.6,811,108.1,24.9,960
10/2/2019 10:42,datasets/dataset_cropped/10_Metas/02/10/20191002104200_00160.jpg,datasets_flow/dataset_cropped/10_Metas/02/10/20191002104200_00160.jpg,datasets_cloudmask/dataset_cropped/10_Metas/02/10/20191002104200_00160.png,604.1,803,105.9,25.1,960
10/2/2019 10:43,datasets/dataset_cropped/10_Metas/02/10/20191002104300_00160.jpg,datasets_flow/dataset_cropped/10_Metas/02/10/20191002104300_00160.jpg,datasets_cloudmask/dataset_cropped/10_Metas/02/10/20191002104300_00160.png,605.2,810,101.1,25.3,960
10/2/2019 10:44,datasets/dataset_cropped/10_Metas/02/10/20191002104400_00160.jpg,datasets_flow/dataset_cropped/10_Metas/02/10/20191002104400_00160.jpg,datasets_cloudmask/dataset_cropped/10_Metas/02/10/20191002104400_00160.png,628.3,851,97,25.4,960
10/2/2019 10:45,datasets/dataset_cropped/10_Metas/02/10/20191002104500_00160.jpg,datasets_flow/dataset_cropped/10_Metas/02/10/20191002104500_00160.jpg,datasets_cloudmask/dataset_cropped/10_Metas/02/10/20191002104500_00160.png,631.9,860,93.5,25.4,960
10/2/2019 10:46,datasets/dataset_cropped/10_Metas/02/10/20191002104600_00160.jpg,datasets_flow/dataset_cropped/10_Metas/02/10/20191002104600_00160.jpg,datasets_cloudmask/dataset_cropped/10_Metas/02/10/20191002104600_00160.png,623.3,849,89.9,25.4,960
10/2/2019 10:47,datasets/dataset_cropped/10_Metas/02/10/20191002104700_00160.jpg,datasets_flow/dataset_cropped/10_Metas/02/10/20191002104700_00160.jpg,datasets_cloudmask/dataset_cropped/10_Metas/02/10/20191002104700_00160.png,641.1,880,86.5,25.5,960
10/2/2019 10:48,datasets/dataset_cropped/10_Metas/02/10/20191002104800_00160.jpg,datasets_flow/dataset_cropped/10_Metas/02/10/20191002104800_00160.jpg,datasets_cloudmask/dataset_cropped/10_Metas/02/10/20191002104800_00160.png,642.9,885,82.8,25.6,960
10/2/2019 10:49,datasets/dataset_cropped/10_Metas/02/10/20191002104900_00160.jpg,datasets_flow/dataset_cropped/10_Metas/02/10/20191002104900_00160.jpg,datasets_cloudmask/dataset_cropped/10_Metas/02/10/20191002104900_00160.png,658.4,913,79.3,25.7,960
10/2/2019 10:50,datasets/dataset_cropped/10_Metas/02/10/20191002105000_00160.jpg,datasets_flow/dataset_cropped/10_Metas/02/10/20191002105000_00160.jpg,datasets_cloudmask/dataset_cropped/10_Metas/02/10/20191002105000_00160.png,675,941,76.7,25.7,960
10/2/2019 10:51,datasets/dataset_cropped/10_Metas/02/10/20191002105100_00160.jpg,datasets_flow/dataset_cropped/10_Metas/02/10/20191002105100_00160.jpg,datasets_cloudmask/dataset_cropped/10_Metas/02/10/20191002105100_00160.png,677.8,945,75.5,25.9,960
10/2/2019 10:52,datasets/dataset_cropped/10_Metas/02/10/20191002105200_00160.jpg,datasets_flow/dataset_cropped/10_Metas/02/10/20191002105200_00160.jpg,datasets_cloudmask/dataset_cropped/10_Metas/02/10/20191002105200_00160.png,678.5,945,74.7,25.9,960
10/2/2019 10:53,datasets/dataset_cropped/10_Metas/02/10/20191002105300_00160.jpg,datasets_flow/dataset_cropped/10_Metas/02/10/20191002105300_00160.jpg,datasets_cloudmask/dataset_cropped/10_Metas/02/10/20191002105300_00160.png,680.2,946,74.3,26.1,960
10/2/2019 10:54,datasets/dataset_cropped/10_Metas/02/10/20191002105400_00160.jpg,datasets_flow/dataset_cropped/10_Metas/02/10/20191002105400_00160.jpg,datasets_cloudmask/dataset_cropped/10_Metas/02/10/20191002105400_00160.png,680.2,944,73.8,26.1,960
10/2/2019 10:55,datasets/dataset_cropped/10_Metas/02/10/20191002105500_00160.jpg,datasets_flow/dataset_cropped/10_Metas/02/10/20191002105500_00160.jpg,datasets_cloudmask/dataset_cropped/10_Metas/02/10/20191002105500_00160.png,683.3,947,73.8,26.2,960
10/2/2019 10:56,datasets/dataset_cropped/10_Metas/02/10/20191002105600_00160.jpg,datasets_flow/dataset_cropped/10_Metas/02/10/20191002105600_00160.jpg,datasets_cloudmask/dataset_cropped/10_Metas/02/10/20191002105600_00160.png,685.3,948,73.6,26.4,960
10/2/2019 10:57,datasets/dataset_cropped/10_Metas/02/10/20191002105700_00160.jpg,datasets_flow/dataset_cropped/10_Metas/02/10/20191002105700_00160.jpg,datasets_cloudmask/dataset_cropped/10_Metas/02/10/20191002105700_00160.png,687.5,949,72.9,26.4,959
10/2/2019 10:58,datasets/dataset_cropped/10_Metas/02/10/20191002105800_00160.jpg,datasets_flow/dataset_cropped/10_Metas/02/10/20191002105800_00160.jpg,datasets_cloudmask/dataset_cropped/10_Metas/02/10/20191002105800_00160.png,689.3,949,72.8,26.2,960
10/2/2019 10:59,datasets/dataset_cropped/10_Metas/02/10/20191002105900_00160.jpg,datasets_flow/dataset_cropped/10_Metas/02/10/20191002105900_00160.jpg,datasets_cloudmask/dataset_cropped/10_Metas/02/10/20191002105900_00160.png,689.5,947,72.5,26.1,960
10/2/2019 11:00,datasets/dataset_cropped/10_Metas/02/11/20191002110000_00160.jpg,datasets_flow/dataset_cropped/10_Metas/02/11/20191002110000_00160.jpg,datasets_cloudmask/dataset_cropped/10_Metas/02/11/20191002110000_00160.png,691.2,947,72.4,26.3,960
10/2/2019 11:01,datasets/dataset_cropped/10_Metas/02/11/20191002110100_00160.jpg,datasets_flow/dataset_cropped/10_Metas/02/11/20191002110100_00160.jpg,datasets_cloudmask/dataset_cropped/10_Metas/02/11/20191002110100_00160.png,693.4,948,72.7,26.5,960
10/2/2019 11:02,datasets/dataset_cropped/10_Metas/02/11/20191002110200_00160.jpg,datasets_flow/dataset_cropped/10_Metas/02/11/20191002110200_00160.jpg,datasets_cloudmask/dataset_cropped/10_Metas/02/11/20191002110200_00160.png,696.8,950,72.7,26.4,960
10/2/2019 11:03,datasets/dataset_cropped/10_Metas/02/11/20191002110300_00160.jpg,datasets_flow/dataset_cropped/10_Metas/02/11/20191002110300_00160.jpg,datasets_cloudmask/dataset_cropped/10_Metas/02/11/20191002110300_00160.png,698.6,950,73.1,26.3,960
10/2/2019 11:04,datasets/dataset_cropped/10_Metas/02/11/20191002110400_00160.jpg,datasets_flow/dataset_cropped/10_Metas/02/11/20191002110400_00160.jpg,datasets_cloudmask/dataset_cropped/10_Metas/02/11/20191002110400_00160.png,700.8,951,73.2,26.5,960
10/2/2019 11:05,datasets/dataset_cropped/10_Metas/02/11/20191002110500_00160.jpg,datasets_flow/dataset_cropped/10_Metas/02/11/20191002110500_00160.jpg,datasets_cloudmask/dataset_cropped/10_Metas/02/11/20191002110500_00160.png,701.9,951,73.2,26.6,959
10/2/2019 11:06,datasets/dataset_cropped/10_Metas/02/11/20191002110600_00160.jpg,datasets_flow/dataset_cropped/10_Metas/02/11/20191002110600_00160.jpg,datasets_cloudmask/dataset_cropped/10_Metas/02/11/20191002110600_00160.png,703.5,951,73.4,26.6,959
10/2/2019 11:07,datasets/dataset_cropped/10_Metas/02/11/20191002110700_00160.jpg,datasets_flow/dataset_cropped/10_Metas/02/11/20191002110700_00160.jpg,datasets_cloudmask/dataset_cropped/10_Metas/02/11/20191002110700_00160.png,705.7,953,73.5,26.5,960
10/2/2019 11:08,datasets/dataset_cropped/10_Metas/02/11/20191002110800_00160.jpg,datasets_flow/dataset_cropped/10_Metas/02/11/20191002110800_00160.jpg,datasets_cloudmask/dataset_cropped/10_Metas/02/11/20191002110800_00160.png,707.2,953,73.1,26.5,959
10/2/2019 11:09,datasets/dataset_cropped/10_Metas/02/11/20191002110900_00160.jpg,datasets_flow/dataset_cropped/10_Metas/02/11/20191002110900_00160.jpg,datasets_cloudmask/dataset_cropped/10_Metas/02/11/20191002110900_00160.png,708.5,953,73.2,26.7,959
10/2/2019 11:10,datasets/dataset_cropped/10_Metas/02/11/20191002111000_00160.jpg,datasets_flow/dataset_cropped/10_Metas/02/11/20191002111000_00160.jpg,datasets_cloudmask/dataset_cropped/10_Metas/02/11/20191002111000_00160.png,711.1,954,73,26.7,959
10/2/2019 11:11,datasets/dataset_cropped/10_Metas/02/11/20191002111100_00160.jpg,datasets_flow/dataset_cropped/10_Metas/02/11/20191002111100_00160.jpg,datasets_cloudmask/dataset_cropped/10_Metas/02/11/20191002111100_00160.png,712.5,954,72.7,26.9,959
10/2/2019 11:12,datasets/dataset_cropped/10_Metas/02/11/20191002111200_00160.jpg,datasets_flow/dataset_cropped/10_Metas/02/11/20191002111200_00160.jpg,datasets_cloudmask/dataset_cropped/10_Metas/02/11/20191002111200_00160.png,714.7,954,72.9,27.1,959
10/2/2019 11:13,datasets/dataset_cropped/10_Metas/02/11/20191002111300_00160.jpg,datasets_flow/dataset_cropped/10_Metas/02/11/20191002111300_00160.jpg,datasets_cloudmask/dataset_cropped/10_Metas/02/11/20191002111300_00160.png,716.4,954,72.9,27.1,959
10/2/2019 11:14,datasets/dataset_cropped/10_Metas/02/11/20191002111400_00160.jpg,datasets_flow/dataset_cropped/10_Metas/02/11/20191002111400_00160.jpg,datasets_cloudmask/dataset_cropped/10_Metas/02/11/20191002111400_00160.png,718.4,955,73.2,27.2,959
10/2/2019 11:15,datasets/dataset_cropped/10_Metas/02/11/20191002111500_00160.jpg,datasets_flow/dataset_cropped/10_Metas/02/11/20191002111500_00160.jpg,datasets_cloudmask/dataset_cropped/10_Metas/02/11/20191002111500_00160.png,720.5,955,73.2,27.3,959
10/2/2019 11:16,datasets/dataset_cropped/10_Metas/02/11/20191002111600_00160.jpg,datasets_flow/dataset_cropped/10_Metas/02/11/20191002111600_00160.jpg,datasets_cloudmask/dataset_cropped/10_Metas/02/11/20191002111600_00160.png,720.9,953,73.5,27.3,959
10/2/2019 11:17,datasets/dataset_cropped/10_Metas/02/11/20191002111700_00160.jpg,datasets_flow/dataset_cropped/10_Metas/02/11/20191002111700_00160.jpg,datasets_cloudmask/dataset_cropped/10_Metas/02/11/20191002111700_00160.png,723,954,73.6,27.3,959
10/2/2019 11:18,datasets/dataset_cropped/10_Metas/02/11/20191002111800_00160.jpg,datasets_flow/dataset_cropped/10_Metas/02/11/20191002111800_00160.jpg,datasets_cloudmask/dataset_cropped/10_Metas/02/11/20191002111800_00160.png,724.5,955,73.8,27.6,959
10/2/2019 11:19,datasets/dataset_cropped/10_Metas/02/11/20191002111900_00160.jpg,datasets_flow/dataset_cropped/10_Metas/02/11/20191002111900_00160.jpg,datasets_cloudmask/dataset_cropped/10_Metas/02/11/20191002111900_00160.png,726.3,956,74.1,27.8,959
10/2/2019 11:20,datasets/dataset_cropped/10_Metas/02/11/20191002112000_00160.jpg,datasets_flow/dataset_cropped/10_Metas/02/11/20191002112000_00160.jpg,datasets_cloudmask/dataset_cropped/10_Metas/02/11/20191002112000_00160.png,728,956,74.4,27.9,959
10/2/2019 11:21,datasets/dataset_cropped/10_Metas/02/11/20191002112100_00160.jpg,datasets_flow/dataset_cropped/10_Metas/02/11/20191002112100_00160.jpg,datasets_cloudmask/dataset_cropped/10_Metas/02/11/20191002112100_00160.png,729.3,956,75,27.8,959
10/2/2019 11:22,datasets/dataset_cropped/10_Metas/02/11/20191002112200_00160.jpg,datasets_flow/dataset_cropped/10_Metas/02/11/20191002112200_00160.jpg,datasets_cloudmask/dataset_cropped/10_Metas/02/11/20191002112200_00160.png,730.3,956,75.3,27.8,959
10/2/2019 11:23,datasets/dataset_cropped/10_Metas/02/11/20191002112300_00160.jpg,datasets_flow/dataset_cropped/10_Metas/02/11/20191002112300_00160.jpg,datasets_cloudmask/dataset_cropped/10_Metas/02/11/20191002112300_00160.png,730.6,954,74.9,27.8,959
10/2/2019 11:24,datasets/dataset_cropped/10_Metas/02/11/20191002112400_00160.jpg,datasets_flow/dataset_cropped/10_Metas/02/11/20191002112400_00160.jpg,datasets_cloudmask/dataset_cropped/10_Metas/02/11/20191002112400_00160.png,732.6,954,75.2,27.6,959
10/2/2019 11:25,datasets/dataset_cropped/10_Metas/02/11/20191002112500_00160.jpg,datasets_flow/dataset_cropped/10_Metas/02/11/20191002112500_00160.jpg,datasets_cloudmask/dataset_cropped/10_Metas/02/11/20191002112500_00160.png,734.1,953,75.5,27.4,959
10/2/2019 11:26,datasets/dataset_cropped/10_Metas/02/11/20191002112600_00160.jpg,datasets_flow/dataset_cropped/10_Metas/02/11/20191002112600_00160.jpg,datasets_cloudmask/dataset_cropped/10_Metas/02/11/20191002112600_00160.png,735,952,75.5,27.4,959
10/2/2019 11:27,datasets/dataset_cropped/10_Metas/02/11/20191002112700_00160.jpg,datasets_flow/dataset_cropped/10_Metas/02/11/20191002112700_00160.jpg,datasets_cloudmask/dataset_cropped/10_Metas/02/11/20191002112700_00160.png,736.5,952,75.6,27.6,959
10/2/2019 11:28,datasets/dataset_cropped/10_Metas/02/11/20191002112800_00160.jpg,datasets_flow/dataset_cropped/10_Metas/02/11/20191002112800_00160.jpg,datasets_cloudmask/dataset_cropped/10_Metas/02/11/20191002112800_00160.png,738.4,952,75.4,27.8,959
10/2/2019 11:29,datasets/dataset_cropped/10_Metas/02/11/20191002112900_00160.jpg,datasets_flow/dataset_cropped/10_Metas/02/11/20191002112900_00160.jpg,datasets_cloudmask/dataset_cropped/10_Metas/02/11/20191002112900_00160.png,740.4,953,75.7,27.7,959
10/2/2019 11:30,datasets/dataset_cropped/10_Metas/02/11/20191002113000_00160.jpg,datasets_flow/dataset_cropped/10_Metas/02/11/20191002113000_00160.jpg,datasets_cloudmask/dataset_cropped/10_Metas/02/11/20191002113000_00160.png,743.2,956,75.7,27.7,959
10/2/2019 11:31,datasets/dataset_cropped/10_Metas/02/11/20191002113100_00160.jpg,datasets_flow/dataset_cropped/10_Metas/02/11/20191002113100_00160.jpg,datasets_cloudmask/dataset_cropped/10_Metas/02/11/20191002113100_00160.png,744.9,956,75.6,27.8,959
10/2/2019 11:32,datasets/dataset_cropped/10_Metas/02/11/20191002113200_00160.jpg,datasets_flow/dataset_cropped/10_Metas/02/11/20191002113200_00160.jpg,datasets_cloudmask/dataset_cropped/10_Metas/02/11/20191002113200_00160.png,745.6,954,75.6,27.9,959
10/2/2019 11:33,datasets/dataset_cropped/10_Metas/02/11/20191002113300_00160.jpg,datasets_flow/dataset_cropped/10_Metas/02/11/20191002113300_00160.jpg,datasets_cloudmask/dataset_cropped/10_Metas/02/11/20191002113300_00160.png,746.6,953,75.7,27.9,959
10/2/2019 11:34,datasets/dataset_cropped/10_Metas/02/11/20191002113400_00160.jpg,datasets_flow/dataset_cropped/10_Metas/02/11/20191002113400_00160.jpg,datasets_cloudmask/dataset_cropped/10_Metas/02/11/20191002113400_00160.png,746.6,950,75.8,27.9,959
10/2/2019 11:35,datasets/dataset_cropped/10_Metas/02/11/20191002113500_00160.jpg,datasets_flow/dataset_cropped/10_Metas/02/11/20191002113500_00160.jpg,datasets_cloudmask/dataset_cropped/10_Metas/02/11/20191002113500_00160.png,747.3,949,75.7,27.9,959
10/2/2019 11:36,datasets/dataset_cropped/10_Metas/02/11/20191002113600_00160.jpg,datasets_flow/dataset_cropped/10_Metas/02/11/20191002113600_00160.jpg,datasets_cloudmask/dataset_cropped/10_Metas/02/11/20191002113600_00160.png,749.3,950,75.7,27.8,959
10/2/2019 11:37,datasets/dataset_cropped/10_Metas/02/11/20191002113700_00160.jpg,datasets_flow/dataset_cropped/10_Metas/02/11/20191002113700_00160.jpg,datasets_cloudmask/dataset_cropped/10_Metas/02/11/20191002113700_00160.png,750.9,950,75.9,27.6,959
10/2/2019 11:38,datasets/dataset_cropped/10_Metas/02/11/20191002113800_00160.jpg,datasets_flow/dataset_cropped/10_Metas/02/11/20191002113800_00160.jpg,datasets_cloudmask/dataset_cropped/10_Metas/02/11/20191002113800_00160.png,751.9,950,76.4,27.7,959
10/2/2019 11:39,datasets/dataset_cropped/10_Metas/02/11/20191002113900_00160.jpg,datasets_flow/dataset_cropped/10_Metas/02/11/20191002113900_00160.jpg,datasets_cloudmask/dataset_cropped/10_Metas/02/11/20191002113900_00160.png,754,951,77,27.9,959
10/2/2019 11:40,datasets/dataset_cropped/10_Metas/02/11/20191002114000_00160.jpg,datasets_flow/dataset_cropped/10_Metas/02/11/20191002114000_00160.jpg,datasets_cloudmask/dataset_cropped/10_Metas/02/11/20191002114000_00160.png,754.7,950,77.4,28.1,959
10/2/2019 11:41,datasets/dataset_cropped/10_Metas/02/11/20191002114100_00160.jpg,datasets_flow/dataset_cropped/10_Metas/02/11/20191002114100_00160.jpg,datasets_cloudmask/dataset_cropped/10_Metas/02/11/20191002114100_00160.png,756,951,77.3,27.9,959
10/2/2019 11:42,datasets/dataset_cropped/10_Metas/02/11/20191002114200_00160.jpg,datasets_flow/dataset_cropped/10_Metas/02/11/20191002114200_00160.jpg,datasets_cloudmask/dataset_cropped/10_Metas/02/11/20191002114200_00160.png,757.6,952,77.5,27.8,959
10/2/2019 11:43,datasets/dataset_cropped/10_Metas/02/11/20191002114300_00160.jpg,datasets_flow/dataset_cropped/10_Metas/02/11/20191002114300_00160.jpg,datasets_cloudmask/dataset_cropped/10_Metas/02/11/20191002114300_00160.png,758.5,952,77.8,27.9,959
10/2/2019 11:44,datasets/dataset_cropped/10_Metas/02/11/20191002114400_00160.jpg,datasets_flow/dataset_cropped/10_Metas/02/11/20191002114400_00160.jpg,datasets_cloudmask/dataset_cropped/10_Metas/02/11/20191002114400_00160.png,761.1,954,78.2,27.9,959
10/2/2019 11:45,datasets/dataset_cropped/10_Metas/02/11/20191002114500_00160.jpg,datasets_flow/dataset_cropped/10_Metas/02/11/20191002114500_00160.jpg,datasets_cloudmask/dataset_cropped/10_Metas/02/11/20191002114500_00160.png,762.1,954,78.3,28.1,959
10/2/2019 11:46,datasets/dataset_cropped/10_Metas/02/11/20191002114600_00160.jpg,datasets_flow/dataset_cropped/10_Metas/02/11/20191002114600_00160.jpg,datasets_cloudmask/dataset_cropped/10_Metas/02/11/20191002114600_00160.png,764.6,956,77.8,28.2,959
10/2/2019 11:47,datasets/dataset_cropped/10_Metas/02/11/20191002114700_00160.jpg,datasets_flow/dataset_cropped/10_Metas/02/11/20191002114700_00160.jpg,datasets_cloudmask/dataset_cropped/10_Metas/02/11/20191002114700_00160.png,766.3,957,77.7,28.2,959
10/2/2019 11:48,datasets/dataset_cropped/10_Metas/02/11/20191002114800_00160.jpg,datasets_flow/dataset_cropped/10_Metas/02/11/20191002114800_00160.jpg,datasets_cloudmask/dataset_cropped/10_Metas/02/11/20191002114800_00160.png,768.2,959,77.6,28.2,959
10/2/2019 11:49,datasets/dataset_cropped/10_Metas/02/11/20191002114900_00160.jpg,datasets_flow/dataset_cropped/10_Metas/02/11/20191002114900_00160.jpg,datasets_cloudmask/dataset_cropped/10_Metas/02/11/20191002114900_00160.png,768.5,958,78.1,28.2,959
10/2/2019 11:50,datasets/dataset_cropped/10_Metas/02/11/20191002115000_00160.jpg,datasets_flow/dataset_cropped/10_Metas/02/11/20191002115000_00160.jpg,datasets_cloudmask/dataset_cropped/10_Metas/02/11/20191002115000_00160.png,769.8,959,78.2,28.2,959
10/2/2019 11:51,datasets/dataset_cropped/10_Metas/02/11/20191002115100_00160.jpg,datasets_flow/dataset_cropped/10_Metas/02/11/20191002115100_00160.jpg,datasets_cloudmask/dataset_cropped/10_Metas/02/11/20191002115100_00160.png,770.8,958,78.3,28.3,959
10/2/2019 11:52,datasets/dataset_cropped/10_Metas/02/11/20191002115200_00160.jpg,datasets_flow/dataset_cropped/10_Metas/02/11/20191002115200_00160.jpg,datasets_cloudmask/dataset_cropped/10_Metas/02/11/20191002115200_00160.png,771.5,958,77.7,28.4,959
10/2/2019 11:53,datasets/dataset_cropped/10_Metas/02/11/20191002115300_00160.jpg,datasets_flow/dataset_cropped/10_Metas/02/11/20191002115300_00160.jpg,datasets_cloudmask/dataset_cropped/10_Metas/02/11/20191002115300_00160.png,774.6,961,77.2,28.4,959
10/2/2019 11:54,datasets/dataset_cropped/10_Metas/02/11/20191002115400_00160.jpg,datasets_flow/dataset_cropped/10_Metas/02/11/20191002115400_00160.jpg,datasets_cloudmask/dataset_cropped/10_Metas/02/11/20191002115400_00160.png,776.1,962,76.8,28.6,959
10/2/2019 11:55,datasets/dataset_cropped/10_Metas/02/11/20191002115500_00160.jpg,datasets_flow/dataset_cropped/10_Metas/02/11/20191002115500_00160.jpg,datasets_cloudmask/dataset_cropped/10_Metas/02/11/20191002115500_00160.png,777.2,962,77,28.9,959
10/2/2019 11:56,datasets/dataset_cropped/10_Metas/02/11/20191002115600_00160.jpg,datasets_flow/dataset_cropped/10_Metas/02/11/20191002115600_00160.jpg,datasets_cloudmask/dataset_cropped/10_Metas/02/11/20191002115600_00160.png,778.7,962,77.2,28.7,959
10/2/2019 11:57,datasets/dataset_cropped/10_Metas/02/11/20191002115700_00160.jpg,datasets_flow/dataset_cropped/10_Metas/02/11/20191002115700_00160.jpg,datasets_cloudmask/dataset_cropped/10_Metas/02/11/20191002115700_00160.png,780,962,77.4,28.5,959
10/2/2019 11:58,datasets/dataset_cropped/10_Metas/02/11/20191002115800_00160.jpg,datasets_flow/dataset_cropped/10_Metas/02/11/20191002115800_00160.jpg,datasets_cloudmask/dataset_cropped/10_Metas/02/11/20191002115800_00160.png,780.6,961,77.6,28.6,959
10/2/2019 11:59,datasets/dataset_cropped/10_Metas/02/11/20191002115900_00160.jpg,datasets_flow/dataset_cropped/10_Metas/02/11/20191002115900_00160.jpg,datasets_cloudmask/dataset_cropped/10_Metas/02/11/20191002115900_00160.png,782.3,962,77.2,28.4,959
10/2/2019 12:00,datasets/dataset_cropped/10_Metas/02/12/20191002120000_00160.jpg,datasets_flow/dataset_cropped/10_Metas/02/12/20191002120000_00160.jpg,datasets_cloudmask/dataset_cropped/10_Metas/02/12/20191002120000_00160.png,784,963,77.3,28.3,959
10/2/2019 12:01,datasets/dataset_cropped/10_Metas/02/12/20191002120100_00160.jpg,datasets_flow/dataset_cropped/10_Metas/02/12/20191002120100_00160.jpg,datasets_cloudmask/dataset_cropped/10_Metas/02/12/20191002120100_00160.png,785.5,964,77.4,28.5,959
10/2/2019 12:02,datasets/dataset_cropped/10_Metas/02/12/20191002120200_00160.jpg,datasets_flow/dataset_cropped/10_Metas/02/12/20191002120200_00160.jpg,datasets_cloudmask/dataset_cropped/10_Metas/02/12/20191002120200_00160.png,787.3,966,77.3,28.8,959
10/2/2019 12:03,datasets/dataset_cropped/10_Metas/02/12/20191002120300_00160.jpg,datasets_flow/dataset_cropped/10_Metas/02/12/20191002120300_00160.jpg,datasets_cloudmask/dataset_cropped/10_Metas/02/12/20191002120300_00160.png,789.1,967,77.2,28.8,959
10/2/2019 12:04,datasets/dataset_cropped/10_Metas/02/12/20191002120400_00160.jpg,datasets_flow/dataset_cropped/10_Metas/02/12/20191002120400_00160.jpg,datasets_cloudmask/dataset_cropped/10_Metas/02/12/20191002120400_00160.png,790.2,967,77.6,28.8,959
10/2/2019 12:05,datasets/dataset_cropped/10_Metas/02/12/20191002120500_00160.jpg,datasets_flow/dataset_cropped/10_Metas/02/12/20191002120500_00160.jpg,datasets_cloudmask/dataset_cropped/10_Metas/02/12/20191002120500_00160.png,790.7,966,78.1,28.5,959
10/2/2019 12:06,datasets/dataset_cropped/10_Metas/02/12/20191002120600_00160.jpg,datasets_flow/dataset_cropped/10_Metas/02/12/20191002120600_00160.jpg,datasets_cloudmask/dataset_cropped/10_Metas/02/12/20191002120600_00160.png,789.3,962,78.6,28.4,959
10/2/2019 12:07,datasets/dataset_cropped/10_Metas/02/12/20191002120700_00160.jpg,datasets_flow/dataset_cropped/10_Metas/02/12/20191002120700_00160.jpg,datasets_cloudmask/dataset_cropped/10_Metas/02/12/20191002120700_00160.png,791.2,964,79.2,28.4,959
10/2/2019 12:08,datasets/dataset_cropped/10_Metas/02/12/20191002120800_00160.jpg,datasets_flow/dataset_cropped/10_Metas/02/12/20191002120800_00160.jpg,datasets_cloudmask/dataset_cropped/10_Metas/02/12/20191002120800_00160.png,792,965,79.6,28.4,959
10/2/2019 12:09,datasets/dataset_cropped/10_Metas/02/12/20191002120900_00160.jpg,datasets_flow/dataset_cropped/10_Metas/02/12/20191002120900_00160.jpg,datasets_cloudmask/dataset_cropped/10_Metas/02/12/20191002120900_00160.png,792.4,965,79.7,28.6,959
10/2/2019 12:10,datasets/dataset_cropped/10_Metas/02/12/20191002121000_00160.jpg,datasets_flow/dataset_cropped/10_Metas/02/12/20191002121000_00160.jpg,datasets_cloudmask/dataset_cropped/10_Metas/02/12/20191002121000_00160.png,793.8,966,79.7,28.8,959
10/2/2019 12:11,datasets/dataset_cropped/10_Metas/02/12/20191002121100_00160.jpg,datasets_flow/dataset_cropped/10_Metas/02/12/20191002121100_00160.jpg,datasets_cloudmask/dataset_cropped/10_Metas/02/12/20191002121100_00160.png,792.8,964,79.3,28.9,959
10/2/2019 12:12,datasets/dataset_cropped/10_Metas/02/12/20191002121200_00160.jpg,datasets_flow/dataset_cropped/10_Metas/02/12/20191002121200_00160.jpg,datasets_cloudmask/dataset_cropped/10_Metas/02/12/20191002121200_00160.png,792.1,961,79.5,28.9,959
10/2/2019 12:13,datasets/dataset_cropped/10_Metas/02/12/20191002121300_00160.jpg,datasets_flow/dataset_cropped/10_Metas/02/12/20191002121300_00160.jpg,datasets_cloudmask/dataset_cropped/10_Metas/02/12/20191002121300_00160.png,793.2,961,79.9,29,959
10/2/2019 12:14,datasets/dataset_cropped/10_Metas/02/12/20191002121400_00160.jpg,datasets_flow/dataset_cropped/10_Metas/02/12/20191002121400_00160.jpg,datasets_cloudmask/dataset_cropped/10_Metas/02/12/20191002121400_00160.png,795.3,963,80,28.9,959
10/2/2019 12:15,datasets/dataset_cropped/10_Metas/02/12/20191002121500_00160.jpg,datasets_flow/dataset_cropped/10_Metas/02/12/20191002121500_00160.jpg,datasets_cloudmask/dataset_cropped/10_Metas/02/12/20191002121500_00160.png,798.7,967,79.4,28.8,959
10/2/2019 12:16,datasets/dataset_cropped/10_Metas/02/12/20191002121600_00160.jpg,datasets_flow/dataset_cropped/10_Metas/02/12/20191002121600_00160.jpg,datasets_cloudmask/dataset_cropped/10_Metas/02/12/20191002121600_00160.png,799.7,967,79.2,28.7,959
10/2/2019 12:17,datasets/dataset_cropped/10_Metas/02/12/20191002121700_00160.jpg,datasets_flow/dataset_cropped/10_Metas/02/12/20191002121700_00160.jpg,datasets_cloudmask/dataset_cropped/10_Metas/02/12/20191002121700_00160.png,801,967,78.8,28.7,959
10/2/2019 12:18,datasets/dataset_cropped/10_Metas/02/12/20191002121800_00160.jpg,datasets_flow/dataset_cropped/10_Metas/02/12/20191002121800_00160.jpg,datasets_cloudmask/dataset_cropped/10_Metas/02/12/20191002121800_00160.png,803,968,79.2,28.9,959
10/2/2019 12:19,datasets/dataset_cropped/10_Metas/02/12/20191002121900_00160.jpg,datasets_flow/dataset_cropped/10_Metas/02/12/20191002121900_00160.jpg,datasets_cloudmask/dataset_cropped/10_Metas/02/12/20191002121900_00160.png,801,965,79.5,29.3,959
10/2/2019 12:20,datasets/dataset_cropped/10_Metas/02/12/20191002122000_00160.jpg,datasets_flow/dataset_cropped/10_Metas/02/12/20191002122000_00160.jpg,datasets_cloudmask/dataset_cropped/10_Metas/02/12/20191002122000_00160.png,798.5,961,79.9,29.6,959
10/2/2019 12:21,datasets/dataset_cropped/10_Metas/02/12/20191002122100_00160.jpg,datasets_flow/dataset_cropped/10_Metas/02/12/20191002122100_00160.jpg,datasets_cloudmask/dataset_cropped/10_Metas/02/12/20191002122100_00160.png,798.6,960,80.1,29.9,959
10/2/2019 12:22,datasets/dataset_cropped/10_Metas/02/12/20191002122200_00160.jpg,datasets_flow/dataset_cropped/10_Metas/02/12/20191002122200_00160.jpg,datasets_cloudmask/dataset_cropped/10_Metas/02/12/20191002122200_00160.png,799.6,960,80.2,29.8,959
10/2/2019 12:23,datasets/dataset_cropped/10_Metas/02/12/20191002122300_00160.jpg,datasets_flow/dataset_cropped/10_Metas/02/12/20191002122300_00160.jpg,datasets_cloudmask/dataset_cropped/10_Metas/02/12/20191002122300_00160.png,799.8,959,80.5,29.5,959
10/2/2019 12:24,datasets/dataset_cropped/10_Metas/02/12/20191002122400_00160.jpg,datasets_flow/dataset_cropped/10_Metas/02/12/20191002122400_00160.jpg,datasets_cloudmask/dataset_cropped/10_Metas/02/12/20191002122400_00160.png,800,958,81.1,29.3,959
10/2/2019 12:25,datasets/dataset_cropped/10_Metas/02/12/20191002122500_00160.jpg,datasets_flow/dataset_cropped/10_Metas/02/12/20191002122500_00160.jpg,datasets_cloudmask/dataset_cropped/10_Metas/02/12/20191002122500_00160.png,798.7,956,81.7,29.1,959
10/2/2019 12:26,datasets/dataset_cropped/10_Metas/02/12/20191002122600_00160.jpg,datasets_flow/dataset_cropped/10_Metas/02/12/20191002122600_00160.jpg,datasets_cloudmask/dataset_cropped/10_Metas/02/12/20191002122600_00160.png,798.4,956,81.9,28.9,959
10/2/2019 12:27,datasets/dataset_cropped/10_Metas/02/12/20191002122700_00160.jpg,datasets_flow/dataset_cropped/10_Metas/02/12/20191002122700_00160.jpg,datasets_cloudmask/dataset_cropped/10_Metas/02/12/20191002122700_00160.png,799.3,956,81.9,28.7,959
10/2/2019 12:28,datasets/dataset_cropped/10_Metas/02/12/20191002122800_00160.jpg,datasets_flow/dataset_cropped/10_Metas/02/12/20191002122800_00160.jpg,datasets_cloudmask/dataset_cropped/10_Metas/02/12/20191002122800_00160.png,800,956,82.4,28.6,959
10/2/2019 12:29,datasets/dataset_cropped/10_Metas/02/12/20191002122900_00160.jpg,datasets_flow/dataset_cropped/10_Metas/02/12/20191002122900_00160.jpg,datasets_cloudmask/dataset_cropped/10_Metas/02/12/20191002122900_00160.png,800,956,82.1,28.8,959
10/2/2019 12:30,datasets/dataset_cropped/10_Metas/02/12/20191002123000_00160.jpg,datasets_flow/dataset_cropped/10_Metas/02/12/20191002123000_00160.jpg,datasets_cloudmask/dataset_cropped/10_Metas/02/12/20191002123000_00160.png,800,955,81.9,28.7,959
10/2/2019 12:31,datasets/dataset_cropped/10_Metas/02/12/20191002123100_00160.jpg,datasets_flow/dataset_cropped/10_Metas/02/12/20191002123100_00160.jpg,datasets_cloudmask/dataset_cropped/10_Metas/02/12/20191002123100_00160.png,801,954,81.6,28.8,959
10/2/2019 12:32,datasets/dataset_cropped/10_Metas/02/12/20191002123200_00160.jpg,datasets_flow/dataset_cropped/10_Metas/02/12/20191002123200_00160.jpg,datasets_cloudmask/dataset_cropped/10_Metas/02/12/20191002123200_00160.png,801,953,81.8,29.2,959
10/2/2019 12:33,datasets/dataset_cropped/10_Metas/02/12/20191002123300_00160.jpg,datasets_flow/dataset_cropped/10_Metas/02/12/20191002123300_00160.jpg,datasets_cloudmask/dataset_cropped/10_Metas/02/12/20191002123300_00160.png,802,953,81.9,29.5,959
10/2/2019 12:34,datasets/dataset_cropped/10_Metas/02/12/20191002123400_00160.jpg,datasets_flow/dataset_cropped/10_Metas/02/12/20191002123400_00160.jpg,datasets_cloudmask/dataset_cropped/10_Metas/02/12/20191002123400_00160.png,802,953,82.1,29.4,959
10/2/2019 12:35,datasets/dataset_cropped/10_Metas/02/12/20191002123500_00160.jpg,datasets_flow/dataset_cropped/10_Metas/02/12/20191002123500_00160.jpg,datasets_cloudmask/dataset_cropped/10_Metas/02/12/20191002123500_00160.png,803,953,83.2,29.2,959
10/2/2019 12:36,datasets/dataset_cropped/10_Metas/02/12/20191002123600_00160.jpg,datasets_flow/dataset_cropped/10_Metas/02/12/20191002123600_00160.jpg,datasets_cloudmask/dataset_cropped/10_Metas/02/12/20191002123600_00160.png,802,953,82.9,29.2,959
10/2/2019 12:37,datasets/dataset_cropped/10_Metas/02/12/20191002123700_00160.jpg,datasets_flow/dataset_cropped/10_Metas/02/12/20191002123700_00160.jpg,datasets_cloudmask/dataset_cropped/10_Metas/02/12/20191002123700_00160.png,801,953,82.4,29,959
10/2/2019 12:38,datasets/dataset_cropped/10_Metas/02/12/20191002123800_00160.jpg,datasets_flow/dataset_cropped/10_Metas/02/12/20191002123800_00160.jpg,datasets_cloudmask/dataset_cropped/10_Metas/02/12/20191002123800_00160.png,802,953,82.4,28.8,959
10/2/2019 12:39,datasets/dataset_cropped/10_Metas/02/12/20191002123900_00160.jpg,datasets_flow/dataset_cropped/10_Metas/02/12/20191002123900_00160.jpg,datasets_cloudmask/dataset_cropped/10_Metas/02/12/20191002123900_00160.png,802,953,82.8,28.9,959
10/2/2019 12:40,datasets/dataset_cropped/10_Metas/02/12/20191002124000_00160.jpg,datasets_flow/dataset_cropped/10_Metas/02/12/20191002124000_00160.jpg,datasets_cloudmask/dataset_cropped/10_Metas/02/12/20191002124000_00160.png,802,952,82.8,28.9,959
10/2/2019 12:41,datasets/dataset_cropped/10_Metas/02/12/20191002124100_00160.jpg,datasets_flow/dataset_cropped/10_Metas/02/12/20191002124100_00160.jpg,datasets_cloudmask/dataset_cropped/10_Metas/02/12/20191002124100_00160.png,803,952,83.1,28.9,959
10/2/2019 12:42,datasets/dataset_cropped/10_Metas/02/12/20191002124200_00160.jpg,datasets_flow/dataset_cropped/10_Metas/02/12/20191002124200_00160.jpg,datasets_cloudmask/dataset_cropped/10_Metas/02/12/20191002124200_00160.png,804,955,82.5,28.7,959
10/2/2019 12:43,datasets/dataset_cropped/10_Metas/02/12/20191002124300_00160.jpg,datasets_flow/dataset_cropped/10_Metas/02/12/20191002124300_00160.jpg,datasets_cloudmask/dataset_cropped/10_Metas/02/12/20191002124300_00160.png,804,953,82.7,28.6,959
10/2/2019 12:44,datasets/dataset_cropped/10_Metas/02/12/20191002124400_00160.jpg,datasets_flow/dataset_cropped/10_Metas/02/12/20191002124400_00160.jpg,datasets_cloudmask/dataset_cropped/10_Metas/02/12/20191002124400_00160.png,805,954,82.7,28.8,959
10/2/2019 12:45,datasets/dataset_cropped/10_Metas/02/12/20191002124500_00160.jpg,datasets_flow/dataset_cropped/10_Metas/02/12/20191002124500_00160.jpg,datasets_cloudmask/dataset_cropped/10_Metas/02/12/20191002124500_00160.png,806,956,83,29.1,959
10/2/2019 12:46,datasets/dataset_cropped/10_Metas/02/12/20191002124600_00160.jpg,datasets_flow/dataset_cropped/10_Metas/02/12/20191002124600_00160.jpg,datasets_cloudmask/dataset_cropped/10_Metas/02/12/20191002124600_00160.png,806,956,83,29.6,959
10/2/2019 12:47,datasets/dataset_cropped/10_Metas/02/12/20191002124700_00160.jpg,datasets_flow/dataset_cropped/10_Metas/02/12/20191002124700_00160.jpg,datasets_cloudmask/dataset_cropped/10_Metas/02/12/20191002124700_00160.png,807,957,82.4,29.6,959
10/2/2019 12:48,datasets/dataset_cropped/10_Metas/02/12/20191002124800_00160.jpg,datasets_flow/dataset_cropped/10_Metas/02/12/20191002124800_00160.jpg,datasets_cloudmask/dataset_cropped/10_Metas/02/12/20191002124800_00160.png,807,956,82,29.4,959
10/2/2019 12:49,datasets/dataset_cropped/10_Metas/02/12/20191002124900_00160.jpg,datasets_flow/dataset_cropped/10_Metas/02/12/20191002124900_00160.jpg,datasets_cloudmask/dataset_cropped/10_Metas/02/12/20191002124900_00160.png,807,955,81.9,29.4,959
10/2/2019 12:50,datasets/dataset_cropped/10_Metas/02/12/20191002125000_00160.jpg,datasets_flow/dataset_cropped/10_Metas/02/12/20191002125000_00160.jpg,datasets_cloudmask/dataset_cropped/10_Metas/02/12/20191002125000_00160.png,806,954,81.9,29.6,959
10/2/2019 12:51,datasets/dataset_cropped/10_Metas/02/12/20191002125100_00160.jpg,datasets_flow/dataset_cropped/10_Metas/02/12/20191002125100_00160.jpg,datasets_cloudmask/dataset_cropped/10_Metas/02/12/20191002125100_00160.png,806,954,81.9,29.6,959
10/2/2019 12:52,datasets/dataset_cropped/10_Metas/02/12/20191002125200_00160.jpg,datasets_flow/dataset_cropped/10_Metas/02/12/20191002125200_00160.jpg,datasets_cloudmask/dataset_cropped/10_Metas/02/12/20191002125200_00160.png,807,954,81.7,29.4,959
10/2/2019 12:53,datasets/dataset_cropped/10_Metas/02/12/20191002125300_00160.jpg,datasets_flow/dataset_cropped/10_Metas/02/12/20191002125300_00160.jpg,datasets_cloudmask/dataset_cropped/10_Metas/02/12/20191002125300_00160.png,807,955,81.6,29.4,959
10/2/2019 12:54,datasets/dataset_cropped/10_Metas/02/12/20191002125400_00160.jpg,datasets_flow/dataset_cropped/10_Metas/02/12/20191002125400_00160.jpg,datasets_cloudmask/dataset_cropped/10_Metas/02/12/20191002125400_00160.png,807,955,82,29.5,959
10/2/2019 12:55,datasets/dataset_cropped/10_Metas/02/12/20191002125500_00160.jpg,datasets_flow/dataset_cropped/10_Metas/02/12/20191002125500_00160.jpg,datasets_cloudmask/dataset_cropped/10_Metas/02/12/20191002125500_00160.png,807,955,82,29.6,959
10/2/2019 12:56,datasets/dataset_cropped/10_Metas/02/12/20191002125600_00160.jpg,datasets_flow/dataset_cropped/10_Metas/02/12/20191002125600_00160.jpg,datasets_cloudmask/dataset_cropped/10_Metas/02/12/20191002125600_00160.png,808,956,82.2,29.6,959
10/2/2019 12:57,datasets/dataset_cropped/10_Metas/02/12/20191002125700_00160.jpg,datasets_flow/dataset_cropped/10_Metas/02/12/20191002125700_00160.jpg,datasets_cloudmask/dataset_cropped/10_Metas/02/12/20191002125700_00160.png,808,956,81.9,29.5,959
10/2/2019 12:58,datasets/dataset_cropped/10_Metas/02/12/20191002125800_00160.jpg,datasets_flow/dataset_cropped/10_Metas/02/12/20191002125800_00160.jpg,datasets_cloudmask/dataset_cropped/10_Metas/02/12/20191002125800_00160.png,808,956,81.7,29.3,959
10/2/2019 12:59,datasets/dataset_cropped/10_Metas/02/12/20191002125900_00160.jpg,datasets_flow/dataset_cropped/10_Metas/02/12/20191002125900_00160.jpg,datasets_cloudmask/dataset_cropped/10_Metas/02/12/20191002125900_00160.png,808,956,81.7,29.2,958
10/2/2019 13:00,datasets/dataset_cropped/10_Metas/02/13/20191002130000_00160.jpg,datasets_flow/dataset_cropped/10_Metas/02/13/20191002130000_00160.jpg,datasets_cloudmask/dataset_cropped/10_Metas/02/13/20191002130000_00160.png,808,956,81.6,29.1,958
10/2/2019 13:01,datasets/dataset_cropped/10_Metas/02/13/20191002130100_00160.jpg,datasets_flow/dataset_cropped/10_Metas/02/13/20191002130100_00160.jpg,datasets_cloudmask/dataset_cropped/10_Metas/02/13/20191002130100_00160.png,807,955,81.7,29.1,958
10/2/2019 13:02,datasets/dataset_cropped/10_Metas/02/13/20191002130200_00160.jpg,datasets_flow/dataset_cropped/10_Metas/02/13/20191002130200_00160.jpg,datasets_cloudmask/dataset_cropped/10_Metas/02/13/20191002130200_00160.png,808,955,81.7,29.1,958
10/2/2019 13:03,datasets/dataset_cropped/10_Metas/02/13/20191002130300_00160.jpg,datasets_flow/dataset_cropped/10_Metas/02/13/20191002130300_00160.jpg,datasets_cloudmask/dataset_cropped/10_Metas/02/13/20191002130300_00160.png,807,955,81.8,29.3,958
10/2/2019 13:04,datasets/dataset_cropped/10_Metas/02/13/20191002130400_00160.jpg,datasets_flow/dataset_cropped/10_Metas/02/13/20191002130400_00160.jpg,datasets_cloudmask/dataset_cropped/10_Metas/02/13/20191002130400_00160.png,806,954,82,29.2,959
10/2/2019 13:05,datasets/dataset_cropped/10_Metas/02/13/20191002130500_00160.jpg,datasets_flow/dataset_cropped/10_Metas/02/13/20191002130500_00160.jpg,datasets_cloudmask/dataset_cropped/10_Metas/02/13/20191002130500_00160.png,807,955,82.3,29.1,958
10/2/2019 13:06,datasets/dataset_cropped/10_Metas/02/13/20191002130600_00160.jpg,datasets_flow/dataset_cropped/10_Metas/02/13/20191002130600_00160.jpg,datasets_cloudmask/dataset_cropped/10_Metas/02/13/20191002130600_00160.png,807,955,82.4,29.2,958
10/2/2019 13:07,datasets/dataset_cropped/10_Metas/02/13/20191002130700_00160.jpg,datasets_flow/dataset_cropped/10_Metas/02/13/20191002130700_00160.jpg,datasets_cloudmask/dataset_cropped/10_Metas/02/13/20191002130700_00160.png,806,954,82.3,29.2,958
10/2/2019 13:08,datasets/dataset_cropped/10_Metas/02/13/20191002130800_00160.jpg,datasets_flow/dataset_cropped/10_Metas/02/13/20191002130800_00160.jpg,datasets_cloudmask/dataset_cropped/10_Metas/02/13/20191002130800_00160.png,807,955,82.3,29.2,958
10/2/2019 13:09,datasets/dataset_cropped/10_Metas/02/13/20191002130900_00160.jpg,datasets_flow/dataset_cropped/10_Metas/02/13/20191002130900_00160.jpg,datasets_cloudmask/dataset_cropped/10_Metas/02/13/20191002130900_00160.png,806,955,82.4,29.1,958
10/2/2019 13:10,datasets/dataset_cropped/10_Metas/02/13/20191002131000_00160.jpg,datasets_flow/dataset_cropped/10_Metas/02/13/20191002131000_00160.jpg,datasets_cloudmask/dataset_cropped/10_Metas/02/13/20191002131000_00160.png,807,956,83.1,29.1,958
10/2/2019 13:11,datasets/dataset_cropped/10_Metas/02/13/20191002131100_00160.jpg,datasets_flow/dataset_cropped/10_Metas/02/13/20191002131100_00160.jpg,datasets_cloudmask/dataset_cropped/10_Metas/02/13/20191002131100_00160.png,807,957,83,29.2,958
10/2/2019 13:12,datasets/dataset_cropped/10_Metas/02/13/20191002131200_00160.jpg,datasets_flow/dataset_cropped/10_Metas/02/13/20191002131200_00160.jpg,datasets_cloudmask/dataset_cropped/10_Metas/02/13/20191002131200_00160.png,807,957,82.8,29.3,958
10/2/2019 13:13,datasets/dataset_cropped/10_Metas/02/13/20191002131300_00160.jpg,datasets_flow/dataset_cropped/10_Metas/02/13/20191002131300_00160.jpg,datasets_cloudmask/dataset_cropped/10_Metas/02/13/20191002131300_00160.png,806,955,82.4,29.5,958
10/2/2019 13:14,datasets/dataset_cropped/10_Metas/02/13/20191002131400_00160.jpg,datasets_flow/dataset_cropped/10_Metas/02/13/20191002131400_00160.jpg,datasets_cloudmask/dataset_cropped/10_Metas/02/13/20191002131400_00160.png,804,953,82.4,29.6,958
10/2/2019 13:15,datasets/dataset_cropped/10_Metas/02/13/20191002131500_00160.jpg,datasets_flow/dataset_cropped/10_Metas/02/13/20191002131500_00160.jpg,datasets_cloudmask/dataset_cropped/10_Metas/02/13/20191002131500_00160.png,804,952,82,29.8,958
10/2/2019 13:16,datasets/dataset_cropped/10_Metas/02/13/20191002131600_00160.jpg,datasets_flow/dataset_cropped/10_Metas/02/13/20191002131600_00160.jpg,datasets_cloudmask/dataset_cropped/10_Metas/02/13/20191002131600_00160.png,804,952,81.8,29.9,958
10/2/2019 13:17,datasets/dataset_cropped/10_Metas/02/13/20191002131700_00160.jpg,datasets_flow/dataset_cropped/10_Metas/02/13/20191002131700_00160.jpg,datasets_cloudmask/dataset_cropped/10_Metas/02/13/20191002131700_00160.png,805,953,81.6,29.9,958
10/2/2019 13:18,datasets/dataset_cropped/10_Metas/02/13/20191002131800_00160.jpg,datasets_flow/dataset_cropped/10_Metas/02/13/20191002131800_00160.jpg,datasets_cloudmask/dataset_cropped/10_Metas/02/13/20191002131800_00160.png,804,954,81.4,29.9,958
10/2/2019 13:19,datasets/dataset_cropped/10_Metas/02/13/20191002131900_00160.jpg,datasets_flow/dataset_cropped/10_Metas/02/13/20191002131900_00160.jpg,datasets_cloudmask/dataset_cropped/10_Metas/02/13/20191002131900_00160.png,804,955,81.9,29.9,958
10/2/2019 13:20,datasets/dataset_cropped/10_Metas/02/13/20191002132000_00160.jpg,datasets_flow/dataset_cropped/10_Metas/02/13/20191002132000_00160.jpg,datasets_cloudmask/dataset_cropped/10_Metas/02/13/20191002132000_00160.png,805,957,82.1,29.9,958
10/2/2019 13:21,datasets/dataset_cropped/10_Metas/02/13/20191002132100_00160.jpg,datasets_flow/dataset_cropped/10_Metas/02/13/20191002132100_00160.jpg,datasets_cloudmask/dataset_cropped/10_Metas/02/13/20191002132100_00160.png,804,957,82.2,29.8,958
10/2/2019 13:22,datasets/dataset_cropped/10_Metas/02/13/20191002132200_00160.jpg,datasets_flow/dataset_cropped/10_Metas/02/13/20191002132200_00160.jpg,datasets_cloudmask/dataset_cropped/10_Metas/02/13/20191002132200_00160.png,803,956,82.6,29.9,958
10/2/2019 13:23,datasets/dataset_cropped/10_Metas/02/13/20191002132300_00160.jpg,datasets_flow/dataset_cropped/10_Metas/02/13/20191002132300_00160.jpg,datasets_cloudmask/dataset_cropped/10_Metas/02/13/20191002132300_00160.png,803,956,82.4,30.1,958
10/2/2019 13:24,datasets/dataset_cropped/10_Metas/02/13/20191002132400_00160.jpg,datasets_flow/dataset_cropped/10_Metas/02/13/20191002132400_00160.jpg,datasets_cloudmask/dataset_cropped/10_Metas/02/13/20191002132400_00160.png,802,955,82.5,30.2,958
10/2/2019 13:25,datasets/dataset_cropped/10_Metas/02/13/20191002132500_00160.jpg,datasets_flow/dataset_cropped/10_Metas/02/13/20191002132500_00160.jpg,datasets_cloudmask/dataset_cropped/10_Metas/02/13/20191002132500_00160.png,802,955,82.2,30.1,958
10/2/2019 13:26,datasets/dataset_cropped/10_Metas/02/13/20191002132600_00160.jpg,datasets_flow/dataset_cropped/10_Metas/02/13/20191002132600_00160.jpg,datasets_cloudmask/dataset_cropped/10_Metas/02/13/20191002132600_00160.png,801,955,82,29.9,958
10/2/2019 13:27,datasets/dataset_cropped/10_Metas/02/13/20191002132700_00160.jpg,datasets_flow/dataset_cropped/10_Metas/02/13/20191002132700_00160.jpg,datasets_cloudmask/dataset_cropped/10_Metas/02/13/20191002132700_00160.png,799.8,953,82.4,29.8,958
10/2/2019 13:28,datasets/dataset_cropped/10_Metas/02/13/20191002132800_00160.jpg,datasets_flow/dataset_cropped/10_Metas/02/13/20191002132800_00160.jpg,datasets_cloudmask/dataset_cropped/10_Metas/02/13/20191002132800_00160.png,797.6,950,82.1,29.9,958
10/2/2019 13:29,datasets/dataset_cropped/10_Metas/02/13/20191002132900_00160.jpg,datasets_flow/dataset_cropped/10_Metas/02/13/20191002132900_00160.jpg,datasets_cloudmask/dataset_cropped/10_Metas/02/13/20191002132900_00160.png,796.6,949,82.5,30,958
10/2/2019 13:30,datasets/dataset_cropped/10_Metas/02/13/20191002133000_00160.jpg,datasets_flow/dataset_cropped/10_Metas/02/13/20191002133000_00160.jpg,datasets_cloudmask/dataset_cropped/10_Metas/02/13/20191002133000_00160.png,796.8,949,82.4,30.1,958
10/2/2019 13:31,datasets/dataset_cropped/10_Metas/02/13/20191002133100_00160.jpg,datasets_flow/dataset_cropped/10_Metas/02/13/20191002133100_00160.jpg,datasets_cloudmask/dataset_cropped/10_Metas/02/13/20191002133100_00160.png,796.1,948,82.5,30.1,958
10/2/2019 13:32,datasets/dataset_cropped/10_Metas/02/13/20191002133200_00160.jpg,datasets_flow/dataset_cropped/10_Metas/02/13/20191002133200_00160.jpg,datasets_cloudmask/dataset_cropped/10_Metas/02/13/20191002133200_00160.png,794.5,946,82.3,30.2,958
10/2/2019 13:33,datasets/dataset_cropped/10_Metas/02/13/20191002133300_00160.jpg,datasets_flow/dataset_cropped/10_Metas/02/13/20191002133300_00160.jpg,datasets_cloudmask/dataset_cropped/10_Metas/02/13/20191002133300_00160.png,793.2,944,82.6,30,958
10/2/2019 13:34,datasets/dataset_cropped/10_Metas/02/13/20191002133400_00160.jpg,datasets_flow/dataset_cropped/10_Metas/02/13/20191002133400_00160.jpg,datasets_cloudmask/dataset_cropped/10_Metas/02/13/20191002133400_00160.png,792.7,944,83.1,29.9,958
10/2/2019 13:35,datasets/dataset_cropped/10_Metas/02/13/20191002133500_00160.jpg,datasets_flow/dataset_cropped/10_Metas/02/13/20191002133500_00160.jpg,datasets_cloudmask/dataset_cropped/10_Metas/02/13/20191002133500_00160.png,791.4,943,83.1,29.8,958
10/2/2019 13:36,datasets/dataset_cropped/10_Metas/02/13/20191002133600_00160.jpg,datasets_flow/dataset_cropped/10_Metas/02/13/20191002133600_00160.jpg,datasets_cloudmask/dataset_cropped/10_Metas/02/13/20191002133600_00160.png,791.5,944,83,29.9,958
10/2/2019 13:37,datasets/dataset_cropped/10_Metas/02/13/20191002133700_00160.jpg,datasets_flow/dataset_cropped/10_Metas/02/13/20191002133700_00160.jpg,datasets_cloudmask/dataset_cropped/10_Metas/02/13/20191002133700_00160.png,790.6,943,83,29.8,958
10/2/2019 13:38,datasets/dataset_cropped/10_Metas/02/13/20191002133800_00160.jpg,datasets_flow/dataset_cropped/10_Metas/02/13/20191002133800_00160.jpg,datasets_cloudmask/dataset_cropped/10_Metas/02/13/20191002133800_00160.png,790.3,944,83.1,29.7,958
10/2/2019 13:39,datasets/dataset_cropped/10_Metas/02/13/20191002133900_00160.jpg,datasets_flow/dataset_cropped/10_Metas/02/13/20191002133900_00160.jpg,datasets_cloudmask/dataset_cropped/10_Metas/02/13/20191002133900_00160.png,788.3,942,83.1,29.8,958
10/2/2019 13:40,datasets/dataset_cropped/10_Metas/02/13/20191002134000_00160.jpg,datasets_flow/dataset_cropped/10_Metas/02/13/20191002134000_00160.jpg,datasets_cloudmask/dataset_cropped/10_Metas/02/13/20191002134000_00160.png,786.3,941,83.3,29.8,958
10/2/2019 13:41,datasets/dataset_cropped/10_Metas/02/13/20191002134100_00160.jpg,datasets_flow/dataset_cropped/10_Metas/02/13/20191002134100_00160.jpg,datasets_cloudmask/dataset_cropped/10_Metas/02/13/20191002134100_00160.png,785.7,941,83.3,29.7,958
10/2/2019 13:42,datasets/dataset_cropped/10_Metas/02/13/20191002134200_00160.jpg,datasets_flow/dataset_cropped/10_Metas/02/13/20191002134200_00160.jpg,datasets_cloudmask/dataset_cropped/10_Metas/02/13/20191002134200_00160.png,784.7,941,84.3,29.7,958
10/2/2019 13:43,datasets/dataset_cropped/10_Metas/02/13/20191002134300_00160.jpg,datasets_flow/dataset_cropped/10_Metas/02/13/20191002134300_00160.jpg,datasets_cloudmask/dataset_cropped/10_Metas/02/13/20191002134300_00160.png,784.5,942,84.2,29.9,958
10/2/2019 13:44,datasets/dataset_cropped/10_Metas/02/13/20191002134400_00160.jpg,datasets_flow/dataset_cropped/10_Metas/02/13/20191002134400_00160.jpg,datasets_cloudmask/dataset_cropped/10_Metas/02/13/20191002134400_00160.png,784,942,83.6,29.8,958
10/2/2019 13:45,datasets/dataset_cropped/10_Metas/02/13/20191002134500_00160.jpg,datasets_flow/dataset_cropped/10_Metas/02/13/20191002134500_00160.jpg,datasets_cloudmask/dataset_cropped/10_Metas/02/13/20191002134500_00160.png,783.7,942,83.6,29.9,958
10/2/2019 13:46,datasets/dataset_cropped/10_Metas/02/13/20191002134600_00160.jpg,datasets_flow/dataset_cropped/10_Metas/02/13/20191002134600_00160.jpg,datasets_cloudmask/dataset_cropped/10_Metas/02/13/20191002134600_00160.png,783.3,942,84,30.1,958
10/2/2019 13:47,datasets/dataset_cropped/10_Metas/02/13/20191002134700_00160.jpg,datasets_flow/dataset_cropped/10_Metas/02/13/20191002134700_00160.jpg,datasets_cloudmask/dataset_cropped/10_Metas/02/13/20191002134700_00160.png,782.2,941,83.8,30.1,958
10/2/2019 13:48,datasets/dataset_cropped/10_Metas/02/13/20191002134800_00160.jpg,datasets_flow/dataset_cropped/10_Metas/02/13/20191002134800_00160.jpg,datasets_cloudmask/dataset_cropped/10_Metas/02/13/20191002134800_00160.png,780.4,939,84.2,29.9,958
10/2/2019 13:49,datasets/dataset_cropped/10_Metas/02/13/20191002134900_00160.jpg,datasets_flow/dataset_cropped/10_Metas/02/13/20191002134900_00160.jpg,datasets_cloudmask/dataset_cropped/10_Metas/02/13/20191002134900_00160.png,778.9,937,84.3,29.8,958
10/2/2019 13:50,datasets/dataset_cropped/10_Metas/02/13/20191002135000_00160.jpg,datasets_flow/dataset_cropped/10_Metas/02/13/20191002135000_00160.jpg,datasets_cloudmask/dataset_cropped/10_Metas/02/13/20191002135000_00160.png,777.9,937,84.2,29.9,958
10/2/2019 13:51,datasets/dataset_cropped/10_Metas/02/13/20191002135100_00160.jpg,datasets_flow/dataset_cropped/10_Metas/02/13/20191002135100_00160.jpg,datasets_cloudmask/dataset_cropped/10_Metas/02/13/20191002135100_00160.png,777.3,937,84.4,30.2,958
10/2/2019 13:52,datasets/dataset_cropped/10_Metas/02/13/20191002135200_00160.jpg,datasets_flow/dataset_cropped/10_Metas/02/13/20191002135200_00160.jpg,datasets_cloudmask/dataset_cropped/10_Metas/02/13/20191002135200_00160.png,776.2,936,84.9,30.5,958
10/2/2019 13:53,datasets/dataset_cropped/10_Metas/02/13/20191002135300_00160.jpg,datasets_flow/dataset_cropped/10_Metas/02/13/20191002135300_00160.jpg,datasets_cloudmask/dataset_cropped/10_Metas/02/13/20191002135300_00160.png,775.4,936,85.1,30.7,958
10/2/2019 13:54,datasets/dataset_cropped/10_Metas/02/13/20191002135400_00160.jpg,datasets_flow/dataset_cropped/10_Metas/02/13/20191002135400_00160.jpg,datasets_cloudmask/dataset_cropped/10_Metas/02/13/20191002135400_00160.png,773.3,934,85.4,30.5,958
10/2/2019 13:55,datasets/dataset_cropped/10_Metas/02/13/20191002135500_00160.jpg,datasets_flow/dataset_cropped/10_Metas/02/13/20191002135500_00160.jpg,datasets_cloudmask/dataset_cropped/10_Metas/02/13/20191002135500_00160.png,771.3,932,86,30.2,958
10/2/2019 13:56,datasets/dataset_cropped/10_Metas/02/13/20191002135600_00160.jpg,datasets_flow/dataset_cropped/10_Metas/02/13/20191002135600_00160.jpg,datasets_cloudmask/dataset_cropped/10_Metas/02/13/20191002135600_00160.png,769.2,930,86.2,29.9,958
10/2/2019 13:57,datasets/dataset_cropped/10_Metas/02/13/20191002135700_00160.jpg,datasets_flow/dataset_cropped/10_Metas/02/13/20191002135700_00160.jpg,datasets_cloudmask/dataset_cropped/10_Metas/02/13/20191002135700_00160.png,768.9,931,86.8,30,958
10/2/2019 13:58,datasets/dataset_cropped/10_Metas/02/13/20191002135800_00160.jpg,datasets_flow/dataset_cropped/10_Metas/02/13/20191002135800_00160.jpg,datasets_cloudmask/dataset_cropped/10_Metas/02/13/20191002135800_00160.png,767.7,930,86.6,30.1,958
10/2/2019 13:59,datasets/dataset_cropped/10_Metas/02/13/20191002135900_00160.jpg,datasets_flow/dataset_cropped/10_Metas/02/13/20191002135900_00160.jpg,datasets_cloudmask/dataset_cropped/10_Metas/02/13/20191002135900_00160.png,766.8,930,86.1,30.1,958
10/2/2019 14:00,datasets/dataset_cropped/10_Metas/02/14/20191002140000_00160.jpg,datasets_flow/dataset_cropped/10_Metas/02/14/20191002140000_00160.jpg,datasets_cloudmask/dataset_cropped/10_Metas/02/14/20191002140000_00160.png,766,929,85.6,30.1,958
10/2/2019 14:01,datasets/dataset_cropped/10_Metas/02/14/20191002140100_00160.jpg,datasets_flow/dataset_cropped/10_Metas/02/14/20191002140100_00160.jpg,datasets_cloudmask/dataset_cropped/10_Metas/02/14/20191002140100_00160.png,765.4,929,85.6,30.2,958
10/2/2019 14:02,datasets/dataset_cropped/10_Metas/02/14/20191002140200_00160.jpg,datasets_flow/dataset_cropped/10_Metas/02/14/20191002140200_00160.jpg,datasets_cloudmask/dataset_cropped/10_Metas/02/14/20191002140200_00160.png,764.6,928,86,30.3,958
10/2/2019 14:03,datasets/dataset_cropped/10_Metas/02/14/20191002140300_00160.jpg,datasets_flow/dataset_cropped/10_Metas/02/14/20191002140300_00160.jpg,datasets_cloudmask/dataset_cropped/10_Metas/02/14/20191002140300_00160.png,762.7,927,86.3,30.2,958
10/2/2019 14:04,datasets/dataset_cropped/10_Metas/02/14/20191002140400_00160.jpg,datasets_flow/dataset_cropped/10_Metas/02/14/20191002140400_00160.jpg,datasets_cloudmask/dataset_cropped/10_Metas/02/14/20191002140400_00160.png,761.4,926,86.6,30.3,958
10/2/2019 14:05,datasets/dataset_cropped/10_Metas/02/14/20191002140500_00160.jpg,datasets_flow/dataset_cropped/10_Metas/02/14/20191002140500_00160.jpg,datasets_cloudmask/dataset_cropped/10_Metas/02/14/20191002140500_00160.png,760.7,926,87.2,30.4,958
10/2/2019 14:06,datasets/dataset_cropped/10_Metas/02/14/20191002140600_00160.jpg,datasets_flow/dataset_cropped/10_Metas/02/14/20191002140600_00160.jpg,datasets_cloudmask/dataset_cropped/10_Metas/02/14/20191002140600_00160.png,758.6,924,87.7,30.6,958
10/2/2019 14:07,datasets/dataset_cropped/10_Metas/02/14/20191002140700_00160.jpg,datasets_flow/dataset_cropped/10_Metas/02/14/20191002140700_00160.jpg,datasets_cloudmask/dataset_cropped/10_Metas/02/14/20191002140700_00160.png,756.1,922,87.8,30.9,958
10/2/2019 14:08,datasets/dataset_cropped/10_Metas/02/14/20191002140800_00160.jpg,datasets_flow/dataset_cropped/10_Metas/02/14/20191002140800_00160.jpg,datasets_cloudmask/dataset_cropped/10_Metas/02/14/20191002140800_00160.png,753.4,918,88,30.9,958
10/2/2019 14:09,datasets/dataset_cropped/10_Metas/02/14/20191002140900_00160.jpg,datasets_flow/dataset_cropped/10_Metas/02/14/20191002140900_00160.jpg,datasets_cloudmask/dataset_cropped/10_Metas/02/14/20191002140900_00160.png,752.7,919,88,30.8,958
10/2/2019 14:10,datasets/dataset_cropped/10_Metas/02/14/20191002141000_00160.jpg,datasets_flow/dataset_cropped/10_Metas/02/14/20191002141000_00160.jpg,datasets_cloudmask/dataset_cropped/10_Metas/02/14/20191002141000_00160.png,751.3,917,88.5,30.3,958
10/2/2019 14:11,datasets/dataset_cropped/10_Metas/02/14/20191002141100_00160.jpg,datasets_flow/dataset_cropped/10_Metas/02/14/20191002141100_00160.jpg,datasets_cloudmask/dataset_cropped/10_Metas/02/14/20191002141100_00160.png,749.7,914,90.3,30,958
10/2/2019 14:12,datasets/dataset_cropped/10_Metas/02/14/20191002141200_00160.jpg,datasets_flow/dataset_cropped/10_Metas/02/14/20191002141200_00160.jpg,datasets_cloudmask/dataset_cropped/10_Metas/02/14/20191002141200_00160.png,728.4,875,97,29.8,958
10/2/2019 14:13,datasets/dataset_cropped/10_Metas/02/14/20191002141300_00160.jpg,datasets_flow/dataset_cropped/10_Metas/02/14/20191002141300_00160.jpg,datasets_cloudmask/dataset_cropped/10_Metas/02/14/20191002141300_00160.png,746.8,910,90.8,29.5,958
10/2/2019 14:14,datasets/dataset_cropped/10_Metas/02/14/20191002141400_00160.jpg,datasets_flow/dataset_cropped/10_Metas/02/14/20191002141400_00160.jpg,datasets_cloudmask/dataset_cropped/10_Metas/02/14/20191002141400_00160.png,745.9,910,90.6,29.4,958
10/2/2019 14:15,datasets/dataset_cropped/10_Metas/02/14/20191002141500_00160.jpg,datasets_flow/dataset_cropped/10_Metas/02/14/20191002141500_00160.jpg,datasets_cloudmask/dataset_cropped/10_Metas/02/14/20191002141500_00160.png,743.6,908,90.8,29.3,958
10/2/2019 14:16,datasets/dataset_cropped/10_Metas/02/14/20191002141600_00160.jpg,datasets_flow/dataset_cropped/10_Metas/02/14/20191002141600_00160.jpg,datasets_cloudmask/dataset_cropped/10_Metas/02/14/20191002141600_00160.png,740.5,905,91,29.4,958
10/2/2019 14:17,datasets/dataset_cropped/10_Metas/02/14/20191002141700_00160.jpg,datasets_flow/dataset_cropped/10_Metas/02/14/20191002141700_00160.jpg,datasets_cloudmask/dataset_cropped/10_Metas/02/14/20191002141700_00160.png,737.9,902,90.8,29.6,958
10/2/2019 14:18,datasets/dataset_cropped/10_Metas/02/14/20191002141800_00160.jpg,datasets_flow/dataset_cropped/10_Metas/02/14/20191002141800_00160.jpg,datasets_cloudmask/dataset_cropped/10_Metas/02/14/20191002141800_00160.png,736.5,901,91.3,29.6,958
10/2/2019 14:19,datasets/dataset_cropped/10_Metas/02/14/20191002141900_00160.jpg,datasets_flow/dataset_cropped/10_Metas/02/14/20191002141900_00160.jpg,datasets_cloudmask/dataset_cropped/10_Metas/02/14/20191002141900_00160.png,734.2,899,91.9,29.7,958
10/2/2019 14:20,datasets/dataset_cropped/10_Metas/02/14/20191002142000_00160.jpg,datasets_flow/dataset_cropped/10_Metas/02/14/20191002142000_00160.jpg,datasets_cloudmask/dataset_cropped/10_Metas/02/14/20191002142000_00160.png,731.8,898,92.7,30,958
10/2/2019 14:21,datasets/dataset_cropped/10_Metas/02/14/20191002142100_00160.jpg,datasets_flow/dataset_cropped/10_Metas/02/14/20191002142100_00160.jpg,datasets_cloudmask/dataset_cropped/10_Metas/02/14/20191002142100_00160.png,728.4,895,93.3,30.1,958
10/2/2019 14:22,datasets/dataset_cropped/10_Metas/02/14/20191002142200_00160.jpg,datasets_flow/dataset_cropped/10_Metas/02/14/20191002142200_00160.jpg,datasets_cloudmask/dataset_cropped/10_Metas/02/14/20191002142200_00160.png,726.8,894,93.5,30,958
10/2/2019 14:23,datasets/dataset_cropped/10_Metas/02/14/20191002142300_00160.jpg,datasets_flow/dataset_cropped/10_Metas/02/14/20191002142300_00160.jpg,datasets_cloudmask/dataset_cropped/10_Metas/02/14/20191002142300_00160.png,725.5,894,93.7,29.9,958
10/2/2019 14:24,datasets/dataset_cropped/10_Metas/02/14/20191002142400_00160.jpg,datasets_flow/dataset_cropped/10_Metas/02/14/20191002142400_00160.jpg,datasets_cloudmask/dataset_cropped/10_Metas/02/14/20191002142400_00160.png,723.5,893,93.4,30.1,958
10/2/2019 14:25,datasets/dataset_cropped/10_Metas/02/14/20191002142500_00160.jpg,datasets_flow/dataset_cropped/10_Metas/02/14/20191002142500_00160.jpg,datasets_cloudmask/dataset_cropped/10_Metas/02/14/20191002142500_00160.png,721.3,891,93,30.2,958
10/2/2019 14:26,datasets/dataset_cropped/10_Metas/02/14/20191002142600_00160.jpg,datasets_flow/dataset_cropped/10_Metas/02/14/20191002142600_00160.jpg,datasets_cloudmask/dataset_cropped/10_Metas/02/14/20191002142600_00160.png,718.1,889,92.7,30.2,958
10/2/2019 14:27,datasets/dataset_cropped/10_Metas/02/14/20191002142700_00160.jpg,datasets_flow/dataset_cropped/10_Metas/02/14/20191002142700_00160.jpg,datasets_cloudmask/dataset_cropped/10_Metas/02/14/20191002142700_00160.png,715.9,887,92.7,30.2,958
10/2/2019 14:28,datasets/dataset_cropped/10_Metas/02/14/20191002142800_00160.jpg,datasets_flow/dataset_cropped/10_Metas/02/14/20191002142800_00160.jpg,datasets_cloudmask/dataset_cropped/10_Metas/02/14/20191002142800_00160.png,714.3,885,93.2,30,958
10/2/2019 14:29,datasets/dataset_cropped/10_Metas/02/14/20191002142900_00160.jpg,datasets_flow/dataset_cropped/10_Metas/02/14/20191002142900_00160.jpg,datasets_cloudmask/dataset_cropped/10_Metas/02/14/20191002142900_00160.png,713.7,885,93.5,29.9,958
10/2/2019 14:30,datasets/dataset_cropped/10_Metas/02/14/20191002143000_00160.jpg,datasets_flow/dataset_cropped/10_Metas/02/14/20191002143000_00160.jpg,datasets_cloudmask/dataset_cropped/10_Metas/02/14/20191002143000_00160.png,713.5,887,93.1,29.9,958
10/2/2019 14:31,datasets/dataset_cropped/10_Metas/02/14/20191002143100_00160.jpg,datasets_flow/dataset_cropped/10_Metas/02/14/20191002143100_00160.jpg,datasets_cloudmask/dataset_cropped/10_Metas/02/14/20191002143100_00160.png,713,888,93.5,29.9,958
10/2/2019 14:32,datasets/dataset_cropped/10_Metas/02/14/20191002143200_00160.jpg,datasets_flow/dataset_cropped/10_Metas/02/14/20191002143200_00160.jpg,datasets_cloudmask/dataset_cropped/10_Metas/02/14/20191002143200_00160.png,709.8,885,93.9,29.8,958
10/2/2019 14:33,datasets/dataset_cropped/10_Metas/02/14/20191002143300_00160.jpg,datasets_flow/dataset_cropped/10_Metas/02/14/20191002143300_00160.jpg,datasets_cloudmask/dataset_cropped/10_Metas/02/14/20191002143300_00160.png,707.1,883,93.9,29.7,958
10/2/2019 14:34,datasets/dataset_cropped/10_Metas/02/14/20191002143400_00160.jpg,datasets_flow/dataset_cropped/10_Metas/02/14/20191002143400_00160.jpg,datasets_cloudmask/dataset_cropped/10_Metas/02/14/20191002143400_00160.png,706,883,94.2,29.5,958
10/2/2019 14:35,datasets/dataset_cropped/10_Metas/02/14/20191002143500_00160.jpg,datasets_flow/dataset_cropped/10_Metas/02/14/20191002143500_00160.jpg,datasets_cloudmask/dataset_cropped/10_Metas/02/14/20191002143500_00160.png,705,883,94.1,29.5,958
10/2/2019 14:36,datasets/dataset_cropped/10_Metas/02/14/20191002143600_00160.jpg,datasets_flow/dataset_cropped/10_Metas/02/14/20191002143600_00160.jpg,datasets_cloudmask/dataset_cropped/10_Metas/02/14/20191002143600_00160.png,707.5,889,93.6,29.7,958
10/2/2019 14:37,datasets/dataset_cropped/10_Metas/02/14/20191002143700_00160.jpg,datasets_flow/dataset_cropped/10_Metas/02/14/20191002143700_00160.jpg,datasets_cloudmask/dataset_cropped/10_Metas/02/14/20191002143700_00160.png,704.9,887,93.5,29.8,958
10/2/2019 14:38,datasets/dataset_cropped/10_Metas/02/14/20191002143800_00160.jpg,datasets_flow/dataset_cropped/10_Metas/02/14/20191002143800_00160.jpg,datasets_cloudmask/dataset_cropped/10_Metas/02/14/20191002143800_00160.png,703.3,886,93.1,29.8,958
10/2/2019 14:39,datasets/dataset_cropped/10_Metas/02/14/20191002143900_00160.jpg,datasets_flow/dataset_cropped/10_Metas/02/14/20191002143900_00160.jpg,datasets_cloudmask/dataset_cropped/10_Metas/02/14/20191002143900_00160.png,699.9,883,92.8,29.8,958
10/2/2019 14:40,datasets/dataset_cropped/10_Metas/02/14/20191002144000_00160.jpg,datasets_flow/dataset_cropped/10_Metas/02/14/20191002144000_00160.jpg,datasets_cloudmask/dataset_cropped/10_Metas/02/14/20191002144000_00160.png,698.7,882,92.4,29.7,958
10/2/2019 14:41,datasets/dataset_cropped/10_Metas/02/14/20191002144100_00160.jpg,datasets_flow/dataset_cropped/10_Metas/02/14/20191002144100_00160.jpg,datasets_cloudmask/dataset_cropped/10_Metas/02/14/20191002144100_00160.png,697.6,881,92.7,29.8,958
10/2/2019 14:42,datasets/dataset_cropped/10_Metas/02/14/20191002144200_00160.jpg,datasets_flow/dataset_cropped/10_Metas/02/14/20191002144200_00160.jpg,datasets_cloudmask/dataset_cropped/10_Metas/02/14/20191002144200_00160.png,695.3,879,93.1,29.7,958
10/2/2019 14:43,datasets/dataset_cropped/10_Metas/02/14/20191002144300_00160.jpg,datasets_flow/dataset_cropped/10_Metas/02/14/20191002144300_00160.jpg,datasets_cloudmask/dataset_cropped/10_Metas/02/14/20191002144300_00160.png,693.6,879,93.1,29.9,958
10/2/2019 14:44,datasets/dataset_cropped/10_Metas/02/14/20191002144400_00160.jpg,datasets_flow/dataset_cropped/10_Metas/02/14/20191002144400_00160.jpg,datasets_cloudmask/dataset_cropped/10_Metas/02/14/20191002144400_00160.png,691.8,878,93.2,29.8,958
10/2/2019 14:45,datasets/dataset_cropped/10_Metas/02/14/20191002144500_00160.jpg,datasets_flow/dataset_cropped/10_Metas/02/14/20191002144500_00160.jpg,datasets_cloudmask/dataset_cropped/10_Metas/02/14/20191002144500_00160.png,689.2,877,93.2,29.7,958
10/2/2019 14:46,datasets/dataset_cropped/10_Metas/02/14/20191002144600_00160.jpg,datasets_flow/dataset_cropped/10_Metas/02/14/20191002144600_00160.jpg,datasets_cloudmask/dataset_cropped/10_Metas/02/14/20191002144600_00160.png,685.4,873,93.4,29.8,958
10/2/2019 14:47,datasets/dataset_cropped/10_Metas/02/14/20191002144700_00160.jpg,datasets_flow/dataset_cropped/10_Metas/02/14/20191002144700_00160.jpg,datasets_cloudmask/dataset_cropped/10_Metas/02/14/20191002144700_00160.png,683.6,873,93.7,30.1,958
10/2/2019 14:48,datasets/dataset_cropped/10_Metas/02/14/20191002144800_00160.jpg,datasets_flow/dataset_cropped/10_Metas/02/14/20191002144800_00160.jpg,datasets_cloudmask/dataset_cropped/10_Metas/02/14/20191002144800_00160.png,681.2,871,93.6,29.8,958
10/2/2019 14:49,datasets/dataset_cropped/10_Metas/02/14/20191002144900_00160.jpg,datasets_flow/dataset_cropped/10_Metas/02/14/20191002144900_00160.jpg,datasets_cloudmask/dataset_cropped/10_Metas/02/14/20191002144900_00160.png,678,869,93.1,29.8,958
10/2/2019 14:50,datasets/dataset_cropped/10_Metas/02/14/20191002145000_00160.jpg,datasets_flow/dataset_cropped/10_Metas/02/14/20191002145000_00160.jpg,datasets_cloudmask/dataset_cropped/10_Metas/02/14/20191002145000_00160.png,678,872,92.7,30.2,958
10/2/2019 14:51,datasets/dataset_cropped/10_Metas/02/14/20191002145100_00160.jpg,datasets_flow/dataset_cropped/10_Metas/02/14/20191002145100_00160.jpg,datasets_cloudmask/dataset_cropped/10_Metas/02/14/20191002145100_00160.png,677.4,873,92.5,30.2,958
10/2/2019 14:52,datasets/dataset_cropped/10_Metas/02/14/20191002145200_00160.jpg,datasets_flow/dataset_cropped/10_Metas/02/14/20191002145200_00160.jpg,datasets_cloudmask/dataset_cropped/10_Metas/02/14/20191002145200_00160.png,674.5,871,92.8,30.1,958
10/2/2019 14:53,datasets/dataset_cropped/10_Metas/02/14/20191002145300_00160.jpg,datasets_flow/dataset_cropped/10_Metas/02/14/20191002145300_00160.jpg,datasets_cloudmask/dataset_cropped/10_Metas/02/14/20191002145300_00160.png,672.6,870,93,29.8,958
10/2/2019 14:54,datasets/dataset_cropped/10_Metas/02/14/20191002145400_00160.jpg,datasets_flow/dataset_cropped/10_Metas/02/14/20191002145400_00160.jpg,datasets_cloudmask/dataset_cropped/10_Metas/02/14/20191002145400_00160.png,670.1,869,93,29.8,958
10/2/2019 14:55,datasets/dataset_cropped/10_Metas/02/14/20191002145500_00160.jpg,datasets_flow/dataset_cropped/10_Metas/02/14/20191002145500_00160.jpg,datasets_cloudmask/dataset_cropped/10_Metas/02/14/20191002145500_00160.png,667.8,868,92.8,29.9,958
10/2/2019 14:56,datasets/dataset_cropped/10_Metas/02/14/20191002145600_00160.jpg,datasets_flow/dataset_cropped/10_Metas/02/14/20191002145600_00160.jpg,datasets_cloudmask/dataset_cropped/10_Metas/02/14/20191002145600_00160.png,666.6,869,92.4,29.8,958
10/2/2019 14:57,datasets/dataset_cropped/10_Metas/02/14/20191002145700_00160.jpg,datasets_flow/dataset_cropped/10_Metas/02/14/20191002145700_00160.jpg,datasets_cloudmask/dataset_cropped/10_Metas/02/14/20191002145700_00160.png,665.9,871,91.8,29.9,958
10/2/2019 14:58,datasets/dataset_cropped/10_Metas/02/14/20191002145800_00160.jpg,datasets_flow/dataset_cropped/10_Metas/02/14/20191002145800_00160.jpg,datasets_cloudmask/dataset_cropped/10_Metas/02/14/20191002145800_00160.png,666.1,874,91.3,29.7,958
10/2/2019 14:59,datasets/dataset_cropped/10_Metas/02/14/20191002145900_00160.jpg,datasets_flow/dataset_cropped/10_Metas/02/14/20191002145900_00160.jpg,datasets_cloudmask/dataset_cropped/10_Metas/02/14/20191002145900_00160.png,662.6,871,91.4,29.4,958
10/2/2019 15:00,datasets/dataset_cropped/10_Metas/02/15/20191002150000_00160.jpg,datasets_flow/dataset_cropped/10_Metas/02/15/20191002150000_00160.jpg,datasets_cloudmask/dataset_cropped/10_Metas/02/15/20191002150000_00160.png,658.1,867,91,29.4,958
10/2/2019 15:01,datasets/dataset_cropped/10_Metas/02/15/20191002150100_00160.jpg,datasets_flow/dataset_cropped/10_Metas/02/15/20191002150100_00160.jpg,datasets_cloudmask/dataset_cropped/10_Metas/02/15/20191002150100_00160.png,657.7,868,91.3,29.4,958
10/2/2019 15:02,datasets/dataset_cropped/10_Metas/02/15/20191002150200_00160.jpg,datasets_flow/dataset_cropped/10_Metas/02/15/20191002150200_00160.jpg,datasets_cloudmask/dataset_cropped/10_Metas/02/15/20191002150200_00160.png,655.4,867,91.4,29.5,958
10/2/2019 15:03,datasets/dataset_cropped/10_Metas/02/15/20191002150300_00160.jpg,datasets_flow/dataset_cropped/10_Metas/02/15/20191002150300_00160.jpg,datasets_cloudmask/dataset_cropped/10_Metas/02/15/20191002150300_00160.png,653,867,91,29.3,958
10/2/2019 15:04,datasets/dataset_cropped/10_Metas/02/15/20191002150400_00160.jpg,datasets_flow/dataset_cropped/10_Metas/02/15/20191002150400_00160.jpg,datasets_cloudmask/dataset_cropped/10_Metas/02/15/20191002150400_00160.png,651.1,866,90.7,29.5,958
10/2/2019 15:05,datasets/dataset_cropped/10_Metas/02/15/20191002150500_00160.jpg,datasets_flow/dataset_cropped/10_Metas/02/15/20191002150500_00160.jpg,datasets_cloudmask/dataset_cropped/10_Metas/02/15/20191002150500_00160.png,649,865,90.8,29.7,958
10/2/2019 15:06,datasets/dataset_cropped/10_Metas/02/15/20191002150600_00160.jpg,datasets_flow/dataset_cropped/10_Metas/02/15/20191002150600_00160.jpg,datasets_cloudmask/dataset_cropped/10_Metas/02/15/20191002150600_00160.png,646.3,865,90.8,29.6,958
10/2/2019 15:07,datasets/dataset_cropped/10_Metas/02/15/20191002150700_00160.jpg,datasets_flow/dataset_cropped/10_Metas/02/15/20191002150700_00160.jpg,datasets_cloudmask/dataset_cropped/10_Metas/02/15/20191002150700_00160.png,644.7,866,89.8,29.8,958
10/2/2019 15:08,datasets/dataset_cropped/10_Metas/02/15/20191002150800_00160.jpg,datasets_flow/dataset_cropped/10_Metas/02/15/20191002150800_00160.jpg,datasets_cloudmask/dataset_cropped/10_Metas/02/15/20191002150800_00160.png,643.8,867,89.7,29.8,958
10/2/2019 15:09,datasets/dataset_cropped/10_Metas/02/15/20191002150900_00160.jpg,datasets_flow/dataset_cropped/10_Metas/02/15/20191002150900_00160.jpg,datasets_cloudmask/dataset_cropped/10_Metas/02/15/20191002150900_00160.png,643.3,870,89.2,29.8,958
10/2/2019 15:10,datasets/dataset_cropped/10_Metas/02/15/20191002151000_00160.jpg,datasets_flow/dataset_cropped/10_Metas/02/15/20191002151000_00160.jpg,datasets_cloudmask/dataset_cropped/10_Metas/02/15/20191002151000_00160.png,640.2,867,89.2,30,958
10/2/2019 15:11,datasets/dataset_cropped/10_Metas/02/15/20191002151100_00160.jpg,datasets_flow/dataset_cropped/10_Metas/02/15/20191002151100_00160.jpg,datasets_cloudmask/dataset_cropped/10_Metas/02/15/20191002151100_00160.png,636.8,864,88.9,30.1,958
10/2/2019 15:12,datasets/dataset_cropped/10_Metas/02/15/20191002151200_00160.jpg,datasets_flow/dataset_cropped/10_Metas/02/15/20191002151200_00160.jpg,datasets_cloudmask/dataset_cropped/10_Metas/02/15/20191002151200_00160.png,634,862,89,29.9,958
10/2/2019 15:13,datasets/dataset_cropped/10_Metas/02/15/20191002151300_00160.jpg,datasets_flow/dataset_cropped/10_Metas/02/15/20191002151300_00160.jpg,datasets_cloudmask/dataset_cropped/10_Metas/02/15/20191002151300_00160.png,632.8,863,89.3,30,958
10/2/2019 15:14,datasets/dataset_cropped/10_Metas/02/15/20191002151400_00160.jpg,datasets_flow/dataset_cropped/10_Metas/02/15/20191002151400_00160.jpg,datasets_cloudmask/dataset_cropped/10_Metas/02/15/20191002151400_00160.png,628.9,860,89.1,29.5,958
10/2/2019 15:15,datasets/dataset_cropped/10_Metas/02/15/20191002151500_00160.jpg,datasets_flow/dataset_cropped/10_Metas/02/15/20191002151500_00160.jpg,datasets_cloudmask/dataset_cropped/10_Metas/02/15/20191002151500_00160.png,626.9,859,88.8,29.3,958
10/2/2019 15:16,datasets/dataset_cropped/10_Metas/02/15/20191002151600_00160.jpg,datasets_flow/dataset_cropped/10_Metas/02/15/20191002151600_00160.jpg,datasets_cloudmask/dataset_cropped/10_Metas/02/15/20191002151600_00160.png,625.3,859,88.9,29.4,958
10/2/2019 15:17,datasets/dataset_cropped/10_Metas/02/15/20191002151700_00160.jpg,datasets_flow/dataset_cropped/10_Metas/02/15/20191002151700_00160.jpg,datasets_cloudmask/dataset_cropped/10_Metas/02/15/20191002151700_00160.png,623.9,860,88.7,29.4,958
10/2/2019 15:18,datasets/dataset_cropped/10_Metas/02/15/20191002151800_00160.jpg,datasets_flow/dataset_cropped/10_Metas/02/15/20191002151800_00160.jpg,datasets_cloudmask/dataset_cropped/10_Metas/02/15/20191002151800_00160.png,622,861,88,29.3,958
10/2/2019 15:19,datasets/dataset_cropped/10_Metas/02/15/20191002151900_00160.jpg,datasets_flow/dataset_cropped/10_Metas/02/15/20191002151900_00160.jpg,datasets_cloudmask/dataset_cropped/10_Metas/02/15/20191002151900_00160.png,620.2,861,87.8,29.4,958
10/2/2019 15:20,datasets/dataset_cropped/10_Metas/02/15/20191002152000_00160.jpg,datasets_flow/dataset_cropped/10_Metas/02/15/20191002152000_00160.jpg,datasets_cloudmask/dataset_cropped/10_Metas/02/15/20191002152000_00160.png,617.1,860,87.2,29.4,958
10/2/2019 15:21,datasets/dataset_cropped/10_Metas/02/15/20191002152100_00160.jpg,datasets_flow/dataset_cropped/10_Metas/02/15/20191002152100_00160.jpg,datasets_cloudmask/dataset_cropped/10_Metas/02/15/20191002152100_00160.png,614.1,859,86.8,29.2,958
10/2/2019 15:22,datasets/dataset_cropped/10_Metas/02/15/20191002152200_00160.jpg,datasets_flow/dataset_cropped/10_Metas/02/15/20191002152200_00160.jpg,datasets_cloudmask/dataset_cropped/10_Metas/02/15/20191002152200_00160.png,612.1,859,86.2,29.3,958
10/2/2019 15:23,datasets/dataset_cropped/10_Metas/02/15/20191002152300_00160.jpg,datasets_flow/dataset_cropped/10_Metas/02/15/20191002152300_00160.jpg,datasets_cloudmask/dataset_cropped/10_Metas/02/15/20191002152300_00160.png,609.6,858,86,29.3,958
10/2/2019 15:24,datasets/dataset_cropped/10_Metas/02/15/20191002152400_00160.jpg,datasets_flow/dataset_cropped/10_Metas/02/15/20191002152400_00160.jpg,datasets_cloudmask/dataset_cropped/10_Metas/02/15/20191002152400_00160.png,609.4,861,85.7,29.3,958
10/2/2019 15:25,datasets/dataset_cropped/10_Metas/02/15/20191002152500_00160.jpg,datasets_flow/dataset_cropped/10_Metas/02/15/20191002152500_00160.jpg,datasets_cloudmask/dataset_cropped/10_Metas/02/15/20191002152500_00160.png,607.3,861,85.3,29.4,958
10/2/2019 15:26,datasets/dataset_cropped/10_Metas/02/15/20191002152600_00160.jpg,datasets_flow/dataset_cropped/10_Metas/02/15/20191002152600_00160.jpg,datasets_cloudmask/dataset_cropped/10_Metas/02/15/20191002152600_00160.png,604.9,860,85.1,29.3,958
10/2/2019 15:27,datasets/dataset_cropped/10_Metas/02/15/20191002152700_00160.jpg,datasets_flow/dataset_cropped/10_Metas/02/15/20191002152700_00160.jpg,datasets_cloudmask/dataset_cropped/10_Metas/02/15/20191002152700_00160.png,603.2,861,84.7,29.2,958
10/2/2019 15:28,datasets/dataset_cropped/10_Metas/02/15/20191002152800_00160.jpg,datasets_flow/dataset_cropped/10_Metas/02/15/20191002152800_00160.jpg,datasets_cloudmask/dataset_cropped/10_Metas/02/15/20191002152800_00160.png,600.2,859,84.7,29.3,958
10/2/2019 15:29,datasets/dataset_cropped/10_Metas/02/15/20191002152900_00160.jpg,datasets_flow/dataset_cropped/10_Metas/02/15/20191002152900_00160.jpg,datasets_cloudmask/dataset_cropped/10_Metas/02/15/20191002152900_00160.png,597.5,858,84,29.1,958
10/2/2019 15:30,datasets/dataset_cropped/10_Metas/02/15/20191002153000_00160.jpg,datasets_flow/dataset_cropped/10_Metas/02/15/20191002153000_00160.jpg,datasets_cloudmask/dataset_cropped/10_Metas/02/15/20191002153000_00160.png,595.8,859,83.8,29,958
10/2/2019 15:31,datasets/dataset_cropped/10_Metas/02/15/20191002153100_00160.jpg,datasets_flow/dataset_cropped/10_Metas/02/15/20191002153100_00160.jpg,datasets_cloudmask/dataset_cropped/10_Metas/02/15/20191002153100_00160.png,592.9,857,83.8,29.2,958
10/2/2019 15:32,datasets/dataset_cropped/10_Metas/02/15/20191002153200_00160.jpg,datasets_flow/dataset_cropped/10_Metas/02/15/20191002153200_00160.jpg,datasets_cloudmask/dataset_cropped/10_Metas/02/15/20191002153200_00160.png,590.8,858,83.5,29.3,958
10/2/2019 15:33,datasets/dataset_cropped/10_Metas/02/15/20191002153300_00160.jpg,datasets_flow/dataset_cropped/10_Metas/02/15/20191002153300_00160.jpg,datasets_cloudmask/dataset_cropped/10_Metas/02/15/20191002153300_00160.png,588,857,83.2,29.3,958
10/2/2019 15:34,datasets/dataset_cropped/10_Metas/02/15/20191002153400_00160.jpg,datasets_flow/dataset_cropped/10_Metas/02/15/20191002153400_00160.jpg,datasets_cloudmask/dataset_cropped/10_Metas/02/15/20191002153400_00160.png,586.4,858,82.9,29.5,958
10/2/2019 15:35,datasets/dataset_cropped/10_Metas/02/15/20191002153500_00160.jpg,datasets_flow/dataset_cropped/10_Metas/02/15/20191002153500_00160.jpg,datasets_cloudmask/dataset_cropped/10_Metas/02/15/20191002153500_00160.png,585.2,859,82.8,29.5,958
10/2/2019 15:36,datasets/dataset_cropped/10_Metas/02/15/20191002153600_00160.jpg,datasets_flow/dataset_cropped/10_Metas/02/15/20191002153600_00160.jpg,datasets_cloudmask/dataset_cropped/10_Metas/02/15/20191002153600_00160.png,582.8,859,82.5,29.3,958
10/2/2019 15:37,datasets/dataset_cropped/10_Metas/02/15/20191002153700_00160.jpg,datasets_flow/dataset_cropped/10_Metas/02/15/20191002153700_00160.jpg,datasets_cloudmask/dataset_cropped/10_Metas/02/15/20191002153700_00160.png,582,861,82.2,29.1,958
10/2/2019 15:38,datasets/dataset_cropped/10_Metas/02/15/20191002153800_00160.jpg,datasets_flow/dataset_cropped/10_Metas/02/15/20191002153800_00160.jpg,datasets_cloudmask/dataset_cropped/10_Metas/02/15/20191002153800_00160.png,578,857,82.3,29.3,958
10/2/2019 15:39,datasets/dataset_cropped/10_Metas/02/15/20191002153900_00160.jpg,datasets_flow/dataset_cropped/10_Metas/02/15/20191002153900_00160.jpg,datasets_cloudmask/dataset_cropped/10_Metas/02/15/20191002153900_00160.png,575.3,856,82.2,29.2,958
10/2/2019 15:40,datasets/dataset_cropped/10_Metas/02/15/20191002154000_00160.jpg,datasets_flow/dataset_cropped/10_Metas/02/15/20191002154000_00160.jpg,datasets_cloudmask/dataset_cropped/10_Metas/02/15/20191002154000_00160.png,572.5,854,82.3,29.1,958
10/2/2019 15:41,datasets/dataset_cropped/10_Metas/02/15/20191002154100_00160.jpg,datasets_flow/dataset_cropped/10_Metas/02/15/20191002154100_00160.jpg,datasets_cloudmask/dataset_cropped/10_Metas/02/15/20191002154100_00160.png,570.5,854,82.9,29.1,958
10/2/2019 15:42,datasets/dataset_cropped/10_Metas/02/15/20191002154200_00160.jpg,datasets_flow/dataset_cropped/10_Metas/02/15/20191002154200_00160.jpg,datasets_cloudmask/dataset_cropped/10_Metas/02/15/20191002154200_00160.png,568.9,854,83.2,29.2,958
10/2/2019 15:43,datasets/dataset_cropped/10_Metas/02/15/20191002154300_00160.jpg,datasets_flow/dataset_cropped/10_Metas/02/15/20191002154300_00160.jpg,datasets_cloudmask/dataset_cropped/10_Metas/02/15/20191002154300_00160.png,563.8,849,82.9,29.4,958
10/2/2019 15:44,datasets/dataset_cropped/10_Metas/02/15/20191002154400_00160.jpg,datasets_flow/dataset_cropped/10_Metas/02/15/20191002154400_00160.jpg,datasets_cloudmask/dataset_cropped/10_Metas/02/15/20191002154400_00160.png,560.5,848,82.1,29.5,958
10/2/2019 15:45,datasets/dataset_cropped/10_Metas/02/15/20191002154500_00160.jpg,datasets_flow/dataset_cropped/10_Metas/02/15/20191002154500_00160.jpg,datasets_cloudmask/dataset_cropped/10_Metas/02/15/20191002154500_00160.png,558.7,849,81.5,29.5,958
10/2/2019 15:46,datasets/dataset_cropped/10_Metas/02/15/20191002154600_00160.jpg,datasets_flow/dataset_cropped/10_Metas/02/15/20191002154600_00160.jpg,datasets_cloudmask/dataset_cropped/10_Metas/02/15/20191002154600_00160.png,556.4,849,80.7,29.8,958
10/2/2019 15:47,datasets/dataset_cropped/10_Metas/02/15/20191002154700_00160.jpg,datasets_flow/dataset_cropped/10_Metas/02/15/20191002154700_00160.jpg,datasets_cloudmask/dataset_cropped/10_Metas/02/15/20191002154700_00160.png,555.3,852,80,30,958
10/2/2019 15:48,datasets/dataset_cropped/10_Metas/02/15/20191002154800_00160.jpg,datasets_flow/dataset_cropped/10_Metas/02/15/20191002154800_00160.jpg,datasets_cloudmask/dataset_cropped/10_Metas/02/15/20191002154800_00160.png,554.5,855,79.5,29.7,958
10/2/2019 15:49,datasets/dataset_cropped/10_Metas/02/15/20191002154900_00160.jpg,datasets_flow/dataset_cropped/10_Metas/02/15/20191002154900_00160.jpg,datasets_cloudmask/dataset_cropped/10_Metas/02/15/20191002154900_00160.png,550,851,79.7,29.5,958
10/2/2019 15:50,datasets/dataset_cropped/10_Metas/02/15/20191002155000_00160.jpg,datasets_flow/dataset_cropped/10_Metas/02/15/20191002155000_00160.jpg,datasets_cloudmask/dataset_cropped/10_Metas/02/15/20191002155000_00160.png,547.2,850,79.5,29.4,958
10/2/2019 15:51,datasets/dataset_cropped/10_Metas/02/15/20191002155100_00160.jpg,datasets_flow/dataset_cropped/10_Metas/02/15/20191002155100_00160.jpg,datasets_cloudmask/dataset_cropped/10_Metas/02/15/20191002155100_00160.png,544.3,848,79.6,29.5,958
10/2/2019 15:52,datasets/dataset_cropped/10_Metas/02/15/20191002155200_00160.jpg,datasets_flow/dataset_cropped/10_Metas/02/15/20191002155200_00160.jpg,datasets_cloudmask/dataset_cropped/10_Metas/02/15/20191002155200_00160.png,540.2,844,79.5,29.5,958
10/2/2019 15:53,datasets/dataset_cropped/10_Metas/02/15/20191002155300_00160.jpg,datasets_flow/dataset_cropped/10_Metas/02/15/20191002155300_00160.jpg,datasets_cloudmask/dataset_cropped/10_Metas/02/15/20191002155300_00160.png,538.6,844,79.5,29.4,958
10/2/2019 15:54,datasets/dataset_cropped/10_Metas/02/15/20191002155400_00160.jpg,datasets_flow/dataset_cropped/10_Metas/02/15/20191002155400_00160.jpg,datasets_cloudmask/dataset_cropped/10_Metas/02/15/20191002155400_00160.png,535.3,842,79.5,29.3,958
10/2/2019 15:55,datasets/dataset_cropped/10_Metas/02/15/20191002155500_00160.jpg,datasets_flow/dataset_cropped/10_Metas/02/15/20191002155500_00160.jpg,datasets_cloudmask/dataset_cropped/10_Metas/02/15/20191002155500_00160.png,534.3,844,79.4,29.3,958
10/2/2019 15:56,datasets/dataset_cropped/10_Metas/02/15/20191002155600_00160.jpg,datasets_flow/dataset_cropped/10_Metas/02/15/20191002155600_00160.jpg,datasets_cloudmask/dataset_cropped/10_Metas/02/15/20191002155600_00160.png,530.5,840,79.4,29.3,958
10/2/2019 15:57,datasets/dataset_cropped/10_Metas/02/15/20191002155700_00160.jpg,datasets_flow/dataset_cropped/10_Metas/02/15/20191002155700_00160.jpg,datasets_cloudmask/dataset_cropped/10_Metas/02/15/20191002155700_00160.png,527.4,838,79.8,29.2,958
10/2/2019 15:58,datasets/dataset_cropped/10_Metas/02/15/20191002155800_00160.jpg,datasets_flow/dataset_cropped/10_Metas/02/15/20191002155800_00160.jpg,datasets_cloudmask/dataset_cropped/10_Metas/02/15/20191002155800_00160.png,522.6,833,79.6,29.1,958
10/2/2019 15:59,datasets/dataset_cropped/10_Metas/02/15/20191002155900_00160.jpg,datasets_flow/dataset_cropped/10_Metas/02/15/20191002155900_00160.jpg,datasets_cloudmask/dataset_cropped/10_Metas/02/15/20191002155900_00160.png,520.9,831,80.4,28.9,958
10/2/2019 16:00,datasets/dataset_cropped/10_Metas/02/16/20191002160000_00160.jpg,datasets_flow/dataset_cropped/10_Metas/02/16/20191002160000_00160.jpg,datasets_cloudmask/dataset_cropped/10_Metas/02/16/20191002160000_00160.png,515.5,825,80.4,28.9,958
10/2/2019 16:01,datasets/dataset_cropped/10_Metas/02/16/20191002160100_00160.jpg,datasets_flow/dataset_cropped/10_Metas/02/16/20191002160100_00160.jpg,datasets_cloudmask/dataset_cropped/10_Metas/02/16/20191002160100_00160.png,517.7,834,80.3,28.9,958
10/2/2019 16:02,datasets/dataset_cropped/10_Metas/02/16/20191002160200_00160.jpg,datasets_flow/dataset_cropped/10_Metas/02/16/20191002160200_00160.jpg,datasets_cloudmask/dataset_cropped/10_Metas/02/16/20191002160200_00160.png,513.2,830,79.9,28.8,958
10/2/2019 16:03,datasets/dataset_cropped/10_Metas/02/16/20191002160300_00160.jpg,datasets_flow/dataset_cropped/10_Metas/02/16/20191002160300_00160.jpg,datasets_cloudmask/dataset_cropped/10_Metas/02/16/20191002160300_00160.png,509.5,827,79.8,28.9,958
10/2/2019 16:04,datasets/dataset_cropped/10_Metas/02/16/20191002160400_00160.jpg,datasets_flow/dataset_cropped/10_Metas/02/16/20191002160400_00160.jpg,datasets_cloudmask/dataset_cropped/10_Metas/02/16/20191002160400_00160.png,507.1,828,79.2,28.9,958
10/2/2019 16:05,datasets/dataset_cropped/10_Metas/02/16/20191002160500_00160.jpg,datasets_flow/dataset_cropped/10_Metas/02/16/20191002160500_00160.jpg,datasets_cloudmask/dataset_cropped/10_Metas/02/16/20191002160500_00160.png,505.9,830,79,29,958
10/2/2019 16:06,datasets/dataset_cropped/10_Metas/02/16/20191002160600_00160.jpg,datasets_flow/dataset_cropped/10_Metas/02/16/20191002160600_00160.jpg,datasets_cloudmask/dataset_cropped/10_Metas/02/16/20191002160600_00160.png,503.1,828,79.2,28.9,958
10/2/2019 16:07,datasets/dataset_cropped/10_Metas/02/16/20191002160700_00160.jpg,datasets_flow/dataset_cropped/10_Metas/02/16/20191002160700_00160.jpg,datasets_cloudmask/dataset_cropped/10_Metas/02/16/20191002160700_00160.png,500.3,826,79.5,28.8,958
10/2/2019 16:08,datasets/dataset_cropped/10_Metas/02/16/20191002160800_00160.jpg,datasets_flow/dataset_cropped/10_Metas/02/16/20191002160800_00160.jpg,datasets_cloudmask/dataset_cropped/10_Metas/02/16/20191002160800_00160.png,498.5,825,80.4,28.8,958
10/2/2019 16:09,datasets/dataset_cropped/10_Metas/02/16/20191002160900_00160.jpg,datasets_flow/dataset_cropped/10_Metas/02/16/20191002160900_00160.jpg,datasets_cloudmask/dataset_cropped/10_Metas/02/16/20191002160900_00160.png,492.8,817,81.1,29,958
10/2/2019 16:10,datasets/dataset_cropped/10_Metas/02/16/20191002161000_00160.jpg,datasets_flow/dataset_cropped/10_Metas/02/16/20191002161000_00160.jpg,datasets_cloudmask/dataset_cropped/10_Metas/02/16/20191002161000_00160.png,464.7,763.9,80.8,29.1,958
10/2/2019 16:11,datasets/dataset_cropped/10_Metas/02/16/20191002161100_00160.jpg,datasets_flow/dataset_cropped/10_Metas/02/16/20191002161100_00160.jpg,datasets_cloudmask/dataset_cropped/10_Metas/02/16/20191002161100_00160.png,483.1,806,80.7,29,958
10/2/2019 16:12,datasets/dataset_cropped/10_Metas/02/16/20191002161200_00160.jpg,datasets_flow/dataset_cropped/10_Metas/02/16/20191002161200_00160.jpg,datasets_cloudmask/dataset_cropped/10_Metas/02/16/20191002161200_00160.png,484.4,816,79,28.9,958
10/2/2019 16:13,datasets/dataset_cropped/10_Metas/02/16/20191002161300_00160.jpg,datasets_flow/dataset_cropped/10_Metas/02/16/20191002161300_00160.jpg,datasets_cloudmask/dataset_cropped/10_Metas/02/16/20191002161300_00160.png,480.9,815,78.3,28.8,958
10/2/2019 16:14,datasets/dataset_cropped/10_Metas/02/16/20191002161400_00160.jpg,datasets_flow/dataset_cropped/10_Metas/02/16/20191002161400_00160.jpg,datasets_cloudmask/dataset_cropped/10_Metas/02/16/20191002161400_00160.png,476.9,811,78.1,28.7,958
10/2/2019 16:15,datasets/dataset_cropped/10_Metas/02/16/20191002161500_00160.jpg,datasets_flow/dataset_cropped/10_Metas/02/16/20191002161500_00160.jpg,datasets_cloudmask/dataset_cropped/10_Metas/02/16/20191002161500_00160.png,474.5,811,77.9,28.7,958
10/2/2019 16:16,datasets/dataset_cropped/10_Metas/02/16/20191002161600_00160.jpg,datasets_flow/dataset_cropped/10_Metas/02/16/20191002161600_00160.jpg,datasets_cloudmask/dataset_cropped/10_Metas/02/16/20191002161600_00160.png,472.3,811,78,28.8,958
10/2/2019 16:17,datasets/dataset_cropped/10_Metas/02/16/20191002161700_00160.jpg,datasets_flow/dataset_cropped/10_Metas/02/16/20191002161700_00160.jpg,datasets_cloudmask/dataset_cropped/10_Metas/02/16/20191002161700_00160.png,467.8,807,77.7,28.7,958
10/2/2019 16:18,datasets/dataset_cropped/10_Metas/02/16/20191002161800_00160.jpg,datasets_flow/dataset_cropped/10_Metas/02/16/20191002161800_00160.jpg,datasets_cloudmask/dataset_cropped/10_Metas/02/16/20191002161800_00160.png,462.4,801,77.3,28.6,958
10/2/2019 16:19,datasets/dataset_cropped/10_Metas/02/16/20191002161900_00160.jpg,datasets_flow/dataset_cropped/10_Metas/02/16/20191002161900_00160.jpg,datasets_cloudmask/dataset_cropped/10_Metas/02/16/20191002161900_00160.png,460.8,803,76.8,28.5,958
10/2/2019 16:20,datasets/dataset_cropped/10_Metas/02/16/20191002162000_00160.jpg,datasets_flow/dataset_cropped/10_Metas/02/16/20191002162000_00160.jpg,datasets_cloudmask/dataset_cropped/10_Metas/02/16/20191002162000_00160.png,456.2,798.7,76.7,28.6,958
10/2/2019 16:21,datasets/dataset_cropped/10_Metas/02/16/20191002162100_00160.jpg,datasets_flow/dataset_cropped/10_Metas/02/16/20191002162100_00160.jpg,datasets_cloudmask/dataset_cropped/10_Metas/02/16/20191002162100_00160.png,452.8,796.5,76.5,28.5,958
10/2/2019 16:22,datasets/dataset_cropped/10_Metas/02/16/20191002162200_00160.jpg,datasets_flow/dataset_cropped/10_Metas/02/16/20191002162200_00160.jpg,datasets_cloudmask/dataset_cropped/10_Metas/02/16/20191002162200_00160.png,449.8,794.7,76.6,28.4,958
10/2/2019 16:23,datasets/dataset_cropped/10_Metas/02/16/20191002162300_00160.jpg,datasets_flow/dataset_cropped/10_Metas/02/16/20191002162300_00160.jpg,datasets_cloudmask/dataset_cropped/10_Metas/02/16/20191002162300_00160.png,445.6,791,76.5,28.6,958
10/2/2019 16:24,datasets/dataset_cropped/10_Metas/02/16/20191002162400_00160.jpg,datasets_flow/dataset_cropped/10_Metas/02/16/20191002162400_00160.jpg,datasets_cloudmask/dataset_cropped/10_Metas/02/16/20191002162400_00160.png,442.1,786.7,77.1,28.7,958
10/2/2019 16:25,datasets/dataset_cropped/10_Metas/02/16/20191002162500_00160.jpg,datasets_flow/dataset_cropped/10_Metas/02/16/20191002162500_00160.jpg,datasets_cloudmask/dataset_cropped/10_Metas/02/16/20191002162500_00160.png,439.1,784.7,77.3,28.6,958
10/2/2019 16:26,datasets/dataset_cropped/10_Metas/02/16/20191002162600_00160.jpg,datasets_flow/dataset_cropped/10_Metas/02/16/20191002162600_00160.jpg,datasets_cloudmask/dataset_cropped/10_Metas/02/16/20191002162600_00160.png,434.4,779.1,77.6,28.5,958
10/2/2019 16:27,datasets/dataset_cropped/10_Metas/02/16/20191002162700_00160.jpg,datasets_flow/dataset_cropped/10_Metas/02/16/20191002162700_00160.jpg,datasets_cloudmask/dataset_cropped/10_Metas/02/16/20191002162700_00160.png,432.5,779.1,77.6,28.8,958
10/2/2019 16:28,datasets/dataset_cropped/10_Metas/02/16/20191002162800_00160.jpg,datasets_flow/dataset_cropped/10_Metas/02/16/20191002162800_00160.jpg,datasets_cloudmask/dataset_cropped/10_Metas/02/16/20191002162800_00160.png,429.9,777.5,77.6,28.8,958
10/2/2019 16:29,datasets/dataset_cropped/10_Metas/02/16/20191002162900_00160.jpg,datasets_flow/dataset_cropped/10_Metas/02/16/20191002162900_00160.jpg,datasets_cloudmask/dataset_cropped/10_Metas/02/16/20191002162900_00160.png,425.6,772.2,77.7,28.8,958
10/2/2019 16:30,datasets/dataset_cropped/10_Metas/02/16/20191002163000_00160.jpg,datasets_flow/dataset_cropped/10_Metas/02/16/20191002163000_00160.jpg,datasets_cloudmask/dataset_cropped/10_Metas/02/16/20191002163000_00160.png,419.8,763.3,78.1,28.4,958
10/2/2019 16:31,datasets/dataset_cropped/10_Metas/02/16/20191002163100_00160.jpg,datasets_flow/dataset_cropped/10_Metas/02/16/20191002163100_00160.jpg,datasets_cloudmask/dataset_cropped/10_Metas/02/16/20191002163100_00160.png,416.4,758.6,78.7,28.4,958
10/2/2019 16:32,datasets/dataset_cropped/10_Metas/02/16/20191002163200_00160.jpg,datasets_flow/dataset_cropped/10_Metas/02/16/20191002163200_00160.jpg,datasets_cloudmask/dataset_cropped/10_Metas/02/16/20191002163200_00160.png,414.1,755.9,79.9,28.4,958
10/2/2019 16:33,datasets/dataset_cropped/10_Metas/02/16/20191002163300_00160.jpg,datasets_flow/dataset_cropped/10_Metas/02/16/20191002163300_00160.jpg,datasets_cloudmask/dataset_cropped/10_Metas/02/16/20191002163300_00160.png,411.1,751.3,81,28.4,958
10/2/2019 16:34,datasets/dataset_cropped/10_Metas/02/16/20191002163400_00160.jpg,datasets_flow/dataset_cropped/10_Metas/02/16/20191002163400_00160.jpg,datasets_cloudmask/dataset_cropped/10_Metas/02/16/20191002163400_00160.png,410,750.6,82.5,28.4,958
10/2/2019 16:35,datasets/dataset_cropped/10_Metas/02/16/20191002163500_00160.jpg,datasets_flow/dataset_cropped/10_Metas/02/16/20191002163500_00160.jpg,datasets_cloudmask/dataset_cropped/10_Metas/02/16/20191002163500_00160.png,409.9,750.1,84.9,28.4,958
10/2/2019 16:36,datasets/dataset_cropped/10_Metas/02/16/20191002163600_00160.jpg,datasets_flow/dataset_cropped/10_Metas/02/16/20191002163600_00160.jpg,datasets_cloudmask/dataset_cropped/10_Metas/02/16/20191002163600_00160.png,411.3,752.9,87.5,28.4,958
10/2/2019 16:37,datasets/dataset_cropped/10_Metas/02/16/20191002163700_00160.jpg,datasets_flow/dataset_cropped/10_Metas/02/16/20191002163700_00160.jpg,datasets_cloudmask/dataset_cropped/10_Metas/02/16/20191002163700_00160.png,410.3,749.6,90,28.4,958
10/2/2019 16:38,datasets/dataset_cropped/10_Metas/02/16/20191002163800_00160.jpg,datasets_flow/dataset_cropped/10_Metas/02/16/20191002163800_00160.jpg,datasets_cloudmask/dataset_cropped/10_Metas/02/16/20191002163800_00160.png,412.2,750.9,93.5,28.4,958
10/2/2019 16:39,datasets/dataset_cropped/10_Metas/02/16/20191002163900_00160.jpg,datasets_flow/dataset_cropped/10_Metas/02/16/20191002163900_00160.jpg,datasets_cloudmask/dataset_cropped/10_Metas/02/16/20191002163900_00160.png,414.2,750.8,97.6,28.5,958
10/2/2019 16:40,datasets/dataset_cropped/10_Metas/02/16/20191002164000_00160.jpg,datasets_flow/dataset_cropped/10_Metas/02/16/20191002164000_00160.jpg,datasets_cloudmask/dataset_cropped/10_Metas/02/16/20191002164000_00160.png,414.1,745.5,101.6,28.5,958
10/2/2019 16:41,datasets/dataset_cropped/10_Metas/02/16/20191002164100_00160.jpg,datasets_flow/dataset_cropped/10_Metas/02/16/20191002164100_00160.jpg,datasets_cloudmask/dataset_cropped/10_Metas/02/16/20191002164100_00160.png,401.5,711.7,105,28.4,958
10/2/2019 16:42,datasets/dataset_cropped/10_Metas/02/16/20191002164200_00160.jpg,datasets_flow/dataset_cropped/10_Metas/02/16/20191002164200_00160.jpg,datasets_cloudmask/dataset_cropped/10_Metas/02/16/20191002164200_00160.png,345.4,580.1,105,28.3,958
10/2/2019 16:43,datasets/dataset_cropped/10_Metas/02/16/20191002164300_00160.jpg,datasets_flow/dataset_cropped/10_Metas/02/16/20191002164300_00160.jpg,datasets_cloudmask/dataset_cropped/10_Metas/02/16/20191002164300_00160.png,293.1,460.7,102.8,28.1,958
10/2/2019 16:44,datasets/dataset_cropped/10_Metas/02/16/20191002164400_00160.jpg,datasets_flow/dataset_cropped/10_Metas/02/16/20191002164400_00160.jpg,datasets_cloudmask/dataset_cropped/10_Metas/02/16/20191002164400_00160.png,249.5,363.3,100,28,958
10/2/2019 16:45,datasets/dataset_cropped/10_Metas/02/16/20191002164500_00160.jpg,datasets_flow/dataset_cropped/10_Metas/02/16/20191002164500_00160.jpg,datasets_cloudmask/dataset_cropped/10_Metas/02/16/20191002164500_00160.png,262.2,396.3,100.4,28.1,958
10/2/2019 16:46,datasets/dataset_cropped/10_Metas/02/16/20191002164600_00160.jpg,datasets_flow/dataset_cropped/10_Metas/02/16/20191002164600_00160.jpg,datasets_cloudmask/dataset_cropped/10_Metas/02/16/20191002164600_00160.png,211.2,281.3,96.7,27.9,958
10/2/2019 16:47,datasets/dataset_cropped/10_Metas/02/16/20191002164700_00160.jpg,datasets_flow/dataset_cropped/10_Metas/02/16/20191002164700_00160.jpg,datasets_cloudmask/dataset_cropped/10_Metas/02/16/20191002164700_00160.png,199.2,255.6,95.8,27.8,958
10/2/2019 16:48,datasets/dataset_cropped/10_Metas/02/16/20191002164800_00160.jpg,datasets_flow/dataset_cropped/10_Metas/02/16/20191002164800_00160.jpg,datasets_cloudmask/dataset_cropped/10_Metas/02/16/20191002164800_00160.png,291.5,484.5,98.5,27.6,958
10/2/2019 16:49,datasets/dataset_cropped/10_Metas/02/16/20191002164900_00160.jpg,datasets_flow/dataset_cropped/10_Metas/02/16/20191002164900_00160.jpg,datasets_cloudmask/dataset_cropped/10_Metas/02/16/20191002164900_00160.png,338.2,606.3,99.3,27.7,958
10/2/2019 16:50,datasets/dataset_cropped/10_Metas/02/16/20191002165000_00160.jpg,datasets_flow/dataset_cropped/10_Metas/02/16/20191002165000_00160.jpg,datasets_cloudmask/dataset_cropped/10_Metas/02/16/20191002165000_00160.png,378.3,714.1,99.6,27.7,958
10/2/2019 16:51,datasets/dataset_cropped/10_Metas/02/16/20191002165100_00160.jpg,datasets_flow/dataset_cropped/10_Metas/02/16/20191002165100_00160.jpg,datasets_cloudmask/dataset_cropped/10_Metas/02/16/20191002165100_00160.png,367.2,696.4,97.4,27.8,958
10/2/2019 16:52,datasets/dataset_cropped/10_Metas/02/16/20191002165200_00160.jpg,datasets_flow/dataset_cropped/10_Metas/02/16/20191002165200_00160.jpg,datasets_cloudmask/dataset_cropped/10_Metas/02/16/20191002165200_00160.png,357.6,682.6,95.3,27.8,958
10/2/2019 16:53,datasets/dataset_cropped/10_Metas/02/16/20191002165300_00160.jpg,datasets_flow/dataset_cropped/10_Metas/02/16/20191002165300_00160.jpg,datasets_cloudmask/dataset_cropped/10_Metas/02/16/20191002165300_00160.png,315.8,586.5,92,27.9,958
10/2/2019 16:54,datasets/dataset_cropped/10_Metas/02/16/20191002165400_00160.jpg,datasets_flow/dataset_cropped/10_Metas/02/16/20191002165400_00160.jpg,datasets_cloudmask/dataset_cropped/10_Metas/02/16/20191002165400_00160.png,270,474.9,90,27.7,958
10/2/2019 16:55,datasets/dataset_cropped/10_Metas/02/16/20191002165500_00160.jpg,datasets_flow/dataset_cropped/10_Metas/02/16/20191002165500_00160.jpg,datasets_cloudmask/dataset_cropped/10_Metas/02/16/20191002165500_00160.png,314.5,591.9,92.3,27.5,958
10/2/2019 16:56,datasets/dataset_cropped/10_Metas/02/16/20191002165600_00160.jpg,datasets_flow/dataset_cropped/10_Metas/02/16/20191002165600_00160.jpg,datasets_cloudmask/dataset_cropped/10_Metas/02/16/20191002165600_00160.png,306.2,575.8,91.4,27.4,958
10/2/2019 16:57,datasets/dataset_cropped/10_Metas/02/16/20191002165700_00160.jpg,datasets_flow/dataset_cropped/10_Metas/02/16/20191002165700_00160.jpg,datasets_cloudmask/dataset_cropped/10_Metas/02/16/20191002165700_00160.png,276.1,503.4,89.8,27.4,958
10/2/2019 16:58,datasets/dataset_cropped/10_Metas/02/16/20191002165800_00160.jpg,datasets_flow/dataset_cropped/10_Metas/02/16/20191002165800_00160.jpg,datasets_cloudmask/dataset_cropped/10_Metas/02/16/20191002165800_00160.png,279.8,514.9,90.9,27.5,958
10/2/2019 16:59,datasets/dataset_cropped/10_Metas/02/16/20191002165900_00160.jpg,datasets_flow/dataset_cropped/10_Metas/02/16/20191002165900_00160.jpg,datasets_cloudmask/dataset_cropped/10_Metas/02/16/20191002165900_00160.png,288.1,539.4,91.9,27.5,958
10/2/2019 17:00,datasets/dataset_cropped/10_Metas/02/17/20191002170000_00160.jpg,datasets_flow/dataset_cropped/10_Metas/02/17/20191002170000_00160.jpg,datasets_cloudmask/dataset_cropped/10_Metas/02/17/20191002170000_00160.png,311.9,605,93.7,27.5,958
10/2/2019 17:01,datasets/dataset_cropped/10_Metas/02/17/20191002170100_00160.jpg,datasets_flow/dataset_cropped/10_Metas/02/17/20191002170100_00160.jpg,datasets_cloudmask/dataset_cropped/10_Metas/02/17/20191002170100_00160.png,276.7,513.2,92.8,27.5,958
10/2/2019 17:02,datasets/dataset_cropped/10_Metas/02/17/20191002170200_00160.jpg,datasets_flow/dataset_cropped/10_Metas/02/17/20191002170200_00160.jpg,datasets_cloudmask/dataset_cropped/10_Metas/02/17/20191002170200_00160.png,281.1,524.6,94.8,27.4,958
10/2/2019 17:03,datasets/dataset_cropped/10_Metas/02/17/20191002170300_00160.jpg,datasets_flow/dataset_cropped/10_Metas/02/17/20191002170300_00160.jpg,datasets_cloudmask/dataset_cropped/10_Metas/02/17/20191002170300_00160.png,293.2,554.4,98.1,27.3,958
10/2/2019 17:04,datasets/dataset_cropped/10_Metas/02/17/20191002170400_00160.jpg,datasets_flow/dataset_cropped/10_Metas/02/17/20191002170400_00160.jpg,datasets_cloudmask/dataset_cropped/10_Metas/02/17/20191002170400_00160.png,276,507.9,98.4,27.4,958
10/2/2019 17:05,datasets/dataset_cropped/10_Metas/02/17/20191002170500_00160.jpg,datasets_flow/dataset_cropped/10_Metas/02/17/20191002170500_00160.jpg,datasets_cloudmask/dataset_cropped/10_Metas/02/17/20191002170500_00160.png,250.4,432.9,100.3,27.2,958
10/2/2019 17:06,datasets/dataset_cropped/10_Metas/02/17/20191002170600_00160.jpg,datasets_flow/dataset_cropped/10_Metas/02/17/20191002170600_00160.jpg,datasets_cloudmask/dataset_cropped/10_Metas/02/17/20191002170600_00160.png,248.5,422.2,103.3,27.1,958
10/2/2019 17:07,datasets/dataset_cropped/10_Metas/02/17/20191002170700_00160.jpg,datasets_flow/dataset_cropped/10_Metas/02/17/20191002170700_00160.jpg,datasets_cloudmask/dataset_cropped/10_Metas/02/17/20191002170700_00160.png,240,391.7,106.2,27.1,958
10/2/2019 17:08,datasets/dataset_cropped/10_Metas/02/17/20191002170800_00160.jpg,datasets_flow/dataset_cropped/10_Metas/02/17/20191002170800_00160.jpg,datasets_cloudmask/dataset_cropped/10_Metas/02/17/20191002170800_00160.png,216,315.2,109,27.2,958
10/2/2019 17:09,datasets/dataset_cropped/10_Metas/02/17/20191002170900_00160.jpg,datasets_flow/dataset_cropped/10_Metas/02/17/20191002170900_00160.jpg,datasets_cloudmask/dataset_cropped/10_Metas/02/17/20191002170900_00160.png,174.4,188.8,110.4,27.2,958
10/2/2019 17:10,datasets/dataset_cropped/10_Metas/02/17/20191002171000_00160.jpg,datasets_flow/dataset_cropped/10_Metas/02/17/20191002171000_00160.jpg,datasets_cloudmask/dataset_cropped/10_Metas/02/17/20191002171000_00160.png,164.5,154.4,112.4,27,958
10/2/2019 17:11,datasets/dataset_cropped/10_Metas/02/17/20191002171100_00160.jpg,datasets_flow/dataset_cropped/10_Metas/02/17/20191002171100_00160.jpg,datasets_cloudmask/dataset_cropped/10_Metas/02/17/20191002171100_00160.png,174.1,176.1,115.4,26.9,958
10/2/2019 17:12,datasets/dataset_cropped/10_Metas/02/17/20191002171200_00160.jpg,datasets_flow/dataset_cropped/10_Metas/02/17/20191002171200_00160.jpg,datasets_cloudmask/dataset_cropped/10_Metas/02/17/20191002171200_00160.png,177.6,184,116.8,26.8,958
10/2/2019 17:13,datasets/dataset_cropped/10_Metas/02/17/20191002171300_00160.jpg,datasets_flow/dataset_cropped/10_Metas/02/17/20191002171300_00160.jpg,datasets_cloudmask/dataset_cropped/10_Metas/02/17/20191002171300_00160.png,155.2,118.3,116.3,26.8,958
10/2/2019 17:14,datasets/dataset_cropped/10_Metas/02/17/20191002171400_00160.jpg,datasets_flow/dataset_cropped/10_Metas/02/17/20191002171400_00160.jpg,datasets_cloudmask/dataset_cropped/10_Metas/02/17/20191002171400_00160.png,166,149.1,117.8,26.6,958
10/2/2019 17:15,datasets/dataset_cropped/10_Metas/02/17/20191002171500_00160.jpg,datasets_flow/dataset_cropped/10_Metas/02/17/20191002171500_00160.jpg,datasets_cloudmask/dataset_cropped/10_Metas/02/17/20191002171500_00160.png,184.5,206.8,118.6,26.6,958
10/2/2019 17:16,datasets/dataset_cropped/10_Metas/02/17/20191002171600_00160.jpg,datasets_flow/dataset_cropped/10_Metas/02/17/20191002171600_00160.jpg,datasets_cloudmask/dataset_cropped/10_Metas/02/17/20191002171600_00160.png,197.3,257.5,116.2,26.6,958
10/2/2019 17:17,datasets/dataset_cropped/10_Metas/02/17/20191002171700_00160.jpg,datasets_flow/dataset_cropped/10_Metas/02/17/20191002171700_00160.jpg,datasets_cloudmask/dataset_cropped/10_Metas/02/17/20191002171700_00160.png,165.3,171.1,111.7,26.6,958
10/2/2019 17:18,datasets/dataset_cropped/10_Metas/02/17/20191002171800_00160.jpg,datasets_flow/dataset_cropped/10_Metas/02/17/20191002171800_00160.jpg,datasets_cloudmask/dataset_cropped/10_Metas/02/17/20191002171800_00160.png,180.5,233.2,108.6,26.6,958
10/2/2019 17:19,datasets/dataset_cropped/10_Metas/02/17/20191002171900_00160.jpg,datasets_flow/dataset_cropped/10_Metas/02/17/20191002171900_00160.jpg,datasets_cloudmask/dataset_cropped/10_Metas/02/17/20191002171900_00160.png,167.6,205.9,104.6,26.7,958
10/2/2019 17:20,datasets/dataset_cropped/10_Metas/02/17/20191002172000_00160.jpg,datasets_flow/dataset_cropped/10_Metas/02/17/20191002172000_00160.jpg,datasets_cloudmask/dataset_cropped/10_Metas/02/17/20191002172000_00160.png,162.7,204.3,100.9,26.6,958
10/2/2019 17:21,datasets/dataset_cropped/10_Metas/02/17/20191002172100_00160.jpg,datasets_flow/dataset_cropped/10_Metas/02/17/20191002172100_00160.jpg,datasets_cloudmask/dataset_cropped/10_Metas/02/17/20191002172100_00160.png,139,140.8,96.5,26.6,958
10/2/2019 17:22,datasets/dataset_cropped/10_Metas/02/17/20191002172200_00160.jpg,datasets_flow/dataset_cropped/10_Metas/02/17/20191002172200_00160.jpg,datasets_cloudmask/dataset_cropped/10_Metas/02/17/20191002172200_00160.png,120,90.2,92.8,26.6,958
10/2/2019 17:23,datasets/dataset_cropped/10_Metas/02/17/20191002172300_00160.jpg,datasets_flow/dataset_cropped/10_Metas/02/17/20191002172300_00160.jpg,datasets_cloudmask/dataset_cropped/10_Metas/02/17/20191002172300_00160.png,112.9,75.1,90.4,26.5,958
10/2/2019 17:24,datasets/dataset_cropped/10_Metas/02/17/20191002172400_00160.jpg,datasets_flow/dataset_cropped/10_Metas/02/17/20191002172400_00160.jpg,datasets_cloudmask/dataset_cropped/10_Metas/02/17/20191002172400_00160.png,108.1,65.4,88.7,26.5,958
10/2/2019 17:25,datasets/dataset_cropped/10_Metas/02/17/20191002172500_00160.jpg,datasets_flow/dataset_cropped/10_Metas/02/17/20191002172500_00160.jpg,datasets_cloudmask/dataset_cropped/10_Metas/02/17/20191002172500_00160.png,102.8,52.7,87.1,26.4,958
10/2/2019 17:26,datasets/dataset_cropped/10_Metas/02/17/20191002172600_00160.jpg,datasets_flow/dataset_cropped/10_Metas/02/17/20191002172600_00160.jpg,datasets_cloudmask/dataset_cropped/10_Metas/02/17/20191002172600_00160.png,101.1,51.2,86,26.4,958
10/2/2019 17:27,datasets/dataset_cropped/10_Metas/02/17/20191002172700_00160.jpg,datasets_flow/dataset_cropped/10_Metas/02/17/20191002172700_00160.jpg,datasets_cloudmask/dataset_cropped/10_Metas/02/17/20191002172700_00160.png,98.6,45.8,85,26.4,958
10/2/2019 17:28,datasets/dataset_cropped/10_Metas/02/17/20191002172800_00160.jpg,datasets_flow/dataset_cropped/10_Metas/02/17/20191002172800_00160.jpg,datasets_cloudmask/dataset_cropped/10_Metas/02/17/20191002172800_00160.png,97.2,43.2,84.5,26.3,958
10/2/2019 17:29,datasets/dataset_cropped/10_Metas/02/17/20191002172900_00160.jpg,datasets_flow/dataset_cropped/10_Metas/02/17/20191002172900_00160.jpg,datasets_cloudmask/dataset_cropped/10_Metas/02/17/20191002172900_00160.png,99,52.2,84,26.1,958
10/2/2019 17:30,datasets/dataset_cropped/10_Metas/02/17/20191002173000_00160.jpg,datasets_flow/dataset_cropped/10_Metas/02/17/20191002173000_00160.jpg,datasets_cloudmask/dataset_cropped/10_Metas/02/17/20191002173000_00160.png,101.6,64.5,83.5,25.9,958
10/2/2019 17:31,datasets/dataset_cropped/10_Metas/02/17/20191002173100_00160.jpg,datasets_flow/dataset_cropped/10_Metas/02/17/20191002173100_00160.jpg,datasets_cloudmask/dataset_cropped/10_Metas/02/17/20191002173100_00160.png,101.3,65.6,83.2,25.9,958
10/2/2019 17:32,datasets/dataset_cropped/10_Metas/02/17/20191002173200_00160.jpg,datasets_flow/dataset_cropped/10_Metas/02/17/20191002173200_00160.jpg,datasets_cloudmask/dataset_cropped/10_Metas/02/17/20191002173200_00160.png,99,61.4,82.3,25.9,958
10/2/2019 17:33,datasets/dataset_cropped/10_Metas/02/17/20191002173300_00160.jpg,datasets_flow/dataset_cropped/10_Metas/02/17/20191002173300_00160.jpg,datasets_cloudmask/dataset_cropped/10_Metas/02/17/20191002173300_00160.png,93.7,46.3,81.1,25.9,958
10/2/2019 17:34,datasets/dataset_cropped/10_Metas/02/17/20191002173400_00160.jpg,datasets_flow/dataset_cropped/10_Metas/02/17/20191002173400_00160.jpg,datasets_cloudmask/dataset_cropped/10_Metas/02/17/20191002173400_00160.png,99.3,70.6,80.7,25.9,958
10/2/2019 17:35,datasets/dataset_cropped/10_Metas/02/17/20191002173500_00160.jpg,datasets_flow/dataset_cropped/10_Metas/02/17/20191002173500_00160.jpg,datasets_cloudmask/dataset_cropped/10_Metas/02/17/20191002173500_00160.png,99.3,72.7,80.3,25.9,958
10/2/2019 17:36,datasets/dataset_cropped/10_Metas/02/17/20191002173600_00160.jpg,datasets_flow/dataset_cropped/10_Metas/02/17/20191002173600_00160.jpg,datasets_cloudmask/dataset_cropped/10_Metas/02/17/20191002173600_00160.png,93.6,53.5,79.5,25.8,958
10/2/2019 17:37,datasets/dataset_cropped/10_Metas/02/17/20191002173700_00160.jpg,datasets_flow/dataset_cropped/10_Metas/02/17/20191002173700_00160.jpg,datasets_cloudmask/dataset_cropped/10_Metas/02/17/20191002173700_00160.png,93.7,57.4,78.9,25.8,958
10/2/2019 17:38,datasets/dataset_cropped/10_Metas/02/17/20191002173800_00160.jpg,datasets_flow/dataset_cropped/10_Metas/02/17/20191002173800_00160.jpg,datasets_cloudmask/dataset_cropped/10_Metas/02/17/20191002173800_00160.png,93.6,60.3,78.2,25.8,958
10/2/2019 17:39,datasets/dataset_cropped/10_Metas/02/17/20191002173900_00160.jpg,datasets_flow/dataset_cropped/10_Metas/02/17/20191002173900_00160.jpg,datasets_cloudmask/dataset_cropped/10_Metas/02/17/20191002173900_00160.png,95.8,73.9,77.4,25.7,958
10/2/2019 17:40,datasets/dataset_cropped/10_Metas/02/17/20191002174000_00160.jpg,datasets_flow/dataset_cropped/10_Metas/02/17/20191002174000_00160.jpg,datasets_cloudmask/dataset_cropped/10_Metas/02/17/20191002174000_00160.png,89.1,54.1,75.7,25.6,958
10/2/2019 17:41,datasets/dataset_cropped/10_Metas/02/17/20191002174100_00160.jpg,datasets_flow/dataset_cropped/10_Metas/02/17/20191002174100_00160.jpg,datasets_cloudmask/dataset_cropped/10_Metas/02/17/20191002174100_00160.png,86.7,52.4,73.8,25.6,958
10/2/2019 17:42,datasets/dataset_cropped/10_Metas/02/17/20191002174200_00160.jpg,datasets_flow/dataset_cropped/10_Metas/02/17/20191002174200_00160.jpg,datasets_cloudmask/dataset_cropped/10_Metas/02/17/20191002174200_00160.png,87.9,66.2,72.1,25.6,958
10/2/2019 17:43,datasets/dataset_cropped/10_Metas/02/17/20191002174300_00160.jpg,datasets_flow/dataset_cropped/10_Metas/02/17/20191002174300_00160.jpg,datasets_cloudmask/dataset_cropped/10_Metas/02/17/20191002174300_00160.png,85.5,65,70.2,25.6,958
10/2/2019 17:44,datasets/dataset_cropped/10_Metas/02/17/20191002174400_00160.jpg,datasets_flow/dataset_cropped/10_Metas/02/17/20191002174400_00160.jpg,datasets_cloudmask/dataset_cropped/10_Metas/02/17/20191002174400_00160.png,89.8,92.4,68.5,25.5,959
10/2/2019 17:45,datasets/dataset_cropped/10_Metas/02/17/20191002174500_00160.jpg,datasets_flow/dataset_cropped/10_Metas/02/17/20191002174500_00160.jpg,datasets_cloudmask/dataset_cropped/10_Metas/02/17/20191002174500_00160.png,84.5,83.8,65.6,25.5,958
10/2/2019 17:46,datasets/dataset_cropped/10_Metas/02/17/20191002174600_00160.jpg,datasets_flow/dataset_cropped/10_Metas/02/17/20191002174600_00160.jpg,datasets_cloudmask/dataset_cropped/10_Metas/02/17/20191002174600_00160.png,81.5,85.2,62.6,25.5,958
10/2/2019 17:47,datasets/dataset_cropped/10_Metas/02/17/20191002174700_00160.jpg,datasets_flow/dataset_cropped/10_Metas/02/17/20191002174700_00160.jpg,datasets_cloudmask/dataset_cropped/10_Metas/02/17/20191002174700_00160.png,79,85.3,60.4,25.5,958
10/2/2019 17:48,datasets/dataset_cropped/10_Metas/02/17/20191002174800_00160.jpg,datasets_flow/dataset_cropped/10_Metas/02/17/20191002174800_00160.jpg,datasets_cloudmask/dataset_cropped/10_Metas/02/17/20191002174800_00160.png,87.3,131.8,59.2,25.4,959
10/2/2019 17:49,datasets/dataset_cropped/10_Metas/02/17/20191002174900_00160.jpg,datasets_flow/dataset_cropped/10_Metas/02/17/20191002174900_00160.jpg,datasets_cloudmask/dataset_cropped/10_Metas/02/17/20191002174900_00160.png,68.2,54.7,56.4,25.4,958
10/2/2019 17:50,datasets/dataset_cropped/10_Metas/02/17/20191002175000_00160.jpg,datasets_flow/dataset_cropped/10_Metas/02/17/20191002175000_00160.jpg,datasets_cloudmask/dataset_cropped/10_Metas/02/17/20191002175000_00160.png,61.4,34.5,53.9,25.3,958
10/2/2019 17:51,datasets/dataset_cropped/10_Metas/02/17/20191002175100_00160.jpg,datasets_flow/dataset_cropped/10_Metas/02/17/20191002175100_00160.jpg,datasets_cloudmask/dataset_cropped/10_Metas/02/17/20191002175100_00160.png,62.4,48.4,52.3,25.3,958
10/2/2019 17:52,datasets/dataset_cropped/10_Metas/02/17/20191002175200_00160.jpg,datasets_flow/dataset_cropped/10_Metas/02/17/20191002175200_00160.jpg,datasets_cloudmask/dataset_cropped/10_Metas/02/17/20191002175200_00160.png,61.5,51,51,25.3,958
10/2/2019 17:53,datasets/dataset_cropped/10_Metas/02/17/20191002175300_00160.jpg,datasets_flow/dataset_cropped/10_Metas/02/17/20191002175300_00160.jpg,datasets_cloudmask/dataset_cropped/10_Metas/02/17/20191002175300_00160.png,60.8,53.6,49.9,25.2,959
10/2/2019 17:54,datasets/dataset_cropped/10_Metas/02/17/20191002175400_00160.jpg,datasets_flow/dataset_cropped/10_Metas/02/17/20191002175400_00160.jpg,datasets_cloudmask/dataset_cropped/10_Metas/02/17/20191002175400_00160.png,61.6,64.1,48.9,25.2,959
10/2/2019 17:55,datasets/dataset_cropped/10_Metas/02/17/20191002175500_00160.jpg,datasets_flow/dataset_cropped/10_Metas/02/17/20191002175500_00160.jpg,datasets_cloudmask/dataset_cropped/10_Metas/02/17/20191002175500_00160.png,60.8,66.2,48,25.1,958
10/2/2019 17:56,datasets/dataset_cropped/10_Metas/02/17/20191002175600_00160.jpg,datasets_flow/dataset_cropped/10_Metas/02/17/20191002175600_00160.jpg,datasets_cloudmask/dataset_cropped/10_Metas/02/17/20191002175600_00160.png,61.6,76,47.2,25.1,959
10/2/2019 17:57,datasets/dataset_cropped/10_Metas/02/17/20191002175700_00160.jpg,datasets_flow/dataset_cropped/10_Metas/02/17/20191002175700_00160.jpg,datasets_cloudmask/dataset_cropped/10_Metas/02/17/20191002175700_00160.png,55.5,53.5,45.4,25.1,959
10/2/2019 17:58,datasets/dataset_cropped/10_Metas/02/17/20191002175800_00160.jpg,datasets_flow/dataset_cropped/10_Metas/02/17/20191002175800_00160.jpg,datasets_cloudmask/dataset_cropped/10_Metas/02/17/20191002175800_00160.png,51.5,40.8,43.9,25.1,959
10/2/2019 17:59,datasets/dataset_cropped/10_Metas/02/17/20191002175900_00160.jpg,datasets_flow/dataset_cropped/10_Metas/02/17/20191002175900_00160.jpg,datasets_cloudmask/dataset_cropped/10_Metas/02/17/20191002175900_00160.png,49.4,37.2,42.5,25,959
10/2/2019 18:00,datasets/dataset_cropped/10_Metas/02/18/20191002180000_00160.jpg,datasets_flow/dataset_cropped/10_Metas/02/18/20191002180000_00160.jpg,datasets_cloudmask/dataset_cropped/10_Metas/02/18/20191002180000_00160.png,50.6,51.1,41.4,25,959
10/2/2019 18:01,datasets/dataset_cropped/10_Metas/02/18/20191002180100_00160.jpg,datasets_flow/dataset_cropped/10_Metas/02/18/20191002180100_00160.jpg,datasets_cloudmask/dataset_cropped/10_Metas/02/18/20191002180100_00160.png,48.7,46.5,40.4,24.9,959
10/2/2019 18:02,datasets/dataset_cropped/10_Metas/02/18/20191002180200_00160.jpg,datasets_flow/dataset_cropped/10_Metas/02/18/20191002180200_00160.jpg,datasets_cloudmask/dataset_cropped/10_Metas/02/18/20191002180200_00160.png,45.5,33.6,39.5,24.9,959
10/2/2019 18:03,datasets/dataset_cropped/10_Metas/02/18/20191002180300_00160.jpg,datasets_flow/dataset_cropped/10_Metas/02/18/20191002180300_00160.jpg,datasets_cloudmask/dataset_cropped/10_Metas/02/18/20191002180300_00160.png,42.7,23.4,38.5,24.9,959
10/2/2019 18:04,datasets/dataset_cropped/10_Metas/02/18/20191002180400_00160.jpg,datasets_flow/dataset_cropped/10_Metas/02/18/20191002180400_00160.jpg,datasets_cloudmask/dataset_cropped/10_Metas/02/18/20191002180400_00160.png,42,24.2,37.8,24.9,959
10/2/2019 18:05,datasets/dataset_cropped/10_Metas/02/18/20191002180500_00160.jpg,datasets_flow/dataset_cropped/10_Metas/02/18/20191002180500_00160.jpg,datasets_cloudmask/dataset_cropped/10_Metas/02/18/20191002180500_00160.png,39.8,14.9,37.1,24.9,959
10/2/2019 18:06,datasets/dataset_cropped/10_Metas/02/18/20191002180600_00160.jpg,datasets_flow/dataset_cropped/10_Metas/02/18/20191002180600_00160.jpg,datasets_cloudmask/dataset_cropped/10_Metas/02/18/20191002180600_00160.png,39,14,36.4,24.8,959
10/2/2019 18:07,datasets/dataset_cropped/10_Metas/02/18/20191002180700_00160.jpg,datasets_flow/dataset_cropped/10_Metas/02/18/20191002180700_00160.jpg,datasets_cloudmask/dataset_cropped/10_Metas/02/18/20191002180700_00160.png,38.3,13.6,35.8,24.8,959
10/2/2019 18:08,datasets/dataset_cropped/10_Metas/02/18/20191002180800_00160.jpg,datasets_flow/dataset_cropped/10_Metas/02/18/20191002180800_00160.jpg,datasets_cloudmask/dataset_cropped/10_Metas/02/18/20191002180800_00160.png,38,15.4,35.2,24.7,959
10/2/2019 18:09,datasets/dataset_cropped/10_Metas/02/18/20191002180900_00160.jpg,datasets_flow/dataset_cropped/10_Metas/02/18/20191002180900_00160.jpg,datasets_cloudmask/dataset_cropped/10_Metas/02/18/20191002180900_00160.png,38,21.3,34.5,24.7,959
10/2/2019 18:10,datasets/dataset_cropped/10_Metas/02/18/20191002181000_00160.jpg,datasets_flow/dataset_cropped/10_Metas/02/18/20191002181000_00160.jpg,datasets_cloudmask/dataset_cropped/10_Metas/02/18/20191002181000_00160.png,37.9,26.1,33.8,24.6,959
10/2/2019 18:11,datasets/dataset_cropped/10_Metas/02/18/20191002181100_00160.jpg,datasets_flow/dataset_cropped/10_Metas/02/18/20191002181100_00160.jpg,datasets_cloudmask/dataset_cropped/10_Metas/02/18/20191002181100_00160.png,37.2,26.4,33.2,24.6,959
10/2/2019 18:12,datasets/dataset_cropped/10_Metas/02/18/20191002181200_00160.jpg,datasets_flow/dataset_cropped/10_Metas/02/18/20191002181200_00160.jpg,datasets_cloudmask/dataset_cropped/10_Metas/02/18/20191002181200_00160.png,36.6,26.5,32.6,24.5,959
10/2/2019 18:13,datasets/dataset_cropped/10_Metas/02/18/20191002181300_00160.jpg,datasets_flow/dataset_cropped/10_Metas/02/18/20191002181300_00160.jpg,datasets_cloudmask/dataset_cropped/10_Metas/02/18/20191002181300_00160.png,34.8,20.4,31.7,24.5,959
10/2/2019 18:14,datasets/dataset_cropped/10_Metas/02/18/20191002181400_00160.jpg,datasets_flow/dataset_cropped/10_Metas/02/18/20191002181400_00160.jpg,datasets_cloudmask/dataset_cropped/10_Metas/02/18/20191002181400_00160.png,33.5,17.8,30.7,24.5,959
10/2/2019 18:15,datasets/dataset_cropped/10_Metas/02/18/20191002181500_00160.jpg,datasets_flow/dataset_cropped/10_Metas/02/18/20191002181500_00160.jpg,datasets_cloudmask/dataset_cropped/10_Metas/02/18/20191002181500_00160.png,32.2,16.7,29.7,24.4,959
10/2/2019 18:16,datasets/dataset_cropped/10_Metas/02/18/20191002181600_00160.jpg,datasets_flow/dataset_cropped/10_Metas/02/18/20191002181600_00160.jpg,datasets_cloudmask/dataset_cropped/10_Metas/02/18/20191002181600_00160.png,30.5,12.7,28.5,24.4,959
10/2/2019 18:17,datasets/dataset_cropped/10_Metas/02/18/20191002181700_00160.jpg,datasets_flow/dataset_cropped/10_Metas/02/18/20191002181700_00160.jpg,datasets_cloudmask/dataset_cropped/10_Metas/02/18/20191002181700_00160.png,28.8,9.2,27.2,24.4,959
10/2/2019 18:18,datasets/dataset_cropped/10_Metas/02/18/20191002181800_00160.jpg,datasets_flow/dataset_cropped/10_Metas/02/18/20191002181800_00160.jpg,datasets_cloudmask/dataset_cropped/10_Metas/02/18/20191002181800_00160.png,27.2,7.5,25.9,24.3,959
10/2/2019 18:19,datasets/dataset_cropped/10_Metas/02/18/20191002181900_00160.jpg,datasets_flow/dataset_cropped/10_Metas/02/18/20191002181900_00160.jpg,datasets_cloudmask/dataset_cropped/10_Metas/02/18/20191002181900_00160.png,26.5,12.9,24.7,24.2,959
10/2/2019 18:20,datasets/dataset_cropped/10_Metas/02/18/20191002182000_00160.jpg,datasets_flow/dataset_cropped/10_Metas/02/18/20191002182000_00160.jpg,datasets_cloudmask/dataset_cropped/10_Metas/02/18/20191002182000_00160.png,26.3,22.1,23.6,24.2,959
10/2/2019 18:21,datasets/dataset_cropped/10_Metas/02/18/20191002182100_00160.jpg,datasets_flow/dataset_cropped/10_Metas/02/18/20191002182100_00160.jpg,datasets_cloudmask/dataset_cropped/10_Metas/02/18/20191002182100_00160.png,25.4,25.7,22.4,24.2,959
10/2/2019 18:22,datasets/dataset_cropped/10_Metas/02/18/20191002182200_00160.jpg,datasets_flow/dataset_cropped/10_Metas/02/18/20191002182200_00160.jpg,datasets_cloudmask/dataset_cropped/10_Metas/02/18/20191002182200_00160.png,24.5,28.1,21.4,24.2,959
10/2/2019 18:23,datasets/dataset_cropped/10_Metas/02/18/20191002182300_00160.jpg,datasets_flow/dataset_cropped/10_Metas/02/18/20191002182300_00160.jpg,datasets_cloudmask/dataset_cropped/10_Metas/02/18/20191002182300_00160.png,22.5,19.6,20.3,24.1,959
10/2/2019 18:24,datasets/dataset_cropped/10_Metas/02/18/20191002182400_00160.jpg,datasets_flow/dataset_cropped/10_Metas/02/18/20191002182400_00160.jpg,datasets_cloudmask/dataset_cropped/10_Metas/02/18/20191002182400_00160.png,20.7,11.3,19.3,24.1,959
10/2/2019 18:25,datasets/dataset_cropped/10_Metas/02/18/20191002182500_00160.jpg,datasets_flow/dataset_cropped/10_Metas/02/18/20191002182500_00160.jpg,datasets_cloudmask/dataset_cropped/10_Metas/02/18/20191002182500_00160.png,19.9,10.7,18.6,24,959
10/2/2019 18:26,datasets/dataset_cropped/10_Metas/02/18/20191002182600_00160.jpg,datasets_flow/dataset_cropped/10_Metas/02/18/20191002182600_00160.jpg,datasets_cloudmask/dataset_cropped/10_Metas/02/18/20191002182600_00160.png,19.2,12.8,17.8,24,959
10/2/2019 18:27,datasets/dataset_cropped/10_Metas/02/18/20191002182700_00160.jpg,datasets_flow/dataset_cropped/10_Metas/02/18/20191002182700_00160.jpg,datasets_cloudmask/dataset_cropped/10_Metas/02/18/20191002182700_00160.png,18.8,16.5,17.1,23.9,959
10/2/2019 18:28,datasets/dataset_cropped/10_Metas/02/18/20191002182800_00160.jpg,datasets_flow/dataset_cropped/10_Metas/02/18/20191002182800_00160.jpg,datasets_cloudmask/dataset_cropped/10_Metas/02/18/20191002182800_00160.png,17.7,13,16.3,23.9,959
10/2/2019 18:29,datasets/dataset_cropped/10_Metas/02/18/20191002182900_00160.jpg,datasets_flow/dataset_cropped/10_Metas/02/18/20191002182900_00160.jpg,datasets_cloudmask/dataset_cropped/10_Metas/02/18/20191002182900_00160.png,16.5,7.5,15.6,23.9,959
10/2/2019 18:30,datasets/dataset_cropped/10_Metas/02/18/20191002183000_00160.jpg,datasets_flow/dataset_cropped/10_Metas/02/18/20191002183000_00160.jpg,datasets_cloudmask/dataset_cropped/10_Metas/02/18/20191002183000_00160.png,15.5,4.9,14.9,23.8,959
10/2/2019 18:31,datasets/dataset_cropped/10_Metas/02/18/20191002183100_00160.jpg,datasets_flow/dataset_cropped/10_Metas/02/18/20191002183100_00160.jpg,datasets_cloudmask/dataset_cropped/10_Metas/02/18/20191002183100_00160.png,14.8,4.9,14.2,23.8,959
10/2/2019 18:32,datasets/dataset_cropped/10_Metas/02/18/20191002183200_00160.jpg,datasets_flow/dataset_cropped/10_Metas/02/18/20191002183200_00160.jpg,datasets_cloudmask/dataset_cropped/10_Metas/02/18/20191002183200_00160.png,14.2,4.8,13.6,23.8,959
10/2/2019 18:33,datasets/dataset_cropped/10_Metas/02/18/20191002183300_00160.jpg,datasets_flow/dataset_cropped/10_Metas/02/18/20191002183300_00160.jpg,datasets_cloudmask/dataset_cropped/10_Metas/02/18/20191002183300_00160.png,13.6,4.8,13.1,23.8,959
10/2/2019 18:34,datasets/dataset_cropped/10_Metas/02/18/20191002183400_00160.jpg,datasets_flow/dataset_cropped/10_Metas/02/18/20191002183400_00160.jpg,datasets_cloudmask/dataset_cropped/10_Metas/02/18/20191002183400_00160.png,13,5.3,12.5,23.8,959
10/2/2019 18:35,datasets/dataset_cropped/10_Metas/02/18/20191002183500_00160.jpg,datasets_flow/dataset_cropped/10_Metas/02/18/20191002183500_00160.jpg,datasets_cloudmask/dataset_cropped/10_Metas/02/18/20191002183500_00160.png,12.5,5.7,11.9,23.8,959
10/2/2019 18:36,datasets/dataset_cropped/10_Metas/02/18/20191002183600_00160.jpg,datasets_flow/dataset_cropped/10_Metas/02/18/20191002183600_00160.jpg,datasets_cloudmask/dataset_cropped/10_Metas/02/18/20191002183600_00160.png,11.9,6,11.4,23.8,959
10/2/2019 18:37,datasets/dataset_cropped/10_Metas/02/18/20191002183700_00160.jpg,datasets_flow/dataset_cropped/10_Metas/02/18/20191002183700_00160.jpg,datasets_cloudmask/dataset_cropped/10_Metas/02/18/20191002183700_00160.png,11.3,4.9,10.9,23.8,959
10/2/2019 18:38,datasets/dataset_cropped/10_Metas/02/18/20191002183800_00160.jpg,datasets_flow/dataset_cropped/10_Metas/02/18/20191002183800_00160.jpg,datasets_cloudmask/dataset_cropped/10_Metas/02/18/20191002183800_00160.png,10.6,2.5,10.3,23.8,959
10/2/2019 18:39,datasets/dataset_cropped/10_Metas/02/18/20191002183900_00160.jpg,datasets_flow/dataset_cropped/10_Metas/02/18/20191002183900_00160.jpg,datasets_cloudmask/dataset_cropped/10_Metas/02/18/20191002183900_00160.png,9.9,1.7,9.6,23.8,959
10/2/2019 18:40,datasets/dataset_cropped/10_Metas/02/18/20191002184000_00160.jpg,datasets_flow/dataset_cropped/10_Metas/02/18/20191002184000_00160.jpg,datasets_cloudmask/dataset_cropped/10_Metas/02/18/20191002184000_00160.png,9.2,1.2,9,23.8,959
10/2/2019 18:41,datasets/dataset_cropped/10_Metas/02/18/20191002184100_00160.jpg,datasets_flow/dataset_cropped/10_Metas/02/18/20191002184100_00160.jpg,datasets_cloudmask/dataset_cropped/10_Metas/02/18/20191002184100_00160.png,8.5,0.2,8.3,23.8,959
10/2/2019 18:42,datasets/dataset_cropped/10_Metas/02/18/20191002184200_00160.jpg,datasets_flow/dataset_cropped/10_Metas/02/18/20191002184200_00160.jpg,datasets_cloudmask/dataset_cropped/10_Metas/02/18/20191002184200_00160.png,7.8,0,7.7,23.7,959
10/2/2019 18:43,datasets/dataset_cropped/10_Metas/02/18/20191002184300_00160.jpg,datasets_flow/dataset_cropped/10_Metas/02/18/20191002184300_00160.jpg,datasets_cloudmask/dataset_cropped/10_Metas/02/18/20191002184300_00160.png,7.1,0,7,23.6,959
10/2/2019 18:44,datasets/dataset_cropped/10_Metas/02/18/20191002184400_00160.jpg,datasets_flow/dataset_cropped/10_Metas/02/18/20191002184400_00160.jpg,datasets_cloudmask/dataset_cropped/10_Metas/02/18/20191002184400_00160.png,6.2,0,6.1,23.6,959
10/2/2019 18:45,datasets/dataset_cropped/10_Metas/02/18/20191002184500_00160.jpg,datasets_flow/dataset_cropped/10_Metas/02/18/20191002184500_00160.jpg,datasets_cloudmask/dataset_cropped/10_Metas/02/18/20191002184500_00160.png,5.4,0,5.2,23.6,959
10/2/2019 18:46,datasets/dataset_cropped/10_Metas/02/18/20191002184600_00160.jpg,datasets_flow/dataset_cropped/10_Metas/02/18/20191002184600_00160.jpg,datasets_cloudmask/dataset_cropped/10_Metas/02/18/20191002184600_00160.png,4.5,0,4.4,23.5,959
10/2/2019 18:47,datasets/dataset_cropped/10_Metas/02/18/20191002184700_00160.jpg,datasets_flow/dataset_cropped/10_Metas/02/18/20191002184700_00160.jpg,datasets_cloudmask/dataset_cropped/10_Metas/02/18/20191002184700_00160.png,3.8,0,3.6,23.5,959
10/2/2019 18:48,datasets/dataset_cropped/10_Metas/02/18/20191002184800_00160.jpg,datasets_flow/dataset_cropped/10_Metas/02/18/20191002184800_00160.jpg,datasets_cloudmask/dataset_cropped/10_Metas/02/18/20191002184800_00160.png,3,0,2.9,23.4,959
10/2/2019 18:49,datasets/dataset_cropped/10_Metas/02/18/20191002184900_00160.jpg,datasets_flow/dataset_cropped/10_Metas/02/18/20191002184900_00160.jpg,datasets_cloudmask/dataset_cropped/10_Metas/02/18/20191002184900_00160.png,2.4,0,2.3,23.4,959
10/2/2019 18:50,datasets/dataset_cropped/10_Metas/02/18/20191002185000_00160.jpg,datasets_flow/dataset_cropped/10_Metas/02/18/20191002185000_00160.jpg,datasets_cloudmask/dataset_cropped/10_Metas/02/18/20191002185000_00160.png,1.9,0,1.8,23.4,959
10/3/2019 7:08,datasets/dataset_cropped/10_Metas/03/07/20191003070800_00160.jpg,datasets_flow/dataset_cropped/10_Metas/03/07/20191003070800_00160.jpg,datasets_cloudmask/dataset_cropped/10_Metas/03/07/20191003070800_00160.png,3.4,0.6,3.3,16.1,962
10/3/2019 7:09,datasets/dataset_cropped/10_Metas/03/07/20191003070900_00160.jpg,datasets_flow/dataset_cropped/10_Metas/03/07/20191003070900_00160.jpg,datasets_cloudmask/dataset_cropped/10_Metas/03/07/20191003070900_00160.png,4.3,1.3,4.2,16.1,962
10/3/2019 7:10,datasets/dataset_cropped/10_Metas/03/07/20191003071000_00160.jpg,datasets_flow/dataset_cropped/10_Metas/03/07/20191003071000_00160.jpg,datasets_cloudmask/dataset_cropped/10_Metas/03/07/20191003071000_00160.png,5,3.9,4.8,16,962
10/3/2019 7:11,datasets/dataset_cropped/10_Metas/03/07/20191003071100_00160.jpg,datasets_flow/dataset_cropped/10_Metas/03/07/20191003071100_00160.jpg,datasets_cloudmask/dataset_cropped/10_Metas/03/07/20191003071100_00160.png,5.6,17.6,5.2,16,962
10/3/2019 7:12,datasets/dataset_cropped/10_Metas/03/07/20191003071200_00160.jpg,datasets_flow/dataset_cropped/10_Metas/03/07/20191003071200_00160.jpg,datasets_cloudmask/dataset_cropped/10_Metas/03/07/20191003071200_00160.png,6.1,29.1,5.7,15.9,962
10/3/2019 7:13,datasets/dataset_cropped/10_Metas/03/07/20191003071300_00160.jpg,datasets_flow/dataset_cropped/10_Metas/03/07/20191003071300_00160.jpg,datasets_cloudmask/dataset_cropped/10_Metas/03/07/20191003071300_00160.png,6.8,27.5,6.2,16,962
10/3/2019 7:14,datasets/dataset_cropped/10_Metas/03/07/20191003071400_00160.jpg,datasets_flow/dataset_cropped/10_Metas/03/07/20191003071400_00160.jpg,datasets_cloudmask/dataset_cropped/10_Metas/03/07/20191003071400_00160.png,7.4,23,6.9,16.1,962
10/3/2019 7:15,datasets/dataset_cropped/10_Metas/03/07/20191003071500_00160.jpg,datasets_flow/dataset_cropped/10_Metas/03/07/20191003071500_00160.jpg,datasets_cloudmask/dataset_cropped/10_Metas/03/07/20191003071500_00160.png,7.9,20.6,7.3,16,962
10/3/2019 7:16,datasets/dataset_cropped/10_Metas/03/07/20191003071600_00160.jpg,datasets_flow/dataset_cropped/10_Metas/03/07/20191003071600_00160.jpg,datasets_cloudmask/dataset_cropped/10_Metas/03/07/20191003071600_00160.png,8.5,19.3,8.1,15.9,962
10/3/2019 7:17,datasets/dataset_cropped/10_Metas/03/07/20191003071700_00160.jpg,datasets_flow/dataset_cropped/10_Metas/03/07/20191003071700_00160.jpg,datasets_cloudmask/dataset_cropped/10_Metas/03/07/20191003071700_00160.png,8.9,16.1,8.5,15.6,961
10/3/2019 7:18,datasets/dataset_cropped/10_Metas/03/07/20191003071800_00160.jpg,datasets_flow/dataset_cropped/10_Metas/03/07/20191003071800_00160.jpg,datasets_cloudmask/dataset_cropped/10_Metas/03/07/20191003071800_00160.png,9.1,13.2,8.7,15.2,962
10/3/2019 7:19,datasets/dataset_cropped/10_Metas/03/07/20191003071900_00160.jpg,datasets_flow/dataset_cropped/10_Metas/03/07/20191003071900_00160.jpg,datasets_cloudmask/dataset_cropped/10_Metas/03/07/20191003071900_00160.png,9.5,13.3,9.1,15.1,962
10/3/2019 7:20,datasets/dataset_cropped/10_Metas/03/07/20191003072000_00160.jpg,datasets_flow/dataset_cropped/10_Metas/03/07/20191003072000_00160.jpg,datasets_cloudmask/dataset_cropped/10_Metas/03/07/20191003072000_00160.png,10.3,21.6,9.4,15,962
10/3/2019 7:21,datasets/dataset_cropped/10_Metas/03/07/20191003072100_00160.jpg,datasets_flow/dataset_cropped/10_Metas/03/07/20191003072100_00160.jpg,datasets_cloudmask/dataset_cropped/10_Metas/03/07/20191003072100_00160.png,11.3,32.6,9.9,15,962
10/3/2019 7:22,datasets/dataset_cropped/10_Metas/03/07/20191003072200_00160.jpg,datasets_flow/dataset_cropped/10_Metas/03/07/20191003072200_00160.jpg,datasets_cloudmask/dataset_cropped/10_Metas/03/07/20191003072200_00160.png,12,31.6,10.5,14.9,961
10/3/2019 7:23,datasets/dataset_cropped/10_Metas/03/07/20191003072300_00160.jpg,datasets_flow/dataset_cropped/10_Metas/03/07/20191003072300_00160.jpg,datasets_cloudmask/dataset_cropped/10_Metas/03/07/20191003072300_00160.png,12.8,33.7,11.2,14.8,962
10/3/2019 7:24,datasets/dataset_cropped/10_Metas/03/07/20191003072400_00160.jpg,datasets_flow/dataset_cropped/10_Metas/03/07/20191003072400_00160.jpg,datasets_cloudmask/dataset_cropped/10_Metas/03/07/20191003072400_00160.png,13,28.1,11.4,14.7,962
10/3/2019 7:25,datasets/dataset_cropped/10_Metas/03/07/20191003072500_00160.jpg,datasets_flow/dataset_cropped/10_Metas/03/07/20191003072500_00160.jpg,datasets_cloudmask/dataset_cropped/10_Metas/03/07/20191003072500_00160.png,13,19.7,11.7,14.6,961
10/3/2019 7:26,datasets/dataset_cropped/10_Metas/03/07/20191003072600_00160.jpg,datasets_flow/dataset_cropped/10_Metas/03/07/20191003072600_00160.jpg,datasets_cloudmask/dataset_cropped/10_Metas/03/07/20191003072600_00160.png,13.8,22.1,12.3,14.4,962
10/3/2019 7:27,datasets/dataset_cropped/10_Metas/03/07/20191003072700_00160.jpg,datasets_flow/dataset_cropped/10_Metas/03/07/20191003072700_00160.jpg,datasets_cloudmask/dataset_cropped/10_Metas/03/07/20191003072700_00160.png,15,26.6,13.1,14.3,961
10/3/2019 7:28,datasets/dataset_cropped/10_Metas/03/07/20191003072800_00160.jpg,datasets_flow/dataset_cropped/10_Metas/03/07/20191003072800_00160.jpg,datasets_cloudmask/dataset_cropped/10_Metas/03/07/20191003072800_00160.png,17.7,53.7,13.9,14.2,962
10/3/2019 7:29,datasets/dataset_cropped/10_Metas/03/07/20191003072900_00160.jpg,datasets_flow/dataset_cropped/10_Metas/03/07/20191003072900_00160.jpg,datasets_cloudmask/dataset_cropped/10_Metas/03/07/20191003072900_00160.png,21.5,100.7,14.5,14.1,961
10/3/2019 7:30,datasets/dataset_cropped/10_Metas/03/07/20191003073000_00160.jpg,datasets_flow/dataset_cropped/10_Metas/03/07/20191003073000_00160.jpg,datasets_cloudmask/dataset_cropped/10_Metas/03/07/20191003073000_00160.png,19.6,64.8,14.9,14.1,961
10/3/2019 7:31,datasets/dataset_cropped/10_Metas/03/07/20191003073100_00160.jpg,datasets_flow/dataset_cropped/10_Metas/03/07/20191003073100_00160.jpg,datasets_cloudmask/dataset_cropped/10_Metas/03/07/20191003073100_00160.png,17.1,22.3,15.5,14.1,961
10/3/2019 7:32,datasets/dataset_cropped/10_Metas/03/07/20191003073200_00160.jpg,datasets_flow/dataset_cropped/10_Metas/03/07/20191003073200_00160.jpg,datasets_cloudmask/dataset_cropped/10_Metas/03/07/20191003073200_00160.png,17.4,14.9,16.2,14,962
10/3/2019 7:33,datasets/dataset_cropped/10_Metas/03/07/20191003073300_00160.jpg,datasets_flow/dataset_cropped/10_Metas/03/07/20191003073300_00160.jpg,datasets_cloudmask/dataset_cropped/10_Metas/03/07/20191003073300_00160.png,18.4,16.9,16.8,14,962
10/3/2019 7:34,datasets/dataset_cropped/10_Metas/03/07/20191003073400_00160.jpg,datasets_flow/dataset_cropped/10_Metas/03/07/20191003073400_00160.jpg,datasets_cloudmask/dataset_cropped/10_Metas/03/07/20191003073400_00160.png,20.4,32.4,17.8,13.9,962
10/3/2019 7:35,datasets/dataset_cropped/10_Metas/03/07/20191003073500_00160.jpg,datasets_flow/dataset_cropped/10_Metas/03/07/20191003073500_00160.jpg,datasets_cloudmask/dataset_cropped/10_Metas/03/07/20191003073500_00160.png,22,38.4,18.6,13.9,962
10/3/2019 7:36,datasets/dataset_cropped/10_Metas/03/07/20191003073600_00160.jpg,datasets_flow/dataset_cropped/10_Metas/03/07/20191003073600_00160.jpg,datasets_cloudmask/dataset_cropped/10_Metas/03/07/20191003073600_00160.png,23.7,42.7,19.5,13.9,962
10/3/2019 7:37,datasets/dataset_cropped/10_Metas/03/07/20191003073700_00160.jpg,datasets_flow/dataset_cropped/10_Metas/03/07/20191003073700_00160.jpg,datasets_cloudmask/dataset_cropped/10_Metas/03/07/20191003073700_00160.png,24.8,43.7,20.4,14,962
10/3/2019 7:38,datasets/dataset_cropped/10_Metas/03/07/20191003073800_00160.jpg,datasets_flow/dataset_cropped/10_Metas/03/07/20191003073800_00160.jpg,datasets_cloudmask/dataset_cropped/10_Metas/03/07/20191003073800_00160.png,26.6,51.1,21.3,14.1,962
10/3/2019 7:39,datasets/dataset_cropped/10_Metas/03/07/20191003073900_00160.jpg,datasets_flow/dataset_cropped/10_Metas/03/07/20191003073900_00160.jpg,datasets_cloudmask/dataset_cropped/10_Metas/03/07/20191003073900_00160.png,27.6,49.9,22.3,14.2,962
10/3/2019 7:40,datasets/dataset_cropped/10_Metas/03/07/20191003074000_00160.jpg,datasets_flow/dataset_cropped/10_Metas/03/07/20191003074000_00160.jpg,datasets_cloudmask/dataset_cropped/10_Metas/03/07/20191003074000_00160.png,31.5,73.7,23.5,14.3,962
10/3/2019 7:41,datasets/dataset_cropped/10_Metas/03/07/20191003074100_00160.jpg,datasets_flow/dataset_cropped/10_Metas/03/07/20191003074100_00160.jpg,datasets_cloudmask/dataset_cropped/10_Metas/03/07/20191003074100_00160.png,40.4,137.9,25.4,14.4,962
10/3/2019 7:42,datasets/dataset_cropped/10_Metas/03/07/20191003074200_00160.jpg,datasets_flow/dataset_cropped/10_Metas/03/07/20191003074200_00160.jpg,datasets_cloudmask/dataset_cropped/10_Metas/03/07/20191003074200_00160.png,50,206.1,26.9,14.5,962
10/3/2019 7:43,datasets/dataset_cropped/10_Metas/03/07/20191003074300_00160.jpg,datasets_flow/dataset_cropped/10_Metas/03/07/20191003074300_00160.jpg,datasets_cloudmask/dataset_cropped/10_Metas/03/07/20191003074300_00160.png,56.4,244.2,28.3,14.7,962
10/3/2019 7:44,datasets/dataset_cropped/10_Metas/03/07/20191003074400_00160.jpg,datasets_flow/dataset_cropped/10_Metas/03/07/20191003074400_00160.jpg,datasets_cloudmask/dataset_cropped/10_Metas/03/07/20191003074400_00160.png,65.1,301.6,29.6,14.9,962
10/3/2019 7:45,datasets/dataset_cropped/10_Metas/03/07/20191003074500_00160.jpg,datasets_flow/dataset_cropped/10_Metas/03/07/20191003074500_00160.jpg,datasets_cloudmask/dataset_cropped/10_Metas/03/07/20191003074500_00160.png,74.7,363.7,30.9,15.1,962
10/3/2019 7:46,datasets/dataset_cropped/10_Metas/03/07/20191003074600_00160.jpg,datasets_flow/dataset_cropped/10_Metas/03/07/20191003074600_00160.jpg,datasets_cloudmask/dataset_cropped/10_Metas/03/07/20191003074600_00160.png,81.4,399.9,31.9,15.3,962
10/3/2019 7:47,datasets/dataset_cropped/10_Metas/03/07/20191003074700_00160.jpg,datasets_flow/dataset_cropped/10_Metas/03/07/20191003074700_00160.jpg,datasets_cloudmask/dataset_cropped/10_Metas/03/07/20191003074700_00160.png,88.9,440.8,32.8,15.3,962
10/3/2019 7:48,datasets/dataset_cropped/10_Metas/03/07/20191003074800_00160.jpg,datasets_flow/dataset_cropped/10_Metas/03/07/20191003074800_00160.jpg,datasets_cloudmask/dataset_cropped/10_Metas/03/07/20191003074800_00160.png,92.8,454.1,33.7,15.3,962
10/3/2019 7:49,datasets/dataset_cropped/10_Metas/03/07/20191003074900_00160.jpg,datasets_flow/dataset_cropped/10_Metas/03/07/20191003074900_00160.jpg,datasets_cloudmask/dataset_cropped/10_Metas/03/07/20191003074900_00160.png,96,462,34.5,15.7,962
10/3/2019 7:50,datasets/dataset_cropped/10_Metas/03/07/20191003075000_00160.jpg,datasets_flow/dataset_cropped/10_Metas/03/07/20191003075000_00160.jpg,datasets_cloudmask/dataset_cropped/10_Metas/03/07/20191003075000_00160.png,99.4,471.1,34.9,16.2,962
10/3/2019 7:51,datasets/dataset_cropped/10_Metas/03/07/20191003075100_00160.jpg,datasets_flow/dataset_cropped/10_Metas/03/07/20191003075100_00160.jpg,datasets_cloudmask/dataset_cropped/10_Metas/03/07/20191003075100_00160.png,102.9,480,35.5,16.5,962
10/3/2019 7:52,datasets/dataset_cropped/10_Metas/03/07/20191003075200_00160.jpg,datasets_flow/dataset_cropped/10_Metas/03/07/20191003075200_00160.jpg,datasets_cloudmask/dataset_cropped/10_Metas/03/07/20191003075200_00160.png,106.4,488.6,36.2,16.7,962
10/3/2019 7:53,datasets/dataset_cropped/10_Metas/03/07/20191003075300_00160.jpg,datasets_flow/dataset_cropped/10_Metas/03/07/20191003075300_00160.jpg,datasets_cloudmask/dataset_cropped/10_Metas/03/07/20191003075300_00160.png,109.7,496.7,36.7,16.8,962
10/3/2019 7:54,datasets/dataset_cropped/10_Metas/03/07/20191003075400_00160.jpg,datasets_flow/dataset_cropped/10_Metas/03/07/20191003075400_00160.jpg,datasets_cloudmask/dataset_cropped/10_Metas/03/07/20191003075400_00160.png,112.9,503.6,37.1,17.1,962
10/3/2019 7:55,datasets/dataset_cropped/10_Metas/03/07/20191003075500_00160.jpg,datasets_flow/dataset_cropped/10_Metas/03/07/20191003075500_00160.jpg,datasets_cloudmask/dataset_cropped/10_Metas/03/07/20191003075500_00160.png,116.2,511.2,37.6,17.3,962
10/3/2019 7:56,datasets/dataset_cropped/10_Metas/03/07/20191003075600_00160.jpg,datasets_flow/dataset_cropped/10_Metas/03/07/20191003075600_00160.jpg,datasets_cloudmask/dataset_cropped/10_Metas/03/07/20191003075600_00160.png,119.6,518.1,38.1,17.5,962
10/3/2019 7:57,datasets/dataset_cropped/10_Metas/03/07/20191003075700_00160.jpg,datasets_flow/dataset_cropped/10_Metas/03/07/20191003075700_00160.jpg,datasets_cloudmask/dataset_cropped/10_Metas/03/07/20191003075700_00160.png,123.1,525.3,38.7,17.7,962
10/3/2019 7:58,datasets/dataset_cropped/10_Metas/03/07/20191003075800_00160.jpg,datasets_flow/dataset_cropped/10_Metas/03/07/20191003075800_00160.jpg,datasets_cloudmask/dataset_cropped/10_Metas/03/07/20191003075800_00160.png,126.6,532.8,39.1,17.9,962
10/3/2019 7:59,datasets/dataset_cropped/10_Metas/03/07/20191003075900_00160.jpg,datasets_flow/dataset_cropped/10_Metas/03/07/20191003075900_00160.jpg,datasets_cloudmask/dataset_cropped/10_Metas/03/07/20191003075900_00160.png,130,539.7,39.7,18.1,962
10/3/2019 8:00,datasets/dataset_cropped/10_Metas/03/08/20191003080000_00160.jpg,datasets_flow/dataset_cropped/10_Metas/03/08/20191003080000_00160.jpg,datasets_cloudmask/dataset_cropped/10_Metas/03/08/20191003080000_00160.png,133.3,545.3,40.3,18.3,962
10/3/2019 8:01,datasets/dataset_cropped/10_Metas/03/08/20191003080100_00160.jpg,datasets_flow/dataset_cropped/10_Metas/03/08/20191003080100_00160.jpg,datasets_cloudmask/dataset_cropped/10_Metas/03/08/20191003080100_00160.png,136.6,550.1,40.8,18.4,962
10/3/2019 8:02,datasets/dataset_cropped/10_Metas/03/08/20191003080200_00160.jpg,datasets_flow/dataset_cropped/10_Metas/03/08/20191003080200_00160.jpg,datasets_cloudmask/dataset_cropped/10_Metas/03/08/20191003080200_00160.png,139.9,556.3,41.3,18.5,962
10/3/2019 8:03,datasets/dataset_cropped/10_Metas/03/08/20191003080300_00160.jpg,datasets_flow/dataset_cropped/10_Metas/03/08/20191003080300_00160.jpg,datasets_cloudmask/dataset_cropped/10_Metas/03/08/20191003080300_00160.png,143.3,561.9,41.9,18.7,962
10/3/2019 8:04,datasets/dataset_cropped/10_Metas/03/08/20191003080400_00160.jpg,datasets_flow/dataset_cropped/10_Metas/03/08/20191003080400_00160.jpg,datasets_cloudmask/dataset_cropped/10_Metas/03/08/20191003080400_00160.png,146.8,568.9,42.2,18.9,962
10/3/2019 8:05,datasets/dataset_cropped/10_Metas/03/08/20191003080500_00160.jpg,datasets_flow/dataset_cropped/10_Metas/03/08/20191003080500_00160.jpg,datasets_cloudmask/dataset_cropped/10_Metas/03/08/20191003080500_00160.png,150.3,575.5,42.5,19.1,962
10/3/2019 8:06,datasets/dataset_cropped/10_Metas/03/08/20191003080600_00160.jpg,datasets_flow/dataset_cropped/10_Metas/03/08/20191003080600_00160.jpg,datasets_cloudmask/dataset_cropped/10_Metas/03/08/20191003080600_00160.png,153.8,581.8,42.8,19.1,962
10/3/2019 8:07,datasets/dataset_cropped/10_Metas/03/08/20191003080700_00160.jpg,datasets_flow/dataset_cropped/10_Metas/03/08/20191003080700_00160.jpg,datasets_cloudmask/dataset_cropped/10_Metas/03/08/20191003080700_00160.png,157.2,586.6,43.3,18.8,962
10/3/2019 8:08,datasets/dataset_cropped/10_Metas/03/08/20191003080800_00160.jpg,datasets_flow/dataset_cropped/10_Metas/03/08/20191003080800_00160.jpg,datasets_cloudmask/dataset_cropped/10_Metas/03/08/20191003080800_00160.png,160.6,590.5,44,18.4,962
10/3/2019 8:09,datasets/dataset_cropped/10_Metas/03/08/20191003080900_00160.jpg,datasets_flow/dataset_cropped/10_Metas/03/08/20191003080900_00160.jpg,datasets_cloudmask/dataset_cropped/10_Metas/03/08/20191003080900_00160.png,163.9,593.8,44.8,18.3,962
10/3/2019 8:10,datasets/dataset_cropped/10_Metas/03/08/20191003081000_00160.jpg,datasets_flow/dataset_cropped/10_Metas/03/08/20191003081000_00160.jpg,datasets_cloudmask/dataset_cropped/10_Metas/03/08/20191003081000_00160.png,167.5,598.4,45.5,18.3,962
10/3/2019 8:11,datasets/dataset_cropped/10_Metas/03/08/20191003081100_00160.jpg,datasets_flow/dataset_cropped/10_Metas/03/08/20191003081100_00160.jpg,datasets_cloudmask/dataset_cropped/10_Metas/03/08/20191003081100_00160.png,171.3,604.4,46.1,18.3,962
10/3/2019 8:12,datasets/dataset_cropped/10_Metas/03/08/20191003081200_00160.jpg,datasets_flow/dataset_cropped/10_Metas/03/08/20191003081200_00160.jpg,datasets_cloudmask/dataset_cropped/10_Metas/03/08/20191003081200_00160.png,174.6,608.5,46.8,18.2,962
10/3/2019 8:13,datasets/dataset_cropped/10_Metas/03/08/20191003081300_00160.jpg,datasets_flow/dataset_cropped/10_Metas/03/08/20191003081300_00160.jpg,datasets_cloudmask/dataset_cropped/10_Metas/03/08/20191003081300_00160.png,178.4,614.2,47.4,18.2,962
10/3/2019 8:14,datasets/dataset_cropped/10_Metas/03/08/20191003081400_00160.jpg,datasets_flow/dataset_cropped/10_Metas/03/08/20191003081400_00160.jpg,datasets_cloudmask/dataset_cropped/10_Metas/03/08/20191003081400_00160.png,181.8,619.6,47.7,18.1,962
10/3/2019 8:15,datasets/dataset_cropped/10_Metas/03/08/20191003081500_00160.jpg,datasets_flow/dataset_cropped/10_Metas/03/08/20191003081500_00160.jpg,datasets_cloudmask/dataset_cropped/10_Metas/03/08/20191003081500_00160.png,185,622.5,48.3,18.1,962
10/3/2019 8:16,datasets/dataset_cropped/10_Metas/03/08/20191003081600_00160.jpg,datasets_flow/dataset_cropped/10_Metas/03/08/20191003081600_00160.jpg,datasets_cloudmask/dataset_cropped/10_Metas/03/08/20191003081600_00160.png,188.4,626.2,48.9,18.1,962
10/3/2019 8:17,datasets/dataset_cropped/10_Metas/03/08/20191003081700_00160.jpg,datasets_flow/dataset_cropped/10_Metas/03/08/20191003081700_00160.jpg,datasets_cloudmask/dataset_cropped/10_Metas/03/08/20191003081700_00160.png,191.7,629.4,49.5,18.1,962
10/3/2019 8:18,datasets/dataset_cropped/10_Metas/03/08/20191003081800_00160.jpg,datasets_flow/dataset_cropped/10_Metas/03/08/20191003081800_00160.jpg,datasets_cloudmask/dataset_cropped/10_Metas/03/08/20191003081800_00160.png,194.8,631.6,50,18.2,962
10/3/2019 8:19,datasets/dataset_cropped/10_Metas/03/08/20191003081900_00160.jpg,datasets_flow/dataset_cropped/10_Metas/03/08/20191003081900_00160.jpg,datasets_cloudmask/dataset_cropped/10_Metas/03/08/20191003081900_00160.png,198.2,634.7,50.5,18.2,962
10/3/2019 8:20,datasets/dataset_cropped/10_Metas/03/08/20191003082000_00160.jpg,datasets_flow/dataset_cropped/10_Metas/03/08/20191003082000_00160.jpg,datasets_cloudmask/dataset_cropped/10_Metas/03/08/20191003082000_00160.png,201.6,637.9,51.1,18.2,962
10/3/2019 8:21,datasets/dataset_cropped/10_Metas/03/08/20191003082100_00160.jpg,datasets_flow/dataset_cropped/10_Metas/03/08/20191003082100_00160.jpg,datasets_cloudmask/dataset_cropped/10_Metas/03/08/20191003082100_00160.png,205.4,642.3,51.7,18.2,962
10/3/2019 8:22,datasets/dataset_cropped/10_Metas/03/08/20191003082200_00160.jpg,datasets_flow/dataset_cropped/10_Metas/03/08/20191003082200_00160.jpg,datasets_cloudmask/dataset_cropped/10_Metas/03/08/20191003082200_00160.png,209.2,647.1,52.3,18.1,962
10/3/2019 8:23,datasets/dataset_cropped/10_Metas/03/08/20191003082300_00160.jpg,datasets_flow/dataset_cropped/10_Metas/03/08/20191003082300_00160.jpg,datasets_cloudmask/dataset_cropped/10_Metas/03/08/20191003082300_00160.png,211.9,647.5,52.8,18.2,962
10/3/2019 8:24,datasets/dataset_cropped/10_Metas/03/08/20191003082400_00160.jpg,datasets_flow/dataset_cropped/10_Metas/03/08/20191003082400_00160.jpg,datasets_cloudmask/dataset_cropped/10_Metas/03/08/20191003082400_00160.png,213.8,644.6,53.2,18.2,962
10/3/2019 8:25,datasets/dataset_cropped/10_Metas/03/08/20191003082500_00160.jpg,datasets_flow/dataset_cropped/10_Metas/03/08/20191003082500_00160.jpg,datasets_cloudmask/dataset_cropped/10_Metas/03/08/20191003082500_00160.png,218.1,651.1,53.7,18.2,962
10/3/2019 8:26,datasets/dataset_cropped/10_Metas/03/08/20191003082600_00160.jpg,datasets_flow/dataset_cropped/10_Metas/03/08/20191003082600_00160.jpg,datasets_cloudmask/dataset_cropped/10_Metas/03/08/20191003082600_00160.png,222,656.7,54.1,18.3,962
10/3/2019 8:27,datasets/dataset_cropped/10_Metas/03/08/20191003082700_00160.jpg,datasets_flow/dataset_cropped/10_Metas/03/08/20191003082700_00160.jpg,datasets_cloudmask/dataset_cropped/10_Metas/03/08/20191003082700_00160.png,223,650.2,54.5,18.3,962
10/3/2019 8:28,datasets/dataset_cropped/10_Metas/03/08/20191003082800_00160.jpg,datasets_flow/dataset_cropped/10_Metas/03/08/20191003082800_00160.jpg,datasets_cloudmask/dataset_cropped/10_Metas/03/08/20191003082800_00160.png,223.9,643.9,55,18.4,962
10/3/2019 8:29,datasets/dataset_cropped/10_Metas/03/08/20191003082900_00160.jpg,datasets_flow/dataset_cropped/10_Metas/03/08/20191003082900_00160.jpg,datasets_cloudmask/dataset_cropped/10_Metas/03/08/20191003082900_00160.png,228.1,650.1,55.5,18.4,962
10/3/2019 8:30,datasets/dataset_cropped/10_Metas/03/08/20191003083000_00160.jpg,datasets_flow/dataset_cropped/10_Metas/03/08/20191003083000_00160.jpg,datasets_cloudmask/dataset_cropped/10_Metas/03/08/20191003083000_00160.png,233.1,659.3,56.1,18.6,962
10/3/2019 8:31,datasets/dataset_cropped/10_Metas/03/08/20191003083100_00160.jpg,datasets_flow/dataset_cropped/10_Metas/03/08/20191003083100_00160.jpg,datasets_cloudmask/dataset_cropped/10_Metas/03/08/20191003083100_00160.png,238.6,669.7,56.8,18.7,962
10/3/2019 8:32,datasets/dataset_cropped/10_Metas/03/08/20191003083200_00160.jpg,datasets_flow/dataset_cropped/10_Metas/03/08/20191003083200_00160.jpg,datasets_cloudmask/dataset_cropped/10_Metas/03/08/20191003083200_00160.png,246,686.8,57.4,18.9,962
10/3/2019 8:33,datasets/dataset_cropped/10_Metas/03/08/20191003083300_00160.jpg,datasets_flow/dataset_cropped/10_Metas/03/08/20191003083300_00160.jpg,datasets_cloudmask/dataset_cropped/10_Metas/03/08/20191003083300_00160.png,248.7,687.6,57.9,19.2,962
10/3/2019 8:34,datasets/dataset_cropped/10_Metas/03/08/20191003083400_00160.jpg,datasets_flow/dataset_cropped/10_Metas/03/08/20191003083400_00160.jpg,datasets_cloudmask/dataset_cropped/10_Metas/03/08/20191003083400_00160.png,252.1,690.4,58.3,19.4,962
10/3/2019 8:35,datasets/dataset_cropped/10_Metas/03/08/20191003083500_00160.jpg,datasets_flow/dataset_cropped/10_Metas/03/08/20191003083500_00160.jpg,datasets_cloudmask/dataset_cropped/10_Metas/03/08/20191003083500_00160.png,257.3,700.1,58.7,19.7,962
10/3/2019 8:36,datasets/dataset_cropped/10_Metas/03/08/20191003083600_00160.jpg,datasets_flow/dataset_cropped/10_Metas/03/08/20191003083600_00160.jpg,datasets_cloudmask/dataset_cropped/10_Metas/03/08/20191003083600_00160.png,259.4,699,59,19.8,962
10/3/2019 8:37,datasets/dataset_cropped/10_Metas/03/08/20191003083700_00160.jpg,datasets_flow/dataset_cropped/10_Metas/03/08/20191003083700_00160.jpg,datasets_cloudmask/dataset_cropped/10_Metas/03/08/20191003083700_00160.png,257.2,683.3,59.2,19.9,962
10/3/2019 8:38,datasets/dataset_cropped/10_Metas/03/08/20191003083800_00160.jpg,datasets_flow/dataset_cropped/10_Metas/03/08/20191003083800_00160.jpg,datasets_cloudmask/dataset_cropped/10_Metas/03/08/20191003083800_00160.png,263.9,696.7,59.8,20,962
10/3/2019 8:39,datasets/dataset_cropped/10_Metas/03/08/20191003083900_00160.jpg,datasets_flow/dataset_cropped/10_Metas/03/08/20191003083900_00160.jpg,datasets_cloudmask/dataset_cropped/10_Metas/03/08/20191003083900_00160.png,267.5,700.5,60.2,20.1,962
10/3/2019 8:40,datasets/dataset_cropped/10_Metas/03/08/20191003084000_00160.jpg,datasets_flow/dataset_cropped/10_Metas/03/08/20191003084000_00160.jpg,datasets_cloudmask/dataset_cropped/10_Metas/03/08/20191003084000_00160.png,269.1,697.7,60.5,20.1,962
10/3/2019 8:41,datasets/dataset_cropped/10_Metas/03/08/20191003084100_00160.jpg,datasets_flow/dataset_cropped/10_Metas/03/08/20191003084100_00160.jpg,datasets_cloudmask/dataset_cropped/10_Metas/03/08/20191003084100_00160.png,272.1,699.8,60.7,20.2,962
10/3/2019 8:42,datasets/dataset_cropped/10_Metas/03/08/20191003084200_00160.jpg,datasets_flow/dataset_cropped/10_Metas/03/08/20191003084200_00160.jpg,datasets_cloudmask/dataset_cropped/10_Metas/03/08/20191003084200_00160.png,274.8,701.1,60.8,20.3,962
10/3/2019 8:43,datasets/dataset_cropped/10_Metas/03/08/20191003084300_00160.jpg,datasets_flow/dataset_cropped/10_Metas/03/08/20191003084300_00160.jpg,datasets_cloudmask/dataset_cropped/10_Metas/03/08/20191003084300_00160.png,276.9,700.5,61,20.4,962
10/3/2019 8:44,datasets/dataset_cropped/10_Metas/03/08/20191003084400_00160.jpg,datasets_flow/dataset_cropped/10_Metas/03/08/20191003084400_00160.jpg,datasets_cloudmask/dataset_cropped/10_Metas/03/08/20191003084400_00160.png,280.3,704,61.1,20.5,962
10/3/2019 8:45,datasets/dataset_cropped/10_Metas/03/08/20191003084500_00160.jpg,datasets_flow/dataset_cropped/10_Metas/03/08/20191003084500_00160.jpg,datasets_cloudmask/dataset_cropped/10_Metas/03/08/20191003084500_00160.png,283,705.2,61.2,20.6,962
10/3/2019 8:46,datasets/dataset_cropped/10_Metas/03/08/20191003084600_00160.jpg,datasets_flow/dataset_cropped/10_Metas/03/08/20191003084600_00160.jpg,datasets_cloudmask/dataset_cropped/10_Metas/03/08/20191003084600_00160.png,283.6,700.2,61.2,20.8,962
10/3/2019 8:47,datasets/dataset_cropped/10_Metas/03/08/20191003084700_00160.jpg,datasets_flow/dataset_cropped/10_Metas/03/08/20191003084700_00160.jpg,datasets_cloudmask/dataset_cropped/10_Metas/03/08/20191003084700_00160.png,285.1,697.6,61.2,20.7,962
10/3/2019 8:48,datasets/dataset_cropped/10_Metas/03/08/20191003084800_00160.jpg,datasets_flow/dataset_cropped/10_Metas/03/08/20191003084800_00160.jpg,datasets_cloudmask/dataset_cropped/10_Metas/03/08/20191003084800_00160.png,288.3,700.8,61.3,20.8,962
10/3/2019 8:49,datasets/dataset_cropped/10_Metas/03/08/20191003084900_00160.jpg,datasets_flow/dataset_cropped/10_Metas/03/08/20191003084900_00160.jpg,datasets_cloudmask/dataset_cropped/10_Metas/03/08/20191003084900_00160.png,295,714.4,61.5,20.9,962
10/3/2019 8:50,datasets/dataset_cropped/10_Metas/03/08/20191003085000_00160.jpg,datasets_flow/dataset_cropped/10_Metas/03/08/20191003085000_00160.jpg,datasets_cloudmask/dataset_cropped/10_Metas/03/08/20191003085000_00160.png,300.5,723.7,61.7,21.1,962
10/3/2019 8:51,datasets/dataset_cropped/10_Metas/03/08/20191003085100_00160.jpg,datasets_flow/dataset_cropped/10_Metas/03/08/20191003085100_00160.jpg,datasets_cloudmask/dataset_cropped/10_Metas/03/08/20191003085100_00160.png,305,730.3,61.9,21.1,962
10/3/2019 8:52,datasets/dataset_cropped/10_Metas/03/08/20191003085200_00160.jpg,datasets_flow/dataset_cropped/10_Metas/03/08/20191003085200_00160.jpg,datasets_cloudmask/dataset_cropped/10_Metas/03/08/20191003085200_00160.png,309.1,735.7,61.8,21.2,962
10/3/2019 8:53,datasets/dataset_cropped/10_Metas/03/08/20191003085300_00160.jpg,datasets_flow/dataset_cropped/10_Metas/03/08/20191003085300_00160.jpg,datasets_cloudmask/dataset_cropped/10_Metas/03/08/20191003085300_00160.png,313.5,741.8,61.8,21.3,962
10/3/2019 8:54,datasets/dataset_cropped/10_Metas/03/08/20191003085400_00160.jpg,datasets_flow/dataset_cropped/10_Metas/03/08/20191003085400_00160.jpg,datasets_cloudmask/dataset_cropped/10_Metas/03/08/20191003085400_00160.png,316.9,745,61.9,21.6,962
10/3/2019 8:55,datasets/dataset_cropped/10_Metas/03/08/20191003085500_00160.jpg,datasets_flow/dataset_cropped/10_Metas/03/08/20191003085500_00160.jpg,datasets_cloudmask/dataset_cropped/10_Metas/03/08/20191003085500_00160.png,320.9,749.5,62.2,21.8,962
10/3/2019 8:56,datasets/dataset_cropped/10_Metas/03/08/20191003085600_00160.jpg,datasets_flow/dataset_cropped/10_Metas/03/08/20191003085600_00160.jpg,datasets_cloudmask/dataset_cropped/10_Metas/03/08/20191003085600_00160.png,324.8,754.3,62.4,21.8,962
10/3/2019 8:57,datasets/dataset_cropped/10_Metas/03/08/20191003085700_00160.jpg,datasets_flow/dataset_cropped/10_Metas/03/08/20191003085700_00160.jpg,datasets_cloudmask/dataset_cropped/10_Metas/03/08/20191003085700_00160.png,328,756.9,62.4,21.9,962
10/3/2019 8:58,datasets/dataset_cropped/10_Metas/03/08/20191003085800_00160.jpg,datasets_flow/dataset_cropped/10_Metas/03/08/20191003085800_00160.jpg,datasets_cloudmask/dataset_cropped/10_Metas/03/08/20191003085800_00160.png,330.9,758.5,62.4,22,962
10/3/2019 8:59,datasets/dataset_cropped/10_Metas/03/08/20191003085900_00160.jpg,datasets_flow/dataset_cropped/10_Metas/03/08/20191003085900_00160.jpg,datasets_cloudmask/dataset_cropped/10_Metas/03/08/20191003085900_00160.png,334,760.6,62.4,22.3,962
10/3/2019 9:00,datasets/dataset_cropped/10_Metas/03/09/20191003090000_00160.jpg,datasets_flow/dataset_cropped/10_Metas/03/09/20191003090000_00160.jpg,datasets_cloudmask/dataset_cropped/10_Metas/03/09/20191003090000_00160.png,337.8,764.7,62.5,22.3,962
10/3/2019 9:01,datasets/dataset_cropped/10_Metas/03/09/20191003090100_00160.jpg,datasets_flow/dataset_cropped/10_Metas/03/09/20191003090100_00160.jpg,datasets_cloudmask/dataset_cropped/10_Metas/03/09/20191003090100_00160.png,342.1,769.4,62.8,22.1,962
10/3/2019 9:02,datasets/dataset_cropped/10_Metas/03/09/20191003090200_00160.jpg,datasets_flow/dataset_cropped/10_Metas/03/09/20191003090200_00160.jpg,datasets_cloudmask/dataset_cropped/10_Metas/03/09/20191003090200_00160.png,344.8,769.7,62.7,22.2,962
10/3/2019 9:03,datasets/dataset_cropped/10_Metas/03/09/20191003090300_00160.jpg,datasets_flow/dataset_cropped/10_Metas/03/09/20191003090300_00160.jpg,datasets_cloudmask/dataset_cropped/10_Metas/03/09/20191003090300_00160.png,348.1,772.1,62.8,22.4,962
10/3/2019 9:04,datasets/dataset_cropped/10_Metas/03/09/20191003090400_00160.jpg,datasets_flow/dataset_cropped/10_Metas/03/09/20191003090400_00160.jpg,datasets_cloudmask/dataset_cropped/10_Metas/03/09/20191003090400_00160.png,351.4,773.9,63.1,22.5,962
10/3/2019 9:05,datasets/dataset_cropped/10_Metas/03/09/20191003090500_00160.jpg,datasets_flow/dataset_cropped/10_Metas/03/09/20191003090500_00160.jpg,datasets_cloudmask/dataset_cropped/10_Metas/03/09/20191003090500_00160.png,354.9,776.7,63.4,22.3,962
10/3/2019 9:06,datasets/dataset_cropped/10_Metas/03/09/20191003090600_00160.jpg,datasets_flow/dataset_cropped/10_Metas/03/09/20191003090600_00160.jpg,datasets_cloudmask/dataset_cropped/10_Metas/03/09/20191003090600_00160.png,359.5,782.2,63.5,22.3,962
10/3/2019 9:07,datasets/dataset_cropped/10_Metas/03/09/20191003090700_00160.jpg,datasets_flow/dataset_cropped/10_Metas/03/09/20191003090700_00160.jpg,datasets_cloudmask/dataset_cropped/10_Metas/03/09/20191003090700_00160.png,363.3,786.6,63.5,22.6,962
10/3/2019 9:08,datasets/dataset_cropped/10_Metas/03/09/20191003090800_00160.jpg,datasets_flow/dataset_cropped/10_Metas/03/09/20191003090800_00160.jpg,datasets_cloudmask/dataset_cropped/10_Metas/03/09/20191003090800_00160.png,366.2,788.2,63.3,22.9,962
10/3/2019 9:09,datasets/dataset_cropped/10_Metas/03/09/20191003090900_00160.jpg,datasets_flow/dataset_cropped/10_Metas/03/09/20191003090900_00160.jpg,datasets_cloudmask/dataset_cropped/10_Metas/03/09/20191003090900_00160.png,370.3,792.7,63.2,23.1,962
10/3/2019 9:10,datasets/dataset_cropped/10_Metas/03/09/20191003091000_00160.jpg,datasets_flow/dataset_cropped/10_Metas/03/09/20191003091000_00160.jpg,datasets_cloudmask/dataset_cropped/10_Metas/03/09/20191003091000_00160.png,374,796.1,63.1,22.9,962
10/3/2019 9:11,datasets/dataset_cropped/10_Metas/03/09/20191003091100_00160.jpg,datasets_flow/dataset_cropped/10_Metas/03/09/20191003091100_00160.jpg,datasets_cloudmask/dataset_cropped/10_Metas/03/09/20191003091100_00160.png,376.4,796,63.1,22.6,962
10/3/2019 9:12,datasets/dataset_cropped/10_Metas/03/09/20191003091200_00160.jpg,datasets_flow/dataset_cropped/10_Metas/03/09/20191003091200_00160.jpg,datasets_cloudmask/dataset_cropped/10_Metas/03/09/20191003091200_00160.png,378.3,794.7,63.2,22.7,962
10/3/2019 9:13,datasets/dataset_cropped/10_Metas/03/09/20191003091300_00160.jpg,datasets_flow/dataset_cropped/10_Metas/03/09/20191003091300_00160.jpg,datasets_cloudmask/dataset_cropped/10_Metas/03/09/20191003091300_00160.png,378.9,790.3,63.2,22.7,962
10/3/2019 9:14,datasets/dataset_cropped/10_Metas/03/09/20191003091400_00160.jpg,datasets_flow/dataset_cropped/10_Metas/03/09/20191003091400_00160.jpg,datasets_cloudmask/dataset_cropped/10_Metas/03/09/20191003091400_00160.png,383.8,796.3,63.1,22.4,962
10/3/2019 9:15,datasets/dataset_cropped/10_Metas/03/09/20191003091500_00160.jpg,datasets_flow/dataset_cropped/10_Metas/03/09/20191003091500_00160.jpg,datasets_cloudmask/dataset_cropped/10_Metas/03/09/20191003091500_00160.png,387.7,800,63.3,22.5,962
10/3/2019 9:16,datasets/dataset_cropped/10_Metas/03/09/20191003091600_00160.jpg,datasets_flow/dataset_cropped/10_Metas/03/09/20191003091600_00160.jpg,datasets_cloudmask/dataset_cropped/10_Metas/03/09/20191003091600_00160.png,391,802,63.2,22.5,962
10/3/2019 9:17,datasets/dataset_cropped/10_Metas/03/09/20191003091700_00160.jpg,datasets_flow/dataset_cropped/10_Metas/03/09/20191003091700_00160.jpg,datasets_cloudmask/dataset_cropped/10_Metas/03/09/20191003091700_00160.png,394.6,806,63.1,22.3,962
10/3/2019 9:18,datasets/dataset_cropped/10_Metas/03/09/20191003091800_00160.jpg,datasets_flow/dataset_cropped/10_Metas/03/09/20191003091800_00160.jpg,datasets_cloudmask/dataset_cropped/10_Metas/03/09/20191003091800_00160.png,398.6,810,63.2,22.2,962
10/3/2019 9:19,datasets/dataset_cropped/10_Metas/03/09/20191003091900_00160.jpg,datasets_flow/dataset_cropped/10_Metas/03/09/20191003091900_00160.jpg,datasets_cloudmask/dataset_cropped/10_Metas/03/09/20191003091900_00160.png,402,812,63.2,22.2,962
10/3/2019 9:20,datasets/dataset_cropped/10_Metas/03/09/20191003092000_00160.jpg,datasets_flow/dataset_cropped/10_Metas/03/09/20191003092000_00160.jpg,datasets_cloudmask/dataset_cropped/10_Metas/03/09/20191003092000_00160.png,406.5,817,63.5,22.3,962
10/3/2019 9:21,datasets/dataset_cropped/10_Metas/03/09/20191003092100_00160.jpg,datasets_flow/dataset_cropped/10_Metas/03/09/20191003092100_00160.jpg,datasets_cloudmask/dataset_cropped/10_Metas/03/09/20191003092100_00160.png,409.3,818,63.5,22.4,962
10/3/2019 9:22,datasets/dataset_cropped/10_Metas/03/09/20191003092200_00160.jpg,datasets_flow/dataset_cropped/10_Metas/03/09/20191003092200_00160.jpg,datasets_cloudmask/dataset_cropped/10_Metas/03/09/20191003092200_00160.png,412.3,820,63.6,22.3,962
10/3/2019 9:23,datasets/dataset_cropped/10_Metas/03/09/20191003092300_00160.jpg,datasets_flow/dataset_cropped/10_Metas/03/09/20191003092300_00160.jpg,datasets_cloudmask/dataset_cropped/10_Metas/03/09/20191003092300_00160.png,416,822,63.9,22.2,962
10/3/2019 9:24,datasets/dataset_cropped/10_Metas/03/09/20191003092400_00160.jpg,datasets_flow/dataset_cropped/10_Metas/03/09/20191003092400_00160.jpg,datasets_cloudmask/dataset_cropped/10_Metas/03/09/20191003092400_00160.png,420,826,64,22.2,962
10/3/2019 9:25,datasets/dataset_cropped/10_Metas/03/09/20191003092500_00160.jpg,datasets_flow/dataset_cropped/10_Metas/03/09/20191003092500_00160.jpg,datasets_cloudmask/dataset_cropped/10_Metas/03/09/20191003092500_00160.png,422.7,826,64.3,22.4,962
10/3/2019 9:26,datasets/dataset_cropped/10_Metas/03/09/20191003092600_00160.jpg,datasets_flow/dataset_cropped/10_Metas/03/09/20191003092600_00160.jpg,datasets_cloudmask/dataset_cropped/10_Metas/03/09/20191003092600_00160.png,425.6,826,64.9,22.4,962
10/3/2019 9:27,datasets/dataset_cropped/10_Metas/03/09/20191003092700_00160.jpg,datasets_flow/dataset_cropped/10_Metas/03/09/20191003092700_00160.jpg,datasets_cloudmask/dataset_cropped/10_Metas/03/09/20191003092700_00160.png,428.5,827,65.4,22.5,963
10/3/2019 9:28,datasets/dataset_cropped/10_Metas/03/09/20191003092800_00160.jpg,datasets_flow/dataset_cropped/10_Metas/03/09/20191003092800_00160.jpg,datasets_cloudmask/dataset_cropped/10_Metas/03/09/20191003092800_00160.png,425.9,815,65.9,22.5,962
10/3/2019 9:29,datasets/dataset_cropped/10_Metas/03/09/20191003092900_00160.jpg,datasets_flow/dataset_cropped/10_Metas/03/09/20191003092900_00160.jpg,datasets_cloudmask/dataset_cropped/10_Metas/03/09/20191003092900_00160.png,425.3,808,66.2,22.6,963
10/3/2019 9:30,datasets/dataset_cropped/10_Metas/03/09/20191003093000_00160.jpg,datasets_flow/dataset_cropped/10_Metas/03/09/20191003093000_00160.jpg,datasets_cloudmask/dataset_cropped/10_Metas/03/09/20191003093000_00160.png,427.9,809,66.6,22.8,962
10/3/2019 9:31,datasets/dataset_cropped/10_Metas/03/09/20191003093100_00160.jpg,datasets_flow/dataset_cropped/10_Metas/03/09/20191003093100_00160.jpg,datasets_cloudmask/dataset_cropped/10_Metas/03/09/20191003093100_00160.png,435,818,67.2,22.9,962
10/3/2019 9:32,datasets/dataset_cropped/10_Metas/03/09/20191003093200_00160.jpg,datasets_flow/dataset_cropped/10_Metas/03/09/20191003093200_00160.jpg,datasets_cloudmask/dataset_cropped/10_Metas/03/09/20191003093200_00160.png,435.8,813,67.8,22.9,962
10/3/2019 9:33,datasets/dataset_cropped/10_Metas/03/09/20191003093300_00160.jpg,datasets_flow/dataset_cropped/10_Metas/03/09/20191003093300_00160.jpg,datasets_cloudmask/dataset_cropped/10_Metas/03/09/20191003093300_00160.png,434.4,804,68.2,23,962
10/3/2019 9:34,datasets/dataset_cropped/10_Metas/03/09/20191003093400_00160.jpg,datasets_flow/dataset_cropped/10_Metas/03/09/20191003093400_00160.jpg,datasets_cloudmask/dataset_cropped/10_Metas/03/09/20191003093400_00160.png,439.7,810,68.5,22.9,962
10/3/2019 9:35,datasets/dataset_cropped/10_Metas/03/09/20191003093500_00160.jpg,datasets_flow/dataset_cropped/10_Metas/03/09/20191003093500_00160.jpg,datasets_cloudmask/dataset_cropped/10_Metas/03/09/20191003093500_00160.png,448.7,824,69.1,22.8,962
10/3/2019 9:36,datasets/dataset_cropped/10_Metas/03/09/20191003093600_00160.jpg,datasets_flow/dataset_cropped/10_Metas/03/09/20191003093600_00160.jpg,datasets_cloudmask/dataset_cropped/10_Metas/03/09/20191003093600_00160.png,454,829,69.5,22.7,962
10/3/2019 9:37,datasets/dataset_cropped/10_Metas/03/09/20191003093700_00160.jpg,datasets_flow/dataset_cropped/10_Metas/03/09/20191003093700_00160.jpg,datasets_cloudmask/dataset_cropped/10_Metas/03/09/20191003093700_00160.png,455.2,825,70.1,22.6,962
10/3/2019 9:38,datasets/dataset_cropped/10_Metas/03/09/20191003093800_00160.jpg,datasets_flow/dataset_cropped/10_Metas/03/09/20191003093800_00160.jpg,datasets_cloudmask/dataset_cropped/10_Metas/03/09/20191003093800_00160.png,451.2,811,71,22.8,962
10/3/2019 9:39,datasets/dataset_cropped/10_Metas/03/09/20191003093900_00160.jpg,datasets_flow/dataset_cropped/10_Metas/03/09/20191003093900_00160.jpg,datasets_cloudmask/dataset_cropped/10_Metas/03/09/20191003093900_00160.png,457.2,818,71.5,23.1,962
10/3/2019 9:40,datasets/dataset_cropped/10_Metas/03/09/20191003094000_00160.jpg,datasets_flow/dataset_cropped/10_Metas/03/09/20191003094000_00160.jpg,datasets_cloudmask/dataset_cropped/10_Metas/03/09/20191003094000_00160.png,464.1,827,71.9,23.3,962
10/3/2019 9:41,datasets/dataset_cropped/10_Metas/03/09/20191003094100_00160.jpg,datasets_flow/dataset_cropped/10_Metas/03/09/20191003094100_00160.jpg,datasets_cloudmask/dataset_cropped/10_Metas/03/09/20191003094100_00160.png,468.9,832,72.2,23.4,962
10/3/2019 9:42,datasets/dataset_cropped/10_Metas/03/09/20191003094200_00160.jpg,datasets_flow/dataset_cropped/10_Metas/03/09/20191003094200_00160.jpg,datasets_cloudmask/dataset_cropped/10_Metas/03/09/20191003094200_00160.png,473.2,835,72.5,23.6,962
10/3/2019 9:43,datasets/dataset_cropped/10_Metas/03/09/20191003094300_00160.jpg,datasets_flow/dataset_cropped/10_Metas/03/09/20191003094300_00160.jpg,datasets_cloudmask/dataset_cropped/10_Metas/03/09/20191003094300_00160.png,476.1,835,73.1,23.6,963
10/3/2019 9:44,datasets/dataset_cropped/10_Metas/03/09/20191003094400_00160.jpg,datasets_flow/dataset_cropped/10_Metas/03/09/20191003094400_00160.jpg,datasets_cloudmask/dataset_cropped/10_Metas/03/09/20191003094400_00160.png,480.6,840,73.3,23.9,962
10/3/2019 9:45,datasets/dataset_cropped/10_Metas/03/09/20191003094500_00160.jpg,datasets_flow/dataset_cropped/10_Metas/03/09/20191003094500_00160.jpg,datasets_cloudmask/dataset_cropped/10_Metas/03/09/20191003094500_00160.png,484.3,843,73.7,23.9,962
10/3/2019 9:46,datasets/dataset_cropped/10_Metas/03/09/20191003094600_00160.jpg,datasets_flow/dataset_cropped/10_Metas/03/09/20191003094600_00160.jpg,datasets_cloudmask/dataset_cropped/10_Metas/03/09/20191003094600_00160.png,487.1,843,74,24,962
10/3/2019 9:47,datasets/dataset_cropped/10_Metas/03/09/20191003094700_00160.jpg,datasets_flow/dataset_cropped/10_Metas/03/09/20191003094700_00160.jpg,datasets_cloudmask/dataset_cropped/10_Metas/03/09/20191003094700_00160.png,489.3,842,74.4,24,962
10/3/2019 9:48,datasets/dataset_cropped/10_Metas/03/09/20191003094800_00160.jpg,datasets_flow/dataset_cropped/10_Metas/03/09/20191003094800_00160.jpg,datasets_cloudmask/dataset_cropped/10_Metas/03/09/20191003094800_00160.png,491.9,842,74.7,24.1,962
10/3/2019 9:49,datasets/dataset_cropped/10_Metas/03/09/20191003094900_00160.jpg,datasets_flow/dataset_cropped/10_Metas/03/09/20191003094900_00160.jpg,datasets_cloudmask/dataset_cropped/10_Metas/03/09/20191003094900_00160.png,495,844,74.8,24.3,962
10/3/2019 9:50,datasets/dataset_cropped/10_Metas/03/09/20191003095000_00160.jpg,datasets_flow/dataset_cropped/10_Metas/03/09/20191003095000_00160.jpg,datasets_cloudmask/dataset_cropped/10_Metas/03/09/20191003095000_00160.png,497.8,845,74.6,24.5,962
10/3/2019 9:51,datasets/dataset_cropped/10_Metas/03/09/20191003095100_00160.jpg,datasets_flow/dataset_cropped/10_Metas/03/09/20191003095100_00160.jpg,datasets_cloudmask/dataset_cropped/10_Metas/03/09/20191003095100_00160.png,501.7,847,75.1,24.8,962
10/3/2019 9:52,datasets/dataset_cropped/10_Metas/03/09/20191003095200_00160.jpg,datasets_flow/dataset_cropped/10_Metas/03/09/20191003095200_00160.jpg,datasets_cloudmask/dataset_cropped/10_Metas/03/09/20191003095200_00160.png,505.4,851,75.1,24.9,962
10/3/2019 9:53,datasets/dataset_cropped/10_Metas/03/09/20191003095300_00160.jpg,datasets_flow/dataset_cropped/10_Metas/03/09/20191003095300_00160.jpg,datasets_cloudmask/dataset_cropped/10_Metas/03/09/20191003095300_00160.png,507.7,852,75,25.1,962
10/3/2019 9:54,datasets/dataset_cropped/10_Metas/03/09/20191003095400_00160.jpg,datasets_flow/dataset_cropped/10_Metas/03/09/20191003095400_00160.jpg,datasets_cloudmask/dataset_cropped/10_Metas/03/09/20191003095400_00160.png,512.1,857,74.6,25.3,962
10/3/2019 9:55,datasets/dataset_cropped/10_Metas/03/09/20191003095500_00160.jpg,datasets_flow/dataset_cropped/10_Metas/03/09/20191003095500_00160.jpg,datasets_cloudmask/dataset_cropped/10_Metas/03/09/20191003095500_00160.png,515.4,859,74.8,25.2,962
10/3/2019 9:56,datasets/dataset_cropped/10_Metas/03/09/20191003095600_00160.jpg,datasets_flow/dataset_cropped/10_Metas/03/09/20191003095600_00160.jpg,datasets_cloudmask/dataset_cropped/10_Metas/03/09/20191003095600_00160.png,518.4,861,75,25.1,962
10/3/2019 9:57,datasets/dataset_cropped/10_Metas/03/09/20191003095700_00160.jpg,datasets_flow/dataset_cropped/10_Metas/03/09/20191003095700_00160.jpg,datasets_cloudmask/dataset_cropped/10_Metas/03/09/20191003095700_00160.png,523,867,74.9,25.1,962
10/3/2019 9:58,datasets/dataset_cropped/10_Metas/03/09/20191003095800_00160.jpg,datasets_flow/dataset_cropped/10_Metas/03/09/20191003095800_00160.jpg,datasets_cloudmask/dataset_cropped/10_Metas/03/09/20191003095800_00160.png,526.4,870,74.6,25,962
10/3/2019 9:59,datasets/dataset_cropped/10_Metas/03/09/20191003095900_00160.jpg,datasets_flow/dataset_cropped/10_Metas/03/09/20191003095900_00160.jpg,datasets_cloudmask/dataset_cropped/10_Metas/03/09/20191003095900_00160.png,530.5,873,74.5,24.9,962
10/3/2019 10:00,datasets/dataset_cropped/10_Metas/03/10/20191003100000_00160.jpg,datasets_flow/dataset_cropped/10_Metas/03/10/20191003100000_00160.jpg,datasets_cloudmask/dataset_cropped/10_Metas/03/10/20191003100000_00160.png,531.5,871,74.5,24.8,962
10/3/2019 10:01,datasets/dataset_cropped/10_Metas/03/10/20191003100100_00160.jpg,datasets_flow/dataset_cropped/10_Metas/03/10/20191003100100_00160.jpg,datasets_cloudmask/dataset_cropped/10_Metas/03/10/20191003100100_00160.png,533.6,870,74.5,24.6,962
10/3/2019 10:02,datasets/dataset_cropped/10_Metas/03/10/20191003100200_00160.jpg,datasets_flow/dataset_cropped/10_Metas/03/10/20191003100200_00160.jpg,datasets_cloudmask/dataset_cropped/10_Metas/03/10/20191003100200_00160.png,535.7,870,74.8,24.8,962
10/3/2019 10:03,datasets/dataset_cropped/10_Metas/03/10/20191003100300_00160.jpg,datasets_flow/dataset_cropped/10_Metas/03/10/20191003100300_00160.jpg,datasets_cloudmask/dataset_cropped/10_Metas/03/10/20191003100300_00160.png,538.5,871,74.7,24.7,962
10/3/2019 10:04,datasets/dataset_cropped/10_Metas/03/10/20191003100400_00160.jpg,datasets_flow/dataset_cropped/10_Metas/03/10/20191003100400_00160.jpg,datasets_cloudmask/dataset_cropped/10_Metas/03/10/20191003100400_00160.png,541.6,873,74.7,24.7,962
10/3/2019 10:05,datasets/dataset_cropped/10_Metas/03/10/20191003100500_00160.jpg,datasets_flow/dataset_cropped/10_Metas/03/10/20191003100500_00160.jpg,datasets_cloudmask/dataset_cropped/10_Metas/03/10/20191003100500_00160.png,544.3,873,75,24.7,962
10/3/2019 10:06,datasets/dataset_cropped/10_Metas/03/10/20191003100600_00160.jpg,datasets_flow/dataset_cropped/10_Metas/03/10/20191003100600_00160.jpg,datasets_cloudmask/dataset_cropped/10_Metas/03/10/20191003100600_00160.png,547.5,874,75.2,24.6,962
10/3/2019 10:07,datasets/dataset_cropped/10_Metas/03/10/20191003100700_00160.jpg,datasets_flow/dataset_cropped/10_Metas/03/10/20191003100700_00160.jpg,datasets_cloudmask/dataset_cropped/10_Metas/03/10/20191003100700_00160.png,551.9,879,75.1,24.6,962
10/3/2019 10:08,datasets/dataset_cropped/10_Metas/03/10/20191003100800_00160.jpg,datasets_flow/dataset_cropped/10_Metas/03/10/20191003100800_00160.jpg,datasets_cloudmask/dataset_cropped/10_Metas/03/10/20191003100800_00160.png,555.1,880,75.3,24.7,962
10/3/2019 10:09,datasets/dataset_cropped/10_Metas/03/10/20191003100900_00160.jpg,datasets_flow/dataset_cropped/10_Metas/03/10/20191003100900_00160.jpg,datasets_cloudmask/dataset_cropped/10_Metas/03/10/20191003100900_00160.png,557.6,880,75.5,24.8,962
10/3/2019 10:10,datasets/dataset_cropped/10_Metas/03/10/20191003101000_00160.jpg,datasets_flow/dataset_cropped/10_Metas/03/10/20191003101000_00160.jpg,datasets_cloudmask/dataset_cropped/10_Metas/03/10/20191003101000_00160.png,558.9,878,76.2,24.7,962
10/3/2019 10:11,datasets/dataset_cropped/10_Metas/03/10/20191003101100_00160.jpg,datasets_flow/dataset_cropped/10_Metas/03/10/20191003101100_00160.jpg,datasets_cloudmask/dataset_cropped/10_Metas/03/10/20191003101100_00160.png,560.8,877,76.5,24.5,962
10/3/2019 10:12,datasets/dataset_cropped/10_Metas/03/10/20191003101200_00160.jpg,datasets_flow/dataset_cropped/10_Metas/03/10/20191003101200_00160.jpg,datasets_cloudmask/dataset_cropped/10_Metas/03/10/20191003101200_00160.png,560.3,872,76.6,24.5,962
10/3/2019 10:13,datasets/dataset_cropped/10_Metas/03/10/20191003101300_00160.jpg,datasets_flow/dataset_cropped/10_Metas/03/10/20191003101300_00160.jpg,datasets_cloudmask/dataset_cropped/10_Metas/03/10/20191003101300_00160.png,560.8,868,77.5,24.6,962
10/3/2019 10:14,datasets/dataset_cropped/10_Metas/03/10/20191003101400_00160.jpg,datasets_flow/dataset_cropped/10_Metas/03/10/20191003101400_00160.jpg,datasets_cloudmask/dataset_cropped/10_Metas/03/10/20191003101400_00160.png,563,867,78,24.7,962
10/3/2019 10:15,datasets/dataset_cropped/10_Metas/03/10/20191003101500_00160.jpg,datasets_flow/dataset_cropped/10_Metas/03/10/20191003101500_00160.jpg,datasets_cloudmask/dataset_cropped/10_Metas/03/10/20191003101500_00160.png,564.4,865,78.9,24.8,962
10/3/2019 10:16,datasets/dataset_cropped/10_Metas/03/10/20191003101600_00160.jpg,datasets_flow/dataset_cropped/10_Metas/03/10/20191003101600_00160.jpg,datasets_cloudmask/dataset_cropped/10_Metas/03/10/20191003101600_00160.png,569.3,871,78.5,24.8,962
10/3/2019 10:17,datasets/dataset_cropped/10_Metas/03/10/20191003101700_00160.jpg,datasets_flow/dataset_cropped/10_Metas/03/10/20191003101700_00160.jpg,datasets_cloudmask/dataset_cropped/10_Metas/03/10/20191003101700_00160.png,571.7,871,79,24.8,962
10/3/2019 10:18,datasets/dataset_cropped/10_Metas/03/10/20191003101800_00160.jpg,datasets_flow/dataset_cropped/10_Metas/03/10/20191003101800_00160.jpg,datasets_cloudmask/dataset_cropped/10_Metas/03/10/20191003101800_00160.png,576,874,79,24.6,962
10/3/2019 10:19,datasets/dataset_cropped/10_Metas/03/10/20191003101900_00160.jpg,datasets_flow/dataset_cropped/10_Metas/03/10/20191003101900_00160.jpg,datasets_cloudmask/dataset_cropped/10_Metas/03/10/20191003101900_00160.png,579.1,876,79.1,24.5,962
10/3/2019 10:20,datasets/dataset_cropped/10_Metas/03/10/20191003102000_00160.jpg,datasets_flow/dataset_cropped/10_Metas/03/10/20191003102000_00160.jpg,datasets_cloudmask/dataset_cropped/10_Metas/03/10/20191003102000_00160.png,582.8,879,79.2,24.5,962
10/3/2019 10:21,datasets/dataset_cropped/10_Metas/03/10/20191003102100_00160.jpg,datasets_flow/dataset_cropped/10_Metas/03/10/20191003102100_00160.jpg,datasets_cloudmask/dataset_cropped/10_Metas/03/10/20191003102100_00160.png,583.5,876,79.3,24.6,962
10/3/2019 10:22,datasets/dataset_cropped/10_Metas/03/10/20191003102200_00160.jpg,datasets_flow/dataset_cropped/10_Metas/03/10/20191003102200_00160.jpg,datasets_cloudmask/dataset_cropped/10_Metas/03/10/20191003102200_00160.png,587.6,879,79.4,24.7,962
10/3/2019 10:23,datasets/dataset_cropped/10_Metas/03/10/20191003102300_00160.jpg,datasets_flow/dataset_cropped/10_Metas/03/10/20191003102300_00160.jpg,datasets_cloudmask/dataset_cropped/10_Metas/03/10/20191003102300_00160.png,590.8,881,79.5,24.9,962
10/3/2019 10:24,datasets/dataset_cropped/10_Metas/03/10/20191003102400_00160.jpg,datasets_flow/dataset_cropped/10_Metas/03/10/20191003102400_00160.jpg,datasets_cloudmask/dataset_cropped/10_Metas/03/10/20191003102400_00160.png,595.9,887,79.5,24.9,962
10/3/2019 10:25,datasets/dataset_cropped/10_Metas/03/10/20191003102500_00160.jpg,datasets_flow/dataset_cropped/10_Metas/03/10/20191003102500_00160.jpg,datasets_cloudmask/dataset_cropped/10_Metas/03/10/20191003102500_00160.png,600.1,890,79.5,25.1,962
10/3/2019 10:26,datasets/dataset_cropped/10_Metas/03/10/20191003102600_00160.jpg,datasets_flow/dataset_cropped/10_Metas/03/10/20191003102600_00160.jpg,datasets_cloudmask/dataset_cropped/10_Metas/03/10/20191003102600_00160.png,600.6,888,79.8,24.9,962
10/3/2019 10:27,datasets/dataset_cropped/10_Metas/03/10/20191003102700_00160.jpg,datasets_flow/dataset_cropped/10_Metas/03/10/20191003102700_00160.jpg,datasets_cloudmask/dataset_cropped/10_Metas/03/10/20191003102700_00160.png,602.2,887,79.8,24.8,962
10/3/2019 10:28,datasets/dataset_cropped/10_Metas/03/10/20191003102800_00160.jpg,datasets_flow/dataset_cropped/10_Metas/03/10/20191003102800_00160.jpg,datasets_cloudmask/dataset_cropped/10_Metas/03/10/20191003102800_00160.png,606.4,891,80,24.8,962
10/3/2019 10:29,datasets/dataset_cropped/10_Metas/03/10/20191003102900_00160.jpg,datasets_flow/dataset_cropped/10_Metas/03/10/20191003102900_00160.jpg,datasets_cloudmask/dataset_cropped/10_Metas/03/10/20191003102900_00160.png,608.8,892,80.4,25,962
10/3/2019 10:30,datasets/dataset_cropped/10_Metas/03/10/20191003103000_00160.jpg,datasets_flow/dataset_cropped/10_Metas/03/10/20191003103000_00160.jpg,datasets_cloudmask/dataset_cropped/10_Metas/03/10/20191003103000_00160.png,609.6,890,80.3,25.1,962
10/3/2019 10:31,datasets/dataset_cropped/10_Metas/03/10/20191003103100_00160.jpg,datasets_flow/dataset_cropped/10_Metas/03/10/20191003103100_00160.jpg,datasets_cloudmask/dataset_cropped/10_Metas/03/10/20191003103100_00160.png,609.7,887,80.5,25.1,962
10/3/2019 10:32,datasets/dataset_cropped/10_Metas/03/10/20191003103200_00160.jpg,datasets_flow/dataset_cropped/10_Metas/03/10/20191003103200_00160.jpg,datasets_cloudmask/dataset_cropped/10_Metas/03/10/20191003103200_00160.png,609.2,883,80.7,25,962
10/3/2019 10:33,datasets/dataset_cropped/10_Metas/03/10/20191003103300_00160.jpg,datasets_flow/dataset_cropped/10_Metas/03/10/20191003103300_00160.jpg,datasets_cloudmask/dataset_cropped/10_Metas/03/10/20191003103300_00160.png,608.9,879,80.9,24.9,962
10/3/2019 10:34,datasets/dataset_cropped/10_Metas/03/10/20191003103400_00160.jpg,datasets_flow/dataset_cropped/10_Metas/03/10/20191003103400_00160.jpg,datasets_cloudmask/dataset_cropped/10_Metas/03/10/20191003103400_00160.png,612.1,880,81.2,24.9,962
10/3/2019 10:35,datasets/dataset_cropped/10_Metas/03/10/20191003103500_00160.jpg,datasets_flow/dataset_cropped/10_Metas/03/10/20191003103500_00160.jpg,datasets_cloudmask/dataset_cropped/10_Metas/03/10/20191003103500_00160.png,613.8,880,81.5,25,962
10/3/2019 10:36,datasets/dataset_cropped/10_Metas/03/10/20191003103600_00160.jpg,datasets_flow/dataset_cropped/10_Metas/03/10/20191003103600_00160.jpg,datasets_cloudmask/dataset_cropped/10_Metas/03/10/20191003103600_00160.png,613.9,877,81.5,25.2,962
10/3/2019 10:37,datasets/dataset_cropped/10_Metas/03/10/20191003103700_00160.jpg,datasets_flow/dataset_cropped/10_Metas/03/10/20191003103700_00160.jpg,datasets_cloudmask/dataset_cropped/10_Metas/03/10/20191003103700_00160.png,615.9,877,81.9,25.3,962
10/3/2019 10:38,datasets/dataset_cropped/10_Metas/03/10/20191003103800_00160.jpg,datasets_flow/dataset_cropped/10_Metas/03/10/20191003103800_00160.jpg,datasets_cloudmask/dataset_cropped/10_Metas/03/10/20191003103800_00160.png,617.6,877,81.7,25.2,962
10/3/2019 10:39,datasets/dataset_cropped/10_Metas/03/10/20191003103900_00160.jpg,datasets_flow/dataset_cropped/10_Metas/03/10/20191003103900_00160.jpg,datasets_cloudmask/dataset_cropped/10_Metas/03/10/20191003103900_00160.png,619.6,877,81.5,25,962
10/3/2019 10:40,datasets/dataset_cropped/10_Metas/03/10/20191003104000_00160.jpg,datasets_flow/dataset_cropped/10_Metas/03/10/20191003104000_00160.jpg,datasets_cloudmask/dataset_cropped/10_Metas/03/10/20191003104000_00160.png,625.1,883,81.5,25.1,962
10/3/2019 10:41,datasets/dataset_cropped/10_Metas/03/10/20191003104100_00160.jpg,datasets_flow/dataset_cropped/10_Metas/03/10/20191003104100_00160.jpg,datasets_cloudmask/dataset_cropped/10_Metas/03/10/20191003104100_00160.png,626.5,883,81.4,25.2,962
10/3/2019 10:42,datasets/dataset_cropped/10_Metas/03/10/20191003104200_00160.jpg,datasets_flow/dataset_cropped/10_Metas/03/10/20191003104200_00160.jpg,datasets_cloudmask/dataset_cropped/10_Metas/03/10/20191003104200_00160.png,630.5,886,81.5,25.2,962
10/3/2019 10:43,datasets/dataset_cropped/10_Metas/03/10/20191003104300_00160.jpg,datasets_flow/dataset_cropped/10_Metas/03/10/20191003104300_00160.jpg,datasets_cloudmask/dataset_cropped/10_Metas/03/10/20191003104300_00160.png,632.8,887,81.4,25.3,962
10/3/2019 10:44,datasets/dataset_cropped/10_Metas/03/10/20191003104400_00160.jpg,datasets_flow/dataset_cropped/10_Metas/03/10/20191003104400_00160.jpg,datasets_cloudmask/dataset_cropped/10_Metas/03/10/20191003104400_00160.png,635.5,889,81.4,25.4,962
10/3/2019 10:45,datasets/dataset_cropped/10_Metas/03/10/20191003104500_00160.jpg,datasets_flow/dataset_cropped/10_Metas/03/10/20191003104500_00160.jpg,datasets_cloudmask/dataset_cropped/10_Metas/03/10/20191003104500_00160.png,636.7,889,81.2,25.5,962
10/3/2019 10:46,datasets/dataset_cropped/10_Metas/03/10/20191003104600_00160.jpg,datasets_flow/dataset_cropped/10_Metas/03/10/20191003104600_00160.jpg,datasets_cloudmask/dataset_cropped/10_Metas/03/10/20191003104600_00160.png,640.1,891,81.2,25.5,962
10/3/2019 10:47,datasets/dataset_cropped/10_Metas/03/10/20191003104700_00160.jpg,datasets_flow/dataset_cropped/10_Metas/03/10/20191003104700_00160.jpg,datasets_cloudmask/dataset_cropped/10_Metas/03/10/20191003104700_00160.png,643.1,893,81.3,25.4,962
10/3/2019 10:48,datasets/dataset_cropped/10_Metas/03/10/20191003104800_00160.jpg,datasets_flow/dataset_cropped/10_Metas/03/10/20191003104800_00160.jpg,datasets_cloudmask/dataset_cropped/10_Metas/03/10/20191003104800_00160.png,646.3,895,81.6,25.3,962
10/3/2019 10:49,datasets/dataset_cropped/10_Metas/03/10/20191003104900_00160.jpg,datasets_flow/dataset_cropped/10_Metas/03/10/20191003104900_00160.jpg,datasets_cloudmask/dataset_cropped/10_Metas/03/10/20191003104900_00160.png,650.5,899,81.6,25.2,962
10/3/2019 10:50,datasets/dataset_cropped/10_Metas/03/10/20191003105000_00160.jpg,datasets_flow/dataset_cropped/10_Metas/03/10/20191003105000_00160.jpg,datasets_cloudmask/dataset_cropped/10_Metas/03/10/20191003105000_00160.png,652.9,901,81.6,25.3,962
10/3/2019 10:51,datasets/dataset_cropped/10_Metas/03/10/20191003105100_00160.jpg,datasets_flow/dataset_cropped/10_Metas/03/10/20191003105100_00160.jpg,datasets_cloudmask/dataset_cropped/10_Metas/03/10/20191003105100_00160.png,656.4,904,81.7,25.3,962
10/3/2019 10:52,datasets/dataset_cropped/10_Metas/03/10/20191003105200_00160.jpg,datasets_flow/dataset_cropped/10_Metas/03/10/20191003105200_00160.jpg,datasets_cloudmask/dataset_cropped/10_Metas/03/10/20191003105200_00160.png,661.7,909,81.6,25.3,962
10/3/2019 10:53,datasets/dataset_cropped/10_Metas/03/10/20191003105300_00160.jpg,datasets_flow/dataset_cropped/10_Metas/03/10/20191003105300_00160.jpg,datasets_cloudmask/dataset_cropped/10_Metas/03/10/20191003105300_00160.png,665.1,911,82,25.4,962
10/3/2019 10:54,datasets/dataset_cropped/10_Metas/03/10/20191003105400_00160.jpg,datasets_flow/dataset_cropped/10_Metas/03/10/20191003105400_00160.jpg,datasets_cloudmask/dataset_cropped/10_Metas/03/10/20191003105400_00160.png,665.9,909,82.6,25.8,962
10/3/2019 10:55,datasets/dataset_cropped/10_Metas/03/10/20191003105500_00160.jpg,datasets_flow/dataset_cropped/10_Metas/03/10/20191003105500_00160.jpg,datasets_cloudmask/dataset_cropped/10_Metas/03/10/20191003105500_00160.png,665.3,905,82.9,25.8,962
10/3/2019 10:56,datasets/dataset_cropped/10_Metas/03/10/20191003105600_00160.jpg,datasets_flow/dataset_cropped/10_Metas/03/10/20191003105600_00160.jpg,datasets_cloudmask/dataset_cropped/10_Metas/03/10/20191003105600_00160.png,665,902,82.8,25.9,962
10/3/2019 10:57,datasets/dataset_cropped/10_Metas/03/10/20191003105700_00160.jpg,datasets_flow/dataset_cropped/10_Metas/03/10/20191003105700_00160.jpg,datasets_cloudmask/dataset_cropped/10_Metas/03/10/20191003105700_00160.png,663.7,897,82.7,25.9,962
10/3/2019 10:58,datasets/dataset_cropped/10_Metas/03/10/20191003105800_00160.jpg,datasets_flow/dataset_cropped/10_Metas/03/10/20191003105800_00160.jpg,datasets_cloudmask/dataset_cropped/10_Metas/03/10/20191003105800_00160.png,661.1,891,82.9,25.7,962
10/3/2019 10:59,datasets/dataset_cropped/10_Metas/03/10/20191003105900_00160.jpg,datasets_flow/dataset_cropped/10_Metas/03/10/20191003105900_00160.jpg,datasets_cloudmask/dataset_cropped/10_Metas/03/10/20191003105900_00160.png,677.4,914,83,25.6,962
10/3/2019 11:00,datasets/dataset_cropped/10_Metas/03/11/20191003110000_00160.jpg,datasets_flow/dataset_cropped/10_Metas/03/11/20191003110000_00160.jpg,datasets_cloudmask/dataset_cropped/10_Metas/03/11/20191003110000_00160.png,675.7,908,83.1,25.6,962
10/3/2019 11:01,datasets/dataset_cropped/10_Metas/03/11/20191003110100_00160.jpg,datasets_flow/dataset_cropped/10_Metas/03/11/20191003110100_00160.jpg,datasets_cloudmask/dataset_cropped/10_Metas/03/11/20191003110100_00160.png,680.8,913,83.8,25.9,962
10/3/2019 11:02,datasets/dataset_cropped/10_Metas/03/11/20191003110200_00160.jpg,datasets_flow/dataset_cropped/10_Metas/03/11/20191003110200_00160.jpg,datasets_cloudmask/dataset_cropped/10_Metas/03/11/20191003110200_00160.png,684.4,917,83.5,26,962
10/3/2019 11:03,datasets/dataset_cropped/10_Metas/03/11/20191003110300_00160.jpg,datasets_flow/dataset_cropped/10_Metas/03/11/20191003110300_00160.jpg,datasets_cloudmask/dataset_cropped/10_Metas/03/11/20191003110300_00160.png,686.4,918,83.3,26,962
10/3/2019 11:04,datasets/dataset_cropped/10_Metas/03/11/20191003110400_00160.jpg,datasets_flow/dataset_cropped/10_Metas/03/11/20191003110400_00160.jpg,datasets_cloudmask/dataset_cropped/10_Metas/03/11/20191003110400_00160.png,687.6,916,83.6,25.9,962
10/3/2019 11:05,datasets/dataset_cropped/10_Metas/03/11/20191003110500_00160.jpg,datasets_flow/dataset_cropped/10_Metas/03/11/20191003110500_00160.jpg,datasets_cloudmask/dataset_cropped/10_Metas/03/11/20191003110500_00160.png,687,912,84.2,25.6,962
10/3/2019 11:06,datasets/dataset_cropped/10_Metas/03/11/20191003110600_00160.jpg,datasets_flow/dataset_cropped/10_Metas/03/11/20191003110600_00160.jpg,datasets_cloudmask/dataset_cropped/10_Metas/03/11/20191003110600_00160.png,686.6,909,84.5,25.6,962
10/3/2019 11:07,datasets/dataset_cropped/10_Metas/03/11/20191003110700_00160.jpg,datasets_flow/dataset_cropped/10_Metas/03/11/20191003110700_00160.jpg,datasets_cloudmask/dataset_cropped/10_Metas/03/11/20191003110700_00160.png,690.3,912,84.7,25.5,962
10/3/2019 11:08,datasets/dataset_cropped/10_Metas/03/11/20191003110800_00160.jpg,datasets_flow/dataset_cropped/10_Metas/03/11/20191003110800_00160.jpg,datasets_cloudmask/dataset_cropped/10_Metas/03/11/20191003110800_00160.png,690.2,910,84.8,25.5,962
10/3/2019 11:09,datasets/dataset_cropped/10_Metas/03/11/20191003110900_00160.jpg,datasets_flow/dataset_cropped/10_Metas/03/11/20191003110900_00160.jpg,datasets_cloudmask/dataset_cropped/10_Metas/03/11/20191003110900_00160.png,696.8,918,84.6,25.8,962
10/3/2019 11:10,datasets/dataset_cropped/10_Metas/03/11/20191003111000_00160.jpg,datasets_flow/dataset_cropped/10_Metas/03/11/20191003111000_00160.jpg,datasets_cloudmask/dataset_cropped/10_Metas/03/11/20191003111000_00160.png,698.7,918,84.7,26.1,962
10/3/2019 11:11,datasets/dataset_cropped/10_Metas/03/11/20191003111100_00160.jpg,datasets_flow/dataset_cropped/10_Metas/03/11/20191003111100_00160.jpg,datasets_cloudmask/dataset_cropped/10_Metas/03/11/20191003111100_00160.png,697.1,913,84.7,25.9,962
10/3/2019 11:12,datasets/dataset_cropped/10_Metas/03/11/20191003111200_00160.jpg,datasets_flow/dataset_cropped/10_Metas/03/11/20191003111200_00160.jpg,datasets_cloudmask/dataset_cropped/10_Metas/03/11/20191003111200_00160.png,697,910,85.2,25.6,962
10/3/2019 11:13,datasets/dataset_cropped/10_Metas/03/11/20191003111300_00160.jpg,datasets_flow/dataset_cropped/10_Metas/03/11/20191003111300_00160.jpg,datasets_cloudmask/dataset_cropped/10_Metas/03/11/20191003111300_00160.png,699.7,912,85.5,25.7,962
10/3/2019 11:14,datasets/dataset_cropped/10_Metas/03/11/20191003111400_00160.jpg,datasets_flow/dataset_cropped/10_Metas/03/11/20191003111400_00160.jpg,datasets_cloudmask/dataset_cropped/10_Metas/03/11/20191003111400_00160.png,698,907,85.5,25.9,962
10/3/2019 11:15,datasets/dataset_cropped/10_Metas/03/11/20191003111500_00160.jpg,datasets_flow/dataset_cropped/10_Metas/03/11/20191003111500_00160.jpg,datasets_cloudmask/dataset_cropped/10_Metas/03/11/20191003111500_00160.png,698.1,905,85.5,25.9,962
10/3/2019 11:16,datasets/dataset_cropped/10_Metas/03/11/20191003111600_00160.jpg,datasets_flow/dataset_cropped/10_Metas/03/11/20191003111600_00160.jpg,datasets_cloudmask/dataset_cropped/10_Metas/03/11/20191003111600_00160.png,697.8,902,85.7,25.8,962
10/3/2019 11:17,datasets/dataset_cropped/10_Metas/03/11/20191003111700_00160.jpg,datasets_flow/dataset_cropped/10_Metas/03/11/20191003111700_00160.jpg,datasets_cloudmask/dataset_cropped/10_Metas/03/11/20191003111700_00160.png,704,910,85.4,25.8,962
10/3/2019 11:18,datasets/dataset_cropped/10_Metas/03/11/20191003111800_00160.jpg,datasets_flow/dataset_cropped/10_Metas/03/11/20191003111800_00160.jpg,datasets_cloudmask/dataset_cropped/10_Metas/03/11/20191003111800_00160.png,708.7,916,85,25.7,962
10/3/2019 11:19,datasets/dataset_cropped/10_Metas/03/11/20191003111900_00160.jpg,datasets_flow/dataset_cropped/10_Metas/03/11/20191003111900_00160.jpg,datasets_cloudmask/dataset_cropped/10_Metas/03/11/20191003111900_00160.png,704.9,907,85.4,25.8,962
10/3/2019 11:20,datasets/dataset_cropped/10_Metas/03/11/20191003112000_00160.jpg,datasets_flow/dataset_cropped/10_Metas/03/11/20191003112000_00160.jpg,datasets_cloudmask/dataset_cropped/10_Metas/03/11/20191003112000_00160.png,711.4,915,85.4,26.1,962
10/3/2019 11:21,datasets/dataset_cropped/10_Metas/03/11/20191003112100_00160.jpg,datasets_flow/dataset_cropped/10_Metas/03/11/20191003112100_00160.jpg,datasets_cloudmask/dataset_cropped/10_Metas/03/11/20191003112100_00160.png,712.8,915,85.6,26.1,962
10/3/2019 11:22,datasets/dataset_cropped/10_Metas/03/11/20191003112200_00160.jpg,datasets_flow/dataset_cropped/10_Metas/03/11/20191003112200_00160.jpg,datasets_cloudmask/dataset_cropped/10_Metas/03/11/20191003112200_00160.png,715.3,916,85.9,26.3,962
10/3/2019 11:23,datasets/dataset_cropped/10_Metas/03/11/20191003112300_00160.jpg,datasets_flow/dataset_cropped/10_Metas/03/11/20191003112300_00160.jpg,datasets_cloudmask/dataset_cropped/10_Metas/03/11/20191003112300_00160.png,718.5,916,87.5,26.3,962
10/3/2019 11:24,datasets/dataset_cropped/10_Metas/03/11/20191003112400_00160.jpg,datasets_flow/dataset_cropped/10_Metas/03/11/20191003112400_00160.jpg,datasets_cloudmask/dataset_cropped/10_Metas/03/11/20191003112400_00160.png,720.3,917,87.3,26.1,962
10/3/2019 11:25,datasets/dataset_cropped/10_Metas/03/11/20191003112500_00160.jpg,datasets_flow/dataset_cropped/10_Metas/03/11/20191003112500_00160.jpg,datasets_cloudmask/dataset_cropped/10_Metas/03/11/20191003112500_00160.png,716.9,910,87.2,26.2,962
10/3/2019 11:26,datasets/dataset_cropped/10_Metas/03/11/20191003112600_00160.jpg,datasets_flow/dataset_cropped/10_Metas/03/11/20191003112600_00160.jpg,datasets_cloudmask/dataset_cropped/10_Metas/03/11/20191003112600_00160.png,709,896,87.6,26.2,962
10/3/2019 11:27,datasets/dataset_cropped/10_Metas/03/11/20191003112700_00160.jpg,datasets_flow/dataset_cropped/10_Metas/03/11/20191003112700_00160.jpg,datasets_cloudmask/dataset_cropped/10_Metas/03/11/20191003112700_00160.png,715.8,903,88.6,26,962
10/3/2019 11:28,datasets/dataset_cropped/10_Metas/03/11/20191003112800_00160.jpg,datasets_flow/dataset_cropped/10_Metas/03/11/20191003112800_00160.jpg,datasets_cloudmask/dataset_cropped/10_Metas/03/11/20191003112800_00160.png,720.9,908,88.7,26,962
10/3/2019 11:29,datasets/dataset_cropped/10_Metas/03/11/20191003112900_00160.jpg,datasets_flow/dataset_cropped/10_Metas/03/11/20191003112900_00160.jpg,datasets_cloudmask/dataset_cropped/10_Metas/03/11/20191003112900_00160.png,719.2,904,89,26.3,962
10/3/2019 11:30,datasets/dataset_cropped/10_Metas/03/11/20191003113000_00160.jpg,datasets_flow/dataset_cropped/10_Metas/03/11/20191003113000_00160.jpg,datasets_cloudmask/dataset_cropped/10_Metas/03/11/20191003113000_00160.png,723.1,907,89,26.4,962
10/3/2019 11:31,datasets/dataset_cropped/10_Metas/03/11/20191003113100_00160.jpg,datasets_flow/dataset_cropped/10_Metas/03/11/20191003113100_00160.jpg,datasets_cloudmask/dataset_cropped/10_Metas/03/11/20191003113100_00160.png,725.8,909,89.1,26.4,962
10/3/2019 11:32,datasets/dataset_cropped/10_Metas/03/11/20191003113200_00160.jpg,datasets_flow/dataset_cropped/10_Metas/03/11/20191003113200_00160.jpg,datasets_cloudmask/dataset_cropped/10_Metas/03/11/20191003113200_00160.png,726.8,909,89.5,26.4,962
10/3/2019 11:33,datasets/dataset_cropped/10_Metas/03/11/20191003113300_00160.jpg,datasets_flow/dataset_cropped/10_Metas/03/11/20191003113300_00160.jpg,datasets_cloudmask/dataset_cropped/10_Metas/03/11/20191003113300_00160.png,730.5,911,90.4,26.3,962
10/3/2019 11:34,datasets/dataset_cropped/10_Metas/03/11/20191003113400_00160.jpg,datasets_flow/dataset_cropped/10_Metas/03/11/20191003113400_00160.jpg,datasets_cloudmask/dataset_cropped/10_Metas/03/11/20191003113400_00160.png,729.9,908,90.9,26.1,962
10/3/2019 11:35,datasets/dataset_cropped/10_Metas/03/11/20191003113500_00160.jpg,datasets_flow/dataset_cropped/10_Metas/03/11/20191003113500_00160.jpg,datasets_cloudmask/dataset_cropped/10_Metas/03/11/20191003113500_00160.png,733.5,912,90.8,26.2,962
10/3/2019 11:36,datasets/dataset_cropped/10_Metas/03/11/20191003113600_00160.jpg,datasets_flow/dataset_cropped/10_Metas/03/11/20191003113600_00160.jpg,datasets_cloudmask/dataset_cropped/10_Metas/03/11/20191003113600_00160.png,734.7,911,91,26.6,962
10/3/2019 11:37,datasets/dataset_cropped/10_Metas/03/11/20191003113700_00160.jpg,datasets_flow/dataset_cropped/10_Metas/03/11/20191003113700_00160.jpg,datasets_cloudmask/dataset_cropped/10_Metas/03/11/20191003113700_00160.png,730.5,903,92,26.7,962
10/3/2019 11:38,datasets/dataset_cropped/10_Metas/03/11/20191003113800_00160.jpg,datasets_flow/dataset_cropped/10_Metas/03/11/20191003113800_00160.jpg,datasets_cloudmask/dataset_cropped/10_Metas/03/11/20191003113800_00160.png,736.5,909,92.6,26.5,962
10/3/2019 11:39,datasets/dataset_cropped/10_Metas/03/11/20191003113900_00160.jpg,datasets_flow/dataset_cropped/10_Metas/03/11/20191003113900_00160.jpg,datasets_cloudmask/dataset_cropped/10_Metas/03/11/20191003113900_00160.png,742.4,916,92.6,26.5,962
10/3/2019 11:40,datasets/dataset_cropped/10_Metas/03/11/20191003114000_00160.jpg,datasets_flow/dataset_cropped/10_Metas/03/11/20191003114000_00160.jpg,datasets_cloudmask/dataset_cropped/10_Metas/03/11/20191003114000_00160.png,742.8,915,92.7,26.3,962
10/3/2019 11:41,datasets/dataset_cropped/10_Metas/03/11/20191003114100_00160.jpg,datasets_flow/dataset_cropped/10_Metas/03/11/20191003114100_00160.jpg,datasets_cloudmask/dataset_cropped/10_Metas/03/11/20191003114100_00160.png,727.6,891,93.2,26.3,962
10/3/2019 11:42,datasets/dataset_cropped/10_Metas/03/11/20191003114200_00160.jpg,datasets_flow/dataset_cropped/10_Metas/03/11/20191003114200_00160.jpg,datasets_cloudmask/dataset_cropped/10_Metas/03/11/20191003114200_00160.png,734.3,898,94.3,26.1,962
10/3/2019 11:43,datasets/dataset_cropped/10_Metas/03/11/20191003114300_00160.jpg,datasets_flow/dataset_cropped/10_Metas/03/11/20191003114300_00160.jpg,datasets_cloudmask/dataset_cropped/10_Metas/03/11/20191003114300_00160.png,741.6,907,94.5,26.3,962
10/3/2019 11:44,datasets/dataset_cropped/10_Metas/03/11/20191003114400_00160.jpg,datasets_flow/dataset_cropped/10_Metas/03/11/20191003114400_00160.jpg,datasets_cloudmask/dataset_cropped/10_Metas/03/11/20191003114400_00160.png,740.3,903,94.6,26.5,962
10/3/2019 11:45,datasets/dataset_cropped/10_Metas/03/11/20191003114500_00160.jpg,datasets_flow/dataset_cropped/10_Metas/03/11/20191003114500_00160.jpg,datasets_cloudmask/dataset_cropped/10_Metas/03/11/20191003114500_00160.png,750.5,914,95.1,26.5,962
10/3/2019 11:46,datasets/dataset_cropped/10_Metas/03/11/20191003114600_00160.jpg,datasets_flow/dataset_cropped/10_Metas/03/11/20191003114600_00160.jpg,datasets_cloudmask/dataset_cropped/10_Metas/03/11/20191003114600_00160.png,758.7,923,95.9,26.6,962
10/3/2019 11:47,datasets/dataset_cropped/10_Metas/03/11/20191003114700_00160.jpg,datasets_flow/dataset_cropped/10_Metas/03/11/20191003114700_00160.jpg,datasets_cloudmask/dataset_cropped/10_Metas/03/11/20191003114700_00160.png,760.7,923,96.6,26.5,962
10/3/2019 11:48,datasets/dataset_cropped/10_Metas/03/11/20191003114800_00160.jpg,datasets_flow/dataset_cropped/10_Metas/03/11/20191003114800_00160.jpg,datasets_cloudmask/dataset_cropped/10_Metas/03/11/20191003114800_00160.png,763.4,924,98,26.6,962
10/3/2019 11:49,datasets/dataset_cropped/10_Metas/03/11/20191003114900_00160.jpg,datasets_flow/dataset_cropped/10_Metas/03/11/20191003114900_00160.jpg,datasets_cloudmask/dataset_cropped/10_Metas/03/11/20191003114900_00160.png,766,924,99.6,26.5,962
10/3/2019 11:50,datasets/dataset_cropped/10_Metas/03/11/20191003115000_00160.jpg,datasets_flow/dataset_cropped/10_Metas/03/11/20191003115000_00160.jpg,datasets_cloudmask/dataset_cropped/10_Metas/03/11/20191003115000_00160.png,770.4,926,101.4,26.5,962
10/3/2019 11:51,datasets/dataset_cropped/10_Metas/03/11/20191003115100_00160.jpg,datasets_flow/dataset_cropped/10_Metas/03/11/20191003115100_00160.jpg,datasets_cloudmask/dataset_cropped/10_Metas/03/11/20191003115100_00160.png,778.1,933,103.6,26.7,962
10/3/2019 11:52,datasets/dataset_cropped/10_Metas/03/11/20191003115200_00160.jpg,datasets_flow/dataset_cropped/10_Metas/03/11/20191003115200_00160.jpg,datasets_cloudmask/dataset_cropped/10_Metas/03/11/20191003115200_00160.png,786.6,939,106.6,26.7,962
10/3/2019 11:53,datasets/dataset_cropped/10_Metas/03/11/20191003115300_00160.jpg,datasets_flow/dataset_cropped/10_Metas/03/11/20191003115300_00160.jpg,datasets_cloudmask/dataset_cropped/10_Metas/03/11/20191003115300_00160.png,791.6,940,110.3,26.7,962
10/3/2019 11:54,datasets/dataset_cropped/10_Metas/03/11/20191003115400_00160.jpg,datasets_flow/dataset_cropped/10_Metas/03/11/20191003115400_00160.jpg,datasets_cloudmask/dataset_cropped/10_Metas/03/11/20191003115400_00160.png,796.8,941,113.9,26.9,962
10/3/2019 11:55,datasets/dataset_cropped/10_Metas/03/11/20191003115500_00160.jpg,datasets_flow/dataset_cropped/10_Metas/03/11/20191003115500_00160.jpg,datasets_cloudmask/dataset_cropped/10_Metas/03/11/20191003115500_00160.png,804,943,119.3,26.9,962
10/3/2019 11:56,datasets/dataset_cropped/10_Metas/03/11/20191003115600_00160.jpg,datasets_flow/dataset_cropped/10_Metas/03/11/20191003115600_00160.jpg,datasets_cloudmask/dataset_cropped/10_Metas/03/11/20191003115600_00160.png,809,939,126,27.1,962
10/3/2019 11:57,datasets/dataset_cropped/10_Metas/03/11/20191003115700_00160.jpg,datasets_flow/dataset_cropped/10_Metas/03/11/20191003115700_00160.jpg,datasets_cloudmask/dataset_cropped/10_Metas/03/11/20191003115700_00160.png,810,927,135,27.1,962
10/3/2019 11:58,datasets/dataset_cropped/10_Metas/03/11/20191003115800_00160.jpg,datasets_flow/dataset_cropped/10_Metas/03/11/20191003115800_00160.jpg,datasets_cloudmask/dataset_cropped/10_Metas/03/11/20191003115800_00160.png,827,935,145.2,26.8,962
10/3/2019 11:59,datasets/dataset_cropped/10_Metas/03/11/20191003115900_00160.jpg,datasets_flow/dataset_cropped/10_Metas/03/11/20191003115900_00160.jpg,datasets_cloudmask/dataset_cropped/10_Metas/03/11/20191003115900_00160.png,842,939,156.3,27,962
10/3/2019 12:00,datasets/dataset_cropped/10_Metas/03/12/20191003120000_00160.jpg,datasets_flow/dataset_cropped/10_Metas/03/12/20191003120000_00160.jpg,datasets_cloudmask/dataset_cropped/10_Metas/03/12/20191003120000_00160.png,841,922,167.4,27,962
10/3/2019 12:01,datasets/dataset_cropped/10_Metas/03/12/20191003120100_00160.jpg,datasets_flow/dataset_cropped/10_Metas/03/12/20191003120100_00160.jpg,datasets_cloudmask/dataset_cropped/10_Metas/03/12/20191003120100_00160.png,768.5,807,177.8,27,962
10/3/2019 12:02,datasets/dataset_cropped/10_Metas/03/12/20191003120200_00160.jpg,datasets_flow/dataset_cropped/10_Metas/03/12/20191003120200_00160.jpg,datasets_cloudmask/dataset_cropped/10_Metas/03/12/20191003120200_00160.png,653,634.5,186.7,26.9,962
10/3/2019 12:03,datasets/dataset_cropped/10_Metas/03/12/20191003120300_00160.jpg,datasets_flow/dataset_cropped/10_Metas/03/12/20191003120300_00160.jpg,datasets_cloudmask/dataset_cropped/10_Metas/03/12/20191003120300_00160.png,592.3,537.2,196.1,26.9,962
10/3/2019 12:04,datasets/dataset_cropped/10_Metas/03/12/20191003120400_00160.jpg,datasets_flow/dataset_cropped/10_Metas/03/12/20191003120400_00160.jpg,datasets_cloudmask/dataset_cropped/10_Metas/03/12/20191003120400_00160.png,670.6,629.6,206,26.8,962
10/3/2019 12:05,datasets/dataset_cropped/10_Metas/03/12/20191003120500_00160.jpg,datasets_flow/dataset_cropped/10_Metas/03/12/20191003120500_00160.jpg,datasets_cloudmask/dataset_cropped/10_Metas/03/12/20191003120500_00160.png,818,817,215.8,26.6,962
10/3/2019 12:06,datasets/dataset_cropped/10_Metas/03/12/20191003120600_00160.jpg,datasets_flow/dataset_cropped/10_Metas/03/12/20191003120600_00160.jpg,datasets_cloudmask/dataset_cropped/10_Metas/03/12/20191003120600_00160.png,862,868,222.4,26.7,962
10/3/2019 12:07,datasets/dataset_cropped/10_Metas/03/12/20191003120700_00160.jpg,datasets_flow/dataset_cropped/10_Metas/03/12/20191003120700_00160.jpg,datasets_cloudmask/dataset_cropped/10_Metas/03/12/20191003120700_00160.png,852,844,229.4,27.1,962
10/3/2019 12:08,datasets/dataset_cropped/10_Metas/03/12/20191003120800_00160.jpg,datasets_flow/dataset_cropped/10_Metas/03/12/20191003120800_00160.jpg,datasets_cloudmask/dataset_cropped/10_Metas/03/12/20191003120800_00160.png,804,768.8,235.1,27.2,962
10/3/2019 12:09,datasets/dataset_cropped/10_Metas/03/12/20191003120900_00160.jpg,datasets_flow/dataset_cropped/10_Metas/03/12/20191003120900_00160.jpg,datasets_cloudmask/dataset_cropped/10_Metas/03/12/20191003120900_00160.png,780.9,729.5,240.7,27.1,962
10/3/2019 12:10,datasets/dataset_cropped/10_Metas/03/12/20191003121000_00160.jpg,datasets_flow/dataset_cropped/10_Metas/03/12/20191003121000_00160.jpg,datasets_cloudmask/dataset_cropped/10_Metas/03/12/20191003121000_00160.png,700.8,618.5,241.4,26.9,962
10/3/2019 12:11,datasets/dataset_cropped/10_Metas/03/12/20191003121100_00160.jpg,datasets_flow/dataset_cropped/10_Metas/03/12/20191003121100_00160.jpg,datasets_cloudmask/dataset_cropped/10_Metas/03/12/20191003121100_00160.png,642.8,539.9,240.5,26.8,962
10/3/2019 12:12,datasets/dataset_cropped/10_Metas/03/12/20191003121200_00160.jpg,datasets_flow/dataset_cropped/10_Metas/03/12/20191003121200_00160.jpg,datasets_cloudmask/dataset_cropped/10_Metas/03/12/20191003121200_00160.png,603.3,489.6,237.4,26.9,962
10/3/2019 12:13,datasets/dataset_cropped/10_Metas/03/12/20191003121300_00160.jpg,datasets_flow/dataset_cropped/10_Metas/03/12/20191003121300_00160.jpg,datasets_cloudmask/dataset_cropped/10_Metas/03/12/20191003121300_00160.png,576.6,458,233.4,26.9,962
10/3/2019 12:14,datasets/dataset_cropped/10_Metas/03/12/20191003121400_00160.jpg,datasets_flow/dataset_cropped/10_Metas/03/12/20191003121400_00160.jpg,datasets_cloudmask/dataset_cropped/10_Metas/03/12/20191003121400_00160.png,727,662.4,231.7,27,962
10/3/2019 12:15,datasets/dataset_cropped/10_Metas/03/12/20191003121500_00160.jpg,datasets_flow/dataset_cropped/10_Metas/03/12/20191003121500_00160.jpg,datasets_cloudmask/dataset_cropped/10_Metas/03/12/20191003121500_00160.png,626.9,537.7,223.6,27,962
10/3/2019 12:16,datasets/dataset_cropped/10_Metas/03/12/20191003121600_00160.jpg,datasets_flow/dataset_cropped/10_Metas/03/12/20191003121600_00160.jpg,datasets_cloudmask/dataset_cropped/10_Metas/03/12/20191003121600_00160.png,771.1,739.1,218.6,27,962
10/3/2019 12:17,datasets/dataset_cropped/10_Metas/03/12/20191003121700_00160.jpg,datasets_flow/dataset_cropped/10_Metas/03/12/20191003121700_00160.jpg,datasets_cloudmask/dataset_cropped/10_Metas/03/12/20191003121700_00160.png,828,826,210.7,27,962
10/3/2019 12:18,datasets/dataset_cropped/10_Metas/03/12/20191003121800_00160.jpg,datasets_flow/dataset_cropped/10_Metas/03/12/20191003121800_00160.jpg,datasets_cloudmask/dataset_cropped/10_Metas/03/12/20191003121800_00160.png,771.6,761,201.9,26.8,962
10/3/2019 12:19,datasets/dataset_cropped/10_Metas/03/12/20191003121900_00160.jpg,datasets_flow/dataset_cropped/10_Metas/03/12/20191003121900_00160.jpg,datasets_cloudmask/dataset_cropped/10_Metas/03/12/20191003121900_00160.png,789.4,795,194.2,26.8,962
10/3/2019 12:20,datasets/dataset_cropped/10_Metas/03/12/20191003122000_00160.jpg,datasets_flow/dataset_cropped/10_Metas/03/12/20191003122000_00160.jpg,datasets_cloudmask/dataset_cropped/10_Metas/03/12/20191003122000_00160.png,789.7,807,185.7,27.1,962
10/3/2019 12:21,datasets/dataset_cropped/10_Metas/03/12/20191003122100_00160.jpg,datasets_flow/dataset_cropped/10_Metas/03/12/20191003122100_00160.jpg,datasets_cloudmask/dataset_cropped/10_Metas/03/12/20191003122100_00160.png,697.1,694.3,176.4,27.2,962
10/3/2019 12:22,datasets/dataset_cropped/10_Metas/03/12/20191003122200_00160.jpg,datasets_flow/dataset_cropped/10_Metas/03/12/20191003122200_00160.jpg,datasets_cloudmask/dataset_cropped/10_Metas/03/12/20191003122200_00160.png,620.9,604,167.1,27.1,962
10/3/2019 12:23,datasets/dataset_cropped/10_Metas/03/12/20191003122300_00160.jpg,datasets_flow/dataset_cropped/10_Metas/03/12/20191003122300_00160.jpg,datasets_cloudmask/dataset_cropped/10_Metas/03/12/20191003122300_00160.png,648.2,651.1,158.7,27.2,962
10/3/2019 12:24,datasets/dataset_cropped/10_Metas/03/12/20191003122400_00160.jpg,datasets_flow/dataset_cropped/10_Metas/03/12/20191003122400_00160.jpg,datasets_cloudmask/dataset_cropped/10_Metas/03/12/20191003122400_00160.png,771.6,825,152,27.2,962
10/3/2019 12:25,datasets/dataset_cropped/10_Metas/03/12/20191003122500_00160.jpg,datasets_flow/dataset_cropped/10_Metas/03/12/20191003122500_00160.jpg,datasets_cloudmask/dataset_cropped/10_Metas/03/12/20191003122500_00160.png,820,900,144.2,27.2,962
10/3/2019 12:26,datasets/dataset_cropped/10_Metas/03/12/20191003122600_00160.jpg,datasets_flow/dataset_cropped/10_Metas/03/12/20191003122600_00160.jpg,datasets_cloudmask/dataset_cropped/10_Metas/03/12/20191003122600_00160.png,821,911,136.9,27.1,962
10/3/2019 12:27,datasets/dataset_cropped/10_Metas/03/12/20191003122700_00160.jpg,datasets_flow/dataset_cropped/10_Metas/03/12/20191003122700_00160.jpg,datasets_cloudmask/dataset_cropped/10_Metas/03/12/20191003122700_00160.png,817,913,130.9,27.1,962
10/3/2019 12:28,datasets/dataset_cropped/10_Metas/03/12/20191003122800_00160.jpg,datasets_flow/dataset_cropped/10_Metas/03/12/20191003122800_00160.jpg,datasets_cloudmask/dataset_cropped/10_Metas/03/12/20191003122800_00160.png,806,904,125.9,27.3,962
10/3/2019 12:29,datasets/dataset_cropped/10_Metas/03/12/20191003122900_00160.jpg,datasets_flow/dataset_cropped/10_Metas/03/12/20191003122900_00160.jpg,datasets_cloudmask/dataset_cropped/10_Metas/03/12/20191003122900_00160.png,799.9,900,122.1,27.6,962
10/3/2019 12:30,datasets/dataset_cropped/10_Metas/03/12/20191003123000_00160.jpg,datasets_flow/dataset_cropped/10_Metas/03/12/20191003123000_00160.jpg,datasets_cloudmask/dataset_cropped/10_Metas/03/12/20191003123000_00160.png,805,912,118.4,27.5,962
10/3/2019 12:31,datasets/dataset_cropped/10_Metas/03/12/20191003123100_00160.jpg,datasets_flow/dataset_cropped/10_Metas/03/12/20191003123100_00160.jpg,datasets_cloudmask/dataset_cropped/10_Metas/03/12/20191003123100_00160.png,804,913,115.2,27.6,962
10/3/2019 12:32,datasets/dataset_cropped/10_Metas/03/12/20191003123200_00160.jpg,datasets_flow/dataset_cropped/10_Metas/03/12/20191003123200_00160.jpg,datasets_cloudmask/dataset_cropped/10_Metas/03/12/20191003123200_00160.png,802,915,112.3,27.5,962
10/3/2019 12:33,datasets/dataset_cropped/10_Metas/03/12/20191003123300_00160.jpg,datasets_flow/dataset_cropped/10_Metas/03/12/20191003123300_00160.jpg,datasets_cloudmask/dataset_cropped/10_Metas/03/12/20191003123300_00160.png,802,918,110.2,27.5,962
10/3/2019 12:34,datasets/dataset_cropped/10_Metas/03/12/20191003123400_00160.jpg,datasets_flow/dataset_cropped/10_Metas/03/12/20191003123400_00160.jpg,datasets_cloudmask/dataset_cropped/10_Metas/03/12/20191003123400_00160.png,796.8,912,108.2,27.5,962
10/3/2019 12:35,datasets/dataset_cropped/10_Metas/03/12/20191003123500_00160.jpg,datasets_flow/dataset_cropped/10_Metas/03/12/20191003123500_00160.jpg,datasets_cloudmask/dataset_cropped/10_Metas/03/12/20191003123500_00160.png,800,918,106.5,27.4,962
10/3/2019 12:36,datasets/dataset_cropped/10_Metas/03/12/20191003123600_00160.jpg,datasets_flow/dataset_cropped/10_Metas/03/12/20191003123600_00160.jpg,datasets_cloudmask/dataset_cropped/10_Metas/03/12/20191003123600_00160.png,801,921,105.1,27.4,962
10/3/2019 12:37,datasets/dataset_cropped/10_Metas/03/12/20191003123700_00160.jpg,datasets_flow/dataset_cropped/10_Metas/03/12/20191003123700_00160.jpg,datasets_cloudmask/dataset_cropped/10_Metas/03/12/20191003123700_00160.png,798.4,919,103.9,27.4,962
10/3/2019 12:38,datasets/dataset_cropped/10_Metas/03/12/20191003123800_00160.jpg,datasets_flow/dataset_cropped/10_Metas/03/12/20191003123800_00160.jpg,datasets_cloudmask/dataset_cropped/10_Metas/03/12/20191003123800_00160.png,805,928,102.8,27.6,962
10/3/2019 12:39,datasets/dataset_cropped/10_Metas/03/12/20191003123900_00160.jpg,datasets_flow/dataset_cropped/10_Metas/03/12/20191003123900_00160.jpg,datasets_cloudmask/dataset_cropped/10_Metas/03/12/20191003123900_00160.png,806,930,102.4,27.3,962
10/3/2019 12:40,datasets/dataset_cropped/10_Metas/03/12/20191003124000_00160.jpg,datasets_flow/dataset_cropped/10_Metas/03/12/20191003124000_00160.jpg,datasets_cloudmask/dataset_cropped/10_Metas/03/12/20191003124000_00160.png,797,919,102,27.3,962
10/3/2019 12:41,datasets/dataset_cropped/10_Metas/03/12/20191003124100_00160.jpg,datasets_flow/dataset_cropped/10_Metas/03/12/20191003124100_00160.jpg,datasets_cloudmask/dataset_cropped/10_Metas/03/12/20191003124100_00160.png,795,917,101.6,27.6,962
10/3/2019 12:42,datasets/dataset_cropped/10_Metas/03/12/20191003124200_00160.jpg,datasets_flow/dataset_cropped/10_Metas/03/12/20191003124200_00160.jpg,datasets_cloudmask/dataset_cropped/10_Metas/03/12/20191003124200_00160.png,796.1,919,100.9,27.6,962
10/3/2019 12:43,datasets/dataset_cropped/10_Metas/03/12/20191003124300_00160.jpg,datasets_flow/dataset_cropped/10_Metas/03/12/20191003124300_00160.jpg,datasets_cloudmask/dataset_cropped/10_Metas/03/12/20191003124300_00160.png,801,926,100.3,27.5,962
10/3/2019 12:44,datasets/dataset_cropped/10_Metas/03/12/20191003124400_00160.jpg,datasets_flow/dataset_cropped/10_Metas/03/12/20191003124400_00160.jpg,datasets_cloudmask/dataset_cropped/10_Metas/03/12/20191003124400_00160.png,803,930,100,27.2,962
10/3/2019 12:45,datasets/dataset_cropped/10_Metas/03/12/20191003124500_00160.jpg,datasets_flow/dataset_cropped/10_Metas/03/12/20191003124500_00160.jpg,datasets_cloudmask/dataset_cropped/10_Metas/03/12/20191003124500_00160.png,803,929,100,27,962
10/3/2019 12:46,datasets/dataset_cropped/10_Metas/03/12/20191003124600_00160.jpg,datasets_flow/dataset_cropped/10_Metas/03/12/20191003124600_00160.jpg,datasets_cloudmask/dataset_cropped/10_Metas/03/12/20191003124600_00160.png,796.5,922,99.3,26.9,962
10/3/2019 12:47,datasets/dataset_cropped/10_Metas/03/12/20191003124700_00160.jpg,datasets_flow/dataset_cropped/10_Metas/03/12/20191003124700_00160.jpg,datasets_cloudmask/dataset_cropped/10_Metas/03/12/20191003124700_00160.png,801,927,99.4,27.1,961
10/3/2019 12:48,datasets/dataset_cropped/10_Metas/03/12/20191003124800_00160.jpg,datasets_flow/dataset_cropped/10_Metas/03/12/20191003124800_00160.jpg,datasets_cloudmask/dataset_cropped/10_Metas/03/12/20191003124800_00160.png,803,930,99.4,27.3,961
10/3/2019 12:49,datasets/dataset_cropped/10_Metas/03/12/20191003124900_00160.jpg,datasets_flow/dataset_cropped/10_Metas/03/12/20191003124900_00160.jpg,datasets_cloudmask/dataset_cropped/10_Metas/03/12/20191003124900_00160.png,802,929,98.6,27.8,961
10/3/2019 12:50,datasets/dataset_cropped/10_Metas/03/12/20191003125000_00160.jpg,datasets_flow/dataset_cropped/10_Metas/03/12/20191003125000_00160.jpg,datasets_cloudmask/dataset_cropped/10_Metas/03/12/20191003125000_00160.png,794,919,98.5,27.6,961
10/3/2019 12:51,datasets/dataset_cropped/10_Metas/03/12/20191003125100_00160.jpg,datasets_flow/dataset_cropped/10_Metas/03/12/20191003125100_00160.jpg,datasets_cloudmask/dataset_cropped/10_Metas/03/12/20191003125100_00160.png,790.9,914,98.4,27.5,961
10/3/2019 12:52,datasets/dataset_cropped/10_Metas/03/12/20191003125200_00160.jpg,datasets_flow/dataset_cropped/10_Metas/03/12/20191003125200_00160.jpg,datasets_cloudmask/dataset_cropped/10_Metas/03/12/20191003125200_00160.png,792.5,915,99,27.5,962
10/3/2019 12:53,datasets/dataset_cropped/10_Metas/03/12/20191003125300_00160.jpg,datasets_flow/dataset_cropped/10_Metas/03/12/20191003125300_00160.jpg,datasets_cloudmask/dataset_cropped/10_Metas/03/12/20191003125300_00160.png,795.3,918,99.2,27.3,961
10/3/2019 12:54,datasets/dataset_cropped/10_Metas/03/12/20191003125400_00160.jpg,datasets_flow/dataset_cropped/10_Metas/03/12/20191003125400_00160.jpg,datasets_cloudmask/dataset_cropped/10_Metas/03/12/20191003125400_00160.png,794.1,916,99.8,27.2,961
10/3/2019 12:55,datasets/dataset_cropped/10_Metas/03/12/20191003125500_00160.jpg,datasets_flow/dataset_cropped/10_Metas/03/12/20191003125500_00160.jpg,datasets_cloudmask/dataset_cropped/10_Metas/03/12/20191003125500_00160.png,795.2,917,99.8,27.2,961
10/3/2019 12:56,datasets/dataset_cropped/10_Metas/03/12/20191003125600_00160.jpg,datasets_flow/dataset_cropped/10_Metas/03/12/20191003125600_00160.jpg,datasets_cloudmask/dataset_cropped/10_Metas/03/12/20191003125600_00160.png,787.9,907,100.1,27.1,961
10/3/2019 12:57,datasets/dataset_cropped/10_Metas/03/12/20191003125700_00160.jpg,datasets_flow/dataset_cropped/10_Metas/03/12/20191003125700_00160.jpg,datasets_cloudmask/dataset_cropped/10_Metas/03/12/20191003125700_00160.png,798.8,921,100.5,27.3,961
10/3/2019 12:58,datasets/dataset_cropped/10_Metas/03/12/20191003125800_00160.jpg,datasets_flow/dataset_cropped/10_Metas/03/12/20191003125800_00160.jpg,datasets_cloudmask/dataset_cropped/10_Metas/03/12/20191003125800_00160.png,801,923,101.2,27.4,961
10/3/2019 12:59,datasets/dataset_cropped/10_Metas/03/12/20191003125900_00160.jpg,datasets_flow/dataset_cropped/10_Metas/03/12/20191003125900_00160.jpg,datasets_cloudmask/dataset_cropped/10_Metas/03/12/20191003125900_00160.png,795.9,916,101.6,27.3,961
10/3/2019 13:00,datasets/dataset_cropped/10_Metas/03/13/20191003130000_00160.jpg,datasets_flow/dataset_cropped/10_Metas/03/13/20191003130000_00160.jpg,datasets_cloudmask/dataset_cropped/10_Metas/03/13/20191003130000_00160.png,792.6,911,101.8,27.3,961
10/3/2019 13:01,datasets/dataset_cropped/10_Metas/03/13/20191003130100_00160.jpg,datasets_flow/dataset_cropped/10_Metas/03/13/20191003130100_00160.jpg,datasets_cloudmask/dataset_cropped/10_Metas/03/13/20191003130100_00160.png,792.1,910,101.8,27.3,961
10/3/2019 13:02,datasets/dataset_cropped/10_Metas/03/13/20191003130200_00160.jpg,datasets_flow/dataset_cropped/10_Metas/03/13/20191003130200_00160.jpg,datasets_cloudmask/dataset_cropped/10_Metas/03/13/20191003130200_00160.png,793.3,912,101.4,27.2,961
10/3/2019 13:03,datasets/dataset_cropped/10_Metas/03/13/20191003130300_00160.jpg,datasets_flow/dataset_cropped/10_Metas/03/13/20191003130300_00160.jpg,datasets_cloudmask/dataset_cropped/10_Metas/03/13/20191003130300_00160.png,785.9,902,101.5,27.1,961
10/3/2019 13:04,datasets/dataset_cropped/10_Metas/03/13/20191003130400_00160.jpg,datasets_flow/dataset_cropped/10_Metas/03/13/20191003130400_00160.jpg,datasets_cloudmask/dataset_cropped/10_Metas/03/13/20191003130400_00160.png,782.6,897,101.4,27.2,961
10/3/2019 13:05,datasets/dataset_cropped/10_Metas/03/13/20191003130500_00160.jpg,datasets_flow/dataset_cropped/10_Metas/03/13/20191003130500_00160.jpg,datasets_cloudmask/dataset_cropped/10_Metas/03/13/20191003130500_00160.png,786.1,902,101.1,27.3,961
10/3/2019 13:06,datasets/dataset_cropped/10_Metas/03/13/20191003130600_00160.jpg,datasets_flow/dataset_cropped/10_Metas/03/13/20191003130600_00160.jpg,datasets_cloudmask/dataset_cropped/10_Metas/03/13/20191003130600_00160.png,787.6,904,101.2,27.2,961
10/3/2019 13:07,datasets/dataset_cropped/10_Metas/03/13/20191003130700_00160.jpg,datasets_flow/dataset_cropped/10_Metas/03/13/20191003130700_00160.jpg,datasets_cloudmask/dataset_cropped/10_Metas/03/13/20191003130700_00160.png,783.6,899,101.3,27.3,961
10/3/2019 13:08,datasets/dataset_cropped/10_Metas/03/13/20191003130800_00160.jpg,datasets_flow/dataset_cropped/10_Metas/03/13/20191003130800_00160.jpg,datasets_cloudmask/dataset_cropped/10_Metas/03/13/20191003130800_00160.png,784.2,900,101.5,27.3,961
10/3/2019 13:09,datasets/dataset_cropped/10_Metas/03/13/20191003130900_00160.jpg,datasets_flow/dataset_cropped/10_Metas/03/13/20191003130900_00160.jpg,datasets_cloudmask/dataset_cropped/10_Metas/03/13/20191003130900_00160.png,785.3,903,101.7,27.4,961
10/3/2019 13:10,datasets/dataset_cropped/10_Metas/03/13/20191003131000_00160.jpg,datasets_flow/dataset_cropped/10_Metas/03/13/20191003131000_00160.jpg,datasets_cloudmask/dataset_cropped/10_Metas/03/13/20191003131000_00160.png,783.9,902,101.1,27.5,961
10/3/2019 13:11,datasets/dataset_cropped/10_Metas/03/13/20191003131100_00160.jpg,datasets_flow/dataset_cropped/10_Metas/03/13/20191003131100_00160.jpg,datasets_cloudmask/dataset_cropped/10_Metas/03/13/20191003131100_00160.png,781.1,898,101.3,27.8,961
10/3/2019 13:12,datasets/dataset_cropped/10_Metas/03/13/20191003131200_00160.jpg,datasets_flow/dataset_cropped/10_Metas/03/13/20191003131200_00160.jpg,datasets_cloudmask/dataset_cropped/10_Metas/03/13/20191003131200_00160.png,781.7,900,100.8,27.5,961
10/3/2019 13:13,datasets/dataset_cropped/10_Metas/03/13/20191003131300_00160.jpg,datasets_flow/dataset_cropped/10_Metas/03/13/20191003131300_00160.jpg,datasets_cloudmask/dataset_cropped/10_Metas/03/13/20191003131300_00160.png,780.4,898,100.4,27.3,961
10/3/2019 13:14,datasets/dataset_cropped/10_Metas/03/13/20191003131400_00160.jpg,datasets_flow/dataset_cropped/10_Metas/03/13/20191003131400_00160.jpg,datasets_cloudmask/dataset_cropped/10_Metas/03/13/20191003131400_00160.png,784.1,904,100.1,27.3,961
10/3/2019 13:15,datasets/dataset_cropped/10_Metas/03/13/20191003131500_00160.jpg,datasets_flow/dataset_cropped/10_Metas/03/13/20191003131500_00160.jpg,datasets_cloudmask/dataset_cropped/10_Metas/03/13/20191003131500_00160.png,789.8,912,99.9,27.3,961
10/3/2019 13:16,datasets/dataset_cropped/10_Metas/03/13/20191003131600_00160.jpg,datasets_flow/dataset_cropped/10_Metas/03/13/20191003131600_00160.jpg,datasets_cloudmask/dataset_cropped/10_Metas/03/13/20191003131600_00160.png,797.4,922,99.8,27.3,961
10/3/2019 13:17,datasets/dataset_cropped/10_Metas/03/13/20191003131700_00160.jpg,datasets_flow/dataset_cropped/10_Metas/03/13/20191003131700_00160.jpg,datasets_cloudmask/dataset_cropped/10_Metas/03/13/20191003131700_00160.png,797.7,924,99.1,27.4,961
10/3/2019 13:18,datasets/dataset_cropped/10_Metas/03/13/20191003131800_00160.jpg,datasets_flow/dataset_cropped/10_Metas/03/13/20191003131800_00160.jpg,datasets_cloudmask/dataset_cropped/10_Metas/03/13/20191003131800_00160.png,799,926,98.9,27.3,961
10/3/2019 13:19,datasets/dataset_cropped/10_Metas/03/13/20191003131900_00160.jpg,datasets_flow/dataset_cropped/10_Metas/03/13/20191003131900_00160.jpg,datasets_cloudmask/dataset_cropped/10_Metas/03/13/20191003131900_00160.png,797.8,926,98.7,27.4,961
10/3/2019 13:20,datasets/dataset_cropped/10_Metas/03/13/20191003132000_00160.jpg,datasets_flow/dataset_cropped/10_Metas/03/13/20191003132000_00160.jpg,datasets_cloudmask/dataset_cropped/10_Metas/03/13/20191003132000_00160.png,798.4,927,98.9,27.4,961
10/3/2019 13:21,datasets/dataset_cropped/10_Metas/03/13/20191003132100_00160.jpg,datasets_flow/dataset_cropped/10_Metas/03/13/20191003132100_00160.jpg,datasets_cloudmask/dataset_cropped/10_Metas/03/13/20191003132100_00160.png,793.2,920,98.8,27.4,961
10/3/2019 13:22,datasets/dataset_cropped/10_Metas/03/13/20191003132200_00160.jpg,datasets_flow/dataset_cropped/10_Metas/03/13/20191003132200_00160.jpg,datasets_cloudmask/dataset_cropped/10_Metas/03/13/20191003132200_00160.png,790.6,918,98.8,27.3,961
10/3/2019 13:23,datasets/dataset_cropped/10_Metas/03/13/20191003132300_00160.jpg,datasets_flow/dataset_cropped/10_Metas/03/13/20191003132300_00160.jpg,datasets_cloudmask/dataset_cropped/10_Metas/03/13/20191003132300_00160.png,793.6,922,98.7,27.6,961
10/3/2019 13:24,datasets/dataset_cropped/10_Metas/03/13/20191003132400_00160.jpg,datasets_flow/dataset_cropped/10_Metas/03/13/20191003132400_00160.jpg,datasets_cloudmask/dataset_cropped/10_Metas/03/13/20191003132400_00160.png,794.4,924,98.5,27.5,961
10/3/2019 13:25,datasets/dataset_cropped/10_Metas/03/13/20191003132500_00160.jpg,datasets_flow/dataset_cropped/10_Metas/03/13/20191003132500_00160.jpg,datasets_cloudmask/dataset_cropped/10_Metas/03/13/20191003132500_00160.png,794.6,924,98.6,27.4,961
10/3/2019 13:26,datasets/dataset_cropped/10_Metas/03/13/20191003132600_00160.jpg,datasets_flow/dataset_cropped/10_Metas/03/13/20191003132600_00160.jpg,datasets_cloudmask/dataset_cropped/10_Metas/03/13/20191003132600_00160.png,792.3,921,98.8,27.4,961
10/3/2019 13:27,datasets/dataset_cropped/10_Metas/03/13/20191003132700_00160.jpg,datasets_flow/dataset_cropped/10_Metas/03/13/20191003132700_00160.jpg,datasets_cloudmask/dataset_cropped/10_Metas/03/13/20191003132700_00160.png,787.2,915,98.7,27.3,961
10/3/2019 13:28,datasets/dataset_cropped/10_Metas/03/13/20191003132800_00160.jpg,datasets_flow/dataset_cropped/10_Metas/03/13/20191003132800_00160.jpg,datasets_cloudmask/dataset_cropped/10_Metas/03/13/20191003132800_00160.png,785,912,98.8,27.4,961
10/3/2019 13:29,datasets/dataset_cropped/10_Metas/03/13/20191003132900_00160.jpg,datasets_flow/dataset_cropped/10_Metas/03/13/20191003132900_00160.jpg,datasets_cloudmask/dataset_cropped/10_Metas/03/13/20191003132900_00160.png,790.1,919,99.3,27.5,961
10/3/2019 13:30,datasets/dataset_cropped/10_Metas/03/13/20191003133000_00160.jpg,datasets_flow/dataset_cropped/10_Metas/03/13/20191003133000_00160.jpg,datasets_cloudmask/dataset_cropped/10_Metas/03/13/20191003133000_00160.png,792.3,922,99.9,27.5,961
10/3/2019 13:31,datasets/dataset_cropped/10_Metas/03/13/20191003133100_00160.jpg,datasets_flow/dataset_cropped/10_Metas/03/13/20191003133100_00160.jpg,datasets_cloudmask/dataset_cropped/10_Metas/03/13/20191003133100_00160.png,790.8,921,100,27.4,961
10/3/2019 13:32,datasets/dataset_cropped/10_Metas/03/13/20191003133200_00160.jpg,datasets_flow/dataset_cropped/10_Metas/03/13/20191003133200_00160.jpg,datasets_cloudmask/dataset_cropped/10_Metas/03/13/20191003133200_00160.png,781.8,909,100.1,27.1,961
10/3/2019 13:33,datasets/dataset_cropped/10_Metas/03/13/20191003133300_00160.jpg,datasets_flow/dataset_cropped/10_Metas/03/13/20191003133300_00160.jpg,datasets_cloudmask/dataset_cropped/10_Metas/03/13/20191003133300_00160.png,780.2,908,100.3,27.3,961
10/3/2019 13:34,datasets/dataset_cropped/10_Metas/03/13/20191003133400_00160.jpg,datasets_flow/dataset_cropped/10_Metas/03/13/20191003133400_00160.jpg,datasets_cloudmask/dataset_cropped/10_Metas/03/13/20191003133400_00160.png,782.9,911,100.4,27.6,961
10/3/2019 13:35,datasets/dataset_cropped/10_Metas/03/13/20191003133500_00160.jpg,datasets_flow/dataset_cropped/10_Metas/03/13/20191003133500_00160.jpg,datasets_cloudmask/dataset_cropped/10_Metas/03/13/20191003133500_00160.png,789.2,920,100.8,27.2,961
10/3/2019 13:36,datasets/dataset_cropped/10_Metas/03/13/20191003133600_00160.jpg,datasets_flow/dataset_cropped/10_Metas/03/13/20191003133600_00160.jpg,datasets_cloudmask/dataset_cropped/10_Metas/03/13/20191003133600_00160.png,781.3,909,101.1,27.1,961
10/3/2019 13:37,datasets/dataset_cropped/10_Metas/03/13/20191003133700_00160.jpg,datasets_flow/dataset_cropped/10_Metas/03/13/20191003133700_00160.jpg,datasets_cloudmask/dataset_cropped/10_Metas/03/13/20191003133700_00160.png,781.1,909,101.6,27.2,961
10/3/2019 13:38,datasets/dataset_cropped/10_Metas/03/13/20191003133800_00160.jpg,datasets_flow/dataset_cropped/10_Metas/03/13/20191003133800_00160.jpg,datasets_cloudmask/dataset_cropped/10_Metas/03/13/20191003133800_00160.png,780.3,909,101.8,27.4,961
10/3/2019 13:39,datasets/dataset_cropped/10_Metas/03/13/20191003133900_00160.jpg,datasets_flow/dataset_cropped/10_Metas/03/13/20191003133900_00160.jpg,datasets_cloudmask/dataset_cropped/10_Metas/03/13/20191003133900_00160.png,785.9,917,102.2,27.6,961
10/3/2019 13:40,datasets/dataset_cropped/10_Metas/03/13/20191003134000_00160.jpg,datasets_flow/dataset_cropped/10_Metas/03/13/20191003134000_00160.jpg,datasets_cloudmask/dataset_cropped/10_Metas/03/13/20191003134000_00160.png,786.5,918,102.4,27.3,961
10/3/2019 13:41,datasets/dataset_cropped/10_Metas/03/13/20191003134100_00160.jpg,datasets_flow/dataset_cropped/10_Metas/03/13/20191003134100_00160.jpg,datasets_cloudmask/dataset_cropped/10_Metas/03/13/20191003134100_00160.png,793,926,103.3,27.2,961
10/3/2019 13:42,datasets/dataset_cropped/10_Metas/03/13/20191003134200_00160.jpg,datasets_flow/dataset_cropped/10_Metas/03/13/20191003134200_00160.jpg,datasets_cloudmask/dataset_cropped/10_Metas/03/13/20191003134200_00160.png,783.9,914,103.7,27.1,961
10/3/2019 13:43,datasets/dataset_cropped/10_Metas/03/13/20191003134300_00160.jpg,datasets_flow/dataset_cropped/10_Metas/03/13/20191003134300_00160.jpg,datasets_cloudmask/dataset_cropped/10_Metas/03/13/20191003134300_00160.png,784.1,914,104.5,27.3,961
10/3/2019 13:44,datasets/dataset_cropped/10_Metas/03/13/20191003134400_00160.jpg,datasets_flow/dataset_cropped/10_Metas/03/13/20191003134400_00160.jpg,datasets_cloudmask/dataset_cropped/10_Metas/03/13/20191003134400_00160.png,787.2,918,105,27.7,961
10/3/2019 13:45,datasets/dataset_cropped/10_Metas/03/13/20191003134500_00160.jpg,datasets_flow/dataset_cropped/10_Metas/03/13/20191003134500_00160.jpg,datasets_cloudmask/dataset_cropped/10_Metas/03/13/20191003134500_00160.png,784.2,913,105.8,27.7,961
10/3/2019 13:46,datasets/dataset_cropped/10_Metas/03/13/20191003134600_00160.jpg,datasets_flow/dataset_cropped/10_Metas/03/13/20191003134600_00160.jpg,datasets_cloudmask/dataset_cropped/10_Metas/03/13/20191003134600_00160.png,778.9,905,106.5,27.3,961
10/3/2019 13:47,datasets/dataset_cropped/10_Metas/03/13/20191003134700_00160.jpg,datasets_flow/dataset_cropped/10_Metas/03/13/20191003134700_00160.jpg,datasets_cloudmask/dataset_cropped/10_Metas/03/13/20191003134700_00160.png,769.1,891,107.7,27.3,961
10/3/2019 13:48,datasets/dataset_cropped/10_Metas/03/13/20191003134800_00160.jpg,datasets_flow/dataset_cropped/10_Metas/03/13/20191003134800_00160.jpg,datasets_cloudmask/dataset_cropped/10_Metas/03/13/20191003134800_00160.png,775.3,899,109.2,27.4,961
10/3/2019 13:49,datasets/dataset_cropped/10_Metas/03/13/20191003134900_00160.jpg,datasets_flow/dataset_cropped/10_Metas/03/13/20191003134900_00160.jpg,datasets_cloudmask/dataset_cropped/10_Metas/03/13/20191003134900_00160.png,783.1,909,111,27.4,961
10/3/2019 13:50,datasets/dataset_cropped/10_Metas/03/13/20191003135000_00160.jpg,datasets_flow/dataset_cropped/10_Metas/03/13/20191003135000_00160.jpg,datasets_cloudmask/dataset_cropped/10_Metas/03/13/20191003135000_00160.png,781.8,907,112.1,27.2,961
10/3/2019 13:51,datasets/dataset_cropped/10_Metas/03/13/20191003135100_00160.jpg,datasets_flow/dataset_cropped/10_Metas/03/13/20191003135100_00160.jpg,datasets_cloudmask/dataset_cropped/10_Metas/03/13/20191003135100_00160.png,775.6,899,112.6,27.2,961
10/3/2019 13:52,datasets/dataset_cropped/10_Metas/03/13/20191003135200_00160.jpg,datasets_flow/dataset_cropped/10_Metas/03/13/20191003135200_00160.jpg,datasets_cloudmask/dataset_cropped/10_Metas/03/13/20191003135200_00160.png,776.7,899,114,27.3,961
10/3/2019 13:53,datasets/dataset_cropped/10_Metas/03/13/20191003135300_00160.jpg,datasets_flow/dataset_cropped/10_Metas/03/13/20191003135300_00160.jpg,datasets_cloudmask/dataset_cropped/10_Metas/03/13/20191003135300_00160.png,780,901,115.5,27.3,961
10/3/2019 13:54,datasets/dataset_cropped/10_Metas/03/13/20191003135400_00160.jpg,datasets_flow/dataset_cropped/10_Metas/03/13/20191003135400_00160.jpg,datasets_cloudmask/dataset_cropped/10_Metas/03/13/20191003135400_00160.png,778.1,897,117.7,27.1,961
10/3/2019 13:55,datasets/dataset_cropped/10_Metas/03/13/20191003135500_00160.jpg,datasets_flow/dataset_cropped/10_Metas/03/13/20191003135500_00160.jpg,datasets_cloudmask/dataset_cropped/10_Metas/03/13/20191003135500_00160.png,778.2,896,119.3,27.2,961
10/3/2019 13:56,datasets/dataset_cropped/10_Metas/03/13/20191003135600_00160.jpg,datasets_flow/dataset_cropped/10_Metas/03/13/20191003135600_00160.jpg,datasets_cloudmask/dataset_cropped/10_Metas/03/13/20191003135600_00160.png,782.1,900,121.2,27.1,961
10/3/2019 13:57,datasets/dataset_cropped/10_Metas/03/13/20191003135700_00160.jpg,datasets_flow/dataset_cropped/10_Metas/03/13/20191003135700_00160.jpg,datasets_cloudmask/dataset_cropped/10_Metas/03/13/20191003135700_00160.png,780.5,896,123.2,27.1,961
10/3/2019 13:58,datasets/dataset_cropped/10_Metas/03/13/20191003135800_00160.jpg,datasets_flow/dataset_cropped/10_Metas/03/13/20191003135800_00160.jpg,datasets_cloudmask/dataset_cropped/10_Metas/03/13/20191003135800_00160.png,782.4,897,125.7,27,961
10/3/2019 13:59,datasets/dataset_cropped/10_Metas/03/13/20191003135900_00160.jpg,datasets_flow/dataset_cropped/10_Metas/03/13/20191003135900_00160.jpg,datasets_cloudmask/dataset_cropped/10_Metas/03/13/20191003135900_00160.png,790.1,905,128.1,26.9,961
10/3/2019 14:00,datasets/dataset_cropped/10_Metas/03/14/20191003140000_00160.jpg,datasets_flow/dataset_cropped/10_Metas/03/14/20191003140000_00160.jpg,datasets_cloudmask/dataset_cropped/10_Metas/03/14/20191003140000_00160.png,797.6,913,130.7,26.9,961
10/3/2019 14:01,datasets/dataset_cropped/10_Metas/03/14/20191003140100_00160.jpg,datasets_flow/dataset_cropped/10_Metas/03/14/20191003140100_00160.jpg,datasets_cloudmask/dataset_cropped/10_Metas/03/14/20191003140100_00160.png,797.8,910,133.5,26.9,961
10/3/2019 14:02,datasets/dataset_cropped/10_Metas/03/14/20191003140200_00160.jpg,datasets_flow/dataset_cropped/10_Metas/03/14/20191003140200_00160.jpg,datasets_cloudmask/dataset_cropped/10_Metas/03/14/20191003140200_00160.png,796.2,906,136.5,26.9,961
10/3/2019 14:03,datasets/dataset_cropped/10_Metas/03/14/20191003140300_00160.jpg,datasets_flow/dataset_cropped/10_Metas/03/14/20191003140300_00160.jpg,datasets_cloudmask/dataset_cropped/10_Metas/03/14/20191003140300_00160.png,801,908,140.1,26.9,961
10/3/2019 14:04,datasets/dataset_cropped/10_Metas/03/14/20191003140400_00160.jpg,datasets_flow/dataset_cropped/10_Metas/03/14/20191003140400_00160.jpg,datasets_cloudmask/dataset_cropped/10_Metas/03/14/20191003140400_00160.png,805,908,144.6,27.1,961
10/3/2019 14:05,datasets/dataset_cropped/10_Metas/03/14/20191003140500_00160.jpg,datasets_flow/dataset_cropped/10_Metas/03/14/20191003140500_00160.jpg,datasets_cloudmask/dataset_cropped/10_Metas/03/14/20191003140500_00160.png,803,900,149.7,27.3,961
10/3/2019 14:06,datasets/dataset_cropped/10_Metas/03/14/20191003140600_00160.jpg,datasets_flow/dataset_cropped/10_Metas/03/14/20191003140600_00160.jpg,datasets_cloudmask/dataset_cropped/10_Metas/03/14/20191003140600_00160.png,805,895,155.4,27.2,961
10/3/2019 14:07,datasets/dataset_cropped/10_Metas/03/14/20191003140700_00160.jpg,datasets_flow/dataset_cropped/10_Metas/03/14/20191003140700_00160.jpg,datasets_cloudmask/dataset_cropped/10_Metas/03/14/20191003140700_00160.png,812,899,161.4,27.1,961
10/3/2019 14:08,datasets/dataset_cropped/10_Metas/03/14/20191003140800_00160.jpg,datasets_flow/dataset_cropped/10_Metas/03/14/20191003140800_00160.jpg,datasets_cloudmask/dataset_cropped/10_Metas/03/14/20191003140800_00160.png,809,886,168.3,27.5,961
10/3/2019 14:09,datasets/dataset_cropped/10_Metas/03/14/20191003140900_00160.jpg,datasets_flow/dataset_cropped/10_Metas/03/14/20191003140900_00160.jpg,datasets_cloudmask/dataset_cropped/10_Metas/03/14/20191003140900_00160.png,705,736.7,171.4,27.4,961
10/3/2019 14:10,datasets/dataset_cropped/10_Metas/03/14/20191003141000_00160.jpg,datasets_flow/dataset_cropped/10_Metas/03/14/20191003141000_00160.jpg,datasets_cloudmask/dataset_cropped/10_Metas/03/14/20191003141000_00160.png,466.5,406.9,170.2,27.3,961
10/3/2019 14:11,datasets/dataset_cropped/10_Metas/03/14/20191003141100_00160.jpg,datasets_flow/dataset_cropped/10_Metas/03/14/20191003141100_00160.jpg,datasets_cloudmask/dataset_cropped/10_Metas/03/14/20191003141100_00160.png,498.6,447.6,172.7,27.1,961
10/3/2019 14:12,datasets/dataset_cropped/10_Metas/03/14/20191003141200_00160.jpg,datasets_flow/dataset_cropped/10_Metas/03/14/20191003141200_00160.jpg,datasets_cloudmask/dataset_cropped/10_Metas/03/14/20191003141200_00160.png,574.7,551.6,174.4,26.7,961
10/3/2019 14:13,datasets/dataset_cropped/10_Metas/03/14/20191003141300_00160.jpg,datasets_flow/dataset_cropped/10_Metas/03/14/20191003141300_00160.jpg,datasets_cloudmask/dataset_cropped/10_Metas/03/14/20191003141300_00160.png,651.1,659.8,174.1,26.8,961
10/3/2019 14:14,datasets/dataset_cropped/10_Metas/03/14/20191003141400_00160.jpg,datasets_flow/dataset_cropped/10_Metas/03/14/20191003141400_00160.jpg,datasets_cloudmask/dataset_cropped/10_Metas/03/14/20191003141400_00160.png,681.6,706.4,172.2,26.6,961
10/3/2019 14:15,datasets/dataset_cropped/10_Metas/03/14/20191003141500_00160.jpg,datasets_flow/dataset_cropped/10_Metas/03/14/20191003141500_00160.jpg,datasets_cloudmask/dataset_cropped/10_Metas/03/14/20191003141500_00160.png,687.5,719.7,169.9,26.8,961
10/3/2019 14:16,datasets/dataset_cropped/10_Metas/03/14/20191003141600_00160.jpg,datasets_flow/dataset_cropped/10_Metas/03/14/20191003141600_00160.jpg,datasets_cloudmask/dataset_cropped/10_Metas/03/14/20191003141600_00160.png,699.2,741.4,167.6,27.2,961
10/3/2019 14:17,datasets/dataset_cropped/10_Metas/03/14/20191003141700_00160.jpg,datasets_flow/dataset_cropped/10_Metas/03/14/20191003141700_00160.jpg,datasets_cloudmask/dataset_cropped/10_Metas/03/14/20191003141700_00160.png,681.6,723,164.1,27,961
10/3/2019 14:18,datasets/dataset_cropped/10_Metas/03/14/20191003141800_00160.jpg,datasets_flow/dataset_cropped/10_Metas/03/14/20191003141800_00160.jpg,datasets_cloudmask/dataset_cropped/10_Metas/03/14/20191003141800_00160.png,691.6,742.4,161.3,26.7,961
10/3/2019 14:19,datasets/dataset_cropped/10_Metas/03/14/20191003141900_00160.jpg,datasets_flow/dataset_cropped/10_Metas/03/14/20191003141900_00160.jpg,datasets_cloudmask/dataset_cropped/10_Metas/03/14/20191003141900_00160.png,680.3,732.1,158.3,26.8,961
10/3/2019 14:20,datasets/dataset_cropped/10_Metas/03/14/20191003142000_00160.jpg,datasets_flow/dataset_cropped/10_Metas/03/14/20191003142000_00160.jpg,datasets_cloudmask/dataset_cropped/10_Metas/03/14/20191003142000_00160.png,707.5,775.1,156.6,26.9,961
10/3/2019 14:21,datasets/dataset_cropped/10_Metas/03/14/20191003142100_00160.jpg,datasets_flow/dataset_cropped/10_Metas/03/14/20191003142100_00160.jpg,datasets_cloudmask/dataset_cropped/10_Metas/03/14/20191003142100_00160.png,710.1,783.7,154.3,27.2,961
10/3/2019 14:22,datasets/dataset_cropped/10_Metas/03/14/20191003142200_00160.jpg,datasets_flow/dataset_cropped/10_Metas/03/14/20191003142200_00160.jpg,datasets_cloudmask/dataset_cropped/10_Metas/03/14/20191003142200_00160.png,689,758.9,151.6,27.2,961
10/3/2019 14:23,datasets/dataset_cropped/10_Metas/03/14/20191003142300_00160.jpg,datasets_flow/dataset_cropped/10_Metas/03/14/20191003142300_00160.jpg,datasets_cloudmask/dataset_cropped/10_Metas/03/14/20191003142300_00160.png,674.5,742.2,149.5,27,961
10/3/2019 14:24,datasets/dataset_cropped/10_Metas/03/14/20191003142400_00160.jpg,datasets_flow/dataset_cropped/10_Metas/03/14/20191003142400_00160.jpg,datasets_cloudmask/dataset_cropped/10_Metas/03/14/20191003142400_00160.png,667.1,735.4,147.9,26.7,961
10/3/2019 14:25,datasets/dataset_cropped/10_Metas/03/14/20191003142500_00160.jpg,datasets_flow/dataset_cropped/10_Metas/03/14/20191003142500_00160.jpg,datasets_cloudmask/dataset_cropped/10_Metas/03/14/20191003142500_00160.png,689.8,770.4,147.3,26.8,961
10/3/2019 14:26,datasets/dataset_cropped/10_Metas/03/14/20191003142600_00160.jpg,datasets_flow/dataset_cropped/10_Metas/03/14/20191003142600_00160.jpg,datasets_cloudmask/dataset_cropped/10_Metas/03/14/20191003142600_00160.png,700.2,788.5,146.1,27,961
10/3/2019 14:27,datasets/dataset_cropped/10_Metas/03/14/20191003142700_00160.jpg,datasets_flow/dataset_cropped/10_Metas/03/14/20191003142700_00160.jpg,datasets_cloudmask/dataset_cropped/10_Metas/03/14/20191003142700_00160.png,706.5,801,144.4,27,961
10/3/2019 14:28,datasets/dataset_cropped/10_Metas/03/14/20191003142800_00160.jpg,datasets_flow/dataset_cropped/10_Metas/03/14/20191003142800_00160.jpg,datasets_cloudmask/dataset_cropped/10_Metas/03/14/20191003142800_00160.png,709.6,808,143.4,26.9,961
10/3/2019 14:29,datasets/dataset_cropped/10_Metas/03/14/20191003142900_00160.jpg,datasets_flow/dataset_cropped/10_Metas/03/14/20191003142900_00160.jpg,datasets_cloudmask/dataset_cropped/10_Metas/03/14/20191003142900_00160.png,710,811,142.7,27,961
10/3/2019 14:30,datasets/dataset_cropped/10_Metas/03/14/20191003143000_00160.jpg,datasets_flow/dataset_cropped/10_Metas/03/14/20191003143000_00160.jpg,datasets_cloudmask/dataset_cropped/10_Metas/03/14/20191003143000_00160.png,708.6,811,142.4,26.8,961
10/3/2019 14:31,datasets/dataset_cropped/10_Metas/03/14/20191003143100_00160.jpg,datasets_flow/dataset_cropped/10_Metas/03/14/20191003143100_00160.jpg,datasets_cloudmask/dataset_cropped/10_Metas/03/14/20191003143100_00160.png,707.7,811,142.7,26.6,961
10/3/2019 14:32,datasets/dataset_cropped/10_Metas/03/14/20191003143200_00160.jpg,datasets_flow/dataset_cropped/10_Metas/03/14/20191003143200_00160.jpg,datasets_cloudmask/dataset_cropped/10_Metas/03/14/20191003143200_00160.png,708.9,813,143.5,26.6,961
10/3/2019 14:33,datasets/dataset_cropped/10_Metas/03/14/20191003143300_00160.jpg,datasets_flow/dataset_cropped/10_Metas/03/14/20191003143300_00160.jpg,datasets_cloudmask/dataset_cropped/10_Metas/03/14/20191003143300_00160.png,706.5,810,144.2,26.5,961
10/3/2019 14:34,datasets/dataset_cropped/10_Metas/03/14/20191003143400_00160.jpg,datasets_flow/dataset_cropped/10_Metas/03/14/20191003143400_00160.jpg,datasets_cloudmask/dataset_cropped/10_Metas/03/14/20191003143400_00160.png,707.6,812,145.3,26.7,961
10/3/2019 14:35,datasets/dataset_cropped/10_Metas/03/14/20191003143500_00160.jpg,datasets_flow/dataset_cropped/10_Metas/03/14/20191003143500_00160.jpg,datasets_cloudmask/dataset_cropped/10_Metas/03/14/20191003143500_00160.png,718.7,829,146.6,27,961
10/3/2019 14:36,datasets/dataset_cropped/10_Metas/03/14/20191003143600_00160.jpg,datasets_flow/dataset_cropped/10_Metas/03/14/20191003143600_00160.jpg,datasets_cloudmask/dataset_cropped/10_Metas/03/14/20191003143600_00160.png,725.5,838,147.8,27,961
10/3/2019 14:37,datasets/dataset_cropped/10_Metas/03/14/20191003143700_00160.jpg,datasets_flow/dataset_cropped/10_Metas/03/14/20191003143700_00160.jpg,datasets_cloudmask/dataset_cropped/10_Metas/03/14/20191003143700_00160.png,724.5,837,148.9,26.8,961
10/3/2019 14:38,datasets/dataset_cropped/10_Metas/03/14/20191003143800_00160.jpg,datasets_flow/dataset_cropped/10_Metas/03/14/20191003143800_00160.jpg,datasets_cloudmask/dataset_cropped/10_Metas/03/14/20191003143800_00160.png,723.6,835,150.3,26.7,961
10/3/2019 14:39,datasets/dataset_cropped/10_Metas/03/14/20191003143900_00160.jpg,datasets_flow/dataset_cropped/10_Metas/03/14/20191003143900_00160.jpg,datasets_cloudmask/dataset_cropped/10_Metas/03/14/20191003143900_00160.png,724.4,836,152,26.7,961
10/3/2019 14:40,datasets/dataset_cropped/10_Metas/03/14/20191003144000_00160.jpg,datasets_flow/dataset_cropped/10_Metas/03/14/20191003144000_00160.jpg,datasets_cloudmask/dataset_cropped/10_Metas/03/14/20191003144000_00160.png,712.4,817,153.7,26.8,961
10/3/2019 14:41,datasets/dataset_cropped/10_Metas/03/14/20191003144100_00160.jpg,datasets_flow/dataset_cropped/10_Metas/03/14/20191003144100_00160.jpg,datasets_cloudmask/dataset_cropped/10_Metas/03/14/20191003144100_00160.png,696.5,793.6,155.2,26.7,961
10/3/2019 14:42,datasets/dataset_cropped/10_Metas/03/14/20191003144200_00160.jpg,datasets_flow/dataset_cropped/10_Metas/03/14/20191003144200_00160.jpg,datasets_cloudmask/dataset_cropped/10_Metas/03/14/20191003144200_00160.png,671.7,756.6,156.5,26.8,961
10/3/2019 14:43,datasets/dataset_cropped/10_Metas/03/14/20191003144300_00160.jpg,datasets_flow/dataset_cropped/10_Metas/03/14/20191003144300_00160.jpg,datasets_cloudmask/dataset_cropped/10_Metas/03/14/20191003144300_00160.png,661.2,740.4,158.3,27,961
10/3/2019 14:44,datasets/dataset_cropped/10_Metas/03/14/20191003144400_00160.jpg,datasets_flow/dataset_cropped/10_Metas/03/14/20191003144400_00160.jpg,datasets_cloudmask/dataset_cropped/10_Metas/03/14/20191003144400_00160.png,669.5,751.8,160.2,27,961
10/3/2019 14:45,datasets/dataset_cropped/10_Metas/03/14/20191003144500_00160.jpg,datasets_flow/dataset_cropped/10_Metas/03/14/20191003144500_00160.jpg,datasets_cloudmask/dataset_cropped/10_Metas/03/14/20191003144500_00160.png,672.6,755.6,161.8,26.8,961
10/3/2019 14:46,datasets/dataset_cropped/10_Metas/03/14/20191003144600_00160.jpg,datasets_flow/dataset_cropped/10_Metas/03/14/20191003144600_00160.jpg,datasets_cloudmask/dataset_cropped/10_Metas/03/14/20191003144600_00160.png,659.7,735.5,163.4,26.5,961
10/3/2019 14:47,datasets/dataset_cropped/10_Metas/03/14/20191003144700_00160.jpg,datasets_flow/dataset_cropped/10_Metas/03/14/20191003144700_00160.jpg,datasets_cloudmask/dataset_cropped/10_Metas/03/14/20191003144700_00160.png,653.2,725,165.2,26.6,961
10/3/2019 14:48,datasets/dataset_cropped/10_Metas/03/14/20191003144800_00160.jpg,datasets_flow/dataset_cropped/10_Metas/03/14/20191003144800_00160.jpg,datasets_cloudmask/dataset_cropped/10_Metas/03/14/20191003144800_00160.png,662.5,737.6,167.4,26.5,961
10/3/2019 14:49,datasets/dataset_cropped/10_Metas/03/14/20191003144900_00160.jpg,datasets_flow/dataset_cropped/10_Metas/03/14/20191003144900_00160.jpg,datasets_cloudmask/dataset_cropped/10_Metas/03/14/20191003144900_00160.png,683.5,767.7,169.6,26.5,961
10/3/2019 14:50,datasets/dataset_cropped/10_Metas/03/14/20191003145000_00160.jpg,datasets_flow/dataset_cropped/10_Metas/03/14/20191003145000_00160.jpg,datasets_cloudmask/dataset_cropped/10_Metas/03/14/20191003145000_00160.png,689.3,775.8,171,26.7,961
10/3/2019 14:51,datasets/dataset_cropped/10_Metas/03/14/20191003145100_00160.jpg,datasets_flow/dataset_cropped/10_Metas/03/14/20191003145100_00160.jpg,datasets_cloudmask/dataset_cropped/10_Metas/03/14/20191003145100_00160.png,667.4,742.3,171.8,27.2,961
10/3/2019 14:52,datasets/dataset_cropped/10_Metas/03/14/20191003145200_00160.jpg,datasets_flow/dataset_cropped/10_Metas/03/14/20191003145200_00160.jpg,datasets_cloudmask/dataset_cropped/10_Metas/03/14/20191003145200_00160.png,636.9,695.5,173.2,27.3,961
10/3/2019 14:53,datasets/dataset_cropped/10_Metas/03/14/20191003145300_00160.jpg,datasets_flow/dataset_cropped/10_Metas/03/14/20191003145300_00160.jpg,datasets_cloudmask/dataset_cropped/10_Metas/03/14/20191003145300_00160.png,624.6,674.9,175.5,26.9,961
10/3/2019 14:54,datasets/dataset_cropped/10_Metas/03/14/20191003145400_00160.jpg,datasets_flow/dataset_cropped/10_Metas/03/14/20191003145400_00160.jpg,datasets_cloudmask/dataset_cropped/10_Metas/03/14/20191003145400_00160.png,626,675.2,178,26.7,961
10/3/2019 14:55,datasets/dataset_cropped/10_Metas/03/14/20191003145500_00160.jpg,datasets_flow/dataset_cropped/10_Metas/03/14/20191003145500_00160.jpg,datasets_cloudmask/dataset_cropped/10_Metas/03/14/20191003145500_00160.png,616.9,660.1,180.1,26.6,960
10/3/2019 14:56,datasets/dataset_cropped/10_Metas/03/14/20191003145600_00160.jpg,datasets_flow/dataset_cropped/10_Metas/03/14/20191003145600_00160.jpg,datasets_cloudmask/dataset_cropped/10_Metas/03/14/20191003145600_00160.png,628.7,676.7,182.3,26.5,960
10/3/2019 14:57,datasets/dataset_cropped/10_Metas/03/14/20191003145700_00160.jpg,datasets_flow/dataset_cropped/10_Metas/03/14/20191003145700_00160.jpg,datasets_cloudmask/dataset_cropped/10_Metas/03/14/20191003145700_00160.png,631.2,678.7,184.7,26.7,960
10/3/2019 14:58,datasets/dataset_cropped/10_Metas/03/14/20191003145800_00160.jpg,datasets_flow/dataset_cropped/10_Metas/03/14/20191003145800_00160.jpg,datasets_cloudmask/dataset_cropped/10_Metas/03/14/20191003145800_00160.png,615.5,653.6,186.2,26.7,961
10/3/2019 14:59,datasets/dataset_cropped/10_Metas/03/14/20191003145900_00160.jpg,datasets_flow/dataset_cropped/10_Metas/03/14/20191003145900_00160.jpg,datasets_cloudmask/dataset_cropped/10_Metas/03/14/20191003145900_00160.png,606.3,637.5,188.1,26.8,961
10/3/2019 15:00,datasets/dataset_cropped/10_Metas/03/15/20191003150000_00160.jpg,datasets_flow/dataset_cropped/10_Metas/03/15/20191003150000_00160.jpg,datasets_cloudmask/dataset_cropped/10_Metas/03/15/20191003150000_00160.png,608.1,638.8,190.4,26.7,961
10/3/2019 15:01,datasets/dataset_cropped/10_Metas/03/15/20191003150100_00160.jpg,datasets_flow/dataset_cropped/10_Metas/03/15/20191003150100_00160.jpg,datasets_cloudmask/dataset_cropped/10_Metas/03/15/20191003150100_00160.png,593.7,615.7,192.1,26.6,961
10/3/2019 15:02,datasets/dataset_cropped/10_Metas/03/15/20191003150200_00160.jpg,datasets_flow/dataset_cropped/10_Metas/03/15/20191003150200_00160.jpg,datasets_cloudmask/dataset_cropped/10_Metas/03/15/20191003150200_00160.png,585.4,601.2,193.9,26.6,960
10/3/2019 15:03,datasets/dataset_cropped/10_Metas/03/15/20191003150300_00160.jpg,datasets_flow/dataset_cropped/10_Metas/03/15/20191003150300_00160.jpg,datasets_cloudmask/dataset_cropped/10_Metas/03/15/20191003150300_00160.png,583.1,595.7,196.3,26.6,961
10/3/2019 15:04,datasets/dataset_cropped/10_Metas/03/15/20191003150400_00160.jpg,datasets_flow/dataset_cropped/10_Metas/03/15/20191003150400_00160.jpg,datasets_cloudmask/dataset_cropped/10_Metas/03/15/20191003150400_00160.png,581.9,592.4,198.6,26.7,960
10/3/2019 15:05,datasets/dataset_cropped/10_Metas/03/15/20191003150500_00160.jpg,datasets_flow/dataset_cropped/10_Metas/03/15/20191003150500_00160.jpg,datasets_cloudmask/dataset_cropped/10_Metas/03/15/20191003150500_00160.png,608,631.4,201.4,26.7,960
10/3/2019 15:06,datasets/dataset_cropped/10_Metas/03/15/20191003150600_00160.jpg,datasets_flow/dataset_cropped/10_Metas/03/15/20191003150600_00160.jpg,datasets_cloudmask/dataset_cropped/10_Metas/03/15/20191003150600_00160.png,625.7,658.1,203.3,26.9,961
10/3/2019 15:07,datasets/dataset_cropped/10_Metas/03/15/20191003150700_00160.jpg,datasets_flow/dataset_cropped/10_Metas/03/15/20191003150700_00160.jpg,datasets_cloudmask/dataset_cropped/10_Metas/03/15/20191003150700_00160.png,633.2,668.9,204.7,26.9,960
10/3/2019 15:08,datasets/dataset_cropped/10_Metas/03/15/20191003150800_00160.jpg,datasets_flow/dataset_cropped/10_Metas/03/15/20191003150800_00160.jpg,datasets_cloudmask/dataset_cropped/10_Metas/03/15/20191003150800_00160.png,639.2,677.4,206,26.9,960
10/3/2019 15:09,datasets/dataset_cropped/10_Metas/03/15/20191003150900_00160.jpg,datasets_flow/dataset_cropped/10_Metas/03/15/20191003150900_00160.jpg,datasets_cloudmask/dataset_cropped/10_Metas/03/15/20191003150900_00160.png,645.3,686.4,207.7,26.8,960
10/3/2019 15:10,datasets/dataset_cropped/10_Metas/03/15/20191003151000_00160.jpg,datasets_flow/dataset_cropped/10_Metas/03/15/20191003151000_00160.jpg,datasets_cloudmask/dataset_cropped/10_Metas/03/15/20191003151000_00160.png,655.3,701.9,209.6,26.8,960
10/3/2019 15:11,datasets/dataset_cropped/10_Metas/03/15/20191003151100_00160.jpg,datasets_flow/dataset_cropped/10_Metas/03/15/20191003151100_00160.jpg,datasets_cloudmask/dataset_cropped/10_Metas/03/15/20191003151100_00160.png,654.7,701.9,210.6,26.6,960
10/3/2019 15:12,datasets/dataset_cropped/10_Metas/03/15/20191003151200_00160.jpg,datasets_flow/dataset_cropped/10_Metas/03/15/20191003151200_00160.jpg,datasets_cloudmask/dataset_cropped/10_Metas/03/15/20191003151200_00160.png,653.6,700.6,211.5,26.6,960
10/3/2019 15:13,datasets/dataset_cropped/10_Metas/03/15/20191003151300_00160.jpg,datasets_flow/dataset_cropped/10_Metas/03/15/20191003151300_00160.jpg,datasets_cloudmask/dataset_cropped/10_Metas/03/15/20191003151300_00160.png,658.1,708.2,212.4,26.6,960
10/3/2019 15:14,datasets/dataset_cropped/10_Metas/03/15/20191003151400_00160.jpg,datasets_flow/dataset_cropped/10_Metas/03/15/20191003151400_00160.jpg,datasets_cloudmask/dataset_cropped/10_Metas/03/15/20191003151400_00160.png,657.2,707.8,213.1,26.6,961
10/3/2019 15:15,datasets/dataset_cropped/10_Metas/03/15/20191003151500_00160.jpg,datasets_flow/dataset_cropped/10_Metas/03/15/20191003151500_00160.jpg,datasets_cloudmask/dataset_cropped/10_Metas/03/15/20191003151500_00160.png,641.8,685.1,213.4,27.2,960
10/3/2019 15:16,datasets/dataset_cropped/10_Metas/03/15/20191003151600_00160.jpg,datasets_flow/dataset_cropped/10_Metas/03/15/20191003151600_00160.jpg,datasets_cloudmask/dataset_cropped/10_Metas/03/15/20191003151600_00160.png,630.9,669.7,213.5,27.1,960
10/3/2019 15:17,datasets/dataset_cropped/10_Metas/03/15/20191003151700_00160.jpg,datasets_flow/dataset_cropped/10_Metas/03/15/20191003151700_00160.jpg,datasets_cloudmask/dataset_cropped/10_Metas/03/15/20191003151700_00160.png,623.2,659.9,213.1,26.9,960
10/3/2019 15:18,datasets/dataset_cropped/10_Metas/03/15/20191003151800_00160.jpg,datasets_flow/dataset_cropped/10_Metas/03/15/20191003151800_00160.jpg,datasets_cloudmask/dataset_cropped/10_Metas/03/15/20191003151800_00160.png,611.1,643.3,212.5,26.9,960
10/3/2019 15:19,datasets/dataset_cropped/10_Metas/03/15/20191003151900_00160.jpg,datasets_flow/dataset_cropped/10_Metas/03/15/20191003151900_00160.jpg,datasets_cloudmask/dataset_cropped/10_Metas/03/15/20191003151900_00160.png,600.3,629.4,211.3,26.9,961
10/3/2019 15:20,datasets/dataset_cropped/10_Metas/03/15/20191003152000_00160.jpg,datasets_flow/dataset_cropped/10_Metas/03/15/20191003152000_00160.jpg,datasets_cloudmask/dataset_cropped/10_Metas/03/15/20191003152000_00160.png,607.1,643.1,210.4,26.9,960
10/3/2019 15:21,datasets/dataset_cropped/10_Metas/03/15/20191003152100_00160.jpg,datasets_flow/dataset_cropped/10_Metas/03/15/20191003152100_00160.jpg,datasets_cloudmask/dataset_cropped/10_Metas/03/15/20191003152100_00160.png,611.5,653.4,209.6,26.7,960
10/3/2019 15:22,datasets/dataset_cropped/10_Metas/03/15/20191003152200_00160.jpg,datasets_flow/dataset_cropped/10_Metas/03/15/20191003152200_00160.jpg,datasets_cloudmask/dataset_cropped/10_Metas/03/15/20191003152200_00160.png,593.9,628.5,208.4,26.6,960
10/3/2019 15:23,datasets/dataset_cropped/10_Metas/03/15/20191003152300_00160.jpg,datasets_flow/dataset_cropped/10_Metas/03/15/20191003152300_00160.jpg,datasets_cloudmask/dataset_cropped/10_Metas/03/15/20191003152300_00160.png,571.9,596.7,207,26.6,960
10/3/2019 15:24,datasets/dataset_cropped/10_Metas/03/15/20191003152400_00160.jpg,datasets_flow/dataset_cropped/10_Metas/03/15/20191003152400_00160.jpg,datasets_cloudmask/dataset_cropped/10_Metas/03/15/20191003152400_00160.png,562.6,584.7,206.1,26.9,960
10/3/2019 15:25,datasets/dataset_cropped/10_Metas/03/15/20191003152500_00160.jpg,datasets_flow/dataset_cropped/10_Metas/03/15/20191003152500_00160.jpg,datasets_cloudmask/dataset_cropped/10_Metas/03/15/20191003152500_00160.png,553.1,572.2,205.4,26.8,960
10/3/2019 15:26,datasets/dataset_cropped/10_Metas/03/15/20191003152600_00160.jpg,datasets_flow/dataset_cropped/10_Metas/03/15/20191003152600_00160.jpg,datasets_cloudmask/dataset_cropped/10_Metas/03/15/20191003152600_00160.png,551.7,573.4,204.9,26.8,960
10/3/2019 15:27,datasets/dataset_cropped/10_Metas/03/15/20191003152700_00160.jpg,datasets_flow/dataset_cropped/10_Metas/03/15/20191003152700_00160.jpg,datasets_cloudmask/dataset_cropped/10_Metas/03/15/20191003152700_00160.png,563.4,595.6,204.6,26.6,960
10/3/2019 15:28,datasets/dataset_cropped/10_Metas/03/15/20191003152800_00160.jpg,datasets_flow/dataset_cropped/10_Metas/03/15/20191003152800_00160.jpg,datasets_cloudmask/dataset_cropped/10_Metas/03/15/20191003152800_00160.png,591.9,645.2,204.8,26.5,960
10/3/2019 15:29,datasets/dataset_cropped/10_Metas/03/15/20191003152900_00160.jpg,datasets_flow/dataset_cropped/10_Metas/03/15/20191003152900_00160.jpg,datasets_cloudmask/dataset_cropped/10_Metas/03/15/20191003152900_00160.png,590.6,645.7,204.6,26.6,960
10/3/2019 15:30,datasets/dataset_cropped/10_Metas/03/15/20191003153000_00160.jpg,datasets_flow/dataset_cropped/10_Metas/03/15/20191003153000_00160.jpg,datasets_cloudmask/dataset_cropped/10_Metas/03/15/20191003153000_00160.png,560.8,598.3,204.1,26.7,960
10/3/2019 15:31,datasets/dataset_cropped/10_Metas/03/15/20191003153100_00160.jpg,datasets_flow/dataset_cropped/10_Metas/03/15/20191003153100_00160.jpg,datasets_cloudmask/dataset_cropped/10_Metas/03/15/20191003153100_00160.png,564.6,606.3,204.6,26.8,960
10/3/2019 15:32,datasets/dataset_cropped/10_Metas/03/15/20191003153200_00160.jpg,datasets_flow/dataset_cropped/10_Metas/03/15/20191003153200_00160.jpg,datasets_cloudmask/dataset_cropped/10_Metas/03/15/20191003153200_00160.png,565.6,608.7,205.1,26.8,960
10/3/2019 15:33,datasets/dataset_cropped/10_Metas/03/15/20191003153300_00160.jpg,datasets_flow/dataset_cropped/10_Metas/03/15/20191003153300_00160.jpg,datasets_cloudmask/dataset_cropped/10_Metas/03/15/20191003153300_00160.png,576.6,628.4,205.7,26.8,960
10/3/2019 15:34,datasets/dataset_cropped/10_Metas/03/15/20191003153400_00160.jpg,datasets_flow/dataset_cropped/10_Metas/03/15/20191003153400_00160.jpg,datasets_cloudmask/dataset_cropped/10_Metas/03/15/20191003153400_00160.png,582.1,638.9,206.7,26.8,960
10/3/2019 15:35,datasets/dataset_cropped/10_Metas/03/15/20191003153500_00160.jpg,datasets_flow/dataset_cropped/10_Metas/03/15/20191003153500_00160.jpg,datasets_cloudmask/dataset_cropped/10_Metas/03/15/20191003153500_00160.png,574.6,628.5,207.3,26.7,960
10/3/2019 15:36,datasets/dataset_cropped/10_Metas/03/15/20191003153600_00160.jpg,datasets_flow/dataset_cropped/10_Metas/03/15/20191003153600_00160.jpg,datasets_cloudmask/dataset_cropped/10_Metas/03/15/20191003153600_00160.png,557.9,602.3,207,26.6,960
10/3/2019 15:37,datasets/dataset_cropped/10_Metas/03/15/20191003153700_00160.jpg,datasets_flow/dataset_cropped/10_Metas/03/15/20191003153700_00160.jpg,datasets_cloudmask/dataset_cropped/10_Metas/03/15/20191003153700_00160.png,546,584.6,206.7,26.7,960
10/3/2019 15:38,datasets/dataset_cropped/10_Metas/03/15/20191003153800_00160.jpg,datasets_flow/dataset_cropped/10_Metas/03/15/20191003153800_00160.jpg,datasets_cloudmask/dataset_cropped/10_Metas/03/15/20191003153800_00160.png,521,544.9,205.4,26.7,960
10/3/2019 15:39,datasets/dataset_cropped/10_Metas/03/15/20191003153900_00160.jpg,datasets_flow/dataset_cropped/10_Metas/03/15/20191003153900_00160.jpg,datasets_cloudmask/dataset_cropped/10_Metas/03/15/20191003153900_00160.png,492.1,498.5,204.4,26.7,960
10/3/2019 15:40,datasets/dataset_cropped/10_Metas/03/15/20191003154000_00160.jpg,datasets_flow/dataset_cropped/10_Metas/03/15/20191003154000_00160.jpg,datasets_cloudmask/dataset_cropped/10_Metas/03/15/20191003154000_00160.png,455.5,438.9,203,26.5,960
10/3/2019 15:41,datasets/dataset_cropped/10_Metas/03/15/20191003154100_00160.jpg,datasets_flow/dataset_cropped/10_Metas/03/15/20191003154100_00160.jpg,datasets_cloudmask/dataset_cropped/10_Metas/03/15/20191003154100_00160.png,438.2,412.4,202,26.6,960
10/3/2019 15:42,datasets/dataset_cropped/10_Metas/03/15/20191003154200_00160.jpg,datasets_flow/dataset_cropped/10_Metas/03/15/20191003154200_00160.jpg,datasets_cloudmask/dataset_cropped/10_Metas/03/15/20191003154200_00160.png,468.4,468.6,201.1,26.6,960
10/3/2019 15:43,datasets/dataset_cropped/10_Metas/03/15/20191003154300_00160.jpg,datasets_flow/dataset_cropped/10_Metas/03/15/20191003154300_00160.jpg,datasets_cloudmask/dataset_cropped/10_Metas/03/15/20191003154300_00160.png,519.4,561.4,200.9,26.5,960
10/3/2019 15:44,datasets/dataset_cropped/10_Metas/03/15/20191003154400_00160.jpg,datasets_flow/dataset_cropped/10_Metas/03/15/20191003154400_00160.jpg,datasets_cloudmask/dataset_cropped/10_Metas/03/15/20191003154400_00160.png,527.1,579.4,199.8,26.5,960
10/3/2019 15:45,datasets/dataset_cropped/10_Metas/03/15/20191003154500_00160.jpg,datasets_flow/dataset_cropped/10_Metas/03/15/20191003154500_00160.jpg,datasets_cloudmask/dataset_cropped/10_Metas/03/15/20191003154500_00160.png,549.2,623.1,199,26.6,960
10/3/2019 15:46,datasets/dataset_cropped/10_Metas/03/15/20191003154600_00160.jpg,datasets_flow/dataset_cropped/10_Metas/03/15/20191003154600_00160.jpg,datasets_cloudmask/dataset_cropped/10_Metas/03/15/20191003154600_00160.png,557.3,642.3,198.2,26.8,960
10/3/2019 15:47,datasets/dataset_cropped/10_Metas/03/15/20191003154700_00160.jpg,datasets_flow/dataset_cropped/10_Metas/03/15/20191003154700_00160.jpg,datasets_cloudmask/dataset_cropped/10_Metas/03/15/20191003154700_00160.png,560.5,653.7,196.7,27,960
10/3/2019 15:48,datasets/dataset_cropped/10_Metas/03/15/20191003154800_00160.jpg,datasets_flow/dataset_cropped/10_Metas/03/15/20191003154800_00160.jpg,datasets_cloudmask/dataset_cropped/10_Metas/03/15/20191003154800_00160.png,566.2,669.4,195.2,27,960
10/3/2019 15:49,datasets/dataset_cropped/10_Metas/03/15/20191003154900_00160.jpg,datasets_flow/dataset_cropped/10_Metas/03/15/20191003154900_00160.jpg,datasets_cloudmask/dataset_cropped/10_Metas/03/15/20191003154900_00160.png,564,671.1,193.3,26.8,960
10/3/2019 15:50,datasets/dataset_cropped/10_Metas/03/15/20191003155000_00160.jpg,datasets_flow/dataset_cropped/10_Metas/03/15/20191003155000_00160.jpg,datasets_cloudmask/dataset_cropped/10_Metas/03/15/20191003155000_00160.png,555.8,661.9,191.6,26.5,960
10/3/2019 15:51,datasets/dataset_cropped/10_Metas/03/15/20191003155100_00160.jpg,datasets_flow/dataset_cropped/10_Metas/03/15/20191003155100_00160.jpg,datasets_cloudmask/dataset_cropped/10_Metas/03/15/20191003155100_00160.png,542.2,643.5,189.8,26.5,960
10/3/2019 15:52,datasets/dataset_cropped/10_Metas/03/15/20191003155200_00160.jpg,datasets_flow/dataset_cropped/10_Metas/03/15/20191003155200_00160.jpg,datasets_cloudmask/dataset_cropped/10_Metas/03/15/20191003155200_00160.png,528,624.4,187.5,26.6,960
10/3/2019 15:53,datasets/dataset_cropped/10_Metas/03/15/20191003155300_00160.jpg,datasets_flow/dataset_cropped/10_Metas/03/15/20191003155300_00160.jpg,datasets_cloudmask/dataset_cropped/10_Metas/03/15/20191003155300_00160.png,517.4,611.6,185.2,26.7,960
10/3/2019 15:54,datasets/dataset_cropped/10_Metas/03/15/20191003155400_00160.jpg,datasets_flow/dataset_cropped/10_Metas/03/15/20191003155400_00160.jpg,datasets_cloudmask/dataset_cropped/10_Metas/03/15/20191003155400_00160.png,502.8,591.6,182.7,26.7,960
10/3/2019 15:55,datasets/dataset_cropped/10_Metas/03/15/20191003155500_00160.jpg,datasets_flow/dataset_cropped/10_Metas/03/15/20191003155500_00160.jpg,datasets_cloudmask/dataset_cropped/10_Metas/03/15/20191003155500_00160.png,486.5,567.7,180.3,26.7,960
10/3/2019 15:56,datasets/dataset_cropped/10_Metas/03/15/20191003155600_00160.jpg,datasets_flow/dataset_cropped/10_Metas/03/15/20191003155600_00160.jpg,datasets_cloudmask/dataset_cropped/10_Metas/03/15/20191003155600_00160.png,479.2,560.2,178.2,26.6,960
10/3/2019 15:57,datasets/dataset_cropped/10_Metas/03/15/20191003155700_00160.jpg,datasets_flow/dataset_cropped/10_Metas/03/15/20191003155700_00160.jpg,datasets_cloudmask/dataset_cropped/10_Metas/03/15/20191003155700_00160.png,476.7,561.9,176.2,26.6,960
10/3/2019 15:58,datasets/dataset_cropped/10_Metas/03/15/20191003155800_00160.jpg,datasets_flow/dataset_cropped/10_Metas/03/15/20191003155800_00160.jpg,datasets_cloudmask/dataset_cropped/10_Metas/03/15/20191003155800_00160.png,471,558.1,174,26.6,960
10/3/2019 15:59,datasets/dataset_cropped/10_Metas/03/15/20191003155900_00160.jpg,datasets_flow/dataset_cropped/10_Metas/03/15/20191003155900_00160.jpg,datasets_cloudmask/dataset_cropped/10_Metas/03/15/20191003155900_00160.png,464.7,553,171.9,26.5,960
10/3/2019 16:00,datasets/dataset_cropped/10_Metas/03/16/20191003160000_00160.jpg,datasets_flow/dataset_cropped/10_Metas/03/16/20191003160000_00160.jpg,datasets_cloudmask/dataset_cropped/10_Metas/03/16/20191003160000_00160.png,466.1,562.7,169.6,26.5,960
10/3/2019 16:01,datasets/dataset_cropped/10_Metas/03/16/20191003160100_00160.jpg,datasets_flow/dataset_cropped/10_Metas/03/16/20191003160100_00160.jpg,datasets_cloudmask/dataset_cropped/10_Metas/03/16/20191003160100_00160.png,466.2,569.4,167.5,26.3,960
10/3/2019 16:02,datasets/dataset_cropped/10_Metas/03/16/20191003160200_00160.jpg,datasets_flow/dataset_cropped/10_Metas/03/16/20191003160200_00160.jpg,datasets_cloudmask/dataset_cropped/10_Metas/03/16/20191003160200_00160.png,461.2,567.9,164.8,26.4,960
10/3/2019 16:03,datasets/dataset_cropped/10_Metas/03/16/20191003160300_00160.jpg,datasets_flow/dataset_cropped/10_Metas/03/16/20191003160300_00160.jpg,datasets_cloudmask/dataset_cropped/10_Metas/03/16/20191003160300_00160.png,453.5,560.8,162.1,26.4,960
10/3/2019 16:04,datasets/dataset_cropped/10_Metas/03/16/20191003160400_00160.jpg,datasets_flow/dataset_cropped/10_Metas/03/16/20191003160400_00160.jpg,datasets_cloudmask/dataset_cropped/10_Metas/03/16/20191003160400_00160.png,443.1,548.3,159.4,26.3,960
10/3/2019 16:05,datasets/dataset_cropped/10_Metas/03/16/20191003160500_00160.jpg,datasets_flow/dataset_cropped/10_Metas/03/16/20191003160500_00160.jpg,datasets_cloudmask/dataset_cropped/10_Metas/03/16/20191003160500_00160.png,443.3,555.7,157.2,26.3,960
10/3/2019 16:06,datasets/dataset_cropped/10_Metas/03/16/20191003160600_00160.jpg,datasets_flow/dataset_cropped/10_Metas/03/16/20191003160600_00160.jpg,datasets_cloudmask/dataset_cropped/10_Metas/03/16/20191003160600_00160.png,447.6,571.5,155.1,26.3,960
10/3/2019 16:07,datasets/dataset_cropped/10_Metas/03/16/20191003160700_00160.jpg,datasets_flow/dataset_cropped/10_Metas/03/16/20191003160700_00160.jpg,datasets_cloudmask/dataset_cropped/10_Metas/03/16/20191003160700_00160.png,456.3,596.1,152.8,26.3,960
10/3/2019 16:08,datasets/dataset_cropped/10_Metas/03/16/20191003160800_00160.jpg,datasets_flow/dataset_cropped/10_Metas/03/16/20191003160800_00160.jpg,datasets_cloudmask/dataset_cropped/10_Metas/03/16/20191003160800_00160.png,449.2,590.4,150.3,26.4,960
10/3/2019 16:09,datasets/dataset_cropped/10_Metas/03/16/20191003160900_00160.jpg,datasets_flow/dataset_cropped/10_Metas/03/16/20191003160900_00160.jpg,datasets_cloudmask/dataset_cropped/10_Metas/03/16/20191003160900_00160.png,452.6,605,148,26.4,960
10/3/2019 16:10,datasets/dataset_cropped/10_Metas/03/16/20191003161000_00160.jpg,datasets_flow/dataset_cropped/10_Metas/03/16/20191003161000_00160.jpg,datasets_cloudmask/dataset_cropped/10_Metas/03/16/20191003161000_00160.png,462.7,633.2,145.8,26.4,960
10/3/2019 16:11,datasets/dataset_cropped/10_Metas/03/16/20191003161100_00160.jpg,datasets_flow/dataset_cropped/10_Metas/03/16/20191003161100_00160.jpg,datasets_cloudmask/dataset_cropped/10_Metas/03/16/20191003161100_00160.png,469.8,654.9,143.9,26.4,960
10/3/2019 16:12,datasets/dataset_cropped/10_Metas/03/16/20191003161200_00160.jpg,datasets_flow/dataset_cropped/10_Metas/03/16/20191003161200_00160.jpg,datasets_cloudmask/dataset_cropped/10_Metas/03/16/20191003161200_00160.png,473.8,670.9,141.7,26.5,960
10/3/2019 16:13,datasets/dataset_cropped/10_Metas/03/16/20191003161300_00160.jpg,datasets_flow/dataset_cropped/10_Metas/03/16/20191003161300_00160.jpg,datasets_cloudmask/dataset_cropped/10_Metas/03/16/20191003161300_00160.png,476.4,684.3,139.6,26.5,960
10/3/2019 16:14,datasets/dataset_cropped/10_Metas/03/16/20191003161400_00160.jpg,datasets_flow/dataset_cropped/10_Metas/03/16/20191003161400_00160.jpg,datasets_cloudmask/dataset_cropped/10_Metas/03/16/20191003161400_00160.png,472.3,683.7,137.5,26.3,960
10/3/2019 16:15,datasets/dataset_cropped/10_Metas/03/16/20191003161500_00160.jpg,datasets_flow/dataset_cropped/10_Metas/03/16/20191003161500_00160.jpg,datasets_cloudmask/dataset_cropped/10_Metas/03/16/20191003161500_00160.png,481.5,709.3,136,26.2,960
10/3/2019 16:16,datasets/dataset_cropped/10_Metas/03/16/20191003161600_00160.jpg,datasets_flow/dataset_cropped/10_Metas/03/16/20191003161600_00160.jpg,datasets_cloudmask/dataset_cropped/10_Metas/03/16/20191003161600_00160.png,476.8,706.9,134.7,26.3,960
10/3/2019 16:17,datasets/dataset_cropped/10_Metas/03/16/20191003161700_00160.jpg,datasets_flow/dataset_cropped/10_Metas/03/16/20191003161700_00160.jpg,datasets_cloudmask/dataset_cropped/10_Metas/03/16/20191003161700_00160.png,476.9,714.2,133.5,26.4,960
10/3/2019 16:18,datasets/dataset_cropped/10_Metas/03/16/20191003161800_00160.jpg,datasets_flow/dataset_cropped/10_Metas/03/16/20191003161800_00160.jpg,datasets_cloudmask/dataset_cropped/10_Metas/03/16/20191003161800_00160.png,480.4,728.3,132.5,26.6,960
10/3/2019 16:19,datasets/dataset_cropped/10_Metas/03/16/20191003161900_00160.jpg,datasets_flow/dataset_cropped/10_Metas/03/16/20191003161900_00160.jpg,datasets_cloudmask/dataset_cropped/10_Metas/03/16/20191003161900_00160.png,480,733.5,131.5,26.9,960
10/3/2019 16:20,datasets/dataset_cropped/10_Metas/03/16/20191003162000_00160.jpg,datasets_flow/dataset_cropped/10_Metas/03/16/20191003162000_00160.jpg,datasets_cloudmask/dataset_cropped/10_Metas/03/16/20191003162000_00160.png,482,744.3,130.4,26.9,960
10/3/2019 16:21,datasets/dataset_cropped/10_Metas/03/16/20191003162100_00160.jpg,datasets_flow/dataset_cropped/10_Metas/03/16/20191003162100_00160.jpg,datasets_cloudmask/dataset_cropped/10_Metas/03/16/20191003162100_00160.png,480.1,746.6,129.7,27,960
10/3/2019 16:22,datasets/dataset_cropped/10_Metas/03/16/20191003162200_00160.jpg,datasets_flow/dataset_cropped/10_Metas/03/16/20191003162200_00160.jpg,datasets_cloudmask/dataset_cropped/10_Metas/03/16/20191003162200_00160.png,484.6,762.3,128.8,26.9,960
10/3/2019 16:23,datasets/dataset_cropped/10_Metas/03/16/20191003162300_00160.jpg,datasets_flow/dataset_cropped/10_Metas/03/16/20191003162300_00160.jpg,datasets_cloudmask/dataset_cropped/10_Metas/03/16/20191003162300_00160.png,482.9,765,127.9,26.6,960
10/3/2019 16:24,datasets/dataset_cropped/10_Metas/03/16/20191003162400_00160.jpg,datasets_flow/dataset_cropped/10_Metas/03/16/20191003162400_00160.jpg,datasets_cloudmask/dataset_cropped/10_Metas/03/16/20191003162400_00160.png,479.9,763.2,127.8,26.6,960
10/3/2019 16:25,datasets/dataset_cropped/10_Metas/03/16/20191003162500_00160.jpg,datasets_flow/dataset_cropped/10_Metas/03/16/20191003162500_00160.jpg,datasets_cloudmask/dataset_cropped/10_Metas/03/16/20191003162500_00160.png,473.6,755.7,127.1,26.5,960
10/3/2019 16:26,datasets/dataset_cropped/10_Metas/03/16/20191003162600_00160.jpg,datasets_flow/dataset_cropped/10_Metas/03/16/20191003162600_00160.jpg,datasets_cloudmask/dataset_cropped/10_Metas/03/16/20191003162600_00160.png,462.1,736.2,126.2,26.4,960
10/3/2019 16:27,datasets/dataset_cropped/10_Metas/03/16/20191003162700_00160.jpg,datasets_flow/dataset_cropped/10_Metas/03/16/20191003162700_00160.jpg,datasets_cloudmask/dataset_cropped/10_Metas/03/16/20191003162700_00160.png,452.2,719.6,125.3,26.3,960
10/3/2019 16:28,datasets/dataset_cropped/10_Metas/03/16/20191003162800_00160.jpg,datasets_flow/dataset_cropped/10_Metas/03/16/20191003162800_00160.jpg,datasets_cloudmask/dataset_cropped/10_Metas/03/16/20191003162800_00160.png,442.8,704.3,124.4,26.4,960
10/3/2019 16:29,datasets/dataset_cropped/10_Metas/03/16/20191003162900_00160.jpg,datasets_flow/dataset_cropped/10_Metas/03/16/20191003162900_00160.jpg,datasets_cloudmask/dataset_cropped/10_Metas/03/16/20191003162900_00160.png,438.6,700,124,26.6,960
10/3/2019 16:30,datasets/dataset_cropped/10_Metas/03/16/20191003163000_00160.jpg,datasets_flow/dataset_cropped/10_Metas/03/16/20191003163000_00160.jpg,datasets_cloudmask/dataset_cropped/10_Metas/03/16/20191003163000_00160.png,425.1,674.9,123.5,26.6,960
10/3/2019 16:31,datasets/dataset_cropped/10_Metas/03/16/20191003163100_00160.jpg,datasets_flow/dataset_cropped/10_Metas/03/16/20191003163100_00160.jpg,datasets_cloudmask/dataset_cropped/10_Metas/03/16/20191003163100_00160.png,408.5,642.4,123.3,26.4,960
10/3/2019 16:32,datasets/dataset_cropped/10_Metas/03/16/20191003163200_00160.jpg,datasets_flow/dataset_cropped/10_Metas/03/16/20191003163200_00160.jpg,datasets_cloudmask/dataset_cropped/10_Metas/03/16/20191003163200_00160.png,408,645.6,123.2,26.5,960
10/3/2019 16:33,datasets/dataset_cropped/10_Metas/03/16/20191003163300_00160.jpg,datasets_flow/dataset_cropped/10_Metas/03/16/20191003163300_00160.jpg,datasets_cloudmask/dataset_cropped/10_Metas/03/16/20191003163300_00160.png,402.3,636.9,123.4,26.5,960
10/3/2019 16:34,datasets/dataset_cropped/10_Metas/03/16/20191003163400_00160.jpg,datasets_flow/dataset_cropped/10_Metas/03/16/20191003163400_00160.jpg,datasets_cloudmask/dataset_cropped/10_Metas/03/16/20191003163400_00160.png,403.7,644.4,123.3,26.3,960
10/3/2019 16:35,datasets/dataset_cropped/10_Metas/03/16/20191003163500_00160.jpg,datasets_flow/dataset_cropped/10_Metas/03/16/20191003163500_00160.jpg,datasets_cloudmask/dataset_cropped/10_Metas/03/16/20191003163500_00160.png,410.4,664,123.5,26.4,960
10/3/2019 16:36,datasets/dataset_cropped/10_Metas/03/16/20191003163600_00160.jpg,datasets_flow/dataset_cropped/10_Metas/03/16/20191003163600_00160.jpg,datasets_cloudmask/dataset_cropped/10_Metas/03/16/20191003163600_00160.png,406.8,659.7,123.7,26.4,960
10/3/2019 16:37,datasets/dataset_cropped/10_Metas/03/16/20191003163700_00160.jpg,datasets_flow/dataset_cropped/10_Metas/03/16/20191003163700_00160.jpg,datasets_cloudmask/dataset_cropped/10_Metas/03/16/20191003163700_00160.png,405.7,661.4,123.8,26.3,960
10/3/2019 16:38,datasets/dataset_cropped/10_Metas/03/16/20191003163800_00160.jpg,datasets_flow/dataset_cropped/10_Metas/03/16/20191003163800_00160.jpg,datasets_cloudmask/dataset_cropped/10_Metas/03/16/20191003163800_00160.png,403.9,661.3,124,26.3,960
10/3/2019 16:39,datasets/dataset_cropped/10_Metas/03/16/20191003163900_00160.jpg,datasets_flow/dataset_cropped/10_Metas/03/16/20191003163900_00160.jpg,datasets_cloudmask/dataset_cropped/10_Metas/03/16/20191003163900_00160.png,396.8,648.8,124,26.4,960
10/3/2019 16:40,datasets/dataset_cropped/10_Metas/03/16/20191003164000_00160.jpg,datasets_flow/dataset_cropped/10_Metas/03/16/20191003164000_00160.jpg,datasets_cloudmask/dataset_cropped/10_Metas/03/16/20191003164000_00160.png,401.5,663.7,124.2,26.3,960
10/3/2019 16:41,datasets/dataset_cropped/10_Metas/03/16/20191003164100_00160.jpg,datasets_flow/dataset_cropped/10_Metas/03/16/20191003164100_00160.jpg,datasets_cloudmask/dataset_cropped/10_Metas/03/16/20191003164100_00160.png,408.9,685.4,124.8,26.2,960
10/3/2019 16:42,datasets/dataset_cropped/10_Metas/03/16/20191003164200_00160.jpg,datasets_flow/dataset_cropped/10_Metas/03/16/20191003164200_00160.jpg,datasets_cloudmask/dataset_cropped/10_Metas/03/16/20191003164200_00160.png,412.7,699.3,125.1,26.4,960
10/3/2019 16:43,datasets/dataset_cropped/10_Metas/03/16/20191003164300_00160.jpg,datasets_flow/dataset_cropped/10_Metas/03/16/20191003164300_00160.jpg,datasets_cloudmask/dataset_cropped/10_Metas/03/16/20191003164300_00160.png,414.1,707.2,125.4,26.3,960
10/3/2019 16:44,datasets/dataset_cropped/10_Metas/03/16/20191003164400_00160.jpg,datasets_flow/dataset_cropped/10_Metas/03/16/20191003164400_00160.jpg,datasets_cloudmask/dataset_cropped/10_Metas/03/16/20191003164400_00160.png,405.7,691.2,125.4,26.2,960
10/3/2019 16:45,datasets/dataset_cropped/10_Metas/03/16/20191003164500_00160.jpg,datasets_flow/dataset_cropped/10_Metas/03/16/20191003164500_00160.jpg,datasets_cloudmask/dataset_cropped/10_Metas/03/16/20191003164500_00160.png,402.5,687.7,125.7,26.4,960
10/3/2019 16:46,datasets/dataset_cropped/10_Metas/03/16/20191003164600_00160.jpg,datasets_flow/dataset_cropped/10_Metas/03/16/20191003164600_00160.jpg,datasets_cloudmask/dataset_cropped/10_Metas/03/16/20191003164600_00160.png,401.4,689.6,125.9,26.2,960
10/3/2019 16:47,datasets/dataset_cropped/10_Metas/03/16/20191003164700_00160.jpg,datasets_flow/dataset_cropped/10_Metas/03/16/20191003164700_00160.jpg,datasets_cloudmask/dataset_cropped/10_Metas/03/16/20191003164700_00160.png,396.8,682.9,126.2,26.3,960
10/3/2019 16:48,datasets/dataset_cropped/10_Metas/03/16/20191003164800_00160.jpg,datasets_flow/dataset_cropped/10_Metas/03/16/20191003164800_00160.jpg,datasets_cloudmask/dataset_cropped/10_Metas/03/16/20191003164800_00160.png,392.8,677.8,126.3,26.5,960
10/3/2019 16:49,datasets/dataset_cropped/10_Metas/03/16/20191003164900_00160.jpg,datasets_flow/dataset_cropped/10_Metas/03/16/20191003164900_00160.jpg,datasets_cloudmask/dataset_cropped/10_Metas/03/16/20191003164900_00160.png,384.4,661.6,126.2,26.4,960
10/3/2019 16:50,datasets/dataset_cropped/10_Metas/03/16/20191003165000_00160.jpg,datasets_flow/dataset_cropped/10_Metas/03/16/20191003165000_00160.jpg,datasets_cloudmask/dataset_cropped/10_Metas/03/16/20191003165000_00160.png,381.2,657.5,126.6,26.4,960
10/3/2019 16:51,datasets/dataset_cropped/10_Metas/03/16/20191003165100_00160.jpg,datasets_flow/dataset_cropped/10_Metas/03/16/20191003165100_00160.jpg,datasets_cloudmask/dataset_cropped/10_Metas/03/16/20191003165100_00160.png,379.1,656.8,126.7,26.6,960
10/3/2019 16:52,datasets/dataset_cropped/10_Metas/03/16/20191003165200_00160.jpg,datasets_flow/dataset_cropped/10_Metas/03/16/20191003165200_00160.jpg,datasets_cloudmask/dataset_cropped/10_Metas/03/16/20191003165200_00160.png,378.3,659.1,126.9,26.6,960
10/3/2019 16:53,datasets/dataset_cropped/10_Metas/03/16/20191003165300_00160.jpg,datasets_flow/dataset_cropped/10_Metas/03/16/20191003165300_00160.jpg,datasets_cloudmask/dataset_cropped/10_Metas/03/16/20191003165300_00160.png,381.8,672.5,127.4,26.5,960
10/3/2019 16:54,datasets/dataset_cropped/10_Metas/03/16/20191003165400_00160.jpg,datasets_flow/dataset_cropped/10_Metas/03/16/20191003165400_00160.jpg,datasets_cloudmask/dataset_cropped/10_Metas/03/16/20191003165400_00160.png,383.5,682.1,127.7,26.3,960
10/3/2019 16:55,datasets/dataset_cropped/10_Metas/03/16/20191003165500_00160.jpg,datasets_flow/dataset_cropped/10_Metas/03/16/20191003165500_00160.jpg,datasets_cloudmask/dataset_cropped/10_Metas/03/16/20191003165500_00160.png,384.7,691.1,127.7,26.3,960
10/3/2019 16:56,datasets/dataset_cropped/10_Metas/03/16/20191003165600_00160.jpg,datasets_flow/dataset_cropped/10_Metas/03/16/20191003165600_00160.jpg,datasets_cloudmask/dataset_cropped/10_Metas/03/16/20191003165600_00160.png,372.8,665.7,127.2,26.6,960
10/3/2019 16:57,datasets/dataset_cropped/10_Metas/03/16/20191003165700_00160.jpg,datasets_flow/dataset_cropped/10_Metas/03/16/20191003165700_00160.jpg,datasets_cloudmask/dataset_cropped/10_Metas/03/16/20191003165700_00160.png,363.4,646.6,126.7,26.6,960
10/3/2019 16:58,datasets/dataset_cropped/10_Metas/03/16/20191003165800_00160.jpg,datasets_flow/dataset_cropped/10_Metas/03/16/20191003165800_00160.jpg,datasets_cloudmask/dataset_cropped/10_Metas/03/16/20191003165800_00160.png,359.8,643.4,126,26.7,960
10/3/2019 16:59,datasets/dataset_cropped/10_Metas/03/16/20191003165900_00160.jpg,datasets_flow/dataset_cropped/10_Metas/03/16/20191003165900_00160.jpg,datasets_cloudmask/dataset_cropped/10_Metas/03/16/20191003165900_00160.png,359.7,649.5,125.6,26.7,960
10/3/2019 17:00,datasets/dataset_cropped/10_Metas/03/17/20191003170000_00160.jpg,datasets_flow/dataset_cropped/10_Metas/03/17/20191003170000_00160.jpg,datasets_cloudmask/dataset_cropped/10_Metas/03/17/20191003170000_00160.png,360.8,659,125.3,26.5,960
10/3/2019 17:01,datasets/dataset_cropped/10_Metas/03/17/20191003170100_00160.jpg,datasets_flow/dataset_cropped/10_Metas/03/17/20191003170100_00160.jpg,datasets_cloudmask/dataset_cropped/10_Metas/03/17/20191003170100_00160.png,358.3,660,124.5,26.5,960
10/3/2019 17:02,datasets/dataset_cropped/10_Metas/03/17/20191003170200_00160.jpg,datasets_flow/dataset_cropped/10_Metas/03/17/20191003170200_00160.jpg,datasets_cloudmask/dataset_cropped/10_Metas/03/17/20191003170200_00160.png,353.9,656.2,123.4,26.5,960
10/3/2019 17:03,datasets/dataset_cropped/10_Metas/03/17/20191003170300_00160.jpg,datasets_flow/dataset_cropped/10_Metas/03/17/20191003170300_00160.jpg,datasets_cloudmask/dataset_cropped/10_Metas/03/17/20191003170300_00160.png,331.9,603,122,26.4,960
10/3/2019 17:04,datasets/dataset_cropped/10_Metas/03/17/20191003170400_00160.jpg,datasets_flow/dataset_cropped/10_Metas/03/17/20191003170400_00160.jpg,datasets_cloudmask/dataset_cropped/10_Metas/03/17/20191003170400_00160.png,331.5,611.2,120.5,26.4,960
10/3/2019 17:05,datasets/dataset_cropped/10_Metas/03/17/20191003170500_00160.jpg,datasets_flow/dataset_cropped/10_Metas/03/17/20191003170500_00160.jpg,datasets_cloudmask/dataset_cropped/10_Metas/03/17/20191003170500_00160.png,305.1,544.6,118.8,26.5,960
10/3/2019 17:06,datasets/dataset_cropped/10_Metas/03/17/20191003170600_00160.jpg,datasets_flow/dataset_cropped/10_Metas/03/17/20191003170600_00160.jpg,datasets_cloudmask/dataset_cropped/10_Metas/03/17/20191003170600_00160.png,268,447.9,115.9,26.3,960
10/3/2019 17:07,datasets/dataset_cropped/10_Metas/03/17/20191003170700_00160.jpg,datasets_flow/dataset_cropped/10_Metas/03/17/20191003170700_00160.jpg,datasets_cloudmask/dataset_cropped/10_Metas/03/17/20191003170700_00160.png,239.3,375,112.7,26.3,960
10/3/2019 17:08,datasets/dataset_cropped/10_Metas/03/17/20191003170800_00160.jpg,datasets_flow/dataset_cropped/10_Metas/03/17/20191003170800_00160.jpg,datasets_cloudmask/dataset_cropped/10_Metas/03/17/20191003170800_00160.png,216,316.5,110,26.2,960
10/3/2019 17:09,datasets/dataset_cropped/10_Metas/03/17/20191003170900_00160.jpg,datasets_flow/dataset_cropped/10_Metas/03/17/20191003170900_00160.jpg,datasets_cloudmask/dataset_cropped/10_Metas/03/17/20191003170900_00160.png,219.5,335.1,108.1,26.2,960
10/3/2019 17:10,datasets/dataset_cropped/10_Metas/03/17/20191003171000_00160.jpg,datasets_flow/dataset_cropped/10_Metas/03/17/20191003171000_00160.jpg,datasets_cloudmask/dataset_cropped/10_Metas/03/17/20191003171000_00160.png,201.8,289.4,106.2,26.1,960
10/3/2019 17:11,datasets/dataset_cropped/10_Metas/03/17/20191003171100_00160.jpg,datasets_flow/dataset_cropped/10_Metas/03/17/20191003171100_00160.jpg,datasets_cloudmask/dataset_cropped/10_Metas/03/17/20191003171100_00160.png,190.2,260.9,104.7,26,960
10/3/2019 17:12,datasets/dataset_cropped/10_Metas/03/17/20191003171200_00160.jpg,datasets_flow/dataset_cropped/10_Metas/03/17/20191003171200_00160.jpg,datasets_cloudmask/dataset_cropped/10_Metas/03/17/20191003171200_00160.png,184.9,250.5,103.6,25.8,960
10/3/2019 17:13,datasets/dataset_cropped/10_Metas/03/17/20191003171300_00160.jpg,datasets_flow/dataset_cropped/10_Metas/03/17/20191003171300_00160.jpg,datasets_cloudmask/dataset_cropped/10_Metas/03/17/20191003171300_00160.png,195.6,288.4,103,25.7,960
10/3/2019 17:14,datasets/dataset_cropped/10_Metas/03/17/20191003171400_00160.jpg,datasets_flow/dataset_cropped/10_Metas/03/17/20191003171400_00160.jpg,datasets_cloudmask/dataset_cropped/10_Metas/03/17/20191003171400_00160.png,206.7,327.6,102.7,25.9,960
10/3/2019 17:15,datasets/dataset_cropped/10_Metas/03/17/20191003171500_00160.jpg,datasets_flow/dataset_cropped/10_Metas/03/17/20191003171500_00160.jpg,datasets_cloudmask/dataset_cropped/10_Metas/03/17/20191003171500_00160.png,225.3,390.4,102.8,25.9,960
10/3/2019 17:16,datasets/dataset_cropped/10_Metas/03/17/20191003171600_00160.jpg,datasets_flow/dataset_cropped/10_Metas/03/17/20191003171600_00160.jpg,datasets_cloudmask/dataset_cropped/10_Metas/03/17/20191003171600_00160.png,248.4,467.7,103.5,25.9,960
10/3/2019 17:17,datasets/dataset_cropped/10_Metas/03/17/20191003171700_00160.jpg,datasets_flow/dataset_cropped/10_Metas/03/17/20191003171700_00160.jpg,datasets_cloudmask/dataset_cropped/10_Metas/03/17/20191003171700_00160.png,261.1,513.5,103.9,25.8,960
10/3/2019 17:18,datasets/dataset_cropped/10_Metas/03/17/20191003171800_00160.jpg,datasets_flow/dataset_cropped/10_Metas/03/17/20191003171800_00160.jpg,datasets_cloudmask/dataset_cropped/10_Metas/03/17/20191003171800_00160.png,267.5,540.8,103.7,25.9,960
10/3/2019 17:19,datasets/dataset_cropped/10_Metas/03/17/20191003171900_00160.jpg,datasets_flow/dataset_cropped/10_Metas/03/17/20191003171900_00160.jpg,datasets_cloudmask/dataset_cropped/10_Metas/03/17/20191003171900_00160.png,266.8,545.9,103.3,26,960
10/3/2019 17:20,datasets/dataset_cropped/10_Metas/03/17/20191003172000_00160.jpg,datasets_flow/dataset_cropped/10_Metas/03/17/20191003172000_00160.jpg,datasets_cloudmask/dataset_cropped/10_Metas/03/17/20191003172000_00160.png,256.8,520.9,102.5,25.9,960
10/3/2019 17:21,datasets/dataset_cropped/10_Metas/03/17/20191003172100_00160.jpg,datasets_flow/dataset_cropped/10_Metas/03/17/20191003172100_00160.jpg,datasets_cloudmask/dataset_cropped/10_Metas/03/17/20191003172100_00160.png,254.7,522.9,101.4,25.9,960
10/3/2019 17:22,datasets/dataset_cropped/10_Metas/03/17/20191003172200_00160.jpg,datasets_flow/dataset_cropped/10_Metas/03/17/20191003172200_00160.jpg,datasets_cloudmask/dataset_cropped/10_Metas/03/17/20191003172200_00160.png,246.9,505.7,100.3,25.8,960
10/3/2019 17:23,datasets/dataset_cropped/10_Metas/03/17/20191003172300_00160.jpg,datasets_flow/dataset_cropped/10_Metas/03/17/20191003172300_00160.jpg,datasets_cloudmask/dataset_cropped/10_Metas/03/17/20191003172300_00160.png,236.3,479.3,99,25.8,960
10/3/2019 17:24,datasets/dataset_cropped/10_Metas/03/17/20191003172400_00160.jpg,datasets_flow/dataset_cropped/10_Metas/03/17/20191003172400_00160.jpg,datasets_cloudmask/dataset_cropped/10_Metas/03/17/20191003172400_00160.png,222.5,441.4,97.2,25.7,960
10/3/2019 17:25,datasets/dataset_cropped/10_Metas/03/17/20191003172500_00160.jpg,datasets_flow/dataset_cropped/10_Metas/03/17/20191003172500_00160.jpg,datasets_cloudmask/dataset_cropped/10_Metas/03/17/20191003172500_00160.png,206.6,395.5,95.5,25.8,960
10/3/2019 17:26,datasets/dataset_cropped/10_Metas/03/17/20191003172600_00160.jpg,datasets_flow/dataset_cropped/10_Metas/03/17/20191003172600_00160.jpg,datasets_cloudmask/dataset_cropped/10_Metas/03/17/20191003172600_00160.png,192.4,353.7,94,25.7,960
10/3/2019 17:27,datasets/dataset_cropped/10_Metas/03/17/20191003172700_00160.jpg,datasets_flow/dataset_cropped/10_Metas/03/17/20191003172700_00160.jpg,datasets_cloudmask/dataset_cropped/10_Metas/03/17/20191003172700_00160.png,180.7,319.8,92.6,25.7,960
10/3/2019 17:28,datasets/dataset_cropped/10_Metas/03/17/20191003172800_00160.jpg,datasets_flow/dataset_cropped/10_Metas/03/17/20191003172800_00160.jpg,datasets_cloudmask/dataset_cropped/10_Metas/03/17/20191003172800_00160.png,178.4,319.6,91.4,25.8,960
10/3/2019 17:29,datasets/dataset_cropped/10_Metas/03/17/20191003172900_00160.jpg,datasets_flow/dataset_cropped/10_Metas/03/17/20191003172900_00160.jpg,datasets_cloudmask/dataset_cropped/10_Metas/03/17/20191003172900_00160.png,183.5,346,90.5,25.7,960
10/3/2019 17:30,datasets/dataset_cropped/10_Metas/03/17/20191003173000_00160.jpg,datasets_flow/dataset_cropped/10_Metas/03/17/20191003173000_00160.jpg,datasets_cloudmask/dataset_cropped/10_Metas/03/17/20191003173000_00160.png,182.9,351,89.7,25.6,960
10/3/2019 17:31,datasets/dataset_cropped/10_Metas/03/17/20191003173100_00160.jpg,datasets_flow/dataset_cropped/10_Metas/03/17/20191003173100_00160.jpg,datasets_cloudmask/dataset_cropped/10_Metas/03/17/20191003173100_00160.png,175.9,332.3,88.8,25.6,960
10/3/2019 17:32,datasets/dataset_cropped/10_Metas/03/17/20191003173200_00160.jpg,datasets_flow/dataset_cropped/10_Metas/03/17/20191003173200_00160.jpg,datasets_cloudmask/dataset_cropped/10_Metas/03/17/20191003173200_00160.png,183,367.3,87.9,25.6,960
10/3/2019 17:33,datasets/dataset_cropped/10_Metas/03/17/20191003173300_00160.jpg,datasets_flow/dataset_cropped/10_Metas/03/17/20191003173300_00160.jpg,datasets_cloudmask/dataset_cropped/10_Metas/03/17/20191003173300_00160.png,192,410.1,87.3,25.7,960
10/3/2019 17:34,datasets/dataset_cropped/10_Metas/03/17/20191003173400_00160.jpg,datasets_flow/dataset_cropped/10_Metas/03/17/20191003173400_00160.jpg,datasets_cloudmask/dataset_cropped/10_Metas/03/17/20191003173400_00160.png,183,384.4,86,25.6,960
10/3/2019 17:35,datasets/dataset_cropped/10_Metas/03/17/20191003173500_00160.jpg,datasets_flow/dataset_cropped/10_Metas/03/17/20191003173500_00160.jpg,datasets_cloudmask/dataset_cropped/10_Metas/03/17/20191003173500_00160.png,175.9,367.4,84.4,25.6,960
10/3/2019 17:36,datasets/dataset_cropped/10_Metas/03/17/20191003173600_00160.jpg,datasets_flow/dataset_cropped/10_Metas/03/17/20191003173600_00160.jpg,datasets_cloudmask/dataset_cropped/10_Metas/03/17/20191003173600_00160.png,151.7,281,82.3,25.6,960
10/3/2019 17:37,datasets/dataset_cropped/10_Metas/03/17/20191003173700_00160.jpg,datasets_flow/dataset_cropped/10_Metas/03/17/20191003173700_00160.jpg,datasets_cloudmask/dataset_cropped/10_Metas/03/17/20191003173700_00160.png,123,175.6,79.9,25.5,960
10/3/2019 17:38,datasets/dataset_cropped/10_Metas/03/17/20191003173800_00160.jpg,datasets_flow/dataset_cropped/10_Metas/03/17/20191003173800_00160.jpg,datasets_cloudmask/dataset_cropped/10_Metas/03/17/20191003173800_00160.png,137,240.6,78.9,25.4,960
10/3/2019 17:39,datasets/dataset_cropped/10_Metas/03/17/20191003173900_00160.jpg,datasets_flow/dataset_cropped/10_Metas/03/17/20191003173900_00160.jpg,datasets_cloudmask/dataset_cropped/10_Metas/03/17/20191003173900_00160.png,184,441.3,79.8,25.4,960
10/3/2019 17:40,datasets/dataset_cropped/10_Metas/03/17/20191003174000_00160.jpg,datasets_flow/dataset_cropped/10_Metas/03/17/20191003174000_00160.jpg,datasets_cloudmask/dataset_cropped/10_Metas/03/17/20191003174000_00160.png,195.4,496.9,79.9,25.3,960
10/3/2019 17:41,datasets/dataset_cropped/10_Metas/03/17/20191003174100_00160.jpg,datasets_flow/dataset_cropped/10_Metas/03/17/20191003174100_00160.jpg,datasets_cloudmask/dataset_cropped/10_Metas/03/17/20191003174100_00160.png,194.3,504.7,78.8,25.3,960
10/3/2019 17:42,datasets/dataset_cropped/10_Metas/03/17/20191003174200_00160.jpg,datasets_flow/dataset_cropped/10_Metas/03/17/20191003174200_00160.jpg,datasets_cloudmask/dataset_cropped/10_Metas/03/17/20191003174200_00160.png,193.3,512.2,77.6,25.4,960
10/3/2019 17:43,datasets/dataset_cropped/10_Metas/03/17/20191003174300_00160.jpg,datasets_flow/dataset_cropped/10_Metas/03/17/20191003174300_00160.jpg,datasets_cloudmask/dataset_cropped/10_Metas/03/17/20191003174300_00160.png,161.3,385.6,75.4,25.4,960
10/3/2019 17:44,datasets/dataset_cropped/10_Metas/03/17/20191003174400_00160.jpg,datasets_flow/dataset_cropped/10_Metas/03/17/20191003174400_00160.jpg,datasets_cloudmask/dataset_cropped/10_Metas/03/17/20191003174400_00160.png,137.4,294.9,72.5,25.4,960
10/3/2019 17:45,datasets/dataset_cropped/10_Metas/03/17/20191003174500_00160.jpg,datasets_flow/dataset_cropped/10_Metas/03/17/20191003174500_00160.jpg,datasets_cloudmask/dataset_cropped/10_Metas/03/17/20191003174500_00160.png,127.1,263,69.9,25.3,960
10/3/2019 17:46,datasets/dataset_cropped/10_Metas/03/17/20191003174600_00160.jpg,datasets_flow/dataset_cropped/10_Metas/03/17/20191003174600_00160.jpg,datasets_cloudmask/dataset_cropped/10_Metas/03/17/20191003174600_00160.png,117.4,230.3,67.8,25.1,960
10/3/2019 17:47,datasets/dataset_cropped/10_Metas/03/17/20191003174700_00160.jpg,datasets_flow/dataset_cropped/10_Metas/03/17/20191003174700_00160.jpg,datasets_cloudmask/dataset_cropped/10_Metas/03/17/20191003174700_00160.png,112.6,217.4,66.4,25.1,960
10/3/2019 17:48,datasets/dataset_cropped/10_Metas/03/17/20191003174800_00160.jpg,datasets_flow/dataset_cropped/10_Metas/03/17/20191003174800_00160.jpg,datasets_cloudmask/dataset_cropped/10_Metas/03/17/20191003174800_00160.png,120.5,263.3,65.6,25.1,960
10/3/2019 17:49,datasets/dataset_cropped/10_Metas/03/17/20191003174900_00160.jpg,datasets_flow/dataset_cropped/10_Metas/03/17/20191003174900_00160.jpg,datasets_cloudmask/dataset_cropped/10_Metas/03/17/20191003174900_00160.png,121.1,274.7,64.8,25,960
10/3/2019 17:50,datasets/dataset_cropped/10_Metas/03/17/20191003175000_00160.jpg,datasets_flow/dataset_cropped/10_Metas/03/17/20191003175000_00160.jpg,datasets_cloudmask/dataset_cropped/10_Metas/03/17/20191003175000_00160.png,101.4,189.9,63,24.8,960
10/3/2019 17:51,datasets/dataset_cropped/10_Metas/03/17/20191003175100_00160.jpg,datasets_flow/dataset_cropped/10_Metas/03/17/20191003175100_00160.jpg,datasets_cloudmask/dataset_cropped/10_Metas/03/17/20191003175100_00160.png,91.9,156.5,60.6,24.8,960
10/3/2019 17:52,datasets/dataset_cropped/10_Metas/03/17/20191003175200_00160.jpg,datasets_flow/dataset_cropped/10_Metas/03/17/20191003175200_00160.jpg,datasets_cloudmask/dataset_cropped/10_Metas/03/17/20191003175200_00160.png,86,139.2,58.5,24.8,960
10/3/2019 17:53,datasets/dataset_cropped/10_Metas/03/17/20191003175300_00160.jpg,datasets_flow/dataset_cropped/10_Metas/03/17/20191003175300_00160.jpg,datasets_cloudmask/dataset_cropped/10_Metas/03/17/20191003175300_00160.png,85.3,147.1,56.9,24.7,960
10/3/2019 17:54,datasets/dataset_cropped/10_Metas/03/17/20191003175400_00160.jpg,datasets_flow/dataset_cropped/10_Metas/03/17/20191003175400_00160.jpg,datasets_cloudmask/dataset_cropped/10_Metas/03/17/20191003175400_00160.png,83.8,149.7,55.3,24.7,960
10/3/2019 17:55,datasets/dataset_cropped/10_Metas/03/17/20191003175500_00160.jpg,datasets_flow/dataset_cropped/10_Metas/03/17/20191003175500_00160.jpg,datasets_cloudmask/dataset_cropped/10_Metas/03/17/20191003175500_00160.png,79.5,137.3,53.8,24.6,960
10/3/2019 17:56,datasets/dataset_cropped/10_Metas/03/17/20191003175600_00160.jpg,datasets_flow/dataset_cropped/10_Metas/03/17/20191003175600_00160.jpg,datasets_cloudmask/dataset_cropped/10_Metas/03/17/20191003175600_00160.png,77.7,137.2,52.4,24.5,960
10/3/2019 17:57,datasets/dataset_cropped/10_Metas/03/17/20191003175700_00160.jpg,datasets_flow/dataset_cropped/10_Metas/03/17/20191003175700_00160.jpg,datasets_cloudmask/dataset_cropped/10_Metas/03/17/20191003175700_00160.png,71.2,111.4,50.9,24.5,960
10/3/2019 17:58,datasets/dataset_cropped/10_Metas/03/17/20191003175800_00160.jpg,datasets_flow/dataset_cropped/10_Metas/03/17/20191003175800_00160.jpg,datasets_cloudmask/dataset_cropped/10_Metas/03/17/20191003175800_00160.png,62.9,75.9,49.1,24.5,960
10/3/2019 17:59,datasets/dataset_cropped/10_Metas/03/17/20191003175900_00160.jpg,datasets_flow/dataset_cropped/10_Metas/03/17/20191003175900_00160.jpg,datasets_cloudmask/dataset_cropped/10_Metas/03/17/20191003175900_00160.png,59.6,67.5,47.6,24.5,960
10/3/2019 18:00,datasets/dataset_cropped/10_Metas/03/18/20191003180000_00160.jpg,datasets_flow/dataset_cropped/10_Metas/03/18/20191003180000_00160.jpg,datasets_cloudmask/dataset_cropped/10_Metas/03/18/20191003180000_00160.png,57.8,65.9,46.3,24.4,960
10/3/2019 18:01,datasets/dataset_cropped/10_Metas/03/18/20191003180100_00160.jpg,datasets_flow/dataset_cropped/10_Metas/03/18/20191003180100_00160.jpg,datasets_cloudmask/dataset_cropped/10_Metas/03/18/20191003180100_00160.png,55,57.1,45.1,24.3,960
10/3/2019 18:02,datasets/dataset_cropped/10_Metas/03/18/20191003180200_00160.jpg,datasets_flow/dataset_cropped/10_Metas/03/18/20191003180200_00160.jpg,datasets_cloudmask/dataset_cropped/10_Metas/03/18/20191003180200_00160.png,52.3,47.9,44.1,24.2,960
10/3/2019 18:03,datasets/dataset_cropped/10_Metas/03/18/20191003180300_00160.jpg,datasets_flow/dataset_cropped/10_Metas/03/18/20191003180300_00160.jpg,datasets_cloudmask/dataset_cropped/10_Metas/03/18/20191003180300_00160.png,51,47.4,43.2,24.2,960
10/3/2019 18:04,datasets/dataset_cropped/10_Metas/03/18/20191003180400_00160.jpg,datasets_flow/dataset_cropped/10_Metas/03/18/20191003180400_00160.jpg,datasets_cloudmask/dataset_cropped/10_Metas/03/18/20191003180400_00160.png,52.5,64,42.4,24.2,960
10/3/2019 18:05,datasets/dataset_cropped/10_Metas/03/18/20191003180500_00160.jpg,datasets_flow/dataset_cropped/10_Metas/03/18/20191003180500_00160.jpg,datasets_cloudmask/dataset_cropped/10_Metas/03/18/20191003180500_00160.png,54.9,86.8,41.7,24.1,960
10/3/2019 18:06,datasets/dataset_cropped/10_Metas/03/18/20191003180600_00160.jpg,datasets_flow/dataset_cropped/10_Metas/03/18/20191003180600_00160.jpg,datasets_cloudmask/dataset_cropped/10_Metas/03/18/20191003180600_00160.png,58.5,116.6,41.2,24.1,960
10/3/2019 18:07,datasets/dataset_cropped/10_Metas/03/18/20191003180700_00160.jpg,datasets_flow/dataset_cropped/10_Metas/03/18/20191003180700_00160.jpg,datasets_cloudmask/dataset_cropped/10_Metas/03/18/20191003180700_00160.png,61.7,143.9,40.9,24.1,960
10/3/2019 18:08,datasets/dataset_cropped/10_Metas/03/18/20191003180800_00160.jpg,datasets_flow/dataset_cropped/10_Metas/03/18/20191003180800_00160.jpg,datasets_cloudmask/dataset_cropped/10_Metas/03/18/20191003180800_00160.png,64.6,168.9,40.7,24.1,960
10/3/2019 18:09,datasets/dataset_cropped/10_Metas/03/18/20191003180900_00160.jpg,datasets_flow/dataset_cropped/10_Metas/03/18/20191003180900_00160.jpg,datasets_cloudmask/dataset_cropped/10_Metas/03/18/20191003180900_00160.png,62.2,158.6,40.3,24.1,960
10/3/2019 18:10,datasets/dataset_cropped/10_Metas/03/18/20191003181000_00160.jpg,datasets_flow/dataset_cropped/10_Metas/03/18/20191003181000_00160.jpg,datasets_cloudmask/dataset_cropped/10_Metas/03/18/20191003181000_00160.png,59.2,144.9,39.5,24.1,960
10/3/2019 18:11,datasets/dataset_cropped/10_Metas/03/18/20191003181100_00160.jpg,datasets_flow/dataset_cropped/10_Metas/03/18/20191003181100_00160.jpg,datasets_cloudmask/dataset_cropped/10_Metas/03/18/20191003181100_00160.png,56.1,129.7,38.8,24.1,960
10/3/2019 18:12,datasets/dataset_cropped/10_Metas/03/18/20191003181200_00160.jpg,datasets_flow/dataset_cropped/10_Metas/03/18/20191003181200_00160.jpg,datasets_cloudmask/dataset_cropped/10_Metas/03/18/20191003181200_00160.png,55,130.7,38.1,24,960
10/3/2019 18:13,datasets/dataset_cropped/10_Metas/03/18/20191003181300_00160.jpg,datasets_flow/dataset_cropped/10_Metas/03/18/20191003181300_00160.jpg,datasets_cloudmask/dataset_cropped/10_Metas/03/18/20191003181300_00160.png,54.6,136,37.4,23.9,960
10/3/2019 18:14,datasets/dataset_cropped/10_Metas/03/18/20191003181400_00160.jpg,datasets_flow/dataset_cropped/10_Metas/03/18/20191003181400_00160.jpg,datasets_cloudmask/dataset_cropped/10_Metas/03/18/20191003181400_00160.png,52.8,131.4,36.6,23.9,960
10/3/2019 18:15,datasets/dataset_cropped/10_Metas/03/18/20191003181500_00160.jpg,datasets_flow/dataset_cropped/10_Metas/03/18/20191003181500_00160.jpg,datasets_cloudmask/dataset_cropped/10_Metas/03/18/20191003181500_00160.png,52.6,140.8,35.9,23.9,960
10/3/2019 18:16,datasets/dataset_cropped/10_Metas/03/18/20191003181600_00160.jpg,datasets_flow/dataset_cropped/10_Metas/03/18/20191003181600_00160.jpg,datasets_cloudmask/dataset_cropped/10_Metas/03/18/20191003181600_00160.png,51,137.6,35.1,23.9,960
10/3/2019 18:17,datasets/dataset_cropped/10_Metas/03/18/20191003181700_00160.jpg,datasets_flow/dataset_cropped/10_Metas/03/18/20191003181700_00160.jpg,datasets_cloudmask/dataset_cropped/10_Metas/03/18/20191003181700_00160.png,47,114.2,34.1,23.8,960
10/3/2019 18:18,datasets/dataset_cropped/10_Metas/03/18/20191003181800_00160.jpg,datasets_flow/dataset_cropped/10_Metas/03/18/20191003181800_00160.jpg,datasets_cloudmask/dataset_cropped/10_Metas/03/18/20191003181800_00160.png,42.8,88.2,33,23.8,960
10/3/2019 18:19,datasets/dataset_cropped/10_Metas/03/18/20191003181900_00160.jpg,datasets_flow/dataset_cropped/10_Metas/03/18/20191003181900_00160.jpg,datasets_cloudmask/dataset_cropped/10_Metas/03/18/20191003181900_00160.png,38.8,64.1,31.7,23.7,960
10/3/2019 18:20,datasets/dataset_cropped/10_Metas/03/18/20191003182000_00160.jpg,datasets_flow/dataset_cropped/10_Metas/03/18/20191003182000_00160.jpg,datasets_cloudmask/dataset_cropped/10_Metas/03/18/20191003182000_00160.png,35.4,45.9,30.4,23.7,961
10/3/2019 18:21,datasets/dataset_cropped/10_Metas/03/18/20191003182100_00160.jpg,datasets_flow/dataset_cropped/10_Metas/03/18/20191003182100_00160.jpg,datasets_cloudmask/dataset_cropped/10_Metas/03/18/20191003182100_00160.png,33.5,41.2,29.1,23.6,961
10/3/2019 18:22,datasets/dataset_cropped/10_Metas/03/18/20191003182200_00160.jpg,datasets_flow/dataset_cropped/10_Metas/03/18/20191003182200_00160.jpg,datasets_cloudmask/dataset_cropped/10_Metas/03/18/20191003182200_00160.png,32.6,45.6,28,23.6,961
10/3/2019 18:23,datasets/dataset_cropped/10_Metas/03/18/20191003182300_00160.jpg,datasets_flow/dataset_cropped/10_Metas/03/18/20191003182300_00160.jpg,datasets_cloudmask/dataset_cropped/10_Metas/03/18/20191003182300_00160.png,31.9,51.2,27.1,23.5,961
10/3/2019 18:24,datasets/dataset_cropped/10_Metas/03/18/20191003182400_00160.jpg,datasets_flow/dataset_cropped/10_Metas/03/18/20191003182400_00160.jpg,datasets_cloudmask/dataset_cropped/10_Metas/03/18/20191003182400_00160.png,32,66.5,26.1,23.4,961
10/3/2019 18:25,datasets/dataset_cropped/10_Metas/03/18/20191003182500_00160.jpg,datasets_flow/dataset_cropped/10_Metas/03/18/20191003182500_00160.jpg,datasets_cloudmask/dataset_cropped/10_Metas/03/18/20191003182500_00160.png,32.8,89.2,25.4,23.4,961
10/3/2019 18:26,datasets/dataset_cropped/10_Metas/03/18/20191003182600_00160.jpg,datasets_flow/dataset_cropped/10_Metas/03/18/20191003182600_00160.jpg,datasets_cloudmask/dataset_cropped/10_Metas/03/18/20191003182600_00160.png,32.7,100.8,24.6,23.4,961
10/3/2019 18:27,datasets/dataset_cropped/10_Metas/03/18/20191003182700_00160.jpg,datasets_flow/dataset_cropped/10_Metas/03/18/20191003182700_00160.jpg,datasets_cloudmask/dataset_cropped/10_Metas/03/18/20191003182700_00160.png,32.8,116.6,23.9,23.3,961
10/3/2019 18:28,datasets/dataset_cropped/10_Metas/03/18/20191003182800_00160.jpg,datasets_flow/dataset_cropped/10_Metas/03/18/20191003182800_00160.jpg,datasets_cloudmask/dataset_cropped/10_Metas/03/18/20191003182800_00160.png,32.5,126.4,23.2,23.3,961
10/3/2019 18:29,datasets/dataset_cropped/10_Metas/03/18/20191003182900_00160.jpg,datasets_flow/dataset_cropped/10_Metas/03/18/20191003182900_00160.jpg,datasets_cloudmask/dataset_cropped/10_Metas/03/18/20191003182900_00160.png,29.9,108.1,22.2,23.3,961
10/3/2019 18:30,datasets/dataset_cropped/10_Metas/03/18/20191003183000_00160.jpg,datasets_flow/dataset_cropped/10_Metas/03/18/20191003183000_00160.jpg,datasets_cloudmask/dataset_cropped/10_Metas/03/18/20191003183000_00160.png,27.8,101.5,21,23.3,961
10/3/2019 18:31,datasets/dataset_cropped/10_Metas/03/18/20191003183100_00160.jpg,datasets_flow/dataset_cropped/10_Metas/03/18/20191003183100_00160.jpg,datasets_cloudmask/dataset_cropped/10_Metas/03/18/20191003183100_00160.png,28.8,138.9,20.1,23.3,961
10/3/2019 18:32,datasets/dataset_cropped/10_Metas/03/18/20191003183200_00160.jpg,datasets_flow/dataset_cropped/10_Metas/03/18/20191003183200_00160.jpg,datasets_cloudmask/dataset_cropped/10_Metas/03/18/20191003183200_00160.png,29.4,165.8,19.6,23.3,961
10/3/2019 18:33,datasets/dataset_cropped/10_Metas/03/18/20191003183300_00160.jpg,datasets_flow/dataset_cropped/10_Metas/03/18/20191003183300_00160.jpg,datasets_cloudmask/dataset_cropped/10_Metas/03/18/20191003183300_00160.png,26.5,134.6,18.8,23.2,961
10/3/2019 18:34,datasets/dataset_cropped/10_Metas/03/18/20191003183400_00160.jpg,datasets_flow/dataset_cropped/10_Metas/03/18/20191003183400_00160.jpg,datasets_cloudmask/dataset_cropped/10_Metas/03/18/20191003183400_00160.png,23.2,105.8,17.5,23.2,961
10/3/2019 18:35,datasets/dataset_cropped/10_Metas/03/18/20191003183500_00160.jpg,datasets_flow/dataset_cropped/10_Metas/03/18/20191003183500_00160.jpg,datasets_cloudmask/dataset_cropped/10_Metas/03/18/20191003183500_00160.png,21.6,106.2,16.2,23.2,961
10/3/2019 18:36,datasets/dataset_cropped/10_Metas/03/18/20191003183600_00160.jpg,datasets_flow/dataset_cropped/10_Metas/03/18/20191003183600_00160.jpg,datasets_cloudmask/dataset_cropped/10_Metas/03/18/20191003183600_00160.png,19.1,82,15,23.1,961
10/3/2019 18:37,datasets/dataset_cropped/10_Metas/03/18/20191003183700_00160.jpg,datasets_flow/dataset_cropped/10_Metas/03/18/20191003183700_00160.jpg,datasets_cloudmask/dataset_cropped/10_Metas/03/18/20191003183700_00160.png,15.4,36.3,13.5,23.1,961
10/3/2019 18:38,datasets/dataset_cropped/10_Metas/03/18/20191003183800_00160.jpg,datasets_flow/dataset_cropped/10_Metas/03/18/20191003183800_00160.jpg,datasets_cloudmask/dataset_cropped/10_Metas/03/18/20191003183800_00160.png,13.1,22.6,11.9,23,961
10/3/2019 18:39,datasets/dataset_cropped/10_Metas/03/18/20191003183900_00160.jpg,datasets_flow/dataset_cropped/10_Metas/03/18/20191003183900_00160.jpg,datasets_cloudmask/dataset_cropped/10_Metas/03/18/20191003183900_00160.png,11.6,19.4,10.6,22.9,961
10/3/2019 18:40,datasets/dataset_cropped/10_Metas/03/18/20191003184000_00160.jpg,datasets_flow/dataset_cropped/10_Metas/03/18/20191003184000_00160.jpg,datasets_cloudmask/dataset_cropped/10_Metas/03/18/20191003184000_00160.png,10.3,8.9,9.7,22.9,961
10/3/2019 18:41,datasets/dataset_cropped/10_Metas/03/18/20191003184100_00160.jpg,datasets_flow/dataset_cropped/10_Metas/03/18/20191003184100_00160.jpg,datasets_cloudmask/dataset_cropped/10_Metas/03/18/20191003184100_00160.png,9.4,4.3,9,22.9,961
10/3/2019 18:42,datasets/dataset_cropped/10_Metas/03/18/20191003184200_00160.jpg,datasets_flow/dataset_cropped/10_Metas/03/18/20191003184200_00160.jpg,datasets_cloudmask/dataset_cropped/10_Metas/03/18/20191003184200_00160.png,8.7,2.6,8.3,22.8,961
10/3/2019 18:43,datasets/dataset_cropped/10_Metas/03/18/20191003184300_00160.jpg,datasets_flow/dataset_cropped/10_Metas/03/18/20191003184300_00160.jpg,datasets_cloudmask/dataset_cropped/10_Metas/03/18/20191003184300_00160.png,7.7,1.4,7.4,22.8,961
10/3/2019 18:44,datasets/dataset_cropped/10_Metas/03/18/20191003184400_00160.jpg,datasets_flow/dataset_cropped/10_Metas/03/18/20191003184400_00160.jpg,datasets_cloudmask/dataset_cropped/10_Metas/03/18/20191003184400_00160.png,6.6,0.6,6.4,22.8,961
10/3/2019 18:45,datasets/dataset_cropped/10_Metas/03/18/20191003184500_00160.jpg,datasets_flow/dataset_cropped/10_Metas/03/18/20191003184500_00160.jpg,datasets_cloudmask/dataset_cropped/10_Metas/03/18/20191003184500_00160.png,5.5,0.1,5.3,22.8,961
10/3/2019 18:46,datasets/dataset_cropped/10_Metas/03/18/20191003184600_00160.jpg,datasets_flow/dataset_cropped/10_Metas/03/18/20191003184600_00160.jpg,datasets_cloudmask/dataset_cropped/10_Metas/03/18/20191003184600_00160.png,4.5,0,4.3,22.7,961
10/3/2019 18:47,datasets/dataset_cropped/10_Metas/03/18/20191003184700_00160.jpg,datasets_flow/dataset_cropped/10_Metas/03/18/20191003184700_00160.jpg,datasets_cloudmask/dataset_cropped/10_Metas/03/18/20191003184700_00160.png,3.7,0,3.5,22.7,961
10/3/2019 18:48,datasets/dataset_cropped/10_Metas/03/18/20191003184800_00160.jpg,datasets_flow/dataset_cropped/10_Metas/03/18/20191003184800_00160.jpg,datasets_cloudmask/dataset_cropped/10_Metas/03/18/20191003184800_00160.png,3,0,2.8,22.6,961
10/4/2019 7:08,datasets/dataset_cropped/10_Metas/04/07/20191004070830_00160.jpg,datasets_flow/dataset_cropped/10_Metas/04/07/20191004070830_00160.jpg,datasets_cloudmask/dataset_cropped/10_Metas/04/07/20191004070830_00160.png,6.7,0.2,6.5,14.2,961
10/4/2019 7:09,datasets/dataset_cropped/10_Metas/04/07/20191004070900_00160.jpg,datasets_flow/dataset_cropped/10_Metas/04/07/20191004070900_00160.jpg,datasets_cloudmask/dataset_cropped/10_Metas/04/07/20191004070900_00160.png,6.7,0.2,6.5,14.2,961
10/4/2019 7:10,datasets/dataset_cropped/10_Metas/04/07/20191004071000_00160.jpg,datasets_flow/dataset_cropped/10_Metas/04/07/20191004071000_00160.jpg,datasets_cloudmask/dataset_cropped/10_Metas/04/07/20191004071000_00160.png,7.4,0.7,7.5,14.5,961
10/4/2019 7:11,datasets/dataset_cropped/10_Metas/04/07/20191004071100_00160.jpg,datasets_flow/dataset_cropped/10_Metas/04/07/20191004071100_00160.jpg,datasets_cloudmask/dataset_cropped/10_Metas/04/07/20191004071100_00160.png,8.5,9.4,8.6,14.8,961
10/4/2019 7:12,datasets/dataset_cropped/10_Metas/04/07/20191004071200_00160.jpg,datasets_flow/dataset_cropped/10_Metas/04/07/20191004071200_00160.jpg,datasets_cloudmask/dataset_cropped/10_Metas/04/07/20191004071200_00160.png,9.9,34.3,9.6,15,961
10/4/2019 7:13,datasets/dataset_cropped/10_Metas/04/07/20191004071300_00160.jpg,datasets_flow/dataset_cropped/10_Metas/04/07/20191004071300_00160.jpg,datasets_cloudmask/dataset_cropped/10_Metas/04/07/20191004071300_00160.png,11.6,49.4,10.7,15.1,961
10/4/2019 7:14,datasets/dataset_cropped/10_Metas/04/07/20191004071400_00160.jpg,datasets_flow/dataset_cropped/10_Metas/04/07/20191004071400_00160.jpg,datasets_cloudmask/dataset_cropped/10_Metas/04/07/20191004071400_00160.png,12.9,51.6,11.6,15.3,961
10/4/2019 7:15,datasets/dataset_cropped/10_Metas/04/07/20191004071500_00160.jpg,datasets_flow/dataset_cropped/10_Metas/04/07/20191004071500_00160.jpg,datasets_cloudmask/dataset_cropped/10_Metas/04/07/20191004071500_00160.png,14.3,70.5,12.6,15.4,962
10/4/2019 7:16,datasets/dataset_cropped/10_Metas/04/07/20191004071600_00160.jpg,datasets_flow/dataset_cropped/10_Metas/04/07/20191004071600_00160.jpg,datasets_cloudmask/dataset_cropped/10_Metas/04/07/20191004071600_00160.png,16.1,93.4,13.6,15.5,962
10/4/2019 7:17,datasets/dataset_cropped/10_Metas/04/07/20191004071700_00160.jpg,datasets_flow/dataset_cropped/10_Metas/04/07/20191004071700_00160.jpg,datasets_cloudmask/dataset_cropped/10_Metas/04/07/20191004071700_00160.png,17.9,109,14.8,15.6,962
10/4/2019 7:18,datasets/dataset_cropped/10_Metas/04/07/20191004071800_00160.jpg,datasets_flow/dataset_cropped/10_Metas/04/07/20191004071800_00160.jpg,datasets_cloudmask/dataset_cropped/10_Metas/04/07/20191004071800_00160.png,20.2,130.1,16.1,15.6,962
10/4/2019 7:19,datasets/dataset_cropped/10_Metas/04/07/20191004071900_00160.jpg,datasets_flow/dataset_cropped/10_Metas/04/07/20191004071900_00160.jpg,datasets_cloudmask/dataset_cropped/10_Metas/04/07/20191004071900_00160.png,22.5,148.1,17.4,15.6,962
10/4/2019 7:20,datasets/dataset_cropped/10_Metas/04/07/20191004072000_00160.jpg,datasets_flow/dataset_cropped/10_Metas/04/07/20191004072000_00160.jpg,datasets_cloudmask/dataset_cropped/10_Metas/04/07/20191004072000_00160.png,24.7,164.8,18.6,15.7,962
10/4/2019 7:21,datasets/dataset_cropped/10_Metas/04/07/20191004072100_00160.jpg,datasets_flow/dataset_cropped/10_Metas/04/07/20191004072100_00160.jpg,datasets_cloudmask/dataset_cropped/10_Metas/04/07/20191004072100_00160.png,26.9,179.6,19.6,15.8,962
10/4/2019 7:22,datasets/dataset_cropped/10_Metas/04/07/20191004072200_00160.jpg,datasets_flow/dataset_cropped/10_Metas/04/07/20191004072200_00160.jpg,datasets_cloudmask/dataset_cropped/10_Metas/04/07/20191004072200_00160.png,29.1,196.2,20.7,15.9,962
10/4/2019 7:23,datasets/dataset_cropped/10_Metas/04/07/20191004072300_00160.jpg,datasets_flow/dataset_cropped/10_Metas/04/07/20191004072300_00160.jpg,datasets_cloudmask/dataset_cropped/10_Metas/04/07/20191004072300_00160.png,31.5,210.9,21.8,16,962
10/4/2019 7:24,datasets/dataset_cropped/10_Metas/04/07/20191004072400_00160.jpg,datasets_flow/dataset_cropped/10_Metas/04/07/20191004072400_00160.jpg,datasets_cloudmask/dataset_cropped/10_Metas/04/07/20191004072400_00160.png,34.1,226,23,16.1,962
10/4/2019 7:25,datasets/dataset_cropped/10_Metas/04/07/20191004072500_00160.jpg,datasets_flow/dataset_cropped/10_Metas/04/07/20191004072500_00160.jpg,datasets_cloudmask/dataset_cropped/10_Metas/04/07/20191004072500_00160.png,36.9,242,24.4,16.1,962
10/4/2019 7:26,datasets/dataset_cropped/10_Metas/04/07/20191004072600_00160.jpg,datasets_flow/dataset_cropped/10_Metas/04/07/20191004072600_00160.jpg,datasets_cloudmask/dataset_cropped/10_Metas/04/07/20191004072600_00160.png,39.4,254.9,25.4,16,962
10/4/2019 7:27,datasets/dataset_cropped/10_Metas/04/07/20191004072700_00160.jpg,datasets_flow/dataset_cropped/10_Metas/04/07/20191004072700_00160.jpg,datasets_cloudmask/dataset_cropped/10_Metas/04/07/20191004072700_00160.png,42,265.6,26.6,15.9,962
10/4/2019 7:28,datasets/dataset_cropped/10_Metas/04/07/20191004072800_00160.jpg,datasets_flow/dataset_cropped/10_Metas/04/07/20191004072800_00160.jpg,datasets_cloudmask/dataset_cropped/10_Metas/04/07/20191004072800_00160.png,44.5,278.6,27.5,15.8,962
10/4/2019 7:29,datasets/dataset_cropped/10_Metas/04/07/20191004072900_00160.jpg,datasets_flow/dataset_cropped/10_Metas/04/07/20191004072900_00160.jpg,datasets_cloudmask/dataset_cropped/10_Metas/04/07/20191004072900_00160.png,47.3,291.4,28.5,15.9,962
10/4/2019 7:30,datasets/dataset_cropped/10_Metas/04/07/20191004073000_00160.jpg,datasets_flow/dataset_cropped/10_Metas/04/07/20191004073000_00160.jpg,datasets_cloudmask/dataset_cropped/10_Metas/04/07/20191004073000_00160.png,50.1,305,29.4,16.1,962
10/4/2019 7:31,datasets/dataset_cropped/10_Metas/04/07/20191004073100_00160.jpg,datasets_flow/dataset_cropped/10_Metas/04/07/20191004073100_00160.jpg,datasets_cloudmask/dataset_cropped/10_Metas/04/07/20191004073100_00160.png,53,319.1,30.2,16.3,962
10/4/2019 7:32,datasets/dataset_cropped/10_Metas/04/07/20191004073200_00160.jpg,datasets_flow/dataset_cropped/10_Metas/04/07/20191004073200_00160.jpg,datasets_cloudmask/dataset_cropped/10_Metas/04/07/20191004073200_00160.png,55.9,333.1,30.9,16.5,962
10/4/2019 7:33,datasets/dataset_cropped/10_Metas/04/07/20191004073300_00160.jpg,datasets_flow/dataset_cropped/10_Metas/04/07/20191004073300_00160.jpg,datasets_cloudmask/dataset_cropped/10_Metas/04/07/20191004073300_00160.png,56.8,326.4,31.4,16.7,962
10/4/2019 7:34,datasets/dataset_cropped/10_Metas/04/07/20191004073400_00160.jpg,datasets_flow/dataset_cropped/10_Metas/04/07/20191004073400_00160.jpg,datasets_cloudmask/dataset_cropped/10_Metas/04/07/20191004073400_00160.png,54.6,281.6,31.8,16.8,962
10/4/2019 7:35,datasets/dataset_cropped/10_Metas/04/07/20191004073500_00160.jpg,datasets_flow/dataset_cropped/10_Metas/04/07/20191004073500_00160.jpg,datasets_cloudmask/dataset_cropped/10_Metas/04/07/20191004073500_00160.png,53.7,243.9,33.1,16.8,962
10/4/2019 7:36,datasets/dataset_cropped/10_Metas/04/07/20191004073600_00160.jpg,datasets_flow/dataset_cropped/10_Metas/04/07/20191004073600_00160.jpg,datasets_cloudmask/dataset_cropped/10_Metas/04/07/20191004073600_00160.png,62.7,317.8,34.5,16.9,962
10/4/2019 7:37,datasets/dataset_cropped/10_Metas/04/07/20191004073700_00160.jpg,datasets_flow/dataset_cropped/10_Metas/04/07/20191004073700_00160.jpg,datasets_cloudmask/dataset_cropped/10_Metas/04/07/20191004073700_00160.png,70.5,381.1,35.6,17,962
10/4/2019 7:38,datasets/dataset_cropped/10_Metas/04/07/20191004073800_00160.jpg,datasets_flow/dataset_cropped/10_Metas/04/07/20191004073800_00160.jpg,datasets_cloudmask/dataset_cropped/10_Metas/04/07/20191004073800_00160.png,73.6,391.8,36.3,17.1,962
10/4/2019 7:39,datasets/dataset_cropped/10_Metas/04/07/20191004073900_00160.jpg,datasets_flow/dataset_cropped/10_Metas/04/07/20191004073900_00160.jpg,datasets_cloudmask/dataset_cropped/10_Metas/04/07/20191004073900_00160.png,76.5,400,37,17.2,962
10/4/2019 7:40,datasets/dataset_cropped/10_Metas/04/07/20191004074000_00160.jpg,datasets_flow/dataset_cropped/10_Metas/04/07/20191004074000_00160.jpg,datasets_cloudmask/dataset_cropped/10_Metas/04/07/20191004074000_00160.png,79.5,408.9,37.7,17.2,962
10/4/2019 7:41,datasets/dataset_cropped/10_Metas/04/07/20191004074100_00160.jpg,datasets_flow/dataset_cropped/10_Metas/04/07/20191004074100_00160.jpg,datasets_cloudmask/dataset_cropped/10_Metas/04/07/20191004074100_00160.png,82.3,416.2,38.4,17.3,962
10/4/2019 7:42,datasets/dataset_cropped/10_Metas/04/07/20191004074200_00160.jpg,datasets_flow/dataset_cropped/10_Metas/04/07/20191004074200_00160.jpg,datasets_cloudmask/dataset_cropped/10_Metas/04/07/20191004074200_00160.png,85.2,424.2,39.1,17.4,962
10/4/2019 7:43,datasets/dataset_cropped/10_Metas/04/07/20191004074300_00160.jpg,datasets_flow/dataset_cropped/10_Metas/04/07/20191004074300_00160.jpg,datasets_cloudmask/dataset_cropped/10_Metas/04/07/20191004074300_00160.png,86.4,417,39.8,17.4,962
10/4/2019 7:44,datasets/dataset_cropped/10_Metas/04/07/20191004074400_00160.jpg,datasets_flow/dataset_cropped/10_Metas/04/07/20191004074400_00160.jpg,datasets_cloudmask/dataset_cropped/10_Metas/04/07/20191004074400_00160.png,88.8,420.2,40.4,17.6,962
10/4/2019 7:45,datasets/dataset_cropped/10_Metas/04/07/20191004074500_00160.jpg,datasets_flow/dataset_cropped/10_Metas/04/07/20191004074500_00160.jpg,datasets_cloudmask/dataset_cropped/10_Metas/04/07/20191004074500_00160.png,92.3,433.8,40.9,17.7,962
10/4/2019 7:46,datasets/dataset_cropped/10_Metas/04/07/20191004074600_00160.jpg,datasets_flow/dataset_cropped/10_Metas/04/07/20191004074600_00160.jpg,datasets_cloudmask/dataset_cropped/10_Metas/04/07/20191004074600_00160.png,96.6,453.8,41.3,17.7,962
10/4/2019 7:47,datasets/dataset_cropped/10_Metas/04/07/20191004074700_00160.jpg,datasets_flow/dataset_cropped/10_Metas/04/07/20191004074700_00160.jpg,datasets_cloudmask/dataset_cropped/10_Metas/04/07/20191004074700_00160.png,99.5,462.8,41.6,17.8,962
10/4/2019 7:48,datasets/dataset_cropped/10_Metas/04/07/20191004074800_00160.jpg,datasets_flow/dataset_cropped/10_Metas/04/07/20191004074800_00160.jpg,datasets_cloudmask/dataset_cropped/10_Metas/04/07/20191004074800_00160.png,102.6,471.8,42,17.9,962
10/4/2019 7:49,datasets/dataset_cropped/10_Metas/04/07/20191004074900_00160.jpg,datasets_flow/dataset_cropped/10_Metas/04/07/20191004074900_00160.jpg,datasets_cloudmask/dataset_cropped/10_Metas/04/07/20191004074900_00160.png,105.6,480.3,42.3,18,962
10/4/2019 7:50,datasets/dataset_cropped/10_Metas/04/07/20191004075000_00160.jpg,datasets_flow/dataset_cropped/10_Metas/04/07/20191004075000_00160.jpg,datasets_cloudmask/dataset_cropped/10_Metas/04/07/20191004075000_00160.png,108.6,488.2,42.7,18.1,962
10/4/2019 7:51,datasets/dataset_cropped/10_Metas/04/07/20191004075100_00160.jpg,datasets_flow/dataset_cropped/10_Metas/04/07/20191004075100_00160.jpg,datasets_cloudmask/dataset_cropped/10_Metas/04/07/20191004075100_00160.png,110.6,489.6,42.9,18.2,962
10/4/2019 7:52,datasets/dataset_cropped/10_Metas/04/07/20191004075200_00160.jpg,datasets_flow/dataset_cropped/10_Metas/04/07/20191004075200_00160.jpg,datasets_cloudmask/dataset_cropped/10_Metas/04/07/20191004075200_00160.png,112.5,489.8,43.1,18.3,962
10/4/2019 7:53,datasets/dataset_cropped/10_Metas/04/07/20191004075300_00160.jpg,datasets_flow/dataset_cropped/10_Metas/04/07/20191004075300_00160.jpg,datasets_cloudmask/dataset_cropped/10_Metas/04/07/20191004075300_00160.png,117.4,510.4,43.4,18.4,962
10/4/2019 7:54,datasets/dataset_cropped/10_Metas/04/07/20191004075400_00160.jpg,datasets_flow/dataset_cropped/10_Metas/04/07/20191004075400_00160.jpg,datasets_cloudmask/dataset_cropped/10_Metas/04/07/20191004075400_00160.png,120.9,521.2,43.5,18.6,962
10/4/2019 7:55,datasets/dataset_cropped/10_Metas/04/07/20191004075500_00160.jpg,datasets_flow/dataset_cropped/10_Metas/04/07/20191004075500_00160.jpg,datasets_cloudmask/dataset_cropped/10_Metas/04/07/20191004075500_00160.png,121.7,514.7,43.6,18.7,962
10/4/2019 7:56,datasets/dataset_cropped/10_Metas/04/07/20191004075600_00160.jpg,datasets_flow/dataset_cropped/10_Metas/04/07/20191004075600_00160.jpg,datasets_cloudmask/dataset_cropped/10_Metas/04/07/20191004075600_00160.png,118.2,481.6,43.5,18.9,962
10/4/2019 7:57,datasets/dataset_cropped/10_Metas/04/07/20191004075700_00160.jpg,datasets_flow/dataset_cropped/10_Metas/04/07/20191004075700_00160.jpg,datasets_cloudmask/dataset_cropped/10_Metas/04/07/20191004075700_00160.png,119.5,478.7,43.7,19.1,962
10/4/2019 7:58,datasets/dataset_cropped/10_Metas/04/07/20191004075800_00160.jpg,datasets_flow/dataset_cropped/10_Metas/04/07/20191004075800_00160.jpg,datasets_cloudmask/dataset_cropped/10_Metas/04/07/20191004075800_00160.png,117.5,456,43.7,19.2,962
10/4/2019 7:59,datasets/dataset_cropped/10_Metas/04/07/20191004075900_00160.jpg,datasets_flow/dataset_cropped/10_Metas/04/07/20191004075900_00160.jpg,datasets_cloudmask/dataset_cropped/10_Metas/04/07/20191004075900_00160.png,122.4,475,44,19.2,962
10/4/2019 8:00,datasets/dataset_cropped/10_Metas/04/08/20191004080000_00160.jpg,datasets_flow/dataset_cropped/10_Metas/04/08/20191004080000_00160.jpg,datasets_cloudmask/dataset_cropped/10_Metas/04/08/20191004080000_00160.png,127.6,498.3,43.7,19.4,962
10/4/2019 8:01,datasets/dataset_cropped/10_Metas/04/08/20191004080100_00160.jpg,datasets_flow/dataset_cropped/10_Metas/04/08/20191004080100_00160.jpg,datasets_cloudmask/dataset_cropped/10_Metas/04/08/20191004080100_00160.png,115,416.5,43.5,19.4,962
10/4/2019 8:02,datasets/dataset_cropped/10_Metas/04/08/20191004080200_00160.jpg,datasets_flow/dataset_cropped/10_Metas/04/08/20191004080200_00160.jpg,datasets_cloudmask/dataset_cropped/10_Metas/04/08/20191004080200_00160.png,120.9,441.5,43.6,19.4,962
10/4/2019 8:03,datasets/dataset_cropped/10_Metas/04/08/20191004080300_00160.jpg,datasets_flow/dataset_cropped/10_Metas/04/08/20191004080300_00160.jpg,datasets_cloudmask/dataset_cropped/10_Metas/04/08/20191004080300_00160.png,125.5,457.4,43.8,19.4,962
10/4/2019 8:04,datasets/dataset_cropped/10_Metas/04/08/20191004080400_00160.jpg,datasets_flow/dataset_cropped/10_Metas/04/08/20191004080400_00160.jpg,datasets_cloudmask/dataset_cropped/10_Metas/04/08/20191004080400_00160.png,131.5,479.9,44,19.3,962
10/4/2019 8:05,datasets/dataset_cropped/10_Metas/04/08/20191004080500_00160.jpg,datasets_flow/dataset_cropped/10_Metas/04/08/20191004080500_00160.jpg,datasets_cloudmask/dataset_cropped/10_Metas/04/08/20191004080500_00160.png,137.2,500,44.4,19.2,962
10/4/2019 8:06,datasets/dataset_cropped/10_Metas/04/08/20191004080600_00160.jpg,datasets_flow/dataset_cropped/10_Metas/04/08/20191004080600_00160.jpg,datasets_cloudmask/dataset_cropped/10_Metas/04/08/20191004080600_00160.png,140.9,509.4,44.5,19.1,962
10/4/2019 8:07,datasets/dataset_cropped/10_Metas/04/08/20191004080700_00160.jpg,datasets_flow/dataset_cropped/10_Metas/04/08/20191004080700_00160.jpg,datasets_cloudmask/dataset_cropped/10_Metas/04/08/20191004080700_00160.png,144.7,518.6,44.9,19.1,962
10/4/2019 8:08,datasets/dataset_cropped/10_Metas/04/08/20191004080800_00160.jpg,datasets_flow/dataset_cropped/10_Metas/04/08/20191004080800_00160.jpg,datasets_cloudmask/dataset_cropped/10_Metas/04/08/20191004080800_00160.png,151.6,543.2,45.2,19.1,962
10/4/2019 8:09,datasets/dataset_cropped/10_Metas/04/08/20191004080900_00160.jpg,datasets_flow/dataset_cropped/10_Metas/04/08/20191004080900_00160.jpg,datasets_cloudmask/dataset_cropped/10_Metas/04/08/20191004080900_00160.png,154.8,549.5,45.5,19.1,962
10/4/2019 8:10,datasets/dataset_cropped/10_Metas/04/08/20191004081000_00160.jpg,datasets_flow/dataset_cropped/10_Metas/04/08/20191004081000_00160.jpg,datasets_cloudmask/dataset_cropped/10_Metas/04/08/20191004081000_00160.png,156.4,547.6,45.7,19.1,962
10/4/2019 8:11,datasets/dataset_cropped/10_Metas/04/08/20191004081100_00160.jpg,datasets_flow/dataset_cropped/10_Metas/04/08/20191004081100_00160.jpg,datasets_cloudmask/dataset_cropped/10_Metas/04/08/20191004081100_00160.png,161.1,560.5,45.9,19.2,962
10/4/2019 8:12,datasets/dataset_cropped/10_Metas/04/08/20191004081200_00160.jpg,datasets_flow/dataset_cropped/10_Metas/04/08/20191004081200_00160.jpg,datasets_cloudmask/dataset_cropped/10_Metas/04/08/20191004081200_00160.png,161.9,554.6,46.1,19.2,962
10/4/2019 8:13,datasets/dataset_cropped/10_Metas/04/08/20191004081300_00160.jpg,datasets_flow/dataset_cropped/10_Metas/04/08/20191004081300_00160.jpg,datasets_cloudmask/dataset_cropped/10_Metas/04/08/20191004081300_00160.png,168.2,574.5,46.5,19.3,962
10/4/2019 8:14,datasets/dataset_cropped/10_Metas/04/08/20191004081400_00160.jpg,datasets_flow/dataset_cropped/10_Metas/04/08/20191004081400_00160.jpg,datasets_cloudmask/dataset_cropped/10_Metas/04/08/20191004081400_00160.png,172.6,584.8,46.8,19.3,962
10/4/2019 8:15,datasets/dataset_cropped/10_Metas/04/08/20191004081500_00160.jpg,datasets_flow/dataset_cropped/10_Metas/04/08/20191004081500_00160.jpg,datasets_cloudmask/dataset_cropped/10_Metas/04/08/20191004081500_00160.png,173.9,581.2,47.2,19.4,962
10/4/2019 8:16,datasets/dataset_cropped/10_Metas/04/08/20191004081600_00160.jpg,datasets_flow/dataset_cropped/10_Metas/04/08/20191004081600_00160.jpg,datasets_cloudmask/dataset_cropped/10_Metas/04/08/20191004081600_00160.png,184.1,616.9,47.7,19.5,962
10/4/2019 8:17,datasets/dataset_cropped/10_Metas/04/08/20191004081700_00160.jpg,datasets_flow/dataset_cropped/10_Metas/04/08/20191004081700_00160.jpg,datasets_cloudmask/dataset_cropped/10_Metas/04/08/20191004081700_00160.png,188.7,627.4,48.2,19.8,962
10/4/2019 8:18,datasets/dataset_cropped/10_Metas/04/08/20191004081800_00160.jpg,datasets_flow/dataset_cropped/10_Metas/04/08/20191004081800_00160.jpg,datasets_cloudmask/dataset_cropped/10_Metas/04/08/20191004081800_00160.png,192,631.8,48.5,20.1,962
10/4/2019 8:19,datasets/dataset_cropped/10_Metas/04/08/20191004081900_00160.jpg,datasets_flow/dataset_cropped/10_Metas/04/08/20191004081900_00160.jpg,datasets_cloudmask/dataset_cropped/10_Metas/04/08/20191004081900_00160.png,195.1,635.4,48.5,20.2,962
10/4/2019 8:20,datasets/dataset_cropped/10_Metas/04/08/20191004082000_00160.jpg,datasets_flow/dataset_cropped/10_Metas/04/08/20191004082000_00160.jpg,datasets_cloudmask/dataset_cropped/10_Metas/04/08/20191004082000_00160.png,196.6,633.6,48.5,20.2,962
10/4/2019 8:21,datasets/dataset_cropped/10_Metas/04/08/20191004082100_00160.jpg,datasets_flow/dataset_cropped/10_Metas/04/08/20191004082100_00160.jpg,datasets_cloudmask/dataset_cropped/10_Metas/04/08/20191004082100_00160.png,200.6,641.1,48.6,20.2,962
10/4/2019 8:22,datasets/dataset_cropped/10_Metas/04/08/20191004082200_00160.jpg,datasets_flow/dataset_cropped/10_Metas/04/08/20191004082200_00160.jpg,datasets_cloudmask/dataset_cropped/10_Metas/04/08/20191004082200_00160.png,201.4,636.3,48.5,20.3,962
10/4/2019 8:23,datasets/dataset_cropped/10_Metas/04/08/20191004082300_00160.jpg,datasets_flow/dataset_cropped/10_Metas/04/08/20191004082300_00160.jpg,datasets_cloudmask/dataset_cropped/10_Metas/04/08/20191004082300_00160.png,197.5,611.7,48.5,20.2,962
10/4/2019 8:24,datasets/dataset_cropped/10_Metas/04/08/20191004082400_00160.jpg,datasets_flow/dataset_cropped/10_Metas/04/08/20191004082400_00160.jpg,datasets_cloudmask/dataset_cropped/10_Metas/04/08/20191004082400_00160.png,202.2,621.6,48.8,20.2,962
10/4/2019 8:25,datasets/dataset_cropped/10_Metas/04/08/20191004082500_00160.jpg,datasets_flow/dataset_cropped/10_Metas/04/08/20191004082500_00160.jpg,datasets_cloudmask/dataset_cropped/10_Metas/04/08/20191004082500_00160.png,201.3,609.4,49,20.3,962
10/4/2019 8:26,datasets/dataset_cropped/10_Metas/04/08/20191004082600_00160.jpg,datasets_flow/dataset_cropped/10_Metas/04/08/20191004082600_00160.jpg,datasets_cloudmask/dataset_cropped/10_Metas/04/08/20191004082600_00160.png,217.2,662.5,49.4,20.4,962
10/4/2019 8:27,datasets/dataset_cropped/10_Metas/04/08/20191004082700_00160.jpg,datasets_flow/dataset_cropped/10_Metas/04/08/20191004082700_00160.jpg,datasets_cloudmask/dataset_cropped/10_Metas/04/08/20191004082700_00160.png,221.7,671,49.5,20.6,962
10/4/2019 8:28,datasets/dataset_cropped/10_Metas/04/08/20191004082800_00160.jpg,datasets_flow/dataset_cropped/10_Metas/04/08/20191004082800_00160.jpg,datasets_cloudmask/dataset_cropped/10_Metas/04/08/20191004082800_00160.png,222.6,665.2,49.7,20.8,962
10/4/2019 8:29,datasets/dataset_cropped/10_Metas/04/08/20191004082900_00160.jpg,datasets_flow/dataset_cropped/10_Metas/04/08/20191004082900_00160.jpg,datasets_cloudmask/dataset_cropped/10_Metas/04/08/20191004082900_00160.png,221.5,652.2,50,21.1,962
10/4/2019 8:30,datasets/dataset_cropped/10_Metas/04/08/20191004083000_00160.jpg,datasets_flow/dataset_cropped/10_Metas/04/08/20191004083000_00160.jpg,datasets_cloudmask/dataset_cropped/10_Metas/04/08/20191004083000_00160.png,227.9,667.3,50.5,21.3,962
10/4/2019 8:31,datasets/dataset_cropped/10_Metas/04/08/20191004083100_00160.jpg,datasets_flow/dataset_cropped/10_Metas/04/08/20191004083100_00160.jpg,datasets_cloudmask/dataset_cropped/10_Metas/04/08/20191004083100_00160.png,230.6,666.6,51.3,21.2,962
10/4/2019 8:32,datasets/dataset_cropped/10_Metas/04/08/20191004083200_00160.jpg,datasets_flow/dataset_cropped/10_Metas/04/08/20191004083200_00160.jpg,datasets_cloudmask/dataset_cropped/10_Metas/04/08/20191004083200_00160.png,231.6,661.8,51.4,21.2,962
10/4/2019 8:33,datasets/dataset_cropped/10_Metas/04/08/20191004083300_00160.jpg,datasets_flow/dataset_cropped/10_Metas/04/08/20191004083300_00160.jpg,datasets_cloudmask/dataset_cropped/10_Metas/04/08/20191004083300_00160.png,237.5,675.3,51.4,21,962
10/4/2019 8:34,datasets/dataset_cropped/10_Metas/04/08/20191004083400_00160.jpg,datasets_flow/dataset_cropped/10_Metas/04/08/20191004083400_00160.jpg,datasets_cloudmask/dataset_cropped/10_Metas/04/08/20191004083400_00160.png,229.6,640,51.3,20.9,962
10/4/2019 8:35,datasets/dataset_cropped/10_Metas/04/08/20191004083500_00160.jpg,datasets_flow/dataset_cropped/10_Metas/04/08/20191004083500_00160.jpg,datasets_cloudmask/dataset_cropped/10_Metas/04/08/20191004083500_00160.png,234.2,648.7,51.5,20.7,962
10/4/2019 8:36,datasets/dataset_cropped/10_Metas/04/08/20191004083600_00160.jpg,datasets_flow/dataset_cropped/10_Metas/04/08/20191004083600_00160.jpg,datasets_cloudmask/dataset_cropped/10_Metas/04/08/20191004083600_00160.png,245.6,679.2,52,20.7,962
10/4/2019 8:37,datasets/dataset_cropped/10_Metas/04/08/20191004083700_00160.jpg,datasets_flow/dataset_cropped/10_Metas/04/08/20191004083700_00160.jpg,datasets_cloudmask/dataset_cropped/10_Metas/04/08/20191004083700_00160.png,247,676.4,52,20.7,962
10/4/2019 8:38,datasets/dataset_cropped/10_Metas/04/08/20191004083800_00160.jpg,datasets_flow/dataset_cropped/10_Metas/04/08/20191004083800_00160.jpg,datasets_cloudmask/dataset_cropped/10_Metas/04/08/20191004083800_00160.png,255.4,697.3,52.1,20.6,962
10/4/2019 8:39,datasets/dataset_cropped/10_Metas/04/08/20191004083900_00160.jpg,datasets_flow/dataset_cropped/10_Metas/04/08/20191004083900_00160.jpg,datasets_cloudmask/dataset_cropped/10_Metas/04/08/20191004083900_00160.png,263.3,716.1,52.1,20.5,962
10/4/2019 8:40,datasets/dataset_cropped/10_Metas/04/08/20191004084000_00160.jpg,datasets_flow/dataset_cropped/10_Metas/04/08/20191004084000_00160.jpg,datasets_cloudmask/dataset_cropped/10_Metas/04/08/20191004084000_00160.png,270.3,730.9,52.4,20.5,962
10/4/2019 8:41,datasets/dataset_cropped/10_Metas/04/08/20191004084100_00160.jpg,datasets_flow/dataset_cropped/10_Metas/04/08/20191004084100_00160.jpg,datasets_cloudmask/dataset_cropped/10_Metas/04/08/20191004084100_00160.png,272.8,731.1,52.7,20.6,962
10/4/2019 8:42,datasets/dataset_cropped/10_Metas/04/08/20191004084200_00160.jpg,datasets_flow/dataset_cropped/10_Metas/04/08/20191004084200_00160.jpg,datasets_cloudmask/dataset_cropped/10_Metas/04/08/20191004084200_00160.png,276.1,733.6,53,20.7,962
10/4/2019 8:43,datasets/dataset_cropped/10_Metas/04/08/20191004084300_00160.jpg,datasets_flow/dataset_cropped/10_Metas/04/08/20191004084300_00160.jpg,datasets_cloudmask/dataset_cropped/10_Metas/04/08/20191004084300_00160.png,279.4,736.4,53.2,20.9,962
10/4/2019 8:44,datasets/dataset_cropped/10_Metas/04/08/20191004084400_00160.jpg,datasets_flow/dataset_cropped/10_Metas/04/08/20191004084400_00160.jpg,datasets_cloudmask/dataset_cropped/10_Metas/04/08/20191004084400_00160.png,282.6,739.1,53.3,21.1,962
10/4/2019 8:45,datasets/dataset_cropped/10_Metas/04/08/20191004084500_00160.jpg,datasets_flow/dataset_cropped/10_Metas/04/08/20191004084500_00160.jpg,datasets_cloudmask/dataset_cropped/10_Metas/04/08/20191004084500_00160.png,285.9,742.1,53.4,21.1,962
10/4/2019 8:46,datasets/dataset_cropped/10_Metas/04/08/20191004084600_00160.jpg,datasets_flow/dataset_cropped/10_Metas/04/08/20191004084600_00160.jpg,datasets_cloudmask/dataset_cropped/10_Metas/04/08/20191004084600_00160.png,289.2,744.7,53.4,21.1,962
10/4/2019 8:47,datasets/dataset_cropped/10_Metas/04/08/20191004084700_00160.jpg,datasets_flow/dataset_cropped/10_Metas/04/08/20191004084700_00160.jpg,datasets_cloudmask/dataset_cropped/10_Metas/04/08/20191004084700_00160.png,292.6,748.4,53.6,21.2,962
10/4/2019 8:48,datasets/dataset_cropped/10_Metas/04/08/20191004084800_00160.jpg,datasets_flow/dataset_cropped/10_Metas/04/08/20191004084800_00160.jpg,datasets_cloudmask/dataset_cropped/10_Metas/04/08/20191004084800_00160.png,296.1,751.9,53.7,21.4,962
10/4/2019 8:49,datasets/dataset_cropped/10_Metas/04/08/20191004084900_00160.jpg,datasets_flow/dataset_cropped/10_Metas/04/08/20191004084900_00160.jpg,datasets_cloudmask/dataset_cropped/10_Metas/04/08/20191004084900_00160.png,299.6,755.1,53.9,21.4,962
10/4/2019 8:50,datasets/dataset_cropped/10_Metas/04/08/20191004085000_00160.jpg,datasets_flow/dataset_cropped/10_Metas/04/08/20191004085000_00160.jpg,datasets_cloudmask/dataset_cropped/10_Metas/04/08/20191004085000_00160.png,303.2,757.7,54.2,21.6,962
10/4/2019 8:51,datasets/dataset_cropped/10_Metas/04/08/20191004085100_00160.jpg,datasets_flow/dataset_cropped/10_Metas/04/08/20191004085100_00160.jpg,datasets_cloudmask/dataset_cropped/10_Metas/04/08/20191004085100_00160.png,306.4,760.5,54.4,21.6,962
10/4/2019 8:52,datasets/dataset_cropped/10_Metas/04/08/20191004085200_00160.jpg,datasets_flow/dataset_cropped/10_Metas/04/08/20191004085200_00160.jpg,datasets_cloudmask/dataset_cropped/10_Metas/04/08/20191004085200_00160.png,309.6,762.6,54.7,21.7,962
10/4/2019 8:53,datasets/dataset_cropped/10_Metas/04/08/20191004085300_00160.jpg,datasets_flow/dataset_cropped/10_Metas/04/08/20191004085300_00160.jpg,datasets_cloudmask/dataset_cropped/10_Metas/04/08/20191004085300_00160.png,312.9,765,55,21.8,962
10/4/2019 8:54,datasets/dataset_cropped/10_Metas/04/08/20191004085400_00160.jpg,datasets_flow/dataset_cropped/10_Metas/04/08/20191004085400_00160.jpg,datasets_cloudmask/dataset_cropped/10_Metas/04/08/20191004085400_00160.png,316.5,767.7,55.2,22.1,962
10/4/2019 8:55,datasets/dataset_cropped/10_Metas/04/08/20191004085500_00160.jpg,datasets_flow/dataset_cropped/10_Metas/04/08/20191004085500_00160.jpg,datasets_cloudmask/dataset_cropped/10_Metas/04/08/20191004085500_00160.png,319.7,770.4,55.3,22.3,962
10/4/2019 8:56,datasets/dataset_cropped/10_Metas/04/08/20191004085600_00160.jpg,datasets_flow/dataset_cropped/10_Metas/04/08/20191004085600_00160.jpg,datasets_cloudmask/dataset_cropped/10_Metas/04/08/20191004085600_00160.png,322.8,772.7,55.4,22.6,962
10/4/2019 8:57,datasets/dataset_cropped/10_Metas/04/08/20191004085700_00160.jpg,datasets_flow/dataset_cropped/10_Metas/04/08/20191004085700_00160.jpg,datasets_cloudmask/dataset_cropped/10_Metas/04/08/20191004085700_00160.png,326.1,774.7,55.6,22.9,962
10/4/2019 8:58,datasets/dataset_cropped/10_Metas/04/08/20191004085800_00160.jpg,datasets_flow/dataset_cropped/10_Metas/04/08/20191004085800_00160.jpg,datasets_cloudmask/dataset_cropped/10_Metas/04/08/20191004085800_00160.png,329.4,776.9,55.8,23.1,962
10/4/2019 8:59,datasets/dataset_cropped/10_Metas/04/08/20191004085900_00160.jpg,datasets_flow/dataset_cropped/10_Metas/04/08/20191004085900_00160.jpg,datasets_cloudmask/dataset_cropped/10_Metas/04/08/20191004085900_00160.png,333,779.3,56.3,23.1,962
10/4/2019 9:00,datasets/dataset_cropped/10_Metas/04/09/20191004090000_00160.jpg,datasets_flow/dataset_cropped/10_Metas/04/09/20191004090000_00160.jpg,datasets_cloudmask/dataset_cropped/10_Metas/04/09/20191004090000_00160.png,336.7,781.3,56.5,23.1,962
10/4/2019 9:01,datasets/dataset_cropped/10_Metas/04/09/20191004090100_00160.jpg,datasets_flow/dataset_cropped/10_Metas/04/09/20191004090100_00160.jpg,datasets_cloudmask/dataset_cropped/10_Metas/04/09/20191004090100_00160.png,339.6,782.5,56.8,23.2,962
10/4/2019 9:02,datasets/dataset_cropped/10_Metas/04/09/20191004090200_00160.jpg,datasets_flow/dataset_cropped/10_Metas/04/09/20191004090200_00160.jpg,datasets_cloudmask/dataset_cropped/10_Metas/04/09/20191004090200_00160.png,340.7,778.6,57.1,23.2,962
10/4/2019 9:03,datasets/dataset_cropped/10_Metas/04/09/20191004090300_00160.jpg,datasets_flow/dataset_cropped/10_Metas/04/09/20191004090300_00160.jpg,datasets_cloudmask/dataset_cropped/10_Metas/04/09/20191004090300_00160.png,346.6,787.4,57.1,23.4,962
10/4/2019 9:04,datasets/dataset_cropped/10_Metas/04/09/20191004090400_00160.jpg,datasets_flow/dataset_cropped/10_Metas/04/09/20191004090400_00160.jpg,datasets_cloudmask/dataset_cropped/10_Metas/04/09/20191004090400_00160.png,349.7,789,57.2,23.5,962
10/4/2019 9:05,datasets/dataset_cropped/10_Metas/04/09/20191004090500_00160.jpg,datasets_flow/dataset_cropped/10_Metas/04/09/20191004090500_00160.jpg,datasets_cloudmask/dataset_cropped/10_Metas/04/09/20191004090500_00160.png,352.8,790.7,57.4,23.6,962
10/4/2019 9:06,datasets/dataset_cropped/10_Metas/04/09/20191004090600_00160.jpg,datasets_flow/dataset_cropped/10_Metas/04/09/20191004090600_00160.jpg,datasets_cloudmask/dataset_cropped/10_Metas/04/09/20191004090600_00160.png,356,792.3,57.7,23.9,962
10/4/2019 9:07,datasets/dataset_cropped/10_Metas/04/09/20191004090700_00160.jpg,datasets_flow/dataset_cropped/10_Metas/04/09/20191004090700_00160.jpg,datasets_cloudmask/dataset_cropped/10_Metas/04/09/20191004090700_00160.png,359.1,793.6,57.9,23.9,962
10/4/2019 9:08,datasets/dataset_cropped/10_Metas/04/09/20191004090800_00160.jpg,datasets_flow/dataset_cropped/10_Metas/04/09/20191004090800_00160.jpg,datasets_cloudmask/dataset_cropped/10_Metas/04/09/20191004090800_00160.png,362.6,795,58.4,23.9,962
10/4/2019 9:09,datasets/dataset_cropped/10_Metas/04/09/20191004090900_00160.jpg,datasets_flow/dataset_cropped/10_Metas/04/09/20191004090900_00160.jpg,datasets_cloudmask/dataset_cropped/10_Metas/04/09/20191004090900_00160.png,366.2,798.4,58.4,23.7,962
10/4/2019 9:10,datasets/dataset_cropped/10_Metas/04/09/20191004091000_00160.jpg,datasets_flow/dataset_cropped/10_Metas/04/09/20191004091000_00160.jpg,datasets_cloudmask/dataset_cropped/10_Metas/04/09/20191004091000_00160.png,369.7,801,58.4,23.6,962
10/4/2019 9:11,datasets/dataset_cropped/10_Metas/04/09/20191004091100_00160.jpg,datasets_flow/dataset_cropped/10_Metas/04/09/20191004091100_00160.jpg,datasets_cloudmask/dataset_cropped/10_Metas/04/09/20191004091100_00160.png,373.1,803,58.6,23.5,962
10/4/2019 9:12,datasets/dataset_cropped/10_Metas/04/09/20191004091200_00160.jpg,datasets_flow/dataset_cropped/10_Metas/04/09/20191004091200_00160.jpg,datasets_cloudmask/dataset_cropped/10_Metas/04/09/20191004091200_00160.png,376.6,806,58.7,23.4,962
10/4/2019 9:13,datasets/dataset_cropped/10_Metas/04/09/20191004091300_00160.jpg,datasets_flow/dataset_cropped/10_Metas/04/09/20191004091300_00160.jpg,datasets_cloudmask/dataset_cropped/10_Metas/04/09/20191004091300_00160.png,379.8,808,58.8,23.2,962
10/4/2019 9:14,datasets/dataset_cropped/10_Metas/04/09/20191004091400_00160.jpg,datasets_flow/dataset_cropped/10_Metas/04/09/20191004091400_00160.jpg,datasets_cloudmask/dataset_cropped/10_Metas/04/09/20191004091400_00160.png,383.1,810,58.9,23.1,962
10/4/2019 9:15,datasets/dataset_cropped/10_Metas/04/09/20191004091500_00160.jpg,datasets_flow/dataset_cropped/10_Metas/04/09/20191004091500_00160.jpg,datasets_cloudmask/dataset_cropped/10_Metas/04/09/20191004091500_00160.png,386.2,812,58.8,22.9,962
10/4/2019 9:16,datasets/dataset_cropped/10_Metas/04/09/20191004091600_00160.jpg,datasets_flow/dataset_cropped/10_Metas/04/09/20191004091600_00160.jpg,datasets_cloudmask/dataset_cropped/10_Metas/04/09/20191004091600_00160.png,389.4,813,59,22.8,962
10/4/2019 9:17,datasets/dataset_cropped/10_Metas/04/09/20191004091700_00160.jpg,datasets_flow/dataset_cropped/10_Metas/04/09/20191004091700_00160.jpg,datasets_cloudmask/dataset_cropped/10_Metas/04/09/20191004091700_00160.png,392.9,815,59.3,22.8,962
10/4/2019 9:18,datasets/dataset_cropped/10_Metas/04/09/20191004091800_00160.jpg,datasets_flow/dataset_cropped/10_Metas/04/09/20191004091800_00160.jpg,datasets_cloudmask/dataset_cropped/10_Metas/04/09/20191004091800_00160.png,395.9,816,59.3,22.7,962
10/4/2019 9:19,datasets/dataset_cropped/10_Metas/04/09/20191004091900_00160.jpg,datasets_flow/dataset_cropped/10_Metas/04/09/20191004091900_00160.jpg,datasets_cloudmask/dataset_cropped/10_Metas/04/09/20191004091900_00160.png,399.2,818,59.5,22.8,962
10/4/2019 9:20,datasets/dataset_cropped/10_Metas/04/09/20191004092000_00160.jpg,datasets_flow/dataset_cropped/10_Metas/04/09/20191004092000_00160.jpg,datasets_cloudmask/dataset_cropped/10_Metas/04/09/20191004092000_00160.png,402.1,819,59.6,22.8,962
10/4/2019 9:21,datasets/dataset_cropped/10_Metas/04/09/20191004092100_00160.jpg,datasets_flow/dataset_cropped/10_Metas/04/09/20191004092100_00160.jpg,datasets_cloudmask/dataset_cropped/10_Metas/04/09/20191004092100_00160.png,405.1,821,59.7,22.8,962
10/4/2019 9:22,datasets/dataset_cropped/10_Metas/04/09/20191004092200_00160.jpg,datasets_flow/dataset_cropped/10_Metas/04/09/20191004092200_00160.jpg,datasets_cloudmask/dataset_cropped/10_Metas/04/09/20191004092200_00160.png,408.2,822,60,22.9,962
10/4/2019 9:23,datasets/dataset_cropped/10_Metas/04/09/20191004092300_00160.jpg,datasets_flow/dataset_cropped/10_Metas/04/09/20191004092300_00160.jpg,datasets_cloudmask/dataset_cropped/10_Metas/04/09/20191004092300_00160.png,411.7,824,60.3,23,962
10/4/2019 9:24,datasets/dataset_cropped/10_Metas/04/09/20191004092400_00160.jpg,datasets_flow/dataset_cropped/10_Metas/04/09/20191004092400_00160.jpg,datasets_cloudmask/dataset_cropped/10_Metas/04/09/20191004092400_00160.png,414.9,827,60.4,23.1,962
10/4/2019 9:25,datasets/dataset_cropped/10_Metas/04/09/20191004092500_00160.jpg,datasets_flow/dataset_cropped/10_Metas/04/09/20191004092500_00160.jpg,datasets_cloudmask/dataset_cropped/10_Metas/04/09/20191004092500_00160.png,418.3,828,60.7,23.1,962
10/4/2019 9:26,datasets/dataset_cropped/10_Metas/04/09/20191004092600_00160.jpg,datasets_flow/dataset_cropped/10_Metas/04/09/20191004092600_00160.jpg,datasets_cloudmask/dataset_cropped/10_Metas/04/09/20191004092600_00160.png,421.2,830,60.7,23.2,962
10/4/2019 9:27,datasets/dataset_cropped/10_Metas/04/09/20191004092700_00160.jpg,datasets_flow/dataset_cropped/10_Metas/04/09/20191004092700_00160.jpg,datasets_cloudmask/dataset_cropped/10_Metas/04/09/20191004092700_00160.png,424.4,832,60.8,23.4,962
10/4/2019 9:28,datasets/dataset_cropped/10_Metas/04/09/20191004092800_00160.jpg,datasets_flow/dataset_cropped/10_Metas/04/09/20191004092800_00160.jpg,datasets_cloudmask/dataset_cropped/10_Metas/04/09/20191004092800_00160.png,427.3,833,60.8,23.5,962
10/4/2019 9:29,datasets/dataset_cropped/10_Metas/04/09/20191004092900_00160.jpg,datasets_flow/dataset_cropped/10_Metas/04/09/20191004092900_00160.jpg,datasets_cloudmask/dataset_cropped/10_Metas/04/09/20191004092900_00160.png,430.5,835,61.3,23.6,962
10/4/2019 9:30,datasets/dataset_cropped/10_Metas/04/09/20191004093000_00160.jpg,datasets_flow/dataset_cropped/10_Metas/04/09/20191004093000_00160.jpg,datasets_cloudmask/dataset_cropped/10_Metas/04/09/20191004093000_00160.png,433.7,836,61.6,23.8,962
10/4/2019 9:31,datasets/dataset_cropped/10_Metas/04/09/20191004093100_00160.jpg,datasets_flow/dataset_cropped/10_Metas/04/09/20191004093100_00160.jpg,datasets_cloudmask/dataset_cropped/10_Metas/04/09/20191004093100_00160.png,436.6,837,61.8,23.9,962
10/4/2019 9:32,datasets/dataset_cropped/10_Metas/04/09/20191004093200_00160.jpg,datasets_flow/dataset_cropped/10_Metas/04/09/20191004093200_00160.jpg,datasets_cloudmask/dataset_cropped/10_Metas/04/09/20191004093200_00160.png,439.3,838,62,23.9,962
10/4/2019 9:33,datasets/dataset_cropped/10_Metas/04/09/20191004093300_00160.jpg,datasets_flow/dataset_cropped/10_Metas/04/09/20191004093300_00160.jpg,datasets_cloudmask/dataset_cropped/10_Metas/04/09/20191004093300_00160.png,442.2,838,62.5,23.9,962
10/4/2019 9:34,datasets/dataset_cropped/10_Metas/04/09/20191004093400_00160.jpg,datasets_flow/dataset_cropped/10_Metas/04/09/20191004093400_00160.jpg,datasets_cloudmask/dataset_cropped/10_Metas/04/09/20191004093400_00160.png,445.1,839,62.6,24,962
10/4/2019 9:35,datasets/dataset_cropped/10_Metas/04/09/20191004093500_00160.jpg,datasets_flow/dataset_cropped/10_Metas/04/09/20191004093500_00160.jpg,datasets_cloudmask/dataset_cropped/10_Metas/04/09/20191004093500_00160.png,448.3,840,63,24.1,962
10/4/2019 9:36,datasets/dataset_cropped/10_Metas/04/09/20191004093600_00160.jpg,datasets_flow/dataset_cropped/10_Metas/04/09/20191004093600_00160.jpg,datasets_cloudmask/dataset_cropped/10_Metas/04/09/20191004093600_00160.png,451.7,843,62.9,24.1,963
10/4/2019 9:37,datasets/dataset_cropped/10_Metas/04/09/20191004093700_00160.jpg,datasets_flow/dataset_cropped/10_Metas/04/09/20191004093700_00160.jpg,datasets_cloudmask/dataset_cropped/10_Metas/04/09/20191004093700_00160.png,454.9,845,62.9,24,962
10/4/2019 9:38,datasets/dataset_cropped/10_Metas/04/09/20191004093800_00160.jpg,datasets_flow/dataset_cropped/10_Metas/04/09/20191004093800_00160.jpg,datasets_cloudmask/dataset_cropped/10_Metas/04/09/20191004093800_00160.png,458.1,847,62.9,24,962
10/4/2019 9:39,datasets/dataset_cropped/10_Metas/04/09/20191004093900_00160.jpg,datasets_flow/dataset_cropped/10_Metas/04/09/20191004093900_00160.jpg,datasets_cloudmask/dataset_cropped/10_Metas/04/09/20191004093900_00160.png,461.4,849,62.9,24.1,963
10/4/2019 9:40,datasets/dataset_cropped/10_Metas/04/09/20191004094000_00160.jpg,datasets_flow/dataset_cropped/10_Metas/04/09/20191004094000_00160.jpg,datasets_cloudmask/dataset_cropped/10_Metas/04/09/20191004094000_00160.png,464.4,850,62.9,24.3,962
10/4/2019 9:41,datasets/dataset_cropped/10_Metas/04/09/20191004094100_00160.jpg,datasets_flow/dataset_cropped/10_Metas/04/09/20191004094100_00160.jpg,datasets_cloudmask/dataset_cropped/10_Metas/04/09/20191004094100_00160.png,467.5,851,62.9,24.4,962
10/4/2019 9:42,datasets/dataset_cropped/10_Metas/04/09/20191004094200_00160.jpg,datasets_flow/dataset_cropped/10_Metas/04/09/20191004094200_00160.jpg,datasets_cloudmask/dataset_cropped/10_Metas/04/09/20191004094200_00160.png,470.8,853,63.4,24.2,962
10/4/2019 9:43,datasets/dataset_cropped/10_Metas/04/09/20191004094300_00160.jpg,datasets_flow/dataset_cropped/10_Metas/04/09/20191004094300_00160.jpg,datasets_cloudmask/dataset_cropped/10_Metas/04/09/20191004094300_00160.png,473.9,854,63.7,24.2,962
10/4/2019 9:44,datasets/dataset_cropped/10_Metas/04/09/20191004094400_00160.jpg,datasets_flow/dataset_cropped/10_Metas/04/09/20191004094400_00160.jpg,datasets_cloudmask/dataset_cropped/10_Metas/04/09/20191004094400_00160.png,477,856,64.1,24.3,963
10/4/2019 9:45,datasets/dataset_cropped/10_Metas/04/09/20191004094500_00160.jpg,datasets_flow/dataset_cropped/10_Metas/04/09/20191004094500_00160.jpg,datasets_cloudmask/dataset_cropped/10_Metas/04/09/20191004094500_00160.png,479.5,857,64,24.5,963
10/4/2019 9:46,datasets/dataset_cropped/10_Metas/04/09/20191004094600_00160.jpg,datasets_flow/dataset_cropped/10_Metas/04/09/20191004094600_00160.jpg,datasets_cloudmask/dataset_cropped/10_Metas/04/09/20191004094600_00160.png,482.1,859,63.8,24.7,962
10/4/2019 9:47,datasets/dataset_cropped/10_Metas/04/09/20191004094700_00160.jpg,datasets_flow/dataset_cropped/10_Metas/04/09/20191004094700_00160.jpg,datasets_cloudmask/dataset_cropped/10_Metas/04/09/20191004094700_00160.png,485,860,63.6,24.9,963
10/4/2019 9:48,datasets/dataset_cropped/10_Metas/04/09/20191004094800_00160.jpg,datasets_flow/dataset_cropped/10_Metas/04/09/20191004094800_00160.jpg,datasets_cloudmask/dataset_cropped/10_Metas/04/09/20191004094800_00160.png,488.2,861,63.7,24.9,963
10/4/2019 9:49,datasets/dataset_cropped/10_Metas/04/09/20191004094900_00160.jpg,datasets_flow/dataset_cropped/10_Metas/04/09/20191004094900_00160.jpg,datasets_cloudmask/dataset_cropped/10_Metas/04/09/20191004094900_00160.png,491.4,863,64.1,24.9,962
10/4/2019 9:50,datasets/dataset_cropped/10_Metas/04/09/20191004095000_00160.jpg,datasets_flow/dataset_cropped/10_Metas/04/09/20191004095000_00160.jpg,datasets_cloudmask/dataset_cropped/10_Metas/04/09/20191004095000_00160.png,494.7,864,64.4,25.2,963
10/4/2019 9:51,datasets/dataset_cropped/10_Metas/04/09/20191004095100_00160.jpg,datasets_flow/dataset_cropped/10_Metas/04/09/20191004095100_00160.jpg,datasets_cloudmask/dataset_cropped/10_Metas/04/09/20191004095100_00160.png,497.6,866,64.5,25.4,963
10/4/2019 9:52,datasets/dataset_cropped/10_Metas/04/09/20191004095200_00160.jpg,datasets_flow/dataset_cropped/10_Metas/04/09/20191004095200_00160.jpg,datasets_cloudmask/dataset_cropped/10_Metas/04/09/20191004095200_00160.png,500.5,867,64.7,25.6,962
10/4/2019 9:53,datasets/dataset_cropped/10_Metas/04/09/20191004095300_00160.jpg,datasets_flow/dataset_cropped/10_Metas/04/09/20191004095300_00160.jpg,datasets_cloudmask/dataset_cropped/10_Metas/04/09/20191004095300_00160.png,503.6,869,65.1,25.7,962
10/4/2019 9:54,datasets/dataset_cropped/10_Metas/04/09/20191004095400_00160.jpg,datasets_flow/dataset_cropped/10_Metas/04/09/20191004095400_00160.jpg,datasets_cloudmask/dataset_cropped/10_Metas/04/09/20191004095400_00160.png,506.5,870,65.3,25.5,962
10/4/2019 9:55,datasets/dataset_cropped/10_Metas/04/09/20191004095500_00160.jpg,datasets_flow/dataset_cropped/10_Metas/04/09/20191004095500_00160.jpg,datasets_cloudmask/dataset_cropped/10_Metas/04/09/20191004095500_00160.png,509.3,871,65.2,25.5,963
10/4/2019 9:56,datasets/dataset_cropped/10_Metas/04/09/20191004095600_00160.jpg,datasets_flow/dataset_cropped/10_Metas/04/09/20191004095600_00160.jpg,datasets_cloudmask/dataset_cropped/10_Metas/04/09/20191004095600_00160.png,511.8,871,65,25.6,962
10/4/2019 9:57,datasets/dataset_cropped/10_Metas/04/09/20191004095700_00160.jpg,datasets_flow/dataset_cropped/10_Metas/04/09/20191004095700_00160.jpg,datasets_cloudmask/dataset_cropped/10_Metas/04/09/20191004095700_00160.png,514.7,872,65.3,25.7,963
10/4/2019 9:58,datasets/dataset_cropped/10_Metas/04/09/20191004095800_00160.jpg,datasets_flow/dataset_cropped/10_Metas/04/09/20191004095800_00160.jpg,datasets_cloudmask/dataset_cropped/10_Metas/04/09/20191004095800_00160.png,517.9,874,65.2,25.9,963
10/4/2019 9:59,datasets/dataset_cropped/10_Metas/04/09/20191004095900_00160.jpg,datasets_flow/dataset_cropped/10_Metas/04/09/20191004095900_00160.jpg,datasets_cloudmask/dataset_cropped/10_Metas/04/09/20191004095900_00160.png,520.7,875,65.1,26.1,963
10/4/2019 10:00,datasets/dataset_cropped/10_Metas/04/10/20191004100000_00160.jpg,datasets_flow/dataset_cropped/10_Metas/04/10/20191004100000_00160.jpg,datasets_cloudmask/dataset_cropped/10_Metas/04/10/20191004100000_00160.png,523.5,876,65,26,962
10/4/2019 10:01,datasets/dataset_cropped/10_Metas/04/10/20191004100100_00160.jpg,datasets_flow/dataset_cropped/10_Metas/04/10/20191004100100_00160.jpg,datasets_cloudmask/dataset_cropped/10_Metas/04/10/20191004100100_00160.png,526.7,878,65.1,26.1,963
10/4/2019 10:02,datasets/dataset_cropped/10_Metas/04/10/20191004100200_00160.jpg,datasets_flow/dataset_cropped/10_Metas/04/10/20191004100200_00160.jpg,datasets_cloudmask/dataset_cropped/10_Metas/04/10/20191004100200_00160.png,530.1,880,65.5,26.2,962
10/4/2019 10:03,datasets/dataset_cropped/10_Metas/04/10/20191004100300_00160.jpg,datasets_flow/dataset_cropped/10_Metas/04/10/20191004100300_00160.jpg,datasets_cloudmask/dataset_cropped/10_Metas/04/10/20191004100300_00160.png,532.7,881,65.3,26.4,962
10/4/2019 10:04,datasets/dataset_cropped/10_Metas/04/10/20191004100400_00160.jpg,datasets_flow/dataset_cropped/10_Metas/04/10/20191004100400_00160.jpg,datasets_cloudmask/dataset_cropped/10_Metas/04/10/20191004100400_00160.png,535.5,882,65.4,26.4,962
10/4/2019 10:05,datasets/dataset_cropped/10_Metas/04/10/20191004100500_00160.jpg,datasets_flow/dataset_cropped/10_Metas/04/10/20191004100500_00160.jpg,datasets_cloudmask/dataset_cropped/10_Metas/04/10/20191004100500_00160.png,538.4,883,65.4,26.4,963
10/4/2019 10:06,datasets/dataset_cropped/10_Metas/04/10/20191004100600_00160.jpg,datasets_flow/dataset_cropped/10_Metas/04/10/20191004100600_00160.jpg,datasets_cloudmask/dataset_cropped/10_Metas/04/10/20191004100600_00160.png,541.4,884,65.4,26.6,962
10/4/2019 10:07,datasets/dataset_cropped/10_Metas/04/10/20191004100700_00160.jpg,datasets_flow/dataset_cropped/10_Metas/04/10/20191004100700_00160.jpg,datasets_cloudmask/dataset_cropped/10_Metas/04/10/20191004100700_00160.png,544.3,886,65.5,26.6,963
10/4/2019 10:08,datasets/dataset_cropped/10_Metas/04/10/20191004100800_00160.jpg,datasets_flow/dataset_cropped/10_Metas/04/10/20191004100800_00160.jpg,datasets_cloudmask/dataset_cropped/10_Metas/04/10/20191004100800_00160.png,547.5,888,66,26.6,962
10/4/2019 10:09,datasets/dataset_cropped/10_Metas/04/10/20191004100900_00160.jpg,datasets_flow/dataset_cropped/10_Metas/04/10/20191004100900_00160.jpg,datasets_cloudmask/dataset_cropped/10_Metas/04/10/20191004100900_00160.png,550,889,66,26.5,962
10/4/2019 10:10,datasets/dataset_cropped/10_Metas/04/10/20191004101000_00160.jpg,datasets_flow/dataset_cropped/10_Metas/04/10/20191004101000_00160.jpg,datasets_cloudmask/dataset_cropped/10_Metas/04/10/20191004101000_00160.png,552.8,890,65.8,26.4,962
10/4/2019 10:11,datasets/dataset_cropped/10_Metas/04/10/20191004101100_00160.jpg,datasets_flow/dataset_cropped/10_Metas/04/10/20191004101100_00160.jpg,datasets_cloudmask/dataset_cropped/10_Metas/04/10/20191004101100_00160.png,555.5,891,65.7,26.1,962
10/4/2019 10:12,datasets/dataset_cropped/10_Metas/04/10/20191004101200_00160.jpg,datasets_flow/dataset_cropped/10_Metas/04/10/20191004101200_00160.jpg,datasets_cloudmask/dataset_cropped/10_Metas/04/10/20191004101200_00160.png,558.3,892,66,26,962
10/4/2019 10:13,datasets/dataset_cropped/10_Metas/04/10/20191004101300_00160.jpg,datasets_flow/dataset_cropped/10_Metas/04/10/20191004101300_00160.jpg,datasets_cloudmask/dataset_cropped/10_Metas/04/10/20191004101300_00160.png,561.2,893,66,26.2,962
10/4/2019 10:14,datasets/dataset_cropped/10_Metas/04/10/20191004101400_00160.jpg,datasets_flow/dataset_cropped/10_Metas/04/10/20191004101400_00160.jpg,datasets_cloudmask/dataset_cropped/10_Metas/04/10/20191004101400_00160.png,563.8,894,66.2,26.6,963
10/4/2019 10:15,datasets/dataset_cropped/10_Metas/04/10/20191004101500_00160.jpg,datasets_flow/dataset_cropped/10_Metas/04/10/20191004101500_00160.jpg,datasets_cloudmask/dataset_cropped/10_Metas/04/10/20191004101500_00160.png,566.4,894,66.3,26.8,962
10/4/2019 10:16,datasets/dataset_cropped/10_Metas/04/10/20191004101600_00160.jpg,datasets_flow/dataset_cropped/10_Metas/04/10/20191004101600_00160.jpg,datasets_cloudmask/dataset_cropped/10_Metas/04/10/20191004101600_00160.png,569.3,895,66.7,26.6,962
10/4/2019 10:17,datasets/dataset_cropped/10_Metas/04/10/20191004101700_00160.jpg,datasets_flow/dataset_cropped/10_Metas/04/10/20191004101700_00160.jpg,datasets_cloudmask/dataset_cropped/10_Metas/04/10/20191004101700_00160.png,572.2,896,66.8,26.2,962
10/4/2019 10:18,datasets/dataset_cropped/10_Metas/04/10/20191004101800_00160.jpg,datasets_flow/dataset_cropped/10_Metas/04/10/20191004101800_00160.jpg,datasets_cloudmask/dataset_cropped/10_Metas/04/10/20191004101800_00160.png,575,897,66.8,26.2,962
10/4/2019 10:19,datasets/dataset_cropped/10_Metas/04/10/20191004101900_00160.jpg,datasets_flow/dataset_cropped/10_Metas/04/10/20191004101900_00160.jpg,datasets_cloudmask/dataset_cropped/10_Metas/04/10/20191004101900_00160.png,577.5,897,67.3,26.4,962
10/4/2019 10:20,datasets/dataset_cropped/10_Metas/04/10/20191004102000_00160.jpg,datasets_flow/dataset_cropped/10_Metas/04/10/20191004102000_00160.jpg,datasets_cloudmask/dataset_cropped/10_Metas/04/10/20191004102000_00160.png,579.7,898,67.4,26.5,963
10/4/2019 10:21,datasets/dataset_cropped/10_Metas/04/10/20191004102100_00160.jpg,datasets_flow/dataset_cropped/10_Metas/04/10/20191004102100_00160.jpg,datasets_cloudmask/dataset_cropped/10_Metas/04/10/20191004102100_00160.png,582.1,898,67.6,26.6,962
10/4/2019 10:22,datasets/dataset_cropped/10_Metas/04/10/20191004102200_00160.jpg,datasets_flow/dataset_cropped/10_Metas/04/10/20191004102200_00160.jpg,datasets_cloudmask/dataset_cropped/10_Metas/04/10/20191004102200_00160.png,584.9,900,67.7,26.8,962
10/4/2019 10:23,datasets/dataset_cropped/10_Metas/04/10/20191004102300_00160.jpg,datasets_flow/dataset_cropped/10_Metas/04/10/20191004102300_00160.jpg,datasets_cloudmask/dataset_cropped/10_Metas/04/10/20191004102300_00160.png,587.7,901,67.7,26.6,962
10/4/2019 10:24,datasets/dataset_cropped/10_Metas/04/10/20191004102400_00160.jpg,datasets_flow/dataset_cropped/10_Metas/04/10/20191004102400_00160.jpg,datasets_cloudmask/dataset_cropped/10_Metas/04/10/20191004102400_00160.png,590.7,903,68.1,26.7,962
10/4/2019 10:25,datasets/dataset_cropped/10_Metas/04/10/20191004102500_00160.jpg,datasets_flow/dataset_cropped/10_Metas/04/10/20191004102500_00160.jpg,datasets_cloudmask/dataset_cropped/10_Metas/04/10/20191004102500_00160.png,593.2,904,67.6,27.1,962
10/4/2019 10:26,datasets/dataset_cropped/10_Metas/04/10/20191004102600_00160.jpg,datasets_flow/dataset_cropped/10_Metas/04/10/20191004102600_00160.jpg,datasets_cloudmask/dataset_cropped/10_Metas/04/10/20191004102600_00160.png,595.8,904,68,27.3,962
10/4/2019 10:27,datasets/dataset_cropped/10_Metas/04/10/20191004102700_00160.jpg,datasets_flow/dataset_cropped/10_Metas/04/10/20191004102700_00160.jpg,datasets_cloudmask/dataset_cropped/10_Metas/04/10/20191004102700_00160.png,598.3,906,67.6,27.3,962
10/4/2019 10:28,datasets/dataset_cropped/10_Metas/04/10/20191004102800_00160.jpg,datasets_flow/dataset_cropped/10_Metas/04/10/20191004102800_00160.jpg,datasets_cloudmask/dataset_cropped/10_Metas/04/10/20191004102800_00160.png,601,907,67.7,27.2,962
10/4/2019 10:29,datasets/dataset_cropped/10_Metas/04/10/20191004102900_00160.jpg,datasets_flow/dataset_cropped/10_Metas/04/10/20191004102900_00160.jpg,datasets_cloudmask/dataset_cropped/10_Metas/04/10/20191004102900_00160.png,603.7,909,67.8,27,962
10/4/2019 10:30,datasets/dataset_cropped/10_Metas/04/10/20191004103000_00160.jpg,datasets_flow/dataset_cropped/10_Metas/04/10/20191004103000_00160.jpg,datasets_cloudmask/dataset_cropped/10_Metas/04/10/20191004103000_00160.png,606.3,910,67.7,27.2,962
10/4/2019 10:31,datasets/dataset_cropped/10_Metas/04/10/20191004103100_00160.jpg,datasets_flow/dataset_cropped/10_Metas/04/10/20191004103100_00160.jpg,datasets_cloudmask/dataset_cropped/10_Metas/04/10/20191004103100_00160.png,608.9,910,67.8,27.4,962
10/4/2019 10:32,datasets/dataset_cropped/10_Metas/04/10/20191004103200_00160.jpg,datasets_flow/dataset_cropped/10_Metas/04/10/20191004103200_00160.jpg,datasets_cloudmask/dataset_cropped/10_Metas/04/10/20191004103200_00160.png,611.3,911,67.9,27.6,962
10/4/2019 10:33,datasets/dataset_cropped/10_Metas/04/10/20191004103300_00160.jpg,datasets_flow/dataset_cropped/10_Metas/04/10/20191004103300_00160.jpg,datasets_cloudmask/dataset_cropped/10_Metas/04/10/20191004103300_00160.png,613.8,913,68.1,27.8,962
10/4/2019 10:34,datasets/dataset_cropped/10_Metas/04/10/20191004103400_00160.jpg,datasets_flow/dataset_cropped/10_Metas/04/10/20191004103400_00160.jpg,datasets_cloudmask/dataset_cropped/10_Metas/04/10/20191004103400_00160.png,616.1,913,68.1,28.1,962
10/4/2019 10:35,datasets/dataset_cropped/10_Metas/04/10/20191004103500_00160.jpg,datasets_flow/dataset_cropped/10_Metas/04/10/20191004103500_00160.jpg,datasets_cloudmask/dataset_cropped/10_Metas/04/10/20191004103500_00160.png,618.1,913,68.2,28.3,962
10/4/2019 10:36,datasets/dataset_cropped/10_Metas/04/10/20191004103600_00160.jpg,datasets_flow/dataset_cropped/10_Metas/04/10/20191004103600_00160.jpg,datasets_cloudmask/dataset_cropped/10_Metas/04/10/20191004103600_00160.png,620.9,914,68.2,28.2,962
10/4/2019 10:37,datasets/dataset_cropped/10_Metas/04/10/20191004103700_00160.jpg,datasets_flow/dataset_cropped/10_Metas/04/10/20191004103700_00160.jpg,datasets_cloudmask/dataset_cropped/10_Metas/04/10/20191004103700_00160.png,623.2,915,68.4,27.6,962
10/4/2019 10:38,datasets/dataset_cropped/10_Metas/04/10/20191004103800_00160.jpg,datasets_flow/dataset_cropped/10_Metas/04/10/20191004103800_00160.jpg,datasets_cloudmask/dataset_cropped/10_Metas/04/10/20191004103800_00160.png,626,916,68.3,27.3,962
10/4/2019 10:39,datasets/dataset_cropped/10_Metas/04/10/20191004103900_00160.jpg,datasets_flow/dataset_cropped/10_Metas/04/10/20191004103900_00160.jpg,datasets_cloudmask/dataset_cropped/10_Metas/04/10/20191004103900_00160.png,628.9,917,69,27.3,962
10/4/2019 10:40,datasets/dataset_cropped/10_Metas/04/10/20191004104000_00160.jpg,datasets_flow/dataset_cropped/10_Metas/04/10/20191004104000_00160.jpg,datasets_cloudmask/dataset_cropped/10_Metas/04/10/20191004104000_00160.png,630.3,916,69.1,27.4,962
10/4/2019 10:41,datasets/dataset_cropped/10_Metas/04/10/20191004104100_00160.jpg,datasets_flow/dataset_cropped/10_Metas/04/10/20191004104100_00160.jpg,datasets_cloudmask/dataset_cropped/10_Metas/04/10/20191004104100_00160.png,632.3,918,68.7,27.6,962
10/4/2019 10:42,datasets/dataset_cropped/10_Metas/04/10/20191004104200_00160.jpg,datasets_flow/dataset_cropped/10_Metas/04/10/20191004104200_00160.jpg,datasets_cloudmask/dataset_cropped/10_Metas/04/10/20191004104200_00160.png,634.4,918,69.1,27.6,962
10/4/2019 10:43,datasets/dataset_cropped/10_Metas/04/10/20191004104300_00160.jpg,datasets_flow/dataset_cropped/10_Metas/04/10/20191004104300_00160.jpg,datasets_cloudmask/dataset_cropped/10_Metas/04/10/20191004104300_00160.png,638,920,69.4,27.5,962
10/4/2019 10:44,datasets/dataset_cropped/10_Metas/04/10/20191004104400_00160.jpg,datasets_flow/dataset_cropped/10_Metas/04/10/20191004104400_00160.jpg,datasets_cloudmask/dataset_cropped/10_Metas/04/10/20191004104400_00160.png,640.6,921,69.3,27.4,962
10/4/2019 10:45,datasets/dataset_cropped/10_Metas/04/10/20191004104500_00160.jpg,datasets_flow/dataset_cropped/10_Metas/04/10/20191004104500_00160.jpg,datasets_cloudmask/dataset_cropped/10_Metas/04/10/20191004104500_00160.png,641.7,920,69.2,27.2,962
10/4/2019 10:46,datasets/dataset_cropped/10_Metas/04/10/20191004104600_00160.jpg,datasets_flow/dataset_cropped/10_Metas/04/10/20191004104600_00160.jpg,datasets_cloudmask/dataset_cropped/10_Metas/04/10/20191004104600_00160.png,644.6,923,68.6,27.1,962
10/4/2019 10:47,datasets/dataset_cropped/10_Metas/04/10/20191004104700_00160.jpg,datasets_flow/dataset_cropped/10_Metas/04/10/20191004104700_00160.jpg,datasets_cloudmask/dataset_cropped/10_Metas/04/10/20191004104700_00160.png,647.1,923,68.5,27,962
10/4/2019 10:48,datasets/dataset_cropped/10_Metas/04/10/20191004104800_00160.jpg,datasets_flow/dataset_cropped/10_Metas/04/10/20191004104800_00160.jpg,datasets_cloudmask/dataset_cropped/10_Metas/04/10/20191004104800_00160.png,649.4,924,68.6,27.1,962
10/4/2019 10:49,datasets/dataset_cropped/10_Metas/04/10/20191004104900_00160.jpg,datasets_flow/dataset_cropped/10_Metas/04/10/20191004104900_00160.jpg,datasets_cloudmask/dataset_cropped/10_Metas/04/10/20191004104900_00160.png,652.2,925,69.1,27.3,962
10/4/2019 10:50,datasets/dataset_cropped/10_Metas/04/10/20191004105000_00160.jpg,datasets_flow/dataset_cropped/10_Metas/04/10/20191004105000_00160.jpg,datasets_cloudmask/dataset_cropped/10_Metas/04/10/20191004105000_00160.png,654.1,926,69,27.5,962
10/4/2019 10:51,datasets/dataset_cropped/10_Metas/04/10/20191004105100_00160.jpg,datasets_flow/dataset_cropped/10_Metas/04/10/20191004105100_00160.jpg,datasets_cloudmask/dataset_cropped/10_Metas/04/10/20191004105100_00160.png,656,926,68.9,27.8,962
10/4/2019 10:52,datasets/dataset_cropped/10_Metas/04/10/20191004105200_00160.jpg,datasets_flow/dataset_cropped/10_Metas/04/10/20191004105200_00160.jpg,datasets_cloudmask/dataset_cropped/10_Metas/04/10/20191004105200_00160.png,657.9,926,69.5,27.9,962
10/4/2019 10:53,datasets/dataset_cropped/10_Metas/04/10/20191004105300_00160.jpg,datasets_flow/dataset_cropped/10_Metas/04/10/20191004105300_00160.jpg,datasets_cloudmask/dataset_cropped/10_Metas/04/10/20191004105300_00160.png,660.7,928,69.8,28.1,962
10/4/2019 10:54,datasets/dataset_cropped/10_Metas/04/10/20191004105400_00160.jpg,datasets_flow/dataset_cropped/10_Metas/04/10/20191004105400_00160.jpg,datasets_cloudmask/dataset_cropped/10_Metas/04/10/20191004105400_00160.png,662.5,928,69.8,28.3,962
10/4/2019 10:55,datasets/dataset_cropped/10_Metas/04/10/20191004105500_00160.jpg,datasets_flow/dataset_cropped/10_Metas/04/10/20191004105500_00160.jpg,datasets_cloudmask/dataset_cropped/10_Metas/04/10/20191004105500_00160.png,664.5,928,69.4,28.3,962
10/4/2019 10:56,datasets/dataset_cropped/10_Metas/04/10/20191004105600_00160.jpg,datasets_flow/dataset_cropped/10_Metas/04/10/20191004105600_00160.jpg,datasets_cloudmask/dataset_cropped/10_Metas/04/10/20191004105600_00160.png,667,929,68.9,28.5,962
10/4/2019 10:57,datasets/dataset_cropped/10_Metas/04/10/20191004105700_00160.jpg,datasets_flow/dataset_cropped/10_Metas/04/10/20191004105700_00160.jpg,datasets_cloudmask/dataset_cropped/10_Metas/04/10/20191004105700_00160.png,669.3,930,69.1,28.6,962
10/4/2019 10:58,datasets/dataset_cropped/10_Metas/04/10/20191004105800_00160.jpg,datasets_flow/dataset_cropped/10_Metas/04/10/20191004105800_00160.jpg,datasets_cloudmask/dataset_cropped/10_Metas/04/10/20191004105800_00160.png,671.9,931,69,28.7,962
10/4/2019 10:59,datasets/dataset_cropped/10_Metas/04/10/20191004105900_00160.jpg,datasets_flow/dataset_cropped/10_Metas/04/10/20191004105900_00160.jpg,datasets_cloudmask/dataset_cropped/10_Metas/04/10/20191004105900_00160.png,674.1,932,69.3,28.6,962
10/4/2019 11:00,datasets/dataset_cropped/10_Metas/04/11/20191004110000_00160.jpg,datasets_flow/dataset_cropped/10_Metas/04/11/20191004110000_00160.jpg,datasets_cloudmask/dataset_cropped/10_Metas/04/11/20191004110000_00160.png,676.1,932,69.3,28.2,962
10/4/2019 11:01,datasets/dataset_cropped/10_Metas/04/11/20191004110100_00160.jpg,datasets_flow/dataset_cropped/10_Metas/04/11/20191004110100_00160.jpg,datasets_cloudmask/dataset_cropped/10_Metas/04/11/20191004110100_00160.png,678.4,934,69.4,28,962
10/4/2019 11:02,datasets/dataset_cropped/10_Metas/04/11/20191004110200_00160.jpg,datasets_flow/dataset_cropped/10_Metas/04/11/20191004110200_00160.jpg,datasets_cloudmask/dataset_cropped/10_Metas/04/11/20191004110200_00160.png,680.5,934,69.5,27.8,962
10/4/2019 11:03,datasets/dataset_cropped/10_Metas/04/11/20191004110300_00160.jpg,datasets_flow/dataset_cropped/10_Metas/04/11/20191004110300_00160.jpg,datasets_cloudmask/dataset_cropped/10_Metas/04/11/20191004110300_00160.png,682.7,935,69.6,27.9,962
10/4/2019 11:04,datasets/dataset_cropped/10_Metas/04/11/20191004110400_00160.jpg,datasets_flow/dataset_cropped/10_Metas/04/11/20191004110400_00160.jpg,datasets_cloudmask/dataset_cropped/10_Metas/04/11/20191004110400_00160.png,684.5,936,69.4,27.7,962
10/4/2019 11:05,datasets/dataset_cropped/10_Metas/04/11/20191004110500_00160.jpg,datasets_flow/dataset_cropped/10_Metas/04/11/20191004110500_00160.jpg,datasets_cloudmask/dataset_cropped/10_Metas/04/11/20191004110500_00160.png,686.4,937,69.4,27.6,962
10/4/2019 11:06,datasets/dataset_cropped/10_Metas/04/11/20191004110600_00160.jpg,datasets_flow/dataset_cropped/10_Metas/04/11/20191004110600_00160.jpg,datasets_cloudmask/dataset_cropped/10_Metas/04/11/20191004110600_00160.png,688.4,938,69.5,27.6,962
10/4/2019 11:07,datasets/dataset_cropped/10_Metas/04/11/20191004110700_00160.jpg,datasets_flow/dataset_cropped/10_Metas/04/11/20191004110700_00160.jpg,datasets_cloudmask/dataset_cropped/10_Metas/04/11/20191004110700_00160.png,690.2,938,69.7,27.8,962
10/4/2019 11:08,datasets/dataset_cropped/10_Metas/04/11/20191004110800_00160.jpg,datasets_flow/dataset_cropped/10_Metas/04/11/20191004110800_00160.jpg,datasets_cloudmask/dataset_cropped/10_Metas/04/11/20191004110800_00160.png,691.9,938,69.6,27.9,962
10/4/2019 11:09,datasets/dataset_cropped/10_Metas/04/11/20191004110900_00160.jpg,datasets_flow/dataset_cropped/10_Metas/04/11/20191004110900_00160.jpg,datasets_cloudmask/dataset_cropped/10_Metas/04/11/20191004110900_00160.png,693.2,937,70,28,962
10/4/2019 11:10,datasets/dataset_cropped/10_Metas/04/11/20191004111000_00160.jpg,datasets_flow/dataset_cropped/10_Metas/04/11/20191004111000_00160.jpg,datasets_cloudmask/dataset_cropped/10_Metas/04/11/20191004111000_00160.png,695.6,938,70.9,27.9,962
10/4/2019 11:11,datasets/dataset_cropped/10_Metas/04/11/20191004111100_00160.jpg,datasets_flow/dataset_cropped/10_Metas/04/11/20191004111100_00160.jpg,datasets_cloudmask/dataset_cropped/10_Metas/04/11/20191004111100_00160.png,698.3,940,70.9,27.7,962
10/4/2019 11:12,datasets/dataset_cropped/10_Metas/04/11/20191004111200_00160.jpg,datasets_flow/dataset_cropped/10_Metas/04/11/20191004111200_00160.jpg,datasets_cloudmask/dataset_cropped/10_Metas/04/11/20191004111200_00160.png,700.4,941,70.6,27.8,962
10/4/2019 11:13,datasets/dataset_cropped/10_Metas/04/11/20191004111300_00160.jpg,datasets_flow/dataset_cropped/10_Metas/04/11/20191004111300_00160.jpg,datasets_cloudmask/dataset_cropped/10_Metas/04/11/20191004111300_00160.png,702.1,941,70.2,28.1,962
10/4/2019 11:14,datasets/dataset_cropped/10_Metas/04/11/20191004111400_00160.jpg,datasets_flow/dataset_cropped/10_Metas/04/11/20191004111400_00160.jpg,datasets_cloudmask/dataset_cropped/10_Metas/04/11/20191004111400_00160.png,703,940,70.2,28.2,962
10/4/2019 11:15,datasets/dataset_cropped/10_Metas/04/11/20191004111500_00160.jpg,datasets_flow/dataset_cropped/10_Metas/04/11/20191004111500_00160.jpg,datasets_cloudmask/dataset_cropped/10_Metas/04/11/20191004111500_00160.png,704.6,940,69.9,28.2,962
10/4/2019 11:16,datasets/dataset_cropped/10_Metas/04/11/20191004111600_00160.jpg,datasets_flow/dataset_cropped/10_Metas/04/11/20191004111600_00160.jpg,datasets_cloudmask/dataset_cropped/10_Metas/04/11/20191004111600_00160.png,706.4,940,69.7,28.1,962
10/4/2019 11:17,datasets/dataset_cropped/10_Metas/04/11/20191004111700_00160.jpg,datasets_flow/dataset_cropped/10_Metas/04/11/20191004111700_00160.jpg,datasets_cloudmask/dataset_cropped/10_Metas/04/11/20191004111700_00160.png,707.7,939,69.9,28.1,962
10/4/2019 11:18,datasets/dataset_cropped/10_Metas/04/11/20191004111800_00160.jpg,datasets_flow/dataset_cropped/10_Metas/04/11/20191004111800_00160.jpg,datasets_cloudmask/dataset_cropped/10_Metas/04/11/20191004111800_00160.png,709.2,939,70.3,27.9,962
10/4/2019 11:19,datasets/dataset_cropped/10_Metas/04/11/20191004111900_00160.jpg,datasets_flow/dataset_cropped/10_Metas/04/11/20191004111900_00160.jpg,datasets_cloudmask/dataset_cropped/10_Metas/04/11/20191004111900_00160.png,711.3,940,70.3,27.9,962
10/4/2019 11:20,datasets/dataset_cropped/10_Metas/04/11/20191004112000_00160.jpg,datasets_flow/dataset_cropped/10_Metas/04/11/20191004112000_00160.jpg,datasets_cloudmask/dataset_cropped/10_Metas/04/11/20191004112000_00160.png,713.2,941,70.2,27.9,962
10/4/2019 11:21,datasets/dataset_cropped/10_Metas/04/11/20191004112100_00160.jpg,datasets_flow/dataset_cropped/10_Metas/04/11/20191004112100_00160.jpg,datasets_cloudmask/dataset_cropped/10_Metas/04/11/20191004112100_00160.png,715,942,70.5,27.9,962
10/4/2019 11:22,datasets/dataset_cropped/10_Metas/04/11/20191004112200_00160.jpg,datasets_flow/dataset_cropped/10_Metas/04/11/20191004112200_00160.jpg,datasets_cloudmask/dataset_cropped/10_Metas/04/11/20191004112200_00160.png,716.3,942,70.6,27.7,962
10/4/2019 11:23,datasets/dataset_cropped/10_Metas/04/11/20191004112300_00160.jpg,datasets_flow/dataset_cropped/10_Metas/04/11/20191004112300_00160.jpg,datasets_cloudmask/dataset_cropped/10_Metas/04/11/20191004112300_00160.png,718.4,943,70.6,27.5,962
10/4/2019 11:24,datasets/dataset_cropped/10_Metas/04/11/20191004112400_00160.jpg,datasets_flow/dataset_cropped/10_Metas/04/11/20191004112400_00160.jpg,datasets_cloudmask/dataset_cropped/10_Metas/04/11/20191004112400_00160.png,720.4,944,70.5,27.6,962
10/4/2019 11:25,datasets/dataset_cropped/10_Metas/04/11/20191004112500_00160.jpg,datasets_flow/dataset_cropped/10_Metas/04/11/20191004112500_00160.jpg,datasets_cloudmask/dataset_cropped/10_Metas/04/11/20191004112500_00160.png,722.2,945,70.2,27.9,962
10/4/2019 11:26,datasets/dataset_cropped/10_Metas/04/11/20191004112600_00160.jpg,datasets_flow/dataset_cropped/10_Metas/04/11/20191004112600_00160.jpg,datasets_cloudmask/dataset_cropped/10_Metas/04/11/20191004112600_00160.png,724.3,946,70.3,28,962
10/4/2019 11:27,datasets/dataset_cropped/10_Metas/04/11/20191004112700_00160.jpg,datasets_flow/dataset_cropped/10_Metas/04/11/20191004112700_00160.jpg,datasets_cloudmask/dataset_cropped/10_Metas/04/11/20191004112700_00160.png,725.7,946,70.3,28,962
10/4/2019 11:28,datasets/dataset_cropped/10_Metas/04/11/20191004112800_00160.jpg,datasets_flow/dataset_cropped/10_Metas/04/11/20191004112800_00160.jpg,datasets_cloudmask/dataset_cropped/10_Metas/04/11/20191004112800_00160.png,727.7,947,70.1,28,962
10/4/2019 11:29,datasets/dataset_cropped/10_Metas/04/11/20191004112900_00160.jpg,datasets_flow/dataset_cropped/10_Metas/04/11/20191004112900_00160.jpg,datasets_cloudmask/dataset_cropped/10_Metas/04/11/20191004112900_00160.png,730.2,948,70.3,27.9,962
10/4/2019 11:30,datasets/dataset_cropped/10_Metas/04/11/20191004113000_00160.jpg,datasets_flow/dataset_cropped/10_Metas/04/11/20191004113000_00160.jpg,datasets_cloudmask/dataset_cropped/10_Metas/04/11/20191004113000_00160.png,732.3,950,70.4,27.9,962
10/4/2019 11:31,datasets/dataset_cropped/10_Metas/04/11/20191004113100_00160.jpg,datasets_flow/dataset_cropped/10_Metas/04/11/20191004113100_00160.jpg,datasets_cloudmask/dataset_cropped/10_Metas/04/11/20191004113100_00160.png,733.4,950,70.4,27.8,962
10/4/2019 11:32,datasets/dataset_cropped/10_Metas/04/11/20191004113200_00160.jpg,datasets_flow/dataset_cropped/10_Metas/04/11/20191004113200_00160.jpg,datasets_cloudmask/dataset_cropped/10_Metas/04/11/20191004113200_00160.png,734,948,70.5,27.9,962
10/4/2019 11:33,datasets/dataset_cropped/10_Metas/04/11/20191004113300_00160.jpg,datasets_flow/dataset_cropped/10_Metas/04/11/20191004113300_00160.jpg,datasets_cloudmask/dataset_cropped/10_Metas/04/11/20191004113300_00160.png,735.1,948,70.3,28.1,962
10/4/2019 11:34,datasets/dataset_cropped/10_Metas/04/11/20191004113400_00160.jpg,datasets_flow/dataset_cropped/10_Metas/04/11/20191004113400_00160.jpg,datasets_cloudmask/dataset_cropped/10_Metas/04/11/20191004113400_00160.png,736.3,948,70.6,28.2,962
10/4/2019 11:35,datasets/dataset_cropped/10_Metas/04/11/20191004113500_00160.jpg,datasets_flow/dataset_cropped/10_Metas/04/11/20191004113500_00160.jpg,datasets_cloudmask/dataset_cropped/10_Metas/04/11/20191004113500_00160.png,737.6,948,70.7,28.1,962
10/4/2019 11:36,datasets/dataset_cropped/10_Metas/04/11/20191004113600_00160.jpg,datasets_flow/dataset_cropped/10_Metas/04/11/20191004113600_00160.jpg,datasets_cloudmask/dataset_cropped/10_Metas/04/11/20191004113600_00160.png,738.7,948,70.7,28.1,962
10/4/2019 11:37,datasets/dataset_cropped/10_Metas/04/11/20191004113700_00160.jpg,datasets_flow/dataset_cropped/10_Metas/04/11/20191004113700_00160.jpg,datasets_cloudmask/dataset_cropped/10_Metas/04/11/20191004113700_00160.png,740.5,949,70.9,28,962
10/4/2019 11:38,datasets/dataset_cropped/10_Metas/04/11/20191004113800_00160.jpg,datasets_flow/dataset_cropped/10_Metas/04/11/20191004113800_00160.jpg,datasets_cloudmask/dataset_cropped/10_Metas/04/11/20191004113800_00160.png,741.8,948,71.2,28,962
10/4/2019 11:39,datasets/dataset_cropped/10_Metas/04/11/20191004113900_00160.jpg,datasets_flow/dataset_cropped/10_Metas/04/11/20191004113900_00160.jpg,datasets_cloudmask/dataset_cropped/10_Metas/04/11/20191004113900_00160.png,743.5,949,71.3,28.2,962
10/4/2019 11:40,datasets/dataset_cropped/10_Metas/04/11/20191004114000_00160.jpg,datasets_flow/dataset_cropped/10_Metas/04/11/20191004114000_00160.jpg,datasets_cloudmask/dataset_cropped/10_Metas/04/11/20191004114000_00160.png,745.2,950,71.5,28.4,962
10/4/2019 11:41,datasets/dataset_cropped/10_Metas/04/11/20191004114100_00160.jpg,datasets_flow/dataset_cropped/10_Metas/04/11/20191004114100_00160.jpg,datasets_cloudmask/dataset_cropped/10_Metas/04/11/20191004114100_00160.png,745.8,949,71.6,28.5,962
10/4/2019 11:42,datasets/dataset_cropped/10_Metas/04/11/20191004114200_00160.jpg,datasets_flow/dataset_cropped/10_Metas/04/11/20191004114200_00160.jpg,datasets_cloudmask/dataset_cropped/10_Metas/04/11/20191004114200_00160.png,748.1,950,71.4,28.4,962
10/4/2019 11:43,datasets/dataset_cropped/10_Metas/04/11/20191004114300_00160.jpg,datasets_flow/dataset_cropped/10_Metas/04/11/20191004114300_00160.jpg,datasets_cloudmask/dataset_cropped/10_Metas/04/11/20191004114300_00160.png,749.4,951,71.4,28.3,962
10/4/2019 11:44,datasets/dataset_cropped/10_Metas/04/11/20191004114400_00160.jpg,datasets_flow/dataset_cropped/10_Metas/04/11/20191004114400_00160.jpg,datasets_cloudmask/dataset_cropped/10_Metas/04/11/20191004114400_00160.png,751.1,952,71.4,28.3,962
10/4/2019 11:45,datasets/dataset_cropped/10_Metas/04/11/20191004114500_00160.jpg,datasets_flow/dataset_cropped/10_Metas/04/11/20191004114500_00160.jpg,datasets_cloudmask/dataset_cropped/10_Metas/04/11/20191004114500_00160.png,751.3,951,71.1,28.3,962
10/4/2019 11:46,datasets/dataset_cropped/10_Metas/04/11/20191004114600_00160.jpg,datasets_flow/dataset_cropped/10_Metas/04/11/20191004114600_00160.jpg,datasets_cloudmask/dataset_cropped/10_Metas/04/11/20191004114600_00160.png,752,950,71.5,28.2,962
10/4/2019 11:47,datasets/dataset_cropped/10_Metas/04/11/20191004114700_00160.jpg,datasets_flow/dataset_cropped/10_Metas/04/11/20191004114700_00160.jpg,datasets_cloudmask/dataset_cropped/10_Metas/04/11/20191004114700_00160.png,752.2,948,72.4,28.2,962
10/4/2019 11:48,datasets/dataset_cropped/10_Metas/04/11/20191004114800_00160.jpg,datasets_flow/dataset_cropped/10_Metas/04/11/20191004114800_00160.jpg,datasets_cloudmask/dataset_cropped/10_Metas/04/11/20191004114800_00160.png,755.6,952,72,28.2,962
10/4/2019 11:49,datasets/dataset_cropped/10_Metas/04/11/20191004114900_00160.jpg,datasets_flow/dataset_cropped/10_Metas/04/11/20191004114900_00160.jpg,datasets_cloudmask/dataset_cropped/10_Metas/04/11/20191004114900_00160.png,756.5,952,71.9,28.2,962
10/4/2019 11:50,datasets/dataset_cropped/10_Metas/04/11/20191004115000_00160.jpg,datasets_flow/dataset_cropped/10_Metas/04/11/20191004115000_00160.jpg,datasets_cloudmask/dataset_cropped/10_Metas/04/11/20191004115000_00160.png,756.6,951,72,28.1,962
10/4/2019 11:51,datasets/dataset_cropped/10_Metas/04/11/20191004115100_00160.jpg,datasets_flow/dataset_cropped/10_Metas/04/11/20191004115100_00160.jpg,datasets_cloudmask/dataset_cropped/10_Metas/04/11/20191004115100_00160.png,759.1,953,71.7,28.4,962
10/4/2019 11:52,datasets/dataset_cropped/10_Metas/04/11/20191004115200_00160.jpg,datasets_flow/dataset_cropped/10_Metas/04/11/20191004115200_00160.jpg,datasets_cloudmask/dataset_cropped/10_Metas/04/11/20191004115200_00160.png,761.4,956,70.8,28.7,962
10/4/2019 11:53,datasets/dataset_cropped/10_Metas/04/11/20191004115300_00160.jpg,datasets_flow/dataset_cropped/10_Metas/04/11/20191004115300_00160.jpg,datasets_cloudmask/dataset_cropped/10_Metas/04/11/20191004115300_00160.png,762.5,956,70.8,28.6,962
10/4/2019 11:54,datasets/dataset_cropped/10_Metas/04/11/20191004115400_00160.jpg,datasets_flow/dataset_cropped/10_Metas/04/11/20191004115400_00160.jpg,datasets_cloudmask/dataset_cropped/10_Metas/04/11/20191004115400_00160.png,763.3,955,71.1,28.6,962
10/4/2019 11:55,datasets/dataset_cropped/10_Metas/04/11/20191004115500_00160.jpg,datasets_flow/dataset_cropped/10_Metas/04/11/20191004115500_00160.jpg,datasets_cloudmask/dataset_cropped/10_Metas/04/11/20191004115500_00160.png,764.6,956,71.2,28.4,962
10/4/2019 11:56,datasets/dataset_cropped/10_Metas/04/11/20191004115600_00160.jpg,datasets_flow/dataset_cropped/10_Metas/04/11/20191004115600_00160.jpg,datasets_cloudmask/dataset_cropped/10_Metas/04/11/20191004115600_00160.png,766.5,957,71.3,28.4,962
10/4/2019 11:57,datasets/dataset_cropped/10_Metas/04/11/20191004115700_00160.jpg,datasets_flow/dataset_cropped/10_Metas/04/11/20191004115700_00160.jpg,datasets_cloudmask/dataset_cropped/10_Metas/04/11/20191004115700_00160.png,768,959,71,28.5,962
10/4/2019 11:58,datasets/dataset_cropped/10_Metas/04/11/20191004115800_00160.jpg,datasets_flow/dataset_cropped/10_Metas/04/11/20191004115800_00160.jpg,datasets_cloudmask/dataset_cropped/10_Metas/04/11/20191004115800_00160.png,769.6,960,70.8,28.4,962
10/4/2019 11:59,datasets/dataset_cropped/10_Metas/04/11/20191004115900_00160.jpg,datasets_flow/dataset_cropped/10_Metas/04/11/20191004115900_00160.jpg,datasets_cloudmask/dataset_cropped/10_Metas/04/11/20191004115900_00160.png,771,960,70.9,28.4,962
10/4/2019 12:00,datasets/dataset_cropped/10_Metas/04/12/20191004120000_00160.jpg,datasets_flow/dataset_cropped/10_Metas/04/12/20191004120000_00160.jpg,datasets_cloudmask/dataset_cropped/10_Metas/04/12/20191004120000_00160.png,770.6,958,71.2,28.6,962
10/4/2019 12:01,datasets/dataset_cropped/10_Metas/04/12/20191004120100_00160.jpg,datasets_flow/dataset_cropped/10_Metas/04/12/20191004120100_00160.jpg,datasets_cloudmask/dataset_cropped/10_Metas/04/12/20191004120100_00160.png,770.5,956,71.7,28.6,962
10/4/2019 12:02,datasets/dataset_cropped/10_Metas/04/12/20191004120200_00160.jpg,datasets_flow/dataset_cropped/10_Metas/04/12/20191004120200_00160.jpg,datasets_cloudmask/dataset_cropped/10_Metas/04/12/20191004120200_00160.png,772,957,71.5,28.5,962
10/4/2019 12:03,datasets/dataset_cropped/10_Metas/04/12/20191004120300_00160.jpg,datasets_flow/dataset_cropped/10_Metas/04/12/20191004120300_00160.jpg,datasets_cloudmask/dataset_cropped/10_Metas/04/12/20191004120300_00160.png,771.6,955,71.9,28.6,962
10/4/2019 12:04,datasets/dataset_cropped/10_Metas/04/12/20191004120400_00160.jpg,datasets_flow/dataset_cropped/10_Metas/04/12/20191004120400_00160.jpg,datasets_cloudmask/dataset_cropped/10_Metas/04/12/20191004120400_00160.png,772,954,72,28.5,962
10/4/2019 12:05,datasets/dataset_cropped/10_Metas/04/12/20191004120500_00160.jpg,datasets_flow/dataset_cropped/10_Metas/04/12/20191004120500_00160.jpg,datasets_cloudmask/dataset_cropped/10_Metas/04/12/20191004120500_00160.png,773.7,955,72.1,28.5,962
10/4/2019 12:06,datasets/dataset_cropped/10_Metas/04/12/20191004120600_00160.jpg,datasets_flow/dataset_cropped/10_Metas/04/12/20191004120600_00160.jpg,datasets_cloudmask/dataset_cropped/10_Metas/04/12/20191004120600_00160.png,775.5,957,71.9,28.6,962
10/4/2019 12:07,datasets/dataset_cropped/10_Metas/04/12/20191004120700_00160.jpg,datasets_flow/dataset_cropped/10_Metas/04/12/20191004120700_00160.jpg,datasets_cloudmask/dataset_cropped/10_Metas/04/12/20191004120700_00160.png,775.6,957,71.9,28.5,962
10/4/2019 12:08,datasets/dataset_cropped/10_Metas/04/12/20191004120800_00160.jpg,datasets_flow/dataset_cropped/10_Metas/04/12/20191004120800_00160.jpg,datasets_cloudmask/dataset_cropped/10_Metas/04/12/20191004120800_00160.png,776.2,957,72,28.6,962
10/4/2019 12:09,datasets/dataset_cropped/10_Metas/04/12/20191004120900_00160.jpg,datasets_flow/dataset_cropped/10_Metas/04/12/20191004120900_00160.jpg,datasets_cloudmask/dataset_cropped/10_Metas/04/12/20191004120900_00160.png,777,957,72,28.6,962
10/4/2019 12:10,datasets/dataset_cropped/10_Metas/04/12/20191004121000_00160.jpg,datasets_flow/dataset_cropped/10_Metas/04/12/20191004121000_00160.jpg,datasets_cloudmask/dataset_cropped/10_Metas/04/12/20191004121000_00160.png,778.1,957,71.9,28.7,962
10/4/2019 12:11,datasets/dataset_cropped/10_Metas/04/12/20191004121100_00160.jpg,datasets_flow/dataset_cropped/10_Metas/04/12/20191004121100_00160.jpg,datasets_cloudmask/dataset_cropped/10_Metas/04/12/20191004121100_00160.png,778.3,957,72.1,28.9,962
10/4/2019 12:12,datasets/dataset_cropped/10_Metas/04/12/20191004121200_00160.jpg,datasets_flow/dataset_cropped/10_Metas/04/12/20191004121200_00160.jpg,datasets_cloudmask/dataset_cropped/10_Metas/04/12/20191004121200_00160.png,779.1,957,72.3,28.7,962
10/4/2019 12:13,datasets/dataset_cropped/10_Metas/04/12/20191004121300_00160.jpg,datasets_flow/dataset_cropped/10_Metas/04/12/20191004121300_00160.jpg,datasets_cloudmask/dataset_cropped/10_Metas/04/12/20191004121300_00160.png,780.4,957,72.5,28.5,962
10/4/2019 12:14,datasets/dataset_cropped/10_Metas/04/12/20191004121400_00160.jpg,datasets_flow/dataset_cropped/10_Metas/04/12/20191004121400_00160.jpg,datasets_cloudmask/dataset_cropped/10_Metas/04/12/20191004121400_00160.png,780.9,957,72.7,28.3,962
10/4/2019 12:15,datasets/dataset_cropped/10_Metas/04/12/20191004121500_00160.jpg,datasets_flow/dataset_cropped/10_Metas/04/12/20191004121500_00160.jpg,datasets_cloudmask/dataset_cropped/10_Metas/04/12/20191004121500_00160.png,780.3,955,72.9,28.4,962
10/4/2019 12:16,datasets/dataset_cropped/10_Metas/04/12/20191004121600_00160.jpg,datasets_flow/dataset_cropped/10_Metas/04/12/20191004121600_00160.jpg,datasets_cloudmask/dataset_cropped/10_Metas/04/12/20191004121600_00160.png,780.3,953,73.2,28.6,962
10/4/2019 12:17,datasets/dataset_cropped/10_Metas/04/12/20191004121700_00160.jpg,datasets_flow/dataset_cropped/10_Metas/04/12/20191004121700_00160.jpg,datasets_cloudmask/dataset_cropped/10_Metas/04/12/20191004121700_00160.png,780.3,952,73.9,28.4,962
10/4/2019 12:18,datasets/dataset_cropped/10_Metas/04/12/20191004121800_00160.jpg,datasets_flow/dataset_cropped/10_Metas/04/12/20191004121800_00160.jpg,datasets_cloudmask/dataset_cropped/10_Metas/04/12/20191004121800_00160.png,781.4,952,74,28.4,962
10/4/2019 12:19,datasets/dataset_cropped/10_Metas/04/12/20191004121900_00160.jpg,datasets_flow/dataset_cropped/10_Metas/04/12/20191004121900_00160.jpg,datasets_cloudmask/dataset_cropped/10_Metas/04/12/20191004121900_00160.png,783.2,955,73.5,28.5,962
10/4/2019 12:20,datasets/dataset_cropped/10_Metas/04/12/20191004122000_00160.jpg,datasets_flow/dataset_cropped/10_Metas/04/12/20191004122000_00160.jpg,datasets_cloudmask/dataset_cropped/10_Metas/04/12/20191004122000_00160.png,784.2,956,72.9,28.3,962
10/4/2019 12:21,datasets/dataset_cropped/10_Metas/04/12/20191004122100_00160.jpg,datasets_flow/dataset_cropped/10_Metas/04/12/20191004122100_00160.jpg,datasets_cloudmask/dataset_cropped/10_Metas/04/12/20191004122100_00160.png,786.1,958,72.5,28.4,962
10/4/2019 12:22,datasets/dataset_cropped/10_Metas/04/12/20191004122200_00160.jpg,datasets_flow/dataset_cropped/10_Metas/04/12/20191004122200_00160.jpg,datasets_cloudmask/dataset_cropped/10_Metas/04/12/20191004122200_00160.png,786.6,958,72.5,28.5,962
10/4/2019 12:23,datasets/dataset_cropped/10_Metas/04/12/20191004122300_00160.jpg,datasets_flow/dataset_cropped/10_Metas/04/12/20191004122300_00160.jpg,datasets_cloudmask/dataset_cropped/10_Metas/04/12/20191004122300_00160.png,786.1,955,73,28.6,962
10/4/2019 12:24,datasets/dataset_cropped/10_Metas/04/12/20191004122400_00160.jpg,datasets_flow/dataset_cropped/10_Metas/04/12/20191004122400_00160.jpg,datasets_cloudmask/dataset_cropped/10_Metas/04/12/20191004122400_00160.png,784.2,951,74,28.8,962
10/4/2019 12:25,datasets/dataset_cropped/10_Metas/04/12/20191004122500_00160.jpg,datasets_flow/dataset_cropped/10_Metas/04/12/20191004122500_00160.jpg,datasets_cloudmask/dataset_cropped/10_Metas/04/12/20191004122500_00160.png,783.9,949,75,28.8,962
10/4/2019 12:26,datasets/dataset_cropped/10_Metas/04/12/20191004122600_00160.jpg,datasets_flow/dataset_cropped/10_Metas/04/12/20191004122600_00160.jpg,datasets_cloudmask/dataset_cropped/10_Metas/04/12/20191004122600_00160.png,785.4,951,75.3,28.6,962
10/4/2019 12:27,datasets/dataset_cropped/10_Metas/04/12/20191004122700_00160.jpg,datasets_flow/dataset_cropped/10_Metas/04/12/20191004122700_00160.jpg,datasets_cloudmask/dataset_cropped/10_Metas/04/12/20191004122700_00160.png,786.6,952,75.2,28.4,962
10/4/2019 12:28,datasets/dataset_cropped/10_Metas/04/12/20191004122800_00160.jpg,datasets_flow/dataset_cropped/10_Metas/04/12/20191004122800_00160.jpg,datasets_cloudmask/dataset_cropped/10_Metas/04/12/20191004122800_00160.png,785.9,950,75,28.3,961
10/4/2019 12:29,datasets/dataset_cropped/10_Metas/04/12/20191004122900_00160.jpg,datasets_flow/dataset_cropped/10_Metas/04/12/20191004122900_00160.jpg,datasets_cloudmask/dataset_cropped/10_Metas/04/12/20191004122900_00160.png,786.9,951,74.9,28.4,961
10/4/2019 12:30,datasets/dataset_cropped/10_Metas/04/12/20191004123000_00160.jpg,datasets_flow/dataset_cropped/10_Metas/04/12/20191004123000_00160.jpg,datasets_cloudmask/dataset_cropped/10_Metas/04/12/20191004123000_00160.png,788.4,953,74.1,28.8,961
10/4/2019 12:31,datasets/dataset_cropped/10_Metas/04/12/20191004123100_00160.jpg,datasets_flow/dataset_cropped/10_Metas/04/12/20191004123100_00160.jpg,datasets_cloudmask/dataset_cropped/10_Metas/04/12/20191004123100_00160.png,789.2,953,73.9,28.9,962
10/4/2019 12:32,datasets/dataset_cropped/10_Metas/04/12/20191004123200_00160.jpg,datasets_flow/dataset_cropped/10_Metas/04/12/20191004123200_00160.jpg,datasets_cloudmask/dataset_cropped/10_Metas/04/12/20191004123200_00160.png,791.1,956,73.6,28.9,961
10/4/2019 12:33,datasets/dataset_cropped/10_Metas/04/12/20191004123300_00160.jpg,datasets_flow/dataset_cropped/10_Metas/04/12/20191004123300_00160.jpg,datasets_cloudmask/dataset_cropped/10_Metas/04/12/20191004123300_00160.png,791.7,956,73.5,28.9,961
10/4/2019 12:34,datasets/dataset_cropped/10_Metas/04/12/20191004123400_00160.jpg,datasets_flow/dataset_cropped/10_Metas/04/12/20191004123400_00160.jpg,datasets_cloudmask/dataset_cropped/10_Metas/04/12/20191004123400_00160.png,791.8,956,74.2,29.1,961
10/4/2019 12:35,datasets/dataset_cropped/10_Metas/04/12/20191004123500_00160.jpg,datasets_flow/dataset_cropped/10_Metas/04/12/20191004123500_00160.jpg,datasets_cloudmask/dataset_cropped/10_Metas/04/12/20191004123500_00160.png,789,950,75.2,29.1,961
10/4/2019 12:36,datasets/dataset_cropped/10_Metas/04/12/20191004123600_00160.jpg,datasets_flow/dataset_cropped/10_Metas/04/12/20191004123600_00160.jpg,datasets_cloudmask/dataset_cropped/10_Metas/04/12/20191004123600_00160.png,789.4,951,75.3,28.9,961
10/4/2019 12:37,datasets/dataset_cropped/10_Metas/04/12/20191004123700_00160.jpg,datasets_flow/dataset_cropped/10_Metas/04/12/20191004123700_00160.jpg,datasets_cloudmask/dataset_cropped/10_Metas/04/12/20191004123700_00160.png,791.7,954,75.3,28.7,961
10/4/2019 12:38,datasets/dataset_cropped/10_Metas/04/12/20191004123800_00160.jpg,datasets_flow/dataset_cropped/10_Metas/04/12/20191004123800_00160.jpg,datasets_cloudmask/dataset_cropped/10_Metas/04/12/20191004123800_00160.png,791.8,953,75.4,28.6,961
10/4/2019 12:39,datasets/dataset_cropped/10_Metas/04/12/20191004123900_00160.jpg,datasets_flow/dataset_cropped/10_Metas/04/12/20191004123900_00160.jpg,datasets_cloudmask/dataset_cropped/10_Metas/04/12/20191004123900_00160.png,790.5,952,74.9,28.6,961
10/4/2019 12:40,datasets/dataset_cropped/10_Metas/04/12/20191004124000_00160.jpg,datasets_flow/dataset_cropped/10_Metas/04/12/20191004124000_00160.jpg,datasets_cloudmask/dataset_cropped/10_Metas/04/12/20191004124000_00160.png,790.6,952,74.6,28.5,961
10/4/2019 12:41,datasets/dataset_cropped/10_Metas/04/12/20191004124100_00160.jpg,datasets_flow/dataset_cropped/10_Metas/04/12/20191004124100_00160.jpg,datasets_cloudmask/dataset_cropped/10_Metas/04/12/20191004124100_00160.png,792.4,954,74.3,28.6,961
10/4/2019 12:42,datasets/dataset_cropped/10_Metas/04/12/20191004124200_00160.jpg,datasets_flow/dataset_cropped/10_Metas/04/12/20191004124200_00160.jpg,datasets_cloudmask/dataset_cropped/10_Metas/04/12/20191004124200_00160.png,794.6,958,74.1,28.9,961
10/4/2019 12:43,datasets/dataset_cropped/10_Metas/04/12/20191004124300_00160.jpg,datasets_flow/dataset_cropped/10_Metas/04/12/20191004124300_00160.jpg,datasets_cloudmask/dataset_cropped/10_Metas/04/12/20191004124300_00160.png,796.2,960,73.6,29.1,961
10/4/2019 12:44,datasets/dataset_cropped/10_Metas/04/12/20191004124400_00160.jpg,datasets_flow/dataset_cropped/10_Metas/04/12/20191004124400_00160.jpg,datasets_cloudmask/dataset_cropped/10_Metas/04/12/20191004124400_00160.png,796.2,958,73.8,28.9,961
10/4/2019 12:45,datasets/dataset_cropped/10_Metas/04/12/20191004124500_00160.jpg,datasets_flow/dataset_cropped/10_Metas/04/12/20191004124500_00160.jpg,datasets_cloudmask/dataset_cropped/10_Metas/04/12/20191004124500_00160.png,796.2,958,73.9,28.8,961
10/4/2019 12:46,datasets/dataset_cropped/10_Metas/04/12/20191004124600_00160.jpg,datasets_flow/dataset_cropped/10_Metas/04/12/20191004124600_00160.jpg,datasets_cloudmask/dataset_cropped/10_Metas/04/12/20191004124600_00160.png,797.8,960,73.9,28.9,961
10/4/2019 12:47,datasets/dataset_cropped/10_Metas/04/12/20191004124700_00160.jpg,datasets_flow/dataset_cropped/10_Metas/04/12/20191004124700_00160.jpg,datasets_cloudmask/dataset_cropped/10_Metas/04/12/20191004124700_00160.png,796.8,957,74.4,28.9,961
10/4/2019 12:48,datasets/dataset_cropped/10_Metas/04/12/20191004124800_00160.jpg,datasets_flow/dataset_cropped/10_Metas/04/12/20191004124800_00160.jpg,datasets_cloudmask/dataset_cropped/10_Metas/04/12/20191004124800_00160.png,793.6,952,75,28.7,961
10/4/2019 12:49,datasets/dataset_cropped/10_Metas/04/12/20191004124928_00160.jpg,datasets_flow/dataset_cropped/10_Metas/04/12/20191004124928_00160.jpg,datasets_cloudmask/dataset_cropped/10_Metas/04/12/20191004124928_00160.png,793,951,75.5,28.6,961
10/4/2019 12:50,datasets/dataset_cropped/10_Metas/04/12/20191004125000_00160.jpg,datasets_flow/dataset_cropped/10_Metas/04/12/20191004125000_00160.jpg,datasets_cloudmask/dataset_cropped/10_Metas/04/12/20191004125000_00160.png,793.3,951,75.5,28.6,961
10/4/2019 12:51,datasets/dataset_cropped/10_Metas/04/12/20191004125100_00160.jpg,datasets_flow/dataset_cropped/10_Metas/04/12/20191004125100_00160.jpg,datasets_cloudmask/dataset_cropped/10_Metas/04/12/20191004125100_00160.png,791.6,948,76.4,28.7,961
10/4/2019 12:52,datasets/dataset_cropped/10_Metas/04/12/20191004125200_00160.jpg,datasets_flow/dataset_cropped/10_Metas/04/12/20191004125200_00160.jpg,datasets_cloudmask/dataset_cropped/10_Metas/04/12/20191004125200_00160.png,790.3,946,76.5,29,961
10/4/2019 12:53,datasets/dataset_cropped/10_Metas/04/12/20191004125300_00160.jpg,datasets_flow/dataset_cropped/10_Metas/04/12/20191004125300_00160.jpg,datasets_cloudmask/dataset_cropped/10_Metas/04/12/20191004125300_00160.png,792.7,949,76.4,29.3,961
10/4/2019 12:54,datasets/dataset_cropped/10_Metas/04/12/20191004125400_00160.jpg,datasets_flow/dataset_cropped/10_Metas/04/12/20191004125400_00160.jpg,datasets_cloudmask/dataset_cropped/10_Metas/04/12/20191004125400_00160.png,794.1,951,76,28.9,961
10/4/2019 12:55,datasets/dataset_cropped/10_Metas/04/12/20191004125500_00160.jpg,datasets_flow/dataset_cropped/10_Metas/04/12/20191004125500_00160.jpg,datasets_cloudmask/dataset_cropped/10_Metas/04/12/20191004125500_00160.png,793.3,950,75.5,28.7,961
10/4/2019 12:56,datasets/dataset_cropped/10_Metas/04/12/20191004125600_00160.jpg,datasets_flow/dataset_cropped/10_Metas/04/12/20191004125600_00160.jpg,datasets_cloudmask/dataset_cropped/10_Metas/04/12/20191004125600_00160.png,794.1,951,75.2,28.7,961
10/4/2019 12:57,datasets/dataset_cropped/10_Metas/04/12/20191004125700_00160.jpg,datasets_flow/dataset_cropped/10_Metas/04/12/20191004125700_00160.jpg,datasets_cloudmask/dataset_cropped/10_Metas/04/12/20191004125700_00160.png,794,951,75.3,28.7,961
10/4/2019 12:58,datasets/dataset_cropped/10_Metas/04/12/20191004125800_00160.jpg,datasets_flow/dataset_cropped/10_Metas/04/12/20191004125800_00160.jpg,datasets_cloudmask/dataset_cropped/10_Metas/04/12/20191004125800_00160.png,794.8,952,75.2,28.7,961
10/4/2019 12:59,datasets/dataset_cropped/10_Metas/04/12/20191004125900_00160.jpg,datasets_flow/dataset_cropped/10_Metas/04/12/20191004125900_00160.jpg,datasets_cloudmask/dataset_cropped/10_Metas/04/12/20191004125900_00160.png,792.8,949,75.7,28.8,961
10/4/2019 13:00,datasets/dataset_cropped/10_Metas/04/13/20191004130000_00160.jpg,datasets_flow/dataset_cropped/10_Metas/04/13/20191004130000_00160.jpg,datasets_cloudmask/dataset_cropped/10_Metas/04/13/20191004130000_00160.png,792.2,948,76,28.7,961
10/4/2019 13:01,datasets/dataset_cropped/10_Metas/04/13/20191004130100_00160.jpg,datasets_flow/dataset_cropped/10_Metas/04/13/20191004130100_00160.jpg,datasets_cloudmask/dataset_cropped/10_Metas/04/13/20191004130100_00160.png,792.7,949,76,28.8,961
10/4/2019 13:02,datasets/dataset_cropped/10_Metas/04/13/20191004130200_00160.jpg,datasets_flow/dataset_cropped/10_Metas/04/13/20191004130200_00160.jpg,datasets_cloudmask/dataset_cropped/10_Metas/04/13/20191004130200_00160.png,791.1,946,76.2,28.8,961
10/4/2019 13:03,datasets/dataset_cropped/10_Metas/04/13/20191004130300_00160.jpg,datasets_flow/dataset_cropped/10_Metas/04/13/20191004130300_00160.jpg,datasets_cloudmask/dataset_cropped/10_Metas/04/13/20191004130300_00160.png,791.9,948,76,29,961
10/4/2019 13:04,datasets/dataset_cropped/10_Metas/04/13/20191004130400_00160.jpg,datasets_flow/dataset_cropped/10_Metas/04/13/20191004130400_00160.jpg,datasets_cloudmask/dataset_cropped/10_Metas/04/13/20191004130400_00160.png,793.7,950,76.2,29.1,961
10/4/2019 13:05,datasets/dataset_cropped/10_Metas/04/13/20191004130500_00160.jpg,datasets_flow/dataset_cropped/10_Metas/04/13/20191004130500_00160.jpg,datasets_cloudmask/dataset_cropped/10_Metas/04/13/20191004130500_00160.png,794.3,952,75.7,29.1,961
10/4/2019 13:06,datasets/dataset_cropped/10_Metas/04/13/20191004130600_00160.jpg,datasets_flow/dataset_cropped/10_Metas/04/13/20191004130600_00160.jpg,datasets_cloudmask/dataset_cropped/10_Metas/04/13/20191004130600_00160.png,793.9,952,75.3,28.7,961
10/4/2019 13:07,datasets/dataset_cropped/10_Metas/04/13/20191004130700_00160.jpg,datasets_flow/dataset_cropped/10_Metas/04/13/20191004130700_00160.jpg,datasets_cloudmask/dataset_cropped/10_Metas/04/13/20191004130700_00160.png,793.5,951,75,28.5,961
10/4/2019 13:08,datasets/dataset_cropped/10_Metas/04/13/20191004130800_00160.jpg,datasets_flow/dataset_cropped/10_Metas/04/13/20191004130800_00160.jpg,datasets_cloudmask/dataset_cropped/10_Metas/04/13/20191004130800_00160.png,793.2,951,74.9,28.6,961
10/4/2019 13:09,datasets/dataset_cropped/10_Metas/04/13/20191004130900_00160.jpg,datasets_flow/dataset_cropped/10_Metas/04/13/20191004130900_00160.jpg,datasets_cloudmask/dataset_cropped/10_Metas/04/13/20191004130900_00160.png,792.2,950,75,28.6,961
10/4/2019 13:10,datasets/dataset_cropped/10_Metas/04/13/20191004131000_00160.jpg,datasets_flow/dataset_cropped/10_Metas/04/13/20191004131000_00160.jpg,datasets_cloudmask/dataset_cropped/10_Metas/04/13/20191004131000_00160.png,791.8,949,75.3,28.6,961
10/4/2019 13:11,datasets/dataset_cropped/10_Metas/04/13/20191004131100_00160.jpg,datasets_flow/dataset_cropped/10_Metas/04/13/20191004131100_00160.jpg,datasets_cloudmask/dataset_cropped/10_Metas/04/13/20191004131100_00160.png,792.4,951,75.3,28.8,961
10/4/2019 13:12,datasets/dataset_cropped/10_Metas/04/13/20191004131200_00160.jpg,datasets_flow/dataset_cropped/10_Metas/04/13/20191004131200_00160.jpg,datasets_cloudmask/dataset_cropped/10_Metas/04/13/20191004131200_00160.png,792.9,951,75.5,28.8,961
10/4/2019 13:13,datasets/dataset_cropped/10_Metas/04/13/20191004131300_00160.jpg,datasets_flow/dataset_cropped/10_Metas/04/13/20191004131300_00160.jpg,datasets_cloudmask/dataset_cropped/10_Metas/04/13/20191004131300_00160.png,792.4,951,75.3,28.9,961
10/4/2019 13:14,datasets/dataset_cropped/10_Metas/04/13/20191004131400_00160.jpg,datasets_flow/dataset_cropped/10_Metas/04/13/20191004131400_00160.jpg,datasets_cloudmask/dataset_cropped/10_Metas/04/13/20191004131400_00160.png,793.1,953,75.1,29,961
10/4/2019 13:15,datasets/dataset_cropped/10_Metas/04/13/20191004131500_00160.jpg,datasets_flow/dataset_cropped/10_Metas/04/13/20191004131500_00160.jpg,datasets_cloudmask/dataset_cropped/10_Metas/04/13/20191004131500_00160.png,792.3,952,74.9,28.7,961
10/4/2019 13:16,datasets/dataset_cropped/10_Metas/04/13/20191004131600_00160.jpg,datasets_flow/dataset_cropped/10_Metas/04/13/20191004131600_00160.jpg,datasets_cloudmask/dataset_cropped/10_Metas/04/13/20191004131600_00160.png,790.2,950,75,28.9,961
10/4/2019 13:17,datasets/dataset_cropped/10_Metas/04/13/20191004131700_00160.jpg,datasets_flow/dataset_cropped/10_Metas/04/13/20191004131700_00160.jpg,datasets_cloudmask/dataset_cropped/10_Metas/04/13/20191004131700_00160.png,789.9,949,75.3,28.9,961
10/4/2019 13:18,datasets/dataset_cropped/10_Metas/04/13/20191004131800_00160.jpg,datasets_flow/dataset_cropped/10_Metas/04/13/20191004131800_00160.jpg,datasets_cloudmask/dataset_cropped/10_Metas/04/13/20191004131800_00160.png,789.1,949,74.8,28.9,961
10/4/2019 13:19,datasets/dataset_cropped/10_Metas/04/13/20191004131900_00160.jpg,datasets_flow/dataset_cropped/10_Metas/04/13/20191004131900_00160.jpg,datasets_cloudmask/dataset_cropped/10_Metas/04/13/20191004131900_00160.png,789.2,950,74.8,29.1,961
10/4/2019 13:20,datasets/dataset_cropped/10_Metas/04/13/20191004132000_00160.jpg,datasets_flow/dataset_cropped/10_Metas/04/13/20191004132000_00160.jpg,datasets_cloudmask/dataset_cropped/10_Metas/04/13/20191004132000_00160.png,788.8,950,74.7,29.6,961
10/4/2019 13:21,datasets/dataset_cropped/10_Metas/04/13/20191004132100_00160.jpg,datasets_flow/dataset_cropped/10_Metas/04/13/20191004132100_00160.jpg,datasets_cloudmask/dataset_cropped/10_Metas/04/13/20191004132100_00160.png,787.3,948,74.8,29.3,961
10/4/2019 13:22,datasets/dataset_cropped/10_Metas/04/13/20191004132200_00160.jpg,datasets_flow/dataset_cropped/10_Metas/04/13/20191004132200_00160.jpg,datasets_cloudmask/dataset_cropped/10_Metas/04/13/20191004132200_00160.png,786.9,947,75,29.1,961
10/4/2019 13:23,datasets/dataset_cropped/10_Metas/04/13/20191004132300_00160.jpg,datasets_flow/dataset_cropped/10_Metas/04/13/20191004132300_00160.jpg,datasets_cloudmask/dataset_cropped/10_Metas/04/13/20191004132300_00160.png,786.8,948,74.7,28.9,961
10/4/2019 13:24,datasets/dataset_cropped/10_Metas/04/13/20191004132400_00160.jpg,datasets_flow/dataset_cropped/10_Metas/04/13/20191004132400_00160.jpg,datasets_cloudmask/dataset_cropped/10_Metas/04/13/20191004132400_00160.png,786.2,947,74.9,28.6,961
10/4/2019 13:25,datasets/dataset_cropped/10_Metas/04/13/20191004132500_00160.jpg,datasets_flow/dataset_cropped/10_Metas/04/13/20191004132500_00160.jpg,datasets_cloudmask/dataset_cropped/10_Metas/04/13/20191004132500_00160.png,786.3,948,75.1,28.8,961
10/4/2019 13:26,datasets/dataset_cropped/10_Metas/04/13/20191004132600_00160.jpg,datasets_flow/dataset_cropped/10_Metas/04/13/20191004132600_00160.jpg,datasets_cloudmask/dataset_cropped/10_Metas/04/13/20191004132600_00160.png,785,947,75.1,29,961
10/4/2019 13:27,datasets/dataset_cropped/10_Metas/04/13/20191004132700_00160.jpg,datasets_flow/dataset_cropped/10_Metas/04/13/20191004132700_00160.jpg,datasets_cloudmask/dataset_cropped/10_Metas/04/13/20191004132700_00160.png,783.8,945,75.4,29,961
10/4/2019 13:28,datasets/dataset_cropped/10_Metas/04/13/20191004132800_00160.jpg,datasets_flow/dataset_cropped/10_Metas/04/13/20191004132800_00160.jpg,datasets_cloudmask/dataset_cropped/10_Metas/04/13/20191004132800_00160.png,783.3,945,75.4,29.1,961
10/4/2019 13:29,datasets/dataset_cropped/10_Metas/04/13/20191004132900_00160.jpg,datasets_flow/dataset_cropped/10_Metas/04/13/20191004132900_00160.jpg,datasets_cloudmask/dataset_cropped/10_Metas/04/13/20191004132900_00160.png,783.9,947,75.5,29.3,961
10/4/2019 13:30,datasets/dataset_cropped/10_Metas/04/13/20191004133000_00160.jpg,datasets_flow/dataset_cropped/10_Metas/04/13/20191004133000_00160.jpg,datasets_cloudmask/dataset_cropped/10_Metas/04/13/20191004133000_00160.png,783.1,947,75.4,29.2,961
10/4/2019 13:31,datasets/dataset_cropped/10_Metas/04/13/20191004133100_00160.jpg,datasets_flow/dataset_cropped/10_Metas/04/13/20191004133100_00160.jpg,datasets_cloudmask/dataset_cropped/10_Metas/04/13/20191004133100_00160.png,782.8,947,75.6,29,961
10/4/2019 13:32,datasets/dataset_cropped/10_Metas/04/13/20191004133200_00160.jpg,datasets_flow/dataset_cropped/10_Metas/04/13/20191004133200_00160.jpg,datasets_cloudmask/dataset_cropped/10_Metas/04/13/20191004133200_00160.png,781.7,946,75.5,28.8,961
10/4/2019 13:33,datasets/dataset_cropped/10_Metas/04/13/20191004133300_00160.jpg,datasets_flow/dataset_cropped/10_Metas/04/13/20191004133300_00160.jpg,datasets_cloudmask/dataset_cropped/10_Metas/04/13/20191004133300_00160.png,781.3,947,75,28.5,961
10/4/2019 13:34,datasets/dataset_cropped/10_Metas/04/13/20191004133400_00160.jpg,datasets_flow/dataset_cropped/10_Metas/04/13/20191004133400_00160.jpg,datasets_cloudmask/dataset_cropped/10_Metas/04/13/20191004133400_00160.png,781.1,947,74.8,28.6,961
10/4/2019 13:35,datasets/dataset_cropped/10_Metas/04/13/20191004133500_00160.jpg,datasets_flow/dataset_cropped/10_Metas/04/13/20191004133500_00160.jpg,datasets_cloudmask/dataset_cropped/10_Metas/04/13/20191004133500_00160.png,780.6,946,74.9,28.7,961
10/4/2019 13:36,datasets/dataset_cropped/10_Metas/04/13/20191004133600_00160.jpg,datasets_flow/dataset_cropped/10_Metas/04/13/20191004133600_00160.jpg,datasets_cloudmask/dataset_cropped/10_Metas/04/13/20191004133600_00160.png,779.1,945,75,29,961
10/4/2019 13:37,datasets/dataset_cropped/10_Metas/04/13/20191004133700_00160.jpg,datasets_flow/dataset_cropped/10_Metas/04/13/20191004133700_00160.jpg,datasets_cloudmask/dataset_cropped/10_Metas/04/13/20191004133700_00160.png,779.3,947,74.9,29.1,961
10/4/2019 13:38,datasets/dataset_cropped/10_Metas/04/13/20191004133800_00160.jpg,datasets_flow/dataset_cropped/10_Metas/04/13/20191004133800_00160.jpg,datasets_cloudmask/dataset_cropped/10_Metas/04/13/20191004133800_00160.png,778.2,946,74.7,29.1,961
10/4/2019 13:39,datasets/dataset_cropped/10_Metas/04/13/20191004133900_00160.jpg,datasets_flow/dataset_cropped/10_Metas/04/13/20191004133900_00160.jpg,datasets_cloudmask/dataset_cropped/10_Metas/04/13/20191004133900_00160.png,777.3,946,74.5,29.3,961
10/4/2019 13:40,datasets/dataset_cropped/10_Metas/04/13/20191004134000_00160.jpg,datasets_flow/dataset_cropped/10_Metas/04/13/20191004134000_00160.jpg,datasets_cloudmask/dataset_cropped/10_Metas/04/13/20191004134000_00160.png,776.1,944,74.7,29.2,961
10/4/2019 13:41,datasets/dataset_cropped/10_Metas/04/13/20191004134100_00160.jpg,datasets_flow/dataset_cropped/10_Metas/04/13/20191004134100_00160.jpg,datasets_cloudmask/dataset_cropped/10_Metas/04/13/20191004134100_00160.png,774.8,943,75,29.2,961
10/4/2019 13:42,datasets/dataset_cropped/10_Metas/04/13/20191004134200_00160.jpg,datasets_flow/dataset_cropped/10_Metas/04/13/20191004134200_00160.jpg,datasets_cloudmask/dataset_cropped/10_Metas/04/13/20191004134200_00160.png,774.6,943,75.5,29.3,961
10/4/2019 13:43,datasets/dataset_cropped/10_Metas/04/13/20191004134300_00160.jpg,datasets_flow/dataset_cropped/10_Metas/04/13/20191004134300_00160.jpg,datasets_cloudmask/dataset_cropped/10_Metas/04/13/20191004134300_00160.png,774,944,75,29.1,961
10/4/2019 13:44,datasets/dataset_cropped/10_Metas/04/13/20191004134400_00160.jpg,datasets_flow/dataset_cropped/10_Metas/04/13/20191004134400_00160.jpg,datasets_cloudmask/dataset_cropped/10_Metas/04/13/20191004134400_00160.png,773.4,945,74.5,29.2,961
10/4/2019 13:45,datasets/dataset_cropped/10_Metas/04/13/20191004134500_00160.jpg,datasets_flow/dataset_cropped/10_Metas/04/13/20191004134500_00160.jpg,datasets_cloudmask/dataset_cropped/10_Metas/04/13/20191004134500_00160.png,772,943,74.5,29.3,961
10/4/2019 13:46,datasets/dataset_cropped/10_Metas/04/13/20191004134600_00160.jpg,datasets_flow/dataset_cropped/10_Metas/04/13/20191004134600_00160.jpg,datasets_cloudmask/dataset_cropped/10_Metas/04/13/20191004134600_00160.png,770.5,941,74.9,29.2,961
10/4/2019 13:47,datasets/dataset_cropped/10_Metas/04/13/20191004134700_00160.jpg,datasets_flow/dataset_cropped/10_Metas/04/13/20191004134700_00160.jpg,datasets_cloudmask/dataset_cropped/10_Metas/04/13/20191004134700_00160.png,769.2,940,75.3,29,961
10/4/2019 13:48,datasets/dataset_cropped/10_Metas/04/13/20191004134800_00160.jpg,datasets_flow/dataset_cropped/10_Metas/04/13/20191004134800_00160.jpg,datasets_cloudmask/dataset_cropped/10_Metas/04/13/20191004134800_00160.png,768.6,941,75.3,28.9,961
10/4/2019 13:49,datasets/dataset_cropped/10_Metas/04/13/20191004134900_00160.jpg,datasets_flow/dataset_cropped/10_Metas/04/13/20191004134900_00160.jpg,datasets_cloudmask/dataset_cropped/10_Metas/04/13/20191004134900_00160.png,767,940,75,29.2,961
10/4/2019 13:50,datasets/dataset_cropped/10_Metas/04/13/20191004135000_00160.jpg,datasets_flow/dataset_cropped/10_Metas/04/13/20191004135000_00160.jpg,datasets_cloudmask/dataset_cropped/10_Metas/04/13/20191004135000_00160.png,766,939,74.9,29.3,960
10/4/2019 13:51,datasets/dataset_cropped/10_Metas/04/13/20191004135100_00160.jpg,datasets_flow/dataset_cropped/10_Metas/04/13/20191004135100_00160.jpg,datasets_cloudmask/dataset_cropped/10_Metas/04/13/20191004135100_00160.png,765.2,939,74.8,29.3,960
10/4/2019 13:52,datasets/dataset_cropped/10_Metas/04/13/20191004135200_00160.jpg,datasets_flow/dataset_cropped/10_Metas/04/13/20191004135200_00160.jpg,datasets_cloudmask/dataset_cropped/10_Metas/04/13/20191004135200_00160.png,764.8,940,74.6,29.1,960
10/4/2019 13:53,datasets/dataset_cropped/10_Metas/04/13/20191004135300_00160.jpg,datasets_flow/dataset_cropped/10_Metas/04/13/20191004135300_00160.jpg,datasets_cloudmask/dataset_cropped/10_Metas/04/13/20191004135300_00160.png,764.6,941,74.6,29.1,960
10/4/2019 13:54,datasets/dataset_cropped/10_Metas/04/13/20191004135400_00160.jpg,datasets_flow/dataset_cropped/10_Metas/04/13/20191004135400_00160.jpg,datasets_cloudmask/dataset_cropped/10_Metas/04/13/20191004135400_00160.png,764.1,942,74.7,29.1,960
10/4/2019 13:55,datasets/dataset_cropped/10_Metas/04/13/20191004135500_00160.jpg,datasets_flow/dataset_cropped/10_Metas/04/13/20191004135500_00160.jpg,datasets_cloudmask/dataset_cropped/10_Metas/04/13/20191004135500_00160.png,762.7,941,74.4,28.9,960
10/4/2019 13:56,datasets/dataset_cropped/10_Metas/04/13/20191004135600_00160.jpg,datasets_flow/dataset_cropped/10_Metas/04/13/20191004135600_00160.jpg,datasets_cloudmask/dataset_cropped/10_Metas/04/13/20191004135600_00160.png,761.8,941,74.4,28.8,960
10/4/2019 13:57,datasets/dataset_cropped/10_Metas/04/13/20191004135700_00160.jpg,datasets_flow/dataset_cropped/10_Metas/04/13/20191004135700_00160.jpg,datasets_cloudmask/dataset_cropped/10_Metas/04/13/20191004135700_00160.png,760.9,941,74.2,29,961
10/4/2019 13:58,datasets/dataset_cropped/10_Metas/04/13/20191004135800_00160.jpg,datasets_flow/dataset_cropped/10_Metas/04/13/20191004135800_00160.jpg,datasets_cloudmask/dataset_cropped/10_Metas/04/13/20191004135800_00160.png,759.2,939,74.4,29.2,960
10/4/2019 13:59,datasets/dataset_cropped/10_Metas/04/13/20191004135900_00160.jpg,datasets_flow/dataset_cropped/10_Metas/04/13/20191004135900_00160.jpg,datasets_cloudmask/dataset_cropped/10_Metas/04/13/20191004135900_00160.png,758.4,939,74.3,29.2,961
10/4/2019 14:00,datasets/dataset_cropped/10_Metas/04/14/20191004140000_00160.jpg,datasets_flow/dataset_cropped/10_Metas/04/14/20191004140000_00160.jpg,datasets_cloudmask/dataset_cropped/10_Metas/04/14/20191004140000_00160.png,757.7,939,74.4,29.2,961
10/4/2019 14:01,datasets/dataset_cropped/10_Metas/04/14/20191004140100_00160.jpg,datasets_flow/dataset_cropped/10_Metas/04/14/20191004140100_00160.jpg,datasets_cloudmask/dataset_cropped/10_Metas/04/14/20191004140100_00160.png,756.6,939,74.4,28.9,960
10/4/2019 14:02,datasets/dataset_cropped/10_Metas/04/14/20191004140200_00160.jpg,datasets_flow/dataset_cropped/10_Metas/04/14/20191004140200_00160.jpg,datasets_cloudmask/dataset_cropped/10_Metas/04/14/20191004140200_00160.png,755,938,74.6,28.9,961
10/4/2019 14:03,datasets/dataset_cropped/10_Metas/04/14/20191004140300_00160.jpg,datasets_flow/dataset_cropped/10_Metas/04/14/20191004140300_00160.jpg,datasets_cloudmask/dataset_cropped/10_Metas/04/14/20191004140300_00160.png,754.1,938,74.7,29,960
10/4/2019 14:04,datasets/dataset_cropped/10_Metas/04/14/20191004140400_00160.jpg,datasets_flow/dataset_cropped/10_Metas/04/14/20191004140400_00160.jpg,datasets_cloudmask/dataset_cropped/10_Metas/04/14/20191004140400_00160.png,752.7,938,74.7,28.9,960
10/4/2019 14:05,datasets/dataset_cropped/10_Metas/04/14/20191004140500_00160.jpg,datasets_flow/dataset_cropped/10_Metas/04/14/20191004140500_00160.jpg,datasets_cloudmask/dataset_cropped/10_Metas/04/14/20191004140500_00160.png,751.3,937,74.7,29,960
10/4/2019 14:06,datasets/dataset_cropped/10_Metas/04/14/20191004140600_00160.jpg,datasets_flow/dataset_cropped/10_Metas/04/14/20191004140600_00160.jpg,datasets_cloudmask/dataset_cropped/10_Metas/04/14/20191004140600_00160.png,750.5,937,74.7,29.1,960
10/4/2019 14:07,datasets/dataset_cropped/10_Metas/04/14/20191004140700_00160.jpg,datasets_flow/dataset_cropped/10_Metas/04/14/20191004140700_00160.jpg,datasets_cloudmask/dataset_cropped/10_Metas/04/14/20191004140700_00160.png,748.9,936,74.6,29,961
10/4/2019 14:08,datasets/dataset_cropped/10_Metas/04/14/20191004140800_00160.jpg,datasets_flow/dataset_cropped/10_Metas/04/14/20191004140800_00160.jpg,datasets_cloudmask/dataset_cropped/10_Metas/04/14/20191004140800_00160.png,747.3,935,74.8,29.1,960
10/4/2019 14:09,datasets/dataset_cropped/10_Metas/04/14/20191004140900_00160.jpg,datasets_flow/dataset_cropped/10_Metas/04/14/20191004140900_00160.jpg,datasets_cloudmask/dataset_cropped/10_Metas/04/14/20191004140900_00160.png,746.1,934,75,29.2,960
10/4/2019 14:10,datasets/dataset_cropped/10_Metas/04/14/20191004141000_00160.jpg,datasets_flow/dataset_cropped/10_Metas/04/14/20191004141000_00160.jpg,datasets_cloudmask/dataset_cropped/10_Metas/04/14/20191004141000_00160.png,745.1,935,74.2,28.8,960
10/4/2019 14:11,datasets/dataset_cropped/10_Metas/04/14/20191004141100_00160.jpg,datasets_flow/dataset_cropped/10_Metas/04/14/20191004141100_00160.jpg,datasets_cloudmask/dataset_cropped/10_Metas/04/14/20191004141100_00160.png,744.3,936,73.7,28.8,960
10/4/2019 14:12,datasets/dataset_cropped/10_Metas/04/14/20191004141200_00160.jpg,datasets_flow/dataset_cropped/10_Metas/04/14/20191004141200_00160.jpg,datasets_cloudmask/dataset_cropped/10_Metas/04/14/20191004141200_00160.png,742.7,935,73.8,28.9,960
10/4/2019 14:13,datasets/dataset_cropped/10_Metas/04/14/20191004141300_00160.jpg,datasets_flow/dataset_cropped/10_Metas/04/14/20191004141300_00160.jpg,datasets_cloudmask/dataset_cropped/10_Metas/04/14/20191004141300_00160.png,741.3,934,74,28.9,960
10/4/2019 14:14,datasets/dataset_cropped/10_Metas/04/14/20191004141400_00160.jpg,datasets_flow/dataset_cropped/10_Metas/04/14/20191004141400_00160.jpg,datasets_cloudmask/dataset_cropped/10_Metas/04/14/20191004141400_00160.png,740.7,934,73.9,28.9,960
10/4/2019 14:15,datasets/dataset_cropped/10_Metas/04/14/20191004141500_00160.jpg,datasets_flow/dataset_cropped/10_Metas/04/14/20191004141500_00160.jpg,datasets_cloudmask/dataset_cropped/10_Metas/04/14/20191004141500_00160.png,739.1,934,74,29.1,960
10/4/2019 14:16,datasets/dataset_cropped/10_Metas/04/14/20191004141600_00160.jpg,datasets_flow/dataset_cropped/10_Metas/04/14/20191004141600_00160.jpg,datasets_cloudmask/dataset_cropped/10_Metas/04/14/20191004141600_00160.png,737.8,933,74.1,28.9,960
10/4/2019 14:17,datasets/dataset_cropped/10_Metas/04/14/20191004141700_00160.jpg,datasets_flow/dataset_cropped/10_Metas/04/14/20191004141700_00160.jpg,datasets_cloudmask/dataset_cropped/10_Metas/04/14/20191004141700_00160.png,735.9,932,74.1,28.9,960
10/4/2019 14:18,datasets/dataset_cropped/10_Metas/04/14/20191004141800_00160.jpg,datasets_flow/dataset_cropped/10_Metas/04/14/20191004141800_00160.jpg,datasets_cloudmask/dataset_cropped/10_Metas/04/14/20191004141800_00160.png,735,933,74.1,28.8,960
10/4/2019 14:19,datasets/dataset_cropped/10_Metas/04/14/20191004141900_00160.jpg,datasets_flow/dataset_cropped/10_Metas/04/14/20191004141900_00160.jpg,datasets_cloudmask/dataset_cropped/10_Metas/04/14/20191004141900_00160.png,733.9,933,73.8,29,960
10/4/2019 14:20,datasets/dataset_cropped/10_Metas/04/14/20191004142000_00160.jpg,datasets_flow/dataset_cropped/10_Metas/04/14/20191004142000_00160.jpg,datasets_cloudmask/dataset_cropped/10_Metas/04/14/20191004142000_00160.png,731.8,931,73.9,29,960
10/4/2019 14:21,datasets/dataset_cropped/10_Metas/04/14/20191004142100_00160.jpg,datasets_flow/dataset_cropped/10_Metas/04/14/20191004142100_00160.jpg,datasets_cloudmask/dataset_cropped/10_Metas/04/14/20191004142100_00160.png,730,930,74,28.8,960
10/4/2019 14:22,datasets/dataset_cropped/10_Metas/04/14/20191004142200_00160.jpg,datasets_flow/dataset_cropped/10_Metas/04/14/20191004142200_00160.jpg,datasets_cloudmask/dataset_cropped/10_Metas/04/14/20191004142200_00160.png,728.2,929,74.5,28.8,960
10/4/2019 14:23,datasets/dataset_cropped/10_Metas/04/14/20191004142300_00160.jpg,datasets_flow/dataset_cropped/10_Metas/04/14/20191004142300_00160.jpg,datasets_cloudmask/dataset_cropped/10_Metas/04/14/20191004142300_00160.png,726.9,929,74.5,28.9,960
10/4/2019 14:24,datasets/dataset_cropped/10_Metas/04/14/20191004142400_00160.jpg,datasets_flow/dataset_cropped/10_Metas/04/14/20191004142400_00160.jpg,datasets_cloudmask/dataset_cropped/10_Metas/04/14/20191004142400_00160.png,726,930,74.4,29,960
10/4/2019 14:25,datasets/dataset_cropped/10_Metas/04/14/20191004142500_00160.jpg,datasets_flow/dataset_cropped/10_Metas/04/14/20191004142500_00160.jpg,datasets_cloudmask/dataset_cropped/10_Metas/04/14/20191004142500_00160.png,724.4,929,74.4,28.8,960
10/4/2019 14:26,datasets/dataset_cropped/10_Metas/04/14/20191004142600_00160.jpg,datasets_flow/dataset_cropped/10_Metas/04/14/20191004142600_00160.jpg,datasets_cloudmask/dataset_cropped/10_Metas/04/14/20191004142600_00160.png,722.8,928,74.2,28.9,960
10/4/2019 14:27,datasets/dataset_cropped/10_Metas/04/14/20191004142700_00160.jpg,datasets_flow/dataset_cropped/10_Metas/04/14/20191004142700_00160.jpg,datasets_cloudmask/dataset_cropped/10_Metas/04/14/20191004142700_00160.png,721.2,927,74.9,28.9,960
10/4/2019 14:28,datasets/dataset_cropped/10_Metas/04/14/20191004142800_00160.jpg,datasets_flow/dataset_cropped/10_Metas/04/14/20191004142800_00160.jpg,datasets_cloudmask/dataset_cropped/10_Metas/04/14/20191004142800_00160.png,719.2,926,74.8,29,960
10/4/2019 14:29,datasets/dataset_cropped/10_Metas/04/14/20191004142900_00160.jpg,datasets_flow/dataset_cropped/10_Metas/04/14/20191004142900_00160.jpg,datasets_cloudmask/dataset_cropped/10_Metas/04/14/20191004142900_00160.png,716.4,924,74.7,28.7,960
10/4/2019 14:30,datasets/dataset_cropped/10_Metas/04/14/20191004143000_00160.jpg,datasets_flow/dataset_cropped/10_Metas/04/14/20191004143000_00160.jpg,datasets_cloudmask/dataset_cropped/10_Metas/04/14/20191004143000_00160.png,715.4,924,74.5,28.9,960
10/4/2019 14:31,datasets/dataset_cropped/10_Metas/04/14/20191004143100_00160.jpg,datasets_flow/dataset_cropped/10_Metas/04/14/20191004143100_00160.jpg,datasets_cloudmask/dataset_cropped/10_Metas/04/14/20191004143100_00160.png,713.8,924,74.5,29.2,960
10/4/2019 14:32,datasets/dataset_cropped/10_Metas/04/14/20191004143200_00160.jpg,datasets_flow/dataset_cropped/10_Metas/04/14/20191004143200_00160.jpg,datasets_cloudmask/dataset_cropped/10_Metas/04/14/20191004143200_00160.png,711.5,922,74.7,29.1,960
10/4/2019 14:33,datasets/dataset_cropped/10_Metas/04/14/20191004143300_00160.jpg,datasets_flow/dataset_cropped/10_Metas/04/14/20191004143300_00160.jpg,datasets_cloudmask/dataset_cropped/10_Metas/04/14/20191004143300_00160.png,710.1,922,74.6,28.9,960
10/4/2019 14:34,datasets/dataset_cropped/10_Metas/04/14/20191004143400_00160.jpg,datasets_flow/dataset_cropped/10_Metas/04/14/20191004143400_00160.jpg,datasets_cloudmask/dataset_cropped/10_Metas/04/14/20191004143400_00160.png,709.3,923,74.3,28.7,960
10/4/2019 14:35,datasets/dataset_cropped/10_Metas/04/14/20191004143500_00160.jpg,datasets_flow/dataset_cropped/10_Metas/04/14/20191004143500_00160.jpg,datasets_cloudmask/dataset_cropped/10_Metas/04/14/20191004143500_00160.png,707.8,922,74.5,28.8,960
10/4/2019 14:36,datasets/dataset_cropped/10_Metas/04/14/20191004143600_00160.jpg,datasets_flow/dataset_cropped/10_Metas/04/14/20191004143600_00160.jpg,datasets_cloudmask/dataset_cropped/10_Metas/04/14/20191004143600_00160.png,705.6,921,74.5,29,960
10/4/2019 14:37,datasets/dataset_cropped/10_Metas/04/14/20191004143700_00160.jpg,datasets_flow/dataset_cropped/10_Metas/04/14/20191004143700_00160.jpg,datasets_cloudmask/dataset_cropped/10_Metas/04/14/20191004143700_00160.png,703.5,919,74.8,28.8,960
10/4/2019 14:38,datasets/dataset_cropped/10_Metas/04/14/20191004143800_00160.jpg,datasets_flow/dataset_cropped/10_Metas/04/14/20191004143800_00160.jpg,datasets_cloudmask/dataset_cropped/10_Metas/04/14/20191004143800_00160.png,702,919,75.1,28.7,960
10/4/2019 14:39,datasets/dataset_cropped/10_Metas/04/14/20191004143900_00160.jpg,datasets_flow/dataset_cropped/10_Metas/04/14/20191004143900_00160.jpg,datasets_cloudmask/dataset_cropped/10_Metas/04/14/20191004143900_00160.png,699.2,917,74.9,28.8,960
10/4/2019 14:40,datasets/dataset_cropped/10_Metas/04/14/20191004144000_00160.jpg,datasets_flow/dataset_cropped/10_Metas/04/14/20191004144000_00160.jpg,datasets_cloudmask/dataset_cropped/10_Metas/04/14/20191004144000_00160.png,698.5,918,74.5,29,960
10/4/2019 14:41,datasets/dataset_cropped/10_Metas/04/14/20191004144100_00160.jpg,datasets_flow/dataset_cropped/10_Metas/04/14/20191004144100_00160.jpg,datasets_cloudmask/dataset_cropped/10_Metas/04/14/20191004144100_00160.png,696.6,918,74.4,29,960
10/4/2019 14:42,datasets/dataset_cropped/10_Metas/04/14/20191004144200_00160.jpg,datasets_flow/dataset_cropped/10_Metas/04/14/20191004144200_00160.jpg,datasets_cloudmask/dataset_cropped/10_Metas/04/14/20191004144200_00160.png,695.1,918,74.4,29.1,960
10/4/2019 14:43,datasets/dataset_cropped/10_Metas/04/14/20191004144300_00160.jpg,datasets_flow/dataset_cropped/10_Metas/04/14/20191004144300_00160.jpg,datasets_cloudmask/dataset_cropped/10_Metas/04/14/20191004144300_00160.png,693.5,917,74.2,28.9,960
10/4/2019 14:44,datasets/dataset_cropped/10_Metas/04/14/20191004144400_00160.jpg,datasets_flow/dataset_cropped/10_Metas/04/14/20191004144400_00160.jpg,datasets_cloudmask/dataset_cropped/10_Metas/04/14/20191004144400_00160.png,690.8,915,74.3,28.9,960
10/4/2019 14:45,datasets/dataset_cropped/10_Metas/04/14/20191004144500_00160.jpg,datasets_flow/dataset_cropped/10_Metas/04/14/20191004144500_00160.jpg,datasets_cloudmask/dataset_cropped/10_Metas/04/14/20191004144500_00160.png,689.4,915,74.4,29.1,960
10/4/2019 14:46,datasets/dataset_cropped/10_Metas/04/14/20191004144600_00160.jpg,datasets_flow/dataset_cropped/10_Metas/04/14/20191004144600_00160.jpg,datasets_cloudmask/dataset_cropped/10_Metas/04/14/20191004144600_00160.png,687.9,915,74.2,29.1,960
10/4/2019 14:47,datasets/dataset_cropped/10_Metas/04/14/20191004144700_00160.jpg,datasets_flow/dataset_cropped/10_Metas/04/14/20191004144700_00160.jpg,datasets_cloudmask/dataset_cropped/10_Metas/04/14/20191004144700_00160.png,686,915,74.4,29.1,960
10/4/2019 14:48,datasets/dataset_cropped/10_Metas/04/14/20191004144800_00160.jpg,datasets_flow/dataset_cropped/10_Metas/04/14/20191004144800_00160.jpg,datasets_cloudmask/dataset_cropped/10_Metas/04/14/20191004144800_00160.png,684,914,74.5,29.2,960
10/4/2019 14:49,datasets/dataset_cropped/10_Metas/04/14/20191004144900_00160.jpg,datasets_flow/dataset_cropped/10_Metas/04/14/20191004144900_00160.jpg,datasets_cloudmask/dataset_cropped/10_Metas/04/14/20191004144900_00160.png,682.2,914,74.2,29.1,960
10/4/2019 14:50,datasets/dataset_cropped/10_Metas/04/14/20191004145000_00160.jpg,datasets_flow/dataset_cropped/10_Metas/04/14/20191004145000_00160.jpg,datasets_cloudmask/dataset_cropped/10_Metas/04/14/20191004145000_00160.png,680,912,74.3,29,960
10/4/2019 14:51,datasets/dataset_cropped/10_Metas/04/14/20191004145100_00160.jpg,datasets_flow/dataset_cropped/10_Metas/04/14/20191004145100_00160.jpg,datasets_cloudmask/dataset_cropped/10_Metas/04/14/20191004145100_00160.png,678,911,74.5,28.8,960
10/4/2019 14:52,datasets/dataset_cropped/10_Metas/04/14/20191004145200_00160.jpg,datasets_flow/dataset_cropped/10_Metas/04/14/20191004145200_00160.jpg,datasets_cloudmask/dataset_cropped/10_Metas/04/14/20191004145200_00160.png,676.7,912,74,28.8,960
10/4/2019 14:53,datasets/dataset_cropped/10_Metas/04/14/20191004145300_00160.jpg,datasets_flow/dataset_cropped/10_Metas/04/14/20191004145300_00160.jpg,datasets_cloudmask/dataset_cropped/10_Metas/04/14/20191004145300_00160.png,675.3,912,74.1,28.7,960
10/4/2019 14:54,datasets/dataset_cropped/10_Metas/04/14/20191004145400_00160.jpg,datasets_flow/dataset_cropped/10_Metas/04/14/20191004145400_00160.jpg,datasets_cloudmask/dataset_cropped/10_Metas/04/14/20191004145400_00160.png,672.6,910,73.9,28.7,960
10/4/2019 14:55,datasets/dataset_cropped/10_Metas/04/14/20191004145500_00160.jpg,datasets_flow/dataset_cropped/10_Metas/04/14/20191004145500_00160.jpg,datasets_cloudmask/dataset_cropped/10_Metas/04/14/20191004145500_00160.png,670.3,908,74.2,28.7,960
10/4/2019 14:56,datasets/dataset_cropped/10_Metas/04/14/20191004145600_00160.jpg,datasets_flow/dataset_cropped/10_Metas/04/14/20191004145600_00160.jpg,datasets_cloudmask/dataset_cropped/10_Metas/04/14/20191004145600_00160.png,667.7,907,74.3,28.6,960
10/4/2019 14:57,datasets/dataset_cropped/10_Metas/04/14/20191004145700_00160.jpg,datasets_flow/dataset_cropped/10_Metas/04/14/20191004145700_00160.jpg,datasets_cloudmask/dataset_cropped/10_Metas/04/14/20191004145700_00160.png,666.3,907,74.1,28.5,960
10/4/2019 14:58,datasets/dataset_cropped/10_Metas/04/14/20191004145800_00160.jpg,datasets_flow/dataset_cropped/10_Metas/04/14/20191004145800_00160.jpg,datasets_cloudmask/dataset_cropped/10_Metas/04/14/20191004145800_00160.png,663.8,906,74,28.7,960
10/4/2019 14:59,datasets/dataset_cropped/10_Metas/04/14/20191004145900_00160.jpg,datasets_flow/dataset_cropped/10_Metas/04/14/20191004145900_00160.jpg,datasets_cloudmask/dataset_cropped/10_Metas/04/14/20191004145900_00160.png,661.4,904,74.3,28.6,960
10/4/2019 15:00,datasets/dataset_cropped/10_Metas/04/15/20191004150000_00160.jpg,datasets_flow/dataset_cropped/10_Metas/04/15/20191004150000_00160.jpg,datasets_cloudmask/dataset_cropped/10_Metas/04/15/20191004150000_00160.png,659.6,904,74.3,28.8,960
10/4/2019 15:01,datasets/dataset_cropped/10_Metas/04/15/20191004150100_00160.jpg,datasets_flow/dataset_cropped/10_Metas/04/15/20191004150100_00160.jpg,datasets_cloudmask/dataset_cropped/10_Metas/04/15/20191004150100_00160.png,658.2,905,74.1,28.8,960
10/4/2019 15:02,datasets/dataset_cropped/10_Metas/04/15/20191004150200_00160.jpg,datasets_flow/dataset_cropped/10_Metas/04/15/20191004150200_00160.jpg,datasets_cloudmask/dataset_cropped/10_Metas/04/15/20191004150200_00160.png,656,904,73.9,28.6,960
10/4/2019 15:03,datasets/dataset_cropped/10_Metas/04/15/20191004150300_00160.jpg,datasets_flow/dataset_cropped/10_Metas/04/15/20191004150300_00160.jpg,datasets_cloudmask/dataset_cropped/10_Metas/04/15/20191004150300_00160.png,653,902,73.8,28.6,960
10/4/2019 15:04,datasets/dataset_cropped/10_Metas/04/15/20191004150400_00160.jpg,datasets_flow/dataset_cropped/10_Metas/04/15/20191004150400_00160.jpg,datasets_cloudmask/dataset_cropped/10_Metas/04/15/20191004150400_00160.png,651.5,902,73.6,28.3,960
10/4/2019 15:05,datasets/dataset_cropped/10_Metas/04/15/20191004150500_00160.jpg,datasets_flow/dataset_cropped/10_Metas/04/15/20191004150500_00160.jpg,datasets_cloudmask/dataset_cropped/10_Metas/04/15/20191004150500_00160.png,649.4,901,73.8,28.3,960
10/4/2019 15:06,datasets/dataset_cropped/10_Metas/04/15/20191004150600_00160.jpg,datasets_flow/dataset_cropped/10_Metas/04/15/20191004150600_00160.jpg,datasets_cloudmask/dataset_cropped/10_Metas/04/15/20191004150600_00160.png,647.5,901,74,28.6,960
10/4/2019 15:07,datasets/dataset_cropped/10_Metas/04/15/20191004150700_00160.jpg,datasets_flow/dataset_cropped/10_Metas/04/15/20191004150700_00160.jpg,datasets_cloudmask/dataset_cropped/10_Metas/04/15/20191004150700_00160.png,644.5,899,74,28.7,960
10/4/2019 15:08,datasets/dataset_cropped/10_Metas/04/15/20191004150800_00160.jpg,datasets_flow/dataset_cropped/10_Metas/04/15/20191004150800_00160.jpg,datasets_cloudmask/dataset_cropped/10_Metas/04/15/20191004150800_00160.png,641.9,897,74,29,960
10/4/2019 15:09,datasets/dataset_cropped/10_Metas/04/15/20191004150900_00160.jpg,datasets_flow/dataset_cropped/10_Metas/04/15/20191004150900_00160.jpg,datasets_cloudmask/dataset_cropped/10_Metas/04/15/20191004150900_00160.png,640,896,74.1,28.9,960
10/4/2019 15:10,datasets/dataset_cropped/10_Metas/04/15/20191004151000_00160.jpg,datasets_flow/dataset_cropped/10_Metas/04/15/20191004151000_00160.jpg,datasets_cloudmask/dataset_cropped/10_Metas/04/15/20191004151000_00160.png,638,896,74,28.7,960
10/4/2019 15:11,datasets/dataset_cropped/10_Metas/04/15/20191004151100_00160.jpg,datasets_flow/dataset_cropped/10_Metas/04/15/20191004151100_00160.jpg,datasets_cloudmask/dataset_cropped/10_Metas/04/15/20191004151100_00160.png,634.9,894,73.9,28.7,960
10/4/2019 15:12,datasets/dataset_cropped/10_Metas/04/15/20191004151200_00160.jpg,datasets_flow/dataset_cropped/10_Metas/04/15/20191004151200_00160.jpg,datasets_cloudmask/dataset_cropped/10_Metas/04/15/20191004151200_00160.png,633,894,74,28.8,960
10/4/2019 15:13,datasets/dataset_cropped/10_Metas/04/15/20191004151300_00160.jpg,datasets_flow/dataset_cropped/10_Metas/04/15/20191004151300_00160.jpg,datasets_cloudmask/dataset_cropped/10_Metas/04/15/20191004151300_00160.png,630.4,893,74,28.8,960
10/4/2019 15:14,datasets/dataset_cropped/10_Metas/04/15/20191004151400_00160.jpg,datasets_flow/dataset_cropped/10_Metas/04/15/20191004151400_00160.jpg,datasets_cloudmask/dataset_cropped/10_Metas/04/15/20191004151400_00160.png,628.2,892,73.8,28.8,960
10/4/2019 15:15,datasets/dataset_cropped/10_Metas/04/15/20191004151500_00160.jpg,datasets_flow/dataset_cropped/10_Metas/04/15/20191004151500_00160.jpg,datasets_cloudmask/dataset_cropped/10_Metas/04/15/20191004151500_00160.png,625.1,890,73.6,28.8,960
10/4/2019 15:16,datasets/dataset_cropped/10_Metas/04/15/20191004151600_00160.jpg,datasets_flow/dataset_cropped/10_Metas/04/15/20191004151600_00160.jpg,datasets_cloudmask/dataset_cropped/10_Metas/04/15/20191004151600_00160.png,622.4,888,73.5,28.7,960
10/4/2019 15:17,datasets/dataset_cropped/10_Metas/04/15/20191004151700_00160.jpg,datasets_flow/dataset_cropped/10_Metas/04/15/20191004151700_00160.jpg,datasets_cloudmask/dataset_cropped/10_Metas/04/15/20191004151700_00160.png,620.5,887,73.5,28.5,960
10/4/2019 15:18,datasets/dataset_cropped/10_Metas/04/15/20191004151800_00160.jpg,datasets_flow/dataset_cropped/10_Metas/04/15/20191004151800_00160.jpg,datasets_cloudmask/dataset_cropped/10_Metas/04/15/20191004151800_00160.png,618.5,887,74,28.6,960
10/4/2019 15:19,datasets/dataset_cropped/10_Metas/04/15/20191004151900_00160.jpg,datasets_flow/dataset_cropped/10_Metas/04/15/20191004151900_00160.jpg,datasets_cloudmask/dataset_cropped/10_Metas/04/15/20191004151900_00160.png,615.7,886,73.8,28.6,960
10/4/2019 15:20,datasets/dataset_cropped/10_Metas/04/15/20191004152000_00160.jpg,datasets_flow/dataset_cropped/10_Metas/04/15/20191004152000_00160.jpg,datasets_cloudmask/dataset_cropped/10_Metas/04/15/20191004152000_00160.png,613.7,886,73.7,28.7,960
10/4/2019 15:21,datasets/dataset_cropped/10_Metas/04/15/20191004152100_00160.jpg,datasets_flow/dataset_cropped/10_Metas/04/15/20191004152100_00160.jpg,datasets_cloudmask/dataset_cropped/10_Metas/04/15/20191004152100_00160.png,610.9,884,73.7,28.7,960
10/4/2019 15:22,datasets/dataset_cropped/10_Metas/04/15/20191004152200_00160.jpg,datasets_flow/dataset_cropped/10_Metas/04/15/20191004152200_00160.jpg,datasets_cloudmask/dataset_cropped/10_Metas/04/15/20191004152200_00160.png,608.9,884,73.3,28.8,960
10/4/2019 15:23,datasets/dataset_cropped/10_Metas/04/15/20191004152300_00160.jpg,datasets_flow/dataset_cropped/10_Metas/04/15/20191004152300_00160.jpg,datasets_cloudmask/dataset_cropped/10_Metas/04/15/20191004152300_00160.png,607,884,73,28.8,960
10/4/2019 15:24,datasets/dataset_cropped/10_Metas/04/15/20191004152400_00160.jpg,datasets_flow/dataset_cropped/10_Metas/04/15/20191004152400_00160.jpg,datasets_cloudmask/dataset_cropped/10_Metas/04/15/20191004152400_00160.png,604.6,883,72.8,28.6,960
10/4/2019 15:25,datasets/dataset_cropped/10_Metas/04/15/20191004152500_00160.jpg,datasets_flow/dataset_cropped/10_Metas/04/15/20191004152500_00160.jpg,datasets_cloudmask/dataset_cropped/10_Metas/04/15/20191004152500_00160.png,602.2,882,72.7,28.5,960
10/4/2019 15:26,datasets/dataset_cropped/10_Metas/04/15/20191004152600_00160.jpg,datasets_flow/dataset_cropped/10_Metas/04/15/20191004152600_00160.jpg,datasets_cloudmask/dataset_cropped/10_Metas/04/15/20191004152600_00160.png,599.2,880,72.8,28.5,960
10/4/2019 15:27,datasets/dataset_cropped/10_Metas/04/15/20191004152700_00160.jpg,datasets_flow/dataset_cropped/10_Metas/04/15/20191004152700_00160.jpg,datasets_cloudmask/dataset_cropped/10_Metas/04/15/20191004152700_00160.png,596.9,880,72.9,28.7,960
10/4/2019 15:28,datasets/dataset_cropped/10_Metas/04/15/20191004152800_00160.jpg,datasets_flow/dataset_cropped/10_Metas/04/15/20191004152800_00160.jpg,datasets_cloudmask/dataset_cropped/10_Metas/04/15/20191004152800_00160.png,594.9,880,72.5,28.6,960
10/4/2019 15:29,datasets/dataset_cropped/10_Metas/04/15/20191004152900_00160.jpg,datasets_flow/dataset_cropped/10_Metas/04/15/20191004152900_00160.jpg,datasets_cloudmask/dataset_cropped/10_Metas/04/15/20191004152900_00160.png,592.8,880,72.5,28.6,960
10/4/2019 15:30,datasets/dataset_cropped/10_Metas/04/15/20191004153000_00160.jpg,datasets_flow/dataset_cropped/10_Metas/04/15/20191004153000_00160.jpg,datasets_cloudmask/dataset_cropped/10_Metas/04/15/20191004153000_00160.png,590.8,881,72.5,28.6,960
10/4/2019 15:31,datasets/dataset_cropped/10_Metas/04/15/20191004153100_00160.jpg,datasets_flow/dataset_cropped/10_Metas/04/15/20191004153100_00160.jpg,datasets_cloudmask/dataset_cropped/10_Metas/04/15/20191004153100_00160.png,587.5,879,71.9,28.6,960
10/4/2019 15:32,datasets/dataset_cropped/10_Metas/04/15/20191004153200_00160.jpg,datasets_flow/dataset_cropped/10_Metas/04/15/20191004153200_00160.jpg,datasets_cloudmask/dataset_cropped/10_Metas/04/15/20191004153200_00160.png,584.8,877,71.7,28.6,960
10/4/2019 15:33,datasets/dataset_cropped/10_Metas/04/15/20191004153300_00160.jpg,datasets_flow/dataset_cropped/10_Metas/04/15/20191004153300_00160.jpg,datasets_cloudmask/dataset_cropped/10_Metas/04/15/20191004153300_00160.png,582.3,876,71.7,28.6,960
10/4/2019 15:34,datasets/dataset_cropped/10_Metas/04/15/20191004153400_00160.jpg,datasets_flow/dataset_cropped/10_Metas/04/15/20191004153400_00160.jpg,datasets_cloudmask/dataset_cropped/10_Metas/04/15/20191004153400_00160.png,580,875,71.8,28.6,960
10/4/2019 15:35,datasets/dataset_cropped/10_Metas/04/15/20191004153500_00160.jpg,datasets_flow/dataset_cropped/10_Metas/04/15/20191004153500_00160.jpg,datasets_cloudmask/dataset_cropped/10_Metas/04/15/20191004153500_00160.png,577.1,873,71.9,28.5,960
10/4/2019 15:36,datasets/dataset_cropped/10_Metas/04/15/20191004153600_00160.jpg,datasets_flow/dataset_cropped/10_Metas/04/15/20191004153600_00160.jpg,datasets_cloudmask/dataset_cropped/10_Metas/04/15/20191004153600_00160.png,574.9,873,71.9,28.6,960
10/4/2019 15:37,datasets/dataset_cropped/10_Metas/04/15/20191004153700_00160.jpg,datasets_flow/dataset_cropped/10_Metas/04/15/20191004153700_00160.jpg,datasets_cloudmask/dataset_cropped/10_Metas/04/15/20191004153700_00160.png,573,873,71.8,28.7,960
10/4/2019 15:38,datasets/dataset_cropped/10_Metas/04/15/20191004153800_00160.jpg,datasets_flow/dataset_cropped/10_Metas/04/15/20191004153800_00160.jpg,datasets_cloudmask/dataset_cropped/10_Metas/04/15/20191004153800_00160.png,570.7,874,71.3,28.8,960
10/4/2019 15:39,datasets/dataset_cropped/10_Metas/04/15/20191004153900_00160.jpg,datasets_flow/dataset_cropped/10_Metas/04/15/20191004153900_00160.jpg,datasets_cloudmask/dataset_cropped/10_Metas/04/15/20191004153900_00160.png,567.7,872,70.8,28.6,960
10/4/2019 15:40,datasets/dataset_cropped/10_Metas/04/15/20191004154000_00160.jpg,datasets_flow/dataset_cropped/10_Metas/04/15/20191004154000_00160.jpg,datasets_cloudmask/dataset_cropped/10_Metas/04/15/20191004154000_00160.png,565.2,871,70.7,28.6,960
10/4/2019 15:41,datasets/dataset_cropped/10_Metas/04/15/20191004154100_00160.jpg,datasets_flow/dataset_cropped/10_Metas/04/15/20191004154100_00160.jpg,datasets_cloudmask/dataset_cropped/10_Metas/04/15/20191004154100_00160.png,562.7,871,70.6,28.7,960
10/4/2019 15:42,datasets/dataset_cropped/10_Metas/04/15/20191004154200_00160.jpg,datasets_flow/dataset_cropped/10_Metas/04/15/20191004154200_00160.jpg,datasets_cloudmask/dataset_cropped/10_Metas/04/15/20191004154200_00160.png,560.3,870,70.5,28.6,960
10/4/2019 15:43,datasets/dataset_cropped/10_Metas/04/15/20191004154300_00160.jpg,datasets_flow/dataset_cropped/10_Metas/04/15/20191004154300_00160.jpg,datasets_cloudmask/dataset_cropped/10_Metas/04/15/20191004154300_00160.png,557.7,869,70.7,28.7,960
10/4/2019 15:44,datasets/dataset_cropped/10_Metas/04/15/20191004154400_00160.jpg,datasets_flow/dataset_cropped/10_Metas/04/15/20191004154400_00160.jpg,datasets_cloudmask/dataset_cropped/10_Metas/04/15/20191004154400_00160.png,555,868,70.5,28.9,960
10/4/2019 15:45,datasets/dataset_cropped/10_Metas/04/15/20191004154500_00160.jpg,datasets_flow/dataset_cropped/10_Metas/04/15/20191004154500_00160.jpg,datasets_cloudmask/dataset_cropped/10_Metas/04/15/20191004154500_00160.png,552,866,70.3,28.9,960
10/4/2019 15:46,datasets/dataset_cropped/10_Metas/04/15/20191004154600_00160.jpg,datasets_flow/dataset_cropped/10_Metas/04/15/20191004154600_00160.jpg,datasets_cloudmask/dataset_cropped/10_Metas/04/15/20191004154600_00160.png,549.2,865,70.3,28.9,960
10/4/2019 15:47,datasets/dataset_cropped/10_Metas/04/15/20191004154700_00160.jpg,datasets_flow/dataset_cropped/10_Metas/04/15/20191004154700_00160.jpg,datasets_cloudmask/dataset_cropped/10_Metas/04/15/20191004154700_00160.png,545.8,863,70.3,28.8,960
10/4/2019 15:48,datasets/dataset_cropped/10_Metas/04/15/20191004154800_00160.jpg,datasets_flow/dataset_cropped/10_Metas/04/15/20191004154800_00160.jpg,datasets_cloudmask/dataset_cropped/10_Metas/04/15/20191004154800_00160.png,542.8,860,70.5,28.9,960
10/4/2019 15:49,datasets/dataset_cropped/10_Metas/04/15/20191004154900_00160.jpg,datasets_flow/dataset_cropped/10_Metas/04/15/20191004154900_00160.jpg,datasets_cloudmask/dataset_cropped/10_Metas/04/15/20191004154900_00160.png,540.2,859,71,28.8,960
10/4/2019 15:50,datasets/dataset_cropped/10_Metas/04/15/20191004155000_00160.jpg,datasets_flow/dataset_cropped/10_Metas/04/15/20191004155000_00160.jpg,datasets_cloudmask/dataset_cropped/10_Metas/04/15/20191004155000_00160.png,537.2,858,70.5,28.6,960
10/4/2019 15:51,datasets/dataset_cropped/10_Metas/04/15/20191004155100_00160.jpg,datasets_flow/dataset_cropped/10_Metas/04/15/20191004155100_00160.jpg,datasets_cloudmask/dataset_cropped/10_Metas/04/15/20191004155100_00160.png,534.3,857,70,28.4,960
10/4/2019 15:52,datasets/dataset_cropped/10_Metas/04/15/20191004155200_00160.jpg,datasets_flow/dataset_cropped/10_Metas/04/15/20191004155200_00160.jpg,datasets_cloudmask/dataset_cropped/10_Metas/04/15/20191004155200_00160.png,531.5,856,69.6,28.4,960
10/4/2019 15:53,datasets/dataset_cropped/10_Metas/04/15/20191004155300_00160.jpg,datasets_flow/dataset_cropped/10_Metas/04/15/20191004155300_00160.jpg,datasets_cloudmask/dataset_cropped/10_Metas/04/15/20191004155300_00160.png,529.4,857,69.5,28.7,960
10/4/2019 15:54,datasets/dataset_cropped/10_Metas/04/15/20191004155400_00160.jpg,datasets_flow/dataset_cropped/10_Metas/04/15/20191004155400_00160.jpg,datasets_cloudmask/dataset_cropped/10_Metas/04/15/20191004155400_00160.png,526.6,856,68.9,28.8,960
10/4/2019 15:55,datasets/dataset_cropped/10_Metas/04/15/20191004155500_00160.jpg,datasets_flow/dataset_cropped/10_Metas/04/15/20191004155500_00160.jpg,datasets_cloudmask/dataset_cropped/10_Metas/04/15/20191004155500_00160.png,523.8,854,68.6,28.9,960
10/4/2019 15:56,datasets/dataset_cropped/10_Metas/04/15/20191004155600_00160.jpg,datasets_flow/dataset_cropped/10_Metas/04/15/20191004155600_00160.jpg,datasets_cloudmask/dataset_cropped/10_Metas/04/15/20191004155600_00160.png,521.1,853,68.8,28.6,960
10/4/2019 15:57,datasets/dataset_cropped/10_Metas/04/15/20191004155700_00160.jpg,datasets_flow/dataset_cropped/10_Metas/04/15/20191004155700_00160.jpg,datasets_cloudmask/dataset_cropped/10_Metas/04/15/20191004155700_00160.png,518.2,852,68.8,28.7,960
10/4/2019 15:58,datasets/dataset_cropped/10_Metas/04/15/20191004155800_00160.jpg,datasets_flow/dataset_cropped/10_Metas/04/15/20191004155800_00160.jpg,datasets_cloudmask/dataset_cropped/10_Metas/04/15/20191004155800_00160.png,515.3,850,68.9,28.7,960
10/4/2019 15:59,datasets/dataset_cropped/10_Metas/04/15/20191004155900_00160.jpg,datasets_flow/dataset_cropped/10_Metas/04/15/20191004155900_00160.jpg,datasets_cloudmask/dataset_cropped/10_Metas/04/15/20191004155900_00160.png,512.4,849,68.8,28.6,960
10/4/2019 16:00,datasets/dataset_cropped/10_Metas/04/16/20191004160000_00160.jpg,datasets_flow/dataset_cropped/10_Metas/04/16/20191004160000_00160.jpg,datasets_cloudmask/dataset_cropped/10_Metas/04/16/20191004160000_00160.png,509.4,848,68.5,28.4,960
10/4/2019 16:01,datasets/dataset_cropped/10_Metas/04/16/20191004160100_00160.jpg,datasets_flow/dataset_cropped/10_Metas/04/16/20191004160100_00160.jpg,datasets_cloudmask/dataset_cropped/10_Metas/04/16/20191004160100_00160.png,506.3,846,68.3,28.5,960
10/4/2019 16:02,datasets/dataset_cropped/10_Metas/04/16/20191004160200_00160.jpg,datasets_flow/dataset_cropped/10_Metas/04/16/20191004160200_00160.jpg,datasets_cloudmask/dataset_cropped/10_Metas/04/16/20191004160200_00160.png,503.3,845,68.2,28.4,960
10/4/2019 16:03,datasets/dataset_cropped/10_Metas/04/16/20191004160300_00160.jpg,datasets_flow/dataset_cropped/10_Metas/04/16/20191004160300_00160.jpg,datasets_cloudmask/dataset_cropped/10_Metas/04/16/20191004160300_00160.png,500.1,843,68,28.5,960
10/4/2019 16:04,datasets/dataset_cropped/10_Metas/04/16/20191004160400_00160.jpg,datasets_flow/dataset_cropped/10_Metas/04/16/20191004160400_00160.jpg,datasets_cloudmask/dataset_cropped/10_Metas/04/16/20191004160400_00160.png,497.3,841,68,28.4,960
10/4/2019 16:05,datasets/dataset_cropped/10_Metas/04/16/20191004160500_00160.jpg,datasets_flow/dataset_cropped/10_Metas/04/16/20191004160500_00160.jpg,datasets_cloudmask/dataset_cropped/10_Metas/04/16/20191004160500_00160.png,494.4,840,67.6,28.4,960
10/4/2019 16:06,datasets/dataset_cropped/10_Metas/04/16/20191004160600_00160.jpg,datasets_flow/dataset_cropped/10_Metas/04/16/20191004160600_00160.jpg,datasets_cloudmask/dataset_cropped/10_Metas/04/16/20191004160600_00160.png,491.7,839,67.5,28.3,960
10/4/2019 16:07,datasets/dataset_cropped/10_Metas/04/16/20191004160700_00160.jpg,datasets_flow/dataset_cropped/10_Metas/04/16/20191004160700_00160.jpg,datasets_cloudmask/dataset_cropped/10_Metas/04/16/20191004160700_00160.png,488.8,838,67.5,28.3,960
10/4/2019 16:08,datasets/dataset_cropped/10_Metas/04/16/20191004160800_00160.jpg,datasets_flow/dataset_cropped/10_Metas/04/16/20191004160800_00160.jpg,datasets_cloudmask/dataset_cropped/10_Metas/04/16/20191004160800_00160.png,485.7,837,67.3,28.5,960
10/4/2019 16:09,datasets/dataset_cropped/10_Metas/04/16/20191004160900_00160.jpg,datasets_flow/dataset_cropped/10_Metas/04/16/20191004160900_00160.jpg,datasets_cloudmask/dataset_cropped/10_Metas/04/16/20191004160900_00160.png,482.9,836,67.1,28.4,960
10/4/2019 16:10,datasets/dataset_cropped/10_Metas/04/16/20191004161000_00160.jpg,datasets_flow/dataset_cropped/10_Metas/04/16/20191004161000_00160.jpg,datasets_cloudmask/dataset_cropped/10_Metas/04/16/20191004161000_00160.png,479.8,835,66.9,28.1,960
10/4/2019 16:11,datasets/dataset_cropped/10_Metas/04/16/20191004161100_00160.jpg,datasets_flow/dataset_cropped/10_Metas/04/16/20191004161100_00160.jpg,datasets_cloudmask/dataset_cropped/10_Metas/04/16/20191004161100_00160.png,476.9,833,66.7,28.2,960
10/4/2019 16:12,datasets/dataset_cropped/10_Metas/04/16/20191004161200_00160.jpg,datasets_flow/dataset_cropped/10_Metas/04/16/20191004161200_00160.jpg,datasets_cloudmask/dataset_cropped/10_Metas/04/16/20191004161200_00160.png,473.7,832,66.5,28.3,960
10/4/2019 16:13,datasets/dataset_cropped/10_Metas/04/16/20191004161300_00160.jpg,datasets_flow/dataset_cropped/10_Metas/04/16/20191004161300_00160.jpg,datasets_cloudmask/dataset_cropped/10_Metas/04/16/20191004161300_00160.png,470.8,831,66.3,28.5,960
10/4/2019 16:14,datasets/dataset_cropped/10_Metas/04/16/20191004161400_00160.jpg,datasets_flow/dataset_cropped/10_Metas/04/16/20191004161400_00160.jpg,datasets_cloudmask/dataset_cropped/10_Metas/04/16/20191004161400_00160.png,467.7,829,66.3,28.6,960
10/4/2019 16:15,datasets/dataset_cropped/10_Metas/04/16/20191004161500_00160.jpg,datasets_flow/dataset_cropped/10_Metas/04/16/20191004161500_00160.jpg,datasets_cloudmask/dataset_cropped/10_Metas/04/16/20191004161500_00160.png,464.7,828,66.1,28.6,960
10/4/2019 16:16,datasets/dataset_cropped/10_Metas/04/16/20191004161600_00160.jpg,datasets_flow/dataset_cropped/10_Metas/04/16/20191004161600_00160.jpg,datasets_cloudmask/dataset_cropped/10_Metas/04/16/20191004161600_00160.png,461.5,826,66,28.6,960
10/4/2019 16:17,datasets/dataset_cropped/10_Metas/04/16/20191004161700_00160.jpg,datasets_flow/dataset_cropped/10_Metas/04/16/20191004161700_00160.jpg,datasets_cloudmask/dataset_cropped/10_Metas/04/16/20191004161700_00160.png,458.4,825,65.7,28.6,960
10/4/2019 16:18,datasets/dataset_cropped/10_Metas/04/16/20191004161800_00160.jpg,datasets_flow/dataset_cropped/10_Metas/04/16/20191004161800_00160.jpg,datasets_cloudmask/dataset_cropped/10_Metas/04/16/20191004161800_00160.png,455.6,824,65.6,28.6,960
10/4/2019 16:19,datasets/dataset_cropped/10_Metas/04/16/20191004161900_00160.jpg,datasets_flow/dataset_cropped/10_Metas/04/16/20191004161900_00160.jpg,datasets_cloudmask/dataset_cropped/10_Metas/04/16/20191004161900_00160.png,452.5,823,65.5,28.6,960
10/4/2019 16:20,datasets/dataset_cropped/10_Metas/04/16/20191004162000_00160.jpg,datasets_flow/dataset_cropped/10_Metas/04/16/20191004162000_00160.jpg,datasets_cloudmask/dataset_cropped/10_Metas/04/16/20191004162000_00160.png,449.4,822,65.1,28.6,960
10/4/2019 16:21,datasets/dataset_cropped/10_Metas/04/16/20191004162100_00160.jpg,datasets_flow/dataset_cropped/10_Metas/04/16/20191004162100_00160.jpg,datasets_cloudmask/dataset_cropped/10_Metas/04/16/20191004162100_00160.png,446.2,820,64.9,28.6,960
10/4/2019 16:22,datasets/dataset_cropped/10_Metas/04/16/20191004162200_00160.jpg,datasets_flow/dataset_cropped/10_Metas/04/16/20191004162200_00160.jpg,datasets_cloudmask/dataset_cropped/10_Metas/04/16/20191004162200_00160.png,442.8,817,64.8,28.4,960
10/4/2019 16:23,datasets/dataset_cropped/10_Metas/04/16/20191004162300_00160.jpg,datasets_flow/dataset_cropped/10_Metas/04/16/20191004162300_00160.jpg,datasets_cloudmask/dataset_cropped/10_Metas/04/16/20191004162300_00160.png,439.9,816,64.7,28.3,960
10/4/2019 16:24,datasets/dataset_cropped/10_Metas/04/16/20191004162400_00160.jpg,datasets_flow/dataset_cropped/10_Metas/04/16/20191004162400_00160.jpg,datasets_cloudmask/dataset_cropped/10_Metas/04/16/20191004162400_00160.png,436.5,814,64.5,28.2,960
10/4/2019 16:25,datasets/dataset_cropped/10_Metas/04/16/20191004162500_00160.jpg,datasets_flow/dataset_cropped/10_Metas/04/16/20191004162500_00160.jpg,datasets_cloudmask/dataset_cropped/10_Metas/04/16/20191004162500_00160.png,433.5,813,64.3,28.4,960
10/4/2019 16:26,datasets/dataset_cropped/10_Metas/04/16/20191004162600_00160.jpg,datasets_flow/dataset_cropped/10_Metas/04/16/20191004162600_00160.jpg,datasets_cloudmask/dataset_cropped/10_Metas/04/16/20191004162600_00160.png,430.8,813,64.1,28.4,959
10/4/2019 16:27,datasets/dataset_cropped/10_Metas/04/16/20191004162700_00160.jpg,datasets_flow/dataset_cropped/10_Metas/04/16/20191004162700_00160.jpg,datasets_cloudmask/dataset_cropped/10_Metas/04/16/20191004162700_00160.png,427.5,811,63.8,28.3,959
10/4/2019 16:28,datasets/dataset_cropped/10_Metas/04/16/20191004162800_00160.jpg,datasets_flow/dataset_cropped/10_Metas/04/16/20191004162800_00160.jpg,datasets_cloudmask/dataset_cropped/10_Metas/04/16/20191004162800_00160.png,424.4,809,63.6,28.4,960
10/4/2019 16:29,datasets/dataset_cropped/10_Metas/04/16/20191004162900_00160.jpg,datasets_flow/dataset_cropped/10_Metas/04/16/20191004162900_00160.jpg,datasets_cloudmask/dataset_cropped/10_Metas/04/16/20191004162900_00160.png,421.5,808,63.6,28.4,959
10/4/2019 16:30,datasets/dataset_cropped/10_Metas/04/16/20191004163000_00160.jpg,datasets_flow/dataset_cropped/10_Metas/04/16/20191004163000_00160.jpg,datasets_cloudmask/dataset_cropped/10_Metas/04/16/20191004163000_00160.png,418.5,807,63.2,28.5,959
10/4/2019 16:31,datasets/dataset_cropped/10_Metas/04/16/20191004163100_00160.jpg,datasets_flow/dataset_cropped/10_Metas/04/16/20191004163100_00160.jpg,datasets_cloudmask/dataset_cropped/10_Metas/04/16/20191004163100_00160.png,415.2,805,63,28.4,960
10/4/2019 16:32,datasets/dataset_cropped/10_Metas/04/16/20191004163200_00160.jpg,datasets_flow/dataset_cropped/10_Metas/04/16/20191004163200_00160.jpg,datasets_cloudmask/dataset_cropped/10_Metas/04/16/20191004163200_00160.png,411.7,803,63.1,28.4,959
10/4/2019 16:33,datasets/dataset_cropped/10_Metas/04/16/20191004163300_00160.jpg,datasets_flow/dataset_cropped/10_Metas/04/16/20191004163300_00160.jpg,datasets_cloudmask/dataset_cropped/10_Metas/04/16/20191004163300_00160.png,408.1,800,63,28.3,960
10/4/2019 16:34,datasets/dataset_cropped/10_Metas/04/16/20191004163400_00160.jpg,datasets_flow/dataset_cropped/10_Metas/04/16/20191004163400_00160.jpg,datasets_cloudmask/dataset_cropped/10_Metas/04/16/20191004163400_00160.png,404.8,798.1,62.8,28.2,960
10/4/2019 16:35,datasets/dataset_cropped/10_Metas/04/16/20191004163500_00160.jpg,datasets_flow/dataset_cropped/10_Metas/04/16/20191004163500_00160.jpg,datasets_cloudmask/dataset_cropped/10_Metas/04/16/20191004163500_00160.png,400.9,794.6,62.5,28.1,960
10/4/2019 16:36,datasets/dataset_cropped/10_Metas/04/16/20191004163600_00160.jpg,datasets_flow/dataset_cropped/10_Metas/04/16/20191004163600_00160.jpg,datasets_cloudmask/dataset_cropped/10_Metas/04/16/20191004163600_00160.png,397.6,792.5,62.5,28,959
10/4/2019 16:37,datasets/dataset_cropped/10_Metas/04/16/20191004163700_00160.jpg,datasets_flow/dataset_cropped/10_Metas/04/16/20191004163700_00160.jpg,datasets_cloudmask/dataset_cropped/10_Metas/04/16/20191004163700_00160.png,394.1,790.1,62.2,28.2,960
10/4/2019 16:38,datasets/dataset_cropped/10_Metas/04/16/20191004163800_00160.jpg,datasets_flow/dataset_cropped/10_Metas/04/16/20191004163800_00160.jpg,datasets_cloudmask/dataset_cropped/10_Metas/04/16/20191004163800_00160.png,390.8,788,62,28.2,960
10/4/2019 16:39,datasets/dataset_cropped/10_Metas/04/16/20191004163900_00160.jpg,datasets_flow/dataset_cropped/10_Metas/04/16/20191004163900_00160.jpg,datasets_cloudmask/dataset_cropped/10_Metas/04/16/20191004163900_00160.png,387.4,785.6,61.9,28.2,959
10/4/2019 16:40,datasets/dataset_cropped/10_Metas/04/16/20191004164000_00160.jpg,datasets_flow/dataset_cropped/10_Metas/04/16/20191004164000_00160.jpg,datasets_cloudmask/dataset_cropped/10_Metas/04/16/20191004164000_00160.png,383.9,783,61.7,28.1,960
10/4/2019 16:41,datasets/dataset_cropped/10_Metas/04/16/20191004164100_00160.jpg,datasets_flow/dataset_cropped/10_Metas/04/16/20191004164100_00160.jpg,datasets_cloudmask/dataset_cropped/10_Metas/04/16/20191004164100_00160.png,380.9,781.3,61.5,28.1,959
10/4/2019 16:42,datasets/dataset_cropped/10_Metas/04/16/20191004164200_00160.jpg,datasets_flow/dataset_cropped/10_Metas/04/16/20191004164200_00160.jpg,datasets_cloudmask/dataset_cropped/10_Metas/04/16/20191004164200_00160.png,377.2,778.2,61.2,28.2,960
10/4/2019 16:43,datasets/dataset_cropped/10_Metas/04/16/20191004164300_00160.jpg,datasets_flow/dataset_cropped/10_Metas/04/16/20191004164300_00160.jpg,datasets_cloudmask/dataset_cropped/10_Metas/04/16/20191004164300_00160.png,374.6,777.8,61,28.3,959
10/4/2019 16:44,datasets/dataset_cropped/10_Metas/04/16/20191004164400_00160.jpg,datasets_flow/dataset_cropped/10_Metas/04/16/20191004164400_00160.jpg,datasets_cloudmask/dataset_cropped/10_Metas/04/16/20191004164400_00160.png,371.2,776,60.7,28.2,959
10/4/2019 16:45,datasets/dataset_cropped/10_Metas/04/16/20191004164500_00160.jpg,datasets_flow/dataset_cropped/10_Metas/04/16/20191004164500_00160.jpg,datasets_cloudmask/dataset_cropped/10_Metas/04/16/20191004164500_00160.png,367.8,773.5,60.6,28,959
10/4/2019 16:46,datasets/dataset_cropped/10_Metas/04/16/20191004164600_00160.jpg,datasets_flow/dataset_cropped/10_Metas/04/16/20191004164600_00160.jpg,datasets_cloudmask/dataset_cropped/10_Metas/04/16/20191004164600_00160.png,364.9,772.4,60.5,28.1,959
10/4/2019 16:47,datasets/dataset_cropped/10_Metas/04/16/20191004164700_00160.jpg,datasets_flow/dataset_cropped/10_Metas/04/16/20191004164700_00160.jpg,datasets_cloudmask/dataset_cropped/10_Metas/04/16/20191004164700_00160.png,361.9,771.5,60.1,28.1,959
10/4/2019 16:48,datasets/dataset_cropped/10_Metas/04/16/20191004164800_00160.jpg,datasets_flow/dataset_cropped/10_Metas/04/16/20191004164800_00160.jpg,datasets_cloudmask/dataset_cropped/10_Metas/04/16/20191004164800_00160.png,358.5,769.3,59.9,28.1,959
10/4/2019 16:49,datasets/dataset_cropped/10_Metas/04/16/20191004164900_00160.jpg,datasets_flow/dataset_cropped/10_Metas/04/16/20191004164900_00160.jpg,datasets_cloudmask/dataset_cropped/10_Metas/04/16/20191004164900_00160.png,354.7,765.7,59.6,28.1,960
10/4/2019 16:50,datasets/dataset_cropped/10_Metas/04/16/20191004165000_00160.jpg,datasets_flow/dataset_cropped/10_Metas/04/16/20191004165000_00160.jpg,datasets_cloudmask/dataset_cropped/10_Metas/04/16/20191004165000_00160.png,351.5,763.8,59.4,28.1,960
10/4/2019 16:51,datasets/dataset_cropped/10_Metas/04/16/20191004165100_00160.jpg,datasets_flow/dataset_cropped/10_Metas/04/16/20191004165100_00160.jpg,datasets_cloudmask/dataset_cropped/10_Metas/04/16/20191004165100_00160.png,348.4,762,59.2,28.1,960
10/4/2019 16:52,datasets/dataset_cropped/10_Metas/04/16/20191004165200_00160.jpg,datasets_flow/dataset_cropped/10_Metas/04/16/20191004165200_00160.jpg,datasets_cloudmask/dataset_cropped/10_Metas/04/16/20191004165200_00160.png,345.2,760.2,59,28.1,959
10/4/2019 16:53,datasets/dataset_cropped/10_Metas/04/16/20191004165300_00160.jpg,datasets_flow/dataset_cropped/10_Metas/04/16/20191004165300_00160.jpg,datasets_cloudmask/dataset_cropped/10_Metas/04/16/20191004165300_00160.png,342.1,758.6,58.9,28.1,960
10/4/2019 16:54,datasets/dataset_cropped/10_Metas/04/16/20191004165400_00160.jpg,datasets_flow/dataset_cropped/10_Metas/04/16/20191004165400_00160.jpg,datasets_cloudmask/dataset_cropped/10_Metas/04/16/20191004165400_00160.png,338.3,755.3,58.7,28.1,960
10/4/2019 16:55,datasets/dataset_cropped/10_Metas/04/16/20191004165500_00160.jpg,datasets_flow/dataset_cropped/10_Metas/04/16/20191004165500_00160.jpg,datasets_cloudmask/dataset_cropped/10_Metas/04/16/20191004165500_00160.png,334.8,752.5,58.4,28,960
10/4/2019 16:56,datasets/dataset_cropped/10_Metas/04/16/20191004165600_00160.jpg,datasets_flow/dataset_cropped/10_Metas/04/16/20191004165600_00160.jpg,datasets_cloudmask/dataset_cropped/10_Metas/04/16/20191004165600_00160.png,331.4,750.3,58,28,959
10/4/2019 16:57,datasets/dataset_cropped/10_Metas/04/16/20191004165700_00160.jpg,datasets_flow/dataset_cropped/10_Metas/04/16/20191004165700_00160.jpg,datasets_cloudmask/dataset_cropped/10_Metas/04/16/20191004165700_00160.png,328,747.5,57.8,27.9,959
10/4/2019 16:58,datasets/dataset_cropped/10_Metas/04/16/20191004165800_00160.jpg,datasets_flow/dataset_cropped/10_Metas/04/16/20191004165800_00160.jpg,datasets_cloudmask/dataset_cropped/10_Metas/04/16/20191004165800_00160.png,324.8,745.2,57.8,28.1,960
10/4/2019 16:59,datasets/dataset_cropped/10_Metas/04/16/20191004165900_00160.jpg,datasets_flow/dataset_cropped/10_Metas/04/16/20191004165900_00160.jpg,datasets_cloudmask/dataset_cropped/10_Metas/04/16/20191004165900_00160.png,321.5,743,57.6,28.2,959
10/4/2019 17:00,datasets/dataset_cropped/10_Metas/04/17/20191004170000_00160.jpg,datasets_flow/dataset_cropped/10_Metas/04/17/20191004170000_00160.jpg,datasets_cloudmask/dataset_cropped/10_Metas/04/17/20191004170000_00160.png,317.3,737.9,57.5,28.1,959
10/4/2019 17:01,datasets/dataset_cropped/10_Metas/04/17/20191004170100_00160.jpg,datasets_flow/dataset_cropped/10_Metas/04/17/20191004170100_00160.jpg,datasets_cloudmask/dataset_cropped/10_Metas/04/17/20191004170100_00160.png,314.1,736.1,56.9,28.1,960
10/4/2019 17:02,datasets/dataset_cropped/10_Metas/04/17/20191004170200_00160.jpg,datasets_flow/dataset_cropped/10_Metas/04/17/20191004170200_00160.jpg,datasets_cloudmask/dataset_cropped/10_Metas/04/17/20191004170200_00160.png,310.7,733,56.6,28.1,959
10/4/2019 17:03,datasets/dataset_cropped/10_Metas/04/17/20191004170300_00160.jpg,datasets_flow/dataset_cropped/10_Metas/04/17/20191004170300_00160.jpg,datasets_cloudmask/dataset_cropped/10_Metas/04/17/20191004170300_00160.png,307.3,730.2,56.5,28,959
10/4/2019 17:04,datasets/dataset_cropped/10_Metas/04/17/20191004170400_00160.jpg,datasets_flow/dataset_cropped/10_Metas/04/17/20191004170400_00160.jpg,datasets_cloudmask/dataset_cropped/10_Metas/04/17/20191004170400_00160.png,303.8,726.9,56.2,27.9,960
10/4/2019 17:05,datasets/dataset_cropped/10_Metas/04/17/20191004170500_00160.jpg,datasets_flow/dataset_cropped/10_Metas/04/17/20191004170500_00160.jpg,datasets_cloudmask/dataset_cropped/10_Metas/04/17/20191004170500_00160.png,300.2,723.6,55.9,27.9,960
10/4/2019 17:06,datasets/dataset_cropped/10_Metas/04/17/20191004170600_00160.jpg,datasets_flow/dataset_cropped/10_Metas/04/17/20191004170600_00160.jpg,datasets_cloudmask/dataset_cropped/10_Metas/04/17/20191004170600_00160.png,296.5,719.8,55.6,27.9,960
10/4/2019 17:07,datasets/dataset_cropped/10_Metas/04/17/20191004170700_00160.jpg,datasets_flow/dataset_cropped/10_Metas/04/17/20191004170700_00160.jpg,datasets_cloudmask/dataset_cropped/10_Metas/04/17/20191004170700_00160.png,293.1,717,55.3,28.1,960
10/4/2019 17:08,datasets/dataset_cropped/10_Metas/04/17/20191004170800_00160.jpg,datasets_flow/dataset_cropped/10_Metas/04/17/20191004170800_00160.jpg,datasets_cloudmask/dataset_cropped/10_Metas/04/17/20191004170800_00160.png,290.2,715.6,55.1,28.2,960
10/4/2019 17:09,datasets/dataset_cropped/10_Metas/04/17/20191004170900_00160.jpg,datasets_flow/dataset_cropped/10_Metas/04/17/20191004170900_00160.jpg,datasets_cloudmask/dataset_cropped/10_Metas/04/17/20191004170900_00160.png,287.1,713.7,54.9,28.1,960
10/4/2019 17:10,datasets/dataset_cropped/10_Metas/04/17/20191004171000_00160.jpg,datasets_flow/dataset_cropped/10_Metas/04/17/20191004171000_00160.jpg,datasets_cloudmask/dataset_cropped/10_Metas/04/17/20191004171000_00160.png,283.6,710.7,54.5,28.1,960
10/4/2019 17:11,datasets/dataset_cropped/10_Metas/04/17/20191004171100_00160.jpg,datasets_flow/dataset_cropped/10_Metas/04/17/20191004171100_00160.jpg,datasets_cloudmask/dataset_cropped/10_Metas/04/17/20191004171100_00160.png,280.1,707.3,54.4,28.1,960
10/4/2019 17:12,datasets/dataset_cropped/10_Metas/04/17/20191004171200_00160.jpg,datasets_flow/dataset_cropped/10_Metas/04/17/20191004171200_00160.jpg,datasets_cloudmask/dataset_cropped/10_Metas/04/17/20191004171200_00160.png,277.1,705.4,54.2,27.9,959
10/4/2019 17:13,datasets/dataset_cropped/10_Metas/04/17/20191004171300_00160.jpg,datasets_flow/dataset_cropped/10_Metas/04/17/20191004171300_00160.jpg,datasets_cloudmask/dataset_cropped/10_Metas/04/17/20191004171300_00160.png,273.4,701.8,53.9,27.9,959
10/4/2019 17:14,datasets/dataset_cropped/10_Metas/04/17/20191004171400_00160.jpg,datasets_flow/dataset_cropped/10_Metas/04/17/20191004171400_00160.jpg,datasets_cloudmask/dataset_cropped/10_Metas/04/17/20191004171400_00160.png,269.9,698.6,53.4,27.9,959
10/4/2019 17:15,datasets/dataset_cropped/10_Metas/04/17/20191004171500_00160.jpg,datasets_flow/dataset_cropped/10_Metas/04/17/20191004171500_00160.jpg,datasets_cloudmask/dataset_cropped/10_Metas/04/17/20191004171500_00160.png,266.6,695.8,53.1,27.9,959
10/4/2019 17:16,datasets/dataset_cropped/10_Metas/04/17/20191004171600_00160.jpg,datasets_flow/dataset_cropped/10_Metas/04/17/20191004171600_00160.jpg,datasets_cloudmask/dataset_cropped/10_Metas/04/17/20191004171600_00160.png,263,691.5,53,27.9,960
10/4/2019 17:17,datasets/dataset_cropped/10_Metas/04/17/20191004171700_00160.jpg,datasets_flow/dataset_cropped/10_Metas/04/17/20191004171700_00160.jpg,datasets_cloudmask/dataset_cropped/10_Metas/04/17/20191004171700_00160.png,259.5,687.7,52.9,27.9,960
10/4/2019 17:18,datasets/dataset_cropped/10_Metas/04/17/20191004171800_00160.jpg,datasets_flow/dataset_cropped/10_Metas/04/17/20191004171800_00160.jpg,datasets_cloudmask/dataset_cropped/10_Metas/04/17/20191004171800_00160.png,256.3,685.6,52.5,27.8,960
10/4/2019 17:19,datasets/dataset_cropped/10_Metas/04/17/20191004171900_00160.jpg,datasets_flow/dataset_cropped/10_Metas/04/17/20191004171900_00160.jpg,datasets_cloudmask/dataset_cropped/10_Metas/04/17/20191004171900_00160.png,253.1,683.3,52,27.7,960
10/4/2019 17:20,datasets/dataset_cropped/10_Metas/04/17/20191004172000_00160.jpg,datasets_flow/dataset_cropped/10_Metas/04/17/20191004172000_00160.jpg,datasets_cloudmask/dataset_cropped/10_Metas/04/17/20191004172000_00160.png,249.6,679.6,51.8,27.7,960
10/4/2019 17:21,datasets/dataset_cropped/10_Metas/04/17/20191004172100_00160.jpg,datasets_flow/dataset_cropped/10_Metas/04/17/20191004172100_00160.jpg,datasets_cloudmask/dataset_cropped/10_Metas/04/17/20191004172100_00160.png,245.8,674.2,51.7,27.6,960
10/4/2019 17:22,datasets/dataset_cropped/10_Metas/04/17/20191004172200_00160.jpg,datasets_flow/dataset_cropped/10_Metas/04/17/20191004172200_00160.jpg,datasets_cloudmask/dataset_cropped/10_Metas/04/17/20191004172200_00160.png,243,673,51.3,27.7,960
10/4/2019 17:23,datasets/dataset_cropped/10_Metas/04/17/20191004172300_00160.jpg,datasets_flow/dataset_cropped/10_Metas/04/17/20191004172300_00160.jpg,datasets_cloudmask/dataset_cropped/10_Metas/04/17/20191004172300_00160.png,239.7,670,51,27.6,960
10/4/2019 17:24,datasets/dataset_cropped/10_Metas/04/17/20191004172400_00160.jpg,datasets_flow/dataset_cropped/10_Metas/04/17/20191004172400_00160.jpg,datasets_cloudmask/dataset_cropped/10_Metas/04/17/20191004172400_00160.png,235.8,664.4,50.8,27.8,960
10/4/2019 17:25,datasets/dataset_cropped/10_Metas/04/17/20191004172500_00160.jpg,datasets_flow/dataset_cropped/10_Metas/04/17/20191004172500_00160.jpg,datasets_cloudmask/dataset_cropped/10_Metas/04/17/20191004172500_00160.png,232.2,660.7,50.3,27.7,960
10/4/2019 17:26,datasets/dataset_cropped/10_Metas/04/17/20191004172600_00160.jpg,datasets_flow/dataset_cropped/10_Metas/04/17/20191004172600_00160.jpg,datasets_cloudmask/dataset_cropped/10_Metas/04/17/20191004172600_00160.png,228.6,656.5,49.8,27.6,960
10/4/2019 17:27,datasets/dataset_cropped/10_Metas/04/17/20191004172700_00160.jpg,datasets_flow/dataset_cropped/10_Metas/04/17/20191004172700_00160.jpg,datasets_cloudmask/dataset_cropped/10_Metas/04/17/20191004172700_00160.png,224.8,651.6,49.4,27.5,960
10/4/2019 17:28,datasets/dataset_cropped/10_Metas/04/17/20191004172800_00160.jpg,datasets_flow/dataset_cropped/10_Metas/04/17/20191004172800_00160.jpg,datasets_cloudmask/dataset_cropped/10_Metas/04/17/20191004172800_00160.png,221.5,647.8,49.1,27.5,960
10/4/2019 17:29,datasets/dataset_cropped/10_Metas/04/17/20191004172900_00160.jpg,datasets_flow/dataset_cropped/10_Metas/04/17/20191004172900_00160.jpg,datasets_cloudmask/dataset_cropped/10_Metas/04/17/20191004172900_00160.png,218.2,644.5,48.8,27.5,960
10/4/2019 17:30,datasets/dataset_cropped/10_Metas/04/17/20191004173000_00160.jpg,datasets_flow/dataset_cropped/10_Metas/04/17/20191004173000_00160.jpg,datasets_cloudmask/dataset_cropped/10_Metas/04/17/20191004173000_00160.png,214.9,640.7,48.5,27.6,960
10/4/2019 17:31,datasets/dataset_cropped/10_Metas/04/17/20191004173100_00160.jpg,datasets_flow/dataset_cropped/10_Metas/04/17/20191004173100_00160.jpg,datasets_cloudmask/dataset_cropped/10_Metas/04/17/20191004173100_00160.png,210.8,634,48.1,27.6,960
10/4/2019 17:32,datasets/dataset_cropped/10_Metas/04/17/20191004173200_00160.jpg,datasets_flow/dataset_cropped/10_Metas/04/17/20191004173200_00160.jpg,datasets_cloudmask/dataset_cropped/10_Metas/04/17/20191004173200_00160.png,206.8,627.7,47.8,27.5,960
10/4/2019 17:33,datasets/dataset_cropped/10_Metas/04/17/20191004173300_00160.jpg,datasets_flow/dataset_cropped/10_Metas/04/17/20191004173300_00160.jpg,datasets_cloudmask/dataset_cropped/10_Metas/04/17/20191004173300_00160.png,203.8,625,47.5,27.6,960
10/4/2019 17:34,datasets/dataset_cropped/10_Metas/04/17/20191004173400_00160.jpg,datasets_flow/dataset_cropped/10_Metas/04/17/20191004173400_00160.jpg,datasets_cloudmask/dataset_cropped/10_Metas/04/17/20191004173400_00160.png,200.3,620.5,47.2,27.6,960
10/4/2019 17:35,datasets/dataset_cropped/10_Metas/04/17/20191004173500_00160.jpg,datasets_flow/dataset_cropped/10_Metas/04/17/20191004173500_00160.jpg,datasets_cloudmask/dataset_cropped/10_Metas/04/17/20191004173500_00160.png,196.6,615.4,46.7,27.6,960
10/4/2019 17:36,datasets/dataset_cropped/10_Metas/04/17/20191004173600_00160.jpg,datasets_flow/dataset_cropped/10_Metas/04/17/20191004173600_00160.jpg,datasets_cloudmask/dataset_cropped/10_Metas/04/17/20191004173600_00160.png,192.9,609.4,46.5,27.5,960
10/4/2019 17:37,datasets/dataset_cropped/10_Metas/04/17/20191004173700_00160.jpg,datasets_flow/dataset_cropped/10_Metas/04/17/20191004173700_00160.jpg,datasets_cloudmask/dataset_cropped/10_Metas/04/17/20191004173700_00160.png,189.3,604,46.1,27.4,960
10/4/2019 17:38,datasets/dataset_cropped/10_Metas/04/17/20191004173800_00160.jpg,datasets_flow/dataset_cropped/10_Metas/04/17/20191004173800_00160.jpg,datasets_cloudmask/dataset_cropped/10_Metas/04/17/20191004173800_00160.png,185.7,598.8,45.8,27.4,960
10/4/2019 17:39,datasets/dataset_cropped/10_Metas/04/17/20191004173900_00160.jpg,datasets_flow/dataset_cropped/10_Metas/04/17/20191004173900_00160.jpg,datasets_cloudmask/dataset_cropped/10_Metas/04/17/20191004173900_00160.png,182.5,595.3,45.3,27.4,960
10/4/2019 17:40,datasets/dataset_cropped/10_Metas/04/17/20191004174000_00160.jpg,datasets_flow/dataset_cropped/10_Metas/04/17/20191004174000_00160.jpg,datasets_cloudmask/dataset_cropped/10_Metas/04/17/20191004174000_00160.png,179,590,44.8,27.4,960
10/4/2019 17:41,datasets/dataset_cropped/10_Metas/04/17/20191004174100_00160.jpg,datasets_flow/dataset_cropped/10_Metas/04/17/20191004174100_00160.jpg,datasets_cloudmask/dataset_cropped/10_Metas/04/17/20191004174100_00160.png,175.7,585.5,44.4,27.4,960
10/4/2019 17:42,datasets/dataset_cropped/10_Metas/04/17/20191004174200_00160.jpg,datasets_flow/dataset_cropped/10_Metas/04/17/20191004174200_00160.jpg,datasets_cloudmask/dataset_cropped/10_Metas/04/17/20191004174200_00160.png,172.4,580.8,44.1,27.4,960
10/4/2019 17:43,datasets/dataset_cropped/10_Metas/04/17/20191004174300_00160.jpg,datasets_flow/dataset_cropped/10_Metas/04/17/20191004174300_00160.jpg,datasets_cloudmask/dataset_cropped/10_Metas/04/17/20191004174300_00160.png,169,575.6,43.8,27.4,960
10/4/2019 17:44,datasets/dataset_cropped/10_Metas/04/17/20191004174400_00160.jpg,datasets_flow/dataset_cropped/10_Metas/04/17/20191004174400_00160.jpg,datasets_cloudmask/dataset_cropped/10_Metas/04/17/20191004174400_00160.png,165.4,569.8,43.4,27.3,960
10/4/2019 17:45,datasets/dataset_cropped/10_Metas/04/17/20191004174500_00160.jpg,datasets_flow/dataset_cropped/10_Metas/04/17/20191004174500_00160.jpg,datasets_cloudmask/dataset_cropped/10_Metas/04/17/20191004174500_00160.png,162.2,565.6,42.9,27.3,960
10/4/2019 17:46,datasets/dataset_cropped/10_Metas/04/17/20191004174600_00160.jpg,datasets_flow/dataset_cropped/10_Metas/04/17/20191004174600_00160.jpg,datasets_cloudmask/dataset_cropped/10_Metas/04/17/20191004174600_00160.png,158.8,560.6,42.5,27.3,960
10/4/2019 17:47,datasets/dataset_cropped/10_Metas/04/17/20191004174700_00160.jpg,datasets_flow/dataset_cropped/10_Metas/04/17/20191004174700_00160.jpg,datasets_cloudmask/dataset_cropped/10_Metas/04/17/20191004174700_00160.png,155.1,553.5,42.1,27.3,960
10/4/2019 17:48,datasets/dataset_cropped/10_Metas/04/17/20191004174800_00160.jpg,datasets_flow/dataset_cropped/10_Metas/04/17/20191004174800_00160.jpg,datasets_cloudmask/dataset_cropped/10_Metas/04/17/20191004174800_00160.png,151.4,546.7,41.6,27.2,960
10/4/2019 17:49,datasets/dataset_cropped/10_Metas/04/17/20191004174900_00160.jpg,datasets_flow/dataset_cropped/10_Metas/04/17/20191004174900_00160.jpg,datasets_cloudmask/dataset_cropped/10_Metas/04/17/20191004174900_00160.png,147.9,540.8,41,27.2,960
10/4/2019 17:50,datasets/dataset_cropped/10_Metas/04/17/20191004175000_00160.jpg,datasets_flow/dataset_cropped/10_Metas/04/17/20191004175000_00160.jpg,datasets_cloudmask/dataset_cropped/10_Metas/04/17/20191004175000_00160.png,144.5,534.3,40.6,27.2,960
10/4/2019 17:51,datasets/dataset_cropped/10_Metas/04/17/20191004175100_00160.jpg,datasets_flow/dataset_cropped/10_Metas/04/17/20191004175100_00160.jpg,datasets_cloudmask/dataset_cropped/10_Metas/04/17/20191004175100_00160.png,141,527.8,40.1,27.2,960
10/4/2019 17:52,datasets/dataset_cropped/10_Metas/04/17/20191004175200_00160.jpg,datasets_flow/dataset_cropped/10_Metas/04/17/20191004175200_00160.jpg,datasets_cloudmask/dataset_cropped/10_Metas/04/17/20191004175200_00160.png,137.8,522,39.7,27.1,960
10/4/2019 17:53,datasets/dataset_cropped/10_Metas/04/17/20191004175300_00160.jpg,datasets_flow/dataset_cropped/10_Metas/04/17/20191004175300_00160.jpg,datasets_cloudmask/dataset_cropped/10_Metas/04/17/20191004175300_00160.png,134.8,517.6,39.3,27.1,960
10/4/2019 17:54,datasets/dataset_cropped/10_Metas/04/17/20191004175400_00160.jpg,datasets_flow/dataset_cropped/10_Metas/04/17/20191004175400_00160.jpg,datasets_cloudmask/dataset_cropped/10_Metas/04/17/20191004175400_00160.png,131.4,510.8,38.8,27.1,960
10/4/2019 17:55,datasets/dataset_cropped/10_Metas/04/17/20191004175500_00160.jpg,datasets_flow/dataset_cropped/10_Metas/04/17/20191004175500_00160.jpg,datasets_cloudmask/dataset_cropped/10_Metas/04/17/20191004175500_00160.png,127.9,503.5,38.2,27.1,960
10/4/2019 17:56,datasets/dataset_cropped/10_Metas/04/17/20191004175600_00160.jpg,datasets_flow/dataset_cropped/10_Metas/04/17/20191004175600_00160.jpg,datasets_cloudmask/dataset_cropped/10_Metas/04/17/20191004175600_00160.png,124.7,497.7,37.8,27,960
10/4/2019 17:57,datasets/dataset_cropped/10_Metas/04/17/20191004175700_00160.jpg,datasets_flow/dataset_cropped/10_Metas/04/17/20191004175700_00160.jpg,datasets_cloudmask/dataset_cropped/10_Metas/04/17/20191004175700_00160.png,121.4,490.9,37.2,26.9,960
10/4/2019 17:58,datasets/dataset_cropped/10_Metas/04/17/20191004175800_00160.jpg,datasets_flow/dataset_cropped/10_Metas/04/17/20191004175800_00160.jpg,datasets_cloudmask/dataset_cropped/10_Metas/04/17/20191004175800_00160.png,118,483.7,36.8,26.9,960
10/4/2019 17:59,datasets/dataset_cropped/10_Metas/04/17/20191004175900_00160.jpg,datasets_flow/dataset_cropped/10_Metas/04/17/20191004175900_00160.jpg,datasets_cloudmask/dataset_cropped/10_Metas/04/17/20191004175900_00160.png,114.6,475.9,36.3,26.9,960
10/4/2019 18:00,datasets/dataset_cropped/10_Metas/04/18/20191004180000_00160.jpg,datasets_flow/dataset_cropped/10_Metas/04/18/20191004180000_00160.jpg,datasets_cloudmask/dataset_cropped/10_Metas/04/18/20191004180000_00160.png,111.3,468.7,35.7,26.9,960
10/4/2019 18:01,datasets/dataset_cropped/10_Metas/04/18/20191004180100_00160.jpg,datasets_flow/dataset_cropped/10_Metas/04/18/20191004180100_00160.jpg,datasets_cloudmask/dataset_cropped/10_Metas/04/18/20191004180100_00160.png,108.2,462.1,35.2,26.9,960
10/4/2019 18:02,datasets/dataset_cropped/10_Metas/04/18/20191004180200_00160.jpg,datasets_flow/dataset_cropped/10_Metas/04/18/20191004180200_00160.jpg,datasets_cloudmask/dataset_cropped/10_Metas/04/18/20191004180200_00160.png,105,455.4,34.6,26.9,960
10/4/2019 18:03,datasets/dataset_cropped/10_Metas/04/18/20191004180300_00160.jpg,datasets_flow/dataset_cropped/10_Metas/04/18/20191004180300_00160.jpg,datasets_cloudmask/dataset_cropped/10_Metas/04/18/20191004180300_00160.png,101.9,448.4,34.1,26.9,960
10/4/2019 18:04,datasets/dataset_cropped/10_Metas/04/18/20191004180400_00160.jpg,datasets_flow/dataset_cropped/10_Metas/04/18/20191004180400_00160.jpg,datasets_cloudmask/dataset_cropped/10_Metas/04/18/20191004180400_00160.png,98.9,441.8,33.6,26.8,960
10/4/2019 18:05,datasets/dataset_cropped/10_Metas/04/18/20191004180500_00160.jpg,datasets_flow/dataset_cropped/10_Metas/04/18/20191004180500_00160.jpg,datasets_cloudmask/dataset_cropped/10_Metas/04/18/20191004180500_00160.png,95.8,434.5,33,26.7,960
10/4/2019 18:06,datasets/dataset_cropped/10_Metas/04/18/20191004180600_00160.jpg,datasets_flow/dataset_cropped/10_Metas/04/18/20191004180600_00160.jpg,datasets_cloudmask/dataset_cropped/10_Metas/04/18/20191004180600_00160.png,92.4,425.2,32.4,26.7,960
10/4/2019 18:07,datasets/dataset_cropped/10_Metas/04/18/20191004180700_00160.jpg,datasets_flow/dataset_cropped/10_Metas/04/18/20191004180700_00160.jpg,datasets_cloudmask/dataset_cropped/10_Metas/04/18/20191004180700_00160.png,89.6,419.5,31.8,26.6,960
10/4/2019 18:08,datasets/dataset_cropped/10_Metas/04/18/20191004180800_00160.jpg,datasets_flow/dataset_cropped/10_Metas/04/18/20191004180800_00160.jpg,datasets_cloudmask/dataset_cropped/10_Metas/04/18/20191004180800_00160.png,86.7,413,31.2,26.6,960
10/4/2019 18:09,datasets/dataset_cropped/10_Metas/04/18/20191004180900_00160.jpg,datasets_flow/dataset_cropped/10_Metas/04/18/20191004180900_00160.jpg,datasets_cloudmask/dataset_cropped/10_Metas/04/18/20191004180900_00160.png,83.7,405.2,30.6,26.6,960
10/4/2019 18:10,datasets/dataset_cropped/10_Metas/04/18/20191004181000_00160.jpg,datasets_flow/dataset_cropped/10_Metas/04/18/20191004181000_00160.jpg,datasets_cloudmask/dataset_cropped/10_Metas/04/18/20191004181000_00160.png,80.8,397.8,30,26.5,960
10/4/2019 18:11,datasets/dataset_cropped/10_Metas/04/18/20191004181100_00160.jpg,datasets_flow/dataset_cropped/10_Metas/04/18/20191004181100_00160.jpg,datasets_cloudmask/dataset_cropped/10_Metas/04/18/20191004181100_00160.png,77.9,390.1,29.4,26.4,960
10/4/2019 18:12,datasets/dataset_cropped/10_Metas/04/18/20191004181200_00160.jpg,datasets_flow/dataset_cropped/10_Metas/04/18/20191004181200_00160.jpg,datasets_cloudmask/dataset_cropped/10_Metas/04/18/20191004181200_00160.png,74.8,381.3,28.8,26.4,960
10/4/2019 18:13,datasets/dataset_cropped/10_Metas/04/18/20191004181300_00160.jpg,datasets_flow/dataset_cropped/10_Metas/04/18/20191004181300_00160.jpg,datasets_cloudmask/dataset_cropped/10_Metas/04/18/20191004181300_00160.png,71.8,372.1,28.1,26.4,960
10/4/2019 18:14,datasets/dataset_cropped/10_Metas/04/18/20191004181400_00160.jpg,datasets_flow/dataset_cropped/10_Metas/04/18/20191004181400_00160.jpg,datasets_cloudmask/dataset_cropped/10_Metas/04/18/20191004181400_00160.png,68.7,361.3,27.4,26.3,960
10/4/2019 18:15,datasets/dataset_cropped/10_Metas/04/18/20191004181500_00160.jpg,datasets_flow/dataset_cropped/10_Metas/04/18/20191004181500_00160.jpg,datasets_cloudmask/dataset_cropped/10_Metas/04/18/20191004181500_00160.png,65.7,351.2,26.8,26.3,960
10/4/2019 18:16,datasets/dataset_cropped/10_Metas/04/18/20191004181600_00160.jpg,datasets_flow/dataset_cropped/10_Metas/04/18/20191004181600_00160.jpg,datasets_cloudmask/dataset_cropped/10_Metas/04/18/20191004181600_00160.png,62.9,342.8,26.1,26.2,960
10/4/2019 18:17,datasets/dataset_cropped/10_Metas/04/18/20191004181700_00160.jpg,datasets_flow/dataset_cropped/10_Metas/04/18/20191004181700_00160.jpg,datasets_cloudmask/dataset_cropped/10_Metas/04/18/20191004181700_00160.png,60.2,334.6,25.5,26.2,960
10/4/2019 18:18,datasets/dataset_cropped/10_Metas/04/18/20191004181800_00160.jpg,datasets_flow/dataset_cropped/10_Metas/04/18/20191004181800_00160.jpg,datasets_cloudmask/dataset_cropped/10_Metas/04/18/20191004181800_00160.png,57.5,326.5,24.8,26.1,960
10/4/2019 18:19,datasets/dataset_cropped/10_Metas/04/18/20191004181900_00160.jpg,datasets_flow/dataset_cropped/10_Metas/04/18/20191004181900_00160.jpg,datasets_cloudmask/dataset_cropped/10_Metas/04/18/20191004181900_00160.png,54.9,317.9,24.1,26.1,960
10/4/2019 18:20,datasets/dataset_cropped/10_Metas/04/18/20191004182000_00160.jpg,datasets_flow/dataset_cropped/10_Metas/04/18/20191004182000_00160.jpg,datasets_cloudmask/dataset_cropped/10_Metas/04/18/20191004182000_00160.png,52.2,308.5,23.4,26,960
10/4/2019 18:21,datasets/dataset_cropped/10_Metas/04/18/20191004182100_00160.jpg,datasets_flow/dataset_cropped/10_Metas/04/18/20191004182100_00160.jpg,datasets_cloudmask/dataset_cropped/10_Metas/04/18/20191004182100_00160.png,49.6,299.8,22.7,26,960
10/4/2019 18:22,datasets/dataset_cropped/10_Metas/04/18/20191004182200_00160.jpg,datasets_flow/dataset_cropped/10_Metas/04/18/20191004182200_00160.jpg,datasets_cloudmask/dataset_cropped/10_Metas/04/18/20191004182200_00160.png,46.9,287.8,22,25.9,960
10/4/2019 18:23,datasets/dataset_cropped/10_Metas/04/18/20191004182300_00160.jpg,datasets_flow/dataset_cropped/10_Metas/04/18/20191004182300_00160.jpg,datasets_cloudmask/dataset_cropped/10_Metas/04/18/20191004182300_00160.png,44.2,276.3,21.2,25.9,960
10/4/2019 18:24,datasets/dataset_cropped/10_Metas/04/18/20191004182400_00160.jpg,datasets_flow/dataset_cropped/10_Metas/04/18/20191004182400_00160.jpg,datasets_cloudmask/dataset_cropped/10_Metas/04/18/20191004182400_00160.png,41.7,265.7,20.5,25.8,960
10/4/2019 18:25,datasets/dataset_cropped/10_Metas/04/18/20191004182500_00160.jpg,datasets_flow/dataset_cropped/10_Metas/04/18/20191004182500_00160.jpg,datasets_cloudmask/dataset_cropped/10_Metas/04/18/20191004182500_00160.png,39.2,254.8,19.8,25.8,960
10/4/2019 18:26,datasets/dataset_cropped/10_Metas/04/18/20191004182600_00160.jpg,datasets_flow/dataset_cropped/10_Metas/04/18/20191004182600_00160.jpg,datasets_cloudmask/dataset_cropped/10_Metas/04/18/20191004182600_00160.png,36.7,242.1,19,25.7,960
10/4/2019 18:27,datasets/dataset_cropped/10_Metas/04/18/20191004182700_00160.jpg,datasets_flow/dataset_cropped/10_Metas/04/18/20191004182700_00160.jpg,datasets_cloudmask/dataset_cropped/10_Metas/04/18/20191004182700_00160.png,34.2,228.5,18.2,25.6,960
10/4/2019 18:28,datasets/dataset_cropped/10_Metas/04/18/20191004182800_00160.jpg,datasets_flow/dataset_cropped/10_Metas/04/18/20191004182800_00160.jpg,datasets_cloudmask/dataset_cropped/10_Metas/04/18/20191004182800_00160.png,31.8,215.1,17.5,25.6,960
10/4/2019 18:29,datasets/dataset_cropped/10_Metas/04/18/20191004182900_00160.jpg,datasets_flow/dataset_cropped/10_Metas/04/18/20191004182900_00160.jpg,datasets_cloudmask/dataset_cropped/10_Metas/04/18/20191004182900_00160.png,29.5,201.5,16.7,25.5,960
10/4/2019 18:30,datasets/dataset_cropped/10_Metas/04/18/20191004183000_00160.jpg,datasets_flow/dataset_cropped/10_Metas/04/18/20191004183000_00160.jpg,datasets_cloudmask/dataset_cropped/10_Metas/04/18/20191004183000_00160.png,27.3,187.4,15.9,25.4,960
10/4/2019 18:31,datasets/dataset_cropped/10_Metas/04/18/20191004183100_00160.jpg,datasets_flow/dataset_cropped/10_Metas/04/18/20191004183100_00160.jpg,datasets_cloudmask/dataset_cropped/10_Metas/04/18/20191004183100_00160.png,25.1,172,15.2,25.4,960
10/4/2019 18:32,datasets/dataset_cropped/10_Metas/04/18/20191004183200_00160.jpg,datasets_flow/dataset_cropped/10_Metas/04/18/20191004183200_00160.jpg,datasets_cloudmask/dataset_cropped/10_Metas/04/18/20191004183200_00160.png,22.9,155.1,14.4,25.4,960
10/4/2019 18:33,datasets/dataset_cropped/10_Metas/04/18/20191004183300_00160.jpg,datasets_flow/dataset_cropped/10_Metas/04/18/20191004183300_00160.jpg,datasets_cloudmask/dataset_cropped/10_Metas/04/18/20191004183300_00160.png,20.9,140.3,13.7,25.3,960
10/4/2019 18:34,datasets/dataset_cropped/10_Metas/04/18/20191004183400_00160.jpg,datasets_flow/dataset_cropped/10_Metas/04/18/20191004183400_00160.jpg,datasets_cloudmask/dataset_cropped/10_Metas/04/18/20191004183400_00160.png,19,126.5,12.9,25.3,960
10/4/2019 18:35,datasets/dataset_cropped/10_Metas/04/18/20191004183500_00160.jpg,datasets_flow/dataset_cropped/10_Metas/04/18/20191004183500_00160.jpg,datasets_cloudmask/dataset_cropped/10_Metas/04/18/20191004183500_00160.png,17.2,111.9,12.1,25.2,960
10/4/2019 18:36,datasets/dataset_cropped/10_Metas/04/18/20191004183600_00160.jpg,datasets_flow/dataset_cropped/10_Metas/04/18/20191004183600_00160.jpg,datasets_cloudmask/dataset_cropped/10_Metas/04/18/20191004183600_00160.png,15.4,96.4,11.2,25.1,960
10/4/2019 18:37,datasets/dataset_cropped/10_Metas/04/18/20191004183700_00160.jpg,datasets_flow/dataset_cropped/10_Metas/04/18/20191004183700_00160.jpg,datasets_cloudmask/dataset_cropped/10_Metas/04/18/20191004183700_00160.png,13.7,78.5,10.4,25.1,960
10/4/2019 18:38,datasets/dataset_cropped/10_Metas/04/18/20191004183800_00160.jpg,datasets_flow/dataset_cropped/10_Metas/04/18/20191004183800_00160.jpg,datasets_cloudmask/dataset_cropped/10_Metas/04/18/20191004183800_00160.png,11.4,42.4,9.6,25.1,960
10/4/2019 18:39,datasets/dataset_cropped/10_Metas/04/18/20191004183900_00160.jpg,datasets_flow/dataset_cropped/10_Metas/04/18/20191004183900_00160.jpg,datasets_cloudmask/dataset_cropped/10_Metas/04/18/20191004183900_00160.png,9.3,7.6,8.7,25,960
10/4/2019 18:40,datasets/dataset_cropped/10_Metas/04/18/20191004184000_00160.jpg,datasets_flow/dataset_cropped/10_Metas/04/18/20191004184000_00160.jpg,datasets_cloudmask/dataset_cropped/10_Metas/04/18/20191004184000_00160.png,8.1,0,7.8,25,960
10/4/2019 18:41,datasets/dataset_cropped/10_Metas/04/18/20191004184100_00160.jpg,datasets_flow/dataset_cropped/10_Metas/04/18/20191004184100_00160.jpg,datasets_cloudmask/dataset_cropped/10_Metas/04/18/20191004184100_00160.png,7.2,0,6.9,24.9,960
10/4/2019 18:42,datasets/dataset_cropped/10_Metas/04/18/20191004184200_00160.jpg,datasets_flow/dataset_cropped/10_Metas/04/18/20191004184200_00160.jpg,datasets_cloudmask/dataset_cropped/10_Metas/04/18/20191004184200_00160.png,6.4,0,6.2,24.8,960
10/4/2019 18:43,datasets/dataset_cropped/10_Metas/04/18/20191004184300_00160.jpg,datasets_flow/dataset_cropped/10_Metas/04/18/20191004184300_00160.jpg,datasets_cloudmask/dataset_cropped/10_Metas/04/18/20191004184300_00160.png,5.7,0,5.4,24.8,960
10/4/2019 18:44,datasets/dataset_cropped/10_Metas/04/18/20191004184400_00160.jpg,datasets_flow/dataset_cropped/10_Metas/04/18/20191004184400_00160.jpg,datasets_cloudmask/dataset_cropped/10_Metas/04/18/20191004184400_00160.png,5,0,4.7,24.8,960
10/4/2019 18:45,datasets/dataset_cropped/10_Metas/04/18/20191004184500_00160.jpg,datasets_flow/dataset_cropped/10_Metas/04/18/20191004184500_00160.jpg,datasets_cloudmask/dataset_cropped/10_Metas/04/18/20191004184500_00160.png,4.3,0,4,24.7,960
10/4/2019 18:46,datasets/dataset_cropped/10_Metas/04/18/20191004184600_00160.jpg,datasets_flow/dataset_cropped/10_Metas/04/18/20191004184600_00160.jpg,datasets_cloudmask/dataset_cropped/10_Metas/04/18/20191004184600_00160.png,3.6,0,3.3,24.6,960
10/4/2019 18:47,datasets/dataset_cropped/10_Metas/04/18/20191004184700_00160.jpg,datasets_flow/dataset_cropped/10_Metas/04/18/20191004184700_00160.jpg,datasets_cloudmask/dataset_cropped/10_Metas/04/18/20191004184700_00160.png,3.1,0,2.8,24.6,960
10/5/2019 7:09,datasets/dataset_cropped/10_Metas/05/07/20191005070930_00160.jpg,datasets_flow/dataset_cropped/10_Metas/05/07/20191005070930_00160.jpg,datasets_cloudmask/dataset_cropped/10_Metas/05/07/20191005070930_00160.png,5.1,0.8,5.2,15.4,959
10/5/2019 7:10,datasets/dataset_cropped/10_Metas/05/07/20191005071000_00160.jpg,datasets_flow/dataset_cropped/10_Metas/05/07/20191005071000_00160.jpg,datasets_cloudmask/dataset_cropped/10_Metas/05/07/20191005071000_00160.png,5.1,0.8,5.2,15.4,959
10/5/2019 7:11,datasets/dataset_cropped/10_Metas/05/07/20191005071100_00160.jpg,datasets_flow/dataset_cropped/10_Metas/05/07/20191005071100_00160.jpg,datasets_cloudmask/dataset_cropped/10_Metas/05/07/20191005071100_00160.png,5.4,1.6,5.3,15.4,959
10/5/2019 7:12,datasets/dataset_cropped/10_Metas/05/07/20191005071200_00160.jpg,datasets_flow/dataset_cropped/10_Metas/05/07/20191005071200_00160.jpg,datasets_cloudmask/dataset_cropped/10_Metas/05/07/20191005071200_00160.png,5.8,7,5.6,15.4,959
10/5/2019 7:13,datasets/dataset_cropped/10_Metas/05/07/20191005071300_00160.jpg,datasets_flow/dataset_cropped/10_Metas/05/07/20191005071300_00160.jpg,datasets_cloudmask/dataset_cropped/10_Metas/05/07/20191005071300_00160.png,6.8,20.6,6.3,15.4,959
10/5/2019 7:14,datasets/dataset_cropped/10_Metas/05/07/20191005071400_00160.jpg,datasets_flow/dataset_cropped/10_Metas/05/07/20191005071400_00160.jpg,datasets_cloudmask/dataset_cropped/10_Metas/05/07/20191005071400_00160.png,7.7,25,7.2,15.4,959
10/5/2019 7:15,datasets/dataset_cropped/10_Metas/05/07/20191005071500_00160.jpg,datasets_flow/dataset_cropped/10_Metas/05/07/20191005071500_00160.jpg,datasets_cloudmask/dataset_cropped/10_Metas/05/07/20191005071500_00160.png,8.6,27.2,7.7,15.3,959
10/5/2019 7:16,datasets/dataset_cropped/10_Metas/05/07/20191005071600_00160.jpg,datasets_flow/dataset_cropped/10_Metas/05/07/20191005071600_00160.jpg,datasets_cloudmask/dataset_cropped/10_Metas/05/07/20191005071600_00160.png,9.9,44.1,8.6,15.2,959
10/5/2019 7:17,datasets/dataset_cropped/10_Metas/05/07/20191005071700_00160.jpg,datasets_flow/dataset_cropped/10_Metas/05/07/20191005071700_00160.jpg,datasets_cloudmask/dataset_cropped/10_Metas/05/07/20191005071700_00160.png,11.5,74.4,9.3,15.1,959
10/5/2019 7:18,datasets/dataset_cropped/10_Metas/05/07/20191005071800_00160.jpg,datasets_flow/dataset_cropped/10_Metas/05/07/20191005071800_00160.jpg,datasets_cloudmask/dataset_cropped/10_Metas/05/07/20191005071800_00160.png,13.3,93.9,10.4,15.2,959
10/5/2019 7:19,datasets/dataset_cropped/10_Metas/05/07/20191005071900_00160.jpg,datasets_flow/dataset_cropped/10_Metas/05/07/20191005071900_00160.jpg,datasets_cloudmask/dataset_cropped/10_Metas/05/07/20191005071900_00160.png,14.9,109.7,11.2,15.2,959
10/5/2019 7:20,datasets/dataset_cropped/10_Metas/05/07/20191005072000_00160.jpg,datasets_flow/dataset_cropped/10_Metas/05/07/20191005072000_00160.jpg,datasets_cloudmask/dataset_cropped/10_Metas/05/07/20191005072000_00160.png,16.5,124.6,12,15.3,959
10/5/2019 7:21,datasets/dataset_cropped/10_Metas/05/07/20191005072100_00160.jpg,datasets_flow/dataset_cropped/10_Metas/05/07/20191005072100_00160.jpg,datasets_cloudmask/dataset_cropped/10_Metas/05/07/20191005072100_00160.png,18.1,139.5,12.6,15.4,959
10/5/2019 7:22,datasets/dataset_cropped/10_Metas/05/07/20191005072200_00160.jpg,datasets_flow/dataset_cropped/10_Metas/05/07/20191005072200_00160.jpg,datasets_cloudmask/dataset_cropped/10_Metas/05/07/20191005072200_00160.png,19.9,152.9,13.4,15.6,959
10/5/2019 7:23,datasets/dataset_cropped/10_Metas/05/07/20191005072300_00160.jpg,datasets_flow/dataset_cropped/10_Metas/05/07/20191005072300_00160.jpg,datasets_cloudmask/dataset_cropped/10_Metas/05/07/20191005072300_00160.png,21.7,166.2,14.2,15.7,959
10/5/2019 7:24,datasets/dataset_cropped/10_Metas/05/07/20191005072400_00160.jpg,datasets_flow/dataset_cropped/10_Metas/05/07/20191005072400_00160.jpg,datasets_cloudmask/dataset_cropped/10_Metas/05/07/20191005072400_00160.png,23.6,178.9,15.1,15.8,959
10/5/2019 7:25,datasets/dataset_cropped/10_Metas/05/07/20191005072500_00160.jpg,datasets_flow/dataset_cropped/10_Metas/05/07/20191005072500_00160.jpg,datasets_cloudmask/dataset_cropped/10_Metas/05/07/20191005072500_00160.png,25.6,190.6,16,15.9,959
10/5/2019 7:26,datasets/dataset_cropped/10_Metas/05/07/20191005072600_00160.jpg,datasets_flow/dataset_cropped/10_Metas/05/07/20191005072600_00160.jpg,datasets_cloudmask/dataset_cropped/10_Metas/05/07/20191005072600_00160.png,27.7,202.7,16.9,15.9,959
10/5/2019 7:27,datasets/dataset_cropped/10_Metas/05/07/20191005072700_00160.jpg,datasets_flow/dataset_cropped/10_Metas/05/07/20191005072700_00160.jpg,datasets_cloudmask/dataset_cropped/10_Metas/05/07/20191005072700_00160.png,29.9,215.1,17.7,16,959
10/5/2019 7:28,datasets/dataset_cropped/10_Metas/05/07/20191005072800_00160.jpg,datasets_flow/dataset_cropped/10_Metas/05/07/20191005072800_00160.jpg,datasets_cloudmask/dataset_cropped/10_Metas/05/07/20191005072800_00160.png,32.1,227,18.6,16,959
10/5/2019 7:29,datasets/dataset_cropped/10_Metas/05/07/20191005072900_00160.jpg,datasets_flow/dataset_cropped/10_Metas/05/07/20191005072900_00160.jpg,datasets_cloudmask/dataset_cropped/10_Metas/05/07/20191005072900_00160.png,34.2,238.3,19.3,16.1,959
10/5/2019 7:30,datasets/dataset_cropped/10_Metas/05/07/20191005073000_00160.jpg,datasets_flow/dataset_cropped/10_Metas/05/07/20191005073000_00160.jpg,datasets_cloudmask/dataset_cropped/10_Metas/05/07/20191005073000_00160.png,36.5,250.6,20,16.1,959
10/5/2019 7:31,datasets/dataset_cropped/10_Metas/05/07/20191005073100_00160.jpg,datasets_flow/dataset_cropped/10_Metas/05/07/20191005073100_00160.jpg,datasets_cloudmask/dataset_cropped/10_Metas/05/07/20191005073100_00160.png,38.7,261.8,20.8,16.2,959
10/5/2019 7:32,datasets/dataset_cropped/10_Metas/05/07/20191005073200_00160.jpg,datasets_flow/dataset_cropped/10_Metas/05/07/20191005073200_00160.jpg,datasets_cloudmask/dataset_cropped/10_Metas/05/07/20191005073200_00160.png,41.1,272.3,21.4,16.2,959
10/5/2019 7:33,datasets/dataset_cropped/10_Metas/05/07/20191005073300_00160.jpg,datasets_flow/dataset_cropped/10_Metas/05/07/20191005073300_00160.jpg,datasets_cloudmask/dataset_cropped/10_Metas/05/07/20191005073300_00160.png,43.5,281.7,22.1,16.3,959
10/5/2019 7:34,datasets/dataset_cropped/10_Metas/05/07/20191005073400_00160.jpg,datasets_flow/dataset_cropped/10_Metas/05/07/20191005073400_00160.jpg,datasets_cloudmask/dataset_cropped/10_Metas/05/07/20191005073400_00160.png,45.9,290.8,22.8,16.4,959
10/5/2019 7:35,datasets/dataset_cropped/10_Metas/05/07/20191005073500_00160.jpg,datasets_flow/dataset_cropped/10_Metas/05/07/20191005073500_00160.jpg,datasets_cloudmask/dataset_cropped/10_Metas/05/07/20191005073500_00160.png,48.4,300.3,23.5,16.5,959
10/5/2019 7:36,datasets/dataset_cropped/10_Metas/05/07/20191005073600_00160.jpg,datasets_flow/dataset_cropped/10_Metas/05/07/20191005073600_00160.jpg,datasets_cloudmask/dataset_cropped/10_Metas/05/07/20191005073600_00160.png,51,310.2,24.3,16.6,959
10/5/2019 7:37,datasets/dataset_cropped/10_Metas/05/07/20191005073700_00160.jpg,datasets_flow/dataset_cropped/10_Metas/05/07/20191005073700_00160.jpg,datasets_cloudmask/dataset_cropped/10_Metas/05/07/20191005073700_00160.png,53.7,320.6,25,16.9,959
10/5/2019 7:38,datasets/dataset_cropped/10_Metas/05/07/20191005073800_00160.jpg,datasets_flow/dataset_cropped/10_Metas/05/07/20191005073800_00160.jpg,datasets_cloudmask/dataset_cropped/10_Metas/05/07/20191005073800_00160.png,56.4,330.2,25.8,17.2,959
10/5/2019 7:39,datasets/dataset_cropped/10_Metas/05/07/20191005073900_00160.jpg,datasets_flow/dataset_cropped/10_Metas/05/07/20191005073900_00160.jpg,datasets_cloudmask/dataset_cropped/10_Metas/05/07/20191005073900_00160.png,59.1,339.5,26.5,17.4,959
10/5/2019 7:40,datasets/dataset_cropped/10_Metas/05/07/20191005074000_00160.jpg,datasets_flow/dataset_cropped/10_Metas/05/07/20191005074000_00160.jpg,datasets_cloudmask/dataset_cropped/10_Metas/05/07/20191005074000_00160.png,62,349.6,27.3,17.5,959
10/5/2019 7:41,datasets/dataset_cropped/10_Metas/05/07/20191005074100_00160.jpg,datasets_flow/dataset_cropped/10_Metas/05/07/20191005074100_00160.jpg,datasets_cloudmask/dataset_cropped/10_Metas/05/07/20191005074100_00160.png,65,359.8,28.2,17.6,959
10/5/2019 7:42,datasets/dataset_cropped/10_Metas/05/07/20191005074200_00160.jpg,datasets_flow/dataset_cropped/10_Metas/05/07/20191005074200_00160.jpg,datasets_cloudmask/dataset_cropped/10_Metas/05/07/20191005074200_00160.png,68,369.6,29,17.7,959
10/5/2019 7:43,datasets/dataset_cropped/10_Metas/05/07/20191005074300_00160.jpg,datasets_flow/dataset_cropped/10_Metas/05/07/20191005074300_00160.jpg,datasets_cloudmask/dataset_cropped/10_Metas/05/07/20191005074300_00160.png,70.7,378.1,29.6,17.9,959
10/5/2019 7:44,datasets/dataset_cropped/10_Metas/05/07/20191005074400_00160.jpg,datasets_flow/dataset_cropped/10_Metas/05/07/20191005074400_00160.jpg,datasets_cloudmask/dataset_cropped/10_Metas/05/07/20191005074400_00160.png,73.6,386.9,30.3,18.1,959
10/5/2019 7:45,datasets/dataset_cropped/10_Metas/05/07/20191005074500_00160.jpg,datasets_flow/dataset_cropped/10_Metas/05/07/20191005074500_00160.jpg,datasets_cloudmask/dataset_cropped/10_Metas/05/07/20191005074500_00160.png,76.4,395.2,30.9,18.2,959
10/5/2019 7:46,datasets/dataset_cropped/10_Metas/05/07/20191005074600_00160.jpg,datasets_flow/dataset_cropped/10_Metas/05/07/20191005074600_00160.jpg,datasets_cloudmask/dataset_cropped/10_Metas/05/07/20191005074600_00160.png,79.2,403.2,31.5,18.2,959
10/5/2019 7:47,datasets/dataset_cropped/10_Metas/05/07/20191005074700_00160.jpg,datasets_flow/dataset_cropped/10_Metas/05/07/20191005074700_00160.jpg,datasets_cloudmask/dataset_cropped/10_Metas/05/07/20191005074700_00160.png,82.2,411.6,32,18.1,959
10/5/2019 7:48,datasets/dataset_cropped/10_Metas/05/07/20191005074800_00160.jpg,datasets_flow/dataset_cropped/10_Metas/05/07/20191005074800_00160.jpg,datasets_cloudmask/dataset_cropped/10_Metas/05/07/20191005074800_00160.png,85.2,419.5,32.7,18.1,959
10/5/2019 7:49,datasets/dataset_cropped/10_Metas/05/07/20191005074900_00160.jpg,datasets_flow/dataset_cropped/10_Metas/05/07/20191005074900_00160.jpg,datasets_cloudmask/dataset_cropped/10_Metas/05/07/20191005074900_00160.png,88.3,428.2,33.3,18.2,959
10/5/2019 7:50,datasets/dataset_cropped/10_Metas/05/07/20191005075000_00160.jpg,datasets_flow/dataset_cropped/10_Metas/05/07/20191005075000_00160.jpg,datasets_cloudmask/dataset_cropped/10_Metas/05/07/20191005075000_00160.png,91.3,435.7,33.8,18.2,959
10/5/2019 7:51,datasets/dataset_cropped/10_Metas/05/07/20191005075100_00160.jpg,datasets_flow/dataset_cropped/10_Metas/05/07/20191005075100_00160.jpg,datasets_cloudmask/dataset_cropped/10_Metas/05/07/20191005075100_00160.png,94.4,442.9,34.4,18.2,959
10/5/2019 7:52,datasets/dataset_cropped/10_Metas/05/07/20191005075200_00160.jpg,datasets_flow/dataset_cropped/10_Metas/05/07/20191005075200_00160.jpg,datasets_cloudmask/dataset_cropped/10_Metas/05/07/20191005075200_00160.png,97.4,449.9,35,18.2,959
10/5/2019 7:53,datasets/dataset_cropped/10_Metas/05/07/20191005075300_00160.jpg,datasets_flow/dataset_cropped/10_Metas/05/07/20191005075300_00160.jpg,datasets_cloudmask/dataset_cropped/10_Metas/05/07/20191005075300_00160.png,100.5,456.8,35.6,18.2,959
10/5/2019 7:54,datasets/dataset_cropped/10_Metas/05/07/20191005075400_00160.jpg,datasets_flow/dataset_cropped/10_Metas/05/07/20191005075400_00160.jpg,datasets_cloudmask/dataset_cropped/10_Metas/05/07/20191005075400_00160.png,103.6,463.4,36.2,18.2,959
10/5/2019 7:55,datasets/dataset_cropped/10_Metas/05/07/20191005075500_00160.jpg,datasets_flow/dataset_cropped/10_Metas/05/07/20191005075500_00160.jpg,datasets_cloudmask/dataset_cropped/10_Metas/05/07/20191005075500_00160.png,106.9,470.9,36.8,18.2,959
10/5/2019 7:56,datasets/dataset_cropped/10_Metas/05/07/20191005075600_00160.jpg,datasets_flow/dataset_cropped/10_Metas/05/07/20191005075600_00160.jpg,datasets_cloudmask/dataset_cropped/10_Metas/05/07/20191005075600_00160.png,110.1,478.2,37.3,18.2,959
10/5/2019 7:57,datasets/dataset_cropped/10_Metas/05/07/20191005075700_00160.jpg,datasets_flow/dataset_cropped/10_Metas/05/07/20191005075700_00160.jpg,datasets_cloudmask/dataset_cropped/10_Metas/05/07/20191005075700_00160.png,113.6,486.1,37.8,18.3,959
10/5/2019 7:58,datasets/dataset_cropped/10_Metas/05/07/20191005075800_00160.jpg,datasets_flow/dataset_cropped/10_Metas/05/07/20191005075800_00160.jpg,datasets_cloudmask/dataset_cropped/10_Metas/05/07/20191005075800_00160.png,116.9,492.8,38.4,18.3,959
10/5/2019 7:59,datasets/dataset_cropped/10_Metas/05/07/20191005075900_00160.jpg,datasets_flow/dataset_cropped/10_Metas/05/07/20191005075900_00160.jpg,datasets_cloudmask/dataset_cropped/10_Metas/05/07/20191005075900_00160.png,120.3,500,38.9,18.5,959
10/5/2019 8:00,datasets/dataset_cropped/10_Metas/05/08/20191005080000_00160.jpg,datasets_flow/dataset_cropped/10_Metas/05/08/20191005080000_00160.jpg,datasets_cloudmask/dataset_cropped/10_Metas/05/08/20191005080000_00160.png,123.7,506.9,39.5,18.7,959
10/5/2019 8:01,datasets/dataset_cropped/10_Metas/05/08/20191005080100_00160.jpg,datasets_flow/dataset_cropped/10_Metas/05/08/20191005080100_00160.jpg,datasets_cloudmask/dataset_cropped/10_Metas/05/08/20191005080100_00160.png,126.9,513.2,40.1,18.8,959
10/5/2019 8:02,datasets/dataset_cropped/10_Metas/05/08/20191005080200_00160.jpg,datasets_flow/dataset_cropped/10_Metas/05/08/20191005080200_00160.jpg,datasets_cloudmask/dataset_cropped/10_Metas/05/08/20191005080200_00160.png,130.2,519.7,40.6,19,960
10/5/2019 8:03,datasets/dataset_cropped/10_Metas/05/08/20191005080300_00160.jpg,datasets_flow/dataset_cropped/10_Metas/05/08/20191005080300_00160.jpg,datasets_cloudmask/dataset_cropped/10_Metas/05/08/20191005080300_00160.png,133.7,527,41.1,19.1,959
10/5/2019 8:04,datasets/dataset_cropped/10_Metas/05/08/20191005080400_00160.jpg,datasets_flow/dataset_cropped/10_Metas/05/08/20191005080400_00160.jpg,datasets_cloudmask/dataset_cropped/10_Metas/05/08/20191005080400_00160.png,137.4,534.8,41.6,19.3,959
10/5/2019 8:05,datasets/dataset_cropped/10_Metas/05/08/20191005080500_00160.jpg,datasets_flow/dataset_cropped/10_Metas/05/08/20191005080500_00160.jpg,datasets_cloudmask/dataset_cropped/10_Metas/05/08/20191005080500_00160.png,140.9,542,42.1,19.5,959
10/5/2019 8:06,datasets/dataset_cropped/10_Metas/05/08/20191005080600_00160.jpg,datasets_flow/dataset_cropped/10_Metas/05/08/20191005080600_00160.jpg,datasets_cloudmask/dataset_cropped/10_Metas/05/08/20191005080600_00160.png,144.2,547.7,42.5,19.6,959
10/5/2019 8:07,datasets/dataset_cropped/10_Metas/05/08/20191005080700_00160.jpg,datasets_flow/dataset_cropped/10_Metas/05/08/20191005080700_00160.jpg,datasets_cloudmask/dataset_cropped/10_Metas/05/08/20191005080700_00160.png,147.6,553.9,43,19.8,960
10/5/2019 8:08,datasets/dataset_cropped/10_Metas/05/08/20191005080800_00160.jpg,datasets_flow/dataset_cropped/10_Metas/05/08/20191005080800_00160.jpg,datasets_cloudmask/dataset_cropped/10_Metas/05/08/20191005080800_00160.png,151,559.6,43.4,19.9,959
10/5/2019 8:09,datasets/dataset_cropped/10_Metas/05/08/20191005080900_00160.jpg,datasets_flow/dataset_cropped/10_Metas/05/08/20191005080900_00160.jpg,datasets_cloudmask/dataset_cropped/10_Metas/05/08/20191005080900_00160.png,154.2,564.7,43.8,20,960
10/5/2019 8:10,datasets/dataset_cropped/10_Metas/05/08/20191005081000_00160.jpg,datasets_flow/dataset_cropped/10_Metas/05/08/20191005081000_00160.jpg,datasets_cloudmask/dataset_cropped/10_Metas/05/08/20191005081000_00160.png,157.5,569.6,44.2,20.1,959
10/5/2019 8:11,datasets/dataset_cropped/10_Metas/05/08/20191005081100_00160.jpg,datasets_flow/dataset_cropped/10_Metas/05/08/20191005081100_00160.jpg,datasets_cloudmask/dataset_cropped/10_Metas/05/08/20191005081100_00160.png,160.7,573.9,44.7,20.3,959
10/5/2019 8:12,datasets/dataset_cropped/10_Metas/05/08/20191005081200_00160.jpg,datasets_flow/dataset_cropped/10_Metas/05/08/20191005081200_00160.jpg,datasets_cloudmask/dataset_cropped/10_Metas/05/08/20191005081200_00160.png,164,578.6,45.1,20.4,959
10/5/2019 8:13,datasets/dataset_cropped/10_Metas/05/08/20191005081300_00160.jpg,datasets_flow/dataset_cropped/10_Metas/05/08/20191005081300_00160.jpg,datasets_cloudmask/dataset_cropped/10_Metas/05/08/20191005081300_00160.png,167.3,583.7,45.5,20.6,959
10/5/2019 8:14,datasets/dataset_cropped/10_Metas/05/08/20191005081400_00160.jpg,datasets_flow/dataset_cropped/10_Metas/05/08/20191005081400_00160.jpg,datasets_cloudmask/dataset_cropped/10_Metas/05/08/20191005081400_00160.png,170.3,587.6,45.8,20.6,960
10/5/2019 8:15,datasets/dataset_cropped/10_Metas/05/08/20191005081500_00160.jpg,datasets_flow/dataset_cropped/10_Metas/05/08/20191005081500_00160.jpg,datasets_cloudmask/dataset_cropped/10_Metas/05/08/20191005081500_00160.png,173.6,592.5,46.1,20.8,960
10/5/2019 8:16,datasets/dataset_cropped/10_Metas/05/08/20191005081600_00160.jpg,datasets_flow/dataset_cropped/10_Metas/05/08/20191005081600_00160.jpg,datasets_cloudmask/dataset_cropped/10_Metas/05/08/20191005081600_00160.png,177.1,597.3,46.5,20.8,960
10/5/2019 8:17,datasets/dataset_cropped/10_Metas/05/08/20191005081700_00160.jpg,datasets_flow/dataset_cropped/10_Metas/05/08/20191005081700_00160.jpg,datasets_cloudmask/dataset_cropped/10_Metas/05/08/20191005081700_00160.png,180.5,602.5,46.9,20.8,960
10/5/2019 8:18,datasets/dataset_cropped/10_Metas/05/08/20191005081800_00160.jpg,datasets_flow/dataset_cropped/10_Metas/05/08/20191005081800_00160.jpg,datasets_cloudmask/dataset_cropped/10_Metas/05/08/20191005081800_00160.png,183.9,607.1,47.4,20.8,960
10/5/2019 8:19,datasets/dataset_cropped/10_Metas/05/08/20191005081900_00160.jpg,datasets_flow/dataset_cropped/10_Metas/05/08/20191005081900_00160.jpg,datasets_cloudmask/dataset_cropped/10_Metas/05/08/20191005081900_00160.png,187.3,611.7,47.8,20.9,960
10/5/2019 8:20,datasets/dataset_cropped/10_Metas/05/08/20191005082000_00160.jpg,datasets_flow/dataset_cropped/10_Metas/05/08/20191005082000_00160.jpg,datasets_cloudmask/dataset_cropped/10_Metas/05/08/20191005082000_00160.png,190.7,616.1,48.2,20.9,960
10/5/2019 8:21,datasets/dataset_cropped/10_Metas/05/08/20191005082100_00160.jpg,datasets_flow/dataset_cropped/10_Metas/05/08/20191005082100_00160.jpg,datasets_cloudmask/dataset_cropped/10_Metas/05/08/20191005082100_00160.png,194,620.1,48.6,21,960
10/5/2019 8:22,datasets/dataset_cropped/10_Metas/05/08/20191005082200_00160.jpg,datasets_flow/dataset_cropped/10_Metas/05/08/20191005082200_00160.jpg,datasets_cloudmask/dataset_cropped/10_Metas/05/08/20191005082200_00160.png,197.4,624.5,49,21.1,960
10/5/2019 8:23,datasets/dataset_cropped/10_Metas/05/08/20191005082300_00160.jpg,datasets_flow/dataset_cropped/10_Metas/05/08/20191005082300_00160.jpg,datasets_cloudmask/dataset_cropped/10_Metas/05/08/20191005082300_00160.png,200.8,628.5,49.4,21.1,960
10/5/2019 8:24,datasets/dataset_cropped/10_Metas/05/08/20191005082400_00160.jpg,datasets_flow/dataset_cropped/10_Metas/05/08/20191005082400_00160.jpg,datasets_cloudmask/dataset_cropped/10_Metas/05/08/20191005082400_00160.png,204.1,632.5,49.7,21.1,960
10/5/2019 8:25,datasets/dataset_cropped/10_Metas/05/08/20191005082500_00160.jpg,datasets_flow/dataset_cropped/10_Metas/05/08/20191005082500_00160.jpg,datasets_cloudmask/dataset_cropped/10_Metas/05/08/20191005082500_00160.png,207.6,636.8,50,21.1,960
10/5/2019 8:26,datasets/dataset_cropped/10_Metas/05/08/20191005082600_00160.jpg,datasets_flow/dataset_cropped/10_Metas/05/08/20191005082600_00160.jpg,datasets_cloudmask/dataset_cropped/10_Metas/05/08/20191005082600_00160.png,210.9,640.2,50.4,21.2,960
10/5/2019 8:27,datasets/dataset_cropped/10_Metas/05/08/20191005082700_00160.jpg,datasets_flow/dataset_cropped/10_Metas/05/08/20191005082700_00160.jpg,datasets_cloudmask/dataset_cropped/10_Metas/05/08/20191005082700_00160.png,214.4,644.6,50.8,21.3,960
10/5/2019 8:28,datasets/dataset_cropped/10_Metas/05/08/20191005082800_00160.jpg,datasets_flow/dataset_cropped/10_Metas/05/08/20191005082800_00160.jpg,datasets_cloudmask/dataset_cropped/10_Metas/05/08/20191005082800_00160.png,217.9,648.7,51.2,21.3,960
10/5/2019 8:29,datasets/dataset_cropped/10_Metas/05/08/20191005082900_00160.jpg,datasets_flow/dataset_cropped/10_Metas/05/08/20191005082900_00160.jpg,datasets_cloudmask/dataset_cropped/10_Metas/05/08/20191005082900_00160.png,221.3,652.7,51.5,21.4,960
10/5/2019 8:30,datasets/dataset_cropped/10_Metas/05/08/20191005083000_00160.jpg,datasets_flow/dataset_cropped/10_Metas/05/08/20191005083000_00160.jpg,datasets_cloudmask/dataset_cropped/10_Metas/05/08/20191005083000_00160.png,224.6,656.4,51.8,21.4,960
10/5/2019 8:31,datasets/dataset_cropped/10_Metas/05/08/20191005083100_00160.jpg,datasets_flow/dataset_cropped/10_Metas/05/08/20191005083100_00160.jpg,datasets_cloudmask/dataset_cropped/10_Metas/05/08/20191005083100_00160.png,228.1,660.3,52.1,21.6,960
10/5/2019 8:32,datasets/dataset_cropped/10_Metas/05/08/20191005083200_00160.jpg,datasets_flow/dataset_cropped/10_Metas/05/08/20191005083200_00160.jpg,datasets_cloudmask/dataset_cropped/10_Metas/05/08/20191005083200_00160.png,231.5,664.1,52.4,21.7,960
10/5/2019 8:33,datasets/dataset_cropped/10_Metas/05/08/20191005083300_00160.jpg,datasets_flow/dataset_cropped/10_Metas/05/08/20191005083300_00160.jpg,datasets_cloudmask/dataset_cropped/10_Metas/05/08/20191005083300_00160.png,234.9,667.9,52.8,21.8,960
10/5/2019 8:34,datasets/dataset_cropped/10_Metas/05/08/20191005083400_00160.jpg,datasets_flow/dataset_cropped/10_Metas/05/08/20191005083400_00160.jpg,datasets_cloudmask/dataset_cropped/10_Metas/05/08/20191005083400_00160.png,238.3,671.5,53.1,21.9,960
10/5/2019 8:35,datasets/dataset_cropped/10_Metas/05/08/20191005083500_00160.jpg,datasets_flow/dataset_cropped/10_Metas/05/08/20191005083500_00160.jpg,datasets_cloudmask/dataset_cropped/10_Metas/05/08/20191005083500_00160.png,241.7,675,53.6,22.1,960
10/5/2019 8:36,datasets/dataset_cropped/10_Metas/05/08/20191005083600_00160.jpg,datasets_flow/dataset_cropped/10_Metas/05/08/20191005083600_00160.jpg,datasets_cloudmask/dataset_cropped/10_Metas/05/08/20191005083600_00160.png,245.2,678.9,53.8,22.1,960
10/5/2019 8:37,datasets/dataset_cropped/10_Metas/05/08/20191005083700_00160.jpg,datasets_flow/dataset_cropped/10_Metas/05/08/20191005083700_00160.jpg,datasets_cloudmask/dataset_cropped/10_Metas/05/08/20191005083700_00160.png,248.6,682,54.1,22.1,960
10/5/2019 8:38,datasets/dataset_cropped/10_Metas/05/08/20191005083800_00160.jpg,datasets_flow/dataset_cropped/10_Metas/05/08/20191005083800_00160.jpg,datasets_cloudmask/dataset_cropped/10_Metas/05/08/20191005083800_00160.png,251.9,685,54.3,22.3,960
10/5/2019 8:39,datasets/dataset_cropped/10_Metas/05/08/20191005083900_00160.jpg,datasets_flow/dataset_cropped/10_Metas/05/08/20191005083900_00160.jpg,datasets_cloudmask/dataset_cropped/10_Metas/05/08/20191005083900_00160.png,255.3,688.6,54.7,22.6,960
10/5/2019 8:40,datasets/dataset_cropped/10_Metas/05/08/20191005084000_00160.jpg,datasets_flow/dataset_cropped/10_Metas/05/08/20191005084000_00160.jpg,datasets_cloudmask/dataset_cropped/10_Metas/05/08/20191005084000_00160.png,258.8,692.1,54.9,22.9,960
10/5/2019 8:41,datasets/dataset_cropped/10_Metas/05/08/20191005084100_00160.jpg,datasets_flow/dataset_cropped/10_Metas/05/08/20191005084100_00160.jpg,datasets_cloudmask/dataset_cropped/10_Metas/05/08/20191005084100_00160.png,262.2,695.3,55.2,22.9,960
10/5/2019 8:42,datasets/dataset_cropped/10_Metas/05/08/20191005084200_00160.jpg,datasets_flow/dataset_cropped/10_Metas/05/08/20191005084200_00160.jpg,datasets_cloudmask/dataset_cropped/10_Metas/05/08/20191005084200_00160.png,265.6,697.9,55.6,22.9,960
10/5/2019 8:43,datasets/dataset_cropped/10_Metas/05/08/20191005084300_00160.jpg,datasets_flow/dataset_cropped/10_Metas/05/08/20191005084300_00160.jpg,datasets_cloudmask/dataset_cropped/10_Metas/05/08/20191005084300_00160.png,268.9,700.8,56,23,960
10/5/2019 8:44,datasets/dataset_cropped/10_Metas/05/08/20191005084400_00160.jpg,datasets_flow/dataset_cropped/10_Metas/05/08/20191005084400_00160.jpg,datasets_cloudmask/dataset_cropped/10_Metas/05/08/20191005084400_00160.png,272.1,703.6,56.2,23,960
10/5/2019 8:45,datasets/dataset_cropped/10_Metas/05/08/20191005084500_00160.jpg,datasets_flow/dataset_cropped/10_Metas/05/08/20191005084500_00160.jpg,datasets_cloudmask/dataset_cropped/10_Metas/05/08/20191005084500_00160.png,275.4,706.7,56.5,23,960
10/5/2019 8:46,datasets/dataset_cropped/10_Metas/05/08/20191005084600_00160.jpg,datasets_flow/dataset_cropped/10_Metas/05/08/20191005084600_00160.jpg,datasets_cloudmask/dataset_cropped/10_Metas/05/08/20191005084600_00160.png,278.9,710,56.7,23,960
10/5/2019 8:47,datasets/dataset_cropped/10_Metas/05/08/20191005084700_00160.jpg,datasets_flow/dataset_cropped/10_Metas/05/08/20191005084700_00160.jpg,datasets_cloudmask/dataset_cropped/10_Metas/05/08/20191005084700_00160.png,282.3,712.7,56.9,23.1,960
10/5/2019 8:48,datasets/dataset_cropped/10_Metas/05/08/20191005084800_00160.jpg,datasets_flow/dataset_cropped/10_Metas/05/08/20191005084800_00160.jpg,datasets_cloudmask/dataset_cropped/10_Metas/05/08/20191005084800_00160.png,285.8,715.8,57.2,23.1,960
10/5/2019 8:49,datasets/dataset_cropped/10_Metas/05/08/20191005084900_00160.jpg,datasets_flow/dataset_cropped/10_Metas/05/08/20191005084900_00160.jpg,datasets_cloudmask/dataset_cropped/10_Metas/05/08/20191005084900_00160.png,289.3,719.1,57.5,23.2,960
10/5/2019 8:50,datasets/dataset_cropped/10_Metas/05/08/20191005085000_00160.jpg,datasets_flow/dataset_cropped/10_Metas/05/08/20191005085000_00160.jpg,datasets_cloudmask/dataset_cropped/10_Metas/05/08/20191005085000_00160.png,292.7,722.1,57.9,23.3,960
10/5/2019 8:51,datasets/dataset_cropped/10_Metas/05/08/20191005085100_00160.jpg,datasets_flow/dataset_cropped/10_Metas/05/08/20191005085100_00160.jpg,datasets_cloudmask/dataset_cropped/10_Metas/05/08/20191005085100_00160.png,296.3,725.6,58.1,23.4,960
10/5/2019 8:52,datasets/dataset_cropped/10_Metas/05/08/20191005085200_00160.jpg,datasets_flow/dataset_cropped/10_Metas/05/08/20191005085200_00160.jpg,datasets_cloudmask/dataset_cropped/10_Metas/05/08/20191005085200_00160.png,299.9,729.2,58.2,23.4,960
10/5/2019 8:53,datasets/dataset_cropped/10_Metas/05/08/20191005085300_00160.jpg,datasets_flow/dataset_cropped/10_Metas/05/08/20191005085300_00160.jpg,datasets_cloudmask/dataset_cropped/10_Metas/05/08/20191005085300_00160.png,303.4,732.4,58.5,23.5,960
10/5/2019 8:54,datasets/dataset_cropped/10_Metas/05/08/20191005085400_00160.jpg,datasets_flow/dataset_cropped/10_Metas/05/08/20191005085400_00160.jpg,datasets_cloudmask/dataset_cropped/10_Metas/05/08/20191005085400_00160.png,306.8,735.1,58.6,23.4,960
10/5/2019 8:55,datasets/dataset_cropped/10_Metas/05/08/20191005085500_00160.jpg,datasets_flow/dataset_cropped/10_Metas/05/08/20191005085500_00160.jpg,datasets_cloudmask/dataset_cropped/10_Metas/05/08/20191005085500_00160.png,310.2,737.7,58.8,23.6,960
10/5/2019 8:56,datasets/dataset_cropped/10_Metas/05/08/20191005085600_00160.jpg,datasets_flow/dataset_cropped/10_Metas/05/08/20191005085600_00160.jpg,datasets_cloudmask/dataset_cropped/10_Metas/05/08/20191005085600_00160.png,313.4,740.1,58.9,23.7,960
10/5/2019 8:57,datasets/dataset_cropped/10_Metas/05/08/20191005085700_00160.jpg,datasets_flow/dataset_cropped/10_Metas/05/08/20191005085700_00160.jpg,datasets_cloudmask/dataset_cropped/10_Metas/05/08/20191005085700_00160.png,316.7,742.6,59.2,23.7,960
10/5/2019 8:58,datasets/dataset_cropped/10_Metas/05/08/20191005085800_00160.jpg,datasets_flow/dataset_cropped/10_Metas/05/08/20191005085800_00160.jpg,datasets_cloudmask/dataset_cropped/10_Metas/05/08/20191005085800_00160.png,320.2,745.1,59.9,23.8,960
10/5/2019 8:59,datasets/dataset_cropped/10_Metas/05/08/20191005085900_00160.jpg,datasets_flow/dataset_cropped/10_Metas/05/08/20191005085900_00160.jpg,datasets_cloudmask/dataset_cropped/10_Metas/05/08/20191005085900_00160.png,323.9,748.3,60.2,23.8,960
10/5/2019 9:00,datasets/dataset_cropped/10_Metas/05/09/20191005090000_00160.jpg,datasets_flow/dataset_cropped/10_Metas/05/09/20191005090000_00160.jpg,datasets_cloudmask/dataset_cropped/10_Metas/05/09/20191005090000_00160.png,327.7,752.2,60.4,23.9,960
10/5/2019 9:01,datasets/dataset_cropped/10_Metas/05/09/20191005090100_00160.jpg,datasets_flow/dataset_cropped/10_Metas/05/09/20191005090100_00160.jpg,datasets_cloudmask/dataset_cropped/10_Metas/05/09/20191005090100_00160.png,330.5,753.8,60.3,23.9,960
10/5/2019 9:02,datasets/dataset_cropped/10_Metas/05/09/20191005090200_00160.jpg,datasets_flow/dataset_cropped/10_Metas/05/09/20191005090200_00160.jpg,datasets_cloudmask/dataset_cropped/10_Metas/05/09/20191005090200_00160.png,333.7,755.8,60.6,23.9,960
10/5/2019 9:03,datasets/dataset_cropped/10_Metas/05/09/20191005090300_00160.jpg,datasets_flow/dataset_cropped/10_Metas/05/09/20191005090300_00160.jpg,datasets_cloudmask/dataset_cropped/10_Metas/05/09/20191005090300_00160.png,336.9,757.8,60.8,24,960
10/5/2019 9:04,datasets/dataset_cropped/10_Metas/05/09/20191005090400_00160.jpg,datasets_flow/dataset_cropped/10_Metas/05/09/20191005090400_00160.jpg,datasets_cloudmask/dataset_cropped/10_Metas/05/09/20191005090400_00160.png,340.1,760,60.9,24.2,960
10/5/2019 9:05,datasets/dataset_cropped/10_Metas/05/09/20191005090500_00160.jpg,datasets_flow/dataset_cropped/10_Metas/05/09/20191005090500_00160.jpg,datasets_cloudmask/dataset_cropped/10_Metas/05/09/20191005090500_00160.png,343.2,761.9,60.9,24.3,960
10/5/2019 9:06,datasets/dataset_cropped/10_Metas/05/09/20191005090600_00160.jpg,datasets_flow/dataset_cropped/10_Metas/05/09/20191005090600_00160.jpg,datasets_cloudmask/dataset_cropped/10_Metas/05/09/20191005090600_00160.png,346.4,763.8,61.1,24.5,960
10/5/2019 9:07,datasets/dataset_cropped/10_Metas/05/09/20191005090700_00160.jpg,datasets_flow/dataset_cropped/10_Metas/05/09/20191005090700_00160.jpg,datasets_cloudmask/dataset_cropped/10_Metas/05/09/20191005090700_00160.png,349.8,766.1,61.4,24.6,960
10/5/2019 9:08,datasets/dataset_cropped/10_Metas/05/09/20191005090800_00160.jpg,datasets_flow/dataset_cropped/10_Metas/05/09/20191005090800_00160.jpg,datasets_cloudmask/dataset_cropped/10_Metas/05/09/20191005090800_00160.png,353.2,768.3,61.6,24.8,960
10/5/2019 9:09,datasets/dataset_cropped/10_Metas/05/09/20191005090900_00160.jpg,datasets_flow/dataset_cropped/10_Metas/05/09/20191005090900_00160.jpg,datasets_cloudmask/dataset_cropped/10_Metas/05/09/20191005090900_00160.png,356.5,770.3,62,25,960
10/5/2019 9:10,datasets/dataset_cropped/10_Metas/05/09/20191005091000_00160.jpg,datasets_flow/dataset_cropped/10_Metas/05/09/20191005091000_00160.jpg,datasets_cloudmask/dataset_cropped/10_Metas/05/09/20191005091000_00160.png,360,772.7,62.3,25.2,960
10/5/2019 9:11,datasets/dataset_cropped/10_Metas/05/09/20191005091100_00160.jpg,datasets_flow/dataset_cropped/10_Metas/05/09/20191005091100_00160.jpg,datasets_cloudmask/dataset_cropped/10_Metas/05/09/20191005091100_00160.png,363.1,774.4,62.5,25.4,960
10/5/2019 9:12,datasets/dataset_cropped/10_Metas/05/09/20191005091200_00160.jpg,datasets_flow/dataset_cropped/10_Metas/05/09/20191005091200_00160.jpg,datasets_cloudmask/dataset_cropped/10_Metas/05/09/20191005091200_00160.png,366.3,776.4,62.9,25.1,960
10/5/2019 9:13,datasets/dataset_cropped/10_Metas/05/09/20191005091300_00160.jpg,datasets_flow/dataset_cropped/10_Metas/05/09/20191005091300_00160.jpg,datasets_cloudmask/dataset_cropped/10_Metas/05/09/20191005091300_00160.png,369.6,778.4,63.4,24.8,960
10/5/2019 9:14,datasets/dataset_cropped/10_Metas/05/09/20191005091400_00160.jpg,datasets_flow/dataset_cropped/10_Metas/05/09/20191005091400_00160.jpg,datasets_cloudmask/dataset_cropped/10_Metas/05/09/20191005091400_00160.png,372.8,780.7,63.6,24.6,960
10/5/2019 9:15,datasets/dataset_cropped/10_Metas/05/09/20191005091500_00160.jpg,datasets_flow/dataset_cropped/10_Metas/05/09/20191005091500_00160.jpg,datasets_cloudmask/dataset_cropped/10_Metas/05/09/20191005091500_00160.png,375.9,783,63.5,24.6,960
10/5/2019 9:16,datasets/dataset_cropped/10_Metas/05/09/20191005091600_00160.jpg,datasets_flow/dataset_cropped/10_Metas/05/09/20191005091600_00160.jpg,datasets_cloudmask/dataset_cropped/10_Metas/05/09/20191005091600_00160.png,379,784.7,63.4,24.6,960
10/5/2019 9:17,datasets/dataset_cropped/10_Metas/05/09/20191005091700_00160.jpg,datasets_flow/dataset_cropped/10_Metas/05/09/20191005091700_00160.jpg,datasets_cloudmask/dataset_cropped/10_Metas/05/09/20191005091700_00160.png,382.4,786.8,63.5,24.7,960
10/5/2019 9:18,datasets/dataset_cropped/10_Metas/05/09/20191005091800_00160.jpg,datasets_flow/dataset_cropped/10_Metas/05/09/20191005091800_00160.jpg,datasets_cloudmask/dataset_cropped/10_Metas/05/09/20191005091800_00160.png,385.5,788.5,63.6,24.7,960
10/5/2019 9:19,datasets/dataset_cropped/10_Metas/05/09/20191005091900_00160.jpg,datasets_flow/dataset_cropped/10_Metas/05/09/20191005091900_00160.jpg,datasets_cloudmask/dataset_cropped/10_Metas/05/09/20191005091900_00160.png,388.9,790.7,63.9,24.6,960
10/5/2019 9:20,datasets/dataset_cropped/10_Metas/05/09/20191005092000_00160.jpg,datasets_flow/dataset_cropped/10_Metas/05/09/20191005092000_00160.jpg,datasets_cloudmask/dataset_cropped/10_Metas/05/09/20191005092000_00160.png,392.2,793,64.1,24.5,960
10/5/2019 9:21,datasets/dataset_cropped/10_Metas/05/09/20191005092100_00160.jpg,datasets_flow/dataset_cropped/10_Metas/05/09/20191005092100_00160.jpg,datasets_cloudmask/dataset_cropped/10_Metas/05/09/20191005092100_00160.png,395.4,794.7,64.3,24.5,960
10/5/2019 9:22,datasets/dataset_cropped/10_Metas/05/09/20191005092200_00160.jpg,datasets_flow/dataset_cropped/10_Metas/05/09/20191005092200_00160.jpg,datasets_cloudmask/dataset_cropped/10_Metas/05/09/20191005092200_00160.png,398.7,796.4,64.5,24.5,960
10/5/2019 9:23,datasets/dataset_cropped/10_Metas/05/09/20191005092300_00160.jpg,datasets_flow/dataset_cropped/10_Metas/05/09/20191005092300_00160.jpg,datasets_cloudmask/dataset_cropped/10_Metas/05/09/20191005092300_00160.png,401.9,798.2,64.8,24.5,960
10/5/2019 9:24,datasets/dataset_cropped/10_Metas/05/09/20191005092400_00160.jpg,datasets_flow/dataset_cropped/10_Metas/05/09/20191005092400_00160.jpg,datasets_cloudmask/dataset_cropped/10_Metas/05/09/20191005092400_00160.png,405.1,800,65.1,24.6,960
10/5/2019 9:25,datasets/dataset_cropped/10_Metas/05/09/20191005092500_00160.jpg,datasets_flow/dataset_cropped/10_Metas/05/09/20191005092500_00160.jpg,datasets_cloudmask/dataset_cropped/10_Metas/05/09/20191005092500_00160.png,408.4,801,65.5,24.8,960
10/5/2019 9:26,datasets/dataset_cropped/10_Metas/05/09/20191005092600_00160.jpg,datasets_flow/dataset_cropped/10_Metas/05/09/20191005092600_00160.jpg,datasets_cloudmask/dataset_cropped/10_Metas/05/09/20191005092600_00160.png,411.6,803,65.7,24.9,960
10/5/2019 9:27,datasets/dataset_cropped/10_Metas/05/09/20191005092700_00160.jpg,datasets_flow/dataset_cropped/10_Metas/05/09/20191005092700_00160.jpg,datasets_cloudmask/dataset_cropped/10_Metas/05/09/20191005092700_00160.png,414.8,804,65.8,24.9,960
10/5/2019 9:28,datasets/dataset_cropped/10_Metas/05/09/20191005092800_00160.jpg,datasets_flow/dataset_cropped/10_Metas/05/09/20191005092800_00160.jpg,datasets_cloudmask/dataset_cropped/10_Metas/05/09/20191005092800_00160.png,417.7,805,66,24.9,960
10/5/2019 9:29,datasets/dataset_cropped/10_Metas/05/09/20191005092900_00160.jpg,datasets_flow/dataset_cropped/10_Metas/05/09/20191005092900_00160.jpg,datasets_cloudmask/dataset_cropped/10_Metas/05/09/20191005092900_00160.png,420.8,807,66.2,24.9,960
10/5/2019 9:30,datasets/dataset_cropped/10_Metas/05/09/20191005093000_00160.jpg,datasets_flow/dataset_cropped/10_Metas/05/09/20191005093000_00160.jpg,datasets_cloudmask/dataset_cropped/10_Metas/05/09/20191005093000_00160.png,423.8,809,66.2,24.9,960
10/5/2019 9:31,datasets/dataset_cropped/10_Metas/05/09/20191005093100_00160.jpg,datasets_flow/dataset_cropped/10_Metas/05/09/20191005093100_00160.jpg,datasets_cloudmask/dataset_cropped/10_Metas/05/09/20191005093100_00160.png,426.9,810,66.4,24.9,960
10/5/2019 9:32,datasets/dataset_cropped/10_Metas/05/09/20191005093200_00160.jpg,datasets_flow/dataset_cropped/10_Metas/05/09/20191005093200_00160.jpg,datasets_cloudmask/dataset_cropped/10_Metas/05/09/20191005093200_00160.png,430.3,812,66.6,24.8,960
10/5/2019 9:33,datasets/dataset_cropped/10_Metas/05/09/20191005093300_00160.jpg,datasets_flow/dataset_cropped/10_Metas/05/09/20191005093300_00160.jpg,datasets_cloudmask/dataset_cropped/10_Metas/05/09/20191005093300_00160.png,433.2,813,66.7,24.8,960
10/5/2019 9:34,datasets/dataset_cropped/10_Metas/05/09/20191005093400_00160.jpg,datasets_flow/dataset_cropped/10_Metas/05/09/20191005093400_00160.jpg,datasets_cloudmask/dataset_cropped/10_Metas/05/09/20191005093400_00160.png,436.3,815,66.7,24.7,960
10/5/2019 9:35,datasets/dataset_cropped/10_Metas/05/09/20191005093500_00160.jpg,datasets_flow/dataset_cropped/10_Metas/05/09/20191005093500_00160.jpg,datasets_cloudmask/dataset_cropped/10_Metas/05/09/20191005093500_00160.png,439.5,816,66.9,24.8,960
10/5/2019 9:36,datasets/dataset_cropped/10_Metas/05/09/20191005093600_00160.jpg,datasets_flow/dataset_cropped/10_Metas/05/09/20191005093600_00160.jpg,datasets_cloudmask/dataset_cropped/10_Metas/05/09/20191005093600_00160.png,442.6,818,66.9,24.9,960
10/5/2019 9:37,datasets/dataset_cropped/10_Metas/05/09/20191005093700_00160.jpg,datasets_flow/dataset_cropped/10_Metas/05/09/20191005093700_00160.jpg,datasets_cloudmask/dataset_cropped/10_Metas/05/09/20191005093700_00160.png,446,820,67.2,24.9,960
10/5/2019 9:38,datasets/dataset_cropped/10_Metas/05/09/20191005093800_00160.jpg,datasets_flow/dataset_cropped/10_Metas/05/09/20191005093800_00160.jpg,datasets_cloudmask/dataset_cropped/10_Metas/05/09/20191005093800_00160.png,449.1,821,67.2,24.9,960
10/5/2019 9:39,datasets/dataset_cropped/10_Metas/05/09/20191005093900_00160.jpg,datasets_flow/dataset_cropped/10_Metas/05/09/20191005093900_00160.jpg,datasets_cloudmask/dataset_cropped/10_Metas/05/09/20191005093900_00160.png,452.1,823,67.5,25,960
10/5/2019 9:40,datasets/dataset_cropped/10_Metas/05/09/20191005094000_00160.jpg,datasets_flow/dataset_cropped/10_Metas/05/09/20191005094000_00160.jpg,datasets_cloudmask/dataset_cropped/10_Metas/05/09/20191005094000_00160.png,455.4,825,67.6,25,960
10/5/2019 9:41,datasets/dataset_cropped/10_Metas/05/09/20191005094100_00160.jpg,datasets_flow/dataset_cropped/10_Metas/05/09/20191005094100_00160.jpg,datasets_cloudmask/dataset_cropped/10_Metas/05/09/20191005094100_00160.png,458.6,827,68,25,960
10/5/2019 9:42,datasets/dataset_cropped/10_Metas/05/09/20191005094200_00160.jpg,datasets_flow/dataset_cropped/10_Metas/05/09/20191005094200_00160.jpg,datasets_cloudmask/dataset_cropped/10_Metas/05/09/20191005094200_00160.png,461.5,828,68.1,25.1,960
10/5/2019 9:43,datasets/dataset_cropped/10_Metas/05/09/20191005094300_00160.jpg,datasets_flow/dataset_cropped/10_Metas/05/09/20191005094300_00160.jpg,datasets_cloudmask/dataset_cropped/10_Metas/05/09/20191005094300_00160.png,464.3,830,68.1,25.1,960
10/5/2019 9:44,datasets/dataset_cropped/10_Metas/05/09/20191005094400_00160.jpg,datasets_flow/dataset_cropped/10_Metas/05/09/20191005094400_00160.jpg,datasets_cloudmask/dataset_cropped/10_Metas/05/09/20191005094400_00160.png,467.5,832,68.2,25.1,960
10/5/2019 9:45,datasets/dataset_cropped/10_Metas/05/09/20191005094500_00160.jpg,datasets_flow/dataset_cropped/10_Metas/05/09/20191005094500_00160.jpg,datasets_cloudmask/dataset_cropped/10_Metas/05/09/20191005094500_00160.png,470.5,833,68.4,25.2,960
10/5/2019 9:46,datasets/dataset_cropped/10_Metas/05/09/20191005094600_00160.jpg,datasets_flow/dataset_cropped/10_Metas/05/09/20191005094600_00160.jpg,datasets_cloudmask/dataset_cropped/10_Metas/05/09/20191005094600_00160.png,473.7,835,68.6,25.2,960
10/5/2019 9:47,datasets/dataset_cropped/10_Metas/05/09/20191005094700_00160.jpg,datasets_flow/dataset_cropped/10_Metas/05/09/20191005094700_00160.jpg,datasets_cloudmask/dataset_cropped/10_Metas/05/09/20191005094700_00160.png,476.9,837,68.6,25.2,960
10/5/2019 9:48,datasets/dataset_cropped/10_Metas/05/09/20191005094800_00160.jpg,datasets_flow/dataset_cropped/10_Metas/05/09/20191005094800_00160.jpg,datasets_cloudmask/dataset_cropped/10_Metas/05/09/20191005094800_00160.png,479.9,838,68.6,25.3,960
10/5/2019 9:49,datasets/dataset_cropped/10_Metas/05/09/20191005094900_00160.jpg,datasets_flow/dataset_cropped/10_Metas/05/09/20191005094900_00160.jpg,datasets_cloudmask/dataset_cropped/10_Metas/05/09/20191005094900_00160.png,482.8,840,68.7,25.5,960
10/5/2019 9:50,datasets/dataset_cropped/10_Metas/05/09/20191005095000_00160.jpg,datasets_flow/dataset_cropped/10_Metas/05/09/20191005095000_00160.jpg,datasets_cloudmask/dataset_cropped/10_Metas/05/09/20191005095000_00160.png,485.8,841,68.9,25.5,960
10/5/2019 9:51,datasets/dataset_cropped/10_Metas/05/09/20191005095100_00160.jpg,datasets_flow/dataset_cropped/10_Metas/05/09/20191005095100_00160.jpg,datasets_cloudmask/dataset_cropped/10_Metas/05/09/20191005095100_00160.png,489,843,69.2,25.4,960
10/5/2019 9:52,datasets/dataset_cropped/10_Metas/05/09/20191005095200_00160.jpg,datasets_flow/dataset_cropped/10_Metas/05/09/20191005095200_00160.jpg,datasets_cloudmask/dataset_cropped/10_Metas/05/09/20191005095200_00160.png,491.7,844,69.2,25.5,960
10/5/2019 9:53,datasets/dataset_cropped/10_Metas/05/09/20191005095300_00160.jpg,datasets_flow/dataset_cropped/10_Metas/05/09/20191005095300_00160.jpg,datasets_cloudmask/dataset_cropped/10_Metas/05/09/20191005095300_00160.png,494.7,846,69.4,25.6,960
10/5/2019 9:54,datasets/dataset_cropped/10_Metas/05/09/20191005095400_00160.jpg,datasets_flow/dataset_cropped/10_Metas/05/09/20191005095400_00160.jpg,datasets_cloudmask/dataset_cropped/10_Metas/05/09/20191005095400_00160.png,497.9,847,69.7,25.6,960
10/5/2019 9:55,datasets/dataset_cropped/10_Metas/05/09/20191005095500_00160.jpg,datasets_flow/dataset_cropped/10_Metas/05/09/20191005095500_00160.jpg,datasets_cloudmask/dataset_cropped/10_Metas/05/09/20191005095500_00160.png,501,849,70,25.6,960
10/5/2019 9:56,datasets/dataset_cropped/10_Metas/05/09/20191005095600_00160.jpg,datasets_flow/dataset_cropped/10_Metas/05/09/20191005095600_00160.jpg,datasets_cloudmask/dataset_cropped/10_Metas/05/09/20191005095600_00160.png,504.2,851,70.2,25.7,960
10/5/2019 9:57,datasets/dataset_cropped/10_Metas/05/09/20191005095700_00160.jpg,datasets_flow/dataset_cropped/10_Metas/05/09/20191005095700_00160.jpg,datasets_cloudmask/dataset_cropped/10_Metas/05/09/20191005095700_00160.png,507.3,853,70.2,25.7,960
10/5/2019 9:58,datasets/dataset_cropped/10_Metas/05/09/20191005095800_00160.jpg,datasets_flow/dataset_cropped/10_Metas/05/09/20191005095800_00160.jpg,datasets_cloudmask/dataset_cropped/10_Metas/05/09/20191005095800_00160.png,509.8,854,70.2,26,960
10/5/2019 9:59,datasets/dataset_cropped/10_Metas/05/09/20191005095900_00160.jpg,datasets_flow/dataset_cropped/10_Metas/05/09/20191005095900_00160.jpg,datasets_cloudmask/dataset_cropped/10_Metas/05/09/20191005095900_00160.png,512.3,855,70.1,26.1,960
10/5/2019 10:00,datasets/dataset_cropped/10_Metas/05/10/20191005100000_00160.jpg,datasets_flow/dataset_cropped/10_Metas/05/10/20191005100000_00160.jpg,datasets_cloudmask/dataset_cropped/10_Metas/05/10/20191005100000_00160.png,514.9,855,70.2,26.3,960
10/5/2019 10:01,datasets/dataset_cropped/10_Metas/05/10/20191005100100_00160.jpg,datasets_flow/dataset_cropped/10_Metas/05/10/20191005100100_00160.jpg,datasets_cloudmask/dataset_cropped/10_Metas/05/10/20191005100100_00160.png,517.4,856,70.4,26.4,960
10/5/2019 10:02,datasets/dataset_cropped/10_Metas/05/10/20191005100200_00160.jpg,datasets_flow/dataset_cropped/10_Metas/05/10/20191005100200_00160.jpg,datasets_cloudmask/dataset_cropped/10_Metas/05/10/20191005100200_00160.png,520.5,857,70.9,26.5,960
10/5/2019 10:03,datasets/dataset_cropped/10_Metas/05/10/20191005100300_00160.jpg,datasets_flow/dataset_cropped/10_Metas/05/10/20191005100300_00160.jpg,datasets_cloudmask/dataset_cropped/10_Metas/05/10/20191005100300_00160.png,523.3,859,70.8,26.5,960
10/5/2019 10:04,datasets/dataset_cropped/10_Metas/05/10/20191005100400_00160.jpg,datasets_flow/dataset_cropped/10_Metas/05/10/20191005100400_00160.jpg,datasets_cloudmask/dataset_cropped/10_Metas/05/10/20191005100400_00160.png,526.3,860,71.2,26.5,960
10/5/2019 10:05,datasets/dataset_cropped/10_Metas/05/10/20191005100500_00160.jpg,datasets_flow/dataset_cropped/10_Metas/05/10/20191005100500_00160.jpg,datasets_cloudmask/dataset_cropped/10_Metas/05/10/20191005100500_00160.png,529.5,862,71.1,26.6,960
10/5/2019 10:06,datasets/dataset_cropped/10_Metas/05/10/20191005100600_00160.jpg,datasets_flow/dataset_cropped/10_Metas/05/10/20191005100600_00160.jpg,datasets_cloudmask/dataset_cropped/10_Metas/05/10/20191005100600_00160.png,532.5,863,71,26.6,960
10/5/2019 10:07,datasets/dataset_cropped/10_Metas/05/10/20191005100700_00160.jpg,datasets_flow/dataset_cropped/10_Metas/05/10/20191005100700_00160.jpg,datasets_cloudmask/dataset_cropped/10_Metas/05/10/20191005100700_00160.png,534.9,864,71,26.4,960
10/5/2019 10:08,datasets/dataset_cropped/10_Metas/05/10/20191005100800_00160.jpg,datasets_flow/dataset_cropped/10_Metas/05/10/20191005100800_00160.jpg,datasets_cloudmask/dataset_cropped/10_Metas/05/10/20191005100800_00160.png,537.5,865,71.4,26.4,960
10/5/2019 10:09,datasets/dataset_cropped/10_Metas/05/10/20191005100900_00160.jpg,datasets_flow/dataset_cropped/10_Metas/05/10/20191005100900_00160.jpg,datasets_cloudmask/dataset_cropped/10_Metas/05/10/20191005100900_00160.png,540.2,866,71.6,26.5,960
10/5/2019 10:10,datasets/dataset_cropped/10_Metas/05/10/20191005101000_00160.jpg,datasets_flow/dataset_cropped/10_Metas/05/10/20191005101000_00160.jpg,datasets_cloudmask/dataset_cropped/10_Metas/05/10/20191005101000_00160.png,543.5,867,71.7,26.6,960
10/5/2019 10:11,datasets/dataset_cropped/10_Metas/05/10/20191005101100_00160.jpg,datasets_flow/dataset_cropped/10_Metas/05/10/20191005101100_00160.jpg,datasets_cloudmask/dataset_cropped/10_Metas/05/10/20191005101100_00160.png,546.7,869,71.5,26.8,960
10/5/2019 10:12,datasets/dataset_cropped/10_Metas/05/10/20191005101200_00160.jpg,datasets_flow/dataset_cropped/10_Metas/05/10/20191005101200_00160.jpg,datasets_cloudmask/dataset_cropped/10_Metas/05/10/20191005101200_00160.png,549.3,870,71.4,26.9,960
10/5/2019 10:13,datasets/dataset_cropped/10_Metas/05/10/20191005101300_00160.jpg,datasets_flow/dataset_cropped/10_Metas/05/10/20191005101300_00160.jpg,datasets_cloudmask/dataset_cropped/10_Metas/05/10/20191005101300_00160.png,552.2,871,71.6,26.9,960
10/5/2019 10:14,datasets/dataset_cropped/10_Metas/05/10/20191005101400_00160.jpg,datasets_flow/dataset_cropped/10_Metas/05/10/20191005101400_00160.jpg,datasets_cloudmask/dataset_cropped/10_Metas/05/10/20191005101400_00160.png,555.3,872,72,27,960
10/5/2019 10:15,datasets/dataset_cropped/10_Metas/05/10/20191005101500_00160.jpg,datasets_flow/dataset_cropped/10_Metas/05/10/20191005101500_00160.jpg,datasets_cloudmask/dataset_cropped/10_Metas/05/10/20191005101500_00160.png,557.8,873,72.1,27.1,960
10/5/2019 10:16,datasets/dataset_cropped/10_Metas/05/10/20191005101600_00160.jpg,datasets_flow/dataset_cropped/10_Metas/05/10/20191005101600_00160.jpg,datasets_cloudmask/dataset_cropped/10_Metas/05/10/20191005101600_00160.png,560.5,874,72.2,27.1,960
10/5/2019 10:17,datasets/dataset_cropped/10_Metas/05/10/20191005101700_00160.jpg,datasets_flow/dataset_cropped/10_Metas/05/10/20191005101700_00160.jpg,datasets_cloudmask/dataset_cropped/10_Metas/05/10/20191005101700_00160.png,563.1,875,72.9,27.4,960
10/5/2019 10:18,datasets/dataset_cropped/10_Metas/05/10/20191005101800_00160.jpg,datasets_flow/dataset_cropped/10_Metas/05/10/20191005101800_00160.jpg,datasets_cloudmask/dataset_cropped/10_Metas/05/10/20191005101800_00160.png,565.8,876,72.6,27.6,960
10/5/2019 10:19,datasets/dataset_cropped/10_Metas/05/10/20191005101900_00160.jpg,datasets_flow/dataset_cropped/10_Metas/05/10/20191005101900_00160.jpg,datasets_cloudmask/dataset_cropped/10_Metas/05/10/20191005101900_00160.png,568.5,877,72.3,27.7,960
10/5/2019 10:20,datasets/dataset_cropped/10_Metas/05/10/20191005102000_00160.jpg,datasets_flow/dataset_cropped/10_Metas/05/10/20191005102000_00160.jpg,datasets_cloudmask/dataset_cropped/10_Metas/05/10/20191005102000_00160.png,571.3,878,72.6,27.7,960
10/5/2019 10:21,datasets/dataset_cropped/10_Metas/05/10/20191005102100_00160.jpg,datasets_flow/dataset_cropped/10_Metas/05/10/20191005102100_00160.jpg,datasets_cloudmask/dataset_cropped/10_Metas/05/10/20191005102100_00160.png,573.7,879,73,27.6,960
10/5/2019 10:22,datasets/dataset_cropped/10_Metas/05/10/20191005102200_00160.jpg,datasets_flow/dataset_cropped/10_Metas/05/10/20191005102200_00160.jpg,datasets_cloudmask/dataset_cropped/10_Metas/05/10/20191005102200_00160.png,576.4,881,72.8,27.8,960
10/5/2019 10:23,datasets/dataset_cropped/10_Metas/05/10/20191005102300_00160.jpg,datasets_flow/dataset_cropped/10_Metas/05/10/20191005102300_00160.jpg,datasets_cloudmask/dataset_cropped/10_Metas/05/10/20191005102300_00160.png,578.7,881,72.5,27.8,960
10/5/2019 10:24,datasets/dataset_cropped/10_Metas/05/10/20191005102400_00160.jpg,datasets_flow/dataset_cropped/10_Metas/05/10/20191005102400_00160.jpg,datasets_cloudmask/dataset_cropped/10_Metas/05/10/20191005102400_00160.png,580.8,882,72.4,27.9,960
10/5/2019 10:25,datasets/dataset_cropped/10_Metas/05/10/20191005102500_00160.jpg,datasets_flow/dataset_cropped/10_Metas/05/10/20191005102500_00160.jpg,datasets_cloudmask/dataset_cropped/10_Metas/05/10/20191005102500_00160.png,583.4,882,72.8,28.1,960
10/5/2019 10:26,datasets/dataset_cropped/10_Metas/05/10/20191005102600_00160.jpg,datasets_flow/dataset_cropped/10_Metas/05/10/20191005102600_00160.jpg,datasets_cloudmask/dataset_cropped/10_Metas/05/10/20191005102600_00160.png,585.9,884,73.1,28.1,960
10/5/2019 10:27,datasets/dataset_cropped/10_Metas/05/10/20191005102700_00160.jpg,datasets_flow/dataset_cropped/10_Metas/05/10/20191005102700_00160.jpg,datasets_cloudmask/dataset_cropped/10_Metas/05/10/20191005102700_00160.png,588.8,885,73.5,28.1,960
10/5/2019 10:28,datasets/dataset_cropped/10_Metas/05/10/20191005102800_00160.jpg,datasets_flow/dataset_cropped/10_Metas/05/10/20191005102800_00160.jpg,datasets_cloudmask/dataset_cropped/10_Metas/05/10/20191005102800_00160.png,591.1,886,73,27.9,960
10/5/2019 10:29,datasets/dataset_cropped/10_Metas/05/10/20191005102900_00160.jpg,datasets_flow/dataset_cropped/10_Metas/05/10/20191005102900_00160.jpg,datasets_cloudmask/dataset_cropped/10_Metas/05/10/20191005102900_00160.png,593.5,886,73.5,27.6,960
10/5/2019 10:30,datasets/dataset_cropped/10_Metas/05/10/20191005103000_00160.jpg,datasets_flow/dataset_cropped/10_Metas/05/10/20191005103000_00160.jpg,datasets_cloudmask/dataset_cropped/10_Metas/05/10/20191005103000_00160.png,595.7,887,73.5,27.6,960
10/5/2019 10:31,datasets/dataset_cropped/10_Metas/05/10/20191005103100_00160.jpg,datasets_flow/dataset_cropped/10_Metas/05/10/20191005103100_00160.jpg,datasets_cloudmask/dataset_cropped/10_Metas/05/10/20191005103100_00160.png,597.9,886,73.8,27.6,960
10/5/2019 10:32,datasets/dataset_cropped/10_Metas/05/10/20191005103200_00160.jpg,datasets_flow/dataset_cropped/10_Metas/05/10/20191005103200_00160.jpg,datasets_cloudmask/dataset_cropped/10_Metas/05/10/20191005103200_00160.png,600.5,887,73.7,27.4,960
10/5/2019 10:33,datasets/dataset_cropped/10_Metas/05/10/20191005103300_00160.jpg,datasets_flow/dataset_cropped/10_Metas/05/10/20191005103300_00160.jpg,datasets_cloudmask/dataset_cropped/10_Metas/05/10/20191005103300_00160.png,602.9,888,73.4,27.4,960
10/5/2019 10:34,datasets/dataset_cropped/10_Metas/05/10/20191005103400_00160.jpg,datasets_flow/dataset_cropped/10_Metas/05/10/20191005103400_00160.jpg,datasets_cloudmask/dataset_cropped/10_Metas/05/10/20191005103400_00160.png,605.6,889,73.5,27.4,960
10/5/2019 10:35,datasets/dataset_cropped/10_Metas/05/10/20191005103500_00160.jpg,datasets_flow/dataset_cropped/10_Metas/05/10/20191005103500_00160.jpg,datasets_cloudmask/dataset_cropped/10_Metas/05/10/20191005103500_00160.png,608.4,890,73.7,27.4,960
10/5/2019 10:36,datasets/dataset_cropped/10_Metas/05/10/20191005103600_00160.jpg,datasets_flow/dataset_cropped/10_Metas/05/10/20191005103600_00160.jpg,datasets_cloudmask/dataset_cropped/10_Metas/05/10/20191005103600_00160.png,610.8,891,73.9,27.7,960
10/5/2019 10:37,datasets/dataset_cropped/10_Metas/05/10/20191005103700_00160.jpg,datasets_flow/dataset_cropped/10_Metas/05/10/20191005103700_00160.jpg,datasets_cloudmask/dataset_cropped/10_Metas/05/10/20191005103700_00160.png,613.1,892,74.1,27.8,960
10/5/2019 10:38,datasets/dataset_cropped/10_Metas/05/10/20191005103800_00160.jpg,datasets_flow/dataset_cropped/10_Metas/05/10/20191005103800_00160.jpg,datasets_cloudmask/dataset_cropped/10_Metas/05/10/20191005103800_00160.png,615.2,893,73.9,27.9,960
10/5/2019 10:39,datasets/dataset_cropped/10_Metas/05/10/20191005103900_00160.jpg,datasets_flow/dataset_cropped/10_Metas/05/10/20191005103900_00160.jpg,datasets_cloudmask/dataset_cropped/10_Metas/05/10/20191005103900_00160.png,617.4,893,73.8,27.8,960
10/5/2019 10:40,datasets/dataset_cropped/10_Metas/05/10/20191005104000_00160.jpg,datasets_flow/dataset_cropped/10_Metas/05/10/20191005104000_00160.jpg,datasets_cloudmask/dataset_cropped/10_Metas/05/10/20191005104000_00160.png,620.3,894,74.1,27.7,960
10/5/2019 10:41,datasets/dataset_cropped/10_Metas/05/10/20191005104100_00160.jpg,datasets_flow/dataset_cropped/10_Metas/05/10/20191005104100_00160.jpg,datasets_cloudmask/dataset_cropped/10_Metas/05/10/20191005104100_00160.png,622.7,896,74.2,27.8,960
10/5/2019 10:42,datasets/dataset_cropped/10_Metas/05/10/20191005104200_00160.jpg,datasets_flow/dataset_cropped/10_Metas/05/10/20191005104200_00160.jpg,datasets_cloudmask/dataset_cropped/10_Metas/05/10/20191005104200_00160.png,624.8,896,74.2,27.7,960
10/5/2019 10:43,datasets/dataset_cropped/10_Metas/05/10/20191005104300_00160.jpg,datasets_flow/dataset_cropped/10_Metas/05/10/20191005104300_00160.jpg,datasets_cloudmask/dataset_cropped/10_Metas/05/10/20191005104300_00160.png,627.2,897,74.4,27.8,960
10/5/2019 10:44,datasets/dataset_cropped/10_Metas/05/10/20191005104400_00160.jpg,datasets_flow/dataset_cropped/10_Metas/05/10/20191005104400_00160.jpg,datasets_cloudmask/dataset_cropped/10_Metas/05/10/20191005104400_00160.png,629.6,897,75.1,27.7,960
10/5/2019 10:45,datasets/dataset_cropped/10_Metas/05/10/20191005104500_00160.jpg,datasets_flow/dataset_cropped/10_Metas/05/10/20191005104500_00160.jpg,datasets_cloudmask/dataset_cropped/10_Metas/05/10/20191005104500_00160.png,631.5,898,75.6,27.7,960
10/5/2019 10:46,datasets/dataset_cropped/10_Metas/05/10/20191005104600_00160.jpg,datasets_flow/dataset_cropped/10_Metas/05/10/20191005104600_00160.jpg,datasets_cloudmask/dataset_cropped/10_Metas/05/10/20191005104600_00160.png,633.3,898,76,27.9,960
10/5/2019 10:47,datasets/dataset_cropped/10_Metas/05/10/20191005104700_00160.jpg,datasets_flow/dataset_cropped/10_Metas/05/10/20191005104700_00160.jpg,datasets_cloudmask/dataset_cropped/10_Metas/05/10/20191005104700_00160.png,636.2,900,75.9,27.9,960
10/5/2019 10:48,datasets/dataset_cropped/10_Metas/05/10/20191005104800_00160.jpg,datasets_flow/dataset_cropped/10_Metas/05/10/20191005104800_00160.jpg,datasets_cloudmask/dataset_cropped/10_Metas/05/10/20191005104800_00160.png,638.2,901,75.3,27.9,960
10/5/2019 10:49,datasets/dataset_cropped/10_Metas/05/10/20191005104900_00160.jpg,datasets_flow/dataset_cropped/10_Metas/05/10/20191005104900_00160.jpg,datasets_cloudmask/dataset_cropped/10_Metas/05/10/20191005104900_00160.png,640.3,902,75.5,27.9,960
10/5/2019 10:50,datasets/dataset_cropped/10_Metas/05/10/20191005105000_00160.jpg,datasets_flow/dataset_cropped/10_Metas/05/10/20191005105000_00160.jpg,datasets_cloudmask/dataset_cropped/10_Metas/05/10/20191005105000_00160.png,642.3,903,75.4,28,960
10/5/2019 10:51,datasets/dataset_cropped/10_Metas/05/10/20191005105100_00160.jpg,datasets_flow/dataset_cropped/10_Metas/05/10/20191005105100_00160.jpg,datasets_cloudmask/dataset_cropped/10_Metas/05/10/20191005105100_00160.png,644.3,903,75.3,28.1,960
10/5/2019 10:52,datasets/dataset_cropped/10_Metas/05/10/20191005105200_00160.jpg,datasets_flow/dataset_cropped/10_Metas/05/10/20191005105200_00160.jpg,datasets_cloudmask/dataset_cropped/10_Metas/05/10/20191005105200_00160.png,646,901,75.4,28.2,960
10/5/2019 10:53,datasets/dataset_cropped/10_Metas/05/10/20191005105300_00160.jpg,datasets_flow/dataset_cropped/10_Metas/05/10/20191005105300_00160.jpg,datasets_cloudmask/dataset_cropped/10_Metas/05/10/20191005105300_00160.png,647.6,900,75.5,28.2,960
10/5/2019 10:54,datasets/dataset_cropped/10_Metas/05/10/20191005105400_00160.jpg,datasets_flow/dataset_cropped/10_Metas/05/10/20191005105400_00160.jpg,datasets_cloudmask/dataset_cropped/10_Metas/05/10/20191005105400_00160.png,649.7,900,75.9,28.2,960
10/5/2019 10:55,datasets/dataset_cropped/10_Metas/05/10/20191005105500_00160.jpg,datasets_flow/dataset_cropped/10_Metas/05/10/20191005105500_00160.jpg,datasets_cloudmask/dataset_cropped/10_Metas/05/10/20191005105500_00160.png,652.2,901,76.2,28.2,960
10/5/2019 10:56,datasets/dataset_cropped/10_Metas/05/10/20191005105600_00160.jpg,datasets_flow/dataset_cropped/10_Metas/05/10/20191005105600_00160.jpg,datasets_cloudmask/dataset_cropped/10_Metas/05/10/20191005105600_00160.png,654.6,902,76.8,28.4,960
10/5/2019 10:57,datasets/dataset_cropped/10_Metas/05/10/20191005105700_00160.jpg,datasets_flow/dataset_cropped/10_Metas/05/10/20191005105700_00160.jpg,datasets_cloudmask/dataset_cropped/10_Metas/05/10/20191005105700_00160.png,656.5,903,76.7,28.6,960
10/5/2019 10:58,datasets/dataset_cropped/10_Metas/05/10/20191005105800_00160.jpg,datasets_flow/dataset_cropped/10_Metas/05/10/20191005105800_00160.jpg,datasets_cloudmask/dataset_cropped/10_Metas/05/10/20191005105800_00160.png,658.5,904,76.2,28.6,960
10/5/2019 10:59,datasets/dataset_cropped/10_Metas/05/10/20191005105900_00160.jpg,datasets_flow/dataset_cropped/10_Metas/05/10/20191005105900_00160.jpg,datasets_cloudmask/dataset_cropped/10_Metas/05/10/20191005105900_00160.png,660.8,904,76.5,28.5,960
10/5/2019 11:00,datasets/dataset_cropped/10_Metas/05/11/20191005110000_00160.jpg,datasets_flow/dataset_cropped/10_Metas/05/11/20191005110000_00160.jpg,datasets_cloudmask/dataset_cropped/10_Metas/05/11/20191005110000_00160.png,662.7,905,76.7,28.6,960
10/5/2019 11:01,datasets/dataset_cropped/10_Metas/05/11/20191005110100_00160.jpg,datasets_flow/dataset_cropped/10_Metas/05/11/20191005110100_00160.jpg,datasets_cloudmask/dataset_cropped/10_Metas/05/11/20191005110100_00160.png,664.3,905,77,28.6,960
10/5/2019 11:02,datasets/dataset_cropped/10_Metas/05/11/20191005110200_00160.jpg,datasets_flow/dataset_cropped/10_Metas/05/11/20191005110200_00160.jpg,datasets_cloudmask/dataset_cropped/10_Metas/05/11/20191005110200_00160.png,666.1,905,77.7,28.6,960
10/5/2019 11:03,datasets/dataset_cropped/10_Metas/05/11/20191005110300_00160.jpg,datasets_flow/dataset_cropped/10_Metas/05/11/20191005110300_00160.jpg,datasets_cloudmask/dataset_cropped/10_Metas/05/11/20191005110300_00160.png,668,907,77.9,28.5,960
10/5/2019 11:04,datasets/dataset_cropped/10_Metas/05/11/20191005110400_00160.jpg,datasets_flow/dataset_cropped/10_Metas/05/11/20191005110400_00160.jpg,datasets_cloudmask/dataset_cropped/10_Metas/05/11/20191005110400_00160.png,670.1,908,77.1,28.4,960
10/5/2019 11:05,datasets/dataset_cropped/10_Metas/05/11/20191005110500_00160.jpg,datasets_flow/dataset_cropped/10_Metas/05/11/20191005110500_00160.jpg,datasets_cloudmask/dataset_cropped/10_Metas/05/11/20191005110500_00160.png,671.9,908,76.7,28.5,960
10/5/2019 11:06,datasets/dataset_cropped/10_Metas/05/11/20191005110600_00160.jpg,datasets_flow/dataset_cropped/10_Metas/05/11/20191005110600_00160.jpg,datasets_cloudmask/dataset_cropped/10_Metas/05/11/20191005110600_00160.png,674.4,908,76.6,28.6,960
10/5/2019 11:07,datasets/dataset_cropped/10_Metas/05/11/20191005110700_00160.jpg,datasets_flow/dataset_cropped/10_Metas/05/11/20191005110700_00160.jpg,datasets_cloudmask/dataset_cropped/10_Metas/05/11/20191005110700_00160.png,676.9,909,76.8,28.9,960
10/5/2019 11:08,datasets/dataset_cropped/10_Metas/05/11/20191005110800_00160.jpg,datasets_flow/dataset_cropped/10_Metas/05/11/20191005110800_00160.jpg,datasets_cloudmask/dataset_cropped/10_Metas/05/11/20191005110800_00160.png,677.9,908,77,29.2,960
10/5/2019 11:09,datasets/dataset_cropped/10_Metas/05/11/20191005110900_00160.jpg,datasets_flow/dataset_cropped/10_Metas/05/11/20191005110900_00160.jpg,datasets_cloudmask/dataset_cropped/10_Metas/05/11/20191005110900_00160.png,679.7,909,77.3,29.1,960
10/5/2019 11:10,datasets/dataset_cropped/10_Metas/05/11/20191005111000_00160.jpg,datasets_flow/dataset_cropped/10_Metas/05/11/20191005111000_00160.jpg,datasets_cloudmask/dataset_cropped/10_Metas/05/11/20191005111000_00160.png,681.9,909,77.3,28.8,960
10/5/2019 11:11,datasets/dataset_cropped/10_Metas/05/11/20191005111100_00160.jpg,datasets_flow/dataset_cropped/10_Metas/05/11/20191005111100_00160.jpg,datasets_cloudmask/dataset_cropped/10_Metas/05/11/20191005111100_00160.png,683.9,910,77.7,28.7,960
10/5/2019 11:12,datasets/dataset_cropped/10_Metas/05/11/20191005111200_00160.jpg,datasets_flow/dataset_cropped/10_Metas/05/11/20191005111200_00160.jpg,datasets_cloudmask/dataset_cropped/10_Metas/05/11/20191005111200_00160.png,686.3,912,77.7,28.7,960
10/5/2019 11:13,datasets/dataset_cropped/10_Metas/05/11/20191005111300_00160.jpg,datasets_flow/dataset_cropped/10_Metas/05/11/20191005111300_00160.jpg,datasets_cloudmask/dataset_cropped/10_Metas/05/11/20191005111300_00160.png,688.5,913,77.8,28.9,960
10/5/2019 11:14,datasets/dataset_cropped/10_Metas/05/11/20191005111400_00160.jpg,datasets_flow/dataset_cropped/10_Metas/05/11/20191005111400_00160.jpg,datasets_cloudmask/dataset_cropped/10_Metas/05/11/20191005111400_00160.png,690.4,913,77.8,28.9,960
10/5/2019 11:15,datasets/dataset_cropped/10_Metas/05/11/20191005111500_00160.jpg,datasets_flow/dataset_cropped/10_Metas/05/11/20191005111500_00160.jpg,datasets_cloudmask/dataset_cropped/10_Metas/05/11/20191005111500_00160.png,692.6,915,77.7,28.9,960
10/5/2019 11:16,datasets/dataset_cropped/10_Metas/05/11/20191005111600_00160.jpg,datasets_flow/dataset_cropped/10_Metas/05/11/20191005111600_00160.jpg,datasets_cloudmask/dataset_cropped/10_Metas/05/11/20191005111600_00160.png,694.1,915,77.6,28.9,960
10/5/2019 11:17,datasets/dataset_cropped/10_Metas/05/11/20191005111700_00160.jpg,datasets_flow/dataset_cropped/10_Metas/05/11/20191005111700_00160.jpg,datasets_cloudmask/dataset_cropped/10_Metas/05/11/20191005111700_00160.png,695.9,914,77.6,28.8,960
10/5/2019 11:18,datasets/dataset_cropped/10_Metas/05/11/20191005111800_00160.jpg,datasets_flow/dataset_cropped/10_Metas/05/11/20191005111800_00160.jpg,datasets_cloudmask/dataset_cropped/10_Metas/05/11/20191005111800_00160.png,697.4,914,77.8,28.7,960
10/5/2019 11:19,datasets/dataset_cropped/10_Metas/05/11/20191005111900_00160.jpg,datasets_flow/dataset_cropped/10_Metas/05/11/20191005111900_00160.jpg,datasets_cloudmask/dataset_cropped/10_Metas/05/11/20191005111900_00160.png,698.5,913,78,28.4,960
10/5/2019 11:20,datasets/dataset_cropped/10_Metas/05/11/20191005112000_00160.jpg,datasets_flow/dataset_cropped/10_Metas/05/11/20191005112000_00160.jpg,datasets_cloudmask/dataset_cropped/10_Metas/05/11/20191005112000_00160.png,699.1,912,78.1,28.4,960
10/5/2019 11:21,datasets/dataset_cropped/10_Metas/05/11/20191005112100_00160.jpg,datasets_flow/dataset_cropped/10_Metas/05/11/20191005112100_00160.jpg,datasets_cloudmask/dataset_cropped/10_Metas/05/11/20191005112100_00160.png,700.7,912,78.4,28.2,960
10/5/2019 11:22,datasets/dataset_cropped/10_Metas/05/11/20191005112200_00160.jpg,datasets_flow/dataset_cropped/10_Metas/05/11/20191005112200_00160.jpg,datasets_cloudmask/dataset_cropped/10_Metas/05/11/20191005112200_00160.png,702.2,913,78.6,28.1,960
10/5/2019 11:23,datasets/dataset_cropped/10_Metas/05/11/20191005112300_00160.jpg,datasets_flow/dataset_cropped/10_Metas/05/11/20191005112300_00160.jpg,datasets_cloudmask/dataset_cropped/10_Metas/05/11/20191005112300_00160.png,703.7,913,78.6,28.4,960
10/5/2019 11:24,datasets/dataset_cropped/10_Metas/05/11/20191005112400_00160.jpg,datasets_flow/dataset_cropped/10_Metas/05/11/20191005112400_00160.jpg,datasets_cloudmask/dataset_cropped/10_Metas/05/11/20191005112400_00160.png,705.4,913,78.8,28.6,960
10/5/2019 11:25,datasets/dataset_cropped/10_Metas/05/11/20191005112500_00160.jpg,datasets_flow/dataset_cropped/10_Metas/05/11/20191005112500_00160.jpg,datasets_cloudmask/dataset_cropped/10_Metas/05/11/20191005112500_00160.png,708,915,78.8,28.5,960
10/5/2019 11:26,datasets/dataset_cropped/10_Metas/05/11/20191005112600_00160.jpg,datasets_flow/dataset_cropped/10_Metas/05/11/20191005112600_00160.jpg,datasets_cloudmask/dataset_cropped/10_Metas/05/11/20191005112600_00160.png,710.1,917,78.8,28.6,960
10/5/2019 11:27,datasets/dataset_cropped/10_Metas/05/11/20191005112700_00160.jpg,datasets_flow/dataset_cropped/10_Metas/05/11/20191005112700_00160.jpg,datasets_cloudmask/dataset_cropped/10_Metas/05/11/20191005112700_00160.png,711.9,917,78.8,28.7,960
10/5/2019 11:28,datasets/dataset_cropped/10_Metas/05/11/20191005112800_00160.jpg,datasets_flow/dataset_cropped/10_Metas/05/11/20191005112800_00160.jpg,datasets_cloudmask/dataset_cropped/10_Metas/05/11/20191005112800_00160.png,713.1,917,78.9,28.9,960
10/5/2019 11:29,datasets/dataset_cropped/10_Metas/05/11/20191005112900_00160.jpg,datasets_flow/dataset_cropped/10_Metas/05/11/20191005112900_00160.jpg,datasets_cloudmask/dataset_cropped/10_Metas/05/11/20191005112900_00160.png,714.7,918,79.2,28.8,960
10/5/2019 11:30,datasets/dataset_cropped/10_Metas/05/11/20191005113000_00160.jpg,datasets_flow/dataset_cropped/10_Metas/05/11/20191005113000_00160.jpg,datasets_cloudmask/dataset_cropped/10_Metas/05/11/20191005113000_00160.png,716.5,919,79.3,29,960
10/5/2019 11:31,datasets/dataset_cropped/10_Metas/05/11/20191005113100_00160.jpg,datasets_flow/dataset_cropped/10_Metas/05/11/20191005113100_00160.jpg,datasets_cloudmask/dataset_cropped/10_Metas/05/11/20191005113100_00160.png,718.4,920,79.3,28.9,960
10/5/2019 11:32,datasets/dataset_cropped/10_Metas/05/11/20191005113200_00160.jpg,datasets_flow/dataset_cropped/10_Metas/05/11/20191005113200_00160.jpg,datasets_cloudmask/dataset_cropped/10_Metas/05/11/20191005113200_00160.png,718.8,918,79.1,28.9,960
10/5/2019 11:33,datasets/dataset_cropped/10_Metas/05/11/20191005113300_00160.jpg,datasets_flow/dataset_cropped/10_Metas/05/11/20191005113300_00160.jpg,datasets_cloudmask/dataset_cropped/10_Metas/05/11/20191005113300_00160.png,720.7,919,79.1,28.8,960
10/5/2019 11:34,datasets/dataset_cropped/10_Metas/05/11/20191005113400_00160.jpg,datasets_flow/dataset_cropped/10_Metas/05/11/20191005113400_00160.jpg,datasets_cloudmask/dataset_cropped/10_Metas/05/11/20191005113400_00160.png,722.7,921,79,28.7,960
10/5/2019 11:35,datasets/dataset_cropped/10_Metas/05/11/20191005113500_00160.jpg,datasets_flow/dataset_cropped/10_Metas/05/11/20191005113500_00160.jpg,datasets_cloudmask/dataset_cropped/10_Metas/05/11/20191005113500_00160.png,724.1,921,79.1,28.7,960
10/5/2019 11:36,datasets/dataset_cropped/10_Metas/05/11/20191005113600_00160.jpg,datasets_flow/dataset_cropped/10_Metas/05/11/20191005113600_00160.jpg,datasets_cloudmask/dataset_cropped/10_Metas/05/11/20191005113600_00160.png,725.3,922,79,28.9,960
10/5/2019 11:37,datasets/dataset_cropped/10_Metas/05/11/20191005113700_00160.jpg,datasets_flow/dataset_cropped/10_Metas/05/11/20191005113700_00160.jpg,datasets_cloudmask/dataset_cropped/10_Metas/05/11/20191005113700_00160.png,726.2,921,79.2,29,960
10/5/2019 11:38,datasets/dataset_cropped/10_Metas/05/11/20191005113800_00160.jpg,datasets_flow/dataset_cropped/10_Metas/05/11/20191005113800_00160.jpg,datasets_cloudmask/dataset_cropped/10_Metas/05/11/20191005113800_00160.png,727.8,921,79.4,28.8,960
10/5/2019 11:39,datasets/dataset_cropped/10_Metas/05/11/20191005113900_00160.jpg,datasets_flow/dataset_cropped/10_Metas/05/11/20191005113900_00160.jpg,datasets_cloudmask/dataset_cropped/10_Metas/05/11/20191005113900_00160.png,729.5,921,79.9,28.7,960
10/5/2019 11:40,datasets/dataset_cropped/10_Metas/05/11/20191005114000_00160.jpg,datasets_flow/dataset_cropped/10_Metas/05/11/20191005114000_00160.jpg,datasets_cloudmask/dataset_cropped/10_Metas/05/11/20191005114000_00160.png,730.5,921,79.8,28.7,960
10/5/2019 11:41,datasets/dataset_cropped/10_Metas/05/11/20191005114100_00160.jpg,datasets_flow/dataset_cropped/10_Metas/05/11/20191005114100_00160.jpg,datasets_cloudmask/dataset_cropped/10_Metas/05/11/20191005114100_00160.png,731.6,921,79.9,28.9,960
10/5/2019 11:42,datasets/dataset_cropped/10_Metas/05/11/20191005114200_00160.jpg,datasets_flow/dataset_cropped/10_Metas/05/11/20191005114200_00160.jpg,datasets_cloudmask/dataset_cropped/10_Metas/05/11/20191005114200_00160.png,733,921,79.8,29,960
10/5/2019 11:43,datasets/dataset_cropped/10_Metas/05/11/20191005114300_00160.jpg,datasets_flow/dataset_cropped/10_Metas/05/11/20191005114300_00160.jpg,datasets_cloudmask/dataset_cropped/10_Metas/05/11/20191005114300_00160.png,735.1,923,79.7,28.7,960
10/5/2019 11:44,datasets/dataset_cropped/10_Metas/05/11/20191005114400_00160.jpg,datasets_flow/dataset_cropped/10_Metas/05/11/20191005114400_00160.jpg,datasets_cloudmask/dataset_cropped/10_Metas/05/11/20191005114400_00160.png,736.8,924,79.6,28.6,960
10/5/2019 11:45,datasets/dataset_cropped/10_Metas/05/11/20191005114500_00160.jpg,datasets_flow/dataset_cropped/10_Metas/05/11/20191005114500_00160.jpg,datasets_cloudmask/dataset_cropped/10_Metas/05/11/20191005114500_00160.png,738.4,926,79.5,28.8,960
10/5/2019 11:46,datasets/dataset_cropped/10_Metas/05/11/20191005114600_00160.jpg,datasets_flow/dataset_cropped/10_Metas/05/11/20191005114600_00160.jpg,datasets_cloudmask/dataset_cropped/10_Metas/05/11/20191005114600_00160.png,739.6,926,79.4,28.7,960
10/5/2019 11:47,datasets/dataset_cropped/10_Metas/05/11/20191005114700_00160.jpg,datasets_flow/dataset_cropped/10_Metas/05/11/20191005114700_00160.jpg,datasets_cloudmask/dataset_cropped/10_Metas/05/11/20191005114700_00160.png,740.8,926,79.5,28.5,960
10/5/2019 11:48,datasets/dataset_cropped/10_Metas/05/11/20191005114800_00160.jpg,datasets_flow/dataset_cropped/10_Metas/05/11/20191005114800_00160.jpg,datasets_cloudmask/dataset_cropped/10_Metas/05/11/20191005114800_00160.png,742.3,927,79.7,28.6,960
10/5/2019 11:49,datasets/dataset_cropped/10_Metas/05/11/20191005114900_00160.jpg,datasets_flow/dataset_cropped/10_Metas/05/11/20191005114900_00160.jpg,datasets_cloudmask/dataset_cropped/10_Metas/05/11/20191005114900_00160.png,743.6,927,79.6,28.7,960
10/5/2019 11:50,datasets/dataset_cropped/10_Metas/05/11/20191005115000_00160.jpg,datasets_flow/dataset_cropped/10_Metas/05/11/20191005115000_00160.jpg,datasets_cloudmask/dataset_cropped/10_Metas/05/11/20191005115000_00160.png,744.6,927,79.6,28.9,960
10/5/2019 11:51,datasets/dataset_cropped/10_Metas/05/11/20191005115100_00160.jpg,datasets_flow/dataset_cropped/10_Metas/05/11/20191005115100_00160.jpg,datasets_cloudmask/dataset_cropped/10_Metas/05/11/20191005115100_00160.png,745.5,927,79.6,28.7,960
10/5/2019 11:52,datasets/dataset_cropped/10_Metas/05/11/20191005115200_00160.jpg,datasets_flow/dataset_cropped/10_Metas/05/11/20191005115200_00160.jpg,datasets_cloudmask/dataset_cropped/10_Metas/05/11/20191005115200_00160.png,746.6,927,79.6,28.7,960
10/5/2019 11:53,datasets/dataset_cropped/10_Metas/05/11/20191005115300_00160.jpg,datasets_flow/dataset_cropped/10_Metas/05/11/20191005115300_00160.jpg,datasets_cloudmask/dataset_cropped/10_Metas/05/11/20191005115300_00160.png,747.6,927,79.6,29,960
10/5/2019 11:54,datasets/dataset_cropped/10_Metas/05/11/20191005115400_00160.jpg,datasets_flow/dataset_cropped/10_Metas/05/11/20191005115400_00160.jpg,datasets_cloudmask/dataset_cropped/10_Metas/05/11/20191005115400_00160.png,749.2,928,79.9,29.2,960
10/5/2019 11:55,datasets/dataset_cropped/10_Metas/05/11/20191005115500_00160.jpg,datasets_flow/dataset_cropped/10_Metas/05/11/20191005115500_00160.jpg,datasets_cloudmask/dataset_cropped/10_Metas/05/11/20191005115500_00160.png,750.7,928,79.9,29.3,960
10/5/2019 11:56,datasets/dataset_cropped/10_Metas/05/11/20191005115600_00160.jpg,datasets_flow/dataset_cropped/10_Metas/05/11/20191005115600_00160.jpg,datasets_cloudmask/dataset_cropped/10_Metas/05/11/20191005115600_00160.png,752.2,929,80,29.2,960
10/5/2019 11:57,datasets/dataset_cropped/10_Metas/05/11/20191005115700_00160.jpg,datasets_flow/dataset_cropped/10_Metas/05/11/20191005115700_00160.jpg,datasets_cloudmask/dataset_cropped/10_Metas/05/11/20191005115700_00160.png,753.3,929,80,29,960
10/5/2019 11:58,datasets/dataset_cropped/10_Metas/05/11/20191005115800_00160.jpg,datasets_flow/dataset_cropped/10_Metas/05/11/20191005115800_00160.jpg,datasets_cloudmask/dataset_cropped/10_Metas/05/11/20191005115800_00160.png,754.2,930,79.9,29.1,960
10/5/2019 11:59,datasets/dataset_cropped/10_Metas/05/11/20191005115900_00160.jpg,datasets_flow/dataset_cropped/10_Metas/05/11/20191005115900_00160.jpg,datasets_cloudmask/dataset_cropped/10_Metas/05/11/20191005115900_00160.png,755,929,80,29.1,960
10/5/2019 12:00,datasets/dataset_cropped/10_Metas/05/12/20191005120000_00160.jpg,datasets_flow/dataset_cropped/10_Metas/05/12/20191005120000_00160.jpg,datasets_cloudmask/dataset_cropped/10_Metas/05/12/20191005120000_00160.png,755.9,929,80.1,28.9,960
10/5/2019 12:01,datasets/dataset_cropped/10_Metas/05/12/20191005120100_00160.jpg,datasets_flow/dataset_cropped/10_Metas/05/12/20191005120100_00160.jpg,datasets_cloudmask/dataset_cropped/10_Metas/05/12/20191005120100_00160.png,757.2,930,80.3,28.9,960
10/5/2019 12:02,datasets/dataset_cropped/10_Metas/05/12/20191005120200_00160.jpg,datasets_flow/dataset_cropped/10_Metas/05/12/20191005120200_00160.jpg,datasets_cloudmask/dataset_cropped/10_Metas/05/12/20191005120200_00160.png,758.1,931,80.5,29,960
10/5/2019 12:03,datasets/dataset_cropped/10_Metas/05/12/20191005120300_00160.jpg,datasets_flow/dataset_cropped/10_Metas/05/12/20191005120300_00160.jpg,datasets_cloudmask/dataset_cropped/10_Metas/05/12/20191005120300_00160.png,758.8,931,80.8,29,960
10/5/2019 12:04,datasets/dataset_cropped/10_Metas/05/12/20191005120400_00160.jpg,datasets_flow/dataset_cropped/10_Metas/05/12/20191005120400_00160.jpg,datasets_cloudmask/dataset_cropped/10_Metas/05/12/20191005120400_00160.png,759.5,931,80.7,29.1,960
10/5/2019 12:05,datasets/dataset_cropped/10_Metas/05/12/20191005120500_00160.jpg,datasets_flow/dataset_cropped/10_Metas/05/12/20191005120500_00160.jpg,datasets_cloudmask/dataset_cropped/10_Metas/05/12/20191005120500_00160.png,760.3,932,80.6,29.2,960
10/5/2019 12:06,datasets/dataset_cropped/10_Metas/05/12/20191005120600_00160.jpg,datasets_flow/dataset_cropped/10_Metas/05/12/20191005120600_00160.jpg,datasets_cloudmask/dataset_cropped/10_Metas/05/12/20191005120600_00160.png,761.1,932,80.7,28.8,960
10/5/2019 12:07,datasets/dataset_cropped/10_Metas/05/12/20191005120700_00160.jpg,datasets_flow/dataset_cropped/10_Metas/05/12/20191005120700_00160.jpg,datasets_cloudmask/dataset_cropped/10_Metas/05/12/20191005120700_00160.png,762.1,933,80.7,28.8,960
10/5/2019 12:08,datasets/dataset_cropped/10_Metas/05/12/20191005120800_00160.jpg,datasets_flow/dataset_cropped/10_Metas/05/12/20191005120800_00160.jpg,datasets_cloudmask/dataset_cropped/10_Metas/05/12/20191005120800_00160.png,763.3,933,80.7,29,960
10/5/2019 12:09,datasets/dataset_cropped/10_Metas/05/12/20191005120900_00160.jpg,datasets_flow/dataset_cropped/10_Metas/05/12/20191005120900_00160.jpg,datasets_cloudmask/dataset_cropped/10_Metas/05/12/20191005120900_00160.png,764.6,934,80.6,29.3,960
10/5/2019 12:10,datasets/dataset_cropped/10_Metas/05/12/20191005121000_00160.jpg,datasets_flow/dataset_cropped/10_Metas/05/12/20191005121000_00160.jpg,datasets_cloudmask/dataset_cropped/10_Metas/05/12/20191005121000_00160.png,765.9,934,81.6,29.6,960
10/5/2019 12:11,datasets/dataset_cropped/10_Metas/05/12/20191005121100_00160.jpg,datasets_flow/dataset_cropped/10_Metas/05/12/20191005121100_00160.jpg,datasets_cloudmask/dataset_cropped/10_Metas/05/12/20191005121100_00160.png,766.3,935,80.8,29.5,960
10/5/2019 12:12,datasets/dataset_cropped/10_Metas/05/12/20191005121200_00160.jpg,datasets_flow/dataset_cropped/10_Metas/05/12/20191005121200_00160.jpg,datasets_cloudmask/dataset_cropped/10_Metas/05/12/20191005121200_00160.png,766.6,934,80.7,29.5,960
10/5/2019 12:13,datasets/dataset_cropped/10_Metas/05/12/20191005121300_00160.jpg,datasets_flow/dataset_cropped/10_Metas/05/12/20191005121300_00160.jpg,datasets_cloudmask/dataset_cropped/10_Metas/05/12/20191005121300_00160.png,767.1,933,80.5,29.5,960
10/5/2019 12:14,datasets/dataset_cropped/10_Metas/05/12/20191005121400_00160.jpg,datasets_flow/dataset_cropped/10_Metas/05/12/20191005121400_00160.jpg,datasets_cloudmask/dataset_cropped/10_Metas/05/12/20191005121400_00160.png,768,932,80.8,29.5,960
10/5/2019 12:15,datasets/dataset_cropped/10_Metas/05/12/20191005121500_00160.jpg,datasets_flow/dataset_cropped/10_Metas/05/12/20191005121500_00160.jpg,datasets_cloudmask/dataset_cropped/10_Metas/05/12/20191005121500_00160.png,769.3,932,80.9,29.6,960
10/5/2019 12:16,datasets/dataset_cropped/10_Metas/05/12/20191005121600_00160.jpg,datasets_flow/dataset_cropped/10_Metas/05/12/20191005121600_00160.jpg,datasets_cloudmask/dataset_cropped/10_Metas/05/12/20191005121600_00160.png,770.2,932,81.3,29.7,960
10/5/2019 12:17,datasets/dataset_cropped/10_Metas/05/12/20191005121700_00160.jpg,datasets_flow/dataset_cropped/10_Metas/05/12/20191005121700_00160.jpg,datasets_cloudmask/dataset_cropped/10_Metas/05/12/20191005121700_00160.png,770.9,933,81.2,29.7,960
10/5/2019 12:18,datasets/dataset_cropped/10_Metas/05/12/20191005121800_00160.jpg,datasets_flow/dataset_cropped/10_Metas/05/12/20191005121800_00160.jpg,datasets_cloudmask/dataset_cropped/10_Metas/05/12/20191005121800_00160.png,771.1,932,81.4,29.6,960
10/5/2019 12:19,datasets/dataset_cropped/10_Metas/05/12/20191005121900_00160.jpg,datasets_flow/dataset_cropped/10_Metas/05/12/20191005121900_00160.jpg,datasets_cloudmask/dataset_cropped/10_Metas/05/12/20191005121900_00160.png,771.6,932,81.3,29.4,960
10/5/2019 12:20,datasets/dataset_cropped/10_Metas/05/12/20191005122000_00160.jpg,datasets_flow/dataset_cropped/10_Metas/05/12/20191005122000_00160.jpg,datasets_cloudmask/dataset_cropped/10_Metas/05/12/20191005122000_00160.png,772.2,932,81.7,29.4,960
10/5/2019 12:21,datasets/dataset_cropped/10_Metas/05/12/20191005122100_00160.jpg,datasets_flow/dataset_cropped/10_Metas/05/12/20191005122100_00160.jpg,datasets_cloudmask/dataset_cropped/10_Metas/05/12/20191005122100_00160.png,772.9,933,81.3,29.3,960
10/5/2019 12:22,datasets/dataset_cropped/10_Metas/05/12/20191005122200_00160.jpg,datasets_flow/dataset_cropped/10_Metas/05/12/20191005122200_00160.jpg,datasets_cloudmask/dataset_cropped/10_Metas/05/12/20191005122200_00160.png,773.8,933,81,29.4,960
10/5/2019 12:23,datasets/dataset_cropped/10_Metas/05/12/20191005122300_00160.jpg,datasets_flow/dataset_cropped/10_Metas/05/12/20191005122300_00160.jpg,datasets_cloudmask/dataset_cropped/10_Metas/05/12/20191005122300_00160.png,774.7,933,80.9,29.5,960
10/5/2019 12:24,datasets/dataset_cropped/10_Metas/05/12/20191005122400_00160.jpg,datasets_flow/dataset_cropped/10_Metas/05/12/20191005122400_00160.jpg,datasets_cloudmask/dataset_cropped/10_Metas/05/12/20191005122400_00160.png,775.6,934,80.9,29.6,960
10/5/2019 12:25,datasets/dataset_cropped/10_Metas/05/12/20191005122500_00160.jpg,datasets_flow/dataset_cropped/10_Metas/05/12/20191005122500_00160.jpg,datasets_cloudmask/dataset_cropped/10_Metas/05/12/20191005122500_00160.png,776.4,934,80.8,29.5,960
10/5/2019 12:26,datasets/dataset_cropped/10_Metas/05/12/20191005122600_00160.jpg,datasets_flow/dataset_cropped/10_Metas/05/12/20191005122600_00160.jpg,datasets_cloudmask/dataset_cropped/10_Metas/05/12/20191005122600_00160.png,776.7,934,81,29.2,960
10/5/2019 12:27,datasets/dataset_cropped/10_Metas/05/12/20191005122700_00160.jpg,datasets_flow/dataset_cropped/10_Metas/05/12/20191005122700_00160.jpg,datasets_cloudmask/dataset_cropped/10_Metas/05/12/20191005122700_00160.png,777.7,935,81.2,29.3,960
10/5/2019 12:28,datasets/dataset_cropped/10_Metas/05/12/20191005122800_00160.jpg,datasets_flow/dataset_cropped/10_Metas/05/12/20191005122800_00160.jpg,datasets_cloudmask/dataset_cropped/10_Metas/05/12/20191005122800_00160.png,777.2,933,81.3,29.5,960
10/5/2019 12:29,datasets/dataset_cropped/10_Metas/05/12/20191005122900_00160.jpg,datasets_flow/dataset_cropped/10_Metas/05/12/20191005122900_00160.jpg,datasets_cloudmask/dataset_cropped/10_Metas/05/12/20191005122900_00160.png,777.5,933,81.7,29.8,960
10/5/2019 12:30,datasets/dataset_cropped/10_Metas/05/12/20191005123000_00160.jpg,datasets_flow/dataset_cropped/10_Metas/05/12/20191005123000_00160.jpg,datasets_cloudmask/dataset_cropped/10_Metas/05/12/20191005123000_00160.png,778.7,934,82,29.8,960
10/5/2019 12:31,datasets/dataset_cropped/10_Metas/05/12/20191005123100_00160.jpg,datasets_flow/dataset_cropped/10_Metas/05/12/20191005123100_00160.jpg,datasets_cloudmask/dataset_cropped/10_Metas/05/12/20191005123100_00160.png,779,934,82,29.7,960
10/5/2019 12:32,datasets/dataset_cropped/10_Metas/05/12/20191005123200_00160.jpg,datasets_flow/dataset_cropped/10_Metas/05/12/20191005123200_00160.jpg,datasets_cloudmask/dataset_cropped/10_Metas/05/12/20191005123200_00160.png,779.1,934,81.8,29.8,960
10/5/2019 12:33,datasets/dataset_cropped/10_Metas/05/12/20191005123300_00160.jpg,datasets_flow/dataset_cropped/10_Metas/05/12/20191005123300_00160.jpg,datasets_cloudmask/dataset_cropped/10_Metas/05/12/20191005123300_00160.png,779.5,932,82.4,29.7,960
10/5/2019 12:34,datasets/dataset_cropped/10_Metas/05/12/20191005123400_00160.jpg,datasets_flow/dataset_cropped/10_Metas/05/12/20191005123400_00160.jpg,datasets_cloudmask/dataset_cropped/10_Metas/05/12/20191005123400_00160.png,779.2,930,82.8,29.5,960
10/5/2019 12:35,datasets/dataset_cropped/10_Metas/05/12/20191005123500_00160.jpg,datasets_flow/dataset_cropped/10_Metas/05/12/20191005123500_00160.jpg,datasets_cloudmask/dataset_cropped/10_Metas/05/12/20191005123500_00160.png,779.4,931,82.4,29.3,960
10/5/2019 12:36,datasets/dataset_cropped/10_Metas/05/12/20191005123600_00160.jpg,datasets_flow/dataset_cropped/10_Metas/05/12/20191005123600_00160.jpg,datasets_cloudmask/dataset_cropped/10_Metas/05/12/20191005123600_00160.png,780.7,933,81.9,29.5,960
10/5/2019 12:37,datasets/dataset_cropped/10_Metas/05/12/20191005123700_00160.jpg,datasets_flow/dataset_cropped/10_Metas/05/12/20191005123700_00160.jpg,datasets_cloudmask/dataset_cropped/10_Metas/05/12/20191005123700_00160.png,781.1,933,81.7,29.6,960
10/5/2019 12:38,datasets/dataset_cropped/10_Metas/05/12/20191005123800_00160.jpg,datasets_flow/dataset_cropped/10_Metas/05/12/20191005123800_00160.jpg,datasets_cloudmask/dataset_cropped/10_Metas/05/12/20191005123800_00160.png,781.3,933,81.9,29.6,960
10/5/2019 12:39,datasets/dataset_cropped/10_Metas/05/12/20191005123900_00160.jpg,datasets_flow/dataset_cropped/10_Metas/05/12/20191005123900_00160.jpg,datasets_cloudmask/dataset_cropped/10_Metas/05/12/20191005123900_00160.png,781.5,933,82,29.7,960
10/5/2019 12:40,datasets/dataset_cropped/10_Metas/05/12/20191005124000_00160.jpg,datasets_flow/dataset_cropped/10_Metas/05/12/20191005124000_00160.jpg,datasets_cloudmask/dataset_cropped/10_Metas/05/12/20191005124000_00160.png,782,933,82,29.6,960
10/5/2019 12:41,datasets/dataset_cropped/10_Metas/05/12/20191005124100_00160.jpg,datasets_flow/dataset_cropped/10_Metas/05/12/20191005124100_00160.jpg,datasets_cloudmask/dataset_cropped/10_Metas/05/12/20191005124100_00160.png,782.6,934,82.1,29.4,960
10/5/2019 12:42,datasets/dataset_cropped/10_Metas/05/12/20191005124200_00160.jpg,datasets_flow/dataset_cropped/10_Metas/05/12/20191005124200_00160.jpg,datasets_cloudmask/dataset_cropped/10_Metas/05/12/20191005124200_00160.png,783,935,82,29.6,960
10/5/2019 12:43,datasets/dataset_cropped/10_Metas/05/12/20191005124300_00160.jpg,datasets_flow/dataset_cropped/10_Metas/05/12/20191005124300_00160.jpg,datasets_cloudmask/dataset_cropped/10_Metas/05/12/20191005124300_00160.png,783.1,935,81.9,29.6,960
10/5/2019 12:44,datasets/dataset_cropped/10_Metas/05/12/20191005124400_00160.jpg,datasets_flow/dataset_cropped/10_Metas/05/12/20191005124400_00160.jpg,datasets_cloudmask/dataset_cropped/10_Metas/05/12/20191005124400_00160.png,783.3,934,82.1,29.6,960
10/5/2019 12:45,datasets/dataset_cropped/10_Metas/05/12/20191005124500_00160.jpg,datasets_flow/dataset_cropped/10_Metas/05/12/20191005124500_00160.jpg,datasets_cloudmask/dataset_cropped/10_Metas/05/12/20191005124500_00160.png,783.5,934,82.2,29.6,960
10/5/2019 12:46,datasets/dataset_cropped/10_Metas/05/12/20191005124600_00160.jpg,datasets_flow/dataset_cropped/10_Metas/05/12/20191005124600_00160.jpg,datasets_cloudmask/dataset_cropped/10_Metas/05/12/20191005124600_00160.png,783.2,934,82,29.4,960
10/5/2019 12:47,datasets/dataset_cropped/10_Metas/05/12/20191005124700_00160.jpg,datasets_flow/dataset_cropped/10_Metas/05/12/20191005124700_00160.jpg,datasets_cloudmask/dataset_cropped/10_Metas/05/12/20191005124700_00160.png,783.6,934,82,29.5,960
10/5/2019 12:48,datasets/dataset_cropped/10_Metas/05/12/20191005124800_00160.jpg,datasets_flow/dataset_cropped/10_Metas/05/12/20191005124800_00160.jpg,datasets_cloudmask/dataset_cropped/10_Metas/05/12/20191005124800_00160.png,783.8,934,81.9,29.7,960
10/5/2019 12:49,datasets/dataset_cropped/10_Metas/05/12/20191005124900_00160.jpg,datasets_flow/dataset_cropped/10_Metas/05/12/20191005124900_00160.jpg,datasets_cloudmask/dataset_cropped/10_Metas/05/12/20191005124900_00160.png,784,934,81.7,29.7,960
10/5/2019 12:50,datasets/dataset_cropped/10_Metas/05/12/20191005125000_00160.jpg,datasets_flow/dataset_cropped/10_Metas/05/12/20191005125000_00160.jpg,datasets_cloudmask/dataset_cropped/10_Metas/05/12/20191005125000_00160.png,784.5,933,82.9,29.9,960
10/5/2019 12:51,datasets/dataset_cropped/10_Metas/05/12/20191005125100_00160.jpg,datasets_flow/dataset_cropped/10_Metas/05/12/20191005125100_00160.jpg,datasets_cloudmask/dataset_cropped/10_Metas/05/12/20191005125100_00160.png,784.3,933,82.2,29.8,960
10/5/2019 12:52,datasets/dataset_cropped/10_Metas/05/12/20191005125200_00160.jpg,datasets_flow/dataset_cropped/10_Metas/05/12/20191005125200_00160.jpg,datasets_cloudmask/dataset_cropped/10_Metas/05/12/20191005125200_00160.png,785,934,81.7,29.9,960
10/5/2019 12:53,datasets/dataset_cropped/10_Metas/05/12/20191005125300_00160.jpg,datasets_flow/dataset_cropped/10_Metas/05/12/20191005125300_00160.jpg,datasets_cloudmask/dataset_cropped/10_Metas/05/12/20191005125300_00160.png,785.5,934,81.7,29.9,960
10/5/2019 12:54,datasets/dataset_cropped/10_Metas/05/12/20191005125400_00160.jpg,datasets_flow/dataset_cropped/10_Metas/05/12/20191005125400_00160.jpg,datasets_cloudmask/dataset_cropped/10_Metas/05/12/20191005125400_00160.png,785.3,934,82.2,29.9,960
10/5/2019 12:55,datasets/dataset_cropped/10_Metas/05/12/20191005125500_00160.jpg,datasets_flow/dataset_cropped/10_Metas/05/12/20191005125500_00160.jpg,datasets_cloudmask/dataset_cropped/10_Metas/05/12/20191005125500_00160.png,785.3,934,82.5,30.1,960
10/5/2019 12:56,datasets/dataset_cropped/10_Metas/05/12/20191005125600_00160.jpg,datasets_flow/dataset_cropped/10_Metas/05/12/20191005125600_00160.jpg,datasets_cloudmask/dataset_cropped/10_Metas/05/12/20191005125600_00160.png,785.6,935,82.7,29.9,960
10/5/2019 12:57,datasets/dataset_cropped/10_Metas/05/12/20191005125700_00160.jpg,datasets_flow/dataset_cropped/10_Metas/05/12/20191005125700_00160.jpg,datasets_cloudmask/dataset_cropped/10_Metas/05/12/20191005125700_00160.png,785.8,936,82.5,29.7,960
10/5/2019 12:58,datasets/dataset_cropped/10_Metas/05/12/20191005125800_00160.jpg,datasets_flow/dataset_cropped/10_Metas/05/12/20191005125800_00160.jpg,datasets_cloudmask/dataset_cropped/10_Metas/05/12/20191005125800_00160.png,785.6,936,82.3,29.8,960
10/5/2019 12:59,datasets/dataset_cropped/10_Metas/05/12/20191005125900_00160.jpg,datasets_flow/dataset_cropped/10_Metas/05/12/20191005125900_00160.jpg,datasets_cloudmask/dataset_cropped/10_Metas/05/12/20191005125900_00160.png,785.5,936,82,30,959
10/5/2019 13:00,datasets/dataset_cropped/10_Metas/05/13/20191005130000_00160.jpg,datasets_flow/dataset_cropped/10_Metas/05/13/20191005130000_00160.jpg,datasets_cloudmask/dataset_cropped/10_Metas/05/13/20191005130000_00160.png,785.6,936,82.1,30,960
10/5/2019 13:01,datasets/dataset_cropped/10_Metas/05/13/20191005130100_00160.jpg,datasets_flow/dataset_cropped/10_Metas/05/13/20191005130100_00160.jpg,datasets_cloudmask/dataset_cropped/10_Metas/05/13/20191005130100_00160.png,785.4,935,82.2,30,960
10/5/2019 13:02,datasets/dataset_cropped/10_Metas/05/13/20191005130200_00160.jpg,datasets_flow/dataset_cropped/10_Metas/05/13/20191005130200_00160.jpg,datasets_cloudmask/dataset_cropped/10_Metas/05/13/20191005130200_00160.png,785.2,935,82.2,29.8,959
10/5/2019 13:03,datasets/dataset_cropped/10_Metas/05/13/20191005130300_00160.jpg,datasets_flow/dataset_cropped/10_Metas/05/13/20191005130300_00160.jpg,datasets_cloudmask/dataset_cropped/10_Metas/05/13/20191005130300_00160.png,785.3,935,82.3,29.5,959
10/5/2019 13:04,datasets/dataset_cropped/10_Metas/05/13/20191005130400_00160.jpg,datasets_flow/dataset_cropped/10_Metas/05/13/20191005130400_00160.jpg,datasets_cloudmask/dataset_cropped/10_Metas/05/13/20191005130400_00160.png,784.3,934,82.6,29.4,959
10/5/2019 13:05,datasets/dataset_cropped/10_Metas/05/13/20191005130500_00160.jpg,datasets_flow/dataset_cropped/10_Metas/05/13/20191005130500_00160.jpg,datasets_cloudmask/dataset_cropped/10_Metas/05/13/20191005130500_00160.png,784.3,934,82.4,29.5,959
10/5/2019 13:06,datasets/dataset_cropped/10_Metas/05/13/20191005130600_00160.jpg,datasets_flow/dataset_cropped/10_Metas/05/13/20191005130600_00160.jpg,datasets_cloudmask/dataset_cropped/10_Metas/05/13/20191005130600_00160.png,784.4,934,82.4,29.8,959
10/5/2019 13:07,datasets/dataset_cropped/10_Metas/05/13/20191005130700_00160.jpg,datasets_flow/dataset_cropped/10_Metas/05/13/20191005130700_00160.jpg,datasets_cloudmask/dataset_cropped/10_Metas/05/13/20191005130700_00160.png,785,935,82.5,29.9,959
10/5/2019 13:08,datasets/dataset_cropped/10_Metas/05/13/20191005130800_00160.jpg,datasets_flow/dataset_cropped/10_Metas/05/13/20191005130800_00160.jpg,datasets_cloudmask/dataset_cropped/10_Metas/05/13/20191005130800_00160.png,784.4,935,82.4,29.9,959
10/5/2019 13:09,datasets/dataset_cropped/10_Metas/05/13/20191005130900_00160.jpg,datasets_flow/dataset_cropped/10_Metas/05/13/20191005130900_00160.jpg,datasets_cloudmask/dataset_cropped/10_Metas/05/13/20191005130900_00160.png,784.1,934,82.4,30,959
10/5/2019 13:10,datasets/dataset_cropped/10_Metas/05/13/20191005131000_00160.jpg,datasets_flow/dataset_cropped/10_Metas/05/13/20191005131000_00160.jpg,datasets_cloudmask/dataset_cropped/10_Metas/05/13/20191005131000_00160.png,784.5,935,82.5,30.2,959
10/5/2019 13:11,datasets/dataset_cropped/10_Metas/05/13/20191005131100_00160.jpg,datasets_flow/dataset_cropped/10_Metas/05/13/20191005131100_00160.jpg,datasets_cloudmask/dataset_cropped/10_Metas/05/13/20191005131100_00160.png,784.8,935,82.7,30.1,959
10/5/2019 13:12,datasets/dataset_cropped/10_Metas/05/13/20191005131200_00160.jpg,datasets_flow/dataset_cropped/10_Metas/05/13/20191005131200_00160.jpg,datasets_cloudmask/dataset_cropped/10_Metas/05/13/20191005131200_00160.png,784.4,934,82.6,30.1,959
10/5/2019 13:13,datasets/dataset_cropped/10_Metas/05/13/20191005131300_00160.jpg,datasets_flow/dataset_cropped/10_Metas/05/13/20191005131300_00160.jpg,datasets_cloudmask/dataset_cropped/10_Metas/05/13/20191005131300_00160.png,773,918,83,29.9,960
10/5/2019 13:14,datasets/dataset_cropped/10_Metas/05/13/20191005131400_00160.jpg,datasets_flow/dataset_cropped/10_Metas/05/13/20191005131400_00160.jpg,datasets_cloudmask/dataset_cropped/10_Metas/05/13/20191005131400_00160.png,781.2,929,82.9,29.6,960
10/5/2019 13:15,datasets/dataset_cropped/10_Metas/05/13/20191005131500_00160.jpg,datasets_flow/dataset_cropped/10_Metas/05/13/20191005131500_00160.jpg,datasets_cloudmask/dataset_cropped/10_Metas/05/13/20191005131500_00160.png,779.2,927,82.9,29.5,959
10/5/2019 13:16,datasets/dataset_cropped/10_Metas/05/13/20191005131600_00160.jpg,datasets_flow/dataset_cropped/10_Metas/05/13/20191005131600_00160.jpg,datasets_cloudmask/dataset_cropped/10_Metas/05/13/20191005131600_00160.png,783.4,933,83.1,29.7,959
10/5/2019 13:17,datasets/dataset_cropped/10_Metas/05/13/20191005131700_00160.jpg,datasets_flow/dataset_cropped/10_Metas/05/13/20191005131700_00160.jpg,datasets_cloudmask/dataset_cropped/10_Metas/05/13/20191005131700_00160.png,782.5,931,83.5,29.8,959
10/5/2019 13:18,datasets/dataset_cropped/10_Metas/05/13/20191005131800_00160.jpg,datasets_flow/dataset_cropped/10_Metas/05/13/20191005131800_00160.jpg,datasets_cloudmask/dataset_cropped/10_Metas/05/13/20191005131800_00160.png,783,931,83.6,29.9,959
10/5/2019 13:19,datasets/dataset_cropped/10_Metas/05/13/20191005131900_00160.jpg,datasets_flow/dataset_cropped/10_Metas/05/13/20191005131900_00160.jpg,datasets_cloudmask/dataset_cropped/10_Metas/05/13/20191005131900_00160.png,781.9,931,83.1,29.9,959
10/5/2019 13:20,datasets/dataset_cropped/10_Metas/05/13/20191005132000_00160.jpg,datasets_flow/dataset_cropped/10_Metas/05/13/20191005132000_00160.jpg,datasets_cloudmask/dataset_cropped/10_Metas/05/13/20191005132000_00160.png,782,931,82.9,29.8,959
10/5/2019 13:21,datasets/dataset_cropped/10_Metas/05/13/20191005132100_00160.jpg,datasets_flow/dataset_cropped/10_Metas/05/13/20191005132100_00160.jpg,datasets_cloudmask/dataset_cropped/10_Metas/05/13/20191005132100_00160.png,781.3,931,83.1,29.9,959
10/5/2019 13:22,datasets/dataset_cropped/10_Metas/05/13/20191005132200_00160.jpg,datasets_flow/dataset_cropped/10_Metas/05/13/20191005132200_00160.jpg,datasets_cloudmask/dataset_cropped/10_Metas/05/13/20191005132200_00160.png,781.5,931,83.2,29.8,959
10/5/2019 13:23,datasets/dataset_cropped/10_Metas/05/13/20191005132300_00160.jpg,datasets_flow/dataset_cropped/10_Metas/05/13/20191005132300_00160.jpg,datasets_cloudmask/dataset_cropped/10_Metas/05/13/20191005132300_00160.png,781.3,932,83.1,29.6,959
10/5/2019 13:24,datasets/dataset_cropped/10_Metas/05/13/20191005132400_00160.jpg,datasets_flow/dataset_cropped/10_Metas/05/13/20191005132400_00160.jpg,datasets_cloudmask/dataset_cropped/10_Metas/05/13/20191005132400_00160.png,781,932,83.1,29.3,959
10/5/2019 13:25,datasets/dataset_cropped/10_Metas/05/13/20191005132500_00160.jpg,datasets_flow/dataset_cropped/10_Metas/05/13/20191005132500_00160.jpg,datasets_cloudmask/dataset_cropped/10_Metas/05/13/20191005132500_00160.png,780.2,931,83.4,29.5,959
10/5/2019 13:26,datasets/dataset_cropped/10_Metas/05/13/20191005132600_00160.jpg,datasets_flow/dataset_cropped/10_Metas/05/13/20191005132600_00160.jpg,datasets_cloudmask/dataset_cropped/10_Metas/05/13/20191005132600_00160.png,779.9,931,83.6,29.6,959
10/5/2019 13:27,datasets/dataset_cropped/10_Metas/05/13/20191005132700_00160.jpg,datasets_flow/dataset_cropped/10_Metas/05/13/20191005132700_00160.jpg,datasets_cloudmask/dataset_cropped/10_Metas/05/13/20191005132700_00160.png,779.2,931,83.7,29.4,959
10/5/2019 13:28,datasets/dataset_cropped/10_Metas/05/13/20191005132800_00160.jpg,datasets_flow/dataset_cropped/10_Metas/05/13/20191005132800_00160.jpg,datasets_cloudmask/dataset_cropped/10_Metas/05/13/20191005132800_00160.png,778.9,931,83.8,29.4,959
10/5/2019 13:29,datasets/dataset_cropped/10_Metas/05/13/20191005132900_00160.jpg,datasets_flow/dataset_cropped/10_Metas/05/13/20191005132900_00160.jpg,datasets_cloudmask/dataset_cropped/10_Metas/05/13/20191005132900_00160.png,779,932,83.7,29.6,959
10/5/2019 13:30,datasets/dataset_cropped/10_Metas/05/13/20191005133000_00160.jpg,datasets_flow/dataset_cropped/10_Metas/05/13/20191005133000_00160.jpg,datasets_cloudmask/dataset_cropped/10_Metas/05/13/20191005133000_00160.png,777.9,931,83.4,29.5,959
10/5/2019 13:31,datasets/dataset_cropped/10_Metas/05/13/20191005133100_00160.jpg,datasets_flow/dataset_cropped/10_Metas/05/13/20191005133100_00160.jpg,datasets_cloudmask/dataset_cropped/10_Metas/05/13/20191005133100_00160.png,777.5,932,83.7,29.4,959
10/5/2019 13:32,datasets/dataset_cropped/10_Metas/05/13/20191005133200_00160.jpg,datasets_flow/dataset_cropped/10_Metas/05/13/20191005133200_00160.jpg,datasets_cloudmask/dataset_cropped/10_Metas/05/13/20191005133200_00160.png,776.8,931,83.8,29.4,959
10/5/2019 13:33,datasets/dataset_cropped/10_Metas/05/13/20191005133300_00160.jpg,datasets_flow/dataset_cropped/10_Metas/05/13/20191005133300_00160.jpg,datasets_cloudmask/dataset_cropped/10_Metas/05/13/20191005133300_00160.png,776.3,931,83.7,29.5,959
10/5/2019 13:34,datasets/dataset_cropped/10_Metas/05/13/20191005133400_00160.jpg,datasets_flow/dataset_cropped/10_Metas/05/13/20191005133400_00160.jpg,datasets_cloudmask/dataset_cropped/10_Metas/05/13/20191005133400_00160.png,775.7,930,83.8,29.7,959
10/5/2019 13:35,datasets/dataset_cropped/10_Metas/05/13/20191005133500_00160.jpg,datasets_flow/dataset_cropped/10_Metas/05/13/20191005133500_00160.jpg,datasets_cloudmask/dataset_cropped/10_Metas/05/13/20191005133500_00160.png,775,930,84,29.6,959
10/5/2019 13:36,datasets/dataset_cropped/10_Metas/05/13/20191005133600_00160.jpg,datasets_flow/dataset_cropped/10_Metas/05/13/20191005133600_00160.jpg,datasets_cloudmask/dataset_cropped/10_Metas/05/13/20191005133600_00160.png,774.1,929,84.2,29.5,959
10/5/2019 13:37,datasets/dataset_cropped/10_Metas/05/13/20191005133700_00160.jpg,datasets_flow/dataset_cropped/10_Metas/05/13/20191005133700_00160.jpg,datasets_cloudmask/dataset_cropped/10_Metas/05/13/20191005133700_00160.png,773.8,929,84.4,29.3,959
10/5/2019 13:38,datasets/dataset_cropped/10_Metas/05/13/20191005133800_00160.jpg,datasets_flow/dataset_cropped/10_Metas/05/13/20191005133800_00160.jpg,datasets_cloudmask/dataset_cropped/10_Metas/05/13/20191005133800_00160.png,773,928,84.7,29.4,959
10/5/2019 13:39,datasets/dataset_cropped/10_Metas/05/13/20191005133900_00160.jpg,datasets_flow/dataset_cropped/10_Metas/05/13/20191005133900_00160.jpg,datasets_cloudmask/dataset_cropped/10_Metas/05/13/20191005133900_00160.png,772.4,928,84.7,29.4,959
10/5/2019 13:40,datasets/dataset_cropped/10_Metas/05/13/20191005134000_00160.jpg,datasets_flow/dataset_cropped/10_Metas/05/13/20191005134000_00160.jpg,datasets_cloudmask/dataset_cropped/10_Metas/05/13/20191005134000_00160.png,771.5,927,84.9,29.5,959
10/5/2019 13:41,datasets/dataset_cropped/10_Metas/05/13/20191005134100_00160.jpg,datasets_flow/dataset_cropped/10_Metas/05/13/20191005134100_00160.jpg,datasets_cloudmask/dataset_cropped/10_Metas/05/13/20191005134100_00160.png,770,925,85.2,29.7,959
10/5/2019 13:42,datasets/dataset_cropped/10_Metas/05/13/20191005134200_00160.jpg,datasets_flow/dataset_cropped/10_Metas/05/13/20191005134200_00160.jpg,datasets_cloudmask/dataset_cropped/10_Metas/05/13/20191005134200_00160.png,768,923,85.4,29.6,959
10/5/2019 13:43,datasets/dataset_cropped/10_Metas/05/13/20191005134300_00160.jpg,datasets_flow/dataset_cropped/10_Metas/05/13/20191005134300_00160.jpg,datasets_cloudmask/dataset_cropped/10_Metas/05/13/20191005134300_00160.png,771.3,928,85.9,29.4,959
10/5/2019 13:44,datasets/dataset_cropped/10_Metas/05/13/20191005134400_00160.jpg,datasets_flow/dataset_cropped/10_Metas/05/13/20191005134400_00160.jpg,datasets_cloudmask/dataset_cropped/10_Metas/05/13/20191005134400_00160.png,771,928,86.3,29.5,959
10/5/2019 13:45,datasets/dataset_cropped/10_Metas/05/13/20191005134500_00160.jpg,datasets_flow/dataset_cropped/10_Metas/05/13/20191005134500_00160.jpg,datasets_cloudmask/dataset_cropped/10_Metas/05/13/20191005134500_00160.png,770.5,928,86.7,29.6,959
10/5/2019 13:46,datasets/dataset_cropped/10_Metas/05/13/20191005134600_00160.jpg,datasets_flow/dataset_cropped/10_Metas/05/13/20191005134600_00160.jpg,datasets_cloudmask/dataset_cropped/10_Metas/05/13/20191005134600_00160.png,770.6,929,87,29.7,959
10/5/2019 13:47,datasets/dataset_cropped/10_Metas/05/13/20191005134700_00160.jpg,datasets_flow/dataset_cropped/10_Metas/05/13/20191005134700_00160.jpg,datasets_cloudmask/dataset_cropped/10_Metas/05/13/20191005134700_00160.png,770.3,928,87.4,30.2,959
10/5/2019 13:48,datasets/dataset_cropped/10_Metas/05/13/20191005134800_00160.jpg,datasets_flow/dataset_cropped/10_Metas/05/13/20191005134800_00160.jpg,datasets_cloudmask/dataset_cropped/10_Metas/05/13/20191005134800_00160.png,769.6,928,87.7,30.4,959
10/5/2019 13:49,datasets/dataset_cropped/10_Metas/05/13/20191005134900_00160.jpg,datasets_flow/dataset_cropped/10_Metas/05/13/20191005134900_00160.jpg,datasets_cloudmask/dataset_cropped/10_Metas/05/13/20191005134900_00160.png,769,928,88,30.1,959
10/5/2019 13:50,datasets/dataset_cropped/10_Metas/05/13/20191005135000_00160.jpg,datasets_flow/dataset_cropped/10_Metas/05/13/20191005135000_00160.jpg,datasets_cloudmask/dataset_cropped/10_Metas/05/13/20191005135000_00160.png,768.6,927,88.5,29.9,959
10/5/2019 13:51,datasets/dataset_cropped/10_Metas/05/13/20191005135100_00160.jpg,datasets_flow/dataset_cropped/10_Metas/05/13/20191005135100_00160.jpg,datasets_cloudmask/dataset_cropped/10_Metas/05/13/20191005135100_00160.png,768.5,927,89.4,30.1,959
10/5/2019 13:52,datasets/dataset_cropped/10_Metas/05/13/20191005135200_00160.jpg,datasets_flow/dataset_cropped/10_Metas/05/13/20191005135200_00160.jpg,datasets_cloudmask/dataset_cropped/10_Metas/05/13/20191005135200_00160.png,768.3,927,90.1,29.9,959
10/5/2019 13:53,datasets/dataset_cropped/10_Metas/05/13/20191005135300_00160.jpg,datasets_flow/dataset_cropped/10_Metas/05/13/20191005135300_00160.jpg,datasets_cloudmask/dataset_cropped/10_Metas/05/13/20191005135300_00160.png,767.5,926,91,29.8,959
10/5/2019 13:54,datasets/dataset_cropped/10_Metas/05/13/20191005135400_00160.jpg,datasets_flow/dataset_cropped/10_Metas/05/13/20191005135400_00160.jpg,datasets_cloudmask/dataset_cropped/10_Metas/05/13/20191005135400_00160.png,766.2,924,91.6,30,959
10/5/2019 13:55,datasets/dataset_cropped/10_Metas/05/13/20191005135500_00160.jpg,datasets_flow/dataset_cropped/10_Metas/05/13/20191005135500_00160.jpg,datasets_cloudmask/dataset_cropped/10_Metas/05/13/20191005135500_00160.png,766.4,924,92.4,30.2,959
10/5/2019 13:56,datasets/dataset_cropped/10_Metas/05/13/20191005135600_00160.jpg,datasets_flow/dataset_cropped/10_Metas/05/13/20191005135600_00160.jpg,datasets_cloudmask/dataset_cropped/10_Metas/05/13/20191005135600_00160.png,767.1,926,93.2,30.2,959
10/5/2019 13:57,datasets/dataset_cropped/10_Metas/05/13/20191005135700_00160.jpg,datasets_flow/dataset_cropped/10_Metas/05/13/20191005135700_00160.jpg,datasets_cloudmask/dataset_cropped/10_Metas/05/13/20191005135700_00160.png,766.9,925,93.8,29.9,959
10/5/2019 13:58,datasets/dataset_cropped/10_Metas/05/13/20191005135800_00160.jpg,datasets_flow/dataset_cropped/10_Metas/05/13/20191005135800_00160.jpg,datasets_cloudmask/dataset_cropped/10_Metas/05/13/20191005135800_00160.png,766.7,925,94.7,29.9,959
10/5/2019 13:59,datasets/dataset_cropped/10_Metas/05/13/20191005135900_00160.jpg,datasets_flow/dataset_cropped/10_Metas/05/13/20191005135900_00160.jpg,datasets_cloudmask/dataset_cropped/10_Metas/05/13/20191005135900_00160.png,766.1,924,95.6,29.9,959
10/5/2019 14:00,datasets/dataset_cropped/10_Metas/05/14/20191005140000_00160.jpg,datasets_flow/dataset_cropped/10_Metas/05/14/20191005140000_00160.jpg,datasets_cloudmask/dataset_cropped/10_Metas/05/14/20191005140000_00160.png,765.5,924,96.4,29.8,959
10/5/2019 14:01,datasets/dataset_cropped/10_Metas/05/14/20191005140100_00160.jpg,datasets_flow/dataset_cropped/10_Metas/05/14/20191005140100_00160.jpg,datasets_cloudmask/dataset_cropped/10_Metas/05/14/20191005140100_00160.png,764.8,923,97,29.8,959
10/5/2019 14:02,datasets/dataset_cropped/10_Metas/05/14/20191005140200_00160.jpg,datasets_flow/dataset_cropped/10_Metas/05/14/20191005140200_00160.jpg,datasets_cloudmask/dataset_cropped/10_Metas/05/14/20191005140200_00160.png,764.5,923,97.7,29.6,959
10/5/2019 14:03,datasets/dataset_cropped/10_Metas/05/14/20191005140300_00160.jpg,datasets_flow/dataset_cropped/10_Metas/05/14/20191005140300_00160.jpg,datasets_cloudmask/dataset_cropped/10_Metas/05/14/20191005140300_00160.png,763.3,922,97.9,29.7,959
10/5/2019 14:04,datasets/dataset_cropped/10_Metas/05/14/20191005140400_00160.jpg,datasets_flow/dataset_cropped/10_Metas/05/14/20191005140400_00160.jpg,datasets_cloudmask/dataset_cropped/10_Metas/05/14/20191005140400_00160.png,762.7,922,98.3,29.6,959
10/5/2019 14:05,datasets/dataset_cropped/10_Metas/05/14/20191005140500_00160.jpg,datasets_flow/dataset_cropped/10_Metas/05/14/20191005140500_00160.jpg,datasets_cloudmask/dataset_cropped/10_Metas/05/14/20191005140500_00160.png,760.1,919,98.4,29.6,959
10/5/2019 14:06,datasets/dataset_cropped/10_Metas/05/14/20191005140600_00160.jpg,datasets_flow/dataset_cropped/10_Metas/05/14/20191005140600_00160.jpg,datasets_cloudmask/dataset_cropped/10_Metas/05/14/20191005140600_00160.png,758.1,917,98.5,29.7,959
10/5/2019 14:07,datasets/dataset_cropped/10_Metas/05/14/20191005140700_00160.jpg,datasets_flow/dataset_cropped/10_Metas/05/14/20191005140700_00160.jpg,datasets_cloudmask/dataset_cropped/10_Metas/05/14/20191005140700_00160.png,756.6,916,98.8,29.9,959
10/5/2019 14:08,datasets/dataset_cropped/10_Metas/05/14/20191005140800_00160.jpg,datasets_flow/dataset_cropped/10_Metas/05/14/20191005140800_00160.jpg,datasets_cloudmask/dataset_cropped/10_Metas/05/14/20191005140800_00160.png,754.6,915,98.6,30.1,959
10/5/2019 14:09,datasets/dataset_cropped/10_Metas/05/14/20191005140900_00160.jpg,datasets_flow/dataset_cropped/10_Metas/05/14/20191005140900_00160.jpg,datasets_cloudmask/dataset_cropped/10_Metas/05/14/20191005140900_00160.png,743.5,901,98.2,30.2,959
10/5/2019 14:10,datasets/dataset_cropped/10_Metas/05/14/20191005141000_00160.jpg,datasets_flow/dataset_cropped/10_Metas/05/14/20191005141000_00160.jpg,datasets_cloudmask/dataset_cropped/10_Metas/05/14/20191005141000_00160.png,744.4,905,98,30.2,959
10/5/2019 14:11,datasets/dataset_cropped/10_Metas/05/14/20191005141100_00160.jpg,datasets_flow/dataset_cropped/10_Metas/05/14/20191005141100_00160.jpg,datasets_cloudmask/dataset_cropped/10_Metas/05/14/20191005141100_00160.png,733.1,891,97.5,30,959
10/5/2019 14:12,datasets/dataset_cropped/10_Metas/05/14/20191005141200_00160.jpg,datasets_flow/dataset_cropped/10_Metas/05/14/20191005141200_00160.jpg,datasets_cloudmask/dataset_cropped/10_Metas/05/14/20191005141200_00160.png,721.6,876,97.3,30,959
10/5/2019 14:13,datasets/dataset_cropped/10_Metas/05/14/20191005141300_00160.jpg,datasets_flow/dataset_cropped/10_Metas/05/14/20191005141300_00160.jpg,datasets_cloudmask/dataset_cropped/10_Metas/05/14/20191005141300_00160.png,730,889,97.5,30.1,959
10/5/2019 14:14,datasets/dataset_cropped/10_Metas/05/14/20191005141400_00160.jpg,datasets_flow/dataset_cropped/10_Metas/05/14/20191005141400_00160.jpg,datasets_cloudmask/dataset_cropped/10_Metas/05/14/20191005141400_00160.png,717.5,872,97.7,30.1,959
10/5/2019 14:15,datasets/dataset_cropped/10_Metas/05/14/20191005141500_00160.jpg,datasets_flow/dataset_cropped/10_Metas/05/14/20191005141500_00160.jpg,datasets_cloudmask/dataset_cropped/10_Metas/05/14/20191005141500_00160.png,725.5,884,98.4,30.4,959
10/5/2019 14:16,datasets/dataset_cropped/10_Metas/05/14/20191005141600_00160.jpg,datasets_flow/dataset_cropped/10_Metas/05/14/20191005141600_00160.jpg,datasets_cloudmask/dataset_cropped/10_Metas/05/14/20191005141600_00160.png,734.6,899,98.2,30.6,959
10/5/2019 14:17,datasets/dataset_cropped/10_Metas/05/14/20191005141700_00160.jpg,datasets_flow/dataset_cropped/10_Metas/05/14/20191005141700_00160.jpg,datasets_cloudmask/dataset_cropped/10_Metas/05/14/20191005141700_00160.png,731.7,897,97.8,30.4,959
10/5/2019 14:18,datasets/dataset_cropped/10_Metas/05/14/20191005141800_00160.jpg,datasets_flow/dataset_cropped/10_Metas/05/14/20191005141800_00160.jpg,datasets_cloudmask/dataset_cropped/10_Metas/05/14/20191005141800_00160.png,728.8,895,97,30.2,959
10/5/2019 14:19,datasets/dataset_cropped/10_Metas/05/14/20191005141900_00160.jpg,datasets_flow/dataset_cropped/10_Metas/05/14/20191005141900_00160.jpg,datasets_cloudmask/dataset_cropped/10_Metas/05/14/20191005141900_00160.png,735.2,906,96.8,30.1,959
10/5/2019 14:20,datasets/dataset_cropped/10_Metas/05/14/20191005142000_00160.jpg,datasets_flow/dataset_cropped/10_Metas/05/14/20191005142000_00160.jpg,datasets_cloudmask/dataset_cropped/10_Metas/05/14/20191005142000_00160.png,736.3,909,96.8,30.3,959
10/5/2019 14:21,datasets/dataset_cropped/10_Metas/05/14/20191005142100_00160.jpg,datasets_flow/dataset_cropped/10_Metas/05/14/20191005142100_00160.jpg,datasets_cloudmask/dataset_cropped/10_Metas/05/14/20191005142100_00160.png,734.2,908,96.4,30.3,959
10/5/2019 14:22,datasets/dataset_cropped/10_Metas/05/14/20191005142200_00160.jpg,datasets_flow/dataset_cropped/10_Metas/05/14/20191005142200_00160.jpg,datasets_cloudmask/dataset_cropped/10_Metas/05/14/20191005142200_00160.png,731.1,905,96.3,30.2,959
10/5/2019 14:23,datasets/dataset_cropped/10_Metas/05/14/20191005142300_00160.jpg,datasets_flow/dataset_cropped/10_Metas/05/14/20191005142300_00160.jpg,datasets_cloudmask/dataset_cropped/10_Metas/05/14/20191005142300_00160.png,726.6,900,96.2,30.2,959
10/5/2019 14:24,datasets/dataset_cropped/10_Metas/05/14/20191005142400_00160.jpg,datasets_flow/dataset_cropped/10_Metas/05/14/20191005142400_00160.jpg,datasets_cloudmask/dataset_cropped/10_Metas/05/14/20191005142400_00160.png,719.7,892,96.2,30,959
10/5/2019 14:25,datasets/dataset_cropped/10_Metas/05/14/20191005142500_00160.jpg,datasets_flow/dataset_cropped/10_Metas/05/14/20191005142500_00160.jpg,datasets_cloudmask/dataset_cropped/10_Metas/05/14/20191005142500_00160.png,720.2,894,96.5,30.1,959
10/5/2019 14:26,datasets/dataset_cropped/10_Metas/05/14/20191005142600_00160.jpg,datasets_flow/dataset_cropped/10_Metas/05/14/20191005142600_00160.jpg,datasets_cloudmask/dataset_cropped/10_Metas/05/14/20191005142600_00160.png,719.1,894,97,30.1,959
10/5/2019 14:27,datasets/dataset_cropped/10_Metas/05/14/20191005142700_00160.jpg,datasets_flow/dataset_cropped/10_Metas/05/14/20191005142700_00160.jpg,datasets_cloudmask/dataset_cropped/10_Metas/05/14/20191005142700_00160.png,711.7,885,97.2,30.4,959
10/5/2019 14:28,datasets/dataset_cropped/10_Metas/05/14/20191005142800_00160.jpg,datasets_flow/dataset_cropped/10_Metas/05/14/20191005142800_00160.jpg,datasets_cloudmask/dataset_cropped/10_Metas/05/14/20191005142800_00160.png,705.6,877,97.5,30.5,959
10/5/2019 14:29,datasets/dataset_cropped/10_Metas/05/14/20191005142900_00160.jpg,datasets_flow/dataset_cropped/10_Metas/05/14/20191005142900_00160.jpg,datasets_cloudmask/dataset_cropped/10_Metas/05/14/20191005142900_00160.png,707.7,881,97.5,30.9,959
10/5/2019 14:30,datasets/dataset_cropped/10_Metas/05/14/20191005143000_00160.jpg,datasets_flow/dataset_cropped/10_Metas/05/14/20191005143000_00160.jpg,datasets_cloudmask/dataset_cropped/10_Metas/05/14/20191005143000_00160.png,705.4,879,97.7,31.1,959
10/5/2019 14:31,datasets/dataset_cropped/10_Metas/05/14/20191005143100_00160.jpg,datasets_flow/dataset_cropped/10_Metas/05/14/20191005143100_00160.jpg,datasets_cloudmask/dataset_cropped/10_Metas/05/14/20191005143100_00160.png,702.9,877,98.3,31.2,959
10/5/2019 14:32,datasets/dataset_cropped/10_Metas/05/14/20191005143200_00160.jpg,datasets_flow/dataset_cropped/10_Metas/05/14/20191005143200_00160.jpg,datasets_cloudmask/dataset_cropped/10_Metas/05/14/20191005143200_00160.png,699.1,872,98.6,30.9,959
10/5/2019 14:33,datasets/dataset_cropped/10_Metas/05/14/20191005143300_00160.jpg,datasets_flow/dataset_cropped/10_Metas/05/14/20191005143300_00160.jpg,datasets_cloudmask/dataset_cropped/10_Metas/05/14/20191005143300_00160.png,690.5,861,99.3,30.8,959
10/5/2019 14:34,datasets/dataset_cropped/10_Metas/05/14/20191005143400_00160.jpg,datasets_flow/dataset_cropped/10_Metas/05/14/20191005143400_00160.jpg,datasets_cloudmask/dataset_cropped/10_Metas/05/14/20191005143400_00160.png,695.2,868,99.7,30.9,959
10/5/2019 14:35,datasets/dataset_cropped/10_Metas/05/14/20191005143500_00160.jpg,datasets_flow/dataset_cropped/10_Metas/05/14/20191005143500_00160.jpg,datasets_cloudmask/dataset_cropped/10_Metas/05/14/20191005143500_00160.png,701.9,879,100.2,30.8,959
10/5/2019 14:36,datasets/dataset_cropped/10_Metas/05/14/20191005143600_00160.jpg,datasets_flow/dataset_cropped/10_Metas/05/14/20191005143600_00160.jpg,datasets_cloudmask/dataset_cropped/10_Metas/05/14/20191005143600_00160.png,696,871,100.8,30.7,959
10/5/2019 14:37,datasets/dataset_cropped/10_Metas/05/14/20191005143700_00160.jpg,datasets_flow/dataset_cropped/10_Metas/05/14/20191005143700_00160.jpg,datasets_cloudmask/dataset_cropped/10_Metas/05/14/20191005143700_00160.png,688.9,862,101.7,30.8,959
10/5/2019 14:38,datasets/dataset_cropped/10_Metas/05/14/20191005143800_00160.jpg,datasets_flow/dataset_cropped/10_Metas/05/14/20191005143800_00160.jpg,datasets_cloudmask/dataset_cropped/10_Metas/05/14/20191005143800_00160.png,680,850,102.4,30.9,959
10/5/2019 14:39,datasets/dataset_cropped/10_Metas/05/14/20191005143900_00160.jpg,datasets_flow/dataset_cropped/10_Metas/05/14/20191005143900_00160.jpg,datasets_cloudmask/dataset_cropped/10_Metas/05/14/20191005143900_00160.png,671.4,839,103.2,31,959
10/5/2019 14:40,datasets/dataset_cropped/10_Metas/05/14/20191005144000_00160.jpg,datasets_flow/dataset_cropped/10_Metas/05/14/20191005144000_00160.jpg,datasets_cloudmask/dataset_cropped/10_Metas/05/14/20191005144000_00160.png,668,834,104,31.3,959
10/5/2019 14:41,datasets/dataset_cropped/10_Metas/05/14/20191005144100_00160.jpg,datasets_flow/dataset_cropped/10_Metas/05/14/20191005144100_00160.jpg,datasets_cloudmask/dataset_cropped/10_Metas/05/14/20191005144100_00160.png,667,831,105.4,31.1,959
10/5/2019 14:42,datasets/dataset_cropped/10_Metas/05/14/20191005144200_00160.jpg,datasets_flow/dataset_cropped/10_Metas/05/14/20191005144200_00160.jpg,datasets_cloudmask/dataset_cropped/10_Metas/05/14/20191005144200_00160.png,674.3,840,106.8,30.7,959
10/5/2019 14:43,datasets/dataset_cropped/10_Metas/05/14/20191005144300_00160.jpg,datasets_flow/dataset_cropped/10_Metas/05/14/20191005144300_00160.jpg,datasets_cloudmask/dataset_cropped/10_Metas/05/14/20191005144300_00160.png,671.2,835,108,30.6,959
10/5/2019 14:44,datasets/dataset_cropped/10_Metas/05/14/20191005144400_00160.jpg,datasets_flow/dataset_cropped/10_Metas/05/14/20191005144400_00160.jpg,datasets_cloudmask/dataset_cropped/10_Metas/05/14/20191005144400_00160.png,667.8,830,109.4,30.6,959
10/5/2019 14:45,datasets/dataset_cropped/10_Metas/05/14/20191005144500_00160.jpg,datasets_flow/dataset_cropped/10_Metas/05/14/20191005144500_00160.jpg,datasets_cloudmask/dataset_cropped/10_Metas/05/14/20191005144500_00160.png,669.7,833,110.2,30.6,959
10/5/2019 14:46,datasets/dataset_cropped/10_Metas/05/14/20191005144600_00160.jpg,datasets_flow/dataset_cropped/10_Metas/05/14/20191005144600_00160.jpg,datasets_cloudmask/dataset_cropped/10_Metas/05/14/20191005144600_00160.png,671.9,837,111.2,30.5,959
10/5/2019 14:47,datasets/dataset_cropped/10_Metas/05/14/20191005144700_00160.jpg,datasets_flow/dataset_cropped/10_Metas/05/14/20191005144700_00160.jpg,datasets_cloudmask/dataset_cropped/10_Metas/05/14/20191005144700_00160.png,675,843,112,30.5,959
10/5/2019 14:48,datasets/dataset_cropped/10_Metas/05/14/20191005144800_00160.jpg,datasets_flow/dataset_cropped/10_Metas/05/14/20191005144800_00160.jpg,datasets_cloudmask/dataset_cropped/10_Metas/05/14/20191005144800_00160.png,679.1,850,112.9,30.2,959
10/5/2019 14:49,datasets/dataset_cropped/10_Metas/05/14/20191005144900_00160.jpg,datasets_flow/dataset_cropped/10_Metas/05/14/20191005144900_00160.jpg,datasets_cloudmask/dataset_cropped/10_Metas/05/14/20191005144900_00160.png,675.4,846,113.5,30,959
10/5/2019 14:50,datasets/dataset_cropped/10_Metas/05/14/20191005145000_00160.jpg,datasets_flow/dataset_cropped/10_Metas/05/14/20191005145000_00160.jpg,datasets_cloudmask/dataset_cropped/10_Metas/05/14/20191005145000_00160.png,666.6,834,114.1,30,959
10/5/2019 14:51,datasets/dataset_cropped/10_Metas/05/14/20191005145100_00160.jpg,datasets_flow/dataset_cropped/10_Metas/05/14/20191005145100_00160.jpg,datasets_cloudmask/dataset_cropped/10_Metas/05/14/20191005145100_00160.png,659.5,823,115.5,29.9,959
10/5/2019 14:52,datasets/dataset_cropped/10_Metas/05/14/20191005145200_00160.jpg,datasets_flow/dataset_cropped/10_Metas/05/14/20191005145200_00160.jpg,datasets_cloudmask/dataset_cropped/10_Metas/05/14/20191005145200_00160.png,648.3,809,115.4,30,959
10/5/2019 14:53,datasets/dataset_cropped/10_Metas/05/14/20191005145300_00160.jpg,datasets_flow/dataset_cropped/10_Metas/05/14/20191005145300_00160.jpg,datasets_cloudmask/dataset_cropped/10_Metas/05/14/20191005145300_00160.png,630.5,783.1,115.7,30.1,959
10/5/2019 14:54,datasets/dataset_cropped/10_Metas/05/14/20191005145400_00160.jpg,datasets_flow/dataset_cropped/10_Metas/05/14/20191005145400_00160.jpg,datasets_cloudmask/dataset_cropped/10_Metas/05/14/20191005145400_00160.png,604.6,744.8,115.7,30.1,959
10/5/2019 14:55,datasets/dataset_cropped/10_Metas/05/14/20191005145500_00160.jpg,datasets_flow/dataset_cropped/10_Metas/05/14/20191005145500_00160.jpg,datasets_cloudmask/dataset_cropped/10_Metas/05/14/20191005145500_00160.png,581.5,710.7,115.9,30.2,959
10/5/2019 14:56,datasets/dataset_cropped/10_Metas/05/14/20191005145600_00160.jpg,datasets_flow/dataset_cropped/10_Metas/05/14/20191005145600_00160.jpg,datasets_cloudmask/dataset_cropped/10_Metas/05/14/20191005145600_00160.png,566.6,689.3,116.2,30.2,959
10/5/2019 14:57,datasets/dataset_cropped/10_Metas/05/14/20191005145700_00160.jpg,datasets_flow/dataset_cropped/10_Metas/05/14/20191005145700_00160.jpg,datasets_cloudmask/dataset_cropped/10_Metas/05/14/20191005145700_00160.png,550.3,665.7,116.2,30.2,959
10/5/2019 14:58,datasets/dataset_cropped/10_Metas/05/14/20191005145800_00160.jpg,datasets_flow/dataset_cropped/10_Metas/05/14/20191005145800_00160.jpg,datasets_cloudmask/dataset_cropped/10_Metas/05/14/20191005145800_00160.png,535.8,645.4,116.3,30.1,959
10/5/2019 14:59,datasets/dataset_cropped/10_Metas/05/14/20191005145900_00160.jpg,datasets_flow/dataset_cropped/10_Metas/05/14/20191005145900_00160.jpg,datasets_cloudmask/dataset_cropped/10_Metas/05/14/20191005145900_00160.png,533.3,642.5,116.8,30.2,959
10/5/2019 15:00,datasets/dataset_cropped/10_Metas/05/15/20191005150000_00160.jpg,datasets_flow/dataset_cropped/10_Metas/05/15/20191005150000_00160.jpg,datasets_cloudmask/dataset_cropped/10_Metas/05/15/20191005150000_00160.png,528.7,637.2,117.1,30.1,959
10/5/2019 15:01,datasets/dataset_cropped/10_Metas/05/15/20191005150100_00160.jpg,datasets_flow/dataset_cropped/10_Metas/05/15/20191005150100_00160.jpg,datasets_cloudmask/dataset_cropped/10_Metas/05/15/20191005150100_00160.png,542.3,659.6,117.6,30,959
10/5/2019 15:02,datasets/dataset_cropped/10_Metas/05/15/20191005150200_00160.jpg,datasets_flow/dataset_cropped/10_Metas/05/15/20191005150200_00160.jpg,datasets_cloudmask/dataset_cropped/10_Metas/05/15/20191005150200_00160.png,556.8,683.1,118,30,959
10/5/2019 15:03,datasets/dataset_cropped/10_Metas/05/15/20191005150300_00160.jpg,datasets_flow/dataset_cropped/10_Metas/05/15/20191005150300_00160.jpg,datasets_cloudmask/dataset_cropped/10_Metas/05/15/20191005150300_00160.png,566.7,699.7,118.7,29.8,959
10/5/2019 15:04,datasets/dataset_cropped/10_Metas/05/15/20191005150400_00160.jpg,datasets_flow/dataset_cropped/10_Metas/05/15/20191005150400_00160.jpg,datasets_cloudmask/dataset_cropped/10_Metas/05/15/20191005150400_00160.png,583.1,726.8,119.1,29.9,959
10/5/2019 15:05,datasets/dataset_cropped/10_Metas/05/15/20191005150500_00160.jpg,datasets_flow/dataset_cropped/10_Metas/05/15/20191005150500_00160.jpg,datasets_cloudmask/dataset_cropped/10_Metas/05/15/20191005150500_00160.png,597,750,119.1,30,959
10/5/2019 15:06,datasets/dataset_cropped/10_Metas/05/15/20191005150600_00160.jpg,datasets_flow/dataset_cropped/10_Metas/05/15/20191005150600_00160.jpg,datasets_cloudmask/dataset_cropped/10_Metas/05/15/20191005150600_00160.png,603.5,761.4,119.2,30.1,959
10/5/2019 15:07,datasets/dataset_cropped/10_Metas/05/15/20191005150700_00160.jpg,datasets_flow/dataset_cropped/10_Metas/05/15/20191005150700_00160.jpg,datasets_cloudmask/dataset_cropped/10_Metas/05/15/20191005150700_00160.png,615.9,782.9,119.3,30.2,959
10/5/2019 15:08,datasets/dataset_cropped/10_Metas/05/15/20191005150800_00160.jpg,datasets_flow/dataset_cropped/10_Metas/05/15/20191005150800_00160.jpg,datasets_cloudmask/dataset_cropped/10_Metas/05/15/20191005150800_00160.png,623.9,798,119.8,30.3,959
10/5/2019 15:09,datasets/dataset_cropped/10_Metas/05/15/20191005150900_00160.jpg,datasets_flow/dataset_cropped/10_Metas/05/15/20191005150900_00160.jpg,datasets_cloudmask/dataset_cropped/10_Metas/05/15/20191005150900_00160.png,627.1,805,120.2,30.1,959
10/5/2019 15:10,datasets/dataset_cropped/10_Metas/05/15/20191005151000_00160.jpg,datasets_flow/dataset_cropped/10_Metas/05/15/20191005151000_00160.jpg,datasets_cloudmask/dataset_cropped/10_Metas/05/15/20191005151000_00160.png,629.1,811,120.4,30.1,959
10/5/2019 15:11,datasets/dataset_cropped/10_Metas/05/15/20191005151100_00160.jpg,datasets_flow/dataset_cropped/10_Metas/05/15/20191005151100_00160.jpg,datasets_cloudmask/dataset_cropped/10_Metas/05/15/20191005151100_00160.png,629.5,814,120.3,30.2,959
10/5/2019 15:12,datasets/dataset_cropped/10_Metas/05/15/20191005151200_00160.jpg,datasets_flow/dataset_cropped/10_Metas/05/15/20191005151200_00160.jpg,datasets_cloudmask/dataset_cropped/10_Metas/05/15/20191005151200_00160.png,629.9,817,120.5,30.4,959
10/5/2019 15:13,datasets/dataset_cropped/10_Metas/05/15/20191005151300_00160.jpg,datasets_flow/dataset_cropped/10_Metas/05/15/20191005151300_00160.jpg,datasets_cloudmask/dataset_cropped/10_Metas/05/15/20191005151300_00160.png,637.8,832,120.7,30.5,959
10/5/2019 15:14,datasets/dataset_cropped/10_Metas/05/15/20191005151400_00160.jpg,datasets_flow/dataset_cropped/10_Metas/05/15/20191005151400_00160.jpg,datasets_cloudmask/dataset_cropped/10_Metas/05/15/20191005151400_00160.png,638.1,834,121.2,30.3,959
10/5/2019 15:15,datasets/dataset_cropped/10_Metas/05/15/20191005151500_00160.jpg,datasets_flow/dataset_cropped/10_Metas/05/15/20191005151500_00160.jpg,datasets_cloudmask/dataset_cropped/10_Metas/05/15/20191005151500_00160.png,636.4,834,121.3,30.2,959
10/5/2019 15:16,datasets/dataset_cropped/10_Metas/05/15/20191005151600_00160.jpg,datasets_flow/dataset_cropped/10_Metas/05/15/20191005151600_00160.jpg,datasets_cloudmask/dataset_cropped/10_Metas/05/15/20191005151600_00160.png,635.3,834,122,30.2,959
10/5/2019 15:17,datasets/dataset_cropped/10_Metas/05/15/20191005151700_00160.jpg,datasets_flow/dataset_cropped/10_Metas/05/15/20191005151700_00160.jpg,datasets_cloudmask/dataset_cropped/10_Metas/05/15/20191005151700_00160.png,634.1,833,122.4,30.2,959
10/5/2019 15:18,datasets/dataset_cropped/10_Metas/05/15/20191005151800_00160.jpg,datasets_flow/dataset_cropped/10_Metas/05/15/20191005151800_00160.jpg,datasets_cloudmask/dataset_cropped/10_Metas/05/15/20191005151800_00160.png,630.5,828,122.8,30,959
10/5/2019 15:19,datasets/dataset_cropped/10_Metas/05/15/20191005151900_00160.jpg,datasets_flow/dataset_cropped/10_Metas/05/15/20191005151900_00160.jpg,datasets_cloudmask/dataset_cropped/10_Metas/05/15/20191005151900_00160.png,627.4,824,124.2,29.8,959
10/5/2019 15:20,datasets/dataset_cropped/10_Metas/05/15/20191005152000_00160.jpg,datasets_flow/dataset_cropped/10_Metas/05/15/20191005152000_00160.jpg,datasets_cloudmask/dataset_cropped/10_Metas/05/15/20191005152000_00160.png,620.8,814,125.3,29.9,959
10/5/2019 15:21,datasets/dataset_cropped/10_Metas/05/15/20191005152100_00160.jpg,datasets_flow/dataset_cropped/10_Metas/05/15/20191005152100_00160.jpg,datasets_cloudmask/dataset_cropped/10_Metas/05/15/20191005152100_00160.png,621.1,816,126.4,29.9,959
10/5/2019 15:22,datasets/dataset_cropped/10_Metas/05/15/20191005152200_00160.jpg,datasets_flow/dataset_cropped/10_Metas/05/15/20191005152200_00160.jpg,datasets_cloudmask/dataset_cropped/10_Metas/05/15/20191005152200_00160.png,619.6,815,127.3,29.9,959
10/5/2019 15:23,datasets/dataset_cropped/10_Metas/05/15/20191005152300_00160.jpg,datasets_flow/dataset_cropped/10_Metas/05/15/20191005152300_00160.jpg,datasets_cloudmask/dataset_cropped/10_Metas/05/15/20191005152300_00160.png,617.7,812,128.6,30.1,959
10/5/2019 15:24,datasets/dataset_cropped/10_Metas/05/15/20191005152400_00160.jpg,datasets_flow/dataset_cropped/10_Metas/05/15/20191005152400_00160.jpg,datasets_cloudmask/dataset_cropped/10_Metas/05/15/20191005152400_00160.png,582.7,755.3,129.2,30.2,959
10/5/2019 15:25,datasets/dataset_cropped/10_Metas/05/15/20191005152500_00160.jpg,datasets_flow/dataset_cropped/10_Metas/05/15/20191005152500_00160.jpg,datasets_cloudmask/dataset_cropped/10_Metas/05/15/20191005152500_00160.png,588.1,766.7,129.7,30.3,959
10/5/2019 15:26,datasets/dataset_cropped/10_Metas/05/15/20191005152600_00160.jpg,datasets_flow/dataset_cropped/10_Metas/05/15/20191005152600_00160.jpg,datasets_cloudmask/dataset_cropped/10_Metas/05/15/20191005152600_00160.png,578.6,752.7,130.3,30.1,959
10/5/2019 15:27,datasets/dataset_cropped/10_Metas/05/15/20191005152700_00160.jpg,datasets_flow/dataset_cropped/10_Metas/05/15/20191005152700_00160.jpg,datasets_cloudmask/dataset_cropped/10_Metas/05/15/20191005152700_00160.png,573.8,746.5,130.6,29.9,959
10/5/2019 15:28,datasets/dataset_cropped/10_Metas/05/15/20191005152800_00160.jpg,datasets_flow/dataset_cropped/10_Metas/05/15/20191005152800_00160.jpg,datasets_cloudmask/dataset_cropped/10_Metas/05/15/20191005152800_00160.png,576.5,751.9,131.6,29.9,959
10/5/2019 15:29,datasets/dataset_cropped/10_Metas/05/15/20191005152900_00160.jpg,datasets_flow/dataset_cropped/10_Metas/05/15/20191005152900_00160.jpg,datasets_cloudmask/dataset_cropped/10_Metas/05/15/20191005152900_00160.png,585.6,768.7,132.6,30.1,959
10/5/2019 15:30,datasets/dataset_cropped/10_Metas/05/15/20191005153000_00160.jpg,datasets_flow/dataset_cropped/10_Metas/05/15/20191005153000_00160.jpg,datasets_cloudmask/dataset_cropped/10_Metas/05/15/20191005153000_00160.png,580,760.5,133.4,29.9,959
10/5/2019 15:31,datasets/dataset_cropped/10_Metas/05/15/20191005153100_00160.jpg,datasets_flow/dataset_cropped/10_Metas/05/15/20191005153100_00160.jpg,datasets_cloudmask/dataset_cropped/10_Metas/05/15/20191005153100_00160.png,572.6,749.5,134.4,29.8,959
10/5/2019 15:32,datasets/dataset_cropped/10_Metas/05/15/20191005153200_00160.jpg,datasets_flow/dataset_cropped/10_Metas/05/15/20191005153200_00160.jpg,datasets_cloudmask/dataset_cropped/10_Metas/05/15/20191005153200_00160.png,557.4,725.7,134.8,29.9,959
10/5/2019 15:33,datasets/dataset_cropped/10_Metas/05/15/20191005153300_00160.jpg,datasets_flow/dataset_cropped/10_Metas/05/15/20191005153300_00160.jpg,datasets_cloudmask/dataset_cropped/10_Metas/05/15/20191005153300_00160.png,551.5,717.7,135.2,29.7,959
10/5/2019 15:34,datasets/dataset_cropped/10_Metas/05/15/20191005153400_00160.jpg,datasets_flow/dataset_cropped/10_Metas/05/15/20191005153400_00160.jpg,datasets_cloudmask/dataset_cropped/10_Metas/05/15/20191005153400_00160.png,522.8,671,134.9,29.7,959
10/5/2019 15:35,datasets/dataset_cropped/10_Metas/05/15/20191005153500_00160.jpg,datasets_flow/dataset_cropped/10_Metas/05/15/20191005153500_00160.jpg,datasets_cloudmask/dataset_cropped/10_Metas/05/15/20191005153500_00160.png,497.9,630.1,134.5,29.8,959
10/5/2019 15:36,datasets/dataset_cropped/10_Metas/05/15/20191005153600_00160.jpg,datasets_flow/dataset_cropped/10_Metas/05/15/20191005153600_00160.jpg,datasets_cloudmask/dataset_cropped/10_Metas/05/15/20191005153600_00160.png,496.8,629.5,134.9,30,959
10/5/2019 15:37,datasets/dataset_cropped/10_Metas/05/15/20191005153700_00160.jpg,datasets_flow/dataset_cropped/10_Metas/05/15/20191005153700_00160.jpg,datasets_cloudmask/dataset_cropped/10_Metas/05/15/20191005153700_00160.png,509.7,653.6,135.4,29.9,959
10/5/2019 15:38,datasets/dataset_cropped/10_Metas/05/15/20191005153800_00160.jpg,datasets_flow/dataset_cropped/10_Metas/05/15/20191005153800_00160.jpg,datasets_cloudmask/dataset_cropped/10_Metas/05/15/20191005153800_00160.png,504.1,646.7,135.2,29.9,959
10/5/2019 15:39,datasets/dataset_cropped/10_Metas/05/15/20191005153900_00160.jpg,datasets_flow/dataset_cropped/10_Metas/05/15/20191005153900_00160.jpg,datasets_cloudmask/dataset_cropped/10_Metas/05/15/20191005153900_00160.png,488.5,621.7,135.1,29.9,959
10/5/2019 15:40,datasets/dataset_cropped/10_Metas/05/15/20191005154000_00160.jpg,datasets_flow/dataset_cropped/10_Metas/05/15/20191005154000_00160.jpg,datasets_cloudmask/dataset_cropped/10_Metas/05/15/20191005154000_00160.png,472.8,595.8,135.2,29.9,959
10/5/2019 15:41,datasets/dataset_cropped/10_Metas/05/15/20191005154100_00160.jpg,datasets_flow/dataset_cropped/10_Metas/05/15/20191005154100_00160.jpg,datasets_cloudmask/dataset_cropped/10_Metas/05/15/20191005154100_00160.png,474.2,599.8,135.6,29.9,959
10/5/2019 15:42,datasets/dataset_cropped/10_Metas/05/15/20191005154200_00160.jpg,datasets_flow/dataset_cropped/10_Metas/05/15/20191005154200_00160.jpg,datasets_cloudmask/dataset_cropped/10_Metas/05/15/20191005154200_00160.png,466.3,587.9,135.7,29.9,959
10/5/2019 15:43,datasets/dataset_cropped/10_Metas/05/15/20191005154300_00160.jpg,datasets_flow/dataset_cropped/10_Metas/05/15/20191005154300_00160.jpg,datasets_cloudmask/dataset_cropped/10_Metas/05/15/20191005154300_00160.png,470.3,596.5,136.3,30,959
10/5/2019 15:44,datasets/dataset_cropped/10_Metas/05/15/20191005154400_00160.jpg,datasets_flow/dataset_cropped/10_Metas/05/15/20191005154400_00160.jpg,datasets_cloudmask/dataset_cropped/10_Metas/05/15/20191005154400_00160.png,485.4,625,137,30.2,959
10/5/2019 15:45,datasets/dataset_cropped/10_Metas/05/15/20191005154500_00160.jpg,datasets_flow/dataset_cropped/10_Metas/05/15/20191005154500_00160.jpg,datasets_cloudmask/dataset_cropped/10_Metas/05/15/20191005154500_00160.png,482.6,623,137.1,30.1,959
10/5/2019 15:46,datasets/dataset_cropped/10_Metas/05/15/20191005154600_00160.jpg,datasets_flow/dataset_cropped/10_Metas/05/15/20191005154600_00160.jpg,datasets_cloudmask/dataset_cropped/10_Metas/05/15/20191005154600_00160.png,479.6,619.9,137.2,30.1,959
10/5/2019 15:47,datasets/dataset_cropped/10_Metas/05/15/20191005154700_00160.jpg,datasets_flow/dataset_cropped/10_Metas/05/15/20191005154700_00160.jpg,datasets_cloudmask/dataset_cropped/10_Metas/05/15/20191005154700_00160.png,479,621.8,137.7,29.9,959
10/5/2019 15:48,datasets/dataset_cropped/10_Metas/05/15/20191005154800_00160.jpg,datasets_flow/dataset_cropped/10_Metas/05/15/20191005154800_00160.jpg,datasets_cloudmask/dataset_cropped/10_Metas/05/15/20191005154800_00160.png,474,616.2,137.6,29.8,959
10/5/2019 15:49,datasets/dataset_cropped/10_Metas/05/15/20191005154900_00160.jpg,datasets_flow/dataset_cropped/10_Metas/05/15/20191005154900_00160.jpg,datasets_cloudmask/dataset_cropped/10_Metas/05/15/20191005154900_00160.png,448.3,573,137.1,29.8,959
10/5/2019 15:50,datasets/dataset_cropped/10_Metas/05/15/20191005155000_00160.jpg,datasets_flow/dataset_cropped/10_Metas/05/15/20191005155000_00160.jpg,datasets_cloudmask/dataset_cropped/10_Metas/05/15/20191005155000_00160.png,424,530.6,136.4,29.8,959
10/5/2019 15:51,datasets/dataset_cropped/10_Metas/05/15/20191005155100_00160.jpg,datasets_flow/dataset_cropped/10_Metas/05/15/20191005155100_00160.jpg,datasets_cloudmask/dataset_cropped/10_Metas/05/15/20191005155100_00160.png,421.8,528.2,136.6,29.9,959
10/5/2019 15:52,datasets/dataset_cropped/10_Metas/05/15/20191005155200_00160.jpg,datasets_flow/dataset_cropped/10_Metas/05/15/20191005155200_00160.jpg,datasets_cloudmask/dataset_cropped/10_Metas/05/15/20191005155200_00160.png,420.9,528.7,136.5,29.8,959
10/5/2019 15:53,datasets/dataset_cropped/10_Metas/05/15/20191005155300_00160.jpg,datasets_flow/dataset_cropped/10_Metas/05/15/20191005155300_00160.jpg,datasets_cloudmask/dataset_cropped/10_Metas/05/15/20191005155300_00160.png,406.9,504.2,136.5,29.9,959
10/5/2019 15:54,datasets/dataset_cropped/10_Metas/05/15/20191005155400_00160.jpg,datasets_flow/dataset_cropped/10_Metas/05/15/20191005155400_00160.jpg,datasets_cloudmask/dataset_cropped/10_Metas/05/15/20191005155400_00160.png,394.1,482.9,136.2,29.8,959
10/5/2019 15:55,datasets/dataset_cropped/10_Metas/05/15/20191005155500_00160.jpg,datasets_flow/dataset_cropped/10_Metas/05/15/20191005155500_00160.jpg,datasets_cloudmask/dataset_cropped/10_Metas/05/15/20191005155500_00160.png,363.2,427.1,135.7,29.8,959
10/5/2019 15:56,datasets/dataset_cropped/10_Metas/05/15/20191005155600_00160.jpg,datasets_flow/dataset_cropped/10_Metas/05/15/20191005155600_00160.jpg,datasets_cloudmask/dataset_cropped/10_Metas/05/15/20191005155600_00160.png,344.5,394.2,135.2,29.8,959
10/5/2019 15:57,datasets/dataset_cropped/10_Metas/05/15/20191005155700_00160.jpg,datasets_flow/dataset_cropped/10_Metas/05/15/20191005155700_00160.jpg,datasets_cloudmask/dataset_cropped/10_Metas/05/15/20191005155700_00160.png,332.9,373.8,135.2,29.7,959
10/5/2019 15:58,datasets/dataset_cropped/10_Metas/05/15/20191005155800_00160.jpg,datasets_flow/dataset_cropped/10_Metas/05/15/20191005155800_00160.jpg,datasets_cloudmask/dataset_cropped/10_Metas/05/15/20191005155800_00160.png,355.3,417,136,29.5,959
10/5/2019 15:59,datasets/dataset_cropped/10_Metas/05/15/20191005155900_00160.jpg,datasets_flow/dataset_cropped/10_Metas/05/15/20191005155900_00160.jpg,datasets_cloudmask/dataset_cropped/10_Metas/05/15/20191005155900_00160.png,364.9,436.4,136.7,29.6,959
10/5/2019 16:00,datasets/dataset_cropped/10_Metas/05/16/20191005160000_00160.jpg,datasets_flow/dataset_cropped/10_Metas/05/16/20191005160000_00160.jpg,datasets_cloudmask/dataset_cropped/10_Metas/05/16/20191005160000_00160.png,387.7,481.3,137.3,29.6,959
10/5/2019 16:01,datasets/dataset_cropped/10_Metas/05/16/20191005160100_00160.jpg,datasets_flow/dataset_cropped/10_Metas/05/16/20191005160100_00160.jpg,datasets_cloudmask/dataset_cropped/10_Metas/05/16/20191005160100_00160.png,392.4,492.7,137.5,29.4,959
10/5/2019 16:02,datasets/dataset_cropped/10_Metas/05/16/20191005160200_00160.jpg,datasets_flow/dataset_cropped/10_Metas/05/16/20191005160200_00160.jpg,datasets_cloudmask/dataset_cropped/10_Metas/05/16/20191005160200_00160.png,395.4,500.7,137.8,29.3,959
10/5/2019 16:03,datasets/dataset_cropped/10_Metas/05/16/20191005160300_00160.jpg,datasets_flow/dataset_cropped/10_Metas/05/16/20191005160300_00160.jpg,datasets_cloudmask/dataset_cropped/10_Metas/05/16/20191005160300_00160.png,402.3,516.6,137.8,29.2,959
10/5/2019 16:04,datasets/dataset_cropped/10_Metas/05/16/20191005160400_00160.jpg,datasets_flow/dataset_cropped/10_Metas/05/16/20191005160400_00160.jpg,datasets_cloudmask/dataset_cropped/10_Metas/05/16/20191005160400_00160.png,389.3,494.1,137.5,29.2,959
10/5/2019 16:05,datasets/dataset_cropped/10_Metas/05/16/20191005160500_00160.jpg,datasets_flow/dataset_cropped/10_Metas/05/16/20191005160500_00160.jpg,datasets_cloudmask/dataset_cropped/10_Metas/05/16/20191005160500_00160.png,391.7,500.9,137.7,29.3,959
10/5/2019 16:06,datasets/dataset_cropped/10_Metas/05/16/20191005160600_00160.jpg,datasets_flow/dataset_cropped/10_Metas/05/16/20191005160600_00160.jpg,datasets_cloudmask/dataset_cropped/10_Metas/05/16/20191005160600_00160.png,387.1,494.4,137.8,29.4,959
10/5/2019 16:07,datasets/dataset_cropped/10_Metas/05/16/20191005160700_00160.jpg,datasets_flow/dataset_cropped/10_Metas/05/16/20191005160700_00160.jpg,datasets_cloudmask/dataset_cropped/10_Metas/05/16/20191005160700_00160.png,379.6,482.2,138.1,29.5,959
10/5/2019 16:08,datasets/dataset_cropped/10_Metas/05/16/20191005160800_00160.jpg,datasets_flow/dataset_cropped/10_Metas/05/16/20191005160800_00160.jpg,datasets_cloudmask/dataset_cropped/10_Metas/05/16/20191005160800_00160.png,355.7,437,137.7,29.5,959
10/5/2019 16:09,datasets/dataset_cropped/10_Metas/05/16/20191005160900_00160.jpg,datasets_flow/dataset_cropped/10_Metas/05/16/20191005160900_00160.jpg,datasets_cloudmask/dataset_cropped/10_Metas/05/16/20191005160900_00160.png,370.3,467.9,138.3,29.6,959
10/5/2019 16:10,datasets/dataset_cropped/10_Metas/05/16/20191005161000_00160.jpg,datasets_flow/dataset_cropped/10_Metas/05/16/20191005161000_00160.jpg,datasets_cloudmask/dataset_cropped/10_Metas/05/16/20191005161000_00160.png,379.3,488.2,138.9,29.7,959
10/5/2019 16:11,datasets/dataset_cropped/10_Metas/05/16/20191005161100_00160.jpg,datasets_flow/dataset_cropped/10_Metas/05/16/20191005161100_00160.jpg,datasets_cloudmask/dataset_cropped/10_Metas/05/16/20191005161100_00160.png,378.2,488.3,139.2,29.7,959
10/5/2019 16:12,datasets/dataset_cropped/10_Metas/05/16/20191005161200_00160.jpg,datasets_flow/dataset_cropped/10_Metas/05/16/20191005161200_00160.jpg,datasets_cloudmask/dataset_cropped/10_Metas/05/16/20191005161200_00160.png,388.6,511.2,139.8,29.7,959
10/5/2019 16:13,datasets/dataset_cropped/10_Metas/05/16/20191005161300_00160.jpg,datasets_flow/dataset_cropped/10_Metas/05/16/20191005161300_00160.jpg,datasets_cloudmask/dataset_cropped/10_Metas/05/16/20191005161300_00160.png,393.6,524,140.3,29.6,959
10/5/2019 16:14,datasets/dataset_cropped/10_Metas/05/16/20191005161400_00160.jpg,datasets_flow/dataset_cropped/10_Metas/05/16/20191005161400_00160.jpg,datasets_cloudmask/dataset_cropped/10_Metas/05/16/20191005161400_00160.png,392.8,525.4,140.8,29.7,959
10/5/2019 16:15,datasets/dataset_cropped/10_Metas/05/16/20191005161500_00160.jpg,datasets_flow/dataset_cropped/10_Metas/05/16/20191005161500_00160.jpg,datasets_cloudmask/dataset_cropped/10_Metas/05/16/20191005161500_00160.png,400.1,542.5,141.2,29.6,959
10/5/2019 16:16,datasets/dataset_cropped/10_Metas/05/16/20191005161600_00160.jpg,datasets_flow/dataset_cropped/10_Metas/05/16/20191005161600_00160.jpg,datasets_cloudmask/dataset_cropped/10_Metas/05/16/20191005161600_00160.png,395.3,535.3,141.3,29.6,959
10/5/2019 16:17,datasets/dataset_cropped/10_Metas/05/16/20191005161700_00160.jpg,datasets_flow/dataset_cropped/10_Metas/05/16/20191005161700_00160.jpg,datasets_cloudmask/dataset_cropped/10_Metas/05/16/20191005161700_00160.png,357.5,460.6,139.9,29.7,959
10/5/2019 16:18,datasets/dataset_cropped/10_Metas/05/16/20191005161800_00160.jpg,datasets_flow/dataset_cropped/10_Metas/05/16/20191005161800_00160.jpg,datasets_cloudmask/dataset_cropped/10_Metas/05/16/20191005161800_00160.png,295.8,336.3,137.2,29.7,959
10/5/2019 16:19,datasets/dataset_cropped/10_Metas/05/16/20191005161900_00160.jpg,datasets_flow/dataset_cropped/10_Metas/05/16/20191005161900_00160.jpg,datasets_cloudmask/dataset_cropped/10_Metas/05/16/20191005161900_00160.png,271.5,287.9,135.9,29.6,959
10/5/2019 16:20,datasets/dataset_cropped/10_Metas/05/16/20191005162000_00160.jpg,datasets_flow/dataset_cropped/10_Metas/05/16/20191005162000_00160.jpg,datasets_cloudmask/dataset_cropped/10_Metas/05/16/20191005162000_00160.png,270.8,288.2,135.8,29.7,959
10/5/2019 16:21,datasets/dataset_cropped/10_Metas/05/16/20191005162100_00160.jpg,datasets_flow/dataset_cropped/10_Metas/05/16/20191005162100_00160.jpg,datasets_cloudmask/dataset_cropped/10_Metas/05/16/20191005162100_00160.png,334.8,425.2,137.3,29.7,959
10/5/2019 16:22,datasets/dataset_cropped/10_Metas/05/16/20191005162200_00160.jpg,datasets_flow/dataset_cropped/10_Metas/05/16/20191005162200_00160.jpg,datasets_cloudmask/dataset_cropped/10_Metas/05/16/20191005162200_00160.png,357.3,474.6,138.3,29.7,959
10/5/2019 16:23,datasets/dataset_cropped/10_Metas/05/16/20191005162300_00160.jpg,datasets_flow/dataset_cropped/10_Metas/05/16/20191005162300_00160.jpg,datasets_cloudmask/dataset_cropped/10_Metas/05/16/20191005162300_00160.png,328.4,417.8,136.7,29.6,959
10/5/2019 16:24,datasets/dataset_cropped/10_Metas/05/16/20191005162400_00160.jpg,datasets_flow/dataset_cropped/10_Metas/05/16/20191005162400_00160.jpg,datasets_cloudmask/dataset_cropped/10_Metas/05/16/20191005162400_00160.png,300.5,363.9,134.2,29.6,959
10/5/2019 16:25,datasets/dataset_cropped/10_Metas/05/16/20191005162500_00160.jpg,datasets_flow/dataset_cropped/10_Metas/05/16/20191005162500_00160.jpg,datasets_cloudmask/dataset_cropped/10_Metas/05/16/20191005162500_00160.png,250.5,261.9,131,29.6,959
10/5/2019 16:26,datasets/dataset_cropped/10_Metas/05/16/20191005162600_00160.jpg,datasets_flow/dataset_cropped/10_Metas/05/16/20191005162600_00160.jpg,datasets_cloudmask/dataset_cropped/10_Metas/05/16/20191005162600_00160.png,258.8,283.9,129.9,29.4,959
10/5/2019 16:27,datasets/dataset_cropped/10_Metas/05/16/20191005162700_00160.jpg,datasets_flow/dataset_cropped/10_Metas/05/16/20191005162700_00160.jpg,datasets_cloudmask/dataset_cropped/10_Metas/05/16/20191005162700_00160.png,319.9,422.9,130.2,29.3,959
10/5/2019 16:28,datasets/dataset_cropped/10_Metas/05/16/20191005162800_00160.jpg,datasets_flow/dataset_cropped/10_Metas/05/16/20191005162800_00160.jpg,datasets_cloudmask/dataset_cropped/10_Metas/05/16/20191005162800_00160.png,283.4,346.9,128.7,29.3,959
10/5/2019 16:29,datasets/dataset_cropped/10_Metas/05/16/20191005162900_00160.jpg,datasets_flow/dataset_cropped/10_Metas/05/16/20191005162900_00160.jpg,datasets_cloudmask/dataset_cropped/10_Metas/05/16/20191005162900_00160.png,254.9,290.3,126,29.4,959
10/5/2019 16:30,datasets/dataset_cropped/10_Metas/05/16/20191005163000_00160.jpg,datasets_flow/dataset_cropped/10_Metas/05/16/20191005163000_00160.jpg,datasets_cloudmask/dataset_cropped/10_Metas/05/16/20191005163000_00160.png,284.8,364.8,124.4,29.4,959
10/5/2019 16:31,datasets/dataset_cropped/10_Metas/05/16/20191005163100_00160.jpg,datasets_flow/dataset_cropped/10_Metas/05/16/20191005163100_00160.jpg,datasets_cloudmask/dataset_cropped/10_Metas/05/16/20191005163100_00160.png,268.3,332.4,122.4,29.2,959
10/5/2019 16:32,datasets/dataset_cropped/10_Metas/05/16/20191005163200_00160.jpg,datasets_flow/dataset_cropped/10_Metas/05/16/20191005163200_00160.jpg,datasets_cloudmask/dataset_cropped/10_Metas/05/16/20191005163200_00160.png,241.9,276,120.7,29.1,959
10/5/2019 16:33,datasets/dataset_cropped/10_Metas/05/16/20191005163300_00160.jpg,datasets_flow/dataset_cropped/10_Metas/05/16/20191005163300_00160.jpg,datasets_cloudmask/dataset_cropped/10_Metas/05/16/20191005163300_00160.png,255.8,311.1,120.6,29.2,959
10/5/2019 16:34,datasets/dataset_cropped/10_Metas/05/16/20191005163400_00160.jpg,datasets_flow/dataset_cropped/10_Metas/05/16/20191005163400_00160.jpg,datasets_cloudmask/dataset_cropped/10_Metas/05/16/20191005163400_00160.png,350.7,532.7,122.3,29.2,959
10/5/2019 16:35,datasets/dataset_cropped/10_Metas/05/16/20191005163500_00160.jpg,datasets_flow/dataset_cropped/10_Metas/05/16/20191005163500_00160.jpg,datasets_cloudmask/dataset_cropped/10_Metas/05/16/20191005163500_00160.png,401.2,654.2,123.1,29.1,959
10/5/2019 16:36,datasets/dataset_cropped/10_Metas/05/16/20191005163600_00160.jpg,datasets_flow/dataset_cropped/10_Metas/05/16/20191005163600_00160.jpg,datasets_cloudmask/dataset_cropped/10_Metas/05/16/20191005163600_00160.png,394.6,645.4,122.7,29.2,959
10/5/2019 16:37,datasets/dataset_cropped/10_Metas/05/16/20191005163700_00160.jpg,datasets_flow/dataset_cropped/10_Metas/05/16/20191005163700_00160.jpg,datasets_cloudmask/dataset_cropped/10_Metas/05/16/20191005163700_00160.png,387.5,634.3,122.1,29.1,959
10/5/2019 16:38,datasets/dataset_cropped/10_Metas/05/16/20191005163800_00160.jpg,datasets_flow/dataset_cropped/10_Metas/05/16/20191005163800_00160.jpg,datasets_cloudmask/dataset_cropped/10_Metas/05/16/20191005163800_00160.png,385,633.5,121.9,29.4,959
10/5/2019 16:39,datasets/dataset_cropped/10_Metas/05/16/20191005163900_00160.jpg,datasets_flow/dataset_cropped/10_Metas/05/16/20191005163900_00160.jpg,datasets_cloudmask/dataset_cropped/10_Metas/05/16/20191005163900_00160.png,359,577.5,121,29.6,959
10/5/2019 16:40,datasets/dataset_cropped/10_Metas/05/16/20191005164000_00160.jpg,datasets_flow/dataset_cropped/10_Metas/05/16/20191005164000_00160.jpg,datasets_cloudmask/dataset_cropped/10_Metas/05/16/20191005164000_00160.png,355.1,573.8,120.3,29.7,959
10/5/2019 16:41,datasets/dataset_cropped/10_Metas/05/16/20191005164100_00160.jpg,datasets_flow/dataset_cropped/10_Metas/05/16/20191005164100_00160.jpg,datasets_cloudmask/dataset_cropped/10_Metas/05/16/20191005164100_00160.png,341.9,546.8,119.7,29.6,959
10/5/2019 16:42,datasets/dataset_cropped/10_Metas/05/16/20191005164200_00160.jpg,datasets_flow/dataset_cropped/10_Metas/05/16/20191005164200_00160.jpg,datasets_cloudmask/dataset_cropped/10_Metas/05/16/20191005164200_00160.png,315.9,488.6,118.8,29.6,959
10/5/2019 16:43,datasets/dataset_cropped/10_Metas/05/16/20191005164300_00160.jpg,datasets_flow/dataset_cropped/10_Metas/05/16/20191005164300_00160.jpg,datasets_cloudmask/dataset_cropped/10_Metas/05/16/20191005164300_00160.png,283.9,414.3,117.8,29.5,959
10/5/2019 16:44,datasets/dataset_cropped/10_Metas/05/16/20191005164400_00160.jpg,datasets_flow/dataset_cropped/10_Metas/05/16/20191005164400_00160.jpg,datasets_cloudmask/dataset_cropped/10_Metas/05/16/20191005164400_00160.png,270.5,385.4,116.9,29.1,959
10/5/2019 16:45,datasets/dataset_cropped/10_Metas/05/16/20191005164500_00160.jpg,datasets_flow/dataset_cropped/10_Metas/05/16/20191005164500_00160.jpg,datasets_cloudmask/dataset_cropped/10_Metas/05/16/20191005164500_00160.png,259.3,361.2,116.3,28.9,959
10/5/2019 16:46,datasets/dataset_cropped/10_Metas/05/16/20191005164600_00160.jpg,datasets_flow/dataset_cropped/10_Metas/05/16/20191005164600_00160.jpg,datasets_cloudmask/dataset_cropped/10_Metas/05/16/20191005164600_00160.png,235.2,303.8,115.6,28.8,959
10/5/2019 16:47,datasets/dataset_cropped/10_Metas/05/16/20191005164700_00160.jpg,datasets_flow/dataset_cropped/10_Metas/05/16/20191005164700_00160.jpg,datasets_cloudmask/dataset_cropped/10_Metas/05/16/20191005164700_00160.png,212.8,249.9,114.9,28.8,959
10/5/2019 16:48,datasets/dataset_cropped/10_Metas/05/16/20191005164800_00160.jpg,datasets_flow/dataset_cropped/10_Metas/05/16/20191005164800_00160.jpg,datasets_cloudmask/dataset_cropped/10_Metas/05/16/20191005164800_00160.png,199.8,218.8,114.4,28.6,959
10/5/2019 16:49,datasets/dataset_cropped/10_Metas/05/16/20191005164900_00160.jpg,datasets_flow/dataset_cropped/10_Metas/05/16/20191005164900_00160.jpg,datasets_cloudmask/dataset_cropped/10_Metas/05/16/20191005164900_00160.png,189,191.5,114.5,28.4,959
10/5/2019 16:50,datasets/dataset_cropped/10_Metas/05/16/20191005165000_00160.jpg,datasets_flow/dataset_cropped/10_Metas/05/16/20191005165000_00160.jpg,datasets_cloudmask/dataset_cropped/10_Metas/05/16/20191005165000_00160.png,180.7,169.7,114.9,28.2,959
10/5/2019 16:51,datasets/dataset_cropped/10_Metas/05/16/20191005165100_00160.jpg,datasets_flow/dataset_cropped/10_Metas/05/16/20191005165100_00160.jpg,datasets_cloudmask/dataset_cropped/10_Metas/05/16/20191005165100_00160.png,191.5,196.4,116.1,28.1,959
10/5/2019 16:52,datasets/dataset_cropped/10_Metas/05/16/20191005165200_00160.jpg,datasets_flow/dataset_cropped/10_Metas/05/16/20191005165200_00160.jpg,datasets_cloudmask/dataset_cropped/10_Metas/05/16/20191005165200_00160.png,211.5,246.4,118,28,959
10/5/2019 16:53,datasets/dataset_cropped/10_Metas/05/16/20191005165300_00160.jpg,datasets_flow/dataset_cropped/10_Metas/05/16/20191005165300_00160.jpg,datasets_cloudmask/dataset_cropped/10_Metas/05/16/20191005165300_00160.png,244.8,331.5,120.7,27.9,959
10/5/2019 16:54,datasets/dataset_cropped/10_Metas/05/16/20191005165400_00160.jpg,datasets_flow/dataset_cropped/10_Metas/05/16/20191005165400_00160.jpg,datasets_cloudmask/dataset_cropped/10_Metas/05/16/20191005165400_00160.png,279.4,421.5,123.5,28,959
10/5/2019 16:55,datasets/dataset_cropped/10_Metas/05/16/20191005165500_00160.jpg,datasets_flow/dataset_cropped/10_Metas/05/16/20191005165500_00160.jpg,datasets_cloudmask/dataset_cropped/10_Metas/05/16/20191005165500_00160.png,311.7,507,126.2,28.2,959
10/5/2019 16:56,datasets/dataset_cropped/10_Metas/05/16/20191005165600_00160.jpg,datasets_flow/dataset_cropped/10_Metas/05/16/20191005165600_00160.jpg,datasets_cloudmask/dataset_cropped/10_Metas/05/16/20191005165600_00160.png,338.6,579.6,128.8,28.3,959
10/5/2019 16:57,datasets/dataset_cropped/10_Metas/05/16/20191005165700_00160.jpg,datasets_flow/dataset_cropped/10_Metas/05/16/20191005165700_00160.jpg,datasets_cloudmask/dataset_cropped/10_Metas/05/16/20191005165700_00160.png,343.7,596,130.1,28.2,959
10/5/2019 16:58,datasets/dataset_cropped/10_Metas/05/16/20191005165800_00160.jpg,datasets_flow/dataset_cropped/10_Metas/05/16/20191005165800_00160.jpg,datasets_cloudmask/dataset_cropped/10_Metas/05/16/20191005165800_00160.png,352.3,623.1,130.9,28.3,959
10/5/2019 16:59,datasets/dataset_cropped/10_Metas/05/16/20191005165900_00160.jpg,datasets_flow/dataset_cropped/10_Metas/05/16/20191005165900_00160.jpg,datasets_cloudmask/dataset_cropped/10_Metas/05/16/20191005165900_00160.png,354,632.1,131.4,28.3,959
10/5/2019 17:00,datasets/dataset_cropped/10_Metas/05/17/20191005170000_00160.jpg,datasets_flow/dataset_cropped/10_Metas/05/17/20191005170000_00160.jpg,datasets_cloudmask/dataset_cropped/10_Metas/05/17/20191005170000_00160.png,319.7,541.4,130.5,28.3,959
10/5/2019 17:01,datasets/dataset_cropped/10_Metas/05/17/20191005170100_00160.jpg,datasets_flow/dataset_cropped/10_Metas/05/17/20191005170100_00160.jpg,datasets_cloudmask/dataset_cropped/10_Metas/05/17/20191005170100_00160.png,305.2,507.1,129.5,28.5,959
10/5/2019 17:02,datasets/dataset_cropped/10_Metas/05/17/20191005170200_00160.jpg,datasets_flow/dataset_cropped/10_Metas/05/17/20191005170200_00160.jpg,datasets_cloudmask/dataset_cropped/10_Metas/05/17/20191005170200_00160.png,277.3,435.3,127.7,28.5,959
10/5/2019 17:03,datasets/dataset_cropped/10_Metas/05/17/20191005170300_00160.jpg,datasets_flow/dataset_cropped/10_Metas/05/17/20191005170300_00160.jpg,datasets_cloudmask/dataset_cropped/10_Metas/05/17/20191005170300_00160.png,256.4,382.3,126.1,28.6,959
10/5/2019 17:04,datasets/dataset_cropped/10_Metas/05/17/20191005170400_00160.jpg,datasets_flow/dataset_cropped/10_Metas/05/17/20191005170400_00160.jpg,datasets_cloudmask/dataset_cropped/10_Metas/05/17/20191005170400_00160.png,260.1,400.1,124.8,28.5,959
10/5/2019 17:05,datasets/dataset_cropped/10_Metas/05/17/20191005170500_00160.jpg,datasets_flow/dataset_cropped/10_Metas/05/17/20191005170500_00160.jpg,datasets_cloudmask/dataset_cropped/10_Metas/05/17/20191005170500_00160.png,301.7,529.7,124.5,28.4,959
10/5/2019 17:06,datasets/dataset_cropped/10_Metas/05/17/20191005170600_00160.jpg,datasets_flow/dataset_cropped/10_Metas/05/17/20191005170600_00160.jpg,datasets_cloudmask/dataset_cropped/10_Metas/05/17/20191005170600_00160.png,288.4,498.7,123.1,28.3,959
10/5/2019 17:07,datasets/dataset_cropped/10_Metas/05/17/20191005170700_00160.jpg,datasets_flow/dataset_cropped/10_Metas/05/17/20191005170700_00160.jpg,datasets_cloudmask/dataset_cropped/10_Metas/05/17/20191005170700_00160.png,280.4,483.7,121.4,28.3,959
10/5/2019 17:08,datasets/dataset_cropped/10_Metas/05/17/20191005170800_00160.jpg,datasets_flow/dataset_cropped/10_Metas/05/17/20191005170800_00160.jpg,datasets_cloudmask/dataset_cropped/10_Metas/05/17/20191005170800_00160.png,297.8,544.8,120.6,28.4,959
10/5/2019 17:09,datasets/dataset_cropped/10_Metas/05/17/20191005170900_00160.jpg,datasets_flow/dataset_cropped/10_Metas/05/17/20191005170900_00160.jpg,datasets_cloudmask/dataset_cropped/10_Metas/05/17/20191005170900_00160.png,297,552.3,119.2,28.4,959
10/5/2019 17:10,datasets/dataset_cropped/10_Metas/05/17/20191005171000_00160.jpg,datasets_flow/dataset_cropped/10_Metas/05/17/20191005171000_00160.jpg,datasets_cloudmask/dataset_cropped/10_Metas/05/17/20191005171000_00160.png,298.8,568.8,117.6,28.5,959
10/5/2019 17:11,datasets/dataset_cropped/10_Metas/05/17/20191005171100_00160.jpg,datasets_flow/dataset_cropped/10_Metas/05/17/20191005171100_00160.jpg,datasets_cloudmask/dataset_cropped/10_Metas/05/17/20191005171100_00160.png,287.3,544.6,115.5,28.4,959
10/5/2019 17:12,datasets/dataset_cropped/10_Metas/05/17/20191005171200_00160.jpg,datasets_flow/dataset_cropped/10_Metas/05/17/20191005171200_00160.jpg,datasets_cloudmask/dataset_cropped/10_Metas/05/17/20191005171200_00160.png,286.2,552.6,113.5,28.3,959
10/5/2019 17:13,datasets/dataset_cropped/10_Metas/05/17/20191005171300_00160.jpg,datasets_flow/dataset_cropped/10_Metas/05/17/20191005171300_00160.jpg,datasets_cloudmask/dataset_cropped/10_Metas/05/17/20191005171300_00160.png,286.9,567.3,111.4,28.3,959
10/5/2019 17:14,datasets/dataset_cropped/10_Metas/05/17/20191005171400_00160.jpg,datasets_flow/dataset_cropped/10_Metas/05/17/20191005171400_00160.jpg,datasets_cloudmask/dataset_cropped/10_Metas/05/17/20191005171400_00160.png,279.7,556.4,109.3,28.3,959
10/5/2019 17:15,datasets/dataset_cropped/10_Metas/05/17/20191005171500_00160.jpg,datasets_flow/dataset_cropped/10_Metas/05/17/20191005171500_00160.jpg,datasets_cloudmask/dataset_cropped/10_Metas/05/17/20191005171500_00160.png,270.1,537.4,107.2,28.4,959
10/5/2019 17:16,datasets/dataset_cropped/10_Metas/05/17/20191005171600_00160.jpg,datasets_flow/dataset_cropped/10_Metas/05/17/20191005171600_00160.jpg,datasets_cloudmask/dataset_cropped/10_Metas/05/17/20191005171600_00160.png,263.2,527.1,105,28.7,959
10/5/2019 17:17,datasets/dataset_cropped/10_Metas/05/17/20191005171700_00160.jpg,datasets_flow/dataset_cropped/10_Metas/05/17/20191005171700_00160.jpg,datasets_cloudmask/dataset_cropped/10_Metas/05/17/20191005171700_00160.png,259.8,527.5,103,28.6,959
10/5/2019 17:18,datasets/dataset_cropped/10_Metas/05/17/20191005171800_00160.jpg,datasets_flow/dataset_cropped/10_Metas/05/17/20191005171800_00160.jpg,datasets_cloudmask/dataset_cropped/10_Metas/05/17/20191005171800_00160.png,251.5,511.1,101.2,28.5,959
10/5/2019 17:19,datasets/dataset_cropped/10_Metas/05/17/20191005171900_00160.jpg,datasets_flow/dataset_cropped/10_Metas/05/17/20191005171900_00160.jpg,datasets_cloudmask/dataset_cropped/10_Metas/05/17/20191005171900_00160.png,228.2,443.5,99.1,28.4,959
10/5/2019 17:20,datasets/dataset_cropped/10_Metas/05/17/20191005172000_00160.jpg,datasets_flow/dataset_cropped/10_Metas/05/17/20191005172000_00160.jpg,datasets_cloudmask/dataset_cropped/10_Metas/05/17/20191005172000_00160.png,216.2,414.5,96.7,28.3,959
10/5/2019 17:21,datasets/dataset_cropped/10_Metas/05/17/20191005172100_00160.jpg,datasets_flow/dataset_cropped/10_Metas/05/17/20191005172100_00160.jpg,datasets_cloudmask/dataset_cropped/10_Metas/05/17/20191005172100_00160.png,213.8,416.9,94.9,28.3,959
10/5/2019 17:22,datasets/dataset_cropped/10_Metas/05/17/20191005172200_00160.jpg,datasets_flow/dataset_cropped/10_Metas/05/17/20191005172200_00160.jpg,datasets_cloudmask/dataset_cropped/10_Metas/05/17/20191005172200_00160.png,194.1,357.7,93.1,28.3,959
10/5/2019 17:23,datasets/dataset_cropped/10_Metas/05/17/20191005172300_00160.jpg,datasets_flow/dataset_cropped/10_Metas/05/17/20191005172300_00160.jpg,datasets_cloudmask/dataset_cropped/10_Metas/05/17/20191005172300_00160.png,205,405.4,92,28.2,959
10/5/2019 17:24,datasets/dataset_cropped/10_Metas/05/17/20191005172400_00160.jpg,datasets_flow/dataset_cropped/10_Metas/05/17/20191005172400_00160.jpg,datasets_cloudmask/dataset_cropped/10_Metas/05/17/20191005172400_00160.png,216,451,91.7,28,959
10/5/2019 17:25,datasets/dataset_cropped/10_Metas/05/17/20191005172500_00160.jpg,datasets_flow/dataset_cropped/10_Metas/05/17/20191005172500_00160.jpg,datasets_cloudmask/dataset_cropped/10_Metas/05/17/20191005172500_00160.png,210,435.9,91.3,28,959
10/5/2019 17:26,datasets/dataset_cropped/10_Metas/05/17/20191005172600_00160.jpg,datasets_flow/dataset_cropped/10_Metas/05/17/20191005172600_00160.jpg,datasets_cloudmask/dataset_cropped/10_Metas/05/17/20191005172600_00160.png,193.7,383.8,90.4,28.1,959
10/5/2019 17:27,datasets/dataset_cropped/10_Metas/05/17/20191005172700_00160.jpg,datasets_flow/dataset_cropped/10_Metas/05/17/20191005172700_00160.jpg,datasets_cloudmask/dataset_cropped/10_Metas/05/17/20191005172700_00160.png,191.2,382,89.8,28.1,959
10/5/2019 17:28,datasets/dataset_cropped/10_Metas/05/17/20191005172800_00160.jpg,datasets_flow/dataset_cropped/10_Metas/05/17/20191005172800_00160.jpg,datasets_cloudmask/dataset_cropped/10_Metas/05/17/20191005172800_00160.png,198.4,416.4,89.1,28,959
10/5/2019 17:29,datasets/dataset_cropped/10_Metas/05/17/20191005172900_00160.jpg,datasets_flow/dataset_cropped/10_Metas/05/17/20191005172900_00160.jpg,datasets_cloudmask/dataset_cropped/10_Metas/05/17/20191005172900_00160.png,188.5,386.7,88.1,28,959
10/5/2019 17:30,datasets/dataset_cropped/10_Metas/05/17/20191005173000_00160.jpg,datasets_flow/dataset_cropped/10_Metas/05/17/20191005173000_00160.jpg,datasets_cloudmask/dataset_cropped/10_Metas/05/17/20191005173000_00160.png,153.8,261.5,86.5,28,959
10/5/2019 17:31,datasets/dataset_cropped/10_Metas/05/17/20191005173100_00160.jpg,datasets_flow/dataset_cropped/10_Metas/05/17/20191005173100_00160.jpg,datasets_cloudmask/dataset_cropped/10_Metas/05/17/20191005173100_00160.png,129.2,175.2,84.6,28,959
10/5/2019 17:32,datasets/dataset_cropped/10_Metas/05/17/20191005173200_00160.jpg,datasets_flow/dataset_cropped/10_Metas/05/17/20191005173200_00160.jpg,datasets_cloudmask/dataset_cropped/10_Metas/05/17/20191005173200_00160.png,121.5,154.3,82.8,27.9,959
10/5/2019 17:33,datasets/dataset_cropped/10_Metas/05/17/20191005173300_00160.jpg,datasets_flow/dataset_cropped/10_Metas/05/17/20191005173300_00160.jpg,datasets_cloudmask/dataset_cropped/10_Metas/05/17/20191005173300_00160.png,128.1,187.6,81.5,27.8,959
10/5/2019 17:34,datasets/dataset_cropped/10_Metas/05/17/20191005173400_00160.jpg,datasets_flow/dataset_cropped/10_Metas/05/17/20191005173400_00160.jpg,datasets_cloudmask/dataset_cropped/10_Metas/05/17/20191005173400_00160.png,113.6,134.9,80.1,27.7,959
10/5/2019 17:35,datasets/dataset_cropped/10_Metas/05/17/20191005173500_00160.jpg,datasets_flow/dataset_cropped/10_Metas/05/17/20191005173500_00160.jpg,datasets_cloudmask/dataset_cropped/10_Metas/05/17/20191005173500_00160.png,93.5,58.8,78.6,27.5,959
10/5/2019 17:36,datasets/dataset_cropped/10_Metas/05/17/20191005173600_00160.jpg,datasets_flow/dataset_cropped/10_Metas/05/17/20191005173600_00160.jpg,datasets_cloudmask/dataset_cropped/10_Metas/05/17/20191005173600_00160.png,87.4,39.6,77.2,27.4,959
10/5/2019 17:37,datasets/dataset_cropped/10_Metas/05/17/20191005173700_00160.jpg,datasets_flow/dataset_cropped/10_Metas/05/17/20191005173700_00160.jpg,datasets_cloudmask/dataset_cropped/10_Metas/05/17/20191005173700_00160.png,82.3,23.8,75.9,27.4,959
10/5/2019 17:38,datasets/dataset_cropped/10_Metas/05/17/20191005173800_00160.jpg,datasets_flow/dataset_cropped/10_Metas/05/17/20191005173800_00160.jpg,datasets_cloudmask/dataset_cropped/10_Metas/05/17/20191005173800_00160.png,78.9,15.1,74.6,27.3,959
10/5/2019 17:39,datasets/dataset_cropped/10_Metas/05/17/20191005173900_00160.jpg,datasets_flow/dataset_cropped/10_Metas/05/17/20191005173900_00160.jpg,datasets_cloudmask/dataset_cropped/10_Metas/05/17/20191005173900_00160.png,78.7,19.2,73.6,27.2,959
10/5/2019 17:40,datasets/dataset_cropped/10_Metas/05/17/20191005174000_00160.jpg,datasets_flow/dataset_cropped/10_Metas/05/17/20191005174000_00160.jpg,datasets_cloudmask/dataset_cropped/10_Metas/05/17/20191005174000_00160.png,82.2,39.7,72.8,27.1,959
10/5/2019 17:41,datasets/dataset_cropped/10_Metas/05/17/20191005174100_00160.jpg,datasets_flow/dataset_cropped/10_Metas/05/17/20191005174100_00160.jpg,datasets_cloudmask/dataset_cropped/10_Metas/05/17/20191005174100_00160.png,83.9,52,71.9,27.1,959
10/5/2019 17:42,datasets/dataset_cropped/10_Metas/05/17/20191005174200_00160.jpg,datasets_flow/dataset_cropped/10_Metas/05/17/20191005174200_00160.jpg,datasets_cloudmask/dataset_cropped/10_Metas/05/17/20191005174200_00160.png,83.9,57.5,71,27,959
10/5/2019 17:43,datasets/dataset_cropped/10_Metas/05/17/20191005174300_00160.jpg,datasets_flow/dataset_cropped/10_Metas/05/17/20191005174300_00160.jpg,datasets_cloudmask/dataset_cropped/10_Metas/05/17/20191005174300_00160.png,85.5,70.8,70,26.9,959
10/5/2019 17:44,datasets/dataset_cropped/10_Metas/05/17/20191005174400_00160.jpg,datasets_flow/dataset_cropped/10_Metas/05/17/20191005174400_00160.jpg,datasets_cloudmask/dataset_cropped/10_Metas/05/17/20191005174400_00160.png,89.3,94.2,69.1,26.9,959
10/5/2019 17:45,datasets/dataset_cropped/10_Metas/05/17/20191005174500_00160.jpg,datasets_flow/dataset_cropped/10_Metas/05/17/20191005174500_00160.jpg,datasets_cloudmask/dataset_cropped/10_Metas/05/17/20191005174500_00160.png,88.9,98.6,68.1,26.9,959
10/5/2019 17:46,datasets/dataset_cropped/10_Metas/05/17/20191005174600_00160.jpg,datasets_flow/dataset_cropped/10_Metas/05/17/20191005174600_00160.jpg,datasets_cloudmask/dataset_cropped/10_Metas/05/17/20191005174600_00160.png,84.4,83.8,67,26.9,959
10/5/2019 17:47,datasets/dataset_cropped/10_Metas/05/17/20191005174700_00160.jpg,datasets_flow/dataset_cropped/10_Metas/05/17/20191005174700_00160.jpg,datasets_cloudmask/dataset_cropped/10_Metas/05/17/20191005174700_00160.png,76.5,52.5,65.6,26.9,959
10/5/2019 17:48,datasets/dataset_cropped/10_Metas/05/17/20191005174800_00160.jpg,datasets_flow/dataset_cropped/10_Metas/05/17/20191005174800_00160.jpg,datasets_cloudmask/dataset_cropped/10_Metas/05/17/20191005174800_00160.png,71.2,33.9,64.2,26.9,959
10/5/2019 17:49,datasets/dataset_cropped/10_Metas/05/17/20191005174900_00160.jpg,datasets_flow/dataset_cropped/10_Metas/05/17/20191005174900_00160.jpg,datasets_cloudmask/dataset_cropped/10_Metas/05/17/20191005174900_00160.png,68.1,25.2,62.9,26.9,959
10/5/2019 17:50,datasets/dataset_cropped/10_Metas/05/17/20191005175000_00160.jpg,datasets_flow/dataset_cropped/10_Metas/05/17/20191005175000_00160.jpg,datasets_cloudmask/dataset_cropped/10_Metas/05/17/20191005175000_00160.png,67,26.1,61.8,26.9,959
10/5/2019 17:51,datasets/dataset_cropped/10_Metas/05/17/20191005175100_00160.jpg,datasets_flow/dataset_cropped/10_Metas/05/17/20191005175100_00160.jpg,datasets_cloudmask/dataset_cropped/10_Metas/05/17/20191005175100_00160.png,66.3,28.6,60.7,26.9,959
10/5/2019 17:52,datasets/dataset_cropped/10_Metas/05/17/20191005175200_00160.jpg,datasets_flow/dataset_cropped/10_Metas/05/17/20191005175200_00160.jpg,datasets_cloudmask/dataset_cropped/10_Metas/05/17/20191005175200_00160.png,69,49.5,59.8,26.8,959
10/5/2019 17:53,datasets/dataset_cropped/10_Metas/05/17/20191005175300_00160.jpg,datasets_flow/dataset_cropped/10_Metas/05/17/20191005175300_00160.jpg,datasets_cloudmask/dataset_cropped/10_Metas/05/17/20191005175300_00160.png,68.7,53.8,58.9,26.8,959
10/5/2019 17:54,datasets/dataset_cropped/10_Metas/05/17/20191005175400_00160.jpg,datasets_flow/dataset_cropped/10_Metas/05/17/20191005175400_00160.jpg,datasets_cloudmask/dataset_cropped/10_Metas/05/17/20191005175400_00160.png,64.9,38.5,57.8,26.8,959
10/5/2019 17:55,datasets/dataset_cropped/10_Metas/05/17/20191005175500_00160.jpg,datasets_flow/dataset_cropped/10_Metas/05/17/20191005175500_00160.jpg,datasets_cloudmask/dataset_cropped/10_Metas/05/17/20191005175500_00160.png,62.7,31.7,56.8,26.7,959
10/5/2019 17:56,datasets/dataset_cropped/10_Metas/05/17/20191005175600_00160.jpg,datasets_flow/dataset_cropped/10_Metas/05/17/20191005175600_00160.jpg,datasets_cloudmask/dataset_cropped/10_Metas/05/17/20191005175600_00160.png,59.8,21,55.9,26.6,959
10/5/2019 17:57,datasets/dataset_cropped/10_Metas/05/17/20191005175700_00160.jpg,datasets_flow/dataset_cropped/10_Metas/05/17/20191005175700_00160.jpg,datasets_cloudmask/dataset_cropped/10_Metas/05/17/20191005175700_00160.png,57.5,13.5,54.9,26.6,959
10/5/2019 17:58,datasets/dataset_cropped/10_Metas/05/17/20191005175800_00160.jpg,datasets_flow/dataset_cropped/10_Metas/05/17/20191005175800_00160.jpg,datasets_cloudmask/dataset_cropped/10_Metas/05/17/20191005175800_00160.png,55.7,8.4,54,26.6,959
10/5/2019 17:59,datasets/dataset_cropped/10_Metas/05/17/20191005175900_00160.jpg,datasets_flow/dataset_cropped/10_Metas/05/17/20191005175900_00160.jpg,datasets_cloudmask/dataset_cropped/10_Metas/05/17/20191005175900_00160.png,54.6,7.3,53,26.5,959
10/5/2019 18:00,datasets/dataset_cropped/10_Metas/05/18/20191005180000_00160.jpg,datasets_flow/dataset_cropped/10_Metas/05/18/20191005180000_00160.jpg,datasets_cloudmask/dataset_cropped/10_Metas/05/18/20191005180000_00160.png,53.6,6.8,52.2,26.4,959
10/5/2019 18:01,datasets/dataset_cropped/10_Metas/05/18/20191005180100_00160.jpg,datasets_flow/dataset_cropped/10_Metas/05/18/20191005180100_00160.jpg,datasets_cloudmask/dataset_cropped/10_Metas/05/18/20191005180100_00160.png,52.5,5.2,51.4,26.3,959
10/5/2019 18:02,datasets/dataset_cropped/10_Metas/05/18/20191005180200_00160.jpg,datasets_flow/dataset_cropped/10_Metas/05/18/20191005180200_00160.jpg,datasets_cloudmask/dataset_cropped/10_Metas/05/18/20191005180200_00160.png,51.5,4.3,50.6,26.3,959
10/5/2019 18:03,datasets/dataset_cropped/10_Metas/05/18/20191005180300_00160.jpg,datasets_flow/dataset_cropped/10_Metas/05/18/20191005180300_00160.jpg,datasets_cloudmask/dataset_cropped/10_Metas/05/18/20191005180300_00160.png,50.7,4,49.8,26.3,959
10/5/2019 18:04,datasets/dataset_cropped/10_Metas/05/18/20191005180400_00160.jpg,datasets_flow/dataset_cropped/10_Metas/05/18/20191005180400_00160.jpg,datasets_cloudmask/dataset_cropped/10_Metas/05/18/20191005180400_00160.png,49.8,3.6,49,26.2,959
10/5/2019 18:05,datasets/dataset_cropped/10_Metas/05/18/20191005180500_00160.jpg,datasets_flow/dataset_cropped/10_Metas/05/18/20191005180500_00160.jpg,datasets_cloudmask/dataset_cropped/10_Metas/05/18/20191005180500_00160.png,49,3.9,48.2,26.2,959
10/5/2019 18:06,datasets/dataset_cropped/10_Metas/05/18/20191005180600_00160.jpg,datasets_flow/dataset_cropped/10_Metas/05/18/20191005180600_00160.jpg,datasets_cloudmask/dataset_cropped/10_Metas/05/18/20191005180600_00160.png,48.2,5,47.3,26.1,959
10/5/2019 18:07,datasets/dataset_cropped/10_Metas/05/18/20191005180700_00160.jpg,datasets_flow/dataset_cropped/10_Metas/05/18/20191005180700_00160.jpg,datasets_cloudmask/dataset_cropped/10_Metas/05/18/20191005180700_00160.png,47.5,6.7,46.5,26.1,959
10/5/2019 18:08,datasets/dataset_cropped/10_Metas/05/18/20191005180800_00160.jpg,datasets_flow/dataset_cropped/10_Metas/05/18/20191005180800_00160.jpg,datasets_cloudmask/dataset_cropped/10_Metas/05/18/20191005180800_00160.png,46.9,9.4,45.6,26.1,959
10/5/2019 18:09,datasets/dataset_cropped/10_Metas/05/18/20191005180900_00160.jpg,datasets_flow/dataset_cropped/10_Metas/05/18/20191005180900_00160.jpg,datasets_cloudmask/dataset_cropped/10_Metas/05/18/20191005180900_00160.png,46.1,10.2,44.6,26,959
10/5/2019 18:10,datasets/dataset_cropped/10_Metas/05/18/20191005181000_00160.jpg,datasets_flow/dataset_cropped/10_Metas/05/18/20191005181000_00160.jpg,datasets_cloudmask/dataset_cropped/10_Metas/05/18/20191005181000_00160.png,44.8,8.4,43.6,26,959
10/5/2019 18:11,datasets/dataset_cropped/10_Metas/05/18/20191005181100_00160.jpg,datasets_flow/dataset_cropped/10_Metas/05/18/20191005181100_00160.jpg,datasets_cloudmask/dataset_cropped/10_Metas/05/18/20191005181100_00160.png,43.5,6.6,42.5,25.9,959
10/5/2019 18:12,datasets/dataset_cropped/10_Metas/05/18/20191005181200_00160.jpg,datasets_flow/dataset_cropped/10_Metas/05/18/20191005181200_00160.jpg,datasets_cloudmask/dataset_cropped/10_Metas/05/18/20191005181200_00160.png,42.2,5.5,41.3,26,959
10/5/2019 18:13,datasets/dataset_cropped/10_Metas/05/18/20191005181300_00160.jpg,datasets_flow/dataset_cropped/10_Metas/05/18/20191005181300_00160.jpg,datasets_cloudmask/dataset_cropped/10_Metas/05/18/20191005181300_00160.png,40.9,4.6,40.1,25.9,959
10/5/2019 18:14,datasets/dataset_cropped/10_Metas/05/18/20191005181400_00160.jpg,datasets_flow/dataset_cropped/10_Metas/05/18/20191005181400_00160.jpg,datasets_cloudmask/dataset_cropped/10_Metas/05/18/20191005181400_00160.png,39.4,2.9,38.8,25.9,959
10/5/2019 18:15,datasets/dataset_cropped/10_Metas/05/18/20191005181500_00160.jpg,datasets_flow/dataset_cropped/10_Metas/05/18/20191005181500_00160.jpg,datasets_cloudmask/dataset_cropped/10_Metas/05/18/20191005181500_00160.png,37.8,0.9,37.4,25.8,959
10/5/2019 18:16,datasets/dataset_cropped/10_Metas/05/18/20191005181600_00160.jpg,datasets_flow/dataset_cropped/10_Metas/05/18/20191005181600_00160.jpg,datasets_cloudmask/dataset_cropped/10_Metas/05/18/20191005181600_00160.png,36.3,0.1,36.1,25.8,959
10/5/2019 18:17,datasets/dataset_cropped/10_Metas/05/18/20191005181700_00160.jpg,datasets_flow/dataset_cropped/10_Metas/05/18/20191005181700_00160.jpg,datasets_cloudmask/dataset_cropped/10_Metas/05/18/20191005181700_00160.png,34.9,0,34.8,25.8,959
10/5/2019 18:18,datasets/dataset_cropped/10_Metas/05/18/20191005181800_00160.jpg,datasets_flow/dataset_cropped/10_Metas/05/18/20191005181800_00160.jpg,datasets_cloudmask/dataset_cropped/10_Metas/05/18/20191005181800_00160.png,33.5,0,33.4,25.8,959
10/5/2019 18:19,datasets/dataset_cropped/10_Metas/05/18/20191005181900_00160.jpg,datasets_flow/dataset_cropped/10_Metas/05/18/20191005181900_00160.jpg,datasets_cloudmask/dataset_cropped/10_Metas/05/18/20191005181900_00160.png,32.2,0,32.1,25.7,959
10/5/2019 18:20,datasets/dataset_cropped/10_Metas/05/18/20191005182000_00160.jpg,datasets_flow/dataset_cropped/10_Metas/05/18/20191005182000_00160.jpg,datasets_cloudmask/dataset_cropped/10_Metas/05/18/20191005182000_00160.png,30.9,0,30.7,25.6,959
10/5/2019 18:21,datasets/dataset_cropped/10_Metas/05/18/20191005182100_00160.jpg,datasets_flow/dataset_cropped/10_Metas/05/18/20191005182100_00160.jpg,datasets_cloudmask/dataset_cropped/10_Metas/05/18/20191005182100_00160.png,29.5,0,29.4,25.6,959
10/5/2019 18:22,datasets/dataset_cropped/10_Metas/05/18/20191005182200_00160.jpg,datasets_flow/dataset_cropped/10_Metas/05/18/20191005182200_00160.jpg,datasets_cloudmask/dataset_cropped/10_Metas/05/18/20191005182200_00160.png,28.1,0,28,25.6,959
10/5/2019 18:23,datasets/dataset_cropped/10_Metas/05/18/20191005182300_00160.jpg,datasets_flow/dataset_cropped/10_Metas/05/18/20191005182300_00160.jpg,datasets_cloudmask/dataset_cropped/10_Metas/05/18/20191005182300_00160.png,26.7,0,26.6,25.5,959
10/5/2019 18:24,datasets/dataset_cropped/10_Metas/05/18/20191005182400_00160.jpg,datasets_flow/dataset_cropped/10_Metas/05/18/20191005182400_00160.jpg,datasets_cloudmask/dataset_cropped/10_Metas/05/18/20191005182400_00160.png,25.3,0,25.1,25.5,959
10/5/2019 18:25,datasets/dataset_cropped/10_Metas/05/18/20191005182500_00160.jpg,datasets_flow/dataset_cropped/10_Metas/05/18/20191005182500_00160.jpg,datasets_cloudmask/dataset_cropped/10_Metas/05/18/20191005182500_00160.png,23.8,0,23.6,25.5,959
10/5/2019 18:26,datasets/dataset_cropped/10_Metas/05/18/20191005182600_00160.jpg,datasets_flow/dataset_cropped/10_Metas/05/18/20191005182600_00160.jpg,datasets_cloudmask/dataset_cropped/10_Metas/05/18/20191005182600_00160.png,22.3,0,22.2,25.4,959
10/5/2019 18:27,datasets/dataset_cropped/10_Metas/05/18/20191005182700_00160.jpg,datasets_flow/dataset_cropped/10_Metas/05/18/20191005182700_00160.jpg,datasets_cloudmask/dataset_cropped/10_Metas/05/18/20191005182700_00160.png,20.8,0,20.7,25.4,959
10/5/2019 18:28,datasets/dataset_cropped/10_Metas/05/18/20191005182800_00160.jpg,datasets_flow/dataset_cropped/10_Metas/05/18/20191005182800_00160.jpg,datasets_cloudmask/dataset_cropped/10_Metas/05/18/20191005182800_00160.png,19.4,0,19.2,25.3,959
10/5/2019 18:29,datasets/dataset_cropped/10_Metas/05/18/20191005182900_00160.jpg,datasets_flow/dataset_cropped/10_Metas/05/18/20191005182900_00160.jpg,datasets_cloudmask/dataset_cropped/10_Metas/05/18/20191005182900_00160.png,17.9,0,17.8,25.3,959
10/5/2019 18:30,datasets/dataset_cropped/10_Metas/05/18/20191005183000_00160.jpg,datasets_flow/dataset_cropped/10_Metas/05/18/20191005183000_00160.jpg,datasets_cloudmask/dataset_cropped/10_Metas/05/18/20191005183000_00160.png,16.5,0,16.3,25.3,959
10/5/2019 18:31,datasets/dataset_cropped/10_Metas/05/18/20191005183100_00160.jpg,datasets_flow/dataset_cropped/10_Metas/05/18/20191005183100_00160.jpg,datasets_cloudmask/dataset_cropped/10_Metas/05/18/20191005183100_00160.png,15.2,0,15,25.2,960
10/5/2019 18:32,datasets/dataset_cropped/10_Metas/05/18/20191005183200_00160.jpg,datasets_flow/dataset_cropped/10_Metas/05/18/20191005183200_00160.jpg,datasets_cloudmask/dataset_cropped/10_Metas/05/18/20191005183200_00160.png,14,0,13.8,25.1,959
10/5/2019 18:33,datasets/dataset_cropped/10_Metas/05/18/20191005183300_00160.jpg,datasets_flow/dataset_cropped/10_Metas/05/18/20191005183300_00160.jpg,datasets_cloudmask/dataset_cropped/10_Metas/05/18/20191005183300_00160.png,12.8,0.6,12.5,25.1,959
10/5/2019 18:34,datasets/dataset_cropped/10_Metas/05/18/20191005183400_00160.jpg,datasets_flow/dataset_cropped/10_Metas/05/18/20191005183400_00160.jpg,datasets_cloudmask/dataset_cropped/10_Metas/05/18/20191005183400_00160.png,11.8,6.7,11.3,25,959
10/5/2019 18:35,datasets/dataset_cropped/10_Metas/05/18/20191005183500_00160.jpg,datasets_flow/dataset_cropped/10_Metas/05/18/20191005183500_00160.jpg,datasets_cloudmask/dataset_cropped/10_Metas/05/18/20191005183500_00160.png,11.7,28.3,10.3,24.9,959
10/5/2019 18:36,datasets/dataset_cropped/10_Metas/05/18/20191005183600_00160.jpg,datasets_flow/dataset_cropped/10_Metas/05/18/20191005183600_00160.jpg,datasets_cloudmask/dataset_cropped/10_Metas/05/18/20191005183600_00160.png,11.2,36.8,9.5,24.8,960
10/5/2019 18:37,datasets/dataset_cropped/10_Metas/05/18/20191005183700_00160.jpg,datasets_flow/dataset_cropped/10_Metas/05/18/20191005183700_00160.jpg,datasets_cloudmask/dataset_cropped/10_Metas/05/18/20191005183700_00160.png,9.5,16.7,8.5,24.7,960
10/5/2019 18:38,datasets/dataset_cropped/10_Metas/05/18/20191005183800_00160.jpg,datasets_flow/dataset_cropped/10_Metas/05/18/20191005183800_00160.jpg,datasets_cloudmask/dataset_cropped/10_Metas/05/18/20191005183800_00160.png,7.7,0.6,7.3,24.6,959
10/5/2019 18:39,datasets/dataset_cropped/10_Metas/05/18/20191005183900_00160.jpg,datasets_flow/dataset_cropped/10_Metas/05/18/20191005183900_00160.jpg,datasets_cloudmask/dataset_cropped/10_Metas/05/18/20191005183900_00160.png,6.6,0,6.1,24.4,960
10/5/2019 18:40,datasets/dataset_cropped/10_Metas/05/18/20191005184000_00160.jpg,datasets_flow/dataset_cropped/10_Metas/05/18/20191005184000_00160.jpg,datasets_cloudmask/dataset_cropped/10_Metas/05/18/20191005184000_00160.png,5.6,0,5.2,24.3,959
10/5/2019 18:41,datasets/dataset_cropped/10_Metas/05/18/20191005184100_00160.jpg,datasets_flow/dataset_cropped/10_Metas/05/18/20191005184100_00160.jpg,datasets_cloudmask/dataset_cropped/10_Metas/05/18/20191005184100_00160.png,4.8,0,4.4,24.1,959
10/5/2019 18:42,datasets/dataset_cropped/10_Metas/05/18/20191005184200_00160.jpg,datasets_flow/dataset_cropped/10_Metas/05/18/20191005184200_00160.jpg,datasets_cloudmask/dataset_cropped/10_Metas/05/18/20191005184200_00160.png,4.1,0,3.6,24,959
10/5/2019 18:43,datasets/dataset_cropped/10_Metas/05/18/20191005184300_00160.jpg,datasets_flow/dataset_cropped/10_Metas/05/18/20191005184300_00160.jpg,datasets_cloudmask/dataset_cropped/10_Metas/05/18/20191005184300_00160.png,3.3,0,2.9,23.9,960
10/5/2019 18:44,datasets/dataset_cropped/10_Metas/05/18/20191005184400_00160.jpg,datasets_flow/dataset_cropped/10_Metas/05/18/20191005184400_00160.jpg,datasets_cloudmask/dataset_cropped/10_Metas/05/18/20191005184400_00160.png,2.6,0,2.2,23.8,960
10/5/2019 18:45,datasets/dataset_cropped/10_Metas/05/18/20191005184500_00160.jpg,datasets_flow/dataset_cropped/10_Metas/05/18/20191005184500_00160.jpg,datasets_cloudmask/dataset_cropped/10_Metas/05/18/20191005184500_00160.png,2.1,0,1.7,23.7,960
10/6/2019 7:10,datasets/dataset_cropped/10_Metas/06/07/20191006071030_00160.jpg,datasets_flow/dataset_cropped/10_Metas/06/07/20191006071030_00160.jpg,datasets_cloudmask/dataset_cropped/10_Metas/06/07/20191006071030_00160.png,4.4,0.5,4.4,15.8,961
10/6/2019 7:11,datasets/dataset_cropped/10_Metas/06/07/20191006071100_00160.jpg,datasets_flow/dataset_cropped/10_Metas/06/07/20191006071100_00160.jpg,datasets_cloudmask/dataset_cropped/10_Metas/06/07/20191006071100_00160.png,4.4,0.5,4.4,15.8,961
10/6/2019 7:12,datasets/dataset_cropped/10_Metas/06/07/20191006071200_00160.jpg,datasets_flow/dataset_cropped/10_Metas/06/07/20191006071200_00160.jpg,datasets_cloudmask/dataset_cropped/10_Metas/06/07/20191006071200_00160.png,5.3,1.2,5.3,16,961
10/6/2019 7:13,datasets/dataset_cropped/10_Metas/06/07/20191006071300_00160.jpg,datasets_flow/dataset_cropped/10_Metas/06/07/20191006071300_00160.jpg,datasets_cloudmask/dataset_cropped/10_Metas/06/07/20191006071300_00160.png,6.2,6.7,6.2,15.9,961
10/6/2019 7:14,datasets/dataset_cropped/10_Metas/06/07/20191006071400_00160.jpg,datasets_flow/dataset_cropped/10_Metas/06/07/20191006071400_00160.jpg,datasets_cloudmask/dataset_cropped/10_Metas/06/07/20191006071400_00160.png,7.6,21.9,7.5,15.7,961
10/6/2019 7:15,datasets/dataset_cropped/10_Metas/06/07/20191006071500_00160.jpg,datasets_flow/dataset_cropped/10_Metas/06/07/20191006071500_00160.jpg,datasets_cloudmask/dataset_cropped/10_Metas/06/07/20191006071500_00160.png,9.2,38.1,8.9,15.5,961
10/6/2019 7:16,datasets/dataset_cropped/10_Metas/06/07/20191006071600_00160.jpg,datasets_flow/dataset_cropped/10_Metas/06/07/20191006071600_00160.jpg,datasets_cloudmask/dataset_cropped/10_Metas/06/07/20191006071600_00160.png,10.6,49.5,9.9,15.4,961
10/6/2019 7:17,datasets/dataset_cropped/10_Metas/06/07/20191006071700_00160.jpg,datasets_flow/dataset_cropped/10_Metas/06/07/20191006071700_00160.jpg,datasets_cloudmask/dataset_cropped/10_Metas/06/07/20191006071700_00160.png,12.2,69.2,10.9,15.4,961
10/6/2019 7:18,datasets/dataset_cropped/10_Metas/06/07/20191006071800_00160.jpg,datasets_flow/dataset_cropped/10_Metas/06/07/20191006071800_00160.jpg,datasets_cloudmask/dataset_cropped/10_Metas/06/07/20191006071800_00160.png,13.4,76.9,11.6,15.6,961
10/6/2019 7:19,datasets/dataset_cropped/10_Metas/06/07/20191006071900_00160.jpg,datasets_flow/dataset_cropped/10_Metas/06/07/20191006071900_00160.jpg,datasets_cloudmask/dataset_cropped/10_Metas/06/07/20191006071900_00160.png,13.4,42,12.3,15.9,961
10/6/2019 7:20,datasets/dataset_cropped/10_Metas/06/07/20191006072000_00160.jpg,datasets_flow/dataset_cropped/10_Metas/06/07/20191006072000_00160.jpg,datasets_cloudmask/dataset_cropped/10_Metas/06/07/20191006072000_00160.png,13.7,7.3,13.5,16.1,961
10/6/2019 7:21,datasets/dataset_cropped/10_Metas/06/07/20191006072100_00160.jpg,datasets_flow/dataset_cropped/10_Metas/06/07/20191006072100_00160.jpg,datasets_cloudmask/dataset_cropped/10_Metas/06/07/20191006072100_00160.png,15.2,3.6,15.2,16.2,961
10/6/2019 7:22,datasets/dataset_cropped/10_Metas/06/07/20191006072200_00160.jpg,datasets_flow/dataset_cropped/10_Metas/06/07/20191006072200_00160.jpg,datasets_cloudmask/dataset_cropped/10_Metas/06/07/20191006072200_00160.png,17.5,13.7,17,16.4,961
10/6/2019 7:23,datasets/dataset_cropped/10_Metas/06/07/20191006072300_00160.jpg,datasets_flow/dataset_cropped/10_Metas/06/07/20191006072300_00160.jpg,datasets_cloudmask/dataset_cropped/10_Metas/06/07/20191006072300_00160.png,21.3,57.9,19,16.5,961
10/6/2019 7:24,datasets/dataset_cropped/10_Metas/06/07/20191006072400_00160.jpg,datasets_flow/dataset_cropped/10_Metas/06/07/20191006072400_00160.jpg,datasets_cloudmask/dataset_cropped/10_Metas/06/07/20191006072400_00160.png,26.3,133.7,20.5,16.6,961
10/6/2019 7:25,datasets/dataset_cropped/10_Metas/06/07/20191006072500_00160.jpg,datasets_flow/dataset_cropped/10_Metas/06/07/20191006072500_00160.jpg,datasets_cloudmask/dataset_cropped/10_Metas/06/07/20191006072500_00160.png,29.4,170.6,21.5,16.5,961
10/6/2019 7:26,datasets/dataset_cropped/10_Metas/06/07/20191006072600_00160.jpg,datasets_flow/dataset_cropped/10_Metas/06/07/20191006072600_00160.jpg,datasets_cloudmask/dataset_cropped/10_Metas/06/07/20191006072600_00160.png,29.9,149.1,22.6,16.5,961
10/6/2019 7:27,datasets/dataset_cropped/10_Metas/06/07/20191006072700_00160.jpg,datasets_flow/dataset_cropped/10_Metas/06/07/20191006072700_00160.jpg,datasets_cloudmask/dataset_cropped/10_Metas/06/07/20191006072700_00160.png,29.3,102.3,24,16.5,961
10/6/2019 7:28,datasets/dataset_cropped/10_Metas/06/07/20191006072800_00160.jpg,datasets_flow/dataset_cropped/10_Metas/06/07/20191006072800_00160.jpg,datasets_cloudmask/dataset_cropped/10_Metas/06/07/20191006072800_00160.png,28.7,52.6,25.8,16.5,961
10/6/2019 7:29,datasets/dataset_cropped/10_Metas/06/07/20191006072900_00160.jpg,datasets_flow/dataset_cropped/10_Metas/06/07/20191006072900_00160.jpg,datasets_cloudmask/dataset_cropped/10_Metas/06/07/20191006072900_00160.png,33.9,99.7,27.7,16.5,961
10/6/2019 7:30,datasets/dataset_cropped/10_Metas/06/07/20191006073000_00160.jpg,datasets_flow/dataset_cropped/10_Metas/06/07/20191006073000_00160.jpg,datasets_cloudmask/dataset_cropped/10_Metas/06/07/20191006073000_00160.png,42.5,214.5,28.9,16.5,961
10/6/2019 7:31,datasets/dataset_cropped/10_Metas/06/07/20191006073100_00160.jpg,datasets_flow/dataset_cropped/10_Metas/06/07/20191006073100_00160.jpg,datasets_cloudmask/dataset_cropped/10_Metas/06/07/20191006073100_00160.png,44.3,226.9,29.3,16.5,961
10/6/2019 7:32,datasets/dataset_cropped/10_Metas/06/07/20191006073200_00160.jpg,datasets_flow/dataset_cropped/10_Metas/06/07/20191006073200_00160.jpg,datasets_cloudmask/dataset_cropped/10_Metas/06/07/20191006073200_00160.png,38.5,128.6,29.7,16.5,961
10/6/2019 7:33,datasets/dataset_cropped/10_Metas/06/07/20191006073300_00160.jpg,datasets_flow/dataset_cropped/10_Metas/06/07/20191006073300_00160.jpg,datasets_cloudmask/dataset_cropped/10_Metas/06/07/20191006073300_00160.png,32.9,36.8,30.4,16.6,961
10/6/2019 7:34,datasets/dataset_cropped/10_Metas/06/07/20191006073400_00160.jpg,datasets_flow/dataset_cropped/10_Metas/06/07/20191006073400_00160.jpg,datasets_cloudmask/dataset_cropped/10_Metas/06/07/20191006073400_00160.png,32,10.7,31.4,16.6,961
10/6/2019 7:35,datasets/dataset_cropped/10_Metas/06/07/20191006073500_00160.jpg,datasets_flow/dataset_cropped/10_Metas/06/07/20191006073500_00160.jpg,datasets_cloudmask/dataset_cropped/10_Metas/06/07/20191006073500_00160.png,33.6,15.9,32.5,16.6,961
10/6/2019 7:36,datasets/dataset_cropped/10_Metas/06/07/20191006073600_00160.jpg,datasets_flow/dataset_cropped/10_Metas/06/07/20191006073600_00160.jpg,datasets_cloudmask/dataset_cropped/10_Metas/06/07/20191006073600_00160.png,36.2,30,34,16.6,961
10/6/2019 7:37,datasets/dataset_cropped/10_Metas/06/07/20191006073700_00160.jpg,datasets_flow/dataset_cropped/10_Metas/06/07/20191006073700_00160.jpg,datasets_cloudmask/dataset_cropped/10_Metas/06/07/20191006073700_00160.png,38.1,32.8,35.6,16.6,961
10/6/2019 7:38,datasets/dataset_cropped/10_Metas/06/07/20191006073800_00160.jpg,datasets_flow/dataset_cropped/10_Metas/06/07/20191006073800_00160.jpg,datasets_cloudmask/dataset_cropped/10_Metas/06/07/20191006073800_00160.png,41.6,49.5,37.5,16.8,961
10/6/2019 7:39,datasets/dataset_cropped/10_Metas/06/07/20191006073900_00160.jpg,datasets_flow/dataset_cropped/10_Metas/06/07/20191006073900_00160.jpg,datasets_cloudmask/dataset_cropped/10_Metas/06/07/20191006073900_00160.png,53.4,154.2,39.4,16.8,961
10/6/2019 7:40,datasets/dataset_cropped/10_Metas/06/07/20191006074000_00160.jpg,datasets_flow/dataset_cropped/10_Metas/06/07/20191006074000_00160.jpg,datasets_cloudmask/dataset_cropped/10_Metas/06/07/20191006074000_00160.png,68,288.1,40.6,16.9,961
10/6/2019 7:41,datasets/dataset_cropped/10_Metas/06/07/20191006074100_00160.jpg,datasets_flow/dataset_cropped/10_Metas/06/07/20191006074100_00160.jpg,datasets_cloudmask/dataset_cropped/10_Metas/06/07/20191006074100_00160.png,75.1,345.7,40.9,17.1,961
10/6/2019 7:42,datasets/dataset_cropped/10_Metas/06/07/20191006074200_00160.jpg,datasets_flow/dataset_cropped/10_Metas/06/07/20191006074200_00160.jpg,datasets_cloudmask/dataset_cropped/10_Metas/06/07/20191006074200_00160.png,77.7,355.9,41.2,17.2,961
10/6/2019 7:43,datasets/dataset_cropped/10_Metas/06/07/20191006074300_00160.jpg,datasets_flow/dataset_cropped/10_Metas/06/07/20191006074300_00160.jpg,datasets_cloudmask/dataset_cropped/10_Metas/06/07/20191006074300_00160.png,80.2,364.5,41.6,17.4,961
10/6/2019 7:44,datasets/dataset_cropped/10_Metas/06/07/20191006074400_00160.jpg,datasets_flow/dataset_cropped/10_Metas/06/07/20191006074400_00160.jpg,datasets_cloudmask/dataset_cropped/10_Metas/06/07/20191006074400_00160.png,82.8,372.8,42.2,17.6,962
10/6/2019 7:45,datasets/dataset_cropped/10_Metas/06/07/20191006074500_00160.jpg,datasets_flow/dataset_cropped/10_Metas/06/07/20191006074500_00160.jpg,datasets_cloudmask/dataset_cropped/10_Metas/06/07/20191006074500_00160.png,84.9,379.4,42.1,17.8,961
10/6/2019 7:46,datasets/dataset_cropped/10_Metas/06/07/20191006074600_00160.jpg,datasets_flow/dataset_cropped/10_Metas/06/07/20191006074600_00160.jpg,datasets_cloudmask/dataset_cropped/10_Metas/06/07/20191006074600_00160.png,87.2,387,42.2,18,961
10/6/2019 7:47,datasets/dataset_cropped/10_Metas/06/07/20191006074700_00160.jpg,datasets_flow/dataset_cropped/10_Metas/06/07/20191006074700_00160.jpg,datasets_cloudmask/dataset_cropped/10_Metas/06/07/20191006074700_00160.png,89.4,394.6,42.2,18.2,961
10/6/2019 7:48,datasets/dataset_cropped/10_Metas/06/07/20191006074800_00160.jpg,datasets_flow/dataset_cropped/10_Metas/06/07/20191006074800_00160.jpg,datasets_cloudmask/dataset_cropped/10_Metas/06/07/20191006074800_00160.png,92,402.4,42.5,18.3,961
10/6/2019 7:49,datasets/dataset_cropped/10_Metas/06/07/20191006074900_00160.jpg,datasets_flow/dataset_cropped/10_Metas/06/07/20191006074900_00160.jpg,datasets_cloudmask/dataset_cropped/10_Metas/06/07/20191006074900_00160.png,94.4,408.8,42.6,18.5,961
10/6/2019 7:50,datasets/dataset_cropped/10_Metas/06/07/20191006075000_00160.jpg,datasets_flow/dataset_cropped/10_Metas/06/07/20191006075000_00160.jpg,datasets_cloudmask/dataset_cropped/10_Metas/06/07/20191006075000_00160.png,96.6,414.3,42.7,18.6,962
10/6/2019 7:51,datasets/dataset_cropped/10_Metas/06/07/20191006075100_00160.jpg,datasets_flow/dataset_cropped/10_Metas/06/07/20191006075100_00160.jpg,datasets_cloudmask/dataset_cropped/10_Metas/06/07/20191006075100_00160.png,99.4,422.6,43,18.8,961
10/6/2019 7:52,datasets/dataset_cropped/10_Metas/06/07/20191006075200_00160.jpg,datasets_flow/dataset_cropped/10_Metas/06/07/20191006075200_00160.jpg,datasets_cloudmask/dataset_cropped/10_Metas/06/07/20191006075200_00160.png,102.2,430,43.6,18.9,962
10/6/2019 7:53,datasets/dataset_cropped/10_Metas/06/07/20191006075300_00160.jpg,datasets_flow/dataset_cropped/10_Metas/06/07/20191006075300_00160.jpg,datasets_cloudmask/dataset_cropped/10_Metas/06/07/20191006075300_00160.png,105,437.1,44,19.1,962
10/6/2019 7:54,datasets/dataset_cropped/10_Metas/06/07/20191006075400_00160.jpg,datasets_flow/dataset_cropped/10_Metas/06/07/20191006075400_00160.jpg,datasets_cloudmask/dataset_cropped/10_Metas/06/07/20191006075400_00160.png,107.6,444,44.2,19.3,962
10/6/2019 7:55,datasets/dataset_cropped/10_Metas/06/07/20191006075500_00160.jpg,datasets_flow/dataset_cropped/10_Metas/06/07/20191006075500_00160.jpg,datasets_cloudmask/dataset_cropped/10_Metas/06/07/20191006075500_00160.png,110.2,450.6,44.1,19.5,962
10/6/2019 7:56,datasets/dataset_cropped/10_Metas/06/07/20191006075600_00160.jpg,datasets_flow/dataset_cropped/10_Metas/06/07/20191006075600_00160.jpg,datasets_cloudmask/dataset_cropped/10_Metas/06/07/20191006075600_00160.png,112.8,457.8,44,19.7,962
10/6/2019 7:57,datasets/dataset_cropped/10_Metas/06/07/20191006075700_00160.jpg,datasets_flow/dataset_cropped/10_Metas/06/07/20191006075700_00160.jpg,datasets_cloudmask/dataset_cropped/10_Metas/06/07/20191006075700_00160.png,115.5,464,44.1,19.8,962
10/6/2019 7:58,datasets/dataset_cropped/10_Metas/06/07/20191006075800_00160.jpg,datasets_flow/dataset_cropped/10_Metas/06/07/20191006075800_00160.jpg,datasets_cloudmask/dataset_cropped/10_Metas/06/07/20191006075800_00160.png,118.6,471.2,44.4,19.9,962
10/6/2019 7:59,datasets/dataset_cropped/10_Metas/06/07/20191006075900_00160.jpg,datasets_flow/dataset_cropped/10_Metas/06/07/20191006075900_00160.jpg,datasets_cloudmask/dataset_cropped/10_Metas/06/07/20191006075900_00160.png,121.5,477.7,44.5,19.8,962
10/6/2019 8:00,datasets/dataset_cropped/10_Metas/06/08/20191006080000_00160.jpg,datasets_flow/dataset_cropped/10_Metas/06/08/20191006080000_00160.jpg,datasets_cloudmask/dataset_cropped/10_Metas/06/08/20191006080000_00160.png,124.5,484,44.6,19.5,962
10/6/2019 8:01,datasets/dataset_cropped/10_Metas/06/08/20191006080100_00160.jpg,datasets_flow/dataset_cropped/10_Metas/06/08/20191006080100_00160.jpg,datasets_cloudmask/dataset_cropped/10_Metas/06/08/20191006080100_00160.png,127.3,489.4,45,19.4,962
10/6/2019 8:02,datasets/dataset_cropped/10_Metas/06/08/20191006080200_00160.jpg,datasets_flow/dataset_cropped/10_Metas/06/08/20191006080200_00160.jpg,datasets_cloudmask/dataset_cropped/10_Metas/06/08/20191006080200_00160.png,130,494.5,45.3,19.3,962
10/6/2019 8:03,datasets/dataset_cropped/10_Metas/06/08/20191006080300_00160.jpg,datasets_flow/dataset_cropped/10_Metas/06/08/20191006080300_00160.jpg,datasets_cloudmask/dataset_cropped/10_Metas/06/08/20191006080300_00160.png,133.1,500.7,45.6,19.2,962
10/6/2019 8:04,datasets/dataset_cropped/10_Metas/06/08/20191006080400_00160.jpg,datasets_flow/dataset_cropped/10_Metas/06/08/20191006080400_00160.jpg,datasets_cloudmask/dataset_cropped/10_Metas/06/08/20191006080400_00160.png,136.2,506.9,46,19.1,962
10/6/2019 8:05,datasets/dataset_cropped/10_Metas/06/08/20191006080500_00160.jpg,datasets_flow/dataset_cropped/10_Metas/06/08/20191006080500_00160.jpg,datasets_cloudmask/dataset_cropped/10_Metas/06/08/20191006080500_00160.png,139.3,513.3,46.2,18.8,962
10/6/2019 8:06,datasets/dataset_cropped/10_Metas/06/08/20191006080600_00160.jpg,datasets_flow/dataset_cropped/10_Metas/06/08/20191006080600_00160.jpg,datasets_cloudmask/dataset_cropped/10_Metas/06/08/20191006080600_00160.png,142.1,519.3,46.2,18.5,962
10/6/2019 8:07,datasets/dataset_cropped/10_Metas/06/08/20191006080700_00160.jpg,datasets_flow/dataset_cropped/10_Metas/06/08/20191006080700_00160.jpg,datasets_cloudmask/dataset_cropped/10_Metas/06/08/20191006080700_00160.png,145.1,525.1,46.2,18.5,962
10/6/2019 8:08,datasets/dataset_cropped/10_Metas/06/08/20191006080800_00160.jpg,datasets_flow/dataset_cropped/10_Metas/06/08/20191006080800_00160.jpg,datasets_cloudmask/dataset_cropped/10_Metas/06/08/20191006080800_00160.png,148,529.6,46.4,18.5,962
10/6/2019 8:09,datasets/dataset_cropped/10_Metas/06/08/20191006080900_00160.jpg,datasets_flow/dataset_cropped/10_Metas/06/08/20191006080900_00160.jpg,datasets_cloudmask/dataset_cropped/10_Metas/06/08/20191006080900_00160.png,151.1,534.6,46.6,18.5,962
10/6/2019 8:10,datasets/dataset_cropped/10_Metas/06/08/20191006081000_00160.jpg,datasets_flow/dataset_cropped/10_Metas/06/08/20191006081000_00160.jpg,datasets_cloudmask/dataset_cropped/10_Metas/06/08/20191006081000_00160.png,154.1,539.5,47,18.6,962
10/6/2019 8:11,datasets/dataset_cropped/10_Metas/06/08/20191006081100_00160.jpg,datasets_flow/dataset_cropped/10_Metas/06/08/20191006081100_00160.jpg,datasets_cloudmask/dataset_cropped/10_Metas/06/08/20191006081100_00160.png,157.4,544.8,47.4,18.7,962
10/6/2019 8:12,datasets/dataset_cropped/10_Metas/06/08/20191006081200_00160.jpg,datasets_flow/dataset_cropped/10_Metas/06/08/20191006081200_00160.jpg,datasets_cloudmask/dataset_cropped/10_Metas/06/08/20191006081200_00160.png,160.6,550.1,47.8,18.8,962
10/6/2019 8:13,datasets/dataset_cropped/10_Metas/06/08/20191006081300_00160.jpg,datasets_flow/dataset_cropped/10_Metas/06/08/20191006081300_00160.jpg,datasets_cloudmask/dataset_cropped/10_Metas/06/08/20191006081300_00160.png,163.9,556.4,48.1,18.9,962
10/6/2019 8:14,datasets/dataset_cropped/10_Metas/06/08/20191006081400_00160.jpg,datasets_flow/dataset_cropped/10_Metas/06/08/20191006081400_00160.jpg,datasets_cloudmask/dataset_cropped/10_Metas/06/08/20191006081400_00160.png,167.1,562,48.4,18.9,962
10/6/2019 8:15,datasets/dataset_cropped/10_Metas/06/08/20191006081500_00160.jpg,datasets_flow/dataset_cropped/10_Metas/06/08/20191006081500_00160.jpg,datasets_cloudmask/dataset_cropped/10_Metas/06/08/20191006081500_00160.png,170.1,566.9,48.6,18.8,962
10/6/2019 8:16,datasets/dataset_cropped/10_Metas/06/08/20191006081600_00160.jpg,datasets_flow/dataset_cropped/10_Metas/06/08/20191006081600_00160.jpg,datasets_cloudmask/dataset_cropped/10_Metas/06/08/20191006081600_00160.png,173,571.3,48.8,18.8,962
10/6/2019 8:17,datasets/dataset_cropped/10_Metas/06/08/20191006081700_00160.jpg,datasets_flow/dataset_cropped/10_Metas/06/08/20191006081700_00160.jpg,datasets_cloudmask/dataset_cropped/10_Metas/06/08/20191006081700_00160.png,176,575.8,48.9,18.8,962
10/6/2019 8:18,datasets/dataset_cropped/10_Metas/06/08/20191006081800_00160.jpg,datasets_flow/dataset_cropped/10_Metas/06/08/20191006081800_00160.jpg,datasets_cloudmask/dataset_cropped/10_Metas/06/08/20191006081800_00160.png,179.1,581,49,18.8,962
10/6/2019 8:19,datasets/dataset_cropped/10_Metas/06/08/20191006081900_00160.jpg,datasets_flow/dataset_cropped/10_Metas/06/08/20191006081900_00160.jpg,datasets_cloudmask/dataset_cropped/10_Metas/06/08/20191006081900_00160.png,182.5,587,49,18.6,962
10/6/2019 8:20,datasets/dataset_cropped/10_Metas/06/08/20191006082000_00160.jpg,datasets_flow/dataset_cropped/10_Metas/06/08/20191006082000_00160.jpg,datasets_cloudmask/dataset_cropped/10_Metas/06/08/20191006082000_00160.png,186.2,594.3,49.1,18.5,962
10/6/2019 8:21,datasets/dataset_cropped/10_Metas/06/08/20191006082100_00160.jpg,datasets_flow/dataset_cropped/10_Metas/06/08/20191006082100_00160.jpg,datasets_cloudmask/dataset_cropped/10_Metas/06/08/20191006082100_00160.png,179.9,559.1,49.1,18.4,962
10/6/2019 8:22,datasets/dataset_cropped/10_Metas/06/08/20191006082200_00160.jpg,datasets_flow/dataset_cropped/10_Metas/06/08/20191006082200_00160.jpg,datasets_cloudmask/dataset_cropped/10_Metas/06/08/20191006082200_00160.png,169.6,505.9,49.4,18.4,962
10/6/2019 8:23,datasets/dataset_cropped/10_Metas/06/08/20191006082300_00160.jpg,datasets_flow/dataset_cropped/10_Metas/06/08/20191006082300_00160.jpg,datasets_cloudmask/dataset_cropped/10_Metas/06/08/20191006082300_00160.png,194.2,598.1,50.1,18.4,962
10/6/2019 8:24,datasets/dataset_cropped/10_Metas/06/08/20191006082400_00160.jpg,datasets_flow/dataset_cropped/10_Metas/06/08/20191006082400_00160.jpg,datasets_cloudmask/dataset_cropped/10_Metas/06/08/20191006082400_00160.png,198.4,605.5,50.5,18.4,962
10/6/2019 8:25,datasets/dataset_cropped/10_Metas/06/08/20191006082500_00160.jpg,datasets_flow/dataset_cropped/10_Metas/06/08/20191006082500_00160.jpg,datasets_cloudmask/dataset_cropped/10_Metas/06/08/20191006082500_00160.png,202.3,611.9,50.8,18.4,962
10/6/2019 8:26,datasets/dataset_cropped/10_Metas/06/08/20191006082600_00160.jpg,datasets_flow/dataset_cropped/10_Metas/06/08/20191006082600_00160.jpg,datasets_cloudmask/dataset_cropped/10_Metas/06/08/20191006082600_00160.png,205.3,614.5,51.1,18.4,962
10/6/2019 8:27,datasets/dataset_cropped/10_Metas/06/08/20191006082700_00160.jpg,datasets_flow/dataset_cropped/10_Metas/06/08/20191006082700_00160.jpg,datasets_cloudmask/dataset_cropped/10_Metas/06/08/20191006082700_00160.png,208.8,618.6,51.5,18.6,962
10/6/2019 8:28,datasets/dataset_cropped/10_Metas/06/08/20191006082800_00160.jpg,datasets_flow/dataset_cropped/10_Metas/06/08/20191006082800_00160.jpg,datasets_cloudmask/dataset_cropped/10_Metas/06/08/20191006082800_00160.png,212.2,622.6,51.9,18.7,962
10/6/2019 8:29,datasets/dataset_cropped/10_Metas/06/08/20191006082900_00160.jpg,datasets_flow/dataset_cropped/10_Metas/06/08/20191006082900_00160.jpg,datasets_cloudmask/dataset_cropped/10_Metas/06/08/20191006082900_00160.png,215.7,627.1,52.2,18.9,962
10/6/2019 8:30,datasets/dataset_cropped/10_Metas/06/08/20191006083000_00160.jpg,datasets_flow/dataset_cropped/10_Metas/06/08/20191006083000_00160.jpg,datasets_cloudmask/dataset_cropped/10_Metas/06/08/20191006083000_00160.png,219,631.3,52.4,19,962
10/6/2019 8:31,datasets/dataset_cropped/10_Metas/06/08/20191006083100_00160.jpg,datasets_flow/dataset_cropped/10_Metas/06/08/20191006083100_00160.jpg,datasets_cloudmask/dataset_cropped/10_Metas/06/08/20191006083100_00160.png,222.4,635.1,52.7,19,962
10/6/2019 8:32,datasets/dataset_cropped/10_Metas/06/08/20191006083200_00160.jpg,datasets_flow/dataset_cropped/10_Metas/06/08/20191006083200_00160.jpg,datasets_cloudmask/dataset_cropped/10_Metas/06/08/20191006083200_00160.png,225.7,638.8,53,19.1,962
10/6/2019 8:33,datasets/dataset_cropped/10_Metas/06/08/20191006083300_00160.jpg,datasets_flow/dataset_cropped/10_Metas/06/08/20191006083300_00160.jpg,datasets_cloudmask/dataset_cropped/10_Metas/06/08/20191006083300_00160.png,229.3,642.9,53.4,19.2,962
10/6/2019 8:34,datasets/dataset_cropped/10_Metas/06/08/20191006083400_00160.jpg,datasets_flow/dataset_cropped/10_Metas/06/08/20191006083400_00160.jpg,datasets_cloudmask/dataset_cropped/10_Metas/06/08/20191006083400_00160.png,232.8,647.6,53.7,19.2,962
10/6/2019 8:35,datasets/dataset_cropped/10_Metas/06/08/20191006083500_00160.jpg,datasets_flow/dataset_cropped/10_Metas/06/08/20191006083500_00160.jpg,datasets_cloudmask/dataset_cropped/10_Metas/06/08/20191006083500_00160.png,236.4,651.8,54,19.1,962
10/6/2019 8:36,datasets/dataset_cropped/10_Metas/06/08/20191006083600_00160.jpg,datasets_flow/dataset_cropped/10_Metas/06/08/20191006083600_00160.jpg,datasets_cloudmask/dataset_cropped/10_Metas/06/08/20191006083600_00160.png,239.9,655.7,54.2,19.2,962
10/6/2019 8:37,datasets/dataset_cropped/10_Metas/06/08/20191006083700_00160.jpg,datasets_flow/dataset_cropped/10_Metas/06/08/20191006083700_00160.jpg,datasets_cloudmask/dataset_cropped/10_Metas/06/08/20191006083700_00160.png,243.7,660.7,54.5,19.2,962
10/6/2019 8:38,datasets/dataset_cropped/10_Metas/06/08/20191006083800_00160.jpg,datasets_flow/dataset_cropped/10_Metas/06/08/20191006083800_00160.jpg,datasets_cloudmask/dataset_cropped/10_Metas/06/08/20191006083800_00160.png,247,664.2,54.9,19.3,962
10/6/2019 8:39,datasets/dataset_cropped/10_Metas/06/08/20191006083900_00160.jpg,datasets_flow/dataset_cropped/10_Metas/06/08/20191006083900_00160.jpg,datasets_cloudmask/dataset_cropped/10_Metas/06/08/20191006083900_00160.png,250.2,667.3,55.1,19.4,962
10/6/2019 8:40,datasets/dataset_cropped/10_Metas/06/08/20191006084000_00160.jpg,datasets_flow/dataset_cropped/10_Metas/06/08/20191006084000_00160.jpg,datasets_cloudmask/dataset_cropped/10_Metas/06/08/20191006084000_00160.png,253.5,670.8,55.4,19.4,962
10/6/2019 8:41,datasets/dataset_cropped/10_Metas/06/08/20191006084100_00160.jpg,datasets_flow/dataset_cropped/10_Metas/06/08/20191006084100_00160.jpg,datasets_cloudmask/dataset_cropped/10_Metas/06/08/20191006084100_00160.png,257,674.3,55.6,19.6,962
10/6/2019 8:42,datasets/dataset_cropped/10_Metas/06/08/20191006084200_00160.jpg,datasets_flow/dataset_cropped/10_Metas/06/08/20191006084200_00160.jpg,datasets_cloudmask/dataset_cropped/10_Metas/06/08/20191006084200_00160.png,260.4,678.1,56,19.8,962
10/6/2019 8:43,datasets/dataset_cropped/10_Metas/06/08/20191006084300_00160.jpg,datasets_flow/dataset_cropped/10_Metas/06/08/20191006084300_00160.jpg,datasets_cloudmask/dataset_cropped/10_Metas/06/08/20191006084300_00160.png,264.2,682.4,56.4,20,962
10/6/2019 8:44,datasets/dataset_cropped/10_Metas/06/08/20191006084400_00160.jpg,datasets_flow/dataset_cropped/10_Metas/06/08/20191006084400_00160.jpg,datasets_cloudmask/dataset_cropped/10_Metas/06/08/20191006084400_00160.png,267.7,685.8,56.6,20.2,962
10/6/2019 8:45,datasets/dataset_cropped/10_Metas/06/08/20191006084500_00160.jpg,datasets_flow/dataset_cropped/10_Metas/06/08/20191006084500_00160.jpg,datasets_cloudmask/dataset_cropped/10_Metas/06/08/20191006084500_00160.png,271.1,688.5,57,20.4,962
10/6/2019 8:46,datasets/dataset_cropped/10_Metas/06/08/20191006084600_00160.jpg,datasets_flow/dataset_cropped/10_Metas/06/08/20191006084600_00160.jpg,datasets_cloudmask/dataset_cropped/10_Metas/06/08/20191006084600_00160.png,274.2,691.4,57.3,20.6,962
10/6/2019 8:47,datasets/dataset_cropped/10_Metas/06/08/20191006084700_00160.jpg,datasets_flow/dataset_cropped/10_Metas/06/08/20191006084700_00160.jpg,datasets_cloudmask/dataset_cropped/10_Metas/06/08/20191006084700_00160.png,277.5,694.7,57.6,20.6,962
10/6/2019 8:48,datasets/dataset_cropped/10_Metas/06/08/20191006084800_00160.jpg,datasets_flow/dataset_cropped/10_Metas/06/08/20191006084800_00160.jpg,datasets_cloudmask/dataset_cropped/10_Metas/06/08/20191006084800_00160.png,280.9,697.6,57.9,20.7,962
10/6/2019 8:49,datasets/dataset_cropped/10_Metas/06/08/20191006084900_00160.jpg,datasets_flow/dataset_cropped/10_Metas/06/08/20191006084900_00160.jpg,datasets_cloudmask/dataset_cropped/10_Metas/06/08/20191006084900_00160.png,284.2,700.5,58.1,20.9,962
10/6/2019 8:50,datasets/dataset_cropped/10_Metas/06/08/20191006085000_00160.jpg,datasets_flow/dataset_cropped/10_Metas/06/08/20191006085000_00160.jpg,datasets_cloudmask/dataset_cropped/10_Metas/06/08/20191006085000_00160.png,287.5,703.3,58.2,21,962
10/6/2019 8:51,datasets/dataset_cropped/10_Metas/06/08/20191006085100_00160.jpg,datasets_flow/dataset_cropped/10_Metas/06/08/20191006085100_00160.jpg,datasets_cloudmask/dataset_cropped/10_Metas/06/08/20191006085100_00160.png,290.8,706.5,58.3,21.2,962
10/6/2019 8:52,datasets/dataset_cropped/10_Metas/06/08/20191006085200_00160.jpg,datasets_flow/dataset_cropped/10_Metas/06/08/20191006085200_00160.jpg,datasets_cloudmask/dataset_cropped/10_Metas/06/08/20191006085200_00160.png,294.2,709.3,58.5,21.4,962
10/6/2019 8:53,datasets/dataset_cropped/10_Metas/06/08/20191006085300_00160.jpg,datasets_flow/dataset_cropped/10_Metas/06/08/20191006085300_00160.jpg,datasets_cloudmask/dataset_cropped/10_Metas/06/08/20191006085300_00160.png,297.5,711.5,58.8,21.6,962
10/6/2019 8:54,datasets/dataset_cropped/10_Metas/06/08/20191006085400_00160.jpg,datasets_flow/dataset_cropped/10_Metas/06/08/20191006085400_00160.jpg,datasets_cloudmask/dataset_cropped/10_Metas/06/08/20191006085400_00160.png,300.7,713.6,59.1,21.7,962
10/6/2019 8:55,datasets/dataset_cropped/10_Metas/06/08/20191006085500_00160.jpg,datasets_flow/dataset_cropped/10_Metas/06/08/20191006085500_00160.jpg,datasets_cloudmask/dataset_cropped/10_Metas/06/08/20191006085500_00160.png,304.2,716.8,59.4,21.7,962
10/6/2019 8:56,datasets/dataset_cropped/10_Metas/06/08/20191006085600_00160.jpg,datasets_flow/dataset_cropped/10_Metas/06/08/20191006085600_00160.jpg,datasets_cloudmask/dataset_cropped/10_Metas/06/08/20191006085600_00160.png,307.7,719.4,59.8,21.6,962
10/6/2019 8:57,datasets/dataset_cropped/10_Metas/06/08/20191006085700_00160.jpg,datasets_flow/dataset_cropped/10_Metas/06/08/20191006085700_00160.jpg,datasets_cloudmask/dataset_cropped/10_Metas/06/08/20191006085700_00160.png,311.2,722.5,60,21.6,962
10/6/2019 8:58,datasets/dataset_cropped/10_Metas/06/08/20191006085800_00160.jpg,datasets_flow/dataset_cropped/10_Metas/06/08/20191006085800_00160.jpg,datasets_cloudmask/dataset_cropped/10_Metas/06/08/20191006085800_00160.png,314.8,726.1,60.2,21.6,962
10/6/2019 8:59,datasets/dataset_cropped/10_Metas/06/08/20191006085900_00160.jpg,datasets_flow/dataset_cropped/10_Metas/06/08/20191006085900_00160.jpg,datasets_cloudmask/dataset_cropped/10_Metas/06/08/20191006085900_00160.png,318.3,728.7,60.5,21.6,962
10/6/2019 9:00,datasets/dataset_cropped/10_Metas/06/09/20191006090000_00160.jpg,datasets_flow/dataset_cropped/10_Metas/06/09/20191006090000_00160.jpg,datasets_cloudmask/dataset_cropped/10_Metas/06/09/20191006090000_00160.png,321.7,731.9,60.7,21.7,962
10/6/2019 9:01,datasets/dataset_cropped/10_Metas/06/09/20191006090100_00160.jpg,datasets_flow/dataset_cropped/10_Metas/06/09/20191006090100_00160.jpg,datasets_cloudmask/dataset_cropped/10_Metas/06/09/20191006090100_00160.png,325.3,734.7,60.9,21.8,962
10/6/2019 9:02,datasets/dataset_cropped/10_Metas/06/09/20191006090200_00160.jpg,datasets_flow/dataset_cropped/10_Metas/06/09/20191006090200_00160.jpg,datasets_cloudmask/dataset_cropped/10_Metas/06/09/20191006090200_00160.png,328.5,737.4,61.1,22,962
10/6/2019 9:03,datasets/dataset_cropped/10_Metas/06/09/20191006090300_00160.jpg,datasets_flow/dataset_cropped/10_Metas/06/09/20191006090300_00160.jpg,datasets_cloudmask/dataset_cropped/10_Metas/06/09/20191006090300_00160.png,331.8,739.7,61.3,22.1,962
10/6/2019 9:04,datasets/dataset_cropped/10_Metas/06/09/20191006090400_00160.jpg,datasets_flow/dataset_cropped/10_Metas/06/09/20191006090400_00160.jpg,datasets_cloudmask/dataset_cropped/10_Metas/06/09/20191006090400_00160.png,335.3,743,61.5,22.1,962
10/6/2019 9:05,datasets/dataset_cropped/10_Metas/06/09/20191006090500_00160.jpg,datasets_flow/dataset_cropped/10_Metas/06/09/20191006090500_00160.jpg,datasets_cloudmask/dataset_cropped/10_Metas/06/09/20191006090500_00160.png,338.9,746.3,61.7,22.2,962
10/6/2019 9:06,datasets/dataset_cropped/10_Metas/06/09/20191006090600_00160.jpg,datasets_flow/dataset_cropped/10_Metas/06/09/20191006090600_00160.jpg,datasets_cloudmask/dataset_cropped/10_Metas/06/09/20191006090600_00160.png,342.4,749.2,61.9,22.5,962
10/6/2019 9:07,datasets/dataset_cropped/10_Metas/06/09/20191006090700_00160.jpg,datasets_flow/dataset_cropped/10_Metas/06/09/20191006090700_00160.jpg,datasets_cloudmask/dataset_cropped/10_Metas/06/09/20191006090700_00160.png,345.8,751.7,62.1,22.7,962
10/6/2019 9:08,datasets/dataset_cropped/10_Metas/06/09/20191006090800_00160.jpg,datasets_flow/dataset_cropped/10_Metas/06/09/20191006090800_00160.jpg,datasets_cloudmask/dataset_cropped/10_Metas/06/09/20191006090800_00160.png,349.2,753.9,62.3,22.9,962
10/6/2019 9:09,datasets/dataset_cropped/10_Metas/06/09/20191006090900_00160.jpg,datasets_flow/dataset_cropped/10_Metas/06/09/20191006090900_00160.jpg,datasets_cloudmask/dataset_cropped/10_Metas/06/09/20191006090900_00160.png,352.4,756.2,62.5,23.2,962
10/6/2019 9:10,datasets/dataset_cropped/10_Metas/06/09/20191006091000_00160.jpg,datasets_flow/dataset_cropped/10_Metas/06/09/20191006091000_00160.jpg,datasets_cloudmask/dataset_cropped/10_Metas/06/09/20191006091000_00160.png,355.5,758.1,62.8,23.4,962
10/6/2019 9:11,datasets/dataset_cropped/10_Metas/06/09/20191006091100_00160.jpg,datasets_flow/dataset_cropped/10_Metas/06/09/20191006091100_00160.jpg,datasets_cloudmask/dataset_cropped/10_Metas/06/09/20191006091100_00160.png,358.5,759.2,63.2,23.5,962
10/6/2019 9:12,datasets/dataset_cropped/10_Metas/06/09/20191006091200_00160.jpg,datasets_flow/dataset_cropped/10_Metas/06/09/20191006091200_00160.jpg,datasets_cloudmask/dataset_cropped/10_Metas/06/09/20191006091200_00160.png,361.8,761.6,63.2,23.7,962
10/6/2019 9:13,datasets/dataset_cropped/10_Metas/06/09/20191006091300_00160.jpg,datasets_flow/dataset_cropped/10_Metas/06/09/20191006091300_00160.jpg,datasets_cloudmask/dataset_cropped/10_Metas/06/09/20191006091300_00160.png,364.9,763.7,63.4,24,962
10/6/2019 9:14,datasets/dataset_cropped/10_Metas/06/09/20191006091400_00160.jpg,datasets_flow/dataset_cropped/10_Metas/06/09/20191006091400_00160.jpg,datasets_cloudmask/dataset_cropped/10_Metas/06/09/20191006091400_00160.png,368.4,766.8,63.4,24.1,962
10/6/2019 9:15,datasets/dataset_cropped/10_Metas/06/09/20191006091500_00160.jpg,datasets_flow/dataset_cropped/10_Metas/06/09/20191006091500_00160.jpg,datasets_cloudmask/dataset_cropped/10_Metas/06/09/20191006091500_00160.png,371.9,769.8,63.5,24.2,962
10/6/2019 9:16,datasets/dataset_cropped/10_Metas/06/09/20191006091600_00160.jpg,datasets_flow/dataset_cropped/10_Metas/06/09/20191006091600_00160.jpg,datasets_cloudmask/dataset_cropped/10_Metas/06/09/20191006091600_00160.png,375.5,772.7,63.9,24.4,962
10/6/2019 9:17,datasets/dataset_cropped/10_Metas/06/09/20191006091700_00160.jpg,datasets_flow/dataset_cropped/10_Metas/06/09/20191006091700_00160.jpg,datasets_cloudmask/dataset_cropped/10_Metas/06/09/20191006091700_00160.png,379,775.4,64.1,24.4,962
10/6/2019 9:18,datasets/dataset_cropped/10_Metas/06/09/20191006091800_00160.jpg,datasets_flow/dataset_cropped/10_Metas/06/09/20191006091800_00160.jpg,datasets_cloudmask/dataset_cropped/10_Metas/06/09/20191006091800_00160.png,382.3,777.7,64,24.4,962
10/6/2019 9:19,datasets/dataset_cropped/10_Metas/06/09/20191006091900_00160.jpg,datasets_flow/dataset_cropped/10_Metas/06/09/20191006091900_00160.jpg,datasets_cloudmask/dataset_cropped/10_Metas/06/09/20191006091900_00160.png,385.6,779.7,64,24.2,962
10/6/2019 9:20,datasets/dataset_cropped/10_Metas/06/09/20191006092000_00160.jpg,datasets_flow/dataset_cropped/10_Metas/06/09/20191006092000_00160.jpg,datasets_cloudmask/dataset_cropped/10_Metas/06/09/20191006092000_00160.png,389,782,64.2,24,962
10/6/2019 9:21,datasets/dataset_cropped/10_Metas/06/09/20191006092100_00160.jpg,datasets_flow/dataset_cropped/10_Metas/06/09/20191006092100_00160.jpg,datasets_cloudmask/dataset_cropped/10_Metas/06/09/20191006092100_00160.png,392.2,783.9,64.3,24,962
10/6/2019 9:22,datasets/dataset_cropped/10_Metas/06/09/20191006092200_00160.jpg,datasets_flow/dataset_cropped/10_Metas/06/09/20191006092200_00160.jpg,datasets_cloudmask/dataset_cropped/10_Metas/06/09/20191006092200_00160.png,395.4,785.8,64.8,24.1,962
10/6/2019 9:23,datasets/dataset_cropped/10_Metas/06/09/20191006092300_00160.jpg,datasets_flow/dataset_cropped/10_Metas/06/09/20191006092300_00160.jpg,datasets_cloudmask/dataset_cropped/10_Metas/06/09/20191006092300_00160.png,398.7,788,64.9,24.3,962
10/6/2019 9:24,datasets/dataset_cropped/10_Metas/06/09/20191006092400_00160.jpg,datasets_flow/dataset_cropped/10_Metas/06/09/20191006092400_00160.jpg,datasets_cloudmask/dataset_cropped/10_Metas/06/09/20191006092400_00160.png,401.9,789.6,65.3,24.4,962
10/6/2019 9:25,datasets/dataset_cropped/10_Metas/06/09/20191006092500_00160.jpg,datasets_flow/dataset_cropped/10_Metas/06/09/20191006092500_00160.jpg,datasets_cloudmask/dataset_cropped/10_Metas/06/09/20191006092500_00160.png,404.9,790.9,65.4,24.4,962
10/6/2019 9:26,datasets/dataset_cropped/10_Metas/06/09/20191006092600_00160.jpg,datasets_flow/dataset_cropped/10_Metas/06/09/20191006092600_00160.jpg,datasets_cloudmask/dataset_cropped/10_Metas/06/09/20191006092600_00160.png,408.1,792.4,65.5,24.4,962
10/6/2019 9:27,datasets/dataset_cropped/10_Metas/06/09/20191006092700_00160.jpg,datasets_flow/dataset_cropped/10_Metas/06/09/20191006092700_00160.jpg,datasets_cloudmask/dataset_cropped/10_Metas/06/09/20191006092700_00160.png,411.4,794.3,65.8,24.4,962
10/6/2019 9:28,datasets/dataset_cropped/10_Metas/06/09/20191006092800_00160.jpg,datasets_flow/dataset_cropped/10_Metas/06/09/20191006092800_00160.jpg,datasets_cloudmask/dataset_cropped/10_Metas/06/09/20191006092800_00160.png,414.7,796.1,66,24.5,962
10/6/2019 9:29,datasets/dataset_cropped/10_Metas/06/09/20191006092900_00160.jpg,datasets_flow/dataset_cropped/10_Metas/06/09/20191006092900_00160.jpg,datasets_cloudmask/dataset_cropped/10_Metas/06/09/20191006092900_00160.png,417.9,797.8,66.2,24.5,962
10/6/2019 9:30,datasets/dataset_cropped/10_Metas/06/09/20191006093000_00160.jpg,datasets_flow/dataset_cropped/10_Metas/06/09/20191006093000_00160.jpg,datasets_cloudmask/dataset_cropped/10_Metas/06/09/20191006093000_00160.png,420.7,799,66.3,24.4,962
10/6/2019 9:31,datasets/dataset_cropped/10_Metas/06/09/20191006093100_00160.jpg,datasets_flow/dataset_cropped/10_Metas/06/09/20191006093100_00160.jpg,datasets_cloudmask/dataset_cropped/10_Metas/06/09/20191006093100_00160.png,423.7,800,66.5,24.6,962
10/6/2019 9:32,datasets/dataset_cropped/10_Metas/06/09/20191006093200_00160.jpg,datasets_flow/dataset_cropped/10_Metas/06/09/20191006093200_00160.jpg,datasets_cloudmask/dataset_cropped/10_Metas/06/09/20191006093200_00160.png,426.8,801,66.7,24.7,962
10/6/2019 9:33,datasets/dataset_cropped/10_Metas/06/09/20191006093300_00160.jpg,datasets_flow/dataset_cropped/10_Metas/06/09/20191006093300_00160.jpg,datasets_cloudmask/dataset_cropped/10_Metas/06/09/20191006093300_00160.png,429.8,803,66.8,24.7,962
10/6/2019 9:34,datasets/dataset_cropped/10_Metas/06/09/20191006093400_00160.jpg,datasets_flow/dataset_cropped/10_Metas/06/09/20191006093400_00160.jpg,datasets_cloudmask/dataset_cropped/10_Metas/06/09/20191006093400_00160.png,432.7,804,66.9,24.7,962
10/6/2019 9:35,datasets/dataset_cropped/10_Metas/06/09/20191006093500_00160.jpg,datasets_flow/dataset_cropped/10_Metas/06/09/20191006093500_00160.jpg,datasets_cloudmask/dataset_cropped/10_Metas/06/09/20191006093500_00160.png,435.7,806,67.1,24.8,962
10/6/2019 9:36,datasets/dataset_cropped/10_Metas/06/09/20191006093600_00160.jpg,datasets_flow/dataset_cropped/10_Metas/06/09/20191006093600_00160.jpg,datasets_cloudmask/dataset_cropped/10_Metas/06/09/20191006093600_00160.png,438.7,807,67.3,24.9,962
10/6/2019 9:37,datasets/dataset_cropped/10_Metas/06/09/20191006093700_00160.jpg,datasets_flow/dataset_cropped/10_Metas/06/09/20191006093700_00160.jpg,datasets_cloudmask/dataset_cropped/10_Metas/06/09/20191006093700_00160.png,441.7,809,67.5,25,962
10/6/2019 9:38,datasets/dataset_cropped/10_Metas/06/09/20191006093800_00160.jpg,datasets_flow/dataset_cropped/10_Metas/06/09/20191006093800_00160.jpg,datasets_cloudmask/dataset_cropped/10_Metas/06/09/20191006093800_00160.png,444.8,810,67.6,25,962
10/6/2019 9:39,datasets/dataset_cropped/10_Metas/06/09/20191006093900_00160.jpg,datasets_flow/dataset_cropped/10_Metas/06/09/20191006093900_00160.jpg,datasets_cloudmask/dataset_cropped/10_Metas/06/09/20191006093900_00160.png,448.3,813,67.7,24.9,963
10/6/2019 9:40,datasets/dataset_cropped/10_Metas/06/09/20191006094000_00160.jpg,datasets_flow/dataset_cropped/10_Metas/06/09/20191006094000_00160.jpg,datasets_cloudmask/dataset_cropped/10_Metas/06/09/20191006094000_00160.png,451.4,814,68,25,962
10/6/2019 9:41,datasets/dataset_cropped/10_Metas/06/09/20191006094100_00160.jpg,datasets_flow/dataset_cropped/10_Metas/06/09/20191006094100_00160.jpg,datasets_cloudmask/dataset_cropped/10_Metas/06/09/20191006094100_00160.png,454.6,816,68.1,25,962
10/6/2019 9:42,datasets/dataset_cropped/10_Metas/06/09/20191006094200_00160.jpg,datasets_flow/dataset_cropped/10_Metas/06/09/20191006094200_00160.jpg,datasets_cloudmask/dataset_cropped/10_Metas/06/09/20191006094200_00160.png,457.7,818,68.2,24.9,963
10/6/2019 9:43,datasets/dataset_cropped/10_Metas/06/09/20191006094300_00160.jpg,datasets_flow/dataset_cropped/10_Metas/06/09/20191006094300_00160.jpg,datasets_cloudmask/dataset_cropped/10_Metas/06/09/20191006094300_00160.png,460.7,820,68.1,24.9,963
10/6/2019 9:44,datasets/dataset_cropped/10_Metas/06/09/20191006094400_00160.jpg,datasets_flow/dataset_cropped/10_Metas/06/09/20191006094400_00160.jpg,datasets_cloudmask/dataset_cropped/10_Metas/06/09/20191006094400_00160.png,464,822,68.2,24.9,962
10/6/2019 9:45,datasets/dataset_cropped/10_Metas/06/09/20191006094500_00160.jpg,datasets_flow/dataset_cropped/10_Metas/06/09/20191006094500_00160.jpg,datasets_cloudmask/dataset_cropped/10_Metas/06/09/20191006094500_00160.png,467.7,825,68.4,25.1,962
10/6/2019 9:46,datasets/dataset_cropped/10_Metas/06/09/20191006094600_00160.jpg,datasets_flow/dataset_cropped/10_Metas/06/09/20191006094600_00160.jpg,datasets_cloudmask/dataset_cropped/10_Metas/06/09/20191006094600_00160.png,470.9,827,68.3,25.4,963
10/6/2019 9:47,datasets/dataset_cropped/10_Metas/06/09/20191006094700_00160.jpg,datasets_flow/dataset_cropped/10_Metas/06/09/20191006094700_00160.jpg,datasets_cloudmask/dataset_cropped/10_Metas/06/09/20191006094700_00160.png,474.2,829,68.5,25.6,963
10/6/2019 9:48,datasets/dataset_cropped/10_Metas/06/09/20191006094800_00160.jpg,datasets_flow/dataset_cropped/10_Metas/06/09/20191006094800_00160.jpg,datasets_cloudmask/dataset_cropped/10_Metas/06/09/20191006094800_00160.png,477.2,830,68.7,25.8,963
10/6/2019 9:49,datasets/dataset_cropped/10_Metas/06/09/20191006094900_00160.jpg,datasets_flow/dataset_cropped/10_Metas/06/09/20191006094900_00160.jpg,datasets_cloudmask/dataset_cropped/10_Metas/06/09/20191006094900_00160.png,479.7,831,68.9,25.9,963
10/6/2019 9:50,datasets/dataset_cropped/10_Metas/06/09/20191006095000_00160.jpg,datasets_flow/dataset_cropped/10_Metas/06/09/20191006095000_00160.jpg,datasets_cloudmask/dataset_cropped/10_Metas/06/09/20191006095000_00160.png,482.4,831,69,26.3,963
10/6/2019 9:51,datasets/dataset_cropped/10_Metas/06/09/20191006095100_00160.jpg,datasets_flow/dataset_cropped/10_Metas/06/09/20191006095100_00160.jpg,datasets_cloudmask/dataset_cropped/10_Metas/06/09/20191006095100_00160.png,485.2,833,69,26.4,963
10/6/2019 9:52,datasets/dataset_cropped/10_Metas/06/09/20191006095200_00160.jpg,datasets_flow/dataset_cropped/10_Metas/06/09/20191006095200_00160.jpg,datasets_cloudmask/dataset_cropped/10_Metas/06/09/20191006095200_00160.png,488,834,69.2,26.4,963
10/6/2019 9:53,datasets/dataset_cropped/10_Metas/06/09/20191006095300_00160.jpg,datasets_flow/dataset_cropped/10_Metas/06/09/20191006095300_00160.jpg,datasets_cloudmask/dataset_cropped/10_Metas/06/09/20191006095300_00160.png,490.7,835,69.5,26.3,963
10/6/2019 9:54,datasets/dataset_cropped/10_Metas/06/09/20191006095400_00160.jpg,datasets_flow/dataset_cropped/10_Metas/06/09/20191006095400_00160.jpg,datasets_cloudmask/dataset_cropped/10_Metas/06/09/20191006095400_00160.png,493.6,835,70,26,962
10/6/2019 9:55,datasets/dataset_cropped/10_Metas/06/09/20191006095500_00160.jpg,datasets_flow/dataset_cropped/10_Metas/06/09/20191006095500_00160.jpg,datasets_cloudmask/dataset_cropped/10_Metas/06/09/20191006095500_00160.png,496.5,836,70.2,26,962
10/6/2019 9:56,datasets/dataset_cropped/10_Metas/06/09/20191006095600_00160.jpg,datasets_flow/dataset_cropped/10_Metas/06/09/20191006095600_00160.jpg,datasets_cloudmask/dataset_cropped/10_Metas/06/09/20191006095600_00160.png,499.6,838,70,26.1,963
10/6/2019 9:57,datasets/dataset_cropped/10_Metas/06/09/20191006095700_00160.jpg,datasets_flow/dataset_cropped/10_Metas/06/09/20191006095700_00160.jpg,datasets_cloudmask/dataset_cropped/10_Metas/06/09/20191006095700_00160.png,503.1,841,69.9,26,962
10/6/2019 9:58,datasets/dataset_cropped/10_Metas/06/09/20191006095800_00160.jpg,datasets_flow/dataset_cropped/10_Metas/06/09/20191006095800_00160.jpg,datasets_cloudmask/dataset_cropped/10_Metas/06/09/20191006095800_00160.png,506.1,843,69.8,26,963
10/6/2019 9:59,datasets/dataset_cropped/10_Metas/06/09/20191006095900_00160.jpg,datasets_flow/dataset_cropped/10_Metas/06/09/20191006095900_00160.jpg,datasets_cloudmask/dataset_cropped/10_Metas/06/09/20191006095900_00160.png,508.9,844,69.8,26,963
10/6/2019 10:00,datasets/dataset_cropped/10_Metas/06/10/20191006100000_00160.jpg,datasets_flow/dataset_cropped/10_Metas/06/10/20191006100000_00160.jpg,datasets_cloudmask/dataset_cropped/10_Metas/06/10/20191006100000_00160.png,511.6,845,70,26,963
10/6/2019 10:01,datasets/dataset_cropped/10_Metas/06/10/20191006100100_00160.jpg,datasets_flow/dataset_cropped/10_Metas/06/10/20191006100100_00160.jpg,datasets_cloudmask/dataset_cropped/10_Metas/06/10/20191006100100_00160.png,515.1,846,70.2,26,962
10/6/2019 10:02,datasets/dataset_cropped/10_Metas/06/10/20191006100200_00160.jpg,datasets_flow/dataset_cropped/10_Metas/06/10/20191006100200_00160.jpg,datasets_cloudmask/dataset_cropped/10_Metas/06/10/20191006100200_00160.png,517.6,848,70.1,26.1,963
10/6/2019 10:03,datasets/dataset_cropped/10_Metas/06/10/20191006100300_00160.jpg,datasets_flow/dataset_cropped/10_Metas/06/10/20191006100300_00160.jpg,datasets_cloudmask/dataset_cropped/10_Metas/06/10/20191006100300_00160.png,519.8,848,70.2,26.2,963
10/6/2019 10:04,datasets/dataset_cropped/10_Metas/06/10/20191006100400_00160.jpg,datasets_flow/dataset_cropped/10_Metas/06/10/20191006100400_00160.jpg,datasets_cloudmask/dataset_cropped/10_Metas/06/10/20191006100400_00160.png,522.2,848,70.4,26.3,963
10/6/2019 10:05,datasets/dataset_cropped/10_Metas/06/10/20191006100500_00160.jpg,datasets_flow/dataset_cropped/10_Metas/06/10/20191006100500_00160.jpg,datasets_cloudmask/dataset_cropped/10_Metas/06/10/20191006100500_00160.png,525.3,849,70.6,26.5,963
10/6/2019 10:06,datasets/dataset_cropped/10_Metas/06/10/20191006100600_00160.jpg,datasets_flow/dataset_cropped/10_Metas/06/10/20191006100600_00160.jpg,datasets_cloudmask/dataset_cropped/10_Metas/06/10/20191006100600_00160.png,528,850,71,26.5,963
10/6/2019 10:07,datasets/dataset_cropped/10_Metas/06/10/20191006100700_00160.jpg,datasets_flow/dataset_cropped/10_Metas/06/10/20191006100700_00160.jpg,datasets_cloudmask/dataset_cropped/10_Metas/06/10/20191006100700_00160.png,531,852,71,26.4,963
10/6/2019 10:08,datasets/dataset_cropped/10_Metas/06/10/20191006100800_00160.jpg,datasets_flow/dataset_cropped/10_Metas/06/10/20191006100800_00160.jpg,datasets_cloudmask/dataset_cropped/10_Metas/06/10/20191006100800_00160.png,534.1,855,70.9,26.4,963
10/6/2019 10:09,datasets/dataset_cropped/10_Metas/06/10/20191006100900_00160.jpg,datasets_flow/dataset_cropped/10_Metas/06/10/20191006100900_00160.jpg,datasets_cloudmask/dataset_cropped/10_Metas/06/10/20191006100900_00160.png,536.5,855,70.8,26.4,963
10/6/2019 10:10,datasets/dataset_cropped/10_Metas/06/10/20191006101000_00160.jpg,datasets_flow/dataset_cropped/10_Metas/06/10/20191006101000_00160.jpg,datasets_cloudmask/dataset_cropped/10_Metas/06/10/20191006101000_00160.png,538.8,855,70.9,26.6,963
10/6/2019 10:11,datasets/dataset_cropped/10_Metas/06/10/20191006101100_00160.jpg,datasets_flow/dataset_cropped/10_Metas/06/10/20191006101100_00160.jpg,datasets_cloudmask/dataset_cropped/10_Metas/06/10/20191006101100_00160.png,541.1,855,71.1,26.5,963
10/6/2019 10:12,datasets/dataset_cropped/10_Metas/06/10/20191006101200_00160.jpg,datasets_flow/dataset_cropped/10_Metas/06/10/20191006101200_00160.jpg,datasets_cloudmask/dataset_cropped/10_Metas/06/10/20191006101200_00160.png,544.3,857,71.4,26.5,963
10/6/2019 10:13,datasets/dataset_cropped/10_Metas/06/10/20191006101300_00160.jpg,datasets_flow/dataset_cropped/10_Metas/06/10/20191006101300_00160.jpg,datasets_cloudmask/dataset_cropped/10_Metas/06/10/20191006101300_00160.png,547.5,859,71.4,26.8,963
10/6/2019 10:14,datasets/dataset_cropped/10_Metas/06/10/20191006101400_00160.jpg,datasets_flow/dataset_cropped/10_Metas/06/10/20191006101400_00160.jpg,datasets_cloudmask/dataset_cropped/10_Metas/06/10/20191006101400_00160.png,550.4,860,71.6,27.1,963
10/6/2019 10:15,datasets/dataset_cropped/10_Metas/06/10/20191006101500_00160.jpg,datasets_flow/dataset_cropped/10_Metas/06/10/20191006101500_00160.jpg,datasets_cloudmask/dataset_cropped/10_Metas/06/10/20191006101500_00160.png,553.9,862,71.4,27.2,963
10/6/2019 10:16,datasets/dataset_cropped/10_Metas/06/10/20191006101600_00160.jpg,datasets_flow/dataset_cropped/10_Metas/06/10/20191006101600_00160.jpg,datasets_cloudmask/dataset_cropped/10_Metas/06/10/20191006101600_00160.png,557.3,865,71.9,27.2,963
10/6/2019 10:17,datasets/dataset_cropped/10_Metas/06/10/20191006101700_00160.jpg,datasets_flow/dataset_cropped/10_Metas/06/10/20191006101700_00160.jpg,datasets_cloudmask/dataset_cropped/10_Metas/06/10/20191006101700_00160.png,560.1,867,72.1,27.2,963
10/6/2019 10:18,datasets/dataset_cropped/10_Metas/06/10/20191006101800_00160.jpg,datasets_flow/dataset_cropped/10_Metas/06/10/20191006101800_00160.jpg,datasets_cloudmask/dataset_cropped/10_Metas/06/10/20191006101800_00160.png,561.7,866,71.9,27.2,963
10/6/2019 10:19,datasets/dataset_cropped/10_Metas/06/10/20191006101900_00160.jpg,datasets_flow/dataset_cropped/10_Metas/06/10/20191006101900_00160.jpg,datasets_cloudmask/dataset_cropped/10_Metas/06/10/20191006101900_00160.png,564.1,867,72.1,27.2,963
10/6/2019 10:20,datasets/dataset_cropped/10_Metas/06/10/20191006102000_00160.jpg,datasets_flow/dataset_cropped/10_Metas/06/10/20191006102000_00160.jpg,datasets_cloudmask/dataset_cropped/10_Metas/06/10/20191006102000_00160.png,567.2,869,71.9,27.2,963
10/6/2019 10:21,datasets/dataset_cropped/10_Metas/06/10/20191006102100_00160.jpg,datasets_flow/dataset_cropped/10_Metas/06/10/20191006102100_00160.jpg,datasets_cloudmask/dataset_cropped/10_Metas/06/10/20191006102100_00160.png,570.1,870.5,72.1,27.3,963
10/6/2019 10:22,datasets/dataset_cropped/10_Metas/06/10/20191006102200_00160.jpg,datasets_flow/dataset_cropped/10_Metas/06/10/20191006102200_00160.jpg,datasets_cloudmask/dataset_cropped/10_Metas/06/10/20191006102200_00160.png,573,872,72.3,27.4,963
10/6/2019 10:23,datasets/dataset_cropped/10_Metas/06/10/20191006102300_00160.jpg,datasets_flow/dataset_cropped/10_Metas/06/10/20191006102300_00160.jpg,datasets_cloudmask/dataset_cropped/10_Metas/06/10/20191006102300_00160.png,575.5,873,72.3,27.4,963
10/6/2019 10:24,datasets/dataset_cropped/10_Metas/06/10/20191006102400_00160.jpg,datasets_flow/dataset_cropped/10_Metas/06/10/20191006102400_00160.jpg,datasets_cloudmask/dataset_cropped/10_Metas/06/10/20191006102400_00160.png,577.9,873,72.6,27.4,963
10/6/2019 10:25,datasets/dataset_cropped/10_Metas/06/10/20191006102500_00160.jpg,datasets_flow/dataset_cropped/10_Metas/06/10/20191006102500_00160.jpg,datasets_cloudmask/dataset_cropped/10_Metas/06/10/20191006102500_00160.png,580.4,874,72.6,27.2,963
10/6/2019 10:26,datasets/dataset_cropped/10_Metas/06/10/20191006102600_00160.jpg,datasets_flow/dataset_cropped/10_Metas/06/10/20191006102600_00160.jpg,datasets_cloudmask/dataset_cropped/10_Metas/06/10/20191006102600_00160.png,582.6,874,72.6,27.3,963
10/6/2019 10:27,datasets/dataset_cropped/10_Metas/06/10/20191006102700_00160.jpg,datasets_flow/dataset_cropped/10_Metas/06/10/20191006102700_00160.jpg,datasets_cloudmask/dataset_cropped/10_Metas/06/10/20191006102700_00160.png,585,875,72.8,27.5,963
10/6/2019 10:28,datasets/dataset_cropped/10_Metas/06/10/20191006102800_00160.jpg,datasets_flow/dataset_cropped/10_Metas/06/10/20191006102800_00160.jpg,datasets_cloudmask/dataset_cropped/10_Metas/06/10/20191006102800_00160.png,587.2,875,72.5,27.7,962
10/6/2019 10:29,datasets/dataset_cropped/10_Metas/06/10/20191006102900_00160.jpg,datasets_flow/dataset_cropped/10_Metas/06/10/20191006102900_00160.jpg,datasets_cloudmask/dataset_cropped/10_Metas/06/10/20191006102900_00160.png,589.9,876,72.6,28,963
10/6/2019 10:30,datasets/dataset_cropped/10_Metas/06/10/20191006103000_00160.jpg,datasets_flow/dataset_cropped/10_Metas/06/10/20191006103000_00160.jpg,datasets_cloudmask/dataset_cropped/10_Metas/06/10/20191006103000_00160.png,592.5,876,73.2,27.8,962
10/6/2019 10:31,datasets/dataset_cropped/10_Metas/06/10/20191006103100_00160.jpg,datasets_flow/dataset_cropped/10_Metas/06/10/20191006103100_00160.jpg,datasets_cloudmask/dataset_cropped/10_Metas/06/10/20191006103100_00160.png,594.1,872,75.4,27.6,962
10/6/2019 10:32,datasets/dataset_cropped/10_Metas/06/10/20191006103200_00160.jpg,datasets_flow/dataset_cropped/10_Metas/06/10/20191006103200_00160.jpg,datasets_cloudmask/dataset_cropped/10_Metas/06/10/20191006103200_00160.png,598.8,880,72.9,27.7,962
10/6/2019 10:33,datasets/dataset_cropped/10_Metas/06/10/20191006103300_00160.jpg,datasets_flow/dataset_cropped/10_Metas/06/10/20191006103300_00160.jpg,datasets_cloudmask/dataset_cropped/10_Metas/06/10/20191006103300_00160.png,601,882,72.7,28,962
10/6/2019 10:34,datasets/dataset_cropped/10_Metas/06/10/20191006103400_00160.jpg,datasets_flow/dataset_cropped/10_Metas/06/10/20191006103400_00160.jpg,datasets_cloudmask/dataset_cropped/10_Metas/06/10/20191006103400_00160.png,603.7,883,72.9,27.8,962
10/6/2019 10:35,datasets/dataset_cropped/10_Metas/06/10/20191006103500_00160.jpg,datasets_flow/dataset_cropped/10_Metas/06/10/20191006103500_00160.jpg,datasets_cloudmask/dataset_cropped/10_Metas/06/10/20191006103500_00160.png,606.3,885,73,27.8,962
10/6/2019 10:36,datasets/dataset_cropped/10_Metas/06/10/20191006103600_00160.jpg,datasets_flow/dataset_cropped/10_Metas/06/10/20191006103600_00160.jpg,datasets_cloudmask/dataset_cropped/10_Metas/06/10/20191006103600_00160.png,608.7,887,72.7,27.7,962
10/6/2019 10:37,datasets/dataset_cropped/10_Metas/06/10/20191006103700_00160.jpg,datasets_flow/dataset_cropped/10_Metas/06/10/20191006103700_00160.jpg,datasets_cloudmask/dataset_cropped/10_Metas/06/10/20191006103700_00160.png,611.1,888,72.7,27.8,962
10/6/2019 10:38,datasets/dataset_cropped/10_Metas/06/10/20191006103800_00160.jpg,datasets_flow/dataset_cropped/10_Metas/06/10/20191006103800_00160.jpg,datasets_cloudmask/dataset_cropped/10_Metas/06/10/20191006103800_00160.png,613.7,888,72.7,27.9,962
10/6/2019 10:39,datasets/dataset_cropped/10_Metas/06/10/20191006103900_00160.jpg,datasets_flow/dataset_cropped/10_Metas/06/10/20191006103900_00160.jpg,datasets_cloudmask/dataset_cropped/10_Metas/06/10/20191006103900_00160.png,615.9,890,72.8,28.1,962
10/6/2019 10:40,datasets/dataset_cropped/10_Metas/06/10/20191006104000_00160.jpg,datasets_flow/dataset_cropped/10_Metas/06/10/20191006104000_00160.jpg,datasets_cloudmask/dataset_cropped/10_Metas/06/10/20191006104000_00160.png,618.6,891,73.1,28.2,962
10/6/2019 10:41,datasets/dataset_cropped/10_Metas/06/10/20191006104100_00160.jpg,datasets_flow/dataset_cropped/10_Metas/06/10/20191006104100_00160.jpg,datasets_cloudmask/dataset_cropped/10_Metas/06/10/20191006104100_00160.png,621.1,891,73.2,28.1,962
10/6/2019 10:42,datasets/dataset_cropped/10_Metas/06/10/20191006104200_00160.jpg,datasets_flow/dataset_cropped/10_Metas/06/10/20191006104200_00160.jpg,datasets_cloudmask/dataset_cropped/10_Metas/06/10/20191006104200_00160.png,623.7,892,73.5,28.1,962
10/6/2019 10:43,datasets/dataset_cropped/10_Metas/06/10/20191006104300_00160.jpg,datasets_flow/dataset_cropped/10_Metas/06/10/20191006104300_00160.jpg,datasets_cloudmask/dataset_cropped/10_Metas/06/10/20191006104300_00160.png,625.7,893,73.9,28.2,962
10/6/2019 10:44,datasets/dataset_cropped/10_Metas/06/10/20191006104400_00160.jpg,datasets_flow/dataset_cropped/10_Metas/06/10/20191006104400_00160.jpg,datasets_cloudmask/dataset_cropped/10_Metas/06/10/20191006104400_00160.png,627.4,893,73.7,28.4,962
10/6/2019 10:45,datasets/dataset_cropped/10_Metas/06/10/20191006104500_00160.jpg,datasets_flow/dataset_cropped/10_Metas/06/10/20191006104500_00160.jpg,datasets_cloudmask/dataset_cropped/10_Metas/06/10/20191006104500_00160.png,629.5,893,73.8,28.6,962
10/6/2019 10:46,datasets/dataset_cropped/10_Metas/06/10/20191006104600_00160.jpg,datasets_flow/dataset_cropped/10_Metas/06/10/20191006104600_00160.jpg,datasets_cloudmask/dataset_cropped/10_Metas/06/10/20191006104600_00160.png,631.7,893,73.9,28.7,962
10/6/2019 10:47,datasets/dataset_cropped/10_Metas/06/10/20191006104700_00160.jpg,datasets_flow/dataset_cropped/10_Metas/06/10/20191006104700_00160.jpg,datasets_cloudmask/dataset_cropped/10_Metas/06/10/20191006104700_00160.png,633.9,894,73.9,28.6,962
10/6/2019 10:48,datasets/dataset_cropped/10_Metas/06/10/20191006104800_00160.jpg,datasets_flow/dataset_cropped/10_Metas/06/10/20191006104800_00160.jpg,datasets_cloudmask/dataset_cropped/10_Metas/06/10/20191006104800_00160.png,636,894,73.8,28.5,962
10/6/2019 10:49,datasets/dataset_cropped/10_Metas/06/10/20191006104900_00160.jpg,datasets_flow/dataset_cropped/10_Metas/06/10/20191006104900_00160.jpg,datasets_cloudmask/dataset_cropped/10_Metas/06/10/20191006104900_00160.png,638.2,895,74.3,28.8,962
10/6/2019 10:50,datasets/dataset_cropped/10_Metas/06/10/20191006105000_00160.jpg,datasets_flow/dataset_cropped/10_Metas/06/10/20191006105000_00160.jpg,datasets_cloudmask/dataset_cropped/10_Metas/06/10/20191006105000_00160.png,640.5,895,74.8,28.7,962
10/6/2019 10:51,datasets/dataset_cropped/10_Metas/06/10/20191006105100_00160.jpg,datasets_flow/dataset_cropped/10_Metas/06/10/20191006105100_00160.jpg,datasets_cloudmask/dataset_cropped/10_Metas/06/10/20191006105100_00160.png,642.3,896,74.8,28.4,962
10/6/2019 10:52,datasets/dataset_cropped/10_Metas/06/10/20191006105200_00160.jpg,datasets_flow/dataset_cropped/10_Metas/06/10/20191006105200_00160.jpg,datasets_cloudmask/dataset_cropped/10_Metas/06/10/20191006105200_00160.png,644.4,896,75.3,28.2,962
10/6/2019 10:53,datasets/dataset_cropped/10_Metas/06/10/20191006105300_00160.jpg,datasets_flow/dataset_cropped/10_Metas/06/10/20191006105300_00160.jpg,datasets_cloudmask/dataset_cropped/10_Metas/06/10/20191006105300_00160.png,646.7,897,75.4,28.2,962
10/6/2019 10:54,datasets/dataset_cropped/10_Metas/06/10/20191006105400_00160.jpg,datasets_flow/dataset_cropped/10_Metas/06/10/20191006105400_00160.jpg,datasets_cloudmask/dataset_cropped/10_Metas/06/10/20191006105400_00160.png,648.9,897,75.3,28.4,962
10/6/2019 10:55,datasets/dataset_cropped/10_Metas/06/10/20191006105500_00160.jpg,datasets_flow/dataset_cropped/10_Metas/06/10/20191006105500_00160.jpg,datasets_cloudmask/dataset_cropped/10_Metas/06/10/20191006105500_00160.png,651.5,898,75.7,28.6,962
10/6/2019 10:56,datasets/dataset_cropped/10_Metas/06/10/20191006105600_00160.jpg,datasets_flow/dataset_cropped/10_Metas/06/10/20191006105600_00160.jpg,datasets_cloudmask/dataset_cropped/10_Metas/06/10/20191006105600_00160.png,653.2,898,76,28.8,962
10/6/2019 10:57,datasets/dataset_cropped/10_Metas/06/10/20191006105700_00160.jpg,datasets_flow/dataset_cropped/10_Metas/06/10/20191006105700_00160.jpg,datasets_cloudmask/dataset_cropped/10_Metas/06/10/20191006105700_00160.png,654.4,897,76.2,28.7,962
10/6/2019 10:58,datasets/dataset_cropped/10_Metas/06/10/20191006105800_00160.jpg,datasets_flow/dataset_cropped/10_Metas/06/10/20191006105800_00160.jpg,datasets_cloudmask/dataset_cropped/10_Metas/06/10/20191006105800_00160.png,655.9,897,76.5,28.6,962
10/6/2019 10:59,datasets/dataset_cropped/10_Metas/06/10/20191006105900_00160.jpg,datasets_flow/dataset_cropped/10_Metas/06/10/20191006105900_00160.jpg,datasets_cloudmask/dataset_cropped/10_Metas/06/10/20191006105900_00160.png,657.8,898,76.5,28.7,962
10/6/2019 11:00,datasets/dataset_cropped/10_Metas/06/11/20191006110000_00160.jpg,datasets_flow/dataset_cropped/10_Metas/06/11/20191006110000_00160.jpg,datasets_cloudmask/dataset_cropped/10_Metas/06/11/20191006110000_00160.png,660.6,899,76.4,28.8,962
10/6/2019 11:01,datasets/dataset_cropped/10_Metas/06/11/20191006110100_00160.jpg,datasets_flow/dataset_cropped/10_Metas/06/11/20191006110100_00160.jpg,datasets_cloudmask/dataset_cropped/10_Metas/06/11/20191006110100_00160.png,662.6,899,76.7,28.8,962
10/6/2019 11:02,datasets/dataset_cropped/10_Metas/06/11/20191006110200_00160.jpg,datasets_flow/dataset_cropped/10_Metas/06/11/20191006110200_00160.jpg,datasets_cloudmask/dataset_cropped/10_Metas/06/11/20191006110200_00160.png,664.2,898,77,28.9,962
10/6/2019 11:03,datasets/dataset_cropped/10_Metas/06/11/20191006110300_00160.jpg,datasets_flow/dataset_cropped/10_Metas/06/11/20191006110300_00160.jpg,datasets_cloudmask/dataset_cropped/10_Metas/06/11/20191006110300_00160.png,666.6,899,77.5,29,962
10/6/2019 11:04,datasets/dataset_cropped/10_Metas/06/11/20191006110400_00160.jpg,datasets_flow/dataset_cropped/10_Metas/06/11/20191006110400_00160.jpg,datasets_cloudmask/dataset_cropped/10_Metas/06/11/20191006110400_00160.png,668,899,77.4,29,962
10/6/2019 11:05,datasets/dataset_cropped/10_Metas/06/11/20191006110500_00160.jpg,datasets_flow/dataset_cropped/10_Metas/06/11/20191006110500_00160.jpg,datasets_cloudmask/dataset_cropped/10_Metas/06/11/20191006110500_00160.png,669.6,899,77.3,29.1,962
10/6/2019 11:06,datasets/dataset_cropped/10_Metas/06/11/20191006110600_00160.jpg,datasets_flow/dataset_cropped/10_Metas/06/11/20191006110600_00160.jpg,datasets_cloudmask/dataset_cropped/10_Metas/06/11/20191006110600_00160.png,671.5,899,77.8,29.3,962
10/6/2019 11:07,datasets/dataset_cropped/10_Metas/06/11/20191006110700_00160.jpg,datasets_flow/dataset_cropped/10_Metas/06/11/20191006110700_00160.jpg,datasets_cloudmask/dataset_cropped/10_Metas/06/11/20191006110700_00160.png,673.1,900,78.1,29.3,962
10/6/2019 11:08,datasets/dataset_cropped/10_Metas/06/11/20191006110800_00160.jpg,datasets_flow/dataset_cropped/10_Metas/06/11/20191006110800_00160.jpg,datasets_cloudmask/dataset_cropped/10_Metas/06/11/20191006110800_00160.png,675.3,901,78.6,29.4,962
10/6/2019 11:09,datasets/dataset_cropped/10_Metas/06/11/20191006110900_00160.jpg,datasets_flow/dataset_cropped/10_Metas/06/11/20191006110900_00160.jpg,datasets_cloudmask/dataset_cropped/10_Metas/06/11/20191006110900_00160.png,677.4,902,78.5,29.1,962
10/6/2019 11:10,datasets/dataset_cropped/10_Metas/06/11/20191006111000_00160.jpg,datasets_flow/dataset_cropped/10_Metas/06/11/20191006111000_00160.jpg,datasets_cloudmask/dataset_cropped/10_Metas/06/11/20191006111000_00160.png,678.9,901,78.2,28.9,962
10/6/2019 11:11,datasets/dataset_cropped/10_Metas/06/11/20191006111100_00160.jpg,datasets_flow/dataset_cropped/10_Metas/06/11/20191006111100_00160.jpg,datasets_cloudmask/dataset_cropped/10_Metas/06/11/20191006111100_00160.png,680.4,900,77.9,28.8,962
10/6/2019 11:12,datasets/dataset_cropped/10_Metas/06/11/20191006111200_00160.jpg,datasets_flow/dataset_cropped/10_Metas/06/11/20191006111200_00160.jpg,datasets_cloudmask/dataset_cropped/10_Metas/06/11/20191006111200_00160.png,681.8,899,77.8,28.8,962
10/6/2019 11:13,datasets/dataset_cropped/10_Metas/06/11/20191006111300_00160.jpg,datasets_flow/dataset_cropped/10_Metas/06/11/20191006111300_00160.jpg,datasets_cloudmask/dataset_cropped/10_Metas/06/11/20191006111300_00160.png,684.3,900,78,28.7,962
10/6/2019 11:14,datasets/dataset_cropped/10_Metas/06/11/20191006111400_00160.jpg,datasets_flow/dataset_cropped/10_Metas/06/11/20191006111400_00160.jpg,datasets_cloudmask/dataset_cropped/10_Metas/06/11/20191006111400_00160.png,686.6,901,78.4,28.8,962
10/6/2019 11:15,datasets/dataset_cropped/10_Metas/06/11/20191006111500_00160.jpg,datasets_flow/dataset_cropped/10_Metas/06/11/20191006111500_00160.jpg,datasets_cloudmask/dataset_cropped/10_Metas/06/11/20191006111500_00160.png,688.4,902,78.5,28.9,962
10/6/2019 11:16,datasets/dataset_cropped/10_Metas/06/11/20191006111600_00160.jpg,datasets_flow/dataset_cropped/10_Metas/06/11/20191006111600_00160.jpg,datasets_cloudmask/dataset_cropped/10_Metas/06/11/20191006111600_00160.png,690.5,902,78.9,29.2,962
10/6/2019 11:17,datasets/dataset_cropped/10_Metas/06/11/20191006111700_00160.jpg,datasets_flow/dataset_cropped/10_Metas/06/11/20191006111700_00160.jpg,datasets_cloudmask/dataset_cropped/10_Metas/06/11/20191006111700_00160.png,692.4,903,79.2,29.4,962
10/6/2019 11:18,datasets/dataset_cropped/10_Metas/06/11/20191006111800_00160.jpg,datasets_flow/dataset_cropped/10_Metas/06/11/20191006111800_00160.jpg,datasets_cloudmask/dataset_cropped/10_Metas/06/11/20191006111800_00160.png,693.5,903,79.5,29.5,962
10/6/2019 11:19,datasets/dataset_cropped/10_Metas/06/11/20191006111900_00160.jpg,datasets_flow/dataset_cropped/10_Metas/06/11/20191006111900_00160.jpg,datasets_cloudmask/dataset_cropped/10_Metas/06/11/20191006111900_00160.png,695,903,79.4,29.6,962
10/6/2019 11:20,datasets/dataset_cropped/10_Metas/06/11/20191006112000_00160.jpg,datasets_flow/dataset_cropped/10_Metas/06/11/20191006112000_00160.jpg,datasets_cloudmask/dataset_cropped/10_Metas/06/11/20191006112000_00160.png,696.9,904,79.8,29.8,962
10/6/2019 11:21,datasets/dataset_cropped/10_Metas/06/11/20191006112100_00160.jpg,datasets_flow/dataset_cropped/10_Metas/06/11/20191006112100_00160.jpg,datasets_cloudmask/dataset_cropped/10_Metas/06/11/20191006112100_00160.png,699.1,905,80,29.8,962
10/6/2019 11:22,datasets/dataset_cropped/10_Metas/06/11/20191006112200_00160.jpg,datasets_flow/dataset_cropped/10_Metas/06/11/20191006112200_00160.jpg,datasets_cloudmask/dataset_cropped/10_Metas/06/11/20191006112200_00160.png,700.7,906,79.9,29.8,962
10/6/2019 11:23,datasets/dataset_cropped/10_Metas/06/11/20191006112300_00160.jpg,datasets_flow/dataset_cropped/10_Metas/06/11/20191006112300_00160.jpg,datasets_cloudmask/dataset_cropped/10_Metas/06/11/20191006112300_00160.png,702.9,907,80.1,29.6,962
10/6/2019 11:24,datasets/dataset_cropped/10_Metas/06/11/20191006112400_00160.jpg,datasets_flow/dataset_cropped/10_Metas/06/11/20191006112400_00160.jpg,datasets_cloudmask/dataset_cropped/10_Metas/06/11/20191006112400_00160.png,704.6,908,80.4,29.1,962
10/6/2019 11:25,datasets/dataset_cropped/10_Metas/06/11/20191006112500_00160.jpg,datasets_flow/dataset_cropped/10_Metas/06/11/20191006112500_00160.jpg,datasets_cloudmask/dataset_cropped/10_Metas/06/11/20191006112500_00160.png,706.4,908,80.7,28.7,962
10/6/2019 11:26,datasets/dataset_cropped/10_Metas/06/11/20191006112600_00160.jpg,datasets_flow/dataset_cropped/10_Metas/06/11/20191006112600_00160.jpg,datasets_cloudmask/dataset_cropped/10_Metas/06/11/20191006112600_00160.png,707.5,908,80.6,28.8,962
10/6/2019 11:27,datasets/dataset_cropped/10_Metas/06/11/20191006112700_00160.jpg,datasets_flow/dataset_cropped/10_Metas/06/11/20191006112700_00160.jpg,datasets_cloudmask/dataset_cropped/10_Metas/06/11/20191006112700_00160.png,709,907,80.7,28.8,962
10/6/2019 11:28,datasets/dataset_cropped/10_Metas/06/11/20191006112800_00160.jpg,datasets_flow/dataset_cropped/10_Metas/06/11/20191006112800_00160.jpg,datasets_cloudmask/dataset_cropped/10_Metas/06/11/20191006112800_00160.png,709.8,906,80.6,28.9,962
10/6/2019 11:29,datasets/dataset_cropped/10_Metas/06/11/20191006112900_00160.jpg,datasets_flow/dataset_cropped/10_Metas/06/11/20191006112900_00160.jpg,datasets_cloudmask/dataset_cropped/10_Metas/06/11/20191006112900_00160.png,711.3,906,80.9,28.8,962
10/6/2019 11:30,datasets/dataset_cropped/10_Metas/06/11/20191006113000_00160.jpg,datasets_flow/dataset_cropped/10_Metas/06/11/20191006113000_00160.jpg,datasets_cloudmask/dataset_cropped/10_Metas/06/11/20191006113000_00160.png,712.9,905,81.1,28.8,963
10/6/2019 11:31,datasets/dataset_cropped/10_Metas/06/11/20191006113100_00160.jpg,datasets_flow/dataset_cropped/10_Metas/06/11/20191006113100_00160.jpg,datasets_cloudmask/dataset_cropped/10_Metas/06/11/20191006113100_00160.png,713.9,905,81.4,28.9,962
10/6/2019 11:32,datasets/dataset_cropped/10_Metas/06/11/20191006113200_00160.jpg,datasets_flow/dataset_cropped/10_Metas/06/11/20191006113200_00160.jpg,datasets_cloudmask/dataset_cropped/10_Metas/06/11/20191006113200_00160.png,715.6,905,81.5,29.1,962
10/6/2019 11:33,datasets/dataset_cropped/10_Metas/06/11/20191006113300_00160.jpg,datasets_flow/dataset_cropped/10_Metas/06/11/20191006113300_00160.jpg,datasets_cloudmask/dataset_cropped/10_Metas/06/11/20191006113300_00160.png,717.4,906,81.9,29.3,962
10/6/2019 11:34,datasets/dataset_cropped/10_Metas/06/11/20191006113400_00160.jpg,datasets_flow/dataset_cropped/10_Metas/06/11/20191006113400_00160.jpg,datasets_cloudmask/dataset_cropped/10_Metas/06/11/20191006113400_00160.png,719.8,908,82.2,29.4,962
10/6/2019 11:35,datasets/dataset_cropped/10_Metas/06/11/20191006113500_00160.jpg,datasets_flow/dataset_cropped/10_Metas/06/11/20191006113500_00160.jpg,datasets_cloudmask/dataset_cropped/10_Metas/06/11/20191006113500_00160.png,721.4,909,82,29.2,962
10/6/2019 11:36,datasets/dataset_cropped/10_Metas/06/11/20191006113600_00160.jpg,datasets_flow/dataset_cropped/10_Metas/06/11/20191006113600_00160.jpg,datasets_cloudmask/dataset_cropped/10_Metas/06/11/20191006113600_00160.png,722.8,909,82.3,29.3,962
10/6/2019 11:37,datasets/dataset_cropped/10_Metas/06/11/20191006113700_00160.jpg,datasets_flow/dataset_cropped/10_Metas/06/11/20191006113700_00160.jpg,datasets_cloudmask/dataset_cropped/10_Metas/06/11/20191006113700_00160.png,724,910,82.5,29.2,963
10/6/2019 11:38,datasets/dataset_cropped/10_Metas/06/11/20191006113800_00160.jpg,datasets_flow/dataset_cropped/10_Metas/06/11/20191006113800_00160.jpg,datasets_cloudmask/dataset_cropped/10_Metas/06/11/20191006113800_00160.png,724.8,910,83,29.1,962
10/6/2019 11:39,datasets/dataset_cropped/10_Metas/06/11/20191006113900_00160.jpg,datasets_flow/dataset_cropped/10_Metas/06/11/20191006113900_00160.jpg,datasets_cloudmask/dataset_cropped/10_Metas/06/11/20191006113900_00160.png,725.8,910,83.3,28.9,962
10/6/2019 11:40,datasets/dataset_cropped/10_Metas/06/11/20191006114000_00160.jpg,datasets_flow/dataset_cropped/10_Metas/06/11/20191006114000_00160.jpg,datasets_cloudmask/dataset_cropped/10_Metas/06/11/20191006114000_00160.png,726.8,910,83.7,28.9,962
10/6/2019 11:41,datasets/dataset_cropped/10_Metas/06/11/20191006114100_00160.jpg,datasets_flow/dataset_cropped/10_Metas/06/11/20191006114100_00160.jpg,datasets_cloudmask/dataset_cropped/10_Metas/06/11/20191006114100_00160.png,727.8,910,83.5,29.1,962
10/6/2019 11:42,datasets/dataset_cropped/10_Metas/06/11/20191006114200_00160.jpg,datasets_flow/dataset_cropped/10_Metas/06/11/20191006114200_00160.jpg,datasets_cloudmask/dataset_cropped/10_Metas/06/11/20191006114200_00160.png,728.6,909,83.3,29.4,962
10/6/2019 11:43,datasets/dataset_cropped/10_Metas/06/11/20191006114300_00160.jpg,datasets_flow/dataset_cropped/10_Metas/06/11/20191006114300_00160.jpg,datasets_cloudmask/dataset_cropped/10_Metas/06/11/20191006114300_00160.png,729.9,909,83.4,29.4,962
10/6/2019 11:44,datasets/dataset_cropped/10_Metas/06/11/20191006114400_00160.jpg,datasets_flow/dataset_cropped/10_Metas/06/11/20191006114400_00160.jpg,datasets_cloudmask/dataset_cropped/10_Metas/06/11/20191006114400_00160.png,731.4,909,83.6,29.6,962
10/6/2019 11:45,datasets/dataset_cropped/10_Metas/06/11/20191006114500_00160.jpg,datasets_flow/dataset_cropped/10_Metas/06/11/20191006114500_00160.jpg,datasets_cloudmask/dataset_cropped/10_Metas/06/11/20191006114500_00160.png,733.3,910,84.2,29.7,962
10/6/2019 11:46,datasets/dataset_cropped/10_Metas/06/11/20191006114600_00160.jpg,datasets_flow/dataset_cropped/10_Metas/06/11/20191006114600_00160.jpg,datasets_cloudmask/dataset_cropped/10_Metas/06/11/20191006114600_00160.png,734.9,910,84.2,29.4,962
10/6/2019 11:47,datasets/dataset_cropped/10_Metas/06/11/20191006114700_00160.jpg,datasets_flow/dataset_cropped/10_Metas/06/11/20191006114700_00160.jpg,datasets_cloudmask/dataset_cropped/10_Metas/06/11/20191006114700_00160.png,735,908,84.3,29.2,962
10/6/2019 11:48,datasets/dataset_cropped/10_Metas/06/11/20191006114800_00160.jpg,datasets_flow/dataset_cropped/10_Metas/06/11/20191006114800_00160.jpg,datasets_cloudmask/dataset_cropped/10_Metas/06/11/20191006114800_00160.png,735.4,906,84.6,29.1,962
10/6/2019 11:49,datasets/dataset_cropped/10_Metas/06/11/20191006114900_00160.jpg,datasets_flow/dataset_cropped/10_Metas/06/11/20191006114900_00160.jpg,datasets_cloudmask/dataset_cropped/10_Metas/06/11/20191006114900_00160.png,736.4,906,84.6,29,962
10/6/2019 11:50,datasets/dataset_cropped/10_Metas/06/11/20191006115000_00160.jpg,datasets_flow/dataset_cropped/10_Metas/06/11/20191006115000_00160.jpg,datasets_cloudmask/dataset_cropped/10_Metas/06/11/20191006115000_00160.png,737.8,905,84.5,28.7,962
10/6/2019 11:51,datasets/dataset_cropped/10_Metas/06/11/20191006115100_00160.jpg,datasets_flow/dataset_cropped/10_Metas/06/11/20191006115100_00160.jpg,datasets_cloudmask/dataset_cropped/10_Metas/06/11/20191006115100_00160.png,738.9,905,84.7,28.7,962
10/6/2019 11:52,datasets/dataset_cropped/10_Metas/06/11/20191006115200_00160.jpg,datasets_flow/dataset_cropped/10_Metas/06/11/20191006115200_00160.jpg,datasets_cloudmask/dataset_cropped/10_Metas/06/11/20191006115200_00160.png,740.8,906,85.2,28.6,962
10/6/2019 11:53,datasets/dataset_cropped/10_Metas/06/11/20191006115300_00160.jpg,datasets_flow/dataset_cropped/10_Metas/06/11/20191006115300_00160.jpg,datasets_cloudmask/dataset_cropped/10_Metas/06/11/20191006115300_00160.png,742.1,906,85.7,28.6,962
10/6/2019 11:54,datasets/dataset_cropped/10_Metas/06/11/20191006115400_00160.jpg,datasets_flow/dataset_cropped/10_Metas/06/11/20191006115400_00160.jpg,datasets_cloudmask/dataset_cropped/10_Metas/06/11/20191006115400_00160.png,743.3,906,85.5,28.6,962
10/6/2019 11:55,datasets/dataset_cropped/10_Metas/06/11/20191006115500_00160.jpg,datasets_flow/dataset_cropped/10_Metas/06/11/20191006115500_00160.jpg,datasets_cloudmask/dataset_cropped/10_Metas/06/11/20191006115500_00160.png,744.7,907,85.4,28.7,962
10/6/2019 11:56,datasets/dataset_cropped/10_Metas/06/11/20191006115600_00160.jpg,datasets_flow/dataset_cropped/10_Metas/06/11/20191006115600_00160.jpg,datasets_cloudmask/dataset_cropped/10_Metas/06/11/20191006115600_00160.png,746.1,907,85.3,28.9,962
10/6/2019 11:57,datasets/dataset_cropped/10_Metas/06/11/20191006115700_00160.jpg,datasets_flow/dataset_cropped/10_Metas/06/11/20191006115700_00160.jpg,datasets_cloudmask/dataset_cropped/10_Metas/06/11/20191006115700_00160.png,747.5,908,85.4,29.2,962
10/6/2019 11:58,datasets/dataset_cropped/10_Metas/06/11/20191006115800_00160.jpg,datasets_flow/dataset_cropped/10_Metas/06/11/20191006115800_00160.jpg,datasets_cloudmask/dataset_cropped/10_Metas/06/11/20191006115800_00160.png,749.4,909,85.9,29.3,962
10/6/2019 11:59,datasets/dataset_cropped/10_Metas/06/11/20191006115900_00160.jpg,datasets_flow/dataset_cropped/10_Metas/06/11/20191006115900_00160.jpg,datasets_cloudmask/dataset_cropped/10_Metas/06/11/20191006115900_00160.png,750.1,909,85.7,29.4,962
10/6/2019 12:00,datasets/dataset_cropped/10_Metas/06/12/20191006120000_00160.jpg,datasets_flow/dataset_cropped/10_Metas/06/12/20191006120000_00160.jpg,datasets_cloudmask/dataset_cropped/10_Metas/06/12/20191006120000_00160.png,750.7,909,85.8,29.1,962
10/6/2019 12:01,datasets/dataset_cropped/10_Metas/06/12/20191006120100_00160.jpg,datasets_flow/dataset_cropped/10_Metas/06/12/20191006120100_00160.jpg,datasets_cloudmask/dataset_cropped/10_Metas/06/12/20191006120100_00160.png,750.9,908,86.2,29.1,962
10/6/2019 12:02,datasets/dataset_cropped/10_Metas/06/12/20191006120200_00160.jpg,datasets_flow/dataset_cropped/10_Metas/06/12/20191006120200_00160.jpg,datasets_cloudmask/dataset_cropped/10_Metas/06/12/20191006120200_00160.png,751.4,908,86.4,28.9,962
10/6/2019 12:03,datasets/dataset_cropped/10_Metas/06/12/20191006120300_00160.jpg,datasets_flow/dataset_cropped/10_Metas/06/12/20191006120300_00160.jpg,datasets_cloudmask/dataset_cropped/10_Metas/06/12/20191006120300_00160.png,752.6,909,86.7,28.7,962
10/6/2019 12:04,datasets/dataset_cropped/10_Metas/06/12/20191006120400_00160.jpg,datasets_flow/dataset_cropped/10_Metas/06/12/20191006120400_00160.jpg,datasets_cloudmask/dataset_cropped/10_Metas/06/12/20191006120400_00160.png,753.3,909,86.7,28.7,962
10/6/2019 12:05,datasets/dataset_cropped/10_Metas/06/12/20191006120500_00160.jpg,datasets_flow/dataset_cropped/10_Metas/06/12/20191006120500_00160.jpg,datasets_cloudmask/dataset_cropped/10_Metas/06/12/20191006120500_00160.png,754.3,909,86.9,28.9,962
10/6/2019 12:06,datasets/dataset_cropped/10_Metas/06/12/20191006120600_00160.jpg,datasets_flow/dataset_cropped/10_Metas/06/12/20191006120600_00160.jpg,datasets_cloudmask/dataset_cropped/10_Metas/06/12/20191006120600_00160.png,755.3,909,87,29.1,962
10/6/2019 12:07,datasets/dataset_cropped/10_Metas/06/12/20191006120700_00160.jpg,datasets_flow/dataset_cropped/10_Metas/06/12/20191006120700_00160.jpg,datasets_cloudmask/dataset_cropped/10_Metas/06/12/20191006120700_00160.png,756.3,909,87.2,29.3,962
10/6/2019 12:08,datasets/dataset_cropped/10_Metas/06/12/20191006120800_00160.jpg,datasets_flow/dataset_cropped/10_Metas/06/12/20191006120800_00160.jpg,datasets_cloudmask/dataset_cropped/10_Metas/06/12/20191006120800_00160.png,756.7,909,87.7,29.4,962
10/6/2019 12:09,datasets/dataset_cropped/10_Metas/06/12/20191006120900_00160.jpg,datasets_flow/dataset_cropped/10_Metas/06/12/20191006120900_00160.jpg,datasets_cloudmask/dataset_cropped/10_Metas/06/12/20191006120900_00160.png,757.1,908,88,29.5,962
10/6/2019 12:10,datasets/dataset_cropped/10_Metas/06/12/20191006121000_00160.jpg,datasets_flow/dataset_cropped/10_Metas/06/12/20191006121000_00160.jpg,datasets_cloudmask/dataset_cropped/10_Metas/06/12/20191006121000_00160.png,758,909,87.9,29.4,962
10/6/2019 12:11,datasets/dataset_cropped/10_Metas/06/12/20191006121100_00160.jpg,datasets_flow/dataset_cropped/10_Metas/06/12/20191006121100_00160.jpg,datasets_cloudmask/dataset_cropped/10_Metas/06/12/20191006121100_00160.png,758.7,908,87.7,29.3,962
10/6/2019 12:12,datasets/dataset_cropped/10_Metas/06/12/20191006121200_00160.jpg,datasets_flow/dataset_cropped/10_Metas/06/12/20191006121200_00160.jpg,datasets_cloudmask/dataset_cropped/10_Metas/06/12/20191006121200_00160.png,759.6,908,87.9,29.3,962
10/6/2019 12:13,datasets/dataset_cropped/10_Metas/06/12/20191006121300_00160.jpg,datasets_flow/dataset_cropped/10_Metas/06/12/20191006121300_00160.jpg,datasets_cloudmask/dataset_cropped/10_Metas/06/12/20191006121300_00160.png,760.7,908,88,29.4,962
10/6/2019 12:14,datasets/dataset_cropped/10_Metas/06/12/20191006121400_00160.jpg,datasets_flow/dataset_cropped/10_Metas/06/12/20191006121400_00160.jpg,datasets_cloudmask/dataset_cropped/10_Metas/06/12/20191006121400_00160.png,761.2,907,88.2,29.4,962
10/6/2019 12:15,datasets/dataset_cropped/10_Metas/06/12/20191006121500_00160.jpg,datasets_flow/dataset_cropped/10_Metas/06/12/20191006121500_00160.jpg,datasets_cloudmask/dataset_cropped/10_Metas/06/12/20191006121500_00160.png,762.2,908,88.5,29.2,962
10/6/2019 12:16,datasets/dataset_cropped/10_Metas/06/12/20191006121600_00160.jpg,datasets_flow/dataset_cropped/10_Metas/06/12/20191006121600_00160.jpg,datasets_cloudmask/dataset_cropped/10_Metas/06/12/20191006121600_00160.png,763.2,908,88.5,29,962
10/6/2019 12:17,datasets/dataset_cropped/10_Metas/06/12/20191006121700_00160.jpg,datasets_flow/dataset_cropped/10_Metas/06/12/20191006121700_00160.jpg,datasets_cloudmask/dataset_cropped/10_Metas/06/12/20191006121700_00160.png,763.6,908,88.5,29.1,962
10/6/2019 12:18,datasets/dataset_cropped/10_Metas/06/12/20191006121800_00160.jpg,datasets_flow/dataset_cropped/10_Metas/06/12/20191006121800_00160.jpg,datasets_cloudmask/dataset_cropped/10_Metas/06/12/20191006121800_00160.png,763.3,907,88.5,29.2,962
10/6/2019 12:19,datasets/dataset_cropped/10_Metas/06/12/20191006121900_00160.jpg,datasets_flow/dataset_cropped/10_Metas/06/12/20191006121900_00160.jpg,datasets_cloudmask/dataset_cropped/10_Metas/06/12/20191006121900_00160.png,764.5,907,88.8,29.2,962
10/6/2019 12:20,datasets/dataset_cropped/10_Metas/06/12/20191006122000_00160.jpg,datasets_flow/dataset_cropped/10_Metas/06/12/20191006122000_00160.jpg,datasets_cloudmask/dataset_cropped/10_Metas/06/12/20191006122000_00160.png,766.2,908,89.4,29.3,962
10/6/2019 12:21,datasets/dataset_cropped/10_Metas/06/12/20191006122100_00160.jpg,datasets_flow/dataset_cropped/10_Metas/06/12/20191006122100_00160.jpg,datasets_cloudmask/dataset_cropped/10_Metas/06/12/20191006122100_00160.png,767.5,909,89.9,29.2,962
10/6/2019 12:22,datasets/dataset_cropped/10_Metas/06/12/20191006122200_00160.jpg,datasets_flow/dataset_cropped/10_Metas/06/12/20191006122200_00160.jpg,datasets_cloudmask/dataset_cropped/10_Metas/06/12/20191006122200_00160.png,767.7,909,89.7,29.1,962
10/6/2019 12:23,datasets/dataset_cropped/10_Metas/06/12/20191006122300_00160.jpg,datasets_flow/dataset_cropped/10_Metas/06/12/20191006122300_00160.jpg,datasets_cloudmask/dataset_cropped/10_Metas/06/12/20191006122300_00160.png,767.7,908,89.8,29.2,962
10/6/2019 12:24,datasets/dataset_cropped/10_Metas/06/12/20191006122400_00160.jpg,datasets_flow/dataset_cropped/10_Metas/06/12/20191006122400_00160.jpg,datasets_cloudmask/dataset_cropped/10_Metas/06/12/20191006122400_00160.png,767.2,907,89.9,29.2,962
10/6/2019 12:25,datasets/dataset_cropped/10_Metas/06/12/20191006122500_00160.jpg,datasets_flow/dataset_cropped/10_Metas/06/12/20191006122500_00160.jpg,datasets_cloudmask/dataset_cropped/10_Metas/06/12/20191006122500_00160.png,767.5,907,89.7,29.2,962
10/6/2019 12:26,datasets/dataset_cropped/10_Metas/06/12/20191006122600_00160.jpg,datasets_flow/dataset_cropped/10_Metas/06/12/20191006122600_00160.jpg,datasets_cloudmask/dataset_cropped/10_Metas/06/12/20191006122600_00160.png,768.3,907,89.7,29.3,962
10/6/2019 12:27,datasets/dataset_cropped/10_Metas/06/12/20191006122700_00160.jpg,datasets_flow/dataset_cropped/10_Metas/06/12/20191006122700_00160.jpg,datasets_cloudmask/dataset_cropped/10_Metas/06/12/20191006122700_00160.png,769.2,908,89.7,29.4,962
10/6/2019 12:28,datasets/dataset_cropped/10_Metas/06/12/20191006122800_00160.jpg,datasets_flow/dataset_cropped/10_Metas/06/12/20191006122800_00160.jpg,datasets_cloudmask/dataset_cropped/10_Metas/06/12/20191006122800_00160.png,769.7,907,90.4,29.4,962
10/6/2019 12:29,datasets/dataset_cropped/10_Metas/06/12/20191006122900_00160.jpg,datasets_flow/dataset_cropped/10_Metas/06/12/20191006122900_00160.jpg,datasets_cloudmask/dataset_cropped/10_Metas/06/12/20191006122900_00160.png,769.8,907,90.5,29.4,962
10/6/2019 12:30,datasets/dataset_cropped/10_Metas/06/12/20191006123000_00160.jpg,datasets_flow/dataset_cropped/10_Metas/06/12/20191006123000_00160.jpg,datasets_cloudmask/dataset_cropped/10_Metas/06/12/20191006123000_00160.png,769.3,906,90.5,29.4,962
10/6/2019 12:31,datasets/dataset_cropped/10_Metas/06/12/20191006123100_00160.jpg,datasets_flow/dataset_cropped/10_Metas/06/12/20191006123100_00160.jpg,datasets_cloudmask/dataset_cropped/10_Metas/06/12/20191006123100_00160.png,769.3,905,90.9,29.5,962
10/6/2019 12:32,datasets/dataset_cropped/10_Metas/06/12/20191006123200_00160.jpg,datasets_flow/dataset_cropped/10_Metas/06/12/20191006123200_00160.jpg,datasets_cloudmask/dataset_cropped/10_Metas/06/12/20191006123200_00160.png,770.4,906,91.3,29.5,962
10/6/2019 12:33,datasets/dataset_cropped/10_Metas/06/12/20191006123300_00160.jpg,datasets_flow/dataset_cropped/10_Metas/06/12/20191006123300_00160.jpg,datasets_cloudmask/dataset_cropped/10_Metas/06/12/20191006123300_00160.png,771.2,906,91.5,29.4,962
10/6/2019 12:34,datasets/dataset_cropped/10_Metas/06/12/20191006123400_00160.jpg,datasets_flow/dataset_cropped/10_Metas/06/12/20191006123400_00160.jpg,datasets_cloudmask/dataset_cropped/10_Metas/06/12/20191006123400_00160.png,771.3,906,91.6,29.5,962
10/6/2019 12:35,datasets/dataset_cropped/10_Metas/06/12/20191006123500_00160.jpg,datasets_flow/dataset_cropped/10_Metas/06/12/20191006123500_00160.jpg,datasets_cloudmask/dataset_cropped/10_Metas/06/12/20191006123500_00160.png,772.2,907,91.4,29.7,962
10/6/2019 12:36,datasets/dataset_cropped/10_Metas/06/12/20191006123600_00160.jpg,datasets_flow/dataset_cropped/10_Metas/06/12/20191006123600_00160.jpg,datasets_cloudmask/dataset_cropped/10_Metas/06/12/20191006123600_00160.png,772.4,907,91.6,29.9,962
10/6/2019 12:37,datasets/dataset_cropped/10_Metas/06/12/20191006123700_00160.jpg,datasets_flow/dataset_cropped/10_Metas/06/12/20191006123700_00160.jpg,datasets_cloudmask/dataset_cropped/10_Metas/06/12/20191006123700_00160.png,773.3,908,91.7,29.7,962
10/6/2019 12:38,datasets/dataset_cropped/10_Metas/06/12/20191006123800_00160.jpg,datasets_flow/dataset_cropped/10_Metas/06/12/20191006123800_00160.jpg,datasets_cloudmask/dataset_cropped/10_Metas/06/12/20191006123800_00160.png,773.2,907,91.9,29.7,962
10/6/2019 12:39,datasets/dataset_cropped/10_Metas/06/12/20191006123900_00160.jpg,datasets_flow/dataset_cropped/10_Metas/06/12/20191006123900_00160.jpg,datasets_cloudmask/dataset_cropped/10_Metas/06/12/20191006123900_00160.png,773,906,92.3,29.6,962
10/6/2019 12:40,datasets/dataset_cropped/10_Metas/06/12/20191006124000_00160.jpg,datasets_flow/dataset_cropped/10_Metas/06/12/20191006124000_00160.jpg,datasets_cloudmask/dataset_cropped/10_Metas/06/12/20191006124000_00160.png,772.3,904,92.2,29.6,962
10/6/2019 12:41,datasets/dataset_cropped/10_Metas/06/12/20191006124100_00160.jpg,datasets_flow/dataset_cropped/10_Metas/06/12/20191006124100_00160.jpg,datasets_cloudmask/dataset_cropped/10_Metas/06/12/20191006124100_00160.png,770.6,901,92.1,29.7,962
10/6/2019 12:42,datasets/dataset_cropped/10_Metas/06/12/20191006124200_00160.jpg,datasets_flow/dataset_cropped/10_Metas/06/12/20191006124200_00160.jpg,datasets_cloudmask/dataset_cropped/10_Metas/06/12/20191006124200_00160.png,769.2,898,92.5,29.6,962
10/6/2019 12:43,datasets/dataset_cropped/10_Metas/06/12/20191006124300_00160.jpg,datasets_flow/dataset_cropped/10_Metas/06/12/20191006124300_00160.jpg,datasets_cloudmask/dataset_cropped/10_Metas/06/12/20191006124300_00160.png,768.5,896,93.2,29.5,962
10/6/2019 12:44,datasets/dataset_cropped/10_Metas/06/12/20191006124400_00160.jpg,datasets_flow/dataset_cropped/10_Metas/06/12/20191006124400_00160.jpg,datasets_cloudmask/dataset_cropped/10_Metas/06/12/20191006124400_00160.png,768.7,897,93.2,29.4,962
10/6/2019 12:45,datasets/dataset_cropped/10_Metas/06/12/20191006124500_00160.jpg,datasets_flow/dataset_cropped/10_Metas/06/12/20191006124500_00160.jpg,datasets_cloudmask/dataset_cropped/10_Metas/06/12/20191006124500_00160.png,768.7,897,93.4,29.8,962
10/6/2019 12:46,datasets/dataset_cropped/10_Metas/06/12/20191006124600_00160.jpg,datasets_flow/dataset_cropped/10_Metas/06/12/20191006124600_00160.jpg,datasets_cloudmask/dataset_cropped/10_Metas/06/12/20191006124600_00160.png,769.2,896,93.7,29.8,962
10/6/2019 12:47,datasets/dataset_cropped/10_Metas/06/12/20191006124700_00160.jpg,datasets_flow/dataset_cropped/10_Metas/06/12/20191006124700_00160.jpg,datasets_cloudmask/dataset_cropped/10_Metas/06/12/20191006124700_00160.png,769.8,896,93.9,29.6,962
10/6/2019 12:48,datasets/dataset_cropped/10_Metas/06/12/20191006124800_00160.jpg,datasets_flow/dataset_cropped/10_Metas/06/12/20191006124800_00160.jpg,datasets_cloudmask/dataset_cropped/10_Metas/06/12/20191006124800_00160.png,769.9,896,93.9,29.5,962
10/6/2019 12:49,datasets/dataset_cropped/10_Metas/06/12/20191006124900_00160.jpg,datasets_flow/dataset_cropped/10_Metas/06/12/20191006124900_00160.jpg,datasets_cloudmask/dataset_cropped/10_Metas/06/12/20191006124900_00160.png,770,897,93.9,29.4,962
10/6/2019 12:50,datasets/dataset_cropped/10_Metas/06/12/20191006125000_00160.jpg,datasets_flow/dataset_cropped/10_Metas/06/12/20191006125000_00160.jpg,datasets_cloudmask/dataset_cropped/10_Metas/06/12/20191006125000_00160.png,769.6,896,94,29.5,962
10/6/2019 12:51,datasets/dataset_cropped/10_Metas/06/12/20191006125100_00160.jpg,datasets_flow/dataset_cropped/10_Metas/06/12/20191006125100_00160.jpg,datasets_cloudmask/dataset_cropped/10_Metas/06/12/20191006125100_00160.png,769.5,896,93.9,29.7,962
10/6/2019 12:52,datasets/dataset_cropped/10_Metas/06/12/20191006125200_00160.jpg,datasets_flow/dataset_cropped/10_Metas/06/12/20191006125200_00160.jpg,datasets_cloudmask/dataset_cropped/10_Metas/06/12/20191006125200_00160.png,769.3,895,93.9,29.6,962
10/6/2019 12:53,datasets/dataset_cropped/10_Metas/06/12/20191006125300_00160.jpg,datasets_flow/dataset_cropped/10_Metas/06/12/20191006125300_00160.jpg,datasets_cloudmask/dataset_cropped/10_Metas/06/12/20191006125300_00160.png,769.8,894,93.9,29.6,962
10/6/2019 12:54,datasets/dataset_cropped/10_Metas/06/12/20191006125400_00160.jpg,datasets_flow/dataset_cropped/10_Metas/06/12/20191006125400_00160.jpg,datasets_cloudmask/dataset_cropped/10_Metas/06/12/20191006125400_00160.png,769.9,893,93.9,29.8,962
10/6/2019 12:55,datasets/dataset_cropped/10_Metas/06/12/20191006125500_00160.jpg,datasets_flow/dataset_cropped/10_Metas/06/12/20191006125500_00160.jpg,datasets_cloudmask/dataset_cropped/10_Metas/06/12/20191006125500_00160.png,769.9,893,93.9,29.9,962
10/6/2019 12:56,datasets/dataset_cropped/10_Metas/06/12/20191006125600_00160.jpg,datasets_flow/dataset_cropped/10_Metas/06/12/20191006125600_00160.jpg,datasets_cloudmask/dataset_cropped/10_Metas/06/12/20191006125600_00160.png,770.4,892,94.1,29.8,962
10/6/2019 12:57,datasets/dataset_cropped/10_Metas/06/12/20191006125700_00160.jpg,datasets_flow/dataset_cropped/10_Metas/06/12/20191006125700_00160.jpg,datasets_cloudmask/dataset_cropped/10_Metas/06/12/20191006125700_00160.png,770.5,892,94.3,29.6,962
10/6/2019 12:58,datasets/dataset_cropped/10_Metas/06/12/20191006125800_00160.jpg,datasets_flow/dataset_cropped/10_Metas/06/12/20191006125800_00160.jpg,datasets_cloudmask/dataset_cropped/10_Metas/06/12/20191006125800_00160.png,769.6,891,94.3,29.6,962
10/6/2019 12:59,datasets/dataset_cropped/10_Metas/06/12/20191006125900_00160.jpg,datasets_flow/dataset_cropped/10_Metas/06/12/20191006125900_00160.jpg,datasets_cloudmask/dataset_cropped/10_Metas/06/12/20191006125900_00160.png,769.2,891,95,29.6,962
10/6/2019 13:00,datasets/dataset_cropped/10_Metas/06/13/20191006130000_00160.jpg,datasets_flow/dataset_cropped/10_Metas/06/13/20191006130000_00160.jpg,datasets_cloudmask/dataset_cropped/10_Metas/06/13/20191006130000_00160.png,768.8,892,95.2,29.4,962
10/6/2019 13:01,datasets/dataset_cropped/10_Metas/06/13/20191006130100_00160.jpg,datasets_flow/dataset_cropped/10_Metas/06/13/20191006130100_00160.jpg,datasets_cloudmask/dataset_cropped/10_Metas/06/13/20191006130100_00160.png,768.6,892,95.1,29.5,962
10/6/2019 13:02,datasets/dataset_cropped/10_Metas/06/13/20191006130200_00160.jpg,datasets_flow/dataset_cropped/10_Metas/06/13/20191006130200_00160.jpg,datasets_cloudmask/dataset_cropped/10_Metas/06/13/20191006130200_00160.png,769.3,892,94.8,29.5,962
10/6/2019 13:03,datasets/dataset_cropped/10_Metas/06/13/20191006130300_00160.jpg,datasets_flow/dataset_cropped/10_Metas/06/13/20191006130300_00160.jpg,datasets_cloudmask/dataset_cropped/10_Metas/06/13/20191006130300_00160.png,769.6,893,94.5,29.5,962
10/6/2019 13:04,datasets/dataset_cropped/10_Metas/06/13/20191006130400_00160.jpg,datasets_flow/dataset_cropped/10_Metas/06/13/20191006130400_00160.jpg,datasets_cloudmask/dataset_cropped/10_Metas/06/13/20191006130400_00160.png,769.1,892,93.9,29.5,962
10/6/2019 13:05,datasets/dataset_cropped/10_Metas/06/13/20191006130500_00160.jpg,datasets_flow/dataset_cropped/10_Metas/06/13/20191006130500_00160.jpg,datasets_cloudmask/dataset_cropped/10_Metas/06/13/20191006130500_00160.png,768.9,892,94.4,29.5,962
10/6/2019 13:06,datasets/dataset_cropped/10_Metas/06/13/20191006130600_00160.jpg,datasets_flow/dataset_cropped/10_Metas/06/13/20191006130600_00160.jpg,datasets_cloudmask/dataset_cropped/10_Metas/06/13/20191006130600_00160.png,769.2,892,94.7,29.4,962
10/6/2019 13:07,datasets/dataset_cropped/10_Metas/06/13/20191006130700_00160.jpg,datasets_flow/dataset_cropped/10_Metas/06/13/20191006130700_00160.jpg,datasets_cloudmask/dataset_cropped/10_Metas/06/13/20191006130700_00160.png,770.2,894,94.6,29.6,962
10/6/2019 13:08,datasets/dataset_cropped/10_Metas/06/13/20191006130800_00160.jpg,datasets_flow/dataset_cropped/10_Metas/06/13/20191006130800_00160.jpg,datasets_cloudmask/dataset_cropped/10_Metas/06/13/20191006130800_00160.png,770.6,895,94.3,29.6,962
10/6/2019 13:09,datasets/dataset_cropped/10_Metas/06/13/20191006130900_00160.jpg,datasets_flow/dataset_cropped/10_Metas/06/13/20191006130900_00160.jpg,datasets_cloudmask/dataset_cropped/10_Metas/06/13/20191006130900_00160.png,770.5,894,94.4,29.6,962
10/6/2019 13:10,datasets/dataset_cropped/10_Metas/06/13/20191006131000_00160.jpg,datasets_flow/dataset_cropped/10_Metas/06/13/20191006131000_00160.jpg,datasets_cloudmask/dataset_cropped/10_Metas/06/13/20191006131000_00160.png,770.3,894,95.2,29.4,962
10/6/2019 13:11,datasets/dataset_cropped/10_Metas/06/13/20191006131100_00160.jpg,datasets_flow/dataset_cropped/10_Metas/06/13/20191006131100_00160.jpg,datasets_cloudmask/dataset_cropped/10_Metas/06/13/20191006131100_00160.png,769,893,95.2,29.5,962
10/6/2019 13:12,datasets/dataset_cropped/10_Metas/06/13/20191006131200_00160.jpg,datasets_flow/dataset_cropped/10_Metas/06/13/20191006131200_00160.jpg,datasets_cloudmask/dataset_cropped/10_Metas/06/13/20191006131200_00160.png,768.3,892,94.6,29.4,962
10/6/2019 13:13,datasets/dataset_cropped/10_Metas/06/13/20191006131300_00160.jpg,datasets_flow/dataset_cropped/10_Metas/06/13/20191006131300_00160.jpg,datasets_cloudmask/dataset_cropped/10_Metas/06/13/20191006131300_00160.png,768.2,892,95,29.3,962
10/6/2019 13:14,datasets/dataset_cropped/10_Metas/06/13/20191006131400_00160.jpg,datasets_flow/dataset_cropped/10_Metas/06/13/20191006131400_00160.jpg,datasets_cloudmask/dataset_cropped/10_Metas/06/13/20191006131400_00160.png,768.1,892,95.2,29.5,962
10/6/2019 13:15,datasets/dataset_cropped/10_Metas/06/13/20191006131500_00160.jpg,datasets_flow/dataset_cropped/10_Metas/06/13/20191006131500_00160.jpg,datasets_cloudmask/dataset_cropped/10_Metas/06/13/20191006131500_00160.png,767.6,892,95,29.8,962
10/6/2019 13:16,datasets/dataset_cropped/10_Metas/06/13/20191006131600_00160.jpg,datasets_flow/dataset_cropped/10_Metas/06/13/20191006131600_00160.jpg,datasets_cloudmask/dataset_cropped/10_Metas/06/13/20191006131600_00160.png,767,891,95.2,30.1,962
10/6/2019 13:17,datasets/dataset_cropped/10_Metas/06/13/20191006131700_00160.jpg,datasets_flow/dataset_cropped/10_Metas/06/13/20191006131700_00160.jpg,datasets_cloudmask/dataset_cropped/10_Metas/06/13/20191006131700_00160.png,767.2,892,95.5,30.1,962
10/6/2019 13:18,datasets/dataset_cropped/10_Metas/06/13/20191006131800_00160.jpg,datasets_flow/dataset_cropped/10_Metas/06/13/20191006131800_00160.jpg,datasets_cloudmask/dataset_cropped/10_Metas/06/13/20191006131800_00160.png,766.8,892,95.9,30,962
10/6/2019 13:19,datasets/dataset_cropped/10_Metas/06/13/20191006131900_00160.jpg,datasets_flow/dataset_cropped/10_Metas/06/13/20191006131900_00160.jpg,datasets_cloudmask/dataset_cropped/10_Metas/06/13/20191006131900_00160.png,767.4,894,96.1,29.8,962
10/6/2019 13:20,datasets/dataset_cropped/10_Metas/06/13/20191006132000_00160.jpg,datasets_flow/dataset_cropped/10_Metas/06/13/20191006132000_00160.jpg,datasets_cloudmask/dataset_cropped/10_Metas/06/13/20191006132000_00160.png,766.3,894,95.5,29.9,962
10/6/2019 13:21,datasets/dataset_cropped/10_Metas/06/13/20191006132100_00160.jpg,datasets_flow/dataset_cropped/10_Metas/06/13/20191006132100_00160.jpg,datasets_cloudmask/dataset_cropped/10_Metas/06/13/20191006132100_00160.png,764.3,891,95.3,29.9,962
10/6/2019 13:22,datasets/dataset_cropped/10_Metas/06/13/20191006132200_00160.jpg,datasets_flow/dataset_cropped/10_Metas/06/13/20191006132200_00160.jpg,datasets_cloudmask/dataset_cropped/10_Metas/06/13/20191006132200_00160.png,764.5,891,95.5,29.9,962
10/6/2019 13:23,datasets/dataset_cropped/10_Metas/06/13/20191006132300_00160.jpg,datasets_flow/dataset_cropped/10_Metas/06/13/20191006132300_00160.jpg,datasets_cloudmask/dataset_cropped/10_Metas/06/13/20191006132300_00160.png,764.1,891,95.4,30.2,962
10/6/2019 13:24,datasets/dataset_cropped/10_Metas/06/13/20191006132400_00160.jpg,datasets_flow/dataset_cropped/10_Metas/06/13/20191006132400_00160.jpg,datasets_cloudmask/dataset_cropped/10_Metas/06/13/20191006132400_00160.png,763.7,890,95.2,30.1,962
10/6/2019 13:25,datasets/dataset_cropped/10_Metas/06/13/20191006132500_00160.jpg,datasets_flow/dataset_cropped/10_Metas/06/13/20191006132500_00160.jpg,datasets_cloudmask/dataset_cropped/10_Metas/06/13/20191006132500_00160.png,762.1,888,95.4,29.8,962
10/6/2019 13:26,datasets/dataset_cropped/10_Metas/06/13/20191006132600_00160.jpg,datasets_flow/dataset_cropped/10_Metas/06/13/20191006132600_00160.jpg,datasets_cloudmask/dataset_cropped/10_Metas/06/13/20191006132600_00160.png,762.3,888,95.5,29.8,962
10/6/2019 13:27,datasets/dataset_cropped/10_Metas/06/13/20191006132700_00160.jpg,datasets_flow/dataset_cropped/10_Metas/06/13/20191006132700_00160.jpg,datasets_cloudmask/dataset_cropped/10_Metas/06/13/20191006132700_00160.png,761.8,888,95.9,29.6,962
10/6/2019 13:28,datasets/dataset_cropped/10_Metas/06/13/20191006132800_00160.jpg,datasets_flow/dataset_cropped/10_Metas/06/13/20191006132800_00160.jpg,datasets_cloudmask/dataset_cropped/10_Metas/06/13/20191006132800_00160.png,759.9,886,95.7,29.6,962
10/6/2019 13:29,datasets/dataset_cropped/10_Metas/06/13/20191006132900_00160.jpg,datasets_flow/dataset_cropped/10_Metas/06/13/20191006132900_00160.jpg,datasets_cloudmask/dataset_cropped/10_Metas/06/13/20191006132900_00160.png,758.1,884,95.1,29.4,962
10/6/2019 13:30,datasets/dataset_cropped/10_Metas/06/13/20191006133000_00160.jpg,datasets_flow/dataset_cropped/10_Metas/06/13/20191006133000_00160.jpg,datasets_cloudmask/dataset_cropped/10_Metas/06/13/20191006133000_00160.png,757.3,883,95.4,29.6,962
10/6/2019 13:31,datasets/dataset_cropped/10_Metas/06/13/20191006133100_00160.jpg,datasets_flow/dataset_cropped/10_Metas/06/13/20191006133100_00160.jpg,datasets_cloudmask/dataset_cropped/10_Metas/06/13/20191006133100_00160.png,756.8,883,95.6,29.9,962
10/6/2019 13:32,datasets/dataset_cropped/10_Metas/06/13/20191006133200_00160.jpg,datasets_flow/dataset_cropped/10_Metas/06/13/20191006133200_00160.jpg,datasets_cloudmask/dataset_cropped/10_Metas/06/13/20191006133200_00160.png,757.7,884,95.5,30.1,962
10/6/2019 13:33,datasets/dataset_cropped/10_Metas/06/13/20191006133300_00160.jpg,datasets_flow/dataset_cropped/10_Metas/06/13/20191006133300_00160.jpg,datasets_cloudmask/dataset_cropped/10_Metas/06/13/20191006133300_00160.png,756.3,883,95.4,30.1,962
10/6/2019 13:34,datasets/dataset_cropped/10_Metas/06/13/20191006133400_00160.jpg,datasets_flow/dataset_cropped/10_Metas/06/13/20191006133400_00160.jpg,datasets_cloudmask/dataset_cropped/10_Metas/06/13/20191006133400_00160.png,754.7,881,95.9,30.2,962
10/6/2019 13:35,datasets/dataset_cropped/10_Metas/06/13/20191006133500_00160.jpg,datasets_flow/dataset_cropped/10_Metas/06/13/20191006133500_00160.jpg,datasets_cloudmask/dataset_cropped/10_Metas/06/13/20191006133500_00160.png,753.9,880,96.5,30.2,962
10/6/2019 13:36,datasets/dataset_cropped/10_Metas/06/13/20191006133600_00160.jpg,datasets_flow/dataset_cropped/10_Metas/06/13/20191006133600_00160.jpg,datasets_cloudmask/dataset_cropped/10_Metas/06/13/20191006133600_00160.png,752.9,880,96.2,30.2,962
10/6/2019 13:37,datasets/dataset_cropped/10_Metas/06/13/20191006133700_00160.jpg,datasets_flow/dataset_cropped/10_Metas/06/13/20191006133700_00160.jpg,datasets_cloudmask/dataset_cropped/10_Metas/06/13/20191006133700_00160.png,751.2,878,97.4,30.1,962
10/6/2019 13:38,datasets/dataset_cropped/10_Metas/06/13/20191006133800_00160.jpg,datasets_flow/dataset_cropped/10_Metas/06/13/20191006133800_00160.jpg,datasets_cloudmask/dataset_cropped/10_Metas/06/13/20191006133800_00160.png,748.5,875,98.4,29.9,962
10/6/2019 13:39,datasets/dataset_cropped/10_Metas/06/13/20191006133900_00160.jpg,datasets_flow/dataset_cropped/10_Metas/06/13/20191006133900_00160.jpg,datasets_cloudmask/dataset_cropped/10_Metas/06/13/20191006133900_00160.png,748.9,877,97.8,29.9,962
10/6/2019 13:40,datasets/dataset_cropped/10_Metas/06/13/20191006134000_00160.jpg,datasets_flow/dataset_cropped/10_Metas/06/13/20191006134000_00160.jpg,datasets_cloudmask/dataset_cropped/10_Metas/06/13/20191006134000_00160.png,749.3,878,97.2,30.1,962
10/6/2019 13:41,datasets/dataset_cropped/10_Metas/06/13/20191006134100_00160.jpg,datasets_flow/dataset_cropped/10_Metas/06/13/20191006134100_00160.jpg,datasets_cloudmask/dataset_cropped/10_Metas/06/13/20191006134100_00160.png,748.5,878,96.6,30,962
10/6/2019 13:42,datasets/dataset_cropped/10_Metas/06/13/20191006134200_00160.jpg,datasets_flow/dataset_cropped/10_Metas/06/13/20191006134200_00160.jpg,datasets_cloudmask/dataset_cropped/10_Metas/06/13/20191006134200_00160.png,745.7,875,96.3,29.8,962
10/6/2019 13:43,datasets/dataset_cropped/10_Metas/06/13/20191006134300_00160.jpg,datasets_flow/dataset_cropped/10_Metas/06/13/20191006134300_00160.jpg,datasets_cloudmask/dataset_cropped/10_Metas/06/13/20191006134300_00160.png,744.6,874,96.7,29.6,962
10/6/2019 13:44,datasets/dataset_cropped/10_Metas/06/13/20191006134400_00160.jpg,datasets_flow/dataset_cropped/10_Metas/06/13/20191006134400_00160.jpg,datasets_cloudmask/dataset_cropped/10_Metas/06/13/20191006134400_00160.png,743.6,874,96.8,29.7,962
10/6/2019 13:45,datasets/dataset_cropped/10_Metas/06/13/20191006134500_00160.jpg,datasets_flow/dataset_cropped/10_Metas/06/13/20191006134500_00160.jpg,datasets_cloudmask/dataset_cropped/10_Metas/06/13/20191006134500_00160.png,743.5,875,96.4,29.9,962
10/6/2019 13:46,datasets/dataset_cropped/10_Metas/06/13/20191006134600_00160.jpg,datasets_flow/dataset_cropped/10_Metas/06/13/20191006134600_00160.jpg,datasets_cloudmask/dataset_cropped/10_Metas/06/13/20191006134600_00160.png,743.6,876,96.3,30.1,962
10/6/2019 13:47,datasets/dataset_cropped/10_Metas/06/13/20191006134700_00160.jpg,datasets_flow/dataset_cropped/10_Metas/06/13/20191006134700_00160.jpg,datasets_cloudmask/dataset_cropped/10_Metas/06/13/20191006134700_00160.png,743.7,877,95.9,30,962
10/6/2019 13:48,datasets/dataset_cropped/10_Metas/06/13/20191006134800_00160.jpg,datasets_flow/dataset_cropped/10_Metas/06/13/20191006134800_00160.jpg,datasets_cloudmask/dataset_cropped/10_Metas/06/13/20191006134800_00160.png,744,878,95.7,29.9,962
10/6/2019 13:49,datasets/dataset_cropped/10_Metas/06/13/20191006134900_00160.jpg,datasets_flow/dataset_cropped/10_Metas/06/13/20191006134900_00160.jpg,datasets_cloudmask/dataset_cropped/10_Metas/06/13/20191006134900_00160.png,741.8,876,95.8,29.7,962
10/6/2019 13:50,datasets/dataset_cropped/10_Metas/06/13/20191006135000_00160.jpg,datasets_flow/dataset_cropped/10_Metas/06/13/20191006135000_00160.jpg,datasets_cloudmask/dataset_cropped/10_Metas/06/13/20191006135000_00160.png,740.7,875,95.8,29.5,962
10/6/2019 13:51,datasets/dataset_cropped/10_Metas/06/13/20191006135100_00160.jpg,datasets_flow/dataset_cropped/10_Metas/06/13/20191006135100_00160.jpg,datasets_cloudmask/dataset_cropped/10_Metas/06/13/20191006135100_00160.png,739.9,875,95.8,29.5,962
10/6/2019 13:52,datasets/dataset_cropped/10_Metas/06/13/20191006135200_00160.jpg,datasets_flow/dataset_cropped/10_Metas/06/13/20191006135200_00160.jpg,datasets_cloudmask/dataset_cropped/10_Metas/06/13/20191006135200_00160.png,739,875,95.9,29.7,962
10/6/2019 13:53,datasets/dataset_cropped/10_Metas/06/13/20191006135300_00160.jpg,datasets_flow/dataset_cropped/10_Metas/06/13/20191006135300_00160.jpg,datasets_cloudmask/dataset_cropped/10_Metas/06/13/20191006135300_00160.png,738.7,875,96.1,29.9,962
10/6/2019 13:54,datasets/dataset_cropped/10_Metas/06/13/20191006135400_00160.jpg,datasets_flow/dataset_cropped/10_Metas/06/13/20191006135400_00160.jpg,datasets_cloudmask/dataset_cropped/10_Metas/06/13/20191006135400_00160.png,738.8,877,96.1,29.9,962
10/6/2019 13:55,datasets/dataset_cropped/10_Metas/06/13/20191006135500_00160.jpg,datasets_flow/dataset_cropped/10_Metas/06/13/20191006135500_00160.jpg,datasets_cloudmask/dataset_cropped/10_Metas/06/13/20191006135500_00160.png,737.2,876,96.7,29.9,962
10/6/2019 13:56,datasets/dataset_cropped/10_Metas/06/13/20191006135600_00160.jpg,datasets_flow/dataset_cropped/10_Metas/06/13/20191006135600_00160.jpg,datasets_cloudmask/dataset_cropped/10_Metas/06/13/20191006135600_00160.png,736.3,876,96.9,30.1,962
10/6/2019 13:57,datasets/dataset_cropped/10_Metas/06/13/20191006135700_00160.jpg,datasets_flow/dataset_cropped/10_Metas/06/13/20191006135700_00160.jpg,datasets_cloudmask/dataset_cropped/10_Metas/06/13/20191006135700_00160.png,735.7,876,96.7,29.9,962
10/6/2019 13:58,datasets/dataset_cropped/10_Metas/06/13/20191006135800_00160.jpg,datasets_flow/dataset_cropped/10_Metas/06/13/20191006135800_00160.jpg,datasets_cloudmask/dataset_cropped/10_Metas/06/13/20191006135800_00160.png,733.8,875,97,29.7,961
10/6/2019 13:59,datasets/dataset_cropped/10_Metas/06/13/20191006135900_00160.jpg,datasets_flow/dataset_cropped/10_Metas/06/13/20191006135900_00160.jpg,datasets_cloudmask/dataset_cropped/10_Metas/06/13/20191006135900_00160.png,733.5,875,97.4,29.6,962
10/6/2019 14:00,datasets/dataset_cropped/10_Metas/06/14/20191006140000_00160.jpg,datasets_flow/dataset_cropped/10_Metas/06/14/20191006140000_00160.jpg,datasets_cloudmask/dataset_cropped/10_Metas/06/14/20191006140000_00160.png,733.8,878,96.3,29.8,962
10/6/2019 14:01,datasets/dataset_cropped/10_Metas/06/14/20191006140100_00160.jpg,datasets_flow/dataset_cropped/10_Metas/06/14/20191006140100_00160.jpg,datasets_cloudmask/dataset_cropped/10_Metas/06/14/20191006140100_00160.png,734,879,96,29.7,962
10/6/2019 14:02,datasets/dataset_cropped/10_Metas/06/14/20191006140200_00160.jpg,datasets_flow/dataset_cropped/10_Metas/06/14/20191006140200_00160.jpg,datasets_cloudmask/dataset_cropped/10_Metas/06/14/20191006140200_00160.png,732.6,879,95.9,29.5,962
10/6/2019 14:03,datasets/dataset_cropped/10_Metas/06/14/20191006140300_00160.jpg,datasets_flow/dataset_cropped/10_Metas/06/14/20191006140300_00160.jpg,datasets_cloudmask/dataset_cropped/10_Metas/06/14/20191006140300_00160.png,730.4,877,96,29.5,962
10/6/2019 14:04,datasets/dataset_cropped/10_Metas/06/14/20191006140400_00160.jpg,datasets_flow/dataset_cropped/10_Metas/06/14/20191006140400_00160.jpg,datasets_cloudmask/dataset_cropped/10_Metas/06/14/20191006140400_00160.png,727,874,95.5,29.3,962
10/6/2019 14:05,datasets/dataset_cropped/10_Metas/06/14/20191006140500_00160.jpg,datasets_flow/dataset_cropped/10_Metas/06/14/20191006140500_00160.jpg,datasets_cloudmask/dataset_cropped/10_Metas/06/14/20191006140500_00160.png,726.7,875,95,29.4,962
10/6/2019 14:06,datasets/dataset_cropped/10_Metas/06/14/20191006140600_00160.jpg,datasets_flow/dataset_cropped/10_Metas/06/14/20191006140600_00160.jpg,datasets_cloudmask/dataset_cropped/10_Metas/06/14/20191006140600_00160.png,728.6,879,94.7,29.8,962
10/6/2019 14:07,datasets/dataset_cropped/10_Metas/06/14/20191006140700_00160.jpg,datasets_flow/dataset_cropped/10_Metas/06/14/20191006140700_00160.jpg,datasets_cloudmask/dataset_cropped/10_Metas/06/14/20191006140700_00160.png,725.6,876,94.6,29.9,962
10/6/2019 14:08,datasets/dataset_cropped/10_Metas/06/14/20191006140800_00160.jpg,datasets_flow/dataset_cropped/10_Metas/06/14/20191006140800_00160.jpg,datasets_cloudmask/dataset_cropped/10_Metas/06/14/20191006140800_00160.png,724.7,876,95.3,29.6,962
10/6/2019 14:09,datasets/dataset_cropped/10_Metas/06/14/20191006140900_00160.jpg,datasets_flow/dataset_cropped/10_Metas/06/14/20191006140900_00160.jpg,datasets_cloudmask/dataset_cropped/10_Metas/06/14/20191006140900_00160.png,723.4,877,95.7,29.7,962
10/6/2019 14:10,datasets/dataset_cropped/10_Metas/06/14/20191006141000_00160.jpg,datasets_flow/dataset_cropped/10_Metas/06/14/20191006141000_00160.jpg,datasets_cloudmask/dataset_cropped/10_Metas/06/14/20191006141000_00160.png,720.6,874,95.4,29.7,962
10/6/2019 14:11,datasets/dataset_cropped/10_Metas/06/14/20191006141100_00160.jpg,datasets_flow/dataset_cropped/10_Metas/06/14/20191006141100_00160.jpg,datasets_cloudmask/dataset_cropped/10_Metas/06/14/20191006141100_00160.png,719,873,95.3,29.8,962
10/6/2019 14:12,datasets/dataset_cropped/10_Metas/06/14/20191006141200_00160.jpg,datasets_flow/dataset_cropped/10_Metas/06/14/20191006141200_00160.jpg,datasets_cloudmask/dataset_cropped/10_Metas/06/14/20191006141200_00160.png,716.4,869,96.2,30,961
10/6/2019 14:13,datasets/dataset_cropped/10_Metas/06/14/20191006141300_00160.jpg,datasets_flow/dataset_cropped/10_Metas/06/14/20191006141300_00160.jpg,datasets_cloudmask/dataset_cropped/10_Metas/06/14/20191006141300_00160.png,709.9,856,99.4,29.8,961
10/6/2019 14:14,datasets/dataset_cropped/10_Metas/06/14/20191006141400_00160.jpg,datasets_flow/dataset_cropped/10_Metas/06/14/20191006141400_00160.jpg,datasets_cloudmask/dataset_cropped/10_Metas/06/14/20191006141400_00160.png,706.7,850,101.3,29.8,961
10/6/2019 14:15,datasets/dataset_cropped/10_Metas/06/14/20191006141500_00160.jpg,datasets_flow/dataset_cropped/10_Metas/06/14/20191006141500_00160.jpg,datasets_cloudmask/dataset_cropped/10_Metas/06/14/20191006141500_00160.png,715.6,871,95.1,30.1,961
10/6/2019 14:16,datasets/dataset_cropped/10_Metas/06/14/20191006141600_00160.jpg,datasets_flow/dataset_cropped/10_Metas/06/14/20191006141600_00160.jpg,datasets_cloudmask/dataset_cropped/10_Metas/06/14/20191006141600_00160.png,715.7,873,94.3,30.3,961
10/6/2019 14:17,datasets/dataset_cropped/10_Metas/06/14/20191006141700_00149.jpg,datasets_flow/dataset_cropped/10_Metas/06/14/20191006141700_00149.jpg,datasets_cloudmask/dataset_cropped/10_Metas/06/14/20191006141700_00149.png,713,870,94.1,30.1,962
10/6/2019 14:18,datasets/dataset_cropped/10_Metas/06/14/20191006141800_00160.jpg,datasets_flow/dataset_cropped/10_Metas/06/14/20191006141800_00160.jpg,datasets_cloudmask/dataset_cropped/10_Metas/06/14/20191006141800_00160.png,709.9,867,93.8,29.8,961
10/6/2019 14:19,datasets/dataset_cropped/10_Metas/06/14/20191006141900_00160.jpg,datasets_flow/dataset_cropped/10_Metas/06/14/20191006141900_00160.jpg,datasets_cloudmask/dataset_cropped/10_Metas/06/14/20191006141900_00160.png,707.3,865,93.5,29.8,961
10/6/2019 14:20,datasets/dataset_cropped/10_Metas/06/14/20191006142000_00160.jpg,datasets_flow/dataset_cropped/10_Metas/06/14/20191006142000_00160.jpg,datasets_cloudmask/dataset_cropped/10_Metas/06/14/20191006142000_00160.png,704.6,863,93.6,29.9,961
10/6/2019 14:21,datasets/dataset_cropped/10_Metas/06/14/20191006142100_00160.jpg,datasets_flow/dataset_cropped/10_Metas/06/14/20191006142100_00160.jpg,datasets_cloudmask/dataset_cropped/10_Metas/06/14/20191006142100_00160.png,704.5,865,93.8,29.9,961
10/6/2019 14:22,datasets/dataset_cropped/10_Metas/06/14/20191006142200_00160.jpg,datasets_flow/dataset_cropped/10_Metas/06/14/20191006142200_00160.jpg,datasets_cloudmask/dataset_cropped/10_Metas/06/14/20191006142200_00160.png,703.9,867,93.4,29.8,961
10/6/2019 14:23,datasets/dataset_cropped/10_Metas/06/14/20191006142300_00160.jpg,datasets_flow/dataset_cropped/10_Metas/06/14/20191006142300_00160.jpg,datasets_cloudmask/dataset_cropped/10_Metas/06/14/20191006142300_00160.png,701.8,866,92.9,29.9,961
10/6/2019 14:24,datasets/dataset_cropped/10_Metas/06/14/20191006142400_00160.jpg,datasets_flow/dataset_cropped/10_Metas/06/14/20191006142400_00160.jpg,datasets_cloudmask/dataset_cropped/10_Metas/06/14/20191006142400_00160.png,701.1,866,92.8,30.1,961
10/6/2019 14:25,datasets/dataset_cropped/10_Metas/06/14/20191006142500_00160.jpg,datasets_flow/dataset_cropped/10_Metas/06/14/20191006142500_00160.jpg,datasets_cloudmask/dataset_cropped/10_Metas/06/14/20191006142500_00160.png,700.1,867,92.4,30,961
10/6/2019 14:26,datasets/dataset_cropped/10_Metas/06/14/20191006142600_00160.jpg,datasets_flow/dataset_cropped/10_Metas/06/14/20191006142600_00160.jpg,datasets_cloudmask/dataset_cropped/10_Metas/06/14/20191006142600_00160.png,699.4,867,92.2,29.9,961
10/6/2019 14:27,datasets/dataset_cropped/10_Metas/06/14/20191006142700_00160.jpg,datasets_flow/dataset_cropped/10_Metas/06/14/20191006142700_00160.jpg,datasets_cloudmask/dataset_cropped/10_Metas/06/14/20191006142700_00160.png,697.8,866,92.9,30,961
10/6/2019 14:28,datasets/dataset_cropped/10_Metas/06/14/20191006142800_00160.jpg,datasets_flow/dataset_cropped/10_Metas/06/14/20191006142800_00160.jpg,datasets_cloudmask/dataset_cropped/10_Metas/06/14/20191006142800_00160.png,696.3,866,93,30.1,961
10/6/2019 14:29,datasets/dataset_cropped/10_Metas/06/14/20191006142900_00160.jpg,datasets_flow/dataset_cropped/10_Metas/06/14/20191006142900_00160.jpg,datasets_cloudmask/dataset_cropped/10_Metas/06/14/20191006142900_00160.png,694.8,866,93,30.2,961
10/6/2019 14:30,datasets/dataset_cropped/10_Metas/06/14/20191006143000_00160.jpg,datasets_flow/dataset_cropped/10_Metas/06/14/20191006143000_00160.jpg,datasets_cloudmask/dataset_cropped/10_Metas/06/14/20191006143000_00160.png,694.8,868,93,30.3,961
10/6/2019 14:31,datasets/dataset_cropped/10_Metas/06/14/20191006143100_00160.jpg,datasets_flow/dataset_cropped/10_Metas/06/14/20191006143100_00160.jpg,datasets_cloudmask/dataset_cropped/10_Metas/06/14/20191006143100_00160.png,694.2,869,93.2,30,961
10/6/2019 14:32,datasets/dataset_cropped/10_Metas/06/14/20191006143200_00160.jpg,datasets_flow/dataset_cropped/10_Metas/06/14/20191006143200_00160.jpg,datasets_cloudmask/dataset_cropped/10_Metas/06/14/20191006143200_00160.png,690.8,866,93,30,961
10/6/2019 14:33,datasets/dataset_cropped/10_Metas/06/14/20191006143300_00160.jpg,datasets_flow/dataset_cropped/10_Metas/06/14/20191006143300_00160.jpg,datasets_cloudmask/dataset_cropped/10_Metas/06/14/20191006143300_00160.png,687.9,864,92.6,30,961
10/6/2019 14:34,datasets/dataset_cropped/10_Metas/06/14/20191006143400_00160.jpg,datasets_flow/dataset_cropped/10_Metas/06/14/20191006143400_00160.jpg,datasets_cloudmask/dataset_cropped/10_Metas/06/14/20191006143400_00160.png,685.8,862,92.4,29.7,961
10/6/2019 14:35,datasets/dataset_cropped/10_Metas/06/14/20191006143500_00160.jpg,datasets_flow/dataset_cropped/10_Metas/06/14/20191006143500_00160.jpg,datasets_cloudmask/dataset_cropped/10_Metas/06/14/20191006143500_00160.png,683.5,860,92.3,29.7,961
10/6/2019 14:36,datasets/dataset_cropped/10_Metas/06/14/20191006143600_00160.jpg,datasets_flow/dataset_cropped/10_Metas/06/14/20191006143600_00160.jpg,datasets_cloudmask/dataset_cropped/10_Metas/06/14/20191006143600_00160.png,680.2,857,92.1,30,961
10/6/2019 14:37,datasets/dataset_cropped/10_Metas/06/14/20191006143700_00160.jpg,datasets_flow/dataset_cropped/10_Metas/06/14/20191006143700_00160.jpg,datasets_cloudmask/dataset_cropped/10_Metas/06/14/20191006143700_00160.png,678.9,857,91.9,30.2,961
10/6/2019 14:38,datasets/dataset_cropped/10_Metas/06/14/20191006143800_00160.jpg,datasets_flow/dataset_cropped/10_Metas/06/14/20191006143800_00160.jpg,datasets_cloudmask/dataset_cropped/10_Metas/06/14/20191006143800_00160.png,677.5,858,92.1,30.4,961
10/6/2019 14:39,datasets/dataset_cropped/10_Metas/06/14/20191006143900_00160.jpg,datasets_flow/dataset_cropped/10_Metas/06/14/20191006143900_00160.jpg,datasets_cloudmask/dataset_cropped/10_Metas/06/14/20191006143900_00160.png,676.1,858,92.1,30.6,961
10/6/2019 14:40,datasets/dataset_cropped/10_Metas/06/14/20191006144000_00160.jpg,datasets_flow/dataset_cropped/10_Metas/06/14/20191006144000_00160.jpg,datasets_cloudmask/dataset_cropped/10_Metas/06/14/20191006144000_00160.png,674.8,859,91.9,30.5,961
10/6/2019 14:41,datasets/dataset_cropped/10_Metas/06/14/20191006144100_00160.jpg,datasets_flow/dataset_cropped/10_Metas/06/14/20191006144100_00160.jpg,datasets_cloudmask/dataset_cropped/10_Metas/06/14/20191006144100_00160.png,673.1,858,92,30.2,961
10/6/2019 14:42,datasets/dataset_cropped/10_Metas/06/14/20191006144200_00160.jpg,datasets_flow/dataset_cropped/10_Metas/06/14/20191006144200_00160.jpg,datasets_cloudmask/dataset_cropped/10_Metas/06/14/20191006144200_00160.png,671.5,859,91.7,29.8,961
10/6/2019 14:43,datasets/dataset_cropped/10_Metas/06/14/20191006144300_00160.jpg,datasets_flow/dataset_cropped/10_Metas/06/14/20191006144300_00160.jpg,datasets_cloudmask/dataset_cropped/10_Metas/06/14/20191006144300_00160.png,669.9,858,91.2,29.7,961
10/6/2019 14:44,datasets/dataset_cropped/10_Metas/06/14/20191006144400_00160.jpg,datasets_flow/dataset_cropped/10_Metas/06/14/20191006144400_00160.jpg,datasets_cloudmask/dataset_cropped/10_Metas/06/14/20191006144400_00160.png,668.3,857,91.2,29.7,961
10/6/2019 14:45,datasets/dataset_cropped/10_Metas/06/14/20191006144500_00160.jpg,datasets_flow/dataset_cropped/10_Metas/06/14/20191006144500_00160.jpg,datasets_cloudmask/dataset_cropped/10_Metas/06/14/20191006144500_00160.png,666.5,857,91.3,29.8,961
10/6/2019 14:46,datasets/dataset_cropped/10_Metas/06/14/20191006144600_00160.jpg,datasets_flow/dataset_cropped/10_Metas/06/14/20191006144600_00160.jpg,datasets_cloudmask/dataset_cropped/10_Metas/06/14/20191006144600_00160.png,664.4,856,91,29.8,961
10/6/2019 14:47,datasets/dataset_cropped/10_Metas/06/14/20191006144700_00160.jpg,datasets_flow/dataset_cropped/10_Metas/06/14/20191006144700_00160.jpg,datasets_cloudmask/dataset_cropped/10_Metas/06/14/20191006144700_00160.png,662.5,856,90.7,29.9,961
10/6/2019 14:48,datasets/dataset_cropped/10_Metas/06/14/20191006144800_00160.jpg,datasets_flow/dataset_cropped/10_Metas/06/14/20191006144800_00160.jpg,datasets_cloudmask/dataset_cropped/10_Metas/06/14/20191006144800_00160.png,661.5,857,90.3,29.9,961
10/6/2019 14:49,datasets/dataset_cropped/10_Metas/06/14/20191006144900_00160.jpg,datasets_flow/dataset_cropped/10_Metas/06/14/20191006144900_00160.jpg,datasets_cloudmask/dataset_cropped/10_Metas/06/14/20191006144900_00160.png,659,856,90,29.8,961
10/6/2019 14:50,datasets/dataset_cropped/10_Metas/06/14/20191006145000_00160.jpg,datasets_flow/dataset_cropped/10_Metas/06/14/20191006145000_00160.jpg,datasets_cloudmask/dataset_cropped/10_Metas/06/14/20191006145000_00160.png,657,855,89.9,29.9,961
10/6/2019 14:51,datasets/dataset_cropped/10_Metas/06/14/20191006145100_00160.jpg,datasets_flow/dataset_cropped/10_Metas/06/14/20191006145100_00160.jpg,datasets_cloudmask/dataset_cropped/10_Metas/06/14/20191006145100_00160.png,655.4,856,89.6,30,961
10/6/2019 14:52,datasets/dataset_cropped/10_Metas/06/14/20191006145200_00160.jpg,datasets_flow/dataset_cropped/10_Metas/06/14/20191006145200_00160.jpg,datasets_cloudmask/dataset_cropped/10_Metas/06/14/20191006145200_00160.png,653.8,857,89.1,29.9,961
10/6/2019 14:53,datasets/dataset_cropped/10_Metas/06/14/20191006145300_00160.jpg,datasets_flow/dataset_cropped/10_Metas/06/14/20191006145300_00160.jpg,datasets_cloudmask/dataset_cropped/10_Metas/06/14/20191006145300_00160.png,653.2,858,88.8,29.6,961
10/6/2019 14:54,datasets/dataset_cropped/10_Metas/06/14/20191006145400_00160.jpg,datasets_flow/dataset_cropped/10_Metas/06/14/20191006145400_00160.jpg,datasets_cloudmask/dataset_cropped/10_Metas/06/14/20191006145400_00160.png,651.5,858,88.4,29.7,961
10/6/2019 14:55,datasets/dataset_cropped/10_Metas/06/14/20191006145500_00160.jpg,datasets_flow/dataset_cropped/10_Metas/06/14/20191006145500_00160.jpg,datasets_cloudmask/dataset_cropped/10_Metas/06/14/20191006145500_00160.png,648.4,855,88.3,29.8,961
10/6/2019 14:56,datasets/dataset_cropped/10_Metas/06/14/20191006145600_00160.jpg,datasets_flow/dataset_cropped/10_Metas/06/14/20191006145600_00160.jpg,datasets_cloudmask/dataset_cropped/10_Metas/06/14/20191006145600_00160.png,646.6,854,88.2,29.8,961
10/6/2019 14:57,datasets/dataset_cropped/10_Metas/06/14/20191006145700_00160.jpg,datasets_flow/dataset_cropped/10_Metas/06/14/20191006145700_00160.jpg,datasets_cloudmask/dataset_cropped/10_Metas/06/14/20191006145700_00160.png,644.2,853,87.9,29.6,961
10/6/2019 14:58,datasets/dataset_cropped/10_Metas/06/14/20191006145800_00160.jpg,datasets_flow/dataset_cropped/10_Metas/06/14/20191006145800_00160.jpg,datasets_cloudmask/dataset_cropped/10_Metas/06/14/20191006145800_00160.png,640.9,850,87.8,29.6,961
10/6/2019 14:59,datasets/dataset_cropped/10_Metas/06/14/20191006145900_00160.jpg,datasets_flow/dataset_cropped/10_Metas/06/14/20191006145900_00160.jpg,datasets_cloudmask/dataset_cropped/10_Metas/06/14/20191006145900_00160.png,637.7,848,87.9,29.7,961
10/6/2019 15:00,datasets/dataset_cropped/10_Metas/06/15/20191006150000_00160.jpg,datasets_flow/dataset_cropped/10_Metas/06/15/20191006150000_00160.jpg,datasets_cloudmask/dataset_cropped/10_Metas/06/15/20191006150000_00160.png,637,849,87.8,30.1,961
10/6/2019 15:01,datasets/dataset_cropped/10_Metas/06/15/20191006150100_00160.jpg,datasets_flow/dataset_cropped/10_Metas/06/15/20191006150100_00160.jpg,datasets_cloudmask/dataset_cropped/10_Metas/06/15/20191006150100_00160.png,634.4,847,87.7,30.2,961
10/6/2019 15:02,datasets/dataset_cropped/10_Metas/06/15/20191006150200_00160.jpg,datasets_flow/dataset_cropped/10_Metas/06/15/20191006150200_00160.jpg,datasets_cloudmask/dataset_cropped/10_Metas/06/15/20191006150200_00160.png,631.2,844,87.7,30.3,961
10/6/2019 15:03,datasets/dataset_cropped/10_Metas/06/15/20191006150300_00160.jpg,datasets_flow/dataset_cropped/10_Metas/06/15/20191006150300_00160.jpg,datasets_cloudmask/dataset_cropped/10_Metas/06/15/20191006150300_00160.png,629.4,844,87.7,30.1,961
10/6/2019 15:04,datasets/dataset_cropped/10_Metas/06/15/20191006150400_00160.jpg,datasets_flow/dataset_cropped/10_Metas/06/15/20191006150400_00160.jpg,datasets_cloudmask/dataset_cropped/10_Metas/06/15/20191006150400_00160.png,628.1,845,87.7,30.1,961
10/6/2019 15:05,datasets/dataset_cropped/10_Metas/06/15/20191006150500_00160.jpg,datasets_flow/dataset_cropped/10_Metas/06/15/20191006150500_00160.jpg,datasets_cloudmask/dataset_cropped/10_Metas/06/15/20191006150500_00160.png,626.6,846,87.4,29.9,961
10/6/2019 15:06,datasets/dataset_cropped/10_Metas/06/15/20191006150600_00160.jpg,datasets_flow/dataset_cropped/10_Metas/06/15/20191006150600_00160.jpg,datasets_cloudmask/dataset_cropped/10_Metas/06/15/20191006150600_00160.png,625.3,847,87,29.7,961
10/6/2019 15:07,datasets/dataset_cropped/10_Metas/06/15/20191006150700_00160.jpg,datasets_flow/dataset_cropped/10_Metas/06/15/20191006150700_00160.jpg,datasets_cloudmask/dataset_cropped/10_Metas/06/15/20191006150700_00160.png,623.2,846,86.9,29.8,961
10/6/2019 15:08,datasets/dataset_cropped/10_Metas/06/15/20191006150800_00160.jpg,datasets_flow/dataset_cropped/10_Metas/06/15/20191006150800_00160.jpg,datasets_cloudmask/dataset_cropped/10_Metas/06/15/20191006150800_00160.png,621,846,86.4,30.1,961
10/6/2019 15:09,datasets/dataset_cropped/10_Metas/06/15/20191006150900_00160.jpg,datasets_flow/dataset_cropped/10_Metas/06/15/20191006150900_00160.jpg,datasets_cloudmask/dataset_cropped/10_Metas/06/15/20191006150900_00160.png,618.9,845,86.1,30.3,961
10/6/2019 15:10,datasets/dataset_cropped/10_Metas/06/15/20191006151000_00160.jpg,datasets_flow/dataset_cropped/10_Metas/06/15/20191006151000_00160.jpg,datasets_cloudmask/dataset_cropped/10_Metas/06/15/20191006151000_00160.png,616.5,844,85.7,30.1,961
10/6/2019 15:11,datasets/dataset_cropped/10_Metas/06/15/20191006151100_00160.jpg,datasets_flow/dataset_cropped/10_Metas/06/15/20191006151100_00160.jpg,datasets_cloudmask/dataset_cropped/10_Metas/06/15/20191006151100_00160.png,614.9,844,85.7,30,961
10/6/2019 15:12,datasets/dataset_cropped/10_Metas/06/15/20191006151200_00160.jpg,datasets_flow/dataset_cropped/10_Metas/06/15/20191006151200_00160.jpg,datasets_cloudmask/dataset_cropped/10_Metas/06/15/20191006151200_00160.png,612.6,844,85.6,29.9,961
10/6/2019 15:13,datasets/dataset_cropped/10_Metas/06/15/20191006151300_00160.jpg,datasets_flow/dataset_cropped/10_Metas/06/15/20191006151300_00160.jpg,datasets_cloudmask/dataset_cropped/10_Metas/06/15/20191006151300_00160.png,610.5,843,85.6,29.6,961
10/6/2019 15:14,datasets/dataset_cropped/10_Metas/06/15/20191006151400_00160.jpg,datasets_flow/dataset_cropped/10_Metas/06/15/20191006151400_00160.jpg,datasets_cloudmask/dataset_cropped/10_Metas/06/15/20191006151400_00160.png,608.8,844,85.5,29.6,961
10/6/2019 15:15,datasets/dataset_cropped/10_Metas/06/15/20191006151500_00160.jpg,datasets_flow/dataset_cropped/10_Metas/06/15/20191006151500_00160.jpg,datasets_cloudmask/dataset_cropped/10_Metas/06/15/20191006151500_00160.png,606.6,843,85.1,29.6,961
10/6/2019 15:16,datasets/dataset_cropped/10_Metas/06/15/20191006151600_00160.jpg,datasets_flow/dataset_cropped/10_Metas/06/15/20191006151600_00160.jpg,datasets_cloudmask/dataset_cropped/10_Metas/06/15/20191006151600_00160.png,604.6,843,85.1,29.6,961
10/6/2019 15:17,datasets/dataset_cropped/10_Metas/06/15/20191006151700_00160.jpg,datasets_flow/dataset_cropped/10_Metas/06/15/20191006151700_00160.jpg,datasets_cloudmask/dataset_cropped/10_Metas/06/15/20191006151700_00160.png,602.3,842,85.2,29.7,961
10/6/2019 15:18,datasets/dataset_cropped/10_Metas/06/15/20191006151800_00160.jpg,datasets_flow/dataset_cropped/10_Metas/06/15/20191006151800_00160.jpg,datasets_cloudmask/dataset_cropped/10_Metas/06/15/20191006151800_00160.png,599.6,841,84.9,29.7,961
10/6/2019 15:19,datasets/dataset_cropped/10_Metas/06/15/20191006151900_00160.jpg,datasets_flow/dataset_cropped/10_Metas/06/15/20191006151900_00160.jpg,datasets_cloudmask/dataset_cropped/10_Metas/06/15/20191006151900_00160.png,596.5,838,84.8,29.7,961
10/6/2019 15:20,datasets/dataset_cropped/10_Metas/06/15/20191006152000_00160.jpg,datasets_flow/dataset_cropped/10_Metas/06/15/20191006152000_00160.jpg,datasets_cloudmask/dataset_cropped/10_Metas/06/15/20191006152000_00160.png,593.2,836,84.7,29.6,961
10/6/2019 15:21,datasets/dataset_cropped/10_Metas/06/15/20191006152100_00160.jpg,datasets_flow/dataset_cropped/10_Metas/06/15/20191006152100_00160.jpg,datasets_cloudmask/dataset_cropped/10_Metas/06/15/20191006152100_00160.png,590.8,835,84.6,29.8,961
10/6/2019 15:22,datasets/dataset_cropped/10_Metas/06/15/20191006152200_00160.jpg,datasets_flow/dataset_cropped/10_Metas/06/15/20191006152200_00160.jpg,datasets_cloudmask/dataset_cropped/10_Metas/06/15/20191006152200_00160.png,588.9,835,84.5,29.8,961
10/6/2019 15:23,datasets/dataset_cropped/10_Metas/06/15/20191006152300_00160.jpg,datasets_flow/dataset_cropped/10_Metas/06/15/20191006152300_00160.jpg,datasets_cloudmask/dataset_cropped/10_Metas/06/15/20191006152300_00160.png,586.2,834,84,29.7,961
10/6/2019 15:24,datasets/dataset_cropped/10_Metas/06/15/20191006152400_00160.jpg,datasets_flow/dataset_cropped/10_Metas/06/15/20191006152400_00160.jpg,datasets_cloudmask/dataset_cropped/10_Metas/06/15/20191006152400_00160.png,583.8,832,83.8,29.6,961
10/6/2019 15:25,datasets/dataset_cropped/10_Metas/06/15/20191006152500_00160.jpg,datasets_flow/dataset_cropped/10_Metas/06/15/20191006152500_00160.jpg,datasets_cloudmask/dataset_cropped/10_Metas/06/15/20191006152500_00160.png,581.4,831,83.7,29.4,961
10/6/2019 15:26,datasets/dataset_cropped/10_Metas/06/15/20191006152600_00160.jpg,datasets_flow/dataset_cropped/10_Metas/06/15/20191006152600_00160.jpg,datasets_cloudmask/dataset_cropped/10_Metas/06/15/20191006152600_00160.png,578.9,829,83.6,29.4,961
10/6/2019 15:27,datasets/dataset_cropped/10_Metas/06/15/20191006152700_00160.jpg,datasets_flow/dataset_cropped/10_Metas/06/15/20191006152700_00160.jpg,datasets_cloudmask/dataset_cropped/10_Metas/06/15/20191006152700_00160.png,576.6,829,83.4,29.4,961
10/6/2019 15:28,datasets/dataset_cropped/10_Metas/06/15/20191006152800_00160.jpg,datasets_flow/dataset_cropped/10_Metas/06/15/20191006152800_00160.jpg,datasets_cloudmask/dataset_cropped/10_Metas/06/15/20191006152800_00160.png,573.7,827,83.5,29.2,961
10/6/2019 15:29,datasets/dataset_cropped/10_Metas/06/15/20191006152900_00160.jpg,datasets_flow/dataset_cropped/10_Metas/06/15/20191006152900_00160.jpg,datasets_cloudmask/dataset_cropped/10_Metas/06/15/20191006152900_00160.png,571.1,826,83.3,28.9,961
10/6/2019 15:30,datasets/dataset_cropped/10_Metas/06/15/20191006153000_00160.jpg,datasets_flow/dataset_cropped/10_Metas/06/15/20191006153000_00160.jpg,datasets_cloudmask/dataset_cropped/10_Metas/06/15/20191006153000_00160.png,568.4,824,83.3,28.9,961
10/6/2019 15:31,datasets/dataset_cropped/10_Metas/06/15/20191006153100_00160.jpg,datasets_flow/dataset_cropped/10_Metas/06/15/20191006153100_00160.jpg,datasets_cloudmask/dataset_cropped/10_Metas/06/15/20191006153100_00160.png,565.7,823,83.2,28.8,961
10/6/2019 15:32,datasets/dataset_cropped/10_Metas/06/15/20191006153200_00160.jpg,datasets_flow/dataset_cropped/10_Metas/06/15/20191006153200_00160.jpg,datasets_cloudmask/dataset_cropped/10_Metas/06/15/20191006153200_00160.png,563,822,83.4,29,961
10/6/2019 15:33,datasets/dataset_cropped/10_Metas/06/15/20191006153300_00160.jpg,datasets_flow/dataset_cropped/10_Metas/06/15/20191006153300_00160.jpg,datasets_cloudmask/dataset_cropped/10_Metas/06/15/20191006153300_00160.png,560.1,821,83.2,29.4,961
10/6/2019 15:34,datasets/dataset_cropped/10_Metas/06/15/20191006153400_00160.jpg,datasets_flow/dataset_cropped/10_Metas/06/15/20191006153400_00160.jpg,datasets_cloudmask/dataset_cropped/10_Metas/06/15/20191006153400_00160.png,557.2,819,83,29.4,961
10/6/2019 15:35,datasets/dataset_cropped/10_Metas/06/15/20191006153500_00160.jpg,datasets_flow/dataset_cropped/10_Metas/06/15/20191006153500_00160.jpg,datasets_cloudmask/dataset_cropped/10_Metas/06/15/20191006153500_00160.png,554.8,818,83.1,29.5,961
10/6/2019 15:36,datasets/dataset_cropped/10_Metas/06/15/20191006153600_00160.jpg,datasets_flow/dataset_cropped/10_Metas/06/15/20191006153600_00160.jpg,datasets_cloudmask/dataset_cropped/10_Metas/06/15/20191006153600_00160.png,552,817,83.2,29.6,961
10/6/2019 15:37,datasets/dataset_cropped/10_Metas/06/15/20191006153700_00160.jpg,datasets_flow/dataset_cropped/10_Metas/06/15/20191006153700_00160.jpg,datasets_cloudmask/dataset_cropped/10_Metas/06/15/20191006153700_00160.png,548.6,815,82.9,29.3,961
10/6/2019 15:38,datasets/dataset_cropped/10_Metas/06/15/20191006153800_00160.jpg,datasets_flow/dataset_cropped/10_Metas/06/15/20191006153800_00160.jpg,datasets_cloudmask/dataset_cropped/10_Metas/06/15/20191006153800_00160.png,546.9,815,82.6,29.1,961
10/6/2019 15:39,datasets/dataset_cropped/10_Metas/06/15/20191006153900_00160.jpg,datasets_flow/dataset_cropped/10_Metas/06/15/20191006153900_00160.jpg,datasets_cloudmask/dataset_cropped/10_Metas/06/15/20191006153900_00160.png,544.8,815,82.5,29,961
10/6/2019 15:40,datasets/dataset_cropped/10_Metas/06/15/20191006154000_00160.jpg,datasets_flow/dataset_cropped/10_Metas/06/15/20191006154000_00160.jpg,datasets_cloudmask/dataset_cropped/10_Metas/06/15/20191006154000_00160.png,541.9,813,82.4,28.9,961
10/6/2019 15:41,datasets/dataset_cropped/10_Metas/06/15/20191006154100_00160.jpg,datasets_flow/dataset_cropped/10_Metas/06/15/20191006154100_00160.jpg,datasets_cloudmask/dataset_cropped/10_Metas/06/15/20191006154100_00160.png,539,811,82.2,29,961
10/6/2019 15:42,datasets/dataset_cropped/10_Metas/06/15/20191006154200_00160.jpg,datasets_flow/dataset_cropped/10_Metas/06/15/20191006154200_00160.jpg,datasets_cloudmask/dataset_cropped/10_Metas/06/15/20191006154200_00160.png,536.5,810,82.5,29,961
10/6/2019 15:43,datasets/dataset_cropped/10_Metas/06/15/20191006154300_00160.jpg,datasets_flow/dataset_cropped/10_Metas/06/15/20191006154300_00160.jpg,datasets_cloudmask/dataset_cropped/10_Metas/06/15/20191006154300_00160.png,533.8,809,82.6,28.9,961
10/6/2019 15:44,datasets/dataset_cropped/10_Metas/06/15/20191006154400_00160.jpg,datasets_flow/dataset_cropped/10_Metas/06/15/20191006154400_00160.jpg,datasets_cloudmask/dataset_cropped/10_Metas/06/15/20191006154400_00160.png,530.8,808,82.5,29.2,961
10/6/2019 15:45,datasets/dataset_cropped/10_Metas/06/15/20191006154500_00160.jpg,datasets_flow/dataset_cropped/10_Metas/06/15/20191006154500_00160.jpg,datasets_cloudmask/dataset_cropped/10_Metas/06/15/20191006154500_00160.png,528.1,806,82.5,29.6,961
10/6/2019 15:46,datasets/dataset_cropped/10_Metas/06/15/20191006154600_00160.jpg,datasets_flow/dataset_cropped/10_Metas/06/15/20191006154600_00160.jpg,datasets_cloudmask/dataset_cropped/10_Metas/06/15/20191006154600_00160.png,525.4,805,82.4,29.5,961
10/6/2019 15:47,datasets/dataset_cropped/10_Metas/06/15/20191006154700_00160.jpg,datasets_flow/dataset_cropped/10_Metas/06/15/20191006154700_00160.jpg,datasets_cloudmask/dataset_cropped/10_Metas/06/15/20191006154700_00160.png,522.5,804,82.4,29.3,961
10/6/2019 15:48,datasets/dataset_cropped/10_Metas/06/15/20191006154800_00160.jpg,datasets_flow/dataset_cropped/10_Metas/06/15/20191006154800_00160.jpg,datasets_cloudmask/dataset_cropped/10_Metas/06/15/20191006154800_00160.png,519.6,802,82.1,29.4,961
10/6/2019 15:49,datasets/dataset_cropped/10_Metas/06/15/20191006154900_00160.jpg,datasets_flow/dataset_cropped/10_Metas/06/15/20191006154900_00160.jpg,datasets_cloudmask/dataset_cropped/10_Metas/06/15/20191006154900_00160.png,516.8,799.9,81.9,29.3,961
10/6/2019 15:50,datasets/dataset_cropped/10_Metas/06/15/20191006155000_00160.jpg,datasets_flow/dataset_cropped/10_Metas/06/15/20191006155000_00160.jpg,datasets_cloudmask/dataset_cropped/10_Metas/06/15/20191006155000_00160.png,514.1,798.1,82.1,29.1,961
10/6/2019 15:51,datasets/dataset_cropped/10_Metas/06/15/20191006155100_00160.jpg,datasets_flow/dataset_cropped/10_Metas/06/15/20191006155100_00160.jpg,datasets_cloudmask/dataset_cropped/10_Metas/06/15/20191006155100_00160.png,511,795.7,82.3,28.9,961
10/6/2019 15:52,datasets/dataset_cropped/10_Metas/06/15/20191006155200_00160.jpg,datasets_flow/dataset_cropped/10_Metas/06/15/20191006155200_00160.jpg,datasets_cloudmask/dataset_cropped/10_Metas/06/15/20191006155200_00160.png,508.1,794.4,82.3,28.8,961
10/6/2019 15:53,datasets/dataset_cropped/10_Metas/06/15/20191006155300_00160.jpg,datasets_flow/dataset_cropped/10_Metas/06/15/20191006155300_00160.jpg,datasets_cloudmask/dataset_cropped/10_Metas/06/15/20191006155300_00160.png,505.7,794.1,81.8,28.7,961
10/6/2019 15:54,datasets/dataset_cropped/10_Metas/06/15/20191006155400_00160.jpg,datasets_flow/dataset_cropped/10_Metas/06/15/20191006155400_00160.jpg,datasets_cloudmask/dataset_cropped/10_Metas/06/15/20191006155400_00160.png,503.1,792.5,81.8,28.6,961
10/6/2019 15:55,datasets/dataset_cropped/10_Metas/06/15/20191006155500_00160.jpg,datasets_flow/dataset_cropped/10_Metas/06/15/20191006155500_00160.jpg,datasets_cloudmask/dataset_cropped/10_Metas/06/15/20191006155500_00160.png,500.5,791.3,81.7,28.6,961
10/6/2019 15:56,datasets/dataset_cropped/10_Metas/06/15/20191006155600_00160.jpg,datasets_flow/dataset_cropped/10_Metas/06/15/20191006155600_00160.jpg,datasets_cloudmask/dataset_cropped/10_Metas/06/15/20191006155600_00160.png,497.4,789.5,81.6,28.6,961
10/6/2019 15:57,datasets/dataset_cropped/10_Metas/06/15/20191006155700_00160.jpg,datasets_flow/dataset_cropped/10_Metas/06/15/20191006155700_00160.jpg,datasets_cloudmask/dataset_cropped/10_Metas/06/15/20191006155700_00160.png,494.5,787.6,81.5,28.7,961
10/6/2019 15:58,datasets/dataset_cropped/10_Metas/06/15/20191006155800_00160.jpg,datasets_flow/dataset_cropped/10_Metas/06/15/20191006155800_00160.jpg,datasets_cloudmask/dataset_cropped/10_Metas/06/15/20191006155800_00160.png,492.5,787.4,81.6,28.6,961
10/6/2019 15:59,datasets/dataset_cropped/10_Metas/06/15/20191006155900_00160.jpg,datasets_flow/dataset_cropped/10_Metas/06/15/20191006155900_00160.jpg,datasets_cloudmask/dataset_cropped/10_Metas/06/15/20191006155900_00160.png,490.3,786.7,81.7,28.6,961
10/6/2019 16:00,datasets/dataset_cropped/10_Metas/06/16/20191006160000_00160.jpg,datasets_flow/dataset_cropped/10_Metas/06/16/20191006160000_00160.jpg,datasets_cloudmask/dataset_cropped/10_Metas/06/16/20191006160000_00160.png,487.5,785.7,81.5,28.9,961
10/6/2019 16:01,datasets/dataset_cropped/10_Metas/06/16/20191006160100_00160.jpg,datasets_flow/dataset_cropped/10_Metas/06/16/20191006160100_00160.jpg,datasets_cloudmask/dataset_cropped/10_Metas/06/16/20191006160100_00160.png,485.4,785.6,81.5,28.9,961
10/6/2019 16:02,datasets/dataset_cropped/10_Metas/06/16/20191006160200_00160.jpg,datasets_flow/dataset_cropped/10_Metas/06/16/20191006160200_00160.jpg,datasets_cloudmask/dataset_cropped/10_Metas/06/16/20191006160200_00160.png,483.2,785.2,81.4,28.8,961
10/6/2019 16:03,datasets/dataset_cropped/10_Metas/06/16/20191006160300_00160.jpg,datasets_flow/dataset_cropped/10_Metas/06/16/20191006160300_00160.jpg,datasets_cloudmask/dataset_cropped/10_Metas/06/16/20191006160300_00160.png,480.5,784.1,81.3,28.8,961
10/6/2019 16:04,datasets/dataset_cropped/10_Metas/06/16/20191006160400_00160.jpg,datasets_flow/dataset_cropped/10_Metas/06/16/20191006160400_00160.jpg,datasets_cloudmask/dataset_cropped/10_Metas/06/16/20191006160400_00160.png,477.7,782.2,81.3,28.7,961
10/6/2019 16:05,datasets/dataset_cropped/10_Metas/06/16/20191006160500_00160.jpg,datasets_flow/dataset_cropped/10_Metas/06/16/20191006160500_00160.jpg,datasets_cloudmask/dataset_cropped/10_Metas/06/16/20191006160500_00160.png,474.8,780.2,81.5,28.5,961
10/6/2019 16:06,datasets/dataset_cropped/10_Metas/06/16/20191006160600_00160.jpg,datasets_flow/dataset_cropped/10_Metas/06/16/20191006160600_00160.jpg,datasets_cloudmask/dataset_cropped/10_Metas/06/16/20191006160600_00160.png,471.7,777.5,81.8,28.4,961
10/6/2019 16:07,datasets/dataset_cropped/10_Metas/06/16/20191006160700_00160.jpg,datasets_flow/dataset_cropped/10_Metas/06/16/20191006160700_00160.jpg,datasets_cloudmask/dataset_cropped/10_Metas/06/16/20191006160700_00160.png,469.2,776.3,82,28.5,961
10/6/2019 16:08,datasets/dataset_cropped/10_Metas/06/16/20191006160800_00160.jpg,datasets_flow/dataset_cropped/10_Metas/06/16/20191006160800_00160.jpg,datasets_cloudmask/dataset_cropped/10_Metas/06/16/20191006160800_00160.png,466.3,774,82.3,28.4,961
10/6/2019 16:09,datasets/dataset_cropped/10_Metas/06/16/20191006160900_00160.jpg,datasets_flow/dataset_cropped/10_Metas/06/16/20191006160900_00160.jpg,datasets_cloudmask/dataset_cropped/10_Metas/06/16/20191006160900_00160.png,463.6,772,82.7,28.5,961
10/6/2019 16:10,datasets/dataset_cropped/10_Metas/06/16/20191006161000_00160.jpg,datasets_flow/dataset_cropped/10_Metas/06/16/20191006161000_00160.jpg,datasets_cloudmask/dataset_cropped/10_Metas/06/16/20191006161000_00160.png,461,770.1,83,28.6,961
10/6/2019 16:11,datasets/dataset_cropped/10_Metas/06/16/20191006161100_00160.jpg,datasets_flow/dataset_cropped/10_Metas/06/16/20191006161100_00160.jpg,datasets_cloudmask/dataset_cropped/10_Metas/06/16/20191006161100_00160.png,458.7,768.8,83.4,28.7,961
10/6/2019 16:12,datasets/dataset_cropped/10_Metas/06/16/20191006161200_00160.jpg,datasets_flow/dataset_cropped/10_Metas/06/16/20191006161200_00160.jpg,datasets_cloudmask/dataset_cropped/10_Metas/06/16/20191006161200_00160.png,456.9,768.3,84,28.7,961
10/6/2019 16:13,datasets/dataset_cropped/10_Metas/06/16/20191006161300_00160.jpg,datasets_flow/dataset_cropped/10_Metas/06/16/20191006161300_00160.jpg,datasets_cloudmask/dataset_cropped/10_Metas/06/16/20191006161300_00160.png,454.7,767,84.5,28.7,961
10/6/2019 16:14,datasets/dataset_cropped/10_Metas/06/16/20191006161400_00160.jpg,datasets_flow/dataset_cropped/10_Metas/06/16/20191006161400_00160.jpg,datasets_cloudmask/dataset_cropped/10_Metas/06/16/20191006161400_00160.png,452.1,764.5,85.2,28.5,961
10/6/2019 16:15,datasets/dataset_cropped/10_Metas/06/16/20191006161500_00160.jpg,datasets_flow/dataset_cropped/10_Metas/06/16/20191006161500_00160.jpg,datasets_cloudmask/dataset_cropped/10_Metas/06/16/20191006161500_00160.png,450.1,762.7,86.1,28.4,961
10/6/2019 16:16,datasets/dataset_cropped/10_Metas/06/16/20191006161600_00160.jpg,datasets_flow/dataset_cropped/10_Metas/06/16/20191006161600_00160.jpg,datasets_cloudmask/dataset_cropped/10_Metas/06/16/20191006161600_00160.png,448,760.6,86.9,28.2,961
10/6/2019 16:17,datasets/dataset_cropped/10_Metas/06/16/20191006161700_00160.jpg,datasets_flow/dataset_cropped/10_Metas/06/16/20191006161700_00160.jpg,datasets_cloudmask/dataset_cropped/10_Metas/06/16/20191006161700_00160.png,446.4,758.9,88.2,28.2,961
10/6/2019 16:18,datasets/dataset_cropped/10_Metas/06/16/20191006161800_00160.jpg,datasets_flow/dataset_cropped/10_Metas/06/16/20191006161800_00160.jpg,datasets_cloudmask/dataset_cropped/10_Metas/06/16/20191006161800_00160.png,440,747.1,89.4,28.5,961
10/6/2019 16:19,datasets/dataset_cropped/10_Metas/06/16/20191006161900_00160.jpg,datasets_flow/dataset_cropped/10_Metas/06/16/20191006161900_00160.jpg,datasets_cloudmask/dataset_cropped/10_Metas/06/16/20191006161900_00160.png,429.3,725.7,90.6,28.6,961
10/6/2019 16:20,datasets/dataset_cropped/10_Metas/06/16/20191006162000_00160.jpg,datasets_flow/dataset_cropped/10_Metas/06/16/20191006162000_00160.jpg,datasets_cloudmask/dataset_cropped/10_Metas/06/16/20191006162000_00160.png,437.6,743.9,92.7,28.3,961
10/6/2019 16:21,datasets/dataset_cropped/10_Metas/06/16/20191006162100_00160.jpg,datasets_flow/dataset_cropped/10_Metas/06/16/20191006162100_00160.jpg,datasets_cloudmask/dataset_cropped/10_Metas/06/16/20191006162100_00160.png,440.7,751.4,94.3,28.4,961
10/6/2019 16:22,datasets/dataset_cropped/10_Metas/06/16/20191006162200_00160.jpg,datasets_flow/dataset_cropped/10_Metas/06/16/20191006162200_00160.jpg,datasets_cloudmask/dataset_cropped/10_Metas/06/16/20191006162200_00160.png,440.1,751.5,95.8,28.6,961
10/6/2019 16:23,datasets/dataset_cropped/10_Metas/06/16/20191006162300_00160.jpg,datasets_flow/dataset_cropped/10_Metas/06/16/20191006162300_00160.jpg,datasets_cloudmask/dataset_cropped/10_Metas/06/16/20191006162300_00160.png,438.1,748.5,97.2,28.4,961
10/6/2019 16:24,datasets/dataset_cropped/10_Metas/06/16/20191006162400_00160.jpg,datasets_flow/dataset_cropped/10_Metas/06/16/20191006162400_00160.jpg,datasets_cloudmask/dataset_cropped/10_Metas/06/16/20191006162400_00160.png,431,735.9,97.8,28.3,961
10/6/2019 16:25,datasets/dataset_cropped/10_Metas/06/16/20191006162500_00160.jpg,datasets_flow/dataset_cropped/10_Metas/06/16/20191006162500_00160.jpg,datasets_cloudmask/dataset_cropped/10_Metas/06/16/20191006162500_00160.png,276.9,406.7,93,28.4,961
10/6/2019 16:26,datasets/dataset_cropped/10_Metas/06/16/20191006162600_00160.jpg,datasets_flow/dataset_cropped/10_Metas/06/16/20191006162600_00160.jpg,datasets_cloudmask/dataset_cropped/10_Metas/06/16/20191006162600_00160.png,381.8,634.9,97.6,28.4,961
10/6/2019 16:27,datasets/dataset_cropped/10_Metas/06/16/20191006162700_00160.jpg,datasets_flow/dataset_cropped/10_Metas/06/16/20191006162700_00160.jpg,datasets_cloudmask/dataset_cropped/10_Metas/06/16/20191006162700_00160.png,410.1,699.9,99,28.3,961
10/6/2019 16:28,datasets/dataset_cropped/10_Metas/06/16/20191006162800_00160.jpg,datasets_flow/dataset_cropped/10_Metas/06/16/20191006162800_00160.jpg,datasets_cloudmask/dataset_cropped/10_Metas/06/16/20191006162800_00160.png,406.1,698.1,97.7,27.9,961
10/6/2019 16:29,datasets/dataset_cropped/10_Metas/06/16/20191006162900_00160.jpg,datasets_flow/dataset_cropped/10_Metas/06/16/20191006162900_00160.jpg,datasets_cloudmask/dataset_cropped/10_Metas/06/16/20191006162900_00160.png,408.7,712.6,96.1,28.1,961
10/6/2019 16:30,datasets/dataset_cropped/10_Metas/06/16/20191006163000_00160.jpg,datasets_flow/dataset_cropped/10_Metas/06/16/20191006163000_00160.jpg,datasets_cloudmask/dataset_cropped/10_Metas/06/16/20191006163000_00160.png,406.4,717.1,93.9,28.4,961
10/6/2019 16:31,datasets/dataset_cropped/10_Metas/06/16/20191006163100_00160.jpg,datasets_flow/dataset_cropped/10_Metas/06/16/20191006163100_00160.jpg,datasets_cloudmask/dataset_cropped/10_Metas/06/16/20191006163100_00160.png,404.5,723.1,91.6,28.4,961
10/6/2019 16:32,datasets/dataset_cropped/10_Metas/06/16/20191006163200_00160.jpg,datasets_flow/dataset_cropped/10_Metas/06/16/20191006163200_00160.jpg,datasets_cloudmask/dataset_cropped/10_Metas/06/16/20191006163200_00160.png,400.4,723.1,89.5,28.2,961
10/6/2019 16:33,datasets/dataset_cropped/10_Metas/06/16/20191006163300_00160.jpg,datasets_flow/dataset_cropped/10_Metas/06/16/20191006163300_00160.jpg,datasets_cloudmask/dataset_cropped/10_Metas/06/16/20191006163300_00160.png,398.4,727.6,87.7,28.2,961
10/6/2019 16:34,datasets/dataset_cropped/10_Metas/06/16/20191006163400_00160.jpg,datasets_flow/dataset_cropped/10_Metas/06/16/20191006163400_00160.jpg,datasets_cloudmask/dataset_cropped/10_Metas/06/16/20191006163400_00160.png,394.8,727.6,86.2,28.3,961
10/6/2019 16:35,datasets/dataset_cropped/10_Metas/06/16/20191006163500_00160.jpg,datasets_flow/dataset_cropped/10_Metas/06/16/20191006163500_00160.jpg,datasets_cloudmask/dataset_cropped/10_Metas/06/16/20191006163500_00160.png,391.7,728.3,85.1,28.3,961
10/6/2019 16:36,datasets/dataset_cropped/10_Metas/06/16/20191006163600_00160.jpg,datasets_flow/dataset_cropped/10_Metas/06/16/20191006163600_00160.jpg,datasets_cloudmask/dataset_cropped/10_Metas/06/16/20191006163600_00160.png,388.2,726.9,84.5,28.2,961
10/6/2019 16:37,datasets/dataset_cropped/10_Metas/06/16/20191006163700_00160.jpg,datasets_flow/dataset_cropped/10_Metas/06/16/20191006163700_00160.jpg,datasets_cloudmask/dataset_cropped/10_Metas/06/16/20191006163700_00160.png,384.8,725,83.9,28.4,961
10/6/2019 16:38,datasets/dataset_cropped/10_Metas/06/16/20191006163800_00160.jpg,datasets_flow/dataset_cropped/10_Metas/06/16/20191006163800_00160.jpg,datasets_cloudmask/dataset_cropped/10_Metas/06/16/20191006163800_00160.png,381.9,722.2,84.1,28.5,961
10/6/2019 16:39,datasets/dataset_cropped/10_Metas/06/16/20191006163900_00160.jpg,datasets_flow/dataset_cropped/10_Metas/06/16/20191006163900_00160.jpg,datasets_cloudmask/dataset_cropped/10_Metas/06/16/20191006163900_00160.png,379.4,719.3,84.8,28.4,961
10/6/2019 16:40,datasets/dataset_cropped/10_Metas/06/16/20191006164000_00160.jpg,datasets_flow/dataset_cropped/10_Metas/06/16/20191006164000_00160.jpg,datasets_cloudmask/dataset_cropped/10_Metas/06/16/20191006164000_00160.png,377.7,717.1,86,28.3,961
10/6/2019 16:41,datasets/dataset_cropped/10_Metas/06/16/20191006164100_00160.jpg,datasets_flow/dataset_cropped/10_Metas/06/16/20191006164100_00160.jpg,datasets_cloudmask/dataset_cropped/10_Metas/06/16/20191006164100_00160.png,376.9,716.4,87.6,28.4,961
10/6/2019 16:42,datasets/dataset_cropped/10_Metas/06/16/20191006164200_00160.jpg,datasets_flow/dataset_cropped/10_Metas/06/16/20191006164200_00160.jpg,datasets_cloudmask/dataset_cropped/10_Metas/06/16/20191006164200_00160.png,376.4,714.4,90,28.2,961
10/6/2019 16:43,datasets/dataset_cropped/10_Metas/06/16/20191006164300_00160.jpg,datasets_flow/dataset_cropped/10_Metas/06/16/20191006164300_00160.jpg,datasets_cloudmask/dataset_cropped/10_Metas/06/16/20191006164300_00160.png,375.8,712.4,92.4,28.2,961
10/6/2019 16:44,datasets/dataset_cropped/10_Metas/06/16/20191006164400_00160.jpg,datasets_flow/dataset_cropped/10_Metas/06/16/20191006164400_00160.jpg,datasets_cloudmask/dataset_cropped/10_Metas/06/16/20191006164400_00160.png,375.5,710.3,95,28.3,961
10/6/2019 16:45,datasets/dataset_cropped/10_Metas/06/16/20191006164500_00160.jpg,datasets_flow/dataset_cropped/10_Metas/06/16/20191006164500_00160.jpg,datasets_cloudmask/dataset_cropped/10_Metas/06/16/20191006164500_00160.png,375,708.1,97.4,28.3,961
10/6/2019 16:46,datasets/dataset_cropped/10_Metas/06/16/20191006164600_00160.jpg,datasets_flow/dataset_cropped/10_Metas/06/16/20191006164600_00160.jpg,datasets_cloudmask/dataset_cropped/10_Metas/06/16/20191006164600_00160.png,374,705.1,99.8,28.4,961
10/6/2019 16:47,datasets/dataset_cropped/10_Metas/06/16/20191006164700_00160.jpg,datasets_flow/dataset_cropped/10_Metas/06/16/20191006164700_00160.jpg,datasets_cloudmask/dataset_cropped/10_Metas/06/16/20191006164700_00160.png,372.3,700.8,101.7,28.4,961
10/6/2019 16:48,datasets/dataset_cropped/10_Metas/06/16/20191006164800_00160.jpg,datasets_flow/dataset_cropped/10_Metas/06/16/20191006164800_00160.jpg,datasets_cloudmask/dataset_cropped/10_Metas/06/16/20191006164800_00160.png,371.3,698.3,103.7,28.3,961
10/6/2019 16:49,datasets/dataset_cropped/10_Metas/06/16/20191006164900_00160.jpg,datasets_flow/dataset_cropped/10_Metas/06/16/20191006164900_00160.jpg,datasets_cloudmask/dataset_cropped/10_Metas/06/16/20191006164900_00160.png,369.8,696.7,105,28.2,961
10/6/2019 16:50,datasets/dataset_cropped/10_Metas/06/16/20191006165000_00160.jpg,datasets_flow/dataset_cropped/10_Metas/06/16/20191006165000_00160.jpg,datasets_cloudmask/dataset_cropped/10_Metas/06/16/20191006165000_00160.png,367.2,695,105.3,28.2,961
10/6/2019 16:51,datasets/dataset_cropped/10_Metas/06/16/20191006165100_00160.jpg,datasets_flow/dataset_cropped/10_Metas/06/16/20191006165100_00160.jpg,datasets_cloudmask/dataset_cropped/10_Metas/06/16/20191006165100_00160.png,362.5,688.8,105,28.2,961
10/6/2019 16:52,datasets/dataset_cropped/10_Metas/06/16/20191006165200_00160.jpg,datasets_flow/dataset_cropped/10_Metas/06/16/20191006165200_00160.jpg,datasets_cloudmask/dataset_cropped/10_Metas/06/16/20191006165200_00160.png,346.3,653.9,103.5,28.3,961
10/6/2019 16:53,datasets/dataset_cropped/10_Metas/06/16/20191006165300_00160.jpg,datasets_flow/dataset_cropped/10_Metas/06/16/20191006165300_00160.jpg,datasets_cloudmask/dataset_cropped/10_Metas/06/16/20191006165300_00160.png,340.6,646.1,102.7,28.1,961
10/6/2019 16:54,datasets/dataset_cropped/10_Metas/06/16/20191006165400_00160.jpg,datasets_flow/dataset_cropped/10_Metas/06/16/20191006165400_00160.jpg,datasets_cloudmask/dataset_cropped/10_Metas/06/16/20191006165400_00160.png,329.5,625,101.3,28,961
10/6/2019 16:55,datasets/dataset_cropped/10_Metas/06/16/20191006165500_00160.jpg,datasets_flow/dataset_cropped/10_Metas/06/16/20191006165500_00160.jpg,datasets_cloudmask/dataset_cropped/10_Metas/06/16/20191006165500_00160.png,245.8,406.7,98.1,27.9,961
10/6/2019 16:56,datasets/dataset_cropped/10_Metas/06/16/20191006165600_00160.jpg,datasets_flow/dataset_cropped/10_Metas/06/16/20191006165600_00160.jpg,datasets_cloudmask/dataset_cropped/10_Metas/06/16/20191006165600_00160.png,162,180.8,96.7,27.9,961
10/6/2019 16:57,datasets/dataset_cropped/10_Metas/06/16/20191006165700_00160.jpg,datasets_flow/dataset_cropped/10_Metas/06/16/20191006165700_00160.jpg,datasets_cloudmask/dataset_cropped/10_Metas/06/16/20191006165700_00160.png,183.4,236.1,98.8,27.8,961
10/6/2019 16:58,datasets/dataset_cropped/10_Metas/06/16/20191006165800_00160.jpg,datasets_flow/dataset_cropped/10_Metas/06/16/20191006165800_00160.jpg,datasets_cloudmask/dataset_cropped/10_Metas/06/16/20191006165800_00160.png,208.7,302.9,101.1,27.7,961
10/6/2019 16:59,datasets/dataset_cropped/10_Metas/06/16/20191006165900_00160.jpg,datasets_flow/dataset_cropped/10_Metas/06/16/20191006165900_00160.jpg,datasets_cloudmask/dataset_cropped/10_Metas/06/16/20191006165900_00160.png,241.9,394.4,103.2,27.8,961
10/6/2019 17:00,datasets/dataset_cropped/10_Metas/06/17/20191006170000_00160.jpg,datasets_flow/dataset_cropped/10_Metas/06/17/20191006170000_00160.jpg,datasets_cloudmask/dataset_cropped/10_Metas/06/17/20191006170000_00160.png,300.6,560,105.6,27.8,961
10/6/2019 17:01,datasets/dataset_cropped/10_Metas/06/17/20191006170100_00160.jpg,datasets_flow/dataset_cropped/10_Metas/06/17/20191006170100_00160.jpg,datasets_cloudmask/dataset_cropped/10_Metas/06/17/20191006170100_00160.png,331.6,644.2,109.8,27.9,961
10/6/2019 17:02,datasets/dataset_cropped/10_Metas/06/17/20191006170200_00160.jpg,datasets_flow/dataset_cropped/10_Metas/06/17/20191006170200_00160.jpg,datasets_cloudmask/dataset_cropped/10_Metas/06/17/20191006170200_00160.png,334,653.5,111.3,28,961
10/6/2019 17:03,datasets/dataset_cropped/10_Metas/06/17/20191006170300_00160.jpg,datasets_flow/dataset_cropped/10_Metas/06/17/20191006170300_00160.jpg,datasets_cloudmask/dataset_cropped/10_Metas/06/17/20191006170300_00160.png,300.9,569,108.6,28.1,961
10/6/2019 17:04,datasets/dataset_cropped/10_Metas/06/17/20191006170400_00160.jpg,datasets_flow/dataset_cropped/10_Metas/06/17/20191006170400_00160.jpg,datasets_cloudmask/dataset_cropped/10_Metas/06/17/20191006170400_00160.png,217,338.2,103.4,28.1,961
10/6/2019 17:05,datasets/dataset_cropped/10_Metas/06/17/20191006170500_00160.jpg,datasets_flow/dataset_cropped/10_Metas/06/17/20191006170500_00160.jpg,datasets_cloudmask/dataset_cropped/10_Metas/06/17/20191006170500_00160.png,302.9,593.4,106.1,28.2,961
10/6/2019 17:06,datasets/dataset_cropped/10_Metas/06/17/20191006170600_00160.jpg,datasets_flow/dataset_cropped/10_Metas/06/17/20191006170600_00160.jpg,datasets_cloudmask/dataset_cropped/10_Metas/06/17/20191006170600_00160.png,320.6,649.6,107.6,28.1,961
10/6/2019 17:07,datasets/dataset_cropped/10_Metas/06/17/20191006170700_00160.jpg,datasets_flow/dataset_cropped/10_Metas/06/17/20191006170700_00160.jpg,datasets_cloudmask/dataset_cropped/10_Metas/06/17/20191006170700_00160.png,317.3,653.5,105.2,28.2,961
10/6/2019 17:08,datasets/dataset_cropped/10_Metas/06/17/20191006170800_00160.jpg,datasets_flow/dataset_cropped/10_Metas/06/17/20191006170800_00160.jpg,datasets_cloudmask/dataset_cropped/10_Metas/06/17/20191006170800_00160.png,311.1,651.2,101.7,28.1,961
10/6/2019 17:09,datasets/dataset_cropped/10_Metas/06/17/20191006170900_00160.jpg,datasets_flow/dataset_cropped/10_Metas/06/17/20191006170900_00160.jpg,datasets_cloudmask/dataset_cropped/10_Metas/06/17/20191006170900_00160.png,304.5,649.4,97.7,28.2,961
10/6/2019 17:10,datasets/dataset_cropped/10_Metas/06/17/20191006171000_00160.jpg,datasets_flow/dataset_cropped/10_Metas/06/17/20191006171000_00160.jpg,datasets_cloudmask/dataset_cropped/10_Metas/06/17/20191006171000_00160.png,297.6,646.5,93.8,28.1,961
10/6/2019 17:11,datasets/dataset_cropped/10_Metas/06/17/20191006171100_00160.jpg,datasets_flow/dataset_cropped/10_Metas/06/17/20191006171100_00160.jpg,datasets_cloudmask/dataset_cropped/10_Metas/06/17/20191006171100_00160.png,290.8,642.9,90.1,27.9,961
10/6/2019 17:12,datasets/dataset_cropped/10_Metas/06/17/20191006171200_00160.jpg,datasets_flow/dataset_cropped/10_Metas/06/17/20191006171200_00160.jpg,datasets_cloudmask/dataset_cropped/10_Metas/06/17/20191006171200_00160.png,283.8,638.7,86.6,27.9,961
10/6/2019 17:13,datasets/dataset_cropped/10_Metas/06/17/20191006171300_00160.jpg,datasets_flow/dataset_cropped/10_Metas/06/17/20191006171300_00160.jpg,datasets_cloudmask/dataset_cropped/10_Metas/06/17/20191006171300_00160.png,277.3,635.1,83.3,27.9,961
10/6/2019 17:14,datasets/dataset_cropped/10_Metas/06/17/20191006171400_00160.jpg,datasets_flow/dataset_cropped/10_Metas/06/17/20191006171400_00160.jpg,datasets_cloudmask/dataset_cropped/10_Metas/06/17/20191006171400_00160.png,270.9,631.1,80.2,27.9,961
10/6/2019 17:15,datasets/dataset_cropped/10_Metas/06/17/20191006171500_00160.jpg,datasets_flow/dataset_cropped/10_Metas/06/17/20191006171500_00160.jpg,datasets_cloudmask/dataset_cropped/10_Metas/06/17/20191006171500_00160.png,265,627.4,77.3,27.9,961
10/6/2019 17:16,datasets/dataset_cropped/10_Metas/06/17/20191006171600_00160.jpg,datasets_flow/dataset_cropped/10_Metas/06/17/20191006171600_00160.jpg,datasets_cloudmask/dataset_cropped/10_Metas/06/17/20191006171600_00160.png,259.4,621.9,75,27.9,961
10/6/2019 17:17,datasets/dataset_cropped/10_Metas/06/17/20191006171700_00160.jpg,datasets_flow/dataset_cropped/10_Metas/06/17/20191006171700_00160.jpg,datasets_cloudmask/dataset_cropped/10_Metas/06/17/20191006171700_00160.png,254.6,619.6,72.6,28,961
10/6/2019 17:18,datasets/dataset_cropped/10_Metas/06/17/20191006171800_00160.jpg,datasets_flow/dataset_cropped/10_Metas/06/17/20191006171800_00160.jpg,datasets_cloudmask/dataset_cropped/10_Metas/06/17/20191006171800_00160.png,250,618,70.7,27.9,961
10/6/2019 17:19,datasets/dataset_cropped/10_Metas/06/17/20191006171900_00160.jpg,datasets_flow/dataset_cropped/10_Metas/06/17/20191006171900_00160.jpg,datasets_cloudmask/dataset_cropped/10_Metas/06/17/20191006171900_00160.png,245.6,616,68.9,27.9,961
10/6/2019 17:20,datasets/dataset_cropped/10_Metas/06/17/20191006172000_00160.jpg,datasets_flow/dataset_cropped/10_Metas/06/17/20191006172000_00160.jpg,datasets_cloudmask/dataset_cropped/10_Metas/06/17/20191006172000_00160.png,241.5,613.8,67.3,27.9,961
10/6/2019 17:21,datasets/dataset_cropped/10_Metas/06/17/20191006172100_00160.jpg,datasets_flow/dataset_cropped/10_Metas/06/17/20191006172100_00160.jpg,datasets_cloudmask/dataset_cropped/10_Metas/06/17/20191006172100_00160.png,236.9,608.9,66,27.8,961
10/6/2019 17:22,datasets/dataset_cropped/10_Metas/06/17/20191006172200_00160.jpg,datasets_flow/dataset_cropped/10_Metas/06/17/20191006172200_00160.jpg,datasets_cloudmask/dataset_cropped/10_Metas/06/17/20191006172200_00160.png,233.1,606.3,64.9,27.8,961
10/6/2019 17:23,datasets/dataset_cropped/10_Metas/06/17/20191006172300_00160.jpg,datasets_flow/dataset_cropped/10_Metas/06/17/20191006172300_00160.jpg,datasets_cloudmask/dataset_cropped/10_Metas/06/17/20191006172300_00160.png,229.5,604.4,63.9,27.9,961
10/6/2019 17:24,datasets/dataset_cropped/10_Metas/06/17/20191006172400_00160.jpg,datasets_flow/dataset_cropped/10_Metas/06/17/20191006172400_00160.jpg,datasets_cloudmask/dataset_cropped/10_Metas/06/17/20191006172400_00160.png,225.9,602.4,62.8,27.9,961
10/6/2019 17:25,datasets/dataset_cropped/10_Metas/06/17/20191006172500_00160.jpg,datasets_flow/dataset_cropped/10_Metas/06/17/20191006172500_00160.jpg,datasets_cloudmask/dataset_cropped/10_Metas/06/17/20191006172500_00160.png,222.1,598.8,61.8,27.9,961
10/6/2019 17:26,datasets/dataset_cropped/10_Metas/06/17/20191006172600_00160.jpg,datasets_flow/dataset_cropped/10_Metas/06/17/20191006172600_00160.jpg,datasets_cloudmask/dataset_cropped/10_Metas/06/17/20191006172600_00160.png,217.9,594.1,60.7,27.9,961
10/6/2019 17:27,datasets/dataset_cropped/10_Metas/06/17/20191006172700_00160.jpg,datasets_flow/dataset_cropped/10_Metas/06/17/20191006172700_00160.jpg,datasets_cloudmask/dataset_cropped/10_Metas/06/17/20191006172700_00160.png,214.1,590.7,59.6,27.9,961
10/6/2019 17:28,datasets/dataset_cropped/10_Metas/06/17/20191006172800_00160.jpg,datasets_flow/dataset_cropped/10_Metas/06/17/20191006172800_00160.jpg,datasets_cloudmask/dataset_cropped/10_Metas/06/17/20191006172800_00160.png,210.5,587.4,58.7,28,961
10/6/2019 17:29,datasets/dataset_cropped/10_Metas/06/17/20191006172900_00160.jpg,datasets_flow/dataset_cropped/10_Metas/06/17/20191006172900_00160.jpg,datasets_cloudmask/dataset_cropped/10_Metas/06/17/20191006172900_00160.png,206.9,584,58,28.1,961
10/6/2019 17:30,datasets/dataset_cropped/10_Metas/06/17/20191006173000_00160.jpg,datasets_flow/dataset_cropped/10_Metas/06/17/20191006173000_00160.jpg,datasets_cloudmask/dataset_cropped/10_Metas/06/17/20191006173000_00160.png,203.3,580.6,57.2,27.9,961
10/6/2019 17:31,datasets/dataset_cropped/10_Metas/06/17/20191006173100_00160.jpg,datasets_flow/dataset_cropped/10_Metas/06/17/20191006173100_00160.jpg,datasets_cloudmask/dataset_cropped/10_Metas/06/17/20191006173100_00160.png,199.7,577.4,56.3,27.8,961
10/6/2019 17:32,datasets/dataset_cropped/10_Metas/06/17/20191006173200_00160.jpg,datasets_flow/dataset_cropped/10_Metas/06/17/20191006173200_00160.jpg,datasets_cloudmask/dataset_cropped/10_Metas/06/17/20191006173200_00160.png,196,573.2,55.5,27.6,961
10/6/2019 17:33,datasets/dataset_cropped/10_Metas/06/17/20191006173300_00160.jpg,datasets_flow/dataset_cropped/10_Metas/06/17/20191006173300_00160.jpg,datasets_cloudmask/dataset_cropped/10_Metas/06/17/20191006173300_00160.png,192.4,569.1,54.8,27.6,961
10/6/2019 17:34,datasets/dataset_cropped/10_Metas/06/17/20191006173400_00160.jpg,datasets_flow/dataset_cropped/10_Metas/06/17/20191006173400_00160.jpg,datasets_cloudmask/dataset_cropped/10_Metas/06/17/20191006173400_00160.png,188.9,565.2,54.1,27.6,961
10/6/2019 17:35,datasets/dataset_cropped/10_Metas/06/17/20191006173500_00160.jpg,datasets_flow/dataset_cropped/10_Metas/06/17/20191006173500_00160.jpg,datasets_cloudmask/dataset_cropped/10_Metas/06/17/20191006173500_00160.png,185.7,562.1,53.5,27.5,961
10/6/2019 17:36,datasets/dataset_cropped/10_Metas/06/17/20191006173600_00160.jpg,datasets_flow/dataset_cropped/10_Metas/06/17/20191006173600_00160.jpg,datasets_cloudmask/dataset_cropped/10_Metas/06/17/20191006173600_00160.png,182.6,558.8,53,27.6,961
10/6/2019 17:37,datasets/dataset_cropped/10_Metas/06/17/20191006173700_00160.jpg,datasets_flow/dataset_cropped/10_Metas/06/17/20191006173700_00160.jpg,datasets_cloudmask/dataset_cropped/10_Metas/06/17/20191006173700_00160.png,179.4,555.3,52.4,27.7,961
10/6/2019 17:38,datasets/dataset_cropped/10_Metas/06/17/20191006173800_00160.jpg,datasets_flow/dataset_cropped/10_Metas/06/17/20191006173800_00160.jpg,datasets_cloudmask/dataset_cropped/10_Metas/06/17/20191006173800_00160.png,176.1,551.4,51.9,27.6,961
10/6/2019 17:39,datasets/dataset_cropped/10_Metas/06/17/20191006173900_00160.jpg,datasets_flow/dataset_cropped/10_Metas/06/17/20191006173900_00160.jpg,datasets_cloudmask/dataset_cropped/10_Metas/06/17/20191006173900_00160.png,172.7,546.6,51.4,27.6,961
10/6/2019 17:40,datasets/dataset_cropped/10_Metas/06/17/20191006174000_00160.jpg,datasets_flow/dataset_cropped/10_Metas/06/17/20191006174000_00160.jpg,datasets_cloudmask/dataset_cropped/10_Metas/06/17/20191006174000_00160.png,169.6,543,50.9,27.6,961
10/6/2019 17:41,datasets/dataset_cropped/10_Metas/06/17/20191006174100_00160.jpg,datasets_flow/dataset_cropped/10_Metas/06/17/20191006174100_00160.jpg,datasets_cloudmask/dataset_cropped/10_Metas/06/17/20191006174100_00160.png,166,537.2,50.4,27.6,961
10/6/2019 17:42,datasets/dataset_cropped/10_Metas/06/17/20191006174200_00160.jpg,datasets_flow/dataset_cropped/10_Metas/06/17/20191006174200_00160.jpg,datasets_cloudmask/dataset_cropped/10_Metas/06/17/20191006174200_00160.png,162.7,532.8,49.8,27.7,961
10/6/2019 17:43,datasets/dataset_cropped/10_Metas/06/17/20191006174300_00160.jpg,datasets_flow/dataset_cropped/10_Metas/06/17/20191006174300_00160.jpg,datasets_cloudmask/dataset_cropped/10_Metas/06/17/20191006174300_00160.png,159.2,527.7,49.1,27.8,961
10/6/2019 17:44,datasets/dataset_cropped/10_Metas/06/17/20191006174400_00160.jpg,datasets_flow/dataset_cropped/10_Metas/06/17/20191006174400_00160.jpg,datasets_cloudmask/dataset_cropped/10_Metas/06/17/20191006174400_00160.png,156,522.9,48.6,27.6,961
10/6/2019 17:45,datasets/dataset_cropped/10_Metas/06/17/20191006174500_00160.jpg,datasets_flow/dataset_cropped/10_Metas/06/17/20191006174500_00160.jpg,datasets_cloudmask/dataset_cropped/10_Metas/06/17/20191006174500_00160.png,152.8,518.3,48.2,27.6,961
10/6/2019 17:46,datasets/dataset_cropped/10_Metas/06/17/20191006174600_00160.jpg,datasets_flow/dataset_cropped/10_Metas/06/17/20191006174600_00160.jpg,datasets_cloudmask/dataset_cropped/10_Metas/06/17/20191006174600_00160.png,149.9,514.8,47.7,27.5,961
10/6/2019 17:47,datasets/dataset_cropped/10_Metas/06/17/20191006174700_00160.jpg,datasets_flow/dataset_cropped/10_Metas/06/17/20191006174700_00160.jpg,datasets_cloudmask/dataset_cropped/10_Metas/06/17/20191006174700_00160.png,146.7,510.7,47.1,27.4,961
10/6/2019 17:48,datasets/dataset_cropped/10_Metas/06/17/20191006174800_00160.jpg,datasets_flow/dataset_cropped/10_Metas/06/17/20191006174800_00160.jpg,datasets_cloudmask/dataset_cropped/10_Metas/06/17/20191006174800_00160.png,143.4,505,46.5,27.4,961
10/6/2019 17:49,datasets/dataset_cropped/10_Metas/06/17/20191006174900_00160.jpg,datasets_flow/dataset_cropped/10_Metas/06/17/20191006174900_00160.jpg,datasets_cloudmask/dataset_cropped/10_Metas/06/17/20191006174900_00160.png,140.2,499.5,46.1,27.4,961
10/6/2019 17:50,datasets/dataset_cropped/10_Metas/06/17/20191006175000_00160.jpg,datasets_flow/dataset_cropped/10_Metas/06/17/20191006175000_00160.jpg,datasets_cloudmask/dataset_cropped/10_Metas/06/17/20191006175000_00160.png,137.2,495.4,45.5,27.3,961
10/6/2019 17:51,datasets/dataset_cropped/10_Metas/06/17/20191006175100_00160.jpg,datasets_flow/dataset_cropped/10_Metas/06/17/20191006175100_00160.jpg,datasets_cloudmask/dataset_cropped/10_Metas/06/17/20191006175100_00160.png,128.3,459.5,44.6,27.3,961
10/6/2019 17:52,datasets/dataset_cropped/10_Metas/06/17/20191006175200_00160.jpg,datasets_flow/dataset_cropped/10_Metas/06/17/20191006175200_00160.jpg,datasets_cloudmask/dataset_cropped/10_Metas/06/17/20191006175200_00160.png,128.8,474,44.1,27.3,961
10/6/2019 17:53,datasets/dataset_cropped/10_Metas/06/17/20191006175300_00160.jpg,datasets_flow/dataset_cropped/10_Metas/06/17/20191006175300_00160.jpg,datasets_cloudmask/dataset_cropped/10_Metas/06/17/20191006175300_00160.png,127.6,478.9,43.6,27.2,961
10/6/2019 17:54,datasets/dataset_cropped/10_Metas/06/17/20191006175400_00160.jpg,datasets_flow/dataset_cropped/10_Metas/06/17/20191006175400_00160.jpg,datasets_cloudmask/dataset_cropped/10_Metas/06/17/20191006175400_00160.png,124.5,473.4,43.1,27.2,961
10/6/2019 17:55,datasets/dataset_cropped/10_Metas/06/17/20191006175500_00160.jpg,datasets_flow/dataset_cropped/10_Metas/06/17/20191006175500_00160.jpg,datasets_cloudmask/dataset_cropped/10_Metas/06/17/20191006175500_00160.png,121.2,466.2,42.5,27.1,961
10/6/2019 17:56,datasets/dataset_cropped/10_Metas/06/17/20191006175600_00160.jpg,datasets_flow/dataset_cropped/10_Metas/06/17/20191006175600_00160.jpg,datasets_cloudmask/dataset_cropped/10_Metas/06/17/20191006175600_00160.png,117.9,458.9,42,27,961
10/6/2019 17:57,datasets/dataset_cropped/10_Metas/06/17/20191006175700_00160.jpg,datasets_flow/dataset_cropped/10_Metas/06/17/20191006175700_00160.jpg,datasets_cloudmask/dataset_cropped/10_Metas/06/17/20191006175700_00160.png,114.7,452.4,41.4,27,961
10/6/2019 17:58,datasets/dataset_cropped/10_Metas/06/17/20191006175800_00160.jpg,datasets_flow/dataset_cropped/10_Metas/06/17/20191006175800_00160.jpg,datasets_cloudmask/dataset_cropped/10_Metas/06/17/20191006175800_00160.png,111.7,446.7,40.9,27,961
10/6/2019 17:59,datasets/dataset_cropped/10_Metas/06/17/20191006175900_00160.jpg,datasets_flow/dataset_cropped/10_Metas/06/17/20191006175900_00160.jpg,datasets_cloudmask/dataset_cropped/10_Metas/06/17/20191006175900_00160.png,108.8,440.7,40.4,27,961
10/6/2019 18:00,datasets/dataset_cropped/10_Metas/06/18/20191006180000_00160.jpg,datasets_flow/dataset_cropped/10_Metas/06/18/20191006180000_00160.jpg,datasets_cloudmask/dataset_cropped/10_Metas/06/18/20191006180000_00160.png,105.7,434.4,39.9,27,961
10/6/2019 18:01,datasets/dataset_cropped/10_Metas/06/18/20191006180100_00160.jpg,datasets_flow/dataset_cropped/10_Metas/06/18/20191006180100_00160.jpg,datasets_cloudmask/dataset_cropped/10_Metas/06/18/20191006180100_00160.png,102.8,428.6,39.3,26.9,961
10/6/2019 18:02,datasets/dataset_cropped/10_Metas/06/18/20191006180200_00160.jpg,datasets_flow/dataset_cropped/10_Metas/06/18/20191006180200_00160.jpg,datasets_cloudmask/dataset_cropped/10_Metas/06/18/20191006180200_00160.png,99.8,421.9,38.8,26.8,961
10/6/2019 18:03,datasets/dataset_cropped/10_Metas/06/18/20191006180300_00160.jpg,datasets_flow/dataset_cropped/10_Metas/06/18/20191006180300_00160.jpg,datasets_cloudmask/dataset_cropped/10_Metas/06/18/20191006180300_00160.png,96.7,414.3,38.2,26.7,961
10/6/2019 18:04,datasets/dataset_cropped/10_Metas/06/18/20191006180400_00160.jpg,datasets_flow/dataset_cropped/10_Metas/06/18/20191006180400_00160.jpg,datasets_cloudmask/dataset_cropped/10_Metas/06/18/20191006180400_00160.png,93.4,405.4,37.5,26.7,961
10/6/2019 18:05,datasets/dataset_cropped/10_Metas/06/18/20191006180500_00160.jpg,datasets_flow/dataset_cropped/10_Metas/06/18/20191006180500_00160.jpg,datasets_cloudmask/dataset_cropped/10_Metas/06/18/20191006180500_00160.png,90,396.3,36.8,26.7,961
10/6/2019 18:06,datasets/dataset_cropped/10_Metas/06/18/20191006180600_00160.jpg,datasets_flow/dataset_cropped/10_Metas/06/18/20191006180600_00160.jpg,datasets_cloudmask/dataset_cropped/10_Metas/06/18/20191006180600_00160.png,86.3,383.6,36,26.7,961
10/6/2019 18:07,datasets/dataset_cropped/10_Metas/06/18/20191006180700_00160.jpg,datasets_flow/dataset_cropped/10_Metas/06/18/20191006180700_00160.jpg,datasets_cloudmask/dataset_cropped/10_Metas/06/18/20191006180700_00160.png,79.5,347.5,35.2,26.7,961
10/6/2019 18:08,datasets/dataset_cropped/10_Metas/06/18/20191006180800_00160.jpg,datasets_flow/dataset_cropped/10_Metas/06/18/20191006180800_00160.jpg,datasets_cloudmask/dataset_cropped/10_Metas/06/18/20191006180800_00160.png,81.6,379.3,34.5,26.7,961
10/6/2019 18:09,datasets/dataset_cropped/10_Metas/06/18/20191006180900_00160.jpg,datasets_flow/dataset_cropped/10_Metas/06/18/20191006180900_00160.jpg,datasets_cloudmask/dataset_cropped/10_Metas/06/18/20191006180900_00160.png,78.6,371.5,33.8,26.6,961
10/6/2019 18:10,datasets/dataset_cropped/10_Metas/06/18/20191006181000_00160.jpg,datasets_flow/dataset_cropped/10_Metas/06/18/20191006181000_00160.jpg,datasets_cloudmask/dataset_cropped/10_Metas/06/18/20191006181000_00160.png,75.6,364.1,33,26.5,961
10/6/2019 18:11,datasets/dataset_cropped/10_Metas/06/18/20191006181100_00160.jpg,datasets_flow/dataset_cropped/10_Metas/06/18/20191006181100_00160.jpg,datasets_cloudmask/dataset_cropped/10_Metas/06/18/20191006181100_00160.png,72.6,355.3,32.2,26.5,961
10/6/2019 18:12,datasets/dataset_cropped/10_Metas/06/18/20191006181200_00160.jpg,datasets_flow/dataset_cropped/10_Metas/06/18/20191006181200_00160.jpg,datasets_cloudmask/dataset_cropped/10_Metas/06/18/20191006181200_00160.png,69.7,346.2,31.5,26.4,961
10/6/2019 18:13,datasets/dataset_cropped/10_Metas/06/18/20191006181300_00160.jpg,datasets_flow/dataset_cropped/10_Metas/06/18/20191006181300_00160.jpg,datasets_cloudmask/dataset_cropped/10_Metas/06/18/20191006181300_00160.png,66.9,337.9,30.8,26.4,961
10/6/2019 18:14,datasets/dataset_cropped/10_Metas/06/18/20191006181400_00160.jpg,datasets_flow/dataset_cropped/10_Metas/06/18/20191006181400_00160.jpg,datasets_cloudmask/dataset_cropped/10_Metas/06/18/20191006181400_00160.png,64,328,30.2,26.4,961
10/6/2019 18:15,datasets/dataset_cropped/10_Metas/06/18/20191006181500_00160.jpg,datasets_flow/dataset_cropped/10_Metas/06/18/20191006181500_00160.jpg,datasets_cloudmask/dataset_cropped/10_Metas/06/18/20191006181500_00160.png,61,316.5,29.4,26.4,961
10/6/2019 18:16,datasets/dataset_cropped/10_Metas/06/18/20191006181600_00160.jpg,datasets_flow/dataset_cropped/10_Metas/06/18/20191006181600_00160.jpg,datasets_cloudmask/dataset_cropped/10_Metas/06/18/20191006181600_00160.png,58.4,309.3,28.6,26.2,961
10/6/2019 18:17,datasets/dataset_cropped/10_Metas/06/18/20191006181700_00160.jpg,datasets_flow/dataset_cropped/10_Metas/06/18/20191006181700_00160.jpg,datasets_cloudmask/dataset_cropped/10_Metas/06/18/20191006181700_00160.png,55.7,300.3,27.8,26.2,962
10/6/2019 18:18,datasets/dataset_cropped/10_Metas/06/18/20191006181800_00160.jpg,datasets_flow/dataset_cropped/10_Metas/06/18/20191006181800_00160.jpg,datasets_cloudmask/dataset_cropped/10_Metas/06/18/20191006181800_00160.png,53,291.9,26.9,26.1,961
10/6/2019 18:19,datasets/dataset_cropped/10_Metas/06/18/20191006181900_00160.jpg,datasets_flow/dataset_cropped/10_Metas/06/18/20191006181900_00160.jpg,datasets_cloudmask/dataset_cropped/10_Metas/06/18/20191006181900_00160.png,50.2,281.5,26,26.1,961
10/6/2019 18:20,datasets/dataset_cropped/10_Metas/06/18/20191006182000_00160.jpg,datasets_flow/dataset_cropped/10_Metas/06/18/20191006182000_00160.jpg,datasets_cloudmask/dataset_cropped/10_Metas/06/18/20191006182000_00160.png,47.4,271.4,25,26,961
10/6/2019 18:21,datasets/dataset_cropped/10_Metas/06/18/20191006182100_00160.jpg,datasets_flow/dataset_cropped/10_Metas/06/18/20191006182100_00160.jpg,datasets_cloudmask/dataset_cropped/10_Metas/06/18/20191006182100_00160.png,44.8,262.9,24,25.9,961
10/6/2019 18:22,datasets/dataset_cropped/10_Metas/06/18/20191006182200_00160.jpg,datasets_flow/dataset_cropped/10_Metas/06/18/20191006182200_00160.jpg,datasets_cloudmask/dataset_cropped/10_Metas/06/18/20191006182200_00160.png,42.2,254.8,22.9,25.9,961
10/6/2019 18:23,datasets/dataset_cropped/10_Metas/06/18/20191006182300_00160.jpg,datasets_flow/dataset_cropped/10_Metas/06/18/20191006182300_00160.jpg,datasets_cloudmask/dataset_cropped/10_Metas/06/18/20191006182300_00160.png,39.7,244.7,22,25.9,961
10/6/2019 18:24,datasets/dataset_cropped/10_Metas/06/18/20191006182400_00160.jpg,datasets_flow/dataset_cropped/10_Metas/06/18/20191006182400_00160.jpg,datasets_cloudmask/dataset_cropped/10_Metas/06/18/20191006182400_00160.png,37.3,234.1,21.2,25.8,961
10/6/2019 18:25,datasets/dataset_cropped/10_Metas/06/18/20191006182500_00160.jpg,datasets_flow/dataset_cropped/10_Metas/06/18/20191006182500_00160.jpg,datasets_cloudmask/dataset_cropped/10_Metas/06/18/20191006182500_00160.png,34.6,217.6,20.3,25.7,961
10/6/2019 18:26,datasets/dataset_cropped/10_Metas/06/18/20191006182600_00160.jpg,datasets_flow/dataset_cropped/10_Metas/06/18/20191006182600_00160.jpg,datasets_cloudmask/dataset_cropped/10_Metas/06/18/20191006182600_00160.png,31.4,193.4,19.4,25.7,961
10/6/2019 18:27,datasets/dataset_cropped/10_Metas/06/18/20191006182700_00160.jpg,datasets_flow/dataset_cropped/10_Metas/06/18/20191006182700_00160.jpg,datasets_cloudmask/dataset_cropped/10_Metas/06/18/20191006182700_00160.png,29.2,181.8,18.4,25.6,961
10/6/2019 18:28,datasets/dataset_cropped/10_Metas/06/18/20191006182800_00160.jpg,datasets_flow/dataset_cropped/10_Metas/06/18/20191006182800_00160.jpg,datasets_cloudmask/dataset_cropped/10_Metas/06/18/20191006182800_00160.png,26.6,164.6,17.4,25.6,961
10/6/2019 18:29,datasets/dataset_cropped/10_Metas/06/18/20191006182900_00160.jpg,datasets_flow/dataset_cropped/10_Metas/06/18/20191006182900_00160.jpg,datasets_cloudmask/dataset_cropped/10_Metas/06/18/20191006182900_00160.png,24.2,151.7,16.2,25.5,961
10/6/2019 18:30,datasets/dataset_cropped/10_Metas/06/18/20191006183000_00160.jpg,datasets_flow/dataset_cropped/10_Metas/06/18/20191006183000_00160.jpg,datasets_cloudmask/dataset_cropped/10_Metas/06/18/20191006183000_00160.png,22.4,147,15.1,25.5,961
10/6/2019 18:31,datasets/dataset_cropped/10_Metas/06/18/20191006183100_00160.jpg,datasets_flow/dataset_cropped/10_Metas/06/18/20191006183100_00160.jpg,datasets_cloudmask/dataset_cropped/10_Metas/06/18/20191006183100_00160.png,19.4,111.1,14,25.5,961
10/6/2019 18:32,datasets/dataset_cropped/10_Metas/06/18/20191006183200_00160.jpg,datasets_flow/dataset_cropped/10_Metas/06/18/20191006183200_00160.jpg,datasets_cloudmask/dataset_cropped/10_Metas/06/18/20191006183200_00160.png,17.4,92.2,13.1,25.4,961
10/6/2019 18:33,datasets/dataset_cropped/10_Metas/06/18/20191006183300_00160.jpg,datasets_flow/dataset_cropped/10_Metas/06/18/20191006183300_00160.jpg,datasets_cloudmask/dataset_cropped/10_Metas/06/18/20191006183300_00160.png,14.6,53.5,12,25.3,961
10/6/2019 18:34,datasets/dataset_cropped/10_Metas/06/18/20191006183400_00160.jpg,datasets_flow/dataset_cropped/10_Metas/06/18/20191006183400_00160.jpg,datasets_cloudmask/dataset_cropped/10_Metas/06/18/20191006183400_00160.png,11.4,17.2,10.4,25.2,961
10/6/2019 18:35,datasets/dataset_cropped/10_Metas/06/18/20191006183500_00160.jpg,datasets_flow/dataset_cropped/10_Metas/06/18/20191006183500_00160.jpg,datasets_cloudmask/dataset_cropped/10_Metas/06/18/20191006183500_00160.png,9.7,6.7,9.1,25.1,961
10/6/2019 18:36,datasets/dataset_cropped/10_Metas/06/18/20191006183600_00160.jpg,datasets_flow/dataset_cropped/10_Metas/06/18/20191006183600_00160.jpg,datasets_cloudmask/dataset_cropped/10_Metas/06/18/20191006183600_00160.png,8.5,3.9,8,25,961
10/6/2019 18:37,datasets/dataset_cropped/10_Metas/06/18/20191006183700_00160.jpg,datasets_flow/dataset_cropped/10_Metas/06/18/20191006183700_00160.jpg,datasets_cloudmask/dataset_cropped/10_Metas/06/18/20191006183700_00160.png,7.5,2,7.1,24.9,961
10/6/2019 18:38,datasets/dataset_cropped/10_Metas/06/18/20191006183800_00160.jpg,datasets_flow/dataset_cropped/10_Metas/06/18/20191006183800_00160.jpg,datasets_cloudmask/dataset_cropped/10_Metas/06/18/20191006183800_00160.png,6.6,0.8,6.2,24.8,961
10/6/2019 18:39,datasets/dataset_cropped/10_Metas/06/18/20191006183900_00160.jpg,datasets_flow/dataset_cropped/10_Metas/06/18/20191006183900_00160.jpg,datasets_cloudmask/dataset_cropped/10_Metas/06/18/20191006183900_00160.png,5.7,0.1,5.4,24.8,961
10/6/2019 18:40,datasets/dataset_cropped/10_Metas/06/18/20191006184000_00160.jpg,datasets_flow/dataset_cropped/10_Metas/06/18/20191006184000_00160.jpg,datasets_cloudmask/dataset_cropped/10_Metas/06/18/20191006184000_00160.png,4.9,0,4.6,24.7,961
10/6/2019 18:41,datasets/dataset_cropped/10_Metas/06/18/20191006184100_00160.jpg,datasets_flow/dataset_cropped/10_Metas/06/18/20191006184100_00160.jpg,datasets_cloudmask/dataset_cropped/10_Metas/06/18/20191006184100_00160.png,4.1,0,3.8,24.6,961
10/6/2019 18:42,datasets/dataset_cropped/10_Metas/06/18/20191006184200_00160.jpg,datasets_flow/dataset_cropped/10_Metas/06/18/20191006184200_00160.jpg,datasets_cloudmask/dataset_cropped/10_Metas/06/18/20191006184200_00160.png,3.5,0,3.1,24.6,961
10/6/2019 18:43,datasets/dataset_cropped/10_Metas/06/18/20191006184300_00160.jpg,datasets_flow/dataset_cropped/10_Metas/06/18/20191006184300_00160.jpg,datasets_cloudmask/dataset_cropped/10_Metas/06/18/20191006184300_00160.png,2.9,0,2.5,24.5,961
10/6/2019 18:44,datasets/dataset_cropped/10_Metas/06/18/20191006184400_00160.jpg,datasets_flow/dataset_cropped/10_Metas/06/18/20191006184400_00160.jpg,datasets_cloudmask/dataset_cropped/10_Metas/06/18/20191006184400_00160.png,2.3,0,2,24.5,961
10/7/2019 7:11,datasets/dataset_cropped/10_Metas/07/07/20191007071130_00160.jpg,datasets_flow/dataset_cropped/10_Metas/07/07/20191007071130_00160.jpg,datasets_cloudmask/dataset_cropped/10_Metas/07/07/20191007071130_00160.png,3.6,0.5,3.2,17,960
10/7/2019 7:12,datasets/dataset_cropped/10_Metas/07/07/20191007071200_00160.jpg,datasets_flow/dataset_cropped/10_Metas/07/07/20191007071200_00160.jpg,datasets_cloudmask/dataset_cropped/10_Metas/07/07/20191007071200_00160.png,3.6,0.5,3.2,17,960
10/7/2019 7:13,datasets/dataset_cropped/10_Metas/07/07/20191007071300_00160.jpg,datasets_flow/dataset_cropped/10_Metas/07/07/20191007071300_00160.jpg,datasets_cloudmask/dataset_cropped/10_Metas/07/07/20191007071300_00160.png,4.4,0.6,4,17,960
10/7/2019 7:14,datasets/dataset_cropped/10_Metas/07/07/20191007071400_00160.jpg,datasets_flow/dataset_cropped/10_Metas/07/07/20191007071400_00160.jpg,datasets_cloudmask/dataset_cropped/10_Metas/07/07/20191007071400_00160.png,5.2,1.1,4.8,16.9,960
10/7/2019 7:15,datasets/dataset_cropped/10_Metas/07/07/20191007071500_00160.jpg,datasets_flow/dataset_cropped/10_Metas/07/07/20191007071500_00160.jpg,datasets_cloudmask/dataset_cropped/10_Metas/07/07/20191007071500_00160.png,5.8,1.8,5.3,16.7,960
10/7/2019 7:16,datasets/dataset_cropped/10_Metas/07/07/20191007071600_00160.jpg,datasets_flow/dataset_cropped/10_Metas/07/07/20191007071600_00160.jpg,datasets_cloudmask/dataset_cropped/10_Metas/07/07/20191007071600_00160.png,6.5,2.8,5.7,16.8,960
10/7/2019 7:17,datasets/dataset_cropped/10_Metas/07/07/20191007071700_00160.jpg,datasets_flow/dataset_cropped/10_Metas/07/07/20191007071700_00160.jpg,datasets_cloudmask/dataset_cropped/10_Metas/07/07/20191007071700_00160.png,7.7,3.9,6.9,17,960
10/7/2019 7:18,datasets/dataset_cropped/10_Metas/07/07/20191007071800_00160.jpg,datasets_flow/dataset_cropped/10_Metas/07/07/20191007071800_00160.jpg,datasets_cloudmask/dataset_cropped/10_Metas/07/07/20191007071800_00160.png,9.1,6.2,8.3,17.1,960
10/7/2019 7:19,datasets/dataset_cropped/10_Metas/07/07/20191007071900_00160.jpg,datasets_flow/dataset_cropped/10_Metas/07/07/20191007071900_00160.jpg,datasets_cloudmask/dataset_cropped/10_Metas/07/07/20191007071900_00160.png,10.3,9.4,9.6,17.2,960
10/7/2019 7:20,datasets/dataset_cropped/10_Metas/07/07/20191007072000_00160.jpg,datasets_flow/dataset_cropped/10_Metas/07/07/20191007072000_00160.jpg,datasets_cloudmask/dataset_cropped/10_Metas/07/07/20191007072000_00160.png,11.4,11.6,10.7,17.3,960
10/7/2019 7:21,datasets/dataset_cropped/10_Metas/07/07/20191007072100_00160.jpg,datasets_flow/dataset_cropped/10_Metas/07/07/20191007072100_00160.jpg,datasets_cloudmask/dataset_cropped/10_Metas/07/07/20191007072100_00160.png,12.3,12,11.6,17.3,960
10/7/2019 7:22,datasets/dataset_cropped/10_Metas/07/07/20191007072200_00160.jpg,datasets_flow/dataset_cropped/10_Metas/07/07/20191007072200_00160.jpg,datasets_cloudmask/dataset_cropped/10_Metas/07/07/20191007072200_00160.png,13.4,12.3,12.6,17.3,960
10/7/2019 7:23,datasets/dataset_cropped/10_Metas/07/07/20191007072300_00160.jpg,datasets_flow/dataset_cropped/10_Metas/07/07/20191007072300_00160.jpg,datasets_cloudmask/dataset_cropped/10_Metas/07/07/20191007072300_00160.png,14.5,13.8,13.7,17.2,960
10/7/2019 7:24,datasets/dataset_cropped/10_Metas/07/07/20191007072400_00160.jpg,datasets_flow/dataset_cropped/10_Metas/07/07/20191007072400_00160.jpg,datasets_cloudmask/dataset_cropped/10_Metas/07/07/20191007072400_00160.png,15.8,16.4,14.8,17.3,960
10/7/2019 7:25,datasets/dataset_cropped/10_Metas/07/07/20191007072500_00160.jpg,datasets_flow/dataset_cropped/10_Metas/07/07/20191007072500_00160.jpg,datasets_cloudmask/dataset_cropped/10_Metas/07/07/20191007072500_00160.png,17.6,24.1,16.2,17.4,960
10/7/2019 7:26,datasets/dataset_cropped/10_Metas/07/07/20191007072600_00160.jpg,datasets_flow/dataset_cropped/10_Metas/07/07/20191007072600_00160.jpg,datasets_cloudmask/dataset_cropped/10_Metas/07/07/20191007072600_00160.png,20.4,49.4,17.8,17.4,960
10/7/2019 7:27,datasets/dataset_cropped/10_Metas/07/07/20191007072700_00160.jpg,datasets_flow/dataset_cropped/10_Metas/07/07/20191007072700_00160.jpg,datasets_cloudmask/dataset_cropped/10_Metas/07/07/20191007072700_00160.png,22,54.6,19.1,17.4,960
10/7/2019 7:28,datasets/dataset_cropped/10_Metas/07/07/20191007072800_00160.jpg,datasets_flow/dataset_cropped/10_Metas/07/07/20191007072800_00160.jpg,datasets_cloudmask/dataset_cropped/10_Metas/07/07/20191007072800_00160.png,23.4,54.2,20.3,17.4,960
10/7/2019 7:29,datasets/dataset_cropped/10_Metas/07/07/20191007072900_00160.jpg,datasets_flow/dataset_cropped/10_Metas/07/07/20191007072900_00160.jpg,datasets_cloudmask/dataset_cropped/10_Metas/07/07/20191007072900_00160.png,25.1,59.9,21.5,17.5,960
10/7/2019 7:30,datasets/dataset_cropped/10_Metas/07/07/20191007073000_00160.jpg,datasets_flow/dataset_cropped/10_Metas/07/07/20191007073000_00160.jpg,datasets_cloudmask/dataset_cropped/10_Metas/07/07/20191007073000_00160.png,26.6,59.7,22.9,17.5,960
10/7/2019 7:31,datasets/dataset_cropped/10_Metas/07/07/20191007073100_00160.jpg,datasets_flow/dataset_cropped/10_Metas/07/07/20191007073100_00160.jpg,datasets_cloudmask/dataset_cropped/10_Metas/07/07/20191007073100_00160.png,28,61.9,24.2,17.5,960
10/7/2019 7:32,datasets/dataset_cropped/10_Metas/07/07/20191007073200_00160.jpg,datasets_flow/dataset_cropped/10_Metas/07/07/20191007073200_00160.jpg,datasets_cloudmask/dataset_cropped/10_Metas/07/07/20191007073200_00160.png,31.1,82.7,25.9,17.6,960
10/7/2019 7:33,datasets/dataset_cropped/10_Metas/07/07/20191007073300_00160.jpg,datasets_flow/dataset_cropped/10_Metas/07/07/20191007073300_00160.jpg,datasets_cloudmask/dataset_cropped/10_Metas/07/07/20191007073300_00160.png,31.4,66.5,27,17.7,960
10/7/2019 7:34,datasets/dataset_cropped/10_Metas/07/07/20191007073400_00160.jpg,datasets_flow/dataset_cropped/10_Metas/07/07/20191007073400_00160.jpg,datasets_cloudmask/dataset_cropped/10_Metas/07/07/20191007073400_00160.png,31.3,44.4,28.1,17.9,960
10/7/2019 7:35,datasets/dataset_cropped/10_Metas/07/07/20191007073500_00160.jpg,datasets_flow/dataset_cropped/10_Metas/07/07/20191007073500_00160.jpg,datasets_cloudmask/dataset_cropped/10_Metas/07/07/20191007073500_00160.png,32.1,37.8,29.3,17.9,960
10/7/2019 7:36,datasets/dataset_cropped/10_Metas/07/07/20191007073600_00160.jpg,datasets_flow/dataset_cropped/10_Metas/07/07/20191007073600_00160.jpg,datasets_cloudmask/dataset_cropped/10_Metas/07/07/20191007073600_00160.png,33.1,35.4,30.6,17.9,960
10/7/2019 7:37,datasets/dataset_cropped/10_Metas/07/07/20191007073700_00160.jpg,datasets_flow/dataset_cropped/10_Metas/07/07/20191007073700_00160.jpg,datasets_cloudmask/dataset_cropped/10_Metas/07/07/20191007073700_00160.png,35.2,38.8,32.3,18.2,960
10/7/2019 7:38,datasets/dataset_cropped/10_Metas/07/07/20191007073800_00160.jpg,datasets_flow/dataset_cropped/10_Metas/07/07/20191007073800_00160.jpg,datasets_cloudmask/dataset_cropped/10_Metas/07/07/20191007073800_00160.png,40,69.8,34.1,18.5,960
10/7/2019 7:39,datasets/dataset_cropped/10_Metas/07/07/20191007073900_00160.jpg,datasets_flow/dataset_cropped/10_Metas/07/07/20191007073900_00160.jpg,datasets_cloudmask/dataset_cropped/10_Metas/07/07/20191007073900_00160.png,44,93.3,35.6,18.7,960
10/7/2019 7:40,datasets/dataset_cropped/10_Metas/07/07/20191007074000_00160.jpg,datasets_flow/dataset_cropped/10_Metas/07/07/20191007074000_00160.jpg,datasets_cloudmask/dataset_cropped/10_Metas/07/07/20191007074000_00160.png,48.2,117.6,37.4,18.8,960
10/7/2019 7:41,datasets/dataset_cropped/10_Metas/07/07/20191007074100_00160.jpg,datasets_flow/dataset_cropped/10_Metas/07/07/20191007074100_00160.jpg,datasets_cloudmask/dataset_cropped/10_Metas/07/07/20191007074100_00160.png,57.2,189,39.1,18.8,960
10/7/2019 7:42,datasets/dataset_cropped/10_Metas/07/07/20191007074200_00160.jpg,datasets_flow/dataset_cropped/10_Metas/07/07/20191007074200_00160.jpg,datasets_cloudmask/dataset_cropped/10_Metas/07/07/20191007074200_00160.png,72,314.4,40.9,18.9,960
10/7/2019 7:43,datasets/dataset_cropped/10_Metas/07/07/20191007074300_00160.jpg,datasets_flow/dataset_cropped/10_Metas/07/07/20191007074300_00160.jpg,datasets_cloudmask/dataset_cropped/10_Metas/07/07/20191007074300_00160.png,84.6,414.6,42.5,18.9,960
10/7/2019 7:44,datasets/dataset_cropped/10_Metas/07/07/20191007074400_00160.jpg,datasets_flow/dataset_cropped/10_Metas/07/07/20191007074400_00160.jpg,datasets_cloudmask/dataset_cropped/10_Metas/07/07/20191007074400_00160.png,89.9,441.4,43.7,19,960
10/7/2019 7:45,datasets/dataset_cropped/10_Metas/07/07/20191007074500_00160.jpg,datasets_flow/dataset_cropped/10_Metas/07/07/20191007074500_00160.jpg,datasets_cloudmask/dataset_cropped/10_Metas/07/07/20191007074500_00160.png,93.1,448.3,44.8,19.2,960
10/7/2019 7:46,datasets/dataset_cropped/10_Metas/07/07/20191007074600_00160.jpg,datasets_flow/dataset_cropped/10_Metas/07/07/20191007074600_00160.jpg,datasets_cloudmask/dataset_cropped/10_Metas/07/07/20191007074600_00160.png,95.4,447.6,45.7,19.4,960
10/7/2019 7:47,datasets/dataset_cropped/10_Metas/07/07/20191007074700_00160.jpg,datasets_flow/dataset_cropped/10_Metas/07/07/20191007074700_00160.jpg,datasets_cloudmask/dataset_cropped/10_Metas/07/07/20191007074700_00160.png,97.3,444.4,46.6,19.6,960
10/7/2019 7:48,datasets/dataset_cropped/10_Metas/07/07/20191007074800_00160.jpg,datasets_flow/dataset_cropped/10_Metas/07/07/20191007074800_00160.jpg,datasets_cloudmask/dataset_cropped/10_Metas/07/07/20191007074800_00160.png,101,456.9,47.4,19.7,960
10/7/2019 7:49,datasets/dataset_cropped/10_Metas/07/07/20191007074900_00160.jpg,datasets_flow/dataset_cropped/10_Metas/07/07/20191007074900_00160.jpg,datasets_cloudmask/dataset_cropped/10_Metas/07/07/20191007074900_00160.png,104.5,468.1,48.2,19.9,960
10/7/2019 7:50,datasets/dataset_cropped/10_Metas/07/07/20191007075000_00160.jpg,datasets_flow/dataset_cropped/10_Metas/07/07/20191007075000_00160.jpg,datasets_cloudmask/dataset_cropped/10_Metas/07/07/20191007075000_00160.png,107.6,475.6,48.8,20,960
10/7/2019 7:51,datasets/dataset_cropped/10_Metas/07/07/20191007075100_00160.jpg,datasets_flow/dataset_cropped/10_Metas/07/07/20191007075100_00160.jpg,datasets_cloudmask/dataset_cropped/10_Metas/07/07/20191007075100_00160.png,110.6,481.4,49.3,20.2,960
10/7/2019 7:52,datasets/dataset_cropped/10_Metas/07/07/20191007075200_00160.jpg,datasets_flow/dataset_cropped/10_Metas/07/07/20191007075200_00160.jpg,datasets_cloudmask/dataset_cropped/10_Metas/07/07/20191007075200_00160.png,113.8,489.7,49.7,20.3,961
10/7/2019 7:53,datasets/dataset_cropped/10_Metas/07/07/20191007075300_00160.jpg,datasets_flow/dataset_cropped/10_Metas/07/07/20191007075300_00160.jpg,datasets_cloudmask/dataset_cropped/10_Metas/07/07/20191007075300_00160.png,117.2,499.4,50.1,20.4,961
10/7/2019 7:54,datasets/dataset_cropped/10_Metas/07/07/20191007075400_00160.jpg,datasets_flow/dataset_cropped/10_Metas/07/07/20191007075400_00160.jpg,datasets_cloudmask/dataset_cropped/10_Metas/07/07/20191007075400_00160.png,120.6,507.9,50.7,20.5,960
10/7/2019 7:55,datasets/dataset_cropped/10_Metas/07/07/20191007075500_00160.jpg,datasets_flow/dataset_cropped/10_Metas/07/07/20191007075500_00160.jpg,datasets_cloudmask/dataset_cropped/10_Metas/07/07/20191007075500_00160.png,123.9,515,51.3,20.7,960
10/7/2019 7:56,datasets/dataset_cropped/10_Metas/07/07/20191007075600_00160.jpg,datasets_flow/dataset_cropped/10_Metas/07/07/20191007075600_00160.jpg,datasets_cloudmask/dataset_cropped/10_Metas/07/07/20191007075600_00160.png,127,520.3,51.9,20.9,960
10/7/2019 7:57,datasets/dataset_cropped/10_Metas/07/07/20191007075700_00160.jpg,datasets_flow/dataset_cropped/10_Metas/07/07/20191007075700_00160.jpg,datasets_cloudmask/dataset_cropped/10_Metas/07/07/20191007075700_00160.png,130.4,527.5,52.5,20.9,960
10/7/2019 7:58,datasets/dataset_cropped/10_Metas/07/07/20191007075800_00160.jpg,datasets_flow/dataset_cropped/10_Metas/07/07/20191007075800_00160.jpg,datasets_cloudmask/dataset_cropped/10_Metas/07/07/20191007075800_00160.png,133.9,534.8,53.2,21,961
10/7/2019 7:59,datasets/dataset_cropped/10_Metas/07/07/20191007075900_00160.jpg,datasets_flow/dataset_cropped/10_Metas/07/07/20191007075900_00160.jpg,datasets_cloudmask/dataset_cropped/10_Metas/07/07/20191007075900_00160.png,137.4,541.2,53.8,21.2,960
10/7/2019 8:00,datasets/dataset_cropped/10_Metas/07/08/20191007080000_00160.jpg,datasets_flow/dataset_cropped/10_Metas/07/08/20191007080000_00160.jpg,datasets_cloudmask/dataset_cropped/10_Metas/07/08/20191007080000_00160.png,140.5,544.2,54.5,21.3,961
10/7/2019 8:01,datasets/dataset_cropped/10_Metas/07/08/20191007080100_00160.jpg,datasets_flow/dataset_cropped/10_Metas/07/08/20191007080100_00160.jpg,datasets_cloudmask/dataset_cropped/10_Metas/07/08/20191007080100_00160.png,144.7,554.3,55,21.3,961
10/7/2019 8:02,datasets/dataset_cropped/10_Metas/07/08/20191007080200_00160.jpg,datasets_flow/dataset_cropped/10_Metas/07/08/20191007080200_00160.jpg,datasets_cloudmask/dataset_cropped/10_Metas/07/08/20191007080200_00160.png,148.6,563.1,55.5,21.4,961
10/7/2019 8:03,datasets/dataset_cropped/10_Metas/07/08/20191007080300_00160.jpg,datasets_flow/dataset_cropped/10_Metas/07/08/20191007080300_00160.jpg,datasets_cloudmask/dataset_cropped/10_Metas/07/08/20191007080300_00160.png,151.6,567.4,56,21.4,961
10/7/2019 8:04,datasets/dataset_cropped/10_Metas/07/08/20191007080400_00160.jpg,datasets_flow/dataset_cropped/10_Metas/07/08/20191007080400_00160.jpg,datasets_cloudmask/dataset_cropped/10_Metas/07/08/20191007080400_00160.png,153.1,562.3,56.6,21.3,961
10/7/2019 8:05,datasets/dataset_cropped/10_Metas/07/08/20191007080500_00160.jpg,datasets_flow/dataset_cropped/10_Metas/07/08/20191007080500_00160.jpg,datasets_cloudmask/dataset_cropped/10_Metas/07/08/20191007080500_00160.png,155,558.7,57.4,21.3,961
10/7/2019 8:06,datasets/dataset_cropped/10_Metas/07/08/20191007080600_00160.jpg,datasets_flow/dataset_cropped/10_Metas/07/08/20191007080600_00160.jpg,datasets_cloudmask/dataset_cropped/10_Metas/07/08/20191007080600_00160.png,160,572.8,57.9,21.3,961
10/7/2019 8:07,datasets/dataset_cropped/10_Metas/07/08/20191007080700_00160.jpg,datasets_flow/dataset_cropped/10_Metas/07/08/20191007080700_00160.jpg,datasets_cloudmask/dataset_cropped/10_Metas/07/08/20191007080700_00160.png,164.4,584.6,58.3,21.3,961
10/7/2019 8:08,datasets/dataset_cropped/10_Metas/07/08/20191007080800_00160.jpg,datasets_flow/dataset_cropped/10_Metas/07/08/20191007080800_00160.jpg,datasets_cloudmask/dataset_cropped/10_Metas/07/08/20191007080800_00160.png,160.7,552,58.6,21.4,961
10/7/2019 8:09,datasets/dataset_cropped/10_Metas/07/08/20191007080900_00160.jpg,datasets_flow/dataset_cropped/10_Metas/07/08/20191007080900_00160.jpg,datasets_cloudmask/dataset_cropped/10_Metas/07/08/20191007080900_00160.png,155.7,514.4,58.8,21.6,961
10/7/2019 8:10,datasets/dataset_cropped/10_Metas/07/08/20191007081000_00160.jpg,datasets_flow/dataset_cropped/10_Metas/07/08/20191007081000_00160.jpg,datasets_cloudmask/dataset_cropped/10_Metas/07/08/20191007081000_00160.png,156.8,509,59.1,21.8,961
10/7/2019 8:11,datasets/dataset_cropped/10_Metas/07/08/20191007081100_00160.jpg,datasets_flow/dataset_cropped/10_Metas/07/08/20191007081100_00160.jpg,datasets_cloudmask/dataset_cropped/10_Metas/07/08/20191007081100_00160.png,154.5,487.3,59.4,21.9,961
10/7/2019 8:12,datasets/dataset_cropped/10_Metas/07/08/20191007081200_00160.jpg,datasets_flow/dataset_cropped/10_Metas/07/08/20191007081200_00160.jpg,datasets_cloudmask/dataset_cropped/10_Metas/07/08/20191007081200_00160.png,148.4,447.4,59.5,22,961
10/7/2019 8:13,datasets/dataset_cropped/10_Metas/07/08/20191007081300_00160.jpg,datasets_flow/dataset_cropped/10_Metas/07/08/20191007081300_00160.jpg,datasets_cloudmask/dataset_cropped/10_Metas/07/08/20191007081300_00160.png,149.8,445.7,59.8,22.1,961
10/7/2019 8:14,datasets/dataset_cropped/10_Metas/07/08/20191007081400_00160.jpg,datasets_flow/dataset_cropped/10_Metas/07/08/20191007081400_00160.jpg,datasets_cloudmask/dataset_cropped/10_Metas/07/08/20191007081400_00160.png,157.3,473.8,60,21.9,961
10/7/2019 8:15,datasets/dataset_cropped/10_Metas/07/08/20191007081500_00160.jpg,datasets_flow/dataset_cropped/10_Metas/07/08/20191007081500_00160.jpg,datasets_cloudmask/dataset_cropped/10_Metas/07/08/20191007081500_00160.png,162.1,489.7,60,21.9,961
10/7/2019 8:16,datasets/dataset_cropped/10_Metas/07/08/20191007081600_00160.jpg,datasets_flow/dataset_cropped/10_Metas/07/08/20191007081600_00160.jpg,datasets_cloudmask/dataset_cropped/10_Metas/07/08/20191007081600_00160.png,146.9,410.4,59.9,21.9,961
10/7/2019 8:17,datasets/dataset_cropped/10_Metas/07/08/20191007081700_00160.jpg,datasets_flow/dataset_cropped/10_Metas/07/08/20191007081700_00160.jpg,datasets_cloudmask/dataset_cropped/10_Metas/07/08/20191007081700_00160.png,153.7,435.7,60,21.9,961
10/7/2019 8:18,datasets/dataset_cropped/10_Metas/07/08/20191007081800_00160.jpg,datasets_flow/dataset_cropped/10_Metas/07/08/20191007081800_00160.jpg,datasets_cloudmask/dataset_cropped/10_Metas/07/08/20191007081800_00160.png,146,395.6,59.6,21.8,961
10/7/2019 8:19,datasets/dataset_cropped/10_Metas/07/08/20191007081900_00160.jpg,datasets_flow/dataset_cropped/10_Metas/07/08/20191007081900_00160.jpg,datasets_cloudmask/dataset_cropped/10_Metas/07/08/20191007081900_00160.png,138.4,356.2,59.3,21.6,961
10/7/2019 8:20,datasets/dataset_cropped/10_Metas/07/08/20191007082000_00160.jpg,datasets_flow/dataset_cropped/10_Metas/07/08/20191007082000_00160.jpg,datasets_cloudmask/dataset_cropped/10_Metas/07/08/20191007082000_00160.png,138.4,353.2,58.8,21.5,961
10/7/2019 8:21,datasets/dataset_cropped/10_Metas/07/08/20191007082100_00160.jpg,datasets_flow/dataset_cropped/10_Metas/07/08/20191007082100_00160.jpg,datasets_cloudmask/dataset_cropped/10_Metas/07/08/20191007082100_00160.png,138.5,350.8,58,21.4,961
10/7/2019 8:22,datasets/dataset_cropped/10_Metas/07/08/20191007082200_00160.jpg,datasets_flow/dataset_cropped/10_Metas/07/08/20191007082200_00160.jpg,datasets_cloudmask/dataset_cropped/10_Metas/07/08/20191007082200_00160.png,122.6,280.3,57.2,21.4,961
10/7/2019 8:23,datasets/dataset_cropped/10_Metas/07/08/20191007082300_00160.jpg,datasets_flow/dataset_cropped/10_Metas/07/08/20191007082300_00160.jpg,datasets_cloudmask/dataset_cropped/10_Metas/07/08/20191007082300_00160.png,116.2,250.2,56.8,21.4,961
10/7/2019 8:24,datasets/dataset_cropped/10_Metas/07/08/20191007082400_00160.jpg,datasets_flow/dataset_cropped/10_Metas/07/08/20191007082400_00160.jpg,datasets_cloudmask/dataset_cropped/10_Metas/07/08/20191007082400_00160.png,115.9,245.2,56.7,21.4,961
10/7/2019 8:25,datasets/dataset_cropped/10_Metas/07/08/20191007082500_00160.jpg,datasets_flow/dataset_cropped/10_Metas/07/08/20191007082500_00160.jpg,datasets_cloudmask/dataset_cropped/10_Metas/07/08/20191007082500_00160.png,134,315.8,57,21.5,961
10/7/2019 8:26,datasets/dataset_cropped/10_Metas/07/08/20191007082600_00160.jpg,datasets_flow/dataset_cropped/10_Metas/07/08/20191007082600_00160.jpg,datasets_cloudmask/dataset_cropped/10_Metas/07/08/20191007082600_00160.png,132.6,307.2,56.9,21.5,961
10/7/2019 8:27,datasets/dataset_cropped/10_Metas/07/08/20191007082700_00160.jpg,datasets_flow/dataset_cropped/10_Metas/07/08/20191007082700_00160.jpg,datasets_cloudmask/dataset_cropped/10_Metas/07/08/20191007082700_00160.png,138.9,327.9,57.2,21.5,961
10/7/2019 8:28,datasets/dataset_cropped/10_Metas/07/08/20191007082800_00160.jpg,datasets_flow/dataset_cropped/10_Metas/07/08/20191007082800_00160.jpg,datasets_cloudmask/dataset_cropped/10_Metas/07/08/20191007082800_00160.png,168.2,440.4,57.6,21.5,961
10/7/2019 8:29,datasets/dataset_cropped/10_Metas/07/08/20191007082900_00160.jpg,datasets_flow/dataset_cropped/10_Metas/07/08/20191007082900_00160.jpg,datasets_cloudmask/dataset_cropped/10_Metas/07/08/20191007082900_00160.png,163.8,418.3,57.8,21.5,961
10/7/2019 8:30,datasets/dataset_cropped/10_Metas/07/08/20191007083000_00160.jpg,datasets_flow/dataset_cropped/10_Metas/07/08/20191007083000_00160.jpg,datasets_cloudmask/dataset_cropped/10_Metas/07/08/20191007083000_00160.png,171.6,442.6,58.2,21.6,961
10/7/2019 8:31,datasets/dataset_cropped/10_Metas/07/08/20191007083100_00160.jpg,datasets_flow/dataset_cropped/10_Metas/07/08/20191007083100_00160.jpg,datasets_cloudmask/dataset_cropped/10_Metas/07/08/20191007083100_00160.png,190.5,510.2,58.5,21.7,961
10/7/2019 8:32,datasets/dataset_cropped/10_Metas/07/08/20191007083200_00160.jpg,datasets_flow/dataset_cropped/10_Metas/07/08/20191007083200_00160.jpg,datasets_cloudmask/dataset_cropped/10_Metas/07/08/20191007083200_00160.png,214,593.8,58.6,21.7,961
10/7/2019 8:33,datasets/dataset_cropped/10_Metas/07/08/20191007083300_00160.jpg,datasets_flow/dataset_cropped/10_Metas/07/08/20191007083300_00160.jpg,datasets_cloudmask/dataset_cropped/10_Metas/07/08/20191007083300_00160.png,230.8,651.3,58.5,21.8,961
10/7/2019 8:34,datasets/dataset_cropped/10_Metas/07/08/20191007083400_00160.jpg,datasets_flow/dataset_cropped/10_Metas/07/08/20191007083400_00160.jpg,datasets_cloudmask/dataset_cropped/10_Metas/07/08/20191007083400_00160.png,245.7,699.3,58.4,22,961
10/7/2019 8:35,datasets/dataset_cropped/10_Metas/07/08/20191007083500_00160.jpg,datasets_flow/dataset_cropped/10_Metas/07/08/20191007083500_00160.jpg,datasets_cloudmask/dataset_cropped/10_Metas/07/08/20191007083500_00160.png,255.1,726.4,58.3,22.3,961
10/7/2019 8:36,datasets/dataset_cropped/10_Metas/07/08/20191007083600_00160.jpg,datasets_flow/dataset_cropped/10_Metas/07/08/20191007083600_00160.jpg,datasets_cloudmask/dataset_cropped/10_Metas/07/08/20191007083600_00160.png,255.5,721.1,57.7,22.4,961
10/7/2019 8:37,datasets/dataset_cropped/10_Metas/07/08/20191007083700_00160.jpg,datasets_flow/dataset_cropped/10_Metas/07/08/20191007083700_00160.jpg,datasets_cloudmask/dataset_cropped/10_Metas/07/08/20191007083700_00160.png,240.1,659.5,57,22.6,961
10/7/2019 8:38,datasets/dataset_cropped/10_Metas/07/08/20191007083800_00160.jpg,datasets_flow/dataset_cropped/10_Metas/07/08/20191007083800_00160.jpg,datasets_cloudmask/dataset_cropped/10_Metas/07/08/20191007083800_00160.png,220.5,584,56.5,22.7,961
10/7/2019 8:39,datasets/dataset_cropped/10_Metas/07/08/20191007083900_00160.jpg,datasets_flow/dataset_cropped/10_Metas/07/08/20191007083900_00160.jpg,datasets_cloudmask/dataset_cropped/10_Metas/07/08/20191007083900_00160.png,197.4,497.2,56.3,22.8,961
10/7/2019 8:40,datasets/dataset_cropped/10_Metas/07/08/20191007084000_00160.jpg,datasets_flow/dataset_cropped/10_Metas/07/08/20191007084000_00160.jpg,datasets_cloudmask/dataset_cropped/10_Metas/07/08/20191007084000_00160.png,204.4,513.9,56.9,22.8,961
10/7/2019 8:41,datasets/dataset_cropped/10_Metas/07/08/20191007084100_00160.jpg,datasets_flow/dataset_cropped/10_Metas/07/08/20191007084100_00160.jpg,datasets_cloudmask/dataset_cropped/10_Metas/07/08/20191007084100_00160.png,225.6,578.4,57.8,22.8,961
10/7/2019 8:42,datasets/dataset_cropped/10_Metas/07/08/20191007084200_00160.jpg,datasets_flow/dataset_cropped/10_Metas/07/08/20191007084200_00160.jpg,datasets_cloudmask/dataset_cropped/10_Metas/07/08/20191007084200_00160.png,239.8,618.5,58.3,22.8,961
10/7/2019 8:43,datasets/dataset_cropped/10_Metas/07/08/20191007084300_00160.jpg,datasets_flow/dataset_cropped/10_Metas/07/08/20191007084300_00160.jpg,datasets_cloudmask/dataset_cropped/10_Metas/07/08/20191007084300_00160.png,231.8,582.2,59.1,22.9,961
10/7/2019 8:44,datasets/dataset_cropped/10_Metas/07/08/20191007084400_00160.jpg,datasets_flow/dataset_cropped/10_Metas/07/08/20191007084400_00160.jpg,datasets_cloudmask/dataset_cropped/10_Metas/07/08/20191007084400_00160.png,255.2,650.1,59.9,23.1,961
10/7/2019 8:45,datasets/dataset_cropped/10_Metas/07/08/20191007084500_00160.jpg,datasets_flow/dataset_cropped/10_Metas/07/08/20191007084500_00160.jpg,datasets_cloudmask/dataset_cropped/10_Metas/07/08/20191007084500_00160.png,272.9,700.2,60.3,23.2,961
10/7/2019 8:46,datasets/dataset_cropped/10_Metas/07/08/20191007084600_00160.jpg,datasets_flow/dataset_cropped/10_Metas/07/08/20191007084600_00160.jpg,datasets_cloudmask/dataset_cropped/10_Metas/07/08/20191007084600_00160.png,269.9,683,60.5,23.4,961
10/7/2019 8:47,datasets/dataset_cropped/10_Metas/07/08/20191007084700_00160.jpg,datasets_flow/dataset_cropped/10_Metas/07/08/20191007084700_00160.jpg,datasets_cloudmask/dataset_cropped/10_Metas/07/08/20191007084700_00160.png,266.6,665.5,60.5,23.6,961
10/7/2019 8:48,datasets/dataset_cropped/10_Metas/07/08/20191007084800_00160.jpg,datasets_flow/dataset_cropped/10_Metas/07/08/20191007084800_00160.jpg,datasets_cloudmask/dataset_cropped/10_Metas/07/08/20191007084800_00160.png,260.8,641.4,60.1,23.8,961
10/7/2019 8:49,datasets/dataset_cropped/10_Metas/07/08/20191007084900_00160.jpg,datasets_flow/dataset_cropped/10_Metas/07/08/20191007084900_00160.jpg,datasets_cloudmask/dataset_cropped/10_Metas/07/08/20191007084900_00160.png,240.3,571.7,59.5,23.9,961
10/7/2019 8:50,datasets/dataset_cropped/10_Metas/07/08/20191007085000_00160.jpg,datasets_flow/dataset_cropped/10_Metas/07/08/20191007085000_00160.jpg,datasets_cloudmask/dataset_cropped/10_Metas/07/08/20191007085000_00160.png,234.6,550.1,59,24,961
10/7/2019 8:51,datasets/dataset_cropped/10_Metas/07/08/20191007085100_00160.jpg,datasets_flow/dataset_cropped/10_Metas/07/08/20191007085100_00160.jpg,datasets_cloudmask/dataset_cropped/10_Metas/07/08/20191007085100_00160.png,239.8,562.6,58.6,24,961
10/7/2019 8:52,datasets/dataset_cropped/10_Metas/07/08/20191007085200_00160.jpg,datasets_flow/dataset_cropped/10_Metas/07/08/20191007085200_00160.jpg,datasets_cloudmask/dataset_cropped/10_Metas/07/08/20191007085200_00160.png,261.8,625.8,58.9,24.1,961
10/7/2019 8:53,datasets/dataset_cropped/10_Metas/07/08/20191007085300_00160.jpg,datasets_flow/dataset_cropped/10_Metas/07/08/20191007085300_00160.jpg,datasets_cloudmask/dataset_cropped/10_Metas/07/08/20191007085300_00160.png,300.2,736.8,59.5,24.1,961
10/7/2019 8:54,datasets/dataset_cropped/10_Metas/07/08/20191007085400_00160.jpg,datasets_flow/dataset_cropped/10_Metas/07/08/20191007085400_00160.jpg,datasets_cloudmask/dataset_cropped/10_Metas/07/08/20191007085400_00160.png,314.6,774,59.8,24.2,961
10/7/2019 8:55,datasets/dataset_cropped/10_Metas/07/08/20191007085500_00160.jpg,datasets_flow/dataset_cropped/10_Metas/07/08/20191007085500_00160.jpg,datasets_cloudmask/dataset_cropped/10_Metas/07/08/20191007085500_00160.png,316.3,772.7,59.9,24.2,961
10/7/2019 8:56,datasets/dataset_cropped/10_Metas/07/08/20191007085600_00160.jpg,datasets_flow/dataset_cropped/10_Metas/07/08/20191007085600_00160.jpg,datasets_cloudmask/dataset_cropped/10_Metas/07/08/20191007085600_00160.png,319.4,774.8,60,24.3,961
10/7/2019 8:57,datasets/dataset_cropped/10_Metas/07/08/20191007085700_00160.jpg,datasets_flow/dataset_cropped/10_Metas/07/08/20191007085700_00160.jpg,datasets_cloudmask/dataset_cropped/10_Metas/07/08/20191007085700_00160.png,323,778,60,24.3,961
10/7/2019 8:58,datasets/dataset_cropped/10_Metas/07/08/20191007085800_00160.jpg,datasets_flow/dataset_cropped/10_Metas/07/08/20191007085800_00160.jpg,datasets_cloudmask/dataset_cropped/10_Metas/07/08/20191007085800_00160.png,326.4,780.4,60.4,24.4,961
10/7/2019 8:59,datasets/dataset_cropped/10_Metas/07/08/20191007085900_00160.jpg,datasets_flow/dataset_cropped/10_Metas/07/08/20191007085900_00160.jpg,datasets_cloudmask/dataset_cropped/10_Metas/07/08/20191007085900_00160.png,329.9,783.1,60.8,24.5,961
10/7/2019 9:00,datasets/dataset_cropped/10_Metas/07/09/20191007090000_00160.jpg,datasets_flow/dataset_cropped/10_Metas/07/09/20191007090000_00160.jpg,datasets_cloudmask/dataset_cropped/10_Metas/07/09/20191007090000_00160.png,333.4,785.3,61.2,24.5,961
10/7/2019 9:01,datasets/dataset_cropped/10_Metas/07/09/20191007090100_00160.jpg,datasets_flow/dataset_cropped/10_Metas/07/09/20191007090100_00160.jpg,datasets_cloudmask/dataset_cropped/10_Metas/07/09/20191007090100_00160.png,334.7,780.7,61.8,24.6,961
10/7/2019 9:02,datasets/dataset_cropped/10_Metas/07/09/20191007090200_00160.jpg,datasets_flow/dataset_cropped/10_Metas/07/09/20191007090200_00160.jpg,datasets_cloudmask/dataset_cropped/10_Metas/07/09/20191007090200_00160.png,328.9,757.1,62.1,24.9,961
10/7/2019 9:03,datasets/dataset_cropped/10_Metas/07/09/20191007090300_00160.jpg,datasets_flow/dataset_cropped/10_Metas/07/09/20191007090300_00160.jpg,datasets_cloudmask/dataset_cropped/10_Metas/07/09/20191007090300_00160.png,340.6,781.6,62.6,25.2,961
10/7/2019 9:04,datasets/dataset_cropped/10_Metas/07/09/20191007090400_00160.jpg,datasets_flow/dataset_cropped/10_Metas/07/09/20191007090400_00160.jpg,datasets_cloudmask/dataset_cropped/10_Metas/07/09/20191007090400_00160.png,347.2,791.4,63.2,25.2,961
10/7/2019 9:05,datasets/dataset_cropped/10_Metas/07/09/20191007090500_00160.jpg,datasets_flow/dataset_cropped/10_Metas/07/09/20191007090500_00160.jpg,datasets_cloudmask/dataset_cropped/10_Metas/07/09/20191007090500_00160.png,350.6,792.1,63.8,25.3,961
10/7/2019 9:06,datasets/dataset_cropped/10_Metas/07/09/20191007090600_00160.jpg,datasets_flow/dataset_cropped/10_Metas/07/09/20191007090600_00160.jpg,datasets_cloudmask/dataset_cropped/10_Metas/07/09/20191007090600_00160.png,354.6,794.8,64.5,25.3,961
10/7/2019 9:07,datasets/dataset_cropped/10_Metas/07/09/20191007090700_00160.jpg,datasets_flow/dataset_cropped/10_Metas/07/09/20191007090700_00160.jpg,datasets_cloudmask/dataset_cropped/10_Metas/07/09/20191007090700_00160.png,358.4,797,65.3,25.4,961
10/7/2019 9:08,datasets/dataset_cropped/10_Metas/07/09/20191007090800_00160.jpg,datasets_flow/dataset_cropped/10_Metas/07/09/20191007090800_00160.jpg,datasets_cloudmask/dataset_cropped/10_Metas/07/09/20191007090800_00160.png,362.4,799.3,66.1,25.4,961
10/7/2019 9:09,datasets/dataset_cropped/10_Metas/07/09/20191007090900_00160.jpg,datasets_flow/dataset_cropped/10_Metas/07/09/20191007090900_00160.jpg,datasets_cloudmask/dataset_cropped/10_Metas/07/09/20191007090900_00160.png,366.4,802,66.8,25.3,961
10/7/2019 9:10,datasets/dataset_cropped/10_Metas/07/09/20191007091000_00160.jpg,datasets_flow/dataset_cropped/10_Metas/07/09/20191007091000_00160.jpg,datasets_cloudmask/dataset_cropped/10_Metas/07/09/20191007091000_00160.png,370.2,804,67.4,25.4,961
10/7/2019 9:11,datasets/dataset_cropped/10_Metas/07/09/20191007091100_00160.jpg,datasets_flow/dataset_cropped/10_Metas/07/09/20191007091100_00160.jpg,datasets_cloudmask/dataset_cropped/10_Metas/07/09/20191007091100_00160.png,373.8,806,68,25.4,961
10/7/2019 9:12,datasets/dataset_cropped/10_Metas/07/09/20191007091200_00160.jpg,datasets_flow/dataset_cropped/10_Metas/07/09/20191007091200_00160.jpg,datasets_cloudmask/dataset_cropped/10_Metas/07/09/20191007091200_00160.png,377.6,808,68.8,25.6,961
10/7/2019 9:13,datasets/dataset_cropped/10_Metas/07/09/20191007091300_00160.jpg,datasets_flow/dataset_cropped/10_Metas/07/09/20191007091300_00160.jpg,datasets_cloudmask/dataset_cropped/10_Metas/07/09/20191007091300_00160.png,381.4,810,69.6,25.7,961
10/7/2019 9:14,datasets/dataset_cropped/10_Metas/07/09/20191007091400_00160.jpg,datasets_flow/dataset_cropped/10_Metas/07/09/20191007091400_00160.jpg,datasets_cloudmask/dataset_cropped/10_Metas/07/09/20191007091400_00160.png,385.3,813,70.3,25.7,961
10/7/2019 9:15,datasets/dataset_cropped/10_Metas/07/09/20191007091500_00160.jpg,datasets_flow/dataset_cropped/10_Metas/07/09/20191007091500_00160.jpg,datasets_cloudmask/dataset_cropped/10_Metas/07/09/20191007091500_00160.png,388.9,814,71,25.9,961
10/7/2019 9:16,datasets/dataset_cropped/10_Metas/07/09/20191007091600_00160.jpg,datasets_flow/dataset_cropped/10_Metas/07/09/20191007091600_00160.jpg,datasets_cloudmask/dataset_cropped/10_Metas/07/09/20191007091600_00160.png,392.8,817,72,26.2,961
10/7/2019 9:17,datasets/dataset_cropped/10_Metas/07/09/20191007091700_00160.jpg,datasets_flow/dataset_cropped/10_Metas/07/09/20191007091700_00160.jpg,datasets_cloudmask/dataset_cropped/10_Metas/07/09/20191007091700_00160.png,396.2,818,72.5,26.5,961
10/7/2019 9:18,datasets/dataset_cropped/10_Metas/07/09/20191007091800_00160.jpg,datasets_flow/dataset_cropped/10_Metas/07/09/20191007091800_00160.jpg,datasets_cloudmask/dataset_cropped/10_Metas/07/09/20191007091800_00160.png,400.6,821,73.1,26.8,961
10/7/2019 9:19,datasets/dataset_cropped/10_Metas/07/09/20191007091900_00160.jpg,datasets_flow/dataset_cropped/10_Metas/07/09/20191007091900_00160.jpg,datasets_cloudmask/dataset_cropped/10_Metas/07/09/20191007091900_00160.png,404.7,823,73.9,26.9,961
10/7/2019 9:20,datasets/dataset_cropped/10_Metas/07/09/20191007092000_00160.jpg,datasets_flow/dataset_cropped/10_Metas/07/09/20191007092000_00160.jpg,datasets_cloudmask/dataset_cropped/10_Metas/07/09/20191007092000_00160.png,407.6,822,74.9,26.9,961
10/7/2019 9:21,datasets/dataset_cropped/10_Metas/07/09/20191007092100_00160.jpg,datasets_flow/dataset_cropped/10_Metas/07/09/20191007092100_00160.jpg,datasets_cloudmask/dataset_cropped/10_Metas/07/09/20191007092100_00160.png,410.4,819,76.1,27,961
10/7/2019 9:22,datasets/dataset_cropped/10_Metas/07/09/20191007092200_00160.jpg,datasets_flow/dataset_cropped/10_Metas/07/09/20191007092200_00160.jpg,datasets_cloudmask/dataset_cropped/10_Metas/07/09/20191007092200_00160.png,393.3,768.8,77.2,27.2,961
10/7/2019 9:23,datasets/dataset_cropped/10_Metas/07/09/20191007092300_00160.jpg,datasets_flow/dataset_cropped/10_Metas/07/09/20191007092300_00160.jpg,datasets_cloudmask/dataset_cropped/10_Metas/07/09/20191007092300_00160.png,394.6,762.6,78.6,27.2,961
10/7/2019 9:24,datasets/dataset_cropped/10_Metas/07/09/20191007092400_00160.jpg,datasets_flow/dataset_cropped/10_Metas/07/09/20191007092400_00160.jpg,datasets_cloudmask/dataset_cropped/10_Metas/07/09/20191007092400_00160.png,390.4,743,80.4,27.2,961
10/7/2019 9:25,datasets/dataset_cropped/10_Metas/07/09/20191007092500_00160.jpg,datasets_flow/dataset_cropped/10_Metas/07/09/20191007092500_00160.jpg,datasets_cloudmask/dataset_cropped/10_Metas/07/09/20191007092500_00160.png,382.6,714.7,82.5,27.2,961
10/7/2019 9:26,datasets/dataset_cropped/10_Metas/07/09/20191007092600_00160.jpg,datasets_flow/dataset_cropped/10_Metas/07/09/20191007092600_00160.jpg,datasets_cloudmask/dataset_cropped/10_Metas/07/09/20191007092600_00160.png,375.6,687.6,84.8,27.1,961
10/7/2019 9:27,datasets/dataset_cropped/10_Metas/07/09/20191007092700_00160.jpg,datasets_flow/dataset_cropped/10_Metas/07/09/20191007092700_00160.jpg,datasets_cloudmask/dataset_cropped/10_Metas/07/09/20191007092700_00160.png,371,665.2,87.7,26.8,961
10/7/2019 9:28,datasets/dataset_cropped/10_Metas/07/09/20191007092800_00160.jpg,datasets_flow/dataset_cropped/10_Metas/07/09/20191007092800_00160.jpg,datasets_cloudmask/dataset_cropped/10_Metas/07/09/20191007092800_00160.png,377.7,669.8,90.7,26.6,961
10/7/2019 9:29,datasets/dataset_cropped/10_Metas/07/09/20191007092900_00160.jpg,datasets_flow/dataset_cropped/10_Metas/07/09/20191007092900_00160.jpg,datasets_cloudmask/dataset_cropped/10_Metas/07/09/20191007092900_00160.png,412.5,738.1,93.8,26.6,961
10/7/2019 9:30,datasets/dataset_cropped/10_Metas/07/09/20191007093000_00160.jpg,datasets_flow/dataset_cropped/10_Metas/07/09/20191007093000_00160.jpg,datasets_cloudmask/dataset_cropped/10_Metas/07/09/20191007093000_00160.png,407.3,714.6,97.1,26.6,961
10/7/2019 9:31,datasets/dataset_cropped/10_Metas/07/09/20191007093100_00160.jpg,datasets_flow/dataset_cropped/10_Metas/07/09/20191007093100_00160.jpg,datasets_cloudmask/dataset_cropped/10_Metas/07/09/20191007093100_00160.png,397.1,679.2,100,26.8,961
10/7/2019 9:32,datasets/dataset_cropped/10_Metas/07/09/20191007093200_00160.jpg,datasets_flow/dataset_cropped/10_Metas/07/09/20191007093200_00160.jpg,datasets_cloudmask/dataset_cropped/10_Metas/07/09/20191007093200_00160.png,346.8,555.1,102.2,26.9,961
10/7/2019 9:33,datasets/dataset_cropped/10_Metas/07/09/20191007093300_00160.jpg,datasets_flow/dataset_cropped/10_Metas/07/09/20191007093300_00160.jpg,datasets_cloudmask/dataset_cropped/10_Metas/07/09/20191007093300_00160.png,325.2,495.3,105.2,27.1,961
10/7/2019 9:34,datasets/dataset_cropped/10_Metas/07/09/20191007093400_00160.jpg,datasets_flow/dataset_cropped/10_Metas/07/09/20191007093400_00160.jpg,datasets_cloudmask/dataset_cropped/10_Metas/07/09/20191007093400_00160.png,320.5,475,107.5,27.2,961
10/7/2019 9:35,datasets/dataset_cropped/10_Metas/07/09/20191007093500_00160.jpg,datasets_flow/dataset_cropped/10_Metas/07/09/20191007093500_00160.jpg,datasets_cloudmask/dataset_cropped/10_Metas/07/09/20191007093500_00160.png,321.6,469.4,109.9,27.3,961
10/7/2019 9:36,datasets/dataset_cropped/10_Metas/07/09/20191007093600_00160.jpg,datasets_flow/dataset_cropped/10_Metas/07/09/20191007093600_00160.jpg,datasets_cloudmask/dataset_cropped/10_Metas/07/09/20191007093600_00160.png,329.8,480.8,111.4,27.4,961
10/7/2019 9:37,datasets/dataset_cropped/10_Metas/07/09/20191007093700_00160.jpg,datasets_flow/dataset_cropped/10_Metas/07/09/20191007093700_00160.jpg,datasets_cloudmask/dataset_cropped/10_Metas/07/09/20191007093700_00160.png,350.1,519.8,113,27.4,961
10/7/2019 9:38,datasets/dataset_cropped/10_Metas/07/09/20191007093800_00160.jpg,datasets_flow/dataset_cropped/10_Metas/07/09/20191007093800_00160.jpg,datasets_cloudmask/dataset_cropped/10_Metas/07/09/20191007093800_00160.png,371.5,561.8,114.2,27.2,962
10/7/2019 9:39,datasets/dataset_cropped/10_Metas/07/09/20191007093900_00160.jpg,datasets_flow/dataset_cropped/10_Metas/07/09/20191007093900_00160.jpg,datasets_cloudmask/dataset_cropped/10_Metas/07/09/20191007093900_00160.png,377.7,571.9,114.5,27.2,961
10/7/2019 9:40,datasets/dataset_cropped/10_Metas/07/09/20191007094000_00160.jpg,datasets_flow/dataset_cropped/10_Metas/07/09/20191007094000_00160.jpg,datasets_cloudmask/dataset_cropped/10_Metas/07/09/20191007094000_00160.png,413.4,644.2,115.8,27.2,961
10/7/2019 9:41,datasets/dataset_cropped/10_Metas/07/09/20191007094100_00160.jpg,datasets_flow/dataset_cropped/10_Metas/07/09/20191007094100_00160.jpg,datasets_cloudmask/dataset_cropped/10_Metas/07/09/20191007094100_00160.png,431.8,678.7,116.4,27.1,962
10/7/2019 9:42,datasets/dataset_cropped/10_Metas/07/09/20191007094200_00160.jpg,datasets_flow/dataset_cropped/10_Metas/07/09/20191007094200_00160.jpg,datasets_cloudmask/dataset_cropped/10_Metas/07/09/20191007094200_00160.png,405.5,618.1,116.4,26.9,961
10/7/2019 9:43,datasets/dataset_cropped/10_Metas/07/09/20191007094300_00160.jpg,datasets_flow/dataset_cropped/10_Metas/07/09/20191007094300_00160.jpg,datasets_cloudmask/dataset_cropped/10_Metas/07/09/20191007094300_00160.png,394.4,590.2,116.7,26.9,961
10/7/2019 9:44,datasets/dataset_cropped/10_Metas/07/09/20191007094400_00160.jpg,datasets_flow/dataset_cropped/10_Metas/07/09/20191007094400_00160.jpg,datasets_cloudmask/dataset_cropped/10_Metas/07/09/20191007094400_00160.png,392.2,581.6,117.5,27,961
10/7/2019 9:45,datasets/dataset_cropped/10_Metas/07/09/20191007094500_00160.jpg,datasets_flow/dataset_cropped/10_Metas/07/09/20191007094500_00160.jpg,datasets_cloudmask/dataset_cropped/10_Metas/07/09/20191007094500_00160.png,411.7,618.7,117.8,27.1,961
10/7/2019 9:46,datasets/dataset_cropped/10_Metas/07/09/20191007094600_00160.jpg,datasets_flow/dataset_cropped/10_Metas/07/09/20191007094600_00160.jpg,datasets_cloudmask/dataset_cropped/10_Metas/07/09/20191007094600_00160.png,409.6,611.4,117.3,27.1,961
10/7/2019 9:47,datasets/dataset_cropped/10_Metas/07/09/20191007094700_00160.jpg,datasets_flow/dataset_cropped/10_Metas/07/09/20191007094700_00160.jpg,datasets_cloudmask/dataset_cropped/10_Metas/07/09/20191007094700_00160.png,444.8,681.1,117.3,27.1,961
10/7/2019 9:48,datasets/dataset_cropped/10_Metas/07/09/20191007094800_00160.jpg,datasets_flow/dataset_cropped/10_Metas/07/09/20191007094800_00160.jpg,datasets_cloudmask/dataset_cropped/10_Metas/07/09/20191007094800_00160.png,426.8,641.5,116.7,27.1,961
10/7/2019 9:49,datasets/dataset_cropped/10_Metas/07/09/20191007094900_00160.jpg,datasets_flow/dataset_cropped/10_Metas/07/09/20191007094900_00160.jpg,datasets_cloudmask/dataset_cropped/10_Metas/07/09/20191007094900_00160.png,434.6,654.9,116.5,27.1,961
10/7/2019 9:50,datasets/dataset_cropped/10_Metas/07/09/20191007095000_00160.jpg,datasets_flow/dataset_cropped/10_Metas/07/09/20191007095000_00160.jpg,datasets_cloudmask/dataset_cropped/10_Metas/07/09/20191007095000_00160.png,444.7,672.5,116.7,27.3,962
10/7/2019 9:51,datasets/dataset_cropped/10_Metas/07/09/20191007095100_00160.jpg,datasets_flow/dataset_cropped/10_Metas/07/09/20191007095100_00160.jpg,datasets_cloudmask/dataset_cropped/10_Metas/07/09/20191007095100_00160.png,449.1,678.1,117.1,27.4,961
10/7/2019 9:52,datasets/dataset_cropped/10_Metas/07/09/20191007095200_00160.jpg,datasets_flow/dataset_cropped/10_Metas/07/09/20191007095200_00160.jpg,datasets_cloudmask/dataset_cropped/10_Metas/07/09/20191007095200_00160.png,459.5,694.9,117.9,27.4,962
10/7/2019 9:53,datasets/dataset_cropped/10_Metas/07/09/20191007095300_00160.jpg,datasets_flow/dataset_cropped/10_Metas/07/09/20191007095300_00160.jpg,datasets_cloudmask/dataset_cropped/10_Metas/07/09/20191007095300_00160.png,468.2,708.9,118.2,27.3,961
10/7/2019 9:54,datasets/dataset_cropped/10_Metas/07/09/20191007095400_00160.jpg,datasets_flow/dataset_cropped/10_Metas/07/09/20191007095400_00160.jpg,datasets_cloudmask/dataset_cropped/10_Metas/07/09/20191007095400_00160.png,489.7,747.3,118.4,27.2,961
10/7/2019 9:55,datasets/dataset_cropped/10_Metas/07/09/20191007095500_00160.jpg,datasets_flow/dataset_cropped/10_Metas/07/09/20191007095500_00160.jpg,datasets_cloudmask/dataset_cropped/10_Metas/07/09/20191007095500_00160.png,454.8,675.2,117.2,27.2,962
10/7/2019 9:56,datasets/dataset_cropped/10_Metas/07/09/20191007095600_00160.jpg,datasets_flow/dataset_cropped/10_Metas/07/09/20191007095600_00160.jpg,datasets_cloudmask/dataset_cropped/10_Metas/07/09/20191007095600_00160.png,477.2,717.2,116.9,27,961
10/7/2019 9:57,datasets/dataset_cropped/10_Metas/07/09/20191007095700_00160.jpg,datasets_flow/dataset_cropped/10_Metas/07/09/20191007095700_00160.jpg,datasets_cloudmask/dataset_cropped/10_Metas/07/09/20191007095700_00160.png,464.5,690.8,115.5,27,961
10/7/2019 9:58,datasets/dataset_cropped/10_Metas/07/09/20191007095800_00160.jpg,datasets_flow/dataset_cropped/10_Metas/07/09/20191007095800_00160.jpg,datasets_cloudmask/dataset_cropped/10_Metas/07/09/20191007095800_00160.png,476.2,712.1,114.6,27.1,961
10/7/2019 9:59,datasets/dataset_cropped/10_Metas/07/09/20191007095900_00160.jpg,datasets_flow/dataset_cropped/10_Metas/07/09/20191007095900_00160.jpg,datasets_cloudmask/dataset_cropped/10_Metas/07/09/20191007095900_00160.png,485,728.6,113.2,27.1,961
10/7/2019 10:00,datasets/dataset_cropped/10_Metas/07/10/20191007100000_00160.jpg,datasets_flow/dataset_cropped/10_Metas/07/10/20191007100000_00160.jpg,datasets_cloudmask/dataset_cropped/10_Metas/07/10/20191007100000_00160.png,503.5,763.8,112.3,26.9,961
10/7/2019 10:01,datasets/dataset_cropped/10_Metas/07/10/20191007100100_00160.jpg,datasets_flow/dataset_cropped/10_Metas/07/10/20191007100100_00160.jpg,datasets_cloudmask/dataset_cropped/10_Metas/07/10/20191007100100_00160.png,519.5,794.2,111,26.9,961
10/7/2019 10:02,datasets/dataset_cropped/10_Metas/07/10/20191007100200_00160.jpg,datasets_flow/dataset_cropped/10_Metas/07/10/20191007100200_00160.jpg,datasets_cloudmask/dataset_cropped/10_Metas/07/10/20191007100200_00160.png,529,812,109.5,27.1,961
10/7/2019 10:03,datasets/dataset_cropped/10_Metas/07/10/20191007100300_00160.jpg,datasets_flow/dataset_cropped/10_Metas/07/10/20191007100300_00160.jpg,datasets_cloudmask/dataset_cropped/10_Metas/07/10/20191007100300_00160.png,530.8,814,108.3,27.1,961
10/7/2019 10:04,datasets/dataset_cropped/10_Metas/07/10/20191007100400_00160.jpg,datasets_flow/dataset_cropped/10_Metas/07/10/20191007100400_00160.jpg,datasets_cloudmask/dataset_cropped/10_Metas/07/10/20191007100400_00160.png,534.7,821,106.7,27.1,961
10/7/2019 10:05,datasets/dataset_cropped/10_Metas/07/10/20191007100500_00160.jpg,datasets_flow/dataset_cropped/10_Metas/07/10/20191007100500_00160.jpg,datasets_cloudmask/dataset_cropped/10_Metas/07/10/20191007100500_00160.png,543.9,838,105,27,961
10/7/2019 10:06,datasets/dataset_cropped/10_Metas/07/10/20191007100600_00160.jpg,datasets_flow/dataset_cropped/10_Metas/07/10/20191007100600_00160.jpg,datasets_cloudmask/dataset_cropped/10_Metas/07/10/20191007100600_00160.png,549,847,103.4,26.9,961
10/7/2019 10:07,datasets/dataset_cropped/10_Metas/07/10/20191007100700_00160.jpg,datasets_flow/dataset_cropped/10_Metas/07/10/20191007100700_00160.jpg,datasets_cloudmask/dataset_cropped/10_Metas/07/10/20191007100700_00160.png,554.8,857,101.9,27,961
10/7/2019 10:08,datasets/dataset_cropped/10_Metas/07/10/20191007100800_00160.jpg,datasets_flow/dataset_cropped/10_Metas/07/10/20191007100800_00160.jpg,datasets_cloudmask/dataset_cropped/10_Metas/07/10/20191007100800_00160.png,553.9,853,100.6,27.1,961
10/7/2019 10:09,datasets/dataset_cropped/10_Metas/07/10/20191007100900_00160.jpg,datasets_flow/dataset_cropped/10_Metas/07/10/20191007100900_00160.jpg,datasets_cloudmask/dataset_cropped/10_Metas/07/10/20191007100900_00160.png,557.1,857,99.5,27.3,961
10/7/2019 10:10,datasets/dataset_cropped/10_Metas/07/10/20191007101000_00160.jpg,datasets_flow/dataset_cropped/10_Metas/07/10/20191007101000_00160.jpg,datasets_cloudmask/dataset_cropped/10_Metas/07/10/20191007101000_00160.png,558.1,857,98.6,27.6,961
10/7/2019 10:11,datasets/dataset_cropped/10_Metas/07/10/20191007101100_00160.jpg,datasets_flow/dataset_cropped/10_Metas/07/10/20191007101100_00160.jpg,datasets_cloudmask/dataset_cropped/10_Metas/07/10/20191007101100_00160.png,559,857,97.7,27.8,962
10/7/2019 10:12,datasets/dataset_cropped/10_Metas/07/10/20191007101200_00160.jpg,datasets_flow/dataset_cropped/10_Metas/07/10/20191007101200_00160.jpg,datasets_cloudmask/dataset_cropped/10_Metas/07/10/20191007101200_00160.png,555.5,849,96.8,28,961
10/7/2019 10:13,datasets/dataset_cropped/10_Metas/07/10/20191007101300_00160.jpg,datasets_flow/dataset_cropped/10_Metas/07/10/20191007101300_00160.jpg,datasets_cloudmask/dataset_cropped/10_Metas/07/10/20191007101300_00160.png,561.6,858,95.9,28.2,961
10/7/2019 10:14,datasets/dataset_cropped/10_Metas/07/10/20191007101400_00160.jpg,datasets_flow/dataset_cropped/10_Metas/07/10/20191007101400_00160.jpg,datasets_cloudmask/dataset_cropped/10_Metas/07/10/20191007101400_00160.png,561.5,857,94.7,27.9,962
10/7/2019 10:15,datasets/dataset_cropped/10_Metas/07/10/20191007101500_00160.jpg,datasets_flow/dataset_cropped/10_Metas/07/10/20191007101500_00160.jpg,datasets_cloudmask/dataset_cropped/10_Metas/07/10/20191007101500_00160.png,561.8,857,92.9,27.6,962
10/7/2019 10:16,datasets/dataset_cropped/10_Metas/07/10/20191007101600_00160.jpg,datasets_flow/dataset_cropped/10_Metas/07/10/20191007101600_00160.jpg,datasets_cloudmask/dataset_cropped/10_Metas/07/10/20191007101600_00160.png,566.4,864,91.3,27.4,961
10/7/2019 10:17,datasets/dataset_cropped/10_Metas/07/10/20191007101700_00160.jpg,datasets_flow/dataset_cropped/10_Metas/07/10/20191007101700_00160.jpg,datasets_cloudmask/dataset_cropped/10_Metas/07/10/20191007101700_00160.png,570.6,871,89.8,27.7,961
10/7/2019 10:18,datasets/dataset_cropped/10_Metas/07/10/20191007101800_00160.jpg,datasets_flow/dataset_cropped/10_Metas/07/10/20191007101800_00160.jpg,datasets_cloudmask/dataset_cropped/10_Metas/07/10/20191007101800_00160.png,576.6,881,88.5,27.9,961
10/7/2019 10:19,datasets/dataset_cropped/10_Metas/07/10/20191007101900_00160.jpg,datasets_flow/dataset_cropped/10_Metas/07/10/20191007101900_00160.jpg,datasets_cloudmask/dataset_cropped/10_Metas/07/10/20191007101900_00160.png,579.4,885,87.6,28,962
10/7/2019 10:20,datasets/dataset_cropped/10_Metas/07/10/20191007102000_00160.jpg,datasets_flow/dataset_cropped/10_Metas/07/10/20191007102000_00160.jpg,datasets_cloudmask/dataset_cropped/10_Metas/07/10/20191007102000_00160.png,582,888,86.2,28.2,961
10/7/2019 10:21,datasets/dataset_cropped/10_Metas/07/10/20191007102100_00160.jpg,datasets_flow/dataset_cropped/10_Metas/07/10/20191007102100_00160.jpg,datasets_cloudmask/dataset_cropped/10_Metas/07/10/20191007102100_00160.png,581.6,885,85.2,28.4,961
10/7/2019 10:22,datasets/dataset_cropped/10_Metas/07/10/20191007102200_00160.jpg,datasets_flow/dataset_cropped/10_Metas/07/10/20191007102200_00160.jpg,datasets_cloudmask/dataset_cropped/10_Metas/07/10/20191007102200_00160.png,565.4,855,84.2,28.2,961
10/7/2019 10:23,datasets/dataset_cropped/10_Metas/07/10/20191007102300_00160.jpg,datasets_flow/dataset_cropped/10_Metas/07/10/20191007102300_00160.jpg,datasets_cloudmask/dataset_cropped/10_Metas/07/10/20191007102300_00160.png,565.2,851,83.8,28.3,961
10/7/2019 10:24,datasets/dataset_cropped/10_Metas/07/10/20191007102400_00160.jpg,datasets_flow/dataset_cropped/10_Metas/07/10/20191007102400_00160.jpg,datasets_cloudmask/dataset_cropped/10_Metas/07/10/20191007102400_00160.png,550.4,823,83.2,28.5,961
10/7/2019 10:25,datasets/dataset_cropped/10_Metas/07/10/20191007102500_00160.jpg,datasets_flow/dataset_cropped/10_Metas/07/10/20191007102500_00160.jpg,datasets_cloudmask/dataset_cropped/10_Metas/07/10/20191007102500_00160.png,567.5,850,83.1,28.5,962
10/7/2019 10:26,datasets/dataset_cropped/10_Metas/07/10/20191007102600_00160.jpg,datasets_flow/dataset_cropped/10_Metas/07/10/20191007102600_00160.jpg,datasets_cloudmask/dataset_cropped/10_Metas/07/10/20191007102600_00160.png,573.8,858,83.2,28.3,961
10/7/2019 10:27,datasets/dataset_cropped/10_Metas/07/10/20191007102700_00160.jpg,datasets_flow/dataset_cropped/10_Metas/07/10/20191007102700_00160.jpg,datasets_cloudmask/dataset_cropped/10_Metas/07/10/20191007102700_00160.png,571.6,852,83,28.2,961
10/7/2019 10:28,datasets/dataset_cropped/10_Metas/07/10/20191007102800_00160.jpg,datasets_flow/dataset_cropped/10_Metas/07/10/20191007102800_00160.jpg,datasets_cloudmask/dataset_cropped/10_Metas/07/10/20191007102800_00160.png,578.7,863,82.9,28.3,961
10/7/2019 10:29,datasets/dataset_cropped/10_Metas/07/10/20191007102900_00160.jpg,datasets_flow/dataset_cropped/10_Metas/07/10/20191007102900_00160.jpg,datasets_cloudmask/dataset_cropped/10_Metas/07/10/20191007102900_00160.png,585.5,872,82.4,28.5,961
10/7/2019 10:30,datasets/dataset_cropped/10_Metas/07/10/20191007103000_00160.jpg,datasets_flow/dataset_cropped/10_Metas/07/10/20191007103000_00160.jpg,datasets_cloudmask/dataset_cropped/10_Metas/07/10/20191007103000_00160.png,600.3,895,82.2,28.7,961
10/7/2019 10:31,datasets/dataset_cropped/10_Metas/07/10/20191007103100_00160.jpg,datasets_flow/dataset_cropped/10_Metas/07/10/20191007103100_00160.jpg,datasets_cloudmask/dataset_cropped/10_Metas/07/10/20191007103100_00160.png,607,903,82.3,28.6,961
10/7/2019 10:32,datasets/dataset_cropped/10_Metas/07/10/20191007103200_00160.jpg,datasets_flow/dataset_cropped/10_Metas/07/10/20191007103200_00160.jpg,datasets_cloudmask/dataset_cropped/10_Metas/07/10/20191007103200_00160.png,600.1,887,83.1,28.6,961
10/7/2019 10:33,datasets/dataset_cropped/10_Metas/07/10/20191007103300_00160.jpg,datasets_flow/dataset_cropped/10_Metas/07/10/20191007103300_00160.jpg,datasets_cloudmask/dataset_cropped/10_Metas/07/10/20191007103300_00160.png,571.7,835,83,28.6,961
10/7/2019 10:34,datasets/dataset_cropped/10_Metas/07/10/20191007103400_00160.jpg,datasets_flow/dataset_cropped/10_Metas/07/10/20191007103400_00160.jpg,datasets_cloudmask/dataset_cropped/10_Metas/07/10/20191007103400_00160.png,551,795.2,82.9,28.8,961
10/7/2019 10:35,datasets/dataset_cropped/10_Metas/07/10/20191007103500_00160.jpg,datasets_flow/dataset_cropped/10_Metas/07/10/20191007103500_00160.jpg,datasets_cloudmask/dataset_cropped/10_Metas/07/10/20191007103500_00160.png,573.9,829,83.7,28.8,961
10/7/2019 10:36,datasets/dataset_cropped/10_Metas/07/10/20191007103600_00160.jpg,datasets_flow/dataset_cropped/10_Metas/07/10/20191007103600_00160.jpg,datasets_cloudmask/dataset_cropped/10_Metas/07/10/20191007103600_00160.png,568.9,817,83.8,28.7,961
10/7/2019 10:37,datasets/dataset_cropped/10_Metas/07/10/20191007103700_00160.jpg,datasets_flow/dataset_cropped/10_Metas/07/10/20191007103700_00160.jpg,datasets_cloudmask/dataset_cropped/10_Metas/07/10/20191007103700_00160.png,545.1,774,83.5,28.7,961
10/7/2019 10:38,datasets/dataset_cropped/10_Metas/07/10/20191007103800_00160.jpg,datasets_flow/dataset_cropped/10_Metas/07/10/20191007103800_00160.jpg,datasets_cloudmask/dataset_cropped/10_Metas/07/10/20191007103800_00160.png,560.7,797.7,83.5,28.6,961
10/7/2019 10:39,datasets/dataset_cropped/10_Metas/07/10/20191007103900_00160.jpg,datasets_flow/dataset_cropped/10_Metas/07/10/20191007103900_00160.jpg,datasets_cloudmask/dataset_cropped/10_Metas/07/10/20191007103900_00160.png,588.4,842,83.9,28.6,961
10/7/2019 10:40,datasets/dataset_cropped/10_Metas/07/10/20191007104000_00160.jpg,datasets_flow/dataset_cropped/10_Metas/07/10/20191007104000_00160.jpg,datasets_cloudmask/dataset_cropped/10_Metas/07/10/20191007104000_00160.png,600.7,860,83.8,28.7,961
10/7/2019 10:41,datasets/dataset_cropped/10_Metas/07/10/20191007104100_00160.jpg,datasets_flow/dataset_cropped/10_Metas/07/10/20191007104100_00160.jpg,datasets_cloudmask/dataset_cropped/10_Metas/07/10/20191007104100_00160.png,603.3,862,83.8,28.9,961
10/7/2019 10:42,datasets/dataset_cropped/10_Metas/07/10/20191007104200_00160.jpg,datasets_flow/dataset_cropped/10_Metas/07/10/20191007104200_00160.jpg,datasets_cloudmask/dataset_cropped/10_Metas/07/10/20191007104200_00160.png,600.6,854,84.4,28.8,961
10/7/2019 10:43,datasets/dataset_cropped/10_Metas/07/10/20191007104300_00160.jpg,datasets_flow/dataset_cropped/10_Metas/07/10/20191007104300_00160.jpg,datasets_cloudmask/dataset_cropped/10_Metas/07/10/20191007104300_00160.png,590.8,836,84.1,28.7,961
10/7/2019 10:44,datasets/dataset_cropped/10_Metas/07/10/20191007104400_00160.jpg,datasets_flow/dataset_cropped/10_Metas/07/10/20191007104400_00160.jpg,datasets_cloudmask/dataset_cropped/10_Metas/07/10/20191007104400_00160.png,604.5,854,84.7,28.8,961
10/7/2019 10:45,datasets/dataset_cropped/10_Metas/07/10/20191007104500_00160.jpg,datasets_flow/dataset_cropped/10_Metas/07/10/20191007104500_00160.jpg,datasets_cloudmask/dataset_cropped/10_Metas/07/10/20191007104500_00160.png,553.6,767.9,84.5,29,961
10/7/2019 10:46,datasets/dataset_cropped/10_Metas/07/10/20191007104600_00160.jpg,datasets_flow/dataset_cropped/10_Metas/07/10/20191007104600_00160.jpg,datasets_cloudmask/dataset_cropped/10_Metas/07/10/20191007104600_00160.png,558.6,772.8,85.1,29.1,961
10/7/2019 10:47,datasets/dataset_cropped/10_Metas/07/10/20191007104700_00160.jpg,datasets_flow/dataset_cropped/10_Metas/07/10/20191007104700_00160.jpg,datasets_cloudmask/dataset_cropped/10_Metas/07/10/20191007104700_00160.png,580.8,805,85.6,28.9,961
10/7/2019 10:48,datasets/dataset_cropped/10_Metas/07/10/20191007104800_00160.jpg,datasets_flow/dataset_cropped/10_Metas/07/10/20191007104800_00160.jpg,datasets_cloudmask/dataset_cropped/10_Metas/07/10/20191007104800_00160.png,572.2,789.7,85,28.9,961
10/7/2019 10:49,datasets/dataset_cropped/10_Metas/07/10/20191007104900_00160.jpg,datasets_flow/dataset_cropped/10_Metas/07/10/20191007104900_00160.jpg,datasets_cloudmask/dataset_cropped/10_Metas/07/10/20191007104900_00160.png,594,822,85,29,961
10/7/2019 10:50,datasets/dataset_cropped/10_Metas/07/10/20191007105000_00160.jpg,datasets_flow/dataset_cropped/10_Metas/07/10/20191007105000_00160.jpg,datasets_cloudmask/dataset_cropped/10_Metas/07/10/20191007105000_00160.png,579.4,798,83.8,28.8,961
10/7/2019 10:51,datasets/dataset_cropped/10_Metas/07/10/20191007105100_00160.jpg,datasets_flow/dataset_cropped/10_Metas/07/10/20191007105100_00160.jpg,datasets_cloudmask/dataset_cropped/10_Metas/07/10/20191007105100_00160.png,589.7,813,83.2,28.6,961
10/7/2019 10:52,datasets/dataset_cropped/10_Metas/07/10/20191007105200_00160.jpg,datasets_flow/dataset_cropped/10_Metas/07/10/20191007105200_00160.jpg,datasets_cloudmask/dataset_cropped/10_Metas/07/10/20191007105200_00160.png,599.7,829,82.2,28.5,961
10/7/2019 10:53,datasets/dataset_cropped/10_Metas/07/10/20191007105300_00160.jpg,datasets_flow/dataset_cropped/10_Metas/07/10/20191007105300_00160.jpg,datasets_cloudmask/dataset_cropped/10_Metas/07/10/20191007105300_00160.png,614.8,853,81.3,28.5,961
10/7/2019 10:54,datasets/dataset_cropped/10_Metas/07/10/20191007105400_00160.jpg,datasets_flow/dataset_cropped/10_Metas/07/10/20191007105400_00160.jpg,datasets_cloudmask/dataset_cropped/10_Metas/07/10/20191007105400_00160.png,630,876,81,28.6,961
10/7/2019 10:55,datasets/dataset_cropped/10_Metas/07/10/20191007105500_00160.jpg,datasets_flow/dataset_cropped/10_Metas/07/10/20191007105500_00160.jpg,datasets_cloudmask/dataset_cropped/10_Metas/07/10/20191007105500_00160.png,610.5,843,80.6,28.8,961
10/7/2019 10:56,datasets/dataset_cropped/10_Metas/07/10/20191007105600_00160.jpg,datasets_flow/dataset_cropped/10_Metas/07/10/20191007105600_00160.jpg,datasets_cloudmask/dataset_cropped/10_Metas/07/10/20191007105600_00160.png,610.7,842,80.5,28.9,961
10/7/2019 10:57,datasets/dataset_cropped/10_Metas/07/10/20191007105700_00160.jpg,datasets_flow/dataset_cropped/10_Metas/07/10/20191007105700_00160.jpg,datasets_cloudmask/dataset_cropped/10_Metas/07/10/20191007105700_00160.png,616.6,850,79.8,28.9,961
10/7/2019 10:58,datasets/dataset_cropped/10_Metas/07/10/20191007105800_00160.jpg,datasets_flow/dataset_cropped/10_Metas/07/10/20191007105800_00160.jpg,datasets_cloudmask/dataset_cropped/10_Metas/07/10/20191007105800_00160.png,621,855,78.9,28.8,961
10/7/2019 10:59,datasets/dataset_cropped/10_Metas/07/10/20191007105900_00160.jpg,datasets_flow/dataset_cropped/10_Metas/07/10/20191007105900_00160.jpg,datasets_cloudmask/dataset_cropped/10_Metas/07/10/20191007105900_00160.png,635.7,877,78.3,28.8,961
10/7/2019 11:00,datasets/dataset_cropped/10_Metas/07/11/20191007110000_00160.jpg,datasets_flow/dataset_cropped/10_Metas/07/11/20191007110000_00160.jpg,datasets_cloudmask/dataset_cropped/10_Metas/07/11/20191007110000_00160.png,641.6,884,78.4,28.9,961
10/7/2019 11:01,datasets/dataset_cropped/10_Metas/07/11/20191007110100_00160.jpg,datasets_flow/dataset_cropped/10_Metas/07/11/20191007110100_00160.jpg,datasets_cloudmask/dataset_cropped/10_Metas/07/11/20191007110100_00160.png,655.6,904,78.2,29,961
10/7/2019 11:02,datasets/dataset_cropped/10_Metas/07/11/20191007110200_00160.jpg,datasets_flow/dataset_cropped/10_Metas/07/11/20191007110200_00160.jpg,datasets_cloudmask/dataset_cropped/10_Metas/07/11/20191007110200_00160.png,656.7,904,78.2,28.9,961
10/7/2019 11:03,datasets/dataset_cropped/10_Metas/07/11/20191007110300_00160.jpg,datasets_flow/dataset_cropped/10_Metas/07/11/20191007110300_00160.jpg,datasets_cloudmask/dataset_cropped/10_Metas/07/11/20191007110300_00160.png,660.4,908,78.1,28.8,961
10/7/2019 11:04,datasets/dataset_cropped/10_Metas/07/11/20191007110400_00160.jpg,datasets_flow/dataset_cropped/10_Metas/07/11/20191007110400_00160.jpg,datasets_cloudmask/dataset_cropped/10_Metas/07/11/20191007110400_00160.png,660.1,904,78.3,28.8,961
10/7/2019 11:05,datasets/dataset_cropped/10_Metas/07/11/20191007110500_00160.jpg,datasets_flow/dataset_cropped/10_Metas/07/11/20191007110500_00160.jpg,datasets_cloudmask/dataset_cropped/10_Metas/07/11/20191007110500_00160.png,665,908,79,28.9,961
10/7/2019 11:06,datasets/dataset_cropped/10_Metas/07/11/20191007110600_00160.jpg,datasets_flow/dataset_cropped/10_Metas/07/11/20191007110600_00160.jpg,datasets_cloudmask/dataset_cropped/10_Metas/07/11/20191007110600_00160.png,666.9,909,79.4,28.9,961
10/7/2019 11:07,datasets/dataset_cropped/10_Metas/07/11/20191007110700_00160.jpg,datasets_flow/dataset_cropped/10_Metas/07/11/20191007110700_00160.jpg,datasets_cloudmask/dataset_cropped/10_Metas/07/11/20191007110700_00160.png,671.2,912,79.6,29,961
10/7/2019 11:08,datasets/dataset_cropped/10_Metas/07/11/20191007110800_00160.jpg,datasets_flow/dataset_cropped/10_Metas/07/11/20191007110800_00160.jpg,datasets_cloudmask/dataset_cropped/10_Metas/07/11/20191007110800_00160.png,673.7,912,80.5,28.9,961
10/7/2019 11:09,datasets/dataset_cropped/10_Metas/07/11/20191007110900_00160.jpg,datasets_flow/dataset_cropped/10_Metas/07/11/20191007110900_00160.jpg,datasets_cloudmask/dataset_cropped/10_Metas/07/11/20191007110900_00160.png,671.9,906,81.5,29.2,961
10/7/2019 11:10,datasets/dataset_cropped/10_Metas/07/11/20191007111000_00160.jpg,datasets_flow/dataset_cropped/10_Metas/07/11/20191007111000_00160.jpg,datasets_cloudmask/dataset_cropped/10_Metas/07/11/20191007111000_00160.png,675.9,909,82.6,29.1,961
10/7/2019 11:11,datasets/dataset_cropped/10_Metas/07/11/20191007111100_00160.jpg,datasets_flow/dataset_cropped/10_Metas/07/11/20191007111100_00160.jpg,datasets_cloudmask/dataset_cropped/10_Metas/07/11/20191007111100_00160.png,679,910,84,29.2,961
10/7/2019 11:12,datasets/dataset_cropped/10_Metas/07/11/20191007111200_00160.jpg,datasets_flow/dataset_cropped/10_Metas/07/11/20191007111200_00160.jpg,datasets_cloudmask/dataset_cropped/10_Metas/07/11/20191007111200_00160.png,683.1,913,85,29.2,961
10/7/2019 11:13,datasets/dataset_cropped/10_Metas/07/11/20191007111300_00160.jpg,datasets_flow/dataset_cropped/10_Metas/07/11/20191007111300_00160.jpg,datasets_cloudmask/dataset_cropped/10_Metas/07/11/20191007111300_00160.png,681.6,907,85.8,29.2,961
10/7/2019 11:14,datasets/dataset_cropped/10_Metas/07/11/20191007111400_00160.jpg,datasets_flow/dataset_cropped/10_Metas/07/11/20191007111400_00160.jpg,datasets_cloudmask/dataset_cropped/10_Metas/07/11/20191007111400_00160.png,676.2,895,86.9,29.2,961
10/7/2019 11:15,datasets/dataset_cropped/10_Metas/07/11/20191007111500_00160.jpg,datasets_flow/dataset_cropped/10_Metas/07/11/20191007111500_00160.jpg,datasets_cloudmask/dataset_cropped/10_Metas/07/11/20191007111500_00160.png,676.3,891,87.9,29.3,961
10/7/2019 11:16,datasets/dataset_cropped/10_Metas/07/11/20191007111600_00160.jpg,datasets_flow/dataset_cropped/10_Metas/07/11/20191007111600_00160.jpg,datasets_cloudmask/dataset_cropped/10_Metas/07/11/20191007111600_00160.png,672.7,881,89.3,29.5,961
10/7/2019 11:17,datasets/dataset_cropped/10_Metas/07/11/20191007111700_00160.jpg,datasets_flow/dataset_cropped/10_Metas/07/11/20191007111700_00160.jpg,datasets_cloudmask/dataset_cropped/10_Metas/07/11/20191007111700_00160.png,674.7,880,90.6,29.5,961
10/7/2019 11:18,datasets/dataset_cropped/10_Metas/07/11/20191007111800_00160.jpg,datasets_flow/dataset_cropped/10_Metas/07/11/20191007111800_00160.jpg,datasets_cloudmask/dataset_cropped/10_Metas/07/11/20191007111800_00160.png,672.3,873,92,29.5,961
10/7/2019 11:19,datasets/dataset_cropped/10_Metas/07/11/20191007111900_00160.jpg,datasets_flow/dataset_cropped/10_Metas/07/11/20191007111900_00160.jpg,datasets_cloudmask/dataset_cropped/10_Metas/07/11/20191007111900_00160.png,673,870,93.4,29.8,961
10/7/2019 11:20,datasets/dataset_cropped/10_Metas/07/11/20191007112000_00160.jpg,datasets_flow/dataset_cropped/10_Metas/07/11/20191007112000_00160.jpg,datasets_cloudmask/dataset_cropped/10_Metas/07/11/20191007112000_00160.png,671.4,863,94.3,29.7,961
10/7/2019 11:21,datasets/dataset_cropped/10_Metas/07/11/20191007112100_00160.jpg,datasets_flow/dataset_cropped/10_Metas/07/11/20191007112100_00160.jpg,datasets_cloudmask/dataset_cropped/10_Metas/07/11/20191007112100_00160.png,670.8,857,96.4,29.7,961
10/7/2019 11:22,datasets/dataset_cropped/10_Metas/07/11/20191007112200_00160.jpg,datasets_flow/dataset_cropped/10_Metas/07/11/20191007112200_00160.jpg,datasets_cloudmask/dataset_cropped/10_Metas/07/11/20191007112200_00160.png,666.3,846,98.2,29.8,961
10/7/2019 11:23,datasets/dataset_cropped/10_Metas/07/11/20191007112300_00160.jpg,datasets_flow/dataset_cropped/10_Metas/07/11/20191007112300_00160.jpg,datasets_cloudmask/dataset_cropped/10_Metas/07/11/20191007112300_00160.png,674.6,853,100,29.8,961
10/7/2019 11:24,datasets/dataset_cropped/10_Metas/07/11/20191007112400_00160.jpg,datasets_flow/dataset_cropped/10_Metas/07/11/20191007112400_00160.jpg,datasets_cloudmask/dataset_cropped/10_Metas/07/11/20191007112400_00160.png,688.1,869,101.4,30,961
10/7/2019 11:25,datasets/dataset_cropped/10_Metas/07/11/20191007112500_00160.jpg,datasets_flow/dataset_cropped/10_Metas/07/11/20191007112500_00160.jpg,datasets_cloudmask/dataset_cropped/10_Metas/07/11/20191007112500_00160.png,688.1,865,102.5,30.1,961
10/7/2019 11:26,datasets/dataset_cropped/10_Metas/07/11/20191007112600_00160.jpg,datasets_flow/dataset_cropped/10_Metas/07/11/20191007112600_00160.jpg,datasets_cloudmask/dataset_cropped/10_Metas/07/11/20191007112600_00160.png,680.5,851,103.7,30.1,961
10/7/2019 11:27,datasets/dataset_cropped/10_Metas/07/11/20191007112700_00160.jpg,datasets_flow/dataset_cropped/10_Metas/07/11/20191007112700_00160.jpg,datasets_cloudmask/dataset_cropped/10_Metas/07/11/20191007112700_00160.png,679,845,105.2,30.3,961
10/7/2019 11:28,datasets/dataset_cropped/10_Metas/07/11/20191007112800_00160.jpg,datasets_flow/dataset_cropped/10_Metas/07/11/20191007112800_00160.jpg,datasets_cloudmask/dataset_cropped/10_Metas/07/11/20191007112800_00160.png,676,838,105.9,30.4,961
10/7/2019 11:29,datasets/dataset_cropped/10_Metas/07/11/20191007112900_00160.jpg,datasets_flow/dataset_cropped/10_Metas/07/11/20191007112900_00160.jpg,datasets_cloudmask/dataset_cropped/10_Metas/07/11/20191007112900_00160.png,692.6,860,106.3,30.2,961
10/7/2019 11:30,datasets/dataset_cropped/10_Metas/07/11/20191007113000_00160.jpg,datasets_flow/dataset_cropped/10_Metas/07/11/20191007113000_00160.jpg,datasets_cloudmask/dataset_cropped/10_Metas/07/11/20191007113000_00160.png,689.8,855,105.6,30.1,961
10/7/2019 11:31,datasets/dataset_cropped/10_Metas/07/11/20191007113100_00160.jpg,datasets_flow/dataset_cropped/10_Metas/07/11/20191007113100_00160.jpg,datasets_cloudmask/dataset_cropped/10_Metas/07/11/20191007113100_00160.png,688.5,853,105,30.1,961
10/7/2019 11:32,datasets/dataset_cropped/10_Metas/07/11/20191007113200_00160.jpg,datasets_flow/dataset_cropped/10_Metas/07/11/20191007113200_00160.jpg,datasets_cloudmask/dataset_cropped/10_Metas/07/11/20191007113200_00160.png,689.1,854,103.5,30.3,961
10/7/2019 11:33,datasets/dataset_cropped/10_Metas/07/11/20191007113300_00160.jpg,datasets_flow/dataset_cropped/10_Metas/07/11/20191007113300_00160.jpg,datasets_cloudmask/dataset_cropped/10_Metas/07/11/20191007113300_00160.png,698.1,868,102.2,30.3,961
10/7/2019 11:34,datasets/dataset_cropped/10_Metas/07/11/20191007113400_00160.jpg,datasets_flow/dataset_cropped/10_Metas/07/11/20191007113400_00160.jpg,datasets_cloudmask/dataset_cropped/10_Metas/07/11/20191007113400_00160.png,693.5,861,100.7,30.2,961
10/7/2019 11:35,datasets/dataset_cropped/10_Metas/07/11/20191007113500_00160.jpg,datasets_flow/dataset_cropped/10_Metas/07/11/20191007113500_00160.jpg,datasets_cloudmask/dataset_cropped/10_Metas/07/11/20191007113500_00160.png,692.2,859,100,30.3,961
10/7/2019 11:36,datasets/dataset_cropped/10_Metas/07/11/20191007113600_00160.jpg,datasets_flow/dataset_cropped/10_Metas/07/11/20191007113600_00160.jpg,datasets_cloudmask/dataset_cropped/10_Metas/07/11/20191007113600_00160.png,700.5,870,99.4,30.5,961
10/7/2019 11:37,datasets/dataset_cropped/10_Metas/07/11/20191007113700_00160.jpg,datasets_flow/dataset_cropped/10_Metas/07/11/20191007113700_00160.jpg,datasets_cloudmask/dataset_cropped/10_Metas/07/11/20191007113700_00160.png,707.4,880,99.2,30.8,961
10/7/2019 11:38,datasets/dataset_cropped/10_Metas/07/11/20191007113800_00160.jpg,datasets_flow/dataset_cropped/10_Metas/07/11/20191007113800_00160.jpg,datasets_cloudmask/dataset_cropped/10_Metas/07/11/20191007113800_00160.png,713.8,889,98.2,31.1,961
10/7/2019 11:39,datasets/dataset_cropped/10_Metas/07/11/20191007113900_00160.jpg,datasets_flow/dataset_cropped/10_Metas/07/11/20191007113900_00160.jpg,datasets_cloudmask/dataset_cropped/10_Metas/07/11/20191007113900_00160.png,714.4,889,97.4,31.4,961
10/7/2019 11:40,datasets/dataset_cropped/10_Metas/07/11/20191007114000_00160.jpg,datasets_flow/dataset_cropped/10_Metas/07/11/20191007114000_00160.jpg,datasets_cloudmask/dataset_cropped/10_Metas/07/11/20191007114000_00160.png,717.4,893,96.7,31.6,961
10/7/2019 11:41,datasets/dataset_cropped/10_Metas/07/11/20191007114100_00160.jpg,datasets_flow/dataset_cropped/10_Metas/07/11/20191007114100_00160.jpg,datasets_cloudmask/dataset_cropped/10_Metas/07/11/20191007114100_00160.png,717.8,892,96.2,32,961
10/7/2019 11:42,datasets/dataset_cropped/10_Metas/07/11/20191007114200_00160.jpg,datasets_flow/dataset_cropped/10_Metas/07/11/20191007114200_00160.jpg,datasets_cloudmask/dataset_cropped/10_Metas/07/11/20191007114200_00160.png,717.9,891,95.9,32.1,961
10/7/2019 11:43,datasets/dataset_cropped/10_Metas/07/11/20191007114300_00160.jpg,datasets_flow/dataset_cropped/10_Metas/07/11/20191007114300_00160.jpg,datasets_cloudmask/dataset_cropped/10_Metas/07/11/20191007114300_00160.png,715.9,888,96,31.9,961
10/7/2019 11:44,datasets/dataset_cropped/10_Metas/07/11/20191007114400_00160.jpg,datasets_flow/dataset_cropped/10_Metas/07/11/20191007114400_00160.jpg,datasets_cloudmask/dataset_cropped/10_Metas/07/11/20191007114400_00160.png,715.7,886,96.2,31.5,961
10/7/2019 11:45,datasets/dataset_cropped/10_Metas/07/11/20191007114500_00160.jpg,datasets_flow/dataset_cropped/10_Metas/07/11/20191007114500_00160.jpg,datasets_cloudmask/dataset_cropped/10_Metas/07/11/20191007114500_00160.png,721.1,894,95.9,31.4,961
10/7/2019 11:46,datasets/dataset_cropped/10_Metas/07/11/20191007114600_00160.jpg,datasets_flow/dataset_cropped/10_Metas/07/11/20191007114600_00160.jpg,datasets_cloudmask/dataset_cropped/10_Metas/07/11/20191007114600_00160.png,726.6,900,96,31.2,961
10/7/2019 11:47,datasets/dataset_cropped/10_Metas/07/11/20191007114700_00160.jpg,datasets_flow/dataset_cropped/10_Metas/07/11/20191007114700_00160.jpg,datasets_cloudmask/dataset_cropped/10_Metas/07/11/20191007114700_00160.png,729.4,903,95.7,30.9,961
10/7/2019 11:48,datasets/dataset_cropped/10_Metas/07/11/20191007114800_00160.jpg,datasets_flow/dataset_cropped/10_Metas/07/11/20191007114800_00160.jpg,datasets_cloudmask/dataset_cropped/10_Metas/07/11/20191007114800_00160.png,732,905,96,30.7,961
10/7/2019 11:49,datasets/dataset_cropped/10_Metas/07/11/20191007114900_00160.jpg,datasets_flow/dataset_cropped/10_Metas/07/11/20191007114900_00160.jpg,datasets_cloudmask/dataset_cropped/10_Metas/07/11/20191007114900_00160.png,734.2,906,96.2,30.6,961
10/7/2019 11:50,datasets/dataset_cropped/10_Metas/07/11/20191007115000_00160.jpg,datasets_flow/dataset_cropped/10_Metas/07/11/20191007115000_00160.jpg,datasets_cloudmask/dataset_cropped/10_Metas/07/11/20191007115000_00160.png,735.8,907,97.2,30.4,961
10/7/2019 11:51,datasets/dataset_cropped/10_Metas/07/11/20191007115100_00160.jpg,datasets_flow/dataset_cropped/10_Metas/07/11/20191007115100_00160.jpg,datasets_cloudmask/dataset_cropped/10_Metas/07/11/20191007115100_00160.png,738.7,909,97.3,30.3,961
10/7/2019 11:52,datasets/dataset_cropped/10_Metas/07/11/20191007115200_00160.jpg,datasets_flow/dataset_cropped/10_Metas/07/11/20191007115200_00160.jpg,datasets_cloudmask/dataset_cropped/10_Metas/07/11/20191007115200_00160.png,740,909,97.4,30.3,961
10/7/2019 11:53,datasets/dataset_cropped/10_Metas/07/11/20191007115300_00160.jpg,datasets_flow/dataset_cropped/10_Metas/07/11/20191007115300_00160.jpg,datasets_cloudmask/dataset_cropped/10_Metas/07/11/20191007115300_00160.png,739.7,906,98.3,30.3,961
10/7/2019 11:54,datasets/dataset_cropped/10_Metas/07/11/20191007115400_00160.jpg,datasets_flow/dataset_cropped/10_Metas/07/11/20191007115400_00160.jpg,datasets_cloudmask/dataset_cropped/10_Metas/07/11/20191007115400_00160.png,743.3,910,98.8,30.4,961
10/7/2019 11:55,datasets/dataset_cropped/10_Metas/07/11/20191007115500_00160.jpg,datasets_flow/dataset_cropped/10_Metas/07/11/20191007115500_00160.jpg,datasets_cloudmask/dataset_cropped/10_Metas/07/11/20191007115500_00160.png,744.4,909,99.1,30.4,961
10/7/2019 11:56,datasets/dataset_cropped/10_Metas/07/11/20191007115600_00160.jpg,datasets_flow/dataset_cropped/10_Metas/07/11/20191007115600_00160.jpg,datasets_cloudmask/dataset_cropped/10_Metas/07/11/20191007115600_00160.png,745.3,908,99.6,30.4,961
10/7/2019 11:57,datasets/dataset_cropped/10_Metas/07/11/20191007115700_00160.jpg,datasets_flow/dataset_cropped/10_Metas/07/11/20191007115700_00160.jpg,datasets_cloudmask/dataset_cropped/10_Metas/07/11/20191007115700_00160.png,747.7,909,100,30.6,961
10/7/2019 11:58,datasets/dataset_cropped/10_Metas/07/11/20191007115800_00160.jpg,datasets_flow/dataset_cropped/10_Metas/07/11/20191007115800_00160.jpg,datasets_cloudmask/dataset_cropped/10_Metas/07/11/20191007115800_00160.png,746.5,905,100.5,30.9,961
10/7/2019 11:59,datasets/dataset_cropped/10_Metas/07/11/20191007115900_00160.jpg,datasets_flow/dataset_cropped/10_Metas/07/11/20191007115900_00160.jpg,datasets_cloudmask/dataset_cropped/10_Metas/07/11/20191007115900_00160.png,746,902,101.2,31.1,961
10/7/2019 12:00,datasets/dataset_cropped/10_Metas/07/12/20191007120000_00160.jpg,datasets_flow/dataset_cropped/10_Metas/07/12/20191007120000_00160.jpg,datasets_cloudmask/dataset_cropped/10_Metas/07/12/20191007120000_00160.png,745,898,101.8,31.1,961
10/7/2019 12:01,datasets/dataset_cropped/10_Metas/07/12/20191007120100_00160.jpg,datasets_flow/dataset_cropped/10_Metas/07/12/20191007120100_00160.jpg,datasets_cloudmask/dataset_cropped/10_Metas/07/12/20191007120100_00160.png,744.7,897,102.4,31.4,961
10/7/2019 12:02,datasets/dataset_cropped/10_Metas/07/12/20191007120200_00160.jpg,datasets_flow/dataset_cropped/10_Metas/07/12/20191007120200_00160.jpg,datasets_cloudmask/dataset_cropped/10_Metas/07/12/20191007120200_00160.png,749.2,901,103.4,31.6,961
10/7/2019 12:03,datasets/dataset_cropped/10_Metas/07/12/20191007120300_00160.jpg,datasets_flow/dataset_cropped/10_Metas/07/12/20191007120300_00160.jpg,datasets_cloudmask/dataset_cropped/10_Metas/07/12/20191007120300_00160.png,746.5,896,103.8,31.6,961
10/7/2019 12:04,datasets/dataset_cropped/10_Metas/07/12/20191007120400_00160.jpg,datasets_flow/dataset_cropped/10_Metas/07/12/20191007120400_00160.jpg,datasets_cloudmask/dataset_cropped/10_Metas/07/12/20191007120400_00160.png,745.6,894,104,31.8,961
10/7/2019 12:05,datasets/dataset_cropped/10_Metas/07/12/20191007120500_00160.jpg,datasets_flow/dataset_cropped/10_Metas/07/12/20191007120500_00160.jpg,datasets_cloudmask/dataset_cropped/10_Metas/07/12/20191007120500_00160.png,750.1,899,104.2,31.8,961
10/7/2019 12:06,datasets/dataset_cropped/10_Metas/07/12/20191007120600_00160.jpg,datasets_flow/dataset_cropped/10_Metas/07/12/20191007120600_00160.jpg,datasets_cloudmask/dataset_cropped/10_Metas/07/12/20191007120600_00160.png,753.4,901,104.5,31.6,961
10/7/2019 12:07,datasets/dataset_cropped/10_Metas/07/12/20191007120700_00160.jpg,datasets_flow/dataset_cropped/10_Metas/07/12/20191007120700_00160.jpg,datasets_cloudmask/dataset_cropped/10_Metas/07/12/20191007120700_00160.png,750.8,896,104.7,31.2,961
10/7/2019 12:08,datasets/dataset_cropped/10_Metas/07/12/20191007120800_00160.jpg,datasets_flow/dataset_cropped/10_Metas/07/12/20191007120800_00160.jpg,datasets_cloudmask/dataset_cropped/10_Metas/07/12/20191007120800_00160.png,752.6,897,104.9,31.1,961
10/7/2019 12:09,datasets/dataset_cropped/10_Metas/07/12/20191007120900_00160.jpg,datasets_flow/dataset_cropped/10_Metas/07/12/20191007120900_00160.jpg,datasets_cloudmask/dataset_cropped/10_Metas/07/12/20191007120900_00160.png,755,899,105.8,31.2,961
10/7/2019 12:10,datasets/dataset_cropped/10_Metas/07/12/20191007121000_00160.jpg,datasets_flow/dataset_cropped/10_Metas/07/12/20191007121000_00160.jpg,datasets_cloudmask/dataset_cropped/10_Metas/07/12/20191007121000_00160.png,756.9,901,105.9,31.4,961
10/7/2019 12:11,datasets/dataset_cropped/10_Metas/07/12/20191007121100_00160.jpg,datasets_flow/dataset_cropped/10_Metas/07/12/20191007121100_00160.jpg,datasets_cloudmask/dataset_cropped/10_Metas/07/12/20191007121100_00160.png,756.8,900,106.4,31.5,961
10/7/2019 12:12,datasets/dataset_cropped/10_Metas/07/12/20191007121200_00160.jpg,datasets_flow/dataset_cropped/10_Metas/07/12/20191007121200_00160.jpg,datasets_cloudmask/dataset_cropped/10_Metas/07/12/20191007121200_00160.png,758,900,106.9,31.5,961
10/7/2019 12:13,datasets/dataset_cropped/10_Metas/07/12/20191007121300_00160.jpg,datasets_flow/dataset_cropped/10_Metas/07/12/20191007121300_00160.jpg,datasets_cloudmask/dataset_cropped/10_Metas/07/12/20191007121300_00160.png,756.2,896,107.4,31.4,961
10/7/2019 12:14,datasets/dataset_cropped/10_Metas/07/12/20191007121400_00160.jpg,datasets_flow/dataset_cropped/10_Metas/07/12/20191007121400_00160.jpg,datasets_cloudmask/dataset_cropped/10_Metas/07/12/20191007121400_00160.png,752.3,890,107.5,31.5,961
10/7/2019 12:15,datasets/dataset_cropped/10_Metas/07/12/20191007121500_00160.jpg,datasets_flow/dataset_cropped/10_Metas/07/12/20191007121500_00160.jpg,datasets_cloudmask/dataset_cropped/10_Metas/07/12/20191007121500_00160.png,754.6,891,107.8,31.6,961
10/7/2019 12:16,datasets/dataset_cropped/10_Metas/07/12/20191007121600_00160.jpg,datasets_flow/dataset_cropped/10_Metas/07/12/20191007121600_00160.jpg,datasets_cloudmask/dataset_cropped/10_Metas/07/12/20191007121600_00160.png,754.8,890,108.4,31.5,961
10/7/2019 12:17,datasets/dataset_cropped/10_Metas/07/12/20191007121700_00160.jpg,datasets_flow/dataset_cropped/10_Metas/07/12/20191007121700_00160.jpg,datasets_cloudmask/dataset_cropped/10_Metas/07/12/20191007121700_00160.png,754.2,888,109.2,31.2,961
10/7/2019 12:18,datasets/dataset_cropped/10_Metas/07/12/20191007121800_00160.jpg,datasets_flow/dataset_cropped/10_Metas/07/12/20191007121800_00160.jpg,datasets_cloudmask/dataset_cropped/10_Metas/07/12/20191007121800_00160.png,751.8,884,109.4,31.1,961
10/7/2019 12:19,datasets/dataset_cropped/10_Metas/07/12/20191007121900_00160.jpg,datasets_flow/dataset_cropped/10_Metas/07/12/20191007121900_00160.jpg,datasets_cloudmask/dataset_cropped/10_Metas/07/12/20191007121900_00160.png,743.7,871,109.6,31.1,961
10/7/2019 12:20,datasets/dataset_cropped/10_Metas/07/12/20191007122000_00160.jpg,datasets_flow/dataset_cropped/10_Metas/07/12/20191007122000_00160.jpg,datasets_cloudmask/dataset_cropped/10_Metas/07/12/20191007122000_00160.png,735.2,858,109.5,31.1,961
10/7/2019 12:21,datasets/dataset_cropped/10_Metas/07/12/20191007122100_00160.jpg,datasets_flow/dataset_cropped/10_Metas/07/12/20191007122100_00160.jpg,datasets_cloudmask/dataset_cropped/10_Metas/07/12/20191007122100_00160.png,738.7,861,109.5,31.2,961
10/7/2019 12:22,datasets/dataset_cropped/10_Metas/07/12/20191007122200_00160.jpg,datasets_flow/dataset_cropped/10_Metas/07/12/20191007122200_00160.jpg,datasets_cloudmask/dataset_cropped/10_Metas/07/12/20191007122200_00160.png,744.9,869,109.5,31.2,961
10/7/2019 12:23,datasets/dataset_cropped/10_Metas/07/12/20191007122300_00160.jpg,datasets_flow/dataset_cropped/10_Metas/07/12/20191007122300_00160.jpg,datasets_cloudmask/dataset_cropped/10_Metas/07/12/20191007122300_00160.png,746.1,871,109.3,31.2,961
10/7/2019 12:24,datasets/dataset_cropped/10_Metas/07/12/20191007122400_00160.jpg,datasets_flow/dataset_cropped/10_Metas/07/12/20191007122400_00160.jpg,datasets_cloudmask/dataset_cropped/10_Metas/07/12/20191007122400_00160.png,754,882,108.6,31.2,961
10/7/2019 12:25,datasets/dataset_cropped/10_Metas/07/12/20191007122500_00160.jpg,datasets_flow/dataset_cropped/10_Metas/07/12/20191007122500_00160.jpg,datasets_cloudmask/dataset_cropped/10_Metas/07/12/20191007122500_00160.png,756.7,885,108.2,31.3,960
10/7/2019 12:26,datasets/dataset_cropped/10_Metas/07/12/20191007122600_00160.jpg,datasets_flow/dataset_cropped/10_Metas/07/12/20191007122600_00160.jpg,datasets_cloudmask/dataset_cropped/10_Metas/07/12/20191007122600_00160.png,759.5,888,108.2,31.5,960
10/7/2019 12:27,datasets/dataset_cropped/10_Metas/07/12/20191007122700_00160.jpg,datasets_flow/dataset_cropped/10_Metas/07/12/20191007122700_00160.jpg,datasets_cloudmask/dataset_cropped/10_Metas/07/12/20191007122700_00160.png,754.7,880,108.5,31.6,960
10/7/2019 12:28,datasets/dataset_cropped/10_Metas/07/12/20191007122800_00160.jpg,datasets_flow/dataset_cropped/10_Metas/07/12/20191007122800_00160.jpg,datasets_cloudmask/dataset_cropped/10_Metas/07/12/20191007122800_00160.png,753,877,109.3,31.5,960
10/7/2019 12:29,datasets/dataset_cropped/10_Metas/07/12/20191007122900_00160.jpg,datasets_flow/dataset_cropped/10_Metas/07/12/20191007122900_00160.jpg,datasets_cloudmask/dataset_cropped/10_Metas/07/12/20191007122900_00160.png,746.3,868,109.5,31.3,960
10/7/2019 12:30,datasets/dataset_cropped/10_Metas/07/12/20191007123000_00160.jpg,datasets_flow/dataset_cropped/10_Metas/07/12/20191007123000_00160.jpg,datasets_cloudmask/dataset_cropped/10_Metas/07/12/20191007123000_00160.png,741.3,861,109.1,30.9,960
10/7/2019 12:31,datasets/dataset_cropped/10_Metas/07/12/20191007123100_00160.jpg,datasets_flow/dataset_cropped/10_Metas/07/12/20191007123100_00160.jpg,datasets_cloudmask/dataset_cropped/10_Metas/07/12/20191007123100_00160.png,746.1,867,109,30.9,960
10/7/2019 12:32,datasets/dataset_cropped/10_Metas/07/12/20191007123200_00160.jpg,datasets_flow/dataset_cropped/10_Metas/07/12/20191007123200_00160.jpg,datasets_cloudmask/dataset_cropped/10_Metas/07/12/20191007123200_00160.png,748.7,869,109.3,31,961
10/7/2019 12:33,datasets/dataset_cropped/10_Metas/07/12/20191007123300_00160.jpg,datasets_flow/dataset_cropped/10_Metas/07/12/20191007123300_00160.jpg,datasets_cloudmask/dataset_cropped/10_Metas/07/12/20191007123300_00160.png,746.4,866,109.3,31,961
10/7/2019 12:34,datasets/dataset_cropped/10_Metas/07/12/20191007123400_00160.jpg,datasets_flow/dataset_cropped/10_Metas/07/12/20191007123400_00160.jpg,datasets_cloudmask/dataset_cropped/10_Metas/07/12/20191007123400_00160.png,745.9,866,108.5,31,960
10/7/2019 12:35,datasets/dataset_cropped/10_Metas/07/12/20191007123500_00160.jpg,datasets_flow/dataset_cropped/10_Metas/07/12/20191007123500_00160.jpg,datasets_cloudmask/dataset_cropped/10_Metas/07/12/20191007123500_00160.png,738.9,856,108,31.1,960
10/7/2019 12:36,datasets/dataset_cropped/10_Metas/07/12/20191007123600_00160.jpg,datasets_flow/dataset_cropped/10_Metas/07/12/20191007123600_00160.jpg,datasets_cloudmask/dataset_cropped/10_Metas/07/12/20191007123600_00160.png,740.2,857,107.9,31.3,960
10/7/2019 12:37,datasets/dataset_cropped/10_Metas/07/12/20191007123700_00160.jpg,datasets_flow/dataset_cropped/10_Metas/07/12/20191007123700_00160.jpg,datasets_cloudmask/dataset_cropped/10_Metas/07/12/20191007123700_00160.png,735.7,851,107.9,31.7,960
10/7/2019 12:38,datasets/dataset_cropped/10_Metas/07/12/20191007123800_00160.jpg,datasets_flow/dataset_cropped/10_Metas/07/12/20191007123800_00160.jpg,datasets_cloudmask/dataset_cropped/10_Metas/07/12/20191007123800_00160.png,747.7,867,108,31.7,961
10/7/2019 12:39,datasets/dataset_cropped/10_Metas/07/12/20191007123900_00160.jpg,datasets_flow/dataset_cropped/10_Metas/07/12/20191007123900_00160.jpg,datasets_cloudmask/dataset_cropped/10_Metas/07/12/20191007123900_00160.png,747.3,867,107.9,31.5,960
10/7/2019 12:40,datasets/dataset_cropped/10_Metas/07/12/20191007124000_00160.jpg,datasets_flow/dataset_cropped/10_Metas/07/12/20191007124000_00160.jpg,datasets_cloudmask/dataset_cropped/10_Metas/07/12/20191007124000_00160.png,747.5,867,107.9,31.1,960
10/7/2019 12:41,datasets/dataset_cropped/10_Metas/07/12/20191007124100_00160.jpg,datasets_flow/dataset_cropped/10_Metas/07/12/20191007124100_00160.jpg,datasets_cloudmask/dataset_cropped/10_Metas/07/12/20191007124100_00160.png,745.5,864,108,31.1,961
10/7/2019 12:42,datasets/dataset_cropped/10_Metas/07/12/20191007124200_00160.jpg,datasets_flow/dataset_cropped/10_Metas/07/12/20191007124200_00160.jpg,datasets_cloudmask/dataset_cropped/10_Metas/07/12/20191007124200_00160.png,738.4,853,107.6,31.1,960
10/7/2019 12:43,datasets/dataset_cropped/10_Metas/07/12/20191007124300_00160.jpg,datasets_flow/dataset_cropped/10_Metas/07/12/20191007124300_00160.jpg,datasets_cloudmask/dataset_cropped/10_Metas/07/12/20191007124300_00160.png,724.7,834,107.5,31.2,961
10/7/2019 12:44,datasets/dataset_cropped/10_Metas/07/12/20191007124400_00160.jpg,datasets_flow/dataset_cropped/10_Metas/07/12/20191007124400_00160.jpg,datasets_cloudmask/dataset_cropped/10_Metas/07/12/20191007124400_00160.png,737.6,852,107.5,31.1,960
10/7/2019 12:45,datasets/dataset_cropped/10_Metas/07/12/20191007124500_00160.jpg,datasets_flow/dataset_cropped/10_Metas/07/12/20191007124500_00160.jpg,datasets_cloudmask/dataset_cropped/10_Metas/07/12/20191007124500_00160.png,730.2,842,107,31.2,961
10/7/2019 12:46,datasets/dataset_cropped/10_Metas/07/12/20191007124600_00160.jpg,datasets_flow/dataset_cropped/10_Metas/07/12/20191007124600_00160.jpg,datasets_cloudmask/dataset_cropped/10_Metas/07/12/20191007124600_00160.png,737.4,852,106.7,31.5,960
10/7/2019 12:47,datasets/dataset_cropped/10_Metas/07/12/20191007124700_00160.jpg,datasets_flow/dataset_cropped/10_Metas/07/12/20191007124700_00160.jpg,datasets_cloudmask/dataset_cropped/10_Metas/07/12/20191007124700_00160.png,735,848,106.9,31.9,960
10/7/2019 12:48,datasets/dataset_cropped/10_Metas/07/12/20191007124800_00160.jpg,datasets_flow/dataset_cropped/10_Metas/07/12/20191007124800_00160.jpg,datasets_cloudmask/dataset_cropped/10_Metas/07/12/20191007124800_00160.png,713.4,819,106.6,31.8,961
10/7/2019 12:49,datasets/dataset_cropped/10_Metas/07/12/20191007124900_00160.jpg,datasets_flow/dataset_cropped/10_Metas/07/12/20191007124900_00160.jpg,datasets_cloudmask/dataset_cropped/10_Metas/07/12/20191007124900_00160.png,725.3,835,106.8,31.6,960
10/7/2019 12:50,datasets/dataset_cropped/10_Metas/07/12/20191007125000_00160.jpg,datasets_flow/dataset_cropped/10_Metas/07/12/20191007125000_00160.jpg,datasets_cloudmask/dataset_cropped/10_Metas/07/12/20191007125000_00160.png,732.3,844,106.6,31.7,960
10/7/2019 12:51,datasets/dataset_cropped/10_Metas/07/12/20191007125100_00160.jpg,datasets_flow/dataset_cropped/10_Metas/07/12/20191007125100_00160.jpg,datasets_cloudmask/dataset_cropped/10_Metas/07/12/20191007125100_00160.png,735.3,848,106.3,31.6,960
10/7/2019 12:52,datasets/dataset_cropped/10_Metas/07/12/20191007125200_00160.jpg,datasets_flow/dataset_cropped/10_Metas/07/12/20191007125200_00160.jpg,datasets_cloudmask/dataset_cropped/10_Metas/07/12/20191007125200_00160.png,747.9,865,106.1,31.7,960
10/7/2019 12:53,datasets/dataset_cropped/10_Metas/07/12/20191007125300_00160.jpg,datasets_flow/dataset_cropped/10_Metas/07/12/20191007125300_00160.jpg,datasets_cloudmask/dataset_cropped/10_Metas/07/12/20191007125300_00160.png,752.1,871,105.9,31.6,960
10/7/2019 12:54,datasets/dataset_cropped/10_Metas/07/12/20191007125400_00160.jpg,datasets_flow/dataset_cropped/10_Metas/07/12/20191007125400_00160.jpg,datasets_cloudmask/dataset_cropped/10_Metas/07/12/20191007125400_00160.png,743.6,862,105,31.8,960
10/7/2019 12:55,datasets/dataset_cropped/10_Metas/07/12/20191007125500_00160.jpg,datasets_flow/dataset_cropped/10_Metas/07/12/20191007125500_00160.jpg,datasets_cloudmask/dataset_cropped/10_Metas/07/12/20191007125500_00160.png,754.5,877,104.5,31.7,960
10/7/2019 12:56,datasets/dataset_cropped/10_Metas/07/12/20191007125600_00160.jpg,datasets_flow/dataset_cropped/10_Metas/07/12/20191007125600_00160.jpg,datasets_cloudmask/dataset_cropped/10_Metas/07/12/20191007125600_00160.png,756.9,882,103.9,31.5,960
10/7/2019 12:57,datasets/dataset_cropped/10_Metas/07/12/20191007125700_00160.jpg,datasets_flow/dataset_cropped/10_Metas/07/12/20191007125700_00160.jpg,datasets_cloudmask/dataset_cropped/10_Metas/07/12/20191007125700_00160.png,758.8,885,103.5,31.4,960
10/7/2019 12:58,datasets/dataset_cropped/10_Metas/07/12/20191007125800_00160.jpg,datasets_flow/dataset_cropped/10_Metas/07/12/20191007125800_00160.jpg,datasets_cloudmask/dataset_cropped/10_Metas/07/12/20191007125800_00160.png,756.7,883,102.8,31.1,960
10/7/2019 12:59,datasets/dataset_cropped/10_Metas/07/12/20191007125900_00160.jpg,datasets_flow/dataset_cropped/10_Metas/07/12/20191007125900_00160.jpg,datasets_cloudmask/dataset_cropped/10_Metas/07/12/20191007125900_00160.png,763.8,893,102.2,31,960
10/7/2019 13:00,datasets/dataset_cropped/10_Metas/07/13/20191007130000_00160.jpg,datasets_flow/dataset_cropped/10_Metas/07/13/20191007130000_00160.jpg,datasets_cloudmask/dataset_cropped/10_Metas/07/13/20191007130000_00160.png,765.3,895,102.1,30.9,960
10/7/2019 13:01,datasets/dataset_cropped/10_Metas/07/13/20191007130100_00160.jpg,datasets_flow/dataset_cropped/10_Metas/07/13/20191007130100_00160.jpg,datasets_cloudmask/dataset_cropped/10_Metas/07/13/20191007130100_00160.png,757.4,884,102,31,960
10/7/2019 13:02,datasets/dataset_cropped/10_Metas/07/13/20191007130200_00160.jpg,datasets_flow/dataset_cropped/10_Metas/07/13/20191007130200_00160.jpg,datasets_cloudmask/dataset_cropped/10_Metas/07/13/20191007130200_00160.png,758.5,886,102.2,31,960
10/7/2019 13:03,datasets/dataset_cropped/10_Metas/07/13/20191007130300_00160.jpg,datasets_flow/dataset_cropped/10_Metas/07/13/20191007130300_00160.jpg,datasets_cloudmask/dataset_cropped/10_Metas/07/13/20191007130300_00160.png,762.4,892,102,31.1,960
10/7/2019 13:04,datasets/dataset_cropped/10_Metas/07/13/20191007130400_00160.jpg,datasets_flow/dataset_cropped/10_Metas/07/13/20191007130400_00160.jpg,datasets_cloudmask/dataset_cropped/10_Metas/07/13/20191007130400_00160.png,753.6,880,101.5,31.2,960
10/7/2019 13:05,datasets/dataset_cropped/10_Metas/07/13/20191007130500_00160.jpg,datasets_flow/dataset_cropped/10_Metas/07/13/20191007130500_00160.jpg,datasets_cloudmask/dataset_cropped/10_Metas/07/13/20191007130500_00160.png,750.5,876,101.2,31.2,960
10/7/2019 13:06,datasets/dataset_cropped/10_Metas/07/13/20191007130600_00160.jpg,datasets_flow/dataset_cropped/10_Metas/07/13/20191007130600_00160.jpg,datasets_cloudmask/dataset_cropped/10_Metas/07/13/20191007130600_00160.png,746,871,101,31.4,960
10/7/2019 13:07,datasets/dataset_cropped/10_Metas/07/13/20191007130700_00160.jpg,datasets_flow/dataset_cropped/10_Metas/07/13/20191007130700_00160.jpg,datasets_cloudmask/dataset_cropped/10_Metas/07/13/20191007130700_00160.png,753,882,100.4,31.4,960
10/7/2019 13:08,datasets/dataset_cropped/10_Metas/07/13/20191007130800_00160.jpg,datasets_flow/dataset_cropped/10_Metas/07/13/20191007130800_00160.jpg,datasets_cloudmask/dataset_cropped/10_Metas/07/13/20191007130800_00160.png,756.9,887,99.9,31.5,960
10/7/2019 13:09,datasets/dataset_cropped/10_Metas/07/13/20191007130900_00160.jpg,datasets_flow/dataset_cropped/10_Metas/07/13/20191007130900_00160.jpg,datasets_cloudmask/dataset_cropped/10_Metas/07/13/20191007130900_00160.png,756.1,887,99.2,31.3,960
10/7/2019 13:10,datasets/dataset_cropped/10_Metas/07/13/20191007131000_00160.jpg,datasets_flow/dataset_cropped/10_Metas/07/13/20191007131000_00160.jpg,datasets_cloudmask/dataset_cropped/10_Metas/07/13/20191007131000_00160.png,752.4,882,98.8,31.2,960
10/7/2019 13:11,datasets/dataset_cropped/10_Metas/07/13/20191007131100_00160.jpg,datasets_flow/dataset_cropped/10_Metas/07/13/20191007131100_00160.jpg,datasets_cloudmask/dataset_cropped/10_Metas/07/13/20191007131100_00160.png,751,882,98.4,31.1,960
10/7/2019 13:12,datasets/dataset_cropped/10_Metas/07/13/20191007131200_00160.jpg,datasets_flow/dataset_cropped/10_Metas/07/13/20191007131200_00160.jpg,datasets_cloudmask/dataset_cropped/10_Metas/07/13/20191007131200_00160.png,760.4,896,97.8,31.2,960
10/7/2019 13:13,datasets/dataset_cropped/10_Metas/07/13/20191007131300_00160.jpg,datasets_flow/dataset_cropped/10_Metas/07/13/20191007131300_00160.jpg,datasets_cloudmask/dataset_cropped/10_Metas/07/13/20191007131300_00160.png,761.1,898,97.3,31.3,960
10/7/2019 13:14,datasets/dataset_cropped/10_Metas/07/13/20191007131400_00160.jpg,datasets_flow/dataset_cropped/10_Metas/07/13/20191007131400_00160.jpg,datasets_cloudmask/dataset_cropped/10_Metas/07/13/20191007131400_00160.png,762.8,902,96.6,31.4,960
10/7/2019 13:15,datasets/dataset_cropped/10_Metas/07/13/20191007131500_00160.jpg,datasets_flow/dataset_cropped/10_Metas/07/13/20191007131500_00160.jpg,datasets_cloudmask/dataset_cropped/10_Metas/07/13/20191007131500_00160.png,765.7,908,96.1,31.3,960
10/7/2019 13:16,datasets/dataset_cropped/10_Metas/07/13/20191007131600_00160.jpg,datasets_flow/dataset_cropped/10_Metas/07/13/20191007131600_00160.jpg,datasets_cloudmask/dataset_cropped/10_Metas/07/13/20191007131600_00160.png,767.5,911,95.6,31.3,960
10/7/2019 13:17,datasets/dataset_cropped/10_Metas/07/13/20191007131700_00160.jpg,datasets_flow/dataset_cropped/10_Metas/07/13/20191007131700_00160.jpg,datasets_cloudmask/dataset_cropped/10_Metas/07/13/20191007131700_00160.png,769.7,916,95.2,31.3,960
10/7/2019 13:18,datasets/dataset_cropped/10_Metas/07/13/20191007131800_00160.jpg,datasets_flow/dataset_cropped/10_Metas/07/13/20191007131800_00160.jpg,datasets_cloudmask/dataset_cropped/10_Metas/07/13/20191007131800_00160.png,769.3,916,95.3,31.4,960
10/7/2019 13:19,datasets/dataset_cropped/10_Metas/07/13/20191007131900_00160.jpg,datasets_flow/dataset_cropped/10_Metas/07/13/20191007131900_00160.jpg,datasets_cloudmask/dataset_cropped/10_Metas/07/13/20191007131900_00160.png,762.8,908,95,31.5,960
10/7/2019 13:20,datasets/dataset_cropped/10_Metas/07/13/20191007132000_00160.jpg,datasets_flow/dataset_cropped/10_Metas/07/13/20191007132000_00160.jpg,datasets_cloudmask/dataset_cropped/10_Metas/07/13/20191007132000_00160.png,753.7,896,94.7,31.8,960
10/7/2019 13:21,datasets/dataset_cropped/10_Metas/07/13/20191007132100_00160.jpg,datasets_flow/dataset_cropped/10_Metas/07/13/20191007132100_00160.jpg,datasets_cloudmask/dataset_cropped/10_Metas/07/13/20191007132100_00160.png,753.8,897,94.4,32,960
10/7/2019 13:22,datasets/dataset_cropped/10_Metas/07/13/20191007132200_00160.jpg,datasets_flow/dataset_cropped/10_Metas/07/13/20191007132200_00160.jpg,datasets_cloudmask/dataset_cropped/10_Metas/07/13/20191007132200_00160.png,751.9,895,93.9,32,960
10/7/2019 13:23,datasets/dataset_cropped/10_Metas/07/13/20191007132300_00160.jpg,datasets_flow/dataset_cropped/10_Metas/07/13/20191007132300_00160.jpg,datasets_cloudmask/dataset_cropped/10_Metas/07/13/20191007132300_00160.png,755.1,900,93.7,31.9,960
10/7/2019 13:24,datasets/dataset_cropped/10_Metas/07/13/20191007132400_00160.jpg,datasets_flow/dataset_cropped/10_Metas/07/13/20191007132400_00160.jpg,datasets_cloudmask/dataset_cropped/10_Metas/07/13/20191007132400_00160.png,756.9,903,93.3,31.5,960
10/7/2019 13:25,datasets/dataset_cropped/10_Metas/07/13/20191007132500_00160.jpg,datasets_flow/dataset_cropped/10_Metas/07/13/20191007132500_00160.jpg,datasets_cloudmask/dataset_cropped/10_Metas/07/13/20191007132500_00160.png,749,893,92.5,31.4,960
10/7/2019 13:26,datasets/dataset_cropped/10_Metas/07/13/20191007132600_00160.jpg,datasets_flow/dataset_cropped/10_Metas/07/13/20191007132600_00160.jpg,datasets_cloudmask/dataset_cropped/10_Metas/07/13/20191007132600_00160.png,746.5,890,91.9,31.3,960
10/7/2019 13:27,datasets/dataset_cropped/10_Metas/07/13/20191007132700_00160.jpg,datasets_flow/dataset_cropped/10_Metas/07/13/20191007132700_00160.jpg,datasets_cloudmask/dataset_cropped/10_Metas/07/13/20191007132700_00160.png,746.2,891,91.4,31.3,960
10/7/2019 13:28,datasets/dataset_cropped/10_Metas/07/13/20191007132800_00160.jpg,datasets_flow/dataset_cropped/10_Metas/07/13/20191007132800_00160.jpg,datasets_cloudmask/dataset_cropped/10_Metas/07/13/20191007132800_00160.png,754.7,904,91.1,31.1,960
10/7/2019 13:29,datasets/dataset_cropped/10_Metas/07/13/20191007132900_00160.jpg,datasets_flow/dataset_cropped/10_Metas/07/13/20191007132900_00160.jpg,datasets_cloudmask/dataset_cropped/10_Metas/07/13/20191007132900_00160.png,755.3,906,90.6,31.1,960
10/7/2019 13:30,datasets/dataset_cropped/10_Metas/07/13/20191007133000_00160.jpg,datasets_flow/dataset_cropped/10_Metas/07/13/20191007133000_00160.jpg,datasets_cloudmask/dataset_cropped/10_Metas/07/13/20191007133000_00160.png,753.5,905,90.1,31.1,960
10/7/2019 13:31,datasets/dataset_cropped/10_Metas/07/13/20191007133100_00160.jpg,datasets_flow/dataset_cropped/10_Metas/07/13/20191007133100_00160.jpg,datasets_cloudmask/dataset_cropped/10_Metas/07/13/20191007133100_00160.png,751,903,89.6,31.2,960
10/7/2019 13:32,datasets/dataset_cropped/10_Metas/07/13/20191007133200_00160.jpg,datasets_flow/dataset_cropped/10_Metas/07/13/20191007133200_00160.jpg,datasets_cloudmask/dataset_cropped/10_Metas/07/13/20191007133200_00160.png,753.7,908,89.2,31.5,960
10/7/2019 13:33,datasets/dataset_cropped/10_Metas/07/13/20191007133300_00160.jpg,datasets_flow/dataset_cropped/10_Metas/07/13/20191007133300_00160.jpg,datasets_cloudmask/dataset_cropped/10_Metas/07/13/20191007133300_00160.png,748.8,903,89,31.6,960
10/7/2019 13:34,datasets/dataset_cropped/10_Metas/07/13/20191007133400_00160.jpg,datasets_flow/dataset_cropped/10_Metas/07/13/20191007133400_00160.jpg,datasets_cloudmask/dataset_cropped/10_Metas/07/13/20191007133400_00160.png,749.7,906,88.5,31.7,960
10/7/2019 13:35,datasets/dataset_cropped/10_Metas/07/13/20191007133500_00160.jpg,datasets_flow/dataset_cropped/10_Metas/07/13/20191007133500_00160.jpg,datasets_cloudmask/dataset_cropped/10_Metas/07/13/20191007133500_00160.png,749.6,907,88,31.8,960
10/7/2019 13:36,datasets/dataset_cropped/10_Metas/07/13/20191007133600_00160.jpg,datasets_flow/dataset_cropped/10_Metas/07/13/20191007133600_00160.jpg,datasets_cloudmask/dataset_cropped/10_Metas/07/13/20191007133600_00160.png,750.9,911,87.2,32,960
10/7/2019 13:37,datasets/dataset_cropped/10_Metas/07/13/20191007133700_00160.jpg,datasets_flow/dataset_cropped/10_Metas/07/13/20191007133700_00160.jpg,datasets_cloudmask/dataset_cropped/10_Metas/07/13/20191007133700_00160.png,754.1,917,86.6,31.9,960
10/7/2019 13:38,datasets/dataset_cropped/10_Metas/07/13/20191007133800_00160.jpg,datasets_flow/dataset_cropped/10_Metas/07/13/20191007133800_00160.jpg,datasets_cloudmask/dataset_cropped/10_Metas/07/13/20191007133800_00160.png,752.5,916,85.9,31.9,960
10/7/2019 13:39,datasets/dataset_cropped/10_Metas/07/13/20191007133900_00160.jpg,datasets_flow/dataset_cropped/10_Metas/07/13/20191007133900_00160.jpg,datasets_cloudmask/dataset_cropped/10_Metas/07/13/20191007133900_00160.png,755.4,921,85.3,31.7,960
10/7/2019 13:40,datasets/dataset_cropped/10_Metas/07/13/20191007134000_00160.jpg,datasets_flow/dataset_cropped/10_Metas/07/13/20191007134000_00160.jpg,datasets_cloudmask/dataset_cropped/10_Metas/07/13/20191007134000_00160.png,753.2,919,84.9,31.6,960
10/7/2019 13:41,datasets/dataset_cropped/10_Metas/07/13/20191007134100_00160.jpg,datasets_flow/dataset_cropped/10_Metas/07/13/20191007134100_00160.jpg,datasets_cloudmask/dataset_cropped/10_Metas/07/13/20191007134100_00160.png,754,921,84.4,31.3,960
10/7/2019 13:42,datasets/dataset_cropped/10_Metas/07/13/20191007134200_00160.jpg,datasets_flow/dataset_cropped/10_Metas/07/13/20191007134200_00160.jpg,datasets_cloudmask/dataset_cropped/10_Metas/07/13/20191007134200_00160.png,754.2,923,84.2,31.4,960
10/7/2019 13:43,datasets/dataset_cropped/10_Metas/07/13/20191007134300_00160.jpg,datasets_flow/dataset_cropped/10_Metas/07/13/20191007134300_00160.jpg,datasets_cloudmask/dataset_cropped/10_Metas/07/13/20191007134300_00160.png,750.5,918,84.2,31.2,960
10/7/2019 13:44,datasets/dataset_cropped/10_Metas/07/13/20191007134400_00160.jpg,datasets_flow/dataset_cropped/10_Metas/07/13/20191007134400_00160.jpg,datasets_cloudmask/dataset_cropped/10_Metas/07/13/20191007134400_00160.png,738.9,903,83.6,31.1,960
10/7/2019 13:45,datasets/dataset_cropped/10_Metas/07/13/20191007134500_00160.jpg,datasets_flow/dataset_cropped/10_Metas/07/13/20191007134500_00160.jpg,datasets_cloudmask/dataset_cropped/10_Metas/07/13/20191007134500_00160.png,736.9,902,83.1,31.3,960
10/7/2019 13:46,datasets/dataset_cropped/10_Metas/07/13/20191007134600_00160.jpg,datasets_flow/dataset_cropped/10_Metas/07/13/20191007134600_00160.jpg,datasets_cloudmask/dataset_cropped/10_Metas/07/13/20191007134600_00160.png,744,913,83.3,31.3,960
10/7/2019 13:47,datasets/dataset_cropped/10_Metas/07/13/20191007134700_00160.jpg,datasets_flow/dataset_cropped/10_Metas/07/13/20191007134700_00160.jpg,datasets_cloudmask/dataset_cropped/10_Metas/07/13/20191007134700_00160.png,743.2,913,83,31.3,960
10/7/2019 13:48,datasets/dataset_cropped/10_Metas/07/13/20191007134800_00160.jpg,datasets_flow/dataset_cropped/10_Metas/07/13/20191007134800_00160.jpg,datasets_cloudmask/dataset_cropped/10_Metas/07/13/20191007134800_00160.png,739.9,909,82.8,31.2,960
10/7/2019 13:49,datasets/dataset_cropped/10_Metas/07/13/20191007134900_00160.jpg,datasets_flow/dataset_cropped/10_Metas/07/13/20191007134900_00160.jpg,datasets_cloudmask/dataset_cropped/10_Metas/07/13/20191007134900_00160.png,741,913,82.4,31.2,960
10/7/2019 13:50,datasets/dataset_cropped/10_Metas/07/13/20191007135000_00160.jpg,datasets_flow/dataset_cropped/10_Metas/07/13/20191007135000_00160.jpg,datasets_cloudmask/dataset_cropped/10_Metas/07/13/20191007135000_00160.png,743.7,918,82.3,31.4,960
10/7/2019 13:51,datasets/dataset_cropped/10_Metas/07/13/20191007135100_00160.jpg,datasets_flow/dataset_cropped/10_Metas/07/13/20191007135100_00160.jpg,datasets_cloudmask/dataset_cropped/10_Metas/07/13/20191007135100_00160.png,743,919,81.7,31.3,960
10/7/2019 13:52,datasets/dataset_cropped/10_Metas/07/13/20191007135200_00160.jpg,datasets_flow/dataset_cropped/10_Metas/07/13/20191007135200_00160.jpg,datasets_cloudmask/dataset_cropped/10_Metas/07/13/20191007135200_00160.png,740.7,917,81.7,31.2,960
10/7/2019 13:53,datasets/dataset_cropped/10_Metas/07/13/20191007135300_00160.jpg,datasets_flow/dataset_cropped/10_Metas/07/13/20191007135300_00160.jpg,datasets_cloudmask/dataset_cropped/10_Metas/07/13/20191007135300_00160.png,739.3,916,81.3,31,960
10/7/2019 13:54,datasets/dataset_cropped/10_Metas/07/13/20191007135400_00160.jpg,datasets_flow/dataset_cropped/10_Metas/07/13/20191007135400_00160.jpg,datasets_cloudmask/dataset_cropped/10_Metas/07/13/20191007135400_00160.png,739.3,918,80.9,31.1,960
10/7/2019 13:55,datasets/dataset_cropped/10_Metas/07/13/20191007135500_00160.jpg,datasets_flow/dataset_cropped/10_Metas/07/13/20191007135500_00160.jpg,datasets_cloudmask/dataset_cropped/10_Metas/07/13/20191007135500_00160.png,738.5,918,81.1,30.9,960
10/7/2019 13:56,datasets/dataset_cropped/10_Metas/07/13/20191007135600_00160.jpg,datasets_flow/dataset_cropped/10_Metas/07/13/20191007135600_00160.jpg,datasets_cloudmask/dataset_cropped/10_Metas/07/13/20191007135600_00160.png,734.3,914,80.6,31.1,960
10/7/2019 13:57,datasets/dataset_cropped/10_Metas/07/13/20191007135700_00160.jpg,datasets_flow/dataset_cropped/10_Metas/07/13/20191007135700_00160.jpg,datasets_cloudmask/dataset_cropped/10_Metas/07/13/20191007135700_00160.png,732.5,913,80.3,31.2,960
10/7/2019 13:58,datasets/dataset_cropped/10_Metas/07/13/20191007135800_00160.jpg,datasets_flow/dataset_cropped/10_Metas/07/13/20191007135800_00160.jpg,datasets_cloudmask/dataset_cropped/10_Metas/07/13/20191007135800_00160.png,728.2,907,80.5,31.1,960
10/7/2019 13:59,datasets/dataset_cropped/10_Metas/07/13/20191007135900_00160.jpg,datasets_flow/dataset_cropped/10_Metas/07/13/20191007135900_00160.jpg,datasets_cloudmask/dataset_cropped/10_Metas/07/13/20191007135900_00160.png,723.9,903,80.4,30.8,960
10/7/2019 14:00,datasets/dataset_cropped/10_Metas/07/14/20191007140000_00160.jpg,datasets_flow/dataset_cropped/10_Metas/07/14/20191007140000_00160.jpg,datasets_cloudmask/dataset_cropped/10_Metas/07/14/20191007140000_00160.png,721.8,901,80.2,30.9,960
10/7/2019 14:01,datasets/dataset_cropped/10_Metas/07/14/20191007140100_00160.jpg,datasets_flow/dataset_cropped/10_Metas/07/14/20191007140100_00160.jpg,datasets_cloudmask/dataset_cropped/10_Metas/07/14/20191007140100_00160.png,718.8,898,80.3,31.2,960
10/7/2019 14:02,datasets/dataset_cropped/10_Metas/07/14/20191007140200_00160.jpg,datasets_flow/dataset_cropped/10_Metas/07/14/20191007140200_00160.jpg,datasets_cloudmask/dataset_cropped/10_Metas/07/14/20191007140200_00160.png,720,902,80.4,31.1,960
10/7/2019 14:03,datasets/dataset_cropped/10_Metas/07/14/20191007140300_00160.jpg,datasets_flow/dataset_cropped/10_Metas/07/14/20191007140300_00160.jpg,datasets_cloudmask/dataset_cropped/10_Metas/07/14/20191007140300_00160.png,723.6,909,79.6,31,960
10/7/2019 14:04,datasets/dataset_cropped/10_Metas/07/14/20191007140400_00160.jpg,datasets_flow/dataset_cropped/10_Metas/07/14/20191007140400_00160.jpg,datasets_cloudmask/dataset_cropped/10_Metas/07/14/20191007140400_00160.png,722.2,909,79.3,30.8,960
10/7/2019 14:05,datasets/dataset_cropped/10_Metas/07/14/20191007140500_00160.jpg,datasets_flow/dataset_cropped/10_Metas/07/14/20191007140500_00160.jpg,datasets_cloudmask/dataset_cropped/10_Metas/07/14/20191007140500_00160.png,719.6,906,79.3,30.8,960
10/7/2019 14:06,datasets/dataset_cropped/10_Metas/07/14/20191007140600_00160.jpg,datasets_flow/dataset_cropped/10_Metas/07/14/20191007140600_00160.jpg,datasets_cloudmask/dataset_cropped/10_Metas/07/14/20191007140600_00160.png,719.1,907,78.8,31,960
10/7/2019 14:07,datasets/dataset_cropped/10_Metas/07/14/20191007140700_00160.jpg,datasets_flow/dataset_cropped/10_Metas/07/14/20191007140700_00160.jpg,datasets_cloudmask/dataset_cropped/10_Metas/07/14/20191007140700_00160.png,717.7,907,78.7,30.8,960
10/7/2019 14:08,datasets/dataset_cropped/10_Metas/07/14/20191007140800_00160.jpg,datasets_flow/dataset_cropped/10_Metas/07/14/20191007140800_00160.jpg,datasets_cloudmask/dataset_cropped/10_Metas/07/14/20191007140800_00160.png,716.3,907,78.6,30.7,960
10/7/2019 14:09,datasets/dataset_cropped/10_Metas/07/14/20191007140900_00160.jpg,datasets_flow/dataset_cropped/10_Metas/07/14/20191007140900_00160.jpg,datasets_cloudmask/dataset_cropped/10_Metas/07/14/20191007140900_00160.png,718,911,78,30.8,960
10/7/2019 14:10,datasets/dataset_cropped/10_Metas/07/14/20191007141000_00160.jpg,datasets_flow/dataset_cropped/10_Metas/07/14/20191007141000_00160.jpg,datasets_cloudmask/dataset_cropped/10_Metas/07/14/20191007141000_00160.png,717.2,912,77.5,30.7,960
10/7/2019 14:11,datasets/dataset_cropped/10_Metas/07/14/20191007141100_00160.jpg,datasets_flow/dataset_cropped/10_Metas/07/14/20191007141100_00160.jpg,datasets_cloudmask/dataset_cropped/10_Metas/07/14/20191007141100_00160.png,715.5,912,76.9,30.8,960
10/7/2019 14:12,datasets/dataset_cropped/10_Metas/07/14/20191007141200_00160.jpg,datasets_flow/dataset_cropped/10_Metas/07/14/20191007141200_00160.jpg,datasets_cloudmask/dataset_cropped/10_Metas/07/14/20191007141200_00160.png,714.5,913,76.7,30.7,960
10/7/2019 14:13,datasets/dataset_cropped/10_Metas/07/14/20191007141300_00160.jpg,datasets_flow/dataset_cropped/10_Metas/07/14/20191007141300_00160.jpg,datasets_cloudmask/dataset_cropped/10_Metas/07/14/20191007141300_00160.png,711.7,910,77,30.5,960
10/7/2019 14:14,datasets/dataset_cropped/10_Metas/07/14/20191007141400_00160.jpg,datasets_flow/dataset_cropped/10_Metas/07/14/20191007141400_00160.jpg,datasets_cloudmask/dataset_cropped/10_Metas/07/14/20191007141400_00160.png,708.7,907,77,30.8,960
10/7/2019 14:15,datasets/dataset_cropped/10_Metas/07/14/20191007141500_00160.jpg,datasets_flow/dataset_cropped/10_Metas/07/14/20191007141500_00160.jpg,datasets_cloudmask/dataset_cropped/10_Metas/07/14/20191007141500_00160.png,707,907,76.7,30.8,960
10/7/2019 14:16,datasets/dataset_cropped/10_Metas/07/14/20191007141600_00160.jpg,datasets_flow/dataset_cropped/10_Metas/07/14/20191007141600_00160.jpg,datasets_cloudmask/dataset_cropped/10_Metas/07/14/20191007141600_00160.png,705.9,906,76.4,30.8,960
10/7/2019 14:17,datasets/dataset_cropped/10_Metas/07/14/20191007141700_00160.jpg,datasets_flow/dataset_cropped/10_Metas/07/14/20191007141700_00160.jpg,datasets_cloudmask/dataset_cropped/10_Metas/07/14/20191007141700_00160.png,705.4,907,76.1,30.8,960
10/7/2019 14:18,datasets/dataset_cropped/10_Metas/07/14/20191007141800_00160.jpg,datasets_flow/dataset_cropped/10_Metas/07/14/20191007141800_00160.jpg,datasets_cloudmask/dataset_cropped/10_Metas/07/14/20191007141800_00160.png,702.8,905,76,30.5,960
10/7/2019 14:19,datasets/dataset_cropped/10_Metas/07/14/20191007141900_00160.jpg,datasets_flow/dataset_cropped/10_Metas/07/14/20191007141900_00160.jpg,datasets_cloudmask/dataset_cropped/10_Metas/07/14/20191007141900_00160.png,702.8,907,76.3,30.4,960
10/7/2019 14:20,datasets/dataset_cropped/10_Metas/07/14/20191007142000_00160.jpg,datasets_flow/dataset_cropped/10_Metas/07/14/20191007142000_00160.jpg,datasets_cloudmask/dataset_cropped/10_Metas/07/14/20191007142000_00160.png,702,908,76,30.3,960
10/7/2019 14:21,datasets/dataset_cropped/10_Metas/07/14/20191007142100_00160.jpg,datasets_flow/dataset_cropped/10_Metas/07/14/20191007142100_00160.jpg,datasets_cloudmask/dataset_cropped/10_Metas/07/14/20191007142100_00160.png,700,907,75.6,30.4,960
10/7/2019 14:22,datasets/dataset_cropped/10_Metas/07/14/20191007142200_00160.jpg,datasets_flow/dataset_cropped/10_Metas/07/14/20191007142200_00160.jpg,datasets_cloudmask/dataset_cropped/10_Metas/07/14/20191007142200_00160.png,697.6,905,75.6,30.6,960
10/7/2019 14:23,datasets/dataset_cropped/10_Metas/07/14/20191007142300_00160.jpg,datasets_flow/dataset_cropped/10_Metas/07/14/20191007142300_00160.jpg,datasets_cloudmask/dataset_cropped/10_Metas/07/14/20191007142300_00160.png,696.4,905,75.5,31,960
10/7/2019 14:24,datasets/dataset_cropped/10_Metas/07/14/20191007142400_00160.jpg,datasets_flow/dataset_cropped/10_Metas/07/14/20191007142400_00160.jpg,datasets_cloudmask/dataset_cropped/10_Metas/07/14/20191007142400_00160.png,696.2,906,75.3,31,960
10/7/2019 14:25,datasets/dataset_cropped/10_Metas/07/14/20191007142500_00160.jpg,datasets_flow/dataset_cropped/10_Metas/07/14/20191007142500_00160.jpg,datasets_cloudmask/dataset_cropped/10_Metas/07/14/20191007142500_00160.png,695.3,907,75.4,30.7,960
10/7/2019 14:26,datasets/dataset_cropped/10_Metas/07/14/20191007142600_00160.jpg,datasets_flow/dataset_cropped/10_Metas/07/14/20191007142600_00160.jpg,datasets_cloudmask/dataset_cropped/10_Metas/07/14/20191007142600_00160.png,694.2,907,75.3,30.4,960
10/7/2019 14:27,datasets/dataset_cropped/10_Metas/07/14/20191007142700_00160.jpg,datasets_flow/dataset_cropped/10_Metas/07/14/20191007142700_00160.jpg,datasets_cloudmask/dataset_cropped/10_Metas/07/14/20191007142700_00160.png,692.6,907,75.4,30.3,960
10/7/2019 14:28,datasets/dataset_cropped/10_Metas/07/14/20191007142800_00160.jpg,datasets_flow/dataset_cropped/10_Metas/07/14/20191007142800_00160.jpg,datasets_cloudmask/dataset_cropped/10_Metas/07/14/20191007142800_00160.png,691.2,907,75.4,30.2,960
10/7/2019 14:29,datasets/dataset_cropped/10_Metas/07/14/20191007142900_00160.jpg,datasets_flow/dataset_cropped/10_Metas/07/14/20191007142900_00160.jpg,datasets_cloudmask/dataset_cropped/10_Metas/07/14/20191007142900_00160.png,690,907,75.2,30.4,960
10/7/2019 14:30,datasets/dataset_cropped/10_Metas/07/14/20191007143000_00160.jpg,datasets_flow/dataset_cropped/10_Metas/07/14/20191007143000_00160.jpg,datasets_cloudmask/dataset_cropped/10_Metas/07/14/20191007143000_00160.png,689.7,909,74.9,30.5,960
10/7/2019 14:31,datasets/dataset_cropped/10_Metas/07/14/20191007143100_00160.jpg,datasets_flow/dataset_cropped/10_Metas/07/14/20191007143100_00160.jpg,datasets_cloudmask/dataset_cropped/10_Metas/07/14/20191007143100_00160.png,688.9,909,75,30.4,960
10/7/2019 14:32,datasets/dataset_cropped/10_Metas/07/14/20191007143200_00160.jpg,datasets_flow/dataset_cropped/10_Metas/07/14/20191007143200_00160.jpg,datasets_cloudmask/dataset_cropped/10_Metas/07/14/20191007143200_00160.png,687.6,909,75,30.6,960
10/7/2019 14:33,datasets/dataset_cropped/10_Metas/07/14/20191007143300_00160.jpg,datasets_flow/dataset_cropped/10_Metas/07/14/20191007143300_00160.jpg,datasets_cloudmask/dataset_cropped/10_Metas/07/14/20191007143300_00160.png,684.8,907,75,30.5,960
10/7/2019 14:34,datasets/dataset_cropped/10_Metas/07/14/20191007143400_00160.jpg,datasets_flow/dataset_cropped/10_Metas/07/14/20191007143400_00160.jpg,datasets_cloudmask/dataset_cropped/10_Metas/07/14/20191007143400_00160.png,681,903,75.1,30.5,960
10/7/2019 14:35,datasets/dataset_cropped/10_Metas/07/14/20191007143500_00160.jpg,datasets_flow/dataset_cropped/10_Metas/07/14/20191007143500_00160.jpg,datasets_cloudmask/dataset_cropped/10_Metas/07/14/20191007143500_00160.png,677,899,75.2,30.4,960
10/7/2019 14:36,datasets/dataset_cropped/10_Metas/07/14/20191007143600_00160.jpg,datasets_flow/dataset_cropped/10_Metas/07/14/20191007143600_00160.jpg,datasets_cloudmask/dataset_cropped/10_Metas/07/14/20191007143600_00160.png,675.5,899,75,30.4,960
10/7/2019 14:37,datasets/dataset_cropped/10_Metas/07/14/20191007143700_00160.jpg,datasets_flow/dataset_cropped/10_Metas/07/14/20191007143700_00160.jpg,datasets_cloudmask/dataset_cropped/10_Metas/07/14/20191007143700_00160.png,675.6,901,75,30.2,960
10/7/2019 14:38,datasets/dataset_cropped/10_Metas/07/14/20191007143800_00160.jpg,datasets_flow/dataset_cropped/10_Metas/07/14/20191007143800_00160.jpg,datasets_cloudmask/dataset_cropped/10_Metas/07/14/20191007143800_00160.png,676.1,904,75.1,30.2,960
10/7/2019 14:39,datasets/dataset_cropped/10_Metas/07/14/20191007143900_00160.jpg,datasets_flow/dataset_cropped/10_Metas/07/14/20191007143900_00160.jpg,datasets_cloudmask/dataset_cropped/10_Metas/07/14/20191007143900_00160.png,674.3,903,75,30.2,960
10/7/2019 14:40,datasets/dataset_cropped/10_Metas/07/14/20191007144000_00160.jpg,datasets_flow/dataset_cropped/10_Metas/07/14/20191007144000_00160.jpg,datasets_cloudmask/dataset_cropped/10_Metas/07/14/20191007144000_00160.png,672.4,902,75,30.2,960
10/7/2019 14:41,datasets/dataset_cropped/10_Metas/07/14/20191007144100_00160.jpg,datasets_flow/dataset_cropped/10_Metas/07/14/20191007144100_00160.jpg,datasets_cloudmask/dataset_cropped/10_Metas/07/14/20191007144100_00160.png,670.5,901,75.2,30.3,960
10/7/2019 14:42,datasets/dataset_cropped/10_Metas/07/14/20191007144200_00160.jpg,datasets_flow/dataset_cropped/10_Metas/07/14/20191007144200_00160.jpg,datasets_cloudmask/dataset_cropped/10_Metas/07/14/20191007144200_00160.png,667.2,898,75.2,30.5,960
10/7/2019 14:43,datasets/dataset_cropped/10_Metas/07/14/20191007144300_00160.jpg,datasets_flow/dataset_cropped/10_Metas/07/14/20191007144300_00160.jpg,datasets_cloudmask/dataset_cropped/10_Metas/07/14/20191007144300_00160.png,666.3,898,75.2,30.7,960
10/7/2019 14:44,datasets/dataset_cropped/10_Metas/07/14/20191007144400_00160.jpg,datasets_flow/dataset_cropped/10_Metas/07/14/20191007144400_00160.jpg,datasets_cloudmask/dataset_cropped/10_Metas/07/14/20191007144400_00160.png,665.1,899,75.4,30.5,960
10/7/2019 14:45,datasets/dataset_cropped/10_Metas/07/14/20191007144500_00160.jpg,datasets_flow/dataset_cropped/10_Metas/07/14/20191007144500_00160.jpg,datasets_cloudmask/dataset_cropped/10_Metas/07/14/20191007144500_00160.png,663.9,899,75.3,30.4,960
10/7/2019 14:46,datasets/dataset_cropped/10_Metas/07/14/20191007144600_00160.jpg,datasets_flow/dataset_cropped/10_Metas/07/14/20191007144600_00160.jpg,datasets_cloudmask/dataset_cropped/10_Metas/07/14/20191007144600_00160.png,660.7,896,75.5,30.6,960
10/7/2019 14:47,datasets/dataset_cropped/10_Metas/07/14/20191007144700_00160.jpg,datasets_flow/dataset_cropped/10_Metas/07/14/20191007144700_00160.jpg,datasets_cloudmask/dataset_cropped/10_Metas/07/14/20191007144700_00160.png,659.2,896,75.7,30.4,960
10/7/2019 14:48,datasets/dataset_cropped/10_Metas/07/14/20191007144800_00160.jpg,datasets_flow/dataset_cropped/10_Metas/07/14/20191007144800_00160.jpg,datasets_cloudmask/dataset_cropped/10_Metas/07/14/20191007144800_00160.png,656.4,895,75.4,30.4,960
10/7/2019 14:49,datasets/dataset_cropped/10_Metas/07/14/20191007144900_00160.jpg,datasets_flow/dataset_cropped/10_Metas/07/14/20191007144900_00160.jpg,datasets_cloudmask/dataset_cropped/10_Metas/07/14/20191007144900_00160.png,653.4,893,75.2,30.2,960
10/7/2019 14:50,datasets/dataset_cropped/10_Metas/07/14/20191007145000_00160.jpg,datasets_flow/dataset_cropped/10_Metas/07/14/20191007145000_00160.jpg,datasets_cloudmask/dataset_cropped/10_Metas/07/14/20191007145000_00160.png,652.3,893,75.3,30.4,960
10/7/2019 14:51,datasets/dataset_cropped/10_Metas/07/14/20191007145100_00160.jpg,datasets_flow/dataset_cropped/10_Metas/07/14/20191007145100_00160.jpg,datasets_cloudmask/dataset_cropped/10_Metas/07/14/20191007145100_00160.png,651.5,893,75.6,30.6,960
10/7/2019 14:52,datasets/dataset_cropped/10_Metas/07/14/20191007145200_00160.jpg,datasets_flow/dataset_cropped/10_Metas/07/14/20191007145200_00160.jpg,datasets_cloudmask/dataset_cropped/10_Metas/07/14/20191007145200_00160.png,650.7,894,75.8,30.6,960
10/7/2019 14:53,datasets/dataset_cropped/10_Metas/07/14/20191007145300_00160.jpg,datasets_flow/dataset_cropped/10_Metas/07/14/20191007145300_00160.jpg,datasets_cloudmask/dataset_cropped/10_Metas/07/14/20191007145300_00160.png,648.4,893,75.6,30.4,960
10/7/2019 14:54,datasets/dataset_cropped/10_Metas/07/14/20191007145400_00160.jpg,datasets_flow/dataset_cropped/10_Metas/07/14/20191007145400_00160.jpg,datasets_cloudmask/dataset_cropped/10_Metas/07/14/20191007145400_00160.png,645.2,890,76.1,30.5,960
10/7/2019 14:55,datasets/dataset_cropped/10_Metas/07/14/20191007145500_00160.jpg,datasets_flow/dataset_cropped/10_Metas/07/14/20191007145500_00160.jpg,datasets_cloudmask/dataset_cropped/10_Metas/07/14/20191007145500_00160.png,639.7,884,75.8,30.5,960
10/7/2019 14:56,datasets/dataset_cropped/10_Metas/07/14/20191007145600_00160.jpg,datasets_flow/dataset_cropped/10_Metas/07/14/20191007145600_00160.jpg,datasets_cloudmask/dataset_cropped/10_Metas/07/14/20191007145600_00160.png,638.6,884,75.9,30.4,960
10/7/2019 14:57,datasets/dataset_cropped/10_Metas/07/14/20191007145700_00160.jpg,datasets_flow/dataset_cropped/10_Metas/07/14/20191007145700_00160.jpg,datasets_cloudmask/dataset_cropped/10_Metas/07/14/20191007145700_00160.png,638.4,886,76,30.2,960
10/7/2019 14:58,datasets/dataset_cropped/10_Metas/07/14/20191007145800_00160.jpg,datasets_flow/dataset_cropped/10_Metas/07/14/20191007145800_00160.jpg,datasets_cloudmask/dataset_cropped/10_Metas/07/14/20191007145800_00160.png,638.3,888,75.8,30.1,960
10/7/2019 14:59,datasets/dataset_cropped/10_Metas/07/14/20191007145900_00160.jpg,datasets_flow/dataset_cropped/10_Metas/07/14/20191007145900_00160.jpg,datasets_cloudmask/dataset_cropped/10_Metas/07/14/20191007145900_00160.png,635.2,886,75.8,30.3,960
10/7/2019 15:00,datasets/dataset_cropped/10_Metas/07/15/20191007150000_00160.jpg,datasets_flow/dataset_cropped/10_Metas/07/15/20191007150000_00160.jpg,datasets_cloudmask/dataset_cropped/10_Metas/07/15/20191007150000_00160.png,633.1,884,76,30.5,960
10/7/2019 15:01,datasets/dataset_cropped/10_Metas/07/15/20191007150100_00160.jpg,datasets_flow/dataset_cropped/10_Metas/07/15/20191007150100_00160.jpg,datasets_cloudmask/dataset_cropped/10_Metas/07/15/20191007150100_00160.png,634.5,889,75.8,30.5,960
10/7/2019 15:02,datasets/dataset_cropped/10_Metas/07/15/20191007150200_00160.jpg,datasets_flow/dataset_cropped/10_Metas/07/15/20191007150200_00160.jpg,datasets_cloudmask/dataset_cropped/10_Metas/07/15/20191007150200_00160.png,632.6,889,75.7,30.4,960
10/7/2019 15:03,datasets/dataset_cropped/10_Metas/07/15/20191007150300_00160.jpg,datasets_flow/dataset_cropped/10_Metas/07/15/20191007150300_00160.jpg,datasets_cloudmask/dataset_cropped/10_Metas/07/15/20191007150300_00160.png,630.9,888,76,30.5,960
10/7/2019 15:04,datasets/dataset_cropped/10_Metas/07/15/20191007150400_00160.jpg,datasets_flow/dataset_cropped/10_Metas/07/15/20191007150400_00160.jpg,datasets_cloudmask/dataset_cropped/10_Metas/07/15/20191007150400_00160.png,621.4,875,76.1,30.8,960
10/7/2019 15:05,datasets/dataset_cropped/10_Metas/07/15/20191007150500_00160.jpg,datasets_flow/dataset_cropped/10_Metas/07/15/20191007150500_00160.jpg,datasets_cloudmask/dataset_cropped/10_Metas/07/15/20191007150500_00160.png,628.1,888,76.7,30.8,960
10/7/2019 15:06,datasets/dataset_cropped/10_Metas/07/15/20191007150600_00160.jpg,datasets_flow/dataset_cropped/10_Metas/07/15/20191007150600_00160.jpg,datasets_cloudmask/dataset_cropped/10_Metas/07/15/20191007150600_00160.png,625,886,76.6,30.7,960
10/7/2019 15:07,datasets/dataset_cropped/10_Metas/07/15/20191007150700_00160.jpg,datasets_flow/dataset_cropped/10_Metas/07/15/20191007150700_00160.jpg,datasets_cloudmask/dataset_cropped/10_Metas/07/15/20191007150700_00160.png,622,884,76.6,30.4,960
10/7/2019 15:08,datasets/dataset_cropped/10_Metas/07/15/20191007150800_00160.jpg,datasets_flow/dataset_cropped/10_Metas/07/15/20191007150800_00160.jpg,datasets_cloudmask/dataset_cropped/10_Metas/07/15/20191007150800_00160.png,620.6,883,76.8,30.4,960
10/7/2019 15:09,datasets/dataset_cropped/10_Metas/07/15/20191007150900_00160.jpg,datasets_flow/dataset_cropped/10_Metas/07/15/20191007150900_00160.jpg,datasets_cloudmask/dataset_cropped/10_Metas/07/15/20191007150900_00160.png,618.9,883,77.2,30.5,960
10/7/2019 15:10,datasets/dataset_cropped/10_Metas/07/15/20191007151000_00160.jpg,datasets_flow/dataset_cropped/10_Metas/07/15/20191007151000_00160.jpg,datasets_cloudmask/dataset_cropped/10_Metas/07/15/20191007151000_00160.png,617,882,77.4,30.3,960
10/7/2019 15:11,datasets/dataset_cropped/10_Metas/07/15/20191007151100_00160.jpg,datasets_flow/dataset_cropped/10_Metas/07/15/20191007151100_00160.jpg,datasets_cloudmask/dataset_cropped/10_Metas/07/15/20191007151100_00160.png,614.6,881,77.2,30.1,960
10/7/2019 15:12,datasets/dataset_cropped/10_Metas/07/15/20191007151200_00160.jpg,datasets_flow/dataset_cropped/10_Metas/07/15/20191007151200_00160.jpg,datasets_cloudmask/dataset_cropped/10_Metas/07/15/20191007151200_00160.png,610.7,877,77.5,30.2,960
10/7/2019 15:13,datasets/dataset_cropped/10_Metas/07/15/20191007151300_00160.jpg,datasets_flow/dataset_cropped/10_Metas/07/15/20191007151300_00160.jpg,datasets_cloudmask/dataset_cropped/10_Metas/07/15/20191007151300_00160.png,609.5,877,77.9,30.3,960
10/7/2019 15:14,datasets/dataset_cropped/10_Metas/07/15/20191007151400_00160.jpg,datasets_flow/dataset_cropped/10_Metas/07/15/20191007151400_00160.jpg,datasets_cloudmask/dataset_cropped/10_Metas/07/15/20191007151400_00160.png,608.4,877,78.6,30.4,960
10/7/2019 15:15,datasets/dataset_cropped/10_Metas/07/15/20191007151500_00160.jpg,datasets_flow/dataset_cropped/10_Metas/07/15/20191007151500_00160.jpg,datasets_cloudmask/dataset_cropped/10_Metas/07/15/20191007151500_00160.png,606.6,877,79,30.5,960
10/7/2019 15:16,datasets/dataset_cropped/10_Metas/07/15/20191007151600_00160.jpg,datasets_flow/dataset_cropped/10_Metas/07/15/20191007151600_00160.jpg,datasets_cloudmask/dataset_cropped/10_Metas/07/15/20191007151600_00160.png,604.5,875,79.6,30.4,960
10/7/2019 15:17,datasets/dataset_cropped/10_Metas/07/15/20191007151700_00160.jpg,datasets_flow/dataset_cropped/10_Metas/07/15/20191007151700_00160.jpg,datasets_cloudmask/dataset_cropped/10_Metas/07/15/20191007151700_00160.png,603,875,80.4,30.6,960
10/7/2019 15:18,datasets/dataset_cropped/10_Metas/07/15/20191007151800_00160.jpg,datasets_flow/dataset_cropped/10_Metas/07/15/20191007151800_00160.jpg,datasets_cloudmask/dataset_cropped/10_Metas/07/15/20191007151800_00160.png,600.5,873,80.9,30.6,960
10/7/2019 15:19,datasets/dataset_cropped/10_Metas/07/15/20191007151900_00160.jpg,datasets_flow/dataset_cropped/10_Metas/07/15/20191007151900_00160.jpg,datasets_cloudmask/dataset_cropped/10_Metas/07/15/20191007151900_00160.png,597.7,869,81.8,30.5,959
10/7/2019 15:20,datasets/dataset_cropped/10_Metas/07/15/20191007152000_00160.jpg,datasets_flow/dataset_cropped/10_Metas/07/15/20191007152000_00160.jpg,datasets_cloudmask/dataset_cropped/10_Metas/07/15/20191007152000_00160.png,592.7,863,82.1,30.3,960
10/7/2019 15:21,datasets/dataset_cropped/10_Metas/07/15/20191007152100_00160.jpg,datasets_flow/dataset_cropped/10_Metas/07/15/20191007152100_00160.jpg,datasets_cloudmask/dataset_cropped/10_Metas/07/15/20191007152100_00160.png,592.7,864,82.8,30.5,960
10/7/2019 15:22,datasets/dataset_cropped/10_Metas/07/15/20191007152200_00160.jpg,datasets_flow/dataset_cropped/10_Metas/07/15/20191007152200_00160.jpg,datasets_cloudmask/dataset_cropped/10_Metas/07/15/20191007152200_00160.png,594.1,868,83.5,30.7,960
10/7/2019 15:23,datasets/dataset_cropped/10_Metas/07/15/20191007152300_00160.jpg,datasets_flow/dataset_cropped/10_Metas/07/15/20191007152300_00160.jpg,datasets_cloudmask/dataset_cropped/10_Metas/07/15/20191007152300_00160.png,587.5,859,84.1,30.7,960
10/7/2019 15:24,datasets/dataset_cropped/10_Metas/07/15/20191007152400_00160.jpg,datasets_flow/dataset_cropped/10_Metas/07/15/20191007152400_00160.jpg,datasets_cloudmask/dataset_cropped/10_Metas/07/15/20191007152400_00160.png,581.5,850,84.6,30.6,959
10/7/2019 15:25,datasets/dataset_cropped/10_Metas/07/15/20191007152500_00160.jpg,datasets_flow/dataset_cropped/10_Metas/07/15/20191007152500_00160.jpg,datasets_cloudmask/dataset_cropped/10_Metas/07/15/20191007152500_00160.png,576.6,844,85.5,30.2,959
10/7/2019 15:26,datasets/dataset_cropped/10_Metas/07/15/20191007152600_00160.jpg,datasets_flow/dataset_cropped/10_Metas/07/15/20191007152600_00160.jpg,datasets_cloudmask/dataset_cropped/10_Metas/07/15/20191007152600_00160.png,573.2,840,86.2,30.3,959
10/7/2019 15:27,datasets/dataset_cropped/10_Metas/07/15/20191007152700_00160.jpg,datasets_flow/dataset_cropped/10_Metas/07/15/20191007152700_00160.jpg,datasets_cloudmask/dataset_cropped/10_Metas/07/15/20191007152700_00160.png,573.7,843,86.9,30.5,959
10/7/2019 15:28,datasets/dataset_cropped/10_Metas/07/15/20191007152800_00160.jpg,datasets_flow/dataset_cropped/10_Metas/07/15/20191007152800_00160.jpg,datasets_cloudmask/dataset_cropped/10_Metas/07/15/20191007152800_00160.png,567.6,834,87.5,30.7,960
10/7/2019 15:29,datasets/dataset_cropped/10_Metas/07/15/20191007152900_00160.jpg,datasets_flow/dataset_cropped/10_Metas/07/15/20191007152900_00160.jpg,datasets_cloudmask/dataset_cropped/10_Metas/07/15/20191007152900_00160.png,565.4,832,88.3,30.5,959
10/7/2019 15:30,datasets/dataset_cropped/10_Metas/07/15/20191007153000_00160.jpg,datasets_flow/dataset_cropped/10_Metas/07/15/20191007153000_00160.jpg,datasets_cloudmask/dataset_cropped/10_Metas/07/15/20191007153000_00160.png,566,834,88.9,30.3,959
10/7/2019 15:31,datasets/dataset_cropped/10_Metas/07/15/20191007153100_00160.jpg,datasets_flow/dataset_cropped/10_Metas/07/15/20191007153100_00160.jpg,datasets_cloudmask/dataset_cropped/10_Metas/07/15/20191007153100_00160.png,564.1,833,89.7,30.4,960
10/7/2019 15:32,datasets/dataset_cropped/10_Metas/07/15/20191007153200_00160.jpg,datasets_flow/dataset_cropped/10_Metas/07/15/20191007153200_00160.jpg,datasets_cloudmask/dataset_cropped/10_Metas/07/15/20191007153200_00160.png,564,834,90.4,30.4,959
10/7/2019 15:33,datasets/dataset_cropped/10_Metas/07/15/20191007153300_00160.jpg,datasets_flow/dataset_cropped/10_Metas/07/15/20191007153300_00160.jpg,datasets_cloudmask/dataset_cropped/10_Metas/07/15/20191007153300_00160.png,563.4,835,91.4,30.3,960
10/7/2019 15:34,datasets/dataset_cropped/10_Metas/07/15/20191007153400_00160.jpg,datasets_flow/dataset_cropped/10_Metas/07/15/20191007153400_00160.jpg,datasets_cloudmask/dataset_cropped/10_Metas/07/15/20191007153400_00160.png,563.2,836,92.4,30.5,959
10/7/2019 15:35,datasets/dataset_cropped/10_Metas/07/15/20191007153500_00160.jpg,datasets_flow/dataset_cropped/10_Metas/07/15/20191007153500_00160.jpg,datasets_cloudmask/dataset_cropped/10_Metas/07/15/20191007153500_00160.png,569.9,850,93.7,30.4,959
10/7/2019 15:36,datasets/dataset_cropped/10_Metas/07/15/20191007153600_00160.jpg,datasets_flow/dataset_cropped/10_Metas/07/15/20191007153600_00160.jpg,datasets_cloudmask/dataset_cropped/10_Metas/07/15/20191007153600_00160.png,569.8,851,94.9,30.2,959
10/7/2019 15:37,datasets/dataset_cropped/10_Metas/07/15/20191007153700_00160.jpg,datasets_flow/dataset_cropped/10_Metas/07/15/20191007153700_00160.jpg,datasets_cloudmask/dataset_cropped/10_Metas/07/15/20191007153700_00160.png,559.9,834,95.9,30.3,959
10/7/2019 15:38,datasets/dataset_cropped/10_Metas/07/15/20191007153800_00160.jpg,datasets_flow/dataset_cropped/10_Metas/07/15/20191007153800_00160.jpg,datasets_cloudmask/dataset_cropped/10_Metas/07/15/20191007153800_00160.png,546.1,811,97.1,30.6,959
10/7/2019 15:39,datasets/dataset_cropped/10_Metas/07/15/20191007153900_00160.jpg,datasets_flow/dataset_cropped/10_Metas/07/15/20191007153900_00160.jpg,datasets_cloudmask/dataset_cropped/10_Metas/07/15/20191007153900_00160.png,541.9,803,98.8,30.5,959
10/7/2019 15:40,datasets/dataset_cropped/10_Metas/07/15/20191007154000_00160.jpg,datasets_flow/dataset_cropped/10_Metas/07/15/20191007154000_00160.jpg,datasets_cloudmask/dataset_cropped/10_Metas/07/15/20191007154000_00160.png,520.2,763.8,100.5,30.3,959
10/7/2019 15:41,datasets/dataset_cropped/10_Metas/07/15/20191007154100_00160.jpg,datasets_flow/dataset_cropped/10_Metas/07/15/20191007154100_00160.jpg,datasets_cloudmask/dataset_cropped/10_Metas/07/15/20191007154100_00160.png,540.7,800,102.6,30.2,959
10/7/2019 15:42,datasets/dataset_cropped/10_Metas/07/15/20191007154200_00160.jpg,datasets_flow/dataset_cropped/10_Metas/07/15/20191007154200_00160.jpg,datasets_cloudmask/dataset_cropped/10_Metas/07/15/20191007154200_00160.png,509,742.7,103.7,30.1,959
10/7/2019 15:43,datasets/dataset_cropped/10_Metas/07/15/20191007154300_00160.jpg,datasets_flow/dataset_cropped/10_Metas/07/15/20191007154300_00160.jpg,datasets_cloudmask/dataset_cropped/10_Metas/07/15/20191007154300_00160.png,517.3,757.5,105.3,30.1,959
10/7/2019 15:44,datasets/dataset_cropped/10_Metas/07/15/20191007154400_00160.jpg,datasets_flow/dataset_cropped/10_Metas/07/15/20191007154400_00160.jpg,datasets_cloudmask/dataset_cropped/10_Metas/07/15/20191007154400_00160.png,505.7,735.8,107.5,30.2,959
10/7/2019 15:45,datasets/dataset_cropped/10_Metas/07/15/20191007154500_00160.jpg,datasets_flow/dataset_cropped/10_Metas/07/15/20191007154500_00160.jpg,datasets_cloudmask/dataset_cropped/10_Metas/07/15/20191007154500_00160.png,503.2,730,109.6,30.2,959
10/7/2019 15:46,datasets/dataset_cropped/10_Metas/07/15/20191007154600_00160.jpg,datasets_flow/dataset_cropped/10_Metas/07/15/20191007154600_00160.jpg,datasets_cloudmask/dataset_cropped/10_Metas/07/15/20191007154600_00160.png,512.9,747.5,111.3,30.2,959
10/7/2019 15:47,datasets/dataset_cropped/10_Metas/07/15/20191007154700_00160.jpg,datasets_flow/dataset_cropped/10_Metas/07/15/20191007154700_00160.jpg,datasets_cloudmask/dataset_cropped/10_Metas/07/15/20191007154700_00160.png,427.1,587.8,112.3,30.3,959
10/7/2019 15:48,datasets/dataset_cropped/10_Metas/07/15/20191007154800_00160.jpg,datasets_flow/dataset_cropped/10_Metas/07/15/20191007154800_00160.jpg,datasets_cloudmask/dataset_cropped/10_Metas/07/15/20191007154800_00160.png,460.5,649.7,114.6,30.2,959
10/7/2019 15:49,datasets/dataset_cropped/10_Metas/07/15/20191007154900_00160.jpg,datasets_flow/dataset_cropped/10_Metas/07/15/20191007154900_00160.jpg,datasets_cloudmask/dataset_cropped/10_Metas/07/15/20191007154900_00160.png,455.6,640.1,116.1,30,959
10/7/2019 15:50,datasets/dataset_cropped/10_Metas/07/15/20191007155000_00160.jpg,datasets_flow/dataset_cropped/10_Metas/07/15/20191007155000_00160.jpg,datasets_cloudmask/dataset_cropped/10_Metas/07/15/20191007155000_00160.png,422.5,577,116.6,30.2,959
10/7/2019 15:51,datasets/dataset_cropped/10_Metas/07/15/20191007155100_00160.jpg,datasets_flow/dataset_cropped/10_Metas/07/15/20191007155100_00160.jpg,datasets_cloudmask/dataset_cropped/10_Metas/07/15/20191007155100_00160.png,396.8,528.2,118,30,959
10/7/2019 15:52,datasets/dataset_cropped/10_Metas/07/15/20191007155200_00160.jpg,datasets_flow/dataset_cropped/10_Metas/07/15/20191007155200_00160.jpg,datasets_cloudmask/dataset_cropped/10_Metas/07/15/20191007155200_00160.png,426.8,585.2,119.6,29.7,959
10/7/2019 15:53,datasets/dataset_cropped/10_Metas/07/15/20191007155300_00160.jpg,datasets_flow/dataset_cropped/10_Metas/07/15/20191007155300_00160.jpg,datasets_cloudmask/dataset_cropped/10_Metas/07/15/20191007155300_00160.png,403.4,541.3,120.1,29.7,959
10/7/2019 15:54,datasets/dataset_cropped/10_Metas/07/15/20191007155400_00160.jpg,datasets_flow/dataset_cropped/10_Metas/07/15/20191007155400_00160.jpg,datasets_cloudmask/dataset_cropped/10_Metas/07/15/20191007155400_00160.png,452.6,635.7,122.8,29.7,959
10/7/2019 15:55,datasets/dataset_cropped/10_Metas/07/15/20191007155500_00160.jpg,datasets_flow/dataset_cropped/10_Metas/07/15/20191007155500_00160.jpg,datasets_cloudmask/dataset_cropped/10_Metas/07/15/20191007155500_00160.png,450.4,634.2,122.7,29.6,959
10/7/2019 15:56,datasets/dataset_cropped/10_Metas/07/15/20191007155600_00160.jpg,datasets_flow/dataset_cropped/10_Metas/07/15/20191007155600_00160.jpg,datasets_cloudmask/dataset_cropped/10_Metas/07/15/20191007155600_00160.png,332.3,408.8,120.7,29.6,959
10/7/2019 15:57,datasets/dataset_cropped/10_Metas/07/15/20191007155700_00160.jpg,datasets_flow/dataset_cropped/10_Metas/07/15/20191007155700_00160.jpg,datasets_cloudmask/dataset_cropped/10_Metas/07/15/20191007155700_00160.png,288.3,323.6,121.1,29.8,959
10/7/2019 15:58,datasets/dataset_cropped/10_Metas/07/15/20191007155800_00160.jpg,datasets_flow/dataset_cropped/10_Metas/07/15/20191007155800_00160.jpg,datasets_cloudmask/dataset_cropped/10_Metas/07/15/20191007155800_00160.png,349.5,443.3,122.5,29.6,960
10/7/2019 15:59,datasets/dataset_cropped/10_Metas/07/15/20191007155900_00160.jpg,datasets_flow/dataset_cropped/10_Metas/07/15/20191007155900_00160.jpg,datasets_cloudmask/dataset_cropped/10_Metas/07/15/20191007155900_00160.png,328.2,403.7,121.9,29.7,960
10/7/2019 16:00,datasets/dataset_cropped/10_Metas/07/16/20191007160000_00160.jpg,datasets_flow/dataset_cropped/10_Metas/07/16/20191007160000_00160.jpg,datasets_cloudmask/dataset_cropped/10_Metas/07/16/20191007160000_00160.png,292.5,335.4,121.3,29.5,959
10/7/2019 16:01,datasets/dataset_cropped/10_Metas/07/16/20191007160100_00160.jpg,datasets_flow/dataset_cropped/10_Metas/07/16/20191007160100_00160.jpg,datasets_cloudmask/dataset_cropped/10_Metas/07/16/20191007160100_00160.png,353.8,458.7,121.9,29.5,959
10/7/2019 16:02,datasets/dataset_cropped/10_Metas/07/16/20191007160200_00160.jpg,datasets_flow/dataset_cropped/10_Metas/07/16/20191007160200_00160.jpg,datasets_cloudmask/dataset_cropped/10_Metas/07/16/20191007160200_00160.png,354.2,462.4,121.8,29.6,960
10/7/2019 16:03,datasets/dataset_cropped/10_Metas/07/16/20191007160300_00160.jpg,datasets_flow/dataset_cropped/10_Metas/07/16/20191007160300_00160.jpg,datasets_cloudmask/dataset_cropped/10_Metas/07/16/20191007160300_00160.png,354.4,466.1,121.7,29.6,959
10/7/2019 16:04,datasets/dataset_cropped/10_Metas/07/16/20191007160400_00160.jpg,datasets_flow/dataset_cropped/10_Metas/07/16/20191007160400_00160.jpg,datasets_cloudmask/dataset_cropped/10_Metas/07/16/20191007160400_00160.png,316,392.1,121.3,29.7,959
10/7/2019 16:05,datasets/dataset_cropped/10_Metas/07/16/20191007160500_00160.jpg,datasets_flow/dataset_cropped/10_Metas/07/16/20191007160500_00160.jpg,datasets_cloudmask/dataset_cropped/10_Metas/07/16/20191007160500_00160.png,400.7,566.3,121.5,29.8,960
10/7/2019 16:06,datasets/dataset_cropped/10_Metas/07/16/20191007160600_00160.jpg,datasets_flow/dataset_cropped/10_Metas/07/16/20191007160600_00160.jpg,datasets_cloudmask/dataset_cropped/10_Metas/07/16/20191007160600_00160.png,381.1,531.3,121,29.8,960
10/7/2019 16:07,datasets/dataset_cropped/10_Metas/07/16/20191007160700_00160.jpg,datasets_flow/dataset_cropped/10_Metas/07/16/20191007160700_00160.jpg,datasets_cloudmask/dataset_cropped/10_Metas/07/16/20191007160700_00160.png,354.9,479.7,120.8,29.6,960
10/7/2019 16:08,datasets/dataset_cropped/10_Metas/07/16/20191007160800_00160.jpg,datasets_flow/dataset_cropped/10_Metas/07/16/20191007160800_00160.jpg,datasets_cloudmask/dataset_cropped/10_Metas/07/16/20191007160800_00160.png,403.4,581.4,121.9,29.4,960
10/7/2019 16:09,datasets/dataset_cropped/10_Metas/07/16/20191007160900_00160.jpg,datasets_flow/dataset_cropped/10_Metas/07/16/20191007160900_00160.jpg,datasets_cloudmask/dataset_cropped/10_Metas/07/16/20191007160900_00160.png,421.4,621.9,122.3,29.4,960
10/7/2019 16:10,datasets/dataset_cropped/10_Metas/07/16/20191007161000_00160.jpg,datasets_flow/dataset_cropped/10_Metas/07/16/20191007161000_00160.jpg,datasets_cloudmask/dataset_cropped/10_Metas/07/16/20191007161000_00160.png,391.5,564.2,122.1,29.6,959
10/7/2019 16:11,datasets/dataset_cropped/10_Metas/07/16/20191007161100_00160.jpg,datasets_flow/dataset_cropped/10_Metas/07/16/20191007161100_00160.jpg,datasets_cloudmask/dataset_cropped/10_Metas/07/16/20191007161100_00160.png,425.8,638.6,122.4,29.6,960
10/7/2019 16:12,datasets/dataset_cropped/10_Metas/07/16/20191007161200_00160.jpg,datasets_flow/dataset_cropped/10_Metas/07/16/20191007161200_00160.jpg,datasets_cloudmask/dataset_cropped/10_Metas/07/16/20191007161200_00160.png,409.6,609.5,121.8,29.6,960
10/7/2019 16:13,datasets/dataset_cropped/10_Metas/07/16/20191007161300_00160.jpg,datasets_flow/dataset_cropped/10_Metas/07/16/20191007161300_00160.jpg,datasets_cloudmask/dataset_cropped/10_Metas/07/16/20191007161300_00160.png,414.2,623.3,121.5,29.7,959
10/7/2019 16:14,datasets/dataset_cropped/10_Metas/07/16/20191007161400_00160.jpg,datasets_flow/dataset_cropped/10_Metas/07/16/20191007161400_00160.jpg,datasets_cloudmask/dataset_cropped/10_Metas/07/16/20191007161400_00160.png,407.5,613.2,121.4,29.7,960
10/7/2019 16:15,datasets/dataset_cropped/10_Metas/07/16/20191007161500_00160.jpg,datasets_flow/dataset_cropped/10_Metas/07/16/20191007161500_00160.jpg,datasets_cloudmask/dataset_cropped/10_Metas/07/16/20191007161500_00160.png,426.1,657.4,121.1,29.7,960
10/7/2019 16:16,datasets/dataset_cropped/10_Metas/07/16/20191007161600_00160.jpg,datasets_flow/dataset_cropped/10_Metas/07/16/20191007161600_00160.jpg,datasets_cloudmask/dataset_cropped/10_Metas/07/16/20191007161600_00160.png,432.8,675.7,120.9,29.7,959
10/7/2019 16:17,datasets/dataset_cropped/10_Metas/07/16/20191007161700_00160.jpg,datasets_flow/dataset_cropped/10_Metas/07/16/20191007161700_00160.jpg,datasets_cloudmask/dataset_cropped/10_Metas/07/16/20191007161700_00160.png,441.5,698.9,120.7,29.6,960
10/7/2019 16:18,datasets/dataset_cropped/10_Metas/07/16/20191007161800_00160.jpg,datasets_flow/dataset_cropped/10_Metas/07/16/20191007161800_00160.jpg,datasets_cloudmask/dataset_cropped/10_Metas/07/16/20191007161800_00160.png,445.6,712.5,120.4,29.5,960
10/7/2019 16:19,datasets/dataset_cropped/10_Metas/07/16/20191007161900_00160.jpg,datasets_flow/dataset_cropped/10_Metas/07/16/20191007161900_00160.jpg,datasets_cloudmask/dataset_cropped/10_Metas/07/16/20191007161900_00160.png,452.7,733,120.2,29.5,959
10/7/2019 16:20,datasets/dataset_cropped/10_Metas/07/16/20191007162000_00160.jpg,datasets_flow/dataset_cropped/10_Metas/07/16/20191007162000_00160.jpg,datasets_cloudmask/dataset_cropped/10_Metas/07/16/20191007162000_00160.png,448.7,729.2,120,29.7,959
10/7/2019 16:21,datasets/dataset_cropped/10_Metas/07/16/20191007162100_00160.jpg,datasets_flow/dataset_cropped/10_Metas/07/16/20191007162100_00160.jpg,datasets_cloudmask/dataset_cropped/10_Metas/07/16/20191007162100_00160.png,439.5,713.8,119.5,29.7,959
10/7/2019 16:22,datasets/dataset_cropped/10_Metas/07/16/20191007162200_00160.jpg,datasets_flow/dataset_cropped/10_Metas/07/16/20191007162200_00160.jpg,datasets_cloudmask/dataset_cropped/10_Metas/07/16/20191007162200_00160.png,425.1,686.4,119.2,29.8,959
10/7/2019 16:23,datasets/dataset_cropped/10_Metas/07/16/20191007162300_00160.jpg,datasets_flow/dataset_cropped/10_Metas/07/16/20191007162300_00160.jpg,datasets_cloudmask/dataset_cropped/10_Metas/07/16/20191007162300_00160.png,410.7,658,119.2,29.8,960
10/7/2019 16:24,datasets/dataset_cropped/10_Metas/07/16/20191007162400_00160.jpg,datasets_flow/dataset_cropped/10_Metas/07/16/20191007162400_00160.jpg,datasets_cloudmask/dataset_cropped/10_Metas/07/16/20191007162400_00160.png,415.3,672.1,119.4,29.8,959
10/7/2019 16:25,datasets/dataset_cropped/10_Metas/07/16/20191007162500_00160.jpg,datasets_flow/dataset_cropped/10_Metas/07/16/20191007162500_00160.jpg,datasets_cloudmask/dataset_cropped/10_Metas/07/16/20191007162500_00160.png,400.3,641.7,119.3,29.7,960
10/7/2019 16:26,datasets/dataset_cropped/10_Metas/07/16/20191007162600_00160.jpg,datasets_flow/dataset_cropped/10_Metas/07/16/20191007162600_00160.jpg,datasets_cloudmask/dataset_cropped/10_Metas/07/16/20191007162600_00160.png,406.2,658.1,120,29.5,960
10/7/2019 16:27,datasets/dataset_cropped/10_Metas/07/16/20191007162700_00160.jpg,datasets_flow/dataset_cropped/10_Metas/07/16/20191007162700_00160.jpg,datasets_cloudmask/dataset_cropped/10_Metas/07/16/20191007162700_00160.png,389.9,624.2,120.5,29.5,960
10/7/2019 16:28,datasets/dataset_cropped/10_Metas/07/16/20191007162800_00160.jpg,datasets_flow/dataset_cropped/10_Metas/07/16/20191007162800_00160.jpg,datasets_cloudmask/dataset_cropped/10_Metas/07/16/20191007162800_00160.png,375.5,593.7,121,29.6,960
10/7/2019 16:29,datasets/dataset_cropped/10_Metas/07/16/20191007162900_00160.jpg,datasets_flow/dataset_cropped/10_Metas/07/16/20191007162900_00160.jpg,datasets_cloudmask/dataset_cropped/10_Metas/07/16/20191007162900_00160.png,386.1,620.5,121.9,29.6,959
10/7/2019 16:30,datasets/dataset_cropped/10_Metas/07/16/20191007163000_00160.jpg,datasets_flow/dataset_cropped/10_Metas/07/16/20191007163000_00160.jpg,datasets_cloudmask/dataset_cropped/10_Metas/07/16/20191007163000_00160.png,389.1,628.8,123,29.6,959
10/7/2019 16:31,datasets/dataset_cropped/10_Metas/07/16/20191007163100_00160.jpg,datasets_flow/dataset_cropped/10_Metas/07/16/20191007163100_00160.jpg,datasets_cloudmask/dataset_cropped/10_Metas/07/16/20191007163100_00160.png,383.3,616.1,124.3,29.7,959
10/7/2019 16:32,datasets/dataset_cropped/10_Metas/07/16/20191007163200_00160.jpg,datasets_flow/dataset_cropped/10_Metas/07/16/20191007163200_00160.jpg,datasets_cloudmask/dataset_cropped/10_Metas/07/16/20191007163200_00160.png,374.5,595.5,125.8,29.7,959
10/7/2019 16:33,datasets/dataset_cropped/10_Metas/07/16/20191007163300_00160.jpg,datasets_flow/dataset_cropped/10_Metas/07/16/20191007163300_00160.jpg,datasets_cloudmask/dataset_cropped/10_Metas/07/16/20191007163300_00160.png,388.9,630.2,127.7,29.8,960
10/7/2019 16:34,datasets/dataset_cropped/10_Metas/07/16/20191007163400_00160.jpg,datasets_flow/dataset_cropped/10_Metas/07/16/20191007163400_00160.jpg,datasets_cloudmask/dataset_cropped/10_Metas/07/16/20191007163400_00160.png,394.1,642,129.7,29.8,960
10/7/2019 16:35,datasets/dataset_cropped/10_Metas/07/16/20191007163500_00160.jpg,datasets_flow/dataset_cropped/10_Metas/07/16/20191007163500_00160.jpg,datasets_cloudmask/dataset_cropped/10_Metas/07/16/20191007163500_00160.png,393.6,640.2,131.7,29.6,960
10/7/2019 16:36,datasets/dataset_cropped/10_Metas/07/16/20191007163600_00160.jpg,datasets_flow/dataset_cropped/10_Metas/07/16/20191007163600_00160.jpg,datasets_cloudmask/dataset_cropped/10_Metas/07/16/20191007163600_00160.png,395.2,643,133.9,29.6,960
10/7/2019 16:37,datasets/dataset_cropped/10_Metas/07/16/20191007163700_00160.jpg,datasets_flow/dataset_cropped/10_Metas/07/16/20191007163700_00160.jpg,datasets_cloudmask/dataset_cropped/10_Metas/07/16/20191007163700_00160.png,381.8,608.4,136.3,29.7,959
10/7/2019 16:38,datasets/dataset_cropped/10_Metas/07/16/20191007163800_00160.jpg,datasets_flow/dataset_cropped/10_Metas/07/16/20191007163800_00160.jpg,datasets_cloudmask/dataset_cropped/10_Metas/07/16/20191007163800_00160.png,374.1,587.5,138.6,29.9,959
10/7/2019 16:39,datasets/dataset_cropped/10_Metas/07/16/20191007163900_00160.jpg,datasets_flow/dataset_cropped/10_Metas/07/16/20191007163900_00160.jpg,datasets_cloudmask/dataset_cropped/10_Metas/07/16/20191007163900_00160.png,364.4,562,140.6,30,960
10/7/2019 16:40,datasets/dataset_cropped/10_Metas/07/16/20191007164000_00160.jpg,datasets_flow/dataset_cropped/10_Metas/07/16/20191007164000_00160.jpg,datasets_cloudmask/dataset_cropped/10_Metas/07/16/20191007164000_00160.png,354.9,536.8,142.4,29.7,960
10/7/2019 16:41,datasets/dataset_cropped/10_Metas/07/16/20191007164100_00160.jpg,datasets_flow/dataset_cropped/10_Metas/07/16/20191007164100_00160.jpg,datasets_cloudmask/dataset_cropped/10_Metas/07/16/20191007164100_00160.png,356.6,539.5,144.4,29.5,960
10/7/2019 16:42,datasets/dataset_cropped/10_Metas/07/16/20191007164200_00160.jpg,datasets_flow/dataset_cropped/10_Metas/07/16/20191007164200_00160.jpg,datasets_cloudmask/dataset_cropped/10_Metas/07/16/20191007164200_00160.png,364.5,557.9,146.8,29.5,960
10/7/2019 16:43,datasets/dataset_cropped/10_Metas/07/16/20191007164300_00160.jpg,datasets_flow/dataset_cropped/10_Metas/07/16/20191007164300_00160.jpg,datasets_cloudmask/dataset_cropped/10_Metas/07/16/20191007164300_00160.png,358.9,542.8,148.6,29.4,960
10/7/2019 16:44,datasets/dataset_cropped/10_Metas/07/16/20191007164400_00160.jpg,datasets_flow/dataset_cropped/10_Metas/07/16/20191007164400_00160.jpg,datasets_cloudmask/dataset_cropped/10_Metas/07/16/20191007164400_00160.png,364.3,556.4,150.4,29.2,960
10/7/2019 16:45,datasets/dataset_cropped/10_Metas/07/16/20191007164500_00160.jpg,datasets_flow/dataset_cropped/10_Metas/07/16/20191007164500_00160.jpg,datasets_cloudmask/dataset_cropped/10_Metas/07/16/20191007164500_00160.png,374.9,584.7,152,29.2,960
10/7/2019 16:46,datasets/dataset_cropped/10_Metas/07/16/20191007164600_00160.jpg,datasets_flow/dataset_cropped/10_Metas/07/16/20191007164600_00160.jpg,datasets_cloudmask/dataset_cropped/10_Metas/07/16/20191007164600_00160.png,378,595.1,153.1,29.3,960
10/7/2019 16:47,datasets/dataset_cropped/10_Metas/07/16/20191007164700_00160.jpg,datasets_flow/dataset_cropped/10_Metas/07/16/20191007164700_00160.jpg,datasets_cloudmask/dataset_cropped/10_Metas/07/16/20191007164700_00160.png,367.7,571.4,153.4,29.4,960
10/7/2019 16:48,datasets/dataset_cropped/10_Metas/07/16/20191007164800_00160.jpg,datasets_flow/dataset_cropped/10_Metas/07/16/20191007164800_00160.jpg,datasets_cloudmask/dataset_cropped/10_Metas/07/16/20191007164800_00160.png,352.2,534.9,153,29.4,960
10/7/2019 16:49,datasets/dataset_cropped/10_Metas/07/16/20191007164900_00160.jpg,datasets_flow/dataset_cropped/10_Metas/07/16/20191007164900_00160.jpg,datasets_cloudmask/dataset_cropped/10_Metas/07/16/20191007164900_00160.png,332.9,488.7,152.2,29.4,960
10/7/2019 16:50,datasets/dataset_cropped/10_Metas/07/16/20191007165000_00160.jpg,datasets_flow/dataset_cropped/10_Metas/07/16/20191007165000_00160.jpg,datasets_cloudmask/dataset_cropped/10_Metas/07/16/20191007165000_00160.png,323.4,468.3,151.6,29.4,960
10/7/2019 16:51,datasets/dataset_cropped/10_Metas/07/16/20191007165100_00160.jpg,datasets_flow/dataset_cropped/10_Metas/07/16/20191007165100_00160.jpg,datasets_cloudmask/dataset_cropped/10_Metas/07/16/20191007165100_00160.png,346.5,535,152.2,29.5,960
10/7/2019 16:52,datasets/dataset_cropped/10_Metas/07/16/20191007165200_00160.jpg,datasets_flow/dataset_cropped/10_Metas/07/16/20191007165200_00160.jpg,datasets_cloudmask/dataset_cropped/10_Metas/07/16/20191007165200_00160.png,356.9,569.5,151.9,29.6,960
10/7/2019 16:53,datasets/dataset_cropped/10_Metas/07/16/20191007165300_00160.jpg,datasets_flow/dataset_cropped/10_Metas/07/16/20191007165300_00160.jpg,datasets_cloudmask/dataset_cropped/10_Metas/07/16/20191007165300_00160.png,306.9,439.6,149.8,29.5,960
10/7/2019 16:54,datasets/dataset_cropped/10_Metas/07/16/20191007165400_00160.jpg,datasets_flow/dataset_cropped/10_Metas/07/16/20191007165400_00160.jpg,datasets_cloudmask/dataset_cropped/10_Metas/07/16/20191007165400_00160.png,322.8,490.9,148.9,29.3,960
10/7/2019 16:55,datasets/dataset_cropped/10_Metas/07/16/20191007165500_00160.jpg,datasets_flow/dataset_cropped/10_Metas/07/16/20191007165500_00160.jpg,datasets_cloudmask/dataset_cropped/10_Metas/07/16/20191007165500_00160.png,336.5,536,148.3,29.3,960
10/7/2019 16:56,datasets/dataset_cropped/10_Metas/07/16/20191007165600_00160.jpg,datasets_flow/dataset_cropped/10_Metas/07/16/20191007165600_00160.jpg,datasets_cloudmask/dataset_cropped/10_Metas/07/16/20191007165600_00160.png,338.7,550.6,147,29.4,960
10/7/2019 16:57,datasets/dataset_cropped/10_Metas/07/16/20191007165700_00160.jpg,datasets_flow/dataset_cropped/10_Metas/07/16/20191007165700_00160.jpg,datasets_cloudmask/dataset_cropped/10_Metas/07/16/20191007165700_00160.png,316.7,496,145.3,29.6,960
10/7/2019 16:58,datasets/dataset_cropped/10_Metas/07/16/20191007165800_00160.jpg,datasets_flow/dataset_cropped/10_Metas/07/16/20191007165800_00160.jpg,datasets_cloudmask/dataset_cropped/10_Metas/07/16/20191007165800_00160.png,284.8,411.7,143.6,29.6,960
10/7/2019 16:59,datasets/dataset_cropped/10_Metas/07/16/20191007165900_00160.jpg,datasets_flow/dataset_cropped/10_Metas/07/16/20191007165900_00160.jpg,datasets_cloudmask/dataset_cropped/10_Metas/07/16/20191007165900_00160.png,291.3,438.1,142.5,29.5,960
10/7/2019 17:00,datasets/dataset_cropped/10_Metas/07/17/20191007170000_00160.jpg,datasets_flow/dataset_cropped/10_Metas/07/17/20191007170000_00160.jpg,datasets_cloudmask/dataset_cropped/10_Metas/07/17/20191007170000_00160.png,290.5,444.7,140.8,29.3,960
10/7/2019 17:01,datasets/dataset_cropped/10_Metas/07/17/20191007170100_00160.jpg,datasets_flow/dataset_cropped/10_Metas/07/17/20191007170100_00160.jpg,datasets_cloudmask/dataset_cropped/10_Metas/07/17/20191007170100_00160.png,267.7,385.6,138.9,29.3,960
10/7/2019 17:02,datasets/dataset_cropped/10_Metas/07/17/20191007170200_00160.jpg,datasets_flow/dataset_cropped/10_Metas/07/17/20191007170200_00160.jpg,datasets_cloudmask/dataset_cropped/10_Metas/07/17/20191007170200_00160.png,268.2,393.2,138,29.4,960
10/7/2019 17:03,datasets/dataset_cropped/10_Metas/07/17/20191007170300_00160.jpg,datasets_flow/dataset_cropped/10_Metas/07/17/20191007170300_00160.jpg,datasets_cloudmask/dataset_cropped/10_Metas/07/17/20191007170300_00160.png,265,389.3,137.2,29.2,960
10/7/2019 17:04,datasets/dataset_cropped/10_Metas/07/17/20191007170400_00160.jpg,datasets_flow/dataset_cropped/10_Metas/07/17/20191007170400_00160.jpg,datasets_cloudmask/dataset_cropped/10_Metas/07/17/20191007170400_00160.png,236.1,309.1,135.5,29.1,960
10/7/2019 17:05,datasets/dataset_cropped/10_Metas/07/17/20191007170500_00160.jpg,datasets_flow/dataset_cropped/10_Metas/07/17/20191007170500_00160.jpg,datasets_cloudmask/dataset_cropped/10_Metas/07/17/20191007170500_00160.png,216.1,252.8,134.2,29,960
10/7/2019 17:06,datasets/dataset_cropped/10_Metas/07/17/20191007170600_00160.jpg,datasets_flow/dataset_cropped/10_Metas/07/17/20191007170600_00160.jpg,datasets_cloudmask/dataset_cropped/10_Metas/07/17/20191007170600_00160.png,202.7,215.3,133.4,28.9,960
10/7/2019 17:07,datasets/dataset_cropped/10_Metas/07/17/20191007170700_00160.jpg,datasets_flow/dataset_cropped/10_Metas/07/17/20191007170700_00160.jpg,datasets_cloudmask/dataset_cropped/10_Metas/07/17/20191007170700_00160.png,167.2,108.9,132.1,28.8,960
10/7/2019 17:08,datasets/dataset_cropped/10_Metas/07/17/20191007170800_00160.jpg,datasets_flow/dataset_cropped/10_Metas/07/17/20191007170800_00160.jpg,datasets_cloudmask/dataset_cropped/10_Metas/07/17/20191007170800_00160.png,146.5,47.1,131,28.7,960
10/7/2019 17:09,datasets/dataset_cropped/10_Metas/07/17/20191007170900_00160.jpg,datasets_flow/dataset_cropped/10_Metas/07/17/20191007170900_00160.jpg,datasets_cloudmask/dataset_cropped/10_Metas/07/17/20191007170900_00160.png,146.8,49.5,130.6,28.7,960
10/7/2019 17:10,datasets/dataset_cropped/10_Metas/07/17/20191007171000_00160.jpg,datasets_flow/dataset_cropped/10_Metas/07/17/20191007171000_00160.jpg,datasets_cloudmask/dataset_cropped/10_Metas/07/17/20191007171000_00160.png,149.1,58.1,130.6,28.6,960
10/7/2019 17:11,datasets/dataset_cropped/10_Metas/07/17/20191007171100_00160.jpg,datasets_flow/dataset_cropped/10_Metas/07/17/20191007171100_00160.jpg,datasets_cloudmask/dataset_cropped/10_Metas/07/17/20191007171100_00160.png,152.6,70.6,130.6,28.6,960
10/7/2019 17:12,datasets/dataset_cropped/10_Metas/07/17/20191007171200_00160.jpg,datasets_flow/dataset_cropped/10_Metas/07/17/20191007171200_00160.jpg,datasets_cloudmask/dataset_cropped/10_Metas/07/17/20191007171200_00160.png,152.1,70,130.4,28.6,960
10/7/2019 17:13,datasets/dataset_cropped/10_Metas/07/17/20191007171300_00160.jpg,datasets_flow/dataset_cropped/10_Metas/07/17/20191007171300_00160.jpg,datasets_cloudmask/dataset_cropped/10_Metas/07/17/20191007171300_00160.png,143.6,43.3,130,28.6,960
10/7/2019 17:14,datasets/dataset_cropped/10_Metas/07/17/20191007171400_00160.jpg,datasets_flow/dataset_cropped/10_Metas/07/17/20191007171400_00160.jpg,datasets_cloudmask/dataset_cropped/10_Metas/07/17/20191007171400_00160.png,139,29.5,129.6,28.5,960
10/7/2019 17:15,datasets/dataset_cropped/10_Metas/07/17/20191007171500_00160.jpg,datasets_flow/dataset_cropped/10_Metas/07/17/20191007171500_00160.jpg,datasets_cloudmask/dataset_cropped/10_Metas/07/17/20191007171500_00160.png,139.3,32,129.4,28.4,960
10/7/2019 17:16,datasets/dataset_cropped/10_Metas/07/17/20191007171600_00160.jpg,datasets_flow/dataset_cropped/10_Metas/07/17/20191007171600_00160.jpg,datasets_cloudmask/dataset_cropped/10_Metas/07/17/20191007171600_00160.png,141.2,40.3,129.2,28.4,960
10/7/2019 17:17,datasets/dataset_cropped/10_Metas/07/17/20191007171700_00160.jpg,datasets_flow/dataset_cropped/10_Metas/07/17/20191007171700_00160.jpg,datasets_cloudmask/dataset_cropped/10_Metas/07/17/20191007171700_00160.png,144,51.9,128.9,28.3,960
10/7/2019 17:18,datasets/dataset_cropped/10_Metas/07/17/20191007171800_00160.jpg,datasets_flow/dataset_cropped/10_Metas/07/17/20191007171800_00160.jpg,datasets_cloudmask/dataset_cropped/10_Metas/07/17/20191007171800_00160.png,150.9,78.1,128.6,28.3,960
10/7/2019 17:19,datasets/dataset_cropped/10_Metas/07/17/20191007171900_00160.jpg,datasets_flow/dataset_cropped/10_Metas/07/17/20191007171900_00160.jpg,datasets_cloudmask/dataset_cropped/10_Metas/07/17/20191007171900_00160.png,156.8,101.7,128.3,28.3,960
10/7/2019 17:20,datasets/dataset_cropped/10_Metas/07/17/20191007172000_00160.jpg,datasets_flow/dataset_cropped/10_Metas/07/17/20191007172000_00160.jpg,datasets_cloudmask/dataset_cropped/10_Metas/07/17/20191007172000_00160.png,155.6,100.6,127.8,28.4,960
10/7/2019 17:21,datasets/dataset_cropped/10_Metas/07/17/20191007172100_00160.jpg,datasets_flow/dataset_cropped/10_Metas/07/17/20191007172100_00160.jpg,datasets_cloudmask/dataset_cropped/10_Metas/07/17/20191007172100_00160.png,154.5,100.1,127.3,28.4,960
10/7/2019 17:22,datasets/dataset_cropped/10_Metas/07/17/20191007172200_00160.jpg,datasets_flow/dataset_cropped/10_Metas/07/17/20191007172200_00160.jpg,datasets_cloudmask/dataset_cropped/10_Metas/07/17/20191007172200_00160.png,153.9,100.9,126.8,28.3,960
10/7/2019 17:23,datasets/dataset_cropped/10_Metas/07/17/20191007172300_00160.jpg,datasets_flow/dataset_cropped/10_Metas/07/17/20191007172300_00160.jpg,datasets_cloudmask/dataset_cropped/10_Metas/07/17/20191007172300_00160.png,157.2,116.4,126.2,28.3,960
10/7/2019 17:24,datasets/dataset_cropped/10_Metas/07/17/20191007172400_00160.jpg,datasets_flow/dataset_cropped/10_Metas/07/17/20191007172400_00160.jpg,datasets_cloudmask/dataset_cropped/10_Metas/07/17/20191007172400_00160.png,168.7,162.8,125.8,28.3,960
10/7/2019 17:25,datasets/dataset_cropped/10_Metas/07/17/20191007172500_00160.jpg,datasets_flow/dataset_cropped/10_Metas/07/17/20191007172500_00160.jpg,datasets_cloudmask/dataset_cropped/10_Metas/07/17/20191007172500_00160.png,181.6,216.3,125.4,28.3,960
10/7/2019 17:26,datasets/dataset_cropped/10_Metas/07/17/20191007172600_00160.jpg,datasets_flow/dataset_cropped/10_Metas/07/17/20191007172600_00160.jpg,datasets_cloudmask/dataset_cropped/10_Metas/07/17/20191007172600_00160.png,178.3,210.2,124.4,28.3,960
10/7/2019 17:27,datasets/dataset_cropped/10_Metas/07/17/20191007172700_00160.jpg,datasets_flow/dataset_cropped/10_Metas/07/17/20191007172700_00160.jpg,datasets_cloudmask/dataset_cropped/10_Metas/07/17/20191007172700_00160.png,170.9,189.8,122.9,28.3,960
10/7/2019 17:28,datasets/dataset_cropped/10_Metas/07/17/20191007172800_00160.jpg,datasets_flow/dataset_cropped/10_Metas/07/17/20191007172800_00160.jpg,datasets_cloudmask/dataset_cropped/10_Metas/07/17/20191007172800_00160.png,156,139.6,121.1,28.3,960
10/7/2019 17:29,datasets/dataset_cropped/10_Metas/07/17/20191007172900_00160.jpg,datasets_flow/dataset_cropped/10_Metas/07/17/20191007172900_00160.jpg,datasets_cloudmask/dataset_cropped/10_Metas/07/17/20191007172900_00160.png,145.2,105.2,119.1,28.3,960
10/7/2019 17:30,datasets/dataset_cropped/10_Metas/07/17/20191007173000_00160.jpg,datasets_flow/dataset_cropped/10_Metas/07/17/20191007173000_00160.jpg,datasets_cloudmask/dataset_cropped/10_Metas/07/17/20191007173000_00160.png,133.7,67.8,117,28.3,960
10/7/2019 17:31,datasets/dataset_cropped/10_Metas/07/17/20191007173100_00160.jpg,datasets_flow/dataset_cropped/10_Metas/07/17/20191007173100_00160.jpg,datasets_cloudmask/dataset_cropped/10_Metas/07/17/20191007173100_00160.png,127.6,50.4,115.2,28.2,960
10/7/2019 17:32,datasets/dataset_cropped/10_Metas/07/17/20191007173200_00160.jpg,datasets_flow/dataset_cropped/10_Metas/07/17/20191007173200_00160.jpg,datasets_cloudmask/dataset_cropped/10_Metas/07/17/20191007173200_00160.png,124.4,44.6,113.5,28.1,960
10/7/2019 17:33,datasets/dataset_cropped/10_Metas/07/17/20191007173300_00160.jpg,datasets_flow/dataset_cropped/10_Metas/07/17/20191007173300_00160.jpg,datasets_cloudmask/dataset_cropped/10_Metas/07/17/20191007173300_00160.png,121.4,40.7,111.6,28,960
10/7/2019 17:34,datasets/dataset_cropped/10_Metas/07/17/20191007173400_00160.jpg,datasets_flow/dataset_cropped/10_Metas/07/17/20191007173400_00160.jpg,datasets_cloudmask/dataset_cropped/10_Metas/07/17/20191007173400_00160.png,118.8,38.5,109.6,27.9,960
10/7/2019 17:35,datasets/dataset_cropped/10_Metas/07/17/20191007173500_00160.jpg,datasets_flow/dataset_cropped/10_Metas/07/17/20191007173500_00160.jpg,datasets_cloudmask/dataset_cropped/10_Metas/07/17/20191007173500_00160.png,117.6,42.4,107.7,27.9,960
10/7/2019 17:36,datasets/dataset_cropped/10_Metas/07/17/20191007173600_00160.jpg,datasets_flow/dataset_cropped/10_Metas/07/17/20191007173600_00160.jpg,datasets_cloudmask/dataset_cropped/10_Metas/07/17/20191007173600_00160.png,119.6,60.1,106,27.8,960
10/7/2019 17:37,datasets/dataset_cropped/10_Metas/07/17/20191007173700_00160.jpg,datasets_flow/dataset_cropped/10_Metas/07/17/20191007173700_00160.jpg,datasets_cloudmask/dataset_cropped/10_Metas/07/17/20191007173700_00160.png,125.4,94.4,104.4,27.7,960
10/7/2019 17:38,datasets/dataset_cropped/10_Metas/07/17/20191007173800_00160.jpg,datasets_flow/dataset_cropped/10_Metas/07/17/20191007173800_00160.jpg,datasets_cloudmask/dataset_cropped/10_Metas/07/17/20191007173800_00160.png,128.2,114.8,103,27.7,960
10/7/2019 17:39,datasets/dataset_cropped/10_Metas/07/17/20191007173900_00160.jpg,datasets_flow/dataset_cropped/10_Metas/07/17/20191007173900_00160.jpg,datasets_cloudmask/dataset_cropped/10_Metas/07/17/20191007173900_00160.png,127.3,119.7,101.5,27.6,960
10/7/2019 17:40,datasets/dataset_cropped/10_Metas/07/17/20191007174000_00160.jpg,datasets_flow/dataset_cropped/10_Metas/07/17/20191007174000_00160.jpg,datasets_cloudmask/dataset_cropped/10_Metas/07/17/20191007174000_00160.png,132.9,155.5,99.9,27.7,960
10/7/2019 17:41,datasets/dataset_cropped/10_Metas/07/17/20191007174100_00160.jpg,datasets_flow/dataset_cropped/10_Metas/07/17/20191007174100_00160.jpg,datasets_cloudmask/dataset_cropped/10_Metas/07/17/20191007174100_00160.png,127.6,140.3,98.3,27.7,960
10/7/2019 17:42,datasets/dataset_cropped/10_Metas/07/17/20191007174200_00160.jpg,datasets_flow/dataset_cropped/10_Metas/07/17/20191007174200_00160.jpg,datasets_cloudmask/dataset_cropped/10_Metas/07/17/20191007174200_00160.png,119.8,113.3,96.5,27.8,960
10/7/2019 17:43,datasets/dataset_cropped/10_Metas/07/17/20191007174300_00160.jpg,datasets_flow/dataset_cropped/10_Metas/07/17/20191007174300_00160.jpg,datasets_cloudmask/dataset_cropped/10_Metas/07/17/20191007174300_00160.png,121.3,131.7,94.8,27.8,960
10/7/2019 17:44,datasets/dataset_cropped/10_Metas/07/17/20191007174400_00160.jpg,datasets_flow/dataset_cropped/10_Metas/07/17/20191007174400_00160.jpg,datasets_cloudmask/dataset_cropped/10_Metas/07/17/20191007174400_00160.png,125.2,161.5,93.2,27.8,960
10/7/2019 17:45,datasets/dataset_cropped/10_Metas/07/17/20191007174500_00160.jpg,datasets_flow/dataset_cropped/10_Metas/07/17/20191007174500_00160.jpg,datasets_cloudmask/dataset_cropped/10_Metas/07/17/20191007174500_00160.png,127.1,181.7,91.8,27.7,960
10/7/2019 17:46,datasets/dataset_cropped/10_Metas/07/17/20191007174600_00160.jpg,datasets_flow/dataset_cropped/10_Metas/07/17/20191007174600_00160.jpg,datasets_cloudmask/dataset_cropped/10_Metas/07/17/20191007174600_00160.png,121.1,162.9,90,27.7,960
10/7/2019 17:47,datasets/dataset_cropped/10_Metas/07/17/20191007174700_00160.jpg,datasets_flow/dataset_cropped/10_Metas/07/17/20191007174700_00160.jpg,datasets_cloudmask/dataset_cropped/10_Metas/07/17/20191007174700_00160.png,121.6,176.5,88.5,27.8,960
10/7/2019 17:48,datasets/dataset_cropped/10_Metas/07/17/20191007174800_00160.jpg,datasets_flow/dataset_cropped/10_Metas/07/17/20191007174800_00160.jpg,datasets_cloudmask/dataset_cropped/10_Metas/07/17/20191007174800_00160.png,137.5,271,87.5,27.7,960
10/7/2019 17:49,datasets/dataset_cropped/10_Metas/07/17/20191007174900_00160.jpg,datasets_flow/dataset_cropped/10_Metas/07/17/20191007174900_00160.jpg,datasets_cloudmask/dataset_cropped/10_Metas/07/17/20191007174900_00160.png,153.8,367.8,87.2,27.7,960
10/7/2019 17:50,datasets/dataset_cropped/10_Metas/07/17/20191007175000_00160.jpg,datasets_flow/dataset_cropped/10_Metas/07/17/20191007175000_00160.jpg,datasets_cloudmask/dataset_cropped/10_Metas/07/17/20191007175000_00160.png,160.2,414.2,86.5,27.6,960
10/7/2019 17:51,datasets/dataset_cropped/10_Metas/07/17/20191007175100_00160.jpg,datasets_flow/dataset_cropped/10_Metas/07/17/20191007175100_00160.jpg,datasets_cloudmask/dataset_cropped/10_Metas/07/17/20191007175100_00160.png,164.2,448.9,85.7,27.6,960
10/7/2019 17:52,datasets/dataset_cropped/10_Metas/07/17/20191007175200_00160.jpg,datasets_flow/dataset_cropped/10_Metas/07/17/20191007175200_00160.jpg,datasets_cloudmask/dataset_cropped/10_Metas/07/17/20191007175200_00160.png,158.4,429.7,84.7,27.7,960
10/7/2019 17:53,datasets/dataset_cropped/10_Metas/07/17/20191007175300_00160.jpg,datasets_flow/dataset_cropped/10_Metas/07/17/20191007175300_00160.jpg,datasets_cloudmask/dataset_cropped/10_Metas/07/17/20191007175300_00160.png,156.4,434.2,83.5,27.8,960
10/7/2019 17:54,datasets/dataset_cropped/10_Metas/07/17/20191007175400_00160.jpg,datasets_flow/dataset_cropped/10_Metas/07/17/20191007175400_00160.jpg,datasets_cloudmask/dataset_cropped/10_Metas/07/17/20191007175400_00160.png,145.9,390.6,81.6,27.9,960
10/7/2019 17:55,datasets/dataset_cropped/10_Metas/07/17/20191007175500_00160.jpg,datasets_flow/dataset_cropped/10_Metas/07/17/20191007175500_00160.jpg,datasets_cloudmask/dataset_cropped/10_Metas/07/17/20191007175500_00160.png,146.8,415,80,27.9,960
10/7/2019 17:56,datasets/dataset_cropped/10_Metas/07/17/20191007175600_00160.jpg,datasets_flow/dataset_cropped/10_Metas/07/17/20191007175600_00160.jpg,datasets_cloudmask/dataset_cropped/10_Metas/07/17/20191007175600_00160.png,143.7,413,78.4,27.9,960
10/7/2019 17:57,datasets/dataset_cropped/10_Metas/07/17/20191007175700_00160.jpg,datasets_flow/dataset_cropped/10_Metas/07/17/20191007175700_00160.jpg,datasets_cloudmask/dataset_cropped/10_Metas/07/17/20191007175700_00160.png,122.7,299,76.3,28,960
10/7/2019 17:58,datasets/dataset_cropped/10_Metas/07/17/20191007175800_00160.jpg,datasets_flow/dataset_cropped/10_Metas/07/17/20191007175800_00160.jpg,datasets_cloudmask/dataset_cropped/10_Metas/07/17/20191007175800_00160.png,115.7,275.7,74.1,28,960
10/7/2019 17:59,datasets/dataset_cropped/10_Metas/07/17/20191007175900_00160.jpg,datasets_flow/dataset_cropped/10_Metas/07/17/20191007175900_00160.jpg,datasets_cloudmask/dataset_cropped/10_Metas/07/17/20191007175900_00160.png,120.6,330.6,71.8,27.9,960
10/7/2019 18:00,datasets/dataset_cropped/10_Metas/07/18/20191007180000_00160.jpg,datasets_flow/dataset_cropped/10_Metas/07/18/20191007180000_00160.jpg,datasets_cloudmask/dataset_cropped/10_Metas/07/18/20191007180000_00160.png,120.2,345.9,69.9,27.8,960
10/7/2019 18:01,datasets/dataset_cropped/10_Metas/07/18/20191007180100_00160.jpg,datasets_flow/dataset_cropped/10_Metas/07/18/20191007180100_00160.jpg,datasets_cloudmask/dataset_cropped/10_Metas/07/18/20191007180100_00160.png,94.4,191.5,67.1,27.8,960
10/7/2019 18:02,datasets/dataset_cropped/10_Metas/07/18/20191007180200_00160.jpg,datasets_flow/dataset_cropped/10_Metas/07/18/20191007180200_00160.jpg,datasets_cloudmask/dataset_cropped/10_Metas/07/18/20191007180200_00160.png,74.4,79.7,63.4,27.7,960
10/7/2019 18:03,datasets/dataset_cropped/10_Metas/07/18/20191007180300_00160.jpg,datasets_flow/dataset_cropped/10_Metas/07/18/20191007180300_00160.jpg,datasets_cloudmask/dataset_cropped/10_Metas/07/18/20191007180300_00160.png,68.2,61.9,59.8,27.6,960
10/7/2019 18:04,datasets/dataset_cropped/10_Metas/07/18/20191007180400_00160.jpg,datasets_flow/dataset_cropped/10_Metas/07/18/20191007180400_00160.jpg,datasets_cloudmask/dataset_cropped/10_Metas/07/18/20191007180400_00160.png,62.9,45.9,56.7,27.4,960
10/7/2019 18:05,datasets/dataset_cropped/10_Metas/07/18/20191007180500_00160.jpg,datasets_flow/dataset_cropped/10_Metas/07/18/20191007180500_00160.jpg,datasets_cloudmask/dataset_cropped/10_Metas/07/18/20191007180500_00160.png,58.6,34.3,54,27.4,960
10/7/2019 18:06,datasets/dataset_cropped/10_Metas/07/18/20191007180600_00160.jpg,datasets_flow/dataset_cropped/10_Metas/07/18/20191007180600_00160.jpg,datasets_cloudmask/dataset_cropped/10_Metas/07/18/20191007180600_00160.png,56.3,35.8,51.6,27.2,960
10/7/2019 18:07,datasets/dataset_cropped/10_Metas/07/18/20191007180700_00160.jpg,datasets_flow/dataset_cropped/10_Metas/07/18/20191007180700_00160.jpg,datasets_cloudmask/dataset_cropped/10_Metas/07/18/20191007180700_00160.png,57.1,59.1,49.7,27.2,960
10/7/2019 18:08,datasets/dataset_cropped/10_Metas/07/18/20191007180800_00160.jpg,datasets_flow/dataset_cropped/10_Metas/07/18/20191007180800_00160.jpg,datasets_cloudmask/dataset_cropped/10_Metas/07/18/20191007180800_00160.png,55.5,61.9,47.9,27.1,960
10/7/2019 18:09,datasets/dataset_cropped/10_Metas/07/18/20191007180900_00160.jpg,datasets_flow/dataset_cropped/10_Metas/07/18/20191007180900_00160.jpg,datasets_cloudmask/dataset_cropped/10_Metas/07/18/20191007180900_00160.png,52.7,55,46.1,27.1,960
10/7/2019 18:10,datasets/dataset_cropped/10_Metas/07/18/20191007181000_00160.jpg,datasets_flow/dataset_cropped/10_Metas/07/18/20191007181000_00160.jpg,datasets_cloudmask/dataset_cropped/10_Metas/07/18/20191007181000_00160.png,50.6,53.6,44.4,27,960
10/7/2019 18:11,datasets/dataset_cropped/10_Metas/07/18/20191007181100_00160.jpg,datasets_flow/dataset_cropped/10_Metas/07/18/20191007181100_00160.jpg,datasets_cloudmask/dataset_cropped/10_Metas/07/18/20191007181100_00160.png,48.8,54.2,42.6,27,960
10/7/2019 18:12,datasets/dataset_cropped/10_Metas/07/18/20191007181200_00160.jpg,datasets_flow/dataset_cropped/10_Metas/07/18/20191007181200_00160.jpg,datasets_cloudmask/dataset_cropped/10_Metas/07/18/20191007181200_00160.png,47.6,62,41,27,960
10/7/2019 18:13,datasets/dataset_cropped/10_Metas/07/18/20191007181300_00160.jpg,datasets_flow/dataset_cropped/10_Metas/07/18/20191007181300_00160.jpg,datasets_cloudmask/dataset_cropped/10_Metas/07/18/20191007181300_00160.png,52.2,124.9,39.5,26.9,960
10/7/2019 18:14,datasets/dataset_cropped/10_Metas/07/18/20191007181400_00160.jpg,datasets_flow/dataset_cropped/10_Metas/07/18/20191007181400_00160.jpg,datasets_cloudmask/dataset_cropped/10_Metas/07/18/20191007181400_00160.png,55.6,176.1,38.2,26.9,960
10/7/2019 18:15,datasets/dataset_cropped/10_Metas/07/18/20191007181500_00160.jpg,datasets_flow/dataset_cropped/10_Metas/07/18/20191007181500_00160.jpg,datasets_cloudmask/dataset_cropped/10_Metas/07/18/20191007181500_00160.png,54.8,187.3,37,26.9,960
10/7/2019 18:16,datasets/dataset_cropped/10_Metas/07/18/20191007181600_00160.jpg,datasets_flow/dataset_cropped/10_Metas/07/18/20191007181600_00160.jpg,datasets_cloudmask/dataset_cropped/10_Metas/07/18/20191007181600_00160.png,59.5,255.7,36.1,26.9,960
10/7/2019 18:17,datasets/dataset_cropped/10_Metas/07/18/20191007181700_00160.jpg,datasets_flow/dataset_cropped/10_Metas/07/18/20191007181700_00160.jpg,datasets_cloudmask/dataset_cropped/10_Metas/07/18/20191007181700_00160.png,58.2,260.2,35.1,27,960
10/7/2019 18:18,datasets/dataset_cropped/10_Metas/07/18/20191007181800_00160.jpg,datasets_flow/dataset_cropped/10_Metas/07/18/20191007181800_00160.jpg,datasets_cloudmask/dataset_cropped/10_Metas/07/18/20191007181800_00160.png,47.8,164.4,33.5,27.1,960
10/7/2019 18:19,datasets/dataset_cropped/10_Metas/07/18/20191007181900_00160.jpg,datasets_flow/dataset_cropped/10_Metas/07/18/20191007181900_00160.jpg,datasets_cloudmask/dataset_cropped/10_Metas/07/18/20191007181900_00160.png,37.9,76.2,31.3,27.1,960
10/7/2019 18:20,datasets/dataset_cropped/10_Metas/07/18/20191007182000_00160.jpg,datasets_flow/dataset_cropped/10_Metas/07/18/20191007182000_00160.jpg,datasets_cloudmask/dataset_cropped/10_Metas/07/18/20191007182000_00160.png,32.2,37.1,29,27,960
10/7/2019 18:21,datasets/dataset_cropped/10_Metas/07/18/20191007182100_00160.jpg,datasets_flow/dataset_cropped/10_Metas/07/18/20191007182100_00160.jpg,datasets_cloudmask/dataset_cropped/10_Metas/07/18/20191007182100_00160.png,30.2,41.8,26.9,26.9,960
10/7/2019 18:22,datasets/dataset_cropped/10_Metas/07/18/20191007182200_00160.jpg,datasets_flow/dataset_cropped/10_Metas/07/18/20191007182200_00160.jpg,datasets_cloudmask/dataset_cropped/10_Metas/07/18/20191007182200_00160.png,30.9,79.1,25.2,26.9,960
10/7/2019 18:23,datasets/dataset_cropped/10_Metas/07/18/20191007182300_00160.jpg,datasets_flow/dataset_cropped/10_Metas/07/18/20191007182300_00160.jpg,datasets_cloudmask/dataset_cropped/10_Metas/07/18/20191007182300_00160.png,33,133.9,23.9,26.8,960
10/7/2019 18:24,datasets/dataset_cropped/10_Metas/07/18/20191007182400_00160.jpg,datasets_flow/dataset_cropped/10_Metas/07/18/20191007182400_00160.jpg,datasets_cloudmask/dataset_cropped/10_Metas/07/18/20191007182400_00160.png,34.2,174.2,22.9,26.8,960
10/7/2019 18:25,datasets/dataset_cropped/10_Metas/07/18/20191007182500_00160.jpg,datasets_flow/dataset_cropped/10_Metas/07/18/20191007182500_00160.jpg,datasets_cloudmask/dataset_cropped/10_Metas/07/18/20191007182500_00160.png,33.5,185.7,22.1,26.7,960
10/7/2019 18:26,datasets/dataset_cropped/10_Metas/07/18/20191007182600_00160.jpg,datasets_flow/dataset_cropped/10_Metas/07/18/20191007182600_00160.jpg,datasets_cloudmask/dataset_cropped/10_Metas/07/18/20191007182600_00160.png,31.3,174.5,21.1,26.7,960
10/7/2019 18:27,datasets/dataset_cropped/10_Metas/07/18/20191007182700_00160.jpg,datasets_flow/dataset_cropped/10_Metas/07/18/20191007182700_00160.jpg,datasets_cloudmask/dataset_cropped/10_Metas/07/18/20191007182700_00160.png,28.1,148.7,19.9,26.7,960
10/7/2019 18:28,datasets/dataset_cropped/10_Metas/07/18/20191007182800_00160.jpg,datasets_flow/dataset_cropped/10_Metas/07/18/20191007182800_00160.jpg,datasets_cloudmask/dataset_cropped/10_Metas/07/18/20191007182800_00160.png,26.9,158.8,18.7,26.7,960
10/7/2019 18:29,datasets/dataset_cropped/10_Metas/07/18/20191007182900_00160.jpg,datasets_flow/dataset_cropped/10_Metas/07/18/20191007182900_00160.jpg,datasets_cloudmask/dataset_cropped/10_Metas/07/18/20191007182900_00160.png,26.4,179.6,17.8,26.7,960
10/7/2019 18:30,datasets/dataset_cropped/10_Metas/07/18/20191007183000_00160.jpg,datasets_flow/dataset_cropped/10_Metas/07/18/20191007183000_00160.jpg,datasets_cloudmask/dataset_cropped/10_Metas/07/18/20191007183000_00160.png,23.7,152.9,16.7,26.6,961
10/7/2019 18:31,datasets/dataset_cropped/10_Metas/07/18/20191007183100_00160.jpg,datasets_flow/dataset_cropped/10_Metas/07/18/20191007183100_00160.jpg,datasets_cloudmask/dataset_cropped/10_Metas/07/18/20191007183100_00160.png,19.7,100,15.3,26.6,960
10/7/2019 18:32,datasets/dataset_cropped/10_Metas/07/18/20191007183200_00160.jpg,datasets_flow/dataset_cropped/10_Metas/07/18/20191007183200_00160.jpg,datasets_cloudmask/dataset_cropped/10_Metas/07/18/20191007183200_00160.png,15.9,51.6,13.6,26.5,961
10/7/2019 18:33,datasets/dataset_cropped/10_Metas/07/18/20191007183300_00160.jpg,datasets_flow/dataset_cropped/10_Metas/07/18/20191007183300_00160.jpg,datasets_cloudmask/dataset_cropped/10_Metas/07/18/20191007183300_00160.png,13.6,38.1,12,26.5,961
10/7/2019 18:34,datasets/dataset_cropped/10_Metas/07/18/20191007183400_00160.jpg,datasets_flow/dataset_cropped/10_Metas/07/18/20191007183400_00160.jpg,datasets_cloudmask/dataset_cropped/10_Metas/07/18/20191007183400_00160.png,11.8,26.9,10.7,26.4,960
10/7/2019 18:35,datasets/dataset_cropped/10_Metas/07/18/20191007183500_00160.jpg,datasets_flow/dataset_cropped/10_Metas/07/18/20191007183500_00160.jpg,datasets_cloudmask/dataset_cropped/10_Metas/07/18/20191007183500_00160.png,10.2,12.3,9.5,26.3,960
10/7/2019 18:36,datasets/dataset_cropped/10_Metas/07/18/20191007183600_00160.jpg,datasets_flow/dataset_cropped/10_Metas/07/18/20191007183600_00160.jpg,datasets_cloudmask/dataset_cropped/10_Metas/07/18/20191007183600_00160.png,8.8,4.4,8.4,26.2,960
10/7/2019 18:37,datasets/dataset_cropped/10_Metas/07/18/20191007183700_00160.jpg,datasets_flow/dataset_cropped/10_Metas/07/18/20191007183700_00160.jpg,datasets_cloudmask/dataset_cropped/10_Metas/07/18/20191007183700_00160.png,7.6,2.4,7.2,26.1,961
10/7/2019 18:38,datasets/dataset_cropped/10_Metas/07/18/20191007183800_00160.jpg,datasets_flow/dataset_cropped/10_Metas/07/18/20191007183800_00160.jpg,datasets_cloudmask/dataset_cropped/10_Metas/07/18/20191007183800_00160.png,6.5,1.1,6.2,26.1,961
10/7/2019 18:39,datasets/dataset_cropped/10_Metas/07/18/20191007183900_00160.jpg,datasets_flow/dataset_cropped/10_Metas/07/18/20191007183900_00160.jpg,datasets_cloudmask/dataset_cropped/10_Metas/07/18/20191007183900_00160.png,5.6,0.4,5.3,26.1,961
10/7/2019 18:40,datasets/dataset_cropped/10_Metas/07/18/20191007184000_00160.jpg,datasets_flow/dataset_cropped/10_Metas/07/18/20191007184000_00160.jpg,datasets_cloudmask/dataset_cropped/10_Metas/07/18/20191007184000_00160.png,4.8,0,4.6,26,961
10/7/2019 18:41,datasets/dataset_cropped/10_Metas/07/18/20191007184100_00160.jpg,datasets_flow/dataset_cropped/10_Metas/07/18/20191007184100_00160.jpg,datasets_cloudmask/dataset_cropped/10_Metas/07/18/20191007184100_00160.png,3.9,0,3.7,25.9,961
10/7/2019 18:42,datasets/dataset_cropped/10_Metas/07/18/20191007184200_00160.jpg,datasets_flow/dataset_cropped/10_Metas/07/18/20191007184200_00160.jpg,datasets_cloudmask/dataset_cropped/10_Metas/07/18/20191007184200_00160.png,3,0,2.8,25.9,961
10/8/2019 7:12,datasets/dataset_cropped/10_Metas/08/07/20191008071200_00160.jpg,datasets_flow/dataset_cropped/10_Metas/08/07/20191008071200_00160.jpg,datasets_cloudmask/dataset_cropped/10_Metas/08/07/20191008071200_00160.png,2.9,0,2.9,16.9,964
10/8/2019 7:13,datasets/dataset_cropped/10_Metas/08/07/20191008071300_00160.jpg,datasets_flow/dataset_cropped/10_Metas/08/07/20191008071300_00160.jpg,datasets_cloudmask/dataset_cropped/10_Metas/08/07/20191008071300_00160.png,3.3,0,3.3,16.9,964
10/8/2019 7:14,datasets/dataset_cropped/10_Metas/08/07/20191008071400_00160.jpg,datasets_flow/dataset_cropped/10_Metas/08/07/20191008071400_00160.jpg,datasets_cloudmask/dataset_cropped/10_Metas/08/07/20191008071400_00160.png,3.7,0,3.7,16.9,964
10/8/2019 7:15,datasets/dataset_cropped/10_Metas/08/07/20191008071500_00160.jpg,datasets_flow/dataset_cropped/10_Metas/08/07/20191008071500_00160.jpg,datasets_cloudmask/dataset_cropped/10_Metas/08/07/20191008071500_00160.png,4.2,0,4.2,16.9,964
10/8/2019 7:16,datasets/dataset_cropped/10_Metas/08/07/20191008071600_00160.jpg,datasets_flow/dataset_cropped/10_Metas/08/07/20191008071600_00160.jpg,datasets_cloudmask/dataset_cropped/10_Metas/08/07/20191008071600_00160.png,4.6,0,4.6,16.9,964
10/8/2019 7:17,datasets/dataset_cropped/10_Metas/08/07/20191008071700_00160.jpg,datasets_flow/dataset_cropped/10_Metas/08/07/20191008071700_00160.jpg,datasets_cloudmask/dataset_cropped/10_Metas/08/07/20191008071700_00160.png,5.1,0,5,16.9,964
10/8/2019 7:18,datasets/dataset_cropped/10_Metas/08/07/20191008071800_00160.jpg,datasets_flow/dataset_cropped/10_Metas/08/07/20191008071800_00160.jpg,datasets_cloudmask/dataset_cropped/10_Metas/08/07/20191008071800_00160.png,5.6,0,5.6,16.9,964
10/8/2019 7:19,datasets/dataset_cropped/10_Metas/08/07/20191008071900_00160.jpg,datasets_flow/dataset_cropped/10_Metas/08/07/20191008071900_00160.jpg,datasets_cloudmask/dataset_cropped/10_Metas/08/07/20191008071900_00160.png,6.4,0,6.3,17,964
10/8/2019 7:20,datasets/dataset_cropped/10_Metas/08/07/20191008072000_00160.jpg,datasets_flow/dataset_cropped/10_Metas/08/07/20191008072000_00160.jpg,datasets_cloudmask/dataset_cropped/10_Metas/08/07/20191008072000_00160.png,7.1,0,7,17,964
10/8/2019 7:21,datasets/dataset_cropped/10_Metas/08/07/20191008072100_00160.jpg,datasets_flow/dataset_cropped/10_Metas/08/07/20191008072100_00160.jpg,datasets_cloudmask/dataset_cropped/10_Metas/08/07/20191008072100_00160.png,7.7,0,7.7,17,964
10/8/2019 7:22,datasets/dataset_cropped/10_Metas/08/07/20191008072200_00160.jpg,datasets_flow/dataset_cropped/10_Metas/08/07/20191008072200_00160.jpg,datasets_cloudmask/dataset_cropped/10_Metas/08/07/20191008072200_00160.png,8.4,0,8.4,17,964
10/8/2019 7:23,datasets/dataset_cropped/10_Metas/08/07/20191008072300_00160.jpg,datasets_flow/dataset_cropped/10_Metas/08/07/20191008072300_00160.jpg,datasets_cloudmask/dataset_cropped/10_Metas/08/07/20191008072300_00160.png,9.2,0,9.2,17,964
10/8/2019 7:24,datasets/dataset_cropped/10_Metas/08/07/20191008072400_00160.jpg,datasets_flow/dataset_cropped/10_Metas/08/07/20191008072400_00160.jpg,datasets_cloudmask/dataset_cropped/10_Metas/08/07/20191008072400_00160.png,10.3,0,10.3,17,964
10/8/2019 7:25,datasets/dataset_cropped/10_Metas/08/07/20191008072500_00160.jpg,datasets_flow/dataset_cropped/10_Metas/08/07/20191008072500_00160.jpg,datasets_cloudmask/dataset_cropped/10_Metas/08/07/20191008072500_00160.png,11.3,0,11.4,17,964
10/8/2019 7:26,datasets/dataset_cropped/10_Metas/08/07/20191008072600_00160.jpg,datasets_flow/dataset_cropped/10_Metas/08/07/20191008072600_00160.jpg,datasets_cloudmask/dataset_cropped/10_Metas/08/07/20191008072600_00160.png,12.4,0,12.4,17,964
10/8/2019 7:27,datasets/dataset_cropped/10_Metas/08/07/20191008072700_00160.jpg,datasets_flow/dataset_cropped/10_Metas/08/07/20191008072700_00160.jpg,datasets_cloudmask/dataset_cropped/10_Metas/08/07/20191008072700_00160.png,13.8,0,13.8,17,964
10/8/2019 7:28,datasets/dataset_cropped/10_Metas/08/07/20191008072800_00160.jpg,datasets_flow/dataset_cropped/10_Metas/08/07/20191008072800_00160.jpg,datasets_cloudmask/dataset_cropped/10_Metas/08/07/20191008072800_00160.png,15.5,0,15.5,17.1,964
10/8/2019 7:29,datasets/dataset_cropped/10_Metas/08/07/20191008072900_00160.jpg,datasets_flow/dataset_cropped/10_Metas/08/07/20191008072900_00160.jpg,datasets_cloudmask/dataset_cropped/10_Metas/08/07/20191008072900_00160.png,16.8,0,16.7,17.1,964
10/8/2019 7:30,datasets/dataset_cropped/10_Metas/08/07/20191008073000_00160.jpg,datasets_flow/dataset_cropped/10_Metas/08/07/20191008073000_00160.jpg,datasets_cloudmask/dataset_cropped/10_Metas/08/07/20191008073000_00160.png,17.3,0,17.3,17.1,964
10/8/2019 7:31,datasets/dataset_cropped/10_Metas/08/07/20191008073100_00160.jpg,datasets_flow/dataset_cropped/10_Metas/08/07/20191008073100_00160.jpg,datasets_cloudmask/dataset_cropped/10_Metas/08/07/20191008073100_00160.png,18.3,0,18.4,17.2,964
10/8/2019 7:32,datasets/dataset_cropped/10_Metas/08/07/20191008073200_00160.jpg,datasets_flow/dataset_cropped/10_Metas/08/07/20191008073200_00160.jpg,datasets_cloudmask/dataset_cropped/10_Metas/08/07/20191008073200_00160.png,18.9,0,18.9,17.2,964
10/8/2019 7:33,datasets/dataset_cropped/10_Metas/08/07/20191008073300_00160.jpg,datasets_flow/dataset_cropped/10_Metas/08/07/20191008073300_00160.jpg,datasets_cloudmask/dataset_cropped/10_Metas/08/07/20191008073300_00160.png,19.4,0.1,19.5,17.2,964
10/8/2019 7:34,datasets/dataset_cropped/10_Metas/08/07/20191008073400_00160.jpg,datasets_flow/dataset_cropped/10_Metas/08/07/20191008073400_00160.jpg,datasets_cloudmask/dataset_cropped/10_Metas/08/07/20191008073400_00160.png,20.3,0.1,20.3,17.2,964
10/8/2019 7:35,datasets/dataset_cropped/10_Metas/08/07/20191008073500_00160.jpg,datasets_flow/dataset_cropped/10_Metas/08/07/20191008073500_00160.jpg,datasets_cloudmask/dataset_cropped/10_Metas/08/07/20191008073500_00160.png,20.6,0.2,20.7,17.3,964
10/8/2019 7:36,datasets/dataset_cropped/10_Metas/08/07/20191008073600_00160.jpg,datasets_flow/dataset_cropped/10_Metas/08/07/20191008073600_00160.jpg,datasets_cloudmask/dataset_cropped/10_Metas/08/07/20191008073600_00160.png,20.9,0.2,21,17.3,964
10/8/2019 7:37,datasets/dataset_cropped/10_Metas/08/07/20191008073700_00160.jpg,datasets_flow/dataset_cropped/10_Metas/08/07/20191008073700_00160.jpg,datasets_cloudmask/dataset_cropped/10_Metas/08/07/20191008073700_00160.png,21.3,0.3,21.4,17.3,964
10/8/2019 7:38,datasets/dataset_cropped/10_Metas/08/07/20191008073800_00160.jpg,datasets_flow/dataset_cropped/10_Metas/08/07/20191008073800_00160.jpg,datasets_cloudmask/dataset_cropped/10_Metas/08/07/20191008073800_00160.png,23.6,0.3,23.8,17.3,964
10/8/2019 7:39,datasets/dataset_cropped/10_Metas/08/07/20191008073900_00160.jpg,datasets_flow/dataset_cropped/10_Metas/08/07/20191008073900_00160.jpg,datasets_cloudmask/dataset_cropped/10_Metas/08/07/20191008073900_00160.png,25.2,0.3,25.4,17.4,964
10/8/2019 7:40,datasets/dataset_cropped/10_Metas/08/07/20191008074000_00160.jpg,datasets_flow/dataset_cropped/10_Metas/08/07/20191008074000_00160.jpg,datasets_cloudmask/dataset_cropped/10_Metas/08/07/20191008074000_00160.png,27.1,0.2,27.3,17.4,964
10/8/2019 7:41,datasets/dataset_cropped/10_Metas/08/07/20191008074100_00160.jpg,datasets_flow/dataset_cropped/10_Metas/08/07/20191008074100_00160.jpg,datasets_cloudmask/dataset_cropped/10_Metas/08/07/20191008074100_00160.png,29.4,0.3,29.5,17.4,964
10/8/2019 7:42,datasets/dataset_cropped/10_Metas/08/07/20191008074200_00160.jpg,datasets_flow/dataset_cropped/10_Metas/08/07/20191008074200_00160.jpg,datasets_cloudmask/dataset_cropped/10_Metas/08/07/20191008074200_00160.png,30.5,0.2,30.6,17.4,964
10/8/2019 7:43,datasets/dataset_cropped/10_Metas/08/07/20191008074300_00160.jpg,datasets_flow/dataset_cropped/10_Metas/08/07/20191008074300_00160.jpg,datasets_cloudmask/dataset_cropped/10_Metas/08/07/20191008074300_00160.png,28.8,0.1,28.9,17.4,964
10/8/2019 7:44,datasets/dataset_cropped/10_Metas/08/07/20191008074400_00160.jpg,datasets_flow/dataset_cropped/10_Metas/08/07/20191008074400_00160.jpg,datasets_cloudmask/dataset_cropped/10_Metas/08/07/20191008074400_00160.png,26.5,0.1,26.5,17.4,964
10/8/2019 7:45,datasets/dataset_cropped/10_Metas/08/07/20191008074500_00160.jpg,datasets_flow/dataset_cropped/10_Metas/08/07/20191008074500_00160.jpg,datasets_cloudmask/dataset_cropped/10_Metas/08/07/20191008074500_00160.png,27.6,0,27.7,17.4,964
10/8/2019 7:46,datasets/dataset_cropped/10_Metas/08/07/20191008074600_00160.jpg,datasets_flow/dataset_cropped/10_Metas/08/07/20191008074600_00160.jpg,datasets_cloudmask/dataset_cropped/10_Metas/08/07/20191008074600_00160.png,31.1,0,31.1,17.5,964
10/8/2019 7:47,datasets/dataset_cropped/10_Metas/08/07/20191008074700_00160.jpg,datasets_flow/dataset_cropped/10_Metas/08/07/20191008074700_00160.jpg,datasets_cloudmask/dataset_cropped/10_Metas/08/07/20191008074700_00160.png,34.7,0,34.8,17.5,964
10/8/2019 7:48,datasets/dataset_cropped/10_Metas/08/07/20191008074800_00160.jpg,datasets_flow/dataset_cropped/10_Metas/08/07/20191008074800_00160.jpg,datasets_cloudmask/dataset_cropped/10_Metas/08/07/20191008074800_00160.png,35.9,0,36,17.5,964
10/8/2019 7:49,datasets/dataset_cropped/10_Metas/08/07/20191008074900_00160.jpg,datasets_flow/dataset_cropped/10_Metas/08/07/20191008074900_00160.jpg,datasets_cloudmask/dataset_cropped/10_Metas/08/07/20191008074900_00160.png,36.2,0,36.3,17.5,964
10/8/2019 7:50,datasets/dataset_cropped/10_Metas/08/07/20191008075000_00160.jpg,datasets_flow/dataset_cropped/10_Metas/08/07/20191008075000_00160.jpg,datasets_cloudmask/dataset_cropped/10_Metas/08/07/20191008075000_00160.png,37.2,0.1,37.4,17.5,964
10/8/2019 7:51,datasets/dataset_cropped/10_Metas/08/07/20191008075100_00160.jpg,datasets_flow/dataset_cropped/10_Metas/08/07/20191008075100_00160.jpg,datasets_cloudmask/dataset_cropped/10_Metas/08/07/20191008075100_00160.png,38.7,0.1,38.9,17.5,964
10/8/2019 7:52,datasets/dataset_cropped/10_Metas/08/07/20191008075200_00160.jpg,datasets_flow/dataset_cropped/10_Metas/08/07/20191008075200_00160.jpg,datasets_cloudmask/dataset_cropped/10_Metas/08/07/20191008075200_00160.png,40.1,0.1,40.2,17.5,964
10/8/2019 7:53,datasets/dataset_cropped/10_Metas/08/07/20191008075300_00160.jpg,datasets_flow/dataset_cropped/10_Metas/08/07/20191008075300_00160.jpg,datasets_cloudmask/dataset_cropped/10_Metas/08/07/20191008075300_00160.png,40.9,0.2,41.1,17.5,964
10/8/2019 7:54,datasets/dataset_cropped/10_Metas/08/07/20191008075400_00160.jpg,datasets_flow/dataset_cropped/10_Metas/08/07/20191008075400_00160.jpg,datasets_cloudmask/dataset_cropped/10_Metas/08/07/20191008075400_00160.png,41.1,0.2,41.3,17.5,964
10/8/2019 7:55,datasets/dataset_cropped/10_Metas/08/07/20191008075500_00160.jpg,datasets_flow/dataset_cropped/10_Metas/08/07/20191008075500_00160.jpg,datasets_cloudmask/dataset_cropped/10_Metas/08/07/20191008075500_00160.png,41.6,0.3,41.8,17.6,964
10/8/2019 7:56,datasets/dataset_cropped/10_Metas/08/07/20191008075600_00160.jpg,datasets_flow/dataset_cropped/10_Metas/08/07/20191008075600_00160.jpg,datasets_cloudmask/dataset_cropped/10_Metas/08/07/20191008075600_00160.png,42.8,0.3,43,17.6,964
10/8/2019 7:57,datasets/dataset_cropped/10_Metas/08/07/20191008075700_00160.jpg,datasets_flow/dataset_cropped/10_Metas/08/07/20191008075700_00160.jpg,datasets_cloudmask/dataset_cropped/10_Metas/08/07/20191008075700_00160.png,45.3,0.4,45.5,17.6,964
10/8/2019 7:58,datasets/dataset_cropped/10_Metas/08/07/20191008075800_00160.jpg,datasets_flow/dataset_cropped/10_Metas/08/07/20191008075800_00160.jpg,datasets_cloudmask/dataset_cropped/10_Metas/08/07/20191008075800_00160.png,49.3,0.4,49.5,17.6,964
10/8/2019 7:59,datasets/dataset_cropped/10_Metas/08/07/20191008075900_00160.jpg,datasets_flow/dataset_cropped/10_Metas/08/07/20191008075900_00160.jpg,datasets_cloudmask/dataset_cropped/10_Metas/08/07/20191008075900_00160.png,52.6,0.4,52.8,17.7,964
10/8/2019 8:00,datasets/dataset_cropped/10_Metas/08/08/20191008080000_00160.jpg,datasets_flow/dataset_cropped/10_Metas/08/08/20191008080000_00160.jpg,datasets_cloudmask/dataset_cropped/10_Metas/08/08/20191008080000_00160.png,55.3,0.5,55.5,17.7,964
10/8/2019 8:01,datasets/dataset_cropped/10_Metas/08/08/20191008080100_00160.jpg,datasets_flow/dataset_cropped/10_Metas/08/08/20191008080100_00160.jpg,datasets_cloudmask/dataset_cropped/10_Metas/08/08/20191008080100_00160.png,57.2,0.5,57.4,17.7,964
10/8/2019 8:02,datasets/dataset_cropped/10_Metas/08/08/20191008080200_00160.jpg,datasets_flow/dataset_cropped/10_Metas/08/08/20191008080200_00160.jpg,datasets_cloudmask/dataset_cropped/10_Metas/08/08/20191008080200_00160.png,58.8,0.4,59,17.8,964
10/8/2019 8:03,datasets/dataset_cropped/10_Metas/08/08/20191008080300_00160.jpg,datasets_flow/dataset_cropped/10_Metas/08/08/20191008080300_00160.jpg,datasets_cloudmask/dataset_cropped/10_Metas/08/08/20191008080300_00160.png,60.7,0.4,61,17.8,964
10/8/2019 8:04,datasets/dataset_cropped/10_Metas/08/08/20191008080400_00160.jpg,datasets_flow/dataset_cropped/10_Metas/08/08/20191008080400_00160.jpg,datasets_cloudmask/dataset_cropped/10_Metas/08/08/20191008080400_00160.png,62.3,0.4,62.5,17.9,964
10/8/2019 8:05,datasets/dataset_cropped/10_Metas/08/08/20191008080500_00160.jpg,datasets_flow/dataset_cropped/10_Metas/08/08/20191008080500_00160.jpg,datasets_cloudmask/dataset_cropped/10_Metas/08/08/20191008080500_00160.png,61.7,0.3,61.9,17.9,964
10/8/2019 8:06,datasets/dataset_cropped/10_Metas/08/08/20191008080600_00160.jpg,datasets_flow/dataset_cropped/10_Metas/08/08/20191008080600_00160.jpg,datasets_cloudmask/dataset_cropped/10_Metas/08/08/20191008080600_00160.png,60.4,0.3,60.6,18,964
10/8/2019 8:07,datasets/dataset_cropped/10_Metas/08/08/20191008080700_00160.jpg,datasets_flow/dataset_cropped/10_Metas/08/08/20191008080700_00160.jpg,datasets_cloudmask/dataset_cropped/10_Metas/08/08/20191008080700_00160.png,60.7,0.2,60.9,18,964
10/8/2019 8:08,datasets/dataset_cropped/10_Metas/08/08/20191008080800_00160.jpg,datasets_flow/dataset_cropped/10_Metas/08/08/20191008080800_00160.jpg,datasets_cloudmask/dataset_cropped/10_Metas/08/08/20191008080800_00160.png,61.4,0.2,61.5,18,964
10/8/2019 8:09,datasets/dataset_cropped/10_Metas/08/08/20191008080900_00160.jpg,datasets_flow/dataset_cropped/10_Metas/08/08/20191008080900_00160.jpg,datasets_cloudmask/dataset_cropped/10_Metas/08/08/20191008080900_00160.png,62.8,0.3,63,18,964
10/8/2019 8:10,datasets/dataset_cropped/10_Metas/08/08/20191008081000_00160.jpg,datasets_flow/dataset_cropped/10_Metas/08/08/20191008081000_00160.jpg,datasets_cloudmask/dataset_cropped/10_Metas/08/08/20191008081000_00160.png,65.3,0.3,65.5,18,964
10/8/2019 8:11,datasets/dataset_cropped/10_Metas/08/08/20191008081100_00160.jpg,datasets_flow/dataset_cropped/10_Metas/08/08/20191008081100_00160.jpg,datasets_cloudmask/dataset_cropped/10_Metas/08/08/20191008081100_00160.png,67.4,0.3,67.7,18.1,964
10/8/2019 8:12,datasets/dataset_cropped/10_Metas/08/08/20191008081200_00160.jpg,datasets_flow/dataset_cropped/10_Metas/08/08/20191008081200_00160.jpg,datasets_cloudmask/dataset_cropped/10_Metas/08/08/20191008081200_00160.png,67.8,0.4,68,18.1,964
10/8/2019 8:13,datasets/dataset_cropped/10_Metas/08/08/20191008081300_00160.jpg,datasets_flow/dataset_cropped/10_Metas/08/08/20191008081300_00160.jpg,datasets_cloudmask/dataset_cropped/10_Metas/08/08/20191008081300_00160.png,67.4,0.4,67.6,18.1,964
10/8/2019 8:14,datasets/dataset_cropped/10_Metas/08/08/20191008081400_00160.jpg,datasets_flow/dataset_cropped/10_Metas/08/08/20191008081400_00160.jpg,datasets_cloudmask/dataset_cropped/10_Metas/08/08/20191008081400_00160.png,68.5,0.4,68.8,18.1,964
10/8/2019 8:15,datasets/dataset_cropped/10_Metas/08/08/20191008081500_00160.jpg,datasets_flow/dataset_cropped/10_Metas/08/08/20191008081500_00160.jpg,datasets_cloudmask/dataset_cropped/10_Metas/08/08/20191008081500_00160.png,70.1,0.4,70.3,18.1,964
10/8/2019 8:16,datasets/dataset_cropped/10_Metas/08/08/20191008081600_00160.jpg,datasets_flow/dataset_cropped/10_Metas/08/08/20191008081600_00160.jpg,datasets_cloudmask/dataset_cropped/10_Metas/08/08/20191008081600_00160.png,67.5,0.4,67.8,18.1,964
10/8/2019 8:17,datasets/dataset_cropped/10_Metas/08/08/20191008081700_00160.jpg,datasets_flow/dataset_cropped/10_Metas/08/08/20191008081700_00160.jpg,datasets_cloudmask/dataset_cropped/10_Metas/08/08/20191008081700_00160.png,62.6,0.4,62.8,18.1,964
10/8/2019 8:18,datasets/dataset_cropped/10_Metas/08/08/20191008081800_00160.jpg,datasets_flow/dataset_cropped/10_Metas/08/08/20191008081800_00160.jpg,datasets_cloudmask/dataset_cropped/10_Metas/08/08/20191008081800_00160.png,60,0.4,60.2,18,964
10/8/2019 8:19,datasets/dataset_cropped/10_Metas/08/08/20191008081900_00160.jpg,datasets_flow/dataset_cropped/10_Metas/08/08/20191008081900_00160.jpg,datasets_cloudmask/dataset_cropped/10_Metas/08/08/20191008081900_00160.png,60.2,0.3,60.5,18,964
10/8/2019 8:20,datasets/dataset_cropped/10_Metas/08/08/20191008082000_00160.jpg,datasets_flow/dataset_cropped/10_Metas/08/08/20191008082000_00160.jpg,datasets_cloudmask/dataset_cropped/10_Metas/08/08/20191008082000_00160.png,63.4,0.3,63.6,18,964
10/8/2019 8:21,datasets/dataset_cropped/10_Metas/08/08/20191008082100_00160.jpg,datasets_flow/dataset_cropped/10_Metas/08/08/20191008082100_00160.jpg,datasets_cloudmask/dataset_cropped/10_Metas/08/08/20191008082100_00160.png,67.5,0.3,67.8,18.1,964
10/8/2019 8:22,datasets/dataset_cropped/10_Metas/08/08/20191008082200_00160.jpg,datasets_flow/dataset_cropped/10_Metas/08/08/20191008082200_00160.jpg,datasets_cloudmask/dataset_cropped/10_Metas/08/08/20191008082200_00160.png,70.1,0.3,70.4,18.1,964
10/8/2019 8:23,datasets/dataset_cropped/10_Metas/08/08/20191008082300_00160.jpg,datasets_flow/dataset_cropped/10_Metas/08/08/20191008082300_00160.jpg,datasets_cloudmask/dataset_cropped/10_Metas/08/08/20191008082300_00160.png,70.6,0.3,70.9,18.1,964
10/8/2019 8:24,datasets/dataset_cropped/10_Metas/08/08/20191008082400_00160.jpg,datasets_flow/dataset_cropped/10_Metas/08/08/20191008082400_00160.jpg,datasets_cloudmask/dataset_cropped/10_Metas/08/08/20191008082400_00160.png,71.8,0.4,72.1,18.1,964
10/8/2019 8:25,datasets/dataset_cropped/10_Metas/08/08/20191008082500_00160.jpg,datasets_flow/dataset_cropped/10_Metas/08/08/20191008082500_00160.jpg,datasets_cloudmask/dataset_cropped/10_Metas/08/08/20191008082500_00160.png,74.3,0.4,74.6,18.2,964
10/8/2019 8:26,datasets/dataset_cropped/10_Metas/08/08/20191008082600_00160.jpg,datasets_flow/dataset_cropped/10_Metas/08/08/20191008082600_00160.jpg,datasets_cloudmask/dataset_cropped/10_Metas/08/08/20191008082600_00160.png,77.4,0.4,77.7,18.2,964
10/8/2019 8:27,datasets/dataset_cropped/10_Metas/08/08/20191008082700_00160.jpg,datasets_flow/dataset_cropped/10_Metas/08/08/20191008082700_00160.jpg,datasets_cloudmask/dataset_cropped/10_Metas/08/08/20191008082700_00160.png,80.4,0.5,80.7,18.2,964
10/8/2019 8:28,datasets/dataset_cropped/10_Metas/08/08/20191008082800_00160.jpg,datasets_flow/dataset_cropped/10_Metas/08/08/20191008082800_00160.jpg,datasets_cloudmask/dataset_cropped/10_Metas/08/08/20191008082800_00160.png,83.9,0.5,84.2,18.3,964
10/8/2019 8:29,datasets/dataset_cropped/10_Metas/08/08/20191008082900_00160.jpg,datasets_flow/dataset_cropped/10_Metas/08/08/20191008082900_00160.jpg,datasets_cloudmask/dataset_cropped/10_Metas/08/08/20191008082900_00160.png,89.9,0.6,90.2,18.3,964
10/8/2019 8:30,datasets/dataset_cropped/10_Metas/08/08/20191008083000_00160.jpg,datasets_flow/dataset_cropped/10_Metas/08/08/20191008083000_00160.jpg,datasets_cloudmask/dataset_cropped/10_Metas/08/08/20191008083000_00160.png,95.3,0.6,95.6,18.4,964
10/8/2019 8:31,datasets/dataset_cropped/10_Metas/08/08/20191008083100_00160.jpg,datasets_flow/dataset_cropped/10_Metas/08/08/20191008083100_00160.jpg,datasets_cloudmask/dataset_cropped/10_Metas/08/08/20191008083100_00160.png,93.5,0.7,93.9,18.4,964
10/8/2019 8:32,datasets/dataset_cropped/10_Metas/08/08/20191008083200_00160.jpg,datasets_flow/dataset_cropped/10_Metas/08/08/20191008083200_00160.jpg,datasets_cloudmask/dataset_cropped/10_Metas/08/08/20191008083200_00160.png,87.9,0.7,88.2,18.4,964
10/8/2019 8:33,datasets/dataset_cropped/10_Metas/08/08/20191008083300_00160.jpg,datasets_flow/dataset_cropped/10_Metas/08/08/20191008083300_00160.jpg,datasets_cloudmask/dataset_cropped/10_Metas/08/08/20191008083300_00160.png,86.9,0.9,87.2,18.4,964
10/8/2019 8:34,datasets/dataset_cropped/10_Metas/08/08/20191008083400_00160.jpg,datasets_flow/dataset_cropped/10_Metas/08/08/20191008083400_00160.jpg,datasets_cloudmask/dataset_cropped/10_Metas/08/08/20191008083400_00160.png,93.7,3.3,93.2,18.5,964
10/8/2019 8:35,datasets/dataset_cropped/10_Metas/08/08/20191008083500_00160.jpg,datasets_flow/dataset_cropped/10_Metas/08/08/20191008083500_00160.jpg,datasets_cloudmask/dataset_cropped/10_Metas/08/08/20191008083500_00160.png,103.2,2.1,103,18.6,964
10/8/2019 8:36,datasets/dataset_cropped/10_Metas/08/08/20191008083600_00160.jpg,datasets_flow/dataset_cropped/10_Metas/08/08/20191008083600_00160.jpg,datasets_cloudmask/dataset_cropped/10_Metas/08/08/20191008083600_00160.png,109.2,0.9,109.5,18.6,964
10/8/2019 8:37,datasets/dataset_cropped/10_Metas/08/08/20191008083700_00160.jpg,datasets_flow/dataset_cropped/10_Metas/08/08/20191008083700_00160.jpg,datasets_cloudmask/dataset_cropped/10_Metas/08/08/20191008083700_00160.png,111.5,0.9,111.8,18.7,964
10/8/2019 8:38,datasets/dataset_cropped/10_Metas/08/08/20191008083800_00160.jpg,datasets_flow/dataset_cropped/10_Metas/08/08/20191008083800_00160.jpg,datasets_cloudmask/dataset_cropped/10_Metas/08/08/20191008083800_00160.png,112.2,1,112.5,18.8,964
10/8/2019 8:39,datasets/dataset_cropped/10_Metas/08/08/20191008083900_00160.jpg,datasets_flow/dataset_cropped/10_Metas/08/08/20191008083900_00160.jpg,datasets_cloudmask/dataset_cropped/10_Metas/08/08/20191008083900_00160.png,110.9,1,111.2,18.8,964
10/8/2019 8:40,datasets/dataset_cropped/10_Metas/08/08/20191008084000_00160.jpg,datasets_flow/dataset_cropped/10_Metas/08/08/20191008084000_00160.jpg,datasets_cloudmask/dataset_cropped/10_Metas/08/08/20191008084000_00160.png,111.6,1.4,111.8,18.9,964
10/8/2019 8:41,datasets/dataset_cropped/10_Metas/08/08/20191008084100_00160.jpg,datasets_flow/dataset_cropped/10_Metas/08/08/20191008084100_00160.jpg,datasets_cloudmask/dataset_cropped/10_Metas/08/08/20191008084100_00160.png,117.7,2.2,117.7,19,964
10/8/2019 8:42,datasets/dataset_cropped/10_Metas/08/08/20191008084200_00160.jpg,datasets_flow/dataset_cropped/10_Metas/08/08/20191008084200_00160.jpg,datasets_cloudmask/dataset_cropped/10_Metas/08/08/20191008084200_00160.png,125.7,2.8,125.5,19.1,964
10/8/2019 8:43,datasets/dataset_cropped/10_Metas/08/08/20191008084300_00160.jpg,datasets_flow/dataset_cropped/10_Metas/08/08/20191008084300_00160.jpg,datasets_cloudmask/dataset_cropped/10_Metas/08/08/20191008084300_00160.png,129.3,2.7,129.2,19.1,964
10/8/2019 8:44,datasets/dataset_cropped/10_Metas/08/08/20191008084400_00160.jpg,datasets_flow/dataset_cropped/10_Metas/08/08/20191008084400_00160.jpg,datasets_cloudmask/dataset_cropped/10_Metas/08/08/20191008084400_00160.png,129.7,5.4,128.8,19.1,964
10/8/2019 8:45,datasets/dataset_cropped/10_Metas/08/08/20191008084500_00160.jpg,datasets_flow/dataset_cropped/10_Metas/08/08/20191008084500_00160.jpg,datasets_cloudmask/dataset_cropped/10_Metas/08/08/20191008084500_00160.png,127.6,5.1,126.6,19.2,964
10/8/2019 8:46,datasets/dataset_cropped/10_Metas/08/08/20191008084600_00160.jpg,datasets_flow/dataset_cropped/10_Metas/08/08/20191008084600_00160.jpg,datasets_cloudmask/dataset_cropped/10_Metas/08/08/20191008084600_00160.png,124.6,3.7,124.2,19.2,964
10/8/2019 8:47,datasets/dataset_cropped/10_Metas/08/08/20191008084700_00160.jpg,datasets_flow/dataset_cropped/10_Metas/08/08/20191008084700_00160.jpg,datasets_cloudmask/dataset_cropped/10_Metas/08/08/20191008084700_00160.png,124.1,2.4,124.2,19.2,964
10/8/2019 8:48,datasets/dataset_cropped/10_Metas/08/08/20191008084800_00160.jpg,datasets_flow/dataset_cropped/10_Metas/08/08/20191008084800_00160.jpg,datasets_cloudmask/dataset_cropped/10_Metas/08/08/20191008084800_00160.png,125.2,1.4,125.6,19.3,964
10/8/2019 8:49,datasets/dataset_cropped/10_Metas/08/08/20191008084900_00160.jpg,datasets_flow/dataset_cropped/10_Metas/08/08/20191008084900_00160.jpg,datasets_cloudmask/dataset_cropped/10_Metas/08/08/20191008084900_00160.png,131,1.6,131.4,19.3,964
10/8/2019 8:50,datasets/dataset_cropped/10_Metas/08/08/20191008085000_00160.jpg,datasets_flow/dataset_cropped/10_Metas/08/08/20191008085000_00160.jpg,datasets_cloudmask/dataset_cropped/10_Metas/08/08/20191008085000_00160.png,139.2,3,139.1,19.3,964
10/8/2019 8:51,datasets/dataset_cropped/10_Metas/08/08/20191008085100_00160.jpg,datasets_flow/dataset_cropped/10_Metas/08/08/20191008085100_00160.jpg,datasets_cloudmask/dataset_cropped/10_Metas/08/08/20191008085100_00160.png,141.1,4.1,140.6,19.3,964
10/8/2019 8:52,datasets/dataset_cropped/10_Metas/08/08/20191008085200_00160.jpg,datasets_flow/dataset_cropped/10_Metas/08/08/20191008085200_00160.jpg,datasets_cloudmask/dataset_cropped/10_Metas/08/08/20191008085200_00160.png,136.9,1.7,137.3,19.4,965
10/8/2019 8:53,datasets/dataset_cropped/10_Metas/08/08/20191008085300_00160.jpg,datasets_flow/dataset_cropped/10_Metas/08/08/20191008085300_00160.jpg,datasets_cloudmask/dataset_cropped/10_Metas/08/08/20191008085300_00160.png,134.3,1.8,134.7,19.4,964
10/8/2019 8:54,datasets/dataset_cropped/10_Metas/08/08/20191008085400_00160.jpg,datasets_flow/dataset_cropped/10_Metas/08/08/20191008085400_00160.jpg,datasets_cloudmask/dataset_cropped/10_Metas/08/08/20191008085400_00160.png,133.9,1.5,134.3,19.5,965
10/8/2019 8:55,datasets/dataset_cropped/10_Metas/08/08/20191008085500_00160.jpg,datasets_flow/dataset_cropped/10_Metas/08/08/20191008085500_00160.jpg,datasets_cloudmask/dataset_cropped/10_Metas/08/08/20191008085500_00160.png,134.7,1.3,135.2,19.5,964
10/8/2019 8:56,datasets/dataset_cropped/10_Metas/08/08/20191008085600_00160.jpg,datasets_flow/dataset_cropped/10_Metas/08/08/20191008085600_00160.jpg,datasets_cloudmask/dataset_cropped/10_Metas/08/08/20191008085600_00160.png,137,1.3,137.4,19.5,965
10/8/2019 8:57,datasets/dataset_cropped/10_Metas/08/08/20191008085700_00160.jpg,datasets_flow/dataset_cropped/10_Metas/08/08/20191008085700_00160.jpg,datasets_cloudmask/dataset_cropped/10_Metas/08/08/20191008085700_00160.png,139.3,1.6,139.6,19.5,964
10/8/2019 8:58,datasets/dataset_cropped/10_Metas/08/08/20191008085800_00160.jpg,datasets_flow/dataset_cropped/10_Metas/08/08/20191008085800_00160.jpg,datasets_cloudmask/dataset_cropped/10_Metas/08/08/20191008085800_00160.png,140.6,1.4,141,19.6,965
10/8/2019 8:59,datasets/dataset_cropped/10_Metas/08/08/20191008085900_00160.jpg,datasets_flow/dataset_cropped/10_Metas/08/08/20191008085900_00160.jpg,datasets_cloudmask/dataset_cropped/10_Metas/08/08/20191008085900_00160.png,141.3,1.5,141.7,19.6,964
10/8/2019 9:00,datasets/dataset_cropped/10_Metas/08/09/20191008090000_00160.jpg,datasets_flow/dataset_cropped/10_Metas/08/09/20191008090000_00160.jpg,datasets_cloudmask/dataset_cropped/10_Metas/08/09/20191008090000_00160.png,142.5,1.4,142.9,19.7,965
10/8/2019 9:01,datasets/dataset_cropped/10_Metas/08/09/20191008090100_00160.jpg,datasets_flow/dataset_cropped/10_Metas/08/09/20191008090100_00160.jpg,datasets_cloudmask/dataset_cropped/10_Metas/08/09/20191008090100_00160.png,145.6,2.5,145.6,19.7,965
10/8/2019 9:02,datasets/dataset_cropped/10_Metas/08/09/20191008090200_00160.jpg,datasets_flow/dataset_cropped/10_Metas/08/09/20191008090200_00160.jpg,datasets_cloudmask/dataset_cropped/10_Metas/08/09/20191008090200_00160.png,152.4,1.7,152.7,19.7,965
10/8/2019 9:03,datasets/dataset_cropped/10_Metas/08/09/20191008090300_00160.jpg,datasets_flow/dataset_cropped/10_Metas/08/09/20191008090300_00160.jpg,datasets_cloudmask/dataset_cropped/10_Metas/08/09/20191008090300_00160.png,157.3,1.2,157.8,19.7,965
10/8/2019 9:04,datasets/dataset_cropped/10_Metas/08/09/20191008090400_00160.jpg,datasets_flow/dataset_cropped/10_Metas/08/09/20191008090400_00160.jpg,datasets_cloudmask/dataset_cropped/10_Metas/08/09/20191008090400_00160.png,158,1.3,158.5,19.7,965
10/8/2019 9:05,datasets/dataset_cropped/10_Metas/08/09/20191008090500_00160.jpg,datasets_flow/dataset_cropped/10_Metas/08/09/20191008090500_00160.jpg,datasets_cloudmask/dataset_cropped/10_Metas/08/09/20191008090500_00160.png,157.4,1.2,157.9,19.7,965
10/8/2019 9:06,datasets/dataset_cropped/10_Metas/08/09/20191008090600_00160.jpg,datasets_flow/dataset_cropped/10_Metas/08/09/20191008090600_00160.jpg,datasets_cloudmask/dataset_cropped/10_Metas/08/09/20191008090600_00160.png,161.2,1.1,161.7,19.7,965
10/8/2019 9:07,datasets/dataset_cropped/10_Metas/08/09/20191008090700_00160.jpg,datasets_flow/dataset_cropped/10_Metas/08/09/20191008090700_00160.jpg,datasets_cloudmask/dataset_cropped/10_Metas/08/09/20191008090700_00160.png,165.8,1.2,166.3,19.8,965
10/8/2019 9:08,datasets/dataset_cropped/10_Metas/08/09/20191008090800_00160.jpg,datasets_flow/dataset_cropped/10_Metas/08/09/20191008090800_00160.jpg,datasets_cloudmask/dataset_cropped/10_Metas/08/09/20191008090800_00160.png,165,2.1,165,19.9,965
10/8/2019 9:09,datasets/dataset_cropped/10_Metas/08/09/20191008090900_00160.jpg,datasets_flow/dataset_cropped/10_Metas/08/09/20191008090900_00160.jpg,datasets_cloudmask/dataset_cropped/10_Metas/08/09/20191008090900_00160.png,165.4,1.2,165.8,20,965
10/8/2019 9:10,datasets/dataset_cropped/10_Metas/08/09/20191008091000_00160.jpg,datasets_flow/dataset_cropped/10_Metas/08/09/20191008091000_00160.jpg,datasets_cloudmask/dataset_cropped/10_Metas/08/09/20191008091000_00160.png,170.8,1.1,171.4,20.1,965
10/8/2019 9:11,datasets/dataset_cropped/10_Metas/08/09/20191008091100_00160.jpg,datasets_flow/dataset_cropped/10_Metas/08/09/20191008091100_00160.jpg,datasets_cloudmask/dataset_cropped/10_Metas/08/09/20191008091100_00160.png,176.1,1.3,176.7,20.1,965
10/8/2019 9:12,datasets/dataset_cropped/10_Metas/08/09/20191008091200_00160.jpg,datasets_flow/dataset_cropped/10_Metas/08/09/20191008091200_00160.jpg,datasets_cloudmask/dataset_cropped/10_Metas/08/09/20191008091200_00160.png,177,1.5,177.4,20.1,965
10/8/2019 9:13,datasets/dataset_cropped/10_Metas/08/09/20191008091300_00160.jpg,datasets_flow/dataset_cropped/10_Metas/08/09/20191008091300_00160.jpg,datasets_cloudmask/dataset_cropped/10_Metas/08/09/20191008091300_00160.png,170.8,1.4,171.2,20.1,965
10/8/2019 9:14,datasets/dataset_cropped/10_Metas/08/09/20191008091400_00160.jpg,datasets_flow/dataset_cropped/10_Metas/08/09/20191008091400_00160.jpg,datasets_cloudmask/dataset_cropped/10_Metas/08/09/20191008091400_00160.png,163.1,1.7,163.3,20.2,965
10/8/2019 9:15,datasets/dataset_cropped/10_Metas/08/09/20191008091500_00160.jpg,datasets_flow/dataset_cropped/10_Metas/08/09/20191008091500_00160.jpg,datasets_cloudmask/dataset_cropped/10_Metas/08/09/20191008091500_00160.png,161.7,6,160.4,20.2,965
10/8/2019 9:16,datasets/dataset_cropped/10_Metas/08/09/20191008091600_00160.jpg,datasets_flow/dataset_cropped/10_Metas/08/09/20191008091600_00160.jpg,datasets_cloudmask/dataset_cropped/10_Metas/08/09/20191008091600_00160.png,162.3,2,162.7,20.3,965
10/8/2019 9:17,datasets/dataset_cropped/10_Metas/08/09/20191008091700_00160.jpg,datasets_flow/dataset_cropped/10_Metas/08/09/20191008091700_00160.jpg,datasets_cloudmask/dataset_cropped/10_Metas/08/09/20191008091700_00160.png,167.9,1.3,168.4,20.2,965
10/8/2019 9:18,datasets/dataset_cropped/10_Metas/08/09/20191008091800_00160.jpg,datasets_flow/dataset_cropped/10_Metas/08/09/20191008091800_00160.jpg,datasets_cloudmask/dataset_cropped/10_Metas/08/09/20191008091800_00160.png,175.4,2.7,175.5,20.3,965
10/8/2019 9:19,datasets/dataset_cropped/10_Metas/08/09/20191008091900_00160.jpg,datasets_flow/dataset_cropped/10_Metas/08/09/20191008091900_00160.jpg,datasets_cloudmask/dataset_cropped/10_Metas/08/09/20191008091900_00160.png,179.4,14.1,174.6,20.2,965
10/8/2019 9:20,datasets/dataset_cropped/10_Metas/08/09/20191008092000_00160.jpg,datasets_flow/dataset_cropped/10_Metas/08/09/20191008092000_00160.jpg,datasets_cloudmask/dataset_cropped/10_Metas/08/09/20191008092000_00160.png,169.2,1.2,169.8,20.3,965
10/8/2019 9:21,datasets/dataset_cropped/10_Metas/08/09/20191008092100_00160.jpg,datasets_flow/dataset_cropped/10_Metas/08/09/20191008092100_00160.jpg,datasets_cloudmask/dataset_cropped/10_Metas/08/09/20191008092100_00160.png,164.7,1,165.3,20.4,965
10/8/2019 9:22,datasets/dataset_cropped/10_Metas/08/09/20191008092200_00160.jpg,datasets_flow/dataset_cropped/10_Metas/08/09/20191008092200_00160.jpg,datasets_cloudmask/dataset_cropped/10_Metas/08/09/20191008092200_00160.png,161.2,1,161.8,20.3,965
10/8/2019 9:23,datasets/dataset_cropped/10_Metas/08/09/20191008092300_00160.jpg,datasets_flow/dataset_cropped/10_Metas/08/09/20191008092300_00160.jpg,datasets_cloudmask/dataset_cropped/10_Metas/08/09/20191008092300_00160.png,161.8,0.9,162.4,20.3,965
10/8/2019 9:24,datasets/dataset_cropped/10_Metas/08/09/20191008092400_00160.jpg,datasets_flow/dataset_cropped/10_Metas/08/09/20191008092400_00160.jpg,datasets_cloudmask/dataset_cropped/10_Metas/08/09/20191008092400_00160.png,168.2,0.8,168.7,20.3,965
10/8/2019 9:25,datasets/dataset_cropped/10_Metas/08/09/20191008092500_00160.jpg,datasets_flow/dataset_cropped/10_Metas/08/09/20191008092500_00160.jpg,datasets_cloudmask/dataset_cropped/10_Metas/08/09/20191008092500_00160.png,181.1,0.7,181.6,20.4,965
10/8/2019 9:26,datasets/dataset_cropped/10_Metas/08/09/20191008092600_00160.jpg,datasets_flow/dataset_cropped/10_Metas/08/09/20191008092600_00160.jpg,datasets_cloudmask/dataset_cropped/10_Metas/08/09/20191008092600_00160.png,195.9,0.5,196.3,20.4,965
10/8/2019 9:27,datasets/dataset_cropped/10_Metas/08/09/20191008092700_00160.jpg,datasets_flow/dataset_cropped/10_Metas/08/09/20191008092700_00160.jpg,datasets_cloudmask/dataset_cropped/10_Metas/08/09/20191008092700_00160.png,205.4,0.5,205.8,20.4,965
10/8/2019 9:28,datasets/dataset_cropped/10_Metas/08/09/20191008092800_00160.jpg,datasets_flow/dataset_cropped/10_Metas/08/09/20191008092800_00160.jpg,datasets_cloudmask/dataset_cropped/10_Metas/08/09/20191008092800_00160.png,210.6,0.7,211.1,20.4,965
10/8/2019 9:29,datasets/dataset_cropped/10_Metas/08/09/20191008092900_00160.jpg,datasets_flow/dataset_cropped/10_Metas/08/09/20191008092900_00160.jpg,datasets_cloudmask/dataset_cropped/10_Metas/08/09/20191008092900_00160.png,218.7,3.2,218.1,20.4,965
10/8/2019 9:30,datasets/dataset_cropped/10_Metas/08/09/20191008093000_00160.jpg,datasets_flow/dataset_cropped/10_Metas/08/09/20191008093000_00160.jpg,datasets_cloudmask/dataset_cropped/10_Metas/08/09/20191008093000_00160.png,239.6,11.7,234.8,20.5,965
10/8/2019 9:31,datasets/dataset_cropped/10_Metas/08/09/20191008093100_00160.jpg,datasets_flow/dataset_cropped/10_Metas/08/09/20191008093100_00160.jpg,datasets_cloudmask/dataset_cropped/10_Metas/08/09/20191008093100_00160.png,250.7,2.5,250.4,20.4,965
10/8/2019 9:32,datasets/dataset_cropped/10_Metas/08/09/20191008093200_00160.jpg,datasets_flow/dataset_cropped/10_Metas/08/09/20191008093200_00160.jpg,datasets_cloudmask/dataset_cropped/10_Metas/08/09/20191008093200_00160.png,257.6,15.4,251.3,20.4,965
10/8/2019 9:33,datasets/dataset_cropped/10_Metas/08/09/20191008093300_00160.jpg,datasets_flow/dataset_cropped/10_Metas/08/09/20191008093300_00160.jpg,datasets_cloudmask/dataset_cropped/10_Metas/08/09/20191008093300_00160.png,250.7,9.3,247.2,20.5,965
10/8/2019 9:34,datasets/dataset_cropped/10_Metas/08/09/20191008093400_00160.jpg,datasets_flow/dataset_cropped/10_Metas/08/09/20191008093400_00160.jpg,datasets_cloudmask/dataset_cropped/10_Metas/08/09/20191008093400_00160.png,241.1,1.3,241.5,20.6,965
10/8/2019 9:35,datasets/dataset_cropped/10_Metas/08/09/20191008093500_00160.jpg,datasets_flow/dataset_cropped/10_Metas/08/09/20191008093500_00160.jpg,datasets_cloudmask/dataset_cropped/10_Metas/08/09/20191008093500_00160.png,230,1,230.5,20.8,965
10/8/2019 9:36,datasets/dataset_cropped/10_Metas/08/09/20191008093600_00160.jpg,datasets_flow/dataset_cropped/10_Metas/08/09/20191008093600_00160.jpg,datasets_cloudmask/dataset_cropped/10_Metas/08/09/20191008093600_00160.png,218.3,1.2,218.5,20.7,965
10/8/2019 9:37,datasets/dataset_cropped/10_Metas/08/09/20191008093700_00160.jpg,datasets_flow/dataset_cropped/10_Metas/08/09/20191008093700_00160.jpg,datasets_cloudmask/dataset_cropped/10_Metas/08/09/20191008093700_00160.png,213.3,1.5,213.4,20.7,965
10/8/2019 9:38,datasets/dataset_cropped/10_Metas/08/09/20191008093800_00160.jpg,datasets_flow/dataset_cropped/10_Metas/08/09/20191008093800_00160.jpg,datasets_cloudmask/dataset_cropped/10_Metas/08/09/20191008093800_00160.png,220.5,5.4,218.7,20.7,965
10/8/2019 9:39,datasets/dataset_cropped/10_Metas/08/09/20191008093900_00160.jpg,datasets_flow/dataset_cropped/10_Metas/08/09/20191008093900_00160.jpg,datasets_cloudmask/dataset_cropped/10_Metas/08/09/20191008093900_00160.png,224.5,3.2,224,20.7,965
10/8/2019 9:40,datasets/dataset_cropped/10_Metas/08/09/20191008094000_00160.jpg,datasets_flow/dataset_cropped/10_Metas/08/09/20191008094000_00160.jpg,datasets_cloudmask/dataset_cropped/10_Metas/08/09/20191008094000_00160.png,222.7,4.5,221.4,20.7,965
10/8/2019 9:41,datasets/dataset_cropped/10_Metas/08/09/20191008094100_00160.jpg,datasets_flow/dataset_cropped/10_Metas/08/09/20191008094100_00160.jpg,datasets_cloudmask/dataset_cropped/10_Metas/08/09/20191008094100_00160.png,213.6,1.3,213.9,20.7,965
10/8/2019 9:42,datasets/dataset_cropped/10_Metas/08/09/20191008094200_00160.jpg,datasets_flow/dataset_cropped/10_Metas/08/09/20191008094200_00160.jpg,datasets_cloudmask/dataset_cropped/10_Metas/08/09/20191008094200_00160.png,207.5,1.5,207.8,20.7,965
10/8/2019 9:43,datasets/dataset_cropped/10_Metas/08/09/20191008094300_00160.jpg,datasets_flow/dataset_cropped/10_Metas/08/09/20191008094300_00160.jpg,datasets_cloudmask/dataset_cropped/10_Metas/08/09/20191008094300_00160.png,202.2,4.7,200.7,20.8,965
10/8/2019 9:44,datasets/dataset_cropped/10_Metas/08/09/20191008094400_00160.jpg,datasets_flow/dataset_cropped/10_Metas/08/09/20191008094400_00160.jpg,datasets_cloudmask/dataset_cropped/10_Metas/08/09/20191008094400_00160.png,197.2,1.1,197.6,20.8,965
10/8/2019 9:45,datasets/dataset_cropped/10_Metas/08/09/20191008094500_00160.jpg,datasets_flow/dataset_cropped/10_Metas/08/09/20191008094500_00160.jpg,datasets_cloudmask/dataset_cropped/10_Metas/08/09/20191008094500_00160.png,205.6,1.3,205.7,20.9,965
10/8/2019 9:46,datasets/dataset_cropped/10_Metas/08/09/20191008094600_00160.jpg,datasets_flow/dataset_cropped/10_Metas/08/09/20191008094600_00160.jpg,datasets_cloudmask/dataset_cropped/10_Metas/08/09/20191008094600_00160.png,222.1,1.6,222,20.9,965
10/8/2019 9:47,datasets/dataset_cropped/10_Metas/08/09/20191008094700_00160.jpg,datasets_flow/dataset_cropped/10_Metas/08/09/20191008094700_00160.jpg,datasets_cloudmask/dataset_cropped/10_Metas/08/09/20191008094700_00160.png,247.8,9.8,243.2,20.8,965
10/8/2019 9:48,datasets/dataset_cropped/10_Metas/08/09/20191008094800_00160.jpg,datasets_flow/dataset_cropped/10_Metas/08/09/20191008094800_00160.jpg,datasets_cloudmask/dataset_cropped/10_Metas/08/09/20191008094800_00160.png,262.6,17.2,254.3,20.9,965
10/8/2019 9:49,datasets/dataset_cropped/10_Metas/08/09/20191008094900_00160.jpg,datasets_flow/dataset_cropped/10_Metas/08/09/20191008094900_00160.jpg,datasets_cloudmask/dataset_cropped/10_Metas/08/09/20191008094900_00160.png,253.8,2.8,253.1,21,965
10/8/2019 9:50,datasets/dataset_cropped/10_Metas/08/09/20191008095000_00160.jpg,datasets_flow/dataset_cropped/10_Metas/08/09/20191008095000_00160.jpg,datasets_cloudmask/dataset_cropped/10_Metas/08/09/20191008095000_00160.png,239.8,1.3,240,21,965
10/8/2019 9:51,datasets/dataset_cropped/10_Metas/08/09/20191008095100_00160.jpg,datasets_flow/dataset_cropped/10_Metas/08/09/20191008095100_00160.jpg,datasets_cloudmask/dataset_cropped/10_Metas/08/09/20191008095100_00160.png,230.4,9.3,226.2,21,965
10/8/2019 9:52,datasets/dataset_cropped/10_Metas/08/09/20191008095200_00160.jpg,datasets_flow/dataset_cropped/10_Metas/08/09/20191008095200_00160.jpg,datasets_cloudmask/dataset_cropped/10_Metas/08/09/20191008095200_00160.png,237.7,46,214.2,21.1,965
10/8/2019 9:53,datasets/dataset_cropped/10_Metas/08/09/20191008095300_00160.jpg,datasets_flow/dataset_cropped/10_Metas/08/09/20191008095300_00160.jpg,datasets_cloudmask/dataset_cropped/10_Metas/08/09/20191008095300_00160.png,205.3,1,205.3,21.1,965
10/8/2019 9:54,datasets/dataset_cropped/10_Metas/08/09/20191008095400_00160.jpg,datasets_flow/dataset_cropped/10_Metas/08/09/20191008095400_00160.jpg,datasets_cloudmask/dataset_cropped/10_Metas/08/09/20191008095400_00160.png,208,0.9,208,21.1,965
10/8/2019 9:55,datasets/dataset_cropped/10_Metas/08/09/20191008095500_00160.jpg,datasets_flow/dataset_cropped/10_Metas/08/09/20191008095500_00160.jpg,datasets_cloudmask/dataset_cropped/10_Metas/08/09/20191008095500_00160.png,218,5.5,215.9,21.1,965
10/8/2019 9:56,datasets/dataset_cropped/10_Metas/08/09/20191008095600_00160.jpg,datasets_flow/dataset_cropped/10_Metas/08/09/20191008095600_00160.jpg,datasets_cloudmask/dataset_cropped/10_Metas/08/09/20191008095600_00160.png,222.4,1.7,221.8,21.1,965
10/8/2019 9:57,datasets/dataset_cropped/10_Metas/08/09/20191008095700_00160.jpg,datasets_flow/dataset_cropped/10_Metas/08/09/20191008095700_00160.jpg,datasets_cloudmask/dataset_cropped/10_Metas/08/09/20191008095700_00160.png,224.9,2.2,224.1,21.1,965
10/8/2019 9:58,datasets/dataset_cropped/10_Metas/08/09/20191008095800_00160.jpg,datasets_flow/dataset_cropped/10_Metas/08/09/20191008095800_00160.jpg,datasets_cloudmask/dataset_cropped/10_Metas/08/09/20191008095800_00160.png,225.5,2.2,225,21.1,965
10/8/2019 9:59,datasets/dataset_cropped/10_Metas/08/09/20191008095900_00160.jpg,datasets_flow/dataset_cropped/10_Metas/08/09/20191008095900_00160.jpg,datasets_cloudmask/dataset_cropped/10_Metas/08/09/20191008095900_00160.png,235.4,3.5,234.1,21.2,965
10/8/2019 10:00,datasets/dataset_cropped/10_Metas/08/10/20191008100000_00160.jpg,datasets_flow/dataset_cropped/10_Metas/08/10/20191008100000_00160.jpg,datasets_cloudmask/dataset_cropped/10_Metas/08/10/20191008100000_00160.png,245.8,1.7,245.4,21.4,965
10/8/2019 10:01,datasets/dataset_cropped/10_Metas/08/10/20191008100100_00160.jpg,datasets_flow/dataset_cropped/10_Metas/08/10/20191008100100_00160.jpg,datasets_cloudmask/dataset_cropped/10_Metas/08/10/20191008100100_00160.png,250.3,4.3,248.5,21.3,965
10/8/2019 10:02,datasets/dataset_cropped/10_Metas/08/10/20191008100200_00160.jpg,datasets_flow/dataset_cropped/10_Metas/08/10/20191008100200_00160.jpg,datasets_cloudmask/dataset_cropped/10_Metas/08/10/20191008100200_00160.png,250.3,3,249,21.3,965
10/8/2019 10:03,datasets/dataset_cropped/10_Metas/08/10/20191008100300_00160.jpg,datasets_flow/dataset_cropped/10_Metas/08/10/20191008100300_00160.jpg,datasets_cloudmask/dataset_cropped/10_Metas/08/10/20191008100300_00160.png,256.1,5.7,253.3,21.2,965
10/8/2019 10:04,datasets/dataset_cropped/10_Metas/08/10/20191008100400_00160.jpg,datasets_flow/dataset_cropped/10_Metas/08/10/20191008100400_00160.jpg,datasets_cloudmask/dataset_cropped/10_Metas/08/10/20191008100400_00160.png,363.1,162,278,21.2,965
10/8/2019 10:05,datasets/dataset_cropped/10_Metas/08/10/20191008100500_00160.jpg,datasets_flow/dataset_cropped/10_Metas/08/10/20191008100500_00160.jpg,datasets_cloudmask/dataset_cropped/10_Metas/08/10/20191008100500_00160.png,322.1,103.6,268.4,21.4,965
10/8/2019 10:06,datasets/dataset_cropped/10_Metas/08/10/20191008100600_00160.jpg,datasets_flow/dataset_cropped/10_Metas/08/10/20191008100600_00160.jpg,datasets_cloudmask/dataset_cropped/10_Metas/08/10/20191008100600_00160.png,253.7,16.3,245,21.4,965
10/8/2019 10:07,datasets/dataset_cropped/10_Metas/08/10/20191008100700_00160.jpg,datasets_flow/dataset_cropped/10_Metas/08/10/20191008100700_00160.jpg,datasets_cloudmask/dataset_cropped/10_Metas/08/10/20191008100700_00160.png,239.5,11.5,233.2,21.4,965
10/8/2019 10:08,datasets/dataset_cropped/10_Metas/08/10/20191008100800_00160.jpg,datasets_flow/dataset_cropped/10_Metas/08/10/20191008100800_00160.jpg,datasets_cloudmask/dataset_cropped/10_Metas/08/10/20191008100800_00160.png,231.9,11.6,225.8,21.3,965
10/8/2019 10:09,datasets/dataset_cropped/10_Metas/08/10/20191008100900_00160.jpg,datasets_flow/dataset_cropped/10_Metas/08/10/20191008100900_00160.jpg,datasets_cloudmask/dataset_cropped/10_Metas/08/10/20191008100900_00160.png,277.5,96.5,224.7,21.3,965
10/8/2019 10:10,datasets/dataset_cropped/10_Metas/08/10/20191008101000_00160.jpg,datasets_flow/dataset_cropped/10_Metas/08/10/20191008101000_00160.jpg,datasets_cloudmask/dataset_cropped/10_Metas/08/10/20191008101000_00160.png,240,23,226.5,21.3,965
10/8/2019 10:11,datasets/dataset_cropped/10_Metas/08/10/20191008101100_00160.jpg,datasets_flow/dataset_cropped/10_Metas/08/10/20191008101100_00160.jpg,datasets_cloudmask/dataset_cropped/10_Metas/08/10/20191008101100_00160.png,265,59.8,231.2,21.2,965
10/8/2019 10:12,datasets/dataset_cropped/10_Metas/08/10/20191008101200_00160.jpg,datasets_flow/dataset_cropped/10_Metas/08/10/20191008101200_00160.jpg,datasets_cloudmask/dataset_cropped/10_Metas/08/10/20191008101200_00160.png,244.6,14.2,236.8,21.1,965
10/8/2019 10:13,datasets/dataset_cropped/10_Metas/08/10/20191008101300_00160.jpg,datasets_flow/dataset_cropped/10_Metas/08/10/20191008101300_00160.jpg,datasets_cloudmask/dataset_cropped/10_Metas/08/10/20191008101300_00160.png,287.2,69.4,248.7,21.2,965
10/8/2019 10:14,datasets/dataset_cropped/10_Metas/08/10/20191008101400_00160.jpg,datasets_flow/dataset_cropped/10_Metas/08/10/20191008101400_00160.jpg,datasets_cloudmask/dataset_cropped/10_Metas/08/10/20191008101400_00160.png,247.9,3.1,246.6,21.2,965
10/8/2019 10:15,datasets/dataset_cropped/10_Metas/08/10/20191008101500_00160.jpg,datasets_flow/dataset_cropped/10_Metas/08/10/20191008101500_00160.jpg,datasets_cloudmask/dataset_cropped/10_Metas/08/10/20191008101500_00160.png,263.5,23.4,250.9,21.2,965
10/8/2019 10:16,datasets/dataset_cropped/10_Metas/08/10/20191008101600_00160.jpg,datasets_flow/dataset_cropped/10_Metas/08/10/20191008101600_00160.jpg,datasets_cloudmask/dataset_cropped/10_Metas/08/10/20191008101600_00160.png,252.1,6.7,248.3,21.3,965
10/8/2019 10:17,datasets/dataset_cropped/10_Metas/08/10/20191008101700_00160.jpg,datasets_flow/dataset_cropped/10_Metas/08/10/20191008101700_00160.jpg,datasets_cloudmask/dataset_cropped/10_Metas/08/10/20191008101700_00160.png,260.9,25.1,246.8,21.3,965
10/8/2019 10:18,datasets/dataset_cropped/10_Metas/08/10/20191008101800_00160.jpg,datasets_flow/dataset_cropped/10_Metas/08/10/20191008101800_00160.jpg,datasets_cloudmask/dataset_cropped/10_Metas/08/10/20191008101800_00160.png,244.9,1,244.4,21.3,965
10/8/2019 10:19,datasets/dataset_cropped/10_Metas/08/10/20191008101900_00160.jpg,datasets_flow/dataset_cropped/10_Metas/08/10/20191008101900_00160.jpg,datasets_cloudmask/dataset_cropped/10_Metas/08/10/20191008101900_00160.png,245.6,1,245.1,21.4,965
10/8/2019 10:20,datasets/dataset_cropped/10_Metas/08/10/20191008102000_00160.jpg,datasets_flow/dataset_cropped/10_Metas/08/10/20191008102000_00160.jpg,datasets_cloudmask/dataset_cropped/10_Metas/08/10/20191008102000_00160.png,252,1.3,251.4,21.4,965
10/8/2019 10:21,datasets/dataset_cropped/10_Metas/08/10/20191008102100_00160.jpg,datasets_flow/dataset_cropped/10_Metas/08/10/20191008102100_00160.jpg,datasets_cloudmask/dataset_cropped/10_Metas/08/10/20191008102100_00160.png,270.1,3.2,268.3,21.5,965
10/8/2019 10:22,datasets/dataset_cropped/10_Metas/08/10/20191008102200_00160.jpg,datasets_flow/dataset_cropped/10_Metas/08/10/20191008102200_00160.jpg,datasets_cloudmask/dataset_cropped/10_Metas/08/10/20191008102200_00160.png,309.8,24.1,296.4,21.6,965
10/8/2019 10:23,datasets/dataset_cropped/10_Metas/08/10/20191008102300_00160.jpg,datasets_flow/dataset_cropped/10_Metas/08/10/20191008102300_00160.jpg,datasets_cloudmask/dataset_cropped/10_Metas/08/10/20191008102300_00160.png,357.8,36.6,336.7,21.8,965
10/8/2019 10:24,datasets/dataset_cropped/10_Metas/08/10/20191008102400_00160.jpg,datasets_flow/dataset_cropped/10_Metas/08/10/20191008102400_00160.jpg,datasets_cloudmask/dataset_cropped/10_Metas/08/10/20191008102400_00160.png,470.1,198.8,355,22.1,965
10/8/2019 10:25,datasets/dataset_cropped/10_Metas/08/10/20191008102500_00160.jpg,datasets_flow/dataset_cropped/10_Metas/08/10/20191008102500_00160.jpg,datasets_cloudmask/dataset_cropped/10_Metas/08/10/20191008102500_00160.png,600.3,490,320,22.1,965
10/8/2019 10:26,datasets/dataset_cropped/10_Metas/08/10/20191008102600_00160.jpg,datasets_flow/dataset_cropped/10_Metas/08/10/20191008102600_00160.jpg,datasets_cloudmask/dataset_cropped/10_Metas/08/10/20191008102600_00160.png,671.3,681.8,281.1,22,965
10/8/2019 10:27,datasets/dataset_cropped/10_Metas/08/10/20191008102700_00160.jpg,datasets_flow/dataset_cropped/10_Metas/08/10/20191008102700_00160.jpg,datasets_cloudmask/dataset_cropped/10_Metas/08/10/20191008102700_00160.png,631.6,657.6,256.2,22,965
10/8/2019 10:28,datasets/dataset_cropped/10_Metas/08/10/20191008102800_00160.jpg,datasets_flow/dataset_cropped/10_Metas/08/10/20191008102800_00160.jpg,datasets_cloudmask/dataset_cropped/10_Metas/08/10/20191008102800_00160.png,658.3,708.3,250,22,965
10/8/2019 10:29,datasets/dataset_cropped/10_Metas/08/10/20191008102900_00160.jpg,datasets_flow/dataset_cropped/10_Metas/08/10/20191008102900_00160.jpg,datasets_cloudmask/dataset_cropped/10_Metas/08/10/20191008102900_00160.png,679.8,744,251.3,22,965
10/8/2019 10:30,datasets/dataset_cropped/10_Metas/08/10/20191008103000_00160.jpg,datasets_flow/dataset_cropped/10_Metas/08/10/20191008103000_00160.jpg,datasets_cloudmask/dataset_cropped/10_Metas/08/10/20191008103000_00160.png,665.4,703,258.9,21.9,965
10/8/2019 10:31,datasets/dataset_cropped/10_Metas/08/10/20191008103100_00160.jpg,datasets_flow/dataset_cropped/10_Metas/08/10/20191008103100_00160.jpg,datasets_cloudmask/dataset_cropped/10_Metas/08/10/20191008103100_00160.png,479.2,385.3,251.9,22,965
10/8/2019 10:32,datasets/dataset_cropped/10_Metas/08/10/20191008103200_00160.jpg,datasets_flow/dataset_cropped/10_Metas/08/10/20191008103200_00160.jpg,datasets_cloudmask/dataset_cropped/10_Metas/08/10/20191008103200_00160.png,320.5,125.4,244.1,22.2,965
10/8/2019 10:33,datasets/dataset_cropped/10_Metas/08/10/20191008103300_00160.jpg,datasets_flow/dataset_cropped/10_Metas/08/10/20191008103300_00160.jpg,datasets_cloudmask/dataset_cropped/10_Metas/08/10/20191008103300_00160.png,263.4,34.9,241.7,22.1,965
10/8/2019 10:34,datasets/dataset_cropped/10_Metas/08/10/20191008103400_00160.jpg,datasets_flow/dataset_cropped/10_Metas/08/10/20191008103400_00160.jpg,datasets_cloudmask/dataset_cropped/10_Metas/08/10/20191008103400_00160.png,310,84.1,259.2,22,965
10/8/2019 10:35,datasets/dataset_cropped/10_Metas/08/10/20191008103500_00160.jpg,datasets_flow/dataset_cropped/10_Metas/08/10/20191008103500_00160.jpg,datasets_cloudmask/dataset_cropped/10_Metas/08/10/20191008103500_00160.png,427.5,246.8,277.6,21.9,965
10/8/2019 10:36,datasets/dataset_cropped/10_Metas/08/10/20191008103600_00160.jpg,datasets_flow/dataset_cropped/10_Metas/08/10/20191008103600_00160.jpg,datasets_cloudmask/dataset_cropped/10_Metas/08/10/20191008103600_00160.png,277.7,26.7,260.8,21.9,965
10/8/2019 10:37,datasets/dataset_cropped/10_Metas/08/10/20191008103700_00160.jpg,datasets_flow/dataset_cropped/10_Metas/08/10/20191008103700_00160.jpg,datasets_cloudmask/dataset_cropped/10_Metas/08/10/20191008103700_00160.png,525,439.1,264.3,21.9,965
10/8/2019 10:38,datasets/dataset_cropped/10_Metas/08/10/20191008103800_00160.jpg,datasets_flow/dataset_cropped/10_Metas/08/10/20191008103800_00160.jpg,datasets_cloudmask/dataset_cropped/10_Metas/08/10/20191008103800_00160.png,330.1,150,239.2,21.8,965
10/8/2019 10:39,datasets/dataset_cropped/10_Metas/08/10/20191008103900_00160.jpg,datasets_flow/dataset_cropped/10_Metas/08/10/20191008103900_00160.jpg,datasets_cloudmask/dataset_cropped/10_Metas/08/10/20191008103900_00160.png,199.7,1.6,198.6,21.8,965
10/8/2019 10:40,datasets/dataset_cropped/10_Metas/08/10/20191008104000_00160.jpg,datasets_flow/dataset_cropped/10_Metas/08/10/20191008104000_00160.jpg,datasets_cloudmask/dataset_cropped/10_Metas/08/10/20191008104000_00160.png,168,0.9,167.5,21.7,965
10/8/2019 10:41,datasets/dataset_cropped/10_Metas/08/10/20191008104100_00160.jpg,datasets_flow/dataset_cropped/10_Metas/08/10/20191008104100_00160.jpg,datasets_cloudmask/dataset_cropped/10_Metas/08/10/20191008104100_00160.png,158.8,0.5,158.6,21.7,965
10/8/2019 10:42,datasets/dataset_cropped/10_Metas/08/10/20191008104200_00160.jpg,datasets_flow/dataset_cropped/10_Metas/08/10/20191008104200_00160.jpg,datasets_cloudmask/dataset_cropped/10_Metas/08/10/20191008104200_00160.png,202,32,181.1,21.8,965
10/8/2019 10:43,datasets/dataset_cropped/10_Metas/08/10/20191008104300_00160.jpg,datasets_flow/dataset_cropped/10_Metas/08/10/20191008104300_00160.jpg,datasets_cloudmask/dataset_cropped/10_Metas/08/10/20191008104300_00160.png,201.6,0.7,200.2,21.7,965
10/8/2019 10:44,datasets/dataset_cropped/10_Metas/08/10/20191008104400_00160.jpg,datasets_flow/dataset_cropped/10_Metas/08/10/20191008104400_00160.jpg,datasets_cloudmask/dataset_cropped/10_Metas/08/10/20191008104400_00160.png,214.7,0.3,213.7,21.7,965
10/8/2019 10:45,datasets/dataset_cropped/10_Metas/08/10/20191008104500_00160.jpg,datasets_flow/dataset_cropped/10_Metas/08/10/20191008104500_00160.jpg,datasets_cloudmask/dataset_cropped/10_Metas/08/10/20191008104500_00160.png,222.6,0.1,221.5,21.7,965
10/8/2019 10:46,datasets/dataset_cropped/10_Metas/08/10/20191008104600_00160.jpg,datasets_flow/dataset_cropped/10_Metas/08/10/20191008104600_00160.jpg,datasets_cloudmask/dataset_cropped/10_Metas/08/10/20191008104600_00160.png,240.2,3.2,237.5,21.8,965
10/8/2019 10:47,datasets/dataset_cropped/10_Metas/08/10/20191008104700_00160.jpg,datasets_flow/dataset_cropped/10_Metas/08/10/20191008104700_00160.jpg,datasets_cloudmask/dataset_cropped/10_Metas/08/10/20191008104700_00160.png,326.5,102.8,266.5,22.1,965
10/8/2019 10:48,datasets/dataset_cropped/10_Metas/08/10/20191008104800_00160.jpg,datasets_flow/dataset_cropped/10_Metas/08/10/20191008104800_00160.jpg,datasets_cloudmask/dataset_cropped/10_Metas/08/10/20191008104800_00160.png,358,106.4,296.5,22.5,965
10/8/2019 10:49,datasets/dataset_cropped/10_Metas/08/10/20191008104900_00160.jpg,datasets_flow/dataset_cropped/10_Metas/08/10/20191008104900_00160.jpg,datasets_cloudmask/dataset_cropped/10_Metas/08/10/20191008104900_00160.png,613.9,470,326.2,22.7,965
10/8/2019 10:50,datasets/dataset_cropped/10_Metas/08/10/20191008105000_00160.jpg,datasets_flow/dataset_cropped/10_Metas/08/10/20191008105000_00160.jpg,datasets_cloudmask/dataset_cropped/10_Metas/08/10/20191008105000_00160.png,762.1,719.3,321.3,23,965
10/8/2019 10:51,datasets/dataset_cropped/10_Metas/08/10/20191008105100_00160.jpg,datasets_flow/dataset_cropped/10_Metas/08/10/20191008105100_00160.jpg,datasets_cloudmask/dataset_cropped/10_Metas/08/10/20191008105100_00160.png,779.6,756.7,310.7,23.2,965
10/8/2019 10:52,datasets/dataset_cropped/10_Metas/08/10/20191008105200_00160.jpg,datasets_flow/dataset_cropped/10_Metas/08/10/20191008105200_00160.jpg,datasets_cloudmask/dataset_cropped/10_Metas/08/10/20191008105200_00160.png,811,790.9,318.7,22.9,965
10/8/2019 10:53,datasets/dataset_cropped/10_Metas/08/10/20191008105300_00160.jpg,datasets_flow/dataset_cropped/10_Metas/08/10/20191008105300_00160.jpg,datasets_cloudmask/dataset_cropped/10_Metas/08/10/20191008105300_00160.png,848,839,326.5,22.8,965
10/8/2019 10:54,datasets/dataset_cropped/10_Metas/08/10/20191008105400_00160.jpg,datasets_flow/dataset_cropped/10_Metas/08/10/20191008105400_00160.jpg,datasets_cloudmask/dataset_cropped/10_Metas/08/10/20191008105400_00160.png,505.2,280.4,324.6,22.6,965
10/8/2019 10:55,datasets/dataset_cropped/10_Metas/08/10/20191008105500_00160.jpg,datasets_flow/dataset_cropped/10_Metas/08/10/20191008105500_00160.jpg,datasets_cloudmask/dataset_cropped/10_Metas/08/10/20191008105500_00160.png,346,35.5,323.7,22.5,965
10/8/2019 10:56,datasets/dataset_cropped/10_Metas/08/10/20191008105600_00160.jpg,datasets_flow/dataset_cropped/10_Metas/08/10/20191008105600_00160.jpg,datasets_cloudmask/dataset_cropped/10_Metas/08/10/20191008105600_00160.png,380.9,70.3,335.3,22.4,965
10/8/2019 10:57,datasets/dataset_cropped/10_Metas/08/10/20191008105700_00160.jpg,datasets_flow/dataset_cropped/10_Metas/08/10/20191008105700_00160.jpg,datasets_cloudmask/dataset_cropped/10_Metas/08/10/20191008105700_00160.png,724.4,618,333.9,22.4,965
10/8/2019 10:58,datasets/dataset_cropped/10_Metas/08/10/20191008105800_00160.jpg,datasets_flow/dataset_cropped/10_Metas/08/10/20191008105800_00160.jpg,datasets_cloudmask/dataset_cropped/10_Metas/08/10/20191008105800_00160.png,832,769.4,340.2,22.6,965
10/8/2019 10:59,datasets/dataset_cropped/10_Metas/08/10/20191008105900_00160.jpg,datasets_flow/dataset_cropped/10_Metas/08/10/20191008105900_00160.jpg,datasets_cloudmask/dataset_cropped/10_Metas/08/10/20191008105900_00160.png,758.4,631.3,351.8,22.6,965
10/8/2019 11:00,datasets/dataset_cropped/10_Metas/08/11/20191008110000_00160.jpg,datasets_flow/dataset_cropped/10_Metas/08/11/20191008110000_00160.jpg,datasets_cloudmask/dataset_cropped/10_Metas/08/11/20191008110000_00160.png,451.2,161.7,346.1,22.7,965
10/8/2019 11:01,datasets/dataset_cropped/10_Metas/08/11/20191008110100_00160.jpg,datasets_flow/dataset_cropped/10_Metas/08/11/20191008110100_00160.jpg,datasets_cloudmask/dataset_cropped/10_Metas/08/11/20191008110100_00160.png,363.1,63.6,321.5,22.5,965
10/8/2019 11:02,datasets/dataset_cropped/10_Metas/08/11/20191008110200_00160.jpg,datasets_flow/dataset_cropped/10_Metas/08/11/20191008110200_00160.jpg,datasets_cloudmask/dataset_cropped/10_Metas/08/11/20191008110200_00160.png,329.5,33.3,306,22.4,965
10/8/2019 11:03,datasets/dataset_cropped/10_Metas/08/11/20191008110300_00160.jpg,datasets_flow/dataset_cropped/10_Metas/08/11/20191008110300_00160.jpg,datasets_cloudmask/dataset_cropped/10_Metas/08/11/20191008110300_00160.png,294.5,7.9,288.8,22.4,965
10/8/2019 11:04,datasets/dataset_cropped/10_Metas/08/11/20191008110400_00160.jpg,datasets_flow/dataset_cropped/10_Metas/08/11/20191008110400_00160.jpg,datasets_cloudmask/dataset_cropped/10_Metas/08/11/20191008110400_00160.png,277.7,4.8,273.8,22.2,965
10/8/2019 11:05,datasets/dataset_cropped/10_Metas/08/11/20191008110500_00160.jpg,datasets_flow/dataset_cropped/10_Metas/08/11/20191008110500_00160.jpg,datasets_cloudmask/dataset_cropped/10_Metas/08/11/20191008110500_00160.png,303.8,51.5,268.6,22.2,965
10/8/2019 11:06,datasets/dataset_cropped/10_Metas/08/11/20191008110600_00160.jpg,datasets_flow/dataset_cropped/10_Metas/08/11/20191008110600_00160.jpg,datasets_cloudmask/dataset_cropped/10_Metas/08/11/20191008110600_00160.png,251.9,7.3,246.3,22.4,965
10/8/2019 11:07,datasets/dataset_cropped/10_Metas/08/11/20191008110700_00160.jpg,datasets_flow/dataset_cropped/10_Metas/08/11/20191008110700_00160.jpg,datasets_cloudmask/dataset_cropped/10_Metas/08/11/20191008110700_00160.png,226.3,0.8,225.3,22.4,965
10/8/2019 11:08,datasets/dataset_cropped/10_Metas/08/11/20191008110800_00160.jpg,datasets_flow/dataset_cropped/10_Metas/08/11/20191008110800_00160.jpg,datasets_cloudmask/dataset_cropped/10_Metas/08/11/20191008110800_00160.png,218.5,0.5,217.6,22.2,965
10/8/2019 11:09,datasets/dataset_cropped/10_Metas/08/11/20191008110900_00160.jpg,datasets_flow/dataset_cropped/10_Metas/08/11/20191008110900_00160.jpg,datasets_cloudmask/dataset_cropped/10_Metas/08/11/20191008110900_00160.png,222.9,0.2,221.9,22,965
10/8/2019 11:10,datasets/dataset_cropped/10_Metas/08/11/20191008111000_00160.jpg,datasets_flow/dataset_cropped/10_Metas/08/11/20191008111000_00160.jpg,datasets_cloudmask/dataset_cropped/10_Metas/08/11/20191008111000_00160.png,245.2,6.8,239.6,22,965
10/8/2019 11:11,datasets/dataset_cropped/10_Metas/08/11/20191008111100_00160.jpg,datasets_flow/dataset_cropped/10_Metas/08/11/20191008111100_00160.jpg,datasets_cloudmask/dataset_cropped/10_Metas/08/11/20191008111100_00160.png,270.3,9.9,262.5,22,965
10/8/2019 11:12,datasets/dataset_cropped/10_Metas/08/11/20191008111200_00160.jpg,datasets_flow/dataset_cropped/10_Metas/08/11/20191008111200_00160.jpg,datasets_cloudmask/dataset_cropped/10_Metas/08/11/20191008111200_00160.png,349.8,107.3,276.9,22.1,965
10/8/2019 11:13,datasets/dataset_cropped/10_Metas/08/11/20191008111300_00160.jpg,datasets_flow/dataset_cropped/10_Metas/08/11/20191008111300_00160.jpg,datasets_cloudmask/dataset_cropped/10_Metas/08/11/20191008111300_00160.png,363.7,136.4,269,22.2,965
10/8/2019 11:14,datasets/dataset_cropped/10_Metas/08/11/20191008111400_00160.jpg,datasets_flow/dataset_cropped/10_Metas/08/11/20191008111400_00160.jpg,datasets_cloudmask/dataset_cropped/10_Metas/08/11/20191008111400_00160.png,333,113.4,255.3,22.3,965
10/8/2019 11:15,datasets/dataset_cropped/10_Metas/08/11/20191008111500_00160.jpg,datasets_flow/dataset_cropped/10_Metas/08/11/20191008111500_00160.jpg,datasets_cloudmask/dataset_cropped/10_Metas/08/11/20191008111500_00160.png,254.9,33.8,230.5,22.3,965
10/8/2019 11:16,datasets/dataset_cropped/10_Metas/08/11/20191008111600_00160.jpg,datasets_flow/dataset_cropped/10_Metas/08/11/20191008111600_00160.jpg,datasets_cloudmask/dataset_cropped/10_Metas/08/11/20191008111600_00160.png,251.6,35.2,227,22.1,965
10/8/2019 11:17,datasets/dataset_cropped/10_Metas/08/11/20191008111700_00160.jpg,datasets_flow/dataset_cropped/10_Metas/08/11/20191008111700_00160.jpg,datasets_cloudmask/dataset_cropped/10_Metas/08/11/20191008111700_00160.png,275.9,52.2,239.5,22.1,965
10/8/2019 11:18,datasets/dataset_cropped/10_Metas/08/11/20191008111800_00160.jpg,datasets_flow/dataset_cropped/10_Metas/08/11/20191008111800_00160.jpg,datasets_cloudmask/dataset_cropped/10_Metas/08/11/20191008111800_00160.png,312.3,113.4,236.3,22.1,965
10/8/2019 11:19,datasets/dataset_cropped/10_Metas/08/11/20191008111900_00160.jpg,datasets_flow/dataset_cropped/10_Metas/08/11/20191008111900_00160.jpg,datasets_cloudmask/dataset_cropped/10_Metas/08/11/20191008111900_00160.png,286.4,108.5,212.8,22.1,965
10/8/2019 11:20,datasets/dataset_cropped/10_Metas/08/11/20191008112000_00160.jpg,datasets_flow/dataset_cropped/10_Metas/08/11/20191008112000_00160.jpg,datasets_cloudmask/dataset_cropped/10_Metas/08/11/20191008112000_00160.png,680.3,722.3,194.9,22.1,965
10/8/2019 11:21,datasets/dataset_cropped/10_Metas/08/11/20191008112100_00160.jpg,datasets_flow/dataset_cropped/10_Metas/08/11/20191008112100_00160.jpg,datasets_cloudmask/dataset_cropped/10_Metas/08/11/20191008112100_00160.png,742.1,856,169.1,22.4,965
10/8/2019 11:22,datasets/dataset_cropped/10_Metas/08/11/20191008112200_00160.jpg,datasets_flow/dataset_cropped/10_Metas/08/11/20191008112200_00160.jpg,datasets_cloudmask/dataset_cropped/10_Metas/08/11/20191008112200_00160.png,730.5,860,154.6,22.7,965
10/8/2019 11:23,datasets/dataset_cropped/10_Metas/08/11/20191008112300_00160.jpg,datasets_flow/dataset_cropped/10_Metas/08/11/20191008112300_00160.jpg,datasets_cloudmask/dataset_cropped/10_Metas/08/11/20191008112300_00160.png,722.2,861,144.6,22.9,965
10/8/2019 11:24,datasets/dataset_cropped/10_Metas/08/11/20191008112400_00160.jpg,datasets_flow/dataset_cropped/10_Metas/08/11/20191008112400_00160.jpg,datasets_cloudmask/dataset_cropped/10_Metas/08/11/20191008112400_00160.png,716.2,859,139.1,23.2,965
10/8/2019 11:25,datasets/dataset_cropped/10_Metas/08/11/20191008112500_00160.jpg,datasets_flow/dataset_cropped/10_Metas/08/11/20191008112500_00160.jpg,datasets_cloudmask/dataset_cropped/10_Metas/08/11/20191008112500_00160.png,718.8,864,137.2,23.4,965
10/8/2019 11:26,datasets/dataset_cropped/10_Metas/08/11/20191008112600_00160.jpg,datasets_flow/dataset_cropped/10_Metas/08/11/20191008112600_00160.jpg,datasets_cloudmask/dataset_cropped/10_Metas/08/11/20191008112600_00160.png,716,858,137,23.3,965
10/8/2019 11:27,datasets/dataset_cropped/10_Metas/08/11/20191008112700_00160.jpg,datasets_flow/dataset_cropped/10_Metas/08/11/20191008112700_00160.jpg,datasets_cloudmask/dataset_cropped/10_Metas/08/11/20191008112700_00160.png,714.8,855,136.4,23.4,965
10/8/2019 11:28,datasets/dataset_cropped/10_Metas/08/11/20191008112800_00160.jpg,datasets_flow/dataset_cropped/10_Metas/08/11/20191008112800_00160.jpg,datasets_cloudmask/dataset_cropped/10_Metas/08/11/20191008112800_00160.png,727.6,870,138.3,23.4,965
10/8/2019 11:29,datasets/dataset_cropped/10_Metas/08/11/20191008112900_00160.jpg,datasets_flow/dataset_cropped/10_Metas/08/11/20191008112900_00160.jpg,datasets_cloudmask/dataset_cropped/10_Metas/08/11/20191008112900_00160.png,738.6,879,142.1,23.1,965
10/8/2019 11:30,datasets/dataset_cropped/10_Metas/08/11/20191008113000_00160.jpg,datasets_flow/dataset_cropped/10_Metas/08/11/20191008113000_00160.jpg,datasets_cloudmask/dataset_cropped/10_Metas/08/11/20191008113000_00160.png,739.4,874,145.9,22.7,964
10/8/2019 11:31,datasets/dataset_cropped/10_Metas/08/11/20191008113100_00160.jpg,datasets_flow/dataset_cropped/10_Metas/08/11/20191008113100_00160.jpg,datasets_cloudmask/dataset_cropped/10_Metas/08/11/20191008113100_00160.png,701.3,806,150.8,22.6,965
10/8/2019 11:32,datasets/dataset_cropped/10_Metas/08/11/20191008113200_00160.jpg,datasets_flow/dataset_cropped/10_Metas/08/11/20191008113200_00160.jpg,datasets_cloudmask/dataset_cropped/10_Metas/08/11/20191008113200_00160.png,517.2,517.7,157.7,22.6,965
10/8/2019 11:33,datasets/dataset_cropped/10_Metas/08/11/20191008113300_00160.jpg,datasets_flow/dataset_cropped/10_Metas/08/11/20191008113300_00160.jpg,datasets_cloudmask/dataset_cropped/10_Metas/08/11/20191008113300_00160.png,739.1,863,148.2,22.8,964
10/8/2019 11:34,datasets/dataset_cropped/10_Metas/08/11/20191008113400_00160.jpg,datasets_flow/dataset_cropped/10_Metas/08/11/20191008113400_00160.jpg,datasets_cloudmask/dataset_cropped/10_Metas/08/11/20191008113400_00160.png,731.7,860,141.6,22.9,965
10/8/2019 11:35,datasets/dataset_cropped/10_Metas/08/11/20191008113500_00160.jpg,datasets_flow/dataset_cropped/10_Metas/08/11/20191008113500_00160.jpg,datasets_cloudmask/dataset_cropped/10_Metas/08/11/20191008113500_00160.png,728.6,849,144.9,23.2,965
10/8/2019 11:36,datasets/dataset_cropped/10_Metas/08/11/20191008113600_00160.jpg,datasets_flow/dataset_cropped/10_Metas/08/11/20191008113600_00160.jpg,datasets_cloudmask/dataset_cropped/10_Metas/08/11/20191008113600_00160.png,709.6,783,171.3,23.5,964
10/8/2019 11:37,datasets/dataset_cropped/10_Metas/08/11/20191008113700_00160.jpg,datasets_flow/dataset_cropped/10_Metas/08/11/20191008113700_00160.jpg,datasets_cloudmask/dataset_cropped/10_Metas/08/11/20191008113700_00160.png,576.7,539.2,207.7,23.1,965
10/8/2019 11:38,datasets/dataset_cropped/10_Metas/08/11/20191008113800_00160.jpg,datasets_flow/dataset_cropped/10_Metas/08/11/20191008113800_00160.jpg,datasets_cloudmask/dataset_cropped/10_Metas/08/11/20191008113800_00160.png,734.6,784.9,192.9,23,965
10/8/2019 11:39,datasets/dataset_cropped/10_Metas/08/11/20191008113900_00160.jpg,datasets_flow/dataset_cropped/10_Metas/08/11/20191008113900_00160.jpg,datasets_cloudmask/dataset_cropped/10_Metas/08/11/20191008113900_00160.png,774.5,859,179.1,23.2,965
10/8/2019 11:40,datasets/dataset_cropped/10_Metas/08/11/20191008114000_00160.jpg,datasets_flow/dataset_cropped/10_Metas/08/11/20191008114000_00160.jpg,datasets_cloudmask/dataset_cropped/10_Metas/08/11/20191008114000_00160.png,768.8,852,177.8,23.4,965
10/8/2019 11:41,datasets/dataset_cropped/10_Metas/08/11/20191008114100_00160.jpg,datasets_flow/dataset_cropped/10_Metas/08/11/20191008114100_00160.jpg,datasets_cloudmask/dataset_cropped/10_Metas/08/11/20191008114100_00160.png,789.2,850,199.2,23.6,964
10/8/2019 11:42,datasets/dataset_cropped/10_Metas/08/11/20191008114200_00160.jpg,datasets_flow/dataset_cropped/10_Metas/08/11/20191008114200_00160.jpg,datasets_cloudmask/dataset_cropped/10_Metas/08/11/20191008114200_00160.png,755,726.8,248,23.6,964
10/8/2019 11:43,datasets/dataset_cropped/10_Metas/08/11/20191008114300_00160.jpg,datasets_flow/dataset_cropped/10_Metas/08/11/20191008114300_00160.jpg,datasets_cloudmask/dataset_cropped/10_Metas/08/11/20191008114300_00160.png,576.3,405.9,288.7,23.8,964
10/8/2019 11:44,datasets/dataset_cropped/10_Metas/08/11/20191008114400_00160.jpg,datasets_flow/dataset_cropped/10_Metas/08/11/20191008114400_00160.jpg,datasets_cloudmask/dataset_cropped/10_Metas/08/11/20191008114400_00160.png,885,856,288.9,24.1,964
10/8/2019 11:45,datasets/dataset_cropped/10_Metas/08/11/20191008114500_00160.jpg,datasets_flow/dataset_cropped/10_Metas/08/11/20191008114500_00160.jpg,datasets_cloudmask/dataset_cropped/10_Metas/08/11/20191008114500_00160.png,844,822,269.6,24.2,964
10/8/2019 11:46,datasets/dataset_cropped/10_Metas/08/11/20191008114600_00160.jpg,datasets_flow/dataset_cropped/10_Metas/08/11/20191008114600_00160.jpg,datasets_cloudmask/dataset_cropped/10_Metas/08/11/20191008114600_00160.png,858,832,277.9,24.3,964
10/8/2019 11:47,datasets/dataset_cropped/10_Metas/08/11/20191008114700_00160.jpg,datasets_flow/dataset_cropped/10_Metas/08/11/20191008114700_00160.jpg,datasets_cloudmask/dataset_cropped/10_Metas/08/11/20191008114700_00160.png,881,848,288.1,24.2,964
10/8/2019 11:48,datasets/dataset_cropped/10_Metas/08/11/20191008114800_00160.jpg,datasets_flow/dataset_cropped/10_Metas/08/11/20191008114800_00160.jpg,datasets_cloudmask/dataset_cropped/10_Metas/08/11/20191008114800_00160.png,916,857,314.7,24.3,964
10/8/2019 11:49,datasets/dataset_cropped/10_Metas/08/11/20191008114900_00160.jpg,datasets_flow/dataset_cropped/10_Metas/08/11/20191008114900_00160.jpg,datasets_cloudmask/dataset_cropped/10_Metas/08/11/20191008114900_00160.png,688.5,494.5,337.3,24.2,965
10/8/2019 11:50,datasets/dataset_cropped/10_Metas/08/11/20191008115000_00160.jpg,datasets_flow/dataset_cropped/10_Metas/08/11/20191008115000_00160.jpg,datasets_cloudmask/dataset_cropped/10_Metas/08/11/20191008115000_00160.png,573.5,341.8,335.9,24,964
10/8/2019 11:51,datasets/dataset_cropped/10_Metas/08/11/20191008115100_00160.jpg,datasets_flow/dataset_cropped/10_Metas/08/11/20191008115100_00160.jpg,datasets_cloudmask/dataset_cropped/10_Metas/08/11/20191008115100_00160.png,850,713.9,348.6,23.6,964
10/8/2019 11:52,datasets/dataset_cropped/10_Metas/08/11/20191008115200_00160.jpg,datasets_flow/dataset_cropped/10_Metas/08/11/20191008115200_00160.jpg,datasets_cloudmask/dataset_cropped/10_Metas/08/11/20191008115200_00160.png,596.4,319.9,364.1,23.6,964
10/8/2019 11:53,datasets/dataset_cropped/10_Metas/08/11/20191008115300_00160.jpg,datasets_flow/dataset_cropped/10_Metas/08/11/20191008115300_00160.jpg,datasets_cloudmask/dataset_cropped/10_Metas/08/11/20191008115300_00160.png,487.4,208.8,340.5,23.7,964
10/8/2019 11:54,datasets/dataset_cropped/10_Metas/08/11/20191008115400_00160.jpg,datasets_flow/dataset_cropped/10_Metas/08/11/20191008115400_00160.jpg,datasets_cloudmask/dataset_cropped/10_Metas/08/11/20191008115400_00160.png,861,819,279.8,24.1,964
10/8/2019 11:55,datasets/dataset_cropped/10_Metas/08/11/20191008115500_00160.jpg,datasets_flow/dataset_cropped/10_Metas/08/11/20191008115500_00160.jpg,datasets_cloudmask/dataset_cropped/10_Metas/08/11/20191008115500_00160.png,821,863,208,23.8,964
10/8/2019 11:56,datasets/dataset_cropped/10_Metas/08/11/20191008115600_00160.jpg,datasets_flow/dataset_cropped/10_Metas/08/11/20191008115600_00160.jpg,datasets_cloudmask/dataset_cropped/10_Metas/08/11/20191008115600_00160.png,800,876,177.6,23.7,964
10/8/2019 11:57,datasets/dataset_cropped/10_Metas/08/11/20191008115700_00160.jpg,datasets_flow/dataset_cropped/10_Metas/08/11/20191008115700_00160.jpg,datasets_cloudmask/dataset_cropped/10_Metas/08/11/20191008115700_00160.png,791.5,878,166.8,23.8,964
10/8/2019 11:58,datasets/dataset_cropped/10_Metas/08/11/20191008115800_00160.jpg,datasets_flow/dataset_cropped/10_Metas/08/11/20191008115800_00160.jpg,datasets_cloudmask/dataset_cropped/10_Metas/08/11/20191008115800_00160.png,778.8,882,150.8,23.5,964
10/8/2019 11:59,datasets/dataset_cropped/10_Metas/08/11/20191008115900_00160.jpg,datasets_flow/dataset_cropped/10_Metas/08/11/20191008115900_00160.jpg,datasets_cloudmask/dataset_cropped/10_Metas/08/11/20191008115900_00160.png,765.1,888,131.2,23.7,964
10/8/2019 12:00,datasets/dataset_cropped/10_Metas/08/12/20191008120000_00160.jpg,datasets_flow/dataset_cropped/10_Metas/08/12/20191008120000_00160.jpg,datasets_cloudmask/dataset_cropped/10_Metas/08/12/20191008120000_00160.png,752.7,886,120,23.8,964
10/8/2019 12:01,datasets/dataset_cropped/10_Metas/08/12/20191008120100_00160.jpg,datasets_flow/dataset_cropped/10_Metas/08/12/20191008120100_00160.jpg,datasets_cloudmask/dataset_cropped/10_Metas/08/12/20191008120100_00160.png,743.5,883,112.4,24.1,964
10/8/2019 12:02,datasets/dataset_cropped/10_Metas/08/12/20191008120200_00160.jpg,datasets_flow/dataset_cropped/10_Metas/08/12/20191008120200_00160.jpg,datasets_cloudmask/dataset_cropped/10_Metas/08/12/20191008120200_00160.png,737.5,881,106.7,24,964
10/8/2019 12:03,datasets/dataset_cropped/10_Metas/08/12/20191008120300_00160.jpg,datasets_flow/dataset_cropped/10_Metas/08/12/20191008120300_00160.jpg,datasets_cloudmask/dataset_cropped/10_Metas/08/12/20191008120300_00160.png,734.3,881,102.1,24.2,964
10/8/2019 12:04,datasets/dataset_cropped/10_Metas/08/12/20191008120400_00160.jpg,datasets_flow/dataset_cropped/10_Metas/08/12/20191008120400_00160.jpg,datasets_cloudmask/dataset_cropped/10_Metas/08/12/20191008120400_00160.png,729.1,877,99.3,24.1,964
10/8/2019 12:05,datasets/dataset_cropped/10_Metas/08/12/20191008120500_00160.jpg,datasets_flow/dataset_cropped/10_Metas/08/12/20191008120500_00160.jpg,datasets_cloudmask/dataset_cropped/10_Metas/08/12/20191008120500_00160.png,728.9,876,98.8,24.1,964
10/8/2019 12:06,datasets/dataset_cropped/10_Metas/08/12/20191008120600_00160.jpg,datasets_flow/dataset_cropped/10_Metas/08/12/20191008120600_00160.jpg,datasets_cloudmask/dataset_cropped/10_Metas/08/12/20191008120600_00160.png,731.3,879,98.4,23.9,964
10/8/2019 12:07,datasets/dataset_cropped/10_Metas/08/12/20191008120700_00160.jpg,datasets_flow/dataset_cropped/10_Metas/08/12/20191008120700_00160.jpg,datasets_cloudmask/dataset_cropped/10_Metas/08/12/20191008120700_00160.png,733.1,880,98.9,23.9,964
10/8/2019 12:08,datasets/dataset_cropped/10_Metas/08/12/20191008120800_00160.jpg,datasets_flow/dataset_cropped/10_Metas/08/12/20191008120800_00160.jpg,datasets_cloudmask/dataset_cropped/10_Metas/08/12/20191008120800_00160.png,734.2,881,98.9,23.8,964
10/8/2019 12:09,datasets/dataset_cropped/10_Metas/08/12/20191008120900_00160.jpg,datasets_flow/dataset_cropped/10_Metas/08/12/20191008120900_00160.jpg,datasets_cloudmask/dataset_cropped/10_Metas/08/12/20191008120900_00160.png,735.8,883,98.8,23.8,964
10/8/2019 12:10,datasets/dataset_cropped/10_Metas/08/12/20191008121000_00160.jpg,datasets_flow/dataset_cropped/10_Metas/08/12/20191008121000_00160.jpg,datasets_cloudmask/dataset_cropped/10_Metas/08/12/20191008121000_00160.png,739.4,888,98.3,23.9,964
10/8/2019 12:11,datasets/dataset_cropped/10_Metas/08/12/20191008121100_00160.jpg,datasets_flow/dataset_cropped/10_Metas/08/12/20191008121100_00160.jpg,datasets_cloudmask/dataset_cropped/10_Metas/08/12/20191008121100_00160.png,738.7,885,99,24,964
10/8/2019 12:12,datasets/dataset_cropped/10_Metas/08/12/20191008121200_00160.jpg,datasets_flow/dataset_cropped/10_Metas/08/12/20191008121200_00160.jpg,datasets_cloudmask/dataset_cropped/10_Metas/08/12/20191008121200_00160.png,741.1,887,100,24.1,964
10/8/2019 12:13,datasets/dataset_cropped/10_Metas/08/12/20191008121300_00160.jpg,datasets_flow/dataset_cropped/10_Metas/08/12/20191008121300_00160.jpg,datasets_cloudmask/dataset_cropped/10_Metas/08/12/20191008121300_00160.png,743.8,889,100.8,24.1,964
10/8/2019 12:14,datasets/dataset_cropped/10_Metas/08/12/20191008121400_00160.jpg,datasets_flow/dataset_cropped/10_Metas/08/12/20191008121400_00160.jpg,datasets_cloudmask/dataset_cropped/10_Metas/08/12/20191008121400_00160.png,743.5,886,101.6,24.1,964
10/8/2019 12:15,datasets/dataset_cropped/10_Metas/08/12/20191008121500_00160.jpg,datasets_flow/dataset_cropped/10_Metas/08/12/20191008121500_00160.jpg,datasets_cloudmask/dataset_cropped/10_Metas/08/12/20191008121500_00160.png,744.4,884,103.3,24.1,964
10/8/2019 12:16,datasets/dataset_cropped/10_Metas/08/12/20191008121600_00160.jpg,datasets_flow/dataset_cropped/10_Metas/08/12/20191008121600_00160.jpg,datasets_cloudmask/dataset_cropped/10_Metas/08/12/20191008121600_00160.png,745.5,881,105.9,23.9,964
10/8/2019 12:17,datasets/dataset_cropped/10_Metas/08/12/20191008121700_00160.jpg,datasets_flow/dataset_cropped/10_Metas/08/12/20191008121700_00160.jpg,datasets_cloudmask/dataset_cropped/10_Metas/08/12/20191008121700_00160.png,745.7,877,109,24.1,964
10/8/2019 12:18,datasets/dataset_cropped/10_Metas/08/12/20191008121800_00160.jpg,datasets_flow/dataset_cropped/10_Metas/08/12/20191008121800_00160.jpg,datasets_cloudmask/dataset_cropped/10_Metas/08/12/20191008121800_00160.png,751.2,878,112.6,24.1,964
10/8/2019 12:19,datasets/dataset_cropped/10_Metas/08/12/20191008121900_00160.jpg,datasets_flow/dataset_cropped/10_Metas/08/12/20191008121900_00160.jpg,datasets_cloudmask/dataset_cropped/10_Metas/08/12/20191008121900_00160.png,758.1,878,119.1,24.3,964
10/8/2019 12:20,datasets/dataset_cropped/10_Metas/08/12/20191008122000_00160.jpg,datasets_flow/dataset_cropped/10_Metas/08/12/20191008122000_00160.jpg,datasets_cloudmask/dataset_cropped/10_Metas/08/12/20191008122000_00160.png,765.6,875,128.5,24.3,964
10/8/2019 12:21,datasets/dataset_cropped/10_Metas/08/12/20191008122100_00160.jpg,datasets_flow/dataset_cropped/10_Metas/08/12/20191008122100_00160.jpg,datasets_cloudmask/dataset_cropped/10_Metas/08/12/20191008122100_00160.png,770.4,865,139.6,24.1,964
10/8/2019 12:22,datasets/dataset_cropped/10_Metas/08/12/20191008122200_00160.jpg,datasets_flow/dataset_cropped/10_Metas/08/12/20191008122200_00160.jpg,datasets_cloudmask/dataset_cropped/10_Metas/08/12/20191008122200_00160.png,768.5,848,149.2,24.3,964
10/8/2019 12:23,datasets/dataset_cropped/10_Metas/08/12/20191008122300_00160.jpg,datasets_flow/dataset_cropped/10_Metas/08/12/20191008122300_00160.jpg,datasets_cloudmask/dataset_cropped/10_Metas/08/12/20191008122300_00160.png,779.8,856,153.8,24.1,964
10/8/2019 12:24,datasets/dataset_cropped/10_Metas/08/12/20191008122400_00160.jpg,datasets_flow/dataset_cropped/10_Metas/08/12/20191008122400_00160.jpg,datasets_cloudmask/dataset_cropped/10_Metas/08/12/20191008122400_00160.png,797,872,158.9,24,964
10/8/2019 12:25,datasets/dataset_cropped/10_Metas/08/12/20191008122500_00160.jpg,datasets_flow/dataset_cropped/10_Metas/08/12/20191008122500_00160.jpg,datasets_cloudmask/dataset_cropped/10_Metas/08/12/20191008122500_00160.png,701.5,736.8,159.9,24.1,964
10/8/2019 12:26,datasets/dataset_cropped/10_Metas/08/12/20191008122600_00160.jpg,datasets_flow/dataset_cropped/10_Metas/08/12/20191008122600_00160.jpg,datasets_cloudmask/dataset_cropped/10_Metas/08/12/20191008122600_00160.png,787.2,862,156,24.1,964
10/8/2019 12:27,datasets/dataset_cropped/10_Metas/08/12/20191008122700_00160.jpg,datasets_flow/dataset_cropped/10_Metas/08/12/20191008122700_00160.jpg,datasets_cloudmask/dataset_cropped/10_Metas/08/12/20191008122700_00160.png,793.1,868,156.9,24.1,964
10/8/2019 12:28,datasets/dataset_cropped/10_Metas/08/12/20191008122800_00160.jpg,datasets_flow/dataset_cropped/10_Metas/08/12/20191008122800_00160.jpg,datasets_cloudmask/dataset_cropped/10_Metas/08/12/20191008122800_00160.png,789.9,862,157.4,24.1,964
10/8/2019 12:29,datasets/dataset_cropped/10_Metas/08/12/20191008122900_00160.jpg,datasets_flow/dataset_cropped/10_Metas/08/12/20191008122900_00160.jpg,datasets_cloudmask/dataset_cropped/10_Metas/08/12/20191008122900_00160.png,795.8,866,159.3,24.4,964
10/8/2019 12:30,datasets/dataset_cropped/10_Metas/08/12/20191008123000_00160.jpg,datasets_flow/dataset_cropped/10_Metas/08/12/20191008123000_00160.jpg,datasets_cloudmask/dataset_cropped/10_Metas/08/12/20191008123000_00160.png,804,870,163.5,24.1,964
10/8/2019 12:31,datasets/dataset_cropped/10_Metas/08/12/20191008123100_00160.jpg,datasets_flow/dataset_cropped/10_Metas/08/12/20191008123100_00160.jpg,datasets_cloudmask/dataset_cropped/10_Metas/08/12/20191008123100_00160.png,801,845,178.2,23.9,964
10/8/2019 12:32,datasets/dataset_cropped/10_Metas/08/12/20191008123200_00160.jpg,datasets_flow/dataset_cropped/10_Metas/08/12/20191008123200_00160.jpg,datasets_cloudmask/dataset_cropped/10_Metas/08/12/20191008123200_00160.png,654.8,596.5,213.4,24,964
10/8/2019 12:33,datasets/dataset_cropped/10_Metas/08/12/20191008123300_00160.jpg,datasets_flow/dataset_cropped/10_Metas/08/12/20191008123300_00160.jpg,datasets_cloudmask/dataset_cropped/10_Metas/08/12/20191008123300_00160.png,625.4,533.5,226.8,24.4,964
10/8/2019 12:34,datasets/dataset_cropped/10_Metas/08/12/20191008123400_00160.jpg,datasets_flow/dataset_cropped/10_Metas/08/12/20191008123400_00160.jpg,datasets_cloudmask/dataset_cropped/10_Metas/08/12/20191008123400_00160.png,745,727.2,211.2,24.2,964
10/8/2019 12:35,datasets/dataset_cropped/10_Metas/08/12/20191008123500_00160.jpg,datasets_flow/dataset_cropped/10_Metas/08/12/20191008123500_00160.jpg,datasets_cloudmask/dataset_cropped/10_Metas/08/12/20191008123500_00160.png,819,856,189,24.2,964
10/8/2019 12:36,datasets/dataset_cropped/10_Metas/08/12/20191008123600_00160.jpg,datasets_flow/dataset_cropped/10_Metas/08/12/20191008123600_00160.jpg,datasets_cloudmask/dataset_cropped/10_Metas/08/12/20191008123600_00160.png,816,871,174.2,24.1,964
10/8/2019 12:37,datasets/dataset_cropped/10_Metas/08/12/20191008123700_00160.jpg,datasets_flow/dataset_cropped/10_Metas/08/12/20191008123700_00160.jpg,datasets_cloudmask/dataset_cropped/10_Metas/08/12/20191008123700_00160.png,816,880,166.6,24.1,964
10/8/2019 12:38,datasets/dataset_cropped/10_Metas/08/12/20191008123800_00160.jpg,datasets_flow/dataset_cropped/10_Metas/08/12/20191008123800_00160.jpg,datasets_cloudmask/dataset_cropped/10_Metas/08/12/20191008123800_00160.png,816,881,166.2,24.4,964
10/8/2019 12:39,datasets/dataset_cropped/10_Metas/08/12/20191008123900_00160.jpg,datasets_flow/dataset_cropped/10_Metas/08/12/20191008123900_00160.jpg,datasets_cloudmask/dataset_cropped/10_Metas/08/12/20191008123900_00160.png,816,878,167.9,24.4,964
10/8/2019 12:40,datasets/dataset_cropped/10_Metas/08/12/20191008124000_00160.jpg,datasets_flow/dataset_cropped/10_Metas/08/12/20191008124000_00160.jpg,datasets_cloudmask/dataset_cropped/10_Metas/08/12/20191008124000_00160.png,821,875,175.4,24.2,964
10/8/2019 12:41,datasets/dataset_cropped/10_Metas/08/12/20191008124100_00160.jpg,datasets_flow/dataset_cropped/10_Metas/08/12/20191008124100_00160.jpg,datasets_cloudmask/dataset_cropped/10_Metas/08/12/20191008124100_00160.png,833,864,193.5,24.1,964
10/8/2019 12:42,datasets/dataset_cropped/10_Metas/08/12/20191008124200_00160.jpg,datasets_flow/dataset_cropped/10_Metas/08/12/20191008124200_00160.jpg,datasets_cloudmask/dataset_cropped/10_Metas/08/12/20191008124200_00160.png,673,618,214.9,24.3,964
10/8/2019 12:43,datasets/dataset_cropped/10_Metas/08/12/20191008124300_00160.jpg,datasets_flow/dataset_cropped/10_Metas/08/12/20191008124300_00160.jpg,datasets_cloudmask/dataset_cropped/10_Metas/08/12/20191008124300_00160.png,444.1,286.8,227.4,24.4,964
10/8/2019 12:44,datasets/dataset_cropped/10_Metas/08/12/20191008124400_00160.jpg,datasets_flow/dataset_cropped/10_Metas/08/12/20191008124400_00160.jpg,datasets_cloudmask/dataset_cropped/10_Metas/08/12/20191008124400_00160.png,511.2,366.7,235.1,24.3,964
10/8/2019 12:45,datasets/dataset_cropped/10_Metas/08/12/20191008124500_00160.jpg,datasets_flow/dataset_cropped/10_Metas/08/12/20191008124500_00160.jpg,datasets_cloudmask/dataset_cropped/10_Metas/08/12/20191008124500_00160.png,791.5,748.9,231.4,24.3,964
10/8/2019 12:46,datasets/dataset_cropped/10_Metas/08/12/20191008124600_00160.jpg,datasets_flow/dataset_cropped/10_Metas/08/12/20191008124600_00160.jpg,datasets_cloudmask/dataset_cropped/10_Metas/08/12/20191008124600_00160.png,702.2,644,215.9,24.8,964
10/8/2019 12:47,datasets/dataset_cropped/10_Metas/08/12/20191008124700_00160.jpg,datasets_flow/dataset_cropped/10_Metas/08/12/20191008124700_00160.jpg,datasets_cloudmask/dataset_cropped/10_Metas/08/12/20191008124700_00160.png,778.5,788.2,201,24.7,964
10/8/2019 12:48,datasets/dataset_cropped/10_Metas/08/12/20191008124800_00160.jpg,datasets_flow/dataset_cropped/10_Metas/08/12/20191008124800_00160.jpg,datasets_cloudmask/dataset_cropped/10_Metas/08/12/20191008124800_00160.png,824,860,186.5,24.1,964
10/8/2019 12:49,datasets/dataset_cropped/10_Metas/08/12/20191008124900_00160.jpg,datasets_flow/dataset_cropped/10_Metas/08/12/20191008124900_00160.jpg,datasets_cloudmask/dataset_cropped/10_Metas/08/12/20191008124900_00160.png,805,848,175.1,24,964
10/8/2019 12:50,datasets/dataset_cropped/10_Metas/08/12/20191008125000_00160.jpg,datasets_flow/dataset_cropped/10_Metas/08/12/20191008125000_00160.jpg,datasets_cloudmask/dataset_cropped/10_Metas/08/12/20191008125000_00160.png,734.9,756.1,171.4,24.3,964
10/8/2019 12:51,datasets/dataset_cropped/10_Metas/08/12/20191008125100_00160.jpg,datasets_flow/dataset_cropped/10_Metas/08/12/20191008125100_00160.jpg,datasets_cloudmask/dataset_cropped/10_Metas/08/12/20191008125100_00160.png,731.5,746.4,176.3,24.5,964
10/8/2019 12:52,datasets/dataset_cropped/10_Metas/08/12/20191008125200_00160.jpg,datasets_flow/dataset_cropped/10_Metas/08/12/20191008125200_00160.jpg,datasets_cloudmask/dataset_cropped/10_Metas/08/12/20191008125200_00160.png,814,834,195.3,24.3,964
10/8/2019 12:53,datasets/dataset_cropped/10_Metas/08/12/20191008125300_00160.jpg,datasets_flow/dataset_cropped/10_Metas/08/12/20191008125300_00160.jpg,datasets_cloudmask/dataset_cropped/10_Metas/08/12/20191008125300_00160.png,564.7,453.6,223,24.4,964
10/8/2019 12:54,datasets/dataset_cropped/10_Metas/08/12/20191008125400_00160.jpg,datasets_flow/dataset_cropped/10_Metas/08/12/20191008125400_00160.jpg,datasets_cloudmask/dataset_cropped/10_Metas/08/12/20191008125400_00160.png,348,150.1,232.9,24.7,964
10/8/2019 12:55,datasets/dataset_cropped/10_Metas/08/12/20191008125500_00160.jpg,datasets_flow/dataset_cropped/10_Metas/08/12/20191008125500_00160.jpg,datasets_cloudmask/dataset_cropped/10_Metas/08/12/20191008125500_00160.png,326.6,109.2,239.8,24.8,964
10/8/2019 12:56,datasets/dataset_cropped/10_Metas/08/12/20191008125600_00160.jpg,datasets_flow/dataset_cropped/10_Metas/08/12/20191008125600_00160.jpg,datasets_cloudmask/dataset_cropped/10_Metas/08/12/20191008125600_00160.png,298.9,57.5,249.5,24.6,964
10/8/2019 12:57,datasets/dataset_cropped/10_Metas/08/12/20191008125700_00160.jpg,datasets_flow/dataset_cropped/10_Metas/08/12/20191008125700_00160.jpg,datasets_cloudmask/dataset_cropped/10_Metas/08/12/20191008125700_00160.png,293,47,253,24.1,964
10/8/2019 12:58,datasets/dataset_cropped/10_Metas/08/12/20191008125800_00160.jpg,datasets_flow/dataset_cropped/10_Metas/08/12/20191008125800_00160.jpg,datasets_cloudmask/dataset_cropped/10_Metas/08/12/20191008125800_00160.png,271.2,24.1,249.1,23.8,964
10/8/2019 12:59,datasets/dataset_cropped/10_Metas/08/12/20191008125900_00160.jpg,datasets_flow/dataset_cropped/10_Metas/08/12/20191008125900_00160.jpg,datasets_cloudmask/dataset_cropped/10_Metas/08/12/20191008125900_00160.png,285.4,49.6,242.6,23.7,964
10/8/2019 13:00,datasets/dataset_cropped/10_Metas/08/13/20191008130000_00160.jpg,datasets_flow/dataset_cropped/10_Metas/08/13/20191008130000_00160.jpg,datasets_cloudmask/dataset_cropped/10_Metas/08/13/20191008130000_00160.png,271.2,28.3,244.3,23.5,964
10/8/2019 13:01,datasets/dataset_cropped/10_Metas/08/13/20191008130100_00160.jpg,datasets_flow/dataset_cropped/10_Metas/08/13/20191008130100_00160.jpg,datasets_cloudmask/dataset_cropped/10_Metas/08/13/20191008130100_00160.png,255.2,3.2,248.9,23.6,964
10/8/2019 13:02,datasets/dataset_cropped/10_Metas/08/13/20191008130200_00160.jpg,datasets_flow/dataset_cropped/10_Metas/08/13/20191008130200_00160.jpg,datasets_cloudmask/dataset_cropped/10_Metas/08/13/20191008130200_00160.png,260,1.9,254.9,23.8,964
10/8/2019 13:03,datasets/dataset_cropped/10_Metas/08/13/20191008130300_00160.jpg,datasets_flow/dataset_cropped/10_Metas/08/13/20191008130300_00160.jpg,datasets_cloudmask/dataset_cropped/10_Metas/08/13/20191008130300_00160.png,267.2,8.2,257.9,23.7,964
10/8/2019 13:04,datasets/dataset_cropped/10_Metas/08/13/20191008130400_00160.jpg,datasets_flow/dataset_cropped/10_Metas/08/13/20191008130400_00160.jpg,datasets_cloudmask/dataset_cropped/10_Metas/08/13/20191008130400_00160.png,277.8,26.8,255.3,23.8,964
10/8/2019 13:05,datasets/dataset_cropped/10_Metas/08/13/20191008130500_00160.jpg,datasets_flow/dataset_cropped/10_Metas/08/13/20191008130500_00160.jpg,datasets_cloudmask/dataset_cropped/10_Metas/08/13/20191008130500_00160.png,302.4,77.1,239.4,23.9,964
10/8/2019 13:06,datasets/dataset_cropped/10_Metas/08/13/20191008130600_00160.jpg,datasets_flow/dataset_cropped/10_Metas/08/13/20191008130600_00160.jpg,datasets_cloudmask/dataset_cropped/10_Metas/08/13/20191008130600_00160.png,430.7,293.3,206.6,24,964
10/8/2019 13:07,datasets/dataset_cropped/10_Metas/08/13/20191008130700_00160.jpg,datasets_flow/dataset_cropped/10_Metas/08/13/20191008130700_00160.jpg,datasets_cloudmask/dataset_cropped/10_Metas/08/13/20191008130700_00160.png,699.2,723.5,169.9,24,964
10/8/2019 13:08,datasets/dataset_cropped/10_Metas/08/13/20191008130800_00160.jpg,datasets_flow/dataset_cropped/10_Metas/08/13/20191008130800_00160.jpg,datasets_cloudmask/dataset_cropped/10_Metas/08/13/20191008130800_00160.png,787.6,865,150.4,23.9,964
10/8/2019 13:09,datasets/dataset_cropped/10_Metas/08/13/20191008130900_00160.jpg,datasets_flow/dataset_cropped/10_Metas/08/13/20191008130900_00160.jpg,datasets_cloudmask/dataset_cropped/10_Metas/08/13/20191008130900_00160.png,782,876,137.9,23.9,963
10/8/2019 13:10,datasets/dataset_cropped/10_Metas/08/13/20191008131000_00160.jpg,datasets_flow/dataset_cropped/10_Metas/08/13/20191008131000_00160.jpg,datasets_cloudmask/dataset_cropped/10_Metas/08/13/20191008131000_00160.png,773.6,877,128.5,23.8,964
10/8/2019 13:11,datasets/dataset_cropped/10_Metas/08/13/20191008131100_00160.jpg,datasets_flow/dataset_cropped/10_Metas/08/13/20191008131100_00160.jpg,datasets_cloudmask/dataset_cropped/10_Metas/08/13/20191008131100_00160.png,769.9,881,122.5,23.9,964
10/8/2019 13:12,datasets/dataset_cropped/10_Metas/08/13/20191008131200_00160.jpg,datasets_flow/dataset_cropped/10_Metas/08/13/20191008131200_00160.jpg,datasets_cloudmask/dataset_cropped/10_Metas/08/13/20191008131200_00160.png,768.5,883,119.4,24,964
10/8/2019 13:13,datasets/dataset_cropped/10_Metas/08/13/20191008131300_00160.jpg,datasets_flow/dataset_cropped/10_Metas/08/13/20191008131300_00160.jpg,datasets_cloudmask/dataset_cropped/10_Metas/08/13/20191008131300_00160.png,766,883,117.5,24.4,964
10/8/2019 13:14,datasets/dataset_cropped/10_Metas/08/13/20191008131400_00160.jpg,datasets_flow/dataset_cropped/10_Metas/08/13/20191008131400_00160.jpg,datasets_cloudmask/dataset_cropped/10_Metas/08/13/20191008131400_00160.png,764.8,884,115.9,24.1,963
10/8/2019 13:15,datasets/dataset_cropped/10_Metas/08/13/20191008131500_00160.jpg,datasets_flow/dataset_cropped/10_Metas/08/13/20191008131500_00160.jpg,datasets_cloudmask/dataset_cropped/10_Metas/08/13/20191008131500_00160.png,763.8,884,114.7,24.2,964
10/8/2019 13:16,datasets/dataset_cropped/10_Metas/08/13/20191008131600_00160.jpg,datasets_flow/dataset_cropped/10_Metas/08/13/20191008131600_00160.jpg,datasets_cloudmask/dataset_cropped/10_Metas/08/13/20191008131600_00160.png,760,880,113.9,24.4,963
10/8/2019 13:17,datasets/dataset_cropped/10_Metas/08/13/20191008131700_00160.jpg,datasets_flow/dataset_cropped/10_Metas/08/13/20191008131700_00160.jpg,datasets_cloudmask/dataset_cropped/10_Metas/08/13/20191008131700_00160.png,756.4,875,114.1,24.6,963
10/8/2019 13:18,datasets/dataset_cropped/10_Metas/08/13/20191008131800_00160.jpg,datasets_flow/dataset_cropped/10_Metas/08/13/20191008131800_00160.jpg,datasets_cloudmask/dataset_cropped/10_Metas/08/13/20191008131800_00160.png,755.1,874,114.5,24.4,963
10/8/2019 13:19,datasets/dataset_cropped/10_Metas/08/13/20191008131900_00160.jpg,datasets_flow/dataset_cropped/10_Metas/08/13/20191008131900_00160.jpg,datasets_cloudmask/dataset_cropped/10_Metas/08/13/20191008131900_00160.png,753.9,871,114.4,24.3,963
10/8/2019 13:20,datasets/dataset_cropped/10_Metas/08/13/20191008132000_00160.jpg,datasets_flow/dataset_cropped/10_Metas/08/13/20191008132000_00160.jpg,datasets_cloudmask/dataset_cropped/10_Metas/08/13/20191008132000_00160.png,753.3,871,114,24.4,963
10/8/2019 13:21,datasets/dataset_cropped/10_Metas/08/13/20191008132100_00160.jpg,datasets_flow/dataset_cropped/10_Metas/08/13/20191008132100_00160.jpg,datasets_cloudmask/dataset_cropped/10_Metas/08/13/20191008132100_00160.png,753.7,872,113.2,24.4,963
10/8/2019 13:22,datasets/dataset_cropped/10_Metas/08/13/20191008132200_00160.jpg,datasets_flow/dataset_cropped/10_Metas/08/13/20191008132200_00160.jpg,datasets_cloudmask/dataset_cropped/10_Metas/08/13/20191008132200_00160.png,751.9,871,112.8,24.3,963
10/8/2019 13:23,datasets/dataset_cropped/10_Metas/08/13/20191008132300_00160.jpg,datasets_flow/dataset_cropped/10_Metas/08/13/20191008132300_00160.jpg,datasets_cloudmask/dataset_cropped/10_Metas/08/13/20191008132300_00160.png,753.1,874,112.2,24.2,963
10/8/2019 13:24,datasets/dataset_cropped/10_Metas/08/13/20191008132400_00160.jpg,datasets_flow/dataset_cropped/10_Metas/08/13/20191008132400_00160.jpg,datasets_cloudmask/dataset_cropped/10_Metas/08/13/20191008132400_00160.png,756.2,879,112.1,24.2,963
10/8/2019 13:25,datasets/dataset_cropped/10_Metas/08/13/20191008132500_00160.jpg,datasets_flow/dataset_cropped/10_Metas/08/13/20191008132500_00160.jpg,datasets_cloudmask/dataset_cropped/10_Metas/08/13/20191008132500_00160.png,754.5,878,111.7,24.6,963
10/8/2019 13:26,datasets/dataset_cropped/10_Metas/08/13/20191008132600_00160.jpg,datasets_flow/dataset_cropped/10_Metas/08/13/20191008132600_00160.jpg,datasets_cloudmask/dataset_cropped/10_Metas/08/13/20191008132600_00160.png,754.2,878,111.3,24.5,963
10/8/2019 13:27,datasets/dataset_cropped/10_Metas/08/13/20191008132700_00160.jpg,datasets_flow/dataset_cropped/10_Metas/08/13/20191008132700_00160.jpg,datasets_cloudmask/dataset_cropped/10_Metas/08/13/20191008132700_00160.png,754.6,880,110.8,24.5,963
10/8/2019 13:28,datasets/dataset_cropped/10_Metas/08/13/20191008132800_00160.jpg,datasets_flow/dataset_cropped/10_Metas/08/13/20191008132800_00160.jpg,datasets_cloudmask/dataset_cropped/10_Metas/08/13/20191008132800_00160.png,755.3,881,111.1,24.4,963
10/8/2019 13:29,datasets/dataset_cropped/10_Metas/08/13/20191008132900_00160.jpg,datasets_flow/dataset_cropped/10_Metas/08/13/20191008132900_00160.jpg,datasets_cloudmask/dataset_cropped/10_Metas/08/13/20191008132900_00160.png,754.6,878,112.7,24.5,963
10/8/2019 13:30,datasets/dataset_cropped/10_Metas/08/13/20191008133000_00160.jpg,datasets_flow/dataset_cropped/10_Metas/08/13/20191008133000_00160.jpg,datasets_cloudmask/dataset_cropped/10_Metas/08/13/20191008133000_00160.png,751.5,871,114.9,24.6,963
10/8/2019 13:31,datasets/dataset_cropped/10_Metas/08/13/20191008133100_00160.jpg,datasets_flow/dataset_cropped/10_Metas/08/13/20191008133100_00160.jpg,datasets_cloudmask/dataset_cropped/10_Metas/08/13/20191008133100_00160.png,742.7,858,115.6,24.6,963
10/8/2019 13:32,datasets/dataset_cropped/10_Metas/08/13/20191008133200_00160.jpg,datasets_flow/dataset_cropped/10_Metas/08/13/20191008133200_00160.jpg,datasets_cloudmask/dataset_cropped/10_Metas/08/13/20191008133200_00160.png,735.6,848,116.5,24.6,963
10/8/2019 13:33,datasets/dataset_cropped/10_Metas/08/13/20191008133300_00160.jpg,datasets_flow/dataset_cropped/10_Metas/08/13/20191008133300_00160.jpg,datasets_cloudmask/dataset_cropped/10_Metas/08/13/20191008133300_00160.png,728.9,840,116.5,24.9,963
10/8/2019 13:34,datasets/dataset_cropped/10_Metas/08/13/20191008133400_00160.jpg,datasets_flow/dataset_cropped/10_Metas/08/13/20191008133400_00160.jpg,datasets_cloudmask/dataset_cropped/10_Metas/08/13/20191008133400_00160.png,728.5,843,115.1,25,963
10/8/2019 13:35,datasets/dataset_cropped/10_Metas/08/13/20191008133500_00160.jpg,datasets_flow/dataset_cropped/10_Metas/08/13/20191008133500_00160.jpg,datasets_cloudmask/dataset_cropped/10_Metas/08/13/20191008133500_00160.png,731,848,113.8,25,963
10/8/2019 13:36,datasets/dataset_cropped/10_Metas/08/13/20191008133600_00160.jpg,datasets_flow/dataset_cropped/10_Metas/08/13/20191008133600_00160.jpg,datasets_cloudmask/dataset_cropped/10_Metas/08/13/20191008133600_00160.png,740,860,114.4,25,963
10/8/2019 13:37,datasets/dataset_cropped/10_Metas/08/13/20191008133700_00160.jpg,datasets_flow/dataset_cropped/10_Metas/08/13/20191008133700_00160.jpg,datasets_cloudmask/dataset_cropped/10_Metas/08/13/20191008133700_00160.png,745.9,865,116.9,24.8,963
10/8/2019 13:38,datasets/dataset_cropped/10_Metas/08/13/20191008133800_00160.jpg,datasets_flow/dataset_cropped/10_Metas/08/13/20191008133800_00160.jpg,datasets_cloudmask/dataset_cropped/10_Metas/08/13/20191008133800_00160.png,716.6,825,117.7,24.7,963
10/8/2019 13:39,datasets/dataset_cropped/10_Metas/08/13/20191008133900_00160.jpg,datasets_flow/dataset_cropped/10_Metas/08/13/20191008133900_00160.jpg,datasets_cloudmask/dataset_cropped/10_Metas/08/13/20191008133900_00160.png,738.6,862,112.3,24.6,963
10/8/2019 13:40,datasets/dataset_cropped/10_Metas/08/13/20191008134000_00160.jpg,datasets_flow/dataset_cropped/10_Metas/08/13/20191008134000_00160.jpg,datasets_cloudmask/dataset_cropped/10_Metas/08/13/20191008134000_00160.png,741.3,867,111.8,24.9,963
10/8/2019 13:41,datasets/dataset_cropped/10_Metas/08/13/20191008134100_00160.jpg,datasets_flow/dataset_cropped/10_Metas/08/13/20191008134100_00160.jpg,datasets_cloudmask/dataset_cropped/10_Metas/08/13/20191008134100_00160.png,739.5,864,112.9,25.4,963
10/8/2019 13:42,datasets/dataset_cropped/10_Metas/08/13/20191008134200_00160.jpg,datasets_flow/dataset_cropped/10_Metas/08/13/20191008134200_00160.jpg,datasets_cloudmask/dataset_cropped/10_Metas/08/13/20191008134200_00160.png,741.8,868,113.1,25.5,963
10/8/2019 13:43,datasets/dataset_cropped/10_Metas/08/13/20191008134300_00160.jpg,datasets_flow/dataset_cropped/10_Metas/08/13/20191008134300_00160.jpg,datasets_cloudmask/dataset_cropped/10_Metas/08/13/20191008134300_00160.png,740.4,868,112.6,25.4,963
10/8/2019 13:44,datasets/dataset_cropped/10_Metas/08/13/20191008134400_00160.jpg,datasets_flow/dataset_cropped/10_Metas/08/13/20191008134400_00160.jpg,datasets_cloudmask/dataset_cropped/10_Metas/08/13/20191008134400_00160.png,740.7,868,113.3,25.6,963
10/8/2019 13:45,datasets/dataset_cropped/10_Metas/08/13/20191008134500_00160.jpg,datasets_flow/dataset_cropped/10_Metas/08/13/20191008134500_00160.jpg,datasets_cloudmask/dataset_cropped/10_Metas/08/13/20191008134500_00160.png,739.6,867,113.5,25.6,963
10/8/2019 13:46,datasets/dataset_cropped/10_Metas/08/13/20191008134600_00160.jpg,datasets_flow/dataset_cropped/10_Metas/08/13/20191008134600_00160.jpg,datasets_cloudmask/dataset_cropped/10_Metas/08/13/20191008134600_00160.png,737.7,867,112.3,25.6,963
10/8/2019 13:47,datasets/dataset_cropped/10_Metas/08/13/20191008134700_00160.jpg,datasets_flow/dataset_cropped/10_Metas/08/13/20191008134700_00160.jpg,datasets_cloudmask/dataset_cropped/10_Metas/08/13/20191008134700_00160.png,733.7,867,109,25.2,963
10/8/2019 13:48,datasets/dataset_cropped/10_Metas/08/13/20191008134800_00160.jpg,datasets_flow/dataset_cropped/10_Metas/08/13/20191008134800_00160.jpg,datasets_cloudmask/dataset_cropped/10_Metas/08/13/20191008134800_00160.png,732.5,869,106.8,25,963
10/8/2019 13:49,datasets/dataset_cropped/10_Metas/08/13/20191008134900_00160.jpg,datasets_flow/dataset_cropped/10_Metas/08/13/20191008134900_00160.jpg,datasets_cloudmask/dataset_cropped/10_Metas/08/13/20191008134900_00160.png,732.4,871,105.9,25.2,963
10/8/2019 13:50,datasets/dataset_cropped/10_Metas/08/13/20191008135000_00160.jpg,datasets_flow/dataset_cropped/10_Metas/08/13/20191008135000_00160.jpg,datasets_cloudmask/dataset_cropped/10_Metas/08/13/20191008135000_00160.png,734.2,875,105.9,24.9,963
10/8/2019 13:51,datasets/dataset_cropped/10_Metas/08/13/20191008135100_00160.jpg,datasets_flow/dataset_cropped/10_Metas/08/13/20191008135100_00160.jpg,datasets_cloudmask/dataset_cropped/10_Metas/08/13/20191008135100_00160.png,734.5,876,106.5,24.8,963
10/8/2019 13:52,datasets/dataset_cropped/10_Metas/08/13/20191008135200_00160.jpg,datasets_flow/dataset_cropped/10_Metas/08/13/20191008135200_00160.jpg,datasets_cloudmask/dataset_cropped/10_Metas/08/13/20191008135200_00160.png,734.2,876,107.1,24.8,963
10/8/2019 13:53,datasets/dataset_cropped/10_Metas/08/13/20191008135300_00160.jpg,datasets_flow/dataset_cropped/10_Metas/08/13/20191008135300_00160.jpg,datasets_cloudmask/dataset_cropped/10_Metas/08/13/20191008135300_00160.png,734.2,875,108.8,24.8,963
10/8/2019 13:54,datasets/dataset_cropped/10_Metas/08/13/20191008135400_00160.jpg,datasets_flow/dataset_cropped/10_Metas/08/13/20191008135400_00160.jpg,datasets_cloudmask/dataset_cropped/10_Metas/08/13/20191008135400_00160.png,733.4,872,110.4,24.8,963
10/8/2019 13:55,datasets/dataset_cropped/10_Metas/08/13/20191008135500_00160.jpg,datasets_flow/dataset_cropped/10_Metas/08/13/20191008135500_00160.jpg,datasets_cloudmask/dataset_cropped/10_Metas/08/13/20191008135500_00160.png,732.7,867,113.6,25.2,963
10/8/2019 13:56,datasets/dataset_cropped/10_Metas/08/13/20191008135600_00160.jpg,datasets_flow/dataset_cropped/10_Metas/08/13/20191008135600_00160.jpg,datasets_cloudmask/dataset_cropped/10_Metas/08/13/20191008135600_00160.png,732.7,863,117.1,25.2,963
10/8/2019 13:57,datasets/dataset_cropped/10_Metas/08/13/20191008135700_00160.jpg,datasets_flow/dataset_cropped/10_Metas/08/13/20191008135700_00160.jpg,datasets_cloudmask/dataset_cropped/10_Metas/08/13/20191008135700_00160.png,731.5,860,118.9,25.1,963
10/8/2019 13:58,datasets/dataset_cropped/10_Metas/08/13/20191008135800_00160.jpg,datasets_flow/dataset_cropped/10_Metas/08/13/20191008135800_00160.jpg,datasets_cloudmask/dataset_cropped/10_Metas/08/13/20191008135800_00160.png,729.7,857,119.9,25.1,963
10/8/2019 13:59,datasets/dataset_cropped/10_Metas/08/13/20191008135900_00160.jpg,datasets_flow/dataset_cropped/10_Metas/08/13/20191008135900_00160.jpg,datasets_cloudmask/dataset_cropped/10_Metas/08/13/20191008135900_00160.png,731.5,857,122.3,25.1,963
10/8/2019 14:00,datasets/dataset_cropped/10_Metas/08/14/20191008140000_00160.jpg,datasets_flow/dataset_cropped/10_Metas/08/14/20191008140000_00160.jpg,datasets_cloudmask/dataset_cropped/10_Metas/08/14/20191008140000_00160.png,734.5,856,127.5,25.1,963
10/8/2019 14:01,datasets/dataset_cropped/10_Metas/08/14/20191008140100_00160.jpg,datasets_flow/dataset_cropped/10_Metas/08/14/20191008140100_00160.jpg,datasets_cloudmask/dataset_cropped/10_Metas/08/14/20191008140100_00160.png,735.7,854,130.7,25.3,963
10/8/2019 14:02,datasets/dataset_cropped/10_Metas/08/14/20191008140200_00160.jpg,datasets_flow/dataset_cropped/10_Metas/08/14/20191008140200_00160.jpg,datasets_cloudmask/dataset_cropped/10_Metas/08/14/20191008140200_00160.png,733.3,850,131.8,25.2,963
10/8/2019 14:03,datasets/dataset_cropped/10_Metas/08/14/20191008140300_00160.jpg,datasets_flow/dataset_cropped/10_Metas/08/14/20191008140300_00160.jpg,datasets_cloudmask/dataset_cropped/10_Metas/08/14/20191008140300_00160.png,727.9,846,129.4,25.4,963
10/8/2019 14:04,datasets/dataset_cropped/10_Metas/08/14/20191008140400_00160.jpg,datasets_flow/dataset_cropped/10_Metas/08/14/20191008140400_00160.jpg,datasets_cloudmask/dataset_cropped/10_Metas/08/14/20191008140400_00160.png,725.9,845,129.3,25.5,963
10/8/2019 14:05,datasets/dataset_cropped/10_Metas/08/14/20191008140500_00160.jpg,datasets_flow/dataset_cropped/10_Metas/08/14/20191008140500_00160.jpg,datasets_cloudmask/dataset_cropped/10_Metas/08/14/20191008140500_00160.png,726.1,841,132.4,25.7,963
10/8/2019 14:06,datasets/dataset_cropped/10_Metas/08/14/20191008140600_00160.jpg,datasets_flow/dataset_cropped/10_Metas/08/14/20191008140600_00160.jpg,datasets_cloudmask/dataset_cropped/10_Metas/08/14/20191008140600_00160.png,724.8,839,133.1,25.8,963
10/8/2019 14:07,datasets/dataset_cropped/10_Metas/08/14/20191008140700_00160.jpg,datasets_flow/dataset_cropped/10_Metas/08/14/20191008140700_00160.jpg,datasets_cloudmask/dataset_cropped/10_Metas/08/14/20191008140700_00160.png,733,845,138.2,25.9,963
10/8/2019 14:08,datasets/dataset_cropped/10_Metas/08/14/20191008140800_00160.jpg,datasets_flow/dataset_cropped/10_Metas/08/14/20191008140800_00160.jpg,datasets_cloudmask/dataset_cropped/10_Metas/08/14/20191008140800_00160.png,738.1,846,143.6,25.7,963
10/8/2019 14:09,datasets/dataset_cropped/10_Metas/08/14/20191008140900_00160.jpg,datasets_flow/dataset_cropped/10_Metas/08/14/20191008140900_00160.jpg,datasets_cloudmask/dataset_cropped/10_Metas/08/14/20191008140900_00160.png,745.6,845,152.6,25.1,963
10/8/2019 14:10,datasets/dataset_cropped/10_Metas/08/14/20191008141000_00160.jpg,datasets_flow/dataset_cropped/10_Metas/08/14/20191008141000_00160.jpg,datasets_cloudmask/dataset_cropped/10_Metas/08/14/20191008141000_00160.png,755.4,836,169.7,25,963
10/8/2019 14:11,datasets/dataset_cropped/10_Metas/08/14/20191008141100_00160.jpg,datasets_flow/dataset_cropped/10_Metas/08/14/20191008141100_00160.jpg,datasets_cloudmask/dataset_cropped/10_Metas/08/14/20191008141100_00160.png,768.5,830,188.2,25,963
10/8/2019 14:12,datasets/dataset_cropped/10_Metas/08/14/20191008141200_00160.jpg,datasets_flow/dataset_cropped/10_Metas/08/14/20191008141200_00160.jpg,datasets_cloudmask/dataset_cropped/10_Metas/08/14/20191008141200_00160.png,786.8,823,212.5,25,963
10/8/2019 14:13,datasets/dataset_cropped/10_Metas/08/14/20191008141300_00160.jpg,datasets_flow/dataset_cropped/10_Metas/08/14/20191008141300_00160.jpg,datasets_cloudmask/dataset_cropped/10_Metas/08/14/20191008141300_00160.png,808,816,240.1,25.3,963
10/8/2019 14:14,datasets/dataset_cropped/10_Metas/08/14/20191008141400_00160.jpg,datasets_flow/dataset_cropped/10_Metas/08/14/20191008141400_00160.jpg,datasets_cloudmask/dataset_cropped/10_Metas/08/14/20191008141400_00160.png,810,807,250.3,25.5,963
10/8/2019 14:15,datasets/dataset_cropped/10_Metas/08/14/20191008141500_00160.jpg,datasets_flow/dataset_cropped/10_Metas/08/14/20191008141500_00160.jpg,datasets_cloudmask/dataset_cropped/10_Metas/08/14/20191008141500_00160.png,799.7,777,261.1,25.5,963
10/8/2019 14:16,datasets/dataset_cropped/10_Metas/08/14/20191008141600_00160.jpg,datasets_flow/dataset_cropped/10_Metas/08/14/20191008141600_00160.jpg,datasets_cloudmask/dataset_cropped/10_Metas/08/14/20191008141600_00160.png,807,788.8,260.8,25.6,963
10/8/2019 14:17,datasets/dataset_cropped/10_Metas/08/14/20191008141700_00160.jpg,datasets_flow/dataset_cropped/10_Metas/08/14/20191008141700_00160.jpg,datasets_cloudmask/dataset_cropped/10_Metas/08/14/20191008141700_00160.png,758.3,728.3,253.6,25.6,963
10/8/2019 14:18,datasets/dataset_cropped/10_Metas/08/14/20191008141800_00160.jpg,datasets_flow/dataset_cropped/10_Metas/08/14/20191008141800_00160.jpg,datasets_cloudmask/dataset_cropped/10_Metas/08/14/20191008141800_00160.png,798.8,789.4,253.4,25.1,963
10/8/2019 14:19,datasets/dataset_cropped/10_Metas/08/14/20191008141900_00160.jpg,datasets_flow/dataset_cropped/10_Metas/08/14/20191008141900_00160.jpg,datasets_cloudmask/dataset_cropped/10_Metas/08/14/20191008141900_00160.png,793,785.9,250.2,25,963
10/8/2019 14:20,datasets/dataset_cropped/10_Metas/08/14/20191008142000_00160.jpg,datasets_flow/dataset_cropped/10_Metas/08/14/20191008142000_00160.jpg,datasets_cloudmask/dataset_cropped/10_Metas/08/14/20191008142000_00160.png,758.2,747.5,241.6,25.1,963
10/8/2019 14:21,datasets/dataset_cropped/10_Metas/08/14/20191008142100_00160.jpg,datasets_flow/dataset_cropped/10_Metas/08/14/20191008142100_00160.jpg,datasets_cloudmask/dataset_cropped/10_Metas/08/14/20191008142100_00160.png,698.9,674.5,234.1,25.1,963
10/8/2019 14:22,datasets/dataset_cropped/10_Metas/08/14/20191008142200_00160.jpg,datasets_flow/dataset_cropped/10_Metas/08/14/20191008142200_00160.jpg,datasets_cloudmask/dataset_cropped/10_Metas/08/14/20191008142200_00160.png,690.5,681.2,220.2,24.8,963
10/8/2019 14:23,datasets/dataset_cropped/10_Metas/08/14/20191008142300_00160.jpg,datasets_flow/dataset_cropped/10_Metas/08/14/20191008142300_00160.jpg,datasets_cloudmask/dataset_cropped/10_Metas/08/14/20191008142300_00160.png,697.3,711.8,208.6,24.6,963
10/8/2019 14:24,datasets/dataset_cropped/10_Metas/08/14/20191008142400_00160.jpg,datasets_flow/dataset_cropped/10_Metas/08/14/20191008142400_00160.jpg,datasets_cloudmask/dataset_cropped/10_Metas/08/14/20191008142400_00160.png,733.3,765.5,207.8,24.4,963
10/8/2019 14:25,datasets/dataset_cropped/10_Metas/08/14/20191008142500_00160.jpg,datasets_flow/dataset_cropped/10_Metas/08/14/20191008142500_00160.jpg,datasets_cloudmask/dataset_cropped/10_Metas/08/14/20191008142500_00160.png,741.6,788.7,201,24.1,963
10/8/2019 14:26,datasets/dataset_cropped/10_Metas/08/14/20191008142600_00160.jpg,datasets_flow/dataset_cropped/10_Metas/08/14/20191008142600_00160.jpg,datasets_cloudmask/dataset_cropped/10_Metas/08/14/20191008142600_00160.png,737.1,799.1,190.7,24.1,963
10/8/2019 14:27,datasets/dataset_cropped/10_Metas/08/14/20191008142700_00160.jpg,datasets_flow/dataset_cropped/10_Metas/08/14/20191008142700_00160.jpg,datasets_cloudmask/dataset_cropped/10_Metas/08/14/20191008142700_00160.png,737.2,806,187.3,24.1,963
10/8/2019 14:28,datasets/dataset_cropped/10_Metas/08/14/20191008142800_00160.jpg,datasets_flow/dataset_cropped/10_Metas/08/14/20191008142800_00160.jpg,datasets_cloudmask/dataset_cropped/10_Metas/08/14/20191008142800_00160.png,729.6,808,179.7,24.4,963
10/8/2019 14:29,datasets/dataset_cropped/10_Metas/08/14/20191008142900_00160.jpg,datasets_flow/dataset_cropped/10_Metas/08/14/20191008142900_00160.jpg,datasets_cloudmask/dataset_cropped/10_Metas/08/14/20191008142900_00160.png,724.1,813,171.7,24.5,963
10/8/2019 14:30,datasets/dataset_cropped/10_Metas/08/14/20191008143000_00160.jpg,datasets_flow/dataset_cropped/10_Metas/08/14/20191008143000_00160.jpg,datasets_cloudmask/dataset_cropped/10_Metas/08/14/20191008143000_00160.png,728.9,816,175.2,24.6,963
10/8/2019 14:31,datasets/dataset_cropped/10_Metas/08/14/20191008143100_00160.jpg,datasets_flow/dataset_cropped/10_Metas/08/14/20191008143100_00160.jpg,datasets_cloudmask/dataset_cropped/10_Metas/08/14/20191008143100_00160.png,640.5,691.7,173.7,24.9,963
10/8/2019 14:32,datasets/dataset_cropped/10_Metas/08/14/20191008143200_00160.jpg,datasets_flow/dataset_cropped/10_Metas/08/14/20191008143200_00160.jpg,datasets_cloudmask/dataset_cropped/10_Metas/08/14/20191008143200_00160.png,339.9,245,168.7,25,963
10/8/2019 14:33,datasets/dataset_cropped/10_Metas/08/14/20191008143300_00160.jpg,datasets_flow/dataset_cropped/10_Metas/08/14/20191008143300_00160.jpg,datasets_cloudmask/dataset_cropped/10_Metas/08/14/20191008143300_00160.png,688.1,761.6,171.5,25.2,963
10/8/2019 14:34,datasets/dataset_cropped/10_Metas/08/14/20191008143400_00160.jpg,datasets_flow/dataset_cropped/10_Metas/08/14/20191008143400_00160.jpg,datasets_cloudmask/dataset_cropped/10_Metas/08/14/20191008143400_00160.png,353.1,285.9,163.7,25,963
10/8/2019 14:35,datasets/dataset_cropped/10_Metas/08/14/20191008143500_00160.jpg,datasets_flow/dataset_cropped/10_Metas/08/14/20191008143500_00160.jpg,datasets_cloudmask/dataset_cropped/10_Metas/08/14/20191008143500_00160.png,390,334,161.2,24.9,963
10/8/2019 14:36,datasets/dataset_cropped/10_Metas/08/14/20191008143600_00160.jpg,datasets_flow/dataset_cropped/10_Metas/08/14/20191008143600_00160.jpg,datasets_cloudmask/dataset_cropped/10_Metas/08/14/20191008143600_00160.png,653.3,740.8,155.5,24.9,963
10/8/2019 14:37,datasets/dataset_cropped/10_Metas/08/14/20191008143700_00160.jpg,datasets_flow/dataset_cropped/10_Metas/08/14/20191008143700_00160.jpg,datasets_cloudmask/dataset_cropped/10_Metas/08/14/20191008143700_00160.png,646.5,759,140.3,25.4,963
10/8/2019 14:38,datasets/dataset_cropped/10_Metas/08/14/20191008143800_00160.jpg,datasets_flow/dataset_cropped/10_Metas/08/14/20191008143800_00160.jpg,datasets_cloudmask/dataset_cropped/10_Metas/08/14/20191008143800_00160.png,667,802,132.5,25.4,963
10/8/2019 14:39,datasets/dataset_cropped/10_Metas/08/14/20191008143900_00160.jpg,datasets_flow/dataset_cropped/10_Metas/08/14/20191008143900_00160.jpg,datasets_cloudmask/dataset_cropped/10_Metas/08/14/20191008143900_00160.png,666.7,809,129.7,25.5,963
10/8/2019 14:40,datasets/dataset_cropped/10_Metas/08/14/20191008144000_00160.jpg,datasets_flow/dataset_cropped/10_Metas/08/14/20191008144000_00160.jpg,datasets_cloudmask/dataset_cropped/10_Metas/08/14/20191008144000_00160.png,668.3,815,128.5,25.8,963
10/8/2019 14:41,datasets/dataset_cropped/10_Metas/08/14/20191008144100_00160.jpg,datasets_flow/dataset_cropped/10_Metas/08/14/20191008144100_00160.jpg,datasets_cloudmask/dataset_cropped/10_Metas/08/14/20191008144100_00160.png,669.3,818,128.9,25.5,963
10/8/2019 14:42,datasets/dataset_cropped/10_Metas/08/14/20191008144200_00160.jpg,datasets_flow/dataset_cropped/10_Metas/08/14/20191008144200_00160.jpg,datasets_cloudmask/dataset_cropped/10_Metas/08/14/20191008144200_00160.png,667,817,128.4,25.2,963
10/8/2019 14:43,datasets/dataset_cropped/10_Metas/08/14/20191008144300_00160.jpg,datasets_flow/dataset_cropped/10_Metas/08/14/20191008144300_00160.jpg,datasets_cloudmask/dataset_cropped/10_Metas/08/14/20191008144300_00160.png,665.3,819,126.7,24.9,963
10/8/2019 14:44,datasets/dataset_cropped/10_Metas/08/14/20191008144400_00160.jpg,datasets_flow/dataset_cropped/10_Metas/08/14/20191008144400_00160.jpg,datasets_cloudmask/dataset_cropped/10_Metas/08/14/20191008144400_00160.png,662.8,818,126.5,25,963
10/8/2019 14:45,datasets/dataset_cropped/10_Metas/08/14/20191008144500_00160.jpg,datasets_flow/dataset_cropped/10_Metas/08/14/20191008144500_00160.jpg,datasets_cloudmask/dataset_cropped/10_Metas/08/14/20191008144500_00160.png,659.1,816,125.5,25.2,963
10/8/2019 14:46,datasets/dataset_cropped/10_Metas/08/14/20191008144600_00160.jpg,datasets_flow/dataset_cropped/10_Metas/08/14/20191008144600_00160.jpg,datasets_cloudmask/dataset_cropped/10_Metas/08/14/20191008144600_00160.png,654.6,812,124.5,25.1,963
10/8/2019 14:47,datasets/dataset_cropped/10_Metas/08/14/20191008144700_00160.jpg,datasets_flow/dataset_cropped/10_Metas/08/14/20191008144700_00160.jpg,datasets_cloudmask/dataset_cropped/10_Metas/08/14/20191008144700_00160.png,652.8,812,124,24.9,963
10/8/2019 14:48,datasets/dataset_cropped/10_Metas/08/14/20191008144800_00160.jpg,datasets_flow/dataset_cropped/10_Metas/08/14/20191008144800_00160.jpg,datasets_cloudmask/dataset_cropped/10_Metas/08/14/20191008144800_00160.png,651.7,814,123.5,25,963
10/8/2019 14:49,datasets/dataset_cropped/10_Metas/08/14/20191008144900_00160.jpg,datasets_flow/dataset_cropped/10_Metas/08/14/20191008144900_00160.jpg,datasets_cloudmask/dataset_cropped/10_Metas/08/14/20191008144900_00160.png,646.7,809,122.6,24.9,963
10/8/2019 14:50,datasets/dataset_cropped/10_Metas/08/14/20191008145000_00160.jpg,datasets_flow/dataset_cropped/10_Metas/08/14/20191008145000_00160.jpg,datasets_cloudmask/dataset_cropped/10_Metas/08/14/20191008145000_00160.png,645.1,809,122.6,25.1,963
10/8/2019 14:51,datasets/dataset_cropped/10_Metas/08/14/20191008145100_00160.jpg,datasets_flow/dataset_cropped/10_Metas/08/14/20191008145100_00160.jpg,datasets_cloudmask/dataset_cropped/10_Metas/08/14/20191008145100_00160.png,641.9,806,122.3,25.3,963
10/8/2019 14:52,datasets/dataset_cropped/10_Metas/08/14/20191008145200_00160.jpg,datasets_flow/dataset_cropped/10_Metas/08/14/20191008145200_00160.jpg,datasets_cloudmask/dataset_cropped/10_Metas/08/14/20191008145200_00160.png,641.7,809,122.3,25.2,963
10/8/2019 14:53,datasets/dataset_cropped/10_Metas/08/14/20191008145300_00160.jpg,datasets_flow/dataset_cropped/10_Metas/08/14/20191008145300_00160.jpg,datasets_cloudmask/dataset_cropped/10_Metas/08/14/20191008145300_00160.png,638,806,121.7,25.1,963
10/8/2019 14:54,datasets/dataset_cropped/10_Metas/08/14/20191008145400_00160.jpg,datasets_flow/dataset_cropped/10_Metas/08/14/20191008145400_00160.jpg,datasets_cloudmask/dataset_cropped/10_Metas/08/14/20191008145400_00160.png,631,796,121.8,25.2,963
10/8/2019 14:55,datasets/dataset_cropped/10_Metas/08/14/20191008145500_00160.jpg,datasets_flow/dataset_cropped/10_Metas/08/14/20191008145500_00160.jpg,datasets_cloudmask/dataset_cropped/10_Metas/08/14/20191008145500_00160.png,621.9,780.9,123.6,25.3,963
10/8/2019 14:56,datasets/dataset_cropped/10_Metas/08/14/20191008145600_00160.jpg,datasets_flow/dataset_cropped/10_Metas/08/14/20191008145600_00160.jpg,datasets_cloudmask/dataset_cropped/10_Metas/08/14/20191008145600_00160.png,611.8,763.2,126,25.5,963
10/8/2019 14:57,datasets/dataset_cropped/10_Metas/08/14/20191008145700_00160.jpg,datasets_flow/dataset_cropped/10_Metas/08/14/20191008145700_00160.jpg,datasets_cloudmask/dataset_cropped/10_Metas/08/14/20191008145700_00160.png,574,702.3,128.3,25.6,963
10/8/2019 14:58,datasets/dataset_cropped/10_Metas/08/14/20191008145800_00160.jpg,datasets_flow/dataset_cropped/10_Metas/08/14/20191008145800_00160.jpg,datasets_cloudmask/dataset_cropped/10_Metas/08/14/20191008145800_00160.png,597.7,740.5,129.3,25.5,963
10/8/2019 14:59,datasets/dataset_cropped/10_Metas/08/14/20191008145900_00160.jpg,datasets_flow/dataset_cropped/10_Metas/08/14/20191008145900_00160.jpg,datasets_cloudmask/dataset_cropped/10_Metas/08/14/20191008145900_00160.png,612.4,764.6,130.8,25.3,963
10/8/2019 15:00,datasets/dataset_cropped/10_Metas/08/15/20191008150000_00160.jpg,datasets_flow/dataset_cropped/10_Metas/08/15/20191008150000_00160.jpg,datasets_cloudmask/dataset_cropped/10_Metas/08/15/20191008150000_00160.png,617.8,769.4,133.9,25.4,963
10/8/2019 15:01,datasets/dataset_cropped/10_Metas/08/15/20191008150100_00160.jpg,datasets_flow/dataset_cropped/10_Metas/08/15/20191008150100_00160.jpg,datasets_cloudmask/dataset_cropped/10_Metas/08/15/20191008150100_00160.png,627.9,782.5,137.3,25.3,963
10/8/2019 15:02,datasets/dataset_cropped/10_Metas/08/15/20191008150200_00160.jpg,datasets_flow/dataset_cropped/10_Metas/08/15/20191008150200_00160.jpg,datasets_cloudmask/dataset_cropped/10_Metas/08/15/20191008150200_00160.png,627.9,780.8,139.6,25.2,963
10/8/2019 15:03,datasets/dataset_cropped/10_Metas/08/15/20191008150300_00160.jpg,datasets_flow/dataset_cropped/10_Metas/08/15/20191008150300_00160.jpg,datasets_cloudmask/dataset_cropped/10_Metas/08/15/20191008150300_00160.png,635.1,791.8,141.3,25,963
10/8/2019 15:04,datasets/dataset_cropped/10_Metas/08/15/20191008150400_00160.jpg,datasets_flow/dataset_cropped/10_Metas/08/15/20191008150400_00160.jpg,datasets_cloudmask/dataset_cropped/10_Metas/08/15/20191008150400_00160.png,634.8,794.7,141.1,25.1,963
10/8/2019 15:05,datasets/dataset_cropped/10_Metas/08/15/20191008150500_00160.jpg,datasets_flow/dataset_cropped/10_Metas/08/15/20191008150500_00160.jpg,datasets_cloudmask/dataset_cropped/10_Metas/08/15/20191008150500_00160.png,628.5,787.4,141,25.1,963
10/8/2019 15:06,datasets/dataset_cropped/10_Metas/08/15/20191008150600_00160.jpg,datasets_flow/dataset_cropped/10_Metas/08/15/20191008150600_00160.jpg,datasets_cloudmask/dataset_cropped/10_Metas/08/15/20191008150600_00160.png,626.4,783.1,142.5,25.3,963
10/8/2019 15:07,datasets/dataset_cropped/10_Metas/08/15/20191008150700_00160.jpg,datasets_flow/dataset_cropped/10_Metas/08/15/20191008150700_00160.jpg,datasets_cloudmask/dataset_cropped/10_Metas/08/15/20191008150700_00160.png,627.4,783.3,145,25.1,963
10/8/2019 15:08,datasets/dataset_cropped/10_Metas/08/15/20191008150800_00160.jpg,datasets_flow/dataset_cropped/10_Metas/08/15/20191008150800_00160.jpg,datasets_cloudmask/dataset_cropped/10_Metas/08/15/20191008150800_00160.png,623.9,781.4,144.2,25,963
10/8/2019 15:09,datasets/dataset_cropped/10_Metas/08/15/20191008150900_00160.jpg,datasets_flow/dataset_cropped/10_Metas/08/15/20191008150900_00160.jpg,datasets_cloudmask/dataset_cropped/10_Metas/08/15/20191008150900_00160.png,621.5,781.3,143.2,25.1,963
10/8/2019 15:10,datasets/dataset_cropped/10_Metas/08/15/20191008151000_00160.jpg,datasets_flow/dataset_cropped/10_Metas/08/15/20191008151000_00160.jpg,datasets_cloudmask/dataset_cropped/10_Metas/08/15/20191008151000_00160.png,622.9,783,145.2,25.3,963
10/8/2019 15:11,datasets/dataset_cropped/10_Metas/08/15/20191008151100_00160.jpg,datasets_flow/dataset_cropped/10_Metas/08/15/20191008151100_00160.jpg,datasets_cloudmask/dataset_cropped/10_Metas/08/15/20191008151100_00160.png,628,780.1,153.6,25.4,963
10/8/2019 15:12,datasets/dataset_cropped/10_Metas/08/15/20191008151200_00160.jpg,datasets_flow/dataset_cropped/10_Metas/08/15/20191008151200_00160.jpg,datasets_cloudmask/dataset_cropped/10_Metas/08/15/20191008151200_00160.png,624.7,771.3,156.7,25.3,962
10/8/2019 15:13,datasets/dataset_cropped/10_Metas/08/15/20191008151300_00160.jpg,datasets_flow/dataset_cropped/10_Metas/08/15/20191008151300_00160.jpg,datasets_cloudmask/dataset_cropped/10_Metas/08/15/20191008151300_00160.png,614.2,758.8,154.6,25.4,962
10/8/2019 15:14,datasets/dataset_cropped/10_Metas/08/15/20191008151400_00160.jpg,datasets_flow/dataset_cropped/10_Metas/08/15/20191008151400_00160.jpg,datasets_cloudmask/dataset_cropped/10_Metas/08/15/20191008151400_00160.png,617.4,764.5,155.8,25.5,962
10/8/2019 15:15,datasets/dataset_cropped/10_Metas/08/15/20191008151500_00160.jpg,datasets_flow/dataset_cropped/10_Metas/08/15/20191008151500_00160.jpg,datasets_cloudmask/dataset_cropped/10_Metas/08/15/20191008151500_00160.png,613.7,758.7,157,25.6,962
10/8/2019 15:16,datasets/dataset_cropped/10_Metas/08/15/20191008151600_00160.jpg,datasets_flow/dataset_cropped/10_Metas/08/15/20191008151600_00160.jpg,datasets_cloudmask/dataset_cropped/10_Metas/08/15/20191008151600_00160.png,607.3,751.7,156,25.3,962
10/8/2019 15:17,datasets/dataset_cropped/10_Metas/08/15/20191008151700_00160.jpg,datasets_flow/dataset_cropped/10_Metas/08/15/20191008151700_00160.jpg,datasets_cloudmask/dataset_cropped/10_Metas/08/15/20191008151700_00160.png,607.2,746.1,160.6,25.1,962
10/8/2019 15:18,datasets/dataset_cropped/10_Metas/08/15/20191008151800_00160.jpg,datasets_flow/dataset_cropped/10_Metas/08/15/20191008151800_00160.jpg,datasets_cloudmask/dataset_cropped/10_Metas/08/15/20191008151800_00160.png,597.4,725.3,165.1,24.9,963
10/8/2019 15:19,datasets/dataset_cropped/10_Metas/08/15/20191008151900_00160.jpg,datasets_flow/dataset_cropped/10_Metas/08/15/20191008151900_00160.jpg,datasets_cloudmask/dataset_cropped/10_Metas/08/15/20191008151900_00160.png,604.9,728.6,172.3,24.6,962
10/8/2019 15:20,datasets/dataset_cropped/10_Metas/08/15/20191008152000_00160.jpg,datasets_flow/dataset_cropped/10_Metas/08/15/20191008152000_00160.jpg,datasets_cloudmask/dataset_cropped/10_Metas/08/15/20191008152000_00160.png,602.8,727.3,172.6,24.6,962
10/8/2019 15:21,datasets/dataset_cropped/10_Metas/08/15/20191008152100_00160.jpg,datasets_flow/dataset_cropped/10_Metas/08/15/20191008152100_00160.jpg,datasets_cloudmask/dataset_cropped/10_Metas/08/15/20191008152100_00160.png,576.7,708,159.4,24.5,962
10/8/2019 15:22,datasets/dataset_cropped/10_Metas/08/15/20191008152200_00160.jpg,datasets_flow/dataset_cropped/10_Metas/08/15/20191008152200_00160.jpg,datasets_cloudmask/dataset_cropped/10_Metas/08/15/20191008152200_00160.png,350.2,338.1,154,24.6,962
10/8/2019 15:23,datasets/dataset_cropped/10_Metas/08/15/20191008152300_00160.jpg,datasets_flow/dataset_cropped/10_Metas/08/15/20191008152300_00160.jpg,datasets_cloudmask/dataset_cropped/10_Metas/08/15/20191008152300_00160.png,151,9.7,144.1,25,962
10/8/2019 15:24,datasets/dataset_cropped/10_Metas/08/15/20191008152400_00160.jpg,datasets_flow/dataset_cropped/10_Metas/08/15/20191008152400_00160.jpg,datasets_cloudmask/dataset_cropped/10_Metas/08/15/20191008152400_00160.png,140.4,5.8,136.6,25.1,963
10/8/2019 15:25,datasets/dataset_cropped/10_Metas/08/15/20191008152500_00160.jpg,datasets_flow/dataset_cropped/10_Metas/08/15/20191008152500_00160.jpg,datasets_cloudmask/dataset_cropped/10_Metas/08/15/20191008152500_00160.png,142.4,6.8,137.5,25.1,962
10/8/2019 15:26,datasets/dataset_cropped/10_Metas/08/15/20191008152600_00160.jpg,datasets_flow/dataset_cropped/10_Metas/08/15/20191008152600_00160.jpg,datasets_cloudmask/dataset_cropped/10_Metas/08/15/20191008152600_00160.png,227.6,132.7,152.1,25,963
10/8/2019 15:27,datasets/dataset_cropped/10_Metas/08/15/20191008152700_00160.jpg,datasets_flow/dataset_cropped/10_Metas/08/15/20191008152700_00160.jpg,datasets_cloudmask/dataset_cropped/10_Metas/08/15/20191008152700_00160.png,514.8,625.7,154.9,25.1,962
10/8/2019 15:28,datasets/dataset_cropped/10_Metas/08/15/20191008152800_00160.jpg,datasets_flow/dataset_cropped/10_Metas/08/15/20191008152800_00160.jpg,datasets_cloudmask/dataset_cropped/10_Metas/08/15/20191008152800_00160.png,296.4,224.8,167.5,25,962
10/8/2019 15:29,datasets/dataset_cropped/10_Metas/08/15/20191008152900_00160.jpg,datasets_flow/dataset_cropped/10_Metas/08/15/20191008152900_00160.jpg,datasets_cloudmask/dataset_cropped/10_Metas/08/15/20191008152900_00160.png,580.8,716.8,168.6,25,962
10/8/2019 15:30,datasets/dataset_cropped/10_Metas/08/15/20191008153000_00160.jpg,datasets_flow/dataset_cropped/10_Metas/08/15/20191008153000_00160.jpg,datasets_cloudmask/dataset_cropped/10_Metas/08/15/20191008153000_00160.png,580.7,737.8,160,25.1,962
10/8/2019 15:31,datasets/dataset_cropped/10_Metas/08/15/20191008153100_00160.jpg,datasets_flow/dataset_cropped/10_Metas/08/15/20191008153100_00160.jpg,datasets_cloudmask/dataset_cropped/10_Metas/08/15/20191008153100_00160.png,571.5,742.6,149.8,25.4,962
10/8/2019 15:32,datasets/dataset_cropped/10_Metas/08/15/20191008153200_00160.jpg,datasets_flow/dataset_cropped/10_Metas/08/15/20191008153200_00160.jpg,datasets_cloudmask/dataset_cropped/10_Metas/08/15/20191008153200_00160.png,570.5,747.2,147.8,25.4,962
10/8/2019 15:33,datasets/dataset_cropped/10_Metas/08/15/20191008153300_00160.jpg,datasets_flow/dataset_cropped/10_Metas/08/15/20191008153300_00160.jpg,datasets_cloudmask/dataset_cropped/10_Metas/08/15/20191008153300_00160.png,563.2,737.6,148.2,25.3,962
10/8/2019 15:34,datasets/dataset_cropped/10_Metas/08/15/20191008153400_00160.jpg,datasets_flow/dataset_cropped/10_Metas/08/15/20191008153400_00160.jpg,datasets_cloudmask/dataset_cropped/10_Metas/08/15/20191008153400_00160.png,518.7,655,152.5,25.3,962
10/8/2019 15:35,datasets/dataset_cropped/10_Metas/08/15/20191008153500_00160.jpg,datasets_flow/dataset_cropped/10_Metas/08/15/20191008153500_00160.jpg,datasets_cloudmask/dataset_cropped/10_Metas/08/15/20191008153500_00160.png,459.4,552.5,144.7,25.4,962
10/8/2019 15:36,datasets/dataset_cropped/10_Metas/08/15/20191008153600_00160.jpg,datasets_flow/dataset_cropped/10_Metas/08/15/20191008153600_00160.jpg,datasets_cloudmask/dataset_cropped/10_Metas/08/15/20191008153600_00160.png,163.9,34.7,142.4,25.5,962
10/8/2019 15:37,datasets/dataset_cropped/10_Metas/08/15/20191008153700_00160.jpg,datasets_flow/dataset_cropped/10_Metas/08/15/20191008153700_00160.jpg,datasets_cloudmask/dataset_cropped/10_Metas/08/15/20191008153700_00160.png,151.1,4.5,147.7,25.6,962
10/8/2019 15:38,datasets/dataset_cropped/10_Metas/08/15/20191008153800_00160.jpg,datasets_flow/dataset_cropped/10_Metas/08/15/20191008153800_00160.jpg,datasets_cloudmask/dataset_cropped/10_Metas/08/15/20191008153800_00160.png,157.1,6.4,152.3,25.5,962
10/8/2019 15:39,datasets/dataset_cropped/10_Metas/08/15/20191008153900_00160.jpg,datasets_flow/dataset_cropped/10_Metas/08/15/20191008153900_00160.jpg,datasets_cloudmask/dataset_cropped/10_Metas/08/15/20191008153900_00160.png,286.1,215.9,166.2,25.5,962
10/8/2019 15:40,datasets/dataset_cropped/10_Metas/08/15/20191008154000_00160.jpg,datasets_flow/dataset_cropped/10_Metas/08/15/20191008154000_00160.jpg,datasets_cloudmask/dataset_cropped/10_Metas/08/15/20191008154000_00160.png,283.7,194.1,179.5,25.5,962
10/8/2019 15:41,datasets/dataset_cropped/10_Metas/08/15/20191008154100_00160.jpg,datasets_flow/dataset_cropped/10_Metas/08/15/20191008154100_00160.jpg,datasets_cloudmask/dataset_cropped/10_Metas/08/15/20191008154100_00160.png,430.8,448.8,181.5,25.6,962
10/8/2019 15:42,datasets/dataset_cropped/10_Metas/08/15/20191008154200_00160.jpg,datasets_flow/dataset_cropped/10_Metas/08/15/20191008154200_00160.jpg,datasets_cloudmask/dataset_cropped/10_Metas/08/15/20191008154200_00160.png,564.5,707.4,180.5,25.8,962
10/8/2019 15:43,datasets/dataset_cropped/10_Metas/08/15/20191008154300_00160.jpg,datasets_flow/dataset_cropped/10_Metas/08/15/20191008154300_00160.jpg,datasets_cloudmask/dataset_cropped/10_Metas/08/15/20191008154300_00160.png,555.4,696.4,179.6,25.8,962
10/8/2019 15:44,datasets/dataset_cropped/10_Metas/08/15/20191008154400_00160.jpg,datasets_flow/dataset_cropped/10_Metas/08/15/20191008154400_00160.jpg,datasets_cloudmask/dataset_cropped/10_Metas/08/15/20191008154400_00160.png,545.7,687.7,176.3,25.6,962
10/8/2019 15:45,datasets/dataset_cropped/10_Metas/08/15/20191008154500_00160.jpg,datasets_flow/dataset_cropped/10_Metas/08/15/20191008154500_00160.jpg,datasets_cloudmask/dataset_cropped/10_Metas/08/15/20191008154500_00160.png,553.2,717.7,169.2,25.4,962
10/8/2019 15:46,datasets/dataset_cropped/10_Metas/08/15/20191008154600_00160.jpg,datasets_flow/dataset_cropped/10_Metas/08/15/20191008154600_00160.jpg,datasets_cloudmask/dataset_cropped/10_Metas/08/15/20191008154600_00160.png,544.2,701.3,170.6,25.4,962
10/8/2019 15:47,datasets/dataset_cropped/10_Metas/08/15/20191008154700_00160.jpg,datasets_flow/dataset_cropped/10_Metas/08/15/20191008154700_00160.jpg,datasets_cloudmask/dataset_cropped/10_Metas/08/15/20191008154700_00160.png,544.9,698.9,174.2,25.4,962
10/8/2019 15:48,datasets/dataset_cropped/10_Metas/08/15/20191008154800_00160.jpg,datasets_flow/dataset_cropped/10_Metas/08/15/20191008154800_00160.jpg,datasets_cloudmask/dataset_cropped/10_Metas/08/15/20191008154800_00160.png,467,550.7,171.3,25.5,962
10/8/2019 15:49,datasets/dataset_cropped/10_Metas/08/15/20191008154900_00160.jpg,datasets_flow/dataset_cropped/10_Metas/08/15/20191008154900_00160.jpg,datasets_cloudmask/dataset_cropped/10_Metas/08/15/20191008154900_00160.png,306.5,262.2,165.6,25.5,962
10/8/2019 15:50,datasets/dataset_cropped/10_Metas/08/15/20191008155000_00160.jpg,datasets_flow/dataset_cropped/10_Metas/08/15/20191008155000_00160.jpg,datasets_cloudmask/dataset_cropped/10_Metas/08/15/20191008155000_00160.png,162,8.9,156,25.5,962
10/8/2019 15:51,datasets/dataset_cropped/10_Metas/08/15/20191008155100_00160.jpg,datasets_flow/dataset_cropped/10_Metas/08/15/20191008155100_00160.jpg,datasets_cloudmask/dataset_cropped/10_Metas/08/15/20191008155100_00160.png,150,2.5,147.7,25.4,962
10/8/2019 15:52,datasets/dataset_cropped/10_Metas/08/15/20191008155200_00160.jpg,datasets_flow/dataset_cropped/10_Metas/08/15/20191008155200_00160.jpg,datasets_cloudmask/dataset_cropped/10_Metas/08/15/20191008155200_00160.png,151.4,2.4,149,25.2,962
10/8/2019 15:53,datasets/dataset_cropped/10_Metas/08/15/20191008155300_00160.jpg,datasets_flow/dataset_cropped/10_Metas/08/15/20191008155300_00160.jpg,datasets_cloudmask/dataset_cropped/10_Metas/08/15/20191008155300_00160.png,158.4,4.3,154.4,25.1,962
10/8/2019 15:54,datasets/dataset_cropped/10_Metas/08/15/20191008155400_00160.jpg,datasets_flow/dataset_cropped/10_Metas/08/15/20191008155400_00160.jpg,datasets_cloudmask/dataset_cropped/10_Metas/08/15/20191008155400_00160.png,178.9,4.2,174.6,25,962
10/8/2019 15:55,datasets/dataset_cropped/10_Metas/08/15/20191008155500_00160.jpg,datasets_flow/dataset_cropped/10_Metas/08/15/20191008155500_00160.jpg,datasets_cloudmask/dataset_cropped/10_Metas/08/15/20191008155500_00160.png,222,71.7,181.8,25,962
10/8/2019 15:56,datasets/dataset_cropped/10_Metas/08/15/20191008155600_00160.jpg,datasets_flow/dataset_cropped/10_Metas/08/15/20191008155600_00160.jpg,datasets_cloudmask/dataset_cropped/10_Metas/08/15/20191008155600_00160.png,460.3,543.3,181.2,24.9,962
10/8/2019 15:57,datasets/dataset_cropped/10_Metas/08/15/20191008155700_00160.jpg,datasets_flow/dataset_cropped/10_Metas/08/15/20191008155700_00160.jpg,datasets_cloudmask/dataset_cropped/10_Metas/08/15/20191008155700_00160.png,490,623.3,173.5,25,962
10/8/2019 15:58,datasets/dataset_cropped/10_Metas/08/15/20191008155800_00160.jpg,datasets_flow/dataset_cropped/10_Metas/08/15/20191008155800_00160.jpg,datasets_cloudmask/dataset_cropped/10_Metas/08/15/20191008155800_00160.png,384.1,442,162.2,25.3,962
10/8/2019 15:59,datasets/dataset_cropped/10_Metas/08/15/20191008155900_00160.jpg,datasets_flow/dataset_cropped/10_Metas/08/15/20191008155900_00160.jpg,datasets_cloudmask/dataset_cropped/10_Metas/08/15/20191008155900_00160.png,254.5,198,155.9,25.3,962
10/8/2019 16:00,datasets/dataset_cropped/10_Metas/08/16/20191008160000_00160.jpg,datasets_flow/dataset_cropped/10_Metas/08/16/20191008160000_00160.jpg,datasets_cloudmask/dataset_cropped/10_Metas/08/16/20191008160000_00160.png,422.5,543.2,150.9,25.3,962
10/8/2019 16:01,datasets/dataset_cropped/10_Metas/08/16/20191008160100_00160.jpg,datasets_flow/dataset_cropped/10_Metas/08/16/20191008160100_00160.jpg,datasets_cloudmask/dataset_cropped/10_Metas/08/16/20191008160100_00160.png,476.7,669.9,143.9,25.4,962
10/8/2019 16:02,datasets/dataset_cropped/10_Metas/08/16/20191008160200_00160.jpg,datasets_flow/dataset_cropped/10_Metas/08/16/20191008160200_00160.jpg,datasets_cloudmask/dataset_cropped/10_Metas/08/16/20191008160200_00160.png,493.5,702.3,145.9,25.4,962
10/8/2019 16:03,datasets/dataset_cropped/10_Metas/08/16/20191008160300_00160.jpg,datasets_flow/dataset_cropped/10_Metas/08/16/20191008160300_00160.jpg,datasets_cloudmask/dataset_cropped/10_Metas/08/16/20191008160300_00160.png,495.4,707.3,147.4,25.4,962
10/8/2019 16:04,datasets/dataset_cropped/10_Metas/08/16/20191008160400_00160.jpg,datasets_flow/dataset_cropped/10_Metas/08/16/20191008160400_00160.jpg,datasets_cloudmask/dataset_cropped/10_Metas/08/16/20191008160400_00160.png,488.8,703,145.1,25.5,962
10/8/2019 16:05,datasets/dataset_cropped/10_Metas/08/16/20191008160500_00160.jpg,datasets_flow/dataset_cropped/10_Metas/08/16/20191008160500_00160.jpg,datasets_cloudmask/dataset_cropped/10_Metas/08/16/20191008160500_00160.png,478.4,688.1,143.7,25.4,962
10/8/2019 16:06,datasets/dataset_cropped/10_Metas/08/16/20191008160600_00160.jpg,datasets_flow/dataset_cropped/10_Metas/08/16/20191008160600_00160.jpg,datasets_cloudmask/dataset_cropped/10_Metas/08/16/20191008160600_00160.png,437.8,613.6,144.6,25.2,962
10/8/2019 16:07,datasets/dataset_cropped/10_Metas/08/16/20191008160700_00160.jpg,datasets_flow/dataset_cropped/10_Metas/08/16/20191008160700_00160.jpg,datasets_cloudmask/dataset_cropped/10_Metas/08/16/20191008160700_00160.png,232.3,156.2,150.1,25.3,962
10/8/2019 16:08,datasets/dataset_cropped/10_Metas/08/16/20191008160800_00160.jpg,datasets_flow/dataset_cropped/10_Metas/08/16/20191008160800_00160.jpg,datasets_cloudmask/dataset_cropped/10_Metas/08/16/20191008160800_00160.png,253.6,224.7,145.1,25.3,962
10/8/2019 16:09,datasets/dataset_cropped/10_Metas/08/16/20191008160900_00160.jpg,datasets_flow/dataset_cropped/10_Metas/08/16/20191008160900_00160.jpg,datasets_cloudmask/dataset_cropped/10_Metas/08/16/20191008160900_00160.png,427.6,579.4,149,25.2,962
10/8/2019 16:10,datasets/dataset_cropped/10_Metas/08/16/20191008161000_00160.jpg,datasets_flow/dataset_cropped/10_Metas/08/16/20191008161000_00160.jpg,datasets_cloudmask/dataset_cropped/10_Metas/08/16/20191008161000_00160.png,409,557.3,146,25,962
10/8/2019 16:11,datasets/dataset_cropped/10_Metas/08/16/20191008161100_00160.jpg,datasets_flow/dataset_cropped/10_Metas/08/16/20191008161100_00160.jpg,datasets_cloudmask/dataset_cropped/10_Metas/08/16/20191008161100_00160.png,357.6,476.2,139.8,24.8,962
10/8/2019 16:12,datasets/dataset_cropped/10_Metas/08/16/20191008161200_00160.jpg,datasets_flow/dataset_cropped/10_Metas/08/16/20191008161200_00160.jpg,datasets_cloudmask/dataset_cropped/10_Metas/08/16/20191008161200_00160.png,445.1,647.6,140.1,24.8,962
10/8/2019 16:13,datasets/dataset_cropped/10_Metas/08/16/20191008161300_00160.jpg,datasets_flow/dataset_cropped/10_Metas/08/16/20191008161300_00160.jpg,datasets_cloudmask/dataset_cropped/10_Metas/08/16/20191008161300_00160.png,449,670.6,136.3,24.8,962
10/8/2019 16:14,datasets/dataset_cropped/10_Metas/08/16/20191008161400_00160.jpg,datasets_flow/dataset_cropped/10_Metas/08/16/20191008161400_00160.jpg,datasets_cloudmask/dataset_cropped/10_Metas/08/16/20191008161400_00160.png,440.2,677.6,125.3,24.7,962
10/8/2019 16:15,datasets/dataset_cropped/10_Metas/08/16/20191008161500_00160.jpg,datasets_flow/dataset_cropped/10_Metas/08/16/20191008161500_00160.jpg,datasets_cloudmask/dataset_cropped/10_Metas/08/16/20191008161500_00160.png,444.9,700.3,121.1,24.8,962
10/8/2019 16:16,datasets/dataset_cropped/10_Metas/08/16/20191008161600_00160.jpg,datasets_flow/dataset_cropped/10_Metas/08/16/20191008161600_00160.jpg,datasets_cloudmask/dataset_cropped/10_Metas/08/16/20191008161600_00160.png,443.6,707.9,118.8,24.9,962
10/8/2019 16:17,datasets/dataset_cropped/10_Metas/08/16/20191008161700_00160.jpg,datasets_flow/dataset_cropped/10_Metas/08/16/20191008161700_00160.jpg,datasets_cloudmask/dataset_cropped/10_Metas/08/16/20191008161700_00160.png,433.3,703.1,112.7,25.1,962
10/8/2019 16:18,datasets/dataset_cropped/10_Metas/08/16/20191008161800_00160.jpg,datasets_flow/dataset_cropped/10_Metas/08/16/20191008161800_00160.jpg,datasets_cloudmask/dataset_cropped/10_Metas/08/16/20191008161800_00160.png,417.1,677.3,110.1,25.1,962
10/8/2019 16:19,datasets/dataset_cropped/10_Metas/08/16/20191008161900_00160.jpg,datasets_flow/dataset_cropped/10_Metas/08/16/20191008161900_00160.jpg,datasets_cloudmask/dataset_cropped/10_Metas/08/16/20191008161900_00160.png,347.6,516.8,115,25.1,962
10/8/2019 16:20,datasets/dataset_cropped/10_Metas/08/16/20191008162000_00160.jpg,datasets_flow/dataset_cropped/10_Metas/08/16/20191008162000_00160.jpg,datasets_cloudmask/dataset_cropped/10_Metas/08/16/20191008162000_00160.png,329.7,474.9,117.2,25.2,962
10/8/2019 16:21,datasets/dataset_cropped/10_Metas/08/16/20191008162100_00160.jpg,datasets_flow/dataset_cropped/10_Metas/08/16/20191008162100_00160.jpg,datasets_cloudmask/dataset_cropped/10_Metas/08/16/20191008162100_00160.png,381.2,601.4,114.9,25.1,962
10/8/2019 16:22,datasets/dataset_cropped/10_Metas/08/16/20191008162200_00160.jpg,datasets_flow/dataset_cropped/10_Metas/08/16/20191008162200_00160.jpg,datasets_cloudmask/dataset_cropped/10_Metas/08/16/20191008162200_00160.png,252.1,333.3,110.6,25,962
10/8/2019 16:23,datasets/dataset_cropped/10_Metas/08/16/20191008162300_00160.jpg,datasets_flow/dataset_cropped/10_Metas/08/16/20191008162300_00160.jpg,datasets_cloudmask/dataset_cropped/10_Metas/08/16/20191008162300_00160.png,258.6,335.9,111,25,962
10/8/2019 16:24,datasets/dataset_cropped/10_Metas/08/16/20191008162400_00160.jpg,datasets_flow/dataset_cropped/10_Metas/08/16/20191008162400_00160.jpg,datasets_cloudmask/dataset_cropped/10_Metas/08/16/20191008162400_00160.png,242.4,315.8,113.8,25,962
10/8/2019 16:25,datasets/dataset_cropped/10_Metas/08/16/20191008162500_00160.jpg,datasets_flow/dataset_cropped/10_Metas/08/16/20191008162500_00160.jpg,datasets_cloudmask/dataset_cropped/10_Metas/08/16/20191008162500_00160.png,369.3,597.5,114.6,25.1,962
10/8/2019 16:26,datasets/dataset_cropped/10_Metas/08/16/20191008162600_00160.jpg,datasets_flow/dataset_cropped/10_Metas/08/16/20191008162600_00160.jpg,datasets_cloudmask/dataset_cropped/10_Metas/08/16/20191008162600_00160.png,415.4,698.4,113.8,25.2,962
10/8/2019 16:27,datasets/dataset_cropped/10_Metas/08/16/20191008162700_00160.jpg,datasets_flow/dataset_cropped/10_Metas/08/16/20191008162700_00160.jpg,datasets_cloudmask/dataset_cropped/10_Metas/08/16/20191008162700_00160.png,410.5,699.6,110,25.3,962
10/8/2019 16:28,datasets/dataset_cropped/10_Metas/08/16/20191008162800_00160.jpg,datasets_flow/dataset_cropped/10_Metas/08/16/20191008162800_00160.jpg,datasets_cloudmask/dataset_cropped/10_Metas/08/16/20191008162800_00160.png,405.3,697,108.3,25.4,962
10/8/2019 16:29,datasets/dataset_cropped/10_Metas/08/16/20191008162900_00160.jpg,datasets_flow/dataset_cropped/10_Metas/08/16/20191008162900_00160.jpg,datasets_cloudmask/dataset_cropped/10_Metas/08/16/20191008162900_00160.png,401,692.8,107.9,25.5,962
10/8/2019 16:30,datasets/dataset_cropped/10_Metas/08/16/20191008163000_00160.jpg,datasets_flow/dataset_cropped/10_Metas/08/16/20191008163000_00160.jpg,datasets_cloudmask/dataset_cropped/10_Metas/08/16/20191008163000_00160.png,396.9,693.7,105.8,25.5,962
10/8/2019 16:31,datasets/dataset_cropped/10_Metas/08/16/20191008163100_00160.jpg,datasets_flow/dataset_cropped/10_Metas/08/16/20191008163100_00160.jpg,datasets_cloudmask/dataset_cropped/10_Metas/08/16/20191008163100_00160.png,392.8,693.6,104,25.5,962
10/8/2019 16:32,datasets/dataset_cropped/10_Metas/08/16/20191008163200_00160.jpg,datasets_flow/dataset_cropped/10_Metas/08/16/20191008163200_00160.jpg,datasets_cloudmask/dataset_cropped/10_Metas/08/16/20191008163200_00160.png,390.1,697.7,101.9,25.5,962
10/8/2019 16:33,datasets/dataset_cropped/10_Metas/08/16/20191008163300_00160.jpg,datasets_flow/dataset_cropped/10_Metas/08/16/20191008163300_00160.jpg,datasets_cloudmask/dataset_cropped/10_Metas/08/16/20191008163300_00160.png,379.8,692.1,96,25.6,962
10/8/2019 16:34,datasets/dataset_cropped/10_Metas/08/16/20191008163400_00160.jpg,datasets_flow/dataset_cropped/10_Metas/08/16/20191008163400_00160.jpg,datasets_cloudmask/dataset_cropped/10_Metas/08/16/20191008163400_00160.png,373,686.6,93.7,25.6,962
10/8/2019 16:35,datasets/dataset_cropped/10_Metas/08/16/20191008163500_00160.jpg,datasets_flow/dataset_cropped/10_Metas/08/16/20191008163500_00160.jpg,datasets_cloudmask/dataset_cropped/10_Metas/08/16/20191008163500_00160.png,370.2,684.5,93.5,25.4,962
10/8/2019 16:36,datasets/dataset_cropped/10_Metas/08/16/20191008163600_00160.jpg,datasets_flow/dataset_cropped/10_Metas/08/16/20191008163600_00160.jpg,datasets_cloudmask/dataset_cropped/10_Metas/08/16/20191008163600_00160.png,369.8,686.8,93.8,25.3,962
10/8/2019 16:37,datasets/dataset_cropped/10_Metas/08/16/20191008163700_00160.jpg,datasets_flow/dataset_cropped/10_Metas/08/16/20191008163700_00160.jpg,datasets_cloudmask/dataset_cropped/10_Metas/08/16/20191008163700_00160.png,369.2,683.8,96,25.2,962
10/8/2019 16:38,datasets/dataset_cropped/10_Metas/08/16/20191008163800_00160.jpg,datasets_flow/dataset_cropped/10_Metas/08/16/20191008163800_00160.jpg,datasets_cloudmask/dataset_cropped/10_Metas/08/16/20191008163800_00160.png,372.9,682.2,102,25.1,962
10/8/2019 16:39,datasets/dataset_cropped/10_Metas/08/16/20191008163900_00160.jpg,datasets_flow/dataset_cropped/10_Metas/08/16/20191008163900_00160.jpg,datasets_cloudmask/dataset_cropped/10_Metas/08/16/20191008163900_00160.png,375.7,676.6,108.6,25.1,962
10/8/2019 16:40,datasets/dataset_cropped/10_Metas/08/16/20191008164000_00160.jpg,datasets_flow/dataset_cropped/10_Metas/08/16/20191008164000_00160.jpg,datasets_cloudmask/dataset_cropped/10_Metas/08/16/20191008164000_00160.png,378.2,671.5,114.6,25.1,962
10/8/2019 16:41,datasets/dataset_cropped/10_Metas/08/16/20191008164100_00160.jpg,datasets_flow/dataset_cropped/10_Metas/08/16/20191008164100_00160.jpg,datasets_cloudmask/dataset_cropped/10_Metas/08/16/20191008164100_00160.png,380.4,666.3,120.7,25.2,962
10/8/2019 16:42,datasets/dataset_cropped/10_Metas/08/16/20191008164200_00160.jpg,datasets_flow/dataset_cropped/10_Metas/08/16/20191008164200_00160.jpg,datasets_cloudmask/dataset_cropped/10_Metas/08/16/20191008164200_00160.png,382.1,661.5,126.4,25.2,962
10/8/2019 16:43,datasets/dataset_cropped/10_Metas/08/16/20191008164300_00160.jpg,datasets_flow/dataset_cropped/10_Metas/08/16/20191008164300_00160.jpg,datasets_cloudmask/dataset_cropped/10_Metas/08/16/20191008164300_00160.png,379.7,657.4,127.3,25.1,962
10/8/2019 16:44,datasets/dataset_cropped/10_Metas/08/16/20191008164400_00160.jpg,datasets_flow/dataset_cropped/10_Metas/08/16/20191008164400_00160.jpg,datasets_cloudmask/dataset_cropped/10_Metas/08/16/20191008164400_00160.png,372.4,655.8,123,25.1,962
10/8/2019 16:45,datasets/dataset_cropped/10_Metas/08/16/20191008164500_00160.jpg,datasets_flow/dataset_cropped/10_Metas/08/16/20191008164500_00160.jpg,datasets_cloudmask/dataset_cropped/10_Metas/08/16/20191008164500_00160.png,359,651.7,112.9,25.3,962
10/8/2019 16:46,datasets/dataset_cropped/10_Metas/08/16/20191008164600_00160.jpg,datasets_flow/dataset_cropped/10_Metas/08/16/20191008164600_00160.jpg,datasets_cloudmask/dataset_cropped/10_Metas/08/16/20191008164600_00160.png,347.4,648.5,104.5,25.3,962
10/8/2019 16:47,datasets/dataset_cropped/10_Metas/08/16/20191008164700_00160.jpg,datasets_flow/dataset_cropped/10_Metas/08/16/20191008164700_00160.jpg,datasets_cloudmask/dataset_cropped/10_Metas/08/16/20191008164700_00160.png,338.7,644.2,99.2,25.2,962
10/8/2019 16:48,datasets/dataset_cropped/10_Metas/08/16/20191008164800_00160.jpg,datasets_flow/dataset_cropped/10_Metas/08/16/20191008164800_00160.jpg,datasets_cloudmask/dataset_cropped/10_Metas/08/16/20191008164800_00160.png,329.9,639.4,94,25.1,962
10/8/2019 16:49,datasets/dataset_cropped/10_Metas/08/16/20191008164900_00160.jpg,datasets_flow/dataset_cropped/10_Metas/08/16/20191008164900_00160.jpg,datasets_cloudmask/dataset_cropped/10_Metas/08/16/20191008164900_00160.png,323.3,638.2,89.8,25,962
10/8/2019 16:50,datasets/dataset_cropped/10_Metas/08/16/20191008165000_00160.jpg,datasets_flow/dataset_cropped/10_Metas/08/16/20191008165000_00160.jpg,datasets_cloudmask/dataset_cropped/10_Metas/08/16/20191008165000_00160.png,319.2,639.6,87,24.9,962
10/8/2019 16:51,datasets/dataset_cropped/10_Metas/08/16/20191008165100_00160.jpg,datasets_flow/dataset_cropped/10_Metas/08/16/20191008165100_00160.jpg,datasets_cloudmask/dataset_cropped/10_Metas/08/16/20191008165100_00160.png,314.6,638.4,84.8,25,962
10/8/2019 16:52,datasets/dataset_cropped/10_Metas/08/16/20191008165200_00160.jpg,datasets_flow/dataset_cropped/10_Metas/08/16/20191008165200_00160.jpg,datasets_cloudmask/dataset_cropped/10_Metas/08/16/20191008165200_00160.png,309.9,635.5,83,25.1,962
10/8/2019 16:53,datasets/dataset_cropped/10_Metas/08/16/20191008165300_00160.jpg,datasets_flow/dataset_cropped/10_Metas/08/16/20191008165300_00160.jpg,datasets_cloudmask/dataset_cropped/10_Metas/08/16/20191008165300_00160.png,304.8,631.6,81.3,25.1,962
10/8/2019 16:54,datasets/dataset_cropped/10_Metas/08/16/20191008165400_00160.jpg,datasets_flow/dataset_cropped/10_Metas/08/16/20191008165400_00160.jpg,datasets_cloudmask/dataset_cropped/10_Metas/08/16/20191008165400_00160.png,299.6,627.4,79.5,24.8,962
10/8/2019 16:55,datasets/dataset_cropped/10_Metas/08/16/20191008165500_00160.jpg,datasets_flow/dataset_cropped/10_Metas/08/16/20191008165500_00160.jpg,datasets_cloudmask/dataset_cropped/10_Metas/08/16/20191008165500_00160.png,294.9,626.2,77.2,24.6,962
10/8/2019 16:56,datasets/dataset_cropped/10_Metas/08/16/20191008165600_00160.jpg,datasets_flow/dataset_cropped/10_Metas/08/16/20191008165600_00160.jpg,datasets_cloudmask/dataset_cropped/10_Metas/08/16/20191008165600_00160.png,289.6,619.1,76.4,24.5,962
10/8/2019 16:57,datasets/dataset_cropped/10_Metas/08/16/20191008165700_00160.jpg,datasets_flow/dataset_cropped/10_Metas/08/16/20191008165700_00160.jpg,datasets_cloudmask/dataset_cropped/10_Metas/08/16/20191008165700_00160.png,286.8,618.5,75.8,24.6,962
10/8/2019 16:58,datasets/dataset_cropped/10_Metas/08/16/20191008165800_00160.jpg,datasets_flow/dataset_cropped/10_Metas/08/16/20191008165800_00160.jpg,datasets_cloudmask/dataset_cropped/10_Metas/08/16/20191008165800_00160.png,284.2,621.3,74.2,24.8,962
10/8/2019 16:59,datasets/dataset_cropped/10_Metas/08/16/20191008165900_00160.jpg,datasets_flow/dataset_cropped/10_Metas/08/16/20191008165900_00160.jpg,datasets_cloudmask/dataset_cropped/10_Metas/08/16/20191008165900_00160.png,280.5,617.7,73.6,25,962
10/8/2019 17:00,datasets/dataset_cropped/10_Metas/08/17/20191008170000_00160.jpg,datasets_flow/dataset_cropped/10_Metas/08/17/20191008170000_00160.jpg,datasets_cloudmask/dataset_cropped/10_Metas/08/17/20191008170000_00160.png,276.6,612.9,72.9,25.2,962
10/8/2019 17:01,datasets/dataset_cropped/10_Metas/08/17/20191008170100_00160.jpg,datasets_flow/dataset_cropped/10_Metas/08/17/20191008170100_00160.jpg,datasets_cloudmask/dataset_cropped/10_Metas/08/17/20191008170100_00160.png,274,611.7,72.4,25.5,962
10/8/2019 17:02,datasets/dataset_cropped/10_Metas/08/17/20191008170200_00160.jpg,datasets_flow/dataset_cropped/10_Metas/08/17/20191008170200_00160.jpg,datasets_cloudmask/dataset_cropped/10_Metas/08/17/20191008170200_00160.png,271.3,610.4,71.8,25.4,962
10/8/2019 17:03,datasets/dataset_cropped/10_Metas/08/17/20191008170300_00160.jpg,datasets_flow/dataset_cropped/10_Metas/08/17/20191008170300_00160.jpg,datasets_cloudmask/dataset_cropped/10_Metas/08/17/20191008170300_00160.png,268.2,608.2,71.2,25.4,962
10/8/2019 17:04,datasets/dataset_cropped/10_Metas/08/17/20191008170400_00160.jpg,datasets_flow/dataset_cropped/10_Metas/08/17/20191008170400_00160.jpg,datasets_cloudmask/dataset_cropped/10_Metas/08/17/20191008170400_00160.png,265.5,606.4,70.8,25.6,962
10/8/2019 17:05,datasets/dataset_cropped/10_Metas/08/17/20191008170500_00160.jpg,datasets_flow/dataset_cropped/10_Metas/08/17/20191008170500_00160.jpg,datasets_cloudmask/dataset_cropped/10_Metas/08/17/20191008170500_00160.png,261.9,602.5,70.3,25.6,962
10/8/2019 17:06,datasets/dataset_cropped/10_Metas/08/17/20191008170600_00160.jpg,datasets_flow/dataset_cropped/10_Metas/08/17/20191008170600_00160.jpg,datasets_cloudmask/dataset_cropped/10_Metas/08/17/20191008170600_00160.png,259.3,602.3,69.8,25.6,962
10/8/2019 17:07,datasets/dataset_cropped/10_Metas/08/17/20191008170700_00160.jpg,datasets_flow/dataset_cropped/10_Metas/08/17/20191008170700_00160.jpg,datasets_cloudmask/dataset_cropped/10_Metas/08/17/20191008170700_00160.png,256.4,601.1,69.2,25.5,962
10/8/2019 17:08,datasets/dataset_cropped/10_Metas/08/17/20191008170800_00160.jpg,datasets_flow/dataset_cropped/10_Metas/08/17/20191008170800_00160.jpg,datasets_cloudmask/dataset_cropped/10_Metas/08/17/20191008170800_00160.png,252.9,597.7,68.7,25.3,962
10/8/2019 17:09,datasets/dataset_cropped/10_Metas/08/17/20191008170900_00160.jpg,datasets_flow/dataset_cropped/10_Metas/08/17/20191008170900_00160.jpg,datasets_cloudmask/dataset_cropped/10_Metas/08/17/20191008170900_00160.png,249.5,595.2,67.9,25.2,962
10/8/2019 17:10,datasets/dataset_cropped/10_Metas/08/17/20191008171000_00160.jpg,datasets_flow/dataset_cropped/10_Metas/08/17/20191008171000_00160.jpg,datasets_cloudmask/dataset_cropped/10_Metas/08/17/20191008171000_00160.png,245.8,591.3,67.5,25.4,962
10/8/2019 17:11,datasets/dataset_cropped/10_Metas/08/17/20191008171100_00160.jpg,datasets_flow/dataset_cropped/10_Metas/08/17/20191008171100_00160.jpg,datasets_cloudmask/dataset_cropped/10_Metas/08/17/20191008171100_00160.png,241.9,587,66.8,25.7,962
10/8/2019 17:12,datasets/dataset_cropped/10_Metas/08/17/20191008171200_00160.jpg,datasets_flow/dataset_cropped/10_Metas/08/17/20191008171200_00160.jpg,datasets_cloudmask/dataset_cropped/10_Metas/08/17/20191008171200_00160.png,238.3,582.4,66,25.9,962
10/8/2019 17:13,datasets/dataset_cropped/10_Metas/08/17/20191008171300_00160.jpg,datasets_flow/dataset_cropped/10_Metas/08/17/20191008171300_00160.jpg,datasets_cloudmask/dataset_cropped/10_Metas/08/17/20191008171300_00160.png,234.8,577.9,65.5,25.6,962
10/8/2019 17:14,datasets/dataset_cropped/10_Metas/08/17/20191008171400_00160.jpg,datasets_flow/dataset_cropped/10_Metas/08/17/20191008171400_00160.jpg,datasets_cloudmask/dataset_cropped/10_Metas/08/17/20191008171400_00160.png,231.9,574.4,65.3,25.3,962
10/8/2019 17:15,datasets/dataset_cropped/10_Metas/08/17/20191008171500_00160.jpg,datasets_flow/dataset_cropped/10_Metas/08/17/20191008171500_00160.jpg,datasets_cloudmask/dataset_cropped/10_Metas/08/17/20191008171500_00160.png,228.8,571.1,64.8,25.2,962
10/8/2019 17:16,datasets/dataset_cropped/10_Metas/08/17/20191008171600_00160.jpg,datasets_flow/dataset_cropped/10_Metas/08/17/20191008171600_00160.jpg,datasets_cloudmask/dataset_cropped/10_Metas/08/17/20191008171600_00160.png,225.6,567.1,64.3,24.9,962
10/8/2019 17:17,datasets/dataset_cropped/10_Metas/08/17/20191008171700_00160.jpg,datasets_flow/dataset_cropped/10_Metas/08/17/20191008171700_00160.jpg,datasets_cloudmask/dataset_cropped/10_Metas/08/17/20191008171700_00160.png,222.7,564.3,63.9,24.8,962
10/8/2019 17:18,datasets/dataset_cropped/10_Metas/08/17/20191008171800_00160.jpg,datasets_flow/dataset_cropped/10_Metas/08/17/20191008171800_00160.jpg,datasets_cloudmask/dataset_cropped/10_Metas/08/17/20191008171800_00160.png,220.3,563.7,63.5,24.7,962
10/8/2019 17:19,datasets/dataset_cropped/10_Metas/08/17/20191008171900_00160.jpg,datasets_flow/dataset_cropped/10_Metas/08/17/20191008171900_00160.jpg,datasets_cloudmask/dataset_cropped/10_Metas/08/17/20191008171900_00160.png,217,559.7,63.1,24.8,962
10/8/2019 17:20,datasets/dataset_cropped/10_Metas/08/17/20191008172000_00160.jpg,datasets_flow/dataset_cropped/10_Metas/08/17/20191008172000_00160.jpg,datasets_cloudmask/dataset_cropped/10_Metas/08/17/20191008172000_00160.png,213.2,554.4,62.5,24.9,962
10/8/2019 17:21,datasets/dataset_cropped/10_Metas/08/17/20191008172100_00160.jpg,datasets_flow/dataset_cropped/10_Metas/08/17/20191008172100_00160.jpg,datasets_cloudmask/dataset_cropped/10_Metas/08/17/20191008172100_00160.png,210.1,551.9,61.8,24.9,962
10/8/2019 17:22,datasets/dataset_cropped/10_Metas/08/17/20191008172200_00160.jpg,datasets_flow/dataset_cropped/10_Metas/08/17/20191008172200_00160.jpg,datasets_cloudmask/dataset_cropped/10_Metas/08/17/20191008172200_00160.png,207.5,550.7,61.3,24.9,962
10/8/2019 17:23,datasets/dataset_cropped/10_Metas/08/17/20191008172300_00160.jpg,datasets_flow/dataset_cropped/10_Metas/08/17/20191008172300_00160.jpg,datasets_cloudmask/dataset_cropped/10_Metas/08/17/20191008172300_00160.png,204.2,546.5,60.9,24.9,962
10/8/2019 17:24,datasets/dataset_cropped/10_Metas/08/17/20191008172400_00160.jpg,datasets_flow/dataset_cropped/10_Metas/08/17/20191008172400_00160.jpg,datasets_cloudmask/dataset_cropped/10_Metas/08/17/20191008172400_00160.png,200.9,542.5,60.4,24.8,962
10/8/2019 17:25,datasets/dataset_cropped/10_Metas/08/17/20191008172500_00160.jpg,datasets_flow/dataset_cropped/10_Metas/08/17/20191008172500_00160.jpg,datasets_cloudmask/dataset_cropped/10_Metas/08/17/20191008172500_00160.png,197.9,539.6,59.9,24.6,962
10/8/2019 17:26,datasets/dataset_cropped/10_Metas/08/17/20191008172600_00160.jpg,datasets_flow/dataset_cropped/10_Metas/08/17/20191008172600_00160.jpg,datasets_cloudmask/dataset_cropped/10_Metas/08/17/20191008172600_00160.png,194.8,535.9,59.6,24.6,962
10/8/2019 17:27,datasets/dataset_cropped/10_Metas/08/17/20191008172700_00160.jpg,datasets_flow/dataset_cropped/10_Metas/08/17/20191008172700_00160.jpg,datasets_cloudmask/dataset_cropped/10_Metas/08/17/20191008172700_00160.png,191.5,531.7,59.1,24.5,962
10/8/2019 17:28,datasets/dataset_cropped/10_Metas/08/17/20191008172800_00160.jpg,datasets_flow/dataset_cropped/10_Metas/08/17/20191008172800_00160.jpg,datasets_cloudmask/dataset_cropped/10_Metas/08/17/20191008172800_00160.png,188,527.4,58.3,24.5,962
10/8/2019 17:29,datasets/dataset_cropped/10_Metas/08/17/20191008172900_00160.jpg,datasets_flow/dataset_cropped/10_Metas/08/17/20191008172900_00160.jpg,datasets_cloudmask/dataset_cropped/10_Metas/08/17/20191008172900_00160.png,184.3,521.5,57.8,24.5,962
10/8/2019 17:30,datasets/dataset_cropped/10_Metas/08/17/20191008173000_00160.jpg,datasets_flow/dataset_cropped/10_Metas/08/17/20191008173000_00160.jpg,datasets_cloudmask/dataset_cropped/10_Metas/08/17/20191008173000_00160.png,180.8,516.9,57.1,24.6,962
10/8/2019 17:31,datasets/dataset_cropped/10_Metas/08/17/20191008173100_00160.jpg,datasets_flow/dataset_cropped/10_Metas/08/17/20191008173100_00160.jpg,datasets_cloudmask/dataset_cropped/10_Metas/08/17/20191008173100_00160.png,177.6,512.7,56.5,24.6,962
10/8/2019 17:32,datasets/dataset_cropped/10_Metas/08/17/20191008173200_00160.jpg,datasets_flow/dataset_cropped/10_Metas/08/17/20191008173200_00160.jpg,datasets_cloudmask/dataset_cropped/10_Metas/08/17/20191008173200_00160.png,174.5,508.8,55.9,24.6,962
10/8/2019 17:33,datasets/dataset_cropped/10_Metas/08/17/20191008173300_00160.jpg,datasets_flow/dataset_cropped/10_Metas/08/17/20191008173300_00160.jpg,datasets_cloudmask/dataset_cropped/10_Metas/08/17/20191008173300_00160.png,171.5,505.3,55.4,24.6,962
10/8/2019 17:34,datasets/dataset_cropped/10_Metas/08/17/20191008173400_00160.jpg,datasets_flow/dataset_cropped/10_Metas/08/17/20191008173400_00160.jpg,datasets_cloudmask/dataset_cropped/10_Metas/08/17/20191008173400_00160.png,168.6,501.6,55,24.5,962
10/8/2019 17:35,datasets/dataset_cropped/10_Metas/08/17/20191008173500_00160.jpg,datasets_flow/dataset_cropped/10_Metas/08/17/20191008173500_00160.jpg,datasets_cloudmask/dataset_cropped/10_Metas/08/17/20191008173500_00160.png,165.3,495.9,54.5,24.6,962
10/8/2019 17:36,datasets/dataset_cropped/10_Metas/08/17/20191008173600_00160.jpg,datasets_flow/dataset_cropped/10_Metas/08/17/20191008173600_00160.jpg,datasets_cloudmask/dataset_cropped/10_Metas/08/17/20191008173600_00160.png,161.6,488.1,53.9,24.5,962
10/8/2019 17:37,datasets/dataset_cropped/10_Metas/08/17/20191008173700_00160.jpg,datasets_flow/dataset_cropped/10_Metas/08/17/20191008173700_00160.jpg,datasets_cloudmask/dataset_cropped/10_Metas/08/17/20191008173700_00160.png,159,487.1,53.3,24.6,962
10/8/2019 17:38,datasets/dataset_cropped/10_Metas/08/17/20191008173800_00160.jpg,datasets_flow/dataset_cropped/10_Metas/08/17/20191008173800_00160.jpg,datasets_cloudmask/dataset_cropped/10_Metas/08/17/20191008173800_00160.png,155.7,482.4,52.7,24.5,962
10/8/2019 17:39,datasets/dataset_cropped/10_Metas/08/17/20191008173900_00160.jpg,datasets_flow/dataset_cropped/10_Metas/08/17/20191008173900_00160.jpg,datasets_cloudmask/dataset_cropped/10_Metas/08/17/20191008173900_00160.png,152.5,477.1,52,24.6,962
10/8/2019 17:40,datasets/dataset_cropped/10_Metas/08/17/20191008174000_00160.jpg,datasets_flow/dataset_cropped/10_Metas/08/17/20191008174000_00160.jpg,datasets_cloudmask/dataset_cropped/10_Metas/08/17/20191008174000_00160.png,149.1,471.2,51.5,24.7,962
10/8/2019 17:41,datasets/dataset_cropped/10_Metas/08/17/20191008174100_00160.jpg,datasets_flow/dataset_cropped/10_Metas/08/17/20191008174100_00160.jpg,datasets_cloudmask/dataset_cropped/10_Metas/08/17/20191008174100_00160.png,145.2,462.8,50.9,24.8,962
10/8/2019 17:42,datasets/dataset_cropped/10_Metas/08/17/20191008174200_00160.jpg,datasets_flow/dataset_cropped/10_Metas/08/17/20191008174200_00160.jpg,datasets_cloudmask/dataset_cropped/10_Metas/08/17/20191008174200_00160.png,141.8,457.1,50.1,24.7,962
10/8/2019 17:43,datasets/dataset_cropped/10_Metas/08/17/20191008174300_00160.jpg,datasets_flow/dataset_cropped/10_Metas/08/17/20191008174300_00160.jpg,datasets_cloudmask/dataset_cropped/10_Metas/08/17/20191008174300_00160.png,138.1,448.8,49.5,24.5,962
10/8/2019 17:44,datasets/dataset_cropped/10_Metas/08/17/20191008174400_00160.jpg,datasets_flow/dataset_cropped/10_Metas/08/17/20191008174400_00160.jpg,datasets_cloudmask/dataset_cropped/10_Metas/08/17/20191008174400_00160.png,135,442.8,49.1,24.3,962
10/8/2019 17:45,datasets/dataset_cropped/10_Metas/08/17/20191008174500_00160.jpg,datasets_flow/dataset_cropped/10_Metas/08/17/20191008174500_00160.jpg,datasets_cloudmask/dataset_cropped/10_Metas/08/17/20191008174500_00160.png,132,438.6,48.5,24.2,962
10/8/2019 17:46,datasets/dataset_cropped/10_Metas/08/17/20191008174600_00160.jpg,datasets_flow/dataset_cropped/10_Metas/08/17/20191008174600_00160.jpg,datasets_cloudmask/dataset_cropped/10_Metas/08/17/20191008174600_00160.png,129.2,435.8,47.6,24.1,962
10/8/2019 17:47,datasets/dataset_cropped/10_Metas/08/17/20191008174700_00160.jpg,datasets_flow/dataset_cropped/10_Metas/08/17/20191008174700_00160.jpg,datasets_cloudmask/dataset_cropped/10_Metas/08/17/20191008174700_00160.png,126.4,432,46.9,24,962
10/8/2019 17:48,datasets/dataset_cropped/10_Metas/08/17/20191008174800_00160.jpg,datasets_flow/dataset_cropped/10_Metas/08/17/20191008174800_00160.jpg,datasets_cloudmask/dataset_cropped/10_Metas/08/17/20191008174800_00160.png,123.6,426.9,46.5,23.9,962
10/8/2019 17:49,datasets/dataset_cropped/10_Metas/08/17/20191008174900_00160.jpg,datasets_flow/dataset_cropped/10_Metas/08/17/20191008174900_00160.jpg,datasets_cloudmask/dataset_cropped/10_Metas/08/17/20191008174900_00160.png,120.3,420,45.8,23.8,962
10/8/2019 17:50,datasets/dataset_cropped/10_Metas/08/17/20191008175000_00160.jpg,datasets_flow/dataset_cropped/10_Metas/08/17/20191008175000_00160.jpg,datasets_cloudmask/dataset_cropped/10_Metas/08/17/20191008175000_00160.png,117.1,412.9,45.1,23.8,962
10/8/2019 17:51,datasets/dataset_cropped/10_Metas/08/17/20191008175100_00160.jpg,datasets_flow/dataset_cropped/10_Metas/08/17/20191008175100_00160.jpg,datasets_cloudmask/dataset_cropped/10_Metas/08/17/20191008175100_00160.png,114,406.1,44.5,23.9,962
10/8/2019 17:52,datasets/dataset_cropped/10_Metas/08/17/20191008175200_00160.jpg,datasets_flow/dataset_cropped/10_Metas/08/17/20191008175200_00160.jpg,datasets_cloudmask/dataset_cropped/10_Metas/08/17/20191008175200_00160.png,110.8,397.8,43.9,23.9,962
10/8/2019 17:53,datasets/dataset_cropped/10_Metas/08/17/20191008175300_00160.jpg,datasets_flow/dataset_cropped/10_Metas/08/17/20191008175300_00160.jpg,datasets_cloudmask/dataset_cropped/10_Metas/08/17/20191008175300_00160.png,107.3,388.3,43.4,23.9,962
10/8/2019 17:54,datasets/dataset_cropped/10_Metas/08/17/20191008175400_00160.jpg,datasets_flow/dataset_cropped/10_Metas/08/17/20191008175400_00160.jpg,datasets_cloudmask/dataset_cropped/10_Metas/08/17/20191008175400_00160.png,104.1,381,42.8,23.8,962
10/8/2019 17:55,datasets/dataset_cropped/10_Metas/08/17/20191008175500_00160.jpg,datasets_flow/dataset_cropped/10_Metas/08/17/20191008175500_00160.jpg,datasets_cloudmask/dataset_cropped/10_Metas/08/17/20191008175500_00160.png,101.1,374.2,42.2,23.7,962
10/8/2019 17:56,datasets/dataset_cropped/10_Metas/08/17/20191008175600_00160.jpg,datasets_flow/dataset_cropped/10_Metas/08/17/20191008175600_00160.jpg,datasets_cloudmask/dataset_cropped/10_Metas/08/17/20191008175600_00160.png,97.9,366.7,41.5,23.6,962
10/8/2019 17:57,datasets/dataset_cropped/10_Metas/08/17/20191008175700_00160.jpg,datasets_flow/dataset_cropped/10_Metas/08/17/20191008175700_00160.jpg,datasets_cloudmask/dataset_cropped/10_Metas/08/17/20191008175700_00160.png,94.8,358.8,40.8,23.4,962
10/8/2019 17:58,datasets/dataset_cropped/10_Metas/08/17/20191008175800_00160.jpg,datasets_flow/dataset_cropped/10_Metas/08/17/20191008175800_00160.jpg,datasets_cloudmask/dataset_cropped/10_Metas/08/17/20191008175800_00160.png,91.7,350.6,40.1,23.3,962
10/8/2019 17:59,datasets/dataset_cropped/10_Metas/08/17/20191008175900_00160.jpg,datasets_flow/dataset_cropped/10_Metas/08/17/20191008175900_00160.jpg,datasets_cloudmask/dataset_cropped/10_Metas/08/17/20191008175900_00160.png,88.6,343.2,39.2,23.2,962
10/8/2019 18:00,datasets/dataset_cropped/10_Metas/08/18/20191008180000_00160.jpg,datasets_flow/dataset_cropped/10_Metas/08/18/20191008180000_00160.jpg,datasets_cloudmask/dataset_cropped/10_Metas/08/18/20191008180000_00160.png,85.7,336.3,38.4,23.3,962
10/8/2019 18:01,datasets/dataset_cropped/10_Metas/08/18/20191008180100_00160.jpg,datasets_flow/dataset_cropped/10_Metas/08/18/20191008180100_00160.jpg,datasets_cloudmask/dataset_cropped/10_Metas/08/18/20191008180100_00160.png,82.9,329.5,37.6,23.4,962
10/8/2019 18:02,datasets/dataset_cropped/10_Metas/08/18/20191008180200_00160.jpg,datasets_flow/dataset_cropped/10_Metas/08/18/20191008180200_00160.jpg,datasets_cloudmask/dataset_cropped/10_Metas/08/18/20191008180200_00160.png,79.8,320.5,36.7,23.4,962
10/8/2019 18:03,datasets/dataset_cropped/10_Metas/08/18/20191008180300_00160.jpg,datasets_flow/dataset_cropped/10_Metas/08/18/20191008180300_00160.jpg,datasets_cloudmask/dataset_cropped/10_Metas/08/18/20191008180300_00160.png,76.6,310.3,35.9,23.4,962
10/8/2019 18:04,datasets/dataset_cropped/10_Metas/08/18/20191008180400_00160.jpg,datasets_flow/dataset_cropped/10_Metas/08/18/20191008180400_00160.jpg,datasets_cloudmask/dataset_cropped/10_Metas/08/18/20191008180400_00160.png,73.3,299,35.1,23.4,962
10/8/2019 18:05,datasets/dataset_cropped/10_Metas/08/18/20191008180500_00160.jpg,datasets_flow/dataset_cropped/10_Metas/08/18/20191008180500_00160.jpg,datasets_cloudmask/dataset_cropped/10_Metas/08/18/20191008180500_00160.png,70.3,289.2,34.4,23.3,962
10/8/2019 18:06,datasets/dataset_cropped/10_Metas/08/18/20191008180600_00160.jpg,datasets_flow/dataset_cropped/10_Metas/08/18/20191008180600_00160.jpg,datasets_cloudmask/dataset_cropped/10_Metas/08/18/20191008180600_00160.png,67.3,279.2,33.5,23.2,962
10/8/2019 18:07,datasets/dataset_cropped/10_Metas/08/18/20191008180700_00160.jpg,datasets_flow/dataset_cropped/10_Metas/08/18/20191008180700_00160.jpg,datasets_cloudmask/dataset_cropped/10_Metas/08/18/20191008180700_00160.png,64.3,267.8,32.8,23.2,962
10/8/2019 18:08,datasets/dataset_cropped/10_Metas/08/18/20191008180800_00160.jpg,datasets_flow/dataset_cropped/10_Metas/08/18/20191008180800_00160.jpg,datasets_cloudmask/dataset_cropped/10_Metas/08/18/20191008180800_00160.png,61.3,256.9,31.9,23.2,962
10/8/2019 18:09,datasets/dataset_cropped/10_Metas/08/18/20191008180900_00160.jpg,datasets_flow/dataset_cropped/10_Metas/08/18/20191008180900_00160.jpg,datasets_cloudmask/dataset_cropped/10_Metas/08/18/20191008180900_00160.png,58.6,247.1,31.2,23.3,962
10/8/2019 18:10,datasets/dataset_cropped/10_Metas/08/18/20191008181000_00160.jpg,datasets_flow/dataset_cropped/10_Metas/08/18/20191008181000_00160.jpg,datasets_cloudmask/dataset_cropped/10_Metas/08/18/20191008181000_00160.png,55.8,236.9,30.4,23.2,962
10/8/2019 18:11,datasets/dataset_cropped/10_Metas/08/18/20191008181100_00160.jpg,datasets_flow/dataset_cropped/10_Metas/08/18/20191008181100_00160.jpg,datasets_cloudmask/dataset_cropped/10_Metas/08/18/20191008181100_00160.png,53.3,228.7,29.6,23,962
10/8/2019 18:12,datasets/dataset_cropped/10_Metas/08/18/20191008181200_00160.jpg,datasets_flow/dataset_cropped/10_Metas/08/18/20191008181200_00160.jpg,datasets_cloudmask/dataset_cropped/10_Metas/08/18/20191008181200_00160.png,51,221.3,28.7,22.9,962
10/8/2019 18:13,datasets/dataset_cropped/10_Metas/08/18/20191008181300_00160.jpg,datasets_flow/dataset_cropped/10_Metas/08/18/20191008181300_00160.jpg,datasets_cloudmask/dataset_cropped/10_Metas/08/18/20191008181300_00160.png,48.5,212.3,27.9,22.8,962
10/8/2019 18:14,datasets/dataset_cropped/10_Metas/08/18/20191008181400_00160.jpg,datasets_flow/dataset_cropped/10_Metas/08/18/20191008181400_00160.jpg,datasets_cloudmask/dataset_cropped/10_Metas/08/18/20191008181400_00160.png,45.9,201.9,27,22.8,962
10/8/2019 18:15,datasets/dataset_cropped/10_Metas/08/18/20191008181500_00160.jpg,datasets_flow/dataset_cropped/10_Metas/08/18/20191008181500_00160.jpg,datasets_cloudmask/dataset_cropped/10_Metas/08/18/20191008181500_00160.png,43.5,192.4,26.2,22.6,962
10/8/2019 18:16,datasets/dataset_cropped/10_Metas/08/18/20191008181600_00160.jpg,datasets_flow/dataset_cropped/10_Metas/08/18/20191008181600_00160.jpg,datasets_cloudmask/dataset_cropped/10_Metas/08/18/20191008181600_00160.png,41,181.4,25.2,22.6,962
10/8/2019 18:17,datasets/dataset_cropped/10_Metas/08/18/20191008181700_00160.jpg,datasets_flow/dataset_cropped/10_Metas/08/18/20191008181700_00160.jpg,datasets_cloudmask/dataset_cropped/10_Metas/08/18/20191008181700_00160.png,38.5,170,24.4,22.7,962
10/8/2019 18:18,datasets/dataset_cropped/10_Metas/08/18/20191008181800_00160.jpg,datasets_flow/dataset_cropped/10_Metas/08/18/20191008181800_00160.jpg,datasets_cloudmask/dataset_cropped/10_Metas/08/18/20191008181800_00160.png,36,158.5,23.5,22.6,962
10/8/2019 18:19,datasets/dataset_cropped/10_Metas/08/18/20191008181900_00160.jpg,datasets_flow/dataset_cropped/10_Metas/08/18/20191008181900_00160.jpg,datasets_cloudmask/dataset_cropped/10_Metas/08/18/20191008181900_00160.png,33.7,147.5,22.6,22.5,962
10/8/2019 18:20,datasets/dataset_cropped/10_Metas/08/18/20191008182000_00160.jpg,datasets_flow/dataset_cropped/10_Metas/08/18/20191008182000_00160.jpg,datasets_cloudmask/dataset_cropped/10_Metas/08/18/20191008182000_00160.png,31.6,136.6,21.6,22.5,962
10/8/2019 18:21,datasets/dataset_cropped/10_Metas/08/18/20191008182100_00160.jpg,datasets_flow/dataset_cropped/10_Metas/08/18/20191008182100_00160.jpg,datasets_cloudmask/dataset_cropped/10_Metas/08/18/20191008182100_00160.png,29.3,124.2,20.7,22.5,962
10/8/2019 18:22,datasets/dataset_cropped/10_Metas/08/18/20191008182200_00160.jpg,datasets_flow/dataset_cropped/10_Metas/08/18/20191008182200_00160.jpg,datasets_cloudmask/dataset_cropped/10_Metas/08/18/20191008182200_00160.png,27.1,111.3,19.8,22.4,962
10/8/2019 18:23,datasets/dataset_cropped/10_Metas/08/18/20191008182300_00160.jpg,datasets_flow/dataset_cropped/10_Metas/08/18/20191008182300_00160.jpg,datasets_cloudmask/dataset_cropped/10_Metas/08/18/20191008182300_00160.png,25.1,100.5,18.8,22.3,962
10/8/2019 18:24,datasets/dataset_cropped/10_Metas/08/18/20191008182400_00160.jpg,datasets_flow/dataset_cropped/10_Metas/08/18/20191008182400_00160.jpg,datasets_cloudmask/dataset_cropped/10_Metas/08/18/20191008182400_00160.png,23.3,92.2,17.9,22.2,962
10/8/2019 18:25,datasets/dataset_cropped/10_Metas/08/18/20191008182500_00160.jpg,datasets_flow/dataset_cropped/10_Metas/08/18/20191008182500_00160.jpg,datasets_cloudmask/dataset_cropped/10_Metas/08/18/20191008182500_00160.png,21.7,85.4,16.9,22.1,962
10/8/2019 18:26,datasets/dataset_cropped/10_Metas/08/18/20191008182600_00160.jpg,datasets_flow/dataset_cropped/10_Metas/08/18/20191008182600_00160.jpg,datasets_cloudmask/dataset_cropped/10_Metas/08/18/20191008182600_00160.png,20.1,79.1,15.9,22.1,962
10/8/2019 18:27,datasets/dataset_cropped/10_Metas/08/18/20191008182700_00160.jpg,datasets_flow/dataset_cropped/10_Metas/08/18/20191008182700_00160.jpg,datasets_cloudmask/dataset_cropped/10_Metas/08/18/20191008182700_00160.png,18.6,71.4,14.9,22,962
10/8/2019 18:28,datasets/dataset_cropped/10_Metas/08/18/20191008182800_00160.jpg,datasets_flow/dataset_cropped/10_Metas/08/18/20191008182800_00160.jpg,datasets_cloudmask/dataset_cropped/10_Metas/08/18/20191008182800_00160.png,17.1,61.8,14.1,21.9,962
10/8/2019 18:29,datasets/dataset_cropped/10_Metas/08/18/20191008182900_00160.jpg,datasets_flow/dataset_cropped/10_Metas/08/18/20191008182900_00160.jpg,datasets_cloudmask/dataset_cropped/10_Metas/08/18/20191008182900_00160.png,15.5,51.8,13.1,21.9,962
10/8/2019 18:30,datasets/dataset_cropped/10_Metas/08/18/20191008183000_00160.jpg,datasets_flow/dataset_cropped/10_Metas/08/18/20191008183000_00160.jpg,datasets_cloudmask/dataset_cropped/10_Metas/08/18/20191008183000_00160.png,14.1,42.8,12.2,21.9,962
10/8/2019 18:31,datasets/dataset_cropped/10_Metas/08/18/20191008183100_00160.jpg,datasets_flow/dataset_cropped/10_Metas/08/18/20191008183100_00160.jpg,datasets_cloudmask/dataset_cropped/10_Metas/08/18/20191008183100_00160.png,12.7,34.2,11.3,21.9,962
10/8/2019 18:32,datasets/dataset_cropped/10_Metas/08/18/20191008183200_00160.jpg,datasets_flow/dataset_cropped/10_Metas/08/18/20191008183200_00160.jpg,datasets_cloudmask/dataset_cropped/10_Metas/08/18/20191008183200_00160.png,11.3,22.8,10.3,21.8,962
10/8/2019 18:33,datasets/dataset_cropped/10_Metas/08/18/20191008183300_00160.jpg,datasets_flow/dataset_cropped/10_Metas/08/18/20191008183300_00160.jpg,datasets_cloudmask/dataset_cropped/10_Metas/08/18/20191008183300_00160.png,9.9,8.5,9.4,21.8,962
10/8/2019 18:34,datasets/dataset_cropped/10_Metas/08/18/20191008183400_00160.jpg,datasets_flow/dataset_cropped/10_Metas/08/18/20191008183400_00160.jpg,datasets_cloudmask/dataset_cropped/10_Metas/08/18/20191008183400_00160.png,8.7,0.5,8.5,21.9,962
10/8/2019 18:35,datasets/dataset_cropped/10_Metas/08/18/20191008183500_00160.jpg,datasets_flow/dataset_cropped/10_Metas/08/18/20191008183500_00160.jpg,datasets_cloudmask/dataset_cropped/10_Metas/08/18/20191008183500_00160.png,7.8,0,7.6,21.8,962
10/8/2019 18:36,datasets/dataset_cropped/10_Metas/08/18/20191008183600_00160.jpg,datasets_flow/dataset_cropped/10_Metas/08/18/20191008183600_00160.jpg,datasets_cloudmask/dataset_cropped/10_Metas/08/18/20191008183600_00160.png,7,0,6.8,21.7,962
10/8/2019 18:37,datasets/dataset_cropped/10_Metas/08/18/20191008183700_00160.jpg,datasets_flow/dataset_cropped/10_Metas/08/18/20191008183700_00160.jpg,datasets_cloudmask/dataset_cropped/10_Metas/08/18/20191008183700_00160.png,6.1,0,6,21.6,962
10/8/2019 18:38,datasets/dataset_cropped/10_Metas/08/18/20191008183800_00160.jpg,datasets_flow/dataset_cropped/10_Metas/08/18/20191008183800_00160.jpg,datasets_cloudmask/dataset_cropped/10_Metas/08/18/20191008183800_00160.png,5.4,0,5.2,21.6,962
10/8/2019 18:39,datasets/dataset_cropped/10_Metas/08/18/20191008183900_00160.jpg,datasets_flow/dataset_cropped/10_Metas/08/18/20191008183900_00160.jpg,datasets_cloudmask/dataset_cropped/10_Metas/08/18/20191008183900_00160.png,4.7,0,4.5,21.5,962
10/8/2019 18:40,datasets/dataset_cropped/10_Metas/08/18/20191008184000_00160.jpg,datasets_flow/dataset_cropped/10_Metas/08/18/20191008184000_00160.jpg,datasets_cloudmask/dataset_cropped/10_Metas/08/18/20191008184000_00160.png,4,0,3.9,21.5,962
10/8/2019 18:41,datasets/dataset_cropped/10_Metas/08/18/20191008184100_00160.jpg,datasets_flow/dataset_cropped/10_Metas/08/18/20191008184100_00160.jpg,datasets_cloudmask/dataset_cropped/10_Metas/08/18/20191008184100_00160.png,3.4,0,3.3,21.5,962
10/9/2019 7:13,datasets/dataset_cropped/10_Metas/09/07/20191009071300_00160.jpg,datasets_flow/dataset_cropped/10_Metas/09/07/20191009071300_00160.jpg,datasets_cloudmask/dataset_cropped/10_Metas/09/07/20191009071300_00160.png,4,0,3.9,14.9,961
10/9/2019 7:14,datasets/dataset_cropped/10_Metas/09/07/20191009071400_00160.jpg,datasets_flow/dataset_cropped/10_Metas/09/07/20191009071400_00160.jpg,datasets_cloudmask/dataset_cropped/10_Metas/09/07/20191009071400_00160.png,4.5,0,4.4,14.9,961
10/9/2019 7:15,datasets/dataset_cropped/10_Metas/09/07/20191009071500_00160.jpg,datasets_flow/dataset_cropped/10_Metas/09/07/20191009071500_00160.jpg,datasets_cloudmask/dataset_cropped/10_Metas/09/07/20191009071500_00160.png,5.2,0.6,5,14.8,961
10/9/2019 7:16,datasets/dataset_cropped/10_Metas/09/07/20191009071600_00160.jpg,datasets_flow/dataset_cropped/10_Metas/09/07/20191009071600_00160.jpg,datasets_cloudmask/dataset_cropped/10_Metas/09/07/20191009071600_00160.png,6,5.2,5.8,14.9,961
10/9/2019 7:17,datasets/dataset_cropped/10_Metas/09/07/20191009071700_00160.jpg,datasets_flow/dataset_cropped/10_Metas/09/07/20191009071700_00160.jpg,datasets_cloudmask/dataset_cropped/10_Metas/09/07/20191009071700_00160.png,6.9,12.6,6.6,14.9,961
10/9/2019 7:18,datasets/dataset_cropped/10_Metas/09/07/20191009071800_00160.jpg,datasets_flow/dataset_cropped/10_Metas/09/07/20191009071800_00160.jpg,datasets_cloudmask/dataset_cropped/10_Metas/09/07/20191009071800_00160.png,7.9,20,7.4,14.8,961
10/9/2019 7:19,datasets/dataset_cropped/10_Metas/09/07/20191009071900_00160.jpg,datasets_flow/dataset_cropped/10_Metas/09/07/20191009071900_00160.jpg,datasets_cloudmask/dataset_cropped/10_Metas/09/07/20191009071900_00160.png,9,28.5,8.3,14.6,961
10/9/2019 7:20,datasets/dataset_cropped/10_Metas/09/07/20191009072000_00160.jpg,datasets_flow/dataset_cropped/10_Metas/09/07/20191009072000_00160.jpg,datasets_cloudmask/dataset_cropped/10_Metas/09/07/20191009072000_00160.png,10.2,38.4,9.1,14.5,961
10/9/2019 7:21,datasets/dataset_cropped/10_Metas/09/07/20191009072100_00160.jpg,datasets_flow/dataset_cropped/10_Metas/09/07/20191009072100_00160.jpg,datasets_cloudmask/dataset_cropped/10_Metas/09/07/20191009072100_00160.png,11.3,48.7,9.9,14.5,961
10/9/2019 7:22,datasets/dataset_cropped/10_Metas/09/07/20191009072200_00160.jpg,datasets_flow/dataset_cropped/10_Metas/09/07/20191009072200_00160.jpg,datasets_cloudmask/dataset_cropped/10_Metas/09/07/20191009072200_00160.png,12.6,59.5,10.6,14.5,961
10/9/2019 7:23,datasets/dataset_cropped/10_Metas/09/07/20191009072300_00160.jpg,datasets_flow/dataset_cropped/10_Metas/09/07/20191009072300_00160.jpg,datasets_cloudmask/dataset_cropped/10_Metas/09/07/20191009072300_00160.png,13.9,71.3,11.4,14.5,961
10/9/2019 7:24,datasets/dataset_cropped/10_Metas/09/07/20191009072400_00160.jpg,datasets_flow/dataset_cropped/10_Metas/09/07/20191009072400_00160.jpg,datasets_cloudmask/dataset_cropped/10_Metas/09/07/20191009072400_00160.png,15.5,83.7,12.3,14.6,961
10/9/2019 7:25,datasets/dataset_cropped/10_Metas/09/07/20191009072500_00160.jpg,datasets_flow/dataset_cropped/10_Metas/09/07/20191009072500_00160.jpg,datasets_cloudmask/dataset_cropped/10_Metas/09/07/20191009072500_00160.png,17.1,95.9,13.2,14.7,961
10/9/2019 7:26,datasets/dataset_cropped/10_Metas/09/07/20191009072600_00160.jpg,datasets_flow/dataset_cropped/10_Metas/09/07/20191009072600_00160.jpg,datasets_cloudmask/dataset_cropped/10_Metas/09/07/20191009072600_00160.png,18.7,107.5,14.1,14.9,961
10/9/2019 7:27,datasets/dataset_cropped/10_Metas/09/07/20191009072700_00160.jpg,datasets_flow/dataset_cropped/10_Metas/09/07/20191009072700_00160.jpg,datasets_cloudmask/dataset_cropped/10_Metas/09/07/20191009072700_00160.png,20.4,119.1,15,14.9,961
10/9/2019 7:28,datasets/dataset_cropped/10_Metas/09/07/20191009072800_00160.jpg,datasets_flow/dataset_cropped/10_Metas/09/07/20191009072800_00160.jpg,datasets_cloudmask/dataset_cropped/10_Metas/09/07/20191009072800_00160.png,22.1,130.7,15.8,15,961
10/9/2019 7:29,datasets/dataset_cropped/10_Metas/09/07/20191009072900_00160.jpg,datasets_flow/dataset_cropped/10_Metas/09/07/20191009072900_00160.jpg,datasets_cloudmask/dataset_cropped/10_Metas/09/07/20191009072900_00160.png,23.9,141.3,16.6,15,961
10/9/2019 7:30,datasets/dataset_cropped/10_Metas/09/07/20191009073000_00160.jpg,datasets_flow/dataset_cropped/10_Metas/09/07/20191009073000_00160.jpg,datasets_cloudmask/dataset_cropped/10_Metas/09/07/20191009073000_00160.png,25.8,152.1,17.6,14.9,961
10/9/2019 7:31,datasets/dataset_cropped/10_Metas/09/07/20191009073100_00160.jpg,datasets_flow/dataset_cropped/10_Metas/09/07/20191009073100_00160.jpg,datasets_cloudmask/dataset_cropped/10_Metas/09/07/20191009073100_00160.png,27.9,163.4,18.6,14.8,961
10/9/2019 7:32,datasets/dataset_cropped/10_Metas/09/07/20191009073200_00160.jpg,datasets_flow/dataset_cropped/10_Metas/09/07/20191009073200_00160.jpg,datasets_cloudmask/dataset_cropped/10_Metas/09/07/20191009073200_00160.png,29.9,174.5,19.4,14.8,961
10/9/2019 7:33,datasets/dataset_cropped/10_Metas/09/07/20191009073300_00160.jpg,datasets_flow/dataset_cropped/10_Metas/09/07/20191009073300_00160.jpg,datasets_cloudmask/dataset_cropped/10_Metas/09/07/20191009073300_00160.png,32,185.6,20.2,14.8,961
10/9/2019 7:34,datasets/dataset_cropped/10_Metas/09/07/20191009073400_00160.jpg,datasets_flow/dataset_cropped/10_Metas/09/07/20191009073400_00160.jpg,datasets_cloudmask/dataset_cropped/10_Metas/09/07/20191009073400_00160.png,34.3,197.3,21.1,14.8,961
10/9/2019 7:35,datasets/dataset_cropped/10_Metas/09/07/20191009073500_00160.jpg,datasets_flow/dataset_cropped/10_Metas/09/07/20191009073500_00160.jpg,datasets_cloudmask/dataset_cropped/10_Metas/09/07/20191009073500_00160.png,36.6,209.3,21.8,14.9,961
10/9/2019 7:36,datasets/dataset_cropped/10_Metas/09/07/20191009073600_00160.jpg,datasets_flow/dataset_cropped/10_Metas/09/07/20191009073600_00160.jpg,datasets_cloudmask/dataset_cropped/10_Metas/09/07/20191009073600_00160.png,38.8,219.6,22.6,14.9,961
10/9/2019 7:37,datasets/dataset_cropped/10_Metas/09/07/20191009073700_00160.jpg,datasets_flow/dataset_cropped/10_Metas/09/07/20191009073700_00160.jpg,datasets_cloudmask/dataset_cropped/10_Metas/09/07/20191009073700_00160.png,41.2,229.5,23.5,15,961
10/9/2019 7:38,datasets/dataset_cropped/10_Metas/09/07/20191009073800_00160.jpg,datasets_flow/dataset_cropped/10_Metas/09/07/20191009073800_00160.jpg,datasets_cloudmask/dataset_cropped/10_Metas/09/07/20191009073800_00160.png,43.7,240.1,24.4,15,961
10/9/2019 7:39,datasets/dataset_cropped/10_Metas/09/07/20191009073900_00160.jpg,datasets_flow/dataset_cropped/10_Metas/09/07/20191009073900_00160.jpg,datasets_cloudmask/dataset_cropped/10_Metas/09/07/20191009073900_00160.png,46.2,249.9,25.2,15,961
10/9/2019 7:40,datasets/dataset_cropped/10_Metas/09/07/20191009074000_00160.jpg,datasets_flow/dataset_cropped/10_Metas/09/07/20191009074000_00160.jpg,datasets_cloudmask/dataset_cropped/10_Metas/09/07/20191009074000_00160.png,48.8,260.4,26.1,15,961
10/9/2019 7:41,datasets/dataset_cropped/10_Metas/09/07/20191009074100_00160.jpg,datasets_flow/dataset_cropped/10_Metas/09/07/20191009074100_00160.jpg,datasets_cloudmask/dataset_cropped/10_Metas/09/07/20191009074100_00160.png,51.2,269.6,26.8,15,961
10/9/2019 7:42,datasets/dataset_cropped/10_Metas/09/07/20191009074200_00160.jpg,datasets_flow/dataset_cropped/10_Metas/09/07/20191009074200_00160.jpg,datasets_cloudmask/dataset_cropped/10_Metas/09/07/20191009074200_00160.png,53.7,278.3,27.5,15,961
10/9/2019 7:43,datasets/dataset_cropped/10_Metas/09/07/20191009074300_00149.jpg,datasets_flow/dataset_cropped/10_Metas/09/07/20191009074300_00149.jpg,datasets_cloudmask/dataset_cropped/10_Metas/09/07/20191009074300_00149.png,56.2,286.7,28.2,15,961
10/9/2019 7:44,datasets/dataset_cropped/10_Metas/09/07/20191009074400_00160.jpg,datasets_flow/dataset_cropped/10_Metas/09/07/20191009074400_00160.jpg,datasets_cloudmask/dataset_cropped/10_Metas/09/07/20191009074400_00160.png,58.8,295.3,28.9,15.1,961
10/9/2019 7:45,datasets/dataset_cropped/10_Metas/09/07/20191009074500_00160.jpg,datasets_flow/dataset_cropped/10_Metas/09/07/20191009074500_00160.jpg,datasets_cloudmask/dataset_cropped/10_Metas/09/07/20191009074500_00160.png,61.5,304.3,29.7,15.1,961
10/9/2019 7:46,datasets/dataset_cropped/10_Metas/09/07/20191009074600_00160.jpg,datasets_flow/dataset_cropped/10_Metas/09/07/20191009074600_00160.jpg,datasets_cloudmask/dataset_cropped/10_Metas/09/07/20191009074600_00160.png,64.3,314,30.5,15.2,961
10/9/2019 7:47,datasets/dataset_cropped/10_Metas/09/07/20191009074700_00160.jpg,datasets_flow/dataset_cropped/10_Metas/09/07/20191009074700_00160.jpg,datasets_cloudmask/dataset_cropped/10_Metas/09/07/20191009074700_00160.png,67.2,322.4,31.3,15.3,961
10/9/2019 7:48,datasets/dataset_cropped/10_Metas/09/07/20191009074800_00160.jpg,datasets_flow/dataset_cropped/10_Metas/09/07/20191009074800_00160.jpg,datasets_cloudmask/dataset_cropped/10_Metas/09/07/20191009074800_00160.png,70,330.9,32.1,15.4,961
10/9/2019 7:49,datasets/dataset_cropped/10_Metas/09/07/20191009074900_00160.jpg,datasets_flow/dataset_cropped/10_Metas/09/07/20191009074900_00160.jpg,datasets_cloudmask/dataset_cropped/10_Metas/09/07/20191009074900_00160.png,73.1,341.1,32.8,15.5,961
10/9/2019 7:50,datasets/dataset_cropped/10_Metas/09/07/20191009075000_00160.jpg,datasets_flow/dataset_cropped/10_Metas/09/07/20191009075000_00160.jpg,datasets_cloudmask/dataset_cropped/10_Metas/09/07/20191009075000_00160.png,76.1,350.9,33.6,15.6,961
10/9/2019 7:51,datasets/dataset_cropped/10_Metas/09/07/20191009075100_00160.jpg,datasets_flow/dataset_cropped/10_Metas/09/07/20191009075100_00160.jpg,datasets_cloudmask/dataset_cropped/10_Metas/09/07/20191009075100_00160.png,79.1,359.7,34.3,15.7,961
10/9/2019 7:52,datasets/dataset_cropped/10_Metas/09/07/20191009075200_00160.jpg,datasets_flow/dataset_cropped/10_Metas/09/07/20191009075200_00160.jpg,datasets_cloudmask/dataset_cropped/10_Metas/09/07/20191009075200_00160.png,82.1,368,35.1,15.8,961
10/9/2019 7:53,datasets/dataset_cropped/10_Metas/09/07/20191009075300_00160.jpg,datasets_flow/dataset_cropped/10_Metas/09/07/20191009075300_00160.jpg,datasets_cloudmask/dataset_cropped/10_Metas/09/07/20191009075300_00160.png,85.1,375.8,35.8,15.9,961
10/9/2019 7:54,datasets/dataset_cropped/10_Metas/09/07/20191009075400_00160.jpg,datasets_flow/dataset_cropped/10_Metas/09/07/20191009075400_00160.jpg,datasets_cloudmask/dataset_cropped/10_Metas/09/07/20191009075400_00160.png,88.1,383.7,36.5,15.9,961
10/9/2019 7:55,datasets/dataset_cropped/10_Metas/09/07/20191009075500_00160.jpg,datasets_flow/dataset_cropped/10_Metas/09/07/20191009075500_00160.jpg,datasets_cloudmask/dataset_cropped/10_Metas/09/07/20191009075500_00160.png,91.3,391.7,37.4,16,961
10/9/2019 7:56,datasets/dataset_cropped/10_Metas/09/07/20191009075600_00160.jpg,datasets_flow/dataset_cropped/10_Metas/09/07/20191009075600_00160.jpg,datasets_cloudmask/dataset_cropped/10_Metas/09/07/20191009075600_00160.png,94.5,398.9,38.2,16.1,961
10/9/2019 7:57,datasets/dataset_cropped/10_Metas/09/07/20191009075700_00160.jpg,datasets_flow/dataset_cropped/10_Metas/09/07/20191009075700_00160.jpg,datasets_cloudmask/dataset_cropped/10_Metas/09/07/20191009075700_00160.png,97.6,405.3,39,16.1,961
10/9/2019 7:58,datasets/dataset_cropped/10_Metas/09/07/20191009075800_00160.jpg,datasets_flow/dataset_cropped/10_Metas/09/07/20191009075800_00160.jpg,datasets_cloudmask/dataset_cropped/10_Metas/09/07/20191009075800_00160.png,100.7,411.9,39.8,16.2,961
10/9/2019 7:59,datasets/dataset_cropped/10_Metas/09/07/20191009075900_00160.jpg,datasets_flow/dataset_cropped/10_Metas/09/07/20191009075900_00160.jpg,datasets_cloudmask/dataset_cropped/10_Metas/09/07/20191009075900_00160.png,103.8,418.8,40.6,16.3,961
10/9/2019 8:00,datasets/dataset_cropped/10_Metas/09/08/20191009080000_00160.jpg,datasets_flow/dataset_cropped/10_Metas/09/08/20191009080000_00160.jpg,datasets_cloudmask/dataset_cropped/10_Metas/09/08/20191009080000_00160.png,107.1,426.5,41.3,16.4,961
10/9/2019 8:01,datasets/dataset_cropped/10_Metas/09/08/20191009080100_00160.jpg,datasets_flow/dataset_cropped/10_Metas/09/08/20191009080100_00160.jpg,datasets_cloudmask/dataset_cropped/10_Metas/09/08/20191009080100_00160.png,110.5,433.8,42.2,16.4,961
10/9/2019 8:02,datasets/dataset_cropped/10_Metas/09/08/20191009080200_00160.jpg,datasets_flow/dataset_cropped/10_Metas/09/08/20191009080200_00160.jpg,datasets_cloudmask/dataset_cropped/10_Metas/09/08/20191009080200_00160.png,114.1,440.5,43.1,16.6,961
10/9/2019 8:03,datasets/dataset_cropped/10_Metas/09/08/20191009080300_00160.jpg,datasets_flow/dataset_cropped/10_Metas/09/08/20191009080300_00160.jpg,datasets_cloudmask/dataset_cropped/10_Metas/09/08/20191009080300_00160.png,117.8,447.3,44.2,16.7,961
10/9/2019 8:04,datasets/dataset_cropped/10_Metas/09/08/20191009080400_00160.jpg,datasets_flow/dataset_cropped/10_Metas/09/08/20191009080400_00160.jpg,datasets_cloudmask/dataset_cropped/10_Metas/09/08/20191009080400_00160.png,121.4,453.6,45.3,16.8,961
10/9/2019 8:05,datasets/dataset_cropped/10_Metas/09/08/20191009080500_00160.jpg,datasets_flow/dataset_cropped/10_Metas/09/08/20191009080500_00160.jpg,datasets_cloudmask/dataset_cropped/10_Metas/09/08/20191009080500_00160.png,124.9,459.9,46.2,16.8,961
10/9/2019 8:06,datasets/dataset_cropped/10_Metas/09/08/20191009080600_00160.jpg,datasets_flow/dataset_cropped/10_Metas/09/08/20191009080600_00160.jpg,datasets_cloudmask/dataset_cropped/10_Metas/09/08/20191009080600_00160.png,128.1,465.4,47,16.9,961
10/9/2019 8:07,datasets/dataset_cropped/10_Metas/09/08/20191009080700_00160.jpg,datasets_flow/dataset_cropped/10_Metas/09/08/20191009080700_00160.jpg,datasets_cloudmask/dataset_cropped/10_Metas/09/08/20191009080700_00160.png,131.3,471.1,47.6,16.9,961
10/9/2019 8:08,datasets/dataset_cropped/10_Metas/09/08/20191009080800_00160.jpg,datasets_flow/dataset_cropped/10_Metas/09/08/20191009080800_00160.jpg,datasets_cloudmask/dataset_cropped/10_Metas/09/08/20191009080800_00160.png,134.2,475.4,48.2,16.9,961
10/9/2019 8:09,datasets/dataset_cropped/10_Metas/09/08/20191009080900_00160.jpg,datasets_flow/dataset_cropped/10_Metas/09/08/20191009080900_00160.jpg,datasets_cloudmask/dataset_cropped/10_Metas/09/08/20191009080900_00160.png,137,479.7,48.6,17,961
10/9/2019 8:10,datasets/dataset_cropped/10_Metas/09/08/20191009081000_00160.jpg,datasets_flow/dataset_cropped/10_Metas/09/08/20191009081000_00160.jpg,datasets_cloudmask/dataset_cropped/10_Metas/09/08/20191009081000_00160.png,140.1,485.6,49,17,961
10/9/2019 8:11,datasets/dataset_cropped/10_Metas/09/08/20191009081100_00160.jpg,datasets_flow/dataset_cropped/10_Metas/09/08/20191009081100_00160.jpg,datasets_cloudmask/dataset_cropped/10_Metas/09/08/20191009081100_00160.png,143.3,491.2,49.5,17.1,961
10/9/2019 8:12,datasets/dataset_cropped/10_Metas/09/08/20191009081200_00160.jpg,datasets_flow/dataset_cropped/10_Metas/09/08/20191009081200_00160.jpg,datasets_cloudmask/dataset_cropped/10_Metas/09/08/20191009081200_00160.png,146.7,497.2,50.1,17.1,962
10/9/2019 8:13,datasets/dataset_cropped/10_Metas/09/08/20191009081300_00160.jpg,datasets_flow/dataset_cropped/10_Metas/09/08/20191009081300_00160.jpg,datasets_cloudmask/dataset_cropped/10_Metas/09/08/20191009081300_00160.png,150.2,501.8,51,17.1,961
10/9/2019 8:14,datasets/dataset_cropped/10_Metas/09/08/20191009081400_00160.jpg,datasets_flow/dataset_cropped/10_Metas/09/08/20191009081400_00160.jpg,datasets_cloudmask/dataset_cropped/10_Metas/09/08/20191009081400_00160.png,153.4,505.2,51.9,17.1,961
10/9/2019 8:15,datasets/dataset_cropped/10_Metas/09/08/20191009081500_00160.jpg,datasets_flow/dataset_cropped/10_Metas/09/08/20191009081500_00160.jpg,datasets_cloudmask/dataset_cropped/10_Metas/09/08/20191009081500_00160.png,156.5,509.4,52.5,17.2,961
10/9/2019 8:16,datasets/dataset_cropped/10_Metas/09/08/20191009081600_00160.jpg,datasets_flow/dataset_cropped/10_Metas/09/08/20191009081600_00160.jpg,datasets_cloudmask/dataset_cropped/10_Metas/09/08/20191009081600_00160.png,159.3,513.6,52.8,17.2,962
10/9/2019 8:17,datasets/dataset_cropped/10_Metas/09/08/20191009081700_00160.jpg,datasets_flow/dataset_cropped/10_Metas/09/08/20191009081700_00160.jpg,datasets_cloudmask/dataset_cropped/10_Metas/09/08/20191009081700_00160.png,162.1,518.7,52.9,17.3,962
10/9/2019 8:18,datasets/dataset_cropped/10_Metas/09/08/20191009081800_00160.jpg,datasets_flow/dataset_cropped/10_Metas/09/08/20191009081800_00160.jpg,datasets_cloudmask/dataset_cropped/10_Metas/09/08/20191009081800_00160.png,164.8,523.6,52.9,17.3,961
10/9/2019 8:19,datasets/dataset_cropped/10_Metas/09/08/20191009081900_00160.jpg,datasets_flow/dataset_cropped/10_Metas/09/08/20191009081900_00160.jpg,datasets_cloudmask/dataset_cropped/10_Metas/09/08/20191009081900_00160.png,167.8,529.2,53,17.4,962
10/9/2019 8:20,datasets/dataset_cropped/10_Metas/09/08/20191009082000_00160.jpg,datasets_flow/dataset_cropped/10_Metas/09/08/20191009082000_00160.jpg,datasets_cloudmask/dataset_cropped/10_Metas/09/08/20191009082000_00160.png,171.3,536.4,53.3,17.5,962
10/9/2019 8:21,datasets/dataset_cropped/10_Metas/09/08/20191009082100_00160.jpg,datasets_flow/dataset_cropped/10_Metas/09/08/20191009082100_00160.jpg,datasets_cloudmask/dataset_cropped/10_Metas/09/08/20191009082100_00160.png,174.4,541.9,53.4,17.6,962
10/9/2019 8:22,datasets/dataset_cropped/10_Metas/09/08/20191009082200_00160.jpg,datasets_flow/dataset_cropped/10_Metas/09/08/20191009082200_00160.jpg,datasets_cloudmask/dataset_cropped/10_Metas/09/08/20191009082200_00160.png,177.4,546.4,53.7,17.6,961
10/9/2019 8:23,datasets/dataset_cropped/10_Metas/09/08/20191009082300_00160.jpg,datasets_flow/dataset_cropped/10_Metas/09/08/20191009082300_00160.jpg,datasets_cloudmask/dataset_cropped/10_Metas/09/08/20191009082300_00160.png,180.1,549.2,54,17.7,962
10/9/2019 8:24,datasets/dataset_cropped/10_Metas/09/08/20191009082400_00160.jpg,datasets_flow/dataset_cropped/10_Metas/09/08/20191009082400_00160.jpg,datasets_cloudmask/dataset_cropped/10_Metas/09/08/20191009082400_00160.png,183.3,552.9,54.5,17.7,961
10/9/2019 8:25,datasets/dataset_cropped/10_Metas/09/08/20191009082500_00160.jpg,datasets_flow/dataset_cropped/10_Metas/09/08/20191009082500_00160.jpg,datasets_cloudmask/dataset_cropped/10_Metas/09/08/20191009082500_00160.png,186.9,558.9,55,17.8,962
10/9/2019 8:26,datasets/dataset_cropped/10_Metas/09/08/20191009082600_00160.jpg,datasets_flow/dataset_cropped/10_Metas/09/08/20191009082600_00160.jpg,datasets_cloudmask/dataset_cropped/10_Metas/09/08/20191009082600_00160.png,190.6,564.7,55.5,17.8,962
10/9/2019 8:27,datasets/dataset_cropped/10_Metas/09/08/20191009082700_00160.jpg,datasets_flow/dataset_cropped/10_Metas/09/08/20191009082700_00160.jpg,datasets_cloudmask/dataset_cropped/10_Metas/09/08/20191009082700_00160.png,194,568.9,56.1,17.9,962
10/9/2019 8:28,datasets/dataset_cropped/10_Metas/09/08/20191009082800_00160.jpg,datasets_flow/dataset_cropped/10_Metas/09/08/20191009082800_00160.jpg,datasets_cloudmask/dataset_cropped/10_Metas/09/08/20191009082800_00160.png,197.2,571.6,56.7,17.9,962
10/9/2019 8:29,datasets/dataset_cropped/10_Metas/09/08/20191009082900_00160.jpg,datasets_flow/dataset_cropped/10_Metas/09/08/20191009082900_00160.jpg,datasets_cloudmask/dataset_cropped/10_Metas/09/08/20191009082900_00160.png,200.3,574.5,57.3,17.9,962
10/9/2019 8:30,datasets/dataset_cropped/10_Metas/09/08/20191009083000_00160.jpg,datasets_flow/dataset_cropped/10_Metas/09/08/20191009083000_00160.jpg,datasets_cloudmask/dataset_cropped/10_Metas/09/08/20191009083000_00160.png,203.7,578.6,57.9,17.9,962
10/9/2019 8:31,datasets/dataset_cropped/10_Metas/09/08/20191009083100_00160.jpg,datasets_flow/dataset_cropped/10_Metas/09/08/20191009083100_00160.jpg,datasets_cloudmask/dataset_cropped/10_Metas/09/08/20191009083100_00160.png,207.2,582.5,58.7,18,962
10/9/2019 8:32,datasets/dataset_cropped/10_Metas/09/08/20191009083200_00160.jpg,datasets_flow/dataset_cropped/10_Metas/09/08/20191009083200_00160.jpg,datasets_cloudmask/dataset_cropped/10_Metas/09/08/20191009083200_00160.png,211.7,589.2,59.4,18.2,962
10/9/2019 8:33,datasets/dataset_cropped/10_Metas/09/08/20191009083300_00160.jpg,datasets_flow/dataset_cropped/10_Metas/09/08/20191009083300_00160.jpg,datasets_cloudmask/dataset_cropped/10_Metas/09/08/20191009083300_00160.png,216.4,598,59.7,18.3,962
10/9/2019 8:34,datasets/dataset_cropped/10_Metas/09/08/20191009083400_00160.jpg,datasets_flow/dataset_cropped/10_Metas/09/08/20191009083400_00160.jpg,datasets_cloudmask/dataset_cropped/10_Metas/09/08/20191009083400_00160.png,219.5,602.5,59.6,18.4,962
10/9/2019 8:35,datasets/dataset_cropped/10_Metas/09/08/20191009083500_00160.jpg,datasets_flow/dataset_cropped/10_Metas/09/08/20191009083500_00160.jpg,datasets_cloudmask/dataset_cropped/10_Metas/09/08/20191009083500_00160.png,213.5,575.1,59.1,18.5,962
10/9/2019 8:36,datasets/dataset_cropped/10_Metas/09/08/20191009083600_00160.jpg,datasets_flow/dataset_cropped/10_Metas/09/08/20191009083600_00160.jpg,datasets_cloudmask/dataset_cropped/10_Metas/09/08/20191009083600_00160.png,217.6,585.5,58.8,18.5,962
10/9/2019 8:37,datasets/dataset_cropped/10_Metas/09/08/20191009083700_00160.jpg,datasets_flow/dataset_cropped/10_Metas/09/08/20191009083700_00160.jpg,datasets_cloudmask/dataset_cropped/10_Metas/09/08/20191009083700_00160.png,198.2,515,57.2,18.6,962
10/9/2019 8:38,datasets/dataset_cropped/10_Metas/09/08/20191009083800_00160.jpg,datasets_flow/dataset_cropped/10_Metas/09/08/20191009083800_00160.jpg,datasets_cloudmask/dataset_cropped/10_Metas/09/08/20191009083800_00160.png,182.6,452.5,57.4,18.7,962
10/9/2019 8:39,datasets/dataset_cropped/10_Metas/09/08/20191009083900_00160.jpg,datasets_flow/dataset_cropped/10_Metas/09/08/20191009083900_00160.jpg,datasets_cloudmask/dataset_cropped/10_Metas/09/08/20191009083900_00160.png,225,590.6,59.8,18.7,962
10/9/2019 8:40,datasets/dataset_cropped/10_Metas/09/08/20191009084000_00160.jpg,datasets_flow/dataset_cropped/10_Metas/09/08/20191009084000_00160.jpg,datasets_cloudmask/dataset_cropped/10_Metas/09/08/20191009084000_00160.png,236,620.3,60.5,18.7,962
10/9/2019 8:41,datasets/dataset_cropped/10_Metas/09/08/20191009084100_00160.jpg,datasets_flow/dataset_cropped/10_Metas/09/08/20191009084100_00160.jpg,datasets_cloudmask/dataset_cropped/10_Metas/09/08/20191009084100_00160.png,239.2,623.6,60.8,18.9,962
10/9/2019 8:42,datasets/dataset_cropped/10_Metas/09/08/20191009084200_00160.jpg,datasets_flow/dataset_cropped/10_Metas/09/08/20191009084200_00160.jpg,datasets_cloudmask/dataset_cropped/10_Metas/09/08/20191009084200_00160.png,242.3,626.9,60.9,19,962
10/9/2019 8:43,datasets/dataset_cropped/10_Metas/09/08/20191009084300_00160.jpg,datasets_flow/dataset_cropped/10_Metas/09/08/20191009084300_00160.jpg,datasets_cloudmask/dataset_cropped/10_Metas/09/08/20191009084300_00160.png,245.2,630.4,60.9,19.1,962
10/9/2019 8:44,datasets/dataset_cropped/10_Metas/09/08/20191009084400_00160.jpg,datasets_flow/dataset_cropped/10_Metas/09/08/20191009084400_00160.jpg,datasets_cloudmask/dataset_cropped/10_Metas/09/08/20191009084400_00160.png,248.4,634.8,60.8,19.2,962
10/9/2019 8:45,datasets/dataset_cropped/10_Metas/09/08/20191009084500_00160.jpg,datasets_flow/dataset_cropped/10_Metas/09/08/20191009084500_00160.jpg,datasets_cloudmask/dataset_cropped/10_Metas/09/08/20191009084500_00160.png,252.1,640.3,60.9,19.3,962
10/9/2019 8:46,datasets/dataset_cropped/10_Metas/09/08/20191009084600_00160.jpg,datasets_flow/dataset_cropped/10_Metas/09/08/20191009084600_00160.jpg,datasets_cloudmask/dataset_cropped/10_Metas/09/08/20191009084600_00160.png,256.4,646.7,61.4,19.4,962
10/9/2019 8:47,datasets/dataset_cropped/10_Metas/09/08/20191009084700_00160.jpg,datasets_flow/dataset_cropped/10_Metas/09/08/20191009084700_00160.jpg,datasets_cloudmask/dataset_cropped/10_Metas/09/08/20191009084700_00160.png,260,650.9,61.8,19.5,962
10/9/2019 8:48,datasets/dataset_cropped/10_Metas/09/08/20191009084800_00160.jpg,datasets_flow/dataset_cropped/10_Metas/09/08/20191009084800_00160.jpg,datasets_cloudmask/dataset_cropped/10_Metas/09/08/20191009084800_00160.png,263.2,654.4,62.1,19.6,962
10/9/2019 8:49,datasets/dataset_cropped/10_Metas/09/08/20191009084900_00160.jpg,datasets_flow/dataset_cropped/10_Metas/09/08/20191009084900_00160.jpg,datasets_cloudmask/dataset_cropped/10_Metas/09/08/20191009084900_00160.png,266.3,656.6,62.4,19.6,962
10/9/2019 8:50,datasets/dataset_cropped/10_Metas/09/08/20191009085000_00160.jpg,datasets_flow/dataset_cropped/10_Metas/09/08/20191009085000_00160.jpg,datasets_cloudmask/dataset_cropped/10_Metas/09/08/20191009085000_00160.png,269.2,658.5,62.9,19.6,962
10/9/2019 8:51,datasets/dataset_cropped/10_Metas/09/08/20191009085100_00160.jpg,datasets_flow/dataset_cropped/10_Metas/09/08/20191009085100_00160.jpg,datasets_cloudmask/dataset_cropped/10_Metas/09/08/20191009085100_00160.png,272.5,660.6,63.5,19.7,962
10/9/2019 8:52,datasets/dataset_cropped/10_Metas/09/08/20191009085200_00160.jpg,datasets_flow/dataset_cropped/10_Metas/09/08/20191009085200_00160.jpg,datasets_cloudmask/dataset_cropped/10_Metas/09/08/20191009085200_00160.png,275.7,662.6,63.9,19.8,962
10/9/2019 8:53,datasets/dataset_cropped/10_Metas/09/08/20191009085300_00160.jpg,datasets_flow/dataset_cropped/10_Metas/09/08/20191009085300_00160.jpg,datasets_cloudmask/dataset_cropped/10_Metas/09/08/20191009085300_00160.png,278.6,665,64,19.9,962
10/9/2019 8:54,datasets/dataset_cropped/10_Metas/09/08/20191009085400_00160.jpg,datasets_flow/dataset_cropped/10_Metas/09/08/20191009085400_00160.jpg,datasets_cloudmask/dataset_cropped/10_Metas/09/08/20191009085400_00160.png,281.9,668,64.2,20.1,962
10/9/2019 8:55,datasets/dataset_cropped/10_Metas/09/08/20191009085500_00160.jpg,datasets_flow/dataset_cropped/10_Metas/09/08/20191009085500_00160.jpg,datasets_cloudmask/dataset_cropped/10_Metas/09/08/20191009085500_00160.png,285.5,672.1,64.4,20.2,962
10/9/2019 8:56,datasets/dataset_cropped/10_Metas/09/08/20191009085600_00160.jpg,datasets_flow/dataset_cropped/10_Metas/09/08/20191009085600_00160.jpg,datasets_cloudmask/dataset_cropped/10_Metas/09/08/20191009085600_00160.png,289,675.9,64.6,20.3,962
10/9/2019 8:57,datasets/dataset_cropped/10_Metas/09/08/20191009085700_00160.jpg,datasets_flow/dataset_cropped/10_Metas/09/08/20191009085700_00160.jpg,datasets_cloudmask/dataset_cropped/10_Metas/09/08/20191009085700_00160.png,292.2,679.1,65,20.3,962
10/9/2019 8:58,datasets/dataset_cropped/10_Metas/09/08/20191009085800_00160.jpg,datasets_flow/dataset_cropped/10_Metas/09/08/20191009085800_00160.jpg,datasets_cloudmask/dataset_cropped/10_Metas/09/08/20191009085800_00160.png,295.3,681.8,65.1,20.1,962
10/9/2019 8:59,datasets/dataset_cropped/10_Metas/09/08/20191009085900_00160.jpg,datasets_flow/dataset_cropped/10_Metas/09/08/20191009085900_00160.jpg,datasets_cloudmask/dataset_cropped/10_Metas/09/08/20191009085900_00160.png,298.7,685.3,65.1,20.1,962
10/9/2019 9:00,datasets/dataset_cropped/10_Metas/09/09/20191009090000_00160.jpg,datasets_flow/dataset_cropped/10_Metas/09/09/20191009090000_00160.jpg,datasets_cloudmask/dataset_cropped/10_Metas/09/09/20191009090000_00160.png,302.1,689,65.1,20.1,962
10/9/2019 9:01,datasets/dataset_cropped/10_Metas/09/09/20191009090100_00160.jpg,datasets_flow/dataset_cropped/10_Metas/09/09/20191009090100_00160.jpg,datasets_cloudmask/dataset_cropped/10_Metas/09/09/20191009090100_00160.png,305.4,692.2,65.1,20,962
10/9/2019 9:02,datasets/dataset_cropped/10_Metas/09/09/20191009090200_00160.jpg,datasets_flow/dataset_cropped/10_Metas/09/09/20191009090200_00160.jpg,datasets_cloudmask/dataset_cropped/10_Metas/09/09/20191009090200_00160.png,308.7,695,65.5,20.1,962
10/9/2019 9:03,datasets/dataset_cropped/10_Metas/09/09/20191009090300_00160.jpg,datasets_flow/dataset_cropped/10_Metas/09/09/20191009090300_00160.jpg,datasets_cloudmask/dataset_cropped/10_Metas/09/09/20191009090300_00160.png,311.9,697.4,65.7,20.1,962
10/9/2019 9:04,datasets/dataset_cropped/10_Metas/09/09/20191009090400_00160.jpg,datasets_flow/dataset_cropped/10_Metas/09/09/20191009090400_00160.jpg,datasets_cloudmask/dataset_cropped/10_Metas/09/09/20191009090400_00160.png,314.8,698.4,66.1,20.1,962
10/9/2019 9:05,datasets/dataset_cropped/10_Metas/09/09/20191009090500_00160.jpg,datasets_flow/dataset_cropped/10_Metas/09/09/20191009090500_00160.jpg,datasets_cloudmask/dataset_cropped/10_Metas/09/09/20191009090500_00160.png,318.3,700.5,66.7,20.3,962
10/9/2019 9:06,datasets/dataset_cropped/10_Metas/09/09/20191009090600_00160.jpg,datasets_flow/dataset_cropped/10_Metas/09/09/20191009090600_00160.jpg,datasets_cloudmask/dataset_cropped/10_Metas/09/09/20191009090600_00160.png,321.7,703.9,66.9,20.3,962
10/9/2019 9:07,datasets/dataset_cropped/10_Metas/09/09/20191009090700_00160.jpg,datasets_flow/dataset_cropped/10_Metas/09/09/20191009090700_00160.jpg,datasets_cloudmask/dataset_cropped/10_Metas/09/09/20191009090700_00160.png,324.6,706.8,67,20.4,962
10/9/2019 9:08,datasets/dataset_cropped/10_Metas/09/09/20191009090800_00160.jpg,datasets_flow/dataset_cropped/10_Metas/09/09/20191009090800_00160.jpg,datasets_cloudmask/dataset_cropped/10_Metas/09/09/20191009090800_00160.png,327.4,708.4,67.1,20.5,962
10/9/2019 9:09,datasets/dataset_cropped/10_Metas/09/09/20191009090900_00160.jpg,datasets_flow/dataset_cropped/10_Metas/09/09/20191009090900_00160.jpg,datasets_cloudmask/dataset_cropped/10_Metas/09/09/20191009090900_00160.png,330.4,710.3,67.5,20.5,962
10/9/2019 9:10,datasets/dataset_cropped/10_Metas/09/09/20191009091000_00160.jpg,datasets_flow/dataset_cropped/10_Metas/09/09/20191009091000_00160.jpg,datasets_cloudmask/dataset_cropped/10_Metas/09/09/20191009091000_00160.png,333.9,712.9,68.1,20.6,962
10/9/2019 9:11,datasets/dataset_cropped/10_Metas/09/09/20191009091100_00160.jpg,datasets_flow/dataset_cropped/10_Metas/09/09/20191009091100_00160.jpg,datasets_cloudmask/dataset_cropped/10_Metas/09/09/20191009091100_00160.png,337.1,715.9,68.2,20.7,962
10/9/2019 9:12,datasets/dataset_cropped/10_Metas/09/09/20191009091200_00160.jpg,datasets_flow/dataset_cropped/10_Metas/09/09/20191009091200_00160.jpg,datasets_cloudmask/dataset_cropped/10_Metas/09/09/20191009091200_00160.png,340.1,718.2,68.2,20.7,962
10/9/2019 9:13,datasets/dataset_cropped/10_Metas/09/09/20191009091300_00160.jpg,datasets_flow/dataset_cropped/10_Metas/09/09/20191009091300_00160.jpg,datasets_cloudmask/dataset_cropped/10_Metas/09/09/20191009091300_00160.png,343.1,720.2,68.7,20.6,962
10/9/2019 9:14,datasets/dataset_cropped/10_Metas/09/09/20191009091400_00160.jpg,datasets_flow/dataset_cropped/10_Metas/09/09/20191009091400_00160.jpg,datasets_cloudmask/dataset_cropped/10_Metas/09/09/20191009091400_00160.png,346.5,722.5,68.8,20.6,962
10/9/2019 9:15,datasets/dataset_cropped/10_Metas/09/09/20191009091500_00160.jpg,datasets_flow/dataset_cropped/10_Metas/09/09/20191009091500_00160.jpg,datasets_cloudmask/dataset_cropped/10_Metas/09/09/20191009091500_00160.png,349.4,724.5,68.7,20.5,962
10/9/2019 9:16,datasets/dataset_cropped/10_Metas/09/09/20191009091600_00160.jpg,datasets_flow/dataset_cropped/10_Metas/09/09/20191009091600_00160.jpg,datasets_cloudmask/dataset_cropped/10_Metas/09/09/20191009091600_00160.png,352.7,727,68.9,20.5,962
10/9/2019 9:17,datasets/dataset_cropped/10_Metas/09/09/20191009091700_00160.jpg,datasets_flow/dataset_cropped/10_Metas/09/09/20191009091700_00160.jpg,datasets_cloudmask/dataset_cropped/10_Metas/09/09/20191009091700_00160.png,356,729.7,69.1,20.5,962
10/9/2019 9:18,datasets/dataset_cropped/10_Metas/09/09/20191009091800_00160.jpg,datasets_flow/dataset_cropped/10_Metas/09/09/20191009091800_00160.jpg,datasets_cloudmask/dataset_cropped/10_Metas/09/09/20191009091800_00160.png,358.8,731,69.5,20.6,962
10/9/2019 9:19,datasets/dataset_cropped/10_Metas/09/09/20191009091900_00160.jpg,datasets_flow/dataset_cropped/10_Metas/09/09/20191009091900_00160.jpg,datasets_cloudmask/dataset_cropped/10_Metas/09/09/20191009091900_00160.png,362.1,732.4,70.2,20.7,962
10/9/2019 9:20,datasets/dataset_cropped/10_Metas/09/09/20191009092000_00160.jpg,datasets_flow/dataset_cropped/10_Metas/09/09/20191009092000_00160.jpg,datasets_cloudmask/dataset_cropped/10_Metas/09/09/20191009092000_00160.png,364.9,733.9,70.2,20.7,962
10/9/2019 9:21,datasets/dataset_cropped/10_Metas/09/09/20191009092100_00160.jpg,datasets_flow/dataset_cropped/10_Metas/09/09/20191009092100_00160.jpg,datasets_cloudmask/dataset_cropped/10_Metas/09/09/20191009092100_00160.png,367.8,735.5,70.3,20.7,962
10/9/2019 9:22,datasets/dataset_cropped/10_Metas/09/09/20191009092200_00160.jpg,datasets_flow/dataset_cropped/10_Metas/09/09/20191009092200_00160.jpg,datasets_cloudmask/dataset_cropped/10_Metas/09/09/20191009092200_00160.png,371.3,737.5,70.8,20.7,962
10/9/2019 9:23,datasets/dataset_cropped/10_Metas/09/09/20191009092300_00160.jpg,datasets_flow/dataset_cropped/10_Metas/09/09/20191009092300_00160.jpg,datasets_cloudmask/dataset_cropped/10_Metas/09/09/20191009092300_00160.png,374.8,740,71,20.8,962
10/9/2019 9:24,datasets/dataset_cropped/10_Metas/09/09/20191009092400_00160.jpg,datasets_flow/dataset_cropped/10_Metas/09/09/20191009092400_00160.jpg,datasets_cloudmask/dataset_cropped/10_Metas/09/09/20191009092400_00160.png,377.5,741.8,71,20.8,962
10/9/2019 9:25,datasets/dataset_cropped/10_Metas/09/09/20191009092500_00160.jpg,datasets_flow/dataset_cropped/10_Metas/09/09/20191009092500_00160.jpg,datasets_cloudmask/dataset_cropped/10_Metas/09/09/20191009092500_00160.png,380.5,743.7,71.7,20.7,962
10/9/2019 9:26,datasets/dataset_cropped/10_Metas/09/09/20191009092600_00160.jpg,datasets_flow/dataset_cropped/10_Metas/09/09/20191009092600_00160.jpg,datasets_cloudmask/dataset_cropped/10_Metas/09/09/20191009092600_00160.png,383.4,745.8,71.7,20.6,962
10/9/2019 9:27,datasets/dataset_cropped/10_Metas/09/09/20191009092700_00160.jpg,datasets_flow/dataset_cropped/10_Metas/09/09/20191009092700_00160.jpg,datasets_cloudmask/dataset_cropped/10_Metas/09/09/20191009092700_00160.png,386.5,748.4,71.7,20.6,962
10/9/2019 9:28,datasets/dataset_cropped/10_Metas/09/09/20191009092800_00160.jpg,datasets_flow/dataset_cropped/10_Metas/09/09/20191009092800_00160.jpg,datasets_cloudmask/dataset_cropped/10_Metas/09/09/20191009092800_00160.png,389.7,750.6,71.9,20.8,962
10/9/2019 9:29,datasets/dataset_cropped/10_Metas/09/09/20191009092900_00160.jpg,datasets_flow/dataset_cropped/10_Metas/09/09/20191009092900_00160.jpg,datasets_cloudmask/dataset_cropped/10_Metas/09/09/20191009092900_00160.png,392.6,752.1,72.5,21,962
10/9/2019 9:30,datasets/dataset_cropped/10_Metas/09/09/20191009093000_00160.jpg,datasets_flow/dataset_cropped/10_Metas/09/09/20191009093000_00160.jpg,datasets_cloudmask/dataset_cropped/10_Metas/09/09/20191009093000_00160.png,395.5,753.6,72.5,21.1,962
10/9/2019 9:31,datasets/dataset_cropped/10_Metas/09/09/20191009093100_00160.jpg,datasets_flow/dataset_cropped/10_Metas/09/09/20191009093100_00160.jpg,datasets_cloudmask/dataset_cropped/10_Metas/09/09/20191009093100_00160.png,398.3,755.3,72.6,21.1,962
10/9/2019 9:32,datasets/dataset_cropped/10_Metas/09/09/20191009093200_00160.jpg,datasets_flow/dataset_cropped/10_Metas/09/09/20191009093200_00160.jpg,datasets_cloudmask/dataset_cropped/10_Metas/09/09/20191009093200_00160.png,401.7,758.5,72.5,21.1,962
10/9/2019 9:33,datasets/dataset_cropped/10_Metas/09/09/20191009093300_00160.jpg,datasets_flow/dataset_cropped/10_Metas/09/09/20191009093300_00160.jpg,datasets_cloudmask/dataset_cropped/10_Metas/09/09/20191009093300_00160.png,404.9,761,72.2,21.2,962
10/9/2019 9:34,datasets/dataset_cropped/10_Metas/09/09/20191009093400_00160.jpg,datasets_flow/dataset_cropped/10_Metas/09/09/20191009093400_00160.jpg,datasets_cloudmask/dataset_cropped/10_Metas/09/09/20191009093400_00160.png,408.4,763.7,72.3,21.1,962
10/9/2019 9:35,datasets/dataset_cropped/10_Metas/09/09/20191009093500_00160.jpg,datasets_flow/dataset_cropped/10_Metas/09/09/20191009093500_00160.jpg,datasets_cloudmask/dataset_cropped/10_Metas/09/09/20191009093500_00160.png,411.1,764.6,72.2,21.2,962
10/9/2019 9:36,datasets/dataset_cropped/10_Metas/09/09/20191009093600_00160.jpg,datasets_flow/dataset_cropped/10_Metas/09/09/20191009093600_00160.jpg,datasets_cloudmask/dataset_cropped/10_Metas/09/09/20191009093600_00160.png,414.1,765.1,72.7,21.3,962
10/9/2019 9:37,datasets/dataset_cropped/10_Metas/09/09/20191009093700_00160.jpg,datasets_flow/dataset_cropped/10_Metas/09/09/20191009093700_00160.jpg,datasets_cloudmask/dataset_cropped/10_Metas/09/09/20191009093700_00160.png,416.6,765.6,73.2,21.3,962
10/9/2019 9:38,datasets/dataset_cropped/10_Metas/09/09/20191009093800_00160.jpg,datasets_flow/dataset_cropped/10_Metas/09/09/20191009093800_00160.jpg,datasets_cloudmask/dataset_cropped/10_Metas/09/09/20191009093800_00160.png,419.1,766.7,73.6,21.5,962
10/9/2019 9:39,datasets/dataset_cropped/10_Metas/09/09/20191009093900_00160.jpg,datasets_flow/dataset_cropped/10_Metas/09/09/20191009093900_00160.jpg,datasets_cloudmask/dataset_cropped/10_Metas/09/09/20191009093900_00160.png,422,768.8,73.6,21.3,962
10/9/2019 9:40,datasets/dataset_cropped/10_Metas/09/09/20191009094000_00160.jpg,datasets_flow/dataset_cropped/10_Metas/09/09/20191009094000_00160.jpg,datasets_cloudmask/dataset_cropped/10_Metas/09/09/20191009094000_00160.png,424.9,770.6,73.5,21.1,962
10/9/2019 9:41,datasets/dataset_cropped/10_Metas/09/09/20191009094100_00160.jpg,datasets_flow/dataset_cropped/10_Metas/09/09/20191009094100_00160.jpg,datasets_cloudmask/dataset_cropped/10_Metas/09/09/20191009094100_00160.png,428,772.8,73.6,21,962
10/9/2019 9:42,datasets/dataset_cropped/10_Metas/09/09/20191009094200_00160.jpg,datasets_flow/dataset_cropped/10_Metas/09/09/20191009094200_00160.jpg,datasets_cloudmask/dataset_cropped/10_Metas/09/09/20191009094200_00160.png,431.3,775,73.7,21,962
10/9/2019 9:43,datasets/dataset_cropped/10_Metas/09/09/20191009094300_00160.jpg,datasets_flow/dataset_cropped/10_Metas/09/09/20191009094300_00160.jpg,datasets_cloudmask/dataset_cropped/10_Metas/09/09/20191009094300_00160.png,434.1,777.9,73.5,20.9,962
10/9/2019 9:44,datasets/dataset_cropped/10_Metas/09/09/20191009094400_00160.jpg,datasets_flow/dataset_cropped/10_Metas/09/09/20191009094400_00160.jpg,datasets_cloudmask/dataset_cropped/10_Metas/09/09/20191009094400_00160.png,437.5,781,73.9,20.9,962
10/9/2019 9:45,datasets/dataset_cropped/10_Metas/09/09/20191009094500_00160.jpg,datasets_flow/dataset_cropped/10_Metas/09/09/20191009094500_00160.jpg,datasets_cloudmask/dataset_cropped/10_Metas/09/09/20191009094500_00160.png,440.6,783.2,74.2,20.9,962
10/9/2019 9:46,datasets/dataset_cropped/10_Metas/09/09/20191009094600_00160.jpg,datasets_flow/dataset_cropped/10_Metas/09/09/20191009094600_00160.jpg,datasets_cloudmask/dataset_cropped/10_Metas/09/09/20191009094600_00160.png,443.2,784.4,74.2,20.9,962
10/9/2019 9:47,datasets/dataset_cropped/10_Metas/09/09/20191009094700_00160.jpg,datasets_flow/dataset_cropped/10_Metas/09/09/20191009094700_00160.jpg,datasets_cloudmask/dataset_cropped/10_Metas/09/09/20191009094700_00160.png,446.1,785.4,74.4,21.1,962
10/9/2019 9:48,datasets/dataset_cropped/10_Metas/09/09/20191009094800_00160.jpg,datasets_flow/dataset_cropped/10_Metas/09/09/20191009094800_00160.jpg,datasets_cloudmask/dataset_cropped/10_Metas/09/09/20191009094800_00160.png,448.8,786.4,74.1,21.5,962
10/9/2019 9:49,datasets/dataset_cropped/10_Metas/09/09/20191009094900_00160.jpg,datasets_flow/dataset_cropped/10_Metas/09/09/20191009094900_00160.jpg,datasets_cloudmask/dataset_cropped/10_Metas/09/09/20191009094900_00160.png,452.3,788.3,74.4,21.6,962
10/9/2019 9:50,datasets/dataset_cropped/10_Metas/09/09/20191009095000_00160.jpg,datasets_flow/dataset_cropped/10_Metas/09/09/20191009095000_00160.jpg,datasets_cloudmask/dataset_cropped/10_Metas/09/09/20191009095000_00160.png,455.7,790.7,74.7,21.4,962
10/9/2019 9:51,datasets/dataset_cropped/10_Metas/09/09/20191009095100_00160.jpg,datasets_flow/dataset_cropped/10_Metas/09/09/20191009095100_00160.jpg,datasets_cloudmask/dataset_cropped/10_Metas/09/09/20191009095100_00160.png,458.9,793.2,74.9,21.3,962
10/9/2019 9:52,datasets/dataset_cropped/10_Metas/09/09/20191009095200_00160.jpg,datasets_flow/dataset_cropped/10_Metas/09/09/20191009095200_00160.jpg,datasets_cloudmask/dataset_cropped/10_Metas/09/09/20191009095200_00160.png,461.2,794.1,74.6,21.5,962
10/9/2019 9:53,datasets/dataset_cropped/10_Metas/09/09/20191009095300_00160.jpg,datasets_flow/dataset_cropped/10_Metas/09/09/20191009095300_00160.jpg,datasets_cloudmask/dataset_cropped/10_Metas/09/09/20191009095300_00160.png,463.9,795.2,74.5,21.7,962
10/9/2019 9:54,datasets/dataset_cropped/10_Metas/09/09/20191009095400_00160.jpg,datasets_flow/dataset_cropped/10_Metas/09/09/20191009095400_00160.jpg,datasets_cloudmask/dataset_cropped/10_Metas/09/09/20191009095400_00160.png,467.3,797.8,74.8,21.6,962
10/9/2019 9:55,datasets/dataset_cropped/10_Metas/09/09/20191009095500_00160.jpg,datasets_flow/dataset_cropped/10_Metas/09/09/20191009095500_00160.jpg,datasets_cloudmask/dataset_cropped/10_Metas/09/09/20191009095500_00160.png,470.1,799.4,74.9,21.5,962
10/9/2019 9:56,datasets/dataset_cropped/10_Metas/09/09/20191009095600_00160.jpg,datasets_flow/dataset_cropped/10_Metas/09/09/20191009095600_00160.jpg,datasets_cloudmask/dataset_cropped/10_Metas/09/09/20191009095600_00160.png,472.6,799.8,75.3,21.5,962
10/9/2019 9:57,datasets/dataset_cropped/10_Metas/09/09/20191009095700_00160.jpg,datasets_flow/dataset_cropped/10_Metas/09/09/20191009095700_00160.jpg,datasets_cloudmask/dataset_cropped/10_Metas/09/09/20191009095700_00160.png,475.3,801,76,21.7,962
10/9/2019 9:58,datasets/dataset_cropped/10_Metas/09/09/20191009095800_00160.jpg,datasets_flow/dataset_cropped/10_Metas/09/09/20191009095800_00160.jpg,datasets_cloudmask/dataset_cropped/10_Metas/09/09/20191009095800_00160.png,477.6,801,76,21.9,962
10/9/2019 9:59,datasets/dataset_cropped/10_Metas/09/09/20191009095900_00160.jpg,datasets_flow/dataset_cropped/10_Metas/09/09/20191009095900_00160.jpg,datasets_cloudmask/dataset_cropped/10_Metas/09/09/20191009095900_00160.png,480.6,803,76.2,21.9,962
10/9/2019 10:00,datasets/dataset_cropped/10_Metas/09/10/20191009100000_00160.jpg,datasets_flow/dataset_cropped/10_Metas/09/10/20191009100000_00160.jpg,datasets_cloudmask/dataset_cropped/10_Metas/09/10/20191009100000_00160.png,483.4,805,76.2,21.9,962
10/9/2019 10:01,datasets/dataset_cropped/10_Metas/09/10/20191009100100_00160.jpg,datasets_flow/dataset_cropped/10_Metas/09/10/20191009100100_00160.jpg,datasets_cloudmask/dataset_cropped/10_Metas/09/10/20191009100100_00160.png,486.1,806,76.3,21.8,962
10/9/2019 10:02,datasets/dataset_cropped/10_Metas/09/10/20191009100200_00160.jpg,datasets_flow/dataset_cropped/10_Metas/09/10/20191009100200_00160.jpg,datasets_cloudmask/dataset_cropped/10_Metas/09/10/20191009100200_00160.png,488.8,808,76.3,21.8,962
10/9/2019 10:03,datasets/dataset_cropped/10_Metas/09/10/20191009100300_00160.jpg,datasets_flow/dataset_cropped/10_Metas/09/10/20191009100300_00160.jpg,datasets_cloudmask/dataset_cropped/10_Metas/09/10/20191009100300_00160.png,491.7,810,76.2,22,962
10/9/2019 10:04,datasets/dataset_cropped/10_Metas/09/10/20191009100400_00160.jpg,datasets_flow/dataset_cropped/10_Metas/09/10/20191009100400_00160.jpg,datasets_cloudmask/dataset_cropped/10_Metas/09/10/20191009100400_00160.png,494.7,812,76.3,21.9,962
10/9/2019 10:05,datasets/dataset_cropped/10_Metas/09/10/20191009100500_00160.jpg,datasets_flow/dataset_cropped/10_Metas/09/10/20191009100500_00160.jpg,datasets_cloudmask/dataset_cropped/10_Metas/09/10/20191009100500_00160.png,497.4,813,76.3,21.7,962
10/9/2019 10:06,datasets/dataset_cropped/10_Metas/09/10/20191009100600_00160.jpg,datasets_flow/dataset_cropped/10_Metas/09/10/20191009100600_00160.jpg,datasets_cloudmask/dataset_cropped/10_Metas/09/10/20191009100600_00160.png,500.1,813,76.4,21.7,962
10/9/2019 10:07,datasets/dataset_cropped/10_Metas/09/10/20191009100700_00160.jpg,datasets_flow/dataset_cropped/10_Metas/09/10/20191009100700_00160.jpg,datasets_cloudmask/dataset_cropped/10_Metas/09/10/20191009100700_00160.png,502.9,814,76.3,21.6,962
10/9/2019 10:08,datasets/dataset_cropped/10_Metas/09/10/20191009100800_00160.jpg,datasets_flow/dataset_cropped/10_Metas/09/10/20191009100800_00160.jpg,datasets_cloudmask/dataset_cropped/10_Metas/09/10/20191009100800_00160.png,505.4,815,76.1,21.6,962
10/9/2019 10:09,datasets/dataset_cropped/10_Metas/09/10/20191009100900_00160.jpg,datasets_flow/dataset_cropped/10_Metas/09/10/20191009100900_00160.jpg,datasets_cloudmask/dataset_cropped/10_Metas/09/10/20191009100900_00160.png,507.9,816,76.3,21.7,962
10/9/2019 10:10,datasets/dataset_cropped/10_Metas/09/10/20191009101000_00160.jpg,datasets_flow/dataset_cropped/10_Metas/09/10/20191009101000_00160.jpg,datasets_cloudmask/dataset_cropped/10_Metas/09/10/20191009101000_00160.png,510.4,818,76.6,21.9,962
10/9/2019 10:11,datasets/dataset_cropped/10_Metas/09/10/20191009101100_00160.jpg,datasets_flow/dataset_cropped/10_Metas/09/10/20191009101100_00160.jpg,datasets_cloudmask/dataset_cropped/10_Metas/09/10/20191009101100_00160.png,513.4,819,77,22,962
10/9/2019 10:12,datasets/dataset_cropped/10_Metas/09/10/20191009101200_00160.jpg,datasets_flow/dataset_cropped/10_Metas/09/10/20191009101200_00160.jpg,datasets_cloudmask/dataset_cropped/10_Metas/09/10/20191009101200_00160.png,516.6,821,77.4,22,962
10/9/2019 10:13,datasets/dataset_cropped/10_Metas/09/10/20191009101300_00160.jpg,datasets_flow/dataset_cropped/10_Metas/09/10/20191009101300_00160.jpg,datasets_cloudmask/dataset_cropped/10_Metas/09/10/20191009101300_00160.png,519.1,822,77.5,22,962
10/9/2019 10:14,datasets/dataset_cropped/10_Metas/09/10/20191009101400_00160.jpg,datasets_flow/dataset_cropped/10_Metas/09/10/20191009101400_00160.jpg,datasets_cloudmask/dataset_cropped/10_Metas/09/10/20191009101400_00160.png,521.9,822,77.9,22.1,962
10/9/2019 10:15,datasets/dataset_cropped/10_Metas/09/10/20191009101500_00160.jpg,datasets_flow/dataset_cropped/10_Metas/09/10/20191009101500_00160.jpg,datasets_cloudmask/dataset_cropped/10_Metas/09/10/20191009101500_00160.png,524.3,823,78.1,22.1,962
10/9/2019 10:16,datasets/dataset_cropped/10_Metas/09/10/20191009101600_00160.jpg,datasets_flow/dataset_cropped/10_Metas/09/10/20191009101600_00160.jpg,datasets_cloudmask/dataset_cropped/10_Metas/09/10/20191009101600_00160.png,526.6,823,78.5,22.1,962
10/9/2019 10:17,datasets/dataset_cropped/10_Metas/09/10/20191009101700_00160.jpg,datasets_flow/dataset_cropped/10_Metas/09/10/20191009101700_00160.jpg,datasets_cloudmask/dataset_cropped/10_Metas/09/10/20191009101700_00160.png,529,824,78.4,22.1,962
10/9/2019 10:18,datasets/dataset_cropped/10_Metas/09/10/20191009101800_00160.jpg,datasets_flow/dataset_cropped/10_Metas/09/10/20191009101800_00160.jpg,datasets_cloudmask/dataset_cropped/10_Metas/09/10/20191009101800_00160.png,531.6,825,79,22.2,962
10/9/2019 10:19,datasets/dataset_cropped/10_Metas/09/10/20191009101900_00160.jpg,datasets_flow/dataset_cropped/10_Metas/09/10/20191009101900_00160.jpg,datasets_cloudmask/dataset_cropped/10_Metas/09/10/20191009101900_00160.png,533.9,826,78.9,22.2,962
10/9/2019 10:20,datasets/dataset_cropped/10_Metas/09/10/20191009102000_00160.jpg,datasets_flow/dataset_cropped/10_Metas/09/10/20191009102000_00160.jpg,datasets_cloudmask/dataset_cropped/10_Metas/09/10/20191009102000_00160.png,536.5,827,79.1,22.4,962
10/9/2019 10:21,datasets/dataset_cropped/10_Metas/09/10/20191009102100_00160.jpg,datasets_flow/dataset_cropped/10_Metas/09/10/20191009102100_00160.jpg,datasets_cloudmask/dataset_cropped/10_Metas/09/10/20191009102100_00160.png,538.9,829,78.9,22.2,962
10/9/2019 10:22,datasets/dataset_cropped/10_Metas/09/10/20191009102200_00160.jpg,datasets_flow/dataset_cropped/10_Metas/09/10/20191009102200_00160.jpg,datasets_cloudmask/dataset_cropped/10_Metas/09/10/20191009102200_00160.png,541.6,831,78.7,22.1,962
10/9/2019 10:23,datasets/dataset_cropped/10_Metas/09/10/20191009102300_00160.jpg,datasets_flow/dataset_cropped/10_Metas/09/10/20191009102300_00160.jpg,datasets_cloudmask/dataset_cropped/10_Metas/09/10/20191009102300_00160.png,544.1,832,78.6,22,962
10/9/2019 10:24,datasets/dataset_cropped/10_Metas/09/10/20191009102400_00160.jpg,datasets_flow/dataset_cropped/10_Metas/09/10/20191009102400_00160.jpg,datasets_cloudmask/dataset_cropped/10_Metas/09/10/20191009102400_00160.png,546.7,833,78.6,22.1,962
10/9/2019 10:25,datasets/dataset_cropped/10_Metas/09/10/20191009102500_00160.jpg,datasets_flow/dataset_cropped/10_Metas/09/10/20191009102500_00160.jpg,datasets_cloudmask/dataset_cropped/10_Metas/09/10/20191009102500_00160.png,548.8,833,79,22.2,962
10/9/2019 10:26,datasets/dataset_cropped/10_Metas/09/10/20191009102600_00160.jpg,datasets_flow/dataset_cropped/10_Metas/09/10/20191009102600_00160.jpg,datasets_cloudmask/dataset_cropped/10_Metas/09/10/20191009102600_00160.png,551.4,833,79.6,22.4,962
10/9/2019 10:27,datasets/dataset_cropped/10_Metas/09/10/20191009102700_00160.jpg,datasets_flow/dataset_cropped/10_Metas/09/10/20191009102700_00160.jpg,datasets_cloudmask/dataset_cropped/10_Metas/09/10/20191009102700_00160.png,553.9,833,80,22.4,962
10/9/2019 10:28,datasets/dataset_cropped/10_Metas/09/10/20191009102800_00160.jpg,datasets_flow/dataset_cropped/10_Metas/09/10/20191009102800_00160.jpg,datasets_cloudmask/dataset_cropped/10_Metas/09/10/20191009102800_00160.png,556.7,834,80.6,22.4,962
10/9/2019 10:29,datasets/dataset_cropped/10_Metas/09/10/20191009102900_00160.jpg,datasets_flow/dataset_cropped/10_Metas/09/10/20191009102900_00160.jpg,datasets_cloudmask/dataset_cropped/10_Metas/09/10/20191009102900_00160.png,559.6,836,80.6,22.6,962
10/9/2019 10:30,datasets/dataset_cropped/10_Metas/09/10/20191009103000_00160.jpg,datasets_flow/dataset_cropped/10_Metas/09/10/20191009103000_00160.jpg,datasets_cloudmask/dataset_cropped/10_Metas/09/10/20191009103000_00160.png,561.7,837,79.8,22.8,962
10/9/2019 10:31,datasets/dataset_cropped/10_Metas/09/10/20191009103100_00160.jpg,datasets_flow/dataset_cropped/10_Metas/09/10/20191009103100_00160.jpg,datasets_cloudmask/dataset_cropped/10_Metas/09/10/20191009103100_00160.png,564,838,79.7,23.1,962
10/9/2019 10:32,datasets/dataset_cropped/10_Metas/09/10/20191009103200_00160.jpg,datasets_flow/dataset_cropped/10_Metas/09/10/20191009103200_00160.jpg,datasets_cloudmask/dataset_cropped/10_Metas/09/10/20191009103200_00160.png,566.3,839,80.1,23.2,962
10/9/2019 10:33,datasets/dataset_cropped/10_Metas/09/10/20191009103300_00160.jpg,datasets_flow/dataset_cropped/10_Metas/09/10/20191009103300_00160.jpg,datasets_cloudmask/dataset_cropped/10_Metas/09/10/20191009103300_00160.png,568.7,840,80.3,23.2,962
10/9/2019 10:34,datasets/dataset_cropped/10_Metas/09/10/20191009103400_00160.jpg,datasets_flow/dataset_cropped/10_Metas/09/10/20191009103400_00160.jpg,datasets_cloudmask/dataset_cropped/10_Metas/09/10/20191009103400_00160.png,570.8,841,80,23.1,962
10/9/2019 10:35,datasets/dataset_cropped/10_Metas/09/10/20191009103500_00160.jpg,datasets_flow/dataset_cropped/10_Metas/09/10/20191009103500_00160.jpg,datasets_cloudmask/dataset_cropped/10_Metas/09/10/20191009103500_00160.png,572.9,841,80.2,22.8,962
10/9/2019 10:36,datasets/dataset_cropped/10_Metas/09/10/20191009103600_00160.jpg,datasets_flow/dataset_cropped/10_Metas/09/10/20191009103600_00160.jpg,datasets_cloudmask/dataset_cropped/10_Metas/09/10/20191009103600_00160.png,575.4,843,80.5,22.7,962
10/9/2019 10:37,datasets/dataset_cropped/10_Metas/09/10/20191009103700_00160.jpg,datasets_flow/dataset_cropped/10_Metas/09/10/20191009103700_00160.jpg,datasets_cloudmask/dataset_cropped/10_Metas/09/10/20191009103700_00160.png,578.7,845,81.1,22.6,962
10/9/2019 10:38,datasets/dataset_cropped/10_Metas/09/10/20191009103800_00160.jpg,datasets_flow/dataset_cropped/10_Metas/09/10/20191009103800_00160.jpg,datasets_cloudmask/dataset_cropped/10_Metas/09/10/20191009103800_00160.png,581.1,846,80.9,22.8,962
10/9/2019 10:39,datasets/dataset_cropped/10_Metas/09/10/20191009103900_00160.jpg,datasets_flow/dataset_cropped/10_Metas/09/10/20191009103900_00160.jpg,datasets_cloudmask/dataset_cropped/10_Metas/09/10/20191009103900_00160.png,583.4,846,81.2,23,962
10/9/2019 10:40,datasets/dataset_cropped/10_Metas/09/10/20191009104000_00160.jpg,datasets_flow/dataset_cropped/10_Metas/09/10/20191009104000_00160.jpg,datasets_cloudmask/dataset_cropped/10_Metas/09/10/20191009104000_00160.png,585.9,847,81.4,22.9,962
10/9/2019 10:41,datasets/dataset_cropped/10_Metas/09/10/20191009104100_00160.jpg,datasets_flow/dataset_cropped/10_Metas/09/10/20191009104100_00160.jpg,datasets_cloudmask/dataset_cropped/10_Metas/09/10/20191009104100_00160.png,587.6,847,81.2,22.8,962
10/9/2019 10:42,datasets/dataset_cropped/10_Metas/09/10/20191009104200_00160.jpg,datasets_flow/dataset_cropped/10_Metas/09/10/20191009104200_00160.jpg,datasets_cloudmask/dataset_cropped/10_Metas/09/10/20191009104200_00160.png,589.3,847,81.2,22.8,962
10/9/2019 10:43,datasets/dataset_cropped/10_Metas/09/10/20191009104300_00160.jpg,datasets_flow/dataset_cropped/10_Metas/09/10/20191009104300_00160.jpg,datasets_cloudmask/dataset_cropped/10_Metas/09/10/20191009104300_00160.png,591.5,847,82.1,22.9,962
10/9/2019 10:44,datasets/dataset_cropped/10_Metas/09/10/20191009104400_00160.jpg,datasets_flow/dataset_cropped/10_Metas/09/10/20191009104400_00160.jpg,datasets_cloudmask/dataset_cropped/10_Metas/09/10/20191009104400_00160.png,593.5,848,81.9,22.9,962
10/9/2019 10:45,datasets/dataset_cropped/10_Metas/09/10/20191009104500_00160.jpg,datasets_flow/dataset_cropped/10_Metas/09/10/20191009104500_00160.jpg,datasets_cloudmask/dataset_cropped/10_Metas/09/10/20191009104500_00160.png,596.1,851,81.8,23,962
10/9/2019 10:46,datasets/dataset_cropped/10_Metas/09/10/20191009104600_00160.jpg,datasets_flow/dataset_cropped/10_Metas/09/10/20191009104600_00160.jpg,datasets_cloudmask/dataset_cropped/10_Metas/09/10/20191009104600_00160.png,598.8,852,81.7,23.3,962
10/9/2019 10:47,datasets/dataset_cropped/10_Metas/09/10/20191009104700_00160.jpg,datasets_flow/dataset_cropped/10_Metas/09/10/20191009104700_00160.jpg,datasets_cloudmask/dataset_cropped/10_Metas/09/10/20191009104700_00160.png,601.7,854,81.9,23.4,962
10/9/2019 10:48,datasets/dataset_cropped/10_Metas/09/10/20191009104800_00160.jpg,datasets_flow/dataset_cropped/10_Metas/09/10/20191009104800_00160.jpg,datasets_cloudmask/dataset_cropped/10_Metas/09/10/20191009104800_00160.png,604,856,81.8,23.1,962
10/9/2019 10:49,datasets/dataset_cropped/10_Metas/09/10/20191009104900_00160.jpg,datasets_flow/dataset_cropped/10_Metas/09/10/20191009104900_00160.jpg,datasets_cloudmask/dataset_cropped/10_Metas/09/10/20191009104900_00160.png,605.8,856,81.7,23,962
10/9/2019 10:50,datasets/dataset_cropped/10_Metas/09/10/20191009105000_00160.jpg,datasets_flow/dataset_cropped/10_Metas/09/10/20191009105000_00160.jpg,datasets_cloudmask/dataset_cropped/10_Metas/09/10/20191009105000_00160.png,607.3,855,82.3,23.1,962
10/9/2019 10:51,datasets/dataset_cropped/10_Metas/09/10/20191009105100_00160.jpg,datasets_flow/dataset_cropped/10_Metas/09/10/20191009105100_00160.jpg,datasets_cloudmask/dataset_cropped/10_Metas/09/10/20191009105100_00160.png,609.9,857,82.3,23.1,962
10/9/2019 10:52,datasets/dataset_cropped/10_Metas/09/10/20191009105200_00160.jpg,datasets_flow/dataset_cropped/10_Metas/09/10/20191009105200_00160.jpg,datasets_cloudmask/dataset_cropped/10_Metas/09/10/20191009105200_00160.png,612.1,858,82,23.4,962
10/9/2019 10:53,datasets/dataset_cropped/10_Metas/09/10/20191009105300_00160.jpg,datasets_flow/dataset_cropped/10_Metas/09/10/20191009105300_00160.jpg,datasets_cloudmask/dataset_cropped/10_Metas/09/10/20191009105300_00160.png,614.1,859,81.7,23.4,962
10/9/2019 10:54,datasets/dataset_cropped/10_Metas/09/10/20191009105400_00160.jpg,datasets_flow/dataset_cropped/10_Metas/09/10/20191009105400_00160.jpg,datasets_cloudmask/dataset_cropped/10_Metas/09/10/20191009105400_00160.png,615.9,858,81.7,23.2,962
10/9/2019 10:55,datasets/dataset_cropped/10_Metas/09/10/20191009105500_00160.jpg,datasets_flow/dataset_cropped/10_Metas/09/10/20191009105500_00160.jpg,datasets_cloudmask/dataset_cropped/10_Metas/09/10/20191009105500_00160.png,617.2,857,81.6,23,962
10/9/2019 10:56,datasets/dataset_cropped/10_Metas/09/10/20191009105600_00160.jpg,datasets_flow/dataset_cropped/10_Metas/09/10/20191009105600_00160.jpg,datasets_cloudmask/dataset_cropped/10_Metas/09/10/20191009105600_00160.png,619.3,858,81.6,23.1,962
10/9/2019 10:57,datasets/dataset_cropped/10_Metas/09/10/20191009105700_00160.jpg,datasets_flow/dataset_cropped/10_Metas/09/10/20191009105700_00160.jpg,datasets_cloudmask/dataset_cropped/10_Metas/09/10/20191009105700_00160.png,621.5,858,81.5,23.2,962
10/9/2019 10:58,datasets/dataset_cropped/10_Metas/09/10/20191009105800_00160.jpg,datasets_flow/dataset_cropped/10_Metas/09/10/20191009105800_00160.jpg,datasets_cloudmask/dataset_cropped/10_Metas/09/10/20191009105800_00160.png,624,859,81.8,23.1,962
10/9/2019 10:59,datasets/dataset_cropped/10_Metas/09/10/20191009105900_00160.jpg,datasets_flow/dataset_cropped/10_Metas/09/10/20191009105900_00160.jpg,datasets_cloudmask/dataset_cropped/10_Metas/09/10/20191009105900_00160.png,626.4,861,81.8,23.3,962
10/9/2019 11:00,datasets/dataset_cropped/10_Metas/09/11/20191009110000_00160.jpg,datasets_flow/dataset_cropped/10_Metas/09/11/20191009110000_00160.jpg,datasets_cloudmask/dataset_cropped/10_Metas/09/11/20191009110000_00160.png,628.3,861,82.2,23.4,962
10/9/2019 11:01,datasets/dataset_cropped/10_Metas/09/11/20191009110100_00160.jpg,datasets_flow/dataset_cropped/10_Metas/09/11/20191009110100_00160.jpg,datasets_cloudmask/dataset_cropped/10_Metas/09/11/20191009110100_00160.png,629.8,861,82.3,23.5,962
10/9/2019 11:02,datasets/dataset_cropped/10_Metas/09/11/20191009110200_00160.jpg,datasets_flow/dataset_cropped/10_Metas/09/11/20191009110200_00160.jpg,datasets_cloudmask/dataset_cropped/10_Metas/09/11/20191009110200_00160.png,632.1,863,82.3,23.4,962
10/9/2019 11:03,datasets/dataset_cropped/10_Metas/09/11/20191009110300_00160.jpg,datasets_flow/dataset_cropped/10_Metas/09/11/20191009110300_00160.jpg,datasets_cloudmask/dataset_cropped/10_Metas/09/11/20191009110300_00160.png,634.4,865,82.1,23.4,962
10/9/2019 11:04,datasets/dataset_cropped/10_Metas/09/11/20191009110400_00160.jpg,datasets_flow/dataset_cropped/10_Metas/09/11/20191009110400_00160.jpg,datasets_cloudmask/dataset_cropped/10_Metas/09/11/20191009110400_00160.png,636.8,867,82.3,23.5,962
10/9/2019 11:05,datasets/dataset_cropped/10_Metas/09/11/20191009110500_00160.jpg,datasets_flow/dataset_cropped/10_Metas/09/11/20191009110500_00160.jpg,datasets_cloudmask/dataset_cropped/10_Metas/09/11/20191009110500_00160.png,637.2,865,82.3,23.6,962
10/9/2019 11:06,datasets/dataset_cropped/10_Metas/09/11/20191009110600_00160.jpg,datasets_flow/dataset_cropped/10_Metas/09/11/20191009110600_00160.jpg,datasets_cloudmask/dataset_cropped/10_Metas/09/11/20191009110600_00160.png,640.1,867,82.6,23.7,962
10/9/2019 11:07,datasets/dataset_cropped/10_Metas/09/11/20191009110700_00160.jpg,datasets_flow/dataset_cropped/10_Metas/09/11/20191009110700_00160.jpg,datasets_cloudmask/dataset_cropped/10_Metas/09/11/20191009110700_00160.png,642.7,870,82.7,23.7,962
10/9/2019 11:08,datasets/dataset_cropped/10_Metas/09/11/20191009110800_00160.jpg,datasets_flow/dataset_cropped/10_Metas/09/11/20191009110800_00160.jpg,datasets_cloudmask/dataset_cropped/10_Metas/09/11/20191009110800_00160.png,644.4,870,82.6,23.5,962
10/9/2019 11:09,datasets/dataset_cropped/10_Metas/09/11/20191009110900_00160.jpg,datasets_flow/dataset_cropped/10_Metas/09/11/20191009110900_00160.jpg,datasets_cloudmask/dataset_cropped/10_Metas/09/11/20191009110900_00160.png,646.3,871,82.5,23.5,962
10/9/2019 11:10,datasets/dataset_cropped/10_Metas/09/11/20191009111000_00160.jpg,datasets_flow/dataset_cropped/10_Metas/09/11/20191009111000_00160.jpg,datasets_cloudmask/dataset_cropped/10_Metas/09/11/20191009111000_00160.png,647.8,871,82.5,23.4,962
10/9/2019 11:11,datasets/dataset_cropped/10_Metas/09/11/20191009111100_00160.jpg,datasets_flow/dataset_cropped/10_Metas/09/11/20191009111100_00160.jpg,datasets_cloudmask/dataset_cropped/10_Metas/09/11/20191009111100_00160.png,649.3,870,82.4,23.3,962
10/9/2019 11:12,datasets/dataset_cropped/10_Metas/09/11/20191009111200_00160.jpg,datasets_flow/dataset_cropped/10_Metas/09/11/20191009111200_00160.jpg,datasets_cloudmask/dataset_cropped/10_Metas/09/11/20191009111200_00160.png,651.5,871,82.4,23.3,962
10/9/2019 11:13,datasets/dataset_cropped/10_Metas/09/11/20191009111300_00160.jpg,datasets_flow/dataset_cropped/10_Metas/09/11/20191009111300_00160.jpg,datasets_cloudmask/dataset_cropped/10_Metas/09/11/20191009111300_00160.png,653.9,872,82.7,23.2,962
10/9/2019 11:14,datasets/dataset_cropped/10_Metas/09/11/20191009111400_00160.jpg,datasets_flow/dataset_cropped/10_Metas/09/11/20191009111400_00160.jpg,datasets_cloudmask/dataset_cropped/10_Metas/09/11/20191009111400_00160.png,655.4,872,82.6,23,962
10/9/2019 11:15,datasets/dataset_cropped/10_Metas/09/11/20191009111500_00160.jpg,datasets_flow/dataset_cropped/10_Metas/09/11/20191009111500_00160.jpg,datasets_cloudmask/dataset_cropped/10_Metas/09/11/20191009111500_00160.png,657.1,872,82.5,23.1,962
10/9/2019 11:16,datasets/dataset_cropped/10_Metas/09/11/20191009111600_00160.jpg,datasets_flow/dataset_cropped/10_Metas/09/11/20191009111600_00160.jpg,datasets_cloudmask/dataset_cropped/10_Metas/09/11/20191009111600_00160.png,659.7,873,83.2,23.4,962
10/9/2019 11:17,datasets/dataset_cropped/10_Metas/09/11/20191009111700_00160.jpg,datasets_flow/dataset_cropped/10_Metas/09/11/20191009111700_00160.jpg,datasets_cloudmask/dataset_cropped/10_Metas/09/11/20191009111700_00160.png,661.3,875,83.8,23.5,962
10/9/2019 11:18,datasets/dataset_cropped/10_Metas/09/11/20191009111800_00160.jpg,datasets_flow/dataset_cropped/10_Metas/09/11/20191009111800_00160.jpg,datasets_cloudmask/dataset_cropped/10_Metas/09/11/20191009111800_00160.png,662.5,876,83.7,23.5,962
10/9/2019 11:19,datasets/dataset_cropped/10_Metas/09/11/20191009111900_00160.jpg,datasets_flow/dataset_cropped/10_Metas/09/11/20191009111900_00160.jpg,datasets_cloudmask/dataset_cropped/10_Metas/09/11/20191009111900_00160.png,664.1,876,83.4,23.6,962
10/9/2019 11:20,datasets/dataset_cropped/10_Metas/09/11/20191009112000_00160.jpg,datasets_flow/dataset_cropped/10_Metas/09/11/20191009112000_00160.jpg,datasets_cloudmask/dataset_cropped/10_Metas/09/11/20191009112000_00160.png,665.1,876,83.6,23.8,962
10/9/2019 11:21,datasets/dataset_cropped/10_Metas/09/11/20191009112100_00160.jpg,datasets_flow/dataset_cropped/10_Metas/09/11/20191009112100_00160.jpg,datasets_cloudmask/dataset_cropped/10_Metas/09/11/20191009112100_00160.png,665.5,875,83.7,24.1,962
10/9/2019 11:22,datasets/dataset_cropped/10_Metas/09/11/20191009112200_00160.jpg,datasets_flow/dataset_cropped/10_Metas/09/11/20191009112200_00160.jpg,datasets_cloudmask/dataset_cropped/10_Metas/09/11/20191009112200_00160.png,667,875,83.7,24.2,962
10/9/2019 11:23,datasets/dataset_cropped/10_Metas/09/11/20191009112300_00160.jpg,datasets_flow/dataset_cropped/10_Metas/09/11/20191009112300_00160.jpg,datasets_cloudmask/dataset_cropped/10_Metas/09/11/20191009112300_00160.png,669.4,877,83.4,24.1,962
10/9/2019 11:24,datasets/dataset_cropped/10_Metas/09/11/20191009112400_00160.jpg,datasets_flow/dataset_cropped/10_Metas/09/11/20191009112400_00160.jpg,datasets_cloudmask/dataset_cropped/10_Metas/09/11/20191009112400_00160.png,672.1,879,83,24.3,962
10/9/2019 11:25,datasets/dataset_cropped/10_Metas/09/11/20191009112500_00160.jpg,datasets_flow/dataset_cropped/10_Metas/09/11/20191009112500_00160.jpg,datasets_cloudmask/dataset_cropped/10_Metas/09/11/20191009112500_00160.png,673.9,880,82.8,24.6,962
10/9/2019 11:26,datasets/dataset_cropped/10_Metas/09/11/20191009112600_00160.jpg,datasets_flow/dataset_cropped/10_Metas/09/11/20191009112600_00160.jpg,datasets_cloudmask/dataset_cropped/10_Metas/09/11/20191009112600_00160.png,676,880,83,24.7,962
10/9/2019 11:27,datasets/dataset_cropped/10_Metas/09/11/20191009112700_00160.jpg,datasets_flow/dataset_cropped/10_Metas/09/11/20191009112700_00160.jpg,datasets_cloudmask/dataset_cropped/10_Metas/09/11/20191009112700_00160.png,677.9,881,83.2,24.7,962
10/9/2019 11:28,datasets/dataset_cropped/10_Metas/09/11/20191009112800_00160.jpg,datasets_flow/dataset_cropped/10_Metas/09/11/20191009112800_00160.jpg,datasets_cloudmask/dataset_cropped/10_Metas/09/11/20191009112800_00160.png,679.2,880,83.2,24.4,962
10/9/2019 11:29,datasets/dataset_cropped/10_Metas/09/11/20191009112900_00160.jpg,datasets_flow/dataset_cropped/10_Metas/09/11/20191009112900_00160.jpg,datasets_cloudmask/dataset_cropped/10_Metas/09/11/20191009112900_00160.png,680.6,881,83.3,23.8,962
10/9/2019 11:30,datasets/dataset_cropped/10_Metas/09/11/20191009113000_00160.jpg,datasets_flow/dataset_cropped/10_Metas/09/11/20191009113000_00160.jpg,datasets_cloudmask/dataset_cropped/10_Metas/09/11/20191009113000_00160.png,682.7,882,83.7,23.9,962
10/9/2019 11:31,datasets/dataset_cropped/10_Metas/09/11/20191009113100_00160.jpg,datasets_flow/dataset_cropped/10_Metas/09/11/20191009113100_00160.jpg,datasets_cloudmask/dataset_cropped/10_Metas/09/11/20191009113100_00160.png,684.2,882,83.4,23.8,962
10/9/2019 11:32,datasets/dataset_cropped/10_Metas/09/11/20191009113200_00160.jpg,datasets_flow/dataset_cropped/10_Metas/09/11/20191009113200_00160.jpg,datasets_cloudmask/dataset_cropped/10_Metas/09/11/20191009113200_00160.png,685.5,882,83.3,23.7,962
10/9/2019 11:33,datasets/dataset_cropped/10_Metas/09/11/20191009113300_00160.jpg,datasets_flow/dataset_cropped/10_Metas/09/11/20191009113300_00160.jpg,datasets_cloudmask/dataset_cropped/10_Metas/09/11/20191009113300_00160.png,686.4,882,83.2,23.8,962
10/9/2019 11:34,datasets/dataset_cropped/10_Metas/09/11/20191009113400_00160.jpg,datasets_flow/dataset_cropped/10_Metas/09/11/20191009113400_00160.jpg,datasets_cloudmask/dataset_cropped/10_Metas/09/11/20191009113400_00160.png,687.8,882,83.5,24,962
10/9/2019 11:35,datasets/dataset_cropped/10_Metas/09/11/20191009113500_00160.jpg,datasets_flow/dataset_cropped/10_Metas/09/11/20191009113500_00160.jpg,datasets_cloudmask/dataset_cropped/10_Metas/09/11/20191009113500_00160.png,688.1,882,83.4,24,962
10/9/2019 11:36,datasets/dataset_cropped/10_Metas/09/11/20191009113600_00160.jpg,datasets_flow/dataset_cropped/10_Metas/09/11/20191009113600_00160.jpg,datasets_cloudmask/dataset_cropped/10_Metas/09/11/20191009113600_00160.png,688.5,881,83.7,23.9,962
10/9/2019 11:37,datasets/dataset_cropped/10_Metas/09/11/20191009113700_00160.jpg,datasets_flow/dataset_cropped/10_Metas/09/11/20191009113700_00160.jpg,datasets_cloudmask/dataset_cropped/10_Metas/09/11/20191009113700_00160.png,691,883,83.6,24.1,962
10/9/2019 11:38,datasets/dataset_cropped/10_Metas/09/11/20191009113800_00160.jpg,datasets_flow/dataset_cropped/10_Metas/09/11/20191009113800_00160.jpg,datasets_cloudmask/dataset_cropped/10_Metas/09/11/20191009113800_00160.png,692.5,883,83.5,24.2,962
10/9/2019 11:39,datasets/dataset_cropped/10_Metas/09/11/20191009113900_00160.jpg,datasets_flow/dataset_cropped/10_Metas/09/11/20191009113900_00160.jpg,datasets_cloudmask/dataset_cropped/10_Metas/09/11/20191009113900_00160.png,693.6,883,83.5,24.2,962
10/9/2019 11:40,datasets/dataset_cropped/10_Metas/09/11/20191009114000_00160.jpg,datasets_flow/dataset_cropped/10_Metas/09/11/20191009114000_00160.jpg,datasets_cloudmask/dataset_cropped/10_Metas/09/11/20191009114000_00160.png,694.4,882,83.8,24.3,962
10/9/2019 11:41,datasets/dataset_cropped/10_Metas/09/11/20191009114100_00160.jpg,datasets_flow/dataset_cropped/10_Metas/09/11/20191009114100_00160.jpg,datasets_cloudmask/dataset_cropped/10_Metas/09/11/20191009114100_00160.png,695.2,883,83.8,24.4,962
10/9/2019 11:42,datasets/dataset_cropped/10_Metas/09/11/20191009114200_00160.jpg,datasets_flow/dataset_cropped/10_Metas/09/11/20191009114200_00160.jpg,datasets_cloudmask/dataset_cropped/10_Metas/09/11/20191009114200_00160.png,696.7,884,84,24.4,962
10/9/2019 11:43,datasets/dataset_cropped/10_Metas/09/11/20191009114300_00160.jpg,datasets_flow/dataset_cropped/10_Metas/09/11/20191009114300_00160.jpg,datasets_cloudmask/dataset_cropped/10_Metas/09/11/20191009114300_00160.png,698.1,885,84,24.4,962
10/9/2019 11:44,datasets/dataset_cropped/10_Metas/09/11/20191009114400_00160.jpg,datasets_flow/dataset_cropped/10_Metas/09/11/20191009114400_00160.jpg,datasets_cloudmask/dataset_cropped/10_Metas/09/11/20191009114400_00160.png,699.1,885,83.5,24.2,962
10/9/2019 11:45,datasets/dataset_cropped/10_Metas/09/11/20191009114500_00160.jpg,datasets_flow/dataset_cropped/10_Metas/09/11/20191009114500_00160.jpg,datasets_cloudmask/dataset_cropped/10_Metas/09/11/20191009114500_00160.png,700.9,886,83.5,24.1,962
10/9/2019 11:46,datasets/dataset_cropped/10_Metas/09/11/20191009114600_00160.jpg,datasets_flow/dataset_cropped/10_Metas/09/11/20191009114600_00160.jpg,datasets_cloudmask/dataset_cropped/10_Metas/09/11/20191009114600_00160.png,702.6,888,83.8,24.2,962
10/9/2019 11:47,datasets/dataset_cropped/10_Metas/09/11/20191009114700_00160.jpg,datasets_flow/dataset_cropped/10_Metas/09/11/20191009114700_00160.jpg,datasets_cloudmask/dataset_cropped/10_Metas/09/11/20191009114700_00160.png,703.4,888,83.5,24.1,962
10/9/2019 11:48,datasets/dataset_cropped/10_Metas/09/11/20191009114800_00160.jpg,datasets_flow/dataset_cropped/10_Metas/09/11/20191009114800_00160.jpg,datasets_cloudmask/dataset_cropped/10_Metas/09/11/20191009114800_00160.png,703.8,888,83.3,24.2,962
10/9/2019 11:49,datasets/dataset_cropped/10_Metas/09/11/20191009114900_00160.jpg,datasets_flow/dataset_cropped/10_Metas/09/11/20191009114900_00160.jpg,datasets_cloudmask/dataset_cropped/10_Metas/09/11/20191009114900_00160.png,704.7,888,83.6,24.4,962
10/9/2019 11:50,datasets/dataset_cropped/10_Metas/09/11/20191009115000_00160.jpg,datasets_flow/dataset_cropped/10_Metas/09/11/20191009115000_00160.jpg,datasets_cloudmask/dataset_cropped/10_Metas/09/11/20191009115000_00160.png,705.9,889,84.2,24.6,962
10/9/2019 11:51,datasets/dataset_cropped/10_Metas/09/11/20191009115100_00160.jpg,datasets_flow/dataset_cropped/10_Metas/09/11/20191009115100_00160.jpg,datasets_cloudmask/dataset_cropped/10_Metas/09/11/20191009115100_00160.png,707,889,84.4,24.7,962
10/9/2019 11:52,datasets/dataset_cropped/10_Metas/09/11/20191009115200_00160.jpg,datasets_flow/dataset_cropped/10_Metas/09/11/20191009115200_00160.jpg,datasets_cloudmask/dataset_cropped/10_Metas/09/11/20191009115200_00160.png,707.9,888,84,24.8,962
10/9/2019 11:53,datasets/dataset_cropped/10_Metas/09/11/20191009115300_00160.jpg,datasets_flow/dataset_cropped/10_Metas/09/11/20191009115300_00160.jpg,datasets_cloudmask/dataset_cropped/10_Metas/09/11/20191009115300_00160.png,709.1,888,84,25,962
10/9/2019 11:54,datasets/dataset_cropped/10_Metas/09/11/20191009115400_00160.jpg,datasets_flow/dataset_cropped/10_Metas/09/11/20191009115400_00160.jpg,datasets_cloudmask/dataset_cropped/10_Metas/09/11/20191009115400_00160.png,710.6,888,84.1,25.1,962
10/9/2019 11:55,datasets/dataset_cropped/10_Metas/09/11/20191009115500_00160.jpg,datasets_flow/dataset_cropped/10_Metas/09/11/20191009115500_00160.jpg,datasets_cloudmask/dataset_cropped/10_Metas/09/11/20191009115500_00160.png,711.1,888,83.6,25.4,962
10/9/2019 11:56,datasets/dataset_cropped/10_Metas/09/11/20191009115600_00160.jpg,datasets_flow/dataset_cropped/10_Metas/09/11/20191009115600_00160.jpg,datasets_cloudmask/dataset_cropped/10_Metas/09/11/20191009115600_00160.png,711.9,888,83.4,25.4,962
10/9/2019 11:57,datasets/dataset_cropped/10_Metas/09/11/20191009115700_00160.jpg,datasets_flow/dataset_cropped/10_Metas/09/11/20191009115700_00160.jpg,datasets_cloudmask/dataset_cropped/10_Metas/09/11/20191009115700_00160.png,713,889,83.6,25.4,962
10/9/2019 11:58,datasets/dataset_cropped/10_Metas/09/11/20191009115800_00160.jpg,datasets_flow/dataset_cropped/10_Metas/09/11/20191009115800_00160.jpg,datasets_cloudmask/dataset_cropped/10_Metas/09/11/20191009115800_00160.png,714.6,890,83.9,25.5,962
10/9/2019 11:59,datasets/dataset_cropped/10_Metas/09/11/20191009115900_00160.jpg,datasets_flow/dataset_cropped/10_Metas/09/11/20191009115900_00160.jpg,datasets_cloudmask/dataset_cropped/10_Metas/09/11/20191009115900_00160.png,715.7,891,83.7,25.7,962
10/9/2019 12:00,datasets/dataset_cropped/10_Metas/09/12/20191009120000_00160.jpg,datasets_flow/dataset_cropped/10_Metas/09/12/20191009120000_00160.jpg,datasets_cloudmask/dataset_cropped/10_Metas/09/12/20191009120000_00160.png,717.2,892,84.1,25.5,962
10/9/2019 12:01,datasets/dataset_cropped/10_Metas/09/12/20191009120100_00160.jpg,datasets_flow/dataset_cropped/10_Metas/09/12/20191009120100_00160.jpg,datasets_cloudmask/dataset_cropped/10_Metas/09/12/20191009120100_00160.png,718.4,893,83.8,25.2,962
10/9/2019 12:02,datasets/dataset_cropped/10_Metas/09/12/20191009120200_00160.jpg,datasets_flow/dataset_cropped/10_Metas/09/12/20191009120200_00160.jpg,datasets_cloudmask/dataset_cropped/10_Metas/09/12/20191009120200_00160.png,720.3,894,83.9,25.3,962
10/9/2019 12:03,datasets/dataset_cropped/10_Metas/09/12/20191009120300_00160.jpg,datasets_flow/dataset_cropped/10_Metas/09/12/20191009120300_00160.jpg,datasets_cloudmask/dataset_cropped/10_Metas/09/12/20191009120300_00160.png,721.1,895,83.8,25.1,962
10/9/2019 12:04,datasets/dataset_cropped/10_Metas/09/12/20191009120400_00160.jpg,datasets_flow/dataset_cropped/10_Metas/09/12/20191009120400_00160.jpg,datasets_cloudmask/dataset_cropped/10_Metas/09/12/20191009120400_00160.png,722.1,895,84,25.1,962
10/9/2019 12:05,datasets/dataset_cropped/10_Metas/09/12/20191009120500_00160.jpg,datasets_flow/dataset_cropped/10_Metas/09/12/20191009120500_00160.jpg,datasets_cloudmask/dataset_cropped/10_Metas/09/12/20191009120500_00160.png,722.4,895,84.1,25.1,962
10/9/2019 12:06,datasets/dataset_cropped/10_Metas/09/12/20191009120600_00160.jpg,datasets_flow/dataset_cropped/10_Metas/09/12/20191009120600_00160.jpg,datasets_cloudmask/dataset_cropped/10_Metas/09/12/20191009120600_00160.png,723.2,895,83.8,25.1,962
10/9/2019 12:07,datasets/dataset_cropped/10_Metas/09/12/20191009120700_00160.jpg,datasets_flow/dataset_cropped/10_Metas/09/12/20191009120700_00160.jpg,datasets_cloudmask/dataset_cropped/10_Metas/09/12/20191009120700_00160.png,724.6,896,83.9,24.9,962
10/9/2019 12:08,datasets/dataset_cropped/10_Metas/09/12/20191009120800_00160.jpg,datasets_flow/dataset_cropped/10_Metas/09/12/20191009120800_00160.jpg,datasets_cloudmask/dataset_cropped/10_Metas/09/12/20191009120800_00160.png,725.8,896,83.7,24.9,962
10/9/2019 12:09,datasets/dataset_cropped/10_Metas/09/12/20191009120900_00160.jpg,datasets_flow/dataset_cropped/10_Metas/09/12/20191009120900_00160.jpg,datasets_cloudmask/dataset_cropped/10_Metas/09/12/20191009120900_00160.png,726.7,896,83.7,25.1,962
10/9/2019 12:10,datasets/dataset_cropped/10_Metas/09/12/20191009121000_00160.jpg,datasets_flow/dataset_cropped/10_Metas/09/12/20191009121000_00160.jpg,datasets_cloudmask/dataset_cropped/10_Metas/09/12/20191009121000_00160.png,727.5,896,83.6,25.4,962
10/9/2019 12:11,datasets/dataset_cropped/10_Metas/09/12/20191009121100_00160.jpg,datasets_flow/dataset_cropped/10_Metas/09/12/20191009121100_00160.jpg,datasets_cloudmask/dataset_cropped/10_Metas/09/12/20191009121100_00160.png,728.8,897,83.5,25.5,962
10/9/2019 12:12,datasets/dataset_cropped/10_Metas/09/12/20191009121200_00160.jpg,datasets_flow/dataset_cropped/10_Metas/09/12/20191009121200_00160.jpg,datasets_cloudmask/dataset_cropped/10_Metas/09/12/20191009121200_00160.png,729.8,897,83.4,25.4,962
10/9/2019 12:13,datasets/dataset_cropped/10_Metas/09/12/20191009121300_00160.jpg,datasets_flow/dataset_cropped/10_Metas/09/12/20191009121300_00160.jpg,datasets_cloudmask/dataset_cropped/10_Metas/09/12/20191009121300_00160.png,730.3,897,83.4,25.3,962
10/9/2019 12:14,datasets/dataset_cropped/10_Metas/09/12/20191009121400_00160.jpg,datasets_flow/dataset_cropped/10_Metas/09/12/20191009121400_00160.jpg,datasets_cloudmask/dataset_cropped/10_Metas/09/12/20191009121400_00160.png,731.4,898,83.2,25.1,962
10/9/2019 12:15,datasets/dataset_cropped/10_Metas/09/12/20191009121500_00160.jpg,datasets_flow/dataset_cropped/10_Metas/09/12/20191009121500_00160.jpg,datasets_cloudmask/dataset_cropped/10_Metas/09/12/20191009121500_00160.png,732.3,899,83.4,25.2,962
10/9/2019 12:16,datasets/dataset_cropped/10_Metas/09/12/20191009121600_00160.jpg,datasets_flow/dataset_cropped/10_Metas/09/12/20191009121600_00160.jpg,datasets_cloudmask/dataset_cropped/10_Metas/09/12/20191009121600_00160.png,732.7,899,83,25,962
10/9/2019 12:17,datasets/dataset_cropped/10_Metas/09/12/20191009121700_00160.jpg,datasets_flow/dataset_cropped/10_Metas/09/12/20191009121700_00160.jpg,datasets_cloudmask/dataset_cropped/10_Metas/09/12/20191009121700_00160.png,733.6,901,83.2,24.9,962
10/9/2019 12:18,datasets/dataset_cropped/10_Metas/09/12/20191009121800_00160.jpg,datasets_flow/dataset_cropped/10_Metas/09/12/20191009121800_00160.jpg,datasets_cloudmask/dataset_cropped/10_Metas/09/12/20191009121800_00160.png,734.7,902,82.9,25.1,961
10/9/2019 12:19,datasets/dataset_cropped/10_Metas/09/12/20191009121900_00160.jpg,datasets_flow/dataset_cropped/10_Metas/09/12/20191009121900_00160.jpg,datasets_cloudmask/dataset_cropped/10_Metas/09/12/20191009121900_00160.png,735.4,902,82.7,25.2,961
10/9/2019 12:20,datasets/dataset_cropped/10_Metas/09/12/20191009122000_00160.jpg,datasets_flow/dataset_cropped/10_Metas/09/12/20191009122000_00160.jpg,datasets_cloudmask/dataset_cropped/10_Metas/09/12/20191009122000_00160.png,734.8,900,82.7,25.2,962
10/9/2019 12:21,datasets/dataset_cropped/10_Metas/09/12/20191009122100_00160.jpg,datasets_flow/dataset_cropped/10_Metas/09/12/20191009122100_00160.jpg,datasets_cloudmask/dataset_cropped/10_Metas/09/12/20191009122100_00160.png,734.9,899,82.6,25.2,961
10/9/2019 12:22,datasets/dataset_cropped/10_Metas/09/12/20191009122200_00160.jpg,datasets_flow/dataset_cropped/10_Metas/09/12/20191009122200_00160.jpg,datasets_cloudmask/dataset_cropped/10_Metas/09/12/20191009122200_00160.png,736.1,900,82.9,25.1,961
10/9/2019 12:23,datasets/dataset_cropped/10_Metas/09/12/20191009122300_00160.jpg,datasets_flow/dataset_cropped/10_Metas/09/12/20191009122300_00160.jpg,datasets_cloudmask/dataset_cropped/10_Metas/09/12/20191009122300_00160.png,736.5,899,83.5,25.2,961
10/9/2019 12:24,datasets/dataset_cropped/10_Metas/09/12/20191009122400_00160.jpg,datasets_flow/dataset_cropped/10_Metas/09/12/20191009122400_00160.jpg,datasets_cloudmask/dataset_cropped/10_Metas/09/12/20191009122400_00160.png,736.8,899,83.2,25.4,961
10/9/2019 12:25,datasets/dataset_cropped/10_Metas/09/12/20191009122500_00160.jpg,datasets_flow/dataset_cropped/10_Metas/09/12/20191009122500_00160.jpg,datasets_cloudmask/dataset_cropped/10_Metas/09/12/20191009122500_00160.png,737.2,899,83.2,25.2,961
10/9/2019 12:26,datasets/dataset_cropped/10_Metas/09/12/20191009122600_00160.jpg,datasets_flow/dataset_cropped/10_Metas/09/12/20191009122600_00160.jpg,datasets_cloudmask/dataset_cropped/10_Metas/09/12/20191009122600_00160.png,738.7,901,83.6,25.2,961
10/9/2019 12:27,datasets/dataset_cropped/10_Metas/09/12/20191009122700_00160.jpg,datasets_flow/dataset_cropped/10_Metas/09/12/20191009122700_00160.jpg,datasets_cloudmask/dataset_cropped/10_Metas/09/12/20191009122700_00160.png,739.3,901,83.9,25.1,961
10/9/2019 12:28,datasets/dataset_cropped/10_Metas/09/12/20191009122800_00160.jpg,datasets_flow/dataset_cropped/10_Metas/09/12/20191009122800_00160.jpg,datasets_cloudmask/dataset_cropped/10_Metas/09/12/20191009122800_00160.png,739.4,901,84,24.9,961
10/9/2019 12:29,datasets/dataset_cropped/10_Metas/09/12/20191009122900_00160.jpg,datasets_flow/dataset_cropped/10_Metas/09/12/20191009122900_00160.jpg,datasets_cloudmask/dataset_cropped/10_Metas/09/12/20191009122900_00160.png,739.5,901,83.9,25.1,961
10/9/2019 12:30,datasets/dataset_cropped/10_Metas/09/12/20191009123000_00160.jpg,datasets_flow/dataset_cropped/10_Metas/09/12/20191009123000_00160.jpg,datasets_cloudmask/dataset_cropped/10_Metas/09/12/20191009123000_00160.png,740.4,901,83.6,25.4,961
10/9/2019 12:31,datasets/dataset_cropped/10_Metas/09/12/20191009123100_00160.jpg,datasets_flow/dataset_cropped/10_Metas/09/12/20191009123100_00160.jpg,datasets_cloudmask/dataset_cropped/10_Metas/09/12/20191009123100_00160.png,740.7,901,83.4,25.6,961
10/9/2019 12:32,datasets/dataset_cropped/10_Metas/09/12/20191009123200_00160.jpg,datasets_flow/dataset_cropped/10_Metas/09/12/20191009123200_00160.jpg,datasets_cloudmask/dataset_cropped/10_Metas/09/12/20191009123200_00160.png,741.6,901,83.5,25.7,961
10/9/2019 12:33,datasets/dataset_cropped/10_Metas/09/12/20191009123300_00160.jpg,datasets_flow/dataset_cropped/10_Metas/09/12/20191009123300_00160.jpg,datasets_cloudmask/dataset_cropped/10_Metas/09/12/20191009123300_00160.png,741.8,901,84,25.8,961
10/9/2019 12:34,datasets/dataset_cropped/10_Metas/09/12/20191009123400_00160.jpg,datasets_flow/dataset_cropped/10_Metas/09/12/20191009123400_00160.jpg,datasets_cloudmask/dataset_cropped/10_Metas/09/12/20191009123400_00160.png,741.6,902,83.8,25.7,961
10/9/2019 12:35,datasets/dataset_cropped/10_Metas/09/12/20191009123500_00160.jpg,datasets_flow/dataset_cropped/10_Metas/09/12/20191009123500_00160.jpg,datasets_cloudmask/dataset_cropped/10_Metas/09/12/20191009123500_00160.png,742.2,902,84.1,25.6,961
10/9/2019 12:36,datasets/dataset_cropped/10_Metas/09/12/20191009123600_00160.jpg,datasets_flow/dataset_cropped/10_Metas/09/12/20191009123600_00160.jpg,datasets_cloudmask/dataset_cropped/10_Metas/09/12/20191009123600_00160.png,742.1,902,84,25.6,961
10/9/2019 12:37,datasets/dataset_cropped/10_Metas/09/12/20191009123700_00160.jpg,datasets_flow/dataset_cropped/10_Metas/09/12/20191009123700_00160.jpg,datasets_cloudmask/dataset_cropped/10_Metas/09/12/20191009123700_00160.png,742.6,902,83.6,25.5,961
10/9/2019 12:38,datasets/dataset_cropped/10_Metas/09/12/20191009123800_00160.jpg,datasets_flow/dataset_cropped/10_Metas/09/12/20191009123800_00160.jpg,datasets_cloudmask/dataset_cropped/10_Metas/09/12/20191009123800_00160.png,742.5,901,83.6,25.5,961
10/9/2019 12:39,datasets/dataset_cropped/10_Metas/09/12/20191009123900_00160.jpg,datasets_flow/dataset_cropped/10_Metas/09/12/20191009123900_00160.jpg,datasets_cloudmask/dataset_cropped/10_Metas/09/12/20191009123900_00160.png,742.2,899,83.7,25.7,961
10/9/2019 12:40,datasets/dataset_cropped/10_Metas/09/12/20191009124000_00160.jpg,datasets_flow/dataset_cropped/10_Metas/09/12/20191009124000_00160.jpg,datasets_cloudmask/dataset_cropped/10_Metas/09/12/20191009124000_00160.png,741.7,897,83.9,25.7,961
10/9/2019 12:41,datasets/dataset_cropped/10_Metas/09/12/20191009124100_00160.jpg,datasets_flow/dataset_cropped/10_Metas/09/12/20191009124100_00160.jpg,datasets_cloudmask/dataset_cropped/10_Metas/09/12/20191009124100_00160.png,741.7,896,84.3,25.8,961
10/9/2019 12:42,datasets/dataset_cropped/10_Metas/09/12/20191009124200_00160.jpg,datasets_flow/dataset_cropped/10_Metas/09/12/20191009124200_00160.jpg,datasets_cloudmask/dataset_cropped/10_Metas/09/12/20191009124200_00160.png,742.5,897,84.2,25.8,961
10/9/2019 12:43,datasets/dataset_cropped/10_Metas/09/12/20191009124300_00160.jpg,datasets_flow/dataset_cropped/10_Metas/09/12/20191009124300_00160.jpg,datasets_cloudmask/dataset_cropped/10_Metas/09/12/20191009124300_00160.png,743.6,899,83.9,26.1,961
10/9/2019 12:44,datasets/dataset_cropped/10_Metas/09/12/20191009124400_00160.jpg,datasets_flow/dataset_cropped/10_Metas/09/12/20191009124400_00160.jpg,datasets_cloudmask/dataset_cropped/10_Metas/09/12/20191009124400_00160.png,744.5,899,83.6,26.1,961
10/9/2019 12:45,datasets/dataset_cropped/10_Metas/09/12/20191009124500_00160.jpg,datasets_flow/dataset_cropped/10_Metas/09/12/20191009124500_00160.jpg,datasets_cloudmask/dataset_cropped/10_Metas/09/12/20191009124500_00160.png,744.3,899,83.6,26,961
10/9/2019 12:46,datasets/dataset_cropped/10_Metas/09/12/20191009124600_00160.jpg,datasets_flow/dataset_cropped/10_Metas/09/12/20191009124600_00160.jpg,datasets_cloudmask/dataset_cropped/10_Metas/09/12/20191009124600_00160.png,744,898,83.7,25.9,961
10/9/2019 12:47,datasets/dataset_cropped/10_Metas/09/12/20191009124700_00160.jpg,datasets_flow/dataset_cropped/10_Metas/09/12/20191009124700_00160.jpg,datasets_cloudmask/dataset_cropped/10_Metas/09/12/20191009124700_00160.png,744,898,83.9,25.7,961
10/9/2019 12:48,datasets/dataset_cropped/10_Metas/09/12/20191009124800_00160.jpg,datasets_flow/dataset_cropped/10_Metas/09/12/20191009124800_00160.jpg,datasets_cloudmask/dataset_cropped/10_Metas/09/12/20191009124800_00160.png,743.7,897,85.1,25.8,961
10/9/2019 12:49,datasets/dataset_cropped/10_Metas/09/12/20191009124900_00160.jpg,datasets_flow/dataset_cropped/10_Metas/09/12/20191009124900_00160.jpg,datasets_cloudmask/dataset_cropped/10_Metas/09/12/20191009124900_00160.png,744.6,899,84.9,25.6,961
10/9/2019 12:50,datasets/dataset_cropped/10_Metas/09/12/20191009125000_00160.jpg,datasets_flow/dataset_cropped/10_Metas/09/12/20191009125000_00160.jpg,datasets_cloudmask/dataset_cropped/10_Metas/09/12/20191009125000_00160.png,745.1,899,84.8,25.8,961
10/9/2019 12:51,datasets/dataset_cropped/10_Metas/09/12/20191009125100_00160.jpg,datasets_flow/dataset_cropped/10_Metas/09/12/20191009125100_00160.jpg,datasets_cloudmask/dataset_cropped/10_Metas/09/12/20191009125100_00160.png,745.1,900,84.7,25.9,961
10/9/2019 12:52,datasets/dataset_cropped/10_Metas/09/12/20191009125200_00160.jpg,datasets_flow/dataset_cropped/10_Metas/09/12/20191009125200_00160.jpg,datasets_cloudmask/dataset_cropped/10_Metas/09/12/20191009125200_00160.png,745,899,84.5,26,961
10/9/2019 12:53,datasets/dataset_cropped/10_Metas/09/12/20191009125300_00160.jpg,datasets_flow/dataset_cropped/10_Metas/09/12/20191009125300_00160.jpg,datasets_cloudmask/dataset_cropped/10_Metas/09/12/20191009125300_00160.png,744.6,898,84.2,26.1,961
10/9/2019 12:54,datasets/dataset_cropped/10_Metas/09/12/20191009125400_00160.jpg,datasets_flow/dataset_cropped/10_Metas/09/12/20191009125400_00160.jpg,datasets_cloudmask/dataset_cropped/10_Metas/09/12/20191009125400_00160.png,745.7,899,84.2,26.2,961
10/9/2019 12:55,datasets/dataset_cropped/10_Metas/09/12/20191009125500_00160.jpg,datasets_flow/dataset_cropped/10_Metas/09/12/20191009125500_00160.jpg,datasets_cloudmask/dataset_cropped/10_Metas/09/12/20191009125500_00160.png,746.1,899,84.2,26.2,961
10/9/2019 12:56,datasets/dataset_cropped/10_Metas/09/12/20191009125600_00160.jpg,datasets_flow/dataset_cropped/10_Metas/09/12/20191009125600_00160.jpg,datasets_cloudmask/dataset_cropped/10_Metas/09/12/20191009125600_00160.png,746.7,899,84.1,26.1,961
10/9/2019 12:57,datasets/dataset_cropped/10_Metas/09/12/20191009125700_00160.jpg,datasets_flow/dataset_cropped/10_Metas/09/12/20191009125700_00160.jpg,datasets_cloudmask/dataset_cropped/10_Metas/09/12/20191009125700_00160.png,746.8,900,84,26,961
10/9/2019 12:58,datasets/dataset_cropped/10_Metas/09/12/20191009125800_00160.jpg,datasets_flow/dataset_cropped/10_Metas/09/12/20191009125800_00160.jpg,datasets_cloudmask/dataset_cropped/10_Metas/09/12/20191009125800_00160.png,746.4,899,84,26.1,961
10/9/2019 12:59,datasets/dataset_cropped/10_Metas/09/12/20191009125900_00160.jpg,datasets_flow/dataset_cropped/10_Metas/09/12/20191009125900_00160.jpg,datasets_cloudmask/dataset_cropped/10_Metas/09/12/20191009125900_00160.png,746.1,899,84.3,26.1,961
10/9/2019 13:00,datasets/dataset_cropped/10_Metas/09/13/20191009130000_00160.jpg,datasets_flow/dataset_cropped/10_Metas/09/13/20191009130000_00160.jpg,datasets_cloudmask/dataset_cropped/10_Metas/09/13/20191009130000_00160.png,745.6,899,84.6,26.3,961
10/9/2019 13:01,datasets/dataset_cropped/10_Metas/09/13/20191009130100_00160.jpg,datasets_flow/dataset_cropped/10_Metas/09/13/20191009130100_00160.jpg,datasets_cloudmask/dataset_cropped/10_Metas/09/13/20191009130100_00160.png,746,899,85.4,26.5,961
10/9/2019 13:02,datasets/dataset_cropped/10_Metas/09/13/20191009130200_00160.jpg,datasets_flow/dataset_cropped/10_Metas/09/13/20191009130200_00160.jpg,datasets_cloudmask/dataset_cropped/10_Metas/09/13/20191009130200_00160.png,745.5,899,85.5,26.5,961
10/9/2019 13:03,datasets/dataset_cropped/10_Metas/09/13/20191009130300_00160.jpg,datasets_flow/dataset_cropped/10_Metas/09/13/20191009130300_00160.jpg,datasets_cloudmask/dataset_cropped/10_Metas/09/13/20191009130300_00160.png,744.9,900,85.3,26.3,961
10/9/2019 13:04,datasets/dataset_cropped/10_Metas/09/13/20191009130400_00160.jpg,datasets_flow/dataset_cropped/10_Metas/09/13/20191009130400_00160.jpg,datasets_cloudmask/dataset_cropped/10_Metas/09/13/20191009130400_00160.png,745.1,900,85.2,26,961
10/9/2019 13:05,datasets/dataset_cropped/10_Metas/09/13/20191009130500_00160.jpg,datasets_flow/dataset_cropped/10_Metas/09/13/20191009130500_00160.jpg,datasets_cloudmask/dataset_cropped/10_Metas/09/13/20191009130500_00160.png,744.8,899,84.8,26,961
10/9/2019 13:06,datasets/dataset_cropped/10_Metas/09/13/20191009130600_00160.jpg,datasets_flow/dataset_cropped/10_Metas/09/13/20191009130600_00160.jpg,datasets_cloudmask/dataset_cropped/10_Metas/09/13/20191009130600_00160.png,744.6,898,85,26.2,961
10/9/2019 13:07,datasets/dataset_cropped/10_Metas/09/13/20191009130700_00160.jpg,datasets_flow/dataset_cropped/10_Metas/09/13/20191009130700_00160.jpg,datasets_cloudmask/dataset_cropped/10_Metas/09/13/20191009130700_00160.png,744,897,84.8,26.4,961
10/9/2019 13:08,datasets/dataset_cropped/10_Metas/09/13/20191009130800_00160.jpg,datasets_flow/dataset_cropped/10_Metas/09/13/20191009130800_00160.jpg,datasets_cloudmask/dataset_cropped/10_Metas/09/13/20191009130800_00160.png,743.1,895,84.5,26.6,961
10/9/2019 13:09,datasets/dataset_cropped/10_Metas/09/13/20191009130900_00160.jpg,datasets_flow/dataset_cropped/10_Metas/09/13/20191009130900_00160.jpg,datasets_cloudmask/dataset_cropped/10_Metas/09/13/20191009130900_00160.png,742.6,894,84.5,26.8,961
10/9/2019 13:10,datasets/dataset_cropped/10_Metas/09/13/20191009131000_00160.jpg,datasets_flow/dataset_cropped/10_Metas/09/13/20191009131000_00160.jpg,datasets_cloudmask/dataset_cropped/10_Metas/09/13/20191009131000_00160.png,743,894,84.3,26.9,961
10/9/2019 13:11,datasets/dataset_cropped/10_Metas/09/13/20191009131100_00160.jpg,datasets_flow/dataset_cropped/10_Metas/09/13/20191009131100_00160.jpg,datasets_cloudmask/dataset_cropped/10_Metas/09/13/20191009131100_00160.png,743.2,895,84.7,26.7,961
10/9/2019 13:12,datasets/dataset_cropped/10_Metas/09/13/20191009131200_00160.jpg,datasets_flow/dataset_cropped/10_Metas/09/13/20191009131200_00160.jpg,datasets_cloudmask/dataset_cropped/10_Metas/09/13/20191009131200_00160.png,742.9,896,84.8,26.4,961
10/9/2019 13:13,datasets/dataset_cropped/10_Metas/09/13/20191009131300_00160.jpg,datasets_flow/dataset_cropped/10_Metas/09/13/20191009131300_00160.jpg,datasets_cloudmask/dataset_cropped/10_Metas/09/13/20191009131300_00160.png,742.2,896,84.7,26.3,961
10/9/2019 13:14,datasets/dataset_cropped/10_Metas/09/13/20191009131400_00160.jpg,datasets_flow/dataset_cropped/10_Metas/09/13/20191009131400_00160.jpg,datasets_cloudmask/dataset_cropped/10_Metas/09/13/20191009131400_00160.png,741.7,895,84.8,26.3,961
10/9/2019 13:15,datasets/dataset_cropped/10_Metas/09/13/20191009131500_00160.jpg,datasets_flow/dataset_cropped/10_Metas/09/13/20191009131500_00160.jpg,datasets_cloudmask/dataset_cropped/10_Metas/09/13/20191009131500_00160.png,741.5,896,85.1,26.6,961
10/9/2019 13:16,datasets/dataset_cropped/10_Metas/09/13/20191009131600_00160.jpg,datasets_flow/dataset_cropped/10_Metas/09/13/20191009131600_00160.jpg,datasets_cloudmask/dataset_cropped/10_Metas/09/13/20191009131600_00160.png,741.2,896,85,26.8,961
10/9/2019 13:17,datasets/dataset_cropped/10_Metas/09/13/20191009131700_00160.jpg,datasets_flow/dataset_cropped/10_Metas/09/13/20191009131700_00160.jpg,datasets_cloudmask/dataset_cropped/10_Metas/09/13/20191009131700_00160.png,741.2,896,84.5,26.6,961
10/9/2019 13:18,datasets/dataset_cropped/10_Metas/09/13/20191009131800_00160.jpg,datasets_flow/dataset_cropped/10_Metas/09/13/20191009131800_00160.jpg,datasets_cloudmask/dataset_cropped/10_Metas/09/13/20191009131800_00160.png,741.3,896,84.3,26.7,961
10/9/2019 13:19,datasets/dataset_cropped/10_Metas/09/13/20191009131900_00160.jpg,datasets_flow/dataset_cropped/10_Metas/09/13/20191009131900_00160.jpg,datasets_cloudmask/dataset_cropped/10_Metas/09/13/20191009131900_00160.png,741.7,897,84.7,26.4,961
10/9/2019 13:20,datasets/dataset_cropped/10_Metas/09/13/20191009132000_00160.jpg,datasets_flow/dataset_cropped/10_Metas/09/13/20191009132000_00160.jpg,datasets_cloudmask/dataset_cropped/10_Metas/09/13/20191009132000_00160.png,740.9,897,84.5,26.3,961
10/9/2019 13:21,datasets/dataset_cropped/10_Metas/09/13/20191009132100_00160.jpg,datasets_flow/dataset_cropped/10_Metas/09/13/20191009132100_00160.jpg,datasets_cloudmask/dataset_cropped/10_Metas/09/13/20191009132100_00160.png,740.4,897,84.5,26.4,961
10/9/2019 13:22,datasets/dataset_cropped/10_Metas/09/13/20191009132200_00160.jpg,datasets_flow/dataset_cropped/10_Metas/09/13/20191009132200_00160.jpg,datasets_cloudmask/dataset_cropped/10_Metas/09/13/20191009132200_00160.png,740.5,899,84.8,26.3,961
10/9/2019 13:23,datasets/dataset_cropped/10_Metas/09/13/20191009132300_00160.jpg,datasets_flow/dataset_cropped/10_Metas/09/13/20191009132300_00160.jpg,datasets_cloudmask/dataset_cropped/10_Metas/09/13/20191009132300_00160.png,740.5,901,84.4,26.3,961
10/9/2019 13:24,datasets/dataset_cropped/10_Metas/09/13/20191009132400_00160.jpg,datasets_flow/dataset_cropped/10_Metas/09/13/20191009132400_00160.jpg,datasets_cloudmask/dataset_cropped/10_Metas/09/13/20191009132400_00160.png,739.7,901,83.8,26.6,961
10/9/2019 13:25,datasets/dataset_cropped/10_Metas/09/13/20191009132500_00160.jpg,datasets_flow/dataset_cropped/10_Metas/09/13/20191009132500_00160.jpg,datasets_cloudmask/dataset_cropped/10_Metas/09/13/20191009132500_00160.png,739.4,901,83.7,27,961
10/9/2019 13:26,datasets/dataset_cropped/10_Metas/09/13/20191009132600_00160.jpg,datasets_flow/dataset_cropped/10_Metas/09/13/20191009132600_00160.jpg,datasets_cloudmask/dataset_cropped/10_Metas/09/13/20191009132600_00160.png,739.5,901,83.5,27.1,961
10/9/2019 13:27,datasets/dataset_cropped/10_Metas/09/13/20191009132700_00160.jpg,datasets_flow/dataset_cropped/10_Metas/09/13/20191009132700_00160.jpg,datasets_cloudmask/dataset_cropped/10_Metas/09/13/20191009132700_00160.png,739.1,901,83.3,27.2,961
10/9/2019 13:28,datasets/dataset_cropped/10_Metas/09/13/20191009132800_00160.jpg,datasets_flow/dataset_cropped/10_Metas/09/13/20191009132800_00160.jpg,datasets_cloudmask/dataset_cropped/10_Metas/09/13/20191009132800_00160.png,737.6,899,83,27.1,960
10/9/2019 13:29,datasets/dataset_cropped/10_Metas/09/13/20191009132900_00160.jpg,datasets_flow/dataset_cropped/10_Metas/09/13/20191009132900_00160.jpg,datasets_cloudmask/dataset_cropped/10_Metas/09/13/20191009132900_00160.png,737.2,899,82.8,26.9,961
10/9/2019 13:30,datasets/dataset_cropped/10_Metas/09/13/20191009133000_00160.jpg,datasets_flow/dataset_cropped/10_Metas/09/13/20191009133000_00160.jpg,datasets_cloudmask/dataset_cropped/10_Metas/09/13/20191009133000_00160.png,737.7,901,82.6,26.8,961
10/9/2019 13:31,datasets/dataset_cropped/10_Metas/09/13/20191009133100_00160.jpg,datasets_flow/dataset_cropped/10_Metas/09/13/20191009133100_00160.jpg,datasets_cloudmask/dataset_cropped/10_Metas/09/13/20191009133100_00160.png,736.9,901,82.5,26.5,960
10/9/2019 13:32,datasets/dataset_cropped/10_Metas/09/13/20191009133200_00160.jpg,datasets_flow/dataset_cropped/10_Metas/09/13/20191009133200_00160.jpg,datasets_cloudmask/dataset_cropped/10_Metas/09/13/20191009133200_00160.png,735.9,900,83.2,26.6,960
10/9/2019 13:33,datasets/dataset_cropped/10_Metas/09/13/20191009133300_00160.jpg,datasets_flow/dataset_cropped/10_Metas/09/13/20191009133300_00160.jpg,datasets_cloudmask/dataset_cropped/10_Metas/09/13/20191009133300_00160.png,735,899,83.3,26.6,960
10/9/2019 13:34,datasets/dataset_cropped/10_Metas/09/13/20191009133400_00160.jpg,datasets_flow/dataset_cropped/10_Metas/09/13/20191009133400_00160.jpg,datasets_cloudmask/dataset_cropped/10_Metas/09/13/20191009133400_00160.png,734,899,82.9,26.5,960
10/9/2019 13:35,datasets/dataset_cropped/10_Metas/09/13/20191009133500_00160.jpg,datasets_flow/dataset_cropped/10_Metas/09/13/20191009133500_00160.jpg,datasets_cloudmask/dataset_cropped/10_Metas/09/13/20191009133500_00160.png,733.1,898,82.6,26.5,960
10/9/2019 13:36,datasets/dataset_cropped/10_Metas/09/13/20191009133600_00160.jpg,datasets_flow/dataset_cropped/10_Metas/09/13/20191009133600_00160.jpg,datasets_cloudmask/dataset_cropped/10_Metas/09/13/20191009133600_00160.png,732.6,898,82.7,26.7,960
10/9/2019 13:37,datasets/dataset_cropped/10_Metas/09/13/20191009133700_00160.jpg,datasets_flow/dataset_cropped/10_Metas/09/13/20191009133700_00160.jpg,datasets_cloudmask/dataset_cropped/10_Metas/09/13/20191009133700_00160.png,732.3,898,82.8,26.9,960
10/9/2019 13:38,datasets/dataset_cropped/10_Metas/09/13/20191009133800_00160.jpg,datasets_flow/dataset_cropped/10_Metas/09/13/20191009133800_00160.jpg,datasets_cloudmask/dataset_cropped/10_Metas/09/13/20191009133800_00160.png,731.9,897,83.1,26.9,960
10/9/2019 13:39,datasets/dataset_cropped/10_Metas/09/13/20191009133900_00160.jpg,datasets_flow/dataset_cropped/10_Metas/09/13/20191009133900_00160.jpg,datasets_cloudmask/dataset_cropped/10_Metas/09/13/20191009133900_00160.png,731.4,897,83,27,960
10/9/2019 13:40,datasets/dataset_cropped/10_Metas/09/13/20191009134000_00160.jpg,datasets_flow/dataset_cropped/10_Metas/09/13/20191009134000_00160.jpg,datasets_cloudmask/dataset_cropped/10_Metas/09/13/20191009134000_00160.png,730.6,897,83,27,960
10/9/2019 13:41,datasets/dataset_cropped/10_Metas/09/13/20191009134100_00160.jpg,datasets_flow/dataset_cropped/10_Metas/09/13/20191009134100_00160.jpg,datasets_cloudmask/dataset_cropped/10_Metas/09/13/20191009134100_00160.png,729.4,895,83,27.1,960
10/9/2019 13:42,datasets/dataset_cropped/10_Metas/09/13/20191009134200_00160.jpg,datasets_flow/dataset_cropped/10_Metas/09/13/20191009134200_00160.jpg,datasets_cloudmask/dataset_cropped/10_Metas/09/13/20191009134200_00160.png,728.4,894,83,27.1,960
10/9/2019 13:43,datasets/dataset_cropped/10_Metas/09/13/20191009134300_00160.jpg,datasets_flow/dataset_cropped/10_Metas/09/13/20191009134300_00160.jpg,datasets_cloudmask/dataset_cropped/10_Metas/09/13/20191009134300_00160.png,727.3,894,83.2,26.8,960
10/9/2019 13:44,datasets/dataset_cropped/10_Metas/09/13/20191009134400_00160.jpg,datasets_flow/dataset_cropped/10_Metas/09/13/20191009134400_00160.jpg,datasets_cloudmask/dataset_cropped/10_Metas/09/13/20191009134400_00160.png,726.5,894,83.5,26.7,960
10/9/2019 13:45,datasets/dataset_cropped/10_Metas/09/13/20191009134500_00160.jpg,datasets_flow/dataset_cropped/10_Metas/09/13/20191009134500_00160.jpg,datasets_cloudmask/dataset_cropped/10_Metas/09/13/20191009134500_00160.png,726.5,895,83.6,26.8,960
10/9/2019 13:46,datasets/dataset_cropped/10_Metas/09/13/20191009134600_00160.jpg,datasets_flow/dataset_cropped/10_Metas/09/13/20191009134600_00160.jpg,datasets_cloudmask/dataset_cropped/10_Metas/09/13/20191009134600_00160.png,726.7,897,83.6,27.1,960
10/9/2019 13:47,datasets/dataset_cropped/10_Metas/09/13/20191009134700_00160.jpg,datasets_flow/dataset_cropped/10_Metas/09/13/20191009134700_00160.jpg,datasets_cloudmask/dataset_cropped/10_Metas/09/13/20191009134700_00160.png,725.5,896,83.6,27.2,960
10/9/2019 13:48,datasets/dataset_cropped/10_Metas/09/13/20191009134800_00160.jpg,datasets_flow/dataset_cropped/10_Metas/09/13/20191009134800_00160.jpg,datasets_cloudmask/dataset_cropped/10_Metas/09/13/20191009134800_00160.png,723.9,895,83.3,27.4,960
10/9/2019 13:49,datasets/dataset_cropped/10_Metas/09/13/20191009134900_00160.jpg,datasets_flow/dataset_cropped/10_Metas/09/13/20191009134900_00160.jpg,datasets_cloudmask/dataset_cropped/10_Metas/09/13/20191009134900_00160.png,722.3,894,83.3,27.5,960
10/9/2019 13:50,datasets/dataset_cropped/10_Metas/09/13/20191009135000_00160.jpg,datasets_flow/dataset_cropped/10_Metas/09/13/20191009135000_00160.jpg,datasets_cloudmask/dataset_cropped/10_Metas/09/13/20191009135000_00160.png,720.9,893,83.3,27.3,960
10/9/2019 13:51,datasets/dataset_cropped/10_Metas/09/13/20191009135100_00160.jpg,datasets_flow/dataset_cropped/10_Metas/09/13/20191009135100_00160.jpg,datasets_cloudmask/dataset_cropped/10_Metas/09/13/20191009135100_00160.png,719.4,891,83.5,27.2,960
10/9/2019 13:52,datasets/dataset_cropped/10_Metas/09/13/20191009135200_00160.jpg,datasets_flow/dataset_cropped/10_Metas/09/13/20191009135200_00160.jpg,datasets_cloudmask/dataset_cropped/10_Metas/09/13/20191009135200_00160.png,717.3,889,83.8,27.4,960
10/9/2019 13:53,datasets/dataset_cropped/10_Metas/09/13/20191009135300_00160.jpg,datasets_flow/dataset_cropped/10_Metas/09/13/20191009135300_00160.jpg,datasets_cloudmask/dataset_cropped/10_Metas/09/13/20191009135300_00160.png,716.6,889,83.8,27.6,960
10/9/2019 13:54,datasets/dataset_cropped/10_Metas/09/13/20191009135400_00160.jpg,datasets_flow/dataset_cropped/10_Metas/09/13/20191009135400_00160.jpg,datasets_cloudmask/dataset_cropped/10_Metas/09/13/20191009135400_00160.png,715.3,888,83.6,27.4,960
10/9/2019 13:55,datasets/dataset_cropped/10_Metas/09/13/20191009135500_00160.jpg,datasets_flow/dataset_cropped/10_Metas/09/13/20191009135500_00160.jpg,datasets_cloudmask/dataset_cropped/10_Metas/09/13/20191009135500_00160.png,714.3,887,83.9,27.3,960
10/9/2019 13:56,datasets/dataset_cropped/10_Metas/09/13/20191009135600_00160.jpg,datasets_flow/dataset_cropped/10_Metas/09/13/20191009135600_00160.jpg,datasets_cloudmask/dataset_cropped/10_Metas/09/13/20191009135600_00160.png,713,886,84.4,27.2,960
10/9/2019 13:57,datasets/dataset_cropped/10_Metas/09/13/20191009135700_00160.jpg,datasets_flow/dataset_cropped/10_Metas/09/13/20191009135700_00160.jpg,datasets_cloudmask/dataset_cropped/10_Metas/09/13/20191009135700_00160.png,711.2,884,84.5,27.2,960
10/9/2019 13:58,datasets/dataset_cropped/10_Metas/09/13/20191009135800_00160.jpg,datasets_flow/dataset_cropped/10_Metas/09/13/20191009135800_00160.jpg,datasets_cloudmask/dataset_cropped/10_Metas/09/13/20191009135800_00160.png,710.5,884,84.6,27.3,960
10/9/2019 13:59,datasets/dataset_cropped/10_Metas/09/13/20191009135900_00160.jpg,datasets_flow/dataset_cropped/10_Metas/09/13/20191009135900_00160.jpg,datasets_cloudmask/dataset_cropped/10_Metas/09/13/20191009135900_00160.png,709.9,884,84.8,27.3,960
10/9/2019 14:00,datasets/dataset_cropped/10_Metas/09/14/20191009140000_00160.jpg,datasets_flow/dataset_cropped/10_Metas/09/14/20191009140000_00160.jpg,datasets_cloudmask/dataset_cropped/10_Metas/09/14/20191009140000_00160.png,708.2,883,84.8,27.5,960
10/9/2019 14:01,datasets/dataset_cropped/10_Metas/09/14/20191009140100_00160.jpg,datasets_flow/dataset_cropped/10_Metas/09/14/20191009140100_00160.jpg,datasets_cloudmask/dataset_cropped/10_Metas/09/14/20191009140100_00160.png,706.9,882,84.4,27.5,960
10/9/2019 14:02,datasets/dataset_cropped/10_Metas/09/14/20191009140200_00160.jpg,datasets_flow/dataset_cropped/10_Metas/09/14/20191009140200_00160.jpg,datasets_cloudmask/dataset_cropped/10_Metas/09/14/20191009140200_00160.png,705.9,882,84,27.6,960
10/9/2019 14:03,datasets/dataset_cropped/10_Metas/09/14/20191009140300_00160.jpg,datasets_flow/dataset_cropped/10_Metas/09/14/20191009140300_00160.jpg,datasets_cloudmask/dataset_cropped/10_Metas/09/14/20191009140300_00160.png,705.8,883,83.8,27.6,960
10/9/2019 14:04,datasets/dataset_cropped/10_Metas/09/14/20191009140400_00160.jpg,datasets_flow/dataset_cropped/10_Metas/09/14/20191009140400_00160.jpg,datasets_cloudmask/dataset_cropped/10_Metas/09/14/20191009140400_00160.png,704.9,883,83.8,27.6,960
10/9/2019 14:05,datasets/dataset_cropped/10_Metas/09/14/20191009140500_00160.jpg,datasets_flow/dataset_cropped/10_Metas/09/14/20191009140500_00160.jpg,datasets_cloudmask/dataset_cropped/10_Metas/09/14/20191009140500_00160.png,704.2,884,83.7,27.6,960
10/9/2019 14:06,datasets/dataset_cropped/10_Metas/09/14/20191009140600_00160.jpg,datasets_flow/dataset_cropped/10_Metas/09/14/20191009140600_00160.jpg,datasets_cloudmask/dataset_cropped/10_Metas/09/14/20191009140600_00160.png,703,883,84.1,27.7,960
10/9/2019 14:07,datasets/dataset_cropped/10_Metas/09/14/20191009140700_00160.jpg,datasets_flow/dataset_cropped/10_Metas/09/14/20191009140700_00160.jpg,datasets_cloudmask/dataset_cropped/10_Metas/09/14/20191009140700_00160.png,701.9,883,84.1,27.6,960
10/9/2019 14:08,datasets/dataset_cropped/10_Metas/09/14/20191009140800_00160.jpg,datasets_flow/dataset_cropped/10_Metas/09/14/20191009140800_00160.jpg,datasets_cloudmask/dataset_cropped/10_Metas/09/14/20191009140800_00160.png,700.7,883,84,27.5,960
10/9/2019 14:09,datasets/dataset_cropped/10_Metas/09/14/20191009140900_00160.jpg,datasets_flow/dataset_cropped/10_Metas/09/14/20191009140900_00160.jpg,datasets_cloudmask/dataset_cropped/10_Metas/09/14/20191009140900_00160.png,699.5,883,84.3,27.6,960
10/9/2019 14:10,datasets/dataset_cropped/10_Metas/09/14/20191009141000_00160.jpg,datasets_flow/dataset_cropped/10_Metas/09/14/20191009141000_00160.jpg,datasets_cloudmask/dataset_cropped/10_Metas/09/14/20191009141000_00160.png,698.3,883,84.7,27.8,960
10/9/2019 14:11,datasets/dataset_cropped/10_Metas/09/14/20191009141100_00160.jpg,datasets_flow/dataset_cropped/10_Metas/09/14/20191009141100_00160.jpg,datasets_cloudmask/dataset_cropped/10_Metas/09/14/20191009141100_00160.png,697.6,883,84.6,27.9,960
10/9/2019 14:12,datasets/dataset_cropped/10_Metas/09/14/20191009141200_00160.jpg,datasets_flow/dataset_cropped/10_Metas/09/14/20191009141200_00160.jpg,datasets_cloudmask/dataset_cropped/10_Metas/09/14/20191009141200_00160.png,696.7,883,84.9,27.7,960
10/9/2019 14:13,datasets/dataset_cropped/10_Metas/09/14/20191009141300_00160.jpg,datasets_flow/dataset_cropped/10_Metas/09/14/20191009141300_00160.jpg,datasets_cloudmask/dataset_cropped/10_Metas/09/14/20191009141300_00160.png,695.7,883,84.9,27.6,960
10/9/2019 14:14,datasets/dataset_cropped/10_Metas/09/14/20191009141400_00160.jpg,datasets_flow/dataset_cropped/10_Metas/09/14/20191009141400_00160.jpg,datasets_cloudmask/dataset_cropped/10_Metas/09/14/20191009141400_00160.png,695,884,85,27.7,960
10/9/2019 14:15,datasets/dataset_cropped/10_Metas/09/14/20191009141500_00160.jpg,datasets_flow/dataset_cropped/10_Metas/09/14/20191009141500_00160.jpg,datasets_cloudmask/dataset_cropped/10_Metas/09/14/20191009141500_00160.png,692.7,883,84.7,28.2,960
10/9/2019 14:16,datasets/dataset_cropped/10_Metas/09/14/20191009141600_00160.jpg,datasets_flow/dataset_cropped/10_Metas/09/14/20191009141600_00160.jpg,datasets_cloudmask/dataset_cropped/10_Metas/09/14/20191009141600_00160.png,690.1,881,84.2,28.3,960
10/9/2019 14:17,datasets/dataset_cropped/10_Metas/09/14/20191009141700_00160.jpg,datasets_flow/dataset_cropped/10_Metas/09/14/20191009141700_00160.jpg,datasets_cloudmask/dataset_cropped/10_Metas/09/14/20191009141700_00160.png,688,878,84,27.9,960
10/9/2019 14:18,datasets/dataset_cropped/10_Metas/09/14/20191009141800_00160.jpg,datasets_flow/dataset_cropped/10_Metas/09/14/20191009141800_00160.jpg,datasets_cloudmask/dataset_cropped/10_Metas/09/14/20191009141800_00160.png,686.3,877,83.7,27.9,960
10/9/2019 14:19,datasets/dataset_cropped/10_Metas/09/14/20191009141900_00160.jpg,datasets_flow/dataset_cropped/10_Metas/09/14/20191009141900_00160.jpg,datasets_cloudmask/dataset_cropped/10_Metas/09/14/20191009141900_00160.png,684.7,876,83.9,27.9,960
10/9/2019 14:20,datasets/dataset_cropped/10_Metas/09/14/20191009142000_00160.jpg,datasets_flow/dataset_cropped/10_Metas/09/14/20191009142000_00160.jpg,datasets_cloudmask/dataset_cropped/10_Metas/09/14/20191009142000_00160.png,683.8,877,83.7,27.8,960
10/9/2019 14:21,datasets/dataset_cropped/10_Metas/09/14/20191009142100_00160.jpg,datasets_flow/dataset_cropped/10_Metas/09/14/20191009142100_00160.jpg,datasets_cloudmask/dataset_cropped/10_Metas/09/14/20191009142100_00160.png,682.1,875,84.2,27.7,960
10/9/2019 14:22,datasets/dataset_cropped/10_Metas/09/14/20191009142200_00160.jpg,datasets_flow/dataset_cropped/10_Metas/09/14/20191009142200_00160.jpg,datasets_cloudmask/dataset_cropped/10_Metas/09/14/20191009142200_00160.png,680.4,874,84.4,28,960
10/9/2019 14:23,datasets/dataset_cropped/10_Metas/09/14/20191009142300_00160.jpg,datasets_flow/dataset_cropped/10_Metas/09/14/20191009142300_00160.jpg,datasets_cloudmask/dataset_cropped/10_Metas/09/14/20191009142300_00160.png,679.3,874,84.6,28.2,960
10/9/2019 14:24,datasets/dataset_cropped/10_Metas/09/14/20191009142400_00160.jpg,datasets_flow/dataset_cropped/10_Metas/09/14/20191009142400_00160.jpg,datasets_cloudmask/dataset_cropped/10_Metas/09/14/20191009142400_00160.png,678.1,873,84.9,28.1,960
10/9/2019 14:25,datasets/dataset_cropped/10_Metas/09/14/20191009142500_00160.jpg,datasets_flow/dataset_cropped/10_Metas/09/14/20191009142500_00160.jpg,datasets_cloudmask/dataset_cropped/10_Metas/09/14/20191009142500_00160.png,675.8,870,85,28,960
10/9/2019 14:26,datasets/dataset_cropped/10_Metas/09/14/20191009142600_00160.jpg,datasets_flow/dataset_cropped/10_Metas/09/14/20191009142600_00160.jpg,datasets_cloudmask/dataset_cropped/10_Metas/09/14/20191009142600_00160.png,674.2,869,85,27.9,960
10/9/2019 14:27,datasets/dataset_cropped/10_Metas/09/14/20191009142714_00160.jpg,datasets_flow/dataset_cropped/10_Metas/09/14/20191009142714_00160.jpg,datasets_cloudmask/dataset_cropped/10_Metas/09/14/20191009142714_00160.png,672.9,868,84.5,27.9,960
10/9/2019 14:28,datasets/dataset_cropped/10_Metas/09/14/20191009142800_00160.jpg,datasets_flow/dataset_cropped/10_Metas/09/14/20191009142800_00160.jpg,datasets_cloudmask/dataset_cropped/10_Metas/09/14/20191009142800_00160.png,672,868,84.5,27.7,960
10/9/2019 14:29,datasets/dataset_cropped/10_Metas/09/14/20191009142900_00160.jpg,datasets_flow/dataset_cropped/10_Metas/09/14/20191009142900_00160.jpg,datasets_cloudmask/dataset_cropped/10_Metas/09/14/20191009142900_00160.png,670.8,869,84.3,27.6,960
10/9/2019 14:30,datasets/dataset_cropped/10_Metas/09/14/20191009143000_00160.jpg,datasets_flow/dataset_cropped/10_Metas/09/14/20191009143000_00160.jpg,datasets_cloudmask/dataset_cropped/10_Metas/09/14/20191009143000_00160.png,669.3,869,84,27.8,960
10/9/2019 14:31,datasets/dataset_cropped/10_Metas/09/14/20191009143100_00160.jpg,datasets_flow/dataset_cropped/10_Metas/09/14/20191009143100_00160.jpg,datasets_cloudmask/dataset_cropped/10_Metas/09/14/20191009143100_00160.png,667.7,868,84.5,27.9,960
10/9/2019 14:32,datasets/dataset_cropped/10_Metas/09/14/20191009143200_00160.jpg,datasets_flow/dataset_cropped/10_Metas/09/14/20191009143200_00160.jpg,datasets_cloudmask/dataset_cropped/10_Metas/09/14/20191009143200_00160.png,665.7,868,84.6,28,960
10/9/2019 14:33,datasets/dataset_cropped/10_Metas/09/14/20191009143300_00160.jpg,datasets_flow/dataset_cropped/10_Metas/09/14/20191009143300_00160.jpg,datasets_cloudmask/dataset_cropped/10_Metas/09/14/20191009143300_00160.png,663.4,867,84.2,28.1,960
10/9/2019 14:34,datasets/dataset_cropped/10_Metas/09/14/20191009143400_00160.jpg,datasets_flow/dataset_cropped/10_Metas/09/14/20191009143400_00160.jpg,datasets_cloudmask/dataset_cropped/10_Metas/09/14/20191009143400_00160.png,661.2,865,84,28.3,960
10/9/2019 14:35,datasets/dataset_cropped/10_Metas/09/14/20191009143500_00160.jpg,datasets_flow/dataset_cropped/10_Metas/09/14/20191009143500_00160.jpg,datasets_cloudmask/dataset_cropped/10_Metas/09/14/20191009143500_00160.png,659.6,865,84.2,28.2,960
10/9/2019 14:36,datasets/dataset_cropped/10_Metas/09/14/20191009143600_00160.jpg,datasets_flow/dataset_cropped/10_Metas/09/14/20191009143600_00160.jpg,datasets_cloudmask/dataset_cropped/10_Metas/09/14/20191009143600_00160.png,658.1,865,84.3,28.2,960
10/9/2019 14:37,datasets/dataset_cropped/10_Metas/09/14/20191009143700_00160.jpg,datasets_flow/dataset_cropped/10_Metas/09/14/20191009143700_00160.jpg,datasets_cloudmask/dataset_cropped/10_Metas/09/14/20191009143700_00160.png,656.6,866,83.8,28.2,960
10/9/2019 14:38,datasets/dataset_cropped/10_Metas/09/14/20191009143800_00160.jpg,datasets_flow/dataset_cropped/10_Metas/09/14/20191009143800_00160.jpg,datasets_cloudmask/dataset_cropped/10_Metas/09/14/20191009143800_00160.png,655.1,865,84,28.2,960
10/9/2019 14:39,datasets/dataset_cropped/10_Metas/09/14/20191009143900_00160.jpg,datasets_flow/dataset_cropped/10_Metas/09/14/20191009143900_00160.jpg,datasets_cloudmask/dataset_cropped/10_Metas/09/14/20191009143900_00160.png,653.8,865,83.9,28.4,960
10/9/2019 14:40,datasets/dataset_cropped/10_Metas/09/14/20191009144000_00160.jpg,datasets_flow/dataset_cropped/10_Metas/09/14/20191009144000_00160.jpg,datasets_cloudmask/dataset_cropped/10_Metas/09/14/20191009144000_00160.png,651.9,863,83.9,28.5,960
10/9/2019 14:41,datasets/dataset_cropped/10_Metas/09/14/20191009144100_00160.jpg,datasets_flow/dataset_cropped/10_Metas/09/14/20191009144100_00160.jpg,datasets_cloudmask/dataset_cropped/10_Metas/09/14/20191009144100_00160.png,648.9,861,83.5,28.6,960
10/9/2019 14:42,datasets/dataset_cropped/10_Metas/09/14/20191009144200_00160.jpg,datasets_flow/dataset_cropped/10_Metas/09/14/20191009144200_00160.jpg,datasets_cloudmask/dataset_cropped/10_Metas/09/14/20191009144200_00160.png,646.4,859,82.9,28.5,960
10/9/2019 14:43,datasets/dataset_cropped/10_Metas/09/14/20191009144300_00160.jpg,datasets_flow/dataset_cropped/10_Metas/09/14/20191009144300_00160.jpg,datasets_cloudmask/dataset_cropped/10_Metas/09/14/20191009144300_00160.png,644.4,857,82.8,28.7,960
10/9/2019 14:44,datasets/dataset_cropped/10_Metas/09/14/20191009144400_00160.jpg,datasets_flow/dataset_cropped/10_Metas/09/14/20191009144400_00160.jpg,datasets_cloudmask/dataset_cropped/10_Metas/09/14/20191009144400_00160.png,643.2,857,82.7,28.9,960
10/9/2019 14:45,datasets/dataset_cropped/10_Metas/09/14/20191009144500_00160.jpg,datasets_flow/dataset_cropped/10_Metas/09/14/20191009144500_00160.jpg,datasets_cloudmask/dataset_cropped/10_Metas/09/14/20191009144500_00160.png,642.3,858,82.6,28.6,960
10/9/2019 14:46,datasets/dataset_cropped/10_Metas/09/14/20191009144600_00160.jpg,datasets_flow/dataset_cropped/10_Metas/09/14/20191009144600_00160.jpg,datasets_cloudmask/dataset_cropped/10_Metas/09/14/20191009144600_00160.png,640.9,858,82.5,28.6,960
10/9/2019 14:47,datasets/dataset_cropped/10_Metas/09/14/20191009144700_00160.jpg,datasets_flow/dataset_cropped/10_Metas/09/14/20191009144700_00160.jpg,datasets_cloudmask/dataset_cropped/10_Metas/09/14/20191009144700_00160.png,639.8,859,82.5,28.6,960
10/9/2019 14:48,datasets/dataset_cropped/10_Metas/09/14/20191009144800_00160.jpg,datasets_flow/dataset_cropped/10_Metas/09/14/20191009144800_00160.jpg,datasets_cloudmask/dataset_cropped/10_Metas/09/14/20191009144800_00160.png,638.4,859,83.2,28.5,960
10/9/2019 14:49,datasets/dataset_cropped/10_Metas/09/14/20191009144900_00160.jpg,datasets_flow/dataset_cropped/10_Metas/09/14/20191009144900_00160.jpg,datasets_cloudmask/dataset_cropped/10_Metas/09/14/20191009144900_00160.png,635.9,858,82.9,28.6,960
10/9/2019 14:50,datasets/dataset_cropped/10_Metas/09/14/20191009145000_00160.jpg,datasets_flow/dataset_cropped/10_Metas/09/14/20191009145000_00160.jpg,datasets_cloudmask/dataset_cropped/10_Metas/09/14/20191009145000_00160.png,633.4,856,82.8,28.5,960
10/9/2019 14:51,datasets/dataset_cropped/10_Metas/09/14/20191009145100_00160.jpg,datasets_flow/dataset_cropped/10_Metas/09/14/20191009145100_00160.jpg,datasets_cloudmask/dataset_cropped/10_Metas/09/14/20191009145100_00160.png,630.4,853,82.6,28.5,960
10/9/2019 14:52,datasets/dataset_cropped/10_Metas/09/14/20191009145200_00160.jpg,datasets_flow/dataset_cropped/10_Metas/09/14/20191009145200_00160.jpg,datasets_cloudmask/dataset_cropped/10_Metas/09/14/20191009145200_00160.png,627.9,852,82.4,28.6,960
10/9/2019 14:53,datasets/dataset_cropped/10_Metas/09/14/20191009145300_00160.jpg,datasets_flow/dataset_cropped/10_Metas/09/14/20191009145300_00160.jpg,datasets_cloudmask/dataset_cropped/10_Metas/09/14/20191009145300_00160.png,626.7,851,82.6,28.6,960
10/9/2019 14:54,datasets/dataset_cropped/10_Metas/09/14/20191009145400_00160.jpg,datasets_flow/dataset_cropped/10_Metas/09/14/20191009145400_00160.jpg,datasets_cloudmask/dataset_cropped/10_Metas/09/14/20191009145400_00160.png,625.5,853,82.1,28.3,960
10/9/2019 14:55,datasets/dataset_cropped/10_Metas/09/14/20191009145500_00160.jpg,datasets_flow/dataset_cropped/10_Metas/09/14/20191009145500_00160.jpg,datasets_cloudmask/dataset_cropped/10_Metas/09/14/20191009145500_00160.png,624.4,853,81.8,28.3,960
10/9/2019 14:56,datasets/dataset_cropped/10_Metas/09/14/20191009145600_00160.jpg,datasets_flow/dataset_cropped/10_Metas/09/14/20191009145600_00160.jpg,datasets_cloudmask/dataset_cropped/10_Metas/09/14/20191009145600_00160.png,622.1,853,81.8,28.2,960
10/9/2019 14:57,datasets/dataset_cropped/10_Metas/09/14/20191009145700_00160.jpg,datasets_flow/dataset_cropped/10_Metas/09/14/20191009145700_00160.jpg,datasets_cloudmask/dataset_cropped/10_Metas/09/14/20191009145700_00160.png,620.1,852,82.2,28.2,960
10/9/2019 14:58,datasets/dataset_cropped/10_Metas/09/14/20191009145800_00160.jpg,datasets_flow/dataset_cropped/10_Metas/09/14/20191009145800_00160.jpg,datasets_cloudmask/dataset_cropped/10_Metas/09/14/20191009145800_00160.png,618.1,851,82.3,28.4,960
10/9/2019 14:59,datasets/dataset_cropped/10_Metas/09/14/20191009145900_00160.jpg,datasets_flow/dataset_cropped/10_Metas/09/14/20191009145900_00160.jpg,datasets_cloudmask/dataset_cropped/10_Metas/09/14/20191009145900_00160.png,614.8,848,81.9,28.3,960
10/9/2019 15:00,datasets/dataset_cropped/10_Metas/09/15/20191009150000_00160.jpg,datasets_flow/dataset_cropped/10_Metas/09/15/20191009150000_00160.jpg,datasets_cloudmask/dataset_cropped/10_Metas/09/15/20191009150000_00160.png,612.2,846,81.8,28.2,960
10/9/2019 15:01,datasets/dataset_cropped/10_Metas/09/15/20191009150100_00160.jpg,datasets_flow/dataset_cropped/10_Metas/09/15/20191009150100_00160.jpg,datasets_cloudmask/dataset_cropped/10_Metas/09/15/20191009150100_00160.png,610.4,846,81.9,28.1,960
10/9/2019 15:02,datasets/dataset_cropped/10_Metas/09/15/20191009150200_00160.jpg,datasets_flow/dataset_cropped/10_Metas/09/15/20191009150200_00160.jpg,datasets_cloudmask/dataset_cropped/10_Metas/09/15/20191009150200_00160.png,608.5,846,82,28.1,960
10/9/2019 15:03,datasets/dataset_cropped/10_Metas/09/15/20191009150300_00160.jpg,datasets_flow/dataset_cropped/10_Metas/09/15/20191009150300_00160.jpg,datasets_cloudmask/dataset_cropped/10_Metas/09/15/20191009150300_00160.png,606.8,846,81.6,28.2,960
10/9/2019 15:04,datasets/dataset_cropped/10_Metas/09/15/20191009150400_00160.jpg,datasets_flow/dataset_cropped/10_Metas/09/15/20191009150400_00160.jpg,datasets_cloudmask/dataset_cropped/10_Metas/09/15/20191009150400_00160.png,605.5,846,81.5,28.2,960
10/9/2019 15:05,datasets/dataset_cropped/10_Metas/09/15/20191009150500_00160.jpg,datasets_flow/dataset_cropped/10_Metas/09/15/20191009150500_00160.jpg,datasets_cloudmask/dataset_cropped/10_Metas/09/15/20191009150500_00160.png,604.5,848,81.5,28.2,960
10/9/2019 15:06,datasets/dataset_cropped/10_Metas/09/15/20191009150600_00160.jpg,datasets_flow/dataset_cropped/10_Metas/09/15/20191009150600_00160.jpg,datasets_cloudmask/dataset_cropped/10_Metas/09/15/20191009150600_00160.png,602.5,848,81.4,28.3,960
10/9/2019 15:07,datasets/dataset_cropped/10_Metas/09/15/20191009150700_00160.jpg,datasets_flow/dataset_cropped/10_Metas/09/15/20191009150700_00160.jpg,datasets_cloudmask/dataset_cropped/10_Metas/09/15/20191009150700_00160.png,600.2,847,81.1,28.5,960
10/9/2019 15:08,datasets/dataset_cropped/10_Metas/09/15/20191009150800_00160.jpg,datasets_flow/dataset_cropped/10_Metas/09/15/20191009150800_00160.jpg,datasets_cloudmask/dataset_cropped/10_Metas/09/15/20191009150800_00160.png,597.5,845,81,28.6,960
10/9/2019 15:09,datasets/dataset_cropped/10_Metas/09/15/20191009150900_00160.jpg,datasets_flow/dataset_cropped/10_Metas/09/15/20191009150900_00160.jpg,datasets_cloudmask/dataset_cropped/10_Metas/09/15/20191009150900_00160.png,595,844,80.8,28.3,960
10/9/2019 15:10,datasets/dataset_cropped/10_Metas/09/15/20191009151000_00160.jpg,datasets_flow/dataset_cropped/10_Metas/09/15/20191009151000_00160.jpg,datasets_cloudmask/dataset_cropped/10_Metas/09/15/20191009151000_00160.png,592.1,841,80.4,28.4,960
10/9/2019 15:11,datasets/dataset_cropped/10_Metas/09/15/20191009151100_00160.jpg,datasets_flow/dataset_cropped/10_Metas/09/15/20191009151100_00160.jpg,datasets_cloudmask/dataset_cropped/10_Metas/09/15/20191009151100_00160.png,590.3,841,80.3,28.4,960
10/9/2019 15:12,datasets/dataset_cropped/10_Metas/09/15/20191009151200_00160.jpg,datasets_flow/dataset_cropped/10_Metas/09/15/20191009151200_00160.jpg,datasets_cloudmask/dataset_cropped/10_Metas/09/15/20191009151200_00160.png,589.1,841,80.2,28.4,960
10/9/2019 15:13,datasets/dataset_cropped/10_Metas/09/15/20191009151300_00160.jpg,datasets_flow/dataset_cropped/10_Metas/09/15/20191009151300_00160.jpg,datasets_cloudmask/dataset_cropped/10_Metas/09/15/20191009151300_00160.png,587.5,841,80.1,28.2,960
10/9/2019 15:14,datasets/dataset_cropped/10_Metas/09/15/20191009151400_00160.jpg,datasets_flow/dataset_cropped/10_Metas/09/15/20191009151400_00160.jpg,datasets_cloudmask/dataset_cropped/10_Metas/09/15/20191009151400_00160.png,586.2,843,80,28.2,960
10/9/2019 15:15,datasets/dataset_cropped/10_Metas/09/15/20191009151500_00160.jpg,datasets_flow/dataset_cropped/10_Metas/09/15/20191009151500_00160.jpg,datasets_cloudmask/dataset_cropped/10_Metas/09/15/20191009151500_00160.png,584.3,843,79.6,28.2,960
10/9/2019 15:16,datasets/dataset_cropped/10_Metas/09/15/20191009151600_00160.jpg,datasets_flow/dataset_cropped/10_Metas/09/15/20191009151600_00160.jpg,datasets_cloudmask/dataset_cropped/10_Metas/09/15/20191009151600_00160.png,581.9,842,79.5,27.9,960
10/9/2019 15:17,datasets/dataset_cropped/10_Metas/09/15/20191009151700_00160.jpg,datasets_flow/dataset_cropped/10_Metas/09/15/20191009151700_00160.jpg,datasets_cloudmask/dataset_cropped/10_Metas/09/15/20191009151700_00160.png,579.3,841,79.3,28,960
10/9/2019 15:18,datasets/dataset_cropped/10_Metas/09/15/20191009151800_00160.jpg,datasets_flow/dataset_cropped/10_Metas/09/15/20191009151800_00160.jpg,datasets_cloudmask/dataset_cropped/10_Metas/09/15/20191009151800_00160.png,576.9,840,79.1,28.2,960
10/9/2019 15:19,datasets/dataset_cropped/10_Metas/09/15/20191009151900_00160.jpg,datasets_flow/dataset_cropped/10_Metas/09/15/20191009151900_00160.jpg,datasets_cloudmask/dataset_cropped/10_Metas/09/15/20191009151900_00160.png,574.4,838,79.3,28.3,960
10/9/2019 15:20,datasets/dataset_cropped/10_Metas/09/15/20191009152000_00160.jpg,datasets_flow/dataset_cropped/10_Metas/09/15/20191009152000_00160.jpg,datasets_cloudmask/dataset_cropped/10_Metas/09/15/20191009152000_00160.png,571.4,836,79.4,28.4,960
10/9/2019 15:21,datasets/dataset_cropped/10_Metas/09/15/20191009152100_00160.jpg,datasets_flow/dataset_cropped/10_Metas/09/15/20191009152100_00160.jpg,datasets_cloudmask/dataset_cropped/10_Metas/09/15/20191009152100_00160.png,568.6,835,79.4,28.4,960
10/9/2019 15:22,datasets/dataset_cropped/10_Metas/09/15/20191009152200_00160.jpg,datasets_flow/dataset_cropped/10_Metas/09/15/20191009152200_00160.jpg,datasets_cloudmask/dataset_cropped/10_Metas/09/15/20191009152200_00160.png,565.5,833,79,28.4,960
10/9/2019 15:23,datasets/dataset_cropped/10_Metas/09/15/20191009152300_00160.jpg,datasets_flow/dataset_cropped/10_Metas/09/15/20191009152300_00160.jpg,datasets_cloudmask/dataset_cropped/10_Metas/09/15/20191009152300_00160.png,562.7,830,79,28.5,960
10/9/2019 15:24,datasets/dataset_cropped/10_Metas/09/15/20191009152400_00160.jpg,datasets_flow/dataset_cropped/10_Metas/09/15/20191009152400_00160.jpg,datasets_cloudmask/dataset_cropped/10_Metas/09/15/20191009152400_00160.png,559.3,827,78.6,28.5,960
10/9/2019 15:25,datasets/dataset_cropped/10_Metas/09/15/20191009152500_00160.jpg,datasets_flow/dataset_cropped/10_Metas/09/15/20191009152500_00160.jpg,datasets_cloudmask/dataset_cropped/10_Metas/09/15/20191009152500_00160.png,557.4,827,78.6,28.4,960
10/9/2019 15:26,datasets/dataset_cropped/10_Metas/09/15/20191009152600_00160.jpg,datasets_flow/dataset_cropped/10_Metas/09/15/20191009152600_00160.jpg,datasets_cloudmask/dataset_cropped/10_Metas/09/15/20191009152600_00160.png,555.6,827,78.8,28.1,960
10/9/2019 15:27,datasets/dataset_cropped/10_Metas/09/15/20191009152700_00160.jpg,datasets_flow/dataset_cropped/10_Metas/09/15/20191009152700_00160.jpg,datasets_cloudmask/dataset_cropped/10_Metas/09/15/20191009152700_00160.png,552.8,826,78.5,28.1,960
10/9/2019 15:28,datasets/dataset_cropped/10_Metas/09/15/20191009152800_00160.jpg,datasets_flow/dataset_cropped/10_Metas/09/15/20191009152800_00160.jpg,datasets_cloudmask/dataset_cropped/10_Metas/09/15/20191009152800_00160.png,550.5,825,78.6,28.2,960
10/9/2019 15:29,datasets/dataset_cropped/10_Metas/09/15/20191009152900_00160.jpg,datasets_flow/dataset_cropped/10_Metas/09/15/20191009152900_00160.jpg,datasets_cloudmask/dataset_cropped/10_Metas/09/15/20191009152900_00160.png,547.7,824,78.5,28.1,960
10/9/2019 15:30,datasets/dataset_cropped/10_Metas/09/15/20191009153000_00160.jpg,datasets_flow/dataset_cropped/10_Metas/09/15/20191009153000_00160.jpg,datasets_cloudmask/dataset_cropped/10_Metas/09/15/20191009153000_00160.png,545,822,78.4,28.1,960
10/9/2019 15:31,datasets/dataset_cropped/10_Metas/09/15/20191009153100_00160.jpg,datasets_flow/dataset_cropped/10_Metas/09/15/20191009153100_00160.jpg,datasets_cloudmask/dataset_cropped/10_Metas/09/15/20191009153100_00160.png,543.1,822,78.1,28.2,960
10/9/2019 15:32,datasets/dataset_cropped/10_Metas/09/15/20191009153200_00160.jpg,datasets_flow/dataset_cropped/10_Metas/09/15/20191009153200_00160.jpg,datasets_cloudmask/dataset_cropped/10_Metas/09/15/20191009153200_00160.png,541.1,821,78.2,28.2,960
10/9/2019 15:33,datasets/dataset_cropped/10_Metas/09/15/20191009153300_00160.jpg,datasets_flow/dataset_cropped/10_Metas/09/15/20191009153300_00160.jpg,datasets_cloudmask/dataset_cropped/10_Metas/09/15/20191009153300_00160.png,538.7,820,78.1,28.3,960
10/9/2019 15:34,datasets/dataset_cropped/10_Metas/09/15/20191009153400_00160.jpg,datasets_flow/dataset_cropped/10_Metas/09/15/20191009153400_00160.jpg,datasets_cloudmask/dataset_cropped/10_Metas/09/15/20191009153400_00160.png,535.4,818,78.3,28.1,960
10/9/2019 15:35,datasets/dataset_cropped/10_Metas/09/15/20191009153500_00160.jpg,datasets_flow/dataset_cropped/10_Metas/09/15/20191009153500_00160.jpg,datasets_cloudmask/dataset_cropped/10_Metas/09/15/20191009153500_00160.png,532.2,815,78.3,27.8,960
10/9/2019 15:36,datasets/dataset_cropped/10_Metas/09/15/20191009153600_00160.jpg,datasets_flow/dataset_cropped/10_Metas/09/15/20191009153600_00160.jpg,datasets_cloudmask/dataset_cropped/10_Metas/09/15/20191009153600_00160.png,529.3,813,78.2,27.7,960
10/9/2019 15:37,datasets/dataset_cropped/10_Metas/09/15/20191009153700_00160.jpg,datasets_flow/dataset_cropped/10_Metas/09/15/20191009153700_00160.jpg,datasets_cloudmask/dataset_cropped/10_Metas/09/15/20191009153700_00160.png,526.9,811,78.3,28,960
10/9/2019 15:38,datasets/dataset_cropped/10_Metas/09/15/20191009153800_00160.jpg,datasets_flow/dataset_cropped/10_Metas/09/15/20191009153800_00160.jpg,datasets_cloudmask/dataset_cropped/10_Metas/09/15/20191009153800_00160.png,524.2,810,78.4,27.8,960
10/9/2019 15:39,datasets/dataset_cropped/10_Metas/09/15/20191009153900_00160.jpg,datasets_flow/dataset_cropped/10_Metas/09/15/20191009153900_00160.jpg,datasets_cloudmask/dataset_cropped/10_Metas/09/15/20191009153900_00160.png,521.3,808,78.7,27.5,960
10/9/2019 15:40,datasets/dataset_cropped/10_Metas/09/15/20191009154000_00160.jpg,datasets_flow/dataset_cropped/10_Metas/09/15/20191009154000_00160.jpg,datasets_cloudmask/dataset_cropped/10_Metas/09/15/20191009154000_00160.png,519.3,808,78.4,27.5,960
10/9/2019 15:41,datasets/dataset_cropped/10_Metas/09/15/20191009154100_00160.jpg,datasets_flow/dataset_cropped/10_Metas/09/15/20191009154100_00160.jpg,datasets_cloudmask/dataset_cropped/10_Metas/09/15/20191009154100_00160.png,516.5,807,78.3,27.6,960
10/9/2019 15:42,datasets/dataset_cropped/10_Metas/09/15/20191009154200_00160.jpg,datasets_flow/dataset_cropped/10_Metas/09/15/20191009154200_00160.jpg,datasets_cloudmask/dataset_cropped/10_Metas/09/15/20191009154200_00160.png,513.6,805,78.3,27.5,960
10/9/2019 15:43,datasets/dataset_cropped/10_Metas/09/15/20191009154300_00160.jpg,datasets_flow/dataset_cropped/10_Metas/09/15/20191009154300_00160.jpg,datasets_cloudmask/dataset_cropped/10_Metas/09/15/20191009154300_00160.png,510.7,803,78.2,27.6,960
10/9/2019 15:44,datasets/dataset_cropped/10_Metas/09/15/20191009154400_00160.jpg,datasets_flow/dataset_cropped/10_Metas/09/15/20191009154400_00160.jpg,datasets_cloudmask/dataset_cropped/10_Metas/09/15/20191009154400_00160.png,507.5,801,78,27.6,960
10/9/2019 15:45,datasets/dataset_cropped/10_Metas/09/15/20191009154500_00160.jpg,datasets_flow/dataset_cropped/10_Metas/09/15/20191009154500_00160.jpg,datasets_cloudmask/dataset_cropped/10_Metas/09/15/20191009154500_00160.png,504.8,799.3,78,27.4,960
10/9/2019 15:46,datasets/dataset_cropped/10_Metas/09/15/20191009154600_00160.jpg,datasets_flow/dataset_cropped/10_Metas/09/15/20191009154600_00160.jpg,datasets_cloudmask/dataset_cropped/10_Metas/09/15/20191009154600_00160.png,502.2,798.2,78,27.6,960
10/9/2019 15:47,datasets/dataset_cropped/10_Metas/09/15/20191009154700_00160.jpg,datasets_flow/dataset_cropped/10_Metas/09/15/20191009154700_00160.jpg,datasets_cloudmask/dataset_cropped/10_Metas/09/15/20191009154700_00160.png,499.5,797,77.5,27.8,960
10/9/2019 15:48,datasets/dataset_cropped/10_Metas/09/15/20191009154800_00160.jpg,datasets_flow/dataset_cropped/10_Metas/09/15/20191009154800_00160.jpg,datasets_cloudmask/dataset_cropped/10_Metas/09/15/20191009154800_00160.png,496.5,794.7,77.3,27.9,960
10/9/2019 15:49,datasets/dataset_cropped/10_Metas/09/15/20191009154900_00160.jpg,datasets_flow/dataset_cropped/10_Metas/09/15/20191009154900_00160.jpg,datasets_cloudmask/dataset_cropped/10_Metas/09/15/20191009154900_00160.png,493.6,792.5,77.7,27.9,960
10/9/2019 15:50,datasets/dataset_cropped/10_Metas/09/15/20191009155000_00160.jpg,datasets_flow/dataset_cropped/10_Metas/09/15/20191009155000_00160.jpg,datasets_cloudmask/dataset_cropped/10_Metas/09/15/20191009155000_00160.png,491.3,792,77.8,27.9,960
10/9/2019 15:51,datasets/dataset_cropped/10_Metas/09/15/20191009155100_00160.jpg,datasets_flow/dataset_cropped/10_Metas/09/15/20191009155100_00160.jpg,datasets_cloudmask/dataset_cropped/10_Metas/09/15/20191009155100_00160.png,488.8,790.7,78.1,27.7,960
10/9/2019 15:52,datasets/dataset_cropped/10_Metas/09/15/20191009155200_00160.jpg,datasets_flow/dataset_cropped/10_Metas/09/15/20191009155200_00160.jpg,datasets_cloudmask/dataset_cropped/10_Metas/09/15/20191009155200_00160.png,485.6,788.4,78.3,27.6,960
10/9/2019 15:53,datasets/dataset_cropped/10_Metas/09/15/20191009155300_00160.jpg,datasets_flow/dataset_cropped/10_Metas/09/15/20191009155300_00160.jpg,datasets_cloudmask/dataset_cropped/10_Metas/09/15/20191009155300_00160.png,481.5,784.2,77.8,27.6,960
10/9/2019 15:54,datasets/dataset_cropped/10_Metas/09/15/20191009155400_00160.jpg,datasets_flow/dataset_cropped/10_Metas/09/15/20191009155400_00160.jpg,datasets_cloudmask/dataset_cropped/10_Metas/09/15/20191009155400_00160.png,477.8,780.3,77.7,27.8,960
10/9/2019 15:55,datasets/dataset_cropped/10_Metas/09/15/20191009155500_00160.jpg,datasets_flow/dataset_cropped/10_Metas/09/15/20191009155500_00160.jpg,datasets_cloudmask/dataset_cropped/10_Metas/09/15/20191009155500_00160.png,475,778.5,77.5,27.9,960
10/9/2019 15:56,datasets/dataset_cropped/10_Metas/09/15/20191009155600_00160.jpg,datasets_flow/dataset_cropped/10_Metas/09/15/20191009155600_00160.jpg,datasets_cloudmask/dataset_cropped/10_Metas/09/15/20191009155600_00160.png,472.3,776.6,77.6,27.8,960
10/9/2019 15:57,datasets/dataset_cropped/10_Metas/09/15/20191009155700_00160.jpg,datasets_flow/dataset_cropped/10_Metas/09/15/20191009155700_00160.jpg,datasets_cloudmask/dataset_cropped/10_Metas/09/15/20191009155700_00160.png,469.7,775.3,77.6,27.7,960
10/9/2019 15:58,datasets/dataset_cropped/10_Metas/09/15/20191009155800_00160.jpg,datasets_flow/dataset_cropped/10_Metas/09/15/20191009155800_00160.jpg,datasets_cloudmask/dataset_cropped/10_Metas/09/15/20191009155800_00160.png,467.3,774.8,77.7,27.7,960
10/9/2019 15:59,datasets/dataset_cropped/10_Metas/09/15/20191009155900_00160.jpg,datasets_flow/dataset_cropped/10_Metas/09/15/20191009155900_00160.jpg,datasets_cloudmask/dataset_cropped/10_Metas/09/15/20191009155900_00160.png,464.8,774.1,77.7,27.4,960
10/9/2019 16:00,datasets/dataset_cropped/10_Metas/09/16/20191009160000_00160.jpg,datasets_flow/dataset_cropped/10_Metas/09/16/20191009160000_00160.jpg,datasets_cloudmask/dataset_cropped/10_Metas/09/16/20191009160000_00160.png,462.1,773.2,77.4,27.6,960
10/9/2019 16:01,datasets/dataset_cropped/10_Metas/09/16/20191009160100_00160.jpg,datasets_flow/dataset_cropped/10_Metas/09/16/20191009160100_00160.jpg,datasets_cloudmask/dataset_cropped/10_Metas/09/16/20191009160100_00160.png,459.5,772.2,77.2,27.5,960
10/9/2019 16:02,datasets/dataset_cropped/10_Metas/09/16/20191009160200_00160.jpg,datasets_flow/dataset_cropped/10_Metas/09/16/20191009160200_00160.jpg,datasets_cloudmask/dataset_cropped/10_Metas/09/16/20191009160200_00160.png,456.5,769.8,77.4,27.4,960
10/9/2019 16:03,datasets/dataset_cropped/10_Metas/09/16/20191009160300_00160.jpg,datasets_flow/dataset_cropped/10_Metas/09/16/20191009160300_00160.jpg,datasets_cloudmask/dataset_cropped/10_Metas/09/16/20191009160300_00160.png,453.9,768.6,77.5,27.5,960
10/9/2019 16:04,datasets/dataset_cropped/10_Metas/09/16/20191009160400_00160.jpg,datasets_flow/dataset_cropped/10_Metas/09/16/20191009160400_00160.jpg,datasets_cloudmask/dataset_cropped/10_Metas/09/16/20191009160400_00160.png,451.5,767.6,77.2,27.8,960
10/9/2019 16:05,datasets/dataset_cropped/10_Metas/09/16/20191009160500_00160.jpg,datasets_flow/dataset_cropped/10_Metas/09/16/20191009160500_00160.jpg,datasets_cloudmask/dataset_cropped/10_Metas/09/16/20191009160500_00160.png,448.1,764.7,77.2,28.1,960
10/9/2019 16:06,datasets/dataset_cropped/10_Metas/09/16/20191009160600_00160.jpg,datasets_flow/dataset_cropped/10_Metas/09/16/20191009160600_00160.jpg,datasets_cloudmask/dataset_cropped/10_Metas/09/16/20191009160600_00160.png,444.7,762,77.1,28,960
10/9/2019 16:07,datasets/dataset_cropped/10_Metas/09/16/20191009160700_00160.jpg,datasets_flow/dataset_cropped/10_Metas/09/16/20191009160700_00160.jpg,datasets_cloudmask/dataset_cropped/10_Metas/09/16/20191009160700_00160.png,441.1,758.2,76.9,27.8,960
10/9/2019 16:08,datasets/dataset_cropped/10_Metas/09/16/20191009160800_00160.jpg,datasets_flow/dataset_cropped/10_Metas/09/16/20191009160800_00160.jpg,datasets_cloudmask/dataset_cropped/10_Metas/09/16/20191009160800_00160.png,438,755.5,77.1,27.4,960
10/9/2019 16:09,datasets/dataset_cropped/10_Metas/09/16/20191009160900_00160.jpg,datasets_flow/dataset_cropped/10_Metas/09/16/20191009160900_00160.jpg,datasets_cloudmask/dataset_cropped/10_Metas/09/16/20191009160900_00160.png,435,754.5,76.7,27.4,960
10/9/2019 16:10,datasets/dataset_cropped/10_Metas/09/16/20191009161000_00160.jpg,datasets_flow/dataset_cropped/10_Metas/09/16/20191009161000_00160.jpg,datasets_cloudmask/dataset_cropped/10_Metas/09/16/20191009161000_00160.png,432.2,753,76.4,27.3,960
10/9/2019 16:11,datasets/dataset_cropped/10_Metas/09/16/20191009161100_00160.jpg,datasets_flow/dataset_cropped/10_Metas/09/16/20191009161100_00160.jpg,datasets_cloudmask/dataset_cropped/10_Metas/09/16/20191009161100_00160.png,430.2,753.5,76.3,27.4,960
10/9/2019 16:12,datasets/dataset_cropped/10_Metas/09/16/20191009161200_00160.jpg,datasets_flow/dataset_cropped/10_Metas/09/16/20191009161200_00160.jpg,datasets_cloudmask/dataset_cropped/10_Metas/09/16/20191009161200_00160.png,427.1,751.6,76.2,27.5,960
10/9/2019 16:13,datasets/dataset_cropped/10_Metas/09/16/20191009161300_00160.jpg,datasets_flow/dataset_cropped/10_Metas/09/16/20191009161300_00160.jpg,datasets_cloudmask/dataset_cropped/10_Metas/09/16/20191009161300_00160.png,423.7,749.3,76.1,27.4,960
10/9/2019 16:14,datasets/dataset_cropped/10_Metas/09/16/20191009161400_00160.jpg,datasets_flow/dataset_cropped/10_Metas/09/16/20191009161400_00160.jpg,datasets_cloudmask/dataset_cropped/10_Metas/09/16/20191009161400_00160.png,420.7,747.3,76.2,27.4,960
10/9/2019 16:15,datasets/dataset_cropped/10_Metas/09/16/20191009161500_00160.jpg,datasets_flow/dataset_cropped/10_Metas/09/16/20191009161500_00160.jpg,datasets_cloudmask/dataset_cropped/10_Metas/09/16/20191009161500_00160.png,417.4,744.9,75.8,27.7,960
10/9/2019 16:16,datasets/dataset_cropped/10_Metas/09/16/20191009161600_00160.jpg,datasets_flow/dataset_cropped/10_Metas/09/16/20191009161600_00160.jpg,datasets_cloudmask/dataset_cropped/10_Metas/09/16/20191009161600_00160.png,414.1,742.1,75.7,27.9,960
10/9/2019 16:17,datasets/dataset_cropped/10_Metas/09/16/20191009161700_00160.jpg,datasets_flow/dataset_cropped/10_Metas/09/16/20191009161700_00160.jpg,datasets_cloudmask/dataset_cropped/10_Metas/09/16/20191009161700_00160.png,410.8,739.6,75.6,27.6,960
10/9/2019 16:18,datasets/dataset_cropped/10_Metas/09/16/20191009161800_00160.jpg,datasets_flow/dataset_cropped/10_Metas/09/16/20191009161800_00160.jpg,datasets_cloudmask/dataset_cropped/10_Metas/09/16/20191009161800_00160.png,407.8,737.7,75.4,27.4,960
10/9/2019 16:19,datasets/dataset_cropped/10_Metas/09/16/20191009161900_00160.jpg,datasets_flow/dataset_cropped/10_Metas/09/16/20191009161900_00160.jpg,datasets_cloudmask/dataset_cropped/10_Metas/09/16/20191009161900_00160.png,404.5,735.3,75,27.4,960
10/9/2019 16:20,datasets/dataset_cropped/10_Metas/09/16/20191009162000_00160.jpg,datasets_flow/dataset_cropped/10_Metas/09/16/20191009162000_00160.jpg,datasets_cloudmask/dataset_cropped/10_Metas/09/16/20191009162000_00160.png,401.5,733.3,75,27.4,960
10/9/2019 16:21,datasets/dataset_cropped/10_Metas/09/16/20191009162100_00160.jpg,datasets_flow/dataset_cropped/10_Metas/09/16/20191009162100_00160.jpg,datasets_cloudmask/dataset_cropped/10_Metas/09/16/20191009162100_00160.png,398.6,731.8,74.7,27.3,960
10/9/2019 16:22,datasets/dataset_cropped/10_Metas/09/16/20191009162200_00160.jpg,datasets_flow/dataset_cropped/10_Metas/09/16/20191009162200_00160.jpg,datasets_cloudmask/dataset_cropped/10_Metas/09/16/20191009162200_00160.png,395.4,729.6,74.5,27.4,960
10/9/2019 16:23,datasets/dataset_cropped/10_Metas/09/16/20191009162300_00160.jpg,datasets_flow/dataset_cropped/10_Metas/09/16/20191009162300_00160.jpg,datasets_cloudmask/dataset_cropped/10_Metas/09/16/20191009162300_00160.png,393,729.2,74.2,27.4,960
10/9/2019 16:24,datasets/dataset_cropped/10_Metas/09/16/20191009162400_00160.jpg,datasets_flow/dataset_cropped/10_Metas/09/16/20191009162400_00160.jpg,datasets_cloudmask/dataset_cropped/10_Metas/09/16/20191009162400_00160.png,390.1,727.9,74.1,27.5,960
10/9/2019 16:25,datasets/dataset_cropped/10_Metas/09/16/20191009162500_00160.jpg,datasets_flow/dataset_cropped/10_Metas/09/16/20191009162500_00160.jpg,datasets_cloudmask/dataset_cropped/10_Metas/09/16/20191009162500_00160.png,387.2,726.7,73.7,27.2,960
10/9/2019 16:26,datasets/dataset_cropped/10_Metas/09/16/20191009162600_00160.jpg,datasets_flow/dataset_cropped/10_Metas/09/16/20191009162600_00160.jpg,datasets_cloudmask/dataset_cropped/10_Metas/09/16/20191009162600_00160.png,383.9,724.1,73.7,27.1,960
10/9/2019 16:27,datasets/dataset_cropped/10_Metas/09/16/20191009162700_00160.jpg,datasets_flow/dataset_cropped/10_Metas/09/16/20191009162700_00160.jpg,datasets_cloudmask/dataset_cropped/10_Metas/09/16/20191009162700_00160.png,380.7,721.9,73.3,27.2,960
10/9/2019 16:28,datasets/dataset_cropped/10_Metas/09/16/20191009162800_00160.jpg,datasets_flow/dataset_cropped/10_Metas/09/16/20191009162800_00160.jpg,datasets_cloudmask/dataset_cropped/10_Metas/09/16/20191009162800_00160.png,377.5,719.6,72.8,27.2,960
10/9/2019 16:29,datasets/dataset_cropped/10_Metas/09/16/20191009162900_00160.jpg,datasets_flow/dataset_cropped/10_Metas/09/16/20191009162900_00160.jpg,datasets_cloudmask/dataset_cropped/10_Metas/09/16/20191009162900_00160.png,374.1,716.7,72.6,27.2,960
10/9/2019 16:30,datasets/dataset_cropped/10_Metas/09/16/20191009163000_00160.jpg,datasets_flow/dataset_cropped/10_Metas/09/16/20191009163000_00160.jpg,datasets_cloudmask/dataset_cropped/10_Metas/09/16/20191009163000_00160.png,370.4,710.7,73.3,27.5,959
10/9/2019 16:31,datasets/dataset_cropped/10_Metas/09/16/20191009163100_00160.jpg,datasets_flow/dataset_cropped/10_Metas/09/16/20191009163100_00160.jpg,datasets_cloudmask/dataset_cropped/10_Metas/09/16/20191009163100_00160.png,367.7,711.5,72.4,27.6,960
10/9/2019 16:32,datasets/dataset_cropped/10_Metas/09/16/20191009163200_00160.jpg,datasets_flow/dataset_cropped/10_Metas/09/16/20191009163200_00160.jpg,datasets_cloudmask/dataset_cropped/10_Metas/09/16/20191009163200_00160.png,364.4,708.7,72.3,27.6,959
10/9/2019 16:33,datasets/dataset_cropped/10_Metas/09/16/20191009163300_00160.jpg,datasets_flow/dataset_cropped/10_Metas/09/16/20191009163300_00160.jpg,datasets_cloudmask/dataset_cropped/10_Metas/09/16/20191009163300_00160.png,361.2,707,72,27.4,959
10/9/2019 16:34,datasets/dataset_cropped/10_Metas/09/16/20191009163400_00160.jpg,datasets_flow/dataset_cropped/10_Metas/09/16/20191009163400_00160.jpg,datasets_cloudmask/dataset_cropped/10_Metas/09/16/20191009163400_00160.png,358.7,705.9,71.8,27.5,960
10/9/2019 16:35,datasets/dataset_cropped/10_Metas/09/16/20191009163500_00160.jpg,datasets_flow/dataset_cropped/10_Metas/09/16/20191009163500_00160.jpg,datasets_cloudmask/dataset_cropped/10_Metas/09/16/20191009163500_00160.png,356.1,706.4,71,27.4,960
10/9/2019 16:36,datasets/dataset_cropped/10_Metas/09/16/20191009163600_00160.jpg,datasets_flow/dataset_cropped/10_Metas/09/16/20191009163600_00160.jpg,datasets_cloudmask/dataset_cropped/10_Metas/09/16/20191009163600_00160.png,353,704.7,70.6,27.4,960
10/9/2019 16:37,datasets/dataset_cropped/10_Metas/09/16/20191009163700_00160.jpg,datasets_flow/dataset_cropped/10_Metas/09/16/20191009163700_00160.jpg,datasets_cloudmask/dataset_cropped/10_Metas/09/16/20191009163700_00160.png,349.7,702.3,70.2,27.1,960
10/9/2019 16:38,datasets/dataset_cropped/10_Metas/09/16/20191009163800_00160.jpg,datasets_flow/dataset_cropped/10_Metas/09/16/20191009163800_00160.jpg,datasets_cloudmask/dataset_cropped/10_Metas/09/16/20191009163800_00160.png,345.7,697.3,70,27,960
10/9/2019 16:39,datasets/dataset_cropped/10_Metas/09/16/20191009163900_00160.jpg,datasets_flow/dataset_cropped/10_Metas/09/16/20191009163900_00160.jpg,datasets_cloudmask/dataset_cropped/10_Metas/09/16/20191009163900_00160.png,342.8,695.4,69.7,26.9,960
10/9/2019 16:40,datasets/dataset_cropped/10_Metas/09/16/20191009164000_00160.jpg,datasets_flow/dataset_cropped/10_Metas/09/16/20191009164000_00160.jpg,datasets_cloudmask/dataset_cropped/10_Metas/09/16/20191009164000_00160.png,339.7,693.2,69.4,27,960
10/9/2019 16:41,datasets/dataset_cropped/10_Metas/09/16/20191009164100_00160.jpg,datasets_flow/dataset_cropped/10_Metas/09/16/20191009164100_00160.jpg,datasets_cloudmask/dataset_cropped/10_Metas/09/16/20191009164100_00160.png,337.3,693.4,68.9,26.8,960
10/9/2019 16:42,datasets/dataset_cropped/10_Metas/09/16/20191009164200_00160.jpg,datasets_flow/dataset_cropped/10_Metas/09/16/20191009164200_00160.jpg,datasets_cloudmask/dataset_cropped/10_Metas/09/16/20191009164200_00160.png,334.6,692.7,68.7,26.9,960
10/9/2019 16:43,datasets/dataset_cropped/10_Metas/09/16/20191009164300_00160.jpg,datasets_flow/dataset_cropped/10_Metas/09/16/20191009164300_00160.jpg,datasets_cloudmask/dataset_cropped/10_Metas/09/16/20191009164300_00160.png,331.7,691.2,68.5,27,960
10/9/2019 16:44,datasets/dataset_cropped/10_Metas/09/16/20191009164400_00160.jpg,datasets_flow/dataset_cropped/10_Metas/09/16/20191009164400_00160.jpg,datasets_cloudmask/dataset_cropped/10_Metas/09/16/20191009164400_00160.png,328,687.8,68.2,27,960
10/9/2019 16:45,datasets/dataset_cropped/10_Metas/09/16/20191009164500_00160.jpg,datasets_flow/dataset_cropped/10_Metas/09/16/20191009164500_00160.jpg,datasets_cloudmask/dataset_cropped/10_Metas/09/16/20191009164500_00160.png,324.8,685.3,67.9,27,960
10/9/2019 16:46,datasets/dataset_cropped/10_Metas/09/16/20191009164600_00160.jpg,datasets_flow/dataset_cropped/10_Metas/09/16/20191009164600_00160.jpg,datasets_cloudmask/dataset_cropped/10_Metas/09/16/20191009164600_00160.png,321.4,682.2,67.7,26.9,960
10/9/2019 16:47,datasets/dataset_cropped/10_Metas/09/16/20191009164700_00160.jpg,datasets_flow/dataset_cropped/10_Metas/09/16/20191009164700_00160.jpg,datasets_cloudmask/dataset_cropped/10_Metas/09/16/20191009164700_00160.png,318.2,679.7,67.5,27,960
10/9/2019 16:48,datasets/dataset_cropped/10_Metas/09/16/20191009164800_00160.jpg,datasets_flow/dataset_cropped/10_Metas/09/16/20191009164800_00160.jpg,datasets_cloudmask/dataset_cropped/10_Metas/09/16/20191009164800_00160.png,314.8,676.7,67.3,27.1,960
10/9/2019 16:49,datasets/dataset_cropped/10_Metas/09/16/20191009164900_00160.jpg,datasets_flow/dataset_cropped/10_Metas/09/16/20191009164900_00160.jpg,datasets_cloudmask/dataset_cropped/10_Metas/09/16/20191009164900_00160.png,312,675.1,67,27.2,960
10/9/2019 16:50,datasets/dataset_cropped/10_Metas/09/16/20191009165000_00160.jpg,datasets_flow/dataset_cropped/10_Metas/09/16/20191009165000_00160.jpg,datasets_cloudmask/dataset_cropped/10_Metas/09/16/20191009165000_00160.png,309,672.9,66.7,27.1,960
10/9/2019 16:51,datasets/dataset_cropped/10_Metas/09/16/20191009165100_00160.jpg,datasets_flow/dataset_cropped/10_Metas/09/16/20191009165100_00160.jpg,datasets_cloudmask/dataset_cropped/10_Metas/09/16/20191009165100_00160.png,305.7,670.2,66.4,27,960
10/9/2019 16:52,datasets/dataset_cropped/10_Metas/09/16/20191009165200_00160.jpg,datasets_flow/dataset_cropped/10_Metas/09/16/20191009165200_00160.jpg,datasets_cloudmask/dataset_cropped/10_Metas/09/16/20191009165200_00160.png,302.6,667.6,66.4,26.9,960
10/9/2019 16:53,datasets/dataset_cropped/10_Metas/09/16/20191009165300_00160.jpg,datasets_flow/dataset_cropped/10_Metas/09/16/20191009165300_00160.jpg,datasets_cloudmask/dataset_cropped/10_Metas/09/16/20191009165300_00160.png,299.2,665,66,26.9,960
10/9/2019 16:54,datasets/dataset_cropped/10_Metas/09/16/20191009165400_00160.jpg,datasets_flow/dataset_cropped/10_Metas/09/16/20191009165400_00160.jpg,datasets_cloudmask/dataset_cropped/10_Metas/09/16/20191009165400_00160.png,295.9,662.5,65.4,26.9,960
10/9/2019 16:55,datasets/dataset_cropped/10_Metas/09/16/20191009165500_00160.jpg,datasets_flow/dataset_cropped/10_Metas/09/16/20191009165500_00160.jpg,datasets_cloudmask/dataset_cropped/10_Metas/09/16/20191009165500_00160.png,292.6,659.8,65,26.9,960
10/9/2019 16:56,datasets/dataset_cropped/10_Metas/09/16/20191009165600_00160.jpg,datasets_flow/dataset_cropped/10_Metas/09/16/20191009165600_00160.jpg,datasets_cloudmask/dataset_cropped/10_Metas/09/16/20191009165600_00160.png,289.5,657.4,64.7,26.9,960
10/9/2019 16:57,datasets/dataset_cropped/10_Metas/09/16/20191009165700_00160.jpg,datasets_flow/dataset_cropped/10_Metas/09/16/20191009165700_00160.jpg,datasets_cloudmask/dataset_cropped/10_Metas/09/16/20191009165700_00160.png,286.4,654.9,64.5,26.8,960
10/9/2019 16:58,datasets/dataset_cropped/10_Metas/09/16/20191009165800_00160.jpg,datasets_flow/dataset_cropped/10_Metas/09/16/20191009165800_00160.jpg,datasets_cloudmask/dataset_cropped/10_Metas/09/16/20191009165800_00160.png,283.2,652.9,64.2,26.9,960
10/9/2019 16:59,datasets/dataset_cropped/10_Metas/09/16/20191009165900_00160.jpg,datasets_flow/dataset_cropped/10_Metas/09/16/20191009165900_00160.jpg,datasets_cloudmask/dataset_cropped/10_Metas/09/16/20191009165900_00160.png,279.6,649.3,63.6,27.1,960
10/9/2019 17:00,datasets/dataset_cropped/10_Metas/09/17/20191009170000_00160.jpg,datasets_flow/dataset_cropped/10_Metas/09/17/20191009170000_00160.jpg,datasets_cloudmask/dataset_cropped/10_Metas/09/17/20191009170000_00160.png,275.6,643.9,63.2,27.1,960
10/9/2019 17:01,datasets/dataset_cropped/10_Metas/09/17/20191009170100_00160.jpg,datasets_flow/dataset_cropped/10_Metas/09/17/20191009170100_00160.jpg,datasets_cloudmask/dataset_cropped/10_Metas/09/17/20191009170100_00160.png,272.1,639.4,63.1,26.9,960
10/9/2019 17:02,datasets/dataset_cropped/10_Metas/09/17/20191009170200_00160.jpg,datasets_flow/dataset_cropped/10_Metas/09/17/20191009170200_00160.jpg,datasets_cloudmask/dataset_cropped/10_Metas/09/17/20191009170200_00160.png,269.1,637.3,62.8,26.8,960
10/9/2019 17:03,datasets/dataset_cropped/10_Metas/09/17/20191009170300_00160.jpg,datasets_flow/dataset_cropped/10_Metas/09/17/20191009170300_00160.jpg,datasets_cloudmask/dataset_cropped/10_Metas/09/17/20191009170300_00160.png,265.8,634.1,62.5,26.6,960
10/9/2019 17:04,datasets/dataset_cropped/10_Metas/09/17/20191009170400_00160.jpg,datasets_flow/dataset_cropped/10_Metas/09/17/20191009170400_00160.jpg,datasets_cloudmask/dataset_cropped/10_Metas/09/17/20191009170400_00160.png,262.3,630.7,62,26.5,960
10/9/2019 17:05,datasets/dataset_cropped/10_Metas/09/17/20191009170500_00160.jpg,datasets_flow/dataset_cropped/10_Metas/09/17/20191009170500_00160.jpg,datasets_cloudmask/dataset_cropped/10_Metas/09/17/20191009170500_00160.png,259,627.3,61.6,26.5,960
10/9/2019 17:06,datasets/dataset_cropped/10_Metas/09/17/20191009170600_00160.jpg,datasets_flow/dataset_cropped/10_Metas/09/17/20191009170600_00160.jpg,datasets_cloudmask/dataset_cropped/10_Metas/09/17/20191009170600_00160.png,255.6,623.8,61.3,26.5,960
10/9/2019 17:07,datasets/dataset_cropped/10_Metas/09/17/20191009170700_00160.jpg,datasets_flow/dataset_cropped/10_Metas/09/17/20191009170700_00160.jpg,datasets_cloudmask/dataset_cropped/10_Metas/09/17/20191009170700_00160.png,252.2,620.1,60.9,26.6,960
10/9/2019 17:08,datasets/dataset_cropped/10_Metas/09/17/20191009170800_00160.jpg,datasets_flow/dataset_cropped/10_Metas/09/17/20191009170800_00160.jpg,datasets_cloudmask/dataset_cropped/10_Metas/09/17/20191009170800_00160.png,248.8,616.4,60.6,26.5,960
10/9/2019 17:09,datasets/dataset_cropped/10_Metas/09/17/20191009170900_00160.jpg,datasets_flow/dataset_cropped/10_Metas/09/17/20191009170900_00160.jpg,datasets_cloudmask/dataset_cropped/10_Metas/09/17/20191009170900_00160.png,245.3,612,60.3,26.2,960
10/9/2019 17:10,datasets/dataset_cropped/10_Metas/09/17/20191009171000_00160.jpg,datasets_flow/dataset_cropped/10_Metas/09/17/20191009171000_00160.jpg,datasets_cloudmask/dataset_cropped/10_Metas/09/17/20191009171000_00160.png,241.9,608.1,59.9,26.2,960
10/9/2019 17:11,datasets/dataset_cropped/10_Metas/09/17/20191009171100_00160.jpg,datasets_flow/dataset_cropped/10_Metas/09/17/20191009171100_00160.jpg,datasets_cloudmask/dataset_cropped/10_Metas/09/17/20191009171100_00160.png,238.7,604.6,59.7,26.3,960
10/9/2019 17:12,datasets/dataset_cropped/10_Metas/09/17/20191009171200_00160.jpg,datasets_flow/dataset_cropped/10_Metas/09/17/20191009171200_00160.jpg,datasets_cloudmask/dataset_cropped/10_Metas/09/17/20191009171200_00160.png,235.4,601.6,59.3,26.2,960
10/9/2019 17:13,datasets/dataset_cropped/10_Metas/09/17/20191009171300_00160.jpg,datasets_flow/dataset_cropped/10_Metas/09/17/20191009171300_00160.jpg,datasets_cloudmask/dataset_cropped/10_Metas/09/17/20191009171300_00160.png,232,597.8,58.8,26.2,960
10/9/2019 17:14,datasets/dataset_cropped/10_Metas/09/17/20191009171400_00160.jpg,datasets_flow/dataset_cropped/10_Metas/09/17/20191009171400_00160.jpg,datasets_cloudmask/dataset_cropped/10_Metas/09/17/20191009171400_00160.png,228.8,594.1,58.3,26.2,960
10/9/2019 17:15,datasets/dataset_cropped/10_Metas/09/17/20191009171500_00160.jpg,datasets_flow/dataset_cropped/10_Metas/09/17/20191009171500_00160.jpg,datasets_cloudmask/dataset_cropped/10_Metas/09/17/20191009171500_00160.png,225.6,590.4,58.1,26.2,960
10/9/2019 17:16,datasets/dataset_cropped/10_Metas/09/17/20191009171600_00160.jpg,datasets_flow/dataset_cropped/10_Metas/09/17/20191009171600_00160.jpg,datasets_cloudmask/dataset_cropped/10_Metas/09/17/20191009171600_00160.png,222.1,585.6,57.8,26.3,960
10/9/2019 17:17,datasets/dataset_cropped/10_Metas/09/17/20191009171700_00160.jpg,datasets_flow/dataset_cropped/10_Metas/09/17/20191009171700_00160.jpg,datasets_cloudmask/dataset_cropped/10_Metas/09/17/20191009171700_00160.png,218.6,581.5,57.5,26.3,960
10/9/2019 17:18,datasets/dataset_cropped/10_Metas/09/17/20191009171800_00160.jpg,datasets_flow/dataset_cropped/10_Metas/09/17/20191009171800_00160.jpg,datasets_cloudmask/dataset_cropped/10_Metas/09/17/20191009171800_00160.png,215.3,577.8,57,26.2,960
10/9/2019 17:19,datasets/dataset_cropped/10_Metas/09/17/20191009171900_00160.jpg,datasets_flow/dataset_cropped/10_Metas/09/17/20191009171900_00160.jpg,datasets_cloudmask/dataset_cropped/10_Metas/09/17/20191009171900_00160.png,212.1,574,56.5,26.2,960
10/9/2019 17:20,datasets/dataset_cropped/10_Metas/09/17/20191009172000_00160.jpg,datasets_flow/dataset_cropped/10_Metas/09/17/20191009172000_00160.jpg,datasets_cloudmask/dataset_cropped/10_Metas/09/17/20191009172000_00160.png,209,570.3,56.2,26.1,960
10/9/2019 17:21,datasets/dataset_cropped/10_Metas/09/17/20191009172100_00160.jpg,datasets_flow/dataset_cropped/10_Metas/09/17/20191009172100_00160.jpg,datasets_cloudmask/dataset_cropped/10_Metas/09/17/20191009172100_00160.png,205.9,566.9,55.8,26.1,960
10/9/2019 17:22,datasets/dataset_cropped/10_Metas/09/17/20191009172200_00160.jpg,datasets_flow/dataset_cropped/10_Metas/09/17/20191009172200_00160.jpg,datasets_cloudmask/dataset_cropped/10_Metas/09/17/20191009172200_00160.png,202.7,562.8,55.6,25.9,960
10/9/2019 17:23,datasets/dataset_cropped/10_Metas/09/17/20191009172300_00160.jpg,datasets_flow/dataset_cropped/10_Metas/09/17/20191009172300_00160.jpg,datasets_cloudmask/dataset_cropped/10_Metas/09/17/20191009172300_00160.png,199.3,558.7,55.1,25.8,960
10/9/2019 17:24,datasets/dataset_cropped/10_Metas/09/17/20191009172400_00160.jpg,datasets_flow/dataset_cropped/10_Metas/09/17/20191009172400_00160.jpg,datasets_cloudmask/dataset_cropped/10_Metas/09/17/20191009172400_00160.png,196.3,555.8,54.5,25.7,960
10/9/2019 17:25,datasets/dataset_cropped/10_Metas/09/17/20191009172500_00160.jpg,datasets_flow/dataset_cropped/10_Metas/09/17/20191009172500_00160.jpg,datasets_cloudmask/dataset_cropped/10_Metas/09/17/20191009172500_00160.png,193.3,552.6,54.1,25.7,960
10/9/2019 17:26,datasets/dataset_cropped/10_Metas/09/17/20191009172600_00160.jpg,datasets_flow/dataset_cropped/10_Metas/09/17/20191009172600_00160.jpg,datasets_cloudmask/dataset_cropped/10_Metas/09/17/20191009172600_00160.png,190.2,548.8,53.8,25.8,960
10/9/2019 17:27,datasets/dataset_cropped/10_Metas/09/17/20191009172700_00160.jpg,datasets_flow/dataset_cropped/10_Metas/09/17/20191009172700_00160.jpg,datasets_cloudmask/dataset_cropped/10_Metas/09/17/20191009172700_00160.png,187,544.7,53.4,25.8,960
10/9/2019 17:28,datasets/dataset_cropped/10_Metas/09/17/20191009172800_00160.jpg,datasets_flow/dataset_cropped/10_Metas/09/17/20191009172800_00160.jpg,datasets_cloudmask/dataset_cropped/10_Metas/09/17/20191009172800_00160.png,183.9,540.8,52.9,25.7,960
10/9/2019 17:29,datasets/dataset_cropped/10_Metas/09/17/20191009172900_00160.jpg,datasets_flow/dataset_cropped/10_Metas/09/17/20191009172900_00160.jpg,datasets_cloudmask/dataset_cropped/10_Metas/09/17/20191009172900_00160.png,180.7,536.9,52.3,25.7,960
10/9/2019 17:30,datasets/dataset_cropped/10_Metas/09/17/20191009173000_00160.jpg,datasets_flow/dataset_cropped/10_Metas/09/17/20191009173000_00160.jpg,datasets_cloudmask/dataset_cropped/10_Metas/09/17/20191009173000_00160.png,177.4,532.2,51.9,25.6,960
10/9/2019 17:31,datasets/dataset_cropped/10_Metas/09/17/20191009173100_00160.jpg,datasets_flow/dataset_cropped/10_Metas/09/17/20191009173100_00160.jpg,datasets_cloudmask/dataset_cropped/10_Metas/09/17/20191009173100_00160.png,174.1,527.3,51.4,25.5,960
10/9/2019 17:32,datasets/dataset_cropped/10_Metas/09/17/20191009173200_00160.jpg,datasets_flow/dataset_cropped/10_Metas/09/17/20191009173200_00160.jpg,datasets_cloudmask/dataset_cropped/10_Metas/09/17/20191009173200_00160.png,170.9,522.3,51,25.4,960
10/9/2019 17:33,datasets/dataset_cropped/10_Metas/09/17/20191009173300_00160.jpg,datasets_flow/dataset_cropped/10_Metas/09/17/20191009173300_00160.jpg,datasets_cloudmask/dataset_cropped/10_Metas/09/17/20191009173300_00160.png,167.6,517.7,50.5,25.5,960
10/9/2019 17:34,datasets/dataset_cropped/10_Metas/09/17/20191009173400_00160.jpg,datasets_flow/dataset_cropped/10_Metas/09/17/20191009173400_00160.jpg,datasets_cloudmask/dataset_cropped/10_Metas/09/17/20191009173400_00160.png,164.4,512.8,49.9,25.4,960
10/9/2019 17:35,datasets/dataset_cropped/10_Metas/09/17/20191009173500_00160.jpg,datasets_flow/dataset_cropped/10_Metas/09/17/20191009173500_00160.jpg,datasets_cloudmask/dataset_cropped/10_Metas/09/17/20191009173500_00160.png,161.3,508.5,49.5,25.4,960
10/9/2019 17:36,datasets/dataset_cropped/10_Metas/09/17/20191009173600_00160.jpg,datasets_flow/dataset_cropped/10_Metas/09/17/20191009173600_00160.jpg,datasets_cloudmask/dataset_cropped/10_Metas/09/17/20191009173600_00160.png,157.9,502.4,49,25.4,960
10/9/2019 17:37,datasets/dataset_cropped/10_Metas/09/17/20191009173700_00160.jpg,datasets_flow/dataset_cropped/10_Metas/09/17/20191009173700_00160.jpg,datasets_cloudmask/dataset_cropped/10_Metas/09/17/20191009173700_00160.png,154.8,498,48.6,25.4,960
10/9/2019 17:38,datasets/dataset_cropped/10_Metas/09/17/20191009173800_00160.jpg,datasets_flow/dataset_cropped/10_Metas/09/17/20191009173800_00160.jpg,datasets_cloudmask/dataset_cropped/10_Metas/09/17/20191009173800_00160.png,151.4,491.7,48.1,25.5,960
10/9/2019 17:39,datasets/dataset_cropped/10_Metas/09/17/20191009173900_00160.jpg,datasets_flow/dataset_cropped/10_Metas/09/17/20191009173900_00160.jpg,datasets_cloudmask/dataset_cropped/10_Metas/09/17/20191009173900_00160.png,148.4,488.3,47.5,25.5,960
10/9/2019 17:40,datasets/dataset_cropped/10_Metas/09/17/20191009174000_00160.jpg,datasets_flow/dataset_cropped/10_Metas/09/17/20191009174000_00160.jpg,datasets_cloudmask/dataset_cropped/10_Metas/09/17/20191009174000_00160.png,145.1,482.6,47,25.5,960
10/9/2019 17:41,datasets/dataset_cropped/10_Metas/09/17/20191009174100_00160.jpg,datasets_flow/dataset_cropped/10_Metas/09/17/20191009174100_00160.jpg,datasets_cloudmask/dataset_cropped/10_Metas/09/17/20191009174100_00160.png,142,477.3,46.4,25.4,960
10/9/2019 17:42,datasets/dataset_cropped/10_Metas/09/17/20191009174200_00160.jpg,datasets_flow/dataset_cropped/10_Metas/09/17/20191009174200_00160.jpg,datasets_cloudmask/dataset_cropped/10_Metas/09/17/20191009174200_00160.png,138.7,471.2,45.9,25.3,960
10/9/2019 17:43,datasets/dataset_cropped/10_Metas/09/17/20191009174300_00160.jpg,datasets_flow/dataset_cropped/10_Metas/09/17/20191009174300_00160.jpg,datasets_cloudmask/dataset_cropped/10_Metas/09/17/20191009174300_00160.png,135.3,464.8,45.3,25.3,960
10/9/2019 17:44,datasets/dataset_cropped/10_Metas/09/17/20191009174400_00160.jpg,datasets_flow/dataset_cropped/10_Metas/09/17/20191009174400_00160.jpg,datasets_cloudmask/dataset_cropped/10_Metas/09/17/20191009174400_00160.png,132.3,459.5,44.9,25.2,960
10/9/2019 17:45,datasets/dataset_cropped/10_Metas/09/17/20191009174500_00160.jpg,datasets_flow/dataset_cropped/10_Metas/09/17/20191009174500_00160.jpg,datasets_cloudmask/dataset_cropped/10_Metas/09/17/20191009174500_00160.png,129.3,453.9,44.4,25.1,960
10/9/2019 17:46,datasets/dataset_cropped/10_Metas/09/17/20191009174600_00160.jpg,datasets_flow/dataset_cropped/10_Metas/09/17/20191009174600_00160.jpg,datasets_cloudmask/dataset_cropped/10_Metas/09/17/20191009174600_00160.png,126.1,448.2,43.9,25.2,960
10/9/2019 17:47,datasets/dataset_cropped/10_Metas/09/17/20191009174700_00160.jpg,datasets_flow/dataset_cropped/10_Metas/09/17/20191009174700_00160.jpg,datasets_cloudmask/dataset_cropped/10_Metas/09/17/20191009174700_00160.png,123,442.2,43.2,25.3,960
10/9/2019 17:48,datasets/dataset_cropped/10_Metas/09/17/20191009174800_00160.jpg,datasets_flow/dataset_cropped/10_Metas/09/17/20191009174800_00160.jpg,datasets_cloudmask/dataset_cropped/10_Metas/09/17/20191009174800_00160.png,119.9,435.9,42.7,25.2,960
10/9/2019 17:49,datasets/dataset_cropped/10_Metas/09/17/20191009174900_00160.jpg,datasets_flow/dataset_cropped/10_Metas/09/17/20191009174900_00160.jpg,datasets_cloudmask/dataset_cropped/10_Metas/09/17/20191009174900_00160.png,116.9,429.7,42.3,25.2,960
10/9/2019 17:50,datasets/dataset_cropped/10_Metas/09/17/20191009175000_00160.jpg,datasets_flow/dataset_cropped/10_Metas/09/17/20191009175000_00160.jpg,datasets_cloudmask/dataset_cropped/10_Metas/09/17/20191009175000_00160.png,113.8,423.2,41.8,25.2,960
10/9/2019 17:51,datasets/dataset_cropped/10_Metas/09/17/20191009175100_00160.jpg,datasets_flow/dataset_cropped/10_Metas/09/17/20191009175100_00160.jpg,datasets_cloudmask/dataset_cropped/10_Metas/09/17/20191009175100_00160.png,110.9,417.7,41.2,25.3,960
10/9/2019 17:52,datasets/dataset_cropped/10_Metas/09/17/20191009175200_00160.jpg,datasets_flow/dataset_cropped/10_Metas/09/17/20191009175200_00160.jpg,datasets_cloudmask/dataset_cropped/10_Metas/09/17/20191009175200_00160.png,107.7,411,40.6,25.4,960
10/9/2019 17:53,datasets/dataset_cropped/10_Metas/09/17/20191009175300_00160.jpg,datasets_flow/dataset_cropped/10_Metas/09/17/20191009175300_00160.jpg,datasets_cloudmask/dataset_cropped/10_Metas/09/17/20191009175300_00160.png,104.7,405.1,39.9,25.3,960
10/9/2019 17:54,datasets/dataset_cropped/10_Metas/09/17/20191009175400_00160.jpg,datasets_flow/dataset_cropped/10_Metas/09/17/20191009175400_00160.jpg,datasets_cloudmask/dataset_cropped/10_Metas/09/17/20191009175400_00160.png,101.7,398.9,39.2,25.2,960
10/9/2019 17:55,datasets/dataset_cropped/10_Metas/09/17/20191009175500_00160.jpg,datasets_flow/dataset_cropped/10_Metas/09/17/20191009175500_00160.jpg,datasets_cloudmask/dataset_cropped/10_Metas/09/17/20191009175500_00160.png,98.8,392.9,38.6,25.2,960
10/9/2019 17:56,datasets/dataset_cropped/10_Metas/09/17/20191009175600_00160.jpg,datasets_flow/dataset_cropped/10_Metas/09/17/20191009175600_00160.jpg,datasets_cloudmask/dataset_cropped/10_Metas/09/17/20191009175600_00160.png,95.9,386.8,37.8,25.1,960
10/9/2019 17:57,datasets/dataset_cropped/10_Metas/09/17/20191009175700_00160.jpg,datasets_flow/dataset_cropped/10_Metas/09/17/20191009175700_00160.jpg,datasets_cloudmask/dataset_cropped/10_Metas/09/17/20191009175700_00160.png,92.7,379.4,37,25.1,960
10/9/2019 17:58,datasets/dataset_cropped/10_Metas/09/17/20191009175800_00160.jpg,datasets_flow/dataset_cropped/10_Metas/09/17/20191009175800_00160.jpg,datasets_cloudmask/dataset_cropped/10_Metas/09/17/20191009175800_00160.png,89.7,372.2,36.4,25.1,960
10/9/2019 17:59,datasets/dataset_cropped/10_Metas/09/17/20191009175900_00160.jpg,datasets_flow/dataset_cropped/10_Metas/09/17/20191009175900_00160.jpg,datasets_cloudmask/dataset_cropped/10_Metas/09/17/20191009175900_00160.png,86.7,364.7,35.6,25,960
10/9/2019 18:00,datasets/dataset_cropped/10_Metas/09/18/20191009180000_00160.jpg,datasets_flow/dataset_cropped/10_Metas/09/18/20191009180000_00160.jpg,datasets_cloudmask/dataset_cropped/10_Metas/09/18/20191009180000_00160.png,83.9,357.6,35,24.9,960
10/9/2019 18:01,datasets/dataset_cropped/10_Metas/09/18/20191009180100_00160.jpg,datasets_flow/dataset_cropped/10_Metas/09/18/20191009180100_00160.jpg,datasets_cloudmask/dataset_cropped/10_Metas/09/18/20191009180100_00160.png,81,350.3,34.3,24.9,960
10/9/2019 18:02,datasets/dataset_cropped/10_Metas/09/18/20191009180200_00160.jpg,datasets_flow/dataset_cropped/10_Metas/09/18/20191009180200_00160.jpg,datasets_cloudmask/dataset_cropped/10_Metas/09/18/20191009180200_00160.png,78.2,342.3,33.7,24.9,960
10/9/2019 18:03,datasets/dataset_cropped/10_Metas/09/18/20191009180300_00160.jpg,datasets_flow/dataset_cropped/10_Metas/09/18/20191009180300_00160.jpg,datasets_cloudmask/dataset_cropped/10_Metas/09/18/20191009180300_00160.png,75.5,335.3,33,24.8,960
10/9/2019 18:04,datasets/dataset_cropped/10_Metas/09/18/20191009180400_00160.jpg,datasets_flow/dataset_cropped/10_Metas/09/18/20191009180400_00160.jpg,datasets_cloudmask/dataset_cropped/10_Metas/09/18/20191009180400_00160.png,72.8,328.9,32.4,24.8,960
10/9/2019 18:05,datasets/dataset_cropped/10_Metas/09/18/20191009180500_00160.jpg,datasets_flow/dataset_cropped/10_Metas/09/18/20191009180500_00160.jpg,datasets_cloudmask/dataset_cropped/10_Metas/09/18/20191009180500_00160.png,70.2,321.4,31.8,24.8,960
10/9/2019 18:06,datasets/dataset_cropped/10_Metas/09/18/20191009180600_00160.jpg,datasets_flow/dataset_cropped/10_Metas/09/18/20191009180600_00160.jpg,datasets_cloudmask/dataset_cropped/10_Metas/09/18/20191009180600_00160.png,67.3,312.6,31,24.8,960
10/9/2019 18:07,datasets/dataset_cropped/10_Metas/09/18/20191009180700_00160.jpg,datasets_flow/dataset_cropped/10_Metas/09/18/20191009180700_00160.jpg,datasets_cloudmask/dataset_cropped/10_Metas/09/18/20191009180700_00160.png,64.4,303.2,30.3,24.8,960
10/9/2019 18:08,datasets/dataset_cropped/10_Metas/09/18/20191009180800_00160.jpg,datasets_flow/dataset_cropped/10_Metas/09/18/20191009180800_00160.jpg,datasets_cloudmask/dataset_cropped/10_Metas/09/18/20191009180800_00160.png,61.5,293.5,29.5,24.7,960
10/9/2019 18:09,datasets/dataset_cropped/10_Metas/09/18/20191009180900_00160.jpg,datasets_flow/dataset_cropped/10_Metas/09/18/20191009180900_00160.jpg,datasets_cloudmask/dataset_cropped/10_Metas/09/18/20191009180900_00160.png,58.8,283.9,28.8,24.7,960
10/9/2019 18:10,datasets/dataset_cropped/10_Metas/09/18/20191009181000_00160.jpg,datasets_flow/dataset_cropped/10_Metas/09/18/20191009181000_00160.jpg,datasets_cloudmask/dataset_cropped/10_Metas/09/18/20191009181000_00160.png,56,273.8,28.1,24.6,960
10/9/2019 18:11,datasets/dataset_cropped/10_Metas/09/18/20191009181100_00160.jpg,datasets_flow/dataset_cropped/10_Metas/09/18/20191009181100_00160.jpg,datasets_cloudmask/dataset_cropped/10_Metas/09/18/20191009181100_00160.png,53.3,264.4,27.3,24.6,960
10/9/2019 18:12,datasets/dataset_cropped/10_Metas/09/18/20191009181200_00160.jpg,datasets_flow/dataset_cropped/10_Metas/09/18/20191009181200_00160.jpg,datasets_cloudmask/dataset_cropped/10_Metas/09/18/20191009181200_00160.png,50.6,255.1,26.4,24.6,960
10/9/2019 18:13,datasets/dataset_cropped/10_Metas/09/18/20191009181300_00160.jpg,datasets_flow/dataset_cropped/10_Metas/09/18/20191009181300_00160.jpg,datasets_cloudmask/dataset_cropped/10_Metas/09/18/20191009181300_00160.png,48,244.5,25.7,24.5,960
10/9/2019 18:14,datasets/dataset_cropped/10_Metas/09/18/20191009181400_00160.jpg,datasets_flow/dataset_cropped/10_Metas/09/18/20191009181400_00160.jpg,datasets_cloudmask/dataset_cropped/10_Metas/09/18/20191009181400_00160.png,45.4,234.3,24.8,24.5,960
10/9/2019 18:15,datasets/dataset_cropped/10_Metas/09/18/20191009181500_00160.jpg,datasets_flow/dataset_cropped/10_Metas/09/18/20191009181500_00160.jpg,datasets_cloudmask/dataset_cropped/10_Metas/09/18/20191009181500_00160.png,42.9,224,24,24.4,960
10/9/2019 18:16,datasets/dataset_cropped/10_Metas/09/18/20191009181600_00160.jpg,datasets_flow/dataset_cropped/10_Metas/09/18/20191009181600_00160.jpg,datasets_cloudmask/dataset_cropped/10_Metas/09/18/20191009181600_00160.png,40.4,213.4,23.1,24.4,960
10/9/2019 18:17,datasets/dataset_cropped/10_Metas/09/18/20191009181700_00160.jpg,datasets_flow/dataset_cropped/10_Metas/09/18/20191009181700_00160.jpg,datasets_cloudmask/dataset_cropped/10_Metas/09/18/20191009181700_00160.png,38,201.7,22.3,24.4,960
10/9/2019 18:18,datasets/dataset_cropped/10_Metas/09/18/20191009181800_00160.jpg,datasets_flow/dataset_cropped/10_Metas/09/18/20191009181800_00160.jpg,datasets_cloudmask/dataset_cropped/10_Metas/09/18/20191009181800_00160.png,35.5,189.4,21.4,24.3,960
10/9/2019 18:19,datasets/dataset_cropped/10_Metas/09/18/20191009181900_00160.jpg,datasets_flow/dataset_cropped/10_Metas/09/18/20191009181900_00160.jpg,datasets_cloudmask/dataset_cropped/10_Metas/09/18/20191009181900_00160.png,33.3,179,20.6,24.3,960
10/9/2019 18:20,datasets/dataset_cropped/10_Metas/09/18/20191009182000_00160.jpg,datasets_flow/dataset_cropped/10_Metas/09/18/20191009182000_00160.jpg,datasets_cloudmask/dataset_cropped/10_Metas/09/18/20191009182000_00160.png,31.3,165.3,19.9,24.2,960
10/9/2019 18:21,datasets/dataset_cropped/10_Metas/09/18/20191009182100_00160.jpg,datasets_flow/dataset_cropped/10_Metas/09/18/20191009182100_00160.jpg,datasets_cloudmask/dataset_cropped/10_Metas/09/18/20191009182100_00160.png,29.3,160.6,19,24.2,960
10/9/2019 18:22,datasets/dataset_cropped/10_Metas/09/18/20191009182200_00160.jpg,datasets_flow/dataset_cropped/10_Metas/09/18/20191009182200_00160.jpg,datasets_cloudmask/dataset_cropped/10_Metas/09/18/20191009182200_00160.png,27.3,150.4,18.1,24.2,960
10/9/2019 18:23,datasets/dataset_cropped/10_Metas/09/18/20191009182300_00160.jpg,datasets_flow/dataset_cropped/10_Metas/09/18/20191009182300_00160.jpg,datasets_cloudmask/dataset_cropped/10_Metas/09/18/20191009182300_00160.png,25.3,139.7,17.3,24.1,960
10/9/2019 18:24,datasets/dataset_cropped/10_Metas/09/18/20191009182400_00160.jpg,datasets_flow/dataset_cropped/10_Metas/09/18/20191009182400_00160.jpg,datasets_cloudmask/dataset_cropped/10_Metas/09/18/20191009182400_00160.png,23.4,128.4,16.4,24.1,960
10/9/2019 18:25,datasets/dataset_cropped/10_Metas/09/18/20191009182500_00160.jpg,datasets_flow/dataset_cropped/10_Metas/09/18/20191009182500_00160.jpg,datasets_cloudmask/dataset_cropped/10_Metas/09/18/20191009182500_00160.png,21.6,115.2,15.6,24,960
10/9/2019 18:26,datasets/dataset_cropped/10_Metas/09/18/20191009182600_00160.jpg,datasets_flow/dataset_cropped/10_Metas/09/18/20191009182600_00160.jpg,datasets_cloudmask/dataset_cropped/10_Metas/09/18/20191009182600_00160.png,19.9,105.1,14.7,24,960
10/9/2019 18:27,datasets/dataset_cropped/10_Metas/09/18/20191009182700_00160.jpg,datasets_flow/dataset_cropped/10_Metas/09/18/20191009182700_00160.jpg,datasets_cloudmask/dataset_cropped/10_Metas/09/18/20191009182700_00160.png,18.3,96,13.8,24,960
10/9/2019 18:28,datasets/dataset_cropped/10_Metas/09/18/20191009182800_00160.jpg,datasets_flow/dataset_cropped/10_Metas/09/18/20191009182800_00160.jpg,datasets_cloudmask/dataset_cropped/10_Metas/09/18/20191009182800_00160.png,16.8,87.4,12.9,23.9,960
10/9/2019 18:29,datasets/dataset_cropped/10_Metas/09/18/20191009182900_00160.jpg,datasets_flow/dataset_cropped/10_Metas/09/18/20191009182900_00160.jpg,datasets_cloudmask/dataset_cropped/10_Metas/09/18/20191009182900_00160.png,15.4,79,12.1,23.9,960
10/9/2019 18:30,datasets/dataset_cropped/10_Metas/09/18/20191009183000_00160.jpg,datasets_flow/dataset_cropped/10_Metas/09/18/20191009183000_00160.jpg,datasets_cloudmask/dataset_cropped/10_Metas/09/18/20191009183000_00160.png,14,69.5,11.2,23.9,960
10/9/2019 18:31,datasets/dataset_cropped/10_Metas/09/18/20191009183100_00160.jpg,datasets_flow/dataset_cropped/10_Metas/09/18/20191009183100_00160.jpg,datasets_cloudmask/dataset_cropped/10_Metas/09/18/20191009183100_00160.png,12.1,45.3,10.3,23.9,960
10/9/2019 18:32,datasets/dataset_cropped/10_Metas/09/18/20191009183200_00160.jpg,datasets_flow/dataset_cropped/10_Metas/09/18/20191009183200_00160.jpg,datasets_cloudmask/dataset_cropped/10_Metas/09/18/20191009183200_00160.png,10.1,12.9,9.4,23.8,960
10/9/2019 18:33,datasets/dataset_cropped/10_Metas/09/18/20191009183300_00160.jpg,datasets_flow/dataset_cropped/10_Metas/09/18/20191009183300_00160.jpg,datasets_cloudmask/dataset_cropped/10_Metas/09/18/20191009183300_00160.png,8.8,0.4,8.5,23.7,960
10/9/2019 18:34,datasets/dataset_cropped/10_Metas/09/18/20191009183400_00160.jpg,datasets_flow/dataset_cropped/10_Metas/09/18/20191009183400_00160.jpg,datasets_cloudmask/dataset_cropped/10_Metas/09/18/20191009183400_00160.png,7.9,0,7.6,23.7,960
10/9/2019 18:35,datasets/dataset_cropped/10_Metas/09/18/20191009183500_00160.jpg,datasets_flow/dataset_cropped/10_Metas/09/18/20191009183500_00160.jpg,datasets_cloudmask/dataset_cropped/10_Metas/09/18/20191009183500_00160.png,7,0,6.8,23.6,960
10/9/2019 18:36,datasets/dataset_cropped/10_Metas/09/18/20191009183600_00160.jpg,datasets_flow/dataset_cropped/10_Metas/09/18/20191009183600_00160.jpg,datasets_cloudmask/dataset_cropped/10_Metas/09/18/20191009183600_00160.png,6.3,0,6,23.6,960
10/9/2019 18:37,datasets/dataset_cropped/10_Metas/09/18/20191009183700_00160.jpg,datasets_flow/dataset_cropped/10_Metas/09/18/20191009183700_00160.jpg,datasets_cloudmask/dataset_cropped/10_Metas/09/18/20191009183700_00160.png,5.5,0,5.3,23.5,960
10/9/2019 18:38,datasets/dataset_cropped/10_Metas/09/18/20191009183800_00160.jpg,datasets_flow/dataset_cropped/10_Metas/09/18/20191009183800_00160.jpg,datasets_cloudmask/dataset_cropped/10_Metas/09/18/20191009183800_00160.png,4.8,0,4.6,23.5,960
10/9/2019 18:39,datasets/dataset_cropped/10_Metas/09/18/20191009183900_00160.jpg,datasets_flow/dataset_cropped/10_Metas/09/18/20191009183900_00160.jpg,datasets_cloudmask/dataset_cropped/10_Metas/09/18/20191009183900_00160.png,4.1,0,3.9,23.4,960
10/9/2019 18:40,datasets/dataset_cropped/10_Metas/09/18/20191009184000_00160.jpg,datasets_flow/dataset_cropped/10_Metas/09/18/20191009184000_00160.jpg,datasets_cloudmask/dataset_cropped/10_Metas/09/18/20191009184000_00160.png,3.5,0,3.2,23.4,960
10/10/2019 7:14,datasets/dataset_cropped/10_Metas/10/07/20191010071400_00160.jpg,datasets_flow/dataset_cropped/10_Metas/10/07/20191010071400_00160.jpg,datasets_cloudmask/dataset_cropped/10_Metas/10/07/20191010071400_00160.png,2.7,0,2.6,16.2,963
10/10/2019 7:15,datasets/dataset_cropped/10_Metas/10/07/20191010071500_00160.jpg,datasets_flow/dataset_cropped/10_Metas/10/07/20191010071500_00160.jpg,datasets_cloudmask/dataset_cropped/10_Metas/10/07/20191010071500_00160.png,3.2,0,3.1,16.2,963
10/10/2019 7:16,datasets/dataset_cropped/10_Metas/10/07/20191010071600_00160.jpg,datasets_flow/dataset_cropped/10_Metas/10/07/20191010071600_00160.jpg,datasets_cloudmask/dataset_cropped/10_Metas/10/07/20191010071600_00160.png,3.8,0,3.7,16.2,963
10/10/2019 7:17,datasets/dataset_cropped/10_Metas/10/07/20191010071700_00160.jpg,datasets_flow/dataset_cropped/10_Metas/10/07/20191010071700_00160.jpg,datasets_cloudmask/dataset_cropped/10_Metas/10/07/20191010071700_00160.png,4.3,0.7,4.3,16.2,963
10/10/2019 7:18,datasets/dataset_cropped/10_Metas/10/07/20191010071800_00160.jpg,datasets_flow/dataset_cropped/10_Metas/10/07/20191010071800_00160.jpg,datasets_cloudmask/dataset_cropped/10_Metas/10/07/20191010071800_00160.png,4.7,3.1,4.7,16.2,963
10/10/2019 7:19,datasets/dataset_cropped/10_Metas/10/07/20191010071900_00160.jpg,datasets_flow/dataset_cropped/10_Metas/10/07/20191010071900_00160.jpg,datasets_cloudmask/dataset_cropped/10_Metas/10/07/20191010071900_00160.png,5.2,4.7,5.2,16.2,964
10/10/2019 7:20,datasets/dataset_cropped/10_Metas/10/07/20191010072000_00160.jpg,datasets_flow/dataset_cropped/10_Metas/10/07/20191010072000_00160.jpg,datasets_cloudmask/dataset_cropped/10_Metas/10/07/20191010072000_00160.png,5.7,2.4,5.7,16.2,963
10/10/2019 7:21,datasets/dataset_cropped/10_Metas/10/07/20191010072100_00160.jpg,datasets_flow/dataset_cropped/10_Metas/10/07/20191010072100_00160.jpg,datasets_cloudmask/dataset_cropped/10_Metas/10/07/20191010072100_00160.png,6.3,0.2,6.2,16.3,963
10/10/2019 7:22,datasets/dataset_cropped/10_Metas/10/07/20191010072200_00160.jpg,datasets_flow/dataset_cropped/10_Metas/10/07/20191010072200_00160.jpg,datasets_cloudmask/dataset_cropped/10_Metas/10/07/20191010072200_00160.png,6.9,0.2,6.9,16.3,964
10/10/2019 7:23,datasets/dataset_cropped/10_Metas/10/07/20191010072300_00160.jpg,datasets_flow/dataset_cropped/10_Metas/10/07/20191010072300_00160.jpg,datasets_cloudmask/dataset_cropped/10_Metas/10/07/20191010072300_00160.png,7.7,0.2,7.6,16.3,964
10/10/2019 7:24,datasets/dataset_cropped/10_Metas/10/07/20191010072400_00160.jpg,datasets_flow/dataset_cropped/10_Metas/10/07/20191010072400_00160.jpg,datasets_cloudmask/dataset_cropped/10_Metas/10/07/20191010072400_00160.png,8.3,0.1,8.2,16.3,963
10/10/2019 7:25,datasets/dataset_cropped/10_Metas/10/07/20191010072500_00160.jpg,datasets_flow/dataset_cropped/10_Metas/10/07/20191010072500_00160.jpg,datasets_cloudmask/dataset_cropped/10_Metas/10/07/20191010072500_00160.png,9,0.2,8.8,16.3,963
10/10/2019 7:26,datasets/dataset_cropped/10_Metas/10/07/20191010072600_00160.jpg,datasets_flow/dataset_cropped/10_Metas/10/07/20191010072600_00160.jpg,datasets_cloudmask/dataset_cropped/10_Metas/10/07/20191010072600_00160.png,9.6,0.2,9.5,16.3,963
10/10/2019 7:27,datasets/dataset_cropped/10_Metas/10/07/20191010072700_00160.jpg,datasets_flow/dataset_cropped/10_Metas/10/07/20191010072700_00160.jpg,datasets_cloudmask/dataset_cropped/10_Metas/10/07/20191010072700_00160.png,10.4,0.4,10.3,16.3,963
10/10/2019 7:28,datasets/dataset_cropped/10_Metas/10/07/20191010072800_00160.jpg,datasets_flow/dataset_cropped/10_Metas/10/07/20191010072800_00160.jpg,datasets_cloudmask/dataset_cropped/10_Metas/10/07/20191010072800_00160.png,11.3,0.7,11.2,16.3,964
10/10/2019 7:29,datasets/dataset_cropped/10_Metas/10/07/20191010072900_00160.jpg,datasets_flow/dataset_cropped/10_Metas/10/07/20191010072900_00160.jpg,datasets_cloudmask/dataset_cropped/10_Metas/10/07/20191010072900_00160.png,12.4,0.7,12.3,16.3,963
10/10/2019 7:30,datasets/dataset_cropped/10_Metas/10/07/20191010073000_00160.jpg,datasets_flow/dataset_cropped/10_Metas/10/07/20191010073000_00160.jpg,datasets_cloudmask/dataset_cropped/10_Metas/10/07/20191010073000_00160.png,13.9,4,13.6,16.4,964
10/10/2019 7:31,datasets/dataset_cropped/10_Metas/10/07/20191010073100_00160.jpg,datasets_flow/dataset_cropped/10_Metas/10/07/20191010073100_00160.jpg,datasets_cloudmask/dataset_cropped/10_Metas/10/07/20191010073100_00160.png,15,3,14.8,16.4,964
10/10/2019 7:32,datasets/dataset_cropped/10_Metas/10/07/20191010073200_00160.jpg,datasets_flow/dataset_cropped/10_Metas/10/07/20191010073200_00160.jpg,datasets_cloudmask/dataset_cropped/10_Metas/10/07/20191010073200_00160.png,15.8,1.6,15.5,16.4,964
10/10/2019 7:33,datasets/dataset_cropped/10_Metas/10/07/20191010073300_00160.jpg,datasets_flow/dataset_cropped/10_Metas/10/07/20191010073300_00160.jpg,datasets_cloudmask/dataset_cropped/10_Metas/10/07/20191010073300_00160.png,17,1.7,16.7,16.4,964
10/10/2019 7:34,datasets/dataset_cropped/10_Metas/10/07/20191010073400_00160.jpg,datasets_flow/dataset_cropped/10_Metas/10/07/20191010073400_00160.jpg,datasets_cloudmask/dataset_cropped/10_Metas/10/07/20191010073400_00160.png,18.5,2,18.1,16.4,964
10/10/2019 7:35,datasets/dataset_cropped/10_Metas/10/07/20191010073500_00160.jpg,datasets_flow/dataset_cropped/10_Metas/10/07/20191010073500_00160.jpg,datasets_cloudmask/dataset_cropped/10_Metas/10/07/20191010073500_00160.png,19.4,2.4,19.1,16.4,964
10/10/2019 7:36,datasets/dataset_cropped/10_Metas/10/07/20191010073600_00160.jpg,datasets_flow/dataset_cropped/10_Metas/10/07/20191010073600_00160.jpg,datasets_cloudmask/dataset_cropped/10_Metas/10/07/20191010073600_00160.png,20.5,7.1,19.8,16.4,964
10/10/2019 7:37,datasets/dataset_cropped/10_Metas/10/07/20191010073700_00160.jpg,datasets_flow/dataset_cropped/10_Metas/10/07/20191010073700_00160.jpg,datasets_cloudmask/dataset_cropped/10_Metas/10/07/20191010073700_00160.png,24.4,43.5,20.9,16.5,964
10/10/2019 7:38,datasets/dataset_cropped/10_Metas/10/07/20191010073800_00160.jpg,datasets_flow/dataset_cropped/10_Metas/10/07/20191010073800_00160.jpg,datasets_cloudmask/dataset_cropped/10_Metas/10/07/20191010073800_00160.png,23.4,19.5,21.7,16.5,964
10/10/2019 7:39,datasets/dataset_cropped/10_Metas/10/07/20191010073900_00160.jpg,datasets_flow/dataset_cropped/10_Metas/10/07/20191010073900_00160.jpg,datasets_cloudmask/dataset_cropped/10_Metas/10/07/20191010073900_00160.png,25.9,38.7,22.5,16.6,964
10/10/2019 7:40,datasets/dataset_cropped/10_Metas/10/07/20191010074000_00160.jpg,datasets_flow/dataset_cropped/10_Metas/10/07/20191010074000_00160.jpg,datasets_cloudmask/dataset_cropped/10_Metas/10/07/20191010074000_00160.png,31.4,94.5,23.2,16.6,964
10/10/2019 7:41,datasets/dataset_cropped/10_Metas/10/07/20191010074100_00160.jpg,datasets_flow/dataset_cropped/10_Metas/10/07/20191010074100_00160.jpg,datasets_cloudmask/dataset_cropped/10_Metas/10/07/20191010074100_00160.png,35.4,131.5,23.6,16.7,964
10/10/2019 7:42,datasets/dataset_cropped/10_Metas/10/07/20191010074200_00160.jpg,datasets_flow/dataset_cropped/10_Metas/10/07/20191010074200_00160.jpg,datasets_cloudmask/dataset_cropped/10_Metas/10/07/20191010074200_00160.png,38.1,146.7,24.6,16.7,964
10/10/2019 7:43,datasets/dataset_cropped/10_Metas/10/07/20191010074300_00160.jpg,datasets_flow/dataset_cropped/10_Metas/10/07/20191010074300_00160.jpg,datasets_cloudmask/dataset_cropped/10_Metas/10/07/20191010074300_00160.png,46.6,213.6,26.3,16.8,964
10/10/2019 7:44,datasets/dataset_cropped/10_Metas/10/07/20191010074400_00160.jpg,datasets_flow/dataset_cropped/10_Metas/10/07/20191010074400_00160.jpg,datasets_cloudmask/dataset_cropped/10_Metas/10/07/20191010074400_00160.png,53,260.3,27.5,16.8,964
10/10/2019 7:45,datasets/dataset_cropped/10_Metas/10/07/20191010074500_00160.jpg,datasets_flow/dataset_cropped/10_Metas/10/07/20191010074500_00160.jpg,datasets_cloudmask/dataset_cropped/10_Metas/10/07/20191010074500_00160.png,56.2,274.7,28.5,16.9,964
10/10/2019 7:46,datasets/dataset_cropped/10_Metas/10/07/20191010074600_00160.jpg,datasets_flow/dataset_cropped/10_Metas/10/07/20191010074600_00160.jpg,datasets_cloudmask/dataset_cropped/10_Metas/10/07/20191010074600_00160.png,58.8,284.1,29.2,16.9,964
10/10/2019 7:47,datasets/dataset_cropped/10_Metas/10/07/20191010074700_00160.jpg,datasets_flow/dataset_cropped/10_Metas/10/07/20191010074700_00160.jpg,datasets_cloudmask/dataset_cropped/10_Metas/10/07/20191010074700_00160.png,61,292.9,29.6,16.8,964
10/10/2019 7:48,datasets/dataset_cropped/10_Metas/10/07/20191010074800_00160.jpg,datasets_flow/dataset_cropped/10_Metas/10/07/20191010074800_00160.jpg,datasets_cloudmask/dataset_cropped/10_Metas/10/07/20191010074800_00160.png,59.2,265.5,29.9,16.8,964
10/10/2019 7:49,datasets/dataset_cropped/10_Metas/10/07/20191010074900_00160.jpg,datasets_flow/dataset_cropped/10_Metas/10/07/20191010074900_00160.jpg,datasets_cloudmask/dataset_cropped/10_Metas/10/07/20191010074900_00160.png,60.8,261.4,31,16.8,964
10/10/2019 7:50,datasets/dataset_cropped/10_Metas/10/07/20191010075000_00160.jpg,datasets_flow/dataset_cropped/10_Metas/10/07/20191010075000_00160.jpg,datasets_cloudmask/dataset_cropped/10_Metas/10/07/20191010075000_00160.png,64.4,277.7,31.9,17,964
10/10/2019 7:51,datasets/dataset_cropped/10_Metas/10/07/20191010075100_00160.jpg,datasets_flow/dataset_cropped/10_Metas/10/07/20191010075100_00160.jpg,datasets_cloudmask/dataset_cropped/10_Metas/10/07/20191010075100_00160.png,64.2,258.9,33,17.1,964
10/10/2019 7:52,datasets/dataset_cropped/10_Metas/10/07/20191010075200_00160.jpg,datasets_flow/dataset_cropped/10_Metas/10/07/20191010075200_00160.jpg,datasets_cloudmask/dataset_cropped/10_Metas/10/07/20191010075200_00160.png,68.1,275.7,34.1,17,964
10/10/2019 7:53,datasets/dataset_cropped/10_Metas/10/07/20191010075300_00160.jpg,datasets_flow/dataset_cropped/10_Metas/10/07/20191010075300_00160.jpg,datasets_cloudmask/dataset_cropped/10_Metas/10/07/20191010075300_00160.png,70.6,277.5,35.5,17,964
10/10/2019 7:54,datasets/dataset_cropped/10_Metas/10/07/20191010075400_00160.jpg,datasets_flow/dataset_cropped/10_Metas/10/07/20191010075400_00160.jpg,datasets_cloudmask/dataset_cropped/10_Metas/10/07/20191010075400_00160.png,83.1,354.6,37.1,17.1,964
10/10/2019 7:55,datasets/dataset_cropped/10_Metas/10/07/20191010075500_00160.jpg,datasets_flow/dataset_cropped/10_Metas/10/07/20191010075500_00160.jpg,datasets_cloudmask/dataset_cropped/10_Metas/10/07/20191010075500_00160.png,86,360.8,38,17.1,964
10/10/2019 7:56,datasets/dataset_cropped/10_Metas/10/07/20191010075600_00160.jpg,datasets_flow/dataset_cropped/10_Metas/10/07/20191010075600_00160.jpg,datasets_cloudmask/dataset_cropped/10_Metas/10/07/20191010075600_00160.png,89,367.5,38.9,17.2,964
10/10/2019 7:57,datasets/dataset_cropped/10_Metas/10/07/20191010075700_00160.jpg,datasets_flow/dataset_cropped/10_Metas/10/07/20191010075700_00160.jpg,datasets_cloudmask/dataset_cropped/10_Metas/10/07/20191010075700_00160.png,92,374.4,39.7,17.2,964
10/10/2019 7:58,datasets/dataset_cropped/10_Metas/10/07/20191010075800_00160.jpg,datasets_flow/dataset_cropped/10_Metas/10/07/20191010075800_00160.jpg,datasets_cloudmask/dataset_cropped/10_Metas/10/07/20191010075800_00160.png,94.7,380,40.5,17.2,964
10/10/2019 7:59,datasets/dataset_cropped/10_Metas/10/07/20191010075900_00160.jpg,datasets_flow/dataset_cropped/10_Metas/10/07/20191010075900_00160.jpg,datasets_cloudmask/dataset_cropped/10_Metas/10/07/20191010075900_00160.png,97.3,384.7,41.2,17.3,964
10/10/2019 8:00,datasets/dataset_cropped/10_Metas/10/08/20191010080000_00160.jpg,datasets_flow/dataset_cropped/10_Metas/10/08/20191010080000_00160.jpg,datasets_cloudmask/dataset_cropped/10_Metas/10/08/20191010080000_00160.png,100,389.6,41.9,17.4,964
10/10/2019 8:01,datasets/dataset_cropped/10_Metas/10/08/20191010080100_00160.jpg,datasets_flow/dataset_cropped/10_Metas/10/08/20191010080100_00160.jpg,datasets_cloudmask/dataset_cropped/10_Metas/10/08/20191010080100_00160.png,103.4,398.4,42.7,17.4,964
10/10/2019 8:02,datasets/dataset_cropped/10_Metas/10/08/20191010080200_00160.jpg,datasets_flow/dataset_cropped/10_Metas/10/08/20191010080200_00160.jpg,datasets_cloudmask/dataset_cropped/10_Metas/10/08/20191010080200_00160.png,107.3,410.5,43.5,17.5,964
10/10/2019 8:03,datasets/dataset_cropped/10_Metas/10/08/20191010080300_00160.jpg,datasets_flow/dataset_cropped/10_Metas/10/08/20191010080300_00160.jpg,datasets_cloudmask/dataset_cropped/10_Metas/10/08/20191010080300_00160.png,110.6,418.3,44.2,17.5,964
10/10/2019 8:04,datasets/dataset_cropped/10_Metas/10/08/20191010080400_00160.jpg,datasets_flow/dataset_cropped/10_Metas/10/08/20191010080400_00160.jpg,datasets_cloudmask/dataset_cropped/10_Metas/10/08/20191010080400_00160.png,113.8,425.7,44.8,17.6,964
10/10/2019 8:05,datasets/dataset_cropped/10_Metas/10/08/20191010080500_00160.jpg,datasets_flow/dataset_cropped/10_Metas/10/08/20191010080500_00160.jpg,datasets_cloudmask/dataset_cropped/10_Metas/10/08/20191010080500_00160.png,116.9,431.6,45.5,17.6,964
10/10/2019 8:06,datasets/dataset_cropped/10_Metas/10/08/20191010080600_00160.jpg,datasets_flow/dataset_cropped/10_Metas/10/08/20191010080600_00160.jpg,datasets_cloudmask/dataset_cropped/10_Metas/10/08/20191010080600_00160.png,120.1,438.5,46.2,17.7,964
10/10/2019 8:07,datasets/dataset_cropped/10_Metas/10/08/20191010080700_00160.jpg,datasets_flow/dataset_cropped/10_Metas/10/08/20191010080700_00160.jpg,datasets_cloudmask/dataset_cropped/10_Metas/10/08/20191010080700_00160.png,123.5,446,46.9,17.8,964
10/10/2019 8:08,datasets/dataset_cropped/10_Metas/10/08/20191010080800_00160.jpg,datasets_flow/dataset_cropped/10_Metas/10/08/20191010080800_00160.jpg,datasets_cloudmask/dataset_cropped/10_Metas/10/08/20191010080800_00160.png,126.4,451.2,47.4,17.8,964
10/10/2019 8:09,datasets/dataset_cropped/10_Metas/10/08/20191010080900_00160.jpg,datasets_flow/dataset_cropped/10_Metas/10/08/20191010080900_00160.jpg,datasets_cloudmask/dataset_cropped/10_Metas/10/08/20191010080900_00160.png,129.8,458.5,48,17.8,964
10/10/2019 8:10,datasets/dataset_cropped/10_Metas/10/08/20191010081000_00160.jpg,datasets_flow/dataset_cropped/10_Metas/10/08/20191010081000_00160.jpg,datasets_cloudmask/dataset_cropped/10_Metas/10/08/20191010081000_00160.png,132.9,464.4,48.5,17.9,964
10/10/2019 8:11,datasets/dataset_cropped/10_Metas/10/08/20191010081100_00160.jpg,datasets_flow/dataset_cropped/10_Metas/10/08/20191010081100_00160.jpg,datasets_cloudmask/dataset_cropped/10_Metas/10/08/20191010081100_00160.png,136.2,472.2,48.9,18,964
10/10/2019 8:12,datasets/dataset_cropped/10_Metas/10/08/20191010081200_00160.jpg,datasets_flow/dataset_cropped/10_Metas/10/08/20191010081200_00160.jpg,datasets_cloudmask/dataset_cropped/10_Metas/10/08/20191010081200_00160.png,139.8,480.3,49.3,18.1,964
10/10/2019 8:13,datasets/dataset_cropped/10_Metas/10/08/20191010081300_00160.jpg,datasets_flow/dataset_cropped/10_Metas/10/08/20191010081300_00160.jpg,datasets_cloudmask/dataset_cropped/10_Metas/10/08/20191010081300_00160.png,142.9,485.5,49.8,18.2,964
10/10/2019 8:14,datasets/dataset_cropped/10_Metas/10/08/20191010081400_00160.jpg,datasets_flow/dataset_cropped/10_Metas/10/08/20191010081400_00160.jpg,datasets_cloudmask/dataset_cropped/10_Metas/10/08/20191010081400_00160.png,146.1,490.4,50.5,18.2,964
10/10/2019 8:15,datasets/dataset_cropped/10_Metas/10/08/20191010081500_00160.jpg,datasets_flow/dataset_cropped/10_Metas/10/08/20191010081500_00160.jpg,datasets_cloudmask/dataset_cropped/10_Metas/10/08/20191010081500_00160.png,149.8,498.4,51.1,18.2,964
10/10/2019 8:16,datasets/dataset_cropped/10_Metas/10/08/20191010081600_00160.jpg,datasets_flow/dataset_cropped/10_Metas/10/08/20191010081600_00160.jpg,datasets_cloudmask/dataset_cropped/10_Metas/10/08/20191010081600_00160.png,153.3,505.9,51.5,18.3,964
10/10/2019 8:17,datasets/dataset_cropped/10_Metas/10/08/20191010081700_00160.jpg,datasets_flow/dataset_cropped/10_Metas/10/08/20191010081700_00160.jpg,datasets_cloudmask/dataset_cropped/10_Metas/10/08/20191010081700_00160.png,156.4,510.8,51.9,18.2,964
10/10/2019 8:18,datasets/dataset_cropped/10_Metas/10/08/20191010081800_00160.jpg,datasets_flow/dataset_cropped/10_Metas/10/08/20191010081800_00160.jpg,datasets_cloudmask/dataset_cropped/10_Metas/10/08/20191010081800_00160.png,159.1,514,52.4,18.3,964
10/10/2019 8:19,datasets/dataset_cropped/10_Metas/10/08/20191010081900_00160.jpg,datasets_flow/dataset_cropped/10_Metas/10/08/20191010081900_00160.jpg,datasets_cloudmask/dataset_cropped/10_Metas/10/08/20191010081900_00160.png,162.3,519.6,52.8,18.4,964
10/10/2019 8:20,datasets/dataset_cropped/10_Metas/10/08/20191010082000_00160.jpg,datasets_flow/dataset_cropped/10_Metas/10/08/20191010082000_00160.jpg,datasets_cloudmask/dataset_cropped/10_Metas/10/08/20191010082000_00160.png,165.5,525.5,53.1,18.4,964
10/10/2019 8:21,datasets/dataset_cropped/10_Metas/10/08/20191010082100_00160.jpg,datasets_flow/dataset_cropped/10_Metas/10/08/20191010082100_00160.jpg,datasets_cloudmask/dataset_cropped/10_Metas/10/08/20191010082100_00160.png,169.2,532.7,53.6,18.4,964
10/10/2019 8:22,datasets/dataset_cropped/10_Metas/10/08/20191010082200_00160.jpg,datasets_flow/dataset_cropped/10_Metas/10/08/20191010082200_00160.jpg,datasets_cloudmask/dataset_cropped/10_Metas/10/08/20191010082200_00160.png,173,539.9,54.2,18.5,964
10/10/2019 8:23,datasets/dataset_cropped/10_Metas/10/08/20191010082300_00160.jpg,datasets_flow/dataset_cropped/10_Metas/10/08/20191010082300_00160.jpg,datasets_cloudmask/dataset_cropped/10_Metas/10/08/20191010082300_00160.png,176.6,547.2,54.4,18.5,964
10/10/2019 8:24,datasets/dataset_cropped/10_Metas/10/08/20191010082400_00160.jpg,datasets_flow/dataset_cropped/10_Metas/10/08/20191010082400_00160.jpg,datasets_cloudmask/dataset_cropped/10_Metas/10/08/20191010082400_00160.png,179.7,552,54.6,18.7,964
10/10/2019 8:25,datasets/dataset_cropped/10_Metas/10/08/20191010082500_00160.jpg,datasets_flow/dataset_cropped/10_Metas/10/08/20191010082500_00160.jpg,datasets_cloudmask/dataset_cropped/10_Metas/10/08/20191010082500_00160.png,182.9,556.8,55,18.8,964
10/10/2019 8:26,datasets/dataset_cropped/10_Metas/10/08/20191010082600_00160.jpg,datasets_flow/dataset_cropped/10_Metas/10/08/20191010082600_00160.jpg,datasets_cloudmask/dataset_cropped/10_Metas/10/08/20191010082600_00160.png,186.1,561.4,55.4,18.8,964
10/10/2019 8:27,datasets/dataset_cropped/10_Metas/10/08/20191010082700_00160.jpg,datasets_flow/dataset_cropped/10_Metas/10/08/20191010082700_00160.jpg,datasets_cloudmask/dataset_cropped/10_Metas/10/08/20191010082700_00160.png,189.2,565.3,55.6,18.9,964
10/10/2019 8:28,datasets/dataset_cropped/10_Metas/10/08/20191010082800_00160.jpg,datasets_flow/dataset_cropped/10_Metas/10/08/20191010082800_00160.jpg,datasets_cloudmask/dataset_cropped/10_Metas/10/08/20191010082800_00160.png,192.3,569.9,55.9,19,964
10/10/2019 8:29,datasets/dataset_cropped/10_Metas/10/08/20191010082900_00160.jpg,datasets_flow/dataset_cropped/10_Metas/10/08/20191010082900_00160.jpg,datasets_cloudmask/dataset_cropped/10_Metas/10/08/20191010082900_00160.png,195.6,574.8,56.2,19,965
10/10/2019 8:30,datasets/dataset_cropped/10_Metas/10/08/20191010083000_00160.jpg,datasets_flow/dataset_cropped/10_Metas/10/08/20191010083000_00160.jpg,datasets_cloudmask/dataset_cropped/10_Metas/10/08/20191010083000_00160.png,199.2,581.3,56.4,19,964
10/10/2019 8:31,datasets/dataset_cropped/10_Metas/10/08/20191010083100_00160.jpg,datasets_flow/dataset_cropped/10_Metas/10/08/20191010083100_00160.jpg,datasets_cloudmask/dataset_cropped/10_Metas/10/08/20191010083100_00160.png,202.8,587.9,56.6,19.1,965
10/10/2019 8:32,datasets/dataset_cropped/10_Metas/10/08/20191010083200_00160.jpg,datasets_flow/dataset_cropped/10_Metas/10/08/20191010083200_00160.jpg,datasets_cloudmask/dataset_cropped/10_Metas/10/08/20191010083200_00160.png,206.2,592.2,57,19.2,964
10/10/2019 8:33,datasets/dataset_cropped/10_Metas/10/08/20191010083300_00160.jpg,datasets_flow/dataset_cropped/10_Metas/10/08/20191010083300_00160.jpg,datasets_cloudmask/dataset_cropped/10_Metas/10/08/20191010083300_00160.png,209.3,595.4,57.5,19.3,964
10/10/2019 8:34,datasets/dataset_cropped/10_Metas/10/08/20191010083400_00160.jpg,datasets_flow/dataset_cropped/10_Metas/10/08/20191010083400_00160.jpg,datasets_cloudmask/dataset_cropped/10_Metas/10/08/20191010083400_00160.png,212.5,599,58,19.2,965
10/10/2019 8:35,datasets/dataset_cropped/10_Metas/10/08/20191010083500_00160.jpg,datasets_flow/dataset_cropped/10_Metas/10/08/20191010083500_00160.jpg,datasets_cloudmask/dataset_cropped/10_Metas/10/08/20191010083500_00160.png,215.9,603.5,58.4,19.3,965
10/10/2019 8:36,datasets/dataset_cropped/10_Metas/10/08/20191010083600_00160.jpg,datasets_flow/dataset_cropped/10_Metas/10/08/20191010083600_00160.jpg,datasets_cloudmask/dataset_cropped/10_Metas/10/08/20191010083600_00160.png,218.4,604.7,58.8,19.3,965
10/10/2019 8:37,datasets/dataset_cropped/10_Metas/10/08/20191010083700_00160.jpg,datasets_flow/dataset_cropped/10_Metas/10/08/20191010083700_00160.jpg,datasets_cloudmask/dataset_cropped/10_Metas/10/08/20191010083700_00160.png,221.9,608.8,59.2,19.5,965
10/10/2019 8:38,datasets/dataset_cropped/10_Metas/10/08/20191010083800_00160.jpg,datasets_flow/dataset_cropped/10_Metas/10/08/20191010083800_00160.jpg,datasets_cloudmask/dataset_cropped/10_Metas/10/08/20191010083800_00160.png,226,615.1,59.7,19.6,965
10/10/2019 8:39,datasets/dataset_cropped/10_Metas/10/08/20191010083900_00160.jpg,datasets_flow/dataset_cropped/10_Metas/10/08/20191010083900_00160.jpg,datasets_cloudmask/dataset_cropped/10_Metas/10/08/20191010083900_00160.png,228.5,616,60.1,19.7,965
10/10/2019 8:40,datasets/dataset_cropped/10_Metas/10/08/20191010084000_00160.jpg,datasets_flow/dataset_cropped/10_Metas/10/08/20191010084000_00160.jpg,datasets_cloudmask/dataset_cropped/10_Metas/10/08/20191010084000_00160.png,231.5,618.3,60.6,19.8,965
10/10/2019 8:41,datasets/dataset_cropped/10_Metas/10/08/20191010084100_00160.jpg,datasets_flow/dataset_cropped/10_Metas/10/08/20191010084100_00160.jpg,datasets_cloudmask/dataset_cropped/10_Metas/10/08/20191010084100_00160.png,236,626.1,61,19.9,965
10/10/2019 8:42,datasets/dataset_cropped/10_Metas/10/08/20191010084200_00160.jpg,datasets_flow/dataset_cropped/10_Metas/10/08/20191010084200_00160.jpg,datasets_cloudmask/dataset_cropped/10_Metas/10/08/20191010084200_00160.png,239,628.2,61.4,19.9,965
10/10/2019 8:43,datasets/dataset_cropped/10_Metas/10/08/20191010084300_00160.jpg,datasets_flow/dataset_cropped/10_Metas/10/08/20191010084300_00160.jpg,datasets_cloudmask/dataset_cropped/10_Metas/10/08/20191010084300_00160.png,242.6,632.5,61.9,20.1,965
10/10/2019 8:44,datasets/dataset_cropped/10_Metas/10/08/20191010084400_00160.jpg,datasets_flow/dataset_cropped/10_Metas/10/08/20191010084400_00160.jpg,datasets_cloudmask/dataset_cropped/10_Metas/10/08/20191010084400_00160.png,246,636.3,62.5,20.1,965
10/10/2019 8:45,datasets/dataset_cropped/10_Metas/10/08/20191010084500_00160.jpg,datasets_flow/dataset_cropped/10_Metas/10/08/20191010084500_00160.jpg,datasets_cloudmask/dataset_cropped/10_Metas/10/08/20191010084500_00160.png,249.2,639.5,62.8,20,965
10/10/2019 8:46,datasets/dataset_cropped/10_Metas/10/08/20191010084600_00160.jpg,datasets_flow/dataset_cropped/10_Metas/10/08/20191010084600_00160.jpg,datasets_cloudmask/dataset_cropped/10_Metas/10/08/20191010084600_00160.png,252.3,642,63.2,20,965
10/10/2019 8:47,datasets/dataset_cropped/10_Metas/10/08/20191010084700_00160.jpg,datasets_flow/dataset_cropped/10_Metas/10/08/20191010084700_00160.jpg,datasets_cloudmask/dataset_cropped/10_Metas/10/08/20191010084700_00160.png,255.2,644.4,63.5,20.1,965
10/10/2019 8:48,datasets/dataset_cropped/10_Metas/10/08/20191010084800_00160.jpg,datasets_flow/dataset_cropped/10_Metas/10/08/20191010084800_00160.jpg,datasets_cloudmask/dataset_cropped/10_Metas/10/08/20191010084800_00160.png,258.9,649.2,63.8,20.1,965
10/10/2019 8:49,datasets/dataset_cropped/10_Metas/10/08/20191010084900_00160.jpg,datasets_flow/dataset_cropped/10_Metas/10/08/20191010084900_00160.jpg,datasets_cloudmask/dataset_cropped/10_Metas/10/08/20191010084900_00160.png,262.5,654.3,63.9,20.1,965
10/10/2019 8:50,datasets/dataset_cropped/10_Metas/10/08/20191010085000_00160.jpg,datasets_flow/dataset_cropped/10_Metas/10/08/20191010085000_00160.jpg,datasets_cloudmask/dataset_cropped/10_Metas/10/08/20191010085000_00160.png,265.4,656.6,64.1,20.2,965
10/10/2019 8:51,datasets/dataset_cropped/10_Metas/10/08/20191010085100_00160.jpg,datasets_flow/dataset_cropped/10_Metas/10/08/20191010085100_00160.jpg,datasets_cloudmask/dataset_cropped/10_Metas/10/08/20191010085100_00160.png,268.1,658.2,64.4,20.2,965
10/10/2019 8:52,datasets/dataset_cropped/10_Metas/10/08/20191010085200_00160.jpg,datasets_flow/dataset_cropped/10_Metas/10/08/20191010085200_00160.jpg,datasets_cloudmask/dataset_cropped/10_Metas/10/08/20191010085200_00160.png,271.7,662.3,64.7,20.1,965
10/10/2019 8:53,datasets/dataset_cropped/10_Metas/10/08/20191010085300_00160.jpg,datasets_flow/dataset_cropped/10_Metas/10/08/20191010085300_00160.jpg,datasets_cloudmask/dataset_cropped/10_Metas/10/08/20191010085300_00160.png,274.4,663.3,65,20.2,965
10/10/2019 8:54,datasets/dataset_cropped/10_Metas/10/08/20191010085400_00160.jpg,datasets_flow/dataset_cropped/10_Metas/10/08/20191010085400_00160.jpg,datasets_cloudmask/dataset_cropped/10_Metas/10/08/20191010085400_00160.png,277.8,666.2,65.3,20.3,965
10/10/2019 8:55,datasets/dataset_cropped/10_Metas/10/08/20191010085500_00160.jpg,datasets_flow/dataset_cropped/10_Metas/10/08/20191010085500_00160.jpg,datasets_cloudmask/dataset_cropped/10_Metas/10/08/20191010085500_00160.png,280,665.7,65.6,20.5,965
10/10/2019 8:56,datasets/dataset_cropped/10_Metas/10/08/20191010085600_00160.jpg,datasets_flow/dataset_cropped/10_Metas/10/08/20191010085600_00160.jpg,datasets_cloudmask/dataset_cropped/10_Metas/10/08/20191010085600_00160.png,280.3,659.5,65.9,20.5,965
10/10/2019 8:57,datasets/dataset_cropped/10_Metas/10/08/20191010085700_00160.jpg,datasets_flow/dataset_cropped/10_Metas/10/08/20191010085700_00160.jpg,datasets_cloudmask/dataset_cropped/10_Metas/10/08/20191010085700_00160.png,277.3,643.3,66.1,20.6,965
10/10/2019 8:58,datasets/dataset_cropped/10_Metas/10/08/20191010085800_00160.jpg,datasets_flow/dataset_cropped/10_Metas/10/08/20191010085800_00160.jpg,datasets_cloudmask/dataset_cropped/10_Metas/10/08/20191010085800_00160.png,280.7,646.3,66.5,20.5,965
10/10/2019 8:59,datasets/dataset_cropped/10_Metas/10/08/20191010085900_00160.jpg,datasets_flow/dataset_cropped/10_Metas/10/08/20191010085900_00160.jpg,datasets_cloudmask/dataset_cropped/10_Metas/10/08/20191010085900_00160.png,269.9,608.2,66.4,20.5,965
10/10/2019 9:00,datasets/dataset_cropped/10_Metas/10/09/20191010090000_00160.jpg,datasets_flow/dataset_cropped/10_Metas/10/09/20191010090000_00160.jpg,datasets_cloudmask/dataset_cropped/10_Metas/10/09/20191010090000_00160.png,278.1,625.9,66.7,20.5,965
10/10/2019 9:01,datasets/dataset_cropped/10_Metas/10/09/20191010090100_00160.jpg,datasets_flow/dataset_cropped/10_Metas/10/09/20191010090100_00160.jpg,datasets_cloudmask/dataset_cropped/10_Metas/10/09/20191010090100_00160.png,295.6,670.9,67,20.6,965
10/10/2019 9:02,datasets/dataset_cropped/10_Metas/10/09/20191010090200_00160.jpg,datasets_flow/dataset_cropped/10_Metas/10/09/20191010090200_00160.jpg,datasets_cloudmask/dataset_cropped/10_Metas/10/09/20191010090200_00160.png,278.3,614.4,67.2,20.6,965
10/10/2019 9:03,datasets/dataset_cropped/10_Metas/10/09/20191010090300_00160.jpg,datasets_flow/dataset_cropped/10_Metas/10/09/20191010090300_00160.jpg,datasets_cloudmask/dataset_cropped/10_Metas/10/09/20191010090300_00160.png,266.5,573.7,67.9,20.6,965
10/10/2019 9:04,datasets/dataset_cropped/10_Metas/10/09/20191010090400_00160.jpg,datasets_flow/dataset_cropped/10_Metas/10/09/20191010090400_00160.jpg,datasets_cloudmask/dataset_cropped/10_Metas/10/09/20191010090400_00160.png,270.3,578.8,68.3,20.5,965
10/10/2019 9:05,datasets/dataset_cropped/10_Metas/10/09/20191010090500_00160.jpg,datasets_flow/dataset_cropped/10_Metas/10/09/20191010090500_00160.jpg,datasets_cloudmask/dataset_cropped/10_Metas/10/09/20191010090500_00160.png,272.2,577.1,68.9,20.5,965
10/10/2019 9:06,datasets/dataset_cropped/10_Metas/10/09/20191010090600_00160.jpg,datasets_flow/dataset_cropped/10_Metas/10/09/20191010090600_00160.jpg,datasets_cloudmask/dataset_cropped/10_Metas/10/09/20191010090600_00160.png,256.4,527.2,69.1,20.6,965
10/10/2019 9:07,datasets/dataset_cropped/10_Metas/10/09/20191010090700_00160.jpg,datasets_flow/dataset_cropped/10_Metas/10/09/20191010090700_00160.jpg,datasets_cloudmask/dataset_cropped/10_Metas/10/09/20191010090700_00160.png,272.2,564.8,70,20.6,965
10/10/2019 9:08,datasets/dataset_cropped/10_Metas/10/09/20191010090800_00160.jpg,datasets_flow/dataset_cropped/10_Metas/10/09/20191010090800_00160.jpg,datasets_cloudmask/dataset_cropped/10_Metas/10/09/20191010090800_00160.png,272.6,559.2,70.8,20.6,965
10/10/2019 9:09,datasets/dataset_cropped/10_Metas/10/09/20191010090900_00160.jpg,datasets_flow/dataset_cropped/10_Metas/10/09/20191010090900_00160.jpg,datasets_cloudmask/dataset_cropped/10_Metas/10/09/20191010090900_00160.png,298.4,623.1,71.8,20.5,965
10/10/2019 9:10,datasets/dataset_cropped/10_Metas/10/09/20191010091000_00160.jpg,datasets_flow/dataset_cropped/10_Metas/10/09/20191010091000_00160.jpg,datasets_cloudmask/dataset_cropped/10_Metas/10/09/20191010091000_00160.png,278.3,562.3,72.2,20.6,965
10/10/2019 9:11,datasets/dataset_cropped/10_Metas/10/09/20191010091100_00160.jpg,datasets_flow/dataset_cropped/10_Metas/10/09/20191010091100_00160.jpg,datasets_cloudmask/dataset_cropped/10_Metas/10/09/20191010091100_00160.png,290.4,588.5,73.1,20.6,965
10/10/2019 9:12,datasets/dataset_cropped/10_Metas/10/09/20191010091200_00160.jpg,datasets_flow/dataset_cropped/10_Metas/10/09/20191010091200_00160.jpg,datasets_cloudmask/dataset_cropped/10_Metas/10/09/20191010091200_00160.png,329.1,684.3,74.5,20.6,965
10/10/2019 9:13,datasets/dataset_cropped/10_Metas/10/09/20191010091300_00160.jpg,datasets_flow/dataset_cropped/10_Metas/10/09/20191010091300_00160.jpg,datasets_cloudmask/dataset_cropped/10_Metas/10/09/20191010091300_00160.png,334.8,691.1,75.6,20.6,965
10/10/2019 9:14,datasets/dataset_cropped/10_Metas/10/09/20191010091400_00160.jpg,datasets_flow/dataset_cropped/10_Metas/10/09/20191010091400_00160.jpg,datasets_cloudmask/dataset_cropped/10_Metas/10/09/20191010091400_00160.png,331.8,675.9,76.5,20.6,965
10/10/2019 9:15,datasets/dataset_cropped/10_Metas/10/09/20191010091500_00160.jpg,datasets_flow/dataset_cropped/10_Metas/10/09/20191010091500_00160.jpg,datasets_cloudmask/dataset_cropped/10_Metas/10/09/20191010091500_00160.png,349,713.3,77.8,20.8,965
10/10/2019 9:16,datasets/dataset_cropped/10_Metas/10/09/20191010091600_00160.jpg,datasets_flow/dataset_cropped/10_Metas/10/09/20191010091600_00160.jpg,datasets_cloudmask/dataset_cropped/10_Metas/10/09/20191010091600_00160.png,355.7,720,79.7,20.8,965
10/10/2019 9:17,datasets/dataset_cropped/10_Metas/10/09/20191010091700_00160.jpg,datasets_flow/dataset_cropped/10_Metas/10/09/20191010091700_00160.jpg,datasets_cloudmask/dataset_cropped/10_Metas/10/09/20191010091700_00160.png,360.9,727,80.1,20.9,965
10/10/2019 9:18,datasets/dataset_cropped/10_Metas/10/09/20191010091800_00160.jpg,datasets_flow/dataset_cropped/10_Metas/10/09/20191010091800_00160.jpg,datasets_cloudmask/dataset_cropped/10_Metas/10/09/20191010091800_00160.png,333.4,642.1,83.7,20.9,965
10/10/2019 9:19,datasets/dataset_cropped/10_Metas/10/09/20191010091900_00160.jpg,datasets_flow/dataset_cropped/10_Metas/10/09/20191010091900_00160.jpg,datasets_cloudmask/dataset_cropped/10_Metas/10/09/20191010091900_00160.png,273.1,479.7,85.9,20.9,965
10/10/2019 9:20,datasets/dataset_cropped/10_Metas/10/09/20191010092000_00160.jpg,datasets_flow/dataset_cropped/10_Metas/10/09/20191010092000_00160.jpg,datasets_cloudmask/dataset_cropped/10_Metas/10/09/20191010092000_00160.png,359.8,703.7,81.9,21,965
10/10/2019 9:21,datasets/dataset_cropped/10_Metas/10/09/20191010092100_00160.jpg,datasets_flow/dataset_cropped/10_Metas/10/09/20191010092100_00160.jpg,datasets_cloudmask/dataset_cropped/10_Metas/10/09/20191010092100_00160.png,363.8,714.6,79.7,21.1,965
10/10/2019 9:22,datasets/dataset_cropped/10_Metas/10/09/20191010092200_00160.jpg,datasets_flow/dataset_cropped/10_Metas/10/09/20191010092200_00160.jpg,datasets_cloudmask/dataset_cropped/10_Metas/10/09/20191010092200_00160.png,352.5,686,77.9,21.1,965
10/10/2019 9:23,datasets/dataset_cropped/10_Metas/10/09/20191010092300_00160.jpg,datasets_flow/dataset_cropped/10_Metas/10/09/20191010092300_00160.jpg,datasets_cloudmask/dataset_cropped/10_Metas/10/09/20191010092300_00160.png,348,670.6,77.7,21.2,965
10/10/2019 9:24,datasets/dataset_cropped/10_Metas/10/09/20191010092400_00160.jpg,datasets_flow/dataset_cropped/10_Metas/10/09/20191010092400_00160.jpg,datasets_cloudmask/dataset_cropped/10_Metas/10/09/20191010092400_00160.png,372.8,725.8,78.4,21.2,965
10/10/2019 9:25,datasets/dataset_cropped/10_Metas/10/09/20191010092500_00160.jpg,datasets_flow/dataset_cropped/10_Metas/10/09/20191010092500_00160.jpg,datasets_cloudmask/dataset_cropped/10_Metas/10/09/20191010092500_00160.png,379.6,737.7,78.4,21.4,965
10/10/2019 9:26,datasets/dataset_cropped/10_Metas/10/09/20191010092600_00160.jpg,datasets_flow/dataset_cropped/10_Metas/10/09/20191010092600_00160.jpg,datasets_cloudmask/dataset_cropped/10_Metas/10/09/20191010092600_00160.png,379.8,733.9,78.2,21.5,965
10/10/2019 9:27,datasets/dataset_cropped/10_Metas/10/09/20191010092700_00160.jpg,datasets_flow/dataset_cropped/10_Metas/10/09/20191010092700_00160.jpg,datasets_cloudmask/dataset_cropped/10_Metas/10/09/20191010092700_00160.png,385.2,741.9,78.4,21.5,965
10/10/2019 9:28,datasets/dataset_cropped/10_Metas/10/09/20191010092800_00160.jpg,datasets_flow/dataset_cropped/10_Metas/10/09/20191010092800_00160.jpg,datasets_cloudmask/dataset_cropped/10_Metas/10/09/20191010092800_00160.png,383.2,732.7,78.3,21.4,965
10/10/2019 9:29,datasets/dataset_cropped/10_Metas/10/09/20191010092900_00160.jpg,datasets_flow/dataset_cropped/10_Metas/10/09/20191010092900_00160.jpg,datasets_cloudmask/dataset_cropped/10_Metas/10/09/20191010092900_00160.png,382.7,726.4,78.1,21.4,965
10/10/2019 9:30,datasets/dataset_cropped/10_Metas/10/09/20191010093000_00160.jpg,datasets_flow/dataset_cropped/10_Metas/10/09/20191010093000_00160.jpg,datasets_cloudmask/dataset_cropped/10_Metas/10/09/20191010093000_00160.png,394.7,749.9,78.1,21.4,965
10/10/2019 9:31,datasets/dataset_cropped/10_Metas/10/09/20191010093100_00160.jpg,datasets_flow/dataset_cropped/10_Metas/10/09/20191010093100_00160.jpg,datasets_cloudmask/dataset_cropped/10_Metas/10/09/20191010093100_00160.png,397.6,752,78,21.4,965
10/10/2019 9:32,datasets/dataset_cropped/10_Metas/10/09/20191010093200_00160.jpg,datasets_flow/dataset_cropped/10_Metas/10/09/20191010093200_00160.jpg,datasets_cloudmask/dataset_cropped/10_Metas/10/09/20191010093200_00160.png,398.7,749.6,78,21.5,965
10/10/2019 9:33,datasets/dataset_cropped/10_Metas/10/09/20191010093300_00160.jpg,datasets_flow/dataset_cropped/10_Metas/10/09/20191010093300_00160.jpg,datasets_cloudmask/dataset_cropped/10_Metas/10/09/20191010093300_00160.png,402.5,753.6,78.3,21.6,965
10/10/2019 9:34,datasets/dataset_cropped/10_Metas/10/09/20191010093400_00160.jpg,datasets_flow/dataset_cropped/10_Metas/10/09/20191010093400_00160.jpg,datasets_cloudmask/dataset_cropped/10_Metas/10/09/20191010093400_00160.png,401.7,746.4,78.6,21.6,965
10/10/2019 9:35,datasets/dataset_cropped/10_Metas/10/09/20191010093500_00160.jpg,datasets_flow/dataset_cropped/10_Metas/10/09/20191010093500_00160.jpg,datasets_cloudmask/dataset_cropped/10_Metas/10/09/20191010093500_00160.png,405.6,750.1,79.2,21.6,965
10/10/2019 9:36,datasets/dataset_cropped/10_Metas/10/09/20191010093600_00160.jpg,datasets_flow/dataset_cropped/10_Metas/10/09/20191010093600_00160.jpg,datasets_cloudmask/dataset_cropped/10_Metas/10/09/20191010093600_00160.png,410.5,755.6,79.9,21.5,965
10/10/2019 9:37,datasets/dataset_cropped/10_Metas/10/09/20191010093700_00160.jpg,datasets_flow/dataset_cropped/10_Metas/10/09/20191010093700_00160.jpg,datasets_cloudmask/dataset_cropped/10_Metas/10/09/20191010093700_00160.png,413.3,757.1,80,21.5,965
10/10/2019 9:38,datasets/dataset_cropped/10_Metas/10/09/20191010093800_00160.jpg,datasets_flow/dataset_cropped/10_Metas/10/09/20191010093800_00160.jpg,datasets_cloudmask/dataset_cropped/10_Metas/10/09/20191010093800_00160.png,413.8,753.2,80,21.6,965
10/10/2019 9:39,datasets/dataset_cropped/10_Metas/10/09/20191010093900_00160.jpg,datasets_flow/dataset_cropped/10_Metas/10/09/20191010093900_00160.jpg,datasets_cloudmask/dataset_cropped/10_Metas/10/09/20191010093900_00160.png,418.8,759.3,80.3,21.9,965
10/10/2019 9:40,datasets/dataset_cropped/10_Metas/10/09/20191010094000_00160.jpg,datasets_flow/dataset_cropped/10_Metas/10/09/20191010094000_00160.jpg,datasets_cloudmask/dataset_cropped/10_Metas/10/09/20191010094000_00160.png,423.6,767.5,79.3,21.9,965
10/10/2019 9:41,datasets/dataset_cropped/10_Metas/10/09/20191010094100_00160.jpg,datasets_flow/dataset_cropped/10_Metas/10/09/20191010094100_00160.jpg,datasets_cloudmask/dataset_cropped/10_Metas/10/09/20191010094100_00160.png,426.6,771.4,78.3,22,965
10/10/2019 9:42,datasets/dataset_cropped/10_Metas/10/09/20191010094200_00160.jpg,datasets_flow/dataset_cropped/10_Metas/10/09/20191010094200_00160.jpg,datasets_cloudmask/dataset_cropped/10_Metas/10/09/20191010094200_00160.png,428.9,771.8,78.4,22,965
10/10/2019 9:43,datasets/dataset_cropped/10_Metas/10/09/20191010094300_00160.jpg,datasets_flow/dataset_cropped/10_Metas/10/09/20191010094300_00160.jpg,datasets_cloudmask/dataset_cropped/10_Metas/10/09/20191010094300_00160.png,432.9,775.9,78.5,21.8,965
10/10/2019 9:44,datasets/dataset_cropped/10_Metas/10/09/20191010094400_00160.jpg,datasets_flow/dataset_cropped/10_Metas/10/09/20191010094400_00160.jpg,datasets_cloudmask/dataset_cropped/10_Metas/10/09/20191010094400_00160.png,435.4,776.7,78.5,21.6,965
10/10/2019 9:45,datasets/dataset_cropped/10_Metas/10/09/20191010094500_00160.jpg,datasets_flow/dataset_cropped/10_Metas/10/09/20191010094500_00160.jpg,datasets_cloudmask/dataset_cropped/10_Metas/10/09/20191010094500_00160.png,438.7,778.9,78.6,21.6,965
10/10/2019 9:46,datasets/dataset_cropped/10_Metas/10/09/20191010094600_00160.jpg,datasets_flow/dataset_cropped/10_Metas/10/09/20191010094600_00160.jpg,datasets_cloudmask/dataset_cropped/10_Metas/10/09/20191010094600_00160.png,440.9,779.5,78.7,21.7,965
10/10/2019 9:47,datasets/dataset_cropped/10_Metas/10/09/20191010094700_00160.jpg,datasets_flow/dataset_cropped/10_Metas/10/09/20191010094700_00160.jpg,datasets_cloudmask/dataset_cropped/10_Metas/10/09/20191010094700_00160.png,443.9,781.2,78.9,21.8,965
10/10/2019 9:48,datasets/dataset_cropped/10_Metas/10/09/20191010094800_00160.jpg,datasets_flow/dataset_cropped/10_Metas/10/09/20191010094800_00160.jpg,datasets_cloudmask/dataset_cropped/10_Metas/10/09/20191010094800_00160.png,446.8,782.1,79.3,21.9,965
10/10/2019 9:49,datasets/dataset_cropped/10_Metas/10/09/20191010094900_00160.jpg,datasets_flow/dataset_cropped/10_Metas/10/09/20191010094900_00160.jpg,datasets_cloudmask/dataset_cropped/10_Metas/10/09/20191010094900_00160.png,449,782.7,79.3,21.9,965
10/10/2019 9:50,datasets/dataset_cropped/10_Metas/10/09/20191010095000_00160.jpg,datasets_flow/dataset_cropped/10_Metas/10/09/20191010095000_00160.jpg,datasets_cloudmask/dataset_cropped/10_Metas/10/09/20191010095000_00160.png,452,784.9,79.1,22.1,965
10/10/2019 9:51,datasets/dataset_cropped/10_Metas/10/09/20191010095100_00160.jpg,datasets_flow/dataset_cropped/10_Metas/10/09/20191010095100_00160.jpg,datasets_cloudmask/dataset_cropped/10_Metas/10/09/20191010095100_00160.png,456.5,789.9,79.4,22.1,965
10/10/2019 9:52,datasets/dataset_cropped/10_Metas/10/09/20191010095200_00160.jpg,datasets_flow/dataset_cropped/10_Metas/10/09/20191010095200_00160.jpg,datasets_cloudmask/dataset_cropped/10_Metas/10/09/20191010095200_00160.png,460.4,793.7,79.7,21.8,965
10/10/2019 9:53,datasets/dataset_cropped/10_Metas/10/09/20191010095300_00160.jpg,datasets_flow/dataset_cropped/10_Metas/10/09/20191010095300_00160.jpg,datasets_cloudmask/dataset_cropped/10_Metas/10/09/20191010095300_00160.png,462.8,793.7,80.1,21.7,965
10/10/2019 9:54,datasets/dataset_cropped/10_Metas/10/09/20191010095400_00160.jpg,datasets_flow/dataset_cropped/10_Metas/10/09/20191010095400_00160.jpg,datasets_cloudmask/dataset_cropped/10_Metas/10/09/20191010095400_00160.png,465.4,794,80.6,21.6,965
10/10/2019 9:55,datasets/dataset_cropped/10_Metas/10/09/20191010095500_00160.jpg,datasets_flow/dataset_cropped/10_Metas/10/09/20191010095500_00160.jpg,datasets_cloudmask/dataset_cropped/10_Metas/10/09/20191010095500_00160.png,468.4,794.8,81.1,21.7,965
10/10/2019 9:56,datasets/dataset_cropped/10_Metas/10/09/20191010095600_00160.jpg,datasets_flow/dataset_cropped/10_Metas/10/09/20191010095600_00160.jpg,datasets_cloudmask/dataset_cropped/10_Metas/10/09/20191010095600_00160.png,471.1,796.3,81.2,21.8,965
10/10/2019 9:57,datasets/dataset_cropped/10_Metas/10/09/20191010095700_00160.jpg,datasets_flow/dataset_cropped/10_Metas/10/09/20191010095700_00160.jpg,datasets_cloudmask/dataset_cropped/10_Metas/10/09/20191010095700_00160.png,474.4,799.6,80.9,21.8,965
10/10/2019 9:58,datasets/dataset_cropped/10_Metas/10/09/20191010095800_00160.jpg,datasets_flow/dataset_cropped/10_Metas/10/09/20191010095800_00160.jpg,datasets_cloudmask/dataset_cropped/10_Metas/10/09/20191010095800_00160.png,477.8,803,80.5,21.8,965
10/10/2019 9:59,datasets/dataset_cropped/10_Metas/10/09/20191010095900_00160.jpg,datasets_flow/dataset_cropped/10_Metas/10/09/20191010095900_00160.jpg,datasets_cloudmask/dataset_cropped/10_Metas/10/09/20191010095900_00160.png,479.5,802,80.5,21.9,965
10/10/2019 10:00,datasets/dataset_cropped/10_Metas/10/10/20191010100000_00160.jpg,datasets_flow/dataset_cropped/10_Metas/10/10/20191010100000_00160.jpg,datasets_cloudmask/dataset_cropped/10_Metas/10/10/20191010100000_00160.png,483.3,806,80.5,21.8,965
10/10/2019 10:01,datasets/dataset_cropped/10_Metas/10/10/20191010100100_00160.jpg,datasets_flow/dataset_cropped/10_Metas/10/10/20191010100100_00160.jpg,datasets_cloudmask/dataset_cropped/10_Metas/10/10/20191010100100_00160.png,485.6,806,80.9,21.9,965
10/10/2019 10:02,datasets/dataset_cropped/10_Metas/10/10/20191010100200_00160.jpg,datasets_flow/dataset_cropped/10_Metas/10/10/20191010100200_00160.jpg,datasets_cloudmask/dataset_cropped/10_Metas/10/10/20191010100200_00160.png,488.8,808,81.4,21.9,965
10/10/2019 10:03,datasets/dataset_cropped/10_Metas/10/10/20191010100300_00160.jpg,datasets_flow/dataset_cropped/10_Metas/10/10/20191010100300_00160.jpg,datasets_cloudmask/dataset_cropped/10_Metas/10/10/20191010100300_00160.png,491.6,810,81.2,21.9,965
10/10/2019 10:04,datasets/dataset_cropped/10_Metas/10/10/20191010100400_00160.jpg,datasets_flow/dataset_cropped/10_Metas/10/10/20191010100400_00160.jpg,datasets_cloudmask/dataset_cropped/10_Metas/10/10/20191010100400_00160.png,494.3,813,80.8,21.9,965
10/10/2019 10:05,datasets/dataset_cropped/10_Metas/10/10/20191010100500_00160.jpg,datasets_flow/dataset_cropped/10_Metas/10/10/20191010100500_00160.jpg,datasets_cloudmask/dataset_cropped/10_Metas/10/10/20191010100500_00160.png,497.6,816,80.5,21.9,965
10/10/2019 10:06,datasets/dataset_cropped/10_Metas/10/10/20191010100600_00160.jpg,datasets_flow/dataset_cropped/10_Metas/10/10/20191010100600_00160.jpg,datasets_cloudmask/dataset_cropped/10_Metas/10/10/20191010100600_00160.png,501.2,820,80.3,22.1,965
10/10/2019 10:07,datasets/dataset_cropped/10_Metas/10/10/20191010100700_00160.jpg,datasets_flow/dataset_cropped/10_Metas/10/10/20191010100700_00160.jpg,datasets_cloudmask/dataset_cropped/10_Metas/10/10/20191010100700_00160.png,504.9,823,80.6,22.2,965
10/10/2019 10:08,datasets/dataset_cropped/10_Metas/10/10/20191010100800_00160.jpg,datasets_flow/dataset_cropped/10_Metas/10/10/20191010100800_00160.jpg,datasets_cloudmask/dataset_cropped/10_Metas/10/10/20191010100800_00160.png,507.6,825,80.1,22.1,965
10/10/2019 10:09,datasets/dataset_cropped/10_Metas/10/10/20191010100900_00160.jpg,datasets_flow/dataset_cropped/10_Metas/10/10/20191010100900_00160.jpg,datasets_cloudmask/dataset_cropped/10_Metas/10/10/20191010100900_00160.png,510.6,827,80,22,965
10/10/2019 10:10,datasets/dataset_cropped/10_Metas/10/10/20191010101000_00160.jpg,datasets_flow/dataset_cropped/10_Metas/10/10/20191010101000_00160.jpg,datasets_cloudmask/dataset_cropped/10_Metas/10/10/20191010101000_00160.png,512,825,80.4,22,965
10/10/2019 10:11,datasets/dataset_cropped/10_Metas/10/10/20191010101100_00160.jpg,datasets_flow/dataset_cropped/10_Metas/10/10/20191010101100_00160.jpg,datasets_cloudmask/dataset_cropped/10_Metas/10/10/20191010101100_00160.png,513.8,824,80.8,22.1,965
10/10/2019 10:12,datasets/dataset_cropped/10_Metas/10/10/20191010101200_00160.jpg,datasets_flow/dataset_cropped/10_Metas/10/10/20191010101200_00160.jpg,datasets_cloudmask/dataset_cropped/10_Metas/10/10/20191010101200_00160.png,517.2,828,80.5,22.1,965
10/10/2019 10:13,datasets/dataset_cropped/10_Metas/10/10/20191010101300_00160.jpg,datasets_flow/dataset_cropped/10_Metas/10/10/20191010101300_00160.jpg,datasets_cloudmask/dataset_cropped/10_Metas/10/10/20191010101300_00160.png,521.7,834,80.2,22.3,965
10/10/2019 10:14,datasets/dataset_cropped/10_Metas/10/10/20191010101400_00160.jpg,datasets_flow/dataset_cropped/10_Metas/10/10/20191010101400_00160.jpg,datasets_cloudmask/dataset_cropped/10_Metas/10/10/20191010101400_00160.png,522.7,832,80.1,22.2,965
10/10/2019 10:15,datasets/dataset_cropped/10_Metas/10/10/20191010101500_00160.jpg,datasets_flow/dataset_cropped/10_Metas/10/10/20191010101500_00160.jpg,datasets_cloudmask/dataset_cropped/10_Metas/10/10/20191010101500_00160.png,523.2,829,80.3,22.2,965
10/10/2019 10:16,datasets/dataset_cropped/10_Metas/10/10/20191010101600_00160.jpg,datasets_flow/dataset_cropped/10_Metas/10/10/20191010101600_00160.jpg,datasets_cloudmask/dataset_cropped/10_Metas/10/10/20191010101600_00160.png,526.1,831,80.5,22.3,965
10/10/2019 10:17,datasets/dataset_cropped/10_Metas/10/10/20191010101700_00160.jpg,datasets_flow/dataset_cropped/10_Metas/10/10/20191010101700_00160.jpg,datasets_cloudmask/dataset_cropped/10_Metas/10/10/20191010101700_00160.png,528.7,832,80.5,22.4,965
10/10/2019 10:18,datasets/dataset_cropped/10_Metas/10/10/20191010101800_00160.jpg,datasets_flow/dataset_cropped/10_Metas/10/10/20191010101800_00160.jpg,datasets_cloudmask/dataset_cropped/10_Metas/10/10/20191010101800_00160.png,531.8,834,80.6,22.4,965
10/10/2019 10:19,datasets/dataset_cropped/10_Metas/10/10/20191010101900_00160.jpg,datasets_flow/dataset_cropped/10_Metas/10/10/20191010101900_00160.jpg,datasets_cloudmask/dataset_cropped/10_Metas/10/10/20191010101900_00160.png,529.9,826,81,22.4,965
10/10/2019 10:20,datasets/dataset_cropped/10_Metas/10/10/20191010102000_00160.jpg,datasets_flow/dataset_cropped/10_Metas/10/10/20191010102000_00160.jpg,datasets_cloudmask/dataset_cropped/10_Metas/10/10/20191010102000_00160.png,534.3,831,81,22.6,965
10/10/2019 10:21,datasets/dataset_cropped/10_Metas/10/10/20191010102100_00160.jpg,datasets_flow/dataset_cropped/10_Metas/10/10/20191010102100_00160.jpg,datasets_cloudmask/dataset_cropped/10_Metas/10/10/20191010102100_00160.png,536.5,832,80.9,22.6,965
10/10/2019 10:22,datasets/dataset_cropped/10_Metas/10/10/20191010102200_00160.jpg,datasets_flow/dataset_cropped/10_Metas/10/10/20191010102200_00160.jpg,datasets_cloudmask/dataset_cropped/10_Metas/10/10/20191010102200_00160.png,540.7,836,81,22.7,965
10/10/2019 10:23,datasets/dataset_cropped/10_Metas/10/10/20191010102300_00160.jpg,datasets_flow/dataset_cropped/10_Metas/10/10/20191010102300_00160.jpg,datasets_cloudmask/dataset_cropped/10_Metas/10/10/20191010102300_00160.png,543.7,839,81.1,22.6,965
10/10/2019 10:24,datasets/dataset_cropped/10_Metas/10/10/20191010102400_00160.jpg,datasets_flow/dataset_cropped/10_Metas/10/10/20191010102400_00160.jpg,datasets_cloudmask/dataset_cropped/10_Metas/10/10/20191010102400_00160.png,545.3,838,81.3,22.6,965
10/10/2019 10:25,datasets/dataset_cropped/10_Metas/10/10/20191010102500_00160.jpg,datasets_flow/dataset_cropped/10_Metas/10/10/20191010102500_00160.jpg,datasets_cloudmask/dataset_cropped/10_Metas/10/10/20191010102500_00160.png,547,838,81.4,22.8,965
10/10/2019 10:26,datasets/dataset_cropped/10_Metas/10/10/20191010102600_00160.jpg,datasets_flow/dataset_cropped/10_Metas/10/10/20191010102600_00160.jpg,datasets_cloudmask/dataset_cropped/10_Metas/10/10/20191010102600_00160.png,550.2,841,81,22.9,965
10/10/2019 10:27,datasets/dataset_cropped/10_Metas/10/10/20191010102700_00160.jpg,datasets_flow/dataset_cropped/10_Metas/10/10/20191010102700_00160.jpg,datasets_cloudmask/dataset_cropped/10_Metas/10/10/20191010102700_00160.png,553.3,844,80.6,22.9,965
10/10/2019 10:28,datasets/dataset_cropped/10_Metas/10/10/20191010102800_00160.jpg,datasets_flow/dataset_cropped/10_Metas/10/10/20191010102800_00160.jpg,datasets_cloudmask/dataset_cropped/10_Metas/10/10/20191010102800_00160.png,556.1,846,80.5,22.8,965
10/10/2019 10:29,datasets/dataset_cropped/10_Metas/10/10/20191010102900_00160.jpg,datasets_flow/dataset_cropped/10_Metas/10/10/20191010102900_00160.jpg,datasets_cloudmask/dataset_cropped/10_Metas/10/10/20191010102900_00160.png,558,846,80.3,22.7,965
10/10/2019 10:30,datasets/dataset_cropped/10_Metas/10/10/20191010103000_00160.jpg,datasets_flow/dataset_cropped/10_Metas/10/10/20191010103000_00160.jpg,datasets_cloudmask/dataset_cropped/10_Metas/10/10/20191010103000_00160.png,558.2,842,80.8,22.7,965
10/10/2019 10:31,datasets/dataset_cropped/10_Metas/10/10/20191010103100_00160.jpg,datasets_flow/dataset_cropped/10_Metas/10/10/20191010103100_00160.jpg,datasets_cloudmask/dataset_cropped/10_Metas/10/10/20191010103100_00160.png,559.9,841,81.4,22.7,965
10/10/2019 10:32,datasets/dataset_cropped/10_Metas/10/10/20191010103200_00160.jpg,datasets_flow/dataset_cropped/10_Metas/10/10/20191010103200_00160.jpg,datasets_cloudmask/dataset_cropped/10_Metas/10/10/20191010103200_00160.png,563,843,81.5,22.7,965
10/10/2019 10:33,datasets/dataset_cropped/10_Metas/10/10/20191010103300_00160.jpg,datasets_flow/dataset_cropped/10_Metas/10/10/20191010103300_00160.jpg,datasets_cloudmask/dataset_cropped/10_Metas/10/10/20191010103300_00160.png,566.4,846,81.7,22.6,965
10/10/2019 10:34,datasets/dataset_cropped/10_Metas/10/10/20191010103400_00160.jpg,datasets_flow/dataset_cropped/10_Metas/10/10/20191010103400_00160.jpg,datasets_cloudmask/dataset_cropped/10_Metas/10/10/20191010103400_00160.png,568.2,847,81.9,22.7,965
10/10/2019 10:35,datasets/dataset_cropped/10_Metas/10/10/20191010103500_00160.jpg,datasets_flow/dataset_cropped/10_Metas/10/10/20191010103500_00160.jpg,datasets_cloudmask/dataset_cropped/10_Metas/10/10/20191010103500_00160.png,571.9,850,81.4,22.8,965
10/10/2019 10:36,datasets/dataset_cropped/10_Metas/10/10/20191010103600_00160.jpg,datasets_flow/dataset_cropped/10_Metas/10/10/20191010103600_00160.jpg,datasets_cloudmask/dataset_cropped/10_Metas/10/10/20191010103600_00160.png,574.3,852,81.2,23,965
10/10/2019 10:37,datasets/dataset_cropped/10_Metas/10/10/20191010103700_00160.jpg,datasets_flow/dataset_cropped/10_Metas/10/10/20191010103700_00160.jpg,datasets_cloudmask/dataset_cropped/10_Metas/10/10/20191010103700_00160.png,576.1,851,81.7,22.7,965
10/10/2019 10:38,datasets/dataset_cropped/10_Metas/10/10/20191010103800_00160.jpg,datasets_flow/dataset_cropped/10_Metas/10/10/20191010103800_00160.jpg,datasets_cloudmask/dataset_cropped/10_Metas/10/10/20191010103800_00160.png,579,854,81.5,22.6,965
10/10/2019 10:39,datasets/dataset_cropped/10_Metas/10/10/20191010103900_00160.jpg,datasets_flow/dataset_cropped/10_Metas/10/10/20191010103900_00160.jpg,datasets_cloudmask/dataset_cropped/10_Metas/10/10/20191010103900_00160.png,580.6,853,81.5,22.7,965
10/10/2019 10:40,datasets/dataset_cropped/10_Metas/10/10/20191010104000_00160.jpg,datasets_flow/dataset_cropped/10_Metas/10/10/20191010104000_00160.jpg,datasets_cloudmask/dataset_cropped/10_Metas/10/10/20191010104000_00160.png,583.1,854,82.1,22.8,965
10/10/2019 10:41,datasets/dataset_cropped/10_Metas/10/10/20191010104100_00160.jpg,datasets_flow/dataset_cropped/10_Metas/10/10/20191010104100_00160.jpg,datasets_cloudmask/dataset_cropped/10_Metas/10/10/20191010104100_00160.png,584.6,854,82,22.7,965
10/10/2019 10:42,datasets/dataset_cropped/10_Metas/10/10/20191010104200_00160.jpg,datasets_flow/dataset_cropped/10_Metas/10/10/20191010104200_00160.jpg,datasets_cloudmask/dataset_cropped/10_Metas/10/10/20191010104200_00160.png,586.6,854,82.5,22.7,965
10/10/2019 10:43,datasets/dataset_cropped/10_Metas/10/10/20191010104300_00160.jpg,datasets_flow/dataset_cropped/10_Metas/10/10/20191010104300_00160.jpg,datasets_cloudmask/dataset_cropped/10_Metas/10/10/20191010104300_00160.png,587.8,853,82.6,22.8,965
10/10/2019 10:44,datasets/dataset_cropped/10_Metas/10/10/20191010104400_00160.jpg,datasets_flow/dataset_cropped/10_Metas/10/10/20191010104400_00160.jpg,datasets_cloudmask/dataset_cropped/10_Metas/10/10/20191010104400_00160.png,591.1,856,82.1,22.8,965
10/10/2019 10:45,datasets/dataset_cropped/10_Metas/10/10/20191010104500_00160.jpg,datasets_flow/dataset_cropped/10_Metas/10/10/20191010104500_00160.jpg,datasets_cloudmask/dataset_cropped/10_Metas/10/10/20191010104500_00160.png,594.7,860,81.8,22.7,965
10/10/2019 10:46,datasets/dataset_cropped/10_Metas/10/10/20191010104600_00160.jpg,datasets_flow/dataset_cropped/10_Metas/10/10/20191010104600_00160.jpg,datasets_cloudmask/dataset_cropped/10_Metas/10/10/20191010104600_00160.png,595.2,858,81.7,22.7,965
10/10/2019 10:47,datasets/dataset_cropped/10_Metas/10/10/20191010104700_00160.jpg,datasets_flow/dataset_cropped/10_Metas/10/10/20191010104700_00160.jpg,datasets_cloudmask/dataset_cropped/10_Metas/10/10/20191010104700_00160.png,596,856,82.1,22.8,965
10/10/2019 10:48,datasets/dataset_cropped/10_Metas/10/10/20191010104800_00160.jpg,datasets_flow/dataset_cropped/10_Metas/10/10/20191010104800_00160.jpg,datasets_cloudmask/dataset_cropped/10_Metas/10/10/20191010104800_00160.png,597.7,856,81.7,22.8,965
10/10/2019 10:49,datasets/dataset_cropped/10_Metas/10/10/20191010104900_00160.jpg,datasets_flow/dataset_cropped/10_Metas/10/10/20191010104900_00160.jpg,datasets_cloudmask/dataset_cropped/10_Metas/10/10/20191010104900_00160.png,601.6,861,81.5,22.9,965
10/10/2019 10:50,datasets/dataset_cropped/10_Metas/10/10/20191010105000_00160.jpg,datasets_flow/dataset_cropped/10_Metas/10/10/20191010105000_00160.jpg,datasets_cloudmask/dataset_cropped/10_Metas/10/10/20191010105000_00160.png,602.9,861,81.3,22.8,965
10/10/2019 10:51,datasets/dataset_cropped/10_Metas/10/10/20191010105100_00160.jpg,datasets_flow/dataset_cropped/10_Metas/10/10/20191010105100_00160.jpg,datasets_cloudmask/dataset_cropped/10_Metas/10/10/20191010105100_00160.png,605.3,862,81.8,22.9,965
10/10/2019 10:52,datasets/dataset_cropped/10_Metas/10/10/20191010105200_00160.jpg,datasets_flow/dataset_cropped/10_Metas/10/10/20191010105200_00160.jpg,datasets_cloudmask/dataset_cropped/10_Metas/10/10/20191010105200_00160.png,608.3,865,81.6,22.9,965
10/10/2019 10:53,datasets/dataset_cropped/10_Metas/10/10/20191010105300_00160.jpg,datasets_flow/dataset_cropped/10_Metas/10/10/20191010105300_00160.jpg,datasets_cloudmask/dataset_cropped/10_Metas/10/10/20191010105300_00160.png,610.2,865,81.4,23.1,965
10/10/2019 10:54,datasets/dataset_cropped/10_Metas/10/10/20191010105400_00160.jpg,datasets_flow/dataset_cropped/10_Metas/10/10/20191010105400_00160.jpg,datasets_cloudmask/dataset_cropped/10_Metas/10/10/20191010105400_00160.png,611.7,865,81.3,23,965
10/10/2019 10:55,datasets/dataset_cropped/10_Metas/10/10/20191010105500_00160.jpg,datasets_flow/dataset_cropped/10_Metas/10/10/20191010105500_00160.jpg,datasets_cloudmask/dataset_cropped/10_Metas/10/10/20191010105500_00160.png,613.2,865,81.5,23.1,965
10/10/2019 10:56,datasets/dataset_cropped/10_Metas/10/10/20191010105600_00160.jpg,datasets_flow/dataset_cropped/10_Metas/10/10/20191010105600_00160.jpg,datasets_cloudmask/dataset_cropped/10_Metas/10/10/20191010105600_00160.png,616.2,868,81.3,23,965
10/10/2019 10:57,datasets/dataset_cropped/10_Metas/10/10/20191010105700_00160.jpg,datasets_flow/dataset_cropped/10_Metas/10/10/20191010105700_00160.jpg,datasets_cloudmask/dataset_cropped/10_Metas/10/10/20191010105700_00160.png,618.2,868,81.4,23,965
10/10/2019 10:58,datasets/dataset_cropped/10_Metas/10/10/20191010105800_00160.jpg,datasets_flow/dataset_cropped/10_Metas/10/10/20191010105800_00160.jpg,datasets_cloudmask/dataset_cropped/10_Metas/10/10/20191010105800_00160.png,619.1,868,81.4,23.1,965
10/10/2019 10:59,datasets/dataset_cropped/10_Metas/10/10/20191010105900_00160.jpg,datasets_flow/dataset_cropped/10_Metas/10/10/20191010105900_00160.jpg,datasets_cloudmask/dataset_cropped/10_Metas/10/10/20191010105900_00160.png,623.7,873,81.3,23,965
10/10/2019 11:00,datasets/dataset_cropped/10_Metas/10/11/20191010110000_00160.jpg,datasets_flow/dataset_cropped/10_Metas/10/11/20191010110000_00160.jpg,datasets_cloudmask/dataset_cropped/10_Metas/10/11/20191010110000_00160.png,623.4,869,81.5,22.9,965
10/10/2019 11:01,datasets/dataset_cropped/10_Metas/10/11/20191010110100_00160.jpg,datasets_flow/dataset_cropped/10_Metas/10/11/20191010110100_00160.jpg,datasets_cloudmask/dataset_cropped/10_Metas/10/11/20191010110100_00160.png,625.8,870,81.9,23,965
10/10/2019 11:02,datasets/dataset_cropped/10_Metas/10/11/20191010110200_00160.jpg,datasets_flow/dataset_cropped/10_Metas/10/11/20191010110200_00160.jpg,datasets_cloudmask/dataset_cropped/10_Metas/10/11/20191010110200_00160.png,628.5,872,82.2,23.1,965
10/10/2019 11:03,datasets/dataset_cropped/10_Metas/10/11/20191010110300_00160.jpg,datasets_flow/dataset_cropped/10_Metas/10/11/20191010110300_00160.jpg,datasets_cloudmask/dataset_cropped/10_Metas/10/11/20191010110300_00160.png,629.3,870,82.6,23.2,965
10/10/2019 11:04,datasets/dataset_cropped/10_Metas/10/11/20191010110400_00160.jpg,datasets_flow/dataset_cropped/10_Metas/10/11/20191010110400_00160.jpg,datasets_cloudmask/dataset_cropped/10_Metas/10/11/20191010110400_00160.png,631.1,871,82.7,23.5,965
10/10/2019 11:05,datasets/dataset_cropped/10_Metas/10/11/20191010110500_00160.jpg,datasets_flow/dataset_cropped/10_Metas/10/11/20191010110500_00160.jpg,datasets_cloudmask/dataset_cropped/10_Metas/10/11/20191010110500_00160.png,631.7,870,82.8,23.2,965
10/10/2019 11:06,datasets/dataset_cropped/10_Metas/10/11/20191010110600_00160.jpg,datasets_flow/dataset_cropped/10_Metas/10/11/20191010110600_00160.jpg,datasets_cloudmask/dataset_cropped/10_Metas/10/11/20191010110600_00160.png,634.6,873,82.5,23.1,965
10/10/2019 11:07,datasets/dataset_cropped/10_Metas/10/11/20191010110700_00160.jpg,datasets_flow/dataset_cropped/10_Metas/10/11/20191010110700_00160.jpg,datasets_cloudmask/dataset_cropped/10_Metas/10/11/20191010110700_00160.png,635.8,872,82.5,23.1,965
10/10/2019 11:08,datasets/dataset_cropped/10_Metas/10/11/20191010110800_00160.jpg,datasets_flow/dataset_cropped/10_Metas/10/11/20191010110800_00160.jpg,datasets_cloudmask/dataset_cropped/10_Metas/10/11/20191010110800_00160.png,637.3,872,82.3,23.3,965
10/10/2019 11:09,datasets/dataset_cropped/10_Metas/10/11/20191010110900_00160.jpg,datasets_flow/dataset_cropped/10_Metas/10/11/20191010110900_00160.jpg,datasets_cloudmask/dataset_cropped/10_Metas/10/11/20191010110900_00160.png,640.9,876,82.4,23.3,965
10/10/2019 11:10,datasets/dataset_cropped/10_Metas/10/11/20191010111000_00160.jpg,datasets_flow/dataset_cropped/10_Metas/10/11/20191010111000_00160.jpg,datasets_cloudmask/dataset_cropped/10_Metas/10/11/20191010111000_00160.png,644.4,880,82,23.1,965
10/10/2019 11:11,datasets/dataset_cropped/10_Metas/10/11/20191010111100_00160.jpg,datasets_flow/dataset_cropped/10_Metas/10/11/20191010111100_00160.jpg,datasets_cloudmask/dataset_cropped/10_Metas/10/11/20191010111100_00160.png,644.8,879,81.7,23.2,965
10/10/2019 11:12,datasets/dataset_cropped/10_Metas/10/11/20191010111200_00160.jpg,datasets_flow/dataset_cropped/10_Metas/10/11/20191010111200_00160.jpg,datasets_cloudmask/dataset_cropped/10_Metas/10/11/20191010111200_00160.png,647.6,881,81.7,23.4,965
10/10/2019 11:13,datasets/dataset_cropped/10_Metas/10/11/20191010111300_00160.jpg,datasets_flow/dataset_cropped/10_Metas/10/11/20191010111300_00160.jpg,datasets_cloudmask/dataset_cropped/10_Metas/10/11/20191010111300_00160.png,647.5,879,82.1,23.6,965
10/10/2019 11:14,datasets/dataset_cropped/10_Metas/10/11/20191010111400_00160.jpg,datasets_flow/dataset_cropped/10_Metas/10/11/20191010111400_00160.jpg,datasets_cloudmask/dataset_cropped/10_Metas/10/11/20191010111400_00160.png,651.4,883,81.8,23.4,965
10/10/2019 11:15,datasets/dataset_cropped/10_Metas/10/11/20191010111500_00160.jpg,datasets_flow/dataset_cropped/10_Metas/10/11/20191010111500_00160.jpg,datasets_cloudmask/dataset_cropped/10_Metas/10/11/20191010111500_00160.png,652.8,883,81.2,23.3,965
10/10/2019 11:16,datasets/dataset_cropped/10_Metas/10/11/20191010111600_00160.jpg,datasets_flow/dataset_cropped/10_Metas/10/11/20191010111600_00160.jpg,datasets_cloudmask/dataset_cropped/10_Metas/10/11/20191010111600_00160.png,654.4,883,81.2,23.4,965
10/10/2019 11:17,datasets/dataset_cropped/10_Metas/10/11/20191010111700_00160.jpg,datasets_flow/dataset_cropped/10_Metas/10/11/20191010111700_00160.jpg,datasets_cloudmask/dataset_cropped/10_Metas/10/11/20191010111700_00160.png,657.1,885,81.6,23.1,965
10/10/2019 11:18,datasets/dataset_cropped/10_Metas/10/11/20191010111800_00160.jpg,datasets_flow/dataset_cropped/10_Metas/10/11/20191010111800_00160.jpg,datasets_cloudmask/dataset_cropped/10_Metas/10/11/20191010111800_00160.png,656.1,881,82.3,23.3,965
10/10/2019 11:19,datasets/dataset_cropped/10_Metas/10/11/20191010111900_00160.jpg,datasets_flow/dataset_cropped/10_Metas/10/11/20191010111900_00160.jpg,datasets_cloudmask/dataset_cropped/10_Metas/10/11/20191010111900_00160.png,657,880,82.4,23.5,965
10/10/2019 11:20,datasets/dataset_cropped/10_Metas/10/11/20191010112000_00160.jpg,datasets_flow/dataset_cropped/10_Metas/10/11/20191010112000_00160.jpg,datasets_cloudmask/dataset_cropped/10_Metas/10/11/20191010112000_00160.png,659.7,882,82.6,23.8,965
10/10/2019 11:21,datasets/dataset_cropped/10_Metas/10/11/20191010112100_00160.jpg,datasets_flow/dataset_cropped/10_Metas/10/11/20191010112100_00160.jpg,datasets_cloudmask/dataset_cropped/10_Metas/10/11/20191010112100_00160.png,660.7,882,82.5,23.5,965
10/10/2019 11:22,datasets/dataset_cropped/10_Metas/10/11/20191010112200_00160.jpg,datasets_flow/dataset_cropped/10_Metas/10/11/20191010112200_00160.jpg,datasets_cloudmask/dataset_cropped/10_Metas/10/11/20191010112200_00160.png,664,885,81.9,23.3,965
10/10/2019 11:23,datasets/dataset_cropped/10_Metas/10/11/20191010112300_00160.jpg,datasets_flow/dataset_cropped/10_Metas/10/11/20191010112300_00160.jpg,datasets_cloudmask/dataset_cropped/10_Metas/10/11/20191010112300_00160.png,664.4,883,82.6,23.3,965
10/10/2019 11:24,datasets/dataset_cropped/10_Metas/10/11/20191010112400_00160.jpg,datasets_flow/dataset_cropped/10_Metas/10/11/20191010112400_00160.jpg,datasets_cloudmask/dataset_cropped/10_Metas/10/11/20191010112400_00160.png,665.8,884,82.7,23.6,965
10/10/2019 11:25,datasets/dataset_cropped/10_Metas/10/11/20191010112500_00160.jpg,datasets_flow/dataset_cropped/10_Metas/10/11/20191010112500_00160.jpg,datasets_cloudmask/dataset_cropped/10_Metas/10/11/20191010112500_00160.png,668.3,886,82.4,23.9,965
10/10/2019 11:26,datasets/dataset_cropped/10_Metas/10/11/20191010112600_00160.jpg,datasets_flow/dataset_cropped/10_Metas/10/11/20191010112600_00160.jpg,datasets_cloudmask/dataset_cropped/10_Metas/10/11/20191010112600_00160.png,669.2,886,82.8,23.8,965
10/10/2019 11:27,datasets/dataset_cropped/10_Metas/10/11/20191010112700_00160.jpg,datasets_flow/dataset_cropped/10_Metas/10/11/20191010112700_00160.jpg,datasets_cloudmask/dataset_cropped/10_Metas/10/11/20191010112700_00160.png,671.6,888,82.5,23.5,965
10/10/2019 11:28,datasets/dataset_cropped/10_Metas/10/11/20191010112800_00160.jpg,datasets_flow/dataset_cropped/10_Metas/10/11/20191010112800_00160.jpg,datasets_cloudmask/dataset_cropped/10_Metas/10/11/20191010112800_00160.png,672.8,888,82.1,23.4,965
10/10/2019 11:29,datasets/dataset_cropped/10_Metas/10/11/20191010112900_00160.jpg,datasets_flow/dataset_cropped/10_Metas/10/11/20191010112900_00160.jpg,datasets_cloudmask/dataset_cropped/10_Metas/10/11/20191010112900_00160.png,674.3,889,81.8,23.5,965
10/10/2019 11:30,datasets/dataset_cropped/10_Metas/10/11/20191010113000_00160.jpg,datasets_flow/dataset_cropped/10_Metas/10/11/20191010113000_00160.jpg,datasets_cloudmask/dataset_cropped/10_Metas/10/11/20191010113000_00160.png,676.7,890,82.2,23.5,965
10/10/2019 11:31,datasets/dataset_cropped/10_Metas/10/11/20191010113100_00160.jpg,datasets_flow/dataset_cropped/10_Metas/10/11/20191010113100_00160.jpg,datasets_cloudmask/dataset_cropped/10_Metas/10/11/20191010113100_00160.png,678.4,890,82.9,23.5,965
10/10/2019 11:32,datasets/dataset_cropped/10_Metas/10/11/20191010113200_00160.jpg,datasets_flow/dataset_cropped/10_Metas/10/11/20191010113200_00160.jpg,datasets_cloudmask/dataset_cropped/10_Metas/10/11/20191010113200_00160.png,680.7,891,83.3,23.4,965
10/10/2019 11:33,datasets/dataset_cropped/10_Metas/10/11/20191010113300_00160.jpg,datasets_flow/dataset_cropped/10_Metas/10/11/20191010113300_00160.jpg,datasets_cloudmask/dataset_cropped/10_Metas/10/11/20191010113300_00160.png,681.5,890,83.6,23.4,965
10/10/2019 11:34,datasets/dataset_cropped/10_Metas/10/11/20191010113400_00160.jpg,datasets_flow/dataset_cropped/10_Metas/10/11/20191010113400_00160.jpg,datasets_cloudmask/dataset_cropped/10_Metas/10/11/20191010113400_00160.png,681.4,887,83.9,23.5,965
10/10/2019 11:35,datasets/dataset_cropped/10_Metas/10/11/20191010113500_00160.jpg,datasets_flow/dataset_cropped/10_Metas/10/11/20191010113500_00160.jpg,datasets_cloudmask/dataset_cropped/10_Metas/10/11/20191010113500_00160.png,683.2,888,83.9,23.6,965
10/10/2019 11:36,datasets/dataset_cropped/10_Metas/10/11/20191010113600_00160.jpg,datasets_flow/dataset_cropped/10_Metas/10/11/20191010113600_00160.jpg,datasets_cloudmask/dataset_cropped/10_Metas/10/11/20191010113600_00160.png,683.2,886,84.5,23.8,965
10/10/2019 11:37,datasets/dataset_cropped/10_Metas/10/11/20191010113700_00160.jpg,datasets_flow/dataset_cropped/10_Metas/10/11/20191010113700_00160.jpg,datasets_cloudmask/dataset_cropped/10_Metas/10/11/20191010113700_00160.png,683.2,883,85.6,24,965
10/10/2019 11:38,datasets/dataset_cropped/10_Metas/10/11/20191010113800_00160.jpg,datasets_flow/dataset_cropped/10_Metas/10/11/20191010113800_00160.jpg,datasets_cloudmask/dataset_cropped/10_Metas/10/11/20191010113800_00160.png,684,883,86.1,24.1,965
10/10/2019 11:39,datasets/dataset_cropped/10_Metas/10/11/20191010113900_00160.jpg,datasets_flow/dataset_cropped/10_Metas/10/11/20191010113900_00160.jpg,datasets_cloudmask/dataset_cropped/10_Metas/10/11/20191010113900_00160.png,686.8,885,85.5,23.9,965
10/10/2019 11:40,datasets/dataset_cropped/10_Metas/10/11/20191010114000_00160.jpg,datasets_flow/dataset_cropped/10_Metas/10/11/20191010114000_00160.jpg,datasets_cloudmask/dataset_cropped/10_Metas/10/11/20191010114000_00160.png,686.4,883,85.3,23.7,965
10/10/2019 11:41,datasets/dataset_cropped/10_Metas/10/11/20191010114100_00160.jpg,datasets_flow/dataset_cropped/10_Metas/10/11/20191010114100_00160.jpg,datasets_cloudmask/dataset_cropped/10_Metas/10/11/20191010114100_00160.png,689.3,886,85.5,23.8,965
10/10/2019 11:42,datasets/dataset_cropped/10_Metas/10/11/20191010114200_00160.jpg,datasets_flow/dataset_cropped/10_Metas/10/11/20191010114200_00160.jpg,datasets_cloudmask/dataset_cropped/10_Metas/10/11/20191010114200_00160.png,692.2,889,85.4,24,965
10/10/2019 11:43,datasets/dataset_cropped/10_Metas/10/11/20191010114300_00160.jpg,datasets_flow/dataset_cropped/10_Metas/10/11/20191010114300_00160.jpg,datasets_cloudmask/dataset_cropped/10_Metas/10/11/20191010114300_00160.png,695.5,895,84.4,23.8,965
10/10/2019 11:44,datasets/dataset_cropped/10_Metas/10/11/20191010114400_00160.jpg,datasets_flow/dataset_cropped/10_Metas/10/11/20191010114400_00160.jpg,datasets_cloudmask/dataset_cropped/10_Metas/10/11/20191010114400_00160.png,695,893,84.1,23.6,965
10/10/2019 11:45,datasets/dataset_cropped/10_Metas/10/11/20191010114500_00160.jpg,datasets_flow/dataset_cropped/10_Metas/10/11/20191010114500_00160.jpg,datasets_cloudmask/dataset_cropped/10_Metas/10/11/20191010114500_00160.png,696.4,893,84.3,23.7,965
10/10/2019 11:46,datasets/dataset_cropped/10_Metas/10/11/20191010114600_00160.jpg,datasets_flow/dataset_cropped/10_Metas/10/11/20191010114600_00160.jpg,datasets_cloudmask/dataset_cropped/10_Metas/10/11/20191010114600_00160.png,696.2,892,83.8,23.6,965
10/10/2019 11:47,datasets/dataset_cropped/10_Metas/10/11/20191010114700_00160.jpg,datasets_flow/dataset_cropped/10_Metas/10/11/20191010114700_00160.jpg,datasets_cloudmask/dataset_cropped/10_Metas/10/11/20191010114700_00160.png,698,893,83,23.6,965
10/10/2019 11:48,datasets/dataset_cropped/10_Metas/10/11/20191010114800_00160.jpg,datasets_flow/dataset_cropped/10_Metas/10/11/20191010114800_00160.jpg,datasets_cloudmask/dataset_cropped/10_Metas/10/11/20191010114800_00160.png,699.1,894,82.9,23.8,965
10/10/2019 11:49,datasets/dataset_cropped/10_Metas/10/11/20191010114900_00160.jpg,datasets_flow/dataset_cropped/10_Metas/10/11/20191010114900_00160.jpg,datasets_cloudmask/dataset_cropped/10_Metas/10/11/20191010114900_00160.png,699.6,893,83.2,23.9,965
10/10/2019 11:50,datasets/dataset_cropped/10_Metas/10/11/20191010115000_00160.jpg,datasets_flow/dataset_cropped/10_Metas/10/11/20191010115000_00160.jpg,datasets_cloudmask/dataset_cropped/10_Metas/10/11/20191010115000_00160.png,702.4,896,83.4,23.9,965
10/10/2019 11:51,datasets/dataset_cropped/10_Metas/10/11/20191010115100_00160.jpg,datasets_flow/dataset_cropped/10_Metas/10/11/20191010115100_00160.jpg,datasets_cloudmask/dataset_cropped/10_Metas/10/11/20191010115100_00160.png,703.7,896,83.7,23.8,965
10/10/2019 11:52,datasets/dataset_cropped/10_Metas/10/11/20191010115200_00160.jpg,datasets_flow/dataset_cropped/10_Metas/10/11/20191010115200_00160.jpg,datasets_cloudmask/dataset_cropped/10_Metas/10/11/20191010115200_00160.png,702.8,892,84.6,23.7,965
10/10/2019 11:53,datasets/dataset_cropped/10_Metas/10/11/20191010115300_00160.jpg,datasets_flow/dataset_cropped/10_Metas/10/11/20191010115300_00160.jpg,datasets_cloudmask/dataset_cropped/10_Metas/10/11/20191010115300_00160.png,705.1,894,85.2,24,965
10/10/2019 11:54,datasets/dataset_cropped/10_Metas/10/11/20191010115400_00160.jpg,datasets_flow/dataset_cropped/10_Metas/10/11/20191010115400_00160.jpg,datasets_cloudmask/dataset_cropped/10_Metas/10/11/20191010115400_00160.png,706.9,895,85.1,24.1,965
10/10/2019 11:55,datasets/dataset_cropped/10_Metas/10/11/20191010115500_00160.jpg,datasets_flow/dataset_cropped/10_Metas/10/11/20191010115500_00160.jpg,datasets_cloudmask/dataset_cropped/10_Metas/10/11/20191010115500_00160.png,707.2,895,84.7,23.9,965
10/10/2019 11:56,datasets/dataset_cropped/10_Metas/10/11/20191010115600_00160.jpg,datasets_flow/dataset_cropped/10_Metas/10/11/20191010115600_00160.jpg,datasets_cloudmask/dataset_cropped/10_Metas/10/11/20191010115600_00160.png,710.2,900,83.2,23.7,965
10/10/2019 11:57,datasets/dataset_cropped/10_Metas/10/11/20191010115700_00160.jpg,datasets_flow/dataset_cropped/10_Metas/10/11/20191010115700_00160.jpg,datasets_cloudmask/dataset_cropped/10_Metas/10/11/20191010115700_00160.png,711.4,901,82.5,23.5,965
10/10/2019 11:58,datasets/dataset_cropped/10_Metas/10/11/20191010115800_00160.jpg,datasets_flow/dataset_cropped/10_Metas/10/11/20191010115800_00160.jpg,datasets_cloudmask/dataset_cropped/10_Metas/10/11/20191010115800_00160.png,712.5,902,82.1,23.7,965
10/10/2019 11:59,datasets/dataset_cropped/10_Metas/10/11/20191010115900_00160.jpg,datasets_flow/dataset_cropped/10_Metas/10/11/20191010115900_00160.jpg,datasets_cloudmask/dataset_cropped/10_Metas/10/11/20191010115900_00160.png,713.7,902,81.8,23.6,965
10/10/2019 12:00,datasets/dataset_cropped/10_Metas/10/12/20191010120000_00160.jpg,datasets_flow/dataset_cropped/10_Metas/10/12/20191010120000_00160.jpg,datasets_cloudmask/dataset_cropped/10_Metas/10/12/20191010120000_00160.png,714.9,903,81.7,23.6,965
10/10/2019 12:01,datasets/dataset_cropped/10_Metas/10/12/20191010120100_00160.jpg,datasets_flow/dataset_cropped/10_Metas/10/12/20191010120100_00160.jpg,datasets_cloudmask/dataset_cropped/10_Metas/10/12/20191010120100_00160.png,717.8,907,81.2,23.5,965
10/10/2019 12:02,datasets/dataset_cropped/10_Metas/10/12/20191010120200_00160.jpg,datasets_flow/dataset_cropped/10_Metas/10/12/20191010120200_00160.jpg,datasets_cloudmask/dataset_cropped/10_Metas/10/12/20191010120200_00160.png,718.5,907,81,23.5,965
10/10/2019 12:03,datasets/dataset_cropped/10_Metas/10/12/20191010120300_00160.jpg,datasets_flow/dataset_cropped/10_Metas/10/12/20191010120300_00160.jpg,datasets_cloudmask/dataset_cropped/10_Metas/10/12/20191010120300_00160.png,718.9,906,81.5,23.8,965
10/10/2019 12:04,datasets/dataset_cropped/10_Metas/10/12/20191010120400_00160.jpg,datasets_flow/dataset_cropped/10_Metas/10/12/20191010120400_00160.jpg,datasets_cloudmask/dataset_cropped/10_Metas/10/12/20191010120400_00160.png,719.3,905,81.7,24,965
10/10/2019 12:05,datasets/dataset_cropped/10_Metas/10/12/20191010120500_00160.jpg,datasets_flow/dataset_cropped/10_Metas/10/12/20191010120500_00160.jpg,datasets_cloudmask/dataset_cropped/10_Metas/10/12/20191010120500_00160.png,721.1,907,82.2,24.1,965
10/10/2019 12:06,datasets/dataset_cropped/10_Metas/10/12/20191010120600_00160.jpg,datasets_flow/dataset_cropped/10_Metas/10/12/20191010120600_00160.jpg,datasets_cloudmask/dataset_cropped/10_Metas/10/12/20191010120600_00160.png,722.5,908,82.1,24.3,965
10/10/2019 12:07,datasets/dataset_cropped/10_Metas/10/12/20191010120700_00160.jpg,datasets_flow/dataset_cropped/10_Metas/10/12/20191010120700_00160.jpg,datasets_cloudmask/dataset_cropped/10_Metas/10/12/20191010120700_00160.png,721.9,907,81.8,24.4,965
10/10/2019 12:08,datasets/dataset_cropped/10_Metas/10/12/20191010120800_00160.jpg,datasets_flow/dataset_cropped/10_Metas/10/12/20191010120800_00160.jpg,datasets_cloudmask/dataset_cropped/10_Metas/10/12/20191010120800_00160.png,724.1,909,81.7,24.5,965
10/10/2019 12:09,datasets/dataset_cropped/10_Metas/10/12/20191010120900_00160.jpg,datasets_flow/dataset_cropped/10_Metas/10/12/20191010120900_00160.jpg,datasets_cloudmask/dataset_cropped/10_Metas/10/12/20191010120900_00160.png,724.1,908,81.9,24.4,965
10/10/2019 12:10,datasets/dataset_cropped/10_Metas/10/12/20191010121000_00160.jpg,datasets_flow/dataset_cropped/10_Metas/10/12/20191010121000_00160.jpg,datasets_cloudmask/dataset_cropped/10_Metas/10/12/20191010121000_00160.png,724.7,908,82,24.3,965
10/10/2019 12:11,datasets/dataset_cropped/10_Metas/10/12/20191010121100_00160.jpg,datasets_flow/dataset_cropped/10_Metas/10/12/20191010121100_00160.jpg,datasets_cloudmask/dataset_cropped/10_Metas/10/12/20191010121100_00160.png,725.3,908,81.8,24.2,965
10/10/2019 12:12,datasets/dataset_cropped/10_Metas/10/12/20191010121200_00160.jpg,datasets_flow/dataset_cropped/10_Metas/10/12/20191010121200_00160.jpg,datasets_cloudmask/dataset_cropped/10_Metas/10/12/20191010121200_00160.png,725.9,907,81.9,24.2,965
10/10/2019 12:13,datasets/dataset_cropped/10_Metas/10/12/20191010121300_00160.jpg,datasets_flow/dataset_cropped/10_Metas/10/12/20191010121300_00160.jpg,datasets_cloudmask/dataset_cropped/10_Metas/10/12/20191010121300_00160.png,727.7,909,81.6,24.2,965
10/10/2019 12:14,datasets/dataset_cropped/10_Metas/10/12/20191010121400_00160.jpg,datasets_flow/dataset_cropped/10_Metas/10/12/20191010121400_00160.jpg,datasets_cloudmask/dataset_cropped/10_Metas/10/12/20191010121400_00160.png,727.8,907,82.3,24.3,965
10/10/2019 12:15,datasets/dataset_cropped/10_Metas/10/12/20191010121500_00160.jpg,datasets_flow/dataset_cropped/10_Metas/10/12/20191010121500_00160.jpg,datasets_cloudmask/dataset_cropped/10_Metas/10/12/20191010121500_00160.png,727.8,906,82.6,24,965
10/10/2019 12:16,datasets/dataset_cropped/10_Metas/10/12/20191010121600_00160.jpg,datasets_flow/dataset_cropped/10_Metas/10/12/20191010121600_00160.jpg,datasets_cloudmask/dataset_cropped/10_Metas/10/12/20191010121600_00160.png,729.8,908,82.5,24.1,965
10/10/2019 12:17,datasets/dataset_cropped/10_Metas/10/12/20191010121700_00160.jpg,datasets_flow/dataset_cropped/10_Metas/10/12/20191010121700_00160.jpg,datasets_cloudmask/dataset_cropped/10_Metas/10/12/20191010121700_00160.png,730.4,908,82.9,24.2,965
10/10/2019 12:18,datasets/dataset_cropped/10_Metas/10/12/20191010121800_00160.jpg,datasets_flow/dataset_cropped/10_Metas/10/12/20191010121800_00160.jpg,datasets_cloudmask/dataset_cropped/10_Metas/10/12/20191010121800_00160.png,730.5,907,82.8,24.2,965
10/10/2019 12:19,datasets/dataset_cropped/10_Metas/10/12/20191010121900_00160.jpg,datasets_flow/dataset_cropped/10_Metas/10/12/20191010121900_00160.jpg,datasets_cloudmask/dataset_cropped/10_Metas/10/12/20191010121900_00160.png,731.9,908,83.1,24.6,964
10/10/2019 12:20,datasets/dataset_cropped/10_Metas/10/12/20191010122000_00160.jpg,datasets_flow/dataset_cropped/10_Metas/10/12/20191010122000_00160.jpg,datasets_cloudmask/dataset_cropped/10_Metas/10/12/20191010122000_00160.png,731.6,907,83.7,24.6,965
10/10/2019 12:21,datasets/dataset_cropped/10_Metas/10/12/20191010122100_00160.jpg,datasets_flow/dataset_cropped/10_Metas/10/12/20191010122100_00160.jpg,datasets_cloudmask/dataset_cropped/10_Metas/10/12/20191010122100_00160.png,731.6,906,84.1,24.3,965
10/10/2019 12:22,datasets/dataset_cropped/10_Metas/10/12/20191010122200_00160.jpg,datasets_flow/dataset_cropped/10_Metas/10/12/20191010122200_00160.jpg,datasets_cloudmask/dataset_cropped/10_Metas/10/12/20191010122200_00160.png,731.9,906,83.9,24.4,964
10/10/2019 12:23,datasets/dataset_cropped/10_Metas/10/12/20191010122300_00160.jpg,datasets_flow/dataset_cropped/10_Metas/10/12/20191010122300_00160.jpg,datasets_cloudmask/dataset_cropped/10_Metas/10/12/20191010122300_00160.png,733.6,907,83.4,24.2,965
10/10/2019 12:24,datasets/dataset_cropped/10_Metas/10/12/20191010122400_00160.jpg,datasets_flow/dataset_cropped/10_Metas/10/12/20191010122400_00160.jpg,datasets_cloudmask/dataset_cropped/10_Metas/10/12/20191010122400_00160.png,734.2,906,84.2,24.3,965
10/10/2019 12:25,datasets/dataset_cropped/10_Metas/10/12/20191010122500_00160.jpg,datasets_flow/dataset_cropped/10_Metas/10/12/20191010122500_00160.jpg,datasets_cloudmask/dataset_cropped/10_Metas/10/12/20191010122500_00160.png,732.7,902,85.3,24.3,964
10/10/2019 12:26,datasets/dataset_cropped/10_Metas/10/12/20191010122600_00160.jpg,datasets_flow/dataset_cropped/10_Metas/10/12/20191010122600_00160.jpg,datasets_cloudmask/dataset_cropped/10_Metas/10/12/20191010122600_00160.png,733.5,904,84.9,24.3,964
10/10/2019 12:27,datasets/dataset_cropped/10_Metas/10/12/20191010122700_00160.jpg,datasets_flow/dataset_cropped/10_Metas/10/12/20191010122700_00160.jpg,datasets_cloudmask/dataset_cropped/10_Metas/10/12/20191010122700_00160.png,735.2,907,83.8,24.3,964
10/10/2019 12:28,datasets/dataset_cropped/10_Metas/10/12/20191010122800_00160.jpg,datasets_flow/dataset_cropped/10_Metas/10/12/20191010122800_00160.jpg,datasets_cloudmask/dataset_cropped/10_Metas/10/12/20191010122800_00160.png,738,913,82.2,24.1,964
10/10/2019 12:29,datasets/dataset_cropped/10_Metas/10/12/20191010122900_00160.jpg,datasets_flow/dataset_cropped/10_Metas/10/12/20191010122900_00160.jpg,datasets_cloudmask/dataset_cropped/10_Metas/10/12/20191010122900_00160.png,736.4,910,82,24.4,964
10/10/2019 12:30,datasets/dataset_cropped/10_Metas/10/12/20191010123000_00160.jpg,datasets_flow/dataset_cropped/10_Metas/10/12/20191010123000_00160.jpg,datasets_cloudmask/dataset_cropped/10_Metas/10/12/20191010123000_00160.png,736.6,911,81.5,24.8,964
10/10/2019 12:31,datasets/dataset_cropped/10_Metas/10/12/20191010123100_00160.jpg,datasets_flow/dataset_cropped/10_Metas/10/12/20191010123100_00160.jpg,datasets_cloudmask/dataset_cropped/10_Metas/10/12/20191010123100_00160.png,737.2,911,81.4,24.7,964
10/10/2019 12:32,datasets/dataset_cropped/10_Metas/10/12/20191010123200_00160.jpg,datasets_flow/dataset_cropped/10_Metas/10/12/20191010123200_00160.jpg,datasets_cloudmask/dataset_cropped/10_Metas/10/12/20191010123200_00160.png,738.7,912,81.7,24.6,964
10/10/2019 12:33,datasets/dataset_cropped/10_Metas/10/12/20191010123300_00160.jpg,datasets_flow/dataset_cropped/10_Metas/10/12/20191010123300_00160.jpg,datasets_cloudmask/dataset_cropped/10_Metas/10/12/20191010123300_00160.png,738.5,911,81.7,24.4,964
10/10/2019 12:34,datasets/dataset_cropped/10_Metas/10/12/20191010123400_00160.jpg,datasets_flow/dataset_cropped/10_Metas/10/12/20191010123400_00160.jpg,datasets_cloudmask/dataset_cropped/10_Metas/10/12/20191010123400_00160.png,738,910,81.9,24.4,964
10/10/2019 12:35,datasets/dataset_cropped/10_Metas/10/12/20191010123500_00160.jpg,datasets_flow/dataset_cropped/10_Metas/10/12/20191010123500_00160.jpg,datasets_cloudmask/dataset_cropped/10_Metas/10/12/20191010123500_00160.png,739.4,912,81.6,24.4,964
10/10/2019 12:36,datasets/dataset_cropped/10_Metas/10/12/20191010123600_00160.jpg,datasets_flow/dataset_cropped/10_Metas/10/12/20191010123600_00160.jpg,datasets_cloudmask/dataset_cropped/10_Metas/10/12/20191010123600_00160.png,741.7,915,81,24.4,964
10/10/2019 12:37,datasets/dataset_cropped/10_Metas/10/12/20191010123700_00160.jpg,datasets_flow/dataset_cropped/10_Metas/10/12/20191010123700_00160.jpg,datasets_cloudmask/dataset_cropped/10_Metas/10/12/20191010123700_00160.png,740.8,913,81.7,24.6,964
10/10/2019 12:38,datasets/dataset_cropped/10_Metas/10/12/20191010123800_00160.jpg,datasets_flow/dataset_cropped/10_Metas/10/12/20191010123800_00160.jpg,datasets_cloudmask/dataset_cropped/10_Metas/10/12/20191010123800_00160.png,740.1,911,82.2,24.7,964
10/10/2019 12:39,datasets/dataset_cropped/10_Metas/10/12/20191010123900_00160.jpg,datasets_flow/dataset_cropped/10_Metas/10/12/20191010123900_00160.jpg,datasets_cloudmask/dataset_cropped/10_Metas/10/12/20191010123900_00160.png,740.3,910,82.1,24.5,964
10/10/2019 12:40,datasets/dataset_cropped/10_Metas/10/12/20191010124000_00160.jpg,datasets_flow/dataset_cropped/10_Metas/10/12/20191010124000_00160.jpg,datasets_cloudmask/dataset_cropped/10_Metas/10/12/20191010124000_00160.png,740.3,910,82.2,24.5,964
10/10/2019 12:41,datasets/dataset_cropped/10_Metas/10/12/20191010124100_00160.jpg,datasets_flow/dataset_cropped/10_Metas/10/12/20191010124100_00160.jpg,datasets_cloudmask/dataset_cropped/10_Metas/10/12/20191010124100_00160.png,741,910,82.6,24.8,964
10/10/2019 12:42,datasets/dataset_cropped/10_Metas/10/12/20191010124200_00160.jpg,datasets_flow/dataset_cropped/10_Metas/10/12/20191010124200_00160.jpg,datasets_cloudmask/dataset_cropped/10_Metas/10/12/20191010124200_00160.png,742,911,83,24.9,964
10/10/2019 12:43,datasets/dataset_cropped/10_Metas/10/12/20191010124300_00160.jpg,datasets_flow/dataset_cropped/10_Metas/10/12/20191010124300_00160.jpg,datasets_cloudmask/dataset_cropped/10_Metas/10/12/20191010124300_00160.png,740,908,83.3,25,964
10/10/2019 12:44,datasets/dataset_cropped/10_Metas/10/12/20191010124400_00160.jpg,datasets_flow/dataset_cropped/10_Metas/10/12/20191010124400_00160.jpg,datasets_cloudmask/dataset_cropped/10_Metas/10/12/20191010124400_00160.png,741.2,908,83.8,25.2,964
10/10/2019 12:45,datasets/dataset_cropped/10_Metas/10/12/20191010124500_00160.jpg,datasets_flow/dataset_cropped/10_Metas/10/12/20191010124500_00160.jpg,datasets_cloudmask/dataset_cropped/10_Metas/10/12/20191010124500_00160.png,740.4,906,84.7,25.2,964
10/10/2019 12:46,datasets/dataset_cropped/10_Metas/10/12/20191010124600_00160.jpg,datasets_flow/dataset_cropped/10_Metas/10/12/20191010124600_00160.jpg,datasets_cloudmask/dataset_cropped/10_Metas/10/12/20191010124600_00160.png,741,907,84.8,25.4,964
10/10/2019 12:47,datasets/dataset_cropped/10_Metas/10/12/20191010124700_00160.jpg,datasets_flow/dataset_cropped/10_Metas/10/12/20191010124700_00160.jpg,datasets_cloudmask/dataset_cropped/10_Metas/10/12/20191010124700_00160.png,739.7,905,84.4,25.1,964
10/10/2019 12:48,datasets/dataset_cropped/10_Metas/10/12/20191010124800_00160.jpg,datasets_flow/dataset_cropped/10_Metas/10/12/20191010124800_00160.jpg,datasets_cloudmask/dataset_cropped/10_Metas/10/12/20191010124800_00160.png,741.1,906,84.5,24.9,964
10/10/2019 12:49,datasets/dataset_cropped/10_Metas/10/12/20191010124900_00160.jpg,datasets_flow/dataset_cropped/10_Metas/10/12/20191010124900_00160.jpg,datasets_cloudmask/dataset_cropped/10_Metas/10/12/20191010124900_00160.png,740.1,904,84.7,24.7,964
10/10/2019 12:50,datasets/dataset_cropped/10_Metas/10/12/20191010125000_00160.jpg,datasets_flow/dataset_cropped/10_Metas/10/12/20191010125000_00160.jpg,datasets_cloudmask/dataset_cropped/10_Metas/10/12/20191010125000_00160.png,737.8,900,85.1,24.6,964
10/10/2019 12:51,datasets/dataset_cropped/10_Metas/10/12/20191010125100_00160.jpg,datasets_flow/dataset_cropped/10_Metas/10/12/20191010125100_00160.jpg,datasets_cloudmask/dataset_cropped/10_Metas/10/12/20191010125100_00160.png,741.6,907,84.4,24.4,964
10/10/2019 12:52,datasets/dataset_cropped/10_Metas/10/12/20191010125200_00160.jpg,datasets_flow/dataset_cropped/10_Metas/10/12/20191010125200_00160.jpg,datasets_cloudmask/dataset_cropped/10_Metas/10/12/20191010125200_00160.png,742.2,907,84.3,24.6,964
10/10/2019 12:53,datasets/dataset_cropped/10_Metas/10/12/20191010125300_00160.jpg,datasets_flow/dataset_cropped/10_Metas/10/12/20191010125300_00160.jpg,datasets_cloudmask/dataset_cropped/10_Metas/10/12/20191010125300_00160.png,742.1,906,84.9,25,964
10/10/2019 12:54,datasets/dataset_cropped/10_Metas/10/12/20191010125400_00160.jpg,datasets_flow/dataset_cropped/10_Metas/10/12/20191010125400_00160.jpg,datasets_cloudmask/dataset_cropped/10_Metas/10/12/20191010125400_00160.png,740.4,903,85.7,25.4,964
10/10/2019 12:55,datasets/dataset_cropped/10_Metas/10/12/20191010125500_00160.jpg,datasets_flow/dataset_cropped/10_Metas/10/12/20191010125500_00160.jpg,datasets_cloudmask/dataset_cropped/10_Metas/10/12/20191010125500_00160.png,740.7,904,85.4,25.4,964
10/10/2019 12:56,datasets/dataset_cropped/10_Metas/10/12/20191010125600_00160.jpg,datasets_flow/dataset_cropped/10_Metas/10/12/20191010125600_00160.jpg,datasets_cloudmask/dataset_cropped/10_Metas/10/12/20191010125600_00160.png,742.3,906,85.5,25,964
10/10/2019 12:57,datasets/dataset_cropped/10_Metas/10/12/20191010125700_00160.jpg,datasets_flow/dataset_cropped/10_Metas/10/12/20191010125700_00160.jpg,datasets_cloudmask/dataset_cropped/10_Metas/10/12/20191010125700_00160.png,738.8,900,86.4,24.9,964
10/10/2019 12:58,datasets/dataset_cropped/10_Metas/10/12/20191010125800_00160.jpg,datasets_flow/dataset_cropped/10_Metas/10/12/20191010125800_00160.jpg,datasets_cloudmask/dataset_cropped/10_Metas/10/12/20191010125800_00160.png,736.1,896,86.4,24.6,964
10/10/2019 12:59,datasets/dataset_cropped/10_Metas/10/12/20191010125900_00160.jpg,datasets_flow/dataset_cropped/10_Metas/10/12/20191010125900_00160.jpg,datasets_cloudmask/dataset_cropped/10_Metas/10/12/20191010125900_00160.png,740.9,904,85.1,24.5,964
10/10/2019 13:00,datasets/dataset_cropped/10_Metas/10/13/20191010130000_00160.jpg,datasets_flow/dataset_cropped/10_Metas/10/13/20191010130000_00160.jpg,datasets_cloudmask/dataset_cropped/10_Metas/10/13/20191010130000_00160.png,744,910,83.7,24.5,964
10/10/2019 13:01,datasets/dataset_cropped/10_Metas/10/13/20191010130100_00160.jpg,datasets_flow/dataset_cropped/10_Metas/10/13/20191010130100_00160.jpg,datasets_cloudmask/dataset_cropped/10_Metas/10/13/20191010130100_00160.png,743.3,909,84,24.6,964
10/10/2019 13:02,datasets/dataset_cropped/10_Metas/10/13/20191010130200_00160.jpg,datasets_flow/dataset_cropped/10_Metas/10/13/20191010130200_00160.jpg,datasets_cloudmask/dataset_cropped/10_Metas/10/13/20191010130200_00160.png,734.9,895,86,24.7,964
10/10/2019 13:03,datasets/dataset_cropped/10_Metas/10/13/20191010130300_00160.jpg,datasets_flow/dataset_cropped/10_Metas/10/13/20191010130300_00160.jpg,datasets_cloudmask/dataset_cropped/10_Metas/10/13/20191010130300_00160.png,736,896,86.1,24.6,964
10/10/2019 13:04,datasets/dataset_cropped/10_Metas/10/13/20191010130400_00160.jpg,datasets_flow/dataset_cropped/10_Metas/10/13/20191010130400_00160.jpg,datasets_cloudmask/dataset_cropped/10_Metas/10/13/20191010130400_00160.png,738.5,900,85.9,24.8,964
10/10/2019 13:05,datasets/dataset_cropped/10_Metas/10/13/20191010130500_00160.jpg,datasets_flow/dataset_cropped/10_Metas/10/13/20191010130500_00160.jpg,datasets_cloudmask/dataset_cropped/10_Metas/10/13/20191010130500_00160.png,738.8,900,86.4,24.9,964
10/10/2019 13:06,datasets/dataset_cropped/10_Metas/10/13/20191010130600_00160.jpg,datasets_flow/dataset_cropped/10_Metas/10/13/20191010130600_00160.jpg,datasets_cloudmask/dataset_cropped/10_Metas/10/13/20191010130600_00160.png,741,903,87,25,964
10/10/2019 13:07,datasets/dataset_cropped/10_Metas/10/13/20191010130700_00160.jpg,datasets_flow/dataset_cropped/10_Metas/10/13/20191010130700_00160.jpg,datasets_cloudmask/dataset_cropped/10_Metas/10/13/20191010130700_00160.png,738.9,902,86.2,25.2,964
10/10/2019 13:08,datasets/dataset_cropped/10_Metas/10/13/20191010130800_00160.jpg,datasets_flow/dataset_cropped/10_Metas/10/13/20191010130800_00160.jpg,datasets_cloudmask/dataset_cropped/10_Metas/10/13/20191010130800_00160.png,738.8,903,85.5,25.1,964
10/10/2019 13:09,datasets/dataset_cropped/10_Metas/10/13/20191010130900_00160.jpg,datasets_flow/dataset_cropped/10_Metas/10/13/20191010130900_00160.jpg,datasets_cloudmask/dataset_cropped/10_Metas/10/13/20191010130900_00160.png,740.2,907,84.2,24.6,964
10/10/2019 13:10,datasets/dataset_cropped/10_Metas/10/13/20191010131000_00160.jpg,datasets_flow/dataset_cropped/10_Metas/10/13/20191010131000_00160.jpg,datasets_cloudmask/dataset_cropped/10_Metas/10/13/20191010131000_00160.png,739.8,907,83.3,24.4,964
10/10/2019 13:11,datasets/dataset_cropped/10_Metas/10/13/20191010131100_00160.jpg,datasets_flow/dataset_cropped/10_Metas/10/13/20191010131100_00160.jpg,datasets_cloudmask/dataset_cropped/10_Metas/10/13/20191010131100_00160.png,738.2,904,84,24.5,964
10/10/2019 13:12,datasets/dataset_cropped/10_Metas/10/13/20191010131200_00160.jpg,datasets_flow/dataset_cropped/10_Metas/10/13/20191010131200_00160.jpg,datasets_cloudmask/dataset_cropped/10_Metas/10/13/20191010131200_00160.png,737.7,903,84.2,24.4,964
10/10/2019 13:13,datasets/dataset_cropped/10_Metas/10/13/20191010131300_00160.jpg,datasets_flow/dataset_cropped/10_Metas/10/13/20191010131300_00160.jpg,datasets_cloudmask/dataset_cropped/10_Metas/10/13/20191010131300_00160.png,738,904,83.6,24.4,964
10/10/2019 13:14,datasets/dataset_cropped/10_Metas/10/13/20191010131400_00160.jpg,datasets_flow/dataset_cropped/10_Metas/10/13/20191010131400_00160.jpg,datasets_cloudmask/dataset_cropped/10_Metas/10/13/20191010131400_00160.png,740,908,83.4,24.5,964
10/10/2019 13:15,datasets/dataset_cropped/10_Metas/10/13/20191010131500_00160.jpg,datasets_flow/dataset_cropped/10_Metas/10/13/20191010131500_00160.jpg,datasets_cloudmask/dataset_cropped/10_Metas/10/13/20191010131500_00160.png,739,907,83.6,24.6,964
10/10/2019 13:16,datasets/dataset_cropped/10_Metas/10/13/20191010131600_00160.jpg,datasets_flow/dataset_cropped/10_Metas/10/13/20191010131600_00160.jpg,datasets_cloudmask/dataset_cropped/10_Metas/10/13/20191010131600_00160.png,739.3,908,83.3,24.6,964
10/10/2019 13:17,datasets/dataset_cropped/10_Metas/10/13/20191010131700_00160.jpg,datasets_flow/dataset_cropped/10_Metas/10/13/20191010131700_00160.jpg,datasets_cloudmask/dataset_cropped/10_Metas/10/13/20191010131700_00160.png,741.4,912,83,24.6,964
10/10/2019 13:18,datasets/dataset_cropped/10_Metas/10/13/20191010131800_00160.jpg,datasets_flow/dataset_cropped/10_Metas/10/13/20191010131800_00160.jpg,datasets_cloudmask/dataset_cropped/10_Metas/10/13/20191010131800_00160.png,739.4,909,83.2,24.6,964
10/10/2019 13:19,datasets/dataset_cropped/10_Metas/10/13/20191010131900_00160.jpg,datasets_flow/dataset_cropped/10_Metas/10/13/20191010131900_00160.jpg,datasets_cloudmask/dataset_cropped/10_Metas/10/13/20191010131900_00160.png,735.5,904,83.4,24.6,964
10/10/2019 13:20,datasets/dataset_cropped/10_Metas/10/13/20191010132000_00160.jpg,datasets_flow/dataset_cropped/10_Metas/10/13/20191010132000_00160.jpg,datasets_cloudmask/dataset_cropped/10_Metas/10/13/20191010132000_00160.png,735.8,905,83.4,24.6,964
10/10/2019 13:21,datasets/dataset_cropped/10_Metas/10/13/20191010132100_00160.jpg,datasets_flow/dataset_cropped/10_Metas/10/13/20191010132100_00160.jpg,datasets_cloudmask/dataset_cropped/10_Metas/10/13/20191010132100_00160.png,737.1,908,83,25,964
10/10/2019 13:22,datasets/dataset_cropped/10_Metas/10/13/20191010132200_00160.jpg,datasets_flow/dataset_cropped/10_Metas/10/13/20191010132200_00160.jpg,datasets_cloudmask/dataset_cropped/10_Metas/10/13/20191010132200_00160.png,739.2,914,81.4,25.3,964
10/10/2019 13:23,datasets/dataset_cropped/10_Metas/10/13/20191010132300_00160.jpg,datasets_flow/dataset_cropped/10_Metas/10/13/20191010132300_00160.jpg,datasets_cloudmask/dataset_cropped/10_Metas/10/13/20191010132300_00160.png,737.5,912,81.1,25.1,964
10/10/2019 13:24,datasets/dataset_cropped/10_Metas/10/13/20191010132400_00160.jpg,datasets_flow/dataset_cropped/10_Metas/10/13/20191010132400_00160.jpg,datasets_cloudmask/dataset_cropped/10_Metas/10/13/20191010132400_00160.png,736.3,910,81.8,25,964
10/10/2019 13:25,datasets/dataset_cropped/10_Metas/10/13/20191010132500_00160.jpg,datasets_flow/dataset_cropped/10_Metas/10/13/20191010132500_00160.jpg,datasets_cloudmask/dataset_cropped/10_Metas/10/13/20191010132500_00160.png,734.5,908,81.9,25.2,964
10/10/2019 13:26,datasets/dataset_cropped/10_Metas/10/13/20191010132600_00160.jpg,datasets_flow/dataset_cropped/10_Metas/10/13/20191010132600_00160.jpg,datasets_cloudmask/dataset_cropped/10_Metas/10/13/20191010132600_00160.png,734.7,909,81.2,25.4,964
10/10/2019 13:27,datasets/dataset_cropped/10_Metas/10/13/20191010132700_00160.jpg,datasets_flow/dataset_cropped/10_Metas/10/13/20191010132700_00160.jpg,datasets_cloudmask/dataset_cropped/10_Metas/10/13/20191010132700_00160.png,737.7,916,80.3,25.1,964
10/10/2019 13:28,datasets/dataset_cropped/10_Metas/10/13/20191010132800_00160.jpg,datasets_flow/dataset_cropped/10_Metas/10/13/20191010132800_00160.jpg,datasets_cloudmask/dataset_cropped/10_Metas/10/13/20191010132800_00160.png,736.7,915,80.3,24.7,964
10/10/2019 13:29,datasets/dataset_cropped/10_Metas/10/13/20191010132900_00160.jpg,datasets_flow/dataset_cropped/10_Metas/10/13/20191010132900_00160.jpg,datasets_cloudmask/dataset_cropped/10_Metas/10/13/20191010132900_00160.png,732.6,909,80.5,24.9,964
10/10/2019 13:30,datasets/dataset_cropped/10_Metas/10/13/20191010133000_00160.jpg,datasets_flow/dataset_cropped/10_Metas/10/13/20191010133000_00160.jpg,datasets_cloudmask/dataset_cropped/10_Metas/10/13/20191010133000_00160.png,734.5,913,80,25.4,964
10/10/2019 13:31,datasets/dataset_cropped/10_Metas/10/13/20191010133100_00160.jpg,datasets_flow/dataset_cropped/10_Metas/10/13/20191010133100_00160.jpg,datasets_cloudmask/dataset_cropped/10_Metas/10/13/20191010133100_00160.png,734.7,914,79.9,25,964
10/10/2019 13:32,datasets/dataset_cropped/10_Metas/10/13/20191010133200_00160.jpg,datasets_flow/dataset_cropped/10_Metas/10/13/20191010133200_00160.jpg,datasets_cloudmask/dataset_cropped/10_Metas/10/13/20191010133200_00160.png,734,914,79.7,24.8,964
10/10/2019 13:33,datasets/dataset_cropped/10_Metas/10/13/20191010133300_00160.jpg,datasets_flow/dataset_cropped/10_Metas/10/13/20191010133300_00160.jpg,datasets_cloudmask/dataset_cropped/10_Metas/10/13/20191010133300_00160.png,734.1,915,79.7,24.7,964
10/10/2019 13:34,datasets/dataset_cropped/10_Metas/10/13/20191010133400_00160.jpg,datasets_flow/dataset_cropped/10_Metas/10/13/20191010133400_00160.jpg,datasets_cloudmask/dataset_cropped/10_Metas/10/13/20191010133400_00160.png,732.1,913,79.7,24.8,964
10/10/2019 13:35,datasets/dataset_cropped/10_Metas/10/13/20191010133500_00160.jpg,datasets_flow/dataset_cropped/10_Metas/10/13/20191010133500_00160.jpg,datasets_cloudmask/dataset_cropped/10_Metas/10/13/20191010133500_00160.png,729,909,79.6,24.9,963
10/10/2019 13:36,datasets/dataset_cropped/10_Metas/10/13/20191010133600_00160.jpg,datasets_flow/dataset_cropped/10_Metas/10/13/20191010133600_00160.jpg,datasets_cloudmask/dataset_cropped/10_Metas/10/13/20191010133600_00160.png,729.1,911,79.2,25.1,964
10/10/2019 13:37,datasets/dataset_cropped/10_Metas/10/13/20191010133700_00160.jpg,datasets_flow/dataset_cropped/10_Metas/10/13/20191010133700_00160.jpg,datasets_cloudmask/dataset_cropped/10_Metas/10/13/20191010133700_00160.png,730.5,914,79,25.2,964
10/10/2019 13:38,datasets/dataset_cropped/10_Metas/10/13/20191010133800_00160.jpg,datasets_flow/dataset_cropped/10_Metas/10/13/20191010133800_00160.jpg,datasets_cloudmask/dataset_cropped/10_Metas/10/13/20191010133800_00160.png,729.7,914,78.9,25.1,963
10/10/2019 13:39,datasets/dataset_cropped/10_Metas/10/13/20191010133900_00160.jpg,datasets_flow/dataset_cropped/10_Metas/10/13/20191010133900_00160.jpg,datasets_cloudmask/dataset_cropped/10_Metas/10/13/20191010133900_00160.png,729.1,915,78.8,25.2,964
10/10/2019 13:40,datasets/dataset_cropped/10_Metas/10/13/20191010134000_00160.jpg,datasets_flow/dataset_cropped/10_Metas/10/13/20191010134000_00160.jpg,datasets_cloudmask/dataset_cropped/10_Metas/10/13/20191010134000_00160.png,728,914,78.2,25,963
10/10/2019 13:41,datasets/dataset_cropped/10_Metas/10/13/20191010134100_00160.jpg,datasets_flow/dataset_cropped/10_Metas/10/13/20191010134100_00160.jpg,datasets_cloudmask/dataset_cropped/10_Metas/10/13/20191010134100_00160.png,727.3,914,78,25,963
10/10/2019 13:42,datasets/dataset_cropped/10_Metas/10/13/20191010134200_00160.jpg,datasets_flow/dataset_cropped/10_Metas/10/13/20191010134200_00160.jpg,datasets_cloudmask/dataset_cropped/10_Metas/10/13/20191010134200_00160.png,727.6,915,77.9,24.9,963
10/10/2019 13:43,datasets/dataset_cropped/10_Metas/10/13/20191010134300_00160.jpg,datasets_flow/dataset_cropped/10_Metas/10/13/20191010134300_00160.jpg,datasets_cloudmask/dataset_cropped/10_Metas/10/13/20191010134300_00160.png,728.5,918,77.8,25,963
10/10/2019 13:44,datasets/dataset_cropped/10_Metas/10/13/20191010134400_00160.jpg,datasets_flow/dataset_cropped/10_Metas/10/13/20191010134400_00160.jpg,datasets_cloudmask/dataset_cropped/10_Metas/10/13/20191010134400_00160.png,726.1,915,77.9,25,963
10/10/2019 13:45,datasets/dataset_cropped/10_Metas/10/13/20191010134500_00160.jpg,datasets_flow/dataset_cropped/10_Metas/10/13/20191010134500_00160.jpg,datasets_cloudmask/dataset_cropped/10_Metas/10/13/20191010134500_00160.png,723.6,912,78,25,964
10/10/2019 13:46,datasets/dataset_cropped/10_Metas/10/13/20191010134600_00160.jpg,datasets_flow/dataset_cropped/10_Metas/10/13/20191010134600_00160.jpg,datasets_cloudmask/dataset_cropped/10_Metas/10/13/20191010134600_00160.png,723.5,913,78.4,25.2,963
10/10/2019 13:47,datasets/dataset_cropped/10_Metas/10/13/20191010134700_00160.jpg,datasets_flow/dataset_cropped/10_Metas/10/13/20191010134700_00160.jpg,datasets_cloudmask/dataset_cropped/10_Metas/10/13/20191010134700_00160.png,722.6,913,78,25,963
10/10/2019 13:48,datasets/dataset_cropped/10_Metas/10/13/20191010134800_00160.jpg,datasets_flow/dataset_cropped/10_Metas/10/13/20191010134800_00160.jpg,datasets_cloudmask/dataset_cropped/10_Metas/10/13/20191010134800_00160.png,721.8,914,77.5,25.1,963
10/10/2019 13:49,datasets/dataset_cropped/10_Metas/10/13/20191010134900_00160.jpg,datasets_flow/dataset_cropped/10_Metas/10/13/20191010134900_00160.jpg,datasets_cloudmask/dataset_cropped/10_Metas/10/13/20191010134900_00160.png,722.3,916,77.2,25,963
10/10/2019 13:50,datasets/dataset_cropped/10_Metas/10/13/20191010135000_00160.jpg,datasets_flow/dataset_cropped/10_Metas/10/13/20191010135000_00160.jpg,datasets_cloudmask/dataset_cropped/10_Metas/10/13/20191010135000_00160.png,722.2,917,76.5,24.9,963
10/10/2019 13:51,datasets/dataset_cropped/10_Metas/10/13/20191010135100_00160.jpg,datasets_flow/dataset_cropped/10_Metas/10/13/20191010135100_00160.jpg,datasets_cloudmask/dataset_cropped/10_Metas/10/13/20191010135100_00160.png,720.6,915,76.7,25.1,963
10/10/2019 13:52,datasets/dataset_cropped/10_Metas/10/13/20191010135200_00160.jpg,datasets_flow/dataset_cropped/10_Metas/10/13/20191010135200_00160.jpg,datasets_cloudmask/dataset_cropped/10_Metas/10/13/20191010135200_00160.png,718.6,913,77.4,24.9,964
10/10/2019 13:53,datasets/dataset_cropped/10_Metas/10/13/20191010135300_00160.jpg,datasets_flow/dataset_cropped/10_Metas/10/13/20191010135300_00160.jpg,datasets_cloudmask/dataset_cropped/10_Metas/10/13/20191010135300_00160.png,718.7,914,77.6,25,963
10/10/2019 13:54,datasets/dataset_cropped/10_Metas/10/13/20191010135400_00160.jpg,datasets_flow/dataset_cropped/10_Metas/10/13/20191010135400_00160.jpg,datasets_cloudmask/dataset_cropped/10_Metas/10/13/20191010135400_00160.png,719.4,917,77.3,25.1,963
10/10/2019 13:55,datasets/dataset_cropped/10_Metas/10/13/20191010135500_00160.jpg,datasets_flow/dataset_cropped/10_Metas/10/13/20191010135500_00160.jpg,datasets_cloudmask/dataset_cropped/10_Metas/10/13/20191010135500_00160.png,718.2,917,76.6,25,963
10/10/2019 13:56,datasets/dataset_cropped/10_Metas/10/13/20191010135600_00160.jpg,datasets_flow/dataset_cropped/10_Metas/10/13/20191010135600_00160.jpg,datasets_cloudmask/dataset_cropped/10_Metas/10/13/20191010135600_00160.png,716.7,917,76.9,25,963
10/10/2019 13:57,datasets/dataset_cropped/10_Metas/10/13/20191010135700_00160.jpg,datasets_flow/dataset_cropped/10_Metas/10/13/20191010135700_00160.jpg,datasets_cloudmask/dataset_cropped/10_Metas/10/13/20191010135700_00160.png,715.2,916,76.6,25.1,963
10/10/2019 13:58,datasets/dataset_cropped/10_Metas/10/13/20191010135800_00160.jpg,datasets_flow/dataset_cropped/10_Metas/10/13/20191010135800_00160.jpg,datasets_cloudmask/dataset_cropped/10_Metas/10/13/20191010135800_00160.png,714.2,917,76,25.1,963
10/10/2019 13:59,datasets/dataset_cropped/10_Metas/10/13/20191010135900_00160.jpg,datasets_flow/dataset_cropped/10_Metas/10/13/20191010135900_00160.jpg,datasets_cloudmask/dataset_cropped/10_Metas/10/13/20191010135900_00160.png,714.1,917,76,25.3,963
10/10/2019 14:00,datasets/dataset_cropped/10_Metas/10/14/20191010140000_00160.jpg,datasets_flow/dataset_cropped/10_Metas/10/14/20191010140000_00160.jpg,datasets_cloudmask/dataset_cropped/10_Metas/10/14/20191010140000_00160.png,711.4,914,76.1,25.4,963
10/10/2019 14:01,datasets/dataset_cropped/10_Metas/10/14/20191010140100_00160.jpg,datasets_flow/dataset_cropped/10_Metas/10/14/20191010140100_00160.jpg,datasets_cloudmask/dataset_cropped/10_Metas/10/14/20191010140100_00160.png,710,913,76.1,25.3,963
10/10/2019 14:02,datasets/dataset_cropped/10_Metas/10/14/20191010140200_00160.jpg,datasets_flow/dataset_cropped/10_Metas/10/14/20191010140200_00160.jpg,datasets_cloudmask/dataset_cropped/10_Metas/10/14/20191010140200_00160.png,710,915,76.2,25.1,963
10/10/2019 14:03,datasets/dataset_cropped/10_Metas/10/14/20191010140300_00160.jpg,datasets_flow/dataset_cropped/10_Metas/10/14/20191010140300_00160.jpg,datasets_cloudmask/dataset_cropped/10_Metas/10/14/20191010140300_00160.png,708.2,914,75.8,25.1,963
10/10/2019 14:04,datasets/dataset_cropped/10_Metas/10/14/20191010140400_00160.jpg,datasets_flow/dataset_cropped/10_Metas/10/14/20191010140400_00160.jpg,datasets_cloudmask/dataset_cropped/10_Metas/10/14/20191010140400_00160.png,705.7,910,76.3,25.4,963
10/10/2019 14:05,datasets/dataset_cropped/10_Metas/10/14/20191010140500_00160.jpg,datasets_flow/dataset_cropped/10_Metas/10/14/20191010140500_00160.jpg,datasets_cloudmask/dataset_cropped/10_Metas/10/14/20191010140500_00160.png,704,909,76.4,25.2,963
10/10/2019 14:06,datasets/dataset_cropped/10_Metas/10/14/20191010140600_00160.jpg,datasets_flow/dataset_cropped/10_Metas/10/14/20191010140600_00160.jpg,datasets_cloudmask/dataset_cropped/10_Metas/10/14/20191010140600_00160.png,703.2,909,76.6,25.1,963
10/10/2019 14:07,datasets/dataset_cropped/10_Metas/10/14/20191010140700_00160.jpg,datasets_flow/dataset_cropped/10_Metas/10/14/20191010140700_00160.jpg,datasets_cloudmask/dataset_cropped/10_Metas/10/14/20191010140700_00160.png,702.1,908,76.8,25.1,963
10/10/2019 14:08,datasets/dataset_cropped/10_Metas/10/14/20191010140800_00160.jpg,datasets_flow/dataset_cropped/10_Metas/10/14/20191010140800_00160.jpg,datasets_cloudmask/dataset_cropped/10_Metas/10/14/20191010140800_00160.png,700.7,908,76.8,25.3,963
10/10/2019 14:09,datasets/dataset_cropped/10_Metas/10/14/20191010140900_00160.jpg,datasets_flow/dataset_cropped/10_Metas/10/14/20191010140900_00160.jpg,datasets_cloudmask/dataset_cropped/10_Metas/10/14/20191010140900_00160.png,698.7,906,77,25.3,963
10/10/2019 14:10,datasets/dataset_cropped/10_Metas/10/14/20191010141000_00160.jpg,datasets_flow/dataset_cropped/10_Metas/10/14/20191010141000_00160.jpg,datasets_cloudmask/dataset_cropped/10_Metas/10/14/20191010141000_00160.png,696.6,905,76.6,25.5,963
10/10/2019 14:11,datasets/dataset_cropped/10_Metas/10/14/20191010141100_00160.jpg,datasets_flow/dataset_cropped/10_Metas/10/14/20191010141100_00160.jpg,datasets_cloudmask/dataset_cropped/10_Metas/10/14/20191010141100_00160.png,695.5,905,76.4,25.5,963
10/10/2019 14:12,datasets/dataset_cropped/10_Metas/10/14/20191010141200_00160.jpg,datasets_flow/dataset_cropped/10_Metas/10/14/20191010141200_00160.jpg,datasets_cloudmask/dataset_cropped/10_Metas/10/14/20191010141200_00160.png,695.1,906,75.9,25.4,963
10/10/2019 14:13,datasets/dataset_cropped/10_Metas/10/14/20191010141300_00160.jpg,datasets_flow/dataset_cropped/10_Metas/10/14/20191010141300_00160.jpg,datasets_cloudmask/dataset_cropped/10_Metas/10/14/20191010141300_00160.png,695.9,909,75.7,25.2,963
10/10/2019 14:14,datasets/dataset_cropped/10_Metas/10/14/20191010141400_00160.jpg,datasets_flow/dataset_cropped/10_Metas/10/14/20191010141400_00160.jpg,datasets_cloudmask/dataset_cropped/10_Metas/10/14/20191010141400_00160.png,691.3,903,76.2,25.5,963
10/10/2019 14:15,datasets/dataset_cropped/10_Metas/10/14/20191010141500_00160.jpg,datasets_flow/dataset_cropped/10_Metas/10/14/20191010141500_00160.jpg,datasets_cloudmask/dataset_cropped/10_Metas/10/14/20191010141500_00160.png,688.7,900,76.1,25.4,963
10/10/2019 14:16,datasets/dataset_cropped/10_Metas/10/14/20191010141600_00160.jpg,datasets_flow/dataset_cropped/10_Metas/10/14/20191010141600_00160.jpg,datasets_cloudmask/dataset_cropped/10_Metas/10/14/20191010141600_00160.png,690.1,904,76.5,25.4,963
10/10/2019 14:17,datasets/dataset_cropped/10_Metas/10/14/20191010141700_00160.jpg,datasets_flow/dataset_cropped/10_Metas/10/14/20191010141700_00160.jpg,datasets_cloudmask/dataset_cropped/10_Metas/10/14/20191010141700_00160.png,688.5,903,76.7,25.3,963
10/10/2019 14:18,datasets/dataset_cropped/10_Metas/10/14/20191010141800_00160.jpg,datasets_flow/dataset_cropped/10_Metas/10/14/20191010141800_00160.jpg,datasets_cloudmask/dataset_cropped/10_Metas/10/14/20191010141800_00160.png,686.8,902,77.1,25.2,963
10/10/2019 14:19,datasets/dataset_cropped/10_Metas/10/14/20191010141900_00160.jpg,datasets_flow/dataset_cropped/10_Metas/10/14/20191010141900_00160.jpg,datasets_cloudmask/dataset_cropped/10_Metas/10/14/20191010141900_00160.png,683.9,899,77.3,25.2,963
10/10/2019 14:20,datasets/dataset_cropped/10_Metas/10/14/20191010142000_00160.jpg,datasets_flow/dataset_cropped/10_Metas/10/14/20191010142000_00160.jpg,datasets_cloudmask/dataset_cropped/10_Metas/10/14/20191010142000_00160.png,683.5,900,77,25.1,963
10/10/2019 14:21,datasets/dataset_cropped/10_Metas/10/14/20191010142100_00160.jpg,datasets_flow/dataset_cropped/10_Metas/10/14/20191010142100_00160.jpg,datasets_cloudmask/dataset_cropped/10_Metas/10/14/20191010142100_00160.png,680.2,895,78.4,25.1,963
10/10/2019 14:22,datasets/dataset_cropped/10_Metas/10/14/20191010142200_00160.jpg,datasets_flow/dataset_cropped/10_Metas/10/14/20191010142200_00160.jpg,datasets_cloudmask/dataset_cropped/10_Metas/10/14/20191010142200_00160.png,677.7,891,79.6,25.3,963
10/10/2019 14:23,datasets/dataset_cropped/10_Metas/10/14/20191010142300_00160.jpg,datasets_flow/dataset_cropped/10_Metas/10/14/20191010142300_00160.jpg,datasets_cloudmask/dataset_cropped/10_Metas/10/14/20191010142300_00160.png,676.8,891,79.6,25.3,963
10/10/2019 14:24,datasets/dataset_cropped/10_Metas/10/14/20191010142400_00160.jpg,datasets_flow/dataset_cropped/10_Metas/10/14/20191010142400_00160.jpg,datasets_cloudmask/dataset_cropped/10_Metas/10/14/20191010142400_00160.png,672.7,887,79.8,25.6,963
10/10/2019 14:25,datasets/dataset_cropped/10_Metas/10/14/20191010142500_00160.jpg,datasets_flow/dataset_cropped/10_Metas/10/14/20191010142500_00160.jpg,datasets_cloudmask/dataset_cropped/10_Metas/10/14/20191010142500_00160.png,671.9,888,79.5,25.9,963
10/10/2019 14:26,datasets/dataset_cropped/10_Metas/10/14/20191010142600_00160.jpg,datasets_flow/dataset_cropped/10_Metas/10/14/20191010142600_00160.jpg,datasets_cloudmask/dataset_cropped/10_Metas/10/14/20191010142600_00160.png,672.8,891,79.3,25.8,963
10/10/2019 14:27,datasets/dataset_cropped/10_Metas/10/14/20191010142700_00160.jpg,datasets_flow/dataset_cropped/10_Metas/10/14/20191010142700_00160.jpg,datasets_cloudmask/dataset_cropped/10_Metas/10/14/20191010142700_00160.png,670.7,889,79.2,25.9,963
10/10/2019 14:28,datasets/dataset_cropped/10_Metas/10/14/20191010142800_00160.jpg,datasets_flow/dataset_cropped/10_Metas/10/14/20191010142800_00160.jpg,datasets_cloudmask/dataset_cropped/10_Metas/10/14/20191010142800_00160.png,668.1,886,79.7,25.6,963
10/10/2019 14:29,datasets/dataset_cropped/10_Metas/10/14/20191010142900_00160.jpg,datasets_flow/dataset_cropped/10_Metas/10/14/20191010142900_00160.jpg,datasets_cloudmask/dataset_cropped/10_Metas/10/14/20191010142900_00160.png,667,886,79.6,25.3,963
10/10/2019 14:30,datasets/dataset_cropped/10_Metas/10/14/20191010143000_00160.jpg,datasets_flow/dataset_cropped/10_Metas/10/14/20191010143000_00160.jpg,datasets_cloudmask/dataset_cropped/10_Metas/10/14/20191010143000_00160.png,664.6,884,80,25.3,963
10/10/2019 14:31,datasets/dataset_cropped/10_Metas/10/14/20191010143100_00160.jpg,datasets_flow/dataset_cropped/10_Metas/10/14/20191010143100_00160.jpg,datasets_cloudmask/dataset_cropped/10_Metas/10/14/20191010143100_00160.png,662.9,885,79.3,25.3,963
10/10/2019 14:32,datasets/dataset_cropped/10_Metas/10/14/20191010143200_00160.jpg,datasets_flow/dataset_cropped/10_Metas/10/14/20191010143200_00160.jpg,datasets_cloudmask/dataset_cropped/10_Metas/10/14/20191010143200_00160.png,662.9,886,79.4,25.5,963
10/10/2019 14:33,datasets/dataset_cropped/10_Metas/10/14/20191010143300_00160.jpg,datasets_flow/dataset_cropped/10_Metas/10/14/20191010143300_00160.jpg,datasets_cloudmask/dataset_cropped/10_Metas/10/14/20191010143300_00160.png,661.2,886,79.6,25.4,963
10/10/2019 14:34,datasets/dataset_cropped/10_Metas/10/14/20191010143400_00160.jpg,datasets_flow/dataset_cropped/10_Metas/10/14/20191010143400_00160.jpg,datasets_cloudmask/dataset_cropped/10_Metas/10/14/20191010143400_00160.png,660.4,887,79.1,25.1,963
10/10/2019 14:35,datasets/dataset_cropped/10_Metas/10/14/20191010143500_00160.jpg,datasets_flow/dataset_cropped/10_Metas/10/14/20191010143500_00160.jpg,datasets_cloudmask/dataset_cropped/10_Metas/10/14/20191010143500_00160.png,658.7,887,79.1,25.1,963
10/10/2019 14:36,datasets/dataset_cropped/10_Metas/10/14/20191010143600_00160.jpg,datasets_flow/dataset_cropped/10_Metas/10/14/20191010143600_00160.jpg,datasets_cloudmask/dataset_cropped/10_Metas/10/14/20191010143600_00160.png,654.4,882,78.9,25.1,963
10/10/2019 14:37,datasets/dataset_cropped/10_Metas/10/14/20191010143700_00160.jpg,datasets_flow/dataset_cropped/10_Metas/10/14/20191010143700_00160.jpg,datasets_cloudmask/dataset_cropped/10_Metas/10/14/20191010143700_00160.png,652.3,881,78.7,25.2,963
10/10/2019 14:38,datasets/dataset_cropped/10_Metas/10/14/20191010143800_00160.jpg,datasets_flow/dataset_cropped/10_Metas/10/14/20191010143800_00160.jpg,datasets_cloudmask/dataset_cropped/10_Metas/10/14/20191010143800_00160.png,651.7,881,79.2,25.3,963
10/10/2019 14:39,datasets/dataset_cropped/10_Metas/10/14/20191010143900_00160.jpg,datasets_flow/dataset_cropped/10_Metas/10/14/20191010143900_00160.jpg,datasets_cloudmask/dataset_cropped/10_Metas/10/14/20191010143900_00160.png,650,881,78.9,25.3,963
10/10/2019 14:40,datasets/dataset_cropped/10_Metas/10/14/20191010144000_00160.jpg,datasets_flow/dataset_cropped/10_Metas/10/14/20191010144000_00160.jpg,datasets_cloudmask/dataset_cropped/10_Metas/10/14/20191010144000_00160.png,648.6,881,78.9,25.3,963
10/10/2019 14:41,datasets/dataset_cropped/10_Metas/10/14/20191010144100_00160.jpg,datasets_flow/dataset_cropped/10_Metas/10/14/20191010144100_00160.jpg,datasets_cloudmask/dataset_cropped/10_Metas/10/14/20191010144100_00160.png,647,881,78.8,25.1,963
10/10/2019 14:42,datasets/dataset_cropped/10_Metas/10/14/20191010144200_00160.jpg,datasets_flow/dataset_cropped/10_Metas/10/14/20191010144200_00160.jpg,datasets_cloudmask/dataset_cropped/10_Metas/10/14/20191010144200_00160.png,645,880,78.6,25.3,963
10/10/2019 14:43,datasets/dataset_cropped/10_Metas/10/14/20191010144300_00160.jpg,datasets_flow/dataset_cropped/10_Metas/10/14/20191010144300_00160.jpg,datasets_cloudmask/dataset_cropped/10_Metas/10/14/20191010144300_00160.png,641.7,878,78.1,25.4,963
10/10/2019 14:44,datasets/dataset_cropped/10_Metas/10/14/20191010144400_00160.jpg,datasets_flow/dataset_cropped/10_Metas/10/14/20191010144400_00160.jpg,datasets_cloudmask/dataset_cropped/10_Metas/10/14/20191010144400_00160.png,639.9,877,78.1,25.2,963
10/10/2019 14:45,datasets/dataset_cropped/10_Metas/10/14/20191010144500_00160.jpg,datasets_flow/dataset_cropped/10_Metas/10/14/20191010144500_00160.jpg,datasets_cloudmask/dataset_cropped/10_Metas/10/14/20191010144500_00160.png,639.4,878,78.3,25.3,963
10/10/2019 14:46,datasets/dataset_cropped/10_Metas/10/14/20191010144600_00160.jpg,datasets_flow/dataset_cropped/10_Metas/10/14/20191010144600_00160.jpg,datasets_cloudmask/dataset_cropped/10_Metas/10/14/20191010144600_00160.png,637.5,877,78.7,25.4,963
10/10/2019 14:47,datasets/dataset_cropped/10_Metas/10/14/20191010144700_00160.jpg,datasets_flow/dataset_cropped/10_Metas/10/14/20191010144700_00160.jpg,datasets_cloudmask/dataset_cropped/10_Metas/10/14/20191010144700_00160.png,635.9,876,79.2,25.2,963
10/10/2019 14:48,datasets/dataset_cropped/10_Metas/10/14/20191010144800_00160.jpg,datasets_flow/dataset_cropped/10_Metas/10/14/20191010144800_00160.jpg,datasets_cloudmask/dataset_cropped/10_Metas/10/14/20191010144800_00160.png,633.6,874,79.5,25.6,963
10/10/2019 14:49,datasets/dataset_cropped/10_Metas/10/14/20191010144900_00160.jpg,datasets_flow/dataset_cropped/10_Metas/10/14/20191010144900_00160.jpg,datasets_cloudmask/dataset_cropped/10_Metas/10/14/20191010144900_00160.png,632.9,877,78.7,25.4,963
10/10/2019 14:50,datasets/dataset_cropped/10_Metas/10/14/20191010145000_00160.jpg,datasets_flow/dataset_cropped/10_Metas/10/14/20191010145000_00160.jpg,datasets_cloudmask/dataset_cropped/10_Metas/10/14/20191010145000_00160.png,631.5,878,78,25.5,963
10/10/2019 14:51,datasets/dataset_cropped/10_Metas/10/14/20191010145100_00160.jpg,datasets_flow/dataset_cropped/10_Metas/10/14/20191010145100_00160.jpg,datasets_cloudmask/dataset_cropped/10_Metas/10/14/20191010145100_00160.png,628.9,876,78.1,25.5,963
10/10/2019 14:52,datasets/dataset_cropped/10_Metas/10/14/20191010145200_00160.jpg,datasets_flow/dataset_cropped/10_Metas/10/14/20191010145200_00160.jpg,datasets_cloudmask/dataset_cropped/10_Metas/10/14/20191010145200_00160.png,625.5,871,78.3,25.4,963
10/10/2019 14:53,datasets/dataset_cropped/10_Metas/10/14/20191010145300_00160.jpg,datasets_flow/dataset_cropped/10_Metas/10/14/20191010145300_00160.jpg,datasets_cloudmask/dataset_cropped/10_Metas/10/14/20191010145300_00160.png,623.3,870,78.5,25.4,963
10/10/2019 14:54,datasets/dataset_cropped/10_Metas/10/14/20191010145400_00160.jpg,datasets_flow/dataset_cropped/10_Metas/10/14/20191010145400_00160.jpg,datasets_cloudmask/dataset_cropped/10_Metas/10/14/20191010145400_00160.png,621.5,870,78.3,25.2,963
10/10/2019 14:55,datasets/dataset_cropped/10_Metas/10/14/20191010145500_00160.jpg,datasets_flow/dataset_cropped/10_Metas/10/14/20191010145500_00160.jpg,datasets_cloudmask/dataset_cropped/10_Metas/10/14/20191010145500_00160.png,620.2,870,77.9,25.3,963
10/10/2019 14:56,datasets/dataset_cropped/10_Metas/10/14/20191010145600_00160.jpg,datasets_flow/dataset_cropped/10_Metas/10/14/20191010145600_00160.jpg,datasets_cloudmask/dataset_cropped/10_Metas/10/14/20191010145600_00160.png,618,869,78,25.1,963
10/10/2019 14:57,datasets/dataset_cropped/10_Metas/10/14/20191010145700_00160.jpg,datasets_flow/dataset_cropped/10_Metas/10/14/20191010145700_00160.jpg,datasets_cloudmask/dataset_cropped/10_Metas/10/14/20191010145700_00160.png,616.7,869,78.3,25.4,963
10/10/2019 14:58,datasets/dataset_cropped/10_Metas/10/14/20191010145800_00160.jpg,datasets_flow/dataset_cropped/10_Metas/10/14/20191010145800_00160.jpg,datasets_cloudmask/dataset_cropped/10_Metas/10/14/20191010145800_00160.png,616.2,871,78.5,25.3,964
10/10/2019 14:59,datasets/dataset_cropped/10_Metas/10/14/20191010145900_00160.jpg,datasets_flow/dataset_cropped/10_Metas/10/14/20191010145900_00160.jpg,datasets_cloudmask/dataset_cropped/10_Metas/10/14/20191010145900_00160.png,614.4,872,78,25.3,963
10/10/2019 15:00,datasets/dataset_cropped/10_Metas/10/15/20191010150000_00160.jpg,datasets_flow/dataset_cropped/10_Metas/10/15/20191010150000_00160.jpg,datasets_cloudmask/dataset_cropped/10_Metas/10/15/20191010150000_00160.png,609.6,866,77.8,25.4,963
10/10/2019 15:01,datasets/dataset_cropped/10_Metas/10/15/20191010150100_00160.jpg,datasets_flow/dataset_cropped/10_Metas/10/15/20191010150100_00160.jpg,datasets_cloudmask/dataset_cropped/10_Metas/10/15/20191010150100_00160.png,606.6,863,78.3,25.8,963
10/10/2019 15:02,datasets/dataset_cropped/10_Metas/10/15/20191010150200_00160.jpg,datasets_flow/dataset_cropped/10_Metas/10/15/20191010150200_00160.jpg,datasets_cloudmask/dataset_cropped/10_Metas/10/15/20191010150200_00160.png,604.2,862,77.9,25.7,963
10/10/2019 15:03,datasets/dataset_cropped/10_Metas/10/15/20191010150300_00160.jpg,datasets_flow/dataset_cropped/10_Metas/10/15/20191010150300_00160.jpg,datasets_cloudmask/dataset_cropped/10_Metas/10/15/20191010150300_00160.png,603.2,863,77.9,25.5,964
10/10/2019 15:04,datasets/dataset_cropped/10_Metas/10/15/20191010150400_00160.jpg,datasets_flow/dataset_cropped/10_Metas/10/15/20191010150400_00160.jpg,datasets_cloudmask/dataset_cropped/10_Metas/10/15/20191010150400_00160.png,601.7,864,77.5,25.4,963
10/10/2019 15:05,datasets/dataset_cropped/10_Metas/10/15/20191010150500_00160.jpg,datasets_flow/dataset_cropped/10_Metas/10/15/20191010150500_00160.jpg,datasets_cloudmask/dataset_cropped/10_Metas/10/15/20191010150500_00160.png,600.5,864,77.1,25.5,963
10/10/2019 15:06,datasets/dataset_cropped/10_Metas/10/15/20191010150600_00160.jpg,datasets_flow/dataset_cropped/10_Metas/10/15/20191010150600_00160.jpg,datasets_cloudmask/dataset_cropped/10_Metas/10/15/20191010150600_00160.png,599.1,864,77.7,25.3,963
10/10/2019 15:07,datasets/dataset_cropped/10_Metas/10/15/20191010150700_00160.jpg,datasets_flow/dataset_cropped/10_Metas/10/15/20191010150700_00160.jpg,datasets_cloudmask/dataset_cropped/10_Metas/10/15/20191010150700_00160.png,594.7,859,78.2,25.4,963
10/10/2019 15:08,datasets/dataset_cropped/10_Metas/10/15/20191010150800_00160.jpg,datasets_flow/dataset_cropped/10_Metas/10/15/20191010150800_00160.jpg,datasets_cloudmask/dataset_cropped/10_Metas/10/15/20191010150800_00160.png,591.9,857,78,25.2,963
10/10/2019 15:09,datasets/dataset_cropped/10_Metas/10/15/20191010150900_00160.jpg,datasets_flow/dataset_cropped/10_Metas/10/15/20191010150900_00160.jpg,datasets_cloudmask/dataset_cropped/10_Metas/10/15/20191010150900_00160.png,590.5,858,77.6,25.2,963
10/10/2019 15:10,datasets/dataset_cropped/10_Metas/10/15/20191010151000_00160.jpg,datasets_flow/dataset_cropped/10_Metas/10/15/20191010151000_00160.jpg,datasets_cloudmask/dataset_cropped/10_Metas/10/15/20191010151000_00160.png,588.4,858,77.2,25.5,963
10/10/2019 15:11,datasets/dataset_cropped/10_Metas/10/15/20191010151100_00160.jpg,datasets_flow/dataset_cropped/10_Metas/10/15/20191010151100_00160.jpg,datasets_cloudmask/dataset_cropped/10_Metas/10/15/20191010151100_00160.png,585.7,857,77.3,25.8,963
10/10/2019 15:12,datasets/dataset_cropped/10_Metas/10/15/20191010151200_00160.jpg,datasets_flow/dataset_cropped/10_Metas/10/15/20191010151200_00160.jpg,datasets_cloudmask/dataset_cropped/10_Metas/10/15/20191010151200_00160.png,582.5,854,76.8,25.9,963
10/10/2019 15:13,datasets/dataset_cropped/10_Metas/10/15/20191010151300_00160.jpg,datasets_flow/dataset_cropped/10_Metas/10/15/20191010151300_00160.jpg,datasets_cloudmask/dataset_cropped/10_Metas/10/15/20191010151300_00160.png,579.4,852,76.8,25.9,963
10/10/2019 15:14,datasets/dataset_cropped/10_Metas/10/15/20191010151400_00160.jpg,datasets_flow/dataset_cropped/10_Metas/10/15/20191010151400_00160.jpg,datasets_cloudmask/dataset_cropped/10_Metas/10/15/20191010151400_00160.png,578.5,853,76.6,25.6,963
10/10/2019 15:15,datasets/dataset_cropped/10_Metas/10/15/20191010151500_00160.jpg,datasets_flow/dataset_cropped/10_Metas/10/15/20191010151500_00160.jpg,datasets_cloudmask/dataset_cropped/10_Metas/10/15/20191010151500_00160.png,576.7,853,76.2,25.2,963
10/10/2019 15:16,datasets/dataset_cropped/10_Metas/10/15/20191010151600_00160.jpg,datasets_flow/dataset_cropped/10_Metas/10/15/20191010151600_00160.jpg,datasets_cloudmask/dataset_cropped/10_Metas/10/15/20191010151600_00160.png,574,852,75.9,25.1,963
10/10/2019 15:17,datasets/dataset_cropped/10_Metas/10/15/20191010151700_00160.jpg,datasets_flow/dataset_cropped/10_Metas/10/15/20191010151700_00160.jpg,datasets_cloudmask/dataset_cropped/10_Metas/10/15/20191010151700_00160.png,572.1,852,75.2,25.1,963
10/10/2019 15:18,datasets/dataset_cropped/10_Metas/10/15/20191010151800_00160.jpg,datasets_flow/dataset_cropped/10_Metas/10/15/20191010151800_00160.jpg,datasets_cloudmask/dataset_cropped/10_Metas/10/15/20191010151800_00160.png,571.5,855,74.9,25.1,963
10/10/2019 15:19,datasets/dataset_cropped/10_Metas/10/15/20191010151900_00160.jpg,datasets_flow/dataset_cropped/10_Metas/10/15/20191010151900_00160.jpg,datasets_cloudmask/dataset_cropped/10_Metas/10/15/20191010151900_00160.png,569,853,75.1,25.2,963
10/10/2019 15:20,datasets/dataset_cropped/10_Metas/10/15/20191010152000_00160.jpg,datasets_flow/dataset_cropped/10_Metas/10/15/20191010152000_00160.jpg,datasets_cloudmask/dataset_cropped/10_Metas/10/15/20191010152000_00160.png,566.6,852,75.2,25.1,963
10/10/2019 15:21,datasets/dataset_cropped/10_Metas/10/15/20191010152100_00160.jpg,datasets_flow/dataset_cropped/10_Metas/10/15/20191010152100_00160.jpg,datasets_cloudmask/dataset_cropped/10_Metas/10/15/20191010152100_00160.png,563.4,850,75.1,25,963
10/10/2019 15:22,datasets/dataset_cropped/10_Metas/10/15/20191010152200_00160.jpg,datasets_flow/dataset_cropped/10_Metas/10/15/20191010152200_00160.jpg,datasets_cloudmask/dataset_cropped/10_Metas/10/15/20191010152200_00160.png,559.9,846,75.5,25,963
10/10/2019 15:23,datasets/dataset_cropped/10_Metas/10/15/20191010152300_00160.jpg,datasets_flow/dataset_cropped/10_Metas/10/15/20191010152300_00160.jpg,datasets_cloudmask/dataset_cropped/10_Metas/10/15/20191010152300_00160.png,556.6,842,76.2,25.1,963
10/10/2019 15:24,datasets/dataset_cropped/10_Metas/10/15/20191010152400_00160.jpg,datasets_flow/dataset_cropped/10_Metas/10/15/20191010152400_00160.jpg,datasets_cloudmask/dataset_cropped/10_Metas/10/15/20191010152400_00160.png,554.4,841,76.5,25.4,963
10/10/2019 15:25,datasets/dataset_cropped/10_Metas/10/15/20191010152500_00160.jpg,datasets_flow/dataset_cropped/10_Metas/10/15/20191010152500_00160.jpg,datasets_cloudmask/dataset_cropped/10_Metas/10/15/20191010152500_00160.png,551.3,839,76.3,25.7,963
10/10/2019 15:26,datasets/dataset_cropped/10_Metas/10/15/20191010152600_00160.jpg,datasets_flow/dataset_cropped/10_Metas/10/15/20191010152600_00160.jpg,datasets_cloudmask/dataset_cropped/10_Metas/10/15/20191010152600_00160.png,549.8,840,75.7,25.6,963
10/10/2019 15:27,datasets/dataset_cropped/10_Metas/10/15/20191010152700_00160.jpg,datasets_flow/dataset_cropped/10_Metas/10/15/20191010152700_00160.jpg,datasets_cloudmask/dataset_cropped/10_Metas/10/15/20191010152700_00160.png,547.9,841,75.4,25.4,963
10/10/2019 15:28,datasets/dataset_cropped/10_Metas/10/15/20191010152800_00160.jpg,datasets_flow/dataset_cropped/10_Metas/10/15/20191010152800_00160.jpg,datasets_cloudmask/dataset_cropped/10_Metas/10/15/20191010152800_00160.png,546.4,842,75.2,25.4,963
10/10/2019 15:29,datasets/dataset_cropped/10_Metas/10/15/20191010152900_00160.jpg,datasets_flow/dataset_cropped/10_Metas/10/15/20191010152900_00160.jpg,datasets_cloudmask/dataset_cropped/10_Metas/10/15/20191010152900_00160.png,544.8,842,75.4,25.1,963
10/10/2019 15:30,datasets/dataset_cropped/10_Metas/10/15/20191010153000_00160.jpg,datasets_flow/dataset_cropped/10_Metas/10/15/20191010153000_00160.jpg,datasets_cloudmask/dataset_cropped/10_Metas/10/15/20191010153000_00160.png,541.6,839,75.3,25.2,963
10/10/2019 15:31,datasets/dataset_cropped/10_Metas/10/15/20191010153100_00160.jpg,datasets_flow/dataset_cropped/10_Metas/10/15/20191010153100_00160.jpg,datasets_cloudmask/dataset_cropped/10_Metas/10/15/20191010153100_00160.png,539.7,839,75.6,25.2,963
10/10/2019 15:32,datasets/dataset_cropped/10_Metas/10/15/20191010153200_00160.jpg,datasets_flow/dataset_cropped/10_Metas/10/15/20191010153200_00160.jpg,datasets_cloudmask/dataset_cropped/10_Metas/10/15/20191010153200_00160.png,537.4,838,75.8,25,963
10/10/2019 15:33,datasets/dataset_cropped/10_Metas/10/15/20191010153300_00160.jpg,datasets_flow/dataset_cropped/10_Metas/10/15/20191010153300_00160.jpg,datasets_cloudmask/dataset_cropped/10_Metas/10/15/20191010153300_00160.png,534.3,836,75.6,25,963
10/10/2019 15:34,datasets/dataset_cropped/10_Metas/10/15/20191010153400_00160.jpg,datasets_flow/dataset_cropped/10_Metas/10/15/20191010153400_00160.jpg,datasets_cloudmask/dataset_cropped/10_Metas/10/15/20191010153400_00160.png,530.7,830,76.4,25.1,963
10/10/2019 15:35,datasets/dataset_cropped/10_Metas/10/15/20191010153500_00160.jpg,datasets_flow/dataset_cropped/10_Metas/10/15/20191010153500_00160.jpg,datasets_cloudmask/dataset_cropped/10_Metas/10/15/20191010153500_00160.png,527.2,827,76.4,25.3,963
10/10/2019 15:36,datasets/dataset_cropped/10_Metas/10/15/20191010153600_00160.jpg,datasets_flow/dataset_cropped/10_Metas/10/15/20191010153600_00160.jpg,datasets_cloudmask/dataset_cropped/10_Metas/10/15/20191010153600_00160.png,524.8,828,75.6,25.1,963
10/10/2019 15:37,datasets/dataset_cropped/10_Metas/10/15/20191010153700_00160.jpg,datasets_flow/dataset_cropped/10_Metas/10/15/20191010153700_00160.jpg,datasets_cloudmask/dataset_cropped/10_Metas/10/15/20191010153700_00160.png,523.1,830,74.6,25,963
10/10/2019 15:38,datasets/dataset_cropped/10_Metas/10/15/20191010153800_00160.jpg,datasets_flow/dataset_cropped/10_Metas/10/15/20191010153800_00160.jpg,datasets_cloudmask/dataset_cropped/10_Metas/10/15/20191010153800_00160.png,521.4,830,74.7,25.3,963
10/10/2019 15:39,datasets/dataset_cropped/10_Metas/10/15/20191010153900_00160.jpg,datasets_flow/dataset_cropped/10_Metas/10/15/20191010153900_00160.jpg,datasets_cloudmask/dataset_cropped/10_Metas/10/15/20191010153900_00160.png,518.4,827,75,25.3,963
10/10/2019 15:40,datasets/dataset_cropped/10_Metas/10/15/20191010154000_00160.jpg,datasets_flow/dataset_cropped/10_Metas/10/15/20191010154000_00160.jpg,datasets_cloudmask/dataset_cropped/10_Metas/10/15/20191010154000_00160.png,514,822,75.3,25.1,963
10/10/2019 15:41,datasets/dataset_cropped/10_Metas/10/15/20191010154100_00160.jpg,datasets_flow/dataset_cropped/10_Metas/10/15/20191010154100_00160.jpg,datasets_cloudmask/dataset_cropped/10_Metas/10/15/20191010154100_00160.png,511.2,821,75.1,24.8,963
10/10/2019 15:42,datasets/dataset_cropped/10_Metas/10/15/20191010154200_00160.jpg,datasets_flow/dataset_cropped/10_Metas/10/15/20191010154200_00160.jpg,datasets_cloudmask/dataset_cropped/10_Metas/10/15/20191010154200_00160.png,510.3,823,75,24.8,963
10/10/2019 15:43,datasets/dataset_cropped/10_Metas/10/15/20191010154300_00160.jpg,datasets_flow/dataset_cropped/10_Metas/10/15/20191010154300_00160.jpg,datasets_cloudmask/dataset_cropped/10_Metas/10/15/20191010154300_00160.png,508.1,821,75.4,25,963
10/10/2019 15:44,datasets/dataset_cropped/10_Metas/10/15/20191010154400_00160.jpg,datasets_flow/dataset_cropped/10_Metas/10/15/20191010154400_00160.jpg,datasets_cloudmask/dataset_cropped/10_Metas/10/15/20191010154400_00160.png,503.7,816,75.5,25.1,963
10/10/2019 15:45,datasets/dataset_cropped/10_Metas/10/15/20191010154500_00160.jpg,datasets_flow/dataset_cropped/10_Metas/10/15/20191010154500_00160.jpg,datasets_cloudmask/dataset_cropped/10_Metas/10/15/20191010154500_00160.png,502,819,74.6,25.1,963
10/10/2019 15:46,datasets/dataset_cropped/10_Metas/10/15/20191010154600_00160.jpg,datasets_flow/dataset_cropped/10_Metas/10/15/20191010154600_00160.jpg,datasets_cloudmask/dataset_cropped/10_Metas/10/15/20191010154600_00160.png,500.7,822,73.3,25.1,963
10/10/2019 15:47,datasets/dataset_cropped/10_Metas/10/15/20191010154700_00160.jpg,datasets_flow/dataset_cropped/10_Metas/10/15/20191010154700_00160.jpg,datasets_cloudmask/dataset_cropped/10_Metas/10/15/20191010154700_00160.png,498.2,820,73.3,25.4,963
10/10/2019 15:48,datasets/dataset_cropped/10_Metas/10/15/20191010154800_00160.jpg,datasets_flow/dataset_cropped/10_Metas/10/15/20191010154800_00160.jpg,datasets_cloudmask/dataset_cropped/10_Metas/10/15/20191010154800_00160.png,495.1,818,73.3,25.3,963
10/10/2019 15:49,datasets/dataset_cropped/10_Metas/10/15/20191010154900_00160.jpg,datasets_flow/dataset_cropped/10_Metas/10/15/20191010154900_00160.jpg,datasets_cloudmask/dataset_cropped/10_Metas/10/15/20191010154900_00160.png,491.1,815,73,25.2,963
10/10/2019 15:50,datasets/dataset_cropped/10_Metas/10/15/20191010155000_00160.jpg,datasets_flow/dataset_cropped/10_Metas/10/15/20191010155000_00160.jpg,datasets_cloudmask/dataset_cropped/10_Metas/10/15/20191010155000_00160.png,488.6,814,72.5,25,963
10/10/2019 15:51,datasets/dataset_cropped/10_Metas/10/15/20191010155100_00160.jpg,datasets_flow/dataset_cropped/10_Metas/10/15/20191010155100_00160.jpg,datasets_cloudmask/dataset_cropped/10_Metas/10/15/20191010155100_00160.png,487,815,72.3,25.1,963
10/10/2019 15:52,datasets/dataset_cropped/10_Metas/10/15/20191010155200_00160.jpg,datasets_flow/dataset_cropped/10_Metas/10/15/20191010155200_00160.jpg,datasets_cloudmask/dataset_cropped/10_Metas/10/15/20191010155200_00160.png,484.7,816,71.8,24.9,963
10/10/2019 15:53,datasets/dataset_cropped/10_Metas/10/15/20191010155300_00160.jpg,datasets_flow/dataset_cropped/10_Metas/10/15/20191010155300_00160.jpg,datasets_cloudmask/dataset_cropped/10_Metas/10/15/20191010155300_00160.png,481.8,815,71.5,24.9,963
10/10/2019 15:54,datasets/dataset_cropped/10_Metas/10/15/20191010155400_00160.jpg,datasets_flow/dataset_cropped/10_Metas/10/15/20191010155400_00160.jpg,datasets_cloudmask/dataset_cropped/10_Metas/10/15/20191010155400_00160.png,478.8,813,71.3,24.9,963
10/10/2019 15:55,datasets/dataset_cropped/10_Metas/10/15/20191010155500_00160.jpg,datasets_flow/dataset_cropped/10_Metas/10/15/20191010155500_00160.jpg,datasets_cloudmask/dataset_cropped/10_Metas/10/15/20191010155500_00160.png,477.1,815,71,25,963
10/10/2019 15:56,datasets/dataset_cropped/10_Metas/10/15/20191010155600_00160.jpg,datasets_flow/dataset_cropped/10_Metas/10/15/20191010155600_00160.jpg,datasets_cloudmask/dataset_cropped/10_Metas/10/15/20191010155600_00160.png,474.7,815,70.3,25.1,963
10/10/2019 15:57,datasets/dataset_cropped/10_Metas/10/15/20191010155700_00160.jpg,datasets_flow/dataset_cropped/10_Metas/10/15/20191010155700_00160.jpg,datasets_cloudmask/dataset_cropped/10_Metas/10/15/20191010155700_00160.png,470.9,811,70.4,25.1,963
10/10/2019 15:58,datasets/dataset_cropped/10_Metas/10/15/20191010155800_00160.jpg,datasets_flow/dataset_cropped/10_Metas/10/15/20191010155800_00160.jpg,datasets_cloudmask/dataset_cropped/10_Metas/10/15/20191010155800_00160.png,466.3,805,70.7,24.9,963
10/10/2019 15:59,datasets/dataset_cropped/10_Metas/10/15/20191010155900_00160.jpg,datasets_flow/dataset_cropped/10_Metas/10/15/20191010155900_00160.jpg,datasets_cloudmask/dataset_cropped/10_Metas/10/15/20191010155900_00160.png,463.3,803,70.6,25,963
10/10/2019 16:00,datasets/dataset_cropped/10_Metas/10/16/20191010160000_00160.jpg,datasets_flow/dataset_cropped/10_Metas/10/16/20191010160000_00160.jpg,datasets_cloudmask/dataset_cropped/10_Metas/10/16/20191010160000_00160.png,461.3,803,70.4,24.9,963
10/10/2019 16:01,datasets/dataset_cropped/10_Metas/10/16/20191010160100_00160.jpg,datasets_flow/dataset_cropped/10_Metas/10/16/20191010160100_00160.jpg,datasets_cloudmask/dataset_cropped/10_Metas/10/16/20191010160100_00160.png,459.1,804,69.8,24.7,963
10/10/2019 16:02,datasets/dataset_cropped/10_Metas/10/16/20191010160200_00160.jpg,datasets_flow/dataset_cropped/10_Metas/10/16/20191010160200_00160.jpg,datasets_cloudmask/dataset_cropped/10_Metas/10/16/20191010160200_00160.png,456.3,803,69.7,24.8,963
10/10/2019 16:03,datasets/dataset_cropped/10_Metas/10/16/20191010160300_00160.jpg,datasets_flow/dataset_cropped/10_Metas/10/16/20191010160300_00160.jpg,datasets_cloudmask/dataset_cropped/10_Metas/10/16/20191010160300_00160.png,452.9,800,69.8,25.1,963
10/10/2019 16:04,datasets/dataset_cropped/10_Metas/10/16/20191010160400_00160.jpg,datasets_flow/dataset_cropped/10_Metas/10/16/20191010160400_00160.jpg,datasets_cloudmask/dataset_cropped/10_Metas/10/16/20191010160400_00160.png,450.5,799.5,70,25.1,963
10/10/2019 16:05,datasets/dataset_cropped/10_Metas/10/16/20191010160500_00160.jpg,datasets_flow/dataset_cropped/10_Metas/10/16/20191010160500_00160.jpg,datasets_cloudmask/dataset_cropped/10_Metas/10/16/20191010160500_00160.png,447.9,798.1,70,25.1,963
10/10/2019 16:06,datasets/dataset_cropped/10_Metas/10/16/20191010160600_00160.jpg,datasets_flow/dataset_cropped/10_Metas/10/16/20191010160600_00160.jpg,datasets_cloudmask/dataset_cropped/10_Metas/10/16/20191010160600_00160.png,444.2,794.9,69.7,25.1,963
10/10/2019 16:07,datasets/dataset_cropped/10_Metas/10/16/20191010160700_00160.jpg,datasets_flow/dataset_cropped/10_Metas/10/16/20191010160700_00160.jpg,datasets_cloudmask/dataset_cropped/10_Metas/10/16/20191010160700_00160.png,440.7,792.6,69.1,24.9,963
10/10/2019 16:08,datasets/dataset_cropped/10_Metas/10/16/20191010160800_00160.jpg,datasets_flow/dataset_cropped/10_Metas/10/16/20191010160800_00160.jpg,datasets_cloudmask/dataset_cropped/10_Metas/10/16/20191010160800_00160.png,439.1,794.6,68.4,25.1,963
10/10/2019 16:09,datasets/dataset_cropped/10_Metas/10/16/20191010160900_00160.jpg,datasets_flow/dataset_cropped/10_Metas/10/16/20191010160900_00160.jpg,datasets_cloudmask/dataset_cropped/10_Metas/10/16/20191010160900_00160.png,437.2,795,68.3,25,963
10/10/2019 16:10,datasets/dataset_cropped/10_Metas/10/16/20191010161000_00160.jpg,datasets_flow/dataset_cropped/10_Metas/10/16/20191010161000_00160.jpg,datasets_cloudmask/dataset_cropped/10_Metas/10/16/20191010161000_00160.png,433.6,791.4,68.5,24.9,963
10/10/2019 16:11,datasets/dataset_cropped/10_Metas/10/16/20191010161100_00160.jpg,datasets_flow/dataset_cropped/10_Metas/10/16/20191010161100_00160.jpg,datasets_cloudmask/dataset_cropped/10_Metas/10/16/20191010161100_00160.png,430.4,788.5,68.9,24.9,963
10/10/2019 16:12,datasets/dataset_cropped/10_Metas/10/16/20191010161200_00160.jpg,datasets_flow/dataset_cropped/10_Metas/10/16/20191010161200_00160.jpg,datasets_cloudmask/dataset_cropped/10_Metas/10/16/20191010161200_00160.png,428.4,789.8,68.6,25.2,963
10/10/2019 16:13,datasets/dataset_cropped/10_Metas/10/16/20191010161300_00160.jpg,datasets_flow/dataset_cropped/10_Metas/10/16/20191010161300_00160.jpg,datasets_cloudmask/dataset_cropped/10_Metas/10/16/20191010161300_00160.png,424.6,786.5,68.3,24.9,963
10/10/2019 16:14,datasets/dataset_cropped/10_Metas/10/16/20191010161400_00160.jpg,datasets_flow/dataset_cropped/10_Metas/10/16/20191010161400_00160.jpg,datasets_cloudmask/dataset_cropped/10_Metas/10/16/20191010161400_00160.png,421.3,784.4,68.2,24.7,963
10/10/2019 16:15,datasets/dataset_cropped/10_Metas/10/16/20191010161500_00160.jpg,datasets_flow/dataset_cropped/10_Metas/10/16/20191010161500_00160.jpg,datasets_cloudmask/dataset_cropped/10_Metas/10/16/20191010161500_00160.png,418,782,67.9,24.7,963
10/10/2019 16:16,datasets/dataset_cropped/10_Metas/10/16/20191010161600_00160.jpg,datasets_flow/dataset_cropped/10_Metas/10/16/20191010161600_00160.jpg,datasets_cloudmask/dataset_cropped/10_Metas/10/16/20191010161600_00160.png,414.8,779.5,67.7,24.8,963
10/10/2019 16:17,datasets/dataset_cropped/10_Metas/10/16/20191010161700_00160.jpg,datasets_flow/dataset_cropped/10_Metas/10/16/20191010161700_00160.jpg,datasets_cloudmask/dataset_cropped/10_Metas/10/16/20191010161700_00160.png,410.9,775.1,67.7,24.7,963
10/10/2019 16:18,datasets/dataset_cropped/10_Metas/10/16/20191010161800_00160.jpg,datasets_flow/dataset_cropped/10_Metas/10/16/20191010161800_00160.jpg,datasets_cloudmask/dataset_cropped/10_Metas/10/16/20191010161800_00160.png,406.8,769.6,67.8,24.6,963
10/10/2019 16:19,datasets/dataset_cropped/10_Metas/10/16/20191010161900_00160.jpg,datasets_flow/dataset_cropped/10_Metas/10/16/20191010161900_00160.jpg,datasets_cloudmask/dataset_cropped/10_Metas/10/16/20191010161900_00160.png,403.8,767.3,67.7,24.6,963
10/10/2019 16:20,datasets/dataset_cropped/10_Metas/10/16/20191010162000_00160.jpg,datasets_flow/dataset_cropped/10_Metas/10/16/20191010162000_00160.jpg,datasets_cloudmask/dataset_cropped/10_Metas/10/16/20191010162000_00160.png,400.4,765.2,67.3,24.6,963
10/10/2019 16:21,datasets/dataset_cropped/10_Metas/10/16/20191010162100_00160.jpg,datasets_flow/dataset_cropped/10_Metas/10/16/20191010162100_00160.jpg,datasets_cloudmask/dataset_cropped/10_Metas/10/16/20191010162100_00160.png,398.8,767.4,66.9,24.5,963
10/10/2019 16:22,datasets/dataset_cropped/10_Metas/10/16/20191010162200_00160.jpg,datasets_flow/dataset_cropped/10_Metas/10/16/20191010162200_00160.jpg,datasets_cloudmask/dataset_cropped/10_Metas/10/16/20191010162200_00160.png,396,766.8,66.7,24.4,963
10/10/2019 16:23,datasets/dataset_cropped/10_Metas/10/16/20191010162300_00160.jpg,datasets_flow/dataset_cropped/10_Metas/10/16/20191010162300_00160.jpg,datasets_cloudmask/dataset_cropped/10_Metas/10/16/20191010162300_00160.png,392.5,763.9,66.5,24.4,963
10/10/2019 16:24,datasets/dataset_cropped/10_Metas/10/16/20191010162400_00160.jpg,datasets_flow/dataset_cropped/10_Metas/10/16/20191010162400_00160.jpg,datasets_cloudmask/dataset_cropped/10_Metas/10/16/20191010162400_00160.png,389.9,762.7,66.6,24.6,963
10/10/2019 16:25,datasets/dataset_cropped/10_Metas/10/16/20191010162500_00160.jpg,datasets_flow/dataset_cropped/10_Metas/10/16/20191010162500_00160.jpg,datasets_cloudmask/dataset_cropped/10_Metas/10/16/20191010162500_00160.png,387.3,762,66.5,24.7,963
10/10/2019 16:26,datasets/dataset_cropped/10_Metas/10/16/20191010162600_00160.jpg,datasets_flow/dataset_cropped/10_Metas/10/16/20191010162600_00160.jpg,datasets_cloudmask/dataset_cropped/10_Metas/10/16/20191010162600_00160.png,384.5,761.3,66.2,24.6,963
10/10/2019 16:27,datasets/dataset_cropped/10_Metas/10/16/20191010162700_00160.jpg,datasets_flow/dataset_cropped/10_Metas/10/16/20191010162700_00160.jpg,datasets_cloudmask/dataset_cropped/10_Metas/10/16/20191010162700_00160.png,381.7,760.1,66.1,24.4,963
10/10/2019 16:28,datasets/dataset_cropped/10_Metas/10/16/20191010162800_00160.jpg,datasets_flow/dataset_cropped/10_Metas/10/16/20191010162800_00160.jpg,datasets_cloudmask/dataset_cropped/10_Metas/10/16/20191010162800_00160.png,378.7,758,65.9,24.5,963
10/10/2019 16:29,datasets/dataset_cropped/10_Metas/10/16/20191010162900_00160.jpg,datasets_flow/dataset_cropped/10_Metas/10/16/20191010162900_00160.jpg,datasets_cloudmask/dataset_cropped/10_Metas/10/16/20191010162900_00160.png,375,754.8,65.5,24.4,963
10/10/2019 16:30,datasets/dataset_cropped/10_Metas/10/16/20191010163000_00160.jpg,datasets_flow/dataset_cropped/10_Metas/10/16/20191010163000_00160.jpg,datasets_cloudmask/dataset_cropped/10_Metas/10/16/20191010163000_00160.png,371.8,752,65.3,24.6,963
10/10/2019 16:31,datasets/dataset_cropped/10_Metas/10/16/20191010163100_00160.jpg,datasets_flow/dataset_cropped/10_Metas/10/16/20191010163100_00160.jpg,datasets_cloudmask/dataset_cropped/10_Metas/10/16/20191010163100_00160.png,368.7,749.8,65.2,24.5,963
10/10/2019 16:32,datasets/dataset_cropped/10_Metas/10/16/20191010163200_00160.jpg,datasets_flow/dataset_cropped/10_Metas/10/16/20191010163200_00160.jpg,datasets_cloudmask/dataset_cropped/10_Metas/10/16/20191010163200_00160.png,365.3,746.9,65,24.5,963
10/10/2019 16:33,datasets/dataset_cropped/10_Metas/10/16/20191010163300_00160.jpg,datasets_flow/dataset_cropped/10_Metas/10/16/20191010163300_00160.jpg,datasets_cloudmask/dataset_cropped/10_Metas/10/16/20191010163300_00160.png,361.7,743.4,64.9,24.4,963
10/10/2019 16:34,datasets/dataset_cropped/10_Metas/10/16/20191010163400_00160.jpg,datasets_flow/dataset_cropped/10_Metas/10/16/20191010163400_00160.jpg,datasets_cloudmask/dataset_cropped/10_Metas/10/16/20191010163400_00160.png,357.8,740,64.5,24.2,963
10/10/2019 16:35,datasets/dataset_cropped/10_Metas/10/16/20191010163500_00160.jpg,datasets_flow/dataset_cropped/10_Metas/10/16/20191010163500_00160.jpg,datasets_cloudmask/dataset_cropped/10_Metas/10/16/20191010163500_00160.png,355.2,739.8,64.1,24.2,963
10/10/2019 16:36,datasets/dataset_cropped/10_Metas/10/16/20191010163600_00160.jpg,datasets_flow/dataset_cropped/10_Metas/10/16/20191010163600_00160.jpg,datasets_cloudmask/dataset_cropped/10_Metas/10/16/20191010163600_00160.png,353.3,740.8,64,24.3,963
10/10/2019 16:37,datasets/dataset_cropped/10_Metas/10/16/20191010163700_00160.jpg,datasets_flow/dataset_cropped/10_Metas/10/16/20191010163700_00160.jpg,datasets_cloudmask/dataset_cropped/10_Metas/10/16/20191010163700_00160.png,349.9,738,63.9,24.4,963
10/10/2019 16:38,datasets/dataset_cropped/10_Metas/10/16/20191010163800_00160.jpg,datasets_flow/dataset_cropped/10_Metas/10/16/20191010163800_00160.jpg,datasets_cloudmask/dataset_cropped/10_Metas/10/16/20191010163800_00160.png,346.6,735.7,63.6,24.3,963
10/10/2019 16:39,datasets/dataset_cropped/10_Metas/10/16/20191010163900_00160.jpg,datasets_flow/dataset_cropped/10_Metas/10/16/20191010163900_00160.jpg,datasets_cloudmask/dataset_cropped/10_Metas/10/16/20191010163900_00160.png,343.5,734,63.2,24.3,963
10/10/2019 16:40,datasets/dataset_cropped/10_Metas/10/16/20191010164000_00160.jpg,datasets_flow/dataset_cropped/10_Metas/10/16/20191010164000_00160.jpg,datasets_cloudmask/dataset_cropped/10_Metas/10/16/20191010164000_00160.png,340.4,732.2,62.6,24.1,963
10/10/2019 16:41,datasets/dataset_cropped/10_Metas/10/16/20191010164100_00160.jpg,datasets_flow/dataset_cropped/10_Metas/10/16/20191010164100_00160.jpg,datasets_cloudmask/dataset_cropped/10_Metas/10/16/20191010164100_00160.png,337.9,732.2,62.2,24.4,963
10/10/2019 16:42,datasets/dataset_cropped/10_Metas/10/16/20191010164200_00160.jpg,datasets_flow/dataset_cropped/10_Metas/10/16/20191010164200_00160.jpg,datasets_cloudmask/dataset_cropped/10_Metas/10/16/20191010164200_00160.png,334.8,729.4,62.4,24.6,963
10/10/2019 16:43,datasets/dataset_cropped/10_Metas/10/16/20191010164300_00160.jpg,datasets_flow/dataset_cropped/10_Metas/10/16/20191010164300_00160.jpg,datasets_cloudmask/dataset_cropped/10_Metas/10/16/20191010164300_00160.png,331.1,725.7,62.4,24.5,963
10/10/2019 16:44,datasets/dataset_cropped/10_Metas/10/16/20191010164400_00160.jpg,datasets_flow/dataset_cropped/10_Metas/10/16/20191010164400_00160.jpg,datasets_cloudmask/dataset_cropped/10_Metas/10/16/20191010164400_00160.png,327.1,721.3,62,24.4,963
10/10/2019 16:45,datasets/dataset_cropped/10_Metas/10/16/20191010164500_00160.jpg,datasets_flow/dataset_cropped/10_Metas/10/16/20191010164500_00160.jpg,datasets_cloudmask/dataset_cropped/10_Metas/10/16/20191010164500_00160.png,323.8,719.4,61.5,24.2,963
10/10/2019 16:46,datasets/dataset_cropped/10_Metas/10/16/20191010164600_00160.jpg,datasets_flow/dataset_cropped/10_Metas/10/16/20191010164600_00160.jpg,datasets_cloudmask/dataset_cropped/10_Metas/10/16/20191010164600_00160.png,321.5,719.6,61,24.1,963
10/10/2019 16:47,datasets/dataset_cropped/10_Metas/10/16/20191010164700_00160.jpg,datasets_flow/dataset_cropped/10_Metas/10/16/20191010164700_00160.jpg,datasets_cloudmask/dataset_cropped/10_Metas/10/16/20191010164700_00160.png,319,719.1,60.9,24.1,963
10/10/2019 16:48,datasets/dataset_cropped/10_Metas/10/16/20191010164800_00160.jpg,datasets_flow/dataset_cropped/10_Metas/10/16/20191010164800_00160.jpg,datasets_cloudmask/dataset_cropped/10_Metas/10/16/20191010164800_00160.png,315.4,715.5,60.6,24.1,963
10/10/2019 16:49,datasets/dataset_cropped/10_Metas/10/16/20191010164900_00160.jpg,datasets_flow/dataset_cropped/10_Metas/10/16/20191010164900_00160.jpg,datasets_cloudmask/dataset_cropped/10_Metas/10/16/20191010164900_00160.png,311.1,709.5,60.5,24.1,963
10/10/2019 16:50,datasets/dataset_cropped/10_Metas/10/16/20191010165000_00160.jpg,datasets_flow/dataset_cropped/10_Metas/10/16/20191010165000_00160.jpg,datasets_cloudmask/dataset_cropped/10_Metas/10/16/20191010165000_00160.png,307.2,704.9,60.3,24.1,963
10/10/2019 16:51,datasets/dataset_cropped/10_Metas/10/16/20191010165100_00160.jpg,datasets_flow/dataset_cropped/10_Metas/10/16/20191010165100_00160.jpg,datasets_cloudmask/dataset_cropped/10_Metas/10/16/20191010165100_00160.png,304.2,703.5,60,24.2,963
10/10/2019 16:52,datasets/dataset_cropped/10_Metas/10/16/20191010165200_00160.jpg,datasets_flow/dataset_cropped/10_Metas/10/16/20191010165200_00160.jpg,datasets_cloudmask/dataset_cropped/10_Metas/10/16/20191010165200_00160.png,300.9,701.2,59.5,24.3,963
10/10/2019 16:53,datasets/dataset_cropped/10_Metas/10/16/20191010165300_00160.jpg,datasets_flow/dataset_cropped/10_Metas/10/16/20191010165300_00160.jpg,datasets_cloudmask/dataset_cropped/10_Metas/10/16/20191010165300_00160.png,297.8,699.2,59.2,24.3,963
10/10/2019 16:54,datasets/dataset_cropped/10_Metas/10/16/20191010165400_00160.jpg,datasets_flow/dataset_cropped/10_Metas/10/16/20191010165400_00160.jpg,datasets_cloudmask/dataset_cropped/10_Metas/10/16/20191010165400_00160.png,294.9,696.9,59.2,24.5,963
10/10/2019 16:55,datasets/dataset_cropped/10_Metas/10/16/20191010165500_00160.jpg,datasets_flow/dataset_cropped/10_Metas/10/16/20191010165500_00160.jpg,datasets_cloudmask/dataset_cropped/10_Metas/10/16/20191010165500_00160.png,292,695.2,59.1,24.3,963
10/10/2019 16:56,datasets/dataset_cropped/10_Metas/10/16/20191010165600_00160.jpg,datasets_flow/dataset_cropped/10_Metas/10/16/20191010165600_00160.jpg,datasets_cloudmask/dataset_cropped/10_Metas/10/16/20191010165600_00160.png,289.2,694.9,58.7,24.3,963
10/10/2019 16:57,datasets/dataset_cropped/10_Metas/10/16/20191010165700_00160.jpg,datasets_flow/dataset_cropped/10_Metas/10/16/20191010165700_00160.jpg,datasets_cloudmask/dataset_cropped/10_Metas/10/16/20191010165700_00160.png,286.4,694,58.3,24.3,963
10/10/2019 16:58,datasets/dataset_cropped/10_Metas/10/16/20191010165800_00160.jpg,datasets_flow/dataset_cropped/10_Metas/10/16/20191010165800_00160.jpg,datasets_cloudmask/dataset_cropped/10_Metas/10/16/20191010165800_00160.png,283.2,691.1,58.1,24.1,963
10/10/2019 16:59,datasets/dataset_cropped/10_Metas/10/16/20191010165900_00160.jpg,datasets_flow/dataset_cropped/10_Metas/10/16/20191010165900_00160.jpg,datasets_cloudmask/dataset_cropped/10_Metas/10/16/20191010165900_00160.png,279.3,686.9,57.5,23.9,963
10/10/2019 17:00,datasets/dataset_cropped/10_Metas/10/17/20191010170000_00160.jpg,datasets_flow/dataset_cropped/10_Metas/10/17/20191010170000_00160.jpg,datasets_cloudmask/dataset_cropped/10_Metas/10/17/20191010170000_00160.png,276,684,57.1,23.9,963
10/10/2019 17:01,datasets/dataset_cropped/10_Metas/10/17/20191010170100_00160.jpg,datasets_flow/dataset_cropped/10_Metas/10/17/20191010170100_00160.jpg,datasets_cloudmask/dataset_cropped/10_Metas/10/17/20191010170100_00160.png,272.7,681.2,56.8,24,963
10/10/2019 17:02,datasets/dataset_cropped/10_Metas/10/17/20191010170200_00160.jpg,datasets_flow/dataset_cropped/10_Metas/10/17/20191010170200_00160.jpg,datasets_cloudmask/dataset_cropped/10_Metas/10/17/20191010170200_00160.png,269.1,677.4,56.2,23.9,963
10/10/2019 17:03,datasets/dataset_cropped/10_Metas/10/17/20191010170300_00160.jpg,datasets_flow/dataset_cropped/10_Metas/10/17/20191010170300_00160.jpg,datasets_cloudmask/dataset_cropped/10_Metas/10/17/20191010170300_00160.png,265.4,672.7,56,23.9,963
10/10/2019 17:04,datasets/dataset_cropped/10_Metas/10/17/20191010170400_00160.jpg,datasets_flow/dataset_cropped/10_Metas/10/17/20191010170400_00160.jpg,datasets_cloudmask/dataset_cropped/10_Metas/10/17/20191010170400_00160.png,262.1,668.9,56,24,963
10/10/2019 17:05,datasets/dataset_cropped/10_Metas/10/17/20191010170500_00160.jpg,datasets_flow/dataset_cropped/10_Metas/10/17/20191010170500_00160.jpg,datasets_cloudmask/dataset_cropped/10_Metas/10/17/20191010170500_00160.png,259.1,667,55.8,24,963
10/10/2019 17:06,datasets/dataset_cropped/10_Metas/10/17/20191010170600_00160.jpg,datasets_flow/dataset_cropped/10_Metas/10/17/20191010170600_00160.jpg,datasets_cloudmask/dataset_cropped/10_Metas/10/17/20191010170600_00160.png,256.2,665.5,55.2,24.1,963
10/10/2019 17:07,datasets/dataset_cropped/10_Metas/10/17/20191010170700_00160.jpg,datasets_flow/dataset_cropped/10_Metas/10/17/20191010170700_00160.jpg,datasets_cloudmask/dataset_cropped/10_Metas/10/17/20191010170700_00160.png,252.6,661.5,54.7,24.1,963
10/10/2019 17:08,datasets/dataset_cropped/10_Metas/10/17/20191010170800_00160.jpg,datasets_flow/dataset_cropped/10_Metas/10/17/20191010170800_00160.jpg,datasets_cloudmask/dataset_cropped/10_Metas/10/17/20191010170800_00160.png,249,658.1,54.3,24,963
10/10/2019 17:09,datasets/dataset_cropped/10_Metas/10/17/20191010170900_00160.jpg,datasets_flow/dataset_cropped/10_Metas/10/17/20191010170900_00160.jpg,datasets_cloudmask/dataset_cropped/10_Metas/10/17/20191010170900_00160.png,245.8,655.5,53.8,24,963
10/10/2019 17:10,datasets/dataset_cropped/10_Metas/10/17/20191010171000_00160.jpg,datasets_flow/dataset_cropped/10_Metas/10/17/20191010171000_00160.jpg,datasets_cloudmask/dataset_cropped/10_Metas/10/17/20191010171000_00160.png,242.9,652.8,53.5,23.9,963
10/10/2019 17:11,datasets/dataset_cropped/10_Metas/10/17/20191010171100_00160.jpg,datasets_flow/dataset_cropped/10_Metas/10/17/20191010171100_00160.jpg,datasets_cloudmask/dataset_cropped/10_Metas/10/17/20191010171100_00160.png,239.8,649.9,53.3,23.9,963
10/10/2019 17:12,datasets/dataset_cropped/10_Metas/10/17/20191010171200_00160.jpg,datasets_flow/dataset_cropped/10_Metas/10/17/20191010171200_00160.jpg,datasets_cloudmask/dataset_cropped/10_Metas/10/17/20191010171200_00160.png,236.5,646.3,53,23.7,963
10/10/2019 17:13,datasets/dataset_cropped/10_Metas/10/17/20191010171300_00160.jpg,datasets_flow/dataset_cropped/10_Metas/10/17/20191010171300_00160.jpg,datasets_cloudmask/dataset_cropped/10_Metas/10/17/20191010171300_00160.png,232.8,641,52.8,23.7,963
10/10/2019 17:14,datasets/dataset_cropped/10_Metas/10/17/20191010171400_00160.jpg,datasets_flow/dataset_cropped/10_Metas/10/17/20191010171400_00160.jpg,datasets_cloudmask/dataset_cropped/10_Metas/10/17/20191010171400_00160.png,229.7,638.6,52.5,23.6,963
10/10/2019 17:15,datasets/dataset_cropped/10_Metas/10/17/20191010171500_00160.jpg,datasets_flow/dataset_cropped/10_Metas/10/17/20191010171500_00160.jpg,datasets_cloudmask/dataset_cropped/10_Metas/10/17/20191010171500_00160.png,226.9,637.4,52,23.6,963
10/10/2019 17:16,datasets/dataset_cropped/10_Metas/10/17/20191010171600_00160.jpg,datasets_flow/dataset_cropped/10_Metas/10/17/20191010171600_00160.jpg,datasets_cloudmask/dataset_cropped/10_Metas/10/17/20191010171600_00160.png,223.3,632.5,51.6,23.7,963
10/10/2019 17:17,datasets/dataset_cropped/10_Metas/10/17/20191010171700_00160.jpg,datasets_flow/dataset_cropped/10_Metas/10/17/20191010171700_00160.jpg,datasets_cloudmask/dataset_cropped/10_Metas/10/17/20191010171700_00160.png,220.2,629.1,51.4,23.8,963
10/10/2019 17:18,datasets/dataset_cropped/10_Metas/10/17/20191010171800_00160.jpg,datasets_flow/dataset_cropped/10_Metas/10/17/20191010171800_00160.jpg,datasets_cloudmask/dataset_cropped/10_Metas/10/17/20191010171800_00160.png,216.7,624.8,51,23.7,963
10/10/2019 17:19,datasets/dataset_cropped/10_Metas/10/17/20191010171900_00160.jpg,datasets_flow/dataset_cropped/10_Metas/10/17/20191010171900_00160.jpg,datasets_cloudmask/dataset_cropped/10_Metas/10/17/20191010171900_00160.png,213.3,620.9,50.6,23.6,963
10/10/2019 17:20,datasets/dataset_cropped/10_Metas/10/17/20191010172000_00160.jpg,datasets_flow/dataset_cropped/10_Metas/10/17/20191010172000_00160.jpg,datasets_cloudmask/dataset_cropped/10_Metas/10/17/20191010172000_00160.png,210.1,617.8,50.1,23.6,963
10/10/2019 17:21,datasets/dataset_cropped/10_Metas/10/17/20191010172100_00160.jpg,datasets_flow/dataset_cropped/10_Metas/10/17/20191010172100_00160.jpg,datasets_cloudmask/dataset_cropped/10_Metas/10/17/20191010172100_00160.png,207.1,614.7,49.8,23.5,963
10/10/2019 17:22,datasets/dataset_cropped/10_Metas/10/17/20191010172200_00160.jpg,datasets_flow/dataset_cropped/10_Metas/10/17/20191010172200_00160.jpg,datasets_cloudmask/dataset_cropped/10_Metas/10/17/20191010172200_00160.png,203.7,610.6,49.4,23.5,963
10/10/2019 17:23,datasets/dataset_cropped/10_Metas/10/17/20191010172300_00160.jpg,datasets_flow/dataset_cropped/10_Metas/10/17/20191010172300_00160.jpg,datasets_cloudmask/dataset_cropped/10_Metas/10/17/20191010172300_00160.png,200.5,606.5,49,23.5,963
10/10/2019 17:24,datasets/dataset_cropped/10_Metas/10/17/20191010172400_00160.jpg,datasets_flow/dataset_cropped/10_Metas/10/17/20191010172400_00160.jpg,datasets_cloudmask/dataset_cropped/10_Metas/10/17/20191010172400_00160.png,197.2,601.4,49,23.5,963
10/10/2019 17:25,datasets/dataset_cropped/10_Metas/10/17/20191010172500_00160.jpg,datasets_flow/dataset_cropped/10_Metas/10/17/20191010172500_00160.jpg,datasets_cloudmask/dataset_cropped/10_Metas/10/17/20191010172500_00160.png,193.6,595.8,48.6,23.6,963
10/10/2019 17:26,datasets/dataset_cropped/10_Metas/10/17/20191010172600_00160.jpg,datasets_flow/dataset_cropped/10_Metas/10/17/20191010172600_00160.jpg,datasets_cloudmask/dataset_cropped/10_Metas/10/17/20191010172600_00160.png,190,590.1,48.3,23.5,963
10/10/2019 17:27,datasets/dataset_cropped/10_Metas/10/17/20191010172700_00160.jpg,datasets_flow/dataset_cropped/10_Metas/10/17/20191010172700_00160.jpg,datasets_cloudmask/dataset_cropped/10_Metas/10/17/20191010172700_00160.png,186.7,585.1,48,23.4,963
10/10/2019 17:28,datasets/dataset_cropped/10_Metas/10/17/20191010172800_00160.jpg,datasets_flow/dataset_cropped/10_Metas/10/17/20191010172800_00160.jpg,datasets_cloudmask/dataset_cropped/10_Metas/10/17/20191010172800_00160.png,183.3,580.1,47.7,23.2,963
10/10/2019 17:29,datasets/dataset_cropped/10_Metas/10/17/20191010172900_00160.jpg,datasets_flow/dataset_cropped/10_Metas/10/17/20191010172900_00160.jpg,datasets_cloudmask/dataset_cropped/10_Metas/10/17/20191010172900_00160.png,179.9,574.7,47.3,23.1,963
10/10/2019 17:30,datasets/dataset_cropped/10_Metas/10/17/20191010173000_00160.jpg,datasets_flow/dataset_cropped/10_Metas/10/17/20191010173000_00160.jpg,datasets_cloudmask/dataset_cropped/10_Metas/10/17/20191010173000_00160.png,176.7,570.5,47,23,963
10/10/2019 17:31,datasets/dataset_cropped/10_Metas/10/17/20191010173100_00160.jpg,datasets_flow/dataset_cropped/10_Metas/10/17/20191010173100_00160.jpg,datasets_cloudmask/dataset_cropped/10_Metas/10/17/20191010173100_00160.png,173.6,566.2,46.6,23.1,963
10/10/2019 17:32,datasets/dataset_cropped/10_Metas/10/17/20191010173200_00160.jpg,datasets_flow/dataset_cropped/10_Metas/10/17/20191010173200_00160.jpg,datasets_cloudmask/dataset_cropped/10_Metas/10/17/20191010173200_00160.png,170.2,560.9,46.2,23.1,963
10/10/2019 17:33,datasets/dataset_cropped/10_Metas/10/17/20191010173300_00160.jpg,datasets_flow/dataset_cropped/10_Metas/10/17/20191010173300_00160.jpg,datasets_cloudmask/dataset_cropped/10_Metas/10/17/20191010173300_00160.png,166.4,553.6,45.8,23.1,963
10/10/2019 17:34,datasets/dataset_cropped/10_Metas/10/17/20191010173400_00160.jpg,datasets_flow/dataset_cropped/10_Metas/10/17/20191010173400_00160.jpg,datasets_cloudmask/dataset_cropped/10_Metas/10/17/20191010173400_00160.png,163.3,549,45.4,23.3,963
10/10/2019 17:35,datasets/dataset_cropped/10_Metas/10/17/20191010173500_00160.jpg,datasets_flow/dataset_cropped/10_Metas/10/17/20191010173500_00160.jpg,datasets_cloudmask/dataset_cropped/10_Metas/10/17/20191010173500_00160.png,159.7,542.2,45,23.2,963
10/10/2019 17:36,datasets/dataset_cropped/10_Metas/10/17/20191010173600_00160.jpg,datasets_flow/dataset_cropped/10_Metas/10/17/20191010173600_00160.jpg,datasets_cloudmask/dataset_cropped/10_Metas/10/17/20191010173600_00160.png,156.5,537.2,44.7,23.2,963
10/10/2019 17:37,datasets/dataset_cropped/10_Metas/10/17/20191010173700_00160.jpg,datasets_flow/dataset_cropped/10_Metas/10/17/20191010173700_00160.jpg,datasets_cloudmask/dataset_cropped/10_Metas/10/17/20191010173700_00160.png,153.7,533.3,44.4,23.3,963
10/10/2019 17:38,datasets/dataset_cropped/10_Metas/10/17/20191010173800_00160.jpg,datasets_flow/dataset_cropped/10_Metas/10/17/20191010173800_00160.jpg,datasets_cloudmask/dataset_cropped/10_Metas/10/17/20191010173800_00160.png,150.8,529.9,43.9,23.2,963
10/10/2019 17:39,datasets/dataset_cropped/10_Metas/10/17/20191010173900_00160.jpg,datasets_flow/dataset_cropped/10_Metas/10/17/20191010173900_00160.jpg,datasets_cloudmask/dataset_cropped/10_Metas/10/17/20191010173900_00160.png,147.5,524.4,43.4,23.1,963
10/10/2019 17:40,datasets/dataset_cropped/10_Metas/10/17/20191010174000_00160.jpg,datasets_flow/dataset_cropped/10_Metas/10/17/20191010174000_00160.jpg,datasets_cloudmask/dataset_cropped/10_Metas/10/17/20191010174000_00160.png,144.1,518.5,42.9,23,963
10/10/2019 17:41,datasets/dataset_cropped/10_Metas/10/17/20191010174100_00160.jpg,datasets_flow/dataset_cropped/10_Metas/10/17/20191010174100_00160.jpg,datasets_cloudmask/dataset_cropped/10_Metas/10/17/20191010174100_00160.png,141,513.5,42.4,22.9,963
10/10/2019 17:42,datasets/dataset_cropped/10_Metas/10/17/20191010174200_00160.jpg,datasets_flow/dataset_cropped/10_Metas/10/17/20191010174200_00160.jpg,datasets_cloudmask/dataset_cropped/10_Metas/10/17/20191010174200_00160.png,137.9,507.9,42,22.9,963
10/10/2019 17:43,datasets/dataset_cropped/10_Metas/10/17/20191010174300_00160.jpg,datasets_flow/dataset_cropped/10_Metas/10/17/20191010174300_00160.jpg,datasets_cloudmask/dataset_cropped/10_Metas/10/17/20191010174300_00160.png,134.6,501.4,41.5,22.9,963
10/10/2019 17:44,datasets/dataset_cropped/10_Metas/10/17/20191010174400_00160.jpg,datasets_flow/dataset_cropped/10_Metas/10/17/20191010174400_00160.jpg,datasets_cloudmask/dataset_cropped/10_Metas/10/17/20191010174400_00160.png,131.1,493.6,41,22.9,963
10/10/2019 17:45,datasets/dataset_cropped/10_Metas/10/17/20191010174500_00160.jpg,datasets_flow/dataset_cropped/10_Metas/10/17/20191010174500_00160.jpg,datasets_cloudmask/dataset_cropped/10_Metas/10/17/20191010174500_00160.png,127.5,484.9,40.5,22.9,963
10/10/2019 17:46,datasets/dataset_cropped/10_Metas/10/17/20191010174600_00160.jpg,datasets_flow/dataset_cropped/10_Metas/10/17/20191010174600_00160.jpg,datasets_cloudmask/dataset_cropped/10_Metas/10/17/20191010174600_00160.png,124.2,477.9,40.1,22.8,963
10/10/2019 17:47,datasets/dataset_cropped/10_Metas/10/17/20191010174700_00160.jpg,datasets_flow/dataset_cropped/10_Metas/10/17/20191010174700_00160.jpg,datasets_cloudmask/dataset_cropped/10_Metas/10/17/20191010174700_00160.png,121.2,472.3,39.6,22.7,963
10/10/2019 17:48,datasets/dataset_cropped/10_Metas/10/17/20191010174800_00160.jpg,datasets_flow/dataset_cropped/10_Metas/10/17/20191010174800_00160.jpg,datasets_cloudmask/dataset_cropped/10_Metas/10/17/20191010174800_00160.png,118.3,467.3,39.1,22.6,964
10/10/2019 17:49,datasets/dataset_cropped/10_Metas/10/17/20191010174900_00160.jpg,datasets_flow/dataset_cropped/10_Metas/10/17/20191010174900_00160.jpg,datasets_cloudmask/dataset_cropped/10_Metas/10/17/20191010174900_00160.png,115.5,462.7,38.5,22.6,963
10/10/2019 17:50,datasets/dataset_cropped/10_Metas/10/17/20191010175000_00160.jpg,datasets_flow/dataset_cropped/10_Metas/10/17/20191010175000_00160.jpg,datasets_cloudmask/dataset_cropped/10_Metas/10/17/20191010175000_00160.png,112.6,457.9,37.9,22.6,963
10/10/2019 17:51,datasets/dataset_cropped/10_Metas/10/17/20191010175100_00160.jpg,datasets_flow/dataset_cropped/10_Metas/10/17/20191010175100_00160.jpg,datasets_cloudmask/dataset_cropped/10_Metas/10/17/20191010175100_00160.png,109.6,452.5,37.3,22.6,963
10/10/2019 17:52,datasets/dataset_cropped/10_Metas/10/17/20191010175200_00160.jpg,datasets_flow/dataset_cropped/10_Metas/10/17/20191010175200_00160.jpg,datasets_cloudmask/dataset_cropped/10_Metas/10/17/20191010175200_00160.png,106.6,445.7,36.8,22.6,963
10/10/2019 17:53,datasets/dataset_cropped/10_Metas/10/17/20191010175300_00160.jpg,datasets_flow/dataset_cropped/10_Metas/10/17/20191010175300_00160.jpg,datasets_cloudmask/dataset_cropped/10_Metas/10/17/20191010175300_00160.png,103.8,437.9,36.6,22.5,963
10/10/2019 17:54,datasets/dataset_cropped/10_Metas/10/17/20191010175400_00160.jpg,datasets_flow/dataset_cropped/10_Metas/10/17/20191010175400_00160.jpg,datasets_cloudmask/dataset_cropped/10_Metas/10/17/20191010175400_00160.png,100.2,425.4,36.4,22.6,963
10/10/2019 17:55,datasets/dataset_cropped/10_Metas/10/17/20191010175500_00160.jpg,datasets_flow/dataset_cropped/10_Metas/10/17/20191010175500_00160.jpg,datasets_cloudmask/dataset_cropped/10_Metas/10/17/20191010175500_00160.png,96.7,417,35.6,22.6,963
10/10/2019 17:56,datasets/dataset_cropped/10_Metas/10/17/20191010175600_00160.jpg,datasets_flow/dataset_cropped/10_Metas/10/17/20191010175600_00160.jpg,datasets_cloudmask/dataset_cropped/10_Metas/10/17/20191010175600_00160.png,93.3,407.8,34.9,22.5,963
10/10/2019 17:57,datasets/dataset_cropped/10_Metas/10/17/20191010175700_00160.jpg,datasets_flow/dataset_cropped/10_Metas/10/17/20191010175700_00160.jpg,datasets_cloudmask/dataset_cropped/10_Metas/10/17/20191010175700_00160.png,90,398.3,34.2,22.5,963
10/10/2019 17:58,datasets/dataset_cropped/10_Metas/10/17/20191010175800_00160.jpg,datasets_flow/dataset_cropped/10_Metas/10/17/20191010175800_00160.jpg,datasets_cloudmask/dataset_cropped/10_Metas/10/17/20191010175800_00160.png,87,390.4,33.6,22.4,963
10/10/2019 17:59,datasets/dataset_cropped/10_Metas/10/17/20191010175900_00160.jpg,datasets_flow/dataset_cropped/10_Metas/10/17/20191010175900_00160.jpg,datasets_cloudmask/dataset_cropped/10_Metas/10/17/20191010175900_00160.png,84.1,382.7,33,22.3,963
10/10/2019 18:00,datasets/dataset_cropped/10_Metas/10/18/20191010180000_00160.jpg,datasets_flow/dataset_cropped/10_Metas/10/18/20191010180000_00160.jpg,datasets_cloudmask/dataset_cropped/10_Metas/10/18/20191010180000_00160.png,81.2,374.9,32.4,22.3,963
10/10/2019 18:01,datasets/dataset_cropped/10_Metas/10/18/20191010180100_00160.jpg,datasets_flow/dataset_cropped/10_Metas/10/18/20191010180100_00160.jpg,datasets_cloudmask/dataset_cropped/10_Metas/10/18/20191010180100_00160.png,78.2,366.3,31.8,22.2,963
10/10/2019 18:02,datasets/dataset_cropped/10_Metas/10/18/20191010180200_00160.jpg,datasets_flow/dataset_cropped/10_Metas/10/18/20191010180200_00160.jpg,datasets_cloudmask/dataset_cropped/10_Metas/10/18/20191010180200_00160.png,75.2,357.2,31,22.1,963
10/10/2019 18:03,datasets/dataset_cropped/10_Metas/10/18/20191010180300_00160.jpg,datasets_flow/dataset_cropped/10_Metas/10/18/20191010180300_00160.jpg,datasets_cloudmask/dataset_cropped/10_Metas/10/18/20191010180300_00160.png,72.2,348.4,30.4,22.1,963
10/10/2019 18:04,datasets/dataset_cropped/10_Metas/10/18/20191010180400_00160.jpg,datasets_flow/dataset_cropped/10_Metas/10/18/20191010180400_00160.jpg,datasets_cloudmask/dataset_cropped/10_Metas/10/18/20191010180400_00160.png,69.5,340.6,29.7,22.1,963
10/10/2019 18:05,datasets/dataset_cropped/10_Metas/10/18/20191010180500_00160.jpg,datasets_flow/dataset_cropped/10_Metas/10/18/20191010180500_00160.jpg,datasets_cloudmask/dataset_cropped/10_Metas/10/18/20191010180500_00160.png,66.8,332.6,29,22.1,963
10/10/2019 18:06,datasets/dataset_cropped/10_Metas/10/18/20191010180600_00160.jpg,datasets_flow/dataset_cropped/10_Metas/10/18/20191010180600_00160.jpg,datasets_cloudmask/dataset_cropped/10_Metas/10/18/20191010180600_00160.png,64,322.9,28.4,22,963
10/10/2019 18:07,datasets/dataset_cropped/10_Metas/10/18/20191010180700_00160.jpg,datasets_flow/dataset_cropped/10_Metas/10/18/20191010180700_00160.jpg,datasets_cloudmask/dataset_cropped/10_Metas/10/18/20191010180700_00160.png,61.3,313.7,27.7,22,963
10/10/2019 18:08,datasets/dataset_cropped/10_Metas/10/18/20191010180800_00160.jpg,datasets_flow/dataset_cropped/10_Metas/10/18/20191010180800_00160.jpg,datasets_cloudmask/dataset_cropped/10_Metas/10/18/20191010180800_00160.png,58.6,304.6,27.1,21.9,963
10/10/2019 18:09,datasets/dataset_cropped/10_Metas/10/18/20191010180900_00160.jpg,datasets_flow/dataset_cropped/10_Metas/10/18/20191010180900_00160.jpg,datasets_cloudmask/dataset_cropped/10_Metas/10/18/20191010180900_00160.png,56.1,296.5,26.4,21.9,963
10/10/2019 18:10,datasets/dataset_cropped/10_Metas/10/18/20191010181000_00160.jpg,datasets_flow/dataset_cropped/10_Metas/10/18/20191010181000_00160.jpg,datasets_cloudmask/dataset_cropped/10_Metas/10/18/20191010181000_00160.png,53.6,287.9,25.7,21.8,963
10/10/2019 18:11,datasets/dataset_cropped/10_Metas/10/18/20191010181100_00160.jpg,datasets_flow/dataset_cropped/10_Metas/10/18/20191010181100_00160.jpg,datasets_cloudmask/dataset_cropped/10_Metas/10/18/20191010181100_00160.png,51.1,278.9,25,21.8,963
10/10/2019 18:12,datasets/dataset_cropped/10_Metas/10/18/20191010181200_00160.jpg,datasets_flow/dataset_cropped/10_Metas/10/18/20191010181200_00160.jpg,datasets_cloudmask/dataset_cropped/10_Metas/10/18/20191010181200_00160.png,48.6,269.9,24.2,21.7,963
10/10/2019 18:13,datasets/dataset_cropped/10_Metas/10/18/20191010181300_00160.jpg,datasets_flow/dataset_cropped/10_Metas/10/18/20191010181300_00160.jpg,datasets_cloudmask/dataset_cropped/10_Metas/10/18/20191010181300_00160.png,46.1,260.3,23.5,21.7,963
10/10/2019 18:14,datasets/dataset_cropped/10_Metas/10/18/20191010181400_00160.jpg,datasets_flow/dataset_cropped/10_Metas/10/18/20191010181400_00160.jpg,datasets_cloudmask/dataset_cropped/10_Metas/10/18/20191010181400_00160.png,43.7,250,22.8,21.6,963
10/10/2019 18:15,datasets/dataset_cropped/10_Metas/10/18/20191010181500_00160.jpg,datasets_flow/dataset_cropped/10_Metas/10/18/20191010181500_00160.jpg,datasets_cloudmask/dataset_cropped/10_Metas/10/18/20191010181500_00160.png,41.2,239.2,22,21.6,964
10/10/2019 18:16,datasets/dataset_cropped/10_Metas/10/18/20191010181600_00160.jpg,datasets_flow/dataset_cropped/10_Metas/10/18/20191010181600_00160.jpg,datasets_cloudmask/dataset_cropped/10_Metas/10/18/20191010181600_00160.png,38.8,227.1,21.3,21.5,963
10/10/2019 18:17,datasets/dataset_cropped/10_Metas/10/18/20191010181700_00160.jpg,datasets_flow/dataset_cropped/10_Metas/10/18/20191010181700_00160.jpg,datasets_cloudmask/dataset_cropped/10_Metas/10/18/20191010181700_00160.png,36.4,214.5,20.5,21.4,963
10/10/2019 18:18,datasets/dataset_cropped/10_Metas/10/18/20191010181800_00160.jpg,datasets_flow/dataset_cropped/10_Metas/10/18/20191010181800_00160.jpg,datasets_cloudmask/dataset_cropped/10_Metas/10/18/20191010181800_00160.png,34.1,203,19.8,21.4,963
10/10/2019 18:19,datasets/dataset_cropped/10_Metas/10/18/20191010181900_00160.jpg,datasets_flow/dataset_cropped/10_Metas/10/18/20191010181900_00160.jpg,datasets_cloudmask/dataset_cropped/10_Metas/10/18/20191010181900_00160.png,32,192.9,19,21.4,964
10/10/2019 18:20,datasets/dataset_cropped/10_Metas/10/18/20191010182000_00160.jpg,datasets_flow/dataset_cropped/10_Metas/10/18/20191010182000_00160.jpg,datasets_cloudmask/dataset_cropped/10_Metas/10/18/20191010182000_00160.png,30,184,18.2,21.4,963
10/10/2019 18:21,datasets/dataset_cropped/10_Metas/10/18/20191010182100_00160.jpg,datasets_flow/dataset_cropped/10_Metas/10/18/20191010182100_00160.jpg,datasets_cloudmask/dataset_cropped/10_Metas/10/18/20191010182100_00160.png,28.1,175.2,17.4,21.3,964
10/10/2019 18:22,datasets/dataset_cropped/10_Metas/10/18/20191010182200_00160.jpg,datasets_flow/dataset_cropped/10_Metas/10/18/20191010182200_00160.jpg,datasets_cloudmask/dataset_cropped/10_Metas/10/18/20191010182200_00160.png,26.1,164.5,16.6,21.3,963
10/10/2019 18:23,datasets/dataset_cropped/10_Metas/10/18/20191010182300_00160.jpg,datasets_flow/dataset_cropped/10_Metas/10/18/20191010182300_00160.jpg,datasets_cloudmask/dataset_cropped/10_Metas/10/18/20191010182300_00160.png,24.2,152,15.8,21.2,963
10/10/2019 18:24,datasets/dataset_cropped/10_Metas/10/18/20191010182400_00160.jpg,datasets_flow/dataset_cropped/10_Metas/10/18/20191010182400_00160.jpg,datasets_cloudmask/dataset_cropped/10_Metas/10/18/20191010182400_00160.png,22.3,140,15,21.2,963
10/10/2019 18:25,datasets/dataset_cropped/10_Metas/10/18/20191010182500_00160.jpg,datasets_flow/dataset_cropped/10_Metas/10/18/20191010182500_00160.jpg,datasets_cloudmask/dataset_cropped/10_Metas/10/18/20191010182500_00160.png,20.6,129.2,14.2,21.2,963
10/10/2019 18:26,datasets/dataset_cropped/10_Metas/10/18/20191010182600_00160.jpg,datasets_flow/dataset_cropped/10_Metas/10/18/20191010182600_00160.jpg,datasets_cloudmask/dataset_cropped/10_Metas/10/18/20191010182600_00160.png,18.9,117.5,13.4,21.1,964
10/10/2019 18:27,datasets/dataset_cropped/10_Metas/10/18/20191010182700_00160.jpg,datasets_flow/dataset_cropped/10_Metas/10/18/20191010182700_00160.jpg,datasets_cloudmask/dataset_cropped/10_Metas/10/18/20191010182700_00160.png,17.2,104.2,12.6,21.1,963
10/10/2019 18:28,datasets/dataset_cropped/10_Metas/10/18/20191010182800_00160.jpg,datasets_flow/dataset_cropped/10_Metas/10/18/20191010182800_00160.jpg,datasets_cloudmask/dataset_cropped/10_Metas/10/18/20191010182800_00160.png,15.4,86.5,11.8,21.1,964
10/10/2019 18:29,datasets/dataset_cropped/10_Metas/10/18/20191010182900_00160.jpg,datasets_flow/dataset_cropped/10_Metas/10/18/20191010182900_00160.jpg,datasets_cloudmask/dataset_cropped/10_Metas/10/18/20191010182900_00160.png,13.7,69.3,11,21.1,963
10/10/2019 18:30,datasets/dataset_cropped/10_Metas/10/18/20191010183000_00160.jpg,datasets_flow/dataset_cropped/10_Metas/10/18/20191010183000_00160.jpg,datasets_cloudmask/dataset_cropped/10_Metas/10/18/20191010183000_00160.png,11.7,41.1,10.1,21,963
10/10/2019 18:31,datasets/dataset_cropped/10_Metas/10/18/20191010183100_00160.jpg,datasets_flow/dataset_cropped/10_Metas/10/18/20191010183100_00160.jpg,datasets_cloudmask/dataset_cropped/10_Metas/10/18/20191010183100_00160.png,9.8,11,9.1,20.9,963
10/10/2019 18:32,datasets/dataset_cropped/10_Metas/10/18/20191010183200_00160.jpg,datasets_flow/dataset_cropped/10_Metas/10/18/20191010183200_00160.jpg,datasets_cloudmask/dataset_cropped/10_Metas/10/18/20191010183200_00160.png,8.4,0.1,8.2,20.8,963
10/10/2019 18:33,datasets/dataset_cropped/10_Metas/10/18/20191010183300_00160.jpg,datasets_flow/dataset_cropped/10_Metas/10/18/20191010183300_00160.jpg,datasets_cloudmask/dataset_cropped/10_Metas/10/18/20191010183300_00160.png,7.5,0,7.3,20.8,964
10/10/2019 18:34,datasets/dataset_cropped/10_Metas/10/18/20191010183400_00160.jpg,datasets_flow/dataset_cropped/10_Metas/10/18/20191010183400_00160.jpg,datasets_cloudmask/dataset_cropped/10_Metas/10/18/20191010183400_00160.png,6.8,0,6.5,20.8,964
10/10/2019 18:35,datasets/dataset_cropped/10_Metas/10/18/20191010183500_00160.jpg,datasets_flow/dataset_cropped/10_Metas/10/18/20191010183500_00160.jpg,datasets_cloudmask/dataset_cropped/10_Metas/10/18/20191010183500_00160.png,6.1,0,5.8,20.8,964
10/10/2019 18:36,datasets/dataset_cropped/10_Metas/10/18/20191010183600_00160.jpg,datasets_flow/dataset_cropped/10_Metas/10/18/20191010183600_00160.jpg,datasets_cloudmask/dataset_cropped/10_Metas/10/18/20191010183600_00160.png,5.4,0,5.1,20.8,964
10/10/2019 18:37,datasets/dataset_cropped/10_Metas/10/18/20191010183700_00160.jpg,datasets_flow/dataset_cropped/10_Metas/10/18/20191010183700_00160.jpg,datasets_cloudmask/dataset_cropped/10_Metas/10/18/20191010183700_00160.png,4.8,0,4.5,20.7,964
10/10/2019 18:38,datasets/dataset_cropped/10_Metas/10/18/20191010183800_00160.jpg,datasets_flow/dataset_cropped/10_Metas/10/18/20191010183800_00160.jpg,datasets_cloudmask/dataset_cropped/10_Metas/10/18/20191010183800_00160.png,4.1,0,3.9,20.7,964
10/11/2019 7:15,datasets/dataset_cropped/10_Metas/11/07/20191011071500_00160.jpg,datasets_flow/dataset_cropped/10_Metas/11/07/20191011071500_00160.jpg,datasets_cloudmask/dataset_cropped/10_Metas/11/07/20191011071500_00160.png,5,0,4.8,15.4,964
10/11/2019 7:16,datasets/dataset_cropped/10_Metas/11/07/20191011071600_00160.jpg,datasets_flow/dataset_cropped/10_Metas/11/07/20191011071600_00160.jpg,datasets_cloudmask/dataset_cropped/10_Metas/11/07/20191011071600_00160.png,5.7,0.4,5.5,15.5,964
10/11/2019 7:17,datasets/dataset_cropped/10_Metas/11/07/20191011071700_00160.jpg,datasets_flow/dataset_cropped/10_Metas/11/07/20191011071700_00160.jpg,datasets_cloudmask/dataset_cropped/10_Metas/11/07/20191011071700_00160.png,6.4,3.5,6.1,15.5,964
10/11/2019 7:18,datasets/dataset_cropped/10_Metas/11/07/20191011071800_00160.jpg,datasets_flow/dataset_cropped/10_Metas/11/07/20191011071800_00160.jpg,datasets_cloudmask/dataset_cropped/10_Metas/11/07/20191011071800_00160.png,7.2,18.3,6.8,15.6,964
10/11/2019 7:19,datasets/dataset_cropped/10_Metas/11/07/20191011071900_00160.jpg,datasets_flow/dataset_cropped/10_Metas/11/07/20191011071900_00160.jpg,datasets_cloudmask/dataset_cropped/10_Metas/11/07/20191011071900_00160.png,8.2,35.2,7.4,15.4,964
10/11/2019 7:20,datasets/dataset_cropped/10_Metas/11/07/20191011072000_00160.jpg,datasets_flow/dataset_cropped/10_Metas/11/07/20191011072000_00160.jpg,datasets_cloudmask/dataset_cropped/10_Metas/11/07/20191011072000_00160.png,9.1,48.2,8.1,15.4,964
10/11/2019 7:21,datasets/dataset_cropped/10_Metas/11/07/20191011072100_00160.jpg,datasets_flow/dataset_cropped/10_Metas/11/07/20191011072100_00160.jpg,datasets_cloudmask/dataset_cropped/10_Metas/11/07/20191011072100_00160.png,10.4,66.4,8.8,15.4,964
10/11/2019 7:22,datasets/dataset_cropped/10_Metas/11/07/20191011072200_00160.jpg,datasets_flow/dataset_cropped/10_Metas/11/07/20191011072200_00160.jpg,datasets_cloudmask/dataset_cropped/10_Metas/11/07/20191011072200_00160.png,11.9,90.5,9.7,15.4,964
10/11/2019 7:23,datasets/dataset_cropped/10_Metas/11/07/20191011072300_00160.jpg,datasets_flow/dataset_cropped/10_Metas/11/07/20191011072300_00160.jpg,datasets_cloudmask/dataset_cropped/10_Metas/11/07/20191011072300_00160.png,13.6,110.3,10.5,15.5,965
10/11/2019 7:24,datasets/dataset_cropped/10_Metas/11/07/20191011072400_00160.jpg,datasets_flow/dataset_cropped/10_Metas/11/07/20191011072400_00160.jpg,datasets_cloudmask/dataset_cropped/10_Metas/11/07/20191011072400_00160.png,15.3,129.4,11.4,15.5,964
10/11/2019 7:25,datasets/dataset_cropped/10_Metas/11/07/20191011072500_00160.jpg,datasets_flow/dataset_cropped/10_Metas/11/07/20191011072500_00160.jpg,datasets_cloudmask/dataset_cropped/10_Metas/11/07/20191011072500_00160.png,17.1,148.6,12.2,15.6,964
10/11/2019 7:26,datasets/dataset_cropped/10_Metas/11/07/20191011072600_00160.jpg,datasets_flow/dataset_cropped/10_Metas/11/07/20191011072600_00160.jpg,datasets_cloudmask/dataset_cropped/10_Metas/11/07/20191011072600_00160.png,18.9,163.2,13,15.6,964
10/11/2019 7:27,datasets/dataset_cropped/10_Metas/11/07/20191011072700_00160.jpg,datasets_flow/dataset_cropped/10_Metas/11/07/20191011072700_00160.jpg,datasets_cloudmask/dataset_cropped/10_Metas/11/07/20191011072700_00160.png,20.7,177.9,13.9,15.7,964
10/11/2019 7:28,datasets/dataset_cropped/10_Metas/11/07/20191011072800_00160.jpg,datasets_flow/dataset_cropped/10_Metas/11/07/20191011072800_00160.jpg,datasets_cloudmask/dataset_cropped/10_Metas/11/07/20191011072800_00160.png,22.7,192.2,14.7,15.7,964
10/11/2019 7:29,datasets/dataset_cropped/10_Metas/11/07/20191011072900_00160.jpg,datasets_flow/dataset_cropped/10_Metas/11/07/20191011072900_00160.jpg,datasets_cloudmask/dataset_cropped/10_Metas/11/07/20191011072900_00160.png,24.8,207.5,15.5,15.8,964
10/11/2019 7:30,datasets/dataset_cropped/10_Metas/11/07/20191011073000_00160.jpg,datasets_flow/dataset_cropped/10_Metas/11/07/20191011073000_00160.jpg,datasets_cloudmask/dataset_cropped/10_Metas/11/07/20191011073000_00160.png,27,223.1,16.3,15.9,964
10/11/2019 7:31,datasets/dataset_cropped/10_Metas/11/07/20191011073100_00160.jpg,datasets_flow/dataset_cropped/10_Metas/11/07/20191011073100_00160.jpg,datasets_cloudmask/dataset_cropped/10_Metas/11/07/20191011073100_00160.png,29.1,237.3,17.1,15.9,964
10/11/2019 7:32,datasets/dataset_cropped/10_Metas/11/07/20191011073200_00160.jpg,datasets_flow/dataset_cropped/10_Metas/11/07/20191011073200_00160.jpg,datasets_cloudmask/dataset_cropped/10_Metas/11/07/20191011073200_00160.png,31.4,250.5,17.9,15.8,964
10/11/2019 7:33,datasets/dataset_cropped/10_Metas/11/07/20191011073300_00160.jpg,datasets_flow/dataset_cropped/10_Metas/11/07/20191011073300_00160.jpg,datasets_cloudmask/dataset_cropped/10_Metas/11/07/20191011073300_00160.png,33.6,263.1,18.5,15.8,964
10/11/2019 7:34,datasets/dataset_cropped/10_Metas/11/07/20191011073400_00160.jpg,datasets_flow/dataset_cropped/10_Metas/11/07/20191011073400_00160.jpg,datasets_cloudmask/dataset_cropped/10_Metas/11/07/20191011073400_00160.png,35.8,273.9,19.3,15.8,964
10/11/2019 7:35,datasets/dataset_cropped/10_Metas/11/07/20191011073500_00160.jpg,datasets_flow/dataset_cropped/10_Metas/11/07/20191011073500_00160.jpg,datasets_cloudmask/dataset_cropped/10_Metas/11/07/20191011073500_00160.png,38.2,285.2,20,15.8,964
10/11/2019 7:36,datasets/dataset_cropped/10_Metas/11/07/20191011073600_00160.jpg,datasets_flow/dataset_cropped/10_Metas/11/07/20191011073600_00160.jpg,datasets_cloudmask/dataset_cropped/10_Metas/11/07/20191011073600_00160.png,40.7,298.2,20.6,15.9,964
10/11/2019 7:37,datasets/dataset_cropped/10_Metas/11/07/20191011073700_00160.jpg,datasets_flow/dataset_cropped/10_Metas/11/07/20191011073700_00160.jpg,datasets_cloudmask/dataset_cropped/10_Metas/11/07/20191011073700_00160.png,42.8,308.8,21,16,965
10/11/2019 7:38,datasets/dataset_cropped/10_Metas/11/07/20191011073800_00160.jpg,datasets_flow/dataset_cropped/10_Metas/11/07/20191011073800_00160.jpg,datasets_cloudmask/dataset_cropped/10_Metas/11/07/20191011073800_00160.png,44.9,319.4,21.3,16.1,964
10/11/2019 7:39,datasets/dataset_cropped/10_Metas/11/07/20191011073900_00160.jpg,datasets_flow/dataset_cropped/10_Metas/11/07/20191011073900_00160.jpg,datasets_cloudmask/dataset_cropped/10_Metas/11/07/20191011073900_00160.png,45.1,309.3,21.4,16.2,964
10/11/2019 7:40,datasets/dataset_cropped/10_Metas/11/07/20191011074000_00160.jpg,datasets_flow/dataset_cropped/10_Metas/11/07/20191011074000_00160.jpg,datasets_cloudmask/dataset_cropped/10_Metas/11/07/20191011074000_00160.png,28.9,104.1,20.9,16.2,964
10/11/2019 7:41,datasets/dataset_cropped/10_Metas/11/07/20191011074100_00160.jpg,datasets_flow/dataset_cropped/10_Metas/11/07/20191011074100_00160.jpg,datasets_cloudmask/dataset_cropped/10_Metas/11/07/20191011074100_00160.png,28.8,91.2,21.4,16.2,965
10/11/2019 7:42,datasets/dataset_cropped/10_Metas/11/07/20191011074200_00160.jpg,datasets_flow/dataset_cropped/10_Metas/11/07/20191011074200_00160.jpg,datasets_cloudmask/dataset_cropped/10_Metas/11/07/20191011074200_00160.png,40.8,218.1,22.2,16.1,964
10/11/2019 7:43,datasets/dataset_cropped/10_Metas/11/07/20191011074300_00160.jpg,datasets_flow/dataset_cropped/10_Metas/11/07/20191011074300_00160.jpg,datasets_cloudmask/dataset_cropped/10_Metas/11/07/20191011074300_00160.png,33.5,129.5,22.2,16,965
10/11/2019 7:44,datasets/dataset_cropped/10_Metas/11/07/20191011074400_00160.jpg,datasets_flow/dataset_cropped/10_Metas/11/07/20191011074400_00160.jpg,datasets_cloudmask/dataset_cropped/10_Metas/11/07/20191011074400_00160.png,33.9,123.2,22.6,15.9,965
10/11/2019 7:45,datasets/dataset_cropped/10_Metas/11/07/20191011074500_00160.jpg,datasets_flow/dataset_cropped/10_Metas/11/07/20191011074500_00160.jpg,datasets_cloudmask/dataset_cropped/10_Metas/11/07/20191011074500_00160.png,28.4,58.1,22.9,15.8,964
10/11/2019 7:46,datasets/dataset_cropped/10_Metas/11/07/20191011074600_00160.jpg,datasets_flow/dataset_cropped/10_Metas/11/07/20191011074600_00160.jpg,datasets_cloudmask/dataset_cropped/10_Metas/11/07/20191011074600_00160.png,24.8,13.9,23.4,15.7,965
10/11/2019 7:47,datasets/dataset_cropped/10_Metas/11/07/20191011074700_00160.jpg,datasets_flow/dataset_cropped/10_Metas/11/07/20191011074700_00160.jpg,datasets_cloudmask/dataset_cropped/10_Metas/11/07/20191011074700_00160.png,26,16.5,24.4,15.6,965
10/11/2019 7:48,datasets/dataset_cropped/10_Metas/11/07/20191011074800_00160.jpg,datasets_flow/dataset_cropped/10_Metas/11/07/20191011074800_00160.jpg,datasets_cloudmask/dataset_cropped/10_Metas/11/07/20191011074800_00160.png,27.1,16.7,25.3,15.6,964
10/11/2019 7:49,datasets/dataset_cropped/10_Metas/11/07/20191011074900_00160.jpg,datasets_flow/dataset_cropped/10_Metas/11/07/20191011074900_00160.jpg,datasets_cloudmask/dataset_cropped/10_Metas/11/07/20191011074900_00160.png,32.2,50.2,26.6,15.5,964
10/11/2019 7:50,datasets/dataset_cropped/10_Metas/11/07/20191011075000_00160.jpg,datasets_flow/dataset_cropped/10_Metas/11/07/20191011075000_00160.jpg,datasets_cloudmask/dataset_cropped/10_Metas/11/07/20191011075000_00160.png,42.5,127.1,28,15.5,965
10/11/2019 7:51,datasets/dataset_cropped/10_Metas/11/07/20191011075100_00160.jpg,datasets_flow/dataset_cropped/10_Metas/11/07/20191011075100_00160.jpg,datasets_cloudmask/dataset_cropped/10_Metas/11/07/20191011075100_00160.png,56.5,230.1,29.4,15.5,965
10/11/2019 7:52,datasets/dataset_cropped/10_Metas/11/07/20191011075200_00160.jpg,datasets_flow/dataset_cropped/10_Metas/11/07/20191011075200_00160.jpg,datasets_cloudmask/dataset_cropped/10_Metas/11/07/20191011075200_00160.png,80.3,409.5,30.6,15.6,965
10/11/2019 7:53,datasets/dataset_cropped/10_Metas/11/07/20191011075300_00160.jpg,datasets_flow/dataset_cropped/10_Metas/11/07/20191011075300_00160.jpg,datasets_cloudmask/dataset_cropped/10_Metas/11/07/20191011075300_00160.png,87.5,452.7,31,15.7,965
10/11/2019 7:54,datasets/dataset_cropped/10_Metas/11/07/20191011075400_00160.jpg,datasets_flow/dataset_cropped/10_Metas/11/07/20191011075400_00160.jpg,datasets_cloudmask/dataset_cropped/10_Metas/11/07/20191011075400_00160.png,90.2,463.3,30.9,15.8,965
10/11/2019 7:55,datasets/dataset_cropped/10_Metas/11/07/20191011075500_00160.jpg,datasets_flow/dataset_cropped/10_Metas/11/07/20191011075500_00160.jpg,datasets_cloudmask/dataset_cropped/10_Metas/11/07/20191011075500_00160.png,88.4,441.1,30.5,15.9,965
10/11/2019 7:56,datasets/dataset_cropped/10_Metas/11/07/20191011075600_00160.jpg,datasets_flow/dataset_cropped/10_Metas/11/07/20191011075600_00160.jpg,datasets_cloudmask/dataset_cropped/10_Metas/11/07/20191011075600_00160.png,58.1,210.5,29.7,16,965
10/11/2019 7:57,datasets/dataset_cropped/10_Metas/11/07/20191011075700_00160.jpg,datasets_flow/dataset_cropped/10_Metas/11/07/20191011075700_00160.jpg,datasets_cloudmask/dataset_cropped/10_Metas/11/07/20191011075700_00160.png,39.5,69.6,29.7,16.1,965
10/11/2019 7:58,datasets/dataset_cropped/10_Metas/11/07/20191011075800_00160.jpg,datasets_flow/dataset_cropped/10_Metas/11/07/20191011075800_00160.jpg,datasets_cloudmask/dataset_cropped/10_Metas/11/07/20191011075800_00160.png,34.7,29.5,30.3,16.1,965
10/11/2019 7:59,datasets/dataset_cropped/10_Metas/11/07/20191011075900_00160.jpg,datasets_flow/dataset_cropped/10_Metas/11/07/20191011075900_00160.jpg,datasets_cloudmask/dataset_cropped/10_Metas/11/07/20191011075900_00160.png,40.6,62.9,31.3,16.1,965
10/11/2019 8:00,datasets/dataset_cropped/10_Metas/11/08/20191011080000_00160.jpg,datasets_flow/dataset_cropped/10_Metas/11/08/20191011080000_00160.jpg,datasets_cloudmask/dataset_cropped/10_Metas/11/08/20191011080000_00160.png,51.9,131.3,32.5,16.1,965
10/11/2019 8:01,datasets/dataset_cropped/10_Metas/11/08/20191011080100_00160.jpg,datasets_flow/dataset_cropped/10_Metas/11/08/20191011080100_00160.jpg,datasets_cloudmask/dataset_cropped/10_Metas/11/08/20191011080100_00160.png,68,223.8,34.2,16.1,965
10/11/2019 8:02,datasets/dataset_cropped/10_Metas/11/08/20191011080200_00160.jpg,datasets_flow/dataset_cropped/10_Metas/11/08/20191011080200_00160.jpg,datasets_cloudmask/dataset_cropped/10_Metas/11/08/20191011080200_00160.png,114.7,511.7,36.1,16.1,965
10/11/2019 8:03,datasets/dataset_cropped/10_Metas/11/08/20191011080300_00160.jpg,datasets_flow/dataset_cropped/10_Metas/11/08/20191011080300_00160.jpg,datasets_cloudmask/dataset_cropped/10_Metas/11/08/20191011080300_00160.png,118.7,520.7,37.1,16.2,965
10/11/2019 8:04,datasets/dataset_cropped/10_Metas/11/08/20191011080400_00160.jpg,datasets_flow/dataset_cropped/10_Metas/11/08/20191011080400_00160.jpg,datasets_cloudmask/dataset_cropped/10_Metas/11/08/20191011080400_00160.png,122.1,525.8,38,16.3,965
10/11/2019 8:05,datasets/dataset_cropped/10_Metas/11/08/20191011080500_00160.jpg,datasets_flow/dataset_cropped/10_Metas/11/08/20191011080500_00160.jpg,datasets_cloudmask/dataset_cropped/10_Metas/11/08/20191011080500_00160.png,125.3,530.8,38.6,16.5,965
10/11/2019 8:06,datasets/dataset_cropped/10_Metas/11/08/20191011080600_00160.jpg,datasets_flow/dataset_cropped/10_Metas/11/08/20191011080600_00160.jpg,datasets_cloudmask/dataset_cropped/10_Metas/11/08/20191011080600_00160.png,128.4,536.6,39,16.6,965
10/11/2019 8:07,datasets/dataset_cropped/10_Metas/11/08/20191011080700_00160.jpg,datasets_flow/dataset_cropped/10_Metas/11/08/20191011080700_00160.jpg,datasets_cloudmask/dataset_cropped/10_Metas/11/08/20191011080700_00160.png,131.6,543.6,39.4,16.7,965
10/11/2019 8:08,datasets/dataset_cropped/10_Metas/11/08/20191011080800_00160.jpg,datasets_flow/dataset_cropped/10_Metas/11/08/20191011080800_00160.jpg,datasets_cloudmask/dataset_cropped/10_Metas/11/08/20191011080800_00160.png,134.6,548.9,39.8,16.7,965
10/11/2019 8:09,datasets/dataset_cropped/10_Metas/11/08/20191011080900_00160.jpg,datasets_flow/dataset_cropped/10_Metas/11/08/20191011080900_00160.jpg,datasets_cloudmask/dataset_cropped/10_Metas/11/08/20191011080900_00160.png,137.6,553.9,40.3,16.8,965
10/11/2019 8:10,datasets/dataset_cropped/10_Metas/11/08/20191011081000_00160.jpg,datasets_flow/dataset_cropped/10_Metas/11/08/20191011081000_00160.jpg,datasets_cloudmask/dataset_cropped/10_Metas/11/08/20191011081000_00160.png,140.9,560,40.7,16.9,965
10/11/2019 8:11,datasets/dataset_cropped/10_Metas/11/08/20191011081100_00160.jpg,datasets_flow/dataset_cropped/10_Metas/11/08/20191011081100_00160.jpg,datasets_cloudmask/dataset_cropped/10_Metas/11/08/20191011081100_00160.png,144.2,566.2,41.1,16.9,965
10/11/2019 8:12,datasets/dataset_cropped/10_Metas/11/08/20191011081200_00160.jpg,datasets_flow/dataset_cropped/10_Metas/11/08/20191011081200_00160.jpg,datasets_cloudmask/dataset_cropped/10_Metas/11/08/20191011081200_00160.png,147.6,573.1,41.3,16.9,965
10/11/2019 8:13,datasets/dataset_cropped/10_Metas/11/08/20191011081300_00160.jpg,datasets_flow/dataset_cropped/10_Metas/11/08/20191011081300_00160.jpg,datasets_cloudmask/dataset_cropped/10_Metas/11/08/20191011081300_00160.png,151.1,579.5,41.7,16.9,965
10/11/2019 8:14,datasets/dataset_cropped/10_Metas/11/08/20191011081400_00160.jpg,datasets_flow/dataset_cropped/10_Metas/11/08/20191011081400_00160.jpg,datasets_cloudmask/dataset_cropped/10_Metas/11/08/20191011081400_00160.png,154.5,585.1,42.2,16.9,965
10/11/2019 8:15,datasets/dataset_cropped/10_Metas/11/08/20191011081500_00160.jpg,datasets_flow/dataset_cropped/10_Metas/11/08/20191011081500_00160.jpg,datasets_cloudmask/dataset_cropped/10_Metas/11/08/20191011081500_00160.png,157.9,589.5,42.8,17,965
10/11/2019 8:16,datasets/dataset_cropped/10_Metas/11/08/20191011081600_00160.jpg,datasets_flow/dataset_cropped/10_Metas/11/08/20191011081600_00160.jpg,datasets_cloudmask/dataset_cropped/10_Metas/11/08/20191011081600_00160.png,161.4,594.2,43.4,17.1,965
10/11/2019 8:17,datasets/dataset_cropped/10_Metas/11/08/20191011081700_00160.jpg,datasets_flow/dataset_cropped/10_Metas/11/08/20191011081700_00160.jpg,datasets_cloudmask/dataset_cropped/10_Metas/11/08/20191011081700_00160.png,165,599.5,44.1,17.1,965
10/11/2019 8:18,datasets/dataset_cropped/10_Metas/11/08/20191011081800_00160.jpg,datasets_flow/dataset_cropped/10_Metas/11/08/20191011081800_00160.jpg,datasets_cloudmask/dataset_cropped/10_Metas/11/08/20191011081800_00160.png,168.3,603.1,44.8,17.1,965
10/11/2019 8:19,datasets/dataset_cropped/10_Metas/11/08/20191011081900_00160.jpg,datasets_flow/dataset_cropped/10_Metas/11/08/20191011081900_00160.jpg,datasets_cloudmask/dataset_cropped/10_Metas/11/08/20191011081900_00160.png,171.5,607,45.2,17.2,965
10/11/2019 8:20,datasets/dataset_cropped/10_Metas/11/08/20191011082000_00160.jpg,datasets_flow/dataset_cropped/10_Metas/11/08/20191011082000_00160.jpg,datasets_cloudmask/dataset_cropped/10_Metas/11/08/20191011082000_00160.png,175,611.4,45.8,17.2,965
10/11/2019 8:21,datasets/dataset_cropped/10_Metas/11/08/20191011082100_00160.jpg,datasets_flow/dataset_cropped/10_Metas/11/08/20191011082100_00160.jpg,datasets_cloudmask/dataset_cropped/10_Metas/11/08/20191011082100_00160.png,178.8,616.2,46.6,17.3,965
10/11/2019 8:22,datasets/dataset_cropped/10_Metas/11/08/20191011082200_00160.jpg,datasets_flow/dataset_cropped/10_Metas/11/08/20191011082200_00160.jpg,datasets_cloudmask/dataset_cropped/10_Metas/11/08/20191011082200_00160.png,182.7,620.9,47.4,17.5,965
10/11/2019 8:23,datasets/dataset_cropped/10_Metas/11/08/20191011082300_00160.jpg,datasets_flow/dataset_cropped/10_Metas/11/08/20191011082300_00160.jpg,datasets_cloudmask/dataset_cropped/10_Metas/11/08/20191011082300_00160.png,186.2,624.5,48.2,17.7,965
10/11/2019 8:24,datasets/dataset_cropped/10_Metas/11/08/20191011082400_00160.jpg,datasets_flow/dataset_cropped/10_Metas/11/08/20191011082400_00160.jpg,datasets_cloudmask/dataset_cropped/10_Metas/11/08/20191011082400_00160.png,190.1,629,49.1,17.8,965
10/11/2019 8:25,datasets/dataset_cropped/10_Metas/11/08/20191011082500_00160.jpg,datasets_flow/dataset_cropped/10_Metas/11/08/20191011082500_00160.jpg,datasets_cloudmask/dataset_cropped/10_Metas/11/08/20191011082500_00160.png,194,634.2,49.8,17.9,965
10/11/2019 8:26,datasets/dataset_cropped/10_Metas/11/08/20191011082600_00160.jpg,datasets_flow/dataset_cropped/10_Metas/11/08/20191011082600_00160.jpg,datasets_cloudmask/dataset_cropped/10_Metas/11/08/20191011082600_00160.png,197.6,638.3,50.5,17.9,965
10/11/2019 8:27,datasets/dataset_cropped/10_Metas/11/08/20191011082700_00160.jpg,datasets_flow/dataset_cropped/10_Metas/11/08/20191011082700_00160.jpg,datasets_cloudmask/dataset_cropped/10_Metas/11/08/20191011082700_00160.png,201.1,641.7,51.1,18.1,965
10/11/2019 8:28,datasets/dataset_cropped/10_Metas/11/08/20191011082800_00160.jpg,datasets_flow/dataset_cropped/10_Metas/11/08/20191011082800_00160.jpg,datasets_cloudmask/dataset_cropped/10_Metas/11/08/20191011082800_00160.png,204.8,645.8,51.9,18.1,965
10/11/2019 8:29,datasets/dataset_cropped/10_Metas/11/08/20191011082900_00160.jpg,datasets_flow/dataset_cropped/10_Metas/11/08/20191011082900_00160.jpg,datasets_cloudmask/dataset_cropped/10_Metas/11/08/20191011082900_00160.png,208.8,651.7,52.4,18.1,965
10/11/2019 8:30,datasets/dataset_cropped/10_Metas/11/08/20191011083000_00160.jpg,datasets_flow/dataset_cropped/10_Metas/11/08/20191011083000_00160.jpg,datasets_cloudmask/dataset_cropped/10_Metas/11/08/20191011083000_00160.png,212.5,655.9,53,18.1,965
10/11/2019 8:31,datasets/dataset_cropped/10_Metas/11/08/20191011083100_00160.jpg,datasets_flow/dataset_cropped/10_Metas/11/08/20191011083100_00160.jpg,datasets_cloudmask/dataset_cropped/10_Metas/11/08/20191011083100_00160.png,216.3,660,53.8,18.2,965
10/11/2019 8:32,datasets/dataset_cropped/10_Metas/11/08/20191011083200_00160.jpg,datasets_flow/dataset_cropped/10_Metas/11/08/20191011083200_00160.jpg,datasets_cloudmask/dataset_cropped/10_Metas/11/08/20191011083200_00160.png,220.3,664.8,54.5,18.2,965
10/11/2019 8:33,datasets/dataset_cropped/10_Metas/11/08/20191011083300_00160.jpg,datasets_flow/dataset_cropped/10_Metas/11/08/20191011083300_00160.jpg,datasets_cloudmask/dataset_cropped/10_Metas/11/08/20191011083300_00160.png,224.4,668.8,55.5,18.4,965
10/11/2019 8:34,datasets/dataset_cropped/10_Metas/11/08/20191011083400_00160.jpg,datasets_flow/dataset_cropped/10_Metas/11/08/20191011083400_00160.jpg,datasets_cloudmask/dataset_cropped/10_Metas/11/08/20191011083400_00160.png,229.1,672.4,57.2,18.4,965
10/11/2019 8:35,datasets/dataset_cropped/10_Metas/11/08/20191011083500_00160.jpg,datasets_flow/dataset_cropped/10_Metas/11/08/20191011083500_00160.jpg,datasets_cloudmask/dataset_cropped/10_Metas/11/08/20191011083500_00160.png,234.1,674.8,59.5,18.5,965
10/11/2019 8:36,datasets/dataset_cropped/10_Metas/11/08/20191011083600_00160.jpg,datasets_flow/dataset_cropped/10_Metas/11/08/20191011083600_00160.jpg,datasets_cloudmask/dataset_cropped/10_Metas/11/08/20191011083600_00160.png,240,678.1,62.4,18.5,965
10/11/2019 8:37,datasets/dataset_cropped/10_Metas/11/08/20191011083700_00160.jpg,datasets_flow/dataset_cropped/10_Metas/11/08/20191011083700_00160.jpg,datasets_cloudmask/dataset_cropped/10_Metas/11/08/20191011083700_00160.png,244.1,673.7,65.6,18.5,965
10/11/2019 8:38,datasets/dataset_cropped/10_Metas/11/08/20191011083800_00160.jpg,datasets_flow/dataset_cropped/10_Metas/11/08/20191011083800_00160.jpg,datasets_cloudmask/dataset_cropped/10_Metas/11/08/20191011083800_00160.png,209.3,524.1,68.5,18.4,965
10/11/2019 8:39,datasets/dataset_cropped/10_Metas/11/08/20191011083900_00160.jpg,datasets_flow/dataset_cropped/10_Metas/11/08/20191011083900_00160.jpg,datasets_cloudmask/dataset_cropped/10_Metas/11/08/20191011083900_00160.png,249.3,648.3,73.4,18.4,965
10/11/2019 8:40,datasets/dataset_cropped/10_Metas/11/08/20191011084000_00160.jpg,datasets_flow/dataset_cropped/10_Metas/11/08/20191011084000_00160.jpg,datasets_cloudmask/dataset_cropped/10_Metas/11/08/20191011084000_00160.png,269.6,696.5,78.7,18.3,965
10/11/2019 8:41,datasets/dataset_cropped/10_Metas/11/08/20191011084100_00160.jpg,datasets_flow/dataset_cropped/10_Metas/11/08/20191011084100_00160.jpg,datasets_cloudmask/dataset_cropped/10_Metas/11/08/20191011084100_00160.png,276.3,696,83.3,18.4,965
10/11/2019 8:42,datasets/dataset_cropped/10_Metas/11/08/20191011084200_00160.jpg,datasets_flow/dataset_cropped/10_Metas/11/08/20191011084200_00160.jpg,datasets_cloudmask/dataset_cropped/10_Metas/11/08/20191011084200_00160.png,282.7,697.5,86.1,18.6,965
10/11/2019 8:43,datasets/dataset_cropped/10_Metas/11/08/20191011084300_00160.jpg,datasets_flow/dataset_cropped/10_Metas/11/08/20191011084300_00160.jpg,datasets_cloudmask/dataset_cropped/10_Metas/11/08/20191011084300_00160.png,252.7,575.2,88.9,18.7,965
10/11/2019 8:44,datasets/dataset_cropped/10_Metas/11/08/20191011084400_00160.jpg,datasets_flow/dataset_cropped/10_Metas/11/08/20191011084400_00160.jpg,datasets_cloudmask/dataset_cropped/10_Metas/11/08/20191011084400_00160.png,267.1,608.1,92.5,18.8,965
10/11/2019 8:45,datasets/dataset_cropped/10_Metas/11/08/20191011084500_00160.jpg,datasets_flow/dataset_cropped/10_Metas/11/08/20191011084500_00160.jpg,datasets_cloudmask/dataset_cropped/10_Metas/11/08/20191011084500_00160.png,304.5,721.7,95.5,18.8,965
10/11/2019 8:46,datasets/dataset_cropped/10_Metas/11/08/20191011084600_00160.jpg,datasets_flow/dataset_cropped/10_Metas/11/08/20191011084600_00160.jpg,datasets_cloudmask/dataset_cropped/10_Metas/11/08/20191011084600_00160.png,307.1,718.3,97,18.9,965
10/11/2019 8:47,datasets/dataset_cropped/10_Metas/11/08/20191011084700_00160.jpg,datasets_flow/dataset_cropped/10_Metas/11/08/20191011084700_00160.jpg,datasets_cloudmask/dataset_cropped/10_Metas/11/08/20191011084700_00160.png,310.9,723,97.3,19.1,965
10/11/2019 8:48,datasets/dataset_cropped/10_Metas/11/08/20191011084800_00160.jpg,datasets_flow/dataset_cropped/10_Metas/11/08/20191011084800_00160.jpg,datasets_cloudmask/dataset_cropped/10_Metas/11/08/20191011084800_00160.png,221.2,416.2,96.6,19.2,965
10/11/2019 8:49,datasets/dataset_cropped/10_Metas/11/08/20191011084900_00160.jpg,datasets_flow/dataset_cropped/10_Metas/11/08/20191011084900_00160.jpg,datasets_cloudmask/dataset_cropped/10_Metas/11/08/20191011084900_00160.png,188.7,304.6,96.4,19.4,965
10/11/2019 8:50,datasets/dataset_cropped/10_Metas/11/08/20191011085000_00160.jpg,datasets_flow/dataset_cropped/10_Metas/11/08/20191011085000_00160.jpg,datasets_cloudmask/dataset_cropped/10_Metas/11/08/20191011085000_00160.png,135,127.5,96.3,19.4,965
10/11/2019 8:51,datasets/dataset_cropped/10_Metas/11/08/20191011085100_00160.jpg,datasets_flow/dataset_cropped/10_Metas/11/08/20191011085100_00160.jpg,datasets_cloudmask/dataset_cropped/10_Metas/11/08/20191011085100_00160.png,127.1,97.1,96.8,19.2,965
10/11/2019 8:52,datasets/dataset_cropped/10_Metas/11/08/20191011085200_00160.jpg,datasets_flow/dataset_cropped/10_Metas/11/08/20191011085200_00160.jpg,datasets_cloudmask/dataset_cropped/10_Metas/11/08/20191011085200_00160.png,118.6,62.5,98.7,19,965
10/11/2019 8:53,datasets/dataset_cropped/10_Metas/11/08/20191011085300_00160.jpg,datasets_flow/dataset_cropped/10_Metas/11/08/20191011085300_00160.jpg,datasets_cloudmask/dataset_cropped/10_Metas/11/08/20191011085300_00160.png,115.2,40.2,102.2,18.7,965
10/11/2019 8:54,datasets/dataset_cropped/10_Metas/11/08/20191011085400_00160.jpg,datasets_flow/dataset_cropped/10_Metas/11/08/20191011085400_00160.jpg,datasets_cloudmask/dataset_cropped/10_Metas/11/08/20191011085400_00160.png,118.4,37.8,106.2,18.6,965
10/11/2019 8:55,datasets/dataset_cropped/10_Metas/11/08/20191011085500_00160.jpg,datasets_flow/dataset_cropped/10_Metas/11/08/20191011085500_00160.jpg,datasets_cloudmask/dataset_cropped/10_Metas/11/08/20191011085500_00160.png,124.1,45.7,109,18.4,965
10/11/2019 8:56,datasets/dataset_cropped/10_Metas/11/08/20191011085600_00160.jpg,datasets_flow/dataset_cropped/10_Metas/11/08/20191011085600_00160.jpg,datasets_cloudmask/dataset_cropped/10_Metas/11/08/20191011085600_00160.png,145.6,103.3,111.5,18.3,965
10/11/2019 8:57,datasets/dataset_cropped/10_Metas/11/08/20191011085700_00160.jpg,datasets_flow/dataset_cropped/10_Metas/11/08/20191011085700_00160.jpg,datasets_cloudmask/dataset_cropped/10_Metas/11/08/20191011085700_00160.png,144.5,89.5,114.3,18.3,965
10/11/2019 8:58,datasets/dataset_cropped/10_Metas/11/08/20191011085800_00160.jpg,datasets_flow/dataset_cropped/10_Metas/11/08/20191011085800_00160.jpg,datasets_cloudmask/dataset_cropped/10_Metas/11/08/20191011085800_00160.png,158.9,122.3,117.6,18.4,965
10/11/2019 8:59,datasets/dataset_cropped/10_Metas/11/08/20191011085900_00160.jpg,datasets_flow/dataset_cropped/10_Metas/11/08/20191011085900_00160.jpg,datasets_cloudmask/dataset_cropped/10_Metas/11/08/20191011085900_00160.png,187.4,197.8,120.9,18.4,965
10/11/2019 9:00,datasets/dataset_cropped/10_Metas/11/09/20191011090000_00160.jpg,datasets_flow/dataset_cropped/10_Metas/11/09/20191011090000_00160.jpg,datasets_cloudmask/dataset_cropped/10_Metas/11/09/20191011090000_00160.png,317,572,125.6,18.3,965
10/11/2019 9:01,datasets/dataset_cropped/10_Metas/11/09/20191011090100_00160.jpg,datasets_flow/dataset_cropped/10_Metas/11/09/20191011090100_00160.jpg,datasets_cloudmask/dataset_cropped/10_Metas/11/09/20191011090100_00160.png,389.3,767.5,130,18.3,965
10/11/2019 9:02,datasets/dataset_cropped/10_Metas/11/09/20191011090200_00160.jpg,datasets_flow/dataset_cropped/10_Metas/11/09/20191011090200_00160.jpg,datasets_cloudmask/dataset_cropped/10_Metas/11/09/20191011090200_00160.png,391.7,763.1,132,18.5,965
10/11/2019 9:03,datasets/dataset_cropped/10_Metas/11/09/20191011090300_00160.jpg,datasets_flow/dataset_cropped/10_Metas/11/09/20191011090300_00160.jpg,datasets_cloudmask/dataset_cropped/10_Metas/11/09/20191011090300_00160.png,394.6,763.1,133.2,18.8,965
10/11/2019 9:04,datasets/dataset_cropped/10_Metas/11/09/20191011090400_00160.jpg,datasets_flow/dataset_cropped/10_Metas/11/09/20191011090400_00160.jpg,datasets_cloudmask/dataset_cropped/10_Metas/11/09/20191011090400_00160.png,395.1,753.4,135.2,19.1,965
10/11/2019 9:05,datasets/dataset_cropped/10_Metas/11/09/20191011090500_00160.jpg,datasets_flow/dataset_cropped/10_Metas/11/09/20191011090500_00160.jpg,datasets_cloudmask/dataset_cropped/10_Metas/11/09/20191011090500_00160.png,402.6,762.7,137.4,19.2,965
10/11/2019 9:06,datasets/dataset_cropped/10_Metas/11/09/20191011090600_00160.jpg,datasets_flow/dataset_cropped/10_Metas/11/09/20191011090600_00160.jpg,datasets_cloudmask/dataset_cropped/10_Metas/11/09/20191011090600_00160.png,407.6,766.3,138.9,19.4,965
10/11/2019 9:07,datasets/dataset_cropped/10_Metas/11/09/20191011090700_00160.jpg,datasets_flow/dataset_cropped/10_Metas/11/09/20191011090700_00160.jpg,datasets_cloudmask/dataset_cropped/10_Metas/11/09/20191011090700_00160.png,411.4,768.8,139.6,19.6,965
10/11/2019 9:08,datasets/dataset_cropped/10_Metas/11/09/20191011090800_00160.jpg,datasets_flow/dataset_cropped/10_Metas/11/09/20191011090800_00160.jpg,datasets_cloudmask/dataset_cropped/10_Metas/11/09/20191011090800_00160.png,413.9,770.4,139.2,19.6,965
10/11/2019 9:09,datasets/dataset_cropped/10_Metas/11/09/20191011090900_00160.jpg,datasets_flow/dataset_cropped/10_Metas/11/09/20191011090900_00160.jpg,datasets_cloudmask/dataset_cropped/10_Metas/11/09/20191011090900_00160.png,415.6,772.4,138.1,19.6,965
10/11/2019 9:10,datasets/dataset_cropped/10_Metas/11/09/20191011091000_00160.jpg,datasets_flow/dataset_cropped/10_Metas/11/09/20191011091000_00160.jpg,datasets_cloudmask/dataset_cropped/10_Metas/11/09/20191011091000_00160.png,416.8,774.7,136.3,19.7,965
10/11/2019 9:11,datasets/dataset_cropped/10_Metas/11/09/20191011091100_00160.jpg,datasets_flow/dataset_cropped/10_Metas/11/09/20191011091100_00160.jpg,datasets_cloudmask/dataset_cropped/10_Metas/11/09/20191011091100_00160.png,417.3,777.1,133.7,19.9,965
10/11/2019 9:12,datasets/dataset_cropped/10_Metas/11/09/20191011091200_00160.jpg,datasets_flow/dataset_cropped/10_Metas/11/09/20191011091200_00160.jpg,datasets_cloudmask/dataset_cropped/10_Metas/11/09/20191011091200_00160.png,416.4,779.4,129.7,20,965
10/11/2019 9:13,datasets/dataset_cropped/10_Metas/11/09/20191011091300_00160.jpg,datasets_flow/dataset_cropped/10_Metas/11/09/20191011091300_00160.jpg,datasets_cloudmask/dataset_cropped/10_Metas/11/09/20191011091300_00160.png,414.9,780.8,125.3,20,965
10/11/2019 9:14,datasets/dataset_cropped/10_Metas/11/09/20191011091400_00160.jpg,datasets_flow/dataset_cropped/10_Metas/11/09/20191011091400_00160.jpg,datasets_cloudmask/dataset_cropped/10_Metas/11/09/20191011091400_00160.png,415.6,783.3,122.7,20.1,965
10/11/2019 9:15,datasets/dataset_cropped/10_Metas/11/09/20191011091500_00160.jpg,datasets_flow/dataset_cropped/10_Metas/11/09/20191011091500_00160.jpg,datasets_cloudmask/dataset_cropped/10_Metas/11/09/20191011091500_00160.png,305.5,490.9,119.8,20.2,965
10/11/2019 9:16,datasets/dataset_cropped/10_Metas/11/09/20191011091600_00160.jpg,datasets_flow/dataset_cropped/10_Metas/11/09/20191011091600_00160.jpg,datasets_cloudmask/dataset_cropped/10_Metas/11/09/20191011091600_00160.png,205.3,231.2,117.4,20.2,965
10/11/2019 9:17,datasets/dataset_cropped/10_Metas/11/09/20191011091700_00160.jpg,datasets_flow/dataset_cropped/10_Metas/11/09/20191011091700_00160.jpg,datasets_cloudmask/dataset_cropped/10_Metas/11/09/20191011091700_00160.png,284.5,434.1,118.1,20.1,965
10/11/2019 9:18,datasets/dataset_cropped/10_Metas/11/09/20191011091800_00160.jpg,datasets_flow/dataset_cropped/10_Metas/11/09/20191011091800_00160.jpg,datasets_cloudmask/dataset_cropped/10_Metas/11/09/20191011091800_00160.png,407.2,750.2,118.5,20,965
10/11/2019 9:19,datasets/dataset_cropped/10_Metas/11/09/20191011091900_00160.jpg,datasets_flow/dataset_cropped/10_Metas/11/09/20191011091900_00160.jpg,datasets_cloudmask/dataset_cropped/10_Metas/11/09/20191011091900_00160.png,421.4,792,114.8,19.9,965
10/11/2019 9:20,datasets/dataset_cropped/10_Metas/11/09/20191011092000_00160.jpg,datasets_flow/dataset_cropped/10_Metas/11/09/20191011092000_00160.jpg,datasets_cloudmask/dataset_cropped/10_Metas/11/09/20191011092000_00160.png,418.1,791.3,109.1,20,965
10/11/2019 9:21,datasets/dataset_cropped/10_Metas/11/09/20191011092100_00160.jpg,datasets_flow/dataset_cropped/10_Metas/11/09/20191011092100_00160.jpg,datasets_cloudmask/dataset_cropped/10_Metas/11/09/20191011092100_00160.png,417.6,793.1,105.6,20.2,965
10/11/2019 9:22,datasets/dataset_cropped/10_Metas/11/09/20191011092200_00160.jpg,datasets_flow/dataset_cropped/10_Metas/11/09/20191011092200_00160.jpg,datasets_cloudmask/dataset_cropped/10_Metas/11/09/20191011092200_00160.png,420,794.9,105.1,20.2,965
10/11/2019 9:23,datasets/dataset_cropped/10_Metas/11/09/20191011092300_00160.jpg,datasets_flow/dataset_cropped/10_Metas/11/09/20191011092300_00160.jpg,datasets_cloudmask/dataset_cropped/10_Metas/11/09/20191011092300_00160.png,425.5,796,108,20.3,965
10/11/2019 9:24,datasets/dataset_cropped/10_Metas/11/09/20191011092400_00160.jpg,datasets_flow/dataset_cropped/10_Metas/11/09/20191011092400_00160.jpg,datasets_cloudmask/dataset_cropped/10_Metas/11/09/20191011092400_00160.png,434.3,797.5,113.8,20.4,965
10/11/2019 9:25,datasets/dataset_cropped/10_Metas/11/09/20191011092500_00160.jpg,datasets_flow/dataset_cropped/10_Metas/11/09/20191011092500_00160.jpg,datasets_cloudmask/dataset_cropped/10_Metas/11/09/20191011092500_00160.png,444.8,798.4,121.8,20.5,965
10/11/2019 9:26,datasets/dataset_cropped/10_Metas/11/09/20191011092600_00160.jpg,datasets_flow/dataset_cropped/10_Metas/11/09/20191011092600_00160.jpg,datasets_cloudmask/dataset_cropped/10_Metas/11/09/20191011092600_00160.png,457.3,802,130.7,20.5,965
10/11/2019 9:27,datasets/dataset_cropped/10_Metas/11/09/20191011092700_00160.jpg,datasets_flow/dataset_cropped/10_Metas/11/09/20191011092700_00160.jpg,datasets_cloudmask/dataset_cropped/10_Metas/11/09/20191011092700_00160.png,453.3,769,137.3,20.6,965
10/11/2019 9:28,datasets/dataset_cropped/10_Metas/11/09/20191011092800_00160.jpg,datasets_flow/dataset_cropped/10_Metas/11/09/20191011092800_00160.jpg,datasets_cloudmask/dataset_cropped/10_Metas/11/09/20191011092800_00160.png,368.1,553.7,139,20.8,965
10/11/2019 9:29,datasets/dataset_cropped/10_Metas/11/09/20191011092900_00160.jpg,datasets_flow/dataset_cropped/10_Metas/11/09/20191011092900_00160.jpg,datasets_cloudmask/dataset_cropped/10_Metas/11/09/20191011092900_00160.png,379.7,574.5,140.7,20.9,965
10/11/2019 9:30,datasets/dataset_cropped/10_Metas/11/09/20191011093000_00160.jpg,datasets_flow/dataset_cropped/10_Metas/11/09/20191011093000_00160.jpg,datasets_cloudmask/dataset_cropped/10_Metas/11/09/20191011093000_00160.png,475.3,808,138,21,965
10/11/2019 9:31,datasets/dataset_cropped/10_Metas/11/09/20191011093100_00160.jpg,datasets_flow/dataset_cropped/10_Metas/11/09/20191011093100_00160.jpg,datasets_cloudmask/dataset_cropped/10_Metas/11/09/20191011093100_00160.png,470,806,130.9,21,965
10/11/2019 9:32,datasets/dataset_cropped/10_Metas/11/09/20191011093200_00160.jpg,datasets_flow/dataset_cropped/10_Metas/11/09/20191011093200_00160.jpg,datasets_cloudmask/dataset_cropped/10_Metas/11/09/20191011093200_00160.png,465.7,804,125.1,21.1,965
10/11/2019 9:33,datasets/dataset_cropped/10_Metas/11/09/20191011093300_00160.jpg,datasets_flow/dataset_cropped/10_Metas/11/09/20191011093300_00160.jpg,datasets_cloudmask/dataset_cropped/10_Metas/11/09/20191011093300_00160.png,462.3,806,118.8,21.1,965
10/11/2019 9:34,datasets/dataset_cropped/10_Metas/11/09/20191011093400_00160.jpg,datasets_flow/dataset_cropped/10_Metas/11/09/20191011093400_00160.jpg,datasets_cloudmask/dataset_cropped/10_Metas/11/09/20191011093400_00160.png,458.9,809,112,21.2,965
10/11/2019 9:35,datasets/dataset_cropped/10_Metas/11/09/20191011093500_00160.jpg,datasets_flow/dataset_cropped/10_Metas/11/09/20191011093500_00160.jpg,datasets_cloudmask/dataset_cropped/10_Metas/11/09/20191011093500_00160.png,455.6,810,105.8,21.3,965
10/11/2019 9:36,datasets/dataset_cropped/10_Metas/11/09/20191011093600_00160.jpg,datasets_flow/dataset_cropped/10_Metas/11/09/20191011093600_00160.jpg,datasets_cloudmask/dataset_cropped/10_Metas/11/09/20191011093600_00160.png,452.7,812,100.2,21.4,965
10/11/2019 9:37,datasets/dataset_cropped/10_Metas/11/09/20191011093700_00160.jpg,datasets_flow/dataset_cropped/10_Metas/11/09/20191011093700_00160.jpg,datasets_cloudmask/dataset_cropped/10_Metas/11/09/20191011093700_00160.png,450.8,813,95.3,21.3,965
10/11/2019 9:38,datasets/dataset_cropped/10_Metas/11/09/20191011093800_00160.jpg,datasets_flow/dataset_cropped/10_Metas/11/09/20191011093800_00160.jpg,datasets_cloudmask/dataset_cropped/10_Metas/11/09/20191011093800_00160.png,449.6,815,91.2,21.4,965
10/11/2019 9:39,datasets/dataset_cropped/10_Metas/11/09/20191011093900_00160.jpg,datasets_flow/dataset_cropped/10_Metas/11/09/20191011093900_00160.jpg,datasets_cloudmask/dataset_cropped/10_Metas/11/09/20191011093900_00160.png,449.2,816,88,21.5,965
10/11/2019 9:40,datasets/dataset_cropped/10_Metas/11/09/20191011094000_00160.jpg,datasets_flow/dataset_cropped/10_Metas/11/09/20191011094000_00160.jpg,datasets_cloudmask/dataset_cropped/10_Metas/11/09/20191011094000_00160.png,449.5,818,85.3,21.6,965
10/11/2019 9:41,datasets/dataset_cropped/10_Metas/11/09/20191011094100_00160.jpg,datasets_flow/dataset_cropped/10_Metas/11/09/20191011094100_00160.jpg,datasets_cloudmask/dataset_cropped/10_Metas/11/09/20191011094100_00160.png,450.4,821,83,21.7,965
10/11/2019 9:42,datasets/dataset_cropped/10_Metas/11/09/20191011094200_00160.jpg,datasets_flow/dataset_cropped/10_Metas/11/09/20191011094200_00160.jpg,datasets_cloudmask/dataset_cropped/10_Metas/11/09/20191011094200_00160.png,451.5,822,81,21.8,965
10/11/2019 9:43,datasets/dataset_cropped/10_Metas/11/09/20191011094300_00160.jpg,datasets_flow/dataset_cropped/10_Metas/11/09/20191011094300_00160.jpg,datasets_cloudmask/dataset_cropped/10_Metas/11/09/20191011094300_00160.png,452.4,823,79.4,21.8,965
10/11/2019 9:44,datasets/dataset_cropped/10_Metas/11/09/20191011094400_00160.jpg,datasets_flow/dataset_cropped/10_Metas/11/09/20191011094400_00160.jpg,datasets_cloudmask/dataset_cropped/10_Metas/11/09/20191011094400_00160.png,452.5,822,78,21.5,965
10/11/2019 9:45,datasets/dataset_cropped/10_Metas/11/09/20191011094500_00160.jpg,datasets_flow/dataset_cropped/10_Metas/11/09/20191011094500_00160.jpg,datasets_cloudmask/dataset_cropped/10_Metas/11/09/20191011094500_00160.png,453,821,76.7,21.4,965
10/11/2019 9:46,datasets/dataset_cropped/10_Metas/11/09/20191011094600_00160.jpg,datasets_flow/dataset_cropped/10_Metas/11/09/20191011094600_00160.jpg,datasets_cloudmask/dataset_cropped/10_Metas/11/09/20191011094600_00160.png,454.4,823,75.3,21.4,965
10/11/2019 9:47,datasets/dataset_cropped/10_Metas/11/09/20191011094700_00160.jpg,datasets_flow/dataset_cropped/10_Metas/11/09/20191011094700_00160.jpg,datasets_cloudmask/dataset_cropped/10_Metas/11/09/20191011094700_00160.png,456.4,825,74.2,21.4,965
10/11/2019 9:48,datasets/dataset_cropped/10_Metas/11/09/20191011094800_00160.jpg,datasets_flow/dataset_cropped/10_Metas/11/09/20191011094800_00160.jpg,datasets_cloudmask/dataset_cropped/10_Metas/11/09/20191011094800_00160.png,457.6,825,73.4,21.5,965
10/11/2019 9:49,datasets/dataset_cropped/10_Metas/11/09/20191011094900_00160.jpg,datasets_flow/dataset_cropped/10_Metas/11/09/20191011094900_00160.jpg,datasets_cloudmask/dataset_cropped/10_Metas/11/09/20191011094900_00160.png,459.3,825,72.9,21.7,965
10/11/2019 9:50,datasets/dataset_cropped/10_Metas/11/09/20191011095000_00160.jpg,datasets_flow/dataset_cropped/10_Metas/11/09/20191011095000_00160.jpg,datasets_cloudmask/dataset_cropped/10_Metas/11/09/20191011095000_00160.png,460.6,825,72.2,21.8,965
10/11/2019 9:51,datasets/dataset_cropped/10_Metas/11/09/20191011095100_00160.jpg,datasets_flow/dataset_cropped/10_Metas/11/09/20191011095100_00160.jpg,datasets_cloudmask/dataset_cropped/10_Metas/11/09/20191011095100_00160.png,462.6,826,71.6,21.7,965
10/11/2019 9:52,datasets/dataset_cropped/10_Metas/11/09/20191011095200_00160.jpg,datasets_flow/dataset_cropped/10_Metas/11/09/20191011095200_00160.jpg,datasets_cloudmask/dataset_cropped/10_Metas/11/09/20191011095200_00160.png,465,827,71.1,21.8,965
10/11/2019 9:53,datasets/dataset_cropped/10_Metas/11/09/20191011095300_00160.jpg,datasets_flow/dataset_cropped/10_Metas/11/09/20191011095300_00160.jpg,datasets_cloudmask/dataset_cropped/10_Metas/11/09/20191011095300_00160.png,467.4,829,70.8,21.7,965
10/11/2019 9:54,datasets/dataset_cropped/10_Metas/11/09/20191011095400_00160.jpg,datasets_flow/dataset_cropped/10_Metas/11/09/20191011095400_00160.jpg,datasets_cloudmask/dataset_cropped/10_Metas/11/09/20191011095400_00160.png,470.2,831,70.6,21.7,965
10/11/2019 9:55,datasets/dataset_cropped/10_Metas/11/09/20191011095500_00160.jpg,datasets_flow/dataset_cropped/10_Metas/11/09/20191011095500_00160.jpg,datasets_cloudmask/dataset_cropped/10_Metas/11/09/20191011095500_00160.png,473,833,70.2,21.8,965
10/11/2019 9:56,datasets/dataset_cropped/10_Metas/11/09/20191011095600_00160.jpg,datasets_flow/dataset_cropped/10_Metas/11/09/20191011095600_00160.jpg,datasets_cloudmask/dataset_cropped/10_Metas/11/09/20191011095600_00160.png,475.2,834,70,21.7,965
10/11/2019 9:57,datasets/dataset_cropped/10_Metas/11/09/20191011095700_00160.jpg,datasets_flow/dataset_cropped/10_Metas/11/09/20191011095700_00160.jpg,datasets_cloudmask/dataset_cropped/10_Metas/11/09/20191011095700_00160.png,477.8,835,69.8,21.8,965
10/11/2019 9:58,datasets/dataset_cropped/10_Metas/11/09/20191011095800_00160.jpg,datasets_flow/dataset_cropped/10_Metas/11/09/20191011095800_00160.jpg,datasets_cloudmask/dataset_cropped/10_Metas/11/09/20191011095800_00160.png,480.3,836,70.2,21.9,965
10/11/2019 9:59,datasets/dataset_cropped/10_Metas/11/09/20191011095900_00160.jpg,datasets_flow/dataset_cropped/10_Metas/11/09/20191011095900_00160.jpg,datasets_cloudmask/dataset_cropped/10_Metas/11/09/20191011095900_00160.png,482.8,836,70.3,22.2,965
10/11/2019 10:00,datasets/dataset_cropped/10_Metas/11/10/20191011100000_00160.jpg,datasets_flow/dataset_cropped/10_Metas/11/10/20191011100000_00160.jpg,datasets_cloudmask/dataset_cropped/10_Metas/11/10/20191011100000_00160.png,485.1,837,70.4,22.2,965
10/11/2019 10:01,datasets/dataset_cropped/10_Metas/11/10/20191011100100_00160.jpg,datasets_flow/dataset_cropped/10_Metas/11/10/20191011100100_00160.jpg,datasets_cloudmask/dataset_cropped/10_Metas/11/10/20191011100100_00160.png,486.8,836,70.4,22.3,965
10/11/2019 10:02,datasets/dataset_cropped/10_Metas/11/10/20191011100200_00160.jpg,datasets_flow/dataset_cropped/10_Metas/11/10/20191011100200_00160.jpg,datasets_cloudmask/dataset_cropped/10_Metas/11/10/20191011100200_00160.png,489.9,838,70.5,22.1,965
10/11/2019 10:03,datasets/dataset_cropped/10_Metas/11/10/20191011100300_00160.jpg,datasets_flow/dataset_cropped/10_Metas/11/10/20191011100300_00160.jpg,datasets_cloudmask/dataset_cropped/10_Metas/11/10/20191011100300_00160.png,492.1,838,70.6,22.1,965
10/11/2019 10:04,datasets/dataset_cropped/10_Metas/11/10/20191011100400_00160.jpg,datasets_flow/dataset_cropped/10_Metas/11/10/20191011100400_00160.jpg,datasets_cloudmask/dataset_cropped/10_Metas/11/10/20191011100400_00160.png,494,837,71.1,22.3,965
10/11/2019 10:05,datasets/dataset_cropped/10_Metas/11/10/20191011100500_00160.jpg,datasets_flow/dataset_cropped/10_Metas/11/10/20191011100500_00160.jpg,datasets_cloudmask/dataset_cropped/10_Metas/11/10/20191011100500_00160.png,496.6,838,71.1,22.4,965
10/11/2019 10:06,datasets/dataset_cropped/10_Metas/11/10/20191011100600_00160.jpg,datasets_flow/dataset_cropped/10_Metas/11/10/20191011100600_00160.jpg,datasets_cloudmask/dataset_cropped/10_Metas/11/10/20191011100600_00160.png,499.9,841,71,22.5,965
10/11/2019 10:07,datasets/dataset_cropped/10_Metas/11/10/20191011100700_00160.jpg,datasets_flow/dataset_cropped/10_Metas/11/10/20191011100700_00160.jpg,datasets_cloudmask/dataset_cropped/10_Metas/11/10/20191011100700_00160.png,502.2,841,71.1,22.3,965
10/11/2019 10:08,datasets/dataset_cropped/10_Metas/11/10/20191011100800_00160.jpg,datasets_flow/dataset_cropped/10_Metas/11/10/20191011100800_00160.jpg,datasets_cloudmask/dataset_cropped/10_Metas/11/10/20191011100800_00160.png,505.3,843,71.7,22.4,965
10/11/2019 10:09,datasets/dataset_cropped/10_Metas/11/10/20191011100900_00160.jpg,datasets_flow/dataset_cropped/10_Metas/11/10/20191011100900_00160.jpg,datasets_cloudmask/dataset_cropped/10_Metas/11/10/20191011100900_00160.png,508.5,845,72,22.4,965
10/11/2019 10:10,datasets/dataset_cropped/10_Metas/11/10/20191011101000_00160.jpg,datasets_flow/dataset_cropped/10_Metas/11/10/20191011101000_00160.jpg,datasets_cloudmask/dataset_cropped/10_Metas/11/10/20191011101000_00160.png,511.5,847,71.8,22.4,965
10/11/2019 10:11,datasets/dataset_cropped/10_Metas/11/10/20191011101100_00160.jpg,datasets_flow/dataset_cropped/10_Metas/11/10/20191011101100_00160.jpg,datasets_cloudmask/dataset_cropped/10_Metas/11/10/20191011101100_00160.png,514.6,849,71.7,22.5,965
10/11/2019 10:12,datasets/dataset_cropped/10_Metas/11/10/20191011101200_00160.jpg,datasets_flow/dataset_cropped/10_Metas/11/10/20191011101200_00160.jpg,datasets_cloudmask/dataset_cropped/10_Metas/11/10/20191011101200_00160.png,517.6,851,71.7,22.6,965
10/11/2019 10:13,datasets/dataset_cropped/10_Metas/11/10/20191011101300_00160.jpg,datasets_flow/dataset_cropped/10_Metas/11/10/20191011101300_00160.jpg,datasets_cloudmask/dataset_cropped/10_Metas/11/10/20191011101300_00160.png,520.4,852,71.7,22.6,965
10/11/2019 10:14,datasets/dataset_cropped/10_Metas/11/10/20191011101400_00160.jpg,datasets_flow/dataset_cropped/10_Metas/11/10/20191011101400_00160.jpg,datasets_cloudmask/dataset_cropped/10_Metas/11/10/20191011101400_00160.png,522.9,854,71.7,22.8,965
10/11/2019 10:15,datasets/dataset_cropped/10_Metas/11/10/20191011101500_00160.jpg,datasets_flow/dataset_cropped/10_Metas/11/10/20191011101500_00160.jpg,datasets_cloudmask/dataset_cropped/10_Metas/11/10/20191011101500_00160.png,525.9,856,72,22.9,965
10/11/2019 10:16,datasets/dataset_cropped/10_Metas/11/10/20191011101600_00160.jpg,datasets_flow/dataset_cropped/10_Metas/11/10/20191011101600_00160.jpg,datasets_cloudmask/dataset_cropped/10_Metas/11/10/20191011101600_00160.png,527.8,856,72.3,23.1,965
10/11/2019 10:17,datasets/dataset_cropped/10_Metas/11/10/20191011101700_00160.jpg,datasets_flow/dataset_cropped/10_Metas/11/10/20191011101700_00160.jpg,datasets_cloudmask/dataset_cropped/10_Metas/11/10/20191011101700_00160.png,529.2,855,72.2,23.1,966
10/11/2019 10:18,datasets/dataset_cropped/10_Metas/11/10/20191011101800_00160.jpg,datasets_flow/dataset_cropped/10_Metas/11/10/20191011101800_00160.jpg,datasets_cloudmask/dataset_cropped/10_Metas/11/10/20191011101800_00160.png,530.9,854,72.3,23.2,965
10/11/2019 10:19,datasets/dataset_cropped/10_Metas/11/10/20191011101900_00160.jpg,datasets_flow/dataset_cropped/10_Metas/11/10/20191011101900_00160.jpg,datasets_cloudmask/dataset_cropped/10_Metas/11/10/20191011101900_00160.png,532.7,853,72.9,23.3,965
10/11/2019 10:20,datasets/dataset_cropped/10_Metas/11/10/20191011102000_00160.jpg,datasets_flow/dataset_cropped/10_Metas/11/10/20191011102000_00160.jpg,datasets_cloudmask/dataset_cropped/10_Metas/11/10/20191011102000_00160.png,534.6,853,73,23.1,965
10/11/2019 10:21,datasets/dataset_cropped/10_Metas/11/10/20191011102100_00160.jpg,datasets_flow/dataset_cropped/10_Metas/11/10/20191011102100_00160.jpg,datasets_cloudmask/dataset_cropped/10_Metas/11/10/20191011102100_00160.png,536.3,852,73.2,23,965
10/11/2019 10:22,datasets/dataset_cropped/10_Metas/11/10/20191011102200_00160.jpg,datasets_flow/dataset_cropped/10_Metas/11/10/20191011102200_00160.jpg,datasets_cloudmask/dataset_cropped/10_Metas/11/10/20191011102200_00160.png,538.7,852,73.4,22.9,965
10/11/2019 10:23,datasets/dataset_cropped/10_Metas/11/10/20191011102300_00160.jpg,datasets_flow/dataset_cropped/10_Metas/11/10/20191011102300_00160.jpg,datasets_cloudmask/dataset_cropped/10_Metas/11/10/20191011102300_00160.png,540.5,851,74,23,965
10/11/2019 10:24,datasets/dataset_cropped/10_Metas/11/10/20191011102400_00160.jpg,datasets_flow/dataset_cropped/10_Metas/11/10/20191011102400_00160.jpg,datasets_cloudmask/dataset_cropped/10_Metas/11/10/20191011102400_00160.png,543.3,852,74.4,23.3,965
10/11/2019 10:25,datasets/dataset_cropped/10_Metas/11/10/20191011102500_00160.jpg,datasets_flow/dataset_cropped/10_Metas/11/10/20191011102500_00160.jpg,datasets_cloudmask/dataset_cropped/10_Metas/11/10/20191011102500_00160.png,546.1,853,74.9,23.5,965
10/11/2019 10:26,datasets/dataset_cropped/10_Metas/11/10/20191011102600_00160.jpg,datasets_flow/dataset_cropped/10_Metas/11/10/20191011102600_00160.jpg,datasets_cloudmask/dataset_cropped/10_Metas/11/10/20191011102600_00160.png,548.6,853,75.4,23.4,965
10/11/2019 10:27,datasets/dataset_cropped/10_Metas/11/10/20191011102700_00160.jpg,datasets_flow/dataset_cropped/10_Metas/11/10/20191011102700_00160.jpg,datasets_cloudmask/dataset_cropped/10_Metas/11/10/20191011102700_00160.png,550.3,852,75.9,23.4,965
10/11/2019 10:28,datasets/dataset_cropped/10_Metas/11/10/20191011102800_00160.jpg,datasets_flow/dataset_cropped/10_Metas/11/10/20191011102800_00160.jpg,datasets_cloudmask/dataset_cropped/10_Metas/11/10/20191011102800_00160.png,552,851,76.2,23.4,965
10/11/2019 10:29,datasets/dataset_cropped/10_Metas/11/10/20191011102900_00160.jpg,datasets_flow/dataset_cropped/10_Metas/11/10/20191011102900_00160.jpg,datasets_cloudmask/dataset_cropped/10_Metas/11/10/20191011102900_00160.png,554.8,853,76.5,23.3,965
10/11/2019 10:30,datasets/dataset_cropped/10_Metas/11/10/20191011103000_00160.jpg,datasets_flow/dataset_cropped/10_Metas/11/10/20191011103000_00160.jpg,datasets_cloudmask/dataset_cropped/10_Metas/11/10/20191011103000_00160.png,557.4,853,77.2,23.3,965
10/11/2019 10:31,datasets/dataset_cropped/10_Metas/11/10/20191011103100_00160.jpg,datasets_flow/dataset_cropped/10_Metas/11/10/20191011103100_00160.jpg,datasets_cloudmask/dataset_cropped/10_Metas/11/10/20191011103100_00160.png,559.7,853,77.9,23.4,965
10/11/2019 10:32,datasets/dataset_cropped/10_Metas/11/10/20191011103200_00160.jpg,datasets_flow/dataset_cropped/10_Metas/11/10/20191011103200_00160.jpg,datasets_cloudmask/dataset_cropped/10_Metas/11/10/20191011103200_00160.png,562.1,854,78.1,23.6,965
10/11/2019 10:33,datasets/dataset_cropped/10_Metas/11/10/20191011103300_00160.jpg,datasets_flow/dataset_cropped/10_Metas/11/10/20191011103300_00160.jpg,datasets_cloudmask/dataset_cropped/10_Metas/11/10/20191011103300_00160.png,564.1,854,78.4,23.5,965
10/11/2019 10:34,datasets/dataset_cropped/10_Metas/11/10/20191011103400_00160.jpg,datasets_flow/dataset_cropped/10_Metas/11/10/20191011103400_00160.jpg,datasets_cloudmask/dataset_cropped/10_Metas/11/10/20191011103400_00160.png,566.5,854,78.5,23.5,965
10/11/2019 10:35,datasets/dataset_cropped/10_Metas/11/10/20191011103500_00160.jpg,datasets_flow/dataset_cropped/10_Metas/11/10/20191011103500_00160.jpg,datasets_cloudmask/dataset_cropped/10_Metas/11/10/20191011103500_00160.png,569.1,855,79,23.5,965
10/11/2019 10:36,datasets/dataset_cropped/10_Metas/11/10/20191011103600_00160.jpg,datasets_flow/dataset_cropped/10_Metas/11/10/20191011103600_00160.jpg,datasets_cloudmask/dataset_cropped/10_Metas/11/10/20191011103600_00160.png,571.4,857,79,23.6,965
10/11/2019 10:37,datasets/dataset_cropped/10_Metas/11/10/20191011103700_00160.jpg,datasets_flow/dataset_cropped/10_Metas/11/10/20191011103700_00160.jpg,datasets_cloudmask/dataset_cropped/10_Metas/11/10/20191011103700_00160.png,573.9,857,79.4,23.8,965
10/11/2019 10:38,datasets/dataset_cropped/10_Metas/11/10/20191011103800_00160.jpg,datasets_flow/dataset_cropped/10_Metas/11/10/20191011103800_00160.jpg,datasets_cloudmask/dataset_cropped/10_Metas/11/10/20191011103800_00160.png,575.6,857,79.3,23.5,965
10/11/2019 10:39,datasets/dataset_cropped/10_Metas/11/10/20191011103900_00160.jpg,datasets_flow/dataset_cropped/10_Metas/11/10/20191011103900_00160.jpg,datasets_cloudmask/dataset_cropped/10_Metas/11/10/20191011103900_00160.png,577.8,857,79.2,23.6,965
10/11/2019 10:40,datasets/dataset_cropped/10_Metas/11/10/20191011104000_00160.jpg,datasets_flow/dataset_cropped/10_Metas/11/10/20191011104000_00160.jpg,datasets_cloudmask/dataset_cropped/10_Metas/11/10/20191011104000_00160.png,579.5,856,79.6,23.6,965
10/11/2019 10:41,datasets/dataset_cropped/10_Metas/11/10/20191011104100_00160.jpg,datasets_flow/dataset_cropped/10_Metas/11/10/20191011104100_00160.jpg,datasets_cloudmask/dataset_cropped/10_Metas/11/10/20191011104100_00160.png,581.8,857,80,23.5,965
10/11/2019 10:42,datasets/dataset_cropped/10_Metas/11/10/20191011104200_00160.jpg,datasets_flow/dataset_cropped/10_Metas/11/10/20191011104200_00160.jpg,datasets_cloudmask/dataset_cropped/10_Metas/11/10/20191011104200_00160.png,584.1,857,80.6,23.5,965
10/11/2019 10:43,datasets/dataset_cropped/10_Metas/11/10/20191011104300_00160.jpg,datasets_flow/dataset_cropped/10_Metas/11/10/20191011104300_00160.jpg,datasets_cloudmask/dataset_cropped/10_Metas/11/10/20191011104300_00160.png,586.7,859,81.1,23.6,965
10/11/2019 10:44,datasets/dataset_cropped/10_Metas/11/10/20191011104400_00160.jpg,datasets_flow/dataset_cropped/10_Metas/11/10/20191011104400_00160.jpg,datasets_cloudmask/dataset_cropped/10_Metas/11/10/20191011104400_00160.png,589.2,860,81.2,23.6,965
10/11/2019 10:45,datasets/dataset_cropped/10_Metas/11/10/20191011104500_00160.jpg,datasets_flow/dataset_cropped/10_Metas/11/10/20191011104500_00160.jpg,datasets_cloudmask/dataset_cropped/10_Metas/11/10/20191011104500_00160.png,590.7,860,81.1,23.5,965
10/11/2019 10:46,datasets/dataset_cropped/10_Metas/11/10/20191011104600_00160.jpg,datasets_flow/dataset_cropped/10_Metas/11/10/20191011104600_00160.jpg,datasets_cloudmask/dataset_cropped/10_Metas/11/10/20191011104600_00160.png,592.8,860,81.1,23.4,965
10/11/2019 10:47,datasets/dataset_cropped/10_Metas/11/10/20191011104700_00160.jpg,datasets_flow/dataset_cropped/10_Metas/11/10/20191011104700_00160.jpg,datasets_cloudmask/dataset_cropped/10_Metas/11/10/20191011104700_00160.png,594.9,861,80.8,23.4,965
10/11/2019 10:48,datasets/dataset_cropped/10_Metas/11/10/20191011104800_00160.jpg,datasets_flow/dataset_cropped/10_Metas/11/10/20191011104800_00160.jpg,datasets_cloudmask/dataset_cropped/10_Metas/11/10/20191011104800_00160.png,597.1,861,80.8,23.3,965
10/11/2019 10:49,datasets/dataset_cropped/10_Metas/11/10/20191011104900_00160.jpg,datasets_flow/dataset_cropped/10_Metas/11/10/20191011104900_00160.jpg,datasets_cloudmask/dataset_cropped/10_Metas/11/10/20191011104900_00160.png,599.1,861,81.1,23.4,965
10/11/2019 10:50,datasets/dataset_cropped/10_Metas/11/10/20191011105000_00160.jpg,datasets_flow/dataset_cropped/10_Metas/11/10/20191011105000_00160.jpg,datasets_cloudmask/dataset_cropped/10_Metas/11/10/20191011105000_00160.png,602.4,863,81,23.5,965
10/11/2019 10:51,datasets/dataset_cropped/10_Metas/11/10/20191011105100_00160.jpg,datasets_flow/dataset_cropped/10_Metas/11/10/20191011105100_00160.jpg,datasets_cloudmask/dataset_cropped/10_Metas/11/10/20191011105100_00160.png,604.4,864,81.6,23.6,965
10/11/2019 10:52,datasets/dataset_cropped/10_Metas/11/10/20191011105200_00160.jpg,datasets_flow/dataset_cropped/10_Metas/11/10/20191011105200_00160.jpg,datasets_cloudmask/dataset_cropped/10_Metas/11/10/20191011105200_00160.png,606.5,865,81.9,23.5,965
10/11/2019 10:53,datasets/dataset_cropped/10_Metas/11/10/20191011105300_00160.jpg,datasets_flow/dataset_cropped/10_Metas/11/10/20191011105300_00160.jpg,datasets_cloudmask/dataset_cropped/10_Metas/11/10/20191011105300_00160.png,608,865,82,23.4,965
10/11/2019 10:54,datasets/dataset_cropped/10_Metas/11/10/20191011105400_00160.jpg,datasets_flow/dataset_cropped/10_Metas/11/10/20191011105400_00160.jpg,datasets_cloudmask/dataset_cropped/10_Metas/11/10/20191011105400_00160.png,609.7,864,82.3,23.4,965
10/11/2019 10:55,datasets/dataset_cropped/10_Metas/11/10/20191011105500_00160.jpg,datasets_flow/dataset_cropped/10_Metas/11/10/20191011105500_00160.jpg,datasets_cloudmask/dataset_cropped/10_Metas/11/10/20191011105500_00160.png,612.3,866,82.5,23.5,965
10/11/2019 10:56,datasets/dataset_cropped/10_Metas/11/10/20191011105600_00160.jpg,datasets_flow/dataset_cropped/10_Metas/11/10/20191011105600_00160.jpg,datasets_cloudmask/dataset_cropped/10_Metas/11/10/20191011105600_00160.png,615.1,867,82.9,23.6,965
10/11/2019 10:57,datasets/dataset_cropped/10_Metas/11/10/20191011105700_00160.jpg,datasets_flow/dataset_cropped/10_Metas/11/10/20191011105700_00160.jpg,datasets_cloudmask/dataset_cropped/10_Metas/11/10/20191011105700_00160.png,617.5,868,83.1,23.6,965
10/11/2019 10:58,datasets/dataset_cropped/10_Metas/11/10/20191011105800_00160.jpg,datasets_flow/dataset_cropped/10_Metas/11/10/20191011105800_00160.jpg,datasets_cloudmask/dataset_cropped/10_Metas/11/10/20191011105800_00160.png,619.6,868,83.6,23.6,965
10/11/2019 10:59,datasets/dataset_cropped/10_Metas/11/10/20191011105900_00160.jpg,datasets_flow/dataset_cropped/10_Metas/11/10/20191011105900_00160.jpg,datasets_cloudmask/dataset_cropped/10_Metas/11/10/20191011105900_00160.png,622,868,84.6,23.9,965
10/11/2019 11:00,datasets/dataset_cropped/10_Metas/11/11/20191011110000_00160.jpg,datasets_flow/dataset_cropped/10_Metas/11/11/20191011110000_00160.jpg,datasets_cloudmask/dataset_cropped/10_Metas/11/11/20191011110000_00160.png,624.5,870,85.2,23.9,965
10/11/2019 11:01,datasets/dataset_cropped/10_Metas/11/11/20191011110100_00160.jpg,datasets_flow/dataset_cropped/10_Metas/11/11/20191011110100_00160.jpg,datasets_cloudmask/dataset_cropped/10_Metas/11/11/20191011110100_00160.png,626.2,870,85.3,23.8,965
10/11/2019 11:02,datasets/dataset_cropped/10_Metas/11/11/20191011110200_00160.jpg,datasets_flow/dataset_cropped/10_Metas/11/11/20191011110200_00160.jpg,datasets_cloudmask/dataset_cropped/10_Metas/11/11/20191011110200_00160.png,627.9,870,85.3,24,965
10/11/2019 11:03,datasets/dataset_cropped/10_Metas/11/11/20191011110300_00160.jpg,datasets_flow/dataset_cropped/10_Metas/11/11/20191011110300_00160.jpg,datasets_cloudmask/dataset_cropped/10_Metas/11/11/20191011110300_00160.png,629.1,868,85.8,24,965
10/11/2019 11:04,datasets/dataset_cropped/10_Metas/11/11/20191011110400_00160.jpg,datasets_flow/dataset_cropped/10_Metas/11/11/20191011110400_00160.jpg,datasets_cloudmask/dataset_cropped/10_Metas/11/11/20191011110400_00160.png,631.2,869,86.3,24.1,965
10/11/2019 11:05,datasets/dataset_cropped/10_Metas/11/11/20191011110500_00160.jpg,datasets_flow/dataset_cropped/10_Metas/11/11/20191011110500_00160.jpg,datasets_cloudmask/dataset_cropped/10_Metas/11/11/20191011110500_00160.png,633.4,869,87.1,24.2,965
10/11/2019 11:06,datasets/dataset_cropped/10_Metas/11/11/20191011110600_00160.jpg,datasets_flow/dataset_cropped/10_Metas/11/11/20191011110600_00160.jpg,datasets_cloudmask/dataset_cropped/10_Metas/11/11/20191011110600_00160.png,636.4,870,87.8,24.1,965
10/11/2019 11:07,datasets/dataset_cropped/10_Metas/11/11/20191011110700_00160.jpg,datasets_flow/dataset_cropped/10_Metas/11/11/20191011110700_00160.jpg,datasets_cloudmask/dataset_cropped/10_Metas/11/11/20191011110700_00160.png,639.6,873,88.4,24,965
10/11/2019 11:08,datasets/dataset_cropped/10_Metas/11/11/20191011110800_00160.jpg,datasets_flow/dataset_cropped/10_Metas/11/11/20191011110800_00160.jpg,datasets_cloudmask/dataset_cropped/10_Metas/11/11/20191011110800_00160.png,642.1,873,89.6,23.7,965
10/11/2019 11:09,datasets/dataset_cropped/10_Metas/11/11/20191011110900_00160.jpg,datasets_flow/dataset_cropped/10_Metas/11/11/20191011110900_00160.jpg,datasets_cloudmask/dataset_cropped/10_Metas/11/11/20191011110900_00160.png,645.4,872,91.7,23.8,965
10/11/2019 11:10,datasets/dataset_cropped/10_Metas/11/11/20191011111000_00160.jpg,datasets_flow/dataset_cropped/10_Metas/11/11/20191011111000_00160.jpg,datasets_cloudmask/dataset_cropped/10_Metas/11/11/20191011111000_00160.png,648.8,872,93.5,23.9,965
10/11/2019 11:11,datasets/dataset_cropped/10_Metas/11/11/20191011111100_00160.jpg,datasets_flow/dataset_cropped/10_Metas/11/11/20191011111100_00160.jpg,datasets_cloudmask/dataset_cropped/10_Metas/11/11/20191011111100_00160.png,650.4,873,92.6,23.9,965
10/11/2019 11:12,datasets/dataset_cropped/10_Metas/11/11/20191011111200_00160.jpg,datasets_flow/dataset_cropped/10_Metas/11/11/20191011111200_00160.jpg,datasets_cloudmask/dataset_cropped/10_Metas/11/11/20191011111200_00160.png,649.3,873,90.9,23.8,965
10/11/2019 11:13,datasets/dataset_cropped/10_Metas/11/11/20191011111300_00160.jpg,datasets_flow/dataset_cropped/10_Metas/11/11/20191011111300_00160.jpg,datasets_cloudmask/dataset_cropped/10_Metas/11/11/20191011111300_00160.png,650.1,873,90.3,23.9,965
10/11/2019 11:14,datasets/dataset_cropped/10_Metas/11/11/20191011111400_00160.jpg,datasets_flow/dataset_cropped/10_Metas/11/11/20191011111400_00160.jpg,datasets_cloudmask/dataset_cropped/10_Metas/11/11/20191011111400_00160.png,656,875,93.8,24,965
10/11/2019 11:15,datasets/dataset_cropped/10_Metas/11/11/20191011111500_00160.jpg,datasets_flow/dataset_cropped/10_Metas/11/11/20191011111500_00160.jpg,datasets_cloudmask/dataset_cropped/10_Metas/11/11/20191011111500_00160.png,662.4,876,98.2,24.1,965
10/11/2019 11:16,datasets/dataset_cropped/10_Metas/11/11/20191011111600_00160.jpg,datasets_flow/dataset_cropped/10_Metas/11/11/20191011111600_00160.jpg,datasets_cloudmask/dataset_cropped/10_Metas/11/11/20191011111600_00160.png,649.6,843,104.7,24.1,965
10/11/2019 11:17,datasets/dataset_cropped/10_Metas/11/11/20191011111700_00160.jpg,datasets_flow/dataset_cropped/10_Metas/11/11/20191011111700_00160.jpg,datasets_cloudmask/dataset_cropped/10_Metas/11/11/20191011111700_00160.png,577.4,718,112.8,23.9,965
10/11/2019 11:18,datasets/dataset_cropped/10_Metas/11/11/20191011111800_00160.jpg,datasets_flow/dataset_cropped/10_Metas/11/11/20191011111800_00160.jpg,datasets_cloudmask/dataset_cropped/10_Metas/11/11/20191011111800_00160.png,647,808,123.1,24,965
10/11/2019 11:19,datasets/dataset_cropped/10_Metas/11/11/20191011111900_00160.jpg,datasets_flow/dataset_cropped/10_Metas/11/11/20191011111900_00160.jpg,datasets_cloudmask/dataset_cropped/10_Metas/11/11/20191011111900_00160.png,634.7,771.5,132.4,24.2,965
10/11/2019 11:20,datasets/dataset_cropped/10_Metas/11/11/20191011112000_00160.jpg,datasets_flow/dataset_cropped/10_Metas/11/11/20191011112000_00160.jpg,datasets_cloudmask/dataset_cropped/10_Metas/11/11/20191011112000_00160.png,542.6,614.1,140,24.3,965
10/11/2019 11:21,datasets/dataset_cropped/10_Metas/11/11/20191011112100_00160.jpg,datasets_flow/dataset_cropped/10_Metas/11/11/20191011112100_00160.jpg,datasets_cloudmask/dataset_cropped/10_Metas/11/11/20191011112100_00160.png,499.3,532.2,149.4,24.2,965
10/11/2019 11:22,datasets/dataset_cropped/10_Metas/11/11/20191011112200_00160.jpg,datasets_flow/dataset_cropped/10_Metas/11/11/20191011112200_00160.jpg,datasets_cloudmask/dataset_cropped/10_Metas/11/11/20191011112200_00160.png,691.7,807,161.2,24.1,965
10/11/2019 11:23,datasets/dataset_cropped/10_Metas/11/11/20191011112300_00160.jpg,datasets_flow/dataset_cropped/10_Metas/11/11/20191011112300_00160.jpg,datasets_cloudmask/dataset_cropped/10_Metas/11/11/20191011112300_00160.png,558.8,599.6,163.9,24.1,965
10/11/2019 11:24,datasets/dataset_cropped/10_Metas/11/11/20191011112400_00160.jpg,datasets_flow/dataset_cropped/10_Metas/11/11/20191011112400_00160.jpg,datasets_cloudmask/dataset_cropped/10_Metas/11/11/20191011112400_00160.png,728.7,849,170,23.8,965
10/11/2019 11:25,datasets/dataset_cropped/10_Metas/11/11/20191011112500_00160.jpg,datasets_flow/dataset_cropped/10_Metas/11/11/20191011112500_00160.jpg,datasets_cloudmask/dataset_cropped/10_Metas/11/11/20191011112500_00160.png,744.4,883,162.9,23.8,965
10/11/2019 11:26,datasets/dataset_cropped/10_Metas/11/11/20191011112600_00160.jpg,datasets_flow/dataset_cropped/10_Metas/11/11/20191011112600_00160.jpg,datasets_cloudmask/dataset_cropped/10_Metas/11/11/20191011112600_00160.png,730,879,150.7,23.8,965
10/11/2019 11:27,datasets/dataset_cropped/10_Metas/11/11/20191011112700_00160.jpg,datasets_flow/dataset_cropped/10_Metas/11/11/20191011112700_00160.jpg,datasets_cloudmask/dataset_cropped/10_Metas/11/11/20191011112700_00160.png,723.2,880,141.5,23.9,965
10/11/2019 11:28,datasets/dataset_cropped/10_Metas/11/11/20191011112800_00160.jpg,datasets_flow/dataset_cropped/10_Metas/11/11/20191011112800_00160.jpg,datasets_cloudmask/dataset_cropped/10_Metas/11/11/20191011112800_00160.png,719.6,881,135.8,24,965
10/11/2019 11:29,datasets/dataset_cropped/10_Metas/11/11/20191011112900_00160.jpg,datasets_flow/dataset_cropped/10_Metas/11/11/20191011112900_00160.jpg,datasets_cloudmask/dataset_cropped/10_Metas/11/11/20191011112900_00160.png,715.4,881,130.8,24.3,965
10/11/2019 11:30,datasets/dataset_cropped/10_Metas/11/11/20191011113000_00160.jpg,datasets_flow/dataset_cropped/10_Metas/11/11/20191011113000_00160.jpg,datasets_cloudmask/dataset_cropped/10_Metas/11/11/20191011113000_00160.png,710.5,880,125,24.3,965
10/11/2019 11:31,datasets/dataset_cropped/10_Metas/11/11/20191011113100_00160.jpg,datasets_flow/dataset_cropped/10_Metas/11/11/20191011113100_00160.jpg,datasets_cloudmask/dataset_cropped/10_Metas/11/11/20191011113100_00160.png,707.2,881,120,24.3,965
10/11/2019 11:32,datasets/dataset_cropped/10_Metas/11/11/20191011113200_00160.jpg,datasets_flow/dataset_cropped/10_Metas/11/11/20191011113200_00160.jpg,datasets_cloudmask/dataset_cropped/10_Metas/11/11/20191011113200_00160.png,704.9,881,116,24.3,965
10/11/2019 11:33,datasets/dataset_cropped/10_Metas/11/11/20191011113300_00160.jpg,datasets_flow/dataset_cropped/10_Metas/11/11/20191011113300_00160.jpg,datasets_cloudmask/dataset_cropped/10_Metas/11/11/20191011113300_00160.png,704.2,882,114.2,24.2,965
10/11/2019 11:34,datasets/dataset_cropped/10_Metas/11/11/20191011113400_00160.jpg,datasets_flow/dataset_cropped/10_Metas/11/11/20191011113400_00160.jpg,datasets_cloudmask/dataset_cropped/10_Metas/11/11/20191011113400_00160.png,705.3,881,115.2,24.2,965
10/11/2019 11:35,datasets/dataset_cropped/10_Metas/11/11/20191011113500_00160.jpg,datasets_flow/dataset_cropped/10_Metas/11/11/20191011113500_00160.jpg,datasets_cloudmask/dataset_cropped/10_Metas/11/11/20191011113500_00160.png,676.4,836,115.2,24.3,965
10/11/2019 11:36,datasets/dataset_cropped/10_Metas/11/11/20191011113600_00160.jpg,datasets_flow/dataset_cropped/10_Metas/11/11/20191011113600_00160.jpg,datasets_cloudmask/dataset_cropped/10_Metas/11/11/20191011113600_00160.png,706,878,115.1,24.4,965
10/11/2019 11:37,datasets/dataset_cropped/10_Metas/11/11/20191011113700_00160.jpg,datasets_flow/dataset_cropped/10_Metas/11/11/20191011113700_00160.jpg,datasets_cloudmask/dataset_cropped/10_Metas/11/11/20191011113700_00160.png,708.7,883,113.3,24.5,965
10/11/2019 11:38,datasets/dataset_cropped/10_Metas/11/11/20191011113800_00160.jpg,datasets_flow/dataset_cropped/10_Metas/11/11/20191011113800_00160.jpg,datasets_cloudmask/dataset_cropped/10_Metas/11/11/20191011113800_00160.png,706.5,884,109.8,24.4,965
10/11/2019 11:39,datasets/dataset_cropped/10_Metas/11/11/20191011113900_00160.jpg,datasets_flow/dataset_cropped/10_Metas/11/11/20191011113900_00160.jpg,datasets_cloudmask/dataset_cropped/10_Metas/11/11/20191011113900_00160.png,703.3,884,105.4,24.5,965
10/11/2019 11:40,datasets/dataset_cropped/10_Metas/11/11/20191011114000_00160.jpg,datasets_flow/dataset_cropped/10_Metas/11/11/20191011114000_00160.jpg,datasets_cloudmask/dataset_cropped/10_Metas/11/11/20191011114000_00160.png,701.6,885,102.1,24.5,965
10/11/2019 11:41,datasets/dataset_cropped/10_Metas/11/11/20191011114100_00160.jpg,datasets_flow/dataset_cropped/10_Metas/11/11/20191011114100_00160.jpg,datasets_cloudmask/dataset_cropped/10_Metas/11/11/20191011114100_00160.png,700.5,885,99.8,24.5,965
10/11/2019 11:42,datasets/dataset_cropped/10_Metas/11/11/20191011114200_00160.jpg,datasets_flow/dataset_cropped/10_Metas/11/11/20191011114200_00160.jpg,datasets_cloudmask/dataset_cropped/10_Metas/11/11/20191011114200_00160.png,701,886,99,24.5,965
10/11/2019 11:43,datasets/dataset_cropped/10_Metas/11/11/20191011114300_00160.jpg,datasets_flow/dataset_cropped/10_Metas/11/11/20191011114300_00160.jpg,datasets_cloudmask/dataset_cropped/10_Metas/11/11/20191011114300_00160.png,701.9,886,99,24.4,965
10/11/2019 11:44,datasets/dataset_cropped/10_Metas/11/11/20191011114400_00160.jpg,datasets_flow/dataset_cropped/10_Metas/11/11/20191011114400_00160.jpg,datasets_cloudmask/dataset_cropped/10_Metas/11/11/20191011114400_00160.png,702.9,886,99.2,24.2,965
10/11/2019 11:45,datasets/dataset_cropped/10_Metas/11/11/20191011114500_00160.jpg,datasets_flow/dataset_cropped/10_Metas/11/11/20191011114500_00160.jpg,datasets_cloudmask/dataset_cropped/10_Metas/11/11/20191011114500_00160.png,704.3,887,98.7,24,965
10/11/2019 11:46,datasets/dataset_cropped/10_Metas/11/11/20191011114600_00160.jpg,datasets_flow/dataset_cropped/10_Metas/11/11/20191011114600_00160.jpg,datasets_cloudmask/dataset_cropped/10_Metas/11/11/20191011114600_00160.png,704.8,886,98.5,24.1,965
10/11/2019 11:47,datasets/dataset_cropped/10_Metas/11/11/20191011114700_00160.jpg,datasets_flow/dataset_cropped/10_Metas/11/11/20191011114700_00160.jpg,datasets_cloudmask/dataset_cropped/10_Metas/11/11/20191011114700_00160.png,705.5,886,98.1,24.1,965
10/11/2019 11:48,datasets/dataset_cropped/10_Metas/11/11/20191011114800_00160.jpg,datasets_flow/dataset_cropped/10_Metas/11/11/20191011114800_00160.jpg,datasets_cloudmask/dataset_cropped/10_Metas/11/11/20191011114800_00160.png,706.8,887,97.6,24.2,965
10/11/2019 11:49,datasets/dataset_cropped/10_Metas/11/11/20191011114900_00160.jpg,datasets_flow/dataset_cropped/10_Metas/11/11/20191011114900_00160.jpg,datasets_cloudmask/dataset_cropped/10_Metas/11/11/20191011114900_00160.png,707.4,887,97.4,24.3,965
10/11/2019 11:50,datasets/dataset_cropped/10_Metas/11/11/20191011115000_00160.jpg,datasets_flow/dataset_cropped/10_Metas/11/11/20191011115000_00160.jpg,datasets_cloudmask/dataset_cropped/10_Metas/11/11/20191011115000_00160.png,709.9,889,97.7,24.5,965
10/11/2019 11:51,datasets/dataset_cropped/10_Metas/11/11/20191011115100_00160.jpg,datasets_flow/dataset_cropped/10_Metas/11/11/20191011115100_00160.jpg,datasets_cloudmask/dataset_cropped/10_Metas/11/11/20191011115100_00160.png,711.6,890,98,24.6,965
10/11/2019 11:52,datasets/dataset_cropped/10_Metas/11/11/20191011115200_00160.jpg,datasets_flow/dataset_cropped/10_Metas/11/11/20191011115200_00160.jpg,datasets_cloudmask/dataset_cropped/10_Metas/11/11/20191011115200_00160.png,714,891,98.8,24.5,965
10/11/2019 11:53,datasets/dataset_cropped/10_Metas/11/11/20191011115300_00160.jpg,datasets_flow/dataset_cropped/10_Metas/11/11/20191011115300_00160.jpg,datasets_cloudmask/dataset_cropped/10_Metas/11/11/20191011115300_00160.png,716.5,891,100,24.6,965
10/11/2019 11:54,datasets/dataset_cropped/10_Metas/11/11/20191011115400_00160.jpg,datasets_flow/dataset_cropped/10_Metas/11/11/20191011115400_00160.jpg,datasets_cloudmask/dataset_cropped/10_Metas/11/11/20191011115400_00160.png,718.3,890,101.7,24.4,965
10/11/2019 11:55,datasets/dataset_cropped/10_Metas/11/11/20191011115500_00160.jpg,datasets_flow/dataset_cropped/10_Metas/11/11/20191011115500_00160.jpg,datasets_cloudmask/dataset_cropped/10_Metas/11/11/20191011115500_00160.png,721.3,891,103.3,24.3,965
10/11/2019 11:56,datasets/dataset_cropped/10_Metas/11/11/20191011115600_00160.jpg,datasets_flow/dataset_cropped/10_Metas/11/11/20191011115600_00160.jpg,datasets_cloudmask/dataset_cropped/10_Metas/11/11/20191011115600_00160.png,725,892,105.1,24.4,965
10/11/2019 11:57,datasets/dataset_cropped/10_Metas/11/11/20191011115700_00160.jpg,datasets_flow/dataset_cropped/10_Metas/11/11/20191011115700_00160.jpg,datasets_cloudmask/dataset_cropped/10_Metas/11/11/20191011115700_00160.png,728.7,892,108.3,24.5,965
10/11/2019 11:58,datasets/dataset_cropped/10_Metas/11/11/20191011115800_00160.jpg,datasets_flow/dataset_cropped/10_Metas/11/11/20191011115800_00160.jpg,datasets_cloudmask/dataset_cropped/10_Metas/11/11/20191011115800_00160.png,735.2,892,113.6,24.5,965
10/11/2019 11:59,datasets/dataset_cropped/10_Metas/11/11/20191011115900_00160.jpg,datasets_flow/dataset_cropped/10_Metas/11/11/20191011115900_00160.jpg,datasets_cloudmask/dataset_cropped/10_Metas/11/11/20191011115900_00160.png,742.8,891,120.9,24.6,965
10/11/2019 12:00,datasets/dataset_cropped/10_Metas/11/12/20191011120000_00160.jpg,datasets_flow/dataset_cropped/10_Metas/11/12/20191011120000_00160.jpg,datasets_cloudmask/dataset_cropped/10_Metas/11/12/20191011120000_00160.png,751.5,890,128.5,24.6,965
10/11/2019 12:01,datasets/dataset_cropped/10_Metas/11/12/20191011120100_00160.jpg,datasets_flow/dataset_cropped/10_Metas/11/12/20191011120100_00160.jpg,datasets_cloudmask/dataset_cropped/10_Metas/11/12/20191011120100_00160.png,758,890,134.3,24.6,965
10/11/2019 12:02,datasets/dataset_cropped/10_Metas/11/12/20191011120200_00160.jpg,datasets_flow/dataset_cropped/10_Metas/11/12/20191011120200_00160.jpg,datasets_cloudmask/dataset_cropped/10_Metas/11/12/20191011120200_00160.png,693,783.8,141.9,24.5,965
10/11/2019 12:03,datasets/dataset_cropped/10_Metas/11/12/20191011120300_00160.jpg,datasets_flow/dataset_cropped/10_Metas/11/12/20191011120300_00160.jpg,datasets_cloudmask/dataset_cropped/10_Metas/11/12/20191011120300_00160.png,668.4,723.5,158.9,24.4,965
10/11/2019 12:04,datasets/dataset_cropped/10_Metas/11/12/20191011120400_00160.jpg,datasets_flow/dataset_cropped/10_Metas/11/12/20191011120400_00160.jpg,datasets_cloudmask/dataset_cropped/10_Metas/11/12/20191011120400_00160.png,802,883,180.8,24.8,965
10/11/2019 12:05,datasets/dataset_cropped/10_Metas/11/12/20191011120500_00160.jpg,datasets_flow/dataset_cropped/10_Metas/11/12/20191011120500_00160.jpg,datasets_cloudmask/dataset_cropped/10_Metas/11/12/20191011120500_00160.png,676.6,658.5,210.5,24.9,965
10/11/2019 12:06,datasets/dataset_cropped/10_Metas/11/12/20191011120600_00160.jpg,datasets_flow/dataset_cropped/10_Metas/11/12/20191011120600_00160.jpg,datasets_cloudmask/dataset_cropped/10_Metas/11/12/20191011120600_00160.png,602.2,516.1,235.2,24.9,965
10/11/2019 12:07,datasets/dataset_cropped/10_Metas/11/12/20191011120700_00160.jpg,datasets_flow/dataset_cropped/10_Metas/11/12/20191011120700_00160.jpg,datasets_cloudmask/dataset_cropped/10_Metas/11/12/20191011120700_00160.png,723.1,663.3,251.8,24.7,965
10/11/2019 12:08,datasets/dataset_cropped/10_Metas/11/12/20191011120800_00160.jpg,datasets_flow/dataset_cropped/10_Metas/11/12/20191011120800_00160.jpg,datasets_cloudmask/dataset_cropped/10_Metas/11/12/20191011120800_00160.png,593.3,465.2,259.9,24.6,965
10/11/2019 12:09,datasets/dataset_cropped/10_Metas/11/12/20191011120900_00160.jpg,datasets_flow/dataset_cropped/10_Metas/11/12/20191011120900_00160.jpg,datasets_cloudmask/dataset_cropped/10_Metas/11/12/20191011120900_00160.png,647.4,523.9,271.1,24.7,965
10/11/2019 12:10,datasets/dataset_cropped/10_Metas/11/12/20191011121000_00160.jpg,datasets_flow/dataset_cropped/10_Metas/11/12/20191011121000_00160.jpg,datasets_cloudmask/dataset_cropped/10_Metas/11/12/20191011121000_00160.png,641.1,492.5,287.8,24.9,965
10/11/2019 12:11,datasets/dataset_cropped/10_Metas/11/12/20191011121100_00160.jpg,datasets_flow/dataset_cropped/10_Metas/11/12/20191011121100_00160.jpg,datasets_cloudmask/dataset_cropped/10_Metas/11/12/20191011121100_00160.png,540.6,326.8,303.6,25.1,965
10/11/2019 12:12,datasets/dataset_cropped/10_Metas/11/12/20191011121200_00160.jpg,datasets_flow/dataset_cropped/10_Metas/11/12/20191011121200_00160.jpg,datasets_cloudmask/dataset_cropped/10_Metas/11/12/20191011121200_00160.png,759.7,605.3,326.2,25,965
10/11/2019 12:13,datasets/dataset_cropped/10_Metas/11/12/20191011121300_00160.jpg,datasets_flow/dataset_cropped/10_Metas/11/12/20191011121300_00160.jpg,datasets_cloudmask/dataset_cropped/10_Metas/11/12/20191011121300_00160.png,767.1,596.6,340.3,24.8,964
10/11/2019 12:14,datasets/dataset_cropped/10_Metas/11/12/20191011121400_00160.jpg,datasets_flow/dataset_cropped/10_Metas/11/12/20191011121400_00160.jpg,datasets_cloudmask/dataset_cropped/10_Metas/11/12/20191011121400_00160.png,735.2,528.6,355,25,965
10/11/2019 12:15,datasets/dataset_cropped/10_Metas/11/12/20191011121500_00160.jpg,datasets_flow/dataset_cropped/10_Metas/11/12/20191011121500_00160.jpg,datasets_cloudmask/dataset_cropped/10_Metas/11/12/20191011121500_00160.png,562.9,263.3,369.7,25.1,965
10/11/2019 12:16,datasets/dataset_cropped/10_Metas/11/12/20191011121600_00160.jpg,datasets_flow/dataset_cropped/10_Metas/11/12/20191011121600_00160.jpg,datasets_cloudmask/dataset_cropped/10_Metas/11/12/20191011121600_00160.png,516,184.4,379.5,25.3,964
10/11/2019 12:17,datasets/dataset_cropped/10_Metas/11/12/20191011121700_00160.jpg,datasets_flow/dataset_cropped/10_Metas/11/12/20191011121700_00160.jpg,datasets_cloudmask/dataset_cropped/10_Metas/11/12/20191011121700_00160.png,644.9,358.7,385.4,25.2,964
10/11/2019 12:18,datasets/dataset_cropped/10_Metas/11/12/20191011121800_00160.jpg,datasets_flow/dataset_cropped/10_Metas/11/12/20191011121800_00160.jpg,datasets_cloudmask/dataset_cropped/10_Metas/11/12/20191011121800_00160.png,899,689.5,404.9,24.9,964
10/11/2019 12:19,datasets/dataset_cropped/10_Metas/11/12/20191011121900_00160.jpg,datasets_flow/dataset_cropped/10_Metas/11/12/20191011121900_00160.jpg,datasets_cloudmask/dataset_cropped/10_Metas/11/12/20191011121900_00160.png,799.1,521.9,423.2,25,964
10/11/2019 12:20,datasets/dataset_cropped/10_Metas/11/12/20191011122000_00160.jpg,datasets_flow/dataset_cropped/10_Metas/11/12/20191011122000_00160.jpg,datasets_cloudmask/dataset_cropped/10_Metas/11/12/20191011122000_00160.png,809,515.6,436.3,25.7,964
10/11/2019 12:21,datasets/dataset_cropped/10_Metas/11/12/20191011122100_00160.jpg,datasets_flow/dataset_cropped/10_Metas/11/12/20191011122100_00160.jpg,datasets_cloudmask/dataset_cropped/10_Metas/11/12/20191011122100_00160.png,584.7,207.4,433,25.6,964
10/11/2019 12:22,datasets/dataset_cropped/10_Metas/11/12/20191011122200_00160.jpg,datasets_flow/dataset_cropped/10_Metas/11/12/20191011122200_00160.jpg,datasets_cloudmask/dataset_cropped/10_Metas/11/12/20191011122200_00160.png,648.1,302.1,429.9,25.5,964
10/11/2019 12:23,datasets/dataset_cropped/10_Metas/11/12/20191011122300_00160.jpg,datasets_flow/dataset_cropped/10_Metas/11/12/20191011122300_00160.jpg,datasets_cloudmask/dataset_cropped/10_Metas/11/12/20191011122300_00160.png,716.5,399.3,426.5,25.2,964
10/11/2019 12:24,datasets/dataset_cropped/10_Metas/11/12/20191011122400_00160.jpg,datasets_flow/dataset_cropped/10_Metas/11/12/20191011122400_00160.jpg,datasets_cloudmask/dataset_cropped/10_Metas/11/12/20191011122400_00160.png,673,355.6,415.3,25,964
10/11/2019 12:25,datasets/dataset_cropped/10_Metas/11/12/20191011122500_00160.jpg,datasets_flow/dataset_cropped/10_Metas/11/12/20191011122500_00160.jpg,datasets_cloudmask/dataset_cropped/10_Metas/11/12/20191011122500_00160.png,718.2,431.4,406.1,24.8,964
10/11/2019 12:26,datasets/dataset_cropped/10_Metas/11/12/20191011122600_00160.jpg,datasets_flow/dataset_cropped/10_Metas/11/12/20191011122600_00160.jpg,datasets_cloudmask/dataset_cropped/10_Metas/11/12/20191011122600_00160.png,711.9,440.5,393.3,24.7,964
10/11/2019 12:27,datasets/dataset_cropped/10_Metas/11/12/20191011122700_00160.jpg,datasets_flow/dataset_cropped/10_Metas/11/12/20191011122700_00160.jpg,datasets_cloudmask/dataset_cropped/10_Metas/11/12/20191011122700_00160.png,762.2,529.5,380.2,24.9,964
10/11/2019 12:28,datasets/dataset_cropped/10_Metas/11/12/20191011122800_00160.jpg,datasets_flow/dataset_cropped/10_Metas/11/12/20191011122800_00160.jpg,datasets_cloudmask/dataset_cropped/10_Metas/11/12/20191011122800_00160.png,421.1,80.9,359.3,25.1,964
10/11/2019 12:29,datasets/dataset_cropped/10_Metas/11/12/20191011122900_00160.jpg,datasets_flow/dataset_cropped/10_Metas/11/12/20191011122900_00160.jpg,datasets_cloudmask/dataset_cropped/10_Metas/11/12/20191011122900_00160.png,374.5,42,341.9,25.1,964
10/11/2019 12:30,datasets/dataset_cropped/10_Metas/11/12/20191011123000_00160.jpg,datasets_flow/dataset_cropped/10_Metas/11/12/20191011123000_00160.jpg,datasets_cloudmask/dataset_cropped/10_Metas/11/12/20191011123000_00160.png,414.7,103.8,335.3,24.9,964
10/11/2019 12:31,datasets/dataset_cropped/10_Metas/11/12/20191011123100_00160.jpg,datasets_flow/dataset_cropped/10_Metas/11/12/20191011123100_00160.jpg,datasets_cloudmask/dataset_cropped/10_Metas/11/12/20191011123100_00160.png,475.1,184.2,339.9,24.7,964
10/11/2019 12:32,datasets/dataset_cropped/10_Metas/11/12/20191011123200_00160.jpg,datasets_flow/dataset_cropped/10_Metas/11/12/20191011123200_00160.jpg,datasets_cloudmask/dataset_cropped/10_Metas/11/12/20191011123200_00160.png,675.2,466.6,337,24.7,964
10/11/2019 12:33,datasets/dataset_cropped/10_Metas/11/12/20191011123300_00160.jpg,datasets_flow/dataset_cropped/10_Metas/11/12/20191011123300_00160.jpg,datasets_cloudmask/dataset_cropped/10_Metas/11/12/20191011123300_00160.png,664.3,466.2,325.4,24.6,964
10/11/2019 12:34,datasets/dataset_cropped/10_Metas/11/12/20191011123400_00160.jpg,datasets_flow/dataset_cropped/10_Metas/11/12/20191011123400_00160.jpg,datasets_cloudmask/dataset_cropped/10_Metas/11/12/20191011123400_00160.png,505.1,270.5,306.7,24.7,964
10/11/2019 12:35,datasets/dataset_cropped/10_Metas/11/12/20191011123500_00160.jpg,datasets_flow/dataset_cropped/10_Metas/11/12/20191011123500_00160.jpg,datasets_cloudmask/dataset_cropped/10_Metas/11/12/20191011123500_00160.png,633.4,472.2,290.6,24.7,964
10/11/2019 12:36,datasets/dataset_cropped/10_Metas/11/12/20191011123600_00160.jpg,datasets_flow/dataset_cropped/10_Metas/11/12/20191011123600_00160.jpg,datasets_cloudmask/dataset_cropped/10_Metas/11/12/20191011123600_00160.png,759.3,680.5,269.3,24.8,964
10/11/2019 12:37,datasets/dataset_cropped/10_Metas/11/12/20191011123700_00160.jpg,datasets_flow/dataset_cropped/10_Metas/11/12/20191011123700_00160.jpg,datasets_cloudmask/dataset_cropped/10_Metas/11/12/20191011123700_00160.png,816,795.9,243.2,25,964
10/11/2019 12:38,datasets/dataset_cropped/10_Metas/11/12/20191011123800_00160.jpg,datasets_flow/dataset_cropped/10_Metas/11/12/20191011123800_00160.jpg,datasets_cloudmask/dataset_cropped/10_Metas/11/12/20191011123800_00160.png,840,867,217.2,24.9,964
10/11/2019 12:39,datasets/dataset_cropped/10_Metas/11/12/20191011123900_00160.jpg,datasets_flow/dataset_cropped/10_Metas/11/12/20191011123900_00160.jpg,datasets_cloudmask/dataset_cropped/10_Metas/11/12/20191011123900_00160.png,830,875,200.4,24.8,964
10/11/2019 12:40,datasets/dataset_cropped/10_Metas/11/12/20191011124000_00160.jpg,datasets_flow/dataset_cropped/10_Metas/11/12/20191011124000_00160.jpg,datasets_cloudmask/dataset_cropped/10_Metas/11/12/20191011124000_00160.png,826,881,191.1,24.8,964
10/11/2019 12:41,datasets/dataset_cropped/10_Metas/11/12/20191011124100_00160.jpg,datasets_flow/dataset_cropped/10_Metas/11/12/20191011124100_00160.jpg,datasets_cloudmask/dataset_cropped/10_Metas/11/12/20191011124100_00160.png,820,880,185.1,24.9,964
10/11/2019 12:42,datasets/dataset_cropped/10_Metas/11/12/20191011124200_00160.jpg,datasets_flow/dataset_cropped/10_Metas/11/12/20191011124200_00160.jpg,datasets_cloudmask/dataset_cropped/10_Metas/11/12/20191011124200_00160.png,818,881,181.8,25.2,964
10/11/2019 12:43,datasets/dataset_cropped/10_Metas/11/12/20191011124300_00160.jpg,datasets_flow/dataset_cropped/10_Metas/11/12/20191011124300_00160.jpg,datasets_cloudmask/dataset_cropped/10_Metas/11/12/20191011124300_00160.png,817,880,180.3,25.6,964
10/11/2019 12:44,datasets/dataset_cropped/10_Metas/11/12/20191011124400_00160.jpg,datasets_flow/dataset_cropped/10_Metas/11/12/20191011124400_00160.jpg,datasets_cloudmask/dataset_cropped/10_Metas/11/12/20191011124400_00160.png,818,881,180.9,25.9,964
10/11/2019 12:45,datasets/dataset_cropped/10_Metas/11/12/20191011124500_00160.jpg,datasets_flow/dataset_cropped/10_Metas/11/12/20191011124500_00160.jpg,datasets_cloudmask/dataset_cropped/10_Metas/11/12/20191011124500_00160.png,822,880,184.2,25.9,964
10/11/2019 12:46,datasets/dataset_cropped/10_Metas/11/12/20191011124600_00160.jpg,datasets_flow/dataset_cropped/10_Metas/11/12/20191011124600_00160.jpg,datasets_cloudmask/dataset_cropped/10_Metas/11/12/20191011124600_00160.png,830,880,191.7,26,964
10/11/2019 12:47,datasets/dataset_cropped/10_Metas/11/12/20191011124700_00160.jpg,datasets_flow/dataset_cropped/10_Metas/11/12/20191011124700_00160.jpg,datasets_cloudmask/dataset_cropped/10_Metas/11/12/20191011124700_00160.png,845,875,210.3,25.8,964
10/11/2019 12:48,datasets/dataset_cropped/10_Metas/11/12/20191011124800_00160.jpg,datasets_flow/dataset_cropped/10_Metas/11/12/20191011124800_00160.jpg,datasets_cloudmask/dataset_cropped/10_Metas/11/12/20191011124800_00160.png,617.3,529.3,229.3,25.7,964
10/11/2019 12:49,datasets/dataset_cropped/10_Metas/11/12/20191011124900_00160.jpg,datasets_flow/dataset_cropped/10_Metas/11/12/20191011124900_00160.jpg,datasets_cloudmask/dataset_cropped/10_Metas/11/12/20191011124900_00160.png,549.2,409.5,247,25.6,964
10/11/2019 12:50,datasets/dataset_cropped/10_Metas/11/12/20191011125000_00160.jpg,datasets_flow/dataset_cropped/10_Metas/11/12/20191011125000_00160.jpg,datasets_cloudmask/dataset_cropped/10_Metas/11/12/20191011125000_00160.png,722.3,644.4,253.7,25.4,964
10/11/2019 12:51,datasets/dataset_cropped/10_Metas/11/12/20191011125100_00160.jpg,datasets_flow/dataset_cropped/10_Metas/11/12/20191011125100_00160.jpg,datasets_cloudmask/dataset_cropped/10_Metas/11/12/20191011125100_00160.png,878,871,246.9,25,964
10/11/2019 12:52,datasets/dataset_cropped/10_Metas/11/12/20191011125200_00160.jpg,datasets_flow/dataset_cropped/10_Metas/11/12/20191011125200_00160.jpg,datasets_cloudmask/dataset_cropped/10_Metas/11/12/20191011125200_00160.png,832,808,244.6,25.2,964
10/11/2019 12:53,datasets/dataset_cropped/10_Metas/11/12/20191011125300_00160.jpg,datasets_flow/dataset_cropped/10_Metas/11/12/20191011125300_00160.jpg,datasets_cloudmask/dataset_cropped/10_Metas/11/12/20191011125300_00160.png,806,762.3,252.2,25.6,964
10/11/2019 12:54,datasets/dataset_cropped/10_Metas/11/12/20191011125400_00160.jpg,datasets_flow/dataset_cropped/10_Metas/11/12/20191011125400_00160.jpg,datasets_cloudmask/dataset_cropped/10_Metas/11/12/20191011125400_00160.png,834,789.2,260.2,25.6,964
10/11/2019 12:55,datasets/dataset_cropped/10_Metas/11/12/20191011125500_00160.jpg,datasets_flow/dataset_cropped/10_Metas/11/12/20191011125500_00160.jpg,datasets_cloudmask/dataset_cropped/10_Metas/11/12/20191011125500_00160.png,906,885,263.3,25.4,964
10/11/2019 12:56,datasets/dataset_cropped/10_Metas/11/12/20191011125600_00160.jpg,datasets_flow/dataset_cropped/10_Metas/11/12/20191011125600_00160.jpg,datasets_cloudmask/dataset_cropped/10_Metas/11/12/20191011125600_00160.png,912,890,265.9,25.3,964
10/11/2019 12:57,datasets/dataset_cropped/10_Metas/11/12/20191011125700_00160.jpg,datasets_flow/dataset_cropped/10_Metas/11/12/20191011125700_00160.jpg,datasets_cloudmask/dataset_cropped/10_Metas/11/12/20191011125700_00160.png,914,878,276,25.6,964
10/11/2019 12:58,datasets/dataset_cropped/10_Metas/11/12/20191011125800_00160.jpg,datasets_flow/dataset_cropped/10_Metas/11/12/20191011125800_00160.jpg,datasets_cloudmask/dataset_cropped/10_Metas/11/12/20191011125800_00160.png,848,756,298.4,25.7,964
10/11/2019 12:59,datasets/dataset_cropped/10_Metas/11/12/20191011125900_00160.jpg,datasets_flow/dataset_cropped/10_Metas/11/12/20191011125900_00160.jpg,datasets_cloudmask/dataset_cropped/10_Metas/11/12/20191011125900_00160.png,623.6,407.4,321.7,25.7,964
10/11/2019 13:00,datasets/dataset_cropped/10_Metas/11/13/20191011130000_00160.jpg,datasets_flow/dataset_cropped/10_Metas/11/13/20191011130000_00160.jpg,datasets_cloudmask/dataset_cropped/10_Metas/11/13/20191011130000_00160.png,546.9,285.7,333.1,25.6,964
10/11/2019 13:01,datasets/dataset_cropped/10_Metas/11/13/20191011130100_00160.jpg,datasets_flow/dataset_cropped/10_Metas/11/13/20191011130100_00160.jpg,datasets_cloudmask/dataset_cropped/10_Metas/11/13/20191011130100_00160.png,420.3,103.3,339.7,25.4,964
10/11/2019 13:02,datasets/dataset_cropped/10_Metas/11/13/20191011130200_00160.jpg,datasets_flow/dataset_cropped/10_Metas/11/13/20191011130200_00160.jpg,datasets_cloudmask/dataset_cropped/10_Metas/11/13/20191011130200_00160.png,410.7,74.1,350.1,24.9,964
10/11/2019 13:03,datasets/dataset_cropped/10_Metas/11/13/20191011130300_00160.jpg,datasets_flow/dataset_cropped/10_Metas/11/13/20191011130300_00160.jpg,datasets_cloudmask/dataset_cropped/10_Metas/11/13/20191011130300_00160.png,413.5,54,368.2,24.7,964
10/11/2019 13:04,datasets/dataset_cropped/10_Metas/11/13/20191011130400_00160.jpg,datasets_flow/dataset_cropped/10_Metas/11/13/20191011130400_00160.jpg,datasets_cloudmask/dataset_cropped/10_Metas/11/13/20191011130400_00160.png,426.1,49.6,385,24.7,964
10/11/2019 13:05,datasets/dataset_cropped/10_Metas/11/13/20191011130500_00160.jpg,datasets_flow/dataset_cropped/10_Metas/11/13/20191011130500_00160.jpg,datasets_cloudmask/dataset_cropped/10_Metas/11/13/20191011130500_00160.png,479.4,102.3,400.2,24.8,964
10/11/2019 13:06,datasets/dataset_cropped/10_Metas/11/13/20191011130600_00160.jpg,datasets_flow/dataset_cropped/10_Metas/11/13/20191011130600_00160.jpg,datasets_cloudmask/dataset_cropped/10_Metas/11/13/20191011130600_00160.png,521,131.5,418.9,24.8,964
10/11/2019 13:07,datasets/dataset_cropped/10_Metas/11/13/20191011130700_00160.jpg,datasets_flow/dataset_cropped/10_Metas/11/13/20191011130700_00160.jpg,datasets_cloudmask/dataset_cropped/10_Metas/11/13/20191011130700_00160.png,631.5,258.6,437.3,24.9,964
10/11/2019 13:08,datasets/dataset_cropped/10_Metas/11/13/20191011130800_00160.jpg,datasets_flow/dataset_cropped/10_Metas/11/13/20191011130800_00160.jpg,datasets_cloudmask/dataset_cropped/10_Metas/11/13/20191011130800_00160.png,692.6,319.2,453.8,24.9,964
10/11/2019 13:09,datasets/dataset_cropped/10_Metas/11/13/20191011130900_00160.jpg,datasets_flow/dataset_cropped/10_Metas/11/13/20191011130900_00160.jpg,datasets_cloudmask/dataset_cropped/10_Metas/11/13/20191011130900_00160.png,735.2,359.6,467.8,24.9,964
10/11/2019 13:10,datasets/dataset_cropped/10_Metas/11/13/20191011131000_00160.jpg,datasets_flow/dataset_cropped/10_Metas/11/13/20191011131000_00160.jpg,datasets_cloudmask/dataset_cropped/10_Metas/11/13/20191011131000_00160.png,718.4,322,479,24.9,964
10/11/2019 13:11,datasets/dataset_cropped/10_Metas/11/13/20191011131100_00160.jpg,datasets_flow/dataset_cropped/10_Metas/11/13/20191011131100_00160.jpg,datasets_cloudmask/dataset_cropped/10_Metas/11/13/20191011131100_00160.png,664.2,236.3,487.3,25.2,964
10/11/2019 13:12,datasets/dataset_cropped/10_Metas/11/13/20191011131200_00160.jpg,datasets_flow/dataset_cropped/10_Metas/11/13/20191011131200_00160.jpg,datasets_cloudmask/dataset_cropped/10_Metas/11/13/20191011131200_00160.png,711.9,290.9,496,25.4,964
10/11/2019 13:13,datasets/dataset_cropped/10_Metas/11/13/20191011131300_00160.jpg,datasets_flow/dataset_cropped/10_Metas/11/13/20191011131300_00160.jpg,datasets_cloudmask/dataset_cropped/10_Metas/11/13/20191011131300_00160.png,679.9,242.4,499.1,25.4,964
10/11/2019 13:14,datasets/dataset_cropped/10_Metas/11/13/20191011131400_00160.jpg,datasets_flow/dataset_cropped/10_Metas/11/13/20191011131400_00160.jpg,datasets_cloudmask/dataset_cropped/10_Metas/11/13/20191011131400_00160.png,626.2,178.9,492.6,25.2,964
10/11/2019 13:15,datasets/dataset_cropped/10_Metas/11/13/20191011131500_00160.jpg,datasets_flow/dataset_cropped/10_Metas/11/13/20191011131500_00160.jpg,datasets_cloudmask/dataset_cropped/10_Metas/11/13/20191011131500_00160.png,522.3,56.8,478.5,25.2,964
10/11/2019 13:16,datasets/dataset_cropped/10_Metas/11/13/20191011131600_00160.jpg,datasets_flow/dataset_cropped/10_Metas/11/13/20191011131600_00160.jpg,datasets_cloudmask/dataset_cropped/10_Metas/11/13/20191011131600_00160.png,479.8,16.7,465.7,25,964
10/11/2019 13:17,datasets/dataset_cropped/10_Metas/11/13/20191011131700_00160.jpg,datasets_flow/dataset_cropped/10_Metas/11/13/20191011131700_00160.jpg,datasets_cloudmask/dataset_cropped/10_Metas/11/13/20191011131700_00160.png,477.8,16,463.4,25,964
10/11/2019 13:18,datasets/dataset_cropped/10_Metas/11/13/20191011131800_00160.jpg,datasets_flow/dataset_cropped/10_Metas/11/13/20191011131800_00160.jpg,datasets_cloudmask/dataset_cropped/10_Metas/11/13/20191011131800_00160.png,494.3,31.7,468.7,25.3,964
10/11/2019 13:19,datasets/dataset_cropped/10_Metas/11/13/20191011131900_00160.jpg,datasets_flow/dataset_cropped/10_Metas/11/13/20191011131900_00160.jpg,datasets_cloudmask/dataset_cropped/10_Metas/11/13/20191011131900_00160.png,522.3,58.2,477.3,25.1,964
10/11/2019 13:20,datasets/dataset_cropped/10_Metas/11/13/20191011132000_00160.jpg,datasets_flow/dataset_cropped/10_Metas/11/13/20191011132000_00160.jpg,datasets_cloudmask/dataset_cropped/10_Metas/11/13/20191011132000_00160.png,541.3,67,489.9,24.9,963
10/11/2019 13:21,datasets/dataset_cropped/10_Metas/11/13/20191011132100_00160.jpg,datasets_flow/dataset_cropped/10_Metas/11/13/20191011132100_00160.jpg,datasets_cloudmask/dataset_cropped/10_Metas/11/13/20191011132100_00160.png,612.9,145.6,503.7,24.9,963
10/11/2019 13:22,datasets/dataset_cropped/10_Metas/11/13/20191011132200_00160.jpg,datasets_flow/dataset_cropped/10_Metas/11/13/20191011132200_00160.jpg,datasets_cloudmask/dataset_cropped/10_Metas/11/13/20191011132200_00160.png,698.9,248.5,515.7,24.8,963
10/11/2019 13:23,datasets/dataset_cropped/10_Metas/11/13/20191011132300_00160.jpg,datasets_flow/dataset_cropped/10_Metas/11/13/20191011132300_00160.jpg,datasets_cloudmask/dataset_cropped/10_Metas/11/13/20191011132300_00160.png,780.9,353.4,522.8,25,963
10/11/2019 13:24,datasets/dataset_cropped/10_Metas/11/13/20191011132400_00160.jpg,datasets_flow/dataset_cropped/10_Metas/11/13/20191011132400_00160.jpg,datasets_cloudmask/dataset_cropped/10_Metas/11/13/20191011132400_00160.png,769.7,336.6,523.6,25.2,963
10/11/2019 13:25,datasets/dataset_cropped/10_Metas/11/13/20191011132500_00160.jpg,datasets_flow/dataset_cropped/10_Metas/11/13/20191011132500_00160.jpg,datasets_cloudmask/dataset_cropped/10_Metas/11/13/20191011132500_00160.png,783.8,366.2,517.9,25.2,964
10/11/2019 13:26,datasets/dataset_cropped/10_Metas/11/13/20191011132600_00160.jpg,datasets_flow/dataset_cropped/10_Metas/11/13/20191011132600_00160.jpg,datasets_cloudmask/dataset_cropped/10_Metas/11/13/20191011132600_00160.png,798.7,405.9,504.8,25.4,964
10/11/2019 13:27,datasets/dataset_cropped/10_Metas/11/13/20191011132700_00160.jpg,datasets_flow/dataset_cropped/10_Metas/11/13/20191011132700_00160.jpg,datasets_cloudmask/dataset_cropped/10_Metas/11/13/20191011132700_00160.png,952,645.1,489.7,25.7,963
10/11/2019 13:28,datasets/dataset_cropped/10_Metas/11/13/20191011132800_00160.jpg,datasets_flow/dataset_cropped/10_Metas/11/13/20191011132800_00160.jpg,datasets_cloudmask/dataset_cropped/10_Metas/11/13/20191011132800_00160.png,1010,750.1,473.4,25.6,964
10/11/2019 13:29,datasets/dataset_cropped/10_Metas/11/13/20191011132900_00160.jpg,datasets_flow/dataset_cropped/10_Metas/11/13/20191011132900_00160.jpg,datasets_cloudmask/dataset_cropped/10_Metas/11/13/20191011132900_00160.png,1052,819,466.6,25.6,964
10/11/2019 13:30,datasets/dataset_cropped/10_Metas/11/13/20191011133000_00160.jpg,datasets_flow/dataset_cropped/10_Metas/11/13/20191011133000_00160.jpg,datasets_cloudmask/dataset_cropped/10_Metas/11/13/20191011133000_00160.png,986,744.1,455.1,25.9,963
10/11/2019 13:31,datasets/dataset_cropped/10_Metas/11/13/20191011133100_00160.jpg,datasets_flow/dataset_cropped/10_Metas/11/13/20191011133100_00160.jpg,datasets_cloudmask/dataset_cropped/10_Metas/11/13/20191011133100_00160.png,1042,833,447.9,26.1,964
10/11/2019 13:32,datasets/dataset_cropped/10_Metas/11/13/20191011133200_00160.jpg,datasets_flow/dataset_cropped/10_Metas/11/13/20191011133200_00160.jpg,datasets_cloudmask/dataset_cropped/10_Metas/11/13/20191011133200_00160.png,998,788.6,435.4,26.2,963
10/11/2019 13:33,datasets/dataset_cropped/10_Metas/11/13/20191011133300_00160.jpg,datasets_flow/dataset_cropped/10_Metas/11/13/20191011133300_00160.jpg,datasets_cloudmask/dataset_cropped/10_Metas/11/13/20191011133300_00160.png,973,759.6,431.6,26.4,963
10/11/2019 13:34,datasets/dataset_cropped/10_Metas/11/13/20191011133400_00160.jpg,datasets_flow/dataset_cropped/10_Metas/11/13/20191011133400_00160.jpg,datasets_cloudmask/dataset_cropped/10_Metas/11/13/20191011133400_00160.png,757.5,458,428.8,26.2,963
10/11/2019 13:35,datasets/dataset_cropped/10_Metas/11/13/20191011133500_00160.jpg,datasets_flow/dataset_cropped/10_Metas/11/13/20191011133500_00160.jpg,datasets_cloudmask/dataset_cropped/10_Metas/11/13/20191011133500_00160.png,646.9,299.9,430.2,25.8,963
10/11/2019 13:36,datasets/dataset_cropped/10_Metas/11/13/20191011133600_00160.jpg,datasets_flow/dataset_cropped/10_Metas/11/13/20191011133600_00160.jpg,datasets_cloudmask/dataset_cropped/10_Metas/11/13/20191011133600_00160.png,665.3,320.2,432.6,25.8,963
10/11/2019 13:37,datasets/dataset_cropped/10_Metas/11/13/20191011133700_00160.jpg,datasets_flow/dataset_cropped/10_Metas/11/13/20191011133700_00160.jpg,datasets_cloudmask/dataset_cropped/10_Metas/11/13/20191011133700_00160.png,581.7,208.7,428.7,25.8,963
10/11/2019 13:38,datasets/dataset_cropped/10_Metas/11/13/20191011133800_00160.jpg,datasets_flow/dataset_cropped/10_Metas/11/13/20191011133800_00160.jpg,datasets_cloudmask/dataset_cropped/10_Metas/11/13/20191011133800_00160.png,592.3,233.4,422.2,25.7,963
10/11/2019 13:39,datasets/dataset_cropped/10_Metas/11/13/20191011133900_00160.jpg,datasets_flow/dataset_cropped/10_Metas/11/13/20191011133900_00160.jpg,datasets_cloudmask/dataset_cropped/10_Metas/11/13/20191011133900_00160.png,711.8,410.8,415.5,25.8,963
10/11/2019 13:40,datasets/dataset_cropped/10_Metas/11/13/20191011134000_00160.jpg,datasets_flow/dataset_cropped/10_Metas/11/13/20191011134000_00160.jpg,datasets_cloudmask/dataset_cropped/10_Metas/11/13/20191011134000_00160.png,699.5,410.4,404.2,25.8,963
10/11/2019 13:41,datasets/dataset_cropped/10_Metas/11/13/20191011134100_00160.jpg,datasets_flow/dataset_cropped/10_Metas/11/13/20191011134100_00160.jpg,datasets_cloudmask/dataset_cropped/10_Metas/11/13/20191011134100_00160.png,665.3,373.2,396.2,25.8,963
10/11/2019 13:42,datasets/dataset_cropped/10_Metas/11/13/20191011134200_00160.jpg,datasets_flow/dataset_cropped/10_Metas/11/13/20191011134200_00160.jpg,datasets_cloudmask/dataset_cropped/10_Metas/11/13/20191011134200_00160.png,613.8,308.9,390.4,26,963
10/11/2019 13:43,datasets/dataset_cropped/10_Metas/11/13/20191011134300_00160.jpg,datasets_flow/dataset_cropped/10_Metas/11/13/20191011134300_00160.jpg,datasets_cloudmask/dataset_cropped/10_Metas/11/13/20191011134300_00160.png,687,412.5,391.4,26.2,963
10/11/2019 13:44,datasets/dataset_cropped/10_Metas/11/13/20191011134400_00160.jpg,datasets_flow/dataset_cropped/10_Metas/11/13/20191011134400_00160.jpg,datasets_cloudmask/dataset_cropped/10_Metas/11/13/20191011134400_00160.png,734,489.8,384.7,25.9,963
10/11/2019 13:45,datasets/dataset_cropped/10_Metas/11/13/20191011134500_00160.jpg,datasets_flow/dataset_cropped/10_Metas/11/13/20191011134500_00160.jpg,datasets_cloudmask/dataset_cropped/10_Metas/11/13/20191011134500_00160.png,702,466.6,368.6,25.7,963
10/11/2019 13:46,datasets/dataset_cropped/10_Metas/11/13/20191011134600_00160.jpg,datasets_flow/dataset_cropped/10_Metas/11/13/20191011134600_00160.jpg,datasets_cloudmask/dataset_cropped/10_Metas/11/13/20191011134600_00160.png,657.9,421.9,356.3,25.5,963
10/11/2019 13:47,datasets/dataset_cropped/10_Metas/11/13/20191011134700_00160.jpg,datasets_flow/dataset_cropped/10_Metas/11/13/20191011134700_00160.jpg,datasets_cloudmask/dataset_cropped/10_Metas/11/13/20191011134700_00160.png,800,634.1,351.2,25.4,963
10/11/2019 13:48,datasets/dataset_cropped/10_Metas/11/13/20191011134800_00160.jpg,datasets_flow/dataset_cropped/10_Metas/11/13/20191011134800_00160.jpg,datasets_cloudmask/dataset_cropped/10_Metas/11/13/20191011134800_00160.png,812,671.9,337.9,25.6,963
10/11/2019 13:49,datasets/dataset_cropped/10_Metas/11/13/20191011134900_00160.jpg,datasets_flow/dataset_cropped/10_Metas/11/13/20191011134900_00160.jpg,datasets_cloudmask/dataset_cropped/10_Metas/11/13/20191011134900_00160.png,830,712.7,327.9,26.1,963
10/11/2019 13:50,datasets/dataset_cropped/10_Metas/11/13/20191011135000_00160.jpg,datasets_flow/dataset_cropped/10_Metas/11/13/20191011135000_00160.jpg,datasets_cloudmask/dataset_cropped/10_Metas/11/13/20191011135000_00160.png,769.4,632.6,323.8,26.3,963
10/11/2019 13:51,datasets/dataset_cropped/10_Metas/11/13/20191011135100_00160.jpg,datasets_flow/dataset_cropped/10_Metas/11/13/20191011135100_00160.jpg,datasets_cloudmask/dataset_cropped/10_Metas/11/13/20191011135100_00160.png,702.6,539.7,322,26,963
10/11/2019 13:52,datasets/dataset_cropped/10_Metas/11/13/20191011135200_00160.jpg,datasets_flow/dataset_cropped/10_Metas/11/13/20191011135200_00160.jpg,datasets_cloudmask/dataset_cropped/10_Metas/11/13/20191011135200_00160.png,672.5,501.1,317.9,25.9,963
10/11/2019 13:53,datasets/dataset_cropped/10_Metas/11/13/20191011135300_00160.jpg,datasets_flow/dataset_cropped/10_Metas/11/13/20191011135300_00160.jpg,datasets_cloudmask/dataset_cropped/10_Metas/11/13/20191011135300_00160.png,672,514.6,309.6,26,963
10/11/2019 13:54,datasets/dataset_cropped/10_Metas/11/13/20191011135400_00160.jpg,datasets_flow/dataset_cropped/10_Metas/11/13/20191011135400_00160.jpg,datasets_cloudmask/dataset_cropped/10_Metas/11/13/20191011135400_00160.png,543,349.9,294.8,26.1,963
10/11/2019 13:55,datasets/dataset_cropped/10_Metas/11/13/20191011135500_00160.jpg,datasets_flow/dataset_cropped/10_Metas/11/13/20191011135500_00160.jpg,datasets_cloudmask/dataset_cropped/10_Metas/11/13/20191011135500_00160.png,506.2,311.4,285.5,26.3,963
10/11/2019 13:56,datasets/dataset_cropped/10_Metas/11/13/20191011135600_00160.jpg,datasets_flow/dataset_cropped/10_Metas/11/13/20191011135600_00160.jpg,datasets_cloudmask/dataset_cropped/10_Metas/11/13/20191011135600_00160.png,552.6,383.3,281.7,26.3,963
10/11/2019 13:57,datasets/dataset_cropped/10_Metas/11/13/20191011135700_00160.jpg,datasets_flow/dataset_cropped/10_Metas/11/13/20191011135700_00160.jpg,datasets_cloudmask/dataset_cropped/10_Metas/11/13/20191011135700_00160.png,566.7,410.9,277.6,25.9,963
10/11/2019 13:58,datasets/dataset_cropped/10_Metas/11/13/20191011135800_00160.jpg,datasets_flow/dataset_cropped/10_Metas/11/13/20191011135800_00160.jpg,datasets_cloudmask/dataset_cropped/10_Metas/11/13/20191011135800_00160.png,537.5,377,272.3,25.6,963
10/11/2019 13:59,datasets/dataset_cropped/10_Metas/11/13/20191011135900_00160.jpg,datasets_flow/dataset_cropped/10_Metas/11/13/20191011135900_00160.jpg,datasets_cloudmask/dataset_cropped/10_Metas/11/13/20191011135900_00160.png,540.6,390.2,266.9,25.7,963
10/11/2019 14:00,datasets/dataset_cropped/10_Metas/11/14/20191011140000_00160.jpg,datasets_flow/dataset_cropped/10_Metas/11/14/20191011140000_00160.jpg,datasets_cloudmask/dataset_cropped/10_Metas/11/14/20191011140000_00160.png,555.7,420.8,261.3,25.8,963
10/11/2019 14:01,datasets/dataset_cropped/10_Metas/11/14/20191011140100_00160.jpg,datasets_flow/dataset_cropped/10_Metas/11/14/20191011140100_00160.jpg,datasets_cloudmask/dataset_cropped/10_Metas/11/14/20191011140100_00160.png,538.9,402.6,257.3,26.1,963
10/11/2019 14:02,datasets/dataset_cropped/10_Metas/11/14/20191011140200_00160.jpg,datasets_flow/dataset_cropped/10_Metas/11/14/20191011140200_00160.jpg,datasets_cloudmask/dataset_cropped/10_Metas/11/14/20191011140200_00160.png,504.3,356.4,255.1,25.9,963
10/11/2019 14:03,datasets/dataset_cropped/10_Metas/11/14/20191011140300_00160.jpg,datasets_flow/dataset_cropped/10_Metas/11/14/20191011140300_00160.jpg,datasets_cloudmask/dataset_cropped/10_Metas/11/14/20191011140300_00160.png,535.7,402.9,255.2,26.1,963
10/11/2019 14:04,datasets/dataset_cropped/10_Metas/11/14/20191011140400_00160.jpg,datasets_flow/dataset_cropped/10_Metas/11/14/20191011140400_00160.jpg,datasets_cloudmask/dataset_cropped/10_Metas/11/14/20191011140400_00160.png,503.4,357.2,254.4,26.1,963
10/11/2019 14:05,datasets/dataset_cropped/10_Metas/11/14/20191011140500_00160.jpg,datasets_flow/dataset_cropped/10_Metas/11/14/20191011140500_00160.jpg,datasets_cloudmask/dataset_cropped/10_Metas/11/14/20191011140500_00160.png,443.3,272.5,252.6,25.9,963
10/11/2019 14:06,datasets/dataset_cropped/10_Metas/11/14/20191011140600_00160.jpg,datasets_flow/dataset_cropped/10_Metas/11/14/20191011140600_00160.jpg,datasets_cloudmask/dataset_cropped/10_Metas/11/14/20191011140600_00160.png,459.6,296.4,252.8,25.8,963
10/11/2019 14:07,datasets/dataset_cropped/10_Metas/11/14/20191011140700_00160.jpg,datasets_flow/dataset_cropped/10_Metas/11/14/20191011140700_00160.jpg,datasets_cloudmask/dataset_cropped/10_Metas/11/14/20191011140700_00160.png,444.9,277.3,251.9,25.5,963
10/11/2019 14:08,datasets/dataset_cropped/10_Metas/11/14/20191011140800_00160.jpg,datasets_flow/dataset_cropped/10_Metas/11/14/20191011140800_00160.jpg,datasets_cloudmask/dataset_cropped/10_Metas/11/14/20191011140800_00160.png,390.5,201.9,249.4,25.4,963
10/11/2019 14:09,datasets/dataset_cropped/10_Metas/11/14/20191011140900_00160.jpg,datasets_flow/dataset_cropped/10_Metas/11/14/20191011140900_00160.jpg,datasets_cloudmask/dataset_cropped/10_Metas/11/14/20191011140900_00160.png,367.4,170.8,247.4,25.7,963
10/11/2019 14:10,datasets/dataset_cropped/10_Metas/11/14/20191011141000_00160.jpg,datasets_flow/dataset_cropped/10_Metas/11/14/20191011141000_00160.jpg,datasets_cloudmask/dataset_cropped/10_Metas/11/14/20191011141000_00160.png,350.8,147.6,247,25.8,963
10/11/2019 14:11,datasets/dataset_cropped/10_Metas/11/14/20191011141100_00160.jpg,datasets_flow/dataset_cropped/10_Metas/11/14/20191011141100_00160.jpg,datasets_cloudmask/dataset_cropped/10_Metas/11/14/20191011141100_00160.png,338.3,129.4,247.3,25.4,963
10/11/2019 14:12,datasets/dataset_cropped/10_Metas/11/14/20191011141200_00160.jpg,datasets_flow/dataset_cropped/10_Metas/11/14/20191011141200_00160.jpg,datasets_cloudmask/dataset_cropped/10_Metas/11/14/20191011141200_00160.png,312.8,91,248.3,25.2,963
10/11/2019 14:13,datasets/dataset_cropped/10_Metas/11/14/20191011141300_00160.jpg,datasets_flow/dataset_cropped/10_Metas/11/14/20191011141300_00160.jpg,datasets_cloudmask/dataset_cropped/10_Metas/11/14/20191011141300_00160.png,340.6,127.1,251.5,25.2,963
10/11/2019 14:14,datasets/dataset_cropped/10_Metas/11/14/20191011141400_00160.jpg,datasets_flow/dataset_cropped/10_Metas/11/14/20191011141400_00160.jpg,datasets_cloudmask/dataset_cropped/10_Metas/11/14/20191011141400_00160.png,334,113.9,254,25.2,963
10/11/2019 14:15,datasets/dataset_cropped/10_Metas/11/14/20191011141500_00160.jpg,datasets_flow/dataset_cropped/10_Metas/11/14/20191011141500_00160.jpg,datasets_cloudmask/dataset_cropped/10_Metas/11/14/20191011141500_00160.png,355,140.1,257.3,25.2,963
10/11/2019 14:16,datasets/dataset_cropped/10_Metas/11/14/20191011141600_00160.jpg,datasets_flow/dataset_cropped/10_Metas/11/14/20191011141600_00160.jpg,datasets_cloudmask/dataset_cropped/10_Metas/11/14/20191011141600_00160.png,357.7,140.4,260.3,25.1,963
10/11/2019 14:17,datasets/dataset_cropped/10_Metas/11/14/20191011141700_00160.jpg,datasets_flow/dataset_cropped/10_Metas/11/14/20191011141700_00160.jpg,datasets_cloudmask/dataset_cropped/10_Metas/11/14/20191011141700_00160.png,330.2,98.7,261.2,25,963
10/11/2019 14:18,datasets/dataset_cropped/10_Metas/11/14/20191011141800_00160.jpg,datasets_flow/dataset_cropped/10_Metas/11/14/20191011141800_00160.jpg,datasets_cloudmask/dataset_cropped/10_Metas/11/14/20191011141800_00160.png,319.4,81,262.3,25.2,963
10/11/2019 14:19,datasets/dataset_cropped/10_Metas/11/14/20191011141900_00160.jpg,datasets_flow/dataset_cropped/10_Metas/11/14/20191011141900_00160.jpg,datasets_cloudmask/dataset_cropped/10_Metas/11/14/20191011141900_00160.png,301,52.7,263.3,25.2,963
10/11/2019 14:20,datasets/dataset_cropped/10_Metas/11/14/20191011142000_00160.jpg,datasets_flow/dataset_cropped/10_Metas/11/14/20191011142000_00160.jpg,datasets_cloudmask/dataset_cropped/10_Metas/11/14/20191011142000_00160.png,294,41.2,264.1,25.2,963
10/11/2019 14:21,datasets/dataset_cropped/10_Metas/11/14/20191011142100_00160.jpg,datasets_flow/dataset_cropped/10_Metas/11/14/20191011142100_00160.jpg,datasets_cloudmask/dataset_cropped/10_Metas/11/14/20191011142100_00160.png,281.3,21,265.2,25.1,963
10/11/2019 14:22,datasets/dataset_cropped/10_Metas/11/14/20191011142200_00160.jpg,datasets_flow/dataset_cropped/10_Metas/11/14/20191011142200_00160.jpg,datasets_cloudmask/dataset_cropped/10_Metas/11/14/20191011142200_00160.png,281.7,20.9,266.2,25.1,963
10/11/2019 14:23,datasets/dataset_cropped/10_Metas/11/14/20191011142300_00160.jpg,datasets_flow/dataset_cropped/10_Metas/11/14/20191011142300_00160.jpg,datasets_cloudmask/dataset_cropped/10_Metas/11/14/20191011142300_00160.png,276.3,11.5,267.3,24.9,963
10/11/2019 14:24,datasets/dataset_cropped/10_Metas/11/14/20191011142400_00160.jpg,datasets_flow/dataset_cropped/10_Metas/11/14/20191011142400_00160.jpg,datasets_cloudmask/dataset_cropped/10_Metas/11/14/20191011142400_00160.png,277.2,10.1,269.1,24.7,963
10/11/2019 14:25,datasets/dataset_cropped/10_Metas/11/14/20191011142500_00160.jpg,datasets_flow/dataset_cropped/10_Metas/11/14/20191011142500_00160.jpg,datasets_cloudmask/dataset_cropped/10_Metas/11/14/20191011142500_00160.png,277.2,6,271.7,24.6,963
10/11/2019 14:26,datasets/dataset_cropped/10_Metas/11/14/20191011142600_00160.jpg,datasets_flow/dataset_cropped/10_Metas/11/14/20191011142600_00160.jpg,datasets_cloudmask/dataset_cropped/10_Metas/11/14/20191011142600_00160.png,280.5,5,275.5,24.7,963
10/11/2019 14:27,datasets/dataset_cropped/10_Metas/11/14/20191011142700_00160.jpg,datasets_flow/dataset_cropped/10_Metas/11/14/20191011142700_00160.jpg,datasets_cloudmask/dataset_cropped/10_Metas/11/14/20191011142700_00160.png,285.2,3.7,281.3,24.8,963
10/11/2019 14:28,datasets/dataset_cropped/10_Metas/11/14/20191011142800_00160.jpg,datasets_flow/dataset_cropped/10_Metas/11/14/20191011142800_00160.jpg,datasets_cloudmask/dataset_cropped/10_Metas/11/14/20191011142800_00160.png,298,12.5,288.4,24.7,963
10/11/2019 14:29,datasets/dataset_cropped/10_Metas/11/14/20191011142900_00160.jpg,datasets_flow/dataset_cropped/10_Metas/11/14/20191011142900_00160.jpg,datasets_cloudmask/dataset_cropped/10_Metas/11/14/20191011142900_00160.png,318.6,30.7,297.1,24.6,963
10/11/2019 14:30,datasets/dataset_cropped/10_Metas/11/14/20191011143000_00160.jpg,datasets_flow/dataset_cropped/10_Metas/11/14/20191011143000_00160.jpg,datasets_cloudmask/dataset_cropped/10_Metas/11/14/20191011143000_00160.png,350.1,63.1,307.1,24.7,963
10/11/2019 14:31,datasets/dataset_cropped/10_Metas/11/14/20191011143100_00160.jpg,datasets_flow/dataset_cropped/10_Metas/11/14/20191011143100_00160.jpg,datasets_cloudmask/dataset_cropped/10_Metas/11/14/20191011143100_00160.png,375.2,85.1,317.8,24.9,963
10/11/2019 14:32,datasets/dataset_cropped/10_Metas/11/14/20191011143200_00160.jpg,datasets_flow/dataset_cropped/10_Metas/11/14/20191011143200_00160.jpg,datasets_cloudmask/dataset_cropped/10_Metas/11/14/20191011143200_00160.png,386.2,87.1,327.7,25,963
10/11/2019 14:33,datasets/dataset_cropped/10_Metas/11/14/20191011143300_00160.jpg,datasets_flow/dataset_cropped/10_Metas/11/14/20191011143300_00160.jpg,datasets_cloudmask/dataset_cropped/10_Metas/11/14/20191011143300_00160.png,399.9,94.8,336.6,25,963
10/11/2019 14:34,datasets/dataset_cropped/10_Metas/11/14/20191011143400_00160.jpg,datasets_flow/dataset_cropped/10_Metas/11/14/20191011143400_00160.jpg,datasets_cloudmask/dataset_cropped/10_Metas/11/14/20191011143400_00160.png,394.2,74.1,344.3,24.9,963
10/11/2019 14:35,datasets/dataset_cropped/10_Metas/11/14/20191011143500_00160.jpg,datasets_flow/dataset_cropped/10_Metas/11/14/20191011143500_00160.jpg,datasets_cloudmask/dataset_cropped/10_Metas/11/14/20191011143500_00160.png,406.4,82.3,351.5,24.6,963
10/11/2019 14:36,datasets/dataset_cropped/10_Metas/11/14/20191011143600_00160.jpg,datasets_flow/dataset_cropped/10_Metas/11/14/20191011143600_00160.jpg,datasets_cloudmask/dataset_cropped/10_Metas/11/14/20191011143600_00160.png,411.6,81.4,357.3,24.6,963
10/11/2019 14:37,datasets/dataset_cropped/10_Metas/11/14/20191011143700_00160.jpg,datasets_flow/dataset_cropped/10_Metas/11/14/20191011143700_00160.jpg,datasets_cloudmask/dataset_cropped/10_Metas/11/14/20191011143700_00160.png,416.5,81.5,362.2,24.6,963
10/11/2019 14:38,datasets/dataset_cropped/10_Metas/11/14/20191011143800_00160.jpg,datasets_flow/dataset_cropped/10_Metas/11/14/20191011143800_00160.jpg,datasets_cloudmask/dataset_cropped/10_Metas/11/14/20191011143800_00160.png,427.3,90.8,367.2,24.8,963
10/11/2019 14:39,datasets/dataset_cropped/10_Metas/11/14/20191011143900_00160.jpg,datasets_flow/dataset_cropped/10_Metas/11/14/20191011143900_00160.jpg,datasets_cloudmask/dataset_cropped/10_Metas/11/14/20191011143900_00160.png,448.1,115.2,372.8,24.8,963
10/11/2019 14:40,datasets/dataset_cropped/10_Metas/11/14/20191011144000_00160.jpg,datasets_flow/dataset_cropped/10_Metas/11/14/20191011144000_00160.jpg,datasets_cloudmask/dataset_cropped/10_Metas/11/14/20191011144000_00160.png,559.6,277.5,380.3,24.8,963
10/11/2019 14:41,datasets/dataset_cropped/10_Metas/11/14/20191011144100_00160.jpg,datasets_flow/dataset_cropped/10_Metas/11/14/20191011144100_00160.jpg,datasets_cloudmask/dataset_cropped/10_Metas/11/14/20191011144100_00160.png,672.2,442.1,387.7,24.7,963
10/11/2019 14:42,datasets/dataset_cropped/10_Metas/11/14/20191011144200_00160.jpg,datasets_flow/dataset_cropped/10_Metas/11/14/20191011144200_00160.jpg,datasets_cloudmask/dataset_cropped/10_Metas/11/14/20191011144200_00160.png,735.4,537.1,390.7,24.7,963
10/11/2019 14:43,datasets/dataset_cropped/10_Metas/11/14/20191011144300_00160.jpg,datasets_flow/dataset_cropped/10_Metas/11/14/20191011144300_00160.jpg,datasets_cloudmask/dataset_cropped/10_Metas/11/14/20191011144300_00160.png,731.2,534.2,389.2,25,963
10/11/2019 14:44,datasets/dataset_cropped/10_Metas/11/14/20191011144400_00160.jpg,datasets_flow/dataset_cropped/10_Metas/11/14/20191011144400_00160.jpg,datasets_cloudmask/dataset_cropped/10_Metas/11/14/20191011144400_00160.png,762.7,590,386.2,25,963
10/11/2019 14:45,datasets/dataset_cropped/10_Metas/11/14/20191011144500_00160.jpg,datasets_flow/dataset_cropped/10_Metas/11/14/20191011144500_00160.jpg,datasets_cloudmask/dataset_cropped/10_Metas/11/14/20191011144500_00160.png,769.4,611.3,380.1,25.1,963
10/11/2019 14:46,datasets/dataset_cropped/10_Metas/11/14/20191011144600_00160.jpg,datasets_flow/dataset_cropped/10_Metas/11/14/20191011144600_00160.jpg,datasets_cloudmask/dataset_cropped/10_Metas/11/14/20191011144600_00160.png,746.4,589.6,371.7,25.2,963
10/11/2019 14:47,datasets/dataset_cropped/10_Metas/11/14/20191011144700_00160.jpg,datasets_flow/dataset_cropped/10_Metas/11/14/20191011144700_00160.jpg,datasets_cloudmask/dataset_cropped/10_Metas/11/14/20191011144700_00160.png,756.6,621.5,362.9,25.2,963
10/11/2019 14:48,datasets/dataset_cropped/10_Metas/11/14/20191011144800_00160.jpg,datasets_flow/dataset_cropped/10_Metas/11/14/20191011144800_00160.jpg,datasets_cloudmask/dataset_cropped/10_Metas/11/14/20191011144800_00160.png,745.9,624.4,351.3,25.2,963
10/11/2019 14:49,datasets/dataset_cropped/10_Metas/11/14/20191011144900_00160.jpg,datasets_flow/dataset_cropped/10_Metas/11/14/20191011144900_00160.jpg,datasets_cloudmask/dataset_cropped/10_Metas/11/14/20191011144900_00160.png,741.5,637,340,25.6,963
10/11/2019 14:50,datasets/dataset_cropped/10_Metas/11/14/20191011145000_00160.jpg,datasets_flow/dataset_cropped/10_Metas/11/14/20191011145000_00160.jpg,datasets_cloudmask/dataset_cropped/10_Metas/11/14/20191011145000_00160.png,752.2,674.4,328.3,25.7,963
10/11/2019 14:51,datasets/dataset_cropped/10_Metas/11/14/20191011145100_00160.jpg,datasets_flow/dataset_cropped/10_Metas/11/14/20191011145100_00160.jpg,datasets_cloudmask/dataset_cropped/10_Metas/11/14/20191011145100_00160.png,748.7,689.7,316.3,25.7,963
10/11/2019 14:52,datasets/dataset_cropped/10_Metas/11/14/20191011145200_00160.jpg,datasets_flow/dataset_cropped/10_Metas/11/14/20191011145200_00160.jpg,datasets_cloudmask/dataset_cropped/10_Metas/11/14/20191011145200_00160.png,714.7,655.2,304.1,25.7,963
10/11/2019 14:53,datasets/dataset_cropped/10_Metas/11/14/20191011145300_00160.jpg,datasets_flow/dataset_cropped/10_Metas/11/14/20191011145300_00160.jpg,datasets_cloudmask/dataset_cropped/10_Metas/11/14/20191011145300_00160.png,706,658.3,294.2,25.7,963
10/11/2019 14:54,datasets/dataset_cropped/10_Metas/11/14/20191011145400_00160.jpg,datasets_flow/dataset_cropped/10_Metas/11/14/20191011145400_00160.jpg,datasets_cloudmask/dataset_cropped/10_Metas/11/14/20191011145400_00160.png,630.1,555.8,282.9,25.6,963
10/11/2019 14:55,datasets/dataset_cropped/10_Metas/11/14/20191011145500_00160.jpg,datasets_flow/dataset_cropped/10_Metas/11/14/20191011145500_00160.jpg,datasets_cloudmask/dataset_cropped/10_Metas/11/14/20191011145500_00160.png,582.1,494.3,273,25.8,963
10/11/2019 14:56,datasets/dataset_cropped/10_Metas/11/14/20191011145600_00160.jpg,datasets_flow/dataset_cropped/10_Metas/11/14/20191011145600_00160.jpg,datasets_cloudmask/dataset_cropped/10_Metas/11/14/20191011145600_00160.png,628.6,578.9,268.5,25.9,963
10/11/2019 14:57,datasets/dataset_cropped/10_Metas/11/14/20191011145700_00160.jpg,datasets_flow/dataset_cropped/10_Metas/11/14/20191011145700_00160.jpg,datasets_cloudmask/dataset_cropped/10_Metas/11/14/20191011145700_00160.png,622,580.8,262.3,25.8,963
10/11/2019 14:58,datasets/dataset_cropped/10_Metas/11/14/20191011145800_00160.jpg,datasets_flow/dataset_cropped/10_Metas/11/14/20191011145800_00160.jpg,datasets_cloudmask/dataset_cropped/10_Metas/11/14/20191011145800_00160.png,646.5,630.2,257.4,25.7,963
10/11/2019 14:59,datasets/dataset_cropped/10_Metas/11/14/20191011145900_00160.jpg,datasets_flow/dataset_cropped/10_Metas/11/14/20191011145900_00160.jpg,datasets_cloudmask/dataset_cropped/10_Metas/11/14/20191011145900_00160.png,670.6,677.9,253.6,25.8,963
10/11/2019 15:00,datasets/dataset_cropped/10_Metas/11/15/20191011150000_00160.jpg,datasets_flow/dataset_cropped/10_Metas/11/15/20191011150000_00160.jpg,datasets_cloudmask/dataset_cropped/10_Metas/11/15/20191011150000_00160.png,665,676.5,250.2,25.9,963
10/11/2019 15:01,datasets/dataset_cropped/10_Metas/11/15/20191011150100_00160.jpg,datasets_flow/dataset_cropped/10_Metas/11/15/20191011150100_00160.jpg,datasets_cloudmask/dataset_cropped/10_Metas/11/15/20191011150100_00160.png,655.1,665.3,247.7,25.7,963
10/11/2019 15:02,datasets/dataset_cropped/10_Metas/11/15/20191011150200_00160.jpg,datasets_flow/dataset_cropped/10_Metas/11/15/20191011150200_00160.jpg,datasets_cloudmask/dataset_cropped/10_Metas/11/15/20191011150200_00160.png,635.8,638.3,245.9,25.7,963
10/11/2019 15:03,datasets/dataset_cropped/10_Metas/11/15/20191011150300_00160.jpg,datasets_flow/dataset_cropped/10_Metas/11/15/20191011150300_00160.jpg,datasets_cloudmask/dataset_cropped/10_Metas/11/15/20191011150300_00160.png,615.1,608,244.8,25.8,963
10/11/2019 15:04,datasets/dataset_cropped/10_Metas/11/15/20191011150400_00160.jpg,datasets_flow/dataset_cropped/10_Metas/11/15/20191011150400_00160.jpg,datasets_cloudmask/dataset_cropped/10_Metas/11/15/20191011150400_00160.png,654.7,673.7,246.4,25.8,963
10/11/2019 15:05,datasets/dataset_cropped/10_Metas/11/15/20191011150500_00160.jpg,datasets_flow/dataset_cropped/10_Metas/11/15/20191011150500_00160.jpg,datasets_cloudmask/dataset_cropped/10_Metas/11/15/20191011150500_00160.png,666.6,694.4,247.3,25.7,963
10/11/2019 15:06,datasets/dataset_cropped/10_Metas/11/15/20191011150600_00160.jpg,datasets_flow/dataset_cropped/10_Metas/11/15/20191011150600_00160.jpg,datasets_cloudmask/dataset_cropped/10_Metas/11/15/20191011150600_00160.png,645.5,663.5,245.8,25.5,963
10/11/2019 15:07,datasets/dataset_cropped/10_Metas/11/15/20191011150700_00160.jpg,datasets_flow/dataset_cropped/10_Metas/11/15/20191011150700_00160.jpg,datasets_cloudmask/dataset_cropped/10_Metas/11/15/20191011150700_00160.png,651.9,677.3,245.1,25.4,963
10/11/2019 15:08,datasets/dataset_cropped/10_Metas/11/15/20191011150800_00160.jpg,datasets_flow/dataset_cropped/10_Metas/11/15/20191011150800_00160.jpg,datasets_cloudmask/dataset_cropped/10_Metas/11/15/20191011150800_00160.png,649.3,675.5,244.7,25.4,963
10/11/2019 15:09,datasets/dataset_cropped/10_Metas/11/15/20191011150900_00160.jpg,datasets_flow/dataset_cropped/10_Metas/11/15/20191011150900_00160.jpg,datasets_cloudmask/dataset_cropped/10_Metas/11/15/20191011150900_00160.png,634.7,651.6,245.4,25.7,963
10/11/2019 15:10,datasets/dataset_cropped/10_Metas/11/15/20191011151000_00160.jpg,datasets_flow/dataset_cropped/10_Metas/11/15/20191011151000_00160.jpg,datasets_cloudmask/dataset_cropped/10_Metas/11/15/20191011151000_00160.png,600.9,594.8,246.9,25.9,963
10/11/2019 15:11,datasets/dataset_cropped/10_Metas/11/15/20191011151100_00160.jpg,datasets_flow/dataset_cropped/10_Metas/11/15/20191011151100_00160.jpg,datasets_cloudmask/dataset_cropped/10_Metas/11/15/20191011151100_00160.png,498.8,423.5,246.7,25.9,963
10/11/2019 15:12,datasets/dataset_cropped/10_Metas/11/15/20191011151200_00160.jpg,datasets_flow/dataset_cropped/10_Metas/11/15/20191011151200_00160.jpg,datasets_cloudmask/dataset_cropped/10_Metas/11/15/20191011151200_00160.png,588.7,567.4,252.8,25.8,963
10/11/2019 15:13,datasets/dataset_cropped/10_Metas/11/15/20191011151300_00160.jpg,datasets_flow/dataset_cropped/10_Metas/11/15/20191011151300_00160.jpg,datasets_cloudmask/dataset_cropped/10_Metas/11/15/20191011151300_00160.png,572.7,539.6,254.3,25.7,963
10/11/2019 15:14,datasets/dataset_cropped/10_Metas/11/15/20191011151400_00160.jpg,datasets_flow/dataset_cropped/10_Metas/11/15/20191011151400_00160.jpg,datasets_cloudmask/dataset_cropped/10_Metas/11/15/20191011151400_00160.png,577.7,550.8,253.9,25.9,963
10/11/2019 15:15,datasets/dataset_cropped/10_Metas/11/15/20191011151500_00160.jpg,datasets_flow/dataset_cropped/10_Metas/11/15/20191011151500_00160.jpg,datasets_cloudmask/dataset_cropped/10_Metas/11/15/20191011151500_00160.png,553.1,513.8,251.8,25.8,963
10/11/2019 15:16,datasets/dataset_cropped/10_Metas/11/15/20191011151600_00160.jpg,datasets_flow/dataset_cropped/10_Metas/11/15/20191011151600_00160.jpg,datasets_cloudmask/dataset_cropped/10_Metas/11/15/20191011151600_00160.png,551.2,512.2,251.5,25.6,963
10/11/2019 15:17,datasets/dataset_cropped/10_Metas/11/15/20191011151700_00160.jpg,datasets_flow/dataset_cropped/10_Metas/11/15/20191011151700_00160.jpg,datasets_cloudmask/dataset_cropped/10_Metas/11/15/20191011151700_00160.png,465.7,365.8,251.6,25.5,963
10/11/2019 15:18,datasets/dataset_cropped/10_Metas/11/15/20191011151800_00160.jpg,datasets_flow/dataset_cropped/10_Metas/11/15/20191011151800_00160.jpg,datasets_cloudmask/dataset_cropped/10_Metas/11/15/20191011151800_00160.png,455,351,250.7,25.6,963
10/11/2019 15:19,datasets/dataset_cropped/10_Metas/11/15/20191011151900_00160.jpg,datasets_flow/dataset_cropped/10_Metas/11/15/20191011151900_00160.jpg,datasets_cloudmask/dataset_cropped/10_Metas/11/15/20191011151900_00160.png,437.4,323.4,249.5,25.8,963
10/11/2019 15:20,datasets/dataset_cropped/10_Metas/11/15/20191011152000_00160.jpg,datasets_flow/dataset_cropped/10_Metas/11/15/20191011152000_00160.jpg,datasets_cloudmask/dataset_cropped/10_Metas/11/15/20191011152000_00160.png,445.3,341.4,247.7,25.8,963
10/11/2019 15:21,datasets/dataset_cropped/10_Metas/11/15/20191011152100_00160.jpg,datasets_flow/dataset_cropped/10_Metas/11/15/20191011152100_00160.jpg,datasets_cloudmask/dataset_cropped/10_Metas/11/15/20191011152100_00160.png,504.7,446.6,248,25.7,963
10/11/2019 15:22,datasets/dataset_cropped/10_Metas/11/15/20191011152200_00160.jpg,datasets_flow/dataset_cropped/10_Metas/11/15/20191011152200_00160.jpg,datasets_cloudmask/dataset_cropped/10_Metas/11/15/20191011152200_00160.png,524.7,481.7,249.2,25.7,963
10/11/2019 15:23,datasets/dataset_cropped/10_Metas/11/15/20191011152300_00160.jpg,datasets_flow/dataset_cropped/10_Metas/11/15/20191011152300_00160.jpg,datasets_cloudmask/dataset_cropped/10_Metas/11/15/20191011152300_00160.png,486,415.8,248.2,25.3,963
10/11/2019 15:24,datasets/dataset_cropped/10_Metas/11/15/20191011152400_00160.jpg,datasets_flow/dataset_cropped/10_Metas/11/15/20191011152400_00160.jpg,datasets_cloudmask/dataset_cropped/10_Metas/11/15/20191011152400_00160.png,470.8,389.3,248.8,25.3,963
10/11/2019 15:25,datasets/dataset_cropped/10_Metas/11/15/20191011152500_00160.jpg,datasets_flow/dataset_cropped/10_Metas/11/15/20191011152500_00160.jpg,datasets_cloudmask/dataset_cropped/10_Metas/11/15/20191011152500_00160.png,487.9,422.9,248,25.4,963
10/11/2019 15:26,datasets/dataset_cropped/10_Metas/11/15/20191011152600_00160.jpg,datasets_flow/dataset_cropped/10_Metas/11/15/20191011152600_00160.jpg,datasets_cloudmask/dataset_cropped/10_Metas/11/15/20191011152600_00160.png,471.3,397.8,246,25.2,963
10/11/2019 15:27,datasets/dataset_cropped/10_Metas/11/15/20191011152700_00160.jpg,datasets_flow/dataset_cropped/10_Metas/11/15/20191011152700_00160.jpg,datasets_cloudmask/dataset_cropped/10_Metas/11/15/20191011152700_00160.png,505.4,462.3,245.2,25.1,963
10/11/2019 15:28,datasets/dataset_cropped/10_Metas/11/15/20191011152800_00160.jpg,datasets_flow/dataset_cropped/10_Metas/11/15/20191011152800_00160.jpg,datasets_cloudmask/dataset_cropped/10_Metas/11/15/20191011152800_00160.png,517.7,492.6,242,25.1,963
10/11/2019 15:29,datasets/dataset_cropped/10_Metas/11/15/20191011152900_00160.jpg,datasets_flow/dataset_cropped/10_Metas/11/15/20191011152900_00160.jpg,datasets_cloudmask/dataset_cropped/10_Metas/11/15/20191011152900_00160.png,520.6,509.8,236.7,25.5,963
10/11/2019 15:30,datasets/dataset_cropped/10_Metas/11/15/20191011153000_00160.jpg,datasets_flow/dataset_cropped/10_Metas/11/15/20191011153000_00160.jpg,datasets_cloudmask/dataset_cropped/10_Metas/11/15/20191011153000_00160.png,535.1,545.8,232.8,25.8,963
10/11/2019 15:31,datasets/dataset_cropped/10_Metas/11/15/20191011153100_00160.jpg,datasets_flow/dataset_cropped/10_Metas/11/15/20191011153100_00160.jpg,datasets_cloudmask/dataset_cropped/10_Metas/11/15/20191011153100_00160.png,505.3,502.4,228.7,25.7,963
10/11/2019 15:32,datasets/dataset_cropped/10_Metas/11/15/20191011153200_00160.jpg,datasets_flow/dataset_cropped/10_Metas/11/15/20191011153200_00160.jpg,datasets_cloudmask/dataset_cropped/10_Metas/11/15/20191011153200_00160.png,496.6,494.7,224.8,25.6,963
10/11/2019 15:33,datasets/dataset_cropped/10_Metas/11/15/20191011153300_00160.jpg,datasets_flow/dataset_cropped/10_Metas/11/15/20191011153300_00160.jpg,datasets_cloudmask/dataset_cropped/10_Metas/11/15/20191011153300_00160.png,495.9,500.4,222,25.8,963
10/11/2019 15:34,datasets/dataset_cropped/10_Metas/11/15/20191011153400_00160.jpg,datasets_flow/dataset_cropped/10_Metas/11/15/20191011153400_00160.jpg,datasets_cloudmask/dataset_cropped/10_Metas/11/15/20191011153400_00160.png,497.2,509.7,219.2,25.7,963
10/11/2019 15:35,datasets/dataset_cropped/10_Metas/11/15/20191011153500_00160.jpg,datasets_flow/dataset_cropped/10_Metas/11/15/20191011153500_00160.jpg,datasets_cloudmask/dataset_cropped/10_Metas/11/15/20191011153500_00160.png,494.5,510.9,216.9,25.5,963
10/11/2019 15:36,datasets/dataset_cropped/10_Metas/11/15/20191011153600_00160.jpg,datasets_flow/dataset_cropped/10_Metas/11/15/20191011153600_00160.jpg,datasets_cloudmask/dataset_cropped/10_Metas/11/15/20191011153600_00160.png,490.3,507.9,215.3,25.4,963
10/11/2019 15:37,datasets/dataset_cropped/10_Metas/11/15/20191011153700_00160.jpg,datasets_flow/dataset_cropped/10_Metas/11/15/20191011153700_00160.jpg,datasets_cloudmask/dataset_cropped/10_Metas/11/15/20191011153700_00160.png,487,505.4,214.6,25.4,963
10/11/2019 15:38,datasets/dataset_cropped/10_Metas/11/15/20191011153800_00160.jpg,datasets_flow/dataset_cropped/10_Metas/11/15/20191011153800_00160.jpg,datasets_cloudmask/dataset_cropped/10_Metas/11/15/20191011153800_00160.png,471.5,481,213.3,25.6,963
10/11/2019 15:39,datasets/dataset_cropped/10_Metas/11/15/20191011153900_00160.jpg,datasets_flow/dataset_cropped/10_Metas/11/15/20191011153900_00160.jpg,datasets_cloudmask/dataset_cropped/10_Metas/11/15/20191011153900_00160.png,450.8,447.8,211.4,25.3,963
10/11/2019 15:40,datasets/dataset_cropped/10_Metas/11/15/20191011154000_00160.jpg,datasets_flow/dataset_cropped/10_Metas/11/15/20191011154000_00160.jpg,datasets_cloudmask/dataset_cropped/10_Metas/11/15/20191011154000_00160.png,427.5,409.6,209.3,25.3,963
10/11/2019 15:41,datasets/dataset_cropped/10_Metas/11/15/20191011154100_00160.jpg,datasets_flow/dataset_cropped/10_Metas/11/15/20191011154100_00160.jpg,datasets_cloudmask/dataset_cropped/10_Metas/11/15/20191011154100_00160.png,453.5,462.1,208.8,25.6,963
10/11/2019 15:42,datasets/dataset_cropped/10_Metas/11/15/20191011154200_00160.jpg,datasets_flow/dataset_cropped/10_Metas/11/15/20191011154200_00160.jpg,datasets_cloudmask/dataset_cropped/10_Metas/11/15/20191011154200_00160.png,423.3,411.2,206.1,25.9,963
10/11/2019 15:43,datasets/dataset_cropped/10_Metas/11/15/20191011154300_00160.jpg,datasets_flow/dataset_cropped/10_Metas/11/15/20191011154300_00160.jpg,datasets_cloudmask/dataset_cropped/10_Metas/11/15/20191011154300_00160.png,418.3,408.5,203.5,26,963
10/11/2019 15:44,datasets/dataset_cropped/10_Metas/11/15/20191011154400_00160.jpg,datasets_flow/dataset_cropped/10_Metas/11/15/20191011154400_00160.jpg,datasets_cloudmask/dataset_cropped/10_Metas/11/15/20191011154400_00160.png,395.7,373.8,199.9,25.9,963
10/11/2019 15:45,datasets/dataset_cropped/10_Metas/11/15/20191011154500_00160.jpg,datasets_flow/dataset_cropped/10_Metas/11/15/20191011154500_00160.jpg,datasets_cloudmask/dataset_cropped/10_Metas/11/15/20191011154500_00160.png,388.8,368.9,196.6,25.9,962
10/11/2019 15:46,datasets/dataset_cropped/10_Metas/11/15/20191011154600_00160.jpg,datasets_flow/dataset_cropped/10_Metas/11/15/20191011154600_00160.jpg,datasets_cloudmask/dataset_cropped/10_Metas/11/15/20191011154600_00160.png,369.1,339.8,192.5,25.5,963
10/11/2019 15:47,datasets/dataset_cropped/10_Metas/11/15/20191011154700_00160.jpg,datasets_flow/dataset_cropped/10_Metas/11/15/20191011154700_00160.jpg,datasets_cloudmask/dataset_cropped/10_Metas/11/15/20191011154700_00160.png,386.3,380.8,189.2,25.5,963
10/11/2019 15:48,datasets/dataset_cropped/10_Metas/11/15/20191011154800_00160.jpg,datasets_flow/dataset_cropped/10_Metas/11/15/20191011154800_00160.jpg,datasets_cloudmask/dataset_cropped/10_Metas/11/15/20191011154800_00160.png,377.1,369.9,186.5,25.4,963
10/11/2019 15:49,datasets/dataset_cropped/10_Metas/11/15/20191011154900_00160.jpg,datasets_flow/dataset_cropped/10_Metas/11/15/20191011154900_00160.jpg,datasets_cloudmask/dataset_cropped/10_Metas/11/15/20191011154900_00160.png,414.3,446,185.9,25.5,962
10/11/2019 15:50,datasets/dataset_cropped/10_Metas/11/15/20191011155000_00160.jpg,datasets_flow/dataset_cropped/10_Metas/11/15/20191011155000_00160.jpg,datasets_cloudmask/dataset_cropped/10_Metas/11/15/20191011155000_00160.png,401.3,427.2,183.7,25.4,963
10/11/2019 15:51,datasets/dataset_cropped/10_Metas/11/15/20191011155100_00160.jpg,datasets_flow/dataset_cropped/10_Metas/11/15/20191011155100_00160.jpg,datasets_cloudmask/dataset_cropped/10_Metas/11/15/20191011155100_00160.png,393.5,418.7,181,25.2,963
10/11/2019 15:52,datasets/dataset_cropped/10_Metas/11/15/20191011155200_00160.jpg,datasets_flow/dataset_cropped/10_Metas/11/15/20191011155200_00160.jpg,datasets_cloudmask/dataset_cropped/10_Metas/11/15/20191011155200_00160.png,417.8,472.3,179.4,25.3,962
10/11/2019 15:53,datasets/dataset_cropped/10_Metas/11/15/20191011155300_00160.jpg,datasets_flow/dataset_cropped/10_Metas/11/15/20191011155300_00160.jpg,datasets_cloudmask/dataset_cropped/10_Metas/11/15/20191011155300_00160.png,452.7,542.9,180.3,25.3,962
10/11/2019 15:54,datasets/dataset_cropped/10_Metas/11/15/20191011155400_00160.jpg,datasets_flow/dataset_cropped/10_Metas/11/15/20191011155400_00160.jpg,datasets_cloudmask/dataset_cropped/10_Metas/11/15/20191011155400_00160.png,458.8,561.1,179.3,25.3,963
10/11/2019 15:55,datasets/dataset_cropped/10_Metas/11/15/20191011155500_00160.jpg,datasets_flow/dataset_cropped/10_Metas/11/15/20191011155500_00160.jpg,datasets_cloudmask/dataset_cropped/10_Metas/11/15/20191011155500_00160.png,465.7,581,177.8,25.4,962
10/11/2019 15:56,datasets/dataset_cropped/10_Metas/11/15/20191011155600_00160.jpg,datasets_flow/dataset_cropped/10_Metas/11/15/20191011155600_00160.jpg,datasets_cloudmask/dataset_cropped/10_Metas/11/15/20191011155600_00160.png,464.1,583.7,176.3,25.6,963
10/11/2019 15:57,datasets/dataset_cropped/10_Metas/11/15/20191011155700_00160.jpg,datasets_flow/dataset_cropped/10_Metas/11/15/20191011155700_00160.jpg,datasets_cloudmask/dataset_cropped/10_Metas/11/15/20191011155700_00160.png,459.2,579.6,174.6,25.7,963
10/11/2019 15:58,datasets/dataset_cropped/10_Metas/11/15/20191011155800_00160.jpg,datasets_flow/dataset_cropped/10_Metas/11/15/20191011155800_00160.jpg,datasets_cloudmask/dataset_cropped/10_Metas/11/15/20191011155800_00160.png,441.4,549.6,172.6,25.6,963
10/11/2019 15:59,datasets/dataset_cropped/10_Metas/11/15/20191011155900_00160.jpg,datasets_flow/dataset_cropped/10_Metas/11/15/20191011155900_00160.jpg,datasets_cloudmask/dataset_cropped/10_Metas/11/15/20191011155900_00160.png,431,534.8,170.4,25.5,963
10/11/2019 16:00,datasets/dataset_cropped/10_Metas/11/16/20191011160000_00160.jpg,datasets_flow/dataset_cropped/10_Metas/11/16/20191011160000_00160.jpg,datasets_cloudmask/dataset_cropped/10_Metas/11/16/20191011160000_00160.png,417.7,514.8,168,25.3,963
10/11/2019 16:01,datasets/dataset_cropped/10_Metas/11/16/20191011160100_00160.jpg,datasets_flow/dataset_cropped/10_Metas/11/16/20191011160100_00160.jpg,datasets_cloudmask/dataset_cropped/10_Metas/11/16/20191011160100_00160.png,423.2,531.4,166.7,25.2,963
10/11/2019 16:02,datasets/dataset_cropped/10_Metas/11/16/20191011160200_00160.jpg,datasets_flow/dataset_cropped/10_Metas/11/16/20191011160200_00160.jpg,datasets_cloudmask/dataset_cropped/10_Metas/11/16/20191011160200_00160.png,385.7,461.3,164,25.2,963
10/11/2019 16:03,datasets/dataset_cropped/10_Metas/11/16/20191011160300_00160.jpg,datasets_flow/dataset_cropped/10_Metas/11/16/20191011160300_00160.jpg,datasets_cloudmask/dataset_cropped/10_Metas/11/16/20191011160300_00160.png,342.3,378.2,160.9,25.3,963
10/11/2019 16:04,datasets/dataset_cropped/10_Metas/11/16/20191011160400_00160.jpg,datasets_flow/dataset_cropped/10_Metas/11/16/20191011160400_00160.jpg,datasets_cloudmask/dataset_cropped/10_Metas/11/16/20191011160400_00160.png,375.1,452.6,160,25.3,962
10/11/2019 16:05,datasets/dataset_cropped/10_Metas/11/16/20191011160500_00160.jpg,datasets_flow/dataset_cropped/10_Metas/11/16/20191011160500_00160.jpg,datasets_cloudmask/dataset_cropped/10_Metas/11/16/20191011160500_00160.png,417,544.7,159.8,25.4,962
10/11/2019 16:06,datasets/dataset_cropped/10_Metas/11/16/20191011160600_00160.jpg,datasets_flow/dataset_cropped/10_Metas/11/16/20191011160600_00160.jpg,datasets_cloudmask/dataset_cropped/10_Metas/11/16/20191011160600_00160.png,435.6,589,159.2,25.6,963
10/11/2019 16:07,datasets/dataset_cropped/10_Metas/11/16/20191011160700_00160.jpg,datasets_flow/dataset_cropped/10_Metas/11/16/20191011160700_00160.jpg,datasets_cloudmask/dataset_cropped/10_Metas/11/16/20191011160700_00160.png,417.7,559.6,157,25.4,963
10/11/2019 16:08,datasets/dataset_cropped/10_Metas/11/16/20191011160800_00160.jpg,datasets_flow/dataset_cropped/10_Metas/11/16/20191011160800_00160.jpg,datasets_cloudmask/dataset_cropped/10_Metas/11/16/20191011160800_00160.png,411.3,550.6,156.4,25.4,962
10/11/2019 16:09,datasets/dataset_cropped/10_Metas/11/16/20191011160900_00160.jpg,datasets_flow/dataset_cropped/10_Metas/11/16/20191011160900_00160.jpg,datasets_cloudmask/dataset_cropped/10_Metas/11/16/20191011160900_00160.png,446.3,628.4,157,25.4,962
10/11/2019 16:10,datasets/dataset_cropped/10_Metas/11/16/20191011161000_00160.jpg,datasets_flow/dataset_cropped/10_Metas/11/16/20191011161000_00160.jpg,datasets_cloudmask/dataset_cropped/10_Metas/11/16/20191011161000_00160.png,469.9,684.5,157.1,25.3,963
10/11/2019 16:11,datasets/dataset_cropped/10_Metas/11/16/20191011161100_00160.jpg,datasets_flow/dataset_cropped/10_Metas/11/16/20191011161100_00160.jpg,datasets_cloudmask/dataset_cropped/10_Metas/11/16/20191011161100_00160.png,471.1,692.8,156.4,25.4,962
10/11/2019 16:12,datasets/dataset_cropped/10_Metas/11/16/20191011161200_00160.jpg,datasets_flow/dataset_cropped/10_Metas/11/16/20191011161200_00160.jpg,datasets_cloudmask/dataset_cropped/10_Metas/11/16/20191011161200_00160.png,466.1,688.4,155.1,25.4,963
10/11/2019 16:13,datasets/dataset_cropped/10_Metas/11/16/20191011161300_00160.jpg,datasets_flow/dataset_cropped/10_Metas/11/16/20191011161300_00160.jpg,datasets_cloudmask/dataset_cropped/10_Metas/11/16/20191011161300_00160.png,454.8,671.3,153.4,25.4,962
10/11/2019 16:14,datasets/dataset_cropped/10_Metas/11/16/20191011161400_00160.jpg,datasets_flow/dataset_cropped/10_Metas/11/16/20191011161400_00160.jpg,datasets_cloudmask/dataset_cropped/10_Metas/11/16/20191011161400_00160.png,453.6,677.1,151.2,25.6,962
10/11/2019 16:15,datasets/dataset_cropped/10_Metas/11/16/20191011161500_00160.jpg,datasets_flow/dataset_cropped/10_Metas/11/16/20191011161500_00160.jpg,datasets_cloudmask/dataset_cropped/10_Metas/11/16/20191011161500_00160.png,456.1,690.1,149.5,25.7,962
10/11/2019 16:16,datasets/dataset_cropped/10_Metas/11/16/20191011161600_00160.jpg,datasets_flow/dataset_cropped/10_Metas/11/16/20191011161600_00160.jpg,datasets_cloudmask/dataset_cropped/10_Metas/11/16/20191011161600_00160.png,458.2,703.4,147.5,25.5,962
10/11/2019 16:17,datasets/dataset_cropped/10_Metas/11/16/20191011161700_00160.jpg,datasets_flow/dataset_cropped/10_Metas/11/16/20191011161700_00160.jpg,datasets_cloudmask/dataset_cropped/10_Metas/11/16/20191011161700_00160.png,455.6,705.3,145.9,25.6,962
10/11/2019 16:18,datasets/dataset_cropped/10_Metas/11/16/20191011161800_00160.jpg,datasets_flow/dataset_cropped/10_Metas/11/16/20191011161800_00160.jpg,datasets_cloudmask/dataset_cropped/10_Metas/11/16/20191011161800_00160.png,454,710.9,143.9,25.5,962
10/11/2019 16:19,datasets/dataset_cropped/10_Metas/11/16/20191011161900_00160.jpg,datasets_flow/dataset_cropped/10_Metas/11/16/20191011161900_00160.jpg,datasets_cloudmask/dataset_cropped/10_Metas/11/16/20191011161900_00160.png,456.7,726.3,141.8,25.3,962
10/11/2019 16:20,datasets/dataset_cropped/10_Metas/11/16/20191011162000_00160.jpg,datasets_flow/dataset_cropped/10_Metas/11/16/20191011162000_00160.jpg,datasets_cloudmask/dataset_cropped/10_Metas/11/16/20191011162000_00160.png,454.4,729.8,139.7,25.3,962
10/11/2019 16:21,datasets/dataset_cropped/10_Metas/11/16/20191011162100_00160.jpg,datasets_flow/dataset_cropped/10_Metas/11/16/20191011162100_00160.jpg,datasets_cloudmask/dataset_cropped/10_Metas/11/16/20191011162100_00160.png,450.7,730,137.8,25.2,962
10/11/2019 16:22,datasets/dataset_cropped/10_Metas/11/16/20191011162200_00160.jpg,datasets_flow/dataset_cropped/10_Metas/11/16/20191011162200_00160.jpg,datasets_cloudmask/dataset_cropped/10_Metas/11/16/20191011162200_00160.png,440.2,715.2,135.7,25.2,962
10/11/2019 16:23,datasets/dataset_cropped/10_Metas/11/16/20191011162300_00160.jpg,datasets_flow/dataset_cropped/10_Metas/11/16/20191011162300_00160.jpg,datasets_cloudmask/dataset_cropped/10_Metas/11/16/20191011162300_00160.png,432.3,705.8,133.7,25.4,962
10/11/2019 16:24,datasets/dataset_cropped/10_Metas/11/16/20191011162400_00160.jpg,datasets_flow/dataset_cropped/10_Metas/11/16/20191011162400_00160.jpg,datasets_cloudmask/dataset_cropped/10_Metas/11/16/20191011162400_00160.png,443.2,737,133.3,25.4,962
10/11/2019 16:25,datasets/dataset_cropped/10_Metas/11/16/20191011162500_00160.jpg,datasets_flow/dataset_cropped/10_Metas/11/16/20191011162500_00160.jpg,datasets_cloudmask/dataset_cropped/10_Metas/11/16/20191011162500_00160.png,439.1,734.2,132.9,25.3,962
10/11/2019 16:26,datasets/dataset_cropped/10_Metas/11/16/20191011162600_00160.jpg,datasets_flow/dataset_cropped/10_Metas/11/16/20191011162600_00160.jpg,datasets_cloudmask/dataset_cropped/10_Metas/11/16/20191011162600_00160.png,426.8,714.2,130.9,25.4,962
10/11/2019 16:27,datasets/dataset_cropped/10_Metas/11/16/20191011162700_00160.jpg,datasets_flow/dataset_cropped/10_Metas/11/16/20191011162700_00160.jpg,datasets_cloudmask/dataset_cropped/10_Metas/11/16/20191011162700_00160.png,409.8,682,129,25.2,962
10/11/2019 16:28,datasets/dataset_cropped/10_Metas/11/16/20191011162800_00160.jpg,datasets_flow/dataset_cropped/10_Metas/11/16/20191011162800_00160.jpg,datasets_cloudmask/dataset_cropped/10_Metas/11/16/20191011162800_00160.png,395.1,654.4,127.3,25.3,962
10/11/2019 16:29,datasets/dataset_cropped/10_Metas/11/16/20191011162900_00160.jpg,datasets_flow/dataset_cropped/10_Metas/11/16/20191011162900_00160.jpg,datasets_cloudmask/dataset_cropped/10_Metas/11/16/20191011162900_00160.png,376.1,617.1,124.8,25.1,962
10/11/2019 16:30,datasets/dataset_cropped/10_Metas/11/16/20191011163000_00160.jpg,datasets_flow/dataset_cropped/10_Metas/11/16/20191011163000_00160.jpg,datasets_cloudmask/dataset_cropped/10_Metas/11/16/20191011163000_00160.png,377.5,627.1,123.5,25.2,962
10/11/2019 16:31,datasets/dataset_cropped/10_Metas/11/16/20191011163100_00160.jpg,datasets_flow/dataset_cropped/10_Metas/11/16/20191011163100_00160.jpg,datasets_cloudmask/dataset_cropped/10_Metas/11/16/20191011163100_00160.png,390.5,665.5,123,25.2,962
10/11/2019 16:32,datasets/dataset_cropped/10_Metas/11/16/20191011163200_00160.jpg,datasets_flow/dataset_cropped/10_Metas/11/16/20191011163200_00160.jpg,datasets_cloudmask/dataset_cropped/10_Metas/11/16/20191011163200_00160.png,384.2,656.3,122.3,25.2,962
10/11/2019 16:33,datasets/dataset_cropped/10_Metas/11/16/20191011163300_00160.jpg,datasets_flow/dataset_cropped/10_Metas/11/16/20191011163300_00160.jpg,datasets_cloudmask/dataset_cropped/10_Metas/11/16/20191011163300_00160.png,382.8,659.3,121.7,25.2,962
10/11/2019 16:34,datasets/dataset_cropped/10_Metas/11/16/20191011163400_00160.jpg,datasets_flow/dataset_cropped/10_Metas/11/16/20191011163400_00160.jpg,datasets_cloudmask/dataset_cropped/10_Metas/11/16/20191011163400_00160.png,387.3,676.1,121.5,25.2,962
10/11/2019 16:35,datasets/dataset_cropped/10_Metas/11/16/20191011163500_00160.jpg,datasets_flow/dataset_cropped/10_Metas/11/16/20191011163500_00160.jpg,datasets_cloudmask/dataset_cropped/10_Metas/11/16/20191011163500_00160.png,398.4,706.5,123,25.2,962
10/11/2019 16:36,datasets/dataset_cropped/10_Metas/11/16/20191011163600_00160.jpg,datasets_flow/dataset_cropped/10_Metas/11/16/20191011163600_00160.jpg,datasets_cloudmask/dataset_cropped/10_Metas/11/16/20191011163600_00160.png,400.4,711,125.2,25.2,962
10/11/2019 16:37,datasets/dataset_cropped/10_Metas/11/16/20191011163700_00160.jpg,datasets_flow/dataset_cropped/10_Metas/11/16/20191011163700_00160.jpg,datasets_cloudmask/dataset_cropped/10_Metas/11/16/20191011163700_00160.png,400,707.4,128.4,25.1,962
10/11/2019 16:38,datasets/dataset_cropped/10_Metas/11/16/20191011163800_00160.jpg,datasets_flow/dataset_cropped/10_Metas/11/16/20191011163800_00160.jpg,datasets_cloudmask/dataset_cropped/10_Metas/11/16/20191011163800_00160.png,404.2,712.5,133,25.2,962
10/11/2019 16:39,datasets/dataset_cropped/10_Metas/11/16/20191011163900_00160.jpg,datasets_flow/dataset_cropped/10_Metas/11/16/20191011163900_00160.jpg,datasets_cloudmask/dataset_cropped/10_Metas/11/16/20191011163900_00160.png,394.6,687.9,134.9,25.2,962
10/11/2019 16:40,datasets/dataset_cropped/10_Metas/11/16/20191011164000_00160.jpg,datasets_flow/dataset_cropped/10_Metas/11/16/20191011164000_00160.jpg,datasets_cloudmask/dataset_cropped/10_Metas/11/16/20191011164000_00160.png,173.3,125,126,25.3,962
10/11/2019 16:41,datasets/dataset_cropped/10_Metas/11/16/20191011164100_00160.jpg,datasets_flow/dataset_cropped/10_Metas/11/16/20191011164100_00160.jpg,datasets_cloudmask/dataset_cropped/10_Metas/11/16/20191011164100_00160.png,123.8,13.8,118,25.1,962
10/11/2019 16:42,datasets/dataset_cropped/10_Metas/11/16/20191011164200_00160.jpg,datasets_flow/dataset_cropped/10_Metas/11/16/20191011164200_00160.jpg,datasets_cloudmask/dataset_cropped/10_Metas/11/16/20191011164200_00160.png,117.6,5.7,114.9,24.8,962
10/11/2019 16:43,datasets/dataset_cropped/10_Metas/11/16/20191011164300_00160.jpg,datasets_flow/dataset_cropped/10_Metas/11/16/20191011164300_00160.jpg,datasets_cloudmask/dataset_cropped/10_Metas/11/16/20191011164300_00160.png,113,1.1,112.1,24.6,962
10/11/2019 16:44,datasets/dataset_cropped/10_Metas/11/16/20191011164400_00160.jpg,datasets_flow/dataset_cropped/10_Metas/11/16/20191011164400_00160.jpg,datasets_cloudmask/dataset_cropped/10_Metas/11/16/20191011164400_00160.png,108.6,0,108.3,24.5,962
10/11/2019 16:45,datasets/dataset_cropped/10_Metas/11/16/20191011164500_00160.jpg,datasets_flow/dataset_cropped/10_Metas/11/16/20191011164500_00160.jpg,datasets_cloudmask/dataset_cropped/10_Metas/11/16/20191011164500_00160.png,104.4,0,104.4,24.3,962
10/11/2019 16:46,datasets/dataset_cropped/10_Metas/11/16/20191011164600_00160.jpg,datasets_flow/dataset_cropped/10_Metas/11/16/20191011164600_00160.jpg,datasets_cloudmask/dataset_cropped/10_Metas/11/16/20191011164600_00160.png,100.8,0,100.8,24.2,962
10/11/2019 16:47,datasets/dataset_cropped/10_Metas/11/16/20191011164700_00160.jpg,datasets_flow/dataset_cropped/10_Metas/11/16/20191011164700_00160.jpg,datasets_cloudmask/dataset_cropped/10_Metas/11/16/20191011164700_00160.png,97.7,0,97.8,24.2,962
10/11/2019 16:48,datasets/dataset_cropped/10_Metas/11/16/20191011164800_00160.jpg,datasets_flow/dataset_cropped/10_Metas/11/16/20191011164800_00160.jpg,datasets_cloudmask/dataset_cropped/10_Metas/11/16/20191011164800_00160.png,95.5,0,95.7,24.2,962
10/11/2019 16:49,datasets/dataset_cropped/10_Metas/11/16/20191011164900_00160.jpg,datasets_flow/dataset_cropped/10_Metas/11/16/20191011164900_00160.jpg,datasets_cloudmask/dataset_cropped/10_Metas/11/16/20191011164900_00160.png,94,0,94.2,24.2,962
10/11/2019 16:50,datasets/dataset_cropped/10_Metas/11/16/20191011165000_00160.jpg,datasets_flow/dataset_cropped/10_Metas/11/16/20191011165000_00160.jpg,datasets_cloudmask/dataset_cropped/10_Metas/11/16/20191011165000_00160.png,93.4,0,93.7,24.1,962
10/11/2019 16:51,datasets/dataset_cropped/10_Metas/11/16/20191011165100_00160.jpg,datasets_flow/dataset_cropped/10_Metas/11/16/20191011165100_00160.jpg,datasets_cloudmask/dataset_cropped/10_Metas/11/16/20191011165100_00160.png,93.9,0,94.1,24.1,962
10/11/2019 16:52,datasets/dataset_cropped/10_Metas/11/16/20191011165200_00160.jpg,datasets_flow/dataset_cropped/10_Metas/11/16/20191011165200_00160.jpg,datasets_cloudmask/dataset_cropped/10_Metas/11/16/20191011165200_00160.png,95.2,0,95.4,24,962
10/11/2019 16:53,datasets/dataset_cropped/10_Metas/11/16/20191011165300_00160.jpg,datasets_flow/dataset_cropped/10_Metas/11/16/20191011165300_00160.jpg,datasets_cloudmask/dataset_cropped/10_Metas/11/16/20191011165300_00160.png,96.9,0,97.1,24,962
10/11/2019 16:54,datasets/dataset_cropped/10_Metas/11/16/20191011165400_00160.jpg,datasets_flow/dataset_cropped/10_Metas/11/16/20191011165400_00160.jpg,datasets_cloudmask/dataset_cropped/10_Metas/11/16/20191011165400_00160.png,98.7,0,98.9,24,962
10/11/2019 16:55,datasets/dataset_cropped/10_Metas/11/16/20191011165500_00160.jpg,datasets_flow/dataset_cropped/10_Metas/11/16/20191011165500_00160.jpg,datasets_cloudmask/dataset_cropped/10_Metas/11/16/20191011165500_00160.png,100.2,0,100.5,24,962
10/11/2019 16:56,datasets/dataset_cropped/10_Metas/11/16/20191011165600_00160.jpg,datasets_flow/dataset_cropped/10_Metas/11/16/20191011165600_00160.jpg,datasets_cloudmask/dataset_cropped/10_Metas/11/16/20191011165600_00160.png,101.3,0,101.5,24,962
10/11/2019 16:57,datasets/dataset_cropped/10_Metas/11/16/20191011165700_00160.jpg,datasets_flow/dataset_cropped/10_Metas/11/16/20191011165700_00160.jpg,datasets_cloudmask/dataset_cropped/10_Metas/11/16/20191011165700_00160.png,101.8,0,102.1,23.9,962
10/11/2019 16:58,datasets/dataset_cropped/10_Metas/11/16/20191011165800_00160.jpg,datasets_flow/dataset_cropped/10_Metas/11/16/20191011165800_00160.jpg,datasets_cloudmask/dataset_cropped/10_Metas/11/16/20191011165800_00160.png,102.1,0,102.4,23.9,962
10/11/2019 16:59,datasets/dataset_cropped/10_Metas/11/16/20191011165900_00160.jpg,datasets_flow/dataset_cropped/10_Metas/11/16/20191011165900_00160.jpg,datasets_cloudmask/dataset_cropped/10_Metas/11/16/20191011165900_00160.png,101.8,0,102.1,23.8,962
10/11/2019 17:00,datasets/dataset_cropped/10_Metas/11/17/20191011170000_00160.jpg,datasets_flow/dataset_cropped/10_Metas/11/17/20191011170000_00160.jpg,datasets_cloudmask/dataset_cropped/10_Metas/11/17/20191011170000_00160.png,100.6,0,100.9,23.7,962
10/11/2019 17:01,datasets/dataset_cropped/10_Metas/11/17/20191011170100_00160.jpg,datasets_flow/dataset_cropped/10_Metas/11/17/20191011170100_00160.jpg,datasets_cloudmask/dataset_cropped/10_Metas/11/17/20191011170100_00160.png,98.7,0,99,23.6,962
10/11/2019 17:02,datasets/dataset_cropped/10_Metas/11/17/20191011170200_00160.jpg,datasets_flow/dataset_cropped/10_Metas/11/17/20191011170200_00160.jpg,datasets_cloudmask/dataset_cropped/10_Metas/11/17/20191011170200_00160.png,96.7,0,97,23.6,962
10/11/2019 17:03,datasets/dataset_cropped/10_Metas/11/17/20191011170300_00160.jpg,datasets_flow/dataset_cropped/10_Metas/11/17/20191011170300_00160.jpg,datasets_cloudmask/dataset_cropped/10_Metas/11/17/20191011170300_00160.png,95.1,0,95.5,23.6,962
10/11/2019 17:04,datasets/dataset_cropped/10_Metas/11/17/20191011170400_00160.jpg,datasets_flow/dataset_cropped/10_Metas/11/17/20191011170400_00160.jpg,datasets_cloudmask/dataset_cropped/10_Metas/11/17/20191011170400_00160.png,93.8,0,94.2,23.5,962
10/11/2019 17:05,datasets/dataset_cropped/10_Metas/11/17/20191011170500_00160.jpg,datasets_flow/dataset_cropped/10_Metas/11/17/20191011170500_00160.jpg,datasets_cloudmask/dataset_cropped/10_Metas/11/17/20191011170500_00160.png,93.1,0,93.4,23.5,962
10/11/2019 17:06,datasets/dataset_cropped/10_Metas/11/17/20191011170600_00160.jpg,datasets_flow/dataset_cropped/10_Metas/11/17/20191011170600_00160.jpg,datasets_cloudmask/dataset_cropped/10_Metas/11/17/20191011170600_00160.png,92.7,0,93,23.5,962
10/11/2019 17:07,datasets/dataset_cropped/10_Metas/11/17/20191011170700_00160.jpg,datasets_flow/dataset_cropped/10_Metas/11/17/20191011170700_00160.jpg,datasets_cloudmask/dataset_cropped/10_Metas/11/17/20191011170700_00160.png,92.6,0,92.9,23.5,962
10/11/2019 17:08,datasets/dataset_cropped/10_Metas/11/17/20191011170800_00160.jpg,datasets_flow/dataset_cropped/10_Metas/11/17/20191011170800_00160.jpg,datasets_cloudmask/dataset_cropped/10_Metas/11/17/20191011170800_00160.png,92.6,0,92.9,23.4,962
10/11/2019 17:09,datasets/dataset_cropped/10_Metas/11/17/20191011170900_00160.jpg,datasets_flow/dataset_cropped/10_Metas/11/17/20191011170900_00160.jpg,datasets_cloudmask/dataset_cropped/10_Metas/11/17/20191011170900_00160.png,92.6,0,92.9,23.4,962
10/11/2019 17:10,datasets/dataset_cropped/10_Metas/11/17/20191011171000_00160.jpg,datasets_flow/dataset_cropped/10_Metas/11/17/20191011171000_00160.jpg,datasets_cloudmask/dataset_cropped/10_Metas/11/17/20191011171000_00160.png,92.7,0,93,23.4,962
10/11/2019 17:11,datasets/dataset_cropped/10_Metas/11/17/20191011171100_00160.jpg,datasets_flow/dataset_cropped/10_Metas/11/17/20191011171100_00160.jpg,datasets_cloudmask/dataset_cropped/10_Metas/11/17/20191011171100_00160.png,92.5,0,92.8,23.4,962
10/11/2019 17:12,datasets/dataset_cropped/10_Metas/11/17/20191011171200_00160.jpg,datasets_flow/dataset_cropped/10_Metas/11/17/20191011171200_00160.jpg,datasets_cloudmask/dataset_cropped/10_Metas/11/17/20191011171200_00160.png,92,0,92.3,23.3,962
10/11/2019 17:13,datasets/dataset_cropped/10_Metas/11/17/20191011171300_00160.jpg,datasets_flow/dataset_cropped/10_Metas/11/17/20191011171300_00160.jpg,datasets_cloudmask/dataset_cropped/10_Metas/11/17/20191011171300_00160.png,91.3,0,91.6,23.2,962
10/11/2019 17:14,datasets/dataset_cropped/10_Metas/11/17/20191011171400_00160.jpg,datasets_flow/dataset_cropped/10_Metas/11/17/20191011171400_00160.jpg,datasets_cloudmask/dataset_cropped/10_Metas/11/17/20191011171400_00160.png,90.4,0,90.7,23.2,962
10/11/2019 17:15,datasets/dataset_cropped/10_Metas/11/17/20191011171500_00160.jpg,datasets_flow/dataset_cropped/10_Metas/11/17/20191011171500_00160.jpg,datasets_cloudmask/dataset_cropped/10_Metas/11/17/20191011171500_00160.png,89.2,0,89.5,23.2,962
10/11/2019 17:16,datasets/dataset_cropped/10_Metas/11/17/20191011171600_00160.jpg,datasets_flow/dataset_cropped/10_Metas/11/17/20191011171600_00160.jpg,datasets_cloudmask/dataset_cropped/10_Metas/11/17/20191011171600_00160.png,88,0,88.2,23.1,962
10/11/2019 17:17,datasets/dataset_cropped/10_Metas/11/17/20191011171700_00160.jpg,datasets_flow/dataset_cropped/10_Metas/11/17/20191011171700_00160.jpg,datasets_cloudmask/dataset_cropped/10_Metas/11/17/20191011171700_00160.png,87,0,87.2,23.1,962
10/11/2019 17:18,datasets/dataset_cropped/10_Metas/11/17/20191011171800_00160.jpg,datasets_flow/dataset_cropped/10_Metas/11/17/20191011171800_00160.jpg,datasets_cloudmask/dataset_cropped/10_Metas/11/17/20191011171800_00160.png,85.9,0,86.1,23.1,962
10/11/2019 17:19,datasets/dataset_cropped/10_Metas/11/17/20191011171900_00160.jpg,datasets_flow/dataset_cropped/10_Metas/11/17/20191011171900_00160.jpg,datasets_cloudmask/dataset_cropped/10_Metas/11/17/20191011171900_00160.png,84.6,0,84.8,23,962
10/11/2019 17:20,datasets/dataset_cropped/10_Metas/11/17/20191011172000_00160.jpg,datasets_flow/dataset_cropped/10_Metas/11/17/20191011172000_00160.jpg,datasets_cloudmask/dataset_cropped/10_Metas/11/17/20191011172000_00160.png,83.1,0,83.3,22.9,962
10/11/2019 17:21,datasets/dataset_cropped/10_Metas/11/17/20191011172100_00160.jpg,datasets_flow/dataset_cropped/10_Metas/11/17/20191011172100_00160.jpg,datasets_cloudmask/dataset_cropped/10_Metas/11/17/20191011172100_00160.png,81.3,0,81.5,22.9,962
10/11/2019 17:22,datasets/dataset_cropped/10_Metas/11/17/20191011172200_00160.jpg,datasets_flow/dataset_cropped/10_Metas/11/17/20191011172200_00160.jpg,datasets_cloudmask/dataset_cropped/10_Metas/11/17/20191011172200_00160.png,79.4,0,79.6,22.9,963
10/11/2019 17:23,datasets/dataset_cropped/10_Metas/11/17/20191011172300_00160.jpg,datasets_flow/dataset_cropped/10_Metas/11/17/20191011172300_00160.jpg,datasets_cloudmask/dataset_cropped/10_Metas/11/17/20191011172300_00160.png,77.5,0,77.7,22.9,962
10/11/2019 17:24,datasets/dataset_cropped/10_Metas/11/17/20191011172400_00160.jpg,datasets_flow/dataset_cropped/10_Metas/11/17/20191011172400_00160.jpg,datasets_cloudmask/dataset_cropped/10_Metas/11/17/20191011172400_00160.png,75.6,0,75.8,22.9,962
10/11/2019 17:25,datasets/dataset_cropped/10_Metas/11/17/20191011172500_00160.jpg,datasets_flow/dataset_cropped/10_Metas/11/17/20191011172500_00160.jpg,datasets_cloudmask/dataset_cropped/10_Metas/11/17/20191011172500_00160.png,73.9,0,74.2,22.8,962
10/11/2019 17:26,datasets/dataset_cropped/10_Metas/11/17/20191011172600_00160.jpg,datasets_flow/dataset_cropped/10_Metas/11/17/20191011172600_00160.jpg,datasets_cloudmask/dataset_cropped/10_Metas/11/17/20191011172600_00160.png,72.4,0,72.6,22.9,962
10/11/2019 17:27,datasets/dataset_cropped/10_Metas/11/17/20191011172700_00160.jpg,datasets_flow/dataset_cropped/10_Metas/11/17/20191011172700_00160.jpg,datasets_cloudmask/dataset_cropped/10_Metas/11/17/20191011172700_00160.png,71,0,71.2,22.8,962
10/11/2019 17:28,datasets/dataset_cropped/10_Metas/11/17/20191011172800_00160.jpg,datasets_flow/dataset_cropped/10_Metas/11/17/20191011172800_00160.jpg,datasets_cloudmask/dataset_cropped/10_Metas/11/17/20191011172800_00160.png,69.7,0,69.8,22.8,962
10/11/2019 17:29,datasets/dataset_cropped/10_Metas/11/17/20191011172900_00160.jpg,datasets_flow/dataset_cropped/10_Metas/11/17/20191011172900_00160.jpg,datasets_cloudmask/dataset_cropped/10_Metas/11/17/20191011172900_00160.png,68.4,0,68.5,22.7,962
10/11/2019 17:30,datasets/dataset_cropped/10_Metas/11/17/20191011173000_00160.jpg,datasets_flow/dataset_cropped/10_Metas/11/17/20191011173000_00160.jpg,datasets_cloudmask/dataset_cropped/10_Metas/11/17/20191011173000_00160.png,67.1,0,67.2,22.7,962
10/11/2019 17:31,datasets/dataset_cropped/10_Metas/11/17/20191011173100_00160.jpg,datasets_flow/dataset_cropped/10_Metas/11/17/20191011173100_00160.jpg,datasets_cloudmask/dataset_cropped/10_Metas/11/17/20191011173100_00160.png,65.9,0,66,22.6,962
10/11/2019 17:32,datasets/dataset_cropped/10_Metas/11/17/20191011173200_00160.jpg,datasets_flow/dataset_cropped/10_Metas/11/17/20191011173200_00160.jpg,datasets_cloudmask/dataset_cropped/10_Metas/11/17/20191011173200_00160.png,64.7,0,64.8,22.6,962
10/11/2019 17:33,datasets/dataset_cropped/10_Metas/11/17/20191011173300_00160.jpg,datasets_flow/dataset_cropped/10_Metas/11/17/20191011173300_00160.jpg,datasets_cloudmask/dataset_cropped/10_Metas/11/17/20191011173300_00160.png,63.6,0,63.7,22.6,962
10/11/2019 17:34,datasets/dataset_cropped/10_Metas/11/17/20191011173400_00160.jpg,datasets_flow/dataset_cropped/10_Metas/11/17/20191011173400_00160.jpg,datasets_cloudmask/dataset_cropped/10_Metas/11/17/20191011173400_00160.png,62.4,0,62.5,22.5,962
10/11/2019 17:35,datasets/dataset_cropped/10_Metas/11/17/20191011173500_00160.jpg,datasets_flow/dataset_cropped/10_Metas/11/17/20191011173500_00160.jpg,datasets_cloudmask/dataset_cropped/10_Metas/11/17/20191011173500_00160.png,61.4,0,61.4,22.5,962
10/11/2019 17:36,datasets/dataset_cropped/10_Metas/11/17/20191011173600_00160.jpg,datasets_flow/dataset_cropped/10_Metas/11/17/20191011173600_00160.jpg,datasets_cloudmask/dataset_cropped/10_Metas/11/17/20191011173600_00160.png,60.3,0,60.3,22.5,962
10/11/2019 17:37,datasets/dataset_cropped/10_Metas/11/17/20191011173700_00160.jpg,datasets_flow/dataset_cropped/10_Metas/11/17/20191011173700_00160.jpg,datasets_cloudmask/dataset_cropped/10_Metas/11/17/20191011173700_00160.png,59.3,0.4,59.2,22.5,962
10/11/2019 17:38,datasets/dataset_cropped/10_Metas/11/17/20191011173800_00160.jpg,datasets_flow/dataset_cropped/10_Metas/11/17/20191011173800_00160.jpg,datasets_cloudmask/dataset_cropped/10_Metas/11/17/20191011173800_00160.png,58.5,2.1,58.2,22.5,962
10/11/2019 17:39,datasets/dataset_cropped/10_Metas/11/17/20191011173900_00160.jpg,datasets_flow/dataset_cropped/10_Metas/11/17/20191011173900_00160.jpg,datasets_cloudmask/dataset_cropped/10_Metas/11/17/20191011173900_00160.png,58.6,7.4,57.1,22.5,962
10/11/2019 17:40,datasets/dataset_cropped/10_Metas/11/17/20191011174000_00160.jpg,datasets_flow/dataset_cropped/10_Metas/11/17/20191011174000_00160.jpg,datasets_cloudmask/dataset_cropped/10_Metas/11/17/20191011174000_00160.png,58.4,11.2,56.2,22.5,962
10/11/2019 17:41,datasets/dataset_cropped/10_Metas/11/17/20191011174100_00160.jpg,datasets_flow/dataset_cropped/10_Metas/11/17/20191011174100_00160.jpg,datasets_cloudmask/dataset_cropped/10_Metas/11/17/20191011174100_00160.png,57.4,10.8,55.3,22.5,962
10/11/2019 17:42,datasets/dataset_cropped/10_Metas/11/17/20191011174200_00160.jpg,datasets_flow/dataset_cropped/10_Metas/11/17/20191011174200_00160.jpg,datasets_cloudmask/dataset_cropped/10_Metas/11/17/20191011174200_00160.png,55.8,6.9,54.4,22.5,962
10/11/2019 17:43,datasets/dataset_cropped/10_Metas/11/17/20191011174300_00160.jpg,datasets_flow/dataset_cropped/10_Metas/11/17/20191011174300_00160.jpg,datasets_cloudmask/dataset_cropped/10_Metas/11/17/20191011174300_00160.png,54.5,3.9,53.6,22.5,962
10/11/2019 17:44,datasets/dataset_cropped/10_Metas/11/17/20191011174400_00160.jpg,datasets_flow/dataset_cropped/10_Metas/11/17/20191011174400_00160.jpg,datasets_cloudmask/dataset_cropped/10_Metas/11/17/20191011174400_00160.png,53.3,2,52.9,22.5,962
10/11/2019 17:45,datasets/dataset_cropped/10_Metas/11/17/20191011174500_00160.jpg,datasets_flow/dataset_cropped/10_Metas/11/17/20191011174500_00160.jpg,datasets_cloudmask/dataset_cropped/10_Metas/11/17/20191011174500_00160.png,52.4,0.9,52.1,22.4,962
10/11/2019 17:46,datasets/dataset_cropped/10_Metas/11/17/20191011174600_00160.jpg,datasets_flow/dataset_cropped/10_Metas/11/17/20191011174600_00160.jpg,datasets_cloudmask/dataset_cropped/10_Metas/11/17/20191011174600_00160.png,51.6,0.3,51.5,22.4,962
10/11/2019 17:47,datasets/dataset_cropped/10_Metas/11/17/20191011174700_00160.jpg,datasets_flow/dataset_cropped/10_Metas/11/17/20191011174700_00160.jpg,datasets_cloudmask/dataset_cropped/10_Metas/11/17/20191011174700_00160.png,51,0,50.9,22.5,962
10/11/2019 17:48,datasets/dataset_cropped/10_Metas/11/17/20191011174800_00160.jpg,datasets_flow/dataset_cropped/10_Metas/11/17/20191011174800_00160.jpg,datasets_cloudmask/dataset_cropped/10_Metas/11/17/20191011174800_00160.png,50.5,0,50.4,22.4,962
10/11/2019 17:49,datasets/dataset_cropped/10_Metas/11/17/20191011174900_00160.jpg,datasets_flow/dataset_cropped/10_Metas/11/17/20191011174900_00160.jpg,datasets_cloudmask/dataset_cropped/10_Metas/11/17/20191011174900_00160.png,50,0,50,22.4,962
10/11/2019 17:50,datasets/dataset_cropped/10_Metas/11/17/20191011175000_00160.jpg,datasets_flow/dataset_cropped/10_Metas/11/17/20191011175000_00160.jpg,datasets_cloudmask/dataset_cropped/10_Metas/11/17/20191011175000_00160.png,49.4,0,49.4,22.3,962
10/11/2019 17:51,datasets/dataset_cropped/10_Metas/11/17/20191011175100_00160.jpg,datasets_flow/dataset_cropped/10_Metas/11/17/20191011175100_00160.jpg,datasets_cloudmask/dataset_cropped/10_Metas/11/17/20191011175100_00160.png,48.7,0,48.7,22.3,962
10/11/2019 17:52,datasets/dataset_cropped/10_Metas/11/17/20191011175200_00160.jpg,datasets_flow/dataset_cropped/10_Metas/11/17/20191011175200_00160.jpg,datasets_cloudmask/dataset_cropped/10_Metas/11/17/20191011175200_00160.png,47.9,0,47.9,22.3,962
10/11/2019 17:53,datasets/dataset_cropped/10_Metas/11/17/20191011175300_00160.jpg,datasets_flow/dataset_cropped/10_Metas/11/17/20191011175300_00160.jpg,datasets_cloudmask/dataset_cropped/10_Metas/11/17/20191011175300_00160.png,46.9,0,46.9,22.3,962
10/11/2019 17:54,datasets/dataset_cropped/10_Metas/11/17/20191011175400_00160.jpg,datasets_flow/dataset_cropped/10_Metas/11/17/20191011175400_00160.jpg,datasets_cloudmask/dataset_cropped/10_Metas/11/17/20191011175400_00160.png,45.7,0,45.8,22.2,962
10/11/2019 17:55,datasets/dataset_cropped/10_Metas/11/17/20191011175500_00160.jpg,datasets_flow/dataset_cropped/10_Metas/11/17/20191011175500_00160.jpg,datasets_cloudmask/dataset_cropped/10_Metas/11/17/20191011175500_00160.png,44.5,0,44.6,22.2,962
10/11/2019 17:56,datasets/dataset_cropped/10_Metas/11/17/20191011175600_00160.jpg,datasets_flow/dataset_cropped/10_Metas/11/17/20191011175600_00160.jpg,datasets_cloudmask/dataset_cropped/10_Metas/11/17/20191011175600_00160.png,43.2,0,43.3,22.1,962
10/11/2019 17:57,datasets/dataset_cropped/10_Metas/11/17/20191011175700_00160.jpg,datasets_flow/dataset_cropped/10_Metas/11/17/20191011175700_00160.jpg,datasets_cloudmask/dataset_cropped/10_Metas/11/17/20191011175700_00160.png,41.7,0,41.8,22.1,962
10/11/2019 17:58,datasets/dataset_cropped/10_Metas/11/17/20191011175800_00160.jpg,datasets_flow/dataset_cropped/10_Metas/11/17/20191011175800_00160.jpg,datasets_cloudmask/dataset_cropped/10_Metas/11/17/20191011175800_00160.png,40.1,0,40.1,22.1,962
10/11/2019 17:59,datasets/dataset_cropped/10_Metas/11/17/20191011175900_00160.jpg,datasets_flow/dataset_cropped/10_Metas/11/17/20191011175900_00160.jpg,datasets_cloudmask/dataset_cropped/10_Metas/11/17/20191011175900_00160.png,38.5,0,38.5,22,962
10/11/2019 18:00,datasets/dataset_cropped/10_Metas/11/18/20191011180000_00160.jpg,datasets_flow/dataset_cropped/10_Metas/11/18/20191011180000_00160.jpg,datasets_cloudmask/dataset_cropped/10_Metas/11/18/20191011180000_00160.png,36.9,0,36.8,22,962
10/11/2019 18:01,datasets/dataset_cropped/10_Metas/11/18/20191011180100_00160.jpg,datasets_flow/dataset_cropped/10_Metas/11/18/20191011180100_00160.jpg,datasets_cloudmask/dataset_cropped/10_Metas/11/18/20191011180100_00160.png,35.2,0,35.2,21.9,962
10/11/2019 18:02,datasets/dataset_cropped/10_Metas/11/18/20191011180200_00160.jpg,datasets_flow/dataset_cropped/10_Metas/11/18/20191011180200_00160.jpg,datasets_cloudmask/dataset_cropped/10_Metas/11/18/20191011180200_00160.png,33.6,0,33.5,21.9,962
10/11/2019 18:03,datasets/dataset_cropped/10_Metas/11/18/20191011180300_00160.jpg,datasets_flow/dataset_cropped/10_Metas/11/18/20191011180300_00160.jpg,datasets_cloudmask/dataset_cropped/10_Metas/11/18/20191011180300_00160.png,32.1,0,32,21.9,962
10/11/2019 18:04,datasets/dataset_cropped/10_Metas/11/18/20191011180400_00160.jpg,datasets_flow/dataset_cropped/10_Metas/11/18/20191011180400_00160.jpg,datasets_cloudmask/dataset_cropped/10_Metas/11/18/20191011180400_00160.png,30.6,0,30.5,21.8,962
10/11/2019 18:05,datasets/dataset_cropped/10_Metas/11/18/20191011180500_00160.jpg,datasets_flow/dataset_cropped/10_Metas/11/18/20191011180500_00160.jpg,datasets_cloudmask/dataset_cropped/10_Metas/11/18/20191011180500_00160.png,29.2,0,29.1,21.8,962
10/11/2019 18:06,datasets/dataset_cropped/10_Metas/11/18/20191011180600_00160.jpg,datasets_flow/dataset_cropped/10_Metas/11/18/20191011180600_00160.jpg,datasets_cloudmask/dataset_cropped/10_Metas/11/18/20191011180600_00160.png,27.9,0,27.8,21.7,962
10/11/2019 18:07,datasets/dataset_cropped/10_Metas/11/18/20191011180700_00160.jpg,datasets_flow/dataset_cropped/10_Metas/11/18/20191011180700_00160.jpg,datasets_cloudmask/dataset_cropped/10_Metas/11/18/20191011180700_00160.png,26.6,0,26.5,21.7,962
10/11/2019 18:08,datasets/dataset_cropped/10_Metas/11/18/20191011180800_00160.jpg,datasets_flow/dataset_cropped/10_Metas/11/18/20191011180800_00160.jpg,datasets_cloudmask/dataset_cropped/10_Metas/11/18/20191011180800_00160.png,25.4,0,25.4,21.7,962
10/11/2019 18:09,datasets/dataset_cropped/10_Metas/11/18/20191011180900_00160.jpg,datasets_flow/dataset_cropped/10_Metas/11/18/20191011180900_00160.jpg,datasets_cloudmask/dataset_cropped/10_Metas/11/18/20191011180900_00160.png,24.3,0,24.2,21.6,962
10/11/2019 18:10,datasets/dataset_cropped/10_Metas/11/18/20191011181000_00160.jpg,datasets_flow/dataset_cropped/10_Metas/11/18/20191011181000_00160.jpg,datasets_cloudmask/dataset_cropped/10_Metas/11/18/20191011181000_00160.png,23.2,0,23.1,21.6,962
10/11/2019 18:11,datasets/dataset_cropped/10_Metas/11/18/20191011181100_00160.jpg,datasets_flow/dataset_cropped/10_Metas/11/18/20191011181100_00160.jpg,datasets_cloudmask/dataset_cropped/10_Metas/11/18/20191011181100_00160.png,22.2,0,22.1,21.6,962
10/11/2019 18:12,datasets/dataset_cropped/10_Metas/11/18/20191011181200_00160.jpg,datasets_flow/dataset_cropped/10_Metas/11/18/20191011181200_00160.jpg,datasets_cloudmask/dataset_cropped/10_Metas/11/18/20191011181200_00160.png,21.2,0,21.1,21.6,962
10/11/2019 18:13,datasets/dataset_cropped/10_Metas/11/18/20191011181300_00160.jpg,datasets_flow/dataset_cropped/10_Metas/11/18/20191011181300_00160.jpg,datasets_cloudmask/dataset_cropped/10_Metas/11/18/20191011181300_00160.png,20.1,0,20.1,21.5,962
10/11/2019 18:14,datasets/dataset_cropped/10_Metas/11/18/20191011181400_00160.jpg,datasets_flow/dataset_cropped/10_Metas/11/18/20191011181400_00160.jpg,datasets_cloudmask/dataset_cropped/10_Metas/11/18/20191011181400_00160.png,19.1,0,19,21.4,962
10/11/2019 18:15,datasets/dataset_cropped/10_Metas/11/18/20191011181500_00160.jpg,datasets_flow/dataset_cropped/10_Metas/11/18/20191011181500_00160.jpg,datasets_cloudmask/dataset_cropped/10_Metas/11/18/20191011181500_00160.png,18.1,0,18,21.4,962
10/11/2019 18:16,datasets/dataset_cropped/10_Metas/11/18/20191011181600_00160.jpg,datasets_flow/dataset_cropped/10_Metas/11/18/20191011181600_00160.jpg,datasets_cloudmask/dataset_cropped/10_Metas/11/18/20191011181600_00160.png,17.1,0,17,21.4,962
10/11/2019 18:17,datasets/dataset_cropped/10_Metas/11/18/20191011181700_00160.jpg,datasets_flow/dataset_cropped/10_Metas/11/18/20191011181700_00160.jpg,datasets_cloudmask/dataset_cropped/10_Metas/11/18/20191011181700_00160.png,16.2,0,16,21.4,962
10/11/2019 18:18,datasets/dataset_cropped/10_Metas/11/18/20191011181800_00160.jpg,datasets_flow/dataset_cropped/10_Metas/11/18/20191011181800_00160.jpg,datasets_cloudmask/dataset_cropped/10_Metas/11/18/20191011181800_00160.png,15.2,0,15.1,21.3,962
10/11/2019 18:19,datasets/dataset_cropped/10_Metas/11/18/20191011181900_00160.jpg,datasets_flow/dataset_cropped/10_Metas/11/18/20191011181900_00160.jpg,datasets_cloudmask/dataset_cropped/10_Metas/11/18/20191011181900_00160.png,14.3,0,14.1,21.3,962
10/11/2019 18:20,datasets/dataset_cropped/10_Metas/11/18/20191011182000_00160.jpg,datasets_flow/dataset_cropped/10_Metas/11/18/20191011182000_00160.jpg,datasets_cloudmask/dataset_cropped/10_Metas/11/18/20191011182000_00160.png,13.3,0,13.2,21.3,962
10/11/2019 18:21,datasets/dataset_cropped/10_Metas/11/18/20191011182100_00160.jpg,datasets_flow/dataset_cropped/10_Metas/11/18/20191011182100_00160.jpg,datasets_cloudmask/dataset_cropped/10_Metas/11/18/20191011182100_00160.png,12.4,0,12.2,21.3,962
10/11/2019 18:22,datasets/dataset_cropped/10_Metas/11/18/20191011182200_00160.jpg,datasets_flow/dataset_cropped/10_Metas/11/18/20191011182200_00160.jpg,datasets_cloudmask/dataset_cropped/10_Metas/11/18/20191011182200_00160.png,11.5,0,11.3,21.2,962
10/11/2019 18:23,datasets/dataset_cropped/10_Metas/11/18/20191011182300_00160.jpg,datasets_flow/dataset_cropped/10_Metas/11/18/20191011182300_00160.jpg,datasets_cloudmask/dataset_cropped/10_Metas/11/18/20191011182300_00160.png,10.6,0,10.4,21.2,962
10/11/2019 18:24,datasets/dataset_cropped/10_Metas/11/18/20191011182400_00160.jpg,datasets_flow/dataset_cropped/10_Metas/11/18/20191011182400_00160.jpg,datasets_cloudmask/dataset_cropped/10_Metas/11/18/20191011182400_00160.png,9.6,0,9.5,21.2,962
10/11/2019 18:25,datasets/dataset_cropped/10_Metas/11/18/20191011182500_00160.jpg,datasets_flow/dataset_cropped/10_Metas/11/18/20191011182500_00160.jpg,datasets_cloudmask/dataset_cropped/10_Metas/11/18/20191011182500_00160.png,8.8,0,8.6,21.1,962
10/11/2019 18:26,datasets/dataset_cropped/10_Metas/11/18/20191011182600_00160.jpg,datasets_flow/dataset_cropped/10_Metas/11/18/20191011182600_00160.jpg,datasets_cloudmask/dataset_cropped/10_Metas/11/18/20191011182600_00160.png,7.9,0,7.8,21.1,962
10/11/2019 18:27,datasets/dataset_cropped/10_Metas/11/18/20191011182700_00160.jpg,datasets_flow/dataset_cropped/10_Metas/11/18/20191011182700_00160.jpg,datasets_cloudmask/dataset_cropped/10_Metas/11/18/20191011182700_00160.png,7.1,0,6.9,21.1,962
10/11/2019 18:28,datasets/dataset_cropped/10_Metas/11/18/20191011182800_00160.jpg,datasets_flow/dataset_cropped/10_Metas/11/18/20191011182800_00160.jpg,datasets_cloudmask/dataset_cropped/10_Metas/11/18/20191011182800_00160.png,6.3,0,6.2,21.1,962
10/11/2019 18:29,datasets/dataset_cropped/10_Metas/11/18/20191011182900_00160.jpg,datasets_flow/dataset_cropped/10_Metas/11/18/20191011182900_00160.jpg,datasets_cloudmask/dataset_cropped/10_Metas/11/18/20191011182900_00160.png,5.5,0,5.4,21,962
10/11/2019 18:30,datasets/dataset_cropped/10_Metas/11/18/20191011183000_00160.jpg,datasets_flow/dataset_cropped/10_Metas/11/18/20191011183000_00160.jpg,datasets_cloudmask/dataset_cropped/10_Metas/11/18/20191011183000_00160.png,4.8,0,4.6,21,962
10/11/2019 18:31,datasets/dataset_cropped/10_Metas/11/18/20191011183100_00160.jpg,datasets_flow/dataset_cropped/10_Metas/11/18/20191011183100_00160.jpg,datasets_cloudmask/dataset_cropped/10_Metas/11/18/20191011183100_00160.png,4.1,0,3.9,20.9,962
10/11/2019 18:32,datasets/dataset_cropped/10_Metas/11/18/20191011183200_00160.jpg,datasets_flow/dataset_cropped/10_Metas/11/18/20191011183200_00160.jpg,datasets_cloudmask/dataset_cropped/10_Metas/11/18/20191011183200_00160.png,3.4,0,3.2,20.9,962
10/11/2019 18:33,datasets/dataset_cropped/10_Metas/11/18/20191011183300_00160.jpg,datasets_flow/dataset_cropped/10_Metas/11/18/20191011183300_00160.jpg,datasets_cloudmask/dataset_cropped/10_Metas/11/18/20191011183300_00160.png,2.9,0,2.7,20.9,962
10/11/2019 18:34,datasets/dataset_cropped/10_Metas/11/18/20191011183400_00160.jpg,datasets_flow/dataset_cropped/10_Metas/11/18/20191011183400_00160.jpg,datasets_cloudmask/dataset_cropped/10_Metas/11/18/20191011183400_00160.png,2.4,0,2.2,20.8,962
10/11/2019 18:35,datasets/dataset_cropped/10_Metas/11/18/20191011183500_00160.jpg,datasets_flow/dataset_cropped/10_Metas/11/18/20191011183500_00160.jpg,datasets_cloudmask/dataset_cropped/10_Metas/11/18/20191011183500_00160.png,2,0,1.8,20.8,962
10/11/2019 18:36,datasets/dataset_cropped/10_Metas/11/18/20191011183600_00160.jpg,datasets_flow/dataset_cropped/10_Metas/11/18/20191011183600_00160.jpg,datasets_cloudmask/dataset_cropped/10_Metas/11/18/20191011183600_00160.png,1.5,0,1.3,20.7,962
10/11/2019 18:37,datasets/dataset_cropped/10_Metas/11/18/20191011183700_00160.jpg,datasets_flow/dataset_cropped/10_Metas/11/18/20191011183700_00160.jpg,datasets_cloudmask/dataset_cropped/10_Metas/11/18/20191011183700_00160.png,1.1,0,0.9,20.7,962
10/12/2019 7:16,datasets/dataset_cropped/10_Metas/12/07/20191012071600_00160.jpg,datasets_flow/dataset_cropped/10_Metas/12/07/20191012071600_00160.jpg,datasets_cloudmask/dataset_cropped/10_Metas/12/07/20191012071600_00160.png,2.9,0.5,3.2,16.9,961
10/12/2019 7:17,datasets/dataset_cropped/10_Metas/12/07/20191012071700_00160.jpg,datasets_flow/dataset_cropped/10_Metas/12/07/20191012071700_00160.jpg,datasets_cloudmask/dataset_cropped/10_Metas/12/07/20191012071700_00160.png,3.5,0.7,3.7,17.2,961
10/12/2019 7:18,datasets/dataset_cropped/10_Metas/12/07/20191012071800_00160.jpg,datasets_flow/dataset_cropped/10_Metas/12/07/20191012071800_00160.jpg,datasets_cloudmask/dataset_cropped/10_Metas/12/07/20191012071800_00160.png,4.2,0.7,4.3,17.3,961
10/12/2019 7:19,datasets/dataset_cropped/10_Metas/12/07/20191012071900_00160.jpg,datasets_flow/dataset_cropped/10_Metas/12/07/20191012071900_00160.jpg,datasets_cloudmask/dataset_cropped/10_Metas/12/07/20191012071900_00160.png,5,0.9,5.2,17.4,961
10/12/2019 7:20,datasets/dataset_cropped/10_Metas/12/07/20191012072000_00160.jpg,datasets_flow/dataset_cropped/10_Metas/12/07/20191012072000_00160.jpg,datasets_cloudmask/dataset_cropped/10_Metas/12/07/20191012072000_00160.png,5.9,3.4,5.9,17.5,961
10/12/2019 7:21,datasets/dataset_cropped/10_Metas/12/07/20191012072100_00160.jpg,datasets_flow/dataset_cropped/10_Metas/12/07/20191012072100_00160.jpg,datasets_cloudmask/dataset_cropped/10_Metas/12/07/20191012072100_00160.png,6.7,8.6,6.6,17.7,961
10/12/2019 7:22,datasets/dataset_cropped/10_Metas/12/07/20191012072200_00160.jpg,datasets_flow/dataset_cropped/10_Metas/12/07/20191012072200_00160.jpg,datasets_cloudmask/dataset_cropped/10_Metas/12/07/20191012072200_00160.png,7.2,8.9,7,17.8,961
10/12/2019 7:23,datasets/dataset_cropped/10_Metas/12/07/20191012072300_00160.jpg,datasets_flow/dataset_cropped/10_Metas/12/07/20191012072300_00160.jpg,datasets_cloudmask/dataset_cropped/10_Metas/12/07/20191012072300_00160.png,7.7,8.5,7.5,18.1,961
10/12/2019 7:24,datasets/dataset_cropped/10_Metas/12/07/20191012072400_00160.jpg,datasets_flow/dataset_cropped/10_Metas/12/07/20191012072400_00160.jpg,datasets_cloudmask/dataset_cropped/10_Metas/12/07/20191012072400_00160.png,8.4,6,8.3,18.1,961
10/12/2019 7:25,datasets/dataset_cropped/10_Metas/12/07/20191012072500_00160.jpg,datasets_flow/dataset_cropped/10_Metas/12/07/20191012072500_00160.jpg,datasets_cloudmask/dataset_cropped/10_Metas/12/07/20191012072500_00160.png,9.5,1.4,9.6,18.1,961
10/12/2019 7:26,datasets/dataset_cropped/10_Metas/12/07/20191012072600_00160.jpg,datasets_flow/dataset_cropped/10_Metas/12/07/20191012072600_00160.jpg,datasets_cloudmask/dataset_cropped/10_Metas/12/07/20191012072600_00160.png,11.1,1,11.1,18.1,961
10/12/2019 7:27,datasets/dataset_cropped/10_Metas/12/07/20191012072700_00160.jpg,datasets_flow/dataset_cropped/10_Metas/12/07/20191012072700_00160.jpg,datasets_cloudmask/dataset_cropped/10_Metas/12/07/20191012072700_00160.png,13,1,13,18.1,961
10/12/2019 7:28,datasets/dataset_cropped/10_Metas/12/07/20191012072800_00160.jpg,datasets_flow/dataset_cropped/10_Metas/12/07/20191012072800_00160.jpg,datasets_cloudmask/dataset_cropped/10_Metas/12/07/20191012072800_00160.png,15.4,1.5,15.4,18.1,961
10/12/2019 7:29,datasets/dataset_cropped/10_Metas/12/07/20191012072900_00160.jpg,datasets_flow/dataset_cropped/10_Metas/12/07/20191012072900_00160.jpg,datasets_cloudmask/dataset_cropped/10_Metas/12/07/20191012072900_00160.png,18.6,15.1,18,18,961
10/12/2019 7:30,datasets/dataset_cropped/10_Metas/12/07/20191012073000_00160.jpg,datasets_flow/dataset_cropped/10_Metas/12/07/20191012073000_00160.jpg,datasets_cloudmask/dataset_cropped/10_Metas/12/07/20191012073000_00160.png,22.3,50,20.1,18,961
10/12/2019 7:31,datasets/dataset_cropped/10_Metas/12/07/20191012073100_00160.jpg,datasets_flow/dataset_cropped/10_Metas/12/07/20191012073100_00160.jpg,datasets_cloudmask/dataset_cropped/10_Metas/12/07/20191012073100_00160.png,25.6,80.7,21.8,18.1,961
10/12/2019 7:32,datasets/dataset_cropped/10_Metas/12/07/20191012073200_00160.jpg,datasets_flow/dataset_cropped/10_Metas/12/07/20191012073200_00160.jpg,datasets_cloudmask/dataset_cropped/10_Metas/12/07/20191012073200_00160.png,27.6,91.3,23.1,18.1,961
10/12/2019 7:33,datasets/dataset_cropped/10_Metas/12/07/20191012073300_00160.jpg,datasets_flow/dataset_cropped/10_Metas/12/07/20191012073300_00160.jpg,datasets_cloudmask/dataset_cropped/10_Metas/12/07/20191012073300_00160.png,27.6,63.3,24.5,18.2,961
10/12/2019 7:34,datasets/dataset_cropped/10_Metas/12/07/20191012073400_00160.jpg,datasets_flow/dataset_cropped/10_Metas/12/07/20191012073400_00160.jpg,datasets_cloudmask/dataset_cropped/10_Metas/12/07/20191012073400_00160.png,27.4,21.2,26.4,18.3,961
10/12/2019 7:35,datasets/dataset_cropped/10_Metas/12/07/20191012073500_00160.jpg,datasets_flow/dataset_cropped/10_Metas/12/07/20191012073500_00160.jpg,datasets_cloudmask/dataset_cropped/10_Metas/12/07/20191012073500_00160.png,29.8,19.2,28.7,18.3,961
10/12/2019 7:36,datasets/dataset_cropped/10_Metas/12/07/20191012073600_00160.jpg,datasets_flow/dataset_cropped/10_Metas/12/07/20191012073600_00160.jpg,datasets_cloudmask/dataset_cropped/10_Metas/12/07/20191012073600_00160.png,36.1,84.1,30.7,18.3,961
10/12/2019 7:37,datasets/dataset_cropped/10_Metas/12/07/20191012073700_00160.jpg,datasets_flow/dataset_cropped/10_Metas/12/07/20191012073700_00160.jpg,datasets_cloudmask/dataset_cropped/10_Metas/12/07/20191012073700_00160.png,41.1,139.3,31.7,18.3,961
10/12/2019 7:38,datasets/dataset_cropped/10_Metas/12/07/20191012073800_00160.jpg,datasets_flow/dataset_cropped/10_Metas/12/07/20191012073800_00160.jpg,datasets_cloudmask/dataset_cropped/10_Metas/12/07/20191012073800_00160.png,41.9,140.1,32,18.3,961
10/12/2019 7:39,datasets/dataset_cropped/10_Metas/12/07/20191012073900_00160.jpg,datasets_flow/dataset_cropped/10_Metas/12/07/20191012073900_00160.jpg,datasets_cloudmask/dataset_cropped/10_Metas/12/07/20191012073900_00160.png,40.6,117.1,31.9,18.4,961
10/12/2019 7:40,datasets/dataset_cropped/10_Metas/12/07/20191012074000_00160.jpg,datasets_flow/dataset_cropped/10_Metas/12/07/20191012074000_00160.jpg,datasets_cloudmask/dataset_cropped/10_Metas/12/07/20191012074000_00160.png,38,81,31.9,18.5,961
10/12/2019 7:41,datasets/dataset_cropped/10_Metas/12/07/20191012074100_00160.jpg,datasets_flow/dataset_cropped/10_Metas/12/07/20191012074100_00160.jpg,datasets_cloudmask/dataset_cropped/10_Metas/12/07/20191012074100_00160.png,34.9,38,32.1,18.6,961
10/12/2019 7:42,datasets/dataset_cropped/10_Metas/12/07/20191012074200_00160.jpg,datasets_flow/dataset_cropped/10_Metas/12/07/20191012074200_00160.jpg,datasets_cloudmask/dataset_cropped/10_Metas/12/07/20191012074200_00160.png,33.3,11.9,32.5,18.6,961
10/12/2019 7:43,datasets/dataset_cropped/10_Metas/12/07/20191012074300_00160.jpg,datasets_flow/dataset_cropped/10_Metas/12/07/20191012074300_00160.jpg,datasets_cloudmask/dataset_cropped/10_Metas/12/07/20191012074300_00160.png,33.6,9.3,33.1,18.6,961
10/12/2019 7:44,datasets/dataset_cropped/10_Metas/12/07/20191012074400_00160.jpg,datasets_flow/dataset_cropped/10_Metas/12/07/20191012074400_00160.jpg,datasets_cloudmask/dataset_cropped/10_Metas/12/07/20191012074400_00160.png,33.4,3.4,33.5,18.5,961
10/12/2019 7:45,datasets/dataset_cropped/10_Metas/12/07/20191012074500_00160.jpg,datasets_flow/dataset_cropped/10_Metas/12/07/20191012074500_00160.jpg,datasets_cloudmask/dataset_cropped/10_Metas/12/07/20191012074500_00160.png,33.2,2.3,33.5,18,961
10/12/2019 7:46,datasets/dataset_cropped/10_Metas/12/07/20191012074600_00160.jpg,datasets_flow/dataset_cropped/10_Metas/12/07/20191012074600_00160.jpg,datasets_cloudmask/dataset_cropped/10_Metas/12/07/20191012074600_00160.png,33.3,2.4,33.5,17.6,961
10/12/2019 7:47,datasets/dataset_cropped/10_Metas/12/07/20191012074700_00160.jpg,datasets_flow/dataset_cropped/10_Metas/12/07/20191012074700_00160.jpg,datasets_cloudmask/dataset_cropped/10_Metas/12/07/20191012074700_00160.png,34,3.4,33.9,17.3,961
10/12/2019 7:48,datasets/dataset_cropped/10_Metas/12/07/20191012074800_00160.jpg,datasets_flow/dataset_cropped/10_Metas/12/07/20191012074800_00160.jpg,datasets_cloudmask/dataset_cropped/10_Metas/12/07/20191012074800_00160.png,36.7,19.3,34.9,17.1,962
10/12/2019 7:49,datasets/dataset_cropped/10_Metas/12/07/20191012074900_00160.jpg,datasets_flow/dataset_cropped/10_Metas/12/07/20191012074900_00160.jpg,datasets_cloudmask/dataset_cropped/10_Metas/12/07/20191012074900_00160.png,40.8,48.5,35.8,16.9,961
10/12/2019 7:50,datasets/dataset_cropped/10_Metas/12/07/20191012075000_00160.jpg,datasets_flow/dataset_cropped/10_Metas/12/07/20191012075000_00160.jpg,datasets_cloudmask/dataset_cropped/10_Metas/12/07/20191012075000_00160.png,37.9,15.1,36.4,16.8,961
10/12/2019 7:51,datasets/dataset_cropped/10_Metas/12/07/20191012075100_00160.jpg,datasets_flow/dataset_cropped/10_Metas/12/07/20191012075100_00160.jpg,datasets_cloudmask/dataset_cropped/10_Metas/12/07/20191012075100_00160.png,38.8,8.2,38,16.7,961
10/12/2019 7:52,datasets/dataset_cropped/10_Metas/12/07/20191012075200_00160.jpg,datasets_flow/dataset_cropped/10_Metas/12/07/20191012075200_00160.jpg,datasets_cloudmask/dataset_cropped/10_Metas/12/07/20191012075200_00160.png,41.1,10.1,39.9,16.6,961
10/12/2019 7:53,datasets/dataset_cropped/10_Metas/12/07/20191012075300_00160.jpg,datasets_flow/dataset_cropped/10_Metas/12/07/20191012075300_00160.jpg,datasets_cloudmask/dataset_cropped/10_Metas/12/07/20191012075300_00160.png,46.4,34.9,42.2,16.6,961
10/12/2019 7:54,datasets/dataset_cropped/10_Metas/12/07/20191012075400_00160.jpg,datasets_flow/dataset_cropped/10_Metas/12/07/20191012075400_00160.jpg,datasets_cloudmask/dataset_cropped/10_Metas/12/07/20191012075400_00160.png,59.8,119.3,45,16.6,961
10/12/2019 7:55,datasets/dataset_cropped/10_Metas/12/07/20191012075500_00160.jpg,datasets_flow/dataset_cropped/10_Metas/12/07/20191012075500_00160.jpg,datasets_cloudmask/dataset_cropped/10_Metas/12/07/20191012075500_00160.png,58.8,94.1,47,16.6,961
10/12/2019 7:56,datasets/dataset_cropped/10_Metas/12/07/20191012075600_00160.jpg,datasets_flow/dataset_cropped/10_Metas/12/07/20191012075600_00160.jpg,datasets_cloudmask/dataset_cropped/10_Metas/12/07/20191012075600_00160.png,56.6,60.6,48.8,16.6,961
10/12/2019 7:57,datasets/dataset_cropped/10_Metas/12/07/20191012075700_00160.jpg,datasets_flow/dataset_cropped/10_Metas/12/07/20191012075700_00160.jpg,datasets_cloudmask/dataset_cropped/10_Metas/12/07/20191012075700_00160.png,57.8,55.6,50.5,16.7,961
10/12/2019 7:58,datasets/dataset_cropped/10_Metas/12/07/20191012075800_00160.jpg,datasets_flow/dataset_cropped/10_Metas/12/07/20191012075800_00160.jpg,datasets_cloudmask/dataset_cropped/10_Metas/12/07/20191012075800_00160.png,58.8,53.3,51.7,16.9,961
10/12/2019 7:59,datasets/dataset_cropped/10_Metas/12/07/20191012075900_00160.jpg,datasets_flow/dataset_cropped/10_Metas/12/07/20191012075900_00160.jpg,datasets_cloudmask/dataset_cropped/10_Metas/12/07/20191012075900_00160.png,54.5,19.1,52,17,961
10/12/2019 8:00,datasets/dataset_cropped/10_Metas/12/08/20191012080000_00160.jpg,datasets_flow/dataset_cropped/10_Metas/12/08/20191012080000_00160.jpg,datasets_cloudmask/dataset_cropped/10_Metas/12/08/20191012080000_00160.png,55.2,23.5,52,17.1,961
10/12/2019 8:01,datasets/dataset_cropped/10_Metas/12/08/20191012080100_00160.jpg,datasets_flow/dataset_cropped/10_Metas/12/08/20191012080100_00160.jpg,datasets_cloudmask/dataset_cropped/10_Metas/12/08/20191012080100_00160.png,56,27.1,52.1,17.2,961
10/12/2019 8:02,datasets/dataset_cropped/10_Metas/12/08/20191012080200_00160.jpg,datasets_flow/dataset_cropped/10_Metas/12/08/20191012080200_00160.jpg,datasets_cloudmask/dataset_cropped/10_Metas/12/08/20191012080200_00160.png,54.2,12.5,52.5,17.5,961
10/12/2019 8:03,datasets/dataset_cropped/10_Metas/12/08/20191012080300_00160.jpg,datasets_flow/dataset_cropped/10_Metas/12/08/20191012080300_00160.jpg,datasets_cloudmask/dataset_cropped/10_Metas/12/08/20191012080300_00160.png,55.5,10,54.1,17.7,961
10/12/2019 8:04,datasets/dataset_cropped/10_Metas/12/08/20191012080400_00160.jpg,datasets_flow/dataset_cropped/10_Metas/12/08/20191012080400_00160.jpg,datasets_cloudmask/dataset_cropped/10_Metas/12/08/20191012080400_00160.png,59.9,19.1,57.1,17.9,961
10/12/2019 8:05,datasets/dataset_cropped/10_Metas/12/08/20191012080500_00160.jpg,datasets_flow/dataset_cropped/10_Metas/12/08/20191012080500_00160.jpg,datasets_cloudmask/dataset_cropped/10_Metas/12/08/20191012080500_00160.png,71,64,61.2,17.9,961
10/12/2019 8:06,datasets/dataset_cropped/10_Metas/12/08/20191012080600_00160.jpg,datasets_flow/dataset_cropped/10_Metas/12/08/20191012080600_00160.jpg,datasets_cloudmask/dataset_cropped/10_Metas/12/08/20191012080600_00160.png,74.2,59.4,65,18,962
10/12/2019 8:07,datasets/dataset_cropped/10_Metas/12/08/20191012080700_00160.jpg,datasets_flow/dataset_cropped/10_Metas/12/08/20191012080700_00160.jpg,datasets_cloudmask/dataset_cropped/10_Metas/12/08/20191012080700_00160.png,91.1,128.2,70.2,17.9,961
10/12/2019 8:08,datasets/dataset_cropped/10_Metas/12/08/20191012080800_00160.jpg,datasets_flow/dataset_cropped/10_Metas/12/08/20191012080800_00160.jpg,datasets_cloudmask/dataset_cropped/10_Metas/12/08/20191012080800_00160.png,104.8,181.8,74.5,17.9,961
10/12/2019 8:09,datasets/dataset_cropped/10_Metas/12/08/20191012080900_00160.jpg,datasets_flow/dataset_cropped/10_Metas/12/08/20191012080900_00160.jpg,datasets_cloudmask/dataset_cropped/10_Metas/12/08/20191012080900_00160.png,80.8,28.8,76.5,18,961
10/12/2019 8:10,datasets/dataset_cropped/10_Metas/12/08/20191012081000_00160.jpg,datasets_flow/dataset_cropped/10_Metas/12/08/20191012081000_00160.jpg,datasets_cloudmask/dataset_cropped/10_Metas/12/08/20191012081000_00160.png,82.2,16.9,80,18,961
10/12/2019 8:11,datasets/dataset_cropped/10_Metas/12/08/20191012081100_00160.jpg,datasets_flow/dataset_cropped/10_Metas/12/08/20191012081100_00160.jpg,datasets_cloudmask/dataset_cropped/10_Metas/12/08/20191012081100_00160.png,97.3,76.3,84.4,18,961
10/12/2019 8:12,datasets/dataset_cropped/10_Metas/12/08/20191012081200_00160.jpg,datasets_flow/dataset_cropped/10_Metas/12/08/20191012081200_00160.jpg,datasets_cloudmask/dataset_cropped/10_Metas/12/08/20191012081200_00160.png,100.9,72.1,88.5,18,961
10/12/2019 8:13,datasets/dataset_cropped/10_Metas/12/08/20191012081300_00160.jpg,datasets_flow/dataset_cropped/10_Metas/12/08/20191012081300_00160.jpg,datasets_cloudmask/dataset_cropped/10_Metas/12/08/20191012081300_00160.png,106.6,70.8,93.7,18,961
10/12/2019 8:14,datasets/dataset_cropped/10_Metas/12/08/20191012081400_00160.jpg,datasets_flow/dataset_cropped/10_Metas/12/08/20191012081400_00160.jpg,datasets_cloudmask/dataset_cropped/10_Metas/12/08/20191012081400_00160.png,96.3,7.6,95.6,18.2,961
10/12/2019 8:15,datasets/dataset_cropped/10_Metas/12/08/20191012081500_00160.jpg,datasets_flow/dataset_cropped/10_Metas/12/08/20191012081500_00160.jpg,datasets_cloudmask/dataset_cropped/10_Metas/12/08/20191012081500_00160.png,97.7,4.5,97.6,18.3,961
10/12/2019 8:16,datasets/dataset_cropped/10_Metas/12/08/20191012081600_00160.jpg,datasets_flow/dataset_cropped/10_Metas/12/08/20191012081600_00160.jpg,datasets_cloudmask/dataset_cropped/10_Metas/12/08/20191012081600_00160.png,100.3,4.2,100.2,18.4,961
10/12/2019 8:17,datasets/dataset_cropped/10_Metas/12/08/20191012081700_00160.jpg,datasets_flow/dataset_cropped/10_Metas/12/08/20191012081700_00160.jpg,datasets_cloudmask/dataset_cropped/10_Metas/12/08/20191012081700_00160.png,103.2,3.3,103.3,18.5,961
10/12/2019 8:18,datasets/dataset_cropped/10_Metas/12/08/20191012081800_00160.jpg,datasets_flow/dataset_cropped/10_Metas/12/08/20191012081800_00160.jpg,datasets_cloudmask/dataset_cropped/10_Metas/12/08/20191012081800_00160.png,106,5,105.6,18.6,961
10/12/2019 8:19,datasets/dataset_cropped/10_Metas/12/08/20191012081900_00160.jpg,datasets_flow/dataset_cropped/10_Metas/12/08/20191012081900_00160.jpg,datasets_cloudmask/dataset_cropped/10_Metas/12/08/20191012081900_00160.png,108,7.2,107.1,18.7,961
10/12/2019 8:20,datasets/dataset_cropped/10_Metas/12/08/20191012082000_00160.jpg,datasets_flow/dataset_cropped/10_Metas/12/08/20191012082000_00160.jpg,datasets_cloudmask/dataset_cropped/10_Metas/12/08/20191012082000_00160.png,107.9,2,108.2,18.8,961
10/12/2019 8:21,datasets/dataset_cropped/10_Metas/12/08/20191012082100_00160.jpg,datasets_flow/dataset_cropped/10_Metas/12/08/20191012082100_00160.jpg,datasets_cloudmask/dataset_cropped/10_Metas/12/08/20191012082100_00160.png,108.8,1.3,109.3,18.8,961
10/12/2019 8:22,datasets/dataset_cropped/10_Metas/12/08/20191012082200_00160.jpg,datasets_flow/dataset_cropped/10_Metas/12/08/20191012082200_00160.jpg,datasets_cloudmask/dataset_cropped/10_Metas/12/08/20191012082200_00160.png,110.5,1.2,111,18.8,961
10/12/2019 8:23,datasets/dataset_cropped/10_Metas/12/08/20191012082300_00160.jpg,datasets_flow/dataset_cropped/10_Metas/12/08/20191012082300_00160.jpg,datasets_cloudmask/dataset_cropped/10_Metas/12/08/20191012082300_00160.png,113.1,1.2,113.5,18.8,961
10/12/2019 8:24,datasets/dataset_cropped/10_Metas/12/08/20191012082400_00160.jpg,datasets_flow/dataset_cropped/10_Metas/12/08/20191012082400_00160.jpg,datasets_cloudmask/dataset_cropped/10_Metas/12/08/20191012082400_00160.png,115.6,1.3,116.1,18.9,961
10/12/2019 8:25,datasets/dataset_cropped/10_Metas/12/08/20191012082500_00160.jpg,datasets_flow/dataset_cropped/10_Metas/12/08/20191012082500_00160.jpg,datasets_cloudmask/dataset_cropped/10_Metas/12/08/20191012082500_00160.png,117.5,1.5,117.9,19,961
10/12/2019 8:26,datasets/dataset_cropped/10_Metas/12/08/20191012082600_00160.jpg,datasets_flow/dataset_cropped/10_Metas/12/08/20191012082600_00160.jpg,datasets_cloudmask/dataset_cropped/10_Metas/12/08/20191012082600_00160.png,118.1,1.6,118.5,19.1,961
10/12/2019 8:27,datasets/dataset_cropped/10_Metas/12/08/20191012082700_00160.jpg,datasets_flow/dataset_cropped/10_Metas/12/08/20191012082700_00160.jpg,datasets_cloudmask/dataset_cropped/10_Metas/12/08/20191012082700_00160.png,117.3,1.3,117.8,19.1,961
10/12/2019 8:28,datasets/dataset_cropped/10_Metas/12/08/20191012082800_00160.jpg,datasets_flow/dataset_cropped/10_Metas/12/08/20191012082800_00160.jpg,datasets_cloudmask/dataset_cropped/10_Metas/12/08/20191012082800_00160.png,115,1.3,115.6,19,961
10/12/2019 8:29,datasets/dataset_cropped/10_Metas/12/08/20191012082900_00160.jpg,datasets_flow/dataset_cropped/10_Metas/12/08/20191012082900_00160.jpg,datasets_cloudmask/dataset_cropped/10_Metas/12/08/20191012082900_00160.png,111.3,1.4,111.9,19.1,961
10/12/2019 8:30,datasets/dataset_cropped/10_Metas/12/08/20191012083000_00160.jpg,datasets_flow/dataset_cropped/10_Metas/12/08/20191012083000_00160.jpg,datasets_cloudmask/dataset_cropped/10_Metas/12/08/20191012083000_00160.png,106.7,1.5,107.3,19.2,961
10/12/2019 8:31,datasets/dataset_cropped/10_Metas/12/08/20191012083100_00160.jpg,datasets_flow/dataset_cropped/10_Metas/12/08/20191012083100_00160.jpg,datasets_cloudmask/dataset_cropped/10_Metas/12/08/20191012083100_00160.png,101.9,1.7,102.5,19.2,961
10/12/2019 8:32,datasets/dataset_cropped/10_Metas/12/08/20191012083200_00160.jpg,datasets_flow/dataset_cropped/10_Metas/12/08/20191012083200_00160.jpg,datasets_cloudmask/dataset_cropped/10_Metas/12/08/20191012083200_00160.png,97.4,1.8,98,19.1,961
10/12/2019 8:33,datasets/dataset_cropped/10_Metas/12/08/20191012083300_00160.jpg,datasets_flow/dataset_cropped/10_Metas/12/08/20191012083300_00160.jpg,datasets_cloudmask/dataset_cropped/10_Metas/12/08/20191012083300_00160.png,93.1,1.6,93.8,19.1,961
10/12/2019 8:34,datasets/dataset_cropped/10_Metas/12/08/20191012083400_00160.jpg,datasets_flow/dataset_cropped/10_Metas/12/08/20191012083400_00160.jpg,datasets_cloudmask/dataset_cropped/10_Metas/12/08/20191012083400_00160.png,89.3,1.6,90,19.1,961
10/12/2019 8:35,datasets/dataset_cropped/10_Metas/12/08/20191012083500_00160.jpg,datasets_flow/dataset_cropped/10_Metas/12/08/20191012083500_00160.jpg,datasets_cloudmask/dataset_cropped/10_Metas/12/08/20191012083500_00160.png,86.1,1.5,86.8,19.1,961
10/12/2019 8:36,datasets/dataset_cropped/10_Metas/12/08/20191012083600_00160.jpg,datasets_flow/dataset_cropped/10_Metas/12/08/20191012083600_00160.jpg,datasets_cloudmask/dataset_cropped/10_Metas/12/08/20191012083600_00160.png,83.6,1.4,84.3,19.1,961
10/12/2019 8:37,datasets/dataset_cropped/10_Metas/12/08/20191012083700_00160.jpg,datasets_flow/dataset_cropped/10_Metas/12/08/20191012083700_00160.jpg,datasets_cloudmask/dataset_cropped/10_Metas/12/08/20191012083700_00160.png,82.1,1.3,82.7,19.1,961
10/12/2019 8:38,datasets/dataset_cropped/10_Metas/12/08/20191012083800_00160.jpg,datasets_flow/dataset_cropped/10_Metas/12/08/20191012083800_00160.jpg,datasets_cloudmask/dataset_cropped/10_Metas/12/08/20191012083800_00160.png,81.4,1.2,82,19.1,961
10/12/2019 8:39,datasets/dataset_cropped/10_Metas/12/08/20191012083900_00160.jpg,datasets_flow/dataset_cropped/10_Metas/12/08/20191012083900_00160.jpg,datasets_cloudmask/dataset_cropped/10_Metas/12/08/20191012083900_00160.png,81.3,1,81.9,19.1,962
10/12/2019 8:40,datasets/dataset_cropped/10_Metas/12/08/20191012084000_00160.jpg,datasets_flow/dataset_cropped/10_Metas/12/08/20191012084000_00160.jpg,datasets_cloudmask/dataset_cropped/10_Metas/12/08/20191012084000_00160.png,81.9,1.2,82.2,19.1,961
10/12/2019 8:41,datasets/dataset_cropped/10_Metas/12/08/20191012084100_00160.jpg,datasets_flow/dataset_cropped/10_Metas/12/08/20191012084100_00160.jpg,datasets_cloudmask/dataset_cropped/10_Metas/12/08/20191012084100_00160.png,82.7,1.6,82.9,19.2,961
10/12/2019 8:42,datasets/dataset_cropped/10_Metas/12/08/20191012084200_00160.jpg,datasets_flow/dataset_cropped/10_Metas/12/08/20191012084200_00160.jpg,datasets_cloudmask/dataset_cropped/10_Metas/12/08/20191012084200_00160.png,84.1,2.3,84,19.2,961
10/12/2019 8:43,datasets/dataset_cropped/10_Metas/12/08/20191012084300_00160.jpg,datasets_flow/dataset_cropped/10_Metas/12/08/20191012084300_00160.jpg,datasets_cloudmask/dataset_cropped/10_Metas/12/08/20191012084300_00160.png,86.3,3,86,19.1,962
10/12/2019 8:44,datasets/dataset_cropped/10_Metas/12/08/20191012084400_00160.jpg,datasets_flow/dataset_cropped/10_Metas/12/08/20191012084400_00160.jpg,datasets_cloudmask/dataset_cropped/10_Metas/12/08/20191012084400_00160.png,89.4,3.7,88.8,19,961
10/12/2019 8:45,datasets/dataset_cropped/10_Metas/12/08/20191012084500_00160.jpg,datasets_flow/dataset_cropped/10_Metas/12/08/20191012084500_00160.jpg,datasets_cloudmask/dataset_cropped/10_Metas/12/08/20191012084500_00160.png,93.1,3.5,92.7,18.9,962
10/12/2019 8:46,datasets/dataset_cropped/10_Metas/12/08/20191012084600_00160.jpg,datasets_flow/dataset_cropped/10_Metas/12/08/20191012084600_00160.jpg,datasets_cloudmask/dataset_cropped/10_Metas/12/08/20191012084600_00160.png,99.3,7.8,97.4,18.8,962
10/12/2019 8:47,datasets/dataset_cropped/10_Metas/12/08/20191012084700_00160.jpg,datasets_flow/dataset_cropped/10_Metas/12/08/20191012084700_00160.jpg,datasets_cloudmask/dataset_cropped/10_Metas/12/08/20191012084700_00160.png,126.9,78.6,104.3,18.7,962
10/12/2019 8:48,datasets/dataset_cropped/10_Metas/12/08/20191012084800_00160.jpg,datasets_flow/dataset_cropped/10_Metas/12/08/20191012084800_00160.jpg,datasets_cloudmask/dataset_cropped/10_Metas/12/08/20191012084800_00160.png,202.7,301.1,114,18.8,962
10/12/2019 8:49,datasets/dataset_cropped/10_Metas/12/08/20191012084900_00160.jpg,datasets_flow/dataset_cropped/10_Metas/12/08/20191012084900_00160.jpg,datasets_cloudmask/dataset_cropped/10_Metas/12/08/20191012084900_00160.png,168.8,172.8,117,18.8,962
10/12/2019 8:50,datasets/dataset_cropped/10_Metas/12/08/20191012085000_00160.jpg,datasets_flow/dataset_cropped/10_Metas/12/08/20191012085000_00160.jpg,datasets_cloudmask/dataset_cropped/10_Metas/12/08/20191012085000_00160.png,120.5,7.6,118.4,18.8,962
10/12/2019 8:51,datasets/dataset_cropped/10_Metas/12/08/20191012085100_00160.jpg,datasets_flow/dataset_cropped/10_Metas/12/08/20191012085100_00160.jpg,datasets_cloudmask/dataset_cropped/10_Metas/12/08/20191012085100_00160.png,123.5,1.5,123.3,18.9,962
10/12/2019 8:52,datasets/dataset_cropped/10_Metas/12/08/20191012085200_00160.jpg,datasets_flow/dataset_cropped/10_Metas/12/08/20191012085200_00160.jpg,datasets_cloudmask/dataset_cropped/10_Metas/12/08/20191012085200_00160.png,129.4,0.4,129.5,18.9,962
10/12/2019 8:53,datasets/dataset_cropped/10_Metas/12/08/20191012085300_00160.jpg,datasets_flow/dataset_cropped/10_Metas/12/08/20191012085300_00160.jpg,datasets_cloudmask/dataset_cropped/10_Metas/12/08/20191012085300_00160.png,136,0.3,136.2,18.9,962
10/12/2019 8:54,datasets/dataset_cropped/10_Metas/12/08/20191012085400_00160.jpg,datasets_flow/dataset_cropped/10_Metas/12/08/20191012085400_00160.jpg,datasets_cloudmask/dataset_cropped/10_Metas/12/08/20191012085400_00160.png,141.3,0.3,141.5,18.9,962
10/12/2019 8:55,datasets/dataset_cropped/10_Metas/12/08/20191012085500_00160.jpg,datasets_flow/dataset_cropped/10_Metas/12/08/20191012085500_00160.jpg,datasets_cloudmask/dataset_cropped/10_Metas/12/08/20191012085500_00160.png,144.8,0.4,145,18.9,962
10/12/2019 8:56,datasets/dataset_cropped/10_Metas/12/08/20191012085600_00160.jpg,datasets_flow/dataset_cropped/10_Metas/12/08/20191012085600_00160.jpg,datasets_cloudmask/dataset_cropped/10_Metas/12/08/20191012085600_00160.png,146.9,0.4,147.1,18.9,962
10/12/2019 8:57,datasets/dataset_cropped/10_Metas/12/08/20191012085700_00160.jpg,datasets_flow/dataset_cropped/10_Metas/12/08/20191012085700_00160.jpg,datasets_cloudmask/dataset_cropped/10_Metas/12/08/20191012085700_00160.png,148.9,0.3,149.1,18.9,962
10/12/2019 8:58,datasets/dataset_cropped/10_Metas/12/08/20191012085800_00160.jpg,datasets_flow/dataset_cropped/10_Metas/12/08/20191012085800_00160.jpg,datasets_cloudmask/dataset_cropped/10_Metas/12/08/20191012085800_00160.png,151,0.3,151.3,18.9,962
10/12/2019 8:59,datasets/dataset_cropped/10_Metas/12/08/20191012085900_00160.jpg,datasets_flow/dataset_cropped/10_Metas/12/08/20191012085900_00160.jpg,datasets_cloudmask/dataset_cropped/10_Metas/12/08/20191012085900_00160.png,153.4,0.4,153.7,18.9,962
10/12/2019 9:00,datasets/dataset_cropped/10_Metas/12/09/20191012090000_00160.jpg,datasets_flow/dataset_cropped/10_Metas/12/09/20191012090000_00160.jpg,datasets_cloudmask/dataset_cropped/10_Metas/12/09/20191012090000_00160.png,156,0.4,156.3,18.9,962
10/12/2019 9:01,datasets/dataset_cropped/10_Metas/12/09/20191012090100_00160.jpg,datasets_flow/dataset_cropped/10_Metas/12/09/20191012090100_00160.jpg,datasets_cloudmask/dataset_cropped/10_Metas/12/09/20191012090100_00160.png,159.9,0.4,160.2,18.9,962
10/12/2019 9:02,datasets/dataset_cropped/10_Metas/12/09/20191012090200_00160.jpg,datasets_flow/dataset_cropped/10_Metas/12/09/20191012090200_00160.jpg,datasets_cloudmask/dataset_cropped/10_Metas/12/09/20191012090200_00160.png,165.4,0.5,165.7,18.9,962
10/12/2019 9:03,datasets/dataset_cropped/10_Metas/12/09/20191012090300_00160.jpg,datasets_flow/dataset_cropped/10_Metas/12/09/20191012090300_00160.jpg,datasets_cloudmask/dataset_cropped/10_Metas/12/09/20191012090300_00160.png,171.8,0.6,172.2,18.9,962
10/12/2019 9:04,datasets/dataset_cropped/10_Metas/12/09/20191012090400_00160.jpg,datasets_flow/dataset_cropped/10_Metas/12/09/20191012090400_00160.jpg,datasets_cloudmask/dataset_cropped/10_Metas/12/09/20191012090400_00160.png,177.8,0.7,178.3,19,962
10/12/2019 9:05,datasets/dataset_cropped/10_Metas/12/09/20191012090500_00160.jpg,datasets_flow/dataset_cropped/10_Metas/12/09/20191012090500_00160.jpg,datasets_cloudmask/dataset_cropped/10_Metas/12/09/20191012090500_00160.png,183.3,1.1,183.7,19,962
10/12/2019 9:06,datasets/dataset_cropped/10_Metas/12/09/20191012090600_00160.jpg,datasets_flow/dataset_cropped/10_Metas/12/09/20191012090600_00160.jpg,datasets_cloudmask/dataset_cropped/10_Metas/12/09/20191012090600_00160.png,187.6,1.4,187.9,19.1,962
10/12/2019 9:07,datasets/dataset_cropped/10_Metas/12/09/20191012090700_00160.jpg,datasets_flow/dataset_cropped/10_Metas/12/09/20191012090700_00160.jpg,datasets_cloudmask/dataset_cropped/10_Metas/12/09/20191012090700_00160.png,190.4,1.2,191,19.1,962
10/12/2019 9:08,datasets/dataset_cropped/10_Metas/12/09/20191012090800_00160.jpg,datasets_flow/dataset_cropped/10_Metas/12/09/20191012090800_00160.jpg,datasets_cloudmask/dataset_cropped/10_Metas/12/09/20191012090800_00160.png,193.6,1.3,194.2,19.2,962
10/12/2019 9:09,datasets/dataset_cropped/10_Metas/12/09/20191012090900_00160.jpg,datasets_flow/dataset_cropped/10_Metas/12/09/20191012090900_00160.jpg,datasets_cloudmask/dataset_cropped/10_Metas/12/09/20191012090900_00160.png,198.8,1.6,199.4,19.2,962
10/12/2019 9:10,datasets/dataset_cropped/10_Metas/12/09/20191012091000_00160.jpg,datasets_flow/dataset_cropped/10_Metas/12/09/20191012091000_00160.jpg,datasets_cloudmask/dataset_cropped/10_Metas/12/09/20191012091000_00160.png,205.7,3.4,205.8,19.3,962
10/12/2019 9:11,datasets/dataset_cropped/10_Metas/12/09/20191012091100_00160.jpg,datasets_flow/dataset_cropped/10_Metas/12/09/20191012091100_00160.jpg,datasets_cloudmask/dataset_cropped/10_Metas/12/09/20191012091100_00160.png,213,13.7,209.3,19.4,962
10/12/2019 9:12,datasets/dataset_cropped/10_Metas/12/09/20191012091200_00160.jpg,datasets_flow/dataset_cropped/10_Metas/12/09/20191012091200_00160.jpg,datasets_cloudmask/dataset_cropped/10_Metas/12/09/20191012091200_00160.png,214,9.6,211.7,19.5,962
10/12/2019 9:13,datasets/dataset_cropped/10_Metas/12/09/20191012091300_00160.jpg,datasets_flow/dataset_cropped/10_Metas/12/09/20191012091300_00160.jpg,datasets_cloudmask/dataset_cropped/10_Metas/12/09/20191012091300_00160.png,231.3,43.5,216.1,19.5,962
10/12/2019 9:14,datasets/dataset_cropped/10_Metas/12/09/20191012091400_00160.jpg,datasets_flow/dataset_cropped/10_Metas/12/09/20191012091400_00160.jpg,datasets_cloudmask/dataset_cropped/10_Metas/12/09/20191012091400_00160.png,247.5,83.8,217.3,19.5,962
10/12/2019 9:15,datasets/dataset_cropped/10_Metas/12/09/20191012091500_00160.jpg,datasets_flow/dataset_cropped/10_Metas/12/09/20191012091500_00160.jpg,datasets_cloudmask/dataset_cropped/10_Metas/12/09/20191012091500_00160.png,222.9,20.4,216.6,19.6,962
10/12/2019 9:16,datasets/dataset_cropped/10_Metas/12/09/20191012091600_00160.jpg,datasets_flow/dataset_cropped/10_Metas/12/09/20191012091600_00160.jpg,datasets_cloudmask/dataset_cropped/10_Metas/12/09/20191012091600_00160.png,226.9,25.7,217.6,19.6,962
10/12/2019 9:17,datasets/dataset_cropped/10_Metas/12/09/20191012091700_00160.jpg,datasets_flow/dataset_cropped/10_Metas/12/09/20191012091700_00160.jpg,datasets_cloudmask/dataset_cropped/10_Metas/12/09/20191012091700_00160.png,273.2,133.9,223.1,19.7,962
10/12/2019 9:18,datasets/dataset_cropped/10_Metas/12/09/20191012091800_00160.jpg,datasets_flow/dataset_cropped/10_Metas/12/09/20191012091800_00160.jpg,datasets_cloudmask/dataset_cropped/10_Metas/12/09/20191012091800_00160.png,467.1,626.2,229.5,19.7,962
10/12/2019 9:19,datasets/dataset_cropped/10_Metas/12/09/20191012091900_00160.jpg,datasets_flow/dataset_cropped/10_Metas/12/09/20191012091900_00160.jpg,datasets_cloudmask/dataset_cropped/10_Metas/12/09/20191012091900_00160.png,490.9,696.5,224.1,19.7,962
10/12/2019 9:20,datasets/dataset_cropped/10_Metas/12/09/20191012092000_00160.jpg,datasets_flow/dataset_cropped/10_Metas/12/09/20191012092000_00160.jpg,datasets_cloudmask/dataset_cropped/10_Metas/12/09/20191012092000_00160.png,475.7,673.5,215.4,19.8,962
10/12/2019 9:21,datasets/dataset_cropped/10_Metas/12/09/20191012092100_00160.jpg,datasets_flow/dataset_cropped/10_Metas/12/09/20191012092100_00160.jpg,datasets_cloudmask/dataset_cropped/10_Metas/12/09/20191012092100_00160.png,342.8,362.4,202.4,20.2,962
10/12/2019 9:22,datasets/dataset_cropped/10_Metas/12/09/20191012092200_00160.jpg,datasets_flow/dataset_cropped/10_Metas/12/09/20191012092200_00160.jpg,datasets_cloudmask/dataset_cropped/10_Metas/12/09/20191012092200_00160.png,464.5,665.2,204.3,20.6,962
10/12/2019 9:23,datasets/dataset_cropped/10_Metas/12/09/20191012092300_00160.jpg,datasets_flow/dataset_cropped/10_Metas/12/09/20191012092300_00160.jpg,datasets_cloudmask/dataset_cropped/10_Metas/12/09/20191012092300_00160.png,383.9,481.2,193.9,20.7,962
10/12/2019 9:24,datasets/dataset_cropped/10_Metas/12/09/20191012092400_00160.jpg,datasets_flow/dataset_cropped/10_Metas/12/09/20191012092400_00160.jpg,datasets_cloudmask/dataset_cropped/10_Metas/12/09/20191012092400_00160.png,353.9,424.6,185,20.6,962
10/12/2019 9:25,datasets/dataset_cropped/10_Metas/12/09/20191012092500_00160.jpg,datasets_flow/dataset_cropped/10_Metas/12/09/20191012092500_00160.jpg,datasets_cloudmask/dataset_cropped/10_Metas/12/09/20191012092500_00160.png,368.3,470.6,179.8,20.6,962
10/12/2019 9:26,datasets/dataset_cropped/10_Metas/12/09/20191012092600_00160.jpg,datasets_flow/dataset_cropped/10_Metas/12/09/20191012092600_00160.jpg,datasets_cloudmask/dataset_cropped/10_Metas/12/09/20191012092600_00160.png,395.4,551.8,172.5,20.8,962
10/12/2019 9:27,datasets/dataset_cropped/10_Metas/12/09/20191012092700_00160.jpg,datasets_flow/dataset_cropped/10_Metas/12/09/20191012092700_00160.jpg,datasets_cloudmask/dataset_cropped/10_Metas/12/09/20191012092700_00160.png,300.8,332.5,165.8,20.7,962
10/12/2019 9:28,datasets/dataset_cropped/10_Metas/12/09/20191012092800_00160.jpg,datasets_flow/dataset_cropped/10_Metas/12/09/20191012092800_00160.jpg,datasets_cloudmask/dataset_cropped/10_Metas/12/09/20191012092800_00160.png,439.2,650.3,173.4,20.6,962
10/12/2019 9:29,datasets/dataset_cropped/10_Metas/12/09/20191012092900_00160.jpg,datasets_flow/dataset_cropped/10_Metas/12/09/20191012092900_00160.jpg,datasets_cloudmask/dataset_cropped/10_Metas/12/09/20191012092900_00160.png,460.5,688.4,177.2,20.5,962
10/12/2019 9:30,datasets/dataset_cropped/10_Metas/12/09/20191012093000_00160.jpg,datasets_flow/dataset_cropped/10_Metas/12/09/20191012093000_00160.jpg,datasets_cloudmask/dataset_cropped/10_Metas/12/09/20191012093000_00160.png,479.3,715.1,182.7,20.6,962
10/12/2019 9:31,datasets/dataset_cropped/10_Metas/12/09/20191012093100_00160.jpg,datasets_flow/dataset_cropped/10_Metas/12/09/20191012093100_00160.jpg,datasets_cloudmask/dataset_cropped/10_Metas/12/09/20191012093100_00160.png,490.1,715.2,191.2,20.6,962
10/12/2019 9:32,datasets/dataset_cropped/10_Metas/12/09/20191012093200_00160.jpg,datasets_flow/dataset_cropped/10_Metas/12/09/20191012093200_00160.jpg,datasets_cloudmask/dataset_cropped/10_Metas/12/09/20191012093200_00160.png,510.1,725.4,205.2,20.9,962
10/12/2019 9:33,datasets/dataset_cropped/10_Metas/12/09/20191012093300_00160.jpg,datasets_flow/dataset_cropped/10_Metas/12/09/20191012093300_00160.jpg,datasets_cloudmask/dataset_cropped/10_Metas/12/09/20191012093300_00160.png,499.3,666,217.4,20.9,962
10/12/2019 9:34,datasets/dataset_cropped/10_Metas/12/09/20191012093400_00160.jpg,datasets_flow/dataset_cropped/10_Metas/12/09/20191012093400_00160.jpg,datasets_cloudmask/dataset_cropped/10_Metas/12/09/20191012093400_00160.png,339.8,275.4,222.3,21,962
10/12/2019 9:35,datasets/dataset_cropped/10_Metas/12/09/20191012093500_00160.jpg,datasets_flow/dataset_cropped/10_Metas/12/09/20191012093500_00160.jpg,datasets_cloudmask/dataset_cropped/10_Metas/12/09/20191012093500_00160.png,554.8,717.3,246.1,20.8,962
10/12/2019 9:36,datasets/dataset_cropped/10_Metas/12/09/20191012093600_00160.jpg,datasets_flow/dataset_cropped/10_Metas/12/09/20191012093600_00160.jpg,datasets_cloudmask/dataset_cropped/10_Metas/12/09/20191012093600_00160.png,340.8,211.6,248.8,20.9,962
10/12/2019 9:37,datasets/dataset_cropped/10_Metas/12/09/20191012093700_00160.jpg,datasets_flow/dataset_cropped/10_Metas/12/09/20191012093700_00160.jpg,datasets_cloudmask/dataset_cropped/10_Metas/12/09/20191012093700_00160.png,374.6,267.5,257.2,21.1,962
10/12/2019 9:38,datasets/dataset_cropped/10_Metas/12/09/20191012093800_00160.jpg,datasets_flow/dataset_cropped/10_Metas/12/09/20191012093800_00160.jpg,datasets_cloudmask/dataset_cropped/10_Metas/12/09/20191012093800_00160.png,535.5,599.2,272.8,21.1,962
10/12/2019 9:39,datasets/dataset_cropped/10_Metas/12/09/20191012093900_00160.jpg,datasets_flow/dataset_cropped/10_Metas/12/09/20191012093900_00160.jpg,datasets_cloudmask/dataset_cropped/10_Metas/12/09/20191012093900_00160.png,545.7,618.5,273.5,21.2,962
10/12/2019 9:40,datasets/dataset_cropped/10_Metas/12/09/20191012094000_00160.jpg,datasets_flow/dataset_cropped/10_Metas/12/09/20191012094000_00160.jpg,datasets_cloudmask/dataset_cropped/10_Metas/12/09/20191012094000_00160.png,561.6,640.2,278.5,21.2,962
10/12/2019 9:41,datasets/dataset_cropped/10_Metas/12/09/20191012094100_00160.jpg,datasets_flow/dataset_cropped/10_Metas/12/09/20191012094100_00160.jpg,datasets_cloudmask/dataset_cropped/10_Metas/12/09/20191012094100_00160.png,559.9,630.3,280.1,21.4,962
10/12/2019 9:42,datasets/dataset_cropped/10_Metas/12/09/20191012094200_00160.jpg,datasets_flow/dataset_cropped/10_Metas/12/09/20191012094200_00160.jpg,datasets_cloudmask/dataset_cropped/10_Metas/12/09/20191012094200_00160.png,551.9,607.5,280.5,21.3,962
10/12/2019 9:43,datasets/dataset_cropped/10_Metas/12/09/20191012094300_00160.jpg,datasets_flow/dataset_cropped/10_Metas/12/09/20191012094300_00160.jpg,datasets_cloudmask/dataset_cropped/10_Metas/12/09/20191012094300_00160.png,588.3,684.2,280.7,21.2,962
10/12/2019 9:44,datasets/dataset_cropped/10_Metas/12/09/20191012094400_00160.jpg,datasets_flow/dataset_cropped/10_Metas/12/09/20191012094400_00160.jpg,datasets_cloudmask/dataset_cropped/10_Metas/12/09/20191012094400_00160.png,511.7,528.2,271.9,21.1,962
10/12/2019 9:45,datasets/dataset_cropped/10_Metas/12/09/20191012094500_00160.jpg,datasets_flow/dataset_cropped/10_Metas/12/09/20191012094500_00160.jpg,datasets_cloudmask/dataset_cropped/10_Metas/12/09/20191012094500_00160.png,274.2,53.5,250.1,21.1,962
10/12/2019 9:46,datasets/dataset_cropped/10_Metas/12/09/20191012094600_00160.jpg,datasets_flow/dataset_cropped/10_Metas/12/09/20191012094600_00160.jpg,datasets_cloudmask/dataset_cropped/10_Metas/12/09/20191012094600_00160.png,249.3,21.8,239.8,21.1,962
10/12/2019 9:47,datasets/dataset_cropped/10_Metas/12/09/20191012094700_00160.jpg,datasets_flow/dataset_cropped/10_Metas/12/09/20191012094700_00160.jpg,datasets_cloudmask/dataset_cropped/10_Metas/12/09/20191012094700_00160.png,248.4,19.1,240,20.8,963
10/12/2019 9:48,datasets/dataset_cropped/10_Metas/12/09/20191012094800_00160.jpg,datasets_flow/dataset_cropped/10_Metas/12/09/20191012094800_00160.jpg,datasets_cloudmask/dataset_cropped/10_Metas/12/09/20191012094800_00160.png,249.1,10.2,244.6,20.8,962
10/12/2019 9:49,datasets/dataset_cropped/10_Metas/12/09/20191012094900_00160.jpg,datasets_flow/dataset_cropped/10_Metas/12/09/20191012094900_00160.jpg,datasets_cloudmask/dataset_cropped/10_Metas/12/09/20191012094900_00160.png,251.1,1.2,250.6,20.8,962
10/12/2019 9:50,datasets/dataset_cropped/10_Metas/12/09/20191012095000_00160.jpg,datasets_flow/dataset_cropped/10_Metas/12/09/20191012095000_00160.jpg,datasets_cloudmask/dataset_cropped/10_Metas/12/09/20191012095000_00160.png,261,1.5,260.2,20.8,962
10/12/2019 9:51,datasets/dataset_cropped/10_Metas/12/09/20191012095100_00160.jpg,datasets_flow/dataset_cropped/10_Metas/12/09/20191012095100_00160.jpg,datasets_cloudmask/dataset_cropped/10_Metas/12/09/20191012095100_00160.png,287.2,27.4,273.8,20.8,962
10/12/2019 9:52,datasets/dataset_cropped/10_Metas/12/09/20191012095200_00160.jpg,datasets_flow/dataset_cropped/10_Metas/12/09/20191012095200_00160.jpg,datasets_cloudmask/dataset_cropped/10_Metas/12/09/20191012095200_00160.png,399.1,219.9,293.9,20.7,962
10/12/2019 9:53,datasets/dataset_cropped/10_Metas/12/09/20191012095300_00160.jpg,datasets_flow/dataset_cropped/10_Metas/12/09/20191012095300_00160.jpg,datasets_cloudmask/dataset_cropped/10_Metas/12/09/20191012095300_00160.png,540.1,484.2,308.5,20.8,962
10/12/2019 9:54,datasets/dataset_cropped/10_Metas/12/09/20191012095400_00160.jpg,datasets_flow/dataset_cropped/10_Metas/12/09/20191012095400_00160.jpg,datasets_cloudmask/dataset_cropped/10_Metas/12/09/20191012095400_00160.png,425.7,258.4,300.8,21.1,962
10/12/2019 9:55,datasets/dataset_cropped/10_Metas/12/09/20191012095500_00160.jpg,datasets_flow/dataset_cropped/10_Metas/12/09/20191012095500_00160.jpg,datasets_cloudmask/dataset_cropped/10_Metas/12/09/20191012095500_00160.png,400.5,213.3,297.3,21.2,963
10/12/2019 9:56,datasets/dataset_cropped/10_Metas/12/09/20191012095600_00160.jpg,datasets_flow/dataset_cropped/10_Metas/12/09/20191012095600_00160.jpg,datasets_cloudmask/dataset_cropped/10_Metas/12/09/20191012095600_00160.png,325.1,77.4,286.7,21.2,963
10/12/2019 9:57,datasets/dataset_cropped/10_Metas/12/09/20191012095700_00160.jpg,datasets_flow/dataset_cropped/10_Metas/12/09/20191012095700_00160.jpg,datasets_cloudmask/dataset_cropped/10_Metas/12/09/20191012095700_00160.png,279.8,16.8,271.4,21,963
10/12/2019 9:58,datasets/dataset_cropped/10_Metas/12/09/20191012095800_00160.jpg,datasets_flow/dataset_cropped/10_Metas/12/09/20191012095800_00160.jpg,datasets_cloudmask/dataset_cropped/10_Metas/12/09/20191012095800_00160.png,255.1,1.8,254.6,20.8,963
10/12/2019 9:59,datasets/dataset_cropped/10_Metas/12/09/20191012095900_00160.jpg,datasets_flow/dataset_cropped/10_Metas/12/09/20191012095900_00160.jpg,datasets_cloudmask/dataset_cropped/10_Metas/12/09/20191012095900_00160.png,243.6,1.1,243.2,20.7,963
10/12/2019 10:00,datasets/dataset_cropped/10_Metas/12/10/20191012100000_00160.jpg,datasets_flow/dataset_cropped/10_Metas/12/10/20191012100000_00160.jpg,datasets_cloudmask/dataset_cropped/10_Metas/12/10/20191012100000_00160.png,235.7,0.7,235.5,20.8,963
10/12/2019 10:01,datasets/dataset_cropped/10_Metas/12/10/20191012100100_00160.jpg,datasets_flow/dataset_cropped/10_Metas/12/10/20191012100100_00160.jpg,datasets_cloudmask/dataset_cropped/10_Metas/12/10/20191012100100_00160.png,231.6,0.7,231.2,20.9,963
10/12/2019 10:02,datasets/dataset_cropped/10_Metas/12/10/20191012100200_00160.jpg,datasets_flow/dataset_cropped/10_Metas/12/10/20191012100200_00160.jpg,datasets_cloudmask/dataset_cropped/10_Metas/12/10/20191012100200_00160.png,232,2.1,230.8,21,963
10/12/2019 10:03,datasets/dataset_cropped/10_Metas/12/10/20191012100300_00160.jpg,datasets_flow/dataset_cropped/10_Metas/12/10/20191012100300_00160.jpg,datasets_cloudmask/dataset_cropped/10_Metas/12/10/20191012100300_00160.png,236.8,5.2,234.1,20.9,963
10/12/2019 10:04,datasets/dataset_cropped/10_Metas/12/10/20191012100400_00160.jpg,datasets_flow/dataset_cropped/10_Metas/12/10/20191012100400_00160.jpg,datasets_cloudmask/dataset_cropped/10_Metas/12/10/20191012100400_00160.png,240.7,2,239.7,20.9,963
10/12/2019 10:05,datasets/dataset_cropped/10_Metas/12/10/20191012100500_00160.jpg,datasets_flow/dataset_cropped/10_Metas/12/10/20191012100500_00160.jpg,datasets_cloudmask/dataset_cropped/10_Metas/12/10/20191012100500_00160.png,247.4,0.6,247.3,20.9,963
10/12/2019 10:06,datasets/dataset_cropped/10_Metas/12/10/20191012100600_00160.jpg,datasets_flow/dataset_cropped/10_Metas/12/10/20191012100600_00160.jpg,datasets_cloudmask/dataset_cropped/10_Metas/12/10/20191012100600_00160.png,258.2,3.5,256.7,20.8,963
10/12/2019 10:07,datasets/dataset_cropped/10_Metas/12/10/20191012100700_00160.jpg,datasets_flow/dataset_cropped/10_Metas/12/10/20191012100700_00160.jpg,datasets_cloudmask/dataset_cropped/10_Metas/12/10/20191012100700_00160.png,276.3,16.4,267.9,20.8,963
10/12/2019 10:08,datasets/dataset_cropped/10_Metas/12/10/20191012100800_00160.jpg,datasets_flow/dataset_cropped/10_Metas/12/10/20191012100800_00160.jpg,datasets_cloudmask/dataset_cropped/10_Metas/12/10/20191012100800_00160.png,305.3,46.2,281,20.7,963
10/12/2019 10:09,datasets/dataset_cropped/10_Metas/12/10/20191012100900_00160.jpg,datasets_flow/dataset_cropped/10_Metas/12/10/20191012100900_00160.jpg,datasets_cloudmask/dataset_cropped/10_Metas/12/10/20191012100900_00160.png,321.1,60.3,289.7,20.7,963
10/12/2019 10:10,datasets/dataset_cropped/10_Metas/12/10/20191012101000_00160.jpg,datasets_flow/dataset_cropped/10_Metas/12/10/20191012101000_00160.jpg,datasets_cloudmask/dataset_cropped/10_Metas/12/10/20191012101000_00160.png,360.1,115.6,299.9,20.7,963
10/12/2019 10:11,datasets/dataset_cropped/10_Metas/12/10/20191012101100_00160.jpg,datasets_flow/dataset_cropped/10_Metas/12/10/20191012101100_00160.jpg,datasets_cloudmask/dataset_cropped/10_Metas/12/10/20191012101100_00160.png,368.3,106.1,312.8,20.8,963
10/12/2019 10:12,datasets/dataset_cropped/10_Metas/12/10/20191012101200_00160.jpg,datasets_flow/dataset_cropped/10_Metas/12/10/20191012101200_00160.jpg,datasets_cloudmask/dataset_cropped/10_Metas/12/10/20191012101200_00160.png,379.7,105.6,324.8,20.9,963
10/12/2019 10:13,datasets/dataset_cropped/10_Metas/12/10/20191012101300_00160.jpg,datasets_flow/dataset_cropped/10_Metas/12/10/20191012101300_00160.jpg,datasets_cloudmask/dataset_cropped/10_Metas/12/10/20191012101300_00160.png,396.2,120.7,333.3,21,963
10/12/2019 10:14,datasets/dataset_cropped/10_Metas/12/10/20191012101400_00160.jpg,datasets_flow/dataset_cropped/10_Metas/12/10/20191012101400_00160.jpg,datasets_cloudmask/dataset_cropped/10_Metas/12/10/20191012101400_00160.png,499.6,295.9,344,21,963
10/12/2019 10:15,datasets/dataset_cropped/10_Metas/12/10/20191012101500_00160.jpg,datasets_flow/dataset_cropped/10_Metas/12/10/20191012101500_00160.jpg,datasets_cloudmask/dataset_cropped/10_Metas/12/10/20191012101500_00160.png,411.6,122.2,346.5,21.2,963
10/12/2019 10:16,datasets/dataset_cropped/10_Metas/12/10/20191012101600_00160.jpg,datasets_flow/dataset_cropped/10_Metas/12/10/20191012101600_00160.jpg,datasets_cloudmask/dataset_cropped/10_Metas/12/10/20191012101600_00160.png,409.5,112.1,349.9,21.2,963
10/12/2019 10:17,datasets/dataset_cropped/10_Metas/12/10/20191012101700_00160.jpg,datasets_flow/dataset_cropped/10_Metas/12/10/20191012101700_00160.jpg,datasets_cloudmask/dataset_cropped/10_Metas/12/10/20191012101700_00160.png,417.8,135.2,346.3,21.2,963
10/12/2019 10:18,datasets/dataset_cropped/10_Metas/12/10/20191012101800_00160.jpg,datasets_flow/dataset_cropped/10_Metas/12/10/20191012101800_00160.jpg,datasets_cloudmask/dataset_cropped/10_Metas/12/10/20191012101800_00160.png,352.6,24.2,340.6,21.2,963
10/12/2019 10:19,datasets/dataset_cropped/10_Metas/12/10/20191012101900_00160.jpg,datasets_flow/dataset_cropped/10_Metas/12/10/20191012101900_00160.jpg,datasets_cloudmask/dataset_cropped/10_Metas/12/10/20191012101900_00160.png,430.1,159.9,343.8,21.4,963
10/12/2019 10:20,datasets/dataset_cropped/10_Metas/12/10/20191012102000_00160.jpg,datasets_flow/dataset_cropped/10_Metas/12/10/20191012102000_00160.jpg,datasets_cloudmask/dataset_cropped/10_Metas/12/10/20191012102000_00160.png,445.1,171.6,351.2,21.3,963
10/12/2019 10:21,datasets/dataset_cropped/10_Metas/12/10/20191012102100_00160.jpg,datasets_flow/dataset_cropped/10_Metas/12/10/20191012102100_00160.jpg,datasets_cloudmask/dataset_cropped/10_Metas/12/10/20191012102100_00160.png,413.3,113.1,351.3,21.4,963
10/12/2019 10:22,datasets/dataset_cropped/10_Metas/12/10/20191012102200_00160.jpg,datasets_flow/dataset_cropped/10_Metas/12/10/20191012102200_00160.jpg,datasets_cloudmask/dataset_cropped/10_Metas/12/10/20191012102200_00160.png,398.5,88.3,349.1,21.4,963
10/12/2019 10:23,datasets/dataset_cropped/10_Metas/12/10/20191012102300_00160.jpg,datasets_flow/dataset_cropped/10_Metas/12/10/20191012102300_00160.jpg,datasets_cloudmask/dataset_cropped/10_Metas/12/10/20191012102300_00160.png,396.8,82.2,349.3,21.3,963
10/12/2019 10:24,datasets/dataset_cropped/10_Metas/12/10/20191012102400_00160.jpg,datasets_flow/dataset_cropped/10_Metas/12/10/20191012102400_00160.jpg,datasets_cloudmask/dataset_cropped/10_Metas/12/10/20191012102400_00160.png,516.7,298.7,350.8,21.3,963
10/12/2019 10:25,datasets/dataset_cropped/10_Metas/12/10/20191012102500_00160.jpg,datasets_flow/dataset_cropped/10_Metas/12/10/20191012102500_00160.jpg,datasets_cloudmask/dataset_cropped/10_Metas/12/10/20191012102500_00160.png,475.6,232.8,345.6,21.3,963
10/12/2019 10:26,datasets/dataset_cropped/10_Metas/12/10/20191012102600_00160.jpg,datasets_flow/dataset_cropped/10_Metas/12/10/20191012102600_00160.jpg,datasets_cloudmask/dataset_cropped/10_Metas/12/10/20191012102600_00160.png,394.7,107.1,333.8,21.4,963
10/12/2019 10:27,datasets/dataset_cropped/10_Metas/12/10/20191012102700_00160.jpg,datasets_flow/dataset_cropped/10_Metas/12/10/20191012102700_00160.jpg,datasets_cloudmask/dataset_cropped/10_Metas/12/10/20191012102700_00160.png,322.6,29.7,306.2,21.6,963
10/12/2019 10:28,datasets/dataset_cropped/10_Metas/12/10/20191012102800_00160.jpg,datasets_flow/dataset_cropped/10_Metas/12/10/20191012102800_00160.jpg,datasets_cloudmask/dataset_cropped/10_Metas/12/10/20191012102800_00160.png,294.9,19.9,283.8,21.6,963
10/12/2019 10:29,datasets/dataset_cropped/10_Metas/12/10/20191012102900_00160.jpg,datasets_flow/dataset_cropped/10_Metas/12/10/20191012102900_00160.jpg,datasets_cloudmask/dataset_cropped/10_Metas/12/10/20191012102900_00160.png,271.9,8.1,267.2,21.5,963
10/12/2019 10:30,datasets/dataset_cropped/10_Metas/12/10/20191012103000_00160.jpg,datasets_flow/dataset_cropped/10_Metas/12/10/20191012103000_00160.jpg,datasets_cloudmask/dataset_cropped/10_Metas/12/10/20191012103000_00160.png,255.4,2.6,253.9,21.4,963
10/12/2019 10:31,datasets/dataset_cropped/10_Metas/12/10/20191012103100_00160.jpg,datasets_flow/dataset_cropped/10_Metas/12/10/20191012103100_00160.jpg,datasets_cloudmask/dataset_cropped/10_Metas/12/10/20191012103100_00160.png,245.6,1.7,244.7,21.3,963
10/12/2019 10:32,datasets/dataset_cropped/10_Metas/12/10/20191012103200_00160.jpg,datasets_flow/dataset_cropped/10_Metas/12/10/20191012103200_00160.jpg,datasets_cloudmask/dataset_cropped/10_Metas/12/10/20191012103200_00160.png,237.2,0.4,236.9,21.2,963
10/12/2019 10:33,datasets/dataset_cropped/10_Metas/12/10/20191012103300_00160.jpg,datasets_flow/dataset_cropped/10_Metas/12/10/20191012103300_00160.jpg,datasets_cloudmask/dataset_cropped/10_Metas/12/10/20191012103300_00160.png,228.7,0,228.7,21.1,963
10/12/2019 10:34,datasets/dataset_cropped/10_Metas/12/10/20191012103400_00160.jpg,datasets_flow/dataset_cropped/10_Metas/12/10/20191012103400_00160.jpg,datasets_cloudmask/dataset_cropped/10_Metas/12/10/20191012103400_00160.png,223.4,0.1,223.3,21,963
10/12/2019 10:35,datasets/dataset_cropped/10_Metas/12/10/20191012103500_00160.jpg,datasets_flow/dataset_cropped/10_Metas/12/10/20191012103500_00160.jpg,datasets_cloudmask/dataset_cropped/10_Metas/12/10/20191012103500_00160.png,224.8,0.3,224.6,21,963
10/12/2019 10:36,datasets/dataset_cropped/10_Metas/12/10/20191012103600_00160.jpg,datasets_flow/dataset_cropped/10_Metas/12/10/20191012103600_00160.jpg,datasets_cloudmask/dataset_cropped/10_Metas/12/10/20191012103600_00160.png,232.4,0.3,232,21.1,963
10/12/2019 10:37,datasets/dataset_cropped/10_Metas/12/10/20191012103700_00160.jpg,datasets_flow/dataset_cropped/10_Metas/12/10/20191012103700_00160.jpg,datasets_cloudmask/dataset_cropped/10_Metas/12/10/20191012103700_00160.png,243.2,0.8,242.6,21,963
10/12/2019 10:38,datasets/dataset_cropped/10_Metas/12/10/20191012103800_00160.jpg,datasets_flow/dataset_cropped/10_Metas/12/10/20191012103800_00160.jpg,datasets_cloudmask/dataset_cropped/10_Metas/12/10/20191012103800_00160.png,254,1.3,253.2,21.1,963
10/12/2019 10:39,datasets/dataset_cropped/10_Metas/12/10/20191012103900_00160.jpg,datasets_flow/dataset_cropped/10_Metas/12/10/20191012103900_00160.jpg,datasets_cloudmask/dataset_cropped/10_Metas/12/10/20191012103900_00160.png,264.6,5.6,261.4,21.1,963
10/12/2019 10:40,datasets/dataset_cropped/10_Metas/12/10/20191012104000_00160.jpg,datasets_flow/dataset_cropped/10_Metas/12/10/20191012104000_00160.jpg,datasets_cloudmask/dataset_cropped/10_Metas/12/10/20191012104000_00160.png,266,1.3,265.7,21.1,963
10/12/2019 10:41,datasets/dataset_cropped/10_Metas/12/10/20191012104100_00160.jpg,datasets_flow/dataset_cropped/10_Metas/12/10/20191012104100_00160.jpg,datasets_cloudmask/dataset_cropped/10_Metas/12/10/20191012104100_00160.png,267.7,0.8,267.7,21.2,963
10/12/2019 10:42,datasets/dataset_cropped/10_Metas/12/10/20191012104200_00160.jpg,datasets_flow/dataset_cropped/10_Metas/12/10/20191012104200_00160.jpg,datasets_cloudmask/dataset_cropped/10_Metas/12/10/20191012104200_00160.png,269.8,0.9,269.8,21.1,963
10/12/2019 10:43,datasets/dataset_cropped/10_Metas/12/10/20191012104300_00160.jpg,datasets_flow/dataset_cropped/10_Metas/12/10/20191012104300_00160.jpg,datasets_cloudmask/dataset_cropped/10_Metas/12/10/20191012104300_00160.png,271.3,1,271.3,21.1,963
10/12/2019 10:44,datasets/dataset_cropped/10_Metas/12/10/20191012104400_00160.jpg,datasets_flow/dataset_cropped/10_Metas/12/10/20191012104400_00160.jpg,datasets_cloudmask/dataset_cropped/10_Metas/12/10/20191012104400_00160.png,273.4,3.3,271.8,21.2,963
10/12/2019 10:45,datasets/dataset_cropped/10_Metas/12/10/20191012104500_00160.jpg,datasets_flow/dataset_cropped/10_Metas/12/10/20191012104500_00160.jpg,datasets_cloudmask/dataset_cropped/10_Metas/12/10/20191012104500_00160.png,273.3,1.1,273.1,21.2,963
10/12/2019 10:46,datasets/dataset_cropped/10_Metas/12/10/20191012104600_00160.jpg,datasets_flow/dataset_cropped/10_Metas/12/10/20191012104600_00160.jpg,datasets_cloudmask/dataset_cropped/10_Metas/12/10/20191012104600_00160.png,274.4,0.6,274.3,21.3,963
10/12/2019 10:47,datasets/dataset_cropped/10_Metas/12/10/20191012104700_00160.jpg,datasets_flow/dataset_cropped/10_Metas/12/10/20191012104700_00160.jpg,datasets_cloudmask/dataset_cropped/10_Metas/12/10/20191012104700_00160.png,276.8,0.6,276.7,21.4,963
10/12/2019 10:48,datasets/dataset_cropped/10_Metas/12/10/20191012104800_00160.jpg,datasets_flow/dataset_cropped/10_Metas/12/10/20191012104800_00160.jpg,datasets_cloudmask/dataset_cropped/10_Metas/12/10/20191012104800_00160.png,278.4,0.7,278.4,21.3,963
10/12/2019 10:49,datasets/dataset_cropped/10_Metas/12/10/20191012104900_00160.jpg,datasets_flow/dataset_cropped/10_Metas/12/10/20191012104900_00160.jpg,datasets_cloudmask/dataset_cropped/10_Metas/12/10/20191012104900_00160.png,278.8,0.9,278.7,21.3,963
10/12/2019 10:50,datasets/dataset_cropped/10_Metas/12/10/20191012105000_00160.jpg,datasets_flow/dataset_cropped/10_Metas/12/10/20191012105000_00160.jpg,datasets_cloudmask/dataset_cropped/10_Metas/12/10/20191012105000_00160.png,278.1,1,278,21.4,963
10/12/2019 10:51,datasets/dataset_cropped/10_Metas/12/10/20191012105100_00160.jpg,datasets_flow/dataset_cropped/10_Metas/12/10/20191012105100_00160.jpg,datasets_cloudmask/dataset_cropped/10_Metas/12/10/20191012105100_00160.png,277.8,1,277.8,21.4,963
10/12/2019 10:52,datasets/dataset_cropped/10_Metas/12/10/20191012105200_00160.jpg,datasets_flow/dataset_cropped/10_Metas/12/10/20191012105200_00160.jpg,datasets_cloudmask/dataset_cropped/10_Metas/12/10/20191012105200_00160.png,278.7,1,278.4,21.3,963
10/12/2019 10:53,datasets/dataset_cropped/10_Metas/12/10/20191012105300_00160.jpg,datasets_flow/dataset_cropped/10_Metas/12/10/20191012105300_00160.jpg,datasets_cloudmask/dataset_cropped/10_Metas/12/10/20191012105300_00160.png,279.6,0.9,279.4,21.4,963
10/12/2019 10:54,datasets/dataset_cropped/10_Metas/12/10/20191012105400_00160.jpg,datasets_flow/dataset_cropped/10_Metas/12/10/20191012105400_00160.jpg,datasets_cloudmask/dataset_cropped/10_Metas/12/10/20191012105400_00160.png,281.2,0.9,281,21.4,963
10/12/2019 10:55,datasets/dataset_cropped/10_Metas/12/10/20191012105500_00160.jpg,datasets_flow/dataset_cropped/10_Metas/12/10/20191012105500_00160.jpg,datasets_cloudmask/dataset_cropped/10_Metas/12/10/20191012105500_00160.png,283.7,1.2,283.2,21.4,963
10/12/2019 10:56,datasets/dataset_cropped/10_Metas/12/10/20191012105600_00160.jpg,datasets_flow/dataset_cropped/10_Metas/12/10/20191012105600_00160.jpg,datasets_cloudmask/dataset_cropped/10_Metas/12/10/20191012105600_00160.png,287.4,1.2,286.9,21.4,963
10/12/2019 10:57,datasets/dataset_cropped/10_Metas/12/10/20191012105700_00160.jpg,datasets_flow/dataset_cropped/10_Metas/12/10/20191012105700_00160.jpg,datasets_cloudmask/dataset_cropped/10_Metas/12/10/20191012105700_00160.png,292.8,1.3,292.3,21.4,963
10/12/2019 10:58,datasets/dataset_cropped/10_Metas/12/10/20191012105800_00160.jpg,datasets_flow/dataset_cropped/10_Metas/12/10/20191012105800_00160.jpg,datasets_cloudmask/dataset_cropped/10_Metas/12/10/20191012105800_00160.png,299.4,1.6,298.8,21.4,963
10/12/2019 10:59,datasets/dataset_cropped/10_Metas/12/10/20191012105900_00160.jpg,datasets_flow/dataset_cropped/10_Metas/12/10/20191012105900_00160.jpg,datasets_cloudmask/dataset_cropped/10_Metas/12/10/20191012105900_00160.png,306.1,1.3,305.6,21.3,963
10/12/2019 11:00,datasets/dataset_cropped/10_Metas/12/11/20191012110000_00160.jpg,datasets_flow/dataset_cropped/10_Metas/12/11/20191012110000_00160.jpg,datasets_cloudmask/dataset_cropped/10_Metas/12/11/20191012110000_00160.png,313,1.3,312.3,21.3,963
10/12/2019 11:01,datasets/dataset_cropped/10_Metas/12/11/20191012110100_00160.jpg,datasets_flow/dataset_cropped/10_Metas/12/11/20191012110100_00160.jpg,datasets_cloudmask/dataset_cropped/10_Metas/12/11/20191012110100_00160.png,320.2,1,319.6,21.2,963
10/12/2019 11:02,datasets/dataset_cropped/10_Metas/12/11/20191012110200_00160.jpg,datasets_flow/dataset_cropped/10_Metas/12/11/20191012110200_00160.jpg,datasets_cloudmask/dataset_cropped/10_Metas/12/11/20191012110200_00160.png,327.3,2,326,21.3,963
10/12/2019 11:03,datasets/dataset_cropped/10_Metas/12/11/20191012110300_00160.jpg,datasets_flow/dataset_cropped/10_Metas/12/11/20191012110300_00160.jpg,datasets_cloudmask/dataset_cropped/10_Metas/12/11/20191012110300_00160.png,335.9,5.2,332.2,21.2,963
10/12/2019 11:04,datasets/dataset_cropped/10_Metas/12/11/20191012110400_00160.jpg,datasets_flow/dataset_cropped/10_Metas/12/11/20191012110400_00160.jpg,datasets_cloudmask/dataset_cropped/10_Metas/12/11/20191012110400_00160.png,349.1,23.6,333.8,21.4,963
10/12/2019 11:05,datasets/dataset_cropped/10_Metas/12/11/20191012110500_00160.jpg,datasets_flow/dataset_cropped/10_Metas/12/11/20191012110500_00160.jpg,datasets_cloudmask/dataset_cropped/10_Metas/12/11/20191012110500_00160.png,336.7,4.4,334.2,21.5,963
10/12/2019 11:06,datasets/dataset_cropped/10_Metas/12/11/20191012110600_00160.jpg,datasets_flow/dataset_cropped/10_Metas/12/11/20191012110600_00160.jpg,datasets_cloudmask/dataset_cropped/10_Metas/12/11/20191012110600_00160.png,334.9,1.8,334.3,21.5,962
10/12/2019 11:07,datasets/dataset_cropped/10_Metas/12/11/20191012110700_00160.jpg,datasets_flow/dataset_cropped/10_Metas/12/11/20191012110700_00160.jpg,datasets_cloudmask/dataset_cropped/10_Metas/12/11/20191012110700_00160.png,335.3,1.8,334.5,21.5,962
10/12/2019 11:08,datasets/dataset_cropped/10_Metas/12/11/20191012110800_00160.jpg,datasets_flow/dataset_cropped/10_Metas/12/11/20191012110800_00160.jpg,datasets_cloudmask/dataset_cropped/10_Metas/12/11/20191012110800_00160.png,334.9,1.8,334.2,21.5,962
10/12/2019 11:09,datasets/dataset_cropped/10_Metas/12/11/20191012110900_00160.jpg,datasets_flow/dataset_cropped/10_Metas/12/11/20191012110900_00160.jpg,datasets_cloudmask/dataset_cropped/10_Metas/12/11/20191012110900_00160.png,332,1.7,331.1,21.4,962
10/12/2019 11:10,datasets/dataset_cropped/10_Metas/12/11/20191012111000_00160.jpg,datasets_flow/dataset_cropped/10_Metas/12/11/20191012111000_00160.jpg,datasets_cloudmask/dataset_cropped/10_Metas/12/11/20191012111000_00160.png,326.1,1.2,325.3,21.4,962
10/12/2019 11:11,datasets/dataset_cropped/10_Metas/12/11/20191012111100_00160.jpg,datasets_flow/dataset_cropped/10_Metas/12/11/20191012111100_00160.jpg,datasets_cloudmask/dataset_cropped/10_Metas/12/11/20191012111100_00160.png,318.3,0.7,317.6,21.6,963
10/12/2019 11:12,datasets/dataset_cropped/10_Metas/12/11/20191012111200_00160.jpg,datasets_flow/dataset_cropped/10_Metas/12/11/20191012111200_00160.jpg,datasets_cloudmask/dataset_cropped/10_Metas/12/11/20191012111200_00160.png,315,0.6,314.2,21.7,962
10/12/2019 11:13,datasets/dataset_cropped/10_Metas/12/11/20191012111300_00160.jpg,datasets_flow/dataset_cropped/10_Metas/12/11/20191012111300_00160.jpg,datasets_cloudmask/dataset_cropped/10_Metas/12/11/20191012111300_00160.png,317.3,0.7,316.3,21.6,962
10/12/2019 11:14,datasets/dataset_cropped/10_Metas/12/11/20191012111400_00160.jpg,datasets_flow/dataset_cropped/10_Metas/12/11/20191012111400_00160.jpg,datasets_cloudmask/dataset_cropped/10_Metas/12/11/20191012111400_00160.png,323.3,0.8,322.4,21.6,963
10/12/2019 11:15,datasets/dataset_cropped/10_Metas/12/11/20191012111500_00160.jpg,datasets_flow/dataset_cropped/10_Metas/12/11/20191012111500_00160.jpg,datasets_cloudmask/dataset_cropped/10_Metas/12/11/20191012111500_00160.png,330.4,1.7,329.2,21.6,963
10/12/2019 11:16,datasets/dataset_cropped/10_Metas/12/11/20191012111600_00160.jpg,datasets_flow/dataset_cropped/10_Metas/12/11/20191012111600_00160.jpg,datasets_cloudmask/dataset_cropped/10_Metas/12/11/20191012111600_00160.png,338,1.7,336.8,21.6,962
10/12/2019 11:17,datasets/dataset_cropped/10_Metas/12/11/20191012111700_00160.jpg,datasets_flow/dataset_cropped/10_Metas/12/11/20191012111700_00160.jpg,datasets_cloudmask/dataset_cropped/10_Metas/12/11/20191012111700_00160.png,347.6,2,346.2,21.7,962
10/12/2019 11:18,datasets/dataset_cropped/10_Metas/12/11/20191012111800_00160.jpg,datasets_flow/dataset_cropped/10_Metas/12/11/20191012111800_00160.jpg,datasets_cloudmask/dataset_cropped/10_Metas/12/11/20191012111800_00160.png,362,5.6,358.2,21.7,962
10/12/2019 11:19,datasets/dataset_cropped/10_Metas/12/11/20191012111900_00160.jpg,datasets_flow/dataset_cropped/10_Metas/12/11/20191012111900_00160.jpg,datasets_cloudmask/dataset_cropped/10_Metas/12/11/20191012111900_00160.png,385.7,18.8,372.4,21.6,962
10/12/2019 11:20,datasets/dataset_cropped/10_Metas/12/11/20191012112000_00160.jpg,datasets_flow/dataset_cropped/10_Metas/12/11/20191012112000_00160.jpg,datasets_cloudmask/dataset_cropped/10_Metas/12/11/20191012112000_00160.png,393.1,15.2,382.9,21.8,962
10/12/2019 11:21,datasets/dataset_cropped/10_Metas/12/11/20191012112100_00160.jpg,datasets_flow/dataset_cropped/10_Metas/12/11/20191012112100_00160.jpg,datasets_cloudmask/dataset_cropped/10_Metas/12/11/20191012112100_00160.png,392,7.4,386.6,21.8,962
10/12/2019 11:22,datasets/dataset_cropped/10_Metas/12/11/20191012112200_00160.jpg,datasets_flow/dataset_cropped/10_Metas/12/11/20191012112200_00160.jpg,datasets_cloudmask/dataset_cropped/10_Metas/12/11/20191012112200_00160.png,400.2,7.9,394.5,21.8,962
10/12/2019 11:23,datasets/dataset_cropped/10_Metas/12/11/20191012112300_00160.jpg,datasets_flow/dataset_cropped/10_Metas/12/11/20191012112300_00160.jpg,datasets_cloudmask/dataset_cropped/10_Metas/12/11/20191012112300_00160.png,424.3,29.8,404.5,21.7,962
10/12/2019 11:24,datasets/dataset_cropped/10_Metas/12/11/20191012112400_00160.jpg,datasets_flow/dataset_cropped/10_Metas/12/11/20191012112400_00160.jpg,datasets_cloudmask/dataset_cropped/10_Metas/12/11/20191012112400_00160.png,445.8,47.8,413.6,21.9,962
10/12/2019 11:25,datasets/dataset_cropped/10_Metas/12/11/20191012112500_00160.jpg,datasets_flow/dataset_cropped/10_Metas/12/11/20191012112500_00160.jpg,datasets_cloudmask/dataset_cropped/10_Metas/12/11/20191012112500_00160.png,419.3,11.9,410.3,22,962
10/12/2019 11:26,datasets/dataset_cropped/10_Metas/12/11/20191012112600_00160.jpg,datasets_flow/dataset_cropped/10_Metas/12/11/20191012112600_00160.jpg,datasets_cloudmask/dataset_cropped/10_Metas/12/11/20191012112600_00160.png,407.7,3.7,405.1,22.1,962
10/12/2019 11:27,datasets/dataset_cropped/10_Metas/12/11/20191012112700_00160.jpg,datasets_flow/dataset_cropped/10_Metas/12/11/20191012112700_00160.jpg,datasets_cloudmask/dataset_cropped/10_Metas/12/11/20191012112700_00160.png,416.3,13.4,406.6,22.2,962
10/12/2019 11:28,datasets/dataset_cropped/10_Metas/12/11/20191012112800_00160.jpg,datasets_flow/dataset_cropped/10_Metas/12/11/20191012112800_00160.jpg,datasets_cloudmask/dataset_cropped/10_Metas/12/11/20191012112800_00160.png,418.2,11.5,410.8,22.2,962
10/12/2019 11:29,datasets/dataset_cropped/10_Metas/12/11/20191012112900_00160.jpg,datasets_flow/dataset_cropped/10_Metas/12/11/20191012112900_00160.jpg,datasets_cloudmask/dataset_cropped/10_Metas/12/11/20191012112900_00160.png,410.2,3.6,408.1,22.1,962
10/12/2019 11:30,datasets/dataset_cropped/10_Metas/12/11/20191012113000_00160.jpg,datasets_flow/dataset_cropped/10_Metas/12/11/20191012113000_00160.jpg,datasets_cloudmask/dataset_cropped/10_Metas/12/11/20191012113000_00160.png,404.9,2.5,403.4,22.1,962
10/12/2019 11:31,datasets/dataset_cropped/10_Metas/12/11/20191012113100_00160.jpg,datasets_flow/dataset_cropped/10_Metas/12/11/20191012113100_00160.jpg,datasets_cloudmask/dataset_cropped/10_Metas/12/11/20191012113100_00160.png,403.8,3.3,401.4,22.2,962
10/12/2019 11:32,datasets/dataset_cropped/10_Metas/12/11/20191012113200_00160.jpg,datasets_flow/dataset_cropped/10_Metas/12/11/20191012113200_00160.jpg,datasets_cloudmask/dataset_cropped/10_Metas/12/11/20191012113200_00160.png,398.9,3.1,396.2,21.8,962
10/12/2019 11:33,datasets/dataset_cropped/10_Metas/12/11/20191012113300_00160.jpg,datasets_flow/dataset_cropped/10_Metas/12/11/20191012113300_00160.jpg,datasets_cloudmask/dataset_cropped/10_Metas/12/11/20191012113300_00160.png,390.5,1.1,389.1,21.9,962
10/12/2019 11:34,datasets/dataset_cropped/10_Metas/12/11/20191012113400_00160.jpg,datasets_flow/dataset_cropped/10_Metas/12/11/20191012113400_00160.jpg,datasets_cloudmask/dataset_cropped/10_Metas/12/11/20191012113400_00160.png,386.2,3.6,383.2,22.2,962
10/12/2019 11:35,datasets/dataset_cropped/10_Metas/12/11/20191012113500_00160.jpg,datasets_flow/dataset_cropped/10_Metas/12/11/20191012113500_00160.jpg,datasets_cloudmask/dataset_cropped/10_Metas/12/11/20191012113500_00160.png,379.9,1.7,378.1,22.2,962
10/12/2019 11:36,datasets/dataset_cropped/10_Metas/12/11/20191012113600_00160.jpg,datasets_flow/dataset_cropped/10_Metas/12/11/20191012113600_00160.jpg,datasets_cloudmask/dataset_cropped/10_Metas/12/11/20191012113600_00160.png,385.3,7.6,379.3,22,962
10/12/2019 11:37,datasets/dataset_cropped/10_Metas/12/11/20191012113700_00160.jpg,datasets_flow/dataset_cropped/10_Metas/12/11/20191012113700_00160.jpg,datasets_cloudmask/dataset_cropped/10_Metas/12/11/20191012113700_00160.png,394.2,8.9,387.3,22.1,962
10/12/2019 11:38,datasets/dataset_cropped/10_Metas/12/11/20191012113800_00160.jpg,datasets_flow/dataset_cropped/10_Metas/12/11/20191012113800_00160.jpg,datasets_cloudmask/dataset_cropped/10_Metas/12/11/20191012113800_00160.png,406.5,11.3,397.5,22.2,962
10/12/2019 11:39,datasets/dataset_cropped/10_Metas/12/11/20191012113900_00160.jpg,datasets_flow/dataset_cropped/10_Metas/12/11/20191012113900_00160.jpg,datasets_cloudmask/dataset_cropped/10_Metas/12/11/20191012113900_00160.png,418.7,16,406.8,22.1,962
10/12/2019 11:40,datasets/dataset_cropped/10_Metas/12/11/20191012114000_00160.jpg,datasets_flow/dataset_cropped/10_Metas/12/11/20191012114000_00160.jpg,datasets_cloudmask/dataset_cropped/10_Metas/12/11/20191012114000_00160.png,454.8,56.3,414.5,22.1,962
10/12/2019 11:41,datasets/dataset_cropped/10_Metas/12/11/20191012114100_00160.jpg,datasets_flow/dataset_cropped/10_Metas/12/11/20191012114100_00160.jpg,datasets_cloudmask/dataset_cropped/10_Metas/12/11/20191012114100_00160.png,500.2,124.8,413,22.2,962
10/12/2019 11:42,datasets/dataset_cropped/10_Metas/12/11/20191012114200_00160.jpg,datasets_flow/dataset_cropped/10_Metas/12/11/20191012114200_00160.jpg,datasets_cloudmask/dataset_cropped/10_Metas/12/11/20191012114200_00160.png,402.7,8.1,396.6,22.2,962
10/12/2019 11:43,datasets/dataset_cropped/10_Metas/12/11/20191012114300_00160.jpg,datasets_flow/dataset_cropped/10_Metas/12/11/20191012114300_00160.jpg,datasets_cloudmask/dataset_cropped/10_Metas/12/11/20191012114300_00160.png,391.3,5.7,386.5,22.2,962
10/12/2019 11:44,datasets/dataset_cropped/10_Metas/12/11/20191012114400_00160.jpg,datasets_flow/dataset_cropped/10_Metas/12/11/20191012114400_00160.jpg,datasets_cloudmask/dataset_cropped/10_Metas/12/11/20191012114400_00160.png,399,23,382.4,22.2,962
10/12/2019 11:45,datasets/dataset_cropped/10_Metas/12/11/20191012114500_00160.jpg,datasets_flow/dataset_cropped/10_Metas/12/11/20191012114500_00160.jpg,datasets_cloudmask/dataset_cropped/10_Metas/12/11/20191012114500_00160.png,380.8,8.8,373.5,22.3,962
10/12/2019 11:46,datasets/dataset_cropped/10_Metas/12/11/20191012114600_00160.jpg,datasets_flow/dataset_cropped/10_Metas/12/11/20191012114600_00160.jpg,datasets_cloudmask/dataset_cropped/10_Metas/12/11/20191012114600_00160.png,368.5,2.8,365.5,22.4,962
10/12/2019 11:47,datasets/dataset_cropped/10_Metas/12/11/20191012114700_00160.jpg,datasets_flow/dataset_cropped/10_Metas/12/11/20191012114700_00160.jpg,datasets_cloudmask/dataset_cropped/10_Metas/12/11/20191012114700_00160.png,367.6,4.3,363.5,22.6,962
10/12/2019 11:48,datasets/dataset_cropped/10_Metas/12/11/20191012114800_00160.jpg,datasets_flow/dataset_cropped/10_Metas/12/11/20191012114800_00160.jpg,datasets_cloudmask/dataset_cropped/10_Metas/12/11/20191012114800_00160.png,369.9,2,367.4,22.4,962
10/12/2019 11:49,datasets/dataset_cropped/10_Metas/12/11/20191012114900_00160.jpg,datasets_flow/dataset_cropped/10_Metas/12/11/20191012114900_00160.jpg,datasets_cloudmask/dataset_cropped/10_Metas/12/11/20191012114900_00160.png,423.5,60,381,22.4,962
10/12/2019 11:50,datasets/dataset_cropped/10_Metas/12/11/20191012115000_00160.jpg,datasets_flow/dataset_cropped/10_Metas/12/11/20191012115000_00160.jpg,datasets_cloudmask/dataset_cropped/10_Metas/12/11/20191012115000_00160.png,474.6,93.3,405.9,22.5,962
10/12/2019 11:51,datasets/dataset_cropped/10_Metas/12/11/20191012115100_00160.jpg,datasets_flow/dataset_cropped/10_Metas/12/11/20191012115100_00160.jpg,datasets_cloudmask/dataset_cropped/10_Metas/12/11/20191012115100_00160.png,469.7,70.3,417.5,22.5,962
10/12/2019 11:52,datasets/dataset_cropped/10_Metas/12/11/20191012115200_00160.jpg,datasets_flow/dataset_cropped/10_Metas/12/11/20191012115200_00160.jpg,datasets_cloudmask/dataset_cropped/10_Metas/12/11/20191012115200_00160.png,471.5,63.9,424.3,22.5,962
10/12/2019 11:53,datasets/dataset_cropped/10_Metas/12/11/20191012115300_00160.jpg,datasets_flow/dataset_cropped/10_Metas/12/11/20191012115300_00160.jpg,datasets_cloudmask/dataset_cropped/10_Metas/12/11/20191012115300_00160.png,421.8,17.1,408,22.5,962
10/12/2019 11:54,datasets/dataset_cropped/10_Metas/12/11/20191012115400_00160.jpg,datasets_flow/dataset_cropped/10_Metas/12/11/20191012115400_00160.jpg,datasets_cloudmask/dataset_cropped/10_Metas/12/11/20191012115400_00160.png,394,4.1,390.1,22.4,962
10/12/2019 11:55,datasets/dataset_cropped/10_Metas/12/11/20191012115500_00160.jpg,datasets_flow/dataset_cropped/10_Metas/12/11/20191012115500_00160.jpg,datasets_cloudmask/dataset_cropped/10_Metas/12/11/20191012115500_00160.png,388.7,5.1,383.4,22.7,962
10/12/2019 11:56,datasets/dataset_cropped/10_Metas/12/11/20191012115600_00160.jpg,datasets_flow/dataset_cropped/10_Metas/12/11/20191012115600_00160.jpg,datasets_cloudmask/dataset_cropped/10_Metas/12/11/20191012115600_00160.png,417.4,31.6,392.8,22.8,962
10/12/2019 11:57,datasets/dataset_cropped/10_Metas/12/11/20191012115700_00160.jpg,datasets_flow/dataset_cropped/10_Metas/12/11/20191012115700_00160.jpg,datasets_cloudmask/dataset_cropped/10_Metas/12/11/20191012115700_00160.png,434.9,38.3,407,22.6,962
10/12/2019 11:58,datasets/dataset_cropped/10_Metas/12/11/20191012115800_00160.jpg,datasets_flow/dataset_cropped/10_Metas/12/11/20191012115800_00160.jpg,datasets_cloudmask/dataset_cropped/10_Metas/12/11/20191012115800_00160.png,557.3,198.6,415.4,22.5,962
10/12/2019 11:59,datasets/dataset_cropped/10_Metas/12/11/20191012115900_00160.jpg,datasets_flow/dataset_cropped/10_Metas/12/11/20191012115900_00160.jpg,datasets_cloudmask/dataset_cropped/10_Metas/12/11/20191012115900_00160.png,467.4,54.7,426.2,22.6,962
10/12/2019 12:00,datasets/dataset_cropped/10_Metas/12/12/20191012120000_00160.jpg,datasets_flow/dataset_cropped/10_Metas/12/12/20191012120000_00160.jpg,datasets_cloudmask/dataset_cropped/10_Metas/12/12/20191012120000_00160.png,604.2,228,443.9,22.6,962
10/12/2019 12:01,datasets/dataset_cropped/10_Metas/12/12/20191012120100_00160.jpg,datasets_flow/dataset_cropped/10_Metas/12/12/20191012120100_00160.jpg,datasets_cloudmask/dataset_cropped/10_Metas/12/12/20191012120100_00160.png,608.5,227.2,446.3,22.8,962
10/12/2019 12:02,datasets/dataset_cropped/10_Metas/12/12/20191012120200_00160.jpg,datasets_flow/dataset_cropped/10_Metas/12/12/20191012120200_00160.jpg,datasets_cloudmask/dataset_cropped/10_Metas/12/12/20191012120200_00160.png,460.4,27.8,438.4,23.2,962
10/12/2019 12:03,datasets/dataset_cropped/10_Metas/12/12/20191012120300_00160.jpg,datasets_flow/dataset_cropped/10_Metas/12/12/20191012120300_00160.jpg,datasets_cloudmask/dataset_cropped/10_Metas/12/12/20191012120300_00160.png,458,19.2,441.7,23.3,962
10/12/2019 12:04,datasets/dataset_cropped/10_Metas/12/12/20191012120400_00160.jpg,datasets_flow/dataset_cropped/10_Metas/12/12/20191012120400_00160.jpg,datasets_cloudmask/dataset_cropped/10_Metas/12/12/20191012120400_00160.png,497.9,50,459.3,23.1,962
10/12/2019 12:05,datasets/dataset_cropped/10_Metas/12/12/20191012120500_00160.jpg,datasets_flow/dataset_cropped/10_Metas/12/12/20191012120500_00160.jpg,datasets_cloudmask/dataset_cropped/10_Metas/12/12/20191012120500_00160.png,520,63.9,472.4,23,962
10/12/2019 12:06,datasets/dataset_cropped/10_Metas/12/12/20191012120600_00160.jpg,datasets_flow/dataset_cropped/10_Metas/12/12/20191012120600_00160.jpg,datasets_cloudmask/dataset_cropped/10_Metas/12/12/20191012120600_00160.png,493.8,29.1,471.2,22.8,962
10/12/2019 12:07,datasets/dataset_cropped/10_Metas/12/12/20191012120700_00160.jpg,datasets_flow/dataset_cropped/10_Metas/12/12/20191012120700_00160.jpg,datasets_cloudmask/dataset_cropped/10_Metas/12/12/20191012120700_00160.png,498.8,22.7,480.3,22.8,962
10/12/2019 12:08,datasets/dataset_cropped/10_Metas/12/12/20191012120800_00160.jpg,datasets_flow/dataset_cropped/10_Metas/12/12/20191012120800_00160.jpg,datasets_cloudmask/dataset_cropped/10_Metas/12/12/20191012120800_00160.png,542.2,72.2,488.7,22.8,962
10/12/2019 12:09,datasets/dataset_cropped/10_Metas/12/12/20191012120900_00160.jpg,datasets_flow/dataset_cropped/10_Metas/12/12/20191012120900_00160.jpg,datasets_cloudmask/dataset_cropped/10_Metas/12/12/20191012120900_00160.png,536.9,66.1,487.2,22.9,962
10/12/2019 12:10,datasets/dataset_cropped/10_Metas/12/12/20191012121000_00160.jpg,datasets_flow/dataset_cropped/10_Metas/12/12/20191012121000_00160.jpg,datasets_cloudmask/dataset_cropped/10_Metas/12/12/20191012121000_00160.png,498.1,27.2,477.2,23,962
10/12/2019 12:11,datasets/dataset_cropped/10_Metas/12/12/20191012121100_00160.jpg,datasets_flow/dataset_cropped/10_Metas/12/12/20191012121100_00160.jpg,datasets_cloudmask/dataset_cropped/10_Metas/12/12/20191012121100_00160.png,494.6,35.9,467.6,23.1,962
10/12/2019 12:12,datasets/dataset_cropped/10_Metas/12/12/20191012121200_00160.jpg,datasets_flow/dataset_cropped/10_Metas/12/12/20191012121200_00160.jpg,datasets_cloudmask/dataset_cropped/10_Metas/12/12/20191012121200_00160.png,467.7,18,454.5,23,962
10/12/2019 12:13,datasets/dataset_cropped/10_Metas/12/12/20191012121300_00160.jpg,datasets_flow/dataset_cropped/10_Metas/12/12/20191012121300_00160.jpg,datasets_cloudmask/dataset_cropped/10_Metas/12/12/20191012121300_00160.png,449.7,7.1,443.6,23.1,962
10/12/2019 12:14,datasets/dataset_cropped/10_Metas/12/12/20191012121400_00160.jpg,datasets_flow/dataset_cropped/10_Metas/12/12/20191012121400_00160.jpg,datasets_cloudmask/dataset_cropped/10_Metas/12/12/20191012121400_00160.png,467.9,33.3,443.8,23.2,962
10/12/2019 12:15,datasets/dataset_cropped/10_Metas/12/12/20191012121500_00160.jpg,datasets_flow/dataset_cropped/10_Metas/12/12/20191012121500_00160.jpg,datasets_cloudmask/dataset_cropped/10_Metas/12/12/20191012121500_00160.png,482.7,44.6,450.3,23.1,962
10/12/2019 12:16,datasets/dataset_cropped/10_Metas/12/12/20191012121600_00160.jpg,datasets_flow/dataset_cropped/10_Metas/12/12/20191012121600_00160.jpg,datasets_cloudmask/dataset_cropped/10_Metas/12/12/20191012121600_00160.png,482.2,48.5,446,23,962
10/12/2019 12:17,datasets/dataset_cropped/10_Metas/12/12/20191012121700_00160.jpg,datasets_flow/dataset_cropped/10_Metas/12/12/20191012121700_00160.jpg,datasets_cloudmask/dataset_cropped/10_Metas/12/12/20191012121700_00160.png,545.5,146.1,439.3,23,962
10/12/2019 12:18,datasets/dataset_cropped/10_Metas/12/12/20191012121800_00160.jpg,datasets_flow/dataset_cropped/10_Metas/12/12/20191012121800_00160.jpg,datasets_cloudmask/dataset_cropped/10_Metas/12/12/20191012121800_00160.png,433.1,3.9,429.1,23.2,962
10/12/2019 12:19,datasets/dataset_cropped/10_Metas/12/12/20191012121900_00160.jpg,datasets_flow/dataset_cropped/10_Metas/12/12/20191012121900_00160.jpg,datasets_cloudmask/dataset_cropped/10_Metas/12/12/20191012121900_00160.png,451.8,33.5,426,23.4,962
10/12/2019 12:20,datasets/dataset_cropped/10_Metas/12/12/20191012122000_00160.jpg,datasets_flow/dataset_cropped/10_Metas/12/12/20191012122000_00160.jpg,datasets_cloudmask/dataset_cropped/10_Metas/12/12/20191012122000_00160.png,442.6,27.4,421.2,23.3,962
10/12/2019 12:21,datasets/dataset_cropped/10_Metas/12/12/20191012122100_00160.jpg,datasets_flow/dataset_cropped/10_Metas/12/12/20191012122100_00160.jpg,datasets_cloudmask/dataset_cropped/10_Metas/12/12/20191012122100_00160.png,454.3,46.1,418.6,23.3,962
10/12/2019 12:22,datasets/dataset_cropped/10_Metas/12/12/20191012122200_00160.jpg,datasets_flow/dataset_cropped/10_Metas/12/12/20191012122200_00160.jpg,datasets_cloudmask/dataset_cropped/10_Metas/12/12/20191012122200_00160.png,443.4,31.3,418.3,23.4,962
10/12/2019 12:23,datasets/dataset_cropped/10_Metas/12/12/20191012122300_00160.jpg,datasets_flow/dataset_cropped/10_Metas/12/12/20191012122300_00160.jpg,datasets_cloudmask/dataset_cropped/10_Metas/12/12/20191012122300_00160.png,428,9.2,420.2,23.6,962
10/12/2019 12:24,datasets/dataset_cropped/10_Metas/12/12/20191012122400_00160.jpg,datasets_flow/dataset_cropped/10_Metas/12/12/20191012122400_00160.jpg,datasets_cloudmask/dataset_cropped/10_Metas/12/12/20191012122400_00160.png,424.1,5.5,418,23.6,962
10/12/2019 12:25,datasets/dataset_cropped/10_Metas/12/12/20191012122500_00160.jpg,datasets_flow/dataset_cropped/10_Metas/12/12/20191012122500_00160.jpg,datasets_cloudmask/dataset_cropped/10_Metas/12/12/20191012122500_00160.png,438.7,17.8,423.8,23.4,962
10/12/2019 12:26,datasets/dataset_cropped/10_Metas/12/12/20191012122600_00160.jpg,datasets_flow/dataset_cropped/10_Metas/12/12/20191012122600_00160.jpg,datasets_cloudmask/dataset_cropped/10_Metas/12/12/20191012122600_00160.png,429.1,8.7,421.6,23.3,962
10/12/2019 12:27,datasets/dataset_cropped/10_Metas/12/12/20191012122700_00160.jpg,datasets_flow/dataset_cropped/10_Metas/12/12/20191012122700_00160.jpg,datasets_cloudmask/dataset_cropped/10_Metas/12/12/20191012122700_00160.png,417.1,10.1,408.1,23.2,962
10/12/2019 12:28,datasets/dataset_cropped/10_Metas/12/12/20191012122800_00160.jpg,datasets_flow/dataset_cropped/10_Metas/12/12/20191012122800_00160.jpg,datasets_cloudmask/dataset_cropped/10_Metas/12/12/20191012122800_00160.png,400.1,8.2,392.5,23.3,962
10/12/2019 12:29,datasets/dataset_cropped/10_Metas/12/12/20191012122900_00160.jpg,datasets_flow/dataset_cropped/10_Metas/12/12/20191012122900_00160.jpg,datasets_cloudmask/dataset_cropped/10_Metas/12/12/20191012122900_00160.png,388.2,4.1,384.3,23.4,962
10/12/2019 12:30,datasets/dataset_cropped/10_Metas/12/12/20191012123000_00160.jpg,datasets_flow/dataset_cropped/10_Metas/12/12/20191012123000_00160.jpg,datasets_cloudmask/dataset_cropped/10_Metas/12/12/20191012123000_00160.png,428.2,50.1,390.1,23.3,962
10/12/2019 12:31,datasets/dataset_cropped/10_Metas/12/12/20191012123100_00160.jpg,datasets_flow/dataset_cropped/10_Metas/12/12/20191012123100_00160.jpg,datasets_cloudmask/dataset_cropped/10_Metas/12/12/20191012123100_00160.png,785.2,519.1,411.5,23.4,962
10/12/2019 12:32,datasets/dataset_cropped/10_Metas/12/12/20191012123200_00160.jpg,datasets_flow/dataset_cropped/10_Metas/12/12/20191012123200_00160.jpg,datasets_cloudmask/dataset_cropped/10_Metas/12/12/20191012123200_00160.png,649.2,334.2,408,23.6,962
10/12/2019 12:33,datasets/dataset_cropped/10_Metas/12/12/20191012123300_00160.jpg,datasets_flow/dataset_cropped/10_Metas/12/12/20191012123300_00160.jpg,datasets_cloudmask/dataset_cropped/10_Metas/12/12/20191012123300_00160.png,434.5,62.3,388.4,23.7,962
10/12/2019 12:34,datasets/dataset_cropped/10_Metas/12/12/20191012123400_00160.jpg,datasets_flow/dataset_cropped/10_Metas/12/12/20191012123400_00160.jpg,datasets_cloudmask/dataset_cropped/10_Metas/12/12/20191012123400_00160.png,386.5,31,363.8,23.8,962
10/12/2019 12:35,datasets/dataset_cropped/10_Metas/12/12/20191012123500_00160.jpg,datasets_flow/dataset_cropped/10_Metas/12/12/20191012123500_00160.jpg,datasets_cloudmask/dataset_cropped/10_Metas/12/12/20191012123500_00160.png,459.7,136.6,356.9,23.8,962
10/12/2019 12:36,datasets/dataset_cropped/10_Metas/12/12/20191012123600_00160.jpg,datasets_flow/dataset_cropped/10_Metas/12/12/20191012123600_00160.jpg,datasets_cloudmask/dataset_cropped/10_Metas/12/12/20191012123600_00160.png,514,192.1,373.6,23.9,962
10/12/2019 12:37,datasets/dataset_cropped/10_Metas/12/12/20191012123700_00160.jpg,datasets_flow/dataset_cropped/10_Metas/12/12/20191012123700_00160.jpg,datasets_cloudmask/dataset_cropped/10_Metas/12/12/20191012123700_00160.png,612.7,317.1,383.6,23.7,962
10/12/2019 12:38,datasets/dataset_cropped/10_Metas/12/12/20191012123800_00160.jpg,datasets_flow/dataset_cropped/10_Metas/12/12/20191012123800_00160.jpg,datasets_cloudmask/dataset_cropped/10_Metas/12/12/20191012123800_00160.png,723.5,469.8,386.5,23.7,962
10/12/2019 12:39,datasets/dataset_cropped/10_Metas/12/12/20191012123900_00160.jpg,datasets_flow/dataset_cropped/10_Metas/12/12/20191012123900_00160.jpg,datasets_cloudmask/dataset_cropped/10_Metas/12/12/20191012123900_00160.png,939,768.2,390.2,23.9,962
10/12/2019 12:40,datasets/dataset_cropped/10_Metas/12/12/20191012124000_00160.jpg,datasets_flow/dataset_cropped/10_Metas/12/12/20191012124000_00160.jpg,datasets_cloudmask/dataset_cropped/10_Metas/12/12/20191012124000_00160.png,816,586.4,393.8,24,962
10/12/2019 12:41,datasets/dataset_cropped/10_Metas/12/12/20191012124100_00160.jpg,datasets_flow/dataset_cropped/10_Metas/12/12/20191012124100_00160.jpg,datasets_cloudmask/dataset_cropped/10_Metas/12/12/20191012124100_00160.png,762.5,504.5,398.1,24.2,962
10/12/2019 12:42,datasets/dataset_cropped/10_Metas/12/12/20191012124200_00160.jpg,datasets_flow/dataset_cropped/10_Metas/12/12/20191012124200_00160.jpg,datasets_cloudmask/dataset_cropped/10_Metas/12/12/20191012124200_00160.png,474.5,127,380.1,24.2,962
10/12/2019 12:43,datasets/dataset_cropped/10_Metas/12/12/20191012124300_00160.jpg,datasets_flow/dataset_cropped/10_Metas/12/12/20191012124300_00160.jpg,datasets_cloudmask/dataset_cropped/10_Metas/12/12/20191012124300_00160.png,401.7,39.6,370.4,24.4,962
10/12/2019 12:44,datasets/dataset_cropped/10_Metas/12/12/20191012124400_00160.jpg,datasets_flow/dataset_cropped/10_Metas/12/12/20191012124400_00160.jpg,datasets_cloudmask/dataset_cropped/10_Metas/12/12/20191012124400_00160.png,673.5,412.8,375.1,24.4,962
10/12/2019 12:45,datasets/dataset_cropped/10_Metas/12/12/20191012124500_00160.jpg,datasets_flow/dataset_cropped/10_Metas/12/12/20191012124500_00160.jpg,datasets_cloudmask/dataset_cropped/10_Metas/12/12/20191012124500_00160.png,400,48.6,363.7,24.8,962
10/12/2019 12:46,datasets/dataset_cropped/10_Metas/12/12/20191012124600_00160.jpg,datasets_flow/dataset_cropped/10_Metas/12/12/20191012124600_00160.jpg,datasets_cloudmask/dataset_cropped/10_Metas/12/12/20191012124600_00160.png,385.9,44.4,353,24.9,962
10/12/2019 12:47,datasets/dataset_cropped/10_Metas/12/12/20191012124700_00160.jpg,datasets_flow/dataset_cropped/10_Metas/12/12/20191012124700_00160.jpg,datasets_cloudmask/dataset_cropped/10_Metas/12/12/20191012124700_00160.png,389.8,53.5,348.3,24.7,962
10/12/2019 12:48,datasets/dataset_cropped/10_Metas/12/12/20191012124800_00160.jpg,datasets_flow/dataset_cropped/10_Metas/12/12/20191012124800_00160.jpg,datasets_cloudmask/dataset_cropped/10_Metas/12/12/20191012124800_00160.png,348.8,14.8,336.8,24.6,962
10/12/2019 12:49,datasets/dataset_cropped/10_Metas/12/12/20191012124900_00160.jpg,datasets_flow/dataset_cropped/10_Metas/12/12/20191012124900_00160.jpg,datasets_cloudmask/dataset_cropped/10_Metas/12/12/20191012124900_00160.png,329.3,1.5,327,24.3,962
10/12/2019 12:50,datasets/dataset_cropped/10_Metas/12/12/20191012125000_00160.jpg,datasets_flow/dataset_cropped/10_Metas/12/12/20191012125000_00160.jpg,datasets_cloudmask/dataset_cropped/10_Metas/12/12/20191012125000_00160.png,332.3,2.3,329.2,24,962
10/12/2019 12:51,datasets/dataset_cropped/10_Metas/12/12/20191012125100_00160.jpg,datasets_flow/dataset_cropped/10_Metas/12/12/20191012125100_00160.jpg,datasets_cloudmask/dataset_cropped/10_Metas/12/12/20191012125100_00160.png,346,11.1,336.3,23.9,962
10/12/2019 12:52,datasets/dataset_cropped/10_Metas/12/12/20191012125200_00160.jpg,datasets_flow/dataset_cropped/10_Metas/12/12/20191012125200_00160.jpg,datasets_cloudmask/dataset_cropped/10_Metas/12/12/20191012125200_00160.png,364.8,28.1,342.4,23.9,962
10/12/2019 12:53,datasets/dataset_cropped/10_Metas/12/12/20191012125300_00160.jpg,datasets_flow/dataset_cropped/10_Metas/12/12/20191012125300_00160.jpg,datasets_cloudmask/dataset_cropped/10_Metas/12/12/20191012125300_00160.png,352.8,4.4,346.9,23.8,962
10/12/2019 12:54,datasets/dataset_cropped/10_Metas/12/12/20191012125400_00160.jpg,datasets_flow/dataset_cropped/10_Metas/12/12/20191012125400_00160.jpg,datasets_cloudmask/dataset_cropped/10_Metas/12/12/20191012125400_00160.png,355.1,0.1,352.7,23.9,962
10/12/2019 12:55,datasets/dataset_cropped/10_Metas/12/12/20191012125500_00160.jpg,datasets_flow/dataset_cropped/10_Metas/12/12/20191012125500_00160.jpg,datasets_cloudmask/dataset_cropped/10_Metas/12/12/20191012125500_00160.png,368.6,0.6,365.8,23.9,962
10/12/2019 12:56,datasets/dataset_cropped/10_Metas/12/12/20191012125600_00160.jpg,datasets_flow/dataset_cropped/10_Metas/12/12/20191012125600_00160.jpg,datasets_cloudmask/dataset_cropped/10_Metas/12/12/20191012125600_00160.png,392,8.5,382.7,24,962
10/12/2019 12:57,datasets/dataset_cropped/10_Metas/12/12/20191012125700_00160.jpg,datasets_flow/dataset_cropped/10_Metas/12/12/20191012125700_00160.jpg,datasets_cloudmask/dataset_cropped/10_Metas/12/12/20191012125700_00160.png,442.3,45.8,405.4,24.1,962
10/12/2019 12:58,datasets/dataset_cropped/10_Metas/12/12/20191012125800_00160.jpg,datasets_flow/dataset_cropped/10_Metas/12/12/20191012125800_00160.jpg,datasets_cloudmask/dataset_cropped/10_Metas/12/12/20191012125800_00160.png,455.1,39.6,423.2,24.1,962
10/12/2019 12:59,datasets/dataset_cropped/10_Metas/12/12/20191012125900_00160.jpg,datasets_flow/dataset_cropped/10_Metas/12/12/20191012125900_00160.jpg,datasets_cloudmask/dataset_cropped/10_Metas/12/12/20191012125900_00160.png,456.6,30.9,430.7,24,962
10/12/2019 13:00,datasets/dataset_cropped/10_Metas/12/13/20191012130000_00160.jpg,datasets_flow/dataset_cropped/10_Metas/12/13/20191012130000_00160.jpg,datasets_cloudmask/dataset_cropped/10_Metas/12/13/20191012130000_00160.png,483.1,65.2,434.3,24.1,962
10/12/2019 13:01,datasets/dataset_cropped/10_Metas/12/13/20191012130100_00160.jpg,datasets_flow/dataset_cropped/10_Metas/12/13/20191012130100_00160.jpg,datasets_cloudmask/dataset_cropped/10_Metas/12/13/20191012130100_00160.png,530.7,136.2,431.2,24.2,962
10/12/2019 13:02,datasets/dataset_cropped/10_Metas/12/13/20191012130200_00160.jpg,datasets_flow/dataset_cropped/10_Metas/12/13/20191012130200_00160.jpg,datasets_cloudmask/dataset_cropped/10_Metas/12/13/20191012130200_00160.png,631.2,298.2,416.6,24.4,962
10/12/2019 13:03,datasets/dataset_cropped/10_Metas/12/13/20191012130300_00160.jpg,datasets_flow/dataset_cropped/10_Metas/12/13/20191012130300_00160.jpg,datasets_cloudmask/dataset_cropped/10_Metas/12/13/20191012130300_00160.png,862,631.7,405.8,24.5,962
10/12/2019 13:04,datasets/dataset_cropped/10_Metas/12/13/20191012130400_00160.jpg,datasets_flow/dataset_cropped/10_Metas/12/13/20191012130400_00160.jpg,datasets_cloudmask/dataset_cropped/10_Metas/12/13/20191012130400_00160.png,381.3,14.7,368.9,24.7,962
10/12/2019 13:05,datasets/dataset_cropped/10_Metas/12/13/20191012130500_00160.jpg,datasets_flow/dataset_cropped/10_Metas/12/13/20191012130500_00160.jpg,datasets_cloudmask/dataset_cropped/10_Metas/12/13/20191012130500_00160.png,545.8,257.3,362.1,24.7,962
10/12/2019 13:06,datasets/dataset_cropped/10_Metas/12/13/20191012130600_00160.jpg,datasets_flow/dataset_cropped/10_Metas/12/13/20191012130600_00160.jpg,datasets_cloudmask/dataset_cropped/10_Metas/12/13/20191012130600_00160.png,441.6,120.3,353.1,24.4,962
10/12/2019 13:07,datasets/dataset_cropped/10_Metas/12/13/20191012130700_00160.jpg,datasets_flow/dataset_cropped/10_Metas/12/13/20191012130700_00160.jpg,datasets_cloudmask/dataset_cropped/10_Metas/12/13/20191012130700_00160.png,466.3,181.2,335.1,24.6,962
10/12/2019 13:08,datasets/dataset_cropped/10_Metas/12/13/20191012130800_00160.jpg,datasets_flow/dataset_cropped/10_Metas/12/13/20191012130800_00160.jpg,datasets_cloudmask/dataset_cropped/10_Metas/12/13/20191012130800_00160.png,365.9,53.4,325.9,24.5,962
10/12/2019 13:09,datasets/dataset_cropped/10_Metas/12/13/20191012130900_00160.jpg,datasets_flow/dataset_cropped/10_Metas/12/13/20191012130900_00160.jpg,datasets_cloudmask/dataset_cropped/10_Metas/12/13/20191012130900_00160.png,603.7,377,330.5,24.7,962
10/12/2019 13:10,datasets/dataset_cropped/10_Metas/12/13/20191012131000_00160.jpg,datasets_flow/dataset_cropped/10_Metas/12/13/20191012131000_00160.jpg,datasets_cloudmask/dataset_cropped/10_Metas/12/13/20191012131000_00160.png,408.9,123.6,317.3,24.7,962
10/12/2019 13:11,datasets/dataset_cropped/10_Metas/12/13/20191012131100_00160.jpg,datasets_flow/dataset_cropped/10_Metas/12/13/20191012131100_00160.jpg,datasets_cloudmask/dataset_cropped/10_Metas/12/13/20191012131100_00160.png,773.6,641.5,315.5,24.9,962
10/12/2019 13:12,datasets/dataset_cropped/10_Metas/12/13/20191012131200_00160.jpg,datasets_flow/dataset_cropped/10_Metas/12/13/20191012131200_00160.jpg,datasets_cloudmask/dataset_cropped/10_Metas/12/13/20191012131200_00160.png,787.3,677.8,300.7,24.9,962
10/12/2019 13:13,datasets/dataset_cropped/10_Metas/12/13/20191012131300_00160.jpg,datasets_flow/dataset_cropped/10_Metas/12/13/20191012131300_00160.jpg,datasets_cloudmask/dataset_cropped/10_Metas/12/13/20191012131300_00160.png,619.2,462,286.3,24.9,962
10/12/2019 13:14,datasets/dataset_cropped/10_Metas/12/13/20191012131400_00160.jpg,datasets_flow/dataset_cropped/10_Metas/12/13/20191012131400_00160.jpg,datasets_cloudmask/dataset_cropped/10_Metas/12/13/20191012131400_00160.png,710.8,613.8,272.4,24.9,962
10/12/2019 13:15,datasets/dataset_cropped/10_Metas/12/13/20191012131500_00160.jpg,datasets_flow/dataset_cropped/10_Metas/12/13/20191012131500_00160.jpg,datasets_cloudmask/dataset_cropped/10_Metas/12/13/20191012131500_00160.png,836,808,259.8,24.9,962
10/12/2019 13:16,datasets/dataset_cropped/10_Metas/12/13/20191012131600_00160.jpg,datasets_flow/dataset_cropped/10_Metas/12/13/20191012131600_00160.jpg,datasets_cloudmask/dataset_cropped/10_Metas/12/13/20191012131600_00160.png,806,779.7,250.3,24.9,962
10/12/2019 13:17,datasets/dataset_cropped/10_Metas/12/13/20191012131700_00160.jpg,datasets_flow/dataset_cropped/10_Metas/12/13/20191012131700_00160.jpg,datasets_cloudmask/dataset_cropped/10_Metas/12/13/20191012131700_00160.png,631.2,549.6,238.1,24.9,962
10/12/2019 13:18,datasets/dataset_cropped/10_Metas/12/13/20191012131800_00160.jpg,datasets_flow/dataset_cropped/10_Metas/12/13/20191012131800_00160.jpg,datasets_cloudmask/dataset_cropped/10_Metas/12/13/20191012131800_00160.png,663.8,603.9,233.2,25,962
10/12/2019 13:19,datasets/dataset_cropped/10_Metas/12/13/20191012131900_00160.jpg,datasets_flow/dataset_cropped/10_Metas/12/13/20191012131900_00160.jpg,datasets_cloudmask/dataset_cropped/10_Metas/12/13/20191012131900_00160.png,760.5,741.1,232.1,25,962
10/12/2019 13:20,datasets/dataset_cropped/10_Metas/12/13/20191012132000_00160.jpg,datasets_flow/dataset_cropped/10_Metas/12/13/20191012132000_00160.jpg,datasets_cloudmask/dataset_cropped/10_Metas/12/13/20191012132000_00160.png,664.7,624.4,219,25,962
10/12/2019 13:21,datasets/dataset_cropped/10_Metas/12/13/20191012132100_00160.jpg,datasets_flow/dataset_cropped/10_Metas/12/13/20191012132100_00160.jpg,datasets_cloudmask/dataset_cropped/10_Metas/12/13/20191012132100_00160.png,763.9,776,212.7,25,962
10/12/2019 13:22,datasets/dataset_cropped/10_Metas/12/13/20191012132200_00160.jpg,datasets_flow/dataset_cropped/10_Metas/12/13/20191012132200_00160.jpg,datasets_cloudmask/dataset_cropped/10_Metas/12/13/20191012132200_00160.png,821,864,206.4,25.3,961
10/12/2019 13:23,datasets/dataset_cropped/10_Metas/12/13/20191012132300_00160.jpg,datasets_flow/dataset_cropped/10_Metas/12/13/20191012132300_00160.jpg,datasets_cloudmask/dataset_cropped/10_Metas/12/13/20191012132300_00160.png,831,875,210.3,25.3,961
10/12/2019 13:24,datasets/dataset_cropped/10_Metas/12/13/20191012132400_00160.jpg,datasets_flow/dataset_cropped/10_Metas/12/13/20191012132400_00160.jpg,datasets_cloudmask/dataset_cropped/10_Metas/12/13/20191012132400_00160.png,663,638.7,208.8,25.1,961
10/12/2019 13:25,datasets/dataset_cropped/10_Metas/12/13/20191012132500_00160.jpg,datasets_flow/dataset_cropped/10_Metas/12/13/20191012132500_00160.jpg,datasets_cloudmask/dataset_cropped/10_Metas/12/13/20191012132500_00160.png,827,866,212.3,25.2,962
10/12/2019 13:26,datasets/dataset_cropped/10_Metas/12/13/20191012132600_00160.jpg,datasets_flow/dataset_cropped/10_Metas/12/13/20191012132600_00160.jpg,datasets_cloudmask/dataset_cropped/10_Metas/12/13/20191012132600_00160.png,835,860,223.9,25.5,961
10/12/2019 13:27,datasets/dataset_cropped/10_Metas/12/13/20191012132700_00160.jpg,datasets_flow/dataset_cropped/10_Metas/12/13/20191012132700_00160.jpg,datasets_cloudmask/dataset_cropped/10_Metas/12/13/20191012132700_00160.png,787.3,744.9,257.9,25.8,961
10/12/2019 13:28,datasets/dataset_cropped/10_Metas/12/13/20191012132800_00160.jpg,datasets_flow/dataset_cropped/10_Metas/12/13/20191012132800_00160.jpg,datasets_cloudmask/dataset_cropped/10_Metas/12/13/20191012132800_00160.png,574,389.7,295,25.8,961
10/12/2019 13:29,datasets/dataset_cropped/10_Metas/12/13/20191012132900_00160.jpg,datasets_flow/dataset_cropped/10_Metas/12/13/20191012132900_00160.jpg,datasets_cloudmask/dataset_cropped/10_Metas/12/13/20191012132900_00160.png,491.9,236.3,320.3,26.1,961
10/12/2019 13:30,datasets/dataset_cropped/10_Metas/12/13/20191012133000_00160.jpg,datasets_flow/dataset_cropped/10_Metas/12/13/20191012133000_00160.jpg,datasets_cloudmask/dataset_cropped/10_Metas/12/13/20191012133000_00160.png,476.6,197,331.5,25.7,961
10/12/2019 13:31,datasets/dataset_cropped/10_Metas/12/13/20191012133100_00160.jpg,datasets_flow/dataset_cropped/10_Metas/12/13/20191012133100_00160.jpg,datasets_cloudmask/dataset_cropped/10_Metas/12/13/20191012133100_00160.png,338.1,15.5,324.3,25.4,961
10/12/2019 13:32,datasets/dataset_cropped/10_Metas/12/13/20191012133200_00160.jpg,datasets_flow/dataset_cropped/10_Metas/12/13/20191012133200_00160.jpg,datasets_cloudmask/dataset_cropped/10_Metas/12/13/20191012133200_00160.png,335.2,9.3,325.8,25.5,961
10/12/2019 13:33,datasets/dataset_cropped/10_Metas/12/13/20191012133300_00160.jpg,datasets_flow/dataset_cropped/10_Metas/12/13/20191012133300_00160.jpg,datasets_cloudmask/dataset_cropped/10_Metas/12/13/20191012133300_00160.png,361.6,28.5,338.1,25.5,961
10/12/2019 13:34,datasets/dataset_cropped/10_Metas/12/13/20191012133400_00160.jpg,datasets_flow/dataset_cropped/10_Metas/12/13/20191012133400_00160.jpg,datasets_cloudmask/dataset_cropped/10_Metas/12/13/20191012133400_00160.png,420.1,86,354.9,25.1,961
10/12/2019 13:35,datasets/dataset_cropped/10_Metas/12/13/20191012133500_00160.jpg,datasets_flow/dataset_cropped/10_Metas/12/13/20191012133500_00160.jpg,datasets_cloudmask/dataset_cropped/10_Metas/12/13/20191012133500_00160.png,422.3,70,368.5,24.9,961
10/12/2019 13:36,datasets/dataset_cropped/10_Metas/12/13/20191012133600_00160.jpg,datasets_flow/dataset_cropped/10_Metas/12/13/20191012133600_00160.jpg,datasets_cloudmask/dataset_cropped/10_Metas/12/13/20191012133600_00160.png,377.3,14.5,364.7,25,961
10/12/2019 13:37,datasets/dataset_cropped/10_Metas/12/13/20191012133700_00160.jpg,datasets_flow/dataset_cropped/10_Metas/12/13/20191012133700_00160.jpg,datasets_cloudmask/dataset_cropped/10_Metas/12/13/20191012133700_00160.png,386.9,18.8,371.1,25.2,961
10/12/2019 13:38,datasets/dataset_cropped/10_Metas/12/13/20191012133800_00160.jpg,datasets_flow/dataset_cropped/10_Metas/12/13/20191012133800_00160.jpg,datasets_cloudmask/dataset_cropped/10_Metas/12/13/20191012133800_00160.png,557.6,230.3,390.8,25.3,961
10/12/2019 13:39,datasets/dataset_cropped/10_Metas/12/13/20191012133900_00160.jpg,datasets_flow/dataset_cropped/10_Metas/12/13/20191012133900_00160.jpg,datasets_cloudmask/dataset_cropped/10_Metas/12/13/20191012133900_00160.png,449.1,97,379.8,25.2,961
10/12/2019 13:40,datasets/dataset_cropped/10_Metas/12/13/20191012134000_00160.jpg,datasets_flow/dataset_cropped/10_Metas/12/13/20191012134000_00160.jpg,datasets_cloudmask/dataset_cropped/10_Metas/12/13/20191012134000_00160.png,390.6,39.3,361.7,25.1,961
10/12/2019 13:41,datasets/dataset_cropped/10_Metas/12/13/20191012134100_00160.jpg,datasets_flow/dataset_cropped/10_Metas/12/13/20191012134100_00160.jpg,datasets_cloudmask/dataset_cropped/10_Metas/12/13/20191012134100_00160.png,473.7,160.3,360.4,24.9,961
10/12/2019 13:42,datasets/dataset_cropped/10_Metas/12/13/20191012134200_00160.jpg,datasets_flow/dataset_cropped/10_Metas/12/13/20191012134200_00160.jpg,datasets_cloudmask/dataset_cropped/10_Metas/12/13/20191012134200_00160.png,386.7,41.8,355.7,25,961
10/12/2019 13:43,datasets/dataset_cropped/10_Metas/12/13/20191012134300_00160.jpg,datasets_flow/dataset_cropped/10_Metas/12/13/20191012134300_00160.jpg,datasets_cloudmask/dataset_cropped/10_Metas/12/13/20191012134300_00160.png,489.6,180.8,358.2,25.1,961
10/12/2019 13:44,datasets/dataset_cropped/10_Metas/12/13/20191012134400_00160.jpg,datasets_flow/dataset_cropped/10_Metas/12/13/20191012134400_00160.jpg,datasets_cloudmask/dataset_cropped/10_Metas/12/13/20191012134400_00160.png,409.9,81.3,349.6,25,961
10/12/2019 13:45,datasets/dataset_cropped/10_Metas/12/13/20191012134500_00160.jpg,datasets_flow/dataset_cropped/10_Metas/12/13/20191012134500_00160.jpg,datasets_cloudmask/dataset_cropped/10_Metas/12/13/20191012134500_00160.png,553.6,299.6,343.1,24.9,961
10/12/2019 13:46,datasets/dataset_cropped/10_Metas/12/13/20191012134600_00160.jpg,datasets_flow/dataset_cropped/10_Metas/12/13/20191012134600_00160.jpg,datasets_cloudmask/dataset_cropped/10_Metas/12/13/20191012134600_00160.png,574.6,325.8,341.8,24.9,961
10/12/2019 13:47,datasets/dataset_cropped/10_Metas/12/13/20191012134700_00160.jpg,datasets_flow/dataset_cropped/10_Metas/12/13/20191012134700_00160.jpg,datasets_cloudmask/dataset_cropped/10_Metas/12/13/20191012134700_00160.png,551,322.4,324.3,25.2,961
10/12/2019 13:48,datasets/dataset_cropped/10_Metas/12/13/20191012134800_00160.jpg,datasets_flow/dataset_cropped/10_Metas/12/13/20191012134800_00160.jpg,datasets_cloudmask/dataset_cropped/10_Metas/12/13/20191012134800_00160.png,838,752.4,314,25.2,961
10/12/2019 13:49,datasets/dataset_cropped/10_Metas/12/13/20191012134900_00160.jpg,datasets_flow/dataset_cropped/10_Metas/12/13/20191012134900_00160.jpg,datasets_cloudmask/dataset_cropped/10_Metas/12/13/20191012134900_00160.png,835,776.3,294.5,25.2,961
10/12/2019 13:50,datasets/dataset_cropped/10_Metas/12/13/20191012135000_00160.jpg,datasets_flow/dataset_cropped/10_Metas/12/13/20191012135000_00160.jpg,datasets_cloudmask/dataset_cropped/10_Metas/12/13/20191012135000_00160.png,817,766.5,283,25.2,961
10/12/2019 13:51,datasets/dataset_cropped/10_Metas/12/13/20191012135100_00160.jpg,datasets_flow/dataset_cropped/10_Metas/12/13/20191012135100_00160.jpg,datasets_cloudmask/dataset_cropped/10_Metas/12/13/20191012135100_00160.png,708.1,621.3,274.3,25.6,961
10/12/2019 13:52,datasets/dataset_cropped/10_Metas/12/13/20191012135200_00160.jpg,datasets_flow/dataset_cropped/10_Metas/12/13/20191012135200_00160.jpg,datasets_cloudmask/dataset_cropped/10_Metas/12/13/20191012135200_00160.png,691.8,614.2,265,25.8,961
10/12/2019 13:53,datasets/dataset_cropped/10_Metas/12/13/20191012135300_00160.jpg,datasets_flow/dataset_cropped/10_Metas/12/13/20191012135300_00160.jpg,datasets_cloudmask/dataset_cropped/10_Metas/12/13/20191012135300_00160.png,693.4,639.6,249.2,25.6,961
10/12/2019 13:54,datasets/dataset_cropped/10_Metas/12/13/20191012135400_00160.jpg,datasets_flow/dataset_cropped/10_Metas/12/13/20191012135400_00160.jpg,datasets_cloudmask/dataset_cropped/10_Metas/12/13/20191012135400_00160.png,838,873,234,25.5,961
10/12/2019 13:55,datasets/dataset_cropped/10_Metas/12/13/20191012135500_00160.jpg,datasets_flow/dataset_cropped/10_Metas/12/13/20191012135500_00160.jpg,datasets_cloudmask/dataset_cropped/10_Metas/12/13/20191012135500_00160.png,783.7,802,230.6,25.6,961
10/12/2019 13:56,datasets/dataset_cropped/10_Metas/12/13/20191012135600_00160.jpg,datasets_flow/dataset_cropped/10_Metas/12/13/20191012135600_00160.jpg,datasets_cloudmask/dataset_cropped/10_Metas/12/13/20191012135600_00160.png,715.8,693.7,237.3,25.7,961
10/12/2019 13:57,datasets/dataset_cropped/10_Metas/12/13/20191012135700_00160.jpg,datasets_flow/dataset_cropped/10_Metas/12/13/20191012135700_00160.jpg,datasets_cloudmask/dataset_cropped/10_Metas/12/13/20191012135700_00160.png,650.6,585.7,244.8,25.6,961
10/12/2019 13:58,datasets/dataset_cropped/10_Metas/12/13/20191012135800_00160.jpg,datasets_flow/dataset_cropped/10_Metas/12/13/20191012135800_00160.jpg,datasets_cloudmask/dataset_cropped/10_Metas/12/13/20191012135800_00160.png,684.1,625.6,252.1,25.8,961
10/12/2019 13:59,datasets/dataset_cropped/10_Metas/12/13/20191012135900_00160.jpg,datasets_flow/dataset_cropped/10_Metas/12/13/20191012135900_00160.jpg,datasets_cloudmask/dataset_cropped/10_Metas/12/13/20191012135900_00160.png,695,622.2,265,25.6,961
10/12/2019 14:00,datasets/dataset_cropped/10_Metas/12/14/20191012140000_00160.jpg,datasets_flow/dataset_cropped/10_Metas/12/14/20191012140000_00160.jpg,datasets_cloudmask/dataset_cropped/10_Metas/12/14/20191012140000_00160.png,645.6,531.8,277.4,25.5,961
10/12/2019 14:01,datasets/dataset_cropped/10_Metas/12/14/20191012140100_00160.jpg,datasets_flow/dataset_cropped/10_Metas/12/14/20191012140100_00160.jpg,datasets_cloudmask/dataset_cropped/10_Metas/12/14/20191012140100_00160.png,511.7,326.9,283.5,25.5,961
10/12/2019 14:02,datasets/dataset_cropped/10_Metas/12/14/20191012140200_00160.jpg,datasets_flow/dataset_cropped/10_Metas/12/14/20191012140200_00160.jpg,datasets_cloudmask/dataset_cropped/10_Metas/12/14/20191012140200_00160.png,406.1,173.7,283.6,25.7,961
10/12/2019 14:03,datasets/dataset_cropped/10_Metas/12/14/20191012140300_00160.jpg,datasets_flow/dataset_cropped/10_Metas/12/14/20191012140300_00160.jpg,datasets_cloudmask/dataset_cropped/10_Metas/12/14/20191012140300_00160.png,382.3,135.4,286.7,25.6,961
10/12/2019 14:04,datasets/dataset_cropped/10_Metas/12/14/20191012140400_00160.jpg,datasets_flow/dataset_cropped/10_Metas/12/14/20191012140400_00160.jpg,datasets_cloudmask/dataset_cropped/10_Metas/12/14/20191012140400_00160.png,438.3,206,294.8,25.6,961
10/12/2019 14:05,datasets/dataset_cropped/10_Metas/12/14/20191012140500_00160.jpg,datasets_flow/dataset_cropped/10_Metas/12/14/20191012140500_00160.jpg,datasets_cloudmask/dataset_cropped/10_Metas/12/14/20191012140500_00160.png,546,352.4,301.2,25.8,961
10/12/2019 14:06,datasets/dataset_cropped/10_Metas/12/14/20191012140600_00160.jpg,datasets_flow/dataset_cropped/10_Metas/12/14/20191012140600_00160.jpg,datasets_cloudmask/dataset_cropped/10_Metas/12/14/20191012140600_00160.png,605.9,452.1,293.4,25.6,961
10/12/2019 14:07,datasets/dataset_cropped/10_Metas/12/14/20191012140700_00160.jpg,datasets_flow/dataset_cropped/10_Metas/12/14/20191012140700_00160.jpg,datasets_cloudmask/dataset_cropped/10_Metas/12/14/20191012140700_00160.png,605,484.9,271.4,25.6,961
10/12/2019 14:08,datasets/dataset_cropped/10_Metas/12/14/20191012140800_00160.jpg,datasets_flow/dataset_cropped/10_Metas/12/14/20191012140800_00160.jpg,datasets_cloudmask/dataset_cropped/10_Metas/12/14/20191012140800_00160.png,737.3,731.8,238.3,25.7,961
10/12/2019 14:09,datasets/dataset_cropped/10_Metas/12/14/20191012140900_00160.jpg,datasets_flow/dataset_cropped/10_Metas/12/14/20191012140900_00160.jpg,datasets_cloudmask/dataset_cropped/10_Metas/12/14/20191012140900_00160.png,793.8,869,205.9,25.6,961
10/12/2019 14:10,datasets/dataset_cropped/10_Metas/12/14/20191012141000_00160.jpg,datasets_flow/dataset_cropped/10_Metas/12/14/20191012141000_00160.jpg,datasets_cloudmask/dataset_cropped/10_Metas/12/14/20191012141000_00160.png,767.8,869,180.4,25.6,961
10/12/2019 14:11,datasets/dataset_cropped/10_Metas/12/14/20191012141100_00160.jpg,datasets_flow/dataset_cropped/10_Metas/12/14/20191012141100_00160.jpg,datasets_cloudmask/dataset_cropped/10_Metas/12/14/20191012141100_00160.png,748.1,870,161.4,25.6,961
10/12/2019 14:12,datasets/dataset_cropped/10_Metas/12/14/20191012141200_00160.jpg,datasets_flow/dataset_cropped/10_Metas/12/14/20191012141200_00160.jpg,datasets_cloudmask/dataset_cropped/10_Metas/12/14/20191012141200_00160.png,733.5,870,147.4,26.1,961
10/12/2019 14:13,datasets/dataset_cropped/10_Metas/12/14/20191012141300_00160.jpg,datasets_flow/dataset_cropped/10_Metas/12/14/20191012141300_00160.jpg,datasets_cloudmask/dataset_cropped/10_Metas/12/14/20191012141300_00160.png,723.2,871,137.9,26.4,961
10/12/2019 14:14,datasets/dataset_cropped/10_Metas/12/14/20191012141400_00160.jpg,datasets_flow/dataset_cropped/10_Metas/12/14/20191012141400_00160.jpg,datasets_cloudmask/dataset_cropped/10_Metas/12/14/20191012141400_00160.png,715.2,871,130.9,26.5,960
10/12/2019 14:15,datasets/dataset_cropped/10_Metas/12/14/20191012141500_00160.jpg,datasets_flow/dataset_cropped/10_Metas/12/14/20191012141500_00160.jpg,datasets_cloudmask/dataset_cropped/10_Metas/12/14/20191012141500_00160.png,708.2,871,125.7,26.6,961
10/12/2019 14:16,datasets/dataset_cropped/10_Metas/12/14/20191012141600_00160.jpg,datasets_flow/dataset_cropped/10_Metas/12/14/20191012141600_00160.jpg,datasets_cloudmask/dataset_cropped/10_Metas/12/14/20191012141600_00160.png,702.3,871,121.5,26.6,961
10/12/2019 14:17,datasets/dataset_cropped/10_Metas/12/14/20191012141700_00160.jpg,datasets_flow/dataset_cropped/10_Metas/12/14/20191012141700_00160.jpg,datasets_cloudmask/dataset_cropped/10_Metas/12/14/20191012141700_00160.png,697.2,871,117.8,26.3,961
10/12/2019 14:18,datasets/dataset_cropped/10_Metas/12/14/20191012141800_00160.jpg,datasets_flow/dataset_cropped/10_Metas/12/14/20191012141800_00160.jpg,datasets_cloudmask/dataset_cropped/10_Metas/12/14/20191012141800_00160.png,692.9,869,115.5,26.4,960
10/12/2019 14:19,datasets/dataset_cropped/10_Metas/12/14/20191012141900_00160.jpg,datasets_flow/dataset_cropped/10_Metas/12/14/20191012141900_00160.jpg,datasets_cloudmask/dataset_cropped/10_Metas/12/14/20191012141900_00160.png,689.6,868,113.3,26.4,961
10/12/2019 14:20,datasets/dataset_cropped/10_Metas/12/14/20191012142000_00160.jpg,datasets_flow/dataset_cropped/10_Metas/12/14/20191012142000_00160.jpg,datasets_cloudmask/dataset_cropped/10_Metas/12/14/20191012142000_00160.png,686.8,867,112,26.6,960
10/12/2019 14:21,datasets/dataset_cropped/10_Metas/12/14/20191012142100_00160.jpg,datasets_flow/dataset_cropped/10_Metas/12/14/20191012142100_00160.jpg,datasets_cloudmask/dataset_cropped/10_Metas/12/14/20191012142100_00160.png,684.4,866,111.2,26.4,960
10/12/2019 14:22,datasets/dataset_cropped/10_Metas/12/14/20191012142200_00160.jpg,datasets_flow/dataset_cropped/10_Metas/12/14/20191012142200_00160.jpg,datasets_cloudmask/dataset_cropped/10_Metas/12/14/20191012142200_00160.png,681.5,864,110.6,26.6,960
10/12/2019 14:23,datasets/dataset_cropped/10_Metas/12/14/20191012142300_00160.jpg,datasets_flow/dataset_cropped/10_Metas/12/14/20191012142300_00160.jpg,datasets_cloudmask/dataset_cropped/10_Metas/12/14/20191012142300_00160.png,679,862,110.2,26.5,961
10/12/2019 14:24,datasets/dataset_cropped/10_Metas/12/14/20191012142400_00160.jpg,datasets_flow/dataset_cropped/10_Metas/12/14/20191012142400_00160.jpg,datasets_cloudmask/dataset_cropped/10_Metas/12/14/20191012142400_00160.png,676.1,860,109.1,26.3,961
10/12/2019 14:25,datasets/dataset_cropped/10_Metas/12/14/20191012142500_00160.jpg,datasets_flow/dataset_cropped/10_Metas/12/14/20191012142500_00160.jpg,datasets_cloudmask/dataset_cropped/10_Metas/12/14/20191012142500_00160.png,673.9,859,108.6,26.2,960
10/12/2019 14:26,datasets/dataset_cropped/10_Metas/12/14/20191012142600_00160.jpg,datasets_flow/dataset_cropped/10_Metas/12/14/20191012142600_00160.jpg,datasets_cloudmask/dataset_cropped/10_Metas/12/14/20191012142600_00160.png,672.4,859,107.9,26.4,960
10/12/2019 14:27,datasets/dataset_cropped/10_Metas/12/14/20191012142700_00160.jpg,datasets_flow/dataset_cropped/10_Metas/12/14/20191012142700_00160.jpg,datasets_cloudmask/dataset_cropped/10_Metas/12/14/20191012142700_00160.png,671,859,107.7,26.9,960
10/12/2019 14:28,datasets/dataset_cropped/10_Metas/12/14/20191012142800_00160.jpg,datasets_flow/dataset_cropped/10_Metas/12/14/20191012142800_00160.jpg,datasets_cloudmask/dataset_cropped/10_Metas/12/14/20191012142800_00160.png,669.4,859,107.2,27,961
10/12/2019 14:29,datasets/dataset_cropped/10_Metas/12/14/20191012142900_00160.jpg,datasets_flow/dataset_cropped/10_Metas/12/14/20191012142900_00160.jpg,datasets_cloudmask/dataset_cropped/10_Metas/12/14/20191012142900_00160.png,667.5,860,106.7,26.9,960
10/12/2019 14:30,datasets/dataset_cropped/10_Metas/12/14/20191012143000_00160.jpg,datasets_flow/dataset_cropped/10_Metas/12/14/20191012143000_00160.jpg,datasets_cloudmask/dataset_cropped/10_Metas/12/14/20191012143000_00160.png,664.6,858,106,26.7,960
10/12/2019 14:31,datasets/dataset_cropped/10_Metas/12/14/20191012143100_00160.jpg,datasets_flow/dataset_cropped/10_Metas/12/14/20191012143100_00160.jpg,datasets_cloudmask/dataset_cropped/10_Metas/12/14/20191012143100_00160.png,662.2,857,105.3,26.5,960
10/12/2019 14:32,datasets/dataset_cropped/10_Metas/12/14/20191012143200_00160.jpg,datasets_flow/dataset_cropped/10_Metas/12/14/20191012143200_00160.jpg,datasets_cloudmask/dataset_cropped/10_Metas/12/14/20191012143200_00160.png,659.6,855,105,26.3,960
10/12/2019 14:33,datasets/dataset_cropped/10_Metas/12/14/20191012143300_00160.jpg,datasets_flow/dataset_cropped/10_Metas/12/14/20191012143300_00160.jpg,datasets_cloudmask/dataset_cropped/10_Metas/12/14/20191012143300_00160.png,657.7,854,105,26.3,960
10/12/2019 14:34,datasets/dataset_cropped/10_Metas/12/14/20191012143400_00160.jpg,datasets_flow/dataset_cropped/10_Metas/12/14/20191012143400_00160.jpg,datasets_cloudmask/dataset_cropped/10_Metas/12/14/20191012143400_00160.png,654.1,851,104.6,26.4,960
10/12/2019 14:35,datasets/dataset_cropped/10_Metas/12/14/20191012143500_00160.jpg,datasets_flow/dataset_cropped/10_Metas/12/14/20191012143500_00160.jpg,datasets_cloudmask/dataset_cropped/10_Metas/12/14/20191012143500_00160.png,651.7,849,104.5,26.6,961
10/12/2019 14:36,datasets/dataset_cropped/10_Metas/12/14/20191012143600_00160.jpg,datasets_flow/dataset_cropped/10_Metas/12/14/20191012143600_00160.jpg,datasets_cloudmask/dataset_cropped/10_Metas/12/14/20191012143600_00160.png,650.4,849,104.8,26.5,960
10/12/2019 14:37,datasets/dataset_cropped/10_Metas/12/14/20191012143700_00160.jpg,datasets_flow/dataset_cropped/10_Metas/12/14/20191012143700_00160.jpg,datasets_cloudmask/dataset_cropped/10_Metas/12/14/20191012143700_00160.png,650,850,105.3,26.8,960
10/12/2019 14:38,datasets/dataset_cropped/10_Metas/12/14/20191012143800_00160.jpg,datasets_flow/dataset_cropped/10_Metas/12/14/20191012143800_00160.jpg,datasets_cloudmask/dataset_cropped/10_Metas/12/14/20191012143800_00160.png,648,849,105.1,26.9,960
10/12/2019 14:39,datasets/dataset_cropped/10_Metas/12/14/20191012143900_00160.jpg,datasets_flow/dataset_cropped/10_Metas/12/14/20191012143900_00160.jpg,datasets_cloudmask/dataset_cropped/10_Metas/12/14/20191012143900_00160.png,645.3,847,104.8,27.1,960
10/12/2019 14:40,datasets/dataset_cropped/10_Metas/12/14/20191012144000_00160.jpg,datasets_flow/dataset_cropped/10_Metas/12/14/20191012144000_00160.jpg,datasets_cloudmask/dataset_cropped/10_Metas/12/14/20191012144000_00160.png,643.7,846,105.3,27.1,960
10/12/2019 14:41,datasets/dataset_cropped/10_Metas/12/14/20191012144100_00160.jpg,datasets_flow/dataset_cropped/10_Metas/12/14/20191012144100_00160.jpg,datasets_cloudmask/dataset_cropped/10_Metas/12/14/20191012144100_00160.png,641.7,845,105.3,27.2,960
10/12/2019 14:42,datasets/dataset_cropped/10_Metas/12/14/20191012144200_00160.jpg,datasets_flow/dataset_cropped/10_Metas/12/14/20191012144200_00160.jpg,datasets_cloudmask/dataset_cropped/10_Metas/12/14/20191012144200_00160.png,638.3,840,105.7,27.3,960
10/12/2019 14:43,datasets/dataset_cropped/10_Metas/12/14/20191012144300_00160.jpg,datasets_flow/dataset_cropped/10_Metas/12/14/20191012144300_00160.jpg,datasets_cloudmask/dataset_cropped/10_Metas/12/14/20191012144300_00160.png,637.4,840,106,27.3,960
10/12/2019 14:44,datasets/dataset_cropped/10_Metas/12/14/20191012144400_00160.jpg,datasets_flow/dataset_cropped/10_Metas/12/14/20191012144400_00160.jpg,datasets_cloudmask/dataset_cropped/10_Metas/12/14/20191012144400_00160.png,637.6,841,106.9,27,960
10/12/2019 14:45,datasets/dataset_cropped/10_Metas/12/14/20191012144500_00160.jpg,datasets_flow/dataset_cropped/10_Metas/12/14/20191012144500_00160.jpg,datasets_cloudmask/dataset_cropped/10_Metas/12/14/20191012144500_00160.png,639.1,840,110,26.8,960
10/12/2019 14:46,datasets/dataset_cropped/10_Metas/12/14/20191012144600_00160.jpg,datasets_flow/dataset_cropped/10_Metas/12/14/20191012144600_00160.jpg,datasets_cloudmask/dataset_cropped/10_Metas/12/14/20191012144600_00160.png,582.4,743.8,115.3,26.7,960
10/12/2019 14:47,datasets/dataset_cropped/10_Metas/12/14/20191012144700_00160.jpg,datasets_flow/dataset_cropped/10_Metas/12/14/20191012144700_00160.jpg,datasets_cloudmask/dataset_cropped/10_Metas/12/14/20191012144700_00160.png,404.1,457.3,115.5,26.9,960
10/12/2019 14:48,datasets/dataset_cropped/10_Metas/12/14/20191012144800_00160.jpg,datasets_flow/dataset_cropped/10_Metas/12/14/20191012144800_00160.jpg,datasets_cloudmask/dataset_cropped/10_Metas/12/14/20191012144800_00160.png,555.9,685.9,123,26.7,960
10/12/2019 14:49,datasets/dataset_cropped/10_Metas/12/14/20191012144900_00160.jpg,datasets_flow/dataset_cropped/10_Metas/12/14/20191012144900_00160.jpg,datasets_cloudmask/dataset_cropped/10_Metas/12/14/20191012144900_00160.png,494.1,590.8,124.1,26.7,960
10/12/2019 14:50,datasets/dataset_cropped/10_Metas/12/14/20191012145000_00160.jpg,datasets_flow/dataset_cropped/10_Metas/12/14/20191012145000_00160.jpg,datasets_cloudmask/dataset_cropped/10_Metas/12/14/20191012145000_00160.png,325.8,329.4,116.4,26.7,960
10/12/2019 14:51,datasets/dataset_cropped/10_Metas/12/14/20191012145100_00160.jpg,datasets_flow/dataset_cropped/10_Metas/12/14/20191012145100_00160.jpg,datasets_cloudmask/dataset_cropped/10_Metas/12/14/20191012145100_00160.png,620.7,797.3,123.4,26.6,960
10/12/2019 14:52,datasets/dataset_cropped/10_Metas/12/14/20191012145200_00160.jpg,datasets_flow/dataset_cropped/10_Metas/12/14/20191012145200_00160.jpg,datasets_cloudmask/dataset_cropped/10_Metas/12/14/20191012145200_00160.png,637.7,834,121,26.7,960
10/12/2019 14:53,datasets/dataset_cropped/10_Metas/12/14/20191012145300_00160.jpg,datasets_flow/dataset_cropped/10_Metas/12/14/20191012145300_00160.jpg,datasets_cloudmask/dataset_cropped/10_Metas/12/14/20191012145300_00160.png,633.2,832,119.4,26.9,960
10/12/2019 14:54,datasets/dataset_cropped/10_Metas/12/14/20191012145400_00160.jpg,datasets_flow/dataset_cropped/10_Metas/12/14/20191012145400_00160.jpg,datasets_cloudmask/dataset_cropped/10_Metas/12/14/20191012145400_00160.png,632,832,119.8,26.7,960
10/12/2019 14:55,datasets/dataset_cropped/10_Metas/12/14/20191012145500_00160.jpg,datasets_flow/dataset_cropped/10_Metas/12/14/20191012145500_00160.jpg,datasets_cloudmask/dataset_cropped/10_Metas/12/14/20191012145500_00160.png,592.1,767.5,120.8,26.7,960
10/12/2019 14:56,datasets/dataset_cropped/10_Metas/12/14/20191012145600_00160.jpg,datasets_flow/dataset_cropped/10_Metas/12/14/20191012145600_00160.jpg,datasets_cloudmask/dataset_cropped/10_Metas/12/14/20191012145600_00160.png,611.3,793,126.1,26.9,960
10/12/2019 14:57,datasets/dataset_cropped/10_Metas/12/14/20191012145700_00160.jpg,datasets_flow/dataset_cropped/10_Metas/12/14/20191012145700_00160.jpg,datasets_cloudmask/dataset_cropped/10_Metas/12/14/20191012145700_00160.png,635.1,827,130.2,26.9,960
10/12/2019 14:58,datasets/dataset_cropped/10_Metas/12/14/20191012145800_00160.jpg,datasets_flow/dataset_cropped/10_Metas/12/14/20191012145800_00160.jpg,datasets_cloudmask/dataset_cropped/10_Metas/12/14/20191012145800_00160.png,619,795.1,134.8,26.7,960
10/12/2019 14:59,datasets/dataset_cropped/10_Metas/12/14/20191012145900_00160.jpg,datasets_flow/dataset_cropped/10_Metas/12/14/20191012145900_00160.jpg,datasets_cloudmask/dataset_cropped/10_Metas/12/14/20191012145900_00160.png,630.6,802,143.9,26.8,960
10/12/2019 15:00,datasets/dataset_cropped/10_Metas/12/15/20191012150000_00160.jpg,datasets_flow/dataset_cropped/10_Metas/12/15/20191012150000_00160.jpg,datasets_cloudmask/dataset_cropped/10_Metas/12/15/20191012150000_00160.png,552.7,665.7,149.1,26.9,960
10/12/2019 15:01,datasets/dataset_cropped/10_Metas/12/15/20191012150100_00160.jpg,datasets_flow/dataset_cropped/10_Metas/12/15/20191012150100_00160.jpg,datasets_cloudmask/dataset_cropped/10_Metas/12/15/20191012150100_00160.png,493.8,559,155.1,26.7,960
10/12/2019 15:02,datasets/dataset_cropped/10_Metas/12/15/20191012150200_00160.jpg,datasets_flow/dataset_cropped/10_Metas/12/15/20191012150200_00160.jpg,datasets_cloudmask/dataset_cropped/10_Metas/12/15/20191012150200_00160.png,472.3,520.5,156.9,26.8,960
10/12/2019 15:03,datasets/dataset_cropped/10_Metas/12/15/20191012150300_00160.jpg,datasets_flow/dataset_cropped/10_Metas/12/15/20191012150300_00160.jpg,datasets_cloudmask/dataset_cropped/10_Metas/12/15/20191012150300_00160.png,407,428.2,149.6,26.9,960
10/12/2019 15:04,datasets/dataset_cropped/10_Metas/12/15/20191012150400_00160.jpg,datasets_flow/dataset_cropped/10_Metas/12/15/20191012150400_00160.jpg,datasets_cloudmask/dataset_cropped/10_Metas/12/15/20191012150400_00160.png,602.5,753.9,152.3,27,960
10/12/2019 15:05,datasets/dataset_cropped/10_Metas/12/15/20191012150500_00160.jpg,datasets_flow/dataset_cropped/10_Metas/12/15/20191012150500_00160.jpg,datasets_cloudmask/dataset_cropped/10_Metas/12/15/20191012150500_00160.png,582.4,728.7,146.9,27.2,960
10/12/2019 15:06,datasets/dataset_cropped/10_Metas/12/15/20191012150600_00160.jpg,datasets_flow/dataset_cropped/10_Metas/12/15/20191012150600_00160.jpg,datasets_cloudmask/dataset_cropped/10_Metas/12/15/20191012150600_00160.png,632.6,817,146.7,27.4,960
10/12/2019 15:07,datasets/dataset_cropped/10_Metas/12/15/20191012150700_00160.jpg,datasets_flow/dataset_cropped/10_Metas/12/15/20191012150700_00160.jpg,datasets_cloudmask/dataset_cropped/10_Metas/12/15/20191012150700_00160.png,627.1,816,143.8,27.1,960
10/12/2019 15:08,datasets/dataset_cropped/10_Metas/12/15/20191012150800_00160.jpg,datasets_flow/dataset_cropped/10_Metas/12/15/20191012150800_00160.jpg,datasets_cloudmask/dataset_cropped/10_Metas/12/15/20191012150800_00160.png,623.8,815,142.5,26.9,960
10/12/2019 15:09,datasets/dataset_cropped/10_Metas/12/15/20191012150900_00160.jpg,datasets_flow/dataset_cropped/10_Metas/12/15/20191012150900_00160.jpg,datasets_cloudmask/dataset_cropped/10_Metas/12/15/20191012150900_00160.png,622.8,815,143,26.9,960
10/12/2019 15:10,datasets/dataset_cropped/10_Metas/12/15/20191012151000_00160.jpg,datasets_flow/dataset_cropped/10_Metas/12/15/20191012151000_00160.jpg,datasets_cloudmask/dataset_cropped/10_Metas/12/15/20191012151000_00160.png,622.6,814,144.9,27,960
10/12/2019 15:11,datasets/dataset_cropped/10_Metas/12/15/20191012151100_00160.jpg,datasets_flow/dataset_cropped/10_Metas/12/15/20191012151100_00160.jpg,datasets_cloudmask/dataset_cropped/10_Metas/12/15/20191012151100_00160.png,624.3,812,149.8,26.9,960
10/12/2019 15:12,datasets/dataset_cropped/10_Metas/12/15/20191012151200_00160.jpg,datasets_flow/dataset_cropped/10_Metas/12/15/20191012151200_00160.jpg,datasets_cloudmask/dataset_cropped/10_Metas/12/15/20191012151200_00160.png,632.1,817,156.6,27.1,960
10/12/2019 15:13,datasets/dataset_cropped/10_Metas/12/15/20191012151300_00160.jpg,datasets_flow/dataset_cropped/10_Metas/12/15/20191012151300_00160.jpg,datasets_cloudmask/dataset_cropped/10_Metas/12/15/20191012151300_00160.png,635.9,817,161.8,27.1,960
10/12/2019 15:14,datasets/dataset_cropped/10_Metas/12/15/20191012151400_00160.jpg,datasets_flow/dataset_cropped/10_Metas/12/15/20191012151400_00160.jpg,datasets_cloudmask/dataset_cropped/10_Metas/12/15/20191012151400_00160.png,587.3,734.5,162.3,27.2,960
10/12/2019 15:15,datasets/dataset_cropped/10_Metas/12/15/20191012151500_00160.jpg,datasets_flow/dataset_cropped/10_Metas/12/15/20191012151500_00160.jpg,datasets_cloudmask/dataset_cropped/10_Metas/12/15/20191012151500_00160.png,538.5,646.7,163.2,27.1,960
10/12/2019 15:16,datasets/dataset_cropped/10_Metas/12/15/20191012151600_00160.jpg,datasets_flow/dataset_cropped/10_Metas/12/15/20191012151600_00160.jpg,datasets_cloudmask/dataset_cropped/10_Metas/12/15/20191012151600_00160.png,632.6,802,169.9,27.1,960
10/12/2019 15:17,datasets/dataset_cropped/10_Metas/12/15/20191012151700_00160.jpg,datasets_flow/dataset_cropped/10_Metas/12/15/20191012151700_00160.jpg,datasets_cloudmask/dataset_cropped/10_Metas/12/15/20191012151700_00160.png,627.2,796,170.5,27.3,960
10/12/2019 15:18,datasets/dataset_cropped/10_Metas/12/15/20191012151800_00160.jpg,datasets_flow/dataset_cropped/10_Metas/12/15/20191012151800_00160.jpg,datasets_cloudmask/dataset_cropped/10_Metas/12/15/20191012151800_00160.png,628.6,795.4,173.6,27.3,960
10/12/2019 15:19,datasets/dataset_cropped/10_Metas/12/15/20191012151900_00160.jpg,datasets_flow/dataset_cropped/10_Metas/12/15/20191012151900_00160.jpg,datasets_cloudmask/dataset_cropped/10_Metas/12/15/20191012151900_00160.png,576.4,704.4,174.9,27.2,960
10/12/2019 15:20,datasets/dataset_cropped/10_Metas/12/15/20191012152000_00160.jpg,datasets_flow/dataset_cropped/10_Metas/12/15/20191012152000_00160.jpg,datasets_cloudmask/dataset_cropped/10_Metas/12/15/20191012152000_00160.png,559.5,674.6,174.9,27.2,960
10/12/2019 15:21,datasets/dataset_cropped/10_Metas/12/15/20191012152100_00160.jpg,datasets_flow/dataset_cropped/10_Metas/12/15/20191012152100_00160.jpg,datasets_cloudmask/dataset_cropped/10_Metas/12/15/20191012152100_00160.png,611.1,768.3,175.7,27.4,960
10/12/2019 15:22,datasets/dataset_cropped/10_Metas/12/15/20191012152215_00160.jpg,datasets_flow/dataset_cropped/10_Metas/12/15/20191012152215_00160.jpg,datasets_cloudmask/dataset_cropped/10_Metas/12/15/20191012152215_00160.png,627.5,802,175.8,27.5,960
10/12/2019 15:23,datasets/dataset_cropped/10_Metas/12/15/20191012152300_00160.jpg,datasets_flow/dataset_cropped/10_Metas/12/15/20191012152300_00160.jpg,datasets_cloudmask/dataset_cropped/10_Metas/12/15/20191012152300_00160.png,583,728.1,173.9,27.4,960
10/12/2019 15:24,datasets/dataset_cropped/10_Metas/12/15/20191012152400_00160.jpg,datasets_flow/dataset_cropped/10_Metas/12/15/20191012152400_00160.jpg,datasets_cloudmask/dataset_cropped/10_Metas/12/15/20191012152400_00160.png,503.1,588.8,173.2,27.5,960
10/12/2019 15:25,datasets/dataset_cropped/10_Metas/12/15/20191012152500_00160.jpg,datasets_flow/dataset_cropped/10_Metas/12/15/20191012152500_00160.jpg,datasets_cloudmask/dataset_cropped/10_Metas/12/15/20191012152500_00160.png,463,523.9,170.4,27.7,960
10/12/2019 15:26,datasets/dataset_cropped/10_Metas/12/15/20191012152600_00160.jpg,datasets_flow/dataset_cropped/10_Metas/12/15/20191012152600_00160.jpg,datasets_cloudmask/dataset_cropped/10_Metas/12/15/20191012152600_00160.png,589.5,747.6,174,27.7,960
10/12/2019 15:27,datasets/dataset_cropped/10_Metas/12/15/20191012152700_00160.jpg,datasets_flow/dataset_cropped/10_Metas/12/15/20191012152700_00160.jpg,datasets_cloudmask/dataset_cropped/10_Metas/12/15/20191012152700_00160.png,588.7,755.1,171,27.6,960
10/12/2019 15:28,datasets/dataset_cropped/10_Metas/12/15/20191012152800_00160.jpg,datasets_flow/dataset_cropped/10_Metas/12/15/20191012152800_00160.jpg,datasets_cloudmask/dataset_cropped/10_Metas/12/15/20191012152800_00160.png,590.6,764.8,169.6,27.7,960
10/12/2019 15:29,datasets/dataset_cropped/10_Metas/12/15/20191012152900_00160.jpg,datasets_flow/dataset_cropped/10_Metas/12/15/20191012152900_00160.jpg,datasets_cloudmask/dataset_cropped/10_Metas/12/15/20191012152900_00160.png,503.3,621.8,162,27.8,960
10/12/2019 15:30,datasets/dataset_cropped/10_Metas/12/15/20191012153000_00160.jpg,datasets_flow/dataset_cropped/10_Metas/12/15/20191012153000_00160.jpg,datasets_cloudmask/dataset_cropped/10_Metas/12/15/20191012153000_00160.png,587.9,778.6,162.4,27.7,960
10/12/2019 15:31,datasets/dataset_cropped/10_Metas/12/15/20191012153100_00160.jpg,datasets_flow/dataset_cropped/10_Metas/12/15/20191012153100_00160.jpg,datasets_cloudmask/dataset_cropped/10_Metas/12/15/20191012153100_00160.png,592.1,792.5,161.5,27.4,960
10/12/2019 15:32,datasets/dataset_cropped/10_Metas/12/15/20191012153200_00160.jpg,datasets_flow/dataset_cropped/10_Metas/12/15/20191012153200_00160.jpg,datasets_cloudmask/dataset_cropped/10_Metas/12/15/20191012153200_00160.png,577.5,769.2,162.1,27.2,960
10/12/2019 15:33,datasets/dataset_cropped/10_Metas/12/15/20191012153300_00160.jpg,datasets_flow/dataset_cropped/10_Metas/12/15/20191012153300_00160.jpg,datasets_cloudmask/dataset_cropped/10_Metas/12/15/20191012153300_00160.png,476.3,588.8,157.4,27.2,960
10/12/2019 15:34,datasets/dataset_cropped/10_Metas/12/15/20191012153400_00160.jpg,datasets_flow/dataset_cropped/10_Metas/12/15/20191012153400_00160.jpg,datasets_cloudmask/dataset_cropped/10_Metas/12/15/20191012153400_00160.png,488.8,616.6,156.2,27.3,960
10/12/2019 15:35,datasets/dataset_cropped/10_Metas/12/15/20191012153500_00160.jpg,datasets_flow/dataset_cropped/10_Metas/12/15/20191012153500_00160.jpg,datasets_cloudmask/dataset_cropped/10_Metas/12/15/20191012153500_00160.png,572.9,772.5,158.6,27.6,960
10/12/2019 15:36,datasets/dataset_cropped/10_Metas/12/15/20191012153600_00160.jpg,datasets_flow/dataset_cropped/10_Metas/12/15/20191012153600_00160.jpg,datasets_cloudmask/dataset_cropped/10_Metas/12/15/20191012153600_00160.png,496.5,647.3,150.9,27.9,960
10/12/2019 15:37,datasets/dataset_cropped/10_Metas/12/15/20191012153700_00160.jpg,datasets_flow/dataset_cropped/10_Metas/12/15/20191012153700_00160.jpg,datasets_cloudmask/dataset_cropped/10_Metas/12/15/20191012153700_00160.png,554.8,764.7,147.7,27.8,960
10/12/2019 15:38,datasets/dataset_cropped/10_Metas/12/15/20191012153800_00160.jpg,datasets_flow/dataset_cropped/10_Metas/12/15/20191012153800_00160.jpg,datasets_cloudmask/dataset_cropped/10_Metas/12/15/20191012153800_00160.png,454,595.8,137.6,27.6,960
10/12/2019 15:39,datasets/dataset_cropped/10_Metas/12/15/20191012153900_00160.jpg,datasets_flow/dataset_cropped/10_Metas/12/15/20191012153900_00160.jpg,datasets_cloudmask/dataset_cropped/10_Metas/12/15/20191012153900_00160.png,440.2,594.2,125.8,27.5,960
10/12/2019 15:40,datasets/dataset_cropped/10_Metas/12/15/20191012154000_00160.jpg,datasets_flow/dataset_cropped/10_Metas/12/15/20191012154000_00160.jpg,datasets_cloudmask/dataset_cropped/10_Metas/12/15/20191012154000_00160.png,513.9,750.8,119.6,27.5,960
10/12/2019 15:41,datasets/dataset_cropped/10_Metas/12/15/20191012154100_00160.jpg,datasets_flow/dataset_cropped/10_Metas/12/15/20191012154100_00160.jpg,datasets_cloudmask/dataset_cropped/10_Metas/12/15/20191012154100_00160.png,515.8,773.6,112.2,27.4,960
10/12/2019 15:42,datasets/dataset_cropped/10_Metas/12/15/20191012154200_00160.jpg,datasets_flow/dataset_cropped/10_Metas/12/15/20191012154200_00160.jpg,datasets_cloudmask/dataset_cropped/10_Metas/12/15/20191012154200_00160.png,507.4,771.8,106.5,27.4,960
10/12/2019 15:43,datasets/dataset_cropped/10_Metas/12/15/20191012154300_00160.jpg,datasets_flow/dataset_cropped/10_Metas/12/15/20191012154300_00160.jpg,datasets_cloudmask/dataset_cropped/10_Metas/12/15/20191012154300_00160.png,502.5,771.9,103.4,27.4,960
10/12/2019 15:44,datasets/dataset_cropped/10_Metas/12/15/20191012154400_00160.jpg,datasets_flow/dataset_cropped/10_Metas/12/15/20191012154400_00160.jpg,datasets_cloudmask/dataset_cropped/10_Metas/12/15/20191012154400_00160.png,498.4,771,101.6,27.4,960
10/12/2019 15:45,datasets/dataset_cropped/10_Metas/12/15/20191012154500_00160.jpg,datasets_flow/dataset_cropped/10_Metas/12/15/20191012154500_00160.jpg,datasets_cloudmask/dataset_cropped/10_Metas/12/15/20191012154500_00160.png,494.9,770,100.2,27.6,960
10/12/2019 15:46,datasets/dataset_cropped/10_Metas/12/15/20191012154600_00160.jpg,datasets_flow/dataset_cropped/10_Metas/12/15/20191012154600_00160.jpg,datasets_cloudmask/dataset_cropped/10_Metas/12/15/20191012154600_00160.png,491.6,768.3,99.3,27.4,960
10/12/2019 15:47,datasets/dataset_cropped/10_Metas/12/15/20191012154700_00160.jpg,datasets_flow/dataset_cropped/10_Metas/12/15/20191012154700_00160.jpg,datasets_cloudmask/dataset_cropped/10_Metas/12/15/20191012154700_00160.png,489,766.8,98.9,27.2,960
10/12/2019 15:48,datasets/dataset_cropped/10_Metas/12/15/20191012154800_00160.jpg,datasets_flow/dataset_cropped/10_Metas/12/15/20191012154800_00160.jpg,datasets_cloudmask/dataset_cropped/10_Metas/12/15/20191012154800_00160.png,485.8,764.3,98.6,27.1,960
10/12/2019 15:49,datasets/dataset_cropped/10_Metas/12/15/20191012154900_00160.jpg,datasets_flow/dataset_cropped/10_Metas/12/15/20191012154900_00160.jpg,datasets_cloudmask/dataset_cropped/10_Metas/12/15/20191012154900_00160.png,483.4,763.1,99,27.2,960
10/12/2019 15:50,datasets/dataset_cropped/10_Metas/12/15/20191012155000_00160.jpg,datasets_flow/dataset_cropped/10_Metas/12/15/20191012155000_00160.jpg,datasets_cloudmask/dataset_cropped/10_Metas/12/15/20191012155000_00160.png,481.6,763.8,98.8,27.4,960
10/12/2019 15:51,datasets/dataset_cropped/10_Metas/12/15/20191012155100_00160.jpg,datasets_flow/dataset_cropped/10_Metas/12/15/20191012155100_00160.jpg,datasets_cloudmask/dataset_cropped/10_Metas/12/15/20191012155100_00160.png,479.4,763.6,98.7,27.5,960
10/12/2019 15:52,datasets/dataset_cropped/10_Metas/12/15/20191012155200_00160.jpg,datasets_flow/dataset_cropped/10_Metas/12/15/20191012155200_00160.jpg,datasets_cloudmask/dataset_cropped/10_Metas/12/15/20191012155200_00160.png,477.4,763.7,98.8,27.6,960
10/12/2019 15:53,datasets/dataset_cropped/10_Metas/12/15/20191012155300_00160.jpg,datasets_flow/dataset_cropped/10_Metas/12/15/20191012155300_00160.jpg,datasets_cloudmask/dataset_cropped/10_Metas/12/15/20191012155300_00160.png,474.7,762.2,98.8,27.4,960
10/12/2019 15:54,datasets/dataset_cropped/10_Metas/12/15/20191012155400_00160.jpg,datasets_flow/dataset_cropped/10_Metas/12/15/20191012155400_00160.jpg,datasets_cloudmask/dataset_cropped/10_Metas/12/15/20191012155400_00160.png,470.7,758,98.9,27.3,960
10/12/2019 15:55,datasets/dataset_cropped/10_Metas/12/15/20191012155500_00160.jpg,datasets_flow/dataset_cropped/10_Metas/12/15/20191012155500_00160.jpg,datasets_cloudmask/dataset_cropped/10_Metas/12/15/20191012155500_00160.png,465.6,751.2,98.8,27.4,960
10/12/2019 15:56,datasets/dataset_cropped/10_Metas/12/15/20191012155600_00160.jpg,datasets_flow/dataset_cropped/10_Metas/12/15/20191012155600_00160.jpg,datasets_cloudmask/dataset_cropped/10_Metas/12/15/20191012155600_00160.png,462.5,748.1,99.3,27.4,960
10/12/2019 15:57,datasets/dataset_cropped/10_Metas/12/15/20191012155700_00160.jpg,datasets_flow/dataset_cropped/10_Metas/12/15/20191012155700_00160.jpg,datasets_cloudmask/dataset_cropped/10_Metas/12/15/20191012155700_00160.png,460.3,748.7,98.4,27.5,960
10/12/2019 15:58,datasets/dataset_cropped/10_Metas/12/15/20191012155800_00160.jpg,datasets_flow/dataset_cropped/10_Metas/12/15/20191012155800_00160.jpg,datasets_cloudmask/dataset_cropped/10_Metas/12/15/20191012155800_00160.png,456.8,747,97.3,27.5,960
10/12/2019 15:59,datasets/dataset_cropped/10_Metas/12/15/20191012155900_00160.jpg,datasets_flow/dataset_cropped/10_Metas/12/15/20191012155900_00160.jpg,datasets_cloudmask/dataset_cropped/10_Metas/12/15/20191012155900_00160.png,452.8,743.2,96.9,27.4,960
10/12/2019 16:00,datasets/dataset_cropped/10_Metas/12/16/20191012160000_00160.jpg,datasets_flow/dataset_cropped/10_Metas/12/16/20191012160000_00160.jpg,datasets_cloudmask/dataset_cropped/10_Metas/12/16/20191012160000_00160.png,450.1,742,96.4,27.4,960
10/12/2019 16:01,datasets/dataset_cropped/10_Metas/12/16/20191012160100_00160.jpg,datasets_flow/dataset_cropped/10_Metas/12/16/20191012160100_00160.jpg,datasets_cloudmask/dataset_cropped/10_Metas/12/16/20191012160100_00160.png,447.4,740.5,96.1,27.4,960
10/12/2019 16:02,datasets/dataset_cropped/10_Metas/12/16/20191012160200_00160.jpg,datasets_flow/dataset_cropped/10_Metas/12/16/20191012160200_00160.jpg,datasets_cloudmask/dataset_cropped/10_Metas/12/16/20191012160200_00160.png,445.5,740.7,95.9,27.4,960
10/12/2019 16:03,datasets/dataset_cropped/10_Metas/12/16/20191012160300_00160.jpg,datasets_flow/dataset_cropped/10_Metas/12/16/20191012160300_00160.jpg,datasets_cloudmask/dataset_cropped/10_Metas/12/16/20191012160300_00160.png,442.6,739.1,95.5,27.2,960
10/12/2019 16:04,datasets/dataset_cropped/10_Metas/12/16/20191012160400_00160.jpg,datasets_flow/dataset_cropped/10_Metas/12/16/20191012160400_00160.jpg,datasets_cloudmask/dataset_cropped/10_Metas/12/16/20191012160400_00160.png,439.7,736.9,95.2,27.2,960
10/12/2019 16:05,datasets/dataset_cropped/10_Metas/12/16/20191012160500_00160.jpg,datasets_flow/dataset_cropped/10_Metas/12/16/20191012160500_00160.jpg,datasets_cloudmask/dataset_cropped/10_Metas/12/16/20191012160500_00160.png,436.4,733.6,95.4,27.2,960
10/12/2019 16:06,datasets/dataset_cropped/10_Metas/12/16/20191012160600_00160.jpg,datasets_flow/dataset_cropped/10_Metas/12/16/20191012160600_00160.jpg,datasets_cloudmask/dataset_cropped/10_Metas/12/16/20191012160600_00160.png,432.7,730,95.4,27.3,960
10/12/2019 16:07,datasets/dataset_cropped/10_Metas/12/16/20191012160700_00160.jpg,datasets_flow/dataset_cropped/10_Metas/12/16/20191012160700_00160.jpg,datasets_cloudmask/dataset_cropped/10_Metas/12/16/20191012160700_00160.png,429.5,727,95.5,27.3,960
10/12/2019 16:08,datasets/dataset_cropped/10_Metas/12/16/20191012160800_00160.jpg,datasets_flow/dataset_cropped/10_Metas/12/16/20191012160800_00160.jpg,datasets_cloudmask/dataset_cropped/10_Metas/12/16/20191012160800_00160.png,426.3,723.7,95.5,27.3,960
10/12/2019 16:09,datasets/dataset_cropped/10_Metas/12/16/20191012160900_00160.jpg,datasets_flow/dataset_cropped/10_Metas/12/16/20191012160900_00160.jpg,datasets_cloudmask/dataset_cropped/10_Metas/12/16/20191012160900_00160.png,423.9,720.7,96.3,27.2,960
10/12/2019 16:10,datasets/dataset_cropped/10_Metas/12/16/20191012161000_00160.jpg,datasets_flow/dataset_cropped/10_Metas/12/16/20191012161000_00160.jpg,datasets_cloudmask/dataset_cropped/10_Metas/12/16/20191012161000_00160.png,420.8,716.4,97.2,27.1,960
10/12/2019 16:11,datasets/dataset_cropped/10_Metas/12/16/20191012161100_00160.jpg,datasets_flow/dataset_cropped/10_Metas/12/16/20191012161100_00160.jpg,datasets_cloudmask/dataset_cropped/10_Metas/12/16/20191012161100_00160.png,418.9,714.8,97.9,27.1,960
10/12/2019 16:12,datasets/dataset_cropped/10_Metas/12/16/20191012161200_00160.jpg,datasets_flow/dataset_cropped/10_Metas/12/16/20191012161200_00160.jpg,datasets_cloudmask/dataset_cropped/10_Metas/12/16/20191012161200_00160.png,416.7,712.8,98.6,27.4,960
10/12/2019 16:13,datasets/dataset_cropped/10_Metas/12/16/20191012161300_00160.jpg,datasets_flow/dataset_cropped/10_Metas/12/16/20191012161300_00160.jpg,datasets_cloudmask/dataset_cropped/10_Metas/12/16/20191012161300_00160.png,413.7,709.4,99,27.5,960
10/12/2019 16:14,datasets/dataset_cropped/10_Metas/12/16/20191012161400_00160.jpg,datasets_flow/dataset_cropped/10_Metas/12/16/20191012161400_00160.jpg,datasets_cloudmask/dataset_cropped/10_Metas/12/16/20191012161400_00160.png,411.2,707.6,99.1,27.4,960
10/12/2019 16:15,datasets/dataset_cropped/10_Metas/12/16/20191012161500_00160.jpg,datasets_flow/dataset_cropped/10_Metas/12/16/20191012161500_00160.jpg,datasets_cloudmask/dataset_cropped/10_Metas/12/16/20191012161500_00160.png,408,704.7,99,27.3,960
10/12/2019 16:16,datasets/dataset_cropped/10_Metas/12/16/20191012161600_00160.jpg,datasets_flow/dataset_cropped/10_Metas/12/16/20191012161600_00160.jpg,datasets_cloudmask/dataset_cropped/10_Metas/12/16/20191012161600_00160.png,403.8,700.7,98.5,27.1,960
10/12/2019 16:17,datasets/dataset_cropped/10_Metas/12/16/20191012161700_00160.jpg,datasets_flow/dataset_cropped/10_Metas/12/16/20191012161700_00160.jpg,datasets_cloudmask/dataset_cropped/10_Metas/12/16/20191012161700_00160.png,399.8,698.5,97.2,27,960
10/12/2019 16:18,datasets/dataset_cropped/10_Metas/12/16/20191012161800_00160.jpg,datasets_flow/dataset_cropped/10_Metas/12/16/20191012161800_00160.jpg,datasets_cloudmask/dataset_cropped/10_Metas/12/16/20191012161800_00160.png,395.5,695.9,95.9,27.1,960
10/12/2019 16:19,datasets/dataset_cropped/10_Metas/12/16/20191012161900_00160.jpg,datasets_flow/dataset_cropped/10_Metas/12/16/20191012161900_00160.jpg,datasets_cloudmask/dataset_cropped/10_Metas/12/16/20191012161900_00160.png,392.3,694.9,95.1,27.2,960
10/12/2019 16:20,datasets/dataset_cropped/10_Metas/12/16/20191012162000_00160.jpg,datasets_flow/dataset_cropped/10_Metas/12/16/20191012162000_00160.jpg,datasets_cloudmask/dataset_cropped/10_Metas/12/16/20191012162000_00160.png,388.4,691.7,94.4,27.1,960
10/12/2019 16:21,datasets/dataset_cropped/10_Metas/12/16/20191012162100_00160.jpg,datasets_flow/dataset_cropped/10_Metas/12/16/20191012162100_00160.jpg,datasets_cloudmask/dataset_cropped/10_Metas/12/16/20191012162100_00160.png,384.5,689.4,93.5,27.2,960
10/12/2019 16:22,datasets/dataset_cropped/10_Metas/12/16/20191012162200_00160.jpg,datasets_flow/dataset_cropped/10_Metas/12/16/20191012162200_00160.jpg,datasets_cloudmask/dataset_cropped/10_Metas/12/16/20191012162200_00160.png,380.3,688.2,92,27.1,960
10/12/2019 16:23,datasets/dataset_cropped/10_Metas/12/16/20191012162300_00160.jpg,datasets_flow/dataset_cropped/10_Metas/12/16/20191012162300_00160.jpg,datasets_cloudmask/dataset_cropped/10_Metas/12/16/20191012162300_00160.png,377.2,687.8,90.8,27.1,960
10/12/2019 16:24,datasets/dataset_cropped/10_Metas/12/16/20191012162400_00160.jpg,datasets_flow/dataset_cropped/10_Metas/12/16/20191012162400_00160.jpg,datasets_cloudmask/dataset_cropped/10_Metas/12/16/20191012162400_00160.png,373.5,685,90.1,27.3,960
10/12/2019 16:25,datasets/dataset_cropped/10_Metas/12/16/20191012162500_00160.jpg,datasets_flow/dataset_cropped/10_Metas/12/16/20191012162500_00160.jpg,datasets_cloudmask/dataset_cropped/10_Metas/12/16/20191012162500_00160.png,371.1,685.1,89.4,27.3,960
10/12/2019 16:26,datasets/dataset_cropped/10_Metas/12/16/20191012162600_00160.jpg,datasets_flow/dataset_cropped/10_Metas/12/16/20191012162600_00160.jpg,datasets_cloudmask/dataset_cropped/10_Metas/12/16/20191012162600_00160.png,368.9,685.2,89.2,27.4,960
10/12/2019 16:27,datasets/dataset_cropped/10_Metas/12/16/20191012162700_00160.jpg,datasets_flow/dataset_cropped/10_Metas/12/16/20191012162700_00160.jpg,datasets_cloudmask/dataset_cropped/10_Metas/12/16/20191012162700_00160.png,366.3,683.9,89,27.3,960
10/12/2019 16:28,datasets/dataset_cropped/10_Metas/12/16/20191012162800_00160.jpg,datasets_flow/dataset_cropped/10_Metas/12/16/20191012162800_00160.jpg,datasets_cloudmask/dataset_cropped/10_Metas/12/16/20191012162800_00160.png,362.5,680.1,88.4,27.2,960
10/12/2019 16:29,datasets/dataset_cropped/10_Metas/12/16/20191012162900_00160.jpg,datasets_flow/dataset_cropped/10_Metas/12/16/20191012162900_00160.jpg,datasets_cloudmask/dataset_cropped/10_Metas/12/16/20191012162900_00160.png,357.6,673.5,88,27,960
10/12/2019 16:30,datasets/dataset_cropped/10_Metas/12/16/20191012163000_00160.jpg,datasets_flow/dataset_cropped/10_Metas/12/16/20191012163000_00160.jpg,datasets_cloudmask/dataset_cropped/10_Metas/12/16/20191012163000_00160.png,354.2,670.1,87.9,26.9,960
10/12/2019 16:31,datasets/dataset_cropped/10_Metas/12/16/20191012163100_00160.jpg,datasets_flow/dataset_cropped/10_Metas/12/16/20191012163100_00160.jpg,datasets_cloudmask/dataset_cropped/10_Metas/12/16/20191012163100_00160.png,352.2,670.6,87.7,27.1,960
10/12/2019 16:32,datasets/dataset_cropped/10_Metas/12/16/20191012163200_00160.jpg,datasets_flow/dataset_cropped/10_Metas/12/16/20191012163200_00160.jpg,datasets_cloudmask/dataset_cropped/10_Metas/12/16/20191012163200_00160.png,349.4,669.2,87.3,27.3,960
10/12/2019 16:33,datasets/dataset_cropped/10_Metas/12/16/20191012163300_00160.jpg,datasets_flow/dataset_cropped/10_Metas/12/16/20191012163300_00160.jpg,datasets_cloudmask/dataset_cropped/10_Metas/12/16/20191012163300_00160.png,346.4,666.9,87.1,27.2,960
10/12/2019 16:34,datasets/dataset_cropped/10_Metas/12/16/20191012163400_00160.jpg,datasets_flow/dataset_cropped/10_Metas/12/16/20191012163400_00160.jpg,datasets_cloudmask/dataset_cropped/10_Metas/12/16/20191012163400_00160.png,343,663.8,86.7,27.1,960
10/12/2019 16:35,datasets/dataset_cropped/10_Metas/12/16/20191012163500_00160.jpg,datasets_flow/dataset_cropped/10_Metas/12/16/20191012163500_00160.jpg,datasets_cloudmask/dataset_cropped/10_Metas/12/16/20191012163500_00160.png,340.3,661.1,86.8,27,960
10/12/2019 16:36,datasets/dataset_cropped/10_Metas/12/16/20191012163600_00160.jpg,datasets_flow/dataset_cropped/10_Metas/12/16/20191012163600_00160.jpg,datasets_cloudmask/dataset_cropped/10_Metas/12/16/20191012163600_00160.png,337.6,658.7,86.9,27.1,960
10/12/2019 16:37,datasets/dataset_cropped/10_Metas/12/16/20191012163700_00160.jpg,datasets_flow/dataset_cropped/10_Metas/12/16/20191012163700_00160.jpg,datasets_cloudmask/dataset_cropped/10_Metas/12/16/20191012163700_00160.png,334.2,655.9,86.5,27.3,960
10/12/2019 16:38,datasets/dataset_cropped/10_Metas/12/16/20191012163800_00160.jpg,datasets_flow/dataset_cropped/10_Metas/12/16/20191012163800_00160.jpg,datasets_cloudmask/dataset_cropped/10_Metas/12/16/20191012163800_00160.png,330.5,651.8,86.2,27.2,959
10/12/2019 16:39,datasets/dataset_cropped/10_Metas/12/16/20191012163900_00160.jpg,datasets_flow/dataset_cropped/10_Metas/12/16/20191012163900_00160.jpg,datasets_cloudmask/dataset_cropped/10_Metas/12/16/20191012163900_00160.png,326.5,646.2,86,26.9,960
10/12/2019 16:40,datasets/dataset_cropped/10_Metas/12/16/20191012164000_00160.jpg,datasets_flow/dataset_cropped/10_Metas/12/16/20191012164000_00160.jpg,datasets_cloudmask/dataset_cropped/10_Metas/12/16/20191012164000_00160.png,322.7,640.7,85.9,26.8,960
10/12/2019 16:41,datasets/dataset_cropped/10_Metas/12/16/20191012164100_00160.jpg,datasets_flow/dataset_cropped/10_Metas/12/16/20191012164100_00160.jpg,datasets_cloudmask/dataset_cropped/10_Metas/12/16/20191012164100_00160.png,319.4,637.6,85.5,27,960
10/12/2019 16:42,datasets/dataset_cropped/10_Metas/12/16/20191012164200_00160.jpg,datasets_flow/dataset_cropped/10_Metas/12/16/20191012164200_00160.jpg,datasets_cloudmask/dataset_cropped/10_Metas/12/16/20191012164200_00160.png,315.1,632.9,84.8,27,960
10/12/2019 16:43,datasets/dataset_cropped/10_Metas/12/16/20191012164300_00160.jpg,datasets_flow/dataset_cropped/10_Metas/12/16/20191012164300_00160.jpg,datasets_cloudmask/dataset_cropped/10_Metas/12/16/20191012164300_00160.png,310.9,626.6,84.6,26.9,960
10/12/2019 16:44,datasets/dataset_cropped/10_Metas/12/16/20191012164400_00160.jpg,datasets_flow/dataset_cropped/10_Metas/12/16/20191012164400_00160.jpg,datasets_cloudmask/dataset_cropped/10_Metas/12/16/20191012164400_00160.png,307.5,624,83.9,27,960
10/12/2019 16:45,datasets/dataset_cropped/10_Metas/12/16/20191012164500_00160.jpg,datasets_flow/dataset_cropped/10_Metas/12/16/20191012164500_00160.jpg,datasets_cloudmask/dataset_cropped/10_Metas/12/16/20191012164500_00160.png,305.4,623.6,83.8,26.9,960
10/12/2019 16:46,datasets/dataset_cropped/10_Metas/12/16/20191012164600_00160.jpg,datasets_flow/dataset_cropped/10_Metas/12/16/20191012164600_00160.jpg,datasets_cloudmask/dataset_cropped/10_Metas/12/16/20191012164600_00160.png,302.5,620.2,83.8,26.9,960
10/12/2019 16:47,datasets/dataset_cropped/10_Metas/12/16/20191012164700_00160.jpg,datasets_flow/dataset_cropped/10_Metas/12/16/20191012164700_00160.jpg,datasets_cloudmask/dataset_cropped/10_Metas/12/16/20191012164700_00160.png,299.3,614.6,84.3,26.7,960
10/12/2019 16:48,datasets/dataset_cropped/10_Metas/12/16/20191012164800_00160.jpg,datasets_flow/dataset_cropped/10_Metas/12/16/20191012164800_00160.jpg,datasets_cloudmask/dataset_cropped/10_Metas/12/16/20191012164800_00160.png,294.2,608.4,83.2,26.6,960
10/12/2019 16:49,datasets/dataset_cropped/10_Metas/12/16/20191012164900_00160.jpg,datasets_flow/dataset_cropped/10_Metas/12/16/20191012164900_00160.jpg,datasets_cloudmask/dataset_cropped/10_Metas/12/16/20191012164900_00160.png,290.5,602.2,83.3,26.4,960
10/12/2019 16:50,datasets/dataset_cropped/10_Metas/12/16/20191012165000_00160.jpg,datasets_flow/dataset_cropped/10_Metas/12/16/20191012165000_00160.jpg,datasets_cloudmask/dataset_cropped/10_Metas/12/16/20191012165000_00160.png,287.1,598.2,82.9,26.3,960
10/12/2019 16:51,datasets/dataset_cropped/10_Metas/12/16/20191012165100_00160.jpg,datasets_flow/dataset_cropped/10_Metas/12/16/20191012165100_00160.jpg,datasets_cloudmask/dataset_cropped/10_Metas/12/16/20191012165100_00160.png,283.5,596.8,81.5,26.4,960
10/12/2019 16:52,datasets/dataset_cropped/10_Metas/12/16/20191012165200_00160.jpg,datasets_flow/dataset_cropped/10_Metas/12/16/20191012165200_00160.jpg,datasets_cloudmask/dataset_cropped/10_Metas/12/16/20191012165200_00160.png,279.8,595.2,80.2,26.6,960
10/12/2019 16:53,datasets/dataset_cropped/10_Metas/12/16/20191012165300_00160.jpg,datasets_flow/dataset_cropped/10_Metas/12/16/20191012165300_00160.jpg,datasets_cloudmask/dataset_cropped/10_Metas/12/16/20191012165300_00160.png,277.3,595.3,79.6,26.5,960
10/12/2019 16:54,datasets/dataset_cropped/10_Metas/12/16/20191012165400_00160.jpg,datasets_flow/dataset_cropped/10_Metas/12/16/20191012165400_00160.jpg,datasets_cloudmask/dataset_cropped/10_Metas/12/16/20191012165400_00160.png,272.5,586.2,79.7,26.4,960
10/12/2019 16:55,datasets/dataset_cropped/10_Metas/12/16/20191012165500_00160.jpg,datasets_flow/dataset_cropped/10_Metas/12/16/20191012165500_00160.jpg,datasets_cloudmask/dataset_cropped/10_Metas/12/16/20191012165500_00160.png,173.7,280.8,79.2,26.4,960
10/12/2019 16:56,datasets/dataset_cropped/10_Metas/12/16/20191012165600_00160.jpg,datasets_flow/dataset_cropped/10_Metas/12/16/20191012165600_00160.jpg,datasets_cloudmask/dataset_cropped/10_Metas/12/16/20191012165600_00160.png,252.4,535.9,80.1,26.4,960
10/12/2019 16:57,datasets/dataset_cropped/10_Metas/12/16/20191012165700_00160.jpg,datasets_flow/dataset_cropped/10_Metas/12/16/20191012165700_00160.jpg,datasets_cloudmask/dataset_cropped/10_Metas/12/16/20191012165700_00160.png,261.3,566.8,80.4,26.2,960
10/12/2019 16:58,datasets/dataset_cropped/10_Metas/12/16/20191012165800_00160.jpg,datasets_flow/dataset_cropped/10_Metas/12/16/20191012165800_00160.jpg,datasets_cloudmask/dataset_cropped/10_Metas/12/16/20191012165800_00160.png,260.4,568.6,80.6,26.2,960
10/12/2019 16:59,datasets/dataset_cropped/10_Metas/12/16/20191012165900_00160.jpg,datasets_flow/dataset_cropped/10_Metas/12/16/20191012165900_00160.jpg,datasets_cloudmask/dataset_cropped/10_Metas/12/16/20191012165900_00160.png,259.2,569.9,80.5,26.2,960
10/12/2019 17:00,datasets/dataset_cropped/10_Metas/12/17/20191012170000_00160.jpg,datasets_flow/dataset_cropped/10_Metas/12/17/20191012170000_00160.jpg,datasets_cloudmask/dataset_cropped/10_Metas/12/17/20191012170000_00160.png,254.6,562.5,79.8,26.1,960
10/12/2019 17:01,datasets/dataset_cropped/10_Metas/12/17/20191012170100_00160.jpg,datasets_flow/dataset_cropped/10_Metas/12/17/20191012170100_00160.jpg,datasets_cloudmask/dataset_cropped/10_Metas/12/17/20191012170100_00160.png,250,556.1,79,26.1,960
10/12/2019 17:02,datasets/dataset_cropped/10_Metas/12/17/20191012170200_00160.jpg,datasets_flow/dataset_cropped/10_Metas/12/17/20191012170200_00160.jpg,datasets_cloudmask/dataset_cropped/10_Metas/12/17/20191012170200_00160.png,249.7,561.9,78.7,26,960
10/12/2019 17:03,datasets/dataset_cropped/10_Metas/12/17/20191012170300_00160.jpg,datasets_flow/dataset_cropped/10_Metas/12/17/20191012170300_00160.jpg,datasets_cloudmask/dataset_cropped/10_Metas/12/17/20191012170300_00160.png,246.5,558.7,78.1,26.1,960
10/12/2019 17:04,datasets/dataset_cropped/10_Metas/12/17/20191012170400_00160.jpg,datasets_flow/dataset_cropped/10_Metas/12/17/20191012170400_00160.jpg,datasets_cloudmask/dataset_cropped/10_Metas/12/17/20191012170400_00160.png,241.3,548.6,77.5,26,960
10/12/2019 17:05,datasets/dataset_cropped/10_Metas/12/17/20191012170500_00160.jpg,datasets_flow/dataset_cropped/10_Metas/12/17/20191012170500_00160.jpg,datasets_cloudmask/dataset_cropped/10_Metas/12/17/20191012170500_00160.png,237.6,543.1,77,26.1,960
10/12/2019 17:06,datasets/dataset_cropped/10_Metas/12/17/20191012170600_00160.jpg,datasets_flow/dataset_cropped/10_Metas/12/17/20191012170600_00160.jpg,datasets_cloudmask/dataset_cropped/10_Metas/12/17/20191012170600_00160.png,234.3,538.6,76.5,26,960
10/12/2019 17:07,datasets/dataset_cropped/10_Metas/12/17/20191012170700_00160.jpg,datasets_flow/dataset_cropped/10_Metas/12/17/20191012170700_00160.jpg,datasets_cloudmask/dataset_cropped/10_Metas/12/17/20191012170700_00160.png,231.5,537.2,75.8,26,960
10/12/2019 17:08,datasets/dataset_cropped/10_Metas/12/17/20191012170800_00160.jpg,datasets_flow/dataset_cropped/10_Metas/12/17/20191012170800_00160.jpg,datasets_cloudmask/dataset_cropped/10_Metas/12/17/20191012170800_00160.png,228.7,536.1,75,26,960
10/12/2019 17:09,datasets/dataset_cropped/10_Metas/12/17/20191012170900_00160.jpg,datasets_flow/dataset_cropped/10_Metas/12/17/20191012170900_00160.jpg,datasets_cloudmask/dataset_cropped/10_Metas/12/17/20191012170900_00160.png,226,534.3,74.5,26,960
10/12/2019 17:10,datasets/dataset_cropped/10_Metas/12/17/20191012171000_00160.jpg,datasets_flow/dataset_cropped/10_Metas/12/17/20191012171000_00160.jpg,datasets_cloudmask/dataset_cropped/10_Metas/12/17/20191012171000_00160.png,221.8,527.4,73.9,25.8,960
10/12/2019 17:11,datasets/dataset_cropped/10_Metas/12/17/20191012171100_00160.jpg,datasets_flow/dataset_cropped/10_Metas/12/17/20191012171100_00160.jpg,datasets_cloudmask/dataset_cropped/10_Metas/12/17/20191012171100_00160.png,217.7,521,73.2,25.6,960
10/12/2019 17:12,datasets/dataset_cropped/10_Metas/12/17/20191012171200_00160.jpg,datasets_flow/dataset_cropped/10_Metas/12/17/20191012171200_00160.jpg,datasets_cloudmask/dataset_cropped/10_Metas/12/17/20191012171200_00160.png,213.3,514.2,72.2,25.6,960
10/12/2019 17:13,datasets/dataset_cropped/10_Metas/12/17/20191012171300_00160.jpg,datasets_flow/dataset_cropped/10_Metas/12/17/20191012171300_00160.jpg,datasets_cloudmask/dataset_cropped/10_Metas/12/17/20191012171300_00160.png,209.3,507.8,71.6,25.6,960
10/12/2019 17:14,datasets/dataset_cropped/10_Metas/12/17/20191012171400_00160.jpg,datasets_flow/dataset_cropped/10_Metas/12/17/20191012171400_00160.jpg,datasets_cloudmask/dataset_cropped/10_Metas/12/17/20191012171400_00160.png,204.7,500.8,70.5,25.5,960
10/12/2019 17:15,datasets/dataset_cropped/10_Metas/12/17/20191012171500_00160.jpg,datasets_flow/dataset_cropped/10_Metas/12/17/20191012171500_00160.jpg,datasets_cloudmask/dataset_cropped/10_Metas/12/17/20191012171500_00160.png,194.6,473.5,69.2,25.5,960
10/12/2019 17:16,datasets/dataset_cropped/10_Metas/12/17/20191012171600_00160.jpg,datasets_flow/dataset_cropped/10_Metas/12/17/20191012171600_00160.jpg,datasets_cloudmask/dataset_cropped/10_Metas/12/17/20191012171600_00160.png,188.6,462.6,68.4,25.5,960
10/12/2019 17:17,datasets/dataset_cropped/10_Metas/12/17/20191012171700_00160.jpg,datasets_flow/dataset_cropped/10_Metas/12/17/20191012171700_00160.jpg,datasets_cloudmask/dataset_cropped/10_Metas/12/17/20191012171700_00160.png,184.8,456.1,68.1,25.5,960
10/12/2019 17:18,datasets/dataset_cropped/10_Metas/12/17/20191012171800_00160.jpg,datasets_flow/dataset_cropped/10_Metas/12/17/20191012171800_00160.jpg,datasets_cloudmask/dataset_cropped/10_Metas/12/17/20191012171800_00160.png,171.6,418.8,67.2,25.4,960
10/12/2019 17:19,datasets/dataset_cropped/10_Metas/12/17/20191012171900_00160.jpg,datasets_flow/dataset_cropped/10_Metas/12/17/20191012171900_00160.jpg,datasets_cloudmask/dataset_cropped/10_Metas/12/17/20191012171900_00160.png,184.8,470.4,66.2,25.3,960
10/12/2019 17:20,datasets/dataset_cropped/10_Metas/12/17/20191012172000_00160.jpg,datasets_flow/dataset_cropped/10_Metas/12/17/20191012172000_00160.jpg,datasets_cloudmask/dataset_cropped/10_Metas/12/17/20191012172000_00160.png,116,212.1,64.7,25.3,960
10/12/2019 17:21,datasets/dataset_cropped/10_Metas/12/17/20191012172100_00160.jpg,datasets_flow/dataset_cropped/10_Metas/12/17/20191012172100_00160.jpg,datasets_cloudmask/dataset_cropped/10_Metas/12/17/20191012172100_00160.png,104.2,170.1,64.7,25.1,960
10/12/2019 17:22,datasets/dataset_cropped/10_Metas/12/17/20191012172200_00160.jpg,datasets_flow/dataset_cropped/10_Metas/12/17/20191012172200_00160.jpg,datasets_cloudmask/dataset_cropped/10_Metas/12/17/20191012172200_00160.png,111.1,204.4,64.7,25.1,960
10/12/2019 17:23,datasets/dataset_cropped/10_Metas/12/17/20191012172300_00160.jpg,datasets_flow/dataset_cropped/10_Metas/12/17/20191012172300_00160.jpg,datasets_cloudmask/dataset_cropped/10_Metas/12/17/20191012172300_00160.png,155.7,384,65.4,25.1,960
10/12/2019 17:24,datasets/dataset_cropped/10_Metas/12/17/20191012172400_00160.jpg,datasets_flow/dataset_cropped/10_Metas/12/17/20191012172400_00160.jpg,datasets_cloudmask/dataset_cropped/10_Metas/12/17/20191012172400_00160.png,170.8,439.9,66.4,25.1,960
10/12/2019 17:25,datasets/dataset_cropped/10_Metas/12/17/20191012172500_00160.jpg,datasets_flow/dataset_cropped/10_Metas/12/17/20191012172500_00160.jpg,datasets_cloudmask/dataset_cropped/10_Metas/12/17/20191012172500_00160.png,168.8,437.8,66.3,25,960
10/12/2019 17:26,datasets/dataset_cropped/10_Metas/12/17/20191012172600_00160.jpg,datasets_flow/dataset_cropped/10_Metas/12/17/20191012172600_00160.jpg,datasets_cloudmask/dataset_cropped/10_Metas/12/17/20191012172600_00160.png,165.7,432.7,65.8,25.1,960
10/12/2019 17:27,datasets/dataset_cropped/10_Metas/12/17/20191012172700_00160.jpg,datasets_flow/dataset_cropped/10_Metas/12/17/20191012172700_00160.jpg,datasets_cloudmask/dataset_cropped/10_Metas/12/17/20191012172700_00160.png,162.6,427.5,65.3,25.3,960
10/12/2019 17:28,datasets/dataset_cropped/10_Metas/12/17/20191012172800_00160.jpg,datasets_flow/dataset_cropped/10_Metas/12/17/20191012172800_00160.jpg,datasets_cloudmask/dataset_cropped/10_Metas/12/17/20191012172800_00160.png,160.9,427.9,65,25.2,960
10/12/2019 17:29,datasets/dataset_cropped/10_Metas/12/17/20191012172900_00160.jpg,datasets_flow/dataset_cropped/10_Metas/12/17/20191012172900_00160.jpg,datasets_cloudmask/dataset_cropped/10_Metas/12/17/20191012172900_00160.png,157.8,422.8,64.4,25.2,960
10/12/2019 17:30,datasets/dataset_cropped/10_Metas/12/17/20191012173000_00160.jpg,datasets_flow/dataset_cropped/10_Metas/12/17/20191012173000_00160.jpg,datasets_cloudmask/dataset_cropped/10_Metas/12/17/20191012173000_00160.png,154.5,417.5,63.6,25.3,960
10/12/2019 17:31,datasets/dataset_cropped/10_Metas/12/17/20191012173100_00160.jpg,datasets_flow/dataset_cropped/10_Metas/12/17/20191012173100_00160.jpg,datasets_cloudmask/dataset_cropped/10_Metas/12/17/20191012173100_00160.png,151.1,410.8,63,25.2,960
10/12/2019 17:32,datasets/dataset_cropped/10_Metas/12/17/20191012173200_00160.jpg,datasets_flow/dataset_cropped/10_Metas/12/17/20191012173200_00160.jpg,datasets_cloudmask/dataset_cropped/10_Metas/12/17/20191012173200_00160.png,148.4,408,62.2,25.1,960
10/12/2019 17:33,datasets/dataset_cropped/10_Metas/12/17/20191012173300_00160.jpg,datasets_flow/dataset_cropped/10_Metas/12/17/20191012173300_00160.jpg,datasets_cloudmask/dataset_cropped/10_Metas/12/17/20191012173300_00160.png,146,405.4,61.5,25.1,960
10/12/2019 17:34,datasets/dataset_cropped/10_Metas/12/17/20191012173400_00160.jpg,datasets_flow/dataset_cropped/10_Metas/12/17/20191012173400_00160.jpg,datasets_cloudmask/dataset_cropped/10_Metas/12/17/20191012173400_00160.png,143.3,401.9,60.7,25.1,960
10/12/2019 17:35,datasets/dataset_cropped/10_Metas/12/17/20191012173500_00160.jpg,datasets_flow/dataset_cropped/10_Metas/12/17/20191012173500_00160.jpg,datasets_cloudmask/dataset_cropped/10_Metas/12/17/20191012173500_00160.png,140.6,398.4,60,25.1,960
10/12/2019 17:36,datasets/dataset_cropped/10_Metas/12/17/20191012173600_00160.jpg,datasets_flow/dataset_cropped/10_Metas/12/17/20191012173600_00160.jpg,datasets_cloudmask/dataset_cropped/10_Metas/12/17/20191012173600_00160.png,138,395.6,59.4,25.1,960
10/12/2019 17:37,datasets/dataset_cropped/10_Metas/12/17/20191012173700_00160.jpg,datasets_flow/dataset_cropped/10_Metas/12/17/20191012173700_00160.jpg,datasets_cloudmask/dataset_cropped/10_Metas/12/17/20191012173700_00160.png,135.2,392,58.7,25,960
10/12/2019 17:38,datasets/dataset_cropped/10_Metas/12/17/20191012173800_00160.jpg,datasets_flow/dataset_cropped/10_Metas/12/17/20191012173800_00160.jpg,datasets_cloudmask/dataset_cropped/10_Metas/12/17/20191012173800_00160.png,132,386.5,57.9,25.1,960
10/12/2019 17:39,datasets/dataset_cropped/10_Metas/12/17/20191012173900_00160.jpg,datasets_flow/dataset_cropped/10_Metas/12/17/20191012173900_00160.jpg,datasets_cloudmask/dataset_cropped/10_Metas/12/17/20191012173900_00160.png,129.2,381.8,57.1,25,960
10/12/2019 17:40,datasets/dataset_cropped/10_Metas/12/17/20191012174000_00160.jpg,datasets_flow/dataset_cropped/10_Metas/12/17/20191012174000_00160.jpg,datasets_cloudmask/dataset_cropped/10_Metas/12/17/20191012174000_00160.png,126.2,376.2,56.2,24.9,960
10/12/2019 17:41,datasets/dataset_cropped/10_Metas/12/17/20191012174100_00160.jpg,datasets_flow/dataset_cropped/10_Metas/12/17/20191012174100_00160.jpg,datasets_cloudmask/dataset_cropped/10_Metas/12/17/20191012174100_00160.png,123.1,370.5,55.4,24.8,960
10/12/2019 17:42,datasets/dataset_cropped/10_Metas/12/17/20191012174200_00160.jpg,datasets_flow/dataset_cropped/10_Metas/12/17/20191012174200_00160.jpg,datasets_cloudmask/dataset_cropped/10_Metas/12/17/20191012174200_00160.png,119.8,363.4,54.5,24.8,960
10/12/2019 17:43,datasets/dataset_cropped/10_Metas/12/17/20191012174300_00160.jpg,datasets_flow/dataset_cropped/10_Metas/12/17/20191012174300_00160.jpg,datasets_cloudmask/dataset_cropped/10_Metas/12/17/20191012174300_00160.png,116.6,356.3,53.7,24.8,960
10/12/2019 17:44,datasets/dataset_cropped/10_Metas/12/17/20191012174400_00160.jpg,datasets_flow/dataset_cropped/10_Metas/12/17/20191012174400_00160.jpg,datasets_cloudmask/dataset_cropped/10_Metas/12/17/20191012174400_00160.png,113.4,348.6,53,24.7,960
10/12/2019 17:45,datasets/dataset_cropped/10_Metas/12/17/20191012174500_00160.jpg,datasets_flow/dataset_cropped/10_Metas/12/17/20191012174500_00160.jpg,datasets_cloudmask/dataset_cropped/10_Metas/12/17/20191012174500_00160.png,110,340.9,52.2,24.7,960
10/12/2019 17:46,datasets/dataset_cropped/10_Metas/12/17/20191012174600_00160.jpg,datasets_flow/dataset_cropped/10_Metas/12/17/20191012174600_00160.jpg,datasets_cloudmask/dataset_cropped/10_Metas/12/17/20191012174600_00160.png,107,334.4,51.4,24.6,960
10/12/2019 17:47,datasets/dataset_cropped/10_Metas/12/17/20191012174700_00160.jpg,datasets_flow/dataset_cropped/10_Metas/12/17/20191012174700_00160.jpg,datasets_cloudmask/dataset_cropped/10_Metas/12/17/20191012174700_00160.png,104,328.3,50.4,24.6,960
10/12/2019 17:48,datasets/dataset_cropped/10_Metas/12/17/20191012174800_00160.jpg,datasets_flow/dataset_cropped/10_Metas/12/17/20191012174800_00160.jpg,datasets_cloudmask/dataset_cropped/10_Metas/12/17/20191012174800_00160.png,101.1,322.4,49.5,24.6,960
10/12/2019 17:49,datasets/dataset_cropped/10_Metas/12/17/20191012174900_00160.jpg,datasets_flow/dataset_cropped/10_Metas/12/17/20191012174900_00160.jpg,datasets_cloudmask/dataset_cropped/10_Metas/12/17/20191012174900_00160.png,98.2,315.4,48.7,24.6,960
10/12/2019 17:50,datasets/dataset_cropped/10_Metas/12/17/20191012175000_00160.jpg,datasets_flow/dataset_cropped/10_Metas/12/17/20191012175000_00160.jpg,datasets_cloudmask/dataset_cropped/10_Metas/12/17/20191012175000_00160.png,95,307.2,47.8,24.5,960
10/12/2019 17:51,datasets/dataset_cropped/10_Metas/12/17/20191012175100_00160.jpg,datasets_flow/dataset_cropped/10_Metas/12/17/20191012175100_00160.jpg,datasets_cloudmask/dataset_cropped/10_Metas/12/17/20191012175100_00160.png,92,298.4,47,24.5,960
10/12/2019 17:52,datasets/dataset_cropped/10_Metas/12/17/20191012175200_00160.jpg,datasets_flow/dataset_cropped/10_Metas/12/17/20191012175200_00160.jpg,datasets_cloudmask/dataset_cropped/10_Metas/12/17/20191012175200_00160.png,88.8,289.6,46.2,24.5,960
10/12/2019 17:53,datasets/dataset_cropped/10_Metas/12/17/20191012175300_00160.jpg,datasets_flow/dataset_cropped/10_Metas/12/17/20191012175300_00160.jpg,datasets_cloudmask/dataset_cropped/10_Metas/12/17/20191012175300_00160.png,86,282.1,45.4,24.4,960
10/12/2019 17:54,datasets/dataset_cropped/10_Metas/12/17/20191012175400_00160.jpg,datasets_flow/dataset_cropped/10_Metas/12/17/20191012175400_00160.jpg,datasets_cloudmask/dataset_cropped/10_Metas/12/17/20191012175400_00160.png,83,274,44.5,24.3,960
10/12/2019 17:55,datasets/dataset_cropped/10_Metas/12/17/20191012175500_00160.jpg,datasets_flow/dataset_cropped/10_Metas/12/17/20191012175500_00160.jpg,datasets_cloudmask/dataset_cropped/10_Metas/12/17/20191012175500_00160.png,80,264.8,43.6,24.2,960
10/12/2019 17:56,datasets/dataset_cropped/10_Metas/12/17/20191012175600_00160.jpg,datasets_flow/dataset_cropped/10_Metas/12/17/20191012175600_00160.jpg,datasets_cloudmask/dataset_cropped/10_Metas/12/17/20191012175600_00160.png,76.9,255.1,42.7,24.2,960
10/12/2019 17:57,datasets/dataset_cropped/10_Metas/12/17/20191012175700_00160.jpg,datasets_flow/dataset_cropped/10_Metas/12/17/20191012175700_00160.jpg,datasets_cloudmask/dataset_cropped/10_Metas/12/17/20191012175700_00160.png,73.9,245.8,41.8,24.3,960
10/12/2019 17:58,datasets/dataset_cropped/10_Metas/12/17/20191012175800_00160.jpg,datasets_flow/dataset_cropped/10_Metas/12/17/20191012175800_00160.jpg,datasets_cloudmask/dataset_cropped/10_Metas/12/17/20191012175800_00160.png,71,236.7,40.8,24.2,960
10/12/2019 17:59,datasets/dataset_cropped/10_Metas/12/17/20191012175900_00160.jpg,datasets_flow/dataset_cropped/10_Metas/12/17/20191012175900_00160.jpg,datasets_cloudmask/dataset_cropped/10_Metas/12/17/20191012175900_00160.png,68.1,227.5,39.8,24.2,960
10/12/2019 18:00,datasets/dataset_cropped/10_Metas/12/18/20191012180000_00160.jpg,datasets_flow/dataset_cropped/10_Metas/12/18/20191012180000_00160.jpg,datasets_cloudmask/dataset_cropped/10_Metas/12/18/20191012180000_00160.png,65.2,218,38.8,24.1,960
10/12/2019 18:01,datasets/dataset_cropped/10_Metas/12/18/20191012180100_00160.jpg,datasets_flow/dataset_cropped/10_Metas/12/18/20191012180100_00160.jpg,datasets_cloudmask/dataset_cropped/10_Metas/12/18/20191012180100_00160.png,62.4,208.7,37.8,24,960
10/12/2019 18:02,datasets/dataset_cropped/10_Metas/12/18/20191012180200_00160.jpg,datasets_flow/dataset_cropped/10_Metas/12/18/20191012180200_00160.jpg,datasets_cloudmask/dataset_cropped/10_Metas/12/18/20191012180200_00160.png,59.6,199.2,36.7,23.9,960
10/12/2019 18:03,datasets/dataset_cropped/10_Metas/12/18/20191012180300_00160.jpg,datasets_flow/dataset_cropped/10_Metas/12/18/20191012180300_00160.jpg,datasets_cloudmask/dataset_cropped/10_Metas/12/18/20191012180300_00160.png,56.9,190.4,35.7,23.9,960
10/12/2019 18:04,datasets/dataset_cropped/10_Metas/12/18/20191012180400_00160.jpg,datasets_flow/dataset_cropped/10_Metas/12/18/20191012180400_00160.jpg,datasets_cloudmask/dataset_cropped/10_Metas/12/18/20191012180400_00160.png,54.3,181.7,34.6,23.9,960
10/12/2019 18:05,datasets/dataset_cropped/10_Metas/12/18/20191012180500_00160.jpg,datasets_flow/dataset_cropped/10_Metas/12/18/20191012180500_00160.jpg,datasets_cloudmask/dataset_cropped/10_Metas/12/18/20191012180500_00160.png,51.6,172,33.6,23.9,960
10/12/2019 18:06,datasets/dataset_cropped/10_Metas/12/18/20191012180600_00160.jpg,datasets_flow/dataset_cropped/10_Metas/12/18/20191012180600_00160.jpg,datasets_cloudmask/dataset_cropped/10_Metas/12/18/20191012180600_00160.png,48.9,161.4,32.5,23.8,960
10/12/2019 18:07,datasets/dataset_cropped/10_Metas/12/18/20191012180700_00160.jpg,datasets_flow/dataset_cropped/10_Metas/12/18/20191012180700_00160.jpg,datasets_cloudmask/dataset_cropped/10_Metas/12/18/20191012180700_00160.png,46.2,150,31.4,23.7,960
10/12/2019 18:08,datasets/dataset_cropped/10_Metas/12/18/20191012180800_00160.jpg,datasets_flow/dataset_cropped/10_Metas/12/18/20191012180800_00160.jpg,datasets_cloudmask/dataset_cropped/10_Metas/12/18/20191012180800_00160.png,43.6,138.4,30.3,23.7,960
10/12/2019 18:09,datasets/dataset_cropped/10_Metas/12/18/20191012180900_00160.jpg,datasets_flow/dataset_cropped/10_Metas/12/18/20191012180900_00160.jpg,datasets_cloudmask/dataset_cropped/10_Metas/12/18/20191012180900_00160.png,40.9,126.5,29.2,23.7,960
10/12/2019 18:10,datasets/dataset_cropped/10_Metas/12/18/20191012181000_00160.jpg,datasets_flow/dataset_cropped/10_Metas/12/18/20191012181000_00160.jpg,datasets_cloudmask/dataset_cropped/10_Metas/12/18/20191012181000_00160.png,38.3,114.6,28.1,23.6,960
10/12/2019 18:11,datasets/dataset_cropped/10_Metas/12/18/20191012181100_00160.jpg,datasets_flow/dataset_cropped/10_Metas/12/18/20191012181100_00160.jpg,datasets_cloudmask/dataset_cropped/10_Metas/12/18/20191012181100_00160.png,35.9,103.9,26.9,23.6,960
10/12/2019 18:12,datasets/dataset_cropped/10_Metas/12/18/20191012181200_00160.jpg,datasets_flow/dataset_cropped/10_Metas/12/18/20191012181200_00160.jpg,datasets_cloudmask/dataset_cropped/10_Metas/12/18/20191012181200_00160.png,33.6,94.4,25.7,23.5,960
10/12/2019 18:13,datasets/dataset_cropped/10_Metas/12/18/20191012181300_00160.jpg,datasets_flow/dataset_cropped/10_Metas/12/18/20191012181300_00160.jpg,datasets_cloudmask/dataset_cropped/10_Metas/12/18/20191012181300_00160.png,31.5,86,24.6,23.5,960
10/12/2019 18:14,datasets/dataset_cropped/10_Metas/12/18/20191012181400_00160.jpg,datasets_flow/dataset_cropped/10_Metas/12/18/20191012181400_00160.jpg,datasets_cloudmask/dataset_cropped/10_Metas/12/18/20191012181400_00160.png,29.5,77.6,23.5,23.5,960
10/12/2019 18:15,datasets/dataset_cropped/10_Metas/12/18/20191012181500_00160.jpg,datasets_flow/dataset_cropped/10_Metas/12/18/20191012181500_00160.jpg,datasets_cloudmask/dataset_cropped/10_Metas/12/18/20191012181500_00160.png,27.5,68.8,22.3,23.5,960
10/12/2019 18:16,datasets/dataset_cropped/10_Metas/12/18/20191012181600_00160.jpg,datasets_flow/dataset_cropped/10_Metas/12/18/20191012181600_00160.jpg,datasets_cloudmask/dataset_cropped/10_Metas/12/18/20191012181600_00160.png,25.6,60.6,21.2,23.4,960
10/12/2019 18:17,datasets/dataset_cropped/10_Metas/12/18/20191012181700_00160.jpg,datasets_flow/dataset_cropped/10_Metas/12/18/20191012181700_00160.jpg,datasets_cloudmask/dataset_cropped/10_Metas/12/18/20191012181700_00160.png,23.8,53.3,20.1,23.4,960
10/12/2019 18:18,datasets/dataset_cropped/10_Metas/12/18/20191012181800_00160.jpg,datasets_flow/dataset_cropped/10_Metas/12/18/20191012181800_00160.jpg,datasets_cloudmask/dataset_cropped/10_Metas/12/18/20191012181800_00160.png,22.1,46.5,19,23.4,960
10/12/2019 18:19,datasets/dataset_cropped/10_Metas/12/18/20191012181900_00160.jpg,datasets_flow/dataset_cropped/10_Metas/12/18/20191012181900_00160.jpg,datasets_cloudmask/dataset_cropped/10_Metas/12/18/20191012181900_00160.png,20.5,39.7,17.9,23.3,960
10/12/2019 18:20,datasets/dataset_cropped/10_Metas/12/18/20191012182000_00160.jpg,datasets_flow/dataset_cropped/10_Metas/12/18/20191012182000_00160.jpg,datasets_cloudmask/dataset_cropped/10_Metas/12/18/20191012182000_00160.png,18.9,32.7,16.8,23.3,960
10/12/2019 18:21,datasets/dataset_cropped/10_Metas/12/18/20191012182100_00160.jpg,datasets_flow/dataset_cropped/10_Metas/12/18/20191012182100_00160.jpg,datasets_cloudmask/dataset_cropped/10_Metas/12/18/20191012182100_00160.png,17.3,26.3,15.7,23.3,960
10/12/2019 18:22,datasets/dataset_cropped/10_Metas/12/18/20191012182200_00160.jpg,datasets_flow/dataset_cropped/10_Metas/12/18/20191012182200_00160.jpg,datasets_cloudmask/dataset_cropped/10_Metas/12/18/20191012182200_00160.png,16,21.3,14.6,23.2,960
10/12/2019 18:23,datasets/dataset_cropped/10_Metas/12/18/20191012182300_00160.jpg,datasets_flow/dataset_cropped/10_Metas/12/18/20191012182300_00160.jpg,datasets_cloudmask/dataset_cropped/10_Metas/12/18/20191012182300_00160.png,14.7,17.2,13.6,23.2,960
10/12/2019 18:24,datasets/dataset_cropped/10_Metas/12/18/20191012182400_00160.jpg,datasets_flow/dataset_cropped/10_Metas/12/18/20191012182400_00160.jpg,datasets_cloudmask/dataset_cropped/10_Metas/12/18/20191012182400_00160.png,13.4,13.2,12.6,23.1,960
10/12/2019 18:25,datasets/dataset_cropped/10_Metas/12/18/20191012182500_00160.jpg,datasets_flow/dataset_cropped/10_Metas/12/18/20191012182500_00160.jpg,datasets_cloudmask/dataset_cropped/10_Metas/12/18/20191012182500_00160.png,12.3,9.6,11.6,23.1,960
10/12/2019 18:26,datasets/dataset_cropped/10_Metas/12/18/20191012182600_00160.jpg,datasets_flow/dataset_cropped/10_Metas/12/18/20191012182600_00160.jpg,datasets_cloudmask/dataset_cropped/10_Metas/12/18/20191012182600_00160.png,11.1,5.8,10.6,23.1,960
10/12/2019 18:27,datasets/dataset_cropped/10_Metas/12/18/20191012182700_00160.jpg,datasets_flow/dataset_cropped/10_Metas/12/18/20191012182700_00160.jpg,datasets_cloudmask/dataset_cropped/10_Metas/12/18/20191012182700_00160.png,10,2.9,9.6,23,960
10/12/2019 18:28,datasets/dataset_cropped/10_Metas/12/18/20191012182800_00160.jpg,datasets_flow/dataset_cropped/10_Metas/12/18/20191012182800_00160.jpg,datasets_cloudmask/dataset_cropped/10_Metas/12/18/20191012182800_00160.png,9,1.2,8.7,23,960
10/12/2019 18:29,datasets/dataset_cropped/10_Metas/12/18/20191012182900_00160.jpg,datasets_flow/dataset_cropped/10_Metas/12/18/20191012182900_00160.jpg,datasets_cloudmask/dataset_cropped/10_Metas/12/18/20191012182900_00160.png,8.1,0,7.8,22.9,960
10/12/2019 18:30,datasets/dataset_cropped/10_Metas/12/18/20191012183000_00160.jpg,datasets_flow/dataset_cropped/10_Metas/12/18/20191012183000_00160.jpg,datasets_cloudmask/dataset_cropped/10_Metas/12/18/20191012183000_00160.png,7.2,0,7,22.9,960
10/12/2019 18:31,datasets/dataset_cropped/10_Metas/12/18/20191012183100_00160.jpg,datasets_flow/dataset_cropped/10_Metas/12/18/20191012183100_00160.jpg,datasets_cloudmask/dataset_cropped/10_Metas/12/18/20191012183100_00160.png,6.5,0,6.2,22.9,960
10/12/2019 18:32,datasets/dataset_cropped/10_Metas/12/18/20191012183200_00160.jpg,datasets_flow/dataset_cropped/10_Metas/12/18/20191012183200_00160.jpg,datasets_cloudmask/dataset_cropped/10_Metas/12/18/20191012183200_00160.png,5.7,0,5.5,22.8,960
10/12/2019 18:33,datasets/dataset_cropped/10_Metas/12/18/20191012183300_00160.jpg,datasets_flow/dataset_cropped/10_Metas/12/18/20191012183300_00160.jpg,datasets_cloudmask/dataset_cropped/10_Metas/12/18/20191012183300_00160.png,5,0,4.8,22.8,960
10/12/2019 18:34,datasets/dataset_cropped/10_Metas/12/18/20191012183400_00160.jpg,datasets_flow/dataset_cropped/10_Metas/12/18/20191012183400_00160.jpg,datasets_cloudmask/dataset_cropped/10_Metas/12/18/20191012183400_00160.png,4.4,0,4.1,22.8,960
10/12/2019 18:35,datasets/dataset_cropped/10_Metas/12/18/20191012183500_00160.jpg,datasets_flow/dataset_cropped/10_Metas/12/18/20191012183500_00160.jpg,datasets_cloudmask/dataset_cropped/10_Metas/12/18/20191012183500_00160.png,3.7,0,3.5,22.7,960
10/13/2019 7:16,datasets/dataset_cropped/10_Metas/13/07/20191013071630_00160.jpg,datasets_flow/dataset_cropped/10_Metas/13/07/20191013071630_00160.jpg,datasets_cloudmask/dataset_cropped/10_Metas/13/07/20191013071630_00160.png,3.9,0.4,4,16.1,961
10/13/2019 7:17,datasets/dataset_cropped/10_Metas/13/07/20191013071700_00160.jpg,datasets_flow/dataset_cropped/10_Metas/13/07/20191013071700_00160.jpg,datasets_cloudmask/dataset_cropped/10_Metas/13/07/20191013071700_00160.png,3.9,0.4,4,16.1,961
10/13/2019 7:18,datasets/dataset_cropped/10_Metas/13/07/20191013071800_00160.jpg,datasets_flow/dataset_cropped/10_Metas/13/07/20191013071800_00160.jpg,datasets_cloudmask/dataset_cropped/10_Metas/13/07/20191013071800_00160.png,4.6,0.3,4.5,16.1,961
10/13/2019 7:19,datasets/dataset_cropped/10_Metas/13/07/20191013071900_00160.jpg,datasets_flow/dataset_cropped/10_Metas/13/07/20191013071900_00160.jpg,datasets_cloudmask/dataset_cropped/10_Metas/13/07/20191013071900_00160.png,5.3,0.1,5.1,16.1,961
10/13/2019 7:20,datasets/dataset_cropped/10_Metas/13/07/20191013072000_00160.jpg,datasets_flow/dataset_cropped/10_Metas/13/07/20191013072000_00160.jpg,datasets_cloudmask/dataset_cropped/10_Metas/13/07/20191013072000_00160.png,6.1,0,5.9,16.1,961
10/13/2019 7:21,datasets/dataset_cropped/10_Metas/13/07/20191013072100_00160.jpg,datasets_flow/dataset_cropped/10_Metas/13/07/20191013072100_00160.jpg,datasets_cloudmask/dataset_cropped/10_Metas/13/07/20191013072100_00160.png,7,0,6.7,16.1,961
10/13/2019 7:22,datasets/dataset_cropped/10_Metas/13/07/20191013072200_00160.jpg,datasets_flow/dataset_cropped/10_Metas/13/07/20191013072200_00160.jpg,datasets_cloudmask/dataset_cropped/10_Metas/13/07/20191013072200_00160.png,7.9,0.2,7.6,16.1,961
10/13/2019 7:23,datasets/dataset_cropped/10_Metas/13/07/20191013072300_00160.jpg,datasets_flow/dataset_cropped/10_Metas/13/07/20191013072300_00160.jpg,datasets_cloudmask/dataset_cropped/10_Metas/13/07/20191013072300_00160.png,8.9,1.7,8.5,16.1,961
10/13/2019 7:24,datasets/dataset_cropped/10_Metas/13/07/20191013072400_00160.jpg,datasets_flow/dataset_cropped/10_Metas/13/07/20191013072400_00160.jpg,datasets_cloudmask/dataset_cropped/10_Metas/13/07/20191013072400_00160.png,9.8,5.5,9.4,16,961
10/13/2019 7:25,datasets/dataset_cropped/10_Metas/13/07/20191013072500_00160.jpg,datasets_flow/dataset_cropped/10_Metas/13/07/20191013072500_00160.jpg,datasets_cloudmask/dataset_cropped/10_Metas/13/07/20191013072500_00160.png,10.8,9.7,10.2,16,961
10/13/2019 7:26,datasets/dataset_cropped/10_Metas/13/07/20191013072600_00160.jpg,datasets_flow/dataset_cropped/10_Metas/13/07/20191013072600_00160.jpg,datasets_cloudmask/dataset_cropped/10_Metas/13/07/20191013072600_00160.png,11.9,13.4,11.1,16,961
10/13/2019 7:27,datasets/dataset_cropped/10_Metas/13/07/20191013072700_00160.jpg,datasets_flow/dataset_cropped/10_Metas/13/07/20191013072700_00160.jpg,datasets_cloudmask/dataset_cropped/10_Metas/13/07/20191013072700_00160.png,13.2,18.2,12.1,16.1,961
10/13/2019 7:28,datasets/dataset_cropped/10_Metas/13/07/20191013072800_00160.jpg,datasets_flow/dataset_cropped/10_Metas/13/07/20191013072800_00160.jpg,datasets_cloudmask/dataset_cropped/10_Metas/13/07/20191013072800_00160.png,14.7,24.4,13.4,16.3,961
10/13/2019 7:29,datasets/dataset_cropped/10_Metas/13/07/20191013072900_00160.jpg,datasets_flow/dataset_cropped/10_Metas/13/07/20191013072900_00160.jpg,datasets_cloudmask/dataset_cropped/10_Metas/13/07/20191013072900_00160.png,16.3,31.4,14.7,16.3,961
10/13/2019 7:30,datasets/dataset_cropped/10_Metas/13/07/20191013073000_00160.jpg,datasets_flow/dataset_cropped/10_Metas/13/07/20191013073000_00160.jpg,datasets_cloudmask/dataset_cropped/10_Metas/13/07/20191013073000_00160.png,17.9,39.9,15.8,16.4,961
10/13/2019 7:31,datasets/dataset_cropped/10_Metas/13/07/20191013073100_00160.jpg,datasets_flow/dataset_cropped/10_Metas/13/07/20191013073100_00160.jpg,datasets_cloudmask/dataset_cropped/10_Metas/13/07/20191013073100_00160.png,19.7,50.3,17.1,16.4,961
10/13/2019 7:32,datasets/dataset_cropped/10_Metas/13/07/20191013073200_00160.jpg,datasets_flow/dataset_cropped/10_Metas/13/07/20191013073200_00160.jpg,datasets_cloudmask/dataset_cropped/10_Metas/13/07/20191013073200_00160.png,21.5,60.6,18.4,16.4,961
10/13/2019 7:33,datasets/dataset_cropped/10_Metas/13/07/20191013073300_00160.jpg,datasets_flow/dataset_cropped/10_Metas/13/07/20191013073300_00160.jpg,datasets_cloudmask/dataset_cropped/10_Metas/13/07/20191013073300_00160.png,23.2,70.9,19.3,16.3,961
10/13/2019 7:34,datasets/dataset_cropped/10_Metas/13/07/20191013073400_00160.jpg,datasets_flow/dataset_cropped/10_Metas/13/07/20191013073400_00160.jpg,datasets_cloudmask/dataset_cropped/10_Metas/13/07/20191013073400_00160.png,25.4,82.7,20.6,16,961
10/13/2019 7:35,datasets/dataset_cropped/10_Metas/13/07/20191013073500_00160.jpg,datasets_flow/dataset_cropped/10_Metas/13/07/20191013073500_00160.jpg,datasets_cloudmask/dataset_cropped/10_Metas/13/07/20191013073500_00160.png,27.7,95.9,21.9,15.8,961
10/13/2019 7:36,datasets/dataset_cropped/10_Metas/13/07/20191013073600_00160.jpg,datasets_flow/dataset_cropped/10_Metas/13/07/20191013073600_00160.jpg,datasets_cloudmask/dataset_cropped/10_Metas/13/07/20191013073600_00160.png,29.8,108.9,23,15.7,961
10/13/2019 7:37,datasets/dataset_cropped/10_Metas/13/07/20191013073700_00160.jpg,datasets_flow/dataset_cropped/10_Metas/13/07/20191013073700_00160.jpg,datasets_cloudmask/dataset_cropped/10_Metas/13/07/20191013073700_00160.png,32,121.9,24,15.6,961
10/13/2019 7:38,datasets/dataset_cropped/10_Metas/13/07/20191013073800_00160.jpg,datasets_flow/dataset_cropped/10_Metas/13/07/20191013073800_00160.jpg,datasets_cloudmask/dataset_cropped/10_Metas/13/07/20191013073800_00160.png,34.5,137.6,25,15.6,961
10/13/2019 7:39,datasets/dataset_cropped/10_Metas/13/07/20191013073900_00160.jpg,datasets_flow/dataset_cropped/10_Metas/13/07/20191013073900_00160.jpg,datasets_cloudmask/dataset_cropped/10_Metas/13/07/20191013073900_00160.png,36.8,149.7,25.9,15.6,961
10/13/2019 7:40,datasets/dataset_cropped/10_Metas/13/07/20191013074000_00160.jpg,datasets_flow/dataset_cropped/10_Metas/13/07/20191013074000_00160.jpg,datasets_cloudmask/dataset_cropped/10_Metas/13/07/20191013074000_00160.png,39,159.3,26.9,15.7,961
10/13/2019 7:41,datasets/dataset_cropped/10_Metas/13/07/20191013074100_00160.jpg,datasets_flow/dataset_cropped/10_Metas/13/07/20191013074100_00160.jpg,datasets_cloudmask/dataset_cropped/10_Metas/13/07/20191013074100_00160.png,41.6,170.3,28,15.8,961
10/13/2019 7:42,datasets/dataset_cropped/10_Metas/13/07/20191013074200_00160.jpg,datasets_flow/dataset_cropped/10_Metas/13/07/20191013074200_00160.jpg,datasets_cloudmask/dataset_cropped/10_Metas/13/07/20191013074200_00160.png,44.1,181.4,29,15.9,961
10/13/2019 7:43,datasets/dataset_cropped/10_Metas/13/07/20191013074300_00160.jpg,datasets_flow/dataset_cropped/10_Metas/13/07/20191013074300_00160.jpg,datasets_cloudmask/dataset_cropped/10_Metas/13/07/20191013074300_00160.png,46.7,192.4,30,16,961
10/13/2019 7:44,datasets/dataset_cropped/10_Metas/13/07/20191013074400_00160.jpg,datasets_flow/dataset_cropped/10_Metas/13/07/20191013074400_00160.jpg,datasets_cloudmask/dataset_cropped/10_Metas/13/07/20191013074400_00160.png,49.2,203.4,31.1,16.1,961
10/13/2019 7:45,datasets/dataset_cropped/10_Metas/13/07/20191013074500_00160.jpg,datasets_flow/dataset_cropped/10_Metas/13/07/20191013074500_00160.jpg,datasets_cloudmask/dataset_cropped/10_Metas/13/07/20191013074500_00160.png,52,215.8,32.1,16.1,961
10/13/2019 7:46,datasets/dataset_cropped/10_Metas/13/07/20191013074600_00160.jpg,datasets_flow/dataset_cropped/10_Metas/13/07/20191013074600_00160.jpg,datasets_cloudmask/dataset_cropped/10_Metas/13/07/20191013074600_00160.png,54.4,224.7,33,16.2,961
10/13/2019 7:47,datasets/dataset_cropped/10_Metas/13/07/20191013074700_00160.jpg,datasets_flow/dataset_cropped/10_Metas/13/07/20191013074700_00160.jpg,datasets_cloudmask/dataset_cropped/10_Metas/13/07/20191013074700_00160.png,57.1,234.2,34,16.3,961
10/13/2019 7:48,datasets/dataset_cropped/10_Metas/13/07/20191013074800_00160.jpg,datasets_flow/dataset_cropped/10_Metas/13/07/20191013074800_00160.jpg,datasets_cloudmask/dataset_cropped/10_Metas/13/07/20191013074800_00160.png,59.6,242.2,35,16.3,961
10/13/2019 7:49,datasets/dataset_cropped/10_Metas/13/07/20191013074900_00160.jpg,datasets_flow/dataset_cropped/10_Metas/13/07/20191013074900_00160.jpg,datasets_cloudmask/dataset_cropped/10_Metas/13/07/20191013074900_00160.png,62.1,249.6,36,16.4,961
10/13/2019 7:50,datasets/dataset_cropped/10_Metas/13/07/20191013075000_00160.jpg,datasets_flow/dataset_cropped/10_Metas/13/07/20191013075000_00160.jpg,datasets_cloudmask/dataset_cropped/10_Metas/13/07/20191013075000_00160.png,64.8,257.7,37,16.5,961
10/13/2019 7:51,datasets/dataset_cropped/10_Metas/13/07/20191013075100_00160.jpg,datasets_flow/dataset_cropped/10_Metas/13/07/20191013075100_00160.jpg,datasets_cloudmask/dataset_cropped/10_Metas/13/07/20191013075100_00160.png,67.5,267.9,37.8,16.5,961
10/13/2019 7:52,datasets/dataset_cropped/10_Metas/13/07/20191013075200_00160.jpg,datasets_flow/dataset_cropped/10_Metas/13/07/20191013075200_00160.jpg,datasets_cloudmask/dataset_cropped/10_Metas/13/07/20191013075200_00160.png,70.4,276.7,38.7,16.4,961
10/13/2019 7:53,datasets/dataset_cropped/10_Metas/13/07/20191013075300_00160.jpg,datasets_flow/dataset_cropped/10_Metas/13/07/20191013075300_00160.jpg,datasets_cloudmask/dataset_cropped/10_Metas/13/07/20191013075300_00160.png,73.5,287.6,39.6,16.3,961
10/13/2019 7:54,datasets/dataset_cropped/10_Metas/13/07/20191013075400_00160.jpg,datasets_flow/dataset_cropped/10_Metas/13/07/20191013075400_00160.jpg,datasets_cloudmask/dataset_cropped/10_Metas/13/07/20191013075400_00160.png,76.7,298.5,40.5,16.3,961
10/13/2019 7:55,datasets/dataset_cropped/10_Metas/13/07/20191013075500_00160.jpg,datasets_flow/dataset_cropped/10_Metas/13/07/20191013075500_00160.jpg,datasets_cloudmask/dataset_cropped/10_Metas/13/07/20191013075500_00160.png,79.5,306.2,41.4,16.4,961
10/13/2019 7:56,datasets/dataset_cropped/10_Metas/13/07/20191013075600_00160.jpg,datasets_flow/dataset_cropped/10_Metas/13/07/20191013075600_00160.jpg,datasets_cloudmask/dataset_cropped/10_Metas/13/07/20191013075600_00160.png,82.2,312.7,42.3,16.5,961
10/13/2019 7:57,datasets/dataset_cropped/10_Metas/13/07/20191013075700_00160.jpg,datasets_flow/dataset_cropped/10_Metas/13/07/20191013075700_00160.jpg,datasets_cloudmask/dataset_cropped/10_Metas/13/07/20191013075700_00160.png,85.3,322.4,43.1,16.6,961
10/13/2019 7:58,datasets/dataset_cropped/10_Metas/13/07/20191013075800_00160.jpg,datasets_flow/dataset_cropped/10_Metas/13/07/20191013075800_00160.jpg,datasets_cloudmask/dataset_cropped/10_Metas/13/07/20191013075800_00160.png,88.7,333.6,43.8,16.6,961
10/13/2019 7:59,datasets/dataset_cropped/10_Metas/13/07/20191013075900_00160.jpg,datasets_flow/dataset_cropped/10_Metas/13/07/20191013075900_00160.jpg,datasets_cloudmask/dataset_cropped/10_Metas/13/07/20191013075900_00160.png,91.5,340.8,44.6,16.6,961
10/13/2019 8:00,datasets/dataset_cropped/10_Metas/13/08/20191013080000_00160.jpg,datasets_flow/dataset_cropped/10_Metas/13/08/20191013080000_00160.jpg,datasets_cloudmask/dataset_cropped/10_Metas/13/08/20191013080000_00160.png,94.3,347.8,45.5,16.6,961
10/13/2019 8:01,datasets/dataset_cropped/10_Metas/13/08/20191013080100_00160.jpg,datasets_flow/dataset_cropped/10_Metas/13/08/20191013080100_00160.jpg,datasets_cloudmask/dataset_cropped/10_Metas/13/08/20191013080100_00160.png,97.3,355.5,46.3,16.7,961
10/13/2019 8:02,datasets/dataset_cropped/10_Metas/13/08/20191013080200_00160.jpg,datasets_flow/dataset_cropped/10_Metas/13/08/20191013080200_00160.jpg,datasets_cloudmask/dataset_cropped/10_Metas/13/08/20191013080200_00160.png,100.1,362.6,47,16.8,961
10/13/2019 8:03,datasets/dataset_cropped/10_Metas/13/08/20191013080300_00160.jpg,datasets_flow/dataset_cropped/10_Metas/13/08/20191013080300_00160.jpg,datasets_cloudmask/dataset_cropped/10_Metas/13/08/20191013080300_00160.png,103,370,47.7,16.7,961
10/13/2019 8:04,datasets/dataset_cropped/10_Metas/13/08/20191013080400_00160.jpg,datasets_flow/dataset_cropped/10_Metas/13/08/20191013080400_00160.jpg,datasets_cloudmask/dataset_cropped/10_Metas/13/08/20191013080400_00160.png,106.2,377.7,48.6,16.8,961
10/13/2019 8:05,datasets/dataset_cropped/10_Metas/13/08/20191013080500_00160.jpg,datasets_flow/dataset_cropped/10_Metas/13/08/20191013080500_00160.jpg,datasets_cloudmask/dataset_cropped/10_Metas/13/08/20191013080500_00160.png,109.3,384.7,49.4,16.8,961
10/13/2019 8:06,datasets/dataset_cropped/10_Metas/13/08/20191013080600_00160.jpg,datasets_flow/dataset_cropped/10_Metas/13/08/20191013080600_00160.jpg,datasets_cloudmask/dataset_cropped/10_Metas/13/08/20191013080600_00160.png,112.7,393.7,50.1,17,961
10/13/2019 8:07,datasets/dataset_cropped/10_Metas/13/08/20191013080700_00160.jpg,datasets_flow/dataset_cropped/10_Metas/13/08/20191013080700_00160.jpg,datasets_cloudmask/dataset_cropped/10_Metas/13/08/20191013080700_00160.png,116,401.8,50.8,17,961
10/13/2019 8:08,datasets/dataset_cropped/10_Metas/13/08/20191013080800_00160.jpg,datasets_flow/dataset_cropped/10_Metas/13/08/20191013080800_00160.jpg,datasets_cloudmask/dataset_cropped/10_Metas/13/08/20191013080800_00160.png,119.8,412.2,51.5,17,961
10/13/2019 8:09,datasets/dataset_cropped/10_Metas/13/08/20191013080900_00160.jpg,datasets_flow/dataset_cropped/10_Metas/13/08/20191013080900_00160.jpg,datasets_cloudmask/dataset_cropped/10_Metas/13/08/20191013080900_00160.png,122.8,418.3,52.3,17.1,961
10/13/2019 8:10,datasets/dataset_cropped/10_Metas/13/08/20191013081000_00160.jpg,datasets_flow/dataset_cropped/10_Metas/13/08/20191013081000_00160.jpg,datasets_cloudmask/dataset_cropped/10_Metas/13/08/20191013081000_00160.png,125.4,422.7,53,17,961
10/13/2019 8:11,datasets/dataset_cropped/10_Metas/13/08/20191013081100_00160.jpg,datasets_flow/dataset_cropped/10_Metas/13/08/20191013081100_00160.jpg,datasets_cloudmask/dataset_cropped/10_Metas/13/08/20191013081100_00160.png,128.1,426.4,53.6,17.1,961
10/13/2019 8:12,datasets/dataset_cropped/10_Metas/13/08/20191013081200_00160.jpg,datasets_flow/dataset_cropped/10_Metas/13/08/20191013081200_00160.jpg,datasets_cloudmask/dataset_cropped/10_Metas/13/08/20191013081200_00160.png,130.3,428.4,54.1,17.2,961
10/13/2019 8:13,datasets/dataset_cropped/10_Metas/13/08/20191013081300_00160.jpg,datasets_flow/dataset_cropped/10_Metas/13/08/20191013081300_00160.jpg,datasets_cloudmask/dataset_cropped/10_Metas/13/08/20191013081300_00160.png,133,431.6,54.7,17.3,961
10/13/2019 8:14,datasets/dataset_cropped/10_Metas/13/08/20191013081400_00160.jpg,datasets_flow/dataset_cropped/10_Metas/13/08/20191013081400_00160.jpg,datasets_cloudmask/dataset_cropped/10_Metas/13/08/20191013081400_00160.png,136.4,438.9,55.3,17.5,961
10/13/2019 8:15,datasets/dataset_cropped/10_Metas/13/08/20191013081500_00160.jpg,datasets_flow/dataset_cropped/10_Metas/13/08/20191013081500_00160.jpg,datasets_cloudmask/dataset_cropped/10_Metas/13/08/20191013081500_00160.png,139.7,445.8,56,17.6,961
10/13/2019 8:16,datasets/dataset_cropped/10_Metas/13/08/20191013081600_00160.jpg,datasets_flow/dataset_cropped/10_Metas/13/08/20191013081600_00160.jpg,datasets_cloudmask/dataset_cropped/10_Metas/13/08/20191013081600_00160.png,143,451.8,56.7,17.7,961
10/13/2019 8:17,datasets/dataset_cropped/10_Metas/13/08/20191013081700_00160.jpg,datasets_flow/dataset_cropped/10_Metas/13/08/20191013081700_00160.jpg,datasets_cloudmask/dataset_cropped/10_Metas/13/08/20191013081700_00160.png,146.6,458.9,57.4,17.9,961
10/13/2019 8:18,datasets/dataset_cropped/10_Metas/13/08/20191013081800_00160.jpg,datasets_flow/dataset_cropped/10_Metas/13/08/20191013081800_00160.jpg,datasets_cloudmask/dataset_cropped/10_Metas/13/08/20191013081800_00160.png,149.6,463.9,58.1,17.9,961
10/13/2019 8:19,datasets/dataset_cropped/10_Metas/13/08/20191013081900_00160.jpg,datasets_flow/dataset_cropped/10_Metas/13/08/20191013081900_00160.jpg,datasets_cloudmask/dataset_cropped/10_Metas/13/08/20191013081900_00160.png,152.8,469.7,58.7,18.1,961
10/13/2019 8:20,datasets/dataset_cropped/10_Metas/13/08/20191013082000_00160.jpg,datasets_flow/dataset_cropped/10_Metas/13/08/20191013082000_00160.jpg,datasets_cloudmask/dataset_cropped/10_Metas/13/08/20191013082000_00160.png,156.5,477.1,59.3,18.1,961
10/13/2019 8:21,datasets/dataset_cropped/10_Metas/13/08/20191013082100_00160.jpg,datasets_flow/dataset_cropped/10_Metas/13/08/20191013082100_00160.jpg,datasets_cloudmask/dataset_cropped/10_Metas/13/08/20191013082100_00160.png,159.9,483.5,59.8,18.2,961
10/13/2019 8:22,datasets/dataset_cropped/10_Metas/13/08/20191013082200_00160.jpg,datasets_flow/dataset_cropped/10_Metas/13/08/20191013082200_00160.jpg,datasets_cloudmask/dataset_cropped/10_Metas/13/08/20191013082200_00160.png,162.8,487.5,60.5,18.2,961
10/13/2019 8:23,datasets/dataset_cropped/10_Metas/13/08/20191013082300_00160.jpg,datasets_flow/dataset_cropped/10_Metas/13/08/20191013082300_00160.jpg,datasets_cloudmask/dataset_cropped/10_Metas/13/08/20191013082300_00160.png,165.9,491.8,61.1,18.3,961
10/13/2019 8:24,datasets/dataset_cropped/10_Metas/13/08/20191013082400_00160.jpg,datasets_flow/dataset_cropped/10_Metas/13/08/20191013082400_00160.jpg,datasets_cloudmask/dataset_cropped/10_Metas/13/08/20191013082400_00160.png,168.6,495.1,61.6,18.3,961
10/13/2019 8:25,datasets/dataset_cropped/10_Metas/13/08/20191013082500_00160.jpg,datasets_flow/dataset_cropped/10_Metas/13/08/20191013082500_00160.jpg,datasets_cloudmask/dataset_cropped/10_Metas/13/08/20191013082500_00160.png,172,500.6,62.2,18.4,961
10/13/2019 8:26,datasets/dataset_cropped/10_Metas/13/08/20191013082600_00160.jpg,datasets_flow/dataset_cropped/10_Metas/13/08/20191013082600_00160.jpg,datasets_cloudmask/dataset_cropped/10_Metas/13/08/20191013082600_00160.png,175.3,505.9,62.6,18.4,961
10/13/2019 8:27,datasets/dataset_cropped/10_Metas/13/08/20191013082700_00160.jpg,datasets_flow/dataset_cropped/10_Metas/13/08/20191013082700_00160.jpg,datasets_cloudmask/dataset_cropped/10_Metas/13/08/20191013082700_00160.png,178,508.1,63.2,18.5,961
10/13/2019 8:28,datasets/dataset_cropped/10_Metas/13/08/20191013082800_00160.jpg,datasets_flow/dataset_cropped/10_Metas/13/08/20191013082800_00160.jpg,datasets_cloudmask/dataset_cropped/10_Metas/13/08/20191013082800_00160.png,181.2,512.5,63.8,18.5,961
10/13/2019 8:29,datasets/dataset_cropped/10_Metas/13/08/20191013082900_00160.jpg,datasets_flow/dataset_cropped/10_Metas/13/08/20191013082900_00160.jpg,datasets_cloudmask/dataset_cropped/10_Metas/13/08/20191013082900_00160.png,184.7,517.9,64.4,18.5,961
10/13/2019 8:30,datasets/dataset_cropped/10_Metas/13/08/20191013083000_00160.jpg,datasets_flow/dataset_cropped/10_Metas/13/08/20191013083000_00160.jpg,datasets_cloudmask/dataset_cropped/10_Metas/13/08/20191013083000_00160.png,188.5,524.3,65.1,18.4,961
10/13/2019 8:31,datasets/dataset_cropped/10_Metas/13/08/20191013083100_00160.jpg,datasets_flow/dataset_cropped/10_Metas/13/08/20191013083100_00160.jpg,datasets_cloudmask/dataset_cropped/10_Metas/13/08/20191013083100_00160.png,192.4,531,65.8,18.4,961
10/13/2019 8:32,datasets/dataset_cropped/10_Metas/13/08/20191013083200_00160.jpg,datasets_flow/dataset_cropped/10_Metas/13/08/20191013083200_00160.jpg,datasets_cloudmask/dataset_cropped/10_Metas/13/08/20191013083200_00160.png,195.5,534.4,66.5,18.4,961
10/13/2019 8:33,datasets/dataset_cropped/10_Metas/13/08/20191013083300_00160.jpg,datasets_flow/dataset_cropped/10_Metas/13/08/20191013083300_00160.jpg,datasets_cloudmask/dataset_cropped/10_Metas/13/08/20191013083300_00160.png,198.9,538.5,67.2,18.4,961
10/13/2019 8:34,datasets/dataset_cropped/10_Metas/13/08/20191013083400_00160.jpg,datasets_flow/dataset_cropped/10_Metas/13/08/20191013083400_00160.jpg,datasets_cloudmask/dataset_cropped/10_Metas/13/08/20191013083400_00160.png,202.5,543.8,67.9,18.4,962
10/13/2019 8:35,datasets/dataset_cropped/10_Metas/13/08/20191013083500_00160.jpg,datasets_flow/dataset_cropped/10_Metas/13/08/20191013083500_00160.jpg,datasets_cloudmask/dataset_cropped/10_Metas/13/08/20191013083500_00160.png,205.7,547.1,68.5,18.4,961
10/13/2019 8:36,datasets/dataset_cropped/10_Metas/13/08/20191013083600_00160.jpg,datasets_flow/dataset_cropped/10_Metas/13/08/20191013083600_00160.jpg,datasets_cloudmask/dataset_cropped/10_Metas/13/08/20191013083600_00160.png,208.6,549.3,69.2,18.5,961
10/13/2019 8:37,datasets/dataset_cropped/10_Metas/13/08/20191013083700_00160.jpg,datasets_flow/dataset_cropped/10_Metas/13/08/20191013083700_00160.jpg,datasets_cloudmask/dataset_cropped/10_Metas/13/08/20191013083700_00160.png,211.6,551.8,69.9,18.5,961
10/13/2019 8:38,datasets/dataset_cropped/10_Metas/13/08/20191013083800_00160.jpg,datasets_flow/dataset_cropped/10_Metas/13/08/20191013083800_00160.jpg,datasets_cloudmask/dataset_cropped/10_Metas/13/08/20191013083800_00160.png,214.5,553.6,70.6,18.6,961
10/13/2019 8:39,datasets/dataset_cropped/10_Metas/13/08/20191013083900_00160.jpg,datasets_flow/dataset_cropped/10_Metas/13/08/20191013083900_00160.jpg,datasets_cloudmask/dataset_cropped/10_Metas/13/08/20191013083900_00160.png,217.3,555.9,71.1,18.8,962
10/13/2019 8:40,datasets/dataset_cropped/10_Metas/13/08/20191013084000_00160.jpg,datasets_flow/dataset_cropped/10_Metas/13/08/20191013084000_00160.jpg,datasets_cloudmask/dataset_cropped/10_Metas/13/08/20191013084000_00160.png,220.8,560.5,71.7,18.8,961
10/13/2019 8:41,datasets/dataset_cropped/10_Metas/13/08/20191013084100_00160.jpg,datasets_flow/dataset_cropped/10_Metas/13/08/20191013084100_00160.jpg,datasets_cloudmask/dataset_cropped/10_Metas/13/08/20191013084100_00160.png,224.9,568,71.9,18.9,961
10/13/2019 8:42,datasets/dataset_cropped/10_Metas/13/08/20191013084200_00160.jpg,datasets_flow/dataset_cropped/10_Metas/13/08/20191013084200_00160.jpg,datasets_cloudmask/dataset_cropped/10_Metas/13/08/20191013084200_00160.png,227.4,569.3,72.2,18.9,961
10/13/2019 8:43,datasets/dataset_cropped/10_Metas/13/08/20191013084300_00160.jpg,datasets_flow/dataset_cropped/10_Metas/13/08/20191013084300_00160.jpg,datasets_cloudmask/dataset_cropped/10_Metas/13/08/20191013084300_00160.png,230.6,572.9,72.8,18.9,962
10/13/2019 8:44,datasets/dataset_cropped/10_Metas/13/08/20191013084400_00160.jpg,datasets_flow/dataset_cropped/10_Metas/13/08/20191013084400_00160.jpg,datasets_cloudmask/dataset_cropped/10_Metas/13/08/20191013084400_00160.png,234.3,578.1,73.3,19,961
10/13/2019 8:45,datasets/dataset_cropped/10_Metas/13/08/20191013084500_00160.jpg,datasets_flow/dataset_cropped/10_Metas/13/08/20191013084500_00160.jpg,datasets_cloudmask/dataset_cropped/10_Metas/13/08/20191013084500_00160.png,236.9,579.4,73.8,19,962
10/13/2019 8:46,datasets/dataset_cropped/10_Metas/13/08/20191013084600_00160.jpg,datasets_flow/dataset_cropped/10_Metas/13/08/20191013084600_00160.jpg,datasets_cloudmask/dataset_cropped/10_Metas/13/08/20191013084600_00160.png,240.1,583.1,74.4,19,961
10/13/2019 8:47,datasets/dataset_cropped/10_Metas/13/08/20191013084700_00160.jpg,datasets_flow/dataset_cropped/10_Metas/13/08/20191013084700_00160.jpg,datasets_cloudmask/dataset_cropped/10_Metas/13/08/20191013084700_00160.png,243.6,587.3,74.9,19.1,961
10/13/2019 8:48,datasets/dataset_cropped/10_Metas/13/08/20191013084800_00160.jpg,datasets_flow/dataset_cropped/10_Metas/13/08/20191013084800_00160.jpg,datasets_cloudmask/dataset_cropped/10_Metas/13/08/20191013084800_00160.png,246.7,590.4,75.2,19.2,962
10/13/2019 8:49,datasets/dataset_cropped/10_Metas/13/08/20191013084900_00160.jpg,datasets_flow/dataset_cropped/10_Metas/13/08/20191013084900_00160.jpg,datasets_cloudmask/dataset_cropped/10_Metas/13/08/20191013084900_00160.png,250.1,594.7,75.7,19.4,961
10/13/2019 8:50,datasets/dataset_cropped/10_Metas/13/08/20191013085000_00160.jpg,datasets_flow/dataset_cropped/10_Metas/13/08/20191013085000_00160.jpg,datasets_cloudmask/dataset_cropped/10_Metas/13/08/20191013085000_00160.png,253.6,598.9,76.1,19.4,962
10/13/2019 8:51,datasets/dataset_cropped/10_Metas/13/08/20191013085100_00160.jpg,datasets_flow/dataset_cropped/10_Metas/13/08/20191013085100_00160.jpg,datasets_cloudmask/dataset_cropped/10_Metas/13/08/20191013085100_00160.png,256.6,601.9,76.2,19.5,962
10/13/2019 8:52,datasets/dataset_cropped/10_Metas/13/08/20191013085200_00160.jpg,datasets_flow/dataset_cropped/10_Metas/13/08/20191013085200_00160.jpg,datasets_cloudmask/dataset_cropped/10_Metas/13/08/20191013085200_00160.png,260.1,605.9,76.7,19.6,961
10/13/2019 8:53,datasets/dataset_cropped/10_Metas/13/08/20191013085300_00160.jpg,datasets_flow/dataset_cropped/10_Metas/13/08/20191013085300_00160.jpg,datasets_cloudmask/dataset_cropped/10_Metas/13/08/20191013085300_00160.png,263.2,608.9,77.2,19.9,961
10/13/2019 8:54,datasets/dataset_cropped/10_Metas/13/08/20191013085400_00160.jpg,datasets_flow/dataset_cropped/10_Metas/13/08/20191013085400_00160.jpg,datasets_cloudmask/dataset_cropped/10_Metas/13/08/20191013085400_00160.png,266.9,613.9,77.6,19.9,962
10/13/2019 8:55,datasets/dataset_cropped/10_Metas/13/08/20191013085500_00160.jpg,datasets_flow/dataset_cropped/10_Metas/13/08/20191013085500_00160.jpg,datasets_cloudmask/dataset_cropped/10_Metas/13/08/20191013085500_00160.png,269.9,616.8,78,19.9,961
10/13/2019 8:56,datasets/dataset_cropped/10_Metas/13/08/20191013085600_00160.jpg,datasets_flow/dataset_cropped/10_Metas/13/08/20191013085600_00160.jpg,datasets_cloudmask/dataset_cropped/10_Metas/13/08/20191013085600_00160.png,273.5,621.9,78.5,19.9,961
10/13/2019 8:57,datasets/dataset_cropped/10_Metas/13/08/20191013085700_00160.jpg,datasets_flow/dataset_cropped/10_Metas/13/08/20191013085700_00160.jpg,datasets_cloudmask/dataset_cropped/10_Metas/13/08/20191013085700_00160.png,277.2,627,78.6,19.9,962
10/13/2019 8:58,datasets/dataset_cropped/10_Metas/13/08/20191013085800_00160.jpg,datasets_flow/dataset_cropped/10_Metas/13/08/20191013085800_00160.jpg,datasets_cloudmask/dataset_cropped/10_Metas/13/08/20191013085800_00160.png,280.6,630.6,78.6,19.9,962
10/13/2019 8:59,datasets/dataset_cropped/10_Metas/13/08/20191013085900_00160.jpg,datasets_flow/dataset_cropped/10_Metas/13/08/20191013085900_00160.jpg,datasets_cloudmask/dataset_cropped/10_Metas/13/08/20191013085900_00160.png,283.7,633.4,79,19.8,962
10/13/2019 9:00,datasets/dataset_cropped/10_Metas/13/09/20191013090000_00160.jpg,datasets_flow/dataset_cropped/10_Metas/13/09/20191013090000_00160.jpg,datasets_cloudmask/dataset_cropped/10_Metas/13/09/20191013090000_00160.png,286.5,635.7,79.1,19.9,962
10/13/2019 9:01,datasets/dataset_cropped/10_Metas/13/09/20191013090100_00160.jpg,datasets_flow/dataset_cropped/10_Metas/13/09/20191013090100_00160.jpg,datasets_cloudmask/dataset_cropped/10_Metas/13/09/20191013090100_00160.png,289.3,637.6,79.4,19.9,962
10/13/2019 9:02,datasets/dataset_cropped/10_Metas/13/09/20191013090200_00160.jpg,datasets_flow/dataset_cropped/10_Metas/13/09/20191013090200_00160.jpg,datasets_cloudmask/dataset_cropped/10_Metas/13/09/20191013090200_00160.png,292.7,641.1,79.7,19.9,962
10/13/2019 9:03,datasets/dataset_cropped/10_Metas/13/09/20191013090300_00160.jpg,datasets_flow/dataset_cropped/10_Metas/13/09/20191013090300_00160.jpg,datasets_cloudmask/dataset_cropped/10_Metas/13/09/20191013090300_00160.png,296.1,644.8,80,19.9,962
10/13/2019 9:04,datasets/dataset_cropped/10_Metas/13/09/20191013090400_00160.jpg,datasets_flow/dataset_cropped/10_Metas/13/09/20191013090400_00160.jpg,datasets_cloudmask/dataset_cropped/10_Metas/13/09/20191013090400_00160.png,299.5,647.9,80.3,20,962
10/13/2019 9:05,datasets/dataset_cropped/10_Metas/13/09/20191013090500_00160.jpg,datasets_flow/dataset_cropped/10_Metas/13/09/20191013090500_00160.jpg,datasets_cloudmask/dataset_cropped/10_Metas/13/09/20191013090500_00160.png,303.1,651.6,80.9,20,962
10/13/2019 9:06,datasets/dataset_cropped/10_Metas/13/09/20191013090600_00160.jpg,datasets_flow/dataset_cropped/10_Metas/13/09/20191013090600_00160.jpg,datasets_cloudmask/dataset_cropped/10_Metas/13/09/20191013090600_00160.png,306.5,655.1,81.3,20.1,962
10/13/2019 9:07,datasets/dataset_cropped/10_Metas/13/09/20191013090700_00160.jpg,datasets_flow/dataset_cropped/10_Metas/13/09/20191013090700_00160.jpg,datasets_cloudmask/dataset_cropped/10_Metas/13/09/20191013090700_00160.png,309.2,656.5,81.7,20.2,962
10/13/2019 9:08,datasets/dataset_cropped/10_Metas/13/09/20191013090800_00160.jpg,datasets_flow/dataset_cropped/10_Metas/13/09/20191013090800_00160.jpg,datasets_cloudmask/dataset_cropped/10_Metas/13/09/20191013090800_00160.png,312.9,660.4,82.2,20.3,962
10/13/2019 9:09,datasets/dataset_cropped/10_Metas/13/09/20191013090900_00160.jpg,datasets_flow/dataset_cropped/10_Metas/13/09/20191013090900_00160.jpg,datasets_cloudmask/dataset_cropped/10_Metas/13/09/20191013090900_00160.png,316.3,663.8,82.5,20.5,962
10/13/2019 9:10,datasets/dataset_cropped/10_Metas/13/09/20191013091000_00160.jpg,datasets_flow/dataset_cropped/10_Metas/13/09/20191013091000_00160.jpg,datasets_cloudmask/dataset_cropped/10_Metas/13/09/20191013091000_00160.png,320.3,668.6,82.8,20.6,962
10/13/2019 9:11,datasets/dataset_cropped/10_Metas/13/09/20191013091100_00160.jpg,datasets_flow/dataset_cropped/10_Metas/13/09/20191013091100_00160.jpg,datasets_cloudmask/dataset_cropped/10_Metas/13/09/20191013091100_00160.png,323.6,671.8,82.8,20.5,962
10/13/2019 9:12,datasets/dataset_cropped/10_Metas/13/09/20191013091200_00160.jpg,datasets_flow/dataset_cropped/10_Metas/13/09/20191013091200_00160.jpg,datasets_cloudmask/dataset_cropped/10_Metas/13/09/20191013091200_00160.png,326.6,674.5,82.8,20.6,962
10/13/2019 9:13,datasets/dataset_cropped/10_Metas/13/09/20191013091300_00160.jpg,datasets_flow/dataset_cropped/10_Metas/13/09/20191013091300_00160.jpg,datasets_cloudmask/dataset_cropped/10_Metas/13/09/20191013091300_00160.png,329.4,676,83,20.6,962
10/13/2019 9:14,datasets/dataset_cropped/10_Metas/13/09/20191013091400_00160.jpg,datasets_flow/dataset_cropped/10_Metas/13/09/20191013091400_00160.jpg,datasets_cloudmask/dataset_cropped/10_Metas/13/09/20191013091400_00160.png,332.6,678.2,83.5,20.7,962
10/13/2019 9:15,datasets/dataset_cropped/10_Metas/13/09/20191013091500_00160.jpg,datasets_flow/dataset_cropped/10_Metas/13/09/20191013091500_00160.jpg,datasets_cloudmask/dataset_cropped/10_Metas/13/09/20191013091500_00160.png,335.8,681.1,83.8,20.8,962
10/13/2019 9:16,datasets/dataset_cropped/10_Metas/13/09/20191013091600_00160.jpg,datasets_flow/dataset_cropped/10_Metas/13/09/20191013091600_00160.jpg,datasets_cloudmask/dataset_cropped/10_Metas/13/09/20191013091600_00160.png,339.3,684.5,84.3,20.9,962
10/13/2019 9:17,datasets/dataset_cropped/10_Metas/13/09/20191013091700_00160.jpg,datasets_flow/dataset_cropped/10_Metas/13/09/20191013091700_00160.jpg,datasets_cloudmask/dataset_cropped/10_Metas/13/09/20191013091700_00160.png,342.1,686.3,84.5,20.9,962
10/13/2019 9:18,datasets/dataset_cropped/10_Metas/13/09/20191013091800_00160.jpg,datasets_flow/dataset_cropped/10_Metas/13/09/20191013091800_00160.jpg,datasets_cloudmask/dataset_cropped/10_Metas/13/09/20191013091800_00160.png,345.2,688.2,84.8,20.9,962
10/13/2019 9:19,datasets/dataset_cropped/10_Metas/13/09/20191013091900_00160.jpg,datasets_flow/dataset_cropped/10_Metas/13/09/20191013091900_00160.jpg,datasets_cloudmask/dataset_cropped/10_Metas/13/09/20191013091900_00160.png,349.3,692.5,85.3,20.9,962
10/13/2019 9:20,datasets/dataset_cropped/10_Metas/13/09/20191013092000_00160.jpg,datasets_flow/dataset_cropped/10_Metas/13/09/20191013092000_00160.jpg,datasets_cloudmask/dataset_cropped/10_Metas/13/09/20191013092000_00160.png,352.5,695.1,85.6,20.9,962
10/13/2019 9:21,datasets/dataset_cropped/10_Metas/13/09/20191013092100_00160.jpg,datasets_flow/dataset_cropped/10_Metas/13/09/20191013092100_00160.jpg,datasets_cloudmask/dataset_cropped/10_Metas/13/09/20191013092100_00160.png,355.8,698.2,85.7,20.9,962
10/13/2019 9:22,datasets/dataset_cropped/10_Metas/13/09/20191013092200_00160.jpg,datasets_flow/dataset_cropped/10_Metas/13/09/20191013092200_00160.jpg,datasets_cloudmask/dataset_cropped/10_Metas/13/09/20191013092200_00160.png,358.3,698.7,85.8,20.8,962
10/13/2019 9:23,datasets/dataset_cropped/10_Metas/13/09/20191013092300_00160.jpg,datasets_flow/dataset_cropped/10_Metas/13/09/20191013092300_00160.jpg,datasets_cloudmask/dataset_cropped/10_Metas/13/09/20191013092300_00160.png,361.8,701.5,86.3,20.7,962
10/13/2019 9:24,datasets/dataset_cropped/10_Metas/13/09/20191013092400_00160.jpg,datasets_flow/dataset_cropped/10_Metas/13/09/20191013092400_00160.jpg,datasets_cloudmask/dataset_cropped/10_Metas/13/09/20191013092400_00160.png,364.6,703,86.7,20.6,962
10/13/2019 9:25,datasets/dataset_cropped/10_Metas/13/09/20191013092500_00160.jpg,datasets_flow/dataset_cropped/10_Metas/13/09/20191013092500_00160.jpg,datasets_cloudmask/dataset_cropped/10_Metas/13/09/20191013092500_00160.png,367.4,704.7,86.8,20.7,962
10/13/2019 9:26,datasets/dataset_cropped/10_Metas/13/09/20191013092600_00160.jpg,datasets_flow/dataset_cropped/10_Metas/13/09/20191013092600_00160.jpg,datasets_cloudmask/dataset_cropped/10_Metas/13/09/20191013092600_00160.png,370.1,706.4,87,20.7,962
10/13/2019 9:27,datasets/dataset_cropped/10_Metas/13/09/20191013092700_00160.jpg,datasets_flow/dataset_cropped/10_Metas/13/09/20191013092700_00160.jpg,datasets_cloudmask/dataset_cropped/10_Metas/13/09/20191013092700_00160.png,373.3,708.5,87.4,20.8,962
10/13/2019 9:28,datasets/dataset_cropped/10_Metas/13/09/20191013092800_00160.jpg,datasets_flow/dataset_cropped/10_Metas/13/09/20191013092800_00160.jpg,datasets_cloudmask/dataset_cropped/10_Metas/13/09/20191013092800_00160.png,376,709.3,87.8,20.8,962
10/13/2019 9:29,datasets/dataset_cropped/10_Metas/13/09/20191013092900_00160.jpg,datasets_flow/dataset_cropped/10_Metas/13/09/20191013092900_00160.jpg,datasets_cloudmask/dataset_cropped/10_Metas/13/09/20191013092900_00160.png,379.3,711.9,88.4,20.9,962
10/13/2019 9:30,datasets/dataset_cropped/10_Metas/13/09/20191013093000_00160.jpg,datasets_flow/dataset_cropped/10_Metas/13/09/20191013093000_00160.jpg,datasets_cloudmask/dataset_cropped/10_Metas/13/09/20191013093000_00160.png,380.6,705.3,90.5,20.9,962
10/13/2019 9:31,datasets/dataset_cropped/10_Metas/13/09/20191013093100_00160.jpg,datasets_flow/dataset_cropped/10_Metas/13/09/20191013093100_00160.jpg,datasets_cloudmask/dataset_cropped/10_Metas/13/09/20191013093100_00160.png,385.5,715.1,89.6,21,962
10/13/2019 9:32,datasets/dataset_cropped/10_Metas/13/09/20191013093200_00160.jpg,datasets_flow/dataset_cropped/10_Metas/13/09/20191013093200_00160.jpg,datasets_cloudmask/dataset_cropped/10_Metas/13/09/20191013093200_00160.png,389,719.9,89.2,21.1,962
10/13/2019 9:33,datasets/dataset_cropped/10_Metas/13/09/20191013093300_00160.jpg,datasets_flow/dataset_cropped/10_Metas/13/09/20191013093300_00160.jpg,datasets_cloudmask/dataset_cropped/10_Metas/13/09/20191013093300_00160.png,392.5,723.6,89.3,21.1,962
10/13/2019 9:34,datasets/dataset_cropped/10_Metas/13/09/20191013093400_00160.jpg,datasets_flow/dataset_cropped/10_Metas/13/09/20191013093400_00160.jpg,datasets_cloudmask/dataset_cropped/10_Metas/13/09/20191013093400_00160.png,395.3,725,89.6,21.2,962
10/13/2019 9:35,datasets/dataset_cropped/10_Metas/13/09/20191013093500_00160.jpg,datasets_flow/dataset_cropped/10_Metas/13/09/20191013093500_00160.jpg,datasets_cloudmask/dataset_cropped/10_Metas/13/09/20191013093500_00160.png,398.5,726,90.3,21.4,962
10/13/2019 9:36,datasets/dataset_cropped/10_Metas/13/09/20191013093600_00160.jpg,datasets_flow/dataset_cropped/10_Metas/13/09/20191013093600_00160.jpg,datasets_cloudmask/dataset_cropped/10_Metas/13/09/20191013093600_00160.png,401.2,727.2,90.6,21.4,962
10/13/2019 9:37,datasets/dataset_cropped/10_Metas/13/09/20191013093700_00160.jpg,datasets_flow/dataset_cropped/10_Metas/13/09/20191013093700_00160.jpg,datasets_cloudmask/dataset_cropped/10_Metas/13/09/20191013093700_00160.png,404.7,730.2,91,21.6,962
10/13/2019 9:38,datasets/dataset_cropped/10_Metas/13/09/20191013093800_00160.jpg,datasets_flow/dataset_cropped/10_Metas/13/09/20191013093800_00160.jpg,datasets_cloudmask/dataset_cropped/10_Metas/13/09/20191013093800_00160.png,407.2,731.4,91.2,21.7,962
10/13/2019 9:39,datasets/dataset_cropped/10_Metas/13/09/20191013093900_00160.jpg,datasets_flow/dataset_cropped/10_Metas/13/09/20191013093900_00160.jpg,datasets_cloudmask/dataset_cropped/10_Metas/13/09/20191013093900_00160.png,410.5,734.3,91.2,21.7,962
10/13/2019 9:40,datasets/dataset_cropped/10_Metas/13/09/20191013094000_00160.jpg,datasets_flow/dataset_cropped/10_Metas/13/09/20191013094000_00160.jpg,datasets_cloudmask/dataset_cropped/10_Metas/13/09/20191013094000_00160.png,413.8,737.2,91.5,21.7,962
10/13/2019 9:41,datasets/dataset_cropped/10_Metas/13/09/20191013094100_00160.jpg,datasets_flow/dataset_cropped/10_Metas/13/09/20191013094100_00160.jpg,datasets_cloudmask/dataset_cropped/10_Metas/13/09/20191013094100_00160.png,416.6,739.6,91.6,21.9,962
10/13/2019 9:42,datasets/dataset_cropped/10_Metas/13/09/20191013094200_00160.jpg,datasets_flow/dataset_cropped/10_Metas/13/09/20191013094200_00160.jpg,datasets_cloudmask/dataset_cropped/10_Metas/13/09/20191013094200_00160.png,419.5,742,91.8,22,962
10/13/2019 9:43,datasets/dataset_cropped/10_Metas/13/09/20191013094300_00160.jpg,datasets_flow/dataset_cropped/10_Metas/13/09/20191013094300_00160.jpg,datasets_cloudmask/dataset_cropped/10_Metas/13/09/20191013094300_00160.png,422.3,743.4,92,22.1,962
10/13/2019 9:44,datasets/dataset_cropped/10_Metas/13/09/20191013094400_00160.jpg,datasets_flow/dataset_cropped/10_Metas/13/09/20191013094400_00160.jpg,datasets_cloudmask/dataset_cropped/10_Metas/13/09/20191013094400_00160.png,425.5,745.5,92.3,22.3,962
10/13/2019 9:45,datasets/dataset_cropped/10_Metas/13/09/20191013094500_00160.jpg,datasets_flow/dataset_cropped/10_Metas/13/09/20191013094500_00160.jpg,datasets_cloudmask/dataset_cropped/10_Metas/13/09/20191013094500_00160.png,428.3,747,92.4,22.4,962
10/13/2019 9:46,datasets/dataset_cropped/10_Metas/13/09/20191013094600_00160.jpg,datasets_flow/dataset_cropped/10_Metas/13/09/20191013094600_00160.jpg,datasets_cloudmask/dataset_cropped/10_Metas/13/09/20191013094600_00160.png,430.5,747.5,92.6,22.4,962
10/13/2019 9:47,datasets/dataset_cropped/10_Metas/13/09/20191013094700_00160.jpg,datasets_flow/dataset_cropped/10_Metas/13/09/20191013094700_00160.jpg,datasets_cloudmask/dataset_cropped/10_Metas/13/09/20191013094700_00160.png,432.9,747.8,92.9,22.5,962
10/13/2019 9:48,datasets/dataset_cropped/10_Metas/13/09/20191013094800_00160.jpg,datasets_flow/dataset_cropped/10_Metas/13/09/20191013094800_00160.jpg,datasets_cloudmask/dataset_cropped/10_Metas/13/09/20191013094800_00160.png,435.5,748.4,93.5,22.5,962
10/13/2019 9:49,datasets/dataset_cropped/10_Metas/13/09/20191013094900_00160.jpg,datasets_flow/dataset_cropped/10_Metas/13/09/20191013094900_00160.jpg,datasets_cloudmask/dataset_cropped/10_Metas/13/09/20191013094900_00160.png,438.5,750.1,94,22.6,962
10/13/2019 9:50,datasets/dataset_cropped/10_Metas/13/09/20191013095000_00160.jpg,datasets_flow/dataset_cropped/10_Metas/13/09/20191013095000_00160.jpg,datasets_cloudmask/dataset_cropped/10_Metas/13/09/20191013095000_00160.png,441.3,750.9,94.1,22.5,962
10/13/2019 9:51,datasets/dataset_cropped/10_Metas/13/09/20191013095100_00160.jpg,datasets_flow/dataset_cropped/10_Metas/13/09/20191013095100_00160.jpg,datasets_cloudmask/dataset_cropped/10_Metas/13/09/20191013095100_00160.png,443.5,751.4,93.8,22.5,962
10/13/2019 9:52,datasets/dataset_cropped/10_Metas/13/09/20191013095200_00160.jpg,datasets_flow/dataset_cropped/10_Metas/13/09/20191013095200_00160.jpg,datasets_cloudmask/dataset_cropped/10_Metas/13/09/20191013095200_00160.png,446.4,752.4,93.8,22.6,962
10/13/2019 9:53,datasets/dataset_cropped/10_Metas/13/09/20191013095300_00160.jpg,datasets_flow/dataset_cropped/10_Metas/13/09/20191013095300_00160.jpg,datasets_cloudmask/dataset_cropped/10_Metas/13/09/20191013095300_00160.png,449.4,754.1,93.9,22.6,962
10/13/2019 9:54,datasets/dataset_cropped/10_Metas/13/09/20191013095400_00160.jpg,datasets_flow/dataset_cropped/10_Metas/13/09/20191013095400_00160.jpg,datasets_cloudmask/dataset_cropped/10_Metas/13/09/20191013095400_00160.png,452.8,756.8,94.2,22.6,962
10/13/2019 9:55,datasets/dataset_cropped/10_Metas/13/09/20191013095500_00160.jpg,datasets_flow/dataset_cropped/10_Metas/13/09/20191013095500_00160.jpg,datasets_cloudmask/dataset_cropped/10_Metas/13/09/20191013095500_00160.png,455.7,758.1,94.7,22.6,962
10/13/2019 9:56,datasets/dataset_cropped/10_Metas/13/09/20191013095600_00160.jpg,datasets_flow/dataset_cropped/10_Metas/13/09/20191013095600_00160.jpg,datasets_cloudmask/dataset_cropped/10_Metas/13/09/20191013095600_00160.png,458,758.6,95.1,22.8,962
10/13/2019 9:57,datasets/dataset_cropped/10_Metas/13/09/20191013095700_00160.jpg,datasets_flow/dataset_cropped/10_Metas/13/09/20191013095700_00160.jpg,datasets_cloudmask/dataset_cropped/10_Metas/13/09/20191013095700_00160.png,461.1,761.1,95.4,22.7,962
10/13/2019 9:58,datasets/dataset_cropped/10_Metas/13/09/20191013095800_00160.jpg,datasets_flow/dataset_cropped/10_Metas/13/09/20191013095800_00160.jpg,datasets_cloudmask/dataset_cropped/10_Metas/13/09/20191013095800_00160.png,464.3,763.6,96.1,22.8,962
10/13/2019 9:59,datasets/dataset_cropped/10_Metas/13/09/20191013095900_00160.jpg,datasets_flow/dataset_cropped/10_Metas/13/09/20191013095900_00160.jpg,datasets_cloudmask/dataset_cropped/10_Metas/13/09/20191013095900_00160.png,467.6,765.1,97.1,23,962
10/13/2019 10:00,datasets/dataset_cropped/10_Metas/13/10/20191013100000_00160.jpg,datasets_flow/dataset_cropped/10_Metas/13/10/20191013100000_00160.jpg,datasets_cloudmask/dataset_cropped/10_Metas/13/10/20191013100000_00160.png,469.5,764.9,97.1,23,962
10/13/2019 10:01,datasets/dataset_cropped/10_Metas/13/10/20191013100100_00160.jpg,datasets_flow/dataset_cropped/10_Metas/13/10/20191013100100_00160.jpg,datasets_cloudmask/dataset_cropped/10_Metas/13/10/20191013100100_00160.png,472.8,767.6,97.1,22.9,962
10/13/2019 10:02,datasets/dataset_cropped/10_Metas/13/10/20191013100200_00160.jpg,datasets_flow/dataset_cropped/10_Metas/13/10/20191013100200_00160.jpg,datasets_cloudmask/dataset_cropped/10_Metas/13/10/20191013100200_00160.png,475.9,769.4,97.2,22.9,962
10/13/2019 10:03,datasets/dataset_cropped/10_Metas/13/10/20191013100300_00160.jpg,datasets_flow/dataset_cropped/10_Metas/13/10/20191013100300_00160.jpg,datasets_cloudmask/dataset_cropped/10_Metas/13/10/20191013100300_00160.png,478.1,769.3,97.7,22.9,962
10/13/2019 10:04,datasets/dataset_cropped/10_Metas/13/10/20191013100400_00160.jpg,datasets_flow/dataset_cropped/10_Metas/13/10/20191013100400_00160.jpg,datasets_cloudmask/dataset_cropped/10_Metas/13/10/20191013100400_00160.png,480.8,770.4,97.8,23.1,962
10/13/2019 10:05,datasets/dataset_cropped/10_Metas/13/10/20191013100500_00160.jpg,datasets_flow/dataset_cropped/10_Metas/13/10/20191013100500_00160.jpg,datasets_cloudmask/dataset_cropped/10_Metas/13/10/20191013100500_00160.png,483,770.3,97.8,23.3,962
10/13/2019 10:06,datasets/dataset_cropped/10_Metas/13/10/20191013100600_00160.jpg,datasets_flow/dataset_cropped/10_Metas/13/10/20191013100600_00160.jpg,datasets_cloudmask/dataset_cropped/10_Metas/13/10/20191013100600_00160.png,484.9,769.8,97.9,23.6,962
10/13/2019 10:07,datasets/dataset_cropped/10_Metas/13/10/20191013100700_00160.jpg,datasets_flow/dataset_cropped/10_Metas/13/10/20191013100700_00160.jpg,datasets_cloudmask/dataset_cropped/10_Metas/13/10/20191013100700_00160.png,488.4,772.8,98.3,23.8,962
10/13/2019 10:08,datasets/dataset_cropped/10_Metas/13/10/20191013100800_00160.jpg,datasets_flow/dataset_cropped/10_Metas/13/10/20191013100800_00160.jpg,datasets_cloudmask/dataset_cropped/10_Metas/13/10/20191013100800_00160.png,491,774.1,98.8,23.7,962
10/13/2019 10:09,datasets/dataset_cropped/10_Metas/13/10/20191013100900_00160.jpg,datasets_flow/dataset_cropped/10_Metas/13/10/20191013100900_00160.jpg,datasets_cloudmask/dataset_cropped/10_Metas/13/10/20191013100900_00160.png,493.2,774.3,99.2,23.4,962
10/13/2019 10:10,datasets/dataset_cropped/10_Metas/13/10/20191013101000_00160.jpg,datasets_flow/dataset_cropped/10_Metas/13/10/20191013101000_00160.jpg,datasets_cloudmask/dataset_cropped/10_Metas/13/10/20191013101000_00160.png,495.9,775.1,99.3,23.2,962
10/13/2019 10:11,datasets/dataset_cropped/10_Metas/13/10/20191013101100_00160.jpg,datasets_flow/dataset_cropped/10_Metas/13/10/20191013101100_00160.jpg,datasets_cloudmask/dataset_cropped/10_Metas/13/10/20191013101100_00160.png,498.1,775.9,99.5,23.2,962
10/13/2019 10:12,datasets/dataset_cropped/10_Metas/13/10/20191013101200_00160.jpg,datasets_flow/dataset_cropped/10_Metas/13/10/20191013101200_00160.jpg,datasets_cloudmask/dataset_cropped/10_Metas/13/10/20191013101200_00160.png,500.1,776.5,99.3,23.1,962
10/13/2019 10:13,datasets/dataset_cropped/10_Metas/13/10/20191013101300_00160.jpg,datasets_flow/dataset_cropped/10_Metas/13/10/20191013101300_00160.jpg,datasets_cloudmask/dataset_cropped/10_Metas/13/10/20191013101300_00160.png,502.9,778.3,99.4,23.1,962
10/13/2019 10:14,datasets/dataset_cropped/10_Metas/13/10/20191013101400_00160.jpg,datasets_flow/dataset_cropped/10_Metas/13/10/20191013101400_00160.jpg,datasets_cloudmask/dataset_cropped/10_Metas/13/10/20191013101400_00160.png,504.9,778.7,99.5,23.4,962
10/13/2019 10:15,datasets/dataset_cropped/10_Metas/13/10/20191013101500_00160.jpg,datasets_flow/dataset_cropped/10_Metas/13/10/20191013101500_00160.jpg,datasets_cloudmask/dataset_cropped/10_Metas/13/10/20191013101500_00160.png,507.6,779.8,99.7,23.6,962
10/13/2019 10:16,datasets/dataset_cropped/10_Metas/13/10/20191013101600_00160.jpg,datasets_flow/dataset_cropped/10_Metas/13/10/20191013101600_00160.jpg,datasets_cloudmask/dataset_cropped/10_Metas/13/10/20191013101600_00160.png,510.7,782,100.1,23.9,962
10/13/2019 10:17,datasets/dataset_cropped/10_Metas/13/10/20191013101700_00160.jpg,datasets_flow/dataset_cropped/10_Metas/13/10/20191013101700_00160.jpg,datasets_cloudmask/dataset_cropped/10_Metas/13/10/20191013101700_00160.png,513.8,784.3,100.1,24.1,962
10/13/2019 10:18,datasets/dataset_cropped/10_Metas/13/10/20191013101800_00160.jpg,datasets_flow/dataset_cropped/10_Metas/13/10/20191013101800_00160.jpg,datasets_cloudmask/dataset_cropped/10_Metas/13/10/20191013101800_00160.png,515.9,785,100.3,24.3,962
10/13/2019 10:19,datasets/dataset_cropped/10_Metas/13/10/20191013101900_00160.jpg,datasets_flow/dataset_cropped/10_Metas/13/10/20191013101900_00160.jpg,datasets_cloudmask/dataset_cropped/10_Metas/13/10/20191013101900_00160.png,518.2,785.4,100.6,24.3,962
10/13/2019 10:20,datasets/dataset_cropped/10_Metas/13/10/20191013102000_00160.jpg,datasets_flow/dataset_cropped/10_Metas/13/10/20191013102000_00160.jpg,datasets_cloudmask/dataset_cropped/10_Metas/13/10/20191013102000_00160.png,520.8,786.9,100.5,24.4,962
10/13/2019 10:21,datasets/dataset_cropped/10_Metas/13/10/20191013102100_00160.jpg,datasets_flow/dataset_cropped/10_Metas/13/10/20191013102100_00160.jpg,datasets_cloudmask/dataset_cropped/10_Metas/13/10/20191013102100_00160.png,523.6,788.7,101,24.5,962
10/13/2019 10:22,datasets/dataset_cropped/10_Metas/13/10/20191013102200_00160.jpg,datasets_flow/dataset_cropped/10_Metas/13/10/20191013102200_00160.jpg,datasets_cloudmask/dataset_cropped/10_Metas/13/10/20191013102200_00160.png,526.3,790.5,101,24.1,962
10/13/2019 10:23,datasets/dataset_cropped/10_Metas/13/10/20191013102300_00160.jpg,datasets_flow/dataset_cropped/10_Metas/13/10/20191013102300_00160.jpg,datasets_cloudmask/dataset_cropped/10_Metas/13/10/20191013102300_00160.png,528.6,790.8,101.2,24,962
10/13/2019 10:24,datasets/dataset_cropped/10_Metas/13/10/20191013102400_00160.jpg,datasets_flow/dataset_cropped/10_Metas/13/10/20191013102400_00160.jpg,datasets_cloudmask/dataset_cropped/10_Metas/13/10/20191013102400_00160.png,530,788.9,101.7,24.2,962
10/13/2019 10:25,datasets/dataset_cropped/10_Metas/13/10/20191013102500_00160.jpg,datasets_flow/dataset_cropped/10_Metas/13/10/20191013102500_00160.jpg,datasets_cloudmask/dataset_cropped/10_Metas/13/10/20191013102500_00160.png,533.7,791.5,102.1,24.6,962
10/13/2019 10:26,datasets/dataset_cropped/10_Metas/13/10/20191013102600_00160.jpg,datasets_flow/dataset_cropped/10_Metas/13/10/20191013102600_00160.jpg,datasets_cloudmask/dataset_cropped/10_Metas/13/10/20191013102600_00160.png,536.1,793.2,102,24.7,962
10/13/2019 10:27,datasets/dataset_cropped/10_Metas/13/10/20191013102700_00160.jpg,datasets_flow/dataset_cropped/10_Metas/13/10/20191013102700_00160.jpg,datasets_cloudmask/dataset_cropped/10_Metas/13/10/20191013102700_00160.png,539,795.1,102.2,24.6,962
10/13/2019 10:28,datasets/dataset_cropped/10_Metas/13/10/20191013102800_00160.jpg,datasets_flow/dataset_cropped/10_Metas/13/10/20191013102800_00160.jpg,datasets_cloudmask/dataset_cropped/10_Metas/13/10/20191013102800_00160.png,541.4,796.6,102.2,24.6,962
10/13/2019 10:29,datasets/dataset_cropped/10_Metas/13/10/20191013102900_00160.jpg,datasets_flow/dataset_cropped/10_Metas/13/10/20191013102900_00160.jpg,datasets_cloudmask/dataset_cropped/10_Metas/13/10/20191013102900_00160.png,544.1,798.2,102.3,24.4,962
10/13/2019 10:30,datasets/dataset_cropped/10_Metas/13/10/20191013103000_00160.jpg,datasets_flow/dataset_cropped/10_Metas/13/10/20191013103000_00160.jpg,datasets_cloudmask/dataset_cropped/10_Metas/13/10/20191013103000_00160.png,545.8,798,102.4,24.4,962
10/13/2019 10:31,datasets/dataset_cropped/10_Metas/13/10/20191013103100_00160.jpg,datasets_flow/dataset_cropped/10_Metas/13/10/20191013103100_00160.jpg,datasets_cloudmask/dataset_cropped/10_Metas/13/10/20191013103100_00160.png,547.4,798.4,102.5,24.3,962
10/13/2019 10:32,datasets/dataset_cropped/10_Metas/13/10/20191013103200_00160.jpg,datasets_flow/dataset_cropped/10_Metas/13/10/20191013103200_00160.jpg,datasets_cloudmask/dataset_cropped/10_Metas/13/10/20191013103200_00160.png,550.7,800,102.7,24.3,962
10/13/2019 10:33,datasets/dataset_cropped/10_Metas/13/10/20191013103300_00160.jpg,datasets_flow/dataset_cropped/10_Metas/13/10/20191013103300_00160.jpg,datasets_cloudmask/dataset_cropped/10_Metas/13/10/20191013103300_00160.png,553.2,802,102.6,24.5,962
10/13/2019 10:34,datasets/dataset_cropped/10_Metas/13/10/20191013103400_00160.jpg,datasets_flow/dataset_cropped/10_Metas/13/10/20191013103400_00160.jpg,datasets_cloudmask/dataset_cropped/10_Metas/13/10/20191013103400_00160.png,556.1,804,102.6,24.6,962
10/13/2019 10:35,datasets/dataset_cropped/10_Metas/13/10/20191013103500_00160.jpg,datasets_flow/dataset_cropped/10_Metas/13/10/20191013103500_00160.jpg,datasets_cloudmask/dataset_cropped/10_Metas/13/10/20191013103500_00160.png,558.4,806,102.7,24.6,962
10/13/2019 10:36,datasets/dataset_cropped/10_Metas/13/10/20191013103600_00160.jpg,datasets_flow/dataset_cropped/10_Metas/13/10/20191013103600_00160.jpg,datasets_cloudmask/dataset_cropped/10_Metas/13/10/20191013103600_00160.png,561.6,808,103,24.5,962
10/13/2019 10:37,datasets/dataset_cropped/10_Metas/13/10/20191013103700_00160.jpg,datasets_flow/dataset_cropped/10_Metas/13/10/20191013103700_00160.jpg,datasets_cloudmask/dataset_cropped/10_Metas/13/10/20191013103700_00160.png,564.7,811,103.1,24.7,962
10/13/2019 10:38,datasets/dataset_cropped/10_Metas/13/10/20191013103800_00160.jpg,datasets_flow/dataset_cropped/10_Metas/13/10/20191013103800_00160.jpg,datasets_cloudmask/dataset_cropped/10_Metas/13/10/20191013103800_00160.png,567.7,814,103.1,24.9,962
10/13/2019 10:39,datasets/dataset_cropped/10_Metas/13/10/20191013103900_00160.jpg,datasets_flow/dataset_cropped/10_Metas/13/10/20191013103900_00160.jpg,datasets_cloudmask/dataset_cropped/10_Metas/13/10/20191013103900_00160.png,569.5,815,102.9,25,962
10/13/2019 10:40,datasets/dataset_cropped/10_Metas/13/10/20191013104000_00160.jpg,datasets_flow/dataset_cropped/10_Metas/13/10/20191013104000_00160.jpg,datasets_cloudmask/dataset_cropped/10_Metas/13/10/20191013104000_00160.png,571.6,816,102.7,24.7,962
10/13/2019 10:41,datasets/dataset_cropped/10_Metas/13/10/20191013104100_00160.jpg,datasets_flow/dataset_cropped/10_Metas/13/10/20191013104100_00160.jpg,datasets_cloudmask/dataset_cropped/10_Metas/13/10/20191013104100_00160.png,574.2,817,102.8,24.4,962
10/13/2019 10:42,datasets/dataset_cropped/10_Metas/13/10/20191013104200_00160.jpg,datasets_flow/dataset_cropped/10_Metas/13/10/20191013104200_00160.jpg,datasets_cloudmask/dataset_cropped/10_Metas/13/10/20191013104200_00160.png,575.5,817,102.8,24.6,962
10/13/2019 10:43,datasets/dataset_cropped/10_Metas/13/10/20191013104300_00160.jpg,datasets_flow/dataset_cropped/10_Metas/13/10/20191013104300_00160.jpg,datasets_cloudmask/dataset_cropped/10_Metas/13/10/20191013104300_00160.png,577.9,817,103,24.9,962
10/13/2019 10:44,datasets/dataset_cropped/10_Metas/13/10/20191013104400_00160.jpg,datasets_flow/dataset_cropped/10_Metas/13/10/20191013104400_00160.jpg,datasets_cloudmask/dataset_cropped/10_Metas/13/10/20191013104400_00160.png,579.4,816,103.9,25.2,962
10/13/2019 10:45,datasets/dataset_cropped/10_Metas/13/10/20191013104500_00160.jpg,datasets_flow/dataset_cropped/10_Metas/13/10/20191013104500_00160.jpg,datasets_cloudmask/dataset_cropped/10_Metas/13/10/20191013104500_00160.png,582.8,819,103.5,25.3,962
10/13/2019 10:46,datasets/dataset_cropped/10_Metas/13/10/20191013104600_00160.jpg,datasets_flow/dataset_cropped/10_Metas/13/10/20191013104600_00160.jpg,datasets_cloudmask/dataset_cropped/10_Metas/13/10/20191013104600_00160.png,583.7,818,103.6,25.2,962
10/13/2019 10:47,datasets/dataset_cropped/10_Metas/13/10/20191013104700_00160.jpg,datasets_flow/dataset_cropped/10_Metas/13/10/20191013104700_00160.jpg,datasets_cloudmask/dataset_cropped/10_Metas/13/10/20191013104700_00160.png,586.4,820,103.9,25.1,962
10/13/2019 10:48,datasets/dataset_cropped/10_Metas/13/10/20191013104800_00160.jpg,datasets_flow/dataset_cropped/10_Metas/13/10/20191013104800_00160.jpg,datasets_cloudmask/dataset_cropped/10_Metas/13/10/20191013104800_00160.png,589.7,822,103.8,25,962
10/13/2019 10:49,datasets/dataset_cropped/10_Metas/13/10/20191013104900_00160.jpg,datasets_flow/dataset_cropped/10_Metas/13/10/20191013104900_00160.jpg,datasets_cloudmask/dataset_cropped/10_Metas/13/10/20191013104900_00160.png,592.5,824,104.2,25.2,962
10/13/2019 10:50,datasets/dataset_cropped/10_Metas/13/10/20191013105000_00160.jpg,datasets_flow/dataset_cropped/10_Metas/13/10/20191013105000_00160.jpg,datasets_cloudmask/dataset_cropped/10_Metas/13/10/20191013105000_00160.png,595.2,826,104.3,25.2,962
10/13/2019 10:51,datasets/dataset_cropped/10_Metas/13/10/20191013105100_00160.jpg,datasets_flow/dataset_cropped/10_Metas/13/10/20191013105100_00160.jpg,datasets_cloudmask/dataset_cropped/10_Metas/13/10/20191013105100_00160.png,597,827,104.1,25.2,962
10/13/2019 10:52,datasets/dataset_cropped/10_Metas/13/10/20191013105200_00160.jpg,datasets_flow/dataset_cropped/10_Metas/13/10/20191013105200_00160.jpg,datasets_cloudmask/dataset_cropped/10_Metas/13/10/20191013105200_00160.png,598.4,826,104.2,25.1,962
10/13/2019 10:53,datasets/dataset_cropped/10_Metas/13/10/20191013105300_00160.jpg,datasets_flow/dataset_cropped/10_Metas/13/10/20191013105300_00160.jpg,datasets_cloudmask/dataset_cropped/10_Metas/13/10/20191013105300_00160.png,600.5,827,104.2,25.1,962
10/13/2019 10:54,datasets/dataset_cropped/10_Metas/13/10/20191013105400_00160.jpg,datasets_flow/dataset_cropped/10_Metas/13/10/20191013105400_00160.jpg,datasets_cloudmask/dataset_cropped/10_Metas/13/10/20191013105400_00160.png,603,829,104.2,25.1,962
10/13/2019 10:55,datasets/dataset_cropped/10_Metas/13/10/20191013105500_00160.jpg,datasets_flow/dataset_cropped/10_Metas/13/10/20191013105500_00160.jpg,datasets_cloudmask/dataset_cropped/10_Metas/13/10/20191013105500_00160.png,605.4,830,104.4,25,962
10/13/2019 10:56,datasets/dataset_cropped/10_Metas/13/10/20191013105600_00160.jpg,datasets_flow/dataset_cropped/10_Metas/13/10/20191013105600_00160.jpg,datasets_cloudmask/dataset_cropped/10_Metas/13/10/20191013105600_00160.png,607.5,830,104.7,24.9,962
10/13/2019 10:57,datasets/dataset_cropped/10_Metas/13/10/20191013105700_00160.jpg,datasets_flow/dataset_cropped/10_Metas/13/10/20191013105700_00160.jpg,datasets_cloudmask/dataset_cropped/10_Metas/13/10/20191013105700_00160.png,610,831,105.5,24.9,962
10/13/2019 10:58,datasets/dataset_cropped/10_Metas/13/10/20191013105800_00160.jpg,datasets_flow/dataset_cropped/10_Metas/13/10/20191013105800_00160.jpg,datasets_cloudmask/dataset_cropped/10_Metas/13/10/20191013105800_00160.png,611.2,831,105.2,24.8,962
10/13/2019 10:59,datasets/dataset_cropped/10_Metas/13/10/20191013105900_00160.jpg,datasets_flow/dataset_cropped/10_Metas/13/10/20191013105900_00160.jpg,datasets_cloudmask/dataset_cropped/10_Metas/13/10/20191013105900_00160.png,613.7,833,105.4,24.8,962
10/13/2019 11:00,datasets/dataset_cropped/10_Metas/13/11/20191013110000_00160.jpg,datasets_flow/dataset_cropped/10_Metas/13/11/20191013110000_00160.jpg,datasets_cloudmask/dataset_cropped/10_Metas/13/11/20191013110000_00160.png,614.7,832,105.3,24.7,962
10/13/2019 11:01,datasets/dataset_cropped/10_Metas/13/11/20191013110100_00160.jpg,datasets_flow/dataset_cropped/10_Metas/13/11/20191013110100_00160.jpg,datasets_cloudmask/dataset_cropped/10_Metas/13/11/20191013110100_00160.png,617.2,834,105.5,24.8,962
10/13/2019 11:02,datasets/dataset_cropped/10_Metas/13/11/20191013110200_00160.jpg,datasets_flow/dataset_cropped/10_Metas/13/11/20191013110200_00160.jpg,datasets_cloudmask/dataset_cropped/10_Metas/13/11/20191013110200_00160.png,619.5,836,105.2,24.9,962
10/13/2019 11:03,datasets/dataset_cropped/10_Metas/13/11/20191013110300_00160.jpg,datasets_flow/dataset_cropped/10_Metas/13/11/20191013110300_00160.jpg,datasets_cloudmask/dataset_cropped/10_Metas/13/11/20191013110300_00160.png,620.8,835,105.1,25.1,962
10/13/2019 11:04,datasets/dataset_cropped/10_Metas/13/11/20191013110400_00160.jpg,datasets_flow/dataset_cropped/10_Metas/13/11/20191013110400_00160.jpg,datasets_cloudmask/dataset_cropped/10_Metas/13/11/20191013110400_00160.png,621.1,833,105.3,25,962
10/13/2019 11:05,datasets/dataset_cropped/10_Metas/13/11/20191013110500_00160.jpg,datasets_flow/dataset_cropped/10_Metas/13/11/20191013110500_00160.jpg,datasets_cloudmask/dataset_cropped/10_Metas/13/11/20191013110500_00160.png,619.7,828,105.4,25.1,962
10/13/2019 11:06,datasets/dataset_cropped/10_Metas/13/11/20191013110600_00160.jpg,datasets_flow/dataset_cropped/10_Metas/13/11/20191013110600_00160.jpg,datasets_cloudmask/dataset_cropped/10_Metas/13/11/20191013110600_00160.png,623.2,831,105.5,24.9,962
10/13/2019 11:07,datasets/dataset_cropped/10_Metas/13/11/20191013110700_00160.jpg,datasets_flow/dataset_cropped/10_Metas/13/11/20191013110700_00160.jpg,datasets_cloudmask/dataset_cropped/10_Metas/13/11/20191013110700_00160.png,627.5,836,105.9,25.1,962
10/13/2019 11:08,datasets/dataset_cropped/10_Metas/13/11/20191013110800_00160.jpg,datasets_flow/dataset_cropped/10_Metas/13/11/20191013110800_00160.jpg,datasets_cloudmask/dataset_cropped/10_Metas/13/11/20191013110800_00160.png,631.1,839,105.7,25.1,962
10/13/2019 11:09,datasets/dataset_cropped/10_Metas/13/11/20191013110900_00160.jpg,datasets_flow/dataset_cropped/10_Metas/13/11/20191013110900_00160.jpg,datasets_cloudmask/dataset_cropped/10_Metas/13/11/20191013110900_00160.png,633,839,106,25.3,962
10/13/2019 11:10,datasets/dataset_cropped/10_Metas/13/11/20191013111000_00160.jpg,datasets_flow/dataset_cropped/10_Metas/13/11/20191013111000_00160.jpg,datasets_cloudmask/dataset_cropped/10_Metas/13/11/20191013111000_00160.png,634.5,839,106.5,25.3,962
10/13/2019 11:11,datasets/dataset_cropped/10_Metas/13/11/20191013111100_00160.jpg,datasets_flow/dataset_cropped/10_Metas/13/11/20191013111100_00160.jpg,datasets_cloudmask/dataset_cropped/10_Metas/13/11/20191013111100_00160.png,635.1,838,106.9,25.3,962
10/13/2019 11:12,datasets/dataset_cropped/10_Metas/13/11/20191013111200_00160.jpg,datasets_flow/dataset_cropped/10_Metas/13/11/20191013111200_00160.jpg,datasets_cloudmask/dataset_cropped/10_Metas/13/11/20191013111200_00160.png,636.1,838,107,25.1,962
10/13/2019 11:13,datasets/dataset_cropped/10_Metas/13/11/20191013111300_00160.jpg,datasets_flow/dataset_cropped/10_Metas/13/11/20191013111300_00160.jpg,datasets_cloudmask/dataset_cropped/10_Metas/13/11/20191013111300_00160.png,639.6,841,107.2,25.1,962
10/13/2019 11:14,datasets/dataset_cropped/10_Metas/13/11/20191013111400_00160.jpg,datasets_flow/dataset_cropped/10_Metas/13/11/20191013111400_00160.jpg,datasets_cloudmask/dataset_cropped/10_Metas/13/11/20191013111400_00160.png,640.4,839,107.5,25,962
10/13/2019 11:15,datasets/dataset_cropped/10_Metas/13/11/20191013111500_00160.jpg,datasets_flow/dataset_cropped/10_Metas/13/11/20191013111500_00160.jpg,datasets_cloudmask/dataset_cropped/10_Metas/13/11/20191013111500_00160.png,642.7,840,107.8,25.1,962
10/13/2019 11:16,datasets/dataset_cropped/10_Metas/13/11/20191013111600_00160.jpg,datasets_flow/dataset_cropped/10_Metas/13/11/20191013111600_00160.jpg,datasets_cloudmask/dataset_cropped/10_Metas/13/11/20191013111600_00160.png,642.4,837,107.8,25.3,962
10/13/2019 11:17,datasets/dataset_cropped/10_Metas/13/11/20191013111700_00160.jpg,datasets_flow/dataset_cropped/10_Metas/13/11/20191013111700_00160.jpg,datasets_cloudmask/dataset_cropped/10_Metas/13/11/20191013111700_00160.png,643.7,836,108.2,25.4,962
10/13/2019 11:18,datasets/dataset_cropped/10_Metas/13/11/20191013111800_00160.jpg,datasets_flow/dataset_cropped/10_Metas/13/11/20191013111800_00160.jpg,datasets_cloudmask/dataset_cropped/10_Metas/13/11/20191013111800_00160.png,644.5,835,108.8,25.4,962
10/13/2019 11:19,datasets/dataset_cropped/10_Metas/13/11/20191013111900_00160.jpg,datasets_flow/dataset_cropped/10_Metas/13/11/20191013111900_00160.jpg,datasets_cloudmask/dataset_cropped/10_Metas/13/11/20191013111900_00160.png,646.3,835,109.1,25.2,962
10/13/2019 11:20,datasets/dataset_cropped/10_Metas/13/11/20191013112000_00160.jpg,datasets_flow/dataset_cropped/10_Metas/13/11/20191013112000_00160.jpg,datasets_cloudmask/dataset_cropped/10_Metas/13/11/20191013112000_00160.png,647.7,835,109.3,25.2,962
10/13/2019 11:21,datasets/dataset_cropped/10_Metas/13/11/20191013112100_00160.jpg,datasets_flow/dataset_cropped/10_Metas/13/11/20191013112100_00160.jpg,datasets_cloudmask/dataset_cropped/10_Metas/13/11/20191013112100_00160.png,652,840,109.5,25.4,962
10/13/2019 11:22,datasets/dataset_cropped/10_Metas/13/11/20191013112200_00160.jpg,datasets_flow/dataset_cropped/10_Metas/13/11/20191013112200_00160.jpg,datasets_cloudmask/dataset_cropped/10_Metas/13/11/20191013112200_00160.png,652.1,838,110.3,25.5,962
10/13/2019 11:23,datasets/dataset_cropped/10_Metas/13/11/20191013112300_00160.jpg,datasets_flow/dataset_cropped/10_Metas/13/11/20191013112300_00160.jpg,datasets_cloudmask/dataset_cropped/10_Metas/13/11/20191013112300_00160.png,655.2,842,110.4,25.4,962
10/13/2019 11:24,datasets/dataset_cropped/10_Metas/13/11/20191013112400_00160.jpg,datasets_flow/dataset_cropped/10_Metas/13/11/20191013112400_00160.jpg,datasets_cloudmask/dataset_cropped/10_Metas/13/11/20191013112400_00160.png,657.1,843,110.3,25.2,962
10/13/2019 11:25,datasets/dataset_cropped/10_Metas/13/11/20191013112500_00160.jpg,datasets_flow/dataset_cropped/10_Metas/13/11/20191013112500_00160.jpg,datasets_cloudmask/dataset_cropped/10_Metas/13/11/20191013112500_00160.png,657.7,842,110,25.1,962
10/13/2019 11:26,datasets/dataset_cropped/10_Metas/13/11/20191013112600_00160.jpg,datasets_flow/dataset_cropped/10_Metas/13/11/20191013112600_00160.jpg,datasets_cloudmask/dataset_cropped/10_Metas/13/11/20191013112600_00160.png,657.5,840,110.4,25.3,962
10/13/2019 11:27,datasets/dataset_cropped/10_Metas/13/11/20191013112700_00160.jpg,datasets_flow/dataset_cropped/10_Metas/13/11/20191013112700_00160.jpg,datasets_cloudmask/dataset_cropped/10_Metas/13/11/20191013112700_00160.png,661.3,844,110,25.6,962
10/13/2019 11:28,datasets/dataset_cropped/10_Metas/13/11/20191013112800_00160.jpg,datasets_flow/dataset_cropped/10_Metas/13/11/20191013112800_00160.jpg,datasets_cloudmask/dataset_cropped/10_Metas/13/11/20191013112800_00160.png,661.8,842,109.9,25.6,962
10/13/2019 11:29,datasets/dataset_cropped/10_Metas/13/11/20191013112900_00160.jpg,datasets_flow/dataset_cropped/10_Metas/13/11/20191013112900_00160.jpg,datasets_cloudmask/dataset_cropped/10_Metas/13/11/20191013112900_00160.png,663.1,842,109.9,25.7,962
10/13/2019 11:30,datasets/dataset_cropped/10_Metas/13/11/20191013113000_00160.jpg,datasets_flow/dataset_cropped/10_Metas/13/11/20191013113000_00160.jpg,datasets_cloudmask/dataset_cropped/10_Metas/13/11/20191013113000_00160.png,665.5,844,110.1,25.7,962
10/13/2019 11:31,datasets/dataset_cropped/10_Metas/13/11/20191013113100_00160.jpg,datasets_flow/dataset_cropped/10_Metas/13/11/20191013113100_00160.jpg,datasets_cloudmask/dataset_cropped/10_Metas/13/11/20191013113100_00160.png,668.3,847,109.9,25.6,962
10/13/2019 11:32,datasets/dataset_cropped/10_Metas/13/11/20191013113200_00160.jpg,datasets_flow/dataset_cropped/10_Metas/13/11/20191013113200_00160.jpg,datasets_cloudmask/dataset_cropped/10_Metas/13/11/20191013113200_00160.png,669.2,847,109.5,25.3,962
10/13/2019 11:33,datasets/dataset_cropped/10_Metas/13/11/20191013113300_00160.jpg,datasets_flow/dataset_cropped/10_Metas/13/11/20191013113300_00160.jpg,datasets_cloudmask/dataset_cropped/10_Metas/13/11/20191013113300_00160.png,673.6,851,109.8,25.3,962
10/13/2019 11:34,datasets/dataset_cropped/10_Metas/13/11/20191013113400_00160.jpg,datasets_flow/dataset_cropped/10_Metas/13/11/20191013113400_00160.jpg,datasets_cloudmask/dataset_cropped/10_Metas/13/11/20191013113400_00160.png,672.8,849,109.4,25.4,962
10/13/2019 11:35,datasets/dataset_cropped/10_Metas/13/11/20191013113500_00160.jpg,datasets_flow/dataset_cropped/10_Metas/13/11/20191013113500_00160.jpg,datasets_cloudmask/dataset_cropped/10_Metas/13/11/20191013113500_00160.png,674.9,850,109.2,25.6,962
10/13/2019 11:36,datasets/dataset_cropped/10_Metas/13/11/20191013113600_00160.jpg,datasets_flow/dataset_cropped/10_Metas/13/11/20191013113600_00160.jpg,datasets_cloudmask/dataset_cropped/10_Metas/13/11/20191013113600_00160.png,678.3,854,109.4,25.8,962
10/13/2019 11:37,datasets/dataset_cropped/10_Metas/13/11/20191013113700_00160.jpg,datasets_flow/dataset_cropped/10_Metas/13/11/20191013113700_00160.jpg,datasets_cloudmask/dataset_cropped/10_Metas/13/11/20191013113700_00160.png,679.4,853,109.5,25.7,962
10/13/2019 11:38,datasets/dataset_cropped/10_Metas/13/11/20191013113800_00160.jpg,datasets_flow/dataset_cropped/10_Metas/13/11/20191013113800_00160.jpg,datasets_cloudmask/dataset_cropped/10_Metas/13/11/20191013113800_00160.png,680,853,109.7,25.6,962
10/13/2019 11:39,datasets/dataset_cropped/10_Metas/13/11/20191013113900_00160.jpg,datasets_flow/dataset_cropped/10_Metas/13/11/20191013113900_00160.jpg,datasets_cloudmask/dataset_cropped/10_Metas/13/11/20191013113900_00160.png,681,853,109.9,25.4,962
10/13/2019 11:40,datasets/dataset_cropped/10_Metas/13/11/20191013114000_00160.jpg,datasets_flow/dataset_cropped/10_Metas/13/11/20191013114000_00160.jpg,datasets_cloudmask/dataset_cropped/10_Metas/13/11/20191013114000_00160.png,681.3,852,109.9,25.3,962
10/13/2019 11:41,datasets/dataset_cropped/10_Metas/13/11/20191013114100_00160.jpg,datasets_flow/dataset_cropped/10_Metas/13/11/20191013114100_00160.jpg,datasets_cloudmask/dataset_cropped/10_Metas/13/11/20191013114100_00160.png,682.9,854,110.1,25.4,962
10/13/2019 11:42,datasets/dataset_cropped/10_Metas/13/11/20191013114200_00160.jpg,datasets_flow/dataset_cropped/10_Metas/13/11/20191013114200_00160.jpg,datasets_cloudmask/dataset_cropped/10_Metas/13/11/20191013114200_00160.png,685.2,856,110.5,25.7,962
10/13/2019 11:43,datasets/dataset_cropped/10_Metas/13/11/20191013114300_00160.jpg,datasets_flow/dataset_cropped/10_Metas/13/11/20191013114300_00160.jpg,datasets_cloudmask/dataset_cropped/10_Metas/13/11/20191013114300_00160.png,685,854,110.5,25.8,962
10/13/2019 11:44,datasets/dataset_cropped/10_Metas/13/11/20191013114400_00160.jpg,datasets_flow/dataset_cropped/10_Metas/13/11/20191013114400_00160.jpg,datasets_cloudmask/dataset_cropped/10_Metas/13/11/20191013114400_00160.png,685.7,853,110.8,25.8,962
10/13/2019 11:45,datasets/dataset_cropped/10_Metas/13/11/20191013114500_00160.jpg,datasets_flow/dataset_cropped/10_Metas/13/11/20191013114500_00160.jpg,datasets_cloudmask/dataset_cropped/10_Metas/13/11/20191013114500_00160.png,688,855,111.2,26,962
10/13/2019 11:46,datasets/dataset_cropped/10_Metas/13/11/20191013114600_00160.jpg,datasets_flow/dataset_cropped/10_Metas/13/11/20191013114600_00160.jpg,datasets_cloudmask/dataset_cropped/10_Metas/13/11/20191013114600_00160.png,688,854,111.1,25.9,962
10/13/2019 11:47,datasets/dataset_cropped/10_Metas/13/11/20191013114700_00160.jpg,datasets_flow/dataset_cropped/10_Metas/13/11/20191013114700_00160.jpg,datasets_cloudmask/dataset_cropped/10_Metas/13/11/20191013114700_00160.png,689.3,854,111.2,25.8,962
10/13/2019 11:48,datasets/dataset_cropped/10_Metas/13/11/20191013114800_00160.jpg,datasets_flow/dataset_cropped/10_Metas/13/11/20191013114800_00160.jpg,datasets_cloudmask/dataset_cropped/10_Metas/13/11/20191013114800_00160.png,689.9,853,111.3,25.6,962
10/13/2019 11:49,datasets/dataset_cropped/10_Metas/13/11/20191013114900_00160.jpg,datasets_flow/dataset_cropped/10_Metas/13/11/20191013114900_00160.jpg,datasets_cloudmask/dataset_cropped/10_Metas/13/11/20191013114900_00160.png,690.4,853,111.5,25.5,962
10/13/2019 11:50,datasets/dataset_cropped/10_Metas/13/11/20191013115000_00160.jpg,datasets_flow/dataset_cropped/10_Metas/13/11/20191013115000_00160.jpg,datasets_cloudmask/dataset_cropped/10_Metas/13/11/20191013115000_00160.png,692.3,854,111.6,25.6,962
10/13/2019 11:51,datasets/dataset_cropped/10_Metas/13/11/20191013115100_00160.jpg,datasets_flow/dataset_cropped/10_Metas/13/11/20191013115100_00160.jpg,datasets_cloudmask/dataset_cropped/10_Metas/13/11/20191013115100_00160.png,693.5,854,111.9,25.9,962
10/13/2019 11:52,datasets/dataset_cropped/10_Metas/13/11/20191013115200_00160.jpg,datasets_flow/dataset_cropped/10_Metas/13/11/20191013115200_00160.jpg,datasets_cloudmask/dataset_cropped/10_Metas/13/11/20191013115200_00160.png,694.4,854,112,26,962
10/13/2019 11:53,datasets/dataset_cropped/10_Metas/13/11/20191013115300_00160.jpg,datasets_flow/dataset_cropped/10_Metas/13/11/20191013115300_00160.jpg,datasets_cloudmask/dataset_cropped/10_Metas/13/11/20191013115300_00160.png,696.6,855,112.2,25.9,962
10/13/2019 11:54,datasets/dataset_cropped/10_Metas/13/11/20191013115400_00160.jpg,datasets_flow/dataset_cropped/10_Metas/13/11/20191013115400_00160.jpg,datasets_cloudmask/dataset_cropped/10_Metas/13/11/20191013115400_00160.png,697.8,855,112.5,25.7,962
10/13/2019 11:55,datasets/dataset_cropped/10_Metas/13/11/20191013115500_00160.jpg,datasets_flow/dataset_cropped/10_Metas/13/11/20191013115500_00160.jpg,datasets_cloudmask/dataset_cropped/10_Metas/13/11/20191013115500_00160.png,697.9,854,112.6,25.9,962
10/13/2019 11:56,datasets/dataset_cropped/10_Metas/13/11/20191013115600_00160.jpg,datasets_flow/dataset_cropped/10_Metas/13/11/20191013115600_00160.jpg,datasets_cloudmask/dataset_cropped/10_Metas/13/11/20191013115600_00160.png,699.7,856,112.5,26.2,962
10/13/2019 11:57,datasets/dataset_cropped/10_Metas/13/11/20191013115700_00160.jpg,datasets_flow/dataset_cropped/10_Metas/13/11/20191013115700_00160.jpg,datasets_cloudmask/dataset_cropped/10_Metas/13/11/20191013115700_00160.png,699.4,854,112.4,26.2,962
10/13/2019 11:58,datasets/dataset_cropped/10_Metas/13/11/20191013115800_00160.jpg,datasets_flow/dataset_cropped/10_Metas/13/11/20191013115800_00160.jpg,datasets_cloudmask/dataset_cropped/10_Metas/13/11/20191013115800_00160.png,700.6,854,112.3,26.1,961
10/13/2019 11:59,datasets/dataset_cropped/10_Metas/13/11/20191013115900_00160.jpg,datasets_flow/dataset_cropped/10_Metas/13/11/20191013115900_00160.jpg,datasets_cloudmask/dataset_cropped/10_Metas/13/11/20191013115900_00160.png,701.7,855,112.4,26.2,962
10/13/2019 12:00,datasets/dataset_cropped/10_Metas/13/12/20191013120000_00160.jpg,datasets_flow/dataset_cropped/10_Metas/13/12/20191013120000_00160.jpg,datasets_cloudmask/dataset_cropped/10_Metas/13/12/20191013120000_00160.png,702.4,855,112.6,26.5,961
10/13/2019 12:01,datasets/dataset_cropped/10_Metas/13/12/20191013120100_00160.jpg,datasets_flow/dataset_cropped/10_Metas/13/12/20191013120100_00160.jpg,datasets_cloudmask/dataset_cropped/10_Metas/13/12/20191013120100_00160.png,704.1,856,112.7,26.8,961
10/13/2019 12:02,datasets/dataset_cropped/10_Metas/13/12/20191013120200_00160.jpg,datasets_flow/dataset_cropped/10_Metas/13/12/20191013120200_00160.jpg,datasets_cloudmask/dataset_cropped/10_Metas/13/12/20191013120200_00160.png,704.2,856,112.9,26.8,961
10/13/2019 12:03,datasets/dataset_cropped/10_Metas/13/12/20191013120300_00160.jpg,datasets_flow/dataset_cropped/10_Metas/13/12/20191013120300_00160.jpg,datasets_cloudmask/dataset_cropped/10_Metas/13/12/20191013120300_00160.png,705.2,856,113,27.1,962
10/13/2019 12:04,datasets/dataset_cropped/10_Metas/13/12/20191013120400_00160.jpg,datasets_flow/dataset_cropped/10_Metas/13/12/20191013120400_00160.jpg,datasets_cloudmask/dataset_cropped/10_Metas/13/12/20191013120400_00160.png,706.5,856,113.2,27.1,961
10/13/2019 12:05,datasets/dataset_cropped/10_Metas/13/12/20191013120500_00160.jpg,datasets_flow/dataset_cropped/10_Metas/13/12/20191013120500_00160.jpg,datasets_cloudmask/dataset_cropped/10_Metas/13/12/20191013120500_00160.png,707,856,113.2,27,961
10/13/2019 12:06,datasets/dataset_cropped/10_Metas/13/12/20191013120600_00160.jpg,datasets_flow/dataset_cropped/10_Metas/13/12/20191013120600_00160.jpg,datasets_cloudmask/dataset_cropped/10_Metas/13/12/20191013120600_00160.png,708,856,113.3,26.9,961
10/13/2019 12:07,datasets/dataset_cropped/10_Metas/13/12/20191013120700_00160.jpg,datasets_flow/dataset_cropped/10_Metas/13/12/20191013120700_00160.jpg,datasets_cloudmask/dataset_cropped/10_Metas/13/12/20191013120700_00160.png,710,859,113.1,26.7,961
10/13/2019 12:08,datasets/dataset_cropped/10_Metas/13/12/20191013120800_00160.jpg,datasets_flow/dataset_cropped/10_Metas/13/12/20191013120800_00160.jpg,datasets_cloudmask/dataset_cropped/10_Metas/13/12/20191013120800_00160.png,711.7,861,113.1,26.6,961
10/13/2019 12:09,datasets/dataset_cropped/10_Metas/13/12/20191013120900_00160.jpg,datasets_flow/dataset_cropped/10_Metas/13/12/20191013120900_00160.jpg,datasets_cloudmask/dataset_cropped/10_Metas/13/12/20191013120900_00160.png,712.5,862,113,26.4,961
10/13/2019 12:10,datasets/dataset_cropped/10_Metas/13/12/20191013121000_00160.jpg,datasets_flow/dataset_cropped/10_Metas/13/12/20191013121000_00160.jpg,datasets_cloudmask/dataset_cropped/10_Metas/13/12/20191013121000_00160.png,713.2,862,113.4,26.4,961
10/13/2019 12:11,datasets/dataset_cropped/10_Metas/13/12/20191013121100_00160.jpg,datasets_flow/dataset_cropped/10_Metas/13/12/20191013121100_00160.jpg,datasets_cloudmask/dataset_cropped/10_Metas/13/12/20191013121100_00160.png,713.7,861,113.4,26.6,961
10/13/2019 12:12,datasets/dataset_cropped/10_Metas/13/12/20191013121200_00160.jpg,datasets_flow/dataset_cropped/10_Metas/13/12/20191013121200_00160.jpg,datasets_cloudmask/dataset_cropped/10_Metas/13/12/20191013121200_00160.png,714.4,862,113.1,26.7,961
10/13/2019 12:13,datasets/dataset_cropped/10_Metas/13/12/20191013121300_00160.jpg,datasets_flow/dataset_cropped/10_Metas/13/12/20191013121300_00160.jpg,datasets_cloudmask/dataset_cropped/10_Metas/13/12/20191013121300_00160.png,714.8,861,113,26.8,961
10/13/2019 12:14,datasets/dataset_cropped/10_Metas/13/12/20191013121400_00160.jpg,datasets_flow/dataset_cropped/10_Metas/13/12/20191013121400_00160.jpg,datasets_cloudmask/dataset_cropped/10_Metas/13/12/20191013121400_00160.png,716.2,862,112.9,26.7,961
10/13/2019 12:15,datasets/dataset_cropped/10_Metas/13/12/20191013121500_00160.jpg,datasets_flow/dataset_cropped/10_Metas/13/12/20191013121500_00160.jpg,datasets_cloudmask/dataset_cropped/10_Metas/13/12/20191013121500_00160.png,717.2,863,113.1,26.9,961
10/13/2019 12:16,datasets/dataset_cropped/10_Metas/13/12/20191013121600_00160.jpg,datasets_flow/dataset_cropped/10_Metas/13/12/20191013121600_00160.jpg,datasets_cloudmask/dataset_cropped/10_Metas/13/12/20191013121600_00160.png,716.9,863,113,26.9,961
10/13/2019 12:17,datasets/dataset_cropped/10_Metas/13/12/20191013121700_00160.jpg,datasets_flow/dataset_cropped/10_Metas/13/12/20191013121700_00160.jpg,datasets_cloudmask/dataset_cropped/10_Metas/13/12/20191013121700_00160.png,717.7,863,113.2,26.5,961
10/13/2019 12:18,datasets/dataset_cropped/10_Metas/13/12/20191013121800_00160.jpg,datasets_flow/dataset_cropped/10_Metas/13/12/20191013121800_00160.jpg,datasets_cloudmask/dataset_cropped/10_Metas/13/12/20191013121800_00160.png,718.6,863,113.6,26.5,961
10/13/2019 12:19,datasets/dataset_cropped/10_Metas/13/12/20191013121900_00160.jpg,datasets_flow/dataset_cropped/10_Metas/13/12/20191013121900_00160.jpg,datasets_cloudmask/dataset_cropped/10_Metas/13/12/20191013121900_00160.png,718.4,862,113.3,26.5,961
10/13/2019 12:20,datasets/dataset_cropped/10_Metas/13/12/20191013122000_00160.jpg,datasets_flow/dataset_cropped/10_Metas/13/12/20191013122000_00160.jpg,datasets_cloudmask/dataset_cropped/10_Metas/13/12/20191013122000_00160.png,719.3,863,113.5,26.8,961
10/13/2019 12:21,datasets/dataset_cropped/10_Metas/13/12/20191013122100_00160.jpg,datasets_flow/dataset_cropped/10_Metas/13/12/20191013122100_00160.jpg,datasets_cloudmask/dataset_cropped/10_Metas/13/12/20191013122100_00160.png,720.3,864,113.4,26.9,961
10/13/2019 12:22,datasets/dataset_cropped/10_Metas/13/12/20191013122200_00160.jpg,datasets_flow/dataset_cropped/10_Metas/13/12/20191013122200_00160.jpg,datasets_cloudmask/dataset_cropped/10_Metas/13/12/20191013122200_00160.png,721.5,864,113,26.9,961
10/13/2019 12:23,datasets/dataset_cropped/10_Metas/13/12/20191013122300_00160.jpg,datasets_flow/dataset_cropped/10_Metas/13/12/20191013122300_00160.jpg,datasets_cloudmask/dataset_cropped/10_Metas/13/12/20191013122300_00160.png,722.2,865,112.9,27,961
10/13/2019 12:24,datasets/dataset_cropped/10_Metas/13/12/20191013122400_00160.jpg,datasets_flow/dataset_cropped/10_Metas/13/12/20191013122400_00160.jpg,datasets_cloudmask/dataset_cropped/10_Metas/13/12/20191013122400_00160.png,723.1,865,113.3,27.3,961
10/13/2019 12:25,datasets/dataset_cropped/10_Metas/13/12/20191013122500_00160.jpg,datasets_flow/dataset_cropped/10_Metas/13/12/20191013122500_00160.jpg,datasets_cloudmask/dataset_cropped/10_Metas/13/12/20191013122500_00160.png,723.7,865,113.3,27.1,961
10/13/2019 12:26,datasets/dataset_cropped/10_Metas/13/12/20191013122600_00160.jpg,datasets_flow/dataset_cropped/10_Metas/13/12/20191013122600_00160.jpg,datasets_cloudmask/dataset_cropped/10_Metas/13/12/20191013122600_00160.png,724.2,865,113.5,26.9,961
10/13/2019 12:27,datasets/dataset_cropped/10_Metas/13/12/20191013122700_00160.jpg,datasets_flow/dataset_cropped/10_Metas/13/12/20191013122700_00160.jpg,datasets_cloudmask/dataset_cropped/10_Metas/13/12/20191013122700_00160.png,724.2,864,113.7,26.9,961
10/13/2019 12:28,datasets/dataset_cropped/10_Metas/13/12/20191013122800_00160.jpg,datasets_flow/dataset_cropped/10_Metas/13/12/20191013122800_00160.jpg,datasets_cloudmask/dataset_cropped/10_Metas/13/12/20191013122800_00160.png,724.8,864,113.8,27.1,961
10/13/2019 12:29,datasets/dataset_cropped/10_Metas/13/12/20191013122900_00160.jpg,datasets_flow/dataset_cropped/10_Metas/13/12/20191013122900_00160.jpg,datasets_cloudmask/dataset_cropped/10_Metas/13/12/20191013122900_00160.png,725.8,865,113.6,27.2,961
10/13/2019 12:30,datasets/dataset_cropped/10_Metas/13/12/20191013123000_00160.jpg,datasets_flow/dataset_cropped/10_Metas/13/12/20191013123000_00160.jpg,datasets_cloudmask/dataset_cropped/10_Metas/13/12/20191013123000_00160.png,726.6,866,113.3,27.3,961
10/13/2019 12:31,datasets/dataset_cropped/10_Metas/13/12/20191013123100_00160.jpg,datasets_flow/dataset_cropped/10_Metas/13/12/20191013123100_00160.jpg,datasets_cloudmask/dataset_cropped/10_Metas/13/12/20191013123100_00160.png,726.6,866,113.1,27.1,961
10/13/2019 12:32,datasets/dataset_cropped/10_Metas/13/12/20191013123200_00160.jpg,datasets_flow/dataset_cropped/10_Metas/13/12/20191013123200_00160.jpg,datasets_cloudmask/dataset_cropped/10_Metas/13/12/20191013123200_00160.png,726.8,865,113.3,27.1,961
10/13/2019 12:33,datasets/dataset_cropped/10_Metas/13/12/20191013123300_00160.jpg,datasets_flow/dataset_cropped/10_Metas/13/12/20191013123300_00160.jpg,datasets_cloudmask/dataset_cropped/10_Metas/13/12/20191013123300_00160.png,726.5,863,113.7,26.9,961
10/13/2019 12:34,datasets/dataset_cropped/10_Metas/13/12/20191013123400_00160.jpg,datasets_flow/dataset_cropped/10_Metas/13/12/20191013123400_00160.jpg,datasets_cloudmask/dataset_cropped/10_Metas/13/12/20191013123400_00160.png,728,865,113.9,26.9,961
10/13/2019 12:35,datasets/dataset_cropped/10_Metas/13/12/20191013123500_00160.jpg,datasets_flow/dataset_cropped/10_Metas/13/12/20191013123500_00160.jpg,datasets_cloudmask/dataset_cropped/10_Metas/13/12/20191013123500_00160.png,727.5,864,114,26.8,961
10/13/2019 12:36,datasets/dataset_cropped/10_Metas/13/12/20191013123600_00160.jpg,datasets_flow/dataset_cropped/10_Metas/13/12/20191013123600_00160.jpg,datasets_cloudmask/dataset_cropped/10_Metas/13/12/20191013123600_00160.png,726.8,864,113.9,26.7,961
10/13/2019 12:37,datasets/dataset_cropped/10_Metas/13/12/20191013123700_00160.jpg,datasets_flow/dataset_cropped/10_Metas/13/12/20191013123700_00160.jpg,datasets_cloudmask/dataset_cropped/10_Metas/13/12/20191013123700_00160.png,726.1,863,113.8,26.7,961
10/13/2019 12:38,datasets/dataset_cropped/10_Metas/13/12/20191013123800_00160.jpg,datasets_flow/dataset_cropped/10_Metas/13/12/20191013123800_00160.jpg,datasets_cloudmask/dataset_cropped/10_Metas/13/12/20191013123800_00160.png,727.8,865,113.8,26.6,961
10/13/2019 12:39,datasets/dataset_cropped/10_Metas/13/12/20191013123900_00160.jpg,datasets_flow/dataset_cropped/10_Metas/13/12/20191013123900_00160.jpg,datasets_cloudmask/dataset_cropped/10_Metas/13/12/20191013123900_00160.png,728.7,865,113.9,26.6,961
10/13/2019 12:40,datasets/dataset_cropped/10_Metas/13/12/20191013124000_00160.jpg,datasets_flow/dataset_cropped/10_Metas/13/12/20191013124000_00160.jpg,datasets_cloudmask/dataset_cropped/10_Metas/13/12/20191013124000_00160.png,729.8,866,114.6,26.7,961
10/13/2019 12:41,datasets/dataset_cropped/10_Metas/13/12/20191013124100_00160.jpg,datasets_flow/dataset_cropped/10_Metas/13/12/20191013124100_00160.jpg,datasets_cloudmask/dataset_cropped/10_Metas/13/12/20191013124100_00160.png,730.4,866,115,26.8,961
10/13/2019 12:42,datasets/dataset_cropped/10_Metas/13/12/20191013124200_00160.jpg,datasets_flow/dataset_cropped/10_Metas/13/12/20191013124200_00160.jpg,datasets_cloudmask/dataset_cropped/10_Metas/13/12/20191013124200_00160.png,731.1,868,114.8,27,961
10/13/2019 12:43,datasets/dataset_cropped/10_Metas/13/12/20191013124300_00160.jpg,datasets_flow/dataset_cropped/10_Metas/13/12/20191013124300_00160.jpg,datasets_cloudmask/dataset_cropped/10_Metas/13/12/20191013124300_00160.png,729.8,865,114.4,27.1,961
10/13/2019 12:44,datasets/dataset_cropped/10_Metas/13/12/20191013124400_00160.jpg,datasets_flow/dataset_cropped/10_Metas/13/12/20191013124400_00160.jpg,datasets_cloudmask/dataset_cropped/10_Metas/13/12/20191013124400_00160.png,730,864,114.4,27.1,961
10/13/2019 12:45,datasets/dataset_cropped/10_Metas/13/12/20191013124500_00160.jpg,datasets_flow/dataset_cropped/10_Metas/13/12/20191013124500_00160.jpg,datasets_cloudmask/dataset_cropped/10_Metas/13/12/20191013124500_00160.png,731.5,866,114.3,27.1,961
10/13/2019 12:46,datasets/dataset_cropped/10_Metas/13/12/20191013124600_00160.jpg,datasets_flow/dataset_cropped/10_Metas/13/12/20191013124600_00160.jpg,datasets_cloudmask/dataset_cropped/10_Metas/13/12/20191013124600_00160.png,731.3,866,114.5,27,961
10/13/2019 12:47,datasets/dataset_cropped/10_Metas/13/12/20191013124700_00160.jpg,datasets_flow/dataset_cropped/10_Metas/13/12/20191013124700_00160.jpg,datasets_cloudmask/dataset_cropped/10_Metas/13/12/20191013124700_00160.png,731.9,866,114.3,27.2,961
10/13/2019 12:48,datasets/dataset_cropped/10_Metas/13/12/20191013124800_00160.jpg,datasets_flow/dataset_cropped/10_Metas/13/12/20191013124800_00160.jpg,datasets_cloudmask/dataset_cropped/10_Metas/13/12/20191013124800_00160.png,732.9,868,114.3,27.4,961
10/13/2019 12:49,datasets/dataset_cropped/10_Metas/13/12/20191013124900_00160.jpg,datasets_flow/dataset_cropped/10_Metas/13/12/20191013124900_00160.jpg,datasets_cloudmask/dataset_cropped/10_Metas/13/12/20191013124900_00160.png,733.1,868,114.5,27.5,961
10/13/2019 12:50,datasets/dataset_cropped/10_Metas/13/12/20191013125000_00160.jpg,datasets_flow/dataset_cropped/10_Metas/13/12/20191013125000_00160.jpg,datasets_cloudmask/dataset_cropped/10_Metas/13/12/20191013125000_00160.png,731.2,865,114.3,27.7,961
10/13/2019 12:51,datasets/dataset_cropped/10_Metas/13/12/20191013125100_00160.jpg,datasets_flow/dataset_cropped/10_Metas/13/12/20191013125100_00160.jpg,datasets_cloudmask/dataset_cropped/10_Metas/13/12/20191013125100_00160.png,728.9,862,114.4,27.7,961
10/13/2019 12:52,datasets/dataset_cropped/10_Metas/13/12/20191013125200_00160.jpg,datasets_flow/dataset_cropped/10_Metas/13/12/20191013125200_00160.jpg,datasets_cloudmask/dataset_cropped/10_Metas/13/12/20191013125200_00160.png,729,861,114.9,27.7,961
10/13/2019 12:53,datasets/dataset_cropped/10_Metas/13/12/20191013125300_00160.jpg,datasets_flow/dataset_cropped/10_Metas/13/12/20191013125300_00160.jpg,datasets_cloudmask/dataset_cropped/10_Metas/13/12/20191013125300_00160.png,728.9,861,114.9,27.6,961
10/13/2019 12:54,datasets/dataset_cropped/10_Metas/13/12/20191013125400_00160.jpg,datasets_flow/dataset_cropped/10_Metas/13/12/20191013125400_00160.jpg,datasets_cloudmask/dataset_cropped/10_Metas/13/12/20191013125400_00160.png,728.3,859,114.7,27.5,961
10/13/2019 12:55,datasets/dataset_cropped/10_Metas/13/12/20191013125500_00160.jpg,datasets_flow/dataset_cropped/10_Metas/13/12/20191013125500_00160.jpg,datasets_cloudmask/dataset_cropped/10_Metas/13/12/20191013125500_00160.png,729.9,861,114.5,27.4,961
10/13/2019 12:56,datasets/dataset_cropped/10_Metas/13/12/20191013125600_00160.jpg,datasets_flow/dataset_cropped/10_Metas/13/12/20191013125600_00160.jpg,datasets_cloudmask/dataset_cropped/10_Metas/13/12/20191013125600_00160.png,729.5,860,114.6,27.3,961
10/13/2019 12:57,datasets/dataset_cropped/10_Metas/13/12/20191013125700_00160.jpg,datasets_flow/dataset_cropped/10_Metas/13/12/20191013125700_00160.jpg,datasets_cloudmask/dataset_cropped/10_Metas/13/12/20191013125700_00160.png,729.8,861,114.9,27.3,961
10/13/2019 12:58,datasets/dataset_cropped/10_Metas/13/12/20191013125800_00160.jpg,datasets_flow/dataset_cropped/10_Metas/13/12/20191013125800_00160.jpg,datasets_cloudmask/dataset_cropped/10_Metas/13/12/20191013125800_00160.png,730.5,863,115.1,27.4,961
10/13/2019 12:59,datasets/dataset_cropped/10_Metas/13/12/20191013125900_00160.jpg,datasets_flow/dataset_cropped/10_Metas/13/12/20191013125900_00160.jpg,datasets_cloudmask/dataset_cropped/10_Metas/13/12/20191013125900_00160.png,730.6,864,114.4,27.6,961
10/13/2019 13:00,datasets/dataset_cropped/10_Metas/13/13/20191013130000_00160.jpg,datasets_flow/dataset_cropped/10_Metas/13/13/20191013130000_00160.jpg,datasets_cloudmask/dataset_cropped/10_Metas/13/13/20191013130000_00160.png,731.1,865,114.4,27.9,961
10/13/2019 13:01,datasets/dataset_cropped/10_Metas/13/13/20191013130100_00160.jpg,datasets_flow/dataset_cropped/10_Metas/13/13/20191013130100_00160.jpg,datasets_cloudmask/dataset_cropped/10_Metas/13/13/20191013130100_00160.png,730.6,864,114.5,27.8,961
10/13/2019 13:02,datasets/dataset_cropped/10_Metas/13/13/20191013130200_00160.jpg,datasets_flow/dataset_cropped/10_Metas/13/13/20191013130200_00160.jpg,datasets_cloudmask/dataset_cropped/10_Metas/13/13/20191013130200_00160.png,730.5,863,114.8,27.7,961
10/13/2019 13:03,datasets/dataset_cropped/10_Metas/13/13/20191013130300_00160.jpg,datasets_flow/dataset_cropped/10_Metas/13/13/20191013130300_00160.jpg,datasets_cloudmask/dataset_cropped/10_Metas/13/13/20191013130300_00160.png,731.2,851,115.1,27.7,961
10/13/2019 13:04,datasets/dataset_cropped/10_Metas/13/13/20191013130400_00160.jpg,datasets_flow/dataset_cropped/10_Metas/13/13/20191013130400_00160.jpg,datasets_cloudmask/dataset_cropped/10_Metas/13/13/20191013130400_00160.png,730.8,849,114.9,27.6,961
10/13/2019 13:05,datasets/dataset_cropped/10_Metas/13/13/20191013130500_00160.jpg,datasets_flow/dataset_cropped/10_Metas/13/13/20191013130500_00160.jpg,datasets_cloudmask/dataset_cropped/10_Metas/13/13/20191013130500_00160.png,731.1,846,114.7,27.5,961
10/13/2019 13:06,datasets/dataset_cropped/10_Metas/13/13/20191013130600_00160.jpg,datasets_flow/dataset_cropped/10_Metas/13/13/20191013130600_00160.jpg,datasets_cloudmask/dataset_cropped/10_Metas/13/13/20191013130600_00160.png,730.6,852,114.9,27.4,961
10/13/2019 13:07,datasets/dataset_cropped/10_Metas/13/13/20191013130700_00160.jpg,datasets_flow/dataset_cropped/10_Metas/13/13/20191013130700_00160.jpg,datasets_cloudmask/dataset_cropped/10_Metas/13/13/20191013130700_00160.png,729.8,865,114.6,27.6,961
10/13/2019 13:08,datasets/dataset_cropped/10_Metas/13/13/20191013130800_00160.jpg,datasets_flow/dataset_cropped/10_Metas/13/13/20191013130800_00160.jpg,datasets_cloudmask/dataset_cropped/10_Metas/13/13/20191013130800_00160.png,730.7,867,114.4,27.6,961
10/13/2019 13:09,datasets/dataset_cropped/10_Metas/13/13/20191013130900_00160.jpg,datasets_flow/dataset_cropped/10_Metas/13/13/20191013130900_00160.jpg,datasets_cloudmask/dataset_cropped/10_Metas/13/13/20191013130900_00160.png,729.1,865,113.9,27.3,961
10/13/2019 13:10,datasets/dataset_cropped/10_Metas/13/13/20191013131000_00160.jpg,datasets_flow/dataset_cropped/10_Metas/13/13/20191013131000_00160.jpg,datasets_cloudmask/dataset_cropped/10_Metas/13/13/20191013131000_00160.png,728.7,864,113.9,27.2,961
10/13/2019 13:11,datasets/dataset_cropped/10_Metas/13/13/20191013131100_00160.jpg,datasets_flow/dataset_cropped/10_Metas/13/13/20191013131100_00160.jpg,datasets_cloudmask/dataset_cropped/10_Metas/13/13/20191013131100_00160.png,727.9,863,114.2,27.3,961
10/13/2019 13:12,datasets/dataset_cropped/10_Metas/13/13/20191013131200_00160.jpg,datasets_flow/dataset_cropped/10_Metas/13/13/20191013131200_00160.jpg,datasets_cloudmask/dataset_cropped/10_Metas/13/13/20191013131200_00160.png,726.7,862,114.3,27.6,961
10/13/2019 13:13,datasets/dataset_cropped/10_Metas/13/13/20191013131300_00160.jpg,datasets_flow/dataset_cropped/10_Metas/13/13/20191013131300_00160.jpg,datasets_cloudmask/dataset_cropped/10_Metas/13/13/20191013131300_00160.png,727.5,863,115.1,27.9,961
10/13/2019 13:14,datasets/dataset_cropped/10_Metas/13/13/20191013131400_00160.jpg,datasets_flow/dataset_cropped/10_Metas/13/13/20191013131400_00160.jpg,datasets_cloudmask/dataset_cropped/10_Metas/13/13/20191013131400_00160.png,727.6,863,115,27.9,961
10/13/2019 13:15,datasets/dataset_cropped/10_Metas/13/13/20191013131500_00160.jpg,datasets_flow/dataset_cropped/10_Metas/13/13/20191013131500_00160.jpg,datasets_cloudmask/dataset_cropped/10_Metas/13/13/20191013131500_00160.png,726.8,862,115.5,28.1,960
10/13/2019 13:16,datasets/dataset_cropped/10_Metas/13/13/20191013131600_00160.jpg,datasets_flow/dataset_cropped/10_Metas/13/13/20191013131600_00160.jpg,datasets_cloudmask/dataset_cropped/10_Metas/13/13/20191013131600_00160.png,725.5,861,115.5,28,961
10/13/2019 13:17,datasets/dataset_cropped/10_Metas/13/13/20191013131700_00160.jpg,datasets_flow/dataset_cropped/10_Metas/13/13/20191013131700_00160.jpg,datasets_cloudmask/dataset_cropped/10_Metas/13/13/20191013131700_00160.png,725.8,862,115.5,28.1,960
10/13/2019 13:18,datasets/dataset_cropped/10_Metas/13/13/20191013131800_00160.jpg,datasets_flow/dataset_cropped/10_Metas/13/13/20191013131800_00160.jpg,datasets_cloudmask/dataset_cropped/10_Metas/13/13/20191013131800_00160.png,725.9,862,115.1,27.9,960
10/13/2019 13:19,datasets/dataset_cropped/10_Metas/13/13/20191013131900_00160.jpg,datasets_flow/dataset_cropped/10_Metas/13/13/20191013131900_00160.jpg,datasets_cloudmask/dataset_cropped/10_Metas/13/13/20191013131900_00160.png,723.9,860,114.9,27.8,960
10/13/2019 13:20,datasets/dataset_cropped/10_Metas/13/13/20191013132000_00160.jpg,datasets_flow/dataset_cropped/10_Metas/13/13/20191013132000_00160.jpg,datasets_cloudmask/dataset_cropped/10_Metas/13/13/20191013132000_00160.png,723.3,858,114.8,27.8,960
10/13/2019 13:21,datasets/dataset_cropped/10_Metas/13/13/20191013132100_00160.jpg,datasets_flow/dataset_cropped/10_Metas/13/13/20191013132100_00160.jpg,datasets_cloudmask/dataset_cropped/10_Metas/13/13/20191013132100_00160.png,723.9,859,115,27.9,960
10/13/2019 13:22,datasets/dataset_cropped/10_Metas/13/13/20191013132200_00160.jpg,datasets_flow/dataset_cropped/10_Metas/13/13/20191013132200_00160.jpg,datasets_cloudmask/dataset_cropped/10_Metas/13/13/20191013132200_00160.png,722.4,857,115.1,27.9,960
10/13/2019 13:23,datasets/dataset_cropped/10_Metas/13/13/20191013132300_00160.jpg,datasets_flow/dataset_cropped/10_Metas/13/13/20191013132300_00160.jpg,datasets_cloudmask/dataset_cropped/10_Metas/13/13/20191013132300_00160.png,722.8,858,115.4,28,960
10/13/2019 13:24,datasets/dataset_cropped/10_Metas/13/13/20191013132400_00160.jpg,datasets_flow/dataset_cropped/10_Metas/13/13/20191013132400_00160.jpg,datasets_cloudmask/dataset_cropped/10_Metas/13/13/20191013132400_00160.png,722.5,859,115.4,27.9,960
10/13/2019 13:25,datasets/dataset_cropped/10_Metas/13/13/20191013132500_00160.jpg,datasets_flow/dataset_cropped/10_Metas/13/13/20191013132500_00160.jpg,datasets_cloudmask/dataset_cropped/10_Metas/13/13/20191013132500_00160.png,722.2,859,115.8,27.9,960
10/13/2019 13:26,datasets/dataset_cropped/10_Metas/13/13/20191013132600_00160.jpg,datasets_flow/dataset_cropped/10_Metas/13/13/20191013132600_00160.jpg,datasets_cloudmask/dataset_cropped/10_Metas/13/13/20191013132600_00160.png,721.6,858,115.5,28,960
10/13/2019 13:27,datasets/dataset_cropped/10_Metas/13/13/20191013132700_00160.jpg,datasets_flow/dataset_cropped/10_Metas/13/13/20191013132700_00160.jpg,datasets_cloudmask/dataset_cropped/10_Metas/13/13/20191013132700_00160.png,720.2,855,115.3,28,960
10/13/2019 13:28,datasets/dataset_cropped/10_Metas/13/13/20191013132800_00160.jpg,datasets_flow/dataset_cropped/10_Metas/13/13/20191013132800_00160.jpg,datasets_cloudmask/dataset_cropped/10_Metas/13/13/20191013132800_00160.png,718.8,853,115.7,28,960
10/13/2019 13:29,datasets/dataset_cropped/10_Metas/13/13/20191013132900_00160.jpg,datasets_flow/dataset_cropped/10_Metas/13/13/20191013132900_00160.jpg,datasets_cloudmask/dataset_cropped/10_Metas/13/13/20191013132900_00160.png,718.3,852,115.8,28.2,960
10/13/2019 13:30,datasets/dataset_cropped/10_Metas/13/13/20191013133000_00160.jpg,datasets_flow/dataset_cropped/10_Metas/13/13/20191013133000_00160.jpg,datasets_cloudmask/dataset_cropped/10_Metas/13/13/20191013133000_00160.png,718.5,854,116,28.2,960
10/13/2019 13:31,datasets/dataset_cropped/10_Metas/13/13/20191013133100_00160.jpg,datasets_flow/dataset_cropped/10_Metas/13/13/20191013133100_00160.jpg,datasets_cloudmask/dataset_cropped/10_Metas/13/13/20191013133100_00160.png,718.7,855,115.7,28.3,960
10/13/2019 13:32,datasets/dataset_cropped/10_Metas/13/13/20191013133200_00160.jpg,datasets_flow/dataset_cropped/10_Metas/13/13/20191013133200_00160.jpg,datasets_cloudmask/dataset_cropped/10_Metas/13/13/20191013133200_00160.png,718,855,115.3,28.4,960
10/13/2019 13:33,datasets/dataset_cropped/10_Metas/13/13/20191013133300_00160.jpg,datasets_flow/dataset_cropped/10_Metas/13/13/20191013133300_00160.jpg,datasets_cloudmask/dataset_cropped/10_Metas/13/13/20191013133300_00160.png,717.2,855,115.1,28.5,960
10/13/2019 13:34,datasets/dataset_cropped/10_Metas/13/13/20191013133400_00160.jpg,datasets_flow/dataset_cropped/10_Metas/13/13/20191013133400_00160.jpg,datasets_cloudmask/dataset_cropped/10_Metas/13/13/20191013133400_00160.png,716.9,856,115.1,28.4,960
10/13/2019 13:35,datasets/dataset_cropped/10_Metas/13/13/20191013133500_00160.jpg,datasets_flow/dataset_cropped/10_Metas/13/13/20191013133500_00160.jpg,datasets_cloudmask/dataset_cropped/10_Metas/13/13/20191013133500_00160.png,715.4,854,115,28.2,960
10/13/2019 13:36,datasets/dataset_cropped/10_Metas/13/13/20191013133600_00160.jpg,datasets_flow/dataset_cropped/10_Metas/13/13/20191013133600_00160.jpg,datasets_cloudmask/dataset_cropped/10_Metas/13/13/20191013133600_00160.png,713.4,851,115.7,28.1,960
10/13/2019 13:37,datasets/dataset_cropped/10_Metas/13/13/20191013133700_00160.jpg,datasets_flow/dataset_cropped/10_Metas/13/13/20191013133700_00160.jpg,datasets_cloudmask/dataset_cropped/10_Metas/13/13/20191013133700_00160.png,712.7,851,116,28,960
10/13/2019 13:38,datasets/dataset_cropped/10_Metas/13/13/20191013133800_00160.jpg,datasets_flow/dataset_cropped/10_Metas/13/13/20191013133800_00160.jpg,datasets_cloudmask/dataset_cropped/10_Metas/13/13/20191013133800_00160.png,712.5,853,115.1,28,960
10/13/2019 13:39,datasets/dataset_cropped/10_Metas/13/13/20191013133900_00160.jpg,datasets_flow/dataset_cropped/10_Metas/13/13/20191013133900_00160.jpg,datasets_cloudmask/dataset_cropped/10_Metas/13/13/20191013133900_00160.png,713.2,854,114.6,28,960
10/13/2019 13:40,datasets/dataset_cropped/10_Metas/13/13/20191013134000_00160.jpg,datasets_flow/dataset_cropped/10_Metas/13/13/20191013134000_00160.jpg,datasets_cloudmask/dataset_cropped/10_Metas/13/13/20191013134000_00160.png,711.5,852,114.5,28,960
10/13/2019 13:41,datasets/dataset_cropped/10_Metas/13/13/20191013134100_00160.jpg,datasets_flow/dataset_cropped/10_Metas/13/13/20191013134100_00160.jpg,datasets_cloudmask/dataset_cropped/10_Metas/13/13/20191013134100_00160.png,711.9,853,114,28.2,960
10/13/2019 13:42,datasets/dataset_cropped/10_Metas/13/13/20191013134200_00160.jpg,datasets_flow/dataset_cropped/10_Metas/13/13/20191013134200_00160.jpg,datasets_cloudmask/dataset_cropped/10_Metas/13/13/20191013134200_00160.png,712.5,855,114,28.6,960
10/13/2019 13:43,datasets/dataset_cropped/10_Metas/13/13/20191013134300_00160.jpg,datasets_flow/dataset_cropped/10_Metas/13/13/20191013134300_00160.jpg,datasets_cloudmask/dataset_cropped/10_Metas/13/13/20191013134300_00160.png,712.7,857,113.7,28.8,960
10/13/2019 13:44,datasets/dataset_cropped/10_Metas/13/13/20191013134400_00160.jpg,datasets_flow/dataset_cropped/10_Metas/13/13/20191013134400_00160.jpg,datasets_cloudmask/dataset_cropped/10_Metas/13/13/20191013134400_00160.png,711.2,856,114,29,960
10/13/2019 13:45,datasets/dataset_cropped/10_Metas/13/13/20191013134500_00160.jpg,datasets_flow/dataset_cropped/10_Metas/13/13/20191013134500_00160.jpg,datasets_cloudmask/dataset_cropped/10_Metas/13/13/20191013134500_00160.png,708.4,853,114,28.8,960
10/13/2019 13:46,datasets/dataset_cropped/10_Metas/13/13/20191013134600_00160.jpg,datasets_flow/dataset_cropped/10_Metas/13/13/20191013134600_00160.jpg,datasets_cloudmask/dataset_cropped/10_Metas/13/13/20191013134600_00160.png,708.6,854,114.1,28.6,960
10/13/2019 13:47,datasets/dataset_cropped/10_Metas/13/13/20191013134700_00160.jpg,datasets_flow/dataset_cropped/10_Metas/13/13/20191013134700_00160.jpg,datasets_cloudmask/dataset_cropped/10_Metas/13/13/20191013134700_00160.png,707.3,853,114.1,28.5,960
10/13/2019 13:48,datasets/dataset_cropped/10_Metas/13/13/20191013134800_00160.jpg,datasets_flow/dataset_cropped/10_Metas/13/13/20191013134800_00160.jpg,datasets_cloudmask/dataset_cropped/10_Metas/13/13/20191013134800_00160.png,706.8,853,113.9,28.4,960
10/13/2019 13:49,datasets/dataset_cropped/10_Metas/13/13/20191013134900_00160.jpg,datasets_flow/dataset_cropped/10_Metas/13/13/20191013134900_00160.jpg,datasets_cloudmask/dataset_cropped/10_Metas/13/13/20191013134900_00160.png,705.2,852,113.8,28.4,960
10/13/2019 13:50,datasets/dataset_cropped/10_Metas/13/13/20191013135000_00160.jpg,datasets_flow/dataset_cropped/10_Metas/13/13/20191013135000_00160.jpg,datasets_cloudmask/dataset_cropped/10_Metas/13/13/20191013135000_00160.png,704.3,852,114,28.4,960
10/13/2019 13:51,datasets/dataset_cropped/10_Metas/13/13/20191013135100_00160.jpg,datasets_flow/dataset_cropped/10_Metas/13/13/20191013135100_00160.jpg,datasets_cloudmask/dataset_cropped/10_Metas/13/13/20191013135100_00160.png,702.9,851,114.3,28.4,960
10/13/2019 13:52,datasets/dataset_cropped/10_Metas/13/13/20191013135200_00160.jpg,datasets_flow/dataset_cropped/10_Metas/13/13/20191013135200_00160.jpg,datasets_cloudmask/dataset_cropped/10_Metas/13/13/20191013135200_00160.png,702.3,851,114.9,28.6,960
10/13/2019 13:53,datasets/dataset_cropped/10_Metas/13/13/20191013135300_00160.jpg,datasets_flow/dataset_cropped/10_Metas/13/13/20191013135300_00160.jpg,datasets_cloudmask/dataset_cropped/10_Metas/13/13/20191013135300_00160.png,700,849,115.3,28.6,960
10/13/2019 13:54,datasets/dataset_cropped/10_Metas/13/13/20191013135400_00160.jpg,datasets_flow/dataset_cropped/10_Metas/13/13/20191013135400_00160.jpg,datasets_cloudmask/dataset_cropped/10_Metas/13/13/20191013135400_00160.png,699.6,849,115.5,28.6,960
10/13/2019 13:55,datasets/dataset_cropped/10_Metas/13/13/20191013135500_00160.jpg,datasets_flow/dataset_cropped/10_Metas/13/13/20191013135500_00160.jpg,datasets_cloudmask/dataset_cropped/10_Metas/13/13/20191013135500_00160.png,699,850,114.8,28.7,960
10/13/2019 13:56,datasets/dataset_cropped/10_Metas/13/13/20191013135600_00160.jpg,datasets_flow/dataset_cropped/10_Metas/13/13/20191013135600_00160.jpg,datasets_cloudmask/dataset_cropped/10_Metas/13/13/20191013135600_00160.png,699.2,852,114.8,28.4,960
10/13/2019 13:57,datasets/dataset_cropped/10_Metas/13/13/20191013135700_00160.jpg,datasets_flow/dataset_cropped/10_Metas/13/13/20191013135700_00160.jpg,datasets_cloudmask/dataset_cropped/10_Metas/13/13/20191013135700_00160.png,697.7,850,114.9,28.2,960
10/13/2019 13:58,datasets/dataset_cropped/10_Metas/13/13/20191013135800_00160.jpg,datasets_flow/dataset_cropped/10_Metas/13/13/20191013135800_00160.jpg,datasets_cloudmask/dataset_cropped/10_Metas/13/13/20191013135800_00160.png,696.6,850,114.7,28.2,960
10/13/2019 13:59,datasets/dataset_cropped/10_Metas/13/13/20191013135900_00160.jpg,datasets_flow/dataset_cropped/10_Metas/13/13/20191013135900_00160.jpg,datasets_cloudmask/dataset_cropped/10_Metas/13/13/20191013135900_00160.png,696.5,851,114.2,28.2,960
10/13/2019 14:00,datasets/dataset_cropped/10_Metas/13/14/20191013140000_00160.jpg,datasets_flow/dataset_cropped/10_Metas/13/14/20191013140000_00160.jpg,datasets_cloudmask/dataset_cropped/10_Metas/13/14/20191013140000_00160.png,696.3,852,113.9,28.3,960
10/13/2019 14:01,datasets/dataset_cropped/10_Metas/13/14/20191013140100_00160.jpg,datasets_flow/dataset_cropped/10_Metas/13/14/20191013140100_00160.jpg,datasets_cloudmask/dataset_cropped/10_Metas/13/14/20191013140100_00160.png,694.7,850,113.9,28.4,960
10/13/2019 14:02,datasets/dataset_cropped/10_Metas/13/14/20191013140200_00160.jpg,datasets_flow/dataset_cropped/10_Metas/13/14/20191013140200_00160.jpg,datasets_cloudmask/dataset_cropped/10_Metas/13/14/20191013140200_00160.png,691.6,847,114.5,28.4,960
10/13/2019 14:03,datasets/dataset_cropped/10_Metas/13/14/20191013140300_00160.jpg,datasets_flow/dataset_cropped/10_Metas/13/14/20191013140300_00160.jpg,datasets_cloudmask/dataset_cropped/10_Metas/13/14/20191013140300_00160.png,689.9,846,114.9,28.4,960
10/13/2019 14:04,datasets/dataset_cropped/10_Metas/13/14/20191013140400_00160.jpg,datasets_flow/dataset_cropped/10_Metas/13/14/20191013140400_00160.jpg,datasets_cloudmask/dataset_cropped/10_Metas/13/14/20191013140400_00160.png,686.6,843,114.9,28.5,960
10/13/2019 14:05,datasets/dataset_cropped/10_Metas/13/14/20191013140500_00160.jpg,datasets_flow/dataset_cropped/10_Metas/13/14/20191013140500_00160.jpg,datasets_cloudmask/dataset_cropped/10_Metas/13/14/20191013140500_00160.png,685.1,842,114.8,28.8,960
10/13/2019 14:06,datasets/dataset_cropped/10_Metas/13/14/20191013140600_00160.jpg,datasets_flow/dataset_cropped/10_Metas/13/14/20191013140600_00160.jpg,datasets_cloudmask/dataset_cropped/10_Metas/13/14/20191013140600_00160.png,684.4,842,114.7,28.9,960
10/13/2019 14:07,datasets/dataset_cropped/10_Metas/13/14/20191013140700_00160.jpg,datasets_flow/dataset_cropped/10_Metas/13/14/20191013140700_00160.jpg,datasets_cloudmask/dataset_cropped/10_Metas/13/14/20191013140700_00160.png,683.8,842,114.9,28.9,960
10/13/2019 14:08,datasets/dataset_cropped/10_Metas/13/14/20191013140800_00160.jpg,datasets_flow/dataset_cropped/10_Metas/13/14/20191013140800_00160.jpg,datasets_cloudmask/dataset_cropped/10_Metas/13/14/20191013140800_00160.png,683.8,842,115.3,29,960
10/13/2019 14:09,datasets/dataset_cropped/10_Metas/13/14/20191013140900_00160.jpg,datasets_flow/dataset_cropped/10_Metas/13/14/20191013140900_00160.jpg,datasets_cloudmask/dataset_cropped/10_Metas/13/14/20191013140900_00160.png,682.4,841,115.4,28.9,960
10/13/2019 14:10,datasets/dataset_cropped/10_Metas/13/14/20191013141000_00160.jpg,datasets_flow/dataset_cropped/10_Metas/13/14/20191013141000_00160.jpg,datasets_cloudmask/dataset_cropped/10_Metas/13/14/20191013141000_00160.png,679.9,838,115.6,28.9,960
10/13/2019 14:11,datasets/dataset_cropped/10_Metas/13/14/20191013141100_00160.jpg,datasets_flow/dataset_cropped/10_Metas/13/14/20191013141100_00160.jpg,datasets_cloudmask/dataset_cropped/10_Metas/13/14/20191013141100_00160.png,677.3,835,116,28.7,960
10/13/2019 14:12,datasets/dataset_cropped/10_Metas/13/14/20191013141200_00160.jpg,datasets_flow/dataset_cropped/10_Metas/13/14/20191013141200_00160.jpg,datasets_cloudmask/dataset_cropped/10_Metas/13/14/20191013141200_00160.png,675.1,832,116.2,28.8,960
10/13/2019 14:13,datasets/dataset_cropped/10_Metas/13/14/20191013141300_00160.jpg,datasets_flow/dataset_cropped/10_Metas/13/14/20191013141300_00160.jpg,datasets_cloudmask/dataset_cropped/10_Metas/13/14/20191013141300_00160.png,676.5,835,115.8,28.9,960
10/13/2019 14:14,datasets/dataset_cropped/10_Metas/13/14/20191013141400_00160.jpg,datasets_flow/dataset_cropped/10_Metas/13/14/20191013141400_00160.jpg,datasets_cloudmask/dataset_cropped/10_Metas/13/14/20191013141400_00160.png,676.3,836,115.6,28.8,960
10/13/2019 14:15,datasets/dataset_cropped/10_Metas/13/14/20191013141500_00160.jpg,datasets_flow/dataset_cropped/10_Metas/13/14/20191013141500_00160.jpg,datasets_cloudmask/dataset_cropped/10_Metas/13/14/20191013141500_00160.png,674.7,835,115.5,28.8,960
10/13/2019 14:16,datasets/dataset_cropped/10_Metas/13/14/20191013141600_00160.jpg,datasets_flow/dataset_cropped/10_Metas/13/14/20191013141600_00160.jpg,datasets_cloudmask/dataset_cropped/10_Metas/13/14/20191013141600_00160.png,673.3,835,115.4,29,960
10/13/2019 14:17,datasets/dataset_cropped/10_Metas/13/14/20191013141700_00160.jpg,datasets_flow/dataset_cropped/10_Metas/13/14/20191013141700_00160.jpg,datasets_cloudmask/dataset_cropped/10_Metas/13/14/20191013141700_00160.png,672.2,835,115.1,29.3,960
10/13/2019 14:18,datasets/dataset_cropped/10_Metas/13/14/20191013141800_00160.jpg,datasets_flow/dataset_cropped/10_Metas/13/14/20191013141800_00160.jpg,datasets_cloudmask/dataset_cropped/10_Metas/13/14/20191013141800_00160.png,669.6,833,115,29.4,960
10/13/2019 14:19,datasets/dataset_cropped/10_Metas/13/14/20191013141900_00160.jpg,datasets_flow/dataset_cropped/10_Metas/13/14/20191013141900_00160.jpg,datasets_cloudmask/dataset_cropped/10_Metas/13/14/20191013141900_00160.png,667.6,831,114.9,29.1,960
10/13/2019 14:20,datasets/dataset_cropped/10_Metas/13/14/20191013142000_00160.jpg,datasets_flow/dataset_cropped/10_Metas/13/14/20191013142000_00160.jpg,datasets_cloudmask/dataset_cropped/10_Metas/13/14/20191013142000_00160.png,665.7,829,115.1,28.8,960
10/13/2019 14:21,datasets/dataset_cropped/10_Metas/13/14/20191013142100_00160.jpg,datasets_flow/dataset_cropped/10_Metas/13/14/20191013142100_00160.jpg,datasets_cloudmask/dataset_cropped/10_Metas/13/14/20191013142100_00160.png,663.9,827,115.3,28.5,960
10/13/2019 14:22,datasets/dataset_cropped/10_Metas/13/14/20191013142200_00160.jpg,datasets_flow/dataset_cropped/10_Metas/13/14/20191013142200_00160.jpg,datasets_cloudmask/dataset_cropped/10_Metas/13/14/20191013142200_00160.png,662.4,827,115.9,28.4,960
10/13/2019 14:23,datasets/dataset_cropped/10_Metas/13/14/20191013142300_00160.jpg,datasets_flow/dataset_cropped/10_Metas/13/14/20191013142300_00160.jpg,datasets_cloudmask/dataset_cropped/10_Metas/13/14/20191013142300_00160.png,661.2,827,116.1,28.6,960
10/13/2019 14:24,datasets/dataset_cropped/10_Metas/13/14/20191013142400_00160.jpg,datasets_flow/dataset_cropped/10_Metas/13/14/20191013142400_00160.jpg,datasets_cloudmask/dataset_cropped/10_Metas/13/14/20191013142400_00160.png,659.2,826,116.5,28.8,960
10/13/2019 14:25,datasets/dataset_cropped/10_Metas/13/14/20191013142500_00160.jpg,datasets_flow/dataset_cropped/10_Metas/13/14/20191013142500_00160.jpg,datasets_cloudmask/dataset_cropped/10_Metas/13/14/20191013142500_00160.png,657.5,826,116.8,28.8,960
10/13/2019 14:26,datasets/dataset_cropped/10_Metas/13/14/20191013142600_00160.jpg,datasets_flow/dataset_cropped/10_Metas/13/14/20191013142600_00160.jpg,datasets_cloudmask/dataset_cropped/10_Metas/13/14/20191013142600_00160.png,656.2,825,117,28.8,960
10/13/2019 14:27,datasets/dataset_cropped/10_Metas/13/14/20191013142700_00160.jpg,datasets_flow/dataset_cropped/10_Metas/13/14/20191013142700_00160.jpg,datasets_cloudmask/dataset_cropped/10_Metas/13/14/20191013142700_00160.png,654.1,824,117.2,29,960
10/13/2019 14:28,datasets/dataset_cropped/10_Metas/13/14/20191013142800_00160.jpg,datasets_flow/dataset_cropped/10_Metas/13/14/20191013142800_00160.jpg,datasets_cloudmask/dataset_cropped/10_Metas/13/14/20191013142800_00160.png,652,822,116.9,29.3,960
10/13/2019 14:29,datasets/dataset_cropped/10_Metas/13/14/20191013142900_00160.jpg,datasets_flow/dataset_cropped/10_Metas/13/14/20191013142900_00160.jpg,datasets_cloudmask/dataset_cropped/10_Metas/13/14/20191013142900_00160.png,650.8,821,117.1,29.5,960
10/13/2019 14:30,datasets/dataset_cropped/10_Metas/13/14/20191013143000_00160.jpg,datasets_flow/dataset_cropped/10_Metas/13/14/20191013143000_00160.jpg,datasets_cloudmask/dataset_cropped/10_Metas/13/14/20191013143000_00160.png,648.2,818,117.1,29.3,960
10/13/2019 14:31,datasets/dataset_cropped/10_Metas/13/14/20191013143100_00160.jpg,datasets_flow/dataset_cropped/10_Metas/13/14/20191013143100_00160.jpg,datasets_cloudmask/dataset_cropped/10_Metas/13/14/20191013143100_00160.png,647.9,818,117,29,960
10/13/2019 14:32,datasets/dataset_cropped/10_Metas/13/14/20191013143200_00160.jpg,datasets_flow/dataset_cropped/10_Metas/13/14/20191013143200_00160.jpg,datasets_cloudmask/dataset_cropped/10_Metas/13/14/20191013143200_00160.png,648.6,820,116.7,29,960
10/13/2019 14:33,datasets/dataset_cropped/10_Metas/13/14/20191013143300_00160.jpg,datasets_flow/dataset_cropped/10_Metas/13/14/20191013143300_00160.jpg,datasets_cloudmask/dataset_cropped/10_Metas/13/14/20191013143300_00160.png,645.8,817,116.8,28.9,960
10/13/2019 14:34,datasets/dataset_cropped/10_Metas/13/14/20191013143400_00160.jpg,datasets_flow/dataset_cropped/10_Metas/13/14/20191013143400_00160.jpg,datasets_cloudmask/dataset_cropped/10_Metas/13/14/20191013143400_00160.png,643.6,815,117.1,28.9,960
10/13/2019 14:35,datasets/dataset_cropped/10_Metas/13/14/20191013143500_00160.jpg,datasets_flow/dataset_cropped/10_Metas/13/14/20191013143500_00160.jpg,datasets_cloudmask/dataset_cropped/10_Metas/13/14/20191013143500_00160.png,641.5,812,117.2,28.8,960
10/13/2019 14:36,datasets/dataset_cropped/10_Metas/13/14/20191013143600_00160.jpg,datasets_flow/dataset_cropped/10_Metas/13/14/20191013143600_00160.jpg,datasets_cloudmask/dataset_cropped/10_Metas/13/14/20191013143600_00160.png,639.8,811,117.2,28.8,960
10/13/2019 14:37,datasets/dataset_cropped/10_Metas/13/14/20191013143700_00160.jpg,datasets_flow/dataset_cropped/10_Metas/13/14/20191013143700_00160.jpg,datasets_cloudmask/dataset_cropped/10_Metas/13/14/20191013143700_00160.png,637.4,810,117,28.7,960
10/13/2019 14:38,datasets/dataset_cropped/10_Metas/13/14/20191013143800_00160.jpg,datasets_flow/dataset_cropped/10_Metas/13/14/20191013143800_00160.jpg,datasets_cloudmask/dataset_cropped/10_Metas/13/14/20191013143800_00160.png,635.9,810,117,28.4,960
10/13/2019 14:39,datasets/dataset_cropped/10_Metas/13/14/20191013143900_00160.jpg,datasets_flow/dataset_cropped/10_Metas/13/14/20191013143900_00160.jpg,datasets_cloudmask/dataset_cropped/10_Metas/13/14/20191013143900_00160.png,632.7,806,117,28.2,960
10/13/2019 14:40,datasets/dataset_cropped/10_Metas/13/14/20191013144000_00160.jpg,datasets_flow/dataset_cropped/10_Metas/13/14/20191013144000_00160.jpg,datasets_cloudmask/dataset_cropped/10_Metas/13/14/20191013144000_00160.png,630.1,803,117.4,28.1,960
10/13/2019 14:41,datasets/dataset_cropped/10_Metas/13/14/20191013144100_00160.jpg,datasets_flow/dataset_cropped/10_Metas/13/14/20191013144100_00160.jpg,datasets_cloudmask/dataset_cropped/10_Metas/13/14/20191013144100_00160.png,628.5,803,118.1,28.3,960
10/13/2019 14:42,datasets/dataset_cropped/10_Metas/13/14/20191013144200_00160.jpg,datasets_flow/dataset_cropped/10_Metas/13/14/20191013144200_00160.jpg,datasets_cloudmask/dataset_cropped/10_Metas/13/14/20191013144200_00160.png,624.3,797.5,118.4,28.2,960
10/13/2019 14:43,datasets/dataset_cropped/10_Metas/13/14/20191013144300_00160.jpg,datasets_flow/dataset_cropped/10_Metas/13/14/20191013144300_00160.jpg,datasets_cloudmask/dataset_cropped/10_Metas/13/14/20191013144300_00160.png,621.8,794.7,119.1,28.4,960
10/13/2019 14:44,datasets/dataset_cropped/10_Metas/13/14/20191013144400_00160.jpg,datasets_flow/dataset_cropped/10_Metas/13/14/20191013144400_00160.jpg,datasets_cloudmask/dataset_cropped/10_Metas/13/14/20191013144400_00160.png,618.7,791.7,119.4,28.6,960
10/13/2019 14:45,datasets/dataset_cropped/10_Metas/13/14/20191013144500_00160.jpg,datasets_flow/dataset_cropped/10_Metas/13/14/20191013144500_00160.jpg,datasets_cloudmask/dataset_cropped/10_Metas/13/14/20191013144500_00160.png,616.7,789.9,119.6,28.3,960
10/13/2019 14:46,datasets/dataset_cropped/10_Metas/13/14/20191013144600_00160.jpg,datasets_flow/dataset_cropped/10_Metas/13/14/20191013144600_00160.jpg,datasets_cloudmask/dataset_cropped/10_Metas/13/14/20191013144600_00160.png,614.8,788.1,119.7,28.1,960
10/13/2019 14:47,datasets/dataset_cropped/10_Metas/13/14/20191013144700_00160.jpg,datasets_flow/dataset_cropped/10_Metas/13/14/20191013144700_00160.jpg,datasets_cloudmask/dataset_cropped/10_Metas/13/14/20191013144700_00160.png,613.5,787.3,120,28.2,960
10/13/2019 14:48,datasets/dataset_cropped/10_Metas/13/14/20191013144800_00160.jpg,datasets_flow/dataset_cropped/10_Metas/13/14/20191013144800_00160.jpg,datasets_cloudmask/dataset_cropped/10_Metas/13/14/20191013144800_00160.png,609.2,782,120.3,28.1,960
10/13/2019 14:49,datasets/dataset_cropped/10_Metas/13/14/20191013144900_00160.jpg,datasets_flow/dataset_cropped/10_Metas/13/14/20191013144900_00160.jpg,datasets_cloudmask/dataset_cropped/10_Metas/13/14/20191013144900_00160.png,605,777.3,120.4,28.2,960
10/13/2019 14:50,datasets/dataset_cropped/10_Metas/13/14/20191013145000_00160.jpg,datasets_flow/dataset_cropped/10_Metas/13/14/20191013145000_00160.jpg,datasets_cloudmask/dataset_cropped/10_Metas/13/14/20191013145000_00160.png,605.8,780.2,120.5,27.9,960
10/13/2019 14:51,datasets/dataset_cropped/10_Metas/13/14/20191013145100_00160.jpg,datasets_flow/dataset_cropped/10_Metas/13/14/20191013145100_00160.jpg,datasets_cloudmask/dataset_cropped/10_Metas/13/14/20191013145100_00160.png,606.7,784.2,120.3,27.8,960
10/13/2019 14:52,datasets/dataset_cropped/10_Metas/13/14/20191013145200_00160.jpg,datasets_flow/dataset_cropped/10_Metas/13/14/20191013145200_00160.jpg,datasets_cloudmask/dataset_cropped/10_Metas/13/14/20191013145200_00160.png,604.5,783.1,120.3,27.7,960
10/13/2019 14:53,datasets/dataset_cropped/10_Metas/13/14/20191013145300_00160.jpg,datasets_flow/dataset_cropped/10_Metas/13/14/20191013145300_00160.jpg,datasets_cloudmask/dataset_cropped/10_Metas/13/14/20191013145300_00160.png,602.8,782.3,120.3,27.6,960
10/13/2019 14:54,datasets/dataset_cropped/10_Metas/13/14/20191013145400_00160.jpg,datasets_flow/dataset_cropped/10_Metas/13/14/20191013145400_00160.jpg,datasets_cloudmask/dataset_cropped/10_Metas/13/14/20191013145400_00160.png,600.5,780.8,119.9,27.7,960
10/13/2019 14:55,datasets/dataset_cropped/10_Metas/13/14/20191013145500_00160.jpg,datasets_flow/dataset_cropped/10_Metas/13/14/20191013145500_00160.jpg,datasets_cloudmask/dataset_cropped/10_Metas/13/14/20191013145500_00160.png,598.3,779.6,119.7,27.5,960
10/13/2019 14:56,datasets/dataset_cropped/10_Metas/13/14/20191013145600_00160.jpg,datasets_flow/dataset_cropped/10_Metas/13/14/20191013145600_00160.jpg,datasets_cloudmask/dataset_cropped/10_Metas/13/14/20191013145600_00160.png,597.7,781.4,119.7,27.4,960
10/13/2019 14:57,datasets/dataset_cropped/10_Metas/13/14/20191013145700_00160.jpg,datasets_flow/dataset_cropped/10_Metas/13/14/20191013145700_00160.jpg,datasets_cloudmask/dataset_cropped/10_Metas/13/14/20191013145700_00160.png,595.1,780.1,119,27.6,960
10/13/2019 14:58,datasets/dataset_cropped/10_Metas/13/14/20191013145800_00160.jpg,datasets_flow/dataset_cropped/10_Metas/13/14/20191013145800_00160.jpg,datasets_cloudmask/dataset_cropped/10_Metas/13/14/20191013145800_00160.png,595,782.5,118.6,27.2,960
10/13/2019 14:59,datasets/dataset_cropped/10_Metas/13/14/20191013145900_00160.jpg,datasets_flow/dataset_cropped/10_Metas/13/14/20191013145900_00160.jpg,datasets_cloudmask/dataset_cropped/10_Metas/13/14/20191013145900_00160.png,594.9,784.5,118.8,27,960
10/13/2019 15:00,datasets/dataset_cropped/10_Metas/13/15/20191013150000_00160.jpg,datasets_flow/dataset_cropped/10_Metas/13/15/20191013150000_00160.jpg,datasets_cloudmask/dataset_cropped/10_Metas/13/15/20191013150000_00160.png,590.5,779.5,118.8,27.1,960
10/13/2019 15:01,datasets/dataset_cropped/10_Metas/13/15/20191013150100_00160.jpg,datasets_flow/dataset_cropped/10_Metas/13/15/20191013150100_00160.jpg,datasets_cloudmask/dataset_cropped/10_Metas/13/15/20191013150100_00160.png,589,779.4,119.2,27.3,960
10/13/2019 15:02,datasets/dataset_cropped/10_Metas/13/15/20191013150200_00160.jpg,datasets_flow/dataset_cropped/10_Metas/13/15/20191013150200_00160.jpg,datasets_cloudmask/dataset_cropped/10_Metas/13/15/20191013150200_00160.png,584.6,774.4,119.6,27.6,960
10/13/2019 15:03,datasets/dataset_cropped/10_Metas/13/15/20191013150300_00160.jpg,datasets_flow/dataset_cropped/10_Metas/13/15/20191013150300_00160.jpg,datasets_cloudmask/dataset_cropped/10_Metas/13/15/20191013150300_00160.png,580.1,769.1,119.7,27.2,960
10/13/2019 15:04,datasets/dataset_cropped/10_Metas/13/15/20191013150400_00160.jpg,datasets_flow/dataset_cropped/10_Metas/13/15/20191013150400_00160.jpg,datasets_cloudmask/dataset_cropped/10_Metas/13/15/20191013150400_00160.png,577.7,767.1,120,27.3,960
10/13/2019 15:05,datasets/dataset_cropped/10_Metas/13/15/20191013150500_00160.jpg,datasets_flow/dataset_cropped/10_Metas/13/15/20191013150500_00160.jpg,datasets_cloudmask/dataset_cropped/10_Metas/13/15/20191013150500_00160.png,575.4,765.4,120,27.5,960
10/13/2019 15:06,datasets/dataset_cropped/10_Metas/13/15/20191013150600_00160.jpg,datasets_flow/dataset_cropped/10_Metas/13/15/20191013150600_00160.jpg,datasets_cloudmask/dataset_cropped/10_Metas/13/15/20191013150600_00160.png,569.9,758.7,119.7,27.6,960
10/13/2019 15:07,datasets/dataset_cropped/10_Metas/13/15/20191013150700_00160.jpg,datasets_flow/dataset_cropped/10_Metas/13/15/20191013150700_00160.jpg,datasets_cloudmask/dataset_cropped/10_Metas/13/15/20191013150700_00160.png,569,759.4,120.2,27.6,960
10/13/2019 15:08,datasets/dataset_cropped/10_Metas/13/15/20191013150800_00160.jpg,datasets_flow/dataset_cropped/10_Metas/13/15/20191013150800_00160.jpg,datasets_cloudmask/dataset_cropped/10_Metas/13/15/20191013150800_00160.png,565.8,756.7,120.4,27.3,960
10/13/2019 15:09,datasets/dataset_cropped/10_Metas/13/15/20191013150900_00160.jpg,datasets_flow/dataset_cropped/10_Metas/13/15/20191013150900_00160.jpg,datasets_cloudmask/dataset_cropped/10_Metas/13/15/20191013150900_00160.png,563.4,755.1,120.4,27.2,960
10/13/2019 15:10,datasets/dataset_cropped/10_Metas/13/15/20191013151000_00160.jpg,datasets_flow/dataset_cropped/10_Metas/13/15/20191013151000_00160.jpg,datasets_cloudmask/dataset_cropped/10_Metas/13/15/20191013151000_00160.png,562.3,755.1,120.6,27.2,960
10/13/2019 15:11,datasets/dataset_cropped/10_Metas/13/15/20191013151100_00160.jpg,datasets_flow/dataset_cropped/10_Metas/13/15/20191013151100_00160.jpg,datasets_cloudmask/dataset_cropped/10_Metas/13/15/20191013151100_00160.png,561.4,756.1,120.7,27.3,960
10/13/2019 15:12,datasets/dataset_cropped/10_Metas/13/15/20191013151200_00160.jpg,datasets_flow/dataset_cropped/10_Metas/13/15/20191013151200_00160.jpg,datasets_cloudmask/dataset_cropped/10_Metas/13/15/20191013151200_00160.png,559.4,755.3,120.5,27.4,960
10/13/2019 15:13,datasets/dataset_cropped/10_Metas/13/15/20191013151300_00160.jpg,datasets_flow/dataset_cropped/10_Metas/13/15/20191013151300_00160.jpg,datasets_cloudmask/dataset_cropped/10_Metas/13/15/20191013151300_00160.png,555.4,750.9,120.5,27.4,960
10/13/2019 15:14,datasets/dataset_cropped/10_Metas/13/15/20191013151400_00160.jpg,datasets_flow/dataset_cropped/10_Metas/13/15/20191013151400_00160.jpg,datasets_cloudmask/dataset_cropped/10_Metas/13/15/20191013151400_00160.png,551.6,747.8,120.2,27.4,960
10/13/2019 15:15,datasets/dataset_cropped/10_Metas/13/15/20191013151500_00160.jpg,datasets_flow/dataset_cropped/10_Metas/13/15/20191013151500_00160.jpg,datasets_cloudmask/dataset_cropped/10_Metas/13/15/20191013151500_00160.png,551.6,751.2,119.8,27.3,960
10/13/2019 15:16,datasets/dataset_cropped/10_Metas/13/15/20191013151600_00160.jpg,datasets_flow/dataset_cropped/10_Metas/13/15/20191013151600_00160.jpg,datasets_cloudmask/dataset_cropped/10_Metas/13/15/20191013151600_00160.png,549.4,750.6,119.3,27.4,960
10/13/2019 15:17,datasets/dataset_cropped/10_Metas/13/15/20191013151700_00160.jpg,datasets_flow/dataset_cropped/10_Metas/13/15/20191013151700_00160.jpg,datasets_cloudmask/dataset_cropped/10_Metas/13/15/20191013151700_00160.png,548.6,752.8,118.8,27.4,960
10/13/2019 15:18,datasets/dataset_cropped/10_Metas/13/15/20191013151800_00160.jpg,datasets_flow/dataset_cropped/10_Metas/13/15/20191013151800_00160.jpg,datasets_cloudmask/dataset_cropped/10_Metas/13/15/20191013151800_00160.png,548,755.5,118.1,27.3,960
10/13/2019 15:19,datasets/dataset_cropped/10_Metas/13/15/20191013151900_00160.jpg,datasets_flow/dataset_cropped/10_Metas/13/15/20191013151900_00160.jpg,datasets_cloudmask/dataset_cropped/10_Metas/13/15/20191013151900_00160.png,542.9,749.9,117.4,27.2,960
10/13/2019 15:20,datasets/dataset_cropped/10_Metas/13/15/20191013152000_00160.jpg,datasets_flow/dataset_cropped/10_Metas/13/15/20191013152000_00160.jpg,datasets_cloudmask/dataset_cropped/10_Metas/13/15/20191013152000_00160.png,537.1,742.4,117.3,27.2,960
10/13/2019 15:21,datasets/dataset_cropped/10_Metas/13/15/20191013152100_00160.jpg,datasets_flow/dataset_cropped/10_Metas/13/15/20191013152100_00160.jpg,datasets_cloudmask/dataset_cropped/10_Metas/13/15/20191013152100_00160.png,534.5,740.7,117.2,27.3,960
10/13/2019 15:22,datasets/dataset_cropped/10_Metas/13/15/20191013152200_00160.jpg,datasets_flow/dataset_cropped/10_Metas/13/15/20191013152200_00160.jpg,datasets_cloudmask/dataset_cropped/10_Metas/13/15/20191013152200_00160.png,531.7,738.9,117.2,27.4,960
10/13/2019 15:23,datasets/dataset_cropped/10_Metas/13/15/20191013152300_00160.jpg,datasets_flow/dataset_cropped/10_Metas/13/15/20191013152300_00160.jpg,datasets_cloudmask/dataset_cropped/10_Metas/13/15/20191013152300_00160.png,530.2,739.6,116.9,27.3,960
10/13/2019 15:24,datasets/dataset_cropped/10_Metas/13/15/20191013152400_00160.jpg,datasets_flow/dataset_cropped/10_Metas/13/15/20191013152400_00160.jpg,datasets_cloudmask/dataset_cropped/10_Metas/13/15/20191013152400_00160.png,529,740.9,116.5,27.4,960
10/13/2019 15:25,datasets/dataset_cropped/10_Metas/13/15/20191013152500_00160.jpg,datasets_flow/dataset_cropped/10_Metas/13/15/20191013152500_00160.jpg,datasets_cloudmask/dataset_cropped/10_Metas/13/15/20191013152500_00160.png,529,744,115.9,27.6,960
10/13/2019 15:26,datasets/dataset_cropped/10_Metas/13/15/20191013152600_00160.jpg,datasets_flow/dataset_cropped/10_Metas/13/15/20191013152600_00160.jpg,datasets_cloudmask/dataset_cropped/10_Metas/13/15/20191013152600_00160.png,527.4,744.3,115.4,27.6,960
10/13/2019 15:27,datasets/dataset_cropped/10_Metas/13/15/20191013152700_00160.jpg,datasets_flow/dataset_cropped/10_Metas/13/15/20191013152700_00160.jpg,datasets_cloudmask/dataset_cropped/10_Metas/13/15/20191013152700_00160.png,525.3,743.8,115.1,27.5,960
10/13/2019 15:28,datasets/dataset_cropped/10_Metas/13/15/20191013152800_00160.jpg,datasets_flow/dataset_cropped/10_Metas/13/15/20191013152800_00160.jpg,datasets_cloudmask/dataset_cropped/10_Metas/13/15/20191013152800_00160.png,524.5,746.1,114.9,27.4,960
10/13/2019 15:29,datasets/dataset_cropped/10_Metas/13/15/20191013152900_00160.jpg,datasets_flow/dataset_cropped/10_Metas/13/15/20191013152900_00160.jpg,datasets_cloudmask/dataset_cropped/10_Metas/13/15/20191013152900_00160.png,521.6,744.3,114.8,27.3,960
10/13/2019 15:30,datasets/dataset_cropped/10_Metas/13/15/20191013153000_00160.jpg,datasets_flow/dataset_cropped/10_Metas/13/15/20191013153000_00160.jpg,datasets_cloudmask/dataset_cropped/10_Metas/13/15/20191013153000_00160.png,519.2,743.5,114.9,27.5,960
10/13/2019 15:31,datasets/dataset_cropped/10_Metas/13/15/20191013153100_00160.jpg,datasets_flow/dataset_cropped/10_Metas/13/15/20191013153100_00160.jpg,datasets_cloudmask/dataset_cropped/10_Metas/13/15/20191013153100_00160.png,518,744.9,114.5,27.6,960
10/13/2019 15:32,datasets/dataset_cropped/10_Metas/13/15/20191013153200_00160.jpg,datasets_flow/dataset_cropped/10_Metas/13/15/20191013153200_00160.jpg,datasets_cloudmask/dataset_cropped/10_Metas/13/15/20191013153200_00160.png,516,744,114.2,27.7,960
10/13/2019 15:33,datasets/dataset_cropped/10_Metas/13/15/20191013153300_00160.jpg,datasets_flow/dataset_cropped/10_Metas/13/15/20191013153300_00160.jpg,datasets_cloudmask/dataset_cropped/10_Metas/13/15/20191013153300_00160.png,511.7,740.3,113.8,27.6,960
10/13/2019 15:34,datasets/dataset_cropped/10_Metas/13/15/20191013153400_00160.jpg,datasets_flow/dataset_cropped/10_Metas/13/15/20191013153400_00160.jpg,datasets_cloudmask/dataset_cropped/10_Metas/13/15/20191013153400_00160.png,509.2,738.7,113.4,27.5,960
10/13/2019 15:35,datasets/dataset_cropped/10_Metas/13/15/20191013153500_00160.jpg,datasets_flow/dataset_cropped/10_Metas/13/15/20191013153500_00160.jpg,datasets_cloudmask/dataset_cropped/10_Metas/13/15/20191013153500_00160.png,505.7,736.1,113.2,27.4,960
10/13/2019 15:36,datasets/dataset_cropped/10_Metas/13/15/20191013153600_00160.jpg,datasets_flow/dataset_cropped/10_Metas/13/15/20191013153600_00160.jpg,datasets_cloudmask/dataset_cropped/10_Metas/13/15/20191013153600_00160.png,504.2,738,112.3,27.5,960
10/13/2019 15:37,datasets/dataset_cropped/10_Metas/13/15/20191013153700_00160.jpg,datasets_flow/dataset_cropped/10_Metas/13/15/20191013153700_00160.jpg,datasets_cloudmask/dataset_cropped/10_Metas/13/15/20191013153700_00160.png,503.8,741.1,111.6,27.5,960
10/13/2019 15:38,datasets/dataset_cropped/10_Metas/13/15/20191013153800_00160.jpg,datasets_flow/dataset_cropped/10_Metas/13/15/20191013153800_00160.jpg,datasets_cloudmask/dataset_cropped/10_Metas/13/15/20191013153800_00160.png,502.7,742.6,111.4,27.4,960
10/13/2019 15:39,datasets/dataset_cropped/10_Metas/13/15/20191013153900_00160.jpg,datasets_flow/dataset_cropped/10_Metas/13/15/20191013153900_00160.jpg,datasets_cloudmask/dataset_cropped/10_Metas/13/15/20191013153900_00160.png,500.9,743.4,111.1,27.3,960
10/13/2019 15:40,datasets/dataset_cropped/10_Metas/13/15/20191013154000_00160.jpg,datasets_flow/dataset_cropped/10_Metas/13/15/20191013154000_00160.jpg,datasets_cloudmask/dataset_cropped/10_Metas/13/15/20191013154000_00160.png,498.6,743,110.6,27.1,960
10/13/2019 15:41,datasets/dataset_cropped/10_Metas/13/15/20191013154100_00160.jpg,datasets_flow/dataset_cropped/10_Metas/13/15/20191013154100_00160.jpg,datasets_cloudmask/dataset_cropped/10_Metas/13/15/20191013154100_00160.png,498.7,746.5,110.3,27.1,960
10/13/2019 15:42,datasets/dataset_cropped/10_Metas/13/15/20191013154200_00160.jpg,datasets_flow/dataset_cropped/10_Metas/13/15/20191013154200_00160.jpg,datasets_cloudmask/dataset_cropped/10_Metas/13/15/20191013154200_00160.png,494,741.2,109.9,27.4,960
10/13/2019 15:43,datasets/dataset_cropped/10_Metas/13/15/20191013154300_00160.jpg,datasets_flow/dataset_cropped/10_Metas/13/15/20191013154300_00160.jpg,datasets_cloudmask/dataset_cropped/10_Metas/13/15/20191013154300_00160.png,488.2,734,109.7,27.8,960
10/13/2019 15:44,datasets/dataset_cropped/10_Metas/13/15/20191013154400_00160.jpg,datasets_flow/dataset_cropped/10_Metas/13/15/20191013154400_00160.jpg,datasets_cloudmask/dataset_cropped/10_Metas/13/15/20191013154400_00160.png,485.4,732.6,109.5,27.8,960
10/13/2019 15:45,datasets/dataset_cropped/10_Metas/13/15/20191013154500_00160.jpg,datasets_flow/dataset_cropped/10_Metas/13/15/20191013154500_00160.jpg,datasets_cloudmask/dataset_cropped/10_Metas/13/15/20191013154500_00160.png,483,731.8,109.2,27.8,960
10/13/2019 15:46,datasets/dataset_cropped/10_Metas/13/15/20191013154600_00160.jpg,datasets_flow/dataset_cropped/10_Metas/13/15/20191013154600_00160.jpg,datasets_cloudmask/dataset_cropped/10_Metas/13/15/20191013154600_00160.png,479.4,728.5,109,27.8,960
10/13/2019 15:47,datasets/dataset_cropped/10_Metas/13/15/20191013154700_00160.jpg,datasets_flow/dataset_cropped/10_Metas/13/15/20191013154700_00160.jpg,datasets_cloudmask/dataset_cropped/10_Metas/13/15/20191013154700_00160.png,476.8,727.5,108.9,27.9,960
10/13/2019 15:48,datasets/dataset_cropped/10_Metas/13/15/20191013154800_00160.jpg,datasets_flow/dataset_cropped/10_Metas/13/15/20191013154800_00160.jpg,datasets_cloudmask/dataset_cropped/10_Metas/13/15/20191013154800_00160.png,474.6,726.9,109,27.8,960
10/13/2019 15:49,datasets/dataset_cropped/10_Metas/13/15/20191013154900_00160.jpg,datasets_flow/dataset_cropped/10_Metas/13/15/20191013154900_00160.jpg,datasets_cloudmask/dataset_cropped/10_Metas/13/15/20191013154900_00160.png,472,726,108.6,27.7,960
10/13/2019 15:50,datasets/dataset_cropped/10_Metas/13/15/20191013155000_00160.jpg,datasets_flow/dataset_cropped/10_Metas/13/15/20191013155000_00160.jpg,datasets_cloudmask/dataset_cropped/10_Metas/13/15/20191013155000_00160.png,467.8,722.3,108.1,27.7,960
10/13/2019 15:51,datasets/dataset_cropped/10_Metas/13/15/20191013155100_00160.jpg,datasets_flow/dataset_cropped/10_Metas/13/15/20191013155100_00160.jpg,datasets_cloudmask/dataset_cropped/10_Metas/13/15/20191013155100_00160.png,466,722.7,107.8,27.6,960
10/13/2019 15:52,datasets/dataset_cropped/10_Metas/13/15/20191013155200_00160.jpg,datasets_flow/dataset_cropped/10_Metas/13/15/20191013155200_00160.jpg,datasets_cloudmask/dataset_cropped/10_Metas/13/15/20191013155200_00160.png,464,722.6,107.8,27.6,960
10/13/2019 15:53,datasets/dataset_cropped/10_Metas/13/15/20191013155300_00160.jpg,datasets_flow/dataset_cropped/10_Metas/13/15/20191013155300_00160.jpg,datasets_cloudmask/dataset_cropped/10_Metas/13/15/20191013155300_00160.png,461.8,722,107.6,27.8,960
10/13/2019 15:54,datasets/dataset_cropped/10_Metas/13/15/20191013155400_00160.jpg,datasets_flow/dataset_cropped/10_Metas/13/15/20191013155400_00160.jpg,datasets_cloudmask/dataset_cropped/10_Metas/13/15/20191013155400_00160.png,458.3,718.7,107.4,27.7,960
10/13/2019 15:55,datasets/dataset_cropped/10_Metas/13/15/20191013155500_00160.jpg,datasets_flow/dataset_cropped/10_Metas/13/15/20191013155500_00160.jpg,datasets_cloudmask/dataset_cropped/10_Metas/13/15/20191013155500_00160.png,453.5,712.6,107.2,27.8,960
10/13/2019 15:56,datasets/dataset_cropped/10_Metas/13/15/20191013155600_00160.jpg,datasets_flow/dataset_cropped/10_Metas/13/15/20191013155600_00160.jpg,datasets_cloudmask/dataset_cropped/10_Metas/13/15/20191013155600_00160.png,450.9,710.5,107.3,27.6,960
10/13/2019 15:57,datasets/dataset_cropped/10_Metas/13/15/20191013155700_00160.jpg,datasets_flow/dataset_cropped/10_Metas/13/15/20191013155700_00160.jpg,datasets_cloudmask/dataset_cropped/10_Metas/13/15/20191013155700_00160.png,448.4,708.7,107.3,27.6,960
10/13/2019 15:58,datasets/dataset_cropped/10_Metas/13/15/20191013155800_00160.jpg,datasets_flow/dataset_cropped/10_Metas/13/15/20191013155800_00160.jpg,datasets_cloudmask/dataset_cropped/10_Metas/13/15/20191013155800_00160.png,445.4,706.4,107.3,27.8,960
10/13/2019 15:59,datasets/dataset_cropped/10_Metas/13/15/20191013155900_00160.jpg,datasets_flow/dataset_cropped/10_Metas/13/15/20191013155900_00160.jpg,datasets_cloudmask/dataset_cropped/10_Metas/13/15/20191013155900_00160.png,441.5,702.5,106.9,27.9,960
10/13/2019 16:00,datasets/dataset_cropped/10_Metas/13/16/20191013160000_00160.jpg,datasets_flow/dataset_cropped/10_Metas/13/16/20191013160000_00160.jpg,datasets_cloudmask/dataset_cropped/10_Metas/13/16/20191013160000_00160.png,437.2,697.7,106.7,28.1,960
10/13/2019 16:01,datasets/dataset_cropped/10_Metas/13/16/20191013160100_00160.jpg,datasets_flow/dataset_cropped/10_Metas/13/16/20191013160100_00160.jpg,datasets_cloudmask/dataset_cropped/10_Metas/13/16/20191013160100_00160.png,435.4,697.9,106.7,27.9,960
10/13/2019 16:02,datasets/dataset_cropped/10_Metas/13/16/20191013160200_00160.jpg,datasets_flow/dataset_cropped/10_Metas/13/16/20191013160200_00160.jpg,datasets_cloudmask/dataset_cropped/10_Metas/13/16/20191013160200_00160.png,431.6,693.7,106.7,28.1,960
10/13/2019 16:03,datasets/dataset_cropped/10_Metas/13/16/20191013160300_00160.jpg,datasets_flow/dataset_cropped/10_Metas/13/16/20191013160300_00160.jpg,datasets_cloudmask/dataset_cropped/10_Metas/13/16/20191013160300_00160.png,430.5,695,106.6,28.1,960
10/13/2019 16:04,datasets/dataset_cropped/10_Metas/13/16/20191013160400_00160.jpg,datasets_flow/dataset_cropped/10_Metas/13/16/20191013160400_00160.jpg,datasets_cloudmask/dataset_cropped/10_Metas/13/16/20191013160400_00160.png,427.9,693.4,106.3,28.2,959
10/13/2019 16:05,datasets/dataset_cropped/10_Metas/13/16/20191013160500_00160.jpg,datasets_flow/dataset_cropped/10_Metas/13/16/20191013160500_00160.jpg,datasets_cloudmask/dataset_cropped/10_Metas/13/16/20191013160500_00160.png,423.6,687.6,106.2,28.3,960
10/13/2019 16:06,datasets/dataset_cropped/10_Metas/13/16/20191013160600_00160.jpg,datasets_flow/dataset_cropped/10_Metas/13/16/20191013160600_00160.jpg,datasets_cloudmask/dataset_cropped/10_Metas/13/16/20191013160600_00160.png,420.5,684.6,106.3,28.5,960
10/13/2019 16:07,datasets/dataset_cropped/10_Metas/13/16/20191013160700_00160.jpg,datasets_flow/dataset_cropped/10_Metas/13/16/20191013160700_00160.jpg,datasets_cloudmask/dataset_cropped/10_Metas/13/16/20191013160700_00160.png,417.2,681.4,106.4,28.6,960
10/13/2019 16:08,datasets/dataset_cropped/10_Metas/13/16/20191013160800_00160.jpg,datasets_flow/dataset_cropped/10_Metas/13/16/20191013160800_00160.jpg,datasets_cloudmask/dataset_cropped/10_Metas/13/16/20191013160800_00160.png,412.4,675.2,106.2,28.7,960
10/13/2019 16:09,datasets/dataset_cropped/10_Metas/13/16/20191013160900_00160.jpg,datasets_flow/dataset_cropped/10_Metas/13/16/20191013160900_00160.jpg,datasets_cloudmask/dataset_cropped/10_Metas/13/16/20191013160900_00160.png,409.7,673.7,105.7,28.6,960
10/13/2019 16:10,datasets/dataset_cropped/10_Metas/13/16/20191013161000_00160.jpg,datasets_flow/dataset_cropped/10_Metas/13/16/20191013161000_00160.jpg,datasets_cloudmask/dataset_cropped/10_Metas/13/16/20191013161000_00160.png,407.6,672.3,105.8,28.4,960
10/13/2019 16:11,datasets/dataset_cropped/10_Metas/13/16/20191013161100_00160.jpg,datasets_flow/dataset_cropped/10_Metas/13/16/20191013161100_00160.jpg,datasets_cloudmask/dataset_cropped/10_Metas/13/16/20191013161100_00160.png,404.1,668.5,105.8,28.3,960
10/13/2019 16:12,datasets/dataset_cropped/10_Metas/13/16/20191013161200_00160.jpg,datasets_flow/dataset_cropped/10_Metas/13/16/20191013161200_00160.jpg,datasets_cloudmask/dataset_cropped/10_Metas/13/16/20191013161200_00160.png,401.9,667.3,105.8,28.2,960
10/13/2019 16:13,datasets/dataset_cropped/10_Metas/13/16/20191013161300_00160.jpg,datasets_flow/dataset_cropped/10_Metas/13/16/20191013161300_00160.jpg,datasets_cloudmask/dataset_cropped/10_Metas/13/16/20191013161300_00160.png,398.8,664.2,105.6,28.1,960
10/13/2019 16:14,datasets/dataset_cropped/10_Metas/13/16/20191013161400_00160.jpg,datasets_flow/dataset_cropped/10_Metas/13/16/20191013161400_00160.jpg,datasets_cloudmask/dataset_cropped/10_Metas/13/16/20191013161400_00160.png,396.3,663,105.3,28.1,960
10/13/2019 16:15,datasets/dataset_cropped/10_Metas/13/16/20191013161500_00160.jpg,datasets_flow/dataset_cropped/10_Metas/13/16/20191013161500_00160.jpg,datasets_cloudmask/dataset_cropped/10_Metas/13/16/20191013161500_00160.png,393,660.3,105,28.1,960
10/13/2019 16:16,datasets/dataset_cropped/10_Metas/13/16/20191013161600_00160.jpg,datasets_flow/dataset_cropped/10_Metas/13/16/20191013161600_00160.jpg,datasets_cloudmask/dataset_cropped/10_Metas/13/16/20191013161600_00160.png,390.8,659.8,104.7,28,960
10/13/2019 16:17,datasets/dataset_cropped/10_Metas/13/16/20191013161700_00160.jpg,datasets_flow/dataset_cropped/10_Metas/13/16/20191013161700_00160.jpg,datasets_cloudmask/dataset_cropped/10_Metas/13/16/20191013161700_00160.png,387.4,656.4,104.7,27.9,960
10/13/2019 16:18,datasets/dataset_cropped/10_Metas/13/16/20191013161800_00160.jpg,datasets_flow/dataset_cropped/10_Metas/13/16/20191013161800_00160.jpg,datasets_cloudmask/dataset_cropped/10_Metas/13/16/20191013161800_00160.png,384,652.7,104.8,27.8,960
10/13/2019 16:19,datasets/dataset_cropped/10_Metas/13/16/20191013161900_00160.jpg,datasets_flow/dataset_cropped/10_Metas/13/16/20191013161900_00160.jpg,datasets_cloudmask/dataset_cropped/10_Metas/13/16/20191013161900_00160.png,379.6,647,104.7,27.9,960
10/13/2019 16:20,datasets/dataset_cropped/10_Metas/13/16/20191013162000_00160.jpg,datasets_flow/dataset_cropped/10_Metas/13/16/20191013162000_00160.jpg,datasets_cloudmask/dataset_cropped/10_Metas/13/16/20191013162000_00160.png,377.2,646.2,104.4,27.8,960
10/13/2019 16:21,datasets/dataset_cropped/10_Metas/13/16/20191013162100_00160.jpg,datasets_flow/dataset_cropped/10_Metas/13/16/20191013162100_00160.jpg,datasets_cloudmask/dataset_cropped/10_Metas/13/16/20191013162100_00160.png,373.4,641.9,104.2,27.6,960
10/13/2019 16:22,datasets/dataset_cropped/10_Metas/13/16/20191013162200_00160.jpg,datasets_flow/dataset_cropped/10_Metas/13/16/20191013162200_00160.jpg,datasets_cloudmask/dataset_cropped/10_Metas/13/16/20191013162200_00160.png,369,636.2,103.8,27.8,960
10/13/2019 16:23,datasets/dataset_cropped/10_Metas/13/16/20191013162300_00160.jpg,datasets_flow/dataset_cropped/10_Metas/13/16/20191013162300_00160.jpg,datasets_cloudmask/dataset_cropped/10_Metas/13/16/20191013162300_00160.png,365.8,633,103.6,27.9,960
10/13/2019 16:24,datasets/dataset_cropped/10_Metas/13/16/20191013162400_00160.jpg,datasets_flow/dataset_cropped/10_Metas/13/16/20191013162400_00160.jpg,datasets_cloudmask/dataset_cropped/10_Metas/13/16/20191013162400_00160.png,364,633.6,103.5,27.8,960
10/13/2019 16:25,datasets/dataset_cropped/10_Metas/13/16/20191013162500_00160.jpg,datasets_flow/dataset_cropped/10_Metas/13/16/20191013162500_00160.jpg,datasets_cloudmask/dataset_cropped/10_Metas/13/16/20191013162500_00160.png,361.2,631.8,103.1,27.7,960
10/13/2019 16:26,datasets/dataset_cropped/10_Metas/13/16/20191013162600_00160.jpg,datasets_flow/dataset_cropped/10_Metas/13/16/20191013162600_00160.jpg,datasets_cloudmask/dataset_cropped/10_Metas/13/16/20191013162600_00160.png,357.6,628,102.7,27.6,960
10/13/2019 16:27,datasets/dataset_cropped/10_Metas/13/16/20191013162700_00160.jpg,datasets_flow/dataset_cropped/10_Metas/13/16/20191013162700_00160.jpg,datasets_cloudmask/dataset_cropped/10_Metas/13/16/20191013162700_00160.png,353.5,622.5,102.1,27.3,960
10/13/2019 16:28,datasets/dataset_cropped/10_Metas/13/16/20191013162800_00160.jpg,datasets_flow/dataset_cropped/10_Metas/13/16/20191013162800_00160.jpg,datasets_cloudmask/dataset_cropped/10_Metas/13/16/20191013162800_00160.png,349.7,617.6,101.9,27.2,960
10/13/2019 16:29,datasets/dataset_cropped/10_Metas/13/16/20191013162900_00160.jpg,datasets_flow/dataset_cropped/10_Metas/13/16/20191013162900_00160.jpg,datasets_cloudmask/dataset_cropped/10_Metas/13/16/20191013162900_00160.png,346.3,614.1,101.9,27.2,960
10/13/2019 16:30,datasets/dataset_cropped/10_Metas/13/16/20191013163000_00160.jpg,datasets_flow/dataset_cropped/10_Metas/13/16/20191013163000_00160.jpg,datasets_cloudmask/dataset_cropped/10_Metas/13/16/20191013163000_00160.png,343.1,611.6,101.4,27.2,960
10/13/2019 16:31,datasets/dataset_cropped/10_Metas/13/16/20191013163100_00160.jpg,datasets_flow/dataset_cropped/10_Metas/13/16/20191013163100_00160.jpg,datasets_cloudmask/dataset_cropped/10_Metas/13/16/20191013163100_00160.png,340,609.5,101,27.3,960
10/13/2019 16:32,datasets/dataset_cropped/10_Metas/13/16/20191013163200_00160.jpg,datasets_flow/dataset_cropped/10_Metas/13/16/20191013163200_00160.jpg,datasets_cloudmask/dataset_cropped/10_Metas/13/16/20191013163200_00160.png,338,609.5,100.7,27.2,959
10/13/2019 16:33,datasets/dataset_cropped/10_Metas/13/16/20191013163300_00160.jpg,datasets_flow/dataset_cropped/10_Metas/13/16/20191013163300_00160.jpg,datasets_cloudmask/dataset_cropped/10_Metas/13/16/20191013163300_00160.png,334.5,606,100.1,27.1,960
10/13/2019 16:34,datasets/dataset_cropped/10_Metas/13/16/20191013163400_00160.jpg,datasets_flow/dataset_cropped/10_Metas/13/16/20191013163400_00160.jpg,datasets_cloudmask/dataset_cropped/10_Metas/13/16/20191013163400_00160.png,330.7,602,99.4,27,960
10/13/2019 16:35,datasets/dataset_cropped/10_Metas/13/16/20191013163500_00160.jpg,datasets_flow/dataset_cropped/10_Metas/13/16/20191013163500_00160.jpg,datasets_cloudmask/dataset_cropped/10_Metas/13/16/20191013163500_00160.png,326.8,597,98.9,26.9,959
10/13/2019 16:36,datasets/dataset_cropped/10_Metas/13/16/20191013163600_00160.jpg,datasets_flow/dataset_cropped/10_Metas/13/16/20191013163600_00160.jpg,datasets_cloudmask/dataset_cropped/10_Metas/13/16/20191013163600_00160.png,322.4,591.3,98.6,26.8,960
10/13/2019 16:37,datasets/dataset_cropped/10_Metas/13/16/20191013163700_00160.jpg,datasets_flow/dataset_cropped/10_Metas/13/16/20191013163700_00160.jpg,datasets_cloudmask/dataset_cropped/10_Metas/13/16/20191013163700_00160.png,319.7,589.6,98.2,26.8,960
10/13/2019 16:38,datasets/dataset_cropped/10_Metas/13/16/20191013163800_00160.jpg,datasets_flow/dataset_cropped/10_Metas/13/16/20191013163800_00160.jpg,datasets_cloudmask/dataset_cropped/10_Metas/13/16/20191013163800_00160.png,317.4,589.1,97.8,26.9,959
10/13/2019 16:39,datasets/dataset_cropped/10_Metas/13/16/20191013163900_00160.jpg,datasets_flow/dataset_cropped/10_Metas/13/16/20191013163900_00160.jpg,datasets_cloudmask/dataset_cropped/10_Metas/13/16/20191013163900_00160.png,313.6,584.7,97.2,26.8,959
10/13/2019 16:40,datasets/dataset_cropped/10_Metas/13/16/20191013164000_00160.jpg,datasets_flow/dataset_cropped/10_Metas/13/16/20191013164000_00160.jpg,datasets_cloudmask/dataset_cropped/10_Metas/13/16/20191013164000_00160.png,311,583.2,96.7,26.8,959
10/13/2019 16:41,datasets/dataset_cropped/10_Metas/13/16/20191013164100_00160.jpg,datasets_flow/dataset_cropped/10_Metas/13/16/20191013164100_00160.jpg,datasets_cloudmask/dataset_cropped/10_Metas/13/16/20191013164100_00160.png,307.5,579.5,96.4,26.8,960
10/13/2019 16:42,datasets/dataset_cropped/10_Metas/13/16/20191013164200_00160.jpg,datasets_flow/dataset_cropped/10_Metas/13/16/20191013164200_00160.jpg,datasets_cloudmask/dataset_cropped/10_Metas/13/16/20191013164200_00160.png,304.9,578.5,96.1,26.6,960
10/13/2019 16:43,datasets/dataset_cropped/10_Metas/13/16/20191013164300_00160.jpg,datasets_flow/dataset_cropped/10_Metas/13/16/20191013164300_00160.jpg,datasets_cloudmask/dataset_cropped/10_Metas/13/16/20191013164300_00160.png,302.2,577.2,95.6,26.6,959
10/13/2019 16:44,datasets/dataset_cropped/10_Metas/13/16/20191013164400_00160.jpg,datasets_flow/dataset_cropped/10_Metas/13/16/20191013164400_00160.jpg,datasets_cloudmask/dataset_cropped/10_Metas/13/16/20191013164400_00160.png,298.2,572,95.1,26.6,960
10/13/2019 16:45,datasets/dataset_cropped/10_Metas/13/16/20191013164500_00160.jpg,datasets_flow/dataset_cropped/10_Metas/13/16/20191013164500_00160.jpg,datasets_cloudmask/dataset_cropped/10_Metas/13/16/20191013164500_00160.png,292.6,562.4,94.5,26.6,959
10/13/2019 16:46,datasets/dataset_cropped/10_Metas/13/16/20191013164600_00160.jpg,datasets_flow/dataset_cropped/10_Metas/13/16/20191013164600_00160.jpg,datasets_cloudmask/dataset_cropped/10_Metas/13/16/20191013164600_00160.png,288.2,555.7,94.1,26.6,960
10/13/2019 16:47,datasets/dataset_cropped/10_Metas/13/16/20191013164700_00160.jpg,datasets_flow/dataset_cropped/10_Metas/13/16/20191013164700_00160.jpg,datasets_cloudmask/dataset_cropped/10_Metas/13/16/20191013164700_00160.png,285.7,554.3,93.8,26.6,960
10/13/2019 16:48,datasets/dataset_cropped/10_Metas/13/16/20191013164800_00160.jpg,datasets_flow/dataset_cropped/10_Metas/13/16/20191013164800_00160.jpg,datasets_cloudmask/dataset_cropped/10_Metas/13/16/20191013164800_00160.png,282.3,550.4,93.4,26.6,960
10/13/2019 16:49,datasets/dataset_cropped/10_Metas/13/16/20191013164900_00160.jpg,datasets_flow/dataset_cropped/10_Metas/13/16/20191013164900_00160.jpg,datasets_cloudmask/dataset_cropped/10_Metas/13/16/20191013164900_00160.png,278,544.3,92.8,26.5,960
10/13/2019 16:50,datasets/dataset_cropped/10_Metas/13/16/20191013165000_00160.jpg,datasets_flow/dataset_cropped/10_Metas/13/16/20191013165000_00160.jpg,datasets_cloudmask/dataset_cropped/10_Metas/13/16/20191013165000_00160.png,275,541.9,92.2,26.5,959
10/13/2019 16:51,datasets/dataset_cropped/10_Metas/13/16/20191013165100_00160.jpg,datasets_flow/dataset_cropped/10_Metas/13/16/20191013165100_00160.jpg,datasets_cloudmask/dataset_cropped/10_Metas/13/16/20191013165100_00160.png,272.6,541.4,91.6,26.6,960
10/13/2019 16:52,datasets/dataset_cropped/10_Metas/13/16/20191013165200_00160.jpg,datasets_flow/dataset_cropped/10_Metas/13/16/20191013165200_00160.jpg,datasets_cloudmask/dataset_cropped/10_Metas/13/16/20191013165200_00160.png,269.7,539.3,91.1,26.7,960
10/13/2019 16:53,datasets/dataset_cropped/10_Metas/13/16/20191013165300_00160.jpg,datasets_flow/dataset_cropped/10_Metas/13/16/20191013165300_00160.jpg,datasets_cloudmask/dataset_cropped/10_Metas/13/16/20191013165300_00160.png,266.6,536.4,90.6,26.6,960
10/13/2019 16:54,datasets/dataset_cropped/10_Metas/13/16/20191013165400_00160.jpg,datasets_flow/dataset_cropped/10_Metas/13/16/20191013165400_00160.jpg,datasets_cloudmask/dataset_cropped/10_Metas/13/16/20191013165400_00160.png,263.6,534,90.1,26.6,960
10/13/2019 16:55,datasets/dataset_cropped/10_Metas/13/16/20191013165500_00160.jpg,datasets_flow/dataset_cropped/10_Metas/13/16/20191013165500_00160.jpg,datasets_cloudmask/dataset_cropped/10_Metas/13/16/20191013165500_00160.png,261.3,533.7,89.5,26.6,960
10/13/2019 16:56,datasets/dataset_cropped/10_Metas/13/16/20191013165600_00160.jpg,datasets_flow/dataset_cropped/10_Metas/13/16/20191013165600_00160.jpg,datasets_cloudmask/dataset_cropped/10_Metas/13/16/20191013165600_00160.png,258.1,530.9,88.7,26.5,959
10/13/2019 16:57,datasets/dataset_cropped/10_Metas/13/16/20191013165700_00160.jpg,datasets_flow/dataset_cropped/10_Metas/13/16/20191013165700_00160.jpg,datasets_cloudmask/dataset_cropped/10_Metas/13/16/20191013165700_00160.png,254.8,527.3,88.1,26.5,960
10/13/2019 16:58,datasets/dataset_cropped/10_Metas/13/16/20191013165800_00160.jpg,datasets_flow/dataset_cropped/10_Metas/13/16/20191013165800_00160.jpg,datasets_cloudmask/dataset_cropped/10_Metas/13/16/20191013165800_00160.png,251.2,522.9,87.4,26.4,959
10/13/2019 16:59,datasets/dataset_cropped/10_Metas/13/16/20191013165900_00160.jpg,datasets_flow/dataset_cropped/10_Metas/13/16/20191013165900_00160.jpg,datasets_cloudmask/dataset_cropped/10_Metas/13/16/20191013165900_00160.png,247.9,519.3,86.7,26.4,959
10/13/2019 17:00,datasets/dataset_cropped/10_Metas/13/17/20191013170000_00160.jpg,datasets_flow/dataset_cropped/10_Metas/13/17/20191013170000_00160.jpg,datasets_cloudmask/dataset_cropped/10_Metas/13/17/20191013170000_00160.png,244.7,515.9,86.1,26.5,960
10/13/2019 17:01,datasets/dataset_cropped/10_Metas/13/17/20191013170100_00160.jpg,datasets_flow/dataset_cropped/10_Metas/13/17/20191013170100_00160.jpg,datasets_cloudmask/dataset_cropped/10_Metas/13/17/20191013170100_00160.png,242,514.4,85.5,26.6,960
10/13/2019 17:02,datasets/dataset_cropped/10_Metas/13/17/20191013170200_00160.jpg,datasets_flow/dataset_cropped/10_Metas/13/17/20191013170200_00160.jpg,datasets_cloudmask/dataset_cropped/10_Metas/13/17/20191013170200_00160.png,239.2,512.4,84.8,26.7,960
10/13/2019 17:03,datasets/dataset_cropped/10_Metas/13/17/20191013170300_00160.jpg,datasets_flow/dataset_cropped/10_Metas/13/17/20191013170300_00160.jpg,datasets_cloudmask/dataset_cropped/10_Metas/13/17/20191013170300_00160.png,235.9,509.1,84.1,26.5,959
10/13/2019 17:04,datasets/dataset_cropped/10_Metas/13/17/20191013170400_00160.jpg,datasets_flow/dataset_cropped/10_Metas/13/17/20191013170400_00160.jpg,datasets_cloudmask/dataset_cropped/10_Metas/13/17/20191013170400_00160.png,232.6,505.8,83.3,26.4,959
10/13/2019 17:05,datasets/dataset_cropped/10_Metas/13/17/20191013170500_00160.jpg,datasets_flow/dataset_cropped/10_Metas/13/17/20191013170500_00160.jpg,datasets_cloudmask/dataset_cropped/10_Metas/13/17/20191013170500_00160.png,229.5,502.2,82.8,26.4,959
10/13/2019 17:06,datasets/dataset_cropped/10_Metas/13/17/20191013170600_00160.jpg,datasets_flow/dataset_cropped/10_Metas/13/17/20191013170600_00160.jpg,datasets_cloudmask/dataset_cropped/10_Metas/13/17/20191013170600_00160.png,226.8,500.6,82.2,26.5,959
10/13/2019 17:07,datasets/dataset_cropped/10_Metas/13/17/20191013170700_00160.jpg,datasets_flow/dataset_cropped/10_Metas/13/17/20191013170700_00160.jpg,datasets_cloudmask/dataset_cropped/10_Metas/13/17/20191013170700_00160.png,223.7,497.2,81.5,26.4,960
10/13/2019 17:08,datasets/dataset_cropped/10_Metas/13/17/20191013170800_00160.jpg,datasets_flow/dataset_cropped/10_Metas/13/17/20191013170800_00160.jpg,datasets_cloudmask/dataset_cropped/10_Metas/13/17/20191013170800_00160.png,220.4,493.3,80.7,26.4,960
10/13/2019 17:09,datasets/dataset_cropped/10_Metas/13/17/20191013170900_00160.jpg,datasets_flow/dataset_cropped/10_Metas/13/17/20191013170900_00160.jpg,datasets_cloudmask/dataset_cropped/10_Metas/13/17/20191013170900_00160.png,216.7,487.3,80.2,26.4,959
10/13/2019 17:10,datasets/dataset_cropped/10_Metas/13/17/20191013171000_00160.jpg,datasets_flow/dataset_cropped/10_Metas/13/17/20191013171000_00160.jpg,datasets_cloudmask/dataset_cropped/10_Metas/13/17/20191013171000_00160.png,212.9,481.1,79.5,26.3,960
10/13/2019 17:11,datasets/dataset_cropped/10_Metas/13/17/20191013171100_00160.jpg,datasets_flow/dataset_cropped/10_Metas/13/17/20191013171100_00160.jpg,datasets_cloudmask/dataset_cropped/10_Metas/13/17/20191013171100_00160.png,209.6,477,79,26.1,959
10/13/2019 17:12,datasets/dataset_cropped/10_Metas/13/17/20191013171200_00160.jpg,datasets_flow/dataset_cropped/10_Metas/13/17/20191013171200_00160.jpg,datasets_cloudmask/dataset_cropped/10_Metas/13/17/20191013171200_00160.png,206.5,473.7,78.3,26.1,959
10/13/2019 17:13,datasets/dataset_cropped/10_Metas/13/17/20191013171300_00160.jpg,datasets_flow/dataset_cropped/10_Metas/13/17/20191013171300_00160.jpg,datasets_cloudmask/dataset_cropped/10_Metas/13/17/20191013171300_00160.png,203.7,470.9,77.7,26.2,960
10/13/2019 17:14,datasets/dataset_cropped/10_Metas/13/17/20191013171400_00160.jpg,datasets_flow/dataset_cropped/10_Metas/13/17/20191013171400_00160.jpg,datasets_cloudmask/dataset_cropped/10_Metas/13/17/20191013171400_00160.png,201.2,469,77.2,26.1,960
10/13/2019 17:15,datasets/dataset_cropped/10_Metas/13/17/20191013171500_00160.jpg,datasets_flow/dataset_cropped/10_Metas/13/17/20191013171500_00160.jpg,datasets_cloudmask/dataset_cropped/10_Metas/13/17/20191013171500_00160.png,198.6,466.6,76.7,26.1,960
10/13/2019 17:16,datasets/dataset_cropped/10_Metas/13/17/20191013171600_00160.jpg,datasets_flow/dataset_cropped/10_Metas/13/17/20191013171600_00160.jpg,datasets_cloudmask/dataset_cropped/10_Metas/13/17/20191013171600_00160.png,195.4,462.1,76.1,26.1,960
10/13/2019 17:17,datasets/dataset_cropped/10_Metas/13/17/20191013171700_00160.jpg,datasets_flow/dataset_cropped/10_Metas/13/17/20191013171700_00160.jpg,datasets_cloudmask/dataset_cropped/10_Metas/13/17/20191013171700_00160.png,191.9,456.9,75.5,26.1,960
10/13/2019 17:18,datasets/dataset_cropped/10_Metas/13/17/20191013171800_00160.jpg,datasets_flow/dataset_cropped/10_Metas/13/17/20191013171800_00160.jpg,datasets_cloudmask/dataset_cropped/10_Metas/13/17/20191013171800_00160.png,188.6,451.6,75,26.2,959
10/13/2019 17:19,datasets/dataset_cropped/10_Metas/13/17/20191013171900_00160.jpg,datasets_flow/dataset_cropped/10_Metas/13/17/20191013171900_00160.jpg,datasets_cloudmask/dataset_cropped/10_Metas/13/17/20191013171900_00160.png,185.1,445.9,74.4,26.1,960
10/13/2019 17:20,datasets/dataset_cropped/10_Metas/13/17/20191013172000_00160.jpg,datasets_flow/dataset_cropped/10_Metas/13/17/20191013172000_00160.jpg,datasets_cloudmask/dataset_cropped/10_Metas/13/17/20191013172000_00160.png,181.4,439.9,73.6,26.1,959
10/13/2019 17:21,datasets/dataset_cropped/10_Metas/13/17/20191013172100_00160.jpg,datasets_flow/dataset_cropped/10_Metas/13/17/20191013172100_00160.jpg,datasets_cloudmask/dataset_cropped/10_Metas/13/17/20191013172100_00160.png,178.3,436.1,72.8,26,959
10/13/2019 17:22,datasets/dataset_cropped/10_Metas/13/17/20191013172200_00160.jpg,datasets_flow/dataset_cropped/10_Metas/13/17/20191013172200_00160.jpg,datasets_cloudmask/dataset_cropped/10_Metas/13/17/20191013172200_00160.png,175.4,433.1,71.9,26,960
10/13/2019 17:23,datasets/dataset_cropped/10_Metas/13/17/20191013172300_00160.jpg,datasets_flow/dataset_cropped/10_Metas/13/17/20191013172300_00160.jpg,datasets_cloudmask/dataset_cropped/10_Metas/13/17/20191013172300_00160.png,172.5,429.2,71.2,26.1,959
10/13/2019 17:24,datasets/dataset_cropped/10_Metas/13/17/20191013172400_00160.jpg,datasets_flow/dataset_cropped/10_Metas/13/17/20191013172400_00160.jpg,datasets_cloudmask/dataset_cropped/10_Metas/13/17/20191013172400_00160.png,168.9,422.9,70.4,26,960
10/13/2019 17:25,datasets/dataset_cropped/10_Metas/13/17/20191013172500_00160.jpg,datasets_flow/dataset_cropped/10_Metas/13/17/20191013172500_00160.jpg,datasets_cloudmask/dataset_cropped/10_Metas/13/17/20191013172500_00160.png,165.6,417.7,69.7,26,959
10/13/2019 17:26,datasets/dataset_cropped/10_Metas/13/17/20191013172600_00160.jpg,datasets_flow/dataset_cropped/10_Metas/13/17/20191013172600_00160.jpg,datasets_cloudmask/dataset_cropped/10_Metas/13/17/20191013172600_00160.png,162.8,414.2,68.9,25.9,959
10/13/2019 17:27,datasets/dataset_cropped/10_Metas/13/17/20191013172700_00160.jpg,datasets_flow/dataset_cropped/10_Metas/13/17/20191013172700_00160.jpg,datasets_cloudmask/dataset_cropped/10_Metas/13/17/20191013172700_00160.png,159.8,409.8,68.3,25.9,959
10/13/2019 17:28,datasets/dataset_cropped/10_Metas/13/17/20191013172800_00160.jpg,datasets_flow/dataset_cropped/10_Metas/13/17/20191013172800_00160.jpg,datasets_cloudmask/dataset_cropped/10_Metas/13/17/20191013172800_00160.png,156.7,404.6,67.7,25.9,959
10/13/2019 17:29,datasets/dataset_cropped/10_Metas/13/17/20191013172900_00160.jpg,datasets_flow/dataset_cropped/10_Metas/13/17/20191013172900_00160.jpg,datasets_cloudmask/dataset_cropped/10_Metas/13/17/20191013172900_00160.png,153.7,400.1,66.9,25.9,959
10/13/2019 17:30,datasets/dataset_cropped/10_Metas/13/17/20191013173000_00160.jpg,datasets_flow/dataset_cropped/10_Metas/13/17/20191013173000_00160.jpg,datasets_cloudmask/dataset_cropped/10_Metas/13/17/20191013173000_00160.png,150.6,395.2,66.1,25.9,959
10/13/2019 17:31,datasets/dataset_cropped/10_Metas/13/17/20191013173100_00160.jpg,datasets_flow/dataset_cropped/10_Metas/13/17/20191013173100_00160.jpg,datasets_cloudmask/dataset_cropped/10_Metas/13/17/20191013173100_00160.png,147.6,390.3,65.5,25.8,959
10/13/2019 17:32,datasets/dataset_cropped/10_Metas/13/17/20191013173200_00160.jpg,datasets_flow/dataset_cropped/10_Metas/13/17/20191013173200_00160.jpg,datasets_cloudmask/dataset_cropped/10_Metas/13/17/20191013173200_00160.png,144.3,384,64.7,25.9,959
10/13/2019 17:33,datasets/dataset_cropped/10_Metas/13/17/20191013173300_00160.jpg,datasets_flow/dataset_cropped/10_Metas/13/17/20191013173300_00160.jpg,datasets_cloudmask/dataset_cropped/10_Metas/13/17/20191013173300_00160.png,140.8,377.2,63.8,25.9,959
10/13/2019 17:34,datasets/dataset_cropped/10_Metas/13/17/20191013173400_00160.jpg,datasets_flow/dataset_cropped/10_Metas/13/17/20191013173400_00160.jpg,datasets_cloudmask/dataset_cropped/10_Metas/13/17/20191013173400_00160.png,137.8,371.5,63.2,25.9,959
10/13/2019 17:35,datasets/dataset_cropped/10_Metas/13/17/20191013173500_00160.jpg,datasets_flow/dataset_cropped/10_Metas/13/17/20191013173500_00160.jpg,datasets_cloudmask/dataset_cropped/10_Metas/13/17/20191013173500_00160.png,134.8,366.8,62.4,25.8,959
10/13/2019 17:36,datasets/dataset_cropped/10_Metas/13/17/20191013173600_00160.jpg,datasets_flow/dataset_cropped/10_Metas/13/17/20191013173600_00160.jpg,datasets_cloudmask/dataset_cropped/10_Metas/13/17/20191013173600_00160.png,131.8,361.2,61.5,25.7,959
10/13/2019 17:37,datasets/dataset_cropped/10_Metas/13/17/20191013173700_00160.jpg,datasets_flow/dataset_cropped/10_Metas/13/17/20191013173700_00160.jpg,datasets_cloudmask/dataset_cropped/10_Metas/13/17/20191013173700_00160.png,128.4,354.3,60.6,25.7,960
10/13/2019 17:38,datasets/dataset_cropped/10_Metas/13/17/20191013173800_00160.jpg,datasets_flow/dataset_cropped/10_Metas/13/17/20191013173800_00160.jpg,datasets_cloudmask/dataset_cropped/10_Metas/13/17/20191013173800_00160.png,125.3,348.3,59.8,25.7,959
10/13/2019 17:39,datasets/dataset_cropped/10_Metas/13/17/20191013173900_00160.jpg,datasets_flow/dataset_cropped/10_Metas/13/17/20191013173900_00160.jpg,datasets_cloudmask/dataset_cropped/10_Metas/13/17/20191013173900_00160.png,122.6,343.4,59,25.7,959
10/13/2019 17:40,datasets/dataset_cropped/10_Metas/13/17/20191013174000_00160.jpg,datasets_flow/dataset_cropped/10_Metas/13/17/20191013174000_00160.jpg,datasets_cloudmask/dataset_cropped/10_Metas/13/17/20191013174000_00160.png,119.5,336.6,58.2,25.6,959
10/13/2019 17:41,datasets/dataset_cropped/10_Metas/13/17/20191013174100_00160.jpg,datasets_flow/dataset_cropped/10_Metas/13/17/20191013174100_00160.jpg,datasets_cloudmask/dataset_cropped/10_Metas/13/17/20191013174100_00160.png,116.4,329.7,57.4,25.6,959
10/13/2019 17:42,datasets/dataset_cropped/10_Metas/13/17/20191013174200_00160.jpg,datasets_flow/dataset_cropped/10_Metas/13/17/20191013174200_00160.jpg,datasets_cloudmask/dataset_cropped/10_Metas/13/17/20191013174200_00160.png,113.4,322.7,56.7,25.6,959
10/13/2019 17:43,datasets/dataset_cropped/10_Metas/13/17/20191013174300_00160.jpg,datasets_flow/dataset_cropped/10_Metas/13/17/20191013174300_00160.jpg,datasets_cloudmask/dataset_cropped/10_Metas/13/17/20191013174300_00160.png,110.3,315.8,55.9,25.5,959
10/13/2019 17:44,datasets/dataset_cropped/10_Metas/13/17/20191013174400_00160.jpg,datasets_flow/dataset_cropped/10_Metas/13/17/20191013174400_00160.jpg,datasets_cloudmask/dataset_cropped/10_Metas/13/17/20191013174400_00160.png,107.3,308.8,55.2,25.5,959
10/13/2019 17:45,datasets/dataset_cropped/10_Metas/13/17/20191013174500_00160.jpg,datasets_flow/dataset_cropped/10_Metas/13/17/20191013174500_00160.jpg,datasets_cloudmask/dataset_cropped/10_Metas/13/17/20191013174500_00160.png,104.2,301,54.4,25.5,959
10/13/2019 17:46,datasets/dataset_cropped/10_Metas/13/17/20191013174600_00160.jpg,datasets_flow/dataset_cropped/10_Metas/13/17/20191013174600_00160.jpg,datasets_cloudmask/dataset_cropped/10_Metas/13/17/20191013174600_00160.png,101.2,293.8,53.5,25.5,959
10/13/2019 17:47,datasets/dataset_cropped/10_Metas/13/17/20191013174700_00160.jpg,datasets_flow/dataset_cropped/10_Metas/13/17/20191013174700_00160.jpg,datasets_cloudmask/dataset_cropped/10_Metas/13/17/20191013174700_00160.png,98.1,285.8,52.6,25.4,959
10/13/2019 17:48,datasets/dataset_cropped/10_Metas/13/17/20191013174800_00160.jpg,datasets_flow/dataset_cropped/10_Metas/13/17/20191013174800_00160.jpg,datasets_cloudmask/dataset_cropped/10_Metas/13/17/20191013174800_00160.png,94.9,277.6,51.8,25.4,960
10/13/2019 17:49,datasets/dataset_cropped/10_Metas/13/17/20191013174900_00160.jpg,datasets_flow/dataset_cropped/10_Metas/13/17/20191013174900_00160.jpg,datasets_cloudmask/dataset_cropped/10_Metas/13/17/20191013174900_00160.png,92,270.2,50.9,25.3,959
10/13/2019 17:50,datasets/dataset_cropped/10_Metas/13/17/20191013175000_00160.jpg,datasets_flow/dataset_cropped/10_Metas/13/17/20191013175000_00160.jpg,datasets_cloudmask/dataset_cropped/10_Metas/13/17/20191013175000_00160.png,88.9,262.2,49.9,25.2,959
10/13/2019 17:51,datasets/dataset_cropped/10_Metas/13/17/20191013175100_00160.jpg,datasets_flow/dataset_cropped/10_Metas/13/17/20191013175100_00160.jpg,datasets_cloudmask/dataset_cropped/10_Metas/13/17/20191013175100_00160.png,86,255,48.8,25.2,959
10/13/2019 17:52,datasets/dataset_cropped/10_Metas/13/17/20191013175200_00160.jpg,datasets_flow/dataset_cropped/10_Metas/13/17/20191013175200_00160.jpg,datasets_cloudmask/dataset_cropped/10_Metas/13/17/20191013175200_00160.png,83.1,247.9,47.8,25.2,959
10/13/2019 17:53,datasets/dataset_cropped/10_Metas/13/17/20191013175300_00160.jpg,datasets_flow/dataset_cropped/10_Metas/13/17/20191013175300_00160.jpg,datasets_cloudmask/dataset_cropped/10_Metas/13/17/20191013175300_00160.png,80.3,240.7,46.8,25.2,959
10/13/2019 17:54,datasets/dataset_cropped/10_Metas/13/17/20191013175400_00160.jpg,datasets_flow/dataset_cropped/10_Metas/13/17/20191013175400_00160.jpg,datasets_cloudmask/dataset_cropped/10_Metas/13/17/20191013175400_00160.png,77.5,234,45.8,25.1,959
10/13/2019 17:55,datasets/dataset_cropped/10_Metas/13/17/20191013175500_00160.jpg,datasets_flow/dataset_cropped/10_Metas/13/17/20191013175500_00160.jpg,datasets_cloudmask/dataset_cropped/10_Metas/13/17/20191013175500_00160.png,74.8,227.2,45.8,25.1,959
10/13/2019 17:56,datasets/dataset_cropped/10_Metas/13/17/20191013175600_00160.jpg,datasets_flow/dataset_cropped/10_Metas/13/17/20191013175600_00160.jpg,datasets_cloudmask/dataset_cropped/10_Metas/13/17/20191013175600_00160.png,72.2,220.3,43.8,25.1,960
10/13/2019 17:57,datasets/dataset_cropped/10_Metas/13/17/20191013175700_00160.jpg,datasets_flow/dataset_cropped/10_Metas/13/17/20191013175700_00160.jpg,datasets_cloudmask/dataset_cropped/10_Metas/13/17/20191013175700_00160.png,69.5,213,42.7,25,959
10/13/2019 17:58,datasets/dataset_cropped/10_Metas/13/17/20191013175800_00160.jpg,datasets_flow/dataset_cropped/10_Metas/13/17/20191013175800_00160.jpg,datasets_cloudmask/dataset_cropped/10_Metas/13/17/20191013175800_00160.png,66.9,205.1,41.8,24.9,959
10/13/2019 17:59,datasets/dataset_cropped/10_Metas/13/17/20191013175900_00160.jpg,datasets_flow/dataset_cropped/10_Metas/13/17/20191013175900_00160.jpg,datasets_cloudmask/dataset_cropped/10_Metas/13/17/20191013175900_00160.png,64.3,196.8,40.8,24.9,960
10/13/2019 18:00,datasets/dataset_cropped/10_Metas/13/18/20191013180000_00160.jpg,datasets_flow/dataset_cropped/10_Metas/13/18/20191013180000_00160.jpg,datasets_cloudmask/dataset_cropped/10_Metas/13/18/20191013180000_00160.png,61.7,189.1,39.8,24.9,959
10/13/2019 18:01,datasets/dataset_cropped/10_Metas/13/18/20191013180100_00160.jpg,datasets_flow/dataset_cropped/10_Metas/13/18/20191013180100_00160.jpg,datasets_cloudmask/dataset_cropped/10_Metas/13/18/20191013180100_00160.png,59.1,180.7,38.7,24.9,959
10/13/2019 18:02,datasets/dataset_cropped/10_Metas/13/18/20191013180200_00160.jpg,datasets_flow/dataset_cropped/10_Metas/13/18/20191013180200_00160.jpg,datasets_cloudmask/dataset_cropped/10_Metas/13/18/20191013180200_00160.png,56.5,171.9,37.7,24.9,959
10/13/2019 18:03,datasets/dataset_cropped/10_Metas/13/18/20191013180300_00160.jpg,datasets_flow/dataset_cropped/10_Metas/13/18/20191013180300_00160.jpg,datasets_cloudmask/dataset_cropped/10_Metas/13/18/20191013180300_00160.png,54.1,164.6,36.6,24.9,959
10/13/2019 18:04,datasets/dataset_cropped/10_Metas/13/18/20191013180400_00160.jpg,datasets_flow/dataset_cropped/10_Metas/13/18/20191013180400_00160.jpg,datasets_cloudmask/dataset_cropped/10_Metas/13/18/20191013180400_00160.png,51.5,156,35.5,24.8,960
10/13/2019 18:05,datasets/dataset_cropped/10_Metas/13/18/20191013180500_00160.jpg,datasets_flow/dataset_cropped/10_Metas/13/18/20191013180500_00160.jpg,datasets_cloudmask/dataset_cropped/10_Metas/13/18/20191013180500_00160.png,49,147.6,34.4,24.8,959
10/13/2019 18:06,datasets/dataset_cropped/10_Metas/13/18/20191013180600_00160.jpg,datasets_flow/dataset_cropped/10_Metas/13/18/20191013180600_00160.jpg,datasets_cloudmask/dataset_cropped/10_Metas/13/18/20191013180600_00160.png,46.7,139.4,33.3,24.8,959
10/13/2019 18:07,datasets/dataset_cropped/10_Metas/13/18/20191013180700_00160.jpg,datasets_flow/dataset_cropped/10_Metas/13/18/20191013180700_00160.jpg,datasets_cloudmask/dataset_cropped/10_Metas/13/18/20191013180700_00160.png,44.3,130.8,32.2,24.7,960
10/13/2019 18:08,datasets/dataset_cropped/10_Metas/13/18/20191013180800_00160.jpg,datasets_flow/dataset_cropped/10_Metas/13/18/20191013180800_00160.jpg,datasets_cloudmask/dataset_cropped/10_Metas/13/18/20191013180800_00160.png,41.9,122.2,31,24.7,959
10/13/2019 18:09,datasets/dataset_cropped/10_Metas/13/18/20191013180900_00160.jpg,datasets_flow/dataset_cropped/10_Metas/13/18/20191013180900_00160.jpg,datasets_cloudmask/dataset_cropped/10_Metas/13/18/20191013180900_00160.png,39.6,113.8,29.8,24.7,959
10/13/2019 18:10,datasets/dataset_cropped/10_Metas/13/18/20191013181000_00160.jpg,datasets_flow/dataset_cropped/10_Metas/13/18/20191013181000_00160.jpg,datasets_cloudmask/dataset_cropped/10_Metas/13/18/20191013181000_00160.png,37.4,105.7,28.6,24.6,960
10/13/2019 18:11,datasets/dataset_cropped/10_Metas/13/18/20191013181100_00160.jpg,datasets_flow/dataset_cropped/10_Metas/13/18/20191013181100_00160.jpg,datasets_cloudmask/dataset_cropped/10_Metas/13/18/20191013181100_00160.png,35.3,97.3,27.5,24.5,959
10/13/2019 18:12,datasets/dataset_cropped/10_Metas/13/18/20191013181200_00160.jpg,datasets_flow/dataset_cropped/10_Metas/13/18/20191013181200_00160.jpg,datasets_cloudmask/dataset_cropped/10_Metas/13/18/20191013181200_00160.png,33.2,88.8,26.4,24.5,959
10/13/2019 18:13,datasets/dataset_cropped/10_Metas/13/18/20191013181300_00160.jpg,datasets_flow/dataset_cropped/10_Metas/13/18/20191013181300_00160.jpg,datasets_cloudmask/dataset_cropped/10_Metas/13/18/20191013181300_00160.png,31.2,81.1,25.2,24.5,959
10/13/2019 18:14,datasets/dataset_cropped/10_Metas/13/18/20191013181400_00160.jpg,datasets_flow/dataset_cropped/10_Metas/13/18/20191013181400_00160.jpg,datasets_cloudmask/dataset_cropped/10_Metas/13/18/20191013181400_00160.png,29.2,73.1,24,24.4,960
10/13/2019 18:15,datasets/dataset_cropped/10_Metas/13/18/20191013181500_00160.jpg,datasets_flow/dataset_cropped/10_Metas/13/18/20191013181500_00160.jpg,datasets_cloudmask/dataset_cropped/10_Metas/13/18/20191013181500_00160.png,27.3,65.2,22.9,24.4,960
10/13/2019 18:16,datasets/dataset_cropped/10_Metas/13/18/20191013181600_00160.jpg,datasets_flow/dataset_cropped/10_Metas/13/18/20191013181600_00160.jpg,datasets_cloudmask/dataset_cropped/10_Metas/13/18/20191013181600_00160.png,25.6,58,21.7,24.3,960
10/13/2019 18:17,datasets/dataset_cropped/10_Metas/13/18/20191013181700_00160.jpg,datasets_flow/dataset_cropped/10_Metas/13/18/20191013181700_00160.jpg,datasets_cloudmask/dataset_cropped/10_Metas/13/18/20191013181700_00160.png,23.8,50.7,20.6,24.3,960
10/13/2019 18:18,datasets/dataset_cropped/10_Metas/13/18/20191013181800_00160.jpg,datasets_flow/dataset_cropped/10_Metas/13/18/20191013181800_00160.jpg,datasets_cloudmask/dataset_cropped/10_Metas/13/18/20191013181800_00160.png,22.1,43.6,19.5,24.2,960
10/13/2019 18:19,datasets/dataset_cropped/10_Metas/13/18/20191013181900_00160.jpg,datasets_flow/dataset_cropped/10_Metas/13/18/20191013181900_00160.jpg,datasets_cloudmask/dataset_cropped/10_Metas/13/18/20191013181900_00160.png,20.5,36.8,18.3,24.2,960
10/13/2019 18:20,datasets/dataset_cropped/10_Metas/13/18/20191013182000_00160.jpg,datasets_flow/dataset_cropped/10_Metas/13/18/20191013182000_00160.jpg,datasets_cloudmask/dataset_cropped/10_Metas/13/18/20191013182000_00160.png,18.9,30.4,17.2,24.1,960
10/13/2019 18:21,datasets/dataset_cropped/10_Metas/13/18/20191013182100_00160.jpg,datasets_flow/dataset_cropped/10_Metas/13/18/20191013182100_00160.jpg,datasets_cloudmask/dataset_cropped/10_Metas/13/18/20191013182100_00160.png,17.4,25.1,16,24,960
10/13/2019 18:22,datasets/dataset_cropped/10_Metas/13/18/20191013182200_00160.jpg,datasets_flow/dataset_cropped/10_Metas/13/18/20191013182200_00160.jpg,datasets_cloudmask/dataset_cropped/10_Metas/13/18/20191013182200_00160.png,16,20.5,14.9,24,960
10/13/2019 18:23,datasets/dataset_cropped/10_Metas/13/18/20191013182300_00160.jpg,datasets_flow/dataset_cropped/10_Metas/13/18/20191013182300_00160.jpg,datasets_cloudmask/dataset_cropped/10_Metas/13/18/20191013182300_00160.png,14.7,16.2,13.8,24,960
10/13/2019 18:24,datasets/dataset_cropped/10_Metas/13/18/20191013182400_00160.jpg,datasets_flow/dataset_cropped/10_Metas/13/18/20191013182400_00160.jpg,datasets_cloudmask/dataset_cropped/10_Metas/13/18/20191013182400_00160.png,13.4,12.1,12.7,23.9,960
10/13/2019 18:25,datasets/dataset_cropped/10_Metas/13/18/20191013182500_00160.jpg,datasets_flow/dataset_cropped/10_Metas/13/18/20191013182500_00160.jpg,datasets_cloudmask/dataset_cropped/10_Metas/13/18/20191013182500_00160.png,12.2,8.8,11.7,23.9,960
10/13/2019 18:26,datasets/dataset_cropped/10_Metas/13/18/20191013182600_00160.jpg,datasets_flow/dataset_cropped/10_Metas/13/18/20191013182600_00160.jpg,datasets_cloudmask/dataset_cropped/10_Metas/13/18/20191013182600_00160.png,11,6.2,10.6,23.8,960
10/13/2019 18:27,datasets/dataset_cropped/10_Metas/13/18/20191013182700_00160.jpg,datasets_flow/dataset_cropped/10_Metas/13/18/20191013182700_00160.jpg,datasets_cloudmask/dataset_cropped/10_Metas/13/18/20191013182700_00160.png,9.9,3.2,9.6,23.8,960
10/13/2019 18:28,datasets/dataset_cropped/10_Metas/13/18/20191013182800_00160.jpg,datasets_flow/dataset_cropped/10_Metas/13/18/20191013182800_00160.jpg,datasets_cloudmask/dataset_cropped/10_Metas/13/18/20191013182800_00160.png,8.8,0.5,8.6,23.7,960
10/13/2019 18:29,datasets/dataset_cropped/10_Metas/13/18/20191013182900_00160.jpg,datasets_flow/dataset_cropped/10_Metas/13/18/20191013182900_00160.jpg,datasets_cloudmask/dataset_cropped/10_Metas/13/18/20191013182900_00160.png,7.8,0,7.6,23.7,960
10/13/2019 18:30,datasets/dataset_cropped/10_Metas/13/18/20191013183000_00160.jpg,datasets_flow/dataset_cropped/10_Metas/13/18/20191013183000_00160.jpg,datasets_cloudmask/dataset_cropped/10_Metas/13/18/20191013183000_00160.png,6.9,0,6.7,23.6,960
10/13/2019 18:31,datasets/dataset_cropped/10_Metas/13/18/20191013183100_00160.jpg,datasets_flow/dataset_cropped/10_Metas/13/18/20191013183100_00160.jpg,datasets_cloudmask/dataset_cropped/10_Metas/13/18/20191013183100_00160.png,6,0,5.8,23.6,960
10/13/2019 18:32,datasets/dataset_cropped/10_Metas/13/18/20191013183200_00160.jpg,datasets_flow/dataset_cropped/10_Metas/13/18/20191013183200_00160.jpg,datasets_cloudmask/dataset_cropped/10_Metas/13/18/20191013183200_00160.png,5.2,0,5,23.5,960
10/13/2019 18:33,datasets/dataset_cropped/10_Metas/13/18/20191013183300_00160.jpg,datasets_flow/dataset_cropped/10_Metas/13/18/20191013183300_00160.jpg,datasets_cloudmask/dataset_cropped/10_Metas/13/18/20191013183300_00160.png,4.5,0,4.3,23.5,960
10/13/2019 18:34,datasets/dataset_cropped/10_Metas/13/18/20191013183400_00160.jpg,datasets_flow/dataset_cropped/10_Metas/13/18/20191013183400_00160.jpg,datasets_cloudmask/dataset_cropped/10_Metas/13/18/20191013183400_00160.png,3.8,0,3.5,23.5,960
10/14/2019 7:17,datasets/dataset_cropped/10_Metas/14/07/20191014071730_00160.jpg,datasets_flow/dataset_cropped/10_Metas/14/07/20191014071730_00160.jpg,datasets_cloudmask/dataset_cropped/10_Metas/14/07/20191014071730_00160.png,5.4,0,5.4,15.5,958
10/14/2019 7:18,datasets/dataset_cropped/10_Metas/14/07/20191014071800_00160.jpg,datasets_flow/dataset_cropped/10_Metas/14/07/20191014071800_00160.jpg,datasets_cloudmask/dataset_cropped/10_Metas/14/07/20191014071800_00160.png,5.4,0,5.4,15.5,958
10/14/2019 7:19,datasets/dataset_cropped/10_Metas/14/07/20191014071900_00160.jpg,datasets_flow/dataset_cropped/10_Metas/14/07/20191014071900_00160.jpg,datasets_cloudmask/dataset_cropped/10_Metas/14/07/20191014071900_00160.png,5.6,0,5.6,15.5,958
10/14/2019 7:20,datasets/dataset_cropped/10_Metas/14/07/20191014072000_00160.jpg,datasets_flow/dataset_cropped/10_Metas/14/07/20191014072000_00160.jpg,datasets_cloudmask/dataset_cropped/10_Metas/14/07/20191014072000_00160.png,5.6,0,5.6,15.5,958
10/14/2019 7:21,datasets/dataset_cropped/10_Metas/14/07/20191014072100_00160.jpg,datasets_flow/dataset_cropped/10_Metas/14/07/20191014072100_00160.jpg,datasets_cloudmask/dataset_cropped/10_Metas/14/07/20191014072100_00160.png,5.7,0,5.7,15.4,958
10/14/2019 7:22,datasets/dataset_cropped/10_Metas/14/07/20191014072200_00160.jpg,datasets_flow/dataset_cropped/10_Metas/14/07/20191014072200_00160.jpg,datasets_cloudmask/dataset_cropped/10_Metas/14/07/20191014072200_00160.png,6,0.3,5.9,15.4,958
10/14/2019 7:23,datasets/dataset_cropped/10_Metas/14/07/20191014072300_00160.jpg,datasets_flow/dataset_cropped/10_Metas/14/07/20191014072300_00160.jpg,datasets_cloudmask/dataset_cropped/10_Metas/14/07/20191014072300_00160.png,6.5,0.7,6.4,15.5,958
10/14/2019 7:24,datasets/dataset_cropped/10_Metas/14/07/20191014072400_00160.jpg,datasets_flow/dataset_cropped/10_Metas/14/07/20191014072400_00160.jpg,datasets_cloudmask/dataset_cropped/10_Metas/14/07/20191014072400_00160.png,7.3,0.7,7.2,15.7,958
10/14/2019 7:25,datasets/dataset_cropped/10_Metas/14/07/20191014072500_00160.jpg,datasets_flow/dataset_cropped/10_Metas/14/07/20191014072500_00160.jpg,datasets_cloudmask/dataset_cropped/10_Metas/14/07/20191014072500_00160.png,8.4,0.6,8.4,15.8,958
10/14/2019 7:26,datasets/dataset_cropped/10_Metas/14/07/20191014072600_00160.jpg,datasets_flow/dataset_cropped/10_Metas/14/07/20191014072600_00160.jpg,datasets_cloudmask/dataset_cropped/10_Metas/14/07/20191014072600_00160.png,9.3,0.1,9.3,15.9,958
10/14/2019 7:27,datasets/dataset_cropped/10_Metas/14/07/20191014072700_00160.jpg,datasets_flow/dataset_cropped/10_Metas/14/07/20191014072700_00160.jpg,datasets_cloudmask/dataset_cropped/10_Metas/14/07/20191014072700_00160.png,10.1,0,10.2,15.9,958
10/14/2019 7:28,datasets/dataset_cropped/10_Metas/14/07/20191014072800_00160.jpg,datasets_flow/dataset_cropped/10_Metas/14/07/20191014072800_00160.jpg,datasets_cloudmask/dataset_cropped/10_Metas/14/07/20191014072800_00160.png,11.1,0,11.2,15.9,958
10/14/2019 7:29,datasets/dataset_cropped/10_Metas/14/07/20191014072900_00160.jpg,datasets_flow/dataset_cropped/10_Metas/14/07/20191014072900_00160.jpg,datasets_cloudmask/dataset_cropped/10_Metas/14/07/20191014072900_00160.png,12.8,0.1,12.9,15.9,958
10/14/2019 7:30,datasets/dataset_cropped/10_Metas/14/07/20191014073000_00160.jpg,datasets_flow/dataset_cropped/10_Metas/14/07/20191014073000_00160.jpg,datasets_cloudmask/dataset_cropped/10_Metas/14/07/20191014073000_00160.png,15.3,0.1,15.6,15.9,958
10/14/2019 7:31,datasets/dataset_cropped/10_Metas/14/07/20191014073100_00160.jpg,datasets_flow/dataset_cropped/10_Metas/14/07/20191014073100_00160.jpg,datasets_cloudmask/dataset_cropped/10_Metas/14/07/20191014073100_00160.png,18.2,0.3,18.2,15.9,958
10/14/2019 7:32,datasets/dataset_cropped/10_Metas/14/07/20191014073200_00160.jpg,datasets_flow/dataset_cropped/10_Metas/14/07/20191014073200_00160.jpg,datasets_cloudmask/dataset_cropped/10_Metas/14/07/20191014073200_00160.png,20.4,0.6,20.4,16,958
10/14/2019 7:33,datasets/dataset_cropped/10_Metas/14/07/20191014073300_00160.jpg,datasets_flow/dataset_cropped/10_Metas/14/07/20191014073300_00160.jpg,datasets_cloudmask/dataset_cropped/10_Metas/14/07/20191014073300_00160.png,22.1,1,22.3,16.1,958
10/14/2019 7:34,datasets/dataset_cropped/10_Metas/14/07/20191014073400_00160.jpg,datasets_flow/dataset_cropped/10_Metas/14/07/20191014073400_00160.jpg,datasets_cloudmask/dataset_cropped/10_Metas/14/07/20191014073400_00160.png,23.9,1.6,24.1,16.2,958
10/14/2019 7:35,datasets/dataset_cropped/10_Metas/14/07/20191014073500_00160.jpg,datasets_flow/dataset_cropped/10_Metas/14/07/20191014073500_00160.jpg,datasets_cloudmask/dataset_cropped/10_Metas/14/07/20191014073500_00160.png,26.2,4.9,26.2,16.4,958
10/14/2019 7:36,datasets/dataset_cropped/10_Metas/14/07/20191014073600_00160.jpg,datasets_flow/dataset_cropped/10_Metas/14/07/20191014073600_00160.jpg,datasets_cloudmask/dataset_cropped/10_Metas/14/07/20191014073600_00160.png,30.2,37.4,28.6,16.6,958
10/14/2019 7:37,datasets/dataset_cropped/10_Metas/14/07/20191014073700_00160.jpg,datasets_flow/dataset_cropped/10_Metas/14/07/20191014073700_00160.jpg,datasets_cloudmask/dataset_cropped/10_Metas/14/07/20191014073700_00160.png,30.1,8.7,30.1,16.7,958
10/14/2019 7:38,datasets/dataset_cropped/10_Metas/14/07/20191014073800_00160.jpg,datasets_flow/dataset_cropped/10_Metas/14/07/20191014073800_00160.jpg,datasets_cloudmask/dataset_cropped/10_Metas/14/07/20191014073800_00160.png,34,36.6,32.1,16.9,958
10/14/2019 7:39,datasets/dataset_cropped/10_Metas/14/07/20191014073900_00160.jpg,datasets_flow/dataset_cropped/10_Metas/14/07/20191014073900_00160.jpg,datasets_cloudmask/dataset_cropped/10_Metas/14/07/20191014073900_00160.png,38.4,70.1,34.3,17.2,958
10/14/2019 7:40,datasets/dataset_cropped/10_Metas/14/07/20191014074000_00160.jpg,datasets_flow/dataset_cropped/10_Metas/14/07/20191014074000_00160.jpg,datasets_cloudmask/dataset_cropped/10_Metas/14/07/20191014074000_00160.png,40.3,69.8,36.2,17.5,958
10/14/2019 7:41,datasets/dataset_cropped/10_Metas/14/07/20191014074100_00160.jpg,datasets_flow/dataset_cropped/10_Metas/14/07/20191014074100_00160.jpg,datasets_cloudmask/dataset_cropped/10_Metas/14/07/20191014074100_00160.png,40.4,36.1,38.7,17.6,958
10/14/2019 7:42,datasets/dataset_cropped/10_Metas/14/07/20191014074200_00160.jpg,datasets_flow/dataset_cropped/10_Metas/14/07/20191014074200_00160.jpg,datasets_cloudmask/dataset_cropped/10_Metas/14/07/20191014074200_00160.png,40.6,5.7,41.1,17.7,958
10/14/2019 7:43,datasets/dataset_cropped/10_Metas/14/07/20191014074300_00160.jpg,datasets_flow/dataset_cropped/10_Metas/14/07/20191014074300_00160.jpg,datasets_cloudmask/dataset_cropped/10_Metas/14/07/20191014074300_00160.png,42.7,3.7,43.3,17.8,958
10/14/2019 7:44,datasets/dataset_cropped/10_Metas/14/07/20191014074400_00160.jpg,datasets_flow/dataset_cropped/10_Metas/14/07/20191014074400_00160.jpg,datasets_cloudmask/dataset_cropped/10_Metas/14/07/20191014074400_00160.png,44.4,3.4,45,18,958
10/14/2019 7:45,datasets/dataset_cropped/10_Metas/14/07/20191014074500_00160.jpg,datasets_flow/dataset_cropped/10_Metas/14/07/20191014074500_00160.jpg,datasets_cloudmask/dataset_cropped/10_Metas/14/07/20191014074500_00160.png,46.1,3.4,46.5,18.2,958
10/14/2019 7:46,datasets/dataset_cropped/10_Metas/14/07/20191014074600_00160.jpg,datasets_flow/dataset_cropped/10_Metas/14/07/20191014074600_00160.jpg,datasets_cloudmask/dataset_cropped/10_Metas/14/07/20191014074600_00160.png,48.1,6,48.2,18.5,958
10/14/2019 7:47,datasets/dataset_cropped/10_Metas/14/07/20191014074700_00160.jpg,datasets_flow/dataset_cropped/10_Metas/14/07/20191014074700_00160.jpg,datasets_cloudmask/dataset_cropped/10_Metas/14/07/20191014074700_00160.png,50.4,15.3,49.5,18.8,958
10/14/2019 7:48,datasets/dataset_cropped/10_Metas/14/07/20191014074800_00160.jpg,datasets_flow/dataset_cropped/10_Metas/14/07/20191014074800_00160.jpg,datasets_cloudmask/dataset_cropped/10_Metas/14/07/20191014074800_00160.png,50.8,6.4,50.5,18.8,958
10/14/2019 7:49,datasets/dataset_cropped/10_Metas/14/07/20191014074900_00160.jpg,datasets_flow/dataset_cropped/10_Metas/14/07/20191014074900_00160.jpg,datasets_cloudmask/dataset_cropped/10_Metas/14/07/20191014074900_00160.png,58.7,55.8,53.3,18.4,958
10/14/2019 7:50,datasets/dataset_cropped/10_Metas/14/07/20191014075000_00160.jpg,datasets_flow/dataset_cropped/10_Metas/14/07/20191014075000_00160.jpg,datasets_cloudmask/dataset_cropped/10_Metas/14/07/20191014075000_00160.png,63.2,70.6,56.3,18.4,958
10/14/2019 7:51,datasets/dataset_cropped/10_Metas/14/07/20191014075100_00160.jpg,datasets_flow/dataset_cropped/10_Metas/14/07/20191014075100_00160.jpg,datasets_cloudmask/dataset_cropped/10_Metas/14/07/20191014075100_00160.png,61.2,22.8,59.1,18.4,958
10/14/2019 7:52,datasets/dataset_cropped/10_Metas/14/07/20191014075200_00160.jpg,datasets_flow/dataset_cropped/10_Metas/14/07/20191014075200_00160.jpg,datasets_cloudmask/dataset_cropped/10_Metas/14/07/20191014075200_00160.png,66.5,47.2,61.5,18.5,958
10/14/2019 7:53,datasets/dataset_cropped/10_Metas/14/07/20191014075300_00160.jpg,datasets_flow/dataset_cropped/10_Metas/14/07/20191014075300_00160.jpg,datasets_cloudmask/dataset_cropped/10_Metas/14/07/20191014075300_00160.png,65.5,33.6,62,18.6,958
10/14/2019 7:54,datasets/dataset_cropped/10_Metas/14/07/20191014075400_00160.jpg,datasets_flow/dataset_cropped/10_Metas/14/07/20191014075400_00160.jpg,datasets_cloudmask/dataset_cropped/10_Metas/14/07/20191014075400_00160.png,63.2,10,62.4,18.7,958
10/14/2019 7:55,datasets/dataset_cropped/10_Metas/14/07/20191014075500_00160.jpg,datasets_flow/dataset_cropped/10_Metas/14/07/20191014075500_00160.jpg,datasets_cloudmask/dataset_cropped/10_Metas/14/07/20191014075500_00160.png,68.8,41.9,64.1,18.8,958
10/14/2019 7:56,datasets/dataset_cropped/10_Metas/14/07/20191014075600_00160.jpg,datasets_flow/dataset_cropped/10_Metas/14/07/20191014075600_00160.jpg,datasets_cloudmask/dataset_cropped/10_Metas/14/07/20191014075600_00160.png,80.4,118.8,66,18.9,958
10/14/2019 7:57,datasets/dataset_cropped/10_Metas/14/07/20191014075700_00160.jpg,datasets_flow/dataset_cropped/10_Metas/14/07/20191014075700_00160.jpg,datasets_cloudmask/dataset_cropped/10_Metas/14/07/20191014075700_00160.png,92.2,194.5,67.9,18.4,958
10/14/2019 7:58,datasets/dataset_cropped/10_Metas/14/07/20191014075800_00160.jpg,datasets_flow/dataset_cropped/10_Metas/14/07/20191014075800_00160.jpg,datasets_cloudmask/dataset_cropped/10_Metas/14/07/20191014075800_00160.png,93.1,187.6,69,18.1,958
10/14/2019 7:59,datasets/dataset_cropped/10_Metas/14/07/20191014075900_00160.jpg,datasets_flow/dataset_cropped/10_Metas/14/07/20191014075900_00160.jpg,datasets_cloudmask/dataset_cropped/10_Metas/14/07/20191014075900_00160.png,99,226.8,69,17.9,958
10/14/2019 8:00,datasets/dataset_cropped/10_Metas/14/08/20191014080000_00160.jpg,datasets_flow/dataset_cropped/10_Metas/14/08/20191014080000_00160.jpg,datasets_cloudmask/dataset_cropped/10_Metas/14/08/20191014080000_00160.png,97.9,218.8,68.2,17.7,958
10/14/2019 8:01,datasets/dataset_cropped/10_Metas/14/08/20191014080100_00160.jpg,datasets_flow/dataset_cropped/10_Metas/14/08/20191014080100_00160.jpg,datasets_cloudmask/dataset_cropped/10_Metas/14/08/20191014080100_00160.png,88.6,160.3,66.1,17.7,958
10/14/2019 8:02,datasets/dataset_cropped/10_Metas/14/08/20191014080200_00160.jpg,datasets_flow/dataset_cropped/10_Metas/14/08/20191014080200_00160.jpg,datasets_cloudmask/dataset_cropped/10_Metas/14/08/20191014080200_00160.png,98.1,241.9,63.6,17.6,958
10/14/2019 8:03,datasets/dataset_cropped/10_Metas/14/08/20191014080300_00160.jpg,datasets_flow/dataset_cropped/10_Metas/14/08/20191014080300_00160.jpg,datasets_cloudmask/dataset_cropped/10_Metas/14/08/20191014080300_00160.png,98.5,253.4,61.4,17.6,958
10/14/2019 8:04,datasets/dataset_cropped/10_Metas/14/08/20191014080400_00160.jpg,datasets_flow/dataset_cropped/10_Metas/14/08/20191014080400_00160.jpg,datasets_cloudmask/dataset_cropped/10_Metas/14/08/20191014080400_00160.png,97.5,255.9,59.3,17.6,958
10/14/2019 8:05,datasets/dataset_cropped/10_Metas/14/08/20191014080500_00160.jpg,datasets_flow/dataset_cropped/10_Metas/14/08/20191014080500_00160.jpg,datasets_cloudmask/dataset_cropped/10_Metas/14/08/20191014080500_00160.png,98.1,261.8,58.2,17.7,958
10/14/2019 8:06,datasets/dataset_cropped/10_Metas/14/08/20191014080600_00160.jpg,datasets_flow/dataset_cropped/10_Metas/14/08/20191014080600_00160.jpg,datasets_cloudmask/dataset_cropped/10_Metas/14/08/20191014080600_00160.png,99.1,272.3,56.6,17.9,958
10/14/2019 8:07,datasets/dataset_cropped/10_Metas/14/08/20191014080700_00160.jpg,datasets_flow/dataset_cropped/10_Metas/14/08/20191014080700_00160.jpg,datasets_cloudmask/dataset_cropped/10_Metas/14/08/20191014080700_00160.png,99.4,280.8,54.7,18,959
10/14/2019 8:08,datasets/dataset_cropped/10_Metas/14/08/20191014080800_00160.jpg,datasets_flow/dataset_cropped/10_Metas/14/08/20191014080800_00160.jpg,datasets_cloudmask/dataset_cropped/10_Metas/14/08/20191014080800_00160.png,99.3,285.9,52.9,18.2,959
10/14/2019 8:09,datasets/dataset_cropped/10_Metas/14/08/20191014080900_00160.jpg,datasets_flow/dataset_cropped/10_Metas/14/08/20191014080900_00160.jpg,datasets_cloudmask/dataset_cropped/10_Metas/14/08/20191014080900_00160.png,76.7,164.9,49.7,18.3,959
10/14/2019 8:10,datasets/dataset_cropped/10_Metas/14/08/20191014081000_00160.jpg,datasets_flow/dataset_cropped/10_Metas/14/08/20191014081000_00160.jpg,datasets_cloudmask/dataset_cropped/10_Metas/14/08/20191014081000_00160.png,48.9,14.4,46.6,18.4,959
10/14/2019 8:11,datasets/dataset_cropped/10_Metas/14/08/20191014081100_00160.jpg,datasets_flow/dataset_cropped/10_Metas/14/08/20191014081100_00160.jpg,datasets_cloudmask/dataset_cropped/10_Metas/14/08/20191014081100_00160.png,46.6,14.6,44.2,18.6,959
10/14/2019 8:12,datasets/dataset_cropped/10_Metas/14/08/20191014081200_00160.jpg,datasets_flow/dataset_cropped/10_Metas/14/08/20191014081200_00160.jpg,datasets_cloudmask/dataset_cropped/10_Metas/14/08/20191014081200_00160.png,50.7,55.1,41.1,18.6,959
10/14/2019 8:13,datasets/dataset_cropped/10_Metas/14/08/20191014081300_00160.jpg,datasets_flow/dataset_cropped/10_Metas/14/08/20191014081300_00160.jpg,datasets_cloudmask/dataset_cropped/10_Metas/14/08/20191014081300_00160.png,49.8,63.2,38.7,18.6,959
10/14/2019 8:14,datasets/dataset_cropped/10_Metas/14/08/20191014081400_00160.jpg,datasets_flow/dataset_cropped/10_Metas/14/08/20191014081400_00160.jpg,datasets_cloudmask/dataset_cropped/10_Metas/14/08/20191014081400_00160.png,40.5,17.7,37.4,18.5,959
10/14/2019 8:15,datasets/dataset_cropped/10_Metas/14/08/20191014081500_00160.jpg,datasets_flow/dataset_cropped/10_Metas/14/08/20191014081500_00160.jpg,datasets_cloudmask/dataset_cropped/10_Metas/14/08/20191014081500_00160.png,47.4,55.7,37.4,18.5,959
10/14/2019 8:16,datasets/dataset_cropped/10_Metas/14/08/20191014081600_00160.jpg,datasets_flow/dataset_cropped/10_Metas/14/08/20191014081600_00160.jpg,datasets_cloudmask/dataset_cropped/10_Metas/14/08/20191014081600_00160.png,42.2,27,37.5,18.5,959
10/14/2019 8:17,datasets/dataset_cropped/10_Metas/14/08/20191014081700_00160.jpg,datasets_flow/dataset_cropped/10_Metas/14/08/20191014081700_00160.jpg,datasets_cloudmask/dataset_cropped/10_Metas/14/08/20191014081700_00160.png,39.3,9,37.9,18.5,959
10/14/2019 8:18,datasets/dataset_cropped/10_Metas/14/08/20191014081800_00160.jpg,datasets_flow/dataset_cropped/10_Metas/14/08/20191014081800_00160.jpg,datasets_cloudmask/dataset_cropped/10_Metas/14/08/20191014081800_00160.png,38.5,1,38.6,18.5,959
10/14/2019 8:19,datasets/dataset_cropped/10_Metas/14/08/20191014081900_00160.jpg,datasets_flow/dataset_cropped/10_Metas/14/08/20191014081900_00160.jpg,datasets_cloudmask/dataset_cropped/10_Metas/14/08/20191014081900_00160.png,39.2,0.3,39.4,18.5,959
10/14/2019 8:20,datasets/dataset_cropped/10_Metas/14/08/20191014082000_00160.jpg,datasets_flow/dataset_cropped/10_Metas/14/08/20191014082000_00160.jpg,datasets_cloudmask/dataset_cropped/10_Metas/14/08/20191014082000_00160.png,40.2,0.2,40.4,18.5,959
10/14/2019 8:21,datasets/dataset_cropped/10_Metas/14/08/20191014082100_00160.jpg,datasets_flow/dataset_cropped/10_Metas/14/08/20191014082100_00160.jpg,datasets_cloudmask/dataset_cropped/10_Metas/14/08/20191014082100_00160.png,41.3,0.2,41.6,18.5,959
10/14/2019 8:22,datasets/dataset_cropped/10_Metas/14/08/20191014082200_00160.jpg,datasets_flow/dataset_cropped/10_Metas/14/08/20191014082200_00160.jpg,datasets_cloudmask/dataset_cropped/10_Metas/14/08/20191014082200_00160.png,42.5,0.1,42.8,18.4,959
10/14/2019 8:23,datasets/dataset_cropped/10_Metas/14/08/20191014082300_00160.jpg,datasets_flow/dataset_cropped/10_Metas/14/08/20191014082300_00160.jpg,datasets_cloudmask/dataset_cropped/10_Metas/14/08/20191014082300_00160.png,43.7,0.1,44,18.3,959
10/14/2019 8:24,datasets/dataset_cropped/10_Metas/14/08/20191014082400_00160.jpg,datasets_flow/dataset_cropped/10_Metas/14/08/20191014082400_00160.jpg,datasets_cloudmask/dataset_cropped/10_Metas/14/08/20191014082400_00160.png,44.8,0.1,45.1,18.3,959
10/14/2019 8:25,datasets/dataset_cropped/10_Metas/14/08/20191014082500_00160.jpg,datasets_flow/dataset_cropped/10_Metas/14/08/20191014082500_00160.jpg,datasets_cloudmask/dataset_cropped/10_Metas/14/08/20191014082500_00160.png,46,0.1,46.2,18.3,959
10/14/2019 8:26,datasets/dataset_cropped/10_Metas/14/08/20191014082600_00160.jpg,datasets_flow/dataset_cropped/10_Metas/14/08/20191014082600_00160.jpg,datasets_cloudmask/dataset_cropped/10_Metas/14/08/20191014082600_00160.png,47.1,0.1,47.4,18.3,959
10/14/2019 8:27,datasets/dataset_cropped/10_Metas/14/08/20191014082700_00160.jpg,datasets_flow/dataset_cropped/10_Metas/14/08/20191014082700_00160.jpg,datasets_cloudmask/dataset_cropped/10_Metas/14/08/20191014082700_00160.png,48.6,0.1,48.9,18.3,959
10/14/2019 8:28,datasets/dataset_cropped/10_Metas/14/08/20191014082800_00160.jpg,datasets_flow/dataset_cropped/10_Metas/14/08/20191014082800_00160.jpg,datasets_cloudmask/dataset_cropped/10_Metas/14/08/20191014082800_00160.png,50.5,0.1,50.8,18.3,959
10/14/2019 8:29,datasets/dataset_cropped/10_Metas/14/08/20191014082900_00160.jpg,datasets_flow/dataset_cropped/10_Metas/14/08/20191014082900_00160.jpg,datasets_cloudmask/dataset_cropped/10_Metas/14/08/20191014082900_00160.png,53.1,0.1,53.4,18.3,959
10/14/2019 8:30,datasets/dataset_cropped/10_Metas/14/08/20191014083000_00160.jpg,datasets_flow/dataset_cropped/10_Metas/14/08/20191014083000_00160.jpg,datasets_cloudmask/dataset_cropped/10_Metas/14/08/20191014083000_00160.png,56.3,0.1,56.5,18.3,959
10/14/2019 8:31,datasets/dataset_cropped/10_Metas/14/08/20191014083100_00160.jpg,datasets_flow/dataset_cropped/10_Metas/14/08/20191014083100_00160.jpg,datasets_cloudmask/dataset_cropped/10_Metas/14/08/20191014083100_00160.png,60,0.1,60.2,18.3,959
10/14/2019 8:32,datasets/dataset_cropped/10_Metas/14/08/20191014083200_00160.jpg,datasets_flow/dataset_cropped/10_Metas/14/08/20191014083200_00160.jpg,datasets_cloudmask/dataset_cropped/10_Metas/14/08/20191014083200_00160.png,64.1,0.1,64.4,18.3,959
10/14/2019 8:33,datasets/dataset_cropped/10_Metas/14/08/20191014083300_00160.jpg,datasets_flow/dataset_cropped/10_Metas/14/08/20191014083300_00160.jpg,datasets_cloudmask/dataset_cropped/10_Metas/14/08/20191014083300_00160.png,68.6,0.2,68.9,18.3,959
10/14/2019 8:34,datasets/dataset_cropped/10_Metas/14/08/20191014083400_00160.jpg,datasets_flow/dataset_cropped/10_Metas/14/08/20191014083400_00160.jpg,datasets_cloudmask/dataset_cropped/10_Metas/14/08/20191014083400_00160.png,73.5,0.2,73.8,18.3,958
10/14/2019 8:35,datasets/dataset_cropped/10_Metas/14/08/20191014083500_00160.jpg,datasets_flow/dataset_cropped/10_Metas/14/08/20191014083500_00160.jpg,datasets_cloudmask/dataset_cropped/10_Metas/14/08/20191014083500_00160.png,78.4,0.2,78.8,18.2,958
10/14/2019 8:36,datasets/dataset_cropped/10_Metas/14/08/20191014083600_00160.jpg,datasets_flow/dataset_cropped/10_Metas/14/08/20191014083600_00160.jpg,datasets_cloudmask/dataset_cropped/10_Metas/14/08/20191014083600_00160.png,83.1,0.2,83.5,18.2,958
10/14/2019 8:37,datasets/dataset_cropped/10_Metas/14/08/20191014083700_00160.jpg,datasets_flow/dataset_cropped/10_Metas/14/08/20191014083700_00160.jpg,datasets_cloudmask/dataset_cropped/10_Metas/14/08/20191014083700_00160.png,87.1,0.3,87.5,18.2,958
10/14/2019 8:38,datasets/dataset_cropped/10_Metas/14/08/20191014083800_00160.jpg,datasets_flow/dataset_cropped/10_Metas/14/08/20191014083800_00160.jpg,datasets_cloudmask/dataset_cropped/10_Metas/14/08/20191014083800_00160.png,90.2,0.4,90.7,18.2,958
10/14/2019 8:39,datasets/dataset_cropped/10_Metas/14/08/20191014083900_00160.jpg,datasets_flow/dataset_cropped/10_Metas/14/08/20191014083900_00160.jpg,datasets_cloudmask/dataset_cropped/10_Metas/14/08/20191014083900_00160.png,92.9,0.4,93.3,18.2,958
10/14/2019 8:40,datasets/dataset_cropped/10_Metas/14/08/20191014084000_00160.jpg,datasets_flow/dataset_cropped/10_Metas/14/08/20191014084000_00160.jpg,datasets_cloudmask/dataset_cropped/10_Metas/14/08/20191014084000_00160.png,95.4,0.4,95.9,18.2,958
10/14/2019 8:41,datasets/dataset_cropped/10_Metas/14/08/20191014084100_00160.jpg,datasets_flow/dataset_cropped/10_Metas/14/08/20191014084100_00160.jpg,datasets_cloudmask/dataset_cropped/10_Metas/14/08/20191014084100_00160.png,97.8,0.5,98.3,18.1,958
10/14/2019 8:42,datasets/dataset_cropped/10_Metas/14/08/20191014084200_00160.jpg,datasets_flow/dataset_cropped/10_Metas/14/08/20191014084200_00160.jpg,datasets_cloudmask/dataset_cropped/10_Metas/14/08/20191014084200_00160.png,99.5,0.6,100,18.1,958
10/14/2019 8:43,datasets/dataset_cropped/10_Metas/14/08/20191014084300_00160.jpg,datasets_flow/dataset_cropped/10_Metas/14/08/20191014084300_00160.jpg,datasets_cloudmask/dataset_cropped/10_Metas/14/08/20191014084300_00160.png,100.6,0.7,101,18.1,958
10/14/2019 8:44,datasets/dataset_cropped/10_Metas/14/08/20191014084400_00160.jpg,datasets_flow/dataset_cropped/10_Metas/14/08/20191014084400_00160.jpg,datasets_cloudmask/dataset_cropped/10_Metas/14/08/20191014084400_00160.png,101.2,1.9,101.2,18.1,958
10/14/2019 8:45,datasets/dataset_cropped/10_Metas/14/08/20191014084500_00160.jpg,datasets_flow/dataset_cropped/10_Metas/14/08/20191014084500_00160.jpg,datasets_cloudmask/dataset_cropped/10_Metas/14/08/20191014084500_00160.png,101,3.5,100.6,18.1,958
10/14/2019 8:46,datasets/dataset_cropped/10_Metas/14/08/20191014084600_00160.jpg,datasets_flow/dataset_cropped/10_Metas/14/08/20191014084600_00160.jpg,datasets_cloudmask/dataset_cropped/10_Metas/14/08/20191014084600_00160.png,98.4,0.8,98.9,18.1,958
10/14/2019 8:47,datasets/dataset_cropped/10_Metas/14/08/20191014084700_00160.jpg,datasets_flow/dataset_cropped/10_Metas/14/08/20191014084700_00160.jpg,datasets_cloudmask/dataset_cropped/10_Metas/14/08/20191014084700_00160.png,95.8,0.5,96.3,18.2,958
10/14/2019 8:48,datasets/dataset_cropped/10_Metas/14/08/20191014084800_00160.jpg,datasets_flow/dataset_cropped/10_Metas/14/08/20191014084800_00160.jpg,datasets_cloudmask/dataset_cropped/10_Metas/14/08/20191014084800_00160.png,94.2,3.1,93.8,18.2,958
10/14/2019 8:49,datasets/dataset_cropped/10_Metas/14/08/20191014084900_00160.jpg,datasets_flow/dataset_cropped/10_Metas/14/08/20191014084900_00160.jpg,datasets_cloudmask/dataset_cropped/10_Metas/14/08/20191014084900_00160.png,91.9,1,92.1,18.2,958
10/14/2019 8:50,datasets/dataset_cropped/10_Metas/14/08/20191014085000_00160.jpg,datasets_flow/dataset_cropped/10_Metas/14/08/20191014085000_00160.jpg,datasets_cloudmask/dataset_cropped/10_Metas/14/08/20191014085000_00160.png,91.1,0.9,91.2,18.2,958
10/14/2019 8:51,datasets/dataset_cropped/10_Metas/14/08/20191014085100_00160.jpg,datasets_flow/dataset_cropped/10_Metas/14/08/20191014085100_00160.jpg,datasets_cloudmask/dataset_cropped/10_Metas/14/08/20191014085100_00160.png,90.9,0.4,91.2,18.2,958
10/14/2019 8:52,datasets/dataset_cropped/10_Metas/14/08/20191014085200_00160.jpg,datasets_flow/dataset_cropped/10_Metas/14/08/20191014085200_00160.jpg,datasets_cloudmask/dataset_cropped/10_Metas/14/08/20191014085200_00160.png,91.1,0.6,91.4,18.2,958
10/14/2019 8:53,datasets/dataset_cropped/10_Metas/14/08/20191014085300_00160.jpg,datasets_flow/dataset_cropped/10_Metas/14/08/20191014085300_00160.jpg,datasets_cloudmask/dataset_cropped/10_Metas/14/08/20191014085300_00160.png,90.8,0.7,91.1,18.3,958
10/14/2019 8:54,datasets/dataset_cropped/10_Metas/14/08/20191014085400_00160.jpg,datasets_flow/dataset_cropped/10_Metas/14/08/20191014085400_00160.jpg,datasets_cloudmask/dataset_cropped/10_Metas/14/08/20191014085400_00160.png,90.4,0.7,90.6,18.3,958
10/14/2019 8:55,datasets/dataset_cropped/10_Metas/14/08/20191014085500_00160.jpg,datasets_flow/dataset_cropped/10_Metas/14/08/20191014085500_00160.jpg,datasets_cloudmask/dataset_cropped/10_Metas/14/08/20191014085500_00160.png,90.5,0.4,90.8,18.4,958
10/14/2019 8:56,datasets/dataset_cropped/10_Metas/14/08/20191014085600_00160.jpg,datasets_flow/dataset_cropped/10_Metas/14/08/20191014085600_00160.jpg,datasets_cloudmask/dataset_cropped/10_Metas/14/08/20191014085600_00160.png,92.3,1.9,91.9,18.4,958
10/14/2019 8:57,datasets/dataset_cropped/10_Metas/14/08/20191014085700_00160.jpg,datasets_flow/dataset_cropped/10_Metas/14/08/20191014085700_00160.jpg,datasets_cloudmask/dataset_cropped/10_Metas/14/08/20191014085700_00160.png,94.2,2.1,93.8,18.4,958
10/14/2019 8:58,datasets/dataset_cropped/10_Metas/14/08/20191014085800_00160.jpg,datasets_flow/dataset_cropped/10_Metas/14/08/20191014085800_00160.jpg,datasets_cloudmask/dataset_cropped/10_Metas/14/08/20191014085800_00160.png,96.1,0.6,96.3,18.4,958
10/14/2019 8:59,datasets/dataset_cropped/10_Metas/14/08/20191014085900_00160.jpg,datasets_flow/dataset_cropped/10_Metas/14/08/20191014085900_00160.jpg,datasets_cloudmask/dataset_cropped/10_Metas/14/08/20191014085900_00160.png,97.5,0.7,97.7,18.4,958
10/14/2019 9:00,datasets/dataset_cropped/10_Metas/14/09/20191014090000_00160.jpg,datasets_flow/dataset_cropped/10_Metas/14/09/20191014090000_00160.jpg,datasets_cloudmask/dataset_cropped/10_Metas/14/09/20191014090000_00160.png,98.3,0.5,98.5,18.4,958
10/14/2019 9:01,datasets/dataset_cropped/10_Metas/14/09/20191014090100_00160.jpg,datasets_flow/dataset_cropped/10_Metas/14/09/20191014090100_00160.jpg,datasets_cloudmask/dataset_cropped/10_Metas/14/09/20191014090100_00160.png,101.9,0.7,102,18.4,958
10/14/2019 9:02,datasets/dataset_cropped/10_Metas/14/09/20191014090200_00160.jpg,datasets_flow/dataset_cropped/10_Metas/14/09/20191014090200_00160.jpg,datasets_cloudmask/dataset_cropped/10_Metas/14/09/20191014090200_00160.png,111.6,7.2,109.6,18.5,958
10/14/2019 9:03,datasets/dataset_cropped/10_Metas/14/09/20191014090300_00160.jpg,datasets_flow/dataset_cropped/10_Metas/14/09/20191014090300_00160.jpg,datasets_cloudmask/dataset_cropped/10_Metas/14/09/20191014090300_00160.png,119.9,11.7,116.2,18.5,958
10/14/2019 9:04,datasets/dataset_cropped/10_Metas/14/09/20191014090400_00160.jpg,datasets_flow/dataset_cropped/10_Metas/14/09/20191014090400_00160.jpg,datasets_cloudmask/dataset_cropped/10_Metas/14/09/20191014090400_00160.png,120.6,8.2,118,18.6,958
10/14/2019 9:05,datasets/dataset_cropped/10_Metas/14/09/20191014090500_00160.jpg,datasets_flow/dataset_cropped/10_Metas/14/09/20191014090500_00160.jpg,datasets_cloudmask/dataset_cropped/10_Metas/14/09/20191014090500_00160.png,121.3,9.4,118.3,18.6,959
10/14/2019 9:06,datasets/dataset_cropped/10_Metas/14/09/20191014090600_00160.jpg,datasets_flow/dataset_cropped/10_Metas/14/09/20191014090600_00160.jpg,datasets_cloudmask/dataset_cropped/10_Metas/14/09/20191014090600_00160.png,121.4,8.6,118.9,18.7,958
10/14/2019 9:07,datasets/dataset_cropped/10_Metas/14/09/20191014090700_00160.jpg,datasets_flow/dataset_cropped/10_Metas/14/09/20191014090700_00160.jpg,datasets_cloudmask/dataset_cropped/10_Metas/14/09/20191014090700_00160.png,133.7,39.1,120.5,18.7,959
10/14/2019 9:08,datasets/dataset_cropped/10_Metas/14/09/20191014090800_00160.jpg,datasets_flow/dataset_cropped/10_Metas/14/09/20191014090800_00160.jpg,datasets_cloudmask/dataset_cropped/10_Metas/14/09/20191014090800_00160.png,133.9,33.9,122.7,18.7,959
10/14/2019 9:09,datasets/dataset_cropped/10_Metas/14/09/20191014090900_00160.jpg,datasets_flow/dataset_cropped/10_Metas/14/09/20191014090900_00160.jpg,datasets_cloudmask/dataset_cropped/10_Metas/14/09/20191014090900_00160.png,123.9,5.4,122.9,18.8,959
10/14/2019 9:10,datasets/dataset_cropped/10_Metas/14/09/20191014091000_00160.jpg,datasets_flow/dataset_cropped/10_Metas/14/09/20191014091000_00160.jpg,datasets_cloudmask/dataset_cropped/10_Metas/14/09/20191014091000_00160.png,119.6,4.1,118.9,18.8,959
10/14/2019 9:11,datasets/dataset_cropped/10_Metas/14/09/20191014091100_00160.jpg,datasets_flow/dataset_cropped/10_Metas/14/09/20191014091100_00160.jpg,datasets_cloudmask/dataset_cropped/10_Metas/14/09/20191014091100_00160.png,122.4,19.9,115.8,18.8,959
10/14/2019 9:12,datasets/dataset_cropped/10_Metas/14/09/20191014091200_00160.jpg,datasets_flow/dataset_cropped/10_Metas/14/09/20191014091200_00160.jpg,datasets_cloudmask/dataset_cropped/10_Metas/14/09/20191014091200_00160.png,123,16.7,117.5,18.9,959
10/14/2019 9:13,datasets/dataset_cropped/10_Metas/14/09/20191014091300_00160.jpg,datasets_flow/dataset_cropped/10_Metas/14/09/20191014091300_00160.jpg,datasets_cloudmask/dataset_cropped/10_Metas/14/09/20191014091300_00160.png,129.7,18.5,123.3,18.9,959
10/14/2019 9:14,datasets/dataset_cropped/10_Metas/14/09/20191014091400_00160.jpg,datasets_flow/dataset_cropped/10_Metas/14/09/20191014091400_00160.jpg,datasets_cloudmask/dataset_cropped/10_Metas/14/09/20191014091400_00160.png,133.5,12.6,129.4,18.9,959
10/14/2019 9:15,datasets/dataset_cropped/10_Metas/14/09/20191014091500_00160.jpg,datasets_flow/dataset_cropped/10_Metas/14/09/20191014091500_00160.jpg,datasets_cloudmask/dataset_cropped/10_Metas/14/09/20191014091500_00160.png,142.1,13.2,137.8,19,959
10/14/2019 9:16,datasets/dataset_cropped/10_Metas/14/09/20191014091600_00160.jpg,datasets_flow/dataset_cropped/10_Metas/14/09/20191014091600_00160.jpg,datasets_cloudmask/dataset_cropped/10_Metas/14/09/20191014091600_00160.png,156.7,16,151.6,19,959
10/14/2019 9:17,datasets/dataset_cropped/10_Metas/14/09/20191014091700_00160.jpg,datasets_flow/dataset_cropped/10_Metas/14/09/20191014091700_00160.jpg,datasets_cloudmask/dataset_cropped/10_Metas/14/09/20191014091700_00160.png,188.1,32.2,176.8,19.1,959
10/14/2019 9:18,datasets/dataset_cropped/10_Metas/14/09/20191014091800_00160.jpg,datasets_flow/dataset_cropped/10_Metas/14/09/20191014091800_00160.jpg,datasets_cloudmask/dataset_cropped/10_Metas/14/09/20191014091800_00160.png,264.9,160.3,205.2,19.1,959
10/14/2019 9:19,datasets/dataset_cropped/10_Metas/14/09/20191014091900_00160.jpg,datasets_flow/dataset_cropped/10_Metas/14/09/20191014091900_00160.jpg,datasets_cloudmask/dataset_cropped/10_Metas/14/09/20191014091900_00160.png,264.2,139.4,212.5,19.2,959
10/14/2019 9:20,datasets/dataset_cropped/10_Metas/14/09/20191014092000_00160.jpg,datasets_flow/dataset_cropped/10_Metas/14/09/20191014092000_00160.jpg,datasets_cloudmask/dataset_cropped/10_Metas/14/09/20191014092000_00160.png,218.3,34.2,206.3,19.4,959
10/14/2019 9:21,datasets/dataset_cropped/10_Metas/14/09/20191014092100_00160.jpg,datasets_flow/dataset_cropped/10_Metas/14/09/20191014092100_00160.jpg,datasets_cloudmask/dataset_cropped/10_Metas/14/09/20191014092100_00160.png,247.5,130.5,198,19.6,959
10/14/2019 9:22,datasets/dataset_cropped/10_Metas/14/09/20191014092200_00160.jpg,datasets_flow/dataset_cropped/10_Metas/14/09/20191014092200_00160.jpg,datasets_cloudmask/dataset_cropped/10_Metas/14/09/20191014092200_00160.png,215.4,75.2,187.7,19.7,959
10/14/2019 9:23,datasets/dataset_cropped/10_Metas/14/09/20191014092300_00160.jpg,datasets_flow/dataset_cropped/10_Metas/14/09/20191014092300_00160.jpg,datasets_cloudmask/dataset_cropped/10_Metas/14/09/20191014092300_00160.png,188.9,20.8,182.6,19.9,959
10/14/2019 9:24,datasets/dataset_cropped/10_Metas/14/09/20191014092400_00160.jpg,datasets_flow/dataset_cropped/10_Metas/14/09/20191014092400_00160.jpg,datasets_cloudmask/dataset_cropped/10_Metas/14/09/20191014092400_00160.png,175.7,3.2,176,19.9,959
10/14/2019 9:25,datasets/dataset_cropped/10_Metas/14/09/20191014092500_00160.jpg,datasets_flow/dataset_cropped/10_Metas/14/09/20191014092500_00160.jpg,datasets_cloudmask/dataset_cropped/10_Metas/14/09/20191014092500_00160.png,169.8,2.2,170.3,19.9,959
10/14/2019 9:26,datasets/dataset_cropped/10_Metas/14/09/20191014092600_00160.jpg,datasets_flow/dataset_cropped/10_Metas/14/09/20191014092600_00160.jpg,datasets_cloudmask/dataset_cropped/10_Metas/14/09/20191014092600_00160.png,164.8,1.7,165.5,20,959
10/14/2019 9:27,datasets/dataset_cropped/10_Metas/14/09/20191014092700_00160.jpg,datasets_flow/dataset_cropped/10_Metas/14/09/20191014092700_00160.jpg,datasets_cloudmask/dataset_cropped/10_Metas/14/09/20191014092700_00160.png,159,1.4,159.7,20.1,959
10/14/2019 9:28,datasets/dataset_cropped/10_Metas/14/09/20191014092800_00160.jpg,datasets_flow/dataset_cropped/10_Metas/14/09/20191014092800_00160.jpg,datasets_cloudmask/dataset_cropped/10_Metas/14/09/20191014092800_00160.png,154,1.3,154.6,20.1,959
10/14/2019 9:29,datasets/dataset_cropped/10_Metas/14/09/20191014092900_00160.jpg,datasets_flow/dataset_cropped/10_Metas/14/09/20191014092900_00160.jpg,datasets_cloudmask/dataset_cropped/10_Metas/14/09/20191014092900_00160.png,151.1,1.2,151.8,20.2,959
10/14/2019 9:30,datasets/dataset_cropped/10_Metas/14/09/20191014093000_00160.jpg,datasets_flow/dataset_cropped/10_Metas/14/09/20191014093000_00160.jpg,datasets_cloudmask/dataset_cropped/10_Metas/14/09/20191014093000_00160.png,150.3,1.8,150.8,20.2,959
10/14/2019 9:31,datasets/dataset_cropped/10_Metas/14/09/20191014093100_00160.jpg,datasets_flow/dataset_cropped/10_Metas/14/09/20191014093100_00160.jpg,datasets_cloudmask/dataset_cropped/10_Metas/14/09/20191014093100_00160.png,150.8,4.2,150.2,20.2,959
10/14/2019 9:32,datasets/dataset_cropped/10_Metas/14/09/20191014093200_00160.jpg,datasets_flow/dataset_cropped/10_Metas/14/09/20191014093200_00160.jpg,datasets_cloudmask/dataset_cropped/10_Metas/14/09/20191014093200_00160.png,146.8,3.8,146.4,20.3,959
10/14/2019 9:33,datasets/dataset_cropped/10_Metas/14/09/20191014093300_00160.jpg,datasets_flow/dataset_cropped/10_Metas/14/09/20191014093300_00160.jpg,datasets_cloudmask/dataset_cropped/10_Metas/14/09/20191014093300_00160.png,140,5.9,138.6,20.4,959
10/14/2019 9:34,datasets/dataset_cropped/10_Metas/14/09/20191014093400_00160.jpg,datasets_flow/dataset_cropped/10_Metas/14/09/20191014093400_00160.jpg,datasets_cloudmask/dataset_cropped/10_Metas/14/09/20191014093400_00160.png,131.2,6.4,129.4,20.5,959
10/14/2019 9:35,datasets/dataset_cropped/10_Metas/14/09/20191014093500_00160.jpg,datasets_flow/dataset_cropped/10_Metas/14/09/20191014093500_00160.jpg,datasets_cloudmask/dataset_cropped/10_Metas/14/09/20191014093500_00160.png,120.1,2.3,119.9,20.4,959
10/14/2019 9:36,datasets/dataset_cropped/10_Metas/14/09/20191014093600_00160.jpg,datasets_flow/dataset_cropped/10_Metas/14/09/20191014093600_00160.jpg,datasets_cloudmask/dataset_cropped/10_Metas/14/09/20191014093600_00160.png,115.8,5.7,113.9,20.4,959
10/14/2019 9:37,datasets/dataset_cropped/10_Metas/14/09/20191014093702_00160.jpg,datasets_flow/dataset_cropped/10_Metas/14/09/20191014093702_00160.jpg,datasets_cloudmask/dataset_cropped/10_Metas/14/09/20191014093702_00160.png,111.5,1.6,111.4,20.4,959
10/14/2019 9:38,datasets/dataset_cropped/10_Metas/14/09/20191014093800_00160.jpg,datasets_flow/dataset_cropped/10_Metas/14/09/20191014093800_00160.jpg,datasets_cloudmask/dataset_cropped/10_Metas/14/09/20191014093800_00160.png,113.2,1.2,113.3,20.4,959
10/14/2019 9:39,datasets/dataset_cropped/10_Metas/14/09/20191014093900_00160.jpg,datasets_flow/dataset_cropped/10_Metas/14/09/20191014093900_00160.jpg,datasets_cloudmask/dataset_cropped/10_Metas/14/09/20191014093900_00160.png,116.2,2.1,115.9,20.4,959
10/14/2019 9:40,datasets/dataset_cropped/10_Metas/14/09/20191014094000_00160.jpg,datasets_flow/dataset_cropped/10_Metas/14/09/20191014094000_00160.jpg,datasets_cloudmask/dataset_cropped/10_Metas/14/09/20191014094000_00160.png,116.8,2.1,116.6,20.5,959
10/14/2019 9:41,datasets/dataset_cropped/10_Metas/14/09/20191014094100_00160.jpg,datasets_flow/dataset_cropped/10_Metas/14/09/20191014094100_00160.jpg,datasets_cloudmask/dataset_cropped/10_Metas/14/09/20191014094100_00160.png,117.2,2.4,116.7,20.5,959
10/14/2019 9:42,datasets/dataset_cropped/10_Metas/14/09/20191014094200_00160.jpg,datasets_flow/dataset_cropped/10_Metas/14/09/20191014094200_00160.jpg,datasets_cloudmask/dataset_cropped/10_Metas/14/09/20191014094200_00160.png,129.4,21,120.4,20.6,959
10/14/2019 9:43,datasets/dataset_cropped/10_Metas/14/09/20191014094300_00160.jpg,datasets_flow/dataset_cropped/10_Metas/14/09/20191014094300_00160.jpg,datasets_cloudmask/dataset_cropped/10_Metas/14/09/20191014094300_00160.png,150.8,53.9,126.7,20.6,959
10/14/2019 9:44,datasets/dataset_cropped/10_Metas/14/09/20191014094400_00160.jpg,datasets_flow/dataset_cropped/10_Metas/14/09/20191014094400_00160.jpg,datasets_cloudmask/dataset_cropped/10_Metas/14/09/20191014094400_00160.png,149.1,45.4,129.1,20.6,959
10/14/2019 9:45,datasets/dataset_cropped/10_Metas/14/09/20191014094500_00160.jpg,datasets_flow/dataset_cropped/10_Metas/14/09/20191014094500_00160.jpg,datasets_cloudmask/dataset_cropped/10_Metas/14/09/20191014094500_00160.png,159.8,50.2,136.4,20.5,959
10/14/2019 9:46,datasets/dataset_cropped/10_Metas/14/09/20191014094600_00160.jpg,datasets_flow/dataset_cropped/10_Metas/14/09/20191014094600_00160.jpg,datasets_cloudmask/dataset_cropped/10_Metas/14/09/20191014094600_00160.png,292.7,315.3,149.2,20.5,959
10/14/2019 9:47,datasets/dataset_cropped/10_Metas/14/09/20191014094700_00160.jpg,datasets_flow/dataset_cropped/10_Metas/14/09/20191014094700_00160.jpg,datasets_cloudmask/dataset_cropped/10_Metas/14/09/20191014094700_00160.png,411.4,545,164.2,20.5,959
10/14/2019 9:48,datasets/dataset_cropped/10_Metas/14/09/20191014094800_00160.jpg,datasets_flow/dataset_cropped/10_Metas/14/09/20191014094800_00160.jpg,datasets_cloudmask/dataset_cropped/10_Metas/14/09/20191014094800_00160.png,316.4,327.7,167,20.6,959
10/14/2019 9:49,datasets/dataset_cropped/10_Metas/14/09/20191014094900_00160.jpg,datasets_flow/dataset_cropped/10_Metas/14/09/20191014094900_00160.jpg,datasets_cloudmask/dataset_cropped/10_Metas/14/09/20191014094900_00160.png,174.8,17.4,167.5,20.7,959
10/14/2019 9:50,datasets/dataset_cropped/10_Metas/14/09/20191014095000_00160.jpg,datasets_flow/dataset_cropped/10_Metas/14/09/20191014095000_00160.jpg,datasets_cloudmask/dataset_cropped/10_Metas/14/09/20191014095000_00160.png,258.3,159.4,183.9,20.8,959
10/14/2019 9:51,datasets/dataset_cropped/10_Metas/14/09/20191014095100_00160.jpg,datasets_flow/dataset_cropped/10_Metas/14/09/20191014095100_00160.jpg,datasets_cloudmask/dataset_cropped/10_Metas/14/09/20191014095100_00160.png,235.1,77.7,198.4,20.9,959
10/14/2019 9:52,datasets/dataset_cropped/10_Metas/14/09/20191014095200_00160.jpg,datasets_flow/dataset_cropped/10_Metas/14/09/20191014095200_00160.jpg,datasets_cloudmask/dataset_cropped/10_Metas/14/09/20191014095200_00160.png,214,14.9,207.4,20.9,959
10/14/2019 9:53,datasets/dataset_cropped/10_Metas/14/09/20191014095300_00160.jpg,datasets_flow/dataset_cropped/10_Metas/14/09/20191014095300_00160.jpg,datasets_cloudmask/dataset_cropped/10_Metas/14/09/20191014095300_00160.png,213.8,7.1,211.1,20.9,959
10/14/2019 9:54,datasets/dataset_cropped/10_Metas/14/09/20191014095400_00160.jpg,datasets_flow/dataset_cropped/10_Metas/14/09/20191014095400_00160.jpg,datasets_cloudmask/dataset_cropped/10_Metas/14/09/20191014095400_00160.png,203.2,1.1,203.8,20.9,959
10/14/2019 9:55,datasets/dataset_cropped/10_Metas/14/09/20191014095500_00160.jpg,datasets_flow/dataset_cropped/10_Metas/14/09/20191014095500_00160.jpg,datasets_cloudmask/dataset_cropped/10_Metas/14/09/20191014095500_00160.png,196.8,0.9,197.5,20.9,959
10/14/2019 9:56,datasets/dataset_cropped/10_Metas/14/09/20191014095600_00160.jpg,datasets_flow/dataset_cropped/10_Metas/14/09/20191014095600_00160.jpg,datasets_cloudmask/dataset_cropped/10_Metas/14/09/20191014095600_00160.png,187.8,1.5,188.3,21,959
10/14/2019 9:57,datasets/dataset_cropped/10_Metas/14/09/20191014095700_00160.jpg,datasets_flow/dataset_cropped/10_Metas/14/09/20191014095700_00160.jpg,datasets_cloudmask/dataset_cropped/10_Metas/14/09/20191014095700_00160.png,170.7,1.8,170.9,21.1,959
10/14/2019 9:58,datasets/dataset_cropped/10_Metas/14/09/20191014095800_00160.jpg,datasets_flow/dataset_cropped/10_Metas/14/09/20191014095800_00160.jpg,datasets_cloudmask/dataset_cropped/10_Metas/14/09/20191014095800_00160.png,151.4,1.6,151.6,21.1,959
10/14/2019 9:59,datasets/dataset_cropped/10_Metas/14/09/20191014095900_00160.jpg,datasets_flow/dataset_cropped/10_Metas/14/09/20191014095900_00160.jpg,datasets_cloudmask/dataset_cropped/10_Metas/14/09/20191014095900_00160.png,132,0.9,132.4,21,959
10/14/2019 10:00,datasets/dataset_cropped/10_Metas/14/10/20191014100000_00160.jpg,datasets_flow/dataset_cropped/10_Metas/14/10/20191014100000_00160.jpg,datasets_cloudmask/dataset_cropped/10_Metas/14/10/20191014100000_00160.png,120.7,0.6,121.3,21,959
10/14/2019 10:01,datasets/dataset_cropped/10_Metas/14/10/20191014100100_00160.jpg,datasets_flow/dataset_cropped/10_Metas/14/10/20191014100100_00160.jpg,datasets_cloudmask/dataset_cropped/10_Metas/14/10/20191014100100_00160.png,119.3,0.5,119.8,21,959
10/14/2019 10:02,datasets/dataset_cropped/10_Metas/14/10/20191014100200_00160.jpg,datasets_flow/dataset_cropped/10_Metas/14/10/20191014100200_00160.jpg,datasets_cloudmask/dataset_cropped/10_Metas/14/10/20191014100200_00160.png,125.2,0.4,125.8,20.9,959
10/14/2019 10:03,datasets/dataset_cropped/10_Metas/14/10/20191014100300_00160.jpg,datasets_flow/dataset_cropped/10_Metas/14/10/20191014100300_00160.jpg,datasets_cloudmask/dataset_cropped/10_Metas/14/10/20191014100300_00160.png,132.9,0.3,133.4,20.9,959
10/14/2019 10:04,datasets/dataset_cropped/10_Metas/14/10/20191014100400_00160.jpg,datasets_flow/dataset_cropped/10_Metas/14/10/20191014100400_00160.jpg,datasets_cloudmask/dataset_cropped/10_Metas/14/10/20191014100400_00160.png,139.6,0.2,140.1,20.9,959
10/14/2019 10:05,datasets/dataset_cropped/10_Metas/14/10/20191014100500_00160.jpg,datasets_flow/dataset_cropped/10_Metas/14/10/20191014100500_00160.jpg,datasets_cloudmask/dataset_cropped/10_Metas/14/10/20191014100500_00160.png,146.2,0.2,146.7,20.9,959
10/14/2019 10:06,datasets/dataset_cropped/10_Metas/14/10/20191014100600_00160.jpg,datasets_flow/dataset_cropped/10_Metas/14/10/20191014100600_00160.jpg,datasets_cloudmask/dataset_cropped/10_Metas/14/10/20191014100600_00160.png,151.5,0.2,152,20.9,959
10/14/2019 10:07,datasets/dataset_cropped/10_Metas/14/10/20191014100700_00160.jpg,datasets_flow/dataset_cropped/10_Metas/14/10/20191014100700_00160.jpg,datasets_cloudmask/dataset_cropped/10_Metas/14/10/20191014100700_00160.png,157.7,0.3,158.3,20.9,959
10/14/2019 10:08,datasets/dataset_cropped/10_Metas/14/10/20191014100800_00160.jpg,datasets_flow/dataset_cropped/10_Metas/14/10/20191014100800_00160.jpg,datasets_cloudmask/dataset_cropped/10_Metas/14/10/20191014100800_00160.png,165.3,0.4,165.8,20.9,959
10/14/2019 10:09,datasets/dataset_cropped/10_Metas/14/10/20191014100900_00160.jpg,datasets_flow/dataset_cropped/10_Metas/14/10/20191014100900_00160.jpg,datasets_cloudmask/dataset_cropped/10_Metas/14/10/20191014100900_00160.png,174.7,0.4,175.2,21,959
10/14/2019 10:10,datasets/dataset_cropped/10_Metas/14/10/20191014101000_00160.jpg,datasets_flow/dataset_cropped/10_Metas/14/10/20191014101000_00160.jpg,datasets_cloudmask/dataset_cropped/10_Metas/14/10/20191014101000_00160.png,186.1,0.5,186.5,21,959
10/14/2019 10:11,datasets/dataset_cropped/10_Metas/14/10/20191014101100_00160.jpg,datasets_flow/dataset_cropped/10_Metas/14/10/20191014101100_00160.jpg,datasets_cloudmask/dataset_cropped/10_Metas/14/10/20191014101100_00160.png,197.3,0.6,197.8,21,959
10/14/2019 10:12,datasets/dataset_cropped/10_Metas/14/10/20191014101200_00160.jpg,datasets_flow/dataset_cropped/10_Metas/14/10/20191014101200_00160.jpg,datasets_cloudmask/dataset_cropped/10_Metas/14/10/20191014101200_00160.png,207,0.7,207.5,21.1,959
10/14/2019 10:13,datasets/dataset_cropped/10_Metas/14/10/20191014101300_00160.jpg,datasets_flow/dataset_cropped/10_Metas/14/10/20191014101300_00160.jpg,datasets_cloudmask/dataset_cropped/10_Metas/14/10/20191014101300_00160.png,216,0.8,216.4,21.1,959
10/14/2019 10:14,datasets/dataset_cropped/10_Metas/14/10/20191014101400_00160.jpg,datasets_flow/dataset_cropped/10_Metas/14/10/20191014101400_00160.jpg,datasets_cloudmask/dataset_cropped/10_Metas/14/10/20191014101400_00160.png,224.6,0.9,225,21.1,959
10/14/2019 10:15,datasets/dataset_cropped/10_Metas/14/10/20191014101500_00160.jpg,datasets_flow/dataset_cropped/10_Metas/14/10/20191014101500_00160.jpg,datasets_cloudmask/dataset_cropped/10_Metas/14/10/20191014101500_00160.png,233.4,1,233.5,21.1,959
10/14/2019 10:16,datasets/dataset_cropped/10_Metas/14/10/20191014101600_00160.jpg,datasets_flow/dataset_cropped/10_Metas/14/10/20191014101600_00160.jpg,datasets_cloudmask/dataset_cropped/10_Metas/14/10/20191014101600_00160.png,242,1.4,242,21.2,959
10/14/2019 10:17,datasets/dataset_cropped/10_Metas/14/10/20191014101700_00160.jpg,datasets_flow/dataset_cropped/10_Metas/14/10/20191014101700_00160.jpg,datasets_cloudmask/dataset_cropped/10_Metas/14/10/20191014101700_00160.png,261.2,27.8,246.5,21.2,959
10/14/2019 10:18,datasets/dataset_cropped/10_Metas/14/10/20191014101800_00160.jpg,datasets_flow/dataset_cropped/10_Metas/14/10/20191014101800_00160.jpg,datasets_cloudmask/dataset_cropped/10_Metas/14/10/20191014101800_00160.png,243.5,3.4,242.5,21.3,959
10/14/2019 10:19,datasets/dataset_cropped/10_Metas/14/10/20191014101900_00160.jpg,datasets_flow/dataset_cropped/10_Metas/14/10/20191014101900_00160.jpg,datasets_cloudmask/dataset_cropped/10_Metas/14/10/20191014101900_00160.png,444.8,351.3,259.1,21.3,959
10/14/2019 10:20,datasets/dataset_cropped/10_Metas/14/10/20191014102000_00160.jpg,datasets_flow/dataset_cropped/10_Metas/14/10/20191014102000_00160.jpg,datasets_cloudmask/dataset_cropped/10_Metas/14/10/20191014102000_00160.png,597.8,636.6,260.5,21.4,959
10/14/2019 10:21,datasets/dataset_cropped/10_Metas/14/10/20191014102100_00160.jpg,datasets_flow/dataset_cropped/10_Metas/14/10/20191014102100_00160.jpg,datasets_cloudmask/dataset_cropped/10_Metas/14/10/20191014102100_00160.png,607.6,679.2,246.9,21.6,959
10/14/2019 10:22,datasets/dataset_cropped/10_Metas/14/10/20191014102200_00160.jpg,datasets_flow/dataset_cropped/10_Metas/14/10/20191014102200_00160.jpg,datasets_cloudmask/dataset_cropped/10_Metas/14/10/20191014102200_00160.png,570.4,627.9,234.9,21.9,959
10/14/2019 10:23,datasets/dataset_cropped/10_Metas/14/10/20191014102300_00160.jpg,datasets_flow/dataset_cropped/10_Metas/14/10/20191014102300_00160.jpg,datasets_cloudmask/dataset_cropped/10_Metas/14/10/20191014102300_00160.png,302.6,158.3,218.6,22.2,958
10/14/2019 10:24,datasets/dataset_cropped/10_Metas/14/10/20191014102400_00160.jpg,datasets_flow/dataset_cropped/10_Metas/14/10/20191014102400_00160.jpg,datasets_cloudmask/dataset_cropped/10_Metas/14/10/20191014102400_00160.png,454.8,427.2,225.2,22.4,959
10/14/2019 10:25,datasets/dataset_cropped/10_Metas/14/10/20191014102500_00160.jpg,datasets_flow/dataset_cropped/10_Metas/14/10/20191014102500_00160.jpg,datasets_cloudmask/dataset_cropped/10_Metas/14/10/20191014102500_00160.png,592.2,671.1,229.7,22.5,958
10/14/2019 10:26,datasets/dataset_cropped/10_Metas/14/10/20191014102600_00160.jpg,datasets_flow/dataset_cropped/10_Metas/14/10/20191014102600_00160.jpg,datasets_cloudmask/dataset_cropped/10_Metas/14/10/20191014102600_00160.png,360.8,256.7,221.4,22.6,958
10/14/2019 10:27,datasets/dataset_cropped/10_Metas/14/10/20191014102700_00160.jpg,datasets_flow/dataset_cropped/10_Metas/14/10/20191014102700_00160.jpg,datasets_cloudmask/dataset_cropped/10_Metas/14/10/20191014102700_00160.png,315.4,162.1,227,22.8,959
10/14/2019 10:28,datasets/dataset_cropped/10_Metas/14/10/20191014102800_00160.jpg,datasets_flow/dataset_cropped/10_Metas/14/10/20191014102800_00160.jpg,datasets_cloudmask/dataset_cropped/10_Metas/14/10/20191014102800_00160.png,439,352.7,246.6,22.9,959
10/14/2019 10:29,datasets/dataset_cropped/10_Metas/14/10/20191014102900_00160.jpg,datasets_flow/dataset_cropped/10_Metas/14/10/20191014102900_00160.jpg,datasets_cloudmask/dataset_cropped/10_Metas/14/10/20191014102900_00160.png,318.9,119.8,253.2,22.9,958
10/14/2019 10:30,datasets/dataset_cropped/10_Metas/14/10/20191014103000_00160.jpg,datasets_flow/dataset_cropped/10_Metas/14/10/20191014103000_00160.jpg,datasets_cloudmask/dataset_cropped/10_Metas/14/10/20191014103000_00160.png,288.1,59.3,255.5,22.9,958
10/14/2019 10:31,datasets/dataset_cropped/10_Metas/14/10/20191014103100_00160.jpg,datasets_flow/dataset_cropped/10_Metas/14/10/20191014103100_00160.jpg,datasets_cloudmask/dataset_cropped/10_Metas/14/10/20191014103100_00160.png,263.7,25.6,250.3,22.8,958
10/14/2019 10:32,datasets/dataset_cropped/10_Metas/14/10/20191014103200_00160.jpg,datasets_flow/dataset_cropped/10_Metas/14/10/20191014103200_00160.jpg,datasets_cloudmask/dataset_cropped/10_Metas/14/10/20191014103200_00160.png,249.2,24.8,236,22.7,958
10/14/2019 10:33,datasets/dataset_cropped/10_Metas/14/10/20191014103300_00160.jpg,datasets_flow/dataset_cropped/10_Metas/14/10/20191014103300_00160.jpg,datasets_cloudmask/dataset_cropped/10_Metas/14/10/20191014103300_00160.png,236.8,34.3,219,22.5,959
10/14/2019 10:34,datasets/dataset_cropped/10_Metas/14/10/20191014103400_00160.jpg,datasets_flow/dataset_cropped/10_Metas/14/10/20191014103400_00160.jpg,datasets_cloudmask/dataset_cropped/10_Metas/14/10/20191014103400_00160.png,209.4,2.5,209.4,22.4,959
10/14/2019 10:35,datasets/dataset_cropped/10_Metas/14/10/20191014103500_00160.jpg,datasets_flow/dataset_cropped/10_Metas/14/10/20191014103500_00160.jpg,datasets_cloudmask/dataset_cropped/10_Metas/14/10/20191014103500_00160.png,202.4,1.2,202.9,22.4,958
10/14/2019 10:36,datasets/dataset_cropped/10_Metas/14/10/20191014103600_00160.jpg,datasets_flow/dataset_cropped/10_Metas/14/10/20191014103600_00160.jpg,datasets_cloudmask/dataset_cropped/10_Metas/14/10/20191014103600_00160.png,197.6,0.8,198.1,22.6,959
10/14/2019 10:37,datasets/dataset_cropped/10_Metas/14/10/20191014103700_00160.jpg,datasets_flow/dataset_cropped/10_Metas/14/10/20191014103700_00160.jpg,datasets_cloudmask/dataset_cropped/10_Metas/14/10/20191014103700_00160.png,190.9,0.5,191.3,22.6,958
10/14/2019 10:38,datasets/dataset_cropped/10_Metas/14/10/20191014103800_00160.jpg,datasets_flow/dataset_cropped/10_Metas/14/10/20191014103800_00160.jpg,datasets_cloudmask/dataset_cropped/10_Metas/14/10/20191014103800_00160.png,181.8,0.3,182.2,22.6,958
10/14/2019 10:39,datasets/dataset_cropped/10_Metas/14/10/20191014103900_00160.jpg,datasets_flow/dataset_cropped/10_Metas/14/10/20191014103900_00160.jpg,datasets_cloudmask/dataset_cropped/10_Metas/14/10/20191014103900_00160.png,173.4,0.1,173.8,22.6,958
10/14/2019 10:40,datasets/dataset_cropped/10_Metas/14/10/20191014104000_00160.jpg,datasets_flow/dataset_cropped/10_Metas/14/10/20191014104000_00160.jpg,datasets_cloudmask/dataset_cropped/10_Metas/14/10/20191014104000_00160.png,167.5,0.1,167.9,22.5,958
10/14/2019 10:41,datasets/dataset_cropped/10_Metas/14/10/20191014104100_00160.jpg,datasets_flow/dataset_cropped/10_Metas/14/10/20191014104100_00160.jpg,datasets_cloudmask/dataset_cropped/10_Metas/14/10/20191014104100_00160.png,165.4,0.1,165.8,22.5,958
10/14/2019 10:42,datasets/dataset_cropped/10_Metas/14/10/20191014104200_00160.jpg,datasets_flow/dataset_cropped/10_Metas/14/10/20191014104200_00160.jpg,datasets_cloudmask/dataset_cropped/10_Metas/14/10/20191014104200_00160.png,168.1,0.4,168.1,22.4,958
10/14/2019 10:43,datasets/dataset_cropped/10_Metas/14/10/20191014104300_00160.jpg,datasets_flow/dataset_cropped/10_Metas/14/10/20191014104300_00160.jpg,datasets_cloudmask/dataset_cropped/10_Metas/14/10/20191014104300_00160.png,173,0,173.2,22.4,958
10/14/2019 10:44,datasets/dataset_cropped/10_Metas/14/10/20191014104400_00160.jpg,datasets_flow/dataset_cropped/10_Metas/14/10/20191014104400_00160.jpg,datasets_cloudmask/dataset_cropped/10_Metas/14/10/20191014104400_00160.png,179.3,0,179.5,22.3,958
10/14/2019 10:45,datasets/dataset_cropped/10_Metas/14/10/20191014104500_00160.jpg,datasets_flow/dataset_cropped/10_Metas/14/10/20191014104500_00160.jpg,datasets_cloudmask/dataset_cropped/10_Metas/14/10/20191014104500_00160.png,186.7,0,187,22.3,958
10/14/2019 10:46,datasets/dataset_cropped/10_Metas/14/10/20191014104600_00160.jpg,datasets_flow/dataset_cropped/10_Metas/14/10/20191014104600_00160.jpg,datasets_cloudmask/dataset_cropped/10_Metas/14/10/20191014104600_00160.png,195.4,0,195.7,22.4,958
10/14/2019 10:47,datasets/dataset_cropped/10_Metas/14/10/20191014104700_00160.jpg,datasets_flow/dataset_cropped/10_Metas/14/10/20191014104700_00160.jpg,datasets_cloudmask/dataset_cropped/10_Metas/14/10/20191014104700_00160.png,203.1,0.1,203.2,22.4,958
10/14/2019 10:48,datasets/dataset_cropped/10_Metas/14/10/20191014104800_00160.jpg,datasets_flow/dataset_cropped/10_Metas/14/10/20191014104800_00160.jpg,datasets_cloudmask/dataset_cropped/10_Metas/14/10/20191014104800_00160.png,260.7,79.5,213.7,22.2,958
10/14/2019 10:49,datasets/dataset_cropped/10_Metas/14/10/20191014104900_00160.jpg,datasets_flow/dataset_cropped/10_Metas/14/10/20191014104900_00160.jpg,datasets_cloudmask/dataset_cropped/10_Metas/14/10/20191014104900_00160.png,223.6,4.7,221.2,22.2,958
10/14/2019 10:50,datasets/dataset_cropped/10_Metas/14/10/20191014105000_00160.jpg,datasets_flow/dataset_cropped/10_Metas/14/10/20191014105000_00160.jpg,datasets_cloudmask/dataset_cropped/10_Metas/14/10/20191014105000_00160.png,228.7,0.3,228.7,22.2,958
10/14/2019 10:51,datasets/dataset_cropped/10_Metas/14/10/20191014105100_00160.jpg,datasets_flow/dataset_cropped/10_Metas/14/10/20191014105100_00160.jpg,datasets_cloudmask/dataset_cropped/10_Metas/14/10/20191014105100_00160.png,232.1,0.3,232.1,22.3,958
10/14/2019 10:52,datasets/dataset_cropped/10_Metas/14/10/20191014105200_00160.jpg,datasets_flow/dataset_cropped/10_Metas/14/10/20191014105200_00160.jpg,datasets_cloudmask/dataset_cropped/10_Metas/14/10/20191014105200_00160.png,367.6,204.2,245.7,22.3,958
10/14/2019 10:53,datasets/dataset_cropped/10_Metas/14/10/20191014105300_00160.jpg,datasets_flow/dataset_cropped/10_Metas/14/10/20191014105300_00160.jpg,datasets_cloudmask/dataset_cropped/10_Metas/14/10/20191014105300_00160.png,371.6,190.1,257.4,22.3,958
10/14/2019 10:54,datasets/dataset_cropped/10_Metas/14/10/20191014105400_00160.jpg,datasets_flow/dataset_cropped/10_Metas/14/10/20191014105400_00160.jpg,datasets_cloudmask/dataset_cropped/10_Metas/14/10/20191014105400_00160.png,307.8,94,250.3,22.4,958
10/14/2019 10:55,datasets/dataset_cropped/10_Metas/14/10/20191014105500_00160.jpg,datasets_flow/dataset_cropped/10_Metas/14/10/20191014105500_00160.jpg,datasets_cloudmask/dataset_cropped/10_Metas/14/10/20191014105500_00160.png,261,14.5,252.4,22.5,958
10/14/2019 10:56,datasets/dataset_cropped/10_Metas/14/10/20191014105600_00160.jpg,datasets_flow/dataset_cropped/10_Metas/14/10/20191014105600_00160.jpg,datasets_cloudmask/dataset_cropped/10_Metas/14/10/20191014105600_00160.png,308.8,68.1,268.8,22.6,958
10/14/2019 10:57,datasets/dataset_cropped/10_Metas/14/10/20191014105700_00160.jpg,datasets_flow/dataset_cropped/10_Metas/14/10/20191014105700_00160.jpg,datasets_cloudmask/dataset_cropped/10_Metas/14/10/20191014105700_00160.png,334.7,95.5,277.5,22.7,958
10/14/2019 10:58,datasets/dataset_cropped/10_Metas/14/10/20191014105800_00160.jpg,datasets_flow/dataset_cropped/10_Metas/14/10/20191014105800_00160.jpg,datasets_cloudmask/dataset_cropped/10_Metas/14/10/20191014105800_00160.png,334,93.3,278.8,22.9,958
10/14/2019 10:59,datasets/dataset_cropped/10_Metas/14/10/20191014105900_00160.jpg,datasets_flow/dataset_cropped/10_Metas/14/10/20191014105900_00160.jpg,datasets_cloudmask/dataset_cropped/10_Metas/14/10/20191014105900_00160.png,627.9,571.5,281.9,23.1,958
10/14/2019 11:00,datasets/dataset_cropped/10_Metas/14/11/20191014110000_00160.jpg,datasets_flow/dataset_cropped/10_Metas/14/11/20191014110000_00160.jpg,datasets_cloudmask/dataset_cropped/10_Metas/14/11/20191014110000_00160.png,454.3,323,257.7,23.2,958
10/14/2019 11:01,datasets/dataset_cropped/10_Metas/14/11/20191014110100_00160.jpg,datasets_flow/dataset_cropped/10_Metas/14/11/20191014110100_00160.jpg,datasets_cloudmask/dataset_cropped/10_Metas/14/11/20191014110100_00160.png,310.3,137.2,226.9,23.3,958
10/14/2019 11:02,datasets/dataset_cropped/10_Metas/14/11/20191014110200_00160.jpg,datasets_flow/dataset_cropped/10_Metas/14/11/20191014110200_00160.jpg,datasets_cloudmask/dataset_cropped/10_Metas/14/11/20191014110200_00160.png,199.7,1.8,199.8,23.1,958
10/14/2019 11:03,datasets/dataset_cropped/10_Metas/14/11/20191014110300_00160.jpg,datasets_flow/dataset_cropped/10_Metas/14/11/20191014110300_00160.jpg,datasets_cloudmask/dataset_cropped/10_Metas/14/11/20191014110300_00160.png,186,1.5,185.4,22.9,958
10/14/2019 11:04,datasets/dataset_cropped/10_Metas/14/11/20191014110400_00160.jpg,datasets_flow/dataset_cropped/10_Metas/14/11/20191014110400_00160.jpg,datasets_cloudmask/dataset_cropped/10_Metas/14/11/20191014110400_00160.png,206,24.7,190.3,22.8,958
10/14/2019 11:05,datasets/dataset_cropped/10_Metas/14/11/20191014110500_00160.jpg,datasets_flow/dataset_cropped/10_Metas/14/11/20191014110500_00160.jpg,datasets_cloudmask/dataset_cropped/10_Metas/14/11/20191014110500_00160.png,565,587.8,201.8,22.7,958
10/14/2019 11:06,datasets/dataset_cropped/10_Metas/14/11/20191014110600_00160.jpg,datasets_flow/dataset_cropped/10_Metas/14/11/20191014110600_00160.jpg,datasets_cloudmask/dataset_cropped/10_Metas/14/11/20191014110600_00160.png,448.1,403.9,199.4,22.9,958
10/14/2019 11:07,datasets/dataset_cropped/10_Metas/14/11/20191014110700_00160.jpg,datasets_flow/dataset_cropped/10_Metas/14/11/20191014110700_00160.jpg,datasets_cloudmask/dataset_cropped/10_Metas/14/11/20191014110700_00160.png,557.7,570.4,204.6,23,958
10/14/2019 11:08,datasets/dataset_cropped/10_Metas/14/11/20191014110800_00160.jpg,datasets_flow/dataset_cropped/10_Metas/14/11/20191014110800_00160.jpg,datasets_cloudmask/dataset_cropped/10_Metas/14/11/20191014110800_00160.png,281.8,159.7,182.8,23.2,958
10/14/2019 11:09,datasets/dataset_cropped/10_Metas/14/11/20191014110900_00160.jpg,datasets_flow/dataset_cropped/10_Metas/14/11/20191014110900_00160.jpg,datasets_cloudmask/dataset_cropped/10_Metas/14/11/20191014110900_00160.png,167.8,5.7,164.6,23.2,958
10/14/2019 11:10,datasets/dataset_cropped/10_Metas/14/11/20191014111000_00160.jpg,datasets_flow/dataset_cropped/10_Metas/14/11/20191014111000_00160.jpg,datasets_cloudmask/dataset_cropped/10_Metas/14/11/20191014111000_00160.png,173.6,7.8,168.6,23.2,958
10/14/2019 11:11,datasets/dataset_cropped/10_Metas/14/11/20191014111100_00160.jpg,datasets_flow/dataset_cropped/10_Metas/14/11/20191014111100_00160.jpg,datasets_cloudmask/dataset_cropped/10_Metas/14/11/20191014111100_00160.png,340.5,262.1,172.2,23.1,958
10/14/2019 11:12,datasets/dataset_cropped/10_Metas/14/11/20191014111200_00160.jpg,datasets_flow/dataset_cropped/10_Metas/14/11/20191014111200_00160.jpg,datasets_cloudmask/dataset_cropped/10_Metas/14/11/20191014111200_00160.png,199.1,55.1,162.8,23.1,958
10/14/2019 11:13,datasets/dataset_cropped/10_Metas/14/11/20191014111300_00160.jpg,datasets_flow/dataset_cropped/10_Metas/14/11/20191014111300_00160.jpg,datasets_cloudmask/dataset_cropped/10_Metas/14/11/20191014111300_00160.png,191.2,39.9,164.7,23.1,958
10/14/2019 11:14,datasets/dataset_cropped/10_Metas/14/11/20191014111400_00160.jpg,datasets_flow/dataset_cropped/10_Metas/14/11/20191014111400_00160.jpg,datasets_cloudmask/dataset_cropped/10_Metas/14/11/20191014111400_00160.png,181.1,14.3,170.1,23,958
10/14/2019 11:15,datasets/dataset_cropped/10_Metas/14/11/20191014111500_00160.jpg,datasets_flow/dataset_cropped/10_Metas/14/11/20191014111500_00160.jpg,datasets_cloudmask/dataset_cropped/10_Metas/14/11/20191014111500_00160.png,443.2,400.9,190,22.9,958
10/14/2019 11:16,datasets/dataset_cropped/10_Metas/14/11/20191014111600_00160.jpg,datasets_flow/dataset_cropped/10_Metas/14/11/20191014111600_00160.jpg,datasets_cloudmask/dataset_cropped/10_Metas/14/11/20191014111600_00160.png,685.1,751.3,209.9,22.9,958
10/14/2019 11:17,datasets/dataset_cropped/10_Metas/14/11/20191014111700_00160.jpg,datasets_flow/dataset_cropped/10_Metas/14/11/20191014111700_00160.jpg,datasets_cloudmask/dataset_cropped/10_Metas/14/11/20191014111700_00160.png,699.1,748.2,225.3,23.1,958
10/14/2019 11:18,datasets/dataset_cropped/10_Metas/14/11/20191014111800_00160.jpg,datasets_flow/dataset_cropped/10_Metas/14/11/20191014111800_00160.jpg,datasets_cloudmask/dataset_cropped/10_Metas/14/11/20191014111800_00160.png,712.5,746.2,238.7,23.5,958
10/14/2019 11:19,datasets/dataset_cropped/10_Metas/14/11/20191014111900_00160.jpg,datasets_flow/dataset_cropped/10_Metas/14/11/20191014111900_00160.jpg,datasets_cloudmask/dataset_cropped/10_Metas/14/11/20191014111900_00160.png,471,367.9,237.3,23.8,958
10/14/2019 11:20,datasets/dataset_cropped/10_Metas/14/11/20191014112000_00160.jpg,datasets_flow/dataset_cropped/10_Metas/14/11/20191014112000_00160.jpg,datasets_cloudmask/dataset_cropped/10_Metas/14/11/20191014112000_00160.png,264.3,51,233.7,24.2,958
10/14/2019 11:21,datasets/dataset_cropped/10_Metas/14/11/20191014112100_00160.jpg,datasets_flow/dataset_cropped/10_Metas/14/11/20191014112100_00160.jpg,datasets_cloudmask/dataset_cropped/10_Metas/14/11/20191014112100_00160.png,501.8,375.6,261.7,24.4,958
10/14/2019 11:22,datasets/dataset_cropped/10_Metas/14/11/20191014112200_00160.jpg,datasets_flow/dataset_cropped/10_Metas/14/11/20191014112200_00160.jpg,datasets_cloudmask/dataset_cropped/10_Metas/14/11/20191014112200_00160.png,335.1,135.1,250.3,24.3,958
10/14/2019 11:23,datasets/dataset_cropped/10_Metas/14/11/20191014112300_00160.jpg,datasets_flow/dataset_cropped/10_Metas/14/11/20191014112300_00160.jpg,datasets_cloudmask/dataset_cropped/10_Metas/14/11/20191014112300_00160.png,219.3,2.9,219.8,24.3,958
10/14/2019 11:24,datasets/dataset_cropped/10_Metas/14/11/20191014112400_00160.jpg,datasets_flow/dataset_cropped/10_Metas/14/11/20191014112400_00160.jpg,datasets_cloudmask/dataset_cropped/10_Metas/14/11/20191014112400_00160.png,201.9,2.5,202.2,24.3,958
10/14/2019 11:25,datasets/dataset_cropped/10_Metas/14/11/20191014112500_00160.jpg,datasets_flow/dataset_cropped/10_Metas/14/11/20191014112500_00160.jpg,datasets_cloudmask/dataset_cropped/10_Metas/14/11/20191014112500_00160.png,197,1.9,197.2,24.4,958
10/14/2019 11:26,datasets/dataset_cropped/10_Metas/14/11/20191014112600_00160.jpg,datasets_flow/dataset_cropped/10_Metas/14/11/20191014112600_00160.jpg,datasets_cloudmask/dataset_cropped/10_Metas/14/11/20191014112600_00160.png,207,1.6,206.7,24.4,958
10/14/2019 11:27,datasets/dataset_cropped/10_Metas/14/11/20191014112700_00160.jpg,datasets_flow/dataset_cropped/10_Metas/14/11/20191014112700_00160.jpg,datasets_cloudmask/dataset_cropped/10_Metas/14/11/20191014112700_00160.png,233.3,3.9,230.9,24.2,958
10/14/2019 11:28,datasets/dataset_cropped/10_Metas/14/11/20191014112800_00160.jpg,datasets_flow/dataset_cropped/10_Metas/14/11/20191014112800_00160.jpg,datasets_cloudmask/dataset_cropped/10_Metas/14/11/20191014112800_00160.png,283.2,24.5,267.4,24.1,958
10/14/2019 11:29,datasets/dataset_cropped/10_Metas/14/11/20191014112900_00160.jpg,datasets_flow/dataset_cropped/10_Metas/14/11/20191014112900_00160.jpg,datasets_cloudmask/dataset_cropped/10_Metas/14/11/20191014112900_00160.png,705.9,587.7,324.2,24.2,958
10/14/2019 11:30,datasets/dataset_cropped/10_Metas/14/11/20191014113000_00160.jpg,datasets_flow/dataset_cropped/10_Metas/14/11/20191014113000_00160.jpg,datasets_cloudmask/dataset_cropped/10_Metas/14/11/20191014113000_00160.png,583.4,392.5,326.2,24.2,958
10/14/2019 11:31,datasets/dataset_cropped/10_Metas/14/11/20191014113100_00160.jpg,datasets_flow/dataset_cropped/10_Metas/14/11/20191014113100_00160.jpg,datasets_cloudmask/dataset_cropped/10_Metas/14/11/20191014113100_00160.png,438.9,205.7,303.2,24.1,958
10/14/2019 11:32,datasets/dataset_cropped/10_Metas/14/11/20191014113200_00160.jpg,datasets_flow/dataset_cropped/10_Metas/14/11/20191014113200_00160.jpg,datasets_cloudmask/dataset_cropped/10_Metas/14/11/20191014113200_00160.png,316.5,51.2,283.3,24.2,958
10/14/2019 11:33,datasets/dataset_cropped/10_Metas/14/11/20191014113300_00160.jpg,datasets_flow/dataset_cropped/10_Metas/14/11/20191014113300_00160.jpg,datasets_cloudmask/dataset_cropped/10_Metas/14/11/20191014113300_00160.png,606.4,477.9,292.5,24.2,958
10/14/2019 11:34,datasets/dataset_cropped/10_Metas/14/11/20191014113400_00160.jpg,datasets_flow/dataset_cropped/10_Metas/14/11/20191014113400_00160.jpg,datasets_cloudmask/dataset_cropped/10_Metas/14/11/20191014113400_00160.png,281.2,11.7,273.8,24.2,958
10/14/2019 11:35,datasets/dataset_cropped/10_Metas/14/11/20191014113500_00160.jpg,datasets_flow/dataset_cropped/10_Metas/14/11/20191014113500_00160.jpg,datasets_cloudmask/dataset_cropped/10_Metas/14/11/20191014113500_00160.png,305,48.7,273.1,24.4,958
10/14/2019 11:36,datasets/dataset_cropped/10_Metas/14/11/20191014113600_00160.jpg,datasets_flow/dataset_cropped/10_Metas/14/11/20191014113600_00160.jpg,datasets_cloudmask/dataset_cropped/10_Metas/14/11/20191014113600_00160.png,390.5,176.8,273.1,24.6,958
10/14/2019 11:37,datasets/dataset_cropped/10_Metas/14/11/20191014113700_00160.jpg,datasets_flow/dataset_cropped/10_Metas/14/11/20191014113700_00160.jpg,datasets_cloudmask/dataset_cropped/10_Metas/14/11/20191014113700_00160.png,436.9,243.8,273.7,24.9,958
10/14/2019 11:38,datasets/dataset_cropped/10_Metas/14/11/20191014113800_00160.jpg,datasets_flow/dataset_cropped/10_Metas/14/11/20191014113800_00160.jpg,datasets_cloudmask/dataset_cropped/10_Metas/14/11/20191014113800_00160.png,312.9,81.1,259.5,25.1,958
10/14/2019 11:39,datasets/dataset_cropped/10_Metas/14/11/20191014113900_00160.jpg,datasets_flow/dataset_cropped/10_Metas/14/11/20191014113900_00160.jpg,datasets_cloudmask/dataset_cropped/10_Metas/14/11/20191014113900_00160.png,377.9,150,276.9,25.1,958
10/14/2019 11:40,datasets/dataset_cropped/10_Metas/14/11/20191014114000_00160.jpg,datasets_flow/dataset_cropped/10_Metas/14/11/20191014114000_00160.jpg,datasets_cloudmask/dataset_cropped/10_Metas/14/11/20191014114000_00160.png,524.1,351.8,289.7,25,958
10/14/2019 11:41,datasets/dataset_cropped/10_Metas/14/11/20191014114100_00160.jpg,datasets_flow/dataset_cropped/10_Metas/14/11/20191014114100_00160.jpg,datasets_cloudmask/dataset_cropped/10_Metas/14/11/20191014114100_00160.png,631.6,508,295.2,25,958
10/14/2019 11:42,datasets/dataset_cropped/10_Metas/14/11/20191014114200_00160.jpg,datasets_flow/dataset_cropped/10_Metas/14/11/20191014114200_00160.jpg,datasets_cloudmask/dataset_cropped/10_Metas/14/11/20191014114200_00160.png,800,754.4,298.6,25.2,958
10/14/2019 11:43,datasets/dataset_cropped/10_Metas/14/11/20191014114300_00160.jpg,datasets_flow/dataset_cropped/10_Metas/14/11/20191014114300_00160.jpg,datasets_cloudmask/dataset_cropped/10_Metas/14/11/20191014114300_00160.png,514.2,345.8,283.7,25.3,958
10/14/2019 11:44,datasets/dataset_cropped/10_Metas/14/11/20191014114400_00160.jpg,datasets_flow/dataset_cropped/10_Metas/14/11/20191014114400_00160.jpg,datasets_cloudmask/dataset_cropped/10_Metas/14/11/20191014114400_00160.png,540.5,393.3,277.5,25.3,958
10/14/2019 11:45,datasets/dataset_cropped/10_Metas/14/11/20191014114500_00160.jpg,datasets_flow/dataset_cropped/10_Metas/14/11/20191014114500_00160.jpg,datasets_cloudmask/dataset_cropped/10_Metas/14/11/20191014114500_00160.png,435.9,232.3,278,25.1,958
10/14/2019 11:46,datasets/dataset_cropped/10_Metas/14/11/20191014114600_00160.jpg,datasets_flow/dataset_cropped/10_Metas/14/11/20191014114600_00160.jpg,datasets_cloudmask/dataset_cropped/10_Metas/14/11/20191014114600_00160.png,649.1,559.6,274.1,24.9,958
10/14/2019 11:47,datasets/dataset_cropped/10_Metas/14/11/20191014114700_00160.jpg,datasets_flow/dataset_cropped/10_Metas/14/11/20191014114700_00160.jpg,datasets_cloudmask/dataset_cropped/10_Metas/14/11/20191014114700_00160.png,781,750.6,277.4,24.9,958
10/14/2019 11:48,datasets/dataset_cropped/10_Metas/14/11/20191014114800_00149.jpg,datasets_flow/dataset_cropped/10_Metas/14/11/20191014114800_00149.jpg,datasets_cloudmask/dataset_cropped/10_Metas/14/11/20191014114800_00149.png,786.5,753.8,280.4,25.2,958
10/14/2019 11:49,datasets/dataset_cropped/10_Metas/14/11/20191014114900_00149.jpg,datasets_flow/dataset_cropped/10_Metas/14/11/20191014114900_00149.jpg,datasets_cloudmask/dataset_cropped/10_Metas/14/11/20191014114900_00149.png,596.2,467.6,281.6,25.3,958
10/14/2019 11:50,datasets/dataset_cropped/10_Metas/14/11/20191014115000_00149.jpg,datasets_flow/dataset_cropped/10_Metas/14/11/20191014115000_00149.jpg,datasets_cloudmask/dataset_cropped/10_Metas/14/11/20191014115000_00149.png,470.2,276.3,282.6,25.4,958
10/14/2019 11:51,datasets/dataset_cropped/10_Metas/14/11/20191014115100_00149.jpg,datasets_flow/dataset_cropped/10_Metas/14/11/20191014115100_00149.jpg,datasets_cloudmask/dataset_cropped/10_Metas/14/11/20191014115100_00149.png,317.8,58.9,278,25.4,958
10/14/2019 11:52,datasets/dataset_cropped/10_Metas/14/11/20191014115200_00149.jpg,datasets_flow/dataset_cropped/10_Metas/14/11/20191014115200_00149.jpg,datasets_cloudmask/dataset_cropped/10_Metas/14/11/20191014115200_00149.png,441.8,208.2,297.7,25.3,958
10/14/2019 11:53,datasets/dataset_cropped/10_Metas/14/11/20191014115300_00149.jpg,datasets_flow/dataset_cropped/10_Metas/14/11/20191014115300_00149.jpg,datasets_cloudmask/dataset_cropped/10_Metas/14/11/20191014115300_00149.png,327.2,38.5,301.1,25.1,958
10/14/2019 11:54,datasets/dataset_cropped/10_Metas/14/11/20191014115400_00149.jpg,datasets_flow/dataset_cropped/10_Metas/14/11/20191014115400_00149.jpg,datasets_cloudmask/dataset_cropped/10_Metas/14/11/20191014115400_00149.png,408.3,127.2,320.1,25.1,958
10/14/2019 11:55,datasets/dataset_cropped/10_Metas/14/11/20191014115500_00149.jpg,datasets_flow/dataset_cropped/10_Metas/14/11/20191014115500_00149.jpg,datasets_cloudmask/dataset_cropped/10_Metas/14/11/20191014115500_00149.png,451.6,165.2,337.8,25.2,958
10/14/2019 11:56,datasets/dataset_cropped/10_Metas/14/11/20191014115600_00149.jpg,datasets_flow/dataset_cropped/10_Metas/14/11/20191014115600_00149.jpg,datasets_cloudmask/dataset_cropped/10_Metas/14/11/20191014115600_00149.png,704.2,495,365.6,25.3,958
10/14/2019 11:57,datasets/dataset_cropped/10_Metas/14/11/20191014115700_00149.jpg,datasets_flow/dataset_cropped/10_Metas/14/11/20191014115700_00149.jpg,datasets_cloudmask/dataset_cropped/10_Metas/14/11/20191014115700_00149.png,617.9,354.2,375.3,25.3,958
10/14/2019 11:58,datasets/dataset_cropped/10_Metas/14/11/20191014115800_00149.jpg,datasets_flow/dataset_cropped/10_Metas/14/11/20191014115800_00149.jpg,datasets_cloudmask/dataset_cropped/10_Metas/14/11/20191014115800_00149.png,882,728.6,385.4,25.3,958
10/14/2019 11:59,datasets/dataset_cropped/10_Metas/14/11/20191014115900_00149.jpg,datasets_flow/dataset_cropped/10_Metas/14/11/20191014115900_00149.jpg,datasets_cloudmask/dataset_cropped/10_Metas/14/11/20191014115900_00149.png,898,739.5,395.4,25.4,958
10/14/2019 12:00,datasets/dataset_cropped/10_Metas/14/12/20191014120000_00149.jpg,datasets_flow/dataset_cropped/10_Metas/14/12/20191014120000_00149.jpg,datasets_cloudmask/dataset_cropped/10_Metas/14/12/20191014120000_00149.png,886,702.3,408.1,25.6,958
10/14/2019 12:01,datasets/dataset_cropped/10_Metas/14/12/20191014120100_00149.jpg,datasets_flow/dataset_cropped/10_Metas/14/12/20191014120100_00149.jpg,datasets_cloudmask/dataset_cropped/10_Metas/14/12/20191014120100_00149.png,773.2,551.1,398.8,25.6,958
10/14/2019 12:02,datasets/dataset_cropped/10_Metas/14/12/20191014120200_00149.jpg,datasets_flow/dataset_cropped/10_Metas/14/12/20191014120200_00149.jpg,datasets_cloudmask/dataset_cropped/10_Metas/14/12/20191014120200_00149.png,576.4,283.5,381.4,25.8,958
10/14/2019 12:03,datasets/dataset_cropped/10_Metas/14/12/20191014120300_00149.jpg,datasets_flow/dataset_cropped/10_Metas/14/12/20191014120300_00149.jpg,datasets_cloudmask/dataset_cropped/10_Metas/14/12/20191014120300_00149.png,362.9,10.2,356.2,25.9,958
10/14/2019 12:04,datasets/dataset_cropped/10_Metas/14/12/20191014120400_00149.jpg,datasets_flow/dataset_cropped/10_Metas/14/12/20191014120400_00149.jpg,datasets_cloudmask/dataset_cropped/10_Metas/14/12/20191014120400_00149.png,389.8,52.9,354.9,25.8,958
10/14/2019 12:05,datasets/dataset_cropped/10_Metas/14/12/20191014120500_00149.jpg,datasets_flow/dataset_cropped/10_Metas/14/12/20191014120500_00149.jpg,datasets_cloudmask/dataset_cropped/10_Metas/14/12/20191014120500_00149.png,782,578.7,383.7,25.9,958
10/14/2019 12:06,datasets/dataset_cropped/10_Metas/14/12/20191014120600_00149.jpg,datasets_flow/dataset_cropped/10_Metas/14/12/20191014120600_00149.jpg,datasets_cloudmask/dataset_cropped/10_Metas/14/12/20191014120600_00149.png,445.4,72.8,395.1,26,958
10/14/2019 12:07,datasets/dataset_cropped/10_Metas/14/12/20191014120700_00149.jpg,datasets_flow/dataset_cropped/10_Metas/14/12/20191014120700_00149.jpg,datasets_cloudmask/dataset_cropped/10_Metas/14/12/20191014120700_00149.png,446.9,35.6,420.7,26,958
10/14/2019 12:08,datasets/dataset_cropped/10_Metas/14/12/20191014120800_00149.jpg,datasets_flow/dataset_cropped/10_Metas/14/12/20191014120800_00149.jpg,datasets_cloudmask/dataset_cropped/10_Metas/14/12/20191014120800_00149.png,554.2,161.1,440.6,25.9,958
10/14/2019 12:09,datasets/dataset_cropped/10_Metas/14/12/20191014120900_00149.jpg,datasets_flow/dataset_cropped/10_Metas/14/12/20191014120900_00149.jpg,datasets_cloudmask/dataset_cropped/10_Metas/14/12/20191014120900_00149.png,641,277.4,447.4,25.9,958
10/14/2019 12:10,datasets/dataset_cropped/10_Metas/14/12/20191014121000_00149.jpg,datasets_flow/dataset_cropped/10_Metas/14/12/20191014121000_00149.jpg,datasets_cloudmask/dataset_cropped/10_Metas/14/12/20191014121000_00149.png,802,518.1,442.2,25.9,958
10/14/2019 12:11,datasets/dataset_cropped/10_Metas/14/12/20191014121100_00149.jpg,datasets_flow/dataset_cropped/10_Metas/14/12/20191014121100_00149.jpg,datasets_cloudmask/dataset_cropped/10_Metas/14/12/20191014121100_00149.png,706.6,409.2,421.7,25.9,958
10/14/2019 12:12,datasets/dataset_cropped/10_Metas/14/12/20191014121200_00149.jpg,datasets_flow/dataset_cropped/10_Metas/14/12/20191014121200_00149.jpg,datasets_cloudmask/dataset_cropped/10_Metas/14/12/20191014121200_00149.png,400.6,42.2,370.8,25.8,958
10/14/2019 12:13,datasets/dataset_cropped/10_Metas/14/12/20191014121300_00149.jpg,datasets_flow/dataset_cropped/10_Metas/14/12/20191014121300_00149.jpg,datasets_cloudmask/dataset_cropped/10_Metas/14/12/20191014121300_00149.png,478.8,148.3,376.7,26,958
10/14/2019 12:14,datasets/dataset_cropped/10_Metas/14/12/20191014121400_00149.jpg,datasets_flow/dataset_cropped/10_Metas/14/12/20191014121400_00149.jpg,datasets_cloudmask/dataset_cropped/10_Metas/14/12/20191014121400_00149.png,718.3,485,378.9,26.3,958
10/14/2019 12:15,datasets/dataset_cropped/10_Metas/14/12/20191014121500_00149.jpg,datasets_flow/dataset_cropped/10_Metas/14/12/20191014121500_00149.jpg,datasets_cloudmask/dataset_cropped/10_Metas/14/12/20191014121500_00149.png,623.3,366.7,369.5,26.3,958
10/14/2019 12:16,datasets/dataset_cropped/10_Metas/14/12/20191014121600_00149.jpg,datasets_flow/dataset_cropped/10_Metas/14/12/20191014121600_00149.jpg,datasets_cloudmask/dataset_cropped/10_Metas/14/12/20191014121600_00149.png,823,648.1,369.8,26.1,958
10/14/2019 12:17,datasets/dataset_cropped/10_Metas/14/12/20191014121700_00149.jpg,datasets_flow/dataset_cropped/10_Metas/14/12/20191014121700_00149.jpg,datasets_cloudmask/dataset_cropped/10_Metas/14/12/20191014121700_00149.png,796,618.5,364.8,26.1,958
10/14/2019 12:18,datasets/dataset_cropped/10_Metas/14/12/20191014121800_00149.jpg,datasets_flow/dataset_cropped/10_Metas/14/12/20191014121800_00149.jpg,datasets_cloudmask/dataset_cropped/10_Metas/14/12/20191014121800_00149.png,843,700.9,354.3,26.1,958
10/14/2019 12:19,datasets/dataset_cropped/10_Metas/14/12/20191014121900_00149.jpg,datasets_flow/dataset_cropped/10_Metas/14/12/20191014121900_00149.jpg,datasets_cloudmask/dataset_cropped/10_Metas/14/12/20191014121900_00149.png,827,690.8,344.1,26.3,958
10/14/2019 12:20,datasets/dataset_cropped/10_Metas/14/12/20191014122000_00149.jpg,datasets_flow/dataset_cropped/10_Metas/14/12/20191014122000_00149.jpg,datasets_cloudmask/dataset_cropped/10_Metas/14/12/20191014122000_00149.png,660.1,460.7,338.9,26.4,958
10/14/2019 12:21,datasets/dataset_cropped/10_Metas/14/12/20191014122100_00149.jpg,datasets_flow/dataset_cropped/10_Metas/14/12/20191014122100_00149.jpg,datasets_cloudmask/dataset_cropped/10_Metas/14/12/20191014122100_00149.png,872,767.4,337,26.2,958
10/14/2019 12:22,datasets/dataset_cropped/10_Metas/14/12/20191014122200_00149.jpg,datasets_flow/dataset_cropped/10_Metas/14/12/20191014122200_00149.jpg,datasets_cloudmask/dataset_cropped/10_Metas/14/12/20191014122200_00149.png,871,772.9,331.9,26.5,958
10/14/2019 12:23,datasets/dataset_cropped/10_Metas/14/12/20191014122300_00149.jpg,datasets_flow/dataset_cropped/10_Metas/14/12/20191014122300_00149.jpg,datasets_cloudmask/dataset_cropped/10_Metas/14/12/20191014122300_00149.png,873,773.5,333.9,26.7,958
10/14/2019 12:24,datasets/dataset_cropped/10_Metas/14/12/20191014122400_00149.jpg,datasets_flow/dataset_cropped/10_Metas/14/12/20191014122400_00149.jpg,datasets_cloudmask/dataset_cropped/10_Metas/14/12/20191014122400_00149.png,871,763,338,26.8,958
10/14/2019 12:25,datasets/dataset_cropped/10_Metas/14/12/20191014122500_00149.jpg,datasets_flow/dataset_cropped/10_Metas/14/12/20191014122500_00149.jpg,datasets_cloudmask/dataset_cropped/10_Metas/14/12/20191014122500_00149.png,843,725,336.2,26.7,958
10/14/2019 12:26,datasets/dataset_cropped/10_Metas/14/12/20191014122600_00149.jpg,datasets_flow/dataset_cropped/10_Metas/14/12/20191014122600_00149.jpg,datasets_cloudmask/dataset_cropped/10_Metas/14/12/20191014122600_00149.png,819,717,317.8,26.7,958
10/14/2019 12:27,datasets/dataset_cropped/10_Metas/14/12/20191014122700_00149.jpg,datasets_flow/dataset_cropped/10_Metas/14/12/20191014122700_00149.jpg,datasets_cloudmask/dataset_cropped/10_Metas/14/12/20191014122700_00149.png,840,767.2,302.9,27,958
10/14/2019 12:28,datasets/dataset_cropped/10_Metas/14/12/20191014122800_00149.jpg,datasets_flow/dataset_cropped/10_Metas/14/12/20191014122800_00149.jpg,datasets_cloudmask/dataset_cropped/10_Metas/14/12/20191014122800_00149.png,822,763.4,287.1,27,958
10/14/2019 12:29,datasets/dataset_cropped/10_Metas/14/12/20191014122900_00149.jpg,datasets_flow/dataset_cropped/10_Metas/14/12/20191014122900_00149.jpg,datasets_cloudmask/dataset_cropped/10_Metas/14/12/20191014122900_00149.png,808,785.6,257,27.1,958
10/14/2019 12:30,datasets/dataset_cropped/10_Metas/14/12/20191014123000_00149.jpg,datasets_flow/dataset_cropped/10_Metas/14/12/20191014123000_00149.jpg,datasets_cloudmask/dataset_cropped/10_Metas/14/12/20191014123000_00149.png,781.5,780.1,233.5,27.1,958
10/14/2019 12:31,datasets/dataset_cropped/10_Metas/14/12/20191014123100_00149.jpg,datasets_flow/dataset_cropped/10_Metas/14/12/20191014123100_00149.jpg,datasets_cloudmask/dataset_cropped/10_Metas/14/12/20191014123100_00149.png,770,791.4,213.3,26.9,958
10/14/2019 12:32,datasets/dataset_cropped/10_Metas/14/12/20191014123200_00149.jpg,datasets_flow/dataset_cropped/10_Metas/14/12/20191014123200_00149.jpg,datasets_cloudmask/dataset_cropped/10_Metas/14/12/20191014123200_00149.png,749.1,789.9,192.8,26.8,958
10/14/2019 12:33,datasets/dataset_cropped/10_Metas/14/12/20191014123300_00149.jpg,datasets_flow/dataset_cropped/10_Metas/14/12/20191014123300_00149.jpg,datasets_cloudmask/dataset_cropped/10_Metas/14/12/20191014123300_00149.png,733,788,177.7,26.7,958
10/14/2019 12:34,datasets/dataset_cropped/10_Metas/14/12/20191014123400_00149.jpg,datasets_flow/dataset_cropped/10_Metas/14/12/20191014123400_00149.jpg,datasets_cloudmask/dataset_cropped/10_Metas/14/12/20191014123400_00149.png,728.3,788.3,172.5,26.7,958
10/14/2019 12:35,datasets/dataset_cropped/10_Metas/14/12/20191014123500_00149.jpg,datasets_flow/dataset_cropped/10_Metas/14/12/20191014123500_00149.jpg,datasets_cloudmask/dataset_cropped/10_Metas/14/12/20191014123500_00149.png,725.8,787.9,170.1,26.7,957
10/14/2019 12:36,datasets/dataset_cropped/10_Metas/14/12/20191014123600_00149.jpg,datasets_flow/dataset_cropped/10_Metas/14/12/20191014123600_00149.jpg,datasets_cloudmask/dataset_cropped/10_Metas/14/12/20191014123600_00149.png,722.5,787.4,166.8,26.7,957
10/14/2019 12:37,datasets/dataset_cropped/10_Metas/14/12/20191014123700_00149.jpg,datasets_flow/dataset_cropped/10_Metas/14/12/20191014123700_00149.jpg,datasets_cloudmask/dataset_cropped/10_Metas/14/12/20191014123700_00149.png,717.8,785.9,162.9,26.8,957
10/14/2019 12:38,datasets/dataset_cropped/10_Metas/14/12/20191014123800_00149.jpg,datasets_flow/dataset_cropped/10_Metas/14/12/20191014123800_00149.jpg,datasets_cloudmask/dataset_cropped/10_Metas/14/12/20191014123800_00149.png,717.5,789.5,160,26.9,957
10/14/2019 12:39,datasets/dataset_cropped/10_Metas/14/12/20191014123900_00149.jpg,datasets_flow/dataset_cropped/10_Metas/14/12/20191014123900_00149.jpg,datasets_cloudmask/dataset_cropped/10_Metas/14/12/20191014123900_00149.png,719,792.3,159.7,26.7,957
10/14/2019 12:40,datasets/dataset_cropped/10_Metas/14/12/20191014124000_00149.jpg,datasets_flow/dataset_cropped/10_Metas/14/12/20191014124000_00149.jpg,datasets_cloudmask/dataset_cropped/10_Metas/14/12/20191014124000_00149.png,719.8,793.7,159.3,26.8,957
10/14/2019 12:41,datasets/dataset_cropped/10_Metas/14/12/20191014124100_00149.jpg,datasets_flow/dataset_cropped/10_Metas/14/12/20191014124100_00149.jpg,datasets_cloudmask/dataset_cropped/10_Metas/14/12/20191014124100_00149.png,718.1,794.7,157,26.6,957
10/14/2019 12:42,datasets/dataset_cropped/10_Metas/14/12/20191014124200_00149.jpg,datasets_flow/dataset_cropped/10_Metas/14/12/20191014124200_00149.jpg,datasets_cloudmask/dataset_cropped/10_Metas/14/12/20191014124200_00149.png,716.4,795.5,154.9,26.5,957
10/14/2019 12:43,datasets/dataset_cropped/10_Metas/14/12/20191014124300_00149.jpg,datasets_flow/dataset_cropped/10_Metas/14/12/20191014124300_00149.jpg,datasets_cloudmask/dataset_cropped/10_Metas/14/12/20191014124300_00149.png,719.5,801,153.8,26.6,957
10/14/2019 12:44,datasets/dataset_cropped/10_Metas/14/12/20191014124400_00149.jpg,datasets_flow/dataset_cropped/10_Metas/14/12/20191014124400_00149.jpg,datasets_cloudmask/dataset_cropped/10_Metas/14/12/20191014124400_00149.png,721.1,803,153.9,26.9,957
10/14/2019 12:45,datasets/dataset_cropped/10_Metas/14/12/20191014124500_00149.jpg,datasets_flow/dataset_cropped/10_Metas/14/12/20191014124500_00149.jpg,datasets_cloudmask/dataset_cropped/10_Metas/14/12/20191014124500_00149.png,722.6,803,154.3,27.2,957
10/14/2019 12:46,datasets/dataset_cropped/10_Metas/14/12/20191014124600_00149.jpg,datasets_flow/dataset_cropped/10_Metas/14/12/20191014124600_00149.jpg,datasets_cloudmask/dataset_cropped/10_Metas/14/12/20191014124600_00149.png,720.6,801,153.6,27.1,957
10/14/2019 12:47,datasets/dataset_cropped/10_Metas/14/12/20191014124700_00149.jpg,datasets_flow/dataset_cropped/10_Metas/14/12/20191014124700_00149.jpg,datasets_cloudmask/dataset_cropped/10_Metas/14/12/20191014124700_00149.png,720.5,804,151.7,27.1,957
10/14/2019 12:48,datasets/dataset_cropped/10_Metas/14/12/20191014124800_00149.jpg,datasets_flow/dataset_cropped/10_Metas/14/12/20191014124800_00149.jpg,datasets_cloudmask/dataset_cropped/10_Metas/14/12/20191014124800_00149.png,720.5,808,148.9,27.2,957
10/14/2019 12:49,datasets/dataset_cropped/10_Metas/14/12/20191014124900_00149.jpg,datasets_flow/dataset_cropped/10_Metas/14/12/20191014124900_00149.jpg,datasets_cloudmask/dataset_cropped/10_Metas/14/12/20191014124900_00149.png,716.8,804,147.8,27.2,957
10/14/2019 12:50,datasets/dataset_cropped/10_Metas/14/12/20191014125000_00149.jpg,datasets_flow/dataset_cropped/10_Metas/14/12/20191014125000_00149.jpg,datasets_cloudmask/dataset_cropped/10_Metas/14/12/20191014125000_00149.png,715.6,803,147.3,27.3,957
10/14/2019 12:51,datasets/dataset_cropped/10_Metas/14/12/20191014125100_00149.jpg,datasets_flow/dataset_cropped/10_Metas/14/12/20191014125100_00149.jpg,datasets_cloudmask/dataset_cropped/10_Metas/14/12/20191014125100_00149.png,715.6,804,146.7,27.4,957
10/14/2019 12:52,datasets/dataset_cropped/10_Metas/14/12/20191014125200_00160.jpg,datasets_flow/dataset_cropped/10_Metas/14/12/20191014125200_00160.jpg,datasets_cloudmask/dataset_cropped/10_Metas/14/12/20191014125200_00160.png,715.3,804,146.2,27.2,957
10/14/2019 12:53,datasets/dataset_cropped/10_Metas/14/12/20191014125300_00160.jpg,datasets_flow/dataset_cropped/10_Metas/14/12/20191014125300_00160.jpg,datasets_cloudmask/dataset_cropped/10_Metas/14/12/20191014125300_00160.png,716,805,145.6,27.3,957
10/14/2019 12:54,datasets/dataset_cropped/10_Metas/14/12/20191014125400_00160.jpg,datasets_flow/dataset_cropped/10_Metas/14/12/20191014125400_00160.jpg,datasets_cloudmask/dataset_cropped/10_Metas/14/12/20191014125400_00160.png,717.2,808,144.8,27.6,957
10/14/2019 12:55,datasets/dataset_cropped/10_Metas/14/12/20191014125500_00160.jpg,datasets_flow/dataset_cropped/10_Metas/14/12/20191014125500_00160.jpg,datasets_cloudmask/dataset_cropped/10_Metas/14/12/20191014125500_00160.png,717.1,809,144.1,27.6,957
10/14/2019 12:56,datasets/dataset_cropped/10_Metas/14/12/20191014125600_00160.jpg,datasets_flow/dataset_cropped/10_Metas/14/12/20191014125600_00160.jpg,datasets_cloudmask/dataset_cropped/10_Metas/14/12/20191014125600_00160.png,720,815,143.4,27.7,957
10/14/2019 12:57,datasets/dataset_cropped/10_Metas/14/12/20191014125700_00160.jpg,datasets_flow/dataset_cropped/10_Metas/14/12/20191014125700_00160.jpg,datasets_cloudmask/dataset_cropped/10_Metas/14/12/20191014125700_00160.png,720.1,816,143.3,27.6,957
10/14/2019 12:58,datasets/dataset_cropped/10_Metas/14/12/20191014125800_00160.jpg,datasets_flow/dataset_cropped/10_Metas/14/12/20191014125800_00160.jpg,datasets_cloudmask/dataset_cropped/10_Metas/14/12/20191014125800_00160.png,718.6,815,142.5,27.9,957
10/14/2019 12:59,datasets/dataset_cropped/10_Metas/14/12/20191014125900_00160.jpg,datasets_flow/dataset_cropped/10_Metas/14/12/20191014125900_00160.jpg,datasets_cloudmask/dataset_cropped/10_Metas/14/12/20191014125900_00160.png,718.3,816,141.3,27.8,957
10/14/2019 13:00,datasets/dataset_cropped/10_Metas/14/13/20191014130000_00160.jpg,datasets_flow/dataset_cropped/10_Metas/14/13/20191014130000_00160.jpg,datasets_cloudmask/dataset_cropped/10_Metas/14/13/20191014130000_00160.png,719.9,818,140.9,27.7,957
10/14/2019 13:01,datasets/dataset_cropped/10_Metas/14/13/20191014130100_00160.jpg,datasets_flow/dataset_cropped/10_Metas/14/13/20191014130100_00160.jpg,datasets_cloudmask/dataset_cropped/10_Metas/14/13/20191014130100_00160.png,719.6,819,140.3,27.8,957
10/14/2019 13:02,datasets/dataset_cropped/10_Metas/14/13/20191014130200_00160.jpg,datasets_flow/dataset_cropped/10_Metas/14/13/20191014130200_00160.jpg,datasets_cloudmask/dataset_cropped/10_Metas/14/13/20191014130200_00160.png,719.7,820,139.8,28,957
10/14/2019 13:03,datasets/dataset_cropped/10_Metas/14/13/20191014130300_00160.jpg,datasets_flow/dataset_cropped/10_Metas/14/13/20191014130300_00160.jpg,datasets_cloudmask/dataset_cropped/10_Metas/14/13/20191014130300_00160.png,718.3,819,139,28,957
10/14/2019 13:04,datasets/dataset_cropped/10_Metas/14/13/20191014130400_00160.jpg,datasets_flow/dataset_cropped/10_Metas/14/13/20191014130400_00160.jpg,datasets_cloudmask/dataset_cropped/10_Metas/14/13/20191014130400_00160.png,719.6,822,138.5,27.7,957
10/14/2019 13:05,datasets/dataset_cropped/10_Metas/14/13/20191014130500_00160.jpg,datasets_flow/dataset_cropped/10_Metas/14/13/20191014130500_00160.jpg,datasets_cloudmask/dataset_cropped/10_Metas/14/13/20191014130500_00160.png,720.6,824,138.1,27.5,957
10/14/2019 13:06,datasets/dataset_cropped/10_Metas/14/13/20191014130600_00160.jpg,datasets_flow/dataset_cropped/10_Metas/14/13/20191014130600_00160.jpg,datasets_cloudmask/dataset_cropped/10_Metas/14/13/20191014130600_00160.png,719.6,824,137.5,27.6,957
10/14/2019 13:07,datasets/dataset_cropped/10_Metas/14/13/20191014130700_00160.jpg,datasets_flow/dataset_cropped/10_Metas/14/13/20191014130700_00160.jpg,datasets_cloudmask/dataset_cropped/10_Metas/14/13/20191014130700_00160.png,718.4,822,137.6,27.6,957
10/14/2019 13:08,datasets/dataset_cropped/10_Metas/14/13/20191014130800_00160.jpg,datasets_flow/dataset_cropped/10_Metas/14/13/20191014130800_00160.jpg,datasets_cloudmask/dataset_cropped/10_Metas/14/13/20191014130800_00160.png,722,830,135.8,27.9,957
10/14/2019 13:09,datasets/dataset_cropped/10_Metas/14/13/20191014130900_00160.jpg,datasets_flow/dataset_cropped/10_Metas/14/13/20191014130900_00160.jpg,datasets_cloudmask/dataset_cropped/10_Metas/14/13/20191014130900_00160.png,720.9,831,134.8,28.1,957
10/14/2019 13:10,datasets/dataset_cropped/10_Metas/14/13/20191014131000_00160.jpg,datasets_flow/dataset_cropped/10_Metas/14/13/20191014131000_00160.jpg,datasets_cloudmask/dataset_cropped/10_Metas/14/13/20191014131000_00160.png,722.2,834,133.5,28,957
10/14/2019 13:11,datasets/dataset_cropped/10_Metas/14/13/20191014131100_00160.jpg,datasets_flow/dataset_cropped/10_Metas/14/13/20191014131100_00160.jpg,datasets_cloudmask/dataset_cropped/10_Metas/14/13/20191014131100_00160.png,720.9,833,132.9,27.8,957
10/14/2019 13:12,datasets/dataset_cropped/10_Metas/14/13/20191014131200_00160.jpg,datasets_flow/dataset_cropped/10_Metas/14/13/20191014131200_00160.jpg,datasets_cloudmask/dataset_cropped/10_Metas/14/13/20191014131200_00160.png,717.9,829,132.7,27.8,957
10/14/2019 13:13,datasets/dataset_cropped/10_Metas/14/13/20191014131300_00160.jpg,datasets_flow/dataset_cropped/10_Metas/14/13/20191014131300_00160.jpg,datasets_cloudmask/dataset_cropped/10_Metas/14/13/20191014131300_00160.png,718.7,831,132.3,28,957
10/14/2019 13:14,datasets/dataset_cropped/10_Metas/14/13/20191014131400_00160.jpg,datasets_flow/dataset_cropped/10_Metas/14/13/20191014131400_00160.jpg,datasets_cloudmask/dataset_cropped/10_Metas/14/13/20191014131400_00160.png,720.4,834,132.2,28,956
10/14/2019 13:15,datasets/dataset_cropped/10_Metas/14/13/20191014131500_00160.jpg,datasets_flow/dataset_cropped/10_Metas/14/13/20191014131500_00160.jpg,datasets_cloudmask/dataset_cropped/10_Metas/14/13/20191014131500_00160.png,722.3,840,130.1,28.2,957
10/14/2019 13:16,datasets/dataset_cropped/10_Metas/14/13/20191014131600_00160.jpg,datasets_flow/dataset_cropped/10_Metas/14/13/20191014131600_00160.jpg,datasets_cloudmask/dataset_cropped/10_Metas/14/13/20191014131600_00160.png,723.4,845,128,27.9,956
10/14/2019 13:17,datasets/dataset_cropped/10_Metas/14/13/20191014131700_00160.jpg,datasets_flow/dataset_cropped/10_Metas/14/13/20191014131700_00160.jpg,datasets_cloudmask/dataset_cropped/10_Metas/14/13/20191014131700_00160.png,722.5,845,126.9,28,956
10/14/2019 13:18,datasets/dataset_cropped/10_Metas/14/13/20191014131800_00160.jpg,datasets_flow/dataset_cropped/10_Metas/14/13/20191014131800_00160.jpg,datasets_cloudmask/dataset_cropped/10_Metas/14/13/20191014131800_00160.png,720.4,843,126.9,28.3,956
10/14/2019 13:19,datasets/dataset_cropped/10_Metas/14/13/20191014131900_00160.jpg,datasets_flow/dataset_cropped/10_Metas/14/13/20191014131900_00160.jpg,datasets_cloudmask/dataset_cropped/10_Metas/14/13/20191014131900_00160.png,727.4,858,124.2,28.5,956
10/14/2019 13:20,datasets/dataset_cropped/10_Metas/14/13/20191014132000_00160.jpg,datasets_flow/dataset_cropped/10_Metas/14/13/20191014132000_00160.jpg,datasets_cloudmask/dataset_cropped/10_Metas/14/13/20191014132000_00160.png,726.4,859,122.7,28.1,956
10/14/2019 13:21,datasets/dataset_cropped/10_Metas/14/13/20191014132100_00160.jpg,datasets_flow/dataset_cropped/10_Metas/14/13/20191014132100_00160.jpg,datasets_cloudmask/dataset_cropped/10_Metas/14/13/20191014132100_00160.png,724.4,857,122,27.9,956
10/14/2019 13:22,datasets/dataset_cropped/10_Metas/14/13/20191014132200_00160.jpg,datasets_flow/dataset_cropped/10_Metas/14/13/20191014132200_00160.jpg,datasets_cloudmask/dataset_cropped/10_Metas/14/13/20191014132200_00160.png,724.5,859,120.9,27.8,956
10/14/2019 13:23,datasets/dataset_cropped/10_Metas/14/13/20191014132300_00160.jpg,datasets_flow/dataset_cropped/10_Metas/14/13/20191014132300_00160.jpg,datasets_cloudmask/dataset_cropped/10_Metas/14/13/20191014132300_00160.png,724.5,861,119.9,28,956
10/14/2019 13:24,datasets/dataset_cropped/10_Metas/14/13/20191014132400_00160.jpg,datasets_flow/dataset_cropped/10_Metas/14/13/20191014132400_00160.jpg,datasets_cloudmask/dataset_cropped/10_Metas/14/13/20191014132400_00160.png,729.4,872,118.3,28,956
10/14/2019 13:25,datasets/dataset_cropped/10_Metas/14/13/20191014132500_00160.jpg,datasets_flow/dataset_cropped/10_Metas/14/13/20191014132500_00160.jpg,datasets_cloudmask/dataset_cropped/10_Metas/14/13/20191014132500_00160.png,727.3,872,116.7,28.2,956
10/14/2019 13:26,datasets/dataset_cropped/10_Metas/14/13/20191014132600_00160.jpg,datasets_flow/dataset_cropped/10_Metas/14/13/20191014132600_00160.jpg,datasets_cloudmask/dataset_cropped/10_Metas/14/13/20191014132600_00160.png,727.2,873,115.7,28.2,956
10/14/2019 13:27,datasets/dataset_cropped/10_Metas/14/13/20191014132700_00160.jpg,datasets_flow/dataset_cropped/10_Metas/14/13/20191014132700_00160.jpg,datasets_cloudmask/dataset_cropped/10_Metas/14/13/20191014132700_00160.png,727.3,876,114.1,28.3,956
10/14/2019 13:28,datasets/dataset_cropped/10_Metas/14/13/20191014132800_00160.jpg,datasets_flow/dataset_cropped/10_Metas/14/13/20191014132800_00160.jpg,datasets_cloudmask/dataset_cropped/10_Metas/14/13/20191014132800_00160.png,727,877,113.2,28.4,956
10/14/2019 13:29,datasets/dataset_cropped/10_Metas/14/13/20191014132900_00160.jpg,datasets_flow/dataset_cropped/10_Metas/14/13/20191014132900_00160.jpg,datasets_cloudmask/dataset_cropped/10_Metas/14/13/20191014132900_00160.png,723.6,867,117.4,28.6,956
10/14/2019 13:30,datasets/dataset_cropped/10_Metas/14/13/20191014133000_00160.jpg,datasets_flow/dataset_cropped/10_Metas/14/13/20191014133000_00160.jpg,datasets_cloudmask/dataset_cropped/10_Metas/14/13/20191014133000_00160.png,727.9,884,111,28.6,956
10/14/2019 13:31,datasets/dataset_cropped/10_Metas/14/13/20191014133100_00160.jpg,datasets_flow/dataset_cropped/10_Metas/14/13/20191014133100_00160.jpg,datasets_cloudmask/dataset_cropped/10_Metas/14/13/20191014133100_00160.png,730.6,891,109.4,28.5,956
10/14/2019 13:32,datasets/dataset_cropped/10_Metas/14/13/20191014133200_00160.jpg,datasets_flow/dataset_cropped/10_Metas/14/13/20191014133200_00160.jpg,datasets_cloudmask/dataset_cropped/10_Metas/14/13/20191014133200_00160.png,732.5,896,108.4,28.3,956
10/14/2019 13:33,datasets/dataset_cropped/10_Metas/14/13/20191014133300_00160.jpg,datasets_flow/dataset_cropped/10_Metas/14/13/20191014133300_00160.jpg,datasets_cloudmask/dataset_cropped/10_Metas/14/13/20191014133300_00160.png,729.5,895,106.6,28.5,956
10/14/2019 13:34,datasets/dataset_cropped/10_Metas/14/13/20191014133400_00160.jpg,datasets_flow/dataset_cropped/10_Metas/14/13/20191014133400_00160.jpg,datasets_cloudmask/dataset_cropped/10_Metas/14/13/20191014133400_00160.png,724.1,887,107,28.5,956
10/14/2019 13:35,datasets/dataset_cropped/10_Metas/14/13/20191014133500_00160.jpg,datasets_flow/dataset_cropped/10_Metas/14/13/20191014133500_00160.jpg,datasets_cloudmask/dataset_cropped/10_Metas/14/13/20191014133500_00160.png,731.5,902,105.3,28.4,956
10/14/2019 13:36,datasets/dataset_cropped/10_Metas/14/13/20191014133600_00160.jpg,datasets_flow/dataset_cropped/10_Metas/14/13/20191014133600_00160.jpg,datasets_cloudmask/dataset_cropped/10_Metas/14/13/20191014133600_00160.png,732.4,905,104.5,28.4,956
10/14/2019 13:37,datasets/dataset_cropped/10_Metas/14/13/20191014133700_00160.jpg,datasets_flow/dataset_cropped/10_Metas/14/13/20191014133700_00160.jpg,datasets_cloudmask/dataset_cropped/10_Metas/14/13/20191014133700_00160.png,727,895,105.5,28.2,956
10/14/2019 13:38,datasets/dataset_cropped/10_Metas/14/13/20191014133800_00160.jpg,datasets_flow/dataset_cropped/10_Metas/14/13/20191014133800_00160.jpg,datasets_cloudmask/dataset_cropped/10_Metas/14/13/20191014133800_00160.png,723.5,887,107.8,28.4,956
10/14/2019 13:39,datasets/dataset_cropped/10_Metas/14/13/20191014133900_00160.jpg,datasets_flow/dataset_cropped/10_Metas/14/13/20191014133900_00160.jpg,datasets_cloudmask/dataset_cropped/10_Metas/14/13/20191014133900_00160.png,715.6,873,108.4,28.2,956
10/14/2019 13:40,datasets/dataset_cropped/10_Metas/14/13/20191014134000_00160.jpg,datasets_flow/dataset_cropped/10_Metas/14/13/20191014134000_00160.jpg,datasets_cloudmask/dataset_cropped/10_Metas/14/13/20191014134000_00160.png,711.2,865,109.3,28.1,956
10/14/2019 13:41,datasets/dataset_cropped/10_Metas/14/13/20191014134100_00160.jpg,datasets_flow/dataset_cropped/10_Metas/14/13/20191014134100_00160.jpg,datasets_cloudmask/dataset_cropped/10_Metas/14/13/20191014134100_00160.png,711.1,866,109.7,27.9,956
10/14/2019 13:42,datasets/dataset_cropped/10_Metas/14/13/20191014134200_00160.jpg,datasets_flow/dataset_cropped/10_Metas/14/13/20191014134200_00160.jpg,datasets_cloudmask/dataset_cropped/10_Metas/14/13/20191014134200_00160.png,715.1,873,110.5,27.9,956
10/14/2019 13:43,datasets/dataset_cropped/10_Metas/14/13/20191014134300_00160.jpg,datasets_flow/dataset_cropped/10_Metas/14/13/20191014134300_00160.jpg,datasets_cloudmask/dataset_cropped/10_Metas/14/13/20191014134300_00160.png,715.5,875,110.6,27.9,956
10/14/2019 13:44,datasets/dataset_cropped/10_Metas/14/13/20191014134400_00160.jpg,datasets_flow/dataset_cropped/10_Metas/14/13/20191014134400_00160.jpg,datasets_cloudmask/dataset_cropped/10_Metas/14/13/20191014134400_00160.png,718.2,881,109.7,27.9,956
10/14/2019 13:45,datasets/dataset_cropped/10_Metas/14/13/20191014134500_00160.jpg,datasets_flow/dataset_cropped/10_Metas/14/13/20191014134500_00160.jpg,datasets_cloudmask/dataset_cropped/10_Metas/14/13/20191014134500_00160.png,719.1,887,107,27.8,956
10/14/2019 13:46,datasets/dataset_cropped/10_Metas/14/13/20191014134600_00160.jpg,datasets_flow/dataset_cropped/10_Metas/14/13/20191014134600_00160.jpg,datasets_cloudmask/dataset_cropped/10_Metas/14/13/20191014134600_00160.png,719.8,890,105.3,27.5,956
10/14/2019 13:47,datasets/dataset_cropped/10_Metas/14/13/20191014134700_00160.jpg,datasets_flow/dataset_cropped/10_Metas/14/13/20191014134700_00160.jpg,datasets_cloudmask/dataset_cropped/10_Metas/14/13/20191014134700_00160.png,718,890,104.3,27.3,956
10/14/2019 13:48,datasets/dataset_cropped/10_Metas/14/13/20191014134800_00160.jpg,datasets_flow/dataset_cropped/10_Metas/14/13/20191014134800_00160.jpg,datasets_cloudmask/dataset_cropped/10_Metas/14/13/20191014134800_00160.png,715.7,886,105.1,27.3,956
10/14/2019 13:49,datasets/dataset_cropped/10_Metas/14/13/20191014134900_00160.jpg,datasets_flow/dataset_cropped/10_Metas/14/13/20191014134900_00160.jpg,datasets_cloudmask/dataset_cropped/10_Metas/14/13/20191014134900_00160.png,714.8,885,106,27.3,956
10/14/2019 13:50,datasets/dataset_cropped/10_Metas/14/13/20191014135000_00160.jpg,datasets_flow/dataset_cropped/10_Metas/14/13/20191014135000_00160.jpg,datasets_cloudmask/dataset_cropped/10_Metas/14/13/20191014135000_00160.png,715,887,105.9,27.4,956
10/14/2019 13:51,datasets/dataset_cropped/10_Metas/14/13/20191014135100_00160.jpg,datasets_flow/dataset_cropped/10_Metas/14/13/20191014135100_00160.jpg,datasets_cloudmask/dataset_cropped/10_Metas/14/13/20191014135100_00160.png,712.3,883,106.6,27.5,956
10/14/2019 13:52,datasets/dataset_cropped/10_Metas/14/13/20191014135200_00160.jpg,datasets_flow/dataset_cropped/10_Metas/14/13/20191014135200_00160.jpg,datasets_cloudmask/dataset_cropped/10_Metas/14/13/20191014135200_00160.png,711.7,884,106.2,27.2,956
10/14/2019 13:53,datasets/dataset_cropped/10_Metas/14/13/20191014135300_00160.jpg,datasets_flow/dataset_cropped/10_Metas/14/13/20191014135300_00160.jpg,datasets_cloudmask/dataset_cropped/10_Metas/14/13/20191014135300_00160.png,708.3,880,106.3,27.4,956
10/14/2019 13:54,datasets/dataset_cropped/10_Metas/14/13/20191014135400_00160.jpg,datasets_flow/dataset_cropped/10_Metas/14/13/20191014135400_00160.jpg,datasets_cloudmask/dataset_cropped/10_Metas/14/13/20191014135400_00160.png,704.5,874,107.4,27.6,956
10/14/2019 13:55,datasets/dataset_cropped/10_Metas/14/13/20191014135500_00160.jpg,datasets_flow/dataset_cropped/10_Metas/14/13/20191014135500_00160.jpg,datasets_cloudmask/dataset_cropped/10_Metas/14/13/20191014135500_00160.png,703.8,873,107.9,27.8,956
10/14/2019 13:56,datasets/dataset_cropped/10_Metas/14/13/20191014135600_00160.jpg,datasets_flow/dataset_cropped/10_Metas/14/13/20191014135600_00160.jpg,datasets_cloudmask/dataset_cropped/10_Metas/14/13/20191014135600_00160.png,704.3,876,108.2,27.9,956
10/14/2019 13:57,datasets/dataset_cropped/10_Metas/14/13/20191014135700_00160.jpg,datasets_flow/dataset_cropped/10_Metas/14/13/20191014135700_00160.jpg,datasets_cloudmask/dataset_cropped/10_Metas/14/13/20191014135700_00160.png,702.7,875,108.2,28,956
10/14/2019 13:58,datasets/dataset_cropped/10_Metas/14/13/20191014135800_00160.jpg,datasets_flow/dataset_cropped/10_Metas/14/13/20191014135800_00160.jpg,datasets_cloudmask/dataset_cropped/10_Metas/14/13/20191014135800_00160.png,705.4,882,106.6,27.9,956
10/14/2019 13:59,datasets/dataset_cropped/10_Metas/14/13/20191014135900_00160.jpg,datasets_flow/dataset_cropped/10_Metas/14/13/20191014135900_00160.jpg,datasets_cloudmask/dataset_cropped/10_Metas/14/13/20191014135900_00160.png,699.9,875,106.6,28,956
10/14/2019 14:00,datasets/dataset_cropped/10_Metas/14/14/20191014140000_00160.jpg,datasets_flow/dataset_cropped/10_Metas/14/14/20191014140000_00160.jpg,datasets_cloudmask/dataset_cropped/10_Metas/14/14/20191014140000_00160.png,700.1,876,107.1,27.9,956
10/14/2019 14:01,datasets/dataset_cropped/10_Metas/14/14/20191014140100_00160.jpg,datasets_flow/dataset_cropped/10_Metas/14/14/20191014140100_00160.jpg,datasets_cloudmask/dataset_cropped/10_Metas/14/14/20191014140100_00160.png,697.2,871,107.8,28,956
10/14/2019 14:02,datasets/dataset_cropped/10_Metas/14/14/20191014140200_00160.jpg,datasets_flow/dataset_cropped/10_Metas/14/14/20191014140200_00160.jpg,datasets_cloudmask/dataset_cropped/10_Metas/14/14/20191014140200_00160.png,696.1,870,108.2,28.2,956
10/14/2019 14:03,datasets/dataset_cropped/10_Metas/14/14/20191014140300_00160.jpg,datasets_flow/dataset_cropped/10_Metas/14/14/20191014140300_00160.jpg,datasets_cloudmask/dataset_cropped/10_Metas/14/14/20191014140300_00160.png,691.8,864,109.1,28.2,956
10/14/2019 14:04,datasets/dataset_cropped/10_Metas/14/14/20191014140400_00160.jpg,datasets_flow/dataset_cropped/10_Metas/14/14/20191014140400_00160.jpg,datasets_cloudmask/dataset_cropped/10_Metas/14/14/20191014140400_00160.png,689.4,861,109,28.3,956
10/14/2019 14:05,datasets/dataset_cropped/10_Metas/14/14/20191014140500_00160.jpg,datasets_flow/dataset_cropped/10_Metas/14/14/20191014140500_00160.jpg,datasets_cloudmask/dataset_cropped/10_Metas/14/14/20191014140500_00160.png,690.4,864,109.2,28.1,956
10/14/2019 14:06,datasets/dataset_cropped/10_Metas/14/14/20191014140600_00160.jpg,datasets_flow/dataset_cropped/10_Metas/14/14/20191014140600_00160.jpg,datasets_cloudmask/dataset_cropped/10_Metas/14/14/20191014140600_00160.png,689.2,863,109.1,27.9,956
10/14/2019 14:07,datasets/dataset_cropped/10_Metas/14/14/20191014140700_00160.jpg,datasets_flow/dataset_cropped/10_Metas/14/14/20191014140700_00160.jpg,datasets_cloudmask/dataset_cropped/10_Metas/14/14/20191014140700_00160.png,687.3,861,109,27.8,956
10/14/2019 14:08,datasets/dataset_cropped/10_Metas/14/14/20191014140800_00160.jpg,datasets_flow/dataset_cropped/10_Metas/14/14/20191014140800_00160.jpg,datasets_cloudmask/dataset_cropped/10_Metas/14/14/20191014140800_00160.png,687.8,863,108.9,27.6,956
10/14/2019 14:09,datasets/dataset_cropped/10_Metas/14/14/20191014140900_00160.jpg,datasets_flow/dataset_cropped/10_Metas/14/14/20191014140900_00160.jpg,datasets_cloudmask/dataset_cropped/10_Metas/14/14/20191014140900_00160.png,680.4,853,109.3,27.2,956
10/14/2019 14:10,datasets/dataset_cropped/10_Metas/14/14/20191014141000_00160.jpg,datasets_flow/dataset_cropped/10_Metas/14/14/20191014141000_00160.jpg,datasets_cloudmask/dataset_cropped/10_Metas/14/14/20191014141000_00160.png,681.4,855,110,27.3,956
10/14/2019 14:11,datasets/dataset_cropped/10_Metas/14/14/20191014141100_00160.jpg,datasets_flow/dataset_cropped/10_Metas/14/14/20191014141100_00160.jpg,datasets_cloudmask/dataset_cropped/10_Metas/14/14/20191014141100_00160.png,680.1,855,110.4,27.5,956
10/14/2019 14:12,datasets/dataset_cropped/10_Metas/14/14/20191014141200_00160.jpg,datasets_flow/dataset_cropped/10_Metas/14/14/20191014141200_00160.jpg,datasets_cloudmask/dataset_cropped/10_Metas/14/14/20191014141200_00160.png,677,851,110.8,27.4,956
10/14/2019 14:13,datasets/dataset_cropped/10_Metas/14/14/20191014141300_00160.jpg,datasets_flow/dataset_cropped/10_Metas/14/14/20191014141300_00160.jpg,datasets_cloudmask/dataset_cropped/10_Metas/14/14/20191014141300_00160.png,675.5,850,110.9,27.6,956
10/14/2019 14:14,datasets/dataset_cropped/10_Metas/14/14/20191014141400_00160.jpg,datasets_flow/dataset_cropped/10_Metas/14/14/20191014141400_00160.jpg,datasets_cloudmask/dataset_cropped/10_Metas/14/14/20191014141400_00160.png,676.1,853,110.3,27.9,956
10/14/2019 14:15,datasets/dataset_cropped/10_Metas/14/14/20191014141500_00160.jpg,datasets_flow/dataset_cropped/10_Metas/14/14/20191014141500_00160.jpg,datasets_cloudmask/dataset_cropped/10_Metas/14/14/20191014141500_00160.png,676.7,858,109.5,27.8,956
10/14/2019 14:16,datasets/dataset_cropped/10_Metas/14/14/20191014141600_00160.jpg,datasets_flow/dataset_cropped/10_Metas/14/14/20191014141600_00160.jpg,datasets_cloudmask/dataset_cropped/10_Metas/14/14/20191014141600_00160.png,674.9,857,108.7,27.8,956
10/14/2019 14:17,datasets/dataset_cropped/10_Metas/14/14/20191014141700_00160.jpg,datasets_flow/dataset_cropped/10_Metas/14/14/20191014141700_00160.jpg,datasets_cloudmask/dataset_cropped/10_Metas/14/14/20191014141700_00160.png,672.6,855,108.6,28.1,956
10/14/2019 14:18,datasets/dataset_cropped/10_Metas/14/14/20191014141800_00160.jpg,datasets_flow/dataset_cropped/10_Metas/14/14/20191014141800_00160.jpg,datasets_cloudmask/dataset_cropped/10_Metas/14/14/20191014141800_00160.png,671.1,854,108.8,28.1,956
10/14/2019 14:19,datasets/dataset_cropped/10_Metas/14/14/20191014141900_00160.jpg,datasets_flow/dataset_cropped/10_Metas/14/14/20191014141900_00160.jpg,datasets_cloudmask/dataset_cropped/10_Metas/14/14/20191014141900_00160.png,670.6,854,108.9,28.1,956
10/14/2019 14:20,datasets/dataset_cropped/10_Metas/14/14/20191014142000_00160.jpg,datasets_flow/dataset_cropped/10_Metas/14/14/20191014142000_00160.jpg,datasets_cloudmask/dataset_cropped/10_Metas/14/14/20191014142000_00160.png,667.6,850,109.7,27.9,956
10/14/2019 14:21,datasets/dataset_cropped/10_Metas/14/14/20191014142100_00160.jpg,datasets_flow/dataset_cropped/10_Metas/14/14/20191014142100_00160.jpg,datasets_cloudmask/dataset_cropped/10_Metas/14/14/20191014142100_00160.png,665.5,847,110.4,28,956
10/14/2019 14:22,datasets/dataset_cropped/10_Metas/14/14/20191014142200_00160.jpg,datasets_flow/dataset_cropped/10_Metas/14/14/20191014142200_00160.jpg,datasets_cloudmask/dataset_cropped/10_Metas/14/14/20191014142200_00160.png,665.5,849,110,28.1,956
10/14/2019 14:23,datasets/dataset_cropped/10_Metas/14/14/20191014142300_00160.jpg,datasets_flow/dataset_cropped/10_Metas/14/14/20191014142300_00160.jpg,datasets_cloudmask/dataset_cropped/10_Metas/14/14/20191014142300_00160.png,662.5,846,109.9,28.1,956
10/14/2019 14:24,datasets/dataset_cropped/10_Metas/14/14/20191014142400_00160.jpg,datasets_flow/dataset_cropped/10_Metas/14/14/20191014142400_00160.jpg,datasets_cloudmask/dataset_cropped/10_Metas/14/14/20191014142400_00160.png,658.4,841,110.2,28.3,956
10/14/2019 14:25,datasets/dataset_cropped/10_Metas/14/14/20191014142500_00160.jpg,datasets_flow/dataset_cropped/10_Metas/14/14/20191014142500_00160.jpg,datasets_cloudmask/dataset_cropped/10_Metas/14/14/20191014142500_00160.png,654.6,836,110.5,28.3,956
10/14/2019 14:26,datasets/dataset_cropped/10_Metas/14/14/20191014142600_00160.jpg,datasets_flow/dataset_cropped/10_Metas/14/14/20191014142600_00160.jpg,datasets_cloudmask/dataset_cropped/10_Metas/14/14/20191014142600_00160.png,648.2,826,111.6,28,956
10/14/2019 14:27,datasets/dataset_cropped/10_Metas/14/14/20191014142700_00160.jpg,datasets_flow/dataset_cropped/10_Metas/14/14/20191014142700_00160.jpg,datasets_cloudmask/dataset_cropped/10_Metas/14/14/20191014142700_00160.png,643.3,820,112.2,27.9,956
10/14/2019 14:28,datasets/dataset_cropped/10_Metas/14/14/20191014142800_00160.jpg,datasets_flow/dataset_cropped/10_Metas/14/14/20191014142800_00160.jpg,datasets_cloudmask/dataset_cropped/10_Metas/14/14/20191014142800_00160.png,641.1,817,113.3,27.9,956
10/14/2019 14:29,datasets/dataset_cropped/10_Metas/14/14/20191014142900_00160.jpg,datasets_flow/dataset_cropped/10_Metas/14/14/20191014142900_00160.jpg,datasets_cloudmask/dataset_cropped/10_Metas/14/14/20191014142900_00160.png,640.1,816,114.2,27.8,956
10/14/2019 14:30,datasets/dataset_cropped/10_Metas/14/14/20191014143000_00160.jpg,datasets_flow/dataset_cropped/10_Metas/14/14/20191014143000_00160.jpg,datasets_cloudmask/dataset_cropped/10_Metas/14/14/20191014143000_00160.png,637.8,813,114.7,28,956
10/14/2019 14:31,datasets/dataset_cropped/10_Metas/14/14/20191014143100_00160.jpg,datasets_flow/dataset_cropped/10_Metas/14/14/20191014143100_00160.jpg,datasets_cloudmask/dataset_cropped/10_Metas/14/14/20191014143100_00160.png,636.7,811,115.5,27.9,956
10/14/2019 14:32,datasets/dataset_cropped/10_Metas/14/14/20191014143200_00160.jpg,datasets_flow/dataset_cropped/10_Metas/14/14/20191014143200_00160.jpg,datasets_cloudmask/dataset_cropped/10_Metas/14/14/20191014143200_00160.png,637.5,815,114.9,28,956
10/14/2019 14:33,datasets/dataset_cropped/10_Metas/14/14/20191014143300_00160.jpg,datasets_flow/dataset_cropped/10_Metas/14/14/20191014143300_00160.jpg,datasets_cloudmask/dataset_cropped/10_Metas/14/14/20191014143300_00160.png,636.8,818,112.8,27.8,956
10/14/2019 14:34,datasets/dataset_cropped/10_Metas/14/14/20191014143400_00160.jpg,datasets_flow/dataset_cropped/10_Metas/14/14/20191014143400_00160.jpg,datasets_cloudmask/dataset_cropped/10_Metas/14/14/20191014143400_00160.png,631.5,811,113.2,27.6,956
10/14/2019 14:35,datasets/dataset_cropped/10_Metas/14/14/20191014143500_00160.jpg,datasets_flow/dataset_cropped/10_Metas/14/14/20191014143500_00160.jpg,datasets_cloudmask/dataset_cropped/10_Metas/14/14/20191014143500_00160.png,629.8,809,113.8,27.7,956
10/14/2019 14:36,datasets/dataset_cropped/10_Metas/14/14/20191014143600_00160.jpg,datasets_flow/dataset_cropped/10_Metas/14/14/20191014143600_00160.jpg,datasets_cloudmask/dataset_cropped/10_Metas/14/14/20191014143600_00160.png,631.5,815,113.3,27.6,956
10/14/2019 14:37,datasets/dataset_cropped/10_Metas/14/14/20191014143700_00160.jpg,datasets_flow/dataset_cropped/10_Metas/14/14/20191014143700_00160.jpg,datasets_cloudmask/dataset_cropped/10_Metas/14/14/20191014143700_00160.png,629.7,815,112.5,27.3,956
10/14/2019 14:38,datasets/dataset_cropped/10_Metas/14/14/20191014143800_00160.jpg,datasets_flow/dataset_cropped/10_Metas/14/14/20191014143800_00160.jpg,datasets_cloudmask/dataset_cropped/10_Metas/14/14/20191014143800_00160.png,630.8,821,111.2,27.4,956
10/14/2019 14:39,datasets/dataset_cropped/10_Metas/14/14/20191014143900_00160.jpg,datasets_flow/dataset_cropped/10_Metas/14/14/20191014143900_00160.jpg,datasets_cloudmask/dataset_cropped/10_Metas/14/14/20191014143900_00160.png,630,824,109.1,27.8,956
10/14/2019 14:40,datasets/dataset_cropped/10_Metas/14/14/20191014144000_00160.jpg,datasets_flow/dataset_cropped/10_Metas/14/14/20191014144000_00160.jpg,datasets_cloudmask/dataset_cropped/10_Metas/14/14/20191014144000_00160.png,625.3,817,109.6,27.7,956
10/14/2019 14:41,datasets/dataset_cropped/10_Metas/14/14/20191014144100_00160.jpg,datasets_flow/dataset_cropped/10_Metas/14/14/20191014144100_00160.jpg,datasets_cloudmask/dataset_cropped/10_Metas/14/14/20191014144100_00160.png,621.6,811,110.5,27.8,956
10/14/2019 14:42,datasets/dataset_cropped/10_Metas/14/14/20191014144200_00160.jpg,datasets_flow/dataset_cropped/10_Metas/14/14/20191014144200_00160.jpg,datasets_cloudmask/dataset_cropped/10_Metas/14/14/20191014144200_00160.png,620.4,811,110.8,27.6,956
10/14/2019 14:43,datasets/dataset_cropped/10_Metas/14/14/20191014144300_00160.jpg,datasets_flow/dataset_cropped/10_Metas/14/14/20191014144300_00160.jpg,datasets_cloudmask/dataset_cropped/10_Metas/14/14/20191014144300_00160.png,619.6,811,111.2,27.7,956
10/14/2019 14:44,datasets/dataset_cropped/10_Metas/14/14/20191014144400_00160.jpg,datasets_flow/dataset_cropped/10_Metas/14/14/20191014144400_00160.jpg,datasets_cloudmask/dataset_cropped/10_Metas/14/14/20191014144400_00160.png,618.1,810,111.6,27.7,956
10/14/2019 14:45,datasets/dataset_cropped/10_Metas/14/14/20191014144500_00160.jpg,datasets_flow/dataset_cropped/10_Metas/14/14/20191014144500_00160.jpg,datasets_cloudmask/dataset_cropped/10_Metas/14/14/20191014144500_00160.png,615,804,113.4,27.5,956
10/14/2019 14:46,datasets/dataset_cropped/10_Metas/14/14/20191014144600_00160.jpg,datasets_flow/dataset_cropped/10_Metas/14/14/20191014144600_00160.jpg,datasets_cloudmask/dataset_cropped/10_Metas/14/14/20191014144600_00160.png,609.1,788.7,117.6,27.4,956
10/14/2019 14:47,datasets/dataset_cropped/10_Metas/14/14/20191014144700_00160.jpg,datasets_flow/dataset_cropped/10_Metas/14/14/20191014144700_00160.jpg,datasets_cloudmask/dataset_cropped/10_Metas/14/14/20191014144700_00160.png,606.7,778.6,122.6,27.3,956
10/14/2019 14:48,datasets/dataset_cropped/10_Metas/14/14/20191014144800_00160.jpg,datasets_flow/dataset_cropped/10_Metas/14/14/20191014144800_00160.jpg,datasets_cloudmask/dataset_cropped/10_Metas/14/14/20191014144800_00160.png,609.9,792.9,118,27.1,956
10/14/2019 14:49,datasets/dataset_cropped/10_Metas/14/14/20191014144900_00160.jpg,datasets_flow/dataset_cropped/10_Metas/14/14/20191014144900_00160.jpg,datasets_cloudmask/dataset_cropped/10_Metas/14/14/20191014144900_00160.png,610.1,797.4,116.5,27,956
10/14/2019 14:50,datasets/dataset_cropped/10_Metas/14/14/20191014145000_00160.jpg,datasets_flow/dataset_cropped/10_Metas/14/14/20191014145000_00160.jpg,datasets_cloudmask/dataset_cropped/10_Metas/14/14/20191014145000_00160.png,608.1,797.8,115.9,26.9,956
10/14/2019 14:51,datasets/dataset_cropped/10_Metas/14/14/20191014145100_00160.jpg,datasets_flow/dataset_cropped/10_Metas/14/14/20191014145100_00160.jpg,datasets_cloudmask/dataset_cropped/10_Metas/14/14/20191014145100_00160.png,605.9,797.6,115.3,27,956
10/14/2019 14:52,datasets/dataset_cropped/10_Metas/14/14/20191014145200_00160.jpg,datasets_flow/dataset_cropped/10_Metas/14/14/20191014145200_00160.jpg,datasets_cloudmask/dataset_cropped/10_Metas/14/14/20191014145200_00160.png,602.5,794.1,115.1,27.2,956
10/14/2019 14:53,datasets/dataset_cropped/10_Metas/14/14/20191014145300_00160.jpg,datasets_flow/dataset_cropped/10_Metas/14/14/20191014145300_00160.jpg,datasets_cloudmask/dataset_cropped/10_Metas/14/14/20191014145300_00160.png,600.1,790.8,116.1,27.2,956
10/14/2019 14:54,datasets/dataset_cropped/10_Metas/14/14/20191014145400_00160.jpg,datasets_flow/dataset_cropped/10_Metas/14/14/20191014145400_00160.jpg,datasets_cloudmask/dataset_cropped/10_Metas/14/14/20191014145400_00160.png,599.7,792.2,116.8,27,956
10/14/2019 14:55,datasets/dataset_cropped/10_Metas/14/14/20191014145500_00160.jpg,datasets_flow/dataset_cropped/10_Metas/14/14/20191014145500_00160.jpg,datasets_cloudmask/dataset_cropped/10_Metas/14/14/20191014145500_00160.png,596.8,789.5,116.9,26.6,956
10/14/2019 14:56,datasets/dataset_cropped/10_Metas/14/14/20191014145600_00160.jpg,datasets_flow/dataset_cropped/10_Metas/14/14/20191014145600_00160.jpg,datasets_cloudmask/dataset_cropped/10_Metas/14/14/20191014145600_00160.png,595.6,790.2,116.5,26.4,956
10/14/2019 14:57,datasets/dataset_cropped/10_Metas/14/14/20191014145700_00160.jpg,datasets_flow/dataset_cropped/10_Metas/14/14/20191014145700_00160.jpg,datasets_cloudmask/dataset_cropped/10_Metas/14/14/20191014145700_00160.png,595.3,792.9,116.1,26.3,956
10/14/2019 14:58,datasets/dataset_cropped/10_Metas/14/14/20191014145800_00160.jpg,datasets_flow/dataset_cropped/10_Metas/14/14/20191014145800_00160.jpg,datasets_cloudmask/dataset_cropped/10_Metas/14/14/20191014145800_00160.png,592.3,790.2,116.3,26.3,956
10/14/2019 14:59,datasets/dataset_cropped/10_Metas/14/14/20191014145900_00160.jpg,datasets_flow/dataset_cropped/10_Metas/14/14/20191014145900_00160.jpg,datasets_cloudmask/dataset_cropped/10_Metas/14/14/20191014145900_00160.png,589.6,787.4,117,26.3,956
10/14/2019 15:00,datasets/dataset_cropped/10_Metas/14/15/20191014150000_00160.jpg,datasets_flow/dataset_cropped/10_Metas/14/15/20191014150000_00160.jpg,datasets_cloudmask/dataset_cropped/10_Metas/14/15/20191014150000_00160.png,587.4,784.2,117.9,26.6,956
10/14/2019 15:01,datasets/dataset_cropped/10_Metas/14/15/20191014150100_00160.jpg,datasets_flow/dataset_cropped/10_Metas/14/15/20191014150100_00160.jpg,datasets_cloudmask/dataset_cropped/10_Metas/14/15/20191014150100_00160.png,586.3,785.8,117,26.6,956
10/14/2019 15:02,datasets/dataset_cropped/10_Metas/14/15/20191014150200_00160.jpg,datasets_flow/dataset_cropped/10_Metas/14/15/20191014150200_00160.jpg,datasets_cloudmask/dataset_cropped/10_Metas/14/15/20191014150200_00160.png,585.9,790.1,115.9,26.8,956
10/14/2019 15:03,datasets/dataset_cropped/10_Metas/14/15/20191014150300_00160.jpg,datasets_flow/dataset_cropped/10_Metas/14/15/20191014150300_00160.jpg,datasets_cloudmask/dataset_cropped/10_Metas/14/15/20191014150300_00160.png,581.1,784.7,115.6,26.8,956
10/14/2019 15:04,datasets/dataset_cropped/10_Metas/14/15/20191014150400_00160.jpg,datasets_flow/dataset_cropped/10_Metas/14/15/20191014150400_00160.jpg,datasets_cloudmask/dataset_cropped/10_Metas/14/15/20191014150400_00160.png,578.5,780.1,116.5,26.5,956
10/14/2019 15:05,datasets/dataset_cropped/10_Metas/14/15/20191014150500_00160.jpg,datasets_flow/dataset_cropped/10_Metas/14/15/20191014150500_00160.jpg,datasets_cloudmask/dataset_cropped/10_Metas/14/15/20191014150500_00160.png,576.6,778.6,116.7,26.3,956
10/14/2019 15:06,datasets/dataset_cropped/10_Metas/14/15/20191014150600_00160.jpg,datasets_flow/dataset_cropped/10_Metas/14/15/20191014150600_00160.jpg,datasets_cloudmask/dataset_cropped/10_Metas/14/15/20191014150600_00160.png,573.3,775.6,116.7,26.4,956
10/14/2019 15:07,datasets/dataset_cropped/10_Metas/14/15/20191014150700_00160.jpg,datasets_flow/dataset_cropped/10_Metas/14/15/20191014150700_00160.jpg,datasets_cloudmask/dataset_cropped/10_Metas/14/15/20191014150700_00160.png,571,775.8,116.3,26.5,956
10/14/2019 15:08,datasets/dataset_cropped/10_Metas/14/15/20191014150800_00160.jpg,datasets_flow/dataset_cropped/10_Metas/14/15/20191014150800_00160.jpg,datasets_cloudmask/dataset_cropped/10_Metas/14/15/20191014150800_00160.png,566.5,771.3,116.4,26.5,956
10/14/2019 15:09,datasets/dataset_cropped/10_Metas/14/15/20191014150900_00160.jpg,datasets_flow/dataset_cropped/10_Metas/14/15/20191014150900_00160.jpg,datasets_cloudmask/dataset_cropped/10_Metas/14/15/20191014150900_00160.png,564.9,770.7,116.7,26.3,956
10/14/2019 15:10,datasets/dataset_cropped/10_Metas/14/15/20191014151000_00160.jpg,datasets_flow/dataset_cropped/10_Metas/14/15/20191014151000_00160.jpg,datasets_cloudmask/dataset_cropped/10_Metas/14/15/20191014151000_00160.png,562.9,769.8,116.9,26.5,956
10/14/2019 15:11,datasets/dataset_cropped/10_Metas/14/15/20191014151100_00160.jpg,datasets_flow/dataset_cropped/10_Metas/14/15/20191014151100_00160.jpg,datasets_cloudmask/dataset_cropped/10_Metas/14/15/20191014151100_00160.png,559.3,766.3,117,26.8,956
10/14/2019 15:12,datasets/dataset_cropped/10_Metas/14/15/20191014151200_00160.jpg,datasets_flow/dataset_cropped/10_Metas/14/15/20191014151200_00160.jpg,datasets_cloudmask/dataset_cropped/10_Metas/14/15/20191014151200_00160.png,557.9,765.1,117.7,26.8,956
10/14/2019 15:13,datasets/dataset_cropped/10_Metas/14/15/20191014151300_00160.jpg,datasets_flow/dataset_cropped/10_Metas/14/15/20191014151300_00160.jpg,datasets_cloudmask/dataset_cropped/10_Metas/14/15/20191014151300_00160.png,557.7,763.9,119.5,26.8,956
10/14/2019 15:14,datasets/dataset_cropped/10_Metas/14/15/20191014151400_00160.jpg,datasets_flow/dataset_cropped/10_Metas/14/15/20191014151400_00160.jpg,datasets_cloudmask/dataset_cropped/10_Metas/14/15/20191014151400_00160.png,555.7,752.6,125,26.8,956
10/14/2019 15:15,datasets/dataset_cropped/10_Metas/14/15/20191014151500_00160.jpg,datasets_flow/dataset_cropped/10_Metas/14/15/20191014151500_00160.jpg,datasets_cloudmask/dataset_cropped/10_Metas/14/15/20191014151500_00160.png,561.1,747.3,134.9,26.7,956
10/14/2019 15:16,datasets/dataset_cropped/10_Metas/14/15/20191014151600_00160.jpg,datasets_flow/dataset_cropped/10_Metas/14/15/20191014151600_00160.jpg,datasets_cloudmask/dataset_cropped/10_Metas/14/15/20191014151600_00160.png,532.1,677.5,146.6,26.7,956
10/14/2019 15:17,datasets/dataset_cropped/10_Metas/14/15/20191014151700_00160.jpg,datasets_flow/dataset_cropped/10_Metas/14/15/20191014151700_00160.jpg,datasets_cloudmask/dataset_cropped/10_Metas/14/15/20191014151700_00160.png,275.4,205.7,158,26.8,956
10/14/2019 15:18,datasets/dataset_cropped/10_Metas/14/15/20191014151800_00160.jpg,datasets_flow/dataset_cropped/10_Metas/14/15/20191014151800_00160.jpg,datasets_cloudmask/dataset_cropped/10_Metas/14/15/20191014151800_00160.png,290.5,233.5,158.1,27,956
10/14/2019 15:19,datasets/dataset_cropped/10_Metas/14/15/20191014151900_00160.jpg,datasets_flow/dataset_cropped/10_Metas/14/15/20191014151900_00160.jpg,datasets_cloudmask/dataset_cropped/10_Metas/14/15/20191014151900_00160.png,383.1,392.2,163.1,27,956
10/14/2019 15:20,datasets/dataset_cropped/10_Metas/14/15/20191014152000_00160.jpg,datasets_flow/dataset_cropped/10_Metas/14/15/20191014152000_00160.jpg,datasets_cloudmask/dataset_cropped/10_Metas/14/15/20191014152000_00160.png,174.6,12.5,166.6,27.1,956
10/14/2019 15:21,datasets/dataset_cropped/10_Metas/14/15/20191014152100_00160.jpg,datasets_flow/dataset_cropped/10_Metas/14/15/20191014152100_00160.jpg,datasets_cloudmask/dataset_cropped/10_Metas/14/15/20191014152100_00160.png,208.3,64.7,170.2,27.2,956
10/14/2019 15:22,datasets/dataset_cropped/10_Metas/14/15/20191014152200_00160.jpg,datasets_flow/dataset_cropped/10_Metas/14/15/20191014152200_00160.jpg,datasets_cloudmask/dataset_cropped/10_Metas/14/15/20191014152200_00160.png,220.1,51.4,189.9,27.1,956
10/14/2019 15:23,datasets/dataset_cropped/10_Metas/14/15/20191014152300_00160.jpg,datasets_flow/dataset_cropped/10_Metas/14/15/20191014152300_00160.jpg,datasets_cloudmask/dataset_cropped/10_Metas/14/15/20191014152300_00160.png,201.3,4.3,198.3,26.9,956
10/14/2019 15:24,datasets/dataset_cropped/10_Metas/14/15/20191014152400_00160.jpg,datasets_flow/dataset_cropped/10_Metas/14/15/20191014152400_00160.jpg,datasets_cloudmask/dataset_cropped/10_Metas/14/15/20191014152400_00160.png,205.3,0.7,204.1,26.8,956
10/14/2019 15:25,datasets/dataset_cropped/10_Metas/14/15/20191014152500_00160.jpg,datasets_flow/dataset_cropped/10_Metas/14/15/20191014152500_00160.jpg,datasets_cloudmask/dataset_cropped/10_Metas/14/15/20191014152500_00160.png,213.9,0,213.1,26.8,956
10/14/2019 15:26,datasets/dataset_cropped/10_Metas/14/15/20191014152600_00160.jpg,datasets_flow/dataset_cropped/10_Metas/14/15/20191014152600_00160.jpg,datasets_cloudmask/dataset_cropped/10_Metas/14/15/20191014152600_00160.png,217.8,2.1,215.5,26.7,956
10/14/2019 15:27,datasets/dataset_cropped/10_Metas/14/15/20191014152700_00160.jpg,datasets_flow/dataset_cropped/10_Metas/14/15/20191014152700_00160.jpg,datasets_cloudmask/dataset_cropped/10_Metas/14/15/20191014152700_00160.png,215.4,5,211.9,26.6,956
10/14/2019 15:28,datasets/dataset_cropped/10_Metas/14/15/20191014152800_00160.jpg,datasets_flow/dataset_cropped/10_Metas/14/15/20191014152800_00160.jpg,datasets_cloudmask/dataset_cropped/10_Metas/14/15/20191014152800_00160.png,218.5,22.3,205.5,26.5,956
10/14/2019 15:29,datasets/dataset_cropped/10_Metas/14/15/20191014152900_00160.jpg,datasets_flow/dataset_cropped/10_Metas/14/15/20191014152900_00160.jpg,datasets_cloudmask/dataset_cropped/10_Metas/14/15/20191014152900_00160.png,195.1,7.4,191,26.5,956
10/14/2019 15:30,datasets/dataset_cropped/10_Metas/14/15/20191014153000_00160.jpg,datasets_flow/dataset_cropped/10_Metas/14/15/20191014153000_00160.jpg,datasets_cloudmask/dataset_cropped/10_Metas/14/15/20191014153000_00160.png,196.5,31.9,177.9,26.4,956
10/14/2019 15:31,datasets/dataset_cropped/10_Metas/14/15/20191014153100_00160.jpg,datasets_flow/dataset_cropped/10_Metas/14/15/20191014153100_00160.jpg,datasets_cloudmask/dataset_cropped/10_Metas/14/15/20191014153100_00160.png,176.7,12.6,169.3,26.3,956
10/14/2019 15:32,datasets/dataset_cropped/10_Metas/14/15/20191014153200_00160.jpg,datasets_flow/dataset_cropped/10_Metas/14/15/20191014153200_00160.jpg,datasets_cloudmask/dataset_cropped/10_Metas/14/15/20191014153200_00160.png,158.4,0,158.4,26.4,956
10/14/2019 15:33,datasets/dataset_cropped/10_Metas/14/15/20191014153300_00160.jpg,datasets_flow/dataset_cropped/10_Metas/14/15/20191014153300_00160.jpg,datasets_cloudmask/dataset_cropped/10_Metas/14/15/20191014153300_00160.png,147.7,0,147.6,26.4,956
10/14/2019 15:34,datasets/dataset_cropped/10_Metas/14/15/20191014153400_00160.jpg,datasets_flow/dataset_cropped/10_Metas/14/15/20191014153400_00160.jpg,datasets_cloudmask/dataset_cropped/10_Metas/14/15/20191014153400_00160.png,138,0,138,26.3,956
10/14/2019 15:35,datasets/dataset_cropped/10_Metas/14/15/20191014153500_00160.jpg,datasets_flow/dataset_cropped/10_Metas/14/15/20191014153500_00160.jpg,datasets_cloudmask/dataset_cropped/10_Metas/14/15/20191014153500_00160.png,130.7,0,130.8,26.1,956
10/14/2019 15:36,datasets/dataset_cropped/10_Metas/14/15/20191014153600_00160.jpg,datasets_flow/dataset_cropped/10_Metas/14/15/20191014153600_00160.jpg,datasets_cloudmask/dataset_cropped/10_Metas/14/15/20191014153600_00160.png,125.4,0,125.4,26,956
10/14/2019 15:37,datasets/dataset_cropped/10_Metas/14/15/20191014153700_00160.jpg,datasets_flow/dataset_cropped/10_Metas/14/15/20191014153700_00160.jpg,datasets_cloudmask/dataset_cropped/10_Metas/14/15/20191014153700_00160.png,121.6,0,121.6,25.9,956
10/14/2019 15:38,datasets/dataset_cropped/10_Metas/14/15/20191014153800_00160.jpg,datasets_flow/dataset_cropped/10_Metas/14/15/20191014153800_00160.jpg,datasets_cloudmask/dataset_cropped/10_Metas/14/15/20191014153800_00160.png,117.2,0,117.1,25.9,956
10/14/2019 15:39,datasets/dataset_cropped/10_Metas/14/15/20191014153900_00160.jpg,datasets_flow/dataset_cropped/10_Metas/14/15/20191014153900_00160.jpg,datasets_cloudmask/dataset_cropped/10_Metas/14/15/20191014153900_00160.png,112.4,0,112.2,25.9,956
10/14/2019 15:40,datasets/dataset_cropped/10_Metas/14/15/20191014154000_00160.jpg,datasets_flow/dataset_cropped/10_Metas/14/15/20191014154000_00160.jpg,datasets_cloudmask/dataset_cropped/10_Metas/14/15/20191014154000_00160.png,107.4,0,107.2,25.8,956
10/14/2019 15:41,datasets/dataset_cropped/10_Metas/14/15/20191014154100_00160.jpg,datasets_flow/dataset_cropped/10_Metas/14/15/20191014154100_00160.jpg,datasets_cloudmask/dataset_cropped/10_Metas/14/15/20191014154100_00160.png,103.6,0,103.5,25.8,956
10/14/2019 15:42,datasets/dataset_cropped/10_Metas/14/15/20191014154200_00160.jpg,datasets_flow/dataset_cropped/10_Metas/14/15/20191014154200_00160.jpg,datasets_cloudmask/dataset_cropped/10_Metas/14/15/20191014154200_00160.png,100.7,0,100.5,25.8,956
10/14/2019 15:43,datasets/dataset_cropped/10_Metas/14/15/20191014154300_00160.jpg,datasets_flow/dataset_cropped/10_Metas/14/15/20191014154300_00160.jpg,datasets_cloudmask/dataset_cropped/10_Metas/14/15/20191014154300_00160.png,98.8,0,98.7,25.7,956
10/14/2019 15:44,datasets/dataset_cropped/10_Metas/14/15/20191014154400_00160.jpg,datasets_flow/dataset_cropped/10_Metas/14/15/20191014154400_00160.jpg,datasets_cloudmask/dataset_cropped/10_Metas/14/15/20191014154400_00160.png,99.2,0,99.1,25.7,956
10/14/2019 15:45,datasets/dataset_cropped/10_Metas/14/15/20191014154500_00160.jpg,datasets_flow/dataset_cropped/10_Metas/14/15/20191014154500_00160.jpg,datasets_cloudmask/dataset_cropped/10_Metas/14/15/20191014154500_00160.png,102.1,0,102.1,25.7,956
10/14/2019 15:46,datasets/dataset_cropped/10_Metas/14/15/20191014154600_00160.jpg,datasets_flow/dataset_cropped/10_Metas/14/15/20191014154600_00160.jpg,datasets_cloudmask/dataset_cropped/10_Metas/14/15/20191014154600_00160.png,107.4,0,107.3,25.7,956
10/14/2019 15:47,datasets/dataset_cropped/10_Metas/14/15/20191014154700_00160.jpg,datasets_flow/dataset_cropped/10_Metas/14/15/20191014154700_00160.jpg,datasets_cloudmask/dataset_cropped/10_Metas/14/15/20191014154700_00160.png,116.1,0,115.9,25.7,956
10/14/2019 15:48,datasets/dataset_cropped/10_Metas/14/15/20191014154800_00160.jpg,datasets_flow/dataset_cropped/10_Metas/14/15/20191014154800_00160.jpg,datasets_cloudmask/dataset_cropped/10_Metas/14/15/20191014154800_00160.png,128.3,0,128.3,25.6,956
10/14/2019 15:49,datasets/dataset_cropped/10_Metas/14/15/20191014154900_00160.jpg,datasets_flow/dataset_cropped/10_Metas/14/15/20191014154900_00160.jpg,datasets_cloudmask/dataset_cropped/10_Metas/14/15/20191014154900_00160.png,143,0,142.9,25.6,956
10/14/2019 15:50,datasets/dataset_cropped/10_Metas/14/15/20191014155000_00160.jpg,datasets_flow/dataset_cropped/10_Metas/14/15/20191014155000_00160.jpg,datasets_cloudmask/dataset_cropped/10_Metas/14/15/20191014155000_00160.png,158.8,0,158.7,25.6,956
10/14/2019 15:51,datasets/dataset_cropped/10_Metas/14/15/20191014155100_00160.jpg,datasets_flow/dataset_cropped/10_Metas/14/15/20191014155100_00160.jpg,datasets_cloudmask/dataset_cropped/10_Metas/14/15/20191014155100_00160.png,174.4,0,174.4,25.5,956
10/14/2019 15:52,datasets/dataset_cropped/10_Metas/14/15/20191014155200_00160.jpg,datasets_flow/dataset_cropped/10_Metas/14/15/20191014155200_00160.jpg,datasets_cloudmask/dataset_cropped/10_Metas/14/15/20191014155200_00160.png,183.5,0.2,183.5,25.6,956
10/14/2019 15:53,datasets/dataset_cropped/10_Metas/14/15/20191014155300_00160.jpg,datasets_flow/dataset_cropped/10_Metas/14/15/20191014155300_00160.jpg,datasets_cloudmask/dataset_cropped/10_Metas/14/15/20191014155300_00160.png,184.5,0.5,184.5,25.6,956
10/14/2019 15:54,datasets/dataset_cropped/10_Metas/14/15/20191014155400_00160.jpg,datasets_flow/dataset_cropped/10_Metas/14/15/20191014155400_00160.jpg,datasets_cloudmask/dataset_cropped/10_Metas/14/15/20191014155400_00160.png,181,0.6,181,25.6,956
10/14/2019 15:55,datasets/dataset_cropped/10_Metas/14/15/20191014155500_00160.jpg,datasets_flow/dataset_cropped/10_Metas/14/15/20191014155500_00160.jpg,datasets_cloudmask/dataset_cropped/10_Metas/14/15/20191014155500_00160.png,179.4,0.6,179.2,25.6,956
10/14/2019 15:56,datasets/dataset_cropped/10_Metas/14/15/20191014155600_00160.jpg,datasets_flow/dataset_cropped/10_Metas/14/15/20191014155600_00160.jpg,datasets_cloudmask/dataset_cropped/10_Metas/14/15/20191014155600_00160.png,188.5,1.9,187.9,25.6,956
10/14/2019 15:57,datasets/dataset_cropped/10_Metas/14/15/20191014155700_00160.jpg,datasets_flow/dataset_cropped/10_Metas/14/15/20191014155700_00160.jpg,datasets_cloudmask/dataset_cropped/10_Metas/14/15/20191014155700_00160.png,225.2,38.8,206,25.7,956
10/14/2019 15:58,datasets/dataset_cropped/10_Metas/14/15/20191014155800_00160.jpg,datasets_flow/dataset_cropped/10_Metas/14/15/20191014155800_00160.jpg,datasets_cloudmask/dataset_cropped/10_Metas/14/15/20191014155800_00160.png,269.6,85.3,227.9,25.8,956
10/14/2019 15:59,datasets/dataset_cropped/10_Metas/14/15/20191014155900_00160.jpg,datasets_flow/dataset_cropped/10_Metas/14/15/20191014155900_00160.jpg,datasets_cloudmask/dataset_cropped/10_Metas/14/15/20191014155900_00160.png,336.5,204.2,238.3,25.9,956
10/14/2019 16:00,datasets/dataset_cropped/10_Metas/14/16/20191014160000_00160.jpg,datasets_flow/dataset_cropped/10_Metas/14/16/20191014160000_00160.jpg,datasets_cloudmask/dataset_cropped/10_Metas/14/16/20191014160000_00160.png,623,815,242.8,26.2,956
10/14/2019 16:01,datasets/dataset_cropped/10_Metas/14/16/20191014160100_00160.jpg,datasets_flow/dataset_cropped/10_Metas/14/16/20191014160100_00160.jpg,datasets_cloudmask/dataset_cropped/10_Metas/14/16/20191014160100_00160.png,623.5,823,242.1,26.5,956
10/14/2019 16:02,datasets/dataset_cropped/10_Metas/14/16/20191014160200_00160.jpg,datasets_flow/dataset_cropped/10_Metas/14/16/20191014160200_00160.jpg,datasets_cloudmask/dataset_cropped/10_Metas/14/16/20191014160200_00160.png,614.2,818,237.5,26.7,956
10/14/2019 16:03,datasets/dataset_cropped/10_Metas/14/16/20191014160300_00160.jpg,datasets_flow/dataset_cropped/10_Metas/14/16/20191014160300_00160.jpg,datasets_cloudmask/dataset_cropped/10_Metas/14/16/20191014160300_00160.png,603.3,814,230.4,26.9,956
10/14/2019 16:04,datasets/dataset_cropped/10_Metas/14/16/20191014160400_00160.jpg,datasets_flow/dataset_cropped/10_Metas/14/16/20191014160400_00160.jpg,datasets_cloudmask/dataset_cropped/10_Metas/14/16/20191014160400_00160.png,589.7,816,218,27.1,956
10/14/2019 16:05,datasets/dataset_cropped/10_Metas/14/16/20191014160500_00160.jpg,datasets_flow/dataset_cropped/10_Metas/14/16/20191014160500_00160.jpg,datasets_cloudmask/dataset_cropped/10_Metas/14/16/20191014160500_00160.png,575.2,815,205.6,26.9,956
10/14/2019 16:06,datasets/dataset_cropped/10_Metas/14/16/20191014160600_00160.jpg,datasets_flow/dataset_cropped/10_Metas/14/16/20191014160600_00160.jpg,datasets_cloudmask/dataset_cropped/10_Metas/14/16/20191014160600_00160.png,558.2,810,192.3,27.1,956
10/14/2019 16:07,datasets/dataset_cropped/10_Metas/14/16/20191014160700_00160.jpg,datasets_flow/dataset_cropped/10_Metas/14/16/20191014160700_00160.jpg,datasets_cloudmask/dataset_cropped/10_Metas/14/16/20191014160700_00160.png,539.9,809,176.2,27.2,956
10/14/2019 16:08,datasets/dataset_cropped/10_Metas/14/16/20191014160800_00160.jpg,datasets_flow/dataset_cropped/10_Metas/14/16/20191014160800_00160.jpg,datasets_cloudmask/dataset_cropped/10_Metas/14/16/20191014160800_00160.png,519.1,804,159,27.2,956
10/14/2019 16:09,datasets/dataset_cropped/10_Metas/14/16/20191014160900_00160.jpg,datasets_flow/dataset_cropped/10_Metas/14/16/20191014160900_00160.jpg,datasets_cloudmask/dataset_cropped/10_Metas/14/16/20191014160900_00160.png,500.4,803,142.5,27.1,956
10/14/2019 16:10,datasets/dataset_cropped/10_Metas/14/16/20191014161000_00160.jpg,datasets_flow/dataset_cropped/10_Metas/14/16/20191014161000_00160.jpg,datasets_cloudmask/dataset_cropped/10_Metas/14/16/20191014161000_00160.png,482.9,802,127.1,27.2,956
10/14/2019 16:11,datasets/dataset_cropped/10_Metas/14/16/20191014161100_00160.jpg,datasets_flow/dataset_cropped/10_Metas/14/16/20191014161100_00160.jpg,datasets_cloudmask/dataset_cropped/10_Metas/14/16/20191014161100_00160.png,466,796.4,114.8,27.1,956
10/14/2019 16:12,datasets/dataset_cropped/10_Metas/14/16/20191014161200_00160.jpg,datasets_flow/dataset_cropped/10_Metas/14/16/20191014161200_00160.jpg,datasets_cloudmask/dataset_cropped/10_Metas/14/16/20191014161200_00160.png,452.8,788.3,107,27.1,956
10/14/2019 16:13,datasets/dataset_cropped/10_Metas/14/16/20191014161300_00160.jpg,datasets_flow/dataset_cropped/10_Metas/14/16/20191014161300_00160.jpg,datasets_cloudmask/dataset_cropped/10_Metas/14/16/20191014161300_00160.png,443.3,793.5,98,27,956
10/14/2019 16:14,datasets/dataset_cropped/10_Metas/14/16/20191014161400_00160.jpg,datasets_flow/dataset_cropped/10_Metas/14/16/20191014161400_00160.jpg,datasets_cloudmask/dataset_cropped/10_Metas/14/16/20191014161400_00160.png,434.7,789.1,92.9,26.9,956
10/14/2019 16:15,datasets/dataset_cropped/10_Metas/14/16/20191014161500_00160.jpg,datasets_flow/dataset_cropped/10_Metas/14/16/20191014161500_00160.jpg,datasets_cloudmask/dataset_cropped/10_Metas/14/16/20191014161500_00160.png,427.5,784.4,89.5,27,956
10/14/2019 16:16,datasets/dataset_cropped/10_Metas/14/16/20191014161600_00160.jpg,datasets_flow/dataset_cropped/10_Metas/14/16/20191014161600_00160.jpg,datasets_cloudmask/dataset_cropped/10_Metas/14/16/20191014161600_00160.png,422.2,786.7,85.7,27,956
10/14/2019 16:17,datasets/dataset_cropped/10_Metas/14/16/20191014161700_00160.jpg,datasets_flow/dataset_cropped/10_Metas/14/16/20191014161700_00160.jpg,datasets_cloudmask/dataset_cropped/10_Metas/14/16/20191014161700_00160.png,416.1,786.3,82.2,27,956
10/14/2019 16:18,datasets/dataset_cropped/10_Metas/14/16/20191014161800_00160.jpg,datasets_flow/dataset_cropped/10_Metas/14/16/20191014161800_00160.jpg,datasets_cloudmask/dataset_cropped/10_Metas/14/16/20191014161800_00160.png,411,787.1,79,27,956
10/14/2019 16:19,datasets/dataset_cropped/10_Metas/14/16/20191014161900_00160.jpg,datasets_flow/dataset_cropped/10_Metas/14/16/20191014161900_00160.jpg,datasets_cloudmask/dataset_cropped/10_Metas/14/16/20191014161900_00160.png,405.3,781.6,77.7,27,956
10/14/2019 16:20,datasets/dataset_cropped/10_Metas/14/16/20191014162000_00160.jpg,datasets_flow/dataset_cropped/10_Metas/14/16/20191014162000_00160.jpg,datasets_cloudmask/dataset_cropped/10_Metas/14/16/20191014162000_00160.png,400.6,775.1,77.8,27.2,956
10/14/2019 16:21,datasets/dataset_cropped/10_Metas/14/16/20191014162100_00160.jpg,datasets_flow/dataset_cropped/10_Metas/14/16/20191014162100_00160.jpg,datasets_cloudmask/dataset_cropped/10_Metas/14/16/20191014162100_00160.png,396.3,767,78.8,27.1,956
10/14/2019 16:22,datasets/dataset_cropped/10_Metas/14/16/20191014162200_00160.jpg,datasets_flow/dataset_cropped/10_Metas/14/16/20191014162200_00160.jpg,datasets_cloudmask/dataset_cropped/10_Metas/14/16/20191014162200_00160.png,393,762.6,79.2,27,956
10/14/2019 16:23,datasets/dataset_cropped/10_Metas/14/16/20191014162300_00160.jpg,datasets_flow/dataset_cropped/10_Metas/14/16/20191014162300_00160.jpg,datasets_cloudmask/dataset_cropped/10_Metas/14/16/20191014162300_00160.png,389.1,761.8,77.6,26.9,956
10/14/2019 16:24,datasets/dataset_cropped/10_Metas/14/16/20191014162400_00160.jpg,datasets_flow/dataset_cropped/10_Metas/14/16/20191014162400_00160.jpg,datasets_cloudmask/dataset_cropped/10_Metas/14/16/20191014162400_00160.png,383.8,755.8,76.9,26.9,956
10/14/2019 16:25,datasets/dataset_cropped/10_Metas/14/16/20191014162500_00160.jpg,datasets_flow/dataset_cropped/10_Metas/14/16/20191014162500_00160.jpg,datasets_cloudmask/dataset_cropped/10_Metas/14/16/20191014162500_00160.png,378.7,748.7,76.8,27,956
10/14/2019 16:26,datasets/dataset_cropped/10_Metas/14/16/20191014162600_00160.jpg,datasets_flow/dataset_cropped/10_Metas/14/16/20191014162600_00160.jpg,datasets_cloudmask/dataset_cropped/10_Metas/14/16/20191014162600_00160.png,375.8,743.6,77.8,27,956
10/14/2019 16:27,datasets/dataset_cropped/10_Metas/14/16/20191014162700_00160.jpg,datasets_flow/dataset_cropped/10_Metas/14/16/20191014162700_00160.jpg,datasets_cloudmask/dataset_cropped/10_Metas/14/16/20191014162700_00160.png,373.6,745.6,76.8,26.9,956
10/14/2019 16:28,datasets/dataset_cropped/10_Metas/14/16/20191014162800_00160.jpg,datasets_flow/dataset_cropped/10_Metas/14/16/20191014162800_00160.jpg,datasets_cloudmask/dataset_cropped/10_Metas/14/16/20191014162800_00160.png,371.9,743.5,77.6,26.9,956
10/14/2019 16:29,datasets/dataset_cropped/10_Metas/14/16/20191014162900_00160.jpg,datasets_flow/dataset_cropped/10_Metas/14/16/20191014162900_00160.jpg,datasets_cloudmask/dataset_cropped/10_Metas/14/16/20191014162900_00160.png,196,300.9,77.5,26.9,956
10/14/2019 16:30,datasets/dataset_cropped/10_Metas/14/16/20191014163000_00160.jpg,datasets_flow/dataset_cropped/10_Metas/14/16/20191014163000_00160.jpg,datasets_cloudmask/dataset_cropped/10_Metas/14/16/20191014163000_00160.png,352.2,697.6,78.4,26.9,956
10/14/2019 16:31,datasets/dataset_cropped/10_Metas/14/16/20191014163100_00160.jpg,datasets_flow/dataset_cropped/10_Metas/14/16/20191014163100_00160.jpg,datasets_cloudmask/dataset_cropped/10_Metas/14/16/20191014163100_00160.png,227.1,379.5,80.2,26.9,956
10/14/2019 16:32,datasets/dataset_cropped/10_Metas/14/16/20191014163200_00160.jpg,datasets_flow/dataset_cropped/10_Metas/14/16/20191014163200_00160.jpg,datasets_cloudmask/dataset_cropped/10_Metas/14/16/20191014163200_00160.png,293,544.6,82.6,26.7,956
10/14/2019 16:33,datasets/dataset_cropped/10_Metas/14/16/20191014163300_00160.jpg,datasets_flow/dataset_cropped/10_Metas/14/16/20191014163300_00160.jpg,datasets_cloudmask/dataset_cropped/10_Metas/14/16/20191014163300_00160.png,354.5,721.3,78.7,26.6,956
10/14/2019 16:34,datasets/dataset_cropped/10_Metas/14/16/20191014163400_00160.jpg,datasets_flow/dataset_cropped/10_Metas/14/16/20191014163400_00160.jpg,datasets_cloudmask/dataset_cropped/10_Metas/14/16/20191014163400_00160.png,283.9,546.5,76.1,26.6,956
10/14/2019 16:35,datasets/dataset_cropped/10_Metas/14/16/20191014163500_00160.jpg,datasets_flow/dataset_cropped/10_Metas/14/16/20191014163500_00160.jpg,datasets_cloudmask/dataset_cropped/10_Metas/14/16/20191014163500_00160.png,287,571.4,72.4,26.7,956
10/14/2019 16:36,datasets/dataset_cropped/10_Metas/14/16/20191014163600_00160.jpg,datasets_flow/dataset_cropped/10_Metas/14/16/20191014163600_00160.jpg,datasets_cloudmask/dataset_cropped/10_Metas/14/16/20191014163600_00160.png,113.9,119,68.6,26.6,956
10/14/2019 16:37,datasets/dataset_cropped/10_Metas/14/16/20191014163700_00160.jpg,datasets_flow/dataset_cropped/10_Metas/14/16/20191014163700_00160.jpg,datasets_cloudmask/dataset_cropped/10_Metas/14/16/20191014163700_00160.png,89.1,50.3,68.9,26.6,956
10/14/2019 16:38,datasets/dataset_cropped/10_Metas/14/16/20191014163800_00160.jpg,datasets_flow/dataset_cropped/10_Metas/14/16/20191014163800_00160.jpg,datasets_cloudmask/dataset_cropped/10_Metas/14/16/20191014163800_00160.png,72.7,14.9,66.3,26.4,956
10/14/2019 16:39,datasets/dataset_cropped/10_Metas/14/16/20191014163900_00160.jpg,datasets_flow/dataset_cropped/10_Metas/14/16/20191014163900_00160.jpg,datasets_cloudmask/dataset_cropped/10_Metas/14/16/20191014163900_00160.png,74.7,27.6,63.5,26.2,956
10/14/2019 16:40,datasets/dataset_cropped/10_Metas/14/16/20191014164000_00160.jpg,datasets_flow/dataset_cropped/10_Metas/14/16/20191014164000_00160.jpg,datasets_cloudmask/dataset_cropped/10_Metas/14/16/20191014164000_00160.png,71.6,10.5,66.6,26.1,956
10/14/2019 16:41,datasets/dataset_cropped/10_Metas/14/16/20191014164100_00160.jpg,datasets_flow/dataset_cropped/10_Metas/14/16/20191014164100_00160.jpg,datasets_cloudmask/dataset_cropped/10_Metas/14/16/20191014164100_00160.png,72.9,14.7,66.6,26,956
10/14/2019 16:42,datasets/dataset_cropped/10_Metas/14/16/20191014164200_00160.jpg,datasets_flow/dataset_cropped/10_Metas/14/16/20191014164200_00160.jpg,datasets_cloudmask/dataset_cropped/10_Metas/14/16/20191014164200_00160.png,158.9,254,68.3,25.9,956
10/14/2019 16:43,datasets/dataset_cropped/10_Metas/14/16/20191014164300_00160.jpg,datasets_flow/dataset_cropped/10_Metas/14/16/20191014164300_00160.jpg,datasets_cloudmask/dataset_cropped/10_Metas/14/16/20191014164300_00160.png,252.7,505.6,73.1,25.9,956
10/14/2019 16:44,datasets/dataset_cropped/10_Metas/14/16/20191014164400_00160.jpg,datasets_flow/dataset_cropped/10_Metas/14/16/20191014164400_00160.jpg,datasets_cloudmask/dataset_cropped/10_Metas/14/16/20191014164400_00160.png,67.1,2,65.9,26,956
10/14/2019 16:45,datasets/dataset_cropped/10_Metas/14/16/20191014164500_00160.jpg,datasets_flow/dataset_cropped/10_Metas/14/16/20191014164500_00160.jpg,datasets_cloudmask/dataset_cropped/10_Metas/14/16/20191014164500_00160.png,63.8,2.6,62.7,26,956
10/14/2019 16:46,datasets/dataset_cropped/10_Metas/14/16/20191014164600_00160.jpg,datasets_flow/dataset_cropped/10_Metas/14/16/20191014164600_00160.jpg,datasets_cloudmask/dataset_cropped/10_Metas/14/16/20191014164600_00160.png,74.9,29.7,64.6,25.9,956
10/14/2019 16:47,datasets/dataset_cropped/10_Metas/14/16/20191014164700_00160.jpg,datasets_flow/dataset_cropped/10_Metas/14/16/20191014164700_00160.jpg,datasets_cloudmask/dataset_cropped/10_Metas/14/16/20191014164700_00160.png,74.7,12.5,69.1,25.8,956
10/14/2019 16:48,datasets/dataset_cropped/10_Metas/14/16/20191014164800_00160.jpg,datasets_flow/dataset_cropped/10_Metas/14/16/20191014164800_00160.jpg,datasets_cloudmask/dataset_cropped/10_Metas/14/16/20191014164800_00160.png,69.7,4.7,67.5,25.8,956
10/14/2019 16:49,datasets/dataset_cropped/10_Metas/14/16/20191014164900_00160.jpg,datasets_flow/dataset_cropped/10_Metas/14/16/20191014164900_00160.jpg,datasets_cloudmask/dataset_cropped/10_Metas/14/16/20191014164900_00160.png,115.2,139.5,67.8,25.8,956
10/14/2019 16:50,datasets/dataset_cropped/10_Metas/14/16/20191014165000_00160.jpg,datasets_flow/dataset_cropped/10_Metas/14/16/20191014165000_00160.jpg,datasets_cloudmask/dataset_cropped/10_Metas/14/16/20191014165000_00160.png,281.1,635.3,69.9,25.7,956
10/14/2019 16:51,datasets/dataset_cropped/10_Metas/14/16/20191014165100_00160.jpg,datasets_flow/dataset_cropped/10_Metas/14/16/20191014165100_00160.jpg,datasets_cloudmask/dataset_cropped/10_Metas/14/16/20191014165100_00160.png,284.4,640.1,73,25.7,956
10/14/2019 16:52,datasets/dataset_cropped/10_Metas/14/16/20191014165200_00160.jpg,datasets_flow/dataset_cropped/10_Metas/14/16/20191014165200_00160.jpg,datasets_cloudmask/dataset_cropped/10_Metas/14/16/20191014165200_00160.png,288.5,657.8,73.5,25.9,956
10/14/2019 16:53,datasets/dataset_cropped/10_Metas/14/16/20191014165300_00160.jpg,datasets_flow/dataset_cropped/10_Metas/14/16/20191014165300_00160.jpg,datasets_cloudmask/dataset_cropped/10_Metas/14/16/20191014165300_00160.png,288.3,659.9,75,26.1,956
10/14/2019 16:54,datasets/dataset_cropped/10_Metas/14/16/20191014165400_00160.jpg,datasets_flow/dataset_cropped/10_Metas/14/16/20191014165400_00160.jpg,datasets_cloudmask/dataset_cropped/10_Metas/14/16/20191014165400_00160.png,262.7,593.4,72.9,26.2,956
10/14/2019 16:55,datasets/dataset_cropped/10_Metas/14/16/20191014165500_00160.jpg,datasets_flow/dataset_cropped/10_Metas/14/16/20191014165500_00160.jpg,datasets_cloudmask/dataset_cropped/10_Metas/14/16/20191014165500_00160.png,260.3,603.9,68.9,26.4,956
10/14/2019 16:56,datasets/dataset_cropped/10_Metas/14/16/20191014165600_00160.jpg,datasets_flow/dataset_cropped/10_Metas/14/16/20191014165600_00160.jpg,datasets_cloudmask/dataset_cropped/10_Metas/14/16/20191014165600_00160.png,275.6,663.9,67.1,26.4,956
10/14/2019 16:57,datasets/dataset_cropped/10_Metas/14/16/20191014165700_00160.jpg,datasets_flow/dataset_cropped/10_Metas/14/16/20191014165700_00160.jpg,datasets_cloudmask/dataset_cropped/10_Metas/14/16/20191014165700_00160.png,273.3,662.3,67.7,26.5,956
10/14/2019 16:58,datasets/dataset_cropped/10_Metas/14/16/20191014165800_00160.jpg,datasets_flow/dataset_cropped/10_Metas/14/16/20191014165800_00160.jpg,datasets_cloudmask/dataset_cropped/10_Metas/14/16/20191014165800_00160.png,271.2,659.6,68.3,26.6,956
10/14/2019 16:59,datasets/dataset_cropped/10_Metas/14/16/20191014165900_00160.jpg,datasets_flow/dataset_cropped/10_Metas/14/16/20191014165900_00160.jpg,datasets_cloudmask/dataset_cropped/10_Metas/14/16/20191014165900_00160.png,269.8,661,68.4,26.4,956
10/14/2019 17:00,datasets/dataset_cropped/10_Metas/14/17/20191014170000_00160.jpg,datasets_flow/dataset_cropped/10_Metas/14/17/20191014170000_00160.jpg,datasets_cloudmask/dataset_cropped/10_Metas/14/17/20191014170000_00160.png,251.7,610.1,67.3,26.2,956
10/14/2019 17:01,datasets/dataset_cropped/10_Metas/14/17/20191014170100_00160.jpg,datasets_flow/dataset_cropped/10_Metas/14/17/20191014170100_00160.jpg,datasets_cloudmask/dataset_cropped/10_Metas/14/17/20191014170100_00160.png,162,325.6,64.4,26.2,956
10/14/2019 17:02,datasets/dataset_cropped/10_Metas/14/17/20191014170200_00160.jpg,datasets_flow/dataset_cropped/10_Metas/14/17/20191014170200_00160.jpg,datasets_cloudmask/dataset_cropped/10_Metas/14/17/20191014170200_00160.png,246.1,621.1,62,26.1,956
10/14/2019 17:03,datasets/dataset_cropped/10_Metas/14/17/20191014170300_00160.jpg,datasets_flow/dataset_cropped/10_Metas/14/17/20191014170300_00160.jpg,datasets_cloudmask/dataset_cropped/10_Metas/14/17/20191014170300_00160.png,251.2,651.8,60.1,26.1,956
10/14/2019 17:04,datasets/dataset_cropped/10_Metas/14/17/20191014170400_00160.jpg,datasets_flow/dataset_cropped/10_Metas/14/17/20191014170400_00160.jpg,datasets_cloudmask/dataset_cropped/10_Metas/14/17/20191014170400_00160.png,248.3,651.2,59.4,26.2,956
10/14/2019 17:05,datasets/dataset_cropped/10_Metas/14/17/20191014170500_00160.jpg,datasets_flow/dataset_cropped/10_Metas/14/17/20191014170500_00160.jpg,datasets_cloudmask/dataset_cropped/10_Metas/14/17/20191014170500_00160.png,244.8,644.4,59.5,26.1,956
10/14/2019 17:06,datasets/dataset_cropped/10_Metas/14/17/20191014170600_00160.jpg,datasets_flow/dataset_cropped/10_Metas/14/17/20191014170600_00160.jpg,datasets_cloudmask/dataset_cropped/10_Metas/14/17/20191014170600_00160.png,217.2,552.7,58.9,26.1,956
10/14/2019 17:07,datasets/dataset_cropped/10_Metas/14/17/20191014170700_00160.jpg,datasets_flow/dataset_cropped/10_Metas/14/17/20191014170700_00160.jpg,datasets_cloudmask/dataset_cropped/10_Metas/14/17/20191014170700_00160.png,236.2,631.9,58.8,25.9,956
10/14/2019 17:08,datasets/dataset_cropped/10_Metas/14/17/20191014170800_00160.jpg,datasets_flow/dataset_cropped/10_Metas/14/17/20191014170800_00160.jpg,datasets_cloudmask/dataset_cropped/10_Metas/14/17/20191014170800_00160.png,152.8,342.3,57.5,25.8,956
10/14/2019 17:09,datasets/dataset_cropped/10_Metas/14/17/20191014170900_00160.jpg,datasets_flow/dataset_cropped/10_Metas/14/17/20191014170900_00160.jpg,datasets_cloudmask/dataset_cropped/10_Metas/14/17/20191014170900_00160.png,223.8,603.2,57.1,25.8,956
10/14/2019 17:10,datasets/dataset_cropped/10_Metas/14/17/20191014171000_00160.jpg,datasets_flow/dataset_cropped/10_Metas/14/17/20191014171000_00160.jpg,datasets_cloudmask/dataset_cropped/10_Metas/14/17/20191014171000_00160.png,226.4,625,56.3,25.8,956
10/14/2019 17:11,datasets/dataset_cropped/10_Metas/14/17/20191014171100_00160.jpg,datasets_flow/dataset_cropped/10_Metas/14/17/20191014171100_00160.jpg,datasets_cloudmask/dataset_cropped/10_Metas/14/17/20191014171100_00160.png,222,616.5,56.2,25.8,956
10/14/2019 17:12,datasets/dataset_cropped/10_Metas/14/17/20191014171200_00160.jpg,datasets_flow/dataset_cropped/10_Metas/14/17/20191014171200_00160.jpg,datasets_cloudmask/dataset_cropped/10_Metas/14/17/20191014171200_00160.png,160.3,389.2,56.1,25.8,956
10/14/2019 17:13,datasets/dataset_cropped/10_Metas/14/17/20191014171300_00160.jpg,datasets_flow/dataset_cropped/10_Metas/14/17/20191014171300_00160.jpg,datasets_cloudmask/dataset_cropped/10_Metas/14/17/20191014171300_00160.png,55,7.5,52.5,25.9,956
10/14/2019 17:14,datasets/dataset_cropped/10_Metas/14/17/20191014171400_00160.jpg,datasets_flow/dataset_cropped/10_Metas/14/17/20191014171400_00160.jpg,datasets_cloudmask/dataset_cropped/10_Metas/14/17/20191014171400_00160.png,109.5,229.7,49.5,25.7,956
10/14/2019 17:15,datasets/dataset_cropped/10_Metas/14/17/20191014171500_00160.jpg,datasets_flow/dataset_cropped/10_Metas/14/17/20191014171500_00160.jpg,datasets_cloudmask/dataset_cropped/10_Metas/14/17/20191014171500_00160.png,203.1,593.9,50.3,25.5,956
10/14/2019 17:16,datasets/dataset_cropped/10_Metas/14/17/20191014171600_00160.jpg,datasets_flow/dataset_cropped/10_Metas/14/17/20191014171600_00160.jpg,datasets_cloudmask/dataset_cropped/10_Metas/14/17/20191014171600_00160.png,200.7,587.2,51.9,25.4,956
10/14/2019 17:17,datasets/dataset_cropped/10_Metas/14/17/20191014171700_00160.jpg,datasets_flow/dataset_cropped/10_Metas/14/17/20191014171700_00160.jpg,datasets_cloudmask/dataset_cropped/10_Metas/14/17/20191014171700_00160.png,198.7,581.3,53.1,25.5,956
10/14/2019 17:18,datasets/dataset_cropped/10_Metas/14/17/20191014171800_00160.jpg,datasets_flow/dataset_cropped/10_Metas/14/17/20191014171800_00160.jpg,datasets_cloudmask/dataset_cropped/10_Metas/14/17/20191014171800_00160.png,199.2,582.4,54.8,25.6,956
10/14/2019 17:19,datasets/dataset_cropped/10_Metas/14/17/20191014171900_00160.jpg,datasets_flow/dataset_cropped/10_Metas/14/17/20191014171900_00160.jpg,datasets_cloudmask/dataset_cropped/10_Metas/14/17/20191014171900_00160.png,198.3,576.5,57.5,25.7,956
10/14/2019 17:20,datasets/dataset_cropped/10_Metas/14/17/20191014172000_00160.jpg,datasets_flow/dataset_cropped/10_Metas/14/17/20191014172000_00160.jpg,datasets_cloudmask/dataset_cropped/10_Metas/14/17/20191014172000_00160.png,194.9,574.5,56.5,25.7,956
10/14/2019 17:21,datasets/dataset_cropped/10_Metas/14/17/20191014172100_00160.jpg,datasets_flow/dataset_cropped/10_Metas/14/17/20191014172100_00160.jpg,datasets_cloudmask/dataset_cropped/10_Metas/14/17/20191014172100_00160.png,189.6,567.8,54.6,25.7,956
10/14/2019 17:22,datasets/dataset_cropped/10_Metas/14/17/20191014172200_00160.jpg,datasets_flow/dataset_cropped/10_Metas/14/17/20191014172200_00160.jpg,datasets_cloudmask/dataset_cropped/10_Metas/14/17/20191014172200_00160.png,185.6,563.7,53.4,25.6,956
10/14/2019 17:23,datasets/dataset_cropped/10_Metas/14/17/20191014172300_00160.jpg,datasets_flow/dataset_cropped/10_Metas/14/17/20191014172300_00160.jpg,datasets_cloudmask/dataset_cropped/10_Metas/14/17/20191014172300_00160.png,182.3,559.1,52.9,25.6,956
10/14/2019 17:24,datasets/dataset_cropped/10_Metas/14/17/20191014172400_00160.jpg,datasets_flow/dataset_cropped/10_Metas/14/17/20191014172400_00160.jpg,datasets_cloudmask/dataset_cropped/10_Metas/14/17/20191014172400_00160.png,179.8,559,52.1,25.6,956
10/14/2019 17:25,datasets/dataset_cropped/10_Metas/14/17/20191014172500_00160.jpg,datasets_flow/dataset_cropped/10_Metas/14/17/20191014172500_00160.jpg,datasets_cloudmask/dataset_cropped/10_Metas/14/17/20191014172500_00160.png,136.2,376.1,50.7,25.8,956
10/14/2019 17:26,datasets/dataset_cropped/10_Metas/14/17/20191014172600_00160.jpg,datasets_flow/dataset_cropped/10_Metas/14/17/20191014172600_00160.jpg,datasets_cloudmask/dataset_cropped/10_Metas/14/17/20191014172600_00160.png,80,135.8,48.4,25.8,956
10/14/2019 17:27,datasets/dataset_cropped/10_Metas/14/17/20191014172700_00160.jpg,datasets_flow/dataset_cropped/10_Metas/14/17/20191014172700_00160.jpg,datasets_cloudmask/dataset_cropped/10_Metas/14/17/20191014172700_00160.png,166.9,541.2,47.8,25.6,956
10/14/2019 17:28,datasets/dataset_cropped/10_Metas/14/17/20191014172800_00160.jpg,datasets_flow/dataset_cropped/10_Metas/14/17/20191014172800_00160.jpg,datasets_cloudmask/dataset_cropped/10_Metas/14/17/20191014172800_00160.png,163.9,541,46.8,25.4,956
10/14/2019 17:29,datasets/dataset_cropped/10_Metas/14/17/20191014172900_00160.jpg,datasets_flow/dataset_cropped/10_Metas/14/17/20191014172900_00160.jpg,datasets_cloudmask/dataset_cropped/10_Metas/14/17/20191014172900_00160.png,160.1,537.4,45.7,25.3,956
10/14/2019 17:30,datasets/dataset_cropped/10_Metas/14/17/20191014173000_00160.jpg,datasets_flow/dataset_cropped/10_Metas/14/17/20191014173000_00160.jpg,datasets_cloudmask/dataset_cropped/10_Metas/14/17/20191014173000_00160.png,157.6,536.6,45.1,25.4,956
10/14/2019 17:31,datasets/dataset_cropped/10_Metas/14/17/20191014173100_00160.jpg,datasets_flow/dataset_cropped/10_Metas/14/17/20191014173100_00160.jpg,datasets_cloudmask/dataset_cropped/10_Metas/14/17/20191014173100_00160.png,154.3,531.1,44.7,25.4,956
10/14/2019 17:32,datasets/dataset_cropped/10_Metas/14/17/20191014173200_00160.jpg,datasets_flow/dataset_cropped/10_Metas/14/17/20191014173200_00160.jpg,datasets_cloudmask/dataset_cropped/10_Metas/14/17/20191014173200_00160.png,151.8,526.5,44.7,25.5,956
10/14/2019 17:33,datasets/dataset_cropped/10_Metas/14/17/20191014173300_00160.jpg,datasets_flow/dataset_cropped/10_Metas/14/17/20191014173300_00160.jpg,datasets_cloudmask/dataset_cropped/10_Metas/14/17/20191014173300_00160.png,149.6,521.6,45.1,25.5,956
10/14/2019 17:34,datasets/dataset_cropped/10_Metas/14/17/20191014173400_00160.jpg,datasets_flow/dataset_cropped/10_Metas/14/17/20191014173400_00160.jpg,datasets_cloudmask/dataset_cropped/10_Metas/14/17/20191014173400_00160.png,147.3,517.4,45.4,25.4,956
10/14/2019 17:35,datasets/dataset_cropped/10_Metas/14/17/20191014173500_00160.jpg,datasets_flow/dataset_cropped/10_Metas/14/17/20191014173500_00160.jpg,datasets_cloudmask/dataset_cropped/10_Metas/14/17/20191014173500_00160.png,144.9,513.1,45.4,25.4,956
10/14/2019 17:36,datasets/dataset_cropped/10_Metas/14/17/20191014173600_00160.jpg,datasets_flow/dataset_cropped/10_Metas/14/17/20191014173600_00160.jpg,datasets_cloudmask/dataset_cropped/10_Metas/14/17/20191014173600_00160.png,141.9,507.1,45.2,25.4,956
10/14/2019 17:37,datasets/dataset_cropped/10_Metas/14/17/20191014173700_00160.jpg,datasets_flow/dataset_cropped/10_Metas/14/17/20191014173700_00160.jpg,datasets_cloudmask/dataset_cropped/10_Metas/14/17/20191014173700_00160.png,138.1,499.8,44.4,25.3,956
10/14/2019 17:38,datasets/dataset_cropped/10_Metas/14/17/20191014173800_00160.jpg,datasets_flow/dataset_cropped/10_Metas/14/17/20191014173800_00160.jpg,datasets_cloudmask/dataset_cropped/10_Metas/14/17/20191014173800_00160.png,134.3,494.1,43.3,25.1,956
10/14/2019 17:39,datasets/dataset_cropped/10_Metas/14/17/20191014173900_00160.jpg,datasets_flow/dataset_cropped/10_Metas/14/17/20191014173900_00160.jpg,datasets_cloudmask/dataset_cropped/10_Metas/14/17/20191014173900_00160.png,132,492.1,42.9,25.1,956
10/14/2019 17:40,datasets/dataset_cropped/10_Metas/14/17/20191014174000_00160.jpg,datasets_flow/dataset_cropped/10_Metas/14/17/20191014174000_00160.jpg,datasets_cloudmask/dataset_cropped/10_Metas/14/17/20191014174000_00160.png,129.7,489.6,42.6,25.1,956
10/14/2019 17:41,datasets/dataset_cropped/10_Metas/14/17/20191014174100_00160.jpg,datasets_flow/dataset_cropped/10_Metas/14/17/20191014174100_00160.jpg,datasets_cloudmask/dataset_cropped/10_Metas/14/17/20191014174100_00160.png,126.9,484.2,42.4,25.1,956
10/14/2019 17:42,datasets/dataset_cropped/10_Metas/14/17/20191014174200_00160.jpg,datasets_flow/dataset_cropped/10_Metas/14/17/20191014174200_00160.jpg,datasets_cloudmask/dataset_cropped/10_Metas/14/17/20191014174200_00160.png,123.7,478.7,41.7,25,956
10/14/2019 17:43,datasets/dataset_cropped/10_Metas/14/17/20191014174300_00160.jpg,datasets_flow/dataset_cropped/10_Metas/14/17/20191014174300_00160.jpg,datasets_cloudmask/dataset_cropped/10_Metas/14/17/20191014174300_00160.png,120.4,472.4,41,25,956
10/14/2019 17:44,datasets/dataset_cropped/10_Metas/14/17/20191014174400_00160.jpg,datasets_flow/dataset_cropped/10_Metas/14/17/20191014174400_00160.jpg,datasets_cloudmask/dataset_cropped/10_Metas/14/17/20191014174400_00160.png,117.5,467.9,40.4,25,956
10/14/2019 17:45,datasets/dataset_cropped/10_Metas/14/17/20191014174500_00160.jpg,datasets_flow/dataset_cropped/10_Metas/14/17/20191014174500_00160.jpg,datasets_cloudmask/dataset_cropped/10_Metas/14/17/20191014174500_00160.png,114.4,462.9,39.7,25,956
10/14/2019 17:46,datasets/dataset_cropped/10_Metas/14/17/20191014174600_00160.jpg,datasets_flow/dataset_cropped/10_Metas/14/17/20191014174600_00160.jpg,datasets_cloudmask/dataset_cropped/10_Metas/14/17/20191014174600_00160.png,111.2,457.5,38.8,25,956
10/14/2019 17:47,datasets/dataset_cropped/10_Metas/14/17/20191014174700_00160.jpg,datasets_flow/dataset_cropped/10_Metas/14/17/20191014174700_00160.jpg,datasets_cloudmask/dataset_cropped/10_Metas/14/17/20191014174700_00160.png,107.5,449.6,37.8,24.9,956
10/14/2019 17:48,datasets/dataset_cropped/10_Metas/14/17/20191014174800_00160.jpg,datasets_flow/dataset_cropped/10_Metas/14/17/20191014174800_00160.jpg,datasets_cloudmask/dataset_cropped/10_Metas/14/17/20191014174800_00160.png,104,441.3,37.1,24.9,956
10/14/2019 17:49,datasets/dataset_cropped/10_Metas/14/17/20191014174900_00160.jpg,datasets_flow/dataset_cropped/10_Metas/14/17/20191014174900_00160.jpg,datasets_cloudmask/dataset_cropped/10_Metas/14/17/20191014174900_00160.png,100.6,433.2,36.4,24.8,956
10/14/2019 17:50,datasets/dataset_cropped/10_Metas/14/17/20191014175000_00160.jpg,datasets_flow/dataset_cropped/10_Metas/14/17/20191014175000_00160.jpg,datasets_cloudmask/dataset_cropped/10_Metas/14/17/20191014175000_00160.png,97.5,425.9,35.8,24.8,956
10/14/2019 17:51,datasets/dataset_cropped/10_Metas/14/17/20191014175100_00160.jpg,datasets_flow/dataset_cropped/10_Metas/14/17/20191014175100_00160.jpg,datasets_cloudmask/dataset_cropped/10_Metas/14/17/20191014175100_00160.png,94.3,417.5,35.2,24.8,956
10/14/2019 17:52,datasets/dataset_cropped/10_Metas/14/17/20191014175200_00160.jpg,datasets_flow/dataset_cropped/10_Metas/14/17/20191014175200_00160.jpg,datasets_cloudmask/dataset_cropped/10_Metas/14/17/20191014175200_00160.png,91.4,410.8,34.5,24.7,956
10/14/2019 17:53,datasets/dataset_cropped/10_Metas/14/17/20191014175300_00160.jpg,datasets_flow/dataset_cropped/10_Metas/14/17/20191014175300_00160.jpg,datasets_cloudmask/dataset_cropped/10_Metas/14/17/20191014175300_00160.png,88.6,404.8,34,24.6,956
10/14/2019 17:54,datasets/dataset_cropped/10_Metas/14/17/20191014175400_00160.jpg,datasets_flow/dataset_cropped/10_Metas/14/17/20191014175400_00160.jpg,datasets_cloudmask/dataset_cropped/10_Metas/14/17/20191014175400_00160.png,85.4,395.5,33.3,24.6,956
10/14/2019 17:55,datasets/dataset_cropped/10_Metas/14/17/20191014175500_00160.jpg,datasets_flow/dataset_cropped/10_Metas/14/17/20191014175500_00160.jpg,datasets_cloudmask/dataset_cropped/10_Metas/14/17/20191014175500_00160.png,82.2,385,32.8,24.6,956
10/14/2019 17:56,datasets/dataset_cropped/10_Metas/14/17/20191014175600_00160.jpg,datasets_flow/dataset_cropped/10_Metas/14/17/20191014175600_00160.jpg,datasets_cloudmask/dataset_cropped/10_Metas/14/17/20191014175600_00160.png,79.2,374.9,32.3,24.6,956
10/14/2019 17:57,datasets/dataset_cropped/10_Metas/14/17/20191014175700_00160.jpg,datasets_flow/dataset_cropped/10_Metas/14/17/20191014175700_00160.jpg,datasets_cloudmask/dataset_cropped/10_Metas/14/17/20191014175700_00160.png,76.2,365.5,31.7,24.5,956
10/14/2019 17:58,datasets/dataset_cropped/10_Metas/14/17/20191014175800_00160.jpg,datasets_flow/dataset_cropped/10_Metas/14/17/20191014175800_00160.jpg,datasets_cloudmask/dataset_cropped/10_Metas/14/17/20191014175800_00160.png,73.2,357.2,30.9,24.5,956
10/14/2019 17:59,datasets/dataset_cropped/10_Metas/14/17/20191014175900_00160.jpg,datasets_flow/dataset_cropped/10_Metas/14/17/20191014175900_00160.jpg,datasets_cloudmask/dataset_cropped/10_Metas/14/17/20191014175900_00160.png,70.4,349.4,30.2,24.4,956
10/14/2019 18:00,datasets/dataset_cropped/10_Metas/14/18/20191014180000_00160.jpg,datasets_flow/dataset_cropped/10_Metas/14/18/20191014180000_00160.jpg,datasets_cloudmask/dataset_cropped/10_Metas/14/18/20191014180000_00160.png,65.9,325.3,29.4,24.4,956
10/14/2019 18:01,datasets/dataset_cropped/10_Metas/14/18/20191014180100_00160.jpg,datasets_flow/dataset_cropped/10_Metas/14/18/20191014180100_00160.jpg,datasets_cloudmask/dataset_cropped/10_Metas/14/18/20191014180100_00160.png,62.8,312.6,28.7,24.3,956
10/14/2019 18:02,datasets/dataset_cropped/10_Metas/14/18/20191014180200_00160.jpg,datasets_flow/dataset_cropped/10_Metas/14/18/20191014180200_00160.jpg,datasets_cloudmask/dataset_cropped/10_Metas/14/18/20191014180200_00160.png,61.4,316.4,28,24.3,956
10/14/2019 18:03,datasets/dataset_cropped/10_Metas/14/18/20191014180300_00160.jpg,datasets_flow/dataset_cropped/10_Metas/14/18/20191014180300_00160.jpg,datasets_cloudmask/dataset_cropped/10_Metas/14/18/20191014180300_00160.png,58.5,306.1,27.4,24.3,956
10/14/2019 18:04,datasets/dataset_cropped/10_Metas/14/18/20191014180400_00160.jpg,datasets_flow/dataset_cropped/10_Metas/14/18/20191014180400_00160.jpg,datasets_cloudmask/dataset_cropped/10_Metas/14/18/20191014180400_00160.png,55.9,297,26.6,24.2,957
10/14/2019 18:05,datasets/dataset_cropped/10_Metas/14/18/20191014180500_00160.jpg,datasets_flow/dataset_cropped/10_Metas/14/18/20191014180500_00160.jpg,datasets_cloudmask/dataset_cropped/10_Metas/14/18/20191014180500_00160.png,53.3,289.7,25.7,24.2,957
10/14/2019 18:06,datasets/dataset_cropped/10_Metas/14/18/20191014180600_00160.jpg,datasets_flow/dataset_cropped/10_Metas/14/18/20191014180600_00160.jpg,datasets_cloudmask/dataset_cropped/10_Metas/14/18/20191014180600_00160.png,50.9,284.3,24.8,24.2,957
10/14/2019 18:07,datasets/dataset_cropped/10_Metas/14/18/20191014180700_00160.jpg,datasets_flow/dataset_cropped/10_Metas/14/18/20191014180700_00160.jpg,datasets_cloudmask/dataset_cropped/10_Metas/14/18/20191014180700_00160.png,48.7,278,24.1,24.2,957
10/14/2019 18:08,datasets/dataset_cropped/10_Metas/14/18/20191014180800_00160.jpg,datasets_flow/dataset_cropped/10_Metas/14/18/20191014180800_00160.jpg,datasets_cloudmask/dataset_cropped/10_Metas/14/18/20191014180800_00160.png,46.4,270.6,23.4,24.1,957
10/14/2019 18:09,datasets/dataset_cropped/10_Metas/14/18/20191014180900_00160.jpg,datasets_flow/dataset_cropped/10_Metas/14/18/20191014180900_00160.jpg,datasets_cloudmask/dataset_cropped/10_Metas/14/18/20191014180900_00160.png,44.1,262.6,22.6,24.2,957
10/14/2019 18:10,datasets/dataset_cropped/10_Metas/14/18/20191014181000_00160.jpg,datasets_flow/dataset_cropped/10_Metas/14/18/20191014181000_00160.jpg,datasets_cloudmask/dataset_cropped/10_Metas/14/18/20191014181000_00160.png,41.6,253.7,21.7,24.1,957
10/14/2019 18:11,datasets/dataset_cropped/10_Metas/14/18/20191014181100_00160.jpg,datasets_flow/dataset_cropped/10_Metas/14/18/20191014181100_00160.jpg,datasets_cloudmask/dataset_cropped/10_Metas/14/18/20191014181100_00160.png,39.1,243.3,20.8,24.1,957
10/14/2019 18:12,datasets/dataset_cropped/10_Metas/14/18/20191014181200_00160.jpg,datasets_flow/dataset_cropped/10_Metas/14/18/20191014181200_00160.jpg,datasets_cloudmask/dataset_cropped/10_Metas/14/18/20191014181200_00160.png,36.6,230.4,20.1,24.1,957
10/14/2019 18:13,datasets/dataset_cropped/10_Metas/14/18/20191014181300_00160.jpg,datasets_flow/dataset_cropped/10_Metas/14/18/20191014181300_00160.jpg,datasets_cloudmask/dataset_cropped/10_Metas/14/18/20191014181300_00160.png,33.6,209.1,19.2,24.1,957
10/14/2019 18:14,datasets/dataset_cropped/10_Metas/14/18/20191014181400_00160.jpg,datasets_flow/dataset_cropped/10_Metas/14/18/20191014181400_00160.jpg,datasets_cloudmask/dataset_cropped/10_Metas/14/18/20191014181400_00160.png,30.3,182.2,18.4,24,957
10/14/2019 18:15,datasets/dataset_cropped/10_Metas/14/18/20191014181500_00160.jpg,datasets_flow/dataset_cropped/10_Metas/14/18/20191014181500_00160.jpg,datasets_cloudmask/dataset_cropped/10_Metas/14/18/20191014181500_00160.png,29.8,195.6,17.6,24,957
10/14/2019 18:16,datasets/dataset_cropped/10_Metas/14/18/20191014181600_00160.jpg,datasets_flow/dataset_cropped/10_Metas/14/18/20191014181600_00160.jpg,datasets_cloudmask/dataset_cropped/10_Metas/14/18/20191014181600_00160.png,27.4,179.3,16.8,23.9,957
10/14/2019 18:17,datasets/dataset_cropped/10_Metas/14/18/20191014181700_00160.jpg,datasets_flow/dataset_cropped/10_Metas/14/18/20191014181700_00160.jpg,datasets_cloudmask/dataset_cropped/10_Metas/14/18/20191014181700_00160.png,25,161.8,15.9,23.9,957
10/14/2019 18:18,datasets/dataset_cropped/10_Metas/14/18/20191014181800_00160.jpg,datasets_flow/dataset_cropped/10_Metas/14/18/20191014181800_00160.jpg,datasets_cloudmask/dataset_cropped/10_Metas/14/18/20191014181800_00160.png,22.8,145.8,15,23.9,957
10/14/2019 18:19,datasets/dataset_cropped/10_Metas/14/18/20191014181900_00160.jpg,datasets_flow/dataset_cropped/10_Metas/14/18/20191014181900_00160.jpg,datasets_cloudmask/dataset_cropped/10_Metas/14/18/20191014181900_00160.png,20.6,130.2,14,23.8,957
10/14/2019 18:20,datasets/dataset_cropped/10_Metas/14/18/20191014182000_00160.jpg,datasets_flow/dataset_cropped/10_Metas/14/18/20191014182000_00160.jpg,datasets_cloudmask/dataset_cropped/10_Metas/14/18/20191014182000_00160.png,15.9,56.3,13,23.9,957
10/14/2019 18:21,datasets/dataset_cropped/10_Metas/14/18/20191014182100_00160.jpg,datasets_flow/dataset_cropped/10_Metas/14/18/20191014182100_00160.jpg,datasets_cloudmask/dataset_cropped/10_Metas/14/18/20191014182100_00160.png,12.3,2.3,11.9,23.8,957
10/14/2019 18:22,datasets/dataset_cropped/10_Metas/14/18/20191014182200_00160.jpg,datasets_flow/dataset_cropped/10_Metas/14/18/20191014182200_00160.jpg,datasets_cloudmask/dataset_cropped/10_Metas/14/18/20191014182200_00160.png,11.4,0,11.1,23.7,957
10/14/2019 18:23,datasets/dataset_cropped/10_Metas/14/18/20191014182300_00160.jpg,datasets_flow/dataset_cropped/10_Metas/14/18/20191014182300_00160.jpg,datasets_cloudmask/dataset_cropped/10_Metas/14/18/20191014182300_00160.png,10.6,0,10.3,23.7,957
10/14/2019 18:24,datasets/dataset_cropped/10_Metas/14/18/20191014182400_00160.jpg,datasets_flow/dataset_cropped/10_Metas/14/18/20191014182400_00160.jpg,datasets_cloudmask/dataset_cropped/10_Metas/14/18/20191014182400_00160.png,9.8,0,9.6,23.6,957
10/14/2019 18:25,datasets/dataset_cropped/10_Metas/14/18/20191014182500_00160.jpg,datasets_flow/dataset_cropped/10_Metas/14/18/20191014182500_00160.jpg,datasets_cloudmask/dataset_cropped/10_Metas/14/18/20191014182500_00160.png,9.1,0,8.8,23.6,957
10/14/2019 18:26,datasets/dataset_cropped/10_Metas/14/18/20191014182600_00160.jpg,datasets_flow/dataset_cropped/10_Metas/14/18/20191014182600_00160.jpg,datasets_cloudmask/dataset_cropped/10_Metas/14/18/20191014182600_00160.png,8.4,0,8.1,23.6,957
10/14/2019 18:27,datasets/dataset_cropped/10_Metas/14/18/20191014182700_00160.jpg,datasets_flow/dataset_cropped/10_Metas/14/18/20191014182700_00160.jpg,datasets_cloudmask/dataset_cropped/10_Metas/14/18/20191014182700_00160.png,7.7,0,7.4,23.5,957
10/14/2019 18:28,datasets/dataset_cropped/10_Metas/14/18/20191014182800_00160.jpg,datasets_flow/dataset_cropped/10_Metas/14/18/20191014182800_00160.jpg,datasets_cloudmask/dataset_cropped/10_Metas/14/18/20191014182800_00160.png,7,0,6.7,23.5,957
10/14/2019 18:29,datasets/dataset_cropped/10_Metas/14/18/20191014182900_00160.jpg,datasets_flow/dataset_cropped/10_Metas/14/18/20191014182900_00160.jpg,datasets_cloudmask/dataset_cropped/10_Metas/14/18/20191014182900_00160.png,6.3,0,6.1,23.5,957
10/14/2019 18:30,datasets/dataset_cropped/10_Metas/14/18/20191014183000_00160.jpg,datasets_flow/dataset_cropped/10_Metas/14/18/20191014183000_00160.jpg,datasets_cloudmask/dataset_cropped/10_Metas/14/18/20191014183000_00160.png,5.8,0,5.5,23.5,957
10/14/2019 18:31,datasets/dataset_cropped/10_Metas/14/18/20191014183100_00160.jpg,datasets_flow/dataset_cropped/10_Metas/14/18/20191014183100_00160.jpg,datasets_cloudmask/dataset_cropped/10_Metas/14/18/20191014183100_00160.png,5.3,0,5,23.5,957
10/14/2019 18:32,datasets/dataset_cropped/10_Metas/14/18/20191014183200_00160.jpg,datasets_flow/dataset_cropped/10_Metas/14/18/20191014183200_00160.jpg,datasets_cloudmask/dataset_cropped/10_Metas/14/18/20191014183200_00160.png,4.6,0,4.4,23.4,957
10/14/2019 18:33,datasets/dataset_cropped/10_Metas/14/18/20191014183300_00160.jpg,datasets_flow/dataset_cropped/10_Metas/14/18/20191014183300_00160.jpg,datasets_cloudmask/dataset_cropped/10_Metas/14/18/20191014183300_00160.png,3.8,0,3.6,23.4,957
10/15/2019 7:18,datasets/dataset_cropped/10_Metas/15/07/20191015071830_00160.jpg,datasets_flow/dataset_cropped/10_Metas/15/07/20191015071830_00160.jpg,datasets_cloudmask/dataset_cropped/10_Metas/15/07/20191015071830_00160.png,3.9,0.1,3.8,12.2,962
10/15/2019 7:19,datasets/dataset_cropped/10_Metas/15/07/20191015071900_00160.jpg,datasets_flow/dataset_cropped/10_Metas/15/07/20191015071900_00160.jpg,datasets_cloudmask/dataset_cropped/10_Metas/15/07/20191015071900_00160.png,3.9,0.1,3.8,12.2,962
10/15/2019 7:20,datasets/dataset_cropped/10_Metas/15/07/20191015072000_00160.jpg,datasets_flow/dataset_cropped/10_Metas/15/07/20191015072000_00160.jpg,datasets_cloudmask/dataset_cropped/10_Metas/15/07/20191015072000_00160.png,4.4,0.1,4.4,12.2,962
10/15/2019 7:21,datasets/dataset_cropped/10_Metas/15/07/20191015072100_00160.jpg,datasets_flow/dataset_cropped/10_Metas/15/07/20191015072100_00160.jpg,datasets_cloudmask/dataset_cropped/10_Metas/15/07/20191015072100_00160.png,5,0.3,5,12.2,962
10/15/2019 7:22,datasets/dataset_cropped/10_Metas/15/07/20191015072200_00160.jpg,datasets_flow/dataset_cropped/10_Metas/15/07/20191015072200_00160.jpg,datasets_cloudmask/dataset_cropped/10_Metas/15/07/20191015072200_00160.png,5.7,0.7,5.7,12.3,962
10/15/2019 7:23,datasets/dataset_cropped/10_Metas/15/07/20191015072300_00160.jpg,datasets_flow/dataset_cropped/10_Metas/15/07/20191015072300_00160.jpg,datasets_cloudmask/dataset_cropped/10_Metas/15/07/20191015072300_00160.png,6.8,24.3,6.3,12.5,962
10/15/2019 7:24,datasets/dataset_cropped/10_Metas/15/07/20191015072400_00160.jpg,datasets_flow/dataset_cropped/10_Metas/15/07/20191015072400_00160.jpg,datasets_cloudmask/dataset_cropped/10_Metas/15/07/20191015072400_00160.png,8.6,87.5,6.9,12.6,962
10/15/2019 7:25,datasets/dataset_cropped/10_Metas/15/07/20191015072500_00160.jpg,datasets_flow/dataset_cropped/10_Metas/15/07/20191015072500_00160.jpg,datasets_cloudmask/dataset_cropped/10_Metas/15/07/20191015072500_00160.png,10.4,126,7.6,12.7,962
10/15/2019 7:26,datasets/dataset_cropped/10_Metas/15/07/20191015072600_00160.jpg,datasets_flow/dataset_cropped/10_Metas/15/07/20191015072600_00160.jpg,datasets_cloudmask/dataset_cropped/10_Metas/15/07/20191015072600_00160.png,11.9,143.7,8.4,12.7,962
10/15/2019 7:27,datasets/dataset_cropped/10_Metas/15/07/20191015072700_00160.jpg,datasets_flow/dataset_cropped/10_Metas/15/07/20191015072700_00160.jpg,datasets_cloudmask/dataset_cropped/10_Metas/15/07/20191015072700_00160.png,13.6,160.6,9.2,12.7,962
10/15/2019 7:28,datasets/dataset_cropped/10_Metas/15/07/20191015072800_00160.jpg,datasets_flow/dataset_cropped/10_Metas/15/07/20191015072800_00160.jpg,datasets_cloudmask/dataset_cropped/10_Metas/15/07/20191015072800_00160.png,15.2,174.9,9.9,12.7,962
10/15/2019 7:29,datasets/dataset_cropped/10_Metas/15/07/20191015072900_00160.jpg,datasets_flow/dataset_cropped/10_Metas/15/07/20191015072900_00160.jpg,datasets_cloudmask/dataset_cropped/10_Metas/15/07/20191015072900_00160.png,16.5,177.7,10.6,12.6,962
10/15/2019 7:30,datasets/dataset_cropped/10_Metas/15/07/20191015073000_00160.jpg,datasets_flow/dataset_cropped/10_Metas/15/07/20191015073000_00160.jpg,datasets_cloudmask/dataset_cropped/10_Metas/15/07/20191015073000_00160.png,16.7,154.9,11.2,12.6,962
10/15/2019 7:31,datasets/dataset_cropped/10_Metas/15/07/20191015073100_00160.jpg,datasets_flow/dataset_cropped/10_Metas/15/07/20191015073100_00160.jpg,datasets_cloudmask/dataset_cropped/10_Metas/15/07/20191015073100_00160.png,16.7,125.6,11.9,12.6,962
10/15/2019 7:32,datasets/dataset_cropped/10_Metas/15/07/20191015073200_00160.jpg,datasets_flow/dataset_cropped/10_Metas/15/07/20191015073200_00160.jpg,datasets_cloudmask/dataset_cropped/10_Metas/15/07/20191015073200_00160.png,17.8,124.9,12.6,12.6,962
10/15/2019 7:33,datasets/dataset_cropped/10_Metas/15/07/20191015073300_00160.jpg,datasets_flow/dataset_cropped/10_Metas/15/07/20191015073300_00160.jpg,datasets_cloudmask/dataset_cropped/10_Metas/15/07/20191015073300_00160.png,22,185.4,13.3,12.6,962
10/15/2019 7:34,datasets/dataset_cropped/10_Metas/15/07/20191015073400_00160.jpg,datasets_flow/dataset_cropped/10_Metas/15/07/20191015073400_00160.jpg,datasets_cloudmask/dataset_cropped/10_Metas/15/07/20191015073400_00160.png,26.8,259.1,13.8,12.7,962
10/15/2019 7:35,datasets/dataset_cropped/10_Metas/15/07/20191015073500_00160.jpg,datasets_flow/dataset_cropped/10_Metas/15/07/20191015073500_00160.jpg,datasets_cloudmask/dataset_cropped/10_Metas/15/07/20191015073500_00160.png,29.6,286.7,14.4,12.7,962
10/15/2019 7:36,datasets/dataset_cropped/10_Metas/15/07/20191015073600_00160.jpg,datasets_flow/dataset_cropped/10_Metas/15/07/20191015073600_00160.jpg,datasets_cloudmask/dataset_cropped/10_Metas/15/07/20191015073600_00160.png,32,299,15.2,12.7,962
10/15/2019 7:37,datasets/dataset_cropped/10_Metas/15/07/20191015073700_00160.jpg,datasets_flow/dataset_cropped/10_Metas/15/07/20191015073700_00160.jpg,datasets_cloudmask/dataset_cropped/10_Metas/15/07/20191015073700_00160.png,34.5,311.9,16,12.8,962
10/15/2019 7:38,datasets/dataset_cropped/10_Metas/15/07/20191015073800_00160.jpg,datasets_flow/dataset_cropped/10_Metas/15/07/20191015073800_00160.jpg,datasets_cloudmask/dataset_cropped/10_Metas/15/07/20191015073800_00160.png,37,323.3,16.8,12.8,962
10/15/2019 7:39,datasets/dataset_cropped/10_Metas/15/07/20191015073900_00160.jpg,datasets_flow/dataset_cropped/10_Metas/15/07/20191015073900_00160.jpg,datasets_cloudmask/dataset_cropped/10_Metas/15/07/20191015073900_00160.png,39.4,333.1,17.5,12.9,962
10/15/2019 7:40,datasets/dataset_cropped/10_Metas/15/07/20191015074000_00160.jpg,datasets_flow/dataset_cropped/10_Metas/15/07/20191015074000_00160.jpg,datasets_cloudmask/dataset_cropped/10_Metas/15/07/20191015074000_00160.png,42,345.1,18.2,12.9,962
10/15/2019 7:41,datasets/dataset_cropped/10_Metas/15/07/20191015074100_00160.jpg,datasets_flow/dataset_cropped/10_Metas/15/07/20191015074100_00160.jpg,datasets_cloudmask/dataset_cropped/10_Metas/15/07/20191015074100_00160.png,44.8,359.8,18.8,12.9,962
10/15/2019 7:42,datasets/dataset_cropped/10_Metas/15/07/20191015074200_00160.jpg,datasets_flow/dataset_cropped/10_Metas/15/07/20191015074200_00160.jpg,datasets_cloudmask/dataset_cropped/10_Metas/15/07/20191015074200_00160.png,47.8,375.4,19.3,13,962
10/15/2019 7:43,datasets/dataset_cropped/10_Metas/15/07/20191015074300_00160.jpg,datasets_flow/dataset_cropped/10_Metas/15/07/20191015074300_00160.jpg,datasets_cloudmask/dataset_cropped/10_Metas/15/07/20191015074300_00160.png,47.8,355.2,19.7,13,962
10/15/2019 7:44,datasets/dataset_cropped/10_Metas/15/07/20191015074400_00160.jpg,datasets_flow/dataset_cropped/10_Metas/15/07/20191015074400_00160.jpg,datasets_cloudmask/dataset_cropped/10_Metas/15/07/20191015074400_00160.png,42.5,272.5,20.2,13,962
10/15/2019 7:45,datasets/dataset_cropped/10_Metas/15/07/20191015074500_00160.jpg,datasets_flow/dataset_cropped/10_Metas/15/07/20191015074500_00160.jpg,datasets_cloudmask/dataset_cropped/10_Metas/15/07/20191015074500_00160.png,40.3,227.1,20.8,12.7,962
10/15/2019 7:46,datasets/dataset_cropped/10_Metas/15/07/20191015074600_00160.jpg,datasets_flow/dataset_cropped/10_Metas/15/07/20191015074600_00160.jpg,datasets_cloudmask/dataset_cropped/10_Metas/15/07/20191015074600_00160.png,42,230.4,21.4,12.4,962
10/15/2019 7:47,datasets/dataset_cropped/10_Metas/15/07/20191015074700_00160.jpg,datasets_flow/dataset_cropped/10_Metas/15/07/20191015074700_00160.jpg,datasets_cloudmask/dataset_cropped/10_Metas/15/07/20191015074700_00160.png,52.2,326.3,22.2,12.5,962
10/15/2019 7:48,datasets/dataset_cropped/10_Metas/15/07/20191015074800_00160.jpg,datasets_flow/dataset_cropped/10_Metas/15/07/20191015074800_00160.jpg,datasets_cloudmask/dataset_cropped/10_Metas/15/07/20191015074800_00160.png,45.7,245.5,22.8,12.8,962
10/15/2019 7:49,datasets/dataset_cropped/10_Metas/15/07/20191015074900_00160.jpg,datasets_flow/dataset_cropped/10_Metas/15/07/20191015074900_00160.jpg,datasets_cloudmask/dataset_cropped/10_Metas/15/07/20191015074900_00160.png,40,165.6,23.8,12.9,962
10/15/2019 7:50,datasets/dataset_cropped/10_Metas/15/07/20191015075000_00160.jpg,datasets_flow/dataset_cropped/10_Metas/15/07/20191015075000_00160.jpg,datasets_cloudmask/dataset_cropped/10_Metas/15/07/20191015075000_00160.png,60.1,344.4,25.1,12.9,962
10/15/2019 7:51,datasets/dataset_cropped/10_Metas/15/07/20191015075100_00160.jpg,datasets_flow/dataset_cropped/10_Metas/15/07/20191015075100_00160.jpg,datasets_cloudmask/dataset_cropped/10_Metas/15/07/20191015075100_00160.png,70.2,423.5,26.1,13,962
10/15/2019 7:52,datasets/dataset_cropped/10_Metas/15/07/20191015075200_00160.jpg,datasets_flow/dataset_cropped/10_Metas/15/07/20191015075200_00160.jpg,datasets_cloudmask/dataset_cropped/10_Metas/15/07/20191015075200_00160.png,76.8,465.2,26.8,13.1,962
10/15/2019 7:53,datasets/dataset_cropped/10_Metas/15/07/20191015075300_00160.jpg,datasets_flow/dataset_cropped/10_Metas/15/07/20191015075300_00160.jpg,datasets_cloudmask/dataset_cropped/10_Metas/15/07/20191015075300_00160.png,78.7,463.5,27.4,13.2,962
10/15/2019 7:54,datasets/dataset_cropped/10_Metas/15/07/20191015075400_00160.jpg,datasets_flow/dataset_cropped/10_Metas/15/07/20191015075400_00160.jpg,datasets_cloudmask/dataset_cropped/10_Metas/15/07/20191015075400_00160.png,78.6,444.2,28,13.4,962
10/15/2019 7:55,datasets/dataset_cropped/10_Metas/15/07/20191015075500_00160.jpg,datasets_flow/dataset_cropped/10_Metas/15/07/20191015075500_00160.jpg,datasets_cloudmask/dataset_cropped/10_Metas/15/07/20191015075500_00160.png,85.8,487.9,28.6,13.4,962
10/15/2019 7:56,datasets/dataset_cropped/10_Metas/15/07/20191015075600_00160.jpg,datasets_flow/dataset_cropped/10_Metas/15/07/20191015075600_00160.jpg,datasets_cloudmask/dataset_cropped/10_Metas/15/07/20191015075600_00160.png,90.3,507.2,29.1,13.5,962
10/15/2019 7:57,datasets/dataset_cropped/10_Metas/15/07/20191015075700_00160.jpg,datasets_flow/dataset_cropped/10_Metas/15/07/20191015075700_00160.jpg,datasets_cloudmask/dataset_cropped/10_Metas/15/07/20191015075700_00160.png,93.1,511.9,29.6,13.5,962
10/15/2019 7:58,datasets/dataset_cropped/10_Metas/15/07/20191015075800_00160.jpg,datasets_flow/dataset_cropped/10_Metas/15/07/20191015075800_00160.jpg,datasets_cloudmask/dataset_cropped/10_Metas/15/07/20191015075800_00160.png,96,517.9,30,13.6,962
10/15/2019 7:59,datasets/dataset_cropped/10_Metas/15/07/20191015075900_00160.jpg,datasets_flow/dataset_cropped/10_Metas/15/07/20191015075900_00160.jpg,datasets_cloudmask/dataset_cropped/10_Metas/15/07/20191015075900_00160.png,99.2,525.2,30.4,13.6,962
10/15/2019 8:00,datasets/dataset_cropped/10_Metas/15/08/20191015080000_00160.jpg,datasets_flow/dataset_cropped/10_Metas/15/08/20191015080000_00160.jpg,datasets_cloudmask/dataset_cropped/10_Metas/15/08/20191015080000_00160.png,102.3,531.2,30.9,13.5,962
10/15/2019 8:01,datasets/dataset_cropped/10_Metas/15/08/20191015080100_00160.jpg,datasets_flow/dataset_cropped/10_Metas/15/08/20191015080100_00160.jpg,datasets_cloudmask/dataset_cropped/10_Metas/15/08/20191015080100_00160.png,105.4,537.8,31.4,13.4,962
10/15/2019 8:02,datasets/dataset_cropped/10_Metas/15/08/20191015080200_00160.jpg,datasets_flow/dataset_cropped/10_Metas/15/08/20191015080200_00160.jpg,datasets_cloudmask/dataset_cropped/10_Metas/15/08/20191015080200_00160.png,108.4,543,31.7,13.3,962
10/15/2019 8:03,datasets/dataset_cropped/10_Metas/15/08/20191015080300_00160.jpg,datasets_flow/dataset_cropped/10_Metas/15/08/20191015080300_00160.jpg,datasets_cloudmask/dataset_cropped/10_Metas/15/08/20191015080300_00160.png,111.6,549.2,32.2,13.2,962
10/15/2019 8:04,datasets/dataset_cropped/10_Metas/15/08/20191015080400_00160.jpg,datasets_flow/dataset_cropped/10_Metas/15/08/20191015080400_00160.jpg,datasets_cloudmask/dataset_cropped/10_Metas/15/08/20191015080400_00160.png,115,557.3,32.6,13.2,962
10/15/2019 8:05,datasets/dataset_cropped/10_Metas/15/08/20191015080500_00160.jpg,datasets_flow/dataset_cropped/10_Metas/15/08/20191015080500_00160.jpg,datasets_cloudmask/dataset_cropped/10_Metas/15/08/20191015080500_00160.png,118.6,565.5,33.1,13.3,962
10/15/2019 8:06,datasets/dataset_cropped/10_Metas/15/08/20191015080600_00160.jpg,datasets_flow/dataset_cropped/10_Metas/15/08/20191015080600_00160.jpg,datasets_cloudmask/dataset_cropped/10_Metas/15/08/20191015080600_00160.png,122,572.1,33.6,13.4,962
10/15/2019 8:07,datasets/dataset_cropped/10_Metas/15/08/20191015080700_00160.jpg,datasets_flow/dataset_cropped/10_Metas/15/08/20191015080700_00160.jpg,datasets_cloudmask/dataset_cropped/10_Metas/15/08/20191015080700_00160.png,125.5,579.4,34.1,13.5,963
10/15/2019 8:08,datasets/dataset_cropped/10_Metas/15/08/20191015080800_00160.jpg,datasets_flow/dataset_cropped/10_Metas/15/08/20191015080800_00160.jpg,datasets_cloudmask/dataset_cropped/10_Metas/15/08/20191015080800_00160.png,128.9,585,34.6,13.6,963
10/15/2019 8:09,datasets/dataset_cropped/10_Metas/15/08/20191015080900_00160.jpg,datasets_flow/dataset_cropped/10_Metas/15/08/20191015080900_00160.jpg,datasets_cloudmask/dataset_cropped/10_Metas/15/08/20191015080900_00160.png,132.6,591.7,35.1,13.7,963
10/15/2019 8:10,datasets/dataset_cropped/10_Metas/15/08/20191015081000_00160.jpg,datasets_flow/dataset_cropped/10_Metas/15/08/20191015081000_00160.jpg,datasets_cloudmask/dataset_cropped/10_Metas/15/08/20191015081000_00160.png,136.2,599.1,35.6,13.8,963
10/15/2019 8:11,datasets/dataset_cropped/10_Metas/15/08/20191015081100_00160.jpg,datasets_flow/dataset_cropped/10_Metas/15/08/20191015081100_00160.jpg,datasets_cloudmask/dataset_cropped/10_Metas/15/08/20191015081100_00160.png,139.4,604.7,36.1,13.9,962
10/15/2019 8:12,datasets/dataset_cropped/10_Metas/15/08/20191015081200_00160.jpg,datasets_flow/dataset_cropped/10_Metas/15/08/20191015081200_00160.jpg,datasets_cloudmask/dataset_cropped/10_Metas/15/08/20191015081200_00160.png,142.6,610,36.5,14,963
10/15/2019 8:13,datasets/dataset_cropped/10_Metas/15/08/20191015081300_00160.jpg,datasets_flow/dataset_cropped/10_Metas/15/08/20191015081300_00160.jpg,datasets_cloudmask/dataset_cropped/10_Metas/15/08/20191015081300_00160.png,145.9,615.5,37,14.1,963
10/15/2019 8:14,datasets/dataset_cropped/10_Metas/15/08/20191015081400_00160.jpg,datasets_flow/dataset_cropped/10_Metas/15/08/20191015081400_00160.jpg,datasets_cloudmask/dataset_cropped/10_Metas/15/08/20191015081400_00160.png,149.4,621.1,37.5,14.2,963
10/15/2019 8:15,datasets/dataset_cropped/10_Metas/15/08/20191015081500_00160.jpg,datasets_flow/dataset_cropped/10_Metas/15/08/20191015081500_00160.jpg,datasets_cloudmask/dataset_cropped/10_Metas/15/08/20191015081500_00160.png,152.4,624.3,37.8,14.2,963
10/15/2019 8:16,datasets/dataset_cropped/10_Metas/15/08/20191015081600_00160.jpg,datasets_flow/dataset_cropped/10_Metas/15/08/20191015081600_00160.jpg,datasets_cloudmask/dataset_cropped/10_Metas/15/08/20191015081600_00160.png,155.7,629.2,38.2,14.2,963
10/15/2019 8:17,datasets/dataset_cropped/10_Metas/15/08/20191015081700_00160.jpg,datasets_flow/dataset_cropped/10_Metas/15/08/20191015081700_00160.jpg,datasets_cloudmask/dataset_cropped/10_Metas/15/08/20191015081700_00160.png,159.1,633.7,38.7,14.2,963
10/15/2019 8:18,datasets/dataset_cropped/10_Metas/15/08/20191015081800_00160.jpg,datasets_flow/dataset_cropped/10_Metas/15/08/20191015081800_00160.jpg,datasets_cloudmask/dataset_cropped/10_Metas/15/08/20191015081800_00160.png,162.4,638.2,39.1,14.2,963
10/15/2019 8:19,datasets/dataset_cropped/10_Metas/15/08/20191015081900_00160.jpg,datasets_flow/dataset_cropped/10_Metas/15/08/20191015081900_00160.jpg,datasets_cloudmask/dataset_cropped/10_Metas/15/08/20191015081900_00160.png,165.8,643.1,39.5,14.3,963
10/15/2019 8:20,datasets/dataset_cropped/10_Metas/15/08/20191015082000_00160.jpg,datasets_flow/dataset_cropped/10_Metas/15/08/20191015082000_00160.jpg,datasets_cloudmask/dataset_cropped/10_Metas/15/08/20191015082000_00160.png,169.1,647.4,39.8,14.4,963
10/15/2019 8:21,datasets/dataset_cropped/10_Metas/15/08/20191015082100_00160.jpg,datasets_flow/dataset_cropped/10_Metas/15/08/20191015082100_00160.jpg,datasets_cloudmask/dataset_cropped/10_Metas/15/08/20191015082100_00160.png,172.5,652.2,40.2,14.5,963
10/15/2019 8:22,datasets/dataset_cropped/10_Metas/15/08/20191015082200_00160.jpg,datasets_flow/dataset_cropped/10_Metas/15/08/20191015082200_00160.jpg,datasets_cloudmask/dataset_cropped/10_Metas/15/08/20191015082200_00160.png,176.1,657.7,40.6,14.6,963
10/15/2019 8:23,datasets/dataset_cropped/10_Metas/15/08/20191015082300_00160.jpg,datasets_flow/dataset_cropped/10_Metas/15/08/20191015082300_00160.jpg,datasets_cloudmask/dataset_cropped/10_Metas/15/08/20191015082300_00160.png,179.5,661.9,41,14.7,963
10/15/2019 8:24,datasets/dataset_cropped/10_Metas/15/08/20191015082400_00160.jpg,datasets_flow/dataset_cropped/10_Metas/15/08/20191015082400_00160.jpg,datasets_cloudmask/dataset_cropped/10_Metas/15/08/20191015082400_00160.png,182.8,666.2,41.3,14.8,963
10/15/2019 8:25,datasets/dataset_cropped/10_Metas/15/08/20191015082500_00160.jpg,datasets_flow/dataset_cropped/10_Metas/15/08/20191015082500_00160.jpg,datasets_cloudmask/dataset_cropped/10_Metas/15/08/20191015082500_00160.png,186.1,670.7,41.6,14.8,963
10/15/2019 8:26,datasets/dataset_cropped/10_Metas/15/08/20191015082600_00160.jpg,datasets_flow/dataset_cropped/10_Metas/15/08/20191015082600_00160.jpg,datasets_cloudmask/dataset_cropped/10_Metas/15/08/20191015082600_00160.png,189.7,675.5,42,14.8,963
10/15/2019 8:27,datasets/dataset_cropped/10_Metas/15/08/20191015082700_00160.jpg,datasets_flow/dataset_cropped/10_Metas/15/08/20191015082700_00160.jpg,datasets_cloudmask/dataset_cropped/10_Metas/15/08/20191015082700_00160.png,193.1,679.5,42.3,14.9,963
10/15/2019 8:28,datasets/dataset_cropped/10_Metas/15/08/20191015082800_00160.jpg,datasets_flow/dataset_cropped/10_Metas/15/08/20191015082800_00160.jpg,datasets_cloudmask/dataset_cropped/10_Metas/15/08/20191015082800_00160.png,196.5,683.7,42.7,14.8,963
10/15/2019 8:29,datasets/dataset_cropped/10_Metas/15/08/20191015082900_00160.jpg,datasets_flow/dataset_cropped/10_Metas/15/08/20191015082900_00160.jpg,datasets_cloudmask/dataset_cropped/10_Metas/15/08/20191015082900_00160.png,199.8,687.1,43.1,14.8,963
10/15/2019 8:30,datasets/dataset_cropped/10_Metas/15/08/20191015083000_00160.jpg,datasets_flow/dataset_cropped/10_Metas/15/08/20191015083000_00160.jpg,datasets_cloudmask/dataset_cropped/10_Metas/15/08/20191015083000_00160.png,203.1,690.5,43.4,14.7,963
10/15/2019 8:31,datasets/dataset_cropped/10_Metas/15/08/20191015083100_00160.jpg,datasets_flow/dataset_cropped/10_Metas/15/08/20191015083100_00160.jpg,datasets_cloudmask/dataset_cropped/10_Metas/15/08/20191015083100_00160.png,206.6,694.9,43.8,14.8,963
10/15/2019 8:32,datasets/dataset_cropped/10_Metas/15/08/20191015083200_00160.jpg,datasets_flow/dataset_cropped/10_Metas/15/08/20191015083200_00160.jpg,datasets_cloudmask/dataset_cropped/10_Metas/15/08/20191015083200_00160.png,210.2,699.5,44.1,14.7,963
10/15/2019 8:33,datasets/dataset_cropped/10_Metas/15/08/20191015083300_00160.jpg,datasets_flow/dataset_cropped/10_Metas/15/08/20191015083300_00160.jpg,datasets_cloudmask/dataset_cropped/10_Metas/15/08/20191015083300_00160.png,213.6,702.9,44.3,14.6,963
10/15/2019 8:34,datasets/dataset_cropped/10_Metas/15/08/20191015083400_00160.jpg,datasets_flow/dataset_cropped/10_Metas/15/08/20191015083400_00160.jpg,datasets_cloudmask/dataset_cropped/10_Metas/15/08/20191015083400_00160.png,217.2,707.3,44.7,14.5,963
10/15/2019 8:35,datasets/dataset_cropped/10_Metas/15/08/20191015083500_00160.jpg,datasets_flow/dataset_cropped/10_Metas/15/08/20191015083500_00160.jpg,datasets_cloudmask/dataset_cropped/10_Metas/15/08/20191015083500_00160.png,220.9,711.8,45.1,14.5,963
10/15/2019 8:36,datasets/dataset_cropped/10_Metas/15/08/20191015083600_00160.jpg,datasets_flow/dataset_cropped/10_Metas/15/08/20191015083600_00160.jpg,datasets_cloudmask/dataset_cropped/10_Metas/15/08/20191015083600_00160.png,224.5,716.4,45.4,14.6,963
10/15/2019 8:37,datasets/dataset_cropped/10_Metas/15/08/20191015083700_00160.jpg,datasets_flow/dataset_cropped/10_Metas/15/08/20191015083700_00160.jpg,datasets_cloudmask/dataset_cropped/10_Metas/15/08/20191015083700_00160.png,228.1,720.5,45.7,14.6,963
10/15/2019 8:38,datasets/dataset_cropped/10_Metas/15/08/20191015083800_00160.jpg,datasets_flow/dataset_cropped/10_Metas/15/08/20191015083800_00160.jpg,datasets_cloudmask/dataset_cropped/10_Metas/15/08/20191015083800_00160.png,231.7,724.6,46.1,14.8,963
10/15/2019 8:39,datasets/dataset_cropped/10_Metas/15/08/20191015083900_00160.jpg,datasets_flow/dataset_cropped/10_Metas/15/08/20191015083900_00160.jpg,datasets_cloudmask/dataset_cropped/10_Metas/15/08/20191015083900_00160.png,235.3,728.6,46.4,14.7,963
10/15/2019 8:40,datasets/dataset_cropped/10_Metas/15/08/20191015084000_00160.jpg,datasets_flow/dataset_cropped/10_Metas/15/08/20191015084000_00160.jpg,datasets_cloudmask/dataset_cropped/10_Metas/15/08/20191015084000_00160.png,238.7,732.5,46.6,14.8,963
10/15/2019 8:41,datasets/dataset_cropped/10_Metas/15/08/20191015084100_00160.jpg,datasets_flow/dataset_cropped/10_Metas/15/08/20191015084100_00160.jpg,datasets_cloudmask/dataset_cropped/10_Metas/15/08/20191015084100_00160.png,242.2,736.3,46.9,14.8,963
10/15/2019 8:42,datasets/dataset_cropped/10_Metas/15/08/20191015084200_00160.jpg,datasets_flow/dataset_cropped/10_Metas/15/08/20191015084200_00160.jpg,datasets_cloudmask/dataset_cropped/10_Metas/15/08/20191015084200_00160.png,245.7,739.2,47.2,15,963
10/15/2019 8:43,datasets/dataset_cropped/10_Metas/15/08/20191015084300_00160.jpg,datasets_flow/dataset_cropped/10_Metas/15/08/20191015084300_00160.jpg,datasets_cloudmask/dataset_cropped/10_Metas/15/08/20191015084300_00160.png,249.1,742.5,47.5,15.1,963
10/15/2019 8:44,datasets/dataset_cropped/10_Metas/15/08/20191015084400_00160.jpg,datasets_flow/dataset_cropped/10_Metas/15/08/20191015084400_00160.jpg,datasets_cloudmask/dataset_cropped/10_Metas/15/08/20191015084400_00160.png,252.6,745.5,47.9,15.3,963
10/15/2019 8:45,datasets/dataset_cropped/10_Metas/15/08/20191015084500_00160.jpg,datasets_flow/dataset_cropped/10_Metas/15/08/20191015084500_00160.jpg,datasets_cloudmask/dataset_cropped/10_Metas/15/08/20191015084500_00160.png,256.3,749.7,48.2,15.4,963
10/15/2019 8:46,datasets/dataset_cropped/10_Metas/15/08/20191015084600_00160.jpg,datasets_flow/dataset_cropped/10_Metas/15/08/20191015084600_00160.jpg,datasets_cloudmask/dataset_cropped/10_Metas/15/08/20191015084600_00160.png,259.9,753.7,48.6,15.6,963
10/15/2019 8:47,datasets/dataset_cropped/10_Metas/15/08/20191015084700_00160.jpg,datasets_flow/dataset_cropped/10_Metas/15/08/20191015084700_00160.jpg,datasets_cloudmask/dataset_cropped/10_Metas/15/08/20191015084700_00160.png,263.5,757.3,48.8,15.6,963
10/15/2019 8:48,datasets/dataset_cropped/10_Metas/15/08/20191015084800_00160.jpg,datasets_flow/dataset_cropped/10_Metas/15/08/20191015084800_00160.jpg,datasets_cloudmask/dataset_cropped/10_Metas/15/08/20191015084800_00160.png,266.8,760,49.1,15.7,963
10/15/2019 8:49,datasets/dataset_cropped/10_Metas/15/08/20191015084900_00160.jpg,datasets_flow/dataset_cropped/10_Metas/15/08/20191015084900_00160.jpg,datasets_cloudmask/dataset_cropped/10_Metas/15/08/20191015084900_00160.png,270.3,763.1,49.5,15.7,963
10/15/2019 8:50,datasets/dataset_cropped/10_Metas/15/08/20191015085000_00160.jpg,datasets_flow/dataset_cropped/10_Metas/15/08/20191015085000_00160.jpg,datasets_cloudmask/dataset_cropped/10_Metas/15/08/20191015085000_00160.png,273.7,766.2,49.8,15.8,963
10/15/2019 8:51,datasets/dataset_cropped/10_Metas/15/08/20191015085100_00160.jpg,datasets_flow/dataset_cropped/10_Metas/15/08/20191015085100_00160.jpg,datasets_cloudmask/dataset_cropped/10_Metas/15/08/20191015085100_00160.png,276.8,768.2,50,15.7,963
10/15/2019 8:52,datasets/dataset_cropped/10_Metas/15/08/20191015085200_00160.jpg,datasets_flow/dataset_cropped/10_Metas/15/08/20191015085200_00160.jpg,datasets_cloudmask/dataset_cropped/10_Metas/15/08/20191015085200_00160.png,280.2,771,50.1,15.7,963
10/15/2019 8:53,datasets/dataset_cropped/10_Metas/15/08/20191015085300_00160.jpg,datasets_flow/dataset_cropped/10_Metas/15/08/20191015085300_00160.jpg,datasets_cloudmask/dataset_cropped/10_Metas/15/08/20191015085300_00160.png,283.8,773.6,50.3,15.7,963
10/15/2019 8:54,datasets/dataset_cropped/10_Metas/15/08/20191015085400_00160.jpg,datasets_flow/dataset_cropped/10_Metas/15/08/20191015085400_00160.jpg,datasets_cloudmask/dataset_cropped/10_Metas/15/08/20191015085400_00160.png,287.2,776.1,50.6,15.7,963
10/15/2019 8:55,datasets/dataset_cropped/10_Metas/15/08/20191015085500_00160.jpg,datasets_flow/dataset_cropped/10_Metas/15/08/20191015085500_00160.jpg,datasets_cloudmask/dataset_cropped/10_Metas/15/08/20191015085500_00160.png,290.5,778.5,50.9,15.7,963
10/15/2019 8:56,datasets/dataset_cropped/10_Metas/15/08/20191015085600_00160.jpg,datasets_flow/dataset_cropped/10_Metas/15/08/20191015085600_00160.jpg,datasets_cloudmask/dataset_cropped/10_Metas/15/08/20191015085600_00160.png,293.9,781,51.1,15.8,963
10/15/2019 8:57,datasets/dataset_cropped/10_Metas/15/08/20191015085700_00160.jpg,datasets_flow/dataset_cropped/10_Metas/15/08/20191015085700_00160.jpg,datasets_cloudmask/dataset_cropped/10_Metas/15/08/20191015085700_00160.png,296.8,782.1,51.4,15.9,963
10/15/2019 8:58,datasets/dataset_cropped/10_Metas/15/08/20191015085800_00160.jpg,datasets_flow/dataset_cropped/10_Metas/15/08/20191015085800_00160.jpg,datasets_cloudmask/dataset_cropped/10_Metas/15/08/20191015085800_00160.png,300.3,784.5,51.7,16.1,963
10/15/2019 8:59,datasets/dataset_cropped/10_Metas/15/08/20191015085900_00160.jpg,datasets_flow/dataset_cropped/10_Metas/15/08/20191015085900_00160.jpg,datasets_cloudmask/dataset_cropped/10_Metas/15/08/20191015085900_00160.png,303.9,787.6,51.9,16.1,963
10/15/2019 9:00,datasets/dataset_cropped/10_Metas/15/09/20191015090000_00160.jpg,datasets_flow/dataset_cropped/10_Metas/15/09/20191015090000_00160.jpg,datasets_cloudmask/dataset_cropped/10_Metas/15/09/20191015090000_00160.png,307.1,789.6,52.3,16.2,963
10/15/2019 9:01,datasets/dataset_cropped/10_Metas/15/09/20191015090100_00160.jpg,datasets_flow/dataset_cropped/10_Metas/15/09/20191015090100_00160.jpg,datasets_cloudmask/dataset_cropped/10_Metas/15/09/20191015090100_00160.png,310.2,791.6,52.5,16.2,963
10/15/2019 9:02,datasets/dataset_cropped/10_Metas/15/09/20191015090200_00160.jpg,datasets_flow/dataset_cropped/10_Metas/15/09/20191015090200_00160.jpg,datasets_cloudmask/dataset_cropped/10_Metas/15/09/20191015090200_00160.png,313.7,794,52.7,16.2,963
10/15/2019 9:03,datasets/dataset_cropped/10_Metas/15/09/20191015090300_00160.jpg,datasets_flow/dataset_cropped/10_Metas/15/09/20191015090300_00160.jpg,datasets_cloudmask/dataset_cropped/10_Metas/15/09/20191015090300_00160.png,316.9,795.6,53.1,16.2,963
10/15/2019 9:04,datasets/dataset_cropped/10_Metas/15/09/20191015090400_00160.jpg,datasets_flow/dataset_cropped/10_Metas/15/09/20191015090400_00160.jpg,datasets_cloudmask/dataset_cropped/10_Metas/15/09/20191015090400_00160.png,320.4,798.3,53.5,16.2,963
10/15/2019 9:05,datasets/dataset_cropped/10_Metas/15/09/20191015090500_00160.jpg,datasets_flow/dataset_cropped/10_Metas/15/09/20191015090500_00160.jpg,datasets_cloudmask/dataset_cropped/10_Metas/15/09/20191015090500_00160.png,323.6,801,53.6,16.2,963
10/15/2019 9:06,datasets/dataset_cropped/10_Metas/15/09/20191015090600_00160.jpg,datasets_flow/dataset_cropped/10_Metas/15/09/20191015090600_00160.jpg,datasets_cloudmask/dataset_cropped/10_Metas/15/09/20191015090600_00160.png,326.9,803,53.7,16.3,963
10/15/2019 9:07,datasets/dataset_cropped/10_Metas/15/09/20191015090700_00160.jpg,datasets_flow/dataset_cropped/10_Metas/15/09/20191015090700_00160.jpg,datasets_cloudmask/dataset_cropped/10_Metas/15/09/20191015090700_00160.png,330.2,805,53.9,16.3,963
10/15/2019 9:08,datasets/dataset_cropped/10_Metas/15/09/20191015090800_00160.jpg,datasets_flow/dataset_cropped/10_Metas/15/09/20191015090800_00160.jpg,datasets_cloudmask/dataset_cropped/10_Metas/15/09/20191015090800_00160.png,334,809,54.1,16.4,963
10/15/2019 9:09,datasets/dataset_cropped/10_Metas/15/09/20191015090900_00160.jpg,datasets_flow/dataset_cropped/10_Metas/15/09/20191015090900_00160.jpg,datasets_cloudmask/dataset_cropped/10_Metas/15/09/20191015090900_00160.png,337.1,810,54.2,16.6,963
10/15/2019 9:10,datasets/dataset_cropped/10_Metas/15/09/20191015091000_00149.jpg,datasets_flow/dataset_cropped/10_Metas/15/09/20191015091000_00149.jpg,datasets_cloudmask/dataset_cropped/10_Metas/15/09/20191015091000_00149.png,340.5,813,54.5,16.6,963
10/15/2019 9:11,datasets/dataset_cropped/10_Metas/15/09/20191015091100_00149.jpg,datasets_flow/dataset_cropped/10_Metas/15/09/20191015091100_00149.jpg,datasets_cloudmask/dataset_cropped/10_Metas/15/09/20191015091100_00149.png,343.7,815,54.6,16.6,963
10/15/2019 9:12,datasets/dataset_cropped/10_Metas/15/09/20191015091200_00149.jpg,datasets_flow/dataset_cropped/10_Metas/15/09/20191015091200_00149.jpg,datasets_cloudmask/dataset_cropped/10_Metas/15/09/20191015091200_00149.png,347.1,817,54.9,16.6,963
10/15/2019 9:13,datasets/dataset_cropped/10_Metas/15/09/20191015091300_00149.jpg,datasets_flow/dataset_cropped/10_Metas/15/09/20191015091300_00149.jpg,datasets_cloudmask/dataset_cropped/10_Metas/15/09/20191015091300_00149.png,350.4,819,55.1,16.7,963
10/15/2019 9:14,datasets/dataset_cropped/10_Metas/15/09/20191015091400_00149.jpg,datasets_flow/dataset_cropped/10_Metas/15/09/20191015091400_00149.jpg,datasets_cloudmask/dataset_cropped/10_Metas/15/09/20191015091400_00149.png,353.5,821,55.4,16.7,963
10/15/2019 9:15,datasets/dataset_cropped/10_Metas/15/09/20191015091500_00149.jpg,datasets_flow/dataset_cropped/10_Metas/15/09/20191015091500_00149.jpg,datasets_cloudmask/dataset_cropped/10_Metas/15/09/20191015091500_00149.png,356.7,823,55.8,16.8,963
10/15/2019 9:16,datasets/dataset_cropped/10_Metas/15/09/20191015091600_00149.jpg,datasets_flow/dataset_cropped/10_Metas/15/09/20191015091600_00149.jpg,datasets_cloudmask/dataset_cropped/10_Metas/15/09/20191015091600_00149.png,360.1,825,56,16.7,963
10/15/2019 9:17,datasets/dataset_cropped/10_Metas/15/09/20191015091700_00149.jpg,datasets_flow/dataset_cropped/10_Metas/15/09/20191015091700_00149.jpg,datasets_cloudmask/dataset_cropped/10_Metas/15/09/20191015091700_00149.png,363.4,827,56.2,16.7,963
10/15/2019 9:18,datasets/dataset_cropped/10_Metas/15/09/20191015091800_00149.jpg,datasets_flow/dataset_cropped/10_Metas/15/09/20191015091800_00149.jpg,datasets_cloudmask/dataset_cropped/10_Metas/15/09/20191015091800_00149.png,366.6,828,56.6,16.8,963
10/15/2019 9:19,datasets/dataset_cropped/10_Metas/15/09/20191015091900_00149.jpg,datasets_flow/dataset_cropped/10_Metas/15/09/20191015091900_00149.jpg,datasets_cloudmask/dataset_cropped/10_Metas/15/09/20191015091900_00149.png,369.9,830,56.9,16.8,963
10/15/2019 9:20,datasets/dataset_cropped/10_Metas/15/09/20191015092000_00149.jpg,datasets_flow/dataset_cropped/10_Metas/15/09/20191015092000_00149.jpg,datasets_cloudmask/dataset_cropped/10_Metas/15/09/20191015092000_00149.png,373.2,833,56.8,16.9,963
10/15/2019 9:21,datasets/dataset_cropped/10_Metas/15/09/20191015092100_00149.jpg,datasets_flow/dataset_cropped/10_Metas/15/09/20191015092100_00149.jpg,datasets_cloudmask/dataset_cropped/10_Metas/15/09/20191015092100_00149.png,376.4,834,56.8,17,963
10/15/2019 9:22,datasets/dataset_cropped/10_Metas/15/09/20191015092200_00149.jpg,datasets_flow/dataset_cropped/10_Metas/15/09/20191015092200_00149.jpg,datasets_cloudmask/dataset_cropped/10_Metas/15/09/20191015092200_00149.png,379.5,836,57,16.8,963
10/15/2019 9:23,datasets/dataset_cropped/10_Metas/15/09/20191015092300_00149.jpg,datasets_flow/dataset_cropped/10_Metas/15/09/20191015092300_00149.jpg,datasets_cloudmask/dataset_cropped/10_Metas/15/09/20191015092300_00149.png,382.9,838,57.3,16.9,963
10/15/2019 9:24,datasets/dataset_cropped/10_Metas/15/09/20191015092400_00149.jpg,datasets_flow/dataset_cropped/10_Metas/15/09/20191015092400_00149.jpg,datasets_cloudmask/dataset_cropped/10_Metas/15/09/20191015092400_00149.png,385.8,840,57.3,16.9,963
10/15/2019 9:25,datasets/dataset_cropped/10_Metas/15/09/20191015092500_00149.jpg,datasets_flow/dataset_cropped/10_Metas/15/09/20191015092500_00149.jpg,datasets_cloudmask/dataset_cropped/10_Metas/15/09/20191015092500_00149.png,388.9,841,57.4,17,963
10/15/2019 9:26,datasets/dataset_cropped/10_Metas/15/09/20191015092600_00149.jpg,datasets_flow/dataset_cropped/10_Metas/15/09/20191015092600_00149.jpg,datasets_cloudmask/dataset_cropped/10_Metas/15/09/20191015092600_00149.png,392.2,843,57.6,16.9,963
10/15/2019 9:27,datasets/dataset_cropped/10_Metas/15/09/20191015092700_00149.jpg,datasets_flow/dataset_cropped/10_Metas/15/09/20191015092700_00149.jpg,datasets_cloudmask/dataset_cropped/10_Metas/15/09/20191015092700_00149.png,395.7,846,57.8,17,963
10/15/2019 9:28,datasets/dataset_cropped/10_Metas/15/09/20191015092800_00149.jpg,datasets_flow/dataset_cropped/10_Metas/15/09/20191015092800_00149.jpg,datasets_cloudmask/dataset_cropped/10_Metas/15/09/20191015092800_00149.png,398.7,847,58,17.2,963
10/15/2019 9:29,datasets/dataset_cropped/10_Metas/15/09/20191015092900_00160.jpg,datasets_flow/dataset_cropped/10_Metas/15/09/20191015092900_00160.jpg,datasets_cloudmask/dataset_cropped/10_Metas/15/09/20191015092900_00160.png,401.7,849,58.2,17.5,963
10/15/2019 9:30,datasets/dataset_cropped/10_Metas/15/09/20191015093000_00160.jpg,datasets_flow/dataset_cropped/10_Metas/15/09/20191015093000_00160.jpg,datasets_cloudmask/dataset_cropped/10_Metas/15/09/20191015093000_00160.png,404.7,850,58.3,17.5,964
10/15/2019 9:31,datasets/dataset_cropped/10_Metas/15/09/20191015093100_00160.jpg,datasets_flow/dataset_cropped/10_Metas/15/09/20191015093100_00160.jpg,datasets_cloudmask/dataset_cropped/10_Metas/15/09/20191015093100_00160.png,408,851,58.6,17.5,964
10/15/2019 9:32,datasets/dataset_cropped/10_Metas/15/09/20191015093200_00160.jpg,datasets_flow/dataset_cropped/10_Metas/15/09/20191015093200_00160.jpg,datasets_cloudmask/dataset_cropped/10_Metas/15/09/20191015093200_00160.png,410.9,853,58.6,17.4,963
10/15/2019 9:33,datasets/dataset_cropped/10_Metas/15/09/20191015093300_00160.jpg,datasets_flow/dataset_cropped/10_Metas/15/09/20191015093300_00160.jpg,datasets_cloudmask/dataset_cropped/10_Metas/15/09/20191015093300_00160.png,414.1,854,59,17.5,964
10/15/2019 9:34,datasets/dataset_cropped/10_Metas/15/09/20191015093400_00160.jpg,datasets_flow/dataset_cropped/10_Metas/15/09/20191015093400_00160.jpg,datasets_cloudmask/dataset_cropped/10_Metas/15/09/20191015093400_00160.png,417.1,856,59.2,17.7,964
10/15/2019 9:35,datasets/dataset_cropped/10_Metas/15/09/20191015093500_00160.jpg,datasets_flow/dataset_cropped/10_Metas/15/09/20191015093500_00160.jpg,datasets_cloudmask/dataset_cropped/10_Metas/15/09/20191015093500_00160.png,419.9,857,59.1,17.8,964
10/15/2019 9:36,datasets/dataset_cropped/10_Metas/15/09/20191015093600_00160.jpg,datasets_flow/dataset_cropped/10_Metas/15/09/20191015093600_00160.jpg,datasets_cloudmask/dataset_cropped/10_Metas/15/09/20191015093600_00160.png,423,858,59.3,17.8,964
10/15/2019 9:37,datasets/dataset_cropped/10_Metas/15/09/20191015093700_00160.jpg,datasets_flow/dataset_cropped/10_Metas/15/09/20191015093700_00160.jpg,datasets_cloudmask/dataset_cropped/10_Metas/15/09/20191015093700_00160.png,425.7,859,59.5,17.7,964
10/15/2019 9:38,datasets/dataset_cropped/10_Metas/15/09/20191015093800_00160.jpg,datasets_flow/dataset_cropped/10_Metas/15/09/20191015093800_00160.jpg,datasets_cloudmask/dataset_cropped/10_Metas/15/09/20191015093800_00160.png,428.6,859,59.7,17.7,964
10/15/2019 9:39,datasets/dataset_cropped/10_Metas/15/09/20191015093900_00160.jpg,datasets_flow/dataset_cropped/10_Metas/15/09/20191015093900_00160.jpg,datasets_cloudmask/dataset_cropped/10_Metas/15/09/20191015093900_00160.png,431.8,861,60,17.7,964
10/15/2019 9:40,datasets/dataset_cropped/10_Metas/15/09/20191015094000_00160.jpg,datasets_flow/dataset_cropped/10_Metas/15/09/20191015094000_00160.jpg,datasets_cloudmask/dataset_cropped/10_Metas/15/09/20191015094000_00160.png,435.1,863,60.3,17.7,964
10/15/2019 9:41,datasets/dataset_cropped/10_Metas/15/09/20191015094100_00160.jpg,datasets_flow/dataset_cropped/10_Metas/15/09/20191015094100_00160.jpg,datasets_cloudmask/dataset_cropped/10_Metas/15/09/20191015094100_00160.png,438.4,865,60.4,17.8,964
10/15/2019 9:42,datasets/dataset_cropped/10_Metas/15/09/20191015094200_00160.jpg,datasets_flow/dataset_cropped/10_Metas/15/09/20191015094200_00160.jpg,datasets_cloudmask/dataset_cropped/10_Metas/15/09/20191015094200_00160.png,441.2,866,60.5,17.8,964
10/15/2019 9:43,datasets/dataset_cropped/10_Metas/15/09/20191015094300_00160.jpg,datasets_flow/dataset_cropped/10_Metas/15/09/20191015094300_00160.jpg,datasets_cloudmask/dataset_cropped/10_Metas/15/09/20191015094300_00160.png,444.3,868,60.6,17.7,964
10/15/2019 9:44,datasets/dataset_cropped/10_Metas/15/09/20191015094400_00160.jpg,datasets_flow/dataset_cropped/10_Metas/15/09/20191015094400_00160.jpg,datasets_cloudmask/dataset_cropped/10_Metas/15/09/20191015094400_00160.png,447.6,869,60.9,17.7,964
10/15/2019 9:45,datasets/dataset_cropped/10_Metas/15/09/20191015094500_00160.jpg,datasets_flow/dataset_cropped/10_Metas/15/09/20191015094500_00160.jpg,datasets_cloudmask/dataset_cropped/10_Metas/15/09/20191015094500_00160.png,450.5,871,60.8,17.7,964
10/15/2019 9:46,datasets/dataset_cropped/10_Metas/15/09/20191015094600_00160.jpg,datasets_flow/dataset_cropped/10_Metas/15/09/20191015094600_00160.jpg,datasets_cloudmask/dataset_cropped/10_Metas/15/09/20191015094600_00160.png,453.7,873,61,17.6,964
10/15/2019 9:47,datasets/dataset_cropped/10_Metas/15/09/20191015094700_00160.jpg,datasets_flow/dataset_cropped/10_Metas/15/09/20191015094700_00160.jpg,datasets_cloudmask/dataset_cropped/10_Metas/15/09/20191015094700_00160.png,456.2,874,61,17.6,964
10/15/2019 9:48,datasets/dataset_cropped/10_Metas/15/09/20191015094800_00160.jpg,datasets_flow/dataset_cropped/10_Metas/15/09/20191015094800_00160.jpg,datasets_cloudmask/dataset_cropped/10_Metas/15/09/20191015094800_00160.png,459.7,876,61.4,17.7,964
10/15/2019 9:49,datasets/dataset_cropped/10_Metas/15/09/20191015094900_00160.jpg,datasets_flow/dataset_cropped/10_Metas/15/09/20191015094900_00160.jpg,datasets_cloudmask/dataset_cropped/10_Metas/15/09/20191015094900_00160.png,462.8,878,61.6,17.7,964
10/15/2019 9:50,datasets/dataset_cropped/10_Metas/15/09/20191015095000_00160.jpg,datasets_flow/dataset_cropped/10_Metas/15/09/20191015095000_00160.jpg,datasets_cloudmask/dataset_cropped/10_Metas/15/09/20191015095000_00160.png,466,880,61.9,17.9,964
10/15/2019 9:51,datasets/dataset_cropped/10_Metas/15/09/20191015095100_00160.jpg,datasets_flow/dataset_cropped/10_Metas/15/09/20191015095100_00160.jpg,datasets_cloudmask/dataset_cropped/10_Metas/15/09/20191015095100_00160.png,468.8,881,62,17.9,964
10/15/2019 9:52,datasets/dataset_cropped/10_Metas/15/09/20191015095200_00160.jpg,datasets_flow/dataset_cropped/10_Metas/15/09/20191015095200_00160.jpg,datasets_cloudmask/dataset_cropped/10_Metas/15/09/20191015095200_00160.png,471.8,883,62.2,17.9,964
10/15/2019 9:53,datasets/dataset_cropped/10_Metas/15/09/20191015095300_00160.jpg,datasets_flow/dataset_cropped/10_Metas/15/09/20191015095300_00160.jpg,datasets_cloudmask/dataset_cropped/10_Metas/15/09/20191015095300_00160.png,474.1,883,61.9,18.1,964
10/15/2019 9:54,datasets/dataset_cropped/10_Metas/15/09/20191015095400_00160.jpg,datasets_flow/dataset_cropped/10_Metas/15/09/20191015095400_00160.jpg,datasets_cloudmask/dataset_cropped/10_Metas/15/09/20191015095400_00160.png,477,883,62.1,18.2,964
10/15/2019 9:55,datasets/dataset_cropped/10_Metas/15/09/20191015095500_00160.jpg,datasets_flow/dataset_cropped/10_Metas/15/09/20191015095500_00160.jpg,datasets_cloudmask/dataset_cropped/10_Metas/15/09/20191015095500_00160.png,480.1,885,62.2,18.3,964
10/15/2019 9:56,datasets/dataset_cropped/10_Metas/15/09/20191015095600_00160.jpg,datasets_flow/dataset_cropped/10_Metas/15/09/20191015095600_00160.jpg,datasets_cloudmask/dataset_cropped/10_Metas/15/09/20191015095600_00160.png,482.8,886,62.5,18.5,964
10/15/2019 9:57,datasets/dataset_cropped/10_Metas/15/09/20191015095700_00160.jpg,datasets_flow/dataset_cropped/10_Metas/15/09/20191015095700_00160.jpg,datasets_cloudmask/dataset_cropped/10_Metas/15/09/20191015095700_00160.png,486.1,888,63.1,18.6,964
10/15/2019 9:58,datasets/dataset_cropped/10_Metas/15/09/20191015095800_00160.jpg,datasets_flow/dataset_cropped/10_Metas/15/09/20191015095800_00160.jpg,datasets_cloudmask/dataset_cropped/10_Metas/15/09/20191015095800_00160.png,488.7,889,62.7,18.8,964
10/15/2019 9:59,datasets/dataset_cropped/10_Metas/15/09/20191015095900_00160.jpg,datasets_flow/dataset_cropped/10_Metas/15/09/20191015095900_00160.jpg,datasets_cloudmask/dataset_cropped/10_Metas/15/09/20191015095900_00160.png,491.5,890,62.7,18.8,964
10/15/2019 10:00,datasets/dataset_cropped/10_Metas/15/10/20191015100000_00160.jpg,datasets_flow/dataset_cropped/10_Metas/15/10/20191015100000_00160.jpg,datasets_cloudmask/dataset_cropped/10_Metas/15/10/20191015100000_00160.png,494.5,891,63.1,18.6,964
10/15/2019 10:01,datasets/dataset_cropped/10_Metas/15/10/20191015100100_00160.jpg,datasets_flow/dataset_cropped/10_Metas/15/10/20191015100100_00160.jpg,datasets_cloudmask/dataset_cropped/10_Metas/15/10/20191015100100_00160.png,496.7,892,63,18.5,964
10/15/2019 10:02,datasets/dataset_cropped/10_Metas/15/10/20191015100200_00160.jpg,datasets_flow/dataset_cropped/10_Metas/15/10/20191015100200_00160.jpg,datasets_cloudmask/dataset_cropped/10_Metas/15/10/20191015100200_00160.png,499.8,893,63.6,18.3,964
10/15/2019 10:03,datasets/dataset_cropped/10_Metas/15/10/20191015100300_00160.jpg,datasets_flow/dataset_cropped/10_Metas/15/10/20191015100300_00160.jpg,datasets_cloudmask/dataset_cropped/10_Metas/15/10/20191015100300_00160.png,502.7,894,63.8,18.2,964
10/15/2019 10:04,datasets/dataset_cropped/10_Metas/15/10/20191015100400_00160.jpg,datasets_flow/dataset_cropped/10_Metas/15/10/20191015100400_00160.jpg,datasets_cloudmask/dataset_cropped/10_Metas/15/10/20191015100400_00160.png,504.7,895,63.5,18.2,964
10/15/2019 10:05,datasets/dataset_cropped/10_Metas/15/10/20191015100500_00160.jpg,datasets_flow/dataset_cropped/10_Metas/15/10/20191015100500_00160.jpg,datasets_cloudmask/dataset_cropped/10_Metas/15/10/20191015100500_00160.png,507.9,896,63.8,18.4,964
10/15/2019 10:06,datasets/dataset_cropped/10_Metas/15/10/20191015100600_00160.jpg,datasets_flow/dataset_cropped/10_Metas/15/10/20191015100600_00160.jpg,datasets_cloudmask/dataset_cropped/10_Metas/15/10/20191015100600_00160.png,510.7,897,64,18.8,964
10/15/2019 10:07,datasets/dataset_cropped/10_Metas/15/10/20191015100700_00160.jpg,datasets_flow/dataset_cropped/10_Metas/15/10/20191015100700_00160.jpg,datasets_cloudmask/dataset_cropped/10_Metas/15/10/20191015100700_00160.png,514,899,64.3,18.8,964
10/15/2019 10:08,datasets/dataset_cropped/10_Metas/15/10/20191015100800_00160.jpg,datasets_flow/dataset_cropped/10_Metas/15/10/20191015100800_00160.jpg,datasets_cloudmask/dataset_cropped/10_Metas/15/10/20191015100800_00160.png,516.5,899,64.3,18.8,964
10/15/2019 10:09,datasets/dataset_cropped/10_Metas/15/10/20191015100900_00160.jpg,datasets_flow/dataset_cropped/10_Metas/15/10/20191015100900_00160.jpg,datasets_cloudmask/dataset_cropped/10_Metas/15/10/20191015100900_00160.png,518.8,898,64.5,18.8,964
10/15/2019 10:10,datasets/dataset_cropped/10_Metas/15/10/20191015101000_00160.jpg,datasets_flow/dataset_cropped/10_Metas/15/10/20191015101000_00160.jpg,datasets_cloudmask/dataset_cropped/10_Metas/15/10/20191015101000_00160.png,521.3,898,64.6,18.6,964
10/15/2019 10:11,datasets/dataset_cropped/10_Metas/15/10/20191015101100_00160.jpg,datasets_flow/dataset_cropped/10_Metas/15/10/20191015101100_00160.jpg,datasets_cloudmask/dataset_cropped/10_Metas/15/10/20191015101100_00160.png,524.5,900,64.9,18.5,964
10/15/2019 10:12,datasets/dataset_cropped/10_Metas/15/10/20191015101200_00160.jpg,datasets_flow/dataset_cropped/10_Metas/15/10/20191015101200_00160.jpg,datasets_cloudmask/dataset_cropped/10_Metas/15/10/20191015101200_00160.png,527.4,902,65.1,18.5,964
10/15/2019 10:13,datasets/dataset_cropped/10_Metas/15/10/20191015101300_00160.jpg,datasets_flow/dataset_cropped/10_Metas/15/10/20191015101300_00160.jpg,datasets_cloudmask/dataset_cropped/10_Metas/15/10/20191015101300_00160.png,529.8,902,65.4,18.7,964
10/15/2019 10:14,datasets/dataset_cropped/10_Metas/15/10/20191015101400_00160.jpg,datasets_flow/dataset_cropped/10_Metas/15/10/20191015101400_00160.jpg,datasets_cloudmask/dataset_cropped/10_Metas/15/10/20191015101400_00160.png,532.1,902,65.4,18.8,964
10/15/2019 10:15,datasets/dataset_cropped/10_Metas/15/10/20191015101500_00160.jpg,datasets_flow/dataset_cropped/10_Metas/15/10/20191015101500_00160.jpg,datasets_cloudmask/dataset_cropped/10_Metas/15/10/20191015101500_00160.png,534.5,903,65.6,18.8,964
10/15/2019 10:16,datasets/dataset_cropped/10_Metas/15/10/20191015101600_00160.jpg,datasets_flow/dataset_cropped/10_Metas/15/10/20191015101600_00160.jpg,datasets_cloudmask/dataset_cropped/10_Metas/15/10/20191015101600_00160.png,536.8,904,65.7,19,964
10/15/2019 10:17,datasets/dataset_cropped/10_Metas/15/10/20191015101700_00160.jpg,datasets_flow/dataset_cropped/10_Metas/15/10/20191015101700_00160.jpg,datasets_cloudmask/dataset_cropped/10_Metas/15/10/20191015101700_00160.png,539,904,65.8,18.9,964
10/15/2019 10:18,datasets/dataset_cropped/10_Metas/15/10/20191015101800_00160.jpg,datasets_flow/dataset_cropped/10_Metas/15/10/20191015101800_00160.jpg,datasets_cloudmask/dataset_cropped/10_Metas/15/10/20191015101800_00160.png,541.2,904,66,18.7,964
10/15/2019 10:19,datasets/dataset_cropped/10_Metas/15/10/20191015101900_00160.jpg,datasets_flow/dataset_cropped/10_Metas/15/10/20191015101900_00160.jpg,datasets_cloudmask/dataset_cropped/10_Metas/15/10/20191015101900_00160.png,543.8,905,66.1,18.5,964
10/15/2019 10:20,datasets/dataset_cropped/10_Metas/15/10/20191015102000_00160.jpg,datasets_flow/dataset_cropped/10_Metas/15/10/20191015102000_00160.jpg,datasets_cloudmask/dataset_cropped/10_Metas/15/10/20191015102000_00160.png,546.2,905,66.2,18.4,964
10/15/2019 10:21,datasets/dataset_cropped/10_Metas/15/10/20191015102100_00160.jpg,datasets_flow/dataset_cropped/10_Metas/15/10/20191015102100_00160.jpg,datasets_cloudmask/dataset_cropped/10_Metas/15/10/20191015102100_00160.png,548.4,905,66.1,18.5,964
10/15/2019 10:22,datasets/dataset_cropped/10_Metas/15/10/20191015102200_00160.jpg,datasets_flow/dataset_cropped/10_Metas/15/10/20191015102200_00160.jpg,datasets_cloudmask/dataset_cropped/10_Metas/15/10/20191015102200_00160.png,550.7,905,66.5,18.5,964
10/15/2019 10:23,datasets/dataset_cropped/10_Metas/15/10/20191015102300_00160.jpg,datasets_flow/dataset_cropped/10_Metas/15/10/20191015102300_00160.jpg,datasets_cloudmask/dataset_cropped/10_Metas/15/10/20191015102300_00160.png,553.4,907,66.4,18.7,964
10/15/2019 10:24,datasets/dataset_cropped/10_Metas/15/10/20191015102400_00160.jpg,datasets_flow/dataset_cropped/10_Metas/15/10/20191015102400_00160.jpg,datasets_cloudmask/dataset_cropped/10_Metas/15/10/20191015102400_00160.png,556.5,909,66.6,18.7,964
10/15/2019 10:25,datasets/dataset_cropped/10_Metas/15/10/20191015102500_00160.jpg,datasets_flow/dataset_cropped/10_Metas/15/10/20191015102500_00160.jpg,datasets_cloudmask/dataset_cropped/10_Metas/15/10/20191015102500_00160.png,559.6,911,66.6,18.7,964
10/15/2019 10:26,datasets/dataset_cropped/10_Metas/15/10/20191015102600_00160.jpg,datasets_flow/dataset_cropped/10_Metas/15/10/20191015102600_00160.jpg,datasets_cloudmask/dataset_cropped/10_Metas/15/10/20191015102600_00160.png,562.5,913,66.8,18.7,964
10/15/2019 10:27,datasets/dataset_cropped/10_Metas/15/10/20191015102700_00160.jpg,datasets_flow/dataset_cropped/10_Metas/15/10/20191015102700_00160.jpg,datasets_cloudmask/dataset_cropped/10_Metas/15/10/20191015102700_00160.png,565.2,914,67,18.7,964
10/15/2019 10:28,datasets/dataset_cropped/10_Metas/15/10/20191015102800_00160.jpg,datasets_flow/dataset_cropped/10_Metas/15/10/20191015102800_00160.jpg,datasets_cloudmask/dataset_cropped/10_Metas/15/10/20191015102800_00160.png,567.5,915,67.1,18.7,964
10/15/2019 10:29,datasets/dataset_cropped/10_Metas/15/10/20191015102900_00160.jpg,datasets_flow/dataset_cropped/10_Metas/15/10/20191015102900_00160.jpg,datasets_cloudmask/dataset_cropped/10_Metas/15/10/20191015102900_00160.png,569.4,915,66.9,18.6,964
10/15/2019 10:30,datasets/dataset_cropped/10_Metas/15/10/20191015103000_00160.jpg,datasets_flow/dataset_cropped/10_Metas/15/10/20191015103000_00160.jpg,datasets_cloudmask/dataset_cropped/10_Metas/15/10/20191015103000_00160.png,571.6,915,67,18.8,964
10/15/2019 10:31,datasets/dataset_cropped/10_Metas/15/10/20191015103100_00160.jpg,datasets_flow/dataset_cropped/10_Metas/15/10/20191015103100_00160.jpg,datasets_cloudmask/dataset_cropped/10_Metas/15/10/20191015103100_00160.png,573.8,915,67.2,19,964
10/15/2019 10:32,datasets/dataset_cropped/10_Metas/15/10/20191015103200_00160.jpg,datasets_flow/dataset_cropped/10_Metas/15/10/20191015103200_00160.jpg,datasets_cloudmask/dataset_cropped/10_Metas/15/10/20191015103200_00160.png,576.1,916,67.4,18.8,964
10/15/2019 10:33,datasets/dataset_cropped/10_Metas/15/10/20191015103300_00160.jpg,datasets_flow/dataset_cropped/10_Metas/15/10/20191015103300_00160.jpg,datasets_cloudmask/dataset_cropped/10_Metas/15/10/20191015103300_00160.png,578.4,915,67.9,18.7,964
10/15/2019 10:34,datasets/dataset_cropped/10_Metas/15/10/20191015103400_00160.jpg,datasets_flow/dataset_cropped/10_Metas/15/10/20191015103400_00160.jpg,datasets_cloudmask/dataset_cropped/10_Metas/15/10/20191015103400_00160.png,580.8,916,68,18.7,964
10/15/2019 10:35,datasets/dataset_cropped/10_Metas/15/10/20191015103500_00160.jpg,datasets_flow/dataset_cropped/10_Metas/15/10/20191015103500_00160.jpg,datasets_cloudmask/dataset_cropped/10_Metas/15/10/20191015103500_00160.png,583.3,917,67.9,18.7,964
10/15/2019 10:36,datasets/dataset_cropped/10_Metas/15/10/20191015103600_00160.jpg,datasets_flow/dataset_cropped/10_Metas/15/10/20191015103600_00160.jpg,datasets_cloudmask/dataset_cropped/10_Metas/15/10/20191015103600_00160.png,585.3,917,68.1,18.9,964
10/15/2019 10:37,datasets/dataset_cropped/10_Metas/15/10/20191015103700_00160.jpg,datasets_flow/dataset_cropped/10_Metas/15/10/20191015103700_00160.jpg,datasets_cloudmask/dataset_cropped/10_Metas/15/10/20191015103700_00160.png,587.8,918,68.2,18.7,964
10/15/2019 10:38,datasets/dataset_cropped/10_Metas/15/10/20191015103800_00160.jpg,datasets_flow/dataset_cropped/10_Metas/15/10/20191015103800_00160.jpg,datasets_cloudmask/dataset_cropped/10_Metas/15/10/20191015103800_00160.png,589.9,918,68.8,18.6,964
10/15/2019 10:39,datasets/dataset_cropped/10_Metas/15/10/20191015103900_00160.jpg,datasets_flow/dataset_cropped/10_Metas/15/10/20191015103900_00160.jpg,datasets_cloudmask/dataset_cropped/10_Metas/15/10/20191015103900_00160.png,592.2,919,68.7,18.8,964
10/15/2019 10:40,datasets/dataset_cropped/10_Metas/15/10/20191015104000_00160.jpg,datasets_flow/dataset_cropped/10_Metas/15/10/20191015104000_00160.jpg,datasets_cloudmask/dataset_cropped/10_Metas/15/10/20191015104000_00160.png,594.3,920,68.8,19.2,964
10/15/2019 10:41,datasets/dataset_cropped/10_Metas/15/10/20191015104100_00160.jpg,datasets_flow/dataset_cropped/10_Metas/15/10/20191015104100_00160.jpg,datasets_cloudmask/dataset_cropped/10_Metas/15/10/20191015104100_00160.png,596.8,921,69.3,19.2,964
10/15/2019 10:42,datasets/dataset_cropped/10_Metas/15/10/20191015104200_00160.jpg,datasets_flow/dataset_cropped/10_Metas/15/10/20191015104200_00160.jpg,datasets_cloudmask/dataset_cropped/10_Metas/15/10/20191015104200_00160.png,599.3,922,69.2,19.3,964
10/15/2019 10:43,datasets/dataset_cropped/10_Metas/15/10/20191015104300_00160.jpg,datasets_flow/dataset_cropped/10_Metas/15/10/20191015104300_00160.jpg,datasets_cloudmask/dataset_cropped/10_Metas/15/10/20191015104300_00160.png,601.5,922,69.1,19.2,964
10/15/2019 10:44,datasets/dataset_cropped/10_Metas/15/10/20191015104400_00160.jpg,datasets_flow/dataset_cropped/10_Metas/15/10/20191015104400_00160.jpg,datasets_cloudmask/dataset_cropped/10_Metas/15/10/20191015104400_00160.png,603.5,921,69.5,19.2,964
10/15/2019 10:45,datasets/dataset_cropped/10_Metas/15/10/20191015104500_00160.jpg,datasets_flow/dataset_cropped/10_Metas/15/10/20191015104500_00160.jpg,datasets_cloudmask/dataset_cropped/10_Metas/15/10/20191015104500_00160.png,605.2,920,70,19.3,964
10/15/2019 10:46,datasets/dataset_cropped/10_Metas/15/10/20191015104600_00160.jpg,datasets_flow/dataset_cropped/10_Metas/15/10/20191015104600_00160.jpg,datasets_cloudmask/dataset_cropped/10_Metas/15/10/20191015104600_00160.png,606.4,919,70.7,19.3,964
10/15/2019 10:47,datasets/dataset_cropped/10_Metas/15/10/20191015104700_00160.jpg,datasets_flow/dataset_cropped/10_Metas/15/10/20191015104700_00160.jpg,datasets_cloudmask/dataset_cropped/10_Metas/15/10/20191015104700_00160.png,609,920,71,19.3,964
10/15/2019 10:48,datasets/dataset_cropped/10_Metas/15/10/20191015104800_00160.jpg,datasets_flow/dataset_cropped/10_Metas/15/10/20191015104800_00160.jpg,datasets_cloudmask/dataset_cropped/10_Metas/15/10/20191015104800_00160.png,610.4,920,71.1,19.3,964
10/15/2019 10:49,datasets/dataset_cropped/10_Metas/15/10/20191015104900_00160.jpg,datasets_flow/dataset_cropped/10_Metas/15/10/20191015104900_00160.jpg,datasets_cloudmask/dataset_cropped/10_Metas/15/10/20191015104900_00160.png,609.9,916,71.3,19.4,964
10/15/2019 10:50,datasets/dataset_cropped/10_Metas/15/10/20191015105000_00160.jpg,datasets_flow/dataset_cropped/10_Metas/15/10/20191015105000_00160.jpg,datasets_cloudmask/dataset_cropped/10_Metas/15/10/20191015105000_00160.png,611.1,915,71.7,19.6,964
10/15/2019 10:51,datasets/dataset_cropped/10_Metas/15/10/20191015105100_00160.jpg,datasets_flow/dataset_cropped/10_Metas/15/10/20191015105100_00160.jpg,datasets_cloudmask/dataset_cropped/10_Metas/15/10/20191015105100_00160.png,613.9,916,71.9,19.7,964
10/15/2019 10:52,datasets/dataset_cropped/10_Metas/15/10/20191015105200_00160.jpg,datasets_flow/dataset_cropped/10_Metas/15/10/20191015105200_00160.jpg,datasets_cloudmask/dataset_cropped/10_Metas/15/10/20191015105200_00160.png,617.2,919,71.6,19.4,964
10/15/2019 10:53,datasets/dataset_cropped/10_Metas/15/10/20191015105300_00160.jpg,datasets_flow/dataset_cropped/10_Metas/15/10/20191015105300_00160.jpg,datasets_cloudmask/dataset_cropped/10_Metas/15/10/20191015105300_00160.png,620.6,923,71.2,19.8,964
10/15/2019 10:54,datasets/dataset_cropped/10_Metas/15/10/20191015105400_00160.jpg,datasets_flow/dataset_cropped/10_Metas/15/10/20191015105400_00160.jpg,datasets_cloudmask/dataset_cropped/10_Metas/15/10/20191015105400_00160.png,623.8,925,71.4,19.6,964
10/15/2019 10:55,datasets/dataset_cropped/10_Metas/15/10/20191015105500_00160.jpg,datasets_flow/dataset_cropped/10_Metas/15/10/20191015105500_00160.jpg,datasets_cloudmask/dataset_cropped/10_Metas/15/10/20191015105500_00160.png,626.9,927,71.2,19.6,964
10/15/2019 10:56,datasets/dataset_cropped/10_Metas/15/10/20191015105600_00160.jpg,datasets_flow/dataset_cropped/10_Metas/15/10/20191015105600_00160.jpg,datasets_cloudmask/dataset_cropped/10_Metas/15/10/20191015105600_00160.png,628.6,928,70.9,19.9,964
10/15/2019 10:57,datasets/dataset_cropped/10_Metas/15/10/20191015105700_00160.jpg,datasets_flow/dataset_cropped/10_Metas/15/10/20191015105700_00160.jpg,datasets_cloudmask/dataset_cropped/10_Metas/15/10/20191015105700_00160.png,630.4,928,70.7,19.7,964
10/15/2019 10:58,datasets/dataset_cropped/10_Metas/15/10/20191015105800_00160.jpg,datasets_flow/dataset_cropped/10_Metas/15/10/20191015105800_00160.jpg,datasets_cloudmask/dataset_cropped/10_Metas/15/10/20191015105800_00160.png,632.7,929,71,19.7,964
10/15/2019 10:59,datasets/dataset_cropped/10_Metas/15/10/20191015105900_00160.jpg,datasets_flow/dataset_cropped/10_Metas/15/10/20191015105900_00160.jpg,datasets_cloudmask/dataset_cropped/10_Metas/15/10/20191015105900_00160.png,634.7,930,71.3,19.9,964
10/15/2019 11:00,datasets/dataset_cropped/10_Metas/15/11/20191015110000_00160.jpg,datasets_flow/dataset_cropped/10_Metas/15/11/20191015110000_00160.jpg,datasets_cloudmask/dataset_cropped/10_Metas/15/11/20191015110000_00160.png,635.6,928,71.5,19.9,964
10/15/2019 11:01,datasets/dataset_cropped/10_Metas/15/11/20191015110100_00160.jpg,datasets_flow/dataset_cropped/10_Metas/15/11/20191015110100_00160.jpg,datasets_cloudmask/dataset_cropped/10_Metas/15/11/20191015110100_00160.png,636.7,927,71.8,19.9,964
10/15/2019 11:02,datasets/dataset_cropped/10_Metas/15/11/20191015110200_00160.jpg,datasets_flow/dataset_cropped/10_Metas/15/11/20191015110200_00160.jpg,datasets_cloudmask/dataset_cropped/10_Metas/15/11/20191015110200_00160.png,638.7,927,71.9,19.9,964
10/15/2019 11:03,datasets/dataset_cropped/10_Metas/15/11/20191015110300_00160.jpg,datasets_flow/dataset_cropped/10_Metas/15/11/20191015110300_00160.jpg,datasets_cloudmask/dataset_cropped/10_Metas/15/11/20191015110300_00160.png,641,928,72.2,20,964
10/15/2019 11:04,datasets/dataset_cropped/10_Metas/15/11/20191015110400_00160.jpg,datasets_flow/dataset_cropped/10_Metas/15/11/20191015110400_00160.jpg,datasets_cloudmask/dataset_cropped/10_Metas/15/11/20191015110400_00160.png,642.8,928,72.7,19.8,964
10/15/2019 11:05,datasets/dataset_cropped/10_Metas/15/11/20191015110500_00160.jpg,datasets_flow/dataset_cropped/10_Metas/15/11/20191015110500_00160.jpg,datasets_cloudmask/dataset_cropped/10_Metas/15/11/20191015110500_00160.png,644.1,928,72.5,19.6,964
10/15/2019 11:06,datasets/dataset_cropped/10_Metas/15/11/20191015110600_00160.jpg,datasets_flow/dataset_cropped/10_Metas/15/11/20191015110600_00160.jpg,datasets_cloudmask/dataset_cropped/10_Metas/15/11/20191015110600_00160.png,646.2,929,72.5,19.7,964
10/15/2019 11:07,datasets/dataset_cropped/10_Metas/15/11/20191015110700_00160.jpg,datasets_flow/dataset_cropped/10_Metas/15/11/20191015110700_00160.jpg,datasets_cloudmask/dataset_cropped/10_Metas/15/11/20191015110700_00160.png,647.8,930,72.4,19.7,964
10/15/2019 11:08,datasets/dataset_cropped/10_Metas/15/11/20191015110800_00160.jpg,datasets_flow/dataset_cropped/10_Metas/15/11/20191015110800_00160.jpg,datasets_cloudmask/dataset_cropped/10_Metas/15/11/20191015110800_00160.png,650.2,930,72.3,19.5,964
10/15/2019 11:09,datasets/dataset_cropped/10_Metas/15/11/20191015110900_00160.jpg,datasets_flow/dataset_cropped/10_Metas/15/11/20191015110900_00160.jpg,datasets_cloudmask/dataset_cropped/10_Metas/15/11/20191015110900_00160.png,652.7,932,72.1,19.6,964
10/15/2019 11:10,datasets/dataset_cropped/10_Metas/15/11/20191015111000_00160.jpg,datasets_flow/dataset_cropped/10_Metas/15/11/20191015111000_00160.jpg,datasets_cloudmask/dataset_cropped/10_Metas/15/11/20191015111000_00160.png,655,933,72,19.6,964
10/15/2019 11:11,datasets/dataset_cropped/10_Metas/15/11/20191015111100_00160.jpg,datasets_flow/dataset_cropped/10_Metas/15/11/20191015111100_00160.jpg,datasets_cloudmask/dataset_cropped/10_Metas/15/11/20191015111100_00160.png,656.7,934,72.5,19.8,964
10/15/2019 11:12,datasets/dataset_cropped/10_Metas/15/11/20191015111200_00160.jpg,datasets_flow/dataset_cropped/10_Metas/15/11/20191015111200_00160.jpg,datasets_cloudmask/dataset_cropped/10_Metas/15/11/20191015111200_00160.png,658.9,934,73.1,19.7,964
10/15/2019 11:13,datasets/dataset_cropped/10_Metas/15/11/20191015111300_00160.jpg,datasets_flow/dataset_cropped/10_Metas/15/11/20191015111300_00160.jpg,datasets_cloudmask/dataset_cropped/10_Metas/15/11/20191015111300_00160.png,660.5,934,73.5,19.6,964
10/15/2019 11:14,datasets/dataset_cropped/10_Metas/15/11/20191015111400_00160.jpg,datasets_flow/dataset_cropped/10_Metas/15/11/20191015111400_00160.jpg,datasets_cloudmask/dataset_cropped/10_Metas/15/11/20191015111400_00160.png,660.2,930,74.5,19.7,964
10/15/2019 11:15,datasets/dataset_cropped/10_Metas/15/11/20191015111500_00160.jpg,datasets_flow/dataset_cropped/10_Metas/15/11/20191015111500_00160.jpg,datasets_cloudmask/dataset_cropped/10_Metas/15/11/20191015111500_00160.png,661.4,928,75.3,19.8,964
10/15/2019 11:16,datasets/dataset_cropped/10_Metas/15/11/20191015111600_00160.jpg,datasets_flow/dataset_cropped/10_Metas/15/11/20191015111600_00160.jpg,datasets_cloudmask/dataset_cropped/10_Metas/15/11/20191015111600_00160.png,664.6,930,76.1,19.9,964
10/15/2019 11:17,datasets/dataset_cropped/10_Metas/15/11/20191015111700_00160.jpg,datasets_flow/dataset_cropped/10_Metas/15/11/20191015111700_00160.jpg,datasets_cloudmask/dataset_cropped/10_Metas/15/11/20191015111700_00160.png,666.8,930,76.6,19.8,964
10/15/2019 11:18,datasets/dataset_cropped/10_Metas/15/11/20191015111800_00160.jpg,datasets_flow/dataset_cropped/10_Metas/15/11/20191015111800_00160.jpg,datasets_cloudmask/dataset_cropped/10_Metas/15/11/20191015111800_00160.png,665.1,923,77.7,19.9,964
10/15/2019 11:19,datasets/dataset_cropped/10_Metas/15/11/20191015111900_00160.jpg,datasets_flow/dataset_cropped/10_Metas/15/11/20191015111900_00160.jpg,datasets_cloudmask/dataset_cropped/10_Metas/15/11/20191015111900_00160.png,664.2,918,78.4,20,964
10/15/2019 11:20,datasets/dataset_cropped/10_Metas/15/11/20191015112000_00160.jpg,datasets_flow/dataset_cropped/10_Metas/15/11/20191015112000_00160.jpg,datasets_cloudmask/dataset_cropped/10_Metas/15/11/20191015112000_00160.png,666.8,920,78.4,20.1,964
10/15/2019 11:21,datasets/dataset_cropped/10_Metas/15/11/20191015112100_00160.jpg,datasets_flow/dataset_cropped/10_Metas/15/11/20191015112100_00160.jpg,datasets_cloudmask/dataset_cropped/10_Metas/15/11/20191015112100_00160.png,672.5,927,78,20.3,964
10/15/2019 11:22,datasets/dataset_cropped/10_Metas/15/11/20191015112200_00160.jpg,datasets_flow/dataset_cropped/10_Metas/15/11/20191015112200_00160.jpg,datasets_cloudmask/dataset_cropped/10_Metas/15/11/20191015112200_00160.png,675,930,77.9,20.5,964
10/15/2019 11:23,datasets/dataset_cropped/10_Metas/15/11/20191015112300_00160.jpg,datasets_flow/dataset_cropped/10_Metas/15/11/20191015112300_00160.jpg,datasets_cloudmask/dataset_cropped/10_Metas/15/11/20191015112300_00160.png,675.1,929,77.5,20.7,964
10/15/2019 11:24,datasets/dataset_cropped/10_Metas/15/11/20191015112400_00160.jpg,datasets_flow/dataset_cropped/10_Metas/15/11/20191015112400_00160.jpg,datasets_cloudmask/dataset_cropped/10_Metas/15/11/20191015112400_00160.png,676.7,930,77.5,20.9,964
10/15/2019 11:25,datasets/dataset_cropped/10_Metas/15/11/20191015112500_00160.jpg,datasets_flow/dataset_cropped/10_Metas/15/11/20191015112500_00160.jpg,datasets_cloudmask/dataset_cropped/10_Metas/15/11/20191015112500_00160.png,679.5,934,76.9,21,964
10/15/2019 11:26,datasets/dataset_cropped/10_Metas/15/11/20191015112600_00160.jpg,datasets_flow/dataset_cropped/10_Metas/15/11/20191015112600_00160.jpg,datasets_cloudmask/dataset_cropped/10_Metas/15/11/20191015112600_00160.png,681.2,936,76.2,20.9,964
10/15/2019 11:27,datasets/dataset_cropped/10_Metas/15/11/20191015112700_00160.jpg,datasets_flow/dataset_cropped/10_Metas/15/11/20191015112700_00160.jpg,datasets_cloudmask/dataset_cropped/10_Metas/15/11/20191015112700_00160.png,683.3,937,76.1,21.1,964
10/15/2019 11:28,datasets/dataset_cropped/10_Metas/15/11/20191015112800_00160.jpg,datasets_flow/dataset_cropped/10_Metas/15/11/20191015112800_00160.jpg,datasets_cloudmask/dataset_cropped/10_Metas/15/11/20191015112800_00160.png,685.5,940,76,21.2,964
10/15/2019 11:29,datasets/dataset_cropped/10_Metas/15/11/20191015112900_00160.jpg,datasets_flow/dataset_cropped/10_Metas/15/11/20191015112900_00160.jpg,datasets_cloudmask/dataset_cropped/10_Metas/15/11/20191015112900_00160.png,686.2,939,75.6,20.9,964
10/15/2019 11:30,datasets/dataset_cropped/10_Metas/15/11/20191015113000_00160.jpg,datasets_flow/dataset_cropped/10_Metas/15/11/20191015113000_00160.jpg,datasets_cloudmask/dataset_cropped/10_Metas/15/11/20191015113000_00160.png,687,940,75.2,20.6,964
10/15/2019 11:31,datasets/dataset_cropped/10_Metas/15/11/20191015113100_00160.jpg,datasets_flow/dataset_cropped/10_Metas/15/11/20191015113100_00160.jpg,datasets_cloudmask/dataset_cropped/10_Metas/15/11/20191015113100_00160.png,689.6,942,74.7,20.4,964
10/15/2019 11:32,datasets/dataset_cropped/10_Metas/15/11/20191015113200_00160.jpg,datasets_flow/dataset_cropped/10_Metas/15/11/20191015113200_00160.jpg,datasets_cloudmask/dataset_cropped/10_Metas/15/11/20191015113200_00160.png,690.5,940,74.5,20.4,964
10/15/2019 11:33,datasets/dataset_cropped/10_Metas/15/11/20191015113300_00160.jpg,datasets_flow/dataset_cropped/10_Metas/15/11/20191015113300_00160.jpg,datasets_cloudmask/dataset_cropped/10_Metas/15/11/20191015113300_00160.png,690.6,938,74.5,20.3,964
10/15/2019 11:34,datasets/dataset_cropped/10_Metas/15/11/20191015113400_00160.jpg,datasets_flow/dataset_cropped/10_Metas/15/11/20191015113400_00160.jpg,datasets_cloudmask/dataset_cropped/10_Metas/15/11/20191015113400_00160.png,692,938,74.5,20.4,964
10/15/2019 11:35,datasets/dataset_cropped/10_Metas/15/11/20191015113500_00160.jpg,datasets_flow/dataset_cropped/10_Metas/15/11/20191015113500_00160.jpg,datasets_cloudmask/dataset_cropped/10_Metas/15/11/20191015113500_00160.png,693.8,938,74.8,20.6,964
10/15/2019 11:36,datasets/dataset_cropped/10_Metas/15/11/20191015113600_00160.jpg,datasets_flow/dataset_cropped/10_Metas/15/11/20191015113600_00160.jpg,datasets_cloudmask/dataset_cropped/10_Metas/15/11/20191015113600_00160.png,695,937,74.7,20.6,964
10/15/2019 11:37,datasets/dataset_cropped/10_Metas/15/11/20191015113700_00160.jpg,datasets_flow/dataset_cropped/10_Metas/15/11/20191015113700_00160.jpg,datasets_cloudmask/dataset_cropped/10_Metas/15/11/20191015113700_00160.png,696.4,938,74.9,20.9,964
10/15/2019 11:38,datasets/dataset_cropped/10_Metas/15/11/20191015113800_00160.jpg,datasets_flow/dataset_cropped/10_Metas/15/11/20191015113800_00160.jpg,datasets_cloudmask/dataset_cropped/10_Metas/15/11/20191015113800_00160.png,698,939,75.2,20.9,964
10/15/2019 11:39,datasets/dataset_cropped/10_Metas/15/11/20191015113900_00160.jpg,datasets_flow/dataset_cropped/10_Metas/15/11/20191015113900_00160.jpg,datasets_cloudmask/dataset_cropped/10_Metas/15/11/20191015113900_00160.png,698.8,938,75.7,20.9,964
10/15/2019 11:40,datasets/dataset_cropped/10_Metas/15/11/20191015114000_00160.jpg,datasets_flow/dataset_cropped/10_Metas/15/11/20191015114000_00160.jpg,datasets_cloudmask/dataset_cropped/10_Metas/15/11/20191015114000_00160.png,700.9,940,76.1,20.8,964
10/15/2019 11:41,datasets/dataset_cropped/10_Metas/15/11/20191015114100_00160.jpg,datasets_flow/dataset_cropped/10_Metas/15/11/20191015114100_00160.jpg,datasets_cloudmask/dataset_cropped/10_Metas/15/11/20191015114100_00160.png,701.1,938,76.4,20.7,964
10/15/2019 11:42,datasets/dataset_cropped/10_Metas/15/11/20191015114200_00160.jpg,datasets_flow/dataset_cropped/10_Metas/15/11/20191015114200_00160.jpg,datasets_cloudmask/dataset_cropped/10_Metas/15/11/20191015114200_00160.png,700.8,935,76.7,20.7,964
10/15/2019 11:43,datasets/dataset_cropped/10_Metas/15/11/20191015114300_00160.jpg,datasets_flow/dataset_cropped/10_Metas/15/11/20191015114300_00160.jpg,datasets_cloudmask/dataset_cropped/10_Metas/15/11/20191015114300_00160.png,699.3,930,77.3,20.8,964
10/15/2019 11:44,datasets/dataset_cropped/10_Metas/15/11/20191015114400_00160.jpg,datasets_flow/dataset_cropped/10_Metas/15/11/20191015114400_00160.jpg,datasets_cloudmask/dataset_cropped/10_Metas/15/11/20191015114400_00160.png,700.1,929,77.9,20.9,964
10/15/2019 11:45,datasets/dataset_cropped/10_Metas/15/11/20191015114500_00160.jpg,datasets_flow/dataset_cropped/10_Metas/15/11/20191015114500_00160.jpg,datasets_cloudmask/dataset_cropped/10_Metas/15/11/20191015114500_00160.png,701,929,77.7,21,964
10/15/2019 11:46,datasets/dataset_cropped/10_Metas/15/11/20191015114600_00160.jpg,datasets_flow/dataset_cropped/10_Metas/15/11/20191015114600_00160.jpg,datasets_cloudmask/dataset_cropped/10_Metas/15/11/20191015114600_00160.png,704,932,77.4,21,964
10/15/2019 11:47,datasets/dataset_cropped/10_Metas/15/11/20191015114700_00160.jpg,datasets_flow/dataset_cropped/10_Metas/15/11/20191015114700_00160.jpg,datasets_cloudmask/dataset_cropped/10_Metas/15/11/20191015114700_00160.png,703.8,930,78.2,20.9,964
10/15/2019 11:48,datasets/dataset_cropped/10_Metas/15/11/20191015114800_00160.jpg,datasets_flow/dataset_cropped/10_Metas/15/11/20191015114800_00160.jpg,datasets_cloudmask/dataset_cropped/10_Metas/15/11/20191015114800_00160.png,707.5,935,78.2,21.2,964
10/15/2019 11:49,datasets/dataset_cropped/10_Metas/15/11/20191015114900_00160.jpg,datasets_flow/dataset_cropped/10_Metas/15/11/20191015114900_00160.jpg,datasets_cloudmask/dataset_cropped/10_Metas/15/11/20191015114900_00160.png,710.9,940,77.4,21.2,964
10/15/2019 11:50,datasets/dataset_cropped/10_Metas/15/11/20191015115000_00160.jpg,datasets_flow/dataset_cropped/10_Metas/15/11/20191015115000_00160.jpg,datasets_cloudmask/dataset_cropped/10_Metas/15/11/20191015115000_00160.png,711.7,940,77.1,21.1,964
10/15/2019 11:51,datasets/dataset_cropped/10_Metas/15/11/20191015115100_00160.jpg,datasets_flow/dataset_cropped/10_Metas/15/11/20191015115100_00160.jpg,datasets_cloudmask/dataset_cropped/10_Metas/15/11/20191015115100_00160.png,712.8,940,77.2,21.2,964
10/15/2019 11:52,datasets/dataset_cropped/10_Metas/15/11/20191015115200_00160.jpg,datasets_flow/dataset_cropped/10_Metas/15/11/20191015115200_00160.jpg,datasets_cloudmask/dataset_cropped/10_Metas/15/11/20191015115200_00160.png,714.8,941,77.6,20.9,964
10/15/2019 11:53,datasets/dataset_cropped/10_Metas/15/11/20191015115300_00160.jpg,datasets_flow/dataset_cropped/10_Metas/15/11/20191015115300_00160.jpg,datasets_cloudmask/dataset_cropped/10_Metas/15/11/20191015115300_00160.png,716.5,942,77.3,20.6,964
10/15/2019 11:54,datasets/dataset_cropped/10_Metas/15/11/20191015115400_00160.jpg,datasets_flow/dataset_cropped/10_Metas/15/11/20191015115400_00160.jpg,datasets_cloudmask/dataset_cropped/10_Metas/15/11/20191015115400_00160.png,717.9,943,76.7,20.5,964
10/15/2019 11:55,datasets/dataset_cropped/10_Metas/15/11/20191015115500_00160.jpg,datasets_flow/dataset_cropped/10_Metas/15/11/20191015115500_00160.jpg,datasets_cloudmask/dataset_cropped/10_Metas/15/11/20191015115500_00160.png,718.4,942,76.5,20.5,964
10/15/2019 11:56,datasets/dataset_cropped/10_Metas/15/11/20191015115600_00160.jpg,datasets_flow/dataset_cropped/10_Metas/15/11/20191015115600_00160.jpg,datasets_cloudmask/dataset_cropped/10_Metas/15/11/20191015115600_00160.png,718.7,941,76.6,20.9,964
10/15/2019 11:57,datasets/dataset_cropped/10_Metas/15/11/20191015115700_00160.jpg,datasets_flow/dataset_cropped/10_Metas/15/11/20191015115700_00160.jpg,datasets_cloudmask/dataset_cropped/10_Metas/15/11/20191015115700_00160.png,719.7,941,76.2,21.1,964
10/15/2019 11:58,datasets/dataset_cropped/10_Metas/15/11/20191015115800_00160.jpg,datasets_flow/dataset_cropped/10_Metas/15/11/20191015115800_00160.jpg,datasets_cloudmask/dataset_cropped/10_Metas/15/11/20191015115800_00160.png,719.7,939,76.4,20.8,964
10/15/2019 11:59,datasets/dataset_cropped/10_Metas/15/11/20191015115900_00160.jpg,datasets_flow/dataset_cropped/10_Metas/15/11/20191015115900_00160.jpg,datasets_cloudmask/dataset_cropped/10_Metas/15/11/20191015115900_00160.png,720.6,940,76.7,20.7,964
10/15/2019 12:00,datasets/dataset_cropped/10_Metas/15/12/20191015120000_00160.jpg,datasets_flow/dataset_cropped/10_Metas/15/12/20191015120000_00160.jpg,datasets_cloudmask/dataset_cropped/10_Metas/15/12/20191015120000_00160.png,721.5,941,76.2,20.7,964
10/15/2019 12:01,datasets/dataset_cropped/10_Metas/15/12/20191015120100_00160.jpg,datasets_flow/dataset_cropped/10_Metas/15/12/20191015120100_00160.jpg,datasets_cloudmask/dataset_cropped/10_Metas/15/12/20191015120100_00160.png,723.3,943,76.1,20.6,964
10/15/2019 12:02,datasets/dataset_cropped/10_Metas/15/12/20191015120200_00160.jpg,datasets_flow/dataset_cropped/10_Metas/15/12/20191015120200_00160.jpg,datasets_cloudmask/dataset_cropped/10_Metas/15/12/20191015120200_00160.png,725.3,945,76.2,20.7,964
10/15/2019 12:03,datasets/dataset_cropped/10_Metas/15/12/20191015120300_00160.jpg,datasets_flow/dataset_cropped/10_Metas/15/12/20191015120300_00160.jpg,datasets_cloudmask/dataset_cropped/10_Metas/15/12/20191015120300_00160.png,727.4,947,76.1,21,964
10/15/2019 12:04,datasets/dataset_cropped/10_Metas/15/12/20191015120400_00160.jpg,datasets_flow/dataset_cropped/10_Metas/15/12/20191015120400_00160.jpg,datasets_cloudmask/dataset_cropped/10_Metas/15/12/20191015120400_00160.png,729.2,949,76.1,21.2,964
10/15/2019 12:05,datasets/dataset_cropped/10_Metas/15/12/20191015120500_00160.jpg,datasets_flow/dataset_cropped/10_Metas/15/12/20191015120500_00160.jpg,datasets_cloudmask/dataset_cropped/10_Metas/15/12/20191015120500_00160.png,730.1,949,76.1,21,964
10/15/2019 12:06,datasets/dataset_cropped/10_Metas/15/12/20191015120600_00160.jpg,datasets_flow/dataset_cropped/10_Metas/15/12/20191015120600_00160.jpg,datasets_cloudmask/dataset_cropped/10_Metas/15/12/20191015120600_00160.png,731.3,951,75.9,20.9,964
10/15/2019 12:07,datasets/dataset_cropped/10_Metas/15/12/20191015120700_00160.jpg,datasets_flow/dataset_cropped/10_Metas/15/12/20191015120700_00160.jpg,datasets_cloudmask/dataset_cropped/10_Metas/15/12/20191015120700_00160.png,732.5,952,75.7,21,964
10/15/2019 12:08,datasets/dataset_cropped/10_Metas/15/12/20191015120800_00160.jpg,datasets_flow/dataset_cropped/10_Metas/15/12/20191015120800_00160.jpg,datasets_cloudmask/dataset_cropped/10_Metas/15/12/20191015120800_00160.png,732,951,75.8,21.1,964
10/15/2019 12:09,datasets/dataset_cropped/10_Metas/15/12/20191015120900_00160.jpg,datasets_flow/dataset_cropped/10_Metas/15/12/20191015120900_00160.jpg,datasets_cloudmask/dataset_cropped/10_Metas/15/12/20191015120900_00160.png,731.2,948,75.6,20.8,964
10/15/2019 12:10,datasets/dataset_cropped/10_Metas/15/12/20191015121000_00160.jpg,datasets_flow/dataset_cropped/10_Metas/15/12/20191015121000_00160.jpg,datasets_cloudmask/dataset_cropped/10_Metas/15/12/20191015121000_00160.png,730.8,946,75.8,20.7,964
10/15/2019 12:11,datasets/dataset_cropped/10_Metas/15/12/20191015121100_00160.jpg,datasets_flow/dataset_cropped/10_Metas/15/12/20191015121100_00160.jpg,datasets_cloudmask/dataset_cropped/10_Metas/15/12/20191015121100_00160.png,731.5,945,75.7,20.5,964
10/15/2019 12:12,datasets/dataset_cropped/10_Metas/15/12/20191015121200_00160.jpg,datasets_flow/dataset_cropped/10_Metas/15/12/20191015121200_00160.jpg,datasets_cloudmask/dataset_cropped/10_Metas/15/12/20191015121200_00160.png,732.1,945,76,20.3,964
10/15/2019 12:13,datasets/dataset_cropped/10_Metas/15/12/20191015121300_00160.jpg,datasets_flow/dataset_cropped/10_Metas/15/12/20191015121300_00160.jpg,datasets_cloudmask/dataset_cropped/10_Metas/15/12/20191015121300_00160.png,733.4,945,76,20.4,964
10/15/2019 12:14,datasets/dataset_cropped/10_Metas/15/12/20191015121400_00160.jpg,datasets_flow/dataset_cropped/10_Metas/15/12/20191015121400_00160.jpg,datasets_cloudmask/dataset_cropped/10_Metas/15/12/20191015121400_00160.png,734.1,945,76.1,20.3,964
10/15/2019 12:15,datasets/dataset_cropped/10_Metas/15/12/20191015121500_00160.jpg,datasets_flow/dataset_cropped/10_Metas/15/12/20191015121500_00160.jpg,datasets_cloudmask/dataset_cropped/10_Metas/15/12/20191015121500_00160.png,735.2,946,76.3,20.3,964
10/15/2019 12:16,datasets/dataset_cropped/10_Metas/15/12/20191015121600_00160.jpg,datasets_flow/dataset_cropped/10_Metas/15/12/20191015121600_00160.jpg,datasets_cloudmask/dataset_cropped/10_Metas/15/12/20191015121600_00160.png,736.6,947,76.8,20.4,964
10/15/2019 12:17,datasets/dataset_cropped/10_Metas/15/12/20191015121700_00160.jpg,datasets_flow/dataset_cropped/10_Metas/15/12/20191015121700_00160.jpg,datasets_cloudmask/dataset_cropped/10_Metas/15/12/20191015121700_00160.png,736.7,947,76.7,20.8,964
10/15/2019 12:18,datasets/dataset_cropped/10_Metas/15/12/20191015121800_00160.jpg,datasets_flow/dataset_cropped/10_Metas/15/12/20191015121800_00160.jpg,datasets_cloudmask/dataset_cropped/10_Metas/15/12/20191015121800_00160.png,737.6,948,77.1,20.8,964
10/15/2019 12:19,datasets/dataset_cropped/10_Metas/15/12/20191015121900_00160.jpg,datasets_flow/dataset_cropped/10_Metas/15/12/20191015121900_00160.jpg,datasets_cloudmask/dataset_cropped/10_Metas/15/12/20191015121900_00160.png,737.7,948,77,20.8,964
10/15/2019 12:20,datasets/dataset_cropped/10_Metas/15/12/20191015122000_00160.jpg,datasets_flow/dataset_cropped/10_Metas/15/12/20191015122000_00160.jpg,datasets_cloudmask/dataset_cropped/10_Metas/15/12/20191015122000_00160.png,737.1,946,77.5,20.6,964
10/15/2019 12:21,datasets/dataset_cropped/10_Metas/15/12/20191015122100_00160.jpg,datasets_flow/dataset_cropped/10_Metas/15/12/20191015122100_00160.jpg,datasets_cloudmask/dataset_cropped/10_Metas/15/12/20191015122100_00160.png,736.3,944,77.5,20.6,963
10/15/2019 12:22,datasets/dataset_cropped/10_Metas/15/12/20191015122200_00160.jpg,datasets_flow/dataset_cropped/10_Metas/15/12/20191015122200_00160.jpg,datasets_cloudmask/dataset_cropped/10_Metas/15/12/20191015122200_00160.png,736.2,942,77.6,20.7,963
10/15/2019 12:23,datasets/dataset_cropped/10_Metas/15/12/20191015122300_00160.jpg,datasets_flow/dataset_cropped/10_Metas/15/12/20191015122300_00160.jpg,datasets_cloudmask/dataset_cropped/10_Metas/15/12/20191015122300_00160.png,734.6,939,77.4,20.7,963
10/15/2019 12:24,datasets/dataset_cropped/10_Metas/15/12/20191015122400_00160.jpg,datasets_flow/dataset_cropped/10_Metas/15/12/20191015122400_00160.jpg,datasets_cloudmask/dataset_cropped/10_Metas/15/12/20191015122400_00160.png,735.7,939,77.2,20.8,963
10/15/2019 12:25,datasets/dataset_cropped/10_Metas/15/12/20191015122500_00160.jpg,datasets_flow/dataset_cropped/10_Metas/15/12/20191015122500_00160.jpg,datasets_cloudmask/dataset_cropped/10_Metas/15/12/20191015122500_00160.png,738.8,944,76.8,20.6,964
10/15/2019 12:26,datasets/dataset_cropped/10_Metas/15/12/20191015122600_00160.jpg,datasets_flow/dataset_cropped/10_Metas/15/12/20191015122600_00160.jpg,datasets_cloudmask/dataset_cropped/10_Metas/15/12/20191015122600_00160.png,739.4,944,76.6,20.6,964
10/15/2019 12:27,datasets/dataset_cropped/10_Metas/15/12/20191015122700_00160.jpg,datasets_flow/dataset_cropped/10_Metas/15/12/20191015122700_00160.jpg,datasets_cloudmask/dataset_cropped/10_Metas/15/12/20191015122700_00160.png,739.8,944,76.6,20.8,963
10/15/2019 12:28,datasets/dataset_cropped/10_Metas/15/12/20191015122800_00160.jpg,datasets_flow/dataset_cropped/10_Metas/15/12/20191015122800_00160.jpg,datasets_cloudmask/dataset_cropped/10_Metas/15/12/20191015122800_00160.png,740.1,944,76.8,20.6,963
10/15/2019 12:29,datasets/dataset_cropped/10_Metas/15/12/20191015122900_00160.jpg,datasets_flow/dataset_cropped/10_Metas/15/12/20191015122900_00160.jpg,datasets_cloudmask/dataset_cropped/10_Metas/15/12/20191015122900_00160.png,741.1,945,77,20.8,963
10/15/2019 12:30,datasets/dataset_cropped/10_Metas/15/12/20191015123000_00160.jpg,datasets_flow/dataset_cropped/10_Metas/15/12/20191015123000_00160.jpg,datasets_cloudmask/dataset_cropped/10_Metas/15/12/20191015123000_00160.png,742.8,947,77.4,20.8,963
10/15/2019 12:31,datasets/dataset_cropped/10_Metas/15/12/20191015123100_00160.jpg,datasets_flow/dataset_cropped/10_Metas/15/12/20191015123100_00160.jpg,datasets_cloudmask/dataset_cropped/10_Metas/15/12/20191015123100_00160.png,743.3,947,77.4,21,963
10/15/2019 12:32,datasets/dataset_cropped/10_Metas/15/12/20191015123200_00160.jpg,datasets_flow/dataset_cropped/10_Metas/15/12/20191015123200_00160.jpg,datasets_cloudmask/dataset_cropped/10_Metas/15/12/20191015123200_00160.png,742.8,945,77.4,21.1,963
10/15/2019 12:33,datasets/dataset_cropped/10_Metas/15/12/20191015123300_00160.jpg,datasets_flow/dataset_cropped/10_Metas/15/12/20191015123300_00160.jpg,datasets_cloudmask/dataset_cropped/10_Metas/15/12/20191015123300_00160.png,743.6,946,77.5,21.2,963
10/15/2019 12:34,datasets/dataset_cropped/10_Metas/15/12/20191015123400_00160.jpg,datasets_flow/dataset_cropped/10_Metas/15/12/20191015123400_00160.jpg,datasets_cloudmask/dataset_cropped/10_Metas/15/12/20191015123400_00160.png,745.3,949,77.1,21.2,963
10/15/2019 12:35,datasets/dataset_cropped/10_Metas/15/12/20191015123500_00160.jpg,datasets_flow/dataset_cropped/10_Metas/15/12/20191015123500_00160.jpg,datasets_cloudmask/dataset_cropped/10_Metas/15/12/20191015123500_00160.png,745.1,947,77.1,21.4,963
10/15/2019 12:36,datasets/dataset_cropped/10_Metas/15/12/20191015123600_00160.jpg,datasets_flow/dataset_cropped/10_Metas/15/12/20191015123600_00160.jpg,datasets_cloudmask/dataset_cropped/10_Metas/15/12/20191015123600_00160.png,744.6,945,77.4,21.6,963
10/15/2019 12:37,datasets/dataset_cropped/10_Metas/15/12/20191015123700_00160.jpg,datasets_flow/dataset_cropped/10_Metas/15/12/20191015123700_00160.jpg,datasets_cloudmask/dataset_cropped/10_Metas/15/12/20191015123700_00160.png,744.4,944,77.6,21.6,963
10/15/2019 12:38,datasets/dataset_cropped/10_Metas/15/12/20191015123800_00160.jpg,datasets_flow/dataset_cropped/10_Metas/15/12/20191015123800_00160.jpg,datasets_cloudmask/dataset_cropped/10_Metas/15/12/20191015123800_00160.png,745.4,945,78.2,21.2,963
10/15/2019 12:39,datasets/dataset_cropped/10_Metas/15/12/20191015123900_00160.jpg,datasets_flow/dataset_cropped/10_Metas/15/12/20191015123900_00160.jpg,datasets_cloudmask/dataset_cropped/10_Metas/15/12/20191015123900_00160.png,744.8,944,78.8,21.2,963
10/15/2019 12:40,datasets/dataset_cropped/10_Metas/15/12/20191015124000_00160.jpg,datasets_flow/dataset_cropped/10_Metas/15/12/20191015124000_00160.jpg,datasets_cloudmask/dataset_cropped/10_Metas/15/12/20191015124000_00160.png,745.9,947,77.9,21.4,963
10/15/2019 12:41,datasets/dataset_cropped/10_Metas/15/12/20191015124100_00160.jpg,datasets_flow/dataset_cropped/10_Metas/15/12/20191015124100_00160.jpg,datasets_cloudmask/dataset_cropped/10_Metas/15/12/20191015124100_00160.png,746.5,948,77.6,21.5,963
10/15/2019 12:42,datasets/dataset_cropped/10_Metas/15/12/20191015124200_00160.jpg,datasets_flow/dataset_cropped/10_Metas/15/12/20191015124200_00160.jpg,datasets_cloudmask/dataset_cropped/10_Metas/15/12/20191015124200_00160.png,746.7,948,77.7,21.3,963
10/15/2019 12:43,datasets/dataset_cropped/10_Metas/15/12/20191015124300_00160.jpg,datasets_flow/dataset_cropped/10_Metas/15/12/20191015124300_00160.jpg,datasets_cloudmask/dataset_cropped/10_Metas/15/12/20191015124300_00160.png,746.6,947,77.9,21.5,963
10/15/2019 12:44,datasets/dataset_cropped/10_Metas/15/12/20191015124400_00160.jpg,datasets_flow/dataset_cropped/10_Metas/15/12/20191015124400_00160.jpg,datasets_cloudmask/dataset_cropped/10_Metas/15/12/20191015124400_00160.png,746.5,947,77.7,21.5,963
10/15/2019 12:45,datasets/dataset_cropped/10_Metas/15/12/20191015124500_00160.jpg,datasets_flow/dataset_cropped/10_Metas/15/12/20191015124500_00160.jpg,datasets_cloudmask/dataset_cropped/10_Metas/15/12/20191015124500_00160.png,747.1,948,78,21.4,963
10/15/2019 12:46,datasets/dataset_cropped/10_Metas/15/12/20191015124600_00160.jpg,datasets_flow/dataset_cropped/10_Metas/15/12/20191015124600_00160.jpg,datasets_cloudmask/dataset_cropped/10_Metas/15/12/20191015124600_00160.png,746.8,947,78,21.1,963
10/15/2019 12:47,datasets/dataset_cropped/10_Metas/15/12/20191015124700_00160.jpg,datasets_flow/dataset_cropped/10_Metas/15/12/20191015124700_00160.jpg,datasets_cloudmask/dataset_cropped/10_Metas/15/12/20191015124700_00160.png,747.3,948,78,20.9,963
10/15/2019 12:48,datasets/dataset_cropped/10_Metas/15/12/20191015124800_00160.jpg,datasets_flow/dataset_cropped/10_Metas/15/12/20191015124800_00160.jpg,datasets_cloudmask/dataset_cropped/10_Metas/15/12/20191015124800_00160.png,747.6,948,77.3,21.1,963
10/15/2019 12:49,datasets/dataset_cropped/10_Metas/15/12/20191015124900_00160.jpg,datasets_flow/dataset_cropped/10_Metas/15/12/20191015124900_00160.jpg,datasets_cloudmask/dataset_cropped/10_Metas/15/12/20191015124900_00160.png,747.4,948,77.2,21.1,963
10/15/2019 12:50,datasets/dataset_cropped/10_Metas/15/12/20191015125000_00160.jpg,datasets_flow/dataset_cropped/10_Metas/15/12/20191015125000_00160.jpg,datasets_cloudmask/dataset_cropped/10_Metas/15/12/20191015125000_00160.png,746.7,946,77.5,21.3,963
10/15/2019 12:51,datasets/dataset_cropped/10_Metas/15/12/20191015125100_00160.jpg,datasets_flow/dataset_cropped/10_Metas/15/12/20191015125100_00160.jpg,datasets_cloudmask/dataset_cropped/10_Metas/15/12/20191015125100_00160.png,746.7,945,77.5,21.2,963
10/15/2019 12:52,datasets/dataset_cropped/10_Metas/15/12/20191015125200_00160.jpg,datasets_flow/dataset_cropped/10_Metas/15/12/20191015125200_00160.jpg,datasets_cloudmask/dataset_cropped/10_Metas/15/12/20191015125200_00160.png,746.1,943,77.4,21,963
10/15/2019 12:53,datasets/dataset_cropped/10_Metas/15/12/20191015125300_00160.jpg,datasets_flow/dataset_cropped/10_Metas/15/12/20191015125300_00160.jpg,datasets_cloudmask/dataset_cropped/10_Metas/15/12/20191015125300_00160.png,745.6,941,77.4,21.2,963
10/15/2019 12:54,datasets/dataset_cropped/10_Metas/15/12/20191015125400_00160.jpg,datasets_flow/dataset_cropped/10_Metas/15/12/20191015125400_00160.jpg,datasets_cloudmask/dataset_cropped/10_Metas/15/12/20191015125400_00160.png,746,941,77.6,21.4,963
10/15/2019 12:55,datasets/dataset_cropped/10_Metas/15/12/20191015125500_00160.jpg,datasets_flow/dataset_cropped/10_Metas/15/12/20191015125500_00160.jpg,datasets_cloudmask/dataset_cropped/10_Metas/15/12/20191015125500_00160.png,746.1,941,77.7,21.5,963
10/15/2019 12:56,datasets/dataset_cropped/10_Metas/15/12/20191015125600_00160.jpg,datasets_flow/dataset_cropped/10_Metas/15/12/20191015125600_00160.jpg,datasets_cloudmask/dataset_cropped/10_Metas/15/12/20191015125600_00160.png,746.6,942,78.4,21.6,963
10/15/2019 12:57,datasets/dataset_cropped/10_Metas/15/12/20191015125700_00160.jpg,datasets_flow/dataset_cropped/10_Metas/15/12/20191015125700_00160.jpg,datasets_cloudmask/dataset_cropped/10_Metas/15/12/20191015125700_00160.png,746.3,942,78.3,21.6,963
10/15/2019 12:58,datasets/dataset_cropped/10_Metas/15/12/20191015125800_00160.jpg,datasets_flow/dataset_cropped/10_Metas/15/12/20191015125800_00160.jpg,datasets_cloudmask/dataset_cropped/10_Metas/15/12/20191015125800_00160.png,746.3,942,78.2,21.7,963
10/15/2019 12:59,datasets/dataset_cropped/10_Metas/15/12/20191015125900_00160.jpg,datasets_flow/dataset_cropped/10_Metas/15/12/20191015125900_00160.jpg,datasets_cloudmask/dataset_cropped/10_Metas/15/12/20191015125900_00160.png,746.4,942,77.9,21.6,963
10/15/2019 13:00,datasets/dataset_cropped/10_Metas/15/13/20191015130000_00160.jpg,datasets_flow/dataset_cropped/10_Metas/15/13/20191015130000_00160.jpg,datasets_cloudmask/dataset_cropped/10_Metas/15/13/20191015130000_00160.png,746,942,78.4,21.7,963
10/15/2019 13:01,datasets/dataset_cropped/10_Metas/15/13/20191015130100_00160.jpg,datasets_flow/dataset_cropped/10_Metas/15/13/20191015130100_00160.jpg,datasets_cloudmask/dataset_cropped/10_Metas/15/13/20191015130100_00160.png,745.6,942,78.5,21.3,963
10/15/2019 13:02,datasets/dataset_cropped/10_Metas/15/13/20191015130200_00160.jpg,datasets_flow/dataset_cropped/10_Metas/15/13/20191015130200_00160.jpg,datasets_cloudmask/dataset_cropped/10_Metas/15/13/20191015130200_00160.png,745.4,941,78.5,21.2,963
10/15/2019 13:03,datasets/dataset_cropped/10_Metas/15/13/20191015130300_00160.jpg,datasets_flow/dataset_cropped/10_Metas/15/13/20191015130300_00160.jpg,datasets_cloudmask/dataset_cropped/10_Metas/15/13/20191015130300_00160.png,745.5,940,78.5,21.3,963
10/15/2019 13:04,datasets/dataset_cropped/10_Metas/15/13/20191015130400_00160.jpg,datasets_flow/dataset_cropped/10_Metas/15/13/20191015130400_00160.jpg,datasets_cloudmask/dataset_cropped/10_Metas/15/13/20191015130400_00160.png,745.6,941,78.9,21.5,963
10/15/2019 13:05,datasets/dataset_cropped/10_Metas/15/13/20191015130500_00160.jpg,datasets_flow/dataset_cropped/10_Metas/15/13/20191015130500_00160.jpg,datasets_cloudmask/dataset_cropped/10_Metas/15/13/20191015130500_00160.png,745.3,941,78.8,21.5,963
10/15/2019 13:06,datasets/dataset_cropped/10_Metas/15/13/20191015130600_00160.jpg,datasets_flow/dataset_cropped/10_Metas/15/13/20191015130600_00160.jpg,datasets_cloudmask/dataset_cropped/10_Metas/15/13/20191015130600_00160.png,745.4,941,78.5,21.4,963
10/15/2019 13:07,datasets/dataset_cropped/10_Metas/15/13/20191015130700_00160.jpg,datasets_flow/dataset_cropped/10_Metas/15/13/20191015130700_00160.jpg,datasets_cloudmask/dataset_cropped/10_Metas/15/13/20191015130700_00160.png,745.8,942,78.6,21.2,963
10/15/2019 13:08,datasets/dataset_cropped/10_Metas/15/13/20191015130800_00160.jpg,datasets_flow/dataset_cropped/10_Metas/15/13/20191015130800_00160.jpg,datasets_cloudmask/dataset_cropped/10_Metas/15/13/20191015130800_00160.png,746.6,943,78.6,21.3,963
10/15/2019 13:09,datasets/dataset_cropped/10_Metas/15/13/20191015130900_00160.jpg,datasets_flow/dataset_cropped/10_Metas/15/13/20191015130900_00160.jpg,datasets_cloudmask/dataset_cropped/10_Metas/15/13/20191015130900_00160.png,745.5,942,78.5,21.6,963
10/15/2019 13:10,datasets/dataset_cropped/10_Metas/15/13/20191015131000_00160.jpg,datasets_flow/dataset_cropped/10_Metas/15/13/20191015131000_00160.jpg,datasets_cloudmask/dataset_cropped/10_Metas/15/13/20191015131000_00160.png,744.9,940,78.5,21.5,963
10/15/2019 13:11,datasets/dataset_cropped/10_Metas/15/13/20191015131100_00160.jpg,datasets_flow/dataset_cropped/10_Metas/15/13/20191015131100_00160.jpg,datasets_cloudmask/dataset_cropped/10_Metas/15/13/20191015131100_00160.png,744.7,940,78.7,21.5,963
10/15/2019 13:12,datasets/dataset_cropped/10_Metas/15/13/20191015131200_00160.jpg,datasets_flow/dataset_cropped/10_Metas/15/13/20191015131200_00160.jpg,datasets_cloudmask/dataset_cropped/10_Metas/15/13/20191015131200_00160.png,744.8,941,78.8,21.4,963
10/15/2019 13:13,datasets/dataset_cropped/10_Metas/15/13/20191015131300_00160.jpg,datasets_flow/dataset_cropped/10_Metas/15/13/20191015131300_00160.jpg,datasets_cloudmask/dataset_cropped/10_Metas/15/13/20191015131300_00160.png,745.3,943,78.9,21.7,963
10/15/2019 13:14,datasets/dataset_cropped/10_Metas/15/13/20191015131400_00160.jpg,datasets_flow/dataset_cropped/10_Metas/15/13/20191015131400_00160.jpg,datasets_cloudmask/dataset_cropped/10_Metas/15/13/20191015131400_00160.png,743,941,79.2,21.8,963
10/15/2019 13:15,datasets/dataset_cropped/10_Metas/15/13/20191015131500_00160.jpg,datasets_flow/dataset_cropped/10_Metas/15/13/20191015131500_00160.jpg,datasets_cloudmask/dataset_cropped/10_Metas/15/13/20191015131500_00160.png,741.9,940,79.2,21.6,963
10/15/2019 13:16,datasets/dataset_cropped/10_Metas/15/13/20191015131600_00160.jpg,datasets_flow/dataset_cropped/10_Metas/15/13/20191015131600_00160.jpg,datasets_cloudmask/dataset_cropped/10_Metas/15/13/20191015131600_00160.png,742,941,79,21.3,963
10/15/2019 13:17,datasets/dataset_cropped/10_Metas/15/13/20191015131700_00160.jpg,datasets_flow/dataset_cropped/10_Metas/15/13/20191015131700_00160.jpg,datasets_cloudmask/dataset_cropped/10_Metas/15/13/20191015131700_00160.png,741.6,940,78.9,21.1,963
10/15/2019 13:18,datasets/dataset_cropped/10_Metas/15/13/20191015131800_00160.jpg,datasets_flow/dataset_cropped/10_Metas/15/13/20191015131800_00160.jpg,datasets_cloudmask/dataset_cropped/10_Metas/15/13/20191015131800_00160.png,740.2,938,78.7,21.2,963
10/15/2019 13:19,datasets/dataset_cropped/10_Metas/15/13/20191015131900_00160.jpg,datasets_flow/dataset_cropped/10_Metas/15/13/20191015131900_00160.jpg,datasets_cloudmask/dataset_cropped/10_Metas/15/13/20191015131900_00160.png,739.1,936,78.8,21.4,963
10/15/2019 13:20,datasets/dataset_cropped/10_Metas/15/13/20191015132000_00160.jpg,datasets_flow/dataset_cropped/10_Metas/15/13/20191015132000_00160.jpg,datasets_cloudmask/dataset_cropped/10_Metas/15/13/20191015132000_00160.png,739,937,78.8,21.3,963
10/15/2019 13:21,datasets/dataset_cropped/10_Metas/15/13/20191015132100_00160.jpg,datasets_flow/dataset_cropped/10_Metas/15/13/20191015132100_00160.jpg,datasets_cloudmask/dataset_cropped/10_Metas/15/13/20191015132100_00160.png,739.4,938,79,21.2,963
10/15/2019 13:22,datasets/dataset_cropped/10_Metas/15/13/20191015132200_00160.jpg,datasets_flow/dataset_cropped/10_Metas/15/13/20191015132200_00160.jpg,datasets_cloudmask/dataset_cropped/10_Metas/15/13/20191015132200_00160.png,738.4,937,79,21.3,963
10/15/2019 13:23,datasets/dataset_cropped/10_Metas/15/13/20191015132300_00160.jpg,datasets_flow/dataset_cropped/10_Metas/15/13/20191015132300_00160.jpg,datasets_cloudmask/dataset_cropped/10_Metas/15/13/20191015132300_00160.png,738.1,937,79,21.4,963
10/15/2019 13:24,datasets/dataset_cropped/10_Metas/15/13/20191015132400_00160.jpg,datasets_flow/dataset_cropped/10_Metas/15/13/20191015132400_00160.jpg,datasets_cloudmask/dataset_cropped/10_Metas/15/13/20191015132400_00160.png,737.2,936,78.9,21.4,963
10/15/2019 13:25,datasets/dataset_cropped/10_Metas/15/13/20191015132500_00160.jpg,datasets_flow/dataset_cropped/10_Metas/15/13/20191015132500_00160.jpg,datasets_cloudmask/dataset_cropped/10_Metas/15/13/20191015132500_00160.png,736.3,936,78.7,21.3,963
10/15/2019 13:26,datasets/dataset_cropped/10_Metas/15/13/20191015132600_00160.jpg,datasets_flow/dataset_cropped/10_Metas/15/13/20191015132600_00160.jpg,datasets_cloudmask/dataset_cropped/10_Metas/15/13/20191015132600_00160.png,736.4,937,78.5,21.3,963
10/15/2019 13:27,datasets/dataset_cropped/10_Metas/15/13/20191015132700_00160.jpg,datasets_flow/dataset_cropped/10_Metas/15/13/20191015132700_00160.jpg,datasets_cloudmask/dataset_cropped/10_Metas/15/13/20191015132700_00160.png,736.2,937,78.5,21.2,963
10/15/2019 13:28,datasets/dataset_cropped/10_Metas/15/13/20191015132800_00160.jpg,datasets_flow/dataset_cropped/10_Metas/15/13/20191015132800_00160.jpg,datasets_cloudmask/dataset_cropped/10_Metas/15/13/20191015132800_00160.png,735.9,937,78.4,21.3,963
10/15/2019 13:29,datasets/dataset_cropped/10_Metas/15/13/20191015132900_00160.jpg,datasets_flow/dataset_cropped/10_Metas/15/13/20191015132900_00160.jpg,datasets_cloudmask/dataset_cropped/10_Metas/15/13/20191015132900_00160.png,735.7,937,78.2,21.4,963
10/15/2019 13:30,datasets/dataset_cropped/10_Metas/15/13/20191015133000_00160.jpg,datasets_flow/dataset_cropped/10_Metas/15/13/20191015133000_00160.jpg,datasets_cloudmask/dataset_cropped/10_Metas/15/13/20191015133000_00160.png,735.1,938,78.5,21.3,963
10/15/2019 13:31,datasets/dataset_cropped/10_Metas/15/13/20191015133100_00160.jpg,datasets_flow/dataset_cropped/10_Metas/15/13/20191015133100_00160.jpg,datasets_cloudmask/dataset_cropped/10_Metas/15/13/20191015133100_00160.png,734.1,938,78.6,21.2,963
10/15/2019 13:32,datasets/dataset_cropped/10_Metas/15/13/20191015133200_00160.jpg,datasets_flow/dataset_cropped/10_Metas/15/13/20191015133200_00160.jpg,datasets_cloudmask/dataset_cropped/10_Metas/15/13/20191015133200_00160.png,734.2,938,78.7,21.2,963
10/15/2019 13:33,datasets/dataset_cropped/10_Metas/15/13/20191015133300_00160.jpg,datasets_flow/dataset_cropped/10_Metas/15/13/20191015133300_00160.jpg,datasets_cloudmask/dataset_cropped/10_Metas/15/13/20191015133300_00160.png,732.8,937,78.9,21.4,963
10/15/2019 13:34,datasets/dataset_cropped/10_Metas/15/13/20191015133400_00160.jpg,datasets_flow/dataset_cropped/10_Metas/15/13/20191015133400_00160.jpg,datasets_cloudmask/dataset_cropped/10_Metas/15/13/20191015133400_00160.png,731.5,935,79.1,21.5,963
10/15/2019 13:35,datasets/dataset_cropped/10_Metas/15/13/20191015133500_00160.jpg,datasets_flow/dataset_cropped/10_Metas/15/13/20191015133500_00160.jpg,datasets_cloudmask/dataset_cropped/10_Metas/15/13/20191015133500_00160.png,730.2,934,79.7,21.7,963
10/15/2019 13:36,datasets/dataset_cropped/10_Metas/15/13/20191015133600_00160.jpg,datasets_flow/dataset_cropped/10_Metas/15/13/20191015133600_00160.jpg,datasets_cloudmask/dataset_cropped/10_Metas/15/13/20191015133600_00160.png,729.3,933,79.4,22,963
10/15/2019 13:37,datasets/dataset_cropped/10_Metas/15/13/20191015133700_00160.jpg,datasets_flow/dataset_cropped/10_Metas/15/13/20191015133700_00160.jpg,datasets_cloudmask/dataset_cropped/10_Metas/15/13/20191015133700_00160.png,728.3,933,79.2,21.8,963
10/15/2019 13:38,datasets/dataset_cropped/10_Metas/15/13/20191015133800_00160.jpg,datasets_flow/dataset_cropped/10_Metas/15/13/20191015133800_00160.jpg,datasets_cloudmask/dataset_cropped/10_Metas/15/13/20191015133800_00160.png,727.5,933,78.9,21.6,963
10/15/2019 13:39,datasets/dataset_cropped/10_Metas/15/13/20191015133900_00160.jpg,datasets_flow/dataset_cropped/10_Metas/15/13/20191015133900_00160.jpg,datasets_cloudmask/dataset_cropped/10_Metas/15/13/20191015133900_00160.png,727.2,933,79,21.4,963
10/15/2019 13:40,datasets/dataset_cropped/10_Metas/15/13/20191015134000_00160.jpg,datasets_flow/dataset_cropped/10_Metas/15/13/20191015134000_00160.jpg,datasets_cloudmask/dataset_cropped/10_Metas/15/13/20191015134000_00160.png,726.2,932,79.2,21.5,963
10/15/2019 13:41,datasets/dataset_cropped/10_Metas/15/13/20191015134100_00160.jpg,datasets_flow/dataset_cropped/10_Metas/15/13/20191015134100_00160.jpg,datasets_cloudmask/dataset_cropped/10_Metas/15/13/20191015134100_00160.png,724.7,932,78.8,21.5,963
10/15/2019 13:42,datasets/dataset_cropped/10_Metas/15/13/20191015134200_00160.jpg,datasets_flow/dataset_cropped/10_Metas/15/13/20191015134200_00160.jpg,datasets_cloudmask/dataset_cropped/10_Metas/15/13/20191015134200_00160.png,723.9,931,78.7,21.6,963
10/15/2019 13:43,datasets/dataset_cropped/10_Metas/15/13/20191015134300_00160.jpg,datasets_flow/dataset_cropped/10_Metas/15/13/20191015134300_00160.jpg,datasets_cloudmask/dataset_cropped/10_Metas/15/13/20191015134300_00160.png,723,931,78.8,21.9,963
10/15/2019 13:44,datasets/dataset_cropped/10_Metas/15/13/20191015134400_00160.jpg,datasets_flow/dataset_cropped/10_Metas/15/13/20191015134400_00160.jpg,datasets_cloudmask/dataset_cropped/10_Metas/15/13/20191015134400_00160.png,722.1,930,79,22,963
10/15/2019 13:45,datasets/dataset_cropped/10_Metas/15/13/20191015134500_00160.jpg,datasets_flow/dataset_cropped/10_Metas/15/13/20191015134500_00160.jpg,datasets_cloudmask/dataset_cropped/10_Metas/15/13/20191015134500_00160.png,721.5,930,79.3,22.1,963
10/15/2019 13:46,datasets/dataset_cropped/10_Metas/15/13/20191015134600_00160.jpg,datasets_flow/dataset_cropped/10_Metas/15/13/20191015134600_00160.jpg,datasets_cloudmask/dataset_cropped/10_Metas/15/13/20191015134600_00160.png,720.8,931,79.9,22.1,963
10/15/2019 13:47,datasets/dataset_cropped/10_Metas/15/13/20191015134700_00160.jpg,datasets_flow/dataset_cropped/10_Metas/15/13/20191015134700_00160.jpg,datasets_cloudmask/dataset_cropped/10_Metas/15/13/20191015134700_00160.png,719.5,931,80.1,22.3,963
10/15/2019 13:48,datasets/dataset_cropped/10_Metas/15/13/20191015134800_00160.jpg,datasets_flow/dataset_cropped/10_Metas/15/13/20191015134800_00160.jpg,datasets_cloudmask/dataset_cropped/10_Metas/15/13/20191015134800_00160.png,719.3,932,80,22.3,963
10/15/2019 13:49,datasets/dataset_cropped/10_Metas/15/13/20191015134900_00160.jpg,datasets_flow/dataset_cropped/10_Metas/15/13/20191015134900_00160.jpg,datasets_cloudmask/dataset_cropped/10_Metas/15/13/20191015134900_00160.png,717.2,931,79.9,22.1,963
10/15/2019 13:50,datasets/dataset_cropped/10_Metas/15/13/20191015135000_00160.jpg,datasets_flow/dataset_cropped/10_Metas/15/13/20191015135000_00160.jpg,datasets_cloudmask/dataset_cropped/10_Metas/15/13/20191015135000_00160.png,715.4,928,80.3,22.1,963
10/15/2019 13:51,datasets/dataset_cropped/10_Metas/15/13/20191015135100_00160.jpg,datasets_flow/dataset_cropped/10_Metas/15/13/20191015135100_00160.jpg,datasets_cloudmask/dataset_cropped/10_Metas/15/13/20191015135100_00160.png,714.9,928,80.4,22.1,963
10/15/2019 13:52,datasets/dataset_cropped/10_Metas/15/13/20191015135200_00160.jpg,datasets_flow/dataset_cropped/10_Metas/15/13/20191015135200_00160.jpg,datasets_cloudmask/dataset_cropped/10_Metas/15/13/20191015135200_00160.png,713.6,927,80.7,21.9,963
10/15/2019 13:53,datasets/dataset_cropped/10_Metas/15/13/20191015135300_00160.jpg,datasets_flow/dataset_cropped/10_Metas/15/13/20191015135300_00160.jpg,datasets_cloudmask/dataset_cropped/10_Metas/15/13/20191015135300_00160.png,711.4,925,80.7,21.5,963
10/15/2019 13:54,datasets/dataset_cropped/10_Metas/15/13/20191015135400_00160.jpg,datasets_flow/dataset_cropped/10_Metas/15/13/20191015135400_00160.jpg,datasets_cloudmask/dataset_cropped/10_Metas/15/13/20191015135400_00160.png,710.1,924,80.7,21.6,963
10/15/2019 13:55,datasets/dataset_cropped/10_Metas/15/13/20191015135500_00160.jpg,datasets_flow/dataset_cropped/10_Metas/15/13/20191015135500_00160.jpg,datasets_cloudmask/dataset_cropped/10_Metas/15/13/20191015135500_00160.png,709.9,925,80,22,963
10/15/2019 13:56,datasets/dataset_cropped/10_Metas/15/13/20191015135600_00160.jpg,datasets_flow/dataset_cropped/10_Metas/15/13/20191015135600_00160.jpg,datasets_cloudmask/dataset_cropped/10_Metas/15/13/20191015135600_00160.png,709.5,924,80.4,22.1,963
10/15/2019 13:57,datasets/dataset_cropped/10_Metas/15/13/20191015135700_00160.jpg,datasets_flow/dataset_cropped/10_Metas/15/13/20191015135700_00160.jpg,datasets_cloudmask/dataset_cropped/10_Metas/15/13/20191015135700_00160.png,709.5,926,80.9,21.7,962
10/15/2019 13:58,datasets/dataset_cropped/10_Metas/15/13/20191015135800_00160.jpg,datasets_flow/dataset_cropped/10_Metas/15/13/20191015135800_00160.jpg,datasets_cloudmask/dataset_cropped/10_Metas/15/13/20191015135800_00160.png,707.5,924,81.1,21.6,963
10/15/2019 13:59,datasets/dataset_cropped/10_Metas/15/13/20191015135900_00160.jpg,datasets_flow/dataset_cropped/10_Metas/15/13/20191015135900_00160.jpg,datasets_cloudmask/dataset_cropped/10_Metas/15/13/20191015135900_00160.png,705.3,921,81.8,21.6,962
10/15/2019 14:00,datasets/dataset_cropped/10_Metas/15/14/20191015140000_00160.jpg,datasets_flow/dataset_cropped/10_Metas/15/14/20191015140000_00160.jpg,datasets_cloudmask/dataset_cropped/10_Metas/15/14/20191015140000_00160.png,704.8,922,81.1,21.8,963
10/15/2019 14:01,datasets/dataset_cropped/10_Metas/15/14/20191015140100_00160.jpg,datasets_flow/dataset_cropped/10_Metas/15/14/20191015140100_00160.jpg,datasets_cloudmask/dataset_cropped/10_Metas/15/14/20191015140100_00160.png,703.8,922,80.6,22,962
10/15/2019 14:02,datasets/dataset_cropped/10_Metas/15/14/20191015140200_00160.jpg,datasets_flow/dataset_cropped/10_Metas/15/14/20191015140200_00160.jpg,datasets_cloudmask/dataset_cropped/10_Metas/15/14/20191015140200_00160.png,701.9,920,80.1,22.1,962
10/15/2019 14:03,datasets/dataset_cropped/10_Metas/15/14/20191015140300_00160.jpg,datasets_flow/dataset_cropped/10_Metas/15/14/20191015140300_00160.jpg,datasets_cloudmask/dataset_cropped/10_Metas/15/14/20191015140300_00160.png,700.5,918,80.1,22.1,963
10/15/2019 14:04,datasets/dataset_cropped/10_Metas/15/14/20191015140400_00160.jpg,datasets_flow/dataset_cropped/10_Metas/15/14/20191015140400_00160.jpg,datasets_cloudmask/dataset_cropped/10_Metas/15/14/20191015140400_00160.png,700.3,919,80.3,22.1,962
10/15/2019 14:05,datasets/dataset_cropped/10_Metas/15/14/20191015140500_00160.jpg,datasets_flow/dataset_cropped/10_Metas/15/14/20191015140500_00160.jpg,datasets_cloudmask/dataset_cropped/10_Metas/15/14/20191015140500_00160.png,698.1,917,80.4,22.4,962
10/15/2019 14:06,datasets/dataset_cropped/10_Metas/15/14/20191015140600_00160.jpg,datasets_flow/dataset_cropped/10_Metas/15/14/20191015140600_00160.jpg,datasets_cloudmask/dataset_cropped/10_Metas/15/14/20191015140600_00160.png,697,917,81.2,22.2,962
10/15/2019 14:07,datasets/dataset_cropped/10_Metas/15/14/20191015140700_00160.jpg,datasets_flow/dataset_cropped/10_Metas/15/14/20191015140700_00160.jpg,datasets_cloudmask/dataset_cropped/10_Metas/15/14/20191015140700_00160.png,695.8,917,81.6,21.9,962
10/15/2019 14:08,datasets/dataset_cropped/10_Metas/15/14/20191015140800_00160.jpg,datasets_flow/dataset_cropped/10_Metas/15/14/20191015140800_00160.jpg,datasets_cloudmask/dataset_cropped/10_Metas/15/14/20191015140800_00160.png,693.3,915,81.3,21.8,962
10/15/2019 14:09,datasets/dataset_cropped/10_Metas/15/14/20191015140900_00160.jpg,datasets_flow/dataset_cropped/10_Metas/15/14/20191015140900_00160.jpg,datasets_cloudmask/dataset_cropped/10_Metas/15/14/20191015140900_00160.png,692.4,915,80.9,21.9,962
10/15/2019 14:10,datasets/dataset_cropped/10_Metas/15/14/20191015141000_00160.jpg,datasets_flow/dataset_cropped/10_Metas/15/14/20191015141000_00160.jpg,datasets_cloudmask/dataset_cropped/10_Metas/15/14/20191015141000_00160.png,691.5,915,80.9,22.3,962
10/15/2019 14:11,datasets/dataset_cropped/10_Metas/15/14/20191015141100_00160.jpg,datasets_flow/dataset_cropped/10_Metas/15/14/20191015141100_00160.jpg,datasets_cloudmask/dataset_cropped/10_Metas/15/14/20191015141100_00160.png,690.7,916,81.3,22.2,962
10/15/2019 14:12,datasets/dataset_cropped/10_Metas/15/14/20191015141200_00160.jpg,datasets_flow/dataset_cropped/10_Metas/15/14/20191015141200_00160.jpg,datasets_cloudmask/dataset_cropped/10_Metas/15/14/20191015141200_00160.png,689.3,916,81.5,21.9,962
10/15/2019 14:13,datasets/dataset_cropped/10_Metas/15/14/20191015141300_00160.jpg,datasets_flow/dataset_cropped/10_Metas/15/14/20191015141300_00160.jpg,datasets_cloudmask/dataset_cropped/10_Metas/15/14/20191015141300_00160.png,688.1,917,81.1,21.9,962
10/15/2019 14:14,datasets/dataset_cropped/10_Metas/15/14/20191015141400_00160.jpg,datasets_flow/dataset_cropped/10_Metas/15/14/20191015141400_00160.jpg,datasets_cloudmask/dataset_cropped/10_Metas/15/14/20191015141400_00160.png,687.2,918,81.1,22.1,962
10/15/2019 14:15,datasets/dataset_cropped/10_Metas/15/14/20191015141500_00160.jpg,datasets_flow/dataset_cropped/10_Metas/15/14/20191015141500_00160.jpg,datasets_cloudmask/dataset_cropped/10_Metas/15/14/20191015141500_00160.png,685.4,918,80.3,22.1,962
10/15/2019 14:16,datasets/dataset_cropped/10_Metas/15/14/20191015141600_00160.jpg,datasets_flow/dataset_cropped/10_Metas/15/14/20191015141600_00160.jpg,datasets_cloudmask/dataset_cropped/10_Metas/15/14/20191015141600_00160.png,684.7,918,79.6,21.9,962
10/15/2019 14:17,datasets/dataset_cropped/10_Metas/15/14/20191015141700_00160.jpg,datasets_flow/dataset_cropped/10_Metas/15/14/20191015141700_00160.jpg,datasets_cloudmask/dataset_cropped/10_Metas/15/14/20191015141700_00160.png,682.4,916,79.4,22.1,962
10/15/2019 14:18,datasets/dataset_cropped/10_Metas/15/14/20191015141800_00160.jpg,datasets_flow/dataset_cropped/10_Metas/15/14/20191015141800_00160.jpg,datasets_cloudmask/dataset_cropped/10_Metas/15/14/20191015141800_00160.png,681.8,916,79.7,22.1,962
10/15/2019 14:19,datasets/dataset_cropped/10_Metas/15/14/20191015141900_00160.jpg,datasets_flow/dataset_cropped/10_Metas/15/14/20191015141900_00160.jpg,datasets_cloudmask/dataset_cropped/10_Metas/15/14/20191015141900_00160.png,680.1,916,79.6,22.1,962
10/15/2019 14:20,datasets/dataset_cropped/10_Metas/15/14/20191015142000_00160.jpg,datasets_flow/dataset_cropped/10_Metas/15/14/20191015142000_00160.jpg,datasets_cloudmask/dataset_cropped/10_Metas/15/14/20191015142000_00160.png,678.3,914,79.6,22.1,962
10/15/2019 14:21,datasets/dataset_cropped/10_Metas/15/14/20191015142100_00160.jpg,datasets_flow/dataset_cropped/10_Metas/15/14/20191015142100_00160.jpg,datasets_cloudmask/dataset_cropped/10_Metas/15/14/20191015142100_00160.png,676.7,913,79.9,22.2,962
10/15/2019 14:22,datasets/dataset_cropped/10_Metas/15/14/20191015142200_00160.jpg,datasets_flow/dataset_cropped/10_Metas/15/14/20191015142200_00160.jpg,datasets_cloudmask/dataset_cropped/10_Metas/15/14/20191015142200_00160.png,673.9,910,79.9,22.1,962
10/15/2019 14:23,datasets/dataset_cropped/10_Metas/15/14/20191015142300_00160.jpg,datasets_flow/dataset_cropped/10_Metas/15/14/20191015142300_00160.jpg,datasets_cloudmask/dataset_cropped/10_Metas/15/14/20191015142300_00160.png,672,908,79.6,22.3,962
10/15/2019 14:24,datasets/dataset_cropped/10_Metas/15/14/20191015142400_00160.jpg,datasets_flow/dataset_cropped/10_Metas/15/14/20191015142400_00160.jpg,datasets_cloudmask/dataset_cropped/10_Metas/15/14/20191015142400_00160.png,671.2,907,79.9,22.4,962
10/15/2019 14:25,datasets/dataset_cropped/10_Metas/15/14/20191015142500_00160.jpg,datasets_flow/dataset_cropped/10_Metas/15/14/20191015142500_00160.jpg,datasets_cloudmask/dataset_cropped/10_Metas/15/14/20191015142500_00160.png,669.4,905,80.4,22.5,962
10/15/2019 14:26,datasets/dataset_cropped/10_Metas/15/14/20191015142600_00160.jpg,datasets_flow/dataset_cropped/10_Metas/15/14/20191015142600_00160.jpg,datasets_cloudmask/dataset_cropped/10_Metas/15/14/20191015142600_00160.png,668.5,906,80.8,22.3,962
10/15/2019 14:27,datasets/dataset_cropped/10_Metas/15/14/20191015142700_00160.jpg,datasets_flow/dataset_cropped/10_Metas/15/14/20191015142700_00160.jpg,datasets_cloudmask/dataset_cropped/10_Metas/15/14/20191015142700_00160.png,667.6,906,80.9,22.3,962
10/15/2019 14:28,datasets/dataset_cropped/10_Metas/15/14/20191015142800_00160.jpg,datasets_flow/dataset_cropped/10_Metas/15/14/20191015142800_00160.jpg,datasets_cloudmask/dataset_cropped/10_Metas/15/14/20191015142800_00160.png,666.7,907,81.4,22.3,962
10/15/2019 14:29,datasets/dataset_cropped/10_Metas/15/14/20191015142900_00160.jpg,datasets_flow/dataset_cropped/10_Metas/15/14/20191015142900_00160.jpg,datasets_cloudmask/dataset_cropped/10_Metas/15/14/20191015142900_00160.png,664.8,907,81.4,22.3,962
10/15/2019 14:30,datasets/dataset_cropped/10_Metas/15/14/20191015143000_00160.jpg,datasets_flow/dataset_cropped/10_Metas/15/14/20191015143000_00160.jpg,datasets_cloudmask/dataset_cropped/10_Metas/15/14/20191015143000_00160.png,663.7,906,81.1,22.2,962
10/15/2019 14:31,datasets/dataset_cropped/10_Metas/15/14/20191015143100_00160.jpg,datasets_flow/dataset_cropped/10_Metas/15/14/20191015143100_00160.jpg,datasets_cloudmask/dataset_cropped/10_Metas/15/14/20191015143100_00160.png,662.5,905,81.6,22.1,962
10/15/2019 14:32,datasets/dataset_cropped/10_Metas/15/14/20191015143200_00160.jpg,datasets_flow/dataset_cropped/10_Metas/15/14/20191015143200_00160.jpg,datasets_cloudmask/dataset_cropped/10_Metas/15/14/20191015143200_00160.png,660.9,905,81.5,22.1,962
10/15/2019 14:33,datasets/dataset_cropped/10_Metas/15/14/20191015143300_00160.jpg,datasets_flow/dataset_cropped/10_Metas/15/14/20191015143300_00160.jpg,datasets_cloudmask/dataset_cropped/10_Metas/15/14/20191015143300_00160.png,658.1,902,81.8,22.1,962
10/15/2019 14:34,datasets/dataset_cropped/10_Metas/15/14/20191015143400_00160.jpg,datasets_flow/dataset_cropped/10_Metas/15/14/20191015143400_00160.jpg,datasets_cloudmask/dataset_cropped/10_Metas/15/14/20191015143400_00160.png,655.3,899,81.8,22.1,962
10/15/2019 14:35,datasets/dataset_cropped/10_Metas/15/14/20191015143500_00160.jpg,datasets_flow/dataset_cropped/10_Metas/15/14/20191015143500_00160.jpg,datasets_cloudmask/dataset_cropped/10_Metas/15/14/20191015143500_00160.png,653.1,897,82,22,962
10/15/2019 14:36,datasets/dataset_cropped/10_Metas/15/14/20191015143600_00160.jpg,datasets_flow/dataset_cropped/10_Metas/15/14/20191015143600_00160.jpg,datasets_cloudmask/dataset_cropped/10_Metas/15/14/20191015143600_00160.png,647.4,890,81.9,22,962
10/15/2019 14:37,datasets/dataset_cropped/10_Metas/15/14/20191015143700_00160.jpg,datasets_flow/dataset_cropped/10_Metas/15/14/20191015143700_00160.jpg,datasets_cloudmask/dataset_cropped/10_Metas/15/14/20191015143700_00160.png,645.6,889,81.8,22.1,962
10/15/2019 14:38,datasets/dataset_cropped/10_Metas/15/14/20191015143800_00160.jpg,datasets_flow/dataset_cropped/10_Metas/15/14/20191015143800_00160.jpg,datasets_cloudmask/dataset_cropped/10_Metas/15/14/20191015143800_00160.png,648.1,895,82.3,22.1,962
10/15/2019 14:39,datasets/dataset_cropped/10_Metas/15/14/20191015143900_00160.jpg,datasets_flow/dataset_cropped/10_Metas/15/14/20191015143900_00160.jpg,datasets_cloudmask/dataset_cropped/10_Metas/15/14/20191015143900_00160.png,646.4,896,82.2,22.4,962
10/15/2019 14:40,datasets/dataset_cropped/10_Metas/15/14/20191015144000_00160.jpg,datasets_flow/dataset_cropped/10_Metas/15/14/20191015144000_00160.jpg,datasets_cloudmask/dataset_cropped/10_Metas/15/14/20191015144000_00160.png,644.8,897,81.8,22.2,962
10/15/2019 14:41,datasets/dataset_cropped/10_Metas/15/14/20191015144100_00160.jpg,datasets_flow/dataset_cropped/10_Metas/15/14/20191015144100_00160.jpg,datasets_cloudmask/dataset_cropped/10_Metas/15/14/20191015144100_00160.png,642.5,896,81.7,22.1,962
10/15/2019 14:42,datasets/dataset_cropped/10_Metas/15/14/20191015144200_00160.jpg,datasets_flow/dataset_cropped/10_Metas/15/14/20191015144200_00160.jpg,datasets_cloudmask/dataset_cropped/10_Metas/15/14/20191015144200_00160.png,640.2,895,81.8,22.1,962
10/15/2019 14:43,datasets/dataset_cropped/10_Metas/15/14/20191015144300_00160.jpg,datasets_flow/dataset_cropped/10_Metas/15/14/20191015144300_00160.jpg,datasets_cloudmask/dataset_cropped/10_Metas/15/14/20191015144300_00160.png,636.1,891,81.7,21.9,962
10/15/2019 14:44,datasets/dataset_cropped/10_Metas/15/14/20191015144400_00160.jpg,datasets_flow/dataset_cropped/10_Metas/15/14/20191015144400_00160.jpg,datasets_cloudmask/dataset_cropped/10_Metas/15/14/20191015144400_00160.png,631.7,886,81.9,22,962
10/15/2019 14:45,datasets/dataset_cropped/10_Metas/15/14/20191015144500_00160.jpg,datasets_flow/dataset_cropped/10_Metas/15/14/20191015144500_00160.jpg,datasets_cloudmask/dataset_cropped/10_Metas/15/14/20191015144500_00160.png,629.9,886,82,22.3,962
10/15/2019 14:46,datasets/dataset_cropped/10_Metas/15/14/20191015144600_00160.jpg,datasets_flow/dataset_cropped/10_Metas/15/14/20191015144600_00160.jpg,datasets_cloudmask/dataset_cropped/10_Metas/15/14/20191015144600_00160.png,628.3,886,81.8,22.3,962
10/15/2019 14:47,datasets/dataset_cropped/10_Metas/15/14/20191015144700_00160.jpg,datasets_flow/dataset_cropped/10_Metas/15/14/20191015144700_00160.jpg,datasets_cloudmask/dataset_cropped/10_Metas/15/14/20191015144700_00160.png,625.2,883,81.7,22.5,962
10/15/2019 14:48,datasets/dataset_cropped/10_Metas/15/14/20191015144800_00160.jpg,datasets_flow/dataset_cropped/10_Metas/15/14/20191015144800_00160.jpg,datasets_cloudmask/dataset_cropped/10_Metas/15/14/20191015144800_00160.png,622.1,880,81.4,22.6,962
10/15/2019 14:49,datasets/dataset_cropped/10_Metas/15/14/20191015144900_00160.jpg,datasets_flow/dataset_cropped/10_Metas/15/14/20191015144900_00160.jpg,datasets_cloudmask/dataset_cropped/10_Metas/15/14/20191015144900_00160.png,624.6,886,81.2,22.6,962
10/15/2019 14:50,datasets/dataset_cropped/10_Metas/15/14/20191015145000_00160.jpg,datasets_flow/dataset_cropped/10_Metas/15/14/20191015145000_00160.jpg,datasets_cloudmask/dataset_cropped/10_Metas/15/14/20191015145000_00160.png,623,886,81,22.7,962
10/15/2019 14:51,datasets/dataset_cropped/10_Metas/15/14/20191015145100_00160.jpg,datasets_flow/dataset_cropped/10_Metas/15/14/20191015145100_00160.jpg,datasets_cloudmask/dataset_cropped/10_Metas/15/14/20191015145100_00160.png,621.4,886,81,22.4,962
10/15/2019 14:52,datasets/dataset_cropped/10_Metas/15/14/20191015145200_00160.jpg,datasets_flow/dataset_cropped/10_Metas/15/14/20191015145200_00160.jpg,datasets_cloudmask/dataset_cropped/10_Metas/15/14/20191015145200_00160.png,618.9,884,80.7,22.5,962
10/15/2019 14:53,datasets/dataset_cropped/10_Metas/15/14/20191015145300_00160.jpg,datasets_flow/dataset_cropped/10_Metas/15/14/20191015145300_00160.jpg,datasets_cloudmask/dataset_cropped/10_Metas/15/14/20191015145300_00160.png,616.6,883,80.9,22.3,962
10/15/2019 14:54,datasets/dataset_cropped/10_Metas/15/14/20191015145400_00160.jpg,datasets_flow/dataset_cropped/10_Metas/15/14/20191015145400_00160.jpg,datasets_cloudmask/dataset_cropped/10_Metas/15/14/20191015145400_00160.png,614.7,883,81.1,22.2,962
10/15/2019 14:55,datasets/dataset_cropped/10_Metas/15/14/20191015145500_00160.jpg,datasets_flow/dataset_cropped/10_Metas/15/14/20191015145500_00160.jpg,datasets_cloudmask/dataset_cropped/10_Metas/15/14/20191015145500_00160.png,612.2,882,80.7,22.4,962
10/15/2019 14:56,datasets/dataset_cropped/10_Metas/15/14/20191015145600_00160.jpg,datasets_flow/dataset_cropped/10_Metas/15/14/20191015145600_00160.jpg,datasets_cloudmask/dataset_cropped/10_Metas/15/14/20191015145600_00160.png,609.9,880,80.4,22.7,962
10/15/2019 14:57,datasets/dataset_cropped/10_Metas/15/14/20191015145700_00160.jpg,datasets_flow/dataset_cropped/10_Metas/15/14/20191015145700_00160.jpg,datasets_cloudmask/dataset_cropped/10_Metas/15/14/20191015145700_00160.png,607.9,880,80.2,23.1,962
10/15/2019 14:58,datasets/dataset_cropped/10_Metas/15/14/20191015145800_00160.jpg,datasets_flow/dataset_cropped/10_Metas/15/14/20191015145800_00160.jpg,datasets_cloudmask/dataset_cropped/10_Metas/15/14/20191015145800_00160.png,606.4,880,80,23.2,962
10/15/2019 14:59,datasets/dataset_cropped/10_Metas/15/14/20191015145900_00160.jpg,datasets_flow/dataset_cropped/10_Metas/15/14/20191015145900_00160.jpg,datasets_cloudmask/dataset_cropped/10_Metas/15/14/20191015145900_00160.png,604.7,880,80.1,22.9,962
10/15/2019 15:00,datasets/dataset_cropped/10_Metas/15/15/20191015150000_00160.jpg,datasets_flow/dataset_cropped/10_Metas/15/15/20191015150000_00160.jpg,datasets_cloudmask/dataset_cropped/10_Metas/15/15/20191015150000_00160.png,602.8,880,79.8,22.7,962
10/15/2019 15:01,datasets/dataset_cropped/10_Metas/15/15/20191015150100_00160.jpg,datasets_flow/dataset_cropped/10_Metas/15/15/20191015150100_00160.jpg,datasets_cloudmask/dataset_cropped/10_Metas/15/15/20191015150100_00160.png,600.5,878,80,22.4,962
10/15/2019 15:02,datasets/dataset_cropped/10_Metas/15/15/20191015150200_00160.jpg,datasets_flow/dataset_cropped/10_Metas/15/15/20191015150200_00160.jpg,datasets_cloudmask/dataset_cropped/10_Metas/15/15/20191015150200_00160.png,598.4,877,80.2,22.4,962
10/15/2019 15:03,datasets/dataset_cropped/10_Metas/15/15/20191015150300_00160.jpg,datasets_flow/dataset_cropped/10_Metas/15/15/20191015150300_00160.jpg,datasets_cloudmask/dataset_cropped/10_Metas/15/15/20191015150300_00160.png,596.3,876,80,22.5,962
10/15/2019 15:04,datasets/dataset_cropped/10_Metas/15/15/20191015150400_00160.jpg,datasets_flow/dataset_cropped/10_Metas/15/15/20191015150400_00160.jpg,datasets_cloudmask/dataset_cropped/10_Metas/15/15/20191015150400_00160.png,595,877,80.1,22.7,962
10/15/2019 15:05,datasets/dataset_cropped/10_Metas/15/15/20191015150500_00160.jpg,datasets_flow/dataset_cropped/10_Metas/15/15/20191015150500_00160.jpg,datasets_cloudmask/dataset_cropped/10_Metas/15/15/20191015150500_00160.png,593.3,877,80,22.9,962
10/15/2019 15:06,datasets/dataset_cropped/10_Metas/15/15/20191015150600_00160.jpg,datasets_flow/dataset_cropped/10_Metas/15/15/20191015150600_00160.jpg,datasets_cloudmask/dataset_cropped/10_Metas/15/15/20191015150600_00160.png,590.8,876,79.8,22.9,962
10/15/2019 15:07,datasets/dataset_cropped/10_Metas/15/15/20191015150700_00160.jpg,datasets_flow/dataset_cropped/10_Metas/15/15/20191015150700_00160.jpg,datasets_cloudmask/dataset_cropped/10_Metas/15/15/20191015150700_00160.png,588.8,875,79.7,22.6,962
10/15/2019 15:08,datasets/dataset_cropped/10_Metas/15/15/20191015150800_00160.jpg,datasets_flow/dataset_cropped/10_Metas/15/15/20191015150800_00160.jpg,datasets_cloudmask/dataset_cropped/10_Metas/15/15/20191015150800_00160.png,586.9,874,79.8,22.4,962
10/15/2019 15:09,datasets/dataset_cropped/10_Metas/15/15/20191015150900_00160.jpg,datasets_flow/dataset_cropped/10_Metas/15/15/20191015150900_00160.jpg,datasets_cloudmask/dataset_cropped/10_Metas/15/15/20191015150900_00160.png,584,871,79.8,22.4,962
10/15/2019 15:10,datasets/dataset_cropped/10_Metas/15/15/20191015151000_00160.jpg,datasets_flow/dataset_cropped/10_Metas/15/15/20191015151000_00160.jpg,datasets_cloudmask/dataset_cropped/10_Metas/15/15/20191015151000_00160.png,581,869,80.1,22.4,962
10/15/2019 15:11,datasets/dataset_cropped/10_Metas/15/15/20191015151100_00160.jpg,datasets_flow/dataset_cropped/10_Metas/15/15/20191015151100_00160.jpg,datasets_cloudmask/dataset_cropped/10_Metas/15/15/20191015151100_00160.png,580.1,870,79.9,22.6,962
10/15/2019 15:12,datasets/dataset_cropped/10_Metas/15/15/20191015151200_00160.jpg,datasets_flow/dataset_cropped/10_Metas/15/15/20191015151200_00160.jpg,datasets_cloudmask/dataset_cropped/10_Metas/15/15/20191015151200_00160.png,578.2,870,80,22.9,962
10/15/2019 15:13,datasets/dataset_cropped/10_Metas/15/15/20191015151300_00160.jpg,datasets_flow/dataset_cropped/10_Metas/15/15/20191015151300_00160.jpg,datasets_cloudmask/dataset_cropped/10_Metas/15/15/20191015151300_00160.png,576.8,870,80.5,22.9,962
10/15/2019 15:14,datasets/dataset_cropped/10_Metas/15/15/20191015151400_00160.jpg,datasets_flow/dataset_cropped/10_Metas/15/15/20191015151400_00160.jpg,datasets_cloudmask/dataset_cropped/10_Metas/15/15/20191015151400_00160.png,572.8,866,80.5,22.8,962
10/15/2019 15:15,datasets/dataset_cropped/10_Metas/15/15/20191015151500_00160.jpg,datasets_flow/dataset_cropped/10_Metas/15/15/20191015151500_00160.jpg,datasets_cloudmask/dataset_cropped/10_Metas/15/15/20191015151500_00160.png,570.5,865,80.6,22.8,962
10/15/2019 15:16,datasets/dataset_cropped/10_Metas/15/15/20191015151600_00160.jpg,datasets_flow/dataset_cropped/10_Metas/15/15/20191015151600_00160.jpg,datasets_cloudmask/dataset_cropped/10_Metas/15/15/20191015151600_00160.png,569.5,866,80.2,22.7,962
10/15/2019 15:17,datasets/dataset_cropped/10_Metas/15/15/20191015151700_00160.jpg,datasets_flow/dataset_cropped/10_Metas/15/15/20191015151700_00160.jpg,datasets_cloudmask/dataset_cropped/10_Metas/15/15/20191015151700_00160.png,567.5,866,80.5,22.3,962
10/15/2019 15:18,datasets/dataset_cropped/10_Metas/15/15/20191015151800_00160.jpg,datasets_flow/dataset_cropped/10_Metas/15/15/20191015151800_00160.jpg,datasets_cloudmask/dataset_cropped/10_Metas/15/15/20191015151800_00160.png,565.4,865,80.4,22.1,962
10/15/2019 15:19,datasets/dataset_cropped/10_Metas/15/15/20191015151900_00160.jpg,datasets_flow/dataset_cropped/10_Metas/15/15/20191015151900_00160.jpg,datasets_cloudmask/dataset_cropped/10_Metas/15/15/20191015151900_00160.png,563.6,865,80.8,22,962
10/15/2019 15:20,datasets/dataset_cropped/10_Metas/15/15/20191015152000_00160.jpg,datasets_flow/dataset_cropped/10_Metas/15/15/20191015152000_00160.jpg,datasets_cloudmask/dataset_cropped/10_Metas/15/15/20191015152000_00160.png,561.1,864,80.7,21.6,962
10/15/2019 15:21,datasets/dataset_cropped/10_Metas/15/15/20191015152100_00160.jpg,datasets_flow/dataset_cropped/10_Metas/15/15/20191015152100_00160.jpg,datasets_cloudmask/dataset_cropped/10_Metas/15/15/20191015152100_00160.png,558.8,862,80.7,21.6,962
10/15/2019 15:22,datasets/dataset_cropped/10_Metas/15/15/20191015152200_00160.jpg,datasets_flow/dataset_cropped/10_Metas/15/15/20191015152200_00160.jpg,datasets_cloudmask/dataset_cropped/10_Metas/15/15/20191015152200_00160.png,556.1,861,80.8,21.7,962
10/15/2019 15:23,datasets/dataset_cropped/10_Metas/15/15/20191015152300_00160.jpg,datasets_flow/dataset_cropped/10_Metas/15/15/20191015152300_00160.jpg,datasets_cloudmask/dataset_cropped/10_Metas/15/15/20191015152300_00160.png,554.2,860,80.9,22.1,962
10/15/2019 15:24,datasets/dataset_cropped/10_Metas/15/15/20191015152400_00160.jpg,datasets_flow/dataset_cropped/10_Metas/15/15/20191015152400_00160.jpg,datasets_cloudmask/dataset_cropped/10_Metas/15/15/20191015152400_00160.png,551.6,859,80.7,22.4,962
10/15/2019 15:25,datasets/dataset_cropped/10_Metas/15/15/20191015152500_00160.jpg,datasets_flow/dataset_cropped/10_Metas/15/15/20191015152500_00160.jpg,datasets_cloudmask/dataset_cropped/10_Metas/15/15/20191015152500_00160.png,548.9,857,80.7,22.4,962
10/15/2019 15:26,datasets/dataset_cropped/10_Metas/15/15/20191015152600_00160.jpg,datasets_flow/dataset_cropped/10_Metas/15/15/20191015152600_00160.jpg,datasets_cloudmask/dataset_cropped/10_Metas/15/15/20191015152600_00160.png,546.1,854,81,22.3,962
10/15/2019 15:27,datasets/dataset_cropped/10_Metas/15/15/20191015152700_00160.jpg,datasets_flow/dataset_cropped/10_Metas/15/15/20191015152700_00160.jpg,datasets_cloudmask/dataset_cropped/10_Metas/15/15/20191015152700_00160.png,543.5,852,81.5,22.3,962
10/15/2019 15:28,datasets/dataset_cropped/10_Metas/15/15/20191015152800_00160.jpg,datasets_flow/dataset_cropped/10_Metas/15/15/20191015152800_00160.jpg,datasets_cloudmask/dataset_cropped/10_Metas/15/15/20191015152800_00160.png,540.6,850,82,22.2,962
10/15/2019 15:29,datasets/dataset_cropped/10_Metas/15/15/20191015152900_00160.jpg,datasets_flow/dataset_cropped/10_Metas/15/15/20191015152900_00160.jpg,datasets_cloudmask/dataset_cropped/10_Metas/15/15/20191015152900_00160.png,537.7,848,82.1,22.1,962
10/15/2019 15:30,datasets/dataset_cropped/10_Metas/15/15/20191015153000_00160.jpg,datasets_flow/dataset_cropped/10_Metas/15/15/20191015153000_00160.jpg,datasets_cloudmask/dataset_cropped/10_Metas/15/15/20191015153000_00160.png,535.2,847,82.4,22.1,962
10/15/2019 15:31,datasets/dataset_cropped/10_Metas/15/15/20191015153100_00160.jpg,datasets_flow/dataset_cropped/10_Metas/15/15/20191015153100_00160.jpg,datasets_cloudmask/dataset_cropped/10_Metas/15/15/20191015153100_00160.png,532.1,845,82.3,22.2,962
10/15/2019 15:32,datasets/dataset_cropped/10_Metas/15/15/20191015153200_00160.jpg,datasets_flow/dataset_cropped/10_Metas/15/15/20191015153200_00160.jpg,datasets_cloudmask/dataset_cropped/10_Metas/15/15/20191015153200_00160.png,528.8,843,81.8,22.3,962
10/15/2019 15:33,datasets/dataset_cropped/10_Metas/15/15/20191015153300_00160.jpg,datasets_flow/dataset_cropped/10_Metas/15/15/20191015153300_00160.jpg,datasets_cloudmask/dataset_cropped/10_Metas/15/15/20191015153300_00160.png,526.7,843,81.7,22.5,962
10/15/2019 15:34,datasets/dataset_cropped/10_Metas/15/15/20191015153400_00160.jpg,datasets_flow/dataset_cropped/10_Metas/15/15/20191015153400_00160.jpg,datasets_cloudmask/dataset_cropped/10_Metas/15/15/20191015153400_00160.png,523.6,842,81.5,22.6,962
10/15/2019 15:35,datasets/dataset_cropped/10_Metas/15/15/20191015153500_00160.jpg,datasets_flow/dataset_cropped/10_Metas/15/15/20191015153500_00160.jpg,datasets_cloudmask/dataset_cropped/10_Metas/15/15/20191015153500_00160.png,521.3,842,81.1,22.2,962
10/15/2019 15:36,datasets/dataset_cropped/10_Metas/15/15/20191015153600_00160.jpg,datasets_flow/dataset_cropped/10_Metas/15/15/20191015153600_00160.jpg,datasets_cloudmask/dataset_cropped/10_Metas/15/15/20191015153600_00160.png,518.9,842,80.7,22.1,962
10/15/2019 15:37,datasets/dataset_cropped/10_Metas/15/15/20191015153700_00160.jpg,datasets_flow/dataset_cropped/10_Metas/15/15/20191015153700_00160.jpg,datasets_cloudmask/dataset_cropped/10_Metas/15/15/20191015153700_00160.png,516.2,841,80.6,22.2,962
10/15/2019 15:38,datasets/dataset_cropped/10_Metas/15/15/20191015153800_00160.jpg,datasets_flow/dataset_cropped/10_Metas/15/15/20191015153800_00160.jpg,datasets_cloudmask/dataset_cropped/10_Metas/15/15/20191015153800_00160.png,514,841,80.2,22.4,962
10/15/2019 15:39,datasets/dataset_cropped/10_Metas/15/15/20191015153900_00160.jpg,datasets_flow/dataset_cropped/10_Metas/15/15/20191015153900_00160.jpg,datasets_cloudmask/dataset_cropped/10_Metas/15/15/20191015153900_00160.png,510.5,838,80,22.5,962
10/15/2019 15:40,datasets/dataset_cropped/10_Metas/15/15/20191015154000_00160.jpg,datasets_flow/dataset_cropped/10_Metas/15/15/20191015154000_00160.jpg,datasets_cloudmask/dataset_cropped/10_Metas/15/15/20191015154000_00160.png,507.1,834,80.5,22.6,962
10/15/2019 15:41,datasets/dataset_cropped/10_Metas/15/15/20191015154100_00160.jpg,datasets_flow/dataset_cropped/10_Metas/15/15/20191015154100_00160.jpg,datasets_cloudmask/dataset_cropped/10_Metas/15/15/20191015154100_00160.png,504.7,834,79.9,22.6,962
10/15/2019 15:42,datasets/dataset_cropped/10_Metas/15/15/20191015154200_00160.jpg,datasets_flow/dataset_cropped/10_Metas/15/15/20191015154200_00160.jpg,datasets_cloudmask/dataset_cropped/10_Metas/15/15/20191015154200_00160.png,502.2,834,79.2,22.4,962
10/15/2019 15:43,datasets/dataset_cropped/10_Metas/15/15/20191015154300_00160.jpg,datasets_flow/dataset_cropped/10_Metas/15/15/20191015154300_00160.jpg,datasets_cloudmask/dataset_cropped/10_Metas/15/15/20191015154300_00160.png,498.6,831,78.6,22.3,962
10/15/2019 15:44,datasets/dataset_cropped/10_Metas/15/15/20191015154400_00160.jpg,datasets_flow/dataset_cropped/10_Metas/15/15/20191015154400_00160.jpg,datasets_cloudmask/dataset_cropped/10_Metas/15/15/20191015154400_00160.png,495.7,829,78.1,22,962
10/15/2019 15:45,datasets/dataset_cropped/10_Metas/15/15/20191015154500_00160.jpg,datasets_flow/dataset_cropped/10_Metas/15/15/20191015154500_00160.jpg,datasets_cloudmask/dataset_cropped/10_Metas/15/15/20191015154500_00160.png,492.9,827,77.7,22.1,962
10/15/2019 15:46,datasets/dataset_cropped/10_Metas/15/15/20191015154600_00160.jpg,datasets_flow/dataset_cropped/10_Metas/15/15/20191015154600_00160.jpg,datasets_cloudmask/dataset_cropped/10_Metas/15/15/20191015154600_00160.png,489.9,825,77.4,22.1,962
10/15/2019 15:47,datasets/dataset_cropped/10_Metas/15/15/20191015154700_00160.jpg,datasets_flow/dataset_cropped/10_Metas/15/15/20191015154700_00160.jpg,datasets_cloudmask/dataset_cropped/10_Metas/15/15/20191015154700_00160.png,487.2,824,77.5,22.3,962
10/15/2019 15:48,datasets/dataset_cropped/10_Metas/15/15/20191015154800_00160.jpg,datasets_flow/dataset_cropped/10_Metas/15/15/20191015154800_00160.jpg,datasets_cloudmask/dataset_cropped/10_Metas/15/15/20191015154800_00160.png,484.1,822,77.8,22.4,962
10/15/2019 15:49,datasets/dataset_cropped/10_Metas/15/15/20191015154900_00160.jpg,datasets_flow/dataset_cropped/10_Metas/15/15/20191015154900_00160.jpg,datasets_cloudmask/dataset_cropped/10_Metas/15/15/20191015154900_00160.png,480.1,819,77.7,22.4,962
10/15/2019 15:50,datasets/dataset_cropped/10_Metas/15/15/20191015155000_00160.jpg,datasets_flow/dataset_cropped/10_Metas/15/15/20191015155000_00160.jpg,datasets_cloudmask/dataset_cropped/10_Metas/15/15/20191015155000_00160.png,477.9,819,77.9,22.3,962
10/15/2019 15:51,datasets/dataset_cropped/10_Metas/15/15/20191015155100_00160.jpg,datasets_flow/dataset_cropped/10_Metas/15/15/20191015155100_00160.jpg,datasets_cloudmask/dataset_cropped/10_Metas/15/15/20191015155100_00160.png,475.5,819,77.3,22.3,962
10/15/2019 15:52,datasets/dataset_cropped/10_Metas/15/15/20191015155200_00160.jpg,datasets_flow/dataset_cropped/10_Metas/15/15/20191015155200_00160.jpg,datasets_cloudmask/dataset_cropped/10_Metas/15/15/20191015155200_00160.png,472.4,817,77,22.2,962
10/15/2019 15:53,datasets/dataset_cropped/10_Metas/15/15/20191015155300_00160.jpg,datasets_flow/dataset_cropped/10_Metas/15/15/20191015155300_00160.jpg,datasets_cloudmask/dataset_cropped/10_Metas/15/15/20191015155300_00160.png,470,816,76.8,22.3,962
10/15/2019 15:54,datasets/dataset_cropped/10_Metas/15/15/20191015155400_00160.jpg,datasets_flow/dataset_cropped/10_Metas/15/15/20191015155400_00160.jpg,datasets_cloudmask/dataset_cropped/10_Metas/15/15/20191015155400_00160.png,467.3,815,76.3,22.2,962
10/15/2019 15:55,datasets/dataset_cropped/10_Metas/15/15/20191015155500_00160.jpg,datasets_flow/dataset_cropped/10_Metas/15/15/20191015155500_00160.jpg,datasets_cloudmask/dataset_cropped/10_Metas/15/15/20191015155500_00160.png,464.2,813,76.1,22.1,962
10/15/2019 15:56,datasets/dataset_cropped/10_Metas/15/15/20191015155600_00160.jpg,datasets_flow/dataset_cropped/10_Metas/15/15/20191015155600_00160.jpg,datasets_cloudmask/dataset_cropped/10_Metas/15/15/20191015155600_00160.png,461.9,813,75.7,21.9,962
10/15/2019 15:57,datasets/dataset_cropped/10_Metas/15/15/20191015155700_00160.jpg,datasets_flow/dataset_cropped/10_Metas/15/15/20191015155700_00160.jpg,datasets_cloudmask/dataset_cropped/10_Metas/15/15/20191015155700_00160.png,459.2,811,75.3,21.9,962
10/15/2019 15:58,datasets/dataset_cropped/10_Metas/15/15/20191015155800_00160.jpg,datasets_flow/dataset_cropped/10_Metas/15/15/20191015155800_00160.jpg,datasets_cloudmask/dataset_cropped/10_Metas/15/15/20191015155800_00160.png,456.2,808,75.7,22.1,962
10/15/2019 15:59,datasets/dataset_cropped/10_Metas/15/15/20191015155900_00160.jpg,datasets_flow/dataset_cropped/10_Metas/15/15/20191015155900_00160.jpg,datasets_cloudmask/dataset_cropped/10_Metas/15/15/20191015155900_00160.png,453.4,807,76,22.3,962
10/15/2019 16:00,datasets/dataset_cropped/10_Metas/15/16/20191015160000_00160.jpg,datasets_flow/dataset_cropped/10_Metas/15/16/20191015160000_00160.jpg,datasets_cloudmask/dataset_cropped/10_Metas/15/16/20191015160000_00160.png,450.7,804,76.7,22.4,962
10/15/2019 16:01,datasets/dataset_cropped/10_Metas/15/16/20191015160100_00160.jpg,datasets_flow/dataset_cropped/10_Metas/15/16/20191015160100_00160.jpg,datasets_cloudmask/dataset_cropped/10_Metas/15/16/20191015160100_00160.png,447.9,805,75.5,22.2,962
10/15/2019 16:02,datasets/dataset_cropped/10_Metas/15/16/20191015160200_00160.jpg,datasets_flow/dataset_cropped/10_Metas/15/16/20191015160200_00160.jpg,datasets_cloudmask/dataset_cropped/10_Metas/15/16/20191015160200_00160.png,444.6,802,75.6,22.1,962
10/15/2019 16:03,datasets/dataset_cropped/10_Metas/15/16/20191015160300_00160.jpg,datasets_flow/dataset_cropped/10_Metas/15/16/20191015160300_00160.jpg,datasets_cloudmask/dataset_cropped/10_Metas/15/16/20191015160300_00160.png,440.9,799.1,75.6,22,962
10/15/2019 16:04,datasets/dataset_cropped/10_Metas/15/16/20191015160400_00160.jpg,datasets_flow/dataset_cropped/10_Metas/15/16/20191015160400_00160.jpg,datasets_cloudmask/dataset_cropped/10_Metas/15/16/20191015160400_00160.png,437.3,796,75.3,22.1,962
10/15/2019 16:05,datasets/dataset_cropped/10_Metas/15/16/20191015160500_00160.jpg,datasets_flow/dataset_cropped/10_Metas/15/16/20191015160500_00160.jpg,datasets_cloudmask/dataset_cropped/10_Metas/15/16/20191015160500_00160.png,434,792.9,75.1,22.1,962
10/15/2019 16:06,datasets/dataset_cropped/10_Metas/15/16/20191015160600_00160.jpg,datasets_flow/dataset_cropped/10_Metas/15/16/20191015160600_00160.jpg,datasets_cloudmask/dataset_cropped/10_Metas/15/16/20191015160600_00160.png,431.4,791.3,75.3,22.2,962
10/15/2019 16:07,datasets/dataset_cropped/10_Metas/15/16/20191015160700_00160.jpg,datasets_flow/dataset_cropped/10_Metas/15/16/20191015160700_00160.jpg,datasets_cloudmask/dataset_cropped/10_Metas/15/16/20191015160700_00160.png,429.1,790.6,75.6,22.2,962
10/15/2019 16:08,datasets/dataset_cropped/10_Metas/15/16/20191015160800_00160.jpg,datasets_flow/dataset_cropped/10_Metas/15/16/20191015160800_00160.jpg,datasets_cloudmask/dataset_cropped/10_Metas/15/16/20191015160800_00160.png,426.3,789,75.7,22.2,962
10/15/2019 16:09,datasets/dataset_cropped/10_Metas/15/16/20191015160900_00160.jpg,datasets_flow/dataset_cropped/10_Metas/15/16/20191015160900_00160.jpg,datasets_cloudmask/dataset_cropped/10_Metas/15/16/20191015160900_00160.png,423.4,787,76,22,962
10/15/2019 16:10,datasets/dataset_cropped/10_Metas/15/16/20191015161000_00160.jpg,datasets_flow/dataset_cropped/10_Metas/15/16/20191015161000_00160.jpg,datasets_cloudmask/dataset_cropped/10_Metas/15/16/20191015161000_00160.png,420.4,784.2,76.4,22.1,962
10/15/2019 16:11,datasets/dataset_cropped/10_Metas/15/16/20191015161100_00160.jpg,datasets_flow/dataset_cropped/10_Metas/15/16/20191015161100_00160.jpg,datasets_cloudmask/dataset_cropped/10_Metas/15/16/20191015161100_00160.png,416.8,780.1,76.4,22,962
10/15/2019 16:12,datasets/dataset_cropped/10_Metas/15/16/20191015161200_00160.jpg,datasets_flow/dataset_cropped/10_Metas/15/16/20191015161200_00160.jpg,datasets_cloudmask/dataset_cropped/10_Metas/15/16/20191015161200_00160.png,415.6,780.3,76.7,22.1,962
10/15/2019 16:13,datasets/dataset_cropped/10_Metas/15/16/20191015161300_00160.jpg,datasets_flow/dataset_cropped/10_Metas/15/16/20191015161300_00160.jpg,datasets_cloudmask/dataset_cropped/10_Metas/15/16/20191015161300_00160.png,413.3,778.6,77,22.1,962
10/15/2019 16:14,datasets/dataset_cropped/10_Metas/15/16/20191015161400_00160.jpg,datasets_flow/dataset_cropped/10_Metas/15/16/20191015161400_00160.jpg,datasets_cloudmask/dataset_cropped/10_Metas/15/16/20191015161400_00160.png,410.8,777.5,77.2,22.2,962
10/15/2019 16:15,datasets/dataset_cropped/10_Metas/15/16/20191015161500_00160.jpg,datasets_flow/dataset_cropped/10_Metas/15/16/20191015161500_00160.jpg,datasets_cloudmask/dataset_cropped/10_Metas/15/16/20191015161500_00160.png,407.6,775.2,77.2,22,962
10/15/2019 16:16,datasets/dataset_cropped/10_Metas/15/16/20191015161600_00160.jpg,datasets_flow/dataset_cropped/10_Metas/15/16/20191015161600_00160.jpg,datasets_cloudmask/dataset_cropped/10_Metas/15/16/20191015161600_00160.png,404.9,773.3,77.3,21.7,962
10/15/2019 16:17,datasets/dataset_cropped/10_Metas/15/16/20191015161700_00160.jpg,datasets_flow/dataset_cropped/10_Metas/15/16/20191015161700_00160.jpg,datasets_cloudmask/dataset_cropped/10_Metas/15/16/20191015161700_00160.png,401.6,769.6,77.4,21.6,962
10/15/2019 16:18,datasets/dataset_cropped/10_Metas/15/16/20191015161800_00160.jpg,datasets_flow/dataset_cropped/10_Metas/15/16/20191015161800_00160.jpg,datasets_cloudmask/dataset_cropped/10_Metas/15/16/20191015161800_00160.png,398.9,766.3,78,21.7,962
10/15/2019 16:19,datasets/dataset_cropped/10_Metas/15/16/20191015161900_00160.jpg,datasets_flow/dataset_cropped/10_Metas/15/16/20191015161900_00160.jpg,datasets_cloudmask/dataset_cropped/10_Metas/15/16/20191015161900_00160.png,395.7,763.1,78.3,21.9,962
10/15/2019 16:20,datasets/dataset_cropped/10_Metas/15/16/20191015162000_00160.jpg,datasets_flow/dataset_cropped/10_Metas/15/16/20191015162000_00160.jpg,datasets_cloudmask/dataset_cropped/10_Metas/15/16/20191015162000_00160.png,391.1,758.9,77.6,21.9,962
10/15/2019 16:21,datasets/dataset_cropped/10_Metas/15/16/20191015162100_00160.jpg,datasets_flow/dataset_cropped/10_Metas/15/16/20191015162100_00160.jpg,datasets_cloudmask/dataset_cropped/10_Metas/15/16/20191015162100_00160.png,387.9,756.9,77.3,22,962
10/15/2019 16:22,datasets/dataset_cropped/10_Metas/15/16/20191015162200_00160.jpg,datasets_flow/dataset_cropped/10_Metas/15/16/20191015162200_00160.jpg,datasets_cloudmask/dataset_cropped/10_Metas/15/16/20191015162200_00160.png,384.3,755.4,76.7,22.2,962
10/15/2019 16:23,datasets/dataset_cropped/10_Metas/15/16/20191015162300_00160.jpg,datasets_flow/dataset_cropped/10_Metas/15/16/20191015162300_00160.jpg,datasets_cloudmask/dataset_cropped/10_Metas/15/16/20191015162300_00160.png,381.3,754.7,76.1,22.4,962
10/15/2019 16:24,datasets/dataset_cropped/10_Metas/15/16/20191015162400_00160.jpg,datasets_flow/dataset_cropped/10_Metas/15/16/20191015162400_00160.jpg,datasets_cloudmask/dataset_cropped/10_Metas/15/16/20191015162400_00160.png,378.4,754.6,75.5,22.2,962
10/15/2019 16:25,datasets/dataset_cropped/10_Metas/15/16/20191015162500_00160.jpg,datasets_flow/dataset_cropped/10_Metas/15/16/20191015162500_00160.jpg,datasets_cloudmask/dataset_cropped/10_Metas/15/16/20191015162500_00160.png,374.8,751.5,75.4,22.3,962
10/15/2019 16:26,datasets/dataset_cropped/10_Metas/15/16/20191015162600_00160.jpg,datasets_flow/dataset_cropped/10_Metas/15/16/20191015162600_00160.jpg,datasets_cloudmask/dataset_cropped/10_Metas/15/16/20191015162600_00160.png,371.1,750.2,74.1,22.2,962
10/15/2019 16:27,datasets/dataset_cropped/10_Metas/15/16/20191015162700_00160.jpg,datasets_flow/dataset_cropped/10_Metas/15/16/20191015162700_00160.jpg,datasets_cloudmask/dataset_cropped/10_Metas/15/16/20191015162700_00160.png,367.1,747,73.4,22.1,962
10/15/2019 16:28,datasets/dataset_cropped/10_Metas/15/16/20191015162800_00160.jpg,datasets_flow/dataset_cropped/10_Metas/15/16/20191015162800_00160.jpg,datasets_cloudmask/dataset_cropped/10_Metas/15/16/20191015162800_00160.png,363.5,744.4,72.9,22.1,962
10/15/2019 16:29,datasets/dataset_cropped/10_Metas/15/16/20191015162900_00160.jpg,datasets_flow/dataset_cropped/10_Metas/15/16/20191015162900_00160.jpg,datasets_cloudmask/dataset_cropped/10_Metas/15/16/20191015162900_00160.png,359.7,741.3,72.5,22.3,962
10/15/2019 16:30,datasets/dataset_cropped/10_Metas/15/16/20191015163000_00160.jpg,datasets_flow/dataset_cropped/10_Metas/15/16/20191015163000_00160.jpg,datasets_cloudmask/dataset_cropped/10_Metas/15/16/20191015163000_00160.png,356.9,740.5,72.1,22.1,962
10/15/2019 16:31,datasets/dataset_cropped/10_Metas/15/16/20191015163100_00160.jpg,datasets_flow/dataset_cropped/10_Metas/15/16/20191015163100_00160.jpg,datasets_cloudmask/dataset_cropped/10_Metas/15/16/20191015163100_00160.png,353.5,738,71.6,22.2,962
10/15/2019 16:32,datasets/dataset_cropped/10_Metas/15/16/20191015163200_00160.jpg,datasets_flow/dataset_cropped/10_Metas/15/16/20191015163200_00160.jpg,datasets_cloudmask/dataset_cropped/10_Metas/15/16/20191015163200_00160.png,350,735.9,70.9,22.2,962
10/15/2019 16:33,datasets/dataset_cropped/10_Metas/15/16/20191015163300_00160.jpg,datasets_flow/dataset_cropped/10_Metas/15/16/20191015163300_00160.jpg,datasets_cloudmask/dataset_cropped/10_Metas/15/16/20191015163300_00160.png,346.2,733.2,70,22.1,962
10/15/2019 16:34,datasets/dataset_cropped/10_Metas/15/16/20191015163400_00160.jpg,datasets_flow/dataset_cropped/10_Metas/15/16/20191015163400_00160.jpg,datasets_cloudmask/dataset_cropped/10_Metas/15/16/20191015163400_00160.png,342.9,731.2,69.3,22,962
10/15/2019 16:35,datasets/dataset_cropped/10_Metas/15/16/20191015163500_00160.jpg,datasets_flow/dataset_cropped/10_Metas/15/16/20191015163500_00160.jpg,datasets_cloudmask/dataset_cropped/10_Metas/15/16/20191015163500_00160.png,339.8,729.7,68.8,21.9,962
10/15/2019 16:36,datasets/dataset_cropped/10_Metas/15/16/20191015163600_00160.jpg,datasets_flow/dataset_cropped/10_Metas/15/16/20191015163600_00160.jpg,datasets_cloudmask/dataset_cropped/10_Metas/15/16/20191015163600_00160.png,336.3,726.7,68.2,22.1,962
10/15/2019 16:37,datasets/dataset_cropped/10_Metas/15/16/20191015163700_00160.jpg,datasets_flow/dataset_cropped/10_Metas/15/16/20191015163700_00160.jpg,datasets_cloudmask/dataset_cropped/10_Metas/15/16/20191015163700_00160.png,332.7,723.4,67.8,22,962
10/15/2019 16:38,datasets/dataset_cropped/10_Metas/15/16/20191015163800_00160.jpg,datasets_flow/dataset_cropped/10_Metas/15/16/20191015163800_00160.jpg,datasets_cloudmask/dataset_cropped/10_Metas/15/16/20191015163800_00160.png,329.6,721.6,67.5,22,962
10/15/2019 16:39,datasets/dataset_cropped/10_Metas/15/16/20191015163900_00160.jpg,datasets_flow/dataset_cropped/10_Metas/15/16/20191015163900_00160.jpg,datasets_cloudmask/dataset_cropped/10_Metas/15/16/20191015163900_00160.png,326.9,720.4,67.3,22,962
10/15/2019 16:40,datasets/dataset_cropped/10_Metas/15/16/20191015164000_00160.jpg,datasets_flow/dataset_cropped/10_Metas/15/16/20191015164000_00160.jpg,datasets_cloudmask/dataset_cropped/10_Metas/15/16/20191015164000_00160.png,323.9,719,67.1,22,962
10/15/2019 16:41,datasets/dataset_cropped/10_Metas/15/16/20191015164100_00160.jpg,datasets_flow/dataset_cropped/10_Metas/15/16/20191015164100_00160.jpg,datasets_cloudmask/dataset_cropped/10_Metas/15/16/20191015164100_00160.png,320.5,716.6,66.7,22,962
10/15/2019 16:42,datasets/dataset_cropped/10_Metas/15/16/20191015164200_00160.jpg,datasets_flow/dataset_cropped/10_Metas/15/16/20191015164200_00160.jpg,datasets_cloudmask/dataset_cropped/10_Metas/15/16/20191015164200_00160.png,316.8,712.9,66.5,22,962
10/15/2019 16:43,datasets/dataset_cropped/10_Metas/15/16/20191015164300_00160.jpg,datasets_flow/dataset_cropped/10_Metas/15/16/20191015164300_00160.jpg,datasets_cloudmask/dataset_cropped/10_Metas/15/16/20191015164300_00160.png,313.1,709.4,66.3,22.1,962
10/15/2019 16:44,datasets/dataset_cropped/10_Metas/15/16/20191015164400_00160.jpg,datasets_flow/dataset_cropped/10_Metas/15/16/20191015164400_00160.jpg,datasets_cloudmask/dataset_cropped/10_Metas/15/16/20191015164400_00160.png,309.5,705.8,66.2,22.2,962
10/15/2019 16:45,datasets/dataset_cropped/10_Metas/15/16/20191015164500_00160.jpg,datasets_flow/dataset_cropped/10_Metas/15/16/20191015164500_00160.jpg,datasets_cloudmask/dataset_cropped/10_Metas/15/16/20191015164500_00160.png,305.9,702.3,65.8,21.9,962
10/15/2019 16:46,datasets/dataset_cropped/10_Metas/15/16/20191015164600_00160.jpg,datasets_flow/dataset_cropped/10_Metas/15/16/20191015164600_00160.jpg,datasets_cloudmask/dataset_cropped/10_Metas/15/16/20191015164600_00160.png,302.4,698.6,65.8,21.9,962
10/15/2019 16:47,datasets/dataset_cropped/10_Metas/15/16/20191015164700_00160.jpg,datasets_flow/dataset_cropped/10_Metas/15/16/20191015164700_00160.jpg,datasets_cloudmask/dataset_cropped/10_Metas/15/16/20191015164700_00160.png,299.2,696,65.4,21.9,962
10/15/2019 16:48,datasets/dataset_cropped/10_Metas/15/16/20191015164800_00160.jpg,datasets_flow/dataset_cropped/10_Metas/15/16/20191015164800_00160.jpg,datasets_cloudmask/dataset_cropped/10_Metas/15/16/20191015164800_00160.png,295.8,693.6,64.8,21.9,962
10/15/2019 16:49,datasets/dataset_cropped/10_Metas/15/16/20191015164900_00160.jpg,datasets_flow/dataset_cropped/10_Metas/15/16/20191015164900_00160.jpg,datasets_cloudmask/dataset_cropped/10_Metas/15/16/20191015164900_00160.png,292.9,691.6,64.6,21.8,962
10/15/2019 16:50,datasets/dataset_cropped/10_Metas/15/16/20191015165000_00160.jpg,datasets_flow/dataset_cropped/10_Metas/15/16/20191015165000_00160.jpg,datasets_cloudmask/dataset_cropped/10_Metas/15/16/20191015165000_00160.png,289,688,63.9,21.9,962
10/15/2019 16:51,datasets/dataset_cropped/10_Metas/15/16/20191015165100_00160.jpg,datasets_flow/dataset_cropped/10_Metas/15/16/20191015165100_00160.jpg,datasets_cloudmask/dataset_cropped/10_Metas/15/16/20191015165100_00160.png,285.7,685.3,63.2,21.8,962
10/15/2019 16:52,datasets/dataset_cropped/10_Metas/15/16/20191015165200_00160.jpg,datasets_flow/dataset_cropped/10_Metas/15/16/20191015165200_00160.jpg,datasets_cloudmask/dataset_cropped/10_Metas/15/16/20191015165200_00160.png,282.6,682.7,62.7,21.8,962
10/15/2019 16:53,datasets/dataset_cropped/10_Metas/15/16/20191015165300_00160.jpg,datasets_flow/dataset_cropped/10_Metas/15/16/20191015165300_00160.jpg,datasets_cloudmask/dataset_cropped/10_Metas/15/16/20191015165300_00160.png,279.6,680.1,62.5,21.8,962
10/15/2019 16:54,datasets/dataset_cropped/10_Metas/15/16/20191015165400_00160.jpg,datasets_flow/dataset_cropped/10_Metas/15/16/20191015165400_00160.jpg,datasets_cloudmask/dataset_cropped/10_Metas/15/16/20191015165400_00160.png,276.2,676.4,62.3,21.9,962
10/15/2019 16:55,datasets/dataset_cropped/10_Metas/15/16/20191015165500_00160.jpg,datasets_flow/dataset_cropped/10_Metas/15/16/20191015165500_00160.jpg,datasets_cloudmask/dataset_cropped/10_Metas/15/16/20191015165500_00160.png,272.6,672.3,62.1,21.9,962
10/15/2019 16:56,datasets/dataset_cropped/10_Metas/15/16/20191015165600_00160.jpg,datasets_flow/dataset_cropped/10_Metas/15/16/20191015165600_00160.jpg,datasets_cloudmask/dataset_cropped/10_Metas/15/16/20191015165600_00160.png,269.2,668.3,62,21.7,962
10/15/2019 16:57,datasets/dataset_cropped/10_Metas/15/16/20191015165700_00160.jpg,datasets_flow/dataset_cropped/10_Metas/15/16/20191015165700_00160.jpg,datasets_cloudmask/dataset_cropped/10_Metas/15/16/20191015165700_00160.png,265.4,663.6,61.5,21.4,962
10/15/2019 16:58,datasets/dataset_cropped/10_Metas/15/16/20191015165800_00160.jpg,datasets_flow/dataset_cropped/10_Metas/15/16/20191015165800_00160.jpg,datasets_cloudmask/dataset_cropped/10_Metas/15/16/20191015165800_00160.png,261.9,659.3,61.3,21.3,962
10/15/2019 16:59,datasets/dataset_cropped/10_Metas/15/16/20191015165900_00160.jpg,datasets_flow/dataset_cropped/10_Metas/15/16/20191015165900_00160.jpg,datasets_cloudmask/dataset_cropped/10_Metas/15/16/20191015165900_00160.png,258.2,653.8,61.5,21.4,962
10/15/2019 17:00,datasets/dataset_cropped/10_Metas/15/17/20191015170000_00160.jpg,datasets_flow/dataset_cropped/10_Metas/15/17/20191015170000_00160.jpg,datasets_cloudmask/dataset_cropped/10_Metas/15/17/20191015170000_00160.png,255.1,651,61.3,21.5,962
10/15/2019 17:01,datasets/dataset_cropped/10_Metas/15/17/20191015170100_00160.jpg,datasets_flow/dataset_cropped/10_Metas/15/17/20191015170100_00160.jpg,datasets_cloudmask/dataset_cropped/10_Metas/15/17/20191015170100_00160.png,251.6,647.7,60.7,21.6,962
10/15/2019 17:02,datasets/dataset_cropped/10_Metas/15/17/20191015170200_00160.jpg,datasets_flow/dataset_cropped/10_Metas/15/17/20191015170200_00160.jpg,datasets_cloudmask/dataset_cropped/10_Metas/15/17/20191015170200_00160.png,247.9,643.1,60.2,21.6,962
10/15/2019 17:03,datasets/dataset_cropped/10_Metas/15/17/20191015170300_00160.jpg,datasets_flow/dataset_cropped/10_Metas/15/17/20191015170300_00160.jpg,datasets_cloudmask/dataset_cropped/10_Metas/15/17/20191015170300_00160.png,244.6,639.7,59.8,21.5,962
10/15/2019 17:04,datasets/dataset_cropped/10_Metas/15/17/20191015170400_00160.jpg,datasets_flow/dataset_cropped/10_Metas/15/17/20191015170400_00160.jpg,datasets_cloudmask/dataset_cropped/10_Metas/15/17/20191015170400_00160.png,241.2,635.7,59.4,21.4,962
10/15/2019 17:05,datasets/dataset_cropped/10_Metas/15/17/20191015170500_00160.jpg,datasets_flow/dataset_cropped/10_Metas/15/17/20191015170500_00160.jpg,datasets_cloudmask/dataset_cropped/10_Metas/15/17/20191015170500_00160.png,238,632.4,59.2,21.4,962
10/15/2019 17:06,datasets/dataset_cropped/10_Metas/15/17/20191015170600_00160.jpg,datasets_flow/dataset_cropped/10_Metas/15/17/20191015170600_00160.jpg,datasets_cloudmask/dataset_cropped/10_Metas/15/17/20191015170600_00160.png,234.8,629.5,58.7,21.4,962
10/15/2019 17:07,datasets/dataset_cropped/10_Metas/15/17/20191015170700_00160.jpg,datasets_flow/dataset_cropped/10_Metas/15/17/20191015170700_00160.jpg,datasets_cloudmask/dataset_cropped/10_Metas/15/17/20191015170700_00160.png,231.5,626.4,58.1,21.5,962
10/15/2019 17:08,datasets/dataset_cropped/10_Metas/15/17/20191015170800_00160.jpg,datasets_flow/dataset_cropped/10_Metas/15/17/20191015170800_00160.jpg,datasets_cloudmask/dataset_cropped/10_Metas/15/17/20191015170800_00160.png,228.3,622.8,57.7,21.5,962
10/15/2019 17:09,datasets/dataset_cropped/10_Metas/15/17/20191015170900_00160.jpg,datasets_flow/dataset_cropped/10_Metas/15/17/20191015170900_00160.jpg,datasets_cloudmask/dataset_cropped/10_Metas/15/17/20191015170900_00160.png,225.2,619.9,57.3,21.3,962
10/15/2019 17:10,datasets/dataset_cropped/10_Metas/15/17/20191015171000_00160.jpg,datasets_flow/dataset_cropped/10_Metas/15/17/20191015171000_00160.jpg,datasets_cloudmask/dataset_cropped/10_Metas/15/17/20191015171000_00160.png,222.4,617.7,56.9,21.2,962
10/15/2019 17:11,datasets/dataset_cropped/10_Metas/15/17/20191015171100_00160.jpg,datasets_flow/dataset_cropped/10_Metas/15/17/20191015171100_00160.jpg,datasets_cloudmask/dataset_cropped/10_Metas/15/17/20191015171100_00160.png,219.4,615.2,56.6,21.1,962
10/15/2019 17:12,datasets/dataset_cropped/10_Metas/15/17/20191015171200_00160.jpg,datasets_flow/dataset_cropped/10_Metas/15/17/20191015171200_00160.jpg,datasets_cloudmask/dataset_cropped/10_Metas/15/17/20191015171200_00160.png,216.7,613.3,56.1,21,962
10/15/2019 17:13,datasets/dataset_cropped/10_Metas/15/17/20191015171300_00160.jpg,datasets_flow/dataset_cropped/10_Metas/15/17/20191015171300_00160.jpg,datasets_cloudmask/dataset_cropped/10_Metas/15/17/20191015171300_00160.png,213.9,610.7,55.9,21.1,962
10/15/2019 17:14,datasets/dataset_cropped/10_Metas/15/17/20191015171400_00160.jpg,datasets_flow/dataset_cropped/10_Metas/15/17/20191015171400_00160.jpg,datasets_cloudmask/dataset_cropped/10_Metas/15/17/20191015171400_00160.png,210.6,606.9,55.5,21.2,962
10/15/2019 17:15,datasets/dataset_cropped/10_Metas/15/17/20191015171500_00160.jpg,datasets_flow/dataset_cropped/10_Metas/15/17/20191015171500_00160.jpg,datasets_cloudmask/dataset_cropped/10_Metas/15/17/20191015171500_00160.png,207.2,602.1,55,21.1,962
10/15/2019 17:16,datasets/dataset_cropped/10_Metas/15/17/20191015171600_00160.jpg,datasets_flow/dataset_cropped/10_Metas/15/17/20191015171600_00160.jpg,datasets_cloudmask/dataset_cropped/10_Metas/15/17/20191015171600_00160.png,203.8,596.1,54.9,20.8,962
10/15/2019 17:17,datasets/dataset_cropped/10_Metas/15/17/20191015171700_00160.jpg,datasets_flow/dataset_cropped/10_Metas/15/17/20191015171700_00160.jpg,datasets_cloudmask/dataset_cropped/10_Metas/15/17/20191015171700_00160.png,200.4,592.7,54.4,20.8,962
10/15/2019 17:18,datasets/dataset_cropped/10_Metas/15/17/20191015171800_00160.jpg,datasets_flow/dataset_cropped/10_Metas/15/17/20191015171800_00160.jpg,datasets_cloudmask/dataset_cropped/10_Metas/15/17/20191015171800_00160.png,197,588.3,54,20.8,962
10/15/2019 17:19,datasets/dataset_cropped/10_Metas/15/17/20191015171900_00160.jpg,datasets_flow/dataset_cropped/10_Metas/15/17/20191015171900_00160.jpg,datasets_cloudmask/dataset_cropped/10_Metas/15/17/20191015171900_00160.png,193.6,582.8,53.8,20.8,962
10/15/2019 17:20,datasets/dataset_cropped/10_Metas/15/17/20191015172000_00160.jpg,datasets_flow/dataset_cropped/10_Metas/15/17/20191015172000_00160.jpg,datasets_cloudmask/dataset_cropped/10_Metas/15/17/20191015172000_00160.png,190,578.3,53.2,20.9,962
10/15/2019 17:21,datasets/dataset_cropped/10_Metas/15/17/20191015172100_00160.jpg,datasets_flow/dataset_cropped/10_Metas/15/17/20191015172100_00160.jpg,datasets_cloudmask/dataset_cropped/10_Metas/15/17/20191015172100_00160.png,186.5,573.4,52.6,21,962
10/15/2019 17:22,datasets/dataset_cropped/10_Metas/15/17/20191015172200_00160.jpg,datasets_flow/dataset_cropped/10_Metas/15/17/20191015172200_00160.jpg,datasets_cloudmask/dataset_cropped/10_Metas/15/17/20191015172200_00160.png,183.3,568.5,52.3,21,962
10/15/2019 17:23,datasets/dataset_cropped/10_Metas/15/17/20191015172300_00160.jpg,datasets_flow/dataset_cropped/10_Metas/15/17/20191015172300_00160.jpg,datasets_cloudmask/dataset_cropped/10_Metas/15/17/20191015172300_00160.png,180.2,563.9,52,21,962
10/15/2019 17:24,datasets/dataset_cropped/10_Metas/15/17/20191015172400_00160.jpg,datasets_flow/dataset_cropped/10_Metas/15/17/20191015172400_00160.jpg,datasets_cloudmask/dataset_cropped/10_Metas/15/17/20191015172400_00160.png,176.8,558.3,51.5,21.2,962
10/15/2019 17:25,datasets/dataset_cropped/10_Metas/15/17/20191015172500_00160.jpg,datasets_flow/dataset_cropped/10_Metas/15/17/20191015172500_00160.jpg,datasets_cloudmask/dataset_cropped/10_Metas/15/17/20191015172500_00160.png,173.6,553.5,51.1,21.2,962
10/15/2019 17:26,datasets/dataset_cropped/10_Metas/15/17/20191015172600_00160.jpg,datasets_flow/dataset_cropped/10_Metas/15/17/20191015172600_00160.jpg,datasets_cloudmask/dataset_cropped/10_Metas/15/17/20191015172600_00160.png,170.5,549.1,50.9,21.1,962
10/15/2019 17:27,datasets/dataset_cropped/10_Metas/15/17/20191015172700_00160.jpg,datasets_flow/dataset_cropped/10_Metas/15/17/20191015172700_00160.jpg,datasets_cloudmask/dataset_cropped/10_Metas/15/17/20191015172700_00160.png,167.3,543.6,50.6,21.2,962
10/15/2019 17:28,datasets/dataset_cropped/10_Metas/15/17/20191015172800_00160.jpg,datasets_flow/dataset_cropped/10_Metas/15/17/20191015172800_00160.jpg,datasets_cloudmask/dataset_cropped/10_Metas/15/17/20191015172800_00160.png,163.8,538.5,49.9,21,962
10/15/2019 17:29,datasets/dataset_cropped/10_Metas/15/17/20191015172900_00160.jpg,datasets_flow/dataset_cropped/10_Metas/15/17/20191015172900_00160.jpg,datasets_cloudmask/dataset_cropped/10_Metas/15/17/20191015172900_00160.png,160.3,532.5,49.4,20.9,962
10/15/2019 17:30,datasets/dataset_cropped/10_Metas/15/17/20191015173000_00160.jpg,datasets_flow/dataset_cropped/10_Metas/15/17/20191015173000_00160.jpg,datasets_cloudmask/dataset_cropped/10_Metas/15/17/20191015173000_00160.png,157.2,526.6,49.1,21,962
10/15/2019 17:31,datasets/dataset_cropped/10_Metas/15/17/20191015173100_00160.jpg,datasets_flow/dataset_cropped/10_Metas/15/17/20191015173100_00160.jpg,datasets_cloudmask/dataset_cropped/10_Metas/15/17/20191015173100_00160.png,154,520.8,48.6,20.9,962
10/15/2019 17:32,datasets/dataset_cropped/10_Metas/15/17/20191015173200_00160.jpg,datasets_flow/dataset_cropped/10_Metas/15/17/20191015173200_00160.jpg,datasets_cloudmask/dataset_cropped/10_Metas/15/17/20191015173200_00160.png,150.6,514.7,48.1,20.9,962
10/15/2019 17:33,datasets/dataset_cropped/10_Metas/15/17/20191015173300_00160.jpg,datasets_flow/dataset_cropped/10_Metas/15/17/20191015173300_00160.jpg,datasets_cloudmask/dataset_cropped/10_Metas/15/17/20191015173300_00160.png,147.6,509.2,47.9,20.8,962
10/15/2019 17:34,datasets/dataset_cropped/10_Metas/15/17/20191015173400_00160.jpg,datasets_flow/dataset_cropped/10_Metas/15/17/20191015173400_00160.jpg,datasets_cloudmask/dataset_cropped/10_Metas/15/17/20191015173400_00160.png,144.5,504.2,47.4,20.6,962
10/15/2019 17:35,datasets/dataset_cropped/10_Metas/15/17/20191015173500_00160.jpg,datasets_flow/dataset_cropped/10_Metas/15/17/20191015173500_00160.jpg,datasets_cloudmask/dataset_cropped/10_Metas/15/17/20191015173500_00160.png,141.3,499,46.8,20.6,962
10/15/2019 17:36,datasets/dataset_cropped/10_Metas/15/17/20191015173600_00160.jpg,datasets_flow/dataset_cropped/10_Metas/15/17/20191015173600_00160.jpg,datasets_cloudmask/dataset_cropped/10_Metas/15/17/20191015173600_00160.png,138,493.5,46.2,20.4,962
10/15/2019 17:37,datasets/dataset_cropped/10_Metas/15/17/20191015173700_00160.jpg,datasets_flow/dataset_cropped/10_Metas/15/17/20191015173700_00160.jpg,datasets_cloudmask/dataset_cropped/10_Metas/15/17/20191015173700_00160.png,134.8,488.1,45.6,20.4,962
10/15/2019 17:38,datasets/dataset_cropped/10_Metas/15/17/20191015173800_00160.jpg,datasets_flow/dataset_cropped/10_Metas/15/17/20191015173800_00160.jpg,datasets_cloudmask/dataset_cropped/10_Metas/15/17/20191015173800_00160.png,131.8,483.1,45,20.4,962
10/15/2019 17:39,datasets/dataset_cropped/10_Metas/15/17/20191015173900_00160.jpg,datasets_flow/dataset_cropped/10_Metas/15/17/20191015173900_00160.jpg,datasets_cloudmask/dataset_cropped/10_Metas/15/17/20191015173900_00160.png,128.9,478.3,44.5,20.4,962
10/15/2019 17:40,datasets/dataset_cropped/10_Metas/15/17/20191015174000_00160.jpg,datasets_flow/dataset_cropped/10_Metas/15/17/20191015174000_00160.jpg,datasets_cloudmask/dataset_cropped/10_Metas/15/17/20191015174000_00160.png,125.5,472.2,43.7,20.5,962
10/15/2019 17:41,datasets/dataset_cropped/10_Metas/15/17/20191015174100_00160.jpg,datasets_flow/dataset_cropped/10_Metas/15/17/20191015174100_00160.jpg,datasets_cloudmask/dataset_cropped/10_Metas/15/17/20191015174100_00160.png,121.1,459.6,42.9,20.4,962
10/15/2019 17:42,datasets/dataset_cropped/10_Metas/15/17/20191015174200_00160.jpg,datasets_flow/dataset_cropped/10_Metas/15/17/20191015174200_00160.jpg,datasets_cloudmask/dataset_cropped/10_Metas/15/17/20191015174200_00160.png,112.5,422.7,41.9,20.4,962
10/15/2019 17:43,datasets/dataset_cropped/10_Metas/15/17/20191015174300_00160.jpg,datasets_flow/dataset_cropped/10_Metas/15/17/20191015174300_00160.jpg,datasets_cloudmask/dataset_cropped/10_Metas/15/17/20191015174300_00160.png,80.3,243.1,40.1,20.4,963
10/15/2019 17:44,datasets/dataset_cropped/10_Metas/15/17/20191015174400_00160.jpg,datasets_flow/dataset_cropped/10_Metas/15/17/20191015174400_00160.jpg,datasets_cloudmask/dataset_cropped/10_Metas/15/17/20191015174400_00160.png,86.4,291.6,39.5,20.3,962
10/15/2019 17:45,datasets/dataset_cropped/10_Metas/15/17/20191015174500_00160.jpg,datasets_flow/dataset_cropped/10_Metas/15/17/20191015174500_00160.jpg,datasets_cloudmask/dataset_cropped/10_Metas/15/17/20191015174500_00160.png,76.7,240.8,38.8,20.3,962
10/15/2019 17:46,datasets/dataset_cropped/10_Metas/15/17/20191015174600_00160.jpg,datasets_flow/dataset_cropped/10_Metas/15/17/20191015174600_00160.jpg,datasets_cloudmask/dataset_cropped/10_Metas/15/17/20191015174600_00160.png,84.1,295.4,38.6,20.2,963
10/15/2019 17:47,datasets/dataset_cropped/10_Metas/15/17/20191015174700_00160.jpg,datasets_flow/dataset_cropped/10_Metas/15/17/20191015174700_00160.jpg,datasets_cloudmask/dataset_cropped/10_Metas/15/17/20191015174700_00160.png,95,374.8,38.5,20,963
10/15/2019 17:48,datasets/dataset_cropped/10_Metas/15/17/20191015174800_00160.jpg,datasets_flow/dataset_cropped/10_Metas/15/17/20191015174800_00160.jpg,datasets_cloudmask/dataset_cropped/10_Metas/15/17/20191015174800_00160.png,97.5,402.1,38.3,19.9,963
10/15/2019 17:49,datasets/dataset_cropped/10_Metas/15/17/20191015174900_00160.jpg,datasets_flow/dataset_cropped/10_Metas/15/17/20191015174900_00160.jpg,datasets_cloudmask/dataset_cropped/10_Metas/15/17/20191015174900_00160.png,93.3,386.1,37.7,20,963
10/15/2019 17:50,datasets/dataset_cropped/10_Metas/15/17/20191015175000_00160.jpg,datasets_flow/dataset_cropped/10_Metas/15/17/20191015175000_00160.jpg,datasets_cloudmask/dataset_cropped/10_Metas/15/17/20191015175000_00160.png,87.2,357.9,36.8,20,963
10/15/2019 17:51,datasets/dataset_cropped/10_Metas/15/17/20191015175100_00160.jpg,datasets_flow/dataset_cropped/10_Metas/15/17/20191015175100_00160.jpg,datasets_cloudmask/dataset_cropped/10_Metas/15/17/20191015175100_00160.png,86.6,367.8,36,20,963
10/15/2019 17:52,datasets/dataset_cropped/10_Metas/15/17/20191015175200_00160.jpg,datasets_flow/dataset_cropped/10_Metas/15/17/20191015175200_00160.jpg,datasets_cloudmask/dataset_cropped/10_Metas/15/17/20191015175200_00160.png,87.5,387.9,35.4,19.9,963
10/15/2019 17:53,datasets/dataset_cropped/10_Metas/15/17/20191015175300_00160.jpg,datasets_flow/dataset_cropped/10_Metas/15/17/20191015175300_00160.jpg,datasets_cloudmask/dataset_cropped/10_Metas/15/17/20191015175300_00160.png,85.7,387.2,35,19.8,963
10/15/2019 17:54,datasets/dataset_cropped/10_Metas/15/17/20191015175400_00160.jpg,datasets_flow/dataset_cropped/10_Metas/15/17/20191015175400_00160.jpg,datasets_cloudmask/dataset_cropped/10_Metas/15/17/20191015175400_00160.png,82.4,376,34.4,19.7,963
10/15/2019 17:55,datasets/dataset_cropped/10_Metas/15/17/20191015175500_00160.jpg,datasets_flow/dataset_cropped/10_Metas/15/17/20191015175500_00160.jpg,datasets_cloudmask/dataset_cropped/10_Metas/15/17/20191015175500_00160.png,79.7,368.8,33.9,19.6,963
10/15/2019 17:56,datasets/dataset_cropped/10_Metas/15/17/20191015175600_00160.jpg,datasets_flow/dataset_cropped/10_Metas/15/17/20191015175600_00160.jpg,datasets_cloudmask/dataset_cropped/10_Metas/15/17/20191015175600_00160.png,76.9,361.8,33.1,19.5,963
10/15/2019 17:57,datasets/dataset_cropped/10_Metas/15/17/20191015175700_00160.jpg,datasets_flow/dataset_cropped/10_Metas/15/17/20191015175700_00160.jpg,datasets_cloudmask/dataset_cropped/10_Metas/15/17/20191015175700_00160.png,71.8,336,32.3,19.5,963
10/15/2019 17:58,datasets/dataset_cropped/10_Metas/15/17/20191015175800_00160.jpg,datasets_flow/dataset_cropped/10_Metas/15/17/20191015175800_00160.jpg,datasets_cloudmask/dataset_cropped/10_Metas/15/17/20191015175800_00160.png,68.5,323.8,31.5,19.6,963
10/15/2019 17:59,datasets/dataset_cropped/10_Metas/15/17/20191015175900_00160.jpg,datasets_flow/dataset_cropped/10_Metas/15/17/20191015175900_00160.jpg,datasets_cloudmask/dataset_cropped/10_Metas/15/17/20191015175900_00160.png,65.5,313.5,30.8,19.6,963
10/15/2019 18:00,datasets/dataset_cropped/10_Metas/15/18/20191015180000_00160.jpg,datasets_flow/dataset_cropped/10_Metas/15/18/20191015180000_00160.jpg,datasets_cloudmask/dataset_cropped/10_Metas/15/18/20191015180000_00160.png,63.3,309.5,30,19.5,963
10/15/2019 18:01,datasets/dataset_cropped/10_Metas/15/18/20191015180100_00160.jpg,datasets_flow/dataset_cropped/10_Metas/15/18/20191015180100_00160.jpg,datasets_cloudmask/dataset_cropped/10_Metas/15/18/20191015180100_00160.png,59.6,293.3,29,19.4,963
10/15/2019 18:02,datasets/dataset_cropped/10_Metas/15/18/20191015180200_00160.jpg,datasets_flow/dataset_cropped/10_Metas/15/18/20191015180200_00160.jpg,datasets_cloudmask/dataset_cropped/10_Metas/15/18/20191015180200_00160.png,52.9,249.2,27.7,19.3,963
10/15/2019 18:03,datasets/dataset_cropped/10_Metas/15/18/20191015180300_00160.jpg,datasets_flow/dataset_cropped/10_Metas/15/18/20191015180300_00160.jpg,datasets_cloudmask/dataset_cropped/10_Metas/15/18/20191015180300_00160.png,45.4,197.5,26,19.3,963
10/15/2019 18:04,datasets/dataset_cropped/10_Metas/15/18/20191015180400_00160.jpg,datasets_flow/dataset_cropped/10_Metas/15/18/20191015180400_00160.jpg,datasets_cloudmask/dataset_cropped/10_Metas/15/18/20191015180400_00160.png,42.1,185,24.6,19.2,963
10/15/2019 18:05,datasets/dataset_cropped/10_Metas/15/18/20191015180500_00160.jpg,datasets_flow/dataset_cropped/10_Metas/15/18/20191015180500_00160.jpg,datasets_cloudmask/dataset_cropped/10_Metas/15/18/20191015180500_00160.png,41.1,193.3,23.4,19.2,963
10/15/2019 18:06,datasets/dataset_cropped/10_Metas/15/18/20191015180600_00160.jpg,datasets_flow/dataset_cropped/10_Metas/15/18/20191015180600_00160.jpg,datasets_cloudmask/dataset_cropped/10_Metas/15/18/20191015180600_00160.png,38.7,184.2,22.3,19.2,963
10/15/2019 18:07,datasets/dataset_cropped/10_Metas/15/18/20191015180700_00160.jpg,datasets_flow/dataset_cropped/10_Metas/15/18/20191015180700_00160.jpg,datasets_cloudmask/dataset_cropped/10_Metas/15/18/20191015180700_00160.png,32.6,129.2,21.3,19.1,963
10/15/2019 18:08,datasets/dataset_cropped/10_Metas/15/18/20191015180800_00160.jpg,datasets_flow/dataset_cropped/10_Metas/15/18/20191015180800_00160.jpg,datasets_cloudmask/dataset_cropped/10_Metas/15/18/20191015180800_00160.png,27.7,91.6,19.9,19.1,963
10/15/2019 18:09,datasets/dataset_cropped/10_Metas/15/18/20191015180900_00160.jpg,datasets_flow/dataset_cropped/10_Metas/15/18/20191015180900_00160.jpg,datasets_cloudmask/dataset_cropped/10_Metas/15/18/20191015180900_00160.png,29.1,123.3,19.3,19.1,963
10/15/2019 18:10,datasets/dataset_cropped/10_Metas/15/18/20191015181000_00160.jpg,datasets_flow/dataset_cropped/10_Metas/15/18/20191015181000_00160.jpg,datasets_cloudmask/dataset_cropped/10_Metas/15/18/20191015181000_00160.png,29.9,144.6,18.9,19,963
10/15/2019 18:11,datasets/dataset_cropped/10_Metas/15/18/20191015181100_00160.jpg,datasets_flow/dataset_cropped/10_Metas/15/18/20191015181100_00160.jpg,datasets_cloudmask/dataset_cropped/10_Metas/15/18/20191015181100_00160.png,33,199.1,18.8,19,963
10/15/2019 18:12,datasets/dataset_cropped/10_Metas/15/18/20191015181200_00160.jpg,datasets_flow/dataset_cropped/10_Metas/15/18/20191015181200_00160.jpg,datasets_cloudmask/dataset_cropped/10_Metas/15/18/20191015181200_00160.png,31.8,193.6,18.4,19,963
10/15/2019 18:13,datasets/dataset_cropped/10_Metas/15/18/20191015181300_00160.jpg,datasets_flow/dataset_cropped/10_Metas/15/18/20191015181300_00160.jpg,datasets_cloudmask/dataset_cropped/10_Metas/15/18/20191015181300_00160.png,26.6,136.5,17.4,19,963
10/15/2019 18:14,datasets/dataset_cropped/10_Metas/15/18/20191015181400_00160.jpg,datasets_flow/dataset_cropped/10_Metas/15/18/20191015181400_00160.jpg,datasets_cloudmask/dataset_cropped/10_Metas/15/18/20191015181400_00160.png,20.8,73.7,15.8,18.9,963
10/15/2019 18:15,datasets/dataset_cropped/10_Metas/15/18/20191015181500_00160.jpg,datasets_flow/dataset_cropped/10_Metas/15/18/20191015181500_00160.jpg,datasets_cloudmask/dataset_cropped/10_Metas/15/18/20191015181500_00160.png,16.7,37.3,14.1,18.9,963
10/15/2019 18:16,datasets/dataset_cropped/10_Metas/15/18/20191015181600_00160.jpg,datasets_flow/dataset_cropped/10_Metas/15/18/20191015181600_00160.jpg,datasets_cloudmask/dataset_cropped/10_Metas/15/18/20191015181600_00160.png,14.6,30.2,12.6,18.8,963
10/15/2019 18:17,datasets/dataset_cropped/10_Metas/15/18/20191015181700_00160.jpg,datasets_flow/dataset_cropped/10_Metas/15/18/20191015181700_00160.jpg,datasets_cloudmask/dataset_cropped/10_Metas/15/18/20191015181700_00160.png,14.9,56.6,11.7,18.7,963
10/15/2019 18:18,datasets/dataset_cropped/10_Metas/15/18/20191015181800_00160.jpg,datasets_flow/dataset_cropped/10_Metas/15/18/20191015181800_00160.jpg,datasets_cloudmask/dataset_cropped/10_Metas/15/18/20191015181800_00160.png,15.6,79.2,11.4,18.6,963
10/15/2019 18:19,datasets/dataset_cropped/10_Metas/15/18/20191015181900_00160.jpg,datasets_flow/dataset_cropped/10_Metas/15/18/20191015181900_00160.jpg,datasets_cloudmask/dataset_cropped/10_Metas/15/18/20191015181900_00160.png,15.9,96.2,11.2,18.6,963
10/15/2019 18:20,datasets/dataset_cropped/10_Metas/15/18/20191015182000_00160.jpg,datasets_flow/dataset_cropped/10_Metas/15/18/20191015182000_00160.jpg,datasets_cloudmask/dataset_cropped/10_Metas/15/18/20191015182000_00160.png,14.4,78,10.7,18.4,963
10/15/2019 18:21,datasets/dataset_cropped/10_Metas/15/18/20191015182100_00160.jpg,datasets_flow/dataset_cropped/10_Metas/15/18/20191015182100_00160.jpg,datasets_cloudmask/dataset_cropped/10_Metas/15/18/20191015182100_00160.png,12.1,45.7,9.8,18.3,963
10/15/2019 18:22,datasets/dataset_cropped/10_Metas/15/18/20191015182200_00160.jpg,datasets_flow/dataset_cropped/10_Metas/15/18/20191015182200_00160.jpg,datasets_cloudmask/dataset_cropped/10_Metas/15/18/20191015182200_00160.png,9.8,20.5,8.6,18.2,963
10/15/2019 18:23,datasets/dataset_cropped/10_Metas/15/18/20191015182300_00160.jpg,datasets_flow/dataset_cropped/10_Metas/15/18/20191015182300_00160.jpg,datasets_cloudmask/dataset_cropped/10_Metas/15/18/20191015182300_00160.png,8.1,8.7,7.4,18.1,963
10/15/2019 18:24,datasets/dataset_cropped/10_Metas/15/18/20191015182400_00160.jpg,datasets_flow/dataset_cropped/10_Metas/15/18/20191015182400_00160.jpg,datasets_cloudmask/dataset_cropped/10_Metas/15/18/20191015182400_00160.png,7.1,4.9,6.5,18.1,963
10/15/2019 18:25,datasets/dataset_cropped/10_Metas/15/18/20191015182500_00160.jpg,datasets_flow/dataset_cropped/10_Metas/15/18/20191015182500_00160.jpg,datasets_cloudmask/dataset_cropped/10_Metas/15/18/20191015182500_00160.png,6.3,2.5,5.8,18,963
10/15/2019 18:26,datasets/dataset_cropped/10_Metas/15/18/20191015182600_00160.jpg,datasets_flow/dataset_cropped/10_Metas/15/18/20191015182600_00160.jpg,datasets_cloudmask/dataset_cropped/10_Metas/15/18/20191015182600_00160.png,5.6,1.3,5.2,17.9,963
10/15/2019 18:27,datasets/dataset_cropped/10_Metas/15/18/20191015182700_00160.jpg,datasets_flow/dataset_cropped/10_Metas/15/18/20191015182700_00160.jpg,datasets_cloudmask/dataset_cropped/10_Metas/15/18/20191015182700_00160.png,4.9,0.6,4.6,17.9,963
10/15/2019 18:28,datasets/dataset_cropped/10_Metas/15/18/20191015182800_00160.jpg,datasets_flow/dataset_cropped/10_Metas/15/18/20191015182800_00160.jpg,datasets_cloudmask/dataset_cropped/10_Metas/15/18/20191015182800_00160.png,4.3,0.1,4,17.8,963
10/15/2019 18:29,datasets/dataset_cropped/10_Metas/15/18/20191015182900_00160.jpg,datasets_flow/dataset_cropped/10_Metas/15/18/20191015182900_00160.jpg,datasets_cloudmask/dataset_cropped/10_Metas/15/18/20191015182900_00160.png,3.7,0,3.4,17.7,963
10/15/2019 18:30,datasets/dataset_cropped/10_Metas/15/18/20191015183000_00160.jpg,datasets_flow/dataset_cropped/10_Metas/15/18/20191015183000_00160.jpg,datasets_cloudmask/dataset_cropped/10_Metas/15/18/20191015183000_00160.png,3.1,0,2.8,17.6,963
10/15/2019 18:31,datasets/dataset_cropped/10_Metas/15/18/20191015183100_00160.jpg,datasets_flow/dataset_cropped/10_Metas/15/18/20191015183100_00160.jpg,datasets_cloudmask/dataset_cropped/10_Metas/15/18/20191015183100_00160.png,2.6,0,2.3,17.6,963
10/16/2019 7:19,datasets/dataset_cropped/10_Metas/16/07/20191016071930_00160.jpg,datasets_flow/dataset_cropped/10_Metas/16/07/20191016071930_00160.jpg,datasets_cloudmask/dataset_cropped/10_Metas/16/07/20191016071930_00160.png,4.9,0.6,4.7,10.6,963
10/16/2019 7:20,datasets/dataset_cropped/10_Metas/16/07/20191016072000_00160.jpg,datasets_flow/dataset_cropped/10_Metas/16/07/20191016072000_00160.jpg,datasets_cloudmask/dataset_cropped/10_Metas/16/07/20191016072000_00160.png,4.9,0.6,4.7,10.6,963
10/16/2019 7:21,datasets/dataset_cropped/10_Metas/16/07/20191016072100_00160.jpg,datasets_flow/dataset_cropped/10_Metas/16/07/20191016072100_00160.jpg,datasets_cloudmask/dataset_cropped/10_Metas/16/07/20191016072100_00160.png,5.7,0.5,5.4,10.8,963
10/16/2019 7:22,datasets/dataset_cropped/10_Metas/16/07/20191016072200_00160.jpg,datasets_flow/dataset_cropped/10_Metas/16/07/20191016072200_00160.jpg,datasets_cloudmask/dataset_cropped/10_Metas/16/07/20191016072200_00160.png,6.3,5.9,5.9,10.8,963
10/16/2019 7:23,datasets/dataset_cropped/10_Metas/16/07/20191016072300_00160.jpg,datasets_flow/dataset_cropped/10_Metas/16/07/20191016072300_00160.jpg,datasets_cloudmask/dataset_cropped/10_Metas/16/07/20191016072300_00160.png,7.2,33.1,6.4,10.8,963
10/16/2019 7:24,datasets/dataset_cropped/10_Metas/16/07/20191016072400_00160.jpg,datasets_flow/dataset_cropped/10_Metas/16/07/20191016072400_00160.jpg,datasets_cloudmask/dataset_cropped/10_Metas/16/07/20191016072400_00160.png,8.7,74,7,10.9,963
10/16/2019 7:25,datasets/dataset_cropped/10_Metas/16/07/20191016072500_00160.jpg,datasets_flow/dataset_cropped/10_Metas/16/07/20191016072500_00160.jpg,datasets_cloudmask/dataset_cropped/10_Metas/16/07/20191016072500_00160.png,10.3,111.2,7.8,10.9,964
10/16/2019 7:26,datasets/dataset_cropped/10_Metas/16/07/20191016072600_00160.jpg,datasets_flow/dataset_cropped/10_Metas/16/07/20191016072600_00160.jpg,datasets_cloudmask/dataset_cropped/10_Metas/16/07/20191016072600_00160.png,12,129.5,8.6,11,963
10/16/2019 7:27,datasets/dataset_cropped/10_Metas/16/07/20191016072700_00160.jpg,datasets_flow/dataset_cropped/10_Metas/16/07/20191016072700_00160.jpg,datasets_cloudmask/dataset_cropped/10_Metas/16/07/20191016072700_00160.png,13.4,140.7,9.4,11.2,964
10/16/2019 7:28,datasets/dataset_cropped/10_Metas/16/07/20191016072800_00160.jpg,datasets_flow/dataset_cropped/10_Metas/16/07/20191016072800_00160.jpg,datasets_cloudmask/dataset_cropped/10_Metas/16/07/20191016072800_00160.png,15.1,157.1,10.2,11.3,964
10/16/2019 7:29,datasets/dataset_cropped/10_Metas/16/07/20191016072900_00160.jpg,datasets_flow/dataset_cropped/10_Metas/16/07/20191016072900_00160.jpg,datasets_cloudmask/dataset_cropped/10_Metas/16/07/20191016072900_00160.png,17,174.3,11.1,11.5,963
10/16/2019 7:30,datasets/dataset_cropped/10_Metas/16/07/20191016073000_00160.jpg,datasets_flow/dataset_cropped/10_Metas/16/07/20191016073000_00160.jpg,datasets_cloudmask/dataset_cropped/10_Metas/16/07/20191016073000_00160.png,18.7,187.5,11.8,11.5,963
10/16/2019 7:31,datasets/dataset_cropped/10_Metas/16/07/20191016073100_00160.jpg,datasets_flow/dataset_cropped/10_Metas/16/07/20191016073100_00160.jpg,datasets_cloudmask/dataset_cropped/10_Metas/16/07/20191016073100_00160.png,20.5,201.2,12.6,11.6,964
10/16/2019 7:32,datasets/dataset_cropped/10_Metas/16/07/20191016073200_00160.jpg,datasets_flow/dataset_cropped/10_Metas/16/07/20191016073200_00160.jpg,datasets_cloudmask/dataset_cropped/10_Metas/16/07/20191016073200_00160.png,22.4,216.6,13.4,11.7,964
10/16/2019 7:33,datasets/dataset_cropped/10_Metas/16/07/20191016073300_00160.jpg,datasets_flow/dataset_cropped/10_Metas/16/07/20191016073300_00160.jpg,datasets_cloudmask/dataset_cropped/10_Metas/16/07/20191016073300_00160.png,24.6,232.6,14.3,11.7,964
10/16/2019 7:34,datasets/dataset_cropped/10_Metas/16/07/20191016073400_00160.jpg,datasets_flow/dataset_cropped/10_Metas/16/07/20191016073400_00160.jpg,datasets_cloudmask/dataset_cropped/10_Metas/16/07/20191016073400_00160.png,26.7,245.7,15.1,11.7,964
10/16/2019 7:35,datasets/dataset_cropped/10_Metas/16/07/20191016073500_00160.jpg,datasets_flow/dataset_cropped/10_Metas/16/07/20191016073500_00160.jpg,datasets_cloudmask/dataset_cropped/10_Metas/16/07/20191016073500_00160.png,28.9,259.7,15.9,11.7,964
10/16/2019 7:36,datasets/dataset_cropped/10_Metas/16/07/20191016073600_00160.jpg,datasets_flow/dataset_cropped/10_Metas/16/07/20191016073600_00160.jpg,datasets_cloudmask/dataset_cropped/10_Metas/16/07/20191016073600_00160.png,31.3,273.8,16.8,11.7,964
10/16/2019 7:37,datasets/dataset_cropped/10_Metas/16/07/20191016073700_00160.jpg,datasets_flow/dataset_cropped/10_Metas/16/07/20191016073700_00160.jpg,datasets_cloudmask/dataset_cropped/10_Metas/16/07/20191016073700_00160.png,33.6,287.2,17.7,11.8,964
10/16/2019 7:38,datasets/dataset_cropped/10_Metas/16/07/20191016073800_00160.jpg,datasets_flow/dataset_cropped/10_Metas/16/07/20191016073800_00160.jpg,datasets_cloudmask/dataset_cropped/10_Metas/16/07/20191016073800_00160.png,36,299.5,18.5,11.8,964
10/16/2019 7:39,datasets/dataset_cropped/10_Metas/16/07/20191016073900_00160.jpg,datasets_flow/dataset_cropped/10_Metas/16/07/20191016073900_00160.jpg,datasets_cloudmask/dataset_cropped/10_Metas/16/07/20191016073900_00160.png,38.5,311.6,19.2,11.8,964
10/16/2019 7:40,datasets/dataset_cropped/10_Metas/16/07/20191016074000_00160.jpg,datasets_flow/dataset_cropped/10_Metas/16/07/20191016074000_00160.jpg,datasets_cloudmask/dataset_cropped/10_Metas/16/07/20191016074000_00160.png,41,324.4,19.8,11.6,964
10/16/2019 7:41,datasets/dataset_cropped/10_Metas/16/07/20191016074100_00160.jpg,datasets_flow/dataset_cropped/10_Metas/16/07/20191016074100_00160.jpg,datasets_cloudmask/dataset_cropped/10_Metas/16/07/20191016074100_00160.png,43.3,336.7,20.1,11.5,964
10/16/2019 7:42,datasets/dataset_cropped/10_Metas/16/07/20191016074200_00160.jpg,datasets_flow/dataset_cropped/10_Metas/16/07/20191016074200_00160.jpg,datasets_cloudmask/dataset_cropped/10_Metas/16/07/20191016074200_00160.png,45.7,347.7,20.6,11.3,964
10/16/2019 7:43,datasets/dataset_cropped/10_Metas/16/07/20191016074300_00160.jpg,datasets_flow/dataset_cropped/10_Metas/16/07/20191016074300_00160.jpg,datasets_cloudmask/dataset_cropped/10_Metas/16/07/20191016074300_00160.png,48.2,357.6,21.2,11.5,964
10/16/2019 7:44,datasets/dataset_cropped/10_Metas/16/07/20191016074400_00160.jpg,datasets_flow/dataset_cropped/10_Metas/16/07/20191016074400_00160.jpg,datasets_cloudmask/dataset_cropped/10_Metas/16/07/20191016074400_00160.png,50.9,366.1,22,11.8,964
10/16/2019 7:45,datasets/dataset_cropped/10_Metas/16/07/20191016074500_00160.jpg,datasets_flow/dataset_cropped/10_Metas/16/07/20191016074500_00160.jpg,datasets_cloudmask/dataset_cropped/10_Metas/16/07/20191016074500_00160.png,53.7,376,22.9,12.1,964
10/16/2019 7:46,datasets/dataset_cropped/10_Metas/16/07/20191016074600_00160.jpg,datasets_flow/dataset_cropped/10_Metas/16/07/20191016074600_00160.jpg,datasets_cloudmask/dataset_cropped/10_Metas/16/07/20191016074600_00160.png,56.2,384.6,23.4,12.3,964
10/16/2019 7:47,datasets/dataset_cropped/10_Metas/16/07/20191016074700_00160.jpg,datasets_flow/dataset_cropped/10_Metas/16/07/20191016074700_00160.jpg,datasets_cloudmask/dataset_cropped/10_Metas/16/07/20191016074700_00160.png,58.9,393.9,24,12.4,964
10/16/2019 7:48,datasets/dataset_cropped/10_Metas/16/07/20191016074800_00160.jpg,datasets_flow/dataset_cropped/10_Metas/16/07/20191016074800_00160.jpg,datasets_cloudmask/dataset_cropped/10_Metas/16/07/20191016074800_00160.png,61.7,403.3,24.5,12.5,964
10/16/2019 7:49,datasets/dataset_cropped/10_Metas/16/07/20191016074900_00160.jpg,datasets_flow/dataset_cropped/10_Metas/16/07/20191016074900_00160.jpg,datasets_cloudmask/dataset_cropped/10_Metas/16/07/20191016074900_00160.png,64.7,413.8,25.1,12.6,964
10/16/2019 7:50,datasets/dataset_cropped/10_Metas/16/07/20191016075000_00160.jpg,datasets_flow/dataset_cropped/10_Metas/16/07/20191016075000_00160.jpg,datasets_cloudmask/dataset_cropped/10_Metas/16/07/20191016075000_00160.png,67.7,423.5,25.7,12.6,964
10/16/2019 7:51,datasets/dataset_cropped/10_Metas/16/07/20191016075100_00160.jpg,datasets_flow/dataset_cropped/10_Metas/16/07/20191016075100_00160.jpg,datasets_cloudmask/dataset_cropped/10_Metas/16/07/20191016075100_00160.png,70.8,433.5,26.4,12.8,964
10/16/2019 7:52,datasets/dataset_cropped/10_Metas/16/07/20191016075200_00160.jpg,datasets_flow/dataset_cropped/10_Metas/16/07/20191016075200_00160.jpg,datasets_cloudmask/dataset_cropped/10_Metas/16/07/20191016075200_00160.png,74.1,444.3,27.2,12.9,964
10/16/2019 7:53,datasets/dataset_cropped/10_Metas/16/07/20191016075300_00160.jpg,datasets_flow/dataset_cropped/10_Metas/16/07/20191016075300_00160.jpg,datasets_cloudmask/dataset_cropped/10_Metas/16/07/20191016075300_00160.png,77.1,453.7,27.7,12.9,964
10/16/2019 7:54,datasets/dataset_cropped/10_Metas/16/07/20191016075400_00160.jpg,datasets_flow/dataset_cropped/10_Metas/16/07/20191016075400_00160.jpg,datasets_cloudmask/dataset_cropped/10_Metas/16/07/20191016075400_00160.png,78.1,445.9,28.2,12.9,964
10/16/2019 7:55,datasets/dataset_cropped/10_Metas/16/07/20191016075500_00160.jpg,datasets_flow/dataset_cropped/10_Metas/16/07/20191016075500_00160.jpg,datasets_cloudmask/dataset_cropped/10_Metas/16/07/20191016075500_00160.png,75,403.8,28.6,13.1,964
10/16/2019 7:56,datasets/dataset_cropped/10_Metas/16/07/20191016075600_00160.jpg,datasets_flow/dataset_cropped/10_Metas/16/07/20191016075600_00160.jpg,datasets_cloudmask/dataset_cropped/10_Metas/16/07/20191016075600_00160.png,69.4,341.8,29.1,13.2,964
10/16/2019 7:57,datasets/dataset_cropped/10_Metas/16/07/20191016075700_00160.jpg,datasets_flow/dataset_cropped/10_Metas/16/07/20191016075700_00160.jpg,datasets_cloudmask/dataset_cropped/10_Metas/16/07/20191016075700_00160.png,77.9,394.6,30.1,13.4,964
10/16/2019 7:58,datasets/dataset_cropped/10_Metas/16/07/20191016075800_00160.jpg,datasets_flow/dataset_cropped/10_Metas/16/07/20191016075800_00160.jpg,datasets_cloudmask/dataset_cropped/10_Metas/16/07/20191016075800_00160.png,89.9,474.9,30.9,13.4,964
10/16/2019 7:59,datasets/dataset_cropped/10_Metas/16/07/20191016075900_00160.jpg,datasets_flow/dataset_cropped/10_Metas/16/07/20191016075900_00160.jpg,datasets_cloudmask/dataset_cropped/10_Metas/16/07/20191016075900_00160.png,95.9,504.7,31.4,13.3,964
10/16/2019 8:00,datasets/dataset_cropped/10_Metas/16/08/20191016080000_00160.jpg,datasets_flow/dataset_cropped/10_Metas/16/08/20191016080000_00160.jpg,datasets_cloudmask/dataset_cropped/10_Metas/16/08/20191016080000_00160.png,98.7,509.7,31.9,13.3,964
10/16/2019 8:01,datasets/dataset_cropped/10_Metas/16/08/20191016080100_00160.jpg,datasets_flow/dataset_cropped/10_Metas/16/08/20191016080100_00160.jpg,datasets_cloudmask/dataset_cropped/10_Metas/16/08/20191016080100_00160.png,101.5,514.2,32.3,13.4,964
10/16/2019 8:02,datasets/dataset_cropped/10_Metas/16/08/20191016080200_00160.jpg,datasets_flow/dataset_cropped/10_Metas/16/08/20191016080200_00160.jpg,datasets_cloudmask/dataset_cropped/10_Metas/16/08/20191016080200_00160.png,104.4,519.3,32.8,13.4,964
10/16/2019 8:03,datasets/dataset_cropped/10_Metas/16/08/20191016080300_00160.jpg,datasets_flow/dataset_cropped/10_Metas/16/08/20191016080300_00160.jpg,datasets_cloudmask/dataset_cropped/10_Metas/16/08/20191016080300_00160.png,107.5,525.8,33.2,13.5,964
10/16/2019 8:04,datasets/dataset_cropped/10_Metas/16/08/20191016080400_00160.jpg,datasets_flow/dataset_cropped/10_Metas/16/08/20191016080400_00160.jpg,datasets_cloudmask/dataset_cropped/10_Metas/16/08/20191016080400_00160.png,110.6,532,33.5,13.5,964
10/16/2019 8:05,datasets/dataset_cropped/10_Metas/16/08/20191016080500_00160.jpg,datasets_flow/dataset_cropped/10_Metas/16/08/20191016080500_00160.jpg,datasets_cloudmask/dataset_cropped/10_Metas/16/08/20191016080500_00160.png,113.9,538.7,34,13.5,964
10/16/2019 8:06,datasets/dataset_cropped/10_Metas/16/08/20191016080600_00160.jpg,datasets_flow/dataset_cropped/10_Metas/16/08/20191016080600_00160.jpg,datasets_cloudmask/dataset_cropped/10_Metas/16/08/20191016080600_00160.png,117.1,544.6,34.5,13.5,964
10/16/2019 8:07,datasets/dataset_cropped/10_Metas/16/08/20191016080700_00160.jpg,datasets_flow/dataset_cropped/10_Metas/16/08/20191016080700_00160.jpg,datasets_cloudmask/dataset_cropped/10_Metas/16/08/20191016080700_00160.png,120.3,551.1,34.9,13.5,964
10/16/2019 8:08,datasets/dataset_cropped/10_Metas/16/08/20191016080800_00160.jpg,datasets_flow/dataset_cropped/10_Metas/16/08/20191016080800_00160.jpg,datasets_cloudmask/dataset_cropped/10_Metas/16/08/20191016080800_00160.png,123.8,558.3,35.3,13.5,964
10/16/2019 8:09,datasets/dataset_cropped/10_Metas/16/08/20191016080900_00160.jpg,datasets_flow/dataset_cropped/10_Metas/16/08/20191016080900_00160.jpg,datasets_cloudmask/dataset_cropped/10_Metas/16/08/20191016080900_00160.png,127.1,564.6,35.7,13.6,964
10/16/2019 8:10,datasets/dataset_cropped/10_Metas/16/08/20191016081000_00160.jpg,datasets_flow/dataset_cropped/10_Metas/16/08/20191016081000_00160.jpg,datasets_cloudmask/dataset_cropped/10_Metas/16/08/20191016081000_00160.png,130.5,570.6,36.1,13.6,964
10/16/2019 8:11,datasets/dataset_cropped/10_Metas/16/08/20191016081100_00160.jpg,datasets_flow/dataset_cropped/10_Metas/16/08/20191016081100_00160.jpg,datasets_cloudmask/dataset_cropped/10_Metas/16/08/20191016081100_00160.png,133.9,576.9,36.6,13.7,964
10/16/2019 8:12,datasets/dataset_cropped/10_Metas/16/08/20191016081200_00160.jpg,datasets_flow/dataset_cropped/10_Metas/16/08/20191016081200_00160.jpg,datasets_cloudmask/dataset_cropped/10_Metas/16/08/20191016081200_00160.png,137.3,582.5,37.2,13.8,964
10/16/2019 8:13,datasets/dataset_cropped/10_Metas/16/08/20191016081300_00160.jpg,datasets_flow/dataset_cropped/10_Metas/16/08/20191016081300_00160.jpg,datasets_cloudmask/dataset_cropped/10_Metas/16/08/20191016081300_00160.png,140.5,587.8,37.7,13.8,964
10/16/2019 8:14,datasets/dataset_cropped/10_Metas/16/08/20191016081400_00160.jpg,datasets_flow/dataset_cropped/10_Metas/16/08/20191016081400_00160.jpg,datasets_cloudmask/dataset_cropped/10_Metas/16/08/20191016081400_00160.png,143.8,593.6,38.1,13.8,964
10/16/2019 8:15,datasets/dataset_cropped/10_Metas/16/08/20191016081500_00160.jpg,datasets_flow/dataset_cropped/10_Metas/16/08/20191016081500_00160.jpg,datasets_cloudmask/dataset_cropped/10_Metas/16/08/20191016081500_00160.png,147,598.8,38.5,13.8,964
10/16/2019 8:16,datasets/dataset_cropped/10_Metas/16/08/20191016081600_00160.jpg,datasets_flow/dataset_cropped/10_Metas/16/08/20191016081600_00160.jpg,datasets_cloudmask/dataset_cropped/10_Metas/16/08/20191016081600_00160.png,150.5,604.5,38.9,13.8,964
10/16/2019 8:17,datasets/dataset_cropped/10_Metas/16/08/20191016081700_00160.jpg,datasets_flow/dataset_cropped/10_Metas/16/08/20191016081700_00160.jpg,datasets_cloudmask/dataset_cropped/10_Metas/16/08/20191016081700_00160.png,153.7,609.2,39.3,13.8,964
10/16/2019 8:18,datasets/dataset_cropped/10_Metas/16/08/20191016081800_00160.jpg,datasets_flow/dataset_cropped/10_Metas/16/08/20191016081800_00160.jpg,datasets_cloudmask/dataset_cropped/10_Metas/16/08/20191016081800_00160.png,157.1,614.5,39.7,13.8,964
10/16/2019 8:19,datasets/dataset_cropped/10_Metas/16/08/20191016081900_00160.jpg,datasets_flow/dataset_cropped/10_Metas/16/08/20191016081900_00160.jpg,datasets_cloudmask/dataset_cropped/10_Metas/16/08/20191016081900_00160.png,159.7,616.1,40.1,13.9,964
10/16/2019 8:20,datasets/dataset_cropped/10_Metas/16/08/20191016082000_00160.jpg,datasets_flow/dataset_cropped/10_Metas/16/08/20191016082000_00160.jpg,datasets_cloudmask/dataset_cropped/10_Metas/16/08/20191016082000_00160.png,158,596.4,40.4,14,964
10/16/2019 8:21,datasets/dataset_cropped/10_Metas/16/08/20191016082100_00160.jpg,datasets_flow/dataset_cropped/10_Metas/16/08/20191016082100_00160.jpg,datasets_cloudmask/dataset_cropped/10_Metas/16/08/20191016082100_00160.png,165.9,623.5,41,14,964
10/16/2019 8:22,datasets/dataset_cropped/10_Metas/16/08/20191016082200_00160.jpg,datasets_flow/dataset_cropped/10_Metas/16/08/20191016082200_00160.jpg,datasets_cloudmask/dataset_cropped/10_Metas/16/08/20191016082200_00160.png,170.4,634.6,41.3,14,964
10/16/2019 8:23,datasets/dataset_cropped/10_Metas/16/08/20191016082300_00160.jpg,datasets_flow/dataset_cropped/10_Metas/16/08/20191016082300_00160.jpg,datasets_cloudmask/dataset_cropped/10_Metas/16/08/20191016082300_00160.png,173.7,638.9,41.7,14.1,964
10/16/2019 8:24,datasets/dataset_cropped/10_Metas/16/08/20191016082400_00160.jpg,datasets_flow/dataset_cropped/10_Metas/16/08/20191016082400_00160.jpg,datasets_cloudmask/dataset_cropped/10_Metas/16/08/20191016082400_00160.png,176.9,643.4,42,14.2,964
10/16/2019 8:25,datasets/dataset_cropped/10_Metas/16/08/20191016082500_00160.jpg,datasets_flow/dataset_cropped/10_Metas/16/08/20191016082500_00160.jpg,datasets_cloudmask/dataset_cropped/10_Metas/16/08/20191016082500_00160.png,180,647.1,42.2,14.3,964
10/16/2019 8:26,datasets/dataset_cropped/10_Metas/16/08/20191016082600_00160.jpg,datasets_flow/dataset_cropped/10_Metas/16/08/20191016082600_00160.jpg,datasets_cloudmask/dataset_cropped/10_Metas/16/08/20191016082600_00160.png,183.3,651.6,42.5,14.5,964
10/16/2019 8:27,datasets/dataset_cropped/10_Metas/16/08/20191016082700_00160.jpg,datasets_flow/dataset_cropped/10_Metas/16/08/20191016082700_00160.jpg,datasets_cloudmask/dataset_cropped/10_Metas/16/08/20191016082700_00160.png,186.7,656.4,42.8,14.7,964
10/16/2019 8:28,datasets/dataset_cropped/10_Metas/16/08/20191016082800_00160.jpg,datasets_flow/dataset_cropped/10_Metas/16/08/20191016082800_00160.jpg,datasets_cloudmask/dataset_cropped/10_Metas/16/08/20191016082800_00160.png,190,660.3,43.1,14.9,964
10/16/2019 8:29,datasets/dataset_cropped/10_Metas/16/08/20191016082900_00160.jpg,datasets_flow/dataset_cropped/10_Metas/16/08/20191016082900_00160.jpg,datasets_cloudmask/dataset_cropped/10_Metas/16/08/20191016082900_00160.png,193.8,666.5,43.4,15.2,964
10/16/2019 8:30,datasets/dataset_cropped/10_Metas/16/08/20191016083000_00160.jpg,datasets_flow/dataset_cropped/10_Metas/16/08/20191016083000_00160.jpg,datasets_cloudmask/dataset_cropped/10_Metas/16/08/20191016083000_00160.png,196.2,667,43.5,15.6,964
10/16/2019 8:31,datasets/dataset_cropped/10_Metas/16/08/20191016083100_00160.jpg,datasets_flow/dataset_cropped/10_Metas/16/08/20191016083100_00160.jpg,datasets_cloudmask/dataset_cropped/10_Metas/16/08/20191016083100_00160.png,183.3,602.6,43.5,15.9,964
10/16/2019 8:32,datasets/dataset_cropped/10_Metas/16/08/20191016083200_00160.jpg,datasets_flow/dataset_cropped/10_Metas/16/08/20191016083200_00160.jpg,datasets_cloudmask/dataset_cropped/10_Metas/16/08/20191016083200_00160.png,185.6,603.2,43.8,16.1,964
10/16/2019 8:33,datasets/dataset_cropped/10_Metas/16/08/20191016083300_00160.jpg,datasets_flow/dataset_cropped/10_Metas/16/08/20191016083300_00160.jpg,datasets_cloudmask/dataset_cropped/10_Metas/16/08/20191016083300_00160.png,188.5,606.9,44.2,16.4,964
10/16/2019 8:34,datasets/dataset_cropped/10_Metas/16/08/20191016083400_00160.jpg,datasets_flow/dataset_cropped/10_Metas/16/08/20191016083400_00160.jpg,datasets_cloudmask/dataset_cropped/10_Metas/16/08/20191016083400_00160.png,201.2,649.7,44.7,16.4,964
10/16/2019 8:35,datasets/dataset_cropped/10_Metas/16/08/20191016083500_00160.jpg,datasets_flow/dataset_cropped/10_Metas/16/08/20191016083500_00160.jpg,datasets_cloudmask/dataset_cropped/10_Metas/16/08/20191016083500_00160.png,213.2,688.9,45,16.4,964
10/16/2019 8:36,datasets/dataset_cropped/10_Metas/16/08/20191016083600_00160.jpg,datasets_flow/dataset_cropped/10_Metas/16/08/20191016083600_00160.jpg,datasets_cloudmask/dataset_cropped/10_Metas/16/08/20191016083600_00160.png,217.5,696.6,45.4,16.3,964
10/16/2019 8:37,datasets/dataset_cropped/10_Metas/16/08/20191016083700_00160.jpg,datasets_flow/dataset_cropped/10_Metas/16/08/20191016083700_00160.jpg,datasets_cloudmask/dataset_cropped/10_Metas/16/08/20191016083700_00160.png,220.3,697.5,45.8,16.3,964
10/16/2019 8:38,datasets/dataset_cropped/10_Metas/16/08/20191016083800_00160.jpg,datasets_flow/dataset_cropped/10_Metas/16/08/20191016083800_00160.jpg,datasets_cloudmask/dataset_cropped/10_Metas/16/08/20191016083800_00160.png,223.3,699.7,46.2,16.2,964
10/16/2019 8:39,datasets/dataset_cropped/10_Metas/16/08/20191016083900_00160.jpg,datasets_flow/dataset_cropped/10_Metas/16/08/20191016083900_00160.jpg,datasets_cloudmask/dataset_cropped/10_Metas/16/08/20191016083900_00160.png,226.7,703.3,46.5,16.2,964
10/16/2019 8:40,datasets/dataset_cropped/10_Metas/16/08/20191016084000_00160.jpg,datasets_flow/dataset_cropped/10_Metas/16/08/20191016084000_00160.jpg,datasets_cloudmask/dataset_cropped/10_Metas/16/08/20191016084000_00160.png,227.7,698.1,46.8,16.2,964
10/16/2019 8:41,datasets/dataset_cropped/10_Metas/16/08/20191016084100_00160.jpg,datasets_flow/dataset_cropped/10_Metas/16/08/20191016084100_00160.jpg,datasets_cloudmask/dataset_cropped/10_Metas/16/08/20191016084100_00160.png,233.2,710,46.9,16.3,964
10/16/2019 8:42,datasets/dataset_cropped/10_Metas/16/08/20191016084200_00160.jpg,datasets_flow/dataset_cropped/10_Metas/16/08/20191016084200_00160.jpg,datasets_cloudmask/dataset_cropped/10_Metas/16/08/20191016084200_00160.png,236.9,714.3,47.2,16.3,964
10/16/2019 8:43,datasets/dataset_cropped/10_Metas/16/08/20191016084300_00160.jpg,datasets_flow/dataset_cropped/10_Metas/16/08/20191016084300_00160.jpg,datasets_cloudmask/dataset_cropped/10_Metas/16/08/20191016084300_00160.png,240,717,47.2,16.2,964
10/16/2019 8:44,datasets/dataset_cropped/10_Metas/16/08/20191016084400_00160.jpg,datasets_flow/dataset_cropped/10_Metas/16/08/20191016084400_00160.jpg,datasets_cloudmask/dataset_cropped/10_Metas/16/08/20191016084400_00160.png,243.2,720.1,47.5,16.1,964
10/16/2019 8:45,datasets/dataset_cropped/10_Metas/16/08/20191016084500_00160.jpg,datasets_flow/dataset_cropped/10_Metas/16/08/20191016084500_00160.jpg,datasets_cloudmask/dataset_cropped/10_Metas/16/08/20191016084500_00160.png,246.5,723.1,47.7,16,964
10/16/2019 8:46,datasets/dataset_cropped/10_Metas/16/08/20191016084600_00160.jpg,datasets_flow/dataset_cropped/10_Metas/16/08/20191016084600_00160.jpg,datasets_cloudmask/dataset_cropped/10_Metas/16/08/20191016084600_00160.png,250,726.9,48,16.1,964
10/16/2019 8:47,datasets/dataset_cropped/10_Metas/16/08/20191016084700_00160.jpg,datasets_flow/dataset_cropped/10_Metas/16/08/20191016084700_00160.jpg,datasets_cloudmask/dataset_cropped/10_Metas/16/08/20191016084700_00160.png,253.3,730.4,48.1,16.2,964
10/16/2019 8:48,datasets/dataset_cropped/10_Metas/16/08/20191016084800_00160.jpg,datasets_flow/dataset_cropped/10_Metas/16/08/20191016084800_00160.jpg,datasets_cloudmask/dataset_cropped/10_Metas/16/08/20191016084800_00160.png,256.7,733.6,48.4,16.1,964
10/16/2019 8:49,datasets/dataset_cropped/10_Metas/16/08/20191016084900_00160.jpg,datasets_flow/dataset_cropped/10_Metas/16/08/20191016084900_00160.jpg,datasets_cloudmask/dataset_cropped/10_Metas/16/08/20191016084900_00160.png,260.1,737,48.4,16.2,964
10/16/2019 8:50,datasets/dataset_cropped/10_Metas/16/08/20191016085000_00160.jpg,datasets_flow/dataset_cropped/10_Metas/16/08/20191016085000_00160.jpg,datasets_cloudmask/dataset_cropped/10_Metas/16/08/20191016085000_00160.png,263.4,740.1,48.5,16.2,964
10/16/2019 8:51,datasets/dataset_cropped/10_Metas/16/08/20191016085100_00160.jpg,datasets_flow/dataset_cropped/10_Metas/16/08/20191016085100_00160.jpg,datasets_cloudmask/dataset_cropped/10_Metas/16/08/20191016085100_00160.png,266.5,742.7,48.7,16.3,964
10/16/2019 8:52,datasets/dataset_cropped/10_Metas/16/08/20191016085200_00160.jpg,datasets_flow/dataset_cropped/10_Metas/16/08/20191016085200_00160.jpg,datasets_cloudmask/dataset_cropped/10_Metas/16/08/20191016085200_00160.png,269.9,745.4,49.1,16.3,964
10/16/2019 8:53,datasets/dataset_cropped/10_Metas/16/08/20191016085300_00160.jpg,datasets_flow/dataset_cropped/10_Metas/16/08/20191016085300_00160.jpg,datasets_cloudmask/dataset_cropped/10_Metas/16/08/20191016085300_00160.png,273.2,747.8,49.4,16.3,964
10/16/2019 8:54,datasets/dataset_cropped/10_Metas/16/08/20191016085400_00160.jpg,datasets_flow/dataset_cropped/10_Metas/16/08/20191016085400_00160.jpg,datasets_cloudmask/dataset_cropped/10_Metas/16/08/20191016085400_00160.png,276.4,750.4,49.5,16.3,964
10/16/2019 8:55,datasets/dataset_cropped/10_Metas/16/08/20191016085500_00160.jpg,datasets_flow/dataset_cropped/10_Metas/16/08/20191016085500_00160.jpg,datasets_cloudmask/dataset_cropped/10_Metas/16/08/20191016085500_00160.png,279.9,753.4,49.7,16.3,964
10/16/2019 8:56,datasets/dataset_cropped/10_Metas/16/08/20191016085600_00160.jpg,datasets_flow/dataset_cropped/10_Metas/16/08/20191016085600_00160.jpg,datasets_cloudmask/dataset_cropped/10_Metas/16/08/20191016085600_00160.png,283.4,756.4,50,16.4,964
10/16/2019 8:57,datasets/dataset_cropped/10_Metas/16/08/20191016085700_00160.jpg,datasets_flow/dataset_cropped/10_Metas/16/08/20191016085700_00160.jpg,datasets_cloudmask/dataset_cropped/10_Metas/16/08/20191016085700_00160.png,286.5,758.4,50.4,16.4,964
10/16/2019 8:58,datasets/dataset_cropped/10_Metas/16/08/20191016085800_00160.jpg,datasets_flow/dataset_cropped/10_Metas/16/08/20191016085800_00160.jpg,datasets_cloudmask/dataset_cropped/10_Metas/16/08/20191016085800_00160.png,290.1,761.2,50.8,16.5,964
10/16/2019 8:59,datasets/dataset_cropped/10_Metas/16/08/20191016085900_00160.jpg,datasets_flow/dataset_cropped/10_Metas/16/08/20191016085900_00160.jpg,datasets_cloudmask/dataset_cropped/10_Metas/16/08/20191016085900_00160.png,293.3,764.1,51.2,16.6,964
10/16/2019 9:00,datasets/dataset_cropped/10_Metas/16/09/20191016090000_00160.jpg,datasets_flow/dataset_cropped/10_Metas/16/09/20191016090000_00160.jpg,datasets_cloudmask/dataset_cropped/10_Metas/16/09/20191016090000_00160.png,296.5,766.7,51.4,16.7,964
10/16/2019 9:01,datasets/dataset_cropped/10_Metas/16/09/20191016090100_00160.jpg,datasets_flow/dataset_cropped/10_Metas/16/09/20191016090100_00160.jpg,datasets_cloudmask/dataset_cropped/10_Metas/16/09/20191016090100_00160.png,299.8,769.3,51.5,16.8,964
10/16/2019 9:02,datasets/dataset_cropped/10_Metas/16/09/20191016090200_00160.jpg,datasets_flow/dataset_cropped/10_Metas/16/09/20191016090200_00160.jpg,datasets_cloudmask/dataset_cropped/10_Metas/16/09/20191016090200_00160.png,303,771.7,51.6,16.8,964
10/16/2019 9:03,datasets/dataset_cropped/10_Metas/16/09/20191016090300_00160.jpg,datasets_flow/dataset_cropped/10_Metas/16/09/20191016090300_00160.jpg,datasets_cloudmask/dataset_cropped/10_Metas/16/09/20191016090300_00160.png,306.3,774.3,51.7,16.8,964
10/16/2019 9:04,datasets/dataset_cropped/10_Metas/16/09/20191016090400_00160.jpg,datasets_flow/dataset_cropped/10_Metas/16/09/20191016090400_00160.jpg,datasets_cloudmask/dataset_cropped/10_Metas/16/09/20191016090400_00160.png,309.6,776.4,52,17,964
10/16/2019 9:05,datasets/dataset_cropped/10_Metas/16/09/20191016090500_00160.jpg,datasets_flow/dataset_cropped/10_Metas/16/09/20191016090500_00160.jpg,datasets_cloudmask/dataset_cropped/10_Metas/16/09/20191016090500_00160.png,312.8,777.9,52.3,17.3,964
10/16/2019 9:06,datasets/dataset_cropped/10_Metas/16/09/20191016090600_00160.jpg,datasets_flow/dataset_cropped/10_Metas/16/09/20191016090600_00160.jpg,datasets_cloudmask/dataset_cropped/10_Metas/16/09/20191016090600_00160.png,316,779.8,52.6,17.7,964
10/16/2019 9:07,datasets/dataset_cropped/10_Metas/16/09/20191016090700_00160.jpg,datasets_flow/dataset_cropped/10_Metas/16/09/20191016090700_00160.jpg,datasets_cloudmask/dataset_cropped/10_Metas/16/09/20191016090700_00160.png,319.3,781.3,52.9,17.9,964
10/16/2019 9:08,datasets/dataset_cropped/10_Metas/16/09/20191016090800_00160.jpg,datasets_flow/dataset_cropped/10_Metas/16/09/20191016090800_00160.jpg,datasets_cloudmask/dataset_cropped/10_Metas/16/09/20191016090800_00160.png,322.5,783.1,53.2,17.9,964
10/16/2019 9:09,datasets/dataset_cropped/10_Metas/16/09/20191016090900_00160.jpg,datasets_flow/dataset_cropped/10_Metas/16/09/20191016090900_00160.jpg,datasets_cloudmask/dataset_cropped/10_Metas/16/09/20191016090900_00160.png,325.7,784.8,53.5,17.8,964
10/16/2019 9:10,datasets/dataset_cropped/10_Metas/16/09/20191016091000_00160.jpg,datasets_flow/dataset_cropped/10_Metas/16/09/20191016091000_00160.jpg,datasets_cloudmask/dataset_cropped/10_Metas/16/09/20191016091000_00160.png,328.4,782.5,54.7,17.8,965
10/16/2019 9:11,datasets/dataset_cropped/10_Metas/16/09/20191016091100_00160.jpg,datasets_flow/dataset_cropped/10_Metas/16/09/20191016091100_00160.jpg,datasets_cloudmask/dataset_cropped/10_Metas/16/09/20191016091100_00160.png,332.2,787.9,54.3,17.8,964
10/16/2019 9:12,datasets/dataset_cropped/10_Metas/16/09/20191016091200_00160.jpg,datasets_flow/dataset_cropped/10_Metas/16/09/20191016091200_00160.jpg,datasets_cloudmask/dataset_cropped/10_Metas/16/09/20191016091200_00160.png,335.8,791.4,54.4,17.7,964
10/16/2019 9:13,datasets/dataset_cropped/10_Metas/16/09/20191016091300_00160.jpg,datasets_flow/dataset_cropped/10_Metas/16/09/20191016091300_00160.jpg,datasets_cloudmask/dataset_cropped/10_Metas/16/09/20191016091300_00160.png,339.5,794.4,54.7,17.7,964
10/16/2019 9:14,datasets/dataset_cropped/10_Metas/16/09/20191016091400_00160.jpg,datasets_flow/dataset_cropped/10_Metas/16/09/20191016091400_00160.jpg,datasets_cloudmask/dataset_cropped/10_Metas/16/09/20191016091400_00160.png,343,797.1,55.1,17.8,964
10/16/2019 9:15,datasets/dataset_cropped/10_Metas/16/09/20191016091500_00160.jpg,datasets_flow/dataset_cropped/10_Metas/16/09/20191016091500_00160.jpg,datasets_cloudmask/dataset_cropped/10_Metas/16/09/20191016091500_00160.png,346.4,799.6,55.4,17.8,964
10/16/2019 9:16,datasets/dataset_cropped/10_Metas/16/09/20191016091600_00160.jpg,datasets_flow/dataset_cropped/10_Metas/16/09/20191016091600_00160.jpg,datasets_cloudmask/dataset_cropped/10_Metas/16/09/20191016091600_00160.png,350.2,803,55.4,18,964
10/16/2019 9:17,datasets/dataset_cropped/10_Metas/16/09/20191016091700_00160.jpg,datasets_flow/dataset_cropped/10_Metas/16/09/20191016091700_00160.jpg,datasets_cloudmask/dataset_cropped/10_Metas/16/09/20191016091700_00160.png,354.4,808,55.5,17.9,964
10/16/2019 9:18,datasets/dataset_cropped/10_Metas/16/09/20191016091800_00160.jpg,datasets_flow/dataset_cropped/10_Metas/16/09/20191016091800_00160.jpg,datasets_cloudmask/dataset_cropped/10_Metas/16/09/20191016091800_00160.png,358.8,813,55.7,17.7,964
10/16/2019 9:19,datasets/dataset_cropped/10_Metas/16/09/20191016091900_00160.jpg,datasets_flow/dataset_cropped/10_Metas/16/09/20191016091900_00160.jpg,datasets_cloudmask/dataset_cropped/10_Metas/16/09/20191016091900_00160.png,327,723.7,55.7,17.8,965
10/16/2019 9:20,datasets/dataset_cropped/10_Metas/16/09/20191016092000_00160.jpg,datasets_flow/dataset_cropped/10_Metas/16/09/20191016092000_00160.jpg,datasets_cloudmask/dataset_cropped/10_Metas/16/09/20191016092000_00160.png,341.1,753.8,56.1,18,964
10/16/2019 9:21,datasets/dataset_cropped/10_Metas/16/09/20191016092100_00160.jpg,datasets_flow/dataset_cropped/10_Metas/16/09/20191016092100_00160.jpg,datasets_cloudmask/dataset_cropped/10_Metas/16/09/20191016092100_00160.png,369.1,820,56.8,18,964
10/16/2019 9:22,datasets/dataset_cropped/10_Metas/16/09/20191016092200_00160.jpg,datasets_flow/dataset_cropped/10_Metas/16/09/20191016092200_00160.jpg,datasets_cloudmask/dataset_cropped/10_Metas/16/09/20191016092200_00160.png,370.8,818,57.1,17.8,964
10/16/2019 9:23,datasets/dataset_cropped/10_Metas/16/09/20191016092300_00160.jpg,datasets_flow/dataset_cropped/10_Metas/16/09/20191016092300_00160.jpg,datasets_cloudmask/dataset_cropped/10_Metas/16/09/20191016092300_00160.png,373.5,818,57.6,17.8,964
10/16/2019 9:24,datasets/dataset_cropped/10_Metas/16/09/20191016092400_00160.jpg,datasets_flow/dataset_cropped/10_Metas/16/09/20191016092400_00160.jpg,datasets_cloudmask/dataset_cropped/10_Metas/16/09/20191016092400_00160.png,376.5,819,57.9,17.7,964
10/16/2019 9:25,datasets/dataset_cropped/10_Metas/16/09/20191016092500_00160.jpg,datasets_flow/dataset_cropped/10_Metas/16/09/20191016092500_00160.jpg,datasets_cloudmask/dataset_cropped/10_Metas/16/09/20191016092500_00160.png,379.7,821,58.2,17.8,965
10/16/2019 9:26,datasets/dataset_cropped/10_Metas/16/09/20191016092600_00160.jpg,datasets_flow/dataset_cropped/10_Metas/16/09/20191016092600_00160.jpg,datasets_cloudmask/dataset_cropped/10_Metas/16/09/20191016092600_00160.png,383.2,824,58.3,18,965
10/16/2019 9:27,datasets/dataset_cropped/10_Metas/16/09/20191016092700_00160.jpg,datasets_flow/dataset_cropped/10_Metas/16/09/20191016092700_00160.jpg,datasets_cloudmask/dataset_cropped/10_Metas/16/09/20191016092700_00160.png,386.4,826,58.4,17.9,964
10/16/2019 9:28,datasets/dataset_cropped/10_Metas/16/09/20191016092800_00160.jpg,datasets_flow/dataset_cropped/10_Metas/16/09/20191016092800_00160.jpg,datasets_cloudmask/dataset_cropped/10_Metas/16/09/20191016092800_00160.png,389.7,828,58.7,17.8,965
10/16/2019 9:29,datasets/dataset_cropped/10_Metas/16/09/20191016092900_00160.jpg,datasets_flow/dataset_cropped/10_Metas/16/09/20191016092900_00160.jpg,datasets_cloudmask/dataset_cropped/10_Metas/16/09/20191016092900_00160.png,393.4,830,59.2,17.6,964
10/16/2019 9:30,datasets/dataset_cropped/10_Metas/16/09/20191016093000_00160.jpg,datasets_flow/dataset_cropped/10_Metas/16/09/20191016093000_00160.jpg,datasets_cloudmask/dataset_cropped/10_Metas/16/09/20191016093000_00160.png,396.6,833,59.1,17.5,965
10/16/2019 9:31,datasets/dataset_cropped/10_Metas/16/09/20191016093100_00160.jpg,datasets_flow/dataset_cropped/10_Metas/16/09/20191016093100_00160.jpg,datasets_cloudmask/dataset_cropped/10_Metas/16/09/20191016093100_00160.png,399.8,834,59.4,17.4,965
10/16/2019 9:32,datasets/dataset_cropped/10_Metas/16/09/20191016093200_00160.jpg,datasets_flow/dataset_cropped/10_Metas/16/09/20191016093200_00160.jpg,datasets_cloudmask/dataset_cropped/10_Metas/16/09/20191016093200_00160.png,402.6,835,59.7,17.4,965
10/16/2019 9:33,datasets/dataset_cropped/10_Metas/16/09/20191016093300_00160.jpg,datasets_flow/dataset_cropped/10_Metas/16/09/20191016093300_00160.jpg,datasets_cloudmask/dataset_cropped/10_Metas/16/09/20191016093300_00160.png,405.5,836,60,17.5,965
10/16/2019 9:34,datasets/dataset_cropped/10_Metas/16/09/20191016093400_00160.jpg,datasets_flow/dataset_cropped/10_Metas/16/09/20191016093400_00160.jpg,datasets_cloudmask/dataset_cropped/10_Metas/16/09/20191016093400_00160.png,408.4,837,60,17.5,965
10/16/2019 9:35,datasets/dataset_cropped/10_Metas/16/09/20191016093500_00160.jpg,datasets_flow/dataset_cropped/10_Metas/16/09/20191016093500_00160.jpg,datasets_cloudmask/dataset_cropped/10_Metas/16/09/20191016093500_00160.png,412.2,839,60.7,17.6,965
10/16/2019 9:36,datasets/dataset_cropped/10_Metas/16/09/20191016093600_00160.jpg,datasets_flow/dataset_cropped/10_Metas/16/09/20191016093600_00160.jpg,datasets_cloudmask/dataset_cropped/10_Metas/16/09/20191016093600_00160.png,415,839,60.9,17.7,965
10/16/2019 9:37,datasets/dataset_cropped/10_Metas/16/09/20191016093700_00160.jpg,datasets_flow/dataset_cropped/10_Metas/16/09/20191016093700_00160.jpg,datasets_cloudmask/dataset_cropped/10_Metas/16/09/20191016093700_00160.png,418,840,61.4,17.7,965
10/16/2019 9:38,datasets/dataset_cropped/10_Metas/16/09/20191016093800_00160.jpg,datasets_flow/dataset_cropped/10_Metas/16/09/20191016093800_00160.jpg,datasets_cloudmask/dataset_cropped/10_Metas/16/09/20191016093800_00160.png,418.8,835,61.8,17.7,965
10/16/2019 9:39,datasets/dataset_cropped/10_Metas/16/09/20191016093900_00160.jpg,datasets_flow/dataset_cropped/10_Metas/16/09/20191016093900_00160.jpg,datasets_cloudmask/dataset_cropped/10_Metas/16/09/20191016093900_00160.png,421.7,835,62.3,18,965
10/16/2019 9:40,datasets/dataset_cropped/10_Metas/16/09/20191016094000_00160.jpg,datasets_flow/dataset_cropped/10_Metas/16/09/20191016094000_00160.jpg,datasets_cloudmask/dataset_cropped/10_Metas/16/09/20191016094000_00160.png,425.4,838,63,18.1,965
10/16/2019 9:41,datasets/dataset_cropped/10_Metas/16/09/20191016094100_00160.jpg,datasets_flow/dataset_cropped/10_Metas/16/09/20191016094100_00160.jpg,datasets_cloudmask/dataset_cropped/10_Metas/16/09/20191016094100_00160.png,429.3,841,63.4,18,965
10/16/2019 9:42,datasets/dataset_cropped/10_Metas/16/09/20191016094200_00160.jpg,datasets_flow/dataset_cropped/10_Metas/16/09/20191016094200_00160.jpg,datasets_cloudmask/dataset_cropped/10_Metas/16/09/20191016094200_00160.png,432.4,842,64,18,965
10/16/2019 9:43,datasets/dataset_cropped/10_Metas/16/09/20191016094300_00160.jpg,datasets_flow/dataset_cropped/10_Metas/16/09/20191016094300_00160.jpg,datasets_cloudmask/dataset_cropped/10_Metas/16/09/20191016094300_00160.png,431.7,835,64.1,18.1,965
10/16/2019 9:44,datasets/dataset_cropped/10_Metas/16/09/20191016094400_00160.jpg,datasets_flow/dataset_cropped/10_Metas/16/09/20191016094400_00160.jpg,datasets_cloudmask/dataset_cropped/10_Metas/16/09/20191016094400_00160.png,429.8,825,64.4,18.2,965
10/16/2019 9:45,datasets/dataset_cropped/10_Metas/16/09/20191016094500_00160.jpg,datasets_flow/dataset_cropped/10_Metas/16/09/20191016094500_00160.jpg,datasets_cloudmask/dataset_cropped/10_Metas/16/09/20191016094500_00160.png,432.5,826,64.6,18.1,965
10/16/2019 9:46,datasets/dataset_cropped/10_Metas/16/09/20191016094600_00160.jpg,datasets_flow/dataset_cropped/10_Metas/16/09/20191016094600_00160.jpg,datasets_cloudmask/dataset_cropped/10_Metas/16/09/20191016094600_00160.png,435.4,828,64.8,18.2,965
10/16/2019 9:47,datasets/dataset_cropped/10_Metas/16/09/20191016094700_00160.jpg,datasets_flow/dataset_cropped/10_Metas/16/09/20191016094700_00160.jpg,datasets_cloudmask/dataset_cropped/10_Metas/16/09/20191016094700_00160.png,438.2,828,64.9,18.4,965
10/16/2019 9:48,datasets/dataset_cropped/10_Metas/16/09/20191016094800_00160.jpg,datasets_flow/dataset_cropped/10_Metas/16/09/20191016094800_00160.jpg,datasets_cloudmask/dataset_cropped/10_Metas/16/09/20191016094800_00160.png,446.5,842,65.2,18.4,965
10/16/2019 9:49,datasets/dataset_cropped/10_Metas/16/09/20191016094900_00160.jpg,datasets_flow/dataset_cropped/10_Metas/16/09/20191016094900_00160.jpg,datasets_cloudmask/dataset_cropped/10_Metas/16/09/20191016094900_00160.png,448.5,841,65.4,18.3,965
10/16/2019 9:50,datasets/dataset_cropped/10_Metas/16/09/20191016095000_00160.jpg,datasets_flow/dataset_cropped/10_Metas/16/09/20191016095000_00160.jpg,datasets_cloudmask/dataset_cropped/10_Metas/16/09/20191016095000_00160.png,446.8,833,65.2,18.1,965
10/16/2019 9:51,datasets/dataset_cropped/10_Metas/16/09/20191016095100_00160.jpg,datasets_flow/dataset_cropped/10_Metas/16/09/20191016095100_00160.jpg,datasets_cloudmask/dataset_cropped/10_Metas/16/09/20191016095100_00160.png,432.8,798.6,65.1,18.2,965
10/16/2019 9:52,datasets/dataset_cropped/10_Metas/16/09/20191016095200_00160.jpg,datasets_flow/dataset_cropped/10_Metas/16/09/20191016095200_00160.jpg,datasets_cloudmask/dataset_cropped/10_Metas/16/09/20191016095200_00160.png,447.8,826,65.3,18.4,965
10/16/2019 9:53,datasets/dataset_cropped/10_Metas/16/09/20191016095300_00160.jpg,datasets_flow/dataset_cropped/10_Metas/16/09/20191016095300_00160.jpg,datasets_cloudmask/dataset_cropped/10_Metas/16/09/20191016095300_00160.png,450.7,828,65.4,18.4,965
10/16/2019 9:54,datasets/dataset_cropped/10_Metas/16/09/20191016095400_00160.jpg,datasets_flow/dataset_cropped/10_Metas/16/09/20191016095400_00160.jpg,datasets_cloudmask/dataset_cropped/10_Metas/16/09/20191016095400_00160.png,456,835,65.2,18.3,965
10/16/2019 9:55,datasets/dataset_cropped/10_Metas/16/09/20191016095500_00160.jpg,datasets_flow/dataset_cropped/10_Metas/16/09/20191016095500_00160.jpg,datasets_cloudmask/dataset_cropped/10_Metas/16/09/20191016095500_00160.png,462.9,847,64.5,18.2,965
10/16/2019 9:56,datasets/dataset_cropped/10_Metas/16/09/20191016095600_00160.jpg,datasets_flow/dataset_cropped/10_Metas/16/09/20191016095600_00160.jpg,datasets_cloudmask/dataset_cropped/10_Metas/16/09/20191016095600_00160.png,464,847,63.8,18.4,965
10/16/2019 9:57,datasets/dataset_cropped/10_Metas/16/09/20191016095700_00160.jpg,datasets_flow/dataset_cropped/10_Metas/16/09/20191016095700_00160.jpg,datasets_cloudmask/dataset_cropped/10_Metas/16/09/20191016095700_00160.png,469.7,855,63.5,18.3,965
10/16/2019 9:58,datasets/dataset_cropped/10_Metas/16/09/20191016095800_00160.jpg,datasets_flow/dataset_cropped/10_Metas/16/09/20191016095800_00160.jpg,datasets_cloudmask/dataset_cropped/10_Metas/16/09/20191016095800_00160.png,463.4,838,63,18.3,965
10/16/2019 9:59,datasets/dataset_cropped/10_Metas/16/09/20191016095900_00160.jpg,datasets_flow/dataset_cropped/10_Metas/16/09/20191016095900_00160.jpg,datasets_cloudmask/dataset_cropped/10_Metas/16/09/20191016095900_00160.png,454.8,816,62.5,18.3,965
10/16/2019 10:00,datasets/dataset_cropped/10_Metas/16/10/20191016100000_00160.jpg,datasets_flow/dataset_cropped/10_Metas/16/10/20191016100000_00160.jpg,datasets_cloudmask/dataset_cropped/10_Metas/16/10/20191016100000_00160.png,458.1,819,62.4,18.4,965
10/16/2019 10:01,datasets/dataset_cropped/10_Metas/16/10/20191016100100_00160.jpg,datasets_flow/dataset_cropped/10_Metas/16/10/20191016100100_00160.jpg,datasets_cloudmask/dataset_cropped/10_Metas/16/10/20191016100100_00160.png,488.1,877,62.8,18.4,965
10/16/2019 10:02,datasets/dataset_cropped/10_Metas/16/10/20191016100200_00160.jpg,datasets_flow/dataset_cropped/10_Metas/16/10/20191016100200_00160.jpg,datasets_cloudmask/dataset_cropped/10_Metas/16/10/20191016100200_00160.png,490.7,878,63,18.4,965
10/16/2019 10:03,datasets/dataset_cropped/10_Metas/16/10/20191016100300_00160.jpg,datasets_flow/dataset_cropped/10_Metas/16/10/20191016100300_00160.jpg,datasets_cloudmask/dataset_cropped/10_Metas/16/10/20191016100300_00160.png,493.7,881,62.6,18.4,965
10/16/2019 10:04,datasets/dataset_cropped/10_Metas/16/10/20191016100400_00160.jpg,datasets_flow/dataset_cropped/10_Metas/16/10/20191016100400_00160.jpg,datasets_cloudmask/dataset_cropped/10_Metas/16/10/20191016100400_00160.png,495.7,881,62.7,18.4,965
10/16/2019 10:05,datasets/dataset_cropped/10_Metas/16/10/20191016100500_00160.jpg,datasets_flow/dataset_cropped/10_Metas/16/10/20191016100500_00160.jpg,datasets_cloudmask/dataset_cropped/10_Metas/16/10/20191016100500_00160.png,498.9,884,62.3,18.2,965
10/16/2019 10:06,datasets/dataset_cropped/10_Metas/16/10/20191016100600_00160.jpg,datasets_flow/dataset_cropped/10_Metas/16/10/20191016100600_00160.jpg,datasets_cloudmask/dataset_cropped/10_Metas/16/10/20191016100600_00160.png,499.9,882,62.1,18.1,965
10/16/2019 10:07,datasets/dataset_cropped/10_Metas/16/10/20191016100700_00160.jpg,datasets_flow/dataset_cropped/10_Metas/16/10/20191016100700_00160.jpg,datasets_cloudmask/dataset_cropped/10_Metas/16/10/20191016100700_00160.png,504.3,887,62,18.1,965
10/16/2019 10:08,datasets/dataset_cropped/10_Metas/16/10/20191016100800_00160.jpg,datasets_flow/dataset_cropped/10_Metas/16/10/20191016100800_00160.jpg,datasets_cloudmask/dataset_cropped/10_Metas/16/10/20191016100800_00160.png,506.9,888,61.7,18.2,965
10/16/2019 10:09,datasets/dataset_cropped/10_Metas/16/10/20191016100900_00160.jpg,datasets_flow/dataset_cropped/10_Metas/16/10/20191016100900_00160.jpg,datasets_cloudmask/dataset_cropped/10_Metas/16/10/20191016100900_00160.png,509,888,61.7,18.1,965
10/16/2019 10:10,datasets/dataset_cropped/10_Metas/16/10/20191016101000_00160.jpg,datasets_flow/dataset_cropped/10_Metas/16/10/20191016101000_00160.jpg,datasets_cloudmask/dataset_cropped/10_Metas/16/10/20191016101000_00160.png,511.6,889,61.7,18.1,965
10/16/2019 10:11,datasets/dataset_cropped/10_Metas/16/10/20191016101100_00160.jpg,datasets_flow/dataset_cropped/10_Metas/16/10/20191016101100_00160.jpg,datasets_cloudmask/dataset_cropped/10_Metas/16/10/20191016101100_00160.png,514.2,890,61.8,18.3,965
10/16/2019 10:12,datasets/dataset_cropped/10_Metas/16/10/20191016101200_00160.jpg,datasets_flow/dataset_cropped/10_Metas/16/10/20191016101200_00160.jpg,datasets_cloudmask/dataset_cropped/10_Metas/16/10/20191016101200_00160.png,516.8,891,61.6,18.4,965
10/16/2019 10:13,datasets/dataset_cropped/10_Metas/16/10/20191016101300_00160.jpg,datasets_flow/dataset_cropped/10_Metas/16/10/20191016101300_00160.jpg,datasets_cloudmask/dataset_cropped/10_Metas/16/10/20191016101300_00160.png,519.2,892,61.7,18.6,965
10/16/2019 10:14,datasets/dataset_cropped/10_Metas/16/10/20191016101400_00160.jpg,datasets_flow/dataset_cropped/10_Metas/16/10/20191016101400_00160.jpg,datasets_cloudmask/dataset_cropped/10_Metas/16/10/20191016101400_00160.png,521.6,893,61.8,18.6,965
10/16/2019 10:15,datasets/dataset_cropped/10_Metas/16/10/20191016101500_00160.jpg,datasets_flow/dataset_cropped/10_Metas/16/10/20191016101500_00160.jpg,datasets_cloudmask/dataset_cropped/10_Metas/16/10/20191016101500_00160.png,524.9,895,62.1,18.6,965
10/16/2019 10:16,datasets/dataset_cropped/10_Metas/16/10/20191016101600_00160.jpg,datasets_flow/dataset_cropped/10_Metas/16/10/20191016101600_00160.jpg,datasets_cloudmask/dataset_cropped/10_Metas/16/10/20191016101600_00160.png,526.7,895,62,18.6,965
10/16/2019 10:17,datasets/dataset_cropped/10_Metas/16/10/20191016101700_00160.jpg,datasets_flow/dataset_cropped/10_Metas/16/10/20191016101700_00160.jpg,datasets_cloudmask/dataset_cropped/10_Metas/16/10/20191016101700_00160.png,529.4,897,61.7,18.6,965
10/16/2019 10:18,datasets/dataset_cropped/10_Metas/16/10/20191016101800_00160.jpg,datasets_flow/dataset_cropped/10_Metas/16/10/20191016101800_00160.jpg,datasets_cloudmask/dataset_cropped/10_Metas/16/10/20191016101800_00160.png,532.4,899,61.7,18.8,965
10/16/2019 10:19,datasets/dataset_cropped/10_Metas/16/10/20191016101900_00160.jpg,datasets_flow/dataset_cropped/10_Metas/16/10/20191016101900_00160.jpg,datasets_cloudmask/dataset_cropped/10_Metas/16/10/20191016101900_00160.png,535.6,901,62,18.8,965
10/16/2019 10:20,datasets/dataset_cropped/10_Metas/16/10/20191016102000_00160.jpg,datasets_flow/dataset_cropped/10_Metas/16/10/20191016102000_00160.jpg,datasets_cloudmask/dataset_cropped/10_Metas/16/10/20191016102000_00160.png,538.2,902,61.7,18.9,965
10/16/2019 10:21,datasets/dataset_cropped/10_Metas/16/10/20191016102100_00160.jpg,datasets_flow/dataset_cropped/10_Metas/16/10/20191016102100_00160.jpg,datasets_cloudmask/dataset_cropped/10_Metas/16/10/20191016102100_00160.png,540.8,903,61.7,18.9,965
10/16/2019 10:22,datasets/dataset_cropped/10_Metas/16/10/20191016102200_00160.jpg,datasets_flow/dataset_cropped/10_Metas/16/10/20191016102200_00160.jpg,datasets_cloudmask/dataset_cropped/10_Metas/16/10/20191016102200_00160.png,543.6,904,61.8,18.9,965
10/16/2019 10:23,datasets/dataset_cropped/10_Metas/16/10/20191016102300_00160.jpg,datasets_flow/dataset_cropped/10_Metas/16/10/20191016102300_00160.jpg,datasets_cloudmask/dataset_cropped/10_Metas/16/10/20191016102300_00160.png,546.3,906,61.8,19,965
10/16/2019 10:24,datasets/dataset_cropped/10_Metas/16/10/20191016102400_00160.jpg,datasets_flow/dataset_cropped/10_Metas/16/10/20191016102400_00160.jpg,datasets_cloudmask/dataset_cropped/10_Metas/16/10/20191016102400_00160.png,548.8,907,62,19.1,965
10/16/2019 10:25,datasets/dataset_cropped/10_Metas/16/10/20191016102500_00160.jpg,datasets_flow/dataset_cropped/10_Metas/16/10/20191016102500_00160.jpg,datasets_cloudmask/dataset_cropped/10_Metas/16/10/20191016102500_00160.png,551.1,908,62,19.2,965
10/16/2019 10:26,datasets/dataset_cropped/10_Metas/16/10/20191016102600_00160.jpg,datasets_flow/dataset_cropped/10_Metas/16/10/20191016102600_00160.jpg,datasets_cloudmask/dataset_cropped/10_Metas/16/10/20191016102600_00160.png,553.9,909,62,19.3,965
10/16/2019 10:27,datasets/dataset_cropped/10_Metas/16/10/20191016102700_00160.jpg,datasets_flow/dataset_cropped/10_Metas/16/10/20191016102700_00160.jpg,datasets_cloudmask/dataset_cropped/10_Metas/16/10/20191016102700_00160.png,556.5,910,62,19.2,965
10/16/2019 10:28,datasets/dataset_cropped/10_Metas/16/10/20191016102800_00160.jpg,datasets_flow/dataset_cropped/10_Metas/16/10/20191016102800_00160.jpg,datasets_cloudmask/dataset_cropped/10_Metas/16/10/20191016102800_00160.png,559.2,911,62.4,19.3,965
10/16/2019 10:29,datasets/dataset_cropped/10_Metas/16/10/20191016102900_00160.jpg,datasets_flow/dataset_cropped/10_Metas/16/10/20191016102900_00160.jpg,datasets_cloudmask/dataset_cropped/10_Metas/16/10/20191016102900_00160.png,561.4,911,62.3,19.4,965
10/16/2019 10:30,datasets/dataset_cropped/10_Metas/16/10/20191016103000_00160.jpg,datasets_flow/dataset_cropped/10_Metas/16/10/20191016103000_00160.jpg,datasets_cloudmask/dataset_cropped/10_Metas/16/10/20191016103000_00160.png,563.7,912,62.7,19.3,964
10/16/2019 10:31,datasets/dataset_cropped/10_Metas/16/10/20191016103100_00160.jpg,datasets_flow/dataset_cropped/10_Metas/16/10/20191016103100_00160.jpg,datasets_cloudmask/dataset_cropped/10_Metas/16/10/20191016103100_00160.png,566.6,914,62.4,19.4,965
10/16/2019 10:32,datasets/dataset_cropped/10_Metas/16/10/20191016103200_00160.jpg,datasets_flow/dataset_cropped/10_Metas/16/10/20191016103200_00160.jpg,datasets_cloudmask/dataset_cropped/10_Metas/16/10/20191016103200_00160.png,569.2,915,62.4,19.6,964
10/16/2019 10:33,datasets/dataset_cropped/10_Metas/16/10/20191016103300_00160.jpg,datasets_flow/dataset_cropped/10_Metas/16/10/20191016103300_00160.jpg,datasets_cloudmask/dataset_cropped/10_Metas/16/10/20191016103300_00160.png,571.8,917,62.5,19.7,965
10/16/2019 10:34,datasets/dataset_cropped/10_Metas/16/10/20191016103400_00160.jpg,datasets_flow/dataset_cropped/10_Metas/16/10/20191016103400_00160.jpg,datasets_cloudmask/dataset_cropped/10_Metas/16/10/20191016103400_00160.png,574.3,918,62.5,19.6,965
10/16/2019 10:35,datasets/dataset_cropped/10_Metas/16/10/20191016103500_00160.jpg,datasets_flow/dataset_cropped/10_Metas/16/10/20191016103500_00160.jpg,datasets_cloudmask/dataset_cropped/10_Metas/16/10/20191016103500_00160.png,575.8,916,62.9,19.3,964
10/16/2019 10:36,datasets/dataset_cropped/10_Metas/16/10/20191016103600_00160.jpg,datasets_flow/dataset_cropped/10_Metas/16/10/20191016103600_00160.jpg,datasets_cloudmask/dataset_cropped/10_Metas/16/10/20191016103600_00160.png,577.3,915,63.2,19.1,964
10/16/2019 10:37,datasets/dataset_cropped/10_Metas/16/10/20191016103700_00160.jpg,datasets_flow/dataset_cropped/10_Metas/16/10/20191016103700_00160.jpg,datasets_cloudmask/dataset_cropped/10_Metas/16/10/20191016103700_00160.png,579.9,916,63.4,19,964
10/16/2019 10:38,datasets/dataset_cropped/10_Metas/16/10/20191016103800_00160.jpg,datasets_flow/dataset_cropped/10_Metas/16/10/20191016103800_00160.jpg,datasets_cloudmask/dataset_cropped/10_Metas/16/10/20191016103800_00160.png,583.2,919,63.5,19,964
10/16/2019 10:39,datasets/dataset_cropped/10_Metas/16/10/20191016103900_00160.jpg,datasets_flow/dataset_cropped/10_Metas/16/10/20191016103900_00160.jpg,datasets_cloudmask/dataset_cropped/10_Metas/16/10/20191016103900_00160.png,585.6,921,63.4,19.2,964
10/16/2019 10:40,datasets/dataset_cropped/10_Metas/16/10/20191016104000_00160.jpg,datasets_flow/dataset_cropped/10_Metas/16/10/20191016104000_00160.jpg,datasets_cloudmask/dataset_cropped/10_Metas/16/10/20191016104000_00160.png,587.5,920,63.3,19.3,964
10/16/2019 10:41,datasets/dataset_cropped/10_Metas/16/10/20191016104100_00160.jpg,datasets_flow/dataset_cropped/10_Metas/16/10/20191016104100_00160.jpg,datasets_cloudmask/dataset_cropped/10_Metas/16/10/20191016104100_00160.png,589.5,921,63.2,19.7,964
10/16/2019 10:42,datasets/dataset_cropped/10_Metas/16/10/20191016104200_00160.jpg,datasets_flow/dataset_cropped/10_Metas/16/10/20191016104200_00160.jpg,datasets_cloudmask/dataset_cropped/10_Metas/16/10/20191016104200_00160.png,591.8,921,63.4,19.9,964
10/16/2019 10:43,datasets/dataset_cropped/10_Metas/16/10/20191016104300_00160.jpg,datasets_flow/dataset_cropped/10_Metas/16/10/20191016104300_00160.jpg,datasets_cloudmask/dataset_cropped/10_Metas/16/10/20191016104300_00160.png,594.2,922,63.9,19.9,964
10/16/2019 10:44,datasets/dataset_cropped/10_Metas/16/10/20191016104400_00160.jpg,datasets_flow/dataset_cropped/10_Metas/16/10/20191016104400_00160.jpg,datasets_cloudmask/dataset_cropped/10_Metas/16/10/20191016104400_00160.png,595.9,922,63.9,19.8,964
10/16/2019 10:45,datasets/dataset_cropped/10_Metas/16/10/20191016104500_00160.jpg,datasets_flow/dataset_cropped/10_Metas/16/10/20191016104500_00160.jpg,datasets_cloudmask/dataset_cropped/10_Metas/16/10/20191016104500_00160.png,597.5,922,63.6,19.4,964
10/16/2019 10:46,datasets/dataset_cropped/10_Metas/16/10/20191016104600_00160.jpg,datasets_flow/dataset_cropped/10_Metas/16/10/20191016104600_00160.jpg,datasets_cloudmask/dataset_cropped/10_Metas/16/10/20191016104600_00160.png,600.8,924,63.6,19.5,964
10/16/2019 10:47,datasets/dataset_cropped/10_Metas/16/10/20191016104700_00160.jpg,datasets_flow/dataset_cropped/10_Metas/16/10/20191016104700_00160.jpg,datasets_cloudmask/dataset_cropped/10_Metas/16/10/20191016104700_00160.png,603,925,63.5,19.7,964
10/16/2019 10:48,datasets/dataset_cropped/10_Metas/16/10/20191016104800_00160.jpg,datasets_flow/dataset_cropped/10_Metas/16/10/20191016104800_00160.jpg,datasets_cloudmask/dataset_cropped/10_Metas/16/10/20191016104800_00160.png,605.2,926,63.4,19.6,964
10/16/2019 10:49,datasets/dataset_cropped/10_Metas/16/10/20191016104900_00160.jpg,datasets_flow/dataset_cropped/10_Metas/16/10/20191016104900_00160.jpg,datasets_cloudmask/dataset_cropped/10_Metas/16/10/20191016104900_00160.png,607.9,928,63.4,19.7,964
10/16/2019 10:50,datasets/dataset_cropped/10_Metas/16/10/20191016105000_00160.jpg,datasets_flow/dataset_cropped/10_Metas/16/10/20191016105000_00160.jpg,datasets_cloudmask/dataset_cropped/10_Metas/16/10/20191016105000_00160.png,610.1,928,63.5,19.8,964
10/16/2019 10:51,datasets/dataset_cropped/10_Metas/16/10/20191016105100_00160.jpg,datasets_flow/dataset_cropped/10_Metas/16/10/20191016105100_00160.jpg,datasets_cloudmask/dataset_cropped/10_Metas/16/10/20191016105100_00160.png,612.2,929,63.6,19.9,964
10/16/2019 10:52,datasets/dataset_cropped/10_Metas/16/10/20191016105200_00160.jpg,datasets_flow/dataset_cropped/10_Metas/16/10/20191016105200_00160.jpg,datasets_cloudmask/dataset_cropped/10_Metas/16/10/20191016105200_00160.png,614.3,929,63.8,19.8,964
10/16/2019 10:53,datasets/dataset_cropped/10_Metas/16/10/20191016105300_00160.jpg,datasets_flow/dataset_cropped/10_Metas/16/10/20191016105300_00160.jpg,datasets_cloudmask/dataset_cropped/10_Metas/16/10/20191016105300_00160.png,616.9,931,63.7,19.5,964
10/16/2019 10:54,datasets/dataset_cropped/10_Metas/16/10/20191016105400_00160.jpg,datasets_flow/dataset_cropped/10_Metas/16/10/20191016105400_00160.jpg,datasets_cloudmask/dataset_cropped/10_Metas/16/10/20191016105400_00160.png,619.4,932,63.6,19.6,964
10/16/2019 10:55,datasets/dataset_cropped/10_Metas/16/10/20191016105500_00160.jpg,datasets_flow/dataset_cropped/10_Metas/16/10/20191016105500_00160.jpg,datasets_cloudmask/dataset_cropped/10_Metas/16/10/20191016105500_00160.png,621.6,933,63.7,19.8,964
10/16/2019 10:56,datasets/dataset_cropped/10_Metas/16/10/20191016105600_00160.jpg,datasets_flow/dataset_cropped/10_Metas/16/10/20191016105600_00160.jpg,datasets_cloudmask/dataset_cropped/10_Metas/16/10/20191016105600_00160.png,623.2,933,63.7,19.9,964
10/16/2019 10:57,datasets/dataset_cropped/10_Metas/16/10/20191016105700_00160.jpg,datasets_flow/dataset_cropped/10_Metas/16/10/20191016105700_00160.jpg,datasets_cloudmask/dataset_cropped/10_Metas/16/10/20191016105700_00160.png,624.3,931,63.9,19.6,964
10/16/2019 10:58,datasets/dataset_cropped/10_Metas/16/10/20191016105800_00160.jpg,datasets_flow/dataset_cropped/10_Metas/16/10/20191016105800_00160.jpg,datasets_cloudmask/dataset_cropped/10_Metas/16/10/20191016105800_00160.png,627.2,933,63.9,19.4,965
10/16/2019 10:59,datasets/dataset_cropped/10_Metas/16/10/20191016105900_00160.jpg,datasets_flow/dataset_cropped/10_Metas/16/10/20191016105900_00160.jpg,datasets_cloudmask/dataset_cropped/10_Metas/16/10/20191016105900_00160.png,629.6,934,63.9,19.4,964
10/16/2019 11:00,datasets/dataset_cropped/10_Metas/16/11/20191016110000_00160.jpg,datasets_flow/dataset_cropped/10_Metas/16/11/20191016110000_00160.jpg,datasets_cloudmask/dataset_cropped/10_Metas/16/11/20191016110000_00160.png,631.8,935,64.3,19.4,964
10/16/2019 11:01,datasets/dataset_cropped/10_Metas/16/11/20191016110100_00160.jpg,datasets_flow/dataset_cropped/10_Metas/16/11/20191016110100_00160.jpg,datasets_cloudmask/dataset_cropped/10_Metas/16/11/20191016110100_00160.png,633.2,935,64.4,19.8,964
10/16/2019 11:02,datasets/dataset_cropped/10_Metas/16/11/20191016110200_00160.jpg,datasets_flow/dataset_cropped/10_Metas/16/11/20191016110200_00160.jpg,datasets_cloudmask/dataset_cropped/10_Metas/16/11/20191016110200_00160.png,635.2,935,64.9,19.9,964
10/16/2019 11:03,datasets/dataset_cropped/10_Metas/16/11/20191016110300_00160.jpg,datasets_flow/dataset_cropped/10_Metas/16/11/20191016110300_00160.jpg,datasets_cloudmask/dataset_cropped/10_Metas/16/11/20191016110300_00160.png,636.7,936,64.6,19.9,965
10/16/2019 11:04,datasets/dataset_cropped/10_Metas/16/11/20191016110400_00160.jpg,datasets_flow/dataset_cropped/10_Metas/16/11/20191016110400_00160.jpg,datasets_cloudmask/dataset_cropped/10_Metas/16/11/20191016110400_00160.png,639.3,937,64.8,20,965
10/16/2019 11:05,datasets/dataset_cropped/10_Metas/16/11/20191016110500_00160.jpg,datasets_flow/dataset_cropped/10_Metas/16/11/20191016110500_00160.jpg,datasets_cloudmask/dataset_cropped/10_Metas/16/11/20191016110500_00160.png,641.7,939,65,20.1,964
10/16/2019 11:06,datasets/dataset_cropped/10_Metas/16/11/20191016110600_00160.jpg,datasets_flow/dataset_cropped/10_Metas/16/11/20191016110600_00160.jpg,datasets_cloudmask/dataset_cropped/10_Metas/16/11/20191016110600_00160.png,642.3,938,65,20,964
10/16/2019 11:07,datasets/dataset_cropped/10_Metas/16/11/20191016110700_00160.jpg,datasets_flow/dataset_cropped/10_Metas/16/11/20191016110700_00160.jpg,datasets_cloudmask/dataset_cropped/10_Metas/16/11/20191016110700_00160.png,644.5,939,65,20.1,964
10/16/2019 11:08,datasets/dataset_cropped/10_Metas/16/11/20191016110800_00160.jpg,datasets_flow/dataset_cropped/10_Metas/16/11/20191016110800_00160.jpg,datasets_cloudmask/dataset_cropped/10_Metas/16/11/20191016110800_00160.png,647,941,64.7,20.2,964
10/16/2019 11:09,datasets/dataset_cropped/10_Metas/16/11/20191016110900_00160.jpg,datasets_flow/dataset_cropped/10_Metas/16/11/20191016110900_00160.jpg,datasets_cloudmask/dataset_cropped/10_Metas/16/11/20191016110900_00160.png,648.6,941,64.7,20.4,964
10/16/2019 11:10,datasets/dataset_cropped/10_Metas/16/11/20191016111000_00160.jpg,datasets_flow/dataset_cropped/10_Metas/16/11/20191016111000_00160.jpg,datasets_cloudmask/dataset_cropped/10_Metas/16/11/20191016111000_00160.png,649.7,940,65.1,20.6,964
10/16/2019 11:11,datasets/dataset_cropped/10_Metas/16/11/20191016111100_00160.jpg,datasets_flow/dataset_cropped/10_Metas/16/11/20191016111100_00160.jpg,datasets_cloudmask/dataset_cropped/10_Metas/16/11/20191016111100_00160.png,651.8,941,65.1,20.4,964
10/16/2019 11:12,datasets/dataset_cropped/10_Metas/16/11/20191016111200_00160.jpg,datasets_flow/dataset_cropped/10_Metas/16/11/20191016111200_00160.jpg,datasets_cloudmask/dataset_cropped/10_Metas/16/11/20191016111200_00160.png,653.6,942,65,20.2,964
10/16/2019 11:13,datasets/dataset_cropped/10_Metas/16/11/20191016111300_00160.jpg,datasets_flow/dataset_cropped/10_Metas/16/11/20191016111300_00160.jpg,datasets_cloudmask/dataset_cropped/10_Metas/16/11/20191016111300_00160.png,655.1,941,65.6,20.2,964
10/16/2019 11:14,datasets/dataset_cropped/10_Metas/16/11/20191016111400_00160.jpg,datasets_flow/dataset_cropped/10_Metas/16/11/20191016111400_00160.jpg,datasets_cloudmask/dataset_cropped/10_Metas/16/11/20191016111400_00160.png,658.1,943,65.2,20.5,964
10/16/2019 11:15,datasets/dataset_cropped/10_Metas/16/11/20191016111500_00160.jpg,datasets_flow/dataset_cropped/10_Metas/16/11/20191016111500_00160.jpg,datasets_cloudmask/dataset_cropped/10_Metas/16/11/20191016111500_00160.png,660.3,945,64.8,20.6,964
10/16/2019 11:16,datasets/dataset_cropped/10_Metas/16/11/20191016111600_00160.jpg,datasets_flow/dataset_cropped/10_Metas/16/11/20191016111600_00160.jpg,datasets_cloudmask/dataset_cropped/10_Metas/16/11/20191016111600_00160.png,661.9,944,64.8,20.4,964
10/16/2019 11:17,datasets/dataset_cropped/10_Metas/16/11/20191016111700_00160.jpg,datasets_flow/dataset_cropped/10_Metas/16/11/20191016111700_00160.jpg,datasets_cloudmask/dataset_cropped/10_Metas/16/11/20191016111700_00160.png,663.4,944,65,20.4,964
10/16/2019 11:18,datasets/dataset_cropped/10_Metas/16/11/20191016111800_00160.jpg,datasets_flow/dataset_cropped/10_Metas/16/11/20191016111800_00160.jpg,datasets_cloudmask/dataset_cropped/10_Metas/16/11/20191016111800_00160.png,665,945,65.2,20.4,964
10/16/2019 11:19,datasets/dataset_cropped/10_Metas/16/11/20191016111900_00160.jpg,datasets_flow/dataset_cropped/10_Metas/16/11/20191016111900_00160.jpg,datasets_cloudmask/dataset_cropped/10_Metas/16/11/20191016111900_00160.png,666.6,945,65.5,20.4,964
10/16/2019 11:20,datasets/dataset_cropped/10_Metas/16/11/20191016112000_00160.jpg,datasets_flow/dataset_cropped/10_Metas/16/11/20191016112000_00160.jpg,datasets_cloudmask/dataset_cropped/10_Metas/16/11/20191016112000_00160.png,668.5,947,65.4,20.2,964
10/16/2019 11:21,datasets/dataset_cropped/10_Metas/16/11/20191016112100_00160.jpg,datasets_flow/dataset_cropped/10_Metas/16/11/20191016112100_00160.jpg,datasets_cloudmask/dataset_cropped/10_Metas/16/11/20191016112100_00160.png,670.3,947,65.3,20.2,964
10/16/2019 11:22,datasets/dataset_cropped/10_Metas/16/11/20191016112200_00160.jpg,datasets_flow/dataset_cropped/10_Metas/16/11/20191016112200_00160.jpg,datasets_cloudmask/dataset_cropped/10_Metas/16/11/20191016112200_00160.png,671.5,947,65.4,20.4,964
10/16/2019 11:23,datasets/dataset_cropped/10_Metas/16/11/20191016112300_00160.jpg,datasets_flow/dataset_cropped/10_Metas/16/11/20191016112300_00160.jpg,datasets_cloudmask/dataset_cropped/10_Metas/16/11/20191016112300_00160.png,673.6,947,65.6,20.6,964
10/16/2019 11:24,datasets/dataset_cropped/10_Metas/16/11/20191016112400_00160.jpg,datasets_flow/dataset_cropped/10_Metas/16/11/20191016112400_00160.jpg,datasets_cloudmask/dataset_cropped/10_Metas/16/11/20191016112400_00160.png,674.5,947,65.9,20.8,964
10/16/2019 11:25,datasets/dataset_cropped/10_Metas/16/11/20191016112500_00160.jpg,datasets_flow/dataset_cropped/10_Metas/16/11/20191016112500_00160.jpg,datasets_cloudmask/dataset_cropped/10_Metas/16/11/20191016112500_00160.png,676.6,948,65.6,21,964
10/16/2019 11:26,datasets/dataset_cropped/10_Metas/16/11/20191016112600_00160.jpg,datasets_flow/dataset_cropped/10_Metas/16/11/20191016112600_00160.jpg,datasets_cloudmask/dataset_cropped/10_Metas/16/11/20191016112600_00160.png,678,948,65.2,21,964
10/16/2019 11:27,datasets/dataset_cropped/10_Metas/16/11/20191016112700_00160.jpg,datasets_flow/dataset_cropped/10_Metas/16/11/20191016112700_00160.jpg,datasets_cloudmask/dataset_cropped/10_Metas/16/11/20191016112700_00160.png,679.2,947,65.4,21.1,964
10/16/2019 11:28,datasets/dataset_cropped/10_Metas/16/11/20191016112800_00160.jpg,datasets_flow/dataset_cropped/10_Metas/16/11/20191016112800_00160.jpg,datasets_cloudmask/dataset_cropped/10_Metas/16/11/20191016112800_00160.png,680.4,947,65.6,20.9,964
10/16/2019 11:29,datasets/dataset_cropped/10_Metas/16/11/20191016112900_00160.jpg,datasets_flow/dataset_cropped/10_Metas/16/11/20191016112900_00160.jpg,datasets_cloudmask/dataset_cropped/10_Metas/16/11/20191016112900_00160.png,682.2,947,65.5,20.6,964
10/16/2019 11:30,datasets/dataset_cropped/10_Metas/16/11/20191016113000_00160.jpg,datasets_flow/dataset_cropped/10_Metas/16/11/20191016113000_00160.jpg,datasets_cloudmask/dataset_cropped/10_Metas/16/11/20191016113000_00160.png,684,948,65.5,20.6,964
10/16/2019 11:31,datasets/dataset_cropped/10_Metas/16/11/20191016113100_00160.jpg,datasets_flow/dataset_cropped/10_Metas/16/11/20191016113100_00160.jpg,datasets_cloudmask/dataset_cropped/10_Metas/16/11/20191016113100_00160.png,685.7,949,65.7,20.7,964
10/16/2019 11:32,datasets/dataset_cropped/10_Metas/16/11/20191016113200_00160.jpg,datasets_flow/dataset_cropped/10_Metas/16/11/20191016113200_00160.jpg,datasets_cloudmask/dataset_cropped/10_Metas/16/11/20191016113200_00160.png,686.4,948,66,21,964
10/16/2019 11:33,datasets/dataset_cropped/10_Metas/16/11/20191016113300_00160.jpg,datasets_flow/dataset_cropped/10_Metas/16/11/20191016113300_00160.jpg,datasets_cloudmask/dataset_cropped/10_Metas/16/11/20191016113300_00160.png,688.4,949,65.8,21,964
10/16/2019 11:34,datasets/dataset_cropped/10_Metas/16/11/20191016113400_00160.jpg,datasets_flow/dataset_cropped/10_Metas/16/11/20191016113400_00160.jpg,datasets_cloudmask/dataset_cropped/10_Metas/16/11/20191016113400_00160.png,689.6,949,66.1,20.7,964
10/16/2019 11:35,datasets/dataset_cropped/10_Metas/16/11/20191016113500_00160.jpg,datasets_flow/dataset_cropped/10_Metas/16/11/20191016113500_00160.jpg,datasets_cloudmask/dataset_cropped/10_Metas/16/11/20191016113500_00160.png,689.9,947,66.3,20.8,964
10/16/2019 11:36,datasets/dataset_cropped/10_Metas/16/11/20191016113600_00160.jpg,datasets_flow/dataset_cropped/10_Metas/16/11/20191016113600_00160.jpg,datasets_cloudmask/dataset_cropped/10_Metas/16/11/20191016113600_00160.png,691.5,948,66.5,20.8,964
10/16/2019 11:37,datasets/dataset_cropped/10_Metas/16/11/20191016113716_00160.jpg,datasets_flow/dataset_cropped/10_Metas/16/11/20191016113716_00160.jpg,datasets_cloudmask/dataset_cropped/10_Metas/16/11/20191016113716_00160.png,694.5,951.2,66.2,20.6,964
10/16/2019 11:38,datasets/dataset_cropped/10_Metas/16/11/20191016113800_00160.jpg,datasets_flow/dataset_cropped/10_Metas/16/11/20191016113800_00160.jpg,datasets_cloudmask/dataset_cropped/10_Metas/16/11/20191016113800_00160.png,696.3,953,66.1,20.5,964
10/16/2019 11:39,datasets/dataset_cropped/10_Metas/16/11/20191016113900_00160.jpg,datasets_flow/dataset_cropped/10_Metas/16/11/20191016113900_00160.jpg,datasets_cloudmask/dataset_cropped/10_Metas/16/11/20191016113900_00160.png,697.1,952,66.2,20.6,964
10/16/2019 11:40,datasets/dataset_cropped/10_Metas/16/11/20191016114000_00160.jpg,datasets_flow/dataset_cropped/10_Metas/16/11/20191016114000_00160.jpg,datasets_cloudmask/dataset_cropped/10_Metas/16/11/20191016114000_00160.png,698.7,952,66.4,20.6,964
10/16/2019 11:41,datasets/dataset_cropped/10_Metas/16/11/20191016114100_00160.jpg,datasets_flow/dataset_cropped/10_Metas/16/11/20191016114100_00160.jpg,datasets_cloudmask/dataset_cropped/10_Metas/16/11/20191016114100_00160.png,700,953,66.5,21,964
10/16/2019 11:42,datasets/dataset_cropped/10_Metas/16/11/20191016114200_00160.jpg,datasets_flow/dataset_cropped/10_Metas/16/11/20191016114200_00160.jpg,datasets_cloudmask/dataset_cropped/10_Metas/16/11/20191016114200_00160.png,700.2,951,66.5,21,964
10/16/2019 11:43,datasets/dataset_cropped/10_Metas/16/11/20191016114300_00160.jpg,datasets_flow/dataset_cropped/10_Metas/16/11/20191016114300_00160.jpg,datasets_cloudmask/dataset_cropped/10_Metas/16/11/20191016114300_00160.png,701,950,66.9,21,964
10/16/2019 11:44,datasets/dataset_cropped/10_Metas/16/11/20191016114400_00160.jpg,datasets_flow/dataset_cropped/10_Metas/16/11/20191016114400_00160.jpg,datasets_cloudmask/dataset_cropped/10_Metas/16/11/20191016114400_00160.png,701.9,950,66.9,20.9,964
10/16/2019 11:45,datasets/dataset_cropped/10_Metas/16/11/20191016114500_00160.jpg,datasets_flow/dataset_cropped/10_Metas/16/11/20191016114500_00160.jpg,datasets_cloudmask/dataset_cropped/10_Metas/16/11/20191016114500_00160.png,705.1,954,66.5,20.9,964
10/16/2019 11:46,datasets/dataset_cropped/10_Metas/16/11/20191016114600_00160.jpg,datasets_flow/dataset_cropped/10_Metas/16/11/20191016114600_00160.jpg,datasets_cloudmask/dataset_cropped/10_Metas/16/11/20191016114600_00160.png,706.4,954,66.8,20.8,964
10/16/2019 11:47,datasets/dataset_cropped/10_Metas/16/11/20191016114700_00160.jpg,datasets_flow/dataset_cropped/10_Metas/16/11/20191016114700_00160.jpg,datasets_cloudmask/dataset_cropped/10_Metas/16/11/20191016114700_00160.png,707.4,953,67,20.8,964
10/16/2019 11:48,datasets/dataset_cropped/10_Metas/16/11/20191016114800_00160.jpg,datasets_flow/dataset_cropped/10_Metas/16/11/20191016114800_00160.jpg,datasets_cloudmask/dataset_cropped/10_Metas/16/11/20191016114800_00160.png,708,952,67.1,20.7,964
10/16/2019 11:49,datasets/dataset_cropped/10_Metas/16/11/20191016114900_00160.jpg,datasets_flow/dataset_cropped/10_Metas/16/11/20191016114900_00160.jpg,datasets_cloudmask/dataset_cropped/10_Metas/16/11/20191016114900_00160.png,709,953,67.5,20.7,964
10/16/2019 11:50,datasets/dataset_cropped/10_Metas/16/11/20191016115000_00160.jpg,datasets_flow/dataset_cropped/10_Metas/16/11/20191016115000_00160.jpg,datasets_cloudmask/dataset_cropped/10_Metas/16/11/20191016115000_00160.png,710.2,954,67.4,21,964
10/16/2019 11:51,datasets/dataset_cropped/10_Metas/16/11/20191016115100_00160.jpg,datasets_flow/dataset_cropped/10_Metas/16/11/20191016115100_00160.jpg,datasets_cloudmask/dataset_cropped/10_Metas/16/11/20191016115100_00160.png,711.3,954,67.4,20.8,964
10/16/2019 11:52,datasets/dataset_cropped/10_Metas/16/11/20191016115200_00160.jpg,datasets_flow/dataset_cropped/10_Metas/16/11/20191016115200_00160.jpg,datasets_cloudmask/dataset_cropped/10_Metas/16/11/20191016115200_00160.png,712.3,953,68,20.6,964
10/16/2019 11:53,datasets/dataset_cropped/10_Metas/16/11/20191016115300_00160.jpg,datasets_flow/dataset_cropped/10_Metas/16/11/20191016115300_00160.jpg,datasets_cloudmask/dataset_cropped/10_Metas/16/11/20191016115300_00160.png,712.6,952,68.2,20.8,964
10/16/2019 11:54,datasets/dataset_cropped/10_Metas/16/11/20191016115400_00160.jpg,datasets_flow/dataset_cropped/10_Metas/16/11/20191016115400_00160.jpg,datasets_cloudmask/dataset_cropped/10_Metas/16/11/20191016115400_00160.png,712.2,950,68.1,20.8,964
10/16/2019 11:55,datasets/dataset_cropped/10_Metas/16/11/20191016115500_00160.jpg,datasets_flow/dataset_cropped/10_Metas/16/11/20191016115500_00160.jpg,datasets_cloudmask/dataset_cropped/10_Metas/16/11/20191016115500_00160.png,712.3,949,68.1,20.9,964
10/16/2019 11:56,datasets/dataset_cropped/10_Metas/16/11/20191016115600_00160.jpg,datasets_flow/dataset_cropped/10_Metas/16/11/20191016115600_00160.jpg,datasets_cloudmask/dataset_cropped/10_Metas/16/11/20191016115600_00160.png,713.6,950,68.2,21.1,964
10/16/2019 11:57,datasets/dataset_cropped/10_Metas/16/11/20191016115700_00160.jpg,datasets_flow/dataset_cropped/10_Metas/16/11/20191016115700_00160.jpg,datasets_cloudmask/dataset_cropped/10_Metas/16/11/20191016115700_00160.png,714.9,950,68.3,21.1,964
10/16/2019 11:58,datasets/dataset_cropped/10_Metas/16/11/20191016115800_00160.jpg,datasets_flow/dataset_cropped/10_Metas/16/11/20191016115800_00160.jpg,datasets_cloudmask/dataset_cropped/10_Metas/16/11/20191016115800_00160.png,716.5,951,68.3,21,964
10/16/2019 11:59,datasets/dataset_cropped/10_Metas/16/11/20191016115900_00160.jpg,datasets_flow/dataset_cropped/10_Metas/16/11/20191016115900_00160.jpg,datasets_cloudmask/dataset_cropped/10_Metas/16/11/20191016115900_00160.png,717.7,952,68.2,21.1,964
10/16/2019 12:00,datasets/dataset_cropped/10_Metas/16/12/20191016120000_00160.jpg,datasets_flow/dataset_cropped/10_Metas/16/12/20191016120000_00160.jpg,datasets_cloudmask/dataset_cropped/10_Metas/16/12/20191016120000_00160.png,719.3,953,68,21.3,964
10/16/2019 12:01,datasets/dataset_cropped/10_Metas/16/12/20191016120100_00160.jpg,datasets_flow/dataset_cropped/10_Metas/16/12/20191016120100_00160.jpg,datasets_cloudmask/dataset_cropped/10_Metas/16/12/20191016120100_00160.png,721,955,67.8,21.5,964
10/16/2019 12:02,datasets/dataset_cropped/10_Metas/16/12/20191016120200_00160.jpg,datasets_flow/dataset_cropped/10_Metas/16/12/20191016120200_00160.jpg,datasets_cloudmask/dataset_cropped/10_Metas/16/12/20191016120200_00160.png,722,955,68,21.4,964
10/16/2019 12:03,datasets/dataset_cropped/10_Metas/16/12/20191016120300_00160.jpg,datasets_flow/dataset_cropped/10_Metas/16/12/20191016120300_00160.jpg,datasets_cloudmask/dataset_cropped/10_Metas/16/12/20191016120300_00160.png,723.2,956,68.1,21.2,964
10/16/2019 12:04,datasets/dataset_cropped/10_Metas/16/12/20191016120400_00160.jpg,datasets_flow/dataset_cropped/10_Metas/16/12/20191016120400_00160.jpg,datasets_cloudmask/dataset_cropped/10_Metas/16/12/20191016120400_00160.png,724.1,956,68.4,21.1,964
10/16/2019 12:05,datasets/dataset_cropped/10_Metas/16/12/20191016120500_00160.jpg,datasets_flow/dataset_cropped/10_Metas/16/12/20191016120500_00160.jpg,datasets_cloudmask/dataset_cropped/10_Metas/16/12/20191016120500_00160.png,724.1,955,68.7,21.2,964
10/16/2019 12:06,datasets/dataset_cropped/10_Metas/16/12/20191016120600_00160.jpg,datasets_flow/dataset_cropped/10_Metas/16/12/20191016120600_00160.jpg,datasets_cloudmask/dataset_cropped/10_Metas/16/12/20191016120600_00160.png,722.8,951,68.9,21.1,964
10/16/2019 12:07,datasets/dataset_cropped/10_Metas/16/12/20191016120700_00160.jpg,datasets_flow/dataset_cropped/10_Metas/16/12/20191016120700_00160.jpg,datasets_cloudmask/dataset_cropped/10_Metas/16/12/20191016120700_00160.png,722.7,950,69,21.1,964
10/16/2019 12:08,datasets/dataset_cropped/10_Metas/16/12/20191016120800_00160.jpg,datasets_flow/dataset_cropped/10_Metas/16/12/20191016120800_00160.jpg,datasets_cloudmask/dataset_cropped/10_Metas/16/12/20191016120800_00160.png,724.6,952,69,21,964
10/16/2019 12:09,datasets/dataset_cropped/10_Metas/16/12/20191016120900_00160.jpg,datasets_flow/dataset_cropped/10_Metas/16/12/20191016120900_00160.jpg,datasets_cloudmask/dataset_cropped/10_Metas/16/12/20191016120900_00160.png,725.8,952,69.2,21,964
10/16/2019 12:10,datasets/dataset_cropped/10_Metas/16/12/20191016121000_00160.jpg,datasets_flow/dataset_cropped/10_Metas/16/12/20191016121000_00160.jpg,datasets_cloudmask/dataset_cropped/10_Metas/16/12/20191016121000_00160.png,727.1,953,69.1,21.1,964
10/16/2019 12:11,datasets/dataset_cropped/10_Metas/16/12/20191016121100_00160.jpg,datasets_flow/dataset_cropped/10_Metas/16/12/20191016121100_00160.jpg,datasets_cloudmask/dataset_cropped/10_Metas/16/12/20191016121100_00160.png,728.3,955,68.6,21.3,964
10/16/2019 12:12,datasets/dataset_cropped/10_Metas/16/12/20191016121200_00160.jpg,datasets_flow/dataset_cropped/10_Metas/16/12/20191016121200_00160.jpg,datasets_cloudmask/dataset_cropped/10_Metas/16/12/20191016121200_00160.png,729.9,956,68.4,21.4,964
10/16/2019 12:13,datasets/dataset_cropped/10_Metas/16/12/20191016121300_00160.jpg,datasets_flow/dataset_cropped/10_Metas/16/12/20191016121300_00160.jpg,datasets_cloudmask/dataset_cropped/10_Metas/16/12/20191016121300_00160.png,731.1,956,68.2,21.6,964
10/16/2019 12:14,datasets/dataset_cropped/10_Metas/16/12/20191016121400_00160.jpg,datasets_flow/dataset_cropped/10_Metas/16/12/20191016121400_00160.jpg,datasets_cloudmask/dataset_cropped/10_Metas/16/12/20191016121400_00160.png,731.9,956,68.2,21.8,964
10/16/2019 12:15,datasets/dataset_cropped/10_Metas/16/12/20191016121500_00160.jpg,datasets_flow/dataset_cropped/10_Metas/16/12/20191016121500_00160.jpg,datasets_cloudmask/dataset_cropped/10_Metas/16/12/20191016121500_00160.png,732.2,956,68.3,22.1,964
10/16/2019 12:16,datasets/dataset_cropped/10_Metas/16/12/20191016121600_00160.jpg,datasets_flow/dataset_cropped/10_Metas/16/12/20191016121600_00160.jpg,datasets_cloudmask/dataset_cropped/10_Metas/16/12/20191016121600_00160.png,733.3,956,68.4,22.1,964
10/16/2019 12:17,datasets/dataset_cropped/10_Metas/16/12/20191016121700_00160.jpg,datasets_flow/dataset_cropped/10_Metas/16/12/20191016121700_00160.jpg,datasets_cloudmask/dataset_cropped/10_Metas/16/12/20191016121700_00160.png,734.4,958,68.6,21.8,964
10/16/2019 12:18,datasets/dataset_cropped/10_Metas/16/12/20191016121800_00160.jpg,datasets_flow/dataset_cropped/10_Metas/16/12/20191016121800_00160.jpg,datasets_cloudmask/dataset_cropped/10_Metas/16/12/20191016121800_00160.png,735.7,959,68.2,21.3,964
10/16/2019 12:19,datasets/dataset_cropped/10_Metas/16/12/20191016121900_00160.jpg,datasets_flow/dataset_cropped/10_Metas/16/12/20191016121900_00160.jpg,datasets_cloudmask/dataset_cropped/10_Metas/16/12/20191016121900_00160.png,736.5,959,68.3,21.1,964
10/16/2019 12:20,datasets/dataset_cropped/10_Metas/16/12/20191016122000_00160.jpg,datasets_flow/dataset_cropped/10_Metas/16/12/20191016122000_00160.jpg,datasets_cloudmask/dataset_cropped/10_Metas/16/12/20191016122000_00160.png,737.8,960,68.5,21.1,964
10/16/2019 12:21,datasets/dataset_cropped/10_Metas/16/12/20191016122100_00160.jpg,datasets_flow/dataset_cropped/10_Metas/16/12/20191016122100_00160.jpg,datasets_cloudmask/dataset_cropped/10_Metas/16/12/20191016122100_00160.png,738.1,960,68.2,21.1,964
10/16/2019 12:22,datasets/dataset_cropped/10_Metas/16/12/20191016122200_00160.jpg,datasets_flow/dataset_cropped/10_Metas/16/12/20191016122200_00160.jpg,datasets_cloudmask/dataset_cropped/10_Metas/16/12/20191016122200_00160.png,738,959,68.4,21.3,964
10/16/2019 12:23,datasets/dataset_cropped/10_Metas/16/12/20191016122300_00160.jpg,datasets_flow/dataset_cropped/10_Metas/16/12/20191016122300_00160.jpg,datasets_cloudmask/dataset_cropped/10_Metas/16/12/20191016122300_00160.png,738.3,958,68.8,21.6,964
10/16/2019 12:24,datasets/dataset_cropped/10_Metas/16/12/20191016122400_00160.jpg,datasets_flow/dataset_cropped/10_Metas/16/12/20191016122400_00160.jpg,datasets_cloudmask/dataset_cropped/10_Metas/16/12/20191016122400_00160.png,738.2,957,69.2,21.5,964
10/16/2019 12:25,datasets/dataset_cropped/10_Metas/16/12/20191016122500_00160.jpg,datasets_flow/dataset_cropped/10_Metas/16/12/20191016122500_00160.jpg,datasets_cloudmask/dataset_cropped/10_Metas/16/12/20191016122500_00160.png,737.7,956,69.7,21.5,964
10/16/2019 12:26,datasets/dataset_cropped/10_Metas/16/12/20191016122600_00160.jpg,datasets_flow/dataset_cropped/10_Metas/16/12/20191016122600_00160.jpg,datasets_cloudmask/dataset_cropped/10_Metas/16/12/20191016122600_00160.png,738.6,957,69.5,21.7,964
10/16/2019 12:27,datasets/dataset_cropped/10_Metas/16/12/20191016122700_00160.jpg,datasets_flow/dataset_cropped/10_Metas/16/12/20191016122700_00160.jpg,datasets_cloudmask/dataset_cropped/10_Metas/16/12/20191016122700_00160.png,739.4,958,68.9,21.6,964
10/16/2019 12:28,datasets/dataset_cropped/10_Metas/16/12/20191016122800_00160.jpg,datasets_flow/dataset_cropped/10_Metas/16/12/20191016122800_00160.jpg,datasets_cloudmask/dataset_cropped/10_Metas/16/12/20191016122800_00160.png,739.9,958,68.6,21.5,964
10/16/2019 12:29,datasets/dataset_cropped/10_Metas/16/12/20191016122900_00160.jpg,datasets_flow/dataset_cropped/10_Metas/16/12/20191016122900_00160.jpg,datasets_cloudmask/dataset_cropped/10_Metas/16/12/20191016122900_00160.png,741.2,959,68.8,21.6,964
10/16/2019 12:30,datasets/dataset_cropped/10_Metas/16/12/20191016123000_00160.jpg,datasets_flow/dataset_cropped/10_Metas/16/12/20191016123000_00160.jpg,datasets_cloudmask/dataset_cropped/10_Metas/16/12/20191016123000_00160.png,742.1,960,68.5,21.7,964
10/16/2019 12:31,datasets/dataset_cropped/10_Metas/16/12/20191016123100_00160.jpg,datasets_flow/dataset_cropped/10_Metas/16/12/20191016123100_00160.jpg,datasets_cloudmask/dataset_cropped/10_Metas/16/12/20191016123100_00160.png,740.9,957,68.6,21.9,964
10/16/2019 12:32,datasets/dataset_cropped/10_Metas/16/12/20191016123200_00160.jpg,datasets_flow/dataset_cropped/10_Metas/16/12/20191016123200_00160.jpg,datasets_cloudmask/dataset_cropped/10_Metas/16/12/20191016123200_00160.png,740.9,956,69,21.8,964
10/16/2019 12:33,datasets/dataset_cropped/10_Metas/16/12/20191016123300_00160.jpg,datasets_flow/dataset_cropped/10_Metas/16/12/20191016123300_00160.jpg,datasets_cloudmask/dataset_cropped/10_Metas/16/12/20191016123300_00160.png,741.8,957,69.1,21.8,964
10/16/2019 12:34,datasets/dataset_cropped/10_Metas/16/12/20191016123400_00160.jpg,datasets_flow/dataset_cropped/10_Metas/16/12/20191016123400_00160.jpg,datasets_cloudmask/dataset_cropped/10_Metas/16/12/20191016123400_00160.png,742.9,958,69.4,21.6,964
10/16/2019 12:35,datasets/dataset_cropped/10_Metas/16/12/20191016123500_00160.jpg,datasets_flow/dataset_cropped/10_Metas/16/12/20191016123500_00160.jpg,datasets_cloudmask/dataset_cropped/10_Metas/16/12/20191016123500_00160.png,741.9,956,69.5,21.4,964
10/16/2019 12:36,datasets/dataset_cropped/10_Metas/16/12/20191016123600_00160.jpg,datasets_flow/dataset_cropped/10_Metas/16/12/20191016123600_00160.jpg,datasets_cloudmask/dataset_cropped/10_Metas/16/12/20191016123600_00160.png,743.2,958,69,21.5,964
10/16/2019 12:37,datasets/dataset_cropped/10_Metas/16/12/20191016123700_00160.jpg,datasets_flow/dataset_cropped/10_Metas/16/12/20191016123700_00160.jpg,datasets_cloudmask/dataset_cropped/10_Metas/16/12/20191016123700_00160.png,744.1,959,69.5,21.4,964
10/16/2019 12:38,datasets/dataset_cropped/10_Metas/16/12/20191016123800_00160.jpg,datasets_flow/dataset_cropped/10_Metas/16/12/20191016123800_00160.jpg,datasets_cloudmask/dataset_cropped/10_Metas/16/12/20191016123800_00160.png,744.3,960,69.5,21.4,964
10/16/2019 12:39,datasets/dataset_cropped/10_Metas/16/12/20191016123900_00160.jpg,datasets_flow/dataset_cropped/10_Metas/16/12/20191016123900_00160.jpg,datasets_cloudmask/dataset_cropped/10_Metas/16/12/20191016123900_00160.png,744.6,960,69.7,21.5,964
10/16/2019 12:40,datasets/dataset_cropped/10_Metas/16/12/20191016124000_00160.jpg,datasets_flow/dataset_cropped/10_Metas/16/12/20191016124000_00160.jpg,datasets_cloudmask/dataset_cropped/10_Metas/16/12/20191016124000_00160.png,744.7,960,69.7,21.6,964
10/16/2019 12:41,datasets/dataset_cropped/10_Metas/16/12/20191016124100_00160.jpg,datasets_flow/dataset_cropped/10_Metas/16/12/20191016124100_00160.jpg,datasets_cloudmask/dataset_cropped/10_Metas/16/12/20191016124100_00160.png,743.7,958,69.8,21.7,964
10/16/2019 12:42,datasets/dataset_cropped/10_Metas/16/12/20191016124200_00160.jpg,datasets_flow/dataset_cropped/10_Metas/16/12/20191016124200_00160.jpg,datasets_cloudmask/dataset_cropped/10_Metas/16/12/20191016124200_00160.png,743.6,957,70,21.8,964
10/16/2019 12:43,datasets/dataset_cropped/10_Metas/16/12/20191016124300_00160.jpg,datasets_flow/dataset_cropped/10_Metas/16/12/20191016124300_00160.jpg,datasets_cloudmask/dataset_cropped/10_Metas/16/12/20191016124300_00160.png,743.4,956,70.2,21.8,964
10/16/2019 12:44,datasets/dataset_cropped/10_Metas/16/12/20191016124400_00160.jpg,datasets_flow/dataset_cropped/10_Metas/16/12/20191016124400_00160.jpg,datasets_cloudmask/dataset_cropped/10_Metas/16/12/20191016124400_00160.png,743.6,956,70,21.8,964
10/16/2019 12:45,datasets/dataset_cropped/10_Metas/16/12/20191016124500_00160.jpg,datasets_flow/dataset_cropped/10_Metas/16/12/20191016124500_00160.jpg,datasets_cloudmask/dataset_cropped/10_Metas/16/12/20191016124500_00160.png,743.6,955,70.1,21.9,964
10/16/2019 12:46,datasets/dataset_cropped/10_Metas/16/12/20191016124600_00160.jpg,datasets_flow/dataset_cropped/10_Metas/16/12/20191016124600_00160.jpg,datasets_cloudmask/dataset_cropped/10_Metas/16/12/20191016124600_00160.png,744.1,955,69.7,21.9,963
10/16/2019 12:47,datasets/dataset_cropped/10_Metas/16/12/20191016124700_00160.jpg,datasets_flow/dataset_cropped/10_Metas/16/12/20191016124700_00160.jpg,datasets_cloudmask/dataset_cropped/10_Metas/16/12/20191016124700_00160.png,745.1,957,69.4,21.7,963
10/16/2019 12:48,datasets/dataset_cropped/10_Metas/16/12/20191016124800_00160.jpg,datasets_flow/dataset_cropped/10_Metas/16/12/20191016124800_00160.jpg,datasets_cloudmask/dataset_cropped/10_Metas/16/12/20191016124800_00160.png,745.5,957,69.1,21.7,963
10/16/2019 12:49,datasets/dataset_cropped/10_Metas/16/12/20191016124900_00160.jpg,datasets_flow/dataset_cropped/10_Metas/16/12/20191016124900_00160.jpg,datasets_cloudmask/dataset_cropped/10_Metas/16/12/20191016124900_00160.png,745.9,957,69.1,21.6,963
10/16/2019 12:50,datasets/dataset_cropped/10_Metas/16/12/20191016125000_00160.jpg,datasets_flow/dataset_cropped/10_Metas/16/12/20191016125000_00160.jpg,datasets_cloudmask/dataset_cropped/10_Metas/16/12/20191016125000_00160.png,745.6,956,69.2,21.6,963
10/16/2019 12:51,datasets/dataset_cropped/10_Metas/16/12/20191016125100_00160.jpg,datasets_flow/dataset_cropped/10_Metas/16/12/20191016125100_00160.jpg,datasets_cloudmask/dataset_cropped/10_Metas/16/12/20191016125100_00160.png,746.5,958,69.1,21.8,963
10/16/2019 12:52,datasets/dataset_cropped/10_Metas/16/12/20191016125200_00160.jpg,datasets_flow/dataset_cropped/10_Metas/16/12/20191016125200_00160.jpg,datasets_cloudmask/dataset_cropped/10_Metas/16/12/20191016125200_00160.png,747.2,958,69.5,22,963
10/16/2019 12:53,datasets/dataset_cropped/10_Metas/16/12/20191016125300_00160.jpg,datasets_flow/dataset_cropped/10_Metas/16/12/20191016125300_00160.jpg,datasets_cloudmask/dataset_cropped/10_Metas/16/12/20191016125300_00160.png,747.4,959,69.3,22.2,963
10/16/2019 12:54,datasets/dataset_cropped/10_Metas/16/12/20191016125400_00160.jpg,datasets_flow/dataset_cropped/10_Metas/16/12/20191016125400_00160.jpg,datasets_cloudmask/dataset_cropped/10_Metas/16/12/20191016125400_00160.png,747.4,959,69.1,22.4,963
10/16/2019 12:55,datasets/dataset_cropped/10_Metas/16/12/20191016125500_00160.jpg,datasets_flow/dataset_cropped/10_Metas/16/12/20191016125500_00160.jpg,datasets_cloudmask/dataset_cropped/10_Metas/16/12/20191016125500_00160.png,746.8,958,69.1,22.6,963
10/16/2019 12:56,datasets/dataset_cropped/10_Metas/16/12/20191016125600_00160.jpg,datasets_flow/dataset_cropped/10_Metas/16/12/20191016125600_00160.jpg,datasets_cloudmask/dataset_cropped/10_Metas/16/12/20191016125600_00160.png,746.2,957,69.6,22.7,964
10/16/2019 12:57,datasets/dataset_cropped/10_Metas/16/12/20191016125700_00160.jpg,datasets_flow/dataset_cropped/10_Metas/16/12/20191016125700_00160.jpg,datasets_cloudmask/dataset_cropped/10_Metas/16/12/20191016125700_00160.png,744.7,955,69.4,22.4,963
10/16/2019 12:58,datasets/dataset_cropped/10_Metas/16/12/20191016125800_00160.jpg,datasets_flow/dataset_cropped/10_Metas/16/12/20191016125800_00160.jpg,datasets_cloudmask/dataset_cropped/10_Metas/16/12/20191016125800_00160.png,744.5,955,69.6,22.2,963
10/16/2019 12:59,datasets/dataset_cropped/10_Metas/16/12/20191016125900_00160.jpg,datasets_flow/dataset_cropped/10_Metas/16/12/20191016125900_00160.jpg,datasets_cloudmask/dataset_cropped/10_Metas/16/12/20191016125900_00160.png,745.4,956,69.5,21.9,963
10/16/2019 13:00,datasets/dataset_cropped/10_Metas/16/13/20191016130000_00160.jpg,datasets_flow/dataset_cropped/10_Metas/16/13/20191016130000_00160.jpg,datasets_cloudmask/dataset_cropped/10_Metas/16/13/20191016130000_00160.png,743.9,954,69.4,22.1,963
10/16/2019 13:01,datasets/dataset_cropped/10_Metas/16/13/20191016130100_00160.jpg,datasets_flow/dataset_cropped/10_Metas/16/13/20191016130100_00160.jpg,datasets_cloudmask/dataset_cropped/10_Metas/16/13/20191016130100_00160.png,743.3,953,69.8,22.4,963
10/16/2019 13:02,datasets/dataset_cropped/10_Metas/16/13/20191016130200_00160.jpg,datasets_flow/dataset_cropped/10_Metas/16/13/20191016130200_00160.jpg,datasets_cloudmask/dataset_cropped/10_Metas/16/13/20191016130200_00160.png,743.6,954,69.7,22.1,963
10/16/2019 13:03,datasets/dataset_cropped/10_Metas/16/13/20191016130300_00160.jpg,datasets_flow/dataset_cropped/10_Metas/16/13/20191016130300_00160.jpg,datasets_cloudmask/dataset_cropped/10_Metas/16/13/20191016130300_00160.png,742.9,954,69.7,22,963
10/16/2019 13:04,datasets/dataset_cropped/10_Metas/16/13/20191016130400_00160.jpg,datasets_flow/dataset_cropped/10_Metas/16/13/20191016130400_00160.jpg,datasets_cloudmask/dataset_cropped/10_Metas/16/13/20191016130400_00160.png,741.9,952,69.6,22.1,963
10/16/2019 13:05,datasets/dataset_cropped/10_Metas/16/13/20191016130500_00160.jpg,datasets_flow/dataset_cropped/10_Metas/16/13/20191016130500_00160.jpg,datasets_cloudmask/dataset_cropped/10_Metas/16/13/20191016130500_00160.png,741.1,951,69.8,22.2,963
10/16/2019 13:06,datasets/dataset_cropped/10_Metas/16/13/20191016130600_00160.jpg,datasets_flow/dataset_cropped/10_Metas/16/13/20191016130600_00160.jpg,datasets_cloudmask/dataset_cropped/10_Metas/16/13/20191016130600_00160.png,740.6,950,70,22.3,963
10/16/2019 13:07,datasets/dataset_cropped/10_Metas/16/13/20191016130700_00160.jpg,datasets_flow/dataset_cropped/10_Metas/16/13/20191016130700_00160.jpg,datasets_cloudmask/dataset_cropped/10_Metas/16/13/20191016130700_00160.png,741.1,951,70.1,22.2,963
10/16/2019 13:08,datasets/dataset_cropped/10_Metas/16/13/20191016130800_00160.jpg,datasets_flow/dataset_cropped/10_Metas/16/13/20191016130800_00160.jpg,datasets_cloudmask/dataset_cropped/10_Metas/16/13/20191016130800_00160.png,741,951,70.7,22.1,963
10/16/2019 13:09,datasets/dataset_cropped/10_Metas/16/13/20191016130900_00160.jpg,datasets_flow/dataset_cropped/10_Metas/16/13/20191016130900_00160.jpg,datasets_cloudmask/dataset_cropped/10_Metas/16/13/20191016130900_00160.png,741.3,952,70.8,22.2,963
10/16/2019 13:10,datasets/dataset_cropped/10_Metas/16/13/20191016131000_00160.jpg,datasets_flow/dataset_cropped/10_Metas/16/13/20191016131000_00160.jpg,datasets_cloudmask/dataset_cropped/10_Metas/16/13/20191016131000_00160.png,741.3,952,70.4,22.4,963
10/16/2019 13:11,datasets/dataset_cropped/10_Metas/16/13/20191016131100_00160.jpg,datasets_flow/dataset_cropped/10_Metas/16/13/20191016131100_00160.jpg,datasets_cloudmask/dataset_cropped/10_Metas/16/13/20191016131100_00160.png,742.1,954,70.5,22.4,963
10/16/2019 13:12,datasets/dataset_cropped/10_Metas/16/13/20191016131200_00160.jpg,datasets_flow/dataset_cropped/10_Metas/16/13/20191016131200_00160.jpg,datasets_cloudmask/dataset_cropped/10_Metas/16/13/20191016131200_00160.png,742,955,71,22.5,963
10/16/2019 13:13,datasets/dataset_cropped/10_Metas/16/13/20191016131300_00160.jpg,datasets_flow/dataset_cropped/10_Metas/16/13/20191016131300_00160.jpg,datasets_cloudmask/dataset_cropped/10_Metas/16/13/20191016131300_00160.png,742,956,71.1,22.4,963
10/16/2019 13:14,datasets/dataset_cropped/10_Metas/16/13/20191016131400_00160.jpg,datasets_flow/dataset_cropped/10_Metas/16/13/20191016131400_00160.jpg,datasets_cloudmask/dataset_cropped/10_Metas/16/13/20191016131400_00160.png,742,957,70.9,22.4,963
10/16/2019 13:15,datasets/dataset_cropped/10_Metas/16/13/20191016131500_00160.jpg,datasets_flow/dataset_cropped/10_Metas/16/13/20191016131500_00160.jpg,datasets_cloudmask/dataset_cropped/10_Metas/16/13/20191016131500_00160.png,741.8,957,70.5,22.6,963
10/16/2019 13:16,datasets/dataset_cropped/10_Metas/16/13/20191016131600_00160.jpg,datasets_flow/dataset_cropped/10_Metas/16/13/20191016131600_00160.jpg,datasets_cloudmask/dataset_cropped/10_Metas/16/13/20191016131600_00160.png,740.4,955,70.5,22.7,963
10/16/2019 13:17,datasets/dataset_cropped/10_Metas/16/13/20191016131700_00160.jpg,datasets_flow/dataset_cropped/10_Metas/16/13/20191016131700_00160.jpg,datasets_cloudmask/dataset_cropped/10_Metas/16/13/20191016131700_00160.png,740.1,955,69.9,22.8,963
10/16/2019 13:18,datasets/dataset_cropped/10_Metas/16/13/20191016131800_00160.jpg,datasets_flow/dataset_cropped/10_Metas/16/13/20191016131800_00160.jpg,datasets_cloudmask/dataset_cropped/10_Metas/16/13/20191016131800_00160.png,739.3,953,70.3,22.6,963
10/16/2019 13:19,datasets/dataset_cropped/10_Metas/16/13/20191016131900_00160.jpg,datasets_flow/dataset_cropped/10_Metas/16/13/20191016131900_00160.jpg,datasets_cloudmask/dataset_cropped/10_Metas/16/13/20191016131900_00160.png,738.7,953,69.9,22.5,963
10/16/2019 13:20,datasets/dataset_cropped/10_Metas/16/13/20191016132000_00160.jpg,datasets_flow/dataset_cropped/10_Metas/16/13/20191016132000_00160.jpg,datasets_cloudmask/dataset_cropped/10_Metas/16/13/20191016132000_00160.png,738.7,952,69.7,22.3,963
10/16/2019 13:21,datasets/dataset_cropped/10_Metas/16/13/20191016132100_00160.jpg,datasets_flow/dataset_cropped/10_Metas/16/13/20191016132100_00160.jpg,datasets_cloudmask/dataset_cropped/10_Metas/16/13/20191016132100_00160.png,737.6,951,69.5,22.2,963
10/16/2019 13:22,datasets/dataset_cropped/10_Metas/16/13/20191016132200_00160.jpg,datasets_flow/dataset_cropped/10_Metas/16/13/20191016132200_00160.jpg,datasets_cloudmask/dataset_cropped/10_Metas/16/13/20191016132200_00160.png,737.1,951,69.8,22.1,963
10/16/2019 13:23,datasets/dataset_cropped/10_Metas/16/13/20191016132300_00160.jpg,datasets_flow/dataset_cropped/10_Metas/16/13/20191016132300_00160.jpg,datasets_cloudmask/dataset_cropped/10_Metas/16/13/20191016132300_00160.png,736.9,951,70.3,21.9,963
10/16/2019 13:24,datasets/dataset_cropped/10_Metas/16/13/20191016132400_00160.jpg,datasets_flow/dataset_cropped/10_Metas/16/13/20191016132400_00160.jpg,datasets_cloudmask/dataset_cropped/10_Metas/16/13/20191016132400_00160.png,736,951,70.3,21.9,963
10/16/2019 13:25,datasets/dataset_cropped/10_Metas/16/13/20191016132500_00160.jpg,datasets_flow/dataset_cropped/10_Metas/16/13/20191016132500_00160.jpg,datasets_cloudmask/dataset_cropped/10_Metas/16/13/20191016132500_00160.png,734.4,950,70.3,22.3,963
10/16/2019 13:26,datasets/dataset_cropped/10_Metas/16/13/20191016132600_00160.jpg,datasets_flow/dataset_cropped/10_Metas/16/13/20191016132600_00160.jpg,datasets_cloudmask/dataset_cropped/10_Metas/16/13/20191016132600_00160.png,733.4,949,70.7,22.7,963
10/16/2019 13:27,datasets/dataset_cropped/10_Metas/16/13/20191016132700_00160.jpg,datasets_flow/dataset_cropped/10_Metas/16/13/20191016132700_00160.jpg,datasets_cloudmask/dataset_cropped/10_Metas/16/13/20191016132700_00160.png,732.1,948,70.6,22.6,963
10/16/2019 13:28,datasets/dataset_cropped/10_Metas/16/13/20191016132800_00160.jpg,datasets_flow/dataset_cropped/10_Metas/16/13/20191016132800_00160.jpg,datasets_cloudmask/dataset_cropped/10_Metas/16/13/20191016132800_00160.png,730.8,947,70.3,22.5,963
10/16/2019 13:29,datasets/dataset_cropped/10_Metas/16/13/20191016132900_00160.jpg,datasets_flow/dataset_cropped/10_Metas/16/13/20191016132900_00160.jpg,datasets_cloudmask/dataset_cropped/10_Metas/16/13/20191016132900_00160.png,730.2,946,70,22.4,963
10/16/2019 13:30,datasets/dataset_cropped/10_Metas/16/13/20191016133000_00160.jpg,datasets_flow/dataset_cropped/10_Metas/16/13/20191016133000_00160.jpg,datasets_cloudmask/dataset_cropped/10_Metas/16/13/20191016133000_00160.png,730.5,946,69.9,22.4,963
10/16/2019 13:31,datasets/dataset_cropped/10_Metas/16/13/20191016133100_00160.jpg,datasets_flow/dataset_cropped/10_Metas/16/13/20191016133100_00160.jpg,datasets_cloudmask/dataset_cropped/10_Metas/16/13/20191016133100_00160.png,730.3,947,70.2,22.2,963
10/16/2019 13:32,datasets/dataset_cropped/10_Metas/16/13/20191016133200_00160.jpg,datasets_flow/dataset_cropped/10_Metas/16/13/20191016133200_00160.jpg,datasets_cloudmask/dataset_cropped/10_Metas/16/13/20191016133200_00160.png,730,948,69.9,22.1,963
10/16/2019 13:33,datasets/dataset_cropped/10_Metas/16/13/20191016133300_00160.jpg,datasets_flow/dataset_cropped/10_Metas/16/13/20191016133300_00160.jpg,datasets_cloudmask/dataset_cropped/10_Metas/16/13/20191016133300_00160.png,729.9,949,69.6,22.3,963
10/16/2019 13:34,datasets/dataset_cropped/10_Metas/16/13/20191016133400_00160.jpg,datasets_flow/dataset_cropped/10_Metas/16/13/20191016133400_00160.jpg,datasets_cloudmask/dataset_cropped/10_Metas/16/13/20191016133400_00160.png,729.8,950,69.9,22.9,963
10/16/2019 13:35,datasets/dataset_cropped/10_Metas/16/13/20191016133500_00160.jpg,datasets_flow/dataset_cropped/10_Metas/16/13/20191016133500_00160.jpg,datasets_cloudmask/dataset_cropped/10_Metas/16/13/20191016133500_00160.png,728.7,950,69.8,23.1,963
10/16/2019 13:36,datasets/dataset_cropped/10_Metas/16/13/20191016133600_00160.jpg,datasets_flow/dataset_cropped/10_Metas/16/13/20191016133600_00160.jpg,datasets_cloudmask/dataset_cropped/10_Metas/16/13/20191016133600_00160.png,727.4,949,69.7,23.1,963
10/16/2019 13:37,datasets/dataset_cropped/10_Metas/16/13/20191016133700_00160.jpg,datasets_flow/dataset_cropped/10_Metas/16/13/20191016133700_00160.jpg,datasets_cloudmask/dataset_cropped/10_Metas/16/13/20191016133700_00160.png,726.3,947,69.6,23.1,963
10/16/2019 13:38,datasets/dataset_cropped/10_Metas/16/13/20191016133800_00160.jpg,datasets_flow/dataset_cropped/10_Metas/16/13/20191016133800_00160.jpg,datasets_cloudmask/dataset_cropped/10_Metas/16/13/20191016133800_00160.png,725.3,947,69.8,22.7,963
10/16/2019 13:39,datasets/dataset_cropped/10_Metas/16/13/20191016133900_00160.jpg,datasets_flow/dataset_cropped/10_Metas/16/13/20191016133900_00160.jpg,datasets_cloudmask/dataset_cropped/10_Metas/16/13/20191016133900_00160.png,724.9,947,70.1,22.6,963
10/16/2019 13:40,datasets/dataset_cropped/10_Metas/16/13/20191016134000_00160.jpg,datasets_flow/dataset_cropped/10_Metas/16/13/20191016134000_00160.jpg,datasets_cloudmask/dataset_cropped/10_Metas/16/13/20191016134000_00160.png,723.6,946,69.8,22.7,963
10/16/2019 13:41,datasets/dataset_cropped/10_Metas/16/13/20191016134100_00160.jpg,datasets_flow/dataset_cropped/10_Metas/16/13/20191016134100_00160.jpg,datasets_cloudmask/dataset_cropped/10_Metas/16/13/20191016134100_00160.png,722.1,944,69.8,22.8,963
10/16/2019 13:42,datasets/dataset_cropped/10_Metas/16/13/20191016134200_00160.jpg,datasets_flow/dataset_cropped/10_Metas/16/13/20191016134200_00160.jpg,datasets_cloudmask/dataset_cropped/10_Metas/16/13/20191016134200_00160.png,721.2,943,70.1,22.7,963
10/16/2019 13:43,datasets/dataset_cropped/10_Metas/16/13/20191016134300_00160.jpg,datasets_flow/dataset_cropped/10_Metas/16/13/20191016134300_00160.jpg,datasets_cloudmask/dataset_cropped/10_Metas/16/13/20191016134300_00160.png,720.3,943,70.1,22.7,963
10/16/2019 13:44,datasets/dataset_cropped/10_Metas/16/13/20191016134400_00160.jpg,datasets_flow/dataset_cropped/10_Metas/16/13/20191016134400_00160.jpg,datasets_cloudmask/dataset_cropped/10_Metas/16/13/20191016134400_00160.png,719.8,943,70.3,22.9,963
10/16/2019 13:45,datasets/dataset_cropped/10_Metas/16/13/20191016134500_00160.jpg,datasets_flow/dataset_cropped/10_Metas/16/13/20191016134500_00160.jpg,datasets_cloudmask/dataset_cropped/10_Metas/16/13/20191016134500_00160.png,719.3,944,70.2,23,963
10/16/2019 13:46,datasets/dataset_cropped/10_Metas/16/13/20191016134600_00160.jpg,datasets_flow/dataset_cropped/10_Metas/16/13/20191016134600_00160.jpg,datasets_cloudmask/dataset_cropped/10_Metas/16/13/20191016134600_00160.png,718.8,944,69.9,22.9,963
10/16/2019 13:47,datasets/dataset_cropped/10_Metas/16/13/20191016134700_00160.jpg,datasets_flow/dataset_cropped/10_Metas/16/13/20191016134700_00160.jpg,datasets_cloudmask/dataset_cropped/10_Metas/16/13/20191016134700_00160.png,717.5,943,69.4,22.8,962
10/16/2019 13:48,datasets/dataset_cropped/10_Metas/16/13/20191016134800_00160.jpg,datasets_flow/dataset_cropped/10_Metas/16/13/20191016134800_00160.jpg,datasets_cloudmask/dataset_cropped/10_Metas/16/13/20191016134800_00160.png,716.6,943,69.2,22.9,962
10/16/2019 13:49,datasets/dataset_cropped/10_Metas/16/13/20191016134900_00160.jpg,datasets_flow/dataset_cropped/10_Metas/16/13/20191016134900_00160.jpg,datasets_cloudmask/dataset_cropped/10_Metas/16/13/20191016134900_00160.png,715.6,942,69.2,22.8,962
10/16/2019 13:50,datasets/dataset_cropped/10_Metas/16/13/20191016135000_00160.jpg,datasets_flow/dataset_cropped/10_Metas/16/13/20191016135000_00160.jpg,datasets_cloudmask/dataset_cropped/10_Metas/16/13/20191016135000_00160.png,714.6,942,69.3,22.8,962
10/16/2019 13:51,datasets/dataset_cropped/10_Metas/16/13/20191016135100_00160.jpg,datasets_flow/dataset_cropped/10_Metas/16/13/20191016135100_00160.jpg,datasets_cloudmask/dataset_cropped/10_Metas/16/13/20191016135100_00160.png,713.1,941,69.2,22.9,962
10/16/2019 13:52,datasets/dataset_cropped/10_Metas/16/13/20191016135200_00160.jpg,datasets_flow/dataset_cropped/10_Metas/16/13/20191016135200_00160.jpg,datasets_cloudmask/dataset_cropped/10_Metas/16/13/20191016135200_00160.png,712.3,941,69.6,22.7,962
10/16/2019 13:53,datasets/dataset_cropped/10_Metas/16/13/20191016135300_00160.jpg,datasets_flow/dataset_cropped/10_Metas/16/13/20191016135300_00160.jpg,datasets_cloudmask/dataset_cropped/10_Metas/16/13/20191016135300_00160.png,711.4,942,69.8,22.6,962
10/16/2019 13:54,datasets/dataset_cropped/10_Metas/16/13/20191016135400_00160.jpg,datasets_flow/dataset_cropped/10_Metas/16/13/20191016135400_00160.jpg,datasets_cloudmask/dataset_cropped/10_Metas/16/13/20191016135400_00160.png,710.4,942,70.3,22.6,962
10/16/2019 13:55,datasets/dataset_cropped/10_Metas/16/13/20191016135500_00160.jpg,datasets_flow/dataset_cropped/10_Metas/16/13/20191016135500_00160.jpg,datasets_cloudmask/dataset_cropped/10_Metas/16/13/20191016135500_00160.png,708.8,942,70,22.7,962
10/16/2019 13:56,datasets/dataset_cropped/10_Metas/16/13/20191016135600_00160.jpg,datasets_flow/dataset_cropped/10_Metas/16/13/20191016135600_00160.jpg,datasets_cloudmask/dataset_cropped/10_Metas/16/13/20191016135600_00160.png,707.9,941,70,22.8,962
10/16/2019 13:57,datasets/dataset_cropped/10_Metas/16/13/20191016135700_00160.jpg,datasets_flow/dataset_cropped/10_Metas/16/13/20191016135700_00160.jpg,datasets_cloudmask/dataset_cropped/10_Metas/16/13/20191016135700_00160.png,706.7,941,69.5,22.9,962
10/16/2019 13:58,datasets/dataset_cropped/10_Metas/16/13/20191016135800_00160.jpg,datasets_flow/dataset_cropped/10_Metas/16/13/20191016135800_00160.jpg,datasets_cloudmask/dataset_cropped/10_Metas/16/13/20191016135800_00160.png,705.4,940,69.1,22.9,962
10/16/2019 13:59,datasets/dataset_cropped/10_Metas/16/13/20191016135900_00160.jpg,datasets_flow/dataset_cropped/10_Metas/16/13/20191016135900_00160.jpg,datasets_cloudmask/dataset_cropped/10_Metas/16/13/20191016135900_00160.png,703.7,938,69.2,22.7,962
10/16/2019 14:00,datasets/dataset_cropped/10_Metas/16/14/20191016140000_00160.jpg,datasets_flow/dataset_cropped/10_Metas/16/14/20191016140000_00160.jpg,datasets_cloudmask/dataset_cropped/10_Metas/16/14/20191016140000_00160.png,702.2,937,68.9,23,962
10/16/2019 14:01,datasets/dataset_cropped/10_Metas/16/14/20191016140100_00160.jpg,datasets_flow/dataset_cropped/10_Metas/16/14/20191016140100_00160.jpg,datasets_cloudmask/dataset_cropped/10_Metas/16/14/20191016140100_00160.png,701.5,936,69,23,962
10/16/2019 14:02,datasets/dataset_cropped/10_Metas/16/14/20191016140200_00160.jpg,datasets_flow/dataset_cropped/10_Metas/16/14/20191016140200_00160.jpg,datasets_cloudmask/dataset_cropped/10_Metas/16/14/20191016140200_00160.png,700.8,937,69.1,22.8,962
10/16/2019 14:03,datasets/dataset_cropped/10_Metas/16/14/20191016140300_00160.jpg,datasets_flow/dataset_cropped/10_Metas/16/14/20191016140300_00160.jpg,datasets_cloudmask/dataset_cropped/10_Metas/16/14/20191016140300_00160.png,700,937,69.3,22.9,962
10/16/2019 14:04,datasets/dataset_cropped/10_Metas/16/14/20191016140400_00160.jpg,datasets_flow/dataset_cropped/10_Metas/16/14/20191016140400_00160.jpg,datasets_cloudmask/dataset_cropped/10_Metas/16/14/20191016140400_00160.png,698.8,937,69.7,22.8,962
10/16/2019 14:05,datasets/dataset_cropped/10_Metas/16/14/20191016140500_00160.jpg,datasets_flow/dataset_cropped/10_Metas/16/14/20191016140500_00160.jpg,datasets_cloudmask/dataset_cropped/10_Metas/16/14/20191016140500_00160.png,696.4,935,69,22.8,962
10/16/2019 14:06,datasets/dataset_cropped/10_Metas/16/14/20191016140600_00160.jpg,datasets_flow/dataset_cropped/10_Metas/16/14/20191016140600_00160.jpg,datasets_cloudmask/dataset_cropped/10_Metas/16/14/20191016140600_00160.png,695.3,935,69,22.7,962
10/16/2019 14:07,datasets/dataset_cropped/10_Metas/16/14/20191016140700_00160.jpg,datasets_flow/dataset_cropped/10_Metas/16/14/20191016140700_00160.jpg,datasets_cloudmask/dataset_cropped/10_Metas/16/14/20191016140700_00160.png,694.3,935,69.2,22.5,962
10/16/2019 14:08,datasets/dataset_cropped/10_Metas/16/14/20191016140800_00160.jpg,datasets_flow/dataset_cropped/10_Metas/16/14/20191016140800_00160.jpg,datasets_cloudmask/dataset_cropped/10_Metas/16/14/20191016140800_00160.png,693.2,935,69.5,22.7,962
10/16/2019 14:09,datasets/dataset_cropped/10_Metas/16/14/20191016140900_00160.jpg,datasets_flow/dataset_cropped/10_Metas/16/14/20191016140900_00160.jpg,datasets_cloudmask/dataset_cropped/10_Metas/16/14/20191016140900_00160.png,692.3,936,69.6,22.7,962
10/16/2019 14:10,datasets/dataset_cropped/10_Metas/16/14/20191016141000_00160.jpg,datasets_flow/dataset_cropped/10_Metas/16/14/20191016141000_00160.jpg,datasets_cloudmask/dataset_cropped/10_Metas/16/14/20191016141000_00160.png,690.9,936,69.3,22.8,962
10/16/2019 14:11,datasets/dataset_cropped/10_Metas/16/14/20191016141100_00160.jpg,datasets_flow/dataset_cropped/10_Metas/16/14/20191016141100_00160.jpg,datasets_cloudmask/dataset_cropped/10_Metas/16/14/20191016141100_00160.png,689.2,935,68.9,22.8,962
10/16/2019 14:12,datasets/dataset_cropped/10_Metas/16/14/20191016141200_00160.jpg,datasets_flow/dataset_cropped/10_Metas/16/14/20191016141200_00160.jpg,datasets_cloudmask/dataset_cropped/10_Metas/16/14/20191016141200_00160.png,688.1,934,69.1,22.6,962
10/16/2019 14:13,datasets/dataset_cropped/10_Metas/16/14/20191016141300_00160.jpg,datasets_flow/dataset_cropped/10_Metas/16/14/20191016141300_00160.jpg,datasets_cloudmask/dataset_cropped/10_Metas/16/14/20191016141300_00160.png,687,934,68.7,22.7,962
10/16/2019 14:14,datasets/dataset_cropped/10_Metas/16/14/20191016141400_00160.jpg,datasets_flow/dataset_cropped/10_Metas/16/14/20191016141400_00160.jpg,datasets_cloudmask/dataset_cropped/10_Metas/16/14/20191016141400_00160.png,685.5,934,68.7,22.8,962
10/16/2019 14:15,datasets/dataset_cropped/10_Metas/16/14/20191016141500_00160.jpg,datasets_flow/dataset_cropped/10_Metas/16/14/20191016141500_00160.jpg,datasets_cloudmask/dataset_cropped/10_Metas/16/14/20191016141500_00160.png,683.7,932,68.5,22.7,962
10/16/2019 14:16,datasets/dataset_cropped/10_Metas/16/14/20191016141600_00160.jpg,datasets_flow/dataset_cropped/10_Metas/16/14/20191016141600_00160.jpg,datasets_cloudmask/dataset_cropped/10_Metas/16/14/20191016141600_00160.png,682.5,932,68.5,22.9,962
10/16/2019 14:17,datasets/dataset_cropped/10_Metas/16/14/20191016141700_00160.jpg,datasets_flow/dataset_cropped/10_Metas/16/14/20191016141700_00160.jpg,datasets_cloudmask/dataset_cropped/10_Metas/16/14/20191016141700_00160.png,681.2,932,68.6,23.1,962
10/16/2019 14:18,datasets/dataset_cropped/10_Metas/16/14/20191016141800_00160.jpg,datasets_flow/dataset_cropped/10_Metas/16/14/20191016141800_00160.jpg,datasets_cloudmask/dataset_cropped/10_Metas/16/14/20191016141800_00160.png,679.9,932,68.7,23.1,962
10/16/2019 14:19,datasets/dataset_cropped/10_Metas/16/14/20191016141900_00160.jpg,datasets_flow/dataset_cropped/10_Metas/16/14/20191016141900_00160.jpg,datasets_cloudmask/dataset_cropped/10_Metas/16/14/20191016141900_00160.png,678.3,932,68.6,23.2,962
10/16/2019 14:20,datasets/dataset_cropped/10_Metas/16/14/20191016142000_00160.jpg,datasets_flow/dataset_cropped/10_Metas/16/14/20191016142000_00160.jpg,datasets_cloudmask/dataset_cropped/10_Metas/16/14/20191016142000_00160.png,676.5,931,68.3,23.1,962
10/16/2019 14:21,datasets/dataset_cropped/10_Metas/16/14/20191016142100_00160.jpg,datasets_flow/dataset_cropped/10_Metas/16/14/20191016142100_00160.jpg,datasets_cloudmask/dataset_cropped/10_Metas/16/14/20191016142100_00160.png,674.5,930,68.2,23.2,962
10/16/2019 14:22,datasets/dataset_cropped/10_Metas/16/14/20191016142200_00160.jpg,datasets_flow/dataset_cropped/10_Metas/16/14/20191016142200_00160.jpg,datasets_cloudmask/dataset_cropped/10_Metas/16/14/20191016142200_00160.png,673.2,930,68.4,22.9,962
10/16/2019 14:23,datasets/dataset_cropped/10_Metas/16/14/20191016142300_00160.jpg,datasets_flow/dataset_cropped/10_Metas/16/14/20191016142300_00160.jpg,datasets_cloudmask/dataset_cropped/10_Metas/16/14/20191016142300_00160.png,671.5,929,68.5,22.7,962
10/16/2019 14:24,datasets/dataset_cropped/10_Metas/16/14/20191016142400_00160.jpg,datasets_flow/dataset_cropped/10_Metas/16/14/20191016142400_00160.jpg,datasets_cloudmask/dataset_cropped/10_Metas/16/14/20191016142400_00160.png,670.3,929,68.4,22.6,962
10/16/2019 14:25,datasets/dataset_cropped/10_Metas/16/14/20191016142500_00160.jpg,datasets_flow/dataset_cropped/10_Metas/16/14/20191016142500_00160.jpg,datasets_cloudmask/dataset_cropped/10_Metas/16/14/20191016142500_00160.png,669,929,68.4,22.9,962
10/16/2019 14:26,datasets/dataset_cropped/10_Metas/16/14/20191016142600_00160.jpg,datasets_flow/dataset_cropped/10_Metas/16/14/20191016142600_00160.jpg,datasets_cloudmask/dataset_cropped/10_Metas/16/14/20191016142600_00160.png,667.2,928,68.3,23.2,962
10/16/2019 14:27,datasets/dataset_cropped/10_Metas/16/14/20191016142700_00160.jpg,datasets_flow/dataset_cropped/10_Metas/16/14/20191016142700_00160.jpg,datasets_cloudmask/dataset_cropped/10_Metas/16/14/20191016142700_00160.png,666,928,68.4,23.4,962
10/16/2019 14:28,datasets/dataset_cropped/10_Metas/16/14/20191016142800_00160.jpg,datasets_flow/dataset_cropped/10_Metas/16/14/20191016142800_00160.jpg,datasets_cloudmask/dataset_cropped/10_Metas/16/14/20191016142800_00160.png,664.5,929,68.2,23.1,962
10/16/2019 14:29,datasets/dataset_cropped/10_Metas/16/14/20191016142900_00160.jpg,datasets_flow/dataset_cropped/10_Metas/16/14/20191016142900_00160.jpg,datasets_cloudmask/dataset_cropped/10_Metas/16/14/20191016142900_00160.png,663.4,929,68.4,23.2,962
10/16/2019 14:30,datasets/dataset_cropped/10_Metas/16/14/20191016143000_00160.jpg,datasets_flow/dataset_cropped/10_Metas/16/14/20191016143000_00160.jpg,datasets_cloudmask/dataset_cropped/10_Metas/16/14/20191016143000_00160.png,661.9,929,68.2,23.3,962
10/16/2019 14:31,datasets/dataset_cropped/10_Metas/16/14/20191016143100_00160.jpg,datasets_flow/dataset_cropped/10_Metas/16/14/20191016143100_00160.jpg,datasets_cloudmask/dataset_cropped/10_Metas/16/14/20191016143100_00160.png,660.2,928,67.8,23.1,962
10/16/2019 14:32,datasets/dataset_cropped/10_Metas/16/14/20191016143200_00160.jpg,datasets_flow/dataset_cropped/10_Metas/16/14/20191016143200_00160.jpg,datasets_cloudmask/dataset_cropped/10_Metas/16/14/20191016143200_00160.png,658.4,928,67.8,23.1,962
10/16/2019 14:33,datasets/dataset_cropped/10_Metas/16/14/20191016143300_00160.jpg,datasets_flow/dataset_cropped/10_Metas/16/14/20191016143300_00160.jpg,datasets_cloudmask/dataset_cropped/10_Metas/16/14/20191016143300_00160.png,656.8,927,67.7,23.2,962
10/16/2019 14:34,datasets/dataset_cropped/10_Metas/16/14/20191016143400_00160.jpg,datasets_flow/dataset_cropped/10_Metas/16/14/20191016143400_00160.jpg,datasets_cloudmask/dataset_cropped/10_Metas/16/14/20191016143400_00160.png,655.1,927,67.7,23.3,962
10/16/2019 14:35,datasets/dataset_cropped/10_Metas/16/14/20191016143500_00160.jpg,datasets_flow/dataset_cropped/10_Metas/16/14/20191016143500_00160.jpg,datasets_cloudmask/dataset_cropped/10_Metas/16/14/20191016143500_00160.png,653.8,928,67.6,23.1,962
10/16/2019 14:36,datasets/dataset_cropped/10_Metas/16/14/20191016143600_00160.jpg,datasets_flow/dataset_cropped/10_Metas/16/14/20191016143600_00160.jpg,datasets_cloudmask/dataset_cropped/10_Metas/16/14/20191016143600_00160.png,652.4,928,67.7,23.1,962
10/16/2019 14:37,datasets/dataset_cropped/10_Metas/16/14/20191016143700_00160.jpg,datasets_flow/dataset_cropped/10_Metas/16/14/20191016143700_00160.jpg,datasets_cloudmask/dataset_cropped/10_Metas/16/14/20191016143700_00160.png,650.8,928,68,23.2,962
10/16/2019 14:38,datasets/dataset_cropped/10_Metas/16/14/20191016143800_00160.jpg,datasets_flow/dataset_cropped/10_Metas/16/14/20191016143800_00160.jpg,datasets_cloudmask/dataset_cropped/10_Metas/16/14/20191016143800_00160.png,648.5,927,67.6,23.1,962
10/16/2019 14:39,datasets/dataset_cropped/10_Metas/16/14/20191016143900_00160.jpg,datasets_flow/dataset_cropped/10_Metas/16/14/20191016143900_00160.jpg,datasets_cloudmask/dataset_cropped/10_Metas/16/14/20191016143900_00160.png,647,927,67.5,23.2,962
10/16/2019 14:40,datasets/dataset_cropped/10_Metas/16/14/20191016144000_00160.jpg,datasets_flow/dataset_cropped/10_Metas/16/14/20191016144000_00160.jpg,datasets_cloudmask/dataset_cropped/10_Metas/16/14/20191016144000_00160.png,645.1,926,67.3,23.4,962
10/16/2019 14:41,datasets/dataset_cropped/10_Metas/16/14/20191016144100_00160.jpg,datasets_flow/dataset_cropped/10_Metas/16/14/20191016144100_00160.jpg,datasets_cloudmask/dataset_cropped/10_Metas/16/14/20191016144100_00160.png,643.1,925,67.2,23.2,962
10/16/2019 14:42,datasets/dataset_cropped/10_Metas/16/14/20191016144200_00160.jpg,datasets_flow/dataset_cropped/10_Metas/16/14/20191016144200_00160.jpg,datasets_cloudmask/dataset_cropped/10_Metas/16/14/20191016144200_00160.png,640.7,923,66.7,23.2,962
10/16/2019 14:43,datasets/dataset_cropped/10_Metas/16/14/20191016144300_00160.jpg,datasets_flow/dataset_cropped/10_Metas/16/14/20191016144300_00160.jpg,datasets_cloudmask/dataset_cropped/10_Metas/16/14/20191016144300_00160.png,638.7,921,66.5,23.2,962
10/16/2019 14:44,datasets/dataset_cropped/10_Metas/16/14/20191016144400_00160.jpg,datasets_flow/dataset_cropped/10_Metas/16/14/20191016144400_00160.jpg,datasets_cloudmask/dataset_cropped/10_Metas/16/14/20191016144400_00160.png,637,921,66.5,23.4,962
10/16/2019 14:45,datasets/dataset_cropped/10_Metas/16/14/20191016144500_00160.jpg,datasets_flow/dataset_cropped/10_Metas/16/14/20191016144500_00160.jpg,datasets_cloudmask/dataset_cropped/10_Metas/16/14/20191016144500_00160.png,635.2,920,66.6,23.3,962
10/16/2019 14:46,datasets/dataset_cropped/10_Metas/16/14/20191016144600_00160.jpg,datasets_flow/dataset_cropped/10_Metas/16/14/20191016144600_00160.jpg,datasets_cloudmask/dataset_cropped/10_Metas/16/14/20191016144600_00160.png,632.8,919,66.6,23.3,962
10/16/2019 14:47,datasets/dataset_cropped/10_Metas/16/14/20191016144700_00160.jpg,datasets_flow/dataset_cropped/10_Metas/16/14/20191016144700_00160.jpg,datasets_cloudmask/dataset_cropped/10_Metas/16/14/20191016144700_00160.png,630.8,918,66.7,23.4,962
10/16/2019 14:48,datasets/dataset_cropped/10_Metas/16/14/20191016144800_00160.jpg,datasets_flow/dataset_cropped/10_Metas/16/14/20191016144800_00160.jpg,datasets_cloudmask/dataset_cropped/10_Metas/16/14/20191016144800_00160.png,628.8,918,66.5,23.1,962
10/16/2019 14:49,datasets/dataset_cropped/10_Metas/16/14/20191016144900_00160.jpg,datasets_flow/dataset_cropped/10_Metas/16/14/20191016144900_00160.jpg,datasets_cloudmask/dataset_cropped/10_Metas/16/14/20191016144900_00160.png,626.6,917,66.5,23,962
10/16/2019 14:50,datasets/dataset_cropped/10_Metas/16/14/20191016145000_00160.jpg,datasets_flow/dataset_cropped/10_Metas/16/14/20191016145000_00160.jpg,datasets_cloudmask/dataset_cropped/10_Metas/16/14/20191016145000_00160.png,624.9,917,66.5,23.2,962
10/16/2019 14:51,datasets/dataset_cropped/10_Metas/16/14/20191016145100_00160.jpg,datasets_flow/dataset_cropped/10_Metas/16/14/20191016145100_00160.jpg,datasets_cloudmask/dataset_cropped/10_Metas/16/14/20191016145100_00160.png,622.9,917,66.5,23.4,962
10/16/2019 14:52,datasets/dataset_cropped/10_Metas/16/14/20191016145200_00160.jpg,datasets_flow/dataset_cropped/10_Metas/16/14/20191016145200_00160.jpg,datasets_cloudmask/dataset_cropped/10_Metas/16/14/20191016145200_00160.png,621.3,916,66.4,23.4,962
10/16/2019 14:53,datasets/dataset_cropped/10_Metas/16/14/20191016145300_00160.jpg,datasets_flow/dataset_cropped/10_Metas/16/14/20191016145300_00160.jpg,datasets_cloudmask/dataset_cropped/10_Metas/16/14/20191016145300_00160.png,619.6,916,66.5,23.1,962
10/16/2019 14:54,datasets/dataset_cropped/10_Metas/16/14/20191016145400_00160.jpg,datasets_flow/dataset_cropped/10_Metas/16/14/20191016145400_00160.jpg,datasets_cloudmask/dataset_cropped/10_Metas/16/14/20191016145400_00160.png,617.5,915,66.4,23.1,962
10/16/2019 14:55,datasets/dataset_cropped/10_Metas/16/14/20191016145500_00160.jpg,datasets_flow/dataset_cropped/10_Metas/16/14/20191016145500_00160.jpg,datasets_cloudmask/dataset_cropped/10_Metas/16/14/20191016145500_00160.png,615.4,915,66.4,23.2,962
10/16/2019 14:56,datasets/dataset_cropped/10_Metas/16/14/20191016145600_00160.jpg,datasets_flow/dataset_cropped/10_Metas/16/14/20191016145600_00160.jpg,datasets_cloudmask/dataset_cropped/10_Metas/16/14/20191016145600_00160.png,613.1,914,66.1,23.1,962
10/16/2019 14:57,datasets/dataset_cropped/10_Metas/16/14/20191016145700_00160.jpg,datasets_flow/dataset_cropped/10_Metas/16/14/20191016145700_00160.jpg,datasets_cloudmask/dataset_cropped/10_Metas/16/14/20191016145700_00160.png,610.8,913,66.2,23.2,962
10/16/2019 14:58,datasets/dataset_cropped/10_Metas/16/14/20191016145800_00160.jpg,datasets_flow/dataset_cropped/10_Metas/16/14/20191016145800_00160.jpg,datasets_cloudmask/dataset_cropped/10_Metas/16/14/20191016145800_00160.png,608.9,913,66,23.5,962
10/16/2019 14:59,datasets/dataset_cropped/10_Metas/16/14/20191016145900_00160.jpg,datasets_flow/dataset_cropped/10_Metas/16/14/20191016145900_00160.jpg,datasets_cloudmask/dataset_cropped/10_Metas/16/14/20191016145900_00160.png,606.8,912,66.4,23.6,962
10/16/2019 15:00,datasets/dataset_cropped/10_Metas/16/15/20191016150000_00160.jpg,datasets_flow/dataset_cropped/10_Metas/16/15/20191016150000_00160.jpg,datasets_cloudmask/dataset_cropped/10_Metas/16/15/20191016150000_00160.png,604.9,912,66.3,23.5,962
10/16/2019 15:01,datasets/dataset_cropped/10_Metas/16/15/20191016150100_00160.jpg,datasets_flow/dataset_cropped/10_Metas/16/15/20191016150100_00160.jpg,datasets_cloudmask/dataset_cropped/10_Metas/16/15/20191016150100_00160.png,603.1,912,66.4,23.5,962
10/16/2019 15:02,datasets/dataset_cropped/10_Metas/16/15/20191016150200_00160.jpg,datasets_flow/dataset_cropped/10_Metas/16/15/20191016150200_00160.jpg,datasets_cloudmask/dataset_cropped/10_Metas/16/15/20191016150200_00160.png,601,911,66,23.6,962
10/16/2019 15:03,datasets/dataset_cropped/10_Metas/16/15/20191016150300_00160.jpg,datasets_flow/dataset_cropped/10_Metas/16/15/20191016150300_00160.jpg,datasets_cloudmask/dataset_cropped/10_Metas/16/15/20191016150300_00160.png,599.2,911,66.1,23.6,962
10/16/2019 15:04,datasets/dataset_cropped/10_Metas/16/15/20191016150400_00160.jpg,datasets_flow/dataset_cropped/10_Metas/16/15/20191016150400_00160.jpg,datasets_cloudmask/dataset_cropped/10_Metas/16/15/20191016150400_00160.png,596.9,910,65.6,23.8,962
10/16/2019 15:05,datasets/dataset_cropped/10_Metas/16/15/20191016150500_00160.jpg,datasets_flow/dataset_cropped/10_Metas/16/15/20191016150500_00160.jpg,datasets_cloudmask/dataset_cropped/10_Metas/16/15/20191016150500_00160.png,594.1,908,65.1,23.7,962
10/16/2019 15:06,datasets/dataset_cropped/10_Metas/16/15/20191016150600_00160.jpg,datasets_flow/dataset_cropped/10_Metas/16/15/20191016150600_00160.jpg,datasets_cloudmask/dataset_cropped/10_Metas/16/15/20191016150600_00160.png,591.7,906,65.4,23.4,962
10/16/2019 15:07,datasets/dataset_cropped/10_Metas/16/15/20191016150700_00160.jpg,datasets_flow/dataset_cropped/10_Metas/16/15/20191016150700_00160.jpg,datasets_cloudmask/dataset_cropped/10_Metas/16/15/20191016150700_00160.png,589.2,905,65.2,23.5,962
10/16/2019 15:08,datasets/dataset_cropped/10_Metas/16/15/20191016150800_00160.jpg,datasets_flow/dataset_cropped/10_Metas/16/15/20191016150800_00160.jpg,datasets_cloudmask/dataset_cropped/10_Metas/16/15/20191016150800_00160.png,586.5,903,65.2,23.6,962
10/16/2019 15:09,datasets/dataset_cropped/10_Metas/16/15/20191016150900_00160.jpg,datasets_flow/dataset_cropped/10_Metas/16/15/20191016150900_00160.jpg,datasets_cloudmask/dataset_cropped/10_Metas/16/15/20191016150900_00160.png,583.9,901,65.4,23.6,962
10/16/2019 15:10,datasets/dataset_cropped/10_Metas/16/15/20191016151000_00160.jpg,datasets_flow/dataset_cropped/10_Metas/16/15/20191016151000_00160.jpg,datasets_cloudmask/dataset_cropped/10_Metas/16/15/20191016151000_00160.png,580.9,899,65.4,23.6,962
10/16/2019 15:11,datasets/dataset_cropped/10_Metas/16/15/20191016151100_00160.jpg,datasets_flow/dataset_cropped/10_Metas/16/15/20191016151100_00160.jpg,datasets_cloudmask/dataset_cropped/10_Metas/16/15/20191016151100_00160.png,578.9,899,65.3,23.5,962
10/16/2019 15:12,datasets/dataset_cropped/10_Metas/16/15/20191016151200_00160.jpg,datasets_flow/dataset_cropped/10_Metas/16/15/20191016151200_00160.jpg,datasets_cloudmask/dataset_cropped/10_Metas/16/15/20191016151200_00160.png,577.9,900,65.4,23.4,962
10/16/2019 15:13,datasets/dataset_cropped/10_Metas/16/15/20191016151300_00160.jpg,datasets_flow/dataset_cropped/10_Metas/16/15/20191016151300_00160.jpg,datasets_cloudmask/dataset_cropped/10_Metas/16/15/20191016151300_00160.png,576.2,901,65.5,23.5,962
10/16/2019 15:14,datasets/dataset_cropped/10_Metas/16/15/20191016151400_00160.jpg,datasets_flow/dataset_cropped/10_Metas/16/15/20191016151400_00160.jpg,datasets_cloudmask/dataset_cropped/10_Metas/16/15/20191016151400_00160.png,572.9,899,65.3,23.4,962
10/16/2019 15:15,datasets/dataset_cropped/10_Metas/16/15/20191016151500_00160.jpg,datasets_flow/dataset_cropped/10_Metas/16/15/20191016151500_00160.jpg,datasets_cloudmask/dataset_cropped/10_Metas/16/15/20191016151500_00160.png,570.1,897,65.1,23.5,962
10/16/2019 15:16,datasets/dataset_cropped/10_Metas/16/15/20191016151600_00160.jpg,datasets_flow/dataset_cropped/10_Metas/16/15/20191016151600_00160.jpg,datasets_cloudmask/dataset_cropped/10_Metas/16/15/20191016151600_00160.png,568.1,897,64.8,23.6,962
10/16/2019 15:17,datasets/dataset_cropped/10_Metas/16/15/20191016151700_00160.jpg,datasets_flow/dataset_cropped/10_Metas/16/15/20191016151700_00160.jpg,datasets_cloudmask/dataset_cropped/10_Metas/16/15/20191016151700_00160.png,566.1,897,64.5,23.7,962
10/16/2019 15:18,datasets/dataset_cropped/10_Metas/16/15/20191016151800_00160.jpg,datasets_flow/dataset_cropped/10_Metas/16/15/20191016151800_00160.jpg,datasets_cloudmask/dataset_cropped/10_Metas/16/15/20191016151800_00160.png,563.6,895,64.2,23.7,962
10/16/2019 15:19,datasets/dataset_cropped/10_Metas/16/15/20191016151900_00160.jpg,datasets_flow/dataset_cropped/10_Metas/16/15/20191016151900_00160.jpg,datasets_cloudmask/dataset_cropped/10_Metas/16/15/20191016151900_00160.png,561.4,895,64.2,23.4,962
10/16/2019 15:20,datasets/dataset_cropped/10_Metas/16/15/20191016152000_00160.jpg,datasets_flow/dataset_cropped/10_Metas/16/15/20191016152000_00160.jpg,datasets_cloudmask/dataset_cropped/10_Metas/16/15/20191016152000_00160.png,559.2,894,64.5,23.2,962
10/16/2019 15:21,datasets/dataset_cropped/10_Metas/16/15/20191016152100_00160.jpg,datasets_flow/dataset_cropped/10_Metas/16/15/20191016152100_00160.jpg,datasets_cloudmask/dataset_cropped/10_Metas/16/15/20191016152100_00160.png,556.7,894,64.3,23.4,962
10/16/2019 15:22,datasets/dataset_cropped/10_Metas/16/15/20191016152200_00160.jpg,datasets_flow/dataset_cropped/10_Metas/16/15/20191016152200_00160.jpg,datasets_cloudmask/dataset_cropped/10_Metas/16/15/20191016152200_00160.png,554,893,64,23.4,962
10/16/2019 15:23,datasets/dataset_cropped/10_Metas/16/15/20191016152300_00160.jpg,datasets_flow/dataset_cropped/10_Metas/16/15/20191016152300_00160.jpg,datasets_cloudmask/dataset_cropped/10_Metas/16/15/20191016152300_00160.png,551.9,892,63.9,23.5,962
10/16/2019 15:24,datasets/dataset_cropped/10_Metas/16/15/20191016152400_00160.jpg,datasets_flow/dataset_cropped/10_Metas/16/15/20191016152400_00160.jpg,datasets_cloudmask/dataset_cropped/10_Metas/16/15/20191016152400_00160.png,549.6,892,64.1,23.6,962
10/16/2019 15:25,datasets/dataset_cropped/10_Metas/16/15/20191016152500_00160.jpg,datasets_flow/dataset_cropped/10_Metas/16/15/20191016152500_00160.jpg,datasets_cloudmask/dataset_cropped/10_Metas/16/15/20191016152500_00160.png,546.8,891,63.7,23.5,962
10/16/2019 15:26,datasets/dataset_cropped/10_Metas/16/15/20191016152600_00160.jpg,datasets_flow/dataset_cropped/10_Metas/16/15/20191016152600_00160.jpg,datasets_cloudmask/dataset_cropped/10_Metas/16/15/20191016152600_00160.png,544.1,889,63.7,23.5,962
10/16/2019 15:27,datasets/dataset_cropped/10_Metas/16/15/20191016152700_00160.jpg,datasets_flow/dataset_cropped/10_Metas/16/15/20191016152700_00160.jpg,datasets_cloudmask/dataset_cropped/10_Metas/16/15/20191016152700_00160.png,541.5,888,64,23.5,962
10/16/2019 15:28,datasets/dataset_cropped/10_Metas/16/15/20191016152800_00160.jpg,datasets_flow/dataset_cropped/10_Metas/16/15/20191016152800_00160.jpg,datasets_cloudmask/dataset_cropped/10_Metas/16/15/20191016152800_00160.png,539.1,888,64,23.6,962
10/16/2019 15:29,datasets/dataset_cropped/10_Metas/16/15/20191016152900_00160.jpg,datasets_flow/dataset_cropped/10_Metas/16/15/20191016152900_00160.jpg,datasets_cloudmask/dataset_cropped/10_Metas/16/15/20191016152900_00160.png,536.4,887,63.7,23.5,961
10/16/2019 15:30,datasets/dataset_cropped/10_Metas/16/15/20191016153000_00160.jpg,datasets_flow/dataset_cropped/10_Metas/16/15/20191016153000_00160.jpg,datasets_cloudmask/dataset_cropped/10_Metas/16/15/20191016153000_00160.png,533.7,886,63.5,23.5,961
10/16/2019 15:31,datasets/dataset_cropped/10_Metas/16/15/20191016153100_00160.jpg,datasets_flow/dataset_cropped/10_Metas/16/15/20191016153100_00160.jpg,datasets_cloudmask/dataset_cropped/10_Metas/16/15/20191016153100_00160.png,530.9,885,63.3,23.6,962
10/16/2019 15:32,datasets/dataset_cropped/10_Metas/16/15/20191016153200_00160.jpg,datasets_flow/dataset_cropped/10_Metas/16/15/20191016153200_00160.jpg,datasets_cloudmask/dataset_cropped/10_Metas/16/15/20191016153200_00160.png,528.5,884,63.5,23.6,961
10/16/2019 15:33,datasets/dataset_cropped/10_Metas/16/15/20191016153300_00160.jpg,datasets_flow/dataset_cropped/10_Metas/16/15/20191016153300_00160.jpg,datasets_cloudmask/dataset_cropped/10_Metas/16/15/20191016153300_00160.png,525.5,882,63.3,23.7,962
10/16/2019 15:34,datasets/dataset_cropped/10_Metas/16/15/20191016153400_00160.jpg,datasets_flow/dataset_cropped/10_Metas/16/15/20191016153400_00160.jpg,datasets_cloudmask/dataset_cropped/10_Metas/16/15/20191016153400_00160.png,522.7,880,63,23.6,962
10/16/2019 15:35,datasets/dataset_cropped/10_Metas/16/15/20191016153500_00160.jpg,datasets_flow/dataset_cropped/10_Metas/16/15/20191016153500_00160.jpg,datasets_cloudmask/dataset_cropped/10_Metas/16/15/20191016153500_00160.png,520.2,879,62.8,23.5,961
10/16/2019 15:36,datasets/dataset_cropped/10_Metas/16/15/20191016153600_00160.jpg,datasets_flow/dataset_cropped/10_Metas/16/15/20191016153600_00160.jpg,datasets_cloudmask/dataset_cropped/10_Metas/16/15/20191016153600_00160.png,517.2,877,62.9,23.5,961
10/16/2019 15:37,datasets/dataset_cropped/10_Metas/16/15/20191016153700_00160.jpg,datasets_flow/dataset_cropped/10_Metas/16/15/20191016153700_00160.jpg,datasets_cloudmask/dataset_cropped/10_Metas/16/15/20191016153700_00160.png,514.5,877,62.8,23.5,961
10/16/2019 15:38,datasets/dataset_cropped/10_Metas/16/15/20191016153800_00160.jpg,datasets_flow/dataset_cropped/10_Metas/16/15/20191016153800_00160.jpg,datasets_cloudmask/dataset_cropped/10_Metas/16/15/20191016153800_00160.png,511.8,875,62.7,23.7,961
10/16/2019 15:39,datasets/dataset_cropped/10_Metas/16/15/20191016153900_00160.jpg,datasets_flow/dataset_cropped/10_Metas/16/15/20191016153900_00160.jpg,datasets_cloudmask/dataset_cropped/10_Metas/16/15/20191016153900_00160.png,508.5,873,62.7,23.8,961
10/16/2019 15:40,datasets/dataset_cropped/10_Metas/16/15/20191016154000_00160.jpg,datasets_flow/dataset_cropped/10_Metas/16/15/20191016154000_00160.jpg,datasets_cloudmask/dataset_cropped/10_Metas/16/15/20191016154000_00160.png,505.3,871,62.5,23.7,961
10/16/2019 15:41,datasets/dataset_cropped/10_Metas/16/15/20191016154100_00160.jpg,datasets_flow/dataset_cropped/10_Metas/16/15/20191016154100_00160.jpg,datasets_cloudmask/dataset_cropped/10_Metas/16/15/20191016154100_00160.png,502.5,868,62.6,23.8,962
10/16/2019 15:42,datasets/dataset_cropped/10_Metas/16/15/20191016154200_00160.jpg,datasets_flow/dataset_cropped/10_Metas/16/15/20191016154200_00160.jpg,datasets_cloudmask/dataset_cropped/10_Metas/16/15/20191016154200_00160.png,499.4,866,62.5,23.9,961
10/16/2019 15:43,datasets/dataset_cropped/10_Metas/16/15/20191016154300_00160.jpg,datasets_flow/dataset_cropped/10_Metas/16/15/20191016154300_00160.jpg,datasets_cloudmask/dataset_cropped/10_Metas/16/15/20191016154300_00160.png,496.9,865,62.4,24,961
10/16/2019 15:44,datasets/dataset_cropped/10_Metas/16/15/20191016154400_00160.jpg,datasets_flow/dataset_cropped/10_Metas/16/15/20191016154400_00160.jpg,datasets_cloudmask/dataset_cropped/10_Metas/16/15/20191016154400_00160.png,494.4,864,62.8,24.1,962
10/16/2019 15:45,datasets/dataset_cropped/10_Metas/16/15/20191016154500_00160.jpg,datasets_flow/dataset_cropped/10_Metas/16/15/20191016154500_00160.jpg,datasets_cloudmask/dataset_cropped/10_Metas/16/15/20191016154500_00160.png,491.5,863,62.3,24.1,961
10/16/2019 15:46,datasets/dataset_cropped/10_Metas/16/15/20191016154600_00160.jpg,datasets_flow/dataset_cropped/10_Metas/16/15/20191016154600_00160.jpg,datasets_cloudmask/dataset_cropped/10_Metas/16/15/20191016154600_00160.png,488.9,863,62.1,24.1,961
10/16/2019 15:47,datasets/dataset_cropped/10_Metas/16/15/20191016154700_00160.jpg,datasets_flow/dataset_cropped/10_Metas/16/15/20191016154700_00160.jpg,datasets_cloudmask/dataset_cropped/10_Metas/16/15/20191016154700_00160.png,486,862,61.9,23.9,961
10/16/2019 15:48,datasets/dataset_cropped/10_Metas/16/15/20191016154800_00160.jpg,datasets_flow/dataset_cropped/10_Metas/16/15/20191016154800_00160.jpg,datasets_cloudmask/dataset_cropped/10_Metas/16/15/20191016154800_00160.png,483.3,860,61.8,23.9,961
10/16/2019 15:49,datasets/dataset_cropped/10_Metas/16/15/20191016154900_00160.jpg,datasets_flow/dataset_cropped/10_Metas/16/15/20191016154900_00160.jpg,datasets_cloudmask/dataset_cropped/10_Metas/16/15/20191016154900_00160.png,480.6,859,62,24,961
10/16/2019 15:50,datasets/dataset_cropped/10_Metas/16/15/20191016155000_00160.jpg,datasets_flow/dataset_cropped/10_Metas/16/15/20191016155000_00160.jpg,datasets_cloudmask/dataset_cropped/10_Metas/16/15/20191016155000_00160.png,478.1,858,62.2,24.2,961
10/16/2019 15:51,datasets/dataset_cropped/10_Metas/16/15/20191016155100_00160.jpg,datasets_flow/dataset_cropped/10_Metas/16/15/20191016155100_00160.jpg,datasets_cloudmask/dataset_cropped/10_Metas/16/15/20191016155100_00160.png,474.6,856,61.8,24.1,961
10/16/2019 15:52,datasets/dataset_cropped/10_Metas/16/15/20191016155200_00160.jpg,datasets_flow/dataset_cropped/10_Metas/16/15/20191016155200_00160.jpg,datasets_cloudmask/dataset_cropped/10_Metas/16/15/20191016155200_00160.png,471.5,854,61.2,24.1,961
10/16/2019 15:53,datasets/dataset_cropped/10_Metas/16/15/20191016155300_00160.jpg,datasets_flow/dataset_cropped/10_Metas/16/15/20191016155300_00160.jpg,datasets_cloudmask/dataset_cropped/10_Metas/16/15/20191016155300_00160.png,468.6,852,61.3,24.1,961
10/16/2019 15:54,datasets/dataset_cropped/10_Metas/16/15/20191016155400_00160.jpg,datasets_flow/dataset_cropped/10_Metas/16/15/20191016155400_00160.jpg,datasets_cloudmask/dataset_cropped/10_Metas/16/15/20191016155400_00160.png,465.3,849,61,24.3,961
10/16/2019 15:55,datasets/dataset_cropped/10_Metas/16/15/20191016155500_00160.jpg,datasets_flow/dataset_cropped/10_Metas/16/15/20191016155500_00160.jpg,datasets_cloudmask/dataset_cropped/10_Metas/16/15/20191016155500_00160.png,462.6,848,61.1,24.5,961
10/16/2019 15:56,datasets/dataset_cropped/10_Metas/16/15/20191016155600_00160.jpg,datasets_flow/dataset_cropped/10_Metas/16/15/20191016155600_00160.jpg,datasets_cloudmask/dataset_cropped/10_Metas/16/15/20191016155600_00160.png,460.1,848,61,24.3,961
10/16/2019 15:57,datasets/dataset_cropped/10_Metas/16/15/20191016155700_00160.jpg,datasets_flow/dataset_cropped/10_Metas/16/15/20191016155700_00160.jpg,datasets_cloudmask/dataset_cropped/10_Metas/16/15/20191016155700_00160.png,457.5,846,60.9,24.2,961
10/16/2019 15:58,datasets/dataset_cropped/10_Metas/16/15/20191016155800_00160.jpg,datasets_flow/dataset_cropped/10_Metas/16/15/20191016155800_00160.jpg,datasets_cloudmask/dataset_cropped/10_Metas/16/15/20191016155800_00160.png,454.9,846,60.9,24,961
10/16/2019 15:59,datasets/dataset_cropped/10_Metas/16/15/20191016155900_00160.jpg,datasets_flow/dataset_cropped/10_Metas/16/15/20191016155900_00160.jpg,datasets_cloudmask/dataset_cropped/10_Metas/16/15/20191016155900_00160.png,451.7,844,60.6,24,961
10/16/2019 16:00,datasets/dataset_cropped/10_Metas/16/16/20191016160000_00160.jpg,datasets_flow/dataset_cropped/10_Metas/16/16/20191016160000_00160.jpg,datasets_cloudmask/dataset_cropped/10_Metas/16/16/20191016160000_00160.png,448.8,842,60.8,24,961
10/16/2019 16:01,datasets/dataset_cropped/10_Metas/16/16/20191016160100_00160.jpg,datasets_flow/dataset_cropped/10_Metas/16/16/20191016160100_00160.jpg,datasets_cloudmask/dataset_cropped/10_Metas/16/16/20191016160100_00160.png,445.8,841,60.5,24.1,961
10/16/2019 16:02,datasets/dataset_cropped/10_Metas/16/16/20191016160200_00160.jpg,datasets_flow/dataset_cropped/10_Metas/16/16/20191016160200_00160.jpg,datasets_cloudmask/dataset_cropped/10_Metas/16/16/20191016160200_00160.png,442.9,839,60.2,24,961
10/16/2019 16:03,datasets/dataset_cropped/10_Metas/16/16/20191016160300_00160.jpg,datasets_flow/dataset_cropped/10_Metas/16/16/20191016160300_00160.jpg,datasets_cloudmask/dataset_cropped/10_Metas/16/16/20191016160300_00160.png,440.2,837,60.3,23.8,961
10/16/2019 16:04,datasets/dataset_cropped/10_Metas/16/16/20191016160400_00160.jpg,datasets_flow/dataset_cropped/10_Metas/16/16/20191016160400_00160.jpg,datasets_cloudmask/dataset_cropped/10_Metas/16/16/20191016160400_00160.png,437.5,836,60.3,23.9,961
10/16/2019 16:05,datasets/dataset_cropped/10_Metas/16/16/20191016160500_00160.jpg,datasets_flow/dataset_cropped/10_Metas/16/16/20191016160500_00160.jpg,datasets_cloudmask/dataset_cropped/10_Metas/16/16/20191016160500_00160.png,434.4,835,60,23.9,961
10/16/2019 16:06,datasets/dataset_cropped/10_Metas/16/16/20191016160600_00160.jpg,datasets_flow/dataset_cropped/10_Metas/16/16/20191016160600_00160.jpg,datasets_cloudmask/dataset_cropped/10_Metas/16/16/20191016160600_00160.png,431.4,833,59.8,24,961
10/16/2019 16:07,datasets/dataset_cropped/10_Metas/16/16/20191016160700_00160.jpg,datasets_flow/dataset_cropped/10_Metas/16/16/20191016160700_00160.jpg,datasets_cloudmask/dataset_cropped/10_Metas/16/16/20191016160700_00160.png,428.3,832,59.4,23.9,961
10/16/2019 16:08,datasets/dataset_cropped/10_Metas/16/16/20191016160800_00160.jpg,datasets_flow/dataset_cropped/10_Metas/16/16/20191016160800_00160.jpg,datasets_cloudmask/dataset_cropped/10_Metas/16/16/20191016160800_00160.png,425.3,830,59.3,23.9,961
10/16/2019 16:09,datasets/dataset_cropped/10_Metas/16/16/20191016160900_00160.jpg,datasets_flow/dataset_cropped/10_Metas/16/16/20191016160900_00160.jpg,datasets_cloudmask/dataset_cropped/10_Metas/16/16/20191016160900_00160.png,422.2,827,59,24.1,961
10/16/2019 16:10,datasets/dataset_cropped/10_Metas/16/16/20191016161000_00160.jpg,datasets_flow/dataset_cropped/10_Metas/16/16/20191016161000_00160.jpg,datasets_cloudmask/dataset_cropped/10_Metas/16/16/20191016161000_00160.png,418.9,825,59,24.3,961
10/16/2019 16:11,datasets/dataset_cropped/10_Metas/16/16/20191016161100_00160.jpg,datasets_flow/dataset_cropped/10_Metas/16/16/20191016161100_00160.jpg,datasets_cloudmask/dataset_cropped/10_Metas/16/16/20191016161100_00160.png,415.7,823,59.1,24.3,961
10/16/2019 16:12,datasets/dataset_cropped/10_Metas/16/16/20191016161200_00160.jpg,datasets_flow/dataset_cropped/10_Metas/16/16/20191016161200_00160.jpg,datasets_cloudmask/dataset_cropped/10_Metas/16/16/20191016161200_00160.png,412.8,822,59.2,24.3,961
10/16/2019 16:13,datasets/dataset_cropped/10_Metas/16/16/20191016161300_00160.jpg,datasets_flow/dataset_cropped/10_Metas/16/16/20191016161300_00160.jpg,datasets_cloudmask/dataset_cropped/10_Metas/16/16/20191016161300_00160.png,409.9,820,59.4,24.3,961
10/16/2019 16:14,datasets/dataset_cropped/10_Metas/16/16/20191016161400_00160.jpg,datasets_flow/dataset_cropped/10_Metas/16/16/20191016161400_00160.jpg,datasets_cloudmask/dataset_cropped/10_Metas/16/16/20191016161400_00160.png,406.2,817,59,24.4,961
10/16/2019 16:15,datasets/dataset_cropped/10_Metas/16/16/20191016161500_00160.jpg,datasets_flow/dataset_cropped/10_Metas/16/16/20191016161500_00160.jpg,datasets_cloudmask/dataset_cropped/10_Metas/16/16/20191016161500_00160.png,402.5,814,58.6,24.3,961
10/16/2019 16:16,datasets/dataset_cropped/10_Metas/16/16/20191016161600_00160.jpg,datasets_flow/dataset_cropped/10_Metas/16/16/20191016161600_00160.jpg,datasets_cloudmask/dataset_cropped/10_Metas/16/16/20191016161600_00160.png,399.1,811,58.3,24.1,961
10/16/2019 16:17,datasets/dataset_cropped/10_Metas/16/16/20191016161700_00160.jpg,datasets_flow/dataset_cropped/10_Metas/16/16/20191016161700_00160.jpg,datasets_cloudmask/dataset_cropped/10_Metas/16/16/20191016161700_00160.png,396,809,58.3,24,961
10/16/2019 16:18,datasets/dataset_cropped/10_Metas/16/16/20191016161800_00160.jpg,datasets_flow/dataset_cropped/10_Metas/16/16/20191016161800_00160.jpg,datasets_cloudmask/dataset_cropped/10_Metas/16/16/20191016161800_00160.png,393,807,58.3,24.1,961
10/16/2019 16:19,datasets/dataset_cropped/10_Metas/16/16/20191016161900_00160.jpg,datasets_flow/dataset_cropped/10_Metas/16/16/20191016161900_00160.jpg,datasets_cloudmask/dataset_cropped/10_Metas/16/16/20191016161900_00160.png,389.8,805,58.1,24.1,961
10/16/2019 16:20,datasets/dataset_cropped/10_Metas/16/16/20191016162000_00160.jpg,datasets_flow/dataset_cropped/10_Metas/16/16/20191016162000_00160.jpg,datasets_cloudmask/dataset_cropped/10_Metas/16/16/20191016162000_00160.png,387,804,57.9,23.9,961
10/16/2019 16:21,datasets/dataset_cropped/10_Metas/16/16/20191016162100_00160.jpg,datasets_flow/dataset_cropped/10_Metas/16/16/20191016162100_00160.jpg,datasets_cloudmask/dataset_cropped/10_Metas/16/16/20191016162100_00160.png,383.8,802,57.8,23.9,961
10/16/2019 16:22,datasets/dataset_cropped/10_Metas/16/16/20191016162200_00160.jpg,datasets_flow/dataset_cropped/10_Metas/16/16/20191016162200_00160.jpg,datasets_cloudmask/dataset_cropped/10_Metas/16/16/20191016162200_00160.png,381.1,801,58,23.8,961
10/16/2019 16:23,datasets/dataset_cropped/10_Metas/16/16/20191016162300_00160.jpg,datasets_flow/dataset_cropped/10_Metas/16/16/20191016162300_00160.jpg,datasets_cloudmask/dataset_cropped/10_Metas/16/16/20191016162300_00160.png,378.1,799.6,57.9,23.6,961
10/16/2019 16:24,datasets/dataset_cropped/10_Metas/16/16/20191016162400_00160.jpg,datasets_flow/dataset_cropped/10_Metas/16/16/20191016162400_00160.jpg,datasets_cloudmask/dataset_cropped/10_Metas/16/16/20191016162400_00160.png,374.7,797.2,57.3,23.5,961
10/16/2019 16:25,datasets/dataset_cropped/10_Metas/16/16/20191016162500_00160.jpg,datasets_flow/dataset_cropped/10_Metas/16/16/20191016162500_00160.jpg,datasets_cloudmask/dataset_cropped/10_Metas/16/16/20191016162500_00160.png,371.2,794.3,57.1,23.3,961
10/16/2019 16:26,datasets/dataset_cropped/10_Metas/16/16/20191016162600_00160.jpg,datasets_flow/dataset_cropped/10_Metas/16/16/20191016162600_00160.jpg,datasets_cloudmask/dataset_cropped/10_Metas/16/16/20191016162600_00160.png,367.8,791.5,57.1,23.2,961
10/16/2019 16:27,datasets/dataset_cropped/10_Metas/16/16/20191016162700_00160.jpg,datasets_flow/dataset_cropped/10_Metas/16/16/20191016162700_00160.jpg,datasets_cloudmask/dataset_cropped/10_Metas/16/16/20191016162700_00160.png,365,790,57.1,23.2,961
10/16/2019 16:28,datasets/dataset_cropped/10_Metas/16/16/20191016162800_00160.jpg,datasets_flow/dataset_cropped/10_Metas/16/16/20191016162800_00160.jpg,datasets_cloudmask/dataset_cropped/10_Metas/16/16/20191016162800_00160.png,361.8,788.2,56.7,23.4,961
10/16/2019 16:29,datasets/dataset_cropped/10_Metas/16/16/20191016162900_00160.jpg,datasets_flow/dataset_cropped/10_Metas/16/16/20191016162900_00160.jpg,datasets_cloudmask/dataset_cropped/10_Metas/16/16/20191016162900_00160.png,358.8,786.5,56.6,23.4,961
10/16/2019 16:30,datasets/dataset_cropped/10_Metas/16/16/20191016163000_00160.jpg,datasets_flow/dataset_cropped/10_Metas/16/16/20191016163000_00160.jpg,datasets_cloudmask/dataset_cropped/10_Metas/16/16/20191016163000_00160.png,355.7,784.1,56.6,23.2,961
10/16/2019 16:31,datasets/dataset_cropped/10_Metas/16/16/20191016163100_00160.jpg,datasets_flow/dataset_cropped/10_Metas/16/16/20191016163100_00160.jpg,datasets_cloudmask/dataset_cropped/10_Metas/16/16/20191016163100_00160.png,352.8,782.8,56.3,23.1,961
10/16/2019 16:32,datasets/dataset_cropped/10_Metas/16/16/20191016163200_00160.jpg,datasets_flow/dataset_cropped/10_Metas/16/16/20191016163200_00160.jpg,datasets_cloudmask/dataset_cropped/10_Metas/16/16/20191016163200_00160.png,349.5,780.7,56,23,961
10/16/2019 16:33,datasets/dataset_cropped/10_Metas/16/16/20191016163300_00160.jpg,datasets_flow/dataset_cropped/10_Metas/16/16/20191016163300_00160.jpg,datasets_cloudmask/dataset_cropped/10_Metas/16/16/20191016163300_00160.png,346,777.8,55.7,23.2,961
10/16/2019 16:34,datasets/dataset_cropped/10_Metas/16/16/20191016163400_00160.jpg,datasets_flow/dataset_cropped/10_Metas/16/16/20191016163400_00160.jpg,datasets_cloudmask/dataset_cropped/10_Metas/16/16/20191016163400_00160.png,342.6,774.6,55.4,23.4,961
10/16/2019 16:35,datasets/dataset_cropped/10_Metas/16/16/20191016163500_00160.jpg,datasets_flow/dataset_cropped/10_Metas/16/16/20191016163500_00160.jpg,datasets_cloudmask/dataset_cropped/10_Metas/16/16/20191016163500_00160.png,338.8,770.8,55.2,23.3,961
10/16/2019 16:36,datasets/dataset_cropped/10_Metas/16/16/20191016163600_00160.jpg,datasets_flow/dataset_cropped/10_Metas/16/16/20191016163600_00160.jpg,datasets_cloudmask/dataset_cropped/10_Metas/16/16/20191016163600_00160.png,335.6,768.3,55.2,23.2,961
10/16/2019 16:37,datasets/dataset_cropped/10_Metas/16/16/20191016163700_00160.jpg,datasets_flow/dataset_cropped/10_Metas/16/16/20191016163700_00160.jpg,datasets_cloudmask/dataset_cropped/10_Metas/16/16/20191016163700_00160.png,332.4,765.7,55.2,23,961
10/16/2019 16:38,datasets/dataset_cropped/10_Metas/16/16/20191016163800_00160.jpg,datasets_flow/dataset_cropped/10_Metas/16/16/20191016163800_00160.jpg,datasets_cloudmask/dataset_cropped/10_Metas/16/16/20191016163800_00160.png,329.1,763.4,55.1,23,961
10/16/2019 16:39,datasets/dataset_cropped/10_Metas/16/16/20191016163900_00160.jpg,datasets_flow/dataset_cropped/10_Metas/16/16/20191016163900_00160.jpg,datasets_cloudmask/dataset_cropped/10_Metas/16/16/20191016163900_00160.png,325.6,760.7,54.7,22.9,961
10/16/2019 16:40,datasets/dataset_cropped/10_Metas/16/16/20191016164000_00160.jpg,datasets_flow/dataset_cropped/10_Metas/16/16/20191016164000_00160.jpg,datasets_cloudmask/dataset_cropped/10_Metas/16/16/20191016164000_00160.png,322.6,758.8,54.6,22.9,961
10/16/2019 16:41,datasets/dataset_cropped/10_Metas/16/16/20191016164100_00160.jpg,datasets_flow/dataset_cropped/10_Metas/16/16/20191016164100_00160.jpg,datasets_cloudmask/dataset_cropped/10_Metas/16/16/20191016164100_00160.png,319.2,756.2,54.3,23,961
10/16/2019 16:42,datasets/dataset_cropped/10_Metas/16/16/20191016164200_00160.jpg,datasets_flow/dataset_cropped/10_Metas/16/16/20191016164200_00160.jpg,datasets_cloudmask/dataset_cropped/10_Metas/16/16/20191016164200_00160.png,316.1,754.2,54.1,22.9,961
10/16/2019 16:43,datasets/dataset_cropped/10_Metas/16/16/20191016164300_00160.jpg,datasets_flow/dataset_cropped/10_Metas/16/16/20191016164300_00160.jpg,datasets_cloudmask/dataset_cropped/10_Metas/16/16/20191016164300_00160.png,312.7,751.4,53.8,22.8,961
10/16/2019 16:44,datasets/dataset_cropped/10_Metas/16/16/20191016164400_00160.jpg,datasets_flow/dataset_cropped/10_Metas/16/16/20191016164400_00160.jpg,datasets_cloudmask/dataset_cropped/10_Metas/16/16/20191016164400_00160.png,310.1,750,53.9,22.9,961
10/16/2019 16:45,datasets/dataset_cropped/10_Metas/16/16/20191016164500_00160.jpg,datasets_flow/dataset_cropped/10_Metas/16/16/20191016164500_00160.jpg,datasets_cloudmask/dataset_cropped/10_Metas/16/16/20191016164500_00160.png,306.7,747.2,53.7,22.9,961
10/16/2019 16:46,datasets/dataset_cropped/10_Metas/16/16/20191016164600_00160.jpg,datasets_flow/dataset_cropped/10_Metas/16/16/20191016164600_00160.jpg,datasets_cloudmask/dataset_cropped/10_Metas/16/16/20191016164600_00160.png,303.3,744.4,53.4,22.8,961
10/16/2019 16:47,datasets/dataset_cropped/10_Metas/16/16/20191016164700_00160.jpg,datasets_flow/dataset_cropped/10_Metas/16/16/20191016164700_00160.jpg,datasets_cloudmask/dataset_cropped/10_Metas/16/16/20191016164700_00160.png,300,742,52.9,22.8,961
10/16/2019 16:48,datasets/dataset_cropped/10_Metas/16/16/20191016164800_00160.jpg,datasets_flow/dataset_cropped/10_Metas/16/16/20191016164800_00160.jpg,datasets_cloudmask/dataset_cropped/10_Metas/16/16/20191016164800_00160.png,296.4,738.4,52.6,22.8,961
10/16/2019 16:49,datasets/dataset_cropped/10_Metas/16/16/20191016164900_00160.jpg,datasets_flow/dataset_cropped/10_Metas/16/16/20191016164900_00160.jpg,datasets_cloudmask/dataset_cropped/10_Metas/16/16/20191016164900_00160.png,293,735,52.4,22.8,961
10/16/2019 16:50,datasets/dataset_cropped/10_Metas/16/16/20191016165000_00160.jpg,datasets_flow/dataset_cropped/10_Metas/16/16/20191016165000_00160.jpg,datasets_cloudmask/dataset_cropped/10_Metas/16/16/20191016165000_00160.png,289.9,732.7,52.3,22.9,961
10/16/2019 16:51,datasets/dataset_cropped/10_Metas/16/16/20191016165100_00160.jpg,datasets_flow/dataset_cropped/10_Metas/16/16/20191016165100_00160.jpg,datasets_cloudmask/dataset_cropped/10_Metas/16/16/20191016165100_00160.png,286.8,730.6,52,23,961
10/16/2019 16:52,datasets/dataset_cropped/10_Metas/16/16/20191016165200_00160.jpg,datasets_flow/dataset_cropped/10_Metas/16/16/20191016165200_00160.jpg,datasets_cloudmask/dataset_cropped/10_Metas/16/16/20191016165200_00160.png,283.7,728.5,51.8,22.9,961
10/16/2019 16:53,datasets/dataset_cropped/10_Metas/16/16/20191016165300_00160.jpg,datasets_flow/dataset_cropped/10_Metas/16/16/20191016165300_00160.jpg,datasets_cloudmask/dataset_cropped/10_Metas/16/16/20191016165300_00160.png,280.5,725.6,51.7,22.7,961
10/16/2019 16:54,datasets/dataset_cropped/10_Metas/16/16/20191016165400_00160.jpg,datasets_flow/dataset_cropped/10_Metas/16/16/20191016165400_00160.jpg,datasets_cloudmask/dataset_cropped/10_Metas/16/16/20191016165400_00160.png,277.4,723.3,51.6,22.5,961
10/16/2019 16:55,datasets/dataset_cropped/10_Metas/16/16/20191016165500_00160.jpg,datasets_flow/dataset_cropped/10_Metas/16/16/20191016165500_00160.jpg,datasets_cloudmask/dataset_cropped/10_Metas/16/16/20191016165500_00160.png,274.1,720.6,51.4,22.5,961
10/16/2019 16:56,datasets/dataset_cropped/10_Metas/16/16/20191016165600_00160.jpg,datasets_flow/dataset_cropped/10_Metas/16/16/20191016165600_00160.jpg,datasets_cloudmask/dataset_cropped/10_Metas/16/16/20191016165600_00160.png,270.6,717.3,51.2,22.5,961
10/16/2019 16:57,datasets/dataset_cropped/10_Metas/16/16/20191016165700_00160.jpg,datasets_flow/dataset_cropped/10_Metas/16/16/20191016165700_00160.jpg,datasets_cloudmask/dataset_cropped/10_Metas/16/16/20191016165700_00160.png,267,714.1,50.6,22.5,961
10/16/2019 16:58,datasets/dataset_cropped/10_Metas/16/16/20191016165800_00160.jpg,datasets_flow/dataset_cropped/10_Metas/16/16/20191016165800_00160.jpg,datasets_cloudmask/dataset_cropped/10_Metas/16/16/20191016165800_00160.png,263.6,711,50.3,22.4,961
10/16/2019 16:59,datasets/dataset_cropped/10_Metas/16/16/20191016165900_00160.jpg,datasets_flow/dataset_cropped/10_Metas/16/16/20191016165900_00160.jpg,datasets_cloudmask/dataset_cropped/10_Metas/16/16/20191016165900_00160.png,260.4,708.2,50,22.4,961
10/16/2019 17:00,datasets/dataset_cropped/10_Metas/16/17/20191016170000_00160.jpg,datasets_flow/dataset_cropped/10_Metas/16/17/20191016170000_00160.jpg,datasets_cloudmask/dataset_cropped/10_Metas/16/17/20191016170000_00160.png,257.4,705.7,49.9,22.4,961
10/16/2019 17:01,datasets/dataset_cropped/10_Metas/16/17/20191016170100_00160.jpg,datasets_flow/dataset_cropped/10_Metas/16/17/20191016170100_00160.jpg,datasets_cloudmask/dataset_cropped/10_Metas/16/17/20191016170100_00160.png,253.9,702.2,49.5,22.3,961
10/16/2019 17:02,datasets/dataset_cropped/10_Metas/16/17/20191016170200_00160.jpg,datasets_flow/dataset_cropped/10_Metas/16/17/20191016170200_00160.jpg,datasets_cloudmask/dataset_cropped/10_Metas/16/17/20191016170200_00160.png,250.5,698.1,49.3,22.3,961
10/16/2019 17:03,datasets/dataset_cropped/10_Metas/16/17/20191016170300_00160.jpg,datasets_flow/dataset_cropped/10_Metas/16/17/20191016170300_00160.jpg,datasets_cloudmask/dataset_cropped/10_Metas/16/17/20191016170300_00160.png,247.2,694.9,49.1,22.4,961
10/16/2019 17:04,datasets/dataset_cropped/10_Metas/16/17/20191016170400_00160.jpg,datasets_flow/dataset_cropped/10_Metas/16/17/20191016170400_00160.jpg,datasets_cloudmask/dataset_cropped/10_Metas/16/17/20191016170400_00160.png,243.9,691.7,48.9,22.3,961
10/16/2019 17:05,datasets/dataset_cropped/10_Metas/16/17/20191016170500_00160.jpg,datasets_flow/dataset_cropped/10_Metas/16/17/20191016170500_00160.jpg,datasets_cloudmask/dataset_cropped/10_Metas/16/17/20191016170500_00160.png,240.5,687.3,48.7,22.1,961
10/16/2019 17:06,datasets/dataset_cropped/10_Metas/16/17/20191016170600_00160.jpg,datasets_flow/dataset_cropped/10_Metas/16/17/20191016170600_00160.jpg,datasets_cloudmask/dataset_cropped/10_Metas/16/17/20191016170600_00160.png,237.1,683.5,48.5,22.3,961
10/16/2019 17:07,datasets/dataset_cropped/10_Metas/16/17/20191016170700_00160.jpg,datasets_flow/dataset_cropped/10_Metas/16/17/20191016170700_00160.jpg,datasets_cloudmask/dataset_cropped/10_Metas/16/17/20191016170700_00160.png,233.8,680.7,48,22.3,961
10/16/2019 17:08,datasets/dataset_cropped/10_Metas/16/17/20191016170800_00160.jpg,datasets_flow/dataset_cropped/10_Metas/16/17/20191016170800_00160.jpg,datasets_cloudmask/dataset_cropped/10_Metas/16/17/20191016170800_00160.png,230.4,676.6,47.8,22.3,961
10/16/2019 17:09,datasets/dataset_cropped/10_Metas/16/17/20191016170900_00160.jpg,datasets_flow/dataset_cropped/10_Metas/16/17/20191016170900_00160.jpg,datasets_cloudmask/dataset_cropped/10_Metas/16/17/20191016170900_00160.png,227.1,672.8,47.7,22.3,961
10/16/2019 17:10,datasets/dataset_cropped/10_Metas/16/17/20191016171000_00160.jpg,datasets_flow/dataset_cropped/10_Metas/16/17/20191016171000_00160.jpg,datasets_cloudmask/dataset_cropped/10_Metas/16/17/20191016171000_00160.png,223.9,669.2,47.6,22.2,961
10/16/2019 17:11,datasets/dataset_cropped/10_Metas/16/17/20191016171100_00160.jpg,datasets_flow/dataset_cropped/10_Metas/16/17/20191016171100_00160.jpg,datasets_cloudmask/dataset_cropped/10_Metas/16/17/20191016171100_00160.png,220.7,666.4,47.2,22.2,961
10/16/2019 17:12,datasets/dataset_cropped/10_Metas/16/17/20191016171200_00160.jpg,datasets_flow/dataset_cropped/10_Metas/16/17/20191016171200_00160.jpg,datasets_cloudmask/dataset_cropped/10_Metas/16/17/20191016171200_00160.png,217.1,662.2,46.6,22.2,961
10/16/2019 17:13,datasets/dataset_cropped/10_Metas/16/17/20191016171300_00160.jpg,datasets_flow/dataset_cropped/10_Metas/16/17/20191016171300_00160.jpg,datasets_cloudmask/dataset_cropped/10_Metas/16/17/20191016171300_00160.png,213.7,657.6,46.3,22.1,961
10/16/2019 17:14,datasets/dataset_cropped/10_Metas/16/17/20191016171400_00160.jpg,datasets_flow/dataset_cropped/10_Metas/16/17/20191016171400_00160.jpg,datasets_cloudmask/dataset_cropped/10_Metas/16/17/20191016171400_00160.png,210.5,653.5,46.1,22,961
10/16/2019 17:15,datasets/dataset_cropped/10_Metas/16/17/20191016171500_00160.jpg,datasets_flow/dataset_cropped/10_Metas/16/17/20191016171500_00160.jpg,datasets_cloudmask/dataset_cropped/10_Metas/16/17/20191016171500_00160.png,207,648.7,45.9,22.1,961
10/16/2019 17:16,datasets/dataset_cropped/10_Metas/16/17/20191016171600_00160.jpg,datasets_flow/dataset_cropped/10_Metas/16/17/20191016171600_00160.jpg,datasets_cloudmask/dataset_cropped/10_Metas/16/17/20191016171600_00160.png,203.5,644.1,45.6,22,961
10/16/2019 17:17,datasets/dataset_cropped/10_Metas/16/17/20191016171700_00160.jpg,datasets_flow/dataset_cropped/10_Metas/16/17/20191016171700_00160.jpg,datasets_cloudmask/dataset_cropped/10_Metas/16/17/20191016171700_00160.png,199.7,638.7,45,21.8,961
10/16/2019 17:18,datasets/dataset_cropped/10_Metas/16/17/20191016171800_00160.jpg,datasets_flow/dataset_cropped/10_Metas/16/17/20191016171800_00160.jpg,datasets_cloudmask/dataset_cropped/10_Metas/16/17/20191016171800_00160.png,196.4,633.6,44.8,21.7,961
10/16/2019 17:19,datasets/dataset_cropped/10_Metas/16/17/20191016171900_00160.jpg,datasets_flow/dataset_cropped/10_Metas/16/17/20191016171900_00160.jpg,datasets_cloudmask/dataset_cropped/10_Metas/16/17/20191016171900_00160.png,193,629.3,44.4,21.8,961
10/16/2019 17:20,datasets/dataset_cropped/10_Metas/16/17/20191016172000_00160.jpg,datasets_flow/dataset_cropped/10_Metas/16/17/20191016172000_00160.jpg,datasets_cloudmask/dataset_cropped/10_Metas/16/17/20191016172000_00160.png,189.6,624.4,44.1,21.8,961
10/16/2019 17:21,datasets/dataset_cropped/10_Metas/16/17/20191016172100_00160.jpg,datasets_flow/dataset_cropped/10_Metas/16/17/20191016172100_00160.jpg,datasets_cloudmask/dataset_cropped/10_Metas/16/17/20191016172100_00160.png,186.3,619.8,43.9,21.8,961
10/16/2019 17:22,datasets/dataset_cropped/10_Metas/16/17/20191016172200_00160.jpg,datasets_flow/dataset_cropped/10_Metas/16/17/20191016172200_00160.jpg,datasets_cloudmask/dataset_cropped/10_Metas/16/17/20191016172200_00160.png,183.2,615.6,43.7,21.7,961
10/16/2019 17:23,datasets/dataset_cropped/10_Metas/16/17/20191016172300_00160.jpg,datasets_flow/dataset_cropped/10_Metas/16/17/20191016172300_00160.jpg,datasets_cloudmask/dataset_cropped/10_Metas/16/17/20191016172300_00160.png,179.8,611.1,43.2,21.6,961
10/16/2019 17:24,datasets/dataset_cropped/10_Metas/16/17/20191016172400_00160.jpg,datasets_flow/dataset_cropped/10_Metas/16/17/20191016172400_00160.jpg,datasets_cloudmask/dataset_cropped/10_Metas/16/17/20191016172400_00160.png,176.4,606.2,42.8,21.6,961
10/16/2019 17:25,datasets/dataset_cropped/10_Metas/16/17/20191016172500_00160.jpg,datasets_flow/dataset_cropped/10_Metas/16/17/20191016172500_00160.jpg,datasets_cloudmask/dataset_cropped/10_Metas/16/17/20191016172500_00160.png,173,601.1,42.4,21.7,961
10/16/2019 17:26,datasets/dataset_cropped/10_Metas/16/17/20191016172600_00160.jpg,datasets_flow/dataset_cropped/10_Metas/16/17/20191016172600_00160.jpg,datasets_cloudmask/dataset_cropped/10_Metas/16/17/20191016172600_00160.png,169.9,596.3,42.2,21.6,961
10/16/2019 17:27,datasets/dataset_cropped/10_Metas/16/17/20191016172700_00160.jpg,datasets_flow/dataset_cropped/10_Metas/16/17/20191016172700_00160.jpg,datasets_cloudmask/dataset_cropped/10_Metas/16/17/20191016172700_00160.png,166.5,591,41.7,21.4,961
10/16/2019 17:28,datasets/dataset_cropped/10_Metas/16/17/20191016172800_00160.jpg,datasets_flow/dataset_cropped/10_Metas/16/17/20191016172800_00160.jpg,datasets_cloudmask/dataset_cropped/10_Metas/16/17/20191016172800_00160.png,163,585.3,41.3,21.4,961
10/16/2019 17:29,datasets/dataset_cropped/10_Metas/16/17/20191016172900_00160.jpg,datasets_flow/dataset_cropped/10_Metas/16/17/20191016172900_00160.jpg,datasets_cloudmask/dataset_cropped/10_Metas/16/17/20191016172900_00160.png,159.6,579.7,40.9,21.3,961
10/16/2019 17:30,datasets/dataset_cropped/10_Metas/16/17/20191016173000_00160.jpg,datasets_flow/dataset_cropped/10_Metas/16/17/20191016173000_00160.jpg,datasets_cloudmask/dataset_cropped/10_Metas/16/17/20191016173000_00160.png,156.1,573.3,40.5,21.3,961
10/16/2019 17:31,datasets/dataset_cropped/10_Metas/16/17/20191016173100_00160.jpg,datasets_flow/dataset_cropped/10_Metas/16/17/20191016173100_00160.jpg,datasets_cloudmask/dataset_cropped/10_Metas/16/17/20191016173100_00160.png,152.7,567.7,40,21.3,961
10/16/2019 17:32,datasets/dataset_cropped/10_Metas/16/17/20191016173200_00160.jpg,datasets_flow/dataset_cropped/10_Metas/16/17/20191016173200_00160.jpg,datasets_cloudmask/dataset_cropped/10_Metas/16/17/20191016173200_00160.png,149.3,561.5,39.6,21.3,961
10/16/2019 17:33,datasets/dataset_cropped/10_Metas/16/17/20191016173300_00160.jpg,datasets_flow/dataset_cropped/10_Metas/16/17/20191016173300_00160.jpg,datasets_cloudmask/dataset_cropped/10_Metas/16/17/20191016173300_00160.png,146,555.5,39.2,21.3,961
10/16/2019 17:34,datasets/dataset_cropped/10_Metas/16/17/20191016173400_00160.jpg,datasets_flow/dataset_cropped/10_Metas/16/17/20191016173400_00160.jpg,datasets_cloudmask/dataset_cropped/10_Metas/16/17/20191016173400_00160.png,142.7,549.6,38.7,21.2,961
10/16/2019 17:35,datasets/dataset_cropped/10_Metas/16/17/20191016173500_00160.jpg,datasets_flow/dataset_cropped/10_Metas/16/17/20191016173500_00160.jpg,datasets_cloudmask/dataset_cropped/10_Metas/16/17/20191016173500_00160.png,139.4,542.9,38.4,21.2,961
10/16/2019 17:36,datasets/dataset_cropped/10_Metas/16/17/20191016173600_00160.jpg,datasets_flow/dataset_cropped/10_Metas/16/17/20191016173600_00160.jpg,datasets_cloudmask/dataset_cropped/10_Metas/16/17/20191016173600_00160.png,136.2,536.8,38,21,961
10/16/2019 17:37,datasets/dataset_cropped/10_Metas/16/17/20191016173700_00160.jpg,datasets_flow/dataset_cropped/10_Metas/16/17/20191016173700_00160.jpg,datasets_cloudmask/dataset_cropped/10_Metas/16/17/20191016173700_00160.png,132.9,530.8,37.6,20.8,961
10/16/2019 17:38,datasets/dataset_cropped/10_Metas/16/17/20191016173800_00160.jpg,datasets_flow/dataset_cropped/10_Metas/16/17/20191016173800_00160.jpg,datasets_cloudmask/dataset_cropped/10_Metas/16/17/20191016173800_00160.png,129.7,524.3,37.2,20.6,961
10/16/2019 17:39,datasets/dataset_cropped/10_Metas/16/17/20191016173900_00160.jpg,datasets_flow/dataset_cropped/10_Metas/16/17/20191016173900_00160.jpg,datasets_cloudmask/dataset_cropped/10_Metas/16/17/20191016173900_00160.png,126.6,519.1,36.8,20.6,961
10/16/2019 17:40,datasets/dataset_cropped/10_Metas/16/17/20191016174000_00160.jpg,datasets_flow/dataset_cropped/10_Metas/16/17/20191016174000_00160.jpg,datasets_cloudmask/dataset_cropped/10_Metas/16/17/20191016174000_00160.png,123.4,512.9,36.4,20.6,961
10/16/2019 17:41,datasets/dataset_cropped/10_Metas/16/17/20191016174100_00160.jpg,datasets_flow/dataset_cropped/10_Metas/16/17/20191016174100_00160.jpg,datasets_cloudmask/dataset_cropped/10_Metas/16/17/20191016174100_00160.png,120.4,508.1,35.9,20.6,961
10/16/2019 17:42,datasets/dataset_cropped/10_Metas/16/17/20191016174200_00160.jpg,datasets_flow/dataset_cropped/10_Metas/16/17/20191016174200_00160.jpg,datasets_cloudmask/dataset_cropped/10_Metas/16/17/20191016174200_00160.png,117.2,502.1,35.3,20.5,961
10/16/2019 17:43,datasets/dataset_cropped/10_Metas/16/17/20191016174300_00160.jpg,datasets_flow/dataset_cropped/10_Metas/16/17/20191016174300_00160.jpg,datasets_cloudmask/dataset_cropped/10_Metas/16/17/20191016174300_00160.png,113.9,495.1,34.7,20.5,961
10/16/2019 17:44,datasets/dataset_cropped/10_Metas/16/17/20191016174400_00160.jpg,datasets_flow/dataset_cropped/10_Metas/16/17/20191016174400_00160.jpg,datasets_cloudmask/dataset_cropped/10_Metas/16/17/20191016174400_00160.png,110.9,488.9,34.3,20.5,961
10/16/2019 17:45,datasets/dataset_cropped/10_Metas/16/17/20191016174500_00160.jpg,datasets_flow/dataset_cropped/10_Metas/16/17/20191016174500_00160.jpg,datasets_cloudmask/dataset_cropped/10_Metas/16/17/20191016174500_00160.png,107.8,482.2,33.9,20.4,961
10/16/2019 17:46,datasets/dataset_cropped/10_Metas/16/17/20191016174600_00160.jpg,datasets_flow/dataset_cropped/10_Metas/16/17/20191016174600_00160.jpg,datasets_cloudmask/dataset_cropped/10_Metas/16/17/20191016174600_00160.png,104.6,474.9,33.4,20.4,961
10/16/2019 17:47,datasets/dataset_cropped/10_Metas/16/17/20191016174700_00160.jpg,datasets_flow/dataset_cropped/10_Metas/16/17/20191016174700_00160.jpg,datasets_cloudmask/dataset_cropped/10_Metas/16/17/20191016174700_00160.png,101.5,467.6,32.9,20.4,961
10/16/2019 17:48,datasets/dataset_cropped/10_Metas/16/17/20191016174800_00160.jpg,datasets_flow/dataset_cropped/10_Metas/16/17/20191016174800_00160.jpg,datasets_cloudmask/dataset_cropped/10_Metas/16/17/20191016174800_00160.png,98.5,461.3,32.5,20.4,961
10/16/2019 17:49,datasets/dataset_cropped/10_Metas/16/17/20191016174900_00160.jpg,datasets_flow/dataset_cropped/10_Metas/16/17/20191016174900_00160.jpg,datasets_cloudmask/dataset_cropped/10_Metas/16/17/20191016174900_00160.png,95.4,454.7,31.9,20.3,961
10/16/2019 17:50,datasets/dataset_cropped/10_Metas/16/17/20191016175000_00160.jpg,datasets_flow/dataset_cropped/10_Metas/16/17/20191016175000_00160.jpg,datasets_cloudmask/dataset_cropped/10_Metas/16/17/20191016175000_00160.png,92.4,447.7,31.4,20.3,961
10/16/2019 17:51,datasets/dataset_cropped/10_Metas/16/17/20191016175100_00160.jpg,datasets_flow/dataset_cropped/10_Metas/16/17/20191016175100_00160.jpg,datasets_cloudmask/dataset_cropped/10_Metas/16/17/20191016175100_00160.png,89.3,440.3,30.8,20.4,961
10/16/2019 17:52,datasets/dataset_cropped/10_Metas/16/17/20191016175200_00160.jpg,datasets_flow/dataset_cropped/10_Metas/16/17/20191016175200_00160.jpg,datasets_cloudmask/dataset_cropped/10_Metas/16/17/20191016175200_00160.png,86.2,431.5,30.2,20.3,961
10/16/2019 17:53,datasets/dataset_cropped/10_Metas/16/17/20191016175300_00160.jpg,datasets_flow/dataset_cropped/10_Metas/16/17/20191016175300_00160.jpg,datasets_cloudmask/dataset_cropped/10_Metas/16/17/20191016175300_00160.png,83,422.6,29.6,20.3,961
10/16/2019 17:54,datasets/dataset_cropped/10_Metas/16/17/20191016175400_00160.jpg,datasets_flow/dataset_cropped/10_Metas/16/17/20191016175400_00160.jpg,datasets_cloudmask/dataset_cropped/10_Metas/16/17/20191016175400_00160.png,80,415.1,28.9,20.2,961
10/16/2019 17:55,datasets/dataset_cropped/10_Metas/16/17/20191016175500_00160.jpg,datasets_flow/dataset_cropped/10_Metas/16/17/20191016175500_00160.jpg,datasets_cloudmask/dataset_cropped/10_Metas/16/17/20191016175500_00160.png,77.2,408,28.4,20.2,961
10/16/2019 17:56,datasets/dataset_cropped/10_Metas/16/17/20191016175600_00160.jpg,datasets_flow/dataset_cropped/10_Metas/16/17/20191016175600_00160.jpg,datasets_cloudmask/dataset_cropped/10_Metas/16/17/20191016175600_00160.png,74.4,400.3,27.8,20.2,961
10/16/2019 17:57,datasets/dataset_cropped/10_Metas/16/17/20191016175700_00160.jpg,datasets_flow/dataset_cropped/10_Metas/16/17/20191016175700_00160.jpg,datasets_cloudmask/dataset_cropped/10_Metas/16/17/20191016175700_00160.png,71.6,393,27.2,20.1,961
10/16/2019 17:58,datasets/dataset_cropped/10_Metas/16/17/20191016175800_00160.jpg,datasets_flow/dataset_cropped/10_Metas/16/17/20191016175800_00160.jpg,datasets_cloudmask/dataset_cropped/10_Metas/16/17/20191016175800_00160.png,68.6,384.4,26.6,20.1,961
10/16/2019 17:59,datasets/dataset_cropped/10_Metas/16/17/20191016175900_00160.jpg,datasets_flow/dataset_cropped/10_Metas/16/17/20191016175900_00160.jpg,datasets_cloudmask/dataset_cropped/10_Metas/16/17/20191016175900_00160.png,65.7,375.2,25.9,20.1,961
10/16/2019 18:00,datasets/dataset_cropped/10_Metas/16/18/20191016180000_00160.jpg,datasets_flow/dataset_cropped/10_Metas/16/18/20191016180000_00160.jpg,datasets_cloudmask/dataset_cropped/10_Metas/16/18/20191016180000_00160.png,62.9,366.6,25.2,20,961
10/16/2019 18:01,datasets/dataset_cropped/10_Metas/16/18/20191016180100_00160.jpg,datasets_flow/dataset_cropped/10_Metas/16/18/20191016180100_00160.jpg,datasets_cloudmask/dataset_cropped/10_Metas/16/18/20191016180100_00160.png,60,357.4,24.5,20,961
10/16/2019 18:02,datasets/dataset_cropped/10_Metas/16/18/20191016180200_00160.jpg,datasets_flow/dataset_cropped/10_Metas/16/18/20191016180200_00160.jpg,datasets_cloudmask/dataset_cropped/10_Metas/16/18/20191016180200_00160.png,57.4,348.5,23.9,19.9,961
10/16/2019 18:03,datasets/dataset_cropped/10_Metas/16/18/20191016180300_00160.jpg,datasets_flow/dataset_cropped/10_Metas/16/18/20191016180300_00160.jpg,datasets_cloudmask/dataset_cropped/10_Metas/16/18/20191016180300_00160.png,54.7,339.9,23.3,19.9,961
10/16/2019 18:04,datasets/dataset_cropped/10_Metas/16/18/20191016180400_00160.jpg,datasets_flow/dataset_cropped/10_Metas/16/18/20191016180400_00160.jpg,datasets_cloudmask/dataset_cropped/10_Metas/16/18/20191016180400_00160.png,52.1,330.9,22.6,19.9,961
10/16/2019 18:05,datasets/dataset_cropped/10_Metas/16/18/20191016180500_00160.jpg,datasets_flow/dataset_cropped/10_Metas/16/18/20191016180500_00160.jpg,datasets_cloudmask/dataset_cropped/10_Metas/16/18/20191016180500_00160.png,49.4,320.9,21.9,19.9,961
10/16/2019 18:06,datasets/dataset_cropped/10_Metas/16/18/20191016180600_00160.jpg,datasets_flow/dataset_cropped/10_Metas/16/18/20191016180600_00160.jpg,datasets_cloudmask/dataset_cropped/10_Metas/16/18/20191016180600_00160.png,46.7,309.8,21.2,19.8,961
10/16/2019 18:07,datasets/dataset_cropped/10_Metas/16/18/20191016180700_00160.jpg,datasets_flow/dataset_cropped/10_Metas/16/18/20191016180700_00160.jpg,datasets_cloudmask/dataset_cropped/10_Metas/16/18/20191016180700_00160.png,44.1,299,20.5,19.8,961
10/16/2019 18:08,datasets/dataset_cropped/10_Metas/16/18/20191016180800_00160.jpg,datasets_flow/dataset_cropped/10_Metas/16/18/20191016180800_00160.jpg,datasets_cloudmask/dataset_cropped/10_Metas/16/18/20191016180800_00160.png,41.5,287.7,19.8,19.8,961
10/16/2019 18:09,datasets/dataset_cropped/10_Metas/16/18/20191016180900_00160.jpg,datasets_flow/dataset_cropped/10_Metas/16/18/20191016180900_00160.jpg,datasets_cloudmask/dataset_cropped/10_Metas/16/18/20191016180900_00160.png,39.1,276.6,19.1,19.7,961
10/16/2019 18:10,datasets/dataset_cropped/10_Metas/16/18/20191016181000_00160.jpg,datasets_flow/dataset_cropped/10_Metas/16/18/20191016181000_00160.jpg,datasets_cloudmask/dataset_cropped/10_Metas/16/18/20191016181000_00160.png,36.7,264.2,18.4,19.7,961
10/16/2019 18:11,datasets/dataset_cropped/10_Metas/16/18/20191016181100_00160.jpg,datasets_flow/dataset_cropped/10_Metas/16/18/20191016181100_00160.jpg,datasets_cloudmask/dataset_cropped/10_Metas/16/18/20191016181100_00160.png,34.4,254.4,17.7,19.6,961
10/16/2019 18:12,datasets/dataset_cropped/10_Metas/16/18/20191016181200_00160.jpg,datasets_flow/dataset_cropped/10_Metas/16/18/20191016181200_00160.jpg,datasets_cloudmask/dataset_cropped/10_Metas/16/18/20191016181200_00160.png,32.1,242.6,16.9,19.6,961
10/16/2019 18:13,datasets/dataset_cropped/10_Metas/16/18/20191016181300_00160.jpg,datasets_flow/dataset_cropped/10_Metas/16/18/20191016181300_00160.jpg,datasets_cloudmask/dataset_cropped/10_Metas/16/18/20191016181300_00160.png,29.9,230.9,16.2,19.6,961
10/16/2019 18:14,datasets/dataset_cropped/10_Metas/16/18/20191016181400_00160.jpg,datasets_flow/dataset_cropped/10_Metas/16/18/20191016181400_00160.jpg,datasets_cloudmask/dataset_cropped/10_Metas/16/18/20191016181400_00160.png,27.7,216.9,15.4,19.6,961
10/16/2019 18:15,datasets/dataset_cropped/10_Metas/16/18/20191016181500_00160.jpg,datasets_flow/dataset_cropped/10_Metas/16/18/20191016181500_00160.jpg,datasets_cloudmask/dataset_cropped/10_Metas/16/18/20191016181500_00160.png,25.4,201.3,14.7,19.5,961
10/16/2019 18:16,datasets/dataset_cropped/10_Metas/16/18/20191016181600_00160.jpg,datasets_flow/dataset_cropped/10_Metas/16/18/20191016181600_00160.jpg,datasets_cloudmask/dataset_cropped/10_Metas/16/18/20191016181600_00160.png,23.2,184.2,13.9,19.5,961
10/16/2019 18:17,datasets/dataset_cropped/10_Metas/16/18/20191016181700_00160.jpg,datasets_flow/dataset_cropped/10_Metas/16/18/20191016181700_00160.jpg,datasets_cloudmask/dataset_cropped/10_Metas/16/18/20191016181700_00160.png,21.2,168.1,13.2,19.5,961
10/16/2019 18:18,datasets/dataset_cropped/10_Metas/16/18/20191016181800_00160.jpg,datasets_flow/dataset_cropped/10_Metas/16/18/20191016181800_00160.jpg,datasets_cloudmask/dataset_cropped/10_Metas/16/18/20191016181800_00160.png,19.2,151.9,12.4,19.4,961
10/16/2019 18:19,datasets/dataset_cropped/10_Metas/16/18/20191016181900_00160.jpg,datasets_flow/dataset_cropped/10_Metas/16/18/20191016181900_00160.jpg,datasets_cloudmask/dataset_cropped/10_Metas/16/18/20191016181900_00160.png,17.4,137.9,11.6,19.4,961
10/16/2019 18:20,datasets/dataset_cropped/10_Metas/16/18/20191016182000_00160.jpg,datasets_flow/dataset_cropped/10_Metas/16/18/20191016182000_00160.jpg,datasets_cloudmask/dataset_cropped/10_Metas/16/18/20191016182000_00160.png,15.7,122.5,10.9,19.3,961
10/16/2019 18:21,datasets/dataset_cropped/10_Metas/16/18/20191016182100_00160.jpg,datasets_flow/dataset_cropped/10_Metas/16/18/20191016182100_00160.jpg,datasets_cloudmask/dataset_cropped/10_Metas/16/18/20191016182100_00160.png,14,104.1,10.1,19.2,961
10/16/2019 18:22,datasets/dataset_cropped/10_Metas/16/18/20191016182200_00160.jpg,datasets_flow/dataset_cropped/10_Metas/16/18/20191016182200_00160.jpg,datasets_cloudmask/dataset_cropped/10_Metas/16/18/20191016182200_00160.png,12.4,87.8,9.3,19.2,961
10/16/2019 18:23,datasets/dataset_cropped/10_Metas/16/18/20191016182300_00160.jpg,datasets_flow/dataset_cropped/10_Metas/16/18/20191016182300_00160.jpg,datasets_cloudmask/dataset_cropped/10_Metas/16/18/20191016182300_00160.png,10.6,60.4,8.6,19.2,961
10/16/2019 18:24,datasets/dataset_cropped/10_Metas/16/18/20191016182400_00160.jpg,datasets_flow/dataset_cropped/10_Metas/16/18/20191016182400_00160.jpg,datasets_cloudmask/dataset_cropped/10_Metas/16/18/20191016182400_00160.png,8.6,18.8,7.8,19.1,961
10/16/2019 18:25,datasets/dataset_cropped/10_Metas/16/18/20191016182500_00160.jpg,datasets_flow/dataset_cropped/10_Metas/16/18/20191016182500_00160.jpg,datasets_cloudmask/dataset_cropped/10_Metas/16/18/20191016182500_00160.png,7.3,0.6,7,19.1,961
10/16/2019 18:26,datasets/dataset_cropped/10_Metas/16/18/20191016182600_00160.jpg,datasets_flow/dataset_cropped/10_Metas/16/18/20191016182600_00160.jpg,datasets_cloudmask/dataset_cropped/10_Metas/16/18/20191016182600_00160.png,6.5,0,6.2,19,961
10/16/2019 18:27,datasets/dataset_cropped/10_Metas/16/18/20191016182700_00160.jpg,datasets_flow/dataset_cropped/10_Metas/16/18/20191016182700_00160.jpg,datasets_cloudmask/dataset_cropped/10_Metas/16/18/20191016182700_00160.png,5.8,0,5.5,18.9,961
10/16/2019 18:28,datasets/dataset_cropped/10_Metas/16/18/20191016182800_00160.jpg,datasets_flow/dataset_cropped/10_Metas/16/18/20191016182800_00160.jpg,datasets_cloudmask/dataset_cropped/10_Metas/16/18/20191016182800_00160.png,5.1,0,4.8,18.9,961
10/16/2019 18:29,datasets/dataset_cropped/10_Metas/16/18/20191016182900_00160.jpg,datasets_flow/dataset_cropped/10_Metas/16/18/20191016182900_00160.jpg,datasets_cloudmask/dataset_cropped/10_Metas/16/18/20191016182900_00160.png,4.4,0,4.2,18.9,961
10/16/2019 18:30,datasets/dataset_cropped/10_Metas/16/18/20191016183000_00160.jpg,datasets_flow/dataset_cropped/10_Metas/16/18/20191016183000_00160.jpg,datasets_cloudmask/dataset_cropped/10_Metas/16/18/20191016183000_00160.png,3.8,0,3.5,18.8,961
10/17/2019 7:20,datasets/dataset_cropped/10_Metas/17/07/20191017072030_00160.jpg,datasets_flow/dataset_cropped/10_Metas/17/07/20191017072030_00160.jpg,datasets_cloudmask/dataset_cropped/10_Metas/17/07/20191017072030_00160.png,4.6,0,4.3,9.5,962
10/17/2019 7:21,datasets/dataset_cropped/10_Metas/17/07/20191017072100_00160.jpg,datasets_flow/dataset_cropped/10_Metas/17/07/20191017072100_00160.jpg,datasets_cloudmask/dataset_cropped/10_Metas/17/07/20191017072100_00160.png,4.6,0,4.3,9.5,962
10/17/2019 7:22,datasets/dataset_cropped/10_Metas/17/07/20191017072200_00160.jpg,datasets_flow/dataset_cropped/10_Metas/17/07/20191017072200_00160.jpg,datasets_cloudmask/dataset_cropped/10_Metas/17/07/20191017072200_00160.png,5.3,0,5,9.5,962
10/17/2019 7:23,datasets/dataset_cropped/10_Metas/17/07/20191017072300_00160.jpg,datasets_flow/dataset_cropped/10_Metas/17/07/20191017072300_00160.jpg,datasets_cloudmask/dataset_cropped/10_Metas/17/07/20191017072300_00160.png,6,1.4,5.7,9.5,961
10/17/2019 7:24,datasets/dataset_cropped/10_Metas/17/07/20191017072400_00160.jpg,datasets_flow/dataset_cropped/10_Metas/17/07/20191017072400_00160.jpg,datasets_cloudmask/dataset_cropped/10_Metas/17/07/20191017072400_00160.png,7,25.6,6.4,9.6,961
10/17/2019 7:25,datasets/dataset_cropped/10_Metas/17/07/20191017072500_00160.jpg,datasets_flow/dataset_cropped/10_Metas/17/07/20191017072500_00160.jpg,datasets_cloudmask/dataset_cropped/10_Metas/17/07/20191017072500_00160.png,8.6,71,7.1,9.8,962
10/17/2019 7:26,datasets/dataset_cropped/10_Metas/17/07/20191017072600_00160.jpg,datasets_flow/dataset_cropped/10_Metas/17/07/20191017072600_00160.jpg,datasets_cloudmask/dataset_cropped/10_Metas/17/07/20191017072600_00160.png,10,99.8,7.8,9.9,962
10/17/2019 7:27,datasets/dataset_cropped/10_Metas/17/07/20191017072700_00160.jpg,datasets_flow/dataset_cropped/10_Metas/17/07/20191017072700_00160.jpg,datasets_cloudmask/dataset_cropped/10_Metas/17/07/20191017072700_00160.png,11.4,115.8,8.6,10,962
10/17/2019 7:28,datasets/dataset_cropped/10_Metas/17/07/20191017072800_00160.jpg,datasets_flow/dataset_cropped/10_Metas/17/07/20191017072800_00160.jpg,datasets_cloudmask/dataset_cropped/10_Metas/17/07/20191017072800_00160.png,12.9,133.1,9.2,9.9,962
10/17/2019 7:29,datasets/dataset_cropped/10_Metas/17/07/20191017072900_00160.jpg,datasets_flow/dataset_cropped/10_Metas/17/07/20191017072900_00160.jpg,datasets_cloudmask/dataset_cropped/10_Metas/17/07/20191017072900_00160.png,14.5,150.9,9.9,9.9,962
10/17/2019 7:30,datasets/dataset_cropped/10_Metas/17/07/20191017073000_00160.jpg,datasets_flow/dataset_cropped/10_Metas/17/07/20191017073000_00160.jpg,datasets_cloudmask/dataset_cropped/10_Metas/17/07/20191017073000_00160.png,16.2,164.9,10.8,10,961
10/17/2019 7:31,datasets/dataset_cropped/10_Metas/17/07/20191017073100_00160.jpg,datasets_flow/dataset_cropped/10_Metas/17/07/20191017073100_00160.jpg,datasets_cloudmask/dataset_cropped/10_Metas/17/07/20191017073100_00160.png,17.9,179.3,11.5,10.1,962
10/17/2019 7:32,datasets/dataset_cropped/10_Metas/17/07/20191017073200_00160.jpg,datasets_flow/dataset_cropped/10_Metas/17/07/20191017073200_00160.jpg,datasets_cloudmask/dataset_cropped/10_Metas/17/07/20191017073200_00160.png,19.8,195.2,12.4,10.1,961
10/17/2019 7:33,datasets/dataset_cropped/10_Metas/17/07/20191017073300_00160.jpg,datasets_flow/dataset_cropped/10_Metas/17/07/20191017073300_00160.jpg,datasets_cloudmask/dataset_cropped/10_Metas/17/07/20191017073300_00160.png,21.7,209.7,13.2,10,962
10/17/2019 7:34,datasets/dataset_cropped/10_Metas/17/07/20191017073400_00160.jpg,datasets_flow/dataset_cropped/10_Metas/17/07/20191017073400_00160.jpg,datasets_cloudmask/dataset_cropped/10_Metas/17/07/20191017073400_00160.png,23.6,221.2,14,10.1,962
10/17/2019 7:35,datasets/dataset_cropped/10_Metas/17/07/20191017073500_00160.jpg,datasets_flow/dataset_cropped/10_Metas/17/07/20191017073500_00160.jpg,datasets_cloudmask/dataset_cropped/10_Metas/17/07/20191017073500_00160.png,25.5,235,14.6,10.3,962
10/17/2019 7:36,datasets/dataset_cropped/10_Metas/17/07/20191017073600_00160.jpg,datasets_flow/dataset_cropped/10_Metas/17/07/20191017073600_00160.jpg,datasets_cloudmask/dataset_cropped/10_Metas/17/07/20191017073600_00160.png,27.5,250.1,14.9,10.5,962
10/17/2019 7:37,datasets/dataset_cropped/10_Metas/17/07/20191017073700_00160.jpg,datasets_flow/dataset_cropped/10_Metas/17/07/20191017073700_00160.jpg,datasets_cloudmask/dataset_cropped/10_Metas/17/07/20191017073700_00160.png,29.7,261.5,15.8,10.6,962
10/17/2019 7:38,datasets/dataset_cropped/10_Metas/17/07/20191017073800_00160.jpg,datasets_flow/dataset_cropped/10_Metas/17/07/20191017073800_00160.jpg,datasets_cloudmask/dataset_cropped/10_Metas/17/07/20191017073800_00160.png,32.1,274.6,16.5,10.7,962
10/17/2019 7:39,datasets/dataset_cropped/10_Metas/17/07/20191017073900_00160.jpg,datasets_flow/dataset_cropped/10_Metas/17/07/20191017073900_00160.jpg,datasets_cloudmask/dataset_cropped/10_Metas/17/07/20191017073900_00160.png,34.5,288.1,17.3,10.8,962
10/17/2019 7:40,datasets/dataset_cropped/10_Metas/17/07/20191017074000_00160.jpg,datasets_flow/dataset_cropped/10_Metas/17/07/20191017074000_00160.jpg,datasets_cloudmask/dataset_cropped/10_Metas/17/07/20191017074000_00160.png,37,301.7,18.1,10.9,962
10/17/2019 7:41,datasets/dataset_cropped/10_Metas/17/07/20191017074100_00160.jpg,datasets_flow/dataset_cropped/10_Metas/17/07/20191017074100_00160.jpg,datasets_cloudmask/dataset_cropped/10_Metas/17/07/20191017074100_00160.png,39.4,313.4,18.6,10.9,962
10/17/2019 7:42,datasets/dataset_cropped/10_Metas/17/07/20191017074200_00160.jpg,datasets_flow/dataset_cropped/10_Metas/17/07/20191017074200_00160.jpg,datasets_cloudmask/dataset_cropped/10_Metas/17/07/20191017074200_00160.png,42,324.9,19.4,11,962
10/17/2019 7:43,datasets/dataset_cropped/10_Metas/17/07/20191017074300_00160.jpg,datasets_flow/dataset_cropped/10_Metas/17/07/20191017074300_00160.jpg,datasets_cloudmask/dataset_cropped/10_Metas/17/07/20191017074300_00160.png,44.7,337.5,20.2,11.2,962
10/17/2019 7:44,datasets/dataset_cropped/10_Metas/17/07/20191017074400_00160.jpg,datasets_flow/dataset_cropped/10_Metas/17/07/20191017074400_00160.jpg,datasets_cloudmask/dataset_cropped/10_Metas/17/07/20191017074400_00160.png,47.3,348.7,20.9,11.4,962
10/17/2019 7:45,datasets/dataset_cropped/10_Metas/17/07/20191017074500_00160.jpg,datasets_flow/dataset_cropped/10_Metas/17/07/20191017074500_00160.jpg,datasets_cloudmask/dataset_cropped/10_Metas/17/07/20191017074500_00160.png,50,359.3,21.6,11.4,962
10/17/2019 7:46,datasets/dataset_cropped/10_Metas/17/07/20191017074600_00160.jpg,datasets_flow/dataset_cropped/10_Metas/17/07/20191017074600_00160.jpg,datasets_cloudmask/dataset_cropped/10_Metas/17/07/20191017074600_00160.png,52.8,370.9,22.4,11.3,962
10/17/2019 7:47,datasets/dataset_cropped/10_Metas/17/07/20191017074700_00160.jpg,datasets_flow/dataset_cropped/10_Metas/17/07/20191017074700_00160.jpg,datasets_cloudmask/dataset_cropped/10_Metas/17/07/20191017074700_00160.png,55.5,379.7,23.2,11.4,962
10/17/2019 7:48,datasets/dataset_cropped/10_Metas/17/07/20191017074800_00160.jpg,datasets_flow/dataset_cropped/10_Metas/17/07/20191017074800_00160.jpg,datasets_cloudmask/dataset_cropped/10_Metas/17/07/20191017074800_00160.png,58.4,389,23.9,11.6,962
10/17/2019 7:49,datasets/dataset_cropped/10_Metas/17/07/20191017074900_00160.jpg,datasets_flow/dataset_cropped/10_Metas/17/07/20191017074900_00160.jpg,datasets_cloudmask/dataset_cropped/10_Metas/17/07/20191017074900_00160.png,61,397,24.4,11.7,962
10/17/2019 7:50,datasets/dataset_cropped/10_Metas/17/07/20191017075000_00160.jpg,datasets_flow/dataset_cropped/10_Metas/17/07/20191017075000_00160.jpg,datasets_cloudmask/dataset_cropped/10_Metas/17/07/20191017075000_00160.png,63.9,408,24.9,11.8,962
10/17/2019 7:51,datasets/dataset_cropped/10_Metas/17/07/20191017075100_00160.jpg,datasets_flow/dataset_cropped/10_Metas/17/07/20191017075100_00160.jpg,datasets_cloudmask/dataset_cropped/10_Metas/17/07/20191017075100_00160.png,66.8,418.1,25.4,11.8,962
10/17/2019 7:52,datasets/dataset_cropped/10_Metas/17/07/20191017075200_00160.jpg,datasets_flow/dataset_cropped/10_Metas/17/07/20191017075200_00160.jpg,datasets_cloudmask/dataset_cropped/10_Metas/17/07/20191017075200_00160.png,69.8,427.9,26,11.8,962
10/17/2019 7:53,datasets/dataset_cropped/10_Metas/17/07/20191017075300_00160.jpg,datasets_flow/dataset_cropped/10_Metas/17/07/20191017075300_00160.jpg,datasets_cloudmask/dataset_cropped/10_Metas/17/07/20191017075300_00160.png,72.6,433.6,26.7,11.8,962
10/17/2019 7:54,datasets/dataset_cropped/10_Metas/17/07/20191017075400_00160.jpg,datasets_flow/dataset_cropped/10_Metas/17/07/20191017075400_00160.jpg,datasets_cloudmask/dataset_cropped/10_Metas/17/07/20191017075400_00160.png,75.7,443.5,27.3,12,962
10/17/2019 7:55,datasets/dataset_cropped/10_Metas/17/07/20191017075500_00160.jpg,datasets_flow/dataset_cropped/10_Metas/17/07/20191017075500_00160.jpg,datasets_cloudmask/dataset_cropped/10_Metas/17/07/20191017075500_00160.png,78.6,449.9,28,12.1,962
10/17/2019 7:56,datasets/dataset_cropped/10_Metas/17/07/20191017075600_00160.jpg,datasets_flow/dataset_cropped/10_Metas/17/07/20191017075600_00160.jpg,datasets_cloudmask/dataset_cropped/10_Metas/17/07/20191017075600_00160.png,81.4,456.4,28.7,12.2,962
10/17/2019 7:57,datasets/dataset_cropped/10_Metas/17/07/20191017075700_00160.jpg,datasets_flow/dataset_cropped/10_Metas/17/07/20191017075700_00160.jpg,datasets_cloudmask/dataset_cropped/10_Metas/17/07/20191017075700_00160.png,84.6,464.3,29.4,12.3,962
10/17/2019 7:58,datasets/dataset_cropped/10_Metas/17/07/20191017075800_00160.jpg,datasets_flow/dataset_cropped/10_Metas/17/07/20191017075800_00160.jpg,datasets_cloudmask/dataset_cropped/10_Metas/17/07/20191017075800_00160.png,87.6,471.1,29.9,12.4,962
10/17/2019 7:59,datasets/dataset_cropped/10_Metas/17/07/20191017075900_00160.jpg,datasets_flow/dataset_cropped/10_Metas/17/07/20191017075900_00160.jpg,datasets_cloudmask/dataset_cropped/10_Metas/17/07/20191017075900_00160.png,90.7,478.8,30.6,12.5,962
10/17/2019 8:00,datasets/dataset_cropped/10_Metas/17/08/20191017080000_00160.jpg,datasets_flow/dataset_cropped/10_Metas/17/08/20191017080000_00160.jpg,datasets_cloudmask/dataset_cropped/10_Metas/17/08/20191017080000_00160.png,93.9,486.4,31.2,12.6,962
10/17/2019 8:01,datasets/dataset_cropped/10_Metas/17/08/20191017080100_00160.jpg,datasets_flow/dataset_cropped/10_Metas/17/08/20191017080100_00160.jpg,datasets_cloudmask/dataset_cropped/10_Metas/17/08/20191017080100_00160.png,97,493.2,31.9,12.6,962
10/17/2019 8:02,datasets/dataset_cropped/10_Metas/17/08/20191017080200_00160.jpg,datasets_flow/dataset_cropped/10_Metas/17/08/20191017080200_00160.jpg,datasets_cloudmask/dataset_cropped/10_Metas/17/08/20191017080200_00160.png,100.1,499.2,32.5,12.6,962
10/17/2019 8:03,datasets/dataset_cropped/10_Metas/17/08/20191017080300_00160.jpg,datasets_flow/dataset_cropped/10_Metas/17/08/20191017080300_00160.jpg,datasets_cloudmask/dataset_cropped/10_Metas/17/08/20191017080300_00160.png,103.4,507.4,33.1,12.7,962
10/17/2019 8:04,datasets/dataset_cropped/10_Metas/17/08/20191017080400_00160.jpg,datasets_flow/dataset_cropped/10_Metas/17/08/20191017080400_00160.jpg,datasets_cloudmask/dataset_cropped/10_Metas/17/08/20191017080400_00160.png,106.8,515,33.8,12.7,962
10/17/2019 8:05,datasets/dataset_cropped/10_Metas/17/08/20191017080500_00160.jpg,datasets_flow/dataset_cropped/10_Metas/17/08/20191017080500_00160.jpg,datasets_cloudmask/dataset_cropped/10_Metas/17/08/20191017080500_00160.png,110.1,521.7,34.4,12.8,962
10/17/2019 8:06,datasets/dataset_cropped/10_Metas/17/08/20191017080600_00160.jpg,datasets_flow/dataset_cropped/10_Metas/17/08/20191017080600_00160.jpg,datasets_cloudmask/dataset_cropped/10_Metas/17/08/20191017080600_00160.png,113.3,528,34.9,12.8,962
10/17/2019 8:07,datasets/dataset_cropped/10_Metas/17/08/20191017080700_00160.jpg,datasets_flow/dataset_cropped/10_Metas/17/08/20191017080700_00160.jpg,datasets_cloudmask/dataset_cropped/10_Metas/17/08/20191017080700_00160.png,116.6,535,35.4,12.9,962
10/17/2019 8:08,datasets/dataset_cropped/10_Metas/17/08/20191017080800_00160.jpg,datasets_flow/dataset_cropped/10_Metas/17/08/20191017080800_00160.jpg,datasets_cloudmask/dataset_cropped/10_Metas/17/08/20191017080800_00160.png,119.9,541.4,36,13,962
10/17/2019 8:09,datasets/dataset_cropped/10_Metas/17/08/20191017080900_00160.jpg,datasets_flow/dataset_cropped/10_Metas/17/08/20191017080900_00160.jpg,datasets_cloudmask/dataset_cropped/10_Metas/17/08/20191017080900_00160.png,123.4,548.9,36.5,13.1,962
10/17/2019 8:10,datasets/dataset_cropped/10_Metas/17/08/20191017081000_00160.jpg,datasets_flow/dataset_cropped/10_Metas/17/08/20191017081000_00160.jpg,datasets_cloudmask/dataset_cropped/10_Metas/17/08/20191017081000_00160.png,127,556.7,37,13.3,962
10/17/2019 8:11,datasets/dataset_cropped/10_Metas/17/08/20191017081100_00160.jpg,datasets_flow/dataset_cropped/10_Metas/17/08/20191017081100_00160.jpg,datasets_cloudmask/dataset_cropped/10_Metas/17/08/20191017081100_00160.png,129,554.6,37.5,13.4,962
10/17/2019 8:12,datasets/dataset_cropped/10_Metas/17/08/20191017081200_00160.jpg,datasets_flow/dataset_cropped/10_Metas/17/08/20191017081200_00160.jpg,datasets_cloudmask/dataset_cropped/10_Metas/17/08/20191017081200_00160.png,128.4,537,38,13.6,962
10/17/2019 8:13,datasets/dataset_cropped/10_Metas/17/08/20191017081300_00160.jpg,datasets_flow/dataset_cropped/10_Metas/17/08/20191017081300_00160.jpg,datasets_cloudmask/dataset_cropped/10_Metas/17/08/20191017081300_00160.png,128.3,522.5,38.6,13.7,962
10/17/2019 8:14,datasets/dataset_cropped/10_Metas/17/08/20191017081400_00160.jpg,datasets_flow/dataset_cropped/10_Metas/17/08/20191017081400_00160.jpg,datasets_cloudmask/dataset_cropped/10_Metas/17/08/20191017081400_00160.png,135.1,548.1,39.3,14,962
10/17/2019 8:15,datasets/dataset_cropped/10_Metas/17/08/20191017081500_00160.jpg,datasets_flow/dataset_cropped/10_Metas/17/08/20191017081500_00160.jpg,datasets_cloudmask/dataset_cropped/10_Metas/17/08/20191017081500_00160.png,144.4,586.2,39.9,14.3,962
10/17/2019 8:16,datasets/dataset_cropped/10_Metas/17/08/20191017081600_00160.jpg,datasets_flow/dataset_cropped/10_Metas/17/08/20191017081600_00160.jpg,datasets_cloudmask/dataset_cropped/10_Metas/17/08/20191017081600_00160.png,147.9,591.6,40.5,14.4,962
10/17/2019 8:17,datasets/dataset_cropped/10_Metas/17/08/20191017081700_00160.jpg,datasets_flow/dataset_cropped/10_Metas/17/08/20191017081700_00160.jpg,datasets_cloudmask/dataset_cropped/10_Metas/17/08/20191017081700_00160.png,145.6,565.8,41,14.3,962
10/17/2019 8:18,datasets/dataset_cropped/10_Metas/17/08/20191017081800_00160.jpg,datasets_flow/dataset_cropped/10_Metas/17/08/20191017081800_00160.jpg,datasets_cloudmask/dataset_cropped/10_Metas/17/08/20191017081800_00160.png,147.6,562.6,41.7,14.5,962
10/17/2019 8:19,datasets/dataset_cropped/10_Metas/17/08/20191017081900_00160.jpg,datasets_flow/dataset_cropped/10_Metas/17/08/20191017081900_00160.jpg,datasets_cloudmask/dataset_cropped/10_Metas/17/08/20191017081900_00160.png,158.5,606.7,42.3,14.7,962
10/17/2019 8:20,datasets/dataset_cropped/10_Metas/17/08/20191017082000_00160.jpg,datasets_flow/dataset_cropped/10_Metas/17/08/20191017082000_00160.jpg,datasets_cloudmask/dataset_cropped/10_Metas/17/08/20191017082000_00160.png,165.2,629.5,42.5,14.9,962
10/17/2019 8:21,datasets/dataset_cropped/10_Metas/17/08/20191017082100_00160.jpg,datasets_flow/dataset_cropped/10_Metas/17/08/20191017082100_00160.jpg,datasets_cloudmask/dataset_cropped/10_Metas/17/08/20191017082100_00160.png,166.6,625.7,42.5,14.9,962
10/17/2019 8:22,datasets/dataset_cropped/10_Metas/17/08/20191017082200_00160.jpg,datasets_flow/dataset_cropped/10_Metas/17/08/20191017082200_00160.jpg,datasets_cloudmask/dataset_cropped/10_Metas/17/08/20191017082200_00160.png,147.9,524.6,42.3,14.8,962
10/17/2019 8:23,datasets/dataset_cropped/10_Metas/17/08/20191017082300_00160.jpg,datasets_flow/dataset_cropped/10_Metas/17/08/20191017082300_00160.jpg,datasets_cloudmask/dataset_cropped/10_Metas/17/08/20191017082300_00160.png,116.6,362.2,42.5,14.9,962
10/17/2019 8:24,datasets/dataset_cropped/10_Metas/17/08/20191017082400_00160.jpg,datasets_flow/dataset_cropped/10_Metas/17/08/20191017082400_00160.jpg,datasets_cloudmask/dataset_cropped/10_Metas/17/08/20191017082400_00160.png,140,463.6,43.3,14.9,962
10/17/2019 8:25,datasets/dataset_cropped/10_Metas/17/08/20191017082500_00160.jpg,datasets_flow/dataset_cropped/10_Metas/17/08/20191017082500_00160.jpg,datasets_cloudmask/dataset_cropped/10_Metas/17/08/20191017082500_00160.png,173.8,615.5,43.8,14.8,962
10/17/2019 8:26,datasets/dataset_cropped/10_Metas/17/08/20191017082600_00160.jpg,datasets_flow/dataset_cropped/10_Metas/17/08/20191017082600_00160.jpg,datasets_cloudmask/dataset_cropped/10_Metas/17/08/20191017082600_00160.png,159,540.3,43.6,14.8,962
10/17/2019 8:27,datasets/dataset_cropped/10_Metas/17/08/20191017082700_00160.jpg,datasets_flow/dataset_cropped/10_Metas/17/08/20191017082700_00160.jpg,datasets_cloudmask/dataset_cropped/10_Metas/17/08/20191017082700_00160.png,119.2,350.3,43.5,14.8,962
10/17/2019 8:28,datasets/dataset_cropped/10_Metas/17/08/20191017082800_00160.jpg,datasets_flow/dataset_cropped/10_Metas/17/08/20191017082800_00160.jpg,datasets_cloudmask/dataset_cropped/10_Metas/17/08/20191017082800_00160.png,112.6,312.9,44,14.9,962
10/17/2019 8:29,datasets/dataset_cropped/10_Metas/17/08/20191017082900_00160.jpg,datasets_flow/dataset_cropped/10_Metas/17/08/20191017082900_00160.jpg,datasets_cloudmask/dataset_cropped/10_Metas/17/08/20191017082900_00160.png,102.9,260.9,45,14.9,962
10/17/2019 8:30,datasets/dataset_cropped/10_Metas/17/08/20191017083000_00160.jpg,datasets_flow/dataset_cropped/10_Metas/17/08/20191017083000_00160.jpg,datasets_cloudmask/dataset_cropped/10_Metas/17/08/20191017083000_00160.png,155.9,479.8,47,14.9,962
10/17/2019 8:31,datasets/dataset_cropped/10_Metas/17/08/20191017083100_00160.jpg,datasets_flow/dataset_cropped/10_Metas/17/08/20191017083100_00160.jpg,datasets_cloudmask/dataset_cropped/10_Metas/17/08/20191017083100_00160.png,191.5,622.3,48.8,14.9,962
10/17/2019 8:32,datasets/dataset_cropped/10_Metas/17/08/20191017083200_00160.jpg,datasets_flow/dataset_cropped/10_Metas/17/08/20191017083200_00160.jpg,datasets_cloudmask/dataset_cropped/10_Metas/17/08/20191017083200_00160.png,193.1,620.4,49,14.9,962
10/17/2019 8:33,datasets/dataset_cropped/10_Metas/17/08/20191017083300_00160.jpg,datasets_flow/dataset_cropped/10_Metas/17/08/20191017083300_00160.jpg,datasets_cloudmask/dataset_cropped/10_Metas/17/08/20191017083300_00160.png,195,618.8,49.3,15.1,962
10/17/2019 8:34,datasets/dataset_cropped/10_Metas/17/08/20191017083400_00160.jpg,datasets_flow/dataset_cropped/10_Metas/17/08/20191017083400_00160.jpg,datasets_cloudmask/dataset_cropped/10_Metas/17/08/20191017083400_00160.png,198.8,625.6,49.6,15.2,962
10/17/2019 8:35,datasets/dataset_cropped/10_Metas/17/08/20191017083500_00160.jpg,datasets_flow/dataset_cropped/10_Metas/17/08/20191017083500_00160.jpg,datasets_cloudmask/dataset_cropped/10_Metas/17/08/20191017083500_00160.png,208.1,653.4,50.2,15.4,962
10/17/2019 8:36,datasets/dataset_cropped/10_Metas/17/08/20191017083600_00160.jpg,datasets_flow/dataset_cropped/10_Metas/17/08/20191017083600_00160.jpg,datasets_cloudmask/dataset_cropped/10_Metas/17/08/20191017083600_00160.png,216,675.6,50.8,15.5,962
10/17/2019 8:37,datasets/dataset_cropped/10_Metas/17/08/20191017083700_00160.jpg,datasets_flow/dataset_cropped/10_Metas/17/08/20191017083700_00160.jpg,datasets_cloudmask/dataset_cropped/10_Metas/17/08/20191017083700_00160.png,221.4,687.3,51.1,15.6,962
10/17/2019 8:38,datasets/dataset_cropped/10_Metas/17/08/20191017083800_00160.jpg,datasets_flow/dataset_cropped/10_Metas/17/08/20191017083800_00160.jpg,datasets_cloudmask/dataset_cropped/10_Metas/17/08/20191017083800_00160.png,224.2,689.1,51.3,15.7,962
10/17/2019 8:39,datasets/dataset_cropped/10_Metas/17/08/20191017083900_00160.jpg,datasets_flow/dataset_cropped/10_Metas/17/08/20191017083900_00160.jpg,datasets_cloudmask/dataset_cropped/10_Metas/17/08/20191017083900_00160.png,226.2,687.1,51.5,15.8,962
10/17/2019 8:40,datasets/dataset_cropped/10_Metas/17/08/20191017084000_00160.jpg,datasets_flow/dataset_cropped/10_Metas/17/08/20191017084000_00160.jpg,datasets_cloudmask/dataset_cropped/10_Metas/17/08/20191017084000_00160.png,229.9,692.2,51.9,16,962
10/17/2019 8:41,datasets/dataset_cropped/10_Metas/17/08/20191017084100_00160.jpg,datasets_flow/dataset_cropped/10_Metas/17/08/20191017084100_00160.jpg,datasets_cloudmask/dataset_cropped/10_Metas/17/08/20191017084100_00160.png,234.7,701.6,52.2,16.1,962
10/17/2019 8:42,datasets/dataset_cropped/10_Metas/17/08/20191017084200_00160.jpg,datasets_flow/dataset_cropped/10_Metas/17/08/20191017084200_00160.jpg,datasets_cloudmask/dataset_cropped/10_Metas/17/08/20191017084200_00160.png,238,704.8,52.5,16.3,962
10/17/2019 8:43,datasets/dataset_cropped/10_Metas/17/08/20191017084300_00160.jpg,datasets_flow/dataset_cropped/10_Metas/17/08/20191017084300_00160.jpg,datasets_cloudmask/dataset_cropped/10_Metas/17/08/20191017084300_00160.png,222.7,638.8,52.8,16.4,962
10/17/2019 8:44,datasets/dataset_cropped/10_Metas/17/08/20191017084400_00160.jpg,datasets_flow/dataset_cropped/10_Metas/17/08/20191017084400_00160.jpg,datasets_cloudmask/dataset_cropped/10_Metas/17/08/20191017084400_00160.png,221.8,626,52.9,16.6,962
10/17/2019 8:45,datasets/dataset_cropped/10_Metas/17/08/20191017084500_00160.jpg,datasets_flow/dataset_cropped/10_Metas/17/08/20191017084500_00160.jpg,datasets_cloudmask/dataset_cropped/10_Metas/17/08/20191017084500_00160.png,248.9,717,53.1,16.7,962
10/17/2019 8:46,datasets/dataset_cropped/10_Metas/17/08/20191017084600_00160.jpg,datasets_flow/dataset_cropped/10_Metas/17/08/20191017084600_00160.jpg,datasets_cloudmask/dataset_cropped/10_Metas/17/08/20191017084600_00160.png,255.1,730.5,53.3,17,962
10/17/2019 8:47,datasets/dataset_cropped/10_Metas/17/08/20191017084700_00160.jpg,datasets_flow/dataset_cropped/10_Metas/17/08/20191017084700_00160.jpg,datasets_cloudmask/dataset_cropped/10_Metas/17/08/20191017084700_00160.png,252.6,713.2,53.5,17.3,962
10/17/2019 8:48,datasets/dataset_cropped/10_Metas/17/08/20191017084800_00160.jpg,datasets_flow/dataset_cropped/10_Metas/17/08/20191017084800_00160.jpg,datasets_cloudmask/dataset_cropped/10_Metas/17/08/20191017084800_00160.png,229.9,626.7,53.4,17.6,962
10/17/2019 8:49,datasets/dataset_cropped/10_Metas/17/08/20191017084900_00160.jpg,datasets_flow/dataset_cropped/10_Metas/17/08/20191017084900_00160.jpg,datasets_cloudmask/dataset_cropped/10_Metas/17/08/20191017084900_00160.png,178.7,439.6,53.5,18,962
10/17/2019 8:50,datasets/dataset_cropped/10_Metas/17/08/20191017085000_00160.jpg,datasets_flow/dataset_cropped/10_Metas/17/08/20191017085000_00160.jpg,datasets_cloudmask/dataset_cropped/10_Metas/17/08/20191017085000_00160.png,220.3,573.8,54.5,18.2,962
10/17/2019 8:51,datasets/dataset_cropped/10_Metas/17/08/20191017085100_00160.jpg,datasets_flow/dataset_cropped/10_Metas/17/08/20191017085100_00160.jpg,datasets_cloudmask/dataset_cropped/10_Metas/17/08/20191017085100_00160.png,241.6,638.6,55.1,18.2,962
10/17/2019 8:52,datasets/dataset_cropped/10_Metas/17/08/20191017085200_00160.jpg,datasets_flow/dataset_cropped/10_Metas/17/08/20191017085200_00160.jpg,datasets_cloudmask/dataset_cropped/10_Metas/17/08/20191017085200_00160.png,274.8,742.8,55.5,18.4,962
10/17/2019 8:53,datasets/dataset_cropped/10_Metas/17/08/20191017085300_00160.jpg,datasets_flow/dataset_cropped/10_Metas/17/08/20191017085300_00160.jpg,datasets_cloudmask/dataset_cropped/10_Metas/17/08/20191017085300_00160.png,249.3,652.8,54.6,18.6,962
10/17/2019 8:54,datasets/dataset_cropped/10_Metas/17/08/20191017085400_00160.jpg,datasets_flow/dataset_cropped/10_Metas/17/08/20191017085400_00160.jpg,datasets_cloudmask/dataset_cropped/10_Metas/17/08/20191017085400_00160.png,194,463.6,54.2,18.9,962
10/17/2019 8:55,datasets/dataset_cropped/10_Metas/17/08/20191017085500_00160.jpg,datasets_flow/dataset_cropped/10_Metas/17/08/20191017085500_00160.jpg,datasets_cloudmask/dataset_cropped/10_Metas/17/08/20191017085500_00160.png,209.7,510.6,54.6,19,962
10/17/2019 8:56,datasets/dataset_cropped/10_Metas/17/08/20191017085600_00160.jpg,datasets_flow/dataset_cropped/10_Metas/17/08/20191017085600_00160.jpg,datasets_cloudmask/dataset_cropped/10_Metas/17/08/20191017085600_00160.png,197.9,467.8,54.7,18.7,962
10/17/2019 8:57,datasets/dataset_cropped/10_Metas/17/08/20191017085700_00160.jpg,datasets_flow/dataset_cropped/10_Metas/17/08/20191017085700_00160.jpg,datasets_cloudmask/dataset_cropped/10_Metas/17/08/20191017085700_00160.png,200,469.6,55,18.3,962
10/17/2019 8:58,datasets/dataset_cropped/10_Metas/17/08/20191017085800_00160.jpg,datasets_flow/dataset_cropped/10_Metas/17/08/20191017085800_00160.jpg,datasets_cloudmask/dataset_cropped/10_Metas/17/08/20191017085800_00160.png,233.7,570,56,18,962
10/17/2019 8:59,datasets/dataset_cropped/10_Metas/17/08/20191017085900_00160.jpg,datasets_flow/dataset_cropped/10_Metas/17/08/20191017085900_00160.jpg,datasets_cloudmask/dataset_cropped/10_Metas/17/08/20191017085900_00160.png,286.4,729.2,57,17.6,962
10/17/2019 9:00,datasets/dataset_cropped/10_Metas/17/09/20191017090000_00160.jpg,datasets_flow/dataset_cropped/10_Metas/17/09/20191017090000_00160.jpg,datasets_cloudmask/dataset_cropped/10_Metas/17/09/20191017090000_00160.png,304.1,777.1,57.4,17.5,962
10/17/2019 9:01,datasets/dataset_cropped/10_Metas/17/09/20191017090100_00160.jpg,datasets_flow/dataset_cropped/10_Metas/17/09/20191017090100_00160.jpg,datasets_cloudmask/dataset_cropped/10_Metas/17/09/20191017090100_00160.png,304.7,772.1,57.6,17.5,962
10/17/2019 9:02,datasets/dataset_cropped/10_Metas/17/09/20191017090200_00160.jpg,datasets_flow/dataset_cropped/10_Metas/17/09/20191017090200_00160.jpg,datasets_cloudmask/dataset_cropped/10_Metas/17/09/20191017090200_00160.png,305.6,768.3,57.4,17.6,962
10/17/2019 9:03,datasets/dataset_cropped/10_Metas/17/09/20191017090300_00160.jpg,datasets_flow/dataset_cropped/10_Metas/17/09/20191017090300_00160.jpg,datasets_cloudmask/dataset_cropped/10_Metas/17/09/20191017090300_00160.png,307.4,767.5,57.3,17.7,962
10/17/2019 9:04,datasets/dataset_cropped/10_Metas/17/09/20191017090400_00160.jpg,datasets_flow/dataset_cropped/10_Metas/17/09/20191017090400_00160.jpg,datasets_cloudmask/dataset_cropped/10_Metas/17/09/20191017090400_00160.png,309.7,768.4,57.2,17.9,962
10/17/2019 9:05,datasets/dataset_cropped/10_Metas/17/09/20191017090500_00160.jpg,datasets_flow/dataset_cropped/10_Metas/17/09/20191017090500_00160.jpg,datasets_cloudmask/dataset_cropped/10_Metas/17/09/20191017090500_00160.png,312.3,770,56.9,18,962
10/17/2019 9:06,datasets/dataset_cropped/10_Metas/17/09/20191017090600_00160.jpg,datasets_flow/dataset_cropped/10_Metas/17/09/20191017090600_00160.jpg,datasets_cloudmask/dataset_cropped/10_Metas/17/09/20191017090600_00160.png,315,772,56.8,18.3,962
10/17/2019 9:07,datasets/dataset_cropped/10_Metas/17/09/20191017090700_00160.jpg,datasets_flow/dataset_cropped/10_Metas/17/09/20191017090700_00160.jpg,datasets_cloudmask/dataset_cropped/10_Metas/17/09/20191017090700_00160.png,317.8,774.4,56.7,18.6,962
10/17/2019 9:08,datasets/dataset_cropped/10_Metas/17/09/20191017090800_00160.jpg,datasets_flow/dataset_cropped/10_Metas/17/09/20191017090800_00160.jpg,datasets_cloudmask/dataset_cropped/10_Metas/17/09/20191017090800_00160.png,320.8,776.7,56.4,18.7,962
10/17/2019 9:09,datasets/dataset_cropped/10_Metas/17/09/20191017090900_00160.jpg,datasets_flow/dataset_cropped/10_Metas/17/09/20191017090900_00160.jpg,datasets_cloudmask/dataset_cropped/10_Metas/17/09/20191017090900_00160.png,323.7,778.4,56.2,18.8,962
10/17/2019 9:10,datasets/dataset_cropped/10_Metas/17/09/20191017091000_00160.jpg,datasets_flow/dataset_cropped/10_Metas/17/09/20191017091000_00160.jpg,datasets_cloudmask/dataset_cropped/10_Metas/17/09/20191017091000_00160.png,326.2,779.6,56.1,18.8,962
10/17/2019 9:11,datasets/dataset_cropped/10_Metas/17/09/20191017091100_00160.jpg,datasets_flow/dataset_cropped/10_Metas/17/09/20191017091100_00160.jpg,datasets_cloudmask/dataset_cropped/10_Metas/17/09/20191017091100_00160.png,329,781.3,56.3,19,962
10/17/2019 9:12,datasets/dataset_cropped/10_Metas/17/09/20191017091200_00160.jpg,datasets_flow/dataset_cropped/10_Metas/17/09/20191017091200_00160.jpg,datasets_cloudmask/dataset_cropped/10_Metas/17/09/20191017091200_00160.png,332.2,783.6,56.6,18.9,962
10/17/2019 9:13,datasets/dataset_cropped/10_Metas/17/09/20191017091300_00160.jpg,datasets_flow/dataset_cropped/10_Metas/17/09/20191017091300_00160.jpg,datasets_cloudmask/dataset_cropped/10_Metas/17/09/20191017091300_00160.png,335.1,785.6,56.9,18.9,962
10/17/2019 9:14,datasets/dataset_cropped/10_Metas/17/09/20191017091400_00160.jpg,datasets_flow/dataset_cropped/10_Metas/17/09/20191017091400_00160.jpg,datasets_cloudmask/dataset_cropped/10_Metas/17/09/20191017091400_00160.png,338.1,787.9,56.6,19,962
10/17/2019 9:15,datasets/dataset_cropped/10_Metas/17/09/20191017091500_00160.jpg,datasets_flow/dataset_cropped/10_Metas/17/09/20191017091500_00160.jpg,datasets_cloudmask/dataset_cropped/10_Metas/17/09/20191017091500_00160.png,341.1,789.9,56.5,19,962
10/17/2019 9:16,datasets/dataset_cropped/10_Metas/17/09/20191017091600_00160.jpg,datasets_flow/dataset_cropped/10_Metas/17/09/20191017091600_00160.jpg,datasets_cloudmask/dataset_cropped/10_Metas/17/09/20191017091600_00160.png,344.1,791.6,56.6,19.4,962
10/17/2019 9:17,datasets/dataset_cropped/10_Metas/17/09/20191017091700_00160.jpg,datasets_flow/dataset_cropped/10_Metas/17/09/20191017091700_00160.jpg,datasets_cloudmask/dataset_cropped/10_Metas/17/09/20191017091700_00160.png,347.2,793.4,56.9,19.7,962
10/17/2019 9:18,datasets/dataset_cropped/10_Metas/17/09/20191017091800_00160.jpg,datasets_flow/dataset_cropped/10_Metas/17/09/20191017091800_00160.jpg,datasets_cloudmask/dataset_cropped/10_Metas/17/09/20191017091800_00160.png,350.4,795.4,57.1,20,962
10/17/2019 9:19,datasets/dataset_cropped/10_Metas/17/09/20191017091900_00160.jpg,datasets_flow/dataset_cropped/10_Metas/17/09/20191017091900_00160.jpg,datasets_cloudmask/dataset_cropped/10_Metas/17/09/20191017091900_00160.png,353.8,797.9,57,20.2,962
10/17/2019 9:20,datasets/dataset_cropped/10_Metas/17/09/20191017092000_00160.jpg,datasets_flow/dataset_cropped/10_Metas/17/09/20191017092000_00160.jpg,datasets_cloudmask/dataset_cropped/10_Metas/17/09/20191017092000_00160.png,356.8,799.8,57,20.3,962
10/17/2019 9:21,datasets/dataset_cropped/10_Metas/17/09/20191017092100_00160.jpg,datasets_flow/dataset_cropped/10_Metas/17/09/20191017092100_00160.jpg,datasets_cloudmask/dataset_cropped/10_Metas/17/09/20191017092100_00160.png,359.6,801,57,20.2,962
10/17/2019 9:22,datasets/dataset_cropped/10_Metas/17/09/20191017092200_00160.jpg,datasets_flow/dataset_cropped/10_Metas/17/09/20191017092200_00160.jpg,datasets_cloudmask/dataset_cropped/10_Metas/17/09/20191017092200_00160.png,363,804,57.3,20.2,962
10/17/2019 9:23,datasets/dataset_cropped/10_Metas/17/09/20191017092300_00160.jpg,datasets_flow/dataset_cropped/10_Metas/17/09/20191017092300_00160.jpg,datasets_cloudmask/dataset_cropped/10_Metas/17/09/20191017092300_00160.png,366.4,805,57.6,20,962
10/17/2019 9:24,datasets/dataset_cropped/10_Metas/17/09/20191017092400_00160.jpg,datasets_flow/dataset_cropped/10_Metas/17/09/20191017092400_00160.jpg,datasets_cloudmask/dataset_cropped/10_Metas/17/09/20191017092400_00160.png,368.6,805,57.8,19.7,962
10/17/2019 9:25,datasets/dataset_cropped/10_Metas/17/09/20191017092500_00160.jpg,datasets_flow/dataset_cropped/10_Metas/17/09/20191017092500_00160.jpg,datasets_cloudmask/dataset_cropped/10_Metas/17/09/20191017092500_00160.png,371.7,806,58.4,19.6,962
10/17/2019 9:26,datasets/dataset_cropped/10_Metas/17/09/20191017092600_00160.jpg,datasets_flow/dataset_cropped/10_Metas/17/09/20191017092600_00160.jpg,datasets_cloudmask/dataset_cropped/10_Metas/17/09/20191017092600_00160.png,375.3,808,58.9,19.6,963
10/17/2019 9:27,datasets/dataset_cropped/10_Metas/17/09/20191017092700_00160.jpg,datasets_flow/dataset_cropped/10_Metas/17/09/20191017092700_00160.jpg,datasets_cloudmask/dataset_cropped/10_Metas/17/09/20191017092700_00160.png,378.2,811,58.8,19.5,962
10/17/2019 9:28,datasets/dataset_cropped/10_Metas/17/09/20191017092800_00160.jpg,datasets_flow/dataset_cropped/10_Metas/17/09/20191017092800_00160.jpg,datasets_cloudmask/dataset_cropped/10_Metas/17/09/20191017092800_00160.png,381.1,813,58.7,19.4,962
10/17/2019 9:29,datasets/dataset_cropped/10_Metas/17/09/20191017092900_00160.jpg,datasets_flow/dataset_cropped/10_Metas/17/09/20191017092900_00160.jpg,datasets_cloudmask/dataset_cropped/10_Metas/17/09/20191017092900_00160.png,384.1,815,58.8,19.6,962
10/17/2019 9:30,datasets/dataset_cropped/10_Metas/17/09/20191017093000_00160.jpg,datasets_flow/dataset_cropped/10_Metas/17/09/20191017093000_00160.jpg,datasets_cloudmask/dataset_cropped/10_Metas/17/09/20191017093000_00160.png,387.2,817,58.9,19.6,963
10/17/2019 9:31,datasets/dataset_cropped/10_Metas/17/09/20191017093100_00160.jpg,datasets_flow/dataset_cropped/10_Metas/17/09/20191017093100_00160.jpg,datasets_cloudmask/dataset_cropped/10_Metas/17/09/20191017093100_00160.png,390.5,819,59.2,19.6,963
10/17/2019 9:32,datasets/dataset_cropped/10_Metas/17/09/20191017093200_00160.jpg,datasets_flow/dataset_cropped/10_Metas/17/09/20191017093200_00160.jpg,datasets_cloudmask/dataset_cropped/10_Metas/17/09/20191017093200_00160.png,393.3,819,59.2,19.8,962
10/17/2019 9:33,datasets/dataset_cropped/10_Metas/17/09/20191017093300_00160.jpg,datasets_flow/dataset_cropped/10_Metas/17/09/20191017093300_00160.jpg,datasets_cloudmask/dataset_cropped/10_Metas/17/09/20191017093300_00160.png,396.5,821,59.2,19.9,962
10/17/2019 9:34,datasets/dataset_cropped/10_Metas/17/09/20191017093400_00160.jpg,datasets_flow/dataset_cropped/10_Metas/17/09/20191017093400_00160.jpg,datasets_cloudmask/dataset_cropped/10_Metas/17/09/20191017093400_00160.png,399.6,823,59.4,19.5,962
10/17/2019 9:35,datasets/dataset_cropped/10_Metas/17/09/20191017093500_00160.jpg,datasets_flow/dataset_cropped/10_Metas/17/09/20191017093500_00160.jpg,datasets_cloudmask/dataset_cropped/10_Metas/17/09/20191017093500_00160.png,403.1,827,59.4,19.2,962
10/17/2019 9:36,datasets/dataset_cropped/10_Metas/17/09/20191017093600_00160.jpg,datasets_flow/dataset_cropped/10_Metas/17/09/20191017093600_00160.jpg,datasets_cloudmask/dataset_cropped/10_Metas/17/09/20191017093600_00160.png,406.5,830,59.1,19.2,962
10/17/2019 9:37,datasets/dataset_cropped/10_Metas/17/09/20191017093700_00160.jpg,datasets_flow/dataset_cropped/10_Metas/17/09/20191017093700_00160.jpg,datasets_cloudmask/dataset_cropped/10_Metas/17/09/20191017093700_00160.png,409.3,831,59,19.2,963
10/17/2019 9:38,datasets/dataset_cropped/10_Metas/17/09/20191017093800_00160.jpg,datasets_flow/dataset_cropped/10_Metas/17/09/20191017093800_00160.jpg,datasets_cloudmask/dataset_cropped/10_Metas/17/09/20191017093800_00160.png,412.3,832,59.4,19.3,962
10/17/2019 9:39,datasets/dataset_cropped/10_Metas/17/09/20191017093900_00160.jpg,datasets_flow/dataset_cropped/10_Metas/17/09/20191017093900_00160.jpg,datasets_cloudmask/dataset_cropped/10_Metas/17/09/20191017093900_00160.png,415,833,59.4,19.5,962
10/17/2019 9:40,datasets/dataset_cropped/10_Metas/17/09/20191017094000_00160.jpg,datasets_flow/dataset_cropped/10_Metas/17/09/20191017094000_00160.jpg,datasets_cloudmask/dataset_cropped/10_Metas/17/09/20191017094000_00160.png,418,835,59.7,19.3,962
10/17/2019 9:41,datasets/dataset_cropped/10_Metas/17/09/20191017094100_00160.jpg,datasets_flow/dataset_cropped/10_Metas/17/09/20191017094100_00160.jpg,datasets_cloudmask/dataset_cropped/10_Metas/17/09/20191017094100_00160.png,421.1,836,59.8,19.2,962
10/17/2019 9:42,datasets/dataset_cropped/10_Metas/17/09/20191017094200_00160.jpg,datasets_flow/dataset_cropped/10_Metas/17/09/20191017094200_00160.jpg,datasets_cloudmask/dataset_cropped/10_Metas/17/09/20191017094200_00160.png,424.2,838,60.1,19.3,962
10/17/2019 9:43,datasets/dataset_cropped/10_Metas/17/09/20191017094300_00160.jpg,datasets_flow/dataset_cropped/10_Metas/17/09/20191017094300_00160.jpg,datasets_cloudmask/dataset_cropped/10_Metas/17/09/20191017094300_00160.png,427.1,839,60.2,19.2,963
10/17/2019 9:44,datasets/dataset_cropped/10_Metas/17/09/20191017094400_00160.jpg,datasets_flow/dataset_cropped/10_Metas/17/09/20191017094400_00160.jpg,datasets_cloudmask/dataset_cropped/10_Metas/17/09/20191017094400_00160.png,429.7,840,60.3,19.1,962
10/17/2019 9:45,datasets/dataset_cropped/10_Metas/17/09/20191017094500_00160.jpg,datasets_flow/dataset_cropped/10_Metas/17/09/20191017094500_00160.jpg,datasets_cloudmask/dataset_cropped/10_Metas/17/09/20191017094500_00160.png,430.3,836,60.6,19.1,962
10/17/2019 9:46,datasets/dataset_cropped/10_Metas/17/09/20191017094600_00160.jpg,datasets_flow/dataset_cropped/10_Metas/17/09/20191017094600_00160.jpg,datasets_cloudmask/dataset_cropped/10_Metas/17/09/20191017094600_00160.png,430.6,831,60.6,19,963
10/17/2019 9:47,datasets/dataset_cropped/10_Metas/17/09/20191017094700_00160.jpg,datasets_flow/dataset_cropped/10_Metas/17/09/20191017094700_00160.jpg,datasets_cloudmask/dataset_cropped/10_Metas/17/09/20191017094700_00160.png,430.8,828,60.6,19.1,962
10/17/2019 9:48,datasets/dataset_cropped/10_Metas/17/09/20191017094800_00160.jpg,datasets_flow/dataset_cropped/10_Metas/17/09/20191017094800_00160.jpg,datasets_cloudmask/dataset_cropped/10_Metas/17/09/20191017094800_00160.png,434.8,831,61.1,19.2,962
10/17/2019 9:49,datasets/dataset_cropped/10_Metas/17/09/20191017094900_00160.jpg,datasets_flow/dataset_cropped/10_Metas/17/09/20191017094900_00160.jpg,datasets_cloudmask/dataset_cropped/10_Metas/17/09/20191017094900_00160.png,439.6,837,61.1,19.4,962
10/17/2019 9:50,datasets/dataset_cropped/10_Metas/17/09/20191017095000_00160.jpg,datasets_flow/dataset_cropped/10_Metas/17/09/20191017095000_00160.jpg,datasets_cloudmask/dataset_cropped/10_Metas/17/09/20191017095000_00160.png,440.4,834,61.2,19.5,962
10/17/2019 9:51,datasets/dataset_cropped/10_Metas/17/09/20191017095100_00160.jpg,datasets_flow/dataset_cropped/10_Metas/17/09/20191017095100_00160.jpg,datasets_cloudmask/dataset_cropped/10_Metas/17/09/20191017095100_00160.png,443.5,836,61.2,19.5,963
10/17/2019 9:52,datasets/dataset_cropped/10_Metas/17/09/20191017095200_00160.jpg,datasets_flow/dataset_cropped/10_Metas/17/09/20191017095200_00160.jpg,datasets_cloudmask/dataset_cropped/10_Metas/17/09/20191017095200_00160.png,447.6,839,61.6,19.6,963
10/17/2019 9:53,datasets/dataset_cropped/10_Metas/17/09/20191017095300_00160.jpg,datasets_flow/dataset_cropped/10_Metas/17/09/20191017095300_00160.jpg,datasets_cloudmask/dataset_cropped/10_Metas/17/09/20191017095300_00160.png,451.4,842,61.9,19.6,962
10/17/2019 9:54,datasets/dataset_cropped/10_Metas/17/09/20191017095400_00160.jpg,datasets_flow/dataset_cropped/10_Metas/17/09/20191017095400_00160.jpg,datasets_cloudmask/dataset_cropped/10_Metas/17/09/20191017095400_00160.png,454.1,843,62,19.5,963
10/17/2019 9:55,datasets/dataset_cropped/10_Metas/17/09/20191017095500_00160.jpg,datasets_flow/dataset_cropped/10_Metas/17/09/20191017095500_00160.jpg,datasets_cloudmask/dataset_cropped/10_Metas/17/09/20191017095500_00160.png,456.7,844,62.3,19.5,963
10/17/2019 9:56,datasets/dataset_cropped/10_Metas/17/09/20191017095600_00160.jpg,datasets_flow/dataset_cropped/10_Metas/17/09/20191017095600_00160.jpg,datasets_cloudmask/dataset_cropped/10_Metas/17/09/20191017095600_00160.png,460.9,849,62.4,19.6,963
10/17/2019 9:57,datasets/dataset_cropped/10_Metas/17/09/20191017095700_00160.jpg,datasets_flow/dataset_cropped/10_Metas/17/09/20191017095700_00160.jpg,datasets_cloudmask/dataset_cropped/10_Metas/17/09/20191017095700_00160.png,462.9,849,62.3,19.7,963
10/17/2019 9:58,datasets/dataset_cropped/10_Metas/17/09/20191017095800_00160.jpg,datasets_flow/dataset_cropped/10_Metas/17/09/20191017095800_00160.jpg,datasets_cloudmask/dataset_cropped/10_Metas/17/09/20191017095800_00160.png,465.7,850,62.5,19.7,963
10/17/2019 9:59,datasets/dataset_cropped/10_Metas/17/09/20191017095900_00160.jpg,datasets_flow/dataset_cropped/10_Metas/17/09/20191017095900_00160.jpg,datasets_cloudmask/dataset_cropped/10_Metas/17/09/20191017095900_00160.png,469.1,852,62.7,19.7,963
10/17/2019 10:00,datasets/dataset_cropped/10_Metas/17/10/20191017100000_00160.jpg,datasets_flow/dataset_cropped/10_Metas/17/10/20191017100000_00160.jpg,datasets_cloudmask/dataset_cropped/10_Metas/17/10/20191017100000_00160.png,474.8,860,62.7,19.7,963
10/17/2019 10:01,datasets/dataset_cropped/10_Metas/17/10/20191017100100_00160.jpg,datasets_flow/dataset_cropped/10_Metas/17/10/20191017100100_00160.jpg,datasets_cloudmask/dataset_cropped/10_Metas/17/10/20191017100100_00160.png,478,862,62.8,19.8,963
10/17/2019 10:02,datasets/dataset_cropped/10_Metas/17/10/20191017100200_00160.jpg,datasets_flow/dataset_cropped/10_Metas/17/10/20191017100200_00160.jpg,datasets_cloudmask/dataset_cropped/10_Metas/17/10/20191017100200_00160.png,480.6,863,62.8,20,963
10/17/2019 10:03,datasets/dataset_cropped/10_Metas/17/10/20191017100300_00160.jpg,datasets_flow/dataset_cropped/10_Metas/17/10/20191017100300_00160.jpg,datasets_cloudmask/dataset_cropped/10_Metas/17/10/20191017100300_00160.png,482.9,864,62.7,20.1,963
10/17/2019 10:04,datasets/dataset_cropped/10_Metas/17/10/20191017100400_00160.jpg,datasets_flow/dataset_cropped/10_Metas/17/10/20191017100400_00160.jpg,datasets_cloudmask/dataset_cropped/10_Metas/17/10/20191017100400_00160.png,484.4,862,62.8,20.2,963
10/17/2019 10:05,datasets/dataset_cropped/10_Metas/17/10/20191017100500_00160.jpg,datasets_flow/dataset_cropped/10_Metas/17/10/20191017100500_00160.jpg,datasets_cloudmask/dataset_cropped/10_Metas/17/10/20191017100500_00160.png,486.1,862,63,20.3,963
10/17/2019 10:06,datasets/dataset_cropped/10_Metas/17/10/20191017100600_00160.jpg,datasets_flow/dataset_cropped/10_Metas/17/10/20191017100600_00160.jpg,datasets_cloudmask/dataset_cropped/10_Metas/17/10/20191017100600_00160.png,489,863,63.3,20.2,963
10/17/2019 10:07,datasets/dataset_cropped/10_Metas/17/10/20191017100700_00160.jpg,datasets_flow/dataset_cropped/10_Metas/17/10/20191017100700_00160.jpg,datasets_cloudmask/dataset_cropped/10_Metas/17/10/20191017100700_00160.png,492.2,865,63.4,20,963
10/17/2019 10:08,datasets/dataset_cropped/10_Metas/17/10/20191017100800_00160.jpg,datasets_flow/dataset_cropped/10_Metas/17/10/20191017100800_00160.jpg,datasets_cloudmask/dataset_cropped/10_Metas/17/10/20191017100800_00160.png,496.5,869,63.4,19.8,963
10/17/2019 10:09,datasets/dataset_cropped/10_Metas/17/10/20191017100900_00160.jpg,datasets_flow/dataset_cropped/10_Metas/17/10/20191017100900_00160.jpg,datasets_cloudmask/dataset_cropped/10_Metas/17/10/20191017100900_00160.png,499.6,871,63.8,19.9,963
10/17/2019 10:10,datasets/dataset_cropped/10_Metas/17/10/20191017101000_00160.jpg,datasets_flow/dataset_cropped/10_Metas/17/10/20191017101000_00160.jpg,datasets_cloudmask/dataset_cropped/10_Metas/17/10/20191017101000_00160.png,502.3,873,63.7,20.1,963
10/17/2019 10:11,datasets/dataset_cropped/10_Metas/17/10/20191017101100_00160.jpg,datasets_flow/dataset_cropped/10_Metas/17/10/20191017101100_00160.jpg,datasets_cloudmask/dataset_cropped/10_Metas/17/10/20191017101100_00160.png,504.8,874,63.6,20.1,963
10/17/2019 10:12,datasets/dataset_cropped/10_Metas/17/10/20191017101200_00160.jpg,datasets_flow/dataset_cropped/10_Metas/17/10/20191017101200_00160.jpg,datasets_cloudmask/dataset_cropped/10_Metas/17/10/20191017101200_00160.png,507.1,874,63.7,20.2,963
10/17/2019 10:13,datasets/dataset_cropped/10_Metas/17/10/20191017101300_00160.jpg,datasets_flow/dataset_cropped/10_Metas/17/10/20191017101300_00160.jpg,datasets_cloudmask/dataset_cropped/10_Metas/17/10/20191017101300_00160.png,509.7,875,63.8,20.4,963
10/17/2019 10:14,datasets/dataset_cropped/10_Metas/17/10/20191017101400_00160.jpg,datasets_flow/dataset_cropped/10_Metas/17/10/20191017101400_00160.jpg,datasets_cloudmask/dataset_cropped/10_Metas/17/10/20191017101400_00160.png,512.4,877,64,20.6,963
10/17/2019 10:15,datasets/dataset_cropped/10_Metas/17/10/20191017101500_00160.jpg,datasets_flow/dataset_cropped/10_Metas/17/10/20191017101500_00160.jpg,datasets_cloudmask/dataset_cropped/10_Metas/17/10/20191017101500_00160.png,514.7,878,63.7,20.6,963
10/17/2019 10:16,datasets/dataset_cropped/10_Metas/17/10/20191017101600_00160.jpg,datasets_flow/dataset_cropped/10_Metas/17/10/20191017101600_00160.jpg,datasets_cloudmask/dataset_cropped/10_Metas/17/10/20191017101600_00160.png,517.6,880,63.8,20.6,963
10/17/2019 10:17,datasets/dataset_cropped/10_Metas/17/10/20191017101700_00160.jpg,datasets_flow/dataset_cropped/10_Metas/17/10/20191017101700_00160.jpg,datasets_cloudmask/dataset_cropped/10_Metas/17/10/20191017101700_00160.png,520.1,880,63.8,20.8,963
10/17/2019 10:18,datasets/dataset_cropped/10_Metas/17/10/20191017101800_00160.jpg,datasets_flow/dataset_cropped/10_Metas/17/10/20191017101800_00160.jpg,datasets_cloudmask/dataset_cropped/10_Metas/17/10/20191017101800_00160.png,522.7,881,64.1,20.8,963
10/17/2019 10:19,datasets/dataset_cropped/10_Metas/17/10/20191017101900_00160.jpg,datasets_flow/dataset_cropped/10_Metas/17/10/20191017101900_00160.jpg,datasets_cloudmask/dataset_cropped/10_Metas/17/10/20191017101900_00160.png,525.5,882,64.5,20.9,963
10/17/2019 10:20,datasets/dataset_cropped/10_Metas/17/10/20191017102000_00160.jpg,datasets_flow/dataset_cropped/10_Metas/17/10/20191017102000_00160.jpg,datasets_cloudmask/dataset_cropped/10_Metas/17/10/20191017102000_00160.png,527.9,883,64.4,21,963
10/17/2019 10:21,datasets/dataset_cropped/10_Metas/17/10/20191017102100_00160.jpg,datasets_flow/dataset_cropped/10_Metas/17/10/20191017102100_00160.jpg,datasets_cloudmask/dataset_cropped/10_Metas/17/10/20191017102100_00160.png,530.1,883,64.4,20.9,963
10/17/2019 10:22,datasets/dataset_cropped/10_Metas/17/10/20191017102200_00160.jpg,datasets_flow/dataset_cropped/10_Metas/17/10/20191017102200_00160.jpg,datasets_cloudmask/dataset_cropped/10_Metas/17/10/20191017102200_00160.png,532,883,64.5,20.8,963
10/17/2019 10:23,datasets/dataset_cropped/10_Metas/17/10/20191017102300_00160.jpg,datasets_flow/dataset_cropped/10_Metas/17/10/20191017102300_00160.jpg,datasets_cloudmask/dataset_cropped/10_Metas/17/10/20191017102300_00160.png,534.4,884,64.7,20.8,963
10/17/2019 10:24,datasets/dataset_cropped/10_Metas/17/10/20191017102400_00160.jpg,datasets_flow/dataset_cropped/10_Metas/17/10/20191017102400_00160.jpg,datasets_cloudmask/dataset_cropped/10_Metas/17/10/20191017102400_00160.png,537.1,885,64.6,20.9,963
10/17/2019 10:25,datasets/dataset_cropped/10_Metas/17/10/20191017102500_00160.jpg,datasets_flow/dataset_cropped/10_Metas/17/10/20191017102500_00160.jpg,datasets_cloudmask/dataset_cropped/10_Metas/17/10/20191017102500_00160.png,539.7,887,64.7,21.2,963
10/17/2019 10:26,datasets/dataset_cropped/10_Metas/17/10/20191017102600_00160.jpg,datasets_flow/dataset_cropped/10_Metas/17/10/20191017102600_00160.jpg,datasets_cloudmask/dataset_cropped/10_Metas/17/10/20191017102600_00160.png,542.4,888,64.7,21.2,963
10/17/2019 10:27,datasets/dataset_cropped/10_Metas/17/10/20191017102700_00160.jpg,datasets_flow/dataset_cropped/10_Metas/17/10/20191017102700_00160.jpg,datasets_cloudmask/dataset_cropped/10_Metas/17/10/20191017102700_00160.png,545,889,64.9,21.1,963
10/17/2019 10:28,datasets/dataset_cropped/10_Metas/17/10/20191017102800_00160.jpg,datasets_flow/dataset_cropped/10_Metas/17/10/20191017102800_00160.jpg,datasets_cloudmask/dataset_cropped/10_Metas/17/10/20191017102800_00160.png,547.4,889,65,21.1,963
10/17/2019 10:29,datasets/dataset_cropped/10_Metas/17/10/20191017102900_00160.jpg,datasets_flow/dataset_cropped/10_Metas/17/10/20191017102900_00160.jpg,datasets_cloudmask/dataset_cropped/10_Metas/17/10/20191017102900_00160.png,549.9,890,65.4,21.2,963
10/17/2019 10:30,datasets/dataset_cropped/10_Metas/17/10/20191017103000_00160.jpg,datasets_flow/dataset_cropped/10_Metas/17/10/20191017103000_00160.jpg,datasets_cloudmask/dataset_cropped/10_Metas/17/10/20191017103000_00160.png,552.6,892,65.7,21.3,963
10/17/2019 10:31,datasets/dataset_cropped/10_Metas/17/10/20191017103100_00160.jpg,datasets_flow/dataset_cropped/10_Metas/17/10/20191017103100_00160.jpg,datasets_cloudmask/dataset_cropped/10_Metas/17/10/20191017103100_00160.png,555.3,893,65.6,21.3,963
10/17/2019 10:32,datasets/dataset_cropped/10_Metas/17/10/20191017103200_00160.jpg,datasets_flow/dataset_cropped/10_Metas/17/10/20191017103200_00160.jpg,datasets_cloudmask/dataset_cropped/10_Metas/17/10/20191017103200_00160.png,557.4,893,65.9,21.2,963
10/17/2019 10:33,datasets/dataset_cropped/10_Metas/17/10/20191017103300_00160.jpg,datasets_flow/dataset_cropped/10_Metas/17/10/20191017103300_00160.jpg,datasets_cloudmask/dataset_cropped/10_Metas/17/10/20191017103300_00160.png,559.7,894,65.9,21.1,963
10/17/2019 10:34,datasets/dataset_cropped/10_Metas/17/10/20191017103400_00160.jpg,datasets_flow/dataset_cropped/10_Metas/17/10/20191017103400_00160.jpg,datasets_cloudmask/dataset_cropped/10_Metas/17/10/20191017103400_00160.png,561.9,895,66,21.2,963
10/17/2019 10:35,datasets/dataset_cropped/10_Metas/17/10/20191017103500_00160.jpg,datasets_flow/dataset_cropped/10_Metas/17/10/20191017103500_00160.jpg,datasets_cloudmask/dataset_cropped/10_Metas/17/10/20191017103500_00160.png,564.2,896,66,21.2,963
10/17/2019 10:36,datasets/dataset_cropped/10_Metas/17/10/20191017103600_00160.jpg,datasets_flow/dataset_cropped/10_Metas/17/10/20191017103600_00160.jpg,datasets_cloudmask/dataset_cropped/10_Metas/17/10/20191017103600_00160.png,566.9,897,66.2,21.4,963
10/17/2019 10:37,datasets/dataset_cropped/10_Metas/17/10/20191017103700_00160.jpg,datasets_flow/dataset_cropped/10_Metas/17/10/20191017103700_00160.jpg,datasets_cloudmask/dataset_cropped/10_Metas/17/10/20191017103700_00160.png,569,898,66.3,21.5,963
10/17/2019 10:38,datasets/dataset_cropped/10_Metas/17/10/20191017103800_00160.jpg,datasets_flow/dataset_cropped/10_Metas/17/10/20191017103800_00160.jpg,datasets_cloudmask/dataset_cropped/10_Metas/17/10/20191017103800_00160.png,570.7,898,66.1,21.6,963
10/17/2019 10:39,datasets/dataset_cropped/10_Metas/17/10/20191017103900_00160.jpg,datasets_flow/dataset_cropped/10_Metas/17/10/20191017103900_00160.jpg,datasets_cloudmask/dataset_cropped/10_Metas/17/10/20191017103900_00160.png,573,899,65.9,21.6,963
10/17/2019 10:40,datasets/dataset_cropped/10_Metas/17/10/20191017104000_00160.jpg,datasets_flow/dataset_cropped/10_Metas/17/10/20191017104000_00160.jpg,datasets_cloudmask/dataset_cropped/10_Metas/17/10/20191017104000_00160.png,575.4,899,66,21.6,963
10/17/2019 10:41,datasets/dataset_cropped/10_Metas/17/10/20191017104100_00160.jpg,datasets_flow/dataset_cropped/10_Metas/17/10/20191017104100_00160.jpg,datasets_cloudmask/dataset_cropped/10_Metas/17/10/20191017104100_00160.png,577.7,900,66.3,21.8,963
10/17/2019 10:42,datasets/dataset_cropped/10_Metas/17/10/20191017104200_00160.jpg,datasets_flow/dataset_cropped/10_Metas/17/10/20191017104200_00160.jpg,datasets_cloudmask/dataset_cropped/10_Metas/17/10/20191017104200_00160.png,580.2,901,66.5,21.9,963
10/17/2019 10:43,datasets/dataset_cropped/10_Metas/17/10/20191017104300_00160.jpg,datasets_flow/dataset_cropped/10_Metas/17/10/20191017104300_00160.jpg,datasets_cloudmask/dataset_cropped/10_Metas/17/10/20191017104300_00160.png,582.2,901,66.5,21.8,963
10/17/2019 10:44,datasets/dataset_cropped/10_Metas/17/10/20191017104400_00160.jpg,datasets_flow/dataset_cropped/10_Metas/17/10/20191017104400_00160.jpg,datasets_cloudmask/dataset_cropped/10_Metas/17/10/20191017104400_00160.png,584.5,902,66.5,21.9,963
10/17/2019 10:45,datasets/dataset_cropped/10_Metas/17/10/20191017104500_00160.jpg,datasets_flow/dataset_cropped/10_Metas/17/10/20191017104500_00160.jpg,datasets_cloudmask/dataset_cropped/10_Metas/17/10/20191017104500_00160.png,586.7,902,66.9,22,963
10/17/2019 10:46,datasets/dataset_cropped/10_Metas/17/10/20191017104600_00160.jpg,datasets_flow/dataset_cropped/10_Metas/17/10/20191017104600_00160.jpg,datasets_cloudmask/dataset_cropped/10_Metas/17/10/20191017104600_00160.png,589.1,903,67.2,22.1,963
10/17/2019 10:47,datasets/dataset_cropped/10_Metas/17/10/20191017104700_00160.jpg,datasets_flow/dataset_cropped/10_Metas/17/10/20191017104700_00160.jpg,datasets_cloudmask/dataset_cropped/10_Metas/17/10/20191017104700_00160.png,591.9,906,67,22.1,963
10/17/2019 10:48,datasets/dataset_cropped/10_Metas/17/10/20191017104800_00160.jpg,datasets_flow/dataset_cropped/10_Metas/17/10/20191017104800_00160.jpg,datasets_cloudmask/dataset_cropped/10_Metas/17/10/20191017104800_00160.png,593.7,906,67.1,22,963
10/17/2019 10:49,datasets/dataset_cropped/10_Metas/17/10/20191017104900_00160.jpg,datasets_flow/dataset_cropped/10_Metas/17/10/20191017104900_00160.jpg,datasets_cloudmask/dataset_cropped/10_Metas/17/10/20191017104900_00160.png,595.5,906,67,22,963
10/17/2019 10:50,datasets/dataset_cropped/10_Metas/17/10/20191017105000_00160.jpg,datasets_flow/dataset_cropped/10_Metas/17/10/20191017105000_00160.jpg,datasets_cloudmask/dataset_cropped/10_Metas/17/10/20191017105000_00160.png,597.6,906,67.2,21.9,963
10/17/2019 10:51,datasets/dataset_cropped/10_Metas/17/10/20191017105100_00160.jpg,datasets_flow/dataset_cropped/10_Metas/17/10/20191017105100_00160.jpg,datasets_cloudmask/dataset_cropped/10_Metas/17/10/20191017105100_00160.png,599.3,905,67.2,22.1,963
10/17/2019 10:52,datasets/dataset_cropped/10_Metas/17/10/20191017105200_00160.jpg,datasets_flow/dataset_cropped/10_Metas/17/10/20191017105200_00160.jpg,datasets_cloudmask/dataset_cropped/10_Metas/17/10/20191017105200_00160.png,601.4,905,67.3,22.2,963
10/17/2019 10:53,datasets/dataset_cropped/10_Metas/17/10/20191017105300_00160.jpg,datasets_flow/dataset_cropped/10_Metas/17/10/20191017105300_00160.jpg,datasets_cloudmask/dataset_cropped/10_Metas/17/10/20191017105300_00160.png,603.5,906,67.8,22.1,963
10/17/2019 10:54,datasets/dataset_cropped/10_Metas/17/10/20191017105400_00160.jpg,datasets_flow/dataset_cropped/10_Metas/17/10/20191017105400_00160.jpg,datasets_cloudmask/dataset_cropped/10_Metas/17/10/20191017105400_00160.png,605.3,905,68.2,22.4,963
10/17/2019 10:55,datasets/dataset_cropped/10_Metas/17/10/20191017105500_00160.jpg,datasets_flow/dataset_cropped/10_Metas/17/10/20191017105500_00160.jpg,datasets_cloudmask/dataset_cropped/10_Metas/17/10/20191017105500_00160.png,608.4,908,67.7,22.5,963
10/17/2019 10:56,datasets/dataset_cropped/10_Metas/17/10/20191017105600_00160.jpg,datasets_flow/dataset_cropped/10_Metas/17/10/20191017105600_00160.jpg,datasets_cloudmask/dataset_cropped/10_Metas/17/10/20191017105600_00160.png,611.3,910,67.5,22.6,963
10/17/2019 10:57,datasets/dataset_cropped/10_Metas/17/10/20191017105700_00160.jpg,datasets_flow/dataset_cropped/10_Metas/17/10/20191017105700_00160.jpg,datasets_cloudmask/dataset_cropped/10_Metas/17/10/20191017105700_00160.png,613,911,67.3,22.7,963
10/17/2019 10:58,datasets/dataset_cropped/10_Metas/17/10/20191017105800_00160.jpg,datasets_flow/dataset_cropped/10_Metas/17/10/20191017105800_00160.jpg,datasets_cloudmask/dataset_cropped/10_Metas/17/10/20191017105800_00160.png,615.2,912,67,22.6,963
10/17/2019 10:59,datasets/dataset_cropped/10_Metas/17/10/20191017105900_00160.jpg,datasets_flow/dataset_cropped/10_Metas/17/10/20191017105900_00160.jpg,datasets_cloudmask/dataset_cropped/10_Metas/17/10/20191017105900_00160.png,617.4,912,66.9,22.5,963
10/17/2019 11:00,datasets/dataset_cropped/10_Metas/17/11/20191017110000_00160.jpg,datasets_flow/dataset_cropped/10_Metas/17/11/20191017110000_00160.jpg,datasets_cloudmask/dataset_cropped/10_Metas/17/11/20191017110000_00160.png,619.4,913,67.2,22.3,963
10/17/2019 11:01,datasets/dataset_cropped/10_Metas/17/11/20191017110100_00160.jpg,datasets_flow/dataset_cropped/10_Metas/17/11/20191017110100_00160.jpg,datasets_cloudmask/dataset_cropped/10_Metas/17/11/20191017110100_00160.png,621.5,913,67.2,22.1,963
10/17/2019 11:02,datasets/dataset_cropped/10_Metas/17/11/20191017110200_00160.jpg,datasets_flow/dataset_cropped/10_Metas/17/11/20191017110200_00160.jpg,datasets_cloudmask/dataset_cropped/10_Metas/17/11/20191017110200_00160.png,623.4,915,67.1,22.1,963
10/17/2019 11:03,datasets/dataset_cropped/10_Metas/17/11/20191017110300_00160.jpg,datasets_flow/dataset_cropped/10_Metas/17/11/20191017110300_00160.jpg,datasets_cloudmask/dataset_cropped/10_Metas/17/11/20191017110300_00160.png,625.5,915,67.5,22.2,963
10/17/2019 11:04,datasets/dataset_cropped/10_Metas/17/11/20191017110400_00160.jpg,datasets_flow/dataset_cropped/10_Metas/17/11/20191017110400_00160.jpg,datasets_cloudmask/dataset_cropped/10_Metas/17/11/20191017110400_00160.png,626.9,915,67.4,22.2,963
10/17/2019 11:05,datasets/dataset_cropped/10_Metas/17/11/20191017110500_00160.jpg,datasets_flow/dataset_cropped/10_Metas/17/11/20191017110500_00160.jpg,datasets_cloudmask/dataset_cropped/10_Metas/17/11/20191017110500_00160.png,628.1,914,67.5,22.3,963
10/17/2019 11:06,datasets/dataset_cropped/10_Metas/17/11/20191017110600_00160.jpg,datasets_flow/dataset_cropped/10_Metas/17/11/20191017110600_00160.jpg,datasets_cloudmask/dataset_cropped/10_Metas/17/11/20191017110600_00160.png,630.4,914,67.8,22.1,963
10/17/2019 11:07,datasets/dataset_cropped/10_Metas/17/11/20191017110700_00160.jpg,datasets_flow/dataset_cropped/10_Metas/17/11/20191017110700_00160.jpg,datasets_cloudmask/dataset_cropped/10_Metas/17/11/20191017110700_00160.png,632.2,915,67.6,22.1,963
10/17/2019 11:08,datasets/dataset_cropped/10_Metas/17/11/20191017110800_00160.jpg,datasets_flow/dataset_cropped/10_Metas/17/11/20191017110800_00160.jpg,datasets_cloudmask/dataset_cropped/10_Metas/17/11/20191017110800_00160.png,633.8,915,67.9,22.1,963
10/17/2019 11:09,datasets/dataset_cropped/10_Metas/17/11/20191017110900_00160.jpg,datasets_flow/dataset_cropped/10_Metas/17/11/20191017110900_00160.jpg,datasets_cloudmask/dataset_cropped/10_Metas/17/11/20191017110900_00160.png,635.8,916,68.1,22.3,963
10/17/2019 11:10,datasets/dataset_cropped/10_Metas/17/11/20191017111000_00160.jpg,datasets_flow/dataset_cropped/10_Metas/17/11/20191017111000_00160.jpg,datasets_cloudmask/dataset_cropped/10_Metas/17/11/20191017111000_00160.png,637.5,916,68.2,22.5,963
10/17/2019 11:11,datasets/dataset_cropped/10_Metas/17/11/20191017111100_00160.jpg,datasets_flow/dataset_cropped/10_Metas/17/11/20191017111100_00160.jpg,datasets_cloudmask/dataset_cropped/10_Metas/17/11/20191017111100_00160.png,639,916,68.4,22.4,963
10/17/2019 11:12,datasets/dataset_cropped/10_Metas/17/11/20191017111200_00160.jpg,datasets_flow/dataset_cropped/10_Metas/17/11/20191017111200_00160.jpg,datasets_cloudmask/dataset_cropped/10_Metas/17/11/20191017111200_00160.png,641.2,917,68.7,22.3,963
10/17/2019 11:13,datasets/dataset_cropped/10_Metas/17/11/20191017111300_00160.jpg,datasets_flow/dataset_cropped/10_Metas/17/11/20191017111300_00160.jpg,datasets_cloudmask/dataset_cropped/10_Metas/17/11/20191017111300_00160.png,643.3,919,68.4,22.3,963
10/17/2019 11:14,datasets/dataset_cropped/10_Metas/17/11/20191017111400_00160.jpg,datasets_flow/dataset_cropped/10_Metas/17/11/20191017111400_00160.jpg,datasets_cloudmask/dataset_cropped/10_Metas/17/11/20191017111400_00160.png,644.6,918,68.6,22.2,963
10/17/2019 11:15,datasets/dataset_cropped/10_Metas/17/11/20191017111500_00160.jpg,datasets_flow/dataset_cropped/10_Metas/17/11/20191017111500_00160.jpg,datasets_cloudmask/dataset_cropped/10_Metas/17/11/20191017111500_00160.png,646.4,919,68.7,22.3,963
10/17/2019 11:16,datasets/dataset_cropped/10_Metas/17/11/20191017111600_00160.jpg,datasets_flow/dataset_cropped/10_Metas/17/11/20191017111600_00160.jpg,datasets_cloudmask/dataset_cropped/10_Metas/17/11/20191017111600_00160.png,648,919,68.8,22.3,963
10/17/2019 11:17,datasets/dataset_cropped/10_Metas/17/11/20191017111700_00160.jpg,datasets_flow/dataset_cropped/10_Metas/17/11/20191017111700_00160.jpg,datasets_cloudmask/dataset_cropped/10_Metas/17/11/20191017111700_00160.png,649.9,921,68.5,22.2,963
10/17/2019 11:18,datasets/dataset_cropped/10_Metas/17/11/20191017111800_00160.jpg,datasets_flow/dataset_cropped/10_Metas/17/11/20191017111800_00160.jpg,datasets_cloudmask/dataset_cropped/10_Metas/17/11/20191017111800_00160.png,651.5,921,68.4,22.1,963
10/17/2019 11:19,datasets/dataset_cropped/10_Metas/17/11/20191017111900_00160.jpg,datasets_flow/dataset_cropped/10_Metas/17/11/20191017111900_00160.jpg,datasets_cloudmask/dataset_cropped/10_Metas/17/11/20191017111900_00160.png,653,921,68.3,22.1,963
10/17/2019 11:20,datasets/dataset_cropped/10_Metas/17/11/20191017112000_00160.jpg,datasets_flow/dataset_cropped/10_Metas/17/11/20191017112000_00160.jpg,datasets_cloudmask/dataset_cropped/10_Metas/17/11/20191017112000_00160.png,655.1,922,68.5,22.1,963
10/17/2019 11:21,datasets/dataset_cropped/10_Metas/17/11/20191017112100_00160.jpg,datasets_flow/dataset_cropped/10_Metas/17/11/20191017112100_00160.jpg,datasets_cloudmask/dataset_cropped/10_Metas/17/11/20191017112100_00160.png,656.9,923,68.7,21.9,963
10/17/2019 11:22,datasets/dataset_cropped/10_Metas/17/11/20191017112200_00160.jpg,datasets_flow/dataset_cropped/10_Metas/17/11/20191017112200_00160.jpg,datasets_cloudmask/dataset_cropped/10_Metas/17/11/20191017112200_00160.png,659.3,924,68.8,21.8,963
10/17/2019 11:23,datasets/dataset_cropped/10_Metas/17/11/20191017112300_00160.jpg,datasets_flow/dataset_cropped/10_Metas/17/11/20191017112300_00160.jpg,datasets_cloudmask/dataset_cropped/10_Metas/17/11/20191017112300_00160.png,661,925,69.2,21.9,963
10/17/2019 11:24,datasets/dataset_cropped/10_Metas/17/11/20191017112400_00160.jpg,datasets_flow/dataset_cropped/10_Metas/17/11/20191017112400_00160.jpg,datasets_cloudmask/dataset_cropped/10_Metas/17/11/20191017112400_00160.png,662.6,925,69.4,22,963
10/17/2019 11:25,datasets/dataset_cropped/10_Metas/17/11/20191017112500_00160.jpg,datasets_flow/dataset_cropped/10_Metas/17/11/20191017112500_00160.jpg,datasets_cloudmask/dataset_cropped/10_Metas/17/11/20191017112500_00160.png,664.5,926,69.2,22.2,963
10/17/2019 11:26,datasets/dataset_cropped/10_Metas/17/11/20191017112600_00160.jpg,datasets_flow/dataset_cropped/10_Metas/17/11/20191017112600_00160.jpg,datasets_cloudmask/dataset_cropped/10_Metas/17/11/20191017112600_00160.png,665.5,926,69.3,22.2,963
10/17/2019 11:27,datasets/dataset_cropped/10_Metas/17/11/20191017112700_00160.jpg,datasets_flow/dataset_cropped/10_Metas/17/11/20191017112700_00160.jpg,datasets_cloudmask/dataset_cropped/10_Metas/17/11/20191017112700_00160.png,667.1,926,69.7,22.1,963
10/17/2019 11:28,datasets/dataset_cropped/10_Metas/17/11/20191017112800_00160.jpg,datasets_flow/dataset_cropped/10_Metas/17/11/20191017112800_00160.jpg,datasets_cloudmask/dataset_cropped/10_Metas/17/11/20191017112800_00160.png,669.8,929,69.2,22.3,963
10/17/2019 11:29,datasets/dataset_cropped/10_Metas/17/11/20191017112900_00160.jpg,datasets_flow/dataset_cropped/10_Metas/17/11/20191017112900_00160.jpg,datasets_cloudmask/dataset_cropped/10_Metas/17/11/20191017112900_00160.png,670.4,928,69.3,22.3,963
10/17/2019 11:30,datasets/dataset_cropped/10_Metas/17/11/20191017113000_00160.jpg,datasets_flow/dataset_cropped/10_Metas/17/11/20191017113000_00160.jpg,datasets_cloudmask/dataset_cropped/10_Metas/17/11/20191017113000_00160.png,671,926,69.8,22.4,963
10/17/2019 11:31,datasets/dataset_cropped/10_Metas/17/11/20191017113100_00160.jpg,datasets_flow/dataset_cropped/10_Metas/17/11/20191017113100_00160.jpg,datasets_cloudmask/dataset_cropped/10_Metas/17/11/20191017113100_00160.png,673,928,69.6,22.4,963
10/17/2019 11:32,datasets/dataset_cropped/10_Metas/17/11/20191017113200_00160.jpg,datasets_flow/dataset_cropped/10_Metas/17/11/20191017113200_00160.jpg,datasets_cloudmask/dataset_cropped/10_Metas/17/11/20191017113200_00160.png,675.1,929,69.5,22.4,963
10/17/2019 11:33,datasets/dataset_cropped/10_Metas/17/11/20191017113300_00160.jpg,datasets_flow/dataset_cropped/10_Metas/17/11/20191017113300_00160.jpg,datasets_cloudmask/dataset_cropped/10_Metas/17/11/20191017113300_00160.png,675.7,928,69.9,22.3,963
10/17/2019 11:34,datasets/dataset_cropped/10_Metas/17/11/20191017113400_00160.jpg,datasets_flow/dataset_cropped/10_Metas/17/11/20191017113400_00160.jpg,datasets_cloudmask/dataset_cropped/10_Metas/17/11/20191017113400_00160.png,677.7,929,69.7,22.4,963
10/17/2019 11:35,datasets/dataset_cropped/10_Metas/17/11/20191017113500_00160.jpg,datasets_flow/dataset_cropped/10_Metas/17/11/20191017113500_00160.jpg,datasets_cloudmask/dataset_cropped/10_Metas/17/11/20191017113500_00160.png,678.9,929,69.7,22.5,963
10/17/2019 11:36,datasets/dataset_cropped/10_Metas/17/11/20191017113600_00160.jpg,datasets_flow/dataset_cropped/10_Metas/17/11/20191017113600_00160.jpg,datasets_cloudmask/dataset_cropped/10_Metas/17/11/20191017113600_00160.png,680.6,930,69.7,22.3,963
10/17/2019 11:37,datasets/dataset_cropped/10_Metas/17/11/20191017113700_00160.jpg,datasets_flow/dataset_cropped/10_Metas/17/11/20191017113700_00160.jpg,datasets_cloudmask/dataset_cropped/10_Metas/17/11/20191017113700_00160.png,682,930,69.7,22.2,963
10/17/2019 11:38,datasets/dataset_cropped/10_Metas/17/11/20191017113800_00160.jpg,datasets_flow/dataset_cropped/10_Metas/17/11/20191017113800_00160.jpg,datasets_cloudmask/dataset_cropped/10_Metas/17/11/20191017113800_00160.png,683.3,931,69.8,22.4,963
10/17/2019 11:39,datasets/dataset_cropped/10_Metas/17/11/20191017113900_00160.jpg,datasets_flow/dataset_cropped/10_Metas/17/11/20191017113900_00160.jpg,datasets_cloudmask/dataset_cropped/10_Metas/17/11/20191017113900_00160.png,684.8,931,69.9,22.4,963
10/17/2019 11:40,datasets/dataset_cropped/10_Metas/17/11/20191017114000_00160.jpg,datasets_flow/dataset_cropped/10_Metas/17/11/20191017114000_00160.jpg,datasets_cloudmask/dataset_cropped/10_Metas/17/11/20191017114000_00160.png,685.7,931,70.1,22.4,963
10/17/2019 11:41,datasets/dataset_cropped/10_Metas/17/11/20191017114100_00160.jpg,datasets_flow/dataset_cropped/10_Metas/17/11/20191017114100_00160.jpg,datasets_cloudmask/dataset_cropped/10_Metas/17/11/20191017114100_00160.png,687.8,933,69.9,22.7,963
10/17/2019 11:42,datasets/dataset_cropped/10_Metas/17/11/20191017114200_00160.jpg,datasets_flow/dataset_cropped/10_Metas/17/11/20191017114200_00160.jpg,datasets_cloudmask/dataset_cropped/10_Metas/17/11/20191017114200_00160.png,688.2,931,70.3,23,963
10/17/2019 11:43,datasets/dataset_cropped/10_Metas/17/11/20191017114300_00160.jpg,datasets_flow/dataset_cropped/10_Metas/17/11/20191017114300_00160.jpg,datasets_cloudmask/dataset_cropped/10_Metas/17/11/20191017114300_00160.png,689,928,72.1,23.1,963
10/17/2019 11:44,datasets/dataset_cropped/10_Metas/17/11/20191017114400_00160.jpg,datasets_flow/dataset_cropped/10_Metas/17/11/20191017114400_00160.jpg,datasets_cloudmask/dataset_cropped/10_Metas/17/11/20191017114400_00160.png,691,932,70.9,22.8,963
10/17/2019 11:45,datasets/dataset_cropped/10_Metas/17/11/20191017114500_00160.jpg,datasets_flow/dataset_cropped/10_Metas/17/11/20191017114500_00160.jpg,datasets_cloudmask/dataset_cropped/10_Metas/17/11/20191017114500_00160.png,692.4,933,70.6,22.6,963
10/17/2019 11:46,datasets/dataset_cropped/10_Metas/17/11/20191017114600_00160.jpg,datasets_flow/dataset_cropped/10_Metas/17/11/20191017114600_00160.jpg,datasets_cloudmask/dataset_cropped/10_Metas/17/11/20191017114600_00160.png,693.3,932,70.6,22.6,963
10/17/2019 11:47,datasets/dataset_cropped/10_Metas/17/11/20191017114700_00160.jpg,datasets_flow/dataset_cropped/10_Metas/17/11/20191017114700_00160.jpg,datasets_cloudmask/dataset_cropped/10_Metas/17/11/20191017114700_00160.png,695,933,70.6,22.8,963
10/17/2019 11:48,datasets/dataset_cropped/10_Metas/17/11/20191017114800_00160.jpg,datasets_flow/dataset_cropped/10_Metas/17/11/20191017114800_00160.jpg,datasets_cloudmask/dataset_cropped/10_Metas/17/11/20191017114800_00160.png,696.6,934,70.5,22.9,963
10/17/2019 11:49,datasets/dataset_cropped/10_Metas/17/11/20191017114900_00160.jpg,datasets_flow/dataset_cropped/10_Metas/17/11/20191017114900_00160.jpg,datasets_cloudmask/dataset_cropped/10_Metas/17/11/20191017114900_00160.png,697.8,935,70.1,23,962
10/17/2019 11:50,datasets/dataset_cropped/10_Metas/17/11/20191017115000_00160.jpg,datasets_flow/dataset_cropped/10_Metas/17/11/20191017115000_00160.jpg,datasets_cloudmask/dataset_cropped/10_Metas/17/11/20191017115000_00160.png,698.4,934,70.2,23,962
10/17/2019 11:51,datasets/dataset_cropped/10_Metas/17/11/20191017115100_00160.jpg,datasets_flow/dataset_cropped/10_Metas/17/11/20191017115100_00160.jpg,datasets_cloudmask/dataset_cropped/10_Metas/17/11/20191017115100_00160.png,699.4,933,70.7,22.8,963
10/17/2019 11:52,datasets/dataset_cropped/10_Metas/17/11/20191017115200_00160.jpg,datasets_flow/dataset_cropped/10_Metas/17/11/20191017115200_00160.jpg,datasets_cloudmask/dataset_cropped/10_Metas/17/11/20191017115200_00160.png,700.4,934,70.9,22.9,962
10/17/2019 11:53,datasets/dataset_cropped/10_Metas/17/11/20191017115300_00160.jpg,datasets_flow/dataset_cropped/10_Metas/17/11/20191017115300_00160.jpg,datasets_cloudmask/dataset_cropped/10_Metas/17/11/20191017115300_00160.png,701.6,934,71,22.8,962
10/17/2019 11:54,datasets/dataset_cropped/10_Metas/17/11/20191017115400_00160.jpg,datasets_flow/dataset_cropped/10_Metas/17/11/20191017115400_00160.jpg,datasets_cloudmask/dataset_cropped/10_Metas/17/11/20191017115400_00160.png,702.9,934,71.2,22.8,963
10/17/2019 11:55,datasets/dataset_cropped/10_Metas/17/11/20191017115500_00160.jpg,datasets_flow/dataset_cropped/10_Metas/17/11/20191017115500_00160.jpg,datasets_cloudmask/dataset_cropped/10_Metas/17/11/20191017115500_00160.png,704.3,935,71.1,22.7,962
10/17/2019 11:56,datasets/dataset_cropped/10_Metas/17/11/20191017115600_00160.jpg,datasets_flow/dataset_cropped/10_Metas/17/11/20191017115600_00160.jpg,datasets_cloudmask/dataset_cropped/10_Metas/17/11/20191017115600_00160.png,705.5,936,70.9,22.7,962
10/17/2019 11:57,datasets/dataset_cropped/10_Metas/17/11/20191017115700_00160.jpg,datasets_flow/dataset_cropped/10_Metas/17/11/20191017115700_00160.jpg,datasets_cloudmask/dataset_cropped/10_Metas/17/11/20191017115700_00160.png,706.6,937,71.1,22.9,962
10/17/2019 11:58,datasets/dataset_cropped/10_Metas/17/11/20191017115800_00160.jpg,datasets_flow/dataset_cropped/10_Metas/17/11/20191017115800_00160.jpg,datasets_cloudmask/dataset_cropped/10_Metas/17/11/20191017115800_00160.png,706.7,935,71.3,22.9,962
10/17/2019 11:59,datasets/dataset_cropped/10_Metas/17/11/20191017115900_00160.jpg,datasets_flow/dataset_cropped/10_Metas/17/11/20191017115900_00160.jpg,datasets_cloudmask/dataset_cropped/10_Metas/17/11/20191017115900_00160.png,708.1,936,71.6,22.8,962
10/17/2019 12:00,datasets/dataset_cropped/10_Metas/17/12/20191017120000_00160.jpg,datasets_flow/dataset_cropped/10_Metas/17/12/20191017120000_00160.jpg,datasets_cloudmask/dataset_cropped/10_Metas/17/12/20191017120000_00160.png,709,937,71.2,22.8,962
10/17/2019 12:01,datasets/dataset_cropped/10_Metas/17/12/20191017120100_00160.jpg,datasets_flow/dataset_cropped/10_Metas/17/12/20191017120100_00160.jpg,datasets_cloudmask/dataset_cropped/10_Metas/17/12/20191017120100_00160.png,709.9,937,70.7,22.8,962
10/17/2019 12:02,datasets/dataset_cropped/10_Metas/17/12/20191017120200_00160.jpg,datasets_flow/dataset_cropped/10_Metas/17/12/20191017120200_00160.jpg,datasets_cloudmask/dataset_cropped/10_Metas/17/12/20191017120200_00160.png,711.1,938,70.5,22.9,962
10/17/2019 12:03,datasets/dataset_cropped/10_Metas/17/12/20191017120300_00160.jpg,datasets_flow/dataset_cropped/10_Metas/17/12/20191017120300_00160.jpg,datasets_cloudmask/dataset_cropped/10_Metas/17/12/20191017120300_00160.png,712.7,938,70.7,22.9,962
10/17/2019 12:04,datasets/dataset_cropped/10_Metas/17/12/20191017120400_00160.jpg,datasets_flow/dataset_cropped/10_Metas/17/12/20191017120400_00160.jpg,datasets_cloudmask/dataset_cropped/10_Metas/17/12/20191017120400_00160.png,713.7,939,71.2,22.7,962
10/17/2019 12:05,datasets/dataset_cropped/10_Metas/17/12/20191017120500_00160.jpg,datasets_flow/dataset_cropped/10_Metas/17/12/20191017120500_00160.jpg,datasets_cloudmask/dataset_cropped/10_Metas/17/12/20191017120500_00160.png,714.1,939,71.3,22.6,962
10/17/2019 12:06,datasets/dataset_cropped/10_Metas/17/12/20191017120600_00160.jpg,datasets_flow/dataset_cropped/10_Metas/17/12/20191017120600_00160.jpg,datasets_cloudmask/dataset_cropped/10_Metas/17/12/20191017120600_00160.png,713.9,938,71.6,22.6,962
10/17/2019 12:07,datasets/dataset_cropped/10_Metas/17/12/20191017120700_00160.jpg,datasets_flow/dataset_cropped/10_Metas/17/12/20191017120700_00160.jpg,datasets_cloudmask/dataset_cropped/10_Metas/17/12/20191017120700_00160.png,714.2,937,71.8,22.7,962
10/17/2019 12:08,datasets/dataset_cropped/10_Metas/17/12/20191017120800_00160.jpg,datasets_flow/dataset_cropped/10_Metas/17/12/20191017120800_00160.jpg,datasets_cloudmask/dataset_cropped/10_Metas/17/12/20191017120800_00160.png,715.2,938,71.3,22.7,962
10/17/2019 12:09,datasets/dataset_cropped/10_Metas/17/12/20191017120900_00160.jpg,datasets_flow/dataset_cropped/10_Metas/17/12/20191017120900_00160.jpg,datasets_cloudmask/dataset_cropped/10_Metas/17/12/20191017120900_00160.png,716.2,938,71.3,22.9,962
10/17/2019 12:10,datasets/dataset_cropped/10_Metas/17/12/20191017121000_00160.jpg,datasets_flow/dataset_cropped/10_Metas/17/12/20191017121000_00160.jpg,datasets_cloudmask/dataset_cropped/10_Metas/17/12/20191017121000_00160.png,716.9,938,71.5,23.1,962
10/17/2019 12:11,datasets/dataset_cropped/10_Metas/17/12/20191017121100_00160.jpg,datasets_flow/dataset_cropped/10_Metas/17/12/20191017121100_00160.jpg,datasets_cloudmask/dataset_cropped/10_Metas/17/12/20191017121100_00160.png,718,938,71.6,23,962
10/17/2019 12:12,datasets/dataset_cropped/10_Metas/17/12/20191017121200_00160.jpg,datasets_flow/dataset_cropped/10_Metas/17/12/20191017121200_00160.jpg,datasets_cloudmask/dataset_cropped/10_Metas/17/12/20191017121200_00160.png,719.2,939,71.6,23.2,962
10/17/2019 12:13,datasets/dataset_cropped/10_Metas/17/12/20191017121300_00160.jpg,datasets_flow/dataset_cropped/10_Metas/17/12/20191017121300_00160.jpg,datasets_cloudmask/dataset_cropped/10_Metas/17/12/20191017121300_00160.png,719.1,938,71.8,23.3,962
10/17/2019 12:14,datasets/dataset_cropped/10_Metas/17/12/20191017121400_00160.jpg,datasets_flow/dataset_cropped/10_Metas/17/12/20191017121400_00160.jpg,datasets_cloudmask/dataset_cropped/10_Metas/17/12/20191017121400_00160.png,720.3,939,71.6,23.3,962
10/17/2019 12:15,datasets/dataset_cropped/10_Metas/17/12/20191017121500_00160.jpg,datasets_flow/dataset_cropped/10_Metas/17/12/20191017121500_00160.jpg,datasets_cloudmask/dataset_cropped/10_Metas/17/12/20191017121500_00160.png,720.5,938,71.9,23.1,962
10/17/2019 12:16,datasets/dataset_cropped/10_Metas/17/12/20191017121600_00160.jpg,datasets_flow/dataset_cropped/10_Metas/17/12/20191017121600_00160.jpg,datasets_cloudmask/dataset_cropped/10_Metas/17/12/20191017121600_00160.png,721.3,939,71.6,23.4,962
10/17/2019 12:17,datasets/dataset_cropped/10_Metas/17/12/20191017121700_00160.jpg,datasets_flow/dataset_cropped/10_Metas/17/12/20191017121700_00160.jpg,datasets_cloudmask/dataset_cropped/10_Metas/17/12/20191017121700_00160.png,722.1,939,71.9,23.6,962
10/17/2019 12:18,datasets/dataset_cropped/10_Metas/17/12/20191017121800_00160.jpg,datasets_flow/dataset_cropped/10_Metas/17/12/20191017121800_00160.jpg,datasets_cloudmask/dataset_cropped/10_Metas/17/12/20191017121800_00160.png,723,939,72.4,23.6,962
10/17/2019 12:19,datasets/dataset_cropped/10_Metas/17/12/20191017121900_00160.jpg,datasets_flow/dataset_cropped/10_Metas/17/12/20191017121900_00160.jpg,datasets_cloudmask/dataset_cropped/10_Metas/17/12/20191017121900_00160.png,724.3,940,72.8,23.7,962
10/17/2019 12:20,datasets/dataset_cropped/10_Metas/17/12/20191017122000_00160.jpg,datasets_flow/dataset_cropped/10_Metas/17/12/20191017122000_00160.jpg,datasets_cloudmask/dataset_cropped/10_Metas/17/12/20191017122000_00160.png,724.3,940,72.7,23.7,962
10/17/2019 12:21,datasets/dataset_cropped/10_Metas/17/12/20191017122100_00160.jpg,datasets_flow/dataset_cropped/10_Metas/17/12/20191017122100_00160.jpg,datasets_cloudmask/dataset_cropped/10_Metas/17/12/20191017122100_00160.png,724.5,940,72.4,23.7,962
10/17/2019 12:22,datasets/dataset_cropped/10_Metas/17/12/20191017122200_00160.jpg,datasets_flow/dataset_cropped/10_Metas/17/12/20191017122200_00160.jpg,datasets_cloudmask/dataset_cropped/10_Metas/17/12/20191017122200_00160.png,725.5,940,72.2,23.6,962
10/17/2019 12:23,datasets/dataset_cropped/10_Metas/17/12/20191017122300_00160.jpg,datasets_flow/dataset_cropped/10_Metas/17/12/20191017122300_00160.jpg,datasets_cloudmask/dataset_cropped/10_Metas/17/12/20191017122300_00160.png,726.4,941,72.2,23.5,962
10/17/2019 12:24,datasets/dataset_cropped/10_Metas/17/12/20191017122400_00160.jpg,datasets_flow/dataset_cropped/10_Metas/17/12/20191017122400_00160.jpg,datasets_cloudmask/dataset_cropped/10_Metas/17/12/20191017122400_00160.png,727.1,941,71.7,23.5,962
10/17/2019 12:25,datasets/dataset_cropped/10_Metas/17/12/20191017122500_00160.jpg,datasets_flow/dataset_cropped/10_Metas/17/12/20191017122500_00160.jpg,datasets_cloudmask/dataset_cropped/10_Metas/17/12/20191017122500_00160.png,728.1,942,71.8,23.7,962
10/17/2019 12:26,datasets/dataset_cropped/10_Metas/17/12/20191017122600_00160.jpg,datasets_flow/dataset_cropped/10_Metas/17/12/20191017122600_00160.jpg,datasets_cloudmask/dataset_cropped/10_Metas/17/12/20191017122600_00160.png,729.2,943,71.7,23.8,962
10/17/2019 12:27,datasets/dataset_cropped/10_Metas/17/12/20191017122700_00160.jpg,datasets_flow/dataset_cropped/10_Metas/17/12/20191017122700_00160.jpg,datasets_cloudmask/dataset_cropped/10_Metas/17/12/20191017122700_00160.png,728.5,941,71.8,23.8,962
10/17/2019 12:28,datasets/dataset_cropped/10_Metas/17/12/20191017122800_00160.jpg,datasets_flow/dataset_cropped/10_Metas/17/12/20191017122800_00160.jpg,datasets_cloudmask/dataset_cropped/10_Metas/17/12/20191017122800_00160.png,728.9,940,72,23.9,962
10/17/2019 12:29,datasets/dataset_cropped/10_Metas/17/12/20191017122900_00160.jpg,datasets_flow/dataset_cropped/10_Metas/17/12/20191017122900_00160.jpg,datasets_cloudmask/dataset_cropped/10_Metas/17/12/20191017122900_00160.png,729.1,940,72,23.8,962
10/17/2019 12:30,datasets/dataset_cropped/10_Metas/17/12/20191017123000_00160.jpg,datasets_flow/dataset_cropped/10_Metas/17/12/20191017123000_00160.jpg,datasets_cloudmask/dataset_cropped/10_Metas/17/12/20191017123000_00160.png,728.8,939,72.4,23.9,962
10/17/2019 12:31,datasets/dataset_cropped/10_Metas/17/12/20191017123100_00160.jpg,datasets_flow/dataset_cropped/10_Metas/17/12/20191017123100_00160.jpg,datasets_cloudmask/dataset_cropped/10_Metas/17/12/20191017123100_00160.png,729.2,939,72.5,24.1,962
10/17/2019 12:32,datasets/dataset_cropped/10_Metas/17/12/20191017123200_00160.jpg,datasets_flow/dataset_cropped/10_Metas/17/12/20191017123200_00160.jpg,datasets_cloudmask/dataset_cropped/10_Metas/17/12/20191017123200_00160.png,729.6,939,72.3,24,962
10/17/2019 12:33,datasets/dataset_cropped/10_Metas/17/12/20191017123300_00160.jpg,datasets_flow/dataset_cropped/10_Metas/17/12/20191017123300_00160.jpg,datasets_cloudmask/dataset_cropped/10_Metas/17/12/20191017123300_00160.png,730.2,939,72.2,24,962
10/17/2019 12:34,datasets/dataset_cropped/10_Metas/17/12/20191017123400_00160.jpg,datasets_flow/dataset_cropped/10_Metas/17/12/20191017123400_00160.jpg,datasets_cloudmask/dataset_cropped/10_Metas/17/12/20191017123400_00160.png,729.7,938,72.3,24.2,962
10/17/2019 12:35,datasets/dataset_cropped/10_Metas/17/12/20191017123500_00160.jpg,datasets_flow/dataset_cropped/10_Metas/17/12/20191017123500_00160.jpg,datasets_cloudmask/dataset_cropped/10_Metas/17/12/20191017123500_00160.png,729.8,937,72.8,24.3,962
10/17/2019 12:36,datasets/dataset_cropped/10_Metas/17/12/20191017123600_00160.jpg,datasets_flow/dataset_cropped/10_Metas/17/12/20191017123600_00160.jpg,datasets_cloudmask/dataset_cropped/10_Metas/17/12/20191017123600_00160.png,729.8,938,72.9,24.2,962
10/17/2019 12:37,datasets/dataset_cropped/10_Metas/17/12/20191017123700_00160.jpg,datasets_flow/dataset_cropped/10_Metas/17/12/20191017123700_00160.jpg,datasets_cloudmask/dataset_cropped/10_Metas/17/12/20191017123700_00160.png,730.1,938,72.8,24.2,962
10/17/2019 12:38,datasets/dataset_cropped/10_Metas/17/12/20191017123800_00160.jpg,datasets_flow/dataset_cropped/10_Metas/17/12/20191017123800_00160.jpg,datasets_cloudmask/dataset_cropped/10_Metas/17/12/20191017123800_00160.png,730.4,938,72.5,24.3,962
10/17/2019 12:39,datasets/dataset_cropped/10_Metas/17/12/20191017123900_00160.jpg,datasets_flow/dataset_cropped/10_Metas/17/12/20191017123900_00160.jpg,datasets_cloudmask/dataset_cropped/10_Metas/17/12/20191017123900_00160.png,730.8,939,72.2,24.4,962
10/17/2019 12:40,datasets/dataset_cropped/10_Metas/17/12/20191017124000_00160.jpg,datasets_flow/dataset_cropped/10_Metas/17/12/20191017124000_00160.jpg,datasets_cloudmask/dataset_cropped/10_Metas/17/12/20191017124000_00160.png,730,936,72.5,24.3,962
10/17/2019 12:41,datasets/dataset_cropped/10_Metas/17/12/20191017124100_00160.jpg,datasets_flow/dataset_cropped/10_Metas/17/12/20191017124100_00160.jpg,datasets_cloudmask/dataset_cropped/10_Metas/17/12/20191017124100_00160.png,730.3,936,73.1,24.2,962
10/17/2019 12:42,datasets/dataset_cropped/10_Metas/17/12/20191017124200_00160.jpg,datasets_flow/dataset_cropped/10_Metas/17/12/20191017124200_00160.jpg,datasets_cloudmask/dataset_cropped/10_Metas/17/12/20191017124200_00160.png,731.2,937,73.3,24.1,962
10/17/2019 12:43,datasets/dataset_cropped/10_Metas/17/12/20191017124300_00160.jpg,datasets_flow/dataset_cropped/10_Metas/17/12/20191017124300_00160.jpg,datasets_cloudmask/dataset_cropped/10_Metas/17/12/20191017124300_00160.png,730,935,73.4,24.2,962
10/17/2019 12:44,datasets/dataset_cropped/10_Metas/17/12/20191017124400_00160.jpg,datasets_flow/dataset_cropped/10_Metas/17/12/20191017124400_00160.jpg,datasets_cloudmask/dataset_cropped/10_Metas/17/12/20191017124400_00160.png,730.1,935,73.2,24.3,962
10/17/2019 12:45,datasets/dataset_cropped/10_Metas/17/12/20191017124500_00160.jpg,datasets_flow/dataset_cropped/10_Metas/17/12/20191017124500_00160.jpg,datasets_cloudmask/dataset_cropped/10_Metas/17/12/20191017124500_00160.png,730,934,73.6,24.4,962
10/17/2019 12:46,datasets/dataset_cropped/10_Metas/17/12/20191017124600_00160.jpg,datasets_flow/dataset_cropped/10_Metas/17/12/20191017124600_00160.jpg,datasets_cloudmask/dataset_cropped/10_Metas/17/12/20191017124600_00160.png,729.9,934,73.5,24.4,962
10/17/2019 12:47,datasets/dataset_cropped/10_Metas/17/12/20191017124700_00160.jpg,datasets_flow/dataset_cropped/10_Metas/17/12/20191017124700_00160.jpg,datasets_cloudmask/dataset_cropped/10_Metas/17/12/20191017124700_00160.png,730.4,934,73.2,24.5,962
10/17/2019 12:48,datasets/dataset_cropped/10_Metas/17/12/20191017124800_00160.jpg,datasets_flow/dataset_cropped/10_Metas/17/12/20191017124800_00160.jpg,datasets_cloudmask/dataset_cropped/10_Metas/17/12/20191017124800_00160.png,730.1,933,73,24.4,962
10/17/2019 12:49,datasets/dataset_cropped/10_Metas/17/12/20191017124900_00160.jpg,datasets_flow/dataset_cropped/10_Metas/17/12/20191017124900_00160.jpg,datasets_cloudmask/dataset_cropped/10_Metas/17/12/20191017124900_00160.png,729.7,932,73,24.3,962
10/17/2019 12:50,datasets/dataset_cropped/10_Metas/17/12/20191017125000_00160.jpg,datasets_flow/dataset_cropped/10_Metas/17/12/20191017125000_00160.jpg,datasets_cloudmask/dataset_cropped/10_Metas/17/12/20191017125000_00160.png,729.8,932,73.3,24,962
10/17/2019 12:51,datasets/dataset_cropped/10_Metas/17/12/20191017125100_00160.jpg,datasets_flow/dataset_cropped/10_Metas/17/12/20191017125100_00160.jpg,datasets_cloudmask/dataset_cropped/10_Metas/17/12/20191017125100_00160.png,730.2,933,73.2,24,962
10/17/2019 12:52,datasets/dataset_cropped/10_Metas/17/12/20191017125200_00160.jpg,datasets_flow/dataset_cropped/10_Metas/17/12/20191017125200_00160.jpg,datasets_cloudmask/dataset_cropped/10_Metas/17/12/20191017125200_00160.png,729.6,931,73.5,23.9,962
10/17/2019 12:53,datasets/dataset_cropped/10_Metas/17/12/20191017125300_00160.jpg,datasets_flow/dataset_cropped/10_Metas/17/12/20191017125300_00160.jpg,datasets_cloudmask/dataset_cropped/10_Metas/17/12/20191017125300_00160.png,730.2,932,73.8,24.1,962
10/17/2019 12:54,datasets/dataset_cropped/10_Metas/17/12/20191017125400_00160.jpg,datasets_flow/dataset_cropped/10_Metas/17/12/20191017125400_00160.jpg,datasets_cloudmask/dataset_cropped/10_Metas/17/12/20191017125400_00160.png,730.2,932,73.7,24.3,962
10/17/2019 12:55,datasets/dataset_cropped/10_Metas/17/12/20191017125500_00160.jpg,datasets_flow/dataset_cropped/10_Metas/17/12/20191017125500_00160.jpg,datasets_cloudmask/dataset_cropped/10_Metas/17/12/20191017125500_00160.png,730,932,74,24.4,962
10/17/2019 12:56,datasets/dataset_cropped/10_Metas/17/12/20191017125600_00160.jpg,datasets_flow/dataset_cropped/10_Metas/17/12/20191017125600_00160.jpg,datasets_cloudmask/dataset_cropped/10_Metas/17/12/20191017125600_00160.png,730.2,932,73.9,24.4,962
10/17/2019 12:57,datasets/dataset_cropped/10_Metas/17/12/20191017125700_00160.jpg,datasets_flow/dataset_cropped/10_Metas/17/12/20191017125700_00160.jpg,datasets_cloudmask/dataset_cropped/10_Metas/17/12/20191017125700_00160.png,730.5,933,73.8,24.2,962
10/17/2019 12:58,datasets/dataset_cropped/10_Metas/17/12/20191017125800_00160.jpg,datasets_flow/dataset_cropped/10_Metas/17/12/20191017125800_00160.jpg,datasets_cloudmask/dataset_cropped/10_Metas/17/12/20191017125800_00160.png,730.5,933,73.8,24.3,962
10/17/2019 12:59,datasets/dataset_cropped/10_Metas/17/12/20191017125900_00160.jpg,datasets_flow/dataset_cropped/10_Metas/17/12/20191017125900_00160.jpg,datasets_cloudmask/dataset_cropped/10_Metas/17/12/20191017125900_00160.png,730.3,933,74,24.5,962
10/17/2019 13:00,datasets/dataset_cropped/10_Metas/17/13/20191017130000_00160.jpg,datasets_flow/dataset_cropped/10_Metas/17/13/20191017130000_00160.jpg,datasets_cloudmask/dataset_cropped/10_Metas/17/13/20191017130000_00160.png,729.5,931,74.3,24.6,962
10/17/2019 13:01,datasets/dataset_cropped/10_Metas/17/13/20191017130100_00160.jpg,datasets_flow/dataset_cropped/10_Metas/17/13/20191017130100_00160.jpg,datasets_cloudmask/dataset_cropped/10_Metas/17/13/20191017130100_00160.png,729.4,932,74.2,24.6,962
10/17/2019 13:02,datasets/dataset_cropped/10_Metas/17/13/20191017130200_00160.jpg,datasets_flow/dataset_cropped/10_Metas/17/13/20191017130200_00160.jpg,datasets_cloudmask/dataset_cropped/10_Metas/17/13/20191017130200_00160.png,730.1,933,74.4,24.6,962
10/17/2019 13:03,datasets/dataset_cropped/10_Metas/17/13/20191017130300_00160.jpg,datasets_flow/dataset_cropped/10_Metas/17/13/20191017130300_00160.jpg,datasets_cloudmask/dataset_cropped/10_Metas/17/13/20191017130300_00160.png,729.8,933,74.1,24.4,962
10/17/2019 13:04,datasets/dataset_cropped/10_Metas/17/13/20191017130400_00160.jpg,datasets_flow/dataset_cropped/10_Metas/17/13/20191017130400_00160.jpg,datasets_cloudmask/dataset_cropped/10_Metas/17/13/20191017130400_00160.png,730,933,74.2,24.3,962
10/17/2019 13:05,datasets/dataset_cropped/10_Metas/17/13/20191017130500_00160.jpg,datasets_flow/dataset_cropped/10_Metas/17/13/20191017130500_00160.jpg,datasets_cloudmask/dataset_cropped/10_Metas/17/13/20191017130500_00160.png,728.3,930,74.3,24.6,962
10/17/2019 13:06,datasets/dataset_cropped/10_Metas/17/13/20191017130600_00160.jpg,datasets_flow/dataset_cropped/10_Metas/17/13/20191017130600_00160.jpg,datasets_cloudmask/dataset_cropped/10_Metas/17/13/20191017130600_00160.png,726.9,928,74.6,24.5,962
10/17/2019 13:07,datasets/dataset_cropped/10_Metas/17/13/20191017130700_00160.jpg,datasets_flow/dataset_cropped/10_Metas/17/13/20191017130700_00160.jpg,datasets_cloudmask/dataset_cropped/10_Metas/17/13/20191017130700_00160.png,726.3,927,74.7,24.4,962
10/17/2019 13:08,datasets/dataset_cropped/10_Metas/17/13/20191017130800_00160.jpg,datasets_flow/dataset_cropped/10_Metas/17/13/20191017130800_00160.jpg,datasets_cloudmask/dataset_cropped/10_Metas/17/13/20191017130800_00160.png,725.8,927,74.7,24.6,962
10/17/2019 13:09,datasets/dataset_cropped/10_Metas/17/13/20191017130900_00160.jpg,datasets_flow/dataset_cropped/10_Metas/17/13/20191017130900_00160.jpg,datasets_cloudmask/dataset_cropped/10_Metas/17/13/20191017130900_00160.png,724.8,925,75,24.9,962
10/17/2019 13:10,datasets/dataset_cropped/10_Metas/17/13/20191017131000_00160.jpg,datasets_flow/dataset_cropped/10_Metas/17/13/20191017131000_00160.jpg,datasets_cloudmask/dataset_cropped/10_Metas/17/13/20191017131000_00160.png,723.9,924,75.1,25.1,962
10/17/2019 13:11,datasets/dataset_cropped/10_Metas/17/13/20191017131100_00160.jpg,datasets_flow/dataset_cropped/10_Metas/17/13/20191017131100_00160.jpg,datasets_cloudmask/dataset_cropped/10_Metas/17/13/20191017131100_00160.png,723.1,924,75.1,25.1,962
10/17/2019 13:12,datasets/dataset_cropped/10_Metas/17/13/20191017131200_00160.jpg,datasets_flow/dataset_cropped/10_Metas/17/13/20191017131200_00160.jpg,datasets_cloudmask/dataset_cropped/10_Metas/17/13/20191017131200_00160.png,723.1,924,75.4,25,962
10/17/2019 13:13,datasets/dataset_cropped/10_Metas/17/13/20191017131300_00160.jpg,datasets_flow/dataset_cropped/10_Metas/17/13/20191017131300_00160.jpg,datasets_cloudmask/dataset_cropped/10_Metas/17/13/20191017131300_00160.png,722.2,922,75.9,24.8,962
10/17/2019 13:14,datasets/dataset_cropped/10_Metas/17/13/20191017131400_00160.jpg,datasets_flow/dataset_cropped/10_Metas/17/13/20191017131400_00160.jpg,datasets_cloudmask/dataset_cropped/10_Metas/17/13/20191017131400_00160.png,722.2,923,75.4,24.7,962
10/17/2019 13:15,datasets/dataset_cropped/10_Metas/17/13/20191017131500_00160.jpg,datasets_flow/dataset_cropped/10_Metas/17/13/20191017131500_00160.jpg,datasets_cloudmask/dataset_cropped/10_Metas/17/13/20191017131500_00160.png,722.2,923,75.3,24.6,962
10/17/2019 13:16,datasets/dataset_cropped/10_Metas/17/13/20191017131600_00160.jpg,datasets_flow/dataset_cropped/10_Metas/17/13/20191017131600_00160.jpg,datasets_cloudmask/dataset_cropped/10_Metas/17/13/20191017131600_00160.png,722.5,924,75.6,24.6,962
10/17/2019 13:17,datasets/dataset_cropped/10_Metas/17/13/20191017131700_00160.jpg,datasets_flow/dataset_cropped/10_Metas/17/13/20191017131700_00160.jpg,datasets_cloudmask/dataset_cropped/10_Metas/17/13/20191017131700_00160.png,721.9,924,75.7,24.9,962
10/17/2019 13:18,datasets/dataset_cropped/10_Metas/17/13/20191017131800_00160.jpg,datasets_flow/dataset_cropped/10_Metas/17/13/20191017131800_00160.jpg,datasets_cloudmask/dataset_cropped/10_Metas/17/13/20191017131800_00160.png,720.9,923,75.4,24.9,962
10/17/2019 13:19,datasets/dataset_cropped/10_Metas/17/13/20191017131900_00160.jpg,datasets_flow/dataset_cropped/10_Metas/17/13/20191017131900_00160.jpg,datasets_cloudmask/dataset_cropped/10_Metas/17/13/20191017131900_00160.png,720.4,922,75.1,24.7,962
10/17/2019 13:20,datasets/dataset_cropped/10_Metas/17/13/20191017132000_00160.jpg,datasets_flow/dataset_cropped/10_Metas/17/13/20191017132000_00160.jpg,datasets_cloudmask/dataset_cropped/10_Metas/17/13/20191017132000_00160.png,720.6,922,75.3,24.6,962
10/17/2019 13:21,datasets/dataset_cropped/10_Metas/17/13/20191017132100_00160.jpg,datasets_flow/dataset_cropped/10_Metas/17/13/20191017132100_00160.jpg,datasets_cloudmask/dataset_cropped/10_Metas/17/13/20191017132100_00160.png,719.9,922,75.7,24.9,962
10/17/2019 13:22,datasets/dataset_cropped/10_Metas/17/13/20191017132200_00160.jpg,datasets_flow/dataset_cropped/10_Metas/17/13/20191017132200_00160.jpg,datasets_cloudmask/dataset_cropped/10_Metas/17/13/20191017132200_00160.png,719.2,922,75.4,25,962
10/17/2019 13:23,datasets/dataset_cropped/10_Metas/17/13/20191017132300_00160.jpg,datasets_flow/dataset_cropped/10_Metas/17/13/20191017132300_00160.jpg,datasets_cloudmask/dataset_cropped/10_Metas/17/13/20191017132300_00160.png,718.9,922,75.3,25.1,962
10/17/2019 13:24,datasets/dataset_cropped/10_Metas/17/13/20191017132400_00160.jpg,datasets_flow/dataset_cropped/10_Metas/17/13/20191017132400_00160.jpg,datasets_cloudmask/dataset_cropped/10_Metas/17/13/20191017132400_00160.png,718,921,75.4,25,962
10/17/2019 13:25,datasets/dataset_cropped/10_Metas/17/13/20191017132500_00160.jpg,datasets_flow/dataset_cropped/10_Metas/17/13/20191017132500_00160.jpg,datasets_cloudmask/dataset_cropped/10_Metas/17/13/20191017132500_00160.png,717.3,921,76,25,962
10/17/2019 13:26,datasets/dataset_cropped/10_Metas/17/13/20191017132600_00160.jpg,datasets_flow/dataset_cropped/10_Metas/17/13/20191017132600_00160.jpg,datasets_cloudmask/dataset_cropped/10_Metas/17/13/20191017132600_00160.png,716.2,920,76,25.1,962
10/17/2019 13:27,datasets/dataset_cropped/10_Metas/17/13/20191017132700_00160.jpg,datasets_flow/dataset_cropped/10_Metas/17/13/20191017132700_00160.jpg,datasets_cloudmask/dataset_cropped/10_Metas/17/13/20191017132700_00160.png,715.7,919,76.2,25.1,962
10/17/2019 13:28,datasets/dataset_cropped/10_Metas/17/13/20191017132800_00160.jpg,datasets_flow/dataset_cropped/10_Metas/17/13/20191017132800_00160.jpg,datasets_cloudmask/dataset_cropped/10_Metas/17/13/20191017132800_00160.png,715.4,919,76.6,24.8,962
10/17/2019 13:29,datasets/dataset_cropped/10_Metas/17/13/20191017132900_00160.jpg,datasets_flow/dataset_cropped/10_Metas/17/13/20191017132900_00160.jpg,datasets_cloudmask/dataset_cropped/10_Metas/17/13/20191017132900_00160.png,715.2,918,77.3,24.7,962
10/17/2019 13:30,datasets/dataset_cropped/10_Metas/17/13/20191017133000_00160.jpg,datasets_flow/dataset_cropped/10_Metas/17/13/20191017133000_00160.jpg,datasets_cloudmask/dataset_cropped/10_Metas/17/13/20191017133000_00160.png,714.6,918,77.3,24.8,962
10/17/2019 13:31,datasets/dataset_cropped/10_Metas/17/13/20191017133100_00160.jpg,datasets_flow/dataset_cropped/10_Metas/17/13/20191017133100_00160.jpg,datasets_cloudmask/dataset_cropped/10_Metas/17/13/20191017133100_00160.png,713.4,917,77.3,25,962
10/17/2019 13:32,datasets/dataset_cropped/10_Metas/17/13/20191017133200_00160.jpg,datasets_flow/dataset_cropped/10_Metas/17/13/20191017133200_00160.jpg,datasets_cloudmask/dataset_cropped/10_Metas/17/13/20191017133200_00160.png,711.2,915,77,25,962
10/17/2019 13:33,datasets/dataset_cropped/10_Metas/17/13/20191017133300_00160.jpg,datasets_flow/dataset_cropped/10_Metas/17/13/20191017133300_00160.jpg,datasets_cloudmask/dataset_cropped/10_Metas/17/13/20191017133300_00160.png,710.8,915,76.9,25.2,962
10/17/2019 13:34,datasets/dataset_cropped/10_Metas/17/13/20191017133400_00160.jpg,datasets_flow/dataset_cropped/10_Metas/17/13/20191017133400_00160.jpg,datasets_cloudmask/dataset_cropped/10_Metas/17/13/20191017133400_00160.png,709.7,914,77.4,25.2,962
10/17/2019 13:35,datasets/dataset_cropped/10_Metas/17/13/20191017133500_00160.jpg,datasets_flow/dataset_cropped/10_Metas/17/13/20191017133500_00160.jpg,datasets_cloudmask/dataset_cropped/10_Metas/17/13/20191017133500_00160.png,709.8,914,77.9,25.1,962
10/17/2019 13:36,datasets/dataset_cropped/10_Metas/17/13/20191017133600_00160.jpg,datasets_flow/dataset_cropped/10_Metas/17/13/20191017133600_00160.jpg,datasets_cloudmask/dataset_cropped/10_Metas/17/13/20191017133600_00160.png,709.4,914,77.7,25.1,961
10/17/2019 13:37,datasets/dataset_cropped/10_Metas/17/13/20191017133700_00160.jpg,datasets_flow/dataset_cropped/10_Metas/17/13/20191017133700_00160.jpg,datasets_cloudmask/dataset_cropped/10_Metas/17/13/20191017133700_00160.png,708.8,914,77.4,25.2,962
10/17/2019 13:38,datasets/dataset_cropped/10_Metas/17/13/20191017133800_00160.jpg,datasets_flow/dataset_cropped/10_Metas/17/13/20191017133800_00160.jpg,datasets_cloudmask/dataset_cropped/10_Metas/17/13/20191017133800_00160.png,708.8,914,77.5,25.3,961
10/17/2019 13:39,datasets/dataset_cropped/10_Metas/17/13/20191017133900_00160.jpg,datasets_flow/dataset_cropped/10_Metas/17/13/20191017133900_00160.jpg,datasets_cloudmask/dataset_cropped/10_Metas/17/13/20191017133900_00160.png,708.8,914,77.8,25.5,962
10/17/2019 13:40,datasets/dataset_cropped/10_Metas/17/13/20191017134000_00160.jpg,datasets_flow/dataset_cropped/10_Metas/17/13/20191017134000_00160.jpg,datasets_cloudmask/dataset_cropped/10_Metas/17/13/20191017134000_00160.png,708.6,914,78.3,25.6,961
10/17/2019 13:41,datasets/dataset_cropped/10_Metas/17/13/20191017134100_00160.jpg,datasets_flow/dataset_cropped/10_Metas/17/13/20191017134100_00160.jpg,datasets_cloudmask/dataset_cropped/10_Metas/17/13/20191017134100_00160.png,708,913,79,25.6,961
10/17/2019 13:42,datasets/dataset_cropped/10_Metas/17/13/20191017134200_00160.jpg,datasets_flow/dataset_cropped/10_Metas/17/13/20191017134200_00160.jpg,datasets_cloudmask/dataset_cropped/10_Metas/17/13/20191017134200_00160.png,707.2,913,79.3,25.6,961
10/17/2019 13:43,datasets/dataset_cropped/10_Metas/17/13/20191017134300_00160.jpg,datasets_flow/dataset_cropped/10_Metas/17/13/20191017134300_00160.jpg,datasets_cloudmask/dataset_cropped/10_Metas/17/13/20191017134300_00160.png,705.9,911,79.8,25.6,961
10/17/2019 13:44,datasets/dataset_cropped/10_Metas/17/13/20191017134400_00160.jpg,datasets_flow/dataset_cropped/10_Metas/17/13/20191017134400_00160.jpg,datasets_cloudmask/dataset_cropped/10_Metas/17/13/20191017134400_00160.png,704.1,909,79.9,25.9,961
10/17/2019 13:45,datasets/dataset_cropped/10_Metas/17/13/20191017134500_00160.jpg,datasets_flow/dataset_cropped/10_Metas/17/13/20191017134500_00160.jpg,datasets_cloudmask/dataset_cropped/10_Metas/17/13/20191017134500_00160.png,702.2,906,80.7,25.7,961
10/17/2019 13:46,datasets/dataset_cropped/10_Metas/17/13/20191017134600_00160.jpg,datasets_flow/dataset_cropped/10_Metas/17/13/20191017134600_00160.jpg,datasets_cloudmask/dataset_cropped/10_Metas/17/13/20191017134600_00160.png,701.7,906,81.3,25.4,961
10/17/2019 13:47,datasets/dataset_cropped/10_Metas/17/13/20191017134700_00160.jpg,datasets_flow/dataset_cropped/10_Metas/17/13/20191017134700_00160.jpg,datasets_cloudmask/dataset_cropped/10_Metas/17/13/20191017134700_00160.png,701.8,906,82.1,25.5,961
10/17/2019 13:48,datasets/dataset_cropped/10_Metas/17/13/20191017134800_00160.jpg,datasets_flow/dataset_cropped/10_Metas/17/13/20191017134800_00160.jpg,datasets_cloudmask/dataset_cropped/10_Metas/17/13/20191017134800_00160.png,700.4,904,82.4,25.5,961
10/17/2019 13:49,datasets/dataset_cropped/10_Metas/17/13/20191017134900_00160.jpg,datasets_flow/dataset_cropped/10_Metas/17/13/20191017134900_00160.jpg,datasets_cloudmask/dataset_cropped/10_Metas/17/13/20191017134900_00160.png,699.6,904,83.1,25.5,961
10/17/2019 13:50,datasets/dataset_cropped/10_Metas/17/13/20191017135000_00160.jpg,datasets_flow/dataset_cropped/10_Metas/17/13/20191017135000_00160.jpg,datasets_cloudmask/dataset_cropped/10_Metas/17/13/20191017135000_00160.png,698.2,902,83.7,25.5,961
10/17/2019 13:51,datasets/dataset_cropped/10_Metas/17/13/20191017135100_00160.jpg,datasets_flow/dataset_cropped/10_Metas/17/13/20191017135100_00160.jpg,datasets_cloudmask/dataset_cropped/10_Metas/17/13/20191017135100_00160.png,696.1,900,84.4,25.5,961
10/17/2019 13:52,datasets/dataset_cropped/10_Metas/17/13/20191017135200_00160.jpg,datasets_flow/dataset_cropped/10_Metas/17/13/20191017135200_00160.jpg,datasets_cloudmask/dataset_cropped/10_Metas/17/13/20191017135200_00160.png,694.5,898,85.3,25.5,961
10/17/2019 13:53,datasets/dataset_cropped/10_Metas/17/13/20191017135300_00160.jpg,datasets_flow/dataset_cropped/10_Metas/17/13/20191017135300_00160.jpg,datasets_cloudmask/dataset_cropped/10_Metas/17/13/20191017135300_00160.png,692.9,896,85.5,25.5,961
10/17/2019 13:54,datasets/dataset_cropped/10_Metas/17/13/20191017135400_00160.jpg,datasets_flow/dataset_cropped/10_Metas/17/13/20191017135400_00160.jpg,datasets_cloudmask/dataset_cropped/10_Metas/17/13/20191017135400_00160.png,689.8,892,85.8,25.6,961
10/17/2019 13:55,datasets/dataset_cropped/10_Metas/17/13/20191017135500_00160.jpg,datasets_flow/dataset_cropped/10_Metas/17/13/20191017135500_00160.jpg,datasets_cloudmask/dataset_cropped/10_Metas/17/13/20191017135500_00160.png,687,889,86,25.6,961
10/17/2019 13:56,datasets/dataset_cropped/10_Metas/17/13/20191017135600_00160.jpg,datasets_flow/dataset_cropped/10_Metas/17/13/20191017135600_00160.jpg,datasets_cloudmask/dataset_cropped/10_Metas/17/13/20191017135600_00160.png,684.6,885,86.2,25.8,961
10/17/2019 13:57,datasets/dataset_cropped/10_Metas/17/13/20191017135700_00160.jpg,datasets_flow/dataset_cropped/10_Metas/17/13/20191017135700_00160.jpg,datasets_cloudmask/dataset_cropped/10_Metas/17/13/20191017135700_00160.png,682.5,883,86.3,25.8,961
10/17/2019 13:58,datasets/dataset_cropped/10_Metas/17/13/20191017135800_00160.jpg,datasets_flow/dataset_cropped/10_Metas/17/13/20191017135800_00160.jpg,datasets_cloudmask/dataset_cropped/10_Metas/17/13/20191017135800_00160.png,684.1,888,86,25.6,961
10/17/2019 13:59,datasets/dataset_cropped/10_Metas/17/13/20191017135900_00160.jpg,datasets_flow/dataset_cropped/10_Metas/17/13/20191017135900_00160.jpg,datasets_cloudmask/dataset_cropped/10_Metas/17/13/20191017135900_00160.png,681.7,885,86,25.5,961
10/17/2019 14:00,datasets/dataset_cropped/10_Metas/17/14/20191017140000_00160.jpg,datasets_flow/dataset_cropped/10_Metas/17/14/20191017140000_00160.jpg,datasets_cloudmask/dataset_cropped/10_Metas/17/14/20191017140000_00160.png,682.1,887,85.7,25.6,961
10/17/2019 14:01,datasets/dataset_cropped/10_Metas/17/14/20191017140100_00160.jpg,datasets_flow/dataset_cropped/10_Metas/17/14/20191017140100_00160.jpg,datasets_cloudmask/dataset_cropped/10_Metas/17/14/20191017140100_00160.png,682.4,889,85.3,25.8,961
10/17/2019 14:02,datasets/dataset_cropped/10_Metas/17/14/20191017140200_00160.jpg,datasets_flow/dataset_cropped/10_Metas/17/14/20191017140200_00160.jpg,datasets_cloudmask/dataset_cropped/10_Metas/17/14/20191017140200_00160.png,678.2,884,85.2,25.9,961
10/17/2019 14:03,datasets/dataset_cropped/10_Metas/17/14/20191017140300_00160.jpg,datasets_flow/dataset_cropped/10_Metas/17/14/20191017140300_00160.jpg,datasets_cloudmask/dataset_cropped/10_Metas/17/14/20191017140300_00160.png,675.4,882,85,26,961
10/17/2019 14:04,datasets/dataset_cropped/10_Metas/17/14/20191017140400_00160.jpg,datasets_flow/dataset_cropped/10_Metas/17/14/20191017140400_00160.jpg,datasets_cloudmask/dataset_cropped/10_Metas/17/14/20191017140400_00160.png,677.3,886,85.4,25.9,961
10/17/2019 14:05,datasets/dataset_cropped/10_Metas/17/14/20191017140500_00160.jpg,datasets_flow/dataset_cropped/10_Metas/17/14/20191017140500_00160.jpg,datasets_cloudmask/dataset_cropped/10_Metas/17/14/20191017140500_00160.png,675.2,886,85.6,25.7,961
10/17/2019 14:06,datasets/dataset_cropped/10_Metas/17/14/20191017140600_00160.jpg,datasets_flow/dataset_cropped/10_Metas/17/14/20191017140600_00160.jpg,datasets_cloudmask/dataset_cropped/10_Metas/17/14/20191017140600_00160.png,673,885,85.2,25.7,961
10/17/2019 14:07,datasets/dataset_cropped/10_Metas/17/14/20191017140700_00160.jpg,datasets_flow/dataset_cropped/10_Metas/17/14/20191017140700_00160.jpg,datasets_cloudmask/dataset_cropped/10_Metas/17/14/20191017140700_00160.png,672.5,885,84.5,25.9,961
10/17/2019 14:08,datasets/dataset_cropped/10_Metas/17/14/20191017140800_00160.jpg,datasets_flow/dataset_cropped/10_Metas/17/14/20191017140800_00160.jpg,datasets_cloudmask/dataset_cropped/10_Metas/17/14/20191017140800_00160.png,672.9,887,84.8,26.1,961
10/17/2019 14:09,datasets/dataset_cropped/10_Metas/17/14/20191017140900_00160.jpg,datasets_flow/dataset_cropped/10_Metas/17/14/20191017140900_00160.jpg,datasets_cloudmask/dataset_cropped/10_Metas/17/14/20191017140900_00160.png,672,888,84.8,26.2,961
10/17/2019 14:10,datasets/dataset_cropped/10_Metas/17/14/20191017141000_00160.jpg,datasets_flow/dataset_cropped/10_Metas/17/14/20191017141000_00160.jpg,datasets_cloudmask/dataset_cropped/10_Metas/17/14/20191017141000_00160.png,671.5,889,83.8,26.3,961
10/17/2019 14:11,datasets/dataset_cropped/10_Metas/17/14/20191017141100_00160.jpg,datasets_flow/dataset_cropped/10_Metas/17/14/20191017141100_00160.jpg,datasets_cloudmask/dataset_cropped/10_Metas/17/14/20191017141100_00160.png,670,889,83.4,26.1,961
10/17/2019 14:12,datasets/dataset_cropped/10_Metas/17/14/20191017141200_00160.jpg,datasets_flow/dataset_cropped/10_Metas/17/14/20191017141200_00160.jpg,datasets_cloudmask/dataset_cropped/10_Metas/17/14/20191017141200_00160.png,668.2,888,83.3,26.1,961
10/17/2019 14:13,datasets/dataset_cropped/10_Metas/17/14/20191017141300_00160.jpg,datasets_flow/dataset_cropped/10_Metas/17/14/20191017141300_00160.jpg,datasets_cloudmask/dataset_cropped/10_Metas/17/14/20191017141300_00160.png,667.8,888,82.7,26.1,961
10/17/2019 14:14,datasets/dataset_cropped/10_Metas/17/14/20191017141400_00160.jpg,datasets_flow/dataset_cropped/10_Metas/17/14/20191017141400_00160.jpg,datasets_cloudmask/dataset_cropped/10_Metas/17/14/20191017141400_00160.png,666.7,887,82.7,26.2,961
10/17/2019 14:15,datasets/dataset_cropped/10_Metas/17/14/20191017141500_00160.jpg,datasets_flow/dataset_cropped/10_Metas/17/14/20191017141500_00160.jpg,datasets_cloudmask/dataset_cropped/10_Metas/17/14/20191017141500_00160.png,665.9,887,83,26.3,961
10/17/2019 14:16,datasets/dataset_cropped/10_Metas/17/14/20191017141600_00160.jpg,datasets_flow/dataset_cropped/10_Metas/17/14/20191017141600_00160.jpg,datasets_cloudmask/dataset_cropped/10_Metas/17/14/20191017141600_00160.png,663.7,885,82.6,26.4,961
10/17/2019 14:17,datasets/dataset_cropped/10_Metas/17/14/20191017141700_00160.jpg,datasets_flow/dataset_cropped/10_Metas/17/14/20191017141700_00160.jpg,datasets_cloudmask/dataset_cropped/10_Metas/17/14/20191017141700_00160.png,662.5,884,82.6,26.3,961
10/17/2019 14:18,datasets/dataset_cropped/10_Metas/17/14/20191017141800_00160.jpg,datasets_flow/dataset_cropped/10_Metas/17/14/20191017141800_00160.jpg,datasets_cloudmask/dataset_cropped/10_Metas/17/14/20191017141800_00160.png,661.6,885,82.8,26.3,961
10/17/2019 14:19,datasets/dataset_cropped/10_Metas/17/14/20191017141900_00160.jpg,datasets_flow/dataset_cropped/10_Metas/17/14/20191017141900_00160.jpg,datasets_cloudmask/dataset_cropped/10_Metas/17/14/20191017141900_00160.png,661,886,82.9,26.3,961
10/17/2019 14:20,datasets/dataset_cropped/10_Metas/17/14/20191017142000_00160.jpg,datasets_flow/dataset_cropped/10_Metas/17/14/20191017142000_00160.jpg,datasets_cloudmask/dataset_cropped/10_Metas/17/14/20191017142000_00160.png,659.6,885,82.9,26.3,961
10/17/2019 14:21,datasets/dataset_cropped/10_Metas/17/14/20191017142100_00160.jpg,datasets_flow/dataset_cropped/10_Metas/17/14/20191017142100_00160.jpg,datasets_cloudmask/dataset_cropped/10_Metas/17/14/20191017142100_00160.png,656.3,881,83.3,26.4,961
10/17/2019 14:22,datasets/dataset_cropped/10_Metas/17/14/20191017142200_00160.jpg,datasets_flow/dataset_cropped/10_Metas/17/14/20191017142200_00160.jpg,datasets_cloudmask/dataset_cropped/10_Metas/17/14/20191017142200_00160.png,653.3,879,83.2,26.3,961
10/17/2019 14:23,datasets/dataset_cropped/10_Metas/17/14/20191017142300_00160.jpg,datasets_flow/dataset_cropped/10_Metas/17/14/20191017142300_00160.jpg,datasets_cloudmask/dataset_cropped/10_Metas/17/14/20191017142300_00160.png,651.7,878,83.4,26.3,961
10/17/2019 14:24,datasets/dataset_cropped/10_Metas/17/14/20191017142400_00160.jpg,datasets_flow/dataset_cropped/10_Metas/17/14/20191017142400_00160.jpg,datasets_cloudmask/dataset_cropped/10_Metas/17/14/20191017142400_00160.png,650.1,878,83.6,26.3,961
10/17/2019 14:25,datasets/dataset_cropped/10_Metas/17/14/20191017142500_00160.jpg,datasets_flow/dataset_cropped/10_Metas/17/14/20191017142500_00160.jpg,datasets_cloudmask/dataset_cropped/10_Metas/17/14/20191017142500_00160.png,649.8,878,83.9,26.1,961
10/17/2019 14:26,datasets/dataset_cropped/10_Metas/17/14/20191017142600_00160.jpg,datasets_flow/dataset_cropped/10_Metas/17/14/20191017142600_00160.jpg,datasets_cloudmask/dataset_cropped/10_Metas/17/14/20191017142600_00160.png,647.9,877,84.4,26.1,961
10/17/2019 14:27,datasets/dataset_cropped/10_Metas/17/14/20191017142700_00160.jpg,datasets_flow/dataset_cropped/10_Metas/17/14/20191017142700_00160.jpg,datasets_cloudmask/dataset_cropped/10_Metas/17/14/20191017142700_00160.png,647.3,878,84.6,26.4,961
10/17/2019 14:28,datasets/dataset_cropped/10_Metas/17/14/20191017142800_00160.jpg,datasets_flow/dataset_cropped/10_Metas/17/14/20191017142800_00160.jpg,datasets_cloudmask/dataset_cropped/10_Metas/17/14/20191017142800_00160.png,646.7,878,85.5,26.4,961
10/17/2019 14:29,datasets/dataset_cropped/10_Metas/17/14/20191017142900_00160.jpg,datasets_flow/dataset_cropped/10_Metas/17/14/20191017142900_00160.jpg,datasets_cloudmask/dataset_cropped/10_Metas/17/14/20191017142900_00160.png,648.4,882,85.9,26.3,961
10/17/2019 14:30,datasets/dataset_cropped/10_Metas/17/14/20191017143000_00160.jpg,datasets_flow/dataset_cropped/10_Metas/17/14/20191017143000_00160.jpg,datasets_cloudmask/dataset_cropped/10_Metas/17/14/20191017143000_00160.png,648.1,882,86.6,26.3,961
10/17/2019 14:31,datasets/dataset_cropped/10_Metas/17/14/20191017143100_00160.jpg,datasets_flow/dataset_cropped/10_Metas/17/14/20191017143100_00160.jpg,datasets_cloudmask/dataset_cropped/10_Metas/17/14/20191017143100_00160.png,645.3,880,86.6,26.1,961
10/17/2019 14:32,datasets/dataset_cropped/10_Metas/17/14/20191017143200_00160.jpg,datasets_flow/dataset_cropped/10_Metas/17/14/20191017143200_00160.jpg,datasets_cloudmask/dataset_cropped/10_Metas/17/14/20191017143200_00160.png,631.5,859,87.1,26.1,961
10/17/2019 14:33,datasets/dataset_cropped/10_Metas/17/14/20191017143300_00160.jpg,datasets_flow/dataset_cropped/10_Metas/17/14/20191017143300_00160.jpg,datasets_cloudmask/dataset_cropped/10_Metas/17/14/20191017143300_00160.png,623.4,847,88,26.2,961
10/17/2019 14:34,datasets/dataset_cropped/10_Metas/17/14/20191017143400_00160.jpg,datasets_flow/dataset_cropped/10_Metas/17/14/20191017143400_00160.jpg,datasets_cloudmask/dataset_cropped/10_Metas/17/14/20191017143400_00160.png,635.1,866,88.7,26.2,961
10/17/2019 14:35,datasets/dataset_cropped/10_Metas/17/14/20191017143500_00160.jpg,datasets_flow/dataset_cropped/10_Metas/17/14/20191017143500_00160.jpg,datasets_cloudmask/dataset_cropped/10_Metas/17/14/20191017143500_00160.png,636.8,869,89.1,26.2,961
10/17/2019 14:36,datasets/dataset_cropped/10_Metas/17/14/20191017143600_00160.jpg,datasets_flow/dataset_cropped/10_Metas/17/14/20191017143600_00160.jpg,datasets_cloudmask/dataset_cropped/10_Metas/17/14/20191017143600_00160.png,632.2,862,90,26.4,961
10/17/2019 14:37,datasets/dataset_cropped/10_Metas/17/14/20191017143700_00160.jpg,datasets_flow/dataset_cropped/10_Metas/17/14/20191017143700_00160.jpg,datasets_cloudmask/dataset_cropped/10_Metas/17/14/20191017143700_00160.png,625.3,851,90.9,26.6,961
10/17/2019 14:38,datasets/dataset_cropped/10_Metas/17/14/20191017143800_00160.jpg,datasets_flow/dataset_cropped/10_Metas/17/14/20191017143800_00160.jpg,datasets_cloudmask/dataset_cropped/10_Metas/17/14/20191017143800_00160.png,615.9,835,92.3,26.7,961
10/17/2019 14:39,datasets/dataset_cropped/10_Metas/17/14/20191017143900_00160.jpg,datasets_flow/dataset_cropped/10_Metas/17/14/20191017143900_00160.jpg,datasets_cloudmask/dataset_cropped/10_Metas/17/14/20191017143900_00160.png,616.2,836,93.9,26.8,961
10/17/2019 14:40,datasets/dataset_cropped/10_Metas/17/14/20191017144000_00160.jpg,datasets_flow/dataset_cropped/10_Metas/17/14/20191017144000_00160.jpg,datasets_cloudmask/dataset_cropped/10_Metas/17/14/20191017144000_00160.png,621.7,845,94.9,26.7,961
10/17/2019 14:41,datasets/dataset_cropped/10_Metas/17/14/20191017144100_00160.jpg,datasets_flow/dataset_cropped/10_Metas/17/14/20191017144100_00160.jpg,datasets_cloudmask/dataset_cropped/10_Metas/17/14/20191017144100_00160.png,631.9,861,96.2,26.9,961
10/17/2019 14:42,datasets/dataset_cropped/10_Metas/17/14/20191017144200_00160.jpg,datasets_flow/dataset_cropped/10_Metas/17/14/20191017144200_00160.jpg,datasets_cloudmask/dataset_cropped/10_Metas/17/14/20191017144200_00160.png,645.2,883,97.7,27.1,961
10/17/2019 14:43,datasets/dataset_cropped/10_Metas/17/14/20191017144300_00160.jpg,datasets_flow/dataset_cropped/10_Metas/17/14/20191017144300_00160.jpg,datasets_cloudmask/dataset_cropped/10_Metas/17/14/20191017144300_00160.png,630.6,858,99.2,26.9,961
10/17/2019 14:44,datasets/dataset_cropped/10_Metas/17/14/20191017144400_00160.jpg,datasets_flow/dataset_cropped/10_Metas/17/14/20191017144400_00160.jpg,datasets_cloudmask/dataset_cropped/10_Metas/17/14/20191017144400_00160.png,621,841,100.5,26.6,961
10/17/2019 14:45,datasets/dataset_cropped/10_Metas/17/14/20191017144500_00160.jpg,datasets_flow/dataset_cropped/10_Metas/17/14/20191017144500_00160.jpg,datasets_cloudmask/dataset_cropped/10_Metas/17/14/20191017144500_00160.png,617.3,833,102.6,26.6,961
10/17/2019 14:46,datasets/dataset_cropped/10_Metas/17/14/20191017144600_00160.jpg,datasets_flow/dataset_cropped/10_Metas/17/14/20191017144600_00160.jpg,datasets_cloudmask/dataset_cropped/10_Metas/17/14/20191017144600_00160.png,629.5,851,105.2,26.5,961
10/17/2019 14:47,datasets/dataset_cropped/10_Metas/17/14/20191017144700_00160.jpg,datasets_flow/dataset_cropped/10_Metas/17/14/20191017144700_00160.jpg,datasets_cloudmask/dataset_cropped/10_Metas/17/14/20191017144700_00160.png,627,845,108,26.4,961
10/17/2019 14:48,datasets/dataset_cropped/10_Metas/17/14/20191017144800_00160.jpg,datasets_flow/dataset_cropped/10_Metas/17/14/20191017144800_00160.jpg,datasets_cloudmask/dataset_cropped/10_Metas/17/14/20191017144800_00160.png,624.2,838,111.1,26.4,961
10/17/2019 14:49,datasets/dataset_cropped/10_Metas/17/14/20191017144900_00160.jpg,datasets_flow/dataset_cropped/10_Metas/17/14/20191017144900_00160.jpg,datasets_cloudmask/dataset_cropped/10_Metas/17/14/20191017144900_00160.png,610.1,812,114,26.4,961
10/17/2019 14:50,datasets/dataset_cropped/10_Metas/17/14/20191017145000_00160.jpg,datasets_flow/dataset_cropped/10_Metas/17/14/20191017145000_00160.jpg,datasets_cloudmask/dataset_cropped/10_Metas/17/14/20191017145000_00160.png,606.8,803,117.8,26.6,961
10/17/2019 14:51,datasets/dataset_cropped/10_Metas/17/14/20191017145100_00160.jpg,datasets_flow/dataset_cropped/10_Metas/17/14/20191017145100_00160.jpg,datasets_cloudmask/dataset_cropped/10_Metas/17/14/20191017145100_00160.png,614.2,810,122.4,26.8,961
10/17/2019 14:52,datasets/dataset_cropped/10_Metas/17/14/20191017145200_00160.jpg,datasets_flow/dataset_cropped/10_Metas/17/14/20191017145200_00160.jpg,datasets_cloudmask/dataset_cropped/10_Metas/17/14/20191017145200_00160.png,512.7,638.6,125.5,27.2,961
10/17/2019 14:53,datasets/dataset_cropped/10_Metas/17/14/20191017145300_00160.jpg,datasets_flow/dataset_cropped/10_Metas/17/14/20191017145300_00160.jpg,datasets_cloudmask/dataset_cropped/10_Metas/17/14/20191017145300_00160.png,446.9,524.5,128.7,27.1,961
10/17/2019 14:54,datasets/dataset_cropped/10_Metas/17/14/20191017145400_00160.jpg,datasets_flow/dataset_cropped/10_Metas/17/14/20191017145400_00160.jpg,datasets_cloudmask/dataset_cropped/10_Metas/17/14/20191017145400_00160.png,392.5,429.5,132.8,26.8,961
10/17/2019 14:55,datasets/dataset_cropped/10_Metas/17/14/20191017145500_00160.jpg,datasets_flow/dataset_cropped/10_Metas/17/14/20191017145500_00160.jpg,datasets_cloudmask/dataset_cropped/10_Metas/17/14/20191017145500_00160.png,373.1,391.5,136.6,26.5,961
10/17/2019 14:56,datasets/dataset_cropped/10_Metas/17/14/20191017145600_00160.jpg,datasets_flow/dataset_cropped/10_Metas/17/14/20191017145600_00160.jpg,datasets_cloudmask/dataset_cropped/10_Metas/17/14/20191017145600_00160.png,437.7,489.5,143.5,26.4,961
10/17/2019 14:57,datasets/dataset_cropped/10_Metas/17/14/20191017145700_00160.jpg,datasets_flow/dataset_cropped/10_Metas/17/14/20191017145700_00160.jpg,datasets_cloudmask/dataset_cropped/10_Metas/17/14/20191017145700_00160.png,479.2,550.3,150.4,26.2,961
10/17/2019 14:58,datasets/dataset_cropped/10_Metas/17/14/20191017145800_00160.jpg,datasets_flow/dataset_cropped/10_Metas/17/14/20191017145800_00160.jpg,datasets_cloudmask/dataset_cropped/10_Metas/17/14/20191017145800_00160.png,451.3,496.1,155.5,26.3,961
10/17/2019 14:59,datasets/dataset_cropped/10_Metas/17/14/20191017145900_00160.jpg,datasets_flow/dataset_cropped/10_Metas/17/14/20191017145900_00160.jpg,datasets_cloudmask/dataset_cropped/10_Metas/17/14/20191017145900_00160.png,470.4,519.7,161.2,26.4,961
10/17/2019 15:00,datasets/dataset_cropped/10_Metas/17/15/20191017150000_00160.jpg,datasets_flow/dataset_cropped/10_Metas/17/15/20191017150000_00160.jpg,datasets_cloudmask/dataset_cropped/10_Metas/17/15/20191017150000_00160.png,376.5,355,165,26.3,961
10/17/2019 15:01,datasets/dataset_cropped/10_Metas/17/15/20191017150100_00160.jpg,datasets_flow/dataset_cropped/10_Metas/17/15/20191017150100_00160.jpg,datasets_cloudmask/dataset_cropped/10_Metas/17/15/20191017150100_00160.png,335.4,278.1,169,26.3,961
10/17/2019 15:02,datasets/dataset_cropped/10_Metas/17/15/20191017150200_00160.jpg,datasets_flow/dataset_cropped/10_Metas/17/15/20191017150200_00160.jpg,datasets_cloudmask/dataset_cropped/10_Metas/17/15/20191017150200_00160.png,299.4,208.5,173.9,26.2,961
10/17/2019 15:03,datasets/dataset_cropped/10_Metas/17/15/20191017150300_00160.jpg,datasets_flow/dataset_cropped/10_Metas/17/15/20191017150300_00160.jpg,datasets_cloudmask/dataset_cropped/10_Metas/17/15/20191017150300_00160.png,359.6,300.5,180.6,26,961
10/17/2019 15:04,datasets/dataset_cropped/10_Metas/17/15/20191017150400_00160.jpg,datasets_flow/dataset_cropped/10_Metas/17/15/20191017150400_00160.jpg,datasets_cloudmask/dataset_cropped/10_Metas/17/15/20191017150400_00160.png,417.6,391.9,186.5,26,961
10/17/2019 15:05,datasets/dataset_cropped/10_Metas/17/15/20191017150500_00160.jpg,datasets_flow/dataset_cropped/10_Metas/17/15/20191017150500_00160.jpg,datasets_cloudmask/dataset_cropped/10_Metas/17/15/20191017150500_00160.png,366.7,301.2,188.9,25.9,961
10/17/2019 15:06,datasets/dataset_cropped/10_Metas/17/15/20191017150600_00160.jpg,datasets_flow/dataset_cropped/10_Metas/17/15/20191017150600_00160.jpg,datasets_cloudmask/dataset_cropped/10_Metas/17/15/20191017150600_00160.png,372,311.3,189.4,25.9,961
10/17/2019 15:07,datasets/dataset_cropped/10_Metas/17/15/20191017150700_00160.jpg,datasets_flow/dataset_cropped/10_Metas/17/15/20191017150700_00160.jpg,datasets_cloudmask/dataset_cropped/10_Metas/17/15/20191017150700_00160.png,410.2,378.3,189.6,25.9,961
10/17/2019 15:08,datasets/dataset_cropped/10_Metas/17/15/20191017150800_00160.jpg,datasets_flow/dataset_cropped/10_Metas/17/15/20191017150800_00160.jpg,datasets_cloudmask/dataset_cropped/10_Metas/17/15/20191017150800_00160.png,419.5,397.1,188.7,25.9,961
10/17/2019 15:09,datasets/dataset_cropped/10_Metas/17/15/20191017150900_00160.jpg,datasets_flow/dataset_cropped/10_Metas/17/15/20191017150900_00160.jpg,datasets_cloudmask/dataset_cropped/10_Metas/17/15/20191017150900_00160.png,412.7,390.8,186.3,25.7,961
10/17/2019 15:10,datasets/dataset_cropped/10_Metas/17/15/20191017151000_00160.jpg,datasets_flow/dataset_cropped/10_Metas/17/15/20191017151000_00160.jpg,datasets_cloudmask/dataset_cropped/10_Metas/17/15/20191017151000_00160.png,377.6,335.6,183.2,25.6,961
10/17/2019 15:11,datasets/dataset_cropped/10_Metas/17/15/20191017151100_00160.jpg,datasets_flow/dataset_cropped/10_Metas/17/15/20191017151100_00160.jpg,datasets_cloudmask/dataset_cropped/10_Metas/17/15/20191017151100_00160.png,435.2,441.3,181.5,25.7,961
10/17/2019 15:12,datasets/dataset_cropped/10_Metas/17/15/20191017151200_00160.jpg,datasets_flow/dataset_cropped/10_Metas/17/15/20191017151200_00160.jpg,datasets_cloudmask/dataset_cropped/10_Metas/17/15/20191017151200_00160.png,443.1,460.8,179.6,25.8,961
10/17/2019 15:13,datasets/dataset_cropped/10_Metas/17/15/20191017151300_00160.jpg,datasets_flow/dataset_cropped/10_Metas/17/15/20191017151300_00160.jpg,datasets_cloudmask/dataset_cropped/10_Metas/17/15/20191017151300_00160.png,396.3,385.8,175.9,25.8,961
10/17/2019 15:14,datasets/dataset_cropped/10_Metas/17/15/20191017151400_00160.jpg,datasets_flow/dataset_cropped/10_Metas/17/15/20191017151400_00160.jpg,datasets_cloudmask/dataset_cropped/10_Metas/17/15/20191017151400_00160.png,460.9,505.1,174.3,25.7,961
10/17/2019 15:15,datasets/dataset_cropped/10_Metas/17/15/20191017151500_00160.jpg,datasets_flow/dataset_cropped/10_Metas/17/15/20191017151500_00160.jpg,datasets_cloudmask/dataset_cropped/10_Metas/17/15/20191017151500_00160.png,480.6,546.8,172.3,25.5,961
10/17/2019 15:16,datasets/dataset_cropped/10_Metas/17/15/20191017151600_00160.jpg,datasets_flow/dataset_cropped/10_Metas/17/15/20191017151600_00160.jpg,datasets_cloudmask/dataset_cropped/10_Metas/17/15/20191017151600_00160.png,476,546.4,169.3,25.5,961
10/17/2019 15:17,datasets/dataset_cropped/10_Metas/17/15/20191017151700_00160.jpg,datasets_flow/dataset_cropped/10_Metas/17/15/20191017151700_00160.jpg,datasets_cloudmask/dataset_cropped/10_Metas/17/15/20191017151700_00160.png,479.7,560.4,166.5,25.8,961
10/17/2019 15:18,datasets/dataset_cropped/10_Metas/17/15/20191017151800_00160.jpg,datasets_flow/dataset_cropped/10_Metas/17/15/20191017151800_00160.jpg,datasets_cloudmask/dataset_cropped/10_Metas/17/15/20191017151800_00160.png,484.8,578.9,162.7,25.7,961
10/17/2019 15:19,datasets/dataset_cropped/10_Metas/17/15/20191017151900_00160.jpg,datasets_flow/dataset_cropped/10_Metas/17/15/20191017151900_00160.jpg,datasets_cloudmask/dataset_cropped/10_Metas/17/15/20191017151900_00160.png,440.3,509.2,157.6,25.8,961
10/17/2019 15:20,datasets/dataset_cropped/10_Metas/17/15/20191017152000_00160.jpg,datasets_flow/dataset_cropped/10_Metas/17/15/20191017152000_00160.jpg,datasets_cloudmask/dataset_cropped/10_Metas/17/15/20191017152000_00160.png,524.2,668.1,155.5,25.8,961
10/17/2019 15:21,datasets/dataset_cropped/10_Metas/17/15/20191017152100_00160.jpg,datasets_flow/dataset_cropped/10_Metas/17/15/20191017152100_00160.jpg,datasets_cloudmask/dataset_cropped/10_Metas/17/15/20191017152100_00160.png,568.1,758.7,151.7,26,961
10/17/2019 15:22,datasets/dataset_cropped/10_Metas/17/15/20191017152200_00160.jpg,datasets_flow/dataset_cropped/10_Metas/17/15/20191017152200_00160.jpg,datasets_cloudmask/dataset_cropped/10_Metas/17/15/20191017152200_00160.png,607.5,841,148,25.9,961
10/17/2019 15:23,datasets/dataset_cropped/10_Metas/17/15/20191017152300_00160.jpg,datasets_flow/dataset_cropped/10_Metas/17/15/20191017152300_00160.jpg,datasets_cloudmask/dataset_cropped/10_Metas/17/15/20191017152300_00160.png,591.8,824,142.9,26,961
10/17/2019 15:24,datasets/dataset_cropped/10_Metas/17/15/20191017152400_00160.jpg,datasets_flow/dataset_cropped/10_Metas/17/15/20191017152400_00160.jpg,datasets_cloudmask/dataset_cropped/10_Metas/17/15/20191017152400_00160.png,581.5,817,138.2,26.5,961
10/17/2019 15:25,datasets/dataset_cropped/10_Metas/17/15/20191017152500_00160.jpg,datasets_flow/dataset_cropped/10_Metas/17/15/20191017152500_00160.jpg,datasets_cloudmask/dataset_cropped/10_Metas/17/15/20191017152500_00160.png,558.8,786.2,133.7,26.4,961
10/17/2019 15:26,datasets/dataset_cropped/10_Metas/17/15/20191017152600_00160.jpg,datasets_flow/dataset_cropped/10_Metas/17/15/20191017152600_00160.jpg,datasets_cloudmask/dataset_cropped/10_Metas/17/15/20191017152600_00160.png,548.6,778.2,129.8,26.1,961
10/17/2019 15:27,datasets/dataset_cropped/10_Metas/17/15/20191017152700_00160.jpg,datasets_flow/dataset_cropped/10_Metas/17/15/20191017152700_00160.jpg,datasets_cloudmask/dataset_cropped/10_Metas/17/15/20191017152700_00160.png,550.5,791.1,126.6,26.1,961
10/17/2019 15:28,datasets/dataset_cropped/10_Metas/17/15/20191017152800_00160.jpg,datasets_flow/dataset_cropped/10_Metas/17/15/20191017152800_00160.jpg,datasets_cloudmask/dataset_cropped/10_Metas/17/15/20191017152800_00160.png,538.2,777.6,123.4,25.9,961
10/17/2019 15:29,datasets/dataset_cropped/10_Metas/17/15/20191017152900_00160.jpg,datasets_flow/dataset_cropped/10_Metas/17/15/20191017152900_00160.jpg,datasets_cloudmask/dataset_cropped/10_Metas/17/15/20191017152900_00160.png,545.7,799.7,120.7,26,961
10/17/2019 15:30,datasets/dataset_cropped/10_Metas/17/15/20191017153000_00160.jpg,datasets_flow/dataset_cropped/10_Metas/17/15/20191017153000_00160.jpg,datasets_cloudmask/dataset_cropped/10_Metas/17/15/20191017153000_00160.png,529.9,777.7,118.1,26.2,961
10/17/2019 15:31,datasets/dataset_cropped/10_Metas/17/15/20191017153100_00160.jpg,datasets_flow/dataset_cropped/10_Metas/17/15/20191017153100_00160.jpg,datasets_cloudmask/dataset_cropped/10_Metas/17/15/20191017153100_00160.png,543.1,809,116.6,26.1,961
10/17/2019 15:32,datasets/dataset_cropped/10_Metas/17/15/20191017153200_00160.jpg,datasets_flow/dataset_cropped/10_Metas/17/15/20191017153200_00160.jpg,datasets_cloudmask/dataset_cropped/10_Metas/17/15/20191017153200_00160.png,545.8,820,115.2,26.1,961
10/17/2019 15:33,datasets/dataset_cropped/10_Metas/17/15/20191017153300_00160.jpg,datasets_flow/dataset_cropped/10_Metas/17/15/20191017153300_00160.jpg,datasets_cloudmask/dataset_cropped/10_Metas/17/15/20191017153300_00160.png,538.8,813,113.8,25.9,961
10/17/2019 15:34,datasets/dataset_cropped/10_Metas/17/15/20191017153400_00160.jpg,datasets_flow/dataset_cropped/10_Metas/17/15/20191017153400_00160.jpg,datasets_cloudmask/dataset_cropped/10_Metas/17/15/20191017153400_00160.png,540.7,821,113.6,26.1,961
10/17/2019 15:35,datasets/dataset_cropped/10_Metas/17/15/20191017153500_00160.jpg,datasets_flow/dataset_cropped/10_Metas/17/15/20191017153500_00160.jpg,datasets_cloudmask/dataset_cropped/10_Metas/17/15/20191017153500_00160.png,538.2,821,113.3,26.1,961
10/17/2019 15:36,datasets/dataset_cropped/10_Metas/17/15/20191017153600_00160.jpg,datasets_flow/dataset_cropped/10_Metas/17/15/20191017153600_00160.jpg,datasets_cloudmask/dataset_cropped/10_Metas/17/15/20191017153600_00160.png,536.5,821,113.1,26,961
10/17/2019 15:37,datasets/dataset_cropped/10_Metas/17/15/20191017153700_00160.jpg,datasets_flow/dataset_cropped/10_Metas/17/15/20191017153700_00160.jpg,datasets_cloudmask/dataset_cropped/10_Metas/17/15/20191017153700_00160.png,532.7,816,113.5,26,961
10/17/2019 15:38,datasets/dataset_cropped/10_Metas/17/15/20191017153800_00160.jpg,datasets_flow/dataset_cropped/10_Metas/17/15/20191017153800_00160.jpg,datasets_cloudmask/dataset_cropped/10_Metas/17/15/20191017153800_00160.png,535,822,114.5,26.1,961
10/17/2019 15:39,datasets/dataset_cropped/10_Metas/17/15/20191017153900_00160.jpg,datasets_flow/dataset_cropped/10_Metas/17/15/20191017153900_00160.jpg,datasets_cloudmask/dataset_cropped/10_Metas/17/15/20191017153900_00160.png,532.1,818,115.4,26.1,961
10/17/2019 15:40,datasets/dataset_cropped/10_Metas/17/15/20191017154000_00160.jpg,datasets_flow/dataset_cropped/10_Metas/17/15/20191017154000_00160.jpg,datasets_cloudmask/dataset_cropped/10_Metas/17/15/20191017154000_00160.png,518,791.9,115.9,26.2,961
10/17/2019 15:41,datasets/dataset_cropped/10_Metas/17/15/20191017154100_00160.jpg,datasets_flow/dataset_cropped/10_Metas/17/15/20191017154100_00160.jpg,datasets_cloudmask/dataset_cropped/10_Metas/17/15/20191017154100_00160.png,491.9,740.4,117.1,26.1,961
10/17/2019 15:42,datasets/dataset_cropped/10_Metas/17/15/20191017154200_00160.jpg,datasets_flow/dataset_cropped/10_Metas/17/15/20191017154200_00160.jpg,datasets_cloudmask/dataset_cropped/10_Metas/17/15/20191017154200_00160.png,512.7,780,119.9,26,961
10/17/2019 15:43,datasets/dataset_cropped/10_Metas/17/15/20191017154300_00160.jpg,datasets_flow/dataset_cropped/10_Metas/17/15/20191017154300_00160.jpg,datasets_cloudmask/dataset_cropped/10_Metas/17/15/20191017154300_00160.png,497.1,747.5,122.2,26,961
10/17/2019 15:44,datasets/dataset_cropped/10_Metas/17/15/20191017154400_00160.jpg,datasets_flow/dataset_cropped/10_Metas/17/15/20191017154400_00160.jpg,datasets_cloudmask/dataset_cropped/10_Metas/17/15/20191017154400_00160.png,407.1,567.6,123,25.9,961
10/17/2019 15:45,datasets/dataset_cropped/10_Metas/17/15/20191017154500_00160.jpg,datasets_flow/dataset_cropped/10_Metas/17/15/20191017154500_00160.jpg,datasets_cloudmask/dataset_cropped/10_Metas/17/15/20191017154500_00160.png,434.6,621.3,124.9,25.8,961
10/17/2019 15:46,datasets/dataset_cropped/10_Metas/17/15/20191017154600_00160.jpg,datasets_flow/dataset_cropped/10_Metas/17/15/20191017154600_00160.jpg,datasets_cloudmask/dataset_cropped/10_Metas/17/15/20191017154600_00160.png,391.9,535.7,126.1,25.8,961
10/17/2019 15:47,datasets/dataset_cropped/10_Metas/17/15/20191017154700_00160.jpg,datasets_flow/dataset_cropped/10_Metas/17/15/20191017154700_00160.jpg,datasets_cloudmask/dataset_cropped/10_Metas/17/15/20191017154700_00160.png,415.2,585.9,126.1,25.9,961
10/17/2019 15:48,datasets/dataset_cropped/10_Metas/17/15/20191017154800_00160.jpg,datasets_flow/dataset_cropped/10_Metas/17/15/20191017154800_00160.jpg,datasets_cloudmask/dataset_cropped/10_Metas/17/15/20191017154800_00160.png,470,700,127.5,26.2,961
10/17/2019 15:49,datasets/dataset_cropped/10_Metas/17/15/20191017154900_00160.jpg,datasets_flow/dataset_cropped/10_Metas/17/15/20191017154900_00160.jpg,datasets_cloudmask/dataset_cropped/10_Metas/17/15/20191017154900_00160.png,471,706,127.7,26.1,961
10/17/2019 15:50,datasets/dataset_cropped/10_Metas/17/15/20191017155000_00160.jpg,datasets_flow/dataset_cropped/10_Metas/17/15/20191017155000_00160.jpg,datasets_cloudmask/dataset_cropped/10_Metas/17/15/20191017155000_00160.png,520.1,810,128.5,26.2,961
10/17/2019 15:51,datasets/dataset_cropped/10_Metas/17/15/20191017155100_00160.jpg,datasets_flow/dataset_cropped/10_Metas/17/15/20191017155100_00160.jpg,datasets_cloudmask/dataset_cropped/10_Metas/17/15/20191017155100_00160.png,510,793.8,128.4,26.1,961
10/17/2019 15:52,datasets/dataset_cropped/10_Metas/17/15/20191017155200_00160.jpg,datasets_flow/dataset_cropped/10_Metas/17/15/20191017155200_00160.jpg,datasets_cloudmask/dataset_cropped/10_Metas/17/15/20191017155200_00160.png,506.3,790.1,128.4,26.4,961
10/17/2019 15:53,datasets/dataset_cropped/10_Metas/17/15/20191017155300_00160.jpg,datasets_flow/dataset_cropped/10_Metas/17/15/20191017155300_00160.jpg,datasets_cloudmask/dataset_cropped/10_Metas/17/15/20191017155300_00160.png,500.7,780.2,129.1,26.4,961
10/17/2019 15:54,datasets/dataset_cropped/10_Metas/17/15/20191017155400_00160.jpg,datasets_flow/dataset_cropped/10_Metas/17/15/20191017155400_00160.jpg,datasets_cloudmask/dataset_cropped/10_Metas/17/15/20191017155400_00160.png,499.4,779.1,130.3,26.4,961
10/17/2019 15:55,datasets/dataset_cropped/10_Metas/17/15/20191017155500_00160.jpg,datasets_flow/dataset_cropped/10_Metas/17/15/20191017155500_00160.jpg,datasets_cloudmask/dataset_cropped/10_Metas/17/15/20191017155500_00160.png,499.7,780.7,131.9,26.4,960
10/17/2019 15:56,datasets/dataset_cropped/10_Metas/17/15/20191017155600_00160.jpg,datasets_flow/dataset_cropped/10_Metas/17/15/20191017155600_00160.jpg,datasets_cloudmask/dataset_cropped/10_Metas/17/15/20191017155600_00160.png,496.3,773.9,133.7,26.4,961
10/17/2019 15:57,datasets/dataset_cropped/10_Metas/17/15/20191017155700_00160.jpg,datasets_flow/dataset_cropped/10_Metas/17/15/20191017155700_00160.jpg,datasets_cloudmask/dataset_cropped/10_Metas/17/15/20191017155700_00160.png,494.5,769.8,135.9,26.3,961
10/17/2019 15:58,datasets/dataset_cropped/10_Metas/17/15/20191017155800_00160.jpg,datasets_flow/dataset_cropped/10_Metas/17/15/20191017155800_00160.jpg,datasets_cloudmask/dataset_cropped/10_Metas/17/15/20191017155800_00160.png,492.6,765.3,138.2,26.4,960
10/17/2019 15:59,datasets/dataset_cropped/10_Metas/17/15/20191017155900_00160.jpg,datasets_flow/dataset_cropped/10_Metas/17/15/20191017155900_00160.jpg,datasets_cloudmask/dataset_cropped/10_Metas/17/15/20191017155900_00160.png,490.4,761.9,139.5,26.6,961
10/17/2019 16:00,datasets/dataset_cropped/10_Metas/17/16/20191017160000_00160.jpg,datasets_flow/dataset_cropped/10_Metas/17/16/20191017160000_00160.jpg,datasets_cloudmask/dataset_cropped/10_Metas/17/16/20191017160000_00160.png,487.2,757.3,140.7,26.7,961
10/17/2019 16:01,datasets/dataset_cropped/10_Metas/17/16/20191017160100_00160.jpg,datasets_flow/dataset_cropped/10_Metas/17/16/20191017160100_00160.jpg,datasets_cloudmask/dataset_cropped/10_Metas/17/16/20191017160100_00160.png,476.9,735.2,142.5,26.7,961
10/17/2019 16:02,datasets/dataset_cropped/10_Metas/17/16/20191017160200_00160.jpg,datasets_flow/dataset_cropped/10_Metas/17/16/20191017160200_00160.jpg,datasets_cloudmask/dataset_cropped/10_Metas/17/16/20191017160200_00160.png,462.8,702.7,144.4,26.8,961
10/17/2019 16:03,datasets/dataset_cropped/10_Metas/17/16/20191017160300_00160.jpg,datasets_flow/dataset_cropped/10_Metas/17/16/20191017160300_00160.jpg,datasets_cloudmask/dataset_cropped/10_Metas/17/16/20191017160300_00160.png,408.5,582.5,145.4,26.7,961
10/17/2019 16:04,datasets/dataset_cropped/10_Metas/17/16/20191017160400_00160.jpg,datasets_flow/dataset_cropped/10_Metas/17/16/20191017160400_00160.jpg,datasets_cloudmask/dataset_cropped/10_Metas/17/16/20191017160400_00160.png,392.5,545.8,146.2,26.7,961
10/17/2019 16:05,datasets/dataset_cropped/10_Metas/17/16/20191017160500_00160.jpg,datasets_flow/dataset_cropped/10_Metas/17/16/20191017160500_00160.jpg,datasets_cloudmask/dataset_cropped/10_Metas/17/16/20191017160500_00160.png,380.7,516.8,148.4,26.6,961
10/17/2019 16:06,datasets/dataset_cropped/10_Metas/17/16/20191017160600_00160.jpg,datasets_flow/dataset_cropped/10_Metas/17/16/20191017160600_00160.jpg,datasets_cloudmask/dataset_cropped/10_Metas/17/16/20191017160600_00160.png,395.2,547,150.9,26.6,961
10/17/2019 16:07,datasets/dataset_cropped/10_Metas/17/16/20191017160700_00160.jpg,datasets_flow/dataset_cropped/10_Metas/17/16/20191017160700_00160.jpg,datasets_cloudmask/dataset_cropped/10_Metas/17/16/20191017160700_00160.png,435.9,639,152.4,26.6,961
10/17/2019 16:08,datasets/dataset_cropped/10_Metas/17/16/20191017160800_00160.jpg,datasets_flow/dataset_cropped/10_Metas/17/16/20191017160800_00160.jpg,datasets_cloudmask/dataset_cropped/10_Metas/17/16/20191017160800_00160.png,306.5,348.2,151.7,26.5,961
10/17/2019 16:09,datasets/dataset_cropped/10_Metas/17/16/20191017160900_00160.jpg,datasets_flow/dataset_cropped/10_Metas/17/16/20191017160900_00160.jpg,datasets_cloudmask/dataset_cropped/10_Metas/17/16/20191017160900_00160.png,223.1,163.4,149.4,26.4,961
10/17/2019 16:10,datasets/dataset_cropped/10_Metas/17/16/20191017161000_00160.jpg,datasets_flow/dataset_cropped/10_Metas/17/16/20191017161000_00160.jpg,datasets_cloudmask/dataset_cropped/10_Metas/17/16/20191017161000_00160.png,233.8,189,149.5,26.3,961
10/17/2019 16:11,datasets/dataset_cropped/10_Metas/17/16/20191017161100_00160.jpg,datasets_flow/dataset_cropped/10_Metas/17/16/20191017161100_00160.jpg,datasets_cloudmask/dataset_cropped/10_Metas/17/16/20191017161100_00160.png,193.1,92.3,150.8,26.1,961
10/17/2019 16:12,datasets/dataset_cropped/10_Metas/17/16/20191017161200_00160.jpg,datasets_flow/dataset_cropped/10_Metas/17/16/20191017161200_00160.jpg,datasets_cloudmask/dataset_cropped/10_Metas/17/16/20191017161200_00160.png,168.2,30.5,152.9,26,961
10/17/2019 16:13,datasets/dataset_cropped/10_Metas/17/16/20191017161300_00160.jpg,datasets_flow/dataset_cropped/10_Metas/17/16/20191017161300_00160.jpg,datasets_cloudmask/dataset_cropped/10_Metas/17/16/20191017161300_00160.png,168.3,27.9,154.7,25.9,961
10/17/2019 16:14,datasets/dataset_cropped/10_Metas/17/16/20191017161400_00160.jpg,datasets_flow/dataset_cropped/10_Metas/17/16/20191017161400_00160.jpg,datasets_cloudmask/dataset_cropped/10_Metas/17/16/20191017161400_00160.png,220.9,150.2,155.4,25.6,961
10/17/2019 16:15,datasets/dataset_cropped/10_Metas/17/16/20191017161500_00160.jpg,datasets_flow/dataset_cropped/10_Metas/17/16/20191017161500_00160.jpg,datasets_cloudmask/dataset_cropped/10_Metas/17/16/20191017161500_00160.png,243.8,202.3,156.4,25.4,961
10/17/2019 16:16,datasets/dataset_cropped/10_Metas/17/16/20191017161600_00160.jpg,datasets_flow/dataset_cropped/10_Metas/17/16/20191017161600_00160.jpg,datasets_cloudmask/dataset_cropped/10_Metas/17/16/20191017161600_00160.png,351.9,454.2,160.6,25.4,961
10/17/2019 16:17,datasets/dataset_cropped/10_Metas/17/16/20191017161700_00160.jpg,datasets_flow/dataset_cropped/10_Metas/17/16/20191017161700_00160.jpg,datasets_cloudmask/dataset_cropped/10_Metas/17/16/20191017161700_00160.png,380.9,524.3,162.9,25.4,961
10/17/2019 16:18,datasets/dataset_cropped/10_Metas/17/16/20191017161800_00160.jpg,datasets_flow/dataset_cropped/10_Metas/17/16/20191017161800_00160.jpg,datasets_cloudmask/dataset_cropped/10_Metas/17/16/20191017161800_00160.png,362.7,487.4,161.6,25.6,961
10/17/2019 16:19,datasets/dataset_cropped/10_Metas/17/16/20191017161900_00160.jpg,datasets_flow/dataset_cropped/10_Metas/17/16/20191017161900_00160.jpg,datasets_cloudmask/dataset_cropped/10_Metas/17/16/20191017161900_00160.png,253.9,233.8,157.2,25.8,961
10/17/2019 16:20,datasets/dataset_cropped/10_Metas/17/16/20191017162000_00160.jpg,datasets_flow/dataset_cropped/10_Metas/17/16/20191017162000_00160.jpg,datasets_cloudmask/dataset_cropped/10_Metas/17/16/20191017162000_00160.png,263.5,261.7,155.5,26,961
10/17/2019 16:21,datasets/dataset_cropped/10_Metas/17/16/20191017162100_00160.jpg,datasets_flow/dataset_cropped/10_Metas/17/16/20191017162100_00160.jpg,datasets_cloudmask/dataset_cropped/10_Metas/17/16/20191017162100_00160.png,352.3,484.8,155.8,26.1,961
10/17/2019 16:22,datasets/dataset_cropped/10_Metas/17/16/20191017162200_00160.jpg,datasets_flow/dataset_cropped/10_Metas/17/16/20191017162200_00160.jpg,datasets_cloudmask/dataset_cropped/10_Metas/17/16/20191017162200_00160.png,306,381.5,152.4,26.1,961
10/17/2019 16:23,datasets/dataset_cropped/10_Metas/17/16/20191017162300_00160.jpg,datasets_flow/dataset_cropped/10_Metas/17/16/20191017162300_00160.jpg,datasets_cloudmask/dataset_cropped/10_Metas/17/16/20191017162300_00160.png,337.5,468.6,150.4,26,960
10/17/2019 16:24,datasets/dataset_cropped/10_Metas/17/16/20191017162400_00160.jpg,datasets_flow/dataset_cropped/10_Metas/17/16/20191017162400_00160.jpg,datasets_cloudmask/dataset_cropped/10_Metas/17/16/20191017162400_00160.png,353.5,512.5,150.3,26,961
10/17/2019 16:25,datasets/dataset_cropped/10_Metas/17/16/20191017162500_00160.jpg,datasets_flow/dataset_cropped/10_Metas/17/16/20191017162500_00160.jpg,datasets_cloudmask/dataset_cropped/10_Metas/17/16/20191017162500_00160.png,362.4,535.8,151.3,26.1,960
10/17/2019 16:26,datasets/dataset_cropped/10_Metas/17/16/20191017162600_00160.jpg,datasets_flow/dataset_cropped/10_Metas/17/16/20191017162600_00160.jpg,datasets_cloudmask/dataset_cropped/10_Metas/17/16/20191017162600_00160.png,371.7,561.1,152.3,26.2,960
10/17/2019 16:27,datasets/dataset_cropped/10_Metas/17/16/20191017162700_00160.jpg,datasets_flow/dataset_cropped/10_Metas/17/16/20191017162700_00160.jpg,datasets_cloudmask/dataset_cropped/10_Metas/17/16/20191017162700_00160.png,311.9,414.7,150.6,26,961
10/17/2019 16:28,datasets/dataset_cropped/10_Metas/17/16/20191017162800_00160.jpg,datasets_flow/dataset_cropped/10_Metas/17/16/20191017162800_00160.jpg,datasets_cloudmask/dataset_cropped/10_Metas/17/16/20191017162800_00160.png,227.2,201.5,147.7,25.9,960
10/17/2019 16:29,datasets/dataset_cropped/10_Metas/17/16/20191017162900_00160.jpg,datasets_flow/dataset_cropped/10_Metas/17/16/20191017162900_00160.jpg,datasets_cloudmask/dataset_cropped/10_Metas/17/16/20191017162900_00160.png,205.4,148.5,147.2,25.9,961
10/17/2019 16:30,datasets/dataset_cropped/10_Metas/17/16/20191017163000_00160.jpg,datasets_flow/dataset_cropped/10_Metas/17/16/20191017163000_00160.jpg,datasets_cloudmask/dataset_cropped/10_Metas/17/16/20191017163000_00160.png,175.8,74.2,146.2,25.8,960
10/17/2019 16:31,datasets/dataset_cropped/10_Metas/17/16/20191017163100_00160.jpg,datasets_flow/dataset_cropped/10_Metas/17/16/20191017163100_00160.jpg,datasets_cloudmask/dataset_cropped/10_Metas/17/16/20191017163100_00160.png,199.5,142.9,144,25.6,960
10/17/2019 16:32,datasets/dataset_cropped/10_Metas/17/16/20191017163200_00160.jpg,datasets_flow/dataset_cropped/10_Metas/17/16/20191017163200_00160.jpg,datasets_cloudmask/dataset_cropped/10_Metas/17/16/20191017163200_00160.png,230,232.9,141,25.4,961
10/17/2019 16:33,datasets/dataset_cropped/10_Metas/17/16/20191017163300_00160.jpg,datasets_flow/dataset_cropped/10_Metas/17/16/20191017163300_00160.jpg,datasets_cloudmask/dataset_cropped/10_Metas/17/16/20191017163300_00160.png,262.1,329.9,138.4,25.3,960
10/17/2019 16:34,datasets/dataset_cropped/10_Metas/17/16/20191017163400_00160.jpg,datasets_flow/dataset_cropped/10_Metas/17/16/20191017163400_00160.jpg,datasets_cloudmask/dataset_cropped/10_Metas/17/16/20191017163400_00160.png,331.6,526.8,136.9,25.4,961
10/17/2019 16:35,datasets/dataset_cropped/10_Metas/17/16/20191017163500_00160.jpg,datasets_flow/dataset_cropped/10_Metas/17/16/20191017163500_00160.jpg,datasets_cloudmask/dataset_cropped/10_Metas/17/16/20191017163500_00160.png,329.1,532.8,134.3,25.6,960
10/17/2019 16:36,datasets/dataset_cropped/10_Metas/17/16/20191017163600_00160.jpg,datasets_flow/dataset_cropped/10_Metas/17/16/20191017163600_00160.jpg,datasets_cloudmask/dataset_cropped/10_Metas/17/16/20191017163600_00160.png,339.1,571.8,131.7,25.7,960
10/17/2019 16:37,datasets/dataset_cropped/10_Metas/17/16/20191017163700_00160.jpg,datasets_flow/dataset_cropped/10_Metas/17/16/20191017163700_00160.jpg,datasets_cloudmask/dataset_cropped/10_Metas/17/16/20191017163700_00160.png,328.9,554.1,129.6,25.9,961
10/17/2019 16:38,datasets/dataset_cropped/10_Metas/17/16/20191017163800_00160.jpg,datasets_flow/dataset_cropped/10_Metas/17/16/20191017163800_00160.jpg,datasets_cloudmask/dataset_cropped/10_Metas/17/16/20191017163800_00160.png,329.2,561.1,129,26.1,961
10/17/2019 16:39,datasets/dataset_cropped/10_Metas/17/16/20191017163900_00160.jpg,datasets_flow/dataset_cropped/10_Metas/17/16/20191017163900_00160.jpg,datasets_cloudmask/dataset_cropped/10_Metas/17/16/20191017163900_00160.png,316.7,529.4,129.4,26,961
10/17/2019 16:40,datasets/dataset_cropped/10_Metas/17/16/20191017164000_00160.jpg,datasets_flow/dataset_cropped/10_Metas/17/16/20191017164000_00160.jpg,datasets_cloudmask/dataset_cropped/10_Metas/17/16/20191017164000_00160.png,314.2,524.2,130.4,25.9,961
10/17/2019 16:41,datasets/dataset_cropped/10_Metas/17/16/20191017164100_00160.jpg,datasets_flow/dataset_cropped/10_Metas/17/16/20191017164100_00160.jpg,datasets_cloudmask/dataset_cropped/10_Metas/17/16/20191017164100_00160.png,305.1,500.5,131,25.9,960
10/17/2019 16:42,datasets/dataset_cropped/10_Metas/17/16/20191017164200_00160.jpg,datasets_flow/dataset_cropped/10_Metas/17/16/20191017164200_00160.jpg,datasets_cloudmask/dataset_cropped/10_Metas/17/16/20191017164200_00160.png,295,473.6,131.5,25.8,960
10/17/2019 16:43,datasets/dataset_cropped/10_Metas/17/16/20191017164300_00160.jpg,datasets_flow/dataset_cropped/10_Metas/17/16/20191017164300_00160.jpg,datasets_cloudmask/dataset_cropped/10_Metas/17/16/20191017164300_00160.png,277.3,424.8,131.5,25.7,960
10/17/2019 16:44,datasets/dataset_cropped/10_Metas/17/16/20191017164400_00160.jpg,datasets_flow/dataset_cropped/10_Metas/17/16/20191017164400_00160.jpg,datasets_cloudmask/dataset_cropped/10_Metas/17/16/20191017164400_00160.png,246,334.9,131.5,25.8,961
10/17/2019 16:45,datasets/dataset_cropped/10_Metas/17/16/20191017164500_00160.jpg,datasets_flow/dataset_cropped/10_Metas/17/16/20191017164500_00160.jpg,datasets_cloudmask/dataset_cropped/10_Metas/17/16/20191017164500_00160.png,230,289,131.6,25.8,961
10/17/2019 16:46,datasets/dataset_cropped/10_Metas/17/16/20191017164600_00160.jpg,datasets_flow/dataset_cropped/10_Metas/17/16/20191017164600_00160.jpg,datasets_cloudmask/dataset_cropped/10_Metas/17/16/20191017164600_00160.png,240.7,320.7,132.8,25.6,961
10/17/2019 16:47,datasets/dataset_cropped/10_Metas/17/16/20191017164700_00160.jpg,datasets_flow/dataset_cropped/10_Metas/17/16/20191017164700_00160.jpg,datasets_cloudmask/dataset_cropped/10_Metas/17/16/20191017164700_00160.png,255.1,362.6,134.5,25.4,961
10/17/2019 16:48,datasets/dataset_cropped/10_Metas/17/16/20191017164800_00160.jpg,datasets_flow/dataset_cropped/10_Metas/17/16/20191017164800_00160.jpg,datasets_cloudmask/dataset_cropped/10_Metas/17/16/20191017164800_00160.png,263.7,388.5,136,25.3,961
10/17/2019 16:49,datasets/dataset_cropped/10_Metas/17/16/20191017164900_00160.jpg,datasets_flow/dataset_cropped/10_Metas/17/16/20191017164900_00160.jpg,datasets_cloudmask/dataset_cropped/10_Metas/17/16/20191017164900_00160.png,284.8,451.8,138,25.3,961
10/17/2019 16:50,datasets/dataset_cropped/10_Metas/17/16/20191017165000_00160.jpg,datasets_flow/dataset_cropped/10_Metas/17/16/20191017165000_00160.jpg,datasets_cloudmask/dataset_cropped/10_Metas/17/16/20191017165000_00160.png,281.8,442.8,139.3,25.4,961
10/17/2019 16:51,datasets/dataset_cropped/10_Metas/17/16/20191017165100_00160.jpg,datasets_flow/dataset_cropped/10_Metas/17/16/20191017165100_00160.jpg,datasets_cloudmask/dataset_cropped/10_Metas/17/16/20191017165100_00160.png,272.5,415.1,140.2,25.6,961
10/17/2019 16:52,datasets/dataset_cropped/10_Metas/17/16/20191017165200_00160.jpg,datasets_flow/dataset_cropped/10_Metas/17/16/20191017165200_00160.jpg,datasets_cloudmask/dataset_cropped/10_Metas/17/16/20191017165200_00160.png,263.4,389.1,140.5,25.6,961
10/17/2019 16:53,datasets/dataset_cropped/10_Metas/17/16/20191017165300_00160.jpg,datasets_flow/dataset_cropped/10_Metas/17/16/20191017165300_00160.jpg,datasets_cloudmask/dataset_cropped/10_Metas/17/16/20191017165300_00160.png,264.2,394.1,140.9,25.5,961
10/17/2019 16:54,datasets/dataset_cropped/10_Metas/17/16/20191017165400_00160.jpg,datasets_flow/dataset_cropped/10_Metas/17/16/20191017165400_00160.jpg,datasets_cloudmask/dataset_cropped/10_Metas/17/16/20191017165400_00160.png,239.9,319.9,140.6,25.4,961
10/17/2019 16:55,datasets/dataset_cropped/10_Metas/17/16/20191017165500_00160.jpg,datasets_flow/dataset_cropped/10_Metas/17/16/20191017165500_00160.jpg,datasets_cloudmask/dataset_cropped/10_Metas/17/16/20191017165500_00160.png,239.1,321.5,140.3,25.3,961
10/17/2019 16:56,datasets/dataset_cropped/10_Metas/17/16/20191017165600_00160.jpg,datasets_flow/dataset_cropped/10_Metas/17/16/20191017165600_00160.jpg,datasets_cloudmask/dataset_cropped/10_Metas/17/16/20191017165600_00160.png,246.6,351.7,139.8,25.2,961
10/17/2019 16:57,datasets/dataset_cropped/10_Metas/17/16/20191017165700_00160.jpg,datasets_flow/dataset_cropped/10_Metas/17/16/20191017165700_00160.jpg,datasets_cloudmask/dataset_cropped/10_Metas/17/16/20191017165700_00160.png,233.8,316.7,138.5,25.1,961
10/17/2019 16:58,datasets/dataset_cropped/10_Metas/17/16/20191017165800_00160.jpg,datasets_flow/dataset_cropped/10_Metas/17/16/20191017165800_00160.jpg,datasets_cloudmask/dataset_cropped/10_Metas/17/16/20191017165800_00160.png,205,229.2,136.5,25.1,961
10/17/2019 16:59,datasets/dataset_cropped/10_Metas/17/16/20191017165900_00160.jpg,datasets_flow/dataset_cropped/10_Metas/17/16/20191017165900_00160.jpg,datasets_cloudmask/dataset_cropped/10_Metas/17/16/20191017165900_00160.png,200.7,222.2,134.9,25.1,961
10/17/2019 17:00,datasets/dataset_cropped/10_Metas/17/17/20191017170000_00160.jpg,datasets_flow/dataset_cropped/10_Metas/17/17/20191017170000_00160.jpg,datasets_cloudmask/dataset_cropped/10_Metas/17/17/20191017170000_00160.png,195.9,211.4,133.9,25.1,961
10/17/2019 17:01,datasets/dataset_cropped/10_Metas/17/17/20191017170100_00160.jpg,datasets_flow/dataset_cropped/10_Metas/17/17/20191017170100_00160.jpg,datasets_cloudmask/dataset_cropped/10_Metas/17/17/20191017170100_00160.png,177.1,152.4,132.6,25.1,961
10/17/2019 17:02,datasets/dataset_cropped/10_Metas/17/17/20191017170200_00160.jpg,datasets_flow/dataset_cropped/10_Metas/17/17/20191017170200_00160.jpg,datasets_cloudmask/dataset_cropped/10_Metas/17/17/20191017170200_00160.png,169.3,130.2,131.7,25,961
10/17/2019 17:03,datasets/dataset_cropped/10_Metas/17/17/20191017170300_00160.jpg,datasets_flow/dataset_cropped/10_Metas/17/17/20191017170300_00160.jpg,datasets_cloudmask/dataset_cropped/10_Metas/17/17/20191017170300_00160.png,195.6,225,131.8,24.8,961
10/17/2019 17:04,datasets/dataset_cropped/10_Metas/17/17/20191017170400_00160.jpg,datasets_flow/dataset_cropped/10_Metas/17/17/20191017170400_00160.jpg,datasets_cloudmask/dataset_cropped/10_Metas/17/17/20191017170400_00160.png,207.7,270.1,132,24.8,961
10/17/2019 17:05,datasets/dataset_cropped/10_Metas/17/17/20191017170500_00160.jpg,datasets_flow/dataset_cropped/10_Metas/17/17/20191017170500_00160.jpg,datasets_cloudmask/dataset_cropped/10_Metas/17/17/20191017170500_00160.png,213.5,293.4,132.1,24.8,961
10/17/2019 17:06,datasets/dataset_cropped/10_Metas/17/17/20191017170600_00160.jpg,datasets_flow/dataset_cropped/10_Metas/17/17/20191017170600_00160.jpg,datasets_cloudmask/dataset_cropped/10_Metas/17/17/20191017170600_00160.png,212.5,293.8,131.9,24.9,961
10/17/2019 17:07,datasets/dataset_cropped/10_Metas/17/17/20191017170700_00160.jpg,datasets_flow/dataset_cropped/10_Metas/17/17/20191017170700_00160.jpg,datasets_cloudmask/dataset_cropped/10_Metas/17/17/20191017170700_00160.png,195.8,237.6,131.2,24.9,961
10/17/2019 17:08,datasets/dataset_cropped/10_Metas/17/17/20191017170800_00160.jpg,datasets_flow/dataset_cropped/10_Metas/17/17/20191017170800_00160.jpg,datasets_cloudmask/dataset_cropped/10_Metas/17/17/20191017170800_00160.png,238.5,400.6,131.5,24.8,961
10/17/2019 17:09,datasets/dataset_cropped/10_Metas/17/17/20191017170900_00160.jpg,datasets_flow/dataset_cropped/10_Metas/17/17/20191017170900_00160.jpg,datasets_cloudmask/dataset_cropped/10_Metas/17/17/20191017170900_00160.png,224.2,352.9,130.9,24.7,961
10/17/2019 17:10,datasets/dataset_cropped/10_Metas/17/17/20191017171000_00160.jpg,datasets_flow/dataset_cropped/10_Metas/17/17/20191017171000_00160.jpg,datasets_cloudmask/dataset_cropped/10_Metas/17/17/20191017171000_00160.png,264,509.8,131.2,24.7,961
10/17/2019 17:11,datasets/dataset_cropped/10_Metas/17/17/20191017171100_00160.jpg,datasets_flow/dataset_cropped/10_Metas/17/17/20191017171100_00160.jpg,datasets_cloudmask/dataset_cropped/10_Metas/17/17/20191017171100_00160.png,261.3,506.7,131.1,24.7,961
10/17/2019 17:12,datasets/dataset_cropped/10_Metas/17/17/20191017171200_00160.jpg,datasets_flow/dataset_cropped/10_Metas/17/17/20191017171200_00160.jpg,datasets_cloudmask/dataset_cropped/10_Metas/17/17/20191017171200_00160.png,244,448.2,130.1,24.8,961
10/17/2019 17:13,datasets/dataset_cropped/10_Metas/17/17/20191017171300_00160.jpg,datasets_flow/dataset_cropped/10_Metas/17/17/20191017171300_00160.jpg,datasets_cloudmask/dataset_cropped/10_Metas/17/17/20191017171300_00160.png,236.8,428.8,129.2,24.9,961
10/17/2019 17:14,datasets/dataset_cropped/10_Metas/17/17/20191017171400_00160.jpg,datasets_flow/dataset_cropped/10_Metas/17/17/20191017171400_00160.jpg,datasets_cloudmask/dataset_cropped/10_Metas/17/17/20191017171400_00160.png,253.5,502.4,129.1,24.9,961
10/17/2019 17:15,datasets/dataset_cropped/10_Metas/17/17/20191017171500_00160.jpg,datasets_flow/dataset_cropped/10_Metas/17/17/20191017171500_00160.jpg,datasets_cloudmask/dataset_cropped/10_Metas/17/17/20191017171500_00160.png,252.5,504.7,129.2,24.8,961
10/17/2019 17:16,datasets/dataset_cropped/10_Metas/17/17/20191017171600_00160.jpg,datasets_flow/dataset_cropped/10_Metas/17/17/20191017171600_00160.jpg,datasets_cloudmask/dataset_cropped/10_Metas/17/17/20191017171600_00160.png,249.3,499.4,128.9,24.8,961
10/17/2019 17:17,datasets/dataset_cropped/10_Metas/17/17/20191017171700_00160.jpg,datasets_flow/dataset_cropped/10_Metas/17/17/20191017171700_00160.jpg,datasets_cloudmask/dataset_cropped/10_Metas/17/17/20191017171700_00160.png,251.3,516.7,128.3,24.8,961
10/17/2019 17:18,datasets/dataset_cropped/10_Metas/17/17/20191017171800_00160.jpg,datasets_flow/dataset_cropped/10_Metas/17/17/20191017171800_00160.jpg,datasets_cloudmask/dataset_cropped/10_Metas/17/17/20191017171800_00160.png,237.7,469.8,127.1,24.8,961
10/17/2019 17:19,datasets/dataset_cropped/10_Metas/17/17/20191017171900_00160.jpg,datasets_flow/dataset_cropped/10_Metas/17/17/20191017171900_00160.jpg,datasets_cloudmask/dataset_cropped/10_Metas/17/17/20191017171900_00160.png,217.9,397.2,125.4,24.7,961
10/17/2019 17:20,datasets/dataset_cropped/10_Metas/17/17/20191017172000_00160.jpg,datasets_flow/dataset_cropped/10_Metas/17/17/20191017172000_00160.jpg,datasets_cloudmask/dataset_cropped/10_Metas/17/17/20191017172000_00160.png,215.5,397.9,124.1,24.7,961
10/17/2019 17:21,datasets/dataset_cropped/10_Metas/17/17/20191017172100_00160.jpg,datasets_flow/dataset_cropped/10_Metas/17/17/20191017172100_00160.jpg,datasets_cloudmask/dataset_cropped/10_Metas/17/17/20191017172100_00160.png,215.8,409.6,123,24.7,961
10/17/2019 17:22,datasets/dataset_cropped/10_Metas/17/17/20191017172200_00160.jpg,datasets_flow/dataset_cropped/10_Metas/17/17/20191017172200_00160.jpg,datasets_cloudmask/dataset_cropped/10_Metas/17/17/20191017172200_00160.png,213.6,410.3,122,24.7,961
10/17/2019 17:23,datasets/dataset_cropped/10_Metas/17/17/20191017172300_00160.jpg,datasets_flow/dataset_cropped/10_Metas/17/17/20191017172300_00160.jpg,datasets_cloudmask/dataset_cropped/10_Metas/17/17/20191017172300_00160.png,224.1,472.1,120.5,24.8,961
10/17/2019 17:24,datasets/dataset_cropped/10_Metas/17/17/20191017172400_00160.jpg,datasets_flow/dataset_cropped/10_Metas/17/17/20191017172400_00160.jpg,datasets_cloudmask/dataset_cropped/10_Metas/17/17/20191017172400_00160.png,207.9,415.6,118.1,24.8,961
10/17/2019 17:25,datasets/dataset_cropped/10_Metas/17/17/20191017172500_00160.jpg,datasets_flow/dataset_cropped/10_Metas/17/17/20191017172500_00160.jpg,datasets_cloudmask/dataset_cropped/10_Metas/17/17/20191017172500_00160.png,171.9,267,114.9,24.7,961
10/17/2019 17:26,datasets/dataset_cropped/10_Metas/17/17/20191017172600_00160.jpg,datasets_flow/dataset_cropped/10_Metas/17/17/20191017172600_00160.jpg,datasets_cloudmask/dataset_cropped/10_Metas/17/17/20191017172600_00160.png,153.4,197,111.8,24.6,961
10/17/2019 17:27,datasets/dataset_cropped/10_Metas/17/17/20191017172700_00160.jpg,datasets_flow/dataset_cropped/10_Metas/17/17/20191017172700_00160.jpg,datasets_cloudmask/dataset_cropped/10_Metas/17/17/20191017172700_00160.png,129.7,100.4,108.5,24.4,961
10/17/2019 17:28,datasets/dataset_cropped/10_Metas/17/17/20191017172800_00160.jpg,datasets_flow/dataset_cropped/10_Metas/17/17/20191017172800_00160.jpg,datasets_cloudmask/dataset_cropped/10_Metas/17/17/20191017172800_00160.png,117.9,59.2,105.4,24.3,961
10/17/2019 17:29,datasets/dataset_cropped/10_Metas/17/17/20191017172900_00160.jpg,datasets_flow/dataset_cropped/10_Metas/17/17/20191017172900_00160.jpg,datasets_cloudmask/dataset_cropped/10_Metas/17/17/20191017172900_00160.png,113.9,53.9,102.7,24.3,961
10/17/2019 17:30,datasets/dataset_cropped/10_Metas/17/17/20191017173000_00160.jpg,datasets_flow/dataset_cropped/10_Metas/17/17/20191017173000_00160.jpg,datasets_cloudmask/dataset_cropped/10_Metas/17/17/20191017173000_00160.png,139.3,191.6,101.2,24.1,961
10/17/2019 17:31,datasets/dataset_cropped/10_Metas/17/17/20191017173100_00160.jpg,datasets_flow/dataset_cropped/10_Metas/17/17/20191017173100_00160.jpg,datasets_cloudmask/dataset_cropped/10_Metas/17/17/20191017173100_00160.png,173.7,374.7,100.7,24,961
10/17/2019 17:32,datasets/dataset_cropped/10_Metas/17/17/20191017173200_00160.jpg,datasets_flow/dataset_cropped/10_Metas/17/17/20191017173200_00160.jpg,datasets_cloudmask/dataset_cropped/10_Metas/17/17/20191017173200_00160.png,197.9,508.8,100.6,24,961
10/17/2019 17:33,datasets/dataset_cropped/10_Metas/17/17/20191017173300_00160.jpg,datasets_flow/dataset_cropped/10_Metas/17/17/20191017173300_00160.jpg,datasets_cloudmask/dataset_cropped/10_Metas/17/17/20191017173300_00160.png,200,533.3,99.9,24.1,961
10/17/2019 17:34,datasets/dataset_cropped/10_Metas/17/17/20191017173400_00160.jpg,datasets_flow/dataset_cropped/10_Metas/17/17/20191017173400_00160.jpg,datasets_cloudmask/dataset_cropped/10_Metas/17/17/20191017173400_00160.png,195.4,525.6,98.5,24.2,961
10/17/2019 17:35,datasets/dataset_cropped/10_Metas/17/17/20191017173500_00160.jpg,datasets_flow/dataset_cropped/10_Metas/17/17/20191017173500_00160.jpg,datasets_cloudmask/dataset_cropped/10_Metas/17/17/20191017173500_00160.png,190,517.9,96.4,24.3,961
10/17/2019 17:36,datasets/dataset_cropped/10_Metas/17/17/20191017173600_00160.jpg,datasets_flow/dataset_cropped/10_Metas/17/17/20191017173600_00160.jpg,datasets_cloudmask/dataset_cropped/10_Metas/17/17/20191017173600_00160.png,185,512.4,94.1,24.3,961
10/17/2019 17:37,datasets/dataset_cropped/10_Metas/17/17/20191017173700_00160.jpg,datasets_flow/dataset_cropped/10_Metas/17/17/20191017173700_00160.jpg,datasets_cloudmask/dataset_cropped/10_Metas/17/17/20191017173700_00160.png,179.6,505.9,91.5,24.3,961
10/17/2019 17:38,datasets/dataset_cropped/10_Metas/17/17/20191017173800_00160.jpg,datasets_flow/dataset_cropped/10_Metas/17/17/20191017173800_00160.jpg,datasets_cloudmask/dataset_cropped/10_Metas/17/17/20191017173800_00160.png,174.2,498.4,89,24.4,961
10/17/2019 17:39,datasets/dataset_cropped/10_Metas/17/17/20191017173900_00160.jpg,datasets_flow/dataset_cropped/10_Metas/17/17/20191017173900_00160.jpg,datasets_cloudmask/dataset_cropped/10_Metas/17/17/20191017173900_00160.png,168.9,491.7,86.5,24.4,961
10/17/2019 17:40,datasets/dataset_cropped/10_Metas/17/17/20191017174000_00160.jpg,datasets_flow/dataset_cropped/10_Metas/17/17/20191017174000_00160.jpg,datasets_cloudmask/dataset_cropped/10_Metas/17/17/20191017174000_00160.png,163.4,485.5,83.6,24.4,961
10/17/2019 17:41,datasets/dataset_cropped/10_Metas/17/17/20191017174100_00160.jpg,datasets_flow/dataset_cropped/10_Metas/17/17/20191017174100_00160.jpg,datasets_cloudmask/dataset_cropped/10_Metas/17/17/20191017174100_00160.png,157.9,478.5,80.7,24.4,961
10/17/2019 17:42,datasets/dataset_cropped/10_Metas/17/17/20191017174200_00160.jpg,datasets_flow/dataset_cropped/10_Metas/17/17/20191017174200_00160.jpg,datasets_cloudmask/dataset_cropped/10_Metas/17/17/20191017174200_00160.png,152.2,471.4,77.6,24.3,961
10/17/2019 17:43,datasets/dataset_cropped/10_Metas/17/17/20191017174300_00160.jpg,datasets_flow/dataset_cropped/10_Metas/17/17/20191017174300_00160.jpg,datasets_cloudmask/dataset_cropped/10_Metas/17/17/20191017174300_00160.png,146.4,464.6,74.4,24.2,961
10/17/2019 17:44,datasets/dataset_cropped/10_Metas/17/17/20191017174400_00160.jpg,datasets_flow/dataset_cropped/10_Metas/17/17/20191017174400_00160.jpg,datasets_cloudmask/dataset_cropped/10_Metas/17/17/20191017174400_00160.png,140.4,457,71.1,24.3,961
10/17/2019 17:45,datasets/dataset_cropped/10_Metas/17/17/20191017174500_00160.jpg,datasets_flow/dataset_cropped/10_Metas/17/17/20191017174500_00160.jpg,datasets_cloudmask/dataset_cropped/10_Metas/17/17/20191017174500_00160.png,134.9,450,68.1,24.3,961
10/17/2019 17:46,datasets/dataset_cropped/10_Metas/17/17/20191017174600_00160.jpg,datasets_flow/dataset_cropped/10_Metas/17/17/20191017174600_00160.jpg,datasets_cloudmask/dataset_cropped/10_Metas/17/17/20191017174600_00160.png,129.5,444,65,24.2,961
10/17/2019 17:47,datasets/dataset_cropped/10_Metas/17/17/20191017174700_00160.jpg,datasets_flow/dataset_cropped/10_Metas/17/17/20191017174700_00160.jpg,datasets_cloudmask/dataset_cropped/10_Metas/17/17/20191017174700_00160.png,124.2,438.8,62,24.2,961
10/17/2019 17:48,datasets/dataset_cropped/10_Metas/17/17/20191017174800_00160.jpg,datasets_flow/dataset_cropped/10_Metas/17/17/20191017174800_00160.jpg,datasets_cloudmask/dataset_cropped/10_Metas/17/17/20191017174800_00160.png,118.9,433.3,58.9,24.2,961
10/17/2019 17:49,datasets/dataset_cropped/10_Metas/17/17/20191017174900_00160.jpg,datasets_flow/dataset_cropped/10_Metas/17/17/20191017174900_00160.jpg,datasets_cloudmask/dataset_cropped/10_Metas/17/17/20191017174900_00160.png,114.8,426,57,24.2,961
10/17/2019 17:50,datasets/dataset_cropped/10_Metas/17/17/20191017175000_00160.jpg,datasets_flow/dataset_cropped/10_Metas/17/17/20191017175000_00160.jpg,datasets_cloudmask/dataset_cropped/10_Metas/17/17/20191017175000_00160.png,110.6,418.6,55,24.1,961
10/17/2019 17:51,datasets/dataset_cropped/10_Metas/17/17/20191017175100_00160.jpg,datasets_flow/dataset_cropped/10_Metas/17/17/20191017175100_00160.jpg,datasets_cloudmask/dataset_cropped/10_Metas/17/17/20191017175100_00160.png,106.4,411.3,53.1,24,961
10/17/2019 17:52,datasets/dataset_cropped/10_Metas/17/17/20191017175200_00160.jpg,datasets_flow/dataset_cropped/10_Metas/17/17/20191017175200_00160.jpg,datasets_cloudmask/dataset_cropped/10_Metas/17/17/20191017175200_00160.png,102.3,403.9,51.1,24,961
10/17/2019 17:53,datasets/dataset_cropped/10_Metas/17/17/20191017175300_00160.jpg,datasets_flow/dataset_cropped/10_Metas/17/17/20191017175300_00160.jpg,datasets_cloudmask/dataset_cropped/10_Metas/17/17/20191017175300_00160.png,98.2,396.6,49.2,24,961
10/17/2019 17:54,datasets/dataset_cropped/10_Metas/17/17/20191017175400_00160.jpg,datasets_flow/dataset_cropped/10_Metas/17/17/20191017175400_00160.jpg,datasets_cloudmask/dataset_cropped/10_Metas/17/17/20191017175400_00160.png,94,389.3,47.3,23.9,961
10/17/2019 17:55,datasets/dataset_cropped/10_Metas/17/17/20191017175500_00160.jpg,datasets_flow/dataset_cropped/10_Metas/17/17/20191017175500_00160.jpg,datasets_cloudmask/dataset_cropped/10_Metas/17/17/20191017175500_00160.png,89.9,381.9,45.3,23.8,961
10/17/2019 17:56,datasets/dataset_cropped/10_Metas/17/17/20191017175600_00160.jpg,datasets_flow/dataset_cropped/10_Metas/17/17/20191017175600_00160.jpg,datasets_cloudmask/dataset_cropped/10_Metas/17/17/20191017175600_00160.png,85.7,374.6,43.4,23.8,961
10/17/2019 17:57,datasets/dataset_cropped/10_Metas/17/17/20191017175700_00160.jpg,datasets_flow/dataset_cropped/10_Metas/17/17/20191017175700_00160.jpg,datasets_cloudmask/dataset_cropped/10_Metas/17/17/20191017175700_00160.png,81.6,367.2,41.4,23.8,961
10/17/2019 17:58,datasets/dataset_cropped/10_Metas/17/17/20191017175800_00160.jpg,datasets_flow/dataset_cropped/10_Metas/17/17/20191017175800_00160.jpg,datasets_cloudmask/dataset_cropped/10_Metas/17/17/20191017175800_00160.png,77.4,359.9,39.5,23.7,961
10/17/2019 17:59,datasets/dataset_cropped/10_Metas/17/17/20191017175900_00160.jpg,datasets_flow/dataset_cropped/10_Metas/17/17/20191017175900_00160.jpg,datasets_cloudmask/dataset_cropped/10_Metas/17/17/20191017175900_00160.png,74,352.8,38.1,23.7,961
10/17/2019 18:00,datasets/dataset_cropped/10_Metas/17/18/20191017180000_00160.jpg,datasets_flow/dataset_cropped/10_Metas/17/18/20191017180000_00160.jpg,datasets_cloudmask/dataset_cropped/10_Metas/17/18/20191017180000_00160.png,70.7,345.1,36.7,23.6,961
10/17/2019 18:01,datasets/dataset_cropped/10_Metas/17/18/20191017180100_00160.jpg,datasets_flow/dataset_cropped/10_Metas/17/18/20191017180100_00160.jpg,datasets_cloudmask/dataset_cropped/10_Metas/17/18/20191017180100_00160.png,67.3,337.1,35.3,23.6,961
10/17/2019 18:02,datasets/dataset_cropped/10_Metas/17/18/20191017180200_00160.jpg,datasets_flow/dataset_cropped/10_Metas/17/18/20191017180200_00160.jpg,datasets_cloudmask/dataset_cropped/10_Metas/17/18/20191017180200_00160.png,64.2,329.2,34.1,23.5,961
10/17/2019 18:03,datasets/dataset_cropped/10_Metas/17/18/20191017180300_00160.jpg,datasets_flow/dataset_cropped/10_Metas/17/18/20191017180300_00160.jpg,datasets_cloudmask/dataset_cropped/10_Metas/17/18/20191017180300_00160.png,61.1,321.6,32.8,23.4,961
10/17/2019 18:04,datasets/dataset_cropped/10_Metas/17/18/20191017180400_00160.jpg,datasets_flow/dataset_cropped/10_Metas/17/18/20191017180400_00160.jpg,datasets_cloudmask/dataset_cropped/10_Metas/17/18/20191017180400_00160.png,58.1,313.2,31.7,23.4,961
10/17/2019 18:05,datasets/dataset_cropped/10_Metas/17/18/20191017180500_00160.jpg,datasets_flow/dataset_cropped/10_Metas/17/18/20191017180500_00160.jpg,datasets_cloudmask/dataset_cropped/10_Metas/17/18/20191017180500_00160.png,55.3,305.4,30.6,23.3,961
10/17/2019 18:06,datasets/dataset_cropped/10_Metas/17/18/20191017180600_00160.jpg,datasets_flow/dataset_cropped/10_Metas/17/18/20191017180600_00160.jpg,datasets_cloudmask/dataset_cropped/10_Metas/17/18/20191017180600_00160.png,52.3,297.4,29.3,23.3,961
10/17/2019 18:07,datasets/dataset_cropped/10_Metas/17/18/20191017180700_00160.jpg,datasets_flow/dataset_cropped/10_Metas/17/18/20191017180700_00160.jpg,datasets_cloudmask/dataset_cropped/10_Metas/17/18/20191017180700_00160.png,49.4,288.2,28.1,23.3,961
10/17/2019 18:08,datasets/dataset_cropped/10_Metas/17/18/20191017180800_00160.jpg,datasets_flow/dataset_cropped/10_Metas/17/18/20191017180800_00160.jpg,datasets_cloudmask/dataset_cropped/10_Metas/17/18/20191017180800_00160.png,45.7,265.1,26.9,23.3,961
10/17/2019 18:09,datasets/dataset_cropped/10_Metas/17/18/20191017180900_00160.jpg,datasets_flow/dataset_cropped/10_Metas/17/18/20191017180900_00160.jpg,datasets_cloudmask/dataset_cropped/10_Metas/17/18/20191017180900_00160.png,41.1,231.2,25.5,23.2,961
10/17/2019 18:10,datasets/dataset_cropped/10_Metas/17/18/20191017181000_00160.jpg,datasets_flow/dataset_cropped/10_Metas/17/18/20191017181000_00160.jpg,datasets_cloudmask/dataset_cropped/10_Metas/17/18/20191017181000_00160.png,38.5,224.7,23.9,23.1,961
10/17/2019 18:11,datasets/dataset_cropped/10_Metas/17/18/20191017181100_00160.jpg,datasets_flow/dataset_cropped/10_Metas/17/18/20191017181100_00160.jpg,datasets_cloudmask/dataset_cropped/10_Metas/17/18/20191017181100_00160.png,36,219.5,22.5,23.1,961
10/17/2019 18:12,datasets/dataset_cropped/10_Metas/17/18/20191017181200_00160.jpg,datasets_flow/dataset_cropped/10_Metas/17/18/20191017181200_00160.jpg,datasets_cloudmask/dataset_cropped/10_Metas/17/18/20191017181200_00160.png,32.5,193.3,21.1,23,961
10/17/2019 18:13,datasets/dataset_cropped/10_Metas/17/18/20191017181300_00160.jpg,datasets_flow/dataset_cropped/10_Metas/17/18/20191017181300_00160.jpg,datasets_cloudmask/dataset_cropped/10_Metas/17/18/20191017181300_00160.png,28.1,149.5,19.6,22.9,961
10/17/2019 18:14,datasets/dataset_cropped/10_Metas/17/18/20191017181400_00160.jpg,datasets_flow/dataset_cropped/10_Metas/17/18/20191017181400_00160.jpg,datasets_cloudmask/dataset_cropped/10_Metas/17/18/20191017181400_00160.png,26,146.3,18.2,22.9,961
10/17/2019 18:15,datasets/dataset_cropped/10_Metas/17/18/20191017181500_00160.jpg,datasets_flow/dataset_cropped/10_Metas/17/18/20191017181500_00160.jpg,datasets_cloudmask/dataset_cropped/10_Metas/17/18/20191017181500_00160.png,25.5,166.5,17.2,22.7,961
10/17/2019 18:16,datasets/dataset_cropped/10_Metas/17/18/20191017181600_00160.jpg,datasets_flow/dataset_cropped/10_Metas/17/18/20191017181600_00160.jpg,datasets_cloudmask/dataset_cropped/10_Metas/17/18/20191017181600_00160.png,23.6,153.8,16.2,22.6,961
10/17/2019 18:17,datasets/dataset_cropped/10_Metas/17/18/20191017181700_00160.jpg,datasets_flow/dataset_cropped/10_Metas/17/18/20191017181700_00160.jpg,datasets_cloudmask/dataset_cropped/10_Metas/17/18/20191017181700_00160.png,20.7,123.5,15,22.6,961
10/17/2019 18:18,datasets/dataset_cropped/10_Metas/17/18/20191017181800_00160.jpg,datasets_flow/dataset_cropped/10_Metas/17/18/20191017181800_00160.jpg,datasets_cloudmask/dataset_cropped/10_Metas/17/18/20191017181800_00160.png,18.5,110.8,13.7,22.5,961
10/17/2019 18:19,datasets/dataset_cropped/10_Metas/17/18/20191017181900_00160.jpg,datasets_flow/dataset_cropped/10_Metas/17/18/20191017181900_00160.jpg,datasets_cloudmask/dataset_cropped/10_Metas/17/18/20191017181900_00160.png,16.8,102.9,12.6,22.4,961
10/17/2019 18:20,datasets/dataset_cropped/10_Metas/17/18/20191017182000_00160.jpg,datasets_flow/dataset_cropped/10_Metas/17/18/20191017182000_00160.jpg,datasets_cloudmask/dataset_cropped/10_Metas/17/18/20191017182000_00160.png,14.6,78.2,11.5,22.3,961
10/17/2019 18:21,datasets/dataset_cropped/10_Metas/17/18/20191017182100_00160.jpg,datasets_flow/dataset_cropped/10_Metas/17/18/20191017182100_00160.jpg,datasets_cloudmask/dataset_cropped/10_Metas/17/18/20191017182100_00160.png,12.4,50.5,10.3,22.2,961
10/17/2019 18:22,datasets/dataset_cropped/10_Metas/17/18/20191017182200_00160.jpg,datasets_flow/dataset_cropped/10_Metas/17/18/20191017182200_00160.jpg,datasets_cloudmask/dataset_cropped/10_Metas/17/18/20191017182200_00160.png,10.5,30.2,9.2,22.1,961
10/17/2019 18:23,datasets/dataset_cropped/10_Metas/17/18/20191017182300_00160.jpg,datasets_flow/dataset_cropped/10_Metas/17/18/20191017182300_00160.jpg,datasets_cloudmask/dataset_cropped/10_Metas/17/18/20191017182300_00160.png,9,13.9,8.2,22,961
10/17/2019 18:24,datasets/dataset_cropped/10_Metas/17/18/20191017182400_00160.jpg,datasets_flow/dataset_cropped/10_Metas/17/18/20191017182400_00160.jpg,datasets_cloudmask/dataset_cropped/10_Metas/17/18/20191017182400_00160.png,7.7,2.1,7.2,21.9,961
10/17/2019 18:25,datasets/dataset_cropped/10_Metas/17/18/20191017182500_00160.jpg,datasets_flow/dataset_cropped/10_Metas/17/18/20191017182500_00160.jpg,datasets_cloudmask/dataset_cropped/10_Metas/17/18/20191017182500_00160.png,6.7,0.7,6.3,21.8,961
10/17/2019 18:26,datasets/dataset_cropped/10_Metas/17/18/20191017182600_00160.jpg,datasets_flow/dataset_cropped/10_Metas/17/18/20191017182600_00160.jpg,datasets_cloudmask/dataset_cropped/10_Metas/17/18/20191017182600_00160.png,5.8,0,5.4,21.8,961
10/17/2019 18:27,datasets/dataset_cropped/10_Metas/17/18/20191017182700_00160.jpg,datasets_flow/dataset_cropped/10_Metas/17/18/20191017182700_00160.jpg,datasets_cloudmask/dataset_cropped/10_Metas/17/18/20191017182700_00160.png,4.9,0,4.5,21.8,961
10/17/2019 18:28,datasets/dataset_cropped/10_Metas/17/18/20191017182800_00160.jpg,datasets_flow/dataset_cropped/10_Metas/17/18/20191017182800_00160.jpg,datasets_cloudmask/dataset_cropped/10_Metas/17/18/20191017182800_00160.png,4.1,0,3.8,21.7,961
10/18/2019 7:21,datasets/dataset_cropped/10_Metas/18/07/20191018072130_00160.jpg,datasets_flow/dataset_cropped/10_Metas/18/07/20191018072130_00160.jpg,datasets_cloudmask/dataset_cropped/10_Metas/18/07/20191018072130_00160.png,5.5,1.4,5.5,14.7,961
10/18/2019 7:22,datasets/dataset_cropped/10_Metas/18/07/20191018072200_00160.jpg,datasets_flow/dataset_cropped/10_Metas/18/07/20191018072200_00160.jpg,datasets_cloudmask/dataset_cropped/10_Metas/18/07/20191018072200_00160.png,5.5,1.4,5.5,14.7,961
10/18/2019 7:23,datasets/dataset_cropped/10_Metas/18/07/20191018072300_00160.jpg,datasets_flow/dataset_cropped/10_Metas/18/07/20191018072300_00160.jpg,datasets_cloudmask/dataset_cropped/10_Metas/18/07/20191018072300_00160.png,6,1.4,5.9,14.5,961
10/18/2019 7:24,datasets/dataset_cropped/10_Metas/18/07/20191018072400_00160.jpg,datasets_flow/dataset_cropped/10_Metas/18/07/20191018072400_00160.jpg,datasets_cloudmask/dataset_cropped/10_Metas/18/07/20191018072400_00160.png,6.8,5.3,6.6,14.5,961
10/18/2019 7:25,datasets/dataset_cropped/10_Metas/18/07/20191018072500_00160.jpg,datasets_flow/dataset_cropped/10_Metas/18/07/20191018072500_00160.jpg,datasets_cloudmask/dataset_cropped/10_Metas/18/07/20191018072500_00160.png,8.5,30.4,8,14.4,961
10/18/2019 7:26,datasets/dataset_cropped/10_Metas/18/07/20191018072600_00160.jpg,datasets_flow/dataset_cropped/10_Metas/18/07/20191018072600_00160.jpg,datasets_cloudmask/dataset_cropped/10_Metas/18/07/20191018072600_00160.png,10.5,63.8,9.4,14.3,961
10/18/2019 7:27,datasets/dataset_cropped/10_Metas/18/07/20191018072700_00160.jpg,datasets_flow/dataset_cropped/10_Metas/18/07/20191018072700_00160.jpg,datasets_cloudmask/dataset_cropped/10_Metas/18/07/20191018072700_00160.png,12.4,95,10.6,14.3,961
10/18/2019 7:28,datasets/dataset_cropped/10_Metas/18/07/20191018072800_00160.jpg,datasets_flow/dataset_cropped/10_Metas/18/07/20191018072800_00160.jpg,datasets_cloudmask/dataset_cropped/10_Metas/18/07/20191018072800_00160.png,14.6,116.5,11.9,14.3,961
10/18/2019 7:29,datasets/dataset_cropped/10_Metas/18/07/20191018072900_00160.jpg,datasets_flow/dataset_cropped/10_Metas/18/07/20191018072900_00160.jpg,datasets_cloudmask/dataset_cropped/10_Metas/18/07/20191018072900_00160.png,16.6,135,13.3,14.2,961
10/18/2019 7:30,datasets/dataset_cropped/10_Metas/18/07/20191018073000_00160.jpg,datasets_flow/dataset_cropped/10_Metas/18/07/20191018073000_00160.jpg,datasets_cloudmask/dataset_cropped/10_Metas/18/07/20191018073000_00160.png,18.8,154.3,14.8,14.1,961
10/18/2019 7:31,datasets/dataset_cropped/10_Metas/18/07/20191018073100_00160.jpg,datasets_flow/dataset_cropped/10_Metas/18/07/20191018073100_00160.jpg,datasets_cloudmask/dataset_cropped/10_Metas/18/07/20191018073100_00160.png,20.7,166.5,15.8,14.3,961
10/18/2019 7:32,datasets/dataset_cropped/10_Metas/18/07/20191018073200_00160.jpg,datasets_flow/dataset_cropped/10_Metas/18/07/20191018073200_00160.jpg,datasets_cloudmask/dataset_cropped/10_Metas/18/07/20191018073200_00160.png,21.3,141.7,16.6,14.3,961
10/18/2019 7:33,datasets/dataset_cropped/10_Metas/18/07/20191018073300_00160.jpg,datasets_flow/dataset_cropped/10_Metas/18/07/20191018073300_00160.jpg,datasets_cloudmask/dataset_cropped/10_Metas/18/07/20191018073300_00160.png,21.7,108.1,17.9,14.3,961
10/18/2019 7:34,datasets/dataset_cropped/10_Metas/18/07/20191018073400_00160.jpg,datasets_flow/dataset_cropped/10_Metas/18/07/20191018073400_00160.jpg,datasets_cloudmask/dataset_cropped/10_Metas/18/07/20191018073400_00160.png,23.2,103.2,19.3,14.3,961
10/18/2019 7:35,datasets/dataset_cropped/10_Metas/18/07/20191018073500_00160.jpg,datasets_flow/dataset_cropped/10_Metas/18/07/20191018073500_00160.jpg,datasets_cloudmask/dataset_cropped/10_Metas/18/07/20191018073500_00160.png,24.9,99.9,20.7,14.4,962
10/18/2019 7:36,datasets/dataset_cropped/10_Metas/18/07/20191018073600_00160.jpg,datasets_flow/dataset_cropped/10_Metas/18/07/20191018073600_00160.jpg,datasets_cloudmask/dataset_cropped/10_Metas/18/07/20191018073600_00160.png,26.6,93.4,22.4,14.4,961
10/18/2019 7:37,datasets/dataset_cropped/10_Metas/18/07/20191018073700_00160.jpg,datasets_flow/dataset_cropped/10_Metas/18/07/20191018073700_00160.jpg,datasets_cloudmask/dataset_cropped/10_Metas/18/07/20191018073700_00160.png,31.1,136.9,24.5,14.5,961
10/18/2019 7:38,datasets/dataset_cropped/10_Metas/18/07/20191018073800_00160.jpg,datasets_flow/dataset_cropped/10_Metas/18/07/20191018073800_00160.jpg,datasets_cloudmask/dataset_cropped/10_Metas/18/07/20191018073800_00160.png,37,208.1,26.3,14.4,961
10/18/2019 7:39,datasets/dataset_cropped/10_Metas/18/07/20191018073900_00160.jpg,datasets_flow/dataset_cropped/10_Metas/18/07/20191018073900_00160.jpg,datasets_cloudmask/dataset_cropped/10_Metas/18/07/20191018073900_00160.png,41.5,251.5,27.9,14.4,961
10/18/2019 7:40,datasets/dataset_cropped/10_Metas/18/07/20191018074000_00160.jpg,datasets_flow/dataset_cropped/10_Metas/18/07/20191018074000_00160.jpg,datasets_cloudmask/dataset_cropped/10_Metas/18/07/20191018074000_00160.png,45.4,280.3,29.2,14.5,961
10/18/2019 7:41,datasets/dataset_cropped/10_Metas/18/07/20191018074100_00160.jpg,datasets_flow/dataset_cropped/10_Metas/18/07/20191018074100_00160.jpg,datasets_cloudmask/dataset_cropped/10_Metas/18/07/20191018074100_00160.png,46.9,271.1,30.6,14.5,961
10/18/2019 7:42,datasets/dataset_cropped/10_Metas/18/07/20191018074200_00160.jpg,datasets_flow/dataset_cropped/10_Metas/18/07/20191018074200_00160.jpg,datasets_cloudmask/dataset_cropped/10_Metas/18/07/20191018074200_00160.png,45.4,214.7,31.8,14.5,961
10/18/2019 7:43,datasets/dataset_cropped/10_Metas/18/07/20191018074300_00160.jpg,datasets_flow/dataset_cropped/10_Metas/18/07/20191018074300_00160.jpg,datasets_cloudmask/dataset_cropped/10_Metas/18/07/20191018074300_00160.png,45.5,181.5,33.3,14.4,961
10/18/2019 7:44,datasets/dataset_cropped/10_Metas/18/07/20191018074400_00160.jpg,datasets_flow/dataset_cropped/10_Metas/18/07/20191018074400_00160.jpg,datasets_cloudmask/dataset_cropped/10_Metas/18/07/20191018074400_00160.png,49.4,202.6,35.1,14.3,961
10/18/2019 7:45,datasets/dataset_cropped/10_Metas/18/07/20191018074500_00160.jpg,datasets_flow/dataset_cropped/10_Metas/18/07/20191018074500_00160.jpg,datasets_cloudmask/dataset_cropped/10_Metas/18/07/20191018074500_00160.png,54.9,243.9,36.8,14.3,961
10/18/2019 7:46,datasets/dataset_cropped/10_Metas/18/07/20191018074600_00160.jpg,datasets_flow/dataset_cropped/10_Metas/18/07/20191018074600_00160.jpg,datasets_cloudmask/dataset_cropped/10_Metas/18/07/20191018074600_00160.png,63.5,323.9,38.3,14.4,961
10/18/2019 7:47,datasets/dataset_cropped/10_Metas/18/07/20191018074700_00160.jpg,datasets_flow/dataset_cropped/10_Metas/18/07/20191018074700_00160.jpg,datasets_cloudmask/dataset_cropped/10_Metas/18/07/20191018074700_00160.png,65.6,321.1,39.7,14.6,961
10/18/2019 7:48,datasets/dataset_cropped/10_Metas/18/07/20191018074800_00160.jpg,datasets_flow/dataset_cropped/10_Metas/18/07/20191018074800_00160.jpg,datasets_cloudmask/dataset_cropped/10_Metas/18/07/20191018074800_00160.png,60.4,229.2,41.2,14.8,961
10/18/2019 7:49,datasets/dataset_cropped/10_Metas/18/07/20191018074900_00160.jpg,datasets_flow/dataset_cropped/10_Metas/18/07/20191018074900_00160.jpg,datasets_cloudmask/dataset_cropped/10_Metas/18/07/20191018074900_00160.png,62.1,217.2,43,14.8,961
10/18/2019 7:50,datasets/dataset_cropped/10_Metas/18/07/20191018075000_00160.jpg,datasets_flow/dataset_cropped/10_Metas/18/07/20191018075000_00160.jpg,datasets_cloudmask/dataset_cropped/10_Metas/18/07/20191018075000_00160.png,65.3,227.3,44.7,14.8,961
10/18/2019 7:51,datasets/dataset_cropped/10_Metas/18/07/20191018075100_00160.jpg,datasets_flow/dataset_cropped/10_Metas/18/07/20191018075100_00160.jpg,datasets_cloudmask/dataset_cropped/10_Metas/18/07/20191018075100_00160.png,64.7,196.9,46.1,14.8,961
10/18/2019 7:52,datasets/dataset_cropped/10_Metas/18/07/20191018075200_00160.jpg,datasets_flow/dataset_cropped/10_Metas/18/07/20191018075200_00160.jpg,datasets_cloudmask/dataset_cropped/10_Metas/18/07/20191018075200_00160.png,66.9,195.8,47.8,14.8,962
10/18/2019 7:53,datasets/dataset_cropped/10_Metas/18/07/20191018075300_00160.jpg,datasets_flow/dataset_cropped/10_Metas/18/07/20191018075300_00160.jpg,datasets_cloudmask/dataset_cropped/10_Metas/18/07/20191018075300_00160.png,67,172.7,49.6,14.8,961
10/18/2019 7:54,datasets/dataset_cropped/10_Metas/18/07/20191018075400_00160.jpg,datasets_flow/dataset_cropped/10_Metas/18/07/20191018075400_00160.jpg,datasets_cloudmask/dataset_cropped/10_Metas/18/07/20191018075400_00160.png,65.2,134.6,51.2,14.9,961
10/18/2019 7:55,datasets/dataset_cropped/10_Metas/18/07/20191018075500_00160.jpg,datasets_flow/dataset_cropped/10_Metas/18/07/20191018075500_00160.jpg,datasets_cloudmask/dataset_cropped/10_Metas/18/07/20191018075500_00160.png,63.1,91.4,53.4,15,962
10/18/2019 7:56,datasets/dataset_cropped/10_Metas/18/07/20191018075600_00160.jpg,datasets_flow/dataset_cropped/10_Metas/18/07/20191018075600_00160.jpg,datasets_cloudmask/dataset_cropped/10_Metas/18/07/20191018075600_00160.png,62.5,62.8,55.5,14.9,961
10/18/2019 7:57,datasets/dataset_cropped/10_Metas/18/07/20191018075700_00160.jpg,datasets_flow/dataset_cropped/10_Metas/18/07/20191018075700_00160.jpg,datasets_cloudmask/dataset_cropped/10_Metas/18/07/20191018075700_00160.png,66.2,74,57.7,14.8,962
10/18/2019 7:58,datasets/dataset_cropped/10_Metas/18/07/20191018075800_00160.jpg,datasets_flow/dataset_cropped/10_Metas/18/07/20191018075800_00160.jpg,datasets_cloudmask/dataset_cropped/10_Metas/18/07/20191018075800_00160.png,72.4,105.6,59.9,14.8,962
10/18/2019 7:59,datasets/dataset_cropped/10_Metas/18/07/20191018075900_00160.jpg,datasets_flow/dataset_cropped/10_Metas/18/07/20191018075900_00160.jpg,datasets_cloudmask/dataset_cropped/10_Metas/18/07/20191018075900_00160.png,77.4,127.2,62,14.9,962
10/18/2019 8:00,datasets/dataset_cropped/10_Metas/18/08/20191018080000_00160.jpg,datasets_flow/dataset_cropped/10_Metas/18/08/20191018080000_00160.jpg,datasets_cloudmask/dataset_cropped/10_Metas/18/08/20191018080000_00160.png,82.1,147.3,63.9,14.9,961
10/18/2019 8:01,datasets/dataset_cropped/10_Metas/18/08/20191018080100_00160.jpg,datasets_flow/dataset_cropped/10_Metas/18/08/20191018080100_00160.jpg,datasets_cloudmask/dataset_cropped/10_Metas/18/08/20191018080100_00160.png,87.1,170.1,65.6,14.8,961
10/18/2019 8:02,datasets/dataset_cropped/10_Metas/18/08/20191018080200_00160.jpg,datasets_flow/dataset_cropped/10_Metas/18/08/20191018080200_00160.jpg,datasets_cloudmask/dataset_cropped/10_Metas/18/08/20191018080200_00160.png,91.2,186.9,67.1,14.8,961
10/18/2019 8:03,datasets/dataset_cropped/10_Metas/18/08/20191018080300_00160.jpg,datasets_flow/dataset_cropped/10_Metas/18/08/20191018080300_00160.jpg,datasets_cloudmask/dataset_cropped/10_Metas/18/08/20191018080300_00160.png,87.2,143.8,68.2,14.8,962
10/18/2019 8:04,datasets/dataset_cropped/10_Metas/18/08/20191018080400_00160.jpg,datasets_flow/dataset_cropped/10_Metas/18/08/20191018080400_00160.jpg,datasets_cloudmask/dataset_cropped/10_Metas/18/08/20191018080400_00160.png,88.2,138.2,69.4,14.8,961
10/18/2019 8:05,datasets/dataset_cropped/10_Metas/18/08/20191018080500_00160.jpg,datasets_flow/dataset_cropped/10_Metas/18/08/20191018080500_00160.jpg,datasets_cloudmask/dataset_cropped/10_Metas/18/08/20191018080500_00160.png,90.8,146.6,70.5,14.9,961
10/18/2019 8:06,datasets/dataset_cropped/10_Metas/18/08/20191018080600_00160.jpg,datasets_flow/dataset_cropped/10_Metas/18/08/20191018080600_00160.jpg,datasets_cloudmask/dataset_cropped/10_Metas/18/08/20191018080600_00160.png,90.9,138.3,71.3,14.9,962
10/18/2019 8:07,datasets/dataset_cropped/10_Metas/18/08/20191018080700_00160.jpg,datasets_flow/dataset_cropped/10_Metas/18/08/20191018080700_00160.jpg,datasets_cloudmask/dataset_cropped/10_Metas/18/08/20191018080700_00160.png,89.5,120.2,72.2,15,961
10/18/2019 8:08,datasets/dataset_cropped/10_Metas/18/08/20191018080800_00160.jpg,datasets_flow/dataset_cropped/10_Metas/18/08/20191018080800_00160.jpg,datasets_cloudmask/dataset_cropped/10_Metas/18/08/20191018080800_00160.png,89.2,109.2,73,15.1,962
10/18/2019 8:09,datasets/dataset_cropped/10_Metas/18/08/20191018080900_00160.jpg,datasets_flow/dataset_cropped/10_Metas/18/08/20191018080900_00160.jpg,datasets_cloudmask/dataset_cropped/10_Metas/18/08/20191018080900_00160.png,94.9,137.8,73.9,15.1,962
10/18/2019 8:10,datasets/dataset_cropped/10_Metas/18/08/20191018081000_00160.jpg,datasets_flow/dataset_cropped/10_Metas/18/08/20191018081000_00160.jpg,datasets_cloudmask/dataset_cropped/10_Metas/18/08/20191018081000_00160.png,98.4,152,74.8,15.1,962
10/18/2019 8:11,datasets/dataset_cropped/10_Metas/18/08/20191018081100_00160.jpg,datasets_flow/dataset_cropped/10_Metas/18/08/20191018081100_00160.jpg,datasets_cloudmask/dataset_cropped/10_Metas/18/08/20191018081100_00160.png,95.7,127.4,75.5,15.1,962
10/18/2019 8:12,datasets/dataset_cropped/10_Metas/18/08/20191018081200_00160.jpg,datasets_flow/dataset_cropped/10_Metas/18/08/20191018081200_00160.jpg,datasets_cloudmask/dataset_cropped/10_Metas/18/08/20191018081200_00160.png,101.8,154.8,76.5,15.2,962
10/18/2019 8:13,datasets/dataset_cropped/10_Metas/18/08/20191018081300_00160.jpg,datasets_flow/dataset_cropped/10_Metas/18/08/20191018081300_00160.jpg,datasets_cloudmask/dataset_cropped/10_Metas/18/08/20191018081300_00160.png,120,255.6,77.5,15.2,962
10/18/2019 8:14,datasets/dataset_cropped/10_Metas/18/08/20191018081400_00160.jpg,datasets_flow/dataset_cropped/10_Metas/18/08/20191018081400_00160.jpg,datasets_cloudmask/dataset_cropped/10_Metas/18/08/20191018081400_00160.png,127.1,289.3,78.2,15.3,962
10/18/2019 8:15,datasets/dataset_cropped/10_Metas/18/08/20191018081500_00160.jpg,datasets_flow/dataset_cropped/10_Metas/18/08/20191018081500_00160.jpg,datasets_cloudmask/dataset_cropped/10_Metas/18/08/20191018081500_00160.png,130.1,298.9,78.7,15.5,962
10/18/2019 8:16,datasets/dataset_cropped/10_Metas/18/08/20191018081600_00160.jpg,datasets_flow/dataset_cropped/10_Metas/18/08/20191018081600_00160.jpg,datasets_cloudmask/dataset_cropped/10_Metas/18/08/20191018081600_00160.png,130.4,293.7,79.1,15.6,962
10/18/2019 8:17,datasets/dataset_cropped/10_Metas/18/08/20191018081700_00160.jpg,datasets_flow/dataset_cropped/10_Metas/18/08/20191018081700_00160.jpg,datasets_cloudmask/dataset_cropped/10_Metas/18/08/20191018081700_00160.png,128.1,274.2,79.4,15.8,962
10/18/2019 8:18,datasets/dataset_cropped/10_Metas/18/08/20191018081800_00160.jpg,datasets_flow/dataset_cropped/10_Metas/18/08/20191018081800_00160.jpg,datasets_cloudmask/dataset_cropped/10_Metas/18/08/20191018081800_00160.png,127.6,265.4,79.7,15.9,962
10/18/2019 8:19,datasets/dataset_cropped/10_Metas/18/08/20191018081900_00160.jpg,datasets_flow/dataset_cropped/10_Metas/18/08/20191018081900_00160.jpg,datasets_cloudmask/dataset_cropped/10_Metas/18/08/20191018081900_00160.png,123.3,236.5,80,16,962
10/18/2019 8:20,datasets/dataset_cropped/10_Metas/18/08/20191018082000_00160.jpg,datasets_flow/dataset_cropped/10_Metas/18/08/20191018082000_00160.jpg,datasets_cloudmask/dataset_cropped/10_Metas/18/08/20191018082000_00160.png,117.8,201.9,80.2,16,962
10/18/2019 8:21,datasets/dataset_cropped/10_Metas/18/08/20191018082100_00160.jpg,datasets_flow/dataset_cropped/10_Metas/18/08/20191018082100_00160.jpg,datasets_cloudmask/dataset_cropped/10_Metas/18/08/20191018082100_00160.png,119,202.6,80.6,16.1,962
10/18/2019 8:22,datasets/dataset_cropped/10_Metas/18/08/20191018082200_00160.jpg,datasets_flow/dataset_cropped/10_Metas/18/08/20191018082200_00160.jpg,datasets_cloudmask/dataset_cropped/10_Metas/18/08/20191018082200_00160.png,120.9,207.5,81,16.1,962
10/18/2019 8:23,datasets/dataset_cropped/10_Metas/18/08/20191018082300_00160.jpg,datasets_flow/dataset_cropped/10_Metas/18/08/20191018082300_00160.jpg,datasets_cloudmask/dataset_cropped/10_Metas/18/08/20191018082300_00160.png,119.1,193.6,81.3,16,962
10/18/2019 8:24,datasets/dataset_cropped/10_Metas/18/08/20191018082400_00160.jpg,datasets_flow/dataset_cropped/10_Metas/18/08/20191018082400_00160.jpg,datasets_cloudmask/dataset_cropped/10_Metas/18/08/20191018082400_00160.png,118,183.6,81.6,16.1,962
10/18/2019 8:25,datasets/dataset_cropped/10_Metas/18/08/20191018082500_00160.jpg,datasets_flow/dataset_cropped/10_Metas/18/08/20191018082500_00160.jpg,datasets_cloudmask/dataset_cropped/10_Metas/18/08/20191018082500_00160.png,112,150.4,81.9,16.1,962
10/18/2019 8:26,datasets/dataset_cropped/10_Metas/18/08/20191018082600_00160.jpg,datasets_flow/dataset_cropped/10_Metas/18/08/20191018082600_00160.jpg,datasets_cloudmask/dataset_cropped/10_Metas/18/08/20191018082600_00160.png,111.4,143.3,82.4,16.2,962
10/18/2019 8:27,datasets/dataset_cropped/10_Metas/18/08/20191018082700_00160.jpg,datasets_flow/dataset_cropped/10_Metas/18/08/20191018082700_00160.jpg,datasets_cloudmask/dataset_cropped/10_Metas/18/08/20191018082700_00160.png,107.8,123,82.8,16.3,962
10/18/2019 8:28,datasets/dataset_cropped/10_Metas/18/08/20191018082800_00160.jpg,datasets_flow/dataset_cropped/10_Metas/18/08/20191018082800_00160.jpg,datasets_cloudmask/dataset_cropped/10_Metas/18/08/20191018082800_00160.png,95.5,61.9,83.3,16.4,962
10/18/2019 8:29,datasets/dataset_cropped/10_Metas/18/08/20191018082900_00160.jpg,datasets_flow/dataset_cropped/10_Metas/18/08/20191018082900_00160.jpg,datasets_cloudmask/dataset_cropped/10_Metas/18/08/20191018082900_00160.png,90,31.3,84,16.4,962
10/18/2019 8:30,datasets/dataset_cropped/10_Metas/18/08/20191018083000_00160.jpg,datasets_flow/dataset_cropped/10_Metas/18/08/20191018083000_00160.jpg,datasets_cloudmask/dataset_cropped/10_Metas/18/08/20191018083000_00160.png,91,30.4,84.9,16.5,962
10/18/2019 8:31,datasets/dataset_cropped/10_Metas/18/08/20191018083100_00160.jpg,datasets_flow/dataset_cropped/10_Metas/18/08/20191018083100_00160.jpg,datasets_cloudmask/dataset_cropped/10_Metas/18/08/20191018083100_00160.png,92.9,33.6,85.9,16.5,962
10/18/2019 8:32,datasets/dataset_cropped/10_Metas/18/08/20191018083200_00160.jpg,datasets_flow/dataset_cropped/10_Metas/18/08/20191018083200_00160.jpg,datasets_cloudmask/dataset_cropped/10_Metas/18/08/20191018083200_00160.png,97.6,48.3,87,16.5,962
10/18/2019 8:33,datasets/dataset_cropped/10_Metas/18/08/20191018083300_00160.jpg,datasets_flow/dataset_cropped/10_Metas/18/08/20191018083300_00160.jpg,datasets_cloudmask/dataset_cropped/10_Metas/18/08/20191018083300_00160.png,106.3,79.4,88.3,16.5,962
10/18/2019 8:34,datasets/dataset_cropped/10_Metas/18/08/20191018083400_00160.jpg,datasets_flow/dataset_cropped/10_Metas/18/08/20191018083400_00160.jpg,datasets_cloudmask/dataset_cropped/10_Metas/18/08/20191018083400_00160.png,114.8,109.6,89.6,16.5,962
10/18/2019 8:35,datasets/dataset_cropped/10_Metas/18/08/20191018083500_00160.jpg,datasets_flow/dataset_cropped/10_Metas/18/08/20191018083500_00160.jpg,datasets_cloudmask/dataset_cropped/10_Metas/18/08/20191018083500_00160.png,118.7,119.1,91,16.5,962
10/18/2019 8:36,datasets/dataset_cropped/10_Metas/18/08/20191018083600_00160.jpg,datasets_flow/dataset_cropped/10_Metas/18/08/20191018083600_00160.jpg,datasets_cloudmask/dataset_cropped/10_Metas/18/08/20191018083600_00160.png,119.7,116.4,92.3,16.5,962
10/18/2019 8:37,datasets/dataset_cropped/10_Metas/18/08/20191018083700_00160.jpg,datasets_flow/dataset_cropped/10_Metas/18/08/20191018083700_00160.jpg,datasets_cloudmask/dataset_cropped/10_Metas/18/08/20191018083700_00160.png,127.1,138.9,93.9,16.5,962
10/18/2019 8:38,datasets/dataset_cropped/10_Metas/18/08/20191018083800_00160.jpg,datasets_flow/dataset_cropped/10_Metas/18/08/20191018083800_00160.jpg,datasets_cloudmask/dataset_cropped/10_Metas/18/08/20191018083800_00160.png,136.1,167.9,95.3,16.6,962
10/18/2019 8:39,datasets/dataset_cropped/10_Metas/18/08/20191018083900_00160.jpg,datasets_flow/dataset_cropped/10_Metas/18/08/20191018083900_00160.jpg,datasets_cloudmask/dataset_cropped/10_Metas/18/08/20191018083900_00160.png,144.9,195.3,96.7,16.6,962
10/18/2019 8:40,datasets/dataset_cropped/10_Metas/18/08/20191018084000_00160.jpg,datasets_flow/dataset_cropped/10_Metas/18/08/20191018084000_00160.jpg,datasets_cloudmask/dataset_cropped/10_Metas/18/08/20191018084000_00160.png,155.4,229.4,98.1,16.7,962
10/18/2019 8:41,datasets/dataset_cropped/10_Metas/18/08/20191018084100_00160.jpg,datasets_flow/dataset_cropped/10_Metas/18/08/20191018084100_00160.jpg,datasets_cloudmask/dataset_cropped/10_Metas/18/08/20191018084100_00160.png,160.7,242.6,99.5,16.7,962
10/18/2019 8:42,datasets/dataset_cropped/10_Metas/18/08/20191018084200_00160.jpg,datasets_flow/dataset_cropped/10_Metas/18/08/20191018084200_00160.jpg,datasets_cloudmask/dataset_cropped/10_Metas/18/08/20191018084200_00160.png,176.4,296,100.9,16.8,962
10/18/2019 8:43,datasets/dataset_cropped/10_Metas/18/08/20191018084300_00160.jpg,datasets_flow/dataset_cropped/10_Metas/18/08/20191018084300_00160.jpg,datasets_cloudmask/dataset_cropped/10_Metas/18/08/20191018084300_00160.png,177.1,291.7,101.9,16.9,962
10/18/2019 8:44,datasets/dataset_cropped/10_Metas/18/08/20191018084400_00160.jpg,datasets_flow/dataset_cropped/10_Metas/18/08/20191018084400_00160.jpg,datasets_cloudmask/dataset_cropped/10_Metas/18/08/20191018084400_00160.png,177.6,286.2,102.9,17,962
10/18/2019 8:45,datasets/dataset_cropped/10_Metas/18/08/20191018084500_00160.jpg,datasets_flow/dataset_cropped/10_Metas/18/08/20191018084500_00160.jpg,datasets_cloudmask/dataset_cropped/10_Metas/18/08/20191018084500_00160.png,185.5,309.5,104,17,962
10/18/2019 8:46,datasets/dataset_cropped/10_Metas/18/08/20191018084600_00160.jpg,datasets_flow/dataset_cropped/10_Metas/18/08/20191018084600_00160.jpg,datasets_cloudmask/dataset_cropped/10_Metas/18/08/20191018084600_00160.png,192.9,330,104.9,17.1,962
10/18/2019 8:47,datasets/dataset_cropped/10_Metas/18/08/20191018084700_00160.jpg,datasets_flow/dataset_cropped/10_Metas/18/08/20191018084700_00160.jpg,datasets_cloudmask/dataset_cropped/10_Metas/18/08/20191018084700_00160.png,198.3,343.3,105.8,17.2,962
10/18/2019 8:48,datasets/dataset_cropped/10_Metas/18/08/20191018084800_00160.jpg,datasets_flow/dataset_cropped/10_Metas/18/08/20191018084800_00160.jpg,datasets_cloudmask/dataset_cropped/10_Metas/18/08/20191018084800_00160.png,196.5,330.7,106.4,17.4,962
10/18/2019 8:49,datasets/dataset_cropped/10_Metas/18/08/20191018084900_00160.jpg,datasets_flow/dataset_cropped/10_Metas/18/08/20191018084900_00160.jpg,datasets_cloudmask/dataset_cropped/10_Metas/18/08/20191018084900_00160.png,200.7,340,107,17.5,962
10/18/2019 8:50,datasets/dataset_cropped/10_Metas/18/08/20191018085000_00160.jpg,datasets_flow/dataset_cropped/10_Metas/18/08/20191018085000_00160.jpg,datasets_cloudmask/dataset_cropped/10_Metas/18/08/20191018085000_00160.png,198.1,325.6,107.5,17.6,962
10/18/2019 8:51,datasets/dataset_cropped/10_Metas/18/08/20191018085100_00160.jpg,datasets_flow/dataset_cropped/10_Metas/18/08/20191018085100_00160.jpg,datasets_cloudmask/dataset_cropped/10_Metas/18/08/20191018085100_00160.png,203.8,340,108.1,17.7,962
10/18/2019 8:52,datasets/dataset_cropped/10_Metas/18/08/20191018085200_00160.jpg,datasets_flow/dataset_cropped/10_Metas/18/08/20191018085200_00160.jpg,datasets_cloudmask/dataset_cropped/10_Metas/18/08/20191018085200_00160.png,207.9,349.5,108.5,17.8,962
10/18/2019 8:53,datasets/dataset_cropped/10_Metas/18/08/20191018085300_00160.jpg,datasets_flow/dataset_cropped/10_Metas/18/08/20191018085300_00160.jpg,datasets_cloudmask/dataset_cropped/10_Metas/18/08/20191018085300_00160.png,207,341.3,108.9,17.9,962
10/18/2019 8:54,datasets/dataset_cropped/10_Metas/18/08/20191018085400_00160.jpg,datasets_flow/dataset_cropped/10_Metas/18/08/20191018085400_00160.jpg,datasets_cloudmask/dataset_cropped/10_Metas/18/08/20191018085400_00160.png,210.9,349.8,109.3,18,962
10/18/2019 8:55,datasets/dataset_cropped/10_Metas/18/08/20191018085500_00160.jpg,datasets_flow/dataset_cropped/10_Metas/18/08/20191018085500_00160.jpg,datasets_cloudmask/dataset_cropped/10_Metas/18/08/20191018085500_00160.png,217.9,368.6,109.5,18.1,962
10/18/2019 8:56,datasets/dataset_cropped/10_Metas/18/08/20191018085600_00160.jpg,datasets_flow/dataset_cropped/10_Metas/18/08/20191018085600_00160.jpg,datasets_cloudmask/dataset_cropped/10_Metas/18/08/20191018085600_00160.png,215.4,356.2,109.5,18.2,962
10/18/2019 8:57,datasets/dataset_cropped/10_Metas/18/08/20191018085700_00160.jpg,datasets_flow/dataset_cropped/10_Metas/18/08/20191018085700_00160.jpg,datasets_cloudmask/dataset_cropped/10_Metas/18/08/20191018085700_00160.png,217.2,358.6,109.4,18.3,962
10/18/2019 8:58,datasets/dataset_cropped/10_Metas/18/08/20191018085800_00160.jpg,datasets_flow/dataset_cropped/10_Metas/18/08/20191018085800_00160.jpg,datasets_cloudmask/dataset_cropped/10_Metas/18/08/20191018085800_00160.png,212.3,340.5,109.2,18.4,962
10/18/2019 8:59,datasets/dataset_cropped/10_Metas/18/08/20191018085900_00160.jpg,datasets_flow/dataset_cropped/10_Metas/18/08/20191018085900_00160.jpg,datasets_cloudmask/dataset_cropped/10_Metas/18/08/20191018085900_00160.png,199.3,296.3,108.8,18.5,962
10/18/2019 9:00,datasets/dataset_cropped/10_Metas/18/09/20191018090000_00160.jpg,datasets_flow/dataset_cropped/10_Metas/18/09/20191018090000_00160.jpg,datasets_cloudmask/dataset_cropped/10_Metas/18/09/20191018090000_00160.png,187.3,256.1,108.5,18.5,962
10/18/2019 9:01,datasets/dataset_cropped/10_Metas/18/09/20191018090100_00160.jpg,datasets_flow/dataset_cropped/10_Metas/18/09/20191018090100_00160.jpg,datasets_cloudmask/dataset_cropped/10_Metas/18/09/20191018090100_00160.png,173,208.5,108.3,18.5,962
10/18/2019 9:02,datasets/dataset_cropped/10_Metas/18/09/20191018090200_00160.jpg,datasets_flow/dataset_cropped/10_Metas/18/09/20191018090200_00160.jpg,datasets_cloudmask/dataset_cropped/10_Metas/18/09/20191018090200_00160.png,159.7,164.7,108.2,18.6,962
10/18/2019 9:03,datasets/dataset_cropped/10_Metas/18/09/20191018090300_00160.jpg,datasets_flow/dataset_cropped/10_Metas/18/09/20191018090300_00160.jpg,datasets_cloudmask/dataset_cropped/10_Metas/18/09/20191018090300_00160.png,157.5,156,108.2,18.7,962
10/18/2019 9:04,datasets/dataset_cropped/10_Metas/18/09/20191018090400_00160.jpg,datasets_flow/dataset_cropped/10_Metas/18/09/20191018090400_00160.jpg,datasets_cloudmask/dataset_cropped/10_Metas/18/09/20191018090400_00160.png,158.5,156.7,108.4,18.7,962
10/18/2019 9:05,datasets/dataset_cropped/10_Metas/18/09/20191018090500_00160.jpg,datasets_flow/dataset_cropped/10_Metas/18/09/20191018090500_00160.jpg,datasets_cloudmask/dataset_cropped/10_Metas/18/09/20191018090500_00160.png,162.8,167,108.7,18.9,962
10/18/2019 9:06,datasets/dataset_cropped/10_Metas/18/09/20191018090600_00160.jpg,datasets_flow/dataset_cropped/10_Metas/18/09/20191018090600_00160.jpg,datasets_cloudmask/dataset_cropped/10_Metas/18/09/20191018090600_00160.png,175.3,201.8,109.2,18.8,962
10/18/2019 9:07,datasets/dataset_cropped/10_Metas/18/09/20191018090700_00160.jpg,datasets_flow/dataset_cropped/10_Metas/18/09/20191018090700_00160.jpg,datasets_cloudmask/dataset_cropped/10_Metas/18/09/20191018090700_00160.png,183.3,222.5,109.6,18.6,962
10/18/2019 9:08,datasets/dataset_cropped/10_Metas/18/09/20191018090800_00160.jpg,datasets_flow/dataset_cropped/10_Metas/18/09/20191018090800_00160.jpg,datasets_cloudmask/dataset_cropped/10_Metas/18/09/20191018090800_00160.png,212.2,305.5,110.1,18.4,962
10/18/2019 9:09,datasets/dataset_cropped/10_Metas/18/09/20191018090900_00160.jpg,datasets_flow/dataset_cropped/10_Metas/18/09/20191018090900_00160.jpg,datasets_cloudmask/dataset_cropped/10_Metas/18/09/20191018090900_00160.png,224.4,338.5,110.4,18.3,962
10/18/2019 9:10,datasets/dataset_cropped/10_Metas/18/09/20191018091000_00160.jpg,datasets_flow/dataset_cropped/10_Metas/18/09/20191018091000_00160.jpg,datasets_cloudmask/dataset_cropped/10_Metas/18/09/20191018091000_00160.png,231.7,356.7,110.7,18.3,962
10/18/2019 9:11,datasets/dataset_cropped/10_Metas/18/09/20191018091100_00160.jpg,datasets_flow/dataset_cropped/10_Metas/18/09/20191018091100_00160.jpg,datasets_cloudmask/dataset_cropped/10_Metas/18/09/20191018091100_00160.png,233.1,356.8,111,18.3,962
10/18/2019 9:12,datasets/dataset_cropped/10_Metas/18/09/20191018091200_00160.jpg,datasets_flow/dataset_cropped/10_Metas/18/09/20191018091200_00160.jpg,datasets_cloudmask/dataset_cropped/10_Metas/18/09/20191018091200_00160.png,237.6,366.8,111.3,18.3,962
10/18/2019 9:13,datasets/dataset_cropped/10_Metas/18/09/20191018091300_00160.jpg,datasets_flow/dataset_cropped/10_Metas/18/09/20191018091300_00160.jpg,datasets_cloudmask/dataset_cropped/10_Metas/18/09/20191018091300_00160.png,229.3,339.5,111.3,18.3,962
10/18/2019 9:14,datasets/dataset_cropped/10_Metas/18/09/20191018091400_00160.jpg,datasets_flow/dataset_cropped/10_Metas/18/09/20191018091400_00160.jpg,datasets_cloudmask/dataset_cropped/10_Metas/18/09/20191018091400_00160.png,247.8,388.8,111.7,18.4,962
10/18/2019 9:15,datasets/dataset_cropped/10_Metas/18/09/20191018091500_00160.jpg,datasets_flow/dataset_cropped/10_Metas/18/09/20191018091500_00160.jpg,datasets_cloudmask/dataset_cropped/10_Metas/18/09/20191018091500_00160.png,260.2,420.2,112.1,18.6,962
10/18/2019 9:16,datasets/dataset_cropped/10_Metas/18/09/20191018091600_00160.jpg,datasets_flow/dataset_cropped/10_Metas/18/09/20191018091600_00160.jpg,datasets_cloudmask/dataset_cropped/10_Metas/18/09/20191018091600_00160.png,269.5,442.4,112.4,18.8,962
10/18/2019 9:17,datasets/dataset_cropped/10_Metas/18/09/20191018091700_00160.jpg,datasets_flow/dataset_cropped/10_Metas/18/09/20191018091700_00160.jpg,datasets_cloudmask/dataset_cropped/10_Metas/18/09/20191018091700_00160.png,282.2,473.7,112.9,19,962
10/18/2019 9:18,datasets/dataset_cropped/10_Metas/18/09/20191018091800_00160.jpg,datasets_flow/dataset_cropped/10_Metas/18/09/20191018091800_00160.jpg,datasets_cloudmask/dataset_cropped/10_Metas/18/09/20191018091800_00160.png,300.8,522.1,112.9,19.2,962
10/18/2019 9:19,datasets/dataset_cropped/10_Metas/18/09/20191018091900_00160.jpg,datasets_flow/dataset_cropped/10_Metas/18/09/20191018091900_00160.jpg,datasets_cloudmask/dataset_cropped/10_Metas/18/09/20191018091900_00160.png,298,510.6,113,19.3,962
10/18/2019 9:20,datasets/dataset_cropped/10_Metas/18/09/20191018092000_00160.jpg,datasets_flow/dataset_cropped/10_Metas/18/09/20191018092000_00160.jpg,datasets_cloudmask/dataset_cropped/10_Metas/18/09/20191018092000_00160.png,311.4,543,113.3,19.5,962
10/18/2019 9:21,datasets/dataset_cropped/10_Metas/18/09/20191018092100_00160.jpg,datasets_flow/dataset_cropped/10_Metas/18/09/20191018092100_00160.jpg,datasets_cloudmask/dataset_cropped/10_Metas/18/09/20191018092100_00160.png,310.8,537,113.5,19.5,962
10/18/2019 9:22,datasets/dataset_cropped/10_Metas/18/09/20191018092200_00160.jpg,datasets_flow/dataset_cropped/10_Metas/18/09/20191018092200_00160.jpg,datasets_cloudmask/dataset_cropped/10_Metas/18/09/20191018092200_00160.png,309.6,529.6,113.5,19.6,962
10/18/2019 9:23,datasets/dataset_cropped/10_Metas/18/09/20191018092300_00160.jpg,datasets_flow/dataset_cropped/10_Metas/18/09/20191018092300_00160.jpg,datasets_cloudmask/dataset_cropped/10_Metas/18/09/20191018092300_00160.png,316,542,113.9,19.6,962
10/18/2019 9:24,datasets/dataset_cropped/10_Metas/18/09/20191018092400_00160.jpg,datasets_flow/dataset_cropped/10_Metas/18/09/20191018092400_00160.jpg,datasets_cloudmask/dataset_cropped/10_Metas/18/09/20191018092400_00160.png,321.3,551.1,114.3,19.7,962
10/18/2019 9:25,datasets/dataset_cropped/10_Metas/18/09/20191018092500_00160.jpg,datasets_flow/dataset_cropped/10_Metas/18/09/20191018092500_00160.jpg,datasets_cloudmask/dataset_cropped/10_Metas/18/09/20191018092500_00160.png,323.4,552,114.5,19.9,962
10/18/2019 9:26,datasets/dataset_cropped/10_Metas/18/09/20191018092600_00160.jpg,datasets_flow/dataset_cropped/10_Metas/18/09/20191018092600_00160.jpg,datasets_cloudmask/dataset_cropped/10_Metas/18/09/20191018092600_00160.png,316.1,528.8,114.7,19.9,962
10/18/2019 9:27,datasets/dataset_cropped/10_Metas/18/09/20191018092700_00160.jpg,datasets_flow/dataset_cropped/10_Metas/18/09/20191018092700_00160.jpg,datasets_cloudmask/dataset_cropped/10_Metas/18/09/20191018092700_00160.png,310,508.8,115,20,962
10/18/2019 9:28,datasets/dataset_cropped/10_Metas/18/09/20191018092800_00160.jpg,datasets_flow/dataset_cropped/10_Metas/18/09/20191018092800_00160.jpg,datasets_cloudmask/dataset_cropped/10_Metas/18/09/20191018092800_00160.png,313.4,513.3,115.4,20,962
10/18/2019 9:29,datasets/dataset_cropped/10_Metas/18/09/20191018092900_00160.jpg,datasets_flow/dataset_cropped/10_Metas/18/09/20191018092900_00160.jpg,datasets_cloudmask/dataset_cropped/10_Metas/18/09/20191018092900_00160.png,336.4,567.7,116,20.1,962
10/18/2019 9:30,datasets/dataset_cropped/10_Metas/18/09/20191018093000_00160.jpg,datasets_flow/dataset_cropped/10_Metas/18/09/20191018093000_00160.jpg,datasets_cloudmask/dataset_cropped/10_Metas/18/09/20191018093000_00160.png,341.8,577,116.4,20.1,962
10/18/2019 9:31,datasets/dataset_cropped/10_Metas/18/09/20191018093100_00160.jpg,datasets_flow/dataset_cropped/10_Metas/18/09/20191018093100_00160.jpg,datasets_cloudmask/dataset_cropped/10_Metas/18/09/20191018093100_00160.png,353.8,602.6,116.6,20,962
10/18/2019 9:32,datasets/dataset_cropped/10_Metas/18/09/20191018093200_00160.jpg,datasets_flow/dataset_cropped/10_Metas/18/09/20191018093200_00160.jpg,datasets_cloudmask/dataset_cropped/10_Metas/18/09/20191018093200_00160.png,370.8,640.2,116.8,20,962
10/18/2019 9:33,datasets/dataset_cropped/10_Metas/18/09/20191018093300_00160.jpg,datasets_flow/dataset_cropped/10_Metas/18/09/20191018093300_00160.jpg,datasets_cloudmask/dataset_cropped/10_Metas/18/09/20191018093300_00160.png,381.2,661.3,117.1,20,962
10/18/2019 9:34,datasets/dataset_cropped/10_Metas/18/09/20191018093400_00160.jpg,datasets_flow/dataset_cropped/10_Metas/18/09/20191018093400_00160.jpg,datasets_cloudmask/dataset_cropped/10_Metas/18/09/20191018093400_00160.png,373.3,637.4,117.2,20.1,962
10/18/2019 9:35,datasets/dataset_cropped/10_Metas/18/09/20191018093500_00160.jpg,datasets_flow/dataset_cropped/10_Metas/18/09/20191018093500_00160.jpg,datasets_cloudmask/dataset_cropped/10_Metas/18/09/20191018093500_00160.png,375.1,636.9,117.6,20.2,962
10/18/2019 9:36,datasets/dataset_cropped/10_Metas/18/09/20191018093600_00160.jpg,datasets_flow/dataset_cropped/10_Metas/18/09/20191018093600_00160.jpg,datasets_cloudmask/dataset_cropped/10_Metas/18/09/20191018093600_00160.png,374.6,630.7,117.8,20.3,962
10/18/2019 9:37,datasets/dataset_cropped/10_Metas/18/09/20191018093700_00160.jpg,datasets_flow/dataset_cropped/10_Metas/18/09/20191018093700_00160.jpg,datasets_cloudmask/dataset_cropped/10_Metas/18/09/20191018093700_00160.png,382.9,645.9,118.4,20.3,962
10/18/2019 9:38,datasets/dataset_cropped/10_Metas/18/09/20191018093800_00160.jpg,datasets_flow/dataset_cropped/10_Metas/18/09/20191018093800_00160.jpg,datasets_cloudmask/dataset_cropped/10_Metas/18/09/20191018093800_00160.png,384.5,644.7,118.8,20.4,962
10/18/2019 9:39,datasets/dataset_cropped/10_Metas/18/09/20191018093900_00160.jpg,datasets_flow/dataset_cropped/10_Metas/18/09/20191018093900_00160.jpg,datasets_cloudmask/dataset_cropped/10_Metas/18/09/20191018093900_00160.png,376.9,621.2,119.3,20.5,962
10/18/2019 9:40,datasets/dataset_cropped/10_Metas/18/09/20191018094000_00160.jpg,datasets_flow/dataset_cropped/10_Metas/18/09/20191018094000_00160.jpg,datasets_cloudmask/dataset_cropped/10_Metas/18/09/20191018094000_00160.png,396,662.1,119.8,20.6,962
10/18/2019 9:41,datasets/dataset_cropped/10_Metas/18/09/20191018094100_00160.jpg,datasets_flow/dataset_cropped/10_Metas/18/09/20191018094100_00160.jpg,datasets_cloudmask/dataset_cropped/10_Metas/18/09/20191018094100_00160.png,390.6,644.6,120.1,20.8,962
10/18/2019 9:42,datasets/dataset_cropped/10_Metas/18/09/20191018094200_00160.jpg,datasets_flow/dataset_cropped/10_Metas/18/09/20191018094200_00160.jpg,datasets_cloudmask/dataset_cropped/10_Metas/18/09/20191018094200_00160.png,393.5,647,120.4,20.9,962
10/18/2019 9:43,datasets/dataset_cropped/10_Metas/18/09/20191018094300_00160.jpg,datasets_flow/dataset_cropped/10_Metas/18/09/20191018094300_00160.jpg,datasets_cloudmask/dataset_cropped/10_Metas/18/09/20191018094300_00160.png,389.2,631.9,120.5,21,962
10/18/2019 9:44,datasets/dataset_cropped/10_Metas/18/09/20191018094400_00160.jpg,datasets_flow/dataset_cropped/10_Metas/18/09/20191018094400_00160.jpg,datasets_cloudmask/dataset_cropped/10_Metas/18/09/20191018094400_00160.png,396.4,643.8,121,21.2,962
10/18/2019 9:45,datasets/dataset_cropped/10_Metas/18/09/20191018094500_00160.jpg,datasets_flow/dataset_cropped/10_Metas/18/09/20191018094500_00160.jpg,datasets_cloudmask/dataset_cropped/10_Metas/18/09/20191018094500_00160.png,406.6,662.3,121.6,21.2,962
10/18/2019 9:46,datasets/dataset_cropped/10_Metas/18/09/20191018094600_00160.jpg,datasets_flow/dataset_cropped/10_Metas/18/09/20191018094600_00160.jpg,datasets_cloudmask/dataset_cropped/10_Metas/18/09/20191018094600_00160.png,411.5,668.3,122.1,21.2,962
10/18/2019 9:47,datasets/dataset_cropped/10_Metas/18/09/20191018094700_00160.jpg,datasets_flow/dataset_cropped/10_Metas/18/09/20191018094700_00160.jpg,datasets_cloudmask/dataset_cropped/10_Metas/18/09/20191018094700_00160.png,406.6,652.8,122.4,21.3,962
10/18/2019 9:48,datasets/dataset_cropped/10_Metas/18/09/20191018094800_00160.jpg,datasets_flow/dataset_cropped/10_Metas/18/09/20191018094800_00160.jpg,datasets_cloudmask/dataset_cropped/10_Metas/18/09/20191018094800_00160.png,405.5,646.2,122.6,21.4,962
10/18/2019 9:49,datasets/dataset_cropped/10_Metas/18/09/20191018094900_00160.jpg,datasets_flow/dataset_cropped/10_Metas/18/09/20191018094900_00160.jpg,datasets_cloudmask/dataset_cropped/10_Metas/18/09/20191018094900_00160.png,414.7,662.4,123,21.5,962
10/18/2019 9:50,datasets/dataset_cropped/10_Metas/18/09/20191018095000_00160.jpg,datasets_flow/dataset_cropped/10_Metas/18/09/20191018095000_00160.jpg,datasets_cloudmask/dataset_cropped/10_Metas/18/09/20191018095000_00160.png,425,680.9,123.4,21.7,962
10/18/2019 9:51,datasets/dataset_cropped/10_Metas/18/09/20191018095100_00160.jpg,datasets_flow/dataset_cropped/10_Metas/18/09/20191018095100_00160.jpg,datasets_cloudmask/dataset_cropped/10_Metas/18/09/20191018095100_00160.png,425.9,678.3,123.9,21.8,962
10/18/2019 9:52,datasets/dataset_cropped/10_Metas/18/09/20191018095200_00160.jpg,datasets_flow/dataset_cropped/10_Metas/18/09/20191018095200_00160.jpg,datasets_cloudmask/dataset_cropped/10_Metas/18/09/20191018095200_00160.png,427.2,676.6,124,21.9,962
10/18/2019 9:53,datasets/dataset_cropped/10_Metas/18/09/20191018095300_00160.jpg,datasets_flow/dataset_cropped/10_Metas/18/09/20191018095300_00160.jpg,datasets_cloudmask/dataset_cropped/10_Metas/18/09/20191018095300_00160.png,414.1,643,124.4,22,962
10/18/2019 9:54,datasets/dataset_cropped/10_Metas/18/09/20191018095400_00160.jpg,datasets_flow/dataset_cropped/10_Metas/18/09/20191018095400_00160.jpg,datasets_cloudmask/dataset_cropped/10_Metas/18/09/20191018095400_00160.png,404.3,617.1,124.7,22.2,962
10/18/2019 9:55,datasets/dataset_cropped/10_Metas/18/09/20191018095500_00160.jpg,datasets_flow/dataset_cropped/10_Metas/18/09/20191018095500_00160.jpg,datasets_cloudmask/dataset_cropped/10_Metas/18/09/20191018095500_00160.png,403.7,611.6,125.3,22.3,962
10/18/2019 9:56,datasets/dataset_cropped/10_Metas/18/09/20191018095600_00160.jpg,datasets_flow/dataset_cropped/10_Metas/18/09/20191018095600_00160.jpg,datasets_cloudmask/dataset_cropped/10_Metas/18/09/20191018095600_00160.png,407.6,615.8,125.8,22.4,962
10/18/2019 9:57,datasets/dataset_cropped/10_Metas/18/09/20191018095700_00160.jpg,datasets_flow/dataset_cropped/10_Metas/18/09/20191018095700_00160.jpg,datasets_cloudmask/dataset_cropped/10_Metas/18/09/20191018095700_00160.png,414.6,626.1,126.3,22.5,962
10/18/2019 9:58,datasets/dataset_cropped/10_Metas/18/09/20191018095800_00160.jpg,datasets_flow/dataset_cropped/10_Metas/18/09/20191018095800_00160.jpg,datasets_cloudmask/dataset_cropped/10_Metas/18/09/20191018095800_00160.png,436.9,669.5,127.2,22.6,962
10/18/2019 9:59,datasets/dataset_cropped/10_Metas/18/09/20191018095900_00160.jpg,datasets_flow/dataset_cropped/10_Metas/18/09/20191018095900_00160.jpg,datasets_cloudmask/dataset_cropped/10_Metas/18/09/20191018095900_00160.png,443.6,678.9,128,22.7,962
10/18/2019 10:00,datasets/dataset_cropped/10_Metas/18/10/20191018100000_00160.jpg,datasets_flow/dataset_cropped/10_Metas/18/10/20191018100000_00160.jpg,datasets_cloudmask/dataset_cropped/10_Metas/18/10/20191018100000_00160.png,439.2,664.5,128.7,22.9,962
10/18/2019 10:01,datasets/dataset_cropped/10_Metas/18/10/20191018100100_00160.jpg,datasets_flow/dataset_cropped/10_Metas/18/10/20191018100100_00160.jpg,datasets_cloudmask/dataset_cropped/10_Metas/18/10/20191018100100_00160.png,441.9,665.4,129.3,23,962
10/18/2019 10:02,datasets/dataset_cropped/10_Metas/18/10/20191018100200_00160.jpg,datasets_flow/dataset_cropped/10_Metas/18/10/20191018100200_00160.jpg,datasets_cloudmask/dataset_cropped/10_Metas/18/10/20191018100200_00160.png,446.8,671.1,130,23.1,962
10/18/2019 10:03,datasets/dataset_cropped/10_Metas/18/10/20191018100300_00160.jpg,datasets_flow/dataset_cropped/10_Metas/18/10/20191018100300_00160.jpg,datasets_cloudmask/dataset_cropped/10_Metas/18/10/20191018100300_00160.png,452.5,678.4,130.7,23.3,962
10/18/2019 10:04,datasets/dataset_cropped/10_Metas/18/10/20191018100400_00160.jpg,datasets_flow/dataset_cropped/10_Metas/18/10/20191018100400_00160.jpg,datasets_cloudmask/dataset_cropped/10_Metas/18/10/20191018100400_00160.png,461.3,692.6,131.1,23.6,962
10/18/2019 10:05,datasets/dataset_cropped/10_Metas/18/10/20191018100500_00160.jpg,datasets_flow/dataset_cropped/10_Metas/18/10/20191018100500_00160.jpg,datasets_cloudmask/dataset_cropped/10_Metas/18/10/20191018100500_00160.png,470.5,706.7,131.8,23.6,962
10/18/2019 10:06,datasets/dataset_cropped/10_Metas/18/10/20191018100600_00160.jpg,datasets_flow/dataset_cropped/10_Metas/18/10/20191018100600_00160.jpg,datasets_cloudmask/dataset_cropped/10_Metas/18/10/20191018100600_00160.png,459.4,678.2,132.6,23.7,962
10/18/2019 10:07,datasets/dataset_cropped/10_Metas/18/10/20191018100700_00160.jpg,datasets_flow/dataset_cropped/10_Metas/18/10/20191018100700_00160.jpg,datasets_cloudmask/dataset_cropped/10_Metas/18/10/20191018100700_00160.png,462,677.2,134,23.7,962
10/18/2019 10:08,datasets/dataset_cropped/10_Metas/18/10/20191018100800_00160.jpg,datasets_flow/dataset_cropped/10_Metas/18/10/20191018100800_00160.jpg,datasets_cloudmask/dataset_cropped/10_Metas/18/10/20191018100800_00160.png,467.6,682.1,135.4,23.8,962
10/18/2019 10:09,datasets/dataset_cropped/10_Metas/18/10/20191018100900_00160.jpg,datasets_flow/dataset_cropped/10_Metas/18/10/20191018100900_00160.jpg,datasets_cloudmask/dataset_cropped/10_Metas/18/10/20191018100900_00160.png,456.3,652.7,136.6,23.6,962
10/18/2019 10:10,datasets/dataset_cropped/10_Metas/18/10/20191018101000_00160.jpg,datasets_flow/dataset_cropped/10_Metas/18/10/20191018101000_00160.jpg,datasets_cloudmask/dataset_cropped/10_Metas/18/10/20191018101000_00160.png,453.1,639.8,138.1,23.5,962
10/18/2019 10:11,datasets/dataset_cropped/10_Metas/18/10/20191018101100_00160.jpg,datasets_flow/dataset_cropped/10_Metas/18/10/20191018101100_00160.jpg,datasets_cloudmask/dataset_cropped/10_Metas/18/10/20191018101100_00160.png,453.4,633.9,140.1,23.4,962
10/18/2019 10:12,datasets/dataset_cropped/10_Metas/18/10/20191018101200_00160.jpg,datasets_flow/dataset_cropped/10_Metas/18/10/20191018101200_00160.jpg,datasets_cloudmask/dataset_cropped/10_Metas/18/10/20191018101200_00160.png,466.2,652.2,142.3,23.5,962
10/18/2019 10:13,datasets/dataset_cropped/10_Metas/18/10/20191018101300_00160.jpg,datasets_flow/dataset_cropped/10_Metas/18/10/20191018101300_00160.jpg,datasets_cloudmask/dataset_cropped/10_Metas/18/10/20191018101300_00160.png,481.3,675.2,144.4,23.4,962
10/18/2019 10:14,datasets/dataset_cropped/10_Metas/18/10/20191018101400_00160.jpg,datasets_flow/dataset_cropped/10_Metas/18/10/20191018101400_00160.jpg,datasets_cloudmask/dataset_cropped/10_Metas/18/10/20191018101400_00160.png,481.7,669.1,146.3,23.4,962
10/18/2019 10:15,datasets/dataset_cropped/10_Metas/18/10/20191018101500_00160.jpg,datasets_flow/dataset_cropped/10_Metas/18/10/20191018101500_00160.jpg,datasets_cloudmask/dataset_cropped/10_Metas/18/10/20191018101500_00160.png,494.2,685.8,148.9,23.3,962
10/18/2019 10:16,datasets/dataset_cropped/10_Metas/18/10/20191018101600_00160.jpg,datasets_flow/dataset_cropped/10_Metas/18/10/20191018101600_00160.jpg,datasets_cloudmask/dataset_cropped/10_Metas/18/10/20191018101600_00160.png,513.9,715.9,152.1,23.1,962
10/18/2019 10:17,datasets/dataset_cropped/10_Metas/18/10/20191018101700_00160.jpg,datasets_flow/dataset_cropped/10_Metas/18/10/20191018101700_00160.jpg,datasets_cloudmask/dataset_cropped/10_Metas/18/10/20191018101700_00160.png,519.3,718.6,154.4,23.1,962
10/18/2019 10:18,datasets/dataset_cropped/10_Metas/18/10/20191018101800_00160.jpg,datasets_flow/dataset_cropped/10_Metas/18/10/20191018101800_00160.jpg,datasets_cloudmask/dataset_cropped/10_Metas/18/10/20191018101800_00160.png,521.8,715.4,156.8,23,962
10/18/2019 10:19,datasets/dataset_cropped/10_Metas/18/10/20191018101900_00160.jpg,datasets_flow/dataset_cropped/10_Metas/18/10/20191018101900_00160.jpg,datasets_cloudmask/dataset_cropped/10_Metas/18/10/20191018101900_00160.png,497.2,736.1,159.7,22.8,962
10/18/2019 10:20,datasets/dataset_cropped/10_Metas/18/10/20191018102000_00160.jpg,datasets_flow/dataset_cropped/10_Metas/18/10/20191018102000_00160.jpg,datasets_cloudmask/dataset_cropped/10_Metas/18/10/20191018102000_00160.png,522.5,723.6,161.7,22.6,962
10/18/2019 10:21,datasets/dataset_cropped/10_Metas/18/10/20191018102100_00160.jpg,datasets_flow/dataset_cropped/10_Metas/18/10/20191018102100_00160.jpg,datasets_cloudmask/dataset_cropped/10_Metas/18/10/20191018102100_00160.png,469.9,639.6,163.4,22.6,962
10/18/2019 10:22,datasets/dataset_cropped/10_Metas/18/10/20191018102200_00160.jpg,datasets_flow/dataset_cropped/10_Metas/18/10/20191018102200_00160.jpg,datasets_cloudmask/dataset_cropped/10_Metas/18/10/20191018102200_00160.png,459,611,164.7,22.6,962
10/18/2019 10:23,datasets/dataset_cropped/10_Metas/18/10/20191018102300_00160.jpg,datasets_flow/dataset_cropped/10_Metas/18/10/20191018102300_00160.jpg,datasets_cloudmask/dataset_cropped/10_Metas/18/10/20191018102300_00160.png,448.2,582.5,166,22.6,962
10/18/2019 10:24,datasets/dataset_cropped/10_Metas/18/10/20191018102400_00160.jpg,datasets_flow/dataset_cropped/10_Metas/18/10/20191018102400_00160.jpg,datasets_cloudmask/dataset_cropped/10_Metas/18/10/20191018102400_00160.png,437.4,554,167.2,22.5,962
10/18/2019 10:25,datasets/dataset_cropped/10_Metas/18/10/20191018102500_00160.jpg,datasets_flow/dataset_cropped/10_Metas/18/10/20191018102500_00160.jpg,datasets_cloudmask/dataset_cropped/10_Metas/18/10/20191018102500_00160.png,426.5,525.4,168.5,22.5,962
10/18/2019 10:26,datasets/dataset_cropped/10_Metas/18/10/20191018102600_00160.jpg,datasets_flow/dataset_cropped/10_Metas/18/10/20191018102600_00160.jpg,datasets_cloudmask/dataset_cropped/10_Metas/18/10/20191018102600_00160.png,452.9,547.6,168.3,22.6,962
10/18/2019 10:27,datasets/dataset_cropped/10_Metas/18/10/20191018102700_00160.jpg,datasets_flow/dataset_cropped/10_Metas/18/10/20191018102700_00160.jpg,datasets_cloudmask/dataset_cropped/10_Metas/18/10/20191018102700_00160.png,459.3,561,168.1,22.7,962
10/18/2019 10:28,datasets/dataset_cropped/10_Metas/18/10/20191018102800_00160.jpg,datasets_flow/dataset_cropped/10_Metas/18/10/20191018102800_00160.jpg,datasets_cloudmask/dataset_cropped/10_Metas/18/10/20191018102800_00160.png,468.9,582.8,168,22.7,962
10/18/2019 10:29,datasets/dataset_cropped/10_Metas/18/10/20191018102900_00160.jpg,datasets_flow/dataset_cropped/10_Metas/18/10/20191018102900_00160.jpg,datasets_cloudmask/dataset_cropped/10_Metas/18/10/20191018102900_00160.png,466.6,585.7,166.8,22.8,962
10/18/2019 10:30,datasets/dataset_cropped/10_Metas/18/10/20191018103000_00160.jpg,datasets_flow/dataset_cropped/10_Metas/18/10/20191018103000_00160.jpg,datasets_cloudmask/dataset_cropped/10_Metas/18/10/20191018103000_00160.png,464.2,588.6,165.7,22.9,962
10/18/2019 10:31,datasets/dataset_cropped/10_Metas/18/10/20191018103100_00160.jpg,datasets_flow/dataset_cropped/10_Metas/18/10/20191018103100_00160.jpg,datasets_cloudmask/dataset_cropped/10_Metas/18/10/20191018103100_00160.png,458.8,550.2,163,23.1,962
10/18/2019 10:32,datasets/dataset_cropped/10_Metas/18/10/20191018103200_00160.jpg,datasets_flow/dataset_cropped/10_Metas/18/10/20191018103200_00160.jpg,datasets_cloudmask/dataset_cropped/10_Metas/18/10/20191018103200_00160.png,440.2,511.6,155,23.1,962
10/18/2019 10:33,datasets/dataset_cropped/10_Metas/18/10/20191018103300_00160.jpg,datasets_flow/dataset_cropped/10_Metas/18/10/20191018103300_00160.jpg,datasets_cloudmask/dataset_cropped/10_Metas/18/10/20191018103300_00160.png,474.3,567.2,164.9,23.1,962
10/18/2019 10:34,datasets/dataset_cropped/10_Metas/18/10/20191018103400_00160.jpg,datasets_flow/dataset_cropped/10_Metas/18/10/20191018103400_00160.jpg,datasets_cloudmask/dataset_cropped/10_Metas/18/10/20191018103400_00160.png,497,604.3,164.9,23.1,962
10/18/2019 10:35,datasets/dataset_cropped/10_Metas/18/10/20191018103500_00160.jpg,datasets_flow/dataset_cropped/10_Metas/18/10/20191018103500_00160.jpg,datasets_cloudmask/dataset_cropped/10_Metas/18/10/20191018103500_00160.png,505.6,617.1,164.5,23.2,962
10/18/2019 10:36,datasets/dataset_cropped/10_Metas/18/10/20191018103600_00160.jpg,datasets_flow/dataset_cropped/10_Metas/18/10/20191018103600_00160.jpg,datasets_cloudmask/dataset_cropped/10_Metas/18/10/20191018103600_00160.png,524,647.6,164.5,23.4,962
10/18/2019 10:37,datasets/dataset_cropped/10_Metas/18/10/20191018103700_00160.jpg,datasets_flow/dataset_cropped/10_Metas/18/10/20191018103700_00160.jpg,datasets_cloudmask/dataset_cropped/10_Metas/18/10/20191018103700_00160.png,517.3,633.2,164,23.4,962
10/18/2019 10:38,datasets/dataset_cropped/10_Metas/18/10/20191018103800_00160.jpg,datasets_flow/dataset_cropped/10_Metas/18/10/20191018103800_00160.jpg,datasets_cloudmask/dataset_cropped/10_Metas/18/10/20191018103800_00160.png,501,603.2,158.6,23.4,962
10/18/2019 10:39,datasets/dataset_cropped/10_Metas/18/10/20191018103900_00160.jpg,datasets_flow/dataset_cropped/10_Metas/18/10/20191018103900_00160.jpg,datasets_cloudmask/dataset_cropped/10_Metas/18/10/20191018103900_00160.png,482.8,583.7,162.3,23.5,962
10/18/2019 10:40,datasets/dataset_cropped/10_Metas/18/10/20191018104000_00160.jpg,datasets_flow/dataset_cropped/10_Metas/18/10/20191018104000_00160.jpg,datasets_cloudmask/dataset_cropped/10_Metas/18/10/20191018104000_00160.png,502.9,576.7,165.3,23.8,962
10/18/2019 10:41,datasets/dataset_cropped/10_Metas/18/10/20191018104100_00160.jpg,datasets_flow/dataset_cropped/10_Metas/18/10/20191018104100_00160.jpg,datasets_cloudmask/dataset_cropped/10_Metas/18/10/20191018104100_00160.png,481.8,556.7,167.9,24,962
10/18/2019 10:42,datasets/dataset_cropped/10_Metas/18/10/20191018104200_00160.jpg,datasets_flow/dataset_cropped/10_Metas/18/10/20191018104200_00160.jpg,datasets_cloudmask/dataset_cropped/10_Metas/18/10/20191018104200_00160.png,508,600.7,170,24.2,962
10/18/2019 10:43,datasets/dataset_cropped/10_Metas/18/10/20191018104300_00160.jpg,datasets_flow/dataset_cropped/10_Metas/18/10/20191018104300_00160.jpg,datasets_cloudmask/dataset_cropped/10_Metas/18/10/20191018104300_00160.png,510.8,604.2,170.4,24.2,962
10/18/2019 10:44,datasets/dataset_cropped/10_Metas/18/10/20191018104400_00160.jpg,datasets_flow/dataset_cropped/10_Metas/18/10/20191018104400_00160.jpg,datasets_cloudmask/dataset_cropped/10_Metas/18/10/20191018104400_00160.png,519.4,618.3,170.5,24.4,962
10/18/2019 10:45,datasets/dataset_cropped/10_Metas/18/10/20191018104500_00160.jpg,datasets_flow/dataset_cropped/10_Metas/18/10/20191018104500_00160.jpg,datasets_cloudmask/dataset_cropped/10_Metas/18/10/20191018104500_00160.png,520.9,620.7,169.8,24.6,962
10/18/2019 10:46,datasets/dataset_cropped/10_Metas/18/10/20191018104600_00160.jpg,datasets_flow/dataset_cropped/10_Metas/18/10/20191018104600_00160.jpg,datasets_cloudmask/dataset_cropped/10_Metas/18/10/20191018104600_00160.png,515.2,610.8,169,24.4,962
10/18/2019 10:47,datasets/dataset_cropped/10_Metas/18/10/20191018104700_00160.jpg,datasets_flow/dataset_cropped/10_Metas/18/10/20191018104700_00160.jpg,datasets_cloudmask/dataset_cropped/10_Metas/18/10/20191018104700_00160.png,539.1,652.9,168.3,24.4,962
10/18/2019 10:48,datasets/dataset_cropped/10_Metas/18/10/20191018104800_00160.jpg,datasets_flow/dataset_cropped/10_Metas/18/10/20191018104800_00160.jpg,datasets_cloudmask/dataset_cropped/10_Metas/18/10/20191018104800_00160.png,535.7,647,167.3,24.5,962
10/18/2019 10:49,datasets/dataset_cropped/10_Metas/18/10/20191018104900_00160.jpg,datasets_flow/dataset_cropped/10_Metas/18/10/20191018104900_00160.jpg,datasets_cloudmask/dataset_cropped/10_Metas/18/10/20191018104900_00160.png,537.8,650.9,166.1,24.3,962
10/18/2019 10:50,datasets/dataset_cropped/10_Metas/18/10/20191018105000_00160.jpg,datasets_flow/dataset_cropped/10_Metas/18/10/20191018105000_00160.jpg,datasets_cloudmask/dataset_cropped/10_Metas/18/10/20191018105000_00160.png,535.7,646.6,165.1,24.2,962
10/18/2019 10:51,datasets/dataset_cropped/10_Metas/18/10/20191018105100_00160.jpg,datasets_flow/dataset_cropped/10_Metas/18/10/20191018105100_00160.jpg,datasets_cloudmask/dataset_cropped/10_Metas/18/10/20191018105100_00160.png,538.3,649.9,164.7,24.2,962
10/18/2019 10:52,datasets/dataset_cropped/10_Metas/18/10/20191018105200_00160.jpg,datasets_flow/dataset_cropped/10_Metas/18/10/20191018105200_00160.jpg,datasets_cloudmask/dataset_cropped/10_Metas/18/10/20191018105200_00160.png,549.4,668.2,163.9,24.2,962
10/18/2019 10:53,datasets/dataset_cropped/10_Metas/18/10/20191018105300_00160.jpg,datasets_flow/dataset_cropped/10_Metas/18/10/20191018105300_00160.jpg,datasets_cloudmask/dataset_cropped/10_Metas/18/10/20191018105300_00160.png,556.7,680.5,162.8,24.3,962
10/18/2019 10:54,datasets/dataset_cropped/10_Metas/18/10/20191018105400_00160.jpg,datasets_flow/dataset_cropped/10_Metas/18/10/20191018105400_00160.jpg,datasets_cloudmask/dataset_cropped/10_Metas/18/10/20191018105400_00160.png,569.1,701.4,162.2,24.5,962
10/18/2019 10:55,datasets/dataset_cropped/10_Metas/18/10/20191018105500_00160.jpg,datasets_flow/dataset_cropped/10_Metas/18/10/20191018105500_00160.jpg,datasets_cloudmask/dataset_cropped/10_Metas/18/10/20191018105500_00160.png,573.8,708.5,161.6,24.6,962
10/18/2019 10:56,datasets/dataset_cropped/10_Metas/18/10/20191018105600_00160.jpg,datasets_flow/dataset_cropped/10_Metas/18/10/20191018105600_00160.jpg,datasets_cloudmask/dataset_cropped/10_Metas/18/10/20191018105600_00160.png,588,731.6,161.5,24.8,962
10/18/2019 10:57,datasets/dataset_cropped/10_Metas/18/10/20191018105700_00160.jpg,datasets_flow/dataset_cropped/10_Metas/18/10/20191018105700_00160.jpg,datasets_cloudmask/dataset_cropped/10_Metas/18/10/20191018105700_00160.png,598.2,747.9,161.1,25,962
10/18/2019 10:58,datasets/dataset_cropped/10_Metas/18/10/20191018105800_00160.jpg,datasets_flow/dataset_cropped/10_Metas/18/10/20191018105800_00160.jpg,datasets_cloudmask/dataset_cropped/10_Metas/18/10/20191018105800_00160.png,601.6,752,161,24.9,962
10/18/2019 10:59,datasets/dataset_cropped/10_Metas/18/10/20191018105900_00160.jpg,datasets_flow/dataset_cropped/10_Metas/18/10/20191018105900_00160.jpg,datasets_cloudmask/dataset_cropped/10_Metas/18/10/20191018105900_00160.png,590.5,730.7,160.8,25,962
10/18/2019 11:00,datasets/dataset_cropped/10_Metas/18/11/20191018110000_00160.jpg,datasets_flow/dataset_cropped/10_Metas/18/11/20191018110000_00160.jpg,datasets_cloudmask/dataset_cropped/10_Metas/18/11/20191018110000_00160.png,601.3,746.2,161.3,25.1,962
10/18/2019 11:01,datasets/dataset_cropped/10_Metas/18/11/20191018110100_00160.jpg,datasets_flow/dataset_cropped/10_Metas/18/11/20191018110100_00160.jpg,datasets_cloudmask/dataset_cropped/10_Metas/18/11/20191018110100_00160.png,598.5,738.8,161.6,25.2,962
10/18/2019 11:02,datasets/dataset_cropped/10_Metas/18/11/20191018110200_00160.jpg,datasets_flow/dataset_cropped/10_Metas/18/11/20191018110200_00160.jpg,datasets_cloudmask/dataset_cropped/10_Metas/18/11/20191018110200_00160.png,589.3,719.7,163,25.6,962
10/18/2019 11:03,datasets/dataset_cropped/10_Metas/18/11/20191018110300_00160.jpg,datasets_flow/dataset_cropped/10_Metas/18/11/20191018110300_00160.jpg,datasets_cloudmask/dataset_cropped/10_Metas/18/11/20191018110300_00160.png,583.6,707.3,162.8,25.9,962
10/18/2019 11:04,datasets/dataset_cropped/10_Metas/18/11/20191018110400_00160.jpg,datasets_flow/dataset_cropped/10_Metas/18/11/20191018110400_00160.jpg,datasets_cloudmask/dataset_cropped/10_Metas/18/11/20191018110400_00160.png,580.5,700.1,162.7,25.8,962
10/18/2019 11:05,datasets/dataset_cropped/10_Metas/18/11/20191018110500_00160.jpg,datasets_flow/dataset_cropped/10_Metas/18/11/20191018110500_00160.jpg,datasets_cloudmask/dataset_cropped/10_Metas/18/11/20191018110500_00160.png,584.2,705.7,162.5,25.5,962
10/18/2019 11:06,datasets/dataset_cropped/10_Metas/18/11/20191018110600_00160.jpg,datasets_flow/dataset_cropped/10_Metas/18/11/20191018110600_00160.jpg,datasets_cloudmask/dataset_cropped/10_Metas/18/11/20191018110600_00160.png,585.5,707.8,162,25.3,962
10/18/2019 11:07,datasets/dataset_cropped/10_Metas/18/11/20191018110700_00160.jpg,datasets_flow/dataset_cropped/10_Metas/18/11/20191018110700_00160.jpg,datasets_cloudmask/dataset_cropped/10_Metas/18/11/20191018110700_00160.png,578.9,696,161.2,25.2,962
10/18/2019 11:08,datasets/dataset_cropped/10_Metas/18/11/20191018110800_00160.jpg,datasets_flow/dataset_cropped/10_Metas/18/11/20191018110800_00160.jpg,datasets_cloudmask/dataset_cropped/10_Metas/18/11/20191018110800_00160.png,562.1,666.8,160.3,25.1,962
10/18/2019 11:09,datasets/dataset_cropped/10_Metas/18/11/20191018110900_00160.jpg,datasets_flow/dataset_cropped/10_Metas/18/11/20191018110900_00160.jpg,datasets_cloudmask/dataset_cropped/10_Metas/18/11/20191018110900_00160.png,566.4,672.3,160,25.2,962
10/18/2019 11:10,datasets/dataset_cropped/10_Metas/18/11/20191018111000_00160.jpg,datasets_flow/dataset_cropped/10_Metas/18/11/20191018111000_00160.jpg,datasets_cloudmask/dataset_cropped/10_Metas/18/11/20191018111000_00160.png,578,690,160,25.3,962
10/18/2019 11:11,datasets/dataset_cropped/10_Metas/18/11/20191018111100_00160.jpg,datasets_flow/dataset_cropped/10_Metas/18/11/20191018111100_00160.jpg,datasets_cloudmask/dataset_cropped/10_Metas/18/11/20191018111100_00160.png,573.8,682,159.9,25.3,962
10/18/2019 11:12,datasets/dataset_cropped/10_Metas/18/11/20191018111200_00160.jpg,datasets_flow/dataset_cropped/10_Metas/18/11/20191018111200_00160.jpg,datasets_cloudmask/dataset_cropped/10_Metas/18/11/20191018111200_00160.png,565.1,668.3,158.4,25.3,962
10/18/2019 11:13,datasets/dataset_cropped/10_Metas/18/11/20191018111300_00160.jpg,datasets_flow/dataset_cropped/10_Metas/18/11/20191018111300_00160.jpg,datasets_cloudmask/dataset_cropped/10_Metas/18/11/20191018111300_00160.png,533.3,616.4,157.3,25.3,962
10/18/2019 11:14,datasets/dataset_cropped/10_Metas/18/11/20191018111400_00160.jpg,datasets_flow/dataset_cropped/10_Metas/18/11/20191018111400_00160.jpg,datasets_cloudmask/dataset_cropped/10_Metas/18/11/20191018111400_00160.png,587.8,704.1,157.6,25.3,962
10/18/2019 11:15,datasets/dataset_cropped/10_Metas/18/11/20191018111500_00160.jpg,datasets_flow/dataset_cropped/10_Metas/18/11/20191018111500_00160.jpg,datasets_cloudmask/dataset_cropped/10_Metas/18/11/20191018111500_00160.png,594.1,714.6,156.4,25.5,962
10/18/2019 11:16,datasets/dataset_cropped/10_Metas/18/11/20191018111600_00160.jpg,datasets_flow/dataset_cropped/10_Metas/18/11/20191018111600_00160.jpg,datasets_cloudmask/dataset_cropped/10_Metas/18/11/20191018111600_00160.png,598.7,721.6,155.5,25.5,962
10/18/2019 11:17,datasets/dataset_cropped/10_Metas/18/11/20191018111700_00160.jpg,datasets_flow/dataset_cropped/10_Metas/18/11/20191018111700_00160.jpg,datasets_cloudmask/dataset_cropped/10_Metas/18/11/20191018111700_00160.png,606.4,733.7,154.8,25.6,962
10/18/2019 11:18,datasets/dataset_cropped/10_Metas/18/11/20191018111800_00160.jpg,datasets_flow/dataset_cropped/10_Metas/18/11/20191018111800_00160.jpg,datasets_cloudmask/dataset_cropped/10_Metas/18/11/20191018111800_00160.png,594.1,712.9,154.2,25.7,962
10/18/2019 11:19,datasets/dataset_cropped/10_Metas/18/11/20191018111900_00160.jpg,datasets_flow/dataset_cropped/10_Metas/18/11/20191018111900_00160.jpg,datasets_cloudmask/dataset_cropped/10_Metas/18/11/20191018111900_00160.png,618.3,749.9,155,26,962
10/18/2019 11:20,datasets/dataset_cropped/10_Metas/18/11/20191018112000_00160.jpg,datasets_flow/dataset_cropped/10_Metas/18/11/20191018112000_00160.jpg,datasets_cloudmask/dataset_cropped/10_Metas/18/11/20191018112000_00160.png,629.5,766,155,25.9,962
10/18/2019 11:21,datasets/dataset_cropped/10_Metas/18/11/20191018112100_00160.jpg,datasets_flow/dataset_cropped/10_Metas/18/11/20191018112100_00160.jpg,datasets_cloudmask/dataset_cropped/10_Metas/18/11/20191018112100_00160.png,651.9,798.8,155.7,26,962
10/18/2019 11:22,datasets/dataset_cropped/10_Metas/18/11/20191018112200_00160.jpg,datasets_flow/dataset_cropped/10_Metas/18/11/20191018112200_00160.jpg,datasets_cloudmask/dataset_cropped/10_Metas/18/11/20191018112200_00160.png,647.9,789.1,156.4,26.2,962
10/18/2019 11:23,datasets/dataset_cropped/10_Metas/18/11/20191018112300_00160.jpg,datasets_flow/dataset_cropped/10_Metas/18/11/20191018112300_00160.jpg,datasets_cloudmask/dataset_cropped/10_Metas/18/11/20191018112300_00160.png,647.6,784.5,157.6,26.2,962
10/18/2019 11:24,datasets/dataset_cropped/10_Metas/18/11/20191018112400_00160.jpg,datasets_flow/dataset_cropped/10_Metas/18/11/20191018112400_00160.jpg,datasets_cloudmask/dataset_cropped/10_Metas/18/11/20191018112400_00160.png,660.4,801,159.4,26.2,962
10/18/2019 11:25,datasets/dataset_cropped/10_Metas/18/11/20191018112500_00160.jpg,datasets_flow/dataset_cropped/10_Metas/18/11/20191018112500_00160.jpg,datasets_cloudmask/dataset_cropped/10_Metas/18/11/20191018112500_00160.png,666.8,808,161.3,26.5,962
10/18/2019 11:26,datasets/dataset_cropped/10_Metas/18/11/20191018112600_00160.jpg,datasets_flow/dataset_cropped/10_Metas/18/11/20191018112600_00160.jpg,datasets_cloudmask/dataset_cropped/10_Metas/18/11/20191018112600_00160.png,669,807,162.8,26.2,962
10/18/2019 11:27,datasets/dataset_cropped/10_Metas/18/11/20191018112700_00160.jpg,datasets_flow/dataset_cropped/10_Metas/18/11/20191018112700_00160.jpg,datasets_cloudmask/dataset_cropped/10_Metas/18/11/20191018112700_00160.png,669,801,164.9,25.9,962
10/18/2019 11:28,datasets/dataset_cropped/10_Metas/18/11/20191018112800_00160.jpg,datasets_flow/dataset_cropped/10_Metas/18/11/20191018112800_00160.jpg,datasets_cloudmask/dataset_cropped/10_Metas/18/11/20191018112800_00160.png,653.3,769.4,167.1,25.9,962
10/18/2019 11:29,datasets/dataset_cropped/10_Metas/18/11/20191018112900_00160.jpg,datasets_flow/dataset_cropped/10_Metas/18/11/20191018112900_00160.jpg,datasets_cloudmask/dataset_cropped/10_Metas/18/11/20191018112900_00160.png,642.1,744.7,169.4,25.9,962
10/18/2019 11:30,datasets/dataset_cropped/10_Metas/18/11/20191018113000_00160.jpg,datasets_flow/dataset_cropped/10_Metas/18/11/20191018113000_00160.jpg,datasets_cloudmask/dataset_cropped/10_Metas/18/11/20191018113000_00160.png,614.6,696.2,171.8,25.9,962
10/18/2019 11:31,datasets/dataset_cropped/10_Metas/18/11/20191018113100_00160.jpg,datasets_flow/dataset_cropped/10_Metas/18/11/20191018113100_00160.jpg,datasets_cloudmask/dataset_cropped/10_Metas/18/11/20191018113100_00160.png,655.2,755.1,175.5,25.8,962
10/18/2019 11:32,datasets/dataset_cropped/10_Metas/18/11/20191018113200_00160.jpg,datasets_flow/dataset_cropped/10_Metas/18/11/20191018113200_00160.jpg,datasets_cloudmask/dataset_cropped/10_Metas/18/11/20191018113200_00160.png,670.9,775.4,177.7,25.9,962
10/18/2019 11:33,datasets/dataset_cropped/10_Metas/18/11/20191018113300_00160.jpg,datasets_flow/dataset_cropped/10_Metas/18/11/20191018113300_00160.jpg,datasets_cloudmask/dataset_cropped/10_Metas/18/11/20191018113300_00160.png,666.5,763.2,180.2,26.1,962
10/18/2019 11:34,datasets/dataset_cropped/10_Metas/18/11/20191018113400_00160.jpg,datasets_flow/dataset_cropped/10_Metas/18/11/20191018113400_00160.jpg,datasets_cloudmask/dataset_cropped/10_Metas/18/11/20191018113400_00160.png,637.1,712.2,182.9,26.1,962
10/18/2019 11:35,datasets/dataset_cropped/10_Metas/18/11/20191018113500_00160.jpg,datasets_flow/dataset_cropped/10_Metas/18/11/20191018113500_00160.jpg,datasets_cloudmask/dataset_cropped/10_Metas/18/11/20191018113500_00160.png,601.5,649.9,186,25.9,962
10/18/2019 11:36,datasets/dataset_cropped/10_Metas/18/11/20191018113600_00160.jpg,datasets_flow/dataset_cropped/10_Metas/18/11/20191018113600_00160.jpg,datasets_cloudmask/dataset_cropped/10_Metas/18/11/20191018113600_00160.png,659.1,730.4,191,26.1,962
10/18/2019 11:37,datasets/dataset_cropped/10_Metas/18/11/20191018113700_00160.jpg,datasets_flow/dataset_cropped/10_Metas/18/11/20191018113700_00160.jpg,datasets_cloudmask/dataset_cropped/10_Metas/18/11/20191018113700_00160.png,651.3,709.9,194.7,26.2,962
10/18/2019 11:38,datasets/dataset_cropped/10_Metas/18/11/20191018113800_00160.jpg,datasets_flow/dataset_cropped/10_Metas/18/11/20191018113800_00160.jpg,datasets_cloudmask/dataset_cropped/10_Metas/18/11/20191018113800_00160.png,652.8,704.6,198.3,26.3,962
10/18/2019 11:39,datasets/dataset_cropped/10_Metas/18/11/20191018113900_00160.jpg,datasets_flow/dataset_cropped/10_Metas/18/11/20191018113900_00160.jpg,datasets_cloudmask/dataset_cropped/10_Metas/18/11/20191018113900_00160.png,668.8,723,201.9,26.3,962
10/18/2019 11:40,datasets/dataset_cropped/10_Metas/18/11/20191018114000_00160.jpg,datasets_flow/dataset_cropped/10_Metas/18/11/20191018114000_00160.jpg,datasets_cloudmask/dataset_cropped/10_Metas/18/11/20191018114000_00160.png,668.4,717.3,204.5,26.3,962
10/18/2019 11:41,datasets/dataset_cropped/10_Metas/18/11/20191018114100_00160.jpg,datasets_flow/dataset_cropped/10_Metas/18/11/20191018114100_00160.jpg,datasets_cloudmask/dataset_cropped/10_Metas/18/11/20191018114100_00160.png,669.6,713,208.1,26.4,962
10/18/2019 11:42,datasets/dataset_cropped/10_Metas/18/11/20191018114200_00160.jpg,datasets_flow/dataset_cropped/10_Metas/18/11/20191018114200_00160.jpg,datasets_cloudmask/dataset_cropped/10_Metas/18/11/20191018114200_00160.png,646.8,670.3,212.4,26.7,962
10/18/2019 11:43,datasets/dataset_cropped/10_Metas/18/11/20191018114300_00160.jpg,datasets_flow/dataset_cropped/10_Metas/18/11/20191018114300_00160.jpg,datasets_cloudmask/dataset_cropped/10_Metas/18/11/20191018114300_00160.png,649.1,665.8,216.9,26.9,962
10/18/2019 11:44,datasets/dataset_cropped/10_Metas/18/11/20191018114400_00160.jpg,datasets_flow/dataset_cropped/10_Metas/18/11/20191018114400_00160.jpg,datasets_cloudmask/dataset_cropped/10_Metas/18/11/20191018114400_00160.png,660.2,674.8,221.3,26.7,962
10/18/2019 11:45,datasets/dataset_cropped/10_Metas/18/11/20191018114500_00160.jpg,datasets_flow/dataset_cropped/10_Metas/18/11/20191018114500_00160.jpg,datasets_cloudmask/dataset_cropped/10_Metas/18/11/20191018114500_00160.png,681.1,698.2,226.1,26.5,962
10/18/2019 11:46,datasets/dataset_cropped/10_Metas/18/11/20191018114600_00160.jpg,datasets_flow/dataset_cropped/10_Metas/18/11/20191018114600_00160.jpg,datasets_cloudmask/dataset_cropped/10_Metas/18/11/20191018114600_00160.png,661.3,659.7,230.6,26.4,962
10/18/2019 11:47,datasets/dataset_cropped/10_Metas/18/11/20191018114700_00160.jpg,datasets_flow/dataset_cropped/10_Metas/18/11/20191018114700_00160.jpg,datasets_cloudmask/dataset_cropped/10_Metas/18/11/20191018114700_00160.png,642,623,234.6,26.4,962
10/18/2019 11:48,datasets/dataset_cropped/10_Metas/18/11/20191018114800_00160.jpg,datasets_flow/dataset_cropped/10_Metas/18/11/20191018114800_00160.jpg,datasets_cloudmask/dataset_cropped/10_Metas/18/11/20191018114800_00160.png,654.7,634.5,238.9,26.5,962
10/18/2019 11:49,datasets/dataset_cropped/10_Metas/18/11/20191018114900_00160.jpg,datasets_flow/dataset_cropped/10_Metas/18/11/20191018114900_00160.jpg,datasets_cloudmask/dataset_cropped/10_Metas/18/11/20191018114900_00160.png,655.2,629.1,241.9,26.4,962
10/18/2019 11:50,datasets/dataset_cropped/10_Metas/18/11/20191018115000_00160.jpg,datasets_flow/dataset_cropped/10_Metas/18/11/20191018115000_00160.jpg,datasets_cloudmask/dataset_cropped/10_Metas/18/11/20191018115000_00160.png,650.3,616.3,244.8,26.5,962
10/18/2019 11:51,datasets/dataset_cropped/10_Metas/18/11/20191018115100_00160.jpg,datasets_flow/dataset_cropped/10_Metas/18/11/20191018115100_00160.jpg,datasets_cloudmask/dataset_cropped/10_Metas/18/11/20191018115100_00160.png,679.8,655.4,248.1,26.4,962
10/18/2019 11:52,datasets/dataset_cropped/10_Metas/18/11/20191018115200_00160.jpg,datasets_flow/dataset_cropped/10_Metas/18/11/20191018115200_00160.jpg,datasets_cloudmask/dataset_cropped/10_Metas/18/11/20191018115200_00160.png,719.2,710,251,26.5,962
10/18/2019 11:53,datasets/dataset_cropped/10_Metas/18/11/20191018115300_00160.jpg,datasets_flow/dataset_cropped/10_Metas/18/11/20191018115300_00160.jpg,datasets_cloudmask/dataset_cropped/10_Metas/18/11/20191018115300_00160.png,678.1,643.4,253.1,26.6,962
10/18/2019 11:54,datasets/dataset_cropped/10_Metas/18/11/20191018115400_00160.jpg,datasets_flow/dataset_cropped/10_Metas/18/11/20191018115400_00160.jpg,datasets_cloudmask/dataset_cropped/10_Metas/18/11/20191018115400_00160.png,703.6,677.3,255.4,26.6,962
10/18/2019 11:55,datasets/dataset_cropped/10_Metas/18/11/20191018115500_00160.jpg,datasets_flow/dataset_cropped/10_Metas/18/11/20191018115500_00160.jpg,datasets_cloudmask/dataset_cropped/10_Metas/18/11/20191018115500_00160.png,694.4,659.3,257.2,26.3,962
10/18/2019 11:56,datasets/dataset_cropped/10_Metas/18/11/20191018115600_00160.jpg,datasets_flow/dataset_cropped/10_Metas/18/11/20191018115600_00160.jpg,datasets_cloudmask/dataset_cropped/10_Metas/18/11/20191018115600_00160.png,700.1,664.8,258.5,26.3,962
10/18/2019 11:57,datasets/dataset_cropped/10_Metas/18/11/20191018115700_00160.jpg,datasets_flow/dataset_cropped/10_Metas/18/11/20191018115700_00160.jpg,datasets_cloudmask/dataset_cropped/10_Metas/18/11/20191018115700_00160.png,618.6,542.4,257.1,26.5,961
10/18/2019 11:58,datasets/dataset_cropped/10_Metas/18/11/20191018115800_00160.jpg,datasets_flow/dataset_cropped/10_Metas/18/11/20191018115800_00160.jpg,datasets_cloudmask/dataset_cropped/10_Metas/18/11/20191018115800_00160.png,466.6,316.8,254.3,26.7,961
10/18/2019 11:59,datasets/dataset_cropped/10_Metas/18/11/20191018115900_00160.jpg,datasets_flow/dataset_cropped/10_Metas/18/11/20191018115900_00160.jpg,datasets_cloudmask/dataset_cropped/10_Metas/18/11/20191018115900_00160.png,340.5,131.2,251.9,26.6,961
10/18/2019 12:00,datasets/dataset_cropped/10_Metas/18/12/20191018120000_00160.jpg,datasets_flow/dataset_cropped/10_Metas/18/12/20191018120000_00160.jpg,datasets_cloudmask/dataset_cropped/10_Metas/18/12/20191018120000_00160.png,300.4,72.7,250.8,26.4,961
10/18/2019 12:01,datasets/dataset_cropped/10_Metas/18/12/20191018120100_00160.jpg,datasets_flow/dataset_cropped/10_Metas/18/12/20191018120100_00160.jpg,datasets_cloudmask/dataset_cropped/10_Metas/18/12/20191018120100_00160.png,346.2,137.9,252,26.1,961
10/18/2019 12:02,datasets/dataset_cropped/10_Metas/18/12/20191018120200_00160.jpg,datasets_flow/dataset_cropped/10_Metas/18/12/20191018120200_00160.jpg,datasets_cloudmask/dataset_cropped/10_Metas/18/12/20191018120200_00160.png,482.2,337.5,254.1,26,961
10/18/2019 12:03,datasets/dataset_cropped/10_Metas/18/12/20191018120300_00160.jpg,datasets_flow/dataset_cropped/10_Metas/18/12/20191018120300_00160.jpg,datasets_cloudmask/dataset_cropped/10_Metas/18/12/20191018120300_00160.png,526.2,402.4,254.6,25.9,962
10/18/2019 12:04,datasets/dataset_cropped/10_Metas/18/12/20191018120400_00160.jpg,datasets_flow/dataset_cropped/10_Metas/18/12/20191018120400_00160.jpg,datasets_cloudmask/dataset_cropped/10_Metas/18/12/20191018120400_00160.png,523.8,400.5,252.8,25.8,961
10/18/2019 12:05,datasets/dataset_cropped/10_Metas/18/12/20191018120500_00160.jpg,datasets_flow/dataset_cropped/10_Metas/18/12/20191018120500_00160.jpg,datasets_cloudmask/dataset_cropped/10_Metas/18/12/20191018120500_00160.png,556.1,451.2,251,25.9,961
10/18/2019 12:06,datasets/dataset_cropped/10_Metas/18/12/20191018120600_00160.jpg,datasets_flow/dataset_cropped/10_Metas/18/12/20191018120600_00160.jpg,datasets_cloudmask/dataset_cropped/10_Metas/18/12/20191018120600_00160.png,570.8,477,248,25.9,961
10/18/2019 12:07,datasets/dataset_cropped/10_Metas/18/12/20191018120700_00160.jpg,datasets_flow/dataset_cropped/10_Metas/18/12/20191018120700_00160.jpg,datasets_cloudmask/dataset_cropped/10_Metas/18/12/20191018120700_00160.png,585.5,503.6,244.6,26,961
10/18/2019 12:08,datasets/dataset_cropped/10_Metas/18/12/20191018120800_00160.jpg,datasets_flow/dataset_cropped/10_Metas/18/12/20191018120800_00160.jpg,datasets_cloudmask/dataset_cropped/10_Metas/18/12/20191018120800_00160.png,560.7,472.7,240.5,26,962
10/18/2019 12:09,datasets/dataset_cropped/10_Metas/18/12/20191018120900_00160.jpg,datasets_flow/dataset_cropped/10_Metas/18/12/20191018120900_00160.jpg,datasets_cloudmask/dataset_cropped/10_Metas/18/12/20191018120900_00160.png,585.3,515.3,236.3,26.2,961
10/18/2019 12:10,datasets/dataset_cropped/10_Metas/18/12/20191018121000_00160.jpg,datasets_flow/dataset_cropped/10_Metas/18/12/20191018121000_00160.jpg,datasets_cloudmask/dataset_cropped/10_Metas/18/12/20191018121000_00160.png,600.3,544.4,231.7,26.2,961
10/18/2019 12:11,datasets/dataset_cropped/10_Metas/18/12/20191018121100_00160.jpg,datasets_flow/dataset_cropped/10_Metas/18/12/20191018121100_00160.jpg,datasets_cloudmask/dataset_cropped/10_Metas/18/12/20191018121100_00160.png,561.9,495,226.4,26.4,961
10/18/2019 12:12,datasets/dataset_cropped/10_Metas/18/12/20191018121200_00160.jpg,datasets_flow/dataset_cropped/10_Metas/18/12/20191018121200_00160.jpg,datasets_cloudmask/dataset_cropped/10_Metas/18/12/20191018121200_00160.png,617.4,584.4,222.2,26.5,961
10/18/2019 12:13,datasets/dataset_cropped/10_Metas/18/12/20191018121300_00160.jpg,datasets_flow/dataset_cropped/10_Metas/18/12/20191018121300_00160.jpg,datasets_cloudmask/dataset_cropped/10_Metas/18/12/20191018121300_00160.png,662,657.7,217.6,26.4,961
10/18/2019 12:14,datasets/dataset_cropped/10_Metas/18/12/20191018121400_00160.jpg,datasets_flow/dataset_cropped/10_Metas/18/12/20191018121400_00160.jpg,datasets_cloudmask/dataset_cropped/10_Metas/18/12/20191018121400_00160.png,652.2,650.2,212.7,26.5,961
10/18/2019 12:15,datasets/dataset_cropped/10_Metas/18/12/20191018121500_00160.jpg,datasets_flow/dataset_cropped/10_Metas/18/12/20191018121500_00160.jpg,datasets_cloudmask/dataset_cropped/10_Metas/18/12/20191018121500_00160.png,701.5,728.9,208.8,26.6,961
10/18/2019 12:16,datasets/dataset_cropped/10_Metas/18/12/20191018121600_00160.jpg,datasets_flow/dataset_cropped/10_Metas/18/12/20191018121600_00160.jpg,datasets_cloudmask/dataset_cropped/10_Metas/18/12/20191018121600_00160.png,714.8,754.4,204.5,26.5,961
10/18/2019 12:17,datasets/dataset_cropped/10_Metas/18/12/20191018121700_00160.jpg,datasets_flow/dataset_cropped/10_Metas/18/12/20191018121700_00160.jpg,datasets_cloudmask/dataset_cropped/10_Metas/18/12/20191018121700_00160.png,676,701.5,200.3,26.5,961
10/18/2019 12:18,datasets/dataset_cropped/10_Metas/18/12/20191018121800_00160.jpg,datasets_flow/dataset_cropped/10_Metas/18/12/20191018121800_00160.jpg,datasets_cloudmask/dataset_cropped/10_Metas/18/12/20191018121800_00160.png,646.1,661.9,196.3,26.5,961
10/18/2019 12:19,datasets/dataset_cropped/10_Metas/18/12/20191018121900_00160.jpg,datasets_flow/dataset_cropped/10_Metas/18/12/20191018121900_00160.jpg,datasets_cloudmask/dataset_cropped/10_Metas/18/12/20191018121900_00160.png,593.9,588.9,192.7,26.5,961
10/18/2019 12:20,datasets/dataset_cropped/10_Metas/18/12/20191018122000_00160.jpg,datasets_flow/dataset_cropped/10_Metas/18/12/20191018122000_00160.jpg,datasets_cloudmask/dataset_cropped/10_Metas/18/12/20191018122000_00160.png,619.9,630.5,190.8,26.5,961
10/18/2019 12:21,datasets/dataset_cropped/10_Metas/18/12/20191018122100_00160.jpg,datasets_flow/dataset_cropped/10_Metas/18/12/20191018122100_00160.jpg,datasets_cloudmask/dataset_cropped/10_Metas/18/12/20191018122100_00160.png,659.9,692.7,188.6,26.7,961
10/18/2019 12:22,datasets/dataset_cropped/10_Metas/18/12/20191018122200_00160.jpg,datasets_flow/dataset_cropped/10_Metas/18/12/20191018122200_00160.jpg,datasets_cloudmask/dataset_cropped/10_Metas/18/12/20191018122200_00160.png,691.6,740.7,187.2,26.8,961
10/18/2019 12:23,datasets/dataset_cropped/10_Metas/18/12/20191018122300_00160.jpg,datasets_flow/dataset_cropped/10_Metas/18/12/20191018122300_00160.jpg,datasets_cloudmask/dataset_cropped/10_Metas/18/12/20191018122300_00160.png,713,773.9,185.4,27.2,961
10/18/2019 12:24,datasets/dataset_cropped/10_Metas/18/12/20191018122400_00160.jpg,datasets_flow/dataset_cropped/10_Metas/18/12/20191018122400_00160.jpg,datasets_cloudmask/dataset_cropped/10_Metas/18/12/20191018122400_00160.png,729.8,800,184.8,27.4,961
10/18/2019 12:25,datasets/dataset_cropped/10_Metas/18/12/20191018122500_00160.jpg,datasets_flow/dataset_cropped/10_Metas/18/12/20191018122500_00160.jpg,datasets_cloudmask/dataset_cropped/10_Metas/18/12/20191018122500_00160.png,737.6,813,184.5,27.7,961
10/18/2019 12:26,datasets/dataset_cropped/10_Metas/18/12/20191018122600_00160.jpg,datasets_flow/dataset_cropped/10_Metas/18/12/20191018122600_00160.jpg,datasets_cloudmask/dataset_cropped/10_Metas/18/12/20191018122600_00160.png,746.4,825,185,27.6,961
10/18/2019 12:27,datasets/dataset_cropped/10_Metas/18/12/20191018122700_00160.jpg,datasets_flow/dataset_cropped/10_Metas/18/12/20191018122700_00160.jpg,datasets_cloudmask/dataset_cropped/10_Metas/18/12/20191018122700_00160.png,737.8,810,186.2,27.4,961
10/18/2019 12:28,datasets/dataset_cropped/10_Metas/18/12/20191018122800_00160.jpg,datasets_flow/dataset_cropped/10_Metas/18/12/20191018122800_00160.jpg,datasets_cloudmask/dataset_cropped/10_Metas/18/12/20191018122800_00160.png,702.2,754.5,188.1,27.4,961
10/18/2019 12:29,datasets/dataset_cropped/10_Metas/18/12/20191018122900_00160.jpg,datasets_flow/dataset_cropped/10_Metas/18/12/20191018122900_00160.jpg,datasets_cloudmask/dataset_cropped/10_Metas/18/12/20191018122900_00160.png,729.4,790.6,191.2,27.3,961
10/18/2019 12:30,datasets/dataset_cropped/10_Metas/18/12/20191018123000_00160.jpg,datasets_flow/dataset_cropped/10_Metas/18/12/20191018123000_00160.jpg,datasets_cloudmask/dataset_cropped/10_Metas/18/12/20191018123000_00160.png,751.4,818,194.9,27.1,961
10/18/2019 12:31,datasets/dataset_cropped/10_Metas/18/12/20191018123100_00160.jpg,datasets_flow/dataset_cropped/10_Metas/18/12/20191018123100_00160.jpg,datasets_cloudmask/dataset_cropped/10_Metas/18/12/20191018123100_00160.png,765.7,832,199.2,27,961
10/18/2019 12:32,datasets/dataset_cropped/10_Metas/18/12/20191018123200_00160.jpg,datasets_flow/dataset_cropped/10_Metas/18/12/20191018123200_00160.jpg,datasets_cloudmask/dataset_cropped/10_Metas/18/12/20191018123200_00160.png,766.1,824,204.8,27,961
10/18/2019 12:33,datasets/dataset_cropped/10_Metas/18/12/20191018123300_00160.jpg,datasets_flow/dataset_cropped/10_Metas/18/12/20191018123300_00160.jpg,datasets_cloudmask/dataset_cropped/10_Metas/18/12/20191018123300_00160.png,769.6,819,211,27,961
10/18/2019 12:34,datasets/dataset_cropped/10_Metas/18/12/20191018123400_00160.jpg,datasets_flow/dataset_cropped/10_Metas/18/12/20191018123400_00160.jpg,datasets_cloudmask/dataset_cropped/10_Metas/18/12/20191018123400_00160.png,773.8,815,217.6,26.9,961
10/18/2019 12:35,datasets/dataset_cropped/10_Metas/18/12/20191018123500_00160.jpg,datasets_flow/dataset_cropped/10_Metas/18/12/20191018123500_00160.jpg,datasets_cloudmask/dataset_cropped/10_Metas/18/12/20191018123500_00160.png,760.3,783.5,224.7,27,961
10/18/2019 12:36,datasets/dataset_cropped/10_Metas/18/12/20191018123600_00160.jpg,datasets_flow/dataset_cropped/10_Metas/18/12/20191018123600_00160.jpg,datasets_cloudmask/dataset_cropped/10_Metas/18/12/20191018123600_00160.png,708,695,231.3,26.9,961
10/18/2019 12:37,datasets/dataset_cropped/10_Metas/18/12/20191018123700_00160.jpg,datasets_flow/dataset_cropped/10_Metas/18/12/20191018123700_00160.jpg,datasets_cloudmask/dataset_cropped/10_Metas/18/12/20191018123700_00160.png,604.1,533.7,236.5,26.9,961
10/18/2019 12:38,datasets/dataset_cropped/10_Metas/18/12/20191018123800_00160.jpg,datasets_flow/dataset_cropped/10_Metas/18/12/20191018123800_00160.jpg,datasets_cloudmask/dataset_cropped/10_Metas/18/12/20191018123800_00160.png,538.3,429.9,241,27.1,961
10/18/2019 12:39,datasets/dataset_cropped/10_Metas/18/12/20191018123900_00160.jpg,datasets_flow/dataset_cropped/10_Metas/18/12/20191018123900_00160.jpg,datasets_cloudmask/dataset_cropped/10_Metas/18/12/20191018123900_00160.png,467.5,319.8,245,27,961
10/18/2019 12:40,datasets/dataset_cropped/10_Metas/18/12/20191018124000_00160.jpg,datasets_flow/dataset_cropped/10_Metas/18/12/20191018124000_00160.jpg,datasets_cloudmask/dataset_cropped/10_Metas/18/12/20191018124000_00160.png,518.7,387,250.2,27.1,961
10/18/2019 12:41,datasets/dataset_cropped/10_Metas/18/12/20191018124100_00160.jpg,datasets_flow/dataset_cropped/10_Metas/18/12/20191018124100_00160.jpg,datasets_cloudmask/dataset_cropped/10_Metas/18/12/20191018124100_00160.png,478,321.9,254.1,27.1,961
10/18/2019 12:42,datasets/dataset_cropped/10_Metas/18/12/20191018124200_00160.jpg,datasets_flow/dataset_cropped/10_Metas/18/12/20191018124200_00160.jpg,datasets_cloudmask/dataset_cropped/10_Metas/18/12/20191018124200_00160.png,464.1,298,256.3,27,961
10/18/2019 12:43,datasets/dataset_cropped/10_Metas/18/12/20191018124300_00160.jpg,datasets_flow/dataset_cropped/10_Metas/18/12/20191018124300_00160.jpg,datasets_cloudmask/dataset_cropped/10_Metas/18/12/20191018124300_00160.png,448.2,271.9,258,27.1,961
10/18/2019 12:44,datasets/dataset_cropped/10_Metas/18/12/20191018124400_00160.jpg,datasets_flow/dataset_cropped/10_Metas/18/12/20191018124400_00160.jpg,datasets_cloudmask/dataset_cropped/10_Metas/18/12/20191018124400_00160.png,437.2,254.1,259.5,27.1,961
10/18/2019 12:45,datasets/dataset_cropped/10_Metas/18/12/20191018124500_00160.jpg,datasets_flow/dataset_cropped/10_Metas/18/12/20191018124500_00160.jpg,datasets_cloudmask/dataset_cropped/10_Metas/18/12/20191018124500_00160.png,456.8,282.3,260.5,26.9,961
10/18/2019 12:46,datasets/dataset_cropped/10_Metas/18/12/20191018124600_00160.jpg,datasets_flow/dataset_cropped/10_Metas/18/12/20191018124600_00160.jpg,datasets_cloudmask/dataset_cropped/10_Metas/18/12/20191018124600_00160.png,474.5,309.1,259.7,26.8,961
10/18/2019 12:47,datasets/dataset_cropped/10_Metas/18/12/20191018124700_00160.jpg,datasets_flow/dataset_cropped/10_Metas/18/12/20191018124700_00160.jpg,datasets_cloudmask/dataset_cropped/10_Metas/18/12/20191018124700_00160.png,457.6,286.5,258.2,26.7,961
10/18/2019 12:48,datasets/dataset_cropped/10_Metas/18/12/20191018124800_00160.jpg,datasets_flow/dataset_cropped/10_Metas/18/12/20191018124800_00160.jpg,datasets_cloudmask/dataset_cropped/10_Metas/18/12/20191018124800_00160.png,463.9,297.8,256.6,26.7,961
10/18/2019 12:49,datasets/dataset_cropped/10_Metas/18/12/20191018124900_00160.jpg,datasets_flow/dataset_cropped/10_Metas/18/12/20191018124900_00160.jpg,datasets_cloudmask/dataset_cropped/10_Metas/18/12/20191018124900_00160.png,513.4,371.8,255.4,26.7,961
10/18/2019 12:50,datasets/dataset_cropped/10_Metas/18/12/20191018125000_00160.jpg,datasets_flow/dataset_cropped/10_Metas/18/12/20191018125000_00160.jpg,datasets_cloudmask/dataset_cropped/10_Metas/18/12/20191018125000_00160.png,545.7,422.5,252.8,26.6,961
10/18/2019 12:51,datasets/dataset_cropped/10_Metas/18/12/20191018125100_00160.jpg,datasets_flow/dataset_cropped/10_Metas/18/12/20191018125100_00160.jpg,datasets_cloudmask/dataset_cropped/10_Metas/18/12/20191018125100_00160.png,500,361.3,248.7,26.5,961
10/18/2019 12:52,datasets/dataset_cropped/10_Metas/18/12/20191018125200_00160.jpg,datasets_flow/dataset_cropped/10_Metas/18/12/20191018125200_00160.jpg,datasets_cloudmask/dataset_cropped/10_Metas/18/12/20191018125200_00160.png,451.9,298,243.7,26.6,961
10/18/2019 12:53,datasets/dataset_cropped/10_Metas/18/12/20191018125300_00160.jpg,datasets_flow/dataset_cropped/10_Metas/18/12/20191018125300_00160.jpg,datasets_cloudmask/dataset_cropped/10_Metas/18/12/20191018125300_00160.png,415.6,253.4,238.1,26.8,961
10/18/2019 12:54,datasets/dataset_cropped/10_Metas/18/12/20191018125400_00160.jpg,datasets_flow/dataset_cropped/10_Metas/18/12/20191018125400_00160.jpg,datasets_cloudmask/dataset_cropped/10_Metas/18/12/20191018125400_00160.png,372.9,199.8,232.2,26.9,961
10/18/2019 12:55,datasets/dataset_cropped/10_Metas/18/12/20191018125500_00160.jpg,datasets_flow/dataset_cropped/10_Metas/18/12/20191018125500_00160.jpg,datasets_cloudmask/dataset_cropped/10_Metas/18/12/20191018125500_00160.png,318.4,128.5,227.1,26.8,961
10/18/2019 12:56,datasets/dataset_cropped/10_Metas/18/12/20191018125600_00160.jpg,datasets_flow/dataset_cropped/10_Metas/18/12/20191018125600_00160.jpg,datasets_cloudmask/dataset_cropped/10_Metas/18/12/20191018125600_00160.png,327.9,146.2,223.9,26.8,961
10/18/2019 12:57,datasets/dataset_cropped/10_Metas/18/12/20191018125700_00160.jpg,datasets_flow/dataset_cropped/10_Metas/18/12/20191018125700_00160.jpg,datasets_cloudmask/dataset_cropped/10_Metas/18/12/20191018125700_00160.png,415.9,275.5,222.7,26.6,961
10/18/2019 12:58,datasets/dataset_cropped/10_Metas/18/12/20191018125800_00160.jpg,datasets_flow/dataset_cropped/10_Metas/18/12/20191018125800_00160.jpg,datasets_cloudmask/dataset_cropped/10_Metas/18/12/20191018125800_00160.png,519.4,428.9,221.1,26.3,961
10/18/2019 12:59,datasets/dataset_cropped/10_Metas/18/12/20191018125900_00160.jpg,datasets_flow/dataset_cropped/10_Metas/18/12/20191018125900_00160.jpg,datasets_cloudmask/dataset_cropped/10_Metas/18/12/20191018125900_00160.png,543,469,218.1,26.2,961
10/18/2019 13:00,datasets/dataset_cropped/10_Metas/18/13/20191018130000_00160.jpg,datasets_flow/dataset_cropped/10_Metas/18/13/20191018130000_00160.jpg,datasets_cloudmask/dataset_cropped/10_Metas/18/13/20191018130000_00160.png,602.7,561.8,214.6,26.3,961
10/18/2019 13:01,datasets/dataset_cropped/10_Metas/18/13/20191018130100_00160.jpg,datasets_flow/dataset_cropped/10_Metas/18/13/20191018130100_00160.jpg,datasets_cloudmask/dataset_cropped/10_Metas/18/13/20191018130100_00160.png,674,672.5,210.8,26.3,961
10/18/2019 13:02,datasets/dataset_cropped/10_Metas/18/13/20191018130200_00160.jpg,datasets_flow/dataset_cropped/10_Metas/18/13/20191018130200_00160.jpg,datasets_cloudmask/dataset_cropped/10_Metas/18/13/20191018130200_00160.png,692.8,705.9,206.7,26.4,961
10/18/2019 13:03,datasets/dataset_cropped/10_Metas/18/13/20191018130300_00160.jpg,datasets_flow/dataset_cropped/10_Metas/18/13/20191018130300_00160.jpg,datasets_cloudmask/dataset_cropped/10_Metas/18/13/20191018130300_00160.png,693.4,711.1,203.1,26.4,961
10/18/2019 13:04,datasets/dataset_cropped/10_Metas/18/13/20191018130400_00160.jpg,datasets_flow/dataset_cropped/10_Metas/18/13/20191018130400_00160.jpg,datasets_cloudmask/dataset_cropped/10_Metas/18/13/20191018130400_00160.png,662.3,669.9,200.1,26.6,961
10/18/2019 13:05,datasets/dataset_cropped/10_Metas/18/13/20191018130500_00160.jpg,datasets_flow/dataset_cropped/10_Metas/18/13/20191018130500_00160.jpg,datasets_cloudmask/dataset_cropped/10_Metas/18/13/20191018130500_00160.png,655.5,662.3,198.4,26.9,961
10/18/2019 13:06,datasets/dataset_cropped/10_Metas/18/13/20191018130600_00160.jpg,datasets_flow/dataset_cropped/10_Metas/18/13/20191018130600_00160.jpg,datasets_cloudmask/dataset_cropped/10_Metas/18/13/20191018130600_00160.png,674.4,691.4,197.1,26.9,961
10/18/2019 13:07,datasets/dataset_cropped/10_Metas/18/13/20191018130700_00160.jpg,datasets_flow/dataset_cropped/10_Metas/18/13/20191018130700_00160.jpg,datasets_cloudmask/dataset_cropped/10_Metas/18/13/20191018130700_00160.png,693.9,720.1,196.7,26.9,961
10/18/2019 13:08,datasets/dataset_cropped/10_Metas/18/13/20191018130800_00160.jpg,datasets_flow/dataset_cropped/10_Metas/18/13/20191018130800_00160.jpg,datasets_cloudmask/dataset_cropped/10_Metas/18/13/20191018130800_00160.png,669.3,683.4,196.7,26.9,961
10/18/2019 13:09,datasets/dataset_cropped/10_Metas/18/13/20191018130900_00160.jpg,datasets_flow/dataset_cropped/10_Metas/18/13/20191018130900_00160.jpg,datasets_cloudmask/dataset_cropped/10_Metas/18/13/20191018130900_00160.png,626.7,621.9,195.7,26.8,961
10/18/2019 13:10,datasets/dataset_cropped/10_Metas/18/13/20191018131000_00160.jpg,datasets_flow/dataset_cropped/10_Metas/18/13/20191018131000_00160.jpg,datasets_cloudmask/dataset_cropped/10_Metas/18/13/20191018131000_00160.png,652.4,660.2,195.4,26.7,961
10/18/2019 13:11,datasets/dataset_cropped/10_Metas/18/13/20191018131100_00160.jpg,datasets_flow/dataset_cropped/10_Metas/18/13/20191018131100_00160.jpg,datasets_cloudmask/dataset_cropped/10_Metas/18/13/20191018131100_00160.png,662.3,678.3,193.3,26.9,961
10/18/2019 13:12,datasets/dataset_cropped/10_Metas/18/13/20191018131200_00160.jpg,datasets_flow/dataset_cropped/10_Metas/18/13/20191018131200_00160.jpg,datasets_cloudmask/dataset_cropped/10_Metas/18/13/20191018131200_00160.png,667.7,689.6,191.3,26.8,961
10/18/2019 13:13,datasets/dataset_cropped/10_Metas/18/13/20191018131300_00160.jpg,datasets_flow/dataset_cropped/10_Metas/18/13/20191018131300_00160.jpg,datasets_cloudmask/dataset_cropped/10_Metas/18/13/20191018131300_00160.png,627.1,633.5,189.4,26.6,961
10/18/2019 13:14,datasets/dataset_cropped/10_Metas/18/13/20191018131400_00160.jpg,datasets_flow/dataset_cropped/10_Metas/18/13/20191018131400_00160.jpg,datasets_cloudmask/dataset_cropped/10_Metas/18/13/20191018131400_00160.png,645.1,661.9,188.3,26.9,961
10/18/2019 13:15,datasets/dataset_cropped/10_Metas/18/13/20191018131500_00160.jpg,datasets_flow/dataset_cropped/10_Metas/18/13/20191018131500_00160.jpg,datasets_cloudmask/dataset_cropped/10_Metas/18/13/20191018131500_00160.png,722,776.1,187.9,27,960
10/18/2019 13:16,datasets/dataset_cropped/10_Metas/18/13/20191018131600_00160.jpg,datasets_flow/dataset_cropped/10_Metas/18/13/20191018131600_00160.jpg,datasets_cloudmask/dataset_cropped/10_Metas/18/13/20191018131600_00160.png,704.3,753.6,186.2,26.9,960
10/18/2019 13:17,datasets/dataset_cropped/10_Metas/18/13/20191018131700_00160.jpg,datasets_flow/dataset_cropped/10_Metas/18/13/20191018131700_00160.jpg,datasets_cloudmask/dataset_cropped/10_Metas/18/13/20191018131700_00160.png,685.2,729.2,184.4,26.9,960
10/18/2019 13:18,datasets/dataset_cropped/10_Metas/18/13/20191018131800_00160.jpg,datasets_flow/dataset_cropped/10_Metas/18/13/20191018131800_00160.jpg,datasets_cloudmask/dataset_cropped/10_Metas/18/13/20191018131800_00160.png,688,736.2,183.3,26.8,961
10/18/2019 13:19,datasets/dataset_cropped/10_Metas/18/13/20191018131900_00160.jpg,datasets_flow/dataset_cropped/10_Metas/18/13/20191018131900_00160.jpg,datasets_cloudmask/dataset_cropped/10_Metas/18/13/20191018131900_00160.png,726.1,794.5,182.3,26.7,960
10/18/2019 13:20,datasets/dataset_cropped/10_Metas/18/13/20191018132000_00160.jpg,datasets_flow/dataset_cropped/10_Metas/18/13/20191018132000_00160.jpg,datasets_cloudmask/dataset_cropped/10_Metas/18/13/20191018132000_00160.png,709.6,772.2,181.3,26.8,960
10/18/2019 13:21,datasets/dataset_cropped/10_Metas/18/13/20191018132100_00160.jpg,datasets_flow/dataset_cropped/10_Metas/18/13/20191018132100_00160.jpg,datasets_cloudmask/dataset_cropped/10_Metas/18/13/20191018132100_00160.png,692,748.1,180.1,26.6,960
10/18/2019 13:22,datasets/dataset_cropped/10_Metas/18/13/20191018132200_00160.jpg,datasets_flow/dataset_cropped/10_Metas/18/13/20191018132200_00160.jpg,datasets_cloudmask/dataset_cropped/10_Metas/18/13/20191018132200_00160.png,679.5,731.5,178.8,26.6,960
10/18/2019 13:23,datasets/dataset_cropped/10_Metas/18/13/20191018132300_00160.jpg,datasets_flow/dataset_cropped/10_Metas/18/13/20191018132300_00160.jpg,datasets_cloudmask/dataset_cropped/10_Metas/18/13/20191018132300_00160.png,688.2,745.7,178,26.6,960
10/18/2019 13:24,datasets/dataset_cropped/10_Metas/18/13/20191018132400_00160.jpg,datasets_flow/dataset_cropped/10_Metas/18/13/20191018132400_00160.jpg,datasets_cloudmask/dataset_cropped/10_Metas/18/13/20191018132400_00160.png,686.5,744.8,177.4,26.6,960
10/18/2019 13:25,datasets/dataset_cropped/10_Metas/18/13/20191018132500_00160.jpg,datasets_flow/dataset_cropped/10_Metas/18/13/20191018132500_00160.jpg,datasets_cloudmask/dataset_cropped/10_Metas/18/13/20191018132500_00160.png,698.2,763.7,177,26.7,960
10/18/2019 13:26,datasets/dataset_cropped/10_Metas/18/13/20191018132600_00160.jpg,datasets_flow/dataset_cropped/10_Metas/18/13/20191018132600_00160.jpg,datasets_cloudmask/dataset_cropped/10_Metas/18/13/20191018132600_00160.png,681.3,741.7,175.2,26.5,960
10/18/2019 13:27,datasets/dataset_cropped/10_Metas/18/13/20191018132700_00160.jpg,datasets_flow/dataset_cropped/10_Metas/18/13/20191018132700_00160.jpg,datasets_cloudmask/dataset_cropped/10_Metas/18/13/20191018132700_00160.png,699.8,770.7,174.4,26.8,960
10/18/2019 13:28,datasets/dataset_cropped/10_Metas/18/13/20191018132800_00160.jpg,datasets_flow/dataset_cropped/10_Metas/18/13/20191018132800_00160.jpg,datasets_cloudmask/dataset_cropped/10_Metas/18/13/20191018132800_00160.png,704.3,778.7,174.1,26.8,960
10/18/2019 13:29,datasets/dataset_cropped/10_Metas/18/13/20191018132900_00160.jpg,datasets_flow/dataset_cropped/10_Metas/18/13/20191018132900_00160.jpg,datasets_cloudmask/dataset_cropped/10_Metas/18/13/20191018132900_00160.png,693,763.3,173.6,26.6,960
10/18/2019 13:30,datasets/dataset_cropped/10_Metas/18/13/20191018133000_00160.jpg,datasets_flow/dataset_cropped/10_Metas/18/13/20191018133000_00160.jpg,datasets_cloudmask/dataset_cropped/10_Metas/18/13/20191018133000_00160.png,698.9,771.9,173.8,26.6,960
10/18/2019 13:31,datasets/dataset_cropped/10_Metas/18/13/20191018133100_00160.jpg,datasets_flow/dataset_cropped/10_Metas/18/13/20191018133100_00160.jpg,datasets_cloudmask/dataset_cropped/10_Metas/18/13/20191018133100_00160.png,663.2,720.3,173,26.6,960
10/18/2019 13:32,datasets/dataset_cropped/10_Metas/18/13/20191018133200_00160.jpg,datasets_flow/dataset_cropped/10_Metas/18/13/20191018133200_00160.jpg,datasets_cloudmask/dataset_cropped/10_Metas/18/13/20191018133200_00160.png,600,628,171.9,26.5,960
10/18/2019 13:33,datasets/dataset_cropped/10_Metas/18/13/20191018133300_00160.jpg,datasets_flow/dataset_cropped/10_Metas/18/13/20191018133300_00160.jpg,datasets_cloudmask/dataset_cropped/10_Metas/18/13/20191018133300_00160.png,642.7,690.4,172.7,26.4,960
10/18/2019 13:34,datasets/dataset_cropped/10_Metas/18/13/20191018133400_00160.jpg,datasets_flow/dataset_cropped/10_Metas/18/13/20191018133400_00160.jpg,datasets_cloudmask/dataset_cropped/10_Metas/18/13/20191018133400_00160.png,631.4,674.3,172.3,26.5,960
10/18/2019 13:35,datasets/dataset_cropped/10_Metas/18/13/20191018133500_00160.jpg,datasets_flow/dataset_cropped/10_Metas/18/13/20191018133500_00160.jpg,datasets_cloudmask/dataset_cropped/10_Metas/18/13/20191018133500_00160.png,681.7,748.7,172.5,26.7,960
10/18/2019 13:36,datasets/dataset_cropped/10_Metas/18/13/20191018133600_00160.jpg,datasets_flow/dataset_cropped/10_Metas/18/13/20191018133600_00160.jpg,datasets_cloudmask/dataset_cropped/10_Metas/18/13/20191018133600_00160.png,675.3,739.5,172.8,26.9,960
10/18/2019 13:37,datasets/dataset_cropped/10_Metas/18/13/20191018133700_00160.jpg,datasets_flow/dataset_cropped/10_Metas/18/13/20191018133700_00160.jpg,datasets_cloudmask/dataset_cropped/10_Metas/18/13/20191018133700_00160.png,655.9,711,172.7,26.8,960
10/18/2019 13:38,datasets/dataset_cropped/10_Metas/18/13/20191018133800_00160.jpg,datasets_flow/dataset_cropped/10_Metas/18/13/20191018133800_00160.jpg,datasets_cloudmask/dataset_cropped/10_Metas/18/13/20191018133800_00160.png,651,703.8,173.4,26.5,960
10/18/2019 13:39,datasets/dataset_cropped/10_Metas/18/13/20191018133900_00160.jpg,datasets_flow/dataset_cropped/10_Metas/18/13/20191018133900_00160.jpg,datasets_cloudmask/dataset_cropped/10_Metas/18/13/20191018133900_00160.png,693.3,766.4,174.8,26.3,960
10/18/2019 13:40,datasets/dataset_cropped/10_Metas/18/13/20191018134000_00160.jpg,datasets_flow/dataset_cropped/10_Metas/18/13/20191018134000_00160.jpg,datasets_cloudmask/dataset_cropped/10_Metas/18/13/20191018134000_00160.png,712.2,794.6,175.8,26.5,960
10/18/2019 13:41,datasets/dataset_cropped/10_Metas/18/13/20191018134100_00160.jpg,datasets_flow/dataset_cropped/10_Metas/18/13/20191018134100_00160.jpg,datasets_cloudmask/dataset_cropped/10_Metas/18/13/20191018134100_00160.png,726.1,815,176.8,26.6,960
10/18/2019 13:42,datasets/dataset_cropped/10_Metas/18/13/20191018134200_00160.jpg,datasets_flow/dataset_cropped/10_Metas/18/13/20191018134200_00160.jpg,datasets_cloudmask/dataset_cropped/10_Metas/18/13/20191018134200_00160.png,743.5,840,178.4,26.5,960
10/18/2019 13:43,datasets/dataset_cropped/10_Metas/18/13/20191018134300_00160.jpg,datasets_flow/dataset_cropped/10_Metas/18/13/20191018134300_00160.jpg,datasets_cloudmask/dataset_cropped/10_Metas/18/13/20191018134300_00160.png,703.9,779.2,179.8,26.6,960
10/18/2019 13:44,datasets/dataset_cropped/10_Metas/18/13/20191018134400_00160.jpg,datasets_flow/dataset_cropped/10_Metas/18/13/20191018134400_00160.jpg,datasets_cloudmask/dataset_cropped/10_Metas/18/13/20191018134400_00160.png,592.1,610.4,180.8,26.7,960
10/18/2019 13:45,datasets/dataset_cropped/10_Metas/18/13/20191018134500_00160.jpg,datasets_flow/dataset_cropped/10_Metas/18/13/20191018134500_00160.jpg,datasets_cloudmask/dataset_cropped/10_Metas/18/13/20191018134500_00160.png,511.4,492.4,179.2,26.5,960
10/18/2019 13:46,datasets/dataset_cropped/10_Metas/18/13/20191018134600_00160.jpg,datasets_flow/dataset_cropped/10_Metas/18/13/20191018134600_00160.jpg,datasets_cloudmask/dataset_cropped/10_Metas/18/13/20191018134600_00160.png,556.6,559.1,180.1,26.2,960
10/18/2019 13:47,datasets/dataset_cropped/10_Metas/18/13/20191018134700_00160.jpg,datasets_flow/dataset_cropped/10_Metas/18/13/20191018134700_00160.jpg,datasets_cloudmask/dataset_cropped/10_Metas/18/13/20191018134700_00160.png,646.4,692.3,182,26.3,960
10/18/2019 13:48,datasets/dataset_cropped/10_Metas/18/13/20191018134800_00160.jpg,datasets_flow/dataset_cropped/10_Metas/18/13/20191018134800_00160.jpg,datasets_cloudmask/dataset_cropped/10_Metas/18/13/20191018134800_00160.png,695.4,767,181.9,26.3,960
10/18/2019 13:49,datasets/dataset_cropped/10_Metas/18/13/20191018134900_00160.jpg,datasets_flow/dataset_cropped/10_Metas/18/13/20191018134900_00160.jpg,datasets_cloudmask/dataset_cropped/10_Metas/18/13/20191018134900_00160.png,725.4,814,181.5,26.6,960
10/18/2019 13:50,datasets/dataset_cropped/10_Metas/18/13/20191018135000_00160.jpg,datasets_flow/dataset_cropped/10_Metas/18/13/20191018135000_00160.jpg,datasets_cloudmask/dataset_cropped/10_Metas/18/13/20191018135000_00160.png,728.9,823,179.7,26.8,960
10/18/2019 13:51,datasets/dataset_cropped/10_Metas/18/13/20191018135100_00160.jpg,datasets_flow/dataset_cropped/10_Metas/18/13/20191018135100_00160.jpg,datasets_cloudmask/dataset_cropped/10_Metas/18/13/20191018135100_00160.png,688.7,769,176,26.6,960
10/18/2019 13:52,datasets/dataset_cropped/10_Metas/18/13/20191018135200_00160.jpg,datasets_flow/dataset_cropped/10_Metas/18/13/20191018135200_00160.jpg,datasets_cloudmask/dataset_cropped/10_Metas/18/13/20191018135200_00160.png,629.7,686.2,172.6,26.7,960
10/18/2019 13:53,datasets/dataset_cropped/10_Metas/18/13/20191018135300_00160.jpg,datasets_flow/dataset_cropped/10_Metas/18/13/20191018135300_00160.jpg,datasets_cloudmask/dataset_cropped/10_Metas/18/13/20191018135300_00160.png,646.5,716.4,169.7,26.7,960
10/18/2019 13:54,datasets/dataset_cropped/10_Metas/18/13/20191018135400_00160.jpg,datasets_flow/dataset_cropped/10_Metas/18/13/20191018135400_00160.jpg,datasets_cloudmask/dataset_cropped/10_Metas/18/13/20191018135400_00160.png,652.4,730.6,166.9,26.9,960
10/18/2019 13:55,datasets/dataset_cropped/10_Metas/18/13/20191018135500_00160.jpg,datasets_flow/dataset_cropped/10_Metas/18/13/20191018135500_00160.jpg,datasets_cloudmask/dataset_cropped/10_Metas/18/13/20191018135500_00160.png,686.8,786.1,164.9,27.1,960
10/18/2019 13:56,datasets/dataset_cropped/10_Metas/18/13/20191018135600_00160.jpg,datasets_flow/dataset_cropped/10_Metas/18/13/20191018135600_00160.jpg,datasets_cloudmask/dataset_cropped/10_Metas/18/13/20191018135600_00160.png,699.7,810,163,27.1,960
10/18/2019 13:57,datasets/dataset_cropped/10_Metas/18/13/20191018135700_00160.jpg,datasets_flow/dataset_cropped/10_Metas/18/13/20191018135700_00160.jpg,datasets_cloudmask/dataset_cropped/10_Metas/18/13/20191018135700_00160.png,700,815,161.1,26.9,960
10/18/2019 13:58,datasets/dataset_cropped/10_Metas/18/13/20191018135800_00160.jpg,datasets_flow/dataset_cropped/10_Metas/18/13/20191018135800_00160.jpg,datasets_cloudmask/dataset_cropped/10_Metas/18/13/20191018135800_00160.png,691.7,807,159.2,26.7,960
10/18/2019 13:59,datasets/dataset_cropped/10_Metas/18/13/20191018135900_00160.jpg,datasets_flow/dataset_cropped/10_Metas/18/13/20191018135900_00160.jpg,datasets_cloudmask/dataset_cropped/10_Metas/18/13/20191018135900_00160.png,683.2,798,157.5,26.8,960
10/18/2019 14:00,datasets/dataset_cropped/10_Metas/18/14/20191018140000_00160.jpg,datasets_flow/dataset_cropped/10_Metas/18/14/20191018140000_00160.jpg,datasets_cloudmask/dataset_cropped/10_Metas/18/14/20191018140000_00160.png,681.9,799.2,156,26.5,960
10/18/2019 14:01,datasets/dataset_cropped/10_Metas/18/14/20191018140100_00160.jpg,datasets_flow/dataset_cropped/10_Metas/18/14/20191018140100_00160.jpg,datasets_cloudmask/dataset_cropped/10_Metas/18/14/20191018140100_00160.png,639.4,739.6,153,26.4,960
10/18/2019 14:02,datasets/dataset_cropped/10_Metas/18/14/20191018140200_00160.jpg,datasets_flow/dataset_cropped/10_Metas/18/14/20191018140200_00160.jpg,datasets_cloudmask/dataset_cropped/10_Metas/18/14/20191018140200_00160.png,628.5,727.3,150.5,26.6,960
10/18/2019 14:03,datasets/dataset_cropped/10_Metas/18/14/20191018140300_00160.jpg,datasets_flow/dataset_cropped/10_Metas/18/14/20191018140300_00160.jpg,datasets_cloudmask/dataset_cropped/10_Metas/18/14/20191018140300_00160.png,660,779.1,149.1,26.4,960
10/18/2019 14:04,datasets/dataset_cropped/10_Metas/18/14/20191018140400_00160.jpg,datasets_flow/dataset_cropped/10_Metas/18/14/20191018140400_00160.jpg,datasets_cloudmask/dataset_cropped/10_Metas/18/14/20191018140400_00160.png,671.1,801,146.8,26.3,960
10/18/2019 14:05,datasets/dataset_cropped/10_Metas/18/14/20191018140500_00160.jpg,datasets_flow/dataset_cropped/10_Metas/18/14/20191018140500_00160.jpg,datasets_cloudmask/dataset_cropped/10_Metas/18/14/20191018140500_00160.png,664.6,795.7,144.7,26.1,960
10/18/2019 14:06,datasets/dataset_cropped/10_Metas/18/14/20191018140600_00160.jpg,datasets_flow/dataset_cropped/10_Metas/18/14/20191018140600_00160.jpg,datasets_cloudmask/dataset_cropped/10_Metas/18/14/20191018140600_00160.png,673.3,814,142.5,26,960
10/18/2019 14:07,datasets/dataset_cropped/10_Metas/18/14/20191018140700_00160.jpg,datasets_flow/dataset_cropped/10_Metas/18/14/20191018140700_00160.jpg,datasets_cloudmask/dataset_cropped/10_Metas/18/14/20191018140700_00160.png,675.7,822,140.6,26.1,960
10/18/2019 14:08,datasets/dataset_cropped/10_Metas/18/14/20191018140800_00160.jpg,datasets_flow/dataset_cropped/10_Metas/18/14/20191018140800_00160.jpg,datasets_cloudmask/dataset_cropped/10_Metas/18/14/20191018140800_00160.png,670.2,818,138.4,26.3,960
10/18/2019 14:09,datasets/dataset_cropped/10_Metas/18/14/20191018140900_00160.jpg,datasets_flow/dataset_cropped/10_Metas/18/14/20191018140900_00160.jpg,datasets_cloudmask/dataset_cropped/10_Metas/18/14/20191018140900_00160.png,668.7,820,137,26.4,960
10/18/2019 14:10,datasets/dataset_cropped/10_Metas/18/14/20191018141000_00160.jpg,datasets_flow/dataset_cropped/10_Metas/18/14/20191018141000_00160.jpg,datasets_cloudmask/dataset_cropped/10_Metas/18/14/20191018141000_00160.png,677.7,838,135.6,26.4,960
10/18/2019 14:11,datasets/dataset_cropped/10_Metas/18/14/20191018141100_00160.jpg,datasets_flow/dataset_cropped/10_Metas/18/14/20191018141100_00160.jpg,datasets_cloudmask/dataset_cropped/10_Metas/18/14/20191018141100_00160.png,668.4,827,134.1,26.2,960
10/18/2019 14:12,datasets/dataset_cropped/10_Metas/18/14/20191018141200_00160.jpg,datasets_flow/dataset_cropped/10_Metas/18/14/20191018141200_00160.jpg,datasets_cloudmask/dataset_cropped/10_Metas/18/14/20191018141200_00160.png,675.9,843,132,26.2,960
10/18/2019 14:13,datasets/dataset_cropped/10_Metas/18/14/20191018141300_00160.jpg,datasets_flow/dataset_cropped/10_Metas/18/14/20191018141300_00160.jpg,datasets_cloudmask/dataset_cropped/10_Metas/18/14/20191018141300_00160.png,671.8,842,129.8,26.2,960
10/18/2019 14:14,datasets/dataset_cropped/10_Metas/18/14/20191018141400_00160.jpg,datasets_flow/dataset_cropped/10_Metas/18/14/20191018141400_00160.jpg,datasets_cloudmask/dataset_cropped/10_Metas/18/14/20191018141400_00160.png,672.3,847,127.9,26.4,960
10/18/2019 14:15,datasets/dataset_cropped/10_Metas/18/14/20191018141500_00160.jpg,datasets_flow/dataset_cropped/10_Metas/18/14/20191018141500_00160.jpg,datasets_cloudmask/dataset_cropped/10_Metas/18/14/20191018141500_00160.png,673.8,853,127.1,26.5,960
10/18/2019 14:16,datasets/dataset_cropped/10_Metas/18/14/20191018141600_00160.jpg,datasets_flow/dataset_cropped/10_Metas/18/14/20191018141600_00160.jpg,datasets_cloudmask/dataset_cropped/10_Metas/18/14/20191018141600_00160.png,666.1,842,127.3,26.3,960
10/18/2019 14:17,datasets/dataset_cropped/10_Metas/18/14/20191018141700_00160.jpg,datasets_flow/dataset_cropped/10_Metas/18/14/20191018141700_00160.jpg,datasets_cloudmask/dataset_cropped/10_Metas/18/14/20191018141700_00160.png,637.5,801,126.1,26.3,960
10/18/2019 14:18,datasets/dataset_cropped/10_Metas/18/14/20191018141800_00160.jpg,datasets_flow/dataset_cropped/10_Metas/18/14/20191018141800_00160.jpg,datasets_cloudmask/dataset_cropped/10_Metas/18/14/20191018141800_00160.png,674.5,862,125.7,26.5,960
10/18/2019 14:19,datasets/dataset_cropped/10_Metas/18/14/20191018141900_00160.jpg,datasets_flow/dataset_cropped/10_Metas/18/14/20191018141900_00160.jpg,datasets_cloudmask/dataset_cropped/10_Metas/18/14/20191018141900_00160.png,668.2,856,123.9,26.6,960
10/18/2019 14:20,datasets/dataset_cropped/10_Metas/18/14/20191018142000_00160.jpg,datasets_flow/dataset_cropped/10_Metas/18/14/20191018142000_00160.jpg,datasets_cloudmask/dataset_cropped/10_Metas/18/14/20191018142000_00160.png,664.3,853,123.5,26.4,960
10/18/2019 14:21,datasets/dataset_cropped/10_Metas/18/14/20191018142100_00160.jpg,datasets_flow/dataset_cropped/10_Metas/18/14/20191018142100_00160.jpg,datasets_cloudmask/dataset_cropped/10_Metas/18/14/20191018142100_00160.png,656.7,843,123.2,26.1,960
10/18/2019 14:22,datasets/dataset_cropped/10_Metas/18/14/20191018142200_00160.jpg,datasets_flow/dataset_cropped/10_Metas/18/14/20191018142200_00160.jpg,datasets_cloudmask/dataset_cropped/10_Metas/18/14/20191018142200_00160.png,651.6,837,122.7,26.3,960
10/18/2019 14:23,datasets/dataset_cropped/10_Metas/18/14/20191018142300_00160.jpg,datasets_flow/dataset_cropped/10_Metas/18/14/20191018142300_00160.jpg,datasets_cloudmask/dataset_cropped/10_Metas/18/14/20191018142300_00160.png,656.8,848,122,26.6,960
10/18/2019 14:24,datasets/dataset_cropped/10_Metas/18/14/20191018142400_00160.jpg,datasets_flow/dataset_cropped/10_Metas/18/14/20191018142400_00160.jpg,datasets_cloudmask/dataset_cropped/10_Metas/18/14/20191018142400_00160.png,658.3,853,121.7,26.5,960
10/18/2019 14:25,datasets/dataset_cropped/10_Metas/18/14/20191018142500_00160.jpg,datasets_flow/dataset_cropped/10_Metas/18/14/20191018142500_00160.jpg,datasets_cloudmask/dataset_cropped/10_Metas/18/14/20191018142500_00160.png,656.9,853,121,26.3,960
10/18/2019 14:26,datasets/dataset_cropped/10_Metas/18/14/20191018142600_00160.jpg,datasets_flow/dataset_cropped/10_Metas/18/14/20191018142600_00160.jpg,datasets_cloudmask/dataset_cropped/10_Metas/18/14/20191018142600_00160.png,646.2,840,120,26.2,960
10/18/2019 14:27,datasets/dataset_cropped/10_Metas/18/14/20191018142700_00160.jpg,datasets_flow/dataset_cropped/10_Metas/18/14/20191018142700_00160.jpg,datasets_cloudmask/dataset_cropped/10_Metas/18/14/20191018142700_00160.png,636.7,828,119.5,26.2,960
10/18/2019 14:28,datasets/dataset_cropped/10_Metas/18/14/20191018142800_00160.jpg,datasets_flow/dataset_cropped/10_Metas/18/14/20191018142800_00160.jpg,datasets_cloudmask/dataset_cropped/10_Metas/18/14/20191018142800_00160.png,647.8,846,120,26.4,960
10/18/2019 14:29,datasets/dataset_cropped/10_Metas/18/14/20191018142900_00160.jpg,datasets_flow/dataset_cropped/10_Metas/18/14/20191018142900_00160.jpg,datasets_cloudmask/dataset_cropped/10_Metas/18/14/20191018142900_00160.png,648.8,848,121,26.5,960
10/18/2019 14:30,datasets/dataset_cropped/10_Metas/18/14/20191018143000_00160.jpg,datasets_flow/dataset_cropped/10_Metas/18/14/20191018143000_00160.jpg,datasets_cloudmask/dataset_cropped/10_Metas/18/14/20191018143000_00160.png,646.5,845,121.1,26.7,960
10/18/2019 14:31,datasets/dataset_cropped/10_Metas/18/14/20191018143100_00160.jpg,datasets_flow/dataset_cropped/10_Metas/18/14/20191018143100_00160.jpg,datasets_cloudmask/dataset_cropped/10_Metas/18/14/20191018143100_00160.png,646.9,848,120.7,26.9,960
10/18/2019 14:32,datasets/dataset_cropped/10_Metas/18/14/20191018143200_00160.jpg,datasets_flow/dataset_cropped/10_Metas/18/14/20191018143200_00160.jpg,datasets_cloudmask/dataset_cropped/10_Metas/18/14/20191018143200_00160.png,643.5,847,119,26.8,960
10/18/2019 14:33,datasets/dataset_cropped/10_Metas/18/14/20191018143300_00160.jpg,datasets_flow/dataset_cropped/10_Metas/18/14/20191018143300_00160.jpg,datasets_cloudmask/dataset_cropped/10_Metas/18/14/20191018143300_00160.png,641,848,117.1,26.8,960
10/18/2019 14:34,datasets/dataset_cropped/10_Metas/18/14/20191018143400_00160.jpg,datasets_flow/dataset_cropped/10_Metas/18/14/20191018143400_00160.jpg,datasets_cloudmask/dataset_cropped/10_Metas/18/14/20191018143400_00160.png,633.7,843,114.4,26.7,960
10/18/2019 14:35,datasets/dataset_cropped/10_Metas/18/14/20191018143500_00160.jpg,datasets_flow/dataset_cropped/10_Metas/18/14/20191018143500_00160.jpg,datasets_cloudmask/dataset_cropped/10_Metas/18/14/20191018143500_00160.png,631.9,846,112.2,26.5,960
10/18/2019 14:36,datasets/dataset_cropped/10_Metas/18/14/20191018143600_00160.jpg,datasets_flow/dataset_cropped/10_Metas/18/14/20191018143600_00160.jpg,datasets_cloudmask/dataset_cropped/10_Metas/18/14/20191018143600_00160.png,636.8,858,110.5,26.6,960
10/18/2019 14:37,datasets/dataset_cropped/10_Metas/18/14/20191018143700_00160.jpg,datasets_flow/dataset_cropped/10_Metas/18/14/20191018143700_00160.jpg,datasets_cloudmask/dataset_cropped/10_Metas/18/14/20191018143700_00160.png,636.6,862,109,26.6,960
10/18/2019 14:38,datasets/dataset_cropped/10_Metas/18/14/20191018143800_00160.jpg,datasets_flow/dataset_cropped/10_Metas/18/14/20191018143800_00160.jpg,datasets_cloudmask/dataset_cropped/10_Metas/18/14/20191018143800_00160.png,635.4,863,108.6,26.5,960
10/18/2019 14:39,datasets/dataset_cropped/10_Metas/18/14/20191018143900_00160.jpg,datasets_flow/dataset_cropped/10_Metas/18/14/20191018143900_00160.jpg,datasets_cloudmask/dataset_cropped/10_Metas/18/14/20191018143900_00160.png,638.3,870,108.5,26.6,960
10/18/2019 14:40,datasets/dataset_cropped/10_Metas/18/14/20191018144000_00160.jpg,datasets_flow/dataset_cropped/10_Metas/18/14/20191018144000_00160.jpg,datasets_cloudmask/dataset_cropped/10_Metas/18/14/20191018144000_00160.png,638.6,873,108.4,26.7,960
10/18/2019 14:41,datasets/dataset_cropped/10_Metas/18/14/20191018144100_00160.jpg,datasets_flow/dataset_cropped/10_Metas/18/14/20191018144100_00160.jpg,datasets_cloudmask/dataset_cropped/10_Metas/18/14/20191018144100_00160.png,625.8,853,108.7,27,960
10/18/2019 14:42,datasets/dataset_cropped/10_Metas/18/14/20191018144200_00160.jpg,datasets_flow/dataset_cropped/10_Metas/18/14/20191018144200_00160.jpg,datasets_cloudmask/dataset_cropped/10_Metas/18/14/20191018144200_00160.png,626.8,857,108.9,26.9,960
10/18/2019 14:43,datasets/dataset_cropped/10_Metas/18/14/20191018144300_00160.jpg,datasets_flow/dataset_cropped/10_Metas/18/14/20191018144300_00160.jpg,datasets_cloudmask/dataset_cropped/10_Metas/18/14/20191018144300_00160.png,625.3,855,109.6,26.7,960
10/18/2019 14:44,datasets/dataset_cropped/10_Metas/18/14/20191018144400_00160.jpg,datasets_flow/dataset_cropped/10_Metas/18/14/20191018144400_00160.jpg,datasets_cloudmask/dataset_cropped/10_Metas/18/14/20191018144400_00160.png,623.2,853,110.2,26.5,960
10/18/2019 14:45,datasets/dataset_cropped/10_Metas/18/14/20191018144500_00160.jpg,datasets_flow/dataset_cropped/10_Metas/18/14/20191018144500_00160.jpg,datasets_cloudmask/dataset_cropped/10_Metas/18/14/20191018144500_00160.png,623.3,855,110.7,26.4,960
10/18/2019 14:46,datasets/dataset_cropped/10_Metas/18/14/20191018144600_00160.jpg,datasets_flow/dataset_cropped/10_Metas/18/14/20191018144600_00160.jpg,datasets_cloudmask/dataset_cropped/10_Metas/18/14/20191018144600_00160.png,622.7,855,111.4,26.4,960
10/18/2019 14:47,datasets/dataset_cropped/10_Metas/18/14/20191018144700_00160.jpg,datasets_flow/dataset_cropped/10_Metas/18/14/20191018144700_00160.jpg,datasets_cloudmask/dataset_cropped/10_Metas/18/14/20191018144700_00160.png,621.6,853,112.5,26.4,960
10/18/2019 14:48,datasets/dataset_cropped/10_Metas/18/14/20191018144800_00160.jpg,datasets_flow/dataset_cropped/10_Metas/18/14/20191018144800_00160.jpg,datasets_cloudmask/dataset_cropped/10_Metas/18/14/20191018144800_00160.png,615.7,844,113.5,26.8,960
10/18/2019 14:49,datasets/dataset_cropped/10_Metas/18/14/20191018144900_00160.jpg,datasets_flow/dataset_cropped/10_Metas/18/14/20191018144900_00160.jpg,datasets_cloudmask/dataset_cropped/10_Metas/18/14/20191018144900_00160.png,612.1,837,114.7,26.5,960
10/18/2019 14:50,datasets/dataset_cropped/10_Metas/18/14/20191018145000_00160.jpg,datasets_flow/dataset_cropped/10_Metas/18/14/20191018145000_00160.jpg,datasets_cloudmask/dataset_cropped/10_Metas/18/14/20191018145000_00160.png,605.8,826,115.8,26.6,960
10/18/2019 14:51,datasets/dataset_cropped/10_Metas/18/14/20191018145100_00160.jpg,datasets_flow/dataset_cropped/10_Metas/18/14/20191018145100_00160.jpg,datasets_cloudmask/dataset_cropped/10_Metas/18/14/20191018145100_00160.png,587.8,795.7,117,26.6,960
10/18/2019 14:52,datasets/dataset_cropped/10_Metas/18/14/20191018145200_00160.jpg,datasets_flow/dataset_cropped/10_Metas/18/14/20191018145200_00160.jpg,datasets_cloudmask/dataset_cropped/10_Metas/18/14/20191018145200_00160.png,576.5,776.4,118.5,26.5,960
10/18/2019 14:53,datasets/dataset_cropped/10_Metas/18/14/20191018145300_00160.jpg,datasets_flow/dataset_cropped/10_Metas/18/14/20191018145300_00160.jpg,datasets_cloudmask/dataset_cropped/10_Metas/18/14/20191018145300_00160.png,569,764.6,119.5,26.2,960
10/18/2019 14:54,datasets/dataset_cropped/10_Metas/18/14/20191018145400_00160.jpg,datasets_flow/dataset_cropped/10_Metas/18/14/20191018145400_00160.jpg,datasets_cloudmask/dataset_cropped/10_Metas/18/14/20191018145400_00160.png,566.9,761.6,120.4,26.3,960
10/18/2019 14:55,datasets/dataset_cropped/10_Metas/18/14/20191018145500_00160.jpg,datasets_flow/dataset_cropped/10_Metas/18/14/20191018145500_00160.jpg,datasets_cloudmask/dataset_cropped/10_Metas/18/14/20191018145500_00160.png,549,732,120.7,26.6,960
10/18/2019 14:56,datasets/dataset_cropped/10_Metas/18/14/20191018145600_00160.jpg,datasets_flow/dataset_cropped/10_Metas/18/14/20191018145600_00160.jpg,datasets_cloudmask/dataset_cropped/10_Metas/18/14/20191018145600_00160.png,562.2,755,122.1,26.7,960
10/18/2019 14:57,datasets/dataset_cropped/10_Metas/18/14/20191018145700_00160.jpg,datasets_flow/dataset_cropped/10_Metas/18/14/20191018145700_00160.jpg,datasets_cloudmask/dataset_cropped/10_Metas/18/14/20191018145700_00160.png,573.9,776.1,122.9,26.4,960
10/18/2019 14:58,datasets/dataset_cropped/10_Metas/18/14/20191018145800_00160.jpg,datasets_flow/dataset_cropped/10_Metas/18/14/20191018145800_00160.jpg,datasets_cloudmask/dataset_cropped/10_Metas/18/14/20191018145800_00160.png,568.8,768.1,123.8,26.3,960
10/18/2019 14:59,datasets/dataset_cropped/10_Metas/18/14/20191018145900_00160.jpg,datasets_flow/dataset_cropped/10_Metas/18/14/20191018145900_00160.jpg,datasets_cloudmask/dataset_cropped/10_Metas/18/14/20191018145900_00160.png,570.3,770.9,125.4,26.1,959
10/18/2019 15:00,datasets/dataset_cropped/10_Metas/18/15/20191018150000_00160.jpg,datasets_flow/dataset_cropped/10_Metas/18/15/20191018150000_00160.jpg,datasets_cloudmask/dataset_cropped/10_Metas/18/15/20191018150000_00160.png,570.9,772.5,126.7,26.3,960
10/18/2019 15:01,datasets/dataset_cropped/10_Metas/18/15/20191018150100_00160.jpg,datasets_flow/dataset_cropped/10_Metas/18/15/20191018150100_00160.jpg,datasets_cloudmask/dataset_cropped/10_Metas/18/15/20191018150100_00160.png,563.6,759.4,127.9,26.2,960
10/18/2019 15:02,datasets/dataset_cropped/10_Metas/18/15/20191018150200_00160.jpg,datasets_flow/dataset_cropped/10_Metas/18/15/20191018150200_00160.jpg,datasets_cloudmask/dataset_cropped/10_Metas/18/15/20191018150200_00160.png,558.5,749.3,129.5,26.1,959
10/18/2019 15:03,datasets/dataset_cropped/10_Metas/18/15/20191018150300_00160.jpg,datasets_flow/dataset_cropped/10_Metas/18/15/20191018150300_00160.jpg,datasets_cloudmask/dataset_cropped/10_Metas/18/15/20191018150300_00160.png,552.4,737.7,131,26,959
10/18/2019 15:04,datasets/dataset_cropped/10_Metas/18/15/20191018150400_00160.jpg,datasets_flow/dataset_cropped/10_Metas/18/15/20191018150400_00160.jpg,datasets_cloudmask/dataset_cropped/10_Metas/18/15/20191018150400_00160.png,544.3,723.4,132.3,25.9,959
10/18/2019 15:05,datasets/dataset_cropped/10_Metas/18/15/20191018150500_00160.jpg,datasets_flow/dataset_cropped/10_Metas/18/15/20191018150500_00160.jpg,datasets_cloudmask/dataset_cropped/10_Metas/18/15/20191018150500_00160.png,536.3,709.7,133.6,25.8,959
10/18/2019 15:06,datasets/dataset_cropped/10_Metas/18/15/20191018150600_00160.jpg,datasets_flow/dataset_cropped/10_Metas/18/15/20191018150600_00160.jpg,datasets_cloudmask/dataset_cropped/10_Metas/18/15/20191018150600_00160.png,544.4,724.7,134.7,25.9,959
10/18/2019 15:07,datasets/dataset_cropped/10_Metas/18/15/20191018150700_00160.jpg,datasets_flow/dataset_cropped/10_Metas/18/15/20191018150700_00160.jpg,datasets_cloudmask/dataset_cropped/10_Metas/18/15/20191018150700_00160.png,554.8,743.6,136,25.9,959
10/18/2019 15:08,datasets/dataset_cropped/10_Metas/18/15/20191018150800_00160.jpg,datasets_flow/dataset_cropped/10_Metas/18/15/20191018150800_00160.jpg,datasets_cloudmask/dataset_cropped/10_Metas/18/15/20191018150800_00160.png,560.8,754.3,137.6,25.9,959
10/18/2019 15:09,datasets/dataset_cropped/10_Metas/18/15/20191018150900_00160.jpg,datasets_flow/dataset_cropped/10_Metas/18/15/20191018150900_00160.jpg,datasets_cloudmask/dataset_cropped/10_Metas/18/15/20191018150900_00160.png,559.4,750.6,139.4,26,960
10/18/2019 15:10,datasets/dataset_cropped/10_Metas/18/15/20191018151000_00160.jpg,datasets_flow/dataset_cropped/10_Metas/18/15/20191018151000_00160.jpg,datasets_cloudmask/dataset_cropped/10_Metas/18/15/20191018151000_00160.png,553.5,737.7,141.8,26.1,959
10/18/2019 15:11,datasets/dataset_cropped/10_Metas/18/15/20191018151100_00160.jpg,datasets_flow/dataset_cropped/10_Metas/18/15/20191018151100_00160.jpg,datasets_cloudmask/dataset_cropped/10_Metas/18/15/20191018151100_00160.png,543.9,717.7,144.4,26.1,960
10/18/2019 15:12,datasets/dataset_cropped/10_Metas/18/15/20191018151200_00160.jpg,datasets_flow/dataset_cropped/10_Metas/18/15/20191018151200_00160.jpg,datasets_cloudmask/dataset_cropped/10_Metas/18/15/20191018151200_00160.png,536,700.5,147.4,26.2,960
10/18/2019 15:13,datasets/dataset_cropped/10_Metas/18/15/20191018151300_00160.jpg,datasets_flow/dataset_cropped/10_Metas/18/15/20191018151300_00160.jpg,datasets_cloudmask/dataset_cropped/10_Metas/18/15/20191018151300_00160.png,535.9,696.8,150.6,26.3,959
10/18/2019 15:14,datasets/dataset_cropped/10_Metas/18/15/20191018151400_00160.jpg,datasets_flow/dataset_cropped/10_Metas/18/15/20191018151400_00160.jpg,datasets_cloudmask/dataset_cropped/10_Metas/18/15/20191018151400_00160.png,533.9,690,153.7,25.9,960
10/18/2019 15:15,datasets/dataset_cropped/10_Metas/18/15/20191018151500_00160.jpg,datasets_flow/dataset_cropped/10_Metas/18/15/20191018151500_00160.jpg,datasets_cloudmask/dataset_cropped/10_Metas/18/15/20191018151500_00160.png,478.7,587.4,155.9,25.7,960
10/18/2019 15:16,datasets/dataset_cropped/10_Metas/18/15/20191018151600_00160.jpg,datasets_flow/dataset_cropped/10_Metas/18/15/20191018151600_00160.jpg,datasets_cloudmask/dataset_cropped/10_Metas/18/15/20191018151600_00160.png,370.4,388.3,156.7,25.8,959
10/18/2019 15:17,datasets/dataset_cropped/10_Metas/18/15/20191018151700_00160.jpg,datasets_flow/dataset_cropped/10_Metas/18/15/20191018151700_00160.jpg,datasets_cloudmask/dataset_cropped/10_Metas/18/15/20191018151700_00160.png,333,316.5,158.6,25.8,959
10/18/2019 15:18,datasets/dataset_cropped/10_Metas/18/15/20191018151800_00160.jpg,datasets_flow/dataset_cropped/10_Metas/18/15/20191018151800_00160.jpg,datasets_cloudmask/dataset_cropped/10_Metas/18/15/20191018151800_00160.png,377.9,394.7,162,25.8,959
10/18/2019 15:19,datasets/dataset_cropped/10_Metas/18/15/20191018151900_00160.jpg,datasets_flow/dataset_cropped/10_Metas/18/15/20191018151900_00160.jpg,datasets_cloudmask/dataset_cropped/10_Metas/18/15/20191018151900_00160.png,416.6,463.4,164.3,25.7,960
10/18/2019 15:20,datasets/dataset_cropped/10_Metas/18/15/20191018152000_00160.jpg,datasets_flow/dataset_cropped/10_Metas/18/15/20191018152000_00160.jpg,datasets_cloudmask/dataset_cropped/10_Metas/18/15/20191018152000_00160.png,382.2,399.3,165.3,25.7,959
10/18/2019 15:21,datasets/dataset_cropped/10_Metas/18/15/20191018152100_00160.jpg,datasets_flow/dataset_cropped/10_Metas/18/15/20191018152100_00160.jpg,datasets_cloudmask/dataset_cropped/10_Metas/18/15/20191018152100_00160.png,325.3,293.8,165.4,25.6,959
10/18/2019 15:22,datasets/dataset_cropped/10_Metas/18/15/20191018152200_00160.jpg,datasets_flow/dataset_cropped/10_Metas/18/15/20191018152200_00160.jpg,datasets_cloudmask/dataset_cropped/10_Metas/18/15/20191018152200_00160.png,362.2,360.8,167.3,25.6,960
10/18/2019 15:23,datasets/dataset_cropped/10_Metas/18/15/20191018152300_00160.jpg,datasets_flow/dataset_cropped/10_Metas/18/15/20191018152300_00160.jpg,datasets_cloudmask/dataset_cropped/10_Metas/18/15/20191018152300_00160.png,415.5,460.2,169.1,25.6,960
10/18/2019 15:24,datasets/dataset_cropped/10_Metas/18/15/20191018152400_00160.jpg,datasets_flow/dataset_cropped/10_Metas/18/15/20191018152400_00160.jpg,datasets_cloudmask/dataset_cropped/10_Metas/18/15/20191018152400_00160.png,461,546.3,170.4,25.6,959
10/18/2019 15:25,datasets/dataset_cropped/10_Metas/18/15/20191018152500_00160.jpg,datasets_flow/dataset_cropped/10_Metas/18/15/20191018152500_00160.jpg,datasets_cloudmask/dataset_cropped/10_Metas/18/15/20191018152500_00160.png,530.6,679.2,171.8,25.6,959
10/18/2019 15:26,datasets/dataset_cropped/10_Metas/18/15/20191018152600_00160.jpg,datasets_flow/dataset_cropped/10_Metas/18/15/20191018152600_00160.jpg,datasets_cloudmask/dataset_cropped/10_Metas/18/15/20191018152600_00160.png,552.1,722.2,172.7,25.5,959
10/18/2019 15:27,datasets/dataset_cropped/10_Metas/18/15/20191018152700_00160.jpg,datasets_flow/dataset_cropped/10_Metas/18/15/20191018152700_00160.jpg,datasets_cloudmask/dataset_cropped/10_Metas/18/15/20191018152700_00160.png,549.6,718.8,173.4,25.8,960
10/18/2019 15:28,datasets/dataset_cropped/10_Metas/18/15/20191018152800_00160.jpg,datasets_flow/dataset_cropped/10_Metas/18/15/20191018152800_00160.jpg,datasets_cloudmask/dataset_cropped/10_Metas/18/15/20191018152800_00160.png,552,724.7,174.1,25.8,959
10/18/2019 15:29,datasets/dataset_cropped/10_Metas/18/15/20191018152900_00160.jpg,datasets_flow/dataset_cropped/10_Metas/18/15/20191018152900_00160.jpg,datasets_cloudmask/dataset_cropped/10_Metas/18/15/20191018152900_00160.png,542.7,708.7,174.5,25.7,959
10/18/2019 15:30,datasets/dataset_cropped/10_Metas/18/15/20191018153000_00160.jpg,datasets_flow/dataset_cropped/10_Metas/18/15/20191018153000_00160.jpg,datasets_cloudmask/dataset_cropped/10_Metas/18/15/20191018153000_00160.png,536.8,699,175.2,25.8,959
10/18/2019 15:31,datasets/dataset_cropped/10_Metas/18/15/20191018153100_00160.jpg,datasets_flow/dataset_cropped/10_Metas/18/15/20191018153100_00160.jpg,datasets_cloudmask/dataset_cropped/10_Metas/18/15/20191018153100_00160.png,529.9,687.5,175.6,25.9,959
10/18/2019 15:32,datasets/dataset_cropped/10_Metas/18/15/20191018153200_00160.jpg,datasets_flow/dataset_cropped/10_Metas/18/15/20191018153200_00160.jpg,datasets_cloudmask/dataset_cropped/10_Metas/18/15/20191018153200_00160.png,526.7,682.7,176.4,25.7,960
10/18/2019 15:33,datasets/dataset_cropped/10_Metas/18/15/20191018153300_00160.jpg,datasets_flow/dataset_cropped/10_Metas/18/15/20191018153300_00160.jpg,datasets_cloudmask/dataset_cropped/10_Metas/18/15/20191018153300_00160.png,514.5,660.5,176.7,25.6,959
10/18/2019 15:34,datasets/dataset_cropped/10_Metas/18/15/20191018153400_00160.jpg,datasets_flow/dataset_cropped/10_Metas/18/15/20191018153400_00160.jpg,datasets_cloudmask/dataset_cropped/10_Metas/18/15/20191018153400_00160.png,508.7,650.3,177.7,25.5,960
10/18/2019 15:35,datasets/dataset_cropped/10_Metas/18/15/20191018153500_00160.jpg,datasets_flow/dataset_cropped/10_Metas/18/15/20191018153500_00160.jpg,datasets_cloudmask/dataset_cropped/10_Metas/18/15/20191018153500_00160.png,522.6,678.5,178.8,25.5,960
10/18/2019 15:36,datasets/dataset_cropped/10_Metas/18/15/20191018153600_00160.jpg,datasets_flow/dataset_cropped/10_Metas/18/15/20191018153600_00160.jpg,datasets_cloudmask/dataset_cropped/10_Metas/18/15/20191018153600_00160.png,514.4,663.3,179.9,25.6,959
10/18/2019 15:37,datasets/dataset_cropped/10_Metas/18/15/20191018153700_00160.jpg,datasets_flow/dataset_cropped/10_Metas/18/15/20191018153700_00160.jpg,datasets_cloudmask/dataset_cropped/10_Metas/18/15/20191018153700_00160.png,506,645.6,181.9,25.9,960
10/18/2019 15:38,datasets/dataset_cropped/10_Metas/18/15/20191018153800_00160.jpg,datasets_flow/dataset_cropped/10_Metas/18/15/20191018153800_00160.jpg,datasets_cloudmask/dataset_cropped/10_Metas/18/15/20191018153800_00160.png,495,622.3,184,25.9,960
10/18/2019 15:39,datasets/dataset_cropped/10_Metas/18/15/20191018153900_00160.jpg,datasets_flow/dataset_cropped/10_Metas/18/15/20191018153900_00160.jpg,datasets_cloudmask/dataset_cropped/10_Metas/18/15/20191018153900_00160.png,462.8,558.3,184.8,25.9,959
10/18/2019 15:40,datasets/dataset_cropped/10_Metas/18/15/20191018154000_00160.jpg,datasets_flow/dataset_cropped/10_Metas/18/15/20191018154000_00160.jpg,datasets_cloudmask/dataset_cropped/10_Metas/18/15/20191018154000_00160.png,451.3,534.7,186.2,25.6,959
10/18/2019 15:41,datasets/dataset_cropped/10_Metas/18/15/20191018154100_00160.jpg,datasets_flow/dataset_cropped/10_Metas/18/15/20191018154100_00160.jpg,datasets_cloudmask/dataset_cropped/10_Metas/18/15/20191018154100_00160.png,403.9,439.5,187,25.8,959
10/18/2019 15:42,datasets/dataset_cropped/10_Metas/18/15/20191018154200_00160.jpg,datasets_flow/dataset_cropped/10_Metas/18/15/20191018154200_00160.jpg,datasets_cloudmask/dataset_cropped/10_Metas/18/15/20191018154200_00160.png,290,214.1,183.3,26,959
10/18/2019 15:43,datasets/dataset_cropped/10_Metas/18/15/20191018154300_00160.jpg,datasets_flow/dataset_cropped/10_Metas/18/15/20191018154300_00160.jpg,datasets_cloudmask/dataset_cropped/10_Metas/18/15/20191018154300_00160.png,395.6,436,181.4,26.2,960
10/18/2019 15:44,datasets/dataset_cropped/10_Metas/18/15/20191018154400_00160.jpg,datasets_flow/dataset_cropped/10_Metas/18/15/20191018154400_00160.jpg,datasets_cloudmask/dataset_cropped/10_Metas/18/15/20191018154400_00160.png,475.5,612.5,177.7,25.9,959
10/18/2019 15:45,datasets/dataset_cropped/10_Metas/18/15/20191018154500_00160.jpg,datasets_flow/dataset_cropped/10_Metas/18/15/20191018154500_00160.jpg,datasets_cloudmask/dataset_cropped/10_Metas/18/15/20191018154500_00160.png,492.7,658.4,174.2,25.8,959
10/18/2019 15:46,datasets/dataset_cropped/10_Metas/18/15/20191018154600_00160.jpg,datasets_flow/dataset_cropped/10_Metas/18/15/20191018154600_00160.jpg,datasets_cloudmask/dataset_cropped/10_Metas/18/15/20191018154600_00160.png,504.2,688.1,173.4,25.8,959
10/18/2019 15:47,datasets/dataset_cropped/10_Metas/18/15/20191018154700_00160.jpg,datasets_flow/dataset_cropped/10_Metas/18/15/20191018154700_00160.jpg,datasets_cloudmask/dataset_cropped/10_Metas/18/15/20191018154700_00160.png,501.8,689,172.4,25.8,959
10/18/2019 15:48,datasets/dataset_cropped/10_Metas/18/15/20191018154800_00160.jpg,datasets_flow/dataset_cropped/10_Metas/18/15/20191018154800_00160.jpg,datasets_cloudmask/dataset_cropped/10_Metas/18/15/20191018154800_00160.png,485.7,663.1,170,25.9,959
10/18/2019 15:49,datasets/dataset_cropped/10_Metas/18/15/20191018154900_00160.jpg,datasets_flow/dataset_cropped/10_Metas/18/15/20191018154900_00160.jpg,datasets_cloudmask/dataset_cropped/10_Metas/18/15/20191018154900_00160.png,485.7,672,167.6,25.8,959
10/18/2019 15:50,datasets/dataset_cropped/10_Metas/18/15/20191018155000_00160.jpg,datasets_flow/dataset_cropped/10_Metas/18/15/20191018155000_00160.jpg,datasets_cloudmask/dataset_cropped/10_Metas/18/15/20191018155000_00160.png,450.2,607.6,164.1,25.9,960
10/18/2019 15:51,datasets/dataset_cropped/10_Metas/18/15/20191018155100_00160.jpg,datasets_flow/dataset_cropped/10_Metas/18/15/20191018155100_00160.jpg,datasets_cloudmask/dataset_cropped/10_Metas/18/15/20191018155100_00160.png,473.9,666.9,161.4,26.1,960
10/18/2019 15:52,datasets/dataset_cropped/10_Metas/18/15/20191018155200_00160.jpg,datasets_flow/dataset_cropped/10_Metas/18/15/20191018155200_00160.jpg,datasets_cloudmask/dataset_cropped/10_Metas/18/15/20191018155200_00160.png,483,694.7,158.9,26.1,959
10/18/2019 15:53,datasets/dataset_cropped/10_Metas/18/15/20191018155300_00160.jpg,datasets_flow/dataset_cropped/10_Metas/18/15/20191018155300_00160.jpg,datasets_cloudmask/dataset_cropped/10_Metas/18/15/20191018155300_00160.png,482.1,701.6,156.5,25.9,959
10/18/2019 15:54,datasets/dataset_cropped/10_Metas/18/15/20191018155400_00160.jpg,datasets_flow/dataset_cropped/10_Metas/18/15/20191018155400_00160.jpg,datasets_cloudmask/dataset_cropped/10_Metas/18/15/20191018155400_00160.png,459.9,663.2,153.7,25.7,960
10/18/2019 15:55,datasets/dataset_cropped/10_Metas/18/15/20191018155500_00160.jpg,datasets_flow/dataset_cropped/10_Metas/18/15/20191018155500_00160.jpg,datasets_cloudmask/dataset_cropped/10_Metas/18/15/20191018155500_00160.png,449.1,646.4,152.4,25.6,959
10/18/2019 15:56,datasets/dataset_cropped/10_Metas/18/15/20191018155600_00160.jpg,datasets_flow/dataset_cropped/10_Metas/18/15/20191018155600_00160.jpg,datasets_cloudmask/dataset_cropped/10_Metas/18/15/20191018155600_00160.png,439.3,630.2,151.6,25.6,959
10/18/2019 15:57,datasets/dataset_cropped/10_Metas/18/15/20191018155700_00160.jpg,datasets_flow/dataset_cropped/10_Metas/18/15/20191018155700_00160.jpg,datasets_cloudmask/dataset_cropped/10_Metas/18/15/20191018155700_00160.png,423.4,600.1,150.7,25.6,960
10/18/2019 15:58,datasets/dataset_cropped/10_Metas/18/15/20191018155800_00160.jpg,datasets_flow/dataset_cropped/10_Metas/18/15/20191018155800_00160.jpg,datasets_cloudmask/dataset_cropped/10_Metas/18/15/20191018155800_00160.png,414,584.1,150,25.8,959
10/18/2019 15:59,datasets/dataset_cropped/10_Metas/18/15/20191018155900_00160.jpg,datasets_flow/dataset_cropped/10_Metas/18/15/20191018155900_00160.jpg,datasets_cloudmask/dataset_cropped/10_Metas/18/15/20191018155900_00160.png,435.3,636,149.5,25.8,960
10/18/2019 16:00,datasets/dataset_cropped/10_Metas/18/16/20191018160000_00160.jpg,datasets_flow/dataset_cropped/10_Metas/18/16/20191018160000_00160.jpg,datasets_cloudmask/dataset_cropped/10_Metas/18/16/20191018160000_00160.png,436.4,643.3,149.1,25.6,959
10/18/2019 16:01,datasets/dataset_cropped/10_Metas/18/16/20191018160100_00160.jpg,datasets_flow/dataset_cropped/10_Metas/18/16/20191018160100_00160.jpg,datasets_cloudmask/dataset_cropped/10_Metas/18/16/20191018160100_00160.png,430,637,147.2,25.4,960
10/18/2019 16:02,datasets/dataset_cropped/10_Metas/18/16/20191018160200_00160.jpg,datasets_flow/dataset_cropped/10_Metas/18/16/20191018160200_00160.jpg,datasets_cloudmask/dataset_cropped/10_Metas/18/16/20191018160200_00160.png,407.9,590.7,146.6,25.4,960
10/18/2019 16:03,datasets/dataset_cropped/10_Metas/18/16/20191018160300_00160.jpg,datasets_flow/dataset_cropped/10_Metas/18/16/20191018160300_00160.jpg,datasets_cloudmask/dataset_cropped/10_Metas/18/16/20191018160300_00160.png,425.7,634.7,146.7,25.4,959
10/18/2019 16:04,datasets/dataset_cropped/10_Metas/18/16/20191018160400_00160.jpg,datasets_flow/dataset_cropped/10_Metas/18/16/20191018160400_00160.jpg,datasets_cloudmask/dataset_cropped/10_Metas/18/16/20191018160400_00160.png,417.2,620.5,145.8,25.5,959
10/18/2019 16:05,datasets/dataset_cropped/10_Metas/18/16/20191018160500_00160.jpg,datasets_flow/dataset_cropped/10_Metas/18/16/20191018160500_00160.jpg,datasets_cloudmask/dataset_cropped/10_Metas/18/16/20191018160500_00160.png,413.7,617.9,145.3,25.4,959
10/18/2019 16:06,datasets/dataset_cropped/10_Metas/18/16/20191018160600_00160.jpg,datasets_flow/dataset_cropped/10_Metas/18/16/20191018160600_00160.jpg,datasets_cloudmask/dataset_cropped/10_Metas/18/16/20191018160600_00160.png,398.2,589.2,143.9,25.5,959
10/18/2019 16:07,datasets/dataset_cropped/10_Metas/18/16/20191018160700_00160.jpg,datasets_flow/dataset_cropped/10_Metas/18/16/20191018160700_00160.jpg,datasets_cloudmask/dataset_cropped/10_Metas/18/16/20191018160700_00160.png,373.3,536.2,143,25.5,959
10/18/2019 16:08,datasets/dataset_cropped/10_Metas/18/16/20191018160800_00160.jpg,datasets_flow/dataset_cropped/10_Metas/18/16/20191018160800_00160.jpg,datasets_cloudmask/dataset_cropped/10_Metas/18/16/20191018160800_00160.png,361.7,508.9,144.1,25.4,959
10/18/2019 16:09,datasets/dataset_cropped/10_Metas/18/16/20191018160900_00160.jpg,datasets_flow/dataset_cropped/10_Metas/18/16/20191018160900_00160.jpg,datasets_cloudmask/dataset_cropped/10_Metas/18/16/20191018160900_00160.png,370.1,528.1,145.9,25.2,960
10/18/2019 16:10,datasets/dataset_cropped/10_Metas/18/16/20191018161000_00160.jpg,datasets_flow/dataset_cropped/10_Metas/18/16/20191018161000_00160.jpg,datasets_cloudmask/dataset_cropped/10_Metas/18/16/20191018161000_00160.png,370.6,529.8,147.1,25.4,959
10/18/2019 16:11,datasets/dataset_cropped/10_Metas/18/16/20191018161100_00160.jpg,datasets_flow/dataset_cropped/10_Metas/18/16/20191018161100_00160.jpg,datasets_cloudmask/dataset_cropped/10_Metas/18/16/20191018161100_00160.png,372.3,533.4,148.6,25.4,959
10/18/2019 16:12,datasets/dataset_cropped/10_Metas/18/16/20191018161200_00160.jpg,datasets_flow/dataset_cropped/10_Metas/18/16/20191018161200_00160.jpg,datasets_cloudmask/dataset_cropped/10_Metas/18/16/20191018161200_00160.png,347.6,474.8,149.5,25.5,959
10/18/2019 16:13,datasets/dataset_cropped/10_Metas/18/16/20191018161300_00160.jpg,datasets_flow/dataset_cropped/10_Metas/18/16/20191018161300_00160.jpg,datasets_cloudmask/dataset_cropped/10_Metas/18/16/20191018161300_00160.png,368,522.9,150.9,25.6,959
10/18/2019 16:14,datasets/dataset_cropped/10_Metas/18/16/20191018161400_00160.jpg,datasets_flow/dataset_cropped/10_Metas/18/16/20191018161400_00160.jpg,datasets_cloudmask/dataset_cropped/10_Metas/18/16/20191018161400_00160.png,362.6,509.4,152.3,25.3,959
10/18/2019 16:15,datasets/dataset_cropped/10_Metas/18/16/20191018161500_00160.jpg,datasets_flow/dataset_cropped/10_Metas/18/16/20191018161500_00160.jpg,datasets_cloudmask/dataset_cropped/10_Metas/18/16/20191018161500_00160.png,355.3,491.4,153.9,25.2,959
10/18/2019 16:16,datasets/dataset_cropped/10_Metas/18/16/20191018161600_00160.jpg,datasets_flow/dataset_cropped/10_Metas/18/16/20191018161600_00160.jpg,datasets_cloudmask/dataset_cropped/10_Metas/18/16/20191018161600_00160.png,373.3,536.6,155.3,25.2,959
10/18/2019 16:17,datasets/dataset_cropped/10_Metas/18/16/20191018161700_00160.jpg,datasets_flow/dataset_cropped/10_Metas/18/16/20191018161700_00160.jpg,datasets_cloudmask/dataset_cropped/10_Metas/18/16/20191018161700_00160.png,353.4,489.8,155.7,25.2,959
10/18/2019 16:18,datasets/dataset_cropped/10_Metas/18/16/20191018161800_00160.jpg,datasets_flow/dataset_cropped/10_Metas/18/16/20191018161800_00160.jpg,datasets_cloudmask/dataset_cropped/10_Metas/18/16/20191018161800_00160.png,360.2,509.1,156.6,25,959
10/18/2019 16:19,datasets/dataset_cropped/10_Metas/18/16/20191018161900_00160.jpg,datasets_flow/dataset_cropped/10_Metas/18/16/20191018161900_00160.jpg,datasets_cloudmask/dataset_cropped/10_Metas/18/16/20191018161900_00160.png,363.1,521.7,156,25,959
10/18/2019 16:20,datasets/dataset_cropped/10_Metas/18/16/20191018162000_00160.jpg,datasets_flow/dataset_cropped/10_Metas/18/16/20191018162000_00160.jpg,datasets_cloudmask/dataset_cropped/10_Metas/18/16/20191018162000_00160.png,310.5,395.4,154.4,24.9,959
10/18/2019 16:21,datasets/dataset_cropped/10_Metas/18/16/20191018162100_00160.jpg,datasets_flow/dataset_cropped/10_Metas/18/16/20191018162100_00160.jpg,datasets_cloudmask/dataset_cropped/10_Metas/18/16/20191018162100_00160.png,246.1,237.5,152.6,25,959
10/18/2019 16:22,datasets/dataset_cropped/10_Metas/18/16/20191018162200_00160.jpg,datasets_flow/dataset_cropped/10_Metas/18/16/20191018162200_00160.jpg,datasets_cloudmask/dataset_cropped/10_Metas/18/16/20191018162200_00160.png,215.4,165.7,150.2,25.2,959
10/18/2019 16:23,datasets/dataset_cropped/10_Metas/18/16/20191018162300_00160.jpg,datasets_flow/dataset_cropped/10_Metas/18/16/20191018162300_00160.jpg,datasets_cloudmask/dataset_cropped/10_Metas/18/16/20191018162300_00160.png,258.3,278.8,149.8,25.3,959
10/18/2019 16:24,datasets/dataset_cropped/10_Metas/18/16/20191018162400_00160.jpg,datasets_flow/dataset_cropped/10_Metas/18/16/20191018162400_00160.jpg,datasets_cloudmask/dataset_cropped/10_Metas/18/16/20191018162400_00160.png,312.5,423.2,149.7,25.4,959
10/18/2019 16:25,datasets/dataset_cropped/10_Metas/18/16/20191018162500_00160.jpg,datasets_flow/dataset_cropped/10_Metas/18/16/20191018162500_00160.jpg,datasets_cloudmask/dataset_cropped/10_Metas/18/16/20191018162500_00160.png,302.7,404.4,147.9,25.1,959
10/18/2019 16:26,datasets/dataset_cropped/10_Metas/18/16/20191018162600_00160.jpg,datasets_flow/dataset_cropped/10_Metas/18/16/20191018162600_00160.jpg,datasets_cloudmask/dataset_cropped/10_Metas/18/16/20191018162600_00160.png,279.6,352.8,145.3,25.1,960
10/18/2019 16:27,datasets/dataset_cropped/10_Metas/18/16/20191018162700_00160.jpg,datasets_flow/dataset_cropped/10_Metas/18/16/20191018162700_00160.jpg,datasets_cloudmask/dataset_cropped/10_Metas/18/16/20191018162700_00160.png,198,149.1,141.2,25,959
10/18/2019 16:28,datasets/dataset_cropped/10_Metas/18/16/20191018162800_00160.jpg,datasets_flow/dataset_cropped/10_Metas/18/16/20191018162800_00160.jpg,datasets_cloudmask/dataset_cropped/10_Metas/18/16/20191018162800_00160.png,158.1,50.6,138.5,24.9,959
10/18/2019 16:29,datasets/dataset_cropped/10_Metas/18/16/20191018162900_00160.jpg,datasets_flow/dataset_cropped/10_Metas/18/16/20191018162900_00160.jpg,datasets_cloudmask/dataset_cropped/10_Metas/18/16/20191018162900_00160.png,149.7,33.4,136.7,24.5,960
10/18/2019 16:30,datasets/dataset_cropped/10_Metas/18/16/20191018163000_00160.jpg,datasets_flow/dataset_cropped/10_Metas/18/16/20191018163000_00160.jpg,datasets_cloudmask/dataset_cropped/10_Metas/18/16/20191018163000_00160.png,142.5,17,135.7,24.3,959
10/18/2019 16:31,datasets/dataset_cropped/10_Metas/18/16/20191018163100_00160.jpg,datasets_flow/dataset_cropped/10_Metas/18/16/20191018163100_00160.jpg,datasets_cloudmask/dataset_cropped/10_Metas/18/16/20191018163100_00160.png,151.3,43,134.9,24.1,959
10/18/2019 16:32,datasets/dataset_cropped/10_Metas/18/16/20191018163200_00160.jpg,datasets_flow/dataset_cropped/10_Metas/18/16/20191018163200_00160.jpg,datasets_cloudmask/dataset_cropped/10_Metas/18/16/20191018163200_00160.png,220.5,233.6,135.1,24.1,959
10/18/2019 16:33,datasets/dataset_cropped/10_Metas/18/16/20191018163300_00160.jpg,datasets_flow/dataset_cropped/10_Metas/18/16/20191018163300_00160.jpg,datasets_cloudmask/dataset_cropped/10_Metas/18/16/20191018163300_00160.png,207.4,196.8,135.9,24,959
10/18/2019 16:34,datasets/dataset_cropped/10_Metas/18/16/20191018163400_00160.jpg,datasets_flow/dataset_cropped/10_Metas/18/16/20191018163400_00160.jpg,datasets_cloudmask/dataset_cropped/10_Metas/18/16/20191018163400_00160.png,150.5,44.4,133.7,24,959
10/18/2019 16:35,datasets/dataset_cropped/10_Metas/18/16/20191018163500_00160.jpg,datasets_flow/dataset_cropped/10_Metas/18/16/20191018163500_00160.jpg,datasets_cloudmask/dataset_cropped/10_Metas/18/16/20191018163500_00160.png,143,30.6,131.3,24.1,959
10/18/2019 16:36,datasets/dataset_cropped/10_Metas/18/16/20191018163600_00160.jpg,datasets_flow/dataset_cropped/10_Metas/18/16/20191018163600_00160.jpg,datasets_cloudmask/dataset_cropped/10_Metas/18/16/20191018163600_00160.png,137.1,23.1,128.4,24.1,959
10/18/2019 16:37,datasets/dataset_cropped/10_Metas/18/16/20191018163700_00160.jpg,datasets_flow/dataset_cropped/10_Metas/18/16/20191018163700_00160.jpg,datasets_cloudmask/dataset_cropped/10_Metas/18/16/20191018163700_00160.png,131.2,14.5,125.9,24.1,959
10/18/2019 16:38,datasets/dataset_cropped/10_Metas/18/16/20191018163800_00160.jpg,datasets_flow/dataset_cropped/10_Metas/18/16/20191018163800_00160.jpg,datasets_cloudmask/dataset_cropped/10_Metas/18/16/20191018163800_00160.png,129.2,17.6,122.9,24,959
10/18/2019 16:39,datasets/dataset_cropped/10_Metas/18/16/20191018163900_00160.jpg,datasets_flow/dataset_cropped/10_Metas/18/16/20191018163900_00160.jpg,datasets_cloudmask/dataset_cropped/10_Metas/18/16/20191018163900_00160.png,145.5,73.3,120,23.9,959
10/18/2019 16:40,datasets/dataset_cropped/10_Metas/18/16/20191018164000_00160.jpg,datasets_flow/dataset_cropped/10_Metas/18/16/20191018164000_00160.jpg,datasets_cloudmask/dataset_cropped/10_Metas/18/16/20191018164000_00160.png,153.9,104.6,117.8,23.8,959
10/18/2019 16:41,datasets/dataset_cropped/10_Metas/18/16/20191018164100_00160.jpg,datasets_flow/dataset_cropped/10_Metas/18/16/20191018164100_00160.jpg,datasets_cloudmask/dataset_cropped/10_Metas/18/16/20191018164100_00160.png,129.8,40.7,115.5,23.8,959
10/18/2019 16:42,datasets/dataset_cropped/10_Metas/18/16/20191018164200_00160.jpg,datasets_flow/dataset_cropped/10_Metas/18/16/20191018164200_00160.jpg,datasets_cloudmask/dataset_cropped/10_Metas/18/16/20191018164200_00160.png,133.7,57.5,113.7,23.9,959
10/18/2019 16:43,datasets/dataset_cropped/10_Metas/18/16/20191018164300_00160.jpg,datasets_flow/dataset_cropped/10_Metas/18/16/20191018164300_00160.jpg,datasets_cloudmask/dataset_cropped/10_Metas/18/16/20191018164300_00160.png,128.3,46.5,112,23.9,959
10/18/2019 16:44,datasets/dataset_cropped/10_Metas/18/16/20191018164400_00160.jpg,datasets_flow/dataset_cropped/10_Metas/18/16/20191018164400_00160.jpg,datasets_cloudmask/dataset_cropped/10_Metas/18/16/20191018164400_00160.png,121.6,30.4,110.8,23.9,959
10/18/2019 16:45,datasets/dataset_cropped/10_Metas/18/16/20191018164500_00160.jpg,datasets_flow/dataset_cropped/10_Metas/18/16/20191018164500_00160.jpg,datasets_cloudmask/dataset_cropped/10_Metas/18/16/20191018164500_00160.png,116.9,20.4,109.6,23.9,959
10/18/2019 16:46,datasets/dataset_cropped/10_Metas/18/16/20191018164600_00160.jpg,datasets_flow/dataset_cropped/10_Metas/18/16/20191018164600_00160.jpg,datasets_cloudmask/dataset_cropped/10_Metas/18/16/20191018164600_00160.png,112.2,10.4,108.3,23.8,959
10/18/2019 16:47,datasets/dataset_cropped/10_Metas/18/16/20191018164700_00160.jpg,datasets_flow/dataset_cropped/10_Metas/18/16/20191018164700_00160.jpg,datasets_cloudmask/dataset_cropped/10_Metas/18/16/20191018164700_00160.png,109.5,5.6,107.3,23.7,959
10/18/2019 16:48,datasets/dataset_cropped/10_Metas/18/16/20191018164800_00160.jpg,datasets_flow/dataset_cropped/10_Metas/18/16/20191018164800_00160.jpg,datasets_cloudmask/dataset_cropped/10_Metas/18/16/20191018164800_00160.png,108.1,3.6,106.7,23.7,959
10/18/2019 16:49,datasets/dataset_cropped/10_Metas/18/16/20191018164900_00160.jpg,datasets_flow/dataset_cropped/10_Metas/18/16/20191018164900_00160.jpg,datasets_cloudmask/dataset_cropped/10_Metas/18/16/20191018164900_00160.png,107.1,2.1,106.3,23.7,959
10/18/2019 16:50,datasets/dataset_cropped/10_Metas/18/16/20191018165000_00160.jpg,datasets_flow/dataset_cropped/10_Metas/18/16/20191018165000_00160.jpg,datasets_cloudmask/dataset_cropped/10_Metas/18/16/20191018165000_00160.png,106.1,1.6,105.5,23.6,959
10/18/2019 16:51,datasets/dataset_cropped/10_Metas/18/16/20191018165100_00160.jpg,datasets_flow/dataset_cropped/10_Metas/18/16/20191018165100_00160.jpg,datasets_cloudmask/dataset_cropped/10_Metas/18/16/20191018165100_00160.png,104.8,0.7,104.4,23.6,959
10/18/2019 16:52,datasets/dataset_cropped/10_Metas/18/16/20191018165200_00160.jpg,datasets_flow/dataset_cropped/10_Metas/18/16/20191018165200_00160.jpg,datasets_cloudmask/dataset_cropped/10_Metas/18/16/20191018165200_00160.png,103.6,0.7,103.3,23.5,959
10/18/2019 16:53,datasets/dataset_cropped/10_Metas/18/16/20191018165300_00160.jpg,datasets_flow/dataset_cropped/10_Metas/18/16/20191018165300_00160.jpg,datasets_cloudmask/dataset_cropped/10_Metas/18/16/20191018165300_00160.png,102.9,1.5,102.4,23.5,959
10/18/2019 16:54,datasets/dataset_cropped/10_Metas/18/16/20191018165400_00160.jpg,datasets_flow/dataset_cropped/10_Metas/18/16/20191018165400_00160.jpg,datasets_cloudmask/dataset_cropped/10_Metas/18/16/20191018165400_00160.png,102.4,2.3,101.7,23.5,959
10/18/2019 16:55,datasets/dataset_cropped/10_Metas/18/16/20191018165500_00160.jpg,datasets_flow/dataset_cropped/10_Metas/18/16/20191018165500_00160.jpg,datasets_cloudmask/dataset_cropped/10_Metas/18/16/20191018165500_00160.png,102.3,3.4,101.2,23.5,959
10/18/2019 16:56,datasets/dataset_cropped/10_Metas/18/16/20191018165600_00160.jpg,datasets_flow/dataset_cropped/10_Metas/18/16/20191018165600_00160.jpg,datasets_cloudmask/dataset_cropped/10_Metas/18/16/20191018165600_00160.png,103,7.1,100.8,23.4,959
10/18/2019 16:57,datasets/dataset_cropped/10_Metas/18/16/20191018165700_00160.jpg,datasets_flow/dataset_cropped/10_Metas/18/16/20191018165700_00160.jpg,datasets_cloudmask/dataset_cropped/10_Metas/18/16/20191018165700_00160.png,105.3,16.4,100.4,23.4,959
10/18/2019 16:58,datasets/dataset_cropped/10_Metas/18/16/20191018165800_00160.jpg,datasets_flow/dataset_cropped/10_Metas/18/16/20191018165800_00160.jpg,datasets_cloudmask/dataset_cropped/10_Metas/18/16/20191018165800_00160.png,105,16.2,100.1,23.4,959
10/18/2019 16:59,datasets/dataset_cropped/10_Metas/18/16/20191018165900_00160.jpg,datasets_flow/dataset_cropped/10_Metas/18/16/20191018165900_00160.jpg,datasets_cloudmask/dataset_cropped/10_Metas/18/16/20191018165900_00160.png,101.7,5.9,99.9,23.4,959
10/18/2019 17:00,datasets/dataset_cropped/10_Metas/18/17/20191018170000_00160.jpg,datasets_flow/dataset_cropped/10_Metas/18/17/20191018170000_00160.jpg,datasets_cloudmask/dataset_cropped/10_Metas/18/17/20191018170000_00160.png,100.5,2.8,99.7,23.4,959
10/18/2019 17:01,datasets/dataset_cropped/10_Metas/18/17/20191018170100_00160.jpg,datasets_flow/dataset_cropped/10_Metas/18/17/20191018170100_00160.jpg,datasets_cloudmask/dataset_cropped/10_Metas/18/17/20191018170100_00160.png,99.7,1.8,99.3,23.3,959
10/18/2019 17:02,datasets/dataset_cropped/10_Metas/18/17/20191018170200_00160.jpg,datasets_flow/dataset_cropped/10_Metas/18/17/20191018170200_00160.jpg,datasets_cloudmask/dataset_cropped/10_Metas/18/17/20191018170200_00160.png,98.4,0.1,98.5,23.4,959
10/18/2019 17:03,datasets/dataset_cropped/10_Metas/18/17/20191018170300_00160.jpg,datasets_flow/dataset_cropped/10_Metas/18/17/20191018170300_00160.jpg,datasets_cloudmask/dataset_cropped/10_Metas/18/17/20191018170300_00160.png,97.3,0,97.5,23.3,959
10/18/2019 17:04,datasets/dataset_cropped/10_Metas/18/17/20191018170400_00160.jpg,datasets_flow/dataset_cropped/10_Metas/18/17/20191018170400_00160.jpg,datasets_cloudmask/dataset_cropped/10_Metas/18/17/20191018170400_00160.png,96.3,0,96.5,23.3,959
10/18/2019 17:05,datasets/dataset_cropped/10_Metas/18/17/20191018170500_00160.jpg,datasets_flow/dataset_cropped/10_Metas/18/17/20191018170500_00160.jpg,datasets_cloudmask/dataset_cropped/10_Metas/18/17/20191018170500_00160.png,95.4,0,95.6,23.3,959
10/18/2019 17:06,datasets/dataset_cropped/10_Metas/18/17/20191018170600_00160.jpg,datasets_flow/dataset_cropped/10_Metas/18/17/20191018170600_00160.jpg,datasets_cloudmask/dataset_cropped/10_Metas/18/17/20191018170600_00160.png,94.6,0,94.8,23.3,959
10/18/2019 17:07,datasets/dataset_cropped/10_Metas/18/17/20191018170700_00160.jpg,datasets_flow/dataset_cropped/10_Metas/18/17/20191018170700_00160.jpg,datasets_cloudmask/dataset_cropped/10_Metas/18/17/20191018170700_00160.png,94.1,0,94.3,23.3,959
10/18/2019 17:08,datasets/dataset_cropped/10_Metas/18/17/20191018170800_00160.jpg,datasets_flow/dataset_cropped/10_Metas/18/17/20191018170800_00160.jpg,datasets_cloudmask/dataset_cropped/10_Metas/18/17/20191018170800_00160.png,93.8,0,94,23.4,959
10/18/2019 17:09,datasets/dataset_cropped/10_Metas/18/17/20191018170900_00160.jpg,datasets_flow/dataset_cropped/10_Metas/18/17/20191018170900_00160.jpg,datasets_cloudmask/dataset_cropped/10_Metas/18/17/20191018170900_00160.png,93.7,0,93.9,23.3,959
10/18/2019 17:10,datasets/dataset_cropped/10_Metas/18/17/20191018171000_00160.jpg,datasets_flow/dataset_cropped/10_Metas/18/17/20191018171000_00160.jpg,datasets_cloudmask/dataset_cropped/10_Metas/18/17/20191018171000_00160.png,93.6,0,93.9,23.3,959
10/18/2019 17:11,datasets/dataset_cropped/10_Metas/18/17/20191018171100_00160.jpg,datasets_flow/dataset_cropped/10_Metas/18/17/20191018171100_00160.jpg,datasets_cloudmask/dataset_cropped/10_Metas/18/17/20191018171100_00160.png,93.7,0,94,23.2,959
10/18/2019 17:12,datasets/dataset_cropped/10_Metas/18/17/20191018171200_00160.jpg,datasets_flow/dataset_cropped/10_Metas/18/17/20191018171200_00160.jpg,datasets_cloudmask/dataset_cropped/10_Metas/18/17/20191018171200_00160.png,93.8,0,94,23.2,959
10/18/2019 17:13,datasets/dataset_cropped/10_Metas/18/17/20191018171300_00160.jpg,datasets_flow/dataset_cropped/10_Metas/18/17/20191018171300_00160.jpg,datasets_cloudmask/dataset_cropped/10_Metas/18/17/20191018171300_00160.png,93.8,0,93.9,23.2,959
10/18/2019 17:14,datasets/dataset_cropped/10_Metas/18/17/20191018171400_00160.jpg,datasets_flow/dataset_cropped/10_Metas/18/17/20191018171400_00160.jpg,datasets_cloudmask/dataset_cropped/10_Metas/18/17/20191018171400_00160.png,93.6,0,93.7,23.2,959
10/18/2019 17:15,datasets/dataset_cropped/10_Metas/18/17/20191018171500_00160.jpg,datasets_flow/dataset_cropped/10_Metas/18/17/20191018171500_00160.jpg,datasets_cloudmask/dataset_cropped/10_Metas/18/17/20191018171500_00160.png,93.3,0,93.5,23.2,959
10/18/2019 17:16,datasets/dataset_cropped/10_Metas/18/17/20191018171600_00160.jpg,datasets_flow/dataset_cropped/10_Metas/18/17/20191018171600_00160.jpg,datasets_cloudmask/dataset_cropped/10_Metas/18/17/20191018171600_00160.png,92.8,0,93,23.2,959
10/18/2019 17:17,datasets/dataset_cropped/10_Metas/18/17/20191018171700_00160.jpg,datasets_flow/dataset_cropped/10_Metas/18/17/20191018171700_00160.jpg,datasets_cloudmask/dataset_cropped/10_Metas/18/17/20191018171700_00160.png,92,0,92.2,23.2,959
10/18/2019 17:18,datasets/dataset_cropped/10_Metas/18/17/20191018171800_00160.jpg,datasets_flow/dataset_cropped/10_Metas/18/17/20191018171800_00160.jpg,datasets_cloudmask/dataset_cropped/10_Metas/18/17/20191018171800_00160.png,90.9,0,91,23.1,959
10/18/2019 17:19,datasets/dataset_cropped/10_Metas/18/17/20191018171900_00160.jpg,datasets_flow/dataset_cropped/10_Metas/18/17/20191018171900_00160.jpg,datasets_cloudmask/dataset_cropped/10_Metas/18/17/20191018171900_00160.png,89.5,0.1,89.6,23.1,959
10/18/2019 17:20,datasets/dataset_cropped/10_Metas/18/17/20191018172000_00160.jpg,datasets_flow/dataset_cropped/10_Metas/18/17/20191018172000_00160.jpg,datasets_cloudmask/dataset_cropped/10_Metas/18/17/20191018172000_00160.png,88,0.5,88,23.1,959
10/18/2019 17:21,datasets/dataset_cropped/10_Metas/18/17/20191018172100_00160.jpg,datasets_flow/dataset_cropped/10_Metas/18/17/20191018172100_00160.jpg,datasets_cloudmask/dataset_cropped/10_Metas/18/17/20191018172100_00160.png,86.5,2.2,86.2,23.1,959
10/18/2019 17:22,datasets/dataset_cropped/10_Metas/18/17/20191018172200_00160.jpg,datasets_flow/dataset_cropped/10_Metas/18/17/20191018172200_00160.jpg,datasets_cloudmask/dataset_cropped/10_Metas/18/17/20191018172200_00160.png,85.5,6.3,84.3,23.1,959
10/18/2019 17:23,datasets/dataset_cropped/10_Metas/18/17/20191018172300_00160.jpg,datasets_flow/dataset_cropped/10_Metas/18/17/20191018172300_00160.jpg,datasets_cloudmask/dataset_cropped/10_Metas/18/17/20191018172300_00160.png,84.6,11.6,82.3,23.1,959
10/18/2019 17:24,datasets/dataset_cropped/10_Metas/18/17/20191018172400_00160.jpg,datasets_flow/dataset_cropped/10_Metas/18/17/20191018172400_00160.jpg,datasets_cloudmask/dataset_cropped/10_Metas/18/17/20191018172400_00160.png,81.4,6.4,80.2,23.1,959
10/18/2019 17:25,datasets/dataset_cropped/10_Metas/18/17/20191018172500_00160.jpg,datasets_flow/dataset_cropped/10_Metas/18/17/20191018172500_00160.jpg,datasets_cloudmask/dataset_cropped/10_Metas/18/17/20191018172500_00160.png,78,0.3,78.1,23,959
10/18/2019 17:26,datasets/dataset_cropped/10_Metas/18/17/20191018172600_00160.jpg,datasets_flow/dataset_cropped/10_Metas/18/17/20191018172600_00160.jpg,datasets_cloudmask/dataset_cropped/10_Metas/18/17/20191018172600_00160.png,75.8,0,76,23,959
10/18/2019 17:27,datasets/dataset_cropped/10_Metas/18/17/20191018172700_00160.jpg,datasets_flow/dataset_cropped/10_Metas/18/17/20191018172700_00160.jpg,datasets_cloudmask/dataset_cropped/10_Metas/18/17/20191018172700_00160.png,73.8,0,73.9,23,959
10/18/2019 17:28,datasets/dataset_cropped/10_Metas/18/17/20191018172800_00160.jpg,datasets_flow/dataset_cropped/10_Metas/18/17/20191018172800_00160.jpg,datasets_cloudmask/dataset_cropped/10_Metas/18/17/20191018172800_00160.png,71.8,0,71.9,23,959
10/18/2019 17:29,datasets/dataset_cropped/10_Metas/18/17/20191018172900_00160.jpg,datasets_flow/dataset_cropped/10_Metas/18/17/20191018172900_00160.jpg,datasets_cloudmask/dataset_cropped/10_Metas/18/17/20191018172900_00160.png,69.9,0,69.9,22.9,959
10/18/2019 17:30,datasets/dataset_cropped/10_Metas/18/17/20191018173000_00160.jpg,datasets_flow/dataset_cropped/10_Metas/18/17/20191018173000_00160.jpg,datasets_cloudmask/dataset_cropped/10_Metas/18/17/20191018173000_00160.png,67.9,0,68,22.9,959
10/18/2019 17:31,datasets/dataset_cropped/10_Metas/18/17/20191018173100_00160.jpg,datasets_flow/dataset_cropped/10_Metas/18/17/20191018173100_00160.jpg,datasets_cloudmask/dataset_cropped/10_Metas/18/17/20191018173100_00160.png,66,0,66,22.9,959
10/18/2019 17:32,datasets/dataset_cropped/10_Metas/18/17/20191018173200_00160.jpg,datasets_flow/dataset_cropped/10_Metas/18/17/20191018173200_00160.jpg,datasets_cloudmask/dataset_cropped/10_Metas/18/17/20191018173200_00160.png,63.9,0.5,63.9,22.9,959
10/18/2019 17:33,datasets/dataset_cropped/10_Metas/18/17/20191018173300_00160.jpg,datasets_flow/dataset_cropped/10_Metas/18/17/20191018173300_00160.jpg,datasets_cloudmask/dataset_cropped/10_Metas/18/17/20191018173300_00160.png,62,2,61.7,22.9,959
10/18/2019 17:34,datasets/dataset_cropped/10_Metas/18/17/20191018173400_00160.jpg,datasets_flow/dataset_cropped/10_Metas/18/17/20191018173400_00160.jpg,datasets_cloudmask/dataset_cropped/10_Metas/18/17/20191018173400_00160.png,60.5,6.7,59.4,22.9,959
10/18/2019 17:35,datasets/dataset_cropped/10_Metas/18/17/20191018173500_00160.jpg,datasets_flow/dataset_cropped/10_Metas/18/17/20191018173500_00160.jpg,datasets_cloudmask/dataset_cropped/10_Metas/18/17/20191018173500_00160.png,60.8,22.7,57,23,959
10/18/2019 17:36,datasets/dataset_cropped/10_Metas/18/17/20191018173600_00160.jpg,datasets_flow/dataset_cropped/10_Metas/18/17/20191018173600_00160.jpg,datasets_cloudmask/dataset_cropped/10_Metas/18/17/20191018173600_00160.png,58.4,23.3,54.6,23,959
10/18/2019 17:37,datasets/dataset_cropped/10_Metas/18/17/20191018173700_00160.jpg,datasets_flow/dataset_cropped/10_Metas/18/17/20191018173700_00160.jpg,datasets_cloudmask/dataset_cropped/10_Metas/18/17/20191018173700_00160.png,56.2,24.9,52.2,23,959
10/18/2019 17:38,datasets/dataset_cropped/10_Metas/18/17/20191018173800_00160.jpg,datasets_flow/dataset_cropped/10_Metas/18/17/20191018173800_00160.jpg,datasets_cloudmask/dataset_cropped/10_Metas/18/17/20191018173800_00160.png,53.5,23,49.8,22.9,959
10/18/2019 17:39,datasets/dataset_cropped/10_Metas/18/17/20191018173900_00160.jpg,datasets_flow/dataset_cropped/10_Metas/18/17/20191018173900_00160.jpg,datasets_cloudmask/dataset_cropped/10_Metas/18/17/20191018173900_00160.png,53.2,34.8,47.6,22.9,959
10/18/2019 17:40,datasets/dataset_cropped/10_Metas/18/17/20191018174000_00160.jpg,datasets_flow/dataset_cropped/10_Metas/18/17/20191018174000_00160.jpg,datasets_cloudmask/dataset_cropped/10_Metas/18/17/20191018174000_00160.png,53.6,50.5,45.7,22.8,959
10/18/2019 17:41,datasets/dataset_cropped/10_Metas/18/17/20191018174100_00160.jpg,datasets_flow/dataset_cropped/10_Metas/18/17/20191018174100_00160.jpg,datasets_cloudmask/dataset_cropped/10_Metas/18/17/20191018174100_00160.png,51.1,46.2,43.9,22.8,959
10/18/2019 17:42,datasets/dataset_cropped/10_Metas/18/17/20191018174200_00160.jpg,datasets_flow/dataset_cropped/10_Metas/18/17/20191018174200_00160.jpg,datasets_cloudmask/dataset_cropped/10_Metas/18/17/20191018174200_00160.png,47.6,33.8,42.4,22.8,959
10/18/2019 17:43,datasets/dataset_cropped/10_Metas/18/17/20191018174300_00160.jpg,datasets_flow/dataset_cropped/10_Metas/18/17/20191018174300_00160.jpg,datasets_cloudmask/dataset_cropped/10_Metas/18/17/20191018174300_00160.png,43.8,18.5,40.9,22.8,959
10/18/2019 17:44,datasets/dataset_cropped/10_Metas/18/17/20191018174400_00160.jpg,datasets_flow/dataset_cropped/10_Metas/18/17/20191018174400_00160.jpg,datasets_cloudmask/dataset_cropped/10_Metas/18/17/20191018174400_00160.png,41.7,14.4,39.6,22.7,959
10/18/2019 17:45,datasets/dataset_cropped/10_Metas/18/17/20191018174500_00160.jpg,datasets_flow/dataset_cropped/10_Metas/18/17/20191018174500_00160.jpg,datasets_cloudmask/dataset_cropped/10_Metas/18/17/20191018174500_00160.png,40.8,17.3,38.4,22.7,959
10/18/2019 17:46,datasets/dataset_cropped/10_Metas/18/17/20191018174600_00160.jpg,datasets_flow/dataset_cropped/10_Metas/18/17/20191018174600_00160.jpg,datasets_cloudmask/dataset_cropped/10_Metas/18/17/20191018174600_00160.png,41,26.8,37.4,22.7,959
10/18/2019 17:47,datasets/dataset_cropped/10_Metas/18/17/20191018174700_00160.jpg,datasets_flow/dataset_cropped/10_Metas/18/17/20191018174700_00160.jpg,datasets_cloudmask/dataset_cropped/10_Metas/18/17/20191018174700_00160.png,42.2,42.5,36.6,22.7,959
10/18/2019 17:48,datasets/dataset_cropped/10_Metas/18/17/20191018174800_00160.jpg,datasets_flow/dataset_cropped/10_Metas/18/17/20191018174800_00160.jpg,datasets_cloudmask/dataset_cropped/10_Metas/18/17/20191018174800_00160.png,42.6,52.2,35.8,22.7,959
10/18/2019 17:49,datasets/dataset_cropped/10_Metas/18/17/20191018174900_00160.jpg,datasets_flow/dataset_cropped/10_Metas/18/17/20191018174900_00160.jpg,datasets_cloudmask/dataset_cropped/10_Metas/18/17/20191018174900_00160.png,41.2,48.4,35,22.6,959
10/18/2019 17:50,datasets/dataset_cropped/10_Metas/18/17/20191018175000_00160.jpg,datasets_flow/dataset_cropped/10_Metas/18/17/20191018175000_00160.jpg,datasets_cloudmask/dataset_cropped/10_Metas/18/17/20191018175000_00160.png,39.2,40.3,34.2,22.7,959
10/18/2019 17:51,datasets/dataset_cropped/10_Metas/18/17/20191018175100_00160.jpg,datasets_flow/dataset_cropped/10_Metas/18/17/20191018175100_00160.jpg,datasets_cloudmask/dataset_cropped/10_Metas/18/17/20191018175100_00160.png,37.8,35.4,33.4,22.6,959
10/18/2019 17:52,datasets/dataset_cropped/10_Metas/18/17/20191018175200_00160.jpg,datasets_flow/dataset_cropped/10_Metas/18/17/20191018175200_00160.jpg,datasets_cloudmask/dataset_cropped/10_Metas/18/17/20191018175200_00160.png,36.6,32.3,32.7,22.6,959
10/18/2019 17:53,datasets/dataset_cropped/10_Metas/18/17/20191018175300_00160.jpg,datasets_flow/dataset_cropped/10_Metas/18/17/20191018175300_00160.jpg,datasets_cloudmask/dataset_cropped/10_Metas/18/17/20191018175300_00160.png,35.2,26.8,32,22.6,959
10/18/2019 17:54,datasets/dataset_cropped/10_Metas/18/17/20191018175400_00160.jpg,datasets_flow/dataset_cropped/10_Metas/18/17/20191018175400_00160.jpg,datasets_cloudmask/dataset_cropped/10_Metas/18/17/20191018175400_00160.png,33.6,19.2,31.3,22.6,959
10/18/2019 17:55,datasets/dataset_cropped/10_Metas/18/17/20191018175500_00160.jpg,datasets_flow/dataset_cropped/10_Metas/18/17/20191018175500_00160.jpg,datasets_cloudmask/dataset_cropped/10_Metas/18/17/20191018175500_00160.png,32.5,16.3,30.6,22.6,959
10/18/2019 17:56,datasets/dataset_cropped/10_Metas/18/17/20191018175600_00160.jpg,datasets_flow/dataset_cropped/10_Metas/18/17/20191018175600_00160.jpg,datasets_cloudmask/dataset_cropped/10_Metas/18/17/20191018175600_00160.png,32,18,30,22.6,959
10/18/2019 17:57,datasets/dataset_cropped/10_Metas/18/17/20191018175700_00160.jpg,datasets_flow/dataset_cropped/10_Metas/18/17/20191018175700_00160.jpg,datasets_cloudmask/dataset_cropped/10_Metas/18/17/20191018175700_00160.png,31.3,18.3,29.3,22.5,959
10/18/2019 17:58,datasets/dataset_cropped/10_Metas/18/17/20191018175800_00160.jpg,datasets_flow/dataset_cropped/10_Metas/18/17/20191018175800_00160.jpg,datasets_cloudmask/dataset_cropped/10_Metas/18/17/20191018175800_00160.png,30.1,13.5,28.6,22.5,959
10/18/2019 17:59,datasets/dataset_cropped/10_Metas/18/17/20191018175900_00160.jpg,datasets_flow/dataset_cropped/10_Metas/18/17/20191018175900_00160.jpg,datasets_cloudmask/dataset_cropped/10_Metas/18/17/20191018175900_00160.png,29,10.1,27.9,22.5,959
10/18/2019 18:00,datasets/dataset_cropped/10_Metas/18/18/20191018180000_00160.jpg,datasets_flow/dataset_cropped/10_Metas/18/18/20191018180000_00160.jpg,datasets_cloudmask/dataset_cropped/10_Metas/18/18/20191018180000_00160.png,28.1,7.9,27.2,22.5,959
10/18/2019 18:01,datasets/dataset_cropped/10_Metas/18/18/20191018180100_00160.jpg,datasets_flow/dataset_cropped/10_Metas/18/18/20191018180100_00160.jpg,datasets_cloudmask/dataset_cropped/10_Metas/18/18/20191018180100_00160.png,27.2,6.6,26.5,22.4,959
10/18/2019 18:02,datasets/dataset_cropped/10_Metas/18/18/20191018180200_00160.jpg,datasets_flow/dataset_cropped/10_Metas/18/18/20191018180200_00160.jpg,datasets_cloudmask/dataset_cropped/10_Metas/18/18/20191018180200_00160.png,26.4,6.6,25.8,22.4,959
10/18/2019 18:03,datasets/dataset_cropped/10_Metas/18/18/20191018180300_00160.jpg,datasets_flow/dataset_cropped/10_Metas/18/18/20191018180300_00160.jpg,datasets_cloudmask/dataset_cropped/10_Metas/18/18/20191018180300_00160.png,25.8,8.4,25.1,22.4,959
10/18/2019 18:04,datasets/dataset_cropped/10_Metas/18/18/20191018180400_00160.jpg,datasets_flow/dataset_cropped/10_Metas/18/18/20191018180400_00160.jpg,datasets_cloudmask/dataset_cropped/10_Metas/18/18/20191018180400_00160.png,25.3,11.4,24.4,22.4,959
10/18/2019 18:05,datasets/dataset_cropped/10_Metas/18/18/20191018180500_00160.jpg,datasets_flow/dataset_cropped/10_Metas/18/18/20191018180500_00160.jpg,datasets_cloudmask/dataset_cropped/10_Metas/18/18/20191018180500_00160.png,24.8,14.2,23.8,22.3,959
10/18/2019 18:06,datasets/dataset_cropped/10_Metas/18/18/20191018180600_00160.jpg,datasets_flow/dataset_cropped/10_Metas/18/18/20191018180600_00160.jpg,datasets_cloudmask/dataset_cropped/10_Metas/18/18/20191018180600_00160.png,24.5,19.6,23.1,22.3,959
10/18/2019 18:07,datasets/dataset_cropped/10_Metas/18/18/20191018180700_00160.jpg,datasets_flow/dataset_cropped/10_Metas/18/18/20191018180700_00160.jpg,datasets_cloudmask/dataset_cropped/10_Metas/18/18/20191018180700_00160.png,24.4,28.5,22.5,22.3,959
10/18/2019 18:08,datasets/dataset_cropped/10_Metas/18/18/20191018180800_00160.jpg,datasets_flow/dataset_cropped/10_Metas/18/18/20191018180800_00160.jpg,datasets_cloudmask/dataset_cropped/10_Metas/18/18/20191018180800_00160.png,23.5,25.6,21.8,22.3,959
10/18/2019 18:09,datasets/dataset_cropped/10_Metas/18/18/20191018180900_00160.jpg,datasets_flow/dataset_cropped/10_Metas/18/18/20191018180900_00160.jpg,datasets_cloudmask/dataset_cropped/10_Metas/18/18/20191018180900_00160.png,21.8,15,20.8,22.2,959
10/18/2019 18:10,datasets/dataset_cropped/10_Metas/18/18/20191018181000_00160.jpg,datasets_flow/dataset_cropped/10_Metas/18/18/20191018181000_00160.jpg,datasets_cloudmask/dataset_cropped/10_Metas/18/18/20191018181000_00160.png,20.7,12.7,19.8,22.2,959
10/18/2019 18:11,datasets/dataset_cropped/10_Metas/18/18/20191018181100_00160.jpg,datasets_flow/dataset_cropped/10_Metas/18/18/20191018181100_00160.jpg,datasets_cloudmask/dataset_cropped/10_Metas/18/18/20191018181100_00160.png,19.8,16.2,18.9,22.2,959
10/18/2019 18:12,datasets/dataset_cropped/10_Metas/18/18/20191018181200_00160.jpg,datasets_flow/dataset_cropped/10_Metas/18/18/20191018181200_00160.jpg,datasets_cloudmask/dataset_cropped/10_Metas/18/18/20191018181200_00160.png,19.4,28.5,17.9,22.1,959
10/18/2019 18:13,datasets/dataset_cropped/10_Metas/18/18/20191018181300_00160.jpg,datasets_flow/dataset_cropped/10_Metas/18/18/20191018181300_00160.jpg,datasets_cloudmask/dataset_cropped/10_Metas/18/18/20191018181300_00160.png,19.6,52.5,17.1,22.1,959
10/18/2019 18:14,datasets/dataset_cropped/10_Metas/18/18/20191018181400_00160.jpg,datasets_flow/dataset_cropped/10_Metas/18/18/20191018181400_00160.jpg,datasets_cloudmask/dataset_cropped/10_Metas/18/18/20191018181400_00160.png,19.7,72.6,16.4,22.1,959
10/18/2019 18:15,datasets/dataset_cropped/10_Metas/18/18/20191018181500_00160.jpg,datasets_flow/dataset_cropped/10_Metas/18/18/20191018181500_00160.jpg,datasets_cloudmask/dataset_cropped/10_Metas/18/18/20191018181500_00160.png,17.8,51.7,15.4,22.1,959
10/18/2019 18:16,datasets/dataset_cropped/10_Metas/18/18/20191018181600_00160.jpg,datasets_flow/dataset_cropped/10_Metas/18/18/20191018181600_00160.jpg,datasets_cloudmask/dataset_cropped/10_Metas/18/18/20191018181600_00160.png,15.8,36.1,14.2,22.1,959
10/18/2019 18:17,datasets/dataset_cropped/10_Metas/18/18/20191018181700_00160.jpg,datasets_flow/dataset_cropped/10_Metas/18/18/20191018181700_00160.jpg,datasets_cloudmask/dataset_cropped/10_Metas/18/18/20191018181700_00160.png,14.6,41.1,12.9,22.1,959
10/18/2019 18:18,datasets/dataset_cropped/10_Metas/18/18/20191018181800_00160.jpg,datasets_flow/dataset_cropped/10_Metas/18/18/20191018181800_00160.jpg,datasets_cloudmask/dataset_cropped/10_Metas/18/18/20191018181800_00160.png,13.3,39.6,11.9,22,959
10/18/2019 18:19,datasets/dataset_cropped/10_Metas/18/18/20191018181900_00160.jpg,datasets_flow/dataset_cropped/10_Metas/18/18/20191018181900_00160.jpg,datasets_cloudmask/dataset_cropped/10_Metas/18/18/20191018181900_00160.png,11.7,27,10.7,22,959
10/18/2019 18:20,datasets/dataset_cropped/10_Metas/18/18/20191018182000_00160.jpg,datasets_flow/dataset_cropped/10_Metas/18/18/20191018182000_00160.jpg,datasets_cloudmask/dataset_cropped/10_Metas/18/18/20191018182000_00160.png,10.2,19,9.4,21.9,959
10/18/2019 18:21,datasets/dataset_cropped/10_Metas/18/18/20191018182100_00160.jpg,datasets_flow/dataset_cropped/10_Metas/18/18/20191018182100_00160.jpg,datasets_cloudmask/dataset_cropped/10_Metas/18/18/20191018182100_00160.png,8.6,10.4,8,21.7,959
10/18/2019 18:22,datasets/dataset_cropped/10_Metas/18/18/20191018182200_00160.jpg,datasets_flow/dataset_cropped/10_Metas/18/18/20191018182200_00160.jpg,datasets_cloudmask/dataset_cropped/10_Metas/18/18/20191018182200_00160.png,7.2,4.1,6.7,21.4,959
10/18/2019 18:23,datasets/dataset_cropped/10_Metas/18/18/20191018182300_00160.jpg,datasets_flow/dataset_cropped/10_Metas/18/18/20191018182300_00160.jpg,datasets_cloudmask/dataset_cropped/10_Metas/18/18/20191018182300_00160.png,6.2,1.8,5.7,21.3,959
10/18/2019 18:24,datasets/dataset_cropped/10_Metas/18/18/20191018182400_00160.jpg,datasets_flow/dataset_cropped/10_Metas/18/18/20191018182400_00160.jpg,datasets_cloudmask/dataset_cropped/10_Metas/18/18/20191018182400_00160.png,5.4,0.6,4.9,21.2,959
10/18/2019 18:25,datasets/dataset_cropped/10_Metas/18/18/20191018182500_00160.jpg,datasets_flow/dataset_cropped/10_Metas/18/18/20191018182500_00160.jpg,datasets_cloudmask/dataset_cropped/10_Metas/18/18/20191018182500_00160.png,4.9,0,4.3,21.1,959
10/18/2019 18:26,datasets/dataset_cropped/10_Metas/18/18/20191018182600_00160.jpg,datasets_flow/dataset_cropped/10_Metas/18/18/20191018182600_00160.jpg,datasets_cloudmask/dataset_cropped/10_Metas/18/18/20191018182600_00160.png,4.4,0,3.9,21,959
10/18/2019 18:27,datasets/dataset_cropped/10_Metas/18/18/20191018182700_00160.jpg,datasets_flow/dataset_cropped/10_Metas/18/18/20191018182700_00160.jpg,datasets_cloudmask/dataset_cropped/10_Metas/18/18/20191018182700_00160.png,3.6,0,3.1,20.9,959
10/19/2019 7:22,datasets/dataset_cropped/10_Metas/19/07/20191019072230_00160.jpg,datasets_flow/dataset_cropped/10_Metas/19/07/20191019072230_00160.jpg,datasets_cloudmask/dataset_cropped/10_Metas/19/07/20191019072230_00160.png,4.9,0.3,4.9,12.2,956
10/19/2019 7:23,datasets/dataset_cropped/10_Metas/19/07/20191019072300_00160.jpg,datasets_flow/dataset_cropped/10_Metas/19/07/20191019072300_00160.jpg,datasets_cloudmask/dataset_cropped/10_Metas/19/07/20191019072300_00160.png,4.9,0.3,4.9,12.2,956
10/19/2019 7:24,datasets/dataset_cropped/10_Metas/19/07/20191019072400_00160.jpg,datasets_flow/dataset_cropped/10_Metas/19/07/20191019072400_00160.jpg,datasets_cloudmask/dataset_cropped/10_Metas/19/07/20191019072400_00160.png,5.4,0.5,5.4,12.3,956
10/19/2019 7:25,datasets/dataset_cropped/10_Metas/19/07/20191019072500_00160.jpg,datasets_flow/dataset_cropped/10_Metas/19/07/20191019072500_00160.jpg,datasets_cloudmask/dataset_cropped/10_Metas/19/07/20191019072500_00160.png,6,1.6,6,12.3,956
10/19/2019 7:26,datasets/dataset_cropped/10_Metas/19/07/20191019072600_00160.jpg,datasets_flow/dataset_cropped/10_Metas/19/07/20191019072600_00160.jpg,datasets_cloudmask/dataset_cropped/10_Metas/19/07/20191019072600_00160.png,6.8,18.9,6.6,12.4,956
10/19/2019 7:27,datasets/dataset_cropped/10_Metas/19/07/20191019072700_00160.jpg,datasets_flow/dataset_cropped/10_Metas/19/07/20191019072700_00160.jpg,datasets_cloudmask/dataset_cropped/10_Metas/19/07/20191019072700_00160.png,8,55.8,7.2,12.7,956
10/19/2019 7:28,datasets/dataset_cropped/10_Metas/19/07/20191019072800_00160.jpg,datasets_flow/dataset_cropped/10_Metas/19/07/20191019072800_00160.jpg,datasets_cloudmask/dataset_cropped/10_Metas/19/07/20191019072800_00160.png,9.7,101.8,7.7,12.8,956
10/19/2019 7:29,datasets/dataset_cropped/10_Metas/19/07/20191019072900_00160.jpg,datasets_flow/dataset_cropped/10_Metas/19/07/20191019072900_00160.jpg,datasets_cloudmask/dataset_cropped/10_Metas/19/07/20191019072900_00160.png,11.3,131.7,8.4,12.9,956
10/19/2019 7:30,datasets/dataset_cropped/10_Metas/19/07/20191019073000_00160.jpg,datasets_flow/dataset_cropped/10_Metas/19/07/20191019073000_00160.jpg,datasets_cloudmask/dataset_cropped/10_Metas/19/07/20191019073000_00160.png,12.8,149.6,9,12.9,956
10/19/2019 7:31,datasets/dataset_cropped/10_Metas/19/07/20191019073100_00160.jpg,datasets_flow/dataset_cropped/10_Metas/19/07/20191019073100_00160.jpg,datasets_cloudmask/dataset_cropped/10_Metas/19/07/20191019073100_00160.png,14.3,164.6,9.6,12.9,956
10/19/2019 7:32,datasets/dataset_cropped/10_Metas/19/07/20191019073200_00160.jpg,datasets_flow/dataset_cropped/10_Metas/19/07/20191019073200_00160.jpg,datasets_cloudmask/dataset_cropped/10_Metas/19/07/20191019073200_00160.png,15.8,178.9,10.2,13.1,956
10/19/2019 7:33,datasets/dataset_cropped/10_Metas/19/07/20191019073300_00160.jpg,datasets_flow/dataset_cropped/10_Metas/19/07/20191019073300_00160.jpg,datasets_cloudmask/dataset_cropped/10_Metas/19/07/20191019073300_00160.png,17.5,193.9,10.8,13.2,956
10/19/2019 7:34,datasets/dataset_cropped/10_Metas/19/07/20191019073400_00160.jpg,datasets_flow/dataset_cropped/10_Metas/19/07/20191019073400_00160.jpg,datasets_cloudmask/dataset_cropped/10_Metas/19/07/20191019073400_00160.png,19.2,208.1,11.3,13.4,956
10/19/2019 7:35,datasets/dataset_cropped/10_Metas/19/07/20191019073500_00160.jpg,datasets_flow/dataset_cropped/10_Metas/19/07/20191019073500_00160.jpg,datasets_cloudmask/dataset_cropped/10_Metas/19/07/20191019073500_00160.png,21.1,221.1,12,13.5,956
10/19/2019 7:36,datasets/dataset_cropped/10_Metas/19/07/20191019073600_00160.jpg,datasets_flow/dataset_cropped/10_Metas/19/07/20191019073600_00160.jpg,datasets_cloudmask/dataset_cropped/10_Metas/19/07/20191019073600_00160.png,23,233.2,12.8,13.5,956
10/19/2019 7:37,datasets/dataset_cropped/10_Metas/19/07/20191019073700_00160.jpg,datasets_flow/dataset_cropped/10_Metas/19/07/20191019073700_00160.jpg,datasets_cloudmask/dataset_cropped/10_Metas/19/07/20191019073700_00160.png,25.1,245.8,13.6,13.5,956
10/19/2019 7:38,datasets/dataset_cropped/10_Metas/19/07/20191019073800_00160.jpg,datasets_flow/dataset_cropped/10_Metas/19/07/20191019073800_00160.jpg,datasets_cloudmask/dataset_cropped/10_Metas/19/07/20191019073800_00160.png,27.2,259.4,14.4,13.5,956
10/19/2019 7:39,datasets/dataset_cropped/10_Metas/19/07/20191019073900_00160.jpg,datasets_flow/dataset_cropped/10_Metas/19/07/20191019073900_00160.jpg,datasets_cloudmask/dataset_cropped/10_Metas/19/07/20191019073900_00160.png,29.4,272.3,15.1,13.5,956
10/19/2019 7:40,datasets/dataset_cropped/10_Metas/19/07/20191019074000_00160.jpg,datasets_flow/dataset_cropped/10_Metas/19/07/20191019074000_00160.jpg,datasets_cloudmask/dataset_cropped/10_Metas/19/07/20191019074000_00160.png,31.6,284.9,15.7,13.5,956
10/19/2019 7:41,datasets/dataset_cropped/10_Metas/19/07/20191019074100_00160.jpg,datasets_flow/dataset_cropped/10_Metas/19/07/20191019074100_00160.jpg,datasets_cloudmask/dataset_cropped/10_Metas/19/07/20191019074100_00160.png,33.7,296.6,16.3,13.6,956
10/19/2019 7:42,datasets/dataset_cropped/10_Metas/19/07/20191019074200_00160.jpg,datasets_flow/dataset_cropped/10_Metas/19/07/20191019074200_00160.jpg,datasets_cloudmask/dataset_cropped/10_Metas/19/07/20191019074200_00160.png,35.9,308.1,16.8,13.6,956
10/19/2019 7:43,datasets/dataset_cropped/10_Metas/19/07/20191019074300_00160.jpg,datasets_flow/dataset_cropped/10_Metas/19/07/20191019074300_00160.jpg,datasets_cloudmask/dataset_cropped/10_Metas/19/07/20191019074300_00160.png,38.1,318.5,17.3,13.6,956
10/19/2019 7:44,datasets/dataset_cropped/10_Metas/19/07/20191019074400_00160.jpg,datasets_flow/dataset_cropped/10_Metas/19/07/20191019074400_00160.jpg,datasets_cloudmask/dataset_cropped/10_Metas/19/07/20191019074400_00160.png,40.6,329.7,18.1,13.7,956
10/19/2019 7:45,datasets/dataset_cropped/10_Metas/19/07/20191019074500_00160.jpg,datasets_flow/dataset_cropped/10_Metas/19/07/20191019074500_00160.jpg,datasets_cloudmask/dataset_cropped/10_Metas/19/07/20191019074500_00160.png,43.2,341.9,18.7,13.7,956
10/19/2019 7:46,datasets/dataset_cropped/10_Metas/19/07/20191019074600_00160.jpg,datasets_flow/dataset_cropped/10_Metas/19/07/20191019074600_00160.jpg,datasets_cloudmask/dataset_cropped/10_Metas/19/07/20191019074600_00160.png,45.8,352.8,19.2,13.6,956
10/19/2019 7:47,datasets/dataset_cropped/10_Metas/19/07/20191019074700_00160.jpg,datasets_flow/dataset_cropped/10_Metas/19/07/20191019074700_00160.jpg,datasets_cloudmask/dataset_cropped/10_Metas/19/07/20191019074700_00160.png,48.3,363.7,19.9,13.7,956
10/19/2019 7:48,datasets/dataset_cropped/10_Metas/19/07/20191019074800_00160.jpg,datasets_flow/dataset_cropped/10_Metas/19/07/20191019074800_00160.jpg,datasets_cloudmask/dataset_cropped/10_Metas/19/07/20191019074800_00160.png,50.9,374,20.7,13.7,956
10/19/2019 7:49,datasets/dataset_cropped/10_Metas/19/07/20191019074900_00160.jpg,datasets_flow/dataset_cropped/10_Metas/19/07/20191019074900_00160.jpg,datasets_cloudmask/dataset_cropped/10_Metas/19/07/20191019074900_00160.png,53.5,384.8,21.2,13.8,956
10/19/2019 7:50,datasets/dataset_cropped/10_Metas/19/07/20191019075000_00160.jpg,datasets_flow/dataset_cropped/10_Metas/19/07/20191019075000_00160.jpg,datasets_cloudmask/dataset_cropped/10_Metas/19/07/20191019075000_00160.png,56,394.5,21.6,13.9,956
10/19/2019 7:51,datasets/dataset_cropped/10_Metas/19/07/20191019075100_00160.jpg,datasets_flow/dataset_cropped/10_Metas/19/07/20191019075100_00160.jpg,datasets_cloudmask/dataset_cropped/10_Metas/19/07/20191019075100_00160.png,58.7,403.5,22.2,14.1,956
10/19/2019 7:52,datasets/dataset_cropped/10_Metas/19/07/20191019075200_00160.jpg,datasets_flow/dataset_cropped/10_Metas/19/07/20191019075200_00160.jpg,datasets_cloudmask/dataset_cropped/10_Metas/19/07/20191019075200_00160.png,61.5,412.3,22.6,14.3,956
10/19/2019 7:53,datasets/dataset_cropped/10_Metas/19/07/20191019075300_00160.jpg,datasets_flow/dataset_cropped/10_Metas/19/07/20191019075300_00160.jpg,datasets_cloudmask/dataset_cropped/10_Metas/19/07/20191019075300_00160.png,64.2,420.4,23.1,14.4,956
10/19/2019 7:54,datasets/dataset_cropped/10_Metas/19/07/20191019075400_00160.jpg,datasets_flow/dataset_cropped/10_Metas/19/07/20191019075400_00160.jpg,datasets_cloudmask/dataset_cropped/10_Metas/19/07/20191019075400_00160.png,67.1,430,23.7,14.6,956
10/19/2019 7:55,datasets/dataset_cropped/10_Metas/19/07/20191019075500_00160.jpg,datasets_flow/dataset_cropped/10_Metas/19/07/20191019075500_00160.jpg,datasets_cloudmask/dataset_cropped/10_Metas/19/07/20191019075500_00160.png,70.1,439,24.4,14.8,956
10/19/2019 7:56,datasets/dataset_cropped/10_Metas/19/07/20191019075600_00160.jpg,datasets_flow/dataset_cropped/10_Metas/19/07/20191019075600_00160.jpg,datasets_cloudmask/dataset_cropped/10_Metas/19/07/20191019075600_00160.png,72.9,446.6,25,14.9,956
10/19/2019 7:57,datasets/dataset_cropped/10_Metas/19/07/20191019075700_00160.jpg,datasets_flow/dataset_cropped/10_Metas/19/07/20191019075700_00160.jpg,datasets_cloudmask/dataset_cropped/10_Metas/19/07/20191019075700_00160.png,75.6,454.9,25.4,14.9,956
10/19/2019 7:58,datasets/dataset_cropped/10_Metas/19/07/20191019075800_00160.jpg,datasets_flow/dataset_cropped/10_Metas/19/07/20191019075800_00160.jpg,datasets_cloudmask/dataset_cropped/10_Metas/19/07/20191019075800_00160.png,78.4,463.8,25.7,15.1,956
10/19/2019 7:59,datasets/dataset_cropped/10_Metas/19/07/20191019075900_00160.jpg,datasets_flow/dataset_cropped/10_Metas/19/07/20191019075900_00160.jpg,datasets_cloudmask/dataset_cropped/10_Metas/19/07/20191019075900_00160.png,81.4,472.7,26,15.2,956
10/19/2019 8:00,datasets/dataset_cropped/10_Metas/19/08/20191019080000_00160.jpg,datasets_flow/dataset_cropped/10_Metas/19/08/20191019080000_00160.jpg,datasets_cloudmask/dataset_cropped/10_Metas/19/08/20191019080000_00160.png,84.4,480.4,26.6,15.2,956
10/19/2019 8:01,datasets/dataset_cropped/10_Metas/19/08/20191019080100_00160.jpg,datasets_flow/dataset_cropped/10_Metas/19/08/20191019080100_00160.jpg,datasets_cloudmask/dataset_cropped/10_Metas/19/08/20191019080100_00160.png,87.5,487.3,27.2,15.2,956
10/19/2019 8:02,datasets/dataset_cropped/10_Metas/19/08/20191019080200_00160.jpg,datasets_flow/dataset_cropped/10_Metas/19/08/20191019080200_00160.jpg,datasets_cloudmask/dataset_cropped/10_Metas/19/08/20191019080200_00160.png,90.6,495.6,27.7,15.2,956
10/19/2019 8:03,datasets/dataset_cropped/10_Metas/19/08/20191019080300_00160.jpg,datasets_flow/dataset_cropped/10_Metas/19/08/20191019080300_00160.jpg,datasets_cloudmask/dataset_cropped/10_Metas/19/08/20191019080300_00160.png,93.6,502.3,28.2,15.4,956
10/19/2019 8:04,datasets/dataset_cropped/10_Metas/19/08/20191019080400_00160.jpg,datasets_flow/dataset_cropped/10_Metas/19/08/20191019080400_00160.jpg,datasets_cloudmask/dataset_cropped/10_Metas/19/08/20191019080400_00160.png,96.7,509.1,28.8,15.5,956
10/19/2019 8:05,datasets/dataset_cropped/10_Metas/19/08/20191019080500_00160.jpg,datasets_flow/dataset_cropped/10_Metas/19/08/20191019080500_00160.jpg,datasets_cloudmask/dataset_cropped/10_Metas/19/08/20191019080500_00160.png,99.8,516.5,29.3,15.6,956
10/19/2019 8:06,datasets/dataset_cropped/10_Metas/19/08/20191019080600_00160.jpg,datasets_flow/dataset_cropped/10_Metas/19/08/20191019080600_00160.jpg,datasets_cloudmask/dataset_cropped/10_Metas/19/08/20191019080600_00160.png,102.9,523.7,29.8,15.7,956
10/19/2019 8:07,datasets/dataset_cropped/10_Metas/19/08/20191019080700_00160.jpg,datasets_flow/dataset_cropped/10_Metas/19/08/20191019080700_00160.jpg,datasets_cloudmask/dataset_cropped/10_Metas/19/08/20191019080700_00160.png,106.1,530.6,30.3,15.8,956
10/19/2019 8:08,datasets/dataset_cropped/10_Metas/19/08/20191019080800_00160.jpg,datasets_flow/dataset_cropped/10_Metas/19/08/20191019080800_00160.jpg,datasets_cloudmask/dataset_cropped/10_Metas/19/08/20191019080800_00160.png,109.1,537,30.7,15.9,956
10/19/2019 8:09,datasets/dataset_cropped/10_Metas/19/08/20191019080900_00160.jpg,datasets_flow/dataset_cropped/10_Metas/19/08/20191019080900_00160.jpg,datasets_cloudmask/dataset_cropped/10_Metas/19/08/20191019080900_00160.png,112.2,542.8,31.2,16,956
10/19/2019 8:10,datasets/dataset_cropped/10_Metas/19/08/20191019081000_00160.jpg,datasets_flow/dataset_cropped/10_Metas/19/08/20191019081000_00160.jpg,datasets_cloudmask/dataset_cropped/10_Metas/19/08/20191019081000_00160.png,115.3,549.4,31.6,16.1,956
10/19/2019 8:11,datasets/dataset_cropped/10_Metas/19/08/20191019081100_00160.jpg,datasets_flow/dataset_cropped/10_Metas/19/08/20191019081100_00160.jpg,datasets_cloudmask/dataset_cropped/10_Metas/19/08/20191019081100_00160.png,118.6,555.9,32.1,16.2,956
10/19/2019 8:12,datasets/dataset_cropped/10_Metas/19/08/20191019081200_00160.jpg,datasets_flow/dataset_cropped/10_Metas/19/08/20191019081200_00160.jpg,datasets_cloudmask/dataset_cropped/10_Metas/19/08/20191019081200_00160.png,121.8,562.6,32.6,16.3,956
10/19/2019 8:13,datasets/dataset_cropped/10_Metas/19/08/20191019081300_00160.jpg,datasets_flow/dataset_cropped/10_Metas/19/08/20191019081300_00160.jpg,datasets_cloudmask/dataset_cropped/10_Metas/19/08/20191019081300_00160.png,125,568.9,33,16.5,956
10/19/2019 8:14,datasets/dataset_cropped/10_Metas/19/08/20191019081400_00160.jpg,datasets_flow/dataset_cropped/10_Metas/19/08/20191019081400_00160.jpg,datasets_cloudmask/dataset_cropped/10_Metas/19/08/20191019081400_00160.png,128.4,575,33.5,16.5,956
10/19/2019 8:15,datasets/dataset_cropped/10_Metas/19/08/20191019081500_00160.jpg,datasets_flow/dataset_cropped/10_Metas/19/08/20191019081500_00160.jpg,datasets_cloudmask/dataset_cropped/10_Metas/19/08/20191019081500_00160.png,131.4,580,33.8,16.6,956
10/19/2019 8:16,datasets/dataset_cropped/10_Metas/19/08/20191019081600_00160.jpg,datasets_flow/dataset_cropped/10_Metas/19/08/20191019081600_00160.jpg,datasets_cloudmask/dataset_cropped/10_Metas/19/08/20191019081600_00160.png,134.4,585.6,34.1,16.7,956
10/19/2019 8:17,datasets/dataset_cropped/10_Metas/19/08/20191019081700_00160.jpg,datasets_flow/dataset_cropped/10_Metas/19/08/20191019081700_00160.jpg,datasets_cloudmask/dataset_cropped/10_Metas/19/08/20191019081700_00160.png,137.6,591.5,34.4,16.9,956
10/19/2019 8:18,datasets/dataset_cropped/10_Metas/19/08/20191019081800_00160.jpg,datasets_flow/dataset_cropped/10_Metas/19/08/20191019081800_00160.jpg,datasets_cloudmask/dataset_cropped/10_Metas/19/08/20191019081800_00160.png,140.7,596.7,34.8,17,956
10/19/2019 8:19,datasets/dataset_cropped/10_Metas/19/08/20191019081900_00160.jpg,datasets_flow/dataset_cropped/10_Metas/19/08/20191019081900_00160.jpg,datasets_cloudmask/dataset_cropped/10_Metas/19/08/20191019081900_00160.png,143.9,602,35,17.1,956
10/19/2019 8:20,datasets/dataset_cropped/10_Metas/19/08/20191019082000_00160.jpg,datasets_flow/dataset_cropped/10_Metas/19/08/20191019082000_00160.jpg,datasets_cloudmask/dataset_cropped/10_Metas/19/08/20191019082000_00160.png,147,607.1,35.2,17.2,956
10/19/2019 8:21,datasets/dataset_cropped/10_Metas/19/08/20191019082100_00160.jpg,datasets_flow/dataset_cropped/10_Metas/19/08/20191019082100_00160.jpg,datasets_cloudmask/dataset_cropped/10_Metas/19/08/20191019082100_00160.png,150.3,611.8,35.5,17.3,956
10/19/2019 8:22,datasets/dataset_cropped/10_Metas/19/08/20191019082200_00160.jpg,datasets_flow/dataset_cropped/10_Metas/19/08/20191019082200_00160.jpg,datasets_cloudmask/dataset_cropped/10_Metas/19/08/20191019082200_00160.png,153.4,615.9,35.9,17.4,956
10/19/2019 8:23,datasets/dataset_cropped/10_Metas/19/08/20191019082300_00160.jpg,datasets_flow/dataset_cropped/10_Metas/19/08/20191019082300_00160.jpg,datasets_cloudmask/dataset_cropped/10_Metas/19/08/20191019082300_00160.png,156.5,620.1,36.3,17.5,956
10/19/2019 8:24,datasets/dataset_cropped/10_Metas/19/08/20191019082400_00160.jpg,datasets_flow/dataset_cropped/10_Metas/19/08/20191019082400_00160.jpg,datasets_cloudmask/dataset_cropped/10_Metas/19/08/20191019082400_00160.png,159.8,625.1,36.6,17.6,956
10/19/2019 8:25,datasets/dataset_cropped/10_Metas/19/08/20191019082500_00160.jpg,datasets_flow/dataset_cropped/10_Metas/19/08/20191019082500_00160.jpg,datasets_cloudmask/dataset_cropped/10_Metas/19/08/20191019082500_00160.png,163.1,629.9,37,17.8,956
10/19/2019 8:26,datasets/dataset_cropped/10_Metas/19/08/20191019082600_00160.jpg,datasets_flow/dataset_cropped/10_Metas/19/08/20191019082600_00160.jpg,datasets_cloudmask/dataset_cropped/10_Metas/19/08/20191019082600_00160.png,166.4,634.4,37.4,17.7,957
10/19/2019 8:27,datasets/dataset_cropped/10_Metas/19/08/20191019082700_00160.jpg,datasets_flow/dataset_cropped/10_Metas/19/08/20191019082700_00160.jpg,datasets_cloudmask/dataset_cropped/10_Metas/19/08/20191019082700_00160.png,169.8,638.6,37.9,17.3,957
10/19/2019 8:28,datasets/dataset_cropped/10_Metas/19/08/20191019082800_00160.jpg,datasets_flow/dataset_cropped/10_Metas/19/08/20191019082800_00160.jpg,datasets_cloudmask/dataset_cropped/10_Metas/19/08/20191019082800_00160.png,173,642,38.3,16.7,956
10/19/2019 8:29,datasets/dataset_cropped/10_Metas/19/08/20191019082900_00160.jpg,datasets_flow/dataset_cropped/10_Metas/19/08/20191019082900_00160.jpg,datasets_cloudmask/dataset_cropped/10_Metas/19/08/20191019082900_00160.png,176.1,646.2,38.5,16.2,957
10/19/2019 8:30,datasets/dataset_cropped/10_Metas/19/08/20191019083000_00160.jpg,datasets_flow/dataset_cropped/10_Metas/19/08/20191019083000_00160.jpg,datasets_cloudmask/dataset_cropped/10_Metas/19/08/20191019083000_00160.png,179.1,651.5,38.3,15.9,956
10/19/2019 8:31,datasets/dataset_cropped/10_Metas/19/08/20191019083100_00160.jpg,datasets_flow/dataset_cropped/10_Metas/19/08/20191019083100_00160.jpg,datasets_cloudmask/dataset_cropped/10_Metas/19/08/20191019083100_00160.png,182.5,656.1,38.5,15.7,956
10/19/2019 8:32,datasets/dataset_cropped/10_Metas/19/08/20191019083200_00160.jpg,datasets_flow/dataset_cropped/10_Metas/19/08/20191019083200_00160.jpg,datasets_cloudmask/dataset_cropped/10_Metas/19/08/20191019083200_00160.png,185.7,659,38.9,15.6,957
10/19/2019 8:33,datasets/dataset_cropped/10_Metas/19/08/20191019083300_00160.jpg,datasets_flow/dataset_cropped/10_Metas/19/08/20191019083300_00160.jpg,datasets_cloudmask/dataset_cropped/10_Metas/19/08/20191019083300_00160.png,189.1,662.8,39.3,15.7,956
10/19/2019 8:34,datasets/dataset_cropped/10_Metas/19/08/20191019083400_00160.jpg,datasets_flow/dataset_cropped/10_Metas/19/08/20191019083400_00160.jpg,datasets_cloudmask/dataset_cropped/10_Metas/19/08/20191019083400_00160.png,192.3,666.3,39.7,15.6,956
10/19/2019 8:35,datasets/dataset_cropped/10_Metas/19/08/20191019083500_00160.jpg,datasets_flow/dataset_cropped/10_Metas/19/08/20191019083500_00160.jpg,datasets_cloudmask/dataset_cropped/10_Metas/19/08/20191019083500_00160.png,195.7,670.7,39.9,15.7,956
10/19/2019 8:36,datasets/dataset_cropped/10_Metas/19/08/20191019083600_00160.jpg,datasets_flow/dataset_cropped/10_Metas/19/08/20191019083600_00160.jpg,datasets_cloudmask/dataset_cropped/10_Metas/19/08/20191019083600_00160.png,199,675.4,40.1,15.7,956
10/19/2019 8:37,datasets/dataset_cropped/10_Metas/19/08/20191019083700_00160.jpg,datasets_flow/dataset_cropped/10_Metas/19/08/20191019083700_00160.jpg,datasets_cloudmask/dataset_cropped/10_Metas/19/08/20191019083700_00160.png,202.2,678.7,40.3,15.7,956
10/19/2019 8:38,datasets/dataset_cropped/10_Metas/19/08/20191019083800_00160.jpg,datasets_flow/dataset_cropped/10_Metas/19/08/20191019083800_00160.jpg,datasets_cloudmask/dataset_cropped/10_Metas/19/08/20191019083800_00160.png,205.6,682.9,40.7,15.8,956
10/19/2019 8:39,datasets/dataset_cropped/10_Metas/19/08/20191019083900_00160.jpg,datasets_flow/dataset_cropped/10_Metas/19/08/20191019083900_00160.jpg,datasets_cloudmask/dataset_cropped/10_Metas/19/08/20191019083900_00160.png,209.1,687.2,41.1,15.9,956
10/19/2019 8:40,datasets/dataset_cropped/10_Metas/19/08/20191019084000_00160.jpg,datasets_flow/dataset_cropped/10_Metas/19/08/20191019084000_00160.jpg,datasets_cloudmask/dataset_cropped/10_Metas/19/08/20191019084000_00160.png,212.5,691.1,41.5,16,956
10/19/2019 8:41,datasets/dataset_cropped/10_Metas/19/08/20191019084100_00160.jpg,datasets_flow/dataset_cropped/10_Metas/19/08/20191019084100_00160.jpg,datasets_cloudmask/dataset_cropped/10_Metas/19/08/20191019084100_00160.png,215.7,694.7,41.8,16.1,957
10/19/2019 8:42,datasets/dataset_cropped/10_Metas/19/08/20191019084200_00160.jpg,datasets_flow/dataset_cropped/10_Metas/19/08/20191019084200_00160.jpg,datasets_cloudmask/dataset_cropped/10_Metas/19/08/20191019084200_00160.png,219,698.2,42.1,16.3,956
10/19/2019 8:43,datasets/dataset_cropped/10_Metas/19/08/20191019084300_00160.jpg,datasets_flow/dataset_cropped/10_Metas/19/08/20191019084300_00160.jpg,datasets_cloudmask/dataset_cropped/10_Metas/19/08/20191019084300_00160.png,222.2,702,42.3,16.4,957
10/19/2019 8:44,datasets/dataset_cropped/10_Metas/19/08/20191019084400_00160.jpg,datasets_flow/dataset_cropped/10_Metas/19/08/20191019084400_00160.jpg,datasets_cloudmask/dataset_cropped/10_Metas/19/08/20191019084400_00160.png,225.4,705.6,42.6,16.7,957
10/19/2019 8:45,datasets/dataset_cropped/10_Metas/19/08/20191019084500_00160.jpg,datasets_flow/dataset_cropped/10_Metas/19/08/20191019084500_00160.jpg,datasets_cloudmask/dataset_cropped/10_Metas/19/08/20191019084500_00160.png,228.8,709.8,42.9,16.9,957
10/19/2019 8:46,datasets/dataset_cropped/10_Metas/19/08/20191019084600_00160.jpg,datasets_flow/dataset_cropped/10_Metas/19/08/20191019084600_00160.jpg,datasets_cloudmask/dataset_cropped/10_Metas/19/08/20191019084600_00160.png,232.2,713.9,43.2,17.1,957
10/19/2019 8:47,datasets/dataset_cropped/10_Metas/19/08/20191019084700_00160.jpg,datasets_flow/dataset_cropped/10_Metas/19/08/20191019084700_00160.jpg,datasets_cloudmask/dataset_cropped/10_Metas/19/08/20191019084700_00160.png,235.4,717,43.5,17.1,957
10/19/2019 8:48,datasets/dataset_cropped/10_Metas/19/08/20191019084800_00160.jpg,datasets_flow/dataset_cropped/10_Metas/19/08/20191019084800_00160.jpg,datasets_cloudmask/dataset_cropped/10_Metas/19/08/20191019084800_00160.png,238.5,719.7,43.7,17.1,957
10/19/2019 8:49,datasets/dataset_cropped/10_Metas/19/08/20191019084900_00160.jpg,datasets_flow/dataset_cropped/10_Metas/19/08/20191019084900_00160.jpg,datasets_cloudmask/dataset_cropped/10_Metas/19/08/20191019084900_00160.png,241.7,723.3,43.9,17.1,957
10/19/2019 8:50,datasets/dataset_cropped/10_Metas/19/08/20191019085000_00160.jpg,datasets_flow/dataset_cropped/10_Metas/19/08/20191019085000_00160.jpg,datasets_cloudmask/dataset_cropped/10_Metas/19/08/20191019085000_00160.png,244.9,726.1,44.2,17.2,957
10/19/2019 8:51,datasets/dataset_cropped/10_Metas/19/08/20191019085100_00160.jpg,datasets_flow/dataset_cropped/10_Metas/19/08/20191019085100_00160.jpg,datasets_cloudmask/dataset_cropped/10_Metas/19/08/20191019085100_00160.png,248.2,729.3,44.5,17.1,957
10/19/2019 8:52,datasets/dataset_cropped/10_Metas/19/08/20191019085200_00160.jpg,datasets_flow/dataset_cropped/10_Metas/19/08/20191019085200_00160.jpg,datasets_cloudmask/dataset_cropped/10_Metas/19/08/20191019085200_00160.png,251.4,732.2,44.7,17.2,957
10/19/2019 8:53,datasets/dataset_cropped/10_Metas/19/08/20191019085300_00160.jpg,datasets_flow/dataset_cropped/10_Metas/19/08/20191019085300_00160.jpg,datasets_cloudmask/dataset_cropped/10_Metas/19/08/20191019085300_00160.png,254.6,735,44.9,17.3,957
10/19/2019 8:54,datasets/dataset_cropped/10_Metas/19/08/20191019085400_00160.jpg,datasets_flow/dataset_cropped/10_Metas/19/08/20191019085400_00160.jpg,datasets_cloudmask/dataset_cropped/10_Metas/19/08/20191019085400_00160.png,257.9,738.1,45.2,17.4,957
10/19/2019 8:55,datasets/dataset_cropped/10_Metas/19/08/20191019085500_00160.jpg,datasets_flow/dataset_cropped/10_Metas/19/08/20191019085500_00160.jpg,datasets_cloudmask/dataset_cropped/10_Metas/19/08/20191019085500_00160.png,261,741.2,45.4,17.6,957
10/19/2019 8:56,datasets/dataset_cropped/10_Metas/19/08/20191019085600_00160.jpg,datasets_flow/dataset_cropped/10_Metas/19/08/20191019085600_00160.jpg,datasets_cloudmask/dataset_cropped/10_Metas/19/08/20191019085600_00160.png,263.9,743.4,45.4,17.8,957
10/19/2019 8:57,datasets/dataset_cropped/10_Metas/19/08/20191019085700_00160.jpg,datasets_flow/dataset_cropped/10_Metas/19/08/20191019085700_00160.jpg,datasets_cloudmask/dataset_cropped/10_Metas/19/08/20191019085700_00160.png,267.2,746,45.9,18,957
10/19/2019 8:58,datasets/dataset_cropped/10_Metas/19/08/20191019085800_00160.jpg,datasets_flow/dataset_cropped/10_Metas/19/08/20191019085800_00160.jpg,datasets_cloudmask/dataset_cropped/10_Metas/19/08/20191019085800_00160.png,270.5,749.3,46.1,18.1,957
10/19/2019 8:59,datasets/dataset_cropped/10_Metas/19/08/20191019085900_00160.jpg,datasets_flow/dataset_cropped/10_Metas/19/08/20191019085900_00160.jpg,datasets_cloudmask/dataset_cropped/10_Metas/19/08/20191019085900_00160.png,273.4,751.6,46.1,18.1,957
10/19/2019 9:00,datasets/dataset_cropped/10_Metas/19/09/20191019090000_00160.jpg,datasets_flow/dataset_cropped/10_Metas/19/09/20191019090000_00160.jpg,datasets_cloudmask/dataset_cropped/10_Metas/19/09/20191019090000_00160.png,276.3,753.7,46.2,18.1,957
10/19/2019 9:01,datasets/dataset_cropped/10_Metas/19/09/20191019090100_00160.jpg,datasets_flow/dataset_cropped/10_Metas/19/09/20191019090100_00160.jpg,datasets_cloudmask/dataset_cropped/10_Metas/19/09/20191019090100_00160.png,279.8,756.8,46.5,18.2,957
10/19/2019 9:02,datasets/dataset_cropped/10_Metas/19/09/20191019090200_00160.jpg,datasets_flow/dataset_cropped/10_Metas/19/09/20191019090200_00160.jpg,datasets_cloudmask/dataset_cropped/10_Metas/19/09/20191019090200_00160.png,283.1,759.7,46.5,18.2,957
10/19/2019 9:03,datasets/dataset_cropped/10_Metas/19/09/20191019090300_00160.jpg,datasets_flow/dataset_cropped/10_Metas/19/09/20191019090300_00160.jpg,datasets_cloudmask/dataset_cropped/10_Metas/19/09/20191019090300_00160.png,286.3,762.1,46.9,18.3,957
10/19/2019 9:04,datasets/dataset_cropped/10_Metas/19/09/20191019090400_00160.jpg,datasets_flow/dataset_cropped/10_Metas/19/09/20191019090400_00160.jpg,datasets_cloudmask/dataset_cropped/10_Metas/19/09/20191019090400_00160.png,289.5,764.2,47.1,18.5,957
10/19/2019 9:05,datasets/dataset_cropped/10_Metas/19/09/20191019090500_00160.jpg,datasets_flow/dataset_cropped/10_Metas/19/09/20191019090500_00160.jpg,datasets_cloudmask/dataset_cropped/10_Metas/19/09/20191019090500_00160.png,292.7,766.7,47.3,18.6,957
10/19/2019 9:06,datasets/dataset_cropped/10_Metas/19/09/20191019090600_00160.jpg,datasets_flow/dataset_cropped/10_Metas/19/09/20191019090600_00160.jpg,datasets_cloudmask/dataset_cropped/10_Metas/19/09/20191019090600_00160.png,296.1,769.4,47.5,18.6,957
10/19/2019 9:07,datasets/dataset_cropped/10_Metas/19/09/20191019090700_00160.jpg,datasets_flow/dataset_cropped/10_Metas/19/09/20191019090700_00160.jpg,datasets_cloudmask/dataset_cropped/10_Metas/19/09/20191019090700_00160.png,299.3,772.1,47.8,18.8,957
10/19/2019 9:08,datasets/dataset_cropped/10_Metas/19/09/20191019090800_00160.jpg,datasets_flow/dataset_cropped/10_Metas/19/09/20191019090800_00160.jpg,datasets_cloudmask/dataset_cropped/10_Metas/19/09/20191019090800_00160.png,302.5,775,47.8,18.9,957
10/19/2019 9:09,datasets/dataset_cropped/10_Metas/19/09/20191019090900_00160.jpg,datasets_flow/dataset_cropped/10_Metas/19/09/20191019090900_00160.jpg,datasets_cloudmask/dataset_cropped/10_Metas/19/09/20191019090900_00160.png,305.5,777.3,48,19.1,957
10/19/2019 9:10,datasets/dataset_cropped/10_Metas/19/09/20191019091000_00160.jpg,datasets_flow/dataset_cropped/10_Metas/19/09/20191019091000_00160.jpg,datasets_cloudmask/dataset_cropped/10_Metas/19/09/20191019091000_00160.png,308.9,779.7,48.3,19.1,957
10/19/2019 9:11,datasets/dataset_cropped/10_Metas/19/09/20191019091100_00160.jpg,datasets_flow/dataset_cropped/10_Metas/19/09/20191019091100_00160.jpg,datasets_cloudmask/dataset_cropped/10_Metas/19/09/20191019091100_00160.png,311.8,782,48.5,19.3,957
10/19/2019 9:12,datasets/dataset_cropped/10_Metas/19/09/20191019091200_00160.jpg,datasets_flow/dataset_cropped/10_Metas/19/09/20191019091200_00160.jpg,datasets_cloudmask/dataset_cropped/10_Metas/19/09/20191019091200_00160.png,314.9,784.2,48.5,19.6,957
10/19/2019 9:13,datasets/dataset_cropped/10_Metas/19/09/20191019091300_00160.jpg,datasets_flow/dataset_cropped/10_Metas/19/09/20191019091300_00160.jpg,datasets_cloudmask/dataset_cropped/10_Metas/19/09/20191019091300_00160.png,318,786.3,48.5,19.6,957
10/19/2019 9:14,datasets/dataset_cropped/10_Metas/19/09/20191019091400_00160.jpg,datasets_flow/dataset_cropped/10_Metas/19/09/20191019091400_00160.jpg,datasets_cloudmask/dataset_cropped/10_Metas/19/09/20191019091400_00160.png,321,787.9,48.8,19.6,957
10/19/2019 9:15,datasets/dataset_cropped/10_Metas/19/09/20191019091500_00160.jpg,datasets_flow/dataset_cropped/10_Metas/19/09/20191019091500_00160.jpg,datasets_cloudmask/dataset_cropped/10_Metas/19/09/20191019091500_00160.png,324.2,790,49.3,19.8,957
10/19/2019 9:16,datasets/dataset_cropped/10_Metas/19/09/20191019091600_00160.jpg,datasets_flow/dataset_cropped/10_Metas/19/09/20191019091600_00160.jpg,datasets_cloudmask/dataset_cropped/10_Metas/19/09/20191019091600_00160.png,328.1,793.2,49.8,19.9,957
10/19/2019 9:17,datasets/dataset_cropped/10_Metas/19/09/20191019091700_00160.jpg,datasets_flow/dataset_cropped/10_Metas/19/09/20191019091700_00160.jpg,datasets_cloudmask/dataset_cropped/10_Metas/19/09/20191019091700_00160.png,330.7,792.6,50.3,20,957
10/19/2019 9:18,datasets/dataset_cropped/10_Metas/19/09/20191019091800_00160.jpg,datasets_flow/dataset_cropped/10_Metas/19/09/20191019091800_00160.jpg,datasets_cloudmask/dataset_cropped/10_Metas/19/09/20191019091800_00160.png,333.4,793.8,50.3,20.1,957
10/19/2019 9:19,datasets/dataset_cropped/10_Metas/19/09/20191019091900_00160.jpg,datasets_flow/dataset_cropped/10_Metas/19/09/20191019091900_00160.jpg,datasets_cloudmask/dataset_cropped/10_Metas/19/09/20191019091900_00160.png,336.8,797.6,50.3,20.3,957
10/19/2019 9:20,datasets/dataset_cropped/10_Metas/19/09/20191019092000_00160.jpg,datasets_flow/dataset_cropped/10_Metas/19/09/20191019092000_00160.jpg,datasets_cloudmask/dataset_cropped/10_Metas/19/09/20191019092000_00160.png,340,798.9,50.8,20.5,957
10/19/2019 9:21,datasets/dataset_cropped/10_Metas/19/09/20191019092100_00160.jpg,datasets_flow/dataset_cropped/10_Metas/19/09/20191019092100_00160.jpg,datasets_cloudmask/dataset_cropped/10_Metas/19/09/20191019092100_00160.png,343.2,802,50.6,20.4,957
10/19/2019 9:22,datasets/dataset_cropped/10_Metas/19/09/20191019092200_00160.jpg,datasets_flow/dataset_cropped/10_Metas/19/09/20191019092200_00160.jpg,datasets_cloudmask/dataset_cropped/10_Metas/19/09/20191019092200_00160.png,346.1,804,50.5,20.5,957
10/19/2019 9:23,datasets/dataset_cropped/10_Metas/19/09/20191019092300_00160.jpg,datasets_flow/dataset_cropped/10_Metas/19/09/20191019092300_00160.jpg,datasets_cloudmask/dataset_cropped/10_Metas/19/09/20191019092300_00160.png,349.5,807,50.6,20.6,957
10/19/2019 9:24,datasets/dataset_cropped/10_Metas/19/09/20191019092400_00160.jpg,datasets_flow/dataset_cropped/10_Metas/19/09/20191019092400_00160.jpg,datasets_cloudmask/dataset_cropped/10_Metas/19/09/20191019092400_00160.png,353.1,810,51,20.4,957
10/19/2019 9:25,datasets/dataset_cropped/10_Metas/19/09/20191019092500_00160.jpg,datasets_flow/dataset_cropped/10_Metas/19/09/20191019092500_00160.jpg,datasets_cloudmask/dataset_cropped/10_Metas/19/09/20191019092500_00160.png,356.5,813,51.4,20.5,957
10/19/2019 9:26,datasets/dataset_cropped/10_Metas/19/09/20191019092600_00160.jpg,datasets_flow/dataset_cropped/10_Metas/19/09/20191019092600_00160.jpg,datasets_cloudmask/dataset_cropped/10_Metas/19/09/20191019092600_00160.png,359.7,814,51.7,20.7,957
10/19/2019 9:27,datasets/dataset_cropped/10_Metas/19/09/20191019092700_00160.jpg,datasets_flow/dataset_cropped/10_Metas/19/09/20191019092700_00160.jpg,datasets_cloudmask/dataset_cropped/10_Metas/19/09/20191019092700_00160.png,363,816,52,20.7,957
10/19/2019 9:28,datasets/dataset_cropped/10_Metas/19/09/20191019092800_00160.jpg,datasets_flow/dataset_cropped/10_Metas/19/09/20191019092800_00160.jpg,datasets_cloudmask/dataset_cropped/10_Metas/19/09/20191019092800_00160.png,366.7,819,52.5,20.8,957
10/19/2019 9:29,datasets/dataset_cropped/10_Metas/19/09/20191019092900_00160.jpg,datasets_flow/dataset_cropped/10_Metas/19/09/20191019092900_00160.jpg,datasets_cloudmask/dataset_cropped/10_Metas/19/09/20191019092900_00160.png,370.3,821,53.2,21,956
10/19/2019 9:30,datasets/dataset_cropped/10_Metas/19/09/20191019093000_00160.jpg,datasets_flow/dataset_cropped/10_Metas/19/09/20191019093000_00160.jpg,datasets_cloudmask/dataset_cropped/10_Metas/19/09/20191019093000_00160.png,374.1,822,54.1,21.2,956
10/19/2019 9:31,datasets/dataset_cropped/10_Metas/19/09/20191019093100_00160.jpg,datasets_flow/dataset_cropped/10_Metas/19/09/20191019093100_00160.jpg,datasets_cloudmask/dataset_cropped/10_Metas/19/09/20191019093100_00160.png,378.1,825,54.9,21.2,956
10/19/2019 9:32,datasets/dataset_cropped/10_Metas/19/09/20191019093200_00160.jpg,datasets_flow/dataset_cropped/10_Metas/19/09/20191019093200_00160.jpg,datasets_cloudmask/dataset_cropped/10_Metas/19/09/20191019093200_00160.png,382,827,55.6,21.4,957
10/19/2019 9:33,datasets/dataset_cropped/10_Metas/19/09/20191019093300_00160.jpg,datasets_flow/dataset_cropped/10_Metas/19/09/20191019093300_00160.jpg,datasets_cloudmask/dataset_cropped/10_Metas/19/09/20191019093300_00160.png,385.5,828,56.3,21.2,957
10/19/2019 9:34,datasets/dataset_cropped/10_Metas/19/09/20191019093400_00160.jpg,datasets_flow/dataset_cropped/10_Metas/19/09/20191019093400_00160.jpg,datasets_cloudmask/dataset_cropped/10_Metas/19/09/20191019093400_00160.png,389.1,830,56.9,21,957
10/19/2019 9:35,datasets/dataset_cropped/10_Metas/19/09/20191019093500_00160.jpg,datasets_flow/dataset_cropped/10_Metas/19/09/20191019093500_00160.jpg,datasets_cloudmask/dataset_cropped/10_Metas/19/09/20191019093500_00160.png,379.6,801,57.3,20.9,957
10/19/2019 9:36,datasets/dataset_cropped/10_Metas/19/09/20191019093600_00160.jpg,datasets_flow/dataset_cropped/10_Metas/19/09/20191019093600_00160.jpg,datasets_cloudmask/dataset_cropped/10_Metas/19/09/20191019093600_00160.png,385.8,809,57.9,21.1,957
10/19/2019 9:37,datasets/dataset_cropped/10_Metas/19/09/20191019093700_00160.jpg,datasets_flow/dataset_cropped/10_Metas/19/09/20191019093700_00160.jpg,datasets_cloudmask/dataset_cropped/10_Metas/19/09/20191019093700_00160.png,392.4,819,58.1,21.2,957
10/19/2019 9:38,datasets/dataset_cropped/10_Metas/19/09/20191019093800_00160.jpg,datasets_flow/dataset_cropped/10_Metas/19/09/20191019093800_00160.jpg,datasets_cloudmask/dataset_cropped/10_Metas/19/09/20191019093800_00160.png,395.5,820,58.6,21.4,957
10/19/2019 9:39,datasets/dataset_cropped/10_Metas/19/09/20191019093900_00160.jpg,datasets_flow/dataset_cropped/10_Metas/19/09/20191019093900_00160.jpg,datasets_cloudmask/dataset_cropped/10_Metas/19/09/20191019093900_00160.png,389.1,798.2,59,21.5,957
10/19/2019 9:40,datasets/dataset_cropped/10_Metas/19/09/20191019094000_00160.jpg,datasets_flow/dataset_cropped/10_Metas/19/09/20191019094000_00160.jpg,datasets_cloudmask/dataset_cropped/10_Metas/19/09/20191019094000_00160.png,377.2,763.2,59.6,21.5,957
10/19/2019 9:41,datasets/dataset_cropped/10_Metas/19/09/20191019094100_00160.jpg,datasets_flow/dataset_cropped/10_Metas/19/09/20191019094100_00160.jpg,datasets_cloudmask/dataset_cropped/10_Metas/19/09/20191019094100_00160.png,381.1,766.2,60.1,21.6,957
10/19/2019 9:42,datasets/dataset_cropped/10_Metas/19/09/20191019094200_00160.jpg,datasets_flow/dataset_cropped/10_Metas/19/09/20191019094200_00160.jpg,datasets_cloudmask/dataset_cropped/10_Metas/19/09/20191019094200_00160.png,398.4,802,60.5,21.5,957
10/19/2019 9:43,datasets/dataset_cropped/10_Metas/19/09/20191019094300_00160.jpg,datasets_flow/dataset_cropped/10_Metas/19/09/20191019094300_00160.jpg,datasets_cloudmask/dataset_cropped/10_Metas/19/09/20191019094300_00160.png,401,802,60.8,21.4,957
10/19/2019 9:44,datasets/dataset_cropped/10_Metas/19/09/20191019094400_00160.jpg,datasets_flow/dataset_cropped/10_Metas/19/09/20191019094400_00160.jpg,datasets_cloudmask/dataset_cropped/10_Metas/19/09/20191019094400_00160.png,399,791.9,61.2,21.2,957
10/19/2019 9:45,datasets/dataset_cropped/10_Metas/19/09/20191019094500_00160.jpg,datasets_flow/dataset_cropped/10_Metas/19/09/20191019094500_00160.jpg,datasets_cloudmask/dataset_cropped/10_Metas/19/09/20191019094500_00160.png,415.8,824,61.6,21.1,957
10/19/2019 9:46,datasets/dataset_cropped/10_Metas/19/09/20191019094600_00160.jpg,datasets_flow/dataset_cropped/10_Metas/19/09/20191019094600_00160.jpg,datasets_cloudmask/dataset_cropped/10_Metas/19/09/20191019094600_00160.png,413.5,814,61.8,21,957
10/19/2019 9:47,datasets/dataset_cropped/10_Metas/19/09/20191019094700_00160.jpg,datasets_flow/dataset_cropped/10_Metas/19/09/20191019094700_00160.jpg,datasets_cloudmask/dataset_cropped/10_Metas/19/09/20191019094700_00160.png,395.8,768,62,20.9,957
10/19/2019 9:48,datasets/dataset_cropped/10_Metas/19/09/20191019094800_00160.jpg,datasets_flow/dataset_cropped/10_Metas/19/09/20191019094800_00160.jpg,datasets_cloudmask/dataset_cropped/10_Metas/19/09/20191019094800_00160.png,386.9,743.2,62.3,21,957
10/19/2019 9:49,datasets/dataset_cropped/10_Metas/19/09/20191019094900_00160.jpg,datasets_flow/dataset_cropped/10_Metas/19/09/20191019094900_00160.jpg,datasets_cloudmask/dataset_cropped/10_Metas/19/09/20191019094900_00160.png,421.9,818,62.6,21,957
10/19/2019 9:50,datasets/dataset_cropped/10_Metas/19/09/20191019095000_00160.jpg,datasets_flow/dataset_cropped/10_Metas/19/09/20191019095000_00160.jpg,datasets_cloudmask/dataset_cropped/10_Metas/19/09/20191019095000_00160.png,415.8,800,62.3,20.9,957
10/19/2019 9:51,datasets/dataset_cropped/10_Metas/19/09/20191019095100_00160.jpg,datasets_flow/dataset_cropped/10_Metas/19/09/20191019095100_00160.jpg,datasets_cloudmask/dataset_cropped/10_Metas/19/09/20191019095100_00160.png,403.9,768.1,62.6,20.8,957
10/19/2019 9:52,datasets/dataset_cropped/10_Metas/19/09/20191019095200_00160.jpg,datasets_flow/dataset_cropped/10_Metas/19/09/20191019095200_00160.jpg,datasets_cloudmask/dataset_cropped/10_Metas/19/09/20191019095200_00160.png,420.8,801,62.9,20.9,957
10/19/2019 9:53,datasets/dataset_cropped/10_Metas/19/09/20191019095300_00160.jpg,datasets_flow/dataset_cropped/10_Metas/19/09/20191019095300_00160.jpg,datasets_cloudmask/dataset_cropped/10_Metas/19/09/20191019095300_00160.png,434,824,63.5,21,957
10/19/2019 9:54,datasets/dataset_cropped/10_Metas/19/09/20191019095400_00160.jpg,datasets_flow/dataset_cropped/10_Metas/19/09/20191019095400_00160.jpg,datasets_cloudmask/dataset_cropped/10_Metas/19/09/20191019095400_00160.png,414.9,776.7,63.7,20.9,957
10/19/2019 9:55,datasets/dataset_cropped/10_Metas/19/09/20191019095500_00160.jpg,datasets_flow/dataset_cropped/10_Metas/19/09/20191019095500_00160.jpg,datasets_cloudmask/dataset_cropped/10_Metas/19/09/20191019095500_00160.png,387.1,710.3,63.7,21,957
10/19/2019 9:56,datasets/dataset_cropped/10_Metas/19/09/20191019095600_00160.jpg,datasets_flow/dataset_cropped/10_Metas/19/09/20191019095600_00160.jpg,datasets_cloudmask/dataset_cropped/10_Metas/19/09/20191019095600_00160.png,375.8,681.9,64,21,957
10/19/2019 9:57,datasets/dataset_cropped/10_Metas/19/09/20191019095700_00160.jpg,datasets_flow/dataset_cropped/10_Metas/19/09/20191019095700_00160.jpg,datasets_cloudmask/dataset_cropped/10_Metas/19/09/20191019095700_00160.png,383.8,695.3,64.3,21.1,957
10/19/2019 9:58,datasets/dataset_cropped/10_Metas/19/09/20191019095800_00160.jpg,datasets_flow/dataset_cropped/10_Metas/19/09/20191019095800_00160.jpg,datasets_cloudmask/dataset_cropped/10_Metas/19/09/20191019095800_00160.png,392.3,709.8,64.6,21.3,957
10/19/2019 9:59,datasets/dataset_cropped/10_Metas/19/09/20191019095900_00160.jpg,datasets_flow/dataset_cropped/10_Metas/19/09/20191019095900_00160.jpg,datasets_cloudmask/dataset_cropped/10_Metas/19/09/20191019095900_00160.png,412.1,748.5,65,21.1,957
10/19/2019 10:00,datasets/dataset_cropped/10_Metas/19/10/20191019100000_00160.jpg,datasets_flow/dataset_cropped/10_Metas/19/10/20191019100000_00160.jpg,datasets_cloudmask/dataset_cropped/10_Metas/19/10/20191019100000_00160.png,426.8,776.7,64.8,21.1,957
10/19/2019 10:01,datasets/dataset_cropped/10_Metas/19/10/20191019100100_00160.jpg,datasets_flow/dataset_cropped/10_Metas/19/10/20191019100100_00160.jpg,datasets_cloudmask/dataset_cropped/10_Metas/19/10/20191019100100_00160.png,440.4,803,64.5,21.1,957
10/19/2019 10:02,datasets/dataset_cropped/10_Metas/19/10/20191019100200_00160.jpg,datasets_flow/dataset_cropped/10_Metas/19/10/20191019100200_00160.jpg,datasets_cloudmask/dataset_cropped/10_Metas/19/10/20191019100200_00160.png,434.1,786.5,63.8,21.2,957
10/19/2019 10:03,datasets/dataset_cropped/10_Metas/19/10/20191019100300_00160.jpg,datasets_flow/dataset_cropped/10_Metas/19/10/20191019100300_00160.jpg,datasets_cloudmask/dataset_cropped/10_Metas/19/10/20191019100300_00160.png,436.9,790,63.2,21.4,957
10/19/2019 10:04,datasets/dataset_cropped/10_Metas/19/10/20191019100400_00160.jpg,datasets_flow/dataset_cropped/10_Metas/19/10/20191019100400_00160.jpg,datasets_cloudmask/dataset_cropped/10_Metas/19/10/20191019100400_00160.png,428.6,770,62.4,21.3,957
10/19/2019 10:05,datasets/dataset_cropped/10_Metas/19/10/20191019100500_00160.jpg,datasets_flow/dataset_cropped/10_Metas/19/10/20191019100500_00160.jpg,datasets_cloudmask/dataset_cropped/10_Metas/19/10/20191019100500_00160.png,442.8,797.8,62,21.2,957
10/19/2019 10:06,datasets/dataset_cropped/10_Metas/19/10/20191019100600_00160.jpg,datasets_flow/dataset_cropped/10_Metas/19/10/20191019100600_00160.jpg,datasets_cloudmask/dataset_cropped/10_Metas/19/10/20191019100600_00160.png,448,806,61.3,21.3,957
10/19/2019 10:07,datasets/dataset_cropped/10_Metas/19/10/20191019100700_00160.jpg,datasets_flow/dataset_cropped/10_Metas/19/10/20191019100700_00160.jpg,datasets_cloudmask/dataset_cropped/10_Metas/19/10/20191019100700_00160.png,459,826,60.9,21.7,957
10/19/2019 10:08,datasets/dataset_cropped/10_Metas/19/10/20191019100800_00160.jpg,datasets_flow/dataset_cropped/10_Metas/19/10/20191019100800_00160.jpg,datasets_cloudmask/dataset_cropped/10_Metas/19/10/20191019100800_00160.png,476.2,858,60.6,22,957
10/19/2019 10:09,datasets/dataset_cropped/10_Metas/19/10/20191019100900_00160.jpg,datasets_flow/dataset_cropped/10_Metas/19/10/20191019100900_00160.jpg,datasets_cloudmask/dataset_cropped/10_Metas/19/10/20191019100900_00160.png,482.1,867,60.2,22.1,957
10/19/2019 10:10,datasets/dataset_cropped/10_Metas/19/10/20191019101000_00160.jpg,datasets_flow/dataset_cropped/10_Metas/19/10/20191019101000_00160.jpg,datasets_cloudmask/dataset_cropped/10_Metas/19/10/20191019101000_00160.png,481.9,863,59.8,22,957
10/19/2019 10:11,datasets/dataset_cropped/10_Metas/19/10/20191019101100_00160.jpg,datasets_flow/dataset_cropped/10_Metas/19/10/20191019101100_00160.jpg,datasets_cloudmask/dataset_cropped/10_Metas/19/10/20191019101100_00160.png,487.8,872,59.5,21.9,957
10/19/2019 10:12,datasets/dataset_cropped/10_Metas/19/10/20191019101200_00160.jpg,datasets_flow/dataset_cropped/10_Metas/19/10/20191019101200_00160.jpg,datasets_cloudmask/dataset_cropped/10_Metas/19/10/20191019101200_00160.png,491.7,878,58.8,22,957
10/19/2019 10:13,datasets/dataset_cropped/10_Metas/19/10/20191019101300_00160.jpg,datasets_flow/dataset_cropped/10_Metas/19/10/20191019101300_00160.jpg,datasets_cloudmask/dataset_cropped/10_Metas/19/10/20191019101300_00160.png,494.6,880,58.6,22.1,957
10/19/2019 10:14,datasets/dataset_cropped/10_Metas/19/10/20191019101400_00160.jpg,datasets_flow/dataset_cropped/10_Metas/19/10/20191019101400_00160.jpg,datasets_cloudmask/dataset_cropped/10_Metas/19/10/20191019101400_00160.png,496.7,881,58.4,22.2,957
10/19/2019 10:15,datasets/dataset_cropped/10_Metas/19/10/20191019101500_00160.jpg,datasets_flow/dataset_cropped/10_Metas/19/10/20191019101500_00160.jpg,datasets_cloudmask/dataset_cropped/10_Metas/19/10/20191019101500_00160.png,498.9,882,58,22.2,957
10/19/2019 10:16,datasets/dataset_cropped/10_Metas/19/10/20191019101600_00160.jpg,datasets_flow/dataset_cropped/10_Metas/19/10/20191019101600_00160.jpg,datasets_cloudmask/dataset_cropped/10_Metas/19/10/20191019101600_00160.png,501.2,883,58,22.2,956
10/19/2019 10:17,datasets/dataset_cropped/10_Metas/19/10/20191019101700_00160.jpg,datasets_flow/dataset_cropped/10_Metas/19/10/20191019101700_00160.jpg,datasets_cloudmask/dataset_cropped/10_Metas/19/10/20191019101700_00160.png,503.6,884,58.1,22.2,957
10/19/2019 10:18,datasets/dataset_cropped/10_Metas/19/10/20191019101800_00160.jpg,datasets_flow/dataset_cropped/10_Metas/19/10/20191019101800_00160.jpg,datasets_cloudmask/dataset_cropped/10_Metas/19/10/20191019101800_00160.png,505.9,885,57.9,22.4,956
10/19/2019 10:19,datasets/dataset_cropped/10_Metas/19/10/20191019101900_00160.jpg,datasets_flow/dataset_cropped/10_Metas/19/10/20191019101900_00160.jpg,datasets_cloudmask/dataset_cropped/10_Metas/19/10/20191019101900_00160.png,508.8,886,58.4,22.7,956
10/19/2019 10:20,datasets/dataset_cropped/10_Metas/19/10/20191019102000_00160.jpg,datasets_flow/dataset_cropped/10_Metas/19/10/20191019102000_00160.jpg,datasets_cloudmask/dataset_cropped/10_Metas/19/10/20191019102000_00160.png,510.7,887,58,22.8,957
10/19/2019 10:21,datasets/dataset_cropped/10_Metas/19/10/20191019102100_00160.jpg,datasets_flow/dataset_cropped/10_Metas/19/10/20191019102100_00160.jpg,datasets_cloudmask/dataset_cropped/10_Metas/19/10/20191019102100_00160.png,512.8,887,57.8,22.7,956
10/19/2019 10:22,datasets/dataset_cropped/10_Metas/19/10/20191019102200_00160.jpg,datasets_flow/dataset_cropped/10_Metas/19/10/20191019102200_00160.jpg,datasets_cloudmask/dataset_cropped/10_Metas/19/10/20191019102200_00160.png,515.7,889,57.6,22.6,957
10/19/2019 10:23,datasets/dataset_cropped/10_Metas/19/10/20191019102300_00160.jpg,datasets_flow/dataset_cropped/10_Metas/19/10/20191019102300_00160.jpg,datasets_cloudmask/dataset_cropped/10_Metas/19/10/20191019102300_00160.png,517.5,888,58,22.4,956
10/19/2019 10:24,datasets/dataset_cropped/10_Metas/19/10/20191019102400_00160.jpg,datasets_flow/dataset_cropped/10_Metas/19/10/20191019102400_00160.jpg,datasets_cloudmask/dataset_cropped/10_Metas/19/10/20191019102400_00160.png,520.3,890,58,22.5,956
10/19/2019 10:25,datasets/dataset_cropped/10_Metas/19/10/20191019102500_00160.jpg,datasets_flow/dataset_cropped/10_Metas/19/10/20191019102500_00160.jpg,datasets_cloudmask/dataset_cropped/10_Metas/19/10/20191019102500_00160.png,523.1,892,57.8,22.5,956
10/19/2019 10:26,datasets/dataset_cropped/10_Metas/19/10/20191019102600_00160.jpg,datasets_flow/dataset_cropped/10_Metas/19/10/20191019102600_00160.jpg,datasets_cloudmask/dataset_cropped/10_Metas/19/10/20191019102600_00160.png,525.4,894,57.6,22.6,956
10/19/2019 10:27,datasets/dataset_cropped/10_Metas/19/10/20191019102700_00160.jpg,datasets_flow/dataset_cropped/10_Metas/19/10/20191019102700_00160.jpg,datasets_cloudmask/dataset_cropped/10_Metas/19/10/20191019102700_00160.png,527.8,894,57.6,22.7,956
10/19/2019 10:28,datasets/dataset_cropped/10_Metas/19/10/20191019102800_00160.jpg,datasets_flow/dataset_cropped/10_Metas/19/10/20191019102800_00160.jpg,datasets_cloudmask/dataset_cropped/10_Metas/19/10/20191019102800_00160.png,530.5,895,57.9,22.8,957
10/19/2019 10:29,datasets/dataset_cropped/10_Metas/19/10/20191019102900_00160.jpg,datasets_flow/dataset_cropped/10_Metas/19/10/20191019102900_00160.jpg,datasets_cloudmask/dataset_cropped/10_Metas/19/10/20191019102900_00160.png,532.6,895,57.9,22.8,956
10/19/2019 10:30,datasets/dataset_cropped/10_Metas/19/10/20191019103000_00160.jpg,datasets_flow/dataset_cropped/10_Metas/19/10/20191019103000_00160.jpg,datasets_cloudmask/dataset_cropped/10_Metas/19/10/20191019103000_00160.png,535.2,896,58,22.7,956
10/19/2019 10:31,datasets/dataset_cropped/10_Metas/19/10/20191019103100_00160.jpg,datasets_flow/dataset_cropped/10_Metas/19/10/20191019103100_00160.jpg,datasets_cloudmask/dataset_cropped/10_Metas/19/10/20191019103100_00160.png,537.6,897,58.3,22.7,956
10/19/2019 10:32,datasets/dataset_cropped/10_Metas/19/10/20191019103200_00160.jpg,datasets_flow/dataset_cropped/10_Metas/19/10/20191019103200_00160.jpg,datasets_cloudmask/dataset_cropped/10_Metas/19/10/20191019103200_00160.png,539.3,896,58.8,22.9,956
10/19/2019 10:33,datasets/dataset_cropped/10_Metas/19/10/20191019103300_00160.jpg,datasets_flow/dataset_cropped/10_Metas/19/10/20191019103300_00160.jpg,datasets_cloudmask/dataset_cropped/10_Metas/19/10/20191019103300_00160.png,541.5,897,58.7,23,956
10/19/2019 10:34,datasets/dataset_cropped/10_Metas/19/10/20191019103400_00160.jpg,datasets_flow/dataset_cropped/10_Metas/19/10/20191019103400_00160.jpg,datasets_cloudmask/dataset_cropped/10_Metas/19/10/20191019103400_00160.png,543.9,899,58.8,23,956
10/19/2019 10:35,datasets/dataset_cropped/10_Metas/19/10/20191019103500_00160.jpg,datasets_flow/dataset_cropped/10_Metas/19/10/20191019103500_00160.jpg,datasets_cloudmask/dataset_cropped/10_Metas/19/10/20191019103500_00160.png,546,899,59.2,23,956
10/19/2019 10:36,datasets/dataset_cropped/10_Metas/19/10/20191019103600_00160.jpg,datasets_flow/dataset_cropped/10_Metas/19/10/20191019103600_00160.jpg,datasets_cloudmask/dataset_cropped/10_Metas/19/10/20191019103600_00160.png,548,899,59.1,22.9,956
10/19/2019 10:37,datasets/dataset_cropped/10_Metas/19/10/20191019103700_00160.jpg,datasets_flow/dataset_cropped/10_Metas/19/10/20191019103700_00160.jpg,datasets_cloudmask/dataset_cropped/10_Metas/19/10/20191019103700_00160.png,550.2,900,59.1,22.8,956
10/19/2019 10:38,datasets/dataset_cropped/10_Metas/19/10/20191019103800_00160.jpg,datasets_flow/dataset_cropped/10_Metas/19/10/20191019103800_00160.jpg,datasets_cloudmask/dataset_cropped/10_Metas/19/10/20191019103800_00160.png,552.8,901,59.3,22.6,956
10/19/2019 10:39,datasets/dataset_cropped/10_Metas/19/10/20191019103900_00160.jpg,datasets_flow/dataset_cropped/10_Metas/19/10/20191019103900_00160.jpg,datasets_cloudmask/dataset_cropped/10_Metas/19/10/20191019103900_00160.png,554.9,902,59.1,22.7,956
10/19/2019 10:40,datasets/dataset_cropped/10_Metas/19/10/20191019104000_00160.jpg,datasets_flow/dataset_cropped/10_Metas/19/10/20191019104000_00160.jpg,datasets_cloudmask/dataset_cropped/10_Metas/19/10/20191019104000_00160.png,557.6,903,59.1,22.8,956
10/19/2019 10:41,datasets/dataset_cropped/10_Metas/19/10/20191019104100_00160.jpg,datasets_flow/dataset_cropped/10_Metas/19/10/20191019104100_00160.jpg,datasets_cloudmask/dataset_cropped/10_Metas/19/10/20191019104100_00160.png,560.1,905,59.1,22.8,956
10/19/2019 10:42,datasets/dataset_cropped/10_Metas/19/10/20191019104200_00160.jpg,datasets_flow/dataset_cropped/10_Metas/19/10/20191019104200_00160.jpg,datasets_cloudmask/dataset_cropped/10_Metas/19/10/20191019104200_00160.png,562.1,905,59.1,22.7,956
10/19/2019 10:43,datasets/dataset_cropped/10_Metas/19/10/20191019104300_00160.jpg,datasets_flow/dataset_cropped/10_Metas/19/10/20191019104300_00160.jpg,datasets_cloudmask/dataset_cropped/10_Metas/19/10/20191019104300_00160.png,564.4,906,59.1,22.7,956
10/19/2019 10:44,datasets/dataset_cropped/10_Metas/19/10/20191019104400_00160.jpg,datasets_flow/dataset_cropped/10_Metas/19/10/20191019104400_00160.jpg,datasets_cloudmask/dataset_cropped/10_Metas/19/10/20191019104400_00160.png,566.8,907,58.9,22.8,956
10/19/2019 10:45,datasets/dataset_cropped/10_Metas/19/10/20191019104500_00160.jpg,datasets_flow/dataset_cropped/10_Metas/19/10/20191019104500_00160.jpg,datasets_cloudmask/dataset_cropped/10_Metas/19/10/20191019104500_00160.png,568.9,908,58.9,22.8,956
10/19/2019 10:46,datasets/dataset_cropped/10_Metas/19/10/20191019104600_00160.jpg,datasets_flow/dataset_cropped/10_Metas/19/10/20191019104600_00160.jpg,datasets_cloudmask/dataset_cropped/10_Metas/19/10/20191019104600_00160.png,571.3,909,59.1,22.9,956
10/19/2019 10:47,datasets/dataset_cropped/10_Metas/19/10/20191019104700_00160.jpg,datasets_flow/dataset_cropped/10_Metas/19/10/20191019104700_00160.jpg,datasets_cloudmask/dataset_cropped/10_Metas/19/10/20191019104700_00160.png,573.5,910,59,23.1,956
10/19/2019 10:48,datasets/dataset_cropped/10_Metas/19/10/20191019104800_00160.jpg,datasets_flow/dataset_cropped/10_Metas/19/10/20191019104800_00160.jpg,datasets_cloudmask/dataset_cropped/10_Metas/19/10/20191019104800_00160.png,575.7,911,59,23,956
10/19/2019 10:49,datasets/dataset_cropped/10_Metas/19/10/20191019104900_00160.jpg,datasets_flow/dataset_cropped/10_Metas/19/10/20191019104900_00160.jpg,datasets_cloudmask/dataset_cropped/10_Metas/19/10/20191019104900_00160.png,577.9,912,59.3,22.8,956
10/19/2019 10:50,datasets/dataset_cropped/10_Metas/19/10/20191019105000_00160.jpg,datasets_flow/dataset_cropped/10_Metas/19/10/20191019105000_00160.jpg,datasets_cloudmask/dataset_cropped/10_Metas/19/10/20191019105000_00160.png,579.9,912,59.5,22.9,956
10/19/2019 10:51,datasets/dataset_cropped/10_Metas/19/10/20191019105100_00160.jpg,datasets_flow/dataset_cropped/10_Metas/19/10/20191019105100_00160.jpg,datasets_cloudmask/dataset_cropped/10_Metas/19/10/20191019105100_00160.png,581.5,912,59.5,23.2,956
10/19/2019 10:52,datasets/dataset_cropped/10_Metas/19/10/20191019105200_00160.jpg,datasets_flow/dataset_cropped/10_Metas/19/10/20191019105200_00160.jpg,datasets_cloudmask/dataset_cropped/10_Metas/19/10/20191019105200_00160.png,583.3,912,59.8,23.4,956
10/19/2019 10:53,datasets/dataset_cropped/10_Metas/19/10/20191019105300_00160.jpg,datasets_flow/dataset_cropped/10_Metas/19/10/20191019105300_00160.jpg,datasets_cloudmask/dataset_cropped/10_Metas/19/10/20191019105300_00160.png,585.3,912,60.1,23.4,956
10/19/2019 10:54,datasets/dataset_cropped/10_Metas/19/10/20191019105400_00160.jpg,datasets_flow/dataset_cropped/10_Metas/19/10/20191019105400_00160.jpg,datasets_cloudmask/dataset_cropped/10_Metas/19/10/20191019105400_00160.png,587.6,913,60.2,23.3,956
10/19/2019 10:55,datasets/dataset_cropped/10_Metas/19/10/20191019105500_00160.jpg,datasets_flow/dataset_cropped/10_Metas/19/10/20191019105500_00160.jpg,datasets_cloudmask/dataset_cropped/10_Metas/19/10/20191019105500_00160.png,589.5,913,60.3,23.3,956
10/19/2019 10:56,datasets/dataset_cropped/10_Metas/19/10/20191019105600_00160.jpg,datasets_flow/dataset_cropped/10_Metas/19/10/20191019105600_00160.jpg,datasets_cloudmask/dataset_cropped/10_Metas/19/10/20191019105600_00160.png,591.5,913,60.4,23.3,956
10/19/2019 10:57,datasets/dataset_cropped/10_Metas/19/10/20191019105700_00160.jpg,datasets_flow/dataset_cropped/10_Metas/19/10/20191019105700_00160.jpg,datasets_cloudmask/dataset_cropped/10_Metas/19/10/20191019105700_00160.png,593.3,914,60.5,23.2,956
10/19/2019 10:58,datasets/dataset_cropped/10_Metas/19/10/20191019105800_00160.jpg,datasets_flow/dataset_cropped/10_Metas/19/10/20191019105800_00160.jpg,datasets_cloudmask/dataset_cropped/10_Metas/19/10/20191019105800_00160.png,594.8,913,60.5,23.4,956
10/19/2019 10:59,datasets/dataset_cropped/10_Metas/19/10/20191019105900_00160.jpg,datasets_flow/dataset_cropped/10_Metas/19/10/20191019105900_00160.jpg,datasets_cloudmask/dataset_cropped/10_Metas/19/10/20191019105900_00160.png,596.9,914,60.4,23.6,956
10/19/2019 11:00,datasets/dataset_cropped/10_Metas/19/11/20191019110000_00160.jpg,datasets_flow/dataset_cropped/10_Metas/19/11/20191019110000_00160.jpg,datasets_cloudmask/dataset_cropped/10_Metas/19/11/20191019110000_00160.png,599.1,915,60.5,23.6,956
10/19/2019 11:01,datasets/dataset_cropped/10_Metas/19/11/20191019110100_00160.jpg,datasets_flow/dataset_cropped/10_Metas/19/11/20191019110100_00160.jpg,datasets_cloudmask/dataset_cropped/10_Metas/19/11/20191019110100_00160.png,600.3,914,61.3,23.7,956
10/19/2019 11:02,datasets/dataset_cropped/10_Metas/19/11/20191019110200_00160.jpg,datasets_flow/dataset_cropped/10_Metas/19/11/20191019110200_00160.jpg,datasets_cloudmask/dataset_cropped/10_Metas/19/11/20191019110200_00160.png,602.5,915,61,23.6,956
10/19/2019 11:03,datasets/dataset_cropped/10_Metas/19/11/20191019110300_00160.jpg,datasets_flow/dataset_cropped/10_Metas/19/11/20191019110300_00160.jpg,datasets_cloudmask/dataset_cropped/10_Metas/19/11/20191019110300_00160.png,604.5,916,61.4,23.6,956
10/19/2019 11:04,datasets/dataset_cropped/10_Metas/19/11/20191019110400_00160.jpg,datasets_flow/dataset_cropped/10_Metas/19/11/20191019110400_00160.jpg,datasets_cloudmask/dataset_cropped/10_Metas/19/11/20191019110400_00160.png,606.6,917,61.7,23.9,956
10/19/2019 11:05,datasets/dataset_cropped/10_Metas/19/11/20191019110500_00160.jpg,datasets_flow/dataset_cropped/10_Metas/19/11/20191019110500_00160.jpg,datasets_cloudmask/dataset_cropped/10_Metas/19/11/20191019110500_00160.png,608.5,918,61.5,23.9,956
10/19/2019 11:06,datasets/dataset_cropped/10_Metas/19/11/20191019110600_00160.jpg,datasets_flow/dataset_cropped/10_Metas/19/11/20191019110600_00160.jpg,datasets_cloudmask/dataset_cropped/10_Metas/19/11/20191019110600_00160.png,610.4,919,61.6,23.6,956
10/19/2019 11:07,datasets/dataset_cropped/10_Metas/19/11/20191019110700_00160.jpg,datasets_flow/dataset_cropped/10_Metas/19/11/20191019110700_00160.jpg,datasets_cloudmask/dataset_cropped/10_Metas/19/11/20191019110700_00160.png,612.3,920,61.4,23.6,956
10/19/2019 11:08,datasets/dataset_cropped/10_Metas/19/11/20191019110800_00160.jpg,datasets_flow/dataset_cropped/10_Metas/19/11/20191019110800_00160.jpg,datasets_cloudmask/dataset_cropped/10_Metas/19/11/20191019110800_00160.png,614.5,921,61.5,23.4,956
10/19/2019 11:09,datasets/dataset_cropped/10_Metas/19/11/20191019110900_00160.jpg,datasets_flow/dataset_cropped/10_Metas/19/11/20191019110900_00160.jpg,datasets_cloudmask/dataset_cropped/10_Metas/19/11/20191019110900_00160.png,616.3,921,61.8,23.6,956
10/19/2019 11:10,datasets/dataset_cropped/10_Metas/19/11/20191019111000_00160.jpg,datasets_flow/dataset_cropped/10_Metas/19/11/20191019111000_00160.jpg,datasets_cloudmask/dataset_cropped/10_Metas/19/11/20191019111000_00160.png,618.2,922,62,23.4,956
10/19/2019 11:11,datasets/dataset_cropped/10_Metas/19/11/20191019111100_00160.jpg,datasets_flow/dataset_cropped/10_Metas/19/11/20191019111100_00160.jpg,datasets_cloudmask/dataset_cropped/10_Metas/19/11/20191019111100_00160.png,619.8,922,62.1,23.4,956
10/19/2019 11:12,datasets/dataset_cropped/10_Metas/19/11/20191019111200_00160.jpg,datasets_flow/dataset_cropped/10_Metas/19/11/20191019111200_00160.jpg,datasets_cloudmask/dataset_cropped/10_Metas/19/11/20191019111200_00160.png,621.3,922,61.9,23.5,956
10/19/2019 11:13,datasets/dataset_cropped/10_Metas/19/11/20191019111300_00160.jpg,datasets_flow/dataset_cropped/10_Metas/19/11/20191019111300_00160.jpg,datasets_cloudmask/dataset_cropped/10_Metas/19/11/20191019111300_00160.png,623,922,62,23.6,956
10/19/2019 11:14,datasets/dataset_cropped/10_Metas/19/11/20191019111400_00160.jpg,datasets_flow/dataset_cropped/10_Metas/19/11/20191019111400_00160.jpg,datasets_cloudmask/dataset_cropped/10_Metas/19/11/20191019111400_00160.png,624.6,922,62.2,24,956
10/19/2019 11:15,datasets/dataset_cropped/10_Metas/19/11/20191019111500_00160.jpg,datasets_flow/dataset_cropped/10_Metas/19/11/20191019111500_00160.jpg,datasets_cloudmask/dataset_cropped/10_Metas/19/11/20191019111500_00160.png,626.4,923,62.2,23.9,956
10/19/2019 11:16,datasets/dataset_cropped/10_Metas/19/11/20191019111600_00160.jpg,datasets_flow/dataset_cropped/10_Metas/19/11/20191019111600_00160.jpg,datasets_cloudmask/dataset_cropped/10_Metas/19/11/20191019111600_00160.png,627.8,923,62.1,23.8,956
10/19/2019 11:17,datasets/dataset_cropped/10_Metas/19/11/20191019111700_00160.jpg,datasets_flow/dataset_cropped/10_Metas/19/11/20191019111700_00160.jpg,datasets_cloudmask/dataset_cropped/10_Metas/19/11/20191019111700_00160.png,629.3,923,62.2,23.8,956
10/19/2019 11:18,datasets/dataset_cropped/10_Metas/19/11/20191019111800_00160.jpg,datasets_flow/dataset_cropped/10_Metas/19/11/20191019111800_00160.jpg,datasets_cloudmask/dataset_cropped/10_Metas/19/11/20191019111800_00160.png,631.1,924,62.3,23.8,956
10/19/2019 11:19,datasets/dataset_cropped/10_Metas/19/11/20191019111900_00160.jpg,datasets_flow/dataset_cropped/10_Metas/19/11/20191019111900_00160.jpg,datasets_cloudmask/dataset_cropped/10_Metas/19/11/20191019111900_00160.png,633.1,925,62,23.6,956
10/19/2019 11:20,datasets/dataset_cropped/10_Metas/19/11/20191019112000_00160.jpg,datasets_flow/dataset_cropped/10_Metas/19/11/20191019112000_00160.jpg,datasets_cloudmask/dataset_cropped/10_Metas/19/11/20191019112000_00160.png,635.5,927,62,23.8,956
10/19/2019 11:21,datasets/dataset_cropped/10_Metas/19/11/20191019112100_00160.jpg,datasets_flow/dataset_cropped/10_Metas/19/11/20191019112100_00160.jpg,datasets_cloudmask/dataset_cropped/10_Metas/19/11/20191019112100_00160.png,636.4,926,62.5,23.9,956
10/19/2019 11:22,datasets/dataset_cropped/10_Metas/19/11/20191019112200_00160.jpg,datasets_flow/dataset_cropped/10_Metas/19/11/20191019112200_00160.jpg,datasets_cloudmask/dataset_cropped/10_Metas/19/11/20191019112200_00160.png,637.5,926,62.3,23.8,956
10/19/2019 11:23,datasets/dataset_cropped/10_Metas/19/11/20191019112300_00160.jpg,datasets_flow/dataset_cropped/10_Metas/19/11/20191019112300_00160.jpg,datasets_cloudmask/dataset_cropped/10_Metas/19/11/20191019112300_00160.png,638.3,925,62.5,23.8,956
10/19/2019 11:24,datasets/dataset_cropped/10_Metas/19/11/20191019112400_00160.jpg,datasets_flow/dataset_cropped/10_Metas/19/11/20191019112400_00160.jpg,datasets_cloudmask/dataset_cropped/10_Metas/19/11/20191019112400_00160.png,640.7,926,62.4,23.8,956
10/19/2019 11:25,datasets/dataset_cropped/10_Metas/19/11/20191019112500_00160.jpg,datasets_flow/dataset_cropped/10_Metas/19/11/20191019112500_00160.jpg,datasets_cloudmask/dataset_cropped/10_Metas/19/11/20191019112500_00160.png,643.3,928,62.4,23.7,956
10/19/2019 11:26,datasets/dataset_cropped/10_Metas/19/11/20191019112600_00160.jpg,datasets_flow/dataset_cropped/10_Metas/19/11/20191019112600_00160.jpg,datasets_cloudmask/dataset_cropped/10_Metas/19/11/20191019112600_00160.png,645.3,930,62,23.7,956
10/19/2019 11:27,datasets/dataset_cropped/10_Metas/19/11/20191019112700_00160.jpg,datasets_flow/dataset_cropped/10_Metas/19/11/20191019112700_00160.jpg,datasets_cloudmask/dataset_cropped/10_Metas/19/11/20191019112700_00160.png,645.7,928,62.4,23.6,956
10/19/2019 11:28,datasets/dataset_cropped/10_Metas/19/11/20191019112800_00160.jpg,datasets_flow/dataset_cropped/10_Metas/19/11/20191019112800_00160.jpg,datasets_cloudmask/dataset_cropped/10_Metas/19/11/20191019112800_00160.png,645.7,926,62.6,23.7,956
10/19/2019 11:29,datasets/dataset_cropped/10_Metas/19/11/20191019112900_00160.jpg,datasets_flow/dataset_cropped/10_Metas/19/11/20191019112900_00160.jpg,datasets_cloudmask/dataset_cropped/10_Metas/19/11/20191019112900_00160.png,648,928,62.4,23.6,956
10/19/2019 11:30,datasets/dataset_cropped/10_Metas/19/11/20191019113000_00160.jpg,datasets_flow/dataset_cropped/10_Metas/19/11/20191019113000_00160.jpg,datasets_cloudmask/dataset_cropped/10_Metas/19/11/20191019113000_00160.png,649,927,62.7,23.5,956
10/19/2019 11:31,datasets/dataset_cropped/10_Metas/19/11/20191019113100_00160.jpg,datasets_flow/dataset_cropped/10_Metas/19/11/20191019113100_00160.jpg,datasets_cloudmask/dataset_cropped/10_Metas/19/11/20191019113100_00160.png,651.5,929,62.7,23.6,956
10/19/2019 11:32,datasets/dataset_cropped/10_Metas/19/11/20191019113200_00160.jpg,datasets_flow/dataset_cropped/10_Metas/19/11/20191019113200_00160.jpg,datasets_cloudmask/dataset_cropped/10_Metas/19/11/20191019113200_00160.png,651.2,926,63.1,23.9,956
10/19/2019 11:33,datasets/dataset_cropped/10_Metas/19/11/20191019113300_00160.jpg,datasets_flow/dataset_cropped/10_Metas/19/11/20191019113300_00160.jpg,datasets_cloudmask/dataset_cropped/10_Metas/19/11/20191019113300_00160.png,652.2,926,63.4,24,956
10/19/2019 11:34,datasets/dataset_cropped/10_Metas/19/11/20191019113400_00160.jpg,datasets_flow/dataset_cropped/10_Metas/19/11/20191019113400_00160.jpg,datasets_cloudmask/dataset_cropped/10_Metas/19/11/20191019113400_00160.png,654,927,63.1,23.8,956
10/19/2019 11:35,datasets/dataset_cropped/10_Metas/19/11/20191019113500_00160.jpg,datasets_flow/dataset_cropped/10_Metas/19/11/20191019113500_00160.jpg,datasets_cloudmask/dataset_cropped/10_Metas/19/11/20191019113500_00160.png,655.1,927,63.3,23.8,956
10/19/2019 11:36,datasets/dataset_cropped/10_Metas/19/11/20191019113600_00160.jpg,datasets_flow/dataset_cropped/10_Metas/19/11/20191019113600_00160.jpg,datasets_cloudmask/dataset_cropped/10_Metas/19/11/20191019113600_00160.png,657.4,929,63.3,23.9,956
10/19/2019 11:37,datasets/dataset_cropped/10_Metas/19/11/20191019113700_00160.jpg,datasets_flow/dataset_cropped/10_Metas/19/11/20191019113700_00160.jpg,datasets_cloudmask/dataset_cropped/10_Metas/19/11/20191019113700_00160.png,660.1,932,62.8,24.1,956
10/19/2019 11:38,datasets/dataset_cropped/10_Metas/19/11/20191019113800_00160.jpg,datasets_flow/dataset_cropped/10_Metas/19/11/20191019113800_00160.jpg,datasets_cloudmask/dataset_cropped/10_Metas/19/11/20191019113800_00160.png,661.4,932,63.1,24.2,956
10/19/2019 11:39,datasets/dataset_cropped/10_Metas/19/11/20191019113900_00160.jpg,datasets_flow/dataset_cropped/10_Metas/19/11/20191019113900_00160.jpg,datasets_cloudmask/dataset_cropped/10_Metas/19/11/20191019113900_00160.png,662.9,933,62.9,24.3,956
10/19/2019 11:40,datasets/dataset_cropped/10_Metas/19/11/20191019114000_00160.jpg,datasets_flow/dataset_cropped/10_Metas/19/11/20191019114000_00160.jpg,datasets_cloudmask/dataset_cropped/10_Metas/19/11/20191019114000_00160.png,663.7,932,63.3,24.2,956
10/19/2019 11:41,datasets/dataset_cropped/10_Metas/19/11/20191019114100_00160.jpg,datasets_flow/dataset_cropped/10_Metas/19/11/20191019114100_00160.jpg,datasets_cloudmask/dataset_cropped/10_Metas/19/11/20191019114100_00160.png,664.9,932,63.6,24.1,956
10/19/2019 11:42,datasets/dataset_cropped/10_Metas/19/11/20191019114200_00160.jpg,datasets_flow/dataset_cropped/10_Metas/19/11/20191019114200_00160.jpg,datasets_cloudmask/dataset_cropped/10_Metas/19/11/20191019114200_00160.png,666.7,934,63.8,23.9,956
10/19/2019 11:43,datasets/dataset_cropped/10_Metas/19/11/20191019114300_00160.jpg,datasets_flow/dataset_cropped/10_Metas/19/11/20191019114300_00160.jpg,datasets_cloudmask/dataset_cropped/10_Metas/19/11/20191019114300_00160.png,669.1,936,63.6,24,956
10/19/2019 11:44,datasets/dataset_cropped/10_Metas/19/11/20191019114400_00160.jpg,datasets_flow/dataset_cropped/10_Metas/19/11/20191019114400_00160.jpg,datasets_cloudmask/dataset_cropped/10_Metas/19/11/20191019114400_00160.png,669.8,937,63.4,24.1,956
10/19/2019 11:45,datasets/dataset_cropped/10_Metas/19/11/20191019114500_00160.jpg,datasets_flow/dataset_cropped/10_Metas/19/11/20191019114500_00160.jpg,datasets_cloudmask/dataset_cropped/10_Metas/19/11/20191019114500_00160.png,671.5,938,63.3,24.1,956
10/19/2019 11:46,datasets/dataset_cropped/10_Metas/19/11/20191019114600_00160.jpg,datasets_flow/dataset_cropped/10_Metas/19/11/20191019114600_00160.jpg,datasets_cloudmask/dataset_cropped/10_Metas/19/11/20191019114600_00160.png,672.4,938,62.9,24.2,956
10/19/2019 11:47,datasets/dataset_cropped/10_Metas/19/11/20191019114700_00160.jpg,datasets_flow/dataset_cropped/10_Metas/19/11/20191019114700_00160.jpg,datasets_cloudmask/dataset_cropped/10_Metas/19/11/20191019114700_00160.png,673.7,938,62.9,24.6,956
10/19/2019 11:48,datasets/dataset_cropped/10_Metas/19/11/20191019114800_00160.jpg,datasets_flow/dataset_cropped/10_Metas/19/11/20191019114800_00160.jpg,datasets_cloudmask/dataset_cropped/10_Metas/19/11/20191019114800_00160.png,673.3,934,63.7,24.3,956
10/19/2019 11:49,datasets/dataset_cropped/10_Metas/19/11/20191019114900_00160.jpg,datasets_flow/dataset_cropped/10_Metas/19/11/20191019114900_00160.jpg,datasets_cloudmask/dataset_cropped/10_Metas/19/11/20191019114900_00160.png,673.9,934,64,24.1,956
10/19/2019 11:50,datasets/dataset_cropped/10_Metas/19/11/20191019115000_00160.jpg,datasets_flow/dataset_cropped/10_Metas/19/11/20191019115000_00160.jpg,datasets_cloudmask/dataset_cropped/10_Metas/19/11/20191019115000_00160.png,676,935,63.9,23.8,956
10/19/2019 11:51,datasets/dataset_cropped/10_Metas/19/11/20191019115100_00160.jpg,datasets_flow/dataset_cropped/10_Metas/19/11/20191019115100_00160.jpg,datasets_cloudmask/dataset_cropped/10_Metas/19/11/20191019115100_00160.png,678.5,939,62.9,23.9,956
10/19/2019 11:52,datasets/dataset_cropped/10_Metas/19/11/20191019115200_00160.jpg,datasets_flow/dataset_cropped/10_Metas/19/11/20191019115200_00160.jpg,datasets_cloudmask/dataset_cropped/10_Metas/19/11/20191019115200_00160.png,679.6,939,63.2,24.1,956
10/19/2019 11:53,datasets/dataset_cropped/10_Metas/19/11/20191019115300_00160.jpg,datasets_flow/dataset_cropped/10_Metas/19/11/20191019115300_00160.jpg,datasets_cloudmask/dataset_cropped/10_Metas/19/11/20191019115300_00160.png,679.9,937,63.5,24.2,956
10/19/2019 11:54,datasets/dataset_cropped/10_Metas/19/11/20191019115400_00160.jpg,datasets_flow/dataset_cropped/10_Metas/19/11/20191019115400_00160.jpg,datasets_cloudmask/dataset_cropped/10_Metas/19/11/20191019115400_00160.png,679.3,934,64.2,24.1,956
10/19/2019 11:55,datasets/dataset_cropped/10_Metas/19/11/20191019115500_00160.jpg,datasets_flow/dataset_cropped/10_Metas/19/11/20191019115500_00160.jpg,datasets_cloudmask/dataset_cropped/10_Metas/19/11/20191019115500_00160.png,680.4,935,64.1,24,955
10/19/2019 11:56,datasets/dataset_cropped/10_Metas/19/11/20191019115600_00160.jpg,datasets_flow/dataset_cropped/10_Metas/19/11/20191019115600_00160.jpg,datasets_cloudmask/dataset_cropped/10_Metas/19/11/20191019115600_00160.png,683.4,939,64.1,24,955
10/19/2019 11:57,datasets/dataset_cropped/10_Metas/19/11/20191019115700_00160.jpg,datasets_flow/dataset_cropped/10_Metas/19/11/20191019115700_00160.jpg,datasets_cloudmask/dataset_cropped/10_Metas/19/11/20191019115700_00160.png,683.8,938,65,24.3,955
10/19/2019 11:58,datasets/dataset_cropped/10_Metas/19/11/20191019115800_00160.jpg,datasets_flow/dataset_cropped/10_Metas/19/11/20191019115800_00160.jpg,datasets_cloudmask/dataset_cropped/10_Metas/19/11/20191019115800_00160.png,685.1,939,64.6,24.4,955
10/19/2019 11:59,datasets/dataset_cropped/10_Metas/19/11/20191019115900_00160.jpg,datasets_flow/dataset_cropped/10_Metas/19/11/20191019115900_00160.jpg,datasets_cloudmask/dataset_cropped/10_Metas/19/11/20191019115900_00160.png,686,940,64.6,24.2,955
10/19/2019 12:00,datasets/dataset_cropped/10_Metas/19/12/20191019120000_00160.jpg,datasets_flow/dataset_cropped/10_Metas/19/12/20191019120000_00160.jpg,datasets_cloudmask/dataset_cropped/10_Metas/19/12/20191019120000_00160.png,686.4,938,65.2,24.3,955
10/19/2019 12:01,datasets/dataset_cropped/10_Metas/19/12/20191019120100_00160.jpg,datasets_flow/dataset_cropped/10_Metas/19/12/20191019120100_00160.jpg,datasets_cloudmask/dataset_cropped/10_Metas/19/12/20191019120100_00160.png,685.7,935,65.5,24.2,955
10/19/2019 12:02,datasets/dataset_cropped/10_Metas/19/12/20191019120200_00160.jpg,datasets_flow/dataset_cropped/10_Metas/19/12/20191019120200_00160.jpg,datasets_cloudmask/dataset_cropped/10_Metas/19/12/20191019120200_00160.png,688.3,938,65,24.4,955
10/19/2019 12:03,datasets/dataset_cropped/10_Metas/19/12/20191019120300_00160.jpg,datasets_flow/dataset_cropped/10_Metas/19/12/20191019120300_00160.jpg,datasets_cloudmask/dataset_cropped/10_Metas/19/12/20191019120300_00160.png,689.8,939,64.6,24.4,955
10/19/2019 12:04,datasets/dataset_cropped/10_Metas/19/12/20191019120400_00160.jpg,datasets_flow/dataset_cropped/10_Metas/19/12/20191019120400_00160.jpg,datasets_cloudmask/dataset_cropped/10_Metas/19/12/20191019120400_00160.png,690.6,938,65,24.3,955
10/19/2019 12:05,datasets/dataset_cropped/10_Metas/19/12/20191019120500_00160.jpg,datasets_flow/dataset_cropped/10_Metas/19/12/20191019120500_00160.jpg,datasets_cloudmask/dataset_cropped/10_Metas/19/12/20191019120500_00160.png,691.5,939,64.8,24.4,955
10/19/2019 12:06,datasets/dataset_cropped/10_Metas/19/12/20191019120600_00160.jpg,datasets_flow/dataset_cropped/10_Metas/19/12/20191019120600_00160.jpg,datasets_cloudmask/dataset_cropped/10_Metas/19/12/20191019120600_00160.png,692.3,940,64.3,24.5,955
10/19/2019 12:07,datasets/dataset_cropped/10_Metas/19/12/20191019120700_00160.jpg,datasets_flow/dataset_cropped/10_Metas/19/12/20191019120700_00160.jpg,datasets_cloudmask/dataset_cropped/10_Metas/19/12/20191019120700_00160.png,693.4,940,64.4,24.5,955
10/19/2019 12:08,datasets/dataset_cropped/10_Metas/19/12/20191019120800_00160.jpg,datasets_flow/dataset_cropped/10_Metas/19/12/20191019120800_00160.jpg,datasets_cloudmask/dataset_cropped/10_Metas/19/12/20191019120800_00160.png,691.6,935,65.5,24.6,955
10/19/2019 12:09,datasets/dataset_cropped/10_Metas/19/12/20191019120900_00160.jpg,datasets_flow/dataset_cropped/10_Metas/19/12/20191019120900_00160.jpg,datasets_cloudmask/dataset_cropped/10_Metas/19/12/20191019120900_00160.png,693.5,936,65.9,24.6,955
10/19/2019 12:10,datasets/dataset_cropped/10_Metas/19/12/20191019121000_00160.jpg,datasets_flow/dataset_cropped/10_Metas/19/12/20191019121000_00160.jpg,datasets_cloudmask/dataset_cropped/10_Metas/19/12/20191019121000_00160.png,695.6,940,65.6,24.6,955
10/19/2019 12:11,datasets/dataset_cropped/10_Metas/19/12/20191019121100_00160.jpg,datasets_flow/dataset_cropped/10_Metas/19/12/20191019121100_00160.jpg,datasets_cloudmask/dataset_cropped/10_Metas/19/12/20191019121100_00160.png,696.5,941,65.2,24.6,955
10/19/2019 12:12,datasets/dataset_cropped/10_Metas/19/12/20191019121200_00160.jpg,datasets_flow/dataset_cropped/10_Metas/19/12/20191019121200_00160.jpg,datasets_cloudmask/dataset_cropped/10_Metas/19/12/20191019121200_00160.png,695.6,937,65.8,24.8,956
10/19/2019 12:13,datasets/dataset_cropped/10_Metas/19/12/20191019121300_00160.jpg,datasets_flow/dataset_cropped/10_Metas/19/12/20191019121300_00160.jpg,datasets_cloudmask/dataset_cropped/10_Metas/19/12/20191019121300_00160.png,697.2,938,66.2,24.8,955
10/19/2019 12:14,datasets/dataset_cropped/10_Metas/19/12/20191019121400_00160.jpg,datasets_flow/dataset_cropped/10_Metas/19/12/20191019121400_00160.jpg,datasets_cloudmask/dataset_cropped/10_Metas/19/12/20191019121400_00160.png,697.7,939,65.7,24.5,955
10/19/2019 12:15,datasets/dataset_cropped/10_Metas/19/12/20191019121500_00160.jpg,datasets_flow/dataset_cropped/10_Metas/19/12/20191019121500_00160.jpg,datasets_cloudmask/dataset_cropped/10_Metas/19/12/20191019121500_00160.png,700.4,943,65.2,24.6,955
10/19/2019 12:16,datasets/dataset_cropped/10_Metas/19/12/20191019121600_00160.jpg,datasets_flow/dataset_cropped/10_Metas/19/12/20191019121600_00160.jpg,datasets_cloudmask/dataset_cropped/10_Metas/19/12/20191019121600_00160.png,701.3,944,64.8,24.6,955
10/19/2019 12:17,datasets/dataset_cropped/10_Metas/19/12/20191019121700_00160.jpg,datasets_flow/dataset_cropped/10_Metas/19/12/20191019121700_00160.jpg,datasets_cloudmask/dataset_cropped/10_Metas/19/12/20191019121700_00160.png,701.6,944,64.9,24.6,955
10/19/2019 12:18,datasets/dataset_cropped/10_Metas/19/12/20191019121800_00160.jpg,datasets_flow/dataset_cropped/10_Metas/19/12/20191019121800_00160.jpg,datasets_cloudmask/dataset_cropped/10_Metas/19/12/20191019121800_00160.png,700.5,940,65.7,24.6,955
10/19/2019 12:19,datasets/dataset_cropped/10_Metas/19/12/20191019121900_00160.jpg,datasets_flow/dataset_cropped/10_Metas/19/12/20191019121900_00160.jpg,datasets_cloudmask/dataset_cropped/10_Metas/19/12/20191019121900_00160.png,700,938,66.2,24.9,955
10/19/2019 12:20,datasets/dataset_cropped/10_Metas/19/12/20191019122000_00160.jpg,datasets_flow/dataset_cropped/10_Metas/19/12/20191019122000_00160.jpg,datasets_cloudmask/dataset_cropped/10_Metas/19/12/20191019122000_00160.png,703.6,942,66.4,25,955
10/19/2019 12:21,datasets/dataset_cropped/10_Metas/19/12/20191019122100_00160.jpg,datasets_flow/dataset_cropped/10_Metas/19/12/20191019122100_00160.jpg,datasets_cloudmask/dataset_cropped/10_Metas/19/12/20191019122100_00160.png,703.9,941,67,25,955
10/19/2019 12:22,datasets/dataset_cropped/10_Metas/19/12/20191019122200_00160.jpg,datasets_flow/dataset_cropped/10_Metas/19/12/20191019122200_00160.jpg,datasets_cloudmask/dataset_cropped/10_Metas/19/12/20191019122200_00160.png,699.4,933,68.2,25,955
10/19/2019 12:23,datasets/dataset_cropped/10_Metas/19/12/20191019122300_00160.jpg,datasets_flow/dataset_cropped/10_Metas/19/12/20191019122300_00160.jpg,datasets_cloudmask/dataset_cropped/10_Metas/19/12/20191019122300_00160.png,701,935,68.1,25.1,955
10/19/2019 12:24,datasets/dataset_cropped/10_Metas/19/12/20191019122400_00160.jpg,datasets_flow/dataset_cropped/10_Metas/19/12/20191019122400_00160.jpg,datasets_cloudmask/dataset_cropped/10_Metas/19/12/20191019122400_00160.png,702,935,68.1,25,955
10/19/2019 12:25,datasets/dataset_cropped/10_Metas/19/12/20191019122500_00160.jpg,datasets_flow/dataset_cropped/10_Metas/19/12/20191019122500_00160.jpg,datasets_cloudmask/dataset_cropped/10_Metas/19/12/20191019122500_00160.png,704.7,938,68.4,25.1,955
10/19/2019 12:26,datasets/dataset_cropped/10_Metas/19/12/20191019122600_00160.jpg,datasets_flow/dataset_cropped/10_Metas/19/12/20191019122600_00160.jpg,datasets_cloudmask/dataset_cropped/10_Metas/19/12/20191019122600_00160.png,705.7,939,67.9,25.1,955
10/19/2019 12:27,datasets/dataset_cropped/10_Metas/19/12/20191019122700_00160.jpg,datasets_flow/dataset_cropped/10_Metas/19/12/20191019122700_00160.jpg,datasets_cloudmask/dataset_cropped/10_Metas/19/12/20191019122700_00160.png,706.1,938,68.1,25,955
10/19/2019 12:28,datasets/dataset_cropped/10_Metas/19/12/20191019122800_00160.jpg,datasets_flow/dataset_cropped/10_Metas/19/12/20191019122800_00160.jpg,datasets_cloudmask/dataset_cropped/10_Metas/19/12/20191019122800_00160.png,706.8,938,68.5,24.6,955
10/19/2019 12:29,datasets/dataset_cropped/10_Metas/19/12/20191019122900_00160.jpg,datasets_flow/dataset_cropped/10_Metas/19/12/20191019122900_00160.jpg,datasets_cloudmask/dataset_cropped/10_Metas/19/12/20191019122900_00160.png,703.3,929,70.7,24.7,955
10/19/2019 12:30,datasets/dataset_cropped/10_Metas/19/12/20191019123000_00160.jpg,datasets_flow/dataset_cropped/10_Metas/19/12/20191019123000_00160.jpg,datasets_cloudmask/dataset_cropped/10_Metas/19/12/20191019123000_00160.png,704.8,929,71.4,24.5,955
10/19/2019 12:31,datasets/dataset_cropped/10_Metas/19/12/20191019123100_00160.jpg,datasets_flow/dataset_cropped/10_Metas/19/12/20191019123100_00160.jpg,datasets_cloudmask/dataset_cropped/10_Metas/19/12/20191019123100_00160.png,707,933,71,24.7,955
10/19/2019 12:32,datasets/dataset_cropped/10_Metas/19/12/20191019123200_00160.jpg,datasets_flow/dataset_cropped/10_Metas/19/12/20191019123200_00160.jpg,datasets_cloudmask/dataset_cropped/10_Metas/19/12/20191019123200_00160.png,708.5,934,71.5,24.7,955
10/19/2019 12:33,datasets/dataset_cropped/10_Metas/19/12/20191019123300_00160.jpg,datasets_flow/dataset_cropped/10_Metas/19/12/20191019123300_00160.jpg,datasets_cloudmask/dataset_cropped/10_Metas/19/12/20191019123300_00160.png,709.4,933,72.6,24.9,955
10/19/2019 12:34,datasets/dataset_cropped/10_Metas/19/12/20191019123400_00160.jpg,datasets_flow/dataset_cropped/10_Metas/19/12/20191019123400_00160.jpg,datasets_cloudmask/dataset_cropped/10_Metas/19/12/20191019123400_00160.png,707.6,928,74.2,25.2,955
10/19/2019 12:35,datasets/dataset_cropped/10_Metas/19/12/20191019123500_00160.jpg,datasets_flow/dataset_cropped/10_Metas/19/12/20191019123500_00160.jpg,datasets_cloudmask/dataset_cropped/10_Metas/19/12/20191019123500_00160.png,709.7,930,75.1,25,955
10/19/2019 12:36,datasets/dataset_cropped/10_Metas/19/12/20191019123600_00160.jpg,datasets_flow/dataset_cropped/10_Metas/19/12/20191019123600_00160.jpg,datasets_cloudmask/dataset_cropped/10_Metas/19/12/20191019123600_00160.png,708.3,925,76.7,24.9,955
10/19/2019 12:37,datasets/dataset_cropped/10_Metas/19/12/20191019123700_00160.jpg,datasets_flow/dataset_cropped/10_Metas/19/12/20191019123700_00160.jpg,datasets_cloudmask/dataset_cropped/10_Metas/19/12/20191019123700_00160.png,709.3,927,76.6,24.8,955
10/19/2019 12:38,datasets/dataset_cropped/10_Metas/19/12/20191019123800_00160.jpg,datasets_flow/dataset_cropped/10_Metas/19/12/20191019123800_00160.jpg,datasets_cloudmask/dataset_cropped/10_Metas/19/12/20191019123800_00160.png,711.9,930,76.6,25.1,955
10/19/2019 12:39,datasets/dataset_cropped/10_Metas/19/12/20191019123900_00160.jpg,datasets_flow/dataset_cropped/10_Metas/19/12/20191019123900_00160.jpg,datasets_cloudmask/dataset_cropped/10_Metas/19/12/20191019123900_00160.png,714.4,932,77.3,25.4,955
10/19/2019 12:40,datasets/dataset_cropped/10_Metas/19/12/20191019124000_00160.jpg,datasets_flow/dataset_cropped/10_Metas/19/12/20191019124000_00160.jpg,datasets_cloudmask/dataset_cropped/10_Metas/19/12/20191019124000_00160.png,715.7,932,78.1,25.4,955
10/19/2019 12:41,datasets/dataset_cropped/10_Metas/19/12/20191019124100_00160.jpg,datasets_flow/dataset_cropped/10_Metas/19/12/20191019124100_00160.jpg,datasets_cloudmask/dataset_cropped/10_Metas/19/12/20191019124100_00160.png,715.2,928,79.6,25.4,955
10/19/2019 12:42,datasets/dataset_cropped/10_Metas/19/12/20191019124200_00160.jpg,datasets_flow/dataset_cropped/10_Metas/19/12/20191019124200_00160.jpg,datasets_cloudmask/dataset_cropped/10_Metas/19/12/20191019124200_00160.png,710.5,918,81.5,25.4,955
10/19/2019 12:43,datasets/dataset_cropped/10_Metas/19/12/20191019124300_00160.jpg,datasets_flow/dataset_cropped/10_Metas/19/12/20191019124300_00160.jpg,datasets_cloudmask/dataset_cropped/10_Metas/19/12/20191019124300_00160.png,719.5,928,83.6,25.3,955
10/19/2019 12:44,datasets/dataset_cropped/10_Metas/19/12/20191019124400_00160.jpg,datasets_flow/dataset_cropped/10_Metas/19/12/20191019124400_00160.jpg,datasets_cloudmask/dataset_cropped/10_Metas/19/12/20191019124400_00160.png,727.5,937,85.6,25.3,955
10/19/2019 12:45,datasets/dataset_cropped/10_Metas/19/12/20191019124500_00160.jpg,datasets_flow/dataset_cropped/10_Metas/19/12/20191019124500_00160.jpg,datasets_cloudmask/dataset_cropped/10_Metas/19/12/20191019124500_00160.png,729,936,87.7,25.1,955
10/19/2019 12:46,datasets/dataset_cropped/10_Metas/19/12/20191019124600_00160.jpg,datasets_flow/dataset_cropped/10_Metas/19/12/20191019124600_00160.jpg,datasets_cloudmask/dataset_cropped/10_Metas/19/12/20191019124600_00160.png,701.6,892,89.7,25,955
10/19/2019 12:47,datasets/dataset_cropped/10_Metas/19/12/20191019124700_00160.jpg,datasets_flow/dataset_cropped/10_Metas/19/12/20191019124700_00160.jpg,datasets_cloudmask/dataset_cropped/10_Metas/19/12/20191019124700_00160.png,724,922,91.9,25.2,955
10/19/2019 12:48,datasets/dataset_cropped/10_Metas/19/12/20191019124800_00160.jpg,datasets_flow/dataset_cropped/10_Metas/19/12/20191019124800_00160.jpg,datasets_cloudmask/dataset_cropped/10_Metas/19/12/20191019124800_00160.png,725.8,922,93.4,25.2,955
10/19/2019 12:49,datasets/dataset_cropped/10_Metas/19/12/20191019124900_00160.jpg,datasets_flow/dataset_cropped/10_Metas/19/12/20191019124900_00160.jpg,datasets_cloudmask/dataset_cropped/10_Metas/19/12/20191019124900_00160.png,657.7,822,93.4,25.1,955
10/19/2019 12:50,datasets/dataset_cropped/10_Metas/19/12/20191019125000_00160.jpg,datasets_flow/dataset_cropped/10_Metas/19/12/20191019125000_00160.jpg,datasets_cloudmask/dataset_cropped/10_Metas/19/12/20191019125000_00160.png,703.4,887,94.4,25.1,955
10/19/2019 12:51,datasets/dataset_cropped/10_Metas/19/12/20191019125100_00160.jpg,datasets_flow/dataset_cropped/10_Metas/19/12/20191019125100_00160.jpg,datasets_cloudmask/dataset_cropped/10_Metas/19/12/20191019125100_00160.png,687.2,865,93,25.1,955
10/19/2019 12:52,datasets/dataset_cropped/10_Metas/19/12/20191019125200_00160.jpg,datasets_flow/dataset_cropped/10_Metas/19/12/20191019125200_00160.jpg,datasets_cloudmask/dataset_cropped/10_Metas/19/12/20191019125200_00160.png,711,901,92.3,25.3,955
10/19/2019 12:53,datasets/dataset_cropped/10_Metas/19/12/20191019125300_00160.jpg,datasets_flow/dataset_cropped/10_Metas/19/12/20191019125300_00160.jpg,datasets_cloudmask/dataset_cropped/10_Metas/19/12/20191019125300_00160.png,706.2,898,89.7,25.1,955
10/19/2019 12:54,datasets/dataset_cropped/10_Metas/19/12/20191019125400_00160.jpg,datasets_flow/dataset_cropped/10_Metas/19/12/20191019125400_00160.jpg,datasets_cloudmask/dataset_cropped/10_Metas/19/12/20191019125400_00160.png,710.2,908,87.5,25.1,955
10/19/2019 12:55,datasets/dataset_cropped/10_Metas/19/12/20191019125500_00160.jpg,datasets_flow/dataset_cropped/10_Metas/19/12/20191019125500_00160.jpg,datasets_cloudmask/dataset_cropped/10_Metas/19/12/20191019125500_00160.png,718.9,923,85.8,25.1,955
10/19/2019 12:56,datasets/dataset_cropped/10_Metas/19/12/20191019125600_00160.jpg,datasets_flow/dataset_cropped/10_Metas/19/12/20191019125600_00160.jpg,datasets_cloudmask/dataset_cropped/10_Metas/19/12/20191019125600_00160.png,721.6,928,84.6,24.8,955
10/19/2019 12:57,datasets/dataset_cropped/10_Metas/19/12/20191019125700_00160.jpg,datasets_flow/dataset_cropped/10_Metas/19/12/20191019125700_00160.jpg,datasets_cloudmask/dataset_cropped/10_Metas/19/12/20191019125700_00160.png,721.2,929,83.8,25.1,955
10/19/2019 12:58,datasets/dataset_cropped/10_Metas/19/12/20191019125800_00160.jpg,datasets_flow/dataset_cropped/10_Metas/19/12/20191019125800_00160.jpg,datasets_cloudmask/dataset_cropped/10_Metas/19/12/20191019125800_00160.png,720.6,928,83.8,25.4,955
10/19/2019 12:59,datasets/dataset_cropped/10_Metas/19/12/20191019125900_00160.jpg,datasets_flow/dataset_cropped/10_Metas/19/12/20191019125900_00160.jpg,datasets_cloudmask/dataset_cropped/10_Metas/19/12/20191019125900_00160.png,719.6,926,83.8,25.4,955
10/19/2019 13:00,datasets/dataset_cropped/10_Metas/19/13/20191019130000_00160.jpg,datasets_flow/dataset_cropped/10_Metas/19/13/20191019130000_00160.jpg,datasets_cloudmask/dataset_cropped/10_Metas/19/13/20191019130000_00160.png,719.8,927,83.9,25.2,955
10/19/2019 13:01,datasets/dataset_cropped/10_Metas/19/13/20191019130100_00160.jpg,datasets_flow/dataset_cropped/10_Metas/19/13/20191019130100_00160.jpg,datasets_cloudmask/dataset_cropped/10_Metas/19/13/20191019130100_00160.png,718,925,84,25.2,955
10/19/2019 13:02,datasets/dataset_cropped/10_Metas/19/13/20191019130200_00160.jpg,datasets_flow/dataset_cropped/10_Metas/19/13/20191019130200_00160.jpg,datasets_cloudmask/dataset_cropped/10_Metas/19/13/20191019130200_00160.png,708.5,910,84.2,25.3,955
10/19/2019 13:03,datasets/dataset_cropped/10_Metas/19/13/20191019130300_00160.jpg,datasets_flow/dataset_cropped/10_Metas/19/13/20191019130300_00160.jpg,datasets_cloudmask/dataset_cropped/10_Metas/19/13/20191019130300_00160.png,707.8,908,85.1,25.4,955
10/19/2019 13:04,datasets/dataset_cropped/10_Metas/19/13/20191019130400_00160.jpg,datasets_flow/dataset_cropped/10_Metas/19/13/20191019130400_00160.jpg,datasets_cloudmask/dataset_cropped/10_Metas/19/13/20191019130400_00160.png,694.6,889,84.9,25.1,955
10/19/2019 13:05,datasets/dataset_cropped/10_Metas/19/13/20191019130500_00160.jpg,datasets_flow/dataset_cropped/10_Metas/19/13/20191019130500_00160.jpg,datasets_cloudmask/dataset_cropped/10_Metas/19/13/20191019130500_00160.png,690.5,885,83.9,24.8,955
10/19/2019 13:06,datasets/dataset_cropped/10_Metas/19/13/20191019130600_00160.jpg,datasets_flow/dataset_cropped/10_Metas/19/13/20191019130600_00160.jpg,datasets_cloudmask/dataset_cropped/10_Metas/19/13/20191019130600_00160.png,711.7,917,83.2,24.7,954
10/19/2019 13:07,datasets/dataset_cropped/10_Metas/19/13/20191019130700_00160.jpg,datasets_flow/dataset_cropped/10_Metas/19/13/20191019130700_00160.jpg,datasets_cloudmask/dataset_cropped/10_Metas/19/13/20191019130700_00160.png,718.7,929,81.8,24.9,954
10/19/2019 13:08,datasets/dataset_cropped/10_Metas/19/13/20191019130800_00160.jpg,datasets_flow/dataset_cropped/10_Metas/19/13/20191019130800_00160.jpg,datasets_cloudmask/dataset_cropped/10_Metas/19/13/20191019130800_00160.png,718.2,931,80.5,24.7,954
10/19/2019 13:09,datasets/dataset_cropped/10_Metas/19/13/20191019130900_00160.jpg,datasets_flow/dataset_cropped/10_Metas/19/13/20191019130900_00160.jpg,datasets_cloudmask/dataset_cropped/10_Metas/19/13/20191019130900_00160.png,716.9,931,79.6,24.9,954
10/19/2019 13:10,datasets/dataset_cropped/10_Metas/19/13/20191019131000_00160.jpg,datasets_flow/dataset_cropped/10_Metas/19/13/20191019131000_00160.jpg,datasets_cloudmask/dataset_cropped/10_Metas/19/13/20191019131000_00160.png,712.9,924,80.3,25,955
10/19/2019 13:11,datasets/dataset_cropped/10_Metas/19/13/20191019131100_00160.jpg,datasets_flow/dataset_cropped/10_Metas/19/13/20191019131100_00160.jpg,datasets_cloudmask/dataset_cropped/10_Metas/19/13/20191019131100_00160.png,713.2,925,80.7,24.9,954
10/19/2019 13:12,datasets/dataset_cropped/10_Metas/19/13/20191019131200_00160.jpg,datasets_flow/dataset_cropped/10_Metas/19/13/20191019131200_00160.jpg,datasets_cloudmask/dataset_cropped/10_Metas/19/13/20191019131200_00160.png,712.9,924,81,25.1,954
10/19/2019 13:13,datasets/dataset_cropped/10_Metas/19/13/20191019131300_00160.jpg,datasets_flow/dataset_cropped/10_Metas/19/13/20191019131300_00160.jpg,datasets_cloudmask/dataset_cropped/10_Metas/19/13/20191019131300_00160.png,710.2,919,82.1,25,954
10/19/2019 13:14,datasets/dataset_cropped/10_Metas/19/13/20191019131400_00160.jpg,datasets_flow/dataset_cropped/10_Metas/19/13/20191019131400_00160.jpg,datasets_cloudmask/dataset_cropped/10_Metas/19/13/20191019131400_00160.png,710.9,920,82.7,24.9,954
10/19/2019 13:15,datasets/dataset_cropped/10_Metas/19/13/20191019131500_00160.jpg,datasets_flow/dataset_cropped/10_Metas/19/13/20191019131500_00160.jpg,datasets_cloudmask/dataset_cropped/10_Metas/19/13/20191019131500_00160.png,711.2,921,82.8,25,955
10/19/2019 13:16,datasets/dataset_cropped/10_Metas/19/13/20191019131600_00160.jpg,datasets_flow/dataset_cropped/10_Metas/19/13/20191019131600_00160.jpg,datasets_cloudmask/dataset_cropped/10_Metas/19/13/20191019131600_00160.png,711.4,921,82.9,24.7,954
10/19/2019 13:17,datasets/dataset_cropped/10_Metas/19/13/20191019131700_00160.jpg,datasets_flow/dataset_cropped/10_Metas/19/13/20191019131700_00160.jpg,datasets_cloudmask/dataset_cropped/10_Metas/19/13/20191019131700_00160.png,672.1,863,82.9,24.6,954
10/19/2019 13:18,datasets/dataset_cropped/10_Metas/19/13/20191019131800_00160.jpg,datasets_flow/dataset_cropped/10_Metas/19/13/20191019131800_00160.jpg,datasets_cloudmask/dataset_cropped/10_Metas/19/13/20191019131800_00160.png,684.2,877,85.7,24.6,954
10/19/2019 13:19,datasets/dataset_cropped/10_Metas/19/13/20191019131900_00160.jpg,datasets_flow/dataset_cropped/10_Metas/19/13/20191019131900_00160.jpg,datasets_cloudmask/dataset_cropped/10_Metas/19/13/20191019131900_00160.png,656.3,834,87.4,24.9,954
10/19/2019 13:20,datasets/dataset_cropped/10_Metas/19/13/20191019132000_00160.jpg,datasets_flow/dataset_cropped/10_Metas/19/13/20191019132000_00160.jpg,datasets_cloudmask/dataset_cropped/10_Metas/19/13/20191019132000_00160.png,683.4,876,85.9,25,954
10/19/2019 13:21,datasets/dataset_cropped/10_Metas/19/13/20191019132100_00160.jpg,datasets_flow/dataset_cropped/10_Metas/19/13/20191019132100_00160.jpg,datasets_cloudmask/dataset_cropped/10_Metas/19/13/20191019132100_00160.png,701.5,906,84,25.3,954
10/19/2019 13:22,datasets/dataset_cropped/10_Metas/19/13/20191019132200_00160.jpg,datasets_flow/dataset_cropped/10_Metas/19/13/20191019132200_00160.jpg,datasets_cloudmask/dataset_cropped/10_Metas/19/13/20191019132200_00160.png,691,892,83.6,25.1,954
10/19/2019 13:23,datasets/dataset_cropped/10_Metas/19/13/20191019132300_00160.jpg,datasets_flow/dataset_cropped/10_Metas/19/13/20191019132300_00160.jpg,datasets_cloudmask/dataset_cropped/10_Metas/19/13/20191019132300_00160.png,687.5,887,83.9,24.9,954
10/19/2019 13:24,datasets/dataset_cropped/10_Metas/19/13/20191019132400_00160.jpg,datasets_flow/dataset_cropped/10_Metas/19/13/20191019132400_00160.jpg,datasets_cloudmask/dataset_cropped/10_Metas/19/13/20191019132400_00160.png,697.5,902,84.4,25,954
10/19/2019 13:25,datasets/dataset_cropped/10_Metas/19/13/20191019132500_00160.jpg,datasets_flow/dataset_cropped/10_Metas/19/13/20191019132500_00160.jpg,datasets_cloudmask/dataset_cropped/10_Metas/19/13/20191019132500_00160.png,704.2,912,84.5,25,954
10/19/2019 13:26,datasets/dataset_cropped/10_Metas/19/13/20191019132600_00160.jpg,datasets_flow/dataset_cropped/10_Metas/19/13/20191019132600_00160.jpg,datasets_cloudmask/dataset_cropped/10_Metas/19/13/20191019132600_00160.png,700.5,906,85.1,25.1,954
10/19/2019 13:27,datasets/dataset_cropped/10_Metas/19/13/20191019132700_00160.jpg,datasets_flow/dataset_cropped/10_Metas/19/13/20191019132700_00160.jpg,datasets_cloudmask/dataset_cropped/10_Metas/19/13/20191019132700_00160.png,708.4,915,87.4,25.2,954
10/19/2019 13:28,datasets/dataset_cropped/10_Metas/19/13/20191019132800_00160.jpg,datasets_flow/dataset_cropped/10_Metas/19/13/20191019132800_00160.jpg,datasets_cloudmask/dataset_cropped/10_Metas/19/13/20191019132800_00160.png,707.6,911,89.8,25.3,954
10/19/2019 13:29,datasets/dataset_cropped/10_Metas/19/13/20191019132900_00160.jpg,datasets_flow/dataset_cropped/10_Metas/19/13/20191019132900_00160.jpg,datasets_cloudmask/dataset_cropped/10_Metas/19/13/20191019132900_00160.png,708.9,911,91.8,25.1,954
10/19/2019 13:30,datasets/dataset_cropped/10_Metas/19/13/20191019133000_00160.jpg,datasets_flow/dataset_cropped/10_Metas/19/13/20191019133000_00160.jpg,datasets_cloudmask/dataset_cropped/10_Metas/19/13/20191019133000_00160.png,708.2,908,93.5,24.8,954
10/19/2019 13:31,datasets/dataset_cropped/10_Metas/19/13/20191019133100_00160.jpg,datasets_flow/dataset_cropped/10_Metas/19/13/20191019133100_00160.jpg,datasets_cloudmask/dataset_cropped/10_Metas/19/13/20191019133100_00160.png,711.5,910,95.9,24.6,954
10/19/2019 13:32,datasets/dataset_cropped/10_Metas/19/13/20191019133200_00160.jpg,datasets_flow/dataset_cropped/10_Metas/19/13/20191019133200_00160.jpg,datasets_cloudmask/dataset_cropped/10_Metas/19/13/20191019133200_00160.png,701.6,891,99.2,24.7,954
10/19/2019 13:33,datasets/dataset_cropped/10_Metas/19/13/20191019133300_00160.jpg,datasets_flow/dataset_cropped/10_Metas/19/13/20191019133300_00160.jpg,datasets_cloudmask/dataset_cropped/10_Metas/19/13/20191019133300_00160.png,695.4,877,103,24.9,954
10/19/2019 13:34,datasets/dataset_cropped/10_Metas/19/13/20191019133400_00160.jpg,datasets_flow/dataset_cropped/10_Metas/19/13/20191019133400_00160.jpg,datasets_cloudmask/dataset_cropped/10_Metas/19/13/20191019133400_00160.png,700.9,880,107,24.8,954
10/19/2019 13:35,datasets/dataset_cropped/10_Metas/19/13/20191019133500_00160.jpg,datasets_flow/dataset_cropped/10_Metas/19/13/20191019133500_00160.jpg,datasets_cloudmask/dataset_cropped/10_Metas/19/13/20191019133500_00160.png,681.6,845,110.9,24.8,954
10/19/2019 13:36,datasets/dataset_cropped/10_Metas/19/13/20191019133600_00160.jpg,datasets_flow/dataset_cropped/10_Metas/19/13/20191019133600_00160.jpg,datasets_cloudmask/dataset_cropped/10_Metas/19/13/20191019133600_00160.png,663.5,812,115.5,24.7,954
10/19/2019 13:37,datasets/dataset_cropped/10_Metas/19/13/20191019133700_00160.jpg,datasets_flow/dataset_cropped/10_Metas/19/13/20191019133700_00160.jpg,datasets_cloudmask/dataset_cropped/10_Metas/19/13/20191019133700_00160.png,651.3,787.5,119.7,24.8,954
10/19/2019 13:38,datasets/dataset_cropped/10_Metas/19/13/20191019133800_00160.jpg,datasets_flow/dataset_cropped/10_Metas/19/13/20191019133800_00160.jpg,datasets_cloudmask/dataset_cropped/10_Metas/19/13/20191019133800_00160.png,670.9,810,125,24.9,954
10/19/2019 13:39,datasets/dataset_cropped/10_Metas/19/13/20191019133900_00160.jpg,datasets_flow/dataset_cropped/10_Metas/19/13/20191019133900_00160.jpg,datasets_cloudmask/dataset_cropped/10_Metas/19/13/20191019133900_00160.png,688.9,829,130.9,24.7,954
10/19/2019 13:40,datasets/dataset_cropped/10_Metas/19/13/20191019134000_00160.jpg,datasets_flow/dataset_cropped/10_Metas/19/13/20191019134000_00160.jpg,datasets_cloudmask/dataset_cropped/10_Metas/19/13/20191019134000_00160.png,646.8,758.1,136.5,24.8,954
10/19/2019 13:41,datasets/dataset_cropped/10_Metas/19/13/20191019134100_00160.jpg,datasets_flow/dataset_cropped/10_Metas/19/13/20191019134100_00160.jpg,datasets_cloudmask/dataset_cropped/10_Metas/19/13/20191019134100_00160.png,555.2,614.3,141,24.8,954
10/19/2019 13:42,datasets/dataset_cropped/10_Metas/19/13/20191019134200_00160.jpg,datasets_flow/dataset_cropped/10_Metas/19/13/20191019134200_00160.jpg,datasets_cloudmask/dataset_cropped/10_Metas/19/13/20191019134200_00160.png,607.2,684.4,147.1,24.6,954
10/19/2019 13:43,datasets/dataset_cropped/10_Metas/19/13/20191019134300_00160.jpg,datasets_flow/dataset_cropped/10_Metas/19/13/20191019134300_00160.jpg,datasets_cloudmask/dataset_cropped/10_Metas/19/13/20191019134300_00160.png,611.3,685.8,151.2,24.7,954
10/19/2019 13:44,datasets/dataset_cropped/10_Metas/19/13/20191019134400_00160.jpg,datasets_flow/dataset_cropped/10_Metas/19/13/20191019134400_00160.jpg,datasets_cloudmask/dataset_cropped/10_Metas/19/13/20191019134400_00160.png,572.5,621,155.5,24.9,954
10/19/2019 13:45,datasets/dataset_cropped/10_Metas/19/13/20191019134500_00160.jpg,datasets_flow/dataset_cropped/10_Metas/19/13/20191019134500_00160.jpg,datasets_cloudmask/dataset_cropped/10_Metas/19/13/20191019134500_00160.png,590.3,641.7,160,25.2,954
10/19/2019 13:46,datasets/dataset_cropped/10_Metas/19/13/20191019134600_00160.jpg,datasets_flow/dataset_cropped/10_Metas/19/13/20191019134600_00160.jpg,datasets_cloudmask/dataset_cropped/10_Metas/19/13/20191019134600_00160.png,621.5,684.4,163.7,25.3,954
10/19/2019 13:47,datasets/dataset_cropped/10_Metas/19/13/20191019134700_00160.jpg,datasets_flow/dataset_cropped/10_Metas/19/13/20191019134700_00160.jpg,datasets_cloudmask/dataset_cropped/10_Metas/19/13/20191019134700_00160.png,609.4,663.6,166,25.2,954
10/19/2019 13:48,datasets/dataset_cropped/10_Metas/19/13/20191019134800_00160.jpg,datasets_flow/dataset_cropped/10_Metas/19/13/20191019134800_00160.jpg,datasets_cloudmask/dataset_cropped/10_Metas/19/13/20191019134800_00160.png,590.8,633.5,168.1,25.3,954
10/19/2019 13:49,datasets/dataset_cropped/10_Metas/19/13/20191019134900_00160.jpg,datasets_flow/dataset_cropped/10_Metas/19/13/20191019134900_00160.jpg,datasets_cloudmask/dataset_cropped/10_Metas/19/13/20191019134900_00160.png,596.4,639.8,170.2,25.3,954
10/19/2019 13:50,datasets/dataset_cropped/10_Metas/19/13/20191019135000_00160.jpg,datasets_flow/dataset_cropped/10_Metas/19/13/20191019135000_00160.jpg,datasets_cloudmask/dataset_cropped/10_Metas/19/13/20191019135000_00160.png,547.1,564.3,170.8,25.3,954
10/19/2019 13:51,datasets/dataset_cropped/10_Metas/19/13/20191019135100_00160.jpg,datasets_flow/dataset_cropped/10_Metas/19/13/20191019135100_00160.jpg,datasets_cloudmask/dataset_cropped/10_Metas/19/13/20191019135100_00160.png,544.3,558.2,172.2,25.1,954
10/19/2019 13:52,datasets/dataset_cropped/10_Metas/19/13/20191019135200_00160.jpg,datasets_flow/dataset_cropped/10_Metas/19/13/20191019135200_00160.jpg,datasets_cloudmask/dataset_cropped/10_Metas/19/13/20191019135200_00160.png,545.6,558.2,174.2,25.2,954
10/19/2019 13:53,datasets/dataset_cropped/10_Metas/19/13/20191019135300_00160.jpg,datasets_flow/dataset_cropped/10_Metas/19/13/20191019135300_00160.jpg,datasets_cloudmask/dataset_cropped/10_Metas/19/13/20191019135300_00160.png,502.2,491.6,174.9,25.5,954
10/19/2019 13:54,datasets/dataset_cropped/10_Metas/19/13/20191019135400_00160.jpg,datasets_flow/dataset_cropped/10_Metas/19/13/20191019135400_00160.jpg,datasets_cloudmask/dataset_cropped/10_Metas/19/13/20191019135400_00160.png,520.6,517.3,176.5,25.5,954
10/19/2019 13:55,datasets/dataset_cropped/10_Metas/19/13/20191019135500_00160.jpg,datasets_flow/dataset_cropped/10_Metas/19/13/20191019135500_00160.jpg,datasets_cloudmask/dataset_cropped/10_Metas/19/13/20191019135500_00160.png,457.9,420.7,177.3,25.3,954
10/19/2019 13:56,datasets/dataset_cropped/10_Metas/19/13/20191019135600_00160.jpg,datasets_flow/dataset_cropped/10_Metas/19/13/20191019135600_00160.jpg,datasets_cloudmask/dataset_cropped/10_Metas/19/13/20191019135600_00160.png,579.9,605.7,178.4,25.3,954
10/19/2019 13:57,datasets/dataset_cropped/10_Metas/19/13/20191019135700_00160.jpg,datasets_flow/dataset_cropped/10_Metas/19/13/20191019135700_00160.jpg,datasets_cloudmask/dataset_cropped/10_Metas/19/13/20191019135700_00160.png,727.1,829,181,25.3,954
10/19/2019 13:58,datasets/dataset_cropped/10_Metas/19/13/20191019135800_00160.jpg,datasets_flow/dataset_cropped/10_Metas/19/13/20191019135800_00160.jpg,datasets_cloudmask/dataset_cropped/10_Metas/19/13/20191019135800_00160.png,732.2,833,184.2,25.3,954
10/19/2019 13:59,datasets/dataset_cropped/10_Metas/19/13/20191019135900_00160.jpg,datasets_flow/dataset_cropped/10_Metas/19/13/20191019135900_00160.jpg,datasets_cloudmask/dataset_cropped/10_Metas/19/13/20191019135900_00160.png,629.4,668.3,187.8,25.4,954
10/19/2019 14:00,datasets/dataset_cropped/10_Metas/19/14/20191019140000_00160.jpg,datasets_flow/dataset_cropped/10_Metas/19/14/20191019140000_00160.jpg,datasets_cloudmask/dataset_cropped/10_Metas/19/14/20191019140000_00160.png,554.4,549.3,191.3,25.2,954
10/19/2019 14:01,datasets/dataset_cropped/10_Metas/19/14/20191019140100_00160.jpg,datasets_flow/dataset_cropped/10_Metas/19/14/20191019140100_00160.jpg,datasets_cloudmask/dataset_cropped/10_Metas/19/14/20191019140100_00160.png,621.2,644.4,196.5,24.9,954
10/19/2019 14:02,datasets/dataset_cropped/10_Metas/19/14/20191019140200_00160.jpg,datasets_flow/dataset_cropped/10_Metas/19/14/20191019140200_00160.jpg,datasets_cloudmask/dataset_cropped/10_Metas/19/14/20191019140200_00160.png,550.5,531.8,199.5,25.2,954
10/19/2019 14:03,datasets/dataset_cropped/10_Metas/19/14/20191019140300_00160.jpg,datasets_flow/dataset_cropped/10_Metas/19/14/20191019140300_00160.jpg,datasets_cloudmask/dataset_cropped/10_Metas/19/14/20191019140300_00160.png,583.2,572.7,205.4,25.6,954
10/19/2019 14:04,datasets/dataset_cropped/10_Metas/19/14/20191019140400_00160.jpg,datasets_flow/dataset_cropped/10_Metas/19/14/20191019140400_00160.jpg,datasets_cloudmask/dataset_cropped/10_Metas/19/14/20191019140400_00160.png,579.2,559.7,210.3,25.4,953
10/19/2019 14:05,datasets/dataset_cropped/10_Metas/19/14/20191019140500_00160.jpg,datasets_flow/dataset_cropped/10_Metas/19/14/20191019140500_00160.jpg,datasets_cloudmask/dataset_cropped/10_Metas/19/14/20191019140500_00160.png,560.3,525.4,214,25,953
10/19/2019 14:06,datasets/dataset_cropped/10_Metas/19/14/20191019140600_00160.jpg,datasets_flow/dataset_cropped/10_Metas/19/14/20191019140600_00160.jpg,datasets_cloudmask/dataset_cropped/10_Metas/19/14/20191019140600_00160.png,477,394.9,216.2,25.1,953
10/19/2019 14:07,datasets/dataset_cropped/10_Metas/19/14/20191019140700_00160.jpg,datasets_flow/dataset_cropped/10_Metas/19/14/20191019140700_00160.jpg,datasets_cloudmask/dataset_cropped/10_Metas/19/14/20191019140700_00160.png,411.4,292.9,217.5,25.4,954
10/19/2019 14:08,datasets/dataset_cropped/10_Metas/19/14/20191019140800_00160.jpg,datasets_flow/dataset_cropped/10_Metas/19/14/20191019140800_00160.jpg,datasets_cloudmask/dataset_cropped/10_Metas/19/14/20191019140800_00160.png,415.7,294,221.4,25.6,953
10/19/2019 14:09,datasets/dataset_cropped/10_Metas/19/14/20191019140900_00160.jpg,datasets_flow/dataset_cropped/10_Metas/19/14/20191019140900_00160.jpg,datasets_cloudmask/dataset_cropped/10_Metas/19/14/20191019140900_00160.png,488.8,400.8,225.7,25.3,953
10/19/2019 14:10,datasets/dataset_cropped/10_Metas/19/14/20191019141000_00160.jpg,datasets_flow/dataset_cropped/10_Metas/19/14/20191019141000_00160.jpg,datasets_cloudmask/dataset_cropped/10_Metas/19/14/20191019141000_00160.png,493.3,407.3,226.9,25.1,953
10/19/2019 14:11,datasets/dataset_cropped/10_Metas/19/14/20191019141100_00160.jpg,datasets_flow/dataset_cropped/10_Metas/19/14/20191019141100_00160.jpg,datasets_cloudmask/dataset_cropped/10_Metas/19/14/20191019141100_00160.png,557.6,508,226.8,25,953
10/19/2019 14:12,datasets/dataset_cropped/10_Metas/19/14/20191019141200_00160.jpg,datasets_flow/dataset_cropped/10_Metas/19/14/20191019141200_00160.jpg,datasets_cloudmask/dataset_cropped/10_Metas/19/14/20191019141200_00160.png,539.8,485.6,223.9,25.1,953
10/19/2019 14:13,datasets/dataset_cropped/10_Metas/19/14/20191019141300_00160.jpg,datasets_flow/dataset_cropped/10_Metas/19/14/20191019141300_00160.jpg,datasets_cloudmask/dataset_cropped/10_Metas/19/14/20191019141300_00160.png,553.2,509.4,223.3,25.4,953
10/19/2019 14:14,datasets/dataset_cropped/10_Metas/19/14/20191019141400_00160.jpg,datasets_flow/dataset_cropped/10_Metas/19/14/20191019141400_00160.jpg,datasets_cloudmask/dataset_cropped/10_Metas/19/14/20191019141400_00160.png,524.1,463.3,224.2,25.6,953
10/19/2019 14:15,datasets/dataset_cropped/10_Metas/19/14/20191019141500_00160.jpg,datasets_flow/dataset_cropped/10_Metas/19/14/20191019141500_00160.jpg,datasets_cloudmask/dataset_cropped/10_Metas/19/14/20191019141500_00160.png,414.3,291.5,224.3,25.6,953
10/19/2019 14:16,datasets/dataset_cropped/10_Metas/19/14/20191019141600_00160.jpg,datasets_flow/dataset_cropped/10_Metas/19/14/20191019141600_00160.jpg,datasets_cloudmask/dataset_cropped/10_Metas/19/14/20191019141600_00160.png,441.5,333.2,224.7,25.6,953
10/19/2019 14:17,datasets/dataset_cropped/10_Metas/19/14/20191019141700_00160.jpg,datasets_flow/dataset_cropped/10_Metas/19/14/20191019141700_00160.jpg,datasets_cloudmask/dataset_cropped/10_Metas/19/14/20191019141700_00160.png,363.4,211.7,223.9,25.6,953
10/19/2019 14:18,datasets/dataset_cropped/10_Metas/19/14/20191019141800_00160.jpg,datasets_flow/dataset_cropped/10_Metas/19/14/20191019141800_00160.jpg,datasets_cloudmask/dataset_cropped/10_Metas/19/14/20191019141800_00160.png,364.8,214.3,224.1,25.8,953
10/19/2019 14:19,datasets/dataset_cropped/10_Metas/19/14/20191019141900_00160.jpg,datasets_flow/dataset_cropped/10_Metas/19/14/20191019141900_00160.jpg,datasets_cloudmask/dataset_cropped/10_Metas/19/14/20191019141900_00160.png,335.1,166.3,225.4,25.8,953
10/19/2019 14:20,datasets/dataset_cropped/10_Metas/19/14/20191019142000_00160.jpg,datasets_flow/dataset_cropped/10_Metas/19/14/20191019142000_00160.jpg,datasets_cloudmask/dataset_cropped/10_Metas/19/14/20191019142000_00160.png,340.1,170.9,227.3,25.4,953
10/19/2019 14:21,datasets/dataset_cropped/10_Metas/19/14/20191019142100_00160.jpg,datasets_flow/dataset_cropped/10_Metas/19/14/20191019142100_00160.jpg,datasets_cloudmask/dataset_cropped/10_Metas/19/14/20191019142100_00160.png,319.3,136.4,228.8,25.2,953
10/19/2019 14:22,datasets/dataset_cropped/10_Metas/19/14/20191019142200_00160.jpg,datasets_flow/dataset_cropped/10_Metas/19/14/20191019142200_00160.jpg,datasets_cloudmask/dataset_cropped/10_Metas/19/14/20191019142200_00160.png,311.8,123.5,229.8,25.1,953
10/19/2019 14:23,datasets/dataset_cropped/10_Metas/19/14/20191019142300_00160.jpg,datasets_flow/dataset_cropped/10_Metas/19/14/20191019142300_00160.jpg,datasets_cloudmask/dataset_cropped/10_Metas/19/14/20191019142300_00160.png,301.8,104.2,232.1,25.1,953
10/19/2019 14:24,datasets/dataset_cropped/10_Metas/19/14/20191019142400_00160.jpg,datasets_flow/dataset_cropped/10_Metas/19/14/20191019142400_00160.jpg,datasets_cloudmask/dataset_cropped/10_Metas/19/14/20191019142400_00160.png,326.2,139.3,235,24.9,953
10/19/2019 14:25,datasets/dataset_cropped/10_Metas/19/14/20191019142500_00160.jpg,datasets_flow/dataset_cropped/10_Metas/19/14/20191019142500_00160.jpg,datasets_cloudmask/dataset_cropped/10_Metas/19/14/20191019142500_00160.png,393,245.5,235.8,24.8,953
10/19/2019 14:26,datasets/dataset_cropped/10_Metas/19/14/20191019142600_00160.jpg,datasets_flow/dataset_cropped/10_Metas/19/14/20191019142600_00160.jpg,datasets_cloudmask/dataset_cropped/10_Metas/19/14/20191019142600_00160.png,303.7,110.5,231.9,24.9,953
10/19/2019 14:27,datasets/dataset_cropped/10_Metas/19/14/20191019142700_00160.jpg,datasets_flow/dataset_cropped/10_Metas/19/14/20191019142700_00160.jpg,datasets_cloudmask/dataset_cropped/10_Metas/19/14/20191019142700_00160.png,290.1,93.6,229.6,24.9,953
10/19/2019 14:28,datasets/dataset_cropped/10_Metas/19/14/20191019142800_00160.jpg,datasets_flow/dataset_cropped/10_Metas/19/14/20191019142800_00160.jpg,datasets_cloudmask/dataset_cropped/10_Metas/19/14/20191019142800_00160.png,302.7,112.2,230.4,25,953
10/19/2019 14:29,datasets/dataset_cropped/10_Metas/19/14/20191019142900_00160.jpg,datasets_flow/dataset_cropped/10_Metas/19/14/20191019142900_00160.jpg,datasets_cloudmask/dataset_cropped/10_Metas/19/14/20191019142900_00160.png,265.1,55.6,228.4,25.1,953
10/19/2019 14:30,datasets/dataset_cropped/10_Metas/19/14/20191019143000_00160.jpg,datasets_flow/dataset_cropped/10_Metas/19/14/20191019143000_00160.jpg,datasets_cloudmask/dataset_cropped/10_Metas/19/14/20191019143000_00160.png,262.6,53,227.3,25.3,953
10/19/2019 14:31,datasets/dataset_cropped/10_Metas/19/14/20191019143100_00160.jpg,datasets_flow/dataset_cropped/10_Metas/19/14/20191019143100_00160.jpg,datasets_cloudmask/dataset_cropped/10_Metas/19/14/20191019143100_00160.png,257.4,46.2,226.8,25.4,953
10/19/2019 14:32,datasets/dataset_cropped/10_Metas/19/14/20191019143200_00160.jpg,datasets_flow/dataset_cropped/10_Metas/19/14/20191019143200_00160.jpg,datasets_cloudmask/dataset_cropped/10_Metas/19/14/20191019143200_00160.png,248.7,32.1,227.1,25.3,953
10/19/2019 14:33,datasets/dataset_cropped/10_Metas/19/14/20191019143300_00160.jpg,datasets_flow/dataset_cropped/10_Metas/19/14/20191019143300_00160.jpg,datasets_cloudmask/dataset_cropped/10_Metas/19/14/20191019143300_00160.png,258.5,45.2,228.5,25.2,953
10/19/2019 14:34,datasets/dataset_cropped/10_Metas/19/14/20191019143400_00160.jpg,datasets_flow/dataset_cropped/10_Metas/19/14/20191019143400_00160.jpg,datasets_cloudmask/dataset_cropped/10_Metas/19/14/20191019143400_00160.png,256.4,38.2,230.4,25.4,953
10/19/2019 14:35,datasets/dataset_cropped/10_Metas/19/14/20191019143500_00160.jpg,datasets_flow/dataset_cropped/10_Metas/19/14/20191019143500_00160.jpg,datasets_cloudmask/dataset_cropped/10_Metas/19/14/20191019143500_00160.png,249.6,24.9,232.3,25.3,953
10/19/2019 14:36,datasets/dataset_cropped/10_Metas/19/14/20191019143600_00160.jpg,datasets_flow/dataset_cropped/10_Metas/19/14/20191019143600_00160.jpg,datasets_cloudmask/dataset_cropped/10_Metas/19/14/20191019143600_00160.png,288.1,80.1,237.2,25.3,953
10/19/2019 14:37,datasets/dataset_cropped/10_Metas/19/14/20191019143700_00160.jpg,datasets_flow/dataset_cropped/10_Metas/19/14/20191019143700_00160.jpg,datasets_cloudmask/dataset_cropped/10_Metas/19/14/20191019143700_00160.png,461.1,348,244.4,25.3,953
10/19/2019 14:38,datasets/dataset_cropped/10_Metas/19/14/20191019143800_00160.jpg,datasets_flow/dataset_cropped/10_Metas/19/14/20191019143800_00160.jpg,datasets_cloudmask/dataset_cropped/10_Metas/19/14/20191019143800_00160.png,529,461.6,245.1,25.4,953
10/19/2019 14:39,datasets/dataset_cropped/10_Metas/19/14/20191019143900_00160.jpg,datasets_flow/dataset_cropped/10_Metas/19/14/20191019143900_00160.jpg,datasets_cloudmask/dataset_cropped/10_Metas/19/14/20191019143900_00160.png,514.3,446.6,240.7,25.8,953
10/19/2019 14:40,datasets/dataset_cropped/10_Metas/19/14/20191019144000_00160.jpg,datasets_flow/dataset_cropped/10_Metas/19/14/20191019144000_00160.jpg,datasets_cloudmask/dataset_cropped/10_Metas/19/14/20191019144000_00160.png,420.4,303.6,234.1,26,953
10/19/2019 14:41,datasets/dataset_cropped/10_Metas/19/14/20191019144100_00160.jpg,datasets_flow/dataset_cropped/10_Metas/19/14/20191019144100_00160.jpg,datasets_cloudmask/dataset_cropped/10_Metas/19/14/20191019144100_00160.png,577.8,569,231.5,26.2,953
10/19/2019 14:42,datasets/dataset_cropped/10_Metas/19/14/20191019144200_00160.jpg,datasets_flow/dataset_cropped/10_Metas/19/14/20191019144200_00160.jpg,datasets_cloudmask/dataset_cropped/10_Metas/19/14/20191019144200_00160.png,593.9,605.1,228.4,26.3,953
10/19/2019 14:43,datasets/dataset_cropped/10_Metas/19/14/20191019144300_00160.jpg,datasets_flow/dataset_cropped/10_Metas/19/14/20191019144300_00160.jpg,datasets_cloudmask/dataset_cropped/10_Metas/19/14/20191019144300_00160.png,535,516.7,223.3,26.2,953
10/19/2019 14:44,datasets/dataset_cropped/10_Metas/19/14/20191019144400_00160.jpg,datasets_flow/dataset_cropped/10_Metas/19/14/20191019144400_00160.jpg,datasets_cloudmask/dataset_cropped/10_Metas/19/14/20191019144400_00160.png,630.2,682.2,220.5,26.2,953
10/19/2019 14:45,datasets/dataset_cropped/10_Metas/19/14/20191019144500_00160.jpg,datasets_flow/dataset_cropped/10_Metas/19/14/20191019144500_00160.jpg,datasets_cloudmask/dataset_cropped/10_Metas/19/14/20191019144500_00160.png,605.8,650.6,215.9,26.2,953
10/19/2019 14:46,datasets/dataset_cropped/10_Metas/19/14/20191019144600_00160.jpg,datasets_flow/dataset_cropped/10_Metas/19/14/20191019144600_00160.jpg,datasets_cloudmask/dataset_cropped/10_Metas/19/14/20191019144600_00160.png,629.7,701,211.3,26.2,953
10/19/2019 14:47,datasets/dataset_cropped/10_Metas/19/14/20191019144700_00160.jpg,datasets_flow/dataset_cropped/10_Metas/19/14/20191019144700_00160.jpg,datasets_cloudmask/dataset_cropped/10_Metas/19/14/20191019144700_00160.png,673.7,776.1,211.8,26.3,953
10/19/2019 14:48,datasets/dataset_cropped/10_Metas/19/14/20191019144800_00160.jpg,datasets_flow/dataset_cropped/10_Metas/19/14/20191019144800_00160.jpg,datasets_cloudmask/dataset_cropped/10_Metas/19/14/20191019144800_00160.png,450.6,399.9,211.3,26.3,953
10/19/2019 14:49,datasets/dataset_cropped/10_Metas/19/14/20191019144900_00160.jpg,datasets_flow/dataset_cropped/10_Metas/19/14/20191019144900_00160.jpg,datasets_cloudmask/dataset_cropped/10_Metas/19/14/20191019144900_00160.png,379.5,282.9,210.3,26.5,953
10/19/2019 14:50,datasets/dataset_cropped/10_Metas/19/14/20191019145000_00160.jpg,datasets_flow/dataset_cropped/10_Metas/19/14/20191019145000_00160.jpg,datasets_cloudmask/dataset_cropped/10_Metas/19/14/20191019145000_00160.png,307.8,164,208.2,26.6,953
10/19/2019 14:51,datasets/dataset_cropped/10_Metas/19/14/20191019145100_00160.jpg,datasets_flow/dataset_cropped/10_Metas/19/14/20191019145100_00160.jpg,datasets_cloudmask/dataset_cropped/10_Metas/19/14/20191019145100_00160.png,249.7,68.4,207.6,26.4,953
10/19/2019 14:52,datasets/dataset_cropped/10_Metas/19/14/20191019145200_00160.jpg,datasets_flow/dataset_cropped/10_Metas/19/14/20191019145200_00160.jpg,datasets_cloudmask/dataset_cropped/10_Metas/19/14/20191019145200_00160.png,261.9,83.1,211.4,26.3,953
10/19/2019 14:53,datasets/dataset_cropped/10_Metas/19/14/20191019145300_00160.jpg,datasets_flow/dataset_cropped/10_Metas/19/14/20191019145300_00160.jpg,datasets_cloudmask/dataset_cropped/10_Metas/19/14/20191019145300_00160.png,351.9,221.9,220.1,26,953
10/19/2019 14:54,datasets/dataset_cropped/10_Metas/19/14/20191019145400_00160.jpg,datasets_flow/dataset_cropped/10_Metas/19/14/20191019145400_00160.jpg,datasets_cloudmask/dataset_cropped/10_Metas/19/14/20191019145400_00160.png,599.3,617.9,236.1,25.6,953
10/19/2019 14:55,datasets/dataset_cropped/10_Metas/19/14/20191019145500_00160.jpg,datasets_flow/dataset_cropped/10_Metas/19/14/20191019145500_00160.jpg,datasets_cloudmask/dataset_cropped/10_Metas/19/14/20191019145500_00160.png,466.9,375,245,25.7,953
10/19/2019 14:56,datasets/dataset_cropped/10_Metas/19/14/20191019145600_00160.jpg,datasets_flow/dataset_cropped/10_Metas/19/14/20191019145600_00160.jpg,datasets_cloudmask/dataset_cropped/10_Metas/19/14/20191019145600_00160.png,424.7,295.5,249.7,26,953
10/19/2019 14:57,datasets/dataset_cropped/10_Metas/19/14/20191019145700_00160.jpg,datasets_flow/dataset_cropped/10_Metas/19/14/20191019145700_00160.jpg,datasets_cloudmask/dataset_cropped/10_Metas/19/14/20191019145700_00160.png,392.1,240.3,249.6,25.9,953
10/19/2019 14:58,datasets/dataset_cropped/10_Metas/19/14/20191019145800_00160.jpg,datasets_flow/dataset_cropped/10_Metas/19/14/20191019145800_00160.jpg,datasets_cloudmask/dataset_cropped/10_Metas/19/14/20191019145800_00160.png,395.5,252,246.6,25.8,953
10/19/2019 14:59,datasets/dataset_cropped/10_Metas/19/14/20191019145900_00160.jpg,datasets_flow/dataset_cropped/10_Metas/19/14/20191019145900_00160.jpg,datasets_cloudmask/dataset_cropped/10_Metas/19/14/20191019145900_00160.png,375.9,228,241.2,25.9,953
10/19/2019 15:00,datasets/dataset_cropped/10_Metas/19/15/20191019150000_00160.jpg,datasets_flow/dataset_cropped/10_Metas/19/15/20191019150000_00160.jpg,datasets_cloudmask/dataset_cropped/10_Metas/19/15/20191019150000_00160.png,370.4,227.2,236.1,26,953
10/19/2019 15:01,datasets/dataset_cropped/10_Metas/19/15/20191019150100_00160.jpg,datasets_flow/dataset_cropped/10_Metas/19/15/20191019150100_00160.jpg,datasets_cloudmask/dataset_cropped/10_Metas/19/15/20191019150100_00160.png,392.9,276.4,230.7,26,953
10/19/2019 15:02,datasets/dataset_cropped/10_Metas/19/15/20191019150200_00160.jpg,datasets_flow/dataset_cropped/10_Metas/19/15/20191019150200_00160.jpg,datasets_cloudmask/dataset_cropped/10_Metas/19/15/20191019150200_00160.png,378.5,263.4,224.1,25.8,953
10/19/2019 15:03,datasets/dataset_cropped/10_Metas/19/15/20191019150300_00160.jpg,datasets_flow/dataset_cropped/10_Metas/19/15/20191019150300_00160.jpg,datasets_cloudmask/dataset_cropped/10_Metas/19/15/20191019150300_00160.png,377.2,273.7,217.6,25.5,953
10/19/2019 15:04,datasets/dataset_cropped/10_Metas/19/15/20191019150400_00160.jpg,datasets_flow/dataset_cropped/10_Metas/19/15/20191019150400_00160.jpg,datasets_cloudmask/dataset_cropped/10_Metas/19/15/20191019150400_00160.png,390,308.9,211.1,25.3,953
10/19/2019 15:05,datasets/dataset_cropped/10_Metas/19/15/20191019150500_00160.jpg,datasets_flow/dataset_cropped/10_Metas/19/15/20191019150500_00160.jpg,datasets_cloudmask/dataset_cropped/10_Metas/19/15/20191019150500_00160.png,401.1,340.3,205,25.5,953
10/19/2019 15:06,datasets/dataset_cropped/10_Metas/19/15/20191019150600_00160.jpg,datasets_flow/dataset_cropped/10_Metas/19/15/20191019150600_00160.jpg,datasets_cloudmask/dataset_cropped/10_Metas/19/15/20191019150600_00160.png,398.5,349,198.7,25.6,953
10/19/2019 15:07,datasets/dataset_cropped/10_Metas/19/15/20191019150700_00160.jpg,datasets_flow/dataset_cropped/10_Metas/19/15/20191019150700_00160.jpg,datasets_cloudmask/dataset_cropped/10_Metas/19/15/20191019150700_00160.png,406.1,372.5,193.8,25.5,953
10/19/2019 15:08,datasets/dataset_cropped/10_Metas/19/15/20191019150800_00160.jpg,datasets_flow/dataset_cropped/10_Metas/19/15/20191019150800_00160.jpg,datasets_cloudmask/dataset_cropped/10_Metas/19/15/20191019150800_00160.png,375,328.1,189,25.4,953
10/19/2019 15:09,datasets/dataset_cropped/10_Metas/19/15/20191019150900_00160.jpg,datasets_flow/dataset_cropped/10_Metas/19/15/20191019150900_00160.jpg,datasets_cloudmask/dataset_cropped/10_Metas/19/15/20191019150900_00160.png,334.7,264.6,184.9,25.2,953
10/19/2019 15:10,datasets/dataset_cropped/10_Metas/19/15/20191019151000_00160.jpg,datasets_flow/dataset_cropped/10_Metas/19/15/20191019151000_00160.jpg,datasets_cloudmask/dataset_cropped/10_Metas/19/15/20191019151000_00160.png,330.8,261.6,183,25.3,953
10/19/2019 15:11,datasets/dataset_cropped/10_Metas/19/15/20191019151100_00160.jpg,datasets_flow/dataset_cropped/10_Metas/19/15/20191019151100_00160.jpg,datasets_cloudmask/dataset_cropped/10_Metas/19/15/20191019151100_00160.png,339.2,279,181.9,25.3,953
10/19/2019 15:12,datasets/dataset_cropped/10_Metas/19/15/20191019151200_00160.jpg,datasets_flow/dataset_cropped/10_Metas/19/15/20191019151200_00160.jpg,datasets_cloudmask/dataset_cropped/10_Metas/19/15/20191019151200_00160.png,269.4,155.8,180.9,25.1,953
10/19/2019 15:13,datasets/dataset_cropped/10_Metas/19/15/20191019151300_00160.jpg,datasets_flow/dataset_cropped/10_Metas/19/15/20191019151300_00160.jpg,datasets_cloudmask/dataset_cropped/10_Metas/19/15/20191019151300_00160.png,375.5,344.9,183.5,24.8,953
10/19/2019 15:14,datasets/dataset_cropped/10_Metas/19/15/20191019151400_00160.jpg,datasets_flow/dataset_cropped/10_Metas/19/15/20191019151400_00160.jpg,datasets_cloudmask/dataset_cropped/10_Metas/19/15/20191019151400_00160.png,363.2,319.8,185.9,24.7,953
10/19/2019 15:15,datasets/dataset_cropped/10_Metas/19/15/20191019151500_00160.jpg,datasets_flow/dataset_cropped/10_Metas/19/15/20191019151500_00160.jpg,datasets_cloudmask/dataset_cropped/10_Metas/19/15/20191019151500_00160.png,312.6,228,185.6,24.7,953
10/19/2019 15:16,datasets/dataset_cropped/10_Metas/19/15/20191019151600_00160.jpg,datasets_flow/dataset_cropped/10_Metas/19/15/20191019151600_00160.jpg,datasets_cloudmask/dataset_cropped/10_Metas/19/15/20191019151600_00160.png,243.1,103.6,184.4,24.7,953
10/19/2019 15:17,datasets/dataset_cropped/10_Metas/19/15/20191019151700_00160.jpg,datasets_flow/dataset_cropped/10_Metas/19/15/20191019151700_00160.jpg,datasets_cloudmask/dataset_cropped/10_Metas/19/15/20191019151700_00160.png,246.1,109.3,184.7,24.7,953
10/19/2019 15:18,datasets/dataset_cropped/10_Metas/19/15/20191019151800_00160.jpg,datasets_flow/dataset_cropped/10_Metas/19/15/20191019151800_00160.jpg,datasets_cloudmask/dataset_cropped/10_Metas/19/15/20191019151800_00160.png,274.9,158.4,187,24.7,953
10/19/2019 15:19,datasets/dataset_cropped/10_Metas/19/15/20191019151900_00160.jpg,datasets_flow/dataset_cropped/10_Metas/19/15/20191019151900_00160.jpg,datasets_cloudmask/dataset_cropped/10_Metas/19/15/20191019151900_00160.png,297.5,197.5,189.2,24.8,953
10/19/2019 15:20,datasets/dataset_cropped/10_Metas/19/15/20191019152000_00160.jpg,datasets_flow/dataset_cropped/10_Metas/19/15/20191019152000_00160.jpg,datasets_cloudmask/dataset_cropped/10_Metas/19/15/20191019152000_00160.png,402.6,386.8,193.9,24.7,953
10/19/2019 15:21,datasets/dataset_cropped/10_Metas/19/15/20191019152100_00160.jpg,datasets_flow/dataset_cropped/10_Metas/19/15/20191019152100_00160.jpg,datasets_cloudmask/dataset_cropped/10_Metas/19/15/20191019152100_00160.png,304.5,199.6,195.7,24.8,953
10/19/2019 15:22,datasets/dataset_cropped/10_Metas/19/15/20191019152200_00160.jpg,datasets_flow/dataset_cropped/10_Metas/19/15/20191019152200_00160.jpg,datasets_cloudmask/dataset_cropped/10_Metas/19/15/20191019152200_00160.png,281.8,155.5,197.2,24.9,953
10/19/2019 15:23,datasets/dataset_cropped/10_Metas/19/15/20191019152300_00160.jpg,datasets_flow/dataset_cropped/10_Metas/19/15/20191019152300_00160.jpg,datasets_cloudmask/dataset_cropped/10_Metas/19/15/20191019152300_00160.png,292.6,171,200.2,24.8,953
10/19/2019 15:24,datasets/dataset_cropped/10_Metas/19/15/20191019152400_00160.jpg,datasets_flow/dataset_cropped/10_Metas/19/15/20191019152400_00160.jpg,datasets_cloudmask/dataset_cropped/10_Metas/19/15/20191019152400_00160.png,359.1,289.2,204.4,25,953
10/19/2019 15:25,datasets/dataset_cropped/10_Metas/19/15/20191019152500_00160.jpg,datasets_flow/dataset_cropped/10_Metas/19/15/20191019152500_00160.jpg,datasets_cloudmask/dataset_cropped/10_Metas/19/15/20191019152500_00160.png,251.5,83.2,206.1,24.9,953
10/19/2019 15:26,datasets/dataset_cropped/10_Metas/19/15/20191019152600_00160.jpg,datasets_flow/dataset_cropped/10_Metas/19/15/20191019152600_00160.jpg,datasets_cloudmask/dataset_cropped/10_Metas/19/15/20191019152600_00160.png,255.7,90.2,207.5,24.8,953
10/19/2019 15:27,datasets/dataset_cropped/10_Metas/19/15/20191019152700_00160.jpg,datasets_flow/dataset_cropped/10_Metas/19/15/20191019152700_00160.jpg,datasets_cloudmask/dataset_cropped/10_Metas/19/15/20191019152700_00160.png,308.6,188.4,208.9,24.7,953
10/19/2019 15:28,datasets/dataset_cropped/10_Metas/19/15/20191019152800_00160.jpg,datasets_flow/dataset_cropped/10_Metas/19/15/20191019152800_00160.jpg,datasets_cloudmask/dataset_cropped/10_Metas/19/15/20191019152800_00160.png,251.9,81,208.5,24.7,953
10/19/2019 15:29,datasets/dataset_cropped/10_Metas/19/15/20191019152900_00160.jpg,datasets_flow/dataset_cropped/10_Metas/19/15/20191019152900_00160.jpg,datasets_cloudmask/dataset_cropped/10_Metas/19/15/20191019152900_00160.png,241.6,60.8,208.5,24.8,953
10/19/2019 15:30,datasets/dataset_cropped/10_Metas/19/15/20191019153000_00160.jpg,datasets_flow/dataset_cropped/10_Metas/19/15/20191019153000_00160.jpg,datasets_cloudmask/dataset_cropped/10_Metas/19/15/20191019153000_00160.png,217.9,14.2,209.5,24.6,953
10/19/2019 15:31,datasets/dataset_cropped/10_Metas/19/15/20191019153100_00160.jpg,datasets_flow/dataset_cropped/10_Metas/19/15/20191019153100_00160.jpg,datasets_cloudmask/dataset_cropped/10_Metas/19/15/20191019153100_00160.png,214.9,4.7,211.8,24.4,953
10/19/2019 15:32,datasets/dataset_cropped/10_Metas/19/15/20191019153200_00160.jpg,datasets_flow/dataset_cropped/10_Metas/19/15/20191019153200_00160.jpg,datasets_cloudmask/dataset_cropped/10_Metas/19/15/20191019153200_00160.png,220.4,7.4,216.1,24.5,953
10/19/2019 15:33,datasets/dataset_cropped/10_Metas/19/15/20191019153300_00160.jpg,datasets_flow/dataset_cropped/10_Metas/19/15/20191019153300_00160.jpg,datasets_cloudmask/dataset_cropped/10_Metas/19/15/20191019153300_00160.png,273.8,99.9,222.5,24.5,953
10/19/2019 15:34,datasets/dataset_cropped/10_Metas/19/15/20191019153400_00160.jpg,datasets_flow/dataset_cropped/10_Metas/19/15/20191019153400_00160.jpg,datasets_cloudmask/dataset_cropped/10_Metas/19/15/20191019153400_00160.png,419,368.5,231.6,24.6,953
10/19/2019 15:35,datasets/dataset_cropped/10_Metas/19/15/20191019153500_00160.jpg,datasets_flow/dataset_cropped/10_Metas/19/15/20191019153500_00160.jpg,datasets_cloudmask/dataset_cropped/10_Metas/19/15/20191019153500_00160.png,631.6,774.6,241.9,24.6,953
10/19/2019 15:36,datasets/dataset_cropped/10_Metas/19/15/20191019153600_00160.jpg,datasets_flow/dataset_cropped/10_Metas/19/15/20191019153600_00160.jpg,datasets_cloudmask/dataset_cropped/10_Metas/19/15/20191019153600_00160.png,439.1,396.1,240.2,24.6,953
10/19/2019 15:37,datasets/dataset_cropped/10_Metas/19/15/20191019153700_00160.jpg,datasets_flow/dataset_cropped/10_Metas/19/15/20191019153700_00160.jpg,datasets_cloudmask/dataset_cropped/10_Metas/19/15/20191019153700_00160.png,564.1,648,241.1,25,953
10/19/2019 15:38,datasets/dataset_cropped/10_Metas/19/15/20191019153800_00160.jpg,datasets_flow/dataset_cropped/10_Metas/19/15/20191019153800_00160.jpg,datasets_cloudmask/dataset_cropped/10_Metas/19/15/20191019153800_00160.png,342.7,215.4,235,25.1,953
10/19/2019 15:39,datasets/dataset_cropped/10_Metas/19/15/20191019153900_00160.jpg,datasets_flow/dataset_cropped/10_Metas/19/15/20191019153900_00160.jpg,datasets_cloudmask/dataset_cropped/10_Metas/19/15/20191019153900_00160.png,341.8,226.3,229.7,24.9,953
10/19/2019 15:40,datasets/dataset_cropped/10_Metas/19/15/20191019154000_00160.jpg,datasets_flow/dataset_cropped/10_Metas/19/15/20191019154000_00160.jpg,datasets_cloudmask/dataset_cropped/10_Metas/19/15/20191019154000_00160.png,421.5,397.1,225.6,24.8,953
10/19/2019 15:41,datasets/dataset_cropped/10_Metas/19/15/20191019154100_00160.jpg,datasets_flow/dataset_cropped/10_Metas/19/15/20191019154100_00160.jpg,datasets_cloudmask/dataset_cropped/10_Metas/19/15/20191019154100_00160.png,453.2,476.7,218.9,24.7,953
10/19/2019 15:42,datasets/dataset_cropped/10_Metas/19/15/20191019154200_00160.jpg,datasets_flow/dataset_cropped/10_Metas/19/15/20191019154200_00160.jpg,datasets_cloudmask/dataset_cropped/10_Metas/19/15/20191019154200_00160.png,477.4,546.4,210.2,24.8,953
10/19/2019 15:43,datasets/dataset_cropped/10_Metas/19/15/20191019154300_00160.jpg,datasets_flow/dataset_cropped/10_Metas/19/15/20191019154300_00160.jpg,datasets_cloudmask/dataset_cropped/10_Metas/19/15/20191019154300_00160.png,492.2,599.9,200.4,25,953
10/19/2019 15:44,datasets/dataset_cropped/10_Metas/19/15/20191019154400_00160.jpg,datasets_flow/dataset_cropped/10_Metas/19/15/20191019154400_00160.jpg,datasets_cloudmask/dataset_cropped/10_Metas/19/15/20191019154400_00160.png,521.1,683.1,191.2,25.2,953
10/19/2019 15:45,datasets/dataset_cropped/10_Metas/19/15/20191019154500_00160.jpg,datasets_flow/dataset_cropped/10_Metas/19/15/20191019154500_00160.jpg,datasets_cloudmask/dataset_cropped/10_Metas/19/15/20191019154500_00160.png,545.7,758.5,181.9,25.3,952
10/19/2019 15:46,datasets/dataset_cropped/10_Metas/19/15/20191019154600_00160.jpg,datasets_flow/dataset_cropped/10_Metas/19/15/20191019154600_00160.jpg,datasets_cloudmask/dataset_cropped/10_Metas/19/15/20191019154600_00160.png,537.7,767,171.9,25.4,952
10/19/2019 15:47,datasets/dataset_cropped/10_Metas/19/15/20191019154700_00160.jpg,datasets_flow/dataset_cropped/10_Metas/19/15/20191019154700_00160.jpg,datasets_cloudmask/dataset_cropped/10_Metas/19/15/20191019154700_00160.png,545.3,808,162.2,25.6,952
10/19/2019 15:48,datasets/dataset_cropped/10_Metas/19/15/20191019154800_00160.jpg,datasets_flow/dataset_cropped/10_Metas/19/15/20191019154800_00160.jpg,datasets_cloudmask/dataset_cropped/10_Metas/19/15/20191019154800_00160.png,516.3,769.6,152.8,25.6,952
10/19/2019 15:49,datasets/dataset_cropped/10_Metas/19/15/20191019154900_00160.jpg,datasets_flow/dataset_cropped/10_Metas/19/15/20191019154900_00160.jpg,datasets_cloudmask/dataset_cropped/10_Metas/19/15/20191019154900_00160.png,530.2,819,145.5,25.8,952
10/19/2019 15:50,datasets/dataset_cropped/10_Metas/19/15/20191019155000_00160.jpg,datasets_flow/dataset_cropped/10_Metas/19/15/20191019155000_00160.jpg,datasets_cloudmask/dataset_cropped/10_Metas/19/15/20191019155000_00160.png,523.8,822,139.5,25.7,952
10/19/2019 15:51,datasets/dataset_cropped/10_Metas/19/15/20191019155100_00160.jpg,datasets_flow/dataset_cropped/10_Metas/19/15/20191019155100_00160.jpg,datasets_cloudmask/dataset_cropped/10_Metas/19/15/20191019155100_00160.png,511.8,808,135.7,25.7,952
10/19/2019 15:52,datasets/dataset_cropped/10_Metas/19/15/20191019155200_00160.jpg,datasets_flow/dataset_cropped/10_Metas/19/15/20191019155200_00160.jpg,datasets_cloudmask/dataset_cropped/10_Metas/19/15/20191019155200_00160.png,434,649.2,132.5,25.6,952
10/19/2019 15:53,datasets/dataset_cropped/10_Metas/19/15/20191019155300_00160.jpg,datasets_flow/dataset_cropped/10_Metas/19/15/20191019155300_00160.jpg,datasets_cloudmask/dataset_cropped/10_Metas/19/15/20191019155300_00160.png,357.1,489.5,129.9,25.6,952
10/19/2019 15:54,datasets/dataset_cropped/10_Metas/19/15/20191019155400_00160.jpg,datasets_flow/dataset_cropped/10_Metas/19/15/20191019155400_00160.jpg,datasets_cloudmask/dataset_cropped/10_Metas/19/15/20191019155400_00160.png,311.8,395.3,128.8,25.5,953
10/19/2019 15:55,datasets/dataset_cropped/10_Metas/19/15/20191019155500_00160.jpg,datasets_flow/dataset_cropped/10_Metas/19/15/20191019155500_00160.jpg,datasets_cloudmask/dataset_cropped/10_Metas/19/15/20191019155500_00160.png,282.1,333.7,128.1,25.6,952
10/19/2019 15:56,datasets/dataset_cropped/10_Metas/19/15/20191019155600_00160.jpg,datasets_flow/dataset_cropped/10_Metas/19/15/20191019155600_00160.jpg,datasets_cloudmask/dataset_cropped/10_Metas/19/15/20191019155600_00160.png,258.3,282.2,128.3,25.5,952
10/19/2019 15:57,datasets/dataset_cropped/10_Metas/19/15/20191019155700_00160.jpg,datasets_flow/dataset_cropped/10_Metas/19/15/20191019155700_00160.jpg,datasets_cloudmask/dataset_cropped/10_Metas/19/15/20191019155700_00160.png,295.3,361.4,130.1,25.6,952
10/19/2019 15:58,datasets/dataset_cropped/10_Metas/19/15/20191019155800_00160.jpg,datasets_flow/dataset_cropped/10_Metas/19/15/20191019155800_00160.jpg,datasets_cloudmask/dataset_cropped/10_Metas/19/15/20191019155800_00160.png,255.8,274.7,130.7,25.5,952
10/19/2019 15:59,datasets/dataset_cropped/10_Metas/19/15/20191019155900_00160.jpg,datasets_flow/dataset_cropped/10_Metas/19/15/20191019155900_00160.jpg,datasets_cloudmask/dataset_cropped/10_Metas/19/15/20191019155900_00160.png,287.4,342.7,132.6,25.6,953
10/19/2019 16:00,datasets/dataset_cropped/10_Metas/19/16/20191019160000_00160.jpg,datasets_flow/dataset_cropped/10_Metas/19/16/20191019160000_00160.jpg,datasets_cloudmask/dataset_cropped/10_Metas/19/16/20191019160000_00160.png,380.2,545.9,136.5,25.7,952
10/19/2019 16:01,datasets/dataset_cropped/10_Metas/19/16/20191019160100_00160.jpg,datasets_flow/dataset_cropped/10_Metas/19/16/20191019160100_00160.jpg,datasets_cloudmask/dataset_cropped/10_Metas/19/16/20191019160100_00160.png,444.2,687,140,25.7,952
10/19/2019 16:02,datasets/dataset_cropped/10_Metas/19/16/20191019160200_00160.jpg,datasets_flow/dataset_cropped/10_Metas/19/16/20191019160200_00160.jpg,datasets_cloudmask/dataset_cropped/10_Metas/19/16/20191019160200_00160.png,460.5,723.4,142.3,25.8,952
10/19/2019 16:03,datasets/dataset_cropped/10_Metas/19/16/20191019160300_00160.jpg,datasets_flow/dataset_cropped/10_Metas/19/16/20191019160300_00160.jpg,datasets_cloudmask/dataset_cropped/10_Metas/19/16/20191019160300_00160.png,409.4,608,142.9,25.8,953
10/19/2019 16:04,datasets/dataset_cropped/10_Metas/19/16/20191019160400_00160.jpg,datasets_flow/dataset_cropped/10_Metas/19/16/20191019160400_00160.jpg,datasets_cloudmask/dataset_cropped/10_Metas/19/16/20191019160400_00160.png,373.4,527.3,143.2,25.9,952
10/19/2019 16:05,datasets/dataset_cropped/10_Metas/19/16/20191019160500_00160.jpg,datasets_flow/dataset_cropped/10_Metas/19/16/20191019160500_00160.jpg,datasets_cloudmask/dataset_cropped/10_Metas/19/16/20191019160500_00160.png,274.9,305.9,141.4,26.1,952
10/19/2019 16:06,datasets/dataset_cropped/10_Metas/19/16/20191019160600_00160.jpg,datasets_flow/dataset_cropped/10_Metas/19/16/20191019160600_00160.jpg,datasets_cloudmask/dataset_cropped/10_Metas/19/16/20191019160600_00160.png,213.3,170.1,138.9,26,952
10/19/2019 16:07,datasets/dataset_cropped/10_Metas/19/16/20191019160700_00160.jpg,datasets_flow/dataset_cropped/10_Metas/19/16/20191019160700_00160.jpg,datasets_cloudmask/dataset_cropped/10_Metas/19/16/20191019160700_00160.png,204,154.3,137,25.8,953
10/19/2019 16:08,datasets/dataset_cropped/10_Metas/19/16/20191019160800_00160.jpg,datasets_flow/dataset_cropped/10_Metas/19/16/20191019160800_00160.jpg,datasets_cloudmask/dataset_cropped/10_Metas/19/16/20191019160800_00160.png,210.2,171.4,136,25.7,952
10/19/2019 16:09,datasets/dataset_cropped/10_Metas/19/16/20191019160900_00160.jpg,datasets_flow/dataset_cropped/10_Metas/19/16/20191019160900_00160.jpg,datasets_cloudmask/dataset_cropped/10_Metas/19/16/20191019160900_00160.png,197.1,143.1,135.5,25.6,952
10/19/2019 16:10,datasets/dataset_cropped/10_Metas/19/16/20191019161000_00160.jpg,datasets_flow/dataset_cropped/10_Metas/19/16/20191019161000_00160.jpg,datasets_cloudmask/dataset_cropped/10_Metas/19/16/20191019161000_00160.png,246.7,257.7,137.1,25.5,952
10/19/2019 16:11,datasets/dataset_cropped/10_Metas/19/16/20191019161100_00160.jpg,datasets_flow/dataset_cropped/10_Metas/19/16/20191019161100_00160.jpg,datasets_cloudmask/dataset_cropped/10_Metas/19/16/20191019161100_00160.png,279.7,334.7,138.8,25.5,952
10/19/2019 16:12,datasets/dataset_cropped/10_Metas/19/16/20191019161200_00160.jpg,datasets_flow/dataset_cropped/10_Metas/19/16/20191019161200_00160.jpg,datasets_cloudmask/dataset_cropped/10_Metas/19/16/20191019161200_00160.png,321.2,434.4,140.1,25.3,952
10/19/2019 16:13,datasets/dataset_cropped/10_Metas/19/16/20191019161300_00160.jpg,datasets_flow/dataset_cropped/10_Metas/19/16/20191019161300_00160.jpg,datasets_cloudmask/dataset_cropped/10_Metas/19/16/20191019161300_00160.png,246,260.5,137.4,25.3,952
10/19/2019 16:14,datasets/dataset_cropped/10_Metas/19/16/20191019161400_00160.jpg,datasets_flow/dataset_cropped/10_Metas/19/16/20191019161400_00160.jpg,datasets_cloudmask/dataset_cropped/10_Metas/19/16/20191019161400_00160.png,176.4,101.9,133.6,25.5,952
10/19/2019 16:15,datasets/dataset_cropped/10_Metas/19/16/20191019161500_00160.jpg,datasets_flow/dataset_cropped/10_Metas/19/16/20191019161500_00160.jpg,datasets_cloudmask/dataset_cropped/10_Metas/19/16/20191019161500_00160.png,205.9,177.2,132.9,25.4,952
10/19/2019 16:16,datasets/dataset_cropped/10_Metas/19/16/20191019161600_00160.jpg,datasets_flow/dataset_cropped/10_Metas/19/16/20191019161600_00160.jpg,datasets_cloudmask/dataset_cropped/10_Metas/19/16/20191019161600_00160.png,222.1,216.5,133.7,25.4,952
10/19/2019 16:17,datasets/dataset_cropped/10_Metas/19/16/20191019161700_00160.jpg,datasets_flow/dataset_cropped/10_Metas/19/16/20191019161700_00160.jpg,datasets_cloudmask/dataset_cropped/10_Metas/19/16/20191019161700_00160.png,224.8,220,135.7,25.2,952
10/19/2019 16:18,datasets/dataset_cropped/10_Metas/19/16/20191019161800_00160.jpg,datasets_flow/dataset_cropped/10_Metas/19/16/20191019161800_00160.jpg,datasets_cloudmask/dataset_cropped/10_Metas/19/16/20191019161800_00160.png,224.2,212.8,138.5,25.2,952
10/19/2019 16:19,datasets/dataset_cropped/10_Metas/19/16/20191019161900_00160.jpg,datasets_flow/dataset_cropped/10_Metas/19/16/20191019161900_00160.jpg,datasets_cloudmask/dataset_cropped/10_Metas/19/16/20191019161900_00160.png,216.2,186.3,141.6,25.2,952
10/19/2019 16:20,datasets/dataset_cropped/10_Metas/19/16/20191019162000_00160.jpg,datasets_flow/dataset_cropped/10_Metas/19/16/20191019162000_00160.jpg,datasets_cloudmask/dataset_cropped/10_Metas/19/16/20191019162000_00160.png,244,247.2,146.2,25.1,952
10/19/2019 16:21,datasets/dataset_cropped/10_Metas/19/16/20191019162100_00160.jpg,datasets_flow/dataset_cropped/10_Metas/19/16/20191019162100_00160.jpg,datasets_cloudmask/dataset_cropped/10_Metas/19/16/20191019162100_00160.png,215.9,166.9,149.9,25,952
10/19/2019 16:22,datasets/dataset_cropped/10_Metas/19/16/20191019162200_00160.jpg,datasets_flow/dataset_cropped/10_Metas/19/16/20191019162200_00160.jpg,datasets_cloudmask/dataset_cropped/10_Metas/19/16/20191019162200_00160.png,196.2,107,153.6,24.9,952
10/19/2019 16:23,datasets/dataset_cropped/10_Metas/19/16/20191019162300_00160.jpg,datasets_flow/dataset_cropped/10_Metas/19/16/20191019162300_00160.jpg,datasets_cloudmask/dataset_cropped/10_Metas/19/16/20191019162300_00160.png,195.8,97.7,157.2,24.9,952
10/19/2019 16:24,datasets/dataset_cropped/10_Metas/19/16/20191019162400_00160.jpg,datasets_flow/dataset_cropped/10_Metas/19/16/20191019162400_00160.jpg,datasets_cloudmask/dataset_cropped/10_Metas/19/16/20191019162400_00160.png,217.6,147.4,160.7,24.9,952
10/19/2019 16:25,datasets/dataset_cropped/10_Metas/19/16/20191019162500_00160.jpg,datasets_flow/dataset_cropped/10_Metas/19/16/20191019162500_00160.jpg,datasets_cloudmask/dataset_cropped/10_Metas/19/16/20191019162500_00160.png,281,305.8,164.6,24.8,952
10/19/2019 16:26,datasets/dataset_cropped/10_Metas/19/16/20191019162600_00160.jpg,datasets_flow/dataset_cropped/10_Metas/19/16/20191019162600_00160.jpg,datasets_cloudmask/dataset_cropped/10_Metas/19/16/20191019162600_00160.png,363.2,515.6,169.1,24.8,952
10/19/2019 16:27,datasets/dataset_cropped/10_Metas/19/16/20191019162700_00160.jpg,datasets_flow/dataset_cropped/10_Metas/19/16/20191019162700_00160.jpg,datasets_cloudmask/dataset_cropped/10_Metas/19/16/20191019162700_00160.png,328.2,423.2,170.2,24.9,952
10/19/2019 16:28,datasets/dataset_cropped/10_Metas/19/16/20191019162800_00160.jpg,datasets_flow/dataset_cropped/10_Metas/19/16/20191019162800_00160.jpg,datasets_cloudmask/dataset_cropped/10_Metas/19/16/20191019162800_00160.png,333.8,442.6,169.8,25.2,952
10/19/2019 16:29,datasets/dataset_cropped/10_Metas/19/16/20191019162900_00160.jpg,datasets_flow/dataset_cropped/10_Metas/19/16/20191019162900_00160.jpg,datasets_cloudmask/dataset_cropped/10_Metas/19/16/20191019162900_00160.png,299.6,358.7,167.9,25.3,952
10/19/2019 16:30,datasets/dataset_cropped/10_Metas/19/16/20191019163000_00160.jpg,datasets_flow/dataset_cropped/10_Metas/19/16/20191019163000_00160.jpg,datasets_cloudmask/dataset_cropped/10_Metas/19/16/20191019163000_00160.png,321.4,425.5,166.3,25.3,952
10/19/2019 16:31,datasets/dataset_cropped/10_Metas/19/16/20191019163100_00160.jpg,datasets_flow/dataset_cropped/10_Metas/19/16/20191019163100_00160.jpg,datasets_cloudmask/dataset_cropped/10_Metas/19/16/20191019163100_00160.png,330,456.8,164.7,25.3,952
10/19/2019 16:32,datasets/dataset_cropped/10_Metas/19/16/20191019163200_00160.jpg,datasets_flow/dataset_cropped/10_Metas/19/16/20191019163200_00160.jpg,datasets_cloudmask/dataset_cropped/10_Metas/19/16/20191019163200_00160.png,319.9,437.6,162.6,25.5,952
10/19/2019 16:33,datasets/dataset_cropped/10_Metas/19/16/20191019163300_00160.jpg,datasets_flow/dataset_cropped/10_Metas/19/16/20191019163300_00160.jpg,datasets_cloudmask/dataset_cropped/10_Metas/19/16/20191019163300_00160.png,250.7,255.5,159.3,25.6,952
10/19/2019 16:34,datasets/dataset_cropped/10_Metas/19/16/20191019163400_00160.jpg,datasets_flow/dataset_cropped/10_Metas/19/16/20191019163400_00160.jpg,datasets_cloudmask/dataset_cropped/10_Metas/19/16/20191019163400_00160.png,277.2,336.7,157.7,25.4,952
10/19/2019 16:35,datasets/dataset_cropped/10_Metas/19/16/20191019163500_00160.jpg,datasets_flow/dataset_cropped/10_Metas/19/16/20191019163500_00160.jpg,datasets_cloudmask/dataset_cropped/10_Metas/19/16/20191019163500_00160.png,256.3,284.1,156.2,25.1,952
10/19/2019 16:36,datasets/dataset_cropped/10_Metas/19/16/20191019163600_00160.jpg,datasets_flow/dataset_cropped/10_Metas/19/16/20191019163600_00160.jpg,datasets_cloudmask/dataset_cropped/10_Metas/19/16/20191019163600_00160.png,239.9,246.5,153.9,25.1,952
10/19/2019 16:37,datasets/dataset_cropped/10_Metas/19/16/20191019163700_00160.jpg,datasets_flow/dataset_cropped/10_Metas/19/16/20191019163700_00160.jpg,datasets_cloudmask/dataset_cropped/10_Metas/19/16/20191019163700_00160.png,249.4,280.5,152.1,25.1,952
10/19/2019 16:38,datasets/dataset_cropped/10_Metas/19/16/20191019163800_00160.jpg,datasets_flow/dataset_cropped/10_Metas/19/16/20191019163800_00160.jpg,datasets_cloudmask/dataset_cropped/10_Metas/19/16/20191019163800_00160.png,219.3,200.2,149.9,25.1,952
10/19/2019 16:39,datasets/dataset_cropped/10_Metas/19/16/20191019163900_00160.jpg,datasets_flow/dataset_cropped/10_Metas/19/16/20191019163900_00160.jpg,datasets_cloudmask/dataset_cropped/10_Metas/19/16/20191019163900_00160.png,170.5,66.3,147.1,25,952
10/19/2019 16:40,datasets/dataset_cropped/10_Metas/19/16/20191019164000_00160.jpg,datasets_flow/dataset_cropped/10_Metas/19/16/20191019164000_00160.jpg,datasets_cloudmask/dataset_cropped/10_Metas/19/16/20191019164000_00160.png,152,19.6,144.8,24.9,952
10/19/2019 16:41,datasets/dataset_cropped/10_Metas/19/16/20191019164100_00160.jpg,datasets_flow/dataset_cropped/10_Metas/19/16/20191019164100_00160.jpg,datasets_cloudmask/dataset_cropped/10_Metas/19/16/20191019164100_00160.png,147.2,12.8,142.8,24.8,952
10/19/2019 16:42,datasets/dataset_cropped/10_Metas/19/16/20191019164200_00160.jpg,datasets_flow/dataset_cropped/10_Metas/19/16/20191019164200_00160.jpg,datasets_cloudmask/dataset_cropped/10_Metas/19/16/20191019164200_00160.png,144.8,11.2,140.9,24.7,952
10/19/2019 16:43,datasets/dataset_cropped/10_Metas/19/16/20191019164300_00160.jpg,datasets_flow/dataset_cropped/10_Metas/19/16/20191019164300_00160.jpg,datasets_cloudmask/dataset_cropped/10_Metas/19/16/20191019164300_00160.png,142.5,8.8,139.3,24.6,952
10/19/2019 16:44,datasets/dataset_cropped/10_Metas/19/16/20191019164400_00160.jpg,datasets_flow/dataset_cropped/10_Metas/19/16/20191019164400_00160.jpg,datasets_cloudmask/dataset_cropped/10_Metas/19/16/20191019164400_00160.png,140.1,5.2,138,24.6,952
10/19/2019 16:45,datasets/dataset_cropped/10_Metas/19/16/20191019164500_00160.jpg,datasets_flow/dataset_cropped/10_Metas/19/16/20191019164500_00160.jpg,datasets_cloudmask/dataset_cropped/10_Metas/19/16/20191019164500_00160.png,138.3,4.1,136.7,24.6,952
10/19/2019 16:46,datasets/dataset_cropped/10_Metas/19/16/20191019164600_00160.jpg,datasets_flow/dataset_cropped/10_Metas/19/16/20191019164600_00160.jpg,datasets_cloudmask/dataset_cropped/10_Metas/19/16/20191019164600_00160.png,138.1,8.3,135.2,24.6,952
10/19/2019 16:47,datasets/dataset_cropped/10_Metas/19/16/20191019164700_00160.jpg,datasets_flow/dataset_cropped/10_Metas/19/16/20191019164700_00160.jpg,datasets_cloudmask/dataset_cropped/10_Metas/19/16/20191019164700_00160.png,145.7,34.8,134.3,24.6,952
10/19/2019 16:48,datasets/dataset_cropped/10_Metas/19/16/20191019164800_00160.jpg,datasets_flow/dataset_cropped/10_Metas/19/16/20191019164800_00160.jpg,datasets_cloudmask/dataset_cropped/10_Metas/19/16/20191019164800_00160.png,180.8,147.2,134.2,24.6,952
10/19/2019 16:49,datasets/dataset_cropped/10_Metas/19/16/20191019164900_00160.jpg,datasets_flow/dataset_cropped/10_Metas/19/16/20191019164900_00160.jpg,datasets_cloudmask/dataset_cropped/10_Metas/19/16/20191019164900_00160.png,213.1,249.4,134.8,24.6,952
10/19/2019 16:50,datasets/dataset_cropped/10_Metas/19/16/20191019165000_00160.jpg,datasets_flow/dataset_cropped/10_Metas/19/16/20191019165000_00160.jpg,datasets_cloudmask/dataset_cropped/10_Metas/19/16/20191019165000_00160.png,152.3,60,133.1,24.6,952
10/19/2019 16:51,datasets/dataset_cropped/10_Metas/19/16/20191019165100_00160.jpg,datasets_flow/dataset_cropped/10_Metas/19/16/20191019165100_00160.jpg,datasets_cloudmask/dataset_cropped/10_Metas/19/16/20191019165100_00160.png,173.2,137.3,131.5,24.6,952
10/19/2019 16:52,datasets/dataset_cropped/10_Metas/19/16/20191019165200_00160.jpg,datasets_flow/dataset_cropped/10_Metas/19/16/20191019165200_00160.jpg,datasets_cloudmask/dataset_cropped/10_Metas/19/16/20191019165200_00160.png,200.3,230.9,130.3,24.6,952
10/19/2019 16:53,datasets/dataset_cropped/10_Metas/19/16/20191019165300_00160.jpg,datasets_flow/dataset_cropped/10_Metas/19/16/20191019165300_00160.jpg,datasets_cloudmask/dataset_cropped/10_Metas/19/16/20191019165300_00160.png,183.6,183.4,128.4,24.7,952
10/19/2019 16:54,datasets/dataset_cropped/10_Metas/19/16/20191019165400_00160.jpg,datasets_flow/dataset_cropped/10_Metas/19/16/20191019165400_00160.jpg,datasets_cloudmask/dataset_cropped/10_Metas/19/16/20191019165400_00160.png,159.5,110.3,126.4,24.8,952
10/19/2019 16:55,datasets/dataset_cropped/10_Metas/19/16/20191019165500_00160.jpg,datasets_flow/dataset_cropped/10_Metas/19/16/20191019165500_00160.jpg,datasets_cloudmask/dataset_cropped/10_Metas/19/16/20191019165500_00160.png,146.7,73.3,124.9,24.8,952
10/19/2019 16:56,datasets/dataset_cropped/10_Metas/19/16/20191019165600_00160.jpg,datasets_flow/dataset_cropped/10_Metas/19/16/20191019165600_00160.jpg,datasets_cloudmask/dataset_cropped/10_Metas/19/16/20191019165600_00160.png,159.4,118.2,125,24.9,952
10/19/2019 16:57,datasets/dataset_cropped/10_Metas/19/16/20191019165700_00160.jpg,datasets_flow/dataset_cropped/10_Metas/19/16/20191019165700_00160.jpg,datasets_cloudmask/dataset_cropped/10_Metas/19/16/20191019165700_00160.png,159.9,118.3,125.7,24.8,952
10/19/2019 16:58,datasets/dataset_cropped/10_Metas/19/16/20191019165800_00160.jpg,datasets_flow/dataset_cropped/10_Metas/19/16/20191019165800_00160.jpg,datasets_cloudmask/dataset_cropped/10_Metas/19/16/20191019165800_00160.png,160.3,115.7,127.1,24.8,952
10/19/2019 16:59,datasets/dataset_cropped/10_Metas/19/16/20191019165900_00160.jpg,datasets_flow/dataset_cropped/10_Metas/19/16/20191019165900_00160.jpg,datasets_cloudmask/dataset_cropped/10_Metas/19/16/20191019165900_00160.png,162.2,116.8,129.2,24.7,952
10/19/2019 17:00,datasets/dataset_cropped/10_Metas/19/17/20191019170000_00160.jpg,datasets_flow/dataset_cropped/10_Metas/19/17/20191019170000_00160.jpg,datasets_cloudmask/dataset_cropped/10_Metas/19/17/20191019170000_00160.png,178.3,167.2,131.8,24.7,952
10/19/2019 17:01,datasets/dataset_cropped/10_Metas/19/17/20191019170100_00160.jpg,datasets_flow/dataset_cropped/10_Metas/19/17/20191019170100_00160.jpg,datasets_cloudmask/dataset_cropped/10_Metas/19/17/20191019170100_00160.png,212.8,283.1,135,24.7,952
10/19/2019 17:02,datasets/dataset_cropped/10_Metas/19/17/20191019170200_00160.jpg,datasets_flow/dataset_cropped/10_Metas/19/17/20191019170200_00160.jpg,datasets_cloudmask/dataset_cropped/10_Metas/19/17/20191019170200_00160.png,207.4,257.2,137.3,24.6,952
10/19/2019 17:03,datasets/dataset_cropped/10_Metas/19/17/20191019170300_00160.jpg,datasets_flow/dataset_cropped/10_Metas/19/17/20191019170300_00160.jpg,datasets_cloudmask/dataset_cropped/10_Metas/19/17/20191019170300_00160.png,190.8,195,138.2,24.5,952
10/19/2019 17:04,datasets/dataset_cropped/10_Metas/19/17/20191019170400_00160.jpg,datasets_flow/dataset_cropped/10_Metas/19/17/20191019170400_00160.jpg,datasets_cloudmask/dataset_cropped/10_Metas/19/17/20191019170400_00160.png,175.2,139.5,137.9,24.5,952
10/19/2019 17:05,datasets/dataset_cropped/10_Metas/19/17/20191019170500_00160.jpg,datasets_flow/dataset_cropped/10_Metas/19/17/20191019170500_00160.jpg,datasets_cloudmask/dataset_cropped/10_Metas/19/17/20191019170500_00160.png,162.3,98.2,136.4,24.5,952
10/19/2019 17:06,datasets/dataset_cropped/10_Metas/19/17/20191019170600_00160.jpg,datasets_flow/dataset_cropped/10_Metas/19/17/20191019170600_00160.jpg,datasets_cloudmask/dataset_cropped/10_Metas/19/17/20191019170600_00160.png,153.3,74.8,134,24.5,952
10/19/2019 17:07,datasets/dataset_cropped/10_Metas/19/17/20191019170700_00160.jpg,datasets_flow/dataset_cropped/10_Metas/19/17/20191019170700_00160.jpg,datasets_cloudmask/dataset_cropped/10_Metas/19/17/20191019170700_00160.png,160.8,116,131.2,24.6,952
10/19/2019 17:08,datasets/dataset_cropped/10_Metas/19/17/20191019170800_00160.jpg,datasets_flow/dataset_cropped/10_Metas/19/17/20191019170800_00160.jpg,datasets_cloudmask/dataset_cropped/10_Metas/19/17/20191019170800_00160.png,175,183.9,128.5,24.6,952
10/19/2019 17:09,datasets/dataset_cropped/10_Metas/19/17/20191019170900_00160.jpg,datasets_flow/dataset_cropped/10_Metas/19/17/20191019170900_00160.jpg,datasets_cloudmask/dataset_cropped/10_Metas/19/17/20191019170900_00160.png,171.1,181.4,125.5,24.5,952
10/19/2019 17:10,datasets/dataset_cropped/10_Metas/19/17/20191019171000_00160.jpg,datasets_flow/dataset_cropped/10_Metas/19/17/20191019171000_00160.jpg,datasets_cloudmask/dataset_cropped/10_Metas/19/17/20191019171000_00160.png,173.7,204.3,123,24.5,952
10/19/2019 17:11,datasets/dataset_cropped/10_Metas/19/17/20191019171100_00160.jpg,datasets_flow/dataset_cropped/10_Metas/19/17/20191019171100_00160.jpg,datasets_cloudmask/dataset_cropped/10_Metas/19/17/20191019171100_00160.png,158.6,154.3,120.5,24.5,952
10/19/2019 17:12,datasets/dataset_cropped/10_Metas/19/17/20191019171200_00160.jpg,datasets_flow/dataset_cropped/10_Metas/19/17/20191019171200_00160.jpg,datasets_cloudmask/dataset_cropped/10_Metas/19/17/20191019171200_00160.png,149,125.9,118.4,24.4,952
10/19/2019 17:13,datasets/dataset_cropped/10_Metas/19/17/20191019171300_00160.jpg,datasets_flow/dataset_cropped/10_Metas/19/17/20191019171300_00160.jpg,datasets_cloudmask/dataset_cropped/10_Metas/19/17/20191019171300_00160.png,149.2,134.7,116.9,24.4,952
10/19/2019 17:14,datasets/dataset_cropped/10_Metas/19/17/20191019171400_00160.jpg,datasets_flow/dataset_cropped/10_Metas/19/17/20191019171400_00160.jpg,datasets_cloudmask/dataset_cropped/10_Metas/19/17/20191019171400_00160.png,144.7,124.3,115.3,24.4,952
10/19/2019 17:15,datasets/dataset_cropped/10_Metas/19/17/20191019171500_00160.jpg,datasets_flow/dataset_cropped/10_Metas/19/17/20191019171500_00160.jpg,datasets_cloudmask/dataset_cropped/10_Metas/19/17/20191019171500_00160.png,138.3,104.8,113.8,24.5,952
10/19/2019 17:16,datasets/dataset_cropped/10_Metas/19/17/20191019171600_00160.jpg,datasets_flow/dataset_cropped/10_Metas/19/17/20191019171600_00160.jpg,datasets_cloudmask/dataset_cropped/10_Metas/19/17/20191019171600_00160.png,156.7,192.5,112.6,24.5,952
10/19/2019 17:17,datasets/dataset_cropped/10_Metas/19/17/20191019171700_00160.jpg,datasets_flow/dataset_cropped/10_Metas/19/17/20191019171700_00160.jpg,datasets_cloudmask/dataset_cropped/10_Metas/19/17/20191019171700_00160.png,165.3,238.1,111.5,24.5,952
10/19/2019 17:18,datasets/dataset_cropped/10_Metas/19/17/20191019171800_00160.jpg,datasets_flow/dataset_cropped/10_Metas/19/17/20191019171800_00160.jpg,datasets_cloudmask/dataset_cropped/10_Metas/19/17/20191019171800_00160.png,167.1,256.9,110.1,24.5,952
10/19/2019 17:19,datasets/dataset_cropped/10_Metas/19/17/20191019171900_00160.jpg,datasets_flow/dataset_cropped/10_Metas/19/17/20191019171900_00160.jpg,datasets_cloudmask/dataset_cropped/10_Metas/19/17/20191019171900_00160.png,169.8,277.5,108.8,24.5,952
10/19/2019 17:20,datasets/dataset_cropped/10_Metas/19/17/20191019172000_00160.jpg,datasets_flow/dataset_cropped/10_Metas/19/17/20191019172000_00160.jpg,datasets_cloudmask/dataset_cropped/10_Metas/19/17/20191019172000_00160.png,140.5,155.5,106.8,24.6,952
10/19/2019 17:21,datasets/dataset_cropped/10_Metas/19/17/20191019172100_00160.jpg,datasets_flow/dataset_cropped/10_Metas/19/17/20191019172100_00160.jpg,datasets_cloudmask/dataset_cropped/10_Metas/19/17/20191019172100_00160.png,145.8,189.7,105.3,24.6,952
10/19/2019 17:22,datasets/dataset_cropped/10_Metas/19/17/20191019172200_00160.jpg,datasets_flow/dataset_cropped/10_Metas/19/17/20191019172200_00160.jpg,datasets_cloudmask/dataset_cropped/10_Metas/19/17/20191019172200_00160.png,146.7,202.7,104.1,24.5,952
10/19/2019 17:23,datasets/dataset_cropped/10_Metas/19/17/20191019172300_00160.jpg,datasets_flow/dataset_cropped/10_Metas/19/17/20191019172300_00160.jpg,datasets_cloudmask/dataset_cropped/10_Metas/19/17/20191019172300_00160.png,166.8,306.8,103.4,24.5,952
10/19/2019 17:24,datasets/dataset_cropped/10_Metas/19/17/20191019172400_00160.jpg,datasets_flow/dataset_cropped/10_Metas/19/17/20191019172400_00160.jpg,datasets_cloudmask/dataset_cropped/10_Metas/19/17/20191019172400_00160.png,170.9,335.4,102.6,24.4,952
10/19/2019 17:25,datasets/dataset_cropped/10_Metas/19/17/20191019172500_00160.jpg,datasets_flow/dataset_cropped/10_Metas/19/17/20191019172500_00160.jpg,datasets_cloudmask/dataset_cropped/10_Metas/19/17/20191019172500_00160.png,167.2,327.6,101.6,24.5,952
10/19/2019 17:26,datasets/dataset_cropped/10_Metas/19/17/20191019172600_00160.jpg,datasets_flow/dataset_cropped/10_Metas/19/17/20191019172600_00160.jpg,datasets_cloudmask/dataset_cropped/10_Metas/19/17/20191019172600_00160.png,154.3,275.1,100.1,24.6,952
10/19/2019 17:27,datasets/dataset_cropped/10_Metas/19/17/20191019172700_00160.jpg,datasets_flow/dataset_cropped/10_Metas/19/17/20191019172700_00160.jpg,datasets_cloudmask/dataset_cropped/10_Metas/19/17/20191019172700_00160.png,132.1,175.3,98,24.6,952
10/19/2019 17:28,datasets/dataset_cropped/10_Metas/19/17/20191019172800_00160.jpg,datasets_flow/dataset_cropped/10_Metas/19/17/20191019172800_00160.jpg,datasets_cloudmask/dataset_cropped/10_Metas/19/17/20191019172800_00160.png,126.1,157.7,96,24.6,952
10/19/2019 17:29,datasets/dataset_cropped/10_Metas/19/17/20191019172900_00160.jpg,datasets_flow/dataset_cropped/10_Metas/19/17/20191019172900_00160.jpg,datasets_cloudmask/dataset_cropped/10_Metas/19/17/20191019172900_00160.png,129.8,189.3,94.3,24.5,952
10/19/2019 17:30,datasets/dataset_cropped/10_Metas/19/17/20191019173000_00160.jpg,datasets_flow/dataset_cropped/10_Metas/19/17/20191019173000_00160.jpg,datasets_cloudmask/dataset_cropped/10_Metas/19/17/20191019173000_00160.png,130.7,205.8,92.6,24.4,952
10/19/2019 17:31,datasets/dataset_cropped/10_Metas/19/17/20191019173100_00160.jpg,datasets_flow/dataset_cropped/10_Metas/19/17/20191019173100_00160.jpg,datasets_cloudmask/dataset_cropped/10_Metas/19/17/20191019173100_00160.png,127,197,91,24.4,952
10/19/2019 17:32,datasets/dataset_cropped/10_Metas/19/17/20191019173200_00160.jpg,datasets_flow/dataset_cropped/10_Metas/19/17/20191019173200_00160.jpg,datasets_cloudmask/dataset_cropped/10_Metas/19/17/20191019173200_00160.png,135.4,255.1,89.9,24.2,952
10/19/2019 17:33,datasets/dataset_cropped/10_Metas/19/17/20191019173300_00160.jpg,datasets_flow/dataset_cropped/10_Metas/19/17/20191019173300_00160.jpg,datasets_cloudmask/dataset_cropped/10_Metas/19/17/20191019173300_00160.png,141.2,297.6,89,24.3,952
10/19/2019 17:34,datasets/dataset_cropped/10_Metas/19/17/20191019173400_00160.jpg,datasets_flow/dataset_cropped/10_Metas/19/17/20191019173400_00160.jpg,datasets_cloudmask/dataset_cropped/10_Metas/19/17/20191019173400_00160.png,138.1,290.8,87.9,24.4,952
10/19/2019 17:35,datasets/dataset_cropped/10_Metas/19/17/20191019173500_00160.jpg,datasets_flow/dataset_cropped/10_Metas/19/17/20191019173500_00160.jpg,datasets_cloudmask/dataset_cropped/10_Metas/19/17/20191019173500_00160.png,122.1,210.5,86.4,24.4,952
10/19/2019 17:36,datasets/dataset_cropped/10_Metas/19/17/20191019173600_00160.jpg,datasets_flow/dataset_cropped/10_Metas/19/17/20191019173600_00160.jpg,datasets_cloudmask/dataset_cropped/10_Metas/19/17/20191019173600_00160.png,129.2,265.1,85.2,24.4,952
10/19/2019 17:37,datasets/dataset_cropped/10_Metas/19/17/20191019173700_00160.jpg,datasets_flow/dataset_cropped/10_Metas/19/17/20191019173700_00160.jpg,datasets_cloudmask/dataset_cropped/10_Metas/19/17/20191019173700_00160.png,121.3,228,84.1,24.4,952
10/19/2019 17:38,datasets/dataset_cropped/10_Metas/19/17/20191019173800_00160.jpg,datasets_flow/dataset_cropped/10_Metas/19/17/20191019173800_00160.jpg,datasets_cloudmask/dataset_cropped/10_Metas/19/17/20191019173800_00160.png,111.2,177.7,82.7,24.4,952
10/19/2019 17:39,datasets/dataset_cropped/10_Metas/19/17/20191019173900_00160.jpg,datasets_flow/dataset_cropped/10_Metas/19/17/20191019173900_00160.jpg,datasets_cloudmask/dataset_cropped/10_Metas/19/17/20191019173900_00160.png,109,175.7,81.3,24.3,952
10/19/2019 17:40,datasets/dataset_cropped/10_Metas/19/17/20191019174000_00160.jpg,datasets_flow/dataset_cropped/10_Metas/19/17/20191019174000_00160.jpg,datasets_cloudmask/dataset_cropped/10_Metas/19/17/20191019174000_00160.png,108.9,190.2,79.7,24.2,952
10/19/2019 17:41,datasets/dataset_cropped/10_Metas/19/17/20191019174100_00160.jpg,datasets_flow/dataset_cropped/10_Metas/19/17/20191019174100_00160.jpg,datasets_cloudmask/dataset_cropped/10_Metas/19/17/20191019174100_00160.png,107.3,195.8,77.7,24.1,952
10/19/2019 17:42,datasets/dataset_cropped/10_Metas/19/17/20191019174200_00160.jpg,datasets_flow/dataset_cropped/10_Metas/19/17/20191019174200_00160.jpg,datasets_cloudmask/dataset_cropped/10_Metas/19/17/20191019174200_00160.png,96.4,143.2,75.2,24.1,952
10/19/2019 17:43,datasets/dataset_cropped/10_Metas/19/17/20191019174300_00160.jpg,datasets_flow/dataset_cropped/10_Metas/19/17/20191019174300_00160.jpg,datasets_cloudmask/dataset_cropped/10_Metas/19/17/20191019174300_00160.png,87.3,101.9,72.3,24.1,952
10/19/2019 17:44,datasets/dataset_cropped/10_Metas/19/17/20191019174400_00160.jpg,datasets_flow/dataset_cropped/10_Metas/19/17/20191019174400_00160.jpg,datasets_cloudmask/dataset_cropped/10_Metas/19/17/20191019174400_00160.png,78,59.6,69.2,24.1,952
10/19/2019 17:45,datasets/dataset_cropped/10_Metas/19/17/20191019174500_00160.jpg,datasets_flow/dataset_cropped/10_Metas/19/17/20191019174500_00160.jpg,datasets_cloudmask/dataset_cropped/10_Metas/19/17/20191019174500_00160.png,70.7,31.1,66,24,952
10/19/2019 17:46,datasets/dataset_cropped/10_Metas/19/17/20191019174600_00160.jpg,datasets_flow/dataset_cropped/10_Metas/19/17/20191019174600_00160.jpg,datasets_cloudmask/dataset_cropped/10_Metas/19/17/20191019174600_00160.png,65.2,15.7,62.7,24,952
10/19/2019 17:47,datasets/dataset_cropped/10_Metas/19/17/20191019174700_00160.jpg,datasets_flow/dataset_cropped/10_Metas/19/17/20191019174700_00160.jpg,datasets_cloudmask/dataset_cropped/10_Metas/19/17/20191019174700_00160.png,60.6,6.9,59.4,23.9,952
10/19/2019 17:48,datasets/dataset_cropped/10_Metas/19/17/20191019174800_00160.jpg,datasets_flow/dataset_cropped/10_Metas/19/17/20191019174800_00160.jpg,datasets_cloudmask/dataset_cropped/10_Metas/19/17/20191019174800_00160.png,56.5,2.8,56,23.8,952
10/19/2019 17:49,datasets/dataset_cropped/10_Metas/19/17/20191019174900_00160.jpg,datasets_flow/dataset_cropped/10_Metas/19/17/20191019174900_00160.jpg,datasets_cloudmask/dataset_cropped/10_Metas/19/17/20191019174900_00160.png,53,0.9,52.6,23.8,952
10/19/2019 17:50,datasets/dataset_cropped/10_Metas/19/17/20191019175000_00160.jpg,datasets_flow/dataset_cropped/10_Metas/19/17/20191019175000_00160.jpg,datasets_cloudmask/dataset_cropped/10_Metas/19/17/20191019175000_00160.png,49.8,0.1,49.5,23.7,952
10/19/2019 17:51,datasets/dataset_cropped/10_Metas/19/17/20191019175100_00160.jpg,datasets_flow/dataset_cropped/10_Metas/19/17/20191019175100_00160.jpg,datasets_cloudmask/dataset_cropped/10_Metas/19/17/20191019175100_00160.png,46.8,0,46.7,23.6,952
10/19/2019 17:52,datasets/dataset_cropped/10_Metas/19/17/20191019175200_00160.jpg,datasets_flow/dataset_cropped/10_Metas/19/17/20191019175200_00160.jpg,datasets_cloudmask/dataset_cropped/10_Metas/19/17/20191019175200_00160.png,44.2,0,44.1,23.5,952
10/19/2019 17:53,datasets/dataset_cropped/10_Metas/19/17/20191019175300_00160.jpg,datasets_flow/dataset_cropped/10_Metas/19/17/20191019175300_00160.jpg,datasets_cloudmask/dataset_cropped/10_Metas/19/17/20191019175300_00160.png,41.9,0,41.8,23.5,952
10/19/2019 17:54,datasets/dataset_cropped/10_Metas/19/17/20191019175400_00160.jpg,datasets_flow/dataset_cropped/10_Metas/19/17/20191019175400_00160.jpg,datasets_cloudmask/dataset_cropped/10_Metas/19/17/20191019175400_00160.png,40,0,39.8,23.4,952
10/19/2019 17:55,datasets/dataset_cropped/10_Metas/19/17/20191019175500_00160.jpg,datasets_flow/dataset_cropped/10_Metas/19/17/20191019175500_00160.jpg,datasets_cloudmask/dataset_cropped/10_Metas/19/17/20191019175500_00160.png,38.3,0,38.1,23.4,952
10/19/2019 17:56,datasets/dataset_cropped/10_Metas/19/17/20191019175600_00160.jpg,datasets_flow/dataset_cropped/10_Metas/19/17/20191019175600_00160.jpg,datasets_cloudmask/dataset_cropped/10_Metas/19/17/20191019175600_00160.png,36.9,0.2,36.6,23.3,952
10/19/2019 17:57,datasets/dataset_cropped/10_Metas/19/17/20191019175700_00160.jpg,datasets_flow/dataset_cropped/10_Metas/19/17/20191019175700_00160.jpg,datasets_cloudmask/dataset_cropped/10_Metas/19/17/20191019175700_00160.png,35.6,1,35.3,23.2,952
10/19/2019 17:58,datasets/dataset_cropped/10_Metas/19/17/20191019175800_00160.jpg,datasets_flow/dataset_cropped/10_Metas/19/17/20191019175800_00160.jpg,datasets_cloudmask/dataset_cropped/10_Metas/19/17/20191019175800_00160.png,34.5,2.3,34.1,23.2,952
10/19/2019 17:59,datasets/dataset_cropped/10_Metas/19/17/20191019175900_00160.jpg,datasets_flow/dataset_cropped/10_Metas/19/17/20191019175900_00160.jpg,datasets_cloudmask/dataset_cropped/10_Metas/19/17/20191019175900_00160.png,33.6,4.8,33,23.1,952
10/19/2019 18:00,datasets/dataset_cropped/10_Metas/19/18/20191019180000_00160.jpg,datasets_flow/dataset_cropped/10_Metas/19/18/20191019180000_00160.jpg,datasets_cloudmask/dataset_cropped/10_Metas/19/18/20191019180000_00160.png,33,11.1,31.9,23,952
10/19/2019 18:01,datasets/dataset_cropped/10_Metas/19/18/20191019180100_00160.jpg,datasets_flow/dataset_cropped/10_Metas/19/18/20191019180100_00160.jpg,datasets_cloudmask/dataset_cropped/10_Metas/19/18/20191019180100_00160.png,33.3,31.6,30.6,23,952
10/19/2019 18:02,datasets/dataset_cropped/10_Metas/19/18/20191019180200_00160.jpg,datasets_flow/dataset_cropped/10_Metas/19/18/20191019180200_00160.jpg,datasets_cloudmask/dataset_cropped/10_Metas/19/18/20191019180200_00160.png,34,56.4,29.4,23,952
10/19/2019 18:03,datasets/dataset_cropped/10_Metas/19/18/20191019180300_00160.jpg,datasets_flow/dataset_cropped/10_Metas/19/18/20191019180300_00160.jpg,datasets_cloudmask/dataset_cropped/10_Metas/19/18/20191019180300_00160.png,31.9,48,28,23,952
10/19/2019 18:04,datasets/dataset_cropped/10_Metas/19/18/20191019180400_00160.jpg,datasets_flow/dataset_cropped/10_Metas/19/18/20191019180400_00160.jpg,datasets_cloudmask/dataset_cropped/10_Metas/19/18/20191019180400_00160.png,28.4,21.4,26.6,23,952
10/19/2019 18:05,datasets/dataset_cropped/10_Metas/19/18/20191019180500_00160.jpg,datasets_flow/dataset_cropped/10_Metas/19/18/20191019180500_00160.jpg,datasets_cloudmask/dataset_cropped/10_Metas/19/18/20191019180500_00160.png,26.2,10,25.2,23,952
10/19/2019 18:06,datasets/dataset_cropped/10_Metas/19/18/20191019180600_00160.jpg,datasets_flow/dataset_cropped/10_Metas/19/18/20191019180600_00160.jpg,datasets_cloudmask/dataset_cropped/10_Metas/19/18/20191019180600_00160.png,24.6,6.3,23.9,23,952
10/19/2019 18:07,datasets/dataset_cropped/10_Metas/19/18/20191019180700_00160.jpg,datasets_flow/dataset_cropped/10_Metas/19/18/20191019180700_00160.jpg,datasets_cloudmask/dataset_cropped/10_Metas/19/18/20191019180700_00160.png,23.2,4.5,22.6,22.9,952
10/19/2019 18:08,datasets/dataset_cropped/10_Metas/19/18/20191019180800_00160.jpg,datasets_flow/dataset_cropped/10_Metas/19/18/20191019180800_00160.jpg,datasets_cloudmask/dataset_cropped/10_Metas/19/18/20191019180800_00160.png,21.9,3.5,21.4,22.9,952
10/19/2019 18:09,datasets/dataset_cropped/10_Metas/19/18/20191019180900_00160.jpg,datasets_flow/dataset_cropped/10_Metas/19/18/20191019180900_00160.jpg,datasets_cloudmask/dataset_cropped/10_Metas/19/18/20191019180900_00160.png,20.7,3.7,20.2,22.9,952
10/19/2019 18:10,datasets/dataset_cropped/10_Metas/19/18/20191019181000_00160.jpg,datasets_flow/dataset_cropped/10_Metas/19/18/20191019181000_00160.jpg,datasets_cloudmask/dataset_cropped/10_Metas/19/18/20191019181000_00160.png,19.7,6,19.1,22.8,952
10/19/2019 18:11,datasets/dataset_cropped/10_Metas/19/18/20191019181100_00160.jpg,datasets_flow/dataset_cropped/10_Metas/19/18/20191019181100_00160.jpg,datasets_cloudmask/dataset_cropped/10_Metas/19/18/20191019181100_00160.png,19.1,16.8,18,22.8,952
10/19/2019 18:12,datasets/dataset_cropped/10_Metas/19/18/20191019181200_00160.jpg,datasets_flow/dataset_cropped/10_Metas/19/18/20191019181200_00160.jpg,datasets_cloudmask/dataset_cropped/10_Metas/19/18/20191019181200_00160.png,18.8,36.2,17,22.8,952
10/19/2019 18:13,datasets/dataset_cropped/10_Metas/19/18/20191019181300_00160.jpg,datasets_flow/dataset_cropped/10_Metas/19/18/20191019181300_00160.jpg,datasets_cloudmask/dataset_cropped/10_Metas/19/18/20191019181300_00160.png,18,43.3,15.9,22.7,952
10/19/2019 18:14,datasets/dataset_cropped/10_Metas/19/18/20191019181400_00160.jpg,datasets_flow/dataset_cropped/10_Metas/19/18/20191019181400_00160.jpg,datasets_cloudmask/dataset_cropped/10_Metas/19/18/20191019181400_00160.png,16.5,38.2,14.6,22.7,952
10/19/2019 18:15,datasets/dataset_cropped/10_Metas/19/18/20191019181500_00160.jpg,datasets_flow/dataset_cropped/10_Metas/19/18/20191019181500_00160.jpg,datasets_cloudmask/dataset_cropped/10_Metas/19/18/20191019181500_00160.png,14.3,16.6,13.4,22.6,952
10/19/2019 18:16,datasets/dataset_cropped/10_Metas/19/18/20191019181600_00160.jpg,datasets_flow/dataset_cropped/10_Metas/19/18/20191019181600_00160.jpg,datasets_cloudmask/dataset_cropped/10_Metas/19/18/20191019181600_00160.png,13.4,32.1,12.1,22.6,952
10/19/2019 18:17,datasets/dataset_cropped/10_Metas/19/18/20191019181700_00160.jpg,datasets_flow/dataset_cropped/10_Metas/19/18/20191019181700_00160.jpg,datasets_cloudmask/dataset_cropped/10_Metas/19/18/20191019181700_00160.png,13.9,87.5,10.9,22.5,952
10/19/2019 18:18,datasets/dataset_cropped/10_Metas/19/18/20191019181800_00160.jpg,datasets_flow/dataset_cropped/10_Metas/19/18/20191019181800_00160.jpg,datasets_cloudmask/dataset_cropped/10_Metas/19/18/20191019181800_00160.png,13.1,100.8,9.8,22.5,952
10/19/2019 18:19,datasets/dataset_cropped/10_Metas/19/18/20191019181900_00160.jpg,datasets_flow/dataset_cropped/10_Metas/19/18/20191019181900_00160.jpg,datasets_cloudmask/dataset_cropped/10_Metas/19/18/20191019181900_00160.png,10.8,68.3,8.6,22.5,952
10/19/2019 18:20,datasets/dataset_cropped/10_Metas/19/18/20191019182000_00160.jpg,datasets_flow/dataset_cropped/10_Metas/19/18/20191019182000_00160.jpg,datasets_cloudmask/dataset_cropped/10_Metas/19/18/20191019182000_00160.png,8.9,40.9,7.6,22.4,952
10/19/2019 18:21,datasets/dataset_cropped/10_Metas/19/18/20191019182100_00160.jpg,datasets_flow/dataset_cropped/10_Metas/19/18/20191019182100_00160.jpg,datasets_cloudmask/dataset_cropped/10_Metas/19/18/20191019182100_00160.png,7,6.6,6.5,22.4,952
10/19/2019 18:22,datasets/dataset_cropped/10_Metas/19/18/20191019182200_00160.jpg,datasets_flow/dataset_cropped/10_Metas/19/18/20191019182200_00160.jpg,datasets_cloudmask/dataset_cropped/10_Metas/19/18/20191019182200_00160.png,5.8,0.9,5.5,22.5,952
10/19/2019 18:23,datasets/dataset_cropped/10_Metas/19/18/20191019182300_00160.jpg,datasets_flow/dataset_cropped/10_Metas/19/18/20191019182300_00160.jpg,datasets_cloudmask/dataset_cropped/10_Metas/19/18/20191019182300_00160.png,4.9,0.2,4.6,22.5,952
10/19/2019 18:24,datasets/dataset_cropped/10_Metas/19/18/20191019182400_00160.jpg,datasets_flow/dataset_cropped/10_Metas/19/18/20191019182400_00160.jpg,datasets_cloudmask/dataset_cropped/10_Metas/19/18/20191019182400_00160.png,4.1,0,3.7,22.4,952
10/19/2019 18:25,datasets/dataset_cropped/10_Metas/19/18/20191019182500_00160.jpg,datasets_flow/dataset_cropped/10_Metas/19/18/20191019182500_00160.jpg,datasets_cloudmask/dataset_cropped/10_Metas/19/18/20191019182500_00160.png,3.4,0,3,22.3,952
10/19/2019 18:26,datasets/dataset_cropped/10_Metas/19/18/20191019182600_00160.jpg,datasets_flow/dataset_cropped/10_Metas/19/18/20191019182600_00160.jpg,datasets_cloudmask/dataset_cropped/10_Metas/19/18/20191019182600_00160.png,2.7,0,2.4,22.2,952
10/20/2019 7:23,datasets/dataset_cropped/10_Metas/20/07/20191020072300_00160.jpg,datasets_flow/dataset_cropped/10_Metas/20/07/20191020072300_00160.jpg,datasets_cloudmask/dataset_cropped/10_Metas/20/07/20191020072300_00160.png,0,0,0,14.3,953
10/20/2019 7:24,datasets/dataset_cropped/10_Metas/20/07/20191020072400_00160.jpg,datasets_flow/dataset_cropped/10_Metas/20/07/20191020072400_00160.jpg,datasets_cloudmask/dataset_cropped/10_Metas/20/07/20191020072400_00160.png,0,0,0,14.2,953
10/20/2019 7:25,datasets/dataset_cropped/10_Metas/20/07/20191020072500_00160.jpg,datasets_flow/dataset_cropped/10_Metas/20/07/20191020072500_00160.jpg,datasets_cloudmask/dataset_cropped/10_Metas/20/07/20191020072500_00160.png,0.4,0,0.3,14.2,953
10/20/2019 7:26,datasets/dataset_cropped/10_Metas/20/07/20191020072600_00160.jpg,datasets_flow/dataset_cropped/10_Metas/20/07/20191020072600_00160.jpg,datasets_cloudmask/dataset_cropped/10_Metas/20/07/20191020072600_00160.png,1.5,0,1.3,14.2,953
10/20/2019 7:27,datasets/dataset_cropped/10_Metas/20/07/20191020072700_00160.jpg,datasets_flow/dataset_cropped/10_Metas/20/07/20191020072700_00160.jpg,datasets_cloudmask/dataset_cropped/10_Metas/20/07/20191020072700_00160.png,1.6,0,1.4,14.3,953
10/20/2019 7:28,datasets/dataset_cropped/10_Metas/20/07/20191020072800_00160.jpg,datasets_flow/dataset_cropped/10_Metas/20/07/20191020072800_00160.jpg,datasets_cloudmask/dataset_cropped/10_Metas/20/07/20191020072800_00160.png,1.3,0,1.2,14.4,953
10/20/2019 7:29,datasets/dataset_cropped/10_Metas/20/07/20191020072900_00160.jpg,datasets_flow/dataset_cropped/10_Metas/20/07/20191020072900_00160.jpg,datasets_cloudmask/dataset_cropped/10_Metas/20/07/20191020072900_00160.png,1.8,0,1.7,14.4,953
10/20/2019 7:30,datasets/dataset_cropped/10_Metas/20/07/20191020073000_00160.jpg,datasets_flow/dataset_cropped/10_Metas/20/07/20191020073000_00160.jpg,datasets_cloudmask/dataset_cropped/10_Metas/20/07/20191020073000_00160.png,3.8,0,3.8,14.5,953
10/20/2019 7:31,datasets/dataset_cropped/10_Metas/20/07/20191020073100_00160.jpg,datasets_flow/dataset_cropped/10_Metas/20/07/20191020073100_00160.jpg,datasets_cloudmask/dataset_cropped/10_Metas/20/07/20191020073100_00160.png,6.8,0,6.8,14.5,953
10/20/2019 7:32,datasets/dataset_cropped/10_Metas/20/07/20191020073200_00160.jpg,datasets_flow/dataset_cropped/10_Metas/20/07/20191020073200_00160.jpg,datasets_cloudmask/dataset_cropped/10_Metas/20/07/20191020073200_00160.png,8.3,0,8.3,14.6,953
10/20/2019 7:33,datasets/dataset_cropped/10_Metas/20/07/20191020073300_00160.jpg,datasets_flow/dataset_cropped/10_Metas/20/07/20191020073300_00160.jpg,datasets_cloudmask/dataset_cropped/10_Metas/20/07/20191020073300_00160.png,7.5,0,7.5,14.6,953
10/20/2019 7:34,datasets/dataset_cropped/10_Metas/20/07/20191020073400_00160.jpg,datasets_flow/dataset_cropped/10_Metas/20/07/20191020073400_00160.jpg,datasets_cloudmask/dataset_cropped/10_Metas/20/07/20191020073400_00160.png,5.6,0.1,5.7,14.6,953
10/20/2019 7:35,datasets/dataset_cropped/10_Metas/20/07/20191020073500_00160.jpg,datasets_flow/dataset_cropped/10_Metas/20/07/20191020073500_00160.jpg,datasets_cloudmask/dataset_cropped/10_Metas/20/07/20191020073500_00160.png,6,8,5.7,14.6,953
10/20/2019 7:36,datasets/dataset_cropped/10_Metas/20/07/20191020073600_00160.jpg,datasets_flow/dataset_cropped/10_Metas/20/07/20191020073600_00160.jpg,datasets_cloudmask/dataset_cropped/10_Metas/20/07/20191020073600_00160.png,6.1,0.7,6.1,14.6,953
10/20/2019 7:37,datasets/dataset_cropped/10_Metas/20/07/20191020073700_00160.jpg,datasets_flow/dataset_cropped/10_Metas/20/07/20191020073700_00160.jpg,datasets_cloudmask/dataset_cropped/10_Metas/20/07/20191020073700_00160.png,6.4,0.2,6.4,14.5,953
10/20/2019 7:38,datasets/dataset_cropped/10_Metas/20/07/20191020073800_00160.jpg,datasets_flow/dataset_cropped/10_Metas/20/07/20191020073800_00160.jpg,datasets_cloudmask/dataset_cropped/10_Metas/20/07/20191020073800_00160.png,7,0.3,6.9,14.6,953
10/20/2019 7:39,datasets/dataset_cropped/10_Metas/20/07/20191020073900_00160.jpg,datasets_flow/dataset_cropped/10_Metas/20/07/20191020073900_00160.jpg,datasets_cloudmask/dataset_cropped/10_Metas/20/07/20191020073900_00160.png,8.2,4.5,7.8,14.5,953
10/20/2019 7:40,datasets/dataset_cropped/10_Metas/20/07/20191020074000_00160.jpg,datasets_flow/dataset_cropped/10_Metas/20/07/20191020074000_00160.jpg,datasets_cloudmask/dataset_cropped/10_Metas/20/07/20191020074000_00160.png,9.5,3.2,9.1,14.5,953
10/20/2019 7:41,datasets/dataset_cropped/10_Metas/20/07/20191020074100_00160.jpg,datasets_flow/dataset_cropped/10_Metas/20/07/20191020074100_00160.jpg,datasets_cloudmask/dataset_cropped/10_Metas/20/07/20191020074100_00160.png,11.3,14,10.3,14.5,953
10/20/2019 7:42,datasets/dataset_cropped/10_Metas/20/07/20191020074200_00160.jpg,datasets_flow/dataset_cropped/10_Metas/20/07/20191020074200_00160.jpg,datasets_cloudmask/dataset_cropped/10_Metas/20/07/20191020074200_00160.png,14,45.1,10.9,14.4,953
10/20/2019 7:43,datasets/dataset_cropped/10_Metas/20/07/20191020074300_00160.jpg,datasets_flow/dataset_cropped/10_Metas/20/07/20191020074300_00160.jpg,datasets_cloudmask/dataset_cropped/10_Metas/20/07/20191020074300_00160.png,13,10.5,12.1,14.4,953
10/20/2019 7:44,datasets/dataset_cropped/10_Metas/20/07/20191020074400_00160.jpg,datasets_flow/dataset_cropped/10_Metas/20/07/20191020074400_00160.jpg,datasets_cloudmask/dataset_cropped/10_Metas/20/07/20191020074400_00160.png,12.9,7,12.2,14.4,953
10/20/2019 7:45,datasets/dataset_cropped/10_Metas/20/07/20191020074500_00160.jpg,datasets_flow/dataset_cropped/10_Metas/20/07/20191020074500_00160.jpg,datasets_cloudmask/dataset_cropped/10_Metas/20/07/20191020074500_00160.png,11.4,1.9,11,14.4,953
10/20/2019 7:46,datasets/dataset_cropped/10_Metas/20/07/20191020074600_00160.jpg,datasets_flow/dataset_cropped/10_Metas/20/07/20191020074600_00160.jpg,datasets_cloudmask/dataset_cropped/10_Metas/20/07/20191020074600_00160.png,11.7,30.5,9.2,14.4,953
10/20/2019 7:47,datasets/dataset_cropped/10_Metas/20/07/20191020074700_00160.jpg,datasets_flow/dataset_cropped/10_Metas/20/07/20191020074700_00160.jpg,datasets_cloudmask/dataset_cropped/10_Metas/20/07/20191020074700_00160.png,10.8,40.3,7.4,14.4,953
10/20/2019 7:48,datasets/dataset_cropped/10_Metas/20/07/20191020074800_00160.jpg,datasets_flow/dataset_cropped/10_Metas/20/07/20191020074800_00160.jpg,datasets_cloudmask/dataset_cropped/10_Metas/20/07/20191020074800_00160.png,6.7,1.1,6.3,14.3,954
10/20/2019 7:49,datasets/dataset_cropped/10_Metas/20/07/20191020074900_00160.jpg,datasets_flow/dataset_cropped/10_Metas/20/07/20191020074900_00160.jpg,datasets_cloudmask/dataset_cropped/10_Metas/20/07/20191020074900_00160.png,6.4,0.1,6.1,14.3,954
10/20/2019 7:50,datasets/dataset_cropped/10_Metas/20/07/20191020075000_00160.jpg,datasets_flow/dataset_cropped/10_Metas/20/07/20191020075000_00160.jpg,datasets_cloudmask/dataset_cropped/10_Metas/20/07/20191020075000_00160.png,8.5,0.3,8.2,14.3,954
10/20/2019 7:51,datasets/dataset_cropped/10_Metas/20/07/20191020075100_00160.jpg,datasets_flow/dataset_cropped/10_Metas/20/07/20191020075100_00160.jpg,datasets_cloudmask/dataset_cropped/10_Metas/20/07/20191020075100_00160.png,11.8,0.6,11.5,14.3,954
10/20/2019 7:52,datasets/dataset_cropped/10_Metas/20/07/20191020075200_00160.jpg,datasets_flow/dataset_cropped/10_Metas/20/07/20191020075200_00160.jpg,datasets_cloudmask/dataset_cropped/10_Metas/20/07/20191020075200_00160.png,13.6,0.7,13.4,14.2,953
10/20/2019 7:53,datasets/dataset_cropped/10_Metas/20/07/20191020075300_00160.jpg,datasets_flow/dataset_cropped/10_Metas/20/07/20191020075300_00160.jpg,datasets_cloudmask/dataset_cropped/10_Metas/20/07/20191020075300_00160.png,14.5,0.2,14.3,14.2,954
10/20/2019 7:54,datasets/dataset_cropped/10_Metas/20/07/20191020075400_00160.jpg,datasets_flow/dataset_cropped/10_Metas/20/07/20191020075400_00160.jpg,datasets_cloudmask/dataset_cropped/10_Metas/20/07/20191020075400_00160.png,15.7,0,15.6,14.2,954
10/20/2019 7:55,datasets/dataset_cropped/10_Metas/20/07/20191020075500_00160.jpg,datasets_flow/dataset_cropped/10_Metas/20/07/20191020075500_00160.jpg,datasets_cloudmask/dataset_cropped/10_Metas/20/07/20191020075500_00160.png,18.9,0,18.8,14.2,954
10/20/2019 7:56,datasets/dataset_cropped/10_Metas/20/07/20191020075600_00160.jpg,datasets_flow/dataset_cropped/10_Metas/20/07/20191020075600_00160.jpg,datasets_cloudmask/dataset_cropped/10_Metas/20/07/20191020075600_00160.png,20.6,0,20.4,14.2,954
10/20/2019 7:57,datasets/dataset_cropped/10_Metas/20/07/20191020075700_00160.jpg,datasets_flow/dataset_cropped/10_Metas/20/07/20191020075700_00160.jpg,datasets_cloudmask/dataset_cropped/10_Metas/20/07/20191020075700_00160.png,20.8,0,20.6,14.3,954
10/20/2019 7:58,datasets/dataset_cropped/10_Metas/20/07/20191020075800_00160.jpg,datasets_flow/dataset_cropped/10_Metas/20/07/20191020075800_00160.jpg,datasets_cloudmask/dataset_cropped/10_Metas/20/07/20191020075800_00160.png,20.3,0,20,14.2,954
10/20/2019 7:59,datasets/dataset_cropped/10_Metas/20/07/20191020075900_00160.jpg,datasets_flow/dataset_cropped/10_Metas/20/07/20191020075900_00160.jpg,datasets_cloudmask/dataset_cropped/10_Metas/20/07/20191020075900_00160.png,16.6,0,16.3,14.2,954
10/20/2019 8:00,datasets/dataset_cropped/10_Metas/20/08/20191020080000_00160.jpg,datasets_flow/dataset_cropped/10_Metas/20/08/20191020080000_00160.jpg,datasets_cloudmask/dataset_cropped/10_Metas/20/08/20191020080000_00160.png,14.9,0,14.5,14.1,954
10/20/2019 8:01,datasets/dataset_cropped/10_Metas/20/08/20191020080100_00160.jpg,datasets_flow/dataset_cropped/10_Metas/20/08/20191020080100_00160.jpg,datasets_cloudmask/dataset_cropped/10_Metas/20/08/20191020080100_00160.png,16.7,0,16.2,13.9,954
10/20/2019 8:02,datasets/dataset_cropped/10_Metas/20/08/20191020080200_00160.jpg,datasets_flow/dataset_cropped/10_Metas/20/08/20191020080200_00160.jpg,datasets_cloudmask/dataset_cropped/10_Metas/20/08/20191020080200_00160.png,17.8,0,17.3,13.7,954
10/20/2019 8:03,datasets/dataset_cropped/10_Metas/20/08/20191020080300_00160.jpg,datasets_flow/dataset_cropped/10_Metas/20/08/20191020080300_00160.jpg,datasets_cloudmask/dataset_cropped/10_Metas/20/08/20191020080300_00160.png,17.5,0,17.1,13.4,954
10/20/2019 8:04,datasets/dataset_cropped/10_Metas/20/08/20191020080400_00160.jpg,datasets_flow/dataset_cropped/10_Metas/20/08/20191020080400_00160.jpg,datasets_cloudmask/dataset_cropped/10_Metas/20/08/20191020080400_00160.png,17.6,0,17.2,13.3,954
10/20/2019 8:05,datasets/dataset_cropped/10_Metas/20/08/20191020080500_00160.jpg,datasets_flow/dataset_cropped/10_Metas/20/08/20191020080500_00160.jpg,datasets_cloudmask/dataset_cropped/10_Metas/20/08/20191020080500_00160.png,17.2,0,16.9,13.2,954
10/20/2019 8:06,datasets/dataset_cropped/10_Metas/20/08/20191020080600_00160.jpg,datasets_flow/dataset_cropped/10_Metas/20/08/20191020080600_00160.jpg,datasets_cloudmask/dataset_cropped/10_Metas/20/08/20191020080600_00160.png,16.9,0,16.6,13.1,954
10/20/2019 8:07,datasets/dataset_cropped/10_Metas/20/08/20191020080700_00160.jpg,datasets_flow/dataset_cropped/10_Metas/20/08/20191020080700_00160.jpg,datasets_cloudmask/dataset_cropped/10_Metas/20/08/20191020080700_00160.png,15.4,0,15.1,13.1,954
10/20/2019 8:08,datasets/dataset_cropped/10_Metas/20/08/20191020080800_00160.jpg,datasets_flow/dataset_cropped/10_Metas/20/08/20191020080800_00160.jpg,datasets_cloudmask/dataset_cropped/10_Metas/20/08/20191020080800_00160.png,12.1,0,11.8,13,954
10/20/2019 8:09,datasets/dataset_cropped/10_Metas/20/08/20191020080900_00160.jpg,datasets_flow/dataset_cropped/10_Metas/20/08/20191020080900_00160.jpg,datasets_cloudmask/dataset_cropped/10_Metas/20/08/20191020080900_00160.png,8.4,0,8.1,13,954
10/20/2019 8:10,datasets/dataset_cropped/10_Metas/20/08/20191020081000_00160.jpg,datasets_flow/dataset_cropped/10_Metas/20/08/20191020081000_00160.jpg,datasets_cloudmask/dataset_cropped/10_Metas/20/08/20191020081000_00160.png,8.2,0,8,13,954
10/20/2019 8:11,datasets/dataset_cropped/10_Metas/20/08/20191020081100_00160.jpg,datasets_flow/dataset_cropped/10_Metas/20/08/20191020081100_00160.jpg,datasets_cloudmask/dataset_cropped/10_Metas/20/08/20191020081100_00160.png,9.2,0,9.1,12.9,954
10/20/2019 8:12,datasets/dataset_cropped/10_Metas/20/08/20191020081200_00160.jpg,datasets_flow/dataset_cropped/10_Metas/20/08/20191020081200_00160.jpg,datasets_cloudmask/dataset_cropped/10_Metas/20/08/20191020081200_00160.png,10.1,0,10.1,12.9,954
10/20/2019 8:13,datasets/dataset_cropped/10_Metas/20/08/20191020081300_00160.jpg,datasets_flow/dataset_cropped/10_Metas/20/08/20191020081300_00160.jpg,datasets_cloudmask/dataset_cropped/10_Metas/20/08/20191020081300_00160.png,12.7,0,12.7,12.9,954
10/20/2019 8:14,datasets/dataset_cropped/10_Metas/20/08/20191020081400_00160.jpg,datasets_flow/dataset_cropped/10_Metas/20/08/20191020081400_00160.jpg,datasets_cloudmask/dataset_cropped/10_Metas/20/08/20191020081400_00160.png,14.3,0,14.4,12.9,954
10/20/2019 8:15,datasets/dataset_cropped/10_Metas/20/08/20191020081500_00160.jpg,datasets_flow/dataset_cropped/10_Metas/20/08/20191020081500_00160.jpg,datasets_cloudmask/dataset_cropped/10_Metas/20/08/20191020081500_00160.png,16,0,16.1,13,954
10/20/2019 8:16,datasets/dataset_cropped/10_Metas/20/08/20191020081600_00160.jpg,datasets_flow/dataset_cropped/10_Metas/20/08/20191020081600_00160.jpg,datasets_cloudmask/dataset_cropped/10_Metas/20/08/20191020081600_00160.png,19.8,0,19.9,13,954
10/20/2019 8:17,datasets/dataset_cropped/10_Metas/20/08/20191020081700_00160.jpg,datasets_flow/dataset_cropped/10_Metas/20/08/20191020081700_00160.jpg,datasets_cloudmask/dataset_cropped/10_Metas/20/08/20191020081700_00160.png,24.9,0,25,13,954
10/20/2019 8:18,datasets/dataset_cropped/10_Metas/20/08/20191020081800_00160.jpg,datasets_flow/dataset_cropped/10_Metas/20/08/20191020081800_00160.jpg,datasets_cloudmask/dataset_cropped/10_Metas/20/08/20191020081800_00160.png,32.2,0,32.3,13,954
10/20/2019 8:19,datasets/dataset_cropped/10_Metas/20/08/20191020081900_00160.jpg,datasets_flow/dataset_cropped/10_Metas/20/08/20191020081900_00160.jpg,datasets_cloudmask/dataset_cropped/10_Metas/20/08/20191020081900_00160.png,45.3,0.1,45.3,13.1,954
10/20/2019 8:20,datasets/dataset_cropped/10_Metas/20/08/20191020082000_00160.jpg,datasets_flow/dataset_cropped/10_Metas/20/08/20191020082000_00160.jpg,datasets_cloudmask/dataset_cropped/10_Metas/20/08/20191020082000_00160.png,62.3,0.2,62.4,13.2,954
10/20/2019 8:21,datasets/dataset_cropped/10_Metas/20/08/20191020082100_00160.jpg,datasets_flow/dataset_cropped/10_Metas/20/08/20191020082100_00160.jpg,datasets_cloudmask/dataset_cropped/10_Metas/20/08/20191020082100_00160.png,72.9,0.2,73.1,13.2,954
10/20/2019 8:22,datasets/dataset_cropped/10_Metas/20/08/20191020082200_00160.jpg,datasets_flow/dataset_cropped/10_Metas/20/08/20191020082200_00160.jpg,datasets_cloudmask/dataset_cropped/10_Metas/20/08/20191020082200_00160.png,72.8,0.2,73,13.3,954
10/20/2019 8:23,datasets/dataset_cropped/10_Metas/20/08/20191020082300_00160.jpg,datasets_flow/dataset_cropped/10_Metas/20/08/20191020082300_00160.jpg,datasets_cloudmask/dataset_cropped/10_Metas/20/08/20191020082300_00160.png,67.2,0.2,67.3,13.4,954
10/20/2019 8:24,datasets/dataset_cropped/10_Metas/20/08/20191020082400_00160.jpg,datasets_flow/dataset_cropped/10_Metas/20/08/20191020082400_00160.jpg,datasets_cloudmask/dataset_cropped/10_Metas/20/08/20191020082400_00160.png,59.1,0.2,59.1,13.5,954
10/20/2019 8:25,datasets/dataset_cropped/10_Metas/20/08/20191020082500_00160.jpg,datasets_flow/dataset_cropped/10_Metas/20/08/20191020082500_00160.jpg,datasets_cloudmask/dataset_cropped/10_Metas/20/08/20191020082500_00160.png,49.7,0.1,49.8,13.6,954
10/20/2019 8:26,datasets/dataset_cropped/10_Metas/20/08/20191020082600_00160.jpg,datasets_flow/dataset_cropped/10_Metas/20/08/20191020082600_00160.jpg,datasets_cloudmask/dataset_cropped/10_Metas/20/08/20191020082600_00160.png,39.1,0,39.2,13.6,954
10/20/2019 8:27,datasets/dataset_cropped/10_Metas/20/08/20191020082700_00160.jpg,datasets_flow/dataset_cropped/10_Metas/20/08/20191020082700_00160.jpg,datasets_cloudmask/dataset_cropped/10_Metas/20/08/20191020082700_00160.png,31.6,0,31.6,13.7,954
10/20/2019 8:28,datasets/dataset_cropped/10_Metas/20/08/20191020082800_00160.jpg,datasets_flow/dataset_cropped/10_Metas/20/08/20191020082800_00160.jpg,datasets_cloudmask/dataset_cropped/10_Metas/20/08/20191020082800_00160.png,28.4,0,28.5,13.7,954
10/20/2019 8:29,datasets/dataset_cropped/10_Metas/20/08/20191020082900_00160.jpg,datasets_flow/dataset_cropped/10_Metas/20/08/20191020082900_00160.jpg,datasets_cloudmask/dataset_cropped/10_Metas/20/08/20191020082900_00160.png,29.4,0,29.6,13.7,954
10/20/2019 8:30,datasets/dataset_cropped/10_Metas/20/08/20191020083000_00160.jpg,datasets_flow/dataset_cropped/10_Metas/20/08/20191020083000_00160.jpg,datasets_cloudmask/dataset_cropped/10_Metas/20/08/20191020083000_00160.png,35.1,0,35.4,13.6,954
10/20/2019 8:31,datasets/dataset_cropped/10_Metas/20/08/20191020083100_00160.jpg,datasets_flow/dataset_cropped/10_Metas/20/08/20191020083100_00160.jpg,datasets_cloudmask/dataset_cropped/10_Metas/20/08/20191020083100_00160.png,40.6,0,40.8,13.6,954
10/20/2019 8:32,datasets/dataset_cropped/10_Metas/20/08/20191020083200_00160.jpg,datasets_flow/dataset_cropped/10_Metas/20/08/20191020083200_00160.jpg,datasets_cloudmask/dataset_cropped/10_Metas/20/08/20191020083200_00160.png,41.1,0,41.3,13.4,954
10/20/2019 8:33,datasets/dataset_cropped/10_Metas/20/08/20191020083300_00160.jpg,datasets_flow/dataset_cropped/10_Metas/20/08/20191020083300_00160.jpg,datasets_cloudmask/dataset_cropped/10_Metas/20/08/20191020083300_00160.png,38.9,0,39.1,13.3,954
10/20/2019 8:34,datasets/dataset_cropped/10_Metas/20/08/20191020083400_00160.jpg,datasets_flow/dataset_cropped/10_Metas/20/08/20191020083400_00160.jpg,datasets_cloudmask/dataset_cropped/10_Metas/20/08/20191020083400_00160.png,41,0,41.2,13.3,954
10/20/2019 8:35,datasets/dataset_cropped/10_Metas/20/08/20191020083500_00160.jpg,datasets_flow/dataset_cropped/10_Metas/20/08/20191020083500_00160.jpg,datasets_cloudmask/dataset_cropped/10_Metas/20/08/20191020083500_00160.png,47.9,0,48.1,13.2,954
10/20/2019 8:36,datasets/dataset_cropped/10_Metas/20/08/20191020083600_00160.jpg,datasets_flow/dataset_cropped/10_Metas/20/08/20191020083600_00160.jpg,datasets_cloudmask/dataset_cropped/10_Metas/20/08/20191020083600_00160.png,53.8,0,54,13.3,954
10/20/2019 8:37,datasets/dataset_cropped/10_Metas/20/08/20191020083700_00160.jpg,datasets_flow/dataset_cropped/10_Metas/20/08/20191020083700_00160.jpg,datasets_cloudmask/dataset_cropped/10_Metas/20/08/20191020083700_00160.png,54.7,0,54.8,13.3,954
10/20/2019 8:38,datasets/dataset_cropped/10_Metas/20/08/20191020083800_00160.jpg,datasets_flow/dataset_cropped/10_Metas/20/08/20191020083800_00160.jpg,datasets_cloudmask/dataset_cropped/10_Metas/20/08/20191020083800_00160.png,52.5,0,52.6,13.3,954
10/20/2019 8:39,datasets/dataset_cropped/10_Metas/20/08/20191020083900_00160.jpg,datasets_flow/dataset_cropped/10_Metas/20/08/20191020083900_00160.jpg,datasets_cloudmask/dataset_cropped/10_Metas/20/08/20191020083900_00160.png,46.3,0,46.3,13.3,954
10/20/2019 8:40,datasets/dataset_cropped/10_Metas/20/08/20191020084000_00160.jpg,datasets_flow/dataset_cropped/10_Metas/20/08/20191020084000_00160.jpg,datasets_cloudmask/dataset_cropped/10_Metas/20/08/20191020084000_00160.png,36,0,35.9,13.4,954
10/20/2019 8:41,datasets/dataset_cropped/10_Metas/20/08/20191020084100_00160.jpg,datasets_flow/dataset_cropped/10_Metas/20/08/20191020084100_00160.jpg,datasets_cloudmask/dataset_cropped/10_Metas/20/08/20191020084100_00160.png,25.6,0,25.5,13.4,954
10/20/2019 8:42,datasets/dataset_cropped/10_Metas/20/08/20191020084200_00160.jpg,datasets_flow/dataset_cropped/10_Metas/20/08/20191020084200_00160.jpg,datasets_cloudmask/dataset_cropped/10_Metas/20/08/20191020084200_00160.png,19,0,19,13.5,954
10/20/2019 8:43,datasets/dataset_cropped/10_Metas/20/08/20191020084300_00160.jpg,datasets_flow/dataset_cropped/10_Metas/20/08/20191020084300_00160.jpg,datasets_cloudmask/dataset_cropped/10_Metas/20/08/20191020084300_00160.png,17,0,17,13.5,954
10/20/2019 8:44,datasets/dataset_cropped/10_Metas/20/08/20191020084400_00160.jpg,datasets_flow/dataset_cropped/10_Metas/20/08/20191020084400_00160.jpg,datasets_cloudmask/dataset_cropped/10_Metas/20/08/20191020084400_00160.png,19.4,0,19.6,13.4,955
10/20/2019 8:45,datasets/dataset_cropped/10_Metas/20/08/20191020084500_00160.jpg,datasets_flow/dataset_cropped/10_Metas/20/08/20191020084500_00160.jpg,datasets_cloudmask/dataset_cropped/10_Metas/20/08/20191020084500_00160.png,25.7,0,26,13.4,955
10/20/2019 8:46,datasets/dataset_cropped/10_Metas/20/08/20191020084600_00160.jpg,datasets_flow/dataset_cropped/10_Metas/20/08/20191020084600_00160.jpg,datasets_cloudmask/dataset_cropped/10_Metas/20/08/20191020084600_00160.png,32.5,0,32.7,13.4,955
10/20/2019 8:47,datasets/dataset_cropped/10_Metas/20/08/20191020084700_00160.jpg,datasets_flow/dataset_cropped/10_Metas/20/08/20191020084700_00160.jpg,datasets_cloudmask/dataset_cropped/10_Metas/20/08/20191020084700_00160.png,35.4,0,35.6,13.5,955
10/20/2019 8:48,datasets/dataset_cropped/10_Metas/20/08/20191020084800_00160.jpg,datasets_flow/dataset_cropped/10_Metas/20/08/20191020084800_00160.jpg,datasets_cloudmask/dataset_cropped/10_Metas/20/08/20191020084800_00160.png,34.2,0,34.2,13.4,955
10/20/2019 8:49,datasets/dataset_cropped/10_Metas/20/08/20191020084900_00160.jpg,datasets_flow/dataset_cropped/10_Metas/20/08/20191020084900_00160.jpg,datasets_cloudmask/dataset_cropped/10_Metas/20/08/20191020084900_00160.png,30.3,0,30.2,13.4,955
10/20/2019 8:50,datasets/dataset_cropped/10_Metas/20/08/20191020085000_00160.jpg,datasets_flow/dataset_cropped/10_Metas/20/08/20191020085000_00160.jpg,datasets_cloudmask/dataset_cropped/10_Metas/20/08/20191020085000_00160.png,25.4,0,25.4,13.3,955
10/20/2019 8:51,datasets/dataset_cropped/10_Metas/20/08/20191020085100_00160.jpg,datasets_flow/dataset_cropped/10_Metas/20/08/20191020085100_00160.jpg,datasets_cloudmask/dataset_cropped/10_Metas/20/08/20191020085100_00160.png,20.9,0,20.9,13.2,955
10/20/2019 8:52,datasets/dataset_cropped/10_Metas/20/08/20191020085200_00160.jpg,datasets_flow/dataset_cropped/10_Metas/20/08/20191020085200_00160.jpg,datasets_cloudmask/dataset_cropped/10_Metas/20/08/20191020085200_00160.png,17,0,16.9,13.2,955
10/20/2019 8:53,datasets/dataset_cropped/10_Metas/20/08/20191020085300_00160.jpg,datasets_flow/dataset_cropped/10_Metas/20/08/20191020085300_00160.jpg,datasets_cloudmask/dataset_cropped/10_Metas/20/08/20191020085300_00160.png,14.1,0,13.9,13.1,955
10/20/2019 8:54,datasets/dataset_cropped/10_Metas/20/08/20191020085400_00160.jpg,datasets_flow/dataset_cropped/10_Metas/20/08/20191020085400_00160.jpg,datasets_cloudmask/dataset_cropped/10_Metas/20/08/20191020085400_00160.png,14,0,13.8,13,955
10/20/2019 8:55,datasets/dataset_cropped/10_Metas/20/08/20191020085500_00160.jpg,datasets_flow/dataset_cropped/10_Metas/20/08/20191020085500_00160.jpg,datasets_cloudmask/dataset_cropped/10_Metas/20/08/20191020085500_00160.png,13.9,0,13.7,13,955
10/20/2019 8:56,datasets/dataset_cropped/10_Metas/20/08/20191020085600_00160.jpg,datasets_flow/dataset_cropped/10_Metas/20/08/20191020085600_00160.jpg,datasets_cloudmask/dataset_cropped/10_Metas/20/08/20191020085600_00160.png,13.7,0,13.6,12.9,955
10/20/2019 8:57,datasets/dataset_cropped/10_Metas/20/08/20191020085700_00160.jpg,datasets_flow/dataset_cropped/10_Metas/20/08/20191020085700_00160.jpg,datasets_cloudmask/dataset_cropped/10_Metas/20/08/20191020085700_00160.png,13.6,0,13.5,12.8,955
10/20/2019 8:58,datasets/dataset_cropped/10_Metas/20/08/20191020085800_00160.jpg,datasets_flow/dataset_cropped/10_Metas/20/08/20191020085800_00160.jpg,datasets_cloudmask/dataset_cropped/10_Metas/20/08/20191020085800_00160.png,13.5,0,13.4,12.8,955
10/20/2019 8:59,datasets/dataset_cropped/10_Metas/20/08/20191020085900_00160.jpg,datasets_flow/dataset_cropped/10_Metas/20/08/20191020085900_00160.jpg,datasets_cloudmask/dataset_cropped/10_Metas/20/08/20191020085900_00160.png,13.4,0,13.4,12.7,955
10/20/2019 9:00,datasets/dataset_cropped/10_Metas/20/09/20191020090000_00160.jpg,datasets_flow/dataset_cropped/10_Metas/20/09/20191020090000_00160.jpg,datasets_cloudmask/dataset_cropped/10_Metas/20/09/20191020090000_00160.png,13.3,0,13.3,12.6,955
10/20/2019 9:01,datasets/dataset_cropped/10_Metas/20/09/20191020090100_00160.jpg,datasets_flow/dataset_cropped/10_Metas/20/09/20191020090100_00160.jpg,datasets_cloudmask/dataset_cropped/10_Metas/20/09/20191020090100_00160.png,13.1,0,13.2,12.5,955
10/20/2019 9:02,datasets/dataset_cropped/10_Metas/20/09/20191020090200_00160.jpg,datasets_flow/dataset_cropped/10_Metas/20/09/20191020090200_00160.jpg,datasets_cloudmask/dataset_cropped/10_Metas/20/09/20191020090200_00160.png,13,0,13.1,12.5,955
10/20/2019 9:03,datasets/dataset_cropped/10_Metas/20/09/20191020090300_00160.jpg,datasets_flow/dataset_cropped/10_Metas/20/09/20191020090300_00160.jpg,datasets_cloudmask/dataset_cropped/10_Metas/20/09/20191020090300_00160.png,12.9,0,13,12.4,955
10/20/2019 9:04,datasets/dataset_cropped/10_Metas/20/09/20191020090400_00160.jpg,datasets_flow/dataset_cropped/10_Metas/20/09/20191020090400_00160.jpg,datasets_cloudmask/dataset_cropped/10_Metas/20/09/20191020090400_00160.png,16.2,0,16.4,12.4,955
10/20/2019 9:05,datasets/dataset_cropped/10_Metas/20/09/20191020090500_00160.jpg,datasets_flow/dataset_cropped/10_Metas/20/09/20191020090500_00160.jpg,datasets_cloudmask/dataset_cropped/10_Metas/20/09/20191020090500_00160.png,23.5,0,23.8,12.4,954
10/20/2019 9:06,datasets/dataset_cropped/10_Metas/20/09/20191020090600_00160.jpg,datasets_flow/dataset_cropped/10_Metas/20/09/20191020090600_00160.jpg,datasets_cloudmask/dataset_cropped/10_Metas/20/09/20191020090600_00160.png,34.7,0,35.1,12.4,954
10/20/2019 9:07,datasets/dataset_cropped/10_Metas/20/09/20191020090700_00160.jpg,datasets_flow/dataset_cropped/10_Metas/20/09/20191020090700_00160.jpg,datasets_cloudmask/dataset_cropped/10_Metas/20/09/20191020090700_00160.png,45.8,0,46.2,12.4,954
10/20/2019 9:08,datasets/dataset_cropped/10_Metas/20/09/20191020090800_00160.jpg,datasets_flow/dataset_cropped/10_Metas/20/09/20191020090800_00160.jpg,datasets_cloudmask/dataset_cropped/10_Metas/20/09/20191020090800_00160.png,51.8,0,52.2,12.4,954
10/20/2019 9:09,datasets/dataset_cropped/10_Metas/20/09/20191020090900_00160.jpg,datasets_flow/dataset_cropped/10_Metas/20/09/20191020090900_00160.jpg,datasets_cloudmask/dataset_cropped/10_Metas/20/09/20191020090900_00160.png,56.5,0,57,12.3,954
10/20/2019 9:10,datasets/dataset_cropped/10_Metas/20/09/20191020091000_00160.jpg,datasets_flow/dataset_cropped/10_Metas/20/09/20191020091000_00160.jpg,datasets_cloudmask/dataset_cropped/10_Metas/20/09/20191020091000_00160.png,63.6,0,64.1,12.3,954
10/20/2019 9:11,datasets/dataset_cropped/10_Metas/20/09/20191020091100_00160.jpg,datasets_flow/dataset_cropped/10_Metas/20/09/20191020091100_00160.jpg,datasets_cloudmask/dataset_cropped/10_Metas/20/09/20191020091100_00160.png,71.3,0,72,12.4,954
10/20/2019 9:12,datasets/dataset_cropped/10_Metas/20/09/20191020091200_00160.jpg,datasets_flow/dataset_cropped/10_Metas/20/09/20191020091200_00160.jpg,datasets_cloudmask/dataset_cropped/10_Metas/20/09/20191020091200_00160.png,77.9,0,78.6,12.4,954
10/20/2019 9:13,datasets/dataset_cropped/10_Metas/20/09/20191020091300_00160.jpg,datasets_flow/dataset_cropped/10_Metas/20/09/20191020091300_00160.jpg,datasets_cloudmask/dataset_cropped/10_Metas/20/09/20191020091300_00160.png,78.1,0,78.7,12.4,954
10/20/2019 9:14,datasets/dataset_cropped/10_Metas/20/09/20191020091400_00160.jpg,datasets_flow/dataset_cropped/10_Metas/20/09/20191020091400_00160.jpg,datasets_cloudmask/dataset_cropped/10_Metas/20/09/20191020091400_00160.png,75.8,0.1,76.4,12.5,954
10/20/2019 9:15,datasets/dataset_cropped/10_Metas/20/09/20191020091500_00160.jpg,datasets_flow/dataset_cropped/10_Metas/20/09/20191020091500_00160.jpg,datasets_cloudmask/dataset_cropped/10_Metas/20/09/20191020091500_00160.png,80,0.1,80.6,12.5,954
10/20/2019 9:16,datasets/dataset_cropped/10_Metas/20/09/20191020091600_00160.jpg,datasets_flow/dataset_cropped/10_Metas/20/09/20191020091600_00160.jpg,datasets_cloudmask/dataset_cropped/10_Metas/20/09/20191020091600_00160.png,92.2,0.1,92.9,12.5,954
10/20/2019 9:17,datasets/dataset_cropped/10_Metas/20/09/20191020091700_00160.jpg,datasets_flow/dataset_cropped/10_Metas/20/09/20191020091700_00160.jpg,datasets_cloudmask/dataset_cropped/10_Metas/20/09/20191020091700_00160.png,107.1,0.1,107.9,12.6,954
10/20/2019 9:18,datasets/dataset_cropped/10_Metas/20/09/20191020091800_00160.jpg,datasets_flow/dataset_cropped/10_Metas/20/09/20191020091800_00160.jpg,datasets_cloudmask/dataset_cropped/10_Metas/20/09/20191020091800_00160.png,118.5,0.2,119.4,12.7,954
10/20/2019 9:19,datasets/dataset_cropped/10_Metas/20/09/20191020091900_00160.jpg,datasets_flow/dataset_cropped/10_Metas/20/09/20191020091900_00160.jpg,datasets_cloudmask/dataset_cropped/10_Metas/20/09/20191020091900_00160.png,134.1,0.3,135.1,12.7,954
10/20/2019 9:20,datasets/dataset_cropped/10_Metas/20/09/20191020092000_00160.jpg,datasets_flow/dataset_cropped/10_Metas/20/09/20191020092000_00160.jpg,datasets_cloudmask/dataset_cropped/10_Metas/20/09/20191020092000_00160.png,149.7,0.5,150.7,12.8,954
10/20/2019 9:21,datasets/dataset_cropped/10_Metas/20/09/20191020092100_00160.jpg,datasets_flow/dataset_cropped/10_Metas/20/09/20191020092100_00160.jpg,datasets_cloudmask/dataset_cropped/10_Metas/20/09/20191020092100_00160.png,163.1,0.7,164.1,12.8,954
10/20/2019 9:22,datasets/dataset_cropped/10_Metas/20/09/20191020092200_00160.jpg,datasets_flow/dataset_cropped/10_Metas/20/09/20191020092200_00160.jpg,datasets_cloudmask/dataset_cropped/10_Metas/20/09/20191020092200_00160.png,174.9,0.9,176.3,12.7,954
10/20/2019 9:23,datasets/dataset_cropped/10_Metas/20/09/20191020092300_00160.jpg,datasets_flow/dataset_cropped/10_Metas/20/09/20191020092300_00160.jpg,datasets_cloudmask/dataset_cropped/10_Metas/20/09/20191020092300_00160.png,186.6,1.1,188,12.8,954
10/20/2019 9:24,datasets/dataset_cropped/10_Metas/20/09/20191020092400_00160.jpg,datasets_flow/dataset_cropped/10_Metas/20/09/20191020092400_00160.jpg,datasets_cloudmask/dataset_cropped/10_Metas/20/09/20191020092400_00160.png,192.9,1.3,194.2,12.9,954
10/20/2019 9:25,datasets/dataset_cropped/10_Metas/20/09/20191020092500_00160.jpg,datasets_flow/dataset_cropped/10_Metas/20/09/20191020092500_00160.jpg,datasets_cloudmask/dataset_cropped/10_Metas/20/09/20191020092500_00160.png,203,1.6,204,13,954
10/20/2019 9:26,datasets/dataset_cropped/10_Metas/20/09/20191020092600_00160.jpg,datasets_flow/dataset_cropped/10_Metas/20/09/20191020092600_00160.jpg,datasets_cloudmask/dataset_cropped/10_Metas/20/09/20191020092600_00160.png,209.1,2.2,209.9,13.1,955
10/20/2019 9:27,datasets/dataset_cropped/10_Metas/20/09/20191020092700_00160.jpg,datasets_flow/dataset_cropped/10_Metas/20/09/20191020092700_00160.jpg,datasets_cloudmask/dataset_cropped/10_Metas/20/09/20191020092700_00160.png,192.8,2.2,193.6,13.2,955
10/20/2019 9:28,datasets/dataset_cropped/10_Metas/20/09/20191020092800_00160.jpg,datasets_flow/dataset_cropped/10_Metas/20/09/20191020092800_00160.jpg,datasets_cloudmask/dataset_cropped/10_Metas/20/09/20191020092800_00160.png,187.5,39.6,172.5,13.4,955
10/20/2019 9:29,datasets/dataset_cropped/10_Metas/20/09/20191020092900_00160.jpg,datasets_flow/dataset_cropped/10_Metas/20/09/20191020092900_00160.jpg,datasets_cloudmask/dataset_cropped/10_Metas/20/09/20191020092900_00160.png,147.3,1.9,148,13.3,955
10/20/2019 9:30,datasets/dataset_cropped/10_Metas/20/09/20191020093000_00160.jpg,datasets_flow/dataset_cropped/10_Metas/20/09/20191020093000_00160.jpg,datasets_cloudmask/dataset_cropped/10_Metas/20/09/20191020093000_00160.png,138,1.5,138.9,13.4,955
10/20/2019 9:31,datasets/dataset_cropped/10_Metas/20/09/20191020093100_00160.jpg,datasets_flow/dataset_cropped/10_Metas/20/09/20191020093100_00160.jpg,datasets_cloudmask/dataset_cropped/10_Metas/20/09/20191020093100_00160.png,133.9,1.4,134.9,13.4,955
10/20/2019 9:32,datasets/dataset_cropped/10_Metas/20/09/20191020093200_00160.jpg,datasets_flow/dataset_cropped/10_Metas/20/09/20191020093200_00160.jpg,datasets_cloudmask/dataset_cropped/10_Metas/20/09/20191020093200_00160.png,123.5,1.2,124.4,13.4,955
10/20/2019 9:33,datasets/dataset_cropped/10_Metas/20/09/20191020093300_00160.jpg,datasets_flow/dataset_cropped/10_Metas/20/09/20191020093300_00160.jpg,datasets_cloudmask/dataset_cropped/10_Metas/20/09/20191020093300_00160.png,118.9,1,119.7,13.3,955
10/20/2019 9:34,datasets/dataset_cropped/10_Metas/20/09/20191020093400_00160.jpg,datasets_flow/dataset_cropped/10_Metas/20/09/20191020093400_00160.jpg,datasets_cloudmask/dataset_cropped/10_Metas/20/09/20191020093400_00160.png,124.8,0.9,125.7,13.3,955
10/20/2019 9:35,datasets/dataset_cropped/10_Metas/20/09/20191020093500_00160.jpg,datasets_flow/dataset_cropped/10_Metas/20/09/20191020093500_00160.jpg,datasets_cloudmask/dataset_cropped/10_Metas/20/09/20191020093500_00160.png,143.7,0.9,144.5,13.4,954
10/20/2019 9:36,datasets/dataset_cropped/10_Metas/20/09/20191020093600_00160.jpg,datasets_flow/dataset_cropped/10_Metas/20/09/20191020093600_00160.jpg,datasets_cloudmask/dataset_cropped/10_Metas/20/09/20191020093600_00160.png,178.9,1,179.7,13.4,954
10/20/2019 9:37,datasets/dataset_cropped/10_Metas/20/09/20191020093700_00160.jpg,datasets_flow/dataset_cropped/10_Metas/20/09/20191020093700_00160.jpg,datasets_cloudmask/dataset_cropped/10_Metas/20/09/20191020093700_00160.png,227.1,1.3,228.2,13.2,954
10/20/2019 9:38,datasets/dataset_cropped/10_Metas/20/09/20191020093800_00160.jpg,datasets_flow/dataset_cropped/10_Metas/20/09/20191020093800_00160.jpg,datasets_cloudmask/dataset_cropped/10_Metas/20/09/20191020093800_00160.png,264.6,2,265.2,13.3,954
10/20/2019 9:39,datasets/dataset_cropped/10_Metas/20/09/20191020093900_00160.jpg,datasets_flow/dataset_cropped/10_Metas/20/09/20191020093900_00160.jpg,datasets_cloudmask/dataset_cropped/10_Metas/20/09/20191020093900_00160.png,282.1,6.7,280.9,13.5,955
10/20/2019 9:40,datasets/dataset_cropped/10_Metas/20/09/20191020094000_00160.jpg,datasets_flow/dataset_cropped/10_Metas/20/09/20191020094000_00160.jpg,datasets_cloudmask/dataset_cropped/10_Metas/20/09/20191020094000_00160.png,291.1,4.9,291,13.6,954
10/20/2019 9:41,datasets/dataset_cropped/10_Metas/20/09/20191020094100_00160.jpg,datasets_flow/dataset_cropped/10_Metas/20/09/20191020094100_00160.jpg,datasets_cloudmask/dataset_cropped/10_Metas/20/09/20191020094100_00160.png,287.5,2.3,288,13.6,954
10/20/2019 9:42,datasets/dataset_cropped/10_Metas/20/09/20191020094200_00160.jpg,datasets_flow/dataset_cropped/10_Metas/20/09/20191020094200_00160.jpg,datasets_cloudmask/dataset_cropped/10_Metas/20/09/20191020094200_00160.png,253,2.6,252.4,13.7,954
10/20/2019 9:43,datasets/dataset_cropped/10_Metas/20/09/20191020094300_00160.jpg,datasets_flow/dataset_cropped/10_Metas/20/09/20191020094300_00160.jpg,datasets_cloudmask/dataset_cropped/10_Metas/20/09/20191020094300_00160.png,214.7,11.5,210.5,13.8,954
10/20/2019 9:44,datasets/dataset_cropped/10_Metas/20/09/20191020094400_00160.jpg,datasets_flow/dataset_cropped/10_Metas/20/09/20191020094400_00160.jpg,datasets_cloudmask/dataset_cropped/10_Metas/20/09/20191020094400_00160.png,154.1,1.6,154.3,13.7,954
10/20/2019 9:45,datasets/dataset_cropped/10_Metas/20/09/20191020094500_00160.jpg,datasets_flow/dataset_cropped/10_Metas/20/09/20191020094500_00160.jpg,datasets_cloudmask/dataset_cropped/10_Metas/20/09/20191020094500_00160.png,129.5,0.9,129.9,13.7,955
10/20/2019 9:46,datasets/dataset_cropped/10_Metas/20/09/20191020094600_00160.jpg,datasets_flow/dataset_cropped/10_Metas/20/09/20191020094600_00160.jpg,datasets_cloudmask/dataset_cropped/10_Metas/20/09/20191020094600_00160.png,153.2,0.5,153.5,13.6,955
10/20/2019 9:47,datasets/dataset_cropped/10_Metas/20/09/20191020094700_00160.jpg,datasets_flow/dataset_cropped/10_Metas/20/09/20191020094700_00160.jpg,datasets_cloudmask/dataset_cropped/10_Metas/20/09/20191020094700_00160.png,186.9,0.1,187.4,13.7,955
10/20/2019 9:48,datasets/dataset_cropped/10_Metas/20/09/20191020094800_00160.jpg,datasets_flow/dataset_cropped/10_Metas/20/09/20191020094800_00160.jpg,datasets_cloudmask/dataset_cropped/10_Metas/20/09/20191020094800_00160.png,189,0,189.2,13.8,955
10/20/2019 9:49,datasets/dataset_cropped/10_Metas/20/09/20191020094900_00160.jpg,datasets_flow/dataset_cropped/10_Metas/20/09/20191020094900_00160.jpg,datasets_cloudmask/dataset_cropped/10_Metas/20/09/20191020094900_00160.png,173.8,0,174.2,13.9,955
10/20/2019 9:50,datasets/dataset_cropped/10_Metas/20/09/20191020095000_00160.jpg,datasets_flow/dataset_cropped/10_Metas/20/09/20191020095000_00160.jpg,datasets_cloudmask/dataset_cropped/10_Metas/20/09/20191020095000_00160.png,147.4,0.1,147.6,13.8,955
10/20/2019 9:51,datasets/dataset_cropped/10_Metas/20/09/20191020095100_00160.jpg,datasets_flow/dataset_cropped/10_Metas/20/09/20191020095100_00160.jpg,datasets_cloudmask/dataset_cropped/10_Metas/20/09/20191020095100_00160.png,135.1,0,135.3,13.8,955
10/20/2019 9:52,datasets/dataset_cropped/10_Metas/20/09/20191020095200_00160.jpg,datasets_flow/dataset_cropped/10_Metas/20/09/20191020095200_00160.jpg,datasets_cloudmask/dataset_cropped/10_Metas/20/09/20191020095200_00160.png,138.2,0,138.5,13.9,955
10/20/2019 9:53,datasets/dataset_cropped/10_Metas/20/09/20191020095300_00160.jpg,datasets_flow/dataset_cropped/10_Metas/20/09/20191020095300_00160.jpg,datasets_cloudmask/dataset_cropped/10_Metas/20/09/20191020095300_00160.png,136.2,0,136.6,13.9,955
10/20/2019 9:54,datasets/dataset_cropped/10_Metas/20/09/20191020095400_00160.jpg,datasets_flow/dataset_cropped/10_Metas/20/09/20191020095400_00160.jpg,datasets_cloudmask/dataset_cropped/10_Metas/20/09/20191020095400_00160.png,125.5,0,125.9,13.9,955
10/20/2019 9:55,datasets/dataset_cropped/10_Metas/20/09/20191020095500_00160.jpg,datasets_flow/dataset_cropped/10_Metas/20/09/20191020095500_00160.jpg,datasets_cloudmask/dataset_cropped/10_Metas/20/09/20191020095500_00160.png,116,0,116.2,13.9,955
10/20/2019 9:56,datasets/dataset_cropped/10_Metas/20/09/20191020095600_00160.jpg,datasets_flow/dataset_cropped/10_Metas/20/09/20191020095600_00160.jpg,datasets_cloudmask/dataset_cropped/10_Metas/20/09/20191020095600_00160.png,110.3,0,110.5,14,955
10/20/2019 9:57,datasets/dataset_cropped/10_Metas/20/09/20191020095700_00160.jpg,datasets_flow/dataset_cropped/10_Metas/20/09/20191020095700_00160.jpg,datasets_cloudmask/dataset_cropped/10_Metas/20/09/20191020095700_00160.png,108.3,0.1,108.5,14,955
10/20/2019 9:58,datasets/dataset_cropped/10_Metas/20/09/20191020095800_00160.jpg,datasets_flow/dataset_cropped/10_Metas/20/09/20191020095800_00160.jpg,datasets_cloudmask/dataset_cropped/10_Metas/20/09/20191020095800_00160.png,99.3,0,99.6,14.1,955
10/20/2019 9:59,datasets/dataset_cropped/10_Metas/20/09/20191020095900_00160.jpg,datasets_flow/dataset_cropped/10_Metas/20/09/20191020095900_00160.jpg,datasets_cloudmask/dataset_cropped/10_Metas/20/09/20191020095900_00160.png,82,0,82.2,14.1,955
10/20/2019 10:00,datasets/dataset_cropped/10_Metas/20/10/20191020100000_00160.jpg,datasets_flow/dataset_cropped/10_Metas/20/10/20191020100000_00160.jpg,datasets_cloudmask/dataset_cropped/10_Metas/20/10/20191020100000_00160.png,67.4,0,67.5,14,955
10/20/2019 10:01,datasets/dataset_cropped/10_Metas/20/10/20191020100100_00160.jpg,datasets_flow/dataset_cropped/10_Metas/20/10/20191020100100_00160.jpg,datasets_cloudmask/dataset_cropped/10_Metas/20/10/20191020100100_00160.png,64,0,64,14,955
10/20/2019 10:02,datasets/dataset_cropped/10_Metas/20/10/20191020100200_00160.jpg,datasets_flow/dataset_cropped/10_Metas/20/10/20191020100200_00160.jpg,datasets_cloudmask/dataset_cropped/10_Metas/20/10/20191020100200_00160.png,69.8,0,69.9,14.1,955
10/20/2019 10:03,datasets/dataset_cropped/10_Metas/20/10/20191020100300_00160.jpg,datasets_flow/dataset_cropped/10_Metas/20/10/20191020100300_00160.jpg,datasets_cloudmask/dataset_cropped/10_Metas/20/10/20191020100300_00160.png,78,0,78.1,14.1,955
10/20/2019 10:04,datasets/dataset_cropped/10_Metas/20/10/20191020100400_00160.jpg,datasets_flow/dataset_cropped/10_Metas/20/10/20191020100400_00160.jpg,datasets_cloudmask/dataset_cropped/10_Metas/20/10/20191020100400_00160.png,80.2,0,80.3,14,955
10/20/2019 10:05,datasets/dataset_cropped/10_Metas/20/10/20191020100500_00160.jpg,datasets_flow/dataset_cropped/10_Metas/20/10/20191020100500_00160.jpg,datasets_cloudmask/dataset_cropped/10_Metas/20/10/20191020100500_00160.png,78.5,0,78.5,14,955
10/20/2019 10:06,datasets/dataset_cropped/10_Metas/20/10/20191020100600_00160.jpg,datasets_flow/dataset_cropped/10_Metas/20/10/20191020100600_00160.jpg,datasets_cloudmask/dataset_cropped/10_Metas/20/10/20191020100600_00160.png,75.7,0,75.8,14.1,955
10/20/2019 10:07,datasets/dataset_cropped/10_Metas/20/10/20191020100700_00160.jpg,datasets_flow/dataset_cropped/10_Metas/20/10/20191020100700_00160.jpg,datasets_cloudmask/dataset_cropped/10_Metas/20/10/20191020100700_00160.png,72.9,0,72.9,14.1,955
10/20/2019 10:08,datasets/dataset_cropped/10_Metas/20/10/20191020100800_00160.jpg,datasets_flow/dataset_cropped/10_Metas/20/10/20191020100800_00160.jpg,datasets_cloudmask/dataset_cropped/10_Metas/20/10/20191020100800_00160.png,70.9,0,71.1,14.1,955
10/20/2019 10:09,datasets/dataset_cropped/10_Metas/20/10/20191020100900_00160.jpg,datasets_flow/dataset_cropped/10_Metas/20/10/20191020100900_00160.jpg,datasets_cloudmask/dataset_cropped/10_Metas/20/10/20191020100900_00160.png,71,0,71.1,14.1,955
10/20/2019 10:10,datasets/dataset_cropped/10_Metas/20/10/20191020101000_00160.jpg,datasets_flow/dataset_cropped/10_Metas/20/10/20191020101000_00160.jpg,datasets_cloudmask/dataset_cropped/10_Metas/20/10/20191020101000_00160.png,71.8,0.1,71.8,14.1,955
10/20/2019 10:11,datasets/dataset_cropped/10_Metas/20/10/20191020101100_00160.jpg,datasets_flow/dataset_cropped/10_Metas/20/10/20191020101100_00160.jpg,datasets_cloudmask/dataset_cropped/10_Metas/20/10/20191020101100_00160.png,75,0.1,75.1,14.3,955
10/20/2019 10:12,datasets/dataset_cropped/10_Metas/20/10/20191020101200_00160.jpg,datasets_flow/dataset_cropped/10_Metas/20/10/20191020101200_00160.jpg,datasets_cloudmask/dataset_cropped/10_Metas/20/10/20191020101200_00160.png,80.4,0.1,80.4,14.3,955
10/20/2019 10:13,datasets/dataset_cropped/10_Metas/20/10/20191020101300_00160.jpg,datasets_flow/dataset_cropped/10_Metas/20/10/20191020101300_00160.jpg,datasets_cloudmask/dataset_cropped/10_Metas/20/10/20191020101300_00160.png,81.3,0.1,81.4,14.3,955
10/20/2019 10:14,datasets/dataset_cropped/10_Metas/20/10/20191020101400_00160.jpg,datasets_flow/dataset_cropped/10_Metas/20/10/20191020101400_00160.jpg,datasets_cloudmask/dataset_cropped/10_Metas/20/10/20191020101400_00160.png,78.6,0.1,78.7,14.2,955
10/20/2019 10:15,datasets/dataset_cropped/10_Metas/20/10/20191020101500_00160.jpg,datasets_flow/dataset_cropped/10_Metas/20/10/20191020101500_00160.jpg,datasets_cloudmask/dataset_cropped/10_Metas/20/10/20191020101500_00160.png,80.7,0.1,80.8,14.2,955
10/20/2019 10:16,datasets/dataset_cropped/10_Metas/20/10/20191020101600_00160.jpg,datasets_flow/dataset_cropped/10_Metas/20/10/20191020101600_00160.jpg,datasets_cloudmask/dataset_cropped/10_Metas/20/10/20191020101600_00160.png,88.2,0.2,88.3,14.3,955
10/20/2019 10:17,datasets/dataset_cropped/10_Metas/20/10/20191020101700_00160.jpg,datasets_flow/dataset_cropped/10_Metas/20/10/20191020101700_00160.jpg,datasets_cloudmask/dataset_cropped/10_Metas/20/10/20191020101700_00160.png,91,0.2,91.2,14.3,955
10/20/2019 10:18,datasets/dataset_cropped/10_Metas/20/10/20191020101800_00160.jpg,datasets_flow/dataset_cropped/10_Metas/20/10/20191020101800_00160.jpg,datasets_cloudmask/dataset_cropped/10_Metas/20/10/20191020101800_00160.png,86.8,0.2,86.9,14.3,955
10/20/2019 10:19,datasets/dataset_cropped/10_Metas/20/10/20191020101900_00160.jpg,datasets_flow/dataset_cropped/10_Metas/20/10/20191020101900_00160.jpg,datasets_cloudmask/dataset_cropped/10_Metas/20/10/20191020101900_00160.png,79.7,0.2,79.7,14.3,955
10/20/2019 10:20,datasets/dataset_cropped/10_Metas/20/10/20191020102000_00160.jpg,datasets_flow/dataset_cropped/10_Metas/20/10/20191020102000_00160.jpg,datasets_cloudmask/dataset_cropped/10_Metas/20/10/20191020102000_00160.png,74.3,0.2,74.4,14.4,955
10/20/2019 10:21,datasets/dataset_cropped/10_Metas/20/10/20191020102100_00160.jpg,datasets_flow/dataset_cropped/10_Metas/20/10/20191020102100_00160.jpg,datasets_cloudmask/dataset_cropped/10_Metas/20/10/20191020102100_00160.png,68.6,0.1,68.6,14.3,955
10/20/2019 10:22,datasets/dataset_cropped/10_Metas/20/10/20191020102200_00160.jpg,datasets_flow/dataset_cropped/10_Metas/20/10/20191020102200_00160.jpg,datasets_cloudmask/dataset_cropped/10_Metas/20/10/20191020102200_00160.png,66,0,66.1,14.4,955
10/20/2019 10:23,datasets/dataset_cropped/10_Metas/20/10/20191020102300_00160.jpg,datasets_flow/dataset_cropped/10_Metas/20/10/20191020102300_00160.jpg,datasets_cloudmask/dataset_cropped/10_Metas/20/10/20191020102300_00160.png,66.1,0,66,14.4,955
10/20/2019 10:24,datasets/dataset_cropped/10_Metas/20/10/20191020102400_00160.jpg,datasets_flow/dataset_cropped/10_Metas/20/10/20191020102400_00160.jpg,datasets_cloudmask/dataset_cropped/10_Metas/20/10/20191020102400_00160.png,67,0,66.9,14.4,955
10/20/2019 10:25,datasets/dataset_cropped/10_Metas/20/10/20191020102500_00160.jpg,datasets_flow/dataset_cropped/10_Metas/20/10/20191020102500_00160.jpg,datasets_cloudmask/dataset_cropped/10_Metas/20/10/20191020102500_00160.png,72,0,71.8,14.4,955
10/20/2019 10:26,datasets/dataset_cropped/10_Metas/20/10/20191020102600_00160.jpg,datasets_flow/dataset_cropped/10_Metas/20/10/20191020102600_00160.jpg,datasets_cloudmask/dataset_cropped/10_Metas/20/10/20191020102600_00160.png,84.9,0,84.7,14.4,955
10/20/2019 10:27,datasets/dataset_cropped/10_Metas/20/10/20191020102700_00160.jpg,datasets_flow/dataset_cropped/10_Metas/20/10/20191020102700_00160.jpg,datasets_cloudmask/dataset_cropped/10_Metas/20/10/20191020102700_00160.png,98,0,98,14.4,955
10/20/2019 10:28,datasets/dataset_cropped/10_Metas/20/10/20191020102800_00160.jpg,datasets_flow/dataset_cropped/10_Metas/20/10/20191020102800_00160.jpg,datasets_cloudmask/dataset_cropped/10_Metas/20/10/20191020102800_00160.png,108.3,0,108.3,14.4,955
10/20/2019 10:29,datasets/dataset_cropped/10_Metas/20/10/20191020102900_00160.jpg,datasets_flow/dataset_cropped/10_Metas/20/10/20191020102900_00160.jpg,datasets_cloudmask/dataset_cropped/10_Metas/20/10/20191020102900_00160.png,116.1,0,116.1,14.4,955
10/20/2019 10:30,datasets/dataset_cropped/10_Metas/20/10/20191020103000_00160.jpg,datasets_flow/dataset_cropped/10_Metas/20/10/20191020103000_00160.jpg,datasets_cloudmask/dataset_cropped/10_Metas/20/10/20191020103000_00160.png,116.2,0,116.2,14.4,955
10/20/2019 10:31,datasets/dataset_cropped/10_Metas/20/10/20191020103100_00160.jpg,datasets_flow/dataset_cropped/10_Metas/20/10/20191020103100_00160.jpg,datasets_cloudmask/dataset_cropped/10_Metas/20/10/20191020103100_00160.png,110.9,0.2,110.9,14.4,955
10/20/2019 10:32,datasets/dataset_cropped/10_Metas/20/10/20191020103200_00160.jpg,datasets_flow/dataset_cropped/10_Metas/20/10/20191020103200_00160.jpg,datasets_cloudmask/dataset_cropped/10_Metas/20/10/20191020103200_00160.png,111.7,0.4,111.7,14.4,955
10/20/2019 10:33,datasets/dataset_cropped/10_Metas/20/10/20191020103300_00160.jpg,datasets_flow/dataset_cropped/10_Metas/20/10/20191020103300_00160.jpg,datasets_cloudmask/dataset_cropped/10_Metas/20/10/20191020103300_00160.png,115.8,0.6,115.9,14.5,955
10/20/2019 10:34,datasets/dataset_cropped/10_Metas/20/10/20191020103400_00160.jpg,datasets_flow/dataset_cropped/10_Metas/20/10/20191020103400_00160.jpg,datasets_cloudmask/dataset_cropped/10_Metas/20/10/20191020103400_00160.png,113.9,0.7,114,14.6,955
10/20/2019 10:35,datasets/dataset_cropped/10_Metas/20/10/20191020103500_00160.jpg,datasets_flow/dataset_cropped/10_Metas/20/10/20191020103500_00160.jpg,datasets_cloudmask/dataset_cropped/10_Metas/20/10/20191020103500_00160.png,109.7,0.9,109.7,14.6,955
10/20/2019 10:36,datasets/dataset_cropped/10_Metas/20/10/20191020103600_00160.jpg,datasets_flow/dataset_cropped/10_Metas/20/10/20191020103600_00160.jpg,datasets_cloudmask/dataset_cropped/10_Metas/20/10/20191020103600_00160.png,118.4,0.9,118.4,14.7,955
10/20/2019 10:37,datasets/dataset_cropped/10_Metas/20/10/20191020103700_00160.jpg,datasets_flow/dataset_cropped/10_Metas/20/10/20191020103700_00160.jpg,datasets_cloudmask/dataset_cropped/10_Metas/20/10/20191020103700_00160.png,140.2,1,140.3,14.7,955
10/20/2019 10:38,datasets/dataset_cropped/10_Metas/20/10/20191020103800_00160.jpg,datasets_flow/dataset_cropped/10_Metas/20/10/20191020103800_00160.jpg,datasets_cloudmask/dataset_cropped/10_Metas/20/10/20191020103800_00160.png,165.9,1.2,166,14.8,955
10/20/2019 10:39,datasets/dataset_cropped/10_Metas/20/10/20191020103900_00160.jpg,datasets_flow/dataset_cropped/10_Metas/20/10/20191020103900_00160.jpg,datasets_cloudmask/dataset_cropped/10_Metas/20/10/20191020103900_00160.png,183.4,1.3,183.7,15,955
10/20/2019 10:40,datasets/dataset_cropped/10_Metas/20/10/20191020104000_00160.jpg,datasets_flow/dataset_cropped/10_Metas/20/10/20191020104000_00160.jpg,datasets_cloudmask/dataset_cropped/10_Metas/20/10/20191020104000_00160.png,184.7,1.3,184.8,15,955
10/20/2019 10:41,datasets/dataset_cropped/10_Metas/20/10/20191020104100_00160.jpg,datasets_flow/dataset_cropped/10_Metas/20/10/20191020104100_00160.jpg,datasets_cloudmask/dataset_cropped/10_Metas/20/10/20191020104100_00160.png,173.5,1.4,173.6,15.1,955
10/20/2019 10:42,datasets/dataset_cropped/10_Metas/20/10/20191020104200_00160.jpg,datasets_flow/dataset_cropped/10_Metas/20/10/20191020104200_00160.jpg,datasets_cloudmask/dataset_cropped/10_Metas/20/10/20191020104200_00160.png,159.1,1.4,159.1,15.1,955
10/20/2019 10:43,datasets/dataset_cropped/10_Metas/20/10/20191020104300_00160.jpg,datasets_flow/dataset_cropped/10_Metas/20/10/20191020104300_00160.jpg,datasets_cloudmask/dataset_cropped/10_Metas/20/10/20191020104300_00160.png,138.1,1.3,138.1,15.1,955
10/20/2019 10:44,datasets/dataset_cropped/10_Metas/20/10/20191020104400_00160.jpg,datasets_flow/dataset_cropped/10_Metas/20/10/20191020104400_00160.jpg,datasets_cloudmask/dataset_cropped/10_Metas/20/10/20191020104400_00160.png,113.5,1.1,113.5,15.1,955
10/20/2019 10:45,datasets/dataset_cropped/10_Metas/20/10/20191020104500_00160.jpg,datasets_flow/dataset_cropped/10_Metas/20/10/20191020104500_00160.jpg,datasets_cloudmask/dataset_cropped/10_Metas/20/10/20191020104500_00160.png,91.8,0.9,91.7,15.1,955
10/20/2019 10:46,datasets/dataset_cropped/10_Metas/20/10/20191020104600_00160.jpg,datasets_flow/dataset_cropped/10_Metas/20/10/20191020104600_00160.jpg,datasets_cloudmask/dataset_cropped/10_Metas/20/10/20191020104600_00160.png,76.9,0.7,76.7,15.1,955
10/20/2019 10:47,datasets/dataset_cropped/10_Metas/20/10/20191020104700_00160.jpg,datasets_flow/dataset_cropped/10_Metas/20/10/20191020104700_00160.jpg,datasets_cloudmask/dataset_cropped/10_Metas/20/10/20191020104700_00160.png,70,0.6,69.8,15.1,955
10/20/2019 10:48,datasets/dataset_cropped/10_Metas/20/10/20191020104800_00160.jpg,datasets_flow/dataset_cropped/10_Metas/20/10/20191020104800_00160.jpg,datasets_cloudmask/dataset_cropped/10_Metas/20/10/20191020104800_00160.png,65.4,0.4,65.3,15.1,955
10/20/2019 10:49,datasets/dataset_cropped/10_Metas/20/10/20191020104900_00160.jpg,datasets_flow/dataset_cropped/10_Metas/20/10/20191020104900_00160.jpg,datasets_cloudmask/dataset_cropped/10_Metas/20/10/20191020104900_00160.png,62.2,0.2,62.2,15.1,955
10/20/2019 10:50,datasets/dataset_cropped/10_Metas/20/10/20191020105000_00160.jpg,datasets_flow/dataset_cropped/10_Metas/20/10/20191020105000_00160.jpg,datasets_cloudmask/dataset_cropped/10_Metas/20/10/20191020105000_00160.png,63.4,0.1,63.3,15.1,955
10/20/2019 10:51,datasets/dataset_cropped/10_Metas/20/10/20191020105100_00160.jpg,datasets_flow/dataset_cropped/10_Metas/20/10/20191020105100_00160.jpg,datasets_cloudmask/dataset_cropped/10_Metas/20/10/20191020105100_00160.png,68.7,0.1,68.6,15.1,955
10/20/2019 10:52,datasets/dataset_cropped/10_Metas/20/10/20191020105200_00160.jpg,datasets_flow/dataset_cropped/10_Metas/20/10/20191020105200_00160.jpg,datasets_cloudmask/dataset_cropped/10_Metas/20/10/20191020105200_00160.png,77.8,0.2,77.7,15.1,955
10/20/2019 10:53,datasets/dataset_cropped/10_Metas/20/10/20191020105300_00160.jpg,datasets_flow/dataset_cropped/10_Metas/20/10/20191020105300_00160.jpg,datasets_cloudmask/dataset_cropped/10_Metas/20/10/20191020105300_00160.png,90.7,0.2,90.6,15,955
10/20/2019 10:54,datasets/dataset_cropped/10_Metas/20/10/20191020105400_00160.jpg,datasets_flow/dataset_cropped/10_Metas/20/10/20191020105400_00160.jpg,datasets_cloudmask/dataset_cropped/10_Metas/20/10/20191020105400_00160.png,100.4,0.2,100.2,15,955
10/20/2019 10:55,datasets/dataset_cropped/10_Metas/20/10/20191020105500_00160.jpg,datasets_flow/dataset_cropped/10_Metas/20/10/20191020105500_00160.jpg,datasets_cloudmask/dataset_cropped/10_Metas/20/10/20191020105500_00160.png,102.7,0.1,102.3,15.1,955
10/20/2019 10:56,datasets/dataset_cropped/10_Metas/20/10/20191020105600_00160.jpg,datasets_flow/dataset_cropped/10_Metas/20/10/20191020105600_00160.jpg,datasets_cloudmask/dataset_cropped/10_Metas/20/10/20191020105600_00160.png,101.9,0,101.6,15.1,955
10/20/2019 10:57,datasets/dataset_cropped/10_Metas/20/10/20191020105700_00160.jpg,datasets_flow/dataset_cropped/10_Metas/20/10/20191020105700_00160.jpg,datasets_cloudmask/dataset_cropped/10_Metas/20/10/20191020105700_00160.png,101.7,0,101.6,15.1,955
10/20/2019 10:58,datasets/dataset_cropped/10_Metas/20/10/20191020105800_00160.jpg,datasets_flow/dataset_cropped/10_Metas/20/10/20191020105800_00160.jpg,datasets_cloudmask/dataset_cropped/10_Metas/20/10/20191020105800_00160.png,102.9,0,103,15.1,955
10/20/2019 10:59,datasets/dataset_cropped/10_Metas/20/10/20191020105900_00160.jpg,datasets_flow/dataset_cropped/10_Metas/20/10/20191020105900_00160.jpg,datasets_cloudmask/dataset_cropped/10_Metas/20/10/20191020105900_00160.png,101.8,0,101.7,15.1,955
10/20/2019 11:00,datasets/dataset_cropped/10_Metas/20/11/20191020110000_00160.jpg,datasets_flow/dataset_cropped/10_Metas/20/11/20191020110000_00160.jpg,datasets_cloudmask/dataset_cropped/10_Metas/20/11/20191020110000_00160.png,94.4,0,94.3,15.1,955
10/20/2019 11:01,datasets/dataset_cropped/10_Metas/20/11/20191020110100_00160.jpg,datasets_flow/dataset_cropped/10_Metas/20/11/20191020110100_00160.jpg,datasets_cloudmask/dataset_cropped/10_Metas/20/11/20191020110100_00160.png,82.8,0,82.6,14.9,955
10/20/2019 11:02,datasets/dataset_cropped/10_Metas/20/11/20191020110200_00160.jpg,datasets_flow/dataset_cropped/10_Metas/20/11/20191020110200_00160.jpg,datasets_cloudmask/dataset_cropped/10_Metas/20/11/20191020110200_00160.png,71.1,0,70.9,14.7,955
10/20/2019 11:03,datasets/dataset_cropped/10_Metas/20/11/20191020110300_00160.jpg,datasets_flow/dataset_cropped/10_Metas/20/11/20191020110300_00160.jpg,datasets_cloudmask/dataset_cropped/10_Metas/20/11/20191020110300_00160.png,61,0,60.8,14.7,955
10/20/2019 11:04,datasets/dataset_cropped/10_Metas/20/11/20191020110400_00160.jpg,datasets_flow/dataset_cropped/10_Metas/20/11/20191020110400_00160.jpg,datasets_cloudmask/dataset_cropped/10_Metas/20/11/20191020110400_00160.png,52.3,0,52,14.7,955
10/20/2019 11:05,datasets/dataset_cropped/10_Metas/20/11/20191020110500_00160.jpg,datasets_flow/dataset_cropped/10_Metas/20/11/20191020110500_00160.jpg,datasets_cloudmask/dataset_cropped/10_Metas/20/11/20191020110500_00160.png,43.9,0,43.6,14.7,955
10/20/2019 11:06,datasets/dataset_cropped/10_Metas/20/11/20191020110600_00160.jpg,datasets_flow/dataset_cropped/10_Metas/20/11/20191020110600_00160.jpg,datasets_cloudmask/dataset_cropped/10_Metas/20/11/20191020110600_00160.png,37,0,36.6,14.6,955
10/20/2019 11:07,datasets/dataset_cropped/10_Metas/20/11/20191020110700_00160.jpg,datasets_flow/dataset_cropped/10_Metas/20/11/20191020110700_00160.jpg,datasets_cloudmask/dataset_cropped/10_Metas/20/11/20191020110700_00160.png,32.5,0,32.2,14.5,955
10/20/2019 11:08,datasets/dataset_cropped/10_Metas/20/11/20191020110800_00160.jpg,datasets_flow/dataset_cropped/10_Metas/20/11/20191020110800_00160.jpg,datasets_cloudmask/dataset_cropped/10_Metas/20/11/20191020110800_00160.png,30.7,0,30.4,14.5,955
10/20/2019 11:09,datasets/dataset_cropped/10_Metas/20/11/20191020110900_00160.jpg,datasets_flow/dataset_cropped/10_Metas/20/11/20191020110900_00160.jpg,datasets_cloudmask/dataset_cropped/10_Metas/20/11/20191020110900_00160.png,31.5,0,31.2,14.5,955
10/20/2019 11:10,datasets/dataset_cropped/10_Metas/20/11/20191020111000_00160.jpg,datasets_flow/dataset_cropped/10_Metas/20/11/20191020111000_00160.jpg,datasets_cloudmask/dataset_cropped/10_Metas/20/11/20191020111000_00160.png,34.2,0,34,14.5,955
10/20/2019 11:11,datasets/dataset_cropped/10_Metas/20/11/20191020111100_00160.jpg,datasets_flow/dataset_cropped/10_Metas/20/11/20191020111100_00160.jpg,datasets_cloudmask/dataset_cropped/10_Metas/20/11/20191020111100_00160.png,37.3,0,37.2,14.5,955
10/20/2019 11:12,datasets/dataset_cropped/10_Metas/20/11/20191020111200_00160.jpg,datasets_flow/dataset_cropped/10_Metas/20/11/20191020111200_00160.jpg,datasets_cloudmask/dataset_cropped/10_Metas/20/11/20191020111200_00160.png,42.5,0,42.4,14.5,955
10/20/2019 11:13,datasets/dataset_cropped/10_Metas/20/11/20191020111300_00160.jpg,datasets_flow/dataset_cropped/10_Metas/20/11/20191020111300_00160.jpg,datasets_cloudmask/dataset_cropped/10_Metas/20/11/20191020111300_00160.png,53.5,0,53.5,14.4,955
10/20/2019 11:14,datasets/dataset_cropped/10_Metas/20/11/20191020111400_00160.jpg,datasets_flow/dataset_cropped/10_Metas/20/11/20191020111400_00160.jpg,datasets_cloudmask/dataset_cropped/10_Metas/20/11/20191020111400_00160.png,72.7,0,72.8,14.4,955
10/20/2019 11:15,datasets/dataset_cropped/10_Metas/20/11/20191020111500_00160.jpg,datasets_flow/dataset_cropped/10_Metas/20/11/20191020111500_00160.jpg,datasets_cloudmask/dataset_cropped/10_Metas/20/11/20191020111500_00160.png,90.9,0,91.1,14.5,955
10/20/2019 11:16,datasets/dataset_cropped/10_Metas/20/11/20191020111600_00160.jpg,datasets_flow/dataset_cropped/10_Metas/20/11/20191020111600_00160.jpg,datasets_cloudmask/dataset_cropped/10_Metas/20/11/20191020111600_00160.png,97.9,0,98.1,14.6,955
10/20/2019 11:17,datasets/dataset_cropped/10_Metas/20/11/20191020111700_00160.jpg,datasets_flow/dataset_cropped/10_Metas/20/11/20191020111700_00160.jpg,datasets_cloudmask/dataset_cropped/10_Metas/20/11/20191020111700_00160.png,99.9,0,100,14.7,955
10/20/2019 11:18,datasets/dataset_cropped/10_Metas/20/11/20191020111800_00160.jpg,datasets_flow/dataset_cropped/10_Metas/20/11/20191020111800_00160.jpg,datasets_cloudmask/dataset_cropped/10_Metas/20/11/20191020111800_00160.png,105.2,0,105.5,14.7,955
10/20/2019 11:19,datasets/dataset_cropped/10_Metas/20/11/20191020111900_00160.jpg,datasets_flow/dataset_cropped/10_Metas/20/11/20191020111900_00160.jpg,datasets_cloudmask/dataset_cropped/10_Metas/20/11/20191020111900_00160.png,114.2,0.2,114.3,14.6,955
10/20/2019 11:20,datasets/dataset_cropped/10_Metas/20/11/20191020112000_00160.jpg,datasets_flow/dataset_cropped/10_Metas/20/11/20191020112000_00160.jpg,datasets_cloudmask/dataset_cropped/10_Metas/20/11/20191020112000_00160.png,131.9,0.4,132,14.6,955
10/20/2019 11:21,datasets/dataset_cropped/10_Metas/20/11/20191020112100_00160.jpg,datasets_flow/dataset_cropped/10_Metas/20/11/20191020112100_00160.jpg,datasets_cloudmask/dataset_cropped/10_Metas/20/11/20191020112100_00160.png,159,0.6,159.5,14.6,955
10/20/2019 11:22,datasets/dataset_cropped/10_Metas/20/11/20191020112200_00160.jpg,datasets_flow/dataset_cropped/10_Metas/20/11/20191020112200_00160.jpg,datasets_cloudmask/dataset_cropped/10_Metas/20/11/20191020112200_00160.png,174.6,0.8,175.3,14.6,955
10/20/2019 11:23,datasets/dataset_cropped/10_Metas/20/11/20191020112300_00160.jpg,datasets_flow/dataset_cropped/10_Metas/20/11/20191020112300_00160.jpg,datasets_cloudmask/dataset_cropped/10_Metas/20/11/20191020112300_00160.png,171,1.2,171.8,14.7,955
10/20/2019 11:24,datasets/dataset_cropped/10_Metas/20/11/20191020112400_00160.jpg,datasets_flow/dataset_cropped/10_Metas/20/11/20191020112400_00160.jpg,datasets_cloudmask/dataset_cropped/10_Metas/20/11/20191020112400_00160.png,154.7,1.4,155.2,14.8,955
10/20/2019 11:25,datasets/dataset_cropped/10_Metas/20/11/20191020112500_00160.jpg,datasets_flow/dataset_cropped/10_Metas/20/11/20191020112500_00160.jpg,datasets_cloudmask/dataset_cropped/10_Metas/20/11/20191020112500_00160.png,136.9,1.5,137.1,14.8,955
10/20/2019 11:26,datasets/dataset_cropped/10_Metas/20/11/20191020112600_00160.jpg,datasets_flow/dataset_cropped/10_Metas/20/11/20191020112600_00160.jpg,datasets_cloudmask/dataset_cropped/10_Metas/20/11/20191020112600_00160.png,125.9,1.4,126.2,14.8,955
10/20/2019 11:27,datasets/dataset_cropped/10_Metas/20/11/20191020112700_00160.jpg,datasets_flow/dataset_cropped/10_Metas/20/11/20191020112700_00160.jpg,datasets_cloudmask/dataset_cropped/10_Metas/20/11/20191020112700_00160.png,117.2,1.2,117.8,14.9,955
10/20/2019 11:28,datasets/dataset_cropped/10_Metas/20/11/20191020112800_00160.jpg,datasets_flow/dataset_cropped/10_Metas/20/11/20191020112800_00160.jpg,datasets_cloudmask/dataset_cropped/10_Metas/20/11/20191020112800_00160.png,105.7,1,106.2,15,955
10/20/2019 11:29,datasets/dataset_cropped/10_Metas/20/11/20191020112900_00160.jpg,datasets_flow/dataset_cropped/10_Metas/20/11/20191020112900_00160.jpg,datasets_cloudmask/dataset_cropped/10_Metas/20/11/20191020112900_00160.png,94.5,0.9,94.9,15,955
10/20/2019 11:30,datasets/dataset_cropped/10_Metas/20/11/20191020113000_00160.jpg,datasets_flow/dataset_cropped/10_Metas/20/11/20191020113000_00160.jpg,datasets_cloudmask/dataset_cropped/10_Metas/20/11/20191020113000_00160.png,86,0.8,86.3,15,955
10/20/2019 11:31,datasets/dataset_cropped/10_Metas/20/11/20191020113100_00160.jpg,datasets_flow/dataset_cropped/10_Metas/20/11/20191020113100_00160.jpg,datasets_cloudmask/dataset_cropped/10_Metas/20/11/20191020113100_00160.png,86.2,0.7,86.4,14.9,955
10/20/2019 11:32,datasets/dataset_cropped/10_Metas/20/11/20191020113200_00160.jpg,datasets_flow/dataset_cropped/10_Metas/20/11/20191020113200_00160.jpg,datasets_cloudmask/dataset_cropped/10_Metas/20/11/20191020113200_00160.png,103.5,0.6,103.8,14.9,955
10/20/2019 11:33,datasets/dataset_cropped/10_Metas/20/11/20191020113300_00160.jpg,datasets_flow/dataset_cropped/10_Metas/20/11/20191020113300_00160.jpg,datasets_cloudmask/dataset_cropped/10_Metas/20/11/20191020113300_00160.png,132.1,0.6,132.6,15,955
10/20/2019 11:34,datasets/dataset_cropped/10_Metas/20/11/20191020113400_00160.jpg,datasets_flow/dataset_cropped/10_Metas/20/11/20191020113400_00160.jpg,datasets_cloudmask/dataset_cropped/10_Metas/20/11/20191020113400_00160.png,146.4,0.5,146.9,14.9,955
10/20/2019 11:35,datasets/dataset_cropped/10_Metas/20/11/20191020113500_00160.jpg,datasets_flow/dataset_cropped/10_Metas/20/11/20191020113500_00160.jpg,datasets_cloudmask/dataset_cropped/10_Metas/20/11/20191020113500_00160.png,145,0.6,145.5,14.9,955
10/20/2019 11:36,datasets/dataset_cropped/10_Metas/20/11/20191020113600_00160.jpg,datasets_flow/dataset_cropped/10_Metas/20/11/20191020113600_00160.jpg,datasets_cloudmask/dataset_cropped/10_Metas/20/11/20191020113600_00160.png,145.4,0.6,146,14.9,955
10/20/2019 11:37,datasets/dataset_cropped/10_Metas/20/11/20191020113700_00160.jpg,datasets_flow/dataset_cropped/10_Metas/20/11/20191020113700_00160.jpg,datasets_cloudmask/dataset_cropped/10_Metas/20/11/20191020113700_00160.png,158.6,0.4,159.2,14.9,955
10/20/2019 11:38,datasets/dataset_cropped/10_Metas/20/11/20191020113800_00160.jpg,datasets_flow/dataset_cropped/10_Metas/20/11/20191020113800_00160.jpg,datasets_cloudmask/dataset_cropped/10_Metas/20/11/20191020113800_00160.png,177.3,0.2,178.2,14.9,955
10/20/2019 11:39,datasets/dataset_cropped/10_Metas/20/11/20191020113900_00160.jpg,datasets_flow/dataset_cropped/10_Metas/20/11/20191020113900_00160.jpg,datasets_cloudmask/dataset_cropped/10_Metas/20/11/20191020113900_00160.png,175.7,0.1,176.4,15,955
10/20/2019 11:40,datasets/dataset_cropped/10_Metas/20/11/20191020114000_00160.jpg,datasets_flow/dataset_cropped/10_Metas/20/11/20191020114000_00160.jpg,datasets_cloudmask/dataset_cropped/10_Metas/20/11/20191020114000_00160.png,164.2,0.2,165,15,955
10/20/2019 11:41,datasets/dataset_cropped/10_Metas/20/11/20191020114100_00160.jpg,datasets_flow/dataset_cropped/10_Metas/20/11/20191020114100_00160.jpg,datasets_cloudmask/dataset_cropped/10_Metas/20/11/20191020114100_00160.png,155.6,0.2,156.2,15.1,955
10/20/2019 11:42,datasets/dataset_cropped/10_Metas/20/11/20191020114200_00160.jpg,datasets_flow/dataset_cropped/10_Metas/20/11/20191020114200_00160.jpg,datasets_cloudmask/dataset_cropped/10_Metas/20/11/20191020114200_00160.png,149.3,0.1,149.9,15.1,955
10/20/2019 11:43,datasets/dataset_cropped/10_Metas/20/11/20191020114300_00160.jpg,datasets_flow/dataset_cropped/10_Metas/20/11/20191020114300_00160.jpg,datasets_cloudmask/dataset_cropped/10_Metas/20/11/20191020114300_00160.png,145,0,145.5,15.1,955
10/20/2019 11:44,datasets/dataset_cropped/10_Metas/20/11/20191020114400_00160.jpg,datasets_flow/dataset_cropped/10_Metas/20/11/20191020114400_00160.jpg,datasets_cloudmask/dataset_cropped/10_Metas/20/11/20191020114400_00160.png,145.1,0,145.5,15.1,955
10/20/2019 11:45,datasets/dataset_cropped/10_Metas/20/11/20191020114500_00160.jpg,datasets_flow/dataset_cropped/10_Metas/20/11/20191020114500_00160.jpg,datasets_cloudmask/dataset_cropped/10_Metas/20/11/20191020114500_00160.png,151.3,0,151.8,15.1,955
10/20/2019 11:46,datasets/dataset_cropped/10_Metas/20/11/20191020114600_00160.jpg,datasets_flow/dataset_cropped/10_Metas/20/11/20191020114600_00160.jpg,datasets_cloudmask/dataset_cropped/10_Metas/20/11/20191020114600_00160.png,166.7,0.2,167.3,15,955
10/20/2019 11:47,datasets/dataset_cropped/10_Metas/20/11/20191020114700_00160.jpg,datasets_flow/dataset_cropped/10_Metas/20/11/20191020114700_00160.jpg,datasets_cloudmask/dataset_cropped/10_Metas/20/11/20191020114700_00160.png,186.5,0.3,187.3,15,955
10/20/2019 11:48,datasets/dataset_cropped/10_Metas/20/11/20191020114800_00160.jpg,datasets_flow/dataset_cropped/10_Metas/20/11/20191020114800_00160.jpg,datasets_cloudmask/dataset_cropped/10_Metas/20/11/20191020114800_00160.png,205.6,0.6,206.4,15.1,955
10/20/2019 11:49,datasets/dataset_cropped/10_Metas/20/11/20191020114900_00160.jpg,datasets_flow/dataset_cropped/10_Metas/20/11/20191020114900_00160.jpg,datasets_cloudmask/dataset_cropped/10_Metas/20/11/20191020114900_00160.png,237.2,1,238.2,15.1,955
10/20/2019 11:50,datasets/dataset_cropped/10_Metas/20/11/20191020115000_00160.jpg,datasets_flow/dataset_cropped/10_Metas/20/11/20191020115000_00160.jpg,datasets_cloudmask/dataset_cropped/10_Metas/20/11/20191020115000_00160.png,283.8,1.1,285.3,15.2,955
10/20/2019 11:51,datasets/dataset_cropped/10_Metas/20/11/20191020115100_00160.jpg,datasets_flow/dataset_cropped/10_Metas/20/11/20191020115100_00160.jpg,datasets_cloudmask/dataset_cropped/10_Metas/20/11/20191020115100_00160.png,279.5,1.3,281.2,15.3,954
10/20/2019 11:52,datasets/dataset_cropped/10_Metas/20/11/20191020115200_00160.jpg,datasets_flow/dataset_cropped/10_Metas/20/11/20191020115200_00160.jpg,datasets_cloudmask/dataset_cropped/10_Metas/20/11/20191020115200_00160.png,266.3,1.5,267.5,15.4,955
10/20/2019 11:53,datasets/dataset_cropped/10_Metas/20/11/20191020115300_00160.jpg,datasets_flow/dataset_cropped/10_Metas/20/11/20191020115300_00160.jpg,datasets_cloudmask/dataset_cropped/10_Metas/20/11/20191020115300_00160.png,272.2,1.4,273.9,15.5,955
10/20/2019 11:54,datasets/dataset_cropped/10_Metas/20/11/20191020115400_00160.jpg,datasets_flow/dataset_cropped/10_Metas/20/11/20191020115400_00160.jpg,datasets_cloudmask/dataset_cropped/10_Metas/20/11/20191020115400_00160.png,268.3,1.3,269.8,15.5,955
10/20/2019 11:55,datasets/dataset_cropped/10_Metas/20/11/20191020115500_00160.jpg,datasets_flow/dataset_cropped/10_Metas/20/11/20191020115500_00160.jpg,datasets_cloudmask/dataset_cropped/10_Metas/20/11/20191020115500_00160.png,249.1,1.2,250.4,15.5,955
10/20/2019 11:56,datasets/dataset_cropped/10_Metas/20/11/20191020115600_00160.jpg,datasets_flow/dataset_cropped/10_Metas/20/11/20191020115600_00160.jpg,datasets_cloudmask/dataset_cropped/10_Metas/20/11/20191020115600_00160.png,219.7,1.3,220.9,15.6,955
10/20/2019 11:57,datasets/dataset_cropped/10_Metas/20/11/20191020115700_00160.jpg,datasets_flow/dataset_cropped/10_Metas/20/11/20191020115700_00160.jpg,datasets_cloudmask/dataset_cropped/10_Metas/20/11/20191020115700_00160.png,190.8,1.3,191.4,15.6,955
10/20/2019 11:58,datasets/dataset_cropped/10_Metas/20/11/20191020115800_00160.jpg,datasets_flow/dataset_cropped/10_Metas/20/11/20191020115800_00160.jpg,datasets_cloudmask/dataset_cropped/10_Metas/20/11/20191020115800_00160.png,175.8,1.5,176.3,15.5,955
10/20/2019 11:59,datasets/dataset_cropped/10_Metas/20/11/20191020115900_00160.jpg,datasets_flow/dataset_cropped/10_Metas/20/11/20191020115900_00160.jpg,datasets_cloudmask/dataset_cropped/10_Metas/20/11/20191020115900_00160.png,171.4,1,171.9,15.6,955
10/20/2019 12:00,datasets/dataset_cropped/10_Metas/20/12/20191020120000_00160.jpg,datasets_flow/dataset_cropped/10_Metas/20/12/20191020120000_00160.jpg,datasets_cloudmask/dataset_cropped/10_Metas/20/12/20191020120000_00160.png,172.2,0.6,172.5,15.6,955
10/20/2019 12:01,datasets/dataset_cropped/10_Metas/20/12/20191020120100_00160.jpg,datasets_flow/dataset_cropped/10_Metas/20/12/20191020120100_00160.jpg,datasets_cloudmask/dataset_cropped/10_Metas/20/12/20191020120100_00160.png,175.6,0.3,176,15.5,955
10/20/2019 12:02,datasets/dataset_cropped/10_Metas/20/12/20191020120200_00160.jpg,datasets_flow/dataset_cropped/10_Metas/20/12/20191020120200_00160.jpg,datasets_cloudmask/dataset_cropped/10_Metas/20/12/20191020120200_00160.png,180.4,0.3,181,15.5,954
10/20/2019 12:03,datasets/dataset_cropped/10_Metas/20/12/20191020120300_00160.jpg,datasets_flow/dataset_cropped/10_Metas/20/12/20191020120300_00160.jpg,datasets_cloudmask/dataset_cropped/10_Metas/20/12/20191020120300_00160.png,194,0.3,194.5,15.5,954
10/20/2019 12:04,datasets/dataset_cropped/10_Metas/20/12/20191020120400_00160.jpg,datasets_flow/dataset_cropped/10_Metas/20/12/20191020120400_00160.jpg,datasets_cloudmask/dataset_cropped/10_Metas/20/12/20191020120400_00160.png,210.9,0.4,211.8,15.6,955
10/20/2019 12:05,datasets/dataset_cropped/10_Metas/20/12/20191020120500_00160.jpg,datasets_flow/dataset_cropped/10_Metas/20/12/20191020120500_00160.jpg,datasets_cloudmask/dataset_cropped/10_Metas/20/12/20191020120500_00160.png,198.8,0.4,199.5,15.6,955
10/20/2019 12:06,datasets/dataset_cropped/10_Metas/20/12/20191020120600_00160.jpg,datasets_flow/dataset_cropped/10_Metas/20/12/20191020120600_00160.jpg,datasets_cloudmask/dataset_cropped/10_Metas/20/12/20191020120600_00160.png,199.6,0.4,200,15.7,955
10/20/2019 12:07,datasets/dataset_cropped/10_Metas/20/12/20191020120700_00160.jpg,datasets_flow/dataset_cropped/10_Metas/20/12/20191020120700_00160.jpg,datasets_cloudmask/dataset_cropped/10_Metas/20/12/20191020120700_00160.png,228.4,0.5,228.7,15.6,955
10/20/2019 12:08,datasets/dataset_cropped/10_Metas/20/12/20191020120800_00160.jpg,datasets_flow/dataset_cropped/10_Metas/20/12/20191020120800_00160.jpg,datasets_cloudmask/dataset_cropped/10_Metas/20/12/20191020120800_00160.png,272.7,0.6,272.9,15.5,955
10/20/2019 12:09,datasets/dataset_cropped/10_Metas/20/12/20191020120900_00160.jpg,datasets_flow/dataset_cropped/10_Metas/20/12/20191020120900_00160.jpg,datasets_cloudmask/dataset_cropped/10_Metas/20/12/20191020120900_00160.png,301.7,0.8,302.3,15.4,955
10/20/2019 12:10,datasets/dataset_cropped/10_Metas/20/12/20191020121000_00160.jpg,datasets_flow/dataset_cropped/10_Metas/20/12/20191020121000_00160.jpg,datasets_cloudmask/dataset_cropped/10_Metas/20/12/20191020121000_00160.png,281.4,0.8,282.4,15.5,955
10/20/2019 12:11,datasets/dataset_cropped/10_Metas/20/12/20191020121100_00160.jpg,datasets_flow/dataset_cropped/10_Metas/20/12/20191020121100_00160.jpg,datasets_cloudmask/dataset_cropped/10_Metas/20/12/20191020121100_00160.png,231.5,0.8,232.3,15.6,955
10/20/2019 12:12,datasets/dataset_cropped/10_Metas/20/12/20191020121200_00160.jpg,datasets_flow/dataset_cropped/10_Metas/20/12/20191020121200_00160.jpg,datasets_cloudmask/dataset_cropped/10_Metas/20/12/20191020121200_00160.png,201,1,201.6,15.8,955
10/20/2019 12:13,datasets/dataset_cropped/10_Metas/20/12/20191020121300_00160.jpg,datasets_flow/dataset_cropped/10_Metas/20/12/20191020121300_00160.jpg,datasets_cloudmask/dataset_cropped/10_Metas/20/12/20191020121300_00160.png,187.5,1.1,188,15.7,955
10/20/2019 12:14,datasets/dataset_cropped/10_Metas/20/12/20191020121400_00160.jpg,datasets_flow/dataset_cropped/10_Metas/20/12/20191020121400_00160.jpg,datasets_cloudmask/dataset_cropped/10_Metas/20/12/20191020121400_00160.png,180.1,0.9,180.7,15.6,955
10/20/2019 12:15,datasets/dataset_cropped/10_Metas/20/12/20191020121500_00160.jpg,datasets_flow/dataset_cropped/10_Metas/20/12/20191020121500_00160.jpg,datasets_cloudmask/dataset_cropped/10_Metas/20/12/20191020121500_00160.png,172.9,0.8,173.3,15.6,955
10/20/2019 12:16,datasets/dataset_cropped/10_Metas/20/12/20191020121600_00160.jpg,datasets_flow/dataset_cropped/10_Metas/20/12/20191020121600_00160.jpg,datasets_cloudmask/dataset_cropped/10_Metas/20/12/20191020121600_00160.png,165.2,0.7,165.6,15.5,955
10/20/2019 12:17,datasets/dataset_cropped/10_Metas/20/12/20191020121700_00160.jpg,datasets_flow/dataset_cropped/10_Metas/20/12/20191020121700_00160.jpg,datasets_cloudmask/dataset_cropped/10_Metas/20/12/20191020121700_00160.png,159.4,0.5,159.8,15.6,955
10/20/2019 12:18,datasets/dataset_cropped/10_Metas/20/12/20191020121800_00160.jpg,datasets_flow/dataset_cropped/10_Metas/20/12/20191020121800_00160.jpg,datasets_cloudmask/dataset_cropped/10_Metas/20/12/20191020121800_00160.png,148.7,0.3,149.3,15.6,955
10/20/2019 12:19,datasets/dataset_cropped/10_Metas/20/12/20191020121900_00160.jpg,datasets_flow/dataset_cropped/10_Metas/20/12/20191020121900_00160.jpg,datasets_cloudmask/dataset_cropped/10_Metas/20/12/20191020121900_00160.png,137.5,0.2,138.1,15.6,955
10/20/2019 12:20,datasets/dataset_cropped/10_Metas/20/12/20191020122000_00160.jpg,datasets_flow/dataset_cropped/10_Metas/20/12/20191020122000_00160.jpg,datasets_cloudmask/dataset_cropped/10_Metas/20/12/20191020122000_00160.png,125.4,0,126,15.6,955
10/20/2019 12:21,datasets/dataset_cropped/10_Metas/20/12/20191020122100_00160.jpg,datasets_flow/dataset_cropped/10_Metas/20/12/20191020122100_00160.jpg,datasets_cloudmask/dataset_cropped/10_Metas/20/12/20191020122100_00160.png,114.4,0,114.8,15.5,954
10/20/2019 12:22,datasets/dataset_cropped/10_Metas/20/12/20191020122200_00160.jpg,datasets_flow/dataset_cropped/10_Metas/20/12/20191020122200_00160.jpg,datasets_cloudmask/dataset_cropped/10_Metas/20/12/20191020122200_00160.png,108.2,0,108.4,15.4,955
10/20/2019 12:23,datasets/dataset_cropped/10_Metas/20/12/20191020122300_00160.jpg,datasets_flow/dataset_cropped/10_Metas/20/12/20191020122300_00160.jpg,datasets_cloudmask/dataset_cropped/10_Metas/20/12/20191020122300_00160.png,109.9,0,110.2,15.4,954
10/20/2019 12:24,datasets/dataset_cropped/10_Metas/20/12/20191020122400_00160.jpg,datasets_flow/dataset_cropped/10_Metas/20/12/20191020122400_00160.jpg,datasets_cloudmask/dataset_cropped/10_Metas/20/12/20191020122400_00160.png,117.8,0.1,118.3,15.4,954
10/20/2019 12:25,datasets/dataset_cropped/10_Metas/20/12/20191020122500_00160.jpg,datasets_flow/dataset_cropped/10_Metas/20/12/20191020122500_00160.jpg,datasets_cloudmask/dataset_cropped/10_Metas/20/12/20191020122500_00160.png,118.9,0.1,119.4,15.5,955
10/20/2019 12:26,datasets/dataset_cropped/10_Metas/20/12/20191020122600_00160.jpg,datasets_flow/dataset_cropped/10_Metas/20/12/20191020122600_00160.jpg,datasets_cloudmask/dataset_cropped/10_Metas/20/12/20191020122600_00160.png,111.8,0.1,112.2,15.6,955
10/20/2019 12:27,datasets/dataset_cropped/10_Metas/20/12/20191020122700_00160.jpg,datasets_flow/dataset_cropped/10_Metas/20/12/20191020122700_00160.jpg,datasets_cloudmask/dataset_cropped/10_Metas/20/12/20191020122700_00160.png,105.8,0,106,15.6,955
10/20/2019 12:28,datasets/dataset_cropped/10_Metas/20/12/20191020122800_00160.jpg,datasets_flow/dataset_cropped/10_Metas/20/12/20191020122800_00160.jpg,datasets_cloudmask/dataset_cropped/10_Metas/20/12/20191020122800_00160.png,105.5,0,105.7,15.6,955
10/20/2019 12:29,datasets/dataset_cropped/10_Metas/20/12/20191020122900_00160.jpg,datasets_flow/dataset_cropped/10_Metas/20/12/20191020122900_00160.jpg,datasets_cloudmask/dataset_cropped/10_Metas/20/12/20191020122900_00160.png,110.6,0,110.6,15.6,955
10/20/2019 12:30,datasets/dataset_cropped/10_Metas/20/12/20191020123000_00160.jpg,datasets_flow/dataset_cropped/10_Metas/20/12/20191020123000_00160.jpg,datasets_cloudmask/dataset_cropped/10_Metas/20/12/20191020123000_00160.png,118.3,0,118.2,15.6,955
10/20/2019 12:31,datasets/dataset_cropped/10_Metas/20/12/20191020123100_00160.jpg,datasets_flow/dataset_cropped/10_Metas/20/12/20191020123100_00160.jpg,datasets_cloudmask/dataset_cropped/10_Metas/20/12/20191020123100_00160.png,124.2,0,124.2,15.6,955
10/20/2019 12:32,datasets/dataset_cropped/10_Metas/20/12/20191020123200_00160.jpg,datasets_flow/dataset_cropped/10_Metas/20/12/20191020123200_00160.jpg,datasets_cloudmask/dataset_cropped/10_Metas/20/12/20191020123200_00160.png,124.3,0,124.4,15.7,954
10/20/2019 12:33,datasets/dataset_cropped/10_Metas/20/12/20191020123300_00160.jpg,datasets_flow/dataset_cropped/10_Metas/20/12/20191020123300_00160.jpg,datasets_cloudmask/dataset_cropped/10_Metas/20/12/20191020123300_00160.png,122.3,0.2,122.3,15.8,954
10/20/2019 12:34,datasets/dataset_cropped/10_Metas/20/12/20191020123400_00160.jpg,datasets_flow/dataset_cropped/10_Metas/20/12/20191020123400_00160.jpg,datasets_cloudmask/dataset_cropped/10_Metas/20/12/20191020123400_00160.png,133,0.4,132.7,15.6,955
10/20/2019 12:35,datasets/dataset_cropped/10_Metas/20/12/20191020123500_00160.jpg,datasets_flow/dataset_cropped/10_Metas/20/12/20191020123500_00160.jpg,datasets_cloudmask/dataset_cropped/10_Metas/20/12/20191020123500_00160.png,152.9,0.1,152.6,15.7,955
10/20/2019 12:36,datasets/dataset_cropped/10_Metas/20/12/20191020123600_00160.jpg,datasets_flow/dataset_cropped/10_Metas/20/12/20191020123600_00160.jpg,datasets_cloudmask/dataset_cropped/10_Metas/20/12/20191020123600_00160.png,169,0,168.6,15.7,955
10/20/2019 12:37,datasets/dataset_cropped/10_Metas/20/12/20191020123700_00160.jpg,datasets_flow/dataset_cropped/10_Metas/20/12/20191020123700_00160.jpg,datasets_cloudmask/dataset_cropped/10_Metas/20/12/20191020123700_00160.png,188,0,188.1,15.8,955
10/20/2019 12:38,datasets/dataset_cropped/10_Metas/20/12/20191020123800_00160.jpg,datasets_flow/dataset_cropped/10_Metas/20/12/20191020123800_00160.jpg,datasets_cloudmask/dataset_cropped/10_Metas/20/12/20191020123800_00160.png,207.4,0,207.6,15.8,955
10/20/2019 12:39,datasets/dataset_cropped/10_Metas/20/12/20191020123900_00160.jpg,datasets_flow/dataset_cropped/10_Metas/20/12/20191020123900_00160.jpg,datasets_cloudmask/dataset_cropped/10_Metas/20/12/20191020123900_00160.png,226.6,0,226.7,15.8,955
10/20/2019 12:40,datasets/dataset_cropped/10_Metas/20/12/20191020124000_00160.jpg,datasets_flow/dataset_cropped/10_Metas/20/12/20191020124000_00160.jpg,datasets_cloudmask/dataset_cropped/10_Metas/20/12/20191020124000_00160.png,241.5,0,241.5,15.6,955
10/20/2019 12:41,datasets/dataset_cropped/10_Metas/20/12/20191020124100_00160.jpg,datasets_flow/dataset_cropped/10_Metas/20/12/20191020124100_00160.jpg,datasets_cloudmask/dataset_cropped/10_Metas/20/12/20191020124100_00160.png,242.3,0,242.2,15.5,955
10/20/2019 12:42,datasets/dataset_cropped/10_Metas/20/12/20191020124200_00160.jpg,datasets_flow/dataset_cropped/10_Metas/20/12/20191020124200_00160.jpg,datasets_cloudmask/dataset_cropped/10_Metas/20/12/20191020124200_00160.png,236.9,0,236.7,15.5,955
10/20/2019 12:43,datasets/dataset_cropped/10_Metas/20/12/20191020124300_00160.jpg,datasets_flow/dataset_cropped/10_Metas/20/12/20191020124300_00160.jpg,datasets_cloudmask/dataset_cropped/10_Metas/20/12/20191020124300_00160.png,243.7,0.2,243.4,15.5,955
10/20/2019 12:44,datasets/dataset_cropped/10_Metas/20/12/20191020124400_00160.jpg,datasets_flow/dataset_cropped/10_Metas/20/12/20191020124400_00160.jpg,datasets_cloudmask/dataset_cropped/10_Metas/20/12/20191020124400_00160.png,260.6,0.7,260.2,15.5,955
10/20/2019 12:45,datasets/dataset_cropped/10_Metas/20/12/20191020124500_00160.jpg,datasets_flow/dataset_cropped/10_Metas/20/12/20191020124500_00160.jpg,datasets_cloudmask/dataset_cropped/10_Metas/20/12/20191020124500_00160.png,270.4,0.4,270.5,15.5,955
10/20/2019 12:46,datasets/dataset_cropped/10_Metas/20/12/20191020124600_00160.jpg,datasets_flow/dataset_cropped/10_Metas/20/12/20191020124600_00160.jpg,datasets_cloudmask/dataset_cropped/10_Metas/20/12/20191020124600_00160.png,272.2,1,271.8,15.6,955
10/20/2019 12:47,datasets/dataset_cropped/10_Metas/20/12/20191020124700_00160.jpg,datasets_flow/dataset_cropped/10_Metas/20/12/20191020124700_00160.jpg,datasets_cloudmask/dataset_cropped/10_Metas/20/12/20191020124700_00160.png,265.7,1.3,265.1,15.6,955
10/20/2019 12:48,datasets/dataset_cropped/10_Metas/20/12/20191020124800_00160.jpg,datasets_flow/dataset_cropped/10_Metas/20/12/20191020124800_00160.jpg,datasets_cloudmask/dataset_cropped/10_Metas/20/12/20191020124800_00160.png,236.1,0.8,236,15.5,955
10/20/2019 12:49,datasets/dataset_cropped/10_Metas/20/12/20191020124900_00160.jpg,datasets_flow/dataset_cropped/10_Metas/20/12/20191020124900_00160.jpg,datasets_cloudmask/dataset_cropped/10_Metas/20/12/20191020124900_00160.png,220.5,3.2,218.5,15.7,955
10/20/2019 12:50,datasets/dataset_cropped/10_Metas/20/12/20191020125000_00160.jpg,datasets_flow/dataset_cropped/10_Metas/20/12/20191020125000_00160.jpg,datasets_cloudmask/dataset_cropped/10_Metas/20/12/20191020125000_00160.png,233.4,1.2,233.2,15.7,955
10/20/2019 12:51,datasets/dataset_cropped/10_Metas/20/12/20191020125100_00160.jpg,datasets_flow/dataset_cropped/10_Metas/20/12/20191020125100_00160.jpg,datasets_cloudmask/dataset_cropped/10_Metas/20/12/20191020125100_00160.png,271.9,1.7,271.8,15.6,955
10/20/2019 12:52,datasets/dataset_cropped/10_Metas/20/12/20191020125200_00160.jpg,datasets_flow/dataset_cropped/10_Metas/20/12/20191020125200_00160.jpg,datasets_cloudmask/dataset_cropped/10_Metas/20/12/20191020125200_00160.png,294.9,0.6,295.6,15.7,955
10/20/2019 12:53,datasets/dataset_cropped/10_Metas/20/12/20191020125300_00160.jpg,datasets_flow/dataset_cropped/10_Metas/20/12/20191020125300_00160.jpg,datasets_cloudmask/dataset_cropped/10_Metas/20/12/20191020125300_00160.png,301.3,0.6,301.9,15.7,955
10/20/2019 12:54,datasets/dataset_cropped/10_Metas/20/12/20191020125400_00160.jpg,datasets_flow/dataset_cropped/10_Metas/20/12/20191020125400_00160.jpg,datasets_cloudmask/dataset_cropped/10_Metas/20/12/20191020125400_00160.png,307.9,0.4,308.6,15.8,955
10/20/2019 12:55,datasets/dataset_cropped/10_Metas/20/12/20191020125500_00160.jpg,datasets_flow/dataset_cropped/10_Metas/20/12/20191020125500_00160.jpg,datasets_cloudmask/dataset_cropped/10_Metas/20/12/20191020125500_00160.png,301.4,0.3,301.9,15.8,955
10/20/2019 12:56,datasets/dataset_cropped/10_Metas/20/12/20191020125600_00160.jpg,datasets_flow/dataset_cropped/10_Metas/20/12/20191020125600_00160.jpg,datasets_cloudmask/dataset_cropped/10_Metas/20/12/20191020125600_00160.png,287.9,0.3,288.3,15.9,955
10/20/2019 12:57,datasets/dataset_cropped/10_Metas/20/12/20191020125700_00160.jpg,datasets_flow/dataset_cropped/10_Metas/20/12/20191020125700_00160.jpg,datasets_cloudmask/dataset_cropped/10_Metas/20/12/20191020125700_00160.png,290.8,0.1,291,16,955
10/20/2019 12:58,datasets/dataset_cropped/10_Metas/20/12/20191020125800_00160.jpg,datasets_flow/dataset_cropped/10_Metas/20/12/20191020125800_00160.jpg,datasets_cloudmask/dataset_cropped/10_Metas/20/12/20191020125800_00160.png,323.5,9.2,316.9,15.8,955
10/20/2019 12:59,datasets/dataset_cropped/10_Metas/20/12/20191020125900_00160.jpg,datasets_flow/dataset_cropped/10_Metas/20/12/20191020125900_00160.jpg,datasets_cloudmask/dataset_cropped/10_Metas/20/12/20191020125900_00160.png,335.3,7.4,330.2,15.7,955
10/20/2019 13:00,datasets/dataset_cropped/10_Metas/20/13/20191020130000_00160.jpg,datasets_flow/dataset_cropped/10_Metas/20/13/20191020130000_00160.jpg,datasets_cloudmask/dataset_cropped/10_Metas/20/13/20191020130000_00160.png,308.2,4.9,304.9,15.7,955
10/20/2019 13:01,datasets/dataset_cropped/10_Metas/20/13/20191020130100_00160.jpg,datasets_flow/dataset_cropped/10_Metas/20/13/20191020130100_00160.jpg,datasets_cloudmask/dataset_cropped/10_Metas/20/13/20191020130100_00160.png,321.4,25.5,304.4,15.7,955
10/20/2019 13:02,datasets/dataset_cropped/10_Metas/20/13/20191020130200_00160.jpg,datasets_flow/dataset_cropped/10_Metas/20/13/20191020130200_00160.jpg,datasets_cloudmask/dataset_cropped/10_Metas/20/13/20191020130200_00160.png,286.6,0.5,286.7,15.7,955
10/20/2019 13:03,datasets/dataset_cropped/10_Metas/20/13/20191020130300_00160.jpg,datasets_flow/dataset_cropped/10_Metas/20/13/20191020130300_00160.jpg,datasets_cloudmask/dataset_cropped/10_Metas/20/13/20191020130300_00160.png,267.2,0.7,267.1,15.7,955
10/20/2019 13:04,datasets/dataset_cropped/10_Metas/20/13/20191020130400_00160.jpg,datasets_flow/dataset_cropped/10_Metas/20/13/20191020130400_00160.jpg,datasets_cloudmask/dataset_cropped/10_Metas/20/13/20191020130400_00160.png,261.8,0.9,261.4,15.7,955
10/20/2019 13:05,datasets/dataset_cropped/10_Metas/20/13/20191020130500_00160.jpg,datasets_flow/dataset_cropped/10_Metas/20/13/20191020130500_00160.jpg,datasets_cloudmask/dataset_cropped/10_Metas/20/13/20191020130500_00160.png,256.8,0,256.8,15.7,955
10/20/2019 13:06,datasets/dataset_cropped/10_Metas/20/13/20191020130600_00160.jpg,datasets_flow/dataset_cropped/10_Metas/20/13/20191020130600_00160.jpg,datasets_cloudmask/dataset_cropped/10_Metas/20/13/20191020130600_00160.png,267.3,0,267.3,15.6,955
10/20/2019 13:07,datasets/dataset_cropped/10_Metas/20/13/20191020130700_00160.jpg,datasets_flow/dataset_cropped/10_Metas/20/13/20191020130700_00160.jpg,datasets_cloudmask/dataset_cropped/10_Metas/20/13/20191020130700_00160.png,277.3,0,277.5,15.7,955
10/20/2019 13:08,datasets/dataset_cropped/10_Metas/20/13/20191020130800_00160.jpg,datasets_flow/dataset_cropped/10_Metas/20/13/20191020130800_00160.jpg,datasets_cloudmask/dataset_cropped/10_Metas/20/13/20191020130800_00160.png,258.7,0,259.2,15.7,955
10/20/2019 13:09,datasets/dataset_cropped/10_Metas/20/13/20191020130900_00160.jpg,datasets_flow/dataset_cropped/10_Metas/20/13/20191020130900_00160.jpg,datasets_cloudmask/dataset_cropped/10_Metas/20/13/20191020130900_00160.png,234.5,0.1,235.2,15.6,955
10/20/2019 13:10,datasets/dataset_cropped/10_Metas/20/13/20191020131000_00160.jpg,datasets_flow/dataset_cropped/10_Metas/20/13/20191020131000_00160.jpg,datasets_cloudmask/dataset_cropped/10_Metas/20/13/20191020131000_00160.png,204.1,0.1,204.8,15.7,954
10/20/2019 13:11,datasets/dataset_cropped/10_Metas/20/13/20191020131100_00160.jpg,datasets_flow/dataset_cropped/10_Metas/20/13/20191020131100_00160.jpg,datasets_cloudmask/dataset_cropped/10_Metas/20/13/20191020131100_00160.png,167.8,0.2,168.6,15.8,954
10/20/2019 13:12,datasets/dataset_cropped/10_Metas/20/13/20191020131200_00160.jpg,datasets_flow/dataset_cropped/10_Metas/20/13/20191020131200_00160.jpg,datasets_cloudmask/dataset_cropped/10_Metas/20/13/20191020131200_00160.png,145.1,0.4,145.6,15.8,954
10/20/2019 13:13,datasets/dataset_cropped/10_Metas/20/13/20191020131300_00160.jpg,datasets_flow/dataset_cropped/10_Metas/20/13/20191020131300_00160.jpg,datasets_cloudmask/dataset_cropped/10_Metas/20/13/20191020131300_00160.png,152.4,0.3,152.9,15.8,954
10/20/2019 13:14,datasets/dataset_cropped/10_Metas/20/13/20191020131400_00160.jpg,datasets_flow/dataset_cropped/10_Metas/20/13/20191020131400_00160.jpg,datasets_cloudmask/dataset_cropped/10_Metas/20/13/20191020131400_00160.png,165.9,0,166.6,15.8,955
10/20/2019 13:15,datasets/dataset_cropped/10_Metas/20/13/20191020131500_00160.jpg,datasets_flow/dataset_cropped/10_Metas/20/13/20191020131500_00160.jpg,datasets_cloudmask/dataset_cropped/10_Metas/20/13/20191020131500_00160.png,155.7,0,156.4,15.8,955
10/20/2019 13:16,datasets/dataset_cropped/10_Metas/20/13/20191020131600_00160.jpg,datasets_flow/dataset_cropped/10_Metas/20/13/20191020131600_00160.jpg,datasets_cloudmask/dataset_cropped/10_Metas/20/13/20191020131600_00160.png,146.1,0,146.4,15.8,955
10/20/2019 13:17,datasets/dataset_cropped/10_Metas/20/13/20191020131700_00160.jpg,datasets_flow/dataset_cropped/10_Metas/20/13/20191020131700_00160.jpg,datasets_cloudmask/dataset_cropped/10_Metas/20/13/20191020131700_00160.png,158,0,158.1,15.9,955
10/20/2019 13:18,datasets/dataset_cropped/10_Metas/20/13/20191020131800_00160.jpg,datasets_flow/dataset_cropped/10_Metas/20/13/20191020131800_00160.jpg,datasets_cloudmask/dataset_cropped/10_Metas/20/13/20191020131800_00160.png,169.3,0,169.2,15.8,955
10/20/2019 13:19,datasets/dataset_cropped/10_Metas/20/13/20191020131900_00160.jpg,datasets_flow/dataset_cropped/10_Metas/20/13/20191020131900_00160.jpg,datasets_cloudmask/dataset_cropped/10_Metas/20/13/20191020131900_00160.png,173,0,172.5,15.8,955
10/20/2019 13:20,datasets/dataset_cropped/10_Metas/20/13/20191020132000_00160.jpg,datasets_flow/dataset_cropped/10_Metas/20/13/20191020132000_00160.jpg,datasets_cloudmask/dataset_cropped/10_Metas/20/13/20191020132000_00160.png,199.6,0.2,198.8,15.9,955
10/20/2019 13:21,datasets/dataset_cropped/10_Metas/20/13/20191020132100_00160.jpg,datasets_flow/dataset_cropped/10_Metas/20/13/20191020132100_00160.jpg,datasets_cloudmask/dataset_cropped/10_Metas/20/13/20191020132100_00160.png,263,0.3,261.8,15.9,955
10/20/2019 13:22,datasets/dataset_cropped/10_Metas/20/13/20191020132200_00160.jpg,datasets_flow/dataset_cropped/10_Metas/20/13/20191020132200_00160.jpg,datasets_cloudmask/dataset_cropped/10_Metas/20/13/20191020132200_00160.png,329.6,9.3,322.1,15.9,955
10/20/2019 13:23,datasets/dataset_cropped/10_Metas/20/13/20191020132300_00160.jpg,datasets_flow/dataset_cropped/10_Metas/20/13/20191020132300_00160.jpg,datasets_cloudmask/dataset_cropped/10_Metas/20/13/20191020132300_00160.png,337.3,1.3,335.7,15.8,955
10/20/2019 13:24,datasets/dataset_cropped/10_Metas/20/13/20191020132400_00160.jpg,datasets_flow/dataset_cropped/10_Metas/20/13/20191020132400_00160.jpg,datasets_cloudmask/dataset_cropped/10_Metas/20/13/20191020132400_00160.png,392,86.1,332.6,15.8,955
10/20/2019 13:25,datasets/dataset_cropped/10_Metas/20/13/20191020132500_00160.jpg,datasets_flow/dataset_cropped/10_Metas/20/13/20191020132500_00160.jpg,datasets_cloudmask/dataset_cropped/10_Metas/20/13/20191020132500_00160.png,320.9,9.5,313.9,15.9,955
10/20/2019 13:26,datasets/dataset_cropped/10_Metas/20/13/20191020132600_00160.jpg,datasets_flow/dataset_cropped/10_Metas/20/13/20191020132600_00160.jpg,datasets_cloudmask/dataset_cropped/10_Metas/20/13/20191020132600_00160.png,279.7,2.8,277.8,15.8,955
10/20/2019 13:27,datasets/dataset_cropped/10_Metas/20/13/20191020132700_00160.jpg,datasets_flow/dataset_cropped/10_Metas/20/13/20191020132700_00160.jpg,datasets_cloudmask/dataset_cropped/10_Metas/20/13/20191020132700_00160.png,282.1,22.6,266.6,15.9,955
10/20/2019 13:28,datasets/dataset_cropped/10_Metas/20/13/20191020132800_00160.jpg,datasets_flow/dataset_cropped/10_Metas/20/13/20191020132800_00160.jpg,datasets_cloudmask/dataset_cropped/10_Metas/20/13/20191020132800_00160.png,285.1,16.6,274,16.1,955
10/20/2019 13:29,datasets/dataset_cropped/10_Metas/20/13/20191020132900_00160.jpg,datasets_flow/dataset_cropped/10_Metas/20/13/20191020132900_00160.jpg,datasets_cloudmask/dataset_cropped/10_Metas/20/13/20191020132900_00160.png,289,3.5,286.7,16.1,955
10/20/2019 13:30,datasets/dataset_cropped/10_Metas/20/13/20191020133000_00160.jpg,datasets_flow/dataset_cropped/10_Metas/20/13/20191020133000_00160.jpg,datasets_cloudmask/dataset_cropped/10_Metas/20/13/20191020133000_00160.png,344.1,24.2,326.9,16.2,955
10/20/2019 13:31,datasets/dataset_cropped/10_Metas/20/13/20191020133100_00160.jpg,datasets_flow/dataset_cropped/10_Metas/20/13/20191020133100_00160.jpg,datasets_cloudmask/dataset_cropped/10_Metas/20/13/20191020133100_00160.png,368,39,340.4,16.3,955
10/20/2019 13:32,datasets/dataset_cropped/10_Metas/20/13/20191020133200_00160.jpg,datasets_flow/dataset_cropped/10_Metas/20/13/20191020133200_00160.jpg,datasets_cloudmask/dataset_cropped/10_Metas/20/13/20191020133200_00160.png,373.6,40.5,345.4,16.3,955
10/20/2019 13:33,datasets/dataset_cropped/10_Metas/20/13/20191020133300_00160.jpg,datasets_flow/dataset_cropped/10_Metas/20/13/20191020133300_00160.jpg,datasets_cloudmask/dataset_cropped/10_Metas/20/13/20191020133300_00160.png,345.3,2.3,343.3,16.1,955
10/20/2019 13:34,datasets/dataset_cropped/10_Metas/20/13/20191020133400_00160.jpg,datasets_flow/dataset_cropped/10_Metas/20/13/20191020133400_00160.jpg,datasets_cloudmask/dataset_cropped/10_Metas/20/13/20191020133400_00160.png,347.3,11.1,339.9,16.2,955
10/20/2019 13:35,datasets/dataset_cropped/10_Metas/20/13/20191020133500_00160.jpg,datasets_flow/dataset_cropped/10_Metas/20/13/20191020133500_00160.jpg,datasets_cloudmask/dataset_cropped/10_Metas/20/13/20191020133500_00160.png,357.9,46.5,325.9,16.1,955
10/20/2019 13:36,datasets/dataset_cropped/10_Metas/20/13/20191020133600_00160.jpg,datasets_flow/dataset_cropped/10_Metas/20/13/20191020133600_00160.jpg,datasets_cloudmask/dataset_cropped/10_Metas/20/13/20191020133600_00160.png,313.2,13.8,303.3,16.3,955
10/20/2019 13:37,datasets/dataset_cropped/10_Metas/20/13/20191020133700_00160.jpg,datasets_flow/dataset_cropped/10_Metas/20/13/20191020133700_00160.jpg,datasets_cloudmask/dataset_cropped/10_Metas/20/13/20191020133700_00160.png,292.1,3.2,289.6,16.5,955
10/20/2019 13:38,datasets/dataset_cropped/10_Metas/20/13/20191020133800_00160.jpg,datasets_flow/dataset_cropped/10_Metas/20/13/20191020133800_00160.jpg,datasets_cloudmask/dataset_cropped/10_Metas/20/13/20191020133800_00160.png,278.4,0.6,277.9,16.4,955
10/20/2019 13:39,datasets/dataset_cropped/10_Metas/20/13/20191020133900_00160.jpg,datasets_flow/dataset_cropped/10_Metas/20/13/20191020133900_00160.jpg,datasets_cloudmask/dataset_cropped/10_Metas/20/13/20191020133900_00160.png,270.2,0.1,269.9,16.3,955
10/20/2019 13:40,datasets/dataset_cropped/10_Metas/20/13/20191020134000_00160.jpg,datasets_flow/dataset_cropped/10_Metas/20/13/20191020134000_00160.jpg,datasets_cloudmask/dataset_cropped/10_Metas/20/13/20191020134000_00160.png,261.8,0,261.8,16.1,955
10/20/2019 13:41,datasets/dataset_cropped/10_Metas/20/13/20191020134100_00160.jpg,datasets_flow/dataset_cropped/10_Metas/20/13/20191020134100_00160.jpg,datasets_cloudmask/dataset_cropped/10_Metas/20/13/20191020134100_00160.png,256.9,0,256.8,16.2,954
10/20/2019 13:42,datasets/dataset_cropped/10_Metas/20/13/20191020134200_00160.jpg,datasets_flow/dataset_cropped/10_Metas/20/13/20191020134200_00160.jpg,datasets_cloudmask/dataset_cropped/10_Metas/20/13/20191020134200_00160.png,253.6,0.1,253.6,16.2,955
10/20/2019 13:43,datasets/dataset_cropped/10_Metas/20/13/20191020134300_00160.jpg,datasets_flow/dataset_cropped/10_Metas/20/13/20191020134300_00160.jpg,datasets_cloudmask/dataset_cropped/10_Metas/20/13/20191020134300_00160.png,243,0,243.2,16.1,955
10/20/2019 13:44,datasets/dataset_cropped/10_Metas/20/13/20191020134400_00160.jpg,datasets_flow/dataset_cropped/10_Metas/20/13/20191020134400_00160.jpg,datasets_cloudmask/dataset_cropped/10_Metas/20/13/20191020134400_00160.png,226.9,0,227.1,16,955
10/20/2019 13:45,datasets/dataset_cropped/10_Metas/20/13/20191020134500_00160.jpg,datasets_flow/dataset_cropped/10_Metas/20/13/20191020134500_00160.jpg,datasets_cloudmask/dataset_cropped/10_Metas/20/13/20191020134500_00160.png,222,0,222.1,16,955
10/20/2019 13:46,datasets/dataset_cropped/10_Metas/20/13/20191020134600_00160.jpg,datasets_flow/dataset_cropped/10_Metas/20/13/20191020134600_00160.jpg,datasets_cloudmask/dataset_cropped/10_Metas/20/13/20191020134600_00160.png,226.7,0,226.9,16,955
10/20/2019 13:47,datasets/dataset_cropped/10_Metas/20/13/20191020134700_00160.jpg,datasets_flow/dataset_cropped/10_Metas/20/13/20191020134700_00160.jpg,datasets_cloudmask/dataset_cropped/10_Metas/20/13/20191020134700_00160.png,228.2,0,228.4,16,955
10/20/2019 13:48,datasets/dataset_cropped/10_Metas/20/13/20191020134800_00160.jpg,datasets_flow/dataset_cropped/10_Metas/20/13/20191020134800_00160.jpg,datasets_cloudmask/dataset_cropped/10_Metas/20/13/20191020134800_00160.png,223.1,0,223.3,16,954
10/20/2019 13:49,datasets/dataset_cropped/10_Metas/20/13/20191020134900_00160.jpg,datasets_flow/dataset_cropped/10_Metas/20/13/20191020134900_00160.jpg,datasets_cloudmask/dataset_cropped/10_Metas/20/13/20191020134900_00160.png,215.8,0,216.3,16.1,954
10/20/2019 13:50,datasets/dataset_cropped/10_Metas/20/13/20191020135000_00160.jpg,datasets_flow/dataset_cropped/10_Metas/20/13/20191020135000_00160.jpg,datasets_cloudmask/dataset_cropped/10_Metas/20/13/20191020135000_00160.png,203.8,0.1,204.2,16.1,955
10/20/2019 13:51,datasets/dataset_cropped/10_Metas/20/13/20191020135100_00160.jpg,datasets_flow/dataset_cropped/10_Metas/20/13/20191020135100_00160.jpg,datasets_cloudmask/dataset_cropped/10_Metas/20/13/20191020135100_00160.png,192.4,0.1,192.6,16,954
10/20/2019 13:52,datasets/dataset_cropped/10_Metas/20/13/20191020135200_00160.jpg,datasets_flow/dataset_cropped/10_Metas/20/13/20191020135200_00160.jpg,datasets_cloudmask/dataset_cropped/10_Metas/20/13/20191020135200_00160.png,192.7,0.1,192.5,16.1,954
10/20/2019 13:53,datasets/dataset_cropped/10_Metas/20/13/20191020135300_00160.jpg,datasets_flow/dataset_cropped/10_Metas/20/13/20191020135300_00160.jpg,datasets_cloudmask/dataset_cropped/10_Metas/20/13/20191020135300_00160.png,199.2,0.1,199.2,16,954
10/20/2019 13:54,datasets/dataset_cropped/10_Metas/20/13/20191020135400_00160.jpg,datasets_flow/dataset_cropped/10_Metas/20/13/20191020135400_00160.jpg,datasets_cloudmask/dataset_cropped/10_Metas/20/13/20191020135400_00160.png,212.3,0.2,212.3,15.9,954
10/20/2019 13:55,datasets/dataset_cropped/10_Metas/20/13/20191020135500_00160.jpg,datasets_flow/dataset_cropped/10_Metas/20/13/20191020135500_00160.jpg,datasets_cloudmask/dataset_cropped/10_Metas/20/13/20191020135500_00160.png,227.3,0.3,227.3,16,954
10/20/2019 13:56,datasets/dataset_cropped/10_Metas/20/13/20191020135600_00160.jpg,datasets_flow/dataset_cropped/10_Metas/20/13/20191020135600_00160.jpg,datasets_cloudmask/dataset_cropped/10_Metas/20/13/20191020135600_00160.png,245.4,0.6,245.5,16.2,955
10/20/2019 13:57,datasets/dataset_cropped/10_Metas/20/13/20191020135700_00160.jpg,datasets_flow/dataset_cropped/10_Metas/20/13/20191020135700_00160.jpg,datasets_cloudmask/dataset_cropped/10_Metas/20/13/20191020135700_00160.png,278.7,6.3,275.1,16.2,955
10/20/2019 13:58,datasets/dataset_cropped/10_Metas/20/13/20191020135800_00160.jpg,datasets_flow/dataset_cropped/10_Metas/20/13/20191020135800_00160.jpg,datasets_cloudmask/dataset_cropped/10_Metas/20/13/20191020135800_00160.png,312.6,2.8,311.1,16.3,955
10/20/2019 13:59,datasets/dataset_cropped/10_Metas/20/13/20191020135900_00160.jpg,datasets_flow/dataset_cropped/10_Metas/20/13/20191020135900_00160.jpg,datasets_cloudmask/dataset_cropped/10_Metas/20/13/20191020135900_00160.png,326.7,3.2,324.8,16.3,955
10/20/2019 14:00,datasets/dataset_cropped/10_Metas/20/14/20191020140000_00160.jpg,datasets_flow/dataset_cropped/10_Metas/20/14/20191020140000_00160.jpg,datasets_cloudmask/dataset_cropped/10_Metas/20/14/20191020140000_00160.png,317.5,5.4,313.7,16.4,955
10/20/2019 14:01,datasets/dataset_cropped/10_Metas/20/14/20191020140100_00160.jpg,datasets_flow/dataset_cropped/10_Metas/20/14/20191020140100_00160.jpg,datasets_cloudmask/dataset_cropped/10_Metas/20/14/20191020140100_00160.png,336.7,23.5,320,16.6,955
10/20/2019 14:02,datasets/dataset_cropped/10_Metas/20/14/20191020140200_00160.jpg,datasets_flow/dataset_cropped/10_Metas/20/14/20191020140200_00160.jpg,datasets_cloudmask/dataset_cropped/10_Metas/20/14/20191020140200_00160.png,668.7,433.5,385.3,16.5,954
10/20/2019 14:03,datasets/dataset_cropped/10_Metas/20/14/20191020140300_00160.jpg,datasets_flow/dataset_cropped/10_Metas/20/14/20191020140300_00160.jpg,datasets_cloudmask/dataset_cropped/10_Metas/20/14/20191020140300_00160.png,567.4,238.1,411.4,16.6,954
10/20/2019 14:04,datasets/dataset_cropped/10_Metas/20/14/20191020140400_00160.jpg,datasets_flow/dataset_cropped/10_Metas/20/14/20191020140400_00160.jpg,datasets_cloudmask/dataset_cropped/10_Metas/20/14/20191020140400_00160.png,941,937,336.3,16.6,954
10/20/2019 14:05,datasets/dataset_cropped/10_Metas/20/14/20191020140500_00160.jpg,datasets_flow/dataset_cropped/10_Metas/20/14/20191020140500_00160.jpg,datasets_cloudmask/dataset_cropped/10_Metas/20/14/20191020140500_00160.png,697.2,681.8,255.4,16.6,954
10/20/2019 14:06,datasets/dataset_cropped/10_Metas/20/14/20191020140600_00160.jpg,datasets_flow/dataset_cropped/10_Metas/20/14/20191020140600_00160.jpg,datasets_cloudmask/dataset_cropped/10_Metas/20/14/20191020140600_00160.png,688.1,717.8,223.2,16.8,954
10/20/2019 14:07,datasets/dataset_cropped/10_Metas/20/14/20191020140700_00160.jpg,datasets_flow/dataset_cropped/10_Metas/20/14/20191020140700_00160.jpg,datasets_cloudmask/dataset_cropped/10_Metas/20/14/20191020140700_00160.png,826,950,216.6,16.9,954
10/20/2019 14:08,datasets/dataset_cropped/10_Metas/20/14/20191020140800_00160.jpg,datasets_flow/dataset_cropped/10_Metas/20/14/20191020140800_00160.jpg,datasets_cloudmask/dataset_cropped/10_Metas/20/14/20191020140800_00160.png,832,945,227.2,17.1,954
10/20/2019 14:09,datasets/dataset_cropped/10_Metas/20/14/20191020140900_00160.jpg,datasets_flow/dataset_cropped/10_Metas/20/14/20191020140900_00160.jpg,datasets_cloudmask/dataset_cropped/10_Metas/20/14/20191020140900_00160.png,849,949,242.6,17.1,954
10/20/2019 14:10,datasets/dataset_cropped/10_Metas/20/14/20191020141000_00160.jpg,datasets_flow/dataset_cropped/10_Metas/20/14/20191020141000_00160.jpg,datasets_cloudmask/dataset_cropped/10_Metas/20/14/20191020141000_00160.png,740.3,742.7,264.2,17.3,955
10/20/2019 14:11,datasets/dataset_cropped/10_Metas/20/14/20191020141100_00160.jpg,datasets_flow/dataset_cropped/10_Metas/20/14/20191020141100_00160.jpg,datasets_cloudmask/dataset_cropped/10_Metas/20/14/20191020141100_00160.png,759.3,774.2,263.5,17.5,955
10/20/2019 14:12,datasets/dataset_cropped/10_Metas/20/14/20191020141200_00160.jpg,datasets_flow/dataset_cropped/10_Metas/20/14/20191020141200_00160.jpg,datasets_cloudmask/dataset_cropped/10_Metas/20/14/20191020141200_00160.png,847,946,244.8,17.5,955
10/20/2019 14:13,datasets/dataset_cropped/10_Metas/20/14/20191020141300_00160.jpg,datasets_flow/dataset_cropped/10_Metas/20/14/20191020141300_00160.jpg,datasets_cloudmask/dataset_cropped/10_Metas/20/14/20191020141300_00160.png,697.1,709.7,244.5,17.8,955
10/20/2019 14:14,datasets/dataset_cropped/10_Metas/20/14/20191020141400_00160.jpg,datasets_flow/dataset_cropped/10_Metas/20/14/20191020141400_00160.jpg,datasets_cloudmask/dataset_cropped/10_Metas/20/14/20191020141400_00160.png,736.3,749.9,258,17.7,955
10/20/2019 14:15,datasets/dataset_cropped/10_Metas/20/14/20191020141500_00160.jpg,datasets_flow/dataset_cropped/10_Metas/20/14/20191020141500_00160.jpg,datasets_cloudmask/dataset_cropped/10_Metas/20/14/20191020141500_00160.png,513.6,399.5,259.1,17.9,955
10/20/2019 14:16,datasets/dataset_cropped/10_Metas/20/14/20191020141600_00160.jpg,datasets_flow/dataset_cropped/10_Metas/20/14/20191020141600_00160.jpg,datasets_cloudmask/dataset_cropped/10_Metas/20/14/20191020141600_00160.png,284.3,40.3,258.9,17.8,955
10/20/2019 14:17,datasets/dataset_cropped/10_Metas/20/14/20191020141700_00160.jpg,datasets_flow/dataset_cropped/10_Metas/20/14/20191020141700_00160.jpg,datasets_cloudmask/dataset_cropped/10_Metas/20/14/20191020141700_00160.png,320.8,84.4,266.4,17.4,955
10/20/2019 14:18,datasets/dataset_cropped/10_Metas/20/14/20191020141800_00160.jpg,datasets_flow/dataset_cropped/10_Metas/20/14/20191020141800_00160.jpg,datasets_cloudmask/dataset_cropped/10_Metas/20/14/20191020141800_00160.png,644.2,556.1,289.5,17.2,955
10/20/2019 14:19,datasets/dataset_cropped/10_Metas/20/14/20191020141900_00160.jpg,datasets_flow/dataset_cropped/10_Metas/20/14/20191020141900_00160.jpg,datasets_cloudmask/dataset_cropped/10_Metas/20/14/20191020141900_00160.png,470.1,292.4,282.1,17.3,954
10/20/2019 14:20,datasets/dataset_cropped/10_Metas/20/14/20191020142000_00160.jpg,datasets_flow/dataset_cropped/10_Metas/20/14/20191020142000_00160.jpg,datasets_cloudmask/dataset_cropped/10_Metas/20/14/20191020142000_00160.png,259,5.1,255.2,17.9,954
10/20/2019 14:21,datasets/dataset_cropped/10_Metas/20/14/20191020142100_00160.jpg,datasets_flow/dataset_cropped/10_Metas/20/14/20191020142100_00160.jpg,datasets_cloudmask/dataset_cropped/10_Metas/20/14/20191020142100_00160.png,248.6,0,247.6,17.7,954
10/20/2019 14:22,datasets/dataset_cropped/10_Metas/20/14/20191020142200_00160.jpg,datasets_flow/dataset_cropped/10_Metas/20/14/20191020142200_00160.jpg,datasets_cloudmask/dataset_cropped/10_Metas/20/14/20191020142200_00160.png,241.4,0,240.3,17.4,954
10/20/2019 14:23,datasets/dataset_cropped/10_Metas/20/14/20191020142300_00160.jpg,datasets_flow/dataset_cropped/10_Metas/20/14/20191020142300_00160.jpg,datasets_cloudmask/dataset_cropped/10_Metas/20/14/20191020142300_00160.png,229.5,1.2,227.6,17.1,954
10/20/2019 14:24,datasets/dataset_cropped/10_Metas/20/14/20191020142400_00160.jpg,datasets_flow/dataset_cropped/10_Metas/20/14/20191020142400_00160.jpg,datasets_cloudmask/dataset_cropped/10_Metas/20/14/20191020142400_00160.png,254.1,27.4,235.5,17,955
10/20/2019 14:25,datasets/dataset_cropped/10_Metas/20/14/20191020142500_00160.jpg,datasets_flow/dataset_cropped/10_Metas/20/14/20191020142500_00160.jpg,datasets_cloudmask/dataset_cropped/10_Metas/20/14/20191020142500_00160.png,673,649.7,268.1,16.9,955
10/20/2019 14:26,datasets/dataset_cropped/10_Metas/20/14/20191020142600_00160.jpg,datasets_flow/dataset_cropped/10_Metas/20/14/20191020142600_00160.jpg,datasets_cloudmask/dataset_cropped/10_Metas/20/14/20191020142600_00160.png,461.7,288.1,279.6,17,955
10/20/2019 14:27,datasets/dataset_cropped/10_Metas/20/14/20191020142700_00160.jpg,datasets_flow/dataset_cropped/10_Metas/20/14/20191020142700_00160.jpg,datasets_cloudmask/dataset_cropped/10_Metas/20/14/20191020142700_00160.png,467,299.4,281.1,17.1,955
10/20/2019 14:28,datasets/dataset_cropped/10_Metas/20/14/20191020142800_00160.jpg,datasets_flow/dataset_cropped/10_Metas/20/14/20191020142800_00160.jpg,datasets_cloudmask/dataset_cropped/10_Metas/20/14/20191020142800_00160.png,307,60.1,269,17.2,955
10/20/2019 14:29,datasets/dataset_cropped/10_Metas/20/14/20191020142900_00160.jpg,datasets_flow/dataset_cropped/10_Metas/20/14/20191020142900_00160.jpg,datasets_cloudmask/dataset_cropped/10_Metas/20/14/20191020142900_00160.png,551,459.8,266.9,17.4,955
10/20/2019 14:30,datasets/dataset_cropped/10_Metas/20/14/20191020143000_00160.jpg,datasets_flow/dataset_cropped/10_Metas/20/14/20191020143000_00160.jpg,datasets_cloudmask/dataset_cropped/10_Metas/20/14/20191020143000_00160.png,602.6,521.8,280.7,17.6,955
10/20/2019 14:31,datasets/dataset_cropped/10_Metas/20/14/20191020143100_00160.jpg,datasets_flow/dataset_cropped/10_Metas/20/14/20191020143100_00160.jpg,datasets_cloudmask/dataset_cropped/10_Metas/20/14/20191020143100_00160.png,657.6,625.2,272.5,17.6,955
10/20/2019 14:32,datasets/dataset_cropped/10_Metas/20/14/20191020143200_00160.jpg,datasets_flow/dataset_cropped/10_Metas/20/14/20191020143200_00160.jpg,datasets_cloudmask/dataset_cropped/10_Metas/20/14/20191020143200_00160.png,572.5,514.5,257.7,17.6,954
10/20/2019 14:33,datasets/dataset_cropped/10_Metas/20/14/20191020143300_00160.jpg,datasets_flow/dataset_cropped/10_Metas/20/14/20191020143300_00160.jpg,datasets_cloudmask/dataset_cropped/10_Metas/20/14/20191020143300_00160.png,348.2,180.1,238.8,17.7,954
10/20/2019 14:34,datasets/dataset_cropped/10_Metas/20/14/20191020143400_00160.jpg,datasets_flow/dataset_cropped/10_Metas/20/14/20191020143400_00160.jpg,datasets_cloudmask/dataset_cropped/10_Metas/20/14/20191020143400_00160.png,276.9,77.3,230.2,17.7,955
10/20/2019 14:35,datasets/dataset_cropped/10_Metas/20/14/20191020143500_00160.jpg,datasets_flow/dataset_cropped/10_Metas/20/14/20191020143500_00160.jpg,datasets_cloudmask/dataset_cropped/10_Metas/20/14/20191020143500_00160.png,261.9,54.1,227.8,17.4,955
10/20/2019 14:36,datasets/dataset_cropped/10_Metas/20/14/20191020143600_00160.jpg,datasets_flow/dataset_cropped/10_Metas/20/14/20191020143600_00160.jpg,datasets_cloudmask/dataset_cropped/10_Metas/20/14/20191020143600_00160.png,295.3,111.3,226.4,17.3,955
10/20/2019 14:37,datasets/dataset_cropped/10_Metas/20/14/20191020143700_00160.jpg,datasets_flow/dataset_cropped/10_Metas/20/14/20191020143700_00160.jpg,datasets_cloudmask/dataset_cropped/10_Metas/20/14/20191020143700_00160.png,239.2,16.1,229.2,17.3,955
10/20/2019 14:38,datasets/dataset_cropped/10_Metas/20/14/20191020143800_00160.jpg,datasets_flow/dataset_cropped/10_Metas/20/14/20191020143800_00160.jpg,datasets_cloudmask/dataset_cropped/10_Metas/20/14/20191020143800_00160.png,237,1.9,235.5,17,955
10/20/2019 14:39,datasets/dataset_cropped/10_Metas/20/14/20191020143900_00160.jpg,datasets_flow/dataset_cropped/10_Metas/20/14/20191020143900_00160.jpg,datasets_cloudmask/dataset_cropped/10_Metas/20/14/20191020143900_00160.png,239.3,0,239.1,17,955
10/20/2019 14:40,datasets/dataset_cropped/10_Metas/20/14/20191020144000_00160.jpg,datasets_flow/dataset_cropped/10_Metas/20/14/20191020144000_00160.jpg,datasets_cloudmask/dataset_cropped/10_Metas/20/14/20191020144000_00160.png,237.6,0,237.4,17,955
10/20/2019 14:41,datasets/dataset_cropped/10_Metas/20/14/20191020144100_00160.jpg,datasets_flow/dataset_cropped/10_Metas/20/14/20191020144100_00160.jpg,datasets_cloudmask/dataset_cropped/10_Metas/20/14/20191020144100_00160.png,233.4,0,233.2,17.1,955
10/20/2019 14:42,datasets/dataset_cropped/10_Metas/20/14/20191020144200_00160.jpg,datasets_flow/dataset_cropped/10_Metas/20/14/20191020144200_00160.jpg,datasets_cloudmask/dataset_cropped/10_Metas/20/14/20191020144200_00160.png,233,1,232,17.1,955
10/20/2019 14:43,datasets/dataset_cropped/10_Metas/20/14/20191020144300_00160.jpg,datasets_flow/dataset_cropped/10_Metas/20/14/20191020144300_00160.jpg,datasets_cloudmask/dataset_cropped/10_Metas/20/14/20191020144300_00160.png,238.4,1.3,237,16.9,955
10/20/2019 14:44,datasets/dataset_cropped/10_Metas/20/14/20191020144400_00160.jpg,datasets_flow/dataset_cropped/10_Metas/20/14/20191020144400_00160.jpg,datasets_cloudmask/dataset_cropped/10_Metas/20/14/20191020144400_00160.png,245.7,0,244.9,16.8,955
10/20/2019 14:45,datasets/dataset_cropped/10_Metas/20/14/20191020144500_00160.jpg,datasets_flow/dataset_cropped/10_Metas/20/14/20191020144500_00160.jpg,datasets_cloudmask/dataset_cropped/10_Metas/20/14/20191020144500_00160.png,247.5,0.1,246.5,16.9,955
10/20/2019 14:46,datasets/dataset_cropped/10_Metas/20/14/20191020144600_00160.jpg,datasets_flow/dataset_cropped/10_Metas/20/14/20191020144600_00160.jpg,datasets_cloudmask/dataset_cropped/10_Metas/20/14/20191020144600_00160.png,243.1,0.2,242.1,16.9,954
10/20/2019 14:47,datasets/dataset_cropped/10_Metas/20/14/20191020144700_00160.jpg,datasets_flow/dataset_cropped/10_Metas/20/14/20191020144700_00160.jpg,datasets_cloudmask/dataset_cropped/10_Metas/20/14/20191020144700_00160.png,246.1,0.5,244.9,17,954
10/20/2019 14:48,datasets/dataset_cropped/10_Metas/20/14/20191020144800_00160.jpg,datasets_flow/dataset_cropped/10_Metas/20/14/20191020144800_00160.jpg,datasets_cloudmask/dataset_cropped/10_Metas/20/14/20191020144800_00160.png,319.5,78.8,271.8,17.1,954
10/20/2019 14:49,datasets/dataset_cropped/10_Metas/20/14/20191020144900_00160.jpg,datasets_flow/dataset_cropped/10_Metas/20/14/20191020144900_00160.jpg,datasets_cloudmask/dataset_cropped/10_Metas/20/14/20191020144900_00160.png,568.7,429.6,315.1,17,954
10/20/2019 14:50,datasets/dataset_cropped/10_Metas/20/14/20191020145000_00160.jpg,datasets_flow/dataset_cropped/10_Metas/20/14/20191020145000_00160.jpg,datasets_cloudmask/dataset_cropped/10_Metas/20/14/20191020145000_00160.png,793.2,805,322.6,17.1,954
10/20/2019 14:51,datasets/dataset_cropped/10_Metas/20/14/20191020145100_00160.jpg,datasets_flow/dataset_cropped/10_Metas/20/14/20191020145100_00160.jpg,datasets_cloudmask/dataset_cropped/10_Metas/20/14/20191020145100_00160.png,790,866,286.6,17.3,954
10/20/2019 14:52,datasets/dataset_cropped/10_Metas/20/14/20191020145200_00160.jpg,datasets_flow/dataset_cropped/10_Metas/20/14/20191020145200_00160.jpg,datasets_cloudmask/dataset_cropped/10_Metas/20/14/20191020145200_00160.png,730,841,242.8,17.8,954
10/20/2019 14:53,datasets/dataset_cropped/10_Metas/20/14/20191020145300_00160.jpg,datasets_flow/dataset_cropped/10_Metas/20/14/20191020145300_00160.jpg,datasets_cloudmask/dataset_cropped/10_Metas/20/14/20191020145300_00160.png,631.1,709.4,220.1,18,954
10/20/2019 14:54,datasets/dataset_cropped/10_Metas/20/14/20191020145400_00160.jpg,datasets_flow/dataset_cropped/10_Metas/20/14/20191020145400_00160.jpg,datasets_cloudmask/dataset_cropped/10_Metas/20/14/20191020145400_00160.png,732.6,918,204.1,18.1,955
10/20/2019 14:55,datasets/dataset_cropped/10_Metas/20/14/20191020145500_00160.jpg,datasets_flow/dataset_cropped/10_Metas/20/14/20191020145500_00160.jpg,datasets_cloudmask/dataset_cropped/10_Metas/20/14/20191020145500_00160.png,727.3,922,198.6,18,955
10/20/2019 14:56,datasets/dataset_cropped/10_Metas/20/14/20191020145600_00160.jpg,datasets_flow/dataset_cropped/10_Metas/20/14/20191020145600_00160.jpg,datasets_cloudmask/dataset_cropped/10_Metas/20/14/20191020145600_00160.png,726.2,928,195.2,18.2,955
10/20/2019 14:57,datasets/dataset_cropped/10_Metas/20/14/20191020145700_00160.jpg,datasets_flow/dataset_cropped/10_Metas/20/14/20191020145700_00160.jpg,datasets_cloudmask/dataset_cropped/10_Metas/20/14/20191020145700_00160.png,684.1,849,198.6,18.5,955
10/20/2019 14:58,datasets/dataset_cropped/10_Metas/20/14/20191020145800_00160.jpg,datasets_flow/dataset_cropped/10_Metas/20/14/20191020145800_00160.jpg,datasets_cloudmask/dataset_cropped/10_Metas/20/14/20191020145800_00160.png,610.9,683,219.9,18.9,955
10/20/2019 14:59,datasets/dataset_cropped/10_Metas/20/14/20191020145900_00160.jpg,datasets_flow/dataset_cropped/10_Metas/20/14/20191020145900_00160.jpg,datasets_cloudmask/dataset_cropped/10_Metas/20/14/20191020145900_00160.png,372.5,226.8,240.5,18.9,955
10/20/2019 15:00,datasets/dataset_cropped/10_Metas/20/15/20191020150000_00160.jpg,datasets_flow/dataset_cropped/10_Metas/20/15/20191020150000_00160.jpg,datasets_cloudmask/dataset_cropped/10_Metas/20/15/20191020150000_00160.png,286.1,44.1,258.9,18.9,954
10/20/2019 15:01,datasets/dataset_cropped/10_Metas/20/15/20191020150100_00160.jpg,datasets_flow/dataset_cropped/10_Metas/20/15/20191020150100_00160.jpg,datasets_cloudmask/dataset_cropped/10_Metas/20/15/20191020150100_00160.png,371.8,130.4,295.3,18.6,955
10/20/2019 15:02,datasets/dataset_cropped/10_Metas/20/15/20191020150200_00160.jpg,datasets_flow/dataset_cropped/10_Metas/20/15/20191020150200_00160.jpg,datasets_cloudmask/dataset_cropped/10_Metas/20/15/20191020150200_00160.png,397.3,132.5,321,18.3,954
10/20/2019 15:03,datasets/dataset_cropped/10_Metas/20/15/20191020150300_00160.jpg,datasets_flow/dataset_cropped/10_Metas/20/15/20191020150300_00160.jpg,datasets_cloudmask/dataset_cropped/10_Metas/20/15/20191020150300_00160.png,433.2,173.8,333,18.1,954
10/20/2019 15:04,datasets/dataset_cropped/10_Metas/20/15/20191020150400_00160.jpg,datasets_flow/dataset_cropped/10_Metas/20/15/20191020150400_00160.jpg,datasets_cloudmask/dataset_cropped/10_Metas/20/15/20191020150400_00160.png,666.5,589.2,332.6,18.1,954
10/20/2019 15:05,datasets/dataset_cropped/10_Metas/20/15/20191020150500_00160.jpg,datasets_flow/dataset_cropped/10_Metas/20/15/20191020150500_00160.jpg,datasets_cloudmask/dataset_cropped/10_Metas/20/15/20191020150500_00160.png,517.2,366.4,310.3,18.1,954
10/20/2019 15:06,datasets/dataset_cropped/10_Metas/20/15/20191020150600_00160.jpg,datasets_flow/dataset_cropped/10_Metas/20/15/20191020150600_00160.jpg,datasets_cloudmask/dataset_cropped/10_Metas/20/15/20191020150600_00160.png,340.6,115.5,274.5,18.1,954
10/20/2019 15:07,datasets/dataset_cropped/10_Metas/20/15/20191020150700_00160.jpg,datasets_flow/dataset_cropped/10_Metas/20/15/20191020150700_00160.jpg,datasets_cloudmask/dataset_cropped/10_Metas/20/15/20191020150700_00160.png,318.9,109.3,256.7,18.1,954
10/20/2019 15:08,datasets/dataset_cropped/10_Metas/20/15/20191020150800_00160.jpg,datasets_flow/dataset_cropped/10_Metas/20/15/20191020150800_00160.jpg,datasets_cloudmask/dataset_cropped/10_Metas/20/15/20191020150800_00160.png,292.3,65.2,254.2,17.9,954
10/20/2019 15:09,datasets/dataset_cropped/10_Metas/20/15/20191020150900_00160.jpg,datasets_flow/dataset_cropped/10_Metas/20/15/20191020150900_00160.jpg,datasets_cloudmask/dataset_cropped/10_Metas/20/15/20191020150900_00160.png,475.7,362.8,274.7,17.9,954
10/20/2019 15:10,datasets/dataset_cropped/10_Metas/20/15/20191020151000_00160.jpg,datasets_flow/dataset_cropped/10_Metas/20/15/20191020151000_00160.jpg,datasets_cloudmask/dataset_cropped/10_Metas/20/15/20191020151000_00160.png,753.7,872,276.3,17.7,954
10/20/2019 15:11,datasets/dataset_cropped/10_Metas/20/15/20191020151100_00160.jpg,datasets_flow/dataset_cropped/10_Metas/20/15/20191020151100_00160.jpg,datasets_cloudmask/dataset_cropped/10_Metas/20/15/20191020151100_00160.png,571.5,579.1,254.1,17.9,954
10/20/2019 15:12,datasets/dataset_cropped/10_Metas/20/15/20191020151200_00160.jpg,datasets_flow/dataset_cropped/10_Metas/20/15/20191020151200_00160.jpg,datasets_cloudmask/dataset_cropped/10_Metas/20/15/20191020151200_00160.png,713.6,907,221.5,18.1,954
10/20/2019 15:13,datasets/dataset_cropped/10_Metas/20/15/20191020151300_00160.jpg,datasets_flow/dataset_cropped/10_Metas/20/15/20191020151300_00160.jpg,datasets_cloudmask/dataset_cropped/10_Metas/20/15/20191020151300_00160.png,701.6,912,209,18.2,954
10/20/2019 15:14,datasets/dataset_cropped/10_Metas/20/15/20191020151400_00160.jpg,datasets_flow/dataset_cropped/10_Metas/20/15/20191020151400_00160.jpg,datasets_cloudmask/dataset_cropped/10_Metas/20/15/20191020151400_00160.png,712.8,929,211.8,18.6,954
10/20/2019 15:15,datasets/dataset_cropped/10_Metas/20/15/20191020151500_00160.jpg,datasets_flow/dataset_cropped/10_Metas/20/15/20191020151500_00160.jpg,datasets_cloudmask/dataset_cropped/10_Metas/20/15/20191020151500_00160.png,702.9,915,211.5,18.8,955
10/20/2019 15:16,datasets/dataset_cropped/10_Metas/20/15/20191020151600_00160.jpg,datasets_flow/dataset_cropped/10_Metas/20/15/20191020151600_00160.jpg,datasets_cloudmask/dataset_cropped/10_Metas/20/15/20191020151600_00160.png,493.7,516.5,213.6,18.7,955
10/20/2019 15:17,datasets/dataset_cropped/10_Metas/20/15/20191020151700_00160.jpg,datasets_flow/dataset_cropped/10_Metas/20/15/20191020151700_00160.jpg,datasets_cloudmask/dataset_cropped/10_Metas/20/15/20191020151700_00160.png,589.8,710.3,209.5,18.7,955
10/20/2019 15:18,datasets/dataset_cropped/10_Metas/20/15/20191020151800_00160.jpg,datasets_flow/dataset_cropped/10_Metas/20/15/20191020151800_00160.jpg,datasets_cloudmask/dataset_cropped/10_Metas/20/15/20191020151800_00160.png,612.6,759.9,207.5,18.7,955
10/20/2019 15:19,datasets/dataset_cropped/10_Metas/20/15/20191020151900_00160.jpg,datasets_flow/dataset_cropped/10_Metas/20/15/20191020151900_00160.jpg,datasets_cloudmask/dataset_cropped/10_Metas/20/15/20191020151900_00160.png,595,720,213.6,18.6,955
10/20/2019 15:20,datasets/dataset_cropped/10_Metas/20/15/20191020152000_00160.jpg,datasets_flow/dataset_cropped/10_Metas/20/15/20191020152000_00160.jpg,datasets_cloudmask/dataset_cropped/10_Metas/20/15/20191020152000_00160.png,434.4,398.5,220.7,18.7,955
10/20/2019 15:21,datasets/dataset_cropped/10_Metas/20/15/20191020152100_00160.jpg,datasets_flow/dataset_cropped/10_Metas/20/15/20191020152100_00160.jpg,datasets_cloudmask/dataset_cropped/10_Metas/20/15/20191020152100_00160.png,279.8,127.5,209.7,18.8,955
10/20/2019 15:22,datasets/dataset_cropped/10_Metas/20/15/20191020152200_00160.jpg,datasets_flow/dataset_cropped/10_Metas/20/15/20191020152200_00160.jpg,datasets_cloudmask/dataset_cropped/10_Metas/20/15/20191020152200_00160.png,210.7,19,199.4,18.6,955
10/20/2019 15:23,datasets/dataset_cropped/10_Metas/20/15/20191020152300_00160.jpg,datasets_flow/dataset_cropped/10_Metas/20/15/20191020152300_00160.jpg,datasets_cloudmask/dataset_cropped/10_Metas/20/15/20191020152300_00160.png,221.4,16.4,211.3,18.4,955
10/20/2019 15:24,datasets/dataset_cropped/10_Metas/20/15/20191020152400_00160.jpg,datasets_flow/dataset_cropped/10_Metas/20/15/20191020152400_00160.jpg,datasets_cloudmask/dataset_cropped/10_Metas/20/15/20191020152400_00160.png,345.1,181.6,246.7,18.1,955
10/20/2019 15:25,datasets/dataset_cropped/10_Metas/20/15/20191020152500_00160.jpg,datasets_flow/dataset_cropped/10_Metas/20/15/20191020152500_00160.jpg,datasets_cloudmask/dataset_cropped/10_Metas/20/15/20191020152500_00160.png,361.2,167.6,270,18,955
10/20/2019 15:26,datasets/dataset_cropped/10_Metas/20/15/20191020152600_00160.jpg,datasets_flow/dataset_cropped/10_Metas/20/15/20191020152600_00160.jpg,datasets_cloudmask/dataset_cropped/10_Metas/20/15/20191020152600_00160.png,277.1,21.6,264,18,955
10/20/2019 15:27,datasets/dataset_cropped/10_Metas/20/15/20191020152700_00160.jpg,datasets_flow/dataset_cropped/10_Metas/20/15/20191020152700_00160.jpg,datasets_cloudmask/dataset_cropped/10_Metas/20/15/20191020152700_00160.png,251.6,1.3,250.1,18.2,955
10/20/2019 15:28,datasets/dataset_cropped/10_Metas/20/15/20191020152800_00160.jpg,datasets_flow/dataset_cropped/10_Metas/20/15/20191020152800_00160.jpg,datasets_cloudmask/dataset_cropped/10_Metas/20/15/20191020152800_00160.png,258.2,10.7,252,18.3,955
10/20/2019 15:29,datasets/dataset_cropped/10_Metas/20/15/20191020152900_00160.jpg,datasets_flow/dataset_cropped/10_Metas/20/15/20191020152900_00160.jpg,datasets_cloudmask/dataset_cropped/10_Metas/20/15/20191020152900_00160.png,395.1,231,274.7,18.2,955
10/20/2019 15:30,datasets/dataset_cropped/10_Metas/20/15/20191020153000_00160.jpg,datasets_flow/dataset_cropped/10_Metas/20/15/20191020153000_00160.jpg,datasets_cloudmask/dataset_cropped/10_Metas/20/15/20191020153000_00160.png,305.7,47.2,279.9,18.2,955
10/20/2019 15:31,datasets/dataset_cropped/10_Metas/20/15/20191020153100_00160.jpg,datasets_flow/dataset_cropped/10_Metas/20/15/20191020153100_00160.jpg,datasets_cloudmask/dataset_cropped/10_Metas/20/15/20191020153100_00160.png,317.9,70.9,280.2,18.2,955
10/20/2019 15:32,datasets/dataset_cropped/10_Metas/20/15/20191020153200_00160.jpg,datasets_flow/dataset_cropped/10_Metas/20/15/20191020153200_00160.jpg,datasets_cloudmask/dataset_cropped/10_Metas/20/15/20191020153200_00160.png,453.8,330.8,285.8,18.2,955
10/20/2019 15:33,datasets/dataset_cropped/10_Metas/20/15/20191020153300_00160.jpg,datasets_flow/dataset_cropped/10_Metas/20/15/20191020153300_00160.jpg,datasets_cloudmask/dataset_cropped/10_Metas/20/15/20191020153300_00160.png,485.7,359.3,302.5,18.2,955
10/20/2019 15:34,datasets/dataset_cropped/10_Metas/20/15/20191020153400_00160.jpg,datasets_flow/dataset_cropped/10_Metas/20/15/20191020153400_00160.jpg,datasets_cloudmask/dataset_cropped/10_Metas/20/15/20191020153400_00160.png,438.3,254.9,310.6,18.3,955
10/20/2019 15:35,datasets/dataset_cropped/10_Metas/20/15/20191020153500_00160.jpg,datasets_flow/dataset_cropped/10_Metas/20/15/20191020153500_00160.jpg,datasets_cloudmask/dataset_cropped/10_Metas/20/15/20191020153500_00160.png,311.9,35.9,293.7,18.4,955
10/20/2019 15:36,datasets/dataset_cropped/10_Metas/20/15/20191020153600_00160.jpg,datasets_flow/dataset_cropped/10_Metas/20/15/20191020153600_00160.jpg,datasets_cloudmask/dataset_cropped/10_Metas/20/15/20191020153600_00160.png,323.9,106.6,270.9,18.5,955
10/20/2019 15:37,datasets/dataset_cropped/10_Metas/20/15/20191020153700_00160.jpg,datasets_flow/dataset_cropped/10_Metas/20/15/20191020153700_00160.jpg,datasets_cloudmask/dataset_cropped/10_Metas/20/15/20191020153700_00160.png,356.5,188.8,261.1,18.5,955
10/20/2019 15:38,datasets/dataset_cropped/10_Metas/20/15/20191020153800_00160.jpg,datasets_flow/dataset_cropped/10_Metas/20/15/20191020153800_00160.jpg,datasets_cloudmask/dataset_cropped/10_Metas/20/15/20191020153800_00160.png,409.4,289.8,266.2,18.4,955
10/20/2019 15:39,datasets/dataset_cropped/10_Metas/20/15/20191020153900_00160.jpg,datasets_flow/dataset_cropped/10_Metas/20/15/20191020153900_00160.jpg,datasets_cloudmask/dataset_cropped/10_Metas/20/15/20191020153900_00160.png,522.9,519.9,268.8,18.3,955
10/20/2019 15:40,datasets/dataset_cropped/10_Metas/20/15/20191020154000_00160.jpg,datasets_flow/dataset_cropped/10_Metas/20/15/20191020154000_00160.jpg,datasets_cloudmask/dataset_cropped/10_Metas/20/15/20191020154000_00160.png,282.3,38.1,262.7,18.5,955
10/20/2019 15:41,datasets/dataset_cropped/10_Metas/20/15/20191020154100_00160.jpg,datasets_flow/dataset_cropped/10_Metas/20/15/20191020154100_00160.jpg,datasets_cloudmask/dataset_cropped/10_Metas/20/15/20191020154100_00160.png,393.6,267,263.1,18.4,955
10/20/2019 15:42,datasets/dataset_cropped/10_Metas/20/15/20191020154200_00160.jpg,datasets_flow/dataset_cropped/10_Metas/20/15/20191020154200_00160.jpg,datasets_cloudmask/dataset_cropped/10_Metas/20/15/20191020154200_00160.png,333.4,127.1,270.4,18.4,955
10/20/2019 15:43,datasets/dataset_cropped/10_Metas/20/15/20191020154300_00160.jpg,datasets_flow/dataset_cropped/10_Metas/20/15/20191020154300_00160.jpg,datasets_cloudmask/dataset_cropped/10_Metas/20/15/20191020154300_00160.png,339.4,118,280.7,18.5,955
10/20/2019 15:44,datasets/dataset_cropped/10_Metas/20/15/20191020154400_00160.jpg,datasets_flow/dataset_cropped/10_Metas/20/15/20191020154400_00160.jpg,datasets_cloudmask/dataset_cropped/10_Metas/20/15/20191020154400_00160.png,401.5,239.3,286.7,18.6,955
10/20/2019 15:45,datasets/dataset_cropped/10_Metas/20/15/20191020154500_00160.jpg,datasets_flow/dataset_cropped/10_Metas/20/15/20191020154500_00160.jpg,datasets_cloudmask/dataset_cropped/10_Metas/20/15/20191020154500_00160.png,348.3,131.4,284.4,18.6,955
10/20/2019 15:46,datasets/dataset_cropped/10_Metas/20/15/20191020154600_00160.jpg,datasets_flow/dataset_cropped/10_Metas/20/15/20191020154600_00160.jpg,datasets_cloudmask/dataset_cropped/10_Metas/20/15/20191020154600_00160.png,661,807,280.9,18.7,955
10/20/2019 15:47,datasets/dataset_cropped/10_Metas/20/15/20191020154700_00160.jpg,datasets_flow/dataset_cropped/10_Metas/20/15/20191020154700_00160.jpg,datasets_cloudmask/dataset_cropped/10_Metas/20/15/20191020154700_00160.png,660.3,845,264.7,18.9,955
10/20/2019 15:48,datasets/dataset_cropped/10_Metas/20/15/20191020154800_00160.jpg,datasets_flow/dataset_cropped/10_Metas/20/15/20191020154800_00160.jpg,datasets_cloudmask/dataset_cropped/10_Metas/20/15/20191020154800_00160.png,656.6,878,248.2,19.2,955
10/20/2019 15:49,datasets/dataset_cropped/10_Metas/20/15/20191020154900_00160.jpg,datasets_flow/dataset_cropped/10_Metas/20/15/20191020154900_00160.jpg,datasets_cloudmask/dataset_cropped/10_Metas/20/15/20191020154900_00160.png,491,545.5,238.5,19.2,955
10/20/2019 15:50,datasets/dataset_cropped/10_Metas/20/15/20191020155000_00160.jpg,datasets_flow/dataset_cropped/10_Metas/20/15/20191020155000_00160.jpg,datasets_cloudmask/dataset_cropped/10_Metas/20/15/20191020155000_00160.png,265.3,79.6,228,19.1,955
10/20/2019 15:51,datasets/dataset_cropped/10_Metas/20/15/20191020155100_00160.jpg,datasets_flow/dataset_cropped/10_Metas/20/15/20191020155100_00160.jpg,datasets_cloudmask/dataset_cropped/10_Metas/20/15/20191020155100_00160.png,264.1,104.2,215.3,19.1,955
10/20/2019 15:52,datasets/dataset_cropped/10_Metas/20/15/20191020155200_00160.jpg,datasets_flow/dataset_cropped/10_Metas/20/15/20191020155200_00160.jpg,datasets_cloudmask/dataset_cropped/10_Metas/20/15/20191020155200_00160.png,257.1,101.6,209.2,19,955
10/20/2019 15:53,datasets/dataset_cropped/10_Metas/20/15/20191020155300_00160.jpg,datasets_flow/dataset_cropped/10_Metas/20/15/20191020155300_00160.jpg,datasets_cloudmask/dataset_cropped/10_Metas/20/15/20191020155300_00160.png,246.1,80.4,207.3,19,955
10/20/2019 15:54,datasets/dataset_cropped/10_Metas/20/15/20191020155400_00160.jpg,datasets_flow/dataset_cropped/10_Metas/20/15/20191020155400_00160.jpg,datasets_cloudmask/dataset_cropped/10_Metas/20/15/20191020155400_00160.png,223.8,25.5,210.8,18.9,955
10/20/2019 15:55,datasets/dataset_cropped/10_Metas/20/15/20191020155500_00160.jpg,datasets_flow/dataset_cropped/10_Metas/20/15/20191020155500_00160.jpg,datasets_cloudmask/dataset_cropped/10_Metas/20/15/20191020155500_00160.png,298.9,167.2,221.7,18.6,955
10/20/2019 15:56,datasets/dataset_cropped/10_Metas/20/15/20191020155600_00160.jpg,datasets_flow/dataset_cropped/10_Metas/20/15/20191020155600_00160.jpg,datasets_cloudmask/dataset_cropped/10_Metas/20/15/20191020155600_00160.png,275,102.8,226.9,18.4,955
10/20/2019 15:57,datasets/dataset_cropped/10_Metas/20/15/20191020155700_00160.jpg,datasets_flow/dataset_cropped/10_Metas/20/15/20191020155700_00160.jpg,datasets_cloudmask/dataset_cropped/10_Metas/20/15/20191020155700_00160.png,265.1,76.5,229.1,18.4,955
10/20/2019 15:58,datasets/dataset_cropped/10_Metas/20/15/20191020155800_00160.jpg,datasets_flow/dataset_cropped/10_Metas/20/15/20191020155800_00160.jpg,datasets_cloudmask/dataset_cropped/10_Metas/20/15/20191020155800_00160.png,259.6,57.7,232.2,18.4,955
10/20/2019 15:59,datasets/dataset_cropped/10_Metas/20/15/20191020155900_00160.jpg,datasets_flow/dataset_cropped/10_Metas/20/15/20191020155900_00160.jpg,datasets_cloudmask/dataset_cropped/10_Metas/20/15/20191020155900_00160.png,234.2,5.4,231.2,18.4,955
10/20/2019 16:00,datasets/dataset_cropped/10_Metas/20/16/20191020160000_00160.jpg,datasets_flow/dataset_cropped/10_Metas/20/16/20191020160000_00160.jpg,datasets_cloudmask/dataset_cropped/10_Metas/20/16/20191020160000_00160.png,238.2,20.1,228.2,18.5,955
10/20/2019 16:01,datasets/dataset_cropped/10_Metas/20/16/20191020160100_00160.jpg,datasets_flow/dataset_cropped/10_Metas/20/16/20191020160100_00160.jpg,datasets_cloudmask/dataset_cropped/10_Metas/20/16/20191020160100_00160.png,224.4,6.8,220.9,18.5,955
10/20/2019 16:02,datasets/dataset_cropped/10_Metas/20/16/20191020160200_00160.jpg,datasets_flow/dataset_cropped/10_Metas/20/16/20191020160200_00160.jpg,datasets_cloudmask/dataset_cropped/10_Metas/20/16/20191020160200_00160.png,220,15.9,212.3,18.6,955
10/20/2019 16:03,datasets/dataset_cropped/10_Metas/20/16/20191020160300_00160.jpg,datasets_flow/dataset_cropped/10_Metas/20/16/20191020160300_00160.jpg,datasets_cloudmask/dataset_cropped/10_Metas/20/16/20191020160300_00160.png,205.7,4.6,203.1,18.6,955
10/20/2019 16:04,datasets/dataset_cropped/10_Metas/20/16/20191020160400_00160.jpg,datasets_flow/dataset_cropped/10_Metas/20/16/20191020160400_00160.jpg,datasets_cloudmask/dataset_cropped/10_Metas/20/16/20191020160400_00160.png,198.2,1.2,197.5,18.5,955
10/20/2019 16:05,datasets/dataset_cropped/10_Metas/20/16/20191020160500_00160.jpg,datasets_flow/dataset_cropped/10_Metas/20/16/20191020160500_00160.jpg,datasets_cloudmask/dataset_cropped/10_Metas/20/16/20191020160500_00160.png,209.7,35.7,193.8,18.4,955
10/20/2019 16:06,datasets/dataset_cropped/10_Metas/20/16/20191020160600_00160.jpg,datasets_flow/dataset_cropped/10_Metas/20/16/20191020160600_00160.jpg,datasets_cloudmask/dataset_cropped/10_Metas/20/16/20191020160600_00160.png,194.4,4.5,192.1,18.5,955
10/20/2019 16:07,datasets/dataset_cropped/10_Metas/20/16/20191020160700_00160.jpg,datasets_flow/dataset_cropped/10_Metas/20/16/20191020160700_00160.jpg,datasets_cloudmask/dataset_cropped/10_Metas/20/16/20191020160700_00160.png,209,33,194.7,18.5,955
10/20/2019 16:08,datasets/dataset_cropped/10_Metas/20/16/20191020160800_00160.jpg,datasets_flow/dataset_cropped/10_Metas/20/16/20191020160800_00160.jpg,datasets_cloudmask/dataset_cropped/10_Metas/20/16/20191020160800_00160.png,420.5,520.4,203,18.5,955
10/20/2019 16:09,datasets/dataset_cropped/10_Metas/20/16/20191020160900_00160.jpg,datasets_flow/dataset_cropped/10_Metas/20/16/20191020160900_00160.jpg,datasets_cloudmask/dataset_cropped/10_Metas/20/16/20191020160900_00160.png,562.4,849,211.2,18.6,955
10/20/2019 16:10,datasets/dataset_cropped/10_Metas/20/16/20191020161000_00160.jpg,datasets_flow/dataset_cropped/10_Metas/20/16/20191020161000_00160.jpg,datasets_cloudmask/dataset_cropped/10_Metas/20/16/20191020161000_00160.png,566.1,849,217.5,18.9,955
10/20/2019 16:11,datasets/dataset_cropped/10_Metas/20/16/20191020161100_00160.jpg,datasets_flow/dataset_cropped/10_Metas/20/16/20191020161100_00160.jpg,datasets_cloudmask/dataset_cropped/10_Metas/20/16/20191020161100_00160.png,567.9,847,222.8,19.3,955
10/20/2019 16:12,datasets/dataset_cropped/10_Metas/20/16/20191020161200_00160.jpg,datasets_flow/dataset_cropped/10_Metas/20/16/20191020161200_00160.jpg,datasets_cloudmask/dataset_cropped/10_Metas/20/16/20191020161200_00160.png,561.6,844,220.1,19.5,955
10/20/2019 16:13,datasets/dataset_cropped/10_Metas/20/16/20191020161300_00160.jpg,datasets_flow/dataset_cropped/10_Metas/20/16/20191020161300_00160.jpg,datasets_cloudmask/dataset_cropped/10_Metas/20/16/20191020161300_00160.png,545.5,846,205.3,19.5,955
10/20/2019 16:14,datasets/dataset_cropped/10_Metas/20/16/20191020161400_00160.jpg,datasets_flow/dataset_cropped/10_Metas/20/16/20191020161400_00160.jpg,datasets_cloudmask/dataset_cropped/10_Metas/20/16/20191020161400_00160.png,519.7,841,183.6,19.5,955
10/20/2019 16:15,datasets/dataset_cropped/10_Metas/20/16/20191020161500_00160.jpg,datasets_flow/dataset_cropped/10_Metas/20/16/20191020161500_00160.jpg,datasets_cloudmask/dataset_cropped/10_Metas/20/16/20191020161500_00160.png,497,837,164.7,19.5,955
10/20/2019 16:16,datasets/dataset_cropped/10_Metas/20/16/20191020161600_00160.jpg,datasets_flow/dataset_cropped/10_Metas/20/16/20191020161600_00160.jpg,datasets_cloudmask/dataset_cropped/10_Metas/20/16/20191020161600_00160.png,486.8,835,157.4,19.6,955
10/20/2019 16:17,datasets/dataset_cropped/10_Metas/20/16/20191020161700_00160.jpg,datasets_flow/dataset_cropped/10_Metas/20/16/20191020161700_00160.jpg,datasets_cloudmask/dataset_cropped/10_Metas/20/16/20191020161700_00160.png,487.8,833,161.3,19.7,955
10/20/2019 16:18,datasets/dataset_cropped/10_Metas/20/16/20191020161800_00160.jpg,datasets_flow/dataset_cropped/10_Metas/20/16/20191020161800_00160.jpg,datasets_cloudmask/dataset_cropped/10_Metas/20/16/20191020161800_00160.png,393.2,589.2,162.9,19.4,955
10/20/2019 16:19,datasets/dataset_cropped/10_Metas/20/16/20191020161900_00160.jpg,datasets_flow/dataset_cropped/10_Metas/20/16/20191020161900_00160.jpg,datasets_cloudmask/dataset_cropped/10_Metas/20/16/20191020161900_00160.png,468.4,784.6,163.1,19.3,955
10/20/2019 16:20,datasets/dataset_cropped/10_Metas/20/16/20191020162000_00160.jpg,datasets_flow/dataset_cropped/10_Metas/20/16/20191020162000_00160.jpg,datasets_cloudmask/dataset_cropped/10_Metas/20/16/20191020162000_00160.png,483.4,831,163.5,19.5,955
10/20/2019 16:21,datasets/dataset_cropped/10_Metas/20/16/20191020162100_00160.jpg,datasets_flow/dataset_cropped/10_Metas/20/16/20191020162100_00160.jpg,datasets_cloudmask/dataset_cropped/10_Metas/20/16/20191020162100_00160.png,480.8,817,168.6,19.5,955
10/20/2019 16:22,datasets/dataset_cropped/10_Metas/20/16/20191020162200_00160.jpg,datasets_flow/dataset_cropped/10_Metas/20/16/20191020162200_00160.jpg,datasets_cloudmask/dataset_cropped/10_Metas/20/16/20191020162200_00160.png,483.2,812,175.6,19.8,955
10/20/2019 16:23,datasets/dataset_cropped/10_Metas/20/16/20191020162300_00160.jpg,datasets_flow/dataset_cropped/10_Metas/20/16/20191020162300_00160.jpg,datasets_cloudmask/dataset_cropped/10_Metas/20/16/20191020162300_00160.png,354.4,465.2,179.5,19.6,955
10/20/2019 16:24,datasets/dataset_cropped/10_Metas/20/16/20191020162400_00160.jpg,datasets_flow/dataset_cropped/10_Metas/20/16/20191020162400_00160.jpg,datasets_cloudmask/dataset_cropped/10_Metas/20/16/20191020162400_00160.png,279.8,259.6,181.4,19.7,955
10/20/2019 16:25,datasets/dataset_cropped/10_Metas/20/16/20191020162500_00160.jpg,datasets_flow/dataset_cropped/10_Metas/20/16/20191020162500_00160.jpg,datasets_cloudmask/dataset_cropped/10_Metas/20/16/20191020162500_00160.png,188.6,11.4,183.8,19.6,955
10/20/2019 16:26,datasets/dataset_cropped/10_Metas/20/16/20191020162600_00160.jpg,datasets_flow/dataset_cropped/10_Metas/20/16/20191020162600_00160.jpg,datasets_cloudmask/dataset_cropped/10_Metas/20/16/20191020162600_00160.png,186.6,0.7,186.2,19.5,955
10/20/2019 16:27,datasets/dataset_cropped/10_Metas/20/16/20191020162700_00160.jpg,datasets_flow/dataset_cropped/10_Metas/20/16/20191020162700_00160.jpg,datasets_cloudmask/dataset_cropped/10_Metas/20/16/20191020162700_00160.png,186.1,0.2,185.8,19.3,955
10/20/2019 16:28,datasets/dataset_cropped/10_Metas/20/16/20191020162800_00160.jpg,datasets_flow/dataset_cropped/10_Metas/20/16/20191020162800_00160.jpg,datasets_cloudmask/dataset_cropped/10_Metas/20/16/20191020162800_00160.png,184.1,0.6,183.8,19.1,955
10/20/2019 16:29,datasets/dataset_cropped/10_Metas/20/16/20191020162900_00160.jpg,datasets_flow/dataset_cropped/10_Metas/20/16/20191020162900_00160.jpg,datasets_cloudmask/dataset_cropped/10_Metas/20/16/20191020162900_00160.png,196.7,38.6,182.6,18.9,955
10/20/2019 16:30,datasets/dataset_cropped/10_Metas/20/16/20191020163000_00160.jpg,datasets_flow/dataset_cropped/10_Metas/20/16/20191020163000_00160.jpg,datasets_cloudmask/dataset_cropped/10_Metas/20/16/20191020163000_00160.png,334,422.8,182.4,18.8,955
10/20/2019 16:31,datasets/dataset_cropped/10_Metas/20/16/20191020163100_00160.jpg,datasets_flow/dataset_cropped/10_Metas/20/16/20191020163100_00160.jpg,datasets_cloudmask/dataset_cropped/10_Metas/20/16/20191020163100_00160.png,346.9,458.1,183.9,18.9,955
10/20/2019 16:32,datasets/dataset_cropped/10_Metas/20/16/20191020163200_00160.jpg,datasets_flow/dataset_cropped/10_Metas/20/16/20191020163200_00160.jpg,datasets_cloudmask/dataset_cropped/10_Metas/20/16/20191020163200_00160.png,309.9,349.6,186.3,19,955
10/20/2019 16:33,datasets/dataset_cropped/10_Metas/20/16/20191020163300_00160.jpg,datasets_flow/dataset_cropped/10_Metas/20/16/20191020163300_00160.jpg,datasets_cloudmask/dataset_cropped/10_Metas/20/16/20191020163300_00160.png,252.7,191.4,185.3,19.1,955
10/20/2019 16:34,datasets/dataset_cropped/10_Metas/20/16/20191020163400_00160.jpg,datasets_flow/dataset_cropped/10_Metas/20/16/20191020163400_00160.jpg,datasets_cloudmask/dataset_cropped/10_Metas/20/16/20191020163400_00160.png,421.9,692.1,182.3,19.4,955
10/20/2019 16:35,datasets/dataset_cropped/10_Metas/20/16/20191020163500_00160.jpg,datasets_flow/dataset_cropped/10_Metas/20/16/20191020163500_00160.jpg,datasets_cloudmask/dataset_cropped/10_Metas/20/16/20191020163500_00160.png,445.4,791,173.7,19.5,955
10/20/2019 16:36,datasets/dataset_cropped/10_Metas/20/16/20191020163600_00160.jpg,datasets_flow/dataset_cropped/10_Metas/20/16/20191020163600_00160.jpg,datasets_cloudmask/dataset_cropped/10_Metas/20/16/20191020163600_00160.png,429.9,792.6,160.1,19.5,955
10/20/2019 16:37,datasets/dataset_cropped/10_Metas/20/16/20191020163700_00160.jpg,datasets_flow/dataset_cropped/10_Metas/20/16/20191020163700_00160.jpg,datasets_cloudmask/dataset_cropped/10_Metas/20/16/20191020163700_00160.png,408.6,787.7,143,19.5,955
10/20/2019 16:38,datasets/dataset_cropped/10_Metas/20/16/20191020163800_00160.jpg,datasets_flow/dataset_cropped/10_Metas/20/16/20191020163800_00160.jpg,datasets_cloudmask/dataset_cropped/10_Metas/20/16/20191020163800_00160.png,388.7,790.5,124.4,19.8,955
10/20/2019 16:39,datasets/dataset_cropped/10_Metas/20/16/20191020163900_00160.jpg,datasets_flow/dataset_cropped/10_Metas/20/16/20191020163900_00160.jpg,datasets_cloudmask/dataset_cropped/10_Metas/20/16/20191020163900_00160.png,367.2,786.5,106.3,19.8,955
10/20/2019 16:40,datasets/dataset_cropped/10_Metas/20/16/20191020164000_00160.jpg,datasets_flow/dataset_cropped/10_Metas/20/16/20191020164000_00160.jpg,datasets_cloudmask/dataset_cropped/10_Metas/20/16/20191020164000_00160.png,350.5,786.5,91.8,20,955
10/20/2019 16:41,datasets/dataset_cropped/10_Metas/20/16/20191020164100_00160.jpg,datasets_flow/dataset_cropped/10_Metas/20/16/20191020164100_00160.jpg,datasets_cloudmask/dataset_cropped/10_Metas/20/16/20191020164100_00160.png,337.2,784.4,81.3,19.9,955
10/20/2019 16:42,datasets/dataset_cropped/10_Metas/20/16/20191020164200_00160.jpg,datasets_flow/dataset_cropped/10_Metas/20/16/20191020164200_00160.jpg,datasets_cloudmask/dataset_cropped/10_Metas/20/16/20191020164200_00160.png,326.5,781.2,73.7,19.7,955
10/20/2019 16:43,datasets/dataset_cropped/10_Metas/20/16/20191020164300_00160.jpg,datasets_flow/dataset_cropped/10_Metas/20/16/20191020164300_00160.jpg,datasets_cloudmask/dataset_cropped/10_Metas/20/16/20191020164300_00160.png,318.3,778.5,68.6,19.8,955
10/20/2019 16:44,datasets/dataset_cropped/10_Metas/20/16/20191020164400_00160.jpg,datasets_flow/dataset_cropped/10_Metas/20/16/20191020164400_00160.jpg,datasets_cloudmask/dataset_cropped/10_Metas/20/16/20191020164400_00160.png,312.2,776.7,65.3,19.8,955
10/20/2019 16:45,datasets/dataset_cropped/10_Metas/20/16/20191020164500_00160.jpg,datasets_flow/dataset_cropped/10_Metas/20/16/20191020164500_00160.jpg,datasets_cloudmask/dataset_cropped/10_Metas/20/16/20191020164500_00160.png,307,774.1,63,19.6,955
10/20/2019 16:46,datasets/dataset_cropped/10_Metas/20/16/20191020164600_00160.jpg,datasets_flow/dataset_cropped/10_Metas/20/16/20191020164600_00160.jpg,datasets_cloudmask/dataset_cropped/10_Metas/20/16/20191020164600_00160.png,302.6,772,61.5,19.5,955
10/20/2019 16:47,datasets/dataset_cropped/10_Metas/20/16/20191020164700_00160.jpg,datasets_flow/dataset_cropped/10_Metas/20/16/20191020164700_00160.jpg,datasets_cloudmask/dataset_cropped/10_Metas/20/16/20191020164700_00160.png,299.2,769.8,61,19.5,955
10/20/2019 16:48,datasets/dataset_cropped/10_Metas/20/16/20191020164800_00160.jpg,datasets_flow/dataset_cropped/10_Metas/20/16/20191020164800_00160.jpg,datasets_cloudmask/dataset_cropped/10_Metas/20/16/20191020164800_00160.png,295.1,763.1,61.1,19.4,955
10/20/2019 16:49,datasets/dataset_cropped/10_Metas/20/16/20191020164900_00160.jpg,datasets_flow/dataset_cropped/10_Metas/20/16/20191020164900_00160.jpg,datasets_cloudmask/dataset_cropped/10_Metas/20/16/20191020164900_00160.png,270,686.9,61.3,19.5,955
10/20/2019 16:50,datasets/dataset_cropped/10_Metas/20/16/20191020165000_00160.jpg,datasets_flow/dataset_cropped/10_Metas/20/16/20191020165000_00160.jpg,datasets_cloudmask/dataset_cropped/10_Metas/20/16/20191020165000_00160.png,277,714.7,61.8,19.5,955
10/20/2019 16:51,datasets/dataset_cropped/10_Metas/20/16/20191020165100_00160.jpg,datasets_flow/dataset_cropped/10_Metas/20/16/20191020165100_00160.jpg,datasets_cloudmask/dataset_cropped/10_Metas/20/16/20191020165100_00160.png,269.2,694.8,61.9,19.4,955
10/20/2019 16:52,datasets/dataset_cropped/10_Metas/20/16/20191020165200_00160.jpg,datasets_flow/dataset_cropped/10_Metas/20/16/20191020165200_00160.jpg,datasets_cloudmask/dataset_cropped/10_Metas/20/16/20191020165200_00160.png,262.2,681.4,61,19.4,955
10/20/2019 16:53,datasets/dataset_cropped/10_Metas/20/16/20191020165300_00160.jpg,datasets_flow/dataset_cropped/10_Metas/20/16/20191020165300_00160.jpg,datasets_cloudmask/dataset_cropped/10_Metas/20/16/20191020165300_00160.png,251.9,658.3,59.3,19.3,955
10/20/2019 16:54,datasets/dataset_cropped/10_Metas/20/16/20191020165400_00160.jpg,datasets_flow/dataset_cropped/10_Metas/20/16/20191020165400_00160.jpg,datasets_cloudmask/dataset_cropped/10_Metas/20/16/20191020165400_00160.png,246.3,646.8,59,19.3,955
10/20/2019 16:55,datasets/dataset_cropped/10_Metas/20/16/20191020165500_00160.jpg,datasets_flow/dataset_cropped/10_Metas/20/16/20191020165500_00160.jpg,datasets_cloudmask/dataset_cropped/10_Metas/20/16/20191020165500_00160.png,225.5,580.5,59,19.2,955
10/20/2019 16:56,datasets/dataset_cropped/10_Metas/20/16/20191020165600_00160.jpg,datasets_flow/dataset_cropped/10_Metas/20/16/20191020165600_00160.jpg,datasets_cloudmask/dataset_cropped/10_Metas/20/16/20191020165600_00160.png,232.8,610.1,59.4,19.2,955
10/20/2019 16:57,datasets/dataset_cropped/10_Metas/20/16/20191020165700_00160.jpg,datasets_flow/dataset_cropped/10_Metas/20/16/20191020165700_00160.jpg,datasets_cloudmask/dataset_cropped/10_Metas/20/16/20191020165700_00160.png,251.9,680.3,60.8,19.2,955
10/20/2019 16:58,datasets/dataset_cropped/10_Metas/20/16/20191020165800_00160.jpg,datasets_flow/dataset_cropped/10_Metas/20/16/20191020165800_00160.jpg,datasets_cloudmask/dataset_cropped/10_Metas/20/16/20191020165800_00160.png,250,675.8,62.2,19.2,955
10/20/2019 16:59,datasets/dataset_cropped/10_Metas/20/16/20191020165900_00160.jpg,datasets_flow/dataset_cropped/10_Metas/20/16/20191020165900_00160.jpg,datasets_cloudmask/dataset_cropped/10_Metas/20/16/20191020165900_00160.png,244.8,661.1,63.1,19,955
10/20/2019 17:00,datasets/dataset_cropped/10_Metas/20/17/20191020170000_00160.jpg,datasets_flow/dataset_cropped/10_Metas/20/17/20191020170000_00160.jpg,datasets_cloudmask/dataset_cropped/10_Metas/20/17/20191020170000_00160.png,180.7,431.8,63,19.1,955
10/20/2019 17:01,datasets/dataset_cropped/10_Metas/20/17/20191020170100_00160.jpg,datasets_flow/dataset_cropped/10_Metas/20/17/20191020170100_00160.jpg,datasets_cloudmask/dataset_cropped/10_Metas/20/17/20191020170100_00160.png,161.2,360.7,63.4,19.1,955
10/20/2019 17:02,datasets/dataset_cropped/10_Metas/20/17/20191020170200_00160.jpg,datasets_flow/dataset_cropped/10_Metas/20/17/20191020170200_00160.jpg,datasets_cloudmask/dataset_cropped/10_Metas/20/17/20191020170200_00160.png,164.4,372.4,64.6,19.1,955
10/20/2019 17:03,datasets/dataset_cropped/10_Metas/20/17/20191020170300_00160.jpg,datasets_flow/dataset_cropped/10_Metas/20/17/20191020170300_00160.jpg,datasets_cloudmask/dataset_cropped/10_Metas/20/17/20191020170300_00160.png,161.7,359.6,66.2,18.9,955
10/20/2019 17:04,datasets/dataset_cropped/10_Metas/20/17/20191020170400_00160.jpg,datasets_flow/dataset_cropped/10_Metas/20/17/20191020170400_00160.jpg,datasets_cloudmask/dataset_cropped/10_Metas/20/17/20191020170400_00160.png,132.1,245.8,67.3,18.6,955
10/20/2019 17:05,datasets/dataset_cropped/10_Metas/20/17/20191020170500_00160.jpg,datasets_flow/dataset_cropped/10_Metas/20/17/20191020170500_00160.jpg,datasets_cloudmask/dataset_cropped/10_Metas/20/17/20191020170500_00160.png,146.8,297.9,69.5,18.5,955
10/20/2019 17:06,datasets/dataset_cropped/10_Metas/20/17/20191020170600_00160.jpg,datasets_flow/dataset_cropped/10_Metas/20/17/20191020170600_00160.jpg,datasets_cloudmask/dataset_cropped/10_Metas/20/17/20191020170600_00160.png,149,297.7,72.7,18.5,955
10/20/2019 17:07,datasets/dataset_cropped/10_Metas/20/17/20191020170700_00160.jpg,datasets_flow/dataset_cropped/10_Metas/20/17/20191020170700_00160.jpg,datasets_cloudmask/dataset_cropped/10_Metas/20/17/20191020170700_00160.png,159.6,330.3,76.1,18.5,955
10/20/2019 17:08,datasets/dataset_cropped/10_Metas/20/17/20191020170800_00160.jpg,datasets_flow/dataset_cropped/10_Metas/20/17/20191020170800_00160.jpg,datasets_cloudmask/dataset_cropped/10_Metas/20/17/20191020170800_00160.png,173.1,375.8,79.3,18.4,955
10/20/2019 17:09,datasets/dataset_cropped/10_Metas/20/17/20191020170900_00160.jpg,datasets_flow/dataset_cropped/10_Metas/20/17/20191020170900_00160.jpg,datasets_cloudmask/dataset_cropped/10_Metas/20/17/20191020170900_00160.png,174.3,376,81.8,18.4,955
10/20/2019 17:10,datasets/dataset_cropped/10_Metas/20/17/20191020171000_00160.jpg,datasets_flow/dataset_cropped/10_Metas/20/17/20191020171000_00160.jpg,datasets_cloudmask/dataset_cropped/10_Metas/20/17/20191020171000_00160.png,212.4,525.6,84.9,18.4,955
10/20/2019 17:11,datasets/dataset_cropped/10_Metas/20/17/20191020171100_00160.jpg,datasets_flow/dataset_cropped/10_Metas/20/17/20191020171100_00160.jpg,datasets_cloudmask/dataset_cropped/10_Metas/20/17/20191020171100_00160.png,190.5,436,86.2,18.4,955
10/20/2019 17:12,datasets/dataset_cropped/10_Metas/20/17/20191020171200_00160.jpg,datasets_flow/dataset_cropped/10_Metas/20/17/20191020171200_00160.jpg,datasets_cloudmask/dataset_cropped/10_Metas/20/17/20191020171200_00160.png,226.2,590.9,86.9,18.4,955
10/20/2019 17:13,datasets/dataset_cropped/10_Metas/20/17/20191020171300_00160.jpg,datasets_flow/dataset_cropped/10_Metas/20/17/20191020171300_00160.jpg,datasets_cloudmask/dataset_cropped/10_Metas/20/17/20191020171300_00160.png,199.7,488.7,86.1,18.5,955
10/20/2019 17:14,datasets/dataset_cropped/10_Metas/20/17/20191020171400_00160.jpg,datasets_flow/dataset_cropped/10_Metas/20/17/20191020171400_00160.jpg,datasets_cloudmask/dataset_cropped/10_Metas/20/17/20191020171400_00160.png,178.7,410.5,84.4,18.5,955
10/20/2019 17:15,datasets/dataset_cropped/10_Metas/20/17/20191020171500_00160.jpg,datasets_flow/dataset_cropped/10_Metas/20/17/20191020171500_00160.jpg,datasets_cloudmask/dataset_cropped/10_Metas/20/17/20191020171500_00160.png,172,395.5,82.5,18.5,955
10/20/2019 17:16,datasets/dataset_cropped/10_Metas/20/17/20191020171600_00160.jpg,datasets_flow/dataset_cropped/10_Metas/20/17/20191020171600_00160.jpg,datasets_cloudmask/dataset_cropped/10_Metas/20/17/20191020171600_00160.png,167,388.1,80.2,18.5,955
10/20/2019 17:17,datasets/dataset_cropped/10_Metas/20/17/20191020171700_00160.jpg,datasets_flow/dataset_cropped/10_Metas/20/17/20191020171700_00160.jpg,datasets_cloudmask/dataset_cropped/10_Metas/20/17/20191020171700_00160.png,142.8,301.3,76.3,18.4,955
10/20/2019 17:18,datasets/dataset_cropped/10_Metas/20/17/20191020171800_00160.jpg,datasets_flow/dataset_cropped/10_Metas/20/17/20191020171800_00160.jpg,datasets_cloudmask/dataset_cropped/10_Metas/20/17/20191020171800_00160.png,128.6,254.4,73,18.4,956
10/20/2019 17:19,datasets/dataset_cropped/10_Metas/20/17/20191020171900_00160.jpg,datasets_flow/dataset_cropped/10_Metas/20/17/20191020171900_00160.jpg,datasets_cloudmask/dataset_cropped/10_Metas/20/17/20191020171900_00160.png,101.7,144.2,70.3,18.3,956
10/20/2019 17:20,datasets/dataset_cropped/10_Metas/20/17/20191020172000_00160.jpg,datasets_flow/dataset_cropped/10_Metas/20/17/20191020172000_00160.jpg,datasets_cloudmask/dataset_cropped/10_Metas/20/17/20191020172000_00160.png,98.9,140.3,68.8,18.2,956
10/20/2019 17:21,datasets/dataset_cropped/10_Metas/20/17/20191020172100_00160.jpg,datasets_flow/dataset_cropped/10_Metas/20/17/20191020172100_00160.jpg,datasets_cloudmask/dataset_cropped/10_Metas/20/17/20191020172100_00160.png,109.7,195.3,68.7,18.1,956
10/20/2019 17:22,datasets/dataset_cropped/10_Metas/20/17/20191020172200_00160.jpg,datasets_flow/dataset_cropped/10_Metas/20/17/20191020172200_00160.jpg,datasets_cloudmask/dataset_cropped/10_Metas/20/17/20191020172200_00160.png,120.3,247.3,69.2,18.1,956
10/20/2019 17:23,datasets/dataset_cropped/10_Metas/20/17/20191020172300_00160.jpg,datasets_flow/dataset_cropped/10_Metas/20/17/20191020172300_00160.jpg,datasets_cloudmask/dataset_cropped/10_Metas/20/17/20191020172300_00160.png,137.1,326.9,70.8,18.1,956
10/20/2019 17:24,datasets/dataset_cropped/10_Metas/20/17/20191020172400_00160.jpg,datasets_flow/dataset_cropped/10_Metas/20/17/20191020172400_00160.jpg,datasets_cloudmask/dataset_cropped/10_Metas/20/17/20191020172400_00160.png,132.8,304,72.2,18.1,956
10/20/2019 17:25,datasets/dataset_cropped/10_Metas/20/17/20191020172500_00160.jpg,datasets_flow/dataset_cropped/10_Metas/20/17/20191020172500_00160.jpg,datasets_cloudmask/dataset_cropped/10_Metas/20/17/20191020172500_00160.png,106.6,172.7,72.3,18.2,956
10/20/2019 17:26,datasets/dataset_cropped/10_Metas/20/17/20191020172600_00160.jpg,datasets_flow/dataset_cropped/10_Metas/20/17/20191020172600_00160.jpg,datasets_cloudmask/dataset_cropped/10_Metas/20/17/20191020172600_00160.png,102.9,155.7,72.7,18.1,956
10/20/2019 17:27,datasets/dataset_cropped/10_Metas/20/17/20191020172700_00160.jpg,datasets_flow/dataset_cropped/10_Metas/20/17/20191020172700_00160.jpg,datasets_cloudmask/dataset_cropped/10_Metas/20/17/20191020172700_00160.png,96.4,118.8,73.6,18.1,956
10/20/2019 17:28,datasets/dataset_cropped/10_Metas/20/17/20191020172800_00160.jpg,datasets_flow/dataset_cropped/10_Metas/20/17/20191020172800_00160.jpg,datasets_cloudmask/dataset_cropped/10_Metas/20/17/20191020172800_00160.png,103.3,159.4,73.3,18,956
10/20/2019 17:29,datasets/dataset_cropped/10_Metas/20/17/20191020172900_00160.jpg,datasets_flow/dataset_cropped/10_Metas/20/17/20191020172900_00160.jpg,datasets_cloudmask/dataset_cropped/10_Metas/20/17/20191020172900_00160.png,87.1,84.1,71.4,17.9,956
10/20/2019 17:30,datasets/dataset_cropped/10_Metas/20/17/20191020173000_00160.jpg,datasets_flow/dataset_cropped/10_Metas/20/17/20191020173000_00160.jpg,datasets_cloudmask/dataset_cropped/10_Metas/20/17/20191020173000_00160.png,85.6,87.7,69.7,17.9,956
10/20/2019 17:31,datasets/dataset_cropped/10_Metas/20/17/20191020173100_00160.jpg,datasets_flow/dataset_cropped/10_Metas/20/17/20191020173100_00160.jpg,datasets_cloudmask/dataset_cropped/10_Metas/20/17/20191020173100_00160.png,98.1,159,69.9,17.9,956
10/20/2019 17:32,datasets/dataset_cropped/10_Metas/20/17/20191020173200_00160.jpg,datasets_flow/dataset_cropped/10_Metas/20/17/20191020173200_00160.jpg,datasets_cloudmask/dataset_cropped/10_Metas/20/17/20191020173200_00160.png,92.4,119.6,71.5,17.9,956
10/20/2019 17:33,datasets/dataset_cropped/10_Metas/20/17/20191020173300_00160.jpg,datasets_flow/dataset_cropped/10_Metas/20/17/20191020173300_00160.jpg,datasets_cloudmask/dataset_cropped/10_Metas/20/17/20191020173300_00160.png,85.3,69.4,73.3,17.8,956
10/20/2019 17:34,datasets/dataset_cropped/10_Metas/20/17/20191020173400_00160.jpg,datasets_flow/dataset_cropped/10_Metas/20/17/20191020173400_00160.jpg,datasets_cloudmask/dataset_cropped/10_Metas/20/17/20191020173400_00160.png,91.6,98.7,75,17.8,956
10/20/2019 17:35,datasets/dataset_cropped/10_Metas/20/17/20191020173500_00160.jpg,datasets_flow/dataset_cropped/10_Metas/20/17/20191020173500_00160.jpg,datasets_cloudmask/dataset_cropped/10_Metas/20/17/20191020173500_00160.png,90.1,88.2,75.5,17.8,956
10/20/2019 17:36,datasets/dataset_cropped/10_Metas/20/17/20191020173600_00160.jpg,datasets_flow/dataset_cropped/10_Metas/20/17/20191020173600_00160.jpg,datasets_cloudmask/dataset_cropped/10_Metas/20/17/20191020173600_00160.png,90.2,97.4,74.6,17.8,956
10/20/2019 17:37,datasets/dataset_cropped/10_Metas/20/17/20191020173700_00160.jpg,datasets_flow/dataset_cropped/10_Metas/20/17/20191020173700_00160.jpg,datasets_cloudmask/dataset_cropped/10_Metas/20/17/20191020173700_00160.png,106.6,213.4,73.2,17.9,956
10/20/2019 17:38,datasets/dataset_cropped/10_Metas/20/17/20191020173800_00160.jpg,datasets_flow/dataset_cropped/10_Metas/20/17/20191020173800_00160.jpg,datasets_cloudmask/dataset_cropped/10_Metas/20/17/20191020173800_00160.png,106.8,229.9,71.4,17.9,956
10/20/2019 17:39,datasets/dataset_cropped/10_Metas/20/17/20191020173900_00160.jpg,datasets_flow/dataset_cropped/10_Metas/20/17/20191020173900_00160.jpg,datasets_cloudmask/dataset_cropped/10_Metas/20/17/20191020173900_00160.png,95.6,172.5,69.5,17.9,956
10/20/2019 17:40,datasets/dataset_cropped/10_Metas/20/17/20191020174000_00160.jpg,datasets_flow/dataset_cropped/10_Metas/20/17/20191020174000_00160.jpg,datasets_cloudmask/dataset_cropped/10_Metas/20/17/20191020174000_00160.png,90.6,153.5,68,18,956
10/20/2019 17:41,datasets/dataset_cropped/10_Metas/20/17/20191020174100_00160.jpg,datasets_flow/dataset_cropped/10_Metas/20/17/20191020174100_00160.jpg,datasets_cloudmask/dataset_cropped/10_Metas/20/17/20191020174100_00160.png,93.6,188.2,66.5,18,956
10/20/2019 17:42,datasets/dataset_cropped/10_Metas/20/17/20191020174200_00160.jpg,datasets_flow/dataset_cropped/10_Metas/20/17/20191020174200_00160.jpg,datasets_cloudmask/dataset_cropped/10_Metas/20/17/20191020174200_00160.png,114.6,350,65.4,17.9,956
10/20/2019 17:43,datasets/dataset_cropped/10_Metas/20/17/20191020174300_00160.jpg,datasets_flow/dataset_cropped/10_Metas/20/17/20191020174300_00160.jpg,datasets_cloudmask/dataset_cropped/10_Metas/20/17/20191020174300_00160.png,110.4,340.5,63.4,17.9,956
10/20/2019 17:44,datasets/dataset_cropped/10_Metas/20/17/20191020174400_00160.jpg,datasets_flow/dataset_cropped/10_Metas/20/17/20191020174400_00160.jpg,datasets_cloudmask/dataset_cropped/10_Metas/20/17/20191020174400_00160.png,92.2,234.5,60.6,18,956
10/20/2019 17:45,datasets/dataset_cropped/10_Metas/20/17/20191020174500_00160.jpg,datasets_flow/dataset_cropped/10_Metas/20/17/20191020174500_00160.jpg,datasets_cloudmask/dataset_cropped/10_Metas/20/17/20191020174500_00160.png,114,418.7,59,17.9,956
10/20/2019 17:46,datasets/dataset_cropped/10_Metas/20/17/20191020174600_00160.jpg,datasets_flow/dataset_cropped/10_Metas/20/17/20191020174600_00160.jpg,datasets_cloudmask/dataset_cropped/10_Metas/20/17/20191020174600_00160.png,97.7,314.5,57.3,18,956
10/20/2019 17:47,datasets/dataset_cropped/10_Metas/20/17/20191020174700_00160.jpg,datasets_flow/dataset_cropped/10_Metas/20/17/20191020174700_00160.jpg,datasets_cloudmask/dataset_cropped/10_Metas/20/17/20191020174700_00160.png,104.7,391.6,55.9,17.9,956
10/20/2019 17:48,datasets/dataset_cropped/10_Metas/20/17/20191020174800_00160.jpg,datasets_flow/dataset_cropped/10_Metas/20/17/20191020174800_00160.jpg,datasets_cloudmask/dataset_cropped/10_Metas/20/17/20191020174800_00160.png,108.8,446.9,54.5,17.9,956
10/20/2019 17:49,datasets/dataset_cropped/10_Metas/20/17/20191020174900_00160.jpg,datasets_flow/dataset_cropped/10_Metas/20/17/20191020174900_00160.jpg,datasets_cloudmask/dataset_cropped/10_Metas/20/17/20191020174900_00160.png,107.6,461.2,53.1,18,956
10/20/2019 17:50,datasets/dataset_cropped/10_Metas/20/17/20191020175000_00160.jpg,datasets_flow/dataset_cropped/10_Metas/20/17/20191020175000_00160.jpg,datasets_cloudmask/dataset_cropped/10_Metas/20/17/20191020175000_00160.png,103.2,448.3,51.7,18.1,956
10/20/2019 17:51,datasets/dataset_cropped/10_Metas/20/17/20191020175100_00160.jpg,datasets_flow/dataset_cropped/10_Metas/20/17/20191020175100_00160.jpg,datasets_cloudmask/dataset_cropped/10_Metas/20/17/20191020175100_00160.png,98.7,434.5,50.3,18.1,956
10/20/2019 17:52,datasets/dataset_cropped/10_Metas/20/17/20191020175200_00160.jpg,datasets_flow/dataset_cropped/10_Metas/20/17/20191020175200_00160.jpg,datasets_cloudmask/dataset_cropped/10_Metas/20/17/20191020175200_00160.png,95.2,426.6,49.1,18.1,956
10/20/2019 17:53,datasets/dataset_cropped/10_Metas/20/17/20191020175300_00160.jpg,datasets_flow/dataset_cropped/10_Metas/20/17/20191020175300_00160.jpg,datasets_cloudmask/dataset_cropped/10_Metas/20/17/20191020175300_00160.png,91.5,416.5,47.9,18.1,956
10/20/2019 17:54,datasets/dataset_cropped/10_Metas/20/17/20191020175400_00160.jpg,datasets_flow/dataset_cropped/10_Metas/20/17/20191020175400_00160.jpg,datasets_cloudmask/dataset_cropped/10_Metas/20/17/20191020175400_00160.png,88,406.7,46.7,18.1,956
10/20/2019 17:55,datasets/dataset_cropped/10_Metas/20/17/20191020175500_00160.jpg,datasets_flow/dataset_cropped/10_Metas/20/17/20191020175500_00160.jpg,datasets_cloudmask/dataset_cropped/10_Metas/20/17/20191020175500_00160.png,84.8,397.6,45.7,18.1,956
10/20/2019 17:56,datasets/dataset_cropped/10_Metas/20/17/20191020175600_00160.jpg,datasets_flow/dataset_cropped/10_Metas/20/17/20191020175600_00160.jpg,datasets_cloudmask/dataset_cropped/10_Metas/20/17/20191020175600_00160.png,81.6,387.9,44.7,18.1,956
10/20/2019 17:57,datasets/dataset_cropped/10_Metas/20/17/20191020175700_00160.jpg,datasets_flow/dataset_cropped/10_Metas/20/17/20191020175700_00160.jpg,datasets_cloudmask/dataset_cropped/10_Metas/20/17/20191020175700_00160.png,78.1,376.8,43.6,18.1,956
10/20/2019 17:58,datasets/dataset_cropped/10_Metas/20/17/20191020175800_00160.jpg,datasets_flow/dataset_cropped/10_Metas/20/17/20191020175800_00160.jpg,datasets_cloudmask/dataset_cropped/10_Metas/20/17/20191020175800_00160.png,74.6,367.6,42.1,18.1,956
10/20/2019 17:59,datasets/dataset_cropped/10_Metas/20/17/20191020175900_00160.jpg,datasets_flow/dataset_cropped/10_Metas/20/17/20191020175900_00160.jpg,datasets_cloudmask/dataset_cropped/10_Metas/20/17/20191020175900_00160.png,71.1,357.8,40.6,18.1,956
10/20/2019 18:00,datasets/dataset_cropped/10_Metas/20/18/20191020180000_00160.jpg,datasets_flow/dataset_cropped/10_Metas/20/18/20191020180000_00160.jpg,datasets_cloudmask/dataset_cropped/10_Metas/20/18/20191020180000_00160.png,67.7,351.2,39,18,956
10/20/2019 18:01,datasets/dataset_cropped/10_Metas/20/18/20191020180100_00160.jpg,datasets_flow/dataset_cropped/10_Metas/20/18/20191020180100_00160.jpg,datasets_cloudmask/dataset_cropped/10_Metas/20/18/20191020180100_00160.png,64.3,342.3,37.3,18,956
10/20/2019 18:02,datasets/dataset_cropped/10_Metas/20/18/20191020180200_00160.jpg,datasets_flow/dataset_cropped/10_Metas/20/18/20191020180200_00160.jpg,datasets_cloudmask/dataset_cropped/10_Metas/20/18/20191020180200_00160.png,60.8,331.6,35.7,17.9,956
10/20/2019 18:03,datasets/dataset_cropped/10_Metas/20/18/20191020180300_00160.jpg,datasets_flow/dataset_cropped/10_Metas/20/18/20191020180300_00160.jpg,datasets_cloudmask/dataset_cropped/10_Metas/20/18/20191020180300_00160.png,57.2,319.6,34,17.9,956
10/20/2019 18:04,datasets/dataset_cropped/10_Metas/20/18/20191020180400_00160.jpg,datasets_flow/dataset_cropped/10_Metas/20/18/20191020180400_00160.jpg,datasets_cloudmask/dataset_cropped/10_Metas/20/18/20191020180400_00160.png,53.6,308.3,32.2,17.9,956
10/20/2019 18:05,datasets/dataset_cropped/10_Metas/20/18/20191020180500_00160.jpg,datasets_flow/dataset_cropped/10_Metas/20/18/20191020180500_00160.jpg,datasets_cloudmask/dataset_cropped/10_Metas/20/18/20191020180500_00160.png,49.9,294.8,30.4,17.9,956
10/20/2019 18:06,datasets/dataset_cropped/10_Metas/20/18/20191020180600_00160.jpg,datasets_flow/dataset_cropped/10_Metas/20/18/20191020180600_00160.jpg,datasets_cloudmask/dataset_cropped/10_Metas/20/18/20191020180600_00160.png,46.1,280.9,28.4,17.9,956
10/20/2019 18:07,datasets/dataset_cropped/10_Metas/20/18/20191020180700_00160.jpg,datasets_flow/dataset_cropped/10_Metas/20/18/20191020180700_00160.jpg,datasets_cloudmask/dataset_cropped/10_Metas/20/18/20191020180700_00160.png,42.7,267.8,26.6,17.8,956
10/20/2019 18:08,datasets/dataset_cropped/10_Metas/20/18/20191020180800_00160.jpg,datasets_flow/dataset_cropped/10_Metas/20/18/20191020180800_00160.jpg,datasets_cloudmask/dataset_cropped/10_Metas/20/18/20191020180800_00160.png,39.4,252.6,25.1,17.7,956
10/20/2019 18:09,datasets/dataset_cropped/10_Metas/20/18/20191020180900_00160.jpg,datasets_flow/dataset_cropped/10_Metas/20/18/20191020180900_00160.jpg,datasets_cloudmask/dataset_cropped/10_Metas/20/18/20191020180900_00160.png,36,226.5,23.6,17.6,956
10/20/2019 18:10,datasets/dataset_cropped/10_Metas/20/18/20191020181000_00160.jpg,datasets_flow/dataset_cropped/10_Metas/20/18/20191020181000_00160.jpg,datasets_cloudmask/dataset_cropped/10_Metas/20/18/20191020181000_00160.png,31.9,189.6,22.2,17.6,956
10/20/2019 18:11,datasets/dataset_cropped/10_Metas/20/18/20191020181100_00160.jpg,datasets_flow/dataset_cropped/10_Metas/20/18/20191020181100_00160.jpg,datasets_cloudmask/dataset_cropped/10_Metas/20/18/20191020181100_00160.png,28.6,159.6,20.9,17.5,956
10/20/2019 18:12,datasets/dataset_cropped/10_Metas/20/18/20191020181200_00160.jpg,datasets_flow/dataset_cropped/10_Metas/20/18/20191020181200_00160.jpg,datasets_cloudmask/dataset_cropped/10_Metas/20/18/20191020181200_00160.png,28,185.5,19.7,17.4,956
10/20/2019 18:13,datasets/dataset_cropped/10_Metas/20/18/20191020181300_00160.jpg,datasets_flow/dataset_cropped/10_Metas/20/18/20191020181300_00160.jpg,datasets_cloudmask/dataset_cropped/10_Metas/20/18/20191020181300_00160.png,26.5,190.7,18.6,17.4,956
10/20/2019 18:14,datasets/dataset_cropped/10_Metas/20/18/20191020181400_00160.jpg,datasets_flow/dataset_cropped/10_Metas/20/18/20191020181400_00160.jpg,datasets_cloudmask/dataset_cropped/10_Metas/20/18/20191020181400_00160.png,23.9,171,17.3,17.4,956
10/20/2019 18:15,datasets/dataset_cropped/10_Metas/20/18/20191020181500_00160.jpg,datasets_flow/dataset_cropped/10_Metas/20/18/20191020181500_00160.jpg,datasets_cloudmask/dataset_cropped/10_Metas/20/18/20191020181500_00160.png,20.2,116.1,15.9,17.4,956
10/20/2019 18:16,datasets/dataset_cropped/10_Metas/20/18/20191020181600_00160.jpg,datasets_flow/dataset_cropped/10_Metas/20/18/20191020181600_00160.jpg,datasets_cloudmask/dataset_cropped/10_Metas/20/18/20191020181600_00160.png,17.9,97.2,14.6,17.4,956
10/20/2019 18:17,datasets/dataset_cropped/10_Metas/20/18/20191020181700_00160.jpg,datasets_flow/dataset_cropped/10_Metas/20/18/20191020181700_00160.jpg,datasets_cloudmask/dataset_cropped/10_Metas/20/18/20191020181700_00160.png,16.8,116.3,13.3,17.2,956
10/20/2019 18:18,datasets/dataset_cropped/10_Metas/20/18/20191020181800_00160.jpg,datasets_flow/dataset_cropped/10_Metas/20/18/20191020181800_00160.jpg,datasets_cloudmask/dataset_cropped/10_Metas/20/18/20191020181800_00160.png,14.4,85.2,11.9,17.1,956
10/20/2019 18:19,datasets/dataset_cropped/10_Metas/20/18/20191020181900_00160.jpg,datasets_flow/dataset_cropped/10_Metas/20/18/20191020181900_00160.jpg,datasets_cloudmask/dataset_cropped/10_Metas/20/18/20191020181900_00160.png,11.5,26.5,10.7,17.1,956
10/20/2019 18:20,datasets/dataset_cropped/10_Metas/20/18/20191020182000_00160.jpg,datasets_flow/dataset_cropped/10_Metas/20/18/20191020182000_00160.jpg,datasets_cloudmask/dataset_cropped/10_Metas/20/18/20191020182000_00160.png,9.7,0.5,9.5,17.1,956
10/20/2019 18:21,datasets/dataset_cropped/10_Metas/20/18/20191020182100_00160.jpg,datasets_flow/dataset_cropped/10_Metas/20/18/20191020182100_00160.jpg,datasets_cloudmask/dataset_cropped/10_Metas/20/18/20191020182100_00160.png,8.5,0,8.4,17,956
10/20/2019 18:22,datasets/dataset_cropped/10_Metas/20/18/20191020182200_00160.jpg,datasets_flow/dataset_cropped/10_Metas/20/18/20191020182200_00160.jpg,datasets_cloudmask/dataset_cropped/10_Metas/20/18/20191020182200_00160.png,7.6,0,7.4,17,956
10/20/2019 18:23,datasets/dataset_cropped/10_Metas/20/18/20191020182300_00160.jpg,datasets_flow/dataset_cropped/10_Metas/20/18/20191020182300_00160.jpg,datasets_cloudmask/dataset_cropped/10_Metas/20/18/20191020182300_00160.png,6.6,0,6.4,16.9,956
10/20/2019 18:24,datasets/dataset_cropped/10_Metas/20/18/20191020182400_00160.jpg,datasets_flow/dataset_cropped/10_Metas/20/18/20191020182400_00160.jpg,datasets_cloudmask/dataset_cropped/10_Metas/20/18/20191020182400_00160.png,5.7,0,5.5,16.9,956
10/20/2019 18:25,datasets/dataset_cropped/10_Metas/20/18/20191020182500_00160.jpg,datasets_flow/dataset_cropped/10_Metas/20/18/20191020182500_00160.jpg,datasets_cloudmask/dataset_cropped/10_Metas/20/18/20191020182500_00160.png,4.9,0,4.7,16.8,956
10/21/2019 7:24,datasets/dataset_cropped/10_Metas/21/07/20191021072400_00160.jpg,datasets_flow/dataset_cropped/10_Metas/21/07/20191021072400_00160.jpg,datasets_cloudmask/dataset_cropped/10_Metas/21/07/20191021072400_00160.png,3,0,2.8,8.7,960
10/21/2019 7:25,datasets/dataset_cropped/10_Metas/21/07/20191021072500_00160.jpg,datasets_flow/dataset_cropped/10_Metas/21/07/20191021072500_00160.jpg,datasets_cloudmask/dataset_cropped/10_Metas/21/07/20191021072500_00160.png,3.4,0,3.2,8.6,960
10/21/2019 7:26,datasets/dataset_cropped/10_Metas/21/07/20191021072600_00160.jpg,datasets_flow/dataset_cropped/10_Metas/21/07/20191021072600_00160.jpg,datasets_cloudmask/dataset_cropped/10_Metas/21/07/20191021072600_00160.png,4,0,3.7,8.3,960
10/21/2019 7:27,datasets/dataset_cropped/10_Metas/21/07/20191021072700_00160.jpg,datasets_flow/dataset_cropped/10_Metas/21/07/20191021072700_00160.jpg,datasets_cloudmask/dataset_cropped/10_Metas/21/07/20191021072700_00160.png,4.6,0,4.5,8.3,960
10/21/2019 7:28,datasets/dataset_cropped/10_Metas/21/07/20191021072800_00160.jpg,datasets_flow/dataset_cropped/10_Metas/21/07/20191021072800_00160.jpg,datasets_cloudmask/dataset_cropped/10_Metas/21/07/20191021072800_00160.png,5.2,0,5.1,8.3,960
10/21/2019 7:29,datasets/dataset_cropped/10_Metas/21/07/20191021072900_00160.jpg,datasets_flow/dataset_cropped/10_Metas/21/07/20191021072900_00160.jpg,datasets_cloudmask/dataset_cropped/10_Metas/21/07/20191021072900_00160.png,5.7,0,5.7,8.1,960
10/21/2019 7:30,datasets/dataset_cropped/10_Metas/21/07/20191021073000_00160.jpg,datasets_flow/dataset_cropped/10_Metas/21/07/20191021073000_00160.jpg,datasets_cloudmask/dataset_cropped/10_Metas/21/07/20191021073000_00160.png,6.2,0,6.2,8.1,960
10/21/2019 7:31,datasets/dataset_cropped/10_Metas/21/07/20191021073100_00160.jpg,datasets_flow/dataset_cropped/10_Metas/21/07/20191021073100_00160.jpg,datasets_cloudmask/dataset_cropped/10_Metas/21/07/20191021073100_00160.png,6.9,0,7,8.1,960
10/21/2019 7:32,datasets/dataset_cropped/10_Metas/21/07/20191021073200_00160.jpg,datasets_flow/dataset_cropped/10_Metas/21/07/20191021073200_00160.jpg,datasets_cloudmask/dataset_cropped/10_Metas/21/07/20191021073200_00160.png,7.5,0,7.6,8.2,960
10/21/2019 7:33,datasets/dataset_cropped/10_Metas/21/07/20191021073300_00160.jpg,datasets_flow/dataset_cropped/10_Metas/21/07/20191021073300_00160.jpg,datasets_cloudmask/dataset_cropped/10_Metas/21/07/20191021073300_00160.png,8.1,0,8.2,8.2,960
10/21/2019 7:34,datasets/dataset_cropped/10_Metas/21/07/20191021073400_00160.jpg,datasets_flow/dataset_cropped/10_Metas/21/07/20191021073400_00160.jpg,datasets_cloudmask/dataset_cropped/10_Metas/21/07/20191021073400_00160.png,8.6,0,8.7,8.2,960
10/21/2019 7:35,datasets/dataset_cropped/10_Metas/21/07/20191021073500_00160.jpg,datasets_flow/dataset_cropped/10_Metas/21/07/20191021073500_00160.jpg,datasets_cloudmask/dataset_cropped/10_Metas/21/07/20191021073500_00160.png,9.2,0,9.2,8.1,960
10/21/2019 7:36,datasets/dataset_cropped/10_Metas/21/07/20191021073600_00160.jpg,datasets_flow/dataset_cropped/10_Metas/21/07/20191021073600_00160.jpg,datasets_cloudmask/dataset_cropped/10_Metas/21/07/20191021073600_00160.png,9.8,0,9.7,8.2,960
10/21/2019 7:37,datasets/dataset_cropped/10_Metas/21/07/20191021073700_00160.jpg,datasets_flow/dataset_cropped/10_Metas/21/07/20191021073700_00160.jpg,datasets_cloudmask/dataset_cropped/10_Metas/21/07/20191021073700_00160.png,10.5,0,10.5,8.2,960
10/21/2019 7:38,datasets/dataset_cropped/10_Metas/21/07/20191021073800_00160.jpg,datasets_flow/dataset_cropped/10_Metas/21/07/20191021073800_00160.jpg,datasets_cloudmask/dataset_cropped/10_Metas/21/07/20191021073800_00160.png,11.3,0,11.3,8.2,960
10/21/2019 7:39,datasets/dataset_cropped/10_Metas/21/07/20191021073900_00160.jpg,datasets_flow/dataset_cropped/10_Metas/21/07/20191021073900_00160.jpg,datasets_cloudmask/dataset_cropped/10_Metas/21/07/20191021073900_00160.png,12.1,0,12.1,8.1,960
10/21/2019 7:40,datasets/dataset_cropped/10_Metas/21/07/20191021074000_00160.jpg,datasets_flow/dataset_cropped/10_Metas/21/07/20191021074000_00160.jpg,datasets_cloudmask/dataset_cropped/10_Metas/21/07/20191021074000_00160.png,13,0,12.9,8.1,960
10/21/2019 7:41,datasets/dataset_cropped/10_Metas/21/07/20191021074100_00160.jpg,datasets_flow/dataset_cropped/10_Metas/21/07/20191021074100_00160.jpg,datasets_cloudmask/dataset_cropped/10_Metas/21/07/20191021074100_00160.png,14,0,14,8.1,960
10/21/2019 7:42,datasets/dataset_cropped/10_Metas/21/07/20191021074200_00160.jpg,datasets_flow/dataset_cropped/10_Metas/21/07/20191021074200_00160.jpg,datasets_cloudmask/dataset_cropped/10_Metas/21/07/20191021074200_00160.png,15.2,0,15.2,8.3,960
10/21/2019 7:43,datasets/dataset_cropped/10_Metas/21/07/20191021074300_00160.jpg,datasets_flow/dataset_cropped/10_Metas/21/07/20191021074300_00160.jpg,datasets_cloudmask/dataset_cropped/10_Metas/21/07/20191021074300_00160.png,16,0,16,8.4,960
10/21/2019 7:44,datasets/dataset_cropped/10_Metas/21/07/20191021074400_00160.jpg,datasets_flow/dataset_cropped/10_Metas/21/07/20191021074400_00160.jpg,datasets_cloudmask/dataset_cropped/10_Metas/21/07/20191021074400_00160.png,16.7,0,16.8,8.6,960
10/21/2019 7:45,datasets/dataset_cropped/10_Metas/21/07/20191021074500_00160.jpg,datasets_flow/dataset_cropped/10_Metas/21/07/20191021074500_00160.jpg,datasets_cloudmask/dataset_cropped/10_Metas/21/07/20191021074500_00160.png,17.2,0,17.4,8.8,960
10/21/2019 7:46,datasets/dataset_cropped/10_Metas/21/07/20191021074600_00160.jpg,datasets_flow/dataset_cropped/10_Metas/21/07/20191021074600_00160.jpg,datasets_cloudmask/dataset_cropped/10_Metas/21/07/20191021074600_00160.png,17.4,0,17.6,8.9,960
10/21/2019 7:47,datasets/dataset_cropped/10_Metas/21/07/20191021074700_00160.jpg,datasets_flow/dataset_cropped/10_Metas/21/07/20191021074700_00160.jpg,datasets_cloudmask/dataset_cropped/10_Metas/21/07/20191021074700_00160.png,17.2,0,17.3,9.1,960
10/21/2019 7:48,datasets/dataset_cropped/10_Metas/21/07/20191021074800_00160.jpg,datasets_flow/dataset_cropped/10_Metas/21/07/20191021074800_00160.jpg,datasets_cloudmask/dataset_cropped/10_Metas/21/07/20191021074800_00160.png,17.5,0,17.5,9.2,960
10/21/2019 7:49,datasets/dataset_cropped/10_Metas/21/07/20191021074900_00160.jpg,datasets_flow/dataset_cropped/10_Metas/21/07/20191021074900_00160.jpg,datasets_cloudmask/dataset_cropped/10_Metas/21/07/20191021074900_00160.png,17.8,0,18,9.3,960
10/21/2019 7:50,datasets/dataset_cropped/10_Metas/21/07/20191021075000_00160.jpg,datasets_flow/dataset_cropped/10_Metas/21/07/20191021075000_00160.jpg,datasets_cloudmask/dataset_cropped/10_Metas/21/07/20191021075000_00160.png,18.3,0,18.4,9.4,960
10/21/2019 7:51,datasets/dataset_cropped/10_Metas/21/07/20191021075100_00160.jpg,datasets_flow/dataset_cropped/10_Metas/21/07/20191021075100_00160.jpg,datasets_cloudmask/dataset_cropped/10_Metas/21/07/20191021075100_00160.png,19.1,0.1,19.3,9.4,960
10/21/2019 7:52,datasets/dataset_cropped/10_Metas/21/07/20191021075200_00160.jpg,datasets_flow/dataset_cropped/10_Metas/21/07/20191021075200_00160.jpg,datasets_cloudmask/dataset_cropped/10_Metas/21/07/20191021075200_00160.png,20,0.3,20.3,9.4,960
10/21/2019 7:53,datasets/dataset_cropped/10_Metas/21/07/20191021075300_00160.jpg,datasets_flow/dataset_cropped/10_Metas/21/07/20191021075300_00160.jpg,datasets_cloudmask/dataset_cropped/10_Metas/21/07/20191021075300_00160.png,20.8,0.8,20.9,9.5,960
10/21/2019 7:54,datasets/dataset_cropped/10_Metas/21/07/20191021075400_00160.jpg,datasets_flow/dataset_cropped/10_Metas/21/07/20191021075400_00160.jpg,datasets_cloudmask/dataset_cropped/10_Metas/21/07/20191021075400_00160.png,22.7,2.8,22.4,9.5,960
10/21/2019 7:55,datasets/dataset_cropped/10_Metas/21/07/20191021075500_00160.jpg,datasets_flow/dataset_cropped/10_Metas/21/07/20191021075500_00160.jpg,datasets_cloudmask/dataset_cropped/10_Metas/21/07/20191021075500_00160.png,24.7,2.7,24.4,9.5,960
10/21/2019 7:56,datasets/dataset_cropped/10_Metas/21/07/20191021075600_00160.jpg,datasets_flow/dataset_cropped/10_Metas/21/07/20191021075600_00160.jpg,datasets_cloudmask/dataset_cropped/10_Metas/21/07/20191021075600_00160.png,28.8,17.9,26.8,9.5,960
10/21/2019 7:57,datasets/dataset_cropped/10_Metas/21/07/20191021075700_00160.jpg,datasets_flow/dataset_cropped/10_Metas/21/07/20191021075700_00160.jpg,datasets_cloudmask/dataset_cropped/10_Metas/21/07/20191021075700_00160.png,54.8,237,29.7,9.6,960
10/21/2019 7:58,datasets/dataset_cropped/10_Metas/21/07/20191021075800_00160.jpg,datasets_flow/dataset_cropped/10_Metas/21/07/20191021075800_00160.jpg,datasets_cloudmask/dataset_cropped/10_Metas/21/07/20191021075800_00160.png,69.7,356.4,31.1,9.7,960
10/21/2019 7:59,datasets/dataset_cropped/10_Metas/21/07/20191021075900_00160.jpg,datasets_flow/dataset_cropped/10_Metas/21/07/20191021075900_00160.jpg,datasets_cloudmask/dataset_cropped/10_Metas/21/07/20191021075900_00160.png,75.3,392.2,31.7,9.8,960
10/21/2019 8:00,datasets/dataset_cropped/10_Metas/21/08/20191021080000_00160.jpg,datasets_flow/dataset_cropped/10_Metas/21/08/20191021080000_00160.jpg,datasets_cloudmask/dataset_cropped/10_Metas/21/08/20191021080000_00160.png,78.7,405.9,32.1,9.9,960
10/21/2019 8:01,datasets/dataset_cropped/10_Metas/21/08/20191021080100_00160.jpg,datasets_flow/dataset_cropped/10_Metas/21/08/20191021080100_00160.jpg,datasets_cloudmask/dataset_cropped/10_Metas/21/08/20191021080100_00160.png,80.2,400.4,33,9.9,960
10/21/2019 8:02,datasets/dataset_cropped/10_Metas/21/08/20191021080200_00160.jpg,datasets_flow/dataset_cropped/10_Metas/21/08/20191021080200_00160.jpg,datasets_cloudmask/dataset_cropped/10_Metas/21/08/20191021080200_00160.png,72,315.6,33.7,9.9,960
10/21/2019 8:03,datasets/dataset_cropped/10_Metas/21/08/20191021080300_00160.jpg,datasets_flow/dataset_cropped/10_Metas/21/08/20191021080300_00160.jpg,datasets_cloudmask/dataset_cropped/10_Metas/21/08/20191021080300_00160.png,81.7,378.1,34.8,9.9,960
10/21/2019 8:04,datasets/dataset_cropped/10_Metas/21/08/20191021080400_00160.jpg,datasets_flow/dataset_cropped/10_Metas/21/08/20191021080400_00160.jpg,datasets_cloudmask/dataset_cropped/10_Metas/21/08/20191021080400_00160.png,90,429.6,35.5,9.9,960
10/21/2019 8:05,datasets/dataset_cropped/10_Metas/21/08/20191021080500_00160.jpg,datasets_flow/dataset_cropped/10_Metas/21/08/20191021080500_00160.jpg,datasets_cloudmask/dataset_cropped/10_Metas/21/08/20191021080500_00160.png,92.9,440.3,35.8,9.9,960
10/21/2019 8:06,datasets/dataset_cropped/10_Metas/21/08/20191021080600_00160.jpg,datasets_flow/dataset_cropped/10_Metas/21/08/20191021080600_00160.jpg,datasets_cloudmask/dataset_cropped/10_Metas/21/08/20191021080600_00160.png,71.8,267.6,36.5,9.9,960
10/21/2019 8:07,datasets/dataset_cropped/10_Metas/21/08/20191021080700_00160.jpg,datasets_flow/dataset_cropped/10_Metas/21/08/20191021080700_00160.jpg,datasets_cloudmask/dataset_cropped/10_Metas/21/08/20191021080700_00160.png,91.5,386.1,38.9,10,960
10/21/2019 8:08,datasets/dataset_cropped/10_Metas/21/08/20191021080800_00160.jpg,datasets_flow/dataset_cropped/10_Metas/21/08/20191021080800_00160.jpg,datasets_cloudmask/dataset_cropped/10_Metas/21/08/20191021080800_00160.png,105.6,464.4,40.9,10,960
10/21/2019 8:09,datasets/dataset_cropped/10_Metas/21/08/20191021080904_00160.jpg,datasets_flow/dataset_cropped/10_Metas/21/08/20191021080904_00160.jpg,datasets_cloudmask/dataset_cropped/10_Metas/21/08/20191021080904_00160.png,80.9,275.5,42.1,10.1,960
10/21/2019 8:10,datasets/dataset_cropped/10_Metas/21/08/20191021081000_00160.jpg,datasets_flow/dataset_cropped/10_Metas/21/08/20191021081000_00160.jpg,datasets_cloudmask/dataset_cropped/10_Metas/21/08/20191021081000_00160.png,103.4,407.6,43.9,10.2,960
10/21/2019 8:11,datasets/dataset_cropped/10_Metas/21/08/20191021081100_00160.jpg,datasets_flow/dataset_cropped/10_Metas/21/08/20191021081100_00160.jpg,datasets_cloudmask/dataset_cropped/10_Metas/21/08/20191021081100_00160.png,116.1,487.9,43.3,10.3,960
10/21/2019 8:12,datasets/dataset_cropped/10_Metas/21/08/20191021081200_00160.jpg,datasets_flow/dataset_cropped/10_Metas/21/08/20191021081200_00160.jpg,datasets_cloudmask/dataset_cropped/10_Metas/21/08/20191021081200_00160.png,115.7,480.3,42.7,10.4,960
10/21/2019 8:13,datasets/dataset_cropped/10_Metas/21/08/20191021081300_00160.jpg,datasets_flow/dataset_cropped/10_Metas/21/08/20191021081300_00160.jpg,datasets_cloudmask/dataset_cropped/10_Metas/21/08/20191021081300_00160.png,118.3,486,42.9,10.4,960
10/21/2019 8:14,datasets/dataset_cropped/10_Metas/21/08/20191021081400_00160.jpg,datasets_flow/dataset_cropped/10_Metas/21/08/20191021081400_00160.jpg,datasets_cloudmask/dataset_cropped/10_Metas/21/08/20191021081400_00160.png,124,509.2,43.4,10.6,960
10/21/2019 8:15,datasets/dataset_cropped/10_Metas/21/08/20191021081500_00160.jpg,datasets_flow/dataset_cropped/10_Metas/21/08/20191021081500_00160.jpg,datasets_cloudmask/dataset_cropped/10_Metas/21/08/20191021081500_00160.png,125,504.1,43.5,10.6,960
10/21/2019 8:16,datasets/dataset_cropped/10_Metas/21/08/20191021081600_00160.jpg,datasets_flow/dataset_cropped/10_Metas/21/08/20191021081600_00160.jpg,datasets_cloudmask/dataset_cropped/10_Metas/21/08/20191021081600_00160.png,124.7,492.1,43.6,10.7,960
10/21/2019 8:17,datasets/dataset_cropped/10_Metas/21/08/20191021081700_00160.jpg,datasets_flow/dataset_cropped/10_Metas/21/08/20191021081700_00160.jpg,datasets_cloudmask/dataset_cropped/10_Metas/21/08/20191021081700_00160.png,132.2,525.8,44,10.8,960
10/21/2019 8:18,datasets/dataset_cropped/10_Metas/21/08/20191021081800_00160.jpg,datasets_flow/dataset_cropped/10_Metas/21/08/20191021081800_00160.jpg,datasets_cloudmask/dataset_cropped/10_Metas/21/08/20191021081800_00160.png,134.2,527.1,44.3,10.9,960
10/21/2019 8:19,datasets/dataset_cropped/10_Metas/21/08/20191021081900_00160.jpg,datasets_flow/dataset_cropped/10_Metas/21/08/20191021081900_00160.jpg,datasets_cloudmask/dataset_cropped/10_Metas/21/08/20191021081900_00160.png,138.1,535,45.1,11,960
10/21/2019 8:20,datasets/dataset_cropped/10_Metas/21/08/20191021082000_00160.jpg,datasets_flow/dataset_cropped/10_Metas/21/08/20191021082000_00160.jpg,datasets_cloudmask/dataset_cropped/10_Metas/21/08/20191021082000_00160.png,139.9,534.1,45.3,11.1,960
10/21/2019 8:21,datasets/dataset_cropped/10_Metas/21/08/20191021082100_00160.jpg,datasets_flow/dataset_cropped/10_Metas/21/08/20191021082100_00160.jpg,datasets_cloudmask/dataset_cropped/10_Metas/21/08/20191021082100_00160.png,141.3,531.4,45.6,11.2,960
10/21/2019 8:22,datasets/dataset_cropped/10_Metas/21/08/20191021082200_00160.jpg,datasets_flow/dataset_cropped/10_Metas/21/08/20191021082200_00160.jpg,datasets_cloudmask/dataset_cropped/10_Metas/21/08/20191021082200_00160.png,140.4,514.7,46.1,11.3,960
10/21/2019 8:23,datasets/dataset_cropped/10_Metas/21/08/20191021082300_00160.jpg,datasets_flow/dataset_cropped/10_Metas/21/08/20191021082300_00160.jpg,datasets_cloudmask/dataset_cropped/10_Metas/21/08/20191021082300_00160.png,136.1,479.1,46.8,11.4,960
10/21/2019 8:24,datasets/dataset_cropped/10_Metas/21/08/20191021082400_00160.jpg,datasets_flow/dataset_cropped/10_Metas/21/08/20191021082400_00160.jpg,datasets_cloudmask/dataset_cropped/10_Metas/21/08/20191021082400_00160.png,150,537.6,47.9,11.5,960
10/21/2019 8:25,datasets/dataset_cropped/10_Metas/21/08/20191021082500_00160.jpg,datasets_flow/dataset_cropped/10_Metas/21/08/20191021082500_00160.jpg,datasets_cloudmask/dataset_cropped/10_Metas/21/08/20191021082500_00160.png,158.9,564.7,49.9,11.4,960
10/21/2019 8:26,datasets/dataset_cropped/10_Metas/21/08/20191021082600_00160.jpg,datasets_flow/dataset_cropped/10_Metas/21/08/20191021082600_00160.jpg,datasets_cloudmask/dataset_cropped/10_Metas/21/08/20191021082600_00160.png,163.1,566.9,51.9,11.4,960
10/21/2019 8:27,datasets/dataset_cropped/10_Metas/21/08/20191021082700_00160.jpg,datasets_flow/dataset_cropped/10_Metas/21/08/20191021082700_00160.jpg,datasets_cloudmask/dataset_cropped/10_Metas/21/08/20191021082700_00160.png,164.3,553.2,54.1,11.5,960
10/21/2019 8:28,datasets/dataset_cropped/10_Metas/21/08/20191021082800_00160.jpg,datasets_flow/dataset_cropped/10_Metas/21/08/20191021082800_00160.jpg,datasets_cloudmask/dataset_cropped/10_Metas/21/08/20191021082800_00160.png,171.2,562.7,57.3,11.6,960
10/21/2019 8:29,datasets/dataset_cropped/10_Metas/21/08/20191021082900_00160.jpg,datasets_flow/dataset_cropped/10_Metas/21/08/20191021082900_00160.jpg,datasets_cloudmask/dataset_cropped/10_Metas/21/08/20191021082900_00160.png,176.3,559.2,61.4,11.7,960
10/21/2019 8:30,datasets/dataset_cropped/10_Metas/21/08/20191021083000_00160.jpg,datasets_flow/dataset_cropped/10_Metas/21/08/20191021083000_00160.jpg,datasets_cloudmask/dataset_cropped/10_Metas/21/08/20191021083000_00160.png,183.4,568.7,64.7,11.8,960
10/21/2019 8:31,datasets/dataset_cropped/10_Metas/21/08/20191021083100_00160.jpg,datasets_flow/dataset_cropped/10_Metas/21/08/20191021083100_00160.jpg,datasets_cloudmask/dataset_cropped/10_Metas/21/08/20191021083100_00160.png,192.6,597,66.2,11.8,960
10/21/2019 8:32,datasets/dataset_cropped/10_Metas/21/08/20191021083200_00160.jpg,datasets_flow/dataset_cropped/10_Metas/21/08/20191021083200_00160.jpg,datasets_cloudmask/dataset_cropped/10_Metas/21/08/20191021083200_00160.png,192.6,593,65.3,11.8,960
10/21/2019 8:33,datasets/dataset_cropped/10_Metas/21/08/20191021083300_00160.jpg,datasets_flow/dataset_cropped/10_Metas/21/08/20191021083300_00160.jpg,datasets_cloudmask/dataset_cropped/10_Metas/21/08/20191021083300_00160.png,192.4,598.6,62,11.9,960
10/21/2019 8:34,datasets/dataset_cropped/10_Metas/21/08/20191021083400_00160.jpg,datasets_flow/dataset_cropped/10_Metas/21/08/20191021083400_00160.jpg,datasets_cloudmask/dataset_cropped/10_Metas/21/08/20191021083400_00160.png,195.6,610.8,60.5,12,960
10/21/2019 8:35,datasets/dataset_cropped/10_Metas/21/08/20191021083500_00160.jpg,datasets_flow/dataset_cropped/10_Metas/21/08/20191021083500_00160.jpg,datasets_cloudmask/dataset_cropped/10_Metas/21/08/20191021083500_00160.png,198.1,616.1,59.9,12.1,960
10/21/2019 8:36,datasets/dataset_cropped/10_Metas/21/08/20191021083600_00160.jpg,datasets_flow/dataset_cropped/10_Metas/21/08/20191021083600_00160.jpg,datasets_cloudmask/dataset_cropped/10_Metas/21/08/20191021083600_00160.png,162.7,470.1,56.2,12.2,960
10/21/2019 8:37,datasets/dataset_cropped/10_Metas/21/08/20191021083700_00160.jpg,datasets_flow/dataset_cropped/10_Metas/21/08/20191021083700_00160.jpg,datasets_cloudmask/dataset_cropped/10_Metas/21/08/20191021083700_00160.png,175.4,512,57.3,12.4,960
10/21/2019 8:38,datasets/dataset_cropped/10_Metas/21/08/20191021083800_00160.jpg,datasets_flow/dataset_cropped/10_Metas/21/08/20191021083800_00160.jpg,datasets_cloudmask/dataset_cropped/10_Metas/21/08/20191021083800_00160.png,204.3,624.5,58,12.5,960
10/21/2019 8:39,datasets/dataset_cropped/10_Metas/21/08/20191021083900_00160.jpg,datasets_flow/dataset_cropped/10_Metas/21/08/20191021083900_00160.jpg,datasets_cloudmask/dataset_cropped/10_Metas/21/08/20191021083900_00160.png,197.2,586.3,58.4,12.6,960
10/21/2019 8:40,datasets/dataset_cropped/10_Metas/21/08/20191021084000_00160.jpg,datasets_flow/dataset_cropped/10_Metas/21/08/20191021084000_00160.jpg,datasets_cloudmask/dataset_cropped/10_Metas/21/08/20191021084000_00160.png,80.6,99.6,57.2,12.6,960
10/21/2019 8:41,datasets/dataset_cropped/10_Metas/21/08/20191021084100_00160.jpg,datasets_flow/dataset_cropped/10_Metas/21/08/20191021084100_00160.jpg,datasets_cloudmask/dataset_cropped/10_Metas/21/08/20191021084100_00160.png,88.3,124.3,58.3,12.7,960
10/21/2019 8:42,datasets/dataset_cropped/10_Metas/21/08/20191021084200_00160.jpg,datasets_flow/dataset_cropped/10_Metas/21/08/20191021084200_00160.jpg,datasets_cloudmask/dataset_cropped/10_Metas/21/08/20191021084200_00160.png,195.7,543.4,61.7,12.6,960
10/21/2019 8:43,datasets/dataset_cropped/10_Metas/21/08/20191021084300_00160.jpg,datasets_flow/dataset_cropped/10_Metas/21/08/20191021084300_00160.jpg,datasets_cloudmask/dataset_cropped/10_Metas/21/08/20191021084300_00160.png,223.4,642,63.3,12.6,960
10/21/2019 8:44,datasets/dataset_cropped/10_Metas/21/08/20191021084400_00160.jpg,datasets_flow/dataset_cropped/10_Metas/21/08/20191021084400_00160.jpg,datasets_cloudmask/dataset_cropped/10_Metas/21/08/20191021084400_00160.png,151.1,355.1,61.8,12.7,960
10/21/2019 8:45,datasets/dataset_cropped/10_Metas/21/08/20191021084500_00160.jpg,datasets_flow/dataset_cropped/10_Metas/21/08/20191021084500_00160.jpg,datasets_cloudmask/dataset_cropped/10_Metas/21/08/20191021084500_00160.png,160.3,383.6,62.6,12.8,960
10/21/2019 8:46,datasets/dataset_cropped/10_Metas/21/08/20191021084600_00160.jpg,datasets_flow/dataset_cropped/10_Metas/21/08/20191021084600_00160.jpg,datasets_cloudmask/dataset_cropped/10_Metas/21/08/20191021084600_00160.png,235.3,654.5,66.2,12.8,960
10/21/2019 8:47,datasets/dataset_cropped/10_Metas/21/08/20191021084700_00160.jpg,datasets_flow/dataset_cropped/10_Metas/21/08/20191021084700_00160.jpg,datasets_cloudmask/dataset_cropped/10_Metas/21/08/20191021084700_00160.png,210.6,543.4,68.7,12.9,960
10/21/2019 8:48,datasets/dataset_cropped/10_Metas/21/08/20191021084800_00160.jpg,datasets_flow/dataset_cropped/10_Metas/21/08/20191021084800_00160.jpg,datasets_cloudmask/dataset_cropped/10_Metas/21/08/20191021084800_00160.png,191.8,462.7,69.4,13,960
10/21/2019 8:49,datasets/dataset_cropped/10_Metas/21/08/20191021084900_00160.jpg,datasets_flow/dataset_cropped/10_Metas/21/08/20191021084900_00160.jpg,datasets_cloudmask/dataset_cropped/10_Metas/21/08/20191021084900_00160.png,247.4,660.8,71.2,13,960
10/21/2019 8:50,datasets/dataset_cropped/10_Metas/21/08/20191021085000_00160.jpg,datasets_flow/dataset_cropped/10_Metas/21/08/20191021085000_00160.jpg,datasets_cloudmask/dataset_cropped/10_Metas/21/08/20191021085000_00160.png,249.5,660.8,71.2,13,960
10/21/2019 8:51,datasets/dataset_cropped/10_Metas/21/08/20191021085100_00160.jpg,datasets_flow/dataset_cropped/10_Metas/21/08/20191021085100_00160.jpg,datasets_cloudmask/dataset_cropped/10_Metas/21/08/20191021085100_00160.png,250.8,664.4,69.6,13.2,960
10/21/2019 8:52,datasets/dataset_cropped/10_Metas/21/08/20191021085200_00160.jpg,datasets_flow/dataset_cropped/10_Metas/21/08/20191021085200_00160.jpg,datasets_cloudmask/dataset_cropped/10_Metas/21/08/20191021085200_00160.png,249.5,659.3,67.9,13.3,960
10/21/2019 8:53,datasets/dataset_cropped/10_Metas/21/08/20191021085300_00160.jpg,datasets_flow/dataset_cropped/10_Metas/21/08/20191021085300_00160.jpg,datasets_cloudmask/dataset_cropped/10_Metas/21/08/20191021085300_00160.png,254.7,662.3,70.3,13.3,960
10/21/2019 8:54,datasets/dataset_cropped/10_Metas/21/08/20191021085400_00160.jpg,datasets_flow/dataset_cropped/10_Metas/21/08/20191021085400_00160.jpg,datasets_cloudmask/dataset_cropped/10_Metas/21/08/20191021085400_00160.png,259.5,666.7,72,13.4,960
10/21/2019 8:55,datasets/dataset_cropped/10_Metas/21/08/20191021085500_00160.jpg,datasets_flow/dataset_cropped/10_Metas/21/08/20191021085500_00160.jpg,datasets_cloudmask/dataset_cropped/10_Metas/21/08/20191021085500_00160.png,262.6,671.3,72,13.6,960
10/21/2019 8:56,datasets/dataset_cropped/10_Metas/21/08/20191021085600_00160.jpg,datasets_flow/dataset_cropped/10_Metas/21/08/20191021085600_00160.jpg,datasets_cloudmask/dataset_cropped/10_Metas/21/08/20191021085600_00160.png,263.2,668.1,71.3,13.6,960
10/21/2019 8:57,datasets/dataset_cropped/10_Metas/21/08/20191021085700_00160.jpg,datasets_flow/dataset_cropped/10_Metas/21/08/20191021085700_00160.jpg,datasets_cloudmask/dataset_cropped/10_Metas/21/08/20191021085700_00160.png,203,453.6,71.8,13.6,960
10/21/2019 8:58,datasets/dataset_cropped/10_Metas/21/08/20191021085800_00160.jpg,datasets_flow/dataset_cropped/10_Metas/21/08/20191021085800_00160.jpg,datasets_cloudmask/dataset_cropped/10_Metas/21/08/20191021085800_00160.png,101.2,100.3,72.6,13.6,960
10/21/2019 8:59,datasets/dataset_cropped/10_Metas/21/08/20191021085900_00160.jpg,datasets_flow/dataset_cropped/10_Metas/21/08/20191021085900_00160.jpg,datasets_cloudmask/dataset_cropped/10_Metas/21/08/20191021085900_00160.png,84.2,44,71.9,13.6,960
10/21/2019 9:00,datasets/dataset_cropped/10_Metas/21/09/20191021090000_00160.jpg,datasets_flow/dataset_cropped/10_Metas/21/09/20191021090000_00160.jpg,datasets_cloudmask/dataset_cropped/10_Metas/21/09/20191021090000_00160.png,140.5,226.2,73.1,13.5,960
10/21/2019 9:01,datasets/dataset_cropped/10_Metas/21/09/20191021090100_00160.jpg,datasets_flow/dataset_cropped/10_Metas/21/09/20191021090100_00160.jpg,datasets_cloudmask/dataset_cropped/10_Metas/21/09/20191021090100_00160.png,110.6,130.5,71.3,13.4,960
10/21/2019 9:02,datasets/dataset_cropped/10_Metas/21/09/20191021090200_00160.jpg,datasets_flow/dataset_cropped/10_Metas/21/09/20191021090200_00160.jpg,datasets_cloudmask/dataset_cropped/10_Metas/21/09/20191021090200_00160.png,77,25.2,69.8,13.3,960
10/21/2019 9:03,datasets/dataset_cropped/10_Metas/21/09/20191021090300_00160.jpg,datasets_flow/dataset_cropped/10_Metas/21/09/20191021090300_00160.jpg,datasets_cloudmask/dataset_cropped/10_Metas/21/09/20191021090300_00160.png,76.8,15.8,72.7,13.3,960
10/21/2019 9:04,datasets/dataset_cropped/10_Metas/21/09/20191021090400_00160.jpg,datasets_flow/dataset_cropped/10_Metas/21/09/20191021090400_00160.jpg,datasets_cloudmask/dataset_cropped/10_Metas/21/09/20191021090400_00160.png,99.9,56.9,82.9,13.3,960
10/21/2019 9:05,datasets/dataset_cropped/10_Metas/21/09/20191021090500_00160.jpg,datasets_flow/dataset_cropped/10_Metas/21/09/20191021090500_00160.jpg,datasets_cloudmask/dataset_cropped/10_Metas/21/09/20191021090500_00160.png,177.7,282.2,89.5,13.2,960
10/21/2019 9:06,datasets/dataset_cropped/10_Metas/21/09/20191021090600_00160.jpg,datasets_flow/dataset_cropped/10_Metas/21/09/20191021090600_00160.jpg,datasets_cloudmask/dataset_cropped/10_Metas/21/09/20191021090600_00160.png,231.8,449.5,89.3,13.1,960
10/21/2019 9:07,datasets/dataset_cropped/10_Metas/21/09/20191021090700_00160.jpg,datasets_flow/dataset_cropped/10_Metas/21/09/20191021090700_00160.jpg,datasets_cloudmask/dataset_cropped/10_Metas/21/09/20191021090700_00160.png,107.2,82.4,81.5,13,960
10/21/2019 9:08,datasets/dataset_cropped/10_Metas/21/09/20191021090800_00160.jpg,datasets_flow/dataset_cropped/10_Metas/21/09/20191021090800_00160.jpg,datasets_cloudmask/dataset_cropped/10_Metas/21/09/20191021090800_00160.png,171.8,292.6,77.5,12.9,960
10/21/2019 9:09,datasets/dataset_cropped/10_Metas/21/09/20191021090900_00160.jpg,datasets_flow/dataset_cropped/10_Metas/21/09/20191021090900_00160.jpg,datasets_cloudmask/dataset_cropped/10_Metas/21/09/20191021090900_00160.png,95.4,59.6,76.2,12.9,960
10/21/2019 9:10,datasets/dataset_cropped/10_Metas/21/09/20191021091000_00160.jpg,datasets_flow/dataset_cropped/10_Metas/21/09/20191021091000_00160.jpg,datasets_cloudmask/dataset_cropped/10_Metas/21/09/20191021091000_00160.png,164.4,261.3,78.2,12.9,960
10/21/2019 9:11,datasets/dataset_cropped/10_Metas/21/09/20191021091100_00160.jpg,datasets_flow/dataset_cropped/10_Metas/21/09/20191021091100_00160.jpg,datasets_cloudmask/dataset_cropped/10_Metas/21/09/20191021091100_00160.png,247.8,506.6,80.3,12.9,960
10/21/2019 9:12,datasets/dataset_cropped/10_Metas/21/09/20191021091200_00160.jpg,datasets_flow/dataset_cropped/10_Metas/21/09/20191021091200_00160.jpg,datasets_cloudmask/dataset_cropped/10_Metas/21/09/20191021091200_00160.png,241.2,485,79.1,13.1,960
10/21/2019 9:13,datasets/dataset_cropped/10_Metas/21/09/20191021091300_00160.jpg,datasets_flow/dataset_cropped/10_Metas/21/09/20191021091300_00160.jpg,datasets_cloudmask/dataset_cropped/10_Metas/21/09/20191021091300_00160.png,275.6,572.9,82.9,13.2,961
10/21/2019 9:14,datasets/dataset_cropped/10_Metas/21/09/20191021091400_00160.jpg,datasets_flow/dataset_cropped/10_Metas/21/09/20191021091400_00160.jpg,datasets_cloudmask/dataset_cropped/10_Metas/21/09/20191021091400_00160.png,270.7,537.6,88.2,13.4,961
10/21/2019 9:15,datasets/dataset_cropped/10_Metas/21/09/20191021091500_00160.jpg,datasets_flow/dataset_cropped/10_Metas/21/09/20191021091500_00160.jpg,datasets_cloudmask/dataset_cropped/10_Metas/21/09/20191021091500_00160.png,240.8,438.6,89.7,13.5,961
10/21/2019 9:16,datasets/dataset_cropped/10_Metas/21/09/20191021091600_00160.jpg,datasets_flow/dataset_cropped/10_Metas/21/09/20191021091600_00160.jpg,datasets_cloudmask/dataset_cropped/10_Metas/21/09/20191021091600_00160.png,308,628.5,90.8,13.4,961
10/21/2019 9:17,datasets/dataset_cropped/10_Metas/21/09/20191021091700_00160.jpg,datasets_flow/dataset_cropped/10_Metas/21/09/20191021091700_00160.jpg,datasets_cloudmask/dataset_cropped/10_Metas/21/09/20191021091700_00160.png,157.4,192.7,90.6,13.3,961
10/21/2019 9:18,datasets/dataset_cropped/10_Metas/21/09/20191021091800_00160.jpg,datasets_flow/dataset_cropped/10_Metas/21/09/20191021091800_00160.jpg,datasets_cloudmask/dataset_cropped/10_Metas/21/09/20191021091800_00160.png,101.9,24.2,94.3,13.4,961
10/21/2019 9:19,datasets/dataset_cropped/10_Metas/21/09/20191021091900_00160.jpg,datasets_flow/dataset_cropped/10_Metas/21/09/20191021091900_00160.jpg,datasets_cloudmask/dataset_cropped/10_Metas/21/09/20191021091900_00160.png,107.9,15,103.7,13.5,961
10/21/2019 9:20,datasets/dataset_cropped/10_Metas/21/09/20191021092000_00160.jpg,datasets_flow/dataset_cropped/10_Metas/21/09/20191021092000_00160.jpg,datasets_cloudmask/dataset_cropped/10_Metas/21/09/20191021092000_00160.png,145.5,99,110.4,13.4,961
10/21/2019 9:21,datasets/dataset_cropped/10_Metas/21/09/20191021092100_00160.jpg,datasets_flow/dataset_cropped/10_Metas/21/09/20191021092100_00160.jpg,datasets_cloudmask/dataset_cropped/10_Metas/21/09/20191021092100_00160.png,350.3,646.1,118.7,13.3,961
10/21/2019 9:22,datasets/dataset_cropped/10_Metas/21/09/20191021092200_00160.jpg,datasets_flow/dataset_cropped/10_Metas/21/09/20191021092200_00160.jpg,datasets_cloudmask/dataset_cropped/10_Metas/21/09/20191021092200_00160.png,386.8,747,116.7,13.2,961
10/21/2019 9:23,datasets/dataset_cropped/10_Metas/21/09/20191021092300_00160.jpg,datasets_flow/dataset_cropped/10_Metas/21/09/20191021092300_00160.jpg,datasets_cloudmask/dataset_cropped/10_Metas/21/09/20191021092300_00160.png,178.6,188.5,110.4,13.3,961
10/21/2019 9:24,datasets/dataset_cropped/10_Metas/21/09/20191021092400_00160.jpg,datasets_flow/dataset_cropped/10_Metas/21/09/20191021092400_00160.jpg,datasets_cloudmask/dataset_cropped/10_Metas/21/09/20191021092400_00160.png,383.4,735.2,113.7,13.5,961
10/21/2019 9:25,datasets/dataset_cropped/10_Metas/21/09/20191021092500_00160.jpg,datasets_flow/dataset_cropped/10_Metas/21/09/20191021092500_00160.jpg,datasets_cloudmask/dataset_cropped/10_Metas/21/09/20191021092500_00160.png,222.6,289.7,115.6,13.7,961
10/21/2019 9:26,datasets/dataset_cropped/10_Metas/21/09/20191021092600_00160.jpg,datasets_flow/dataset_cropped/10_Metas/21/09/20191021092600_00160.jpg,datasets_cloudmask/dataset_cropped/10_Metas/21/09/20191021092600_00160.png,164.1,132,114.6,13.8,960
10/21/2019 9:27,datasets/dataset_cropped/10_Metas/21/09/20191021092700_00160.jpg,datasets_flow/dataset_cropped/10_Metas/21/09/20191021092700_00160.jpg,datasets_cloudmask/dataset_cropped/10_Metas/21/09/20191021092700_00160.png,232,304.8,116.6,13.7,961
10/21/2019 9:28,datasets/dataset_cropped/10_Metas/21/09/20191021092800_00160.jpg,datasets_flow/dataset_cropped/10_Metas/21/09/20191021092800_00160.jpg,datasets_cloudmask/dataset_cropped/10_Metas/21/09/20191021092800_00160.png,173.5,166.1,110.2,13.6,961
10/21/2019 9:29,datasets/dataset_cropped/10_Metas/21/09/20191021092900_00160.jpg,datasets_flow/dataset_cropped/10_Metas/21/09/20191021092900_00160.jpg,datasets_cloudmask/dataset_cropped/10_Metas/21/09/20191021092900_00160.png,290.1,474.9,108.9,13.4,961
10/21/2019 9:30,datasets/dataset_cropped/10_Metas/21/09/20191021093000_00160.jpg,datasets_flow/dataset_cropped/10_Metas/21/09/20191021093000_00160.jpg,datasets_cloudmask/dataset_cropped/10_Metas/21/09/20191021093000_00160.png,153.8,138.8,100.7,13.3,961
10/21/2019 9:31,datasets/dataset_cropped/10_Metas/21/09/20191021093100_00160.jpg,datasets_flow/dataset_cropped/10_Metas/21/09/20191021093100_00160.jpg,datasets_cloudmask/dataset_cropped/10_Metas/21/09/20191021093100_00160.png,263.7,406.3,106.3,13.2,961
10/21/2019 9:32,datasets/dataset_cropped/10_Metas/21/09/20191021093200_00160.jpg,datasets_flow/dataset_cropped/10_Metas/21/09/20191021093200_00160.jpg,datasets_cloudmask/dataset_cropped/10_Metas/21/09/20191021093200_00160.png,167.1,157.4,106,13.1,960
10/21/2019 9:33,datasets/dataset_cropped/10_Metas/21/09/20191021093300_00160.jpg,datasets_flow/dataset_cropped/10_Metas/21/09/20191021093300_00160.jpg,datasets_cloudmask/dataset_cropped/10_Metas/21/09/20191021093300_00160.png,235,317.9,110.2,13.2,960
10/21/2019 9:34,datasets/dataset_cropped/10_Metas/21/09/20191021093400_00160.jpg,datasets_flow/dataset_cropped/10_Metas/21/09/20191021093400_00160.jpg,datasets_cloudmask/dataset_cropped/10_Metas/21/09/20191021093400_00160.png,191.9,198.2,113.6,13.2,960
10/21/2019 9:35,datasets/dataset_cropped/10_Metas/21/09/20191021093500_00160.jpg,datasets_flow/dataset_cropped/10_Metas/21/09/20191021093500_00160.jpg,datasets_cloudmask/dataset_cropped/10_Metas/21/09/20191021093500_00160.png,157.2,95,120.2,13.3,960
10/21/2019 9:36,datasets/dataset_cropped/10_Metas/21/09/20191021093600_00160.jpg,datasets_flow/dataset_cropped/10_Metas/21/09/20191021093600_00160.jpg,datasets_cloudmask/dataset_cropped/10_Metas/21/09/20191021093600_00160.png,151.3,70.7,123.1,13.3,961
10/21/2019 9:37,datasets/dataset_cropped/10_Metas/21/09/20191021093700_00160.jpg,datasets_flow/dataset_cropped/10_Metas/21/09/20191021093700_00160.jpg,datasets_cloudmask/dataset_cropped/10_Metas/21/09/20191021093700_00160.png,303.4,451.7,121,13.2,961
10/21/2019 9:38,datasets/dataset_cropped/10_Metas/21/09/20191021093800_00160.jpg,datasets_flow/dataset_cropped/10_Metas/21/09/20191021093800_00160.jpg,datasets_cloudmask/dataset_cropped/10_Metas/21/09/20191021093800_00160.png,213.9,244.3,114.6,13.1,960
10/21/2019 9:39,datasets/dataset_cropped/10_Metas/21/09/20191021093900_00160.jpg,datasets_flow/dataset_cropped/10_Metas/21/09/20191021093900_00160.jpg,datasets_cloudmask/dataset_cropped/10_Metas/21/09/20191021093900_00160.png,132.4,60.1,107.9,13,961
10/21/2019 9:40,datasets/dataset_cropped/10_Metas/21/09/20191021094000_00160.jpg,datasets_flow/dataset_cropped/10_Metas/21/09/20191021094000_00160.jpg,datasets_cloudmask/dataset_cropped/10_Metas/21/09/20191021094000_00160.png,233.6,301.4,109.5,12.9,961
10/21/2019 9:41,datasets/dataset_cropped/10_Metas/21/09/20191021094100_00160.jpg,datasets_flow/dataset_cropped/10_Metas/21/09/20191021094100_00160.jpg,datasets_cloudmask/dataset_cropped/10_Metas/21/09/20191021094100_00160.png,310,496.6,104.4,12.9,961
10/21/2019 9:42,datasets/dataset_cropped/10_Metas/21/09/20191021094200_00160.jpg,datasets_flow/dataset_cropped/10_Metas/21/09/20191021094200_00160.jpg,datasets_cloudmask/dataset_cropped/10_Metas/21/09/20191021094200_00160.png,261.7,391.5,98.8,13,961
10/21/2019 9:43,datasets/dataset_cropped/10_Metas/21/09/20191021094300_00160.jpg,datasets_flow/dataset_cropped/10_Metas/21/09/20191021094300_00160.jpg,datasets_cloudmask/dataset_cropped/10_Metas/21/09/20191021094300_00160.png,374.2,660.5,98.5,13.1,961
10/21/2019 9:44,datasets/dataset_cropped/10_Metas/21/09/20191021094400_00160.jpg,datasets_flow/dataset_cropped/10_Metas/21/09/20191021094400_00160.jpg,datasets_cloudmask/dataset_cropped/10_Metas/21/09/20191021094400_00160.png,419.4,763.3,99.4,13.2,961
10/21/2019 9:45,datasets/dataset_cropped/10_Metas/21/09/20191021094500_00160.jpg,datasets_flow/dataset_cropped/10_Metas/21/09/20191021094500_00160.jpg,datasets_cloudmask/dataset_cropped/10_Metas/21/09/20191021094500_00160.png,430.5,778.8,101.8,13.3,961
10/21/2019 9:46,datasets/dataset_cropped/10_Metas/21/09/20191021094600_00160.jpg,datasets_flow/dataset_cropped/10_Metas/21/09/20191021094600_00160.jpg,datasets_cloudmask/dataset_cropped/10_Metas/21/09/20191021094600_00160.png,445.2,803,104.4,13.5,961
10/21/2019 9:47,datasets/dataset_cropped/10_Metas/21/09/20191021094700_00160.jpg,datasets_flow/dataset_cropped/10_Metas/21/09/20191021094700_00160.jpg,datasets_cloudmask/dataset_cropped/10_Metas/21/09/20191021094700_00160.png,420.1,742.9,103.2,13.7,961
10/21/2019 9:48,datasets/dataset_cropped/10_Metas/21/09/20191021094800_00160.jpg,datasets_flow/dataset_cropped/10_Metas/21/09/20191021094800_00160.jpg,datasets_cloudmask/dataset_cropped/10_Metas/21/09/20191021094800_00160.png,434,785.7,96.6,13.9,961
10/21/2019 9:49,datasets/dataset_cropped/10_Metas/21/09/20191021094900_00160.jpg,datasets_flow/dataset_cropped/10_Metas/21/09/20191021094900_00160.jpg,datasets_cloudmask/dataset_cropped/10_Metas/21/09/20191021094900_00160.png,432.7,772.7,98.8,14.2,961
10/21/2019 9:50,datasets/dataset_cropped/10_Metas/21/09/20191021095000_00160.jpg,datasets_flow/dataset_cropped/10_Metas/21/09/20191021095000_00160.jpg,datasets_cloudmask/dataset_cropped/10_Metas/21/09/20191021095000_00160.png,428.1,745.1,104.3,14.3,961
10/21/2019 9:51,datasets/dataset_cropped/10_Metas/21/09/20191021095100_00160.jpg,datasets_flow/dataset_cropped/10_Metas/21/09/20191021095100_00160.jpg,datasets_cloudmask/dataset_cropped/10_Metas/21/09/20191021095100_00160.png,237.9,317.9,99.6,14.3,961
10/21/2019 9:52,datasets/dataset_cropped/10_Metas/21/09/20191021095200_00160.jpg,datasets_flow/dataset_cropped/10_Metas/21/09/20191021095200_00160.jpg,datasets_cloudmask/dataset_cropped/10_Metas/21/09/20191021095200_00160.png,100,12.4,95.4,14.4,961
10/21/2019 9:53,datasets/dataset_cropped/10_Metas/21/09/20191021095300_00160.jpg,datasets_flow/dataset_cropped/10_Metas/21/09/20191021095300_00160.jpg,datasets_cloudmask/dataset_cropped/10_Metas/21/09/20191021095300_00160.png,107.3,19.1,99.7,14.4,961
10/21/2019 9:54,datasets/dataset_cropped/10_Metas/21/09/20191021095400_00160.jpg,datasets_flow/dataset_cropped/10_Metas/21/09/20191021095400_00160.jpg,datasets_cloudmask/dataset_cropped/10_Metas/21/09/20191021095400_00160.png,115.4,29.7,102.6,14.2,961
10/21/2019 9:55,datasets/dataset_cropped/10_Metas/21/09/20191021095500_00160.jpg,datasets_flow/dataset_cropped/10_Metas/21/09/20191021095500_00160.jpg,datasets_cloudmask/dataset_cropped/10_Metas/21/09/20191021095500_00160.png,119.5,29.8,106.7,14,961
10/21/2019 9:56,datasets/dataset_cropped/10_Metas/21/09/20191021095600_00160.jpg,datasets_flow/dataset_cropped/10_Metas/21/09/20191021095600_00160.jpg,datasets_cloudmask/dataset_cropped/10_Metas/21/09/20191021095600_00160.png,169.6,121.7,114.3,14,961
10/21/2019 9:57,datasets/dataset_cropped/10_Metas/21/09/20191021095700_00160.jpg,datasets_flow/dataset_cropped/10_Metas/21/09/20191021095700_00160.jpg,datasets_cloudmask/dataset_cropped/10_Metas/21/09/20191021095700_00160.png,126.3,15.4,118.7,13.9,961
10/21/2019 9:58,datasets/dataset_cropped/10_Metas/21/09/20191021095800_00160.jpg,datasets_flow/dataset_cropped/10_Metas/21/09/20191021095800_00160.jpg,datasets_cloudmask/dataset_cropped/10_Metas/21/09/20191021095800_00160.png,125.1,2,123.8,13.9,961
10/21/2019 9:59,datasets/dataset_cropped/10_Metas/21/09/20191021095900_00160.jpg,datasets_flow/dataset_cropped/10_Metas/21/09/20191021095900_00160.jpg,datasets_cloudmask/dataset_cropped/10_Metas/21/09/20191021095900_00160.png,132.9,11.6,126.7,13.8,961
10/21/2019 10:00,datasets/dataset_cropped/10_Metas/21/10/20191021100000_00160.jpg,datasets_flow/dataset_cropped/10_Metas/21/10/20191021100000_00160.jpg,datasets_cloudmask/dataset_cropped/10_Metas/21/10/20191021100000_00160.png,137.6,7.6,133.4,13.6,961
10/21/2019 10:01,datasets/dataset_cropped/10_Metas/21/10/20191021100100_00160.jpg,datasets_flow/dataset_cropped/10_Metas/21/10/20191021100100_00160.jpg,datasets_cloudmask/dataset_cropped/10_Metas/21/10/20191021100100_00160.png,134.7,4.8,132,13.6,961
10/21/2019 10:02,datasets/dataset_cropped/10_Metas/21/10/20191021100200_00160.jpg,datasets_flow/dataset_cropped/10_Metas/21/10/20191021100200_00160.jpg,datasets_cloudmask/dataset_cropped/10_Metas/21/10/20191021100200_00160.png,152.6,34.5,136.4,13.4,961
10/21/2019 10:03,datasets/dataset_cropped/10_Metas/21/10/20191021100300_00160.jpg,datasets_flow/dataset_cropped/10_Metas/21/10/20191021100300_00160.jpg,datasets_cloudmask/dataset_cropped/10_Metas/21/10/20191021100300_00160.png,204.5,152.5,132.3,13.4,961
10/21/2019 10:04,datasets/dataset_cropped/10_Metas/21/10/20191021100400_00160.jpg,datasets_flow/dataset_cropped/10_Metas/21/10/20191021100400_00160.jpg,datasets_cloudmask/dataset_cropped/10_Metas/21/10/20191021100400_00160.png,354,488,123.5,13.4,961
10/21/2019 10:05,datasets/dataset_cropped/10_Metas/21/10/20191021100500_00160.jpg,datasets_flow/dataset_cropped/10_Metas/21/10/20191021100500_00160.jpg,datasets_cloudmask/dataset_cropped/10_Metas/21/10/20191021100500_00160.png,435.9,678.8,115.3,13.5,961
10/21/2019 10:06,datasets/dataset_cropped/10_Metas/21/10/20191021100600_00160.jpg,datasets_flow/dataset_cropped/10_Metas/21/10/20191021100600_00160.jpg,datasets_cloudmask/dataset_cropped/10_Metas/21/10/20191021100600_00160.png,330.1,441.3,120.6,13.8,961
10/21/2019 10:07,datasets/dataset_cropped/10_Metas/21/10/20191021100700_00160.jpg,datasets_flow/dataset_cropped/10_Metas/21/10/20191021100700_00160.jpg,datasets_cloudmask/dataset_cropped/10_Metas/21/10/20191021100700_00160.png,408.5,540.9,150.2,13.9,961
10/21/2019 10:08,datasets/dataset_cropped/10_Metas/21/10/20191021100800_00160.jpg,datasets_flow/dataset_cropped/10_Metas/21/10/20191021100800_00160.jpg,datasets_cloudmask/dataset_cropped/10_Metas/21/10/20191021100800_00160.png,177.4,51.5,152.7,14,961
10/21/2019 10:09,datasets/dataset_cropped/10_Metas/21/10/20191021100900_00160.jpg,datasets_flow/dataset_cropped/10_Metas/21/10/20191021100900_00160.jpg,datasets_cloudmask/dataset_cropped/10_Metas/21/10/20191021100900_00160.png,153.6,14.3,147.2,14,961
10/21/2019 10:10,datasets/dataset_cropped/10_Metas/21/10/20191021101000_00160.jpg,datasets_flow/dataset_cropped/10_Metas/21/10/20191021101000_00160.jpg,datasets_cloudmask/dataset_cropped/10_Metas/21/10/20191021101000_00160.png,168.6,37.6,150.3,13.9,961
10/21/2019 10:11,datasets/dataset_cropped/10_Metas/21/10/20191021101100_00160.jpg,datasets_flow/dataset_cropped/10_Metas/21/10/20191021101100_00160.jpg,datasets_cloudmask/dataset_cropped/10_Metas/21/10/20191021101100_00160.png,161.3,8.8,156.9,13.8,961
10/21/2019 10:12,datasets/dataset_cropped/10_Metas/21/10/20191021101200_00160.jpg,datasets_flow/dataset_cropped/10_Metas/21/10/20191021101200_00160.jpg,datasets_cloudmask/dataset_cropped/10_Metas/21/10/20191021101200_00160.png,166.3,12.2,160.2,13.8,961
10/21/2019 10:13,datasets/dataset_cropped/10_Metas/21/10/20191021101300_00160.jpg,datasets_flow/dataset_cropped/10_Metas/21/10/20191021101300_00160.jpg,datasets_cloudmask/dataset_cropped/10_Metas/21/10/20191021101300_00160.png,189,56.5,160.9,13.7,961
10/21/2019 10:14,datasets/dataset_cropped/10_Metas/21/10/20191021101400_00160.jpg,datasets_flow/dataset_cropped/10_Metas/21/10/20191021101400_00160.jpg,datasets_cloudmask/dataset_cropped/10_Metas/21/10/20191021101400_00160.png,195.3,81.7,155.2,13.7,961
10/21/2019 10:15,datasets/dataset_cropped/10_Metas/21/10/20191021101500_00160.jpg,datasets_flow/dataset_cropped/10_Metas/21/10/20191021101500_00160.jpg,datasets_cloudmask/dataset_cropped/10_Metas/21/10/20191021101500_00160.png,161,25.9,147.7,13.7,961
10/21/2019 10:16,datasets/dataset_cropped/10_Metas/21/10/20191021101600_00160.jpg,datasets_flow/dataset_cropped/10_Metas/21/10/20191021101600_00160.jpg,datasets_cloudmask/dataset_cropped/10_Metas/21/10/20191021101600_00160.png,166.7,43.6,145,13.7,961
10/21/2019 10:17,datasets/dataset_cropped/10_Metas/21/10/20191021101700_00160.jpg,datasets_flow/dataset_cropped/10_Metas/21/10/20191021101700_00160.jpg,datasets_cloudmask/dataset_cropped/10_Metas/21/10/20191021101700_00160.png,147.2,14.3,139.2,13.8,961
10/21/2019 10:18,datasets/dataset_cropped/10_Metas/21/10/20191021101800_00160.jpg,datasets_flow/dataset_cropped/10_Metas/21/10/20191021101800_00160.jpg,datasets_cloudmask/dataset_cropped/10_Metas/21/10/20191021101800_00160.png,318.4,344,145,13.7,961
10/21/2019 10:19,datasets/dataset_cropped/10_Metas/21/10/20191021101900_00160.jpg,datasets_flow/dataset_cropped/10_Metas/21/10/20191021101900_00160.jpg,datasets_cloudmask/dataset_cropped/10_Metas/21/10/20191021101900_00160.png,216.6,150.7,139.6,13.8,961
10/21/2019 10:20,datasets/dataset_cropped/10_Metas/21/10/20191021102000_00160.jpg,datasets_flow/dataset_cropped/10_Metas/21/10/20191021102000_00160.jpg,datasets_cloudmask/dataset_cropped/10_Metas/21/10/20191021102000_00160.png,174,71.1,137,13.9,961
10/21/2019 10:21,datasets/dataset_cropped/10_Metas/21/10/20191021102100_00160.jpg,datasets_flow/dataset_cropped/10_Metas/21/10/20191021102100_00160.jpg,datasets_cloudmask/dataset_cropped/10_Metas/21/10/20191021102100_00160.png,185.9,51.4,159.2,13.9,961
10/21/2019 10:22,datasets/dataset_cropped/10_Metas/21/10/20191021102200_00160.jpg,datasets_flow/dataset_cropped/10_Metas/21/10/20191021102200_00160.jpg,datasets_cloudmask/dataset_cropped/10_Metas/21/10/20191021102200_00160.png,437,501,181.4,13.8,961
10/21/2019 10:23,datasets/dataset_cropped/10_Metas/21/10/20191021102300_00160.jpg,datasets_flow/dataset_cropped/10_Metas/21/10/20191021102300_00160.jpg,datasets_cloudmask/dataset_cropped/10_Metas/21/10/20191021102300_00160.png,267.3,169.9,180.5,13.8,961
10/21/2019 10:24,datasets/dataset_cropped/10_Metas/21/10/20191021102400_00160.jpg,datasets_flow/dataset_cropped/10_Metas/21/10/20191021102400_00160.jpg,datasets_cloudmask/dataset_cropped/10_Metas/21/10/20191021102400_00160.png,192.1,28.6,178,13.9,961
10/21/2019 10:25,datasets/dataset_cropped/10_Metas/21/10/20191021102500_00160.jpg,datasets_flow/dataset_cropped/10_Metas/21/10/20191021102500_00160.jpg,datasets_cloudmask/dataset_cropped/10_Metas/21/10/20191021102500_00160.png,264,155.8,184.9,13.9,961
10/21/2019 10:26,datasets/dataset_cropped/10_Metas/21/10/20191021102600_00160.jpg,datasets_flow/dataset_cropped/10_Metas/21/10/20191021102600_00160.jpg,datasets_cloudmask/dataset_cropped/10_Metas/21/10/20191021102600_00160.png,356.6,303.4,199.9,13.9,961
10/21/2019 10:27,datasets/dataset_cropped/10_Metas/21/10/20191021102700_00160.jpg,datasets_flow/dataset_cropped/10_Metas/21/10/20191021102700_00160.jpg,datasets_cloudmask/dataset_cropped/10_Metas/21/10/20191021102700_00160.png,288.9,133.6,219.3,14,961
10/21/2019 10:28,datasets/dataset_cropped/10_Metas/21/10/20191021102800_00160.jpg,datasets_flow/dataset_cropped/10_Metas/21/10/20191021102800_00160.jpg,datasets_cloudmask/dataset_cropped/10_Metas/21/10/20191021102800_00160.png,310.2,144.7,234.8,14.1,961
10/21/2019 10:29,datasets/dataset_cropped/10_Metas/21/10/20191021102900_00160.jpg,datasets_flow/dataset_cropped/10_Metas/21/10/20191021102900_00160.jpg,datasets_cloudmask/dataset_cropped/10_Metas/21/10/20191021102900_00160.png,472.3,426.3,248.5,14.1,961
10/21/2019 10:30,datasets/dataset_cropped/10_Metas/21/10/20191021103000_00160.jpg,datasets_flow/dataset_cropped/10_Metas/21/10/20191021103000_00160.jpg,datasets_cloudmask/dataset_cropped/10_Metas/21/10/20191021103000_00160.png,273.8,46.1,249.9,14.2,961
10/21/2019 10:31,datasets/dataset_cropped/10_Metas/21/10/20191021103100_00160.jpg,datasets_flow/dataset_cropped/10_Metas/21/10/20191021103100_00160.jpg,datasets_cloudmask/dataset_cropped/10_Metas/21/10/20191021103100_00160.png,265.1,53.4,237.4,14.4,961
10/21/2019 10:32,datasets/dataset_cropped/10_Metas/21/10/20191021103200_00160.jpg,datasets_flow/dataset_cropped/10_Metas/21/10/20191021103200_00160.jpg,datasets_cloudmask/dataset_cropped/10_Metas/21/10/20191021103200_00160.png,387.1,316.5,220.3,14.5,961
10/21/2019 10:33,datasets/dataset_cropped/10_Metas/21/10/20191021103300_00160.jpg,datasets_flow/dataset_cropped/10_Metas/21/10/20191021103300_00160.jpg,datasets_cloudmask/dataset_cropped/10_Metas/21/10/20191021103300_00160.png,299.3,171.4,206.9,14.5,961
10/21/2019 10:34,datasets/dataset_cropped/10_Metas/21/10/20191021103400_00160.jpg,datasets_flow/dataset_cropped/10_Metas/21/10/20191021103400_00160.jpg,datasets_cloudmask/dataset_cropped/10_Metas/21/10/20191021103400_00160.png,258,108.6,199.9,14.4,961
10/21/2019 10:35,datasets/dataset_cropped/10_Metas/21/10/20191021103500_00160.jpg,datasets_flow/dataset_cropped/10_Metas/21/10/20191021103500_00160.jpg,datasets_cloudmask/dataset_cropped/10_Metas/21/10/20191021103500_00160.png,330.2,240.5,200.8,14.3,961
10/21/2019 10:36,datasets/dataset_cropped/10_Metas/21/10/20191021103600_00160.jpg,datasets_flow/dataset_cropped/10_Metas/21/10/20191021103600_00160.jpg,datasets_cloudmask/dataset_cropped/10_Metas/21/10/20191021103600_00160.png,248.8,98.6,194.8,14.3,961
10/21/2019 10:37,datasets/dataset_cropped/10_Metas/21/10/20191021103700_00160.jpg,datasets_flow/dataset_cropped/10_Metas/21/10/20191021103700_00160.jpg,datasets_cloudmask/dataset_cropped/10_Metas/21/10/20191021103700_00160.png,265.7,125.5,196.3,14.3,961
10/21/2019 10:38,datasets/dataset_cropped/10_Metas/21/10/20191021103800_00160.jpg,datasets_flow/dataset_cropped/10_Metas/21/10/20191021103800_00160.jpg,datasets_cloudmask/dataset_cropped/10_Metas/21/10/20191021103800_00160.png,506.1,592.3,184.6,14.2,961
10/21/2019 10:39,datasets/dataset_cropped/10_Metas/21/10/20191021103900_00160.jpg,datasets_flow/dataset_cropped/10_Metas/21/10/20191021103900_00160.jpg,datasets_cloudmask/dataset_cropped/10_Metas/21/10/20191021103900_00160.png,385.7,365,186.2,14.3,961
10/21/2019 10:40,datasets/dataset_cropped/10_Metas/21/10/20191021104000_00160.jpg,datasets_flow/dataset_cropped/10_Metas/21/10/20191021104000_00160.jpg,datasets_cloudmask/dataset_cropped/10_Metas/21/10/20191021104000_00160.png,223,69.3,184.6,14.3,961
10/21/2019 10:41,datasets/dataset_cropped/10_Metas/21/10/20191021104100_00160.jpg,datasets_flow/dataset_cropped/10_Metas/21/10/20191021104100_00160.jpg,datasets_cloudmask/dataset_cropped/10_Metas/21/10/20191021104100_00160.png,334.8,261,190.2,14.4,961
10/21/2019 10:42,datasets/dataset_cropped/10_Metas/21/10/20191021104200_00160.jpg,datasets_flow/dataset_cropped/10_Metas/21/10/20191021104200_00160.jpg,datasets_cloudmask/dataset_cropped/10_Metas/21/10/20191021104200_00160.png,185.9,14.6,178.1,14.4,961
10/21/2019 10:43,datasets/dataset_cropped/10_Metas/21/10/20191021104300_00160.jpg,datasets_flow/dataset_cropped/10_Metas/21/10/20191021104300_00160.jpg,datasets_cloudmask/dataset_cropped/10_Metas/21/10/20191021104300_00160.png,213.2,44.2,188.7,14.2,961
10/21/2019 10:44,datasets/dataset_cropped/10_Metas/21/10/20191021104400_00160.jpg,datasets_flow/dataset_cropped/10_Metas/21/10/20191021104400_00160.jpg,datasets_cloudmask/dataset_cropped/10_Metas/21/10/20191021104400_00160.png,189,3.8,187.1,14.1,961
10/21/2019 10:45,datasets/dataset_cropped/10_Metas/21/10/20191021104500_00160.jpg,datasets_flow/dataset_cropped/10_Metas/21/10/20191021104500_00160.jpg,datasets_cloudmask/dataset_cropped/10_Metas/21/10/20191021104500_00160.png,186.3,4,184.4,14.1,961
10/21/2019 10:46,datasets/dataset_cropped/10_Metas/21/10/20191021104600_00160.jpg,datasets_flow/dataset_cropped/10_Metas/21/10/20191021104600_00160.jpg,datasets_cloudmask/dataset_cropped/10_Metas/21/10/20191021104600_00160.png,186.1,7.4,182.3,14.1,961
10/21/2019 10:47,datasets/dataset_cropped/10_Metas/21/10/20191021104700_00160.jpg,datasets_flow/dataset_cropped/10_Metas/21/10/20191021104700_00160.jpg,datasets_cloudmask/dataset_cropped/10_Metas/21/10/20191021104700_00160.png,494.2,522.8,200.2,14.1,961
10/21/2019 10:48,datasets/dataset_cropped/10_Metas/21/10/20191021104800_00160.jpg,datasets_flow/dataset_cropped/10_Metas/21/10/20191021104800_00160.jpg,datasets_cloudmask/dataset_cropped/10_Metas/21/10/20191021104800_00160.png,370.5,275.8,215.4,14.2,961
10/21/2019 10:49,datasets/dataset_cropped/10_Metas/21/10/20191021104900_00160.jpg,datasets_flow/dataset_cropped/10_Metas/21/10/20191021104900_00160.jpg,datasets_cloudmask/dataset_cropped/10_Metas/21/10/20191021104900_00160.png,257.4,39.8,234.6,14.3,961
10/21/2019 10:50,datasets/dataset_cropped/10_Metas/21/10/20191021105000_00160.jpg,datasets_flow/dataset_cropped/10_Metas/21/10/20191021105000_00160.jpg,datasets_cloudmask/dataset_cropped/10_Metas/21/10/20191021105000_00160.png,433.5,305.1,260.2,14.5,961
10/21/2019 10:51,datasets/dataset_cropped/10_Metas/21/10/20191021105100_00160.jpg,datasets_flow/dataset_cropped/10_Metas/21/10/20191021105100_00160.jpg,datasets_cloudmask/dataset_cropped/10_Metas/21/10/20191021105100_00160.png,378.6,209.6,259,14.6,961
10/21/2019 10:52,datasets/dataset_cropped/10_Metas/21/10/20191021105200_00160.jpg,datasets_flow/dataset_cropped/10_Metas/21/10/20191021105200_00160.jpg,datasets_cloudmask/dataset_cropped/10_Metas/21/10/20191021105200_00160.png,313.2,100.4,256.8,14.7,960
10/21/2019 10:53,datasets/dataset_cropped/10_Metas/21/10/20191021105300_00160.jpg,datasets_flow/dataset_cropped/10_Metas/21/10/20191021105300_00160.jpg,datasets_cloudmask/dataset_cropped/10_Metas/21/10/20191021105300_00160.png,256.5,6.7,253.2,14.8,961
10/21/2019 10:54,datasets/dataset_cropped/10_Metas/21/10/20191021105400_00160.jpg,datasets_flow/dataset_cropped/10_Metas/21/10/20191021105400_00160.jpg,datasets_cloudmask/dataset_cropped/10_Metas/21/10/20191021105400_00160.png,333.3,106.4,272.7,14.8,961
10/21/2019 10:55,datasets/dataset_cropped/10_Metas/21/10/20191021105500_00160.jpg,datasets_flow/dataset_cropped/10_Metas/21/10/20191021105500_00160.jpg,datasets_cloudmask/dataset_cropped/10_Metas/21/10/20191021105500_00160.png,406.7,216.5,282.4,14.6,960
10/21/2019 10:56,datasets/dataset_cropped/10_Metas/21/10/20191021105600_00160.jpg,datasets_flow/dataset_cropped/10_Metas/21/10/20191021105600_00160.jpg,datasets_cloudmask/dataset_cropped/10_Metas/21/10/20191021105600_00160.png,350.8,138.4,272.7,14.6,960
10/21/2019 10:57,datasets/dataset_cropped/10_Metas/21/10/20191021105700_00160.jpg,datasets_flow/dataset_cropped/10_Metas/21/10/20191021105700_00160.jpg,datasets_cloudmask/dataset_cropped/10_Metas/21/10/20191021105700_00160.png,421.9,275.9,263.6,14.8,960
10/21/2019 10:58,datasets/dataset_cropped/10_Metas/21/10/20191021105800_00160.jpg,datasets_flow/dataset_cropped/10_Metas/21/10/20191021105800_00160.jpg,datasets_cloudmask/dataset_cropped/10_Metas/21/10/20191021105800_00160.png,234.6,3.4,233.8,14.8,961
10/21/2019 10:59,datasets/dataset_cropped/10_Metas/21/10/20191021105900_00160.jpg,datasets_flow/dataset_cropped/10_Metas/21/10/20191021105900_00160.jpg,datasets_cloudmask/dataset_cropped/10_Metas/21/10/20191021105900_00160.png,222.5,2.3,221.9,14.6,960
10/21/2019 11:00,datasets/dataset_cropped/10_Metas/21/11/20191021110000_00160.jpg,datasets_flow/dataset_cropped/10_Metas/21/11/20191021110000_00160.jpg,datasets_cloudmask/dataset_cropped/10_Metas/21/11/20191021110000_00160.png,221.8,2.5,220.7,14.6,961
10/21/2019 11:01,datasets/dataset_cropped/10_Metas/21/11/20191021110100_00160.jpg,datasets_flow/dataset_cropped/10_Metas/21/11/20191021110100_00160.jpg,datasets_cloudmask/dataset_cropped/10_Metas/21/11/20191021110100_00160.png,269.7,44.2,243.1,14.4,961
10/21/2019 11:02,datasets/dataset_cropped/10_Metas/21/11/20191021110200_00160.jpg,datasets_flow/dataset_cropped/10_Metas/21/11/20191021110200_00160.jpg,datasets_cloudmask/dataset_cropped/10_Metas/21/11/20191021110200_00160.png,402.5,196.9,284.2,14.5,961
10/21/2019 11:03,datasets/dataset_cropped/10_Metas/21/11/20191021110300_00160.jpg,datasets_flow/dataset_cropped/10_Metas/21/11/20191021110300_00160.jpg,datasets_cloudmask/dataset_cropped/10_Metas/21/11/20191021110300_00160.png,327.7,62,289.3,14.6,961
10/21/2019 11:04,datasets/dataset_cropped/10_Metas/21/11/20191021110400_00160.jpg,datasets_flow/dataset_cropped/10_Metas/21/11/20191021110400_00160.jpg,datasets_cloudmask/dataset_cropped/10_Metas/21/11/20191021110400_00160.png,289.4,48.7,259.8,14.5,961
10/21/2019 11:05,datasets/dataset_cropped/10_Metas/21/11/20191021110500_00160.jpg,datasets_flow/dataset_cropped/10_Metas/21/11/20191021110500_00160.jpg,datasets_cloudmask/dataset_cropped/10_Metas/21/11/20191021110500_00160.png,247.8,16.2,237.9,14.6,961
10/21/2019 11:06,datasets/dataset_cropped/10_Metas/21/11/20191021110600_00160.jpg,datasets_flow/dataset_cropped/10_Metas/21/11/20191021110600_00160.jpg,datasets_cloudmask/dataset_cropped/10_Metas/21/11/20191021110600_00160.png,340.2,127.7,263.6,14.6,961
10/21/2019 11:07,datasets/dataset_cropped/10_Metas/21/11/20191021110700_00160.jpg,datasets_flow/dataset_cropped/10_Metas/21/11/20191021110700_00160.jpg,datasets_cloudmask/dataset_cropped/10_Metas/21/11/20191021110700_00160.png,541.3,403.2,300.3,14.6,961
10/21/2019 11:08,datasets/dataset_cropped/10_Metas/21/11/20191021110800_00160.jpg,datasets_flow/dataset_cropped/10_Metas/21/11/20191021110800_00160.jpg,datasets_cloudmask/dataset_cropped/10_Metas/21/11/20191021110800_00160.png,396.6,159,300.9,14.8,961
10/21/2019 11:09,datasets/dataset_cropped/10_Metas/21/11/20191021110900_00160.jpg,datasets_flow/dataset_cropped/10_Metas/21/11/20191021110900_00160.jpg,datasets_cloudmask/dataset_cropped/10_Metas/21/11/20191021110900_00160.png,502.8,342.3,297,15.1,960
10/21/2019 11:10,datasets/dataset_cropped/10_Metas/21/11/20191021111000_00160.jpg,datasets_flow/dataset_cropped/10_Metas/21/11/20191021111000_00160.jpg,datasets_cloudmask/dataset_cropped/10_Metas/21/11/20191021111000_00160.png,276.1,18.2,265,15.2,960
10/21/2019 11:11,datasets/dataset_cropped/10_Metas/21/11/20191021111100_00160.jpg,datasets_flow/dataset_cropped/10_Metas/21/11/20191021111100_00160.jpg,datasets_cloudmask/dataset_cropped/10_Metas/21/11/20191021111100_00160.png,229.8,7.6,225.3,15.2,960
10/21/2019 11:12,datasets/dataset_cropped/10_Metas/21/11/20191021111200_00160.jpg,datasets_flow/dataset_cropped/10_Metas/21/11/20191021111200_00160.jpg,datasets_cloudmask/dataset_cropped/10_Metas/21/11/20191021111200_00160.png,233.9,12.4,226.5,15.1,961
10/21/2019 11:13,datasets/dataset_cropped/10_Metas/21/11/20191021111300_00160.jpg,datasets_flow/dataset_cropped/10_Metas/21/11/20191021111300_00160.jpg,datasets_cloudmask/dataset_cropped/10_Metas/21/11/20191021111300_00160.png,261.6,29.6,243.7,14.9,961
10/21/2019 11:14,datasets/dataset_cropped/10_Metas/21/11/20191021111400_00160.jpg,datasets_flow/dataset_cropped/10_Metas/21/11/20191021111400_00160.jpg,datasets_cloudmask/dataset_cropped/10_Metas/21/11/20191021111400_00160.png,240.1,2.2,239,14.9,961
10/21/2019 11:15,datasets/dataset_cropped/10_Metas/21/11/20191021111500_00160.jpg,datasets_flow/dataset_cropped/10_Metas/21/11/20191021111500_00160.jpg,datasets_cloudmask/dataset_cropped/10_Metas/21/11/20191021111500_00160.png,251.1,2.3,250.1,14.9,960
10/21/2019 11:16,datasets/dataset_cropped/10_Metas/21/11/20191021111600_00160.jpg,datasets_flow/dataset_cropped/10_Metas/21/11/20191021111600_00160.jpg,datasets_cloudmask/dataset_cropped/10_Metas/21/11/20191021111600_00160.png,294.8,51.8,261.8,15,961
10/21/2019 11:17,datasets/dataset_cropped/10_Metas/21/11/20191021111700_00160.jpg,datasets_flow/dataset_cropped/10_Metas/21/11/20191021111700_00160.jpg,datasets_cloudmask/dataset_cropped/10_Metas/21/11/20191021111700_00160.png,316.8,80.2,267.5,14.9,961
10/21/2019 11:18,datasets/dataset_cropped/10_Metas/21/11/20191021111800_00160.jpg,datasets_flow/dataset_cropped/10_Metas/21/11/20191021111800_00160.jpg,datasets_cloudmask/dataset_cropped/10_Metas/21/11/20191021111800_00160.png,498.4,329.5,297.3,14.9,961
10/21/2019 11:19,datasets/dataset_cropped/10_Metas/21/11/20191021111900_00160.jpg,datasets_flow/dataset_cropped/10_Metas/21/11/20191021111900_00160.jpg,datasets_cloudmask/dataset_cropped/10_Metas/21/11/20191021111900_00160.png,347.3,57.9,310,15,961
10/21/2019 11:20,datasets/dataset_cropped/10_Metas/21/11/20191021112000_00160.jpg,datasets_flow/dataset_cropped/10_Metas/21/11/20191021112000_00160.jpg,datasets_cloudmask/dataset_cropped/10_Metas/21/11/20191021112000_00160.png,472.5,233.5,327.6,15.2,961
10/21/2019 11:21,datasets/dataset_cropped/10_Metas/21/11/20191021112100_00160.jpg,datasets_flow/dataset_cropped/10_Metas/21/11/20191021112100_00160.jpg,datasets_cloudmask/dataset_cropped/10_Metas/21/11/20191021112100_00160.png,618.7,478.8,323.5,15.3,961
10/21/2019 11:22,datasets/dataset_cropped/10_Metas/21/11/20191021112200_00160.jpg,datasets_flow/dataset_cropped/10_Metas/21/11/20191021112200_00160.jpg,datasets_cloudmask/dataset_cropped/10_Metas/21/11/20191021112200_00160.png,319.8,14.7,311.6,15.4,961
10/21/2019 11:23,datasets/dataset_cropped/10_Metas/21/11/20191021112300_00160.jpg,datasets_flow/dataset_cropped/10_Metas/21/11/20191021112300_00160.jpg,datasets_cloudmask/dataset_cropped/10_Metas/21/11/20191021112300_00160.png,349.7,70.8,306.4,15.5,961
10/21/2019 11:24,datasets/dataset_cropped/10_Metas/21/11/20191021112400_00160.jpg,datasets_flow/dataset_cropped/10_Metas/21/11/20191021112400_00160.jpg,datasets_cloudmask/dataset_cropped/10_Metas/21/11/20191021112400_00160.png,497,318.6,301.1,15.4,961
10/21/2019 11:25,datasets/dataset_cropped/10_Metas/21/11/20191021112500_00160.jpg,datasets_flow/dataset_cropped/10_Metas/21/11/20191021112500_00160.jpg,datasets_cloudmask/dataset_cropped/10_Metas/21/11/20191021112500_00160.png,370.8,108.6,304.1,15.5,961
10/21/2019 11:26,datasets/dataset_cropped/10_Metas/21/11/20191021112600_00160.jpg,datasets_flow/dataset_cropped/10_Metas/21/11/20191021112600_00160.jpg,datasets_cloudmask/dataset_cropped/10_Metas/21/11/20191021112600_00160.png,397.9,130.9,315.2,15.4,961
10/21/2019 11:27,datasets/dataset_cropped/10_Metas/21/11/20191021112700_00160.jpg,datasets_flow/dataset_cropped/10_Metas/21/11/20191021112700_00160.jpg,datasets_cloudmask/dataset_cropped/10_Metas/21/11/20191021112700_00160.png,318.5,25.6,304.2,15.5,961
10/21/2019 11:28,datasets/dataset_cropped/10_Metas/21/11/20191021112800_00160.jpg,datasets_flow/dataset_cropped/10_Metas/21/11/20191021112800_00160.jpg,datasets_cloudmask/dataset_cropped/10_Metas/21/11/20191021112800_00160.png,542.4,362.6,317.4,15.6,961
10/21/2019 11:29,datasets/dataset_cropped/10_Metas/21/11/20191021112900_00160.jpg,datasets_flow/dataset_cropped/10_Metas/21/11/20191021112900_00160.jpg,datasets_cloudmask/dataset_cropped/10_Metas/21/11/20191021112900_00160.png,311.5,16.8,301.4,15.8,961
10/21/2019 11:30,datasets/dataset_cropped/10_Metas/21/11/20191021113000_00160.jpg,datasets_flow/dataset_cropped/10_Metas/21/11/20191021113000_00160.jpg,datasets_cloudmask/dataset_cropped/10_Metas/21/11/20191021113000_00160.png,318.1,45.8,289.3,16,961
10/21/2019 11:31,datasets/dataset_cropped/10_Metas/21/11/20191021113100_00160.jpg,datasets_flow/dataset_cropped/10_Metas/21/11/20191021113100_00160.jpg,datasets_cloudmask/dataset_cropped/10_Metas/21/11/20191021113100_00160.png,300.9,38.6,277.1,16,961
10/21/2019 11:32,datasets/dataset_cropped/10_Metas/21/11/20191021113200_00160.jpg,datasets_flow/dataset_cropped/10_Metas/21/11/20191021113200_00160.jpg,datasets_cloudmask/dataset_cropped/10_Metas/21/11/20191021113200_00160.png,484.9,328.3,278.4,15.8,961
10/21/2019 11:33,datasets/dataset_cropped/10_Metas/21/11/20191021113300_00160.jpg,datasets_flow/dataset_cropped/10_Metas/21/11/20191021113300_00160.jpg,datasets_cloudmask/dataset_cropped/10_Metas/21/11/20191021113300_00160.png,333.6,112.2,263.9,15.9,961
10/21/2019 11:34,datasets/dataset_cropped/10_Metas/21/11/20191021113400_00160.jpg,datasets_flow/dataset_cropped/10_Metas/21/11/20191021113400_00160.jpg,datasets_cloudmask/dataset_cropped/10_Metas/21/11/20191021113400_00160.png,266.3,21.3,253.4,16,960
10/21/2019 11:35,datasets/dataset_cropped/10_Metas/21/11/20191021113500_00160.jpg,datasets_flow/dataset_cropped/10_Metas/21/11/20191021113500_00160.jpg,datasets_cloudmask/dataset_cropped/10_Metas/21/11/20191021113500_00160.png,285.8,65.5,244.8,16.1,961
10/21/2019 11:36,datasets/dataset_cropped/10_Metas/21/11/20191021113600_00160.jpg,datasets_flow/dataset_cropped/10_Metas/21/11/20191021113600_00160.jpg,datasets_cloudmask/dataset_cropped/10_Metas/21/11/20191021113600_00160.png,236.1,10.5,229.7,16.1,961
10/21/2019 11:37,datasets/dataset_cropped/10_Metas/21/11/20191021113700_00160.jpg,datasets_flow/dataset_cropped/10_Metas/21/11/20191021113700_00160.jpg,datasets_cloudmask/dataset_cropped/10_Metas/21/11/20191021113700_00160.png,427.5,261.7,261.2,16.1,961
10/21/2019 11:38,datasets/dataset_cropped/10_Metas/21/11/20191021113800_00160.jpg,datasets_flow/dataset_cropped/10_Metas/21/11/20191021113800_00160.jpg,datasets_cloudmask/dataset_cropped/10_Metas/21/11/20191021113800_00160.png,717.6,652.8,301.4,16.1,961
10/21/2019 11:39,datasets/dataset_cropped/10_Metas/21/11/20191021113900_00160.jpg,datasets_flow/dataset_cropped/10_Metas/21/11/20191021113900_00160.jpg,datasets_cloudmask/dataset_cropped/10_Metas/21/11/20191021113900_00160.png,351.7,80.5,299.8,16.2,961
10/21/2019 11:40,datasets/dataset_cropped/10_Metas/21/11/20191021114000_00160.jpg,datasets_flow/dataset_cropped/10_Metas/21/11/20191021114000_00160.jpg,datasets_cloudmask/dataset_cropped/10_Metas/21/11/20191021114000_00160.png,307.2,11.6,300.2,16.3,961
10/21/2019 11:41,datasets/dataset_cropped/10_Metas/21/11/20191021114100_00160.jpg,datasets_flow/dataset_cropped/10_Metas/21/11/20191021114100_00160.jpg,datasets_cloudmask/dataset_cropped/10_Metas/21/11/20191021114100_00160.png,369.1,100.1,305.5,16.3,961
10/21/2019 11:42,datasets/dataset_cropped/10_Metas/21/11/20191021114200_00160.jpg,datasets_flow/dataset_cropped/10_Metas/21/11/20191021114200_00160.jpg,datasets_cloudmask/dataset_cropped/10_Metas/21/11/20191021114200_00160.png,290,11.1,283,16.3,961
10/21/2019 11:43,datasets/dataset_cropped/10_Metas/21/11/20191021114300_00160.jpg,datasets_flow/dataset_cropped/10_Metas/21/11/20191021114300_00160.jpg,datasets_cloudmask/dataset_cropped/10_Metas/21/11/20191021114300_00160.png,290.2,19.7,277.5,16.2,961
10/21/2019 11:44,datasets/dataset_cropped/10_Metas/21/11/20191021114400_00160.jpg,datasets_flow/dataset_cropped/10_Metas/21/11/20191021114400_00160.jpg,datasets_cloudmask/dataset_cropped/10_Metas/21/11/20191021114400_00160.png,394.6,130.9,308.7,16,961
10/21/2019 11:45,datasets/dataset_cropped/10_Metas/21/11/20191021114500_00160.jpg,datasets_flow/dataset_cropped/10_Metas/21/11/20191021114500_00160.jpg,datasets_cloudmask/dataset_cropped/10_Metas/21/11/20191021114500_00160.png,373.5,112.5,301.3,16,961
10/21/2019 11:46,datasets/dataset_cropped/10_Metas/21/11/20191021114600_00160.jpg,datasets_flow/dataset_cropped/10_Metas/21/11/20191021114600_00160.jpg,datasets_cloudmask/dataset_cropped/10_Metas/21/11/20191021114600_00160.png,286.8,28.7,268.4,16,960
10/21/2019 11:47,datasets/dataset_cropped/10_Metas/21/11/20191021114700_00160.jpg,datasets_flow/dataset_cropped/10_Metas/21/11/20191021114700_00160.jpg,datasets_cloudmask/dataset_cropped/10_Metas/21/11/20191021114700_00160.png,252.7,3.9,249.4,16,960
10/21/2019 11:48,datasets/dataset_cropped/10_Metas/21/11/20191021114800_00160.jpg,datasets_flow/dataset_cropped/10_Metas/21/11/20191021114800_00160.jpg,datasets_cloudmask/dataset_cropped/10_Metas/21/11/20191021114800_00160.png,251.7,7.7,245.7,15.9,960
10/21/2019 11:49,datasets/dataset_cropped/10_Metas/21/11/20191021114900_00160.jpg,datasets_flow/dataset_cropped/10_Metas/21/11/20191021114900_00160.jpg,datasets_cloudmask/dataset_cropped/10_Metas/21/11/20191021114900_00160.png,231.1,1,229.4,15.8,960
10/21/2019 11:50,datasets/dataset_cropped/10_Metas/21/11/20191021115000_00160.jpg,datasets_flow/dataset_cropped/10_Metas/21/11/20191021115000_00160.jpg,datasets_cloudmask/dataset_cropped/10_Metas/21/11/20191021115000_00160.png,223.7,2.6,220.3,15.8,960
10/21/2019 11:51,datasets/dataset_cropped/10_Metas/21/11/20191021115100_00160.jpg,datasets_flow/dataset_cropped/10_Metas/21/11/20191021115100_00160.jpg,datasets_cloudmask/dataset_cropped/10_Metas/21/11/20191021115100_00160.png,210.9,0.2,209.7,15.8,960
10/21/2019 11:52,datasets/dataset_cropped/10_Metas/21/11/20191021115200_00160.jpg,datasets_flow/dataset_cropped/10_Metas/21/11/20191021115200_00160.jpg,datasets_cloudmask/dataset_cropped/10_Metas/21/11/20191021115200_00160.png,283.6,78.8,230.1,15.9,961
10/21/2019 11:53,datasets/dataset_cropped/10_Metas/21/11/20191021115300_00160.jpg,datasets_flow/dataset_cropped/10_Metas/21/11/20191021115300_00160.jpg,datasets_cloudmask/dataset_cropped/10_Metas/21/11/20191021115300_00160.png,251.7,22.1,234.9,16,960
10/21/2019 11:54,datasets/dataset_cropped/10_Metas/21/11/20191021115400_00160.jpg,datasets_flow/dataset_cropped/10_Metas/21/11/20191021115400_00160.jpg,datasets_cloudmask/dataset_cropped/10_Metas/21/11/20191021115400_00160.png,269.9,56.2,231.1,16,960
10/21/2019 11:55,datasets/dataset_cropped/10_Metas/21/11/20191021115500_00160.jpg,datasets_flow/dataset_cropped/10_Metas/21/11/20191021115500_00160.jpg,datasets_cloudmask/dataset_cropped/10_Metas/21/11/20191021115500_00160.png,331.3,125.7,247.2,15.9,961
10/21/2019 11:56,datasets/dataset_cropped/10_Metas/21/11/20191021115600_00160.jpg,datasets_flow/dataset_cropped/10_Metas/21/11/20191021115600_00160.jpg,datasets_cloudmask/dataset_cropped/10_Metas/21/11/20191021115600_00160.png,268.8,19.6,254.5,15.9,960
10/21/2019 11:57,datasets/dataset_cropped/10_Metas/21/11/20191021115700_00160.jpg,datasets_flow/dataset_cropped/10_Metas/21/11/20191021115700_00160.jpg,datasets_cloudmask/dataset_cropped/10_Metas/21/11/20191021115700_00160.png,322.5,65.3,276.7,16.1,960
10/21/2019 11:58,datasets/dataset_cropped/10_Metas/21/11/20191021115800_00160.jpg,datasets_flow/dataset_cropped/10_Metas/21/11/20191021115800_00160.jpg,datasets_cloudmask/dataset_cropped/10_Metas/21/11/20191021115800_00160.png,485.1,306,280.7,16.2,960
10/21/2019 11:59,datasets/dataset_cropped/10_Metas/21/11/20191021115900_00160.jpg,datasets_flow/dataset_cropped/10_Metas/21/11/20191021115900_00160.jpg,datasets_cloudmask/dataset_cropped/10_Metas/21/11/20191021115900_00160.png,309.5,40,280.9,16.4,960
10/21/2019 12:00,datasets/dataset_cropped/10_Metas/21/12/20191021120000_00160.jpg,datasets_flow/dataset_cropped/10_Metas/21/12/20191021120000_00160.jpg,datasets_cloudmask/dataset_cropped/10_Metas/21/12/20191021120000_00160.png,293.6,40.8,265.7,16.5,960
10/21/2019 12:01,datasets/dataset_cropped/10_Metas/21/12/20191021120100_00160.jpg,datasets_flow/dataset_cropped/10_Metas/21/12/20191021120100_00160.jpg,datasets_cloudmask/dataset_cropped/10_Metas/21/12/20191021120100_00160.png,251.9,2.1,249.9,16.5,960
10/21/2019 12:02,datasets/dataset_cropped/10_Metas/21/12/20191021120200_00160.jpg,datasets_flow/dataset_cropped/10_Metas/21/12/20191021120200_00160.jpg,datasets_cloudmask/dataset_cropped/10_Metas/21/12/20191021120200_00160.png,257.6,6.6,252.9,16.5,960
10/21/2019 12:03,datasets/dataset_cropped/10_Metas/21/12/20191021120300_00160.jpg,datasets_flow/dataset_cropped/10_Metas/21/12/20191021120300_00160.jpg,datasets_cloudmask/dataset_cropped/10_Metas/21/12/20191021120300_00160.png,265.8,17.7,253.2,16.5,960
10/21/2019 12:04,datasets/dataset_cropped/10_Metas/21/12/20191021120400_00160.jpg,datasets_flow/dataset_cropped/10_Metas/21/12/20191021120400_00160.jpg,datasets_cloudmask/dataset_cropped/10_Metas/21/12/20191021120400_00160.png,307.1,79.7,254.2,16.3,960
10/21/2019 12:05,datasets/dataset_cropped/10_Metas/21/12/20191021120500_00160.jpg,datasets_flow/dataset_cropped/10_Metas/21/12/20191021120500_00160.jpg,datasets_cloudmask/dataset_cropped/10_Metas/21/12/20191021120500_00160.png,246.7,0.6,246.3,16.3,960
10/21/2019 12:06,datasets/dataset_cropped/10_Metas/21/12/20191021120600_00160.jpg,datasets_flow/dataset_cropped/10_Metas/21/12/20191021120600_00160.jpg,datasets_cloudmask/dataset_cropped/10_Metas/21/12/20191021120600_00160.png,236.5,0.8,236,16.2,960
10/21/2019 12:07,datasets/dataset_cropped/10_Metas/21/12/20191021120700_00160.jpg,datasets_flow/dataset_cropped/10_Metas/21/12/20191021120700_00160.jpg,datasets_cloudmask/dataset_cropped/10_Metas/21/12/20191021120700_00160.png,242,7.3,236.5,16.1,960
10/21/2019 12:08,datasets/dataset_cropped/10_Metas/21/12/20191021120800_00160.jpg,datasets_flow/dataset_cropped/10_Metas/21/12/20191021120800_00160.jpg,datasets_cloudmask/dataset_cropped/10_Metas/21/12/20191021120800_00160.png,261.4,2.6,259.1,16,960
10/21/2019 12:09,datasets/dataset_cropped/10_Metas/21/12/20191021120900_00160.jpg,datasets_flow/dataset_cropped/10_Metas/21/12/20191021120900_00160.jpg,datasets_cloudmask/dataset_cropped/10_Metas/21/12/20191021120900_00160.png,267.2,0.8,266.1,16,960
10/21/2019 12:10,datasets/dataset_cropped/10_Metas/21/12/20191021121000_00160.jpg,datasets_flow/dataset_cropped/10_Metas/21/12/20191021121000_00160.jpg,datasets_cloudmask/dataset_cropped/10_Metas/21/12/20191021121000_00160.png,255.5,0.3,254.6,16,960
10/21/2019 12:11,datasets/dataset_cropped/10_Metas/21/12/20191021121100_00160.jpg,datasets_flow/dataset_cropped/10_Metas/21/12/20191021121100_00160.jpg,datasets_cloudmask/dataset_cropped/10_Metas/21/12/20191021121100_00160.png,253.5,2.4,251.2,16,960
10/21/2019 12:12,datasets/dataset_cropped/10_Metas/21/12/20191021121200_00160.jpg,datasets_flow/dataset_cropped/10_Metas/21/12/20191021121200_00160.jpg,datasets_cloudmask/dataset_cropped/10_Metas/21/12/20191021121200_00160.png,252.6,0.2,251.8,16.1,960
10/21/2019 12:13,datasets/dataset_cropped/10_Metas/21/12/20191021121300_00160.jpg,datasets_flow/dataset_cropped/10_Metas/21/12/20191021121300_00160.jpg,datasets_cloudmask/dataset_cropped/10_Metas/21/12/20191021121300_00160.png,251,0.3,250,16,960
10/21/2019 12:14,datasets/dataset_cropped/10_Metas/21/12/20191021121400_00160.jpg,datasets_flow/dataset_cropped/10_Metas/21/12/20191021121400_00160.jpg,datasets_cloudmask/dataset_cropped/10_Metas/21/12/20191021121400_00160.png,362.6,141.4,266.4,16.1,960
10/21/2019 12:15,datasets/dataset_cropped/10_Metas/21/12/20191021121500_00160.jpg,datasets_flow/dataset_cropped/10_Metas/21/12/20191021121500_00160.jpg,datasets_cloudmask/dataset_cropped/10_Metas/21/12/20191021121500_00160.png,266.3,1.9,264.3,16,960
10/21/2019 12:16,datasets/dataset_cropped/10_Metas/21/12/20191021121600_00160.jpg,datasets_flow/dataset_cropped/10_Metas/21/12/20191021121600_00160.jpg,datasets_cloudmask/dataset_cropped/10_Metas/21/12/20191021121600_00160.png,265.1,0.4,264.5,16.1,960
10/21/2019 12:17,datasets/dataset_cropped/10_Metas/21/12/20191021121700_00160.jpg,datasets_flow/dataset_cropped/10_Metas/21/12/20191021121700_00160.jpg,datasets_cloudmask/dataset_cropped/10_Metas/21/12/20191021121700_00160.png,290.2,14.9,280.2,16.1,960
10/21/2019 12:18,datasets/dataset_cropped/10_Metas/21/12/20191021121800_00160.jpg,datasets_flow/dataset_cropped/10_Metas/21/12/20191021121800_00160.jpg,datasets_cloudmask/dataset_cropped/10_Metas/21/12/20191021121800_00160.png,326.9,35.2,302.1,16,960
10/21/2019 12:19,datasets/dataset_cropped/10_Metas/21/12/20191021121900_00160.jpg,datasets_flow/dataset_cropped/10_Metas/21/12/20191021121900_00160.jpg,datasets_cloudmask/dataset_cropped/10_Metas/21/12/20191021121900_00160.png,425.6,165.7,313.1,16.1,960
10/21/2019 12:20,datasets/dataset_cropped/10_Metas/21/12/20191021122000_00160.jpg,datasets_flow/dataset_cropped/10_Metas/21/12/20191021122000_00160.jpg,datasets_cloudmask/dataset_cropped/10_Metas/21/12/20191021122000_00160.png,302.5,7.6,297.8,16.2,960
10/21/2019 12:21,datasets/dataset_cropped/10_Metas/21/12/20191021122100_00160.jpg,datasets_flow/dataset_cropped/10_Metas/21/12/20191021122100_00160.jpg,datasets_cloudmask/dataset_cropped/10_Metas/21/12/20191021122100_00160.png,424.4,195.5,292.9,16.2,960
10/21/2019 12:22,datasets/dataset_cropped/10_Metas/21/12/20191021122200_00160.jpg,datasets_flow/dataset_cropped/10_Metas/21/12/20191021122200_00160.jpg,datasets_cloudmask/dataset_cropped/10_Metas/21/12/20191021122200_00160.png,343.3,88.9,281.9,16.2,960
10/21/2019 12:23,datasets/dataset_cropped/10_Metas/21/12/20191021122300_00160.jpg,datasets_flow/dataset_cropped/10_Metas/21/12/20191021122300_00160.jpg,datasets_cloudmask/dataset_cropped/10_Metas/21/12/20191021122300_00160.png,277.9,31.4,256.9,16.2,960
10/21/2019 12:24,datasets/dataset_cropped/10_Metas/21/12/20191021122400_00160.jpg,datasets_flow/dataset_cropped/10_Metas/21/12/20191021122400_00160.jpg,datasets_cloudmask/dataset_cropped/10_Metas/21/12/20191021122400_00160.png,328.7,109.1,254.5,16.1,960
10/21/2019 12:25,datasets/dataset_cropped/10_Metas/21/12/20191021122500_00160.jpg,datasets_flow/dataset_cropped/10_Metas/21/12/20191021122500_00160.jpg,datasets_cloudmask/dataset_cropped/10_Metas/21/12/20191021122500_00160.png,362,135.1,269.6,16.1,960
10/21/2019 12:26,datasets/dataset_cropped/10_Metas/21/12/20191021122600_00160.jpg,datasets_flow/dataset_cropped/10_Metas/21/12/20191021122600_00160.jpg,datasets_cloudmask/dataset_cropped/10_Metas/21/12/20191021122600_00160.png,501.1,253.2,327.7,16.1,960
10/21/2019 12:27,datasets/dataset_cropped/10_Metas/21/12/20191021122700_00160.jpg,datasets_flow/dataset_cropped/10_Metas/21/12/20191021122700_00160.jpg,datasets_cloudmask/dataset_cropped/10_Metas/21/12/20191021122700_00160.png,469.8,191.7,338,16.2,960
10/21/2019 12:28,datasets/dataset_cropped/10_Metas/21/12/20191021122800_00160.jpg,datasets_flow/dataset_cropped/10_Metas/21/12/20191021122800_00160.jpg,datasets_cloudmask/dataset_cropped/10_Metas/21/12/20191021122800_00160.png,414.4,125.8,328,16.2,960
10/21/2019 12:29,datasets/dataset_cropped/10_Metas/21/12/20191021122900_00160.jpg,datasets_flow/dataset_cropped/10_Metas/21/12/20191021122900_00160.jpg,datasets_cloudmask/dataset_cropped/10_Metas/21/12/20191021122900_00160.png,431.1,137.8,337.5,16.2,960
10/21/2019 12:30,datasets/dataset_cropped/10_Metas/21/12/20191021123000_00160.jpg,datasets_flow/dataset_cropped/10_Metas/21/12/20191021123000_00160.jpg,datasets_cloudmask/dataset_cropped/10_Metas/21/12/20191021123000_00160.png,397.6,78.6,343,16.2,960
10/21/2019 12:31,datasets/dataset_cropped/10_Metas/21/12/20191021123100_00160.jpg,datasets_flow/dataset_cropped/10_Metas/21/12/20191021123100_00160.jpg,datasets_cloudmask/dataset_cropped/10_Metas/21/12/20191021123100_00160.png,463.5,160.2,355.2,16.1,960
10/21/2019 12:32,datasets/dataset_cropped/10_Metas/21/12/20191021123200_00160.jpg,datasets_flow/dataset_cropped/10_Metas/21/12/20191021123200_00160.jpg,datasets_cloudmask/dataset_cropped/10_Metas/21/12/20191021123200_00160.png,598.5,398.5,327.6,16.2,960
10/21/2019 12:33,datasets/dataset_cropped/10_Metas/21/12/20191021123300_00160.jpg,datasets_flow/dataset_cropped/10_Metas/21/12/20191021123300_00160.jpg,datasets_cloudmask/dataset_cropped/10_Metas/21/12/20191021123300_00160.png,550.3,326.4,329.4,16.4,960
10/21/2019 12:34,datasets/dataset_cropped/10_Metas/21/12/20191021123400_00160.jpg,datasets_flow/dataset_cropped/10_Metas/21/12/20191021123400_00160.jpg,datasets_cloudmask/dataset_cropped/10_Metas/21/12/20191021123400_00160.png,549.5,317.7,333.7,16.5,960
10/21/2019 12:35,datasets/dataset_cropped/10_Metas/21/12/20191021123500_00160.jpg,datasets_flow/dataset_cropped/10_Metas/21/12/20191021123500_00160.jpg,datasets_cloudmask/dataset_cropped/10_Metas/21/12/20191021123500_00160.png,347.1,65.4,301.6,16.9,960
10/21/2019 12:36,datasets/dataset_cropped/10_Metas/21/12/20191021123600_00160.jpg,datasets_flow/dataset_cropped/10_Metas/21/12/20191021123600_00160.jpg,datasets_cloudmask/dataset_cropped/10_Metas/21/12/20191021123600_00160.png,526.7,345.8,291.9,17,960
10/21/2019 12:37,datasets/dataset_cropped/10_Metas/21/12/20191021123700_00160.jpg,datasets_flow/dataset_cropped/10_Metas/21/12/20191021123700_00160.jpg,datasets_cloudmask/dataset_cropped/10_Metas/21/12/20191021123700_00160.png,613.1,467.4,296.1,16.9,960
10/21/2019 12:38,datasets/dataset_cropped/10_Metas/21/12/20191021123800_00160.jpg,datasets_flow/dataset_cropped/10_Metas/21/12/20191021123800_00160.jpg,datasets_cloudmask/dataset_cropped/10_Metas/21/12/20191021123800_00160.png,569.7,413.1,288.3,16.7,960
10/21/2019 12:39,datasets/dataset_cropped/10_Metas/21/12/20191021123900_00160.jpg,datasets_flow/dataset_cropped/10_Metas/21/12/20191021123900_00160.jpg,datasets_cloudmask/dataset_cropped/10_Metas/21/12/20191021123900_00160.png,649.9,564,266.6,16.7,960
10/21/2019 12:40,datasets/dataset_cropped/10_Metas/21/12/20191021124000_00160.jpg,datasets_flow/dataset_cropped/10_Metas/21/12/20191021124000_00160.jpg,datasets_cloudmask/dataset_cropped/10_Metas/21/12/20191021124000_00160.png,409.4,231.6,251.8,16.7,960
10/21/2019 12:41,datasets/dataset_cropped/10_Metas/21/12/20191021124100_00160.jpg,datasets_flow/dataset_cropped/10_Metas/21/12/20191021124100_00160.jpg,datasets_cloudmask/dataset_cropped/10_Metas/21/12/20191021124100_00160.png,288.2,56.2,248.6,16.7,960
10/21/2019 12:42,datasets/dataset_cropped/10_Metas/21/12/20191021124200_00160.jpg,datasets_flow/dataset_cropped/10_Metas/21/12/20191021124200_00160.jpg,datasets_cloudmask/dataset_cropped/10_Metas/21/12/20191021124200_00160.png,310.9,98.6,243.1,16.6,960
10/21/2019 12:43,datasets/dataset_cropped/10_Metas/21/12/20191021124300_00160.jpg,datasets_flow/dataset_cropped/10_Metas/21/12/20191021124300_00160.jpg,datasets_cloudmask/dataset_cropped/10_Metas/21/12/20191021124300_00160.png,359,153.7,253.7,16.5,960
10/21/2019 12:44,datasets/dataset_cropped/10_Metas/21/12/20191021124400_00160.jpg,datasets_flow/dataset_cropped/10_Metas/21/12/20191021124400_00160.jpg,datasets_cloudmask/dataset_cropped/10_Metas/21/12/20191021124400_00160.png,260.8,27.1,241.7,16.6,960
10/21/2019 12:45,datasets/dataset_cropped/10_Metas/21/12/20191021124500_00160.jpg,datasets_flow/dataset_cropped/10_Metas/21/12/20191021124500_00160.jpg,datasets_cloudmask/dataset_cropped/10_Metas/21/12/20191021124500_00160.png,237.2,4,234.3,16.7,960
10/21/2019 12:46,datasets/dataset_cropped/10_Metas/21/12/20191021124600_00160.jpg,datasets_flow/dataset_cropped/10_Metas/21/12/20191021124600_00160.jpg,datasets_cloudmask/dataset_cropped/10_Metas/21/12/20191021124600_00160.png,286.8,72.1,236.3,16.8,960
10/21/2019 12:47,datasets/dataset_cropped/10_Metas/21/12/20191021124700_00160.jpg,datasets_flow/dataset_cropped/10_Metas/21/12/20191021124700_00160.jpg,datasets_cloudmask/dataset_cropped/10_Metas/21/12/20191021124700_00160.png,295.3,84.2,237,16.8,960
10/21/2019 12:48,datasets/dataset_cropped/10_Metas/21/12/20191021124800_00160.jpg,datasets_flow/dataset_cropped/10_Metas/21/12/20191021124800_00160.jpg,datasets_cloudmask/dataset_cropped/10_Metas/21/12/20191021124800_00160.png,321.1,108.3,244,16.8,960
10/21/2019 12:49,datasets/dataset_cropped/10_Metas/21/12/20191021124900_00160.jpg,datasets_flow/dataset_cropped/10_Metas/21/12/20191021124900_00160.jpg,datasets_cloudmask/dataset_cropped/10_Metas/21/12/20191021124900_00160.png,464.5,305.3,254.5,16.9,960
10/21/2019 12:50,datasets/dataset_cropped/10_Metas/21/12/20191021125000_00160.jpg,datasets_flow/dataset_cropped/10_Metas/21/12/20191021125000_00160.jpg,datasets_cloudmask/dataset_cropped/10_Metas/21/12/20191021125000_00160.png,507.5,352.5,265.9,17.1,960
10/21/2019 12:51,datasets/dataset_cropped/10_Metas/21/12/20191021125100_00160.jpg,datasets_flow/dataset_cropped/10_Metas/21/12/20191021125100_00160.jpg,datasets_cloudmask/dataset_cropped/10_Metas/21/12/20191021125100_00160.png,495.8,342,261,17.2,960
10/21/2019 12:52,datasets/dataset_cropped/10_Metas/21/12/20191021125200_00160.jpg,datasets_flow/dataset_cropped/10_Metas/21/12/20191021125200_00160.jpg,datasets_cloudmask/dataset_cropped/10_Metas/21/12/20191021125200_00160.png,432.5,262.2,252.8,17.2,960
10/21/2019 12:53,datasets/dataset_cropped/10_Metas/21/12/20191021125300_00160.jpg,datasets_flow/dataset_cropped/10_Metas/21/12/20191021125300_00160.jpg,datasets_cloudmask/dataset_cropped/10_Metas/21/12/20191021125300_00160.png,633.4,531.5,270.2,17.2,960
10/21/2019 12:54,datasets/dataset_cropped/10_Metas/21/12/20191021125400_00160.jpg,datasets_flow/dataset_cropped/10_Metas/21/12/20191021125400_00160.jpg,datasets_cloudmask/dataset_cropped/10_Metas/21/12/20191021125400_00160.png,303.8,47.7,270.3,17.2,960
10/21/2019 12:55,datasets/dataset_cropped/10_Metas/21/12/20191021125500_00160.jpg,datasets_flow/dataset_cropped/10_Metas/21/12/20191021125500_00160.jpg,datasets_cloudmask/dataset_cropped/10_Metas/21/12/20191021125500_00160.png,346.8,87.1,285.9,17.1,960
10/21/2019 12:56,datasets/dataset_cropped/10_Metas/21/12/20191021125600_00160.jpg,datasets_flow/dataset_cropped/10_Metas/21/12/20191021125600_00160.jpg,datasets_cloudmask/dataset_cropped/10_Metas/21/12/20191021125600_00160.png,587,417.6,300.5,17,960
10/21/2019 12:57,datasets/dataset_cropped/10_Metas/21/12/20191021125700_00160.jpg,datasets_flow/dataset_cropped/10_Metas/21/12/20191021125700_00160.jpg,datasets_cloudmask/dataset_cropped/10_Metas/21/12/20191021125700_00160.png,782.7,697.3,308.1,16.7,960
10/21/2019 12:58,datasets/dataset_cropped/10_Metas/21/12/20191021125800_00160.jpg,datasets_flow/dataset_cropped/10_Metas/21/12/20191021125800_00160.jpg,datasets_cloudmask/dataset_cropped/10_Metas/21/12/20191021125800_00160.png,316.8,42.5,284.9,16.7,960
10/21/2019 12:59,datasets/dataset_cropped/10_Metas/21/12/20191021125900_00160.jpg,datasets_flow/dataset_cropped/10_Metas/21/12/20191021125900_00160.jpg,datasets_cloudmask/dataset_cropped/10_Metas/21/12/20191021125900_00160.png,445.7,232.8,286.4,16.7,960
10/21/2019 13:00,datasets/dataset_cropped/10_Metas/21/13/20191021130000_00160.jpg,datasets_flow/dataset_cropped/10_Metas/21/13/20191021130000_00160.jpg,datasets_cloudmask/dataset_cropped/10_Metas/21/13/20191021130000_00160.png,650.5,518.5,297,16.7,960
10/21/2019 13:01,datasets/dataset_cropped/10_Metas/21/13/20191021130100_00160.jpg,datasets_flow/dataset_cropped/10_Metas/21/13/20191021130100_00160.jpg,datasets_cloudmask/dataset_cropped/10_Metas/21/13/20191021130100_00160.png,742.7,666,289.8,16.8,960
10/21/2019 13:02,datasets/dataset_cropped/10_Metas/21/13/20191021130200_00160.jpg,datasets_flow/dataset_cropped/10_Metas/21/13/20191021130200_00160.jpg,datasets_cloudmask/dataset_cropped/10_Metas/21/13/20191021130200_00160.png,507.8,333.9,280.2,17,960
10/21/2019 13:03,datasets/dataset_cropped/10_Metas/21/13/20191021130300_00160.jpg,datasets_flow/dataset_cropped/10_Metas/21/13/20191021130300_00160.jpg,datasets_cloudmask/dataset_cropped/10_Metas/21/13/20191021130300_00160.png,655.8,550.6,280.9,17.2,960
10/21/2019 13:04,datasets/dataset_cropped/10_Metas/21/13/20191021130400_00160.jpg,datasets_flow/dataset_cropped/10_Metas/21/13/20191021130400_00160.jpg,datasets_cloudmask/dataset_cropped/10_Metas/21/13/20191021130400_00160.png,627.5,490.5,292.7,17.2,960
10/21/2019 13:05,datasets/dataset_cropped/10_Metas/21/13/20191021130500_00160.jpg,datasets_flow/dataset_cropped/10_Metas/21/13/20191021130500_00160.jpg,datasets_cloudmask/dataset_cropped/10_Metas/21/13/20191021130500_00160.png,623.3,490.9,287.2,17.4,960
10/21/2019 13:06,datasets/dataset_cropped/10_Metas/21/13/20191021130600_00160.jpg,datasets_flow/dataset_cropped/10_Metas/21/13/20191021130600_00160.jpg,datasets_cloudmask/dataset_cropped/10_Metas/21/13/20191021130600_00160.png,744.8,672.4,287.7,17.8,960
10/21/2019 13:07,datasets/dataset_cropped/10_Metas/21/13/20191021130700_00160.jpg,datasets_flow/dataset_cropped/10_Metas/21/13/20191021130700_00160.jpg,datasets_cloudmask/dataset_cropped/10_Metas/21/13/20191021130700_00160.png,447.1,220.6,295,17.9,960
10/21/2019 13:08,datasets/dataset_cropped/10_Metas/21/13/20191021130800_00160.jpg,datasets_flow/dataset_cropped/10_Metas/21/13/20191021130800_00160.jpg,datasets_cloudmask/dataset_cropped/10_Metas/21/13/20191021130800_00160.png,447.8,216.7,299.5,17.7,960
10/21/2019 13:09,datasets/dataset_cropped/10_Metas/21/13/20191021130900_00160.jpg,datasets_flow/dataset_cropped/10_Metas/21/13/20191021130900_00160.jpg,datasets_cloudmask/dataset_cropped/10_Metas/21/13/20191021130900_00160.png,615.1,450.9,308.8,17.7,960
10/21/2019 13:10,datasets/dataset_cropped/10_Metas/21/13/20191021131000_00160.jpg,datasets_flow/dataset_cropped/10_Metas/21/13/20191021131000_00160.jpg,datasets_cloudmask/dataset_cropped/10_Metas/21/13/20191021131000_00160.png,761.8,666.2,310.2,17.8,960
10/21/2019 13:11,datasets/dataset_cropped/10_Metas/21/13/20191021131100_00160.jpg,datasets_flow/dataset_cropped/10_Metas/21/13/20191021131100_00160.jpg,datasets_cloudmask/dataset_cropped/10_Metas/21/13/20191021131100_00160.png,456.1,217.7,307.6,17.9,960
10/21/2019 13:12,datasets/dataset_cropped/10_Metas/21/13/20191021131200_00160.jpg,datasets_flow/dataset_cropped/10_Metas/21/13/20191021131200_00160.jpg,datasets_cloudmask/dataset_cropped/10_Metas/21/13/20191021131200_00160.png,608.5,433.4,313.3,18.2,960
10/21/2019 13:13,datasets/dataset_cropped/10_Metas/21/13/20191021131300_00160.jpg,datasets_flow/dataset_cropped/10_Metas/21/13/20191021131300_00160.jpg,datasets_cloudmask/dataset_cropped/10_Metas/21/13/20191021131300_00160.png,686,544.8,316.3,18.1,960
10/21/2019 13:14,datasets/dataset_cropped/10_Metas/21/13/20191021131400_00160.jpg,datasets_flow/dataset_cropped/10_Metas/21/13/20191021131400_00160.jpg,datasets_cloudmask/dataset_cropped/10_Metas/21/13/20191021131400_00160.png,493.1,249.9,322.2,17.9,960
10/21/2019 13:15,datasets/dataset_cropped/10_Metas/21/13/20191021131500_00160.jpg,datasets_flow/dataset_cropped/10_Metas/21/13/20191021131500_00160.jpg,datasets_cloudmask/dataset_cropped/10_Metas/21/13/20191021131500_00160.png,568,361.6,321.6,17.6,960
10/21/2019 13:16,datasets/dataset_cropped/10_Metas/21/13/20191021131600_00160.jpg,datasets_flow/dataset_cropped/10_Metas/21/13/20191021131600_00160.jpg,datasets_cloudmask/dataset_cropped/10_Metas/21/13/20191021131600_00160.png,584,375.6,327.8,17.4,959
10/21/2019 13:17,datasets/dataset_cropped/10_Metas/21/13/20191021131700_00160.jpg,datasets_flow/dataset_cropped/10_Metas/21/13/20191021131700_00160.jpg,datasets_cloudmask/dataset_cropped/10_Metas/21/13/20191021131700_00160.png,734.6,585.8,337.9,17.5,959
10/21/2019 13:18,datasets/dataset_cropped/10_Metas/21/13/20191021131800_00160.jpg,datasets_flow/dataset_cropped/10_Metas/21/13/20191021131800_00160.jpg,datasets_cloudmask/dataset_cropped/10_Metas/21/13/20191021131800_00160.png,480.1,206.6,337.4,17.5,960
10/21/2019 13:19,datasets/dataset_cropped/10_Metas/21/13/20191021131900_00160.jpg,datasets_flow/dataset_cropped/10_Metas/21/13/20191021131900_00160.jpg,datasets_cloudmask/dataset_cropped/10_Metas/21/13/20191021131900_00160.png,660.8,483.8,333.8,17.5,959
10/21/2019 13:20,datasets/dataset_cropped/10_Metas/21/13/20191021132000_00160.jpg,datasets_flow/dataset_cropped/10_Metas/21/13/20191021132000_00160.jpg,datasets_cloudmask/dataset_cropped/10_Metas/21/13/20191021132000_00160.png,762.6,639.8,330.7,17.5,959
10/21/2019 13:21,datasets/dataset_cropped/10_Metas/21/13/20191021132100_00160.jpg,datasets_flow/dataset_cropped/10_Metas/21/13/20191021132100_00160.jpg,datasets_cloudmask/dataset_cropped/10_Metas/21/13/20191021132100_00160.png,625,430.3,332.6,17.4,959
10/21/2019 13:22,datasets/dataset_cropped/10_Metas/21/13/20191021132200_00160.jpg,datasets_flow/dataset_cropped/10_Metas/21/13/20191021132200_00160.jpg,datasets_cloudmask/dataset_cropped/10_Metas/21/13/20191021132200_00160.png,431,143.6,330.7,17.4,959
10/21/2019 13:23,datasets/dataset_cropped/10_Metas/21/13/20191021132300_00160.jpg,datasets_flow/dataset_cropped/10_Metas/21/13/20191021132300_00160.jpg,datasets_cloudmask/dataset_cropped/10_Metas/21/13/20191021132300_00160.png,574.7,347.8,337.1,17.3,959
10/21/2019 13:24,datasets/dataset_cropped/10_Metas/21/13/20191021132400_00160.jpg,datasets_flow/dataset_cropped/10_Metas/21/13/20191021132400_00160.jpg,datasets_cloudmask/dataset_cropped/10_Metas/21/13/20191021132400_00160.png,535.8,276.3,347.8,17.2,959
10/21/2019 13:25,datasets/dataset_cropped/10_Metas/21/13/20191021132500_00160.jpg,datasets_flow/dataset_cropped/10_Metas/21/13/20191021132500_00160.jpg,datasets_cloudmask/dataset_cropped/10_Metas/21/13/20191021132500_00160.png,623.3,406.4,347.3,17.3,959
10/21/2019 13:26,datasets/dataset_cropped/10_Metas/21/13/20191021132600_00160.jpg,datasets_flow/dataset_cropped/10_Metas/21/13/20191021132600_00160.jpg,datasets_cloudmask/dataset_cropped/10_Metas/21/13/20191021132600_00160.png,617,406.9,340.6,17.3,959
10/21/2019 13:27,datasets/dataset_cropped/10_Metas/21/13/20191021132700_00160.jpg,datasets_flow/dataset_cropped/10_Metas/21/13/20191021132700_00160.jpg,datasets_cloudmask/dataset_cropped/10_Metas/21/13/20191021132700_00160.png,772.8,629.2,350.1,17.2,959
10/21/2019 13:28,datasets/dataset_cropped/10_Metas/21/13/20191021132800_00160.jpg,datasets_flow/dataset_cropped/10_Metas/21/13/20191021132800_00160.jpg,datasets_cloudmask/dataset_cropped/10_Metas/21/13/20191021132800_00160.png,793.9,644.5,361.7,17.5,959
10/21/2019 13:29,datasets/dataset_cropped/10_Metas/21/13/20191021132900_00160.jpg,datasets_flow/dataset_cropped/10_Metas/21/13/20191021132900_00160.jpg,datasets_cloudmask/dataset_cropped/10_Metas/21/13/20191021132900_00160.png,633,397.6,363.2,17.7,959
10/21/2019 13:30,datasets/dataset_cropped/10_Metas/21/13/20191021133000_00160.jpg,datasets_flow/dataset_cropped/10_Metas/21/13/20191021133000_00160.jpg,datasets_cloudmask/dataset_cropped/10_Metas/21/13/20191021133000_00160.png,523.4,244.1,357,17.7,959
10/21/2019 13:31,datasets/dataset_cropped/10_Metas/21/13/20191021133100_00160.jpg,datasets_flow/dataset_cropped/10_Metas/21/13/20191021133100_00160.jpg,datasets_cloudmask/dataset_cropped/10_Metas/21/13/20191021133100_00160.png,476.8,176.4,324.3,17.7,959
10/21/2019 13:32,datasets/dataset_cropped/10_Metas/21/13/20191021133200_00160.jpg,datasets_flow/dataset_cropped/10_Metas/21/13/20191021133200_00160.jpg,datasets_cloudmask/dataset_cropped/10_Metas/21/13/20191021133200_00160.png,467.1,183.2,363.1,17.7,959
10/21/2019 13:33,datasets/dataset_cropped/10_Metas/21/13/20191021133300_00160.jpg,datasets_flow/dataset_cropped/10_Metas/21/13/20191021133300_00160.jpg,datasets_cloudmask/dataset_cropped/10_Metas/21/13/20191021133300_00160.png,481.7,156.9,373.9,17.5,959
10/21/2019 13:34,datasets/dataset_cropped/10_Metas/21/13/20191021133400_00160.jpg,datasets_flow/dataset_cropped/10_Metas/21/13/20191021133400_00160.jpg,datasets_cloudmask/dataset_cropped/10_Metas/21/13/20191021133400_00160.png,545.1,245.8,378.1,17.6,959
10/21/2019 13:35,datasets/dataset_cropped/10_Metas/21/13/20191021133500_00160.jpg,datasets_flow/dataset_cropped/10_Metas/21/13/20191021133500_00160.jpg,datasets_cloudmask/dataset_cropped/10_Metas/21/13/20191021133500_00160.png,562.7,259.3,386.6,17.6,959
10/21/2019 13:36,datasets/dataset_cropped/10_Metas/21/13/20191021133600_00160.jpg,datasets_flow/dataset_cropped/10_Metas/21/13/20191021133600_00160.jpg,datasets_cloudmask/dataset_cropped/10_Metas/21/13/20191021133600_00160.png,533.3,206.2,392.2,17.6,959
10/21/2019 13:37,datasets/dataset_cropped/10_Metas/21/13/20191021133700_00160.jpg,datasets_flow/dataset_cropped/10_Metas/21/13/20191021133700_00160.jpg,datasets_cloudmask/dataset_cropped/10_Metas/21/13/20191021133700_00160.png,538,206.4,397.1,17.6,959
10/21/2019 13:38,datasets/dataset_cropped/10_Metas/21/13/20191021133800_00160.jpg,datasets_flow/dataset_cropped/10_Metas/21/13/20191021133800_00160.jpg,datasets_cloudmask/dataset_cropped/10_Metas/21/13/20191021133800_00160.png,468.1,94.8,400.6,17.5,959
10/21/2019 13:39,datasets/dataset_cropped/10_Metas/21/13/20191021133900_00160.jpg,datasets_flow/dataset_cropped/10_Metas/21/13/20191021133900_00160.jpg,datasets_cloudmask/dataset_cropped/10_Metas/21/13/20191021133900_00160.png,518.2,136.8,422.9,17.4,959
10/21/2019 13:40,datasets/dataset_cropped/10_Metas/21/13/20191021134000_00160.jpg,datasets_flow/dataset_cropped/10_Metas/21/13/20191021134000_00160.jpg,datasets_cloudmask/dataset_cropped/10_Metas/21/13/20191021134000_00160.png,504.1,117.4,422.5,17.6,959
10/21/2019 13:41,datasets/dataset_cropped/10_Metas/21/13/20191021134100_00160.jpg,datasets_flow/dataset_cropped/10_Metas/21/13/20191021134100_00160.jpg,datasets_cloudmask/dataset_cropped/10_Metas/21/13/20191021134100_00160.png,504.3,120.2,420.7,17.8,959
10/21/2019 13:42,datasets/dataset_cropped/10_Metas/21/13/20191021134200_00160.jpg,datasets_flow/dataset_cropped/10_Metas/21/13/20191021134200_00160.jpg,datasets_cloudmask/dataset_cropped/10_Metas/21/13/20191021134200_00160.png,483.4,88.9,420.7,17.9,959
10/21/2019 13:43,datasets/dataset_cropped/10_Metas/21/13/20191021134300_00160.jpg,datasets_flow/dataset_cropped/10_Metas/21/13/20191021134300_00160.jpg,datasets_cloudmask/dataset_cropped/10_Metas/21/13/20191021134300_00160.png,476.4,91.4,412.4,17.8,959
10/21/2019 13:44,datasets/dataset_cropped/10_Metas/21/13/20191021134400_00160.jpg,datasets_flow/dataset_cropped/10_Metas/21/13/20191021134400_00160.jpg,datasets_cloudmask/dataset_cropped/10_Metas/21/13/20191021134400_00160.png,435.5,47.8,400.3,17.6,959
10/21/2019 13:45,datasets/dataset_cropped/10_Metas/21/13/20191021134500_00160.jpg,datasets_flow/dataset_cropped/10_Metas/21/13/20191021134500_00160.jpg,datasets_cloudmask/dataset_cropped/10_Metas/21/13/20191021134500_00160.png,430.8,45.4,396.7,17.7,959
10/21/2019 13:46,datasets/dataset_cropped/10_Metas/21/13/20191021134600_00160.jpg,datasets_flow/dataset_cropped/10_Metas/21/13/20191021134600_00160.jpg,datasets_cloudmask/dataset_cropped/10_Metas/21/13/20191021134600_00160.png,440.1,50,403.5,17.8,959
10/21/2019 13:47,datasets/dataset_cropped/10_Metas/21/13/20191021134700_00160.jpg,datasets_flow/dataset_cropped/10_Metas/21/13/20191021134700_00160.jpg,datasets_cloudmask/dataset_cropped/10_Metas/21/13/20191021134700_00160.png,464.8,66.6,417.7,17.8,959
10/21/2019 13:48,datasets/dataset_cropped/10_Metas/21/13/20191021134800_00160.jpg,datasets_flow/dataset_cropped/10_Metas/21/13/20191021134800_00160.jpg,datasets_cloudmask/dataset_cropped/10_Metas/21/13/20191021134800_00160.png,457.3,53.6,419.1,17.6,959
10/21/2019 13:49,datasets/dataset_cropped/10_Metas/21/13/20191021134900_00160.jpg,datasets_flow/dataset_cropped/10_Metas/21/13/20191021134900_00160.jpg,datasets_cloudmask/dataset_cropped/10_Metas/21/13/20191021134900_00160.png,439.2,36.3,412.6,17.6,959
10/21/2019 13:50,datasets/dataset_cropped/10_Metas/21/13/20191021135000_00160.jpg,datasets_flow/dataset_cropped/10_Metas/21/13/20191021135000_00160.jpg,datasets_cloudmask/dataset_cropped/10_Metas/21/13/20191021135000_00160.png,445.6,49.3,410.7,17.7,959
10/21/2019 13:51,datasets/dataset_cropped/10_Metas/21/13/20191021135100_00160.jpg,datasets_flow/dataset_cropped/10_Metas/21/13/20191021135100_00160.jpg,datasets_cloudmask/dataset_cropped/10_Metas/21/13/20191021135100_00160.png,446.3,55.6,407.4,17.6,959
10/21/2019 13:52,datasets/dataset_cropped/10_Metas/21/13/20191021135200_00160.jpg,datasets_flow/dataset_cropped/10_Metas/21/13/20191021135200_00160.jpg,datasets_cloudmask/dataset_cropped/10_Metas/21/13/20191021135200_00160.png,429.4,32.5,406.3,17.6,959
10/21/2019 13:53,datasets/dataset_cropped/10_Metas/21/13/20191021135300_00160.jpg,datasets_flow/dataset_cropped/10_Metas/21/13/20191021135300_00160.jpg,datasets_cloudmask/dataset_cropped/10_Metas/21/13/20191021135300_00160.png,437.4,33.6,413.4,17.6,959
10/21/2019 13:54,datasets/dataset_cropped/10_Metas/21/13/20191021135400_00160.jpg,datasets_flow/dataset_cropped/10_Metas/21/13/20191021135400_00160.jpg,datasets_cloudmask/dataset_cropped/10_Metas/21/13/20191021135400_00160.png,446.7,42.1,417.1,17.6,959
10/21/2019 13:55,datasets/dataset_cropped/10_Metas/21/13/20191021135500_00160.jpg,datasets_flow/dataset_cropped/10_Metas/21/13/20191021135500_00160.jpg,datasets_cloudmask/dataset_cropped/10_Metas/21/13/20191021135500_00160.png,430.9,21.4,415.2,17.6,959
10/21/2019 13:56,datasets/dataset_cropped/10_Metas/21/13/20191021135600_00160.jpg,datasets_flow/dataset_cropped/10_Metas/21/13/20191021135600_00160.jpg,datasets_cloudmask/dataset_cropped/10_Metas/21/13/20191021135600_00160.png,425.3,16.8,414,17.5,959
10/21/2019 13:57,datasets/dataset_cropped/10_Metas/21/13/20191021135700_00160.jpg,datasets_flow/dataset_cropped/10_Metas/21/13/20191021135700_00160.jpg,datasets_cloudmask/dataset_cropped/10_Metas/21/13/20191021135700_00160.png,424.2,22.5,409.1,17.5,959
10/21/2019 13:58,datasets/dataset_cropped/10_Metas/21/13/20191021135800_00160.jpg,datasets_flow/dataset_cropped/10_Metas/21/13/20191021135800_00160.jpg,datasets_cloudmask/dataset_cropped/10_Metas/21/13/20191021135800_00160.png,413.7,16.7,402.5,17.6,959
10/21/2019 13:59,datasets/dataset_cropped/10_Metas/21/13/20191021135900_00160.jpg,datasets_flow/dataset_cropped/10_Metas/21/13/20191021135900_00160.jpg,datasets_cloudmask/dataset_cropped/10_Metas/21/13/20191021135900_00160.png,410.7,19,398.1,17.7,959
10/21/2019 14:00,datasets/dataset_cropped/10_Metas/21/14/20191021140000_00160.jpg,datasets_flow/dataset_cropped/10_Metas/21/14/20191021140000_00160.jpg,datasets_cloudmask/dataset_cropped/10_Metas/21/14/20191021140000_00160.png,401.5,10.8,394.3,17.9,959
10/21/2019 14:01,datasets/dataset_cropped/10_Metas/21/14/20191021140100_00160.jpg,datasets_flow/dataset_cropped/10_Metas/21/14/20191021140100_00160.jpg,datasets_cloudmask/dataset_cropped/10_Metas/21/14/20191021140100_00160.png,406,17.2,394.4,18,959
10/21/2019 14:02,datasets/dataset_cropped/10_Metas/21/14/20191021140200_00160.jpg,datasets_flow/dataset_cropped/10_Metas/21/14/20191021140200_00160.jpg,datasets_cloudmask/dataset_cropped/10_Metas/21/14/20191021140200_00160.png,409.4,17.9,397.4,18,959
10/21/2019 14:03,datasets/dataset_cropped/10_Metas/21/14/20191021140300_00160.jpg,datasets_flow/dataset_cropped/10_Metas/21/14/20191021140300_00160.jpg,datasets_cloudmask/dataset_cropped/10_Metas/21/14/20191021140300_00160.png,408.2,15.8,397,18.2,959
10/21/2019 14:04,datasets/dataset_cropped/10_Metas/21/14/20191021140400_00160.jpg,datasets_flow/dataset_cropped/10_Metas/21/14/20191021140400_00160.jpg,datasets_cloudmask/dataset_cropped/10_Metas/21/14/20191021140400_00160.png,399.9,14.6,389.8,18.3,959
10/21/2019 14:05,datasets/dataset_cropped/10_Metas/21/14/20191021140500_00160.jpg,datasets_flow/dataset_cropped/10_Metas/21/14/20191021140500_00160.jpg,datasets_cloudmask/dataset_cropped/10_Metas/21/14/20191021140500_00160.png,381.2,6.6,376.4,18.2,959
10/21/2019 14:06,datasets/dataset_cropped/10_Metas/21/14/20191021140600_00160.jpg,datasets_flow/dataset_cropped/10_Metas/21/14/20191021140600_00160.jpg,datasets_cloudmask/dataset_cropped/10_Metas/21/14/20191021140600_00160.png,381.2,17.1,369.6,18.3,959
10/21/2019 14:07,datasets/dataset_cropped/10_Metas/21/14/20191021140700_00160.jpg,datasets_flow/dataset_cropped/10_Metas/21/14/20191021140700_00160.jpg,datasets_cloudmask/dataset_cropped/10_Metas/21/14/20191021140700_00160.png,375.3,7.4,369.9,18.3,959
10/21/2019 14:08,datasets/dataset_cropped/10_Metas/21/14/20191021140800_00160.jpg,datasets_flow/dataset_cropped/10_Metas/21/14/20191021140800_00160.jpg,datasets_cloudmask/dataset_cropped/10_Metas/21/14/20191021140800_00160.png,375.9,3.4,372.7,18.4,959
10/21/2019 14:09,datasets/dataset_cropped/10_Metas/21/14/20191021140900_00160.jpg,datasets_flow/dataset_cropped/10_Metas/21/14/20191021140900_00160.jpg,datasets_cloudmask/dataset_cropped/10_Metas/21/14/20191021140900_00160.png,383,5.6,378.1,18.3,959
10/21/2019 14:10,datasets/dataset_cropped/10_Metas/21/14/20191021141000_00160.jpg,datasets_flow/dataset_cropped/10_Metas/21/14/20191021141000_00160.jpg,datasets_cloudmask/dataset_cropped/10_Metas/21/14/20191021141000_00160.png,395.4,12.1,386.5,18.4,959
10/21/2019 14:11,datasets/dataset_cropped/10_Metas/21/14/20191021141100_00160.jpg,datasets_flow/dataset_cropped/10_Metas/21/14/20191021141100_00160.jpg,datasets_cloudmask/dataset_cropped/10_Metas/21/14/20191021141100_00160.png,397.5,5.9,392.4,18.5,959
10/21/2019 14:12,datasets/dataset_cropped/10_Metas/21/14/20191021141200_00160.jpg,datasets_flow/dataset_cropped/10_Metas/21/14/20191021141200_00160.jpg,datasets_cloudmask/dataset_cropped/10_Metas/21/14/20191021141200_00160.png,413.5,15.1,402.3,18.4,959
10/21/2019 14:13,datasets/dataset_cropped/10_Metas/21/14/20191021141300_00160.jpg,datasets_flow/dataset_cropped/10_Metas/21/14/20191021141300_00160.jpg,datasets_cloudmask/dataset_cropped/10_Metas/21/14/20191021141300_00160.png,412.5,9.2,405.3,18.2,959
10/21/2019 14:14,datasets/dataset_cropped/10_Metas/21/14/20191021141400_00160.jpg,datasets_flow/dataset_cropped/10_Metas/21/14/20191021141400_00160.jpg,datasets_cloudmask/dataset_cropped/10_Metas/21/14/20191021141400_00160.png,414.2,10.7,406.1,18.1,959
10/21/2019 14:15,datasets/dataset_cropped/10_Metas/21/14/20191021141500_00160.jpg,datasets_flow/dataset_cropped/10_Metas/21/14/20191021141500_00160.jpg,datasets_cloudmask/dataset_cropped/10_Metas/21/14/20191021141500_00160.png,413.7,16.6,402,18.1,959
10/21/2019 14:16,datasets/dataset_cropped/10_Metas/21/14/20191021141600_00160.jpg,datasets_flow/dataset_cropped/10_Metas/21/14/20191021141600_00160.jpg,datasets_cloudmask/dataset_cropped/10_Metas/21/14/20191021141600_00160.png,401.4,11.8,393.1,18.2,959
10/21/2019 14:17,datasets/dataset_cropped/10_Metas/21/14/20191021141700_00160.jpg,datasets_flow/dataset_cropped/10_Metas/21/14/20191021141700_00160.jpg,datasets_cloudmask/dataset_cropped/10_Metas/21/14/20191021141700_00160.png,405.9,20.3,392.6,18.4,959
10/21/2019 14:18,datasets/dataset_cropped/10_Metas/21/14/20191021141800_00160.jpg,datasets_flow/dataset_cropped/10_Metas/21/14/20191021141800_00160.jpg,datasets_cloudmask/dataset_cropped/10_Metas/21/14/20191021141800_00160.png,424.9,37.9,400.1,18.4,959
10/21/2019 14:19,datasets/dataset_cropped/10_Metas/21/14/20191021141900_00160.jpg,datasets_flow/dataset_cropped/10_Metas/21/14/20191021141900_00160.jpg,datasets_cloudmask/dataset_cropped/10_Metas/21/14/20191021141900_00160.png,433.4,42.3,405.4,18.3,959
10/21/2019 14:20,datasets/dataset_cropped/10_Metas/21/14/20191021142000_00160.jpg,datasets_flow/dataset_cropped/10_Metas/21/14/20191021142000_00160.jpg,datasets_cloudmask/dataset_cropped/10_Metas/21/14/20191021142000_00160.png,430.9,36,406.7,18.4,959
10/21/2019 14:21,datasets/dataset_cropped/10_Metas/21/14/20191021142100_00160.jpg,datasets_flow/dataset_cropped/10_Metas/21/14/20191021142100_00160.jpg,datasets_cloudmask/dataset_cropped/10_Metas/21/14/20191021142100_00160.png,442,44.6,412.5,18.4,959
10/21/2019 14:22,datasets/dataset_cropped/10_Metas/21/14/20191021142200_00160.jpg,datasets_flow/dataset_cropped/10_Metas/21/14/20191021142200_00160.jpg,datasets_cloudmask/dataset_cropped/10_Metas/21/14/20191021142200_00160.png,429.7,28,410.9,18.4,959
10/21/2019 14:23,datasets/dataset_cropped/10_Metas/21/14/20191021142300_00160.jpg,datasets_flow/dataset_cropped/10_Metas/21/14/20191021142300_00160.jpg,datasets_cloudmask/dataset_cropped/10_Metas/21/14/20191021142300_00160.png,429.2,33.2,407.4,18.3,959
10/21/2019 14:24,datasets/dataset_cropped/10_Metas/21/14/20191021142400_00160.jpg,datasets_flow/dataset_cropped/10_Metas/21/14/20191021142400_00160.jpg,datasets_cloudmask/dataset_cropped/10_Metas/21/14/20191021142400_00160.png,419.3,28.7,400,18.3,959
10/21/2019 14:25,datasets/dataset_cropped/10_Metas/21/14/20191021142500_00160.jpg,datasets_flow/dataset_cropped/10_Metas/21/14/20191021142500_00160.jpg,datasets_cloudmask/dataset_cropped/10_Metas/21/14/20191021142500_00160.png,419.5,33,397.3,18.4,959
10/21/2019 14:26,datasets/dataset_cropped/10_Metas/21/14/20191021142600_00160.jpg,datasets_flow/dataset_cropped/10_Metas/21/14/20191021142600_00160.jpg,datasets_cloudmask/dataset_cropped/10_Metas/21/14/20191021142600_00160.png,416.8,27.3,398.6,18.2,959
10/21/2019 14:27,datasets/dataset_cropped/10_Metas/21/14/20191021142700_00160.jpg,datasets_flow/dataset_cropped/10_Metas/21/14/20191021142700_00160.jpg,datasets_cloudmask/dataset_cropped/10_Metas/21/14/20191021142700_00160.png,403.1,15.9,392.6,18.1,959
10/21/2019 14:28,datasets/dataset_cropped/10_Metas/21/14/20191021142800_00160.jpg,datasets_flow/dataset_cropped/10_Metas/21/14/20191021142800_00160.jpg,datasets_cloudmask/dataset_cropped/10_Metas/21/14/20191021142800_00160.png,381.1,9.1,375.1,18.2,959
10/21/2019 14:29,datasets/dataset_cropped/10_Metas/21/14/20191021142900_00160.jpg,datasets_flow/dataset_cropped/10_Metas/21/14/20191021142900_00160.jpg,datasets_cloudmask/dataset_cropped/10_Metas/21/14/20191021142900_00160.png,363.6,7.5,358.8,18.2,959
10/21/2019 14:30,datasets/dataset_cropped/10_Metas/21/14/20191021143000_00160.jpg,datasets_flow/dataset_cropped/10_Metas/21/14/20191021143000_00160.jpg,datasets_cloudmask/dataset_cropped/10_Metas/21/14/20191021143000_00160.png,355,5.7,350.9,18.2,959
10/21/2019 14:31,datasets/dataset_cropped/10_Metas/21/14/20191021143100_00160.jpg,datasets_flow/dataset_cropped/10_Metas/21/14/20191021143100_00160.jpg,datasets_cloudmask/dataset_cropped/10_Metas/21/14/20191021143100_00160.png,357.4,8.8,351.2,18.3,959
10/21/2019 14:32,datasets/dataset_cropped/10_Metas/21/14/20191021143200_00160.jpg,datasets_flow/dataset_cropped/10_Metas/21/14/20191021143200_00160.jpg,datasets_cloudmask/dataset_cropped/10_Metas/21/14/20191021143200_00160.png,362.3,11.2,354.8,18.4,959
10/21/2019 14:33,datasets/dataset_cropped/10_Metas/21/14/20191021143300_00160.jpg,datasets_flow/dataset_cropped/10_Metas/21/14/20191021143300_00160.jpg,datasets_cloudmask/dataset_cropped/10_Metas/21/14/20191021143300_00160.png,365.4,10.1,358.6,18.3,959
10/21/2019 14:34,datasets/dataset_cropped/10_Metas/21/14/20191021143400_00160.jpg,datasets_flow/dataset_cropped/10_Metas/21/14/20191021143400_00160.jpg,datasets_cloudmask/dataset_cropped/10_Metas/21/14/20191021143400_00160.png,368.7,6.6,364.1,18.4,959
10/21/2019 14:35,datasets/dataset_cropped/10_Metas/21/14/20191021143500_00160.jpg,datasets_flow/dataset_cropped/10_Metas/21/14/20191021143500_00160.jpg,datasets_cloudmask/dataset_cropped/10_Metas/21/14/20191021143500_00160.png,378.9,11.1,371.6,18.6,959
10/21/2019 14:36,datasets/dataset_cropped/10_Metas/21/14/20191021143600_00160.jpg,datasets_flow/dataset_cropped/10_Metas/21/14/20191021143600_00160.jpg,datasets_cloudmask/dataset_cropped/10_Metas/21/14/20191021143600_00160.png,379.2,8.7,373.4,18.7,959
10/21/2019 14:37,datasets/dataset_cropped/10_Metas/21/14/20191021143700_00160.jpg,datasets_flow/dataset_cropped/10_Metas/21/14/20191021143700_00160.jpg,datasets_cloudmask/dataset_cropped/10_Metas/21/14/20191021143700_00160.png,374.4,5.6,370.4,18.7,959
10/21/2019 14:38,datasets/dataset_cropped/10_Metas/21/14/20191021143800_00160.jpg,datasets_flow/dataset_cropped/10_Metas/21/14/20191021143800_00160.jpg,datasets_cloudmask/dataset_cropped/10_Metas/21/14/20191021143800_00160.png,377.9,9.3,371.8,18.6,959
10/21/2019 14:39,datasets/dataset_cropped/10_Metas/21/14/20191021143900_00160.jpg,datasets_flow/dataset_cropped/10_Metas/21/14/20191021143900_00160.jpg,datasets_cloudmask/dataset_cropped/10_Metas/21/14/20191021143900_00160.png,379.1,12.6,371.5,18.6,959
10/21/2019 14:40,datasets/dataset_cropped/10_Metas/21/14/20191021144000_00160.jpg,datasets_flow/dataset_cropped/10_Metas/21/14/20191021144000_00160.jpg,datasets_cloudmask/dataset_cropped/10_Metas/21/14/20191021144000_00160.png,377,12.9,369.3,18.6,959
10/21/2019 14:41,datasets/dataset_cropped/10_Metas/21/14/20191021144100_00160.jpg,datasets_flow/dataset_cropped/10_Metas/21/14/20191021144100_00160.jpg,datasets_cloudmask/dataset_cropped/10_Metas/21/14/20191021144100_00160.png,370.3,7,365.8,18.6,959
10/21/2019 14:42,datasets/dataset_cropped/10_Metas/21/14/20191021144200_00160.jpg,datasets_flow/dataset_cropped/10_Metas/21/14/20191021144200_00160.jpg,datasets_cloudmask/dataset_cropped/10_Metas/21/14/20191021144200_00160.png,378.2,17.4,367.4,18.6,959
10/21/2019 14:43,datasets/dataset_cropped/10_Metas/21/14/20191021144300_00160.jpg,datasets_flow/dataset_cropped/10_Metas/21/14/20191021144300_00160.jpg,datasets_cloudmask/dataset_cropped/10_Metas/21/14/20191021144300_00160.png,374.8,13.9,366.3,18.6,959
10/21/2019 14:44,datasets/dataset_cropped/10_Metas/21/14/20191021144400_00160.jpg,datasets_flow/dataset_cropped/10_Metas/21/14/20191021144400_00160.jpg,datasets_cloudmask/dataset_cropped/10_Metas/21/14/20191021144400_00160.png,370.3,12.2,363.1,18.4,959
10/21/2019 14:45,datasets/dataset_cropped/10_Metas/21/14/20191021144500_00160.jpg,datasets_flow/dataset_cropped/10_Metas/21/14/20191021144500_00160.jpg,datasets_cloudmask/dataset_cropped/10_Metas/21/14/20191021144500_00160.png,354.1,4.5,351.8,18.3,959
10/21/2019 14:46,datasets/dataset_cropped/10_Metas/21/14/20191021144600_00160.jpg,datasets_flow/dataset_cropped/10_Metas/21/14/20191021144600_00160.jpg,datasets_cloudmask/dataset_cropped/10_Metas/21/14/20191021144600_00160.png,340.2,4.3,337.9,18.3,959
10/21/2019 14:47,datasets/dataset_cropped/10_Metas/21/14/20191021144700_00160.jpg,datasets_flow/dataset_cropped/10_Metas/21/14/20191021144700_00160.jpg,datasets_cloudmask/dataset_cropped/10_Metas/21/14/20191021144700_00160.png,332.1,2.8,330.2,18.2,959
10/21/2019 14:48,datasets/dataset_cropped/10_Metas/21/14/20191021144800_00160.jpg,datasets_flow/dataset_cropped/10_Metas/21/14/20191021144800_00160.jpg,datasets_cloudmask/dataset_cropped/10_Metas/21/14/20191021144800_00160.png,332.2,3.1,329.4,18.3,959
10/21/2019 14:49,datasets/dataset_cropped/10_Metas/21/14/20191021144900_00160.jpg,datasets_flow/dataset_cropped/10_Metas/21/14/20191021144900_00160.jpg,datasets_cloudmask/dataset_cropped/10_Metas/21/14/20191021144900_00160.png,334.2,2.6,331.4,18.4,959
10/21/2019 14:50,datasets/dataset_cropped/10_Metas/21/14/20191021145000_00160.jpg,datasets_flow/dataset_cropped/10_Metas/21/14/20191021145000_00160.jpg,datasets_cloudmask/dataset_cropped/10_Metas/21/14/20191021145000_00160.png,339.1,1.9,337,18.6,959
10/21/2019 14:51,datasets/dataset_cropped/10_Metas/21/14/20191021145100_00160.jpg,datasets_flow/dataset_cropped/10_Metas/21/14/20191021145100_00160.jpg,datasets_cloudmask/dataset_cropped/10_Metas/21/14/20191021145100_00160.png,344.4,3.4,341.5,18.6,959
10/21/2019 14:52,datasets/dataset_cropped/10_Metas/21/14/20191021145200_00160.jpg,datasets_flow/dataset_cropped/10_Metas/21/14/20191021145200_00160.jpg,datasets_cloudmask/dataset_cropped/10_Metas/21/14/20191021145200_00160.png,345.3,6.2,340.7,18.6,959
10/21/2019 14:53,datasets/dataset_cropped/10_Metas/21/14/20191021145300_00160.jpg,datasets_flow/dataset_cropped/10_Metas/21/14/20191021145300_00160.jpg,datasets_cloudmask/dataset_cropped/10_Metas/21/14/20191021145300_00160.png,343.2,6.5,338.4,18.7,959
10/21/2019 14:54,datasets/dataset_cropped/10_Metas/21/14/20191021145400_00160.jpg,datasets_flow/dataset_cropped/10_Metas/21/14/20191021145400_00160.jpg,datasets_cloudmask/dataset_cropped/10_Metas/21/14/20191021145400_00160.png,344.1,5.4,339.6,18.6,959
10/21/2019 14:55,datasets/dataset_cropped/10_Metas/21/14/20191021145500_00160.jpg,datasets_flow/dataset_cropped/10_Metas/21/14/20191021145500_00160.jpg,datasets_cloudmask/dataset_cropped/10_Metas/21/14/20191021145500_00160.png,347.3,3.9,344,18.5,959
10/21/2019 14:56,datasets/dataset_cropped/10_Metas/21/14/20191021145600_00160.jpg,datasets_flow/dataset_cropped/10_Metas/21/14/20191021145600_00160.jpg,datasets_cloudmask/dataset_cropped/10_Metas/21/14/20191021145600_00160.png,347.4,3.7,344.4,18.6,959
10/21/2019 14:57,datasets/dataset_cropped/10_Metas/21/14/20191021145700_00160.jpg,datasets_flow/dataset_cropped/10_Metas/21/14/20191021145700_00160.jpg,datasets_cloudmask/dataset_cropped/10_Metas/21/14/20191021145700_00160.png,340.6,3.8,337.7,18.6,959
10/21/2019 14:58,datasets/dataset_cropped/10_Metas/21/14/20191021145800_00160.jpg,datasets_flow/dataset_cropped/10_Metas/21/14/20191021145800_00160.jpg,datasets_cloudmask/dataset_cropped/10_Metas/21/14/20191021145800_00160.png,330.4,2.5,328.6,18.6,959
10/21/2019 14:59,datasets/dataset_cropped/10_Metas/21/14/20191021145900_00160.jpg,datasets_flow/dataset_cropped/10_Metas/21/14/20191021145900_00160.jpg,datasets_cloudmask/dataset_cropped/10_Metas/21/14/20191021145900_00160.png,324.1,3.7,321.6,18.7,959
10/21/2019 15:00,datasets/dataset_cropped/10_Metas/21/15/20191021150000_00160.jpg,datasets_flow/dataset_cropped/10_Metas/21/15/20191021150000_00160.jpg,datasets_cloudmask/dataset_cropped/10_Metas/21/15/20191021150000_00160.png,320.6,6.3,316.6,18.7,959
10/21/2019 15:01,datasets/dataset_cropped/10_Metas/21/15/20191021150100_00160.jpg,datasets_flow/dataset_cropped/10_Metas/21/15/20191021150100_00160.jpg,datasets_cloudmask/dataset_cropped/10_Metas/21/15/20191021150100_00160.png,317.2,3,314.7,18.6,959
10/21/2019 15:02,datasets/dataset_cropped/10_Metas/21/15/20191021150200_00160.jpg,datasets_flow/dataset_cropped/10_Metas/21/15/20191021150200_00160.jpg,datasets_cloudmask/dataset_cropped/10_Metas/21/15/20191021150200_00160.png,318,3.2,315.4,18.6,959
10/21/2019 15:03,datasets/dataset_cropped/10_Metas/21/15/20191021150300_00160.jpg,datasets_flow/dataset_cropped/10_Metas/21/15/20191021150300_00160.jpg,datasets_cloudmask/dataset_cropped/10_Metas/21/15/20191021150300_00160.png,316.8,3.5,314.4,18.7,959
10/21/2019 15:04,datasets/dataset_cropped/10_Metas/21/15/20191021150400_00160.jpg,datasets_flow/dataset_cropped/10_Metas/21/15/20191021150400_00160.jpg,datasets_cloudmask/dataset_cropped/10_Metas/21/15/20191021150400_00160.png,310.1,1.6,309,18.6,959
10/21/2019 15:05,datasets/dataset_cropped/10_Metas/21/15/20191021150500_00160.jpg,datasets_flow/dataset_cropped/10_Metas/21/15/20191021150500_00160.jpg,datasets_cloudmask/dataset_cropped/10_Metas/21/15/20191021150500_00160.png,304,2.5,302.4,18.5,959
10/21/2019 15:06,datasets/dataset_cropped/10_Metas/21/15/20191021150600_00160.jpg,datasets_flow/dataset_cropped/10_Metas/21/15/20191021150600_00160.jpg,datasets_cloudmask/dataset_cropped/10_Metas/21/15/20191021150600_00160.png,297,1.8,296.1,18.4,959
10/21/2019 15:07,datasets/dataset_cropped/10_Metas/21/15/20191021150700_00160.jpg,datasets_flow/dataset_cropped/10_Metas/21/15/20191021150700_00160.jpg,datasets_cloudmask/dataset_cropped/10_Metas/21/15/20191021150700_00160.png,290.6,1.3,290,18.5,959
10/21/2019 15:08,datasets/dataset_cropped/10_Metas/21/15/20191021150800_00160.jpg,datasets_flow/dataset_cropped/10_Metas/21/15/20191021150800_00160.jpg,datasets_cloudmask/dataset_cropped/10_Metas/21/15/20191021150800_00160.png,288.8,0.8,288.4,18.5,959
10/21/2019 15:09,datasets/dataset_cropped/10_Metas/21/15/20191021150900_00160.jpg,datasets_flow/dataset_cropped/10_Metas/21/15/20191021150900_00160.jpg,datasets_cloudmask/dataset_cropped/10_Metas/21/15/20191021150900_00160.png,289.8,0.6,289.4,18.5,959
10/21/2019 15:10,datasets/dataset_cropped/10_Metas/21/15/20191021151000_00160.jpg,datasets_flow/dataset_cropped/10_Metas/21/15/20191021151000_00160.jpg,datasets_cloudmask/dataset_cropped/10_Metas/21/15/20191021151000_00160.png,289.8,0.2,289.7,18.4,959
10/21/2019 15:11,datasets/dataset_cropped/10_Metas/21/15/20191021151100_00160.jpg,datasets_flow/dataset_cropped/10_Metas/21/15/20191021151100_00160.jpg,datasets_cloudmask/dataset_cropped/10_Metas/21/15/20191021151100_00160.png,287.7,0.3,287.3,18.4,959
10/21/2019 15:12,datasets/dataset_cropped/10_Metas/21/15/20191021151200_00160.jpg,datasets_flow/dataset_cropped/10_Metas/21/15/20191021151200_00160.jpg,datasets_cloudmask/dataset_cropped/10_Metas/21/15/20191021151200_00160.png,282.3,0.4,282,18.4,959
10/21/2019 15:13,datasets/dataset_cropped/10_Metas/21/15/20191021151300_00160.jpg,datasets_flow/dataset_cropped/10_Metas/21/15/20191021151300_00160.jpg,datasets_cloudmask/dataset_cropped/10_Metas/21/15/20191021151300_00160.png,276,0.6,275.9,18.4,959
10/21/2019 15:14,datasets/dataset_cropped/10_Metas/21/15/20191021151400_00160.jpg,datasets_flow/dataset_cropped/10_Metas/21/15/20191021151400_00160.jpg,datasets_cloudmask/dataset_cropped/10_Metas/21/15/20191021151400_00160.png,272.5,1.3,272.4,18.4,959
10/21/2019 15:15,datasets/dataset_cropped/10_Metas/21/15/20191021151500_00160.jpg,datasets_flow/dataset_cropped/10_Metas/21/15/20191021151500_00160.jpg,datasets_cloudmask/dataset_cropped/10_Metas/21/15/20191021151500_00160.png,272,1.2,271.8,18.3,959
10/21/2019 15:16,datasets/dataset_cropped/10_Metas/21/15/20191021151600_00160.jpg,datasets_flow/dataset_cropped/10_Metas/21/15/20191021151600_00160.jpg,datasets_cloudmask/dataset_cropped/10_Metas/21/15/20191021151600_00160.png,273.1,0.5,273,18.4,959
10/21/2019 15:17,datasets/dataset_cropped/10_Metas/21/15/20191021151700_00160.jpg,datasets_flow/dataset_cropped/10_Metas/21/15/20191021151700_00160.jpg,datasets_cloudmask/dataset_cropped/10_Metas/21/15/20191021151700_00160.png,272.4,0.3,272.3,18.4,959
10/21/2019 15:18,datasets/dataset_cropped/10_Metas/21/15/20191021151800_00160.jpg,datasets_flow/dataset_cropped/10_Metas/21/15/20191021151800_00160.jpg,datasets_cloudmask/dataset_cropped/10_Metas/21/15/20191021151800_00160.png,270.6,1.8,269.6,18.4,959
10/21/2019 15:19,datasets/dataset_cropped/10_Metas/21/15/20191021151900_00160.jpg,datasets_flow/dataset_cropped/10_Metas/21/15/20191021151900_00160.jpg,datasets_cloudmask/dataset_cropped/10_Metas/21/15/20191021151900_00160.png,270.9,5.7,267.8,18.4,959
10/21/2019 15:20,datasets/dataset_cropped/10_Metas/21/15/20191021152000_00160.jpg,datasets_flow/dataset_cropped/10_Metas/21/15/20191021152000_00160.jpg,datasets_cloudmask/dataset_cropped/10_Metas/21/15/20191021152000_00160.png,276.9,14,269.1,18.3,959
10/21/2019 15:21,datasets/dataset_cropped/10_Metas/21/15/20191021152100_00160.jpg,datasets_flow/dataset_cropped/10_Metas/21/15/20191021152100_00160.jpg,datasets_cloudmask/dataset_cropped/10_Metas/21/15/20191021152100_00160.png,275.5,8.2,270.9,18.2,959
10/21/2019 15:22,datasets/dataset_cropped/10_Metas/21/15/20191021152200_00160.jpg,datasets_flow/dataset_cropped/10_Metas/21/15/20191021152200_00160.jpg,datasets_cloudmask/dataset_cropped/10_Metas/21/15/20191021152200_00160.png,270.1,1.6,269.2,18.2,959
10/21/2019 15:23,datasets/dataset_cropped/10_Metas/21/15/20191021152300_00160.jpg,datasets_flow/dataset_cropped/10_Metas/21/15/20191021152300_00160.jpg,datasets_cloudmask/dataset_cropped/10_Metas/21/15/20191021152300_00160.png,265.8,1.2,265.1,18.2,959
10/21/2019 15:24,datasets/dataset_cropped/10_Metas/21/15/20191021152400_00160.jpg,datasets_flow/dataset_cropped/10_Metas/21/15/20191021152400_00160.jpg,datasets_cloudmask/dataset_cropped/10_Metas/21/15/20191021152400_00160.png,261.9,3.7,259.8,18.2,959
10/21/2019 15:25,datasets/dataset_cropped/10_Metas/21/15/20191021152500_00160.jpg,datasets_flow/dataset_cropped/10_Metas/21/15/20191021152500_00160.jpg,datasets_cloudmask/dataset_cropped/10_Metas/21/15/20191021152500_00160.png,258.7,7.3,254.5,18.2,959
10/21/2019 15:26,datasets/dataset_cropped/10_Metas/21/15/20191021152600_00160.jpg,datasets_flow/dataset_cropped/10_Metas/21/15/20191021152600_00160.jpg,datasets_cloudmask/dataset_cropped/10_Metas/21/15/20191021152600_00160.png,251.8,0.5,251.3,18.2,959
10/21/2019 15:27,datasets/dataset_cropped/10_Metas/21/15/20191021152700_00160.jpg,datasets_flow/dataset_cropped/10_Metas/21/15/20191021152700_00160.jpg,datasets_cloudmask/dataset_cropped/10_Metas/21/15/20191021152700_00160.png,250.1,0.5,249.7,18.2,959
10/21/2019 15:28,datasets/dataset_cropped/10_Metas/21/15/20191021152800_00160.jpg,datasets_flow/dataset_cropped/10_Metas/21/15/20191021152800_00160.jpg,datasets_cloudmask/dataset_cropped/10_Metas/21/15/20191021152800_00160.png,250.7,2.9,249,18.3,959
10/21/2019 15:29,datasets/dataset_cropped/10_Metas/21/15/20191021152900_00160.jpg,datasets_flow/dataset_cropped/10_Metas/21/15/20191021152900_00160.jpg,datasets_cloudmask/dataset_cropped/10_Metas/21/15/20191021152900_00160.png,248.1,3.7,246.2,18.4,959
10/21/2019 15:30,datasets/dataset_cropped/10_Metas/21/15/20191021153000_00160.jpg,datasets_flow/dataset_cropped/10_Metas/21/15/20191021153000_00160.jpg,datasets_cloudmask/dataset_cropped/10_Metas/21/15/20191021153000_00160.png,241.8,1,241.4,18.4,959
10/21/2019 15:31,datasets/dataset_cropped/10_Metas/21/15/20191021153100_00160.jpg,datasets_flow/dataset_cropped/10_Metas/21/15/20191021153100_00160.jpg,datasets_cloudmask/dataset_cropped/10_Metas/21/15/20191021153100_00160.png,237.6,0.6,237.4,18.4,959
10/21/2019 15:32,datasets/dataset_cropped/10_Metas/21/15/20191021153200_00160.jpg,datasets_flow/dataset_cropped/10_Metas/21/15/20191021153200_00160.jpg,datasets_cloudmask/dataset_cropped/10_Metas/21/15/20191021153200_00160.png,235,0.6,234.9,18.5,959
10/21/2019 15:33,datasets/dataset_cropped/10_Metas/21/15/20191021153300_00160.jpg,datasets_flow/dataset_cropped/10_Metas/21/15/20191021153300_00160.jpg,datasets_cloudmask/dataset_cropped/10_Metas/21/15/20191021153300_00160.png,231.6,0.3,231.6,18.4,959
10/21/2019 15:34,datasets/dataset_cropped/10_Metas/21/15/20191021153400_00160.jpg,datasets_flow/dataset_cropped/10_Metas/21/15/20191021153400_00160.jpg,datasets_cloudmask/dataset_cropped/10_Metas/21/15/20191021153400_00160.png,227.9,0.2,227.9,18.4,959
10/21/2019 15:35,datasets/dataset_cropped/10_Metas/21/15/20191021153500_00160.jpg,datasets_flow/dataset_cropped/10_Metas/21/15/20191021153500_00160.jpg,datasets_cloudmask/dataset_cropped/10_Metas/21/15/20191021153500_00160.png,224.9,0.5,224.9,18.4,959
10/21/2019 15:36,datasets/dataset_cropped/10_Metas/21/15/20191021153600_00160.jpg,datasets_flow/dataset_cropped/10_Metas/21/15/20191021153600_00160.jpg,datasets_cloudmask/dataset_cropped/10_Metas/21/15/20191021153600_00160.png,223.8,0.6,223.7,18.4,959
10/21/2019 15:37,datasets/dataset_cropped/10_Metas/21/15/20191021153700_00160.jpg,datasets_flow/dataset_cropped/10_Metas/21/15/20191021153700_00160.jpg,datasets_cloudmask/dataset_cropped/10_Metas/21/15/20191021153700_00160.png,222.9,0.6,223,18.4,959
10/21/2019 15:38,datasets/dataset_cropped/10_Metas/21/15/20191021153800_00160.jpg,datasets_flow/dataset_cropped/10_Metas/21/15/20191021153800_00160.jpg,datasets_cloudmask/dataset_cropped/10_Metas/21/15/20191021153800_00160.png,221.2,0.8,221.3,18.6,959
10/21/2019 15:39,datasets/dataset_cropped/10_Metas/21/15/20191021153900_00160.jpg,datasets_flow/dataset_cropped/10_Metas/21/15/20191021153900_00160.jpg,datasets_cloudmask/dataset_cropped/10_Metas/21/15/20191021153900_00160.png,220.7,0.9,220.9,18.6,959
10/21/2019 15:40,datasets/dataset_cropped/10_Metas/21/15/20191021154000_00160.jpg,datasets_flow/dataset_cropped/10_Metas/21/15/20191021154000_00160.jpg,datasets_cloudmask/dataset_cropped/10_Metas/21/15/20191021154000_00160.png,221.8,0.9,222.2,18.6,959
10/21/2019 15:41,datasets/dataset_cropped/10_Metas/21/15/20191021154100_00160.jpg,datasets_flow/dataset_cropped/10_Metas/21/15/20191021154100_00160.jpg,datasets_cloudmask/dataset_cropped/10_Metas/21/15/20191021154100_00160.png,223.2,1.1,223.6,18.5,959
10/21/2019 15:42,datasets/dataset_cropped/10_Metas/21/15/20191021154200_00160.jpg,datasets_flow/dataset_cropped/10_Metas/21/15/20191021154200_00160.jpg,datasets_cloudmask/dataset_cropped/10_Metas/21/15/20191021154200_00160.png,223.6,1.3,224,18.4,959
10/21/2019 15:43,datasets/dataset_cropped/10_Metas/21/15/20191021154300_00160.jpg,datasets_flow/dataset_cropped/10_Metas/21/15/20191021154300_00160.jpg,datasets_cloudmask/dataset_cropped/10_Metas/21/15/20191021154300_00160.png,222.2,1.5,222.6,18.4,959
10/21/2019 15:44,datasets/dataset_cropped/10_Metas/21/15/20191021154400_00160.jpg,datasets_flow/dataset_cropped/10_Metas/21/15/20191021154400_00160.jpg,datasets_cloudmask/dataset_cropped/10_Metas/21/15/20191021154400_00160.png,221,2.2,221.1,18.4,959
10/21/2019 15:45,datasets/dataset_cropped/10_Metas/21/15/20191021154500_00160.jpg,datasets_flow/dataset_cropped/10_Metas/21/15/20191021154500_00160.jpg,datasets_cloudmask/dataset_cropped/10_Metas/21/15/20191021154500_00160.png,222.3,2.4,222.3,18.3,959
10/21/2019 15:46,datasets/dataset_cropped/10_Metas/21/15/20191021154600_00160.jpg,datasets_flow/dataset_cropped/10_Metas/21/15/20191021154600_00160.jpg,datasets_cloudmask/dataset_cropped/10_Metas/21/15/20191021154600_00160.png,224.9,2.1,225.2,18.3,959
10/21/2019 15:47,datasets/dataset_cropped/10_Metas/21/15/20191021154700_00160.jpg,datasets_flow/dataset_cropped/10_Metas/21/15/20191021154700_00160.jpg,datasets_cloudmask/dataset_cropped/10_Metas/21/15/20191021154700_00160.png,226,2.4,226.1,18.3,959
10/21/2019 15:48,datasets/dataset_cropped/10_Metas/21/15/20191021154800_00160.jpg,datasets_flow/dataset_cropped/10_Metas/21/15/20191021154800_00160.jpg,datasets_cloudmask/dataset_cropped/10_Metas/21/15/20191021154800_00160.png,224,3.3,223.5,18.3,959
10/21/2019 15:49,datasets/dataset_cropped/10_Metas/21/15/20191021154900_00160.jpg,datasets_flow/dataset_cropped/10_Metas/21/15/20191021154900_00160.jpg,datasets_cloudmask/dataset_cropped/10_Metas/21/15/20191021154900_00160.png,219.9,3.6,219,18.3,959
10/21/2019 15:50,datasets/dataset_cropped/10_Metas/21/15/20191021155000_00160.jpg,datasets_flow/dataset_cropped/10_Metas/21/15/20191021155000_00160.jpg,datasets_cloudmask/dataset_cropped/10_Metas/21/15/20191021155000_00160.png,218,4.5,216.6,18.1,959
10/21/2019 15:51,datasets/dataset_cropped/10_Metas/21/15/20191021155100_00160.jpg,datasets_flow/dataset_cropped/10_Metas/21/15/20191021155100_00160.jpg,datasets_cloudmask/dataset_cropped/10_Metas/21/15/20191021155100_00160.png,217.4,2.9,216.8,18.1,959
10/21/2019 15:52,datasets/dataset_cropped/10_Metas/21/15/20191021155200_00160.jpg,datasets_flow/dataset_cropped/10_Metas/21/15/20191021155200_00160.jpg,datasets_cloudmask/dataset_cropped/10_Metas/21/15/20191021155200_00160.png,217.1,3,216.2,18.1,959
10/21/2019 15:53,datasets/dataset_cropped/10_Metas/21/15/20191021155300_00160.jpg,datasets_flow/dataset_cropped/10_Metas/21/15/20191021155300_00160.jpg,datasets_cloudmask/dataset_cropped/10_Metas/21/15/20191021155300_00160.png,217.1,5.7,214.8,17.9,959
10/21/2019 15:54,datasets/dataset_cropped/10_Metas/21/15/20191021155400_00160.jpg,datasets_flow/dataset_cropped/10_Metas/21/15/20191021155400_00160.jpg,datasets_cloudmask/dataset_cropped/10_Metas/21/15/20191021155400_00160.png,218.1,6.6,215.1,17.9,959
10/21/2019 15:55,datasets/dataset_cropped/10_Metas/21/15/20191021155500_00160.jpg,datasets_flow/dataset_cropped/10_Metas/21/15/20191021155500_00160.jpg,datasets_cloudmask/dataset_cropped/10_Metas/21/15/20191021155500_00160.png,226.2,17.9,217.9,17.9,959
10/21/2019 15:56,datasets/dataset_cropped/10_Metas/21/15/20191021155600_00160.jpg,datasets_flow/dataset_cropped/10_Metas/21/15/20191021155600_00160.jpg,datasets_cloudmask/dataset_cropped/10_Metas/21/15/20191021155600_00160.png,238.9,33.6,223.6,17.9,959
10/21/2019 15:57,datasets/dataset_cropped/10_Metas/21/15/20191021155700_00160.jpg,datasets_flow/dataset_cropped/10_Metas/21/15/20191021155700_00160.jpg,datasets_cloudmask/dataset_cropped/10_Metas/21/15/20191021155700_00160.png,245.6,34.6,230.2,18,959
10/21/2019 15:58,datasets/dataset_cropped/10_Metas/21/15/20191021155800_00160.jpg,datasets_flow/dataset_cropped/10_Metas/21/15/20191021155800_00160.jpg,datasets_cloudmask/dataset_cropped/10_Metas/21/15/20191021155800_00160.png,243.5,26.8,231.5,18.1,959
10/21/2019 15:59,datasets/dataset_cropped/10_Metas/21/15/20191021155900_00160.jpg,datasets_flow/dataset_cropped/10_Metas/21/15/20191021155900_00160.jpg,datasets_cloudmask/dataset_cropped/10_Metas/21/15/20191021155900_00160.png,232.6,6,229.7,18.1,959
10/21/2019 16:00,datasets/dataset_cropped/10_Metas/21/16/20191021160000_00160.jpg,datasets_flow/dataset_cropped/10_Metas/21/16/20191021160000_00160.jpg,datasets_cloudmask/dataset_cropped/10_Metas/21/16/20191021160000_00160.png,230.5,7.4,227.2,18.1,959
10/21/2019 16:01,datasets/dataset_cropped/10_Metas/21/16/20191021160100_00160.jpg,datasets_flow/dataset_cropped/10_Metas/21/16/20191021160100_00160.jpg,datasets_cloudmask/dataset_cropped/10_Metas/21/16/20191021160100_00160.png,227.2,5.8,224.4,18.2,959
10/21/2019 16:02,datasets/dataset_cropped/10_Metas/21/16/20191021160200_00160.jpg,datasets_flow/dataset_cropped/10_Metas/21/16/20191021160200_00160.jpg,datasets_cloudmask/dataset_cropped/10_Metas/21/16/20191021160200_00160.png,225.1,4,223.1,18.1,959
10/21/2019 16:03,datasets/dataset_cropped/10_Metas/21/16/20191021160300_00160.jpg,datasets_flow/dataset_cropped/10_Metas/21/16/20191021160300_00160.jpg,datasets_cloudmask/dataset_cropped/10_Metas/21/16/20191021160300_00160.png,228.6,12.4,223,18.1,959
10/21/2019 16:04,datasets/dataset_cropped/10_Metas/21/16/20191021160400_00160.jpg,datasets_flow/dataset_cropped/10_Metas/21/16/20191021160400_00160.jpg,datasets_cloudmask/dataset_cropped/10_Metas/21/16/20191021160400_00160.png,227.9,13.5,221.8,17.9,959
10/21/2019 16:05,datasets/dataset_cropped/10_Metas/21/16/20191021160500_00160.jpg,datasets_flow/dataset_cropped/10_Metas/21/16/20191021160500_00160.jpg,datasets_cloudmask/dataset_cropped/10_Metas/21/16/20191021160500_00160.png,223.8,4.8,221.6,17.8,959
10/21/2019 16:06,datasets/dataset_cropped/10_Metas/21/16/20191021160600_00160.jpg,datasets_flow/dataset_cropped/10_Metas/21/16/20191021160600_00160.jpg,datasets_cloudmask/dataset_cropped/10_Metas/21/16/20191021160600_00160.png,224,3.5,222.6,17.9,959
10/21/2019 16:07,datasets/dataset_cropped/10_Metas/21/16/20191021160700_00160.jpg,datasets_flow/dataset_cropped/10_Metas/21/16/20191021160700_00160.jpg,datasets_cloudmask/dataset_cropped/10_Metas/21/16/20191021160700_00160.png,226.7,9.6,222.5,18,959
10/21/2019 16:08,datasets/dataset_cropped/10_Metas/21/16/20191021160800_00160.jpg,datasets_flow/dataset_cropped/10_Metas/21/16/20191021160800_00160.jpg,datasets_cloudmask/dataset_cropped/10_Metas/21/16/20191021160800_00160.png,225.1,7.8,221.6,18.1,959
10/21/2019 16:09,datasets/dataset_cropped/10_Metas/21/16/20191021160900_00160.jpg,datasets_flow/dataset_cropped/10_Metas/21/16/20191021160900_00160.jpg,datasets_cloudmask/dataset_cropped/10_Metas/21/16/20191021160900_00160.png,222.7,5.3,220.3,18.1,959
10/21/2019 16:10,datasets/dataset_cropped/10_Metas/21/16/20191021161000_00160.jpg,datasets_flow/dataset_cropped/10_Metas/21/16/20191021161000_00160.jpg,datasets_cloudmask/dataset_cropped/10_Metas/21/16/20191021161000_00160.png,224.7,11.3,220.1,17.9,959
10/21/2019 16:11,datasets/dataset_cropped/10_Metas/21/16/20191021161100_00160.jpg,datasets_flow/dataset_cropped/10_Metas/21/16/20191021161100_00160.jpg,datasets_cloudmask/dataset_cropped/10_Metas/21/16/20191021161100_00160.png,235.1,37,220,17.8,959
10/21/2019 16:12,datasets/dataset_cropped/10_Metas/21/16/20191021161200_00160.jpg,datasets_flow/dataset_cropped/10_Metas/21/16/20191021161200_00160.jpg,datasets_cloudmask/dataset_cropped/10_Metas/21/16/20191021161200_00160.png,227.3,18.6,220,17.6,959
10/21/2019 16:13,datasets/dataset_cropped/10_Metas/21/16/20191021161300_00160.jpg,datasets_flow/dataset_cropped/10_Metas/21/16/20191021161300_00160.jpg,datasets_cloudmask/dataset_cropped/10_Metas/21/16/20191021161300_00160.png,230.1,29.1,218.8,17.6,959
10/21/2019 16:14,datasets/dataset_cropped/10_Metas/21/16/20191021161400_00160.jpg,datasets_flow/dataset_cropped/10_Metas/21/16/20191021161400_00160.jpg,datasets_cloudmask/dataset_cropped/10_Metas/21/16/20191021161400_00160.png,222,14.3,216.5,17.7,959
10/21/2019 16:15,datasets/dataset_cropped/10_Metas/21/16/20191021161500_00160.jpg,datasets_flow/dataset_cropped/10_Metas/21/16/20191021161500_00160.jpg,datasets_cloudmask/dataset_cropped/10_Metas/21/16/20191021161500_00160.png,221.1,19.8,213.4,17.7,959
10/21/2019 16:16,datasets/dataset_cropped/10_Metas/21/16/20191021161600_00160.jpg,datasets_flow/dataset_cropped/10_Metas/21/16/20191021161600_00160.jpg,datasets_cloudmask/dataset_cropped/10_Metas/21/16/20191021161600_00160.png,227.9,39.7,212.1,17.7,959
10/21/2019 16:17,datasets/dataset_cropped/10_Metas/21/16/20191021161700_00160.jpg,datasets_flow/dataset_cropped/10_Metas/21/16/20191021161700_00160.jpg,datasets_cloudmask/dataset_cropped/10_Metas/21/16/20191021161700_00160.png,221.4,22.3,212.5,17.6,959
10/21/2019 16:18,datasets/dataset_cropped/10_Metas/21/16/20191021161800_00160.jpg,datasets_flow/dataset_cropped/10_Metas/21/16/20191021161800_00160.jpg,datasets_cloudmask/dataset_cropped/10_Metas/21/16/20191021161800_00160.png,231.1,45.3,213.2,17.6,959
10/21/2019 16:19,datasets/dataset_cropped/10_Metas/21/16/20191021161900_00160.jpg,datasets_flow/dataset_cropped/10_Metas/21/16/20191021161900_00160.jpg,datasets_cloudmask/dataset_cropped/10_Metas/21/16/20191021161900_00160.png,238.7,59.1,215.5,17.5,959
10/21/2019 16:20,datasets/dataset_cropped/10_Metas/21/16/20191021162000_00160.jpg,datasets_flow/dataset_cropped/10_Metas/21/16/20191021162000_00160.jpg,datasets_cloudmask/dataset_cropped/10_Metas/21/16/20191021162000_00160.png,233.4,44.3,216.1,17.7,959
10/21/2019 16:21,datasets/dataset_cropped/10_Metas/21/16/20191021162100_00160.jpg,datasets_flow/dataset_cropped/10_Metas/21/16/20191021162100_00160.jpg,datasets_cloudmask/dataset_cropped/10_Metas/21/16/20191021162100_00160.png,242.5,68.5,216.1,17.6,959
10/21/2019 16:22,datasets/dataset_cropped/10_Metas/21/16/20191021162200_00160.jpg,datasets_flow/dataset_cropped/10_Metas/21/16/20191021162200_00160.jpg,datasets_cloudmask/dataset_cropped/10_Metas/21/16/20191021162200_00160.png,241.5,67.7,215.7,17.5,959
10/21/2019 16:23,datasets/dataset_cropped/10_Metas/21/16/20191021162300_00160.jpg,datasets_flow/dataset_cropped/10_Metas/21/16/20191021162300_00160.jpg,datasets_cloudmask/dataset_cropped/10_Metas/21/16/20191021162300_00160.png,248.9,89.2,215.3,17.5,959
10/21/2019 16:24,datasets/dataset_cropped/10_Metas/21/16/20191021162400_00160.jpg,datasets_flow/dataset_cropped/10_Metas/21/16/20191021162400_00160.jpg,datasets_cloudmask/dataset_cropped/10_Metas/21/16/20191021162400_00160.png,238,63.4,214.2,17.6,959
10/21/2019 16:25,datasets/dataset_cropped/10_Metas/21/16/20191021162500_00160.jpg,datasets_flow/dataset_cropped/10_Metas/21/16/20191021162500_00160.jpg,datasets_cloudmask/dataset_cropped/10_Metas/21/16/20191021162500_00160.png,250.2,103.7,212.2,17.5,959
10/21/2019 16:26,datasets/dataset_cropped/10_Metas/21/16/20191021162600_00160.jpg,datasets_flow/dataset_cropped/10_Metas/21/16/20191021162600_00160.jpg,datasets_cloudmask/dataset_cropped/10_Metas/21/16/20191021162600_00160.png,233.7,65.4,209.7,17.6,959
10/21/2019 16:27,datasets/dataset_cropped/10_Metas/21/16/20191021162700_00160.jpg,datasets_flow/dataset_cropped/10_Metas/21/16/20191021162700_00160.jpg,datasets_cloudmask/dataset_cropped/10_Metas/21/16/20191021162700_00160.png,218,34.3,205.8,17.5,959
10/21/2019 16:28,datasets/dataset_cropped/10_Metas/21/16/20191021162800_00160.jpg,datasets_flow/dataset_cropped/10_Metas/21/16/20191021162800_00160.jpg,datasets_cloudmask/dataset_cropped/10_Metas/21/16/20191021162800_00160.png,211.4,26.8,201.9,17.4,959
10/21/2019 16:29,datasets/dataset_cropped/10_Metas/21/16/20191021162900_00160.jpg,datasets_flow/dataset_cropped/10_Metas/21/16/20191021162900_00160.jpg,datasets_cloudmask/dataset_cropped/10_Metas/21/16/20191021162900_00160.png,204.8,19.3,198.1,17.3,959
10/21/2019 16:30,datasets/dataset_cropped/10_Metas/21/16/20191021163000_00160.jpg,datasets_flow/dataset_cropped/10_Metas/21/16/20191021163000_00160.jpg,datasets_cloudmask/dataset_cropped/10_Metas/21/16/20191021163000_00160.png,205.6,29.1,195.5,17.4,959
10/21/2019 16:31,datasets/dataset_cropped/10_Metas/21/16/20191021163100_00160.jpg,datasets_flow/dataset_cropped/10_Metas/21/16/20191021163100_00160.jpg,datasets_cloudmask/dataset_cropped/10_Metas/21/16/20191021163100_00160.png,201.7,23.1,193.6,17.5,959
10/21/2019 16:32,datasets/dataset_cropped/10_Metas/21/16/20191021163200_00160.jpg,datasets_flow/dataset_cropped/10_Metas/21/16/20191021163200_00160.jpg,datasets_cloudmask/dataset_cropped/10_Metas/21/16/20191021163200_00160.png,202.6,33.5,190.9,17.4,959
10/21/2019 16:33,datasets/dataset_cropped/10_Metas/21/16/20191021163300_00160.jpg,datasets_flow/dataset_cropped/10_Metas/21/16/20191021163300_00160.jpg,datasets_cloudmask/dataset_cropped/10_Metas/21/16/20191021163300_00160.png,203.2,40.2,189.2,17.4,959
10/21/2019 16:34,datasets/dataset_cropped/10_Metas/21/16/20191021163400_00160.jpg,datasets_flow/dataset_cropped/10_Metas/21/16/20191021163400_00160.jpg,datasets_cloudmask/dataset_cropped/10_Metas/21/16/20191021163400_00160.png,203.3,42.6,188.5,17.4,959
10/21/2019 16:35,datasets/dataset_cropped/10_Metas/21/16/20191021163500_00160.jpg,datasets_flow/dataset_cropped/10_Metas/21/16/20191021163500_00160.jpg,datasets_cloudmask/dataset_cropped/10_Metas/21/16/20191021163500_00160.png,199.1,31.1,188.4,17.5,959
10/21/2019 16:36,datasets/dataset_cropped/10_Metas/21/16/20191021163600_00160.jpg,datasets_flow/dataset_cropped/10_Metas/21/16/20191021163600_00160.jpg,datasets_cloudmask/dataset_cropped/10_Metas/21/16/20191021163600_00160.png,200.5,39.5,187.1,17.4,959
10/21/2019 16:37,datasets/dataset_cropped/10_Metas/21/16/20191021163700_00160.jpg,datasets_flow/dataset_cropped/10_Metas/21/16/20191021163700_00160.jpg,datasets_cloudmask/dataset_cropped/10_Metas/21/16/20191021163700_00160.png,196.8,32,185.9,17.4,959
10/21/2019 16:38,datasets/dataset_cropped/10_Metas/21/16/20191021163800_00160.jpg,datasets_flow/dataset_cropped/10_Metas/21/16/20191021163800_00160.jpg,datasets_cloudmask/dataset_cropped/10_Metas/21/16/20191021163800_00160.png,189.8,18.5,183.7,17.4,959
10/21/2019 16:39,datasets/dataset_cropped/10_Metas/21/16/20191021163900_00160.jpg,datasets_flow/dataset_cropped/10_Metas/21/16/20191021163900_00160.jpg,datasets_cloudmask/dataset_cropped/10_Metas/21/16/20191021163900_00160.png,182.7,8.3,180,17.3,959
10/21/2019 16:40,datasets/dataset_cropped/10_Metas/21/16/20191021164000_00160.jpg,datasets_flow/dataset_cropped/10_Metas/21/16/20191021164000_00160.jpg,datasets_cloudmask/dataset_cropped/10_Metas/21/16/20191021164000_00160.png,177.1,6.9,174.8,17.2,959
10/21/2019 16:41,datasets/dataset_cropped/10_Metas/21/16/20191021164100_00160.jpg,datasets_flow/dataset_cropped/10_Metas/21/16/20191021164100_00160.jpg,datasets_cloudmask/dataset_cropped/10_Metas/21/16/20191021164100_00160.png,171.1,4.8,169.6,17.2,959
10/21/2019 16:42,datasets/dataset_cropped/10_Metas/21/16/20191021164200_00160.jpg,datasets_flow/dataset_cropped/10_Metas/21/16/20191021164200_00160.jpg,datasets_cloudmask/dataset_cropped/10_Metas/21/16/20191021164200_00160.png,170,15.5,165.2,17.2,959
10/21/2019 16:43,datasets/dataset_cropped/10_Metas/21/16/20191021164300_00160.jpg,datasets_flow/dataset_cropped/10_Metas/21/16/20191021164300_00160.jpg,datasets_cloudmask/dataset_cropped/10_Metas/21/16/20191021164300_00160.png,172.3,31.6,162.2,17.1,959
10/21/2019 16:44,datasets/dataset_cropped/10_Metas/21/16/20191021164400_00160.jpg,datasets_flow/dataset_cropped/10_Metas/21/16/20191021164400_00160.jpg,datasets_cloudmask/dataset_cropped/10_Metas/21/16/20191021164400_00160.png,167.5,22.2,160.5,17.1,959
10/21/2019 16:45,datasets/dataset_cropped/10_Metas/21/16/20191021164500_00160.jpg,datasets_flow/dataset_cropped/10_Metas/21/16/20191021164500_00160.jpg,datasets_cloudmask/dataset_cropped/10_Metas/21/16/20191021164500_00160.png,163.9,15.7,158.9,17.1,959
10/21/2019 16:46,datasets/dataset_cropped/10_Metas/21/16/20191021164600_00160.jpg,datasets_flow/dataset_cropped/10_Metas/21/16/20191021164600_00160.jpg,datasets_cloudmask/dataset_cropped/10_Metas/21/16/20191021164600_00160.png,159.6,7.8,157.2,17.1,959
10/21/2019 16:47,datasets/dataset_cropped/10_Metas/21/16/20191021164700_00160.jpg,datasets_flow/dataset_cropped/10_Metas/21/16/20191021164700_00160.jpg,datasets_cloudmask/dataset_cropped/10_Metas/21/16/20191021164700_00160.png,156.8,5.4,155.1,16.9,959
10/21/2019 16:48,datasets/dataset_cropped/10_Metas/21/16/20191021164800_00160.jpg,datasets_flow/dataset_cropped/10_Metas/21/16/20191021164800_00160.jpg,datasets_cloudmask/dataset_cropped/10_Metas/21/16/20191021164800_00160.png,155.4,5.3,153.8,17,959
10/21/2019 16:49,datasets/dataset_cropped/10_Metas/21/16/20191021164900_00160.jpg,datasets_flow/dataset_cropped/10_Metas/21/16/20191021164900_00160.jpg,datasets_cloudmask/dataset_cropped/10_Metas/21/16/20191021164900_00160.png,153.6,2.9,152.7,17,959
10/21/2019 16:50,datasets/dataset_cropped/10_Metas/21/16/20191021165000_00160.jpg,datasets_flow/dataset_cropped/10_Metas/21/16/20191021165000_00160.jpg,datasets_cloudmask/dataset_cropped/10_Metas/21/16/20191021165000_00160.png,152.4,4.3,151.2,17,959
10/21/2019 16:51,datasets/dataset_cropped/10_Metas/21/16/20191021165100_00160.jpg,datasets_flow/dataset_cropped/10_Metas/21/16/20191021165100_00160.jpg,datasets_cloudmask/dataset_cropped/10_Metas/21/16/20191021165100_00160.png,151.5,8.3,149.1,16.9,959
10/21/2019 16:52,datasets/dataset_cropped/10_Metas/21/16/20191021165200_00160.jpg,datasets_flow/dataset_cropped/10_Metas/21/16/20191021165200_00160.jpg,datasets_cloudmask/dataset_cropped/10_Metas/21/16/20191021165200_00160.png,154.9,28,147,16.8,959
10/21/2019 16:53,datasets/dataset_cropped/10_Metas/21/16/20191021165300_00160.jpg,datasets_flow/dataset_cropped/10_Metas/21/16/20191021165300_00160.jpg,datasets_cloudmask/dataset_cropped/10_Metas/21/16/20191021165300_00160.png,165.9,73.2,144.8,16.8,959
10/21/2019 16:54,datasets/dataset_cropped/10_Metas/21/16/20191021165400_00160.jpg,datasets_flow/dataset_cropped/10_Metas/21/16/20191021165400_00160.jpg,datasets_cloudmask/dataset_cropped/10_Metas/21/16/20191021165400_00160.png,154.2,41.7,142.1,16.8,959
10/21/2019 16:55,datasets/dataset_cropped/10_Metas/21/16/20191021165500_00160.jpg,datasets_flow/dataset_cropped/10_Metas/21/16/20191021165500_00160.jpg,datasets_cloudmask/dataset_cropped/10_Metas/21/16/20191021165500_00160.png,148,33.5,138.6,16.8,959
10/21/2019 16:56,datasets/dataset_cropped/10_Metas/21/16/20191021165600_00160.jpg,datasets_flow/dataset_cropped/10_Metas/21/16/20191021165600_00160.jpg,datasets_cloudmask/dataset_cropped/10_Metas/21/16/20191021165600_00160.png,142.7,26.1,135.3,16.8,959
10/21/2019 16:57,datasets/dataset_cropped/10_Metas/21/16/20191021165700_00160.jpg,datasets_flow/dataset_cropped/10_Metas/21/16/20191021165700_00160.jpg,datasets_cloudmask/dataset_cropped/10_Metas/21/16/20191021165700_00160.png,140.6,27.5,132.9,16.8,959
10/21/2019 16:58,datasets/dataset_cropped/10_Metas/21/16/20191021165800_00160.jpg,datasets_flow/dataset_cropped/10_Metas/21/16/20191021165800_00160.jpg,datasets_cloudmask/dataset_cropped/10_Metas/21/16/20191021165800_00160.png,135.6,14.6,131.5,16.7,959
10/21/2019 16:59,datasets/dataset_cropped/10_Metas/21/16/20191021165900_00160.jpg,datasets_flow/dataset_cropped/10_Metas/21/16/20191021165900_00160.jpg,datasets_cloudmask/dataset_cropped/10_Metas/21/16/20191021165900_00160.png,132.5,7.2,130.6,16.7,959
10/21/2019 17:00,datasets/dataset_cropped/10_Metas/21/17/20191021170000_00160.jpg,datasets_flow/dataset_cropped/10_Metas/21/17/20191021170000_00160.jpg,datasets_cloudmask/dataset_cropped/10_Metas/21/17/20191021170000_00160.png,134,12.9,130.6,16.7,959
10/21/2019 17:01,datasets/dataset_cropped/10_Metas/21/17/20191021170100_00160.jpg,datasets_flow/dataset_cropped/10_Metas/21/17/20191021170100_00160.jpg,datasets_cloudmask/dataset_cropped/10_Metas/21/17/20191021170100_00160.png,135.4,17.4,130.9,16.7,959
10/21/2019 17:02,datasets/dataset_cropped/10_Metas/21/17/20191021170200_00160.jpg,datasets_flow/dataset_cropped/10_Metas/21/17/20191021170200_00160.jpg,datasets_cloudmask/dataset_cropped/10_Metas/21/17/20191021170200_00160.png,136.6,23.3,130.8,16.8,959
10/21/2019 17:03,datasets/dataset_cropped/10_Metas/21/17/20191021170300_00160.jpg,datasets_flow/dataset_cropped/10_Metas/21/17/20191021170300_00160.jpg,datasets_cloudmask/dataset_cropped/10_Metas/21/17/20191021170300_00160.png,138,34.4,129.4,16.7,959
10/21/2019 17:04,datasets/dataset_cropped/10_Metas/21/17/20191021170400_00160.jpg,datasets_flow/dataset_cropped/10_Metas/21/17/20191021170400_00160.jpg,datasets_cloudmask/dataset_cropped/10_Metas/21/17/20191021170400_00160.png,132.1,22.4,126.6,16.7,959
10/21/2019 17:05,datasets/dataset_cropped/10_Metas/21/17/20191021170500_00160.jpg,datasets_flow/dataset_cropped/10_Metas/21/17/20191021170500_00160.jpg,datasets_cloudmask/dataset_cropped/10_Metas/21/17/20191021170500_00160.png,131,30.6,123.3,16.7,959
10/21/2019 17:06,datasets/dataset_cropped/10_Metas/21/17/20191021170600_00160.jpg,datasets_flow/dataset_cropped/10_Metas/21/17/20191021170600_00160.jpg,datasets_cloudmask/dataset_cropped/10_Metas/21/17/20191021170600_00160.png,131.5,43.5,120.7,16.6,959
10/21/2019 17:07,datasets/dataset_cropped/10_Metas/21/17/20191021170700_00160.jpg,datasets_flow/dataset_cropped/10_Metas/21/17/20191021170700_00160.jpg,datasets_cloudmask/dataset_cropped/10_Metas/21/17/20191021170700_00160.png,124.9,24.3,118.8,16.6,959
10/21/2019 17:08,datasets/dataset_cropped/10_Metas/21/17/20191021170800_00160.jpg,datasets_flow/dataset_cropped/10_Metas/21/17/20191021170800_00160.jpg,datasets_cloudmask/dataset_cropped/10_Metas/21/17/20191021170800_00160.png,120.5,14.2,117.1,16.5,959
10/21/2019 17:09,datasets/dataset_cropped/10_Metas/21/17/20191021170900_00160.jpg,datasets_flow/dataset_cropped/10_Metas/21/17/20191021170900_00160.jpg,datasets_cloudmask/dataset_cropped/10_Metas/21/17/20191021170900_00160.png,117.8,11.8,115,16.5,959
10/21/2019 17:10,datasets/dataset_cropped/10_Metas/21/17/20191021171000_00160.jpg,datasets_flow/dataset_cropped/10_Metas/21/17/20191021171000_00160.jpg,datasets_cloudmask/dataset_cropped/10_Metas/21/17/20191021171000_00160.png,115.6,12.4,112.7,16.5,959
10/21/2019 17:11,datasets/dataset_cropped/10_Metas/21/17/20191021171100_00160.jpg,datasets_flow/dataset_cropped/10_Metas/21/17/20191021171100_00160.jpg,datasets_cloudmask/dataset_cropped/10_Metas/21/17/20191021171100_00160.png,115.8,20.9,111,16.6,959
10/21/2019 17:12,datasets/dataset_cropped/10_Metas/21/17/20191021171200_00160.jpg,datasets_flow/dataset_cropped/10_Metas/21/17/20191021171200_00160.jpg,datasets_cloudmask/dataset_cropped/10_Metas/21/17/20191021171200_00160.png,115.1,22.9,109.9,16.6,959
10/21/2019 17:13,datasets/dataset_cropped/10_Metas/21/17/20191021171300_00160.jpg,datasets_flow/dataset_cropped/10_Metas/21/17/20191021171300_00160.jpg,datasets_cloudmask/dataset_cropped/10_Metas/21/17/20191021171300_00160.png,119.1,43.7,109.2,16.6,959
10/21/2019 17:14,datasets/dataset_cropped/10_Metas/21/17/20191021171400_00160.jpg,datasets_flow/dataset_cropped/10_Metas/21/17/20191021171400_00160.jpg,datasets_cloudmask/dataset_cropped/10_Metas/21/17/20191021171400_00160.png,126.8,80.8,108.7,16.5,959
10/21/2019 17:15,datasets/dataset_cropped/10_Metas/21/17/20191021171500_00160.jpg,datasets_flow/dataset_cropped/10_Metas/21/17/20191021171500_00160.jpg,datasets_cloudmask/dataset_cropped/10_Metas/21/17/20191021171500_00160.png,122.8,67,107.7,16.5,959
10/21/2019 17:16,datasets/dataset_cropped/10_Metas/21/17/20191021171600_00160.jpg,datasets_flow/dataset_cropped/10_Metas/21/17/20191021171600_00160.jpg,datasets_cloudmask/dataset_cropped/10_Metas/21/17/20191021171600_00160.png,111.3,27.3,105.3,16.5,959
10/21/2019 17:17,datasets/dataset_cropped/10_Metas/21/17/20191021171700_00160.jpg,datasets_flow/dataset_cropped/10_Metas/21/17/20191021171700_00160.jpg,datasets_cloudmask/dataset_cropped/10_Metas/21/17/20191021171700_00160.png,107.3,26.2,101.8,16.5,959
10/21/2019 17:18,datasets/dataset_cropped/10_Metas/21/17/20191021171800_00160.jpg,datasets_flow/dataset_cropped/10_Metas/21/17/20191021171800_00160.jpg,datasets_cloudmask/dataset_cropped/10_Metas/21/17/20191021171800_00160.png,104.6,29.1,98.4,16.4,959
10/21/2019 17:19,datasets/dataset_cropped/10_Metas/21/17/20191021171900_00160.jpg,datasets_flow/dataset_cropped/10_Metas/21/17/20191021171900_00160.jpg,datasets_cloudmask/dataset_cropped/10_Metas/21/17/20191021171900_00160.png,100.2,19.8,96.1,16.4,959
10/21/2019 17:20,datasets/dataset_cropped/10_Metas/21/17/20191021172000_00160.jpg,datasets_flow/dataset_cropped/10_Metas/21/17/20191021172000_00160.jpg,datasets_cloudmask/dataset_cropped/10_Metas/21/17/20191021172000_00160.png,99.1,20.3,94.9,16.4,959
10/21/2019 17:21,datasets/dataset_cropped/10_Metas/21/17/20191021172100_00160.jpg,datasets_flow/dataset_cropped/10_Metas/21/17/20191021172100_00160.jpg,datasets_cloudmask/dataset_cropped/10_Metas/21/17/20191021172100_00160.png,98.4,18.9,94.6,16.4,959
10/21/2019 17:22,datasets/dataset_cropped/10_Metas/21/17/20191021172200_00160.jpg,datasets_flow/dataset_cropped/10_Metas/21/17/20191021172200_00160.jpg,datasets_cloudmask/dataset_cropped/10_Metas/21/17/20191021172200_00160.png,103.7,44.9,94.7,16.4,959
10/21/2019 17:23,datasets/dataset_cropped/10_Metas/21/17/20191021172300_00160.jpg,datasets_flow/dataset_cropped/10_Metas/21/17/20191021172300_00160.jpg,datasets_cloudmask/dataset_cropped/10_Metas/21/17/20191021172300_00160.png,100.1,27.8,94.5,16.3,959
10/21/2019 17:24,datasets/dataset_cropped/10_Metas/21/17/20191021172400_00160.jpg,datasets_flow/dataset_cropped/10_Metas/21/17/20191021172400_00160.jpg,datasets_cloudmask/dataset_cropped/10_Metas/21/17/20191021172400_00160.png,96.3,14.6,93.4,16.3,959
10/21/2019 17:25,datasets/dataset_cropped/10_Metas/21/17/20191021172500_00160.jpg,datasets_flow/dataset_cropped/10_Metas/21/17/20191021172500_00160.jpg,datasets_cloudmask/dataset_cropped/10_Metas/21/17/20191021172500_00160.png,94.4,14.5,91.6,16.3,959
10/21/2019 17:26,datasets/dataset_cropped/10_Metas/21/17/20191021172600_00160.jpg,datasets_flow/dataset_cropped/10_Metas/21/17/20191021172600_00160.jpg,datasets_cloudmask/dataset_cropped/10_Metas/21/17/20191021172600_00160.png,93.4,22.1,89.3,16.3,959
10/21/2019 17:27,datasets/dataset_cropped/10_Metas/21/17/20191021172700_00160.jpg,datasets_flow/dataset_cropped/10_Metas/21/17/20191021172700_00160.jpg,datasets_cloudmask/dataset_cropped/10_Metas/21/17/20191021172700_00160.png,95.3,45.6,86.9,16.2,959
10/21/2019 17:28,datasets/dataset_cropped/10_Metas/21/17/20191021172800_00160.jpg,datasets_flow/dataset_cropped/10_Metas/21/17/20191021172800_00160.jpg,datasets_cloudmask/dataset_cropped/10_Metas/21/17/20191021172800_00160.png,91,34.5,84.6,16.2,959
10/21/2019 17:29,datasets/dataset_cropped/10_Metas/21/17/20191021172900_00160.jpg,datasets_flow/dataset_cropped/10_Metas/21/17/20191021172900_00160.jpg,datasets_cloudmask/dataset_cropped/10_Metas/21/17/20191021172900_00160.png,86.6,21.8,82.6,16.2,959
10/21/2019 17:30,datasets/dataset_cropped/10_Metas/21/17/20191021173000_00160.jpg,datasets_flow/dataset_cropped/10_Metas/21/17/20191021173000_00160.jpg,datasets_cloudmask/dataset_cropped/10_Metas/21/17/20191021173000_00160.png,84,16.5,81,16.2,959
10/21/2019 17:31,datasets/dataset_cropped/10_Metas/21/17/20191021173100_00160.jpg,datasets_flow/dataset_cropped/10_Metas/21/17/20191021173100_00160.jpg,datasets_cloudmask/dataset_cropped/10_Metas/21/17/20191021173100_00160.png,82.5,15.7,79.7,16.2,959
10/21/2019 17:32,datasets/dataset_cropped/10_Metas/21/17/20191021173200_00160.jpg,datasets_flow/dataset_cropped/10_Metas/21/17/20191021173200_00160.jpg,datasets_cloudmask/dataset_cropped/10_Metas/21/17/20191021173200_00160.png,81.1,15,78.5,16.1,959
10/21/2019 17:33,datasets/dataset_cropped/10_Metas/21/17/20191021173300_00160.jpg,datasets_flow/dataset_cropped/10_Metas/21/17/20191021173300_00160.jpg,datasets_cloudmask/dataset_cropped/10_Metas/21/17/20191021173300_00160.png,79.5,12.9,77.2,16.1,959
10/21/2019 17:34,datasets/dataset_cropped/10_Metas/21/17/20191021173400_00160.jpg,datasets_flow/dataset_cropped/10_Metas/21/17/20191021173400_00160.jpg,datasets_cloudmask/dataset_cropped/10_Metas/21/17/20191021173400_00160.png,77.8,11.6,75.9,16.1,959
10/21/2019 17:35,datasets/dataset_cropped/10_Metas/21/17/20191021173500_00160.jpg,datasets_flow/dataset_cropped/10_Metas/21/17/20191021173500_00160.jpg,datasets_cloudmask/dataset_cropped/10_Metas/21/17/20191021173500_00160.png,79.4,31.3,74.5,16.1,959
10/21/2019 17:36,datasets/dataset_cropped/10_Metas/21/17/20191021173600_00160.jpg,datasets_flow/dataset_cropped/10_Metas/21/17/20191021173600_00160.jpg,datasets_cloudmask/dataset_cropped/10_Metas/21/17/20191021173600_00160.png,77.6,29.4,73,16.1,959
10/21/2019 17:37,datasets/dataset_cropped/10_Metas/21/17/20191021173700_00160.jpg,datasets_flow/dataset_cropped/10_Metas/21/17/20191021173700_00160.jpg,datasets_cloudmask/dataset_cropped/10_Metas/21/17/20191021173700_00160.png,73,12.9,70.9,16.1,959
10/21/2019 17:38,datasets/dataset_cropped/10_Metas/21/17/20191021173800_00160.jpg,datasets_flow/dataset_cropped/10_Metas/21/17/20191021173800_00160.jpg,datasets_cloudmask/dataset_cropped/10_Metas/21/17/20191021173800_00160.png,70.2,9.6,68.7,16.1,959
10/21/2019 17:39,datasets/dataset_cropped/10_Metas/21/17/20191021173900_00160.jpg,datasets_flow/dataset_cropped/10_Metas/21/17/20191021173900_00160.jpg,datasets_cloudmask/dataset_cropped/10_Metas/21/17/20191021173900_00160.png,67.3,5.6,66.4,16.1,959
10/21/2019 17:40,datasets/dataset_cropped/10_Metas/21/17/20191021174000_00160.jpg,datasets_flow/dataset_cropped/10_Metas/21/17/20191021174000_00160.jpg,datasets_cloudmask/dataset_cropped/10_Metas/21/17/20191021174000_00160.png,65.1,4.5,64.4,16.1,959
10/21/2019 17:41,datasets/dataset_cropped/10_Metas/21/17/20191021174100_00160.jpg,datasets_flow/dataset_cropped/10_Metas/21/17/20191021174100_00160.jpg,datasets_cloudmask/dataset_cropped/10_Metas/21/17/20191021174100_00160.png,63.5,4.7,62.8,16,959
10/21/2019 17:42,datasets/dataset_cropped/10_Metas/21/17/20191021174200_00160.jpg,datasets_flow/dataset_cropped/10_Metas/21/17/20191021174200_00160.jpg,datasets_cloudmask/dataset_cropped/10_Metas/21/17/20191021174200_00160.png,62.6,8.3,61.4,16,959
10/21/2019 17:43,datasets/dataset_cropped/10_Metas/21/17/20191021174300_00160.jpg,datasets_flow/dataset_cropped/10_Metas/21/17/20191021174300_00160.jpg,datasets_cloudmask/dataset_cropped/10_Metas/21/17/20191021174300_00160.png,62.9,21.8,60.1,16,959
10/21/2019 17:44,datasets/dataset_cropped/10_Metas/21/17/20191021174400_00160.jpg,datasets_flow/dataset_cropped/10_Metas/21/17/20191021174400_00160.jpg,datasets_cloudmask/dataset_cropped/10_Metas/21/17/20191021174400_00160.png,67.4,71.7,58.4,16,959
10/21/2019 17:45,datasets/dataset_cropped/10_Metas/21/17/20191021174500_00160.jpg,datasets_flow/dataset_cropped/10_Metas/21/17/20191021174500_00160.jpg,datasets_cloudmask/dataset_cropped/10_Metas/21/17/20191021174500_00160.png,83.2,212.5,56.7,16,959
10/21/2019 17:46,datasets/dataset_cropped/10_Metas/21/17/20191021174600_00160.jpg,datasets_flow/dataset_cropped/10_Metas/21/17/20191021174600_00160.jpg,datasets_cloudmask/dataset_cropped/10_Metas/21/17/20191021174600_00160.png,76.1,176.1,54.6,16.1,959
10/21/2019 17:47,datasets/dataset_cropped/10_Metas/21/17/20191021174700_00160.jpg,datasets_flow/dataset_cropped/10_Metas/21/17/20191021174700_00160.jpg,datasets_cloudmask/dataset_cropped/10_Metas/21/17/20191021174700_00160.png,80.3,232.3,52.7,16.1,959
10/21/2019 17:48,datasets/dataset_cropped/10_Metas/21/17/20191021174800_00160.jpg,datasets_flow/dataset_cropped/10_Metas/21/17/20191021174800_00160.jpg,datasets_cloudmask/dataset_cropped/10_Metas/21/17/20191021174800_00160.png,65.6,127.1,50.7,16.1,959
10/21/2019 17:49,datasets/dataset_cropped/10_Metas/21/17/20191021174900_00160.jpg,datasets_flow/dataset_cropped/10_Metas/21/17/20191021174900_00160.jpg,datasets_cloudmask/dataset_cropped/10_Metas/21/17/20191021174900_00160.png,60.2,101.4,48.8,16.1,959
10/21/2019 17:50,datasets/dataset_cropped/10_Metas/21/17/20191021175000_00160.jpg,datasets_flow/dataset_cropped/10_Metas/21/17/20191021175000_00160.jpg,datasets_cloudmask/dataset_cropped/10_Metas/21/17/20191021175000_00160.png,59.2,104.4,47.6,16.1,959
10/21/2019 17:51,datasets/dataset_cropped/10_Metas/21/17/20191021175100_00160.jpg,datasets_flow/dataset_cropped/10_Metas/21/17/20191021175100_00160.jpg,datasets_cloudmask/dataset_cropped/10_Metas/21/17/20191021175100_00160.png,50.5,40.2,46.1,16.1,959
10/21/2019 17:52,datasets/dataset_cropped/10_Metas/21/17/20191021175200_00160.jpg,datasets_flow/dataset_cropped/10_Metas/21/17/20191021175200_00160.jpg,datasets_cloudmask/dataset_cropped/10_Metas/21/17/20191021175200_00160.png,46.7,22.9,44.2,16.1,959
10/21/2019 17:53,datasets/dataset_cropped/10_Metas/21/17/20191021175300_00160.jpg,datasets_flow/dataset_cropped/10_Metas/21/17/20191021175300_00160.jpg,datasets_cloudmask/dataset_cropped/10_Metas/21/17/20191021175300_00160.png,44.5,18.2,42.5,16,959
10/21/2019 17:54,datasets/dataset_cropped/10_Metas/21/17/20191021175400_00160.jpg,datasets_flow/dataset_cropped/10_Metas/21/17/20191021175400_00160.jpg,datasets_cloudmask/dataset_cropped/10_Metas/21/17/20191021175400_00160.png,43.5,26.4,40.9,15.9,959
10/21/2019 17:55,datasets/dataset_cropped/10_Metas/21/17/20191021175500_00160.jpg,datasets_flow/dataset_cropped/10_Metas/21/17/20191021175500_00160.jpg,datasets_cloudmask/dataset_cropped/10_Metas/21/17/20191021175500_00160.png,42.2,30.7,39.2,15.9,959
10/21/2019 17:56,datasets/dataset_cropped/10_Metas/21/17/20191021175600_00160.jpg,datasets_flow/dataset_cropped/10_Metas/21/17/20191021175600_00160.jpg,datasets_cloudmask/dataset_cropped/10_Metas/21/17/20191021175600_00160.png,42.4,53.5,37.6,15.9,959
10/21/2019 17:57,datasets/dataset_cropped/10_Metas/21/17/20191021175700_00160.jpg,datasets_flow/dataset_cropped/10_Metas/21/17/20191021175700_00160.jpg,datasets_cloudmask/dataset_cropped/10_Metas/21/17/20191021175700_00160.png,46.1,116.3,36,15.9,959
10/21/2019 17:58,datasets/dataset_cropped/10_Metas/21/17/20191021175800_00160.jpg,datasets_flow/dataset_cropped/10_Metas/21/17/20191021175800_00160.jpg,datasets_cloudmask/dataset_cropped/10_Metas/21/17/20191021175800_00160.png,49.1,172.8,34.6,15.9,959
10/21/2019 17:59,datasets/dataset_cropped/10_Metas/21/17/20191021175900_00160.jpg,datasets_flow/dataset_cropped/10_Metas/21/17/20191021175900_00160.jpg,datasets_cloudmask/dataset_cropped/10_Metas/21/17/20191021175900_00160.png,45.8,158,33,15.8,959
10/21/2019 18:00,datasets/dataset_cropped/10_Metas/21/18/20191021180000_00160.jpg,datasets_flow/dataset_cropped/10_Metas/21/18/20191021180000_00160.jpg,datasets_cloudmask/dataset_cropped/10_Metas/21/18/20191021180000_00160.png,43.8,158.3,31.4,15.8,959
10/21/2019 18:01,datasets/dataset_cropped/10_Metas/21/18/20191021180100_00160.jpg,datasets_flow/dataset_cropped/10_Metas/21/18/20191021180100_00160.jpg,datasets_cloudmask/dataset_cropped/10_Metas/21/18/20191021180100_00160.png,41.3,151,30,15.8,959
10/21/2019 18:02,datasets/dataset_cropped/10_Metas/21/18/20191021180200_00160.jpg,datasets_flow/dataset_cropped/10_Metas/21/18/20191021180200_00160.jpg,datasets_cloudmask/dataset_cropped/10_Metas/21/18/20191021180200_00160.png,38.3,132.8,28.8,15.8,959
10/21/2019 18:03,datasets/dataset_cropped/10_Metas/21/18/20191021180300_00160.jpg,datasets_flow/dataset_cropped/10_Metas/21/18/20191021180300_00160.jpg,datasets_cloudmask/dataset_cropped/10_Metas/21/18/20191021180300_00160.png,35.4,115.8,27.4,15.8,959
10/21/2019 18:04,datasets/dataset_cropped/10_Metas/21/18/20191021180400_00160.jpg,datasets_flow/dataset_cropped/10_Metas/21/18/20191021180400_00160.jpg,datasets_cloudmask/dataset_cropped/10_Metas/21/18/20191021180400_00160.png,34.7,135.5,25.9,15.8,959
10/21/2019 18:05,datasets/dataset_cropped/10_Metas/21/18/20191021180500_00160.jpg,datasets_flow/dataset_cropped/10_Metas/21/18/20191021180500_00160.jpg,datasets_cloudmask/dataset_cropped/10_Metas/21/18/20191021180500_00160.png,37.6,206.4,24.8,15.8,959
10/21/2019 18:06,datasets/dataset_cropped/10_Metas/21/18/20191021180600_00160.jpg,datasets_flow/dataset_cropped/10_Metas/21/18/20191021180600_00160.jpg,datasets_cloudmask/dataset_cropped/10_Metas/21/18/20191021180600_00160.png,33.2,155.4,23.9,15.8,959
10/21/2019 18:07,datasets/dataset_cropped/10_Metas/21/18/20191021180700_00160.jpg,datasets_flow/dataset_cropped/10_Metas/21/18/20191021180700_00160.jpg,datasets_cloudmask/dataset_cropped/10_Metas/21/18/20191021180700_00160.png,28.6,103.9,22.6,15.8,959
10/21/2019 18:08,datasets/dataset_cropped/10_Metas/21/18/20191021180800_00160.jpg,datasets_flow/dataset_cropped/10_Metas/21/18/20191021180800_00160.jpg,datasets_cloudmask/dataset_cropped/10_Metas/21/18/20191021180800_00160.png,23.5,45.5,20.9,15.7,959
10/21/2019 18:09,datasets/dataset_cropped/10_Metas/21/18/20191021180900_00160.jpg,datasets_flow/dataset_cropped/10_Metas/21/18/20191021180900_00160.jpg,datasets_cloudmask/dataset_cropped/10_Metas/21/18/20191021180900_00160.png,19.9,11.5,19.1,15.7,959
10/21/2019 18:10,datasets/dataset_cropped/10_Metas/21/18/20191021181000_00160.jpg,datasets_flow/dataset_cropped/10_Metas/21/18/20191021181000_00160.jpg,datasets_cloudmask/dataset_cropped/10_Metas/21/18/20191021181000_00160.png,18.1,5.3,17.7,15.6,959
10/21/2019 18:11,datasets/dataset_cropped/10_Metas/21/18/20191021181100_00160.jpg,datasets_flow/dataset_cropped/10_Metas/21/18/20191021181100_00160.jpg,datasets_cloudmask/dataset_cropped/10_Metas/21/18/20191021181100_00160.png,16.6,3.8,16.3,15.6,959
10/21/2019 18:12,datasets/dataset_cropped/10_Metas/21/18/20191021181200_00160.jpg,datasets_flow/dataset_cropped/10_Metas/21/18/20191021181200_00160.jpg,datasets_cloudmask/dataset_cropped/10_Metas/21/18/20191021181200_00160.png,15.2,1.7,15,15.5,959
10/21/2019 18:13,datasets/dataset_cropped/10_Metas/21/18/20191021181300_00160.jpg,datasets_flow/dataset_cropped/10_Metas/21/18/20191021181300_00160.jpg,datasets_cloudmask/dataset_cropped/10_Metas/21/18/20191021181300_00160.png,14.2,0.7,14.1,15.5,959
10/21/2019 18:14,datasets/dataset_cropped/10_Metas/21/18/20191021181400_00160.jpg,datasets_flow/dataset_cropped/10_Metas/21/18/20191021181400_00160.jpg,datasets_cloudmask/dataset_cropped/10_Metas/21/18/20191021181400_00160.png,14,0.2,13.8,15.5,959
10/21/2019 18:15,datasets/dataset_cropped/10_Metas/21/18/20191021181500_00160.jpg,datasets_flow/dataset_cropped/10_Metas/21/18/20191021181500_00160.jpg,datasets_cloudmask/dataset_cropped/10_Metas/21/18/20191021181500_00160.png,14.2,0,14.1,15.4,959
10/21/2019 18:16,datasets/dataset_cropped/10_Metas/21/18/20191021181600_00160.jpg,datasets_flow/dataset_cropped/10_Metas/21/18/20191021181600_00160.jpg,datasets_cloudmask/dataset_cropped/10_Metas/21/18/20191021181600_00160.png,14.2,0,14.1,15.4,959
10/21/2019 18:17,datasets/dataset_cropped/10_Metas/21/18/20191021181700_00160.jpg,datasets_flow/dataset_cropped/10_Metas/21/18/20191021181700_00160.jpg,datasets_cloudmask/dataset_cropped/10_Metas/21/18/20191021181700_00160.png,13.8,0,13.8,15.4,959
10/21/2019 18:18,datasets/dataset_cropped/10_Metas/21/18/20191021181800_00160.jpg,datasets_flow/dataset_cropped/10_Metas/21/18/20191021181800_00160.jpg,datasets_cloudmask/dataset_cropped/10_Metas/21/18/20191021181800_00160.png,13.3,0,13.2,15.4,959
10/21/2019 18:19,datasets/dataset_cropped/10_Metas/21/18/20191021181900_00160.jpg,datasets_flow/dataset_cropped/10_Metas/21/18/20191021181900_00160.jpg,datasets_cloudmask/dataset_cropped/10_Metas/21/18/20191021181900_00160.png,12.7,0,12.6,15.4,959
10/21/2019 18:20,datasets/dataset_cropped/10_Metas/21/18/20191021182000_00160.jpg,datasets_flow/dataset_cropped/10_Metas/21/18/20191021182000_00160.jpg,datasets_cloudmask/dataset_cropped/10_Metas/21/18/20191021182000_00160.png,12,0,11.8,15.3,959
10/21/2019 18:21,datasets/dataset_cropped/10_Metas/21/18/20191021182100_00160.jpg,datasets_flow/dataset_cropped/10_Metas/21/18/20191021182100_00160.jpg,datasets_cloudmask/dataset_cropped/10_Metas/21/18/20191021182100_00160.png,11,0,10.9,15.3,959
10/21/2019 18:22,datasets/dataset_cropped/10_Metas/21/18/20191021182200_00160.jpg,datasets_flow/dataset_cropped/10_Metas/21/18/20191021182200_00160.jpg,datasets_cloudmask/dataset_cropped/10_Metas/21/18/20191021182200_00160.png,9.8,0,9.7,15.3,959
10/21/2019 18:23,datasets/dataset_cropped/10_Metas/21/18/20191021182300_00160.jpg,datasets_flow/dataset_cropped/10_Metas/21/18/20191021182300_00160.jpg,datasets_cloudmask/dataset_cropped/10_Metas/21/18/20191021182300_00160.png,8.7,0,8.6,15.3,959
10/22/2019 7:25,datasets/dataset_cropped/10_Metas/22/07/20191022072500_00160.jpg,datasets_flow/dataset_cropped/10_Metas/22/07/20191022072500_00160.jpg,datasets_cloudmask/dataset_cropped/10_Metas/22/07/20191022072500_00160.png,0,0,0,11.2,955
10/22/2019 7:26,datasets/dataset_cropped/10_Metas/22/07/20191022072600_00160.jpg,datasets_flow/dataset_cropped/10_Metas/22/07/20191022072600_00160.jpg,datasets_cloudmask/dataset_cropped/10_Metas/22/07/20191022072600_00160.png,0,0,0,11.2,955
10/22/2019 7:27,datasets/dataset_cropped/10_Metas/22/07/20191022072700_00160.jpg,datasets_flow/dataset_cropped/10_Metas/22/07/20191022072700_00160.jpg,datasets_cloudmask/dataset_cropped/10_Metas/22/07/20191022072700_00160.png,0,0,0,11.2,955
10/22/2019 7:28,datasets/dataset_cropped/10_Metas/22/07/20191022072800_00160.jpg,datasets_flow/dataset_cropped/10_Metas/22/07/20191022072800_00160.jpg,datasets_cloudmask/dataset_cropped/10_Metas/22/07/20191022072800_00160.png,0.1,0,0.2,11.2,955
10/22/2019 7:29,datasets/dataset_cropped/10_Metas/22/07/20191022072900_00160.jpg,datasets_flow/dataset_cropped/10_Metas/22/07/20191022072900_00160.jpg,datasets_cloudmask/dataset_cropped/10_Metas/22/07/20191022072900_00160.png,0.3,0,0.3,11.2,955
10/22/2019 7:30,datasets/dataset_cropped/10_Metas/22/07/20191022073000_00160.jpg,datasets_flow/dataset_cropped/10_Metas/22/07/20191022073000_00160.jpg,datasets_cloudmask/dataset_cropped/10_Metas/22/07/20191022073000_00160.png,0.5,0,0.6,11.2,955
10/22/2019 7:31,datasets/dataset_cropped/10_Metas/22/07/20191022073100_00160.jpg,datasets_flow/dataset_cropped/10_Metas/22/07/20191022073100_00160.jpg,datasets_cloudmask/dataset_cropped/10_Metas/22/07/20191022073100_00160.png,0.7,0,0.8,11.2,955
10/22/2019 7:32,datasets/dataset_cropped/10_Metas/22/07/20191022073200_00160.jpg,datasets_flow/dataset_cropped/10_Metas/22/07/20191022073200_00160.jpg,datasets_cloudmask/dataset_cropped/10_Metas/22/07/20191022073200_00160.png,0.9,0,0.9,11.2,955
10/22/2019 7:33,datasets/dataset_cropped/10_Metas/22/07/20191022073300_00160.jpg,datasets_flow/dataset_cropped/10_Metas/22/07/20191022073300_00160.jpg,datasets_cloudmask/dataset_cropped/10_Metas/22/07/20191022073300_00160.png,1.1,0,1.2,11.2,955
10/22/2019 7:34,datasets/dataset_cropped/10_Metas/22/07/20191022073400_00160.jpg,datasets_flow/dataset_cropped/10_Metas/22/07/20191022073400_00160.jpg,datasets_cloudmask/dataset_cropped/10_Metas/22/07/20191022073400_00160.png,1.3,0,1.4,11.2,955
10/22/2019 7:35,datasets/dataset_cropped/10_Metas/22/07/20191022073500_00160.jpg,datasets_flow/dataset_cropped/10_Metas/22/07/20191022073500_00160.jpg,datasets_cloudmask/dataset_cropped/10_Metas/22/07/20191022073500_00160.png,1.4,0,1.5,11.2,955
10/22/2019 7:36,datasets/dataset_cropped/10_Metas/22/07/20191022073600_00160.jpg,datasets_flow/dataset_cropped/10_Metas/22/07/20191022073600_00160.jpg,datasets_cloudmask/dataset_cropped/10_Metas/22/07/20191022073600_00160.png,1.5,0,1.6,11.2,955
10/22/2019 7:37,datasets/dataset_cropped/10_Metas/22/07/20191022073700_00160.jpg,datasets_flow/dataset_cropped/10_Metas/22/07/20191022073700_00160.jpg,datasets_cloudmask/dataset_cropped/10_Metas/22/07/20191022073700_00160.png,1.6,0,1.7,11.2,955
10/22/2019 7:38,datasets/dataset_cropped/10_Metas/22/07/20191022073800_00160.jpg,datasets_flow/dataset_cropped/10_Metas/22/07/20191022073800_00160.jpg,datasets_cloudmask/dataset_cropped/10_Metas/22/07/20191022073800_00160.png,1.7,0,1.8,11.2,955
10/22/2019 7:39,datasets/dataset_cropped/10_Metas/22/07/20191022073900_00160.jpg,datasets_flow/dataset_cropped/10_Metas/22/07/20191022073900_00160.jpg,datasets_cloudmask/dataset_cropped/10_Metas/22/07/20191022073900_00160.png,1.8,0,1.8,11.2,955
10/22/2019 7:40,datasets/dataset_cropped/10_Metas/22/07/20191022074000_00160.jpg,datasets_flow/dataset_cropped/10_Metas/22/07/20191022074000_00160.jpg,datasets_cloudmask/dataset_cropped/10_Metas/22/07/20191022074000_00160.png,1.9,0,2,11.2,955
10/22/2019 7:41,datasets/dataset_cropped/10_Metas/22/07/20191022074100_00160.jpg,datasets_flow/dataset_cropped/10_Metas/22/07/20191022074100_00160.jpg,datasets_cloudmask/dataset_cropped/10_Metas/22/07/20191022074100_00160.png,2,0,2,11.1,955
10/22/2019 7:42,datasets/dataset_cropped/10_Metas/22/07/20191022074200_00160.jpg,datasets_flow/dataset_cropped/10_Metas/22/07/20191022074200_00160.jpg,datasets_cloudmask/dataset_cropped/10_Metas/22/07/20191022074200_00160.png,2.1,0,2.1,11.2,955
10/22/2019 7:43,datasets/dataset_cropped/10_Metas/22/07/20191022074300_00160.jpg,datasets_flow/dataset_cropped/10_Metas/22/07/20191022074300_00160.jpg,datasets_cloudmask/dataset_cropped/10_Metas/22/07/20191022074300_00160.png,2.2,0,2.2,11.2,955
10/22/2019 7:44,datasets/dataset_cropped/10_Metas/22/07/20191022074400_00160.jpg,datasets_flow/dataset_cropped/10_Metas/22/07/20191022074400_00160.jpg,datasets_cloudmask/dataset_cropped/10_Metas/22/07/20191022074400_00160.png,2.3,0,2.3,11.1,955
10/22/2019 7:45,datasets/dataset_cropped/10_Metas/22/07/20191022074500_00160.jpg,datasets_flow/dataset_cropped/10_Metas/22/07/20191022074500_00160.jpg,datasets_cloudmask/dataset_cropped/10_Metas/22/07/20191022074500_00160.png,2.5,0,2.5,11,955
10/22/2019 7:46,datasets/dataset_cropped/10_Metas/22/07/20191022074600_00160.jpg,datasets_flow/dataset_cropped/10_Metas/22/07/20191022074600_00160.jpg,datasets_cloudmask/dataset_cropped/10_Metas/22/07/20191022074600_00160.png,2.8,0,2.8,11,955
10/22/2019 7:47,datasets/dataset_cropped/10_Metas/22/07/20191022074700_00160.jpg,datasets_flow/dataset_cropped/10_Metas/22/07/20191022074700_00160.jpg,datasets_cloudmask/dataset_cropped/10_Metas/22/07/20191022074700_00160.png,3.1,0,3.2,11,955
10/22/2019 7:48,datasets/dataset_cropped/10_Metas/22/07/20191022074800_00160.jpg,datasets_flow/dataset_cropped/10_Metas/22/07/20191022074800_00160.jpg,datasets_cloudmask/dataset_cropped/10_Metas/22/07/20191022074800_00160.png,3.4,0,3.5,11,955
10/22/2019 7:49,datasets/dataset_cropped/10_Metas/22/07/20191022074900_00160.jpg,datasets_flow/dataset_cropped/10_Metas/22/07/20191022074900_00160.jpg,datasets_cloudmask/dataset_cropped/10_Metas/22/07/20191022074900_00160.png,3.6,0,3.6,11,955
10/22/2019 7:50,datasets/dataset_cropped/10_Metas/22/07/20191022075000_00160.jpg,datasets_flow/dataset_cropped/10_Metas/22/07/20191022075000_00160.jpg,datasets_cloudmask/dataset_cropped/10_Metas/22/07/20191022075000_00160.png,3.7,0,3.7,11,955
10/22/2019 7:51,datasets/dataset_cropped/10_Metas/22/07/20191022075100_00160.jpg,datasets_flow/dataset_cropped/10_Metas/22/07/20191022075100_00160.jpg,datasets_cloudmask/dataset_cropped/10_Metas/22/07/20191022075100_00160.png,4,0,3.9,11,955
10/22/2019 7:52,datasets/dataset_cropped/10_Metas/22/07/20191022075200_00160.jpg,datasets_flow/dataset_cropped/10_Metas/22/07/20191022075200_00160.jpg,datasets_cloudmask/dataset_cropped/10_Metas/22/07/20191022075200_00160.png,4.2,0,4.2,11,955
10/22/2019 7:53,datasets/dataset_cropped/10_Metas/22/07/20191022075300_00160.jpg,datasets_flow/dataset_cropped/10_Metas/22/07/20191022075300_00160.jpg,datasets_cloudmask/dataset_cropped/10_Metas/22/07/20191022075300_00160.png,4.5,0,4.5,11.1,955
10/22/2019 7:54,datasets/dataset_cropped/10_Metas/22/07/20191022075400_00160.jpg,datasets_flow/dataset_cropped/10_Metas/22/07/20191022075400_00160.jpg,datasets_cloudmask/dataset_cropped/10_Metas/22/07/20191022075400_00160.png,4.8,0,4.8,11.1,955
10/22/2019 7:55,datasets/dataset_cropped/10_Metas/22/07/20191022075500_00160.jpg,datasets_flow/dataset_cropped/10_Metas/22/07/20191022075500_00160.jpg,datasets_cloudmask/dataset_cropped/10_Metas/22/07/20191022075500_00160.png,5,0,5,11.1,955
10/22/2019 7:56,datasets/dataset_cropped/10_Metas/22/07/20191022075600_00160.jpg,datasets_flow/dataset_cropped/10_Metas/22/07/20191022075600_00160.jpg,datasets_cloudmask/dataset_cropped/10_Metas/22/07/20191022075600_00160.png,5,0,5,11.1,955
10/22/2019 7:57,datasets/dataset_cropped/10_Metas/22/07/20191022075700_00160.jpg,datasets_flow/dataset_cropped/10_Metas/22/07/20191022075700_00160.jpg,datasets_cloudmask/dataset_cropped/10_Metas/22/07/20191022075700_00160.png,4.9,0,4.9,11.1,955
10/22/2019 7:58,datasets/dataset_cropped/10_Metas/22/07/20191022075800_00160.jpg,datasets_flow/dataset_cropped/10_Metas/22/07/20191022075800_00160.jpg,datasets_cloudmask/dataset_cropped/10_Metas/22/07/20191022075800_00160.png,4.8,0,4.8,11.1,955
10/22/2019 7:59,datasets/dataset_cropped/10_Metas/22/07/20191022075900_00160.jpg,datasets_flow/dataset_cropped/10_Metas/22/07/20191022075900_00160.jpg,datasets_cloudmask/dataset_cropped/10_Metas/22/07/20191022075900_00160.png,4.8,0,4.9,11.1,955
10/22/2019 8:00,datasets/dataset_cropped/10_Metas/22/08/20191022080000_00160.jpg,datasets_flow/dataset_cropped/10_Metas/22/08/20191022080000_00160.jpg,datasets_cloudmask/dataset_cropped/10_Metas/22/08/20191022080000_00160.png,4.9,0,4.9,11.2,955
10/22/2019 8:01,datasets/dataset_cropped/10_Metas/22/08/20191022080100_00160.jpg,datasets_flow/dataset_cropped/10_Metas/22/08/20191022080100_00160.jpg,datasets_cloudmask/dataset_cropped/10_Metas/22/08/20191022080100_00160.png,5,0,5,11.1,955
10/22/2019 8:02,datasets/dataset_cropped/10_Metas/22/08/20191022080200_00160.jpg,datasets_flow/dataset_cropped/10_Metas/22/08/20191022080200_00160.jpg,datasets_cloudmask/dataset_cropped/10_Metas/22/08/20191022080200_00160.png,5.1,0,5.1,11.1,955
10/22/2019 8:03,datasets/dataset_cropped/10_Metas/22/08/20191022080300_00160.jpg,datasets_flow/dataset_cropped/10_Metas/22/08/20191022080300_00160.jpg,datasets_cloudmask/dataset_cropped/10_Metas/22/08/20191022080300_00160.png,5.1,0,5,11.1,954
10/22/2019 8:04,datasets/dataset_cropped/10_Metas/22/08/20191022080400_00160.jpg,datasets_flow/dataset_cropped/10_Metas/22/08/20191022080400_00160.jpg,datasets_cloudmask/dataset_cropped/10_Metas/22/08/20191022080400_00160.png,5.2,0,5.1,11.1,954
10/22/2019 8:05,datasets/dataset_cropped/10_Metas/22/08/20191022080500_00160.jpg,datasets_flow/dataset_cropped/10_Metas/22/08/20191022080500_00160.jpg,datasets_cloudmask/dataset_cropped/10_Metas/22/08/20191022080500_00160.png,5.2,0,5.2,11.1,954
10/22/2019 8:06,datasets/dataset_cropped/10_Metas/22/08/20191022080600_00160.jpg,datasets_flow/dataset_cropped/10_Metas/22/08/20191022080600_00160.jpg,datasets_cloudmask/dataset_cropped/10_Metas/22/08/20191022080600_00160.png,5.4,0,5.4,11.1,954.1
10/22/2019 8:07,datasets/dataset_cropped/10_Metas/22/08/20191022080700_00160.jpg,datasets_flow/dataset_cropped/10_Metas/22/08/20191022080700_00160.jpg,datasets_cloudmask/dataset_cropped/10_Metas/22/08/20191022080700_00160.png,5.5,0,5.5,11.1,954.3
10/22/2019 8:08,datasets/dataset_cropped/10_Metas/22/08/20191022080800_00160.jpg,datasets_flow/dataset_cropped/10_Metas/22/08/20191022080800_00160.jpg,datasets_cloudmask/dataset_cropped/10_Metas/22/08/20191022080800_00160.png,5.7,0,5.7,11.1,954.4
10/22/2019 8:09,datasets/dataset_cropped/10_Metas/22/08/20191022080900_00160.jpg,datasets_flow/dataset_cropped/10_Metas/22/08/20191022080900_00160.jpg,datasets_cloudmask/dataset_cropped/10_Metas/22/08/20191022080900_00160.png,5.9,0,5.8,11.2,954.6
10/22/2019 8:10,datasets/dataset_cropped/10_Metas/22/08/20191022081000_00160.jpg,datasets_flow/dataset_cropped/10_Metas/22/08/20191022081000_00160.jpg,datasets_cloudmask/dataset_cropped/10_Metas/22/08/20191022081000_00160.png,6.1,0,6,11.2,954.7
10/22/2019 8:11,datasets/dataset_cropped/10_Metas/22/08/20191022081100_00160.jpg,datasets_flow/dataset_cropped/10_Metas/22/08/20191022081100_00160.jpg,datasets_cloudmask/dataset_cropped/10_Metas/22/08/20191022081100_00160.png,6.2,0,6.1,11.2,954.9
10/22/2019 8:12,datasets/dataset_cropped/10_Metas/22/08/20191022081200_00160.jpg,datasets_flow/dataset_cropped/10_Metas/22/08/20191022081200_00160.jpg,datasets_cloudmask/dataset_cropped/10_Metas/22/08/20191022081200_00160.png,6.4,0,6.3,11.2,955
10/22/2019 8:13,datasets/dataset_cropped/10_Metas/22/08/20191022081300_00160.jpg,datasets_flow/dataset_cropped/10_Metas/22/08/20191022081300_00160.jpg,datasets_cloudmask/dataset_cropped/10_Metas/22/08/20191022081300_00160.png,6.7,0,6.7,11.2,955
10/22/2019 8:14,datasets/dataset_cropped/10_Metas/22/08/20191022081400_00160.jpg,datasets_flow/dataset_cropped/10_Metas/22/08/20191022081400_00160.jpg,datasets_cloudmask/dataset_cropped/10_Metas/22/08/20191022081400_00160.png,7,0,6.9,11.1,955
10/22/2019 8:15,datasets/dataset_cropped/10_Metas/22/08/20191022081500_00160.jpg,datasets_flow/dataset_cropped/10_Metas/22/08/20191022081500_00160.jpg,datasets_cloudmask/dataset_cropped/10_Metas/22/08/20191022081500_00160.png,7.2,0,7.2,11.1,955
10/22/2019 8:16,datasets/dataset_cropped/10_Metas/22/08/20191022081600_00160.jpg,datasets_flow/dataset_cropped/10_Metas/22/08/20191022081600_00160.jpg,datasets_cloudmask/dataset_cropped/10_Metas/22/08/20191022081600_00160.png,7.5,0,7.5,11.1,955
10/22/2019 8:17,datasets/dataset_cropped/10_Metas/22/08/20191022081700_00160.jpg,datasets_flow/dataset_cropped/10_Metas/22/08/20191022081700_00160.jpg,datasets_cloudmask/dataset_cropped/10_Metas/22/08/20191022081700_00160.png,8,0,7.9,11.1,955
10/22/2019 8:18,datasets/dataset_cropped/10_Metas/22/08/20191022081800_00160.jpg,datasets_flow/dataset_cropped/10_Metas/22/08/20191022081800_00160.jpg,datasets_cloudmask/dataset_cropped/10_Metas/22/08/20191022081800_00160.png,8.4,0,8.3,11.1,955
10/22/2019 8:19,datasets/dataset_cropped/10_Metas/22/08/20191022081900_00160.jpg,datasets_flow/dataset_cropped/10_Metas/22/08/20191022081900_00160.jpg,datasets_cloudmask/dataset_cropped/10_Metas/22/08/20191022081900_00160.png,8.6,0,8.6,11.1,955
10/22/2019 8:20,datasets/dataset_cropped/10_Metas/22/08/20191022082000_00160.jpg,datasets_flow/dataset_cropped/10_Metas/22/08/20191022082000_00160.jpg,datasets_cloudmask/dataset_cropped/10_Metas/22/08/20191022082000_00160.png,8.7,0,8.6,11.1,955
10/22/2019 8:21,datasets/dataset_cropped/10_Metas/22/08/20191022082100_00160.jpg,datasets_flow/dataset_cropped/10_Metas/22/08/20191022082100_00160.jpg,datasets_cloudmask/dataset_cropped/10_Metas/22/08/20191022082100_00160.png,8.7,0,8.7,11.2,955
10/22/2019 8:22,datasets/dataset_cropped/10_Metas/22/08/20191022082200_00160.jpg,datasets_flow/dataset_cropped/10_Metas/22/08/20191022082200_00160.jpg,datasets_cloudmask/dataset_cropped/10_Metas/22/08/20191022082200_00160.png,8.8,0,8.8,11.2,955
10/22/2019 8:23,datasets/dataset_cropped/10_Metas/22/08/20191022082300_00160.jpg,datasets_flow/dataset_cropped/10_Metas/22/08/20191022082300_00160.jpg,datasets_cloudmask/dataset_cropped/10_Metas/22/08/20191022082300_00160.png,9.1,0,9,11.1,955
10/22/2019 8:24,datasets/dataset_cropped/10_Metas/22/08/20191022082400_00160.jpg,datasets_flow/dataset_cropped/10_Metas/22/08/20191022082400_00160.jpg,datasets_cloudmask/dataset_cropped/10_Metas/22/08/20191022082400_00160.png,9.3,0,9.2,11.2,955
10/22/2019 8:25,datasets/dataset_cropped/10_Metas/22/08/20191022082500_00160.jpg,datasets_flow/dataset_cropped/10_Metas/22/08/20191022082500_00160.jpg,datasets_cloudmask/dataset_cropped/10_Metas/22/08/20191022082500_00160.png,9.4,0,9.4,11.1,955
10/22/2019 8:26,datasets/dataset_cropped/10_Metas/22/08/20191022082600_00160.jpg,datasets_flow/dataset_cropped/10_Metas/22/08/20191022082600_00160.jpg,datasets_cloudmask/dataset_cropped/10_Metas/22/08/20191022082600_00160.png,9.3,0,9.2,11.1,955
10/22/2019 8:27,datasets/dataset_cropped/10_Metas/22/08/20191022082700_00160.jpg,datasets_flow/dataset_cropped/10_Metas/22/08/20191022082700_00160.jpg,datasets_cloudmask/dataset_cropped/10_Metas/22/08/20191022082700_00160.png,8.9,0,8.9,11.2,955
10/22/2019 8:28,datasets/dataset_cropped/10_Metas/22/08/20191022082800_00160.jpg,datasets_flow/dataset_cropped/10_Metas/22/08/20191022082800_00160.jpg,datasets_cloudmask/dataset_cropped/10_Metas/22/08/20191022082800_00160.png,8.6,0,8.5,11.2,955
10/22/2019 8:29,datasets/dataset_cropped/10_Metas/22/08/20191022082900_00160.jpg,datasets_flow/dataset_cropped/10_Metas/22/08/20191022082900_00160.jpg,datasets_cloudmask/dataset_cropped/10_Metas/22/08/20191022082900_00160.png,8.7,0,8.6,11.2,955
10/22/2019 8:30,datasets/dataset_cropped/10_Metas/22/08/20191022083000_00160.jpg,datasets_flow/dataset_cropped/10_Metas/22/08/20191022083000_00160.jpg,datasets_cloudmask/dataset_cropped/10_Metas/22/08/20191022083000_00160.png,8.8,0,8.7,11.2,955
10/22/2019 8:31,datasets/dataset_cropped/10_Metas/22/08/20191022083100_00160.jpg,datasets_flow/dataset_cropped/10_Metas/22/08/20191022083100_00160.jpg,datasets_cloudmask/dataset_cropped/10_Metas/22/08/20191022083100_00160.png,8.9,0,8.9,11.2,955.1
10/22/2019 8:32,datasets/dataset_cropped/10_Metas/22/08/20191022083200_00160.jpg,datasets_flow/dataset_cropped/10_Metas/22/08/20191022083200_00160.jpg,datasets_cloudmask/dataset_cropped/10_Metas/22/08/20191022083200_00160.png,9.1,0,9,11.2,955.1
10/22/2019 8:33,datasets/dataset_cropped/10_Metas/22/08/20191022083300_00160.jpg,datasets_flow/dataset_cropped/10_Metas/22/08/20191022083300_00160.jpg,datasets_cloudmask/dataset_cropped/10_Metas/22/08/20191022083300_00160.png,9.2,0,9.1,11.2,955.1
10/22/2019 8:34,datasets/dataset_cropped/10_Metas/22/08/20191022083400_00160.jpg,datasets_flow/dataset_cropped/10_Metas/22/08/20191022083400_00160.jpg,datasets_cloudmask/dataset_cropped/10_Metas/22/08/20191022083400_00160.png,9.3,0,9.2,11.2,955.1
10/22/2019 8:35,datasets/dataset_cropped/10_Metas/22/08/20191022083500_00160.jpg,datasets_flow/dataset_cropped/10_Metas/22/08/20191022083500_00160.jpg,datasets_cloudmask/dataset_cropped/10_Metas/22/08/20191022083500_00160.png,9.4,0,9.3,11.2,955.1
10/22/2019 8:36,datasets/dataset_cropped/10_Metas/22/08/20191022083600_00160.jpg,datasets_flow/dataset_cropped/10_Metas/22/08/20191022083600_00160.jpg,datasets_cloudmask/dataset_cropped/10_Metas/22/08/20191022083600_00160.png,9.5,0,9.4,11.2,955.2
10/22/2019 8:37,datasets/dataset_cropped/10_Metas/22/08/20191022083700_00160.jpg,datasets_flow/dataset_cropped/10_Metas/22/08/20191022083700_00160.jpg,datasets_cloudmask/dataset_cropped/10_Metas/22/08/20191022083700_00160.png,9.6,0,9.6,11.2,955.2
10/22/2019 8:38,datasets/dataset_cropped/10_Metas/22/08/20191022083800_00160.jpg,datasets_flow/dataset_cropped/10_Metas/22/08/20191022083800_00160.jpg,datasets_cloudmask/dataset_cropped/10_Metas/22/08/20191022083800_00160.png,9.8,0,9.7,11.2,955.2
10/22/2019 8:39,datasets/dataset_cropped/10_Metas/22/08/20191022083900_00160.jpg,datasets_flow/dataset_cropped/10_Metas/22/08/20191022083900_00160.jpg,datasets_cloudmask/dataset_cropped/10_Metas/22/08/20191022083900_00160.png,9.9,0,9.8,11.2,955.2
10/22/2019 8:40,datasets/dataset_cropped/10_Metas/22/08/20191022084000_00160.jpg,datasets_flow/dataset_cropped/10_Metas/22/08/20191022084000_00160.jpg,datasets_cloudmask/dataset_cropped/10_Metas/22/08/20191022084000_00160.png,10,0,9.9,11.2,955.2
10/22/2019 8:41,datasets/dataset_cropped/10_Metas/22/08/20191022084100_00160.jpg,datasets_flow/dataset_cropped/10_Metas/22/08/20191022084100_00160.jpg,datasets_cloudmask/dataset_cropped/10_Metas/22/08/20191022084100_00160.png,10.1,0,10,11.1,955.3
10/22/2019 8:42,datasets/dataset_cropped/10_Metas/22/08/20191022084200_00160.jpg,datasets_flow/dataset_cropped/10_Metas/22/08/20191022084200_00160.jpg,datasets_cloudmask/dataset_cropped/10_Metas/22/08/20191022084200_00160.png,10.2,0,10.2,11.1,955.3
10/22/2019 8:43,datasets/dataset_cropped/10_Metas/22/08/20191022084300_00160.jpg,datasets_flow/dataset_cropped/10_Metas/22/08/20191022084300_00160.jpg,datasets_cloudmask/dataset_cropped/10_Metas/22/08/20191022084300_00160.png,10.3,0,10.3,11.1,955.3
10/22/2019 8:44,datasets/dataset_cropped/10_Metas/22/08/20191022084400_00160.jpg,datasets_flow/dataset_cropped/10_Metas/22/08/20191022084400_00160.jpg,datasets_cloudmask/dataset_cropped/10_Metas/22/08/20191022084400_00160.png,10.5,0,10.4,11.1,955.3
10/22/2019 8:45,datasets/dataset_cropped/10_Metas/22/08/20191022084500_00160.jpg,datasets_flow/dataset_cropped/10_Metas/22/08/20191022084500_00160.jpg,datasets_cloudmask/dataset_cropped/10_Metas/22/08/20191022084500_00160.png,10.6,0,10.5,11.1,955.3
10/22/2019 8:46,datasets/dataset_cropped/10_Metas/22/08/20191022084600_00160.jpg,datasets_flow/dataset_cropped/10_Metas/22/08/20191022084600_00160.jpg,datasets_cloudmask/dataset_cropped/10_Metas/22/08/20191022084600_00160.png,10.7,0,10.6,11.1,955.4
10/22/2019 8:47,datasets/dataset_cropped/10_Metas/22/08/20191022084700_00160.jpg,datasets_flow/dataset_cropped/10_Metas/22/08/20191022084700_00160.jpg,datasets_cloudmask/dataset_cropped/10_Metas/22/08/20191022084700_00160.png,10.8,0,10.7,11.1,955.4
10/22/2019 8:48,datasets/dataset_cropped/10_Metas/22/08/20191022084800_00160.jpg,datasets_flow/dataset_cropped/10_Metas/22/08/20191022084800_00160.jpg,datasets_cloudmask/dataset_cropped/10_Metas/22/08/20191022084800_00160.png,10.9,0,10.9,11.1,955.4
10/22/2019 8:49,datasets/dataset_cropped/10_Metas/22/08/20191022084900_00160.jpg,datasets_flow/dataset_cropped/10_Metas/22/08/20191022084900_00160.jpg,datasets_cloudmask/dataset_cropped/10_Metas/22/08/20191022084900_00160.png,11,0,11,11.1,955.4
10/22/2019 8:50,datasets/dataset_cropped/10_Metas/22/08/20191022085000_00160.jpg,datasets_flow/dataset_cropped/10_Metas/22/08/20191022085000_00160.jpg,datasets_cloudmask/dataset_cropped/10_Metas/22/08/20191022085000_00160.png,11.2,0,11.1,11.1,955.4
10/22/2019 8:51,datasets/dataset_cropped/10_Metas/22/08/20191022085100_00160.jpg,datasets_flow/dataset_cropped/10_Metas/22/08/20191022085100_00160.jpg,datasets_cloudmask/dataset_cropped/10_Metas/22/08/20191022085100_00160.png,11.3,0,11.2,11.1,955.5
10/22/2019 8:52,datasets/dataset_cropped/10_Metas/22/08/20191022085200_00160.jpg,datasets_flow/dataset_cropped/10_Metas/22/08/20191022085200_00160.jpg,datasets_cloudmask/dataset_cropped/10_Metas/22/08/20191022085200_00160.png,11.4,0,11.3,11.1,955.5
10/22/2019 8:53,datasets/dataset_cropped/10_Metas/22/08/20191022085300_00160.jpg,datasets_flow/dataset_cropped/10_Metas/22/08/20191022085300_00160.jpg,datasets_cloudmask/dataset_cropped/10_Metas/22/08/20191022085300_00160.png,11.5,0,11.5,11.1,955.5
10/22/2019 8:54,datasets/dataset_cropped/10_Metas/22/08/20191022085400_00160.jpg,datasets_flow/dataset_cropped/10_Metas/22/08/20191022085400_00160.jpg,datasets_cloudmask/dataset_cropped/10_Metas/22/08/20191022085400_00160.png,11.6,0,11.6,11.1,955.5
10/22/2019 8:55,datasets/dataset_cropped/10_Metas/22/08/20191022085500_00160.jpg,datasets_flow/dataset_cropped/10_Metas/22/08/20191022085500_00160.jpg,datasets_cloudmask/dataset_cropped/10_Metas/22/08/20191022085500_00160.png,11.7,0,11.7,11.1,955.6
10/22/2019 8:56,datasets/dataset_cropped/10_Metas/22/08/20191022085600_00160.jpg,datasets_flow/dataset_cropped/10_Metas/22/08/20191022085600_00160.jpg,datasets_cloudmask/dataset_cropped/10_Metas/22/08/20191022085600_00160.png,11.9,0,11.8,11.1,955.6
10/22/2019 8:57,datasets/dataset_cropped/10_Metas/22/08/20191022085700_00160.jpg,datasets_flow/dataset_cropped/10_Metas/22/08/20191022085700_00160.jpg,datasets_cloudmask/dataset_cropped/10_Metas/22/08/20191022085700_00160.png,12,0,11.9,11.1,955.6
10/22/2019 8:58,datasets/dataset_cropped/10_Metas/22/08/20191022085800_00160.jpg,datasets_flow/dataset_cropped/10_Metas/22/08/20191022085800_00160.jpg,datasets_cloudmask/dataset_cropped/10_Metas/22/08/20191022085800_00160.png,12.1,0,12.1,11.1,955.6
10/22/2019 8:59,datasets/dataset_cropped/10_Metas/22/08/20191022085900_00160.jpg,datasets_flow/dataset_cropped/10_Metas/22/08/20191022085900_00160.jpg,datasets_cloudmask/dataset_cropped/10_Metas/22/08/20191022085900_00160.png,12.2,0,12.2,11.1,955.6
10/22/2019 9:00,datasets/dataset_cropped/10_Metas/22/09/20191022090000_00160.jpg,datasets_flow/dataset_cropped/10_Metas/22/09/20191022090000_00160.jpg,datasets_cloudmask/dataset_cropped/10_Metas/22/09/20191022090000_00160.png,12.3,0,12.3,11.1,955.7
10/22/2019 9:01,datasets/dataset_cropped/10_Metas/22/09/20191022090100_00160.jpg,datasets_flow/dataset_cropped/10_Metas/22/09/20191022090100_00160.jpg,datasets_cloudmask/dataset_cropped/10_Metas/22/09/20191022090100_00160.png,12.4,0,12.4,11.1,955.7
10/22/2019 9:02,datasets/dataset_cropped/10_Metas/22/09/20191022090200_00160.jpg,datasets_flow/dataset_cropped/10_Metas/22/09/20191022090200_00160.jpg,datasets_cloudmask/dataset_cropped/10_Metas/22/09/20191022090200_00160.png,12.6,0,12.5,11.1,955.7
10/22/2019 9:03,datasets/dataset_cropped/10_Metas/22/09/20191022090300_00160.jpg,datasets_flow/dataset_cropped/10_Metas/22/09/20191022090300_00160.jpg,datasets_cloudmask/dataset_cropped/10_Metas/22/09/20191022090300_00160.png,12.7,0,12.6,11.1,955.7
10/22/2019 9:04,datasets/dataset_cropped/10_Metas/22/09/20191022090400_00160.jpg,datasets_flow/dataset_cropped/10_Metas/22/09/20191022090400_00160.jpg,datasets_cloudmask/dataset_cropped/10_Metas/22/09/20191022090400_00160.png,12.8,0,12.8,11.1,955.7
10/22/2019 9:05,datasets/dataset_cropped/10_Metas/22/09/20191022090500_00160.jpg,datasets_flow/dataset_cropped/10_Metas/22/09/20191022090500_00160.jpg,datasets_cloudmask/dataset_cropped/10_Metas/22/09/20191022090500_00160.png,12.9,0,12.9,11,955.8
10/22/2019 9:06,datasets/dataset_cropped/10_Metas/22/09/20191022090600_00160.jpg,datasets_flow/dataset_cropped/10_Metas/22/09/20191022090600_00160.jpg,datasets_cloudmask/dataset_cropped/10_Metas/22/09/20191022090600_00160.png,13,0,13,11,955.8
10/22/2019 9:07,datasets/dataset_cropped/10_Metas/22/09/20191022090700_00160.jpg,datasets_flow/dataset_cropped/10_Metas/22/09/20191022090700_00160.jpg,datasets_cloudmask/dataset_cropped/10_Metas/22/09/20191022090700_00160.png,13.1,0,13.1,11,955.8
10/22/2019 9:08,datasets/dataset_cropped/10_Metas/22/09/20191022090800_00160.jpg,datasets_flow/dataset_cropped/10_Metas/22/09/20191022090800_00160.jpg,datasets_cloudmask/dataset_cropped/10_Metas/22/09/20191022090800_00160.png,13.3,0,13.2,11,955.8
10/22/2019 9:09,datasets/dataset_cropped/10_Metas/22/09/20191022090900_00160.jpg,datasets_flow/dataset_cropped/10_Metas/22/09/20191022090900_00160.jpg,datasets_cloudmask/dataset_cropped/10_Metas/22/09/20191022090900_00160.png,13.4,0,13.4,11,955.8
10/22/2019 9:10,datasets/dataset_cropped/10_Metas/22/09/20191022091000_00160.jpg,datasets_flow/dataset_cropped/10_Metas/22/09/20191022091000_00160.jpg,datasets_cloudmask/dataset_cropped/10_Metas/22/09/20191022091000_00160.png,13.5,0,13.5,11,955.9
10/22/2019 9:11,datasets/dataset_cropped/10_Metas/22/09/20191022091100_00160.jpg,datasets_flow/dataset_cropped/10_Metas/22/09/20191022091100_00160.jpg,datasets_cloudmask/dataset_cropped/10_Metas/22/09/20191022091100_00160.png,13.6,0,13.6,11,955.9
10/22/2019 9:12,datasets/dataset_cropped/10_Metas/22/09/20191022091200_00160.jpg,datasets_flow/dataset_cropped/10_Metas/22/09/20191022091200_00160.jpg,datasets_cloudmask/dataset_cropped/10_Metas/22/09/20191022091200_00160.png,13.7,0,13.7,11,955.9
10/22/2019 9:13,datasets/dataset_cropped/10_Metas/22/09/20191022091300_00160.jpg,datasets_flow/dataset_cropped/10_Metas/22/09/20191022091300_00160.jpg,datasets_cloudmask/dataset_cropped/10_Metas/22/09/20191022091300_00160.png,13.8,0,13.8,11,955.9
10/22/2019 9:14,datasets/dataset_cropped/10_Metas/22/09/20191022091400_00160.jpg,datasets_flow/dataset_cropped/10_Metas/22/09/20191022091400_00160.jpg,datasets_cloudmask/dataset_cropped/10_Metas/22/09/20191022091400_00160.png,14,0,13.9,11,955.9
10/22/2019 9:15,datasets/dataset_cropped/10_Metas/22/09/20191022091500_00160.jpg,datasets_flow/dataset_cropped/10_Metas/22/09/20191022091500_00160.jpg,datasets_cloudmask/dataset_cropped/10_Metas/22/09/20191022091500_00160.png,14.1,0,14.1,11,956
10/22/2019 9:16,datasets/dataset_cropped/10_Metas/22/09/20191022091600_00160.jpg,datasets_flow/dataset_cropped/10_Metas/22/09/20191022091600_00160.jpg,datasets_cloudmask/dataset_cropped/10_Metas/22/09/20191022091600_00160.png,14.2,0,14.2,11,956
10/22/2019 9:17,datasets/dataset_cropped/10_Metas/22/09/20191022091700_00160.jpg,datasets_flow/dataset_cropped/10_Metas/22/09/20191022091700_00160.jpg,datasets_cloudmask/dataset_cropped/10_Metas/22/09/20191022091700_00160.png,14.3,0,14.3,11,956
10/22/2019 9:18,datasets/dataset_cropped/10_Metas/22/09/20191022091800_00160.jpg,datasets_flow/dataset_cropped/10_Metas/22/09/20191022091800_00160.jpg,datasets_cloudmask/dataset_cropped/10_Metas/22/09/20191022091800_00160.png,14.9,0,14.9,11.1,956
10/22/2019 9:19,datasets/dataset_cropped/10_Metas/22/09/20191022091900_00160.jpg,datasets_flow/dataset_cropped/10_Metas/22/09/20191022091900_00160.jpg,datasets_cloudmask/dataset_cropped/10_Metas/22/09/20191022091900_00160.png,15.4,0,15.5,11,956
10/22/2019 9:20,datasets/dataset_cropped/10_Metas/22/09/20191022092000_00160.jpg,datasets_flow/dataset_cropped/10_Metas/22/09/20191022092000_00160.jpg,datasets_cloudmask/dataset_cropped/10_Metas/22/09/20191022092000_00160.png,15.9,0,16.1,11,956
10/22/2019 9:21,datasets/dataset_cropped/10_Metas/22/09/20191022092100_00160.jpg,datasets_flow/dataset_cropped/10_Metas/22/09/20191022092100_00160.jpg,datasets_cloudmask/dataset_cropped/10_Metas/22/09/20191022092100_00160.png,16.9,0,17.1,11,956
10/22/2019 9:22,datasets/dataset_cropped/10_Metas/22/09/20191022092200_00160.jpg,datasets_flow/dataset_cropped/10_Metas/22/09/20191022092200_00160.jpg,datasets_cloudmask/dataset_cropped/10_Metas/22/09/20191022092200_00160.png,18.6,0,18.8,11,956
10/22/2019 9:23,datasets/dataset_cropped/10_Metas/22/09/20191022092300_00160.jpg,datasets_flow/dataset_cropped/10_Metas/22/09/20191022092300_00160.jpg,datasets_cloudmask/dataset_cropped/10_Metas/22/09/20191022092300_00160.png,20.5,0,20.7,11,955
10/22/2019 9:24,datasets/dataset_cropped/10_Metas/22/09/20191022092400_00160.jpg,datasets_flow/dataset_cropped/10_Metas/22/09/20191022092400_00160.jpg,datasets_cloudmask/dataset_cropped/10_Metas/22/09/20191022092400_00160.png,22.2,0,22.4,11.1,955
10/22/2019 9:25,datasets/dataset_cropped/10_Metas/22/09/20191022092500_00160.jpg,datasets_flow/dataset_cropped/10_Metas/22/09/20191022092500_00160.jpg,datasets_cloudmask/dataset_cropped/10_Metas/22/09/20191022092500_00160.png,23.1,0,23.2,11.1,955
10/22/2019 9:26,datasets/dataset_cropped/10_Metas/22/09/20191022092600_00160.jpg,datasets_flow/dataset_cropped/10_Metas/22/09/20191022092600_00160.jpg,datasets_cloudmask/dataset_cropped/10_Metas/22/09/20191022092600_00160.png,23.3,0,23.4,11,955
10/22/2019 9:27,datasets/dataset_cropped/10_Metas/22/09/20191022092700_00160.jpg,datasets_flow/dataset_cropped/10_Metas/22/09/20191022092700_00160.jpg,datasets_cloudmask/dataset_cropped/10_Metas/22/09/20191022092700_00160.png,23.4,0,23.5,11,955
10/22/2019 9:28,datasets/dataset_cropped/10_Metas/22/09/20191022092800_00160.jpg,datasets_flow/dataset_cropped/10_Metas/22/09/20191022092800_00160.jpg,datasets_cloudmask/dataset_cropped/10_Metas/22/09/20191022092800_00160.png,23.7,0,23.9,10.9,955
10/22/2019 9:29,datasets/dataset_cropped/10_Metas/22/09/20191022092900_00160.jpg,datasets_flow/dataset_cropped/10_Metas/22/09/20191022092900_00160.jpg,datasets_cloudmask/dataset_cropped/10_Metas/22/09/20191022092900_00160.png,24,0,24.1,10.9,955
10/22/2019 9:30,datasets/dataset_cropped/10_Metas/22/09/20191022093000_00160.jpg,datasets_flow/dataset_cropped/10_Metas/22/09/20191022093000_00160.jpg,datasets_cloudmask/dataset_cropped/10_Metas/22/09/20191022093000_00160.png,23.7,0,23.6,10.8,955
10/22/2019 9:31,datasets/dataset_cropped/10_Metas/22/09/20191022093100_00160.jpg,datasets_flow/dataset_cropped/10_Metas/22/09/20191022093100_00160.jpg,datasets_cloudmask/dataset_cropped/10_Metas/22/09/20191022093100_00160.png,22.7,0,22.7,10.8,955
10/22/2019 9:32,datasets/dataset_cropped/10_Metas/22/09/20191022093200_00160.jpg,datasets_flow/dataset_cropped/10_Metas/22/09/20191022093200_00160.jpg,datasets_cloudmask/dataset_cropped/10_Metas/22/09/20191022093200_00160.png,22.3,0,22.2,10.7,956
10/22/2019 9:33,datasets/dataset_cropped/10_Metas/22/09/20191022093300_00160.jpg,datasets_flow/dataset_cropped/10_Metas/22/09/20191022093300_00160.jpg,datasets_cloudmask/dataset_cropped/10_Metas/22/09/20191022093300_00160.png,22.8,0,22.8,10.7,955
10/22/2019 9:34,datasets/dataset_cropped/10_Metas/22/09/20191022093400_00160.jpg,datasets_flow/dataset_cropped/10_Metas/22/09/20191022093400_00160.jpg,datasets_cloudmask/dataset_cropped/10_Metas/22/09/20191022093400_00160.png,24.2,0,24.3,10.7,955
10/22/2019 9:35,datasets/dataset_cropped/10_Metas/22/09/20191022093500_00160.jpg,datasets_flow/dataset_cropped/10_Metas/22/09/20191022093500_00160.jpg,datasets_cloudmask/dataset_cropped/10_Metas/22/09/20191022093500_00160.png,25.8,0,25.8,10.7,955
10/22/2019 9:36,datasets/dataset_cropped/10_Metas/22/09/20191022093600_00160.jpg,datasets_flow/dataset_cropped/10_Metas/22/09/20191022093600_00160.jpg,datasets_cloudmask/dataset_cropped/10_Metas/22/09/20191022093600_00160.png,27.2,0,27.3,10.7,955
10/22/2019 9:37,datasets/dataset_cropped/10_Metas/22/09/20191022093700_00160.jpg,datasets_flow/dataset_cropped/10_Metas/22/09/20191022093700_00160.jpg,datasets_cloudmask/dataset_cropped/10_Metas/22/09/20191022093700_00160.png,28.6,0,28.7,10.7,956
10/22/2019 9:38,datasets/dataset_cropped/10_Metas/22/09/20191022093800_00160.jpg,datasets_flow/dataset_cropped/10_Metas/22/09/20191022093800_00160.jpg,datasets_cloudmask/dataset_cropped/10_Metas/22/09/20191022093800_00160.png,30.5,0,30.5,10.7,956
10/22/2019 9:39,datasets/dataset_cropped/10_Metas/22/09/20191022093900_00160.jpg,datasets_flow/dataset_cropped/10_Metas/22/09/20191022093900_00160.jpg,datasets_cloudmask/dataset_cropped/10_Metas/22/09/20191022093900_00160.png,32.8,0,32.9,10.7,956
10/22/2019 9:40,datasets/dataset_cropped/10_Metas/22/09/20191022094000_00160.jpg,datasets_flow/dataset_cropped/10_Metas/22/09/20191022094000_00160.jpg,datasets_cloudmask/dataset_cropped/10_Metas/22/09/20191022094000_00160.png,35.1,0,35.3,10.6,955
10/22/2019 9:41,datasets/dataset_cropped/10_Metas/22/09/20191022094100_00160.jpg,datasets_flow/dataset_cropped/10_Metas/22/09/20191022094100_00160.jpg,datasets_cloudmask/dataset_cropped/10_Metas/22/09/20191022094100_00160.png,36.9,0,37.1,10.6,956
10/22/2019 9:42,datasets/dataset_cropped/10_Metas/22/09/20191022094200_00160.jpg,datasets_flow/dataset_cropped/10_Metas/22/09/20191022094200_00160.jpg,datasets_cloudmask/dataset_cropped/10_Metas/22/09/20191022094200_00160.png,37.8,0,38,10.6,956
10/22/2019 9:43,datasets/dataset_cropped/10_Metas/22/09/20191022094300_00160.jpg,datasets_flow/dataset_cropped/10_Metas/22/09/20191022094300_00160.jpg,datasets_cloudmask/dataset_cropped/10_Metas/22/09/20191022094300_00160.png,37.6,0,37.8,10.6,956
10/22/2019 9:44,datasets/dataset_cropped/10_Metas/22/09/20191022094400_00160.jpg,datasets_flow/dataset_cropped/10_Metas/22/09/20191022094400_00160.jpg,datasets_cloudmask/dataset_cropped/10_Metas/22/09/20191022094400_00160.png,36.1,0,36.4,10.5,956
10/22/2019 9:45,datasets/dataset_cropped/10_Metas/22/09/20191022094500_00160.jpg,datasets_flow/dataset_cropped/10_Metas/22/09/20191022094500_00160.jpg,datasets_cloudmask/dataset_cropped/10_Metas/22/09/20191022094500_00160.png,34.2,0,34.4,10.5,956
10/22/2019 9:46,datasets/dataset_cropped/10_Metas/22/09/20191022094600_00160.jpg,datasets_flow/dataset_cropped/10_Metas/22/09/20191022094600_00160.jpg,datasets_cloudmask/dataset_cropped/10_Metas/22/09/20191022094600_00160.png,32.8,0,33.1,10.6,956
10/22/2019 9:47,datasets/dataset_cropped/10_Metas/22/09/20191022094700_00160.jpg,datasets_flow/dataset_cropped/10_Metas/22/09/20191022094700_00160.jpg,datasets_cloudmask/dataset_cropped/10_Metas/22/09/20191022094700_00160.png,32.5,0,32.8,10.6,956
10/22/2019 9:48,datasets/dataset_cropped/10_Metas/22/09/20191022094800_00160.jpg,datasets_flow/dataset_cropped/10_Metas/22/09/20191022094800_00160.jpg,datasets_cloudmask/dataset_cropped/10_Metas/22/09/20191022094800_00160.png,33.4,0,33.7,10.6,956
10/22/2019 9:49,datasets/dataset_cropped/10_Metas/22/09/20191022094900_00160.jpg,datasets_flow/dataset_cropped/10_Metas/22/09/20191022094900_00160.jpg,datasets_cloudmask/dataset_cropped/10_Metas/22/09/20191022094900_00160.png,34.8,0,35,10.7,955
10/22/2019 9:50,datasets/dataset_cropped/10_Metas/22/09/20191022095000_00160.jpg,datasets_flow/dataset_cropped/10_Metas/22/09/20191022095000_00160.jpg,datasets_cloudmask/dataset_cropped/10_Metas/22/09/20191022095000_00160.png,36,0,36.2,10.7,955
10/22/2019 9:51,datasets/dataset_cropped/10_Metas/22/09/20191022095100_00160.jpg,datasets_flow/dataset_cropped/10_Metas/22/09/20191022095100_00160.jpg,datasets_cloudmask/dataset_cropped/10_Metas/22/09/20191022095100_00160.png,37,0,37.1,10.7,955
10/22/2019 9:52,datasets/dataset_cropped/10_Metas/22/09/20191022095200_00160.jpg,datasets_flow/dataset_cropped/10_Metas/22/09/20191022095200_00160.jpg,datasets_cloudmask/dataset_cropped/10_Metas/22/09/20191022095200_00160.png,37.6,0,37.8,10.7,955
10/22/2019 9:53,datasets/dataset_cropped/10_Metas/22/09/20191022095300_00160.jpg,datasets_flow/dataset_cropped/10_Metas/22/09/20191022095300_00160.jpg,datasets_cloudmask/dataset_cropped/10_Metas/22/09/20191022095300_00160.png,37.6,0.1,37.9,10.7,955
10/22/2019 9:54,datasets/dataset_cropped/10_Metas/22/09/20191022095400_00160.jpg,datasets_flow/dataset_cropped/10_Metas/22/09/20191022095400_00160.jpg,datasets_cloudmask/dataset_cropped/10_Metas/22/09/20191022095400_00160.png,38.2,0,38.6,10.7,955
10/22/2019 9:55,datasets/dataset_cropped/10_Metas/22/09/20191022095500_00160.jpg,datasets_flow/dataset_cropped/10_Metas/22/09/20191022095500_00160.jpg,datasets_cloudmask/dataset_cropped/10_Metas/22/09/20191022095500_00160.png,38.7,0,39,10.6,955
10/22/2019 9:56,datasets/dataset_cropped/10_Metas/22/09/20191022095600_00160.jpg,datasets_flow/dataset_cropped/10_Metas/22/09/20191022095600_00160.jpg,datasets_cloudmask/dataset_cropped/10_Metas/22/09/20191022095600_00160.png,38,0,38.1,10.6,955
10/22/2019 9:57,datasets/dataset_cropped/10_Metas/22/09/20191022095700_00160.jpg,datasets_flow/dataset_cropped/10_Metas/22/09/20191022095700_00160.jpg,datasets_cloudmask/dataset_cropped/10_Metas/22/09/20191022095700_00160.png,36.6,0,36.8,10.6,955
10/22/2019 9:58,datasets/dataset_cropped/10_Metas/22/09/20191022095800_00160.jpg,datasets_flow/dataset_cropped/10_Metas/22/09/20191022095800_00160.jpg,datasets_cloudmask/dataset_cropped/10_Metas/22/09/20191022095800_00160.png,34.1,0.1,34.2,10.6,955
10/22/2019 9:59,datasets/dataset_cropped/10_Metas/22/09/20191022095900_00160.jpg,datasets_flow/dataset_cropped/10_Metas/22/09/20191022095900_00160.jpg,datasets_cloudmask/dataset_cropped/10_Metas/22/09/20191022095900_00160.png,30.6,0.1,30.7,10.6,955
10/22/2019 10:00,datasets/dataset_cropped/10_Metas/22/10/20191022100000_00160.jpg,datasets_flow/dataset_cropped/10_Metas/22/10/20191022100000_00160.jpg,datasets_cloudmask/dataset_cropped/10_Metas/22/10/20191022100000_00160.png,27.8,0,27.9,10.6,956
10/22/2019 10:01,datasets/dataset_cropped/10_Metas/22/10/20191022100100_00160.jpg,datasets_flow/dataset_cropped/10_Metas/22/10/20191022100100_00160.jpg,datasets_cloudmask/dataset_cropped/10_Metas/22/10/20191022100100_00160.png,26.5,0,26.6,10.5,955
10/22/2019 10:02,datasets/dataset_cropped/10_Metas/22/10/20191022100200_00160.jpg,datasets_flow/dataset_cropped/10_Metas/22/10/20191022100200_00160.jpg,datasets_cloudmask/dataset_cropped/10_Metas/22/10/20191022100200_00160.png,26.8,0,27,10.6,956
10/22/2019 10:03,datasets/dataset_cropped/10_Metas/22/10/20191022100300_00160.jpg,datasets_flow/dataset_cropped/10_Metas/22/10/20191022100300_00160.jpg,datasets_cloudmask/dataset_cropped/10_Metas/22/10/20191022100300_00160.png,29.7,0,30,10.6,956
10/22/2019 10:04,datasets/dataset_cropped/10_Metas/22/10/20191022100400_00160.jpg,datasets_flow/dataset_cropped/10_Metas/22/10/20191022100400_00160.jpg,datasets_cloudmask/dataset_cropped/10_Metas/22/10/20191022100400_00160.png,34,0,34.2,10.6,955
10/22/2019 10:05,datasets/dataset_cropped/10_Metas/22/10/20191022100500_00160.jpg,datasets_flow/dataset_cropped/10_Metas/22/10/20191022100500_00160.jpg,datasets_cloudmask/dataset_cropped/10_Metas/22/10/20191022100500_00160.png,38,0,38.3,10.5,955
10/22/2019 10:06,datasets/dataset_cropped/10_Metas/22/10/20191022100600_00160.jpg,datasets_flow/dataset_cropped/10_Metas/22/10/20191022100600_00160.jpg,datasets_cloudmask/dataset_cropped/10_Metas/22/10/20191022100600_00160.png,40.6,0,40.9,10.5,955
10/22/2019 10:07,datasets/dataset_cropped/10_Metas/22/10/20191022100700_00160.jpg,datasets_flow/dataset_cropped/10_Metas/22/10/20191022100700_00160.jpg,datasets_cloudmask/dataset_cropped/10_Metas/22/10/20191022100700_00160.png,41.7,0,42,10.6,955
10/22/2019 10:08,datasets/dataset_cropped/10_Metas/22/10/20191022100800_00160.jpg,datasets_flow/dataset_cropped/10_Metas/22/10/20191022100800_00160.jpg,datasets_cloudmask/dataset_cropped/10_Metas/22/10/20191022100800_00160.png,41,0,41.2,10.6,955
10/22/2019 10:09,datasets/dataset_cropped/10_Metas/22/10/20191022100900_00160.jpg,datasets_flow/dataset_cropped/10_Metas/22/10/20191022100900_00160.jpg,datasets_cloudmask/dataset_cropped/10_Metas/22/10/20191022100900_00160.png,38.2,0,38.6,10.6,955
10/22/2019 10:10,datasets/dataset_cropped/10_Metas/22/10/20191022101000_00160.jpg,datasets_flow/dataset_cropped/10_Metas/22/10/20191022101000_00160.jpg,datasets_cloudmask/dataset_cropped/10_Metas/22/10/20191022101000_00160.png,35.1,0,35.5,10.6,955
10/22/2019 10:11,datasets/dataset_cropped/10_Metas/22/10/20191022101100_00160.jpg,datasets_flow/dataset_cropped/10_Metas/22/10/20191022101100_00160.jpg,datasets_cloudmask/dataset_cropped/10_Metas/22/10/20191022101100_00160.png,31.9,0.1,32.2,10.6,955
10/22/2019 10:12,datasets/dataset_cropped/10_Metas/22/10/20191022101200_00160.jpg,datasets_flow/dataset_cropped/10_Metas/22/10/20191022101200_00160.jpg,datasets_cloudmask/dataset_cropped/10_Metas/22/10/20191022101200_00160.png,30.5,0.2,30.7,10.6,955
10/22/2019 10:13,datasets/dataset_cropped/10_Metas/22/10/20191022101300_00160.jpg,datasets_flow/dataset_cropped/10_Metas/22/10/20191022101300_00160.jpg,datasets_cloudmask/dataset_cropped/10_Metas/22/10/20191022101300_00160.png,29.8,0.1,30,10.6,955
10/22/2019 10:14,datasets/dataset_cropped/10_Metas/22/10/20191022101400_00160.jpg,datasets_flow/dataset_cropped/10_Metas/22/10/20191022101400_00160.jpg,datasets_cloudmask/dataset_cropped/10_Metas/22/10/20191022101400_00160.png,28.6,0,28.7,10.6,956
10/22/2019 10:15,datasets/dataset_cropped/10_Metas/22/10/20191022101500_00160.jpg,datasets_flow/dataset_cropped/10_Metas/22/10/20191022101500_00160.jpg,datasets_cloudmask/dataset_cropped/10_Metas/22/10/20191022101500_00160.png,27.2,0,27.4,10.5,955
10/22/2019 10:16,datasets/dataset_cropped/10_Metas/22/10/20191022101600_00160.jpg,datasets_flow/dataset_cropped/10_Metas/22/10/20191022101600_00160.jpg,datasets_cloudmask/dataset_cropped/10_Metas/22/10/20191022101600_00160.png,26,0,26.2,10.5,955
10/22/2019 10:17,datasets/dataset_cropped/10_Metas/22/10/20191022101700_00160.jpg,datasets_flow/dataset_cropped/10_Metas/22/10/20191022101700_00160.jpg,datasets_cloudmask/dataset_cropped/10_Metas/22/10/20191022101700_00160.png,25.6,0,25.7,10.4,955
10/22/2019 10:18,datasets/dataset_cropped/10_Metas/22/10/20191022101800_00160.jpg,datasets_flow/dataset_cropped/10_Metas/22/10/20191022101800_00160.jpg,datasets_cloudmask/dataset_cropped/10_Metas/22/10/20191022101800_00160.png,25.2,0,25.4,10.4,955
10/22/2019 10:19,datasets/dataset_cropped/10_Metas/22/10/20191022101900_00160.jpg,datasets_flow/dataset_cropped/10_Metas/22/10/20191022101900_00160.jpg,datasets_cloudmask/dataset_cropped/10_Metas/22/10/20191022101900_00160.png,25.1,0,25.2,10.3,955
10/22/2019 10:20,datasets/dataset_cropped/10_Metas/22/10/20191022102000_00160.jpg,datasets_flow/dataset_cropped/10_Metas/22/10/20191022102000_00160.jpg,datasets_cloudmask/dataset_cropped/10_Metas/22/10/20191022102000_00160.png,25.8,0,25.9,10.3,955
10/22/2019 10:21,datasets/dataset_cropped/10_Metas/22/10/20191022102100_00160.jpg,datasets_flow/dataset_cropped/10_Metas/22/10/20191022102100_00160.jpg,datasets_cloudmask/dataset_cropped/10_Metas/22/10/20191022102100_00160.png,26.2,0,26.4,10.3,955
10/22/2019 10:22,datasets/dataset_cropped/10_Metas/22/10/20191022102200_00160.jpg,datasets_flow/dataset_cropped/10_Metas/22/10/20191022102200_00160.jpg,datasets_cloudmask/dataset_cropped/10_Metas/22/10/20191022102200_00160.png,26.6,0,26.7,10.3,955
10/22/2019 10:23,datasets/dataset_cropped/10_Metas/22/10/20191022102300_00160.jpg,datasets_flow/dataset_cropped/10_Metas/22/10/20191022102300_00160.jpg,datasets_cloudmask/dataset_cropped/10_Metas/22/10/20191022102300_00160.png,26.4,0,26.6,10.3,955
10/22/2019 10:24,datasets/dataset_cropped/10_Metas/22/10/20191022102400_00160.jpg,datasets_flow/dataset_cropped/10_Metas/22/10/20191022102400_00160.jpg,datasets_cloudmask/dataset_cropped/10_Metas/22/10/20191022102400_00160.png,26.1,0,26.3,10.3,955
10/22/2019 10:25,datasets/dataset_cropped/10_Metas/22/10/20191022102500_00160.jpg,datasets_flow/dataset_cropped/10_Metas/22/10/20191022102500_00160.jpg,datasets_cloudmask/dataset_cropped/10_Metas/22/10/20191022102500_00160.png,26.6,0,26.9,10.3,955
10/22/2019 10:26,datasets/dataset_cropped/10_Metas/22/10/20191022102600_00160.jpg,datasets_flow/dataset_cropped/10_Metas/22/10/20191022102600_00160.jpg,datasets_cloudmask/dataset_cropped/10_Metas/22/10/20191022102600_00160.png,26.9,0,26.9,10.3,955
10/22/2019 10:27,datasets/dataset_cropped/10_Metas/22/10/20191022102700_00160.jpg,datasets_flow/dataset_cropped/10_Metas/22/10/20191022102700_00160.jpg,datasets_cloudmask/dataset_cropped/10_Metas/22/10/20191022102700_00160.png,27.3,0,27.3,10.3,955
10/22/2019 10:28,datasets/dataset_cropped/10_Metas/22/10/20191022102800_00160.jpg,datasets_flow/dataset_cropped/10_Metas/22/10/20191022102800_00160.jpg,datasets_cloudmask/dataset_cropped/10_Metas/22/10/20191022102800_00160.png,28.3,0,28.4,10.3,955
10/22/2019 10:29,datasets/dataset_cropped/10_Metas/22/10/20191022102900_00160.jpg,datasets_flow/dataset_cropped/10_Metas/22/10/20191022102900_00160.jpg,datasets_cloudmask/dataset_cropped/10_Metas/22/10/20191022102900_00160.png,30.2,0,30.4,10.2,955
10/22/2019 10:30,datasets/dataset_cropped/10_Metas/22/10/20191022103000_00160.jpg,datasets_flow/dataset_cropped/10_Metas/22/10/20191022103000_00160.jpg,datasets_cloudmask/dataset_cropped/10_Metas/22/10/20191022103000_00160.png,32.7,0,32.8,10.3,955
10/22/2019 10:31,datasets/dataset_cropped/10_Metas/22/10/20191022103100_00160.jpg,datasets_flow/dataset_cropped/10_Metas/22/10/20191022103100_00160.jpg,datasets_cloudmask/dataset_cropped/10_Metas/22/10/20191022103100_00160.png,36.1,0,36.2,10.3,955
10/22/2019 10:32,datasets/dataset_cropped/10_Metas/22/10/20191022103200_00160.jpg,datasets_flow/dataset_cropped/10_Metas/22/10/20191022103200_00160.jpg,datasets_cloudmask/dataset_cropped/10_Metas/22/10/20191022103200_00160.png,40.9,0,40.9,10.3,955
10/22/2019 10:33,datasets/dataset_cropped/10_Metas/22/10/20191022103300_00160.jpg,datasets_flow/dataset_cropped/10_Metas/22/10/20191022103300_00160.jpg,datasets_cloudmask/dataset_cropped/10_Metas/22/10/20191022103300_00160.png,46.4,0,46.5,10.2,955
10/22/2019 10:34,datasets/dataset_cropped/10_Metas/22/10/20191022103400_00160.jpg,datasets_flow/dataset_cropped/10_Metas/22/10/20191022103400_00160.jpg,datasets_cloudmask/dataset_cropped/10_Metas/22/10/20191022103400_00160.png,51.2,0,51.4,10.3,955
10/22/2019 10:35,datasets/dataset_cropped/10_Metas/22/10/20191022103500_00160.jpg,datasets_flow/dataset_cropped/10_Metas/22/10/20191022103500_00160.jpg,datasets_cloudmask/dataset_cropped/10_Metas/22/10/20191022103500_00160.png,56.8,0,57,10.2,955
10/22/2019 10:36,datasets/dataset_cropped/10_Metas/22/10/20191022103600_00160.jpg,datasets_flow/dataset_cropped/10_Metas/22/10/20191022103600_00160.jpg,datasets_cloudmask/dataset_cropped/10_Metas/22/10/20191022103600_00160.png,60.7,0,60.9,10.2,955
10/22/2019 10:37,datasets/dataset_cropped/10_Metas/22/10/20191022103700_00160.jpg,datasets_flow/dataset_cropped/10_Metas/22/10/20191022103700_00160.jpg,datasets_cloudmask/dataset_cropped/10_Metas/22/10/20191022103700_00160.png,59.7,0,60,10.2,955
10/22/2019 10:38,datasets/dataset_cropped/10_Metas/22/10/20191022103800_00160.jpg,datasets_flow/dataset_cropped/10_Metas/22/10/20191022103800_00160.jpg,datasets_cloudmask/dataset_cropped/10_Metas/22/10/20191022103800_00160.png,55.8,0,56.2,10.2,955
10/22/2019 10:39,datasets/dataset_cropped/10_Metas/22/10/20191022103900_00160.jpg,datasets_flow/dataset_cropped/10_Metas/22/10/20191022103900_00160.jpg,datasets_cloudmask/dataset_cropped/10_Metas/22/10/20191022103900_00160.png,51.8,0,52.4,10.2,955
10/22/2019 10:40,datasets/dataset_cropped/10_Metas/22/10/20191022104000_00160.jpg,datasets_flow/dataset_cropped/10_Metas/22/10/20191022104000_00160.jpg,datasets_cloudmask/dataset_cropped/10_Metas/22/10/20191022104000_00160.png,50.2,0,50.7,10.2,955
10/22/2019 10:41,datasets/dataset_cropped/10_Metas/22/10/20191022104100_00160.jpg,datasets_flow/dataset_cropped/10_Metas/22/10/20191022104100_00160.jpg,datasets_cloudmask/dataset_cropped/10_Metas/22/10/20191022104100_00160.png,51.9,0.1,52.4,10.2,955
10/22/2019 10:42,datasets/dataset_cropped/10_Metas/22/10/20191022104200_00160.jpg,datasets_flow/dataset_cropped/10_Metas/22/10/20191022104200_00160.jpg,datasets_cloudmask/dataset_cropped/10_Metas/22/10/20191022104200_00160.png,55.6,0,56.1,10.3,955
10/22/2019 10:43,datasets/dataset_cropped/10_Metas/22/10/20191022104300_00160.jpg,datasets_flow/dataset_cropped/10_Metas/22/10/20191022104300_00160.jpg,datasets_cloudmask/dataset_cropped/10_Metas/22/10/20191022104300_00160.png,57.6,0,58.1,10.3,955
10/22/2019 10:44,datasets/dataset_cropped/10_Metas/22/10/20191022104400_00160.jpg,datasets_flow/dataset_cropped/10_Metas/22/10/20191022104400_00160.jpg,datasets_cloudmask/dataset_cropped/10_Metas/22/10/20191022104400_00160.png,57.1,0.2,57.4,10.4,955
10/22/2019 10:45,datasets/dataset_cropped/10_Metas/22/10/20191022104500_00160.jpg,datasets_flow/dataset_cropped/10_Metas/22/10/20191022104500_00160.jpg,datasets_cloudmask/dataset_cropped/10_Metas/22/10/20191022104500_00160.png,55.5,0.3,55.9,10.4,955
10/22/2019 10:46,datasets/dataset_cropped/10_Metas/22/10/20191022104600_00160.jpg,datasets_flow/dataset_cropped/10_Metas/22/10/20191022104600_00160.jpg,datasets_cloudmask/dataset_cropped/10_Metas/22/10/20191022104600_00160.png,54.2,0.3,54.5,10.4,955
10/22/2019 10:47,datasets/dataset_cropped/10_Metas/22/10/20191022104700_00160.jpg,datasets_flow/dataset_cropped/10_Metas/22/10/20191022104700_00160.jpg,datasets_cloudmask/dataset_cropped/10_Metas/22/10/20191022104700_00160.png,53.5,0.3,53.8,10.4,955
10/22/2019 10:48,datasets/dataset_cropped/10_Metas/22/10/20191022104800_00160.jpg,datasets_flow/dataset_cropped/10_Metas/22/10/20191022104800_00160.jpg,datasets_cloudmask/dataset_cropped/10_Metas/22/10/20191022104800_00160.png,53.4,0.3,53.7,10.4,955
10/22/2019 10:49,datasets/dataset_cropped/10_Metas/22/10/20191022104900_00160.jpg,datasets_flow/dataset_cropped/10_Metas/22/10/20191022104900_00160.jpg,datasets_cloudmask/dataset_cropped/10_Metas/22/10/20191022104900_00160.png,54.8,0.3,55.1,10.4,955
10/22/2019 10:50,datasets/dataset_cropped/10_Metas/22/10/20191022105000_00160.jpg,datasets_flow/dataset_cropped/10_Metas/22/10/20191022105000_00160.jpg,datasets_cloudmask/dataset_cropped/10_Metas/22/10/20191022105000_00160.png,57.6,0.2,57.8,10.4,955
10/22/2019 10:51,datasets/dataset_cropped/10_Metas/22/10/20191022105100_00160.jpg,datasets_flow/dataset_cropped/10_Metas/22/10/20191022105100_00160.jpg,datasets_cloudmask/dataset_cropped/10_Metas/22/10/20191022105100_00160.png,61.3,0.2,61.4,10.4,955
10/22/2019 10:52,datasets/dataset_cropped/10_Metas/22/10/20191022105200_00160.jpg,datasets_flow/dataset_cropped/10_Metas/22/10/20191022105200_00160.jpg,datasets_cloudmask/dataset_cropped/10_Metas/22/10/20191022105200_00160.png,64.9,0.2,65.1,10.4,955
10/22/2019 10:53,datasets/dataset_cropped/10_Metas/22/10/20191022105300_00160.jpg,datasets_flow/dataset_cropped/10_Metas/22/10/20191022105300_00160.jpg,datasets_cloudmask/dataset_cropped/10_Metas/22/10/20191022105300_00160.png,68.1,0.2,68.3,10.4,955
10/22/2019 10:54,datasets/dataset_cropped/10_Metas/22/10/20191022105400_00160.jpg,datasets_flow/dataset_cropped/10_Metas/22/10/20191022105400_00160.jpg,datasets_cloudmask/dataset_cropped/10_Metas/22/10/20191022105400_00160.png,71.6,0.2,72,10.4,955
10/22/2019 10:55,datasets/dataset_cropped/10_Metas/22/10/20191022105500_00160.jpg,datasets_flow/dataset_cropped/10_Metas/22/10/20191022105500_00160.jpg,datasets_cloudmask/dataset_cropped/10_Metas/22/10/20191022105500_00160.png,75.2,0.2,75.6,10.4,955
10/22/2019 10:56,datasets/dataset_cropped/10_Metas/22/10/20191022105600_00160.jpg,datasets_flow/dataset_cropped/10_Metas/22/10/20191022105600_00160.jpg,datasets_cloudmask/dataset_cropped/10_Metas/22/10/20191022105600_00160.png,79.4,0.2,79.8,10.5,955
10/22/2019 10:57,datasets/dataset_cropped/10_Metas/22/10/20191022105700_00160.jpg,datasets_flow/dataset_cropped/10_Metas/22/10/20191022105700_00160.jpg,datasets_cloudmask/dataset_cropped/10_Metas/22/10/20191022105700_00160.png,84.6,0.3,85,10.5,955
10/22/2019 10:58,datasets/dataset_cropped/10_Metas/22/10/20191022105800_00160.jpg,datasets_flow/dataset_cropped/10_Metas/22/10/20191022105800_00160.jpg,datasets_cloudmask/dataset_cropped/10_Metas/22/10/20191022105800_00160.png,90.7,0.3,91.1,10.5,955
10/22/2019 10:59,datasets/dataset_cropped/10_Metas/22/10/20191022105900_00160.jpg,datasets_flow/dataset_cropped/10_Metas/22/10/20191022105900_00160.jpg,datasets_cloudmask/dataset_cropped/10_Metas/22/10/20191022105900_00160.png,96.8,0.4,97.3,10.5,955
10/22/2019 11:00,datasets/dataset_cropped/10_Metas/22/11/20191022110000_00160.jpg,datasets_flow/dataset_cropped/10_Metas/22/11/20191022110000_00160.jpg,datasets_cloudmask/dataset_cropped/10_Metas/22/11/20191022110000_00160.png,101.3,0.5,101.8,10.5,955
10/22/2019 11:01,datasets/dataset_cropped/10_Metas/22/11/20191022110100_00160.jpg,datasets_flow/dataset_cropped/10_Metas/22/11/20191022110100_00160.jpg,datasets_cloudmask/dataset_cropped/10_Metas/22/11/20191022110100_00160.png,102.7,0.6,103.2,10.5,955
10/22/2019 11:02,datasets/dataset_cropped/10_Metas/22/11/20191022110200_00160.jpg,datasets_flow/dataset_cropped/10_Metas/22/11/20191022110200_00160.jpg,datasets_cloudmask/dataset_cropped/10_Metas/22/11/20191022110200_00160.png,100.9,0.6,101.5,10.6,955
10/22/2019 11:03,datasets/dataset_cropped/10_Metas/22/11/20191022110300_00160.jpg,datasets_flow/dataset_cropped/10_Metas/22/11/20191022110300_00160.jpg,datasets_cloudmask/dataset_cropped/10_Metas/22/11/20191022110300_00160.png,97.6,0.6,98.2,10.6,955
10/22/2019 11:04,datasets/dataset_cropped/10_Metas/22/11/20191022110400_00160.jpg,datasets_flow/dataset_cropped/10_Metas/22/11/20191022110400_00160.jpg,datasets_cloudmask/dataset_cropped/10_Metas/22/11/20191022110400_00160.png,94,0.6,94.7,10.5,955
10/22/2019 11:05,datasets/dataset_cropped/10_Metas/22/11/20191022110500_00160.jpg,datasets_flow/dataset_cropped/10_Metas/22/11/20191022110500_00160.jpg,datasets_cloudmask/dataset_cropped/10_Metas/22/11/20191022110500_00160.png,90.2,0.5,90.9,10.5,955
10/22/2019 11:06,datasets/dataset_cropped/10_Metas/22/11/20191022110600_00160.jpg,datasets_flow/dataset_cropped/10_Metas/22/11/20191022110600_00160.jpg,datasets_cloudmask/dataset_cropped/10_Metas/22/11/20191022110600_00160.png,86,0.5,86.7,10.6,955
10/22/2019 11:07,datasets/dataset_cropped/10_Metas/22/11/20191022110700_00160.jpg,datasets_flow/dataset_cropped/10_Metas/22/11/20191022110700_00160.jpg,datasets_cloudmask/dataset_cropped/10_Metas/22/11/20191022110700_00160.png,81.7,0.6,82.4,10.7,955
10/22/2019 11:08,datasets/dataset_cropped/10_Metas/22/11/20191022110800_00160.jpg,datasets_flow/dataset_cropped/10_Metas/22/11/20191022110800_00160.jpg,datasets_cloudmask/dataset_cropped/10_Metas/22/11/20191022110800_00160.png,78.5,0.5,79,10.6,955
10/22/2019 11:09,datasets/dataset_cropped/10_Metas/22/11/20191022110900_00160.jpg,datasets_flow/dataset_cropped/10_Metas/22/11/20191022110900_00160.jpg,datasets_cloudmask/dataset_cropped/10_Metas/22/11/20191022110900_00160.png,78.5,0.4,79,10.7,955
10/22/2019 11:10,datasets/dataset_cropped/10_Metas/22/11/20191022111000_00160.jpg,datasets_flow/dataset_cropped/10_Metas/22/11/20191022111000_00160.jpg,datasets_cloudmask/dataset_cropped/10_Metas/22/11/20191022111000_00160.png,81.5,0.3,82,10.7,955
10/22/2019 11:11,datasets/dataset_cropped/10_Metas/22/11/20191022111100_00160.jpg,datasets_flow/dataset_cropped/10_Metas/22/11/20191022111100_00160.jpg,datasets_cloudmask/dataset_cropped/10_Metas/22/11/20191022111100_00160.png,84.5,0.2,85,10.8,955
10/22/2019 11:12,datasets/dataset_cropped/10_Metas/22/11/20191022111200_00160.jpg,datasets_flow/dataset_cropped/10_Metas/22/11/20191022111200_00160.jpg,datasets_cloudmask/dataset_cropped/10_Metas/22/11/20191022111200_00160.png,86.2,0.2,86.9,10.7,955
10/22/2019 11:13,datasets/dataset_cropped/10_Metas/22/11/20191022111300_00160.jpg,datasets_flow/dataset_cropped/10_Metas/22/11/20191022111300_00160.jpg,datasets_cloudmask/dataset_cropped/10_Metas/22/11/20191022111300_00160.png,86.4,0.2,87,10.7,955
10/22/2019 11:14,datasets/dataset_cropped/10_Metas/22/11/20191022111400_00160.jpg,datasets_flow/dataset_cropped/10_Metas/22/11/20191022111400_00160.jpg,datasets_cloudmask/dataset_cropped/10_Metas/22/11/20191022111400_00160.png,85.1,0.2,85.8,10.6,955
10/22/2019 11:15,datasets/dataset_cropped/10_Metas/22/11/20191022111500_00160.jpg,datasets_flow/dataset_cropped/10_Metas/22/11/20191022111500_00160.jpg,datasets_cloudmask/dataset_cropped/10_Metas/22/11/20191022111500_00160.png,82.5,0.3,83.2,10.6,955
10/22/2019 11:16,datasets/dataset_cropped/10_Metas/22/11/20191022111600_00160.jpg,datasets_flow/dataset_cropped/10_Metas/22/11/20191022111600_00160.jpg,datasets_cloudmask/dataset_cropped/10_Metas/22/11/20191022111600_00160.png,79.9,0.2,80.5,10.6,955
10/22/2019 11:17,datasets/dataset_cropped/10_Metas/22/11/20191022111700_00160.jpg,datasets_flow/dataset_cropped/10_Metas/22/11/20191022111700_00160.jpg,datasets_cloudmask/dataset_cropped/10_Metas/22/11/20191022111700_00160.png,79.2,0.1,79.9,10.6,955
10/22/2019 11:18,datasets/dataset_cropped/10_Metas/22/11/20191022111800_00160.jpg,datasets_flow/dataset_cropped/10_Metas/22/11/20191022111800_00160.jpg,datasets_cloudmask/dataset_cropped/10_Metas/22/11/20191022111800_00160.png,81,0,81.6,10.6,955
10/22/2019 11:19,datasets/dataset_cropped/10_Metas/22/11/20191022111900_00160.jpg,datasets_flow/dataset_cropped/10_Metas/22/11/20191022111900_00160.jpg,datasets_cloudmask/dataset_cropped/10_Metas/22/11/20191022111900_00160.png,84.3,0,85,10.6,955
10/22/2019 11:20,datasets/dataset_cropped/10_Metas/22/11/20191022112000_00160.jpg,datasets_flow/dataset_cropped/10_Metas/22/11/20191022112000_00160.jpg,datasets_cloudmask/dataset_cropped/10_Metas/22/11/20191022112000_00160.png,86.7,0,87.4,10.6,955
10/22/2019 11:21,datasets/dataset_cropped/10_Metas/22/11/20191022112100_00160.jpg,datasets_flow/dataset_cropped/10_Metas/22/11/20191022112100_00160.jpg,datasets_cloudmask/dataset_cropped/10_Metas/22/11/20191022112100_00160.png,86.8,0,87.4,10.6,955
10/22/2019 11:22,datasets/dataset_cropped/10_Metas/22/11/20191022112200_00160.jpg,datasets_flow/dataset_cropped/10_Metas/22/11/20191022112200_00160.jpg,datasets_cloudmask/dataset_cropped/10_Metas/22/11/20191022112200_00160.png,84.2,0,84.7,10.7,955
10/22/2019 11:23,datasets/dataset_cropped/10_Metas/22/11/20191022112300_00160.jpg,datasets_flow/dataset_cropped/10_Metas/22/11/20191022112300_00160.jpg,datasets_cloudmask/dataset_cropped/10_Metas/22/11/20191022112300_00160.png,81.5,0,82,10.7,955
10/22/2019 11:24,datasets/dataset_cropped/10_Metas/22/11/20191022112400_00160.jpg,datasets_flow/dataset_cropped/10_Metas/22/11/20191022112400_00160.jpg,datasets_cloudmask/dataset_cropped/10_Metas/22/11/20191022112400_00160.png,82.2,0,82.8,10.8,955
10/22/2019 11:25,datasets/dataset_cropped/10_Metas/22/11/20191022112500_00160.jpg,datasets_flow/dataset_cropped/10_Metas/22/11/20191022112500_00160.jpg,datasets_cloudmask/dataset_cropped/10_Metas/22/11/20191022112500_00160.png,88.6,0,89.2,10.8,955
10/22/2019 11:26,datasets/dataset_cropped/10_Metas/22/11/20191022112600_00160.jpg,datasets_flow/dataset_cropped/10_Metas/22/11/20191022112600_00160.jpg,datasets_cloudmask/dataset_cropped/10_Metas/22/11/20191022112600_00160.png,99.5,0,100.1,10.7,955
10/22/2019 11:27,datasets/dataset_cropped/10_Metas/22/11/20191022112700_00160.jpg,datasets_flow/dataset_cropped/10_Metas/22/11/20191022112700_00160.jpg,datasets_cloudmask/dataset_cropped/10_Metas/22/11/20191022112700_00160.png,111.3,0,111.7,10.7,955
10/22/2019 11:28,datasets/dataset_cropped/10_Metas/22/11/20191022112800_00160.jpg,datasets_flow/dataset_cropped/10_Metas/22/11/20191022112800_00160.jpg,datasets_cloudmask/dataset_cropped/10_Metas/22/11/20191022112800_00160.png,121.9,0,122.4,10.7,955
10/22/2019 11:29,datasets/dataset_cropped/10_Metas/22/11/20191022112900_00160.jpg,datasets_flow/dataset_cropped/10_Metas/22/11/20191022112900_00160.jpg,datasets_cloudmask/dataset_cropped/10_Metas/22/11/20191022112900_00160.png,131.6,0.1,132.2,10.7,955
10/22/2019 11:30,datasets/dataset_cropped/10_Metas/22/11/20191022113000_00160.jpg,datasets_flow/dataset_cropped/10_Metas/22/11/20191022113000_00160.jpg,datasets_cloudmask/dataset_cropped/10_Metas/22/11/20191022113000_00160.png,140,0.2,140.6,10.7,955
10/22/2019 11:31,datasets/dataset_cropped/10_Metas/22/11/20191022113100_00160.jpg,datasets_flow/dataset_cropped/10_Metas/22/11/20191022113100_00160.jpg,datasets_cloudmask/dataset_cropped/10_Metas/22/11/20191022113100_00160.png,146.7,0.4,147.5,10.8,955
10/22/2019 11:32,datasets/dataset_cropped/10_Metas/22/11/20191022113200_00160.jpg,datasets_flow/dataset_cropped/10_Metas/22/11/20191022113200_00160.jpg,datasets_cloudmask/dataset_cropped/10_Metas/22/11/20191022113200_00160.png,151.7,0.5,152.7,10.9,954
10/22/2019 11:33,datasets/dataset_cropped/10_Metas/22/11/20191022113300_00160.jpg,datasets_flow/dataset_cropped/10_Metas/22/11/20191022113300_00160.jpg,datasets_cloudmask/dataset_cropped/10_Metas/22/11/20191022113300_00160.png,155.3,0.5,156.4,10.9,954
10/22/2019 11:34,datasets/dataset_cropped/10_Metas/22/11/20191022113400_00160.jpg,datasets_flow/dataset_cropped/10_Metas/22/11/20191022113400_00160.jpg,datasets_cloudmask/dataset_cropped/10_Metas/22/11/20191022113400_00160.png,156.7,0.5,157.9,11,954
10/22/2019 11:35,datasets/dataset_cropped/10_Metas/22/11/20191022113500_00160.jpg,datasets_flow/dataset_cropped/10_Metas/22/11/20191022113500_00160.jpg,datasets_cloudmask/dataset_cropped/10_Metas/22/11/20191022113500_00160.png,154.2,0.6,155.3,10.9,954
10/22/2019 11:36,datasets/dataset_cropped/10_Metas/22/11/20191022113600_00160.jpg,datasets_flow/dataset_cropped/10_Metas/22/11/20191022113600_00160.jpg,datasets_cloudmask/dataset_cropped/10_Metas/22/11/20191022113600_00160.png,147,0.6,147.7,10.9,954
10/22/2019 11:37,datasets/dataset_cropped/10_Metas/22/11/20191022113700_00160.jpg,datasets_flow/dataset_cropped/10_Metas/22/11/20191022113700_00160.jpg,datasets_cloudmask/dataset_cropped/10_Metas/22/11/20191022113700_00160.png,135.7,0.5,136.4,10.9,954
10/22/2019 11:38,datasets/dataset_cropped/10_Metas/22/11/20191022113800_00160.jpg,datasets_flow/dataset_cropped/10_Metas/22/11/20191022113800_00160.jpg,datasets_cloudmask/dataset_cropped/10_Metas/22/11/20191022113800_00160.png,122.4,0.4,123,10.9,954
10/22/2019 11:39,datasets/dataset_cropped/10_Metas/22/11/20191022113900_00160.jpg,datasets_flow/dataset_cropped/10_Metas/22/11/20191022113900_00160.jpg,datasets_cloudmask/dataset_cropped/10_Metas/22/11/20191022113900_00160.png,110.1,0.2,110.7,10.9,954
10/22/2019 11:40,datasets/dataset_cropped/10_Metas/22/11/20191022114000_00160.jpg,datasets_flow/dataset_cropped/10_Metas/22/11/20191022114000_00160.jpg,datasets_cloudmask/dataset_cropped/10_Metas/22/11/20191022114000_00160.png,100.7,0.1,101.1,10.8,954
10/22/2019 11:41,datasets/dataset_cropped/10_Metas/22/11/20191022114100_00160.jpg,datasets_flow/dataset_cropped/10_Metas/22/11/20191022114100_00160.jpg,datasets_cloudmask/dataset_cropped/10_Metas/22/11/20191022114100_00160.png,94,0,94.4,10.9,954
10/22/2019 11:42,datasets/dataset_cropped/10_Metas/22/11/20191022114200_00160.jpg,datasets_flow/dataset_cropped/10_Metas/22/11/20191022114200_00160.jpg,datasets_cloudmask/dataset_cropped/10_Metas/22/11/20191022114200_00160.png,90.4,0,90.8,10.9,954
10/22/2019 11:43,datasets/dataset_cropped/10_Metas/22/11/20191022114300_00160.jpg,datasets_flow/dataset_cropped/10_Metas/22/11/20191022114300_00160.jpg,datasets_cloudmask/dataset_cropped/10_Metas/22/11/20191022114300_00160.png,89.4,0,89.8,10.9,955
10/22/2019 11:44,datasets/dataset_cropped/10_Metas/22/11/20191022114400_00160.jpg,datasets_flow/dataset_cropped/10_Metas/22/11/20191022114400_00160.jpg,datasets_cloudmask/dataset_cropped/10_Metas/22/11/20191022114400_00160.png,90.8,0,91.2,10.9,955
10/22/2019 11:45,datasets/dataset_cropped/10_Metas/22/11/20191022114500_00160.jpg,datasets_flow/dataset_cropped/10_Metas/22/11/20191022114500_00160.jpg,datasets_cloudmask/dataset_cropped/10_Metas/22/11/20191022114500_00160.png,93.6,0.1,94.2,10.9,955
10/22/2019 11:46,datasets/dataset_cropped/10_Metas/22/11/20191022114600_00160.jpg,datasets_flow/dataset_cropped/10_Metas/22/11/20191022114600_00160.jpg,datasets_cloudmask/dataset_cropped/10_Metas/22/11/20191022114600_00160.png,96.1,0.1,96.6,10.8,955
10/22/2019 11:47,datasets/dataset_cropped/10_Metas/22/11/20191022114700_00160.jpg,datasets_flow/dataset_cropped/10_Metas/22/11/20191022114700_00160.jpg,datasets_cloudmask/dataset_cropped/10_Metas/22/11/20191022114700_00160.png,97.9,0.1,98.4,10.9,955
10/22/2019 11:48,datasets/dataset_cropped/10_Metas/22/11/20191022114800_00160.jpg,datasets_flow/dataset_cropped/10_Metas/22/11/20191022114800_00160.jpg,datasets_cloudmask/dataset_cropped/10_Metas/22/11/20191022114800_00160.png,96.2,0,96.6,10.9,955
10/22/2019 11:49,datasets/dataset_cropped/10_Metas/22/11/20191022114900_00160.jpg,datasets_flow/dataset_cropped/10_Metas/22/11/20191022114900_00160.jpg,datasets_cloudmask/dataset_cropped/10_Metas/22/11/20191022114900_00160.png,90.6,0,91.1,10.8,955
10/22/2019 11:50,datasets/dataset_cropped/10_Metas/22/11/20191022115000_00160.jpg,datasets_flow/dataset_cropped/10_Metas/22/11/20191022115000_00160.jpg,datasets_cloudmask/dataset_cropped/10_Metas/22/11/20191022115000_00160.png,83.3,0,83.8,10.8,955
10/22/2019 11:51,datasets/dataset_cropped/10_Metas/22/11/20191022115100_00160.jpg,datasets_flow/dataset_cropped/10_Metas/22/11/20191022115100_00160.jpg,datasets_cloudmask/dataset_cropped/10_Metas/22/11/20191022115100_00160.png,77.2,0.1,77.6,10.8,955
10/22/2019 11:52,datasets/dataset_cropped/10_Metas/22/11/20191022115200_00160.jpg,datasets_flow/dataset_cropped/10_Metas/22/11/20191022115200_00160.jpg,datasets_cloudmask/dataset_cropped/10_Metas/22/11/20191022115200_00160.png,71.3,0.1,71.6,10.9,955
10/22/2019 11:53,datasets/dataset_cropped/10_Metas/22/11/20191022115300_00160.jpg,datasets_flow/dataset_cropped/10_Metas/22/11/20191022115300_00160.jpg,datasets_cloudmask/dataset_cropped/10_Metas/22/11/20191022115300_00160.png,66.7,0.1,67,10.9,955
10/22/2019 11:54,datasets/dataset_cropped/10_Metas/22/11/20191022115400_00160.jpg,datasets_flow/dataset_cropped/10_Metas/22/11/20191022115400_00160.jpg,datasets_cloudmask/dataset_cropped/10_Metas/22/11/20191022115400_00160.png,64.4,0.1,64.7,10.8,955
10/22/2019 11:55,datasets/dataset_cropped/10_Metas/22/11/20191022115500_00160.jpg,datasets_flow/dataset_cropped/10_Metas/22/11/20191022115500_00160.jpg,datasets_cloudmask/dataset_cropped/10_Metas/22/11/20191022115500_00160.png,64,0.2,64.3,10.8,955
10/22/2019 11:56,datasets/dataset_cropped/10_Metas/22/11/20191022115600_00160.jpg,datasets_flow/dataset_cropped/10_Metas/22/11/20191022115600_00160.jpg,datasets_cloudmask/dataset_cropped/10_Metas/22/11/20191022115600_00160.png,64.8,0.2,65.1,11,955
10/22/2019 11:57,datasets/dataset_cropped/10_Metas/22/11/20191022115700_00160.jpg,datasets_flow/dataset_cropped/10_Metas/22/11/20191022115700_00160.jpg,datasets_cloudmask/dataset_cropped/10_Metas/22/11/20191022115700_00160.png,66.2,0.4,66.4,11,955
10/22/2019 11:58,datasets/dataset_cropped/10_Metas/22/11/20191022115800_00160.jpg,datasets_flow/dataset_cropped/10_Metas/22/11/20191022115800_00160.jpg,datasets_cloudmask/dataset_cropped/10_Metas/22/11/20191022115800_00160.png,69.4,0.4,69.7,11,955
10/22/2019 11:59,datasets/dataset_cropped/10_Metas/22/11/20191022115900_00160.jpg,datasets_flow/dataset_cropped/10_Metas/22/11/20191022115900_00160.jpg,datasets_cloudmask/dataset_cropped/10_Metas/22/11/20191022115900_00160.png,75.3,0.5,75.6,11,955
10/22/2019 12:00,datasets/dataset_cropped/10_Metas/22/12/20191022120000_00160.jpg,datasets_flow/dataset_cropped/10_Metas/22/12/20191022120000_00160.jpg,datasets_cloudmask/dataset_cropped/10_Metas/22/12/20191022120000_00160.png,83.5,0.5,83.8,11,955
10/22/2019 12:01,datasets/dataset_cropped/10_Metas/22/12/20191022120100_00160.jpg,datasets_flow/dataset_cropped/10_Metas/22/12/20191022120100_00160.jpg,datasets_cloudmask/dataset_cropped/10_Metas/22/12/20191022120100_00160.png,90.7,0.5,91.1,10.9,955
10/22/2019 12:02,datasets/dataset_cropped/10_Metas/22/12/20191022120200_00160.jpg,datasets_flow/dataset_cropped/10_Metas/22/12/20191022120200_00160.jpg,datasets_cloudmask/dataset_cropped/10_Metas/22/12/20191022120200_00160.png,93.8,0.5,94.3,11,955
10/22/2019 12:03,datasets/dataset_cropped/10_Metas/22/12/20191022120300_00160.jpg,datasets_flow/dataset_cropped/10_Metas/22/12/20191022120300_00160.jpg,datasets_cloudmask/dataset_cropped/10_Metas/22/12/20191022120300_00160.png,92.4,0.7,92.8,11,955
10/22/2019 12:04,datasets/dataset_cropped/10_Metas/22/12/20191022120400_00160.jpg,datasets_flow/dataset_cropped/10_Metas/22/12/20191022120400_00160.jpg,datasets_cloudmask/dataset_cropped/10_Metas/22/12/20191022120400_00160.png,89.2,0.7,89.7,10.9,955
10/22/2019 12:05,datasets/dataset_cropped/10_Metas/22/12/20191022120500_00160.jpg,datasets_flow/dataset_cropped/10_Metas/22/12/20191022120500_00160.jpg,datasets_cloudmask/dataset_cropped/10_Metas/22/12/20191022120500_00160.png,86.7,0.7,87.1,10.9,955
10/22/2019 12:06,datasets/dataset_cropped/10_Metas/22/12/20191022120600_00160.jpg,datasets_flow/dataset_cropped/10_Metas/22/12/20191022120600_00160.jpg,datasets_cloudmask/dataset_cropped/10_Metas/22/12/20191022120600_00160.png,85.2,0.7,85.6,11,955
10/22/2019 12:07,datasets/dataset_cropped/10_Metas/22/12/20191022120700_00160.jpg,datasets_flow/dataset_cropped/10_Metas/22/12/20191022120700_00160.jpg,datasets_cloudmask/dataset_cropped/10_Metas/22/12/20191022120700_00160.png,84.3,0.7,84.7,11,955
10/22/2019 12:08,datasets/dataset_cropped/10_Metas/22/12/20191022120800_00160.jpg,datasets_flow/dataset_cropped/10_Metas/22/12/20191022120800_00160.jpg,datasets_cloudmask/dataset_cropped/10_Metas/22/12/20191022120800_00160.png,83,0.6,83.2,11.3,954
10/22/2019 12:09,datasets/dataset_cropped/10_Metas/22/12/20191022120900_00160.jpg,datasets_flow/dataset_cropped/10_Metas/22/12/20191022120900_00160.jpg,datasets_cloudmask/dataset_cropped/10_Metas/22/12/20191022120900_00160.png,81.7,0.5,81.9,11.3,955
10/22/2019 12:10,datasets/dataset_cropped/10_Metas/22/12/20191022121000_00160.jpg,datasets_flow/dataset_cropped/10_Metas/22/12/20191022121000_00160.jpg,datasets_cloudmask/dataset_cropped/10_Metas/22/12/20191022121000_00160.png,80.8,0.4,81.2,11.2,955
10/22/2019 12:11,datasets/dataset_cropped/10_Metas/22/12/20191022121100_00160.jpg,datasets_flow/dataset_cropped/10_Metas/22/12/20191022121100_00160.jpg,datasets_cloudmask/dataset_cropped/10_Metas/22/12/20191022121100_00160.png,81,0.3,81.2,11.2,954
10/22/2019 12:12,datasets/dataset_cropped/10_Metas/22/12/20191022121200_00160.jpg,datasets_flow/dataset_cropped/10_Metas/22/12/20191022121200_00160.jpg,datasets_cloudmask/dataset_cropped/10_Metas/22/12/20191022121200_00160.png,81.5,0.1,81.7,11.1,954
10/22/2019 12:13,datasets/dataset_cropped/10_Metas/22/12/20191022121300_00160.jpg,datasets_flow/dataset_cropped/10_Metas/22/12/20191022121300_00160.jpg,datasets_cloudmask/dataset_cropped/10_Metas/22/12/20191022121300_00160.png,81.8,0.1,81.9,11.2,955
10/22/2019 12:14,datasets/dataset_cropped/10_Metas/22/12/20191022121400_00160.jpg,datasets_flow/dataset_cropped/10_Metas/22/12/20191022121400_00160.jpg,datasets_cloudmask/dataset_cropped/10_Metas/22/12/20191022121400_00160.png,81.5,0,81.7,11.3,954
10/22/2019 12:15,datasets/dataset_cropped/10_Metas/22/12/20191022121500_00160.jpg,datasets_flow/dataset_cropped/10_Metas/22/12/20191022121500_00160.jpg,datasets_cloudmask/dataset_cropped/10_Metas/22/12/20191022121500_00160.png,80.4,0.2,80.6,11.2,955
10/22/2019 12:16,datasets/dataset_cropped/10_Metas/22/12/20191022121600_00160.jpg,datasets_flow/dataset_cropped/10_Metas/22/12/20191022121600_00160.jpg,datasets_cloudmask/dataset_cropped/10_Metas/22/12/20191022121600_00160.png,79.4,0.2,79.5,11.3,955
10/22/2019 12:17,datasets/dataset_cropped/10_Metas/22/12/20191022121700_00160.jpg,datasets_flow/dataset_cropped/10_Metas/22/12/20191022121700_00160.jpg,datasets_cloudmask/dataset_cropped/10_Metas/22/12/20191022121700_00160.png,79.7,0.2,79.8,11.4,954
10/22/2019 12:18,datasets/dataset_cropped/10_Metas/22/12/20191022121800_00160.jpg,datasets_flow/dataset_cropped/10_Metas/22/12/20191022121800_00160.jpg,datasets_cloudmask/dataset_cropped/10_Metas/22/12/20191022121800_00160.png,81.3,0.2,81.5,11.3,954
10/22/2019 12:19,datasets/dataset_cropped/10_Metas/22/12/20191022121900_00160.jpg,datasets_flow/dataset_cropped/10_Metas/22/12/20191022121900_00160.jpg,datasets_cloudmask/dataset_cropped/10_Metas/22/12/20191022121900_00160.png,83.5,0.1,83.6,11.2,954
10/22/2019 12:20,datasets/dataset_cropped/10_Metas/22/12/20191022122000_00160.jpg,datasets_flow/dataset_cropped/10_Metas/22/12/20191022122000_00160.jpg,datasets_cloudmask/dataset_cropped/10_Metas/22/12/20191022122000_00160.png,86.8,0,86.7,11.1,954
10/22/2019 12:21,datasets/dataset_cropped/10_Metas/22/12/20191022122100_00160.jpg,datasets_flow/dataset_cropped/10_Metas/22/12/20191022122100_00160.jpg,datasets_cloudmask/dataset_cropped/10_Metas/22/12/20191022122100_00160.png,91.5,0,91.2,11.2,954
10/22/2019 12:22,datasets/dataset_cropped/10_Metas/22/12/20191022122200_00160.jpg,datasets_flow/dataset_cropped/10_Metas/22/12/20191022122200_00160.jpg,datasets_cloudmask/dataset_cropped/10_Metas/22/12/20191022122200_00160.png,95.9,0,95.6,11.4,954
10/22/2019 12:23,datasets/dataset_cropped/10_Metas/22/12/20191022122300_00160.jpg,datasets_flow/dataset_cropped/10_Metas/22/12/20191022122300_00160.jpg,datasets_cloudmask/dataset_cropped/10_Metas/22/12/20191022122300_00160.png,99,0,98.8,11.4,955
10/22/2019 12:24,datasets/dataset_cropped/10_Metas/22/12/20191022122400_00160.jpg,datasets_flow/dataset_cropped/10_Metas/22/12/20191022122400_00160.jpg,datasets_cloudmask/dataset_cropped/10_Metas/22/12/20191022122400_00160.png,101.3,0,101.1,11.3,954
10/22/2019 12:25,datasets/dataset_cropped/10_Metas/22/12/20191022122500_00160.jpg,datasets_flow/dataset_cropped/10_Metas/22/12/20191022122500_00160.jpg,datasets_cloudmask/dataset_cropped/10_Metas/22/12/20191022122500_00160.png,103.9,0,103.7,11.3,954
10/22/2019 12:26,datasets/dataset_cropped/10_Metas/22/12/20191022122600_00160.jpg,datasets_flow/dataset_cropped/10_Metas/22/12/20191022122600_00160.jpg,datasets_cloudmask/dataset_cropped/10_Metas/22/12/20191022122600_00160.png,106.3,0.1,106.1,11.4,954
10/22/2019 12:27,datasets/dataset_cropped/10_Metas/22/12/20191022122700_00160.jpg,datasets_flow/dataset_cropped/10_Metas/22/12/20191022122700_00160.jpg,datasets_cloudmask/dataset_cropped/10_Metas/22/12/20191022122700_00160.png,107.1,0.2,107,11.3,954
10/22/2019 12:28,datasets/dataset_cropped/10_Metas/22/12/20191022122800_00160.jpg,datasets_flow/dataset_cropped/10_Metas/22/12/20191022122800_00160.jpg,datasets_cloudmask/dataset_cropped/10_Metas/22/12/20191022122800_00160.png,105.6,0.2,105.4,11.2,954
10/22/2019 12:29,datasets/dataset_cropped/10_Metas/22/12/20191022122900_00160.jpg,datasets_flow/dataset_cropped/10_Metas/22/12/20191022122900_00160.jpg,datasets_cloudmask/dataset_cropped/10_Metas/22/12/20191022122900_00160.png,101.8,0.2,101.6,11.2,954
10/22/2019 12:30,datasets/dataset_cropped/10_Metas/22/12/20191022123000_00160.jpg,datasets_flow/dataset_cropped/10_Metas/22/12/20191022123000_00160.jpg,datasets_cloudmask/dataset_cropped/10_Metas/22/12/20191022123000_00160.png,96.4,0.1,96.3,11.3,954
10/22/2019 12:31,datasets/dataset_cropped/10_Metas/22/12/20191022123100_00160.jpg,datasets_flow/dataset_cropped/10_Metas/22/12/20191022123100_00160.jpg,datasets_cloudmask/dataset_cropped/10_Metas/22/12/20191022123100_00160.png,89.9,0.2,89.9,11.3,954
10/22/2019 12:32,datasets/dataset_cropped/10_Metas/22/12/20191022123200_00160.jpg,datasets_flow/dataset_cropped/10_Metas/22/12/20191022123200_00160.jpg,datasets_cloudmask/dataset_cropped/10_Metas/22/12/20191022123200_00160.png,82.3,0.3,82.3,11.3,954
10/22/2019 12:33,datasets/dataset_cropped/10_Metas/22/12/20191022123300_00160.jpg,datasets_flow/dataset_cropped/10_Metas/22/12/20191022123300_00160.jpg,datasets_cloudmask/dataset_cropped/10_Metas/22/12/20191022123300_00160.png,74.7,0.3,74.6,11.2,954
10/22/2019 12:34,datasets/dataset_cropped/10_Metas/22/12/20191022123400_00160.jpg,datasets_flow/dataset_cropped/10_Metas/22/12/20191022123400_00160.jpg,datasets_cloudmask/dataset_cropped/10_Metas/22/12/20191022123400_00160.png,68.7,0.2,68.5,11.2,954
10/22/2019 12:35,datasets/dataset_cropped/10_Metas/22/12/20191022123500_00160.jpg,datasets_flow/dataset_cropped/10_Metas/22/12/20191022123500_00160.jpg,datasets_cloudmask/dataset_cropped/10_Metas/22/12/20191022123500_00160.png,64.8,0,64.5,11.3,954
10/22/2019 12:36,datasets/dataset_cropped/10_Metas/22/12/20191022123600_00160.jpg,datasets_flow/dataset_cropped/10_Metas/22/12/20191022123600_00160.jpg,datasets_cloudmask/dataset_cropped/10_Metas/22/12/20191022123600_00160.png,62.2,0,61.9,11.2,954
10/22/2019 12:37,datasets/dataset_cropped/10_Metas/22/12/20191022123700_00160.jpg,datasets_flow/dataset_cropped/10_Metas/22/12/20191022123700_00160.jpg,datasets_cloudmask/dataset_cropped/10_Metas/22/12/20191022123700_00160.png,60.6,0,60.4,11.3,954
10/22/2019 12:38,datasets/dataset_cropped/10_Metas/22/12/20191022123800_00160.jpg,datasets_flow/dataset_cropped/10_Metas/22/12/20191022123800_00160.jpg,datasets_cloudmask/dataset_cropped/10_Metas/22/12/20191022123800_00160.png,60.5,0,60.3,11.2,954
10/22/2019 12:39,datasets/dataset_cropped/10_Metas/22/12/20191022123900_00160.jpg,datasets_flow/dataset_cropped/10_Metas/22/12/20191022123900_00160.jpg,datasets_cloudmask/dataset_cropped/10_Metas/22/12/20191022123900_00160.png,62.5,0,62.4,11.2,954
10/22/2019 12:40,datasets/dataset_cropped/10_Metas/22/12/20191022124000_00160.jpg,datasets_flow/dataset_cropped/10_Metas/22/12/20191022124000_00160.jpg,datasets_cloudmask/dataset_cropped/10_Metas/22/12/20191022124000_00160.png,66.7,0,66.5,11.2,954
10/22/2019 12:41,datasets/dataset_cropped/10_Metas/22/12/20191022124100_00160.jpg,datasets_flow/dataset_cropped/10_Metas/22/12/20191022124100_00160.jpg,datasets_cloudmask/dataset_cropped/10_Metas/22/12/20191022124100_00160.png,72.2,0,72.2,11.3,954
10/22/2019 12:42,datasets/dataset_cropped/10_Metas/22/12/20191022124200_00160.jpg,datasets_flow/dataset_cropped/10_Metas/22/12/20191022124200_00160.jpg,datasets_cloudmask/dataset_cropped/10_Metas/22/12/20191022124200_00160.png,78.3,0,78.3,11.2,954
10/22/2019 12:43,datasets/dataset_cropped/10_Metas/22/12/20191022124300_00160.jpg,datasets_flow/dataset_cropped/10_Metas/22/12/20191022124300_00160.jpg,datasets_cloudmask/dataset_cropped/10_Metas/22/12/20191022124300_00160.png,84,0,84.1,11.2,954
10/22/2019 12:44,datasets/dataset_cropped/10_Metas/22/12/20191022124400_00160.jpg,datasets_flow/dataset_cropped/10_Metas/22/12/20191022124400_00160.jpg,datasets_cloudmask/dataset_cropped/10_Metas/22/12/20191022124400_00160.png,89,0,89.3,11.2,954
10/22/2019 12:45,datasets/dataset_cropped/10_Metas/22/12/20191022124500_00160.jpg,datasets_flow/dataset_cropped/10_Metas/22/12/20191022124500_00160.jpg,datasets_cloudmask/dataset_cropped/10_Metas/22/12/20191022124500_00160.png,93.3,0,93.6,11.3,954
10/22/2019 12:46,datasets/dataset_cropped/10_Metas/22/12/20191022124600_00160.jpg,datasets_flow/dataset_cropped/10_Metas/22/12/20191022124600_00160.jpg,datasets_cloudmask/dataset_cropped/10_Metas/22/12/20191022124600_00160.png,96.7,0.1,97,11.3,954
10/22/2019 12:47,datasets/dataset_cropped/10_Metas/22/12/20191022124700_00160.jpg,datasets_flow/dataset_cropped/10_Metas/22/12/20191022124700_00160.jpg,datasets_cloudmask/dataset_cropped/10_Metas/22/12/20191022124700_00160.png,99.8,0.2,100.2,11.3,954
10/22/2019 12:48,datasets/dataset_cropped/10_Metas/22/12/20191022124800_00160.jpg,datasets_flow/dataset_cropped/10_Metas/22/12/20191022124800_00160.jpg,datasets_cloudmask/dataset_cropped/10_Metas/22/12/20191022124800_00160.png,104.7,0.2,105,11.4,954
10/22/2019 12:49,datasets/dataset_cropped/10_Metas/22/12/20191022124900_00160.jpg,datasets_flow/dataset_cropped/10_Metas/22/12/20191022124900_00160.jpg,datasets_cloudmask/dataset_cropped/10_Metas/22/12/20191022124900_00160.png,111.9,0.2,112.3,11.4,954
10/22/2019 12:50,datasets/dataset_cropped/10_Metas/22/12/20191022125000_00160.jpg,datasets_flow/dataset_cropped/10_Metas/22/12/20191022125000_00160.jpg,datasets_cloudmask/dataset_cropped/10_Metas/22/12/20191022125000_00160.png,118.5,0.2,118.9,11.5,954
10/22/2019 12:51,datasets/dataset_cropped/10_Metas/22/12/20191022125100_00160.jpg,datasets_flow/dataset_cropped/10_Metas/22/12/20191022125100_00160.jpg,datasets_cloudmask/dataset_cropped/10_Metas/22/12/20191022125100_00160.png,120.5,0.1,120.9,11.5,954
10/22/2019 12:52,datasets/dataset_cropped/10_Metas/22/12/20191022125200_00160.jpg,datasets_flow/dataset_cropped/10_Metas/22/12/20191022125200_00160.jpg,datasets_cloudmask/dataset_cropped/10_Metas/22/12/20191022125200_00160.png,116.8,0.2,117.2,11.4,954
10/22/2019 12:53,datasets/dataset_cropped/10_Metas/22/12/20191022125300_00160.jpg,datasets_flow/dataset_cropped/10_Metas/22/12/20191022125300_00160.jpg,datasets_cloudmask/dataset_cropped/10_Metas/22/12/20191022125300_00160.png,109.1,0.2,109.4,11.4,954
10/22/2019 12:54,datasets/dataset_cropped/10_Metas/22/12/20191022125400_00160.jpg,datasets_flow/dataset_cropped/10_Metas/22/12/20191022125400_00160.jpg,datasets_cloudmask/dataset_cropped/10_Metas/22/12/20191022125400_00160.png,100.6,0.1,100.8,11.3,954
10/22/2019 12:55,datasets/dataset_cropped/10_Metas/22/12/20191022125500_00160.jpg,datasets_flow/dataset_cropped/10_Metas/22/12/20191022125500_00160.jpg,datasets_cloudmask/dataset_cropped/10_Metas/22/12/20191022125500_00160.png,93.2,0,93.3,11.3,954
10/22/2019 12:56,datasets/dataset_cropped/10_Metas/22/12/20191022125600_00160.jpg,datasets_flow/dataset_cropped/10_Metas/22/12/20191022125600_00160.jpg,datasets_cloudmask/dataset_cropped/10_Metas/22/12/20191022125600_00160.png,87,0,87,11.3,954
10/22/2019 12:57,datasets/dataset_cropped/10_Metas/22/12/20191022125700_00160.jpg,datasets_flow/dataset_cropped/10_Metas/22/12/20191022125700_00160.jpg,datasets_cloudmask/dataset_cropped/10_Metas/22/12/20191022125700_00160.png,82.4,0,82.3,11.3,954
10/22/2019 12:58,datasets/dataset_cropped/10_Metas/22/12/20191022125800_00160.jpg,datasets_flow/dataset_cropped/10_Metas/22/12/20191022125800_00160.jpg,datasets_cloudmask/dataset_cropped/10_Metas/22/12/20191022125800_00160.png,81.6,0,81.5,11.4,954
10/22/2019 12:59,datasets/dataset_cropped/10_Metas/22/12/20191022125900_00160.jpg,datasets_flow/dataset_cropped/10_Metas/22/12/20191022125900_00160.jpg,datasets_cloudmask/dataset_cropped/10_Metas/22/12/20191022125900_00160.png,85.7,0,85.6,11.4,954
10/22/2019 13:00,datasets/dataset_cropped/10_Metas/22/13/20191022130000_00160.jpg,datasets_flow/dataset_cropped/10_Metas/22/13/20191022130000_00160.jpg,datasets_cloudmask/dataset_cropped/10_Metas/22/13/20191022130000_00160.png,94,0,94,11.4,954
10/22/2019 13:01,datasets/dataset_cropped/10_Metas/22/13/20191022130100_00160.jpg,datasets_flow/dataset_cropped/10_Metas/22/13/20191022130100_00160.jpg,datasets_cloudmask/dataset_cropped/10_Metas/22/13/20191022130100_00160.png,104.4,0.2,104.6,11.3,954
10/22/2019 13:02,datasets/dataset_cropped/10_Metas/22/13/20191022130200_00160.jpg,datasets_flow/dataset_cropped/10_Metas/22/13/20191022130200_00160.jpg,datasets_cloudmask/dataset_cropped/10_Metas/22/13/20191022130200_00160.png,115.2,0.3,115.4,11.4,954
10/22/2019 13:03,datasets/dataset_cropped/10_Metas/22/13/20191022130300_00160.jpg,datasets_flow/dataset_cropped/10_Metas/22/13/20191022130300_00160.jpg,datasets_cloudmask/dataset_cropped/10_Metas/22/13/20191022130300_00160.png,125.2,0.4,125.4,11.5,954
10/22/2019 13:04,datasets/dataset_cropped/10_Metas/22/13/20191022130400_00160.jpg,datasets_flow/dataset_cropped/10_Metas/22/13/20191022130400_00160.jpg,datasets_cloudmask/dataset_cropped/10_Metas/22/13/20191022130400_00160.png,132.6,0.3,132.6,11.4,954
10/22/2019 13:05,datasets/dataset_cropped/10_Metas/22/13/20191022130500_00160.jpg,datasets_flow/dataset_cropped/10_Metas/22/13/20191022130500_00160.jpg,datasets_cloudmask/dataset_cropped/10_Metas/22/13/20191022130500_00160.png,135.8,0.2,135.9,11.3,954
10/22/2019 13:06,datasets/dataset_cropped/10_Metas/22/13/20191022130600_00160.jpg,datasets_flow/dataset_cropped/10_Metas/22/13/20191022130600_00160.jpg,datasets_cloudmask/dataset_cropped/10_Metas/22/13/20191022130600_00160.png,134.7,0.3,134.6,11.3,954
10/22/2019 13:07,datasets/dataset_cropped/10_Metas/22/13/20191022130700_00160.jpg,datasets_flow/dataset_cropped/10_Metas/22/13/20191022130700_00160.jpg,datasets_cloudmask/dataset_cropped/10_Metas/22/13/20191022130700_00160.png,128.8,0.5,128.6,11.4,954
10/22/2019 13:08,datasets/dataset_cropped/10_Metas/22/13/20191022130800_00160.jpg,datasets_flow/dataset_cropped/10_Metas/22/13/20191022130800_00160.jpg,datasets_cloudmask/dataset_cropped/10_Metas/22/13/20191022130800_00160.png,121.3,0.5,120.8,11.5,954
10/22/2019 13:09,datasets/dataset_cropped/10_Metas/22/13/20191022130900_00160.jpg,datasets_flow/dataset_cropped/10_Metas/22/13/20191022130900_00160.jpg,datasets_cloudmask/dataset_cropped/10_Metas/22/13/20191022130900_00160.png,113.8,0.3,113.3,11.5,954
10/22/2019 13:10,datasets/dataset_cropped/10_Metas/22/13/20191022131000_00160.jpg,datasets_flow/dataset_cropped/10_Metas/22/13/20191022131000_00160.jpg,datasets_cloudmask/dataset_cropped/10_Metas/22/13/20191022131000_00160.png,108,0.2,107.3,11.4,954
10/22/2019 13:11,datasets/dataset_cropped/10_Metas/22/13/20191022131100_00160.jpg,datasets_flow/dataset_cropped/10_Metas/22/13/20191022131100_00160.jpg,datasets_cloudmask/dataset_cropped/10_Metas/22/13/20191022131100_00160.png,104.7,0.2,104,11.4,954
10/22/2019 13:12,datasets/dataset_cropped/10_Metas/22/13/20191022131200_00160.jpg,datasets_flow/dataset_cropped/10_Metas/22/13/20191022131200_00160.jpg,datasets_cloudmask/dataset_cropped/10_Metas/22/13/20191022131200_00160.png,104.3,0.3,103.7,11.4,954
10/22/2019 13:13,datasets/dataset_cropped/10_Metas/22/13/20191022131300_00160.jpg,datasets_flow/dataset_cropped/10_Metas/22/13/20191022131300_00160.jpg,datasets_cloudmask/dataset_cropped/10_Metas/22/13/20191022131300_00160.png,107.1,0.4,106.6,11.5,954
10/22/2019 13:14,datasets/dataset_cropped/10_Metas/22/13/20191022131400_00160.jpg,datasets_flow/dataset_cropped/10_Metas/22/13/20191022131400_00160.jpg,datasets_cloudmask/dataset_cropped/10_Metas/22/13/20191022131400_00160.png,113.2,0.4,112.7,11.6,954
10/22/2019 13:15,datasets/dataset_cropped/10_Metas/22/13/20191022131500_00160.jpg,datasets_flow/dataset_cropped/10_Metas/22/13/20191022131500_00160.jpg,datasets_cloudmask/dataset_cropped/10_Metas/22/13/20191022131500_00160.png,122.4,0.5,122,11.5,954
10/22/2019 13:16,datasets/dataset_cropped/10_Metas/22/13/20191022131600_00160.jpg,datasets_flow/dataset_cropped/10_Metas/22/13/20191022131600_00160.jpg,datasets_cloudmask/dataset_cropped/10_Metas/22/13/20191022131600_00160.png,132.4,0.6,132.2,11.4,954
10/22/2019 13:17,datasets/dataset_cropped/10_Metas/22/13/20191022131700_00160.jpg,datasets_flow/dataset_cropped/10_Metas/22/13/20191022131700_00160.jpg,datasets_cloudmask/dataset_cropped/10_Metas/22/13/20191022131700_00160.png,139.4,0.5,139.2,11.3,954
10/22/2019 13:18,datasets/dataset_cropped/10_Metas/22/13/20191022131800_00160.jpg,datasets_flow/dataset_cropped/10_Metas/22/13/20191022131800_00160.jpg,datasets_cloudmask/dataset_cropped/10_Metas/22/13/20191022131800_00160.png,140.5,0.4,140.3,11.3,954
10/22/2019 13:19,datasets/dataset_cropped/10_Metas/22/13/20191022131900_00160.jpg,datasets_flow/dataset_cropped/10_Metas/22/13/20191022131900_00160.jpg,datasets_cloudmask/dataset_cropped/10_Metas/22/13/20191022131900_00160.png,136.7,0.5,136.4,11.4,954
10/22/2019 13:20,datasets/dataset_cropped/10_Metas/22/13/20191022132000_00160.jpg,datasets_flow/dataset_cropped/10_Metas/22/13/20191022132000_00160.jpg,datasets_cloudmask/dataset_cropped/10_Metas/22/13/20191022132000_00160.png,131.8,0.6,131.4,11.4,954
10/22/2019 13:21,datasets/dataset_cropped/10_Metas/22/13/20191022132100_00160.jpg,datasets_flow/dataset_cropped/10_Metas/22/13/20191022132100_00160.jpg,datasets_cloudmask/dataset_cropped/10_Metas/22/13/20191022132100_00160.png,128.4,0.6,128,11.6,954
10/22/2019 13:22,datasets/dataset_cropped/10_Metas/22/13/20191022132200_00160.jpg,datasets_flow/dataset_cropped/10_Metas/22/13/20191022132200_00160.jpg,datasets_cloudmask/dataset_cropped/10_Metas/22/13/20191022132200_00160.png,126.4,0.7,126,11.6,954
10/22/2019 13:23,datasets/dataset_cropped/10_Metas/22/13/20191022132300_00160.jpg,datasets_flow/dataset_cropped/10_Metas/22/13/20191022132300_00160.jpg,datasets_cloudmask/dataset_cropped/10_Metas/22/13/20191022132300_00160.png,125.3,0.8,124.9,11.6,954
10/22/2019 13:24,datasets/dataset_cropped/10_Metas/22/13/20191022132400_00160.jpg,datasets_flow/dataset_cropped/10_Metas/22/13/20191022132400_00160.jpg,datasets_cloudmask/dataset_cropped/10_Metas/22/13/20191022132400_00160.png,125.4,0.8,125,11.5,954
10/22/2019 13:25,datasets/dataset_cropped/10_Metas/22/13/20191022132500_00160.jpg,datasets_flow/dataset_cropped/10_Metas/22/13/20191022132500_00160.jpg,datasets_cloudmask/dataset_cropped/10_Metas/22/13/20191022132500_00160.png,126.9,0.6,126.3,11.5,954
10/22/2019 13:26,datasets/dataset_cropped/10_Metas/22/13/20191022132600_00160.jpg,datasets_flow/dataset_cropped/10_Metas/22/13/20191022132600_00160.jpg,datasets_cloudmask/dataset_cropped/10_Metas/22/13/20191022132600_00160.png,128.7,0.4,128,11.5,954
10/22/2019 13:27,datasets/dataset_cropped/10_Metas/22/13/20191022132700_00160.jpg,datasets_flow/dataset_cropped/10_Metas/22/13/20191022132700_00160.jpg,datasets_cloudmask/dataset_cropped/10_Metas/22/13/20191022132700_00160.png,129.6,0.2,128.9,11.5,954
10/22/2019 13:28,datasets/dataset_cropped/10_Metas/22/13/20191022132800_00160.jpg,datasets_flow/dataset_cropped/10_Metas/22/13/20191022132800_00160.jpg,datasets_cloudmask/dataset_cropped/10_Metas/22/13/20191022132800_00160.png,128.4,0.1,127.7,11.4,954
10/22/2019 13:29,datasets/dataset_cropped/10_Metas/22/13/20191022132900_00160.jpg,datasets_flow/dataset_cropped/10_Metas/22/13/20191022132900_00160.jpg,datasets_cloudmask/dataset_cropped/10_Metas/22/13/20191022132900_00160.png,125.3,0.2,124.8,11.5,954
10/22/2019 13:30,datasets/dataset_cropped/10_Metas/22/13/20191022133000_00160.jpg,datasets_flow/dataset_cropped/10_Metas/22/13/20191022133000_00160.jpg,datasets_cloudmask/dataset_cropped/10_Metas/22/13/20191022133000_00160.png,122,0.2,121.4,11.6,954
10/22/2019 13:31,datasets/dataset_cropped/10_Metas/22/13/20191022133100_00160.jpg,datasets_flow/dataset_cropped/10_Metas/22/13/20191022133100_00160.jpg,datasets_cloudmask/dataset_cropped/10_Metas/22/13/20191022133100_00160.png,121,0.1,120.6,11.5,954
10/22/2019 13:32,datasets/dataset_cropped/10_Metas/22/13/20191022133200_00160.jpg,datasets_flow/dataset_cropped/10_Metas/22/13/20191022133200_00160.jpg,datasets_cloudmask/dataset_cropped/10_Metas/22/13/20191022133200_00160.png,123.3,0,123.2,11.6,954
10/22/2019 13:33,datasets/dataset_cropped/10_Metas/22/13/20191022133300_00160.jpg,datasets_flow/dataset_cropped/10_Metas/22/13/20191022133300_00160.jpg,datasets_cloudmask/dataset_cropped/10_Metas/22/13/20191022133300_00160.png,128.3,0.2,128.3,11.6,954
10/22/2019 13:34,datasets/dataset_cropped/10_Metas/22/13/20191022133400_00160.jpg,datasets_flow/dataset_cropped/10_Metas/22/13/20191022133400_00160.jpg,datasets_cloudmask/dataset_cropped/10_Metas/22/13/20191022133400_00160.png,134.1,0.2,134.2,11.5,953
10/22/2019 13:35,datasets/dataset_cropped/10_Metas/22/13/20191022133500_00160.jpg,datasets_flow/dataset_cropped/10_Metas/22/13/20191022133500_00160.jpg,datasets_cloudmask/dataset_cropped/10_Metas/22/13/20191022133500_00160.png,139.4,0.1,139.2,11.5,953
10/22/2019 13:36,datasets/dataset_cropped/10_Metas/22/13/20191022133600_00160.jpg,datasets_flow/dataset_cropped/10_Metas/22/13/20191022133600_00160.jpg,datasets_cloudmask/dataset_cropped/10_Metas/22/13/20191022133600_00160.png,141.8,0,141.8,11.6,954
10/22/2019 13:37,datasets/dataset_cropped/10_Metas/22/13/20191022133700_00160.jpg,datasets_flow/dataset_cropped/10_Metas/22/13/20191022133700_00160.jpg,datasets_cloudmask/dataset_cropped/10_Metas/22/13/20191022133700_00160.png,140.9,0.1,140.6,11.7,954
10/22/2019 13:38,datasets/dataset_cropped/10_Metas/22/13/20191022133800_00160.jpg,datasets_flow/dataset_cropped/10_Metas/22/13/20191022133800_00160.jpg,datasets_cloudmask/dataset_cropped/10_Metas/22/13/20191022133800_00160.png,136.3,0.1,136.1,11.6,953
10/22/2019 13:39,datasets/dataset_cropped/10_Metas/22/13/20191022133900_00160.jpg,datasets_flow/dataset_cropped/10_Metas/22/13/20191022133900_00160.jpg,datasets_cloudmask/dataset_cropped/10_Metas/22/13/20191022133900_00160.png,130.6,0.2,130.3,11.6,953
10/22/2019 13:40,datasets/dataset_cropped/10_Metas/22/13/20191022134000_00160.jpg,datasets_flow/dataset_cropped/10_Metas/22/13/20191022134000_00160.jpg,datasets_cloudmask/dataset_cropped/10_Metas/22/13/20191022134000_00160.png,126.7,0.2,126.6,11.6,953
10/22/2019 13:41,datasets/dataset_cropped/10_Metas/22/13/20191022134100_00160.jpg,datasets_flow/dataset_cropped/10_Metas/22/13/20191022134100_00160.jpg,datasets_cloudmask/dataset_cropped/10_Metas/22/13/20191022134100_00160.png,126.1,0.2,126,11.6,953
10/22/2019 13:42,datasets/dataset_cropped/10_Metas/22/13/20191022134200_00160.jpg,datasets_flow/dataset_cropped/10_Metas/22/13/20191022134200_00160.jpg,datasets_cloudmask/dataset_cropped/10_Metas/22/13/20191022134200_00160.png,128.1,0.1,127.8,11.5,953
10/22/2019 13:43,datasets/dataset_cropped/10_Metas/22/13/20191022134300_00160.jpg,datasets_flow/dataset_cropped/10_Metas/22/13/20191022134300_00160.jpg,datasets_cloudmask/dataset_cropped/10_Metas/22/13/20191022134300_00160.png,130.5,0,130.3,11.5,953
10/22/2019 13:44,datasets/dataset_cropped/10_Metas/22/13/20191022134400_00160.jpg,datasets_flow/dataset_cropped/10_Metas/22/13/20191022134400_00160.jpg,datasets_cloudmask/dataset_cropped/10_Metas/22/13/20191022134400_00160.png,132.1,0,131.8,11.5,953
10/22/2019 13:45,datasets/dataset_cropped/10_Metas/22/13/20191022134500_00160.jpg,datasets_flow/dataset_cropped/10_Metas/22/13/20191022134500_00160.jpg,datasets_cloudmask/dataset_cropped/10_Metas/22/13/20191022134500_00160.png,133.1,0,132.9,11.5,953
10/22/2019 13:46,datasets/dataset_cropped/10_Metas/22/13/20191022134600_00160.jpg,datasets_flow/dataset_cropped/10_Metas/22/13/20191022134600_00160.jpg,datasets_cloudmask/dataset_cropped/10_Metas/22/13/20191022134600_00160.png,133.6,0,133.4,11.5,953
10/22/2019 13:47,datasets/dataset_cropped/10_Metas/22/13/20191022134700_00160.jpg,datasets_flow/dataset_cropped/10_Metas/22/13/20191022134700_00160.jpg,datasets_cloudmask/dataset_cropped/10_Metas/22/13/20191022134700_00160.png,134,0,133.9,11.6,953
10/22/2019 13:48,datasets/dataset_cropped/10_Metas/22/13/20191022134800_00160.jpg,datasets_flow/dataset_cropped/10_Metas/22/13/20191022134800_00160.jpg,datasets_cloudmask/dataset_cropped/10_Metas/22/13/20191022134800_00160.png,134.5,0,134.6,11.7,953
10/22/2019 13:49,datasets/dataset_cropped/10_Metas/22/13/20191022134900_00160.jpg,datasets_flow/dataset_cropped/10_Metas/22/13/20191022134900_00160.jpg,datasets_cloudmask/dataset_cropped/10_Metas/22/13/20191022134900_00160.png,134.9,0,135.1,11.7,953
10/22/2019 13:50,datasets/dataset_cropped/10_Metas/22/13/20191022135000_00160.jpg,datasets_flow/dataset_cropped/10_Metas/22/13/20191022135000_00160.jpg,datasets_cloudmask/dataset_cropped/10_Metas/22/13/20191022135000_00160.png,134.8,0.1,135.1,11.6,953
10/22/2019 13:51,datasets/dataset_cropped/10_Metas/22/13/20191022135100_00160.jpg,datasets_flow/dataset_cropped/10_Metas/22/13/20191022135100_00160.jpg,datasets_cloudmask/dataset_cropped/10_Metas/22/13/20191022135100_00160.png,134.9,0.1,135.1,11.6,953
10/22/2019 13:52,datasets/dataset_cropped/10_Metas/22/13/20191022135200_00160.jpg,datasets_flow/dataset_cropped/10_Metas/22/13/20191022135200_00160.jpg,datasets_cloudmask/dataset_cropped/10_Metas/22/13/20191022135200_00160.png,135.1,0.2,135.2,11.6,953
10/22/2019 13:53,datasets/dataset_cropped/10_Metas/22/13/20191022135300_00160.jpg,datasets_flow/dataset_cropped/10_Metas/22/13/20191022135300_00160.jpg,datasets_cloudmask/dataset_cropped/10_Metas/22/13/20191022135300_00160.png,134.9,0.2,135.1,11.7,953
10/22/2019 13:54,datasets/dataset_cropped/10_Metas/22/13/20191022135400_00160.jpg,datasets_flow/dataset_cropped/10_Metas/22/13/20191022135400_00160.jpg,datasets_cloudmask/dataset_cropped/10_Metas/22/13/20191022135400_00160.png,133.7,0.2,134.1,11.6,953
10/22/2019 13:55,datasets/dataset_cropped/10_Metas/22/13/20191022135500_00160.jpg,datasets_flow/dataset_cropped/10_Metas/22/13/20191022135500_00160.jpg,datasets_cloudmask/dataset_cropped/10_Metas/22/13/20191022135500_00160.png,130.8,0.2,131.4,11.6,953
10/22/2019 13:56,datasets/dataset_cropped/10_Metas/22/13/20191022135600_00160.jpg,datasets_flow/dataset_cropped/10_Metas/22/13/20191022135600_00160.jpg,datasets_cloudmask/dataset_cropped/10_Metas/22/13/20191022135600_00160.png,126.2,0.3,126.9,11.6,953
10/22/2019 13:57,datasets/dataset_cropped/10_Metas/22/13/20191022135700_00160.jpg,datasets_flow/dataset_cropped/10_Metas/22/13/20191022135700_00160.jpg,datasets_cloudmask/dataset_cropped/10_Metas/22/13/20191022135700_00160.png,119.7,0.4,120.5,11.6,953
10/22/2019 13:58,datasets/dataset_cropped/10_Metas/22/13/20191022135800_00160.jpg,datasets_flow/dataset_cropped/10_Metas/22/13/20191022135800_00160.jpg,datasets_cloudmask/dataset_cropped/10_Metas/22/13/20191022135800_00160.png,112.1,0.5,112.6,11.6,953
10/22/2019 13:59,datasets/dataset_cropped/10_Metas/22/13/20191022135900_00160.jpg,datasets_flow/dataset_cropped/10_Metas/22/13/20191022135900_00160.jpg,datasets_cloudmask/dataset_cropped/10_Metas/22/13/20191022135900_00160.png,105,0.5,105.4,11.5,953
10/22/2019 14:00,datasets/dataset_cropped/10_Metas/22/14/20191022140000_00160.jpg,datasets_flow/dataset_cropped/10_Metas/22/14/20191022140000_00160.jpg,datasets_cloudmask/dataset_cropped/10_Metas/22/14/20191022140000_00160.png,99.5,0.5,99.7,11.5,953
10/22/2019 14:01,datasets/dataset_cropped/10_Metas/22/14/20191022140100_00160.jpg,datasets_flow/dataset_cropped/10_Metas/22/14/20191022140100_00160.jpg,datasets_cloudmask/dataset_cropped/10_Metas/22/14/20191022140100_00160.png,95.4,0.4,95.7,11.7,953
10/22/2019 14:02,datasets/dataset_cropped/10_Metas/22/14/20191022140200_00160.jpg,datasets_flow/dataset_cropped/10_Metas/22/14/20191022140200_00160.jpg,datasets_cloudmask/dataset_cropped/10_Metas/22/14/20191022140200_00160.png,92.2,0.3,92.5,11.6,953
10/22/2019 14:03,datasets/dataset_cropped/10_Metas/22/14/20191022140300_00160.jpg,datasets_flow/dataset_cropped/10_Metas/22/14/20191022140300_00160.jpg,datasets_cloudmask/dataset_cropped/10_Metas/22/14/20191022140300_00160.png,89.2,0.3,89.4,11.5,953
10/22/2019 14:04,datasets/dataset_cropped/10_Metas/22/14/20191022140400_00160.jpg,datasets_flow/dataset_cropped/10_Metas/22/14/20191022140400_00160.jpg,datasets_cloudmask/dataset_cropped/10_Metas/22/14/20191022140400_00160.png,86,0.1,86.2,11.5,953
10/22/2019 14:05,datasets/dataset_cropped/10_Metas/22/14/20191022140500_00160.jpg,datasets_flow/dataset_cropped/10_Metas/22/14/20191022140500_00160.jpg,datasets_cloudmask/dataset_cropped/10_Metas/22/14/20191022140500_00160.png,81.4,0.1,81.6,11.6,953
10/22/2019 14:06,datasets/dataset_cropped/10_Metas/22/14/20191022140600_00160.jpg,datasets_flow/dataset_cropped/10_Metas/22/14/20191022140600_00160.jpg,datasets_cloudmask/dataset_cropped/10_Metas/22/14/20191022140600_00160.png,74.8,0,74.9,11.7,953
10/22/2019 14:07,datasets/dataset_cropped/10_Metas/22/14/20191022140700_00160.jpg,datasets_flow/dataset_cropped/10_Metas/22/14/20191022140700_00160.jpg,datasets_cloudmask/dataset_cropped/10_Metas/22/14/20191022140700_00160.png,67.6,0,67.6,11.6,953
10/22/2019 14:08,datasets/dataset_cropped/10_Metas/22/14/20191022140800_00160.jpg,datasets_flow/dataset_cropped/10_Metas/22/14/20191022140800_00160.jpg,datasets_cloudmask/dataset_cropped/10_Metas/22/14/20191022140800_00160.png,61,0,61,11.6,953
10/22/2019 14:09,datasets/dataset_cropped/10_Metas/22/14/20191022140900_00160.jpg,datasets_flow/dataset_cropped/10_Metas/22/14/20191022140900_00160.jpg,datasets_cloudmask/dataset_cropped/10_Metas/22/14/20191022140900_00160.png,55.7,0,55.7,11.6,953
10/22/2019 14:10,datasets/dataset_cropped/10_Metas/22/14/20191022141000_00160.jpg,datasets_flow/dataset_cropped/10_Metas/22/14/20191022141000_00160.jpg,datasets_cloudmask/dataset_cropped/10_Metas/22/14/20191022141000_00160.png,52.2,0,52.1,11.6,953
10/22/2019 14:11,datasets/dataset_cropped/10_Metas/22/14/20191022141100_00160.jpg,datasets_flow/dataset_cropped/10_Metas/22/14/20191022141100_00160.jpg,datasets_cloudmask/dataset_cropped/10_Metas/22/14/20191022141100_00160.png,50.1,0,50,11.5,953
10/22/2019 14:12,datasets/dataset_cropped/10_Metas/22/14/20191022141200_00160.jpg,datasets_flow/dataset_cropped/10_Metas/22/14/20191022141200_00160.jpg,datasets_cloudmask/dataset_cropped/10_Metas/22/14/20191022141200_00160.png,49,0,48.9,11.5,953
10/22/2019 14:13,datasets/dataset_cropped/10_Metas/22/14/20191022141300_00160.jpg,datasets_flow/dataset_cropped/10_Metas/22/14/20191022141300_00160.jpg,datasets_cloudmask/dataset_cropped/10_Metas/22/14/20191022141300_00160.png,48.1,0,48.2,11.4,953
10/22/2019 14:14,datasets/dataset_cropped/10_Metas/22/14/20191022141400_00160.jpg,datasets_flow/dataset_cropped/10_Metas/22/14/20191022141400_00160.jpg,datasets_cloudmask/dataset_cropped/10_Metas/22/14/20191022141400_00160.png,47.1,0.1,47.3,11.4,953
10/22/2019 14:15,datasets/dataset_cropped/10_Metas/22/14/20191022141500_00160.jpg,datasets_flow/dataset_cropped/10_Metas/22/14/20191022141500_00160.jpg,datasets_cloudmask/dataset_cropped/10_Metas/22/14/20191022141500_00160.png,45.6,0.1,45.7,11.4,953
10/22/2019 14:16,datasets/dataset_cropped/10_Metas/22/14/20191022141600_00160.jpg,datasets_flow/dataset_cropped/10_Metas/22/14/20191022141600_00160.jpg,datasets_cloudmask/dataset_cropped/10_Metas/22/14/20191022141600_00160.png,43.9,0.1,43.9,11.4,953
10/22/2019 14:17,datasets/dataset_cropped/10_Metas/22/14/20191022141700_00160.jpg,datasets_flow/dataset_cropped/10_Metas/22/14/20191022141700_00160.jpg,datasets_cloudmask/dataset_cropped/10_Metas/22/14/20191022141700_00160.png,42.1,0,42,11.6,953
10/22/2019 14:18,datasets/dataset_cropped/10_Metas/22/14/20191022141800_00160.jpg,datasets_flow/dataset_cropped/10_Metas/22/14/20191022141800_00160.jpg,datasets_cloudmask/dataset_cropped/10_Metas/22/14/20191022141800_00160.png,41.1,0,41,11.6,953
10/22/2019 14:19,datasets/dataset_cropped/10_Metas/22/14/20191022141900_00160.jpg,datasets_flow/dataset_cropped/10_Metas/22/14/20191022141900_00160.jpg,datasets_cloudmask/dataset_cropped/10_Metas/22/14/20191022141900_00160.png,41.7,0,41.5,11.5,953
10/22/2019 14:20,datasets/dataset_cropped/10_Metas/22/14/20191022142000_00160.jpg,datasets_flow/dataset_cropped/10_Metas/22/14/20191022142000_00160.jpg,datasets_cloudmask/dataset_cropped/10_Metas/22/14/20191022142000_00160.png,43.4,0,43.1,11.5,953
10/22/2019 14:21,datasets/dataset_cropped/10_Metas/22/14/20191022142100_00160.jpg,datasets_flow/dataset_cropped/10_Metas/22/14/20191022142100_00160.jpg,datasets_cloudmask/dataset_cropped/10_Metas/22/14/20191022142100_00160.png,45.8,0,45.2,11.5,953
10/22/2019 14:22,datasets/dataset_cropped/10_Metas/22/14/20191022142200_00160.jpg,datasets_flow/dataset_cropped/10_Metas/22/14/20191022142200_00160.jpg,datasets_cloudmask/dataset_cropped/10_Metas/22/14/20191022142200_00160.png,48.5,0,47.9,11.5,953
10/22/2019 14:23,datasets/dataset_cropped/10_Metas/22/14/20191022142300_00160.jpg,datasets_flow/dataset_cropped/10_Metas/22/14/20191022142300_00160.jpg,datasets_cloudmask/dataset_cropped/10_Metas/22/14/20191022142300_00160.png,51,0,50.5,11.5,953
10/22/2019 14:24,datasets/dataset_cropped/10_Metas/22/14/20191022142400_00160.jpg,datasets_flow/dataset_cropped/10_Metas/22/14/20191022142400_00160.jpg,datasets_cloudmask/dataset_cropped/10_Metas/22/14/20191022142400_00160.png,53.8,0,53.5,11.4,953
10/22/2019 14:25,datasets/dataset_cropped/10_Metas/22/14/20191022142500_00160.jpg,datasets_flow/dataset_cropped/10_Metas/22/14/20191022142500_00160.jpg,datasets_cloudmask/dataset_cropped/10_Metas/22/14/20191022142500_00160.png,57,0,56.7,11.4,953
10/22/2019 14:26,datasets/dataset_cropped/10_Metas/22/14/20191022142600_00160.jpg,datasets_flow/dataset_cropped/10_Metas/22/14/20191022142600_00160.jpg,datasets_cloudmask/dataset_cropped/10_Metas/22/14/20191022142600_00160.png,60.1,0,60,11.4,953
10/22/2019 14:27,datasets/dataset_cropped/10_Metas/22/14/20191022142700_00160.jpg,datasets_flow/dataset_cropped/10_Metas/22/14/20191022142700_00160.jpg,datasets_cloudmask/dataset_cropped/10_Metas/22/14/20191022142700_00160.png,63.1,0,63.2,11.4,953
10/22/2019 14:28,datasets/dataset_cropped/10_Metas/22/14/20191022142800_00160.jpg,datasets_flow/dataset_cropped/10_Metas/22/14/20191022142800_00160.jpg,datasets_cloudmask/dataset_cropped/10_Metas/22/14/20191022142800_00160.png,65.9,0,65.9,11.4,953
10/22/2019 14:29,datasets/dataset_cropped/10_Metas/22/14/20191022142900_00160.jpg,datasets_flow/dataset_cropped/10_Metas/22/14/20191022142900_00160.jpg,datasets_cloudmask/dataset_cropped/10_Metas/22/14/20191022142900_00160.png,68.5,0,68.4,11.3,953
10/22/2019 14:30,datasets/dataset_cropped/10_Metas/22/14/20191022143000_00160.jpg,datasets_flow/dataset_cropped/10_Metas/22/14/20191022143000_00160.jpg,datasets_cloudmask/dataset_cropped/10_Metas/22/14/20191022143000_00160.png,71.1,0,71.1,11.3,953
10/22/2019 14:31,datasets/dataset_cropped/10_Metas/22/14/20191022143100_00160.jpg,datasets_flow/dataset_cropped/10_Metas/22/14/20191022143100_00160.jpg,datasets_cloudmask/dataset_cropped/10_Metas/22/14/20191022143100_00160.png,73.3,0,73.3,11.4,953
10/22/2019 14:32,datasets/dataset_cropped/10_Metas/22/14/20191022143200_00160.jpg,datasets_flow/dataset_cropped/10_Metas/22/14/20191022143200_00160.jpg,datasets_cloudmask/dataset_cropped/10_Metas/22/14/20191022143200_00160.png,74.9,0,74.8,11.4,953
10/22/2019 14:33,datasets/dataset_cropped/10_Metas/22/14/20191022143300_00160.jpg,datasets_flow/dataset_cropped/10_Metas/22/14/20191022143300_00160.jpg,datasets_cloudmask/dataset_cropped/10_Metas/22/14/20191022143300_00160.png,75.6,0,75.5,11.4,953
10/22/2019 14:34,datasets/dataset_cropped/10_Metas/22/14/20191022143400_00160.jpg,datasets_flow/dataset_cropped/10_Metas/22/14/20191022143400_00160.jpg,datasets_cloudmask/dataset_cropped/10_Metas/22/14/20191022143400_00160.png,75.6,0,75.6,11.3,953
10/22/2019 14:35,datasets/dataset_cropped/10_Metas/22/14/20191022143500_00160.jpg,datasets_flow/dataset_cropped/10_Metas/22/14/20191022143500_00160.jpg,datasets_cloudmask/dataset_cropped/10_Metas/22/14/20191022143500_00160.png,75.5,0,75.8,11.3,953
10/22/2019 14:36,datasets/dataset_cropped/10_Metas/22/14/20191022143600_00160.jpg,datasets_flow/dataset_cropped/10_Metas/22/14/20191022143600_00160.jpg,datasets_cloudmask/dataset_cropped/10_Metas/22/14/20191022143600_00160.png,76,0,76.5,11.4,953
10/22/2019 14:37,datasets/dataset_cropped/10_Metas/22/14/20191022143700_00160.jpg,datasets_flow/dataset_cropped/10_Metas/22/14/20191022143700_00160.jpg,datasets_cloudmask/dataset_cropped/10_Metas/22/14/20191022143700_00160.png,77.6,0.1,77.8,11.4,953
10/22/2019 14:38,datasets/dataset_cropped/10_Metas/22/14/20191022143800_00160.jpg,datasets_flow/dataset_cropped/10_Metas/22/14/20191022143800_00160.jpg,datasets_cloudmask/dataset_cropped/10_Metas/22/14/20191022143800_00160.png,80,0.2,80.2,11.4,953
10/22/2019 14:39,datasets/dataset_cropped/10_Metas/22/14/20191022143900_00160.jpg,datasets_flow/dataset_cropped/10_Metas/22/14/20191022143900_00160.jpg,datasets_cloudmask/dataset_cropped/10_Metas/22/14/20191022143900_00160.png,83.1,0.1,83.3,11.3,953
10/22/2019 14:40,datasets/dataset_cropped/10_Metas/22/14/20191022144000_00160.jpg,datasets_flow/dataset_cropped/10_Metas/22/14/20191022144000_00160.jpg,datasets_cloudmask/dataset_cropped/10_Metas/22/14/20191022144000_00160.png,86.5,0,86.9,11.2,953
10/22/2019 14:41,datasets/dataset_cropped/10_Metas/22/14/20191022144100_00160.jpg,datasets_flow/dataset_cropped/10_Metas/22/14/20191022144100_00160.jpg,datasets_cloudmask/dataset_cropped/10_Metas/22/14/20191022144100_00160.png,89.6,0,89.9,11.2,953
10/22/2019 14:42,datasets/dataset_cropped/10_Metas/22/14/20191022144200_00160.jpg,datasets_flow/dataset_cropped/10_Metas/22/14/20191022144200_00160.jpg,datasets_cloudmask/dataset_cropped/10_Metas/22/14/20191022144200_00160.png,91.8,0.1,92.1,11.3,953
10/22/2019 14:43,datasets/dataset_cropped/10_Metas/22/14/20191022144300_00160.jpg,datasets_flow/dataset_cropped/10_Metas/22/14/20191022144300_00160.jpg,datasets_cloudmask/dataset_cropped/10_Metas/22/14/20191022144300_00160.png,92.6,0.1,92.9,11.3,953
10/22/2019 14:44,datasets/dataset_cropped/10_Metas/22/14/20191022144400_00160.jpg,datasets_flow/dataset_cropped/10_Metas/22/14/20191022144400_00160.jpg,datasets_cloudmask/dataset_cropped/10_Metas/22/14/20191022144400_00160.png,92.1,0,92.4,11.4,952
10/22/2019 14:45,datasets/dataset_cropped/10_Metas/22/14/20191022144500_00160.jpg,datasets_flow/dataset_cropped/10_Metas/22/14/20191022144500_00160.jpg,datasets_cloudmask/dataset_cropped/10_Metas/22/14/20191022144500_00160.png,90.8,0.1,91.1,11.4,952
10/22/2019 14:46,datasets/dataset_cropped/10_Metas/22/14/20191022144600_00160.jpg,datasets_flow/dataset_cropped/10_Metas/22/14/20191022144600_00160.jpg,datasets_cloudmask/dataset_cropped/10_Metas/22/14/20191022144600_00160.png,89.3,0,89.6,11.4,953
10/22/2019 14:47,datasets/dataset_cropped/10_Metas/22/14/20191022144700_00160.jpg,datasets_flow/dataset_cropped/10_Metas/22/14/20191022144700_00160.jpg,datasets_cloudmask/dataset_cropped/10_Metas/22/14/20191022144700_00160.png,88.3,0,88.6,11.2,952
10/22/2019 14:48,datasets/dataset_cropped/10_Metas/22/14/20191022144800_00160.jpg,datasets_flow/dataset_cropped/10_Metas/22/14/20191022144800_00160.jpg,datasets_cloudmask/dataset_cropped/10_Metas/22/14/20191022144800_00160.png,87.8,0,88,11.2,953
10/22/2019 14:49,datasets/dataset_cropped/10_Metas/22/14/20191022144900_00160.jpg,datasets_flow/dataset_cropped/10_Metas/22/14/20191022144900_00160.jpg,datasets_cloudmask/dataset_cropped/10_Metas/22/14/20191022144900_00160.png,87.8,0,87.9,11.2,952
10/22/2019 14:50,datasets/dataset_cropped/10_Metas/22/14/20191022145000_00160.jpg,datasets_flow/dataset_cropped/10_Metas/22/14/20191022145000_00160.jpg,datasets_cloudmask/dataset_cropped/10_Metas/22/14/20191022145000_00160.png,87.9,0,87.8,11.3,952
10/22/2019 14:51,datasets/dataset_cropped/10_Metas/22/14/20191022145100_00160.jpg,datasets_flow/dataset_cropped/10_Metas/22/14/20191022145100_00160.jpg,datasets_cloudmask/dataset_cropped/10_Metas/22/14/20191022145100_00160.png,89,0,89,11.3,952
10/22/2019 14:52,datasets/dataset_cropped/10_Metas/22/14/20191022145200_00160.jpg,datasets_flow/dataset_cropped/10_Metas/22/14/20191022145200_00160.jpg,datasets_cloudmask/dataset_cropped/10_Metas/22/14/20191022145200_00160.png,90.9,0,91,11.3,953
10/22/2019 14:53,datasets/dataset_cropped/10_Metas/22/14/20191022145300_00160.jpg,datasets_flow/dataset_cropped/10_Metas/22/14/20191022145300_00160.jpg,datasets_cloudmask/dataset_cropped/10_Metas/22/14/20191022145300_00160.png,91.4,0,91.4,11.4,953
10/22/2019 14:54,datasets/dataset_cropped/10_Metas/22/14/20191022145400_00160.jpg,datasets_flow/dataset_cropped/10_Metas/22/14/20191022145400_00160.jpg,datasets_cloudmask/dataset_cropped/10_Metas/22/14/20191022145400_00160.png,89.4,0,89.3,11.4,953
10/22/2019 14:55,datasets/dataset_cropped/10_Metas/22/14/20191022145500_00160.jpg,datasets_flow/dataset_cropped/10_Metas/22/14/20191022145500_00160.jpg,datasets_cloudmask/dataset_cropped/10_Metas/22/14/20191022145500_00160.png,86.1,0,86.1,11.3,953
10/22/2019 14:56,datasets/dataset_cropped/10_Metas/22/14/20191022145600_00160.jpg,datasets_flow/dataset_cropped/10_Metas/22/14/20191022145600_00160.jpg,datasets_cloudmask/dataset_cropped/10_Metas/22/14/20191022145600_00160.png,82.8,0,82.8,11.2,953
10/22/2019 14:57,datasets/dataset_cropped/10_Metas/22/14/20191022145700_00160.jpg,datasets_flow/dataset_cropped/10_Metas/22/14/20191022145700_00160.jpg,datasets_cloudmask/dataset_cropped/10_Metas/22/14/20191022145700_00160.png,80,0,80.2,11.2,953
10/22/2019 14:58,datasets/dataset_cropped/10_Metas/22/14/20191022145800_00160.jpg,datasets_flow/dataset_cropped/10_Metas/22/14/20191022145800_00160.jpg,datasets_cloudmask/dataset_cropped/10_Metas/22/14/20191022145800_00160.png,78.1,0,78.3,11.3,953
10/22/2019 14:59,datasets/dataset_cropped/10_Metas/22/14/20191022145900_00160.jpg,datasets_flow/dataset_cropped/10_Metas/22/14/20191022145900_00160.jpg,datasets_cloudmask/dataset_cropped/10_Metas/22/14/20191022145900_00160.png,77.2,0,77.4,11.2,953
10/22/2019 15:00,datasets/dataset_cropped/10_Metas/22/15/20191022150000_00160.jpg,datasets_flow/dataset_cropped/10_Metas/22/15/20191022150000_00160.jpg,datasets_cloudmask/dataset_cropped/10_Metas/22/15/20191022150000_00160.png,76.5,0,76.6,11.3,953
10/22/2019 15:01,datasets/dataset_cropped/10_Metas/22/15/20191022150100_00160.jpg,datasets_flow/dataset_cropped/10_Metas/22/15/20191022150100_00160.jpg,datasets_cloudmask/dataset_cropped/10_Metas/22/15/20191022150100_00160.png,74.7,0,74.9,11.3,953
10/22/2019 15:02,datasets/dataset_cropped/10_Metas/22/15/20191022150200_00160.jpg,datasets_flow/dataset_cropped/10_Metas/22/15/20191022150200_00160.jpg,datasets_cloudmask/dataset_cropped/10_Metas/22/15/20191022150200_00160.png,71.5,0,71.7,11.2,953
10/22/2019 15:03,datasets/dataset_cropped/10_Metas/22/15/20191022150300_00160.jpg,datasets_flow/dataset_cropped/10_Metas/22/15/20191022150300_00160.jpg,datasets_cloudmask/dataset_cropped/10_Metas/22/15/20191022150300_00160.png,67.4,0,67.9,11.3,953
10/22/2019 15:04,datasets/dataset_cropped/10_Metas/22/15/20191022150400_00160.jpg,datasets_flow/dataset_cropped/10_Metas/22/15/20191022150400_00160.jpg,datasets_cloudmask/dataset_cropped/10_Metas/22/15/20191022150400_00160.png,63.7,0,64.1,11.4,953
10/22/2019 15:05,datasets/dataset_cropped/10_Metas/22/15/20191022150500_00160.jpg,datasets_flow/dataset_cropped/10_Metas/22/15/20191022150500_00160.jpg,datasets_cloudmask/dataset_cropped/10_Metas/22/15/20191022150500_00160.png,62.2,0,62.5,11.4,953
10/22/2019 15:06,datasets/dataset_cropped/10_Metas/22/15/20191022150600_00160.jpg,datasets_flow/dataset_cropped/10_Metas/22/15/20191022150600_00160.jpg,datasets_cloudmask/dataset_cropped/10_Metas/22/15/20191022150600_00160.png,62.8,0,63.1,11.3,953
10/22/2019 15:07,datasets/dataset_cropped/10_Metas/22/15/20191022150700_00160.jpg,datasets_flow/dataset_cropped/10_Metas/22/15/20191022150700_00160.jpg,datasets_cloudmask/dataset_cropped/10_Metas/22/15/20191022150700_00160.png,64.7,0,65,11.3,953
10/22/2019 15:08,datasets/dataset_cropped/10_Metas/22/15/20191022150800_00160.jpg,datasets_flow/dataset_cropped/10_Metas/22/15/20191022150800_00160.jpg,datasets_cloudmask/dataset_cropped/10_Metas/22/15/20191022150800_00160.png,66.9,0,67.1,11.4,952
10/22/2019 15:09,datasets/dataset_cropped/10_Metas/22/15/20191022150900_00160.jpg,datasets_flow/dataset_cropped/10_Metas/22/15/20191022150900_00160.jpg,datasets_cloudmask/dataset_cropped/10_Metas/22/15/20191022150900_00160.png,68.5,0,68.7,11.4,952
10/22/2019 15:10,datasets/dataset_cropped/10_Metas/22/15/20191022151000_00160.jpg,datasets_flow/dataset_cropped/10_Metas/22/15/20191022151000_00160.jpg,datasets_cloudmask/dataset_cropped/10_Metas/22/15/20191022151000_00160.png,68.7,0,68.9,11.4,952
10/22/2019 15:11,datasets/dataset_cropped/10_Metas/22/15/20191022151100_00160.jpg,datasets_flow/dataset_cropped/10_Metas/22/15/20191022151100_00160.jpg,datasets_cloudmask/dataset_cropped/10_Metas/22/15/20191022151100_00160.png,66.5,0,66.7,11.4,953
10/22/2019 15:12,datasets/dataset_cropped/10_Metas/22/15/20191022151200_00160.jpg,datasets_flow/dataset_cropped/10_Metas/22/15/20191022151200_00160.jpg,datasets_cloudmask/dataset_cropped/10_Metas/22/15/20191022151200_00160.png,62,0,62.2,11.4,952
10/22/2019 15:13,datasets/dataset_cropped/10_Metas/22/15/20191022151300_00160.jpg,datasets_flow/dataset_cropped/10_Metas/22/15/20191022151300_00160.jpg,datasets_cloudmask/dataset_cropped/10_Metas/22/15/20191022151300_00160.png,57.9,0,58,11.3,953
10/22/2019 15:14,datasets/dataset_cropped/10_Metas/22/15/20191022151400_00160.jpg,datasets_flow/dataset_cropped/10_Metas/22/15/20191022151400_00160.jpg,datasets_cloudmask/dataset_cropped/10_Metas/22/15/20191022151400_00160.png,55.6,0,55.7,11.4,953
10/22/2019 15:15,datasets/dataset_cropped/10_Metas/22/15/20191022151500_00160.jpg,datasets_flow/dataset_cropped/10_Metas/22/15/20191022151500_00160.jpg,datasets_cloudmask/dataset_cropped/10_Metas/22/15/20191022151500_00160.png,55.4,0,55.4,11.3,953
10/22/2019 15:16,datasets/dataset_cropped/10_Metas/22/15/20191022151600_00160.jpg,datasets_flow/dataset_cropped/10_Metas/22/15/20191022151600_00160.jpg,datasets_cloudmask/dataset_cropped/10_Metas/22/15/20191022151600_00160.png,56.1,0.1,56.2,11.3,953
10/22/2019 15:17,datasets/dataset_cropped/10_Metas/22/15/20191022151700_00160.jpg,datasets_flow/dataset_cropped/10_Metas/22/15/20191022151700_00160.jpg,datasets_cloudmask/dataset_cropped/10_Metas/22/15/20191022151700_00160.png,55.3,0.2,55.6,11.3,953
10/22/2019 15:18,datasets/dataset_cropped/10_Metas/22/15/20191022151800_00160.jpg,datasets_flow/dataset_cropped/10_Metas/22/15/20191022151800_00160.jpg,datasets_cloudmask/dataset_cropped/10_Metas/22/15/20191022151800_00160.png,52,0.2,52.2,11.3,953
10/22/2019 15:19,datasets/dataset_cropped/10_Metas/22/15/20191022151900_00160.jpg,datasets_flow/dataset_cropped/10_Metas/22/15/20191022151900_00160.jpg,datasets_cloudmask/dataset_cropped/10_Metas/22/15/20191022151900_00160.png,47.9,0.1,48.2,11.3,953
10/22/2019 15:20,datasets/dataset_cropped/10_Metas/22/15/20191022152000_00160.jpg,datasets_flow/dataset_cropped/10_Metas/22/15/20191022152000_00160.jpg,datasets_cloudmask/dataset_cropped/10_Metas/22/15/20191022152000_00160.png,44.9,0,45.1,11.4,953
10/22/2019 15:21,datasets/dataset_cropped/10_Metas/22/15/20191022152100_00160.jpg,datasets_flow/dataset_cropped/10_Metas/22/15/20191022152100_00160.jpg,datasets_cloudmask/dataset_cropped/10_Metas/22/15/20191022152100_00160.png,43.5,0,43.7,11.4,953
10/22/2019 15:22,datasets/dataset_cropped/10_Metas/22/15/20191022152200_00160.jpg,datasets_flow/dataset_cropped/10_Metas/22/15/20191022152200_00160.jpg,datasets_cloudmask/dataset_cropped/10_Metas/22/15/20191022152200_00160.png,43,0,43.1,11.4,953
10/22/2019 15:23,datasets/dataset_cropped/10_Metas/22/15/20191022152300_00160.jpg,datasets_flow/dataset_cropped/10_Metas/22/15/20191022152300_00160.jpg,datasets_cloudmask/dataset_cropped/10_Metas/22/15/20191022152300_00160.png,44,0,44.1,11.4,953
10/22/2019 15:24,datasets/dataset_cropped/10_Metas/22/15/20191022152400_00160.jpg,datasets_flow/dataset_cropped/10_Metas/22/15/20191022152400_00160.jpg,datasets_cloudmask/dataset_cropped/10_Metas/22/15/20191022152400_00160.png,46.3,0,46.4,11.3,953
10/22/2019 15:25,datasets/dataset_cropped/10_Metas/22/15/20191022152500_00160.jpg,datasets_flow/dataset_cropped/10_Metas/22/15/20191022152500_00160.jpg,datasets_cloudmask/dataset_cropped/10_Metas/22/15/20191022152500_00160.png,49,0,49.3,11.4,953
10/22/2019 15:26,datasets/dataset_cropped/10_Metas/22/15/20191022152600_00160.jpg,datasets_flow/dataset_cropped/10_Metas/22/15/20191022152600_00160.jpg,datasets_cloudmask/dataset_cropped/10_Metas/22/15/20191022152600_00160.png,50.8,0,50.9,11.5,953
10/22/2019 15:27,datasets/dataset_cropped/10_Metas/22/15/20191022152700_00160.jpg,datasets_flow/dataset_cropped/10_Metas/22/15/20191022152700_00160.jpg,datasets_cloudmask/dataset_cropped/10_Metas/22/15/20191022152700_00160.png,51.5,0,51.7,11.4,953
10/22/2019 15:28,datasets/dataset_cropped/10_Metas/22/15/20191022152800_00160.jpg,datasets_flow/dataset_cropped/10_Metas/22/15/20191022152800_00160.jpg,datasets_cloudmask/dataset_cropped/10_Metas/22/15/20191022152800_00160.png,52.2,0,52.5,11.3,953
10/22/2019 15:29,datasets/dataset_cropped/10_Metas/22/15/20191022152900_00160.jpg,datasets_flow/dataset_cropped/10_Metas/22/15/20191022152900_00160.jpg,datasets_cloudmask/dataset_cropped/10_Metas/22/15/20191022152900_00160.png,54.1,0,54.4,11.3,953
10/22/2019 15:30,datasets/dataset_cropped/10_Metas/22/15/20191022153000_00160.jpg,datasets_flow/dataset_cropped/10_Metas/22/15/20191022153000_00160.jpg,datasets_cloudmask/dataset_cropped/10_Metas/22/15/20191022153000_00160.png,57.5,0,57.7,11.3,952
10/22/2019 15:31,datasets/dataset_cropped/10_Metas/22/15/20191022153100_00160.jpg,datasets_flow/dataset_cropped/10_Metas/22/15/20191022153100_00160.jpg,datasets_cloudmask/dataset_cropped/10_Metas/22/15/20191022153100_00160.png,61.5,0,61.7,11.3,952
10/22/2019 15:32,datasets/dataset_cropped/10_Metas/22/15/20191022153200_00160.jpg,datasets_flow/dataset_cropped/10_Metas/22/15/20191022153200_00160.jpg,datasets_cloudmask/dataset_cropped/10_Metas/22/15/20191022153200_00160.png,65.8,0,66.2,11.3,952
10/22/2019 15:33,datasets/dataset_cropped/10_Metas/22/15/20191022153300_00160.jpg,datasets_flow/dataset_cropped/10_Metas/22/15/20191022153300_00160.jpg,datasets_cloudmask/dataset_cropped/10_Metas/22/15/20191022153300_00160.png,68.2,0,68.6,11.3,952
10/22/2019 15:34,datasets/dataset_cropped/10_Metas/22/15/20191022153400_00160.jpg,datasets_flow/dataset_cropped/10_Metas/22/15/20191022153400_00160.jpg,datasets_cloudmask/dataset_cropped/10_Metas/22/15/20191022153400_00160.png,67,0,67.6,11.3,952
10/22/2019 15:35,datasets/dataset_cropped/10_Metas/22/15/20191022153500_00160.jpg,datasets_flow/dataset_cropped/10_Metas/22/15/20191022153500_00160.jpg,datasets_cloudmask/dataset_cropped/10_Metas/22/15/20191022153500_00160.png,64.5,0,64.8,11.3,952
10/22/2019 15:36,datasets/dataset_cropped/10_Metas/22/15/20191022153600_00160.jpg,datasets_flow/dataset_cropped/10_Metas/22/15/20191022153600_00160.jpg,datasets_cloudmask/dataset_cropped/10_Metas/22/15/20191022153600_00160.png,62.4,0,62.7,11.2,952
10/22/2019 15:37,datasets/dataset_cropped/10_Metas/22/15/20191022153700_00160.jpg,datasets_flow/dataset_cropped/10_Metas/22/15/20191022153700_00160.jpg,datasets_cloudmask/dataset_cropped/10_Metas/22/15/20191022153700_00160.png,61.2,0,61.5,11.3,952
10/22/2019 15:38,datasets/dataset_cropped/10_Metas/22/15/20191022153800_00160.jpg,datasets_flow/dataset_cropped/10_Metas/22/15/20191022153800_00160.jpg,datasets_cloudmask/dataset_cropped/10_Metas/22/15/20191022153800_00160.png,61.1,0,61.5,11.3,952
10/22/2019 15:39,datasets/dataset_cropped/10_Metas/22/15/20191022153900_00160.jpg,datasets_flow/dataset_cropped/10_Metas/22/15/20191022153900_00160.jpg,datasets_cloudmask/dataset_cropped/10_Metas/22/15/20191022153900_00160.png,61.6,0,62.1,11.2,952
10/22/2019 15:40,datasets/dataset_cropped/10_Metas/22/15/20191022154000_00160.jpg,datasets_flow/dataset_cropped/10_Metas/22/15/20191022154000_00160.jpg,datasets_cloudmask/dataset_cropped/10_Metas/22/15/20191022154000_00160.png,62.1,0,62.8,11.2,952
10/22/2019 15:41,datasets/dataset_cropped/10_Metas/22/15/20191022154100_00160.jpg,datasets_flow/dataset_cropped/10_Metas/22/15/20191022154100_00160.jpg,datasets_cloudmask/dataset_cropped/10_Metas/22/15/20191022154100_00160.png,62.3,0,63.1,11.2,952
10/22/2019 15:42,datasets/dataset_cropped/10_Metas/22/15/20191022154200_00160.jpg,datasets_flow/dataset_cropped/10_Metas/22/15/20191022154200_00160.jpg,datasets_cloudmask/dataset_cropped/10_Metas/22/15/20191022154200_00160.png,61.7,0,62.6,11.2,952
10/22/2019 15:43,datasets/dataset_cropped/10_Metas/22/15/20191022154300_00160.jpg,datasets_flow/dataset_cropped/10_Metas/22/15/20191022154300_00160.jpg,datasets_cloudmask/dataset_cropped/10_Metas/22/15/20191022154300_00160.png,60.4,0,61.2,11.2,952
10/22/2019 15:44,datasets/dataset_cropped/10_Metas/22/15/20191022154400_00160.jpg,datasets_flow/dataset_cropped/10_Metas/22/15/20191022154400_00160.jpg,datasets_cloudmask/dataset_cropped/10_Metas/22/15/20191022154400_00160.png,59.1,0,60,11.2,953
10/22/2019 15:45,datasets/dataset_cropped/10_Metas/22/15/20191022154500_00160.jpg,datasets_flow/dataset_cropped/10_Metas/22/15/20191022154500_00160.jpg,datasets_cloudmask/dataset_cropped/10_Metas/22/15/20191022154500_00160.png,58.8,0,59.5,11.1,952
10/22/2019 15:46,datasets/dataset_cropped/10_Metas/22/15/20191022154600_00160.jpg,datasets_flow/dataset_cropped/10_Metas/22/15/20191022154600_00160.jpg,datasets_cloudmask/dataset_cropped/10_Metas/22/15/20191022154600_00160.png,60,0,60.5,11,952
10/22/2019 15:47,datasets/dataset_cropped/10_Metas/22/15/20191022154700_00160.jpg,datasets_flow/dataset_cropped/10_Metas/22/15/20191022154700_00160.jpg,datasets_cloudmask/dataset_cropped/10_Metas/22/15/20191022154700_00160.png,62.8,0,63.2,10.9,952
10/22/2019 15:48,datasets/dataset_cropped/10_Metas/22/15/20191022154800_00160.jpg,datasets_flow/dataset_cropped/10_Metas/22/15/20191022154800_00160.jpg,datasets_cloudmask/dataset_cropped/10_Metas/22/15/20191022154800_00160.png,66.9,0,67.4,10.9,952
10/22/2019 15:49,datasets/dataset_cropped/10_Metas/22/15/20191022154900_00160.jpg,datasets_flow/dataset_cropped/10_Metas/22/15/20191022154900_00160.jpg,datasets_cloudmask/dataset_cropped/10_Metas/22/15/20191022154900_00160.png,71,0,71.5,11.1,952
10/22/2019 15:50,datasets/dataset_cropped/10_Metas/22/15/20191022155000_00160.jpg,datasets_flow/dataset_cropped/10_Metas/22/15/20191022155000_00160.jpg,datasets_cloudmask/dataset_cropped/10_Metas/22/15/20191022155000_00160.png,74,0,74.6,11.1,952
10/22/2019 15:51,datasets/dataset_cropped/10_Metas/22/15/20191022155100_00160.jpg,datasets_flow/dataset_cropped/10_Metas/22/15/20191022155100_00160.jpg,datasets_cloudmask/dataset_cropped/10_Metas/22/15/20191022155100_00160.png,74.8,0,75.4,11.1,952
10/22/2019 15:52,datasets/dataset_cropped/10_Metas/22/15/20191022155200_00160.jpg,datasets_flow/dataset_cropped/10_Metas/22/15/20191022155200_00160.jpg,datasets_cloudmask/dataset_cropped/10_Metas/22/15/20191022155200_00160.png,74.3,0,75.1,11.2,952
10/22/2019 15:53,datasets/dataset_cropped/10_Metas/22/15/20191022155300_00160.jpg,datasets_flow/dataset_cropped/10_Metas/22/15/20191022155300_00160.jpg,datasets_cloudmask/dataset_cropped/10_Metas/22/15/20191022155300_00160.png,72.8,0,73.7,11.2,952
10/22/2019 15:54,datasets/dataset_cropped/10_Metas/22/15/20191022155400_00160.jpg,datasets_flow/dataset_cropped/10_Metas/22/15/20191022155400_00160.jpg,datasets_cloudmask/dataset_cropped/10_Metas/22/15/20191022155400_00160.png,70.2,0,71.2,11.3,952
10/22/2019 15:55,datasets/dataset_cropped/10_Metas/22/15/20191022155500_00160.jpg,datasets_flow/dataset_cropped/10_Metas/22/15/20191022155500_00160.jpg,datasets_cloudmask/dataset_cropped/10_Metas/22/15/20191022155500_00160.png,67.4,0.3,68.3,11.2,953
10/22/2019 15:56,datasets/dataset_cropped/10_Metas/22/15/20191022155600_00160.jpg,datasets_flow/dataset_cropped/10_Metas/22/15/20191022155600_00160.jpg,datasets_cloudmask/dataset_cropped/10_Metas/22/15/20191022155600_00160.png,64.8,0.3,65.7,11.2,952
10/22/2019 15:57,datasets/dataset_cropped/10_Metas/22/15/20191022155700_00160.jpg,datasets_flow/dataset_cropped/10_Metas/22/15/20191022155700_00160.jpg,datasets_cloudmask/dataset_cropped/10_Metas/22/15/20191022155700_00160.png,62.6,0.4,63.4,11.1,952
10/22/2019 15:58,datasets/dataset_cropped/10_Metas/22/15/20191022155800_00160.jpg,datasets_flow/dataset_cropped/10_Metas/22/15/20191022155800_00160.jpg,datasets_cloudmask/dataset_cropped/10_Metas/22/15/20191022155800_00160.png,60.6,0.3,61.3,11.1,952
10/22/2019 15:59,datasets/dataset_cropped/10_Metas/22/15/20191022155900_00160.jpg,datasets_flow/dataset_cropped/10_Metas/22/15/20191022155900_00160.jpg,datasets_cloudmask/dataset_cropped/10_Metas/22/15/20191022155900_00160.png,59.2,0.2,59.8,11.1,952
10/22/2019 16:00,datasets/dataset_cropped/10_Metas/22/16/20191022160000_00160.jpg,datasets_flow/dataset_cropped/10_Metas/22/16/20191022160000_00160.jpg,datasets_cloudmask/dataset_cropped/10_Metas/22/16/20191022160000_00160.png,58.5,0.1,59,11,952
10/22/2019 16:01,datasets/dataset_cropped/10_Metas/22/16/20191022160100_00160.jpg,datasets_flow/dataset_cropped/10_Metas/22/16/20191022160100_00160.jpg,datasets_cloudmask/dataset_cropped/10_Metas/22/16/20191022160100_00160.png,57.9,0,58.4,10.9,952
10/22/2019 16:02,datasets/dataset_cropped/10_Metas/22/16/20191022160200_00160.jpg,datasets_flow/dataset_cropped/10_Metas/22/16/20191022160200_00160.jpg,datasets_cloudmask/dataset_cropped/10_Metas/22/16/20191022160200_00160.png,57.2,0,57.9,10.9,952
10/22/2019 16:03,datasets/dataset_cropped/10_Metas/22/16/20191022160300_00160.jpg,datasets_flow/dataset_cropped/10_Metas/22/16/20191022160300_00160.jpg,datasets_cloudmask/dataset_cropped/10_Metas/22/16/20191022160300_00160.png,56.6,0,57.2,11,952
10/22/2019 16:04,datasets/dataset_cropped/10_Metas/22/16/20191022160400_00160.jpg,datasets_flow/dataset_cropped/10_Metas/22/16/20191022160400_00160.jpg,datasets_cloudmask/dataset_cropped/10_Metas/22/16/20191022160400_00160.png,56,0.1,56.5,11.1,952
10/22/2019 16:05,datasets/dataset_cropped/10_Metas/22/16/20191022160500_00160.jpg,datasets_flow/dataset_cropped/10_Metas/22/16/20191022160500_00160.jpg,datasets_cloudmask/dataset_cropped/10_Metas/22/16/20191022160500_00160.png,55.7,0.2,56.2,11.1,952
10/22/2019 16:06,datasets/dataset_cropped/10_Metas/22/16/20191022160600_00160.jpg,datasets_flow/dataset_cropped/10_Metas/22/16/20191022160600_00160.jpg,datasets_cloudmask/dataset_cropped/10_Metas/22/16/20191022160600_00160.png,55.4,0.1,55.9,11.1,952
10/22/2019 16:07,datasets/dataset_cropped/10_Metas/22/16/20191022160700_00160.jpg,datasets_flow/dataset_cropped/10_Metas/22/16/20191022160700_00160.jpg,datasets_cloudmask/dataset_cropped/10_Metas/22/16/20191022160700_00160.png,55,0,55.5,11,952
10/22/2019 16:08,datasets/dataset_cropped/10_Metas/22/16/20191022160800_00160.jpg,datasets_flow/dataset_cropped/10_Metas/22/16/20191022160800_00160.jpg,datasets_cloudmask/dataset_cropped/10_Metas/22/16/20191022160800_00160.png,54.2,0,54.5,11,952
10/22/2019 16:09,datasets/dataset_cropped/10_Metas/22/16/20191022160900_00160.jpg,datasets_flow/dataset_cropped/10_Metas/22/16/20191022160900_00160.jpg,datasets_cloudmask/dataset_cropped/10_Metas/22/16/20191022160900_00160.png,52.5,0,53,10.9,952
10/22/2019 16:10,datasets/dataset_cropped/10_Metas/22/16/20191022161000_00160.jpg,datasets_flow/dataset_cropped/10_Metas/22/16/20191022161000_00160.jpg,datasets_cloudmask/dataset_cropped/10_Metas/22/16/20191022161000_00160.png,50.9,0,51.5,11,952
10/22/2019 16:11,datasets/dataset_cropped/10_Metas/22/16/20191022161100_00160.jpg,datasets_flow/dataset_cropped/10_Metas/22/16/20191022161100_00160.jpg,datasets_cloudmask/dataset_cropped/10_Metas/22/16/20191022161100_00160.png,49.4,0,49.9,11,952
10/22/2019 16:12,datasets/dataset_cropped/10_Metas/22/16/20191022161200_00160.jpg,datasets_flow/dataset_cropped/10_Metas/22/16/20191022161200_00160.jpg,datasets_cloudmask/dataset_cropped/10_Metas/22/16/20191022161200_00160.png,48.6,0,49,11.1,952
10/22/2019 16:13,datasets/dataset_cropped/10_Metas/22/16/20191022161300_00160.jpg,datasets_flow/dataset_cropped/10_Metas/22/16/20191022161300_00160.jpg,datasets_cloudmask/dataset_cropped/10_Metas/22/16/20191022161300_00160.png,48.4,0,48.7,11.1,952
10/22/2019 16:14,datasets/dataset_cropped/10_Metas/22/16/20191022161400_00160.jpg,datasets_flow/dataset_cropped/10_Metas/22/16/20191022161400_00160.jpg,datasets_cloudmask/dataset_cropped/10_Metas/22/16/20191022161400_00160.png,48.6,0,48.8,11,952
10/22/2019 16:15,datasets/dataset_cropped/10_Metas/22/16/20191022161500_00160.jpg,datasets_flow/dataset_cropped/10_Metas/22/16/20191022161500_00160.jpg,datasets_cloudmask/dataset_cropped/10_Metas/22/16/20191022161500_00160.png,48.9,0,49,11,952
10/22/2019 16:16,datasets/dataset_cropped/10_Metas/22/16/20191022161600_00160.jpg,datasets_flow/dataset_cropped/10_Metas/22/16/20191022161600_00160.jpg,datasets_cloudmask/dataset_cropped/10_Metas/22/16/20191022161600_00160.png,48.9,0,49.1,11,952
10/22/2019 16:17,datasets/dataset_cropped/10_Metas/22/16/20191022161700_00160.jpg,datasets_flow/dataset_cropped/10_Metas/22/16/20191022161700_00160.jpg,datasets_cloudmask/dataset_cropped/10_Metas/22/16/20191022161700_00160.png,48.9,0,49.2,11,952
10/22/2019 16:18,datasets/dataset_cropped/10_Metas/22/16/20191022161800_00160.jpg,datasets_flow/dataset_cropped/10_Metas/22/16/20191022161800_00160.jpg,datasets_cloudmask/dataset_cropped/10_Metas/22/16/20191022161800_00160.png,48.8,0,49.1,11,952
10/22/2019 16:19,datasets/dataset_cropped/10_Metas/22/16/20191022161900_00160.jpg,datasets_flow/dataset_cropped/10_Metas/22/16/20191022161900_00160.jpg,datasets_cloudmask/dataset_cropped/10_Metas/22/16/20191022161900_00160.png,48.5,0,48.7,11,952
10/22/2019 16:20,datasets/dataset_cropped/10_Metas/22/16/20191022162000_00160.jpg,datasets_flow/dataset_cropped/10_Metas/22/16/20191022162000_00160.jpg,datasets_cloudmask/dataset_cropped/10_Metas/22/16/20191022162000_00160.png,48.4,0,48.6,11,952
10/22/2019 16:21,datasets/dataset_cropped/10_Metas/22/16/20191022162100_00160.jpg,datasets_flow/dataset_cropped/10_Metas/22/16/20191022162100_00160.jpg,datasets_cloudmask/dataset_cropped/10_Metas/22/16/20191022162100_00160.png,48.6,0,48.8,11,952
10/22/2019 16:22,datasets/dataset_cropped/10_Metas/22/16/20191022162200_00160.jpg,datasets_flow/dataset_cropped/10_Metas/22/16/20191022162200_00160.jpg,datasets_cloudmask/dataset_cropped/10_Metas/22/16/20191022162200_00160.png,48.3,0,48.6,11,952
10/22/2019 16:23,datasets/dataset_cropped/10_Metas/22/16/20191022162300_00160.jpg,datasets_flow/dataset_cropped/10_Metas/22/16/20191022162300_00160.jpg,datasets_cloudmask/dataset_cropped/10_Metas/22/16/20191022162300_00160.png,47.3,0,47.5,11.1,952
10/22/2019 16:24,datasets/dataset_cropped/10_Metas/22/16/20191022162400_00160.jpg,datasets_flow/dataset_cropped/10_Metas/22/16/20191022162400_00160.jpg,datasets_cloudmask/dataset_cropped/10_Metas/22/16/20191022162400_00160.png,45.4,0,45.7,11,952
10/22/2019 16:25,datasets/dataset_cropped/10_Metas/22/16/20191022162500_00160.jpg,datasets_flow/dataset_cropped/10_Metas/22/16/20191022162500_00160.jpg,datasets_cloudmask/dataset_cropped/10_Metas/22/16/20191022162500_00160.png,43.2,0,43.6,11.1,952
10/22/2019 16:26,datasets/dataset_cropped/10_Metas/22/16/20191022162600_00160.jpg,datasets_flow/dataset_cropped/10_Metas/22/16/20191022162600_00160.jpg,datasets_cloudmask/dataset_cropped/10_Metas/22/16/20191022162600_00160.png,40.9,0,41.3,11.1,952
10/22/2019 16:27,datasets/dataset_cropped/10_Metas/22/16/20191022162700_00160.jpg,datasets_flow/dataset_cropped/10_Metas/22/16/20191022162700_00160.jpg,datasets_cloudmask/dataset_cropped/10_Metas/22/16/20191022162700_00160.png,38.8,0,39.2,11,952
10/22/2019 16:28,datasets/dataset_cropped/10_Metas/22/16/20191022162800_00160.jpg,datasets_flow/dataset_cropped/10_Metas/22/16/20191022162800_00160.jpg,datasets_cloudmask/dataset_cropped/10_Metas/22/16/20191022162800_00160.png,37.2,0,37.7,11,952
10/22/2019 16:29,datasets/dataset_cropped/10_Metas/22/16/20191022162900_00160.jpg,datasets_flow/dataset_cropped/10_Metas/22/16/20191022162900_00160.jpg,datasets_cloudmask/dataset_cropped/10_Metas/22/16/20191022162900_00160.png,36.5,0,36.9,11.1,952
10/22/2019 16:30,datasets/dataset_cropped/10_Metas/22/16/20191022163000_00160.jpg,datasets_flow/dataset_cropped/10_Metas/22/16/20191022163000_00160.jpg,datasets_cloudmask/dataset_cropped/10_Metas/22/16/20191022163000_00160.png,36.5,0,36.9,11.1,952
10/22/2019 16:31,datasets/dataset_cropped/10_Metas/22/16/20191022163100_00160.jpg,datasets_flow/dataset_cropped/10_Metas/22/16/20191022163100_00160.jpg,datasets_cloudmask/dataset_cropped/10_Metas/22/16/20191022163100_00160.png,36.7,0,37.1,11.1,952
10/22/2019 16:32,datasets/dataset_cropped/10_Metas/22/16/20191022163200_00160.jpg,datasets_flow/dataset_cropped/10_Metas/22/16/20191022163200_00160.jpg,datasets_cloudmask/dataset_cropped/10_Metas/22/16/20191022163200_00160.png,37.3,0,37.8,11,952
10/22/2019 16:33,datasets/dataset_cropped/10_Metas/22/16/20191022163300_00160.jpg,datasets_flow/dataset_cropped/10_Metas/22/16/20191022163300_00160.jpg,datasets_cloudmask/dataset_cropped/10_Metas/22/16/20191022163300_00160.png,38,0,38.5,10.9,952
10/22/2019 16:34,datasets/dataset_cropped/10_Metas/22/16/20191022163400_00160.jpg,datasets_flow/dataset_cropped/10_Metas/22/16/20191022163400_00160.jpg,datasets_cloudmask/dataset_cropped/10_Metas/22/16/20191022163400_00160.png,39.1,0,39.4,10.9,952
10/22/2019 16:35,datasets/dataset_cropped/10_Metas/22/16/20191022163500_00160.jpg,datasets_flow/dataset_cropped/10_Metas/22/16/20191022163500_00160.jpg,datasets_cloudmask/dataset_cropped/10_Metas/22/16/20191022163500_00160.png,40,0,40.2,10.9,952
10/22/2019 16:36,datasets/dataset_cropped/10_Metas/22/16/20191022163600_00160.jpg,datasets_flow/dataset_cropped/10_Metas/22/16/20191022163600_00160.jpg,datasets_cloudmask/dataset_cropped/10_Metas/22/16/20191022163600_00160.png,40.9,0,41.1,11,952
10/22/2019 16:37,datasets/dataset_cropped/10_Metas/22/16/20191022163700_00160.jpg,datasets_flow/dataset_cropped/10_Metas/22/16/20191022163700_00160.jpg,datasets_cloudmask/dataset_cropped/10_Metas/22/16/20191022163700_00160.png,41.5,0,41.7,10.9,952
10/22/2019 16:38,datasets/dataset_cropped/10_Metas/22/16/20191022163800_00160.jpg,datasets_flow/dataset_cropped/10_Metas/22/16/20191022163800_00160.jpg,datasets_cloudmask/dataset_cropped/10_Metas/22/16/20191022163800_00160.png,41.7,0,41.9,11,952
10/22/2019 16:39,datasets/dataset_cropped/10_Metas/22/16/20191022163900_00160.jpg,datasets_flow/dataset_cropped/10_Metas/22/16/20191022163900_00160.jpg,datasets_cloudmask/dataset_cropped/10_Metas/22/16/20191022163900_00160.png,41.1,0,41.3,11,952
10/22/2019 16:40,datasets/dataset_cropped/10_Metas/22/16/20191022164000_00160.jpg,datasets_flow/dataset_cropped/10_Metas/22/16/20191022164000_00160.jpg,datasets_cloudmask/dataset_cropped/10_Metas/22/16/20191022164000_00160.png,40.8,0,40.8,11,952
10/22/2019 16:41,datasets/dataset_cropped/10_Metas/22/16/20191022164100_00160.jpg,datasets_flow/dataset_cropped/10_Metas/22/16/20191022164100_00160.jpg,datasets_cloudmask/dataset_cropped/10_Metas/22/16/20191022164100_00160.png,40.4,0,40.4,11,952
10/22/2019 16:42,datasets/dataset_cropped/10_Metas/22/16/20191022164200_00160.jpg,datasets_flow/dataset_cropped/10_Metas/22/16/20191022164200_00160.jpg,datasets_cloudmask/dataset_cropped/10_Metas/22/16/20191022164200_00160.png,39.8,0,39.9,11,952
10/22/2019 16:43,datasets/dataset_cropped/10_Metas/22/16/20191022164300_00160.jpg,datasets_flow/dataset_cropped/10_Metas/22/16/20191022164300_00160.jpg,datasets_cloudmask/dataset_cropped/10_Metas/22/16/20191022164300_00160.png,39.1,0,39.1,11,952
10/22/2019 16:44,datasets/dataset_cropped/10_Metas/22/16/20191022164400_00160.jpg,datasets_flow/dataset_cropped/10_Metas/22/16/20191022164400_00160.jpg,datasets_cloudmask/dataset_cropped/10_Metas/22/16/20191022164400_00160.png,38.1,0,38.1,11.1,952
10/22/2019 16:45,datasets/dataset_cropped/10_Metas/22/16/20191022164500_00160.jpg,datasets_flow/dataset_cropped/10_Metas/22/16/20191022164500_00160.jpg,datasets_cloudmask/dataset_cropped/10_Metas/22/16/20191022164500_00160.png,36.9,0,37,11.1,952
10/22/2019 16:46,datasets/dataset_cropped/10_Metas/22/16/20191022164600_00160.jpg,datasets_flow/dataset_cropped/10_Metas/22/16/20191022164600_00160.jpg,datasets_cloudmask/dataset_cropped/10_Metas/22/16/20191022164600_00160.png,35.9,0,36,11,952
10/22/2019 16:47,datasets/dataset_cropped/10_Metas/22/16/20191022164700_00160.jpg,datasets_flow/dataset_cropped/10_Metas/22/16/20191022164700_00160.jpg,datasets_cloudmask/dataset_cropped/10_Metas/22/16/20191022164700_00160.png,35.2,0,35.3,10.9,952
10/22/2019 16:48,datasets/dataset_cropped/10_Metas/22/16/20191022164800_00160.jpg,datasets_flow/dataset_cropped/10_Metas/22/16/20191022164800_00160.jpg,datasets_cloudmask/dataset_cropped/10_Metas/22/16/20191022164800_00160.png,34.4,0,34.4,10.9,952
10/22/2019 16:49,datasets/dataset_cropped/10_Metas/22/16/20191022164900_00160.jpg,datasets_flow/dataset_cropped/10_Metas/22/16/20191022164900_00160.jpg,datasets_cloudmask/dataset_cropped/10_Metas/22/16/20191022164900_00160.png,33.3,0,33.4,10.9,952
10/22/2019 16:50,datasets/dataset_cropped/10_Metas/22/16/20191022165000_00160.jpg,datasets_flow/dataset_cropped/10_Metas/22/16/20191022165000_00160.jpg,datasets_cloudmask/dataset_cropped/10_Metas/22/16/20191022165000_00160.png,31.6,0,31.8,10.8,952
10/22/2019 16:51,datasets/dataset_cropped/10_Metas/22/16/20191022165100_00160.jpg,datasets_flow/dataset_cropped/10_Metas/22/16/20191022165100_00160.jpg,datasets_cloudmask/dataset_cropped/10_Metas/22/16/20191022165100_00160.png,28.9,0,29.1,10.8,952
10/22/2019 16:52,datasets/dataset_cropped/10_Metas/22/16/20191022165200_00160.jpg,datasets_flow/dataset_cropped/10_Metas/22/16/20191022165200_00160.jpg,datasets_cloudmask/dataset_cropped/10_Metas/22/16/20191022165200_00160.png,25.5,0,25.6,10.8,952
10/22/2019 16:53,datasets/dataset_cropped/10_Metas/22/16/20191022165300_00160.jpg,datasets_flow/dataset_cropped/10_Metas/22/16/20191022165300_00160.jpg,datasets_cloudmask/dataset_cropped/10_Metas/22/16/20191022165300_00160.png,21.9,0,22,10.8,952
10/22/2019 16:54,datasets/dataset_cropped/10_Metas/22/16/20191022165400_00160.jpg,datasets_flow/dataset_cropped/10_Metas/22/16/20191022165400_00160.jpg,datasets_cloudmask/dataset_cropped/10_Metas/22/16/20191022165400_00160.png,18.7,0,18.6,10.9,952
10/22/2019 16:55,datasets/dataset_cropped/10_Metas/22/16/20191022165500_00160.jpg,datasets_flow/dataset_cropped/10_Metas/22/16/20191022165500_00160.jpg,datasets_cloudmask/dataset_cropped/10_Metas/22/16/20191022165500_00160.png,16,0,15.9,10.9,952
10/22/2019 16:56,datasets/dataset_cropped/10_Metas/22/16/20191022165600_00160.jpg,datasets_flow/dataset_cropped/10_Metas/22/16/20191022165600_00160.jpg,datasets_cloudmask/dataset_cropped/10_Metas/22/16/20191022165600_00160.png,13.7,0,13.7,10.8,952
10/22/2019 16:57,datasets/dataset_cropped/10_Metas/22/16/20191022165700_00160.jpg,datasets_flow/dataset_cropped/10_Metas/22/16/20191022165700_00160.jpg,datasets_cloudmask/dataset_cropped/10_Metas/22/16/20191022165700_00160.png,11.5,0.1,11.4,10.9,952
10/22/2019 16:58,datasets/dataset_cropped/10_Metas/22/16/20191022165800_00160.jpg,datasets_flow/dataset_cropped/10_Metas/22/16/20191022165800_00160.jpg,datasets_cloudmask/dataset_cropped/10_Metas/22/16/20191022165800_00160.png,12.1,0.2,12,11,952
10/22/2019 16:59,datasets/dataset_cropped/10_Metas/22/16/20191022165900_00160.jpg,datasets_flow/dataset_cropped/10_Metas/22/16/20191022165900_00160.jpg,datasets_cloudmask/dataset_cropped/10_Metas/22/16/20191022165900_00160.png,12.8,0.2,12.7,11,952
10/22/2019 17:00,datasets/dataset_cropped/10_Metas/22/17/20191022170000_00160.jpg,datasets_flow/dataset_cropped/10_Metas/22/17/20191022170000_00160.jpg,datasets_cloudmask/dataset_cropped/10_Metas/22/17/20191022170000_00160.png,13.4,0.2,13.4,11.1,952
10/22/2019 17:01,datasets/dataset_cropped/10_Metas/22/17/20191022170100_00160.jpg,datasets_flow/dataset_cropped/10_Metas/22/17/20191022170100_00160.jpg,datasets_cloudmask/dataset_cropped/10_Metas/22/17/20191022170100_00160.png,14,0.3,14,11.2,952
10/22/2019 17:02,datasets/dataset_cropped/10_Metas/22/17/20191022170200_00160.jpg,datasets_flow/dataset_cropped/10_Metas/22/17/20191022170200_00160.jpg,datasets_cloudmask/dataset_cropped/10_Metas/22/17/20191022170200_00160.png,17,0.3,17,11.2,953
10/22/2019 17:03,datasets/dataset_cropped/10_Metas/22/17/20191022170300_00160.jpg,datasets_flow/dataset_cropped/10_Metas/22/17/20191022170300_00160.jpg,datasets_cloudmask/dataset_cropped/10_Metas/22/17/20191022170300_00160.png,18.3,0.2,18.4,11.1,952
10/22/2019 17:04,datasets/dataset_cropped/10_Metas/22/17/20191022170400_00160.jpg,datasets_flow/dataset_cropped/10_Metas/22/17/20191022170400_00160.jpg,datasets_cloudmask/dataset_cropped/10_Metas/22/17/20191022170400_00160.png,17.9,0.1,17.9,11.1,952
10/22/2019 17:05,datasets/dataset_cropped/10_Metas/22/17/20191022170500_00160.jpg,datasets_flow/dataset_cropped/10_Metas/22/17/20191022170500_00160.jpg,datasets_cloudmask/dataset_cropped/10_Metas/22/17/20191022170500_00160.png,17.2,0,17.3,11,953
10/22/2019 17:06,datasets/dataset_cropped/10_Metas/22/17/20191022170600_00160.jpg,datasets_flow/dataset_cropped/10_Metas/22/17/20191022170600_00160.jpg,datasets_cloudmask/dataset_cropped/10_Metas/22/17/20191022170600_00160.png,16.6,0,16.6,11.1,953
10/22/2019 17:07,datasets/dataset_cropped/10_Metas/22/17/20191022170700_00160.jpg,datasets_flow/dataset_cropped/10_Metas/22/17/20191022170700_00160.jpg,datasets_cloudmask/dataset_cropped/10_Metas/22/17/20191022170700_00160.png,16.3,0,16.3,11.1,953
10/22/2019 17:08,datasets/dataset_cropped/10_Metas/22/17/20191022170800_00160.jpg,datasets_flow/dataset_cropped/10_Metas/22/17/20191022170800_00160.jpg,datasets_cloudmask/dataset_cropped/10_Metas/22/17/20191022170800_00160.png,16.4,0,16.4,11,952
10/22/2019 17:09,datasets/dataset_cropped/10_Metas/22/17/20191022170900_00160.jpg,datasets_flow/dataset_cropped/10_Metas/22/17/20191022170900_00160.jpg,datasets_cloudmask/dataset_cropped/10_Metas/22/17/20191022170900_00160.png,16.7,0,16.7,11,953
10/22/2019 17:10,datasets/dataset_cropped/10_Metas/22/17/20191022171000_00160.jpg,datasets_flow/dataset_cropped/10_Metas/22/17/20191022171000_00160.jpg,datasets_cloudmask/dataset_cropped/10_Metas/22/17/20191022171000_00160.png,17.4,0,17.5,11.1,953
10/22/2019 17:11,datasets/dataset_cropped/10_Metas/22/17/20191022171100_00160.jpg,datasets_flow/dataset_cropped/10_Metas/22/17/20191022171100_00160.jpg,datasets_cloudmask/dataset_cropped/10_Metas/22/17/20191022171100_00160.png,18.2,0,18.3,11.1,953
10/22/2019 17:12,datasets/dataset_cropped/10_Metas/22/17/20191022171200_00160.jpg,datasets_flow/dataset_cropped/10_Metas/22/17/20191022171200_00160.jpg,datasets_cloudmask/dataset_cropped/10_Metas/22/17/20191022171200_00160.png,19,0,19,11,953
10/22/2019 17:13,datasets/dataset_cropped/10_Metas/22/17/20191022171300_00160.jpg,datasets_flow/dataset_cropped/10_Metas/22/17/20191022171300_00160.jpg,datasets_cloudmask/dataset_cropped/10_Metas/22/17/20191022171300_00160.png,19.3,0,19.4,11,952
10/22/2019 17:14,datasets/dataset_cropped/10_Metas/22/17/20191022171400_00160.jpg,datasets_flow/dataset_cropped/10_Metas/22/17/20191022171400_00160.jpg,datasets_cloudmask/dataset_cropped/10_Metas/22/17/20191022171400_00160.png,19,0,19.1,11,952
10/22/2019 17:15,datasets/dataset_cropped/10_Metas/22/17/20191022171500_00160.jpg,datasets_flow/dataset_cropped/10_Metas/22/17/20191022171500_00160.jpg,datasets_cloudmask/dataset_cropped/10_Metas/22/17/20191022171500_00160.png,18.2,0,18.3,10.9,953
10/22/2019 17:16,datasets/dataset_cropped/10_Metas/22/17/20191022171600_00160.jpg,datasets_flow/dataset_cropped/10_Metas/22/17/20191022171600_00160.jpg,datasets_cloudmask/dataset_cropped/10_Metas/22/17/20191022171600_00160.png,17.3,0,17.4,10.9,952
10/22/2019 17:17,datasets/dataset_cropped/10_Metas/22/17/20191022171700_00160.jpg,datasets_flow/dataset_cropped/10_Metas/22/17/20191022171700_00160.jpg,datasets_cloudmask/dataset_cropped/10_Metas/22/17/20191022171700_00160.png,16.4,0,16.5,10.9,952
10/22/2019 17:18,datasets/dataset_cropped/10_Metas/22/17/20191022171800_00160.jpg,datasets_flow/dataset_cropped/10_Metas/22/17/20191022171800_00160.jpg,datasets_cloudmask/dataset_cropped/10_Metas/22/17/20191022171800_00160.png,15.7,0,15.7,10.9,952
10/22/2019 17:19,datasets/dataset_cropped/10_Metas/22/17/20191022171900_00160.jpg,datasets_flow/dataset_cropped/10_Metas/22/17/20191022171900_00160.jpg,datasets_cloudmask/dataset_cropped/10_Metas/22/17/20191022171900_00160.png,15.1,0,15.2,10.9,952
10/22/2019 17:20,datasets/dataset_cropped/10_Metas/22/17/20191022172000_00160.jpg,datasets_flow/dataset_cropped/10_Metas/22/17/20191022172000_00160.jpg,datasets_cloudmask/dataset_cropped/10_Metas/22/17/20191022172000_00160.png,14,0,14,10.9,952
10/22/2019 17:21,datasets/dataset_cropped/10_Metas/22/17/20191022172100_00160.jpg,datasets_flow/dataset_cropped/10_Metas/22/17/20191022172100_00160.jpg,datasets_cloudmask/dataset_cropped/10_Metas/22/17/20191022172100_00160.png,12.2,0,12.2,10.9,953
10/22/2019 17:22,datasets/dataset_cropped/10_Metas/22/17/20191022172200_00160.jpg,datasets_flow/dataset_cropped/10_Metas/22/17/20191022172200_00160.jpg,datasets_cloudmask/dataset_cropped/10_Metas/22/17/20191022172200_00160.png,11.2,0,11.2,10.9,952
10/22/2019 17:23,datasets/dataset_cropped/10_Metas/22/17/20191022172300_00160.jpg,datasets_flow/dataset_cropped/10_Metas/22/17/20191022172300_00160.jpg,datasets_cloudmask/dataset_cropped/10_Metas/22/17/20191022172300_00160.png,11.1,0,11.1,11,952
10/22/2019 17:24,datasets/dataset_cropped/10_Metas/22/17/20191022172400_00160.jpg,datasets_flow/dataset_cropped/10_Metas/22/17/20191022172400_00160.jpg,datasets_cloudmask/dataset_cropped/10_Metas/22/17/20191022172400_00160.png,11.2,0,11.2,11,953
10/22/2019 17:25,datasets/dataset_cropped/10_Metas/22/17/20191022172500_00160.jpg,datasets_flow/dataset_cropped/10_Metas/22/17/20191022172500_00160.jpg,datasets_cloudmask/dataset_cropped/10_Metas/22/17/20191022172500_00160.png,10.9,0,10.8,11,953
10/22/2019 17:26,datasets/dataset_cropped/10_Metas/22/17/20191022172600_00160.jpg,datasets_flow/dataset_cropped/10_Metas/22/17/20191022172600_00160.jpg,datasets_cloudmask/dataset_cropped/10_Metas/22/17/20191022172600_00160.png,10.2,0,10.2,11.1,952
10/22/2019 17:27,datasets/dataset_cropped/10_Metas/22/17/20191022172700_00160.jpg,datasets_flow/dataset_cropped/10_Metas/22/17/20191022172700_00160.jpg,datasets_cloudmask/dataset_cropped/10_Metas/22/17/20191022172700_00160.png,9.5,0,9.5,11,953
10/22/2019 17:28,datasets/dataset_cropped/10_Metas/22/17/20191022172800_00160.jpg,datasets_flow/dataset_cropped/10_Metas/22/17/20191022172800_00160.jpg,datasets_cloudmask/dataset_cropped/10_Metas/22/17/20191022172800_00160.png,8.6,0,8.6,11,953
10/22/2019 17:29,datasets/dataset_cropped/10_Metas/22/17/20191022172900_00160.jpg,datasets_flow/dataset_cropped/10_Metas/22/17/20191022172900_00160.jpg,datasets_cloudmask/dataset_cropped/10_Metas/22/17/20191022172900_00160.png,7.7,0,7.6,11,953
10/22/2019 17:30,datasets/dataset_cropped/10_Metas/22/17/20191022173000_00160.jpg,datasets_flow/dataset_cropped/10_Metas/22/17/20191022173000_00160.jpg,datasets_cloudmask/dataset_cropped/10_Metas/22/17/20191022173000_00160.png,7.6,0,7.5,11,953
10/22/2019 17:31,datasets/dataset_cropped/10_Metas/22/17/20191022173100_00160.jpg,datasets_flow/dataset_cropped/10_Metas/22/17/20191022173100_00160.jpg,datasets_cloudmask/dataset_cropped/10_Metas/22/17/20191022173100_00160.png,7.4,0,7.3,11,953
10/22/2019 17:32,datasets/dataset_cropped/10_Metas/22/17/20191022173200_00160.jpg,datasets_flow/dataset_cropped/10_Metas/22/17/20191022173200_00160.jpg,datasets_cloudmask/dataset_cropped/10_Metas/22/17/20191022173200_00160.png,7.3,0,7.2,11,952.9
10/22/2019 17:33,datasets/dataset_cropped/10_Metas/22/17/20191022173300_00160.jpg,datasets_flow/dataset_cropped/10_Metas/22/17/20191022173300_00160.jpg,datasets_cloudmask/dataset_cropped/10_Metas/22/17/20191022173300_00160.png,7.1,0,7,11,952.9
10/22/2019 17:34,datasets/dataset_cropped/10_Metas/22/17/20191022173400_00160.jpg,datasets_flow/dataset_cropped/10_Metas/22/17/20191022173400_00160.jpg,datasets_cloudmask/dataset_cropped/10_Metas/22/17/20191022173400_00160.png,7,0,6.9,11,952.9
10/22/2019 17:35,datasets/dataset_cropped/10_Metas/22/17/20191022173500_00160.jpg,datasets_flow/dataset_cropped/10_Metas/22/17/20191022173500_00160.jpg,datasets_cloudmask/dataset_cropped/10_Metas/22/17/20191022173500_00160.png,6.8,0,6.7,11,952.9
10/22/2019 17:36,datasets/dataset_cropped/10_Metas/22/17/20191022173600_00160.jpg,datasets_flow/dataset_cropped/10_Metas/22/17/20191022173600_00160.jpg,datasets_cloudmask/dataset_cropped/10_Metas/22/17/20191022173600_00160.png,6.7,0,6.6,10.9,952.9
10/22/2019 17:37,datasets/dataset_cropped/10_Metas/22/17/20191022173700_00160.jpg,datasets_flow/dataset_cropped/10_Metas/22/17/20191022173700_00160.jpg,datasets_cloudmask/dataset_cropped/10_Metas/22/17/20191022173700_00160.png,6.5,0,6.5,10.9,952.8
10/22/2019 17:38,datasets/dataset_cropped/10_Metas/22/17/20191022173800_00160.jpg,datasets_flow/dataset_cropped/10_Metas/22/17/20191022173800_00160.jpg,datasets_cloudmask/dataset_cropped/10_Metas/22/17/20191022173800_00160.png,6.4,0,6.3,10.9,952.8
10/22/2019 17:39,datasets/dataset_cropped/10_Metas/22/17/20191022173900_00160.jpg,datasets_flow/dataset_cropped/10_Metas/22/17/20191022173900_00160.jpg,datasets_cloudmask/dataset_cropped/10_Metas/22/17/20191022173900_00160.png,6.2,0,6.2,10.9,952.8
10/22/2019 17:40,datasets/dataset_cropped/10_Metas/22/17/20191022174000_00160.jpg,datasets_flow/dataset_cropped/10_Metas/22/17/20191022174000_00160.jpg,datasets_cloudmask/dataset_cropped/10_Metas/22/17/20191022174000_00160.png,6.1,0,6,10.9,952.8
10/22/2019 17:41,datasets/dataset_cropped/10_Metas/22/17/20191022174100_00160.jpg,datasets_flow/dataset_cropped/10_Metas/22/17/20191022174100_00160.jpg,datasets_cloudmask/dataset_cropped/10_Metas/22/17/20191022174100_00160.png,6,0,5.9,10.9,952.8
10/22/2019 17:42,datasets/dataset_cropped/10_Metas/22/17/20191022174200_00160.jpg,datasets_flow/dataset_cropped/10_Metas/22/17/20191022174200_00160.jpg,datasets_cloudmask/dataset_cropped/10_Metas/22/17/20191022174200_00160.png,5.8,0,5.7,10.9,952.8
10/22/2019 17:43,datasets/dataset_cropped/10_Metas/22/17/20191022174300_00160.jpg,datasets_flow/dataset_cropped/10_Metas/22/17/20191022174300_00160.jpg,datasets_cloudmask/dataset_cropped/10_Metas/22/17/20191022174300_00160.png,5.7,0,5.6,10.9,952.7
10/22/2019 17:44,datasets/dataset_cropped/10_Metas/22/17/20191022174400_00160.jpg,datasets_flow/dataset_cropped/10_Metas/22/17/20191022174400_00160.jpg,datasets_cloudmask/dataset_cropped/10_Metas/22/17/20191022174400_00160.png,5.5,0,5.4,10.9,952.7
10/22/2019 17:45,datasets/dataset_cropped/10_Metas/22/17/20191022174500_00160.jpg,datasets_flow/dataset_cropped/10_Metas/22/17/20191022174500_00160.jpg,datasets_cloudmask/dataset_cropped/10_Metas/22/17/20191022174500_00160.png,5.4,0,5.3,10.9,952.7
10/22/2019 17:46,datasets/dataset_cropped/10_Metas/22/17/20191022174600_00160.jpg,datasets_flow/dataset_cropped/10_Metas/22/17/20191022174600_00160.jpg,datasets_cloudmask/dataset_cropped/10_Metas/22/17/20191022174600_00160.png,5.2,0,5.2,10.9,952.7
10/22/2019 17:47,datasets/dataset_cropped/10_Metas/22/17/20191022174700_00160.jpg,datasets_flow/dataset_cropped/10_Metas/22/17/20191022174700_00160.jpg,datasets_cloudmask/dataset_cropped/10_Metas/22/17/20191022174700_00160.png,5.1,0,5,10.9,952.7
10/22/2019 17:48,datasets/dataset_cropped/10_Metas/22/17/20191022174800_00160.jpg,datasets_flow/dataset_cropped/10_Metas/22/17/20191022174800_00160.jpg,datasets_cloudmask/dataset_cropped/10_Metas/22/17/20191022174800_00160.png,4.9,0,4.9,10.9,952.6
10/22/2019 17:49,datasets/dataset_cropped/10_Metas/22/17/20191022174900_00160.jpg,datasets_flow/dataset_cropped/10_Metas/22/17/20191022174900_00160.jpg,datasets_cloudmask/dataset_cropped/10_Metas/22/17/20191022174900_00160.png,4.8,0,4.7,10.8,952.6
10/22/2019 17:50,datasets/dataset_cropped/10_Metas/22/17/20191022175000_00160.jpg,datasets_flow/dataset_cropped/10_Metas/22/17/20191022175000_00160.jpg,datasets_cloudmask/dataset_cropped/10_Metas/22/17/20191022175000_00160.png,4.6,0,4.6,10.8,952.6
10/22/2019 17:51,datasets/dataset_cropped/10_Metas/22/17/20191022175100_00160.jpg,datasets_flow/dataset_cropped/10_Metas/22/17/20191022175100_00160.jpg,datasets_cloudmask/dataset_cropped/10_Metas/22/17/20191022175100_00160.png,4.5,0,4.4,10.8,952.6
10/22/2019 17:52,datasets/dataset_cropped/10_Metas/22/17/20191022175200_00160.jpg,datasets_flow/dataset_cropped/10_Metas/22/17/20191022175200_00160.jpg,datasets_cloudmask/dataset_cropped/10_Metas/22/17/20191022175200_00160.png,4.4,0,4.3,10.8,952.6
10/22/2019 17:53,datasets/dataset_cropped/10_Metas/22/17/20191022175300_00160.jpg,datasets_flow/dataset_cropped/10_Metas/22/17/20191022175300_00160.jpg,datasets_cloudmask/dataset_cropped/10_Metas/22/17/20191022175300_00160.png,4.2,0,4.2,10.8,952.5
10/22/2019 17:54,datasets/dataset_cropped/10_Metas/22/17/20191022175400_00160.jpg,datasets_flow/dataset_cropped/10_Metas/22/17/20191022175400_00160.jpg,datasets_cloudmask/dataset_cropped/10_Metas/22/17/20191022175400_00160.png,4.1,0,4,10.8,952.5
10/22/2019 17:55,datasets/dataset_cropped/10_Metas/22/17/20191022175500_00160.jpg,datasets_flow/dataset_cropped/10_Metas/22/17/20191022175500_00160.jpg,datasets_cloudmask/dataset_cropped/10_Metas/22/17/20191022175500_00160.png,3.9,0,3.9,10.8,952.5
10/22/2019 17:56,datasets/dataset_cropped/10_Metas/22/17/20191022175600_00160.jpg,datasets_flow/dataset_cropped/10_Metas/22/17/20191022175600_00160.jpg,datasets_cloudmask/dataset_cropped/10_Metas/22/17/20191022175600_00160.png,3.8,0,3.7,10.8,952.5
10/22/2019 17:57,datasets/dataset_cropped/10_Metas/22/17/20191022175700_00160.jpg,datasets_flow/dataset_cropped/10_Metas/22/17/20191022175700_00160.jpg,datasets_cloudmask/dataset_cropped/10_Metas/22/17/20191022175700_00160.png,3.6,0,3.6,10.8,952.5
10/22/2019 17:58,datasets/dataset_cropped/10_Metas/22/17/20191022175800_00160.jpg,datasets_flow/dataset_cropped/10_Metas/22/17/20191022175800_00160.jpg,datasets_cloudmask/dataset_cropped/10_Metas/22/17/20191022175800_00160.png,3.5,0,3.4,10.8,952.5
10/22/2019 17:59,datasets/dataset_cropped/10_Metas/22/17/20191022175900_00160.jpg,datasets_flow/dataset_cropped/10_Metas/22/17/20191022175900_00160.jpg,datasets_cloudmask/dataset_cropped/10_Metas/22/17/20191022175900_00160.png,3.3,0,3.3,10.8,952.4
10/22/2019 18:00,datasets/dataset_cropped/10_Metas/22/18/20191022180000_00160.jpg,datasets_flow/dataset_cropped/10_Metas/22/18/20191022180000_00160.jpg,datasets_cloudmask/dataset_cropped/10_Metas/22/18/20191022180000_00160.png,3.2,0,3.2,10.8,952.4
10/22/2019 18:01,datasets/dataset_cropped/10_Metas/22/18/20191022180100_00160.jpg,datasets_flow/dataset_cropped/10_Metas/22/18/20191022180100_00160.jpg,datasets_cloudmask/dataset_cropped/10_Metas/22/18/20191022180100_00160.png,3.1,0,3,10.8,952.4
10/22/2019 18:02,datasets/dataset_cropped/10_Metas/22/18/20191022180200_00160.jpg,datasets_flow/dataset_cropped/10_Metas/22/18/20191022180200_00160.jpg,datasets_cloudmask/dataset_cropped/10_Metas/22/18/20191022180200_00160.png,2.9,0,2.9,10.8,952.4
10/22/2019 18:03,datasets/dataset_cropped/10_Metas/22/18/20191022180300_00160.jpg,datasets_flow/dataset_cropped/10_Metas/22/18/20191022180300_00160.jpg,datasets_cloudmask/dataset_cropped/10_Metas/22/18/20191022180300_00160.png,2.8,0,2.7,10.7,952.4
10/22/2019 18:04,datasets/dataset_cropped/10_Metas/22/18/20191022180400_00160.jpg,datasets_flow/dataset_cropped/10_Metas/22/18/20191022180400_00160.jpg,datasets_cloudmask/dataset_cropped/10_Metas/22/18/20191022180400_00160.png,2.6,0,2.6,10.7,952.3
10/22/2019 18:05,datasets/dataset_cropped/10_Metas/22/18/20191022180500_00160.jpg,datasets_flow/dataset_cropped/10_Metas/22/18/20191022180500_00160.jpg,datasets_cloudmask/dataset_cropped/10_Metas/22/18/20191022180500_00160.png,2.5,0,2.4,10.7,952.3
10/22/2019 18:06,datasets/dataset_cropped/10_Metas/22/18/20191022180600_00160.jpg,datasets_flow/dataset_cropped/10_Metas/22/18/20191022180600_00160.jpg,datasets_cloudmask/dataset_cropped/10_Metas/22/18/20191022180600_00160.png,2.3,0,2.3,10.7,952.3
10/22/2019 18:07,datasets/dataset_cropped/10_Metas/22/18/20191022180700_00160.jpg,datasets_flow/dataset_cropped/10_Metas/22/18/20191022180700_00160.jpg,datasets_cloudmask/dataset_cropped/10_Metas/22/18/20191022180700_00160.png,2.2,0,2.2,10.7,952.3
10/22/2019 18:08,datasets/dataset_cropped/10_Metas/22/18/20191022180800_00160.jpg,datasets_flow/dataset_cropped/10_Metas/22/18/20191022180800_00160.jpg,datasets_cloudmask/dataset_cropped/10_Metas/22/18/20191022180800_00160.png,2,0,2,10.7,952.3
10/22/2019 18:09,datasets/dataset_cropped/10_Metas/22/18/20191022180900_00160.jpg,datasets_flow/dataset_cropped/10_Metas/22/18/20191022180900_00160.jpg,datasets_cloudmask/dataset_cropped/10_Metas/22/18/20191022180900_00160.png,1.9,0,1.9,10.7,952.2
10/22/2019 18:10,datasets/dataset_cropped/10_Metas/22/18/20191022181000_00160.jpg,datasets_flow/dataset_cropped/10_Metas/22/18/20191022181000_00160.jpg,datasets_cloudmask/dataset_cropped/10_Metas/22/18/20191022181000_00160.png,1.7,0,1.7,10.7,952.2
10/22/2019 18:11,datasets/dataset_cropped/10_Metas/22/18/20191022181100_00160.jpg,datasets_flow/dataset_cropped/10_Metas/22/18/20191022181100_00160.jpg,datasets_cloudmask/dataset_cropped/10_Metas/22/18/20191022181100_00160.png,1.6,0,1.6,10.7,952.2
10/22/2019 18:12,datasets/dataset_cropped/10_Metas/22/18/20191022181200_00160.jpg,datasets_flow/dataset_cropped/10_Metas/22/18/20191022181200_00160.jpg,datasets_cloudmask/dataset_cropped/10_Metas/22/18/20191022181200_00160.png,1.5,0,1.4,10.7,952.2
10/22/2019 18:13,datasets/dataset_cropped/10_Metas/22/18/20191022181300_00160.jpg,datasets_flow/dataset_cropped/10_Metas/22/18/20191022181300_00160.jpg,datasets_cloudmask/dataset_cropped/10_Metas/22/18/20191022181300_00160.png,1.3,0,1.3,10.7,952.2
10/22/2019 18:14,datasets/dataset_cropped/10_Metas/22/18/20191022181400_00160.jpg,datasets_flow/dataset_cropped/10_Metas/22/18/20191022181400_00160.jpg,datasets_cloudmask/dataset_cropped/10_Metas/22/18/20191022181400_00160.png,1.2,0,1.1,10.7,952.2
10/22/2019 18:15,datasets/dataset_cropped/10_Metas/22/18/20191022181500_00160.jpg,datasets_flow/dataset_cropped/10_Metas/22/18/20191022181500_00160.jpg,datasets_cloudmask/dataset_cropped/10_Metas/22/18/20191022181500_00160.png,1,0,1,10.7,952.1
10/22/2019 18:16,datasets/dataset_cropped/10_Metas/22/18/20191022181600_00160.jpg,datasets_flow/dataset_cropped/10_Metas/22/18/20191022181600_00160.jpg,datasets_cloudmask/dataset_cropped/10_Metas/22/18/20191022181600_00160.png,0.9,0,0.9,10.6,952.1
10/22/2019 18:17,datasets/dataset_cropped/10_Metas/22/18/20191022181700_00160.jpg,datasets_flow/dataset_cropped/10_Metas/22/18/20191022181700_00160.jpg,datasets_cloudmask/dataset_cropped/10_Metas/22/18/20191022181700_00160.png,0.7,0,0.7,10.6,952.1
10/22/2019 18:18,datasets/dataset_cropped/10_Metas/22/18/20191022181800_00160.jpg,datasets_flow/dataset_cropped/10_Metas/22/18/20191022181800_00160.jpg,datasets_cloudmask/dataset_cropped/10_Metas/22/18/20191022181800_00160.png,0.6,0,0.6,10.6,952.1
10/22/2019 18:19,datasets/dataset_cropped/10_Metas/22/18/20191022181900_00160.jpg,datasets_flow/dataset_cropped/10_Metas/22/18/20191022181900_00160.jpg,datasets_cloudmask/dataset_cropped/10_Metas/22/18/20191022181900_00160.png,0.4,0,0.4,10.6,952.1
10/22/2019 18:20,datasets/dataset_cropped/10_Metas/22/18/20191022182000_00160.jpg,datasets_flow/dataset_cropped/10_Metas/22/18/20191022182000_00160.jpg,datasets_cloudmask/dataset_cropped/10_Metas/22/18/20191022182000_00160.png,0.3,0,0.3,10.6,952
10/22/2019 18:21,datasets/dataset_cropped/10_Metas/22/18/20191022182100_00160.jpg,datasets_flow/dataset_cropped/10_Metas/22/18/20191022182100_00160.jpg,datasets_cloudmask/dataset_cropped/10_Metas/22/18/20191022182100_00160.png,0.1,0,0.1,10.6,952
10/22/2019 18:22,datasets/dataset_cropped/10_Metas/22/18/20191022182200_00160.jpg,datasets_flow/dataset_cropped/10_Metas/22/18/20191022182200_00160.jpg,datasets_cloudmask/dataset_cropped/10_Metas/22/18/20191022182200_00160.png,0,0,0,10.6,952
10/23/2019 7:26,datasets/dataset_cropped/10_Metas/23/07/20191023072600_00160.jpg,datasets_flow/dataset_cropped/10_Metas/23/07/20191023072600_00160.jpg,datasets_cloudmask/dataset_cropped/10_Metas/23/07/20191023072600_00160.png,3.2,0,3.1,8,952
10/23/2019 7:27,datasets/dataset_cropped/10_Metas/23/07/20191023072700_00160.jpg,datasets_flow/dataset_cropped/10_Metas/23/07/20191023072700_00160.jpg,datasets_cloudmask/dataset_cropped/10_Metas/23/07/20191023072700_00160.png,3.7,0,3.5,8.1,952
10/23/2019 7:28,datasets/dataset_cropped/10_Metas/23/07/20191023072800_00160.jpg,datasets_flow/dataset_cropped/10_Metas/23/07/20191023072800_00160.jpg,datasets_cloudmask/dataset_cropped/10_Metas/23/07/20191023072800_00160.png,4.3,0,4.1,8.1,952
10/23/2019 7:29,datasets/dataset_cropped/10_Metas/23/07/20191023072900_00160.jpg,datasets_flow/dataset_cropped/10_Metas/23/07/20191023072900_00160.jpg,datasets_cloudmask/dataset_cropped/10_Metas/23/07/20191023072900_00160.png,4.9,0,4.7,8.1,952
10/23/2019 7:30,datasets/dataset_cropped/10_Metas/23/07/20191023073000_00160.jpg,datasets_flow/dataset_cropped/10_Metas/23/07/20191023073000_00160.jpg,datasets_cloudmask/dataset_cropped/10_Metas/23/07/20191023073000_00160.png,5.6,0,5.4,8.1,952
10/23/2019 7:31,datasets/dataset_cropped/10_Metas/23/07/20191023073100_00160.jpg,datasets_flow/dataset_cropped/10_Metas/23/07/20191023073100_00160.jpg,datasets_cloudmask/dataset_cropped/10_Metas/23/07/20191023073100_00160.png,6.3,0,6.1,8.1,953
10/23/2019 7:32,datasets/dataset_cropped/10_Metas/23/07/20191023073200_00160.jpg,datasets_flow/dataset_cropped/10_Metas/23/07/20191023073200_00160.jpg,datasets_cloudmask/dataset_cropped/10_Metas/23/07/20191023073200_00160.png,6.9,0,6.7,8.1,953
10/23/2019 7:33,datasets/dataset_cropped/10_Metas/23/07/20191023073300_00160.jpg,datasets_flow/dataset_cropped/10_Metas/23/07/20191023073300_00160.jpg,datasets_cloudmask/dataset_cropped/10_Metas/23/07/20191023073300_00160.png,7.5,0,7.3,8.2,952
10/23/2019 7:34,datasets/dataset_cropped/10_Metas/23/07/20191023073400_00160.jpg,datasets_flow/dataset_cropped/10_Metas/23/07/20191023073400_00160.jpg,datasets_cloudmask/dataset_cropped/10_Metas/23/07/20191023073400_00160.png,8.2,0,8,8.2,952
10/23/2019 7:35,datasets/dataset_cropped/10_Metas/23/07/20191023073500_00160.jpg,datasets_flow/dataset_cropped/10_Metas/23/07/20191023073500_00160.jpg,datasets_cloudmask/dataset_cropped/10_Metas/23/07/20191023073500_00160.png,8.9,0,8.7,8.2,952
10/23/2019 7:36,datasets/dataset_cropped/10_Metas/23/07/20191023073600_00160.jpg,datasets_flow/dataset_cropped/10_Metas/23/07/20191023073600_00160.jpg,datasets_cloudmask/dataset_cropped/10_Metas/23/07/20191023073600_00160.png,9.7,0,9.5,8.2,952
10/23/2019 7:37,datasets/dataset_cropped/10_Metas/23/07/20191023073700_00160.jpg,datasets_flow/dataset_cropped/10_Metas/23/07/20191023073700_00160.jpg,datasets_cloudmask/dataset_cropped/10_Metas/23/07/20191023073700_00160.png,10.6,0,10.3,8.1,952
10/23/2019 7:38,datasets/dataset_cropped/10_Metas/23/07/20191023073800_00160.jpg,datasets_flow/dataset_cropped/10_Metas/23/07/20191023073800_00160.jpg,datasets_cloudmask/dataset_cropped/10_Metas/23/07/20191023073800_00160.png,11.3,0,11.1,8.1,953
10/23/2019 7:39,datasets/dataset_cropped/10_Metas/23/07/20191023073900_00160.jpg,datasets_flow/dataset_cropped/10_Metas/23/07/20191023073900_00160.jpg,datasets_cloudmask/dataset_cropped/10_Metas/23/07/20191023073900_00160.png,12.2,0,12,8.1,952
10/23/2019 7:40,datasets/dataset_cropped/10_Metas/23/07/20191023074000_00160.jpg,datasets_flow/dataset_cropped/10_Metas/23/07/20191023074000_00160.jpg,datasets_cloudmask/dataset_cropped/10_Metas/23/07/20191023074000_00160.png,13,0.1,13,8.1,952
10/23/2019 7:41,datasets/dataset_cropped/10_Metas/23/07/20191023074100_00160.jpg,datasets_flow/dataset_cropped/10_Metas/23/07/20191023074100_00160.jpg,datasets_cloudmask/dataset_cropped/10_Metas/23/07/20191023074100_00160.png,14,0.7,14.1,8.1,952
10/23/2019 7:42,datasets/dataset_cropped/10_Metas/23/07/20191023074200_00160.jpg,datasets_flow/dataset_cropped/10_Metas/23/07/20191023074200_00160.jpg,datasets_cloudmask/dataset_cropped/10_Metas/23/07/20191023074200_00160.png,15,1.3,14.9,8.1,952
10/23/2019 7:43,datasets/dataset_cropped/10_Metas/23/07/20191023074300_00160.jpg,datasets_flow/dataset_cropped/10_Metas/23/07/20191023074300_00160.jpg,datasets_cloudmask/dataset_cropped/10_Metas/23/07/20191023074300_00160.png,15.9,1.9,15.7,8.1,952
10/23/2019 7:44,datasets/dataset_cropped/10_Metas/23/07/20191023074400_00160.jpg,datasets_flow/dataset_cropped/10_Metas/23/07/20191023074400_00160.jpg,datasets_cloudmask/dataset_cropped/10_Metas/23/07/20191023074400_00160.png,16.9,2.9,16.5,8.1,952
10/23/2019 7:45,datasets/dataset_cropped/10_Metas/23/07/20191023074500_00160.jpg,datasets_flow/dataset_cropped/10_Metas/23/07/20191023074500_00160.jpg,datasets_cloudmask/dataset_cropped/10_Metas/23/07/20191023074500_00160.png,18,5.1,17.5,8.2,952
10/23/2019 7:46,datasets/dataset_cropped/10_Metas/23/07/20191023074600_00160.jpg,datasets_flow/dataset_cropped/10_Metas/23/07/20191023074600_00160.jpg,datasets_cloudmask/dataset_cropped/10_Metas/23/07/20191023074600_00160.png,19.6,13,18.6,8.2,952
10/23/2019 7:47,datasets/dataset_cropped/10_Metas/23/07/20191023074700_00160.jpg,datasets_flow/dataset_cropped/10_Metas/23/07/20191023074700_00160.jpg,datasets_cloudmask/dataset_cropped/10_Metas/23/07/20191023074700_00160.png,22.6,40.7,19.7,8.3,953
10/23/2019 7:48,datasets/dataset_cropped/10_Metas/23/07/20191023074800_00160.jpg,datasets_flow/dataset_cropped/10_Metas/23/07/20191023074800_00160.jpg,datasets_cloudmask/dataset_cropped/10_Metas/23/07/20191023074800_00160.png,27.4,90.3,21.1,8.3,953
10/23/2019 7:49,datasets/dataset_cropped/10_Metas/23/07/20191023074900_00160.jpg,datasets_flow/dataset_cropped/10_Metas/23/07/20191023074900_00160.jpg,datasets_cloudmask/dataset_cropped/10_Metas/23/07/20191023074900_00160.png,33.7,160.8,22.2,8.3,953
10/23/2019 7:50,datasets/dataset_cropped/10_Metas/23/07/20191023075000_00160.jpg,datasets_flow/dataset_cropped/10_Metas/23/07/20191023075000_00160.jpg,datasets_cloudmask/dataset_cropped/10_Metas/23/07/20191023075000_00160.png,39.3,217,23.2,8.4,953
10/23/2019 7:51,datasets/dataset_cropped/10_Metas/23/07/20191023075100_00160.jpg,datasets_flow/dataset_cropped/10_Metas/23/07/20191023075100_00160.jpg,datasets_cloudmask/dataset_cropped/10_Metas/23/07/20191023075100_00160.png,43.3,248.6,24.2,8.5,953
10/23/2019 7:52,datasets/dataset_cropped/10_Metas/23/07/20191023075200_00160.jpg,datasets_flow/dataset_cropped/10_Metas/23/07/20191023075200_00160.jpg,datasets_cloudmask/dataset_cropped/10_Metas/23/07/20191023075200_00160.png,46.1,262.5,25,8.6,953
10/23/2019 7:53,datasets/dataset_cropped/10_Metas/23/07/20191023075300_00160.jpg,datasets_flow/dataset_cropped/10_Metas/23/07/20191023075300_00160.jpg,datasets_cloudmask/dataset_cropped/10_Metas/23/07/20191023075300_00160.png,48.6,271.4,26,8.6,953
10/23/2019 7:54,datasets/dataset_cropped/10_Metas/23/07/20191023075400_00160.jpg,datasets_flow/dataset_cropped/10_Metas/23/07/20191023075400_00160.jpg,datasets_cloudmask/dataset_cropped/10_Metas/23/07/20191023075400_00160.png,51.1,279.9,27,8.7,953
10/23/2019 7:55,datasets/dataset_cropped/10_Metas/23/07/20191023075500_00160.jpg,datasets_flow/dataset_cropped/10_Metas/23/07/20191023075500_00160.jpg,datasets_cloudmask/dataset_cropped/10_Metas/23/07/20191023075500_00160.png,53.7,289.4,27.9,8.7,953
10/23/2019 7:56,datasets/dataset_cropped/10_Metas/23/07/20191023075600_00160.jpg,datasets_flow/dataset_cropped/10_Metas/23/07/20191023075600_00160.jpg,datasets_cloudmask/dataset_cropped/10_Metas/23/07/20191023075600_00160.png,56.2,298.1,28.7,8.8,953
10/23/2019 7:57,datasets/dataset_cropped/10_Metas/23/07/20191023075700_00160.jpg,datasets_flow/dataset_cropped/10_Metas/23/07/20191023075700_00160.jpg,datasets_cloudmask/dataset_cropped/10_Metas/23/07/20191023075700_00160.png,58.5,305.8,29.3,8.9,953
10/23/2019 7:58,datasets/dataset_cropped/10_Metas/23/07/20191023075800_00160.jpg,datasets_flow/dataset_cropped/10_Metas/23/07/20191023075800_00160.jpg,datasets_cloudmask/dataset_cropped/10_Metas/23/07/20191023075800_00160.png,61,314.2,29.9,9,953
10/23/2019 7:59,datasets/dataset_cropped/10_Metas/23/07/20191023075900_00160.jpg,datasets_flow/dataset_cropped/10_Metas/23/07/20191023075900_00160.jpg,datasets_cloudmask/dataset_cropped/10_Metas/23/07/20191023075900_00160.png,63.6,322.9,30.7,9.1,953
10/23/2019 8:00,datasets/dataset_cropped/10_Metas/23/08/20191023080000_00160.jpg,datasets_flow/dataset_cropped/10_Metas/23/08/20191023080000_00160.jpg,datasets_cloudmask/dataset_cropped/10_Metas/23/08/20191023080000_00160.png,66.5,331.9,31.5,9.2,953
10/23/2019 8:01,datasets/dataset_cropped/10_Metas/23/08/20191023080100_00160.jpg,datasets_flow/dataset_cropped/10_Metas/23/08/20191023080100_00160.jpg,datasets_cloudmask/dataset_cropped/10_Metas/23/08/20191023080100_00160.png,69.3,340,32.4,9.2,953
10/23/2019 8:02,datasets/dataset_cropped/10_Metas/23/08/20191023080200_00160.jpg,datasets_flow/dataset_cropped/10_Metas/23/08/20191023080200_00160.jpg,datasets_cloudmask/dataset_cropped/10_Metas/23/08/20191023080200_00160.png,71.9,347.6,33.2,9.2,953
10/23/2019 8:03,datasets/dataset_cropped/10_Metas/23/08/20191023080300_00160.jpg,datasets_flow/dataset_cropped/10_Metas/23/08/20191023080300_00160.jpg,datasets_cloudmask/dataset_cropped/10_Metas/23/08/20191023080300_00160.png,74.6,355.1,34,9.2,953
10/23/2019 8:04,datasets/dataset_cropped/10_Metas/23/08/20191023080400_00160.jpg,datasets_flow/dataset_cropped/10_Metas/23/08/20191023080400_00160.jpg,datasets_cloudmask/dataset_cropped/10_Metas/23/08/20191023080400_00160.png,77.6,363.4,34.9,9.2,953
10/23/2019 8:05,datasets/dataset_cropped/10_Metas/23/08/20191023080500_00160.jpg,datasets_flow/dataset_cropped/10_Metas/23/08/20191023080500_00160.jpg,datasets_cloudmask/dataset_cropped/10_Metas/23/08/20191023080500_00160.png,80.6,372.6,35.5,9.2,953
10/23/2019 8:06,datasets/dataset_cropped/10_Metas/23/08/20191023080600_00160.jpg,datasets_flow/dataset_cropped/10_Metas/23/08/20191023080600_00160.jpg,datasets_cloudmask/dataset_cropped/10_Metas/23/08/20191023080600_00160.png,83.4,380,36.2,9.3,953
10/23/2019 8:07,datasets/dataset_cropped/10_Metas/23/08/20191023080700_00160.jpg,datasets_flow/dataset_cropped/10_Metas/23/08/20191023080700_00160.jpg,datasets_cloudmask/dataset_cropped/10_Metas/23/08/20191023080700_00160.png,86.2,387.1,36.9,9.3,953
10/23/2019 8:08,datasets/dataset_cropped/10_Metas/23/08/20191023080800_00160.jpg,datasets_flow/dataset_cropped/10_Metas/23/08/20191023080800_00160.jpg,datasets_cloudmask/dataset_cropped/10_Metas/23/08/20191023080800_00160.png,89.2,394.6,37.6,9.4,953
10/23/2019 8:09,datasets/dataset_cropped/10_Metas/23/08/20191023080900_00160.jpg,datasets_flow/dataset_cropped/10_Metas/23/08/20191023080900_00160.jpg,datasets_cloudmask/dataset_cropped/10_Metas/23/08/20191023080900_00160.png,92,401.6,38.3,9.4,953
10/23/2019 8:10,datasets/dataset_cropped/10_Metas/23/08/20191023081000_00160.jpg,datasets_flow/dataset_cropped/10_Metas/23/08/20191023081000_00160.jpg,datasets_cloudmask/dataset_cropped/10_Metas/23/08/20191023081000_00160.png,94.8,408.2,38.9,9.5,953
10/23/2019 8:11,datasets/dataset_cropped/10_Metas/23/08/20191023081100_00160.jpg,datasets_flow/dataset_cropped/10_Metas/23/08/20191023081100_00160.jpg,datasets_cloudmask/dataset_cropped/10_Metas/23/08/20191023081100_00160.png,97.6,414.4,39.6,9.5,953
10/23/2019 8:12,datasets/dataset_cropped/10_Metas/23/08/20191023081200_00160.jpg,datasets_flow/dataset_cropped/10_Metas/23/08/20191023081200_00160.jpg,datasets_cloudmask/dataset_cropped/10_Metas/23/08/20191023081200_00160.png,100.3,420,40.2,9.5,953
10/23/2019 8:13,datasets/dataset_cropped/10_Metas/23/08/20191023081300_00160.jpg,datasets_flow/dataset_cropped/10_Metas/23/08/20191023081300_00160.jpg,datasets_cloudmask/dataset_cropped/10_Metas/23/08/20191023081300_00160.png,103.1,425.3,41,9.6,953
10/23/2019 8:14,datasets/dataset_cropped/10_Metas/23/08/20191023081400_00160.jpg,datasets_flow/dataset_cropped/10_Metas/23/08/20191023081400_00160.jpg,datasets_cloudmask/dataset_cropped/10_Metas/23/08/20191023081400_00160.png,106.2,432.4,41.7,9.6,953
10/23/2019 8:15,datasets/dataset_cropped/10_Metas/23/08/20191023081500_00160.jpg,datasets_flow/dataset_cropped/10_Metas/23/08/20191023081500_00160.jpg,datasets_cloudmask/dataset_cropped/10_Metas/23/08/20191023081500_00160.png,109.3,439.2,42.4,9.6,953
10/23/2019 8:16,datasets/dataset_cropped/10_Metas/23/08/20191023081600_00160.jpg,datasets_flow/dataset_cropped/10_Metas/23/08/20191023081600_00160.jpg,datasets_cloudmask/dataset_cropped/10_Metas/23/08/20191023081600_00160.png,112.5,446.8,43,9.6,953
10/23/2019 8:17,datasets/dataset_cropped/10_Metas/23/08/20191023081700_00160.jpg,datasets_flow/dataset_cropped/10_Metas/23/08/20191023081700_00160.jpg,datasets_cloudmask/dataset_cropped/10_Metas/23/08/20191023081700_00160.png,115.5,453.1,43.6,9.7,953
10/23/2019 8:18,datasets/dataset_cropped/10_Metas/23/08/20191023081800_00160.jpg,datasets_flow/dataset_cropped/10_Metas/23/08/20191023081800_00160.jpg,datasets_cloudmask/dataset_cropped/10_Metas/23/08/20191023081800_00160.png,118.8,460.6,44.1,9.7,953
10/23/2019 8:19,datasets/dataset_cropped/10_Metas/23/08/20191023081900_00160.jpg,datasets_flow/dataset_cropped/10_Metas/23/08/20191023081900_00160.jpg,datasets_cloudmask/dataset_cropped/10_Metas/23/08/20191023081900_00160.png,122,467,44.7,9.8,953
10/23/2019 8:20,datasets/dataset_cropped/10_Metas/23/08/20191023082000_00160.jpg,datasets_flow/dataset_cropped/10_Metas/23/08/20191023082000_00160.jpg,datasets_cloudmask/dataset_cropped/10_Metas/23/08/20191023082000_00160.png,124.9,472.9,45.3,9.9,953
10/23/2019 8:21,datasets/dataset_cropped/10_Metas/23/08/20191023082100_00160.jpg,datasets_flow/dataset_cropped/10_Metas/23/08/20191023082100_00160.jpg,datasets_cloudmask/dataset_cropped/10_Metas/23/08/20191023082100_00160.png,128.3,480.6,45.9,10,953
10/23/2019 8:22,datasets/dataset_cropped/10_Metas/23/08/20191023082200_00160.jpg,datasets_flow/dataset_cropped/10_Metas/23/08/20191023082200_00160.jpg,datasets_cloudmask/dataset_cropped/10_Metas/23/08/20191023082200_00160.png,131.4,486.3,46.6,10,953
10/23/2019 8:23,datasets/dataset_cropped/10_Metas/23/08/20191023082300_00160.jpg,datasets_flow/dataset_cropped/10_Metas/23/08/20191023082300_00160.jpg,datasets_cloudmask/dataset_cropped/10_Metas/23/08/20191023082300_00160.png,134.6,491.8,47.2,10.1,953
10/23/2019 8:24,datasets/dataset_cropped/10_Metas/23/08/20191023082400_00160.jpg,datasets_flow/dataset_cropped/10_Metas/23/08/20191023082400_00160.jpg,datasets_cloudmask/dataset_cropped/10_Metas/23/08/20191023082400_00160.png,137.6,496.7,47.8,10.2,953
10/23/2019 8:25,datasets/dataset_cropped/10_Metas/23/08/20191023082500_00160.jpg,datasets_flow/dataset_cropped/10_Metas/23/08/20191023082500_00160.jpg,datasets_cloudmask/dataset_cropped/10_Metas/23/08/20191023082500_00160.png,140.8,502.3,48.3,10.2,953
10/23/2019 8:26,datasets/dataset_cropped/10_Metas/23/08/20191023082600_00160.jpg,datasets_flow/dataset_cropped/10_Metas/23/08/20191023082600_00160.jpg,datasets_cloudmask/dataset_cropped/10_Metas/23/08/20191023082600_00160.png,143.9,507.9,48.9,10.3,953
10/23/2019 8:27,datasets/dataset_cropped/10_Metas/23/08/20191023082700_00160.jpg,datasets_flow/dataset_cropped/10_Metas/23/08/20191023082700_00160.jpg,datasets_cloudmask/dataset_cropped/10_Metas/23/08/20191023082700_00160.png,147,512.4,49.4,10.4,953
10/23/2019 8:28,datasets/dataset_cropped/10_Metas/23/08/20191023082800_00160.jpg,datasets_flow/dataset_cropped/10_Metas/23/08/20191023082800_00160.jpg,datasets_cloudmask/dataset_cropped/10_Metas/23/08/20191023082800_00160.png,150,517.1,50,10.3,953
10/23/2019 8:29,datasets/dataset_cropped/10_Metas/23/08/20191023082900_00160.jpg,datasets_flow/dataset_cropped/10_Metas/23/08/20191023082900_00160.jpg,datasets_cloudmask/dataset_cropped/10_Metas/23/08/20191023082900_00160.png,153.1,521.8,50.5,10.3,953
10/23/2019 8:30,datasets/dataset_cropped/10_Metas/23/08/20191023083000_00160.jpg,datasets_flow/dataset_cropped/10_Metas/23/08/20191023083000_00160.jpg,datasets_cloudmask/dataset_cropped/10_Metas/23/08/20191023083000_00160.png,156.5,528.3,51.1,10.4,953
10/23/2019 8:31,datasets/dataset_cropped/10_Metas/23/08/20191023083100_00160.jpg,datasets_flow/dataset_cropped/10_Metas/23/08/20191023083100_00160.jpg,datasets_cloudmask/dataset_cropped/10_Metas/23/08/20191023083100_00160.png,159.9,534.4,51.7,10.4,953
10/23/2019 8:32,datasets/dataset_cropped/10_Metas/23/08/20191023083200_00160.jpg,datasets_flow/dataset_cropped/10_Metas/23/08/20191023083200_00160.jpg,datasets_cloudmask/dataset_cropped/10_Metas/23/08/20191023083200_00160.png,163.2,538.3,52.3,10.5,953
10/23/2019 8:33,datasets/dataset_cropped/10_Metas/23/08/20191023083300_00160.jpg,datasets_flow/dataset_cropped/10_Metas/23/08/20191023083300_00160.jpg,datasets_cloudmask/dataset_cropped/10_Metas/23/08/20191023083300_00160.png,166.2,543.2,52.8,10.6,953
10/23/2019 8:34,datasets/dataset_cropped/10_Metas/23/08/20191023083400_00160.jpg,datasets_flow/dataset_cropped/10_Metas/23/08/20191023083400_00160.jpg,datasets_cloudmask/dataset_cropped/10_Metas/23/08/20191023083400_00160.png,169.5,548.7,53.4,10.8,953
10/23/2019 8:35,datasets/dataset_cropped/10_Metas/23/08/20191023083500_00160.jpg,datasets_flow/dataset_cropped/10_Metas/23/08/20191023083500_00160.jpg,datasets_cloudmask/dataset_cropped/10_Metas/23/08/20191023083500_00160.png,172.4,552.7,53.9,10.8,953
10/23/2019 8:36,datasets/dataset_cropped/10_Metas/23/08/20191023083600_00160.jpg,datasets_flow/dataset_cropped/10_Metas/23/08/20191023083600_00160.jpg,datasets_cloudmask/dataset_cropped/10_Metas/23/08/20191023083600_00160.png,175.3,557.4,54,11,953
10/23/2019 8:37,datasets/dataset_cropped/10_Metas/23/08/20191023083700_00160.jpg,datasets_flow/dataset_cropped/10_Metas/23/08/20191023083700_00160.jpg,datasets_cloudmask/dataset_cropped/10_Metas/23/08/20191023083700_00160.png,178.2,561,54.4,11.1,953
10/23/2019 8:38,datasets/dataset_cropped/10_Metas/23/08/20191023083800_00160.jpg,datasets_flow/dataset_cropped/10_Metas/23/08/20191023083800_00160.jpg,datasets_cloudmask/dataset_cropped/10_Metas/23/08/20191023083800_00160.png,181.2,565.1,55,11.2,953
10/23/2019 8:39,datasets/dataset_cropped/10_Metas/23/08/20191023083900_00160.jpg,datasets_flow/dataset_cropped/10_Metas/23/08/20191023083900_00160.jpg,datasets_cloudmask/dataset_cropped/10_Metas/23/08/20191023083900_00160.png,184.6,569.8,55.5,11.3,953
10/23/2019 8:40,datasets/dataset_cropped/10_Metas/23/08/20191023084000_00160.jpg,datasets_flow/dataset_cropped/10_Metas/23/08/20191023084000_00160.jpg,datasets_cloudmask/dataset_cropped/10_Metas/23/08/20191023084000_00160.png,188.1,575.7,56.1,11.4,953
10/23/2019 8:41,datasets/dataset_cropped/10_Metas/23/08/20191023084100_00160.jpg,datasets_flow/dataset_cropped/10_Metas/23/08/20191023084100_00160.jpg,datasets_cloudmask/dataset_cropped/10_Metas/23/08/20191023084100_00160.png,191.4,581,56.5,11.3,953
10/23/2019 8:42,datasets/dataset_cropped/10_Metas/23/08/20191023084200_00160.jpg,datasets_flow/dataset_cropped/10_Metas/23/08/20191023084200_00160.jpg,datasets_cloudmask/dataset_cropped/10_Metas/23/08/20191023084200_00160.png,194.4,583.6,56.9,11.5,953
10/23/2019 8:43,datasets/dataset_cropped/10_Metas/23/08/20191023084300_00160.jpg,datasets_flow/dataset_cropped/10_Metas/23/08/20191023084300_00160.jpg,datasets_cloudmask/dataset_cropped/10_Metas/23/08/20191023084300_00160.png,198.1,589.9,57.4,11.7,953
10/23/2019 8:44,datasets/dataset_cropped/10_Metas/23/08/20191023084400_00160.jpg,datasets_flow/dataset_cropped/10_Metas/23/08/20191023084400_00160.jpg,datasets_cloudmask/dataset_cropped/10_Metas/23/08/20191023084400_00160.png,201.6,595.4,57.8,11.9,953
10/23/2019 8:45,datasets/dataset_cropped/10_Metas/23/08/20191023084500_00160.jpg,datasets_flow/dataset_cropped/10_Metas/23/08/20191023084500_00160.jpg,datasets_cloudmask/dataset_cropped/10_Metas/23/08/20191023084500_00160.png,204.8,599.6,58.2,12.1,953
10/23/2019 8:46,datasets/dataset_cropped/10_Metas/23/08/20191023084600_00160.jpg,datasets_flow/dataset_cropped/10_Metas/23/08/20191023084600_00160.jpg,datasets_cloudmask/dataset_cropped/10_Metas/23/08/20191023084600_00160.png,208.2,604.8,58.5,12.3,953
10/23/2019 8:47,datasets/dataset_cropped/10_Metas/23/08/20191023084700_00160.jpg,datasets_flow/dataset_cropped/10_Metas/23/08/20191023084700_00160.jpg,datasets_cloudmask/dataset_cropped/10_Metas/23/08/20191023084700_00160.png,212,610.7,59,12.5,953
10/23/2019 8:48,datasets/dataset_cropped/10_Metas/23/08/20191023084800_00160.jpg,datasets_flow/dataset_cropped/10_Metas/23/08/20191023084800_00160.jpg,datasets_cloudmask/dataset_cropped/10_Metas/23/08/20191023084800_00160.png,214.9,613.8,59.4,12.5,953
10/23/2019 8:49,datasets/dataset_cropped/10_Metas/23/08/20191023084900_00160.jpg,datasets_flow/dataset_cropped/10_Metas/23/08/20191023084900_00160.jpg,datasets_cloudmask/dataset_cropped/10_Metas/23/08/20191023084900_00160.png,217.8,616.6,59.8,12.4,953
10/23/2019 8:50,datasets/dataset_cropped/10_Metas/23/08/20191023085000_00160.jpg,datasets_flow/dataset_cropped/10_Metas/23/08/20191023085000_00160.jpg,datasets_cloudmask/dataset_cropped/10_Metas/23/08/20191023085000_00160.png,221.1,620.8,60.2,12.4,953
10/23/2019 8:51,datasets/dataset_cropped/10_Metas/23/08/20191023085100_00160.jpg,datasets_flow/dataset_cropped/10_Metas/23/08/20191023085100_00160.jpg,datasets_cloudmask/dataset_cropped/10_Metas/23/08/20191023085100_00160.png,224.3,624.3,60.7,12.5,953
10/23/2019 8:52,datasets/dataset_cropped/10_Metas/23/08/20191023085200_00160.jpg,datasets_flow/dataset_cropped/10_Metas/23/08/20191023085200_00160.jpg,datasets_cloudmask/dataset_cropped/10_Metas/23/08/20191023085200_00160.png,227.3,626.8,61,12.6,953
10/23/2019 8:53,datasets/dataset_cropped/10_Metas/23/08/20191023085300_00160.jpg,datasets_flow/dataset_cropped/10_Metas/23/08/20191023085300_00160.jpg,datasets_cloudmask/dataset_cropped/10_Metas/23/08/20191023085300_00160.png,230.5,630.6,61.4,12.7,953
10/23/2019 8:54,datasets/dataset_cropped/10_Metas/23/08/20191023085400_00160.jpg,datasets_flow/dataset_cropped/10_Metas/23/08/20191023085400_00160.jpg,datasets_cloudmask/dataset_cropped/10_Metas/23/08/20191023085400_00160.png,234.4,636.7,61.8,12.7,953
10/23/2019 8:55,datasets/dataset_cropped/10_Metas/23/08/20191023085500_00160.jpg,datasets_flow/dataset_cropped/10_Metas/23/08/20191023085500_00160.jpg,datasets_cloudmask/dataset_cropped/10_Metas/23/08/20191023085500_00160.png,237.8,641.1,62.2,12.6,953
10/23/2019 8:56,datasets/dataset_cropped/10_Metas/23/08/20191023085600_00160.jpg,datasets_flow/dataset_cropped/10_Metas/23/08/20191023085600_00160.jpg,datasets_cloudmask/dataset_cropped/10_Metas/23/08/20191023085600_00160.png,240.9,644.3,62.5,12.5,953
10/23/2019 8:57,datasets/dataset_cropped/10_Metas/23/08/20191023085700_00160.jpg,datasets_flow/dataset_cropped/10_Metas/23/08/20191023085700_00160.jpg,datasets_cloudmask/dataset_cropped/10_Metas/23/08/20191023085700_00160.png,244.3,648.7,62.8,12.6,953
10/23/2019 8:58,datasets/dataset_cropped/10_Metas/23/08/20191023085800_00160.jpg,datasets_flow/dataset_cropped/10_Metas/23/08/20191023085800_00160.jpg,datasets_cloudmask/dataset_cropped/10_Metas/23/08/20191023085800_00160.png,247.9,653.1,63.1,12.6,953
10/23/2019 8:59,datasets/dataset_cropped/10_Metas/23/08/20191023085900_00160.jpg,datasets_flow/dataset_cropped/10_Metas/23/08/20191023085900_00160.jpg,datasets_cloudmask/dataset_cropped/10_Metas/23/08/20191023085900_00160.png,251.3,657,63.6,12.6,953
10/23/2019 9:00,datasets/dataset_cropped/10_Metas/23/09/20191023090000_00160.jpg,datasets_flow/dataset_cropped/10_Metas/23/09/20191023090000_00160.jpg,datasets_cloudmask/dataset_cropped/10_Metas/23/09/20191023090000_00160.png,254.7,660.7,64,12.6,953
10/23/2019 9:01,datasets/dataset_cropped/10_Metas/23/09/20191023090100_00160.jpg,datasets_flow/dataset_cropped/10_Metas/23/09/20191023090100_00160.jpg,datasets_cloudmask/dataset_cropped/10_Metas/23/09/20191023090100_00160.png,257.9,663.8,64.4,12.5,953
10/23/2019 9:02,datasets/dataset_cropped/10_Metas/23/09/20191023090200_00160.jpg,datasets_flow/dataset_cropped/10_Metas/23/09/20191023090200_00160.jpg,datasets_cloudmask/dataset_cropped/10_Metas/23/09/20191023090200_00160.png,261.5,668.2,64.7,12.5,953
10/23/2019 9:03,datasets/dataset_cropped/10_Metas/23/09/20191023090300_00160.jpg,datasets_flow/dataset_cropped/10_Metas/23/09/20191023090300_00160.jpg,datasets_cloudmask/dataset_cropped/10_Metas/23/09/20191023090300_00160.png,265,672.5,65.1,12.6,953
10/23/2019 9:04,datasets/dataset_cropped/10_Metas/23/09/20191023090400_00160.jpg,datasets_flow/dataset_cropped/10_Metas/23/09/20191023090400_00160.jpg,datasets_cloudmask/dataset_cropped/10_Metas/23/09/20191023090400_00160.png,268.1,674.9,65.5,12.6,953
10/23/2019 9:05,datasets/dataset_cropped/10_Metas/23/09/20191023090500_00160.jpg,datasets_flow/dataset_cropped/10_Metas/23/09/20191023090500_00160.jpg,datasets_cloudmask/dataset_cropped/10_Metas/23/09/20191023090500_00160.png,271.4,678.1,65.9,12.5,953
10/23/2019 9:06,datasets/dataset_cropped/10_Metas/23/09/20191023090600_00160.jpg,datasets_flow/dataset_cropped/10_Metas/23/09/20191023090600_00160.jpg,datasets_cloudmask/dataset_cropped/10_Metas/23/09/20191023090600_00160.png,275,682,66.3,12.5,953
10/23/2019 9:07,datasets/dataset_cropped/10_Metas/23/09/20191023090700_00160.jpg,datasets_flow/dataset_cropped/10_Metas/23/09/20191023090700_00160.jpg,datasets_cloudmask/dataset_cropped/10_Metas/23/09/20191023090700_00160.png,278.5,686,66.6,12.5,953
10/23/2019 9:08,datasets/dataset_cropped/10_Metas/23/09/20191023090800_00160.jpg,datasets_flow/dataset_cropped/10_Metas/23/09/20191023090800_00160.jpg,datasets_cloudmask/dataset_cropped/10_Metas/23/09/20191023090800_00160.png,281.7,688.8,67.1,12.4,953
10/23/2019 9:09,datasets/dataset_cropped/10_Metas/23/09/20191023090900_00160.jpg,datasets_flow/dataset_cropped/10_Metas/23/09/20191023090900_00160.jpg,datasets_cloudmask/dataset_cropped/10_Metas/23/09/20191023090900_00160.png,285,692.1,67.4,12.6,953
10/23/2019 9:10,datasets/dataset_cropped/10_Metas/23/09/20191023091000_00160.jpg,datasets_flow/dataset_cropped/10_Metas/23/09/20191023091000_00160.jpg,datasets_cloudmask/dataset_cropped/10_Metas/23/09/20191023091000_00160.png,288.2,694.9,67.8,12.7,953
10/23/2019 9:11,datasets/dataset_cropped/10_Metas/23/09/20191023091100_00160.jpg,datasets_flow/dataset_cropped/10_Metas/23/09/20191023091100_00160.jpg,datasets_cloudmask/dataset_cropped/10_Metas/23/09/20191023091100_00160.png,291.3,697.5,68.1,12.8,953
10/23/2019 9:12,datasets/dataset_cropped/10_Metas/23/09/20191023091200_00160.jpg,datasets_flow/dataset_cropped/10_Metas/23/09/20191023091200_00160.jpg,datasets_cloudmask/dataset_cropped/10_Metas/23/09/20191023091200_00160.png,294.6,700.3,68.5,12.8,953
10/23/2019 9:13,datasets/dataset_cropped/10_Metas/23/09/20191023091300_00160.jpg,datasets_flow/dataset_cropped/10_Metas/23/09/20191023091300_00160.jpg,datasets_cloudmask/dataset_cropped/10_Metas/23/09/20191023091300_00160.png,297.8,702.5,69,12.8,953
10/23/2019 9:14,datasets/dataset_cropped/10_Metas/23/09/20191023091400_00160.jpg,datasets_flow/dataset_cropped/10_Metas/23/09/20191023091400_00160.jpg,datasets_cloudmask/dataset_cropped/10_Metas/23/09/20191023091400_00160.png,301.1,705.4,69.4,12.9,953
10/23/2019 9:15,datasets/dataset_cropped/10_Metas/23/09/20191023091500_00160.jpg,datasets_flow/dataset_cropped/10_Metas/23/09/20191023091500_00160.jpg,datasets_cloudmask/dataset_cropped/10_Metas/23/09/20191023091500_00160.png,304.5,708.8,69.7,13,953
10/23/2019 9:16,datasets/dataset_cropped/10_Metas/23/09/20191023091600_00160.jpg,datasets_flow/dataset_cropped/10_Metas/23/09/20191023091600_00160.jpg,datasets_cloudmask/dataset_cropped/10_Metas/23/09/20191023091600_00160.png,307.6,711.2,70.1,13,953
10/23/2019 9:17,datasets/dataset_cropped/10_Metas/23/09/20191023091700_00160.jpg,datasets_flow/dataset_cropped/10_Metas/23/09/20191023091700_00160.jpg,datasets_cloudmask/dataset_cropped/10_Metas/23/09/20191023091700_00160.png,311.2,714,70.3,13.1,953
10/23/2019 9:18,datasets/dataset_cropped/10_Metas/23/09/20191023091800_00160.jpg,datasets_flow/dataset_cropped/10_Metas/23/09/20191023091800_00160.jpg,datasets_cloudmask/dataset_cropped/10_Metas/23/09/20191023091800_00160.png,314.4,718.1,70.7,13.2,953
10/23/2019 9:19,datasets/dataset_cropped/10_Metas/23/09/20191023091900_00160.jpg,datasets_flow/dataset_cropped/10_Metas/23/09/20191023091900_00160.jpg,datasets_cloudmask/dataset_cropped/10_Metas/23/09/20191023091900_00160.png,318.2,722.1,71,13.3,953
10/23/2019 9:20,datasets/dataset_cropped/10_Metas/23/09/20191023092000_00160.jpg,datasets_flow/dataset_cropped/10_Metas/23/09/20191023092000_00160.jpg,datasets_cloudmask/dataset_cropped/10_Metas/23/09/20191023092000_00160.png,322,725.4,71.5,13.4,953
10/23/2019 9:21,datasets/dataset_cropped/10_Metas/23/09/20191023092100_00160.jpg,datasets_flow/dataset_cropped/10_Metas/23/09/20191023092100_00160.jpg,datasets_cloudmask/dataset_cropped/10_Metas/23/09/20191023092100_00160.png,324.5,725.6,72.1,13.4,953
10/23/2019 9:22,datasets/dataset_cropped/10_Metas/23/09/20191023092200_00160.jpg,datasets_flow/dataset_cropped/10_Metas/23/09/20191023092200_00160.jpg,datasets_cloudmask/dataset_cropped/10_Metas/23/09/20191023092200_00160.png,327.7,728.2,72.6,13.4,953
10/23/2019 9:23,datasets/dataset_cropped/10_Metas/23/09/20191023092300_00160.jpg,datasets_flow/dataset_cropped/10_Metas/23/09/20191023092300_00160.jpg,datasets_cloudmask/dataset_cropped/10_Metas/23/09/20191023092300_00160.png,331,731.6,72.9,13.2,953
10/23/2019 9:24,datasets/dataset_cropped/10_Metas/23/09/20191023092400_00160.jpg,datasets_flow/dataset_cropped/10_Metas/23/09/20191023092400_00160.jpg,datasets_cloudmask/dataset_cropped/10_Metas/23/09/20191023092400_00160.png,334.6,734.8,73.2,13.2,953
10/23/2019 9:25,datasets/dataset_cropped/10_Metas/23/09/20191023092500_00160.jpg,datasets_flow/dataset_cropped/10_Metas/23/09/20191023092500_00160.jpg,datasets_cloudmask/dataset_cropped/10_Metas/23/09/20191023092500_00160.png,337.8,736.6,73.7,13.2,953
10/23/2019 9:26,datasets/dataset_cropped/10_Metas/23/09/20191023092600_00160.jpg,datasets_flow/dataset_cropped/10_Metas/23/09/20191023092600_00160.jpg,datasets_cloudmask/dataset_cropped/10_Metas/23/09/20191023092600_00160.png,340.6,737.3,74.2,13.2,953
10/23/2019 9:27,datasets/dataset_cropped/10_Metas/23/09/20191023092700_00160.jpg,datasets_flow/dataset_cropped/10_Metas/23/09/20191023092700_00160.jpg,datasets_cloudmask/dataset_cropped/10_Metas/23/09/20191023092700_00160.png,344.1,740,74.5,13.3,953
10/23/2019 9:28,datasets/dataset_cropped/10_Metas/23/09/20191023092800_00160.jpg,datasets_flow/dataset_cropped/10_Metas/23/09/20191023092800_00160.jpg,datasets_cloudmask/dataset_cropped/10_Metas/23/09/20191023092800_00160.png,347.4,741.9,75,13.3,953
10/23/2019 9:29,datasets/dataset_cropped/10_Metas/23/09/20191023092900_00160.jpg,datasets_flow/dataset_cropped/10_Metas/23/09/20191023092900_00160.jpg,datasets_cloudmask/dataset_cropped/10_Metas/23/09/20191023092900_00160.png,350.5,743,75.7,13.4,953
10/23/2019 9:30,datasets/dataset_cropped/10_Metas/23/09/20191023093000_00160.jpg,datasets_flow/dataset_cropped/10_Metas/23/09/20191023093000_00160.jpg,datasets_cloudmask/dataset_cropped/10_Metas/23/09/20191023093000_00160.png,353.6,744.6,76.2,13.5,953
10/23/2019 9:31,datasets/dataset_cropped/10_Metas/23/09/20191023093100_00160.jpg,datasets_flow/dataset_cropped/10_Metas/23/09/20191023093100_00160.jpg,datasets_cloudmask/dataset_cropped/10_Metas/23/09/20191023093100_00160.png,357.1,747.1,76.8,13.6,954
10/23/2019 9:32,datasets/dataset_cropped/10_Metas/23/09/20191023093200_00160.jpg,datasets_flow/dataset_cropped/10_Metas/23/09/20191023093200_00160.jpg,datasets_cloudmask/dataset_cropped/10_Metas/23/09/20191023093200_00160.png,360.1,748.6,77.5,13.5,953
10/23/2019 9:33,datasets/dataset_cropped/10_Metas/23/09/20191023093300_00160.jpg,datasets_flow/dataset_cropped/10_Metas/23/09/20191023093300_00160.jpg,datasets_cloudmask/dataset_cropped/10_Metas/23/09/20191023093300_00160.png,362.9,749.4,78.1,13.4,953
10/23/2019 9:34,datasets/dataset_cropped/10_Metas/23/09/20191023093400_00160.jpg,datasets_flow/dataset_cropped/10_Metas/23/09/20191023093400_00160.jpg,datasets_cloudmask/dataset_cropped/10_Metas/23/09/20191023093400_00160.png,366.2,751.6,78.7,13.3,953
10/23/2019 9:35,datasets/dataset_cropped/10_Metas/23/09/20191023093500_00160.jpg,datasets_flow/dataset_cropped/10_Metas/23/09/20191023093500_00160.jpg,datasets_cloudmask/dataset_cropped/10_Metas/23/09/20191023093500_00160.png,370,755.2,79.2,13.5,953
10/23/2019 9:36,datasets/dataset_cropped/10_Metas/23/09/20191023093600_00160.jpg,datasets_flow/dataset_cropped/10_Metas/23/09/20191023093600_00160.jpg,datasets_cloudmask/dataset_cropped/10_Metas/23/09/20191023093600_00160.png,373.4,757.4,79.8,13.5,953
10/23/2019 9:37,datasets/dataset_cropped/10_Metas/23/09/20191023093700_00160.jpg,datasets_flow/dataset_cropped/10_Metas/23/09/20191023093700_00160.jpg,datasets_cloudmask/dataset_cropped/10_Metas/23/09/20191023093700_00160.png,376.7,759,80.5,13.3,953
10/23/2019 9:38,datasets/dataset_cropped/10_Metas/23/09/20191023093800_00160.jpg,datasets_flow/dataset_cropped/10_Metas/23/09/20191023093800_00160.jpg,datasets_cloudmask/dataset_cropped/10_Metas/23/09/20191023093800_00160.png,380.1,760.9,81.1,13.4,953
10/23/2019 9:39,datasets/dataset_cropped/10_Metas/23/09/20191023093900_00160.jpg,datasets_flow/dataset_cropped/10_Metas/23/09/20191023093900_00160.jpg,datasets_cloudmask/dataset_cropped/10_Metas/23/09/20191023093900_00160.png,383.8,763.7,81.7,13.6,953
10/23/2019 9:40,datasets/dataset_cropped/10_Metas/23/09/20191023094000_00160.jpg,datasets_flow/dataset_cropped/10_Metas/23/09/20191023094000_00160.jpg,datasets_cloudmask/dataset_cropped/10_Metas/23/09/20191023094000_00160.png,387.1,765.3,82.3,13.6,954
10/23/2019 9:41,datasets/dataset_cropped/10_Metas/23/09/20191023094100_00160.jpg,datasets_flow/dataset_cropped/10_Metas/23/09/20191023094100_00160.jpg,datasets_cloudmask/dataset_cropped/10_Metas/23/09/20191023094100_00160.png,390.5,767.2,82.9,13.5,953
10/23/2019 9:42,datasets/dataset_cropped/10_Metas/23/09/20191023094200_00160.jpg,datasets_flow/dataset_cropped/10_Metas/23/09/20191023094200_00160.jpg,datasets_cloudmask/dataset_cropped/10_Metas/23/09/20191023094200_00160.png,394.8,770.8,83.7,13.6,953
10/23/2019 9:43,datasets/dataset_cropped/10_Metas/23/09/20191023094300_00160.jpg,datasets_flow/dataset_cropped/10_Metas/23/09/20191023094300_00160.jpg,datasets_cloudmask/dataset_cropped/10_Metas/23/09/20191023094300_00160.png,398.5,773.2,84.6,13.7,953
10/23/2019 9:44,datasets/dataset_cropped/10_Metas/23/09/20191023094400_00160.jpg,datasets_flow/dataset_cropped/10_Metas/23/09/20191023094400_00160.jpg,datasets_cloudmask/dataset_cropped/10_Metas/23/09/20191023094400_00160.png,402.2,775.2,85.4,13.7,953
10/23/2019 9:45,datasets/dataset_cropped/10_Metas/23/09/20191023094500_00160.jpg,datasets_flow/dataset_cropped/10_Metas/23/09/20191023094500_00160.jpg,datasets_cloudmask/dataset_cropped/10_Metas/23/09/20191023094500_00160.png,405.3,776.1,86.4,13.6,953
10/23/2019 9:46,datasets/dataset_cropped/10_Metas/23/09/20191023094600_00160.jpg,datasets_flow/dataset_cropped/10_Metas/23/09/20191023094600_00160.jpg,datasets_cloudmask/dataset_cropped/10_Metas/23/09/20191023094600_00160.png,409.1,778.1,87.4,13.7,953
10/23/2019 9:47,datasets/dataset_cropped/10_Metas/23/09/20191023094700_00160.jpg,datasets_flow/dataset_cropped/10_Metas/23/09/20191023094700_00160.jpg,datasets_cloudmask/dataset_cropped/10_Metas/23/09/20191023094700_00160.png,412.9,779.9,88.5,13.7,953
10/23/2019 9:48,datasets/dataset_cropped/10_Metas/23/09/20191023094800_00160.jpg,datasets_flow/dataset_cropped/10_Metas/23/09/20191023094800_00160.jpg,datasets_cloudmask/dataset_cropped/10_Metas/23/09/20191023094800_00160.png,416.7,781.6,89.6,13.8,953
10/23/2019 9:49,datasets/dataset_cropped/10_Metas/23/09/20191023094900_00160.jpg,datasets_flow/dataset_cropped/10_Metas/23/09/20191023094900_00160.jpg,datasets_cloudmask/dataset_cropped/10_Metas/23/09/20191023094900_00160.png,419.7,781.3,90.7,13.8,953
10/23/2019 9:50,datasets/dataset_cropped/10_Metas/23/09/20191023095000_00160.jpg,datasets_flow/dataset_cropped/10_Metas/23/09/20191023095000_00160.jpg,datasets_cloudmask/dataset_cropped/10_Metas/23/09/20191023095000_00160.png,424.1,784.2,91.8,13.8,953
10/23/2019 9:51,datasets/dataset_cropped/10_Metas/23/09/20191023095100_00160.jpg,datasets_flow/dataset_cropped/10_Metas/23/09/20191023095100_00160.jpg,datasets_cloudmask/dataset_cropped/10_Metas/23/09/20191023095100_00160.png,428.2,786.7,92.8,13.8,953
10/23/2019 9:52,datasets/dataset_cropped/10_Metas/23/09/20191023095200_00160.jpg,datasets_flow/dataset_cropped/10_Metas/23/09/20191023095200_00160.jpg,datasets_cloudmask/dataset_cropped/10_Metas/23/09/20191023095200_00160.png,432.3,788.5,94.1,13.9,953
10/23/2019 9:53,datasets/dataset_cropped/10_Metas/23/09/20191023095300_00160.jpg,datasets_flow/dataset_cropped/10_Metas/23/09/20191023095300_00160.jpg,datasets_cloudmask/dataset_cropped/10_Metas/23/09/20191023095300_00160.png,435.6,787.9,95.6,13.8,953
10/23/2019 9:54,datasets/dataset_cropped/10_Metas/23/09/20191023095400_00160.jpg,datasets_flow/dataset_cropped/10_Metas/23/09/20191023095400_00160.jpg,datasets_cloudmask/dataset_cropped/10_Metas/23/09/20191023095400_00160.png,440.8,791.8,97.1,13.8,953
10/23/2019 9:55,datasets/dataset_cropped/10_Metas/23/09/20191023095500_00160.jpg,datasets_flow/dataset_cropped/10_Metas/23/09/20191023095500_00160.jpg,datasets_cloudmask/dataset_cropped/10_Metas/23/09/20191023095500_00160.png,438.8,779.2,98.8,13.6,953
10/23/2019 9:56,datasets/dataset_cropped/10_Metas/23/09/20191023095600_00160.jpg,datasets_flow/dataset_cropped/10_Metas/23/09/20191023095600_00160.jpg,datasets_cloudmask/dataset_cropped/10_Metas/23/09/20191023095600_00160.png,437.3,768,100.4,13.5,953
10/23/2019 9:57,datasets/dataset_cropped/10_Metas/23/09/20191023095700_00160.jpg,datasets_flow/dataset_cropped/10_Metas/23/09/20191023095700_00160.jpg,datasets_cloudmask/dataset_cropped/10_Metas/23/09/20191023095700_00160.png,428.8,741,102,13.7,953
10/23/2019 9:58,datasets/dataset_cropped/10_Metas/23/09/20191023095800_00160.jpg,datasets_flow/dataset_cropped/10_Metas/23/09/20191023095800_00160.jpg,datasets_cloudmask/dataset_cropped/10_Metas/23/09/20191023095800_00160.png,432.6,741.2,104.1,13.6,953
10/23/2019 9:59,datasets/dataset_cropped/10_Metas/23/09/20191023095900_00160.jpg,datasets_flow/dataset_cropped/10_Metas/23/09/20191023095900_00160.jpg,datasets_cloudmask/dataset_cropped/10_Metas/23/09/20191023095900_00160.png,444,758.7,106,13.7,953
10/23/2019 10:00,datasets/dataset_cropped/10_Metas/23/10/20191023100000_00160.jpg,datasets_flow/dataset_cropped/10_Metas/23/10/20191023100000_00160.jpg,datasets_cloudmask/dataset_cropped/10_Metas/23/10/20191023100000_00160.png,447.5,757.8,108,13.7,953
10/23/2019 10:01,datasets/dataset_cropped/10_Metas/23/10/20191023100100_00160.jpg,datasets_flow/dataset_cropped/10_Metas/23/10/20191023100100_00160.jpg,datasets_cloudmask/dataset_cropped/10_Metas/23/10/20191023100100_00160.png,468.3,795.1,110.4,13.7,953
10/23/2019 10:02,datasets/dataset_cropped/10_Metas/23/10/20191023100200_00160.jpg,datasets_flow/dataset_cropped/10_Metas/23/10/20191023100200_00160.jpg,datasets_cloudmask/dataset_cropped/10_Metas/23/10/20191023100200_00160.png,476.5,803,112.8,13.6,953
10/23/2019 10:03,datasets/dataset_cropped/10_Metas/23/10/20191023100300_00160.jpg,datasets_flow/dataset_cropped/10_Metas/23/10/20191023100300_00160.jpg,datasets_cloudmask/dataset_cropped/10_Metas/23/10/20191023100300_00160.png,481.4,806,115.2,13.7,953
10/23/2019 10:04,datasets/dataset_cropped/10_Metas/23/10/20191023100400_00160.jpg,datasets_flow/dataset_cropped/10_Metas/23/10/20191023100400_00160.jpg,datasets_cloudmask/dataset_cropped/10_Metas/23/10/20191023100400_00160.png,483.6,802,117.2,13.7,953
10/23/2019 10:05,datasets/dataset_cropped/10_Metas/23/10/20191023100500_00160.jpg,datasets_flow/dataset_cropped/10_Metas/23/10/20191023100500_00160.jpg,datasets_cloudmask/dataset_cropped/10_Metas/23/10/20191023100500_00160.png,476.2,777.2,119.3,13.7,953
10/23/2019 10:06,datasets/dataset_cropped/10_Metas/23/10/20191023100600_00160.jpg,datasets_flow/dataset_cropped/10_Metas/23/10/20191023100600_00160.jpg,datasets_cloudmask/dataset_cropped/10_Metas/23/10/20191023100600_00160.png,477.9,771.5,121.6,13.8,953
10/23/2019 10:07,datasets/dataset_cropped/10_Metas/23/10/20191023100700_00160.jpg,datasets_flow/dataset_cropped/10_Metas/23/10/20191023100700_00160.jpg,datasets_cloudmask/dataset_cropped/10_Metas/23/10/20191023100700_00160.png,474.6,755.6,123.8,13.9,953
10/23/2019 10:08,datasets/dataset_cropped/10_Metas/23/10/20191023100800_00160.jpg,datasets_flow/dataset_cropped/10_Metas/23/10/20191023100800_00160.jpg,datasets_cloudmask/dataset_cropped/10_Metas/23/10/20191023100800_00160.png,461.8,719.5,126.1,14.1,954
10/23/2019 10:09,datasets/dataset_cropped/10_Metas/23/10/20191023100900_00160.jpg,datasets_flow/dataset_cropped/10_Metas/23/10/20191023100900_00160.jpg,datasets_cloudmask/dataset_cropped/10_Metas/23/10/20191023100900_00160.png,470.6,729.1,128.8,13.9,953
10/23/2019 10:10,datasets/dataset_cropped/10_Metas/23/10/20191023101000_00160.jpg,datasets_flow/dataset_cropped/10_Metas/23/10/20191023101000_00160.jpg,datasets_cloudmask/dataset_cropped/10_Metas/23/10/20191023101000_00160.png,490.6,761.4,132,13.8,953
10/23/2019 10:11,datasets/dataset_cropped/10_Metas/23/10/20191023101100_00160.jpg,datasets_flow/dataset_cropped/10_Metas/23/10/20191023101100_00160.jpg,datasets_cloudmask/dataset_cropped/10_Metas/23/10/20191023101100_00160.png,501.4,774.3,135.2,13.9,954
10/23/2019 10:12,datasets/dataset_cropped/10_Metas/23/10/20191023101200_00160.jpg,datasets_flow/dataset_cropped/10_Metas/23/10/20191023101200_00160.jpg,datasets_cloudmask/dataset_cropped/10_Metas/23/10/20191023101200_00160.png,511.4,785.3,138.4,13.7,953
10/23/2019 10:13,datasets/dataset_cropped/10_Metas/23/10/20191023101300_00160.jpg,datasets_flow/dataset_cropped/10_Metas/23/10/20191023101300_00160.jpg,datasets_cloudmask/dataset_cropped/10_Metas/23/10/20191023101300_00160.png,517.5,787.5,141.9,13.8,953
10/23/2019 10:14,datasets/dataset_cropped/10_Metas/23/10/20191023101400_00160.jpg,datasets_flow/dataset_cropped/10_Metas/23/10/20191023101400_00160.jpg,datasets_cloudmask/dataset_cropped/10_Metas/23/10/20191023101400_00160.png,522.1,785.9,145.6,13.8,954
10/23/2019 10:15,datasets/dataset_cropped/10_Metas/23/10/20191023101500_00160.jpg,datasets_flow/dataset_cropped/10_Metas/23/10/20191023101500_00160.jpg,datasets_cloudmask/dataset_cropped/10_Metas/23/10/20191023101500_00160.png,527.7,786.1,149.5,13.9,954
10/23/2019 10:16,datasets/dataset_cropped/10_Metas/23/10/20191023101600_00160.jpg,datasets_flow/dataset_cropped/10_Metas/23/10/20191023101600_00160.jpg,datasets_cloudmask/dataset_cropped/10_Metas/23/10/20191023101600_00160.png,526.1,772.2,153,14.2,953
10/23/2019 10:17,datasets/dataset_cropped/10_Metas/23/10/20191023101700_00160.jpg,datasets_flow/dataset_cropped/10_Metas/23/10/20191023101700_00160.jpg,datasets_cloudmask/dataset_cropped/10_Metas/23/10/20191023101700_00160.png,524.3,757.8,156.5,14.2,954
10/23/2019 10:18,datasets/dataset_cropped/10_Metas/23/10/20191023101800_00160.jpg,datasets_flow/dataset_cropped/10_Metas/23/10/20191023101800_00160.jpg,datasets_cloudmask/dataset_cropped/10_Metas/23/10/20191023101800_00160.png,531.3,761.9,159.8,14.1,953
10/23/2019 10:19,datasets/dataset_cropped/10_Metas/23/10/20191023101900_00160.jpg,datasets_flow/dataset_cropped/10_Metas/23/10/20191023101900_00160.jpg,datasets_cloudmask/dataset_cropped/10_Metas/23/10/20191023101900_00160.png,532.8,755.1,162.7,14.1,954
10/23/2019 10:20,datasets/dataset_cropped/10_Metas/23/10/20191023102000_00160.jpg,datasets_flow/dataset_cropped/10_Metas/23/10/20191023102000_00160.jpg,datasets_cloudmask/dataset_cropped/10_Metas/23/10/20191023102000_00160.png,519.7,719.1,165.4,14.3,954
10/23/2019 10:21,datasets/dataset_cropped/10_Metas/23/10/20191023102100_00160.jpg,datasets_flow/dataset_cropped/10_Metas/23/10/20191023102100_00160.jpg,datasets_cloudmask/dataset_cropped/10_Metas/23/10/20191023102100_00160.png,501.3,675.3,167.6,14.3,953
10/23/2019 10:22,datasets/dataset_cropped/10_Metas/23/10/20191023102200_00160.jpg,datasets_flow/dataset_cropped/10_Metas/23/10/20191023102200_00160.jpg,datasets_cloudmask/dataset_cropped/10_Metas/23/10/20191023102200_00160.png,548,761.5,170,14.2,953
10/23/2019 10:23,datasets/dataset_cropped/10_Metas/23/10/20191023102300_00160.jpg,datasets_flow/dataset_cropped/10_Metas/23/10/20191023102300_00160.jpg,datasets_cloudmask/dataset_cropped/10_Metas/23/10/20191023102300_00160.png,526,710.7,171.4,14.2,953
10/23/2019 10:24,datasets/dataset_cropped/10_Metas/23/10/20191023102400_00160.jpg,datasets_flow/dataset_cropped/10_Metas/23/10/20191023102400_00160.jpg,datasets_cloudmask/dataset_cropped/10_Metas/23/10/20191023102400_00160.png,502.6,658.3,172.6,14.3,953
10/23/2019 10:25,datasets/dataset_cropped/10_Metas/23/10/20191023102500_00160.jpg,datasets_flow/dataset_cropped/10_Metas/23/10/20191023102500_00160.jpg,datasets_cloudmask/dataset_cropped/10_Metas/23/10/20191023102500_00160.png,488.9,626.3,173.4,14.4,953
10/23/2019 10:26,datasets/dataset_cropped/10_Metas/23/10/20191023102600_00160.jpg,datasets_flow/dataset_cropped/10_Metas/23/10/20191023102600_00160.jpg,datasets_cloudmask/dataset_cropped/10_Metas/23/10/20191023102600_00160.png,479.6,604.4,174.1,14.2,953
10/23/2019 10:27,datasets/dataset_cropped/10_Metas/23/10/20191023102700_00160.jpg,datasets_flow/dataset_cropped/10_Metas/23/10/20191023102700_00160.jpg,datasets_cloudmask/dataset_cropped/10_Metas/23/10/20191023102700_00160.png,480.2,601.9,174.5,14.4,953
10/23/2019 10:28,datasets/dataset_cropped/10_Metas/23/10/20191023102800_00160.jpg,datasets_flow/dataset_cropped/10_Metas/23/10/20191023102800_00160.jpg,datasets_cloudmask/dataset_cropped/10_Metas/23/10/20191023102800_00160.png,468.1,575.2,174.7,14.4,953
10/23/2019 10:29,datasets/dataset_cropped/10_Metas/23/10/20191023102900_00160.jpg,datasets_flow/dataset_cropped/10_Metas/23/10/20191023102900_00160.jpg,datasets_cloudmask/dataset_cropped/10_Metas/23/10/20191023102900_00160.png,506.8,646.5,175.8,14.4,953
10/23/2019 10:30,datasets/dataset_cropped/10_Metas/23/10/20191023103000_00160.jpg,datasets_flow/dataset_cropped/10_Metas/23/10/20191023103000_00160.jpg,datasets_cloudmask/dataset_cropped/10_Metas/23/10/20191023103000_00160.png,516.9,662.3,176.4,14.3,953
10/23/2019 10:31,datasets/dataset_cropped/10_Metas/23/10/20191023103100_00160.jpg,datasets_flow/dataset_cropped/10_Metas/23/10/20191023103100_00160.jpg,datasets_cloudmask/dataset_cropped/10_Metas/23/10/20191023103100_00160.png,527.9,679.3,177.3,14.1,953
10/23/2019 10:32,datasets/dataset_cropped/10_Metas/23/10/20191023103200_00160.jpg,datasets_flow/dataset_cropped/10_Metas/23/10/20191023103200_00160.jpg,datasets_cloudmask/dataset_cropped/10_Metas/23/10/20191023103200_00160.png,539.2,697,178.3,14.1,953
10/23/2019 10:33,datasets/dataset_cropped/10_Metas/23/10/20191023103300_00160.jpg,datasets_flow/dataset_cropped/10_Metas/23/10/20191023103300_00160.jpg,datasets_cloudmask/dataset_cropped/10_Metas/23/10/20191023103300_00160.png,537.5,688.9,179.4,14,953
10/23/2019 10:34,datasets/dataset_cropped/10_Metas/23/10/20191023103400_00160.jpg,datasets_flow/dataset_cropped/10_Metas/23/10/20191023103400_00160.jpg,datasets_cloudmask/dataset_cropped/10_Metas/23/10/20191023103400_00160.png,534.3,678.1,180.4,14.1,953
10/23/2019 10:35,datasets/dataset_cropped/10_Metas/23/10/20191023103500_00160.jpg,datasets_flow/dataset_cropped/10_Metas/23/10/20191023103500_00160.jpg,datasets_cloudmask/dataset_cropped/10_Metas/23/10/20191023103500_00160.png,530.8,666.3,181.4,14.2,953
10/23/2019 10:36,datasets/dataset_cropped/10_Metas/23/10/20191023103600_00160.jpg,datasets_flow/dataset_cropped/10_Metas/23/10/20191023103600_00160.jpg,datasets_cloudmask/dataset_cropped/10_Metas/23/10/20191023103600_00160.png,517.6,636.6,182.4,14.2,953
10/23/2019 10:37,datasets/dataset_cropped/10_Metas/23/10/20191023103700_00160.jpg,datasets_flow/dataset_cropped/10_Metas/23/10/20191023103700_00160.jpg,datasets_cloudmask/dataset_cropped/10_Metas/23/10/20191023103700_00160.png,507.5,613.5,183.2,14.1,953
10/23/2019 10:38,datasets/dataset_cropped/10_Metas/23/10/20191023103800_00160.jpg,datasets_flow/dataset_cropped/10_Metas/23/10/20191023103800_00160.jpg,datasets_cloudmask/dataset_cropped/10_Metas/23/10/20191023103800_00160.png,511.6,617.2,184,14.2,953
10/23/2019 10:39,datasets/dataset_cropped/10_Metas/23/10/20191023103900_00160.jpg,datasets_flow/dataset_cropped/10_Metas/23/10/20191023103900_00160.jpg,datasets_cloudmask/dataset_cropped/10_Metas/23/10/20191023103900_00160.png,507.4,606.1,184.5,14.2,953
10/23/2019 10:40,datasets/dataset_cropped/10_Metas/23/10/20191023104000_00160.jpg,datasets_flow/dataset_cropped/10_Metas/23/10/20191023104000_00160.jpg,datasets_cloudmask/dataset_cropped/10_Metas/23/10/20191023104000_00160.png,495.2,579.8,184.8,14.2,953
10/23/2019 10:41,datasets/dataset_cropped/10_Metas/23/10/20191023104100_00160.jpg,datasets_flow/dataset_cropped/10_Metas/23/10/20191023104100_00160.jpg,datasets_cloudmask/dataset_cropped/10_Metas/23/10/20191023104100_00160.png,497.8,581.6,185.4,14.1,953
10/23/2019 10:42,datasets/dataset_cropped/10_Metas/23/10/20191023104200_00160.jpg,datasets_flow/dataset_cropped/10_Metas/23/10/20191023104200_00160.jpg,datasets_cloudmask/dataset_cropped/10_Metas/23/10/20191023104200_00160.png,529.2,636.2,186.6,14.2,953
10/23/2019 10:43,datasets/dataset_cropped/10_Metas/23/10/20191023104300_00160.jpg,datasets_flow/dataset_cropped/10_Metas/23/10/20191023104300_00160.jpg,datasets_cloudmask/dataset_cropped/10_Metas/23/10/20191023104300_00160.png,575.5,719.3,187.4,14.2,953
10/23/2019 10:44,datasets/dataset_cropped/10_Metas/23/10/20191023104400_00160.jpg,datasets_flow/dataset_cropped/10_Metas/23/10/20191023104400_00160.jpg,datasets_cloudmask/dataset_cropped/10_Metas/23/10/20191023104400_00160.png,604.7,769.3,188.3,14.1,953
10/23/2019 10:45,datasets/dataset_cropped/10_Metas/23/10/20191023104500_00160.jpg,datasets_flow/dataset_cropped/10_Metas/23/10/20191023104500_00160.jpg,datasets_cloudmask/dataset_cropped/10_Metas/23/10/20191023104500_00160.png,618.9,791.2,189.4,14.1,953
10/23/2019 10:46,datasets/dataset_cropped/10_Metas/23/10/20191023104600_00160.jpg,datasets_flow/dataset_cropped/10_Metas/23/10/20191023104600_00160.jpg,datasets_cloudmask/dataset_cropped/10_Metas/23/10/20191023104600_00160.png,627.2,802,190.7,14.1,953
10/23/2019 10:47,datasets/dataset_cropped/10_Metas/23/10/20191023104700_00160.jpg,datasets_flow/dataset_cropped/10_Metas/23/10/20191023104700_00160.jpg,datasets_cloudmask/dataset_cropped/10_Metas/23/10/20191023104700_00160.png,636.6,813,192.5,14.2,953
10/23/2019 10:48,datasets/dataset_cropped/10_Metas/23/10/20191023104800_00160.jpg,datasets_flow/dataset_cropped/10_Metas/23/10/20191023104800_00160.jpg,datasets_cloudmask/dataset_cropped/10_Metas/23/10/20191023104800_00160.png,633.4,802,194.3,14.3,953
10/23/2019 10:49,datasets/dataset_cropped/10_Metas/23/10/20191023104900_00160.jpg,datasets_flow/dataset_cropped/10_Metas/23/10/20191023104900_00160.jpg,datasets_cloudmask/dataset_cropped/10_Metas/23/10/20191023104900_00160.png,632.6,793.2,196.4,14.3,953
10/23/2019 10:50,datasets/dataset_cropped/10_Metas/23/10/20191023105000_00160.jpg,datasets_flow/dataset_cropped/10_Metas/23/10/20191023105000_00160.jpg,datasets_cloudmask/dataset_cropped/10_Metas/23/10/20191023105000_00160.png,627.7,777.2,199,14.4,953
10/23/2019 10:51,datasets/dataset_cropped/10_Metas/23/10/20191023105100_00160.jpg,datasets_flow/dataset_cropped/10_Metas/23/10/20191023105100_00160.jpg,datasets_cloudmask/dataset_cropped/10_Metas/23/10/20191023105100_00160.png,630.6,774.1,202.1,14.3,953
10/23/2019 10:52,datasets/dataset_cropped/10_Metas/23/10/20191023105200_00160.jpg,datasets_flow/dataset_cropped/10_Metas/23/10/20191023105200_00160.jpg,datasets_cloudmask/dataset_cropped/10_Metas/23/10/20191023105200_00160.png,641,784.6,205.3,14.3,953
10/23/2019 10:53,datasets/dataset_cropped/10_Metas/23/10/20191023105300_00160.jpg,datasets_flow/dataset_cropped/10_Metas/23/10/20191023105300_00160.jpg,datasets_cloudmask/dataset_cropped/10_Metas/23/10/20191023105300_00160.png,616.8,732.7,208.6,14.3,953
10/23/2019 10:54,datasets/dataset_cropped/10_Metas/23/10/20191023105400_00160.jpg,datasets_flow/dataset_cropped/10_Metas/23/10/20191023105400_00160.jpg,datasets_cloudmask/dataset_cropped/10_Metas/23/10/20191023105400_00160.png,593.8,682.8,212.1,14.2,953
10/23/2019 10:55,datasets/dataset_cropped/10_Metas/23/10/20191023105500_00160.jpg,datasets_flow/dataset_cropped/10_Metas/23/10/20191023105500_00160.jpg,datasets_cloudmask/dataset_cropped/10_Metas/23/10/20191023105500_00160.png,571.7,634.5,216.1,14.3,953
10/23/2019 10:56,datasets/dataset_cropped/10_Metas/23/10/20191023105600_00160.jpg,datasets_flow/dataset_cropped/10_Metas/23/10/20191023105600_00160.jpg,datasets_cloudmask/dataset_cropped/10_Metas/23/10/20191023105600_00160.png,597.3,671,220.4,14.3,953
10/23/2019 10:57,datasets/dataset_cropped/10_Metas/23/10/20191023105700_00160.jpg,datasets_flow/dataset_cropped/10_Metas/23/10/20191023105700_00160.jpg,datasets_cloudmask/dataset_cropped/10_Metas/23/10/20191023105700_00160.png,535.3,552.9,223.9,14.6,953
10/23/2019 10:58,datasets/dataset_cropped/10_Metas/23/10/20191023105800_00160.jpg,datasets_flow/dataset_cropped/10_Metas/23/10/20191023105800_00160.jpg,datasets_cloudmask/dataset_cropped/10_Metas/23/10/20191023105800_00160.png,545,561.9,227.5,14.7,953
10/23/2019 10:59,datasets/dataset_cropped/10_Metas/23/10/20191023105900_00160.jpg,datasets_flow/dataset_cropped/10_Metas/23/10/20191023105900_00160.jpg,datasets_cloudmask/dataset_cropped/10_Metas/23/10/20191023105900_00160.png,591.4,636.7,231,14.5,953
10/23/2019 11:00,datasets/dataset_cropped/10_Metas/23/11/20191023110000_00160.jpg,datasets_flow/dataset_cropped/10_Metas/23/11/20191023110000_00160.jpg,datasets_cloudmask/dataset_cropped/10_Metas/23/11/20191023110000_00160.png,651.6,735.4,234,14.6,953
10/23/2019 11:01,datasets/dataset_cropped/10_Metas/23/11/20191023110100_00160.jpg,datasets_flow/dataset_cropped/10_Metas/23/11/20191023110100_00160.jpg,datasets_cloudmask/dataset_cropped/10_Metas/23/11/20191023110100_00160.png,621.6,676.6,235.7,14.5,953
10/23/2019 11:02,datasets/dataset_cropped/10_Metas/23/11/20191023110200_00160.jpg,datasets_flow/dataset_cropped/10_Metas/23/11/20191023110200_00160.jpg,datasets_cloudmask/dataset_cropped/10_Metas/23/11/20191023110200_00160.png,637.4,698.6,237.9,14.6,953
10/23/2019 11:03,datasets/dataset_cropped/10_Metas/23/11/20191023110300_00160.jpg,datasets_flow/dataset_cropped/10_Metas/23/11/20191023110300_00160.jpg,datasets_cloudmask/dataset_cropped/10_Metas/23/11/20191023110300_00160.png,657.9,729.3,240,14.8,953
10/23/2019 11:04,datasets/dataset_cropped/10_Metas/23/11/20191023110400_00160.jpg,datasets_flow/dataset_cropped/10_Metas/23/11/20191023110400_00160.jpg,datasets_cloudmask/dataset_cropped/10_Metas/23/11/20191023110400_00160.png,675.3,755.9,241,14.8,953
10/23/2019 11:05,datasets/dataset_cropped/10_Metas/23/11/20191023110500_00160.jpg,datasets_flow/dataset_cropped/10_Metas/23/11/20191023110500_00160.jpg,datasets_cloudmask/dataset_cropped/10_Metas/23/11/20191023110500_00160.png,619.5,655.9,240.8,14.9,953
10/23/2019 11:06,datasets/dataset_cropped/10_Metas/23/11/20191023110600_00160.jpg,datasets_flow/dataset_cropped/10_Metas/23/11/20191023110600_00160.jpg,datasets_cloudmask/dataset_cropped/10_Metas/23/11/20191023110600_00160.png,548.6,533.3,239.4,14.9,953
10/23/2019 11:07,datasets/dataset_cropped/10_Metas/23/11/20191023110700_00160.jpg,datasets_flow/dataset_cropped/10_Metas/23/11/20191023110700_00160.jpg,datasets_cloudmask/dataset_cropped/10_Metas/23/11/20191023110700_00160.png,382.7,247,237.8,14.9,953
10/23/2019 11:08,datasets/dataset_cropped/10_Metas/23/11/20191023110800_00160.jpg,datasets_flow/dataset_cropped/10_Metas/23/11/20191023110800_00160.jpg,datasets_cloudmask/dataset_cropped/10_Metas/23/11/20191023110800_00160.png,451.9,367.4,236.8,14.7,953
10/23/2019 11:09,datasets/dataset_cropped/10_Metas/23/11/20191023110900_00160.jpg,datasets_flow/dataset_cropped/10_Metas/23/11/20191023110900_00160.jpg,datasets_cloudmask/dataset_cropped/10_Metas/23/11/20191023110900_00160.png,459.2,381.2,235.1,14.7,953
10/23/2019 11:10,datasets/dataset_cropped/10_Metas/23/11/20191023111000_00160.jpg,datasets_flow/dataset_cropped/10_Metas/23/11/20191023111000_00160.jpg,datasets_cloudmask/dataset_cropped/10_Metas/23/11/20191023111000_00160.png,453.8,375.8,232.1,14.5,953
10/23/2019 11:11,datasets/dataset_cropped/10_Metas/23/11/20191023111100_00160.jpg,datasets_flow/dataset_cropped/10_Metas/23/11/20191023111100_00160.jpg,datasets_cloudmask/dataset_cropped/10_Metas/23/11/20191023111100_00160.png,568,575.4,229.2,14.4,953
10/23/2019 11:12,datasets/dataset_cropped/10_Metas/23/11/20191023111200_00160.jpg,datasets_flow/dataset_cropped/10_Metas/23/11/20191023111200_00160.jpg,datasets_cloudmask/dataset_cropped/10_Metas/23/11/20191023111200_00160.png,618.6,668.7,224.9,14.4,953
10/23/2019 11:13,datasets/dataset_cropped/10_Metas/23/11/20191023111300_00160.jpg,datasets_flow/dataset_cropped/10_Metas/23/11/20191023111300_00160.jpg,datasets_cloudmask/dataset_cropped/10_Metas/23/11/20191023111300_00160.png,670.6,763,220.7,14.5,953
10/23/2019 11:14,datasets/dataset_cropped/10_Metas/23/11/20191023111400_00160.jpg,datasets_flow/dataset_cropped/10_Metas/23/11/20191023111400_00160.jpg,datasets_cloudmask/dataset_cropped/10_Metas/23/11/20191023111400_00160.png,623.8,694,214,14.6,953
10/23/2019 11:15,datasets/dataset_cropped/10_Metas/23/11/20191023111500_00160.jpg,datasets_flow/dataset_cropped/10_Metas/23/11/20191023111500_00160.jpg,datasets_cloudmask/dataset_cropped/10_Metas/23/11/20191023111500_00160.png,298.1,153.4,206.3,14.5,953
10/23/2019 11:16,datasets/dataset_cropped/10_Metas/23/11/20191023111600_00160.jpg,datasets_flow/dataset_cropped/10_Metas/23/11/20191023111600_00160.jpg,datasets_cloudmask/dataset_cropped/10_Metas/23/11/20191023111600_00160.png,253.7,84.7,201.6,14.6,953
10/23/2019 11:17,datasets/dataset_cropped/10_Metas/23/11/20191023111700_00160.jpg,datasets_flow/dataset_cropped/10_Metas/23/11/20191023111700_00160.jpg,datasets_cloudmask/dataset_cropped/10_Metas/23/11/20191023111700_00160.png,257.4,96.7,197.5,14.4,953
10/23/2019 11:18,datasets/dataset_cropped/10_Metas/23/11/20191023111800_00160.jpg,datasets_flow/dataset_cropped/10_Metas/23/11/20191023111800_00160.jpg,datasets_cloudmask/dataset_cropped/10_Metas/23/11/20191023111800_00160.png,248.7,86.7,194.3,14.1,953
10/23/2019 11:19,datasets/dataset_cropped/10_Metas/23/11/20191023111900_00160.jpg,datasets_flow/dataset_cropped/10_Metas/23/11/20191023111900_00160.jpg,datasets_cloudmask/dataset_cropped/10_Metas/23/11/20191023111900_00160.png,296.7,170.4,192,13.9,953
10/23/2019 11:20,datasets/dataset_cropped/10_Metas/23/11/20191023112000_00160.jpg,datasets_flow/dataset_cropped/10_Metas/23/11/20191023112000_00160.jpg,datasets_cloudmask/dataset_cropped/10_Metas/23/11/20191023112000_00160.png,307.8,191.1,190.7,13.9,953
10/23/2019 11:21,datasets/dataset_cropped/10_Metas/23/11/20191023112100_00160.jpg,datasets_flow/dataset_cropped/10_Metas/23/11/20191023112100_00160.jpg,datasets_cloudmask/dataset_cropped/10_Metas/23/11/20191023112100_00160.png,399.4,344.9,189.6,14,953
10/23/2019 11:22,datasets/dataset_cropped/10_Metas/23/11/20191023112200_00160.jpg,datasets_flow/dataset_cropped/10_Metas/23/11/20191023112200_00160.jpg,datasets_cloudmask/dataset_cropped/10_Metas/23/11/20191023112200_00160.png,436.9,409.8,187.7,14,953
10/23/2019 11:23,datasets/dataset_cropped/10_Metas/23/11/20191023112300_00160.jpg,datasets_flow/dataset_cropped/10_Metas/23/11/20191023112300_00160.jpg,datasets_cloudmask/dataset_cropped/10_Metas/23/11/20191023112300_00160.png,454.5,443,185,14.1,953
10/23/2019 11:24,datasets/dataset_cropped/10_Metas/23/11/20191023112400_00160.jpg,datasets_flow/dataset_cropped/10_Metas/23/11/20191023112400_00160.jpg,datasets_cloudmask/dataset_cropped/10_Metas/23/11/20191023112400_00160.png,479,487.6,182.2,14.2,953
10/23/2019 11:25,datasets/dataset_cropped/10_Metas/23/11/20191023112500_00160.jpg,datasets_flow/dataset_cropped/10_Metas/23/11/20191023112500_00160.jpg,datasets_cloudmask/dataset_cropped/10_Metas/23/11/20191023112500_00160.png,478.9,492.6,179.5,14.2,953
10/23/2019 11:26,datasets/dataset_cropped/10_Metas/23/11/20191023112600_00160.jpg,datasets_flow/dataset_cropped/10_Metas/23/11/20191023112600_00160.jpg,datasets_cloudmask/dataset_cropped/10_Metas/23/11/20191023112600_00160.png,591,681.7,177,14.3,953
10/23/2019 11:27,datasets/dataset_cropped/10_Metas/23/11/20191023112700_00160.jpg,datasets_flow/dataset_cropped/10_Metas/23/11/20191023112700_00160.jpg,datasets_cloudmask/dataset_cropped/10_Metas/23/11/20191023112700_00160.png,644.1,773.5,174.4,14.3,953
10/23/2019 11:28,datasets/dataset_cropped/10_Metas/23/11/20191023112800_00160.jpg,datasets_flow/dataset_cropped/10_Metas/23/11/20191023112800_00160.jpg,datasets_cloudmask/dataset_cropped/10_Metas/23/11/20191023112800_00160.png,675.2,827,172.1,14.5,954
10/23/2019 11:29,datasets/dataset_cropped/10_Metas/23/11/20191023112900_00160.jpg,datasets_flow/dataset_cropped/10_Metas/23/11/20191023112900_00160.jpg,datasets_cloudmask/dataset_cropped/10_Metas/23/11/20191023112900_00160.png,657.7,801,169.4,14.8,953
10/23/2019 11:30,datasets/dataset_cropped/10_Metas/23/11/20191023113000_00160.jpg,datasets_flow/dataset_cropped/10_Metas/23/11/20191023113000_00160.jpg,datasets_cloudmask/dataset_cropped/10_Metas/23/11/20191023113000_00160.png,527.4,591.2,165.8,15.2,954
10/23/2019 11:31,datasets/dataset_cropped/10_Metas/23/11/20191023113100_00160.jpg,datasets_flow/dataset_cropped/10_Metas/23/11/20191023113100_00160.jpg,datasets_cloudmask/dataset_cropped/10_Metas/23/11/20191023113100_00160.png,345.6,297.4,162.8,15.2,954
10/23/2019 11:32,datasets/dataset_cropped/10_Metas/23/11/20191023113200_00160.jpg,datasets_flow/dataset_cropped/10_Metas/23/11/20191023113200_00160.jpg,datasets_cloudmask/dataset_cropped/10_Metas/23/11/20191023113200_00160.png,286.7,202.2,160.9,14.9,953
10/23/2019 11:33,datasets/dataset_cropped/10_Metas/23/11/20191023113300_00160.jpg,datasets_flow/dataset_cropped/10_Metas/23/11/20191023113300_00160.jpg,datasets_cloudmask/dataset_cropped/10_Metas/23/11/20191023113300_00160.png,368.1,335.1,160,14.8,953
10/23/2019 11:34,datasets/dataset_cropped/10_Metas/23/11/20191023113400_00160.jpg,datasets_flow/dataset_cropped/10_Metas/23/11/20191023113400_00160.jpg,datasets_cloudmask/dataset_cropped/10_Metas/23/11/20191023113400_00160.png,498.6,547.4,159.5,14.6,953
10/23/2019 11:35,datasets/dataset_cropped/10_Metas/23/11/20191023113500_00160.jpg,datasets_flow/dataset_cropped/10_Metas/23/11/20191023113500_00160.jpg,datasets_cloudmask/dataset_cropped/10_Metas/23/11/20191023113500_00160.png,544.5,624,158,14.5,953
10/23/2019 11:36,datasets/dataset_cropped/10_Metas/23/11/20191023113600_00160.jpg,datasets_flow/dataset_cropped/10_Metas/23/11/20191023113600_00160.jpg,datasets_cloudmask/dataset_cropped/10_Metas/23/11/20191023113600_00160.png,542,621.8,156.5,14.4,953
10/23/2019 11:37,datasets/dataset_cropped/10_Metas/23/11/20191023113700_00160.jpg,datasets_flow/dataset_cropped/10_Metas/23/11/20191023113700_00160.jpg,datasets_cloudmask/dataset_cropped/10_Metas/23/11/20191023113700_00160.png,632,768.1,155.5,14.4,953
10/23/2019 11:38,datasets/dataset_cropped/10_Metas/23/11/20191023113800_00160.jpg,datasets_flow/dataset_cropped/10_Metas/23/11/20191023113800_00160.jpg,datasets_cloudmask/dataset_cropped/10_Metas/23/11/20191023113800_00160.png,671.9,834,154.8,14.5,953
10/23/2019 11:39,datasets/dataset_cropped/10_Metas/23/11/20191023113900_00160.jpg,datasets_flow/dataset_cropped/10_Metas/23/11/20191023113900_00160.jpg,datasets_cloudmask/dataset_cropped/10_Metas/23/11/20191023113900_00160.png,665.8,825,153.6,14.7,953
10/23/2019 11:40,datasets/dataset_cropped/10_Metas/23/11/20191023114000_00160.jpg,datasets_flow/dataset_cropped/10_Metas/23/11/20191023114000_00160.jpg,datasets_cloudmask/dataset_cropped/10_Metas/23/11/20191023114000_00160.png,649.3,798.7,152.4,14.7,953
10/23/2019 11:41,datasets/dataset_cropped/10_Metas/23/11/20191023114100_00160.jpg,datasets_flow/dataset_cropped/10_Metas/23/11/20191023114100_00160.jpg,datasets_cloudmask/dataset_cropped/10_Metas/23/11/20191023114100_00160.png,614.6,742.9,151.1,14.8,953
10/23/2019 11:42,datasets/dataset_cropped/10_Metas/23/11/20191023114200_00160.jpg,datasets_flow/dataset_cropped/10_Metas/23/11/20191023114200_00160.jpg,datasets_cloudmask/dataset_cropped/10_Metas/23/11/20191023114200_00160.png,628.5,764.8,150.4,15.2,953
10/23/2019 11:43,datasets/dataset_cropped/10_Metas/23/11/20191023114300_00160.jpg,datasets_flow/dataset_cropped/10_Metas/23/11/20191023114300_00160.jpg,datasets_cloudmask/dataset_cropped/10_Metas/23/11/20191023114300_00160.png,617.5,747.1,149.3,15.2,953
10/23/2019 11:44,datasets/dataset_cropped/10_Metas/23/11/20191023114400_00160.jpg,datasets_flow/dataset_cropped/10_Metas/23/11/20191023114400_00160.jpg,datasets_cloudmask/dataset_cropped/10_Metas/23/11/20191023114400_00160.png,638.1,779.9,148.4,15.3,953
10/23/2019 11:45,datasets/dataset_cropped/10_Metas/23/11/20191023114500_00160.jpg,datasets_flow/dataset_cropped/10_Metas/23/11/20191023114500_00160.jpg,datasets_cloudmask/dataset_cropped/10_Metas/23/11/20191023114500_00160.png,642.8,788.5,147,15.3,953
10/23/2019 11:46,datasets/dataset_cropped/10_Metas/23/11/20191023114600_00160.jpg,datasets_flow/dataset_cropped/10_Metas/23/11/20191023114600_00160.jpg,datasets_cloudmask/dataset_cropped/10_Metas/23/11/20191023114600_00160.png,662,820,145.6,15.2,953
10/23/2019 11:47,datasets/dataset_cropped/10_Metas/23/11/20191023114700_00160.jpg,datasets_flow/dataset_cropped/10_Metas/23/11/20191023114700_00160.jpg,datasets_cloudmask/dataset_cropped/10_Metas/23/11/20191023114700_00160.png,712.3,901,144.8,15.2,953
10/23/2019 11:48,datasets/dataset_cropped/10_Metas/23/11/20191023114800_00160.jpg,datasets_flow/dataset_cropped/10_Metas/23/11/20191023114800_00160.jpg,datasets_cloudmask/dataset_cropped/10_Metas/23/11/20191023114800_00160.png,706.3,891,143.9,15.1,953
10/23/2019 11:49,datasets/dataset_cropped/10_Metas/23/11/20191023114900_00160.jpg,datasets_flow/dataset_cropped/10_Metas/23/11/20191023114900_00160.jpg,datasets_cloudmask/dataset_cropped/10_Metas/23/11/20191023114900_00160.png,691.6,868,143.4,15.1,953
10/23/2019 11:50,datasets/dataset_cropped/10_Metas/23/11/20191023115000_00160.jpg,datasets_flow/dataset_cropped/10_Metas/23/11/20191023115000_00160.jpg,datasets_cloudmask/dataset_cropped/10_Metas/23/11/20191023115000_00160.png,682.8,853,143.2,15.3,953
10/23/2019 11:51,datasets/dataset_cropped/10_Metas/23/11/20191023115100_00160.jpg,datasets_flow/dataset_cropped/10_Metas/23/11/20191023115100_00160.jpg,datasets_cloudmask/dataset_cropped/10_Metas/23/11/20191023115100_00160.png,676.2,842,142.6,15.7,953
10/23/2019 11:52,datasets/dataset_cropped/10_Metas/23/11/20191023115200_00160.jpg,datasets_flow/dataset_cropped/10_Metas/23/11/20191023115200_00160.jpg,datasets_cloudmask/dataset_cropped/10_Metas/23/11/20191023115200_00160.png,632.2,771.3,142.4,15.7,953
10/23/2019 11:53,datasets/dataset_cropped/10_Metas/23/11/20191023115300_00160.jpg,datasets_flow/dataset_cropped/10_Metas/23/11/20191023115300_00160.jpg,datasets_cloudmask/dataset_cropped/10_Metas/23/11/20191023115300_00160.png,643,786.5,142.8,15.6,953
10/23/2019 11:54,datasets/dataset_cropped/10_Metas/23/11/20191023115400_00160.jpg,datasets_flow/dataset_cropped/10_Metas/23/11/20191023115400_00160.jpg,datasets_cloudmask/dataset_cropped/10_Metas/23/11/20191023115400_00160.png,646.6,790.7,142.8,15.8,953
10/23/2019 11:55,datasets/dataset_cropped/10_Metas/23/11/20191023115500_00160.jpg,datasets_flow/dataset_cropped/10_Metas/23/11/20191023115500_00160.jpg,datasets_cloudmask/dataset_cropped/10_Metas/23/11/20191023115500_00160.png,653,799.8,142.8,15.9,953
10/23/2019 11:56,datasets/dataset_cropped/10_Metas/23/11/20191023115600_00160.jpg,datasets_flow/dataset_cropped/10_Metas/23/11/20191023115600_00160.jpg,datasets_cloudmask/dataset_cropped/10_Metas/23/11/20191023115600_00160.png,663.5,816,142.7,15.7,953
10/23/2019 11:57,datasets/dataset_cropped/10_Metas/23/11/20191023115700_00160.jpg,datasets_flow/dataset_cropped/10_Metas/23/11/20191023115700_00160.jpg,datasets_cloudmask/dataset_cropped/10_Metas/23/11/20191023115700_00160.png,655.7,802,142.4,15.7,953
10/23/2019 11:58,datasets/dataset_cropped/10_Metas/23/11/20191023115800_00160.jpg,datasets_flow/dataset_cropped/10_Metas/23/11/20191023115800_00160.jpg,datasets_cloudmask/dataset_cropped/10_Metas/23/11/20191023115800_00160.png,654.7,801,141.8,15.7,953
10/23/2019 11:59,datasets/dataset_cropped/10_Metas/23/11/20191023115900_00160.jpg,datasets_flow/dataset_cropped/10_Metas/23/11/20191023115900_00160.jpg,datasets_cloudmask/dataset_cropped/10_Metas/23/11/20191023115900_00160.png,634.1,768,141.1,15.6,953
10/23/2019 12:00,datasets/dataset_cropped/10_Metas/23/12/20191023120000_00160.jpg,datasets_flow/dataset_cropped/10_Metas/23/12/20191023120000_00160.jpg,datasets_cloudmask/dataset_cropped/10_Metas/23/12/20191023120000_00160.png,639.9,776.4,140.8,15.6,953
10/23/2019 12:01,datasets/dataset_cropped/10_Metas/23/12/20191023120100_00160.jpg,datasets_flow/dataset_cropped/10_Metas/23/12/20191023120100_00160.jpg,datasets_cloudmask/dataset_cropped/10_Metas/23/12/20191023120100_00160.png,644.3,783.1,140.8,15.6,953
10/23/2019 12:02,datasets/dataset_cropped/10_Metas/23/12/20191023120200_00160.jpg,datasets_flow/dataset_cropped/10_Metas/23/12/20191023120200_00160.jpg,datasets_cloudmask/dataset_cropped/10_Metas/23/12/20191023120200_00160.png,661.2,810,140,15.6,953
10/23/2019 12:03,datasets/dataset_cropped/10_Metas/23/12/20191023120300_00160.jpg,datasets_flow/dataset_cropped/10_Metas/23/12/20191023120300_00160.jpg,datasets_cloudmask/dataset_cropped/10_Metas/23/12/20191023120300_00160.png,663.6,815,138.8,15.6,953
10/23/2019 12:04,datasets/dataset_cropped/10_Metas/23/12/20191023120400_00160.jpg,datasets_flow/dataset_cropped/10_Metas/23/12/20191023120400_00160.jpg,datasets_cloudmask/dataset_cropped/10_Metas/23/12/20191023120400_00160.png,677.2,838,137.1,15.7,953
10/23/2019 12:05,datasets/dataset_cropped/10_Metas/23/12/20191023120500_00160.jpg,datasets_flow/dataset_cropped/10_Metas/23/12/20191023120500_00160.jpg,datasets_cloudmask/dataset_cropped/10_Metas/23/12/20191023120500_00160.png,687.6,857,134.6,15.8,953
10/23/2019 12:06,datasets/dataset_cropped/10_Metas/23/12/20191023120600_00160.jpg,datasets_flow/dataset_cropped/10_Metas/23/12/20191023120600_00160.jpg,datasets_cloudmask/dataset_cropped/10_Metas/23/12/20191023120600_00160.png,663.1,822,132,15.7,953
10/23/2019 12:07,datasets/dataset_cropped/10_Metas/23/12/20191023120700_00160.jpg,datasets_flow/dataset_cropped/10_Metas/23/12/20191023120700_00160.jpg,datasets_cloudmask/dataset_cropped/10_Metas/23/12/20191023120700_00160.png,685.1,858,130.5,15.6,953
10/23/2019 12:08,datasets/dataset_cropped/10_Metas/23/12/20191023120800_00160.jpg,datasets_flow/dataset_cropped/10_Metas/23/12/20191023120800_00160.jpg,datasets_cloudmask/dataset_cropped/10_Metas/23/12/20191023120800_00160.png,693,872,128.7,15.6,953
10/23/2019 12:09,datasets/dataset_cropped/10_Metas/23/12/20191023120900_00160.jpg,datasets_flow/dataset_cropped/10_Metas/23/12/20191023120900_00160.jpg,datasets_cloudmask/dataset_cropped/10_Metas/23/12/20191023120900_00160.png,679.2,853,126.2,15.5,953
10/23/2019 12:10,datasets/dataset_cropped/10_Metas/23/12/20191023121000_00160.jpg,datasets_flow/dataset_cropped/10_Metas/23/12/20191023121000_00160.jpg,datasets_cloudmask/dataset_cropped/10_Metas/23/12/20191023121000_00160.png,660.3,826,124.2,15.5,953
10/23/2019 12:11,datasets/dataset_cropped/10_Metas/23/12/20191023121100_00160.jpg,datasets_flow/dataset_cropped/10_Metas/23/12/20191023121100_00160.jpg,datasets_cloudmask/dataset_cropped/10_Metas/23/12/20191023121100_00160.png,686.4,867,123.3,15.7,953
10/23/2019 12:12,datasets/dataset_cropped/10_Metas/23/12/20191023121200_00160.jpg,datasets_flow/dataset_cropped/10_Metas/23/12/20191023121200_00160.jpg,datasets_cloudmask/dataset_cropped/10_Metas/23/12/20191023121200_00160.png,708.2,903,121.8,15.4,953
10/23/2019 12:13,datasets/dataset_cropped/10_Metas/23/12/20191023121300_00160.jpg,datasets_flow/dataset_cropped/10_Metas/23/12/20191023121300_00160.jpg,datasets_cloudmask/dataset_cropped/10_Metas/23/12/20191023121300_00160.png,710.5,909,120.2,15.4,953
10/23/2019 12:14,datasets/dataset_cropped/10_Metas/23/12/20191023121400_00160.jpg,datasets_flow/dataset_cropped/10_Metas/23/12/20191023121400_00160.jpg,datasets_cloudmask/dataset_cropped/10_Metas/23/12/20191023121400_00160.png,710.2,910,118.9,15.6,953
10/23/2019 12:15,datasets/dataset_cropped/10_Metas/23/12/20191023121500_00160.jpg,datasets_flow/dataset_cropped/10_Metas/23/12/20191023121500_00160.jpg,datasets_cloudmask/dataset_cropped/10_Metas/23/12/20191023121500_00160.png,710.5,909,118.8,15.9,953
10/23/2019 12:16,datasets/dataset_cropped/10_Metas/23/12/20191023121600_00160.jpg,datasets_flow/dataset_cropped/10_Metas/23/12/20191023121600_00160.jpg,datasets_cloudmask/dataset_cropped/10_Metas/23/12/20191023121600_00160.png,711.3,909,119.5,16.1,953
10/23/2019 12:17,datasets/dataset_cropped/10_Metas/23/12/20191023121700_00160.jpg,datasets_flow/dataset_cropped/10_Metas/23/12/20191023121700_00160.jpg,datasets_cloudmask/dataset_cropped/10_Metas/23/12/20191023121700_00160.png,712.7,907,121.3,16.3,953
10/23/2019 12:18,datasets/dataset_cropped/10_Metas/23/12/20191023121800_00160.jpg,datasets_flow/dataset_cropped/10_Metas/23/12/20191023121800_00160.jpg,datasets_cloudmask/dataset_cropped/10_Metas/23/12/20191023121800_00160.png,716.1,908,123.6,16.3,953
10/23/2019 12:19,datasets/dataset_cropped/10_Metas/23/12/20191023121900_00160.jpg,datasets_flow/dataset_cropped/10_Metas/23/12/20191023121900_00160.jpg,datasets_cloudmask/dataset_cropped/10_Metas/23/12/20191023121900_00160.png,724.1,908,131.7,16.3,953
10/23/2019 12:20,datasets/dataset_cropped/10_Metas/23/12/20191023122000_00160.jpg,datasets_flow/dataset_cropped/10_Metas/23/12/20191023122000_00160.jpg,datasets_cloudmask/dataset_cropped/10_Metas/23/12/20191023122000_00160.png,736.6,904,146.1,16.4,953
10/23/2019 12:21,datasets/dataset_cropped/10_Metas/23/12/20191023122100_00160.jpg,datasets_flow/dataset_cropped/10_Metas/23/12/20191023122100_00160.jpg,datasets_cloudmask/dataset_cropped/10_Metas/23/12/20191023122100_00160.png,745.1,905,153.7,16.4,953
10/23/2019 12:22,datasets/dataset_cropped/10_Metas/23/12/20191023122200_00160.jpg,datasets_flow/dataset_cropped/10_Metas/23/12/20191023122200_00160.jpg,datasets_cloudmask/dataset_cropped/10_Metas/23/12/20191023122200_00160.png,742.5,908,148.5,16.5,953
10/23/2019 12:23,datasets/dataset_cropped/10_Metas/23/12/20191023122300_00160.jpg,datasets_flow/dataset_cropped/10_Metas/23/12/20191023122300_00160.jpg,datasets_cloudmask/dataset_cropped/10_Metas/23/12/20191023122300_00160.png,731.3,912,134.5,16.2,953
10/23/2019 12:24,datasets/dataset_cropped/10_Metas/23/12/20191023122400_00160.jpg,datasets_flow/dataset_cropped/10_Metas/23/12/20191023122400_00160.jpg,datasets_cloudmask/dataset_cropped/10_Metas/23/12/20191023122400_00160.png,721.8,913,123.9,16.2,953
10/23/2019 12:25,datasets/dataset_cropped/10_Metas/23/12/20191023122500_00160.jpg,datasets_flow/dataset_cropped/10_Metas/23/12/20191023122500_00160.jpg,datasets_cloudmask/dataset_cropped/10_Metas/23/12/20191023122500_00160.png,716.1,909,120.5,16.6,953
10/23/2019 12:26,datasets/dataset_cropped/10_Metas/23/12/20191023122600_00160.jpg,datasets_flow/dataset_cropped/10_Metas/23/12/20191023122600_00160.jpg,datasets_cloudmask/dataset_cropped/10_Metas/23/12/20191023122600_00160.png,718,909,121.6,16.9,953
10/23/2019 12:27,datasets/dataset_cropped/10_Metas/23/12/20191023122700_00160.jpg,datasets_flow/dataset_cropped/10_Metas/23/12/20191023122700_00160.jpg,datasets_cloudmask/dataset_cropped/10_Metas/23/12/20191023122700_00160.png,722,910,124.4,16.6,953
10/23/2019 12:28,datasets/dataset_cropped/10_Metas/23/12/20191023122800_00160.jpg,datasets_flow/dataset_cropped/10_Metas/23/12/20191023122800_00160.jpg,datasets_cloudmask/dataset_cropped/10_Metas/23/12/20191023122800_00160.png,720.6,908,124.1,16.3,953
10/23/2019 12:29,datasets/dataset_cropped/10_Metas/23/12/20191023122900_00160.jpg,datasets_flow/dataset_cropped/10_Metas/23/12/20191023122900_00160.jpg,datasets_cloudmask/dataset_cropped/10_Metas/23/12/20191023122900_00160.png,714.7,907,118.1,16.2,953
10/23/2019 12:30,datasets/dataset_cropped/10_Metas/23/12/20191023123000_00160.jpg,datasets_flow/dataset_cropped/10_Metas/23/12/20191023123000_00160.jpg,datasets_cloudmask/dataset_cropped/10_Metas/23/12/20191023123000_00160.png,709.9,908,112.6,16.3,953
10/23/2019 12:31,datasets/dataset_cropped/10_Metas/23/12/20191023123100_00160.jpg,datasets_flow/dataset_cropped/10_Metas/23/12/20191023123100_00160.jpg,datasets_cloudmask/dataset_cropped/10_Metas/23/12/20191023123100_00160.png,708.4,909,110.3,16.3,953
10/23/2019 12:32,datasets/dataset_cropped/10_Metas/23/12/20191023123200_00160.jpg,datasets_flow/dataset_cropped/10_Metas/23/12/20191023123200_00160.jpg,datasets_cloudmask/dataset_cropped/10_Metas/23/12/20191023123200_00160.png,707.2,908,109.4,16.4,953
10/23/2019 12:33,datasets/dataset_cropped/10_Metas/23/12/20191023123300_00160.jpg,datasets_flow/dataset_cropped/10_Metas/23/12/20191023123300_00160.jpg,datasets_cloudmask/dataset_cropped/10_Metas/23/12/20191023123300_00160.png,707.6,909,108.9,16.6,953
10/23/2019 12:34,datasets/dataset_cropped/10_Metas/23/12/20191023123400_00160.jpg,datasets_flow/dataset_cropped/10_Metas/23/12/20191023123400_00160.jpg,datasets_cloudmask/dataset_cropped/10_Metas/23/12/20191023123400_00160.png,708.1,911,108.5,16.6,953
10/23/2019 12:35,datasets/dataset_cropped/10_Metas/23/12/20191023123500_00160.jpg,datasets_flow/dataset_cropped/10_Metas/23/12/20191023123500_00160.jpg,datasets_cloudmask/dataset_cropped/10_Metas/23/12/20191023123500_00160.png,707.2,910,107.8,16.8,953
10/23/2019 12:36,datasets/dataset_cropped/10_Metas/23/12/20191023123600_00160.jpg,datasets_flow/dataset_cropped/10_Metas/23/12/20191023123600_00160.jpg,datasets_cloudmask/dataset_cropped/10_Metas/23/12/20191023123600_00160.png,707.8,910,107.5,16.8,953
10/23/2019 12:37,datasets/dataset_cropped/10_Metas/23/12/20191023123700_00160.jpg,datasets_flow/dataset_cropped/10_Metas/23/12/20191023123700_00160.jpg,datasets_cloudmask/dataset_cropped/10_Metas/23/12/20191023123700_00160.png,707.7,909,108.1,16.7,953
10/23/2019 12:38,datasets/dataset_cropped/10_Metas/23/12/20191023123800_00160.jpg,datasets_flow/dataset_cropped/10_Metas/23/12/20191023123800_00160.jpg,datasets_cloudmask/dataset_cropped/10_Metas/23/12/20191023123800_00160.png,708.5,909,108.7,16.7,953
10/23/2019 12:39,datasets/dataset_cropped/10_Metas/23/12/20191023123900_00160.jpg,datasets_flow/dataset_cropped/10_Metas/23/12/20191023123900_00160.jpg,datasets_cloudmask/dataset_cropped/10_Metas/23/12/20191023123900_00160.png,709.4,910,108.7,16.7,953
10/23/2019 12:40,datasets/dataset_cropped/10_Metas/23/12/20191023124000_00160.jpg,datasets_flow/dataset_cropped/10_Metas/23/12/20191023124000_00160.jpg,datasets_cloudmask/dataset_cropped/10_Metas/23/12/20191023124000_00160.png,709.3,910,108.2,16.6,953
10/23/2019 12:41,datasets/dataset_cropped/10_Metas/23/12/20191023124100_00160.jpg,datasets_flow/dataset_cropped/10_Metas/23/12/20191023124100_00160.jpg,datasets_cloudmask/dataset_cropped/10_Metas/23/12/20191023124100_00160.png,708.9,910,107.5,16.4,953
10/23/2019 12:42,datasets/dataset_cropped/10_Metas/23/12/20191023124200_00160.jpg,datasets_flow/dataset_cropped/10_Metas/23/12/20191023124200_00160.jpg,datasets_cloudmask/dataset_cropped/10_Metas/23/12/20191023124200_00160.png,707.8,909,107.3,16.4,953
10/23/2019 12:43,datasets/dataset_cropped/10_Metas/23/12/20191023124300_00160.jpg,datasets_flow/dataset_cropped/10_Metas/23/12/20191023124300_00160.jpg,datasets_cloudmask/dataset_cropped/10_Metas/23/12/20191023124300_00160.png,707.4,907,107.6,16.7,953
10/23/2019 12:44,datasets/dataset_cropped/10_Metas/23/12/20191023124400_00160.jpg,datasets_flow/dataset_cropped/10_Metas/23/12/20191023124400_00160.jpg,datasets_cloudmask/dataset_cropped/10_Metas/23/12/20191023124400_00160.png,707.5,907,107.8,16.6,953
10/23/2019 12:45,datasets/dataset_cropped/10_Metas/23/12/20191023124500_00160.jpg,datasets_flow/dataset_cropped/10_Metas/23/12/20191023124500_00160.jpg,datasets_cloudmask/dataset_cropped/10_Metas/23/12/20191023124500_00160.png,708.1,907,108.2,16.4,953
10/23/2019 12:46,datasets/dataset_cropped/10_Metas/23/12/20191023124600_00160.jpg,datasets_flow/dataset_cropped/10_Metas/23/12/20191023124600_00160.jpg,datasets_cloudmask/dataset_cropped/10_Metas/23/12/20191023124600_00160.png,708.3,906,108.8,16.3,953
10/23/2019 12:47,datasets/dataset_cropped/10_Metas/23/12/20191023124700_00160.jpg,datasets_flow/dataset_cropped/10_Metas/23/12/20191023124700_00160.jpg,datasets_cloudmask/dataset_cropped/10_Metas/23/12/20191023124700_00160.png,708.7,905,109.5,16.3,953
10/23/2019 12:48,datasets/dataset_cropped/10_Metas/23/12/20191023124800_00160.jpg,datasets_flow/dataset_cropped/10_Metas/23/12/20191023124800_00160.jpg,datasets_cloudmask/dataset_cropped/10_Metas/23/12/20191023124800_00160.png,707.3,903,109.4,16.4,953
10/23/2019 12:49,datasets/dataset_cropped/10_Metas/23/12/20191023124900_00160.jpg,datasets_flow/dataset_cropped/10_Metas/23/12/20191023124900_00160.jpg,datasets_cloudmask/dataset_cropped/10_Metas/23/12/20191023124900_00160.png,706,901,108.7,16.4,953
10/23/2019 12:50,datasets/dataset_cropped/10_Metas/23/12/20191023125000_00160.jpg,datasets_flow/dataset_cropped/10_Metas/23/12/20191023125000_00160.jpg,datasets_cloudmask/dataset_cropped/10_Metas/23/12/20191023125000_00160.png,708.6,905,109,16.5,953
10/23/2019 12:51,datasets/dataset_cropped/10_Metas/23/12/20191023125100_00160.jpg,datasets_flow/dataset_cropped/10_Metas/23/12/20191023125100_00160.jpg,datasets_cloudmask/dataset_cropped/10_Metas/23/12/20191023125100_00160.png,710.2,907,109.5,16.7,953
10/23/2019 12:52,datasets/dataset_cropped/10_Metas/23/12/20191023125200_00160.jpg,datasets_flow/dataset_cropped/10_Metas/23/12/20191023125200_00160.jpg,datasets_cloudmask/dataset_cropped/10_Metas/23/12/20191023125200_00160.png,711.1,909,109.4,16.8,953
10/23/2019 12:53,datasets/dataset_cropped/10_Metas/23/12/20191023125300_00160.jpg,datasets_flow/dataset_cropped/10_Metas/23/12/20191023125300_00160.jpg,datasets_cloudmask/dataset_cropped/10_Metas/23/12/20191023125300_00160.png,712.5,911,109.6,16.6,953
10/23/2019 12:54,datasets/dataset_cropped/10_Metas/23/12/20191023125400_00160.jpg,datasets_flow/dataset_cropped/10_Metas/23/12/20191023125400_00160.jpg,datasets_cloudmask/dataset_cropped/10_Metas/23/12/20191023125400_00160.png,711.3,909,109.6,16.8,953
10/23/2019 12:55,datasets/dataset_cropped/10_Metas/23/12/20191023125500_00160.jpg,datasets_flow/dataset_cropped/10_Metas/23/12/20191023125500_00160.jpg,datasets_cloudmask/dataset_cropped/10_Metas/23/12/20191023125500_00160.png,710.9,909,109.4,16.8,953
10/23/2019 12:56,datasets/dataset_cropped/10_Metas/23/12/20191023125600_00160.jpg,datasets_flow/dataset_cropped/10_Metas/23/12/20191023125600_00160.jpg,datasets_cloudmask/dataset_cropped/10_Metas/23/12/20191023125600_00160.png,711.6,910,109.1,17,953
10/23/2019 12:57,datasets/dataset_cropped/10_Metas/23/12/20191023125700_00160.jpg,datasets_flow/dataset_cropped/10_Metas/23/12/20191023125700_00160.jpg,datasets_cloudmask/dataset_cropped/10_Metas/23/12/20191023125700_00160.png,710.3,908,109.3,16.9,953
10/23/2019 12:58,datasets/dataset_cropped/10_Metas/23/12/20191023125800_00160.jpg,datasets_flow/dataset_cropped/10_Metas/23/12/20191023125800_00160.jpg,datasets_cloudmask/dataset_cropped/10_Metas/23/12/20191023125800_00160.png,710.2,908,109.2,16.7,953
10/23/2019 12:59,datasets/dataset_cropped/10_Metas/23/12/20191023125900_00160.jpg,datasets_flow/dataset_cropped/10_Metas/23/12/20191023125900_00160.jpg,datasets_cloudmask/dataset_cropped/10_Metas/23/12/20191023125900_00160.png,710.9,910,108.9,16.8,953
10/23/2019 13:00,datasets/dataset_cropped/10_Metas/23/13/20191023130000_00160.jpg,datasets_flow/dataset_cropped/10_Metas/23/13/20191023130000_00160.jpg,datasets_cloudmask/dataset_cropped/10_Metas/23/13/20191023130000_00160.png,710.2,909,108.9,16.9,953
10/23/2019 13:01,datasets/dataset_cropped/10_Metas/23/13/20191023130100_00160.jpg,datasets_flow/dataset_cropped/10_Metas/23/13/20191023130100_00160.jpg,datasets_cloudmask/dataset_cropped/10_Metas/23/13/20191023130100_00160.png,709.3,907,109.1,17,953
10/23/2019 13:02,datasets/dataset_cropped/10_Metas/23/13/20191023130200_00160.jpg,datasets_flow/dataset_cropped/10_Metas/23/13/20191023130200_00160.jpg,datasets_cloudmask/dataset_cropped/10_Metas/23/13/20191023130200_00160.png,708.5,905,109.2,17,953
10/23/2019 13:03,datasets/dataset_cropped/10_Metas/23/13/20191023130300_00160.jpg,datasets_flow/dataset_cropped/10_Metas/23/13/20191023130300_00160.jpg,datasets_cloudmask/dataset_cropped/10_Metas/23/13/20191023130300_00160.png,709.2,906,109.7,17.2,953
10/23/2019 13:04,datasets/dataset_cropped/10_Metas/23/13/20191023130400_00160.jpg,datasets_flow/dataset_cropped/10_Metas/23/13/20191023130400_00160.jpg,datasets_cloudmask/dataset_cropped/10_Metas/23/13/20191023130400_00160.png,709.1,906,109.7,17,953
10/23/2019 13:05,datasets/dataset_cropped/10_Metas/23/13/20191023130500_00160.jpg,datasets_flow/dataset_cropped/10_Metas/23/13/20191023130500_00160.jpg,datasets_cloudmask/dataset_cropped/10_Metas/23/13/20191023130500_00160.png,709.4,906,109.9,17.1,953
10/23/2019 13:06,datasets/dataset_cropped/10_Metas/23/13/20191023130600_00160.jpg,datasets_flow/dataset_cropped/10_Metas/23/13/20191023130600_00160.jpg,datasets_cloudmask/dataset_cropped/10_Metas/23/13/20191023130600_00160.png,709.6,907,109.6,17.1,953
10/23/2019 13:07,datasets/dataset_cropped/10_Metas/23/13/20191023130700_00160.jpg,datasets_flow/dataset_cropped/10_Metas/23/13/20191023130700_00160.jpg,datasets_cloudmask/dataset_cropped/10_Metas/23/13/20191023130700_00160.png,709.8,908,109.4,17.2,953
10/23/2019 13:08,datasets/dataset_cropped/10_Metas/23/13/20191023130800_00160.jpg,datasets_flow/dataset_cropped/10_Metas/23/13/20191023130800_00160.jpg,datasets_cloudmask/dataset_cropped/10_Metas/23/13/20191023130800_00160.png,709.5,908,109.3,17.1,953
10/23/2019 13:09,datasets/dataset_cropped/10_Metas/23/13/20191023130900_00160.jpg,datasets_flow/dataset_cropped/10_Metas/23/13/20191023130900_00160.jpg,datasets_cloudmask/dataset_cropped/10_Metas/23/13/20191023130900_00160.png,708.5,906,109.6,17.1,953
10/23/2019 13:10,datasets/dataset_cropped/10_Metas/23/13/20191023131000_00160.jpg,datasets_flow/dataset_cropped/10_Metas/23/13/20191023131000_00160.jpg,datasets_cloudmask/dataset_cropped/10_Metas/23/13/20191023131000_00160.png,707.3,905,109.9,17.2,953
10/23/2019 13:11,datasets/dataset_cropped/10_Metas/23/13/20191023131100_00160.jpg,datasets_flow/dataset_cropped/10_Metas/23/13/20191023131100_00160.jpg,datasets_cloudmask/dataset_cropped/10_Metas/23/13/20191023131100_00160.png,707.2,905,110,17.1,953
10/23/2019 13:12,datasets/dataset_cropped/10_Metas/23/13/20191023131200_00160.jpg,datasets_flow/dataset_cropped/10_Metas/23/13/20191023131200_00160.jpg,datasets_cloudmask/dataset_cropped/10_Metas/23/13/20191023131200_00160.png,705.6,902,110,17.3,953
10/23/2019 13:13,datasets/dataset_cropped/10_Metas/23/13/20191023131300_00160.jpg,datasets_flow/dataset_cropped/10_Metas/23/13/20191023131300_00160.jpg,datasets_cloudmask/dataset_cropped/10_Metas/23/13/20191023131300_00160.png,704.1,900,110.2,17.4,953
10/23/2019 13:14,datasets/dataset_cropped/10_Metas/23/13/20191023131400_00160.jpg,datasets_flow/dataset_cropped/10_Metas/23/13/20191023131400_00160.jpg,datasets_cloudmask/dataset_cropped/10_Metas/23/13/20191023131400_00160.png,704.2,900,110.6,17.4,952
10/23/2019 13:15,datasets/dataset_cropped/10_Metas/23/13/20191023131500_00160.jpg,datasets_flow/dataset_cropped/10_Metas/23/13/20191023131500_00160.jpg,datasets_cloudmask/dataset_cropped/10_Metas/23/13/20191023131500_00160.png,704.3,900,111,17,953
10/23/2019 13:16,datasets/dataset_cropped/10_Metas/23/13/20191023131600_00160.jpg,datasets_flow/dataset_cropped/10_Metas/23/13/20191023131600_00160.jpg,datasets_cloudmask/dataset_cropped/10_Metas/23/13/20191023131600_00160.png,704.1,898,111.9,16.9,953
10/23/2019 13:17,datasets/dataset_cropped/10_Metas/23/13/20191023131700_00160.jpg,datasets_flow/dataset_cropped/10_Metas/23/13/20191023131700_00160.jpg,datasets_cloudmask/dataset_cropped/10_Metas/23/13/20191023131700_00160.png,704.1,898,112.7,16.8,953
10/23/2019 13:18,datasets/dataset_cropped/10_Metas/23/13/20191023131800_00160.jpg,datasets_flow/dataset_cropped/10_Metas/23/13/20191023131800_00160.jpg,datasets_cloudmask/dataset_cropped/10_Metas/23/13/20191023131800_00160.png,703.4,896,113.4,16.9,953
10/23/2019 13:19,datasets/dataset_cropped/10_Metas/23/13/20191023131900_00160.jpg,datasets_flow/dataset_cropped/10_Metas/23/13/20191023131900_00160.jpg,datasets_cloudmask/dataset_cropped/10_Metas/23/13/20191023131900_00160.png,701.5,894,113.5,17.1,953
10/23/2019 13:20,datasets/dataset_cropped/10_Metas/23/13/20191023132000_00160.jpg,datasets_flow/dataset_cropped/10_Metas/23/13/20191023132000_00160.jpg,datasets_cloudmask/dataset_cropped/10_Metas/23/13/20191023132000_00160.png,701.1,894,113.6,16.9,953
10/23/2019 13:21,datasets/dataset_cropped/10_Metas/23/13/20191023132100_00160.jpg,datasets_flow/dataset_cropped/10_Metas/23/13/20191023132100_00160.jpg,datasets_cloudmask/dataset_cropped/10_Metas/23/13/20191023132100_00160.png,700,892,113.9,16.8,952
10/23/2019 13:22,datasets/dataset_cropped/10_Metas/23/13/20191023132200_00160.jpg,datasets_flow/dataset_cropped/10_Metas/23/13/20191023132200_00160.jpg,datasets_cloudmask/dataset_cropped/10_Metas/23/13/20191023132200_00160.png,700.6,892,114.6,16.8,952
10/23/2019 13:23,datasets/dataset_cropped/10_Metas/23/13/20191023132300_00160.jpg,datasets_flow/dataset_cropped/10_Metas/23/13/20191023132300_00160.jpg,datasets_cloudmask/dataset_cropped/10_Metas/23/13/20191023132300_00160.png,701.7,893,115.4,16.9,953
10/23/2019 13:24,datasets/dataset_cropped/10_Metas/23/13/20191023132400_00160.jpg,datasets_flow/dataset_cropped/10_Metas/23/13/20191023132400_00160.jpg,datasets_cloudmask/dataset_cropped/10_Metas/23/13/20191023132400_00160.png,700.6,892,115.9,16.9,952
10/23/2019 13:25,datasets/dataset_cropped/10_Metas/23/13/20191023132500_00160.jpg,datasets_flow/dataset_cropped/10_Metas/23/13/20191023132500_00160.jpg,datasets_cloudmask/dataset_cropped/10_Metas/23/13/20191023132500_00160.png,700,890,116.2,17.2,952
10/23/2019 13:26,datasets/dataset_cropped/10_Metas/23/13/20191023132600_00160.jpg,datasets_flow/dataset_cropped/10_Metas/23/13/20191023132600_00160.jpg,datasets_cloudmask/dataset_cropped/10_Metas/23/13/20191023132600_00160.png,699.6,890,116.6,17.4,953
10/23/2019 13:27,datasets/dataset_cropped/10_Metas/23/13/20191023132700_00160.jpg,datasets_flow/dataset_cropped/10_Metas/23/13/20191023132700_00160.jpg,datasets_cloudmask/dataset_cropped/10_Metas/23/13/20191023132700_00160.png,697.6,887,116.9,17.2,952
10/23/2019 13:28,datasets/dataset_cropped/10_Metas/23/13/20191023132800_00160.jpg,datasets_flow/dataset_cropped/10_Metas/23/13/20191023132800_00160.jpg,datasets_cloudmask/dataset_cropped/10_Metas/23/13/20191023132800_00160.png,697,886,117.5,17.1,952
10/23/2019 13:29,datasets/dataset_cropped/10_Metas/23/13/20191023132900_00160.jpg,datasets_flow/dataset_cropped/10_Metas/23/13/20191023132900_00160.jpg,datasets_cloudmask/dataset_cropped/10_Metas/23/13/20191023132900_00160.png,693.8,881,117.9,17,952
10/23/2019 13:30,datasets/dataset_cropped/10_Metas/23/13/20191023133000_00160.jpg,datasets_flow/dataset_cropped/10_Metas/23/13/20191023133000_00160.jpg,datasets_cloudmask/dataset_cropped/10_Metas/23/13/20191023133000_00160.png,695.7,884,118.1,16.8,952
10/23/2019 13:31,datasets/dataset_cropped/10_Metas/23/13/20191023133100_00160.jpg,datasets_flow/dataset_cropped/10_Metas/23/13/20191023133100_00160.jpg,datasets_cloudmask/dataset_cropped/10_Metas/23/13/20191023133100_00160.png,697,886,119,16.8,952
10/23/2019 13:32,datasets/dataset_cropped/10_Metas/23/13/20191023133200_00160.jpg,datasets_flow/dataset_cropped/10_Metas/23/13/20191023133200_00160.jpg,datasets_cloudmask/dataset_cropped/10_Metas/23/13/20191023133200_00160.png,696.5,884,119.9,16.6,952
10/23/2019 13:33,datasets/dataset_cropped/10_Metas/23/13/20191023133300_00160.jpg,datasets_flow/dataset_cropped/10_Metas/23/13/20191023133300_00160.jpg,datasets_cloudmask/dataset_cropped/10_Metas/23/13/20191023133300_00160.png,699.5,889,120.5,16.9,952
10/23/2019 13:34,datasets/dataset_cropped/10_Metas/23/13/20191023133400_00160.jpg,datasets_flow/dataset_cropped/10_Metas/23/13/20191023133400_00160.jpg,datasets_cloudmask/dataset_cropped/10_Metas/23/13/20191023133400_00160.png,701.2,891,121.5,17,952
10/23/2019 13:35,datasets/dataset_cropped/10_Metas/23/13/20191023133500_00160.jpg,datasets_flow/dataset_cropped/10_Metas/23/13/20191023133500_00160.jpg,datasets_cloudmask/dataset_cropped/10_Metas/23/13/20191023133500_00160.png,701.5,891,122.4,17,953
10/23/2019 13:36,datasets/dataset_cropped/10_Metas/23/13/20191023133600_00160.jpg,datasets_flow/dataset_cropped/10_Metas/23/13/20191023133600_00160.jpg,datasets_cloudmask/dataset_cropped/10_Metas/23/13/20191023133600_00160.png,703,890,124.2,16.9,953
10/23/2019 13:37,datasets/dataset_cropped/10_Metas/23/13/20191023133700_00160.jpg,datasets_flow/dataset_cropped/10_Metas/23/13/20191023133700_00160.jpg,datasets_cloudmask/dataset_cropped/10_Metas/23/13/20191023133700_00160.png,705.4,890,126.8,16.9,953
10/23/2019 13:38,datasets/dataset_cropped/10_Metas/23/13/20191023133800_00160.jpg,datasets_flow/dataset_cropped/10_Metas/23/13/20191023133800_00160.jpg,datasets_cloudmask/dataset_cropped/10_Metas/23/13/20191023133800_00160.png,708.3,889,131,17.1,953
10/23/2019 13:39,datasets/dataset_cropped/10_Metas/23/13/20191023133900_00160.jpg,datasets_flow/dataset_cropped/10_Metas/23/13/20191023133900_00160.jpg,datasets_cloudmask/dataset_cropped/10_Metas/23/13/20191023133900_00160.png,712.3,887,136.6,17.5,953
10/23/2019 13:40,datasets/dataset_cropped/10_Metas/23/13/20191023134000_00160.jpg,datasets_flow/dataset_cropped/10_Metas/23/13/20191023134000_00160.jpg,datasets_cloudmask/dataset_cropped/10_Metas/23/13/20191023134000_00160.png,719.9,887,144.3,17.4,953
10/23/2019 13:41,datasets/dataset_cropped/10_Metas/23/13/20191023134100_00160.jpg,datasets_flow/dataset_cropped/10_Metas/23/13/20191023134100_00160.jpg,datasets_cloudmask/dataset_cropped/10_Metas/23/13/20191023134100_00160.png,728.5,886,154.4,17.6,953
10/23/2019 13:42,datasets/dataset_cropped/10_Metas/23/13/20191023134200_00160.jpg,datasets_flow/dataset_cropped/10_Metas/23/13/20191023134200_00160.jpg,datasets_cloudmask/dataset_cropped/10_Metas/23/13/20191023134200_00160.png,740.4,885,167.4,17.3,953
10/23/2019 13:43,datasets/dataset_cropped/10_Metas/23/13/20191023134300_00160.jpg,datasets_flow/dataset_cropped/10_Metas/23/13/20191023134300_00160.jpg,datasets_cloudmask/dataset_cropped/10_Metas/23/13/20191023134300_00160.png,750,879,181.4,17,953
10/23/2019 13:44,datasets/dataset_cropped/10_Metas/23/13/20191023134400_00160.jpg,datasets_flow/dataset_cropped/10_Metas/23/13/20191023134400_00160.jpg,datasets_cloudmask/dataset_cropped/10_Metas/23/13/20191023134400_00160.png,759.1,871,197.1,17,953
10/23/2019 13:45,datasets/dataset_cropped/10_Metas/23/13/20191023134500_00160.jpg,datasets_flow/dataset_cropped/10_Metas/23/13/20191023134500_00160.jpg,datasets_cloudmask/dataset_cropped/10_Metas/23/13/20191023134500_00160.png,764.7,839,223.5,17.2,953
10/23/2019 13:46,datasets/dataset_cropped/10_Metas/23/13/20191023134600_00160.jpg,datasets_flow/dataset_cropped/10_Metas/23/13/20191023134600_00160.jpg,datasets_cloudmask/dataset_cropped/10_Metas/23/13/20191023134600_00160.png,672.5,653.6,253.5,17.3,953
10/23/2019 13:47,datasets/dataset_cropped/10_Metas/23/13/20191023134700_00160.jpg,datasets_flow/dataset_cropped/10_Metas/23/13/20191023134700_00160.jpg,datasets_cloudmask/dataset_cropped/10_Metas/23/13/20191023134700_00160.png,568.5,467.8,268.2,17.4,953
10/23/2019 13:48,datasets/dataset_cropped/10_Metas/23/13/20191023134800_00160.jpg,datasets_flow/dataset_cropped/10_Metas/23/13/20191023134800_00160.jpg,datasets_cloudmask/dataset_cropped/10_Metas/23/13/20191023134800_00160.png,451,284.5,269.9,17.7,953
10/23/2019 13:49,datasets/dataset_cropped/10_Metas/23/13/20191023134900_00160.jpg,datasets_flow/dataset_cropped/10_Metas/23/13/20191023134900_00160.jpg,datasets_cloudmask/dataset_cropped/10_Metas/23/13/20191023134900_00160.png,319,83.5,265.8,17.8,953
10/23/2019 13:50,datasets/dataset_cropped/10_Metas/23/13/20191023135000_00160.jpg,datasets_flow/dataset_cropped/10_Metas/23/13/20191023135000_00160.jpg,datasets_cloudmask/dataset_cropped/10_Metas/23/13/20191023135000_00160.png,258.9,1.1,256.3,17.5,953
10/23/2019 13:51,datasets/dataset_cropped/10_Metas/23/13/20191023135100_00160.jpg,datasets_flow/dataset_cropped/10_Metas/23/13/20191023135100_00160.jpg,datasets_cloudmask/dataset_cropped/10_Metas/23/13/20191023135100_00160.png,271.5,10.2,261.9,17.4,953
10/23/2019 13:52,datasets/dataset_cropped/10_Metas/23/13/20191023135200_00160.jpg,datasets_flow/dataset_cropped/10_Metas/23/13/20191023135200_00160.jpg,datasets_cloudmask/dataset_cropped/10_Metas/23/13/20191023135200_00160.png,557.6,426.7,285,17.2,953
10/23/2019 13:53,datasets/dataset_cropped/10_Metas/23/13/20191023135300_00160.jpg,datasets_flow/dataset_cropped/10_Metas/23/13/20191023135300_00160.jpg,datasets_cloudmask/dataset_cropped/10_Metas/23/13/20191023135300_00160.png,657,568.8,293.8,17.2,953
10/23/2019 13:54,datasets/dataset_cropped/10_Metas/23/13/20191023135400_00160.jpg,datasets_flow/dataset_cropped/10_Metas/23/13/20191023135400_00160.jpg,datasets_cloudmask/dataset_cropped/10_Metas/23/13/20191023135400_00160.png,291.7,0.6,288.8,17.1,953
10/23/2019 13:55,datasets/dataset_cropped/10_Metas/23/13/20191023135500_00160.jpg,datasets_flow/dataset_cropped/10_Metas/23/13/20191023135500_00160.jpg,datasets_cloudmask/dataset_cropped/10_Metas/23/13/20191023135500_00160.png,308.6,20,291.2,17.3,953
10/23/2019 13:56,datasets/dataset_cropped/10_Metas/23/13/20191023135600_00160.jpg,datasets_flow/dataset_cropped/10_Metas/23/13/20191023135600_00160.jpg,datasets_cloudmask/dataset_cropped/10_Metas/23/13/20191023135600_00160.png,758.6,711.6,303.6,17.6,953
10/23/2019 13:57,datasets/dataset_cropped/10_Metas/23/13/20191023135700_00160.jpg,datasets_flow/dataset_cropped/10_Metas/23/13/20191023135700_00160.jpg,datasets_cloudmask/dataset_cropped/10_Metas/23/13/20191023135700_00160.png,533.7,351.8,311.4,17.4,953
10/23/2019 13:58,datasets/dataset_cropped/10_Metas/23/13/20191023135800_00160.jpg,datasets_flow/dataset_cropped/10_Metas/23/13/20191023135800_00160.jpg,datasets_cloudmask/dataset_cropped/10_Metas/23/13/20191023135800_00160.png,700.9,613.2,309.8,17.2,953
10/23/2019 13:59,datasets/dataset_cropped/10_Metas/23/13/20191023135900_00160.jpg,datasets_flow/dataset_cropped/10_Metas/23/13/20191023135900_00160.jpg,datasets_cloudmask/dataset_cropped/10_Metas/23/13/20191023135900_00160.png,729.3,684.9,295.1,17.2,953
10/23/2019 14:00,datasets/dataset_cropped/10_Metas/23/14/20191023140000_00160.jpg,datasets_flow/dataset_cropped/10_Metas/23/14/20191023140000_00160.jpg,datasets_cloudmask/dataset_cropped/10_Metas/23/14/20191023140000_00160.png,708.7,667.5,286.5,17.2,953
10/23/2019 14:01,datasets/dataset_cropped/10_Metas/23/14/20191023140100_00160.jpg,datasets_flow/dataset_cropped/10_Metas/23/14/20191023140100_00160.jpg,datasets_cloudmask/dataset_cropped/10_Metas/23/14/20191023140100_00160.png,514.2,370.1,279.7,17.2,952
10/23/2019 14:02,datasets/dataset_cropped/10_Metas/23/14/20191023140200_00160.jpg,datasets_flow/dataset_cropped/10_Metas/23/14/20191023140200_00160.jpg,datasets_cloudmask/dataset_cropped/10_Metas/23/14/20191023140200_00160.png,419,237.3,268.5,17.3,952
10/23/2019 14:03,datasets/dataset_cropped/10_Metas/23/14/20191023140300_00160.jpg,datasets_flow/dataset_cropped/10_Metas/23/14/20191023140300_00160.jpg,datasets_cloudmask/dataset_cropped/10_Metas/23/14/20191023140300_00160.png,491.7,388.7,245.9,17.5,952
10/23/2019 14:04,datasets/dataset_cropped/10_Metas/23/14/20191023140400_00160.jpg,datasets_flow/dataset_cropped/10_Metas/23/14/20191023140400_00160.jpg,datasets_cloudmask/dataset_cropped/10_Metas/23/14/20191023140400_00160.png,649.8,657.2,236.2,17.4,952
10/23/2019 14:05,datasets/dataset_cropped/10_Metas/23/14/20191023140500_00160.jpg,datasets_flow/dataset_cropped/10_Metas/23/14/20191023140500_00160.jpg,datasets_cloudmask/dataset_cropped/10_Metas/23/14/20191023140500_00160.png,569.1,538.6,230.1,17.5,953
10/23/2019 14:06,datasets/dataset_cropped/10_Metas/23/14/20191023140600_00160.jpg,datasets_flow/dataset_cropped/10_Metas/23/14/20191023140600_00160.jpg,datasets_cloudmask/dataset_cropped/10_Metas/23/14/20191023140600_00160.png,560.6,532.7,226,17.6,953
10/23/2019 14:07,datasets/dataset_cropped/10_Metas/23/14/20191023140700_00160.jpg,datasets_flow/dataset_cropped/10_Metas/23/14/20191023140700_00160.jpg,datasets_cloudmask/dataset_cropped/10_Metas/23/14/20191023140700_00160.png,606.7,622.7,216.7,17.7,952
10/23/2019 14:08,datasets/dataset_cropped/10_Metas/23/14/20191023140800_00160.jpg,datasets_flow/dataset_cropped/10_Metas/23/14/20191023140800_00160.jpg,datasets_cloudmask/dataset_cropped/10_Metas/23/14/20191023140800_00160.png,454.8,381.7,215.1,17.6,952
10/23/2019 14:09,datasets/dataset_cropped/10_Metas/23/14/20191023140900_00160.jpg,datasets_flow/dataset_cropped/10_Metas/23/14/20191023140900_00160.jpg,datasets_cloudmask/dataset_cropped/10_Metas/23/14/20191023140900_00160.png,386.7,267.7,218.1,17.6,952
10/23/2019 14:10,datasets/dataset_cropped/10_Metas/23/14/20191023141000_00160.jpg,datasets_flow/dataset_cropped/10_Metas/23/14/20191023141000_00160.jpg,datasets_cloudmask/dataset_cropped/10_Metas/23/14/20191023141000_00160.png,370.6,236.8,221.3,17.4,952
10/23/2019 14:11,datasets/dataset_cropped/10_Metas/23/14/20191023141100_00160.jpg,datasets_flow/dataset_cropped/10_Metas/23/14/20191023141100_00160.jpg,datasets_cloudmask/dataset_cropped/10_Metas/23/14/20191023141100_00160.png,431.6,324.9,228.1,17.5,952
10/23/2019 14:12,datasets/dataset_cropped/10_Metas/23/14/20191023141200_00160.jpg,datasets_flow/dataset_cropped/10_Metas/23/14/20191023141200_00160.jpg,datasets_cloudmask/dataset_cropped/10_Metas/23/14/20191023141200_00160.png,400.2,265.6,233.5,17.5,952
10/23/2019 14:13,datasets/dataset_cropped/10_Metas/23/14/20191023141300_00160.jpg,datasets_flow/dataset_cropped/10_Metas/23/14/20191023141300_00160.jpg,datasets_cloudmask/dataset_cropped/10_Metas/23/14/20191023141300_00160.png,332.2,153.4,235.2,17.2,952
10/23/2019 14:14,datasets/dataset_cropped/10_Metas/23/14/20191023141400_00160.jpg,datasets_flow/dataset_cropped/10_Metas/23/14/20191023141400_00160.jpg,datasets_cloudmask/dataset_cropped/10_Metas/23/14/20191023141400_00160.png,321.4,134.3,235.6,17.3,953
10/23/2019 14:15,datasets/dataset_cropped/10_Metas/23/14/20191023141500_00160.jpg,datasets_flow/dataset_cropped/10_Metas/23/14/20191023141500_00160.jpg,datasets_cloudmask/dataset_cropped/10_Metas/23/14/20191023141500_00160.png,321.8,134.6,235.8,17.2,952
10/23/2019 14:16,datasets/dataset_cropped/10_Metas/23/14/20191023141600_00160.jpg,datasets_flow/dataset_cropped/10_Metas/23/14/20191023141600_00160.jpg,datasets_cloudmask/dataset_cropped/10_Metas/23/14/20191023141600_00160.png,352.1,179.4,238.9,17,952
10/23/2019 14:17,datasets/dataset_cropped/10_Metas/23/14/20191023141700_00160.jpg,datasets_flow/dataset_cropped/10_Metas/23/14/20191023141700_00160.jpg,datasets_cloudmask/dataset_cropped/10_Metas/23/14/20191023141700_00160.png,387,228.2,244.4,16.8,952
10/23/2019 14:18,datasets/dataset_cropped/10_Metas/23/14/20191023141800_00160.jpg,datasets_flow/dataset_cropped/10_Metas/23/14/20191023141800_00160.jpg,datasets_cloudmask/dataset_cropped/10_Metas/23/14/20191023141800_00160.png,380.9,207.1,251.6,16.8,952
10/23/2019 14:19,datasets/dataset_cropped/10_Metas/23/14/20191023141900_00160.jpg,datasets_flow/dataset_cropped/10_Metas/23/14/20191023141900_00160.jpg,datasets_cloudmask/dataset_cropped/10_Metas/23/14/20191023141900_00160.png,400,226.3,259.5,16.8,952
10/23/2019 14:20,datasets/dataset_cropped/10_Metas/23/14/20191023142000_00160.jpg,datasets_flow/dataset_cropped/10_Metas/23/14/20191023142000_00160.jpg,datasets_cloudmask/dataset_cropped/10_Metas/23/14/20191023142000_00160.png,389.1,196,267.6,17,952
10/23/2019 14:21,datasets/dataset_cropped/10_Metas/23/14/20191023142100_00160.jpg,datasets_flow/dataset_cropped/10_Metas/23/14/20191023142100_00160.jpg,datasets_cloudmask/dataset_cropped/10_Metas/23/14/20191023142100_00160.png,464.8,308,275.8,17,952
10/23/2019 14:22,datasets/dataset_cropped/10_Metas/23/14/20191023142200_00160.jpg,datasets_flow/dataset_cropped/10_Metas/23/14/20191023142200_00160.jpg,datasets_cloudmask/dataset_cropped/10_Metas/23/14/20191023142200_00160.png,419.8,224.5,281.9,17,952
10/23/2019 14:23,datasets/dataset_cropped/10_Metas/23/14/20191023142300_00160.jpg,datasets_flow/dataset_cropped/10_Metas/23/14/20191023142300_00160.jpg,datasets_cloudmask/dataset_cropped/10_Metas/23/14/20191023142300_00160.png,437.2,246.2,286.6,17.1,952
10/23/2019 14:24,datasets/dataset_cropped/10_Metas/23/14/20191023142400_00160.jpg,datasets_flow/dataset_cropped/10_Metas/23/14/20191023142400_00160.jpg,datasets_cloudmask/dataset_cropped/10_Metas/23/14/20191023142400_00160.png,606,513.3,294.4,17,952
10/23/2019 14:25,datasets/dataset_cropped/10_Metas/23/14/20191023142500_00160.jpg,datasets_flow/dataset_cropped/10_Metas/23/14/20191023142500_00160.jpg,datasets_cloudmask/dataset_cropped/10_Metas/23/14/20191023142500_00160.png,547.1,407,300.4,17.1,952
10/23/2019 14:26,datasets/dataset_cropped/10_Metas/23/14/20191023142600_00160.jpg,datasets_flow/dataset_cropped/10_Metas/23/14/20191023142600_00160.jpg,datasets_cloudmask/dataset_cropped/10_Metas/23/14/20191023142600_00160.png,419.8,191.4,303.6,17.3,952
10/23/2019 14:27,datasets/dataset_cropped/10_Metas/23/14/20191023142700_00160.jpg,datasets_flow/dataset_cropped/10_Metas/23/14/20191023142700_00160.jpg,datasets_cloudmask/dataset_cropped/10_Metas/23/14/20191023142700_00160.png,552.6,407.7,307.5,17.3,952
10/23/2019 14:28,datasets/dataset_cropped/10_Metas/23/14/20191023142800_00160.jpg,datasets_flow/dataset_cropped/10_Metas/23/14/20191023142800_00160.jpg,datasets_cloudmask/dataset_cropped/10_Metas/23/14/20191023142800_00160.png,615.7,510.7,309.8,17.1,952
10/23/2019 14:29,datasets/dataset_cropped/10_Metas/23/14/20191023142900_00160.jpg,datasets_flow/dataset_cropped/10_Metas/23/14/20191023142900_00160.jpg,datasets_cloudmask/dataset_cropped/10_Metas/23/14/20191023142900_00160.png,510.1,336.4,308.2,17.3,952
10/23/2019 14:30,datasets/dataset_cropped/10_Metas/23/14/20191023143000_00160.jpg,datasets_flow/dataset_cropped/10_Metas/23/14/20191023143000_00160.jpg,datasets_cloudmask/dataset_cropped/10_Metas/23/14/20191023143000_00160.png,438.3,225.2,303.1,17.7,952
10/23/2019 14:31,datasets/dataset_cropped/10_Metas/23/14/20191023143100_00160.jpg,datasets_flow/dataset_cropped/10_Metas/23/14/20191023143100_00160.jpg,datasets_cloudmask/dataset_cropped/10_Metas/23/14/20191023143100_00160.png,419,212.3,293.2,17.7,952
10/23/2019 14:32,datasets/dataset_cropped/10_Metas/23/14/20191023143200_00160.jpg,datasets_flow/dataset_cropped/10_Metas/23/14/20191023143200_00160.jpg,datasets_cloudmask/dataset_cropped/10_Metas/23/14/20191023143200_00160.png,275.2,6,271.6,17.6,953
10/23/2019 14:33,datasets/dataset_cropped/10_Metas/23/14/20191023143300_00160.jpg,datasets_flow/dataset_cropped/10_Metas/23/14/20191023143300_00160.jpg,datasets_cloudmask/dataset_cropped/10_Metas/23/14/20191023143300_00160.png,327,97.3,268.2,17.4,952
10/23/2019 14:34,datasets/dataset_cropped/10_Metas/23/14/20191023143400_00160.jpg,datasets_flow/dataset_cropped/10_Metas/23/14/20191023143400_00160.jpg,datasets_cloudmask/dataset_cropped/10_Metas/23/14/20191023143400_00160.png,303.2,58.2,267.9,17.2,952
10/23/2019 14:35,datasets/dataset_cropped/10_Metas/23/14/20191023143500_00160.jpg,datasets_flow/dataset_cropped/10_Metas/23/14/20191023143500_00160.jpg,datasets_cloudmask/dataset_cropped/10_Metas/23/14/20191023143500_00160.png,283.2,25,268.1,17,952
10/23/2019 14:36,datasets/dataset_cropped/10_Metas/23/14/20191023143600_00160.jpg,datasets_flow/dataset_cropped/10_Metas/23/14/20191023143600_00160.jpg,datasets_cloudmask/dataset_cropped/10_Metas/23/14/20191023143600_00160.png,363.7,163.2,267,16.9,952
10/23/2019 14:37,datasets/dataset_cropped/10_Metas/23/14/20191023143700_00160.jpg,datasets_flow/dataset_cropped/10_Metas/23/14/20191023143700_00160.jpg,datasets_cloudmask/dataset_cropped/10_Metas/23/14/20191023143700_00160.png,268.1,14.7,259.3,16.8,953
10/23/2019 14:38,datasets/dataset_cropped/10_Metas/23/14/20191023143800_00160.jpg,datasets_flow/dataset_cropped/10_Metas/23/14/20191023143800_00160.jpg,datasets_cloudmask/dataset_cropped/10_Metas/23/14/20191023143800_00160.png,247,0.3,246.9,16.9,953
10/23/2019 14:39,datasets/dataset_cropped/10_Metas/23/14/20191023143900_00160.jpg,datasets_flow/dataset_cropped/10_Metas/23/14/20191023143900_00160.jpg,datasets_cloudmask/dataset_cropped/10_Metas/23/14/20191023143900_00160.png,235.7,0,235.8,16.7,953
10/23/2019 14:40,datasets/dataset_cropped/10_Metas/23/14/20191023144000_00160.jpg,datasets_flow/dataset_cropped/10_Metas/23/14/20191023144000_00160.jpg,datasets_cloudmask/dataset_cropped/10_Metas/23/14/20191023144000_00160.png,228.6,0,228.5,16.8,953
10/23/2019 14:41,datasets/dataset_cropped/10_Metas/23/14/20191023144100_00160.jpg,datasets_flow/dataset_cropped/10_Metas/23/14/20191023144100_00160.jpg,datasets_cloudmask/dataset_cropped/10_Metas/23/14/20191023144100_00160.png,224.9,0,224.7,16.7,953
10/23/2019 14:42,datasets/dataset_cropped/10_Metas/23/14/20191023144200_00160.jpg,datasets_flow/dataset_cropped/10_Metas/23/14/20191023144200_00160.jpg,datasets_cloudmask/dataset_cropped/10_Metas/23/14/20191023144200_00160.png,224.2,0,224.1,16.5,953
10/23/2019 14:43,datasets/dataset_cropped/10_Metas/23/14/20191023144300_00160.jpg,datasets_flow/dataset_cropped/10_Metas/23/14/20191023144300_00160.jpg,datasets_cloudmask/dataset_cropped/10_Metas/23/14/20191023144300_00160.png,224.6,0,224.5,16.5,953
10/23/2019 14:44,datasets/dataset_cropped/10_Metas/23/14/20191023144400_00160.jpg,datasets_flow/dataset_cropped/10_Metas/23/14/20191023144400_00160.jpg,datasets_cloudmask/dataset_cropped/10_Metas/23/14/20191023144400_00160.png,221.5,0,221.5,16.5,953
10/23/2019 14:45,datasets/dataset_cropped/10_Metas/23/14/20191023144500_00160.jpg,datasets_flow/dataset_cropped/10_Metas/23/14/20191023144500_00160.jpg,datasets_cloudmask/dataset_cropped/10_Metas/23/14/20191023144500_00160.png,212.5,0,212.6,16.5,953
10/23/2019 14:46,datasets/dataset_cropped/10_Metas/23/14/20191023144600_00160.jpg,datasets_flow/dataset_cropped/10_Metas/23/14/20191023144600_00160.jpg,datasets_cloudmask/dataset_cropped/10_Metas/23/14/20191023144600_00160.png,197.4,0,197.4,16.4,953
10/23/2019 14:47,datasets/dataset_cropped/10_Metas/23/14/20191023144700_00160.jpg,datasets_flow/dataset_cropped/10_Metas/23/14/20191023144700_00160.jpg,datasets_cloudmask/dataset_cropped/10_Metas/23/14/20191023144700_00160.png,180.7,0,180.6,16.5,953
10/23/2019 14:48,datasets/dataset_cropped/10_Metas/23/14/20191023144800_00160.jpg,datasets_flow/dataset_cropped/10_Metas/23/14/20191023144800_00160.jpg,datasets_cloudmask/dataset_cropped/10_Metas/23/14/20191023144800_00160.png,168.3,0,168.1,16.6,953
10/23/2019 14:49,datasets/dataset_cropped/10_Metas/23/14/20191023144900_00160.jpg,datasets_flow/dataset_cropped/10_Metas/23/14/20191023144900_00160.jpg,datasets_cloudmask/dataset_cropped/10_Metas/23/14/20191023144900_00160.png,159,0,158.8,16.7,953
10/23/2019 14:50,datasets/dataset_cropped/10_Metas/23/14/20191023145000_00160.jpg,datasets_flow/dataset_cropped/10_Metas/23/14/20191023145000_00160.jpg,datasets_cloudmask/dataset_cropped/10_Metas/23/14/20191023145000_00160.png,154.6,0,154.4,16.5,953
10/23/2019 14:51,datasets/dataset_cropped/10_Metas/23/14/20191023145100_00160.jpg,datasets_flow/dataset_cropped/10_Metas/23/14/20191023145100_00160.jpg,datasets_cloudmask/dataset_cropped/10_Metas/23/14/20191023145100_00160.png,153.1,0,152.9,16.3,953
10/23/2019 14:52,datasets/dataset_cropped/10_Metas/23/14/20191023145200_00160.jpg,datasets_flow/dataset_cropped/10_Metas/23/14/20191023145200_00160.jpg,datasets_cloudmask/dataset_cropped/10_Metas/23/14/20191023145200_00160.png,152.1,0,151.9,16.2,953
10/23/2019 14:53,datasets/dataset_cropped/10_Metas/23/14/20191023145300_00160.jpg,datasets_flow/dataset_cropped/10_Metas/23/14/20191023145300_00160.jpg,datasets_cloudmask/dataset_cropped/10_Metas/23/14/20191023145300_00160.png,153.3,0,153.2,16.2,953
10/23/2019 14:54,datasets/dataset_cropped/10_Metas/23/14/20191023145400_00160.jpg,datasets_flow/dataset_cropped/10_Metas/23/14/20191023145400_00160.jpg,datasets_cloudmask/dataset_cropped/10_Metas/23/14/20191023145400_00160.png,158.3,0,158.3,16.3,953
10/23/2019 14:55,datasets/dataset_cropped/10_Metas/23/14/20191023145500_00160.jpg,datasets_flow/dataset_cropped/10_Metas/23/14/20191023145500_00160.jpg,datasets_cloudmask/dataset_cropped/10_Metas/23/14/20191023145500_00160.png,167.7,0,167.8,16.3,953
10/23/2019 14:56,datasets/dataset_cropped/10_Metas/23/14/20191023145600_00160.jpg,datasets_flow/dataset_cropped/10_Metas/23/14/20191023145600_00160.jpg,datasets_cloudmask/dataset_cropped/10_Metas/23/14/20191023145600_00160.png,180.4,0,180.4,16.3,953
10/23/2019 14:57,datasets/dataset_cropped/10_Metas/23/14/20191023145700_00160.jpg,datasets_flow/dataset_cropped/10_Metas/23/14/20191023145700_00160.jpg,datasets_cloudmask/dataset_cropped/10_Metas/23/14/20191023145700_00160.png,191,0,191.1,16.3,953
10/23/2019 14:58,datasets/dataset_cropped/10_Metas/23/14/20191023145800_00160.jpg,datasets_flow/dataset_cropped/10_Metas/23/14/20191023145800_00160.jpg,datasets_cloudmask/dataset_cropped/10_Metas/23/14/20191023145800_00160.png,198.3,0.1,198.3,16.3,953
10/23/2019 14:59,datasets/dataset_cropped/10_Metas/23/14/20191023145900_00160.jpg,datasets_flow/dataset_cropped/10_Metas/23/14/20191023145900_00160.jpg,datasets_cloudmask/dataset_cropped/10_Metas/23/14/20191023145900_00160.png,198.3,0.3,198.3,16.4,953
10/23/2019 15:00,datasets/dataset_cropped/10_Metas/23/15/20191023150000_00160.jpg,datasets_flow/dataset_cropped/10_Metas/23/15/20191023150000_00160.jpg,datasets_cloudmask/dataset_cropped/10_Metas/23/15/20191023150000_00160.png,189.7,0.4,189.7,16.5,953
10/23/2019 15:01,datasets/dataset_cropped/10_Metas/23/15/20191023150100_00160.jpg,datasets_flow/dataset_cropped/10_Metas/23/15/20191023150100_00160.jpg,datasets_cloudmask/dataset_cropped/10_Metas/23/15/20191023150100_00160.png,178.1,0.4,178.1,16.5,953
10/23/2019 15:02,datasets/dataset_cropped/10_Metas/23/15/20191023150200_00160.jpg,datasets_flow/dataset_cropped/10_Metas/23/15/20191023150200_00160.jpg,datasets_cloudmask/dataset_cropped/10_Metas/23/15/20191023150200_00160.png,167,0.3,167.1,16.5,953
10/23/2019 15:03,datasets/dataset_cropped/10_Metas/23/15/20191023150300_00160.jpg,datasets_flow/dataset_cropped/10_Metas/23/15/20191023150300_00160.jpg,datasets_cloudmask/dataset_cropped/10_Metas/23/15/20191023150300_00160.png,158.1,0.2,158.1,16.4,953
10/23/2019 15:04,datasets/dataset_cropped/10_Metas/23/15/20191023150400_00160.jpg,datasets_flow/dataset_cropped/10_Metas/23/15/20191023150400_00160.jpg,datasets_cloudmask/dataset_cropped/10_Metas/23/15/20191023150400_00160.png,151.8,0,151.6,16.4,953
10/23/2019 15:05,datasets/dataset_cropped/10_Metas/23/15/20191023150500_00160.jpg,datasets_flow/dataset_cropped/10_Metas/23/15/20191023150500_00160.jpg,datasets_cloudmask/dataset_cropped/10_Metas/23/15/20191023150500_00160.png,146.4,0,146.3,16.4,953
10/23/2019 15:06,datasets/dataset_cropped/10_Metas/23/15/20191023150600_00160.jpg,datasets_flow/dataset_cropped/10_Metas/23/15/20191023150600_00160.jpg,datasets_cloudmask/dataset_cropped/10_Metas/23/15/20191023150600_00160.png,141.5,0,141.4,16.5,953
10/23/2019 15:07,datasets/dataset_cropped/10_Metas/23/15/20191023150700_00160.jpg,datasets_flow/dataset_cropped/10_Metas/23/15/20191023150700_00160.jpg,datasets_cloudmask/dataset_cropped/10_Metas/23/15/20191023150700_00160.png,137.8,0,137.7,16.4,953
10/23/2019 15:08,datasets/dataset_cropped/10_Metas/23/15/20191023150800_00160.jpg,datasets_flow/dataset_cropped/10_Metas/23/15/20191023150800_00160.jpg,datasets_cloudmask/dataset_cropped/10_Metas/23/15/20191023150800_00160.png,135,0,134.8,16.4,953
10/23/2019 15:09,datasets/dataset_cropped/10_Metas/23/15/20191023150900_00160.jpg,datasets_flow/dataset_cropped/10_Metas/23/15/20191023150900_00160.jpg,datasets_cloudmask/dataset_cropped/10_Metas/23/15/20191023150900_00160.png,132.1,0,131.9,16.3,953
10/23/2019 15:10,datasets/dataset_cropped/10_Metas/23/15/20191023151000_00160.jpg,datasets_flow/dataset_cropped/10_Metas/23/15/20191023151000_00160.jpg,datasets_cloudmask/dataset_cropped/10_Metas/23/15/20191023151000_00160.png,130.2,0,129.9,16.3,953
10/23/2019 15:11,datasets/dataset_cropped/10_Metas/23/15/20191023151100_00160.jpg,datasets_flow/dataset_cropped/10_Metas/23/15/20191023151100_00160.jpg,datasets_cloudmask/dataset_cropped/10_Metas/23/15/20191023151100_00160.png,129.9,0,129.5,16.3,953
10/23/2019 15:12,datasets/dataset_cropped/10_Metas/23/15/20191023151200_00160.jpg,datasets_flow/dataset_cropped/10_Metas/23/15/20191023151200_00160.jpg,datasets_cloudmask/dataset_cropped/10_Metas/23/15/20191023151200_00160.png,130.3,0,129.9,16.3,953
10/23/2019 15:13,datasets/dataset_cropped/10_Metas/23/15/20191023151300_00160.jpg,datasets_flow/dataset_cropped/10_Metas/23/15/20191023151300_00160.jpg,datasets_cloudmask/dataset_cropped/10_Metas/23/15/20191023151300_00160.png,131.5,0,131.1,16.3,953
10/23/2019 15:14,datasets/dataset_cropped/10_Metas/23/15/20191023151400_00160.jpg,datasets_flow/dataset_cropped/10_Metas/23/15/20191023151400_00160.jpg,datasets_cloudmask/dataset_cropped/10_Metas/23/15/20191023151400_00160.png,134.4,0.1,134,16.2,953
10/23/2019 15:15,datasets/dataset_cropped/10_Metas/23/15/20191023151500_00160.jpg,datasets_flow/dataset_cropped/10_Metas/23/15/20191023151500_00160.jpg,datasets_cloudmask/dataset_cropped/10_Metas/23/15/20191023151500_00160.png,139.5,0.2,139,16.2,953
10/23/2019 15:16,datasets/dataset_cropped/10_Metas/23/15/20191023151600_00160.jpg,datasets_flow/dataset_cropped/10_Metas/23/15/20191023151600_00160.jpg,datasets_cloudmask/dataset_cropped/10_Metas/23/15/20191023151600_00160.png,145.5,0.2,144.9,16.2,953
10/23/2019 15:17,datasets/dataset_cropped/10_Metas/23/15/20191023151700_00160.jpg,datasets_flow/dataset_cropped/10_Metas/23/15/20191023151700_00160.jpg,datasets_cloudmask/dataset_cropped/10_Metas/23/15/20191023151700_00160.png,150.5,0.1,149.9,16.3,953
10/23/2019 15:18,datasets/dataset_cropped/10_Metas/23/15/20191023151800_00160.jpg,datasets_flow/dataset_cropped/10_Metas/23/15/20191023151800_00160.jpg,datasets_cloudmask/dataset_cropped/10_Metas/23/15/20191023151800_00160.png,154.2,0.1,153.5,16.3,953
10/23/2019 15:19,datasets/dataset_cropped/10_Metas/23/15/20191023151900_00160.jpg,datasets_flow/dataset_cropped/10_Metas/23/15/20191023151900_00160.jpg,datasets_cloudmask/dataset_cropped/10_Metas/23/15/20191023151900_00160.png,158.6,0.5,157.6,16.3,953
10/23/2019 15:20,datasets/dataset_cropped/10_Metas/23/15/20191023152000_00160.jpg,datasets_flow/dataset_cropped/10_Metas/23/15/20191023152000_00160.jpg,datasets_cloudmask/dataset_cropped/10_Metas/23/15/20191023152000_00160.png,165.3,0.5,164.3,16.3,953
10/23/2019 15:21,datasets/dataset_cropped/10_Metas/23/15/20191023152100_00160.jpg,datasets_flow/dataset_cropped/10_Metas/23/15/20191023152100_00160.jpg,datasets_cloudmask/dataset_cropped/10_Metas/23/15/20191023152100_00160.png,174.6,0.5,173.8,16.3,953
10/23/2019 15:22,datasets/dataset_cropped/10_Metas/23/15/20191023152200_00160.jpg,datasets_flow/dataset_cropped/10_Metas/23/15/20191023152200_00160.jpg,datasets_cloudmask/dataset_cropped/10_Metas/23/15/20191023152200_00160.png,186.3,0.5,185.6,16.3,953
10/23/2019 15:23,datasets/dataset_cropped/10_Metas/23/15/20191023152300_00160.jpg,datasets_flow/dataset_cropped/10_Metas/23/15/20191023152300_00160.jpg,datasets_cloudmask/dataset_cropped/10_Metas/23/15/20191023152300_00160.png,199.6,0.5,199,16.4,953
10/23/2019 15:24,datasets/dataset_cropped/10_Metas/23/15/20191023152400_00160.jpg,datasets_flow/dataset_cropped/10_Metas/23/15/20191023152400_00160.jpg,datasets_cloudmask/dataset_cropped/10_Metas/23/15/20191023152400_00160.png,214.4,0.6,213.8,16.5,953
10/23/2019 15:25,datasets/dataset_cropped/10_Metas/23/15/20191023152500_00160.jpg,datasets_flow/dataset_cropped/10_Metas/23/15/20191023152500_00160.jpg,datasets_cloudmask/dataset_cropped/10_Metas/23/15/20191023152500_00160.png,229.1,0.8,228.4,16.4,953
10/23/2019 15:26,datasets/dataset_cropped/10_Metas/23/15/20191023152600_00160.jpg,datasets_flow/dataset_cropped/10_Metas/23/15/20191023152600_00160.jpg,datasets_cloudmask/dataset_cropped/10_Metas/23/15/20191023152600_00160.png,244,1.6,243.3,16.5,953
10/23/2019 15:27,datasets/dataset_cropped/10_Metas/23/15/20191023152700_00160.jpg,datasets_flow/dataset_cropped/10_Metas/23/15/20191023152700_00160.jpg,datasets_cloudmask/dataset_cropped/10_Metas/23/15/20191023152700_00160.png,257.7,4.3,256,16.6,953
10/23/2019 15:28,datasets/dataset_cropped/10_Metas/23/15/20191023152800_00160.jpg,datasets_flow/dataset_cropped/10_Metas/23/15/20191023152800_00160.jpg,datasets_cloudmask/dataset_cropped/10_Metas/23/15/20191023152800_00160.png,269.1,12,263.7,16.6,953
10/23/2019 15:29,datasets/dataset_cropped/10_Metas/23/15/20191023152900_00160.jpg,datasets_flow/dataset_cropped/10_Metas/23/15/20191023152900_00160.jpg,datasets_cloudmask/dataset_cropped/10_Metas/23/15/20191023152900_00160.png,286.7,39.7,267.6,16.7,953
10/23/2019 15:30,datasets/dataset_cropped/10_Metas/23/15/20191023153000_00160.jpg,datasets_flow/dataset_cropped/10_Metas/23/15/20191023153000_00160.jpg,datasets_cloudmask/dataset_cropped/10_Metas/23/15/20191023153000_00160.png,274.2,11.3,268.6,16.7,953
10/23/2019 15:31,datasets/dataset_cropped/10_Metas/23/15/20191023153100_00160.jpg,datasets_flow/dataset_cropped/10_Metas/23/15/20191023153100_00160.jpg,datasets_cloudmask/dataset_cropped/10_Metas/23/15/20191023153100_00160.png,345.1,152.7,269.5,16.7,953
10/23/2019 15:32,datasets/dataset_cropped/10_Metas/23/15/20191023153200_00160.jpg,datasets_flow/dataset_cropped/10_Metas/23/15/20191023153200_00160.jpg,datasets_cloudmask/dataset_cropped/10_Metas/23/15/20191023153200_00160.png,297.5,52.7,272.8,16.7,953
10/23/2019 15:33,datasets/dataset_cropped/10_Metas/23/15/20191023153300_00160.jpg,datasets_flow/dataset_cropped/10_Metas/23/15/20191023153300_00160.jpg,datasets_cloudmask/dataset_cropped/10_Metas/23/15/20191023153300_00160.png,270.8,3,270.3,16.8,953
10/23/2019 15:34,datasets/dataset_cropped/10_Metas/23/15/20191023153400_00160.jpg,datasets_flow/dataset_cropped/10_Metas/23/15/20191023153400_00160.jpg,datasets_cloudmask/dataset_cropped/10_Metas/23/15/20191023153400_00160.png,262,1.1,262.1,16.7,953
10/23/2019 15:35,datasets/dataset_cropped/10_Metas/23/15/20191023153500_00160.jpg,datasets_flow/dataset_cropped/10_Metas/23/15/20191023153500_00160.jpg,datasets_cloudmask/dataset_cropped/10_Metas/23/15/20191023153500_00160.png,249.4,0.9,249.6,16.7,953
10/23/2019 15:36,datasets/dataset_cropped/10_Metas/23/15/20191023153600_00160.jpg,datasets_flow/dataset_cropped/10_Metas/23/15/20191023153600_00160.jpg,datasets_cloudmask/dataset_cropped/10_Metas/23/15/20191023153600_00160.png,233.1,0.7,233.4,16.8,953
10/23/2019 15:37,datasets/dataset_cropped/10_Metas/23/15/20191023153700_00160.jpg,datasets_flow/dataset_cropped/10_Metas/23/15/20191023153700_00160.jpg,datasets_cloudmask/dataset_cropped/10_Metas/23/15/20191023153700_00160.png,217.9,0.8,218.2,16.8,953
10/23/2019 15:38,datasets/dataset_cropped/10_Metas/23/15/20191023153800_00160.jpg,datasets_flow/dataset_cropped/10_Metas/23/15/20191023153800_00160.jpg,datasets_cloudmask/dataset_cropped/10_Metas/23/15/20191023153800_00160.png,203.5,0.6,203.8,16.8,953
10/23/2019 15:39,datasets/dataset_cropped/10_Metas/23/15/20191023153900_00160.jpg,datasets_flow/dataset_cropped/10_Metas/23/15/20191023153900_00160.jpg,datasets_cloudmask/dataset_cropped/10_Metas/23/15/20191023153900_00160.png,188.3,0.2,188.5,16.8,953
10/23/2019 15:40,datasets/dataset_cropped/10_Metas/23/15/20191023154000_00160.jpg,datasets_flow/dataset_cropped/10_Metas/23/15/20191023154000_00160.jpg,datasets_cloudmask/dataset_cropped/10_Metas/23/15/20191023154000_00160.png,171.7,0,171.8,16.7,953
10/23/2019 15:41,datasets/dataset_cropped/10_Metas/23/15/20191023154100_00160.jpg,datasets_flow/dataset_cropped/10_Metas/23/15/20191023154100_00160.jpg,datasets_cloudmask/dataset_cropped/10_Metas/23/15/20191023154100_00160.png,154.7,0,154.8,16.6,953
10/23/2019 15:42,datasets/dataset_cropped/10_Metas/23/15/20191023154200_00160.jpg,datasets_flow/dataset_cropped/10_Metas/23/15/20191023154200_00160.jpg,datasets_cloudmask/dataset_cropped/10_Metas/23/15/20191023154200_00160.png,139.4,0,139.4,16.6,953
10/23/2019 15:43,datasets/dataset_cropped/10_Metas/23/15/20191023154300_00160.jpg,datasets_flow/dataset_cropped/10_Metas/23/15/20191023154300_00160.jpg,datasets_cloudmask/dataset_cropped/10_Metas/23/15/20191023154300_00160.png,127.2,0,127.2,16.4,953
10/23/2019 15:44,datasets/dataset_cropped/10_Metas/23/15/20191023154400_00160.jpg,datasets_flow/dataset_cropped/10_Metas/23/15/20191023154400_00160.jpg,datasets_cloudmask/dataset_cropped/10_Metas/23/15/20191023154400_00160.png,119.4,0,119.4,16.4,953
10/23/2019 15:45,datasets/dataset_cropped/10_Metas/23/15/20191023154500_00160.jpg,datasets_flow/dataset_cropped/10_Metas/23/15/20191023154500_00160.jpg,datasets_cloudmask/dataset_cropped/10_Metas/23/15/20191023154500_00160.png,116.4,0,116.3,16.4,953
10/23/2019 15:46,datasets/dataset_cropped/10_Metas/23/15/20191023154600_00160.jpg,datasets_flow/dataset_cropped/10_Metas/23/15/20191023154600_00160.jpg,datasets_cloudmask/dataset_cropped/10_Metas/23/15/20191023154600_00160.png,118.9,0,118.8,16.3,953
10/23/2019 15:47,datasets/dataset_cropped/10_Metas/23/15/20191023154700_00160.jpg,datasets_flow/dataset_cropped/10_Metas/23/15/20191023154700_00160.jpg,datasets_cloudmask/dataset_cropped/10_Metas/23/15/20191023154700_00160.png,125.9,0,125.7,16.4,953
10/23/2019 15:48,datasets/dataset_cropped/10_Metas/23/15/20191023154800_00160.jpg,datasets_flow/dataset_cropped/10_Metas/23/15/20191023154800_00160.jpg,datasets_cloudmask/dataset_cropped/10_Metas/23/15/20191023154800_00160.png,136,0,135.8,16.3,953
10/23/2019 15:49,datasets/dataset_cropped/10_Metas/23/15/20191023154900_00160.jpg,datasets_flow/dataset_cropped/10_Metas/23/15/20191023154900_00160.jpg,datasets_cloudmask/dataset_cropped/10_Metas/23/15/20191023154900_00160.png,147.7,0.1,147.5,16.3,953
10/23/2019 15:50,datasets/dataset_cropped/10_Metas/23/15/20191023155000_00160.jpg,datasets_flow/dataset_cropped/10_Metas/23/15/20191023155000_00160.jpg,datasets_cloudmask/dataset_cropped/10_Metas/23/15/20191023155000_00160.png,162,5,159.6,16.3,953
10/23/2019 15:51,datasets/dataset_cropped/10_Metas/23/15/20191023155100_00160.jpg,datasets_flow/dataset_cropped/10_Metas/23/15/20191023155100_00160.jpg,datasets_cloudmask/dataset_cropped/10_Metas/23/15/20191023155100_00160.png,205.4,76.5,171.2,16.3,953
10/23/2019 15:52,datasets/dataset_cropped/10_Metas/23/15/20191023155200_00160.jpg,datasets_flow/dataset_cropped/10_Metas/23/15/20191023155200_00160.jpg,datasets_cloudmask/dataset_cropped/10_Metas/23/15/20191023155200_00160.png,219.3,81,183,16.3,953
10/23/2019 15:53,datasets/dataset_cropped/10_Metas/23/15/20191023155300_00160.jpg,datasets_flow/dataset_cropped/10_Metas/23/15/20191023155300_00160.jpg,datasets_cloudmask/dataset_cropped/10_Metas/23/15/20191023155300_00160.png,197.2,12.5,192,16.4,953
10/23/2019 15:54,datasets/dataset_cropped/10_Metas/23/15/20191023155400_00160.jpg,datasets_flow/dataset_cropped/10_Metas/23/15/20191023155400_00160.jpg,datasets_cloudmask/dataset_cropped/10_Metas/23/15/20191023155400_00160.png,199.4,14,193.3,16.5,953
10/23/2019 15:55,datasets/dataset_cropped/10_Metas/23/15/20191023155500_00160.jpg,datasets_flow/dataset_cropped/10_Metas/23/15/20191023155500_00160.jpg,datasets_cloudmask/dataset_cropped/10_Metas/23/15/20191023155500_00160.png,255.1,152.3,188.7,16.5,953
10/23/2019 15:56,datasets/dataset_cropped/10_Metas/23/15/20191023155600_00160.jpg,datasets_flow/dataset_cropped/10_Metas/23/15/20191023155600_00160.jpg,datasets_cloudmask/dataset_cropped/10_Metas/23/15/20191023155600_00160.png,183.4,5.8,181.2,16.5,953
10/23/2019 15:57,datasets/dataset_cropped/10_Metas/23/15/20191023155700_00160.jpg,datasets_flow/dataset_cropped/10_Metas/23/15/20191023155700_00160.jpg,datasets_cloudmask/dataset_cropped/10_Metas/23/15/20191023155700_00160.png,170.7,0.7,171.1,16.4,953
10/23/2019 15:58,datasets/dataset_cropped/10_Metas/23/15/20191023155800_00160.jpg,datasets_flow/dataset_cropped/10_Metas/23/15/20191023155800_00160.jpg,datasets_cloudmask/dataset_cropped/10_Metas/23/15/20191023155800_00160.png,162.8,0.4,163.4,16.5,953
10/23/2019 15:59,datasets/dataset_cropped/10_Metas/23/15/20191023155900_00160.jpg,datasets_flow/dataset_cropped/10_Metas/23/15/20191023155900_00160.jpg,datasets_cloudmask/dataset_cropped/10_Metas/23/15/20191023155900_00160.png,153.9,0.3,154.5,16.5,953
10/23/2019 16:00,datasets/dataset_cropped/10_Metas/23/16/20191023160000_00160.jpg,datasets_flow/dataset_cropped/10_Metas/23/16/20191023160000_00160.jpg,datasets_cloudmask/dataset_cropped/10_Metas/23/16/20191023160000_00160.png,142.2,0.2,142.8,16.5,953
10/23/2019 16:01,datasets/dataset_cropped/10_Metas/23/16/20191023160100_00160.jpg,datasets_flow/dataset_cropped/10_Metas/23/16/20191023160100_00160.jpg,datasets_cloudmask/dataset_cropped/10_Metas/23/16/20191023160100_00160.png,128.1,0,128.6,16.5,953
10/23/2019 16:02,datasets/dataset_cropped/10_Metas/23/16/20191023160200_00160.jpg,datasets_flow/dataset_cropped/10_Metas/23/16/20191023160200_00160.jpg,datasets_cloudmask/dataset_cropped/10_Metas/23/16/20191023160200_00160.png,111.6,0,112.1,16.4,953
10/23/2019 16:03,datasets/dataset_cropped/10_Metas/23/16/20191023160300_00160.jpg,datasets_flow/dataset_cropped/10_Metas/23/16/20191023160300_00160.jpg,datasets_cloudmask/dataset_cropped/10_Metas/23/16/20191023160300_00160.png,94.9,0,95.3,16.5,953
10/23/2019 16:04,datasets/dataset_cropped/10_Metas/23/16/20191023160400_00160.jpg,datasets_flow/dataset_cropped/10_Metas/23/16/20191023160400_00160.jpg,datasets_cloudmask/dataset_cropped/10_Metas/23/16/20191023160400_00160.png,80.2,0,80.6,16.4,953
10/23/2019 16:05,datasets/dataset_cropped/10_Metas/23/16/20191023160500_00160.jpg,datasets_flow/dataset_cropped/10_Metas/23/16/20191023160500_00160.jpg,datasets_cloudmask/dataset_cropped/10_Metas/23/16/20191023160500_00160.png,68.5,0,68.9,16.4,953
10/23/2019 16:06,datasets/dataset_cropped/10_Metas/23/16/20191023160600_00160.jpg,datasets_flow/dataset_cropped/10_Metas/23/16/20191023160600_00160.jpg,datasets_cloudmask/dataset_cropped/10_Metas/23/16/20191023160600_00160.png,60.9,0,61.3,16.3,953
10/23/2019 16:07,datasets/dataset_cropped/10_Metas/23/16/20191023160700_00160.jpg,datasets_flow/dataset_cropped/10_Metas/23/16/20191023160700_00160.jpg,datasets_cloudmask/dataset_cropped/10_Metas/23/16/20191023160700_00160.png,56.3,0,56.7,16.2,953
10/23/2019 16:08,datasets/dataset_cropped/10_Metas/23/16/20191023160800_00160.jpg,datasets_flow/dataset_cropped/10_Metas/23/16/20191023160800_00160.jpg,datasets_cloudmask/dataset_cropped/10_Metas/23/16/20191023160800_00160.png,53.3,0,53.7,16.1,953
10/23/2019 16:09,datasets/dataset_cropped/10_Metas/23/16/20191023160900_00160.jpg,datasets_flow/dataset_cropped/10_Metas/23/16/20191023160900_00160.jpg,datasets_cloudmask/dataset_cropped/10_Metas/23/16/20191023160900_00160.png,51.1,0,51.6,16.1,953
10/23/2019 16:10,datasets/dataset_cropped/10_Metas/23/16/20191023161000_00160.jpg,datasets_flow/dataset_cropped/10_Metas/23/16/20191023161000_00160.jpg,datasets_cloudmask/dataset_cropped/10_Metas/23/16/20191023161000_00160.png,50,0,50.4,16.1,953
10/23/2019 16:11,datasets/dataset_cropped/10_Metas/23/16/20191023161100_00160.jpg,datasets_flow/dataset_cropped/10_Metas/23/16/20191023161100_00160.jpg,datasets_cloudmask/dataset_cropped/10_Metas/23/16/20191023161100_00160.png,50.1,0,50.5,16.1,953
10/23/2019 16:12,datasets/dataset_cropped/10_Metas/23/16/20191023161200_00160.jpg,datasets_flow/dataset_cropped/10_Metas/23/16/20191023161200_00160.jpg,datasets_cloudmask/dataset_cropped/10_Metas/23/16/20191023161200_00160.png,50.9,0,51.3,16,953
10/23/2019 16:13,datasets/dataset_cropped/10_Metas/23/16/20191023161300_00160.jpg,datasets_flow/dataset_cropped/10_Metas/23/16/20191023161300_00160.jpg,datasets_cloudmask/dataset_cropped/10_Metas/23/16/20191023161300_00160.png,52.3,0,52.7,16,953
10/23/2019 16:14,datasets/dataset_cropped/10_Metas/23/16/20191023161400_00160.jpg,datasets_flow/dataset_cropped/10_Metas/23/16/20191023161400_00160.jpg,datasets_cloudmask/dataset_cropped/10_Metas/23/16/20191023161400_00160.png,54.2,0,54.7,16,953
10/23/2019 16:15,datasets/dataset_cropped/10_Metas/23/16/20191023161500_00160.jpg,datasets_flow/dataset_cropped/10_Metas/23/16/20191023161500_00160.jpg,datasets_cloudmask/dataset_cropped/10_Metas/23/16/20191023161500_00160.png,56.6,0,57,15.9,953
10/23/2019 16:16,datasets/dataset_cropped/10_Metas/23/16/20191023161600_00160.jpg,datasets_flow/dataset_cropped/10_Metas/23/16/20191023161600_00160.jpg,datasets_cloudmask/dataset_cropped/10_Metas/23/16/20191023161600_00160.png,58,0,58.5,15.9,953
10/23/2019 16:17,datasets/dataset_cropped/10_Metas/23/16/20191023161700_00160.jpg,datasets_flow/dataset_cropped/10_Metas/23/16/20191023161700_00160.jpg,datasets_cloudmask/dataset_cropped/10_Metas/23/16/20191023161700_00160.png,58.6,0,59,15.9,953
10/23/2019 16:18,datasets/dataset_cropped/10_Metas/23/16/20191023161800_00160.jpg,datasets_flow/dataset_cropped/10_Metas/23/16/20191023161800_00160.jpg,datasets_cloudmask/dataset_cropped/10_Metas/23/16/20191023161800_00160.png,59.2,0,59.6,15.8,953
10/23/2019 16:19,datasets/dataset_cropped/10_Metas/23/16/20191023161900_00160.jpg,datasets_flow/dataset_cropped/10_Metas/23/16/20191023161900_00160.jpg,datasets_cloudmask/dataset_cropped/10_Metas/23/16/20191023161900_00160.png,59.9,0,60.3,15.7,953
10/23/2019 16:20,datasets/dataset_cropped/10_Metas/23/16/20191023162000_00160.jpg,datasets_flow/dataset_cropped/10_Metas/23/16/20191023162000_00160.jpg,datasets_cloudmask/dataset_cropped/10_Metas/23/16/20191023162000_00160.png,60.3,0,60.7,15.6,953
10/23/2019 16:21,datasets/dataset_cropped/10_Metas/23/16/20191023162100_00160.jpg,datasets_flow/dataset_cropped/10_Metas/23/16/20191023162100_00160.jpg,datasets_cloudmask/dataset_cropped/10_Metas/23/16/20191023162100_00160.png,60.4,0,60.8,15.4,953
10/23/2019 16:22,datasets/dataset_cropped/10_Metas/23/16/20191023162200_00160.jpg,datasets_flow/dataset_cropped/10_Metas/23/16/20191023162200_00160.jpg,datasets_cloudmask/dataset_cropped/10_Metas/23/16/20191023162200_00160.png,61,0,61.3,15.3,953
10/23/2019 16:23,datasets/dataset_cropped/10_Metas/23/16/20191023162300_00160.jpg,datasets_flow/dataset_cropped/10_Metas/23/16/20191023162300_00160.jpg,datasets_cloudmask/dataset_cropped/10_Metas/23/16/20191023162300_00160.png,63.1,0,63.3,15.2,953
10/23/2019 16:24,datasets/dataset_cropped/10_Metas/23/16/20191023162400_00160.jpg,datasets_flow/dataset_cropped/10_Metas/23/16/20191023162400_00160.jpg,datasets_cloudmask/dataset_cropped/10_Metas/23/16/20191023162400_00160.png,67,0,67.3,15.2,954
10/23/2019 16:25,datasets/dataset_cropped/10_Metas/23/16/20191023162500_00160.jpg,datasets_flow/dataset_cropped/10_Metas/23/16/20191023162500_00160.jpg,datasets_cloudmask/dataset_cropped/10_Metas/23/16/20191023162500_00160.png,71.5,0,71.7,15,953
10/23/2019 16:26,datasets/dataset_cropped/10_Metas/23/16/20191023162600_00160.jpg,datasets_flow/dataset_cropped/10_Metas/23/16/20191023162600_00160.jpg,datasets_cloudmask/dataset_cropped/10_Metas/23/16/20191023162600_00160.png,73.4,0,73.6,15,953
10/23/2019 16:27,datasets/dataset_cropped/10_Metas/23/16/20191023162700_00160.jpg,datasets_flow/dataset_cropped/10_Metas/23/16/20191023162700_00160.jpg,datasets_cloudmask/dataset_cropped/10_Metas/23/16/20191023162700_00160.png,71.2,0,71.3,14.9,953
10/23/2019 16:28,datasets/dataset_cropped/10_Metas/23/16/20191023162800_00160.jpg,datasets_flow/dataset_cropped/10_Metas/23/16/20191023162800_00160.jpg,datasets_cloudmask/dataset_cropped/10_Metas/23/16/20191023162800_00160.png,65.2,0,65.3,14.9,954
10/23/2019 16:29,datasets/dataset_cropped/10_Metas/23/16/20191023162900_00160.jpg,datasets_flow/dataset_cropped/10_Metas/23/16/20191023162900_00160.jpg,datasets_cloudmask/dataset_cropped/10_Metas/23/16/20191023162900_00160.png,57.6,0,57.7,14.8,953
10/23/2019 16:30,datasets/dataset_cropped/10_Metas/23/16/20191023163000_00160.jpg,datasets_flow/dataset_cropped/10_Metas/23/16/20191023163000_00160.jpg,datasets_cloudmask/dataset_cropped/10_Metas/23/16/20191023163000_00160.png,51.7,0,51.8,14.7,954
10/23/2019 16:31,datasets/dataset_cropped/10_Metas/23/16/20191023163100_00160.jpg,datasets_flow/dataset_cropped/10_Metas/23/16/20191023163100_00160.jpg,datasets_cloudmask/dataset_cropped/10_Metas/23/16/20191023163100_00160.png,48.5,0,48.7,14.7,954
10/23/2019 16:32,datasets/dataset_cropped/10_Metas/23/16/20191023163200_00160.jpg,datasets_flow/dataset_cropped/10_Metas/23/16/20191023163200_00160.jpg,datasets_cloudmask/dataset_cropped/10_Metas/23/16/20191023163200_00160.png,47.8,0,47.9,14.6,954
10/23/2019 16:33,datasets/dataset_cropped/10_Metas/23/16/20191023163300_00160.jpg,datasets_flow/dataset_cropped/10_Metas/23/16/20191023163300_00160.jpg,datasets_cloudmask/dataset_cropped/10_Metas/23/16/20191023163300_00160.png,48.4,0,48.4,14.6,954
10/23/2019 16:34,datasets/dataset_cropped/10_Metas/23/16/20191023163400_00160.jpg,datasets_flow/dataset_cropped/10_Metas/23/16/20191023163400_00160.jpg,datasets_cloudmask/dataset_cropped/10_Metas/23/16/20191023163400_00160.png,49.8,0,49.7,14.6,954
10/23/2019 16:35,datasets/dataset_cropped/10_Metas/23/16/20191023163500_00160.jpg,datasets_flow/dataset_cropped/10_Metas/23/16/20191023163500_00160.jpg,datasets_cloudmask/dataset_cropped/10_Metas/23/16/20191023163500_00160.png,50.8,0,50.8,14.5,953
10/23/2019 16:36,datasets/dataset_cropped/10_Metas/23/16/20191023163600_00160.jpg,datasets_flow/dataset_cropped/10_Metas/23/16/20191023163600_00160.jpg,datasets_cloudmask/dataset_cropped/10_Metas/23/16/20191023163600_00160.png,50.9,0,50.9,14.5,953
10/23/2019 16:37,datasets/dataset_cropped/10_Metas/23/16/20191023163700_00160.jpg,datasets_flow/dataset_cropped/10_Metas/23/16/20191023163700_00160.jpg,datasets_cloudmask/dataset_cropped/10_Metas/23/16/20191023163700_00160.png,49.8,0,49.8,14.5,953
10/23/2019 16:38,datasets/dataset_cropped/10_Metas/23/16/20191023163800_00160.jpg,datasets_flow/dataset_cropped/10_Metas/23/16/20191023163800_00160.jpg,datasets_cloudmask/dataset_cropped/10_Metas/23/16/20191023163800_00160.png,47.6,0,47.6,14.7,953
10/23/2019 16:39,datasets/dataset_cropped/10_Metas/23/16/20191023163900_00160.jpg,datasets_flow/dataset_cropped/10_Metas/23/16/20191023163900_00160.jpg,datasets_cloudmask/dataset_cropped/10_Metas/23/16/20191023163900_00160.png,43.9,0,43.8,14.8,954
10/23/2019 16:40,datasets/dataset_cropped/10_Metas/23/16/20191023164000_00160.jpg,datasets_flow/dataset_cropped/10_Metas/23/16/20191023164000_00160.jpg,datasets_cloudmask/dataset_cropped/10_Metas/23/16/20191023164000_00160.png,39,0,38.9,14.8,954
10/23/2019 16:41,datasets/dataset_cropped/10_Metas/23/16/20191023164100_00160.jpg,datasets_flow/dataset_cropped/10_Metas/23/16/20191023164100_00160.jpg,datasets_cloudmask/dataset_cropped/10_Metas/23/16/20191023164100_00160.png,34.2,0,34.3,14.7,954
10/23/2019 16:42,datasets/dataset_cropped/10_Metas/23/16/20191023164200_00160.jpg,datasets_flow/dataset_cropped/10_Metas/23/16/20191023164200_00160.jpg,datasets_cloudmask/dataset_cropped/10_Metas/23/16/20191023164200_00160.png,30.1,0,30.1,14.6,954
10/23/2019 16:43,datasets/dataset_cropped/10_Metas/23/16/20191023164300_00160.jpg,datasets_flow/dataset_cropped/10_Metas/23/16/20191023164300_00160.jpg,datasets_cloudmask/dataset_cropped/10_Metas/23/16/20191023164300_00160.png,26.8,0,26.7,14.5,954
10/23/2019 16:44,datasets/dataset_cropped/10_Metas/23/16/20191023164400_00160.jpg,datasets_flow/dataset_cropped/10_Metas/23/16/20191023164400_00160.jpg,datasets_cloudmask/dataset_cropped/10_Metas/23/16/20191023164400_00160.png,24.2,0,24.1,14.4,954
10/23/2019 16:45,datasets/dataset_cropped/10_Metas/23/16/20191023164500_00160.jpg,datasets_flow/dataset_cropped/10_Metas/23/16/20191023164500_00160.jpg,datasets_cloudmask/dataset_cropped/10_Metas/23/16/20191023164500_00160.png,22.5,0,22.2,14.4,954
10/23/2019 16:46,datasets/dataset_cropped/10_Metas/23/16/20191023164600_00160.jpg,datasets_flow/dataset_cropped/10_Metas/23/16/20191023164600_00160.jpg,datasets_cloudmask/dataset_cropped/10_Metas/23/16/20191023164600_00160.png,21.7,0,21.5,14.3,954
10/23/2019 16:47,datasets/dataset_cropped/10_Metas/23/16/20191023164700_00160.jpg,datasets_flow/dataset_cropped/10_Metas/23/16/20191023164700_00160.jpg,datasets_cloudmask/dataset_cropped/10_Metas/23/16/20191023164700_00160.png,22,0,21.9,14.3,954
10/23/2019 16:48,datasets/dataset_cropped/10_Metas/23/16/20191023164800_00160.jpg,datasets_flow/dataset_cropped/10_Metas/23/16/20191023164800_00160.jpg,datasets_cloudmask/dataset_cropped/10_Metas/23/16/20191023164800_00160.png,23.2,0,23.2,14.3,954
10/23/2019 16:49,datasets/dataset_cropped/10_Metas/23/16/20191023164900_00160.jpg,datasets_flow/dataset_cropped/10_Metas/23/16/20191023164900_00160.jpg,datasets_cloudmask/dataset_cropped/10_Metas/23/16/20191023164900_00160.png,24.6,0,24.7,14.3,954
10/23/2019 16:50,datasets/dataset_cropped/10_Metas/23/16/20191023165000_00160.jpg,datasets_flow/dataset_cropped/10_Metas/23/16/20191023165000_00160.jpg,datasets_cloudmask/dataset_cropped/10_Metas/23/16/20191023165000_00160.png,25.8,0,26,14.3,954
10/23/2019 16:51,datasets/dataset_cropped/10_Metas/23/16/20191023165100_00160.jpg,datasets_flow/dataset_cropped/10_Metas/23/16/20191023165100_00160.jpg,datasets_cloudmask/dataset_cropped/10_Metas/23/16/20191023165100_00160.png,26.8,0,27,14.4,954
10/23/2019 16:52,datasets/dataset_cropped/10_Metas/23/16/20191023165200_00160.jpg,datasets_flow/dataset_cropped/10_Metas/23/16/20191023165200_00160.jpg,datasets_cloudmask/dataset_cropped/10_Metas/23/16/20191023165200_00160.png,27,0,27.3,14.3,954
10/23/2019 16:53,datasets/dataset_cropped/10_Metas/23/16/20191023165300_00160.jpg,datasets_flow/dataset_cropped/10_Metas/23/16/20191023165300_00160.jpg,datasets_cloudmask/dataset_cropped/10_Metas/23/16/20191023165300_00160.png,26.4,0,26.7,14.3,954
10/23/2019 16:54,datasets/dataset_cropped/10_Metas/23/16/20191023165400_00160.jpg,datasets_flow/dataset_cropped/10_Metas/23/16/20191023165400_00160.jpg,datasets_cloudmask/dataset_cropped/10_Metas/23/16/20191023165400_00160.png,25.7,0,26,14.2,954
10/23/2019 16:55,datasets/dataset_cropped/10_Metas/23/16/20191023165500_00160.jpg,datasets_flow/dataset_cropped/10_Metas/23/16/20191023165500_00160.jpg,datasets_cloudmask/dataset_cropped/10_Metas/23/16/20191023165500_00160.png,25.6,0,25.8,14.2,954
10/23/2019 16:56,datasets/dataset_cropped/10_Metas/23/16/20191023165600_00160.jpg,datasets_flow/dataset_cropped/10_Metas/23/16/20191023165600_00160.jpg,datasets_cloudmask/dataset_cropped/10_Metas/23/16/20191023165600_00160.png,26,0,26.1,14.2,954
10/23/2019 16:57,datasets/dataset_cropped/10_Metas/23/16/20191023165700_00160.jpg,datasets_flow/dataset_cropped/10_Metas/23/16/20191023165700_00160.jpg,datasets_cloudmask/dataset_cropped/10_Metas/23/16/20191023165700_00160.png,26.8,0,26.7,14.1,954
10/23/2019 16:58,datasets/dataset_cropped/10_Metas/23/16/20191023165800_00160.jpg,datasets_flow/dataset_cropped/10_Metas/23/16/20191023165800_00160.jpg,datasets_cloudmask/dataset_cropped/10_Metas/23/16/20191023165800_00160.png,27.4,0,27.1,14.2,954
10/23/2019 16:59,datasets/dataset_cropped/10_Metas/23/16/20191023165900_00160.jpg,datasets_flow/dataset_cropped/10_Metas/23/16/20191023165900_00160.jpg,datasets_cloudmask/dataset_cropped/10_Metas/23/16/20191023165900_00160.png,27.4,0,27.1,14.4,954
10/23/2019 17:00,datasets/dataset_cropped/10_Metas/23/17/20191023170000_00160.jpg,datasets_flow/dataset_cropped/10_Metas/23/17/20191023170000_00160.jpg,datasets_cloudmask/dataset_cropped/10_Metas/23/17/20191023170000_00160.png,26.9,0,26.6,14.5,954
10/23/2019 17:01,datasets/dataset_cropped/10_Metas/23/17/20191023170100_00160.jpg,datasets_flow/dataset_cropped/10_Metas/23/17/20191023170100_00160.jpg,datasets_cloudmask/dataset_cropped/10_Metas/23/17/20191023170100_00160.png,26.1,0,25.8,14.4,954
10/23/2019 17:02,datasets/dataset_cropped/10_Metas/23/17/20191023170200_00160.jpg,datasets_flow/dataset_cropped/10_Metas/23/17/20191023170200_00160.jpg,datasets_cloudmask/dataset_cropped/10_Metas/23/17/20191023170200_00160.png,25.3,0,24.9,14.5,954
10/23/2019 17:03,datasets/dataset_cropped/10_Metas/23/17/20191023170300_00160.jpg,datasets_flow/dataset_cropped/10_Metas/23/17/20191023170300_00160.jpg,datasets_cloudmask/dataset_cropped/10_Metas/23/17/20191023170300_00160.png,24.3,0,23.9,14.4,954
10/23/2019 17:04,datasets/dataset_cropped/10_Metas/23/17/20191023170400_00160.jpg,datasets_flow/dataset_cropped/10_Metas/23/17/20191023170400_00160.jpg,datasets_cloudmask/dataset_cropped/10_Metas/23/17/20191023170400_00160.png,23.1,0.2,22.8,14.4,954
10/23/2019 17:05,datasets/dataset_cropped/10_Metas/23/17/20191023170500_00160.jpg,datasets_flow/dataset_cropped/10_Metas/23/17/20191023170500_00160.jpg,datasets_cloudmask/dataset_cropped/10_Metas/23/17/20191023170500_00160.png,21.4,0.3,21.2,14.3,954
10/23/2019 17:06,datasets/dataset_cropped/10_Metas/23/17/20191023170600_00160.jpg,datasets_flow/dataset_cropped/10_Metas/23/17/20191023170600_00160.jpg,datasets_cloudmask/dataset_cropped/10_Metas/23/17/20191023170600_00160.png,19.3,0.5,19.2,14.3,954
10/23/2019 17:07,datasets/dataset_cropped/10_Metas/23/17/20191023170700_00160.jpg,datasets_flow/dataset_cropped/10_Metas/23/17/20191023170700_00160.jpg,datasets_cloudmask/dataset_cropped/10_Metas/23/17/20191023170700_00160.png,17.2,0.5,17.1,14.2,954
10/23/2019 17:08,datasets/dataset_cropped/10_Metas/23/17/20191023170800_00160.jpg,datasets_flow/dataset_cropped/10_Metas/23/17/20191023170800_00160.jpg,datasets_cloudmask/dataset_cropped/10_Metas/23/17/20191023170800_00160.png,15.5,0.4,15.4,14.2,954
10/23/2019 17:09,datasets/dataset_cropped/10_Metas/23/17/20191023170900_00160.jpg,datasets_flow/dataset_cropped/10_Metas/23/17/20191023170900_00160.jpg,datasets_cloudmask/dataset_cropped/10_Metas/23/17/20191023170900_00160.png,14.4,0.4,14.3,14.2,954
10/23/2019 17:10,datasets/dataset_cropped/10_Metas/23/17/20191023171000_00160.jpg,datasets_flow/dataset_cropped/10_Metas/23/17/20191023171000_00160.jpg,datasets_cloudmask/dataset_cropped/10_Metas/23/17/20191023171000_00160.png,13.9,0.4,13.8,14.2,954
10/23/2019 17:11,datasets/dataset_cropped/10_Metas/23/17/20191023171100_00160.jpg,datasets_flow/dataset_cropped/10_Metas/23/17/20191023171100_00160.jpg,datasets_cloudmask/dataset_cropped/10_Metas/23/17/20191023171100_00160.png,14,0.3,13.9,14.3,954
10/23/2019 17:12,datasets/dataset_cropped/10_Metas/23/17/20191023171200_00160.jpg,datasets_flow/dataset_cropped/10_Metas/23/17/20191023171200_00160.jpg,datasets_cloudmask/dataset_cropped/10_Metas/23/17/20191023171200_00160.png,14.2,0.3,14.2,14.4,954
10/23/2019 17:13,datasets/dataset_cropped/10_Metas/23/17/20191023171300_00160.jpg,datasets_flow/dataset_cropped/10_Metas/23/17/20191023171300_00160.jpg,datasets_cloudmask/dataset_cropped/10_Metas/23/17/20191023171300_00160.png,14.5,0.3,14.5,14.4,954
10/23/2019 17:14,datasets/dataset_cropped/10_Metas/23/17/20191023171400_00160.jpg,datasets_flow/dataset_cropped/10_Metas/23/17/20191023171400_00160.jpg,datasets_cloudmask/dataset_cropped/10_Metas/23/17/20191023171400_00160.png,14.5,0.3,14.6,14.5,954
10/23/2019 17:15,datasets/dataset_cropped/10_Metas/23/17/20191023171500_00160.jpg,datasets_flow/dataset_cropped/10_Metas/23/17/20191023171500_00160.jpg,datasets_cloudmask/dataset_cropped/10_Metas/23/17/20191023171500_00160.png,14.5,0.2,14.6,14.5,954
10/23/2019 17:16,datasets/dataset_cropped/10_Metas/23/17/20191023171600_00160.jpg,datasets_flow/dataset_cropped/10_Metas/23/17/20191023171600_00160.jpg,datasets_cloudmask/dataset_cropped/10_Metas/23/17/20191023171600_00160.png,14.8,0.3,14.9,14.5,954
10/23/2019 17:17,datasets/dataset_cropped/10_Metas/23/17/20191023171700_00160.jpg,datasets_flow/dataset_cropped/10_Metas/23/17/20191023171700_00160.jpg,datasets_cloudmask/dataset_cropped/10_Metas/23/17/20191023171700_00160.png,15.5,0.4,15.6,14.5,954
10/23/2019 17:18,datasets/dataset_cropped/10_Metas/23/17/20191023171800_00160.jpg,datasets_flow/dataset_cropped/10_Metas/23/17/20191023171800_00160.jpg,datasets_cloudmask/dataset_cropped/10_Metas/23/17/20191023171800_00160.png,16.7,0.3,16.8,14.6,954
10/23/2019 17:19,datasets/dataset_cropped/10_Metas/23/17/20191023171900_00160.jpg,datasets_flow/dataset_cropped/10_Metas/23/17/20191023171900_00160.jpg,datasets_cloudmask/dataset_cropped/10_Metas/23/17/20191023171900_00160.png,18.4,0.3,18.5,14.6,954
10/23/2019 17:20,datasets/dataset_cropped/10_Metas/23/17/20191023172000_00160.jpg,datasets_flow/dataset_cropped/10_Metas/23/17/20191023172000_00160.jpg,datasets_cloudmask/dataset_cropped/10_Metas/23/17/20191023172000_00160.png,20.3,0.2,20.4,14.6,954
10/23/2019 17:21,datasets/dataset_cropped/10_Metas/23/17/20191023172100_00160.jpg,datasets_flow/dataset_cropped/10_Metas/23/17/20191023172100_00160.jpg,datasets_cloudmask/dataset_cropped/10_Metas/23/17/20191023172100_00160.png,21.9,0.2,22,14.7,954
10/23/2019 17:22,datasets/dataset_cropped/10_Metas/23/17/20191023172200_00160.jpg,datasets_flow/dataset_cropped/10_Metas/23/17/20191023172200_00160.jpg,datasets_cloudmask/dataset_cropped/10_Metas/23/17/20191023172200_00160.png,22.9,0.1,23,14.7,954
10/23/2019 17:23,datasets/dataset_cropped/10_Metas/23/17/20191023172300_00160.jpg,datasets_flow/dataset_cropped/10_Metas/23/17/20191023172300_00160.jpg,datasets_cloudmask/dataset_cropped/10_Metas/23/17/20191023172300_00160.png,23.3,0.1,23.4,14.6,954
10/23/2019 17:24,datasets/dataset_cropped/10_Metas/23/17/20191023172400_00160.jpg,datasets_flow/dataset_cropped/10_Metas/23/17/20191023172400_00160.jpg,datasets_cloudmask/dataset_cropped/10_Metas/23/17/20191023172400_00160.png,23.2,0.1,23.3,14.6,954
10/23/2019 17:25,datasets/dataset_cropped/10_Metas/23/17/20191023172500_00160.jpg,datasets_flow/dataset_cropped/10_Metas/23/17/20191023172500_00160.jpg,datasets_cloudmask/dataset_cropped/10_Metas/23/17/20191023172500_00160.png,22.7,0.1,22.8,14.5,954
10/23/2019 17:26,datasets/dataset_cropped/10_Metas/23/17/20191023172600_00160.jpg,datasets_flow/dataset_cropped/10_Metas/23/17/20191023172600_00160.jpg,datasets_cloudmask/dataset_cropped/10_Metas/23/17/20191023172600_00160.png,21.9,0.1,22,14.3,954
10/23/2019 17:27,datasets/dataset_cropped/10_Metas/23/17/20191023172700_00160.jpg,datasets_flow/dataset_cropped/10_Metas/23/17/20191023172700_00160.jpg,datasets_cloudmask/dataset_cropped/10_Metas/23/17/20191023172700_00160.png,20.6,0,20.6,14.2,954
10/23/2019 17:28,datasets/dataset_cropped/10_Metas/23/17/20191023172800_00160.jpg,datasets_flow/dataset_cropped/10_Metas/23/17/20191023172800_00160.jpg,datasets_cloudmask/dataset_cropped/10_Metas/23/17/20191023172800_00160.png,19.2,0,19.1,14.2,954
10/23/2019 17:29,datasets/dataset_cropped/10_Metas/23/17/20191023172900_00160.jpg,datasets_flow/dataset_cropped/10_Metas/23/17/20191023172900_00160.jpg,datasets_cloudmask/dataset_cropped/10_Metas/23/17/20191023172900_00160.png,17.8,0,17.7,14.1,954
10/23/2019 17:30,datasets/dataset_cropped/10_Metas/23/17/20191023173000_00160.jpg,datasets_flow/dataset_cropped/10_Metas/23/17/20191023173000_00160.jpg,datasets_cloudmask/dataset_cropped/10_Metas/23/17/20191023173000_00160.png,16.7,0,16.6,14.1,954
10/23/2019 17:31,datasets/dataset_cropped/10_Metas/23/17/20191023173100_00160.jpg,datasets_flow/dataset_cropped/10_Metas/23/17/20191023173100_00160.jpg,datasets_cloudmask/dataset_cropped/10_Metas/23/17/20191023173100_00160.png,15.8,0,15.7,14,954
10/23/2019 17:32,datasets/dataset_cropped/10_Metas/23/17/20191023173200_00160.jpg,datasets_flow/dataset_cropped/10_Metas/23/17/20191023173200_00160.jpg,datasets_cloudmask/dataset_cropped/10_Metas/23/17/20191023173200_00160.png,15,0,14.9,14,954
10/23/2019 17:33,datasets/dataset_cropped/10_Metas/23/17/20191023173300_00160.jpg,datasets_flow/dataset_cropped/10_Metas/23/17/20191023173300_00160.jpg,datasets_cloudmask/dataset_cropped/10_Metas/23/17/20191023173300_00160.png,14.5,0,14.3,14,954
10/23/2019 17:34,datasets/dataset_cropped/10_Metas/23/17/20191023173400_00160.jpg,datasets_flow/dataset_cropped/10_Metas/23/17/20191023173400_00160.jpg,datasets_cloudmask/dataset_cropped/10_Metas/23/17/20191023173400_00160.png,14.2,0,14,14,954
10/23/2019 17:35,datasets/dataset_cropped/10_Metas/23/17/20191023173500_00160.jpg,datasets_flow/dataset_cropped/10_Metas/23/17/20191023173500_00160.jpg,datasets_cloudmask/dataset_cropped/10_Metas/23/17/20191023173500_00160.png,13.9,0,13.8,14,954
10/23/2019 17:36,datasets/dataset_cropped/10_Metas/23/17/20191023173600_00160.jpg,datasets_flow/dataset_cropped/10_Metas/23/17/20191023173600_00160.jpg,datasets_cloudmask/dataset_cropped/10_Metas/23/17/20191023173600_00160.png,13.8,0,13.7,14,954
10/23/2019 17:37,datasets/dataset_cropped/10_Metas/23/17/20191023173700_00160.jpg,datasets_flow/dataset_cropped/10_Metas/23/17/20191023173700_00160.jpg,datasets_cloudmask/dataset_cropped/10_Metas/23/17/20191023173700_00160.png,13.8,0,13.7,14,954
10/23/2019 17:38,datasets/dataset_cropped/10_Metas/23/17/20191023173800_00160.jpg,datasets_flow/dataset_cropped/10_Metas/23/17/20191023173800_00160.jpg,datasets_cloudmask/dataset_cropped/10_Metas/23/17/20191023173800_00160.png,14,0,14,14,954
10/23/2019 17:39,datasets/dataset_cropped/10_Metas/23/17/20191023173900_00160.jpg,datasets_flow/dataset_cropped/10_Metas/23/17/20191023173900_00160.jpg,datasets_cloudmask/dataset_cropped/10_Metas/23/17/20191023173900_00160.png,14.4,0,14.4,14,954
10/23/2019 17:40,datasets/dataset_cropped/10_Metas/23/17/20191023174000_00160.jpg,datasets_flow/dataset_cropped/10_Metas/23/17/20191023174000_00160.jpg,datasets_cloudmask/dataset_cropped/10_Metas/23/17/20191023174000_00160.png,14.8,0,14.8,14,954
10/23/2019 17:41,datasets/dataset_cropped/10_Metas/23/17/20191023174100_00160.jpg,datasets_flow/dataset_cropped/10_Metas/23/17/20191023174100_00160.jpg,datasets_cloudmask/dataset_cropped/10_Metas/23/17/20191023174100_00160.png,15.1,0,15.1,14,954
10/23/2019 17:42,datasets/dataset_cropped/10_Metas/23/17/20191023174200_00160.jpg,datasets_flow/dataset_cropped/10_Metas/23/17/20191023174200_00160.jpg,datasets_cloudmask/dataset_cropped/10_Metas/23/17/20191023174200_00160.png,15.2,0,15.2,13.9,954
10/23/2019 17:43,datasets/dataset_cropped/10_Metas/23/17/20191023174300_00160.jpg,datasets_flow/dataset_cropped/10_Metas/23/17/20191023174300_00160.jpg,datasets_cloudmask/dataset_cropped/10_Metas/23/17/20191023174300_00160.png,14.9,0,15,14,954
10/23/2019 17:44,datasets/dataset_cropped/10_Metas/23/17/20191023174400_00160.jpg,datasets_flow/dataset_cropped/10_Metas/23/17/20191023174400_00160.jpg,datasets_cloudmask/dataset_cropped/10_Metas/23/17/20191023174400_00160.png,14.2,0,14.2,13.9,954
10/23/2019 17:45,datasets/dataset_cropped/10_Metas/23/17/20191023174500_00160.jpg,datasets_flow/dataset_cropped/10_Metas/23/17/20191023174500_00160.jpg,datasets_cloudmask/dataset_cropped/10_Metas/23/17/20191023174500_00160.png,13.3,0,13.4,13.9,954
10/23/2019 17:46,datasets/dataset_cropped/10_Metas/23/17/20191023174600_00160.jpg,datasets_flow/dataset_cropped/10_Metas/23/17/20191023174600_00160.jpg,datasets_cloudmask/dataset_cropped/10_Metas/23/17/20191023174600_00160.png,12.6,0,12.6,13.9,954
10/23/2019 17:47,datasets/dataset_cropped/10_Metas/23/17/20191023174700_00160.jpg,datasets_flow/dataset_cropped/10_Metas/23/17/20191023174700_00160.jpg,datasets_cloudmask/dataset_cropped/10_Metas/23/17/20191023174700_00160.png,11.9,0,12,13.9,954
10/23/2019 17:48,datasets/dataset_cropped/10_Metas/23/17/20191023174800_00160.jpg,datasets_flow/dataset_cropped/10_Metas/23/17/20191023174800_00160.jpg,datasets_cloudmask/dataset_cropped/10_Metas/23/17/20191023174800_00160.png,11.4,0,11.6,13.8,954
10/23/2019 17:49,datasets/dataset_cropped/10_Metas/23/17/20191023174900_00160.jpg,datasets_flow/dataset_cropped/10_Metas/23/17/20191023174900_00160.jpg,datasets_cloudmask/dataset_cropped/10_Metas/23/17/20191023174900_00160.png,11.1,0,11.2,13.8,954
10/23/2019 17:50,datasets/dataset_cropped/10_Metas/23/17/20191023175000_00160.jpg,datasets_flow/dataset_cropped/10_Metas/23/17/20191023175000_00160.jpg,datasets_cloudmask/dataset_cropped/10_Metas/23/17/20191023175000_00160.png,10.8,0,10.9,13.8,954
10/23/2019 17:51,datasets/dataset_cropped/10_Metas/23/17/20191023175100_00160.jpg,datasets_flow/dataset_cropped/10_Metas/23/17/20191023175100_00160.jpg,datasets_cloudmask/dataset_cropped/10_Metas/23/17/20191023175100_00160.png,10.7,0,10.8,13.8,954
10/23/2019 17:52,datasets/dataset_cropped/10_Metas/23/17/20191023175200_00160.jpg,datasets_flow/dataset_cropped/10_Metas/23/17/20191023175200_00160.jpg,datasets_cloudmask/dataset_cropped/10_Metas/23/17/20191023175200_00160.png,10.4,0,10.5,13.7,954
10/23/2019 17:53,datasets/dataset_cropped/10_Metas/23/17/20191023175300_00160.jpg,datasets_flow/dataset_cropped/10_Metas/23/17/20191023175300_00160.jpg,datasets_cloudmask/dataset_cropped/10_Metas/23/17/20191023175300_00160.png,10.2,0,10.1,13.7,954
10/23/2019 17:54,datasets/dataset_cropped/10_Metas/23/17/20191023175400_00160.jpg,datasets_flow/dataset_cropped/10_Metas/23/17/20191023175400_00160.jpg,datasets_cloudmask/dataset_cropped/10_Metas/23/17/20191023175400_00160.png,9.7,0,9.5,13.6,954
10/23/2019 17:55,datasets/dataset_cropped/10_Metas/23/17/20191023175500_00160.jpg,datasets_flow/dataset_cropped/10_Metas/23/17/20191023175500_00160.jpg,datasets_cloudmask/dataset_cropped/10_Metas/23/17/20191023175500_00160.png,8.9,0,8.7,13.5,954
10/23/2019 17:56,datasets/dataset_cropped/10_Metas/23/17/20191023175600_00160.jpg,datasets_flow/dataset_cropped/10_Metas/23/17/20191023175600_00160.jpg,datasets_cloudmask/dataset_cropped/10_Metas/23/17/20191023175600_00160.png,7.8,0,7.5,13.5,954
10/23/2019 17:57,datasets/dataset_cropped/10_Metas/23/17/20191023175700_00160.jpg,datasets_flow/dataset_cropped/10_Metas/23/17/20191023175700_00160.jpg,datasets_cloudmask/dataset_cropped/10_Metas/23/17/20191023175700_00160.png,7.1,0,6.8,13.5,954
10/23/2019 17:58,datasets/dataset_cropped/10_Metas/23/17/20191023175800_00160.jpg,datasets_flow/dataset_cropped/10_Metas/23/17/20191023175800_00160.jpg,datasets_cloudmask/dataset_cropped/10_Metas/23/17/20191023175800_00160.png,6.9,0,6.3,13.4,954
10/23/2019 17:59,datasets/dataset_cropped/10_Metas/23/17/20191023175900_00160.jpg,datasets_flow/dataset_cropped/10_Metas/23/17/20191023175900_00160.jpg,datasets_cloudmask/dataset_cropped/10_Metas/23/17/20191023175900_00160.png,6.4,0,5.8,13.3,954
10/23/2019 18:00,datasets/dataset_cropped/10_Metas/23/18/20191023180000_00160.jpg,datasets_flow/dataset_cropped/10_Metas/23/18/20191023180000_00160.jpg,datasets_cloudmask/dataset_cropped/10_Metas/23/18/20191023180000_00160.png,6,0,5.3,13.2,954
10/23/2019 18:01,datasets/dataset_cropped/10_Metas/23/18/20191023180100_00160.jpg,datasets_flow/dataset_cropped/10_Metas/23/18/20191023180100_00160.jpg,datasets_cloudmask/dataset_cropped/10_Metas/23/18/20191023180100_00160.png,5.6,0,4.9,13.2,954
10/23/2019 18:02,datasets/dataset_cropped/10_Metas/23/18/20191023180200_00160.jpg,datasets_flow/dataset_cropped/10_Metas/23/18/20191023180200_00160.jpg,datasets_cloudmask/dataset_cropped/10_Metas/23/18/20191023180200_00160.png,5.1,0,4.5,13.2,955
10/23/2019 18:03,datasets/dataset_cropped/10_Metas/23/18/20191023180300_00160.jpg,datasets_flow/dataset_cropped/10_Metas/23/18/20191023180300_00160.jpg,datasets_cloudmask/dataset_cropped/10_Metas/23/18/20191023180300_00160.png,4.7,0,4.2,13.1,955
10/23/2019 18:04,datasets/dataset_cropped/10_Metas/23/18/20191023180400_00160.jpg,datasets_flow/dataset_cropped/10_Metas/23/18/20191023180400_00160.jpg,datasets_cloudmask/dataset_cropped/10_Metas/23/18/20191023180400_00160.png,4.4,0,4,13.1,954
10/23/2019 18:05,datasets/dataset_cropped/10_Metas/23/18/20191023180500_00160.jpg,datasets_flow/dataset_cropped/10_Metas/23/18/20191023180500_00160.jpg,datasets_cloudmask/dataset_cropped/10_Metas/23/18/20191023180500_00160.png,4.2,0,3.8,13.1,955
10/23/2019 18:06,datasets/dataset_cropped/10_Metas/23/18/20191023180600_00160.jpg,datasets_flow/dataset_cropped/10_Metas/23/18/20191023180600_00160.jpg,datasets_cloudmask/dataset_cropped/10_Metas/23/18/20191023180600_00160.png,4,0,3.8,13.1,955
10/23/2019 18:07,datasets/dataset_cropped/10_Metas/23/18/20191023180700_00160.jpg,datasets_flow/dataset_cropped/10_Metas/23/18/20191023180700_00160.jpg,datasets_cloudmask/dataset_cropped/10_Metas/23/18/20191023180700_00160.png,3.8,0,3.7,13.1,955
10/23/2019 18:08,datasets/dataset_cropped/10_Metas/23/18/20191023180800_00160.jpg,datasets_flow/dataset_cropped/10_Metas/23/18/20191023180800_00160.jpg,datasets_cloudmask/dataset_cropped/10_Metas/23/18/20191023180800_00160.png,3.6,0,3.5,13.1,955
10/23/2019 18:09,datasets/dataset_cropped/10_Metas/23/18/20191023180900_00160.jpg,datasets_flow/dataset_cropped/10_Metas/23/18/20191023180900_00160.jpg,datasets_cloudmask/dataset_cropped/10_Metas/23/18/20191023180900_00160.png,3.3,0,3.3,13.1,955
10/23/2019 18:10,datasets/dataset_cropped/10_Metas/23/18/20191023181000_00160.jpg,datasets_flow/dataset_cropped/10_Metas/23/18/20191023181000_00160.jpg,datasets_cloudmask/dataset_cropped/10_Metas/23/18/20191023181000_00160.png,2.9,0.2,3,13.1,955
10/23/2019 18:11,datasets/dataset_cropped/10_Metas/23/18/20191023181100_00160.jpg,datasets_flow/dataset_cropped/10_Metas/23/18/20191023181100_00160.jpg,datasets_cloudmask/dataset_cropped/10_Metas/23/18/20191023181100_00160.png,2.4,0.4,2.5,13.1,955
10/23/2019 18:12,datasets/dataset_cropped/10_Metas/23/18/20191023181200_00160.jpg,datasets_flow/dataset_cropped/10_Metas/23/18/20191023181200_00160.jpg,datasets_cloudmask/dataset_cropped/10_Metas/23/18/20191023181200_00160.png,2,0.4,2.1,13.1,955
10/23/2019 18:13,datasets/dataset_cropped/10_Metas/23/18/20191023181300_00160.jpg,datasets_flow/dataset_cropped/10_Metas/23/18/20191023181300_00160.jpg,datasets_cloudmask/dataset_cropped/10_Metas/23/18/20191023181300_00160.png,1.7,0.4,1.8,13.1,955
10/23/2019 18:14,datasets/dataset_cropped/10_Metas/23/18/20191023181400_00160.jpg,datasets_flow/dataset_cropped/10_Metas/23/18/20191023181400_00160.jpg,datasets_cloudmask/dataset_cropped/10_Metas/23/18/20191023181400_00160.png,1.4,0.3,1.5,13.1,955
10/23/2019 18:15,datasets/dataset_cropped/10_Metas/23/18/20191023181500_00160.jpg,datasets_flow/dataset_cropped/10_Metas/23/18/20191023181500_00160.jpg,datasets_cloudmask/dataset_cropped/10_Metas/23/18/20191023181500_00160.png,1.3,0.3,1.4,13.1,955
10/23/2019 18:16,datasets/dataset_cropped/10_Metas/23/18/20191023181600_00160.jpg,datasets_flow/dataset_cropped/10_Metas/23/18/20191023181600_00160.jpg,datasets_cloudmask/dataset_cropped/10_Metas/23/18/20191023181600_00160.png,1.2,0.1,1.3,13.1,955
10/23/2019 18:17,datasets/dataset_cropped/10_Metas/23/18/20191023181700_00160.jpg,datasets_flow/dataset_cropped/10_Metas/23/18/20191023181700_00160.jpg,datasets_cloudmask/dataset_cropped/10_Metas/23/18/20191023181700_00160.png,1,0,1.2,13.1,955
10/23/2019 18:18,datasets/dataset_cropped/10_Metas/23/18/20191023181800_00160.jpg,datasets_flow/dataset_cropped/10_Metas/23/18/20191023181800_00160.jpg,datasets_cloudmask/dataset_cropped/10_Metas/23/18/20191023181800_00160.png,0.8,0,1,13.1,955
10/23/2019 18:19,datasets/dataset_cropped/10_Metas/23/18/20191023181900_00160.jpg,datasets_flow/dataset_cropped/10_Metas/23/18/20191023181900_00160.jpg,datasets_cloudmask/dataset_cropped/10_Metas/23/18/20191023181900_00160.png,0.6,0,0.8,13,955
10/23/2019 18:20,datasets/dataset_cropped/10_Metas/23/18/20191023182000_00160.jpg,datasets_flow/dataset_cropped/10_Metas/23/18/20191023182000_00160.jpg,datasets_cloudmask/dataset_cropped/10_Metas/23/18/20191023182000_00160.png,0.4,0,0.6,13,955
10/23/2019 18:21,datasets/dataset_cropped/10_Metas/23/18/20191023182100_00160.jpg,datasets_flow/dataset_cropped/10_Metas/23/18/20191023182100_00160.jpg,datasets_cloudmask/dataset_cropped/10_Metas/23/18/20191023182100_00160.png,0.3,0,0.5,13,955
10/24/2019 7:30,datasets/dataset_cropped/10_Metas/24/07/20191024073030_00149.jpg,datasets_flow/dataset_cropped/10_Metas/24/07/20191024073030_00149.jpg,datasets_cloudmask/dataset_cropped/10_Metas/24/07/20191024073030_00149.png,8.8,0.6,8.6,10.9,959
10/24/2019 7:31,datasets/dataset_cropped/10_Metas/24/07/20191024073100_00149.jpg,datasets_flow/dataset_cropped/10_Metas/24/07/20191024073100_00149.jpg,datasets_cloudmask/dataset_cropped/10_Metas/24/07/20191024073100_00149.png,8.8,0.6,8.6,10.9,959
10/24/2019 7:32,datasets/dataset_cropped/10_Metas/24/07/20191024073200_00149.jpg,datasets_flow/dataset_cropped/10_Metas/24/07/20191024073200_00149.jpg,datasets_cloudmask/dataset_cropped/10_Metas/24/07/20191024073200_00149.png,9.8,15.1,9.4,11.2,959
10/24/2019 7:33,datasets/dataset_cropped/10_Metas/24/07/20191024073300_00149.jpg,datasets_flow/dataset_cropped/10_Metas/24/07/20191024073300_00149.jpg,datasets_cloudmask/dataset_cropped/10_Metas/24/07/20191024073300_00149.png,11.7,70.1,10.1,11.4,959
10/24/2019 7:34,datasets/dataset_cropped/10_Metas/24/07/20191024073400_00149.jpg,datasets_flow/dataset_cropped/10_Metas/24/07/20191024073400_00149.jpg,datasets_cloudmask/dataset_cropped/10_Metas/24/07/20191024073400_00149.png,13.8,128.6,10.9,11.6,959
10/24/2019 7:35,datasets/dataset_cropped/10_Metas/24/07/20191024073500_00149.jpg,datasets_flow/dataset_cropped/10_Metas/24/07/20191024073500_00149.jpg,datasets_cloudmask/dataset_cropped/10_Metas/24/07/20191024073500_00149.png,15.4,150.4,11.6,11.6,959
10/24/2019 7:36,datasets/dataset_cropped/10_Metas/24/07/20191024073600_00149.jpg,datasets_flow/dataset_cropped/10_Metas/24/07/20191024073600_00149.jpg,datasets_cloudmask/dataset_cropped/10_Metas/24/07/20191024073600_00149.png,17,163.1,12.5,11.7,959
10/24/2019 7:37,datasets/dataset_cropped/10_Metas/24/07/20191024073700_00149.jpg,datasets_flow/dataset_cropped/10_Metas/24/07/20191024073700_00149.jpg,datasets_cloudmask/dataset_cropped/10_Metas/24/07/20191024073700_00149.png,18.8,177.3,13.4,11.8,959
10/24/2019 7:38,datasets/dataset_cropped/10_Metas/24/07/20191024073800_00149.jpg,datasets_flow/dataset_cropped/10_Metas/24/07/20191024073800_00149.jpg,datasets_cloudmask/dataset_cropped/10_Metas/24/07/20191024073800_00149.png,20.3,188.1,14,11.8,959
10/24/2019 7:39,datasets/dataset_cropped/10_Metas/24/07/20191024073900_00149.jpg,datasets_flow/dataset_cropped/10_Metas/24/07/20191024073900_00149.jpg,datasets_cloudmask/dataset_cropped/10_Metas/24/07/20191024073900_00149.png,21.8,199.1,14.5,11.8,959
10/24/2019 7:40,datasets/dataset_cropped/10_Metas/24/07/20191024074000_00149.jpg,datasets_flow/dataset_cropped/10_Metas/24/07/20191024074000_00149.jpg,datasets_cloudmask/dataset_cropped/10_Metas/24/07/20191024074000_00149.png,23.4,208.8,15.2,11.7,959
10/24/2019 7:41,datasets/dataset_cropped/10_Metas/24/07/20191024074100_00149.jpg,datasets_flow/dataset_cropped/10_Metas/24/07/20191024074100_00149.jpg,datasets_cloudmask/dataset_cropped/10_Metas/24/07/20191024074100_00149.png,25.2,215.2,16.1,11.7,959
10/24/2019 7:42,datasets/dataset_cropped/10_Metas/24/07/20191024074200_00149.jpg,datasets_flow/dataset_cropped/10_Metas/24/07/20191024074200_00149.jpg,datasets_cloudmask/dataset_cropped/10_Metas/24/07/20191024074200_00149.png,26.5,204.5,17.3,11.7,959
10/24/2019 7:43,datasets/dataset_cropped/10_Metas/24/07/20191024074300_00149.jpg,datasets_flow/dataset_cropped/10_Metas/24/07/20191024074300_00149.jpg,datasets_cloudmask/dataset_cropped/10_Metas/24/07/20191024074300_00149.png,28,193.1,18.6,11.6,959
10/24/2019 7:44,datasets/dataset_cropped/10_Metas/24/07/20191024074400_00149.jpg,datasets_flow/dataset_cropped/10_Metas/24/07/20191024074400_00149.jpg,datasets_cloudmask/dataset_cropped/10_Metas/24/07/20191024074400_00149.png,31.6,224.2,20.1,11.6,959
10/24/2019 7:45,datasets/dataset_cropped/10_Metas/24/07/20191024074500_00149.jpg,datasets_flow/dataset_cropped/10_Metas/24/07/20191024074500_00149.jpg,datasets_cloudmask/dataset_cropped/10_Metas/24/07/20191024074500_00149.png,35.8,266.3,21.3,11.6,959
10/24/2019 7:46,datasets/dataset_cropped/10_Metas/24/07/20191024074600_00149.jpg,datasets_flow/dataset_cropped/10_Metas/24/07/20191024074600_00149.jpg,datasets_cloudmask/dataset_cropped/10_Metas/24/07/20191024074600_00149.png,38.2,280,22.1,11.7,959
10/24/2019 7:47,datasets/dataset_cropped/10_Metas/24/07/20191024074700_00149.jpg,datasets_flow/dataset_cropped/10_Metas/24/07/20191024074700_00149.jpg,datasets_cloudmask/dataset_cropped/10_Metas/24/07/20191024074700_00149.png,40.6,290.7,22.9,11.7,959
10/24/2019 7:48,datasets/dataset_cropped/10_Metas/24/07/20191024074800_00149.jpg,datasets_flow/dataset_cropped/10_Metas/24/07/20191024074800_00149.jpg,datasets_cloudmask/dataset_cropped/10_Metas/24/07/20191024074800_00149.png,43.4,304.2,23.8,11.8,959
10/24/2019 7:49,datasets/dataset_cropped/10_Metas/24/07/20191024074900_00149.jpg,datasets_flow/dataset_cropped/10_Metas/24/07/20191024074900_00149.jpg,datasets_cloudmask/dataset_cropped/10_Metas/24/07/20191024074900_00149.png,46.1,315.3,24.9,11.9,959
10/24/2019 7:50,datasets/dataset_cropped/10_Metas/24/07/20191024075000_00149.jpg,datasets_flow/dataset_cropped/10_Metas/24/07/20191024075000_00149.jpg,datasets_cloudmask/dataset_cropped/10_Metas/24/07/20191024075000_00149.png,49,325.4,26.1,11.9,959
10/24/2019 7:51,datasets/dataset_cropped/10_Metas/24/07/20191024075100_00149.jpg,datasets_flow/dataset_cropped/10_Metas/24/07/20191024075100_00149.jpg,datasets_cloudmask/dataset_cropped/10_Metas/24/07/20191024075100_00149.png,52.4,337.9,27.5,11.9,959
10/24/2019 7:52,datasets/dataset_cropped/10_Metas/24/07/20191024075200_00149.jpg,datasets_flow/dataset_cropped/10_Metas/24/07/20191024075200_00149.jpg,datasets_cloudmask/dataset_cropped/10_Metas/24/07/20191024075200_00149.png,54.8,330,28.2,12.1,959
10/24/2019 7:53,datasets/dataset_cropped/10_Metas/24/07/20191024075300_00149.jpg,datasets_flow/dataset_cropped/10_Metas/24/07/20191024075300_00149.jpg,datasets_cloudmask/dataset_cropped/10_Metas/24/07/20191024075300_00149.png,56.6,353.6,28.3,12.3,960
10/24/2019 7:54,datasets/dataset_cropped/10_Metas/24/07/20191024075400_00149.jpg,datasets_flow/dataset_cropped/10_Metas/24/07/20191024075400_00149.jpg,datasets_cloudmask/dataset_cropped/10_Metas/24/07/20191024075400_00149.png,58.7,364.4,28.4,12.3,959
10/24/2019 7:55,datasets/dataset_cropped/10_Metas/24/07/20191024075500_00149.jpg,datasets_flow/dataset_cropped/10_Metas/24/07/20191024075500_00149.jpg,datasets_cloudmask/dataset_cropped/10_Metas/24/07/20191024075500_00149.png,60.8,373.9,28.5,12.3,960
10/24/2019 7:56,datasets/dataset_cropped/10_Metas/24/07/20191024075600_00149.jpg,datasets_flow/dataset_cropped/10_Metas/24/07/20191024075600_00149.jpg,datasets_cloudmask/dataset_cropped/10_Metas/24/07/20191024075600_00149.png,63.2,385,28.7,12.2,959
10/24/2019 7:57,datasets/dataset_cropped/10_Metas/24/07/20191024075700_00149.jpg,datasets_flow/dataset_cropped/10_Metas/24/07/20191024075700_00149.jpg,datasets_cloudmask/dataset_cropped/10_Metas/24/07/20191024075700_00149.png,65.6,393.2,29.1,12.1,960
10/24/2019 7:58,datasets/dataset_cropped/10_Metas/24/07/20191024075800_00149.jpg,datasets_flow/dataset_cropped/10_Metas/24/07/20191024075800_00149.jpg,datasets_cloudmask/dataset_cropped/10_Metas/24/07/20191024075800_00149.png,68.3,402.2,29.6,12.1,960
10/24/2019 7:59,datasets/dataset_cropped/10_Metas/24/07/20191024075900_00149.jpg,datasets_flow/dataset_cropped/10_Metas/24/07/20191024075900_00149.jpg,datasets_cloudmask/dataset_cropped/10_Metas/24/07/20191024075900_00149.png,70.9,411,30,12.1,960
10/24/2019 8:00,datasets/dataset_cropped/10_Metas/24/08/20191024080000_00149.jpg,datasets_flow/dataset_cropped/10_Metas/24/08/20191024080000_00149.jpg,datasets_cloudmask/dataset_cropped/10_Metas/24/08/20191024080000_00149.png,73.5,419.5,30.4,12.2,960
10/24/2019 8:01,datasets/dataset_cropped/10_Metas/24/08/20191024080100_00149.jpg,datasets_flow/dataset_cropped/10_Metas/24/08/20191024080100_00149.jpg,datasets_cloudmask/dataset_cropped/10_Metas/24/08/20191024080100_00149.png,75.9,427.8,30.6,12.2,960
10/24/2019 8:02,datasets/dataset_cropped/10_Metas/24/08/20191024080200_00149.jpg,datasets_flow/dataset_cropped/10_Metas/24/08/20191024080200_00149.jpg,datasets_cloudmask/dataset_cropped/10_Metas/24/08/20191024080200_00149.png,78.8,434.6,31.4,12.2,960
10/24/2019 8:03,datasets/dataset_cropped/10_Metas/24/08/20191024080300_00149.jpg,datasets_flow/dataset_cropped/10_Metas/24/08/20191024080300_00149.jpg,datasets_cloudmask/dataset_cropped/10_Metas/24/08/20191024080300_00149.png,82,442.3,32.5,12.3,960
10/24/2019 8:04,datasets/dataset_cropped/10_Metas/24/08/20191024080400_00149.jpg,datasets_flow/dataset_cropped/10_Metas/24/08/20191024080400_00149.jpg,datasets_cloudmask/dataset_cropped/10_Metas/24/08/20191024080400_00149.png,85.1,451.3,33.1,12,960
10/24/2019 8:05,datasets/dataset_cropped/10_Metas/24/08/20191024080500_00149.jpg,datasets_flow/dataset_cropped/10_Metas/24/08/20191024080500_00149.jpg,datasets_cloudmask/dataset_cropped/10_Metas/24/08/20191024080500_00149.png,87.7,458.5,33.4,11.3,960
10/24/2019 8:06,datasets/dataset_cropped/10_Metas/24/08/20191024080600_00149.jpg,datasets_flow/dataset_cropped/10_Metas/24/08/20191024080600_00149.jpg,datasets_cloudmask/dataset_cropped/10_Metas/24/08/20191024080600_00149.png,90.8,466.8,33.8,11,960
10/24/2019 8:07,datasets/dataset_cropped/10_Metas/24/08/20191024080700_00149.jpg,datasets_flow/dataset_cropped/10_Metas/24/08/20191024080700_00149.jpg,datasets_cloudmask/dataset_cropped/10_Metas/24/08/20191024080700_00149.png,93.9,474.4,34.5,10.8,960
10/24/2019 8:08,datasets/dataset_cropped/10_Metas/24/08/20191024080800_00149.jpg,datasets_flow/dataset_cropped/10_Metas/24/08/20191024080800_00149.jpg,datasets_cloudmask/dataset_cropped/10_Metas/24/08/20191024080800_00149.png,96.7,482.7,34.6,10.8,960
10/24/2019 8:09,datasets/dataset_cropped/10_Metas/24/08/20191024080900_00149.jpg,datasets_flow/dataset_cropped/10_Metas/24/08/20191024080900_00149.jpg,datasets_cloudmask/dataset_cropped/10_Metas/24/08/20191024080900_00149.png,99.1,489,34.6,10.8,960
10/24/2019 8:10,datasets/dataset_cropped/10_Metas/24/08/20191024081000_00149.jpg,datasets_flow/dataset_cropped/10_Metas/24/08/20191024081000_00149.jpg,datasets_cloudmask/dataset_cropped/10_Metas/24/08/20191024081000_00149.png,101.6,494.9,34.9,10.8,960
10/24/2019 8:11,datasets/dataset_cropped/10_Metas/24/08/20191024081100_00149.jpg,datasets_flow/dataset_cropped/10_Metas/24/08/20191024081100_00149.jpg,datasets_cloudmask/dataset_cropped/10_Metas/24/08/20191024081100_00149.png,104.4,501.2,35.3,10.8,960
10/24/2019 8:12,datasets/dataset_cropped/10_Metas/24/08/20191024081200_00149.jpg,datasets_flow/dataset_cropped/10_Metas/24/08/20191024081200_00149.jpg,datasets_cloudmask/dataset_cropped/10_Metas/24/08/20191024081200_00149.png,107.6,507.6,36.1,10.8,960
10/24/2019 8:13,datasets/dataset_cropped/10_Metas/24/08/20191024081300_00149.jpg,datasets_flow/dataset_cropped/10_Metas/24/08/20191024081300_00149.jpg,datasets_cloudmask/dataset_cropped/10_Metas/24/08/20191024081300_00149.png,110.4,514.5,36.3,10.9,960
10/24/2019 8:14,datasets/dataset_cropped/10_Metas/24/08/20191024081400_00149.jpg,datasets_flow/dataset_cropped/10_Metas/24/08/20191024081400_00149.jpg,datasets_cloudmask/dataset_cropped/10_Metas/24/08/20191024081400_00149.png,113,520,36.4,10.9,960
10/24/2019 8:15,datasets/dataset_cropped/10_Metas/24/08/20191024081500_00149.jpg,datasets_flow/dataset_cropped/10_Metas/24/08/20191024081500_00149.jpg,datasets_cloudmask/dataset_cropped/10_Metas/24/08/20191024081500_00149.png,116.2,527.9,36.8,10.9,960
10/24/2019 8:16,datasets/dataset_cropped/10_Metas/24/08/20191024081600_00149.jpg,datasets_flow/dataset_cropped/10_Metas/24/08/20191024081600_00149.jpg,datasets_cloudmask/dataset_cropped/10_Metas/24/08/20191024081600_00149.png,119.4,534.3,37.3,11.1,960
10/24/2019 8:17,datasets/dataset_cropped/10_Metas/24/08/20191024081700_00149.jpg,datasets_flow/dataset_cropped/10_Metas/24/08/20191024081700_00149.jpg,datasets_cloudmask/dataset_cropped/10_Metas/24/08/20191024081700_00149.png,122.4,540.1,37.7,11.1,960
10/24/2019 8:18,datasets/dataset_cropped/10_Metas/24/08/20191024081800_00149.jpg,datasets_flow/dataset_cropped/10_Metas/24/08/20191024081800_00149.jpg,datasets_cloudmask/dataset_cropped/10_Metas/24/08/20191024081800_00149.png,125.8,546.7,38.2,11.1,960
10/24/2019 8:19,datasets/dataset_cropped/10_Metas/24/08/20191024081900_00149.jpg,datasets_flow/dataset_cropped/10_Metas/24/08/20191024081900_00149.jpg,datasets_cloudmask/dataset_cropped/10_Metas/24/08/20191024081900_00149.png,128.9,551.3,38.9,11.2,960
10/24/2019 8:20,datasets/dataset_cropped/10_Metas/24/08/20191024082000_00149.jpg,datasets_flow/dataset_cropped/10_Metas/24/08/20191024082000_00149.jpg,datasets_cloudmask/dataset_cropped/10_Metas/24/08/20191024082000_00149.png,132.3,558.2,39.4,11.2,960
10/24/2019 8:21,datasets/dataset_cropped/10_Metas/24/08/20191024082100_00149.jpg,datasets_flow/dataset_cropped/10_Metas/24/08/20191024082100_00149.jpg,datasets_cloudmask/dataset_cropped/10_Metas/24/08/20191024082100_00149.png,135.8,564.8,40.1,11.3,960
10/24/2019 8:22,datasets/dataset_cropped/10_Metas/24/08/20191024082200_00149.jpg,datasets_flow/dataset_cropped/10_Metas/24/08/20191024082200_00149.jpg,datasets_cloudmask/dataset_cropped/10_Metas/24/08/20191024082200_00149.png,139.4,571.2,40.9,11.3,960
10/24/2019 8:23,datasets/dataset_cropped/10_Metas/24/08/20191024082300_00149.jpg,datasets_flow/dataset_cropped/10_Metas/24/08/20191024082300_00149.jpg,datasets_cloudmask/dataset_cropped/10_Metas/24/08/20191024082300_00149.png,142.6,576.1,41.6,11.4,960
10/24/2019 8:24,datasets/dataset_cropped/10_Metas/24/08/20191024082400_00149.jpg,datasets_flow/dataset_cropped/10_Metas/24/08/20191024082400_00149.jpg,datasets_cloudmask/dataset_cropped/10_Metas/24/08/20191024082400_00149.png,145.5,581.9,41.6,11.6,960
10/24/2019 8:25,datasets/dataset_cropped/10_Metas/24/08/20191024082500_00149.jpg,datasets_flow/dataset_cropped/10_Metas/24/08/20191024082500_00149.jpg,datasets_cloudmask/dataset_cropped/10_Metas/24/08/20191024082500_00149.png,148.4,585.8,42.1,11.7,960
10/24/2019 8:26,datasets/dataset_cropped/10_Metas/24/08/20191024082600_00149.jpg,datasets_flow/dataset_cropped/10_Metas/24/08/20191024082600_00149.jpg,datasets_cloudmask/dataset_cropped/10_Metas/24/08/20191024082600_00149.png,151.9,590.7,42.9,11.9,960
10/24/2019 8:27,datasets/dataset_cropped/10_Metas/24/08/20191024082700_00149.jpg,datasets_flow/dataset_cropped/10_Metas/24/08/20191024082700_00149.jpg,datasets_cloudmask/dataset_cropped/10_Metas/24/08/20191024082700_00149.png,155.6,595.7,43.8,12,960
10/24/2019 8:28,datasets/dataset_cropped/10_Metas/24/08/20191024082800_00149.jpg,datasets_flow/dataset_cropped/10_Metas/24/08/20191024082800_00149.jpg,datasets_cloudmask/dataset_cropped/10_Metas/24/08/20191024082800_00149.png,159.2,599.7,44.8,12.1,960
10/24/2019 8:29,datasets/dataset_cropped/10_Metas/24/08/20191024082900_00149.jpg,datasets_flow/dataset_cropped/10_Metas/24/08/20191024082900_00149.jpg,datasets_cloudmask/dataset_cropped/10_Metas/24/08/20191024082900_00149.png,162.7,605.4,45.4,12.2,960
10/24/2019 8:30,datasets/dataset_cropped/10_Metas/24/08/20191024083000_00149.jpg,datasets_flow/dataset_cropped/10_Metas/24/08/20191024083000_00149.jpg,datasets_cloudmask/dataset_cropped/10_Metas/24/08/20191024083000_00149.png,165.5,610.2,45.5,12.3,960
10/24/2019 8:31,datasets/dataset_cropped/10_Metas/24/08/20191024083100_00149.jpg,datasets_flow/dataset_cropped/10_Metas/24/08/20191024083100_00149.jpg,datasets_cloudmask/dataset_cropped/10_Metas/24/08/20191024083100_00149.png,168.6,613.8,45.9,12.5,960
10/24/2019 8:32,datasets/dataset_cropped/10_Metas/24/08/20191024083200_00149.jpg,datasets_flow/dataset_cropped/10_Metas/24/08/20191024083200_00149.jpg,datasets_cloudmask/dataset_cropped/10_Metas/24/08/20191024083200_00149.png,172.2,619.6,46.5,12.6,960
10/24/2019 8:33,datasets/dataset_cropped/10_Metas/24/08/20191024083300_00149.jpg,datasets_flow/dataset_cropped/10_Metas/24/08/20191024083300_00149.jpg,datasets_cloudmask/dataset_cropped/10_Metas/24/08/20191024083300_00149.png,176,624.3,47.3,12.8,960
10/24/2019 8:34,datasets/dataset_cropped/10_Metas/24/08/20191024083400_00149.jpg,datasets_flow/dataset_cropped/10_Metas/24/08/20191024083400_00149.jpg,datasets_cloudmask/dataset_cropped/10_Metas/24/08/20191024083400_00149.png,180.5,627.6,49.4,12.9,960
10/24/2019 8:35,datasets/dataset_cropped/10_Metas/24/08/20191024083500_00149.jpg,datasets_flow/dataset_cropped/10_Metas/24/08/20191024083500_00149.jpg,datasets_cloudmask/dataset_cropped/10_Metas/24/08/20191024083500_00149.png,183.9,631.5,50,13,960
10/24/2019 8:36,datasets/dataset_cropped/10_Metas/24/08/20191024083600_00149.jpg,datasets_flow/dataset_cropped/10_Metas/24/08/20191024083600_00149.jpg,datasets_cloudmask/dataset_cropped/10_Metas/24/08/20191024083600_00149.png,187.4,639.2,49.8,13,960
10/24/2019 8:37,datasets/dataset_cropped/10_Metas/24/08/20191024083700_00149.jpg,datasets_flow/dataset_cropped/10_Metas/24/08/20191024083700_00149.jpg,datasets_cloudmask/dataset_cropped/10_Metas/24/08/20191024083700_00149.png,190.2,642.4,49.9,13.1,960
10/24/2019 8:38,datasets/dataset_cropped/10_Metas/24/08/20191024083800_00149.jpg,datasets_flow/dataset_cropped/10_Metas/24/08/20191024083800_00149.jpg,datasets_cloudmask/dataset_cropped/10_Metas/24/08/20191024083800_00149.png,194.7,646.4,51.6,13.1,960
10/24/2019 8:39,datasets/dataset_cropped/10_Metas/24/08/20191024083900_00149.jpg,datasets_flow/dataset_cropped/10_Metas/24/08/20191024083900_00149.jpg,datasets_cloudmask/dataset_cropped/10_Metas/24/08/20191024083900_00149.png,200.2,652,53.8,13.1,960
10/24/2019 8:40,datasets/dataset_cropped/10_Metas/24/08/20191024084000_00149.jpg,datasets_flow/dataset_cropped/10_Metas/24/08/20191024084000_00149.jpg,datasets_cloudmask/dataset_cropped/10_Metas/24/08/20191024084000_00149.png,204.6,656.1,55.2,13.1,960
10/24/2019 8:41,datasets/dataset_cropped/10_Metas/24/08/20191024084100_00149.jpg,datasets_flow/dataset_cropped/10_Metas/24/08/20191024084100_00149.jpg,datasets_cloudmask/dataset_cropped/10_Metas/24/08/20191024084100_00149.png,208.5,660.5,56.1,13.1,960
10/24/2019 8:42,datasets/dataset_cropped/10_Metas/24/08/20191024084200_00149.jpg,datasets_flow/dataset_cropped/10_Metas/24/08/20191024084200_00149.jpg,datasets_cloudmask/dataset_cropped/10_Metas/24/08/20191024084200_00149.png,209.7,664.1,54.5,13,960
10/24/2019 8:43,datasets/dataset_cropped/10_Metas/24/08/20191024084300_00149.jpg,datasets_flow/dataset_cropped/10_Metas/24/08/20191024084300_00149.jpg,datasets_cloudmask/dataset_cropped/10_Metas/24/08/20191024084300_00149.png,210.3,667.3,52.4,13.2,960
10/24/2019 8:44,datasets/dataset_cropped/10_Metas/24/08/20191024084400_00149.jpg,datasets_flow/dataset_cropped/10_Metas/24/08/20191024084400_00149.jpg,datasets_cloudmask/dataset_cropped/10_Metas/24/08/20191024084400_00149.png,212.4,670.4,51.9,13.2,960
10/24/2019 8:45,datasets/dataset_cropped/10_Metas/24/08/20191024084500_00149.jpg,datasets_flow/dataset_cropped/10_Metas/24/08/20191024084500_00149.jpg,datasets_cloudmask/dataset_cropped/10_Metas/24/08/20191024084500_00149.png,214.5,673.8,51.3,13.4,960
10/24/2019 8:46,datasets/dataset_cropped/10_Metas/24/08/20191024084600_00149.jpg,datasets_flow/dataset_cropped/10_Metas/24/08/20191024084600_00149.jpg,datasets_cloudmask/dataset_cropped/10_Metas/24/08/20191024084600_00149.png,217.6,676.1,51.8,13.5,961
10/24/2019 8:47,datasets/dataset_cropped/10_Metas/24/08/20191024084700_00149.jpg,datasets_flow/dataset_cropped/10_Metas/24/08/20191024084700_00149.jpg,datasets_cloudmask/dataset_cropped/10_Metas/24/08/20191024084700_00149.png,220.8,676,53,13.5,961
10/24/2019 8:48,datasets/dataset_cropped/10_Metas/24/08/20191024084800_00149.jpg,datasets_flow/dataset_cropped/10_Metas/24/08/20191024084800_00149.jpg,datasets_cloudmask/dataset_cropped/10_Metas/24/08/20191024084800_00149.png,225.9,683.6,54.5,13.5,961
10/24/2019 8:49,datasets/dataset_cropped/10_Metas/24/08/20191024084900_00149.jpg,datasets_flow/dataset_cropped/10_Metas/24/08/20191024084900_00149.jpg,datasets_cloudmask/dataset_cropped/10_Metas/24/08/20191024084900_00149.png,229.7,685.5,55.8,13.6,961
10/24/2019 8:50,datasets/dataset_cropped/10_Metas/24/08/20191024085000_00149.jpg,datasets_flow/dataset_cropped/10_Metas/24/08/20191024085000_00149.jpg,datasets_cloudmask/dataset_cropped/10_Metas/24/08/20191024085000_00149.png,233,688.7,56.4,13.7,961
10/24/2019 8:51,datasets/dataset_cropped/10_Metas/24/08/20191024085100_00149.jpg,datasets_flow/dataset_cropped/10_Metas/24/08/20191024085100_00149.jpg,datasets_cloudmask/dataset_cropped/10_Metas/24/08/20191024085100_00149.png,236,690.3,57,13.9,961
10/24/2019 8:52,datasets/dataset_cropped/10_Metas/24/08/20191024085200_00149.jpg,datasets_flow/dataset_cropped/10_Metas/24/08/20191024085200_00149.jpg,datasets_cloudmask/dataset_cropped/10_Metas/24/08/20191024085200_00149.png,242.2,695.5,59.9,14,961
10/24/2019 8:53,datasets/dataset_cropped/10_Metas/24/08/20191024085300_00149.jpg,datasets_flow/dataset_cropped/10_Metas/24/08/20191024085300_00149.jpg,datasets_cloudmask/dataset_cropped/10_Metas/24/08/20191024085300_00149.png,247.7,699,62.5,14.1,961
10/24/2019 8:54,datasets/dataset_cropped/10_Metas/24/08/20191024085400_00149.jpg,datasets_flow/dataset_cropped/10_Metas/24/08/20191024085400_00149.jpg,datasets_cloudmask/dataset_cropped/10_Metas/24/08/20191024085400_00149.png,253.3,703.1,65,14.1,961
10/24/2019 8:55,datasets/dataset_cropped/10_Metas/24/08/20191024085500_00149.jpg,datasets_flow/dataset_cropped/10_Metas/24/08/20191024085500_00149.jpg,datasets_cloudmask/dataset_cropped/10_Metas/24/08/20191024085500_00149.png,259.3,707,67.8,14.2,961
10/24/2019 8:56,datasets/dataset_cropped/10_Metas/24/08/20191024085600_00149.jpg,datasets_flow/dataset_cropped/10_Metas/24/08/20191024085600_00149.jpg,datasets_cloudmask/dataset_cropped/10_Metas/24/08/20191024085600_00149.png,263.6,710.2,69,14.2,961
10/24/2019 8:57,datasets/dataset_cropped/10_Metas/24/08/20191024085700_00149.jpg,datasets_flow/dataset_cropped/10_Metas/24/08/20191024085700_00149.jpg,datasets_cloudmask/dataset_cropped/10_Metas/24/08/20191024085700_00149.png,266.4,712.2,69.1,14.3,961
10/24/2019 8:58,datasets/dataset_cropped/10_Metas/24/08/20191024085800_00149.jpg,datasets_flow/dataset_cropped/10_Metas/24/08/20191024085800_00149.jpg,datasets_cloudmask/dataset_cropped/10_Metas/24/08/20191024085800_00149.png,269.4,715.6,68.9,14.3,961
10/24/2019 8:59,datasets/dataset_cropped/10_Metas/24/08/20191024085900_00149.jpg,datasets_flow/dataset_cropped/10_Metas/24/08/20191024085900_00149.jpg,datasets_cloudmask/dataset_cropped/10_Metas/24/08/20191024085900_00149.png,274,718,70.7,14.3,961
10/24/2019 9:00,datasets/dataset_cropped/10_Metas/24/09/20191024090000_00149.jpg,datasets_flow/dataset_cropped/10_Metas/24/09/20191024090000_00149.jpg,datasets_cloudmask/dataset_cropped/10_Metas/24/09/20191024090000_00149.png,278.4,721.3,72.1,14.2,961
10/24/2019 9:01,datasets/dataset_cropped/10_Metas/24/09/20191024090100_00149.jpg,datasets_flow/dataset_cropped/10_Metas/24/09/20191024090100_00149.jpg,datasets_cloudmask/dataset_cropped/10_Metas/24/09/20191024090100_00149.png,278.8,724,69.7,14.2,961
10/24/2019 9:02,datasets/dataset_cropped/10_Metas/24/09/20191024090200_00149.jpg,datasets_flow/dataset_cropped/10_Metas/24/09/20191024090200_00149.jpg,datasets_cloudmask/dataset_cropped/10_Metas/24/09/20191024090200_00149.png,282.9,728.8,70.4,14.3,961
10/24/2019 9:03,datasets/dataset_cropped/10_Metas/24/09/20191024090300_00149.jpg,datasets_flow/dataset_cropped/10_Metas/24/09/20191024090300_00149.jpg,datasets_cloudmask/dataset_cropped/10_Metas/24/09/20191024090300_00149.png,286.9,731.4,71.5,14.4,961
10/24/2019 9:04,datasets/dataset_cropped/10_Metas/24/09/20191024090400_00149.jpg,datasets_flow/dataset_cropped/10_Metas/24/09/20191024090400_00149.jpg,datasets_cloudmask/dataset_cropped/10_Metas/24/09/20191024090400_00149.png,289,733.8,70.7,14.6,961
10/24/2019 9:05,datasets/dataset_cropped/10_Metas/24/09/20191024090500_00149.jpg,datasets_flow/dataset_cropped/10_Metas/24/09/20191024090500_00149.jpg,datasets_cloudmask/dataset_cropped/10_Metas/24/09/20191024090500_00149.png,291.9,737.4,70.4,14.7,961
10/24/2019 9:06,datasets/dataset_cropped/10_Metas/24/09/20191024090600_00149.jpg,datasets_flow/dataset_cropped/10_Metas/24/09/20191024090600_00149.jpg,datasets_cloudmask/dataset_cropped/10_Metas/24/09/20191024090600_00149.png,293.5,740.1,69.2,14.9,961
10/24/2019 9:07,datasets/dataset_cropped/10_Metas/24/09/20191024090700_00149.jpg,datasets_flow/dataset_cropped/10_Metas/24/09/20191024090700_00149.jpg,datasets_cloudmask/dataset_cropped/10_Metas/24/09/20191024090700_00149.png,295.4,743.2,68.1,14.9,961
10/24/2019 9:08,datasets/dataset_cropped/10_Metas/24/09/20191024090800_00149.jpg,datasets_flow/dataset_cropped/10_Metas/24/09/20191024090800_00149.jpg,datasets_cloudmask/dataset_cropped/10_Metas/24/09/20191024090800_00149.png,297.7,745.9,67.4,15.1,961
10/24/2019 9:09,datasets/dataset_cropped/10_Metas/24/09/20191024090900_00149.jpg,datasets_flow/dataset_cropped/10_Metas/24/09/20191024090900_00149.jpg,datasets_cloudmask/dataset_cropped/10_Metas/24/09/20191024090900_00149.png,301.4,748.3,68.2,15.1,961
10/24/2019 9:10,datasets/dataset_cropped/10_Metas/24/09/20191024091000_00149.jpg,datasets_flow/dataset_cropped/10_Metas/24/09/20191024091000_00149.jpg,datasets_cloudmask/dataset_cropped/10_Metas/24/09/20191024091000_00149.png,302.6,751,66.4,15.2,961
10/24/2019 9:11,datasets/dataset_cropped/10_Metas/24/09/20191024091100_00149.jpg,datasets_flow/dataset_cropped/10_Metas/24/09/20191024091100_00149.jpg,datasets_cloudmask/dataset_cropped/10_Metas/24/09/20191024091100_00149.png,304.1,754.3,64.7,15.3,961
10/24/2019 9:12,datasets/dataset_cropped/10_Metas/24/09/20191024091200_00149.jpg,datasets_flow/dataset_cropped/10_Metas/24/09/20191024091200_00149.jpg,datasets_cloudmask/dataset_cropped/10_Metas/24/09/20191024091200_00149.png,306,755.7,64,15.3,961
10/24/2019 9:13,datasets/dataset_cropped/10_Metas/24/09/20191024091300_00149.jpg,datasets_flow/dataset_cropped/10_Metas/24/09/20191024091300_00149.jpg,datasets_cloudmask/dataset_cropped/10_Metas/24/09/20191024091300_00149.png,308.4,757.8,63.6,15.3,961
10/24/2019 9:14,datasets/dataset_cropped/10_Metas/24/09/20191024091400_00149.jpg,datasets_flow/dataset_cropped/10_Metas/24/09/20191024091400_00149.jpg,datasets_cloudmask/dataset_cropped/10_Metas/24/09/20191024091400_00149.png,310.7,759.7,63.2,15.4,961
10/24/2019 9:15,datasets/dataset_cropped/10_Metas/24/09/20191024091500_00149.jpg,datasets_flow/dataset_cropped/10_Metas/24/09/20191024091500_00149.jpg,datasets_cloudmask/dataset_cropped/10_Metas/24/09/20191024091500_00149.png,317.3,763.2,66.6,15.5,961
10/24/2019 9:16,datasets/dataset_cropped/10_Metas/24/09/20191024091600_00149.jpg,datasets_flow/dataset_cropped/10_Metas/24/09/20191024091600_00149.jpg,datasets_cloudmask/dataset_cropped/10_Metas/24/09/20191024091600_00149.png,322.8,765.9,68.9,15.5,961
10/24/2019 9:17,datasets/dataset_cropped/10_Metas/24/09/20191024091700_00149.jpg,datasets_flow/dataset_cropped/10_Metas/24/09/20191024091700_00149.jpg,datasets_cloudmask/dataset_cropped/10_Metas/24/09/20191024091700_00149.png,326.1,768.6,69.2,15.5,961
10/24/2019 9:18,datasets/dataset_cropped/10_Metas/24/09/20191024091800_00149.jpg,datasets_flow/dataset_cropped/10_Metas/24/09/20191024091800_00149.jpg,datasets_cloudmask/dataset_cropped/10_Metas/24/09/20191024091800_00149.png,330.2,770.3,70.7,15.5,961
10/24/2019 9:19,datasets/dataset_cropped/10_Metas/24/09/20191024091900_00149.jpg,datasets_flow/dataset_cropped/10_Metas/24/09/20191024091900_00149.jpg,datasets_cloudmask/dataset_cropped/10_Metas/24/09/20191024091900_00149.png,336.9,773.1,74.2,15.6,961
10/24/2019 9:20,datasets/dataset_cropped/10_Metas/24/09/20191024092000_00149.jpg,datasets_flow/dataset_cropped/10_Metas/24/09/20191024092000_00149.jpg,datasets_cloudmask/dataset_cropped/10_Metas/24/09/20191024092000_00149.png,342.5,775.1,77.2,15.5,961
10/24/2019 9:21,datasets/dataset_cropped/10_Metas/24/09/20191024092100_00149.jpg,datasets_flow/dataset_cropped/10_Metas/24/09/20191024092100_00149.jpg,datasets_cloudmask/dataset_cropped/10_Metas/24/09/20191024092100_00149.png,344.1,777.3,75.8,15.5,961
10/24/2019 9:22,datasets/dataset_cropped/10_Metas/24/09/20191024092200_00149.jpg,datasets_flow/dataset_cropped/10_Metas/24/09/20191024092200_00149.jpg,datasets_cloudmask/dataset_cropped/10_Metas/24/09/20191024092200_00149.png,343.6,778.6,72.7,15.5,961
10/24/2019 9:23,datasets/dataset_cropped/10_Metas/24/09/20191024092300_00149.jpg,datasets_flow/dataset_cropped/10_Metas/24/09/20191024092300_00149.jpg,datasets_cloudmask/dataset_cropped/10_Metas/24/09/20191024092300_00149.png,346,780.2,72.4,15.4,961
10/24/2019 9:24,datasets/dataset_cropped/10_Metas/24/09/20191024092400_00149.jpg,datasets_flow/dataset_cropped/10_Metas/24/09/20191024092400_00149.jpg,datasets_cloudmask/dataset_cropped/10_Metas/24/09/20191024092400_00149.png,349.5,783.1,72.7,15.5,961
10/24/2019 9:25,datasets/dataset_cropped/10_Metas/24/09/20191024092500_00149.jpg,datasets_flow/dataset_cropped/10_Metas/24/09/20191024092500_00149.jpg,datasets_cloudmask/dataset_cropped/10_Metas/24/09/20191024092500_00149.png,350.4,785.4,70.7,15.6,961
10/24/2019 9:26,datasets/dataset_cropped/10_Metas/24/09/20191024092600_00149.jpg,datasets_flow/dataset_cropped/10_Metas/24/09/20191024092600_00149.jpg,datasets_cloudmask/dataset_cropped/10_Metas/24/09/20191024092600_00149.png,350.3,788.1,67.6,15.7,961
10/24/2019 9:27,datasets/dataset_cropped/10_Metas/24/09/20191024092700_00149.jpg,datasets_flow/dataset_cropped/10_Metas/24/09/20191024092700_00149.jpg,datasets_cloudmask/dataset_cropped/10_Metas/24/09/20191024092700_00149.png,352.5,790.2,67.1,15.8,961
10/24/2019 9:28,datasets/dataset_cropped/10_Metas/24/09/20191024092800_00149.jpg,datasets_flow/dataset_cropped/10_Metas/24/09/20191024092800_00149.jpg,datasets_cloudmask/dataset_cropped/10_Metas/24/09/20191024092800_00149.png,354.8,791.6,66.8,15.9,961
10/24/2019 9:29,datasets/dataset_cropped/10_Metas/24/09/20191024092900_00149.jpg,datasets_flow/dataset_cropped/10_Metas/24/09/20191024092900_00149.jpg,datasets_cloudmask/dataset_cropped/10_Metas/24/09/20191024092900_00149.png,358.2,793.8,67.4,16,961
10/24/2019 9:30,datasets/dataset_cropped/10_Metas/24/09/20191024093000_00149.jpg,datasets_flow/dataset_cropped/10_Metas/24/09/20191024093000_00149.jpg,datasets_cloudmask/dataset_cropped/10_Metas/24/09/20191024093000_00149.png,361.5,795.2,68,16.1,961
10/24/2019 9:31,datasets/dataset_cropped/10_Metas/24/09/20191024093100_00149.jpg,datasets_flow/dataset_cropped/10_Metas/24/09/20191024093100_00149.jpg,datasets_cloudmask/dataset_cropped/10_Metas/24/09/20191024093100_00149.png,356.1,779.8,66.3,16.2,961
10/24/2019 9:32,datasets/dataset_cropped/10_Metas/24/09/20191024093200_00149.jpg,datasets_flow/dataset_cropped/10_Metas/24/09/20191024093200_00149.jpg,datasets_cloudmask/dataset_cropped/10_Metas/24/09/20191024093200_00149.png,361.7,801,62.3,16.4,961
10/24/2019 9:33,datasets/dataset_cropped/10_Metas/24/09/20191024093300_00149.jpg,datasets_flow/dataset_cropped/10_Metas/24/09/20191024093300_00149.jpg,datasets_cloudmask/dataset_cropped/10_Metas/24/09/20191024093300_00149.png,361.6,803,59.3,16.4,961
10/24/2019 9:34,datasets/dataset_cropped/10_Metas/24/09/20191024093400_00149.jpg,datasets_flow/dataset_cropped/10_Metas/24/09/20191024093400_00149.jpg,datasets_cloudmask/dataset_cropped/10_Metas/24/09/20191024093400_00149.png,363.8,805,58.8,16.6,961
10/24/2019 9:35,datasets/dataset_cropped/10_Metas/24/09/20191024093500_00149.jpg,datasets_flow/dataset_cropped/10_Metas/24/09/20191024093500_00149.jpg,datasets_cloudmask/dataset_cropped/10_Metas/24/09/20191024093500_00149.png,367.1,807,58.6,16.6,961
10/24/2019 9:36,datasets/dataset_cropped/10_Metas/24/09/20191024093600_00160.jpg,datasets_flow/dataset_cropped/10_Metas/24/09/20191024093600_00160.jpg,datasets_cloudmask/dataset_cropped/10_Metas/24/09/20191024093600_00160.png,370.3,809,58.9,16.4,961
10/24/2019 9:37,datasets/dataset_cropped/10_Metas/24/09/20191024093700_00160.jpg,datasets_flow/dataset_cropped/10_Metas/24/09/20191024093700_00160.jpg,datasets_cloudmask/dataset_cropped/10_Metas/24/09/20191024093700_00160.png,374.1,811,59.6,16.3,961
10/24/2019 9:38,datasets/dataset_cropped/10_Metas/24/09/20191024093800_00160.jpg,datasets_flow/dataset_cropped/10_Metas/24/09/20191024093800_00160.jpg,datasets_cloudmask/dataset_cropped/10_Metas/24/09/20191024093800_00160.png,378,813,60.8,16.2,961
10/24/2019 9:39,datasets/dataset_cropped/10_Metas/24/09/20191024093900_00160.jpg,datasets_flow/dataset_cropped/10_Metas/24/09/20191024093900_00160.jpg,datasets_cloudmask/dataset_cropped/10_Metas/24/09/20191024093900_00160.png,381.2,815,61,16.3,961
10/24/2019 9:40,datasets/dataset_cropped/10_Metas/24/09/20191024094000_00160.jpg,datasets_flow/dataset_cropped/10_Metas/24/09/20191024094000_00160.jpg,datasets_cloudmask/dataset_cropped/10_Metas/24/09/20191024094000_00160.png,383.3,817,60.1,16.2,961
10/24/2019 9:41,datasets/dataset_cropped/10_Metas/24/09/20191024094100_00160.jpg,datasets_flow/dataset_cropped/10_Metas/24/09/20191024094100_00160.jpg,datasets_cloudmask/dataset_cropped/10_Metas/24/09/20191024094100_00160.png,385.2,819,59.2,16.3,961
10/24/2019 9:42,datasets/dataset_cropped/10_Metas/24/09/20191024094200_00160.jpg,datasets_flow/dataset_cropped/10_Metas/24/09/20191024094200_00160.jpg,datasets_cloudmask/dataset_cropped/10_Metas/24/09/20191024094200_00160.png,386.5,821,57.7,16.3,961
10/24/2019 9:43,datasets/dataset_cropped/10_Metas/24/09/20191024094300_00160.jpg,datasets_flow/dataset_cropped/10_Metas/24/09/20191024094300_00160.jpg,datasets_cloudmask/dataset_cropped/10_Metas/24/09/20191024094300_00160.png,389.7,824,58,16.4,961
10/24/2019 9:44,datasets/dataset_cropped/10_Metas/24/09/20191024094400_00160.jpg,datasets_flow/dataset_cropped/10_Metas/24/09/20191024094400_00160.jpg,datasets_cloudmask/dataset_cropped/10_Metas/24/09/20191024094400_00160.png,392.6,825,58.3,16.4,961
10/24/2019 9:45,datasets/dataset_cropped/10_Metas/24/09/20191024094500_00160.jpg,datasets_flow/dataset_cropped/10_Metas/24/09/20191024094500_00160.jpg,datasets_cloudmask/dataset_cropped/10_Metas/24/09/20191024094500_00160.png,395.3,828,58.2,16.4,961
10/24/2019 9:46,datasets/dataset_cropped/10_Metas/24/09/20191024094600_00160.jpg,datasets_flow/dataset_cropped/10_Metas/24/09/20191024094600_00160.jpg,datasets_cloudmask/dataset_cropped/10_Metas/24/09/20191024094600_00160.png,397.7,829,57.8,16.5,961
10/24/2019 9:47,datasets/dataset_cropped/10_Metas/24/09/20191024094700_00160.jpg,datasets_flow/dataset_cropped/10_Metas/24/09/20191024094700_00160.jpg,datasets_cloudmask/dataset_cropped/10_Metas/24/09/20191024094700_00160.png,400.7,831,57.8,16.6,961
10/24/2019 9:48,datasets/dataset_cropped/10_Metas/24/09/20191024094800_00160.jpg,datasets_flow/dataset_cropped/10_Metas/24/09/20191024094800_00160.jpg,datasets_cloudmask/dataset_cropped/10_Metas/24/09/20191024094800_00160.png,403.3,833,57.8,16.9,961
10/24/2019 9:49,datasets/dataset_cropped/10_Metas/24/09/20191024094900_00160.jpg,datasets_flow/dataset_cropped/10_Metas/24/09/20191024094900_00160.jpg,datasets_cloudmask/dataset_cropped/10_Metas/24/09/20191024094900_00160.png,406.1,835,57.6,17.2,961
10/24/2019 9:50,datasets/dataset_cropped/10_Metas/24/09/20191024095000_00160.jpg,datasets_flow/dataset_cropped/10_Metas/24/09/20191024095000_00160.jpg,datasets_cloudmask/dataset_cropped/10_Metas/24/09/20191024095000_00160.png,409.1,838,57.6,17.4,961
10/24/2019 9:51,datasets/dataset_cropped/10_Metas/24/09/20191024095100_00160.jpg,datasets_flow/dataset_cropped/10_Metas/24/09/20191024095100_00160.jpg,datasets_cloudmask/dataset_cropped/10_Metas/24/09/20191024095100_00160.png,411.8,839,57.5,17.3,961
10/24/2019 9:52,datasets/dataset_cropped/10_Metas/24/09/20191024095200_00160.jpg,datasets_flow/dataset_cropped/10_Metas/24/09/20191024095200_00160.jpg,datasets_cloudmask/dataset_cropped/10_Metas/24/09/20191024095200_00160.png,414.9,841,57.9,16.9,961
10/24/2019 9:53,datasets/dataset_cropped/10_Metas/24/09/20191024095300_00160.jpg,datasets_flow/dataset_cropped/10_Metas/24/09/20191024095300_00160.jpg,datasets_cloudmask/dataset_cropped/10_Metas/24/09/20191024095300_00160.png,418.2,843,57.8,17,961
10/24/2019 9:54,datasets/dataset_cropped/10_Metas/24/09/20191024095400_00160.jpg,datasets_flow/dataset_cropped/10_Metas/24/09/20191024095400_00160.jpg,datasets_cloudmask/dataset_cropped/10_Metas/24/09/20191024095400_00160.png,420.7,844,58,17,961
10/24/2019 9:55,datasets/dataset_cropped/10_Metas/24/09/20191024095500_00160.jpg,datasets_flow/dataset_cropped/10_Metas/24/09/20191024095500_00160.jpg,datasets_cloudmask/dataset_cropped/10_Metas/24/09/20191024095500_00160.png,423.2,844,58.1,16.8,961
10/24/2019 9:56,datasets/dataset_cropped/10_Metas/24/09/20191024095600_00160.jpg,datasets_flow/dataset_cropped/10_Metas/24/09/20191024095600_00160.jpg,datasets_cloudmask/dataset_cropped/10_Metas/24/09/20191024095600_00160.png,427.1,847,58.8,16.8,961
10/24/2019 9:57,datasets/dataset_cropped/10_Metas/24/09/20191024095700_00160.jpg,datasets_flow/dataset_cropped/10_Metas/24/09/20191024095700_00160.jpg,datasets_cloudmask/dataset_cropped/10_Metas/24/09/20191024095700_00160.png,429.7,848,58.8,16.8,961
10/24/2019 9:58,datasets/dataset_cropped/10_Metas/24/09/20191024095800_00160.jpg,datasets_flow/dataset_cropped/10_Metas/24/09/20191024095800_00160.jpg,datasets_cloudmask/dataset_cropped/10_Metas/24/09/20191024095800_00160.png,431.9,849,58.6,16.6,961
10/24/2019 9:59,datasets/dataset_cropped/10_Metas/24/09/20191024095900_00160.jpg,datasets_flow/dataset_cropped/10_Metas/24/09/20191024095900_00160.jpg,datasets_cloudmask/dataset_cropped/10_Metas/24/09/20191024095900_00160.png,434.2,850,58.4,16.6,961
10/24/2019 10:00,datasets/dataset_cropped/10_Metas/24/10/20191024100000_00160.jpg,datasets_flow/dataset_cropped/10_Metas/24/10/20191024100000_00160.jpg,datasets_cloudmask/dataset_cropped/10_Metas/24/10/20191024100000_00160.png,436.9,851,58.4,16.7,961
10/24/2019 10:01,datasets/dataset_cropped/10_Metas/24/10/20191024100100_00160.jpg,datasets_flow/dataset_cropped/10_Metas/24/10/20191024100100_00160.jpg,datasets_cloudmask/dataset_cropped/10_Metas/24/10/20191024100100_00160.png,439.5,852,58.5,16.9,961
10/24/2019 10:02,datasets/dataset_cropped/10_Metas/24/10/20191024100200_00160.jpg,datasets_flow/dataset_cropped/10_Metas/24/10/20191024100200_00160.jpg,datasets_cloudmask/dataset_cropped/10_Metas/24/10/20191024100200_00160.png,442.6,854,58.5,16.9,961
10/24/2019 10:03,datasets/dataset_cropped/10_Metas/24/10/20191024100300_00160.jpg,datasets_flow/dataset_cropped/10_Metas/24/10/20191024100300_00160.jpg,datasets_cloudmask/dataset_cropped/10_Metas/24/10/20191024100300_00160.png,445.1,856,58.5,16.8,961
10/24/2019 10:04,datasets/dataset_cropped/10_Metas/24/10/20191024100400_00160.jpg,datasets_flow/dataset_cropped/10_Metas/24/10/20191024100400_00160.jpg,datasets_cloudmask/dataset_cropped/10_Metas/24/10/20191024100400_00160.png,448.1,858,58.7,16.9,961
10/24/2019 10:05,datasets/dataset_cropped/10_Metas/24/10/20191024100500_00160.jpg,datasets_flow/dataset_cropped/10_Metas/24/10/20191024100500_00160.jpg,datasets_cloudmask/dataset_cropped/10_Metas/24/10/20191024100500_00160.png,450.3,858,58.9,17,961
10/24/2019 10:06,datasets/dataset_cropped/10_Metas/24/10/20191024100600_00160.jpg,datasets_flow/dataset_cropped/10_Metas/24/10/20191024100600_00160.jpg,datasets_cloudmask/dataset_cropped/10_Metas/24/10/20191024100600_00160.png,453.1,860,59.2,16.8,961
10/24/2019 10:07,datasets/dataset_cropped/10_Metas/24/10/20191024100700_00160.jpg,datasets_flow/dataset_cropped/10_Metas/24/10/20191024100700_00160.jpg,datasets_cloudmask/dataset_cropped/10_Metas/24/10/20191024100700_00160.png,456.1,862,59.3,16.7,961
10/24/2019 10:08,datasets/dataset_cropped/10_Metas/24/10/20191024100800_00160.jpg,datasets_flow/dataset_cropped/10_Metas/24/10/20191024100800_00160.jpg,datasets_cloudmask/dataset_cropped/10_Metas/24/10/20191024100800_00160.png,459.5,865,59.6,16.9,961
10/24/2019 10:09,datasets/dataset_cropped/10_Metas/24/10/20191024100900_00160.jpg,datasets_flow/dataset_cropped/10_Metas/24/10/20191024100900_00160.jpg,datasets_cloudmask/dataset_cropped/10_Metas/24/10/20191024100900_00160.png,462.3,867,59.6,17,962
10/24/2019 10:10,datasets/dataset_cropped/10_Metas/24/10/20191024101000_00160.jpg,datasets_flow/dataset_cropped/10_Metas/24/10/20191024101000_00160.jpg,datasets_cloudmask/dataset_cropped/10_Metas/24/10/20191024101000_00160.png,464.5,868,59.3,17,962
10/24/2019 10:11,datasets/dataset_cropped/10_Metas/24/10/20191024101100_00160.jpg,datasets_flow/dataset_cropped/10_Metas/24/10/20191024101100_00160.jpg,datasets_cloudmask/dataset_cropped/10_Metas/24/10/20191024101100_00160.png,466.8,868,59.4,17.1,962
10/24/2019 10:12,datasets/dataset_cropped/10_Metas/24/10/20191024101200_00160.jpg,datasets_flow/dataset_cropped/10_Metas/24/10/20191024101200_00160.jpg,datasets_cloudmask/dataset_cropped/10_Metas/24/10/20191024101200_00160.png,469.9,871,59.4,17.1,962
10/24/2019 10:13,datasets/dataset_cropped/10_Metas/24/10/20191024101300_00160.jpg,datasets_flow/dataset_cropped/10_Metas/24/10/20191024101300_00160.jpg,datasets_cloudmask/dataset_cropped/10_Metas/24/10/20191024101300_00160.png,472.7,872,59.6,17.2,962
10/24/2019 10:14,datasets/dataset_cropped/10_Metas/24/10/20191024101400_00160.jpg,datasets_flow/dataset_cropped/10_Metas/24/10/20191024101400_00160.jpg,datasets_cloudmask/dataset_cropped/10_Metas/24/10/20191024101400_00160.png,475.6,873,59.9,17.3,962
10/24/2019 10:15,datasets/dataset_cropped/10_Metas/24/10/20191024101500_00160.jpg,datasets_flow/dataset_cropped/10_Metas/24/10/20191024101500_00160.jpg,datasets_cloudmask/dataset_cropped/10_Metas/24/10/20191024101500_00160.png,478.6,875,60,17.3,961
10/24/2019 10:16,datasets/dataset_cropped/10_Metas/24/10/20191024101600_00160.jpg,datasets_flow/dataset_cropped/10_Metas/24/10/20191024101600_00160.jpg,datasets_cloudmask/dataset_cropped/10_Metas/24/10/20191024101600_00160.png,481.2,876,60.2,17.2,962
10/24/2019 10:17,datasets/dataset_cropped/10_Metas/24/10/20191024101700_00160.jpg,datasets_flow/dataset_cropped/10_Metas/24/10/20191024101700_00160.jpg,datasets_cloudmask/dataset_cropped/10_Metas/24/10/20191024101700_00160.png,483.4,877,60.4,17,962
10/24/2019 10:18,datasets/dataset_cropped/10_Metas/24/10/20191024101800_00160.jpg,datasets_flow/dataset_cropped/10_Metas/24/10/20191024101800_00160.jpg,datasets_cloudmask/dataset_cropped/10_Metas/24/10/20191024101800_00160.png,485.3,878,60.3,17.2,962
10/24/2019 10:19,datasets/dataset_cropped/10_Metas/24/10/20191024101900_00160.jpg,datasets_flow/dataset_cropped/10_Metas/24/10/20191024101900_00160.jpg,datasets_cloudmask/dataset_cropped/10_Metas/24/10/20191024101900_00160.png,487.2,878,60.2,17.4,962
10/24/2019 10:20,datasets/dataset_cropped/10_Metas/24/10/20191024102000_00160.jpg,datasets_flow/dataset_cropped/10_Metas/24/10/20191024102000_00160.jpg,datasets_cloudmask/dataset_cropped/10_Metas/24/10/20191024102000_00160.png,491.1,881,60.3,17.4,962
10/24/2019 10:21,datasets/dataset_cropped/10_Metas/24/10/20191024102100_00160.jpg,datasets_flow/dataset_cropped/10_Metas/24/10/20191024102100_00160.jpg,datasets_cloudmask/dataset_cropped/10_Metas/24/10/20191024102100_00160.png,493.2,882,60.6,17.5,962
10/24/2019 10:22,datasets/dataset_cropped/10_Metas/24/10/20191024102200_00160.jpg,datasets_flow/dataset_cropped/10_Metas/24/10/20191024102200_00160.jpg,datasets_cloudmask/dataset_cropped/10_Metas/24/10/20191024102200_00160.png,495.5,883,60.4,17.6,962
10/24/2019 10:23,datasets/dataset_cropped/10_Metas/24/10/20191024102300_00160.jpg,datasets_flow/dataset_cropped/10_Metas/24/10/20191024102300_00160.jpg,datasets_cloudmask/dataset_cropped/10_Metas/24/10/20191024102300_00160.png,498.1,885,60.3,17.6,962
10/24/2019 10:24,datasets/dataset_cropped/10_Metas/24/10/20191024102400_00160.jpg,datasets_flow/dataset_cropped/10_Metas/24/10/20191024102400_00160.jpg,datasets_cloudmask/dataset_cropped/10_Metas/24/10/20191024102400_00160.png,500.1,886,60.1,17.7,962
10/24/2019 10:25,datasets/dataset_cropped/10_Metas/24/10/20191024102500_00160.jpg,datasets_flow/dataset_cropped/10_Metas/24/10/20191024102500_00160.jpg,datasets_cloudmask/dataset_cropped/10_Metas/24/10/20191024102500_00160.png,502.5,887,60,17.8,962
10/24/2019 10:26,datasets/dataset_cropped/10_Metas/24/10/20191024102600_00160.jpg,datasets_flow/dataset_cropped/10_Metas/24/10/20191024102600_00160.jpg,datasets_cloudmask/dataset_cropped/10_Metas/24/10/20191024102600_00160.png,504.9,888,60,18,962
10/24/2019 10:27,datasets/dataset_cropped/10_Metas/24/10/20191024102700_00160.jpg,datasets_flow/dataset_cropped/10_Metas/24/10/20191024102700_00160.jpg,datasets_cloudmask/dataset_cropped/10_Metas/24/10/20191024102700_00160.png,507.6,890,60.2,18,962
10/24/2019 10:28,datasets/dataset_cropped/10_Metas/24/10/20191024102800_00160.jpg,datasets_flow/dataset_cropped/10_Metas/24/10/20191024102800_00160.jpg,datasets_cloudmask/dataset_cropped/10_Metas/24/10/20191024102800_00160.png,509.9,891,60.5,18,962
10/24/2019 10:29,datasets/dataset_cropped/10_Metas/24/10/20191024102900_00160.jpg,datasets_flow/dataset_cropped/10_Metas/24/10/20191024102900_00160.jpg,datasets_cloudmask/dataset_cropped/10_Metas/24/10/20191024102900_00160.png,512.5,893,60.4,17.9,962
10/24/2019 10:30,datasets/dataset_cropped/10_Metas/24/10/20191024103000_00160.jpg,datasets_flow/dataset_cropped/10_Metas/24/10/20191024103000_00160.jpg,datasets_cloudmask/dataset_cropped/10_Metas/24/10/20191024103000_00160.png,514.8,894,60.3,17.7,962
10/24/2019 10:31,datasets/dataset_cropped/10_Metas/24/10/20191024103100_00160.jpg,datasets_flow/dataset_cropped/10_Metas/24/10/20191024103100_00160.jpg,datasets_cloudmask/dataset_cropped/10_Metas/24/10/20191024103100_00160.png,517.4,895,60.2,17.5,962
10/24/2019 10:32,datasets/dataset_cropped/10_Metas/24/10/20191024103200_00160.jpg,datasets_flow/dataset_cropped/10_Metas/24/10/20191024103200_00160.jpg,datasets_cloudmask/dataset_cropped/10_Metas/24/10/20191024103200_00160.png,519.9,896,60.1,17.4,962
10/24/2019 10:33,datasets/dataset_cropped/10_Metas/24/10/20191024103300_00160.jpg,datasets_flow/dataset_cropped/10_Metas/24/10/20191024103300_00160.jpg,datasets_cloudmask/dataset_cropped/10_Metas/24/10/20191024103300_00160.png,522.5,898,60.2,17.4,962
10/24/2019 10:34,datasets/dataset_cropped/10_Metas/24/10/20191024103400_00160.jpg,datasets_flow/dataset_cropped/10_Metas/24/10/20191024103400_00160.jpg,datasets_cloudmask/dataset_cropped/10_Metas/24/10/20191024103400_00160.png,524.7,899,60.5,17.6,962
10/24/2019 10:35,datasets/dataset_cropped/10_Metas/24/10/20191024103500_00160.jpg,datasets_flow/dataset_cropped/10_Metas/24/10/20191024103500_00160.jpg,datasets_cloudmask/dataset_cropped/10_Metas/24/10/20191024103500_00160.png,527.1,901,60,17.6,962
10/24/2019 10:36,datasets/dataset_cropped/10_Metas/24/10/20191024103600_00160.jpg,datasets_flow/dataset_cropped/10_Metas/24/10/20191024103600_00160.jpg,datasets_cloudmask/dataset_cropped/10_Metas/24/10/20191024103600_00160.png,529.1,901,59.7,17.5,962
10/24/2019 10:37,datasets/dataset_cropped/10_Metas/24/10/20191024103700_00160.jpg,datasets_flow/dataset_cropped/10_Metas/24/10/20191024103700_00160.jpg,datasets_cloudmask/dataset_cropped/10_Metas/24/10/20191024103700_00160.png,531.4,901,59.7,17.4,962
10/24/2019 10:38,datasets/dataset_cropped/10_Metas/24/10/20191024103800_00160.jpg,datasets_flow/dataset_cropped/10_Metas/24/10/20191024103800_00160.jpg,datasets_cloudmask/dataset_cropped/10_Metas/24/10/20191024103800_00160.png,533.7,902,59.9,17.4,961
10/24/2019 10:39,datasets/dataset_cropped/10_Metas/24/10/20191024103900_00160.jpg,datasets_flow/dataset_cropped/10_Metas/24/10/20191024103900_00160.jpg,datasets_cloudmask/dataset_cropped/10_Metas/24/10/20191024103900_00160.png,535.8,904,59.7,17.4,962
10/24/2019 10:40,datasets/dataset_cropped/10_Metas/24/10/20191024104000_00160.jpg,datasets_flow/dataset_cropped/10_Metas/24/10/20191024104000_00160.jpg,datasets_cloudmask/dataset_cropped/10_Metas/24/10/20191024104000_00160.png,538.6,906,59.9,17.4,961
10/24/2019 10:41,datasets/dataset_cropped/10_Metas/24/10/20191024104100_00160.jpg,datasets_flow/dataset_cropped/10_Metas/24/10/20191024104100_00160.jpg,datasets_cloudmask/dataset_cropped/10_Metas/24/10/20191024104100_00160.png,540.9,907,59.7,17.4,961
10/24/2019 10:42,datasets/dataset_cropped/10_Metas/24/10/20191024104200_00160.jpg,datasets_flow/dataset_cropped/10_Metas/24/10/20191024104200_00160.jpg,datasets_cloudmask/dataset_cropped/10_Metas/24/10/20191024104200_00160.png,543.4,909,60.2,17.5,962
10/24/2019 10:43,datasets/dataset_cropped/10_Metas/24/10/20191024104300_00160.jpg,datasets_flow/dataset_cropped/10_Metas/24/10/20191024104300_00160.jpg,datasets_cloudmask/dataset_cropped/10_Metas/24/10/20191024104300_00160.png,545.7,910,60,17.6,962
10/24/2019 10:44,datasets/dataset_cropped/10_Metas/24/10/20191024104400_00160.jpg,datasets_flow/dataset_cropped/10_Metas/24/10/20191024104400_00160.jpg,datasets_cloudmask/dataset_cropped/10_Metas/24/10/20191024104400_00160.png,548.1,912,59.9,17.8,962
10/24/2019 10:45,datasets/dataset_cropped/10_Metas/24/10/20191024104500_00160.jpg,datasets_flow/dataset_cropped/10_Metas/24/10/20191024104500_00160.jpg,datasets_cloudmask/dataset_cropped/10_Metas/24/10/20191024104500_00160.png,550.2,913,60.1,17.6,962
10/24/2019 10:46,datasets/dataset_cropped/10_Metas/24/10/20191024104600_00160.jpg,datasets_flow/dataset_cropped/10_Metas/24/10/20191024104600_00160.jpg,datasets_cloudmask/dataset_cropped/10_Metas/24/10/20191024104600_00160.png,552.6,914,60.6,17.5,962
10/24/2019 10:47,datasets/dataset_cropped/10_Metas/24/10/20191024104700_00160.jpg,datasets_flow/dataset_cropped/10_Metas/24/10/20191024104700_00160.jpg,datasets_cloudmask/dataset_cropped/10_Metas/24/10/20191024104700_00160.png,554.6,914,60.2,17.4,961
10/24/2019 10:48,datasets/dataset_cropped/10_Metas/24/10/20191024104800_00160.jpg,datasets_flow/dataset_cropped/10_Metas/24/10/20191024104800_00160.jpg,datasets_cloudmask/dataset_cropped/10_Metas/24/10/20191024104800_00160.png,556.3,914,60,17.4,962
10/24/2019 10:49,datasets/dataset_cropped/10_Metas/24/10/20191024104900_00160.jpg,datasets_flow/dataset_cropped/10_Metas/24/10/20191024104900_00160.jpg,datasets_cloudmask/dataset_cropped/10_Metas/24/10/20191024104900_00160.png,558.1,913,59.9,17.8,962
10/24/2019 10:50,datasets/dataset_cropped/10_Metas/24/10/20191024105000_00160.jpg,datasets_flow/dataset_cropped/10_Metas/24/10/20191024105000_00160.jpg,datasets_cloudmask/dataset_cropped/10_Metas/24/10/20191024105000_00160.png,559.4,912,60,17.9,962
10/24/2019 10:51,datasets/dataset_cropped/10_Metas/24/10/20191024105100_00160.jpg,datasets_flow/dataset_cropped/10_Metas/24/10/20191024105100_00160.jpg,datasets_cloudmask/dataset_cropped/10_Metas/24/10/20191024105100_00160.png,561.2,913,60.1,18,962
10/24/2019 10:52,datasets/dataset_cropped/10_Metas/24/10/20191024105200_00160.jpg,datasets_flow/dataset_cropped/10_Metas/24/10/20191024105200_00160.jpg,datasets_cloudmask/dataset_cropped/10_Metas/24/10/20191024105200_00160.png,562.6,912,60,18.2,962
10/24/2019 10:53,datasets/dataset_cropped/10_Metas/24/10/20191024105300_00160.jpg,datasets_flow/dataset_cropped/10_Metas/24/10/20191024105300_00160.jpg,datasets_cloudmask/dataset_cropped/10_Metas/24/10/20191024105300_00160.png,564.4,913,60,18.4,962
10/24/2019 10:54,datasets/dataset_cropped/10_Metas/24/10/20191024105400_00160.jpg,datasets_flow/dataset_cropped/10_Metas/24/10/20191024105400_00160.jpg,datasets_cloudmask/dataset_cropped/10_Metas/24/10/20191024105400_00160.png,563.4,912,60.2,18.7,962
10/24/2019 10:55,datasets/dataset_cropped/10_Metas/24/10/20191024105500_00160.jpg,datasets_flow/dataset_cropped/10_Metas/24/10/20191024105500_00160.jpg,datasets_cloudmask/dataset_cropped/10_Metas/24/10/20191024105500_00160.png,566.7,914,60.5,18.7,962
10/24/2019 10:56,datasets/dataset_cropped/10_Metas/24/10/20191024105600_00160.jpg,datasets_flow/dataset_cropped/10_Metas/24/10/20191024105600_00160.jpg,datasets_cloudmask/dataset_cropped/10_Metas/24/10/20191024105600_00160.png,570.7,916,60.8,18.7,962
10/24/2019 10:57,datasets/dataset_cropped/10_Metas/24/10/20191024105700_00160.jpg,datasets_flow/dataset_cropped/10_Metas/24/10/20191024105700_00160.jpg,datasets_cloudmask/dataset_cropped/10_Metas/24/10/20191024105700_00160.png,573.5,918,60.8,18.4,962
10/24/2019 10:58,datasets/dataset_cropped/10_Metas/24/10/20191024105800_00160.jpg,datasets_flow/dataset_cropped/10_Metas/24/10/20191024105800_00160.jpg,datasets_cloudmask/dataset_cropped/10_Metas/24/10/20191024105800_00160.png,575.7,919,60.7,18.1,962
10/24/2019 10:59,datasets/dataset_cropped/10_Metas/24/10/20191024105900_00160.jpg,datasets_flow/dataset_cropped/10_Metas/24/10/20191024105900_00160.jpg,datasets_cloudmask/dataset_cropped/10_Metas/24/10/20191024105900_00160.png,577.6,920,60.6,18.1,962
10/24/2019 11:00,datasets/dataset_cropped/10_Metas/24/11/20191024110000_00160.jpg,datasets_flow/dataset_cropped/10_Metas/24/11/20191024110000_00160.jpg,datasets_cloudmask/dataset_cropped/10_Metas/24/11/20191024110000_00160.png,579,920,60.9,18.3,962
10/24/2019 11:01,datasets/dataset_cropped/10_Metas/24/11/20191024110100_00160.jpg,datasets_flow/dataset_cropped/10_Metas/24/11/20191024110100_00160.jpg,datasets_cloudmask/dataset_cropped/10_Metas/24/11/20191024110100_00160.png,580.7,921,60.7,18.3,962
10/24/2019 11:02,datasets/dataset_cropped/10_Metas/24/11/20191024110200_00160.jpg,datasets_flow/dataset_cropped/10_Metas/24/11/20191024110200_00160.jpg,datasets_cloudmask/dataset_cropped/10_Metas/24/11/20191024110200_00160.png,583,922,60.8,18.4,962
10/24/2019 11:03,datasets/dataset_cropped/10_Metas/24/11/20191024110300_00160.jpg,datasets_flow/dataset_cropped/10_Metas/24/11/20191024110300_00160.jpg,datasets_cloudmask/dataset_cropped/10_Metas/24/11/20191024110300_00160.png,584.6,922,60.7,18.3,962
10/24/2019 11:04,datasets/dataset_cropped/10_Metas/24/11/20191024110400_00160.jpg,datasets_flow/dataset_cropped/10_Metas/24/11/20191024110400_00160.jpg,datasets_cloudmask/dataset_cropped/10_Metas/24/11/20191024110400_00160.png,587.1,923,61.1,18.5,962
10/24/2019 11:05,datasets/dataset_cropped/10_Metas/24/11/20191024110500_00160.jpg,datasets_flow/dataset_cropped/10_Metas/24/11/20191024110500_00160.jpg,datasets_cloudmask/dataset_cropped/10_Metas/24/11/20191024110500_00160.png,589.8,925,61.4,18.8,962
10/24/2019 11:06,datasets/dataset_cropped/10_Metas/24/11/20191024110600_00160.jpg,datasets_flow/dataset_cropped/10_Metas/24/11/20191024110600_00160.jpg,datasets_cloudmask/dataset_cropped/10_Metas/24/11/20191024110600_00160.png,591.3,925,61,18.9,962
10/24/2019 11:07,datasets/dataset_cropped/10_Metas/24/11/20191024110700_00160.jpg,datasets_flow/dataset_cropped/10_Metas/24/11/20191024110700_00160.jpg,datasets_cloudmask/dataset_cropped/10_Metas/24/11/20191024110700_00160.png,593.3,926,60.7,18.9,962
10/24/2019 11:08,datasets/dataset_cropped/10_Metas/24/11/20191024110800_00160.jpg,datasets_flow/dataset_cropped/10_Metas/24/11/20191024110800_00160.jpg,datasets_cloudmask/dataset_cropped/10_Metas/24/11/20191024110800_00160.png,595.6,928,61,18.8,962
10/24/2019 11:09,datasets/dataset_cropped/10_Metas/24/11/20191024110900_00160.jpg,datasets_flow/dataset_cropped/10_Metas/24/11/20191024110900_00160.jpg,datasets_cloudmask/dataset_cropped/10_Metas/24/11/20191024110900_00160.png,597.2,928,61,18.5,962
10/24/2019 11:10,datasets/dataset_cropped/10_Metas/24/11/20191024111000_00160.jpg,datasets_flow/dataset_cropped/10_Metas/24/11/20191024111000_00160.jpg,datasets_cloudmask/dataset_cropped/10_Metas/24/11/20191024111000_00160.png,598.7,928,61.1,18.3,962
10/24/2019 11:11,datasets/dataset_cropped/10_Metas/24/11/20191024111100_00160.jpg,datasets_flow/dataset_cropped/10_Metas/24/11/20191024111100_00160.jpg,datasets_cloudmask/dataset_cropped/10_Metas/24/11/20191024111100_00160.png,600.2,928,61.1,18.3,962
10/24/2019 11:12,datasets/dataset_cropped/10_Metas/24/11/20191024111200_00160.jpg,datasets_flow/dataset_cropped/10_Metas/24/11/20191024111200_00160.jpg,datasets_cloudmask/dataset_cropped/10_Metas/24/11/20191024111200_00160.png,601.1,927,61.2,18.4,962
10/24/2019 11:13,datasets/dataset_cropped/10_Metas/24/11/20191024111300_00160.jpg,datasets_flow/dataset_cropped/10_Metas/24/11/20191024111300_00160.jpg,datasets_cloudmask/dataset_cropped/10_Metas/24/11/20191024111300_00160.png,603.1,928,61.2,18.6,962
10/24/2019 11:14,datasets/dataset_cropped/10_Metas/24/11/20191024111400_00160.jpg,datasets_flow/dataset_cropped/10_Metas/24/11/20191024111400_00160.jpg,datasets_cloudmask/dataset_cropped/10_Metas/24/11/20191024111400_00160.png,605.8,930,61.5,18.6,962
10/24/2019 11:15,datasets/dataset_cropped/10_Metas/24/11/20191024111500_00160.jpg,datasets_flow/dataset_cropped/10_Metas/24/11/20191024111500_00160.jpg,datasets_cloudmask/dataset_cropped/10_Metas/24/11/20191024111500_00160.png,607.6,931,61.2,18.6,962
10/24/2019 11:16,datasets/dataset_cropped/10_Metas/24/11/20191024111600_00160.jpg,datasets_flow/dataset_cropped/10_Metas/24/11/20191024111600_00160.jpg,datasets_cloudmask/dataset_cropped/10_Metas/24/11/20191024111600_00160.png,609,931,61,18.6,962
10/24/2019 11:17,datasets/dataset_cropped/10_Metas/24/11/20191024111700_00160.jpg,datasets_flow/dataset_cropped/10_Metas/24/11/20191024111700_00160.jpg,datasets_cloudmask/dataset_cropped/10_Metas/24/11/20191024111700_00160.png,610.4,931,61.3,18.6,962
10/24/2019 11:18,datasets/dataset_cropped/10_Metas/24/11/20191024111800_00160.jpg,datasets_flow/dataset_cropped/10_Metas/24/11/20191024111800_00160.jpg,datasets_cloudmask/dataset_cropped/10_Metas/24/11/20191024111800_00160.png,612.3,932,61.5,18.6,962
10/24/2019 11:19,datasets/dataset_cropped/10_Metas/24/11/20191024111900_00160.jpg,datasets_flow/dataset_cropped/10_Metas/24/11/20191024111900_00160.jpg,datasets_cloudmask/dataset_cropped/10_Metas/24/11/20191024111900_00160.png,614.2,932,62,18.6,962
10/24/2019 11:20,datasets/dataset_cropped/10_Metas/24/11/20191024112000_00160.jpg,datasets_flow/dataset_cropped/10_Metas/24/11/20191024112000_00160.jpg,datasets_cloudmask/dataset_cropped/10_Metas/24/11/20191024112000_00160.png,615.4,932,62.1,18.7,962
10/24/2019 11:21,datasets/dataset_cropped/10_Metas/24/11/20191024112100_00160.jpg,datasets_flow/dataset_cropped/10_Metas/24/11/20191024112100_00160.jpg,datasets_cloudmask/dataset_cropped/10_Metas/24/11/20191024112100_00160.png,616.1,931,62.3,18.9,962
10/24/2019 11:22,datasets/dataset_cropped/10_Metas/24/11/20191024112200_00160.jpg,datasets_flow/dataset_cropped/10_Metas/24/11/20191024112200_00160.jpg,datasets_cloudmask/dataset_cropped/10_Metas/24/11/20191024112200_00160.png,617.1,930,62.3,18.9,962
10/24/2019 11:23,datasets/dataset_cropped/10_Metas/24/11/20191024112300_00160.jpg,datasets_flow/dataset_cropped/10_Metas/24/11/20191024112300_00160.jpg,datasets_cloudmask/dataset_cropped/10_Metas/24/11/20191024112300_00160.png,618.6,931,62.4,18.6,962
10/24/2019 11:24,datasets/dataset_cropped/10_Metas/24/11/20191024112400_00160.jpg,datasets_flow/dataset_cropped/10_Metas/24/11/20191024112400_00160.jpg,datasets_cloudmask/dataset_cropped/10_Metas/24/11/20191024112400_00160.png,619.8,930,62.2,18.5,962
10/24/2019 11:25,datasets/dataset_cropped/10_Metas/24/11/20191024112500_00160.jpg,datasets_flow/dataset_cropped/10_Metas/24/11/20191024112500_00160.jpg,datasets_cloudmask/dataset_cropped/10_Metas/24/11/20191024112500_00160.png,621.1,930,62.1,18.4,962
10/24/2019 11:26,datasets/dataset_cropped/10_Metas/24/11/20191024112600_00160.jpg,datasets_flow/dataset_cropped/10_Metas/24/11/20191024112600_00160.jpg,datasets_cloudmask/dataset_cropped/10_Metas/24/11/20191024112600_00160.png,623,931,62.3,18.4,962
10/24/2019 11:27,datasets/dataset_cropped/10_Metas/24/11/20191024112700_00160.jpg,datasets_flow/dataset_cropped/10_Metas/24/11/20191024112700_00160.jpg,datasets_cloudmask/dataset_cropped/10_Metas/24/11/20191024112700_00160.png,624.9,932,62.4,18.6,962
10/24/2019 11:28,datasets/dataset_cropped/10_Metas/24/11/20191024112800_00160.jpg,datasets_flow/dataset_cropped/10_Metas/24/11/20191024112800_00160.jpg,datasets_cloudmask/dataset_cropped/10_Metas/24/11/20191024112800_00160.png,626.5,933,62.2,18.5,962
10/24/2019 11:29,datasets/dataset_cropped/10_Metas/24/11/20191024112900_00160.jpg,datasets_flow/dataset_cropped/10_Metas/24/11/20191024112900_00160.jpg,datasets_cloudmask/dataset_cropped/10_Metas/24/11/20191024112900_00160.png,628.2,934,62.1,18.5,962
10/24/2019 11:30,datasets/dataset_cropped/10_Metas/24/11/20191024113000_00160.jpg,datasets_flow/dataset_cropped/10_Metas/24/11/20191024113000_00160.jpg,datasets_cloudmask/dataset_cropped/10_Metas/24/11/20191024113000_00160.png,630.5,936,62.3,18.6,962
10/24/2019 11:31,datasets/dataset_cropped/10_Metas/24/11/20191024113100_00160.jpg,datasets_flow/dataset_cropped/10_Metas/24/11/20191024113100_00160.jpg,datasets_cloudmask/dataset_cropped/10_Metas/24/11/20191024113100_00160.png,632.1,937,62.2,18.5,962
10/24/2019 11:32,datasets/dataset_cropped/10_Metas/24/11/20191024113200_00160.jpg,datasets_flow/dataset_cropped/10_Metas/24/11/20191024113200_00160.jpg,datasets_cloudmask/dataset_cropped/10_Metas/24/11/20191024113200_00160.png,633.6,937,62.1,18.4,962
10/24/2019 11:33,datasets/dataset_cropped/10_Metas/24/11/20191024113300_00160.jpg,datasets_flow/dataset_cropped/10_Metas/24/11/20191024113300_00160.jpg,datasets_cloudmask/dataset_cropped/10_Metas/24/11/20191024113300_00160.png,635.5,938,62.3,18.2,962
10/24/2019 11:34,datasets/dataset_cropped/10_Metas/24/11/20191024113400_00160.jpg,datasets_flow/dataset_cropped/10_Metas/24/11/20191024113400_00160.jpg,datasets_cloudmask/dataset_cropped/10_Metas/24/11/20191024113400_00160.png,637.2,940,62.5,18.3,962
10/24/2019 11:35,datasets/dataset_cropped/10_Metas/24/11/20191024113500_00160.jpg,datasets_flow/dataset_cropped/10_Metas/24/11/20191024113500_00160.jpg,datasets_cloudmask/dataset_cropped/10_Metas/24/11/20191024113500_00160.png,638.2,940,62.8,18.2,962
10/24/2019 11:36,datasets/dataset_cropped/10_Metas/24/11/20191024113600_00160.jpg,datasets_flow/dataset_cropped/10_Metas/24/11/20191024113600_00160.jpg,datasets_cloudmask/dataset_cropped/10_Metas/24/11/20191024113600_00160.png,639.1,939,62.9,18.3,962
10/24/2019 11:37,datasets/dataset_cropped/10_Metas/24/11/20191024113700_00160.jpg,datasets_flow/dataset_cropped/10_Metas/24/11/20191024113700_00160.jpg,datasets_cloudmask/dataset_cropped/10_Metas/24/11/20191024113700_00160.png,640.8,940,62.9,18.2,962
10/24/2019 11:38,datasets/dataset_cropped/10_Metas/24/11/20191024113800_00160.jpg,datasets_flow/dataset_cropped/10_Metas/24/11/20191024113800_00160.jpg,datasets_cloudmask/dataset_cropped/10_Metas/24/11/20191024113800_00160.png,642,941,62.5,18.4,962
10/24/2019 11:39,datasets/dataset_cropped/10_Metas/24/11/20191024113900_00160.jpg,datasets_flow/dataset_cropped/10_Metas/24/11/20191024113900_00160.jpg,datasets_cloudmask/dataset_cropped/10_Metas/24/11/20191024113900_00160.png,643.2,941,62,18.4,962
10/24/2019 11:40,datasets/dataset_cropped/10_Metas/24/11/20191024114000_00160.jpg,datasets_flow/dataset_cropped/10_Metas/24/11/20191024114000_00160.jpg,datasets_cloudmask/dataset_cropped/10_Metas/24/11/20191024114000_00160.png,644.2,941,62.2,18.4,962
10/24/2019 11:41,datasets/dataset_cropped/10_Metas/24/11/20191024114100_00160.jpg,datasets_flow/dataset_cropped/10_Metas/24/11/20191024114100_00160.jpg,datasets_cloudmask/dataset_cropped/10_Metas/24/11/20191024114100_00160.png,645.4,941,62.1,18.4,962
10/24/2019 11:42,datasets/dataset_cropped/10_Metas/24/11/20191024114200_00160.jpg,datasets_flow/dataset_cropped/10_Metas/24/11/20191024114200_00160.jpg,datasets_cloudmask/dataset_cropped/10_Metas/24/11/20191024114200_00160.png,647.4,943,62.3,18.3,962
10/24/2019 11:43,datasets/dataset_cropped/10_Metas/24/11/20191024114300_00160.jpg,datasets_flow/dataset_cropped/10_Metas/24/11/20191024114300_00160.jpg,datasets_cloudmask/dataset_cropped/10_Metas/24/11/20191024114300_00160.png,649.3,944,62.3,18.6,962
10/24/2019 11:44,datasets/dataset_cropped/10_Metas/24/11/20191024114400_00160.jpg,datasets_flow/dataset_cropped/10_Metas/24/11/20191024114400_00160.jpg,datasets_cloudmask/dataset_cropped/10_Metas/24/11/20191024114400_00160.png,650.6,944,62.4,18.7,962
10/24/2019 11:45,datasets/dataset_cropped/10_Metas/24/11/20191024114500_00160.jpg,datasets_flow/dataset_cropped/10_Metas/24/11/20191024114500_00160.jpg,datasets_cloudmask/dataset_cropped/10_Metas/24/11/20191024114500_00160.png,652,943,63.2,18.6,962
10/24/2019 11:46,datasets/dataset_cropped/10_Metas/24/11/20191024114600_00160.jpg,datasets_flow/dataset_cropped/10_Metas/24/11/20191024114600_00160.jpg,datasets_cloudmask/dataset_cropped/10_Metas/24/11/20191024114600_00160.png,652.9,943,63.5,18.4,962
10/24/2019 11:47,datasets/dataset_cropped/10_Metas/24/11/20191024114700_00160.jpg,datasets_flow/dataset_cropped/10_Metas/24/11/20191024114700_00160.jpg,datasets_cloudmask/dataset_cropped/10_Metas/24/11/20191024114700_00160.png,654.4,945,63.2,18.4,962
10/24/2019 11:48,datasets/dataset_cropped/10_Metas/24/11/20191024114800_00160.jpg,datasets_flow/dataset_cropped/10_Metas/24/11/20191024114800_00160.jpg,datasets_cloudmask/dataset_cropped/10_Metas/24/11/20191024114800_00160.png,654.8,945,63,18.5,962
10/24/2019 11:49,datasets/dataset_cropped/10_Metas/24/11/20191024114900_00160.jpg,datasets_flow/dataset_cropped/10_Metas/24/11/20191024114900_00160.jpg,datasets_cloudmask/dataset_cropped/10_Metas/24/11/20191024114900_00160.png,655.6,944,63.2,18.7,962
10/24/2019 11:50,datasets/dataset_cropped/10_Metas/24/11/20191024115000_00160.jpg,datasets_flow/dataset_cropped/10_Metas/24/11/20191024115000_00160.jpg,datasets_cloudmask/dataset_cropped/10_Metas/24/11/20191024115000_00160.png,656.6,945,63,18.7,962
10/24/2019 11:51,datasets/dataset_cropped/10_Metas/24/11/20191024115100_00160.jpg,datasets_flow/dataset_cropped/10_Metas/24/11/20191024115100_00160.jpg,datasets_cloudmask/dataset_cropped/10_Metas/24/11/20191024115100_00160.png,658.3,946,63,18.7,962
10/24/2019 11:52,datasets/dataset_cropped/10_Metas/24/11/20191024115200_00160.jpg,datasets_flow/dataset_cropped/10_Metas/24/11/20191024115200_00160.jpg,datasets_cloudmask/dataset_cropped/10_Metas/24/11/20191024115200_00160.png,659.8,947,63.2,18.6,962
10/24/2019 11:53,datasets/dataset_cropped/10_Metas/24/11/20191024115300_00160.jpg,datasets_flow/dataset_cropped/10_Metas/24/11/20191024115300_00160.jpg,datasets_cloudmask/dataset_cropped/10_Metas/24/11/20191024115300_00160.png,660.2,946,63.3,18.6,962
10/24/2019 11:54,datasets/dataset_cropped/10_Metas/24/11/20191024115400_00160.jpg,datasets_flow/dataset_cropped/10_Metas/24/11/20191024115400_00160.jpg,datasets_cloudmask/dataset_cropped/10_Metas/24/11/20191024115400_00160.png,660.8,946,63.5,18.5,962
10/24/2019 11:55,datasets/dataset_cropped/10_Metas/24/11/20191024115500_00160.jpg,datasets_flow/dataset_cropped/10_Metas/24/11/20191024115500_00160.jpg,datasets_cloudmask/dataset_cropped/10_Metas/24/11/20191024115500_00160.png,662.2,947,63.8,18.5,962
10/24/2019 11:56,datasets/dataset_cropped/10_Metas/24/11/20191024115600_00160.jpg,datasets_flow/dataset_cropped/10_Metas/24/11/20191024115600_00160.jpg,datasets_cloudmask/dataset_cropped/10_Metas/24/11/20191024115600_00160.png,662.6,947,63.6,18.4,962
10/24/2019 11:57,datasets/dataset_cropped/10_Metas/24/11/20191024115700_00160.jpg,datasets_flow/dataset_cropped/10_Metas/24/11/20191024115700_00160.jpg,datasets_cloudmask/dataset_cropped/10_Metas/24/11/20191024115700_00160.png,663.5,947,63.6,18.6,962
10/24/2019 11:58,datasets/dataset_cropped/10_Metas/24/11/20191024115800_00160.jpg,datasets_flow/dataset_cropped/10_Metas/24/11/20191024115800_00160.jpg,datasets_cloudmask/dataset_cropped/10_Metas/24/11/20191024115800_00160.png,664.2,947,63.5,19,962
10/24/2019 11:59,datasets/dataset_cropped/10_Metas/24/11/20191024115900_00160.jpg,datasets_flow/dataset_cropped/10_Metas/24/11/20191024115900_00160.jpg,datasets_cloudmask/dataset_cropped/10_Metas/24/11/20191024115900_00160.png,664.5,946,63.4,19.1,962
10/24/2019 12:00,datasets/dataset_cropped/10_Metas/24/12/20191024120000_00160.jpg,datasets_flow/dataset_cropped/10_Metas/24/12/20191024120000_00160.jpg,datasets_cloudmask/dataset_cropped/10_Metas/24/12/20191024120000_00160.png,665.9,946,63.6,18.9,962
10/24/2019 12:01,datasets/dataset_cropped/10_Metas/24/12/20191024120100_00160.jpg,datasets_flow/dataset_cropped/10_Metas/24/12/20191024120100_00160.jpg,datasets_cloudmask/dataset_cropped/10_Metas/24/12/20191024120100_00160.png,666.9,947,63.8,18.9,962
10/24/2019 12:02,datasets/dataset_cropped/10_Metas/24/12/20191024120200_00160.jpg,datasets_flow/dataset_cropped/10_Metas/24/12/20191024120200_00160.jpg,datasets_cloudmask/dataset_cropped/10_Metas/24/12/20191024120200_00160.png,668.1,947,64,18.9,962
10/24/2019 12:03,datasets/dataset_cropped/10_Metas/24/12/20191024120300_00160.jpg,datasets_flow/dataset_cropped/10_Metas/24/12/20191024120300_00160.jpg,datasets_cloudmask/dataset_cropped/10_Metas/24/12/20191024120300_00160.png,669.3,948,64.1,18.7,962
10/24/2019 12:04,datasets/dataset_cropped/10_Metas/24/12/20191024120400_00160.jpg,datasets_flow/dataset_cropped/10_Metas/24/12/20191024120400_00160.jpg,datasets_cloudmask/dataset_cropped/10_Metas/24/12/20191024120400_00160.png,670.7,949,64.2,18.6,962
10/24/2019 12:05,datasets/dataset_cropped/10_Metas/24/12/20191024120500_00160.jpg,datasets_flow/dataset_cropped/10_Metas/24/12/20191024120500_00160.jpg,datasets_cloudmask/dataset_cropped/10_Metas/24/12/20191024120500_00160.png,671.1,949,64.2,18.7,962
10/24/2019 12:06,datasets/dataset_cropped/10_Metas/24/12/20191024120600_00160.jpg,datasets_flow/dataset_cropped/10_Metas/24/12/20191024120600_00160.jpg,datasets_cloudmask/dataset_cropped/10_Metas/24/12/20191024120600_00160.png,672.5,949,64.3,18.9,962
10/24/2019 12:07,datasets/dataset_cropped/10_Metas/24/12/20191024120700_00160.jpg,datasets_flow/dataset_cropped/10_Metas/24/12/20191024120700_00160.jpg,datasets_cloudmask/dataset_cropped/10_Metas/24/12/20191024120700_00160.png,673.3,950,64.5,19,962
10/24/2019 12:08,datasets/dataset_cropped/10_Metas/24/12/20191024120800_00160.jpg,datasets_flow/dataset_cropped/10_Metas/24/12/20191024120800_00160.jpg,datasets_cloudmask/dataset_cropped/10_Metas/24/12/20191024120800_00160.png,674.3,950,64.9,18.9,962
10/24/2019 12:09,datasets/dataset_cropped/10_Metas/24/12/20191024120900_00160.jpg,datasets_flow/dataset_cropped/10_Metas/24/12/20191024120900_00160.jpg,datasets_cloudmask/dataset_cropped/10_Metas/24/12/20191024120900_00160.png,675.2,950,64.9,19,962
10/24/2019 12:10,datasets/dataset_cropped/10_Metas/24/12/20191024121000_00160.jpg,datasets_flow/dataset_cropped/10_Metas/24/12/20191024121000_00160.jpg,datasets_cloudmask/dataset_cropped/10_Metas/24/12/20191024121000_00160.png,675.6,950,64.7,19.1,962
10/24/2019 12:11,datasets/dataset_cropped/10_Metas/24/12/20191024121100_00160.jpg,datasets_flow/dataset_cropped/10_Metas/24/12/20191024121100_00160.jpg,datasets_cloudmask/dataset_cropped/10_Metas/24/12/20191024121100_00160.png,676.1,949,64.4,19.2,962
10/24/2019 12:12,datasets/dataset_cropped/10_Metas/24/12/20191024121200_00160.jpg,datasets_flow/dataset_cropped/10_Metas/24/12/20191024121200_00160.jpg,datasets_cloudmask/dataset_cropped/10_Metas/24/12/20191024121200_00160.png,676.6,948,64.4,19.4,962
10/24/2019 12:13,datasets/dataset_cropped/10_Metas/24/12/20191024121300_00160.jpg,datasets_flow/dataset_cropped/10_Metas/24/12/20191024121300_00160.jpg,datasets_cloudmask/dataset_cropped/10_Metas/24/12/20191024121300_00160.png,677.3,947,64.4,19.3,962
10/24/2019 12:14,datasets/dataset_cropped/10_Metas/24/12/20191024121400_00160.jpg,datasets_flow/dataset_cropped/10_Metas/24/12/20191024121400_00160.jpg,datasets_cloudmask/dataset_cropped/10_Metas/24/12/20191024121400_00160.png,678,947,64.5,18.9,962
10/24/2019 12:15,datasets/dataset_cropped/10_Metas/24/12/20191024121500_00160.jpg,datasets_flow/dataset_cropped/10_Metas/24/12/20191024121500_00160.jpg,datasets_cloudmask/dataset_cropped/10_Metas/24/12/20191024121500_00160.png,679.4,948,64.6,18.8,962
10/24/2019 12:16,datasets/dataset_cropped/10_Metas/24/12/20191024121600_00160.jpg,datasets_flow/dataset_cropped/10_Metas/24/12/20191024121600_00160.jpg,datasets_cloudmask/dataset_cropped/10_Metas/24/12/20191024121600_00160.png,680.1,949,64.7,18.8,962
10/24/2019 12:17,datasets/dataset_cropped/10_Metas/24/12/20191024121700_00160.jpg,datasets_flow/dataset_cropped/10_Metas/24/12/20191024121700_00160.jpg,datasets_cloudmask/dataset_cropped/10_Metas/24/12/20191024121700_00160.png,680.5,949,64.7,18.8,962
10/24/2019 12:18,datasets/dataset_cropped/10_Metas/24/12/20191024121800_00160.jpg,datasets_flow/dataset_cropped/10_Metas/24/12/20191024121800_00160.jpg,datasets_cloudmask/dataset_cropped/10_Metas/24/12/20191024121800_00160.png,681.6,949,65.5,19,962
10/24/2019 12:19,datasets/dataset_cropped/10_Metas/24/12/20191024121900_00160.jpg,datasets_flow/dataset_cropped/10_Metas/24/12/20191024121900_00160.jpg,datasets_cloudmask/dataset_cropped/10_Metas/24/12/20191024121900_00160.png,683.2,950,66.3,18.9,962
10/24/2019 12:20,datasets/dataset_cropped/10_Metas/24/12/20191024122000_00160.jpg,datasets_flow/dataset_cropped/10_Metas/24/12/20191024122000_00160.jpg,datasets_cloudmask/dataset_cropped/10_Metas/24/12/20191024122000_00160.png,684.2,950,66.7,19,962
10/24/2019 12:21,datasets/dataset_cropped/10_Metas/24/12/20191024122100_00160.jpg,datasets_flow/dataset_cropped/10_Metas/24/12/20191024122100_00160.jpg,datasets_cloudmask/dataset_cropped/10_Metas/24/12/20191024122100_00160.png,685.5,950,67.5,19.2,962
10/24/2019 12:22,datasets/dataset_cropped/10_Metas/24/12/20191024122200_00160.jpg,datasets_flow/dataset_cropped/10_Metas/24/12/20191024122200_00160.jpg,datasets_cloudmask/dataset_cropped/10_Metas/24/12/20191024122200_00160.png,684.8,951,66.1,19.5,962
10/24/2019 12:23,datasets/dataset_cropped/10_Metas/24/12/20191024122300_00160.jpg,datasets_flow/dataset_cropped/10_Metas/24/12/20191024122300_00160.jpg,datasets_cloudmask/dataset_cropped/10_Metas/24/12/20191024122300_00160.png,684.5,951,65.1,19.5,962
10/24/2019 12:24,datasets/dataset_cropped/10_Metas/24/12/20191024122400_00160.jpg,datasets_flow/dataset_cropped/10_Metas/24/12/20191024122400_00160.jpg,datasets_cloudmask/dataset_cropped/10_Metas/24/12/20191024122400_00160.png,685.3,952,65.2,19.2,962
10/24/2019 12:25,datasets/dataset_cropped/10_Metas/24/12/20191024122500_00160.jpg,datasets_flow/dataset_cropped/10_Metas/24/12/20191024122500_00160.jpg,datasets_cloudmask/dataset_cropped/10_Metas/24/12/20191024122500_00160.png,685.4,951,65.2,18.9,962
10/24/2019 12:26,datasets/dataset_cropped/10_Metas/24/12/20191024122600_00160.jpg,datasets_flow/dataset_cropped/10_Metas/24/12/20191024122600_00160.jpg,datasets_cloudmask/dataset_cropped/10_Metas/24/12/20191024122600_00160.png,686.3,952,65.1,18.9,962
10/24/2019 12:27,datasets/dataset_cropped/10_Metas/24/12/20191024122700_00160.jpg,datasets_flow/dataset_cropped/10_Metas/24/12/20191024122700_00160.jpg,datasets_cloudmask/dataset_cropped/10_Metas/24/12/20191024122700_00160.png,687,953,65,18.8,962
10/24/2019 12:28,datasets/dataset_cropped/10_Metas/24/12/20191024122800_00160.jpg,datasets_flow/dataset_cropped/10_Metas/24/12/20191024122800_00160.jpg,datasets_cloudmask/dataset_cropped/10_Metas/24/12/20191024122800_00160.png,687.7,954,64.6,18.9,962
10/24/2019 12:29,datasets/dataset_cropped/10_Metas/24/12/20191024122900_00160.jpg,datasets_flow/dataset_cropped/10_Metas/24/12/20191024122900_00160.jpg,datasets_cloudmask/dataset_cropped/10_Metas/24/12/20191024122900_00160.png,688.1,955,64.6,19.1,962
10/24/2019 12:30,datasets/dataset_cropped/10_Metas/24/12/20191024123000_00160.jpg,datasets_flow/dataset_cropped/10_Metas/24/12/20191024123000_00160.jpg,datasets_cloudmask/dataset_cropped/10_Metas/24/12/20191024123000_00160.png,688.5,955,64.6,19.2,961
10/24/2019 12:31,datasets/dataset_cropped/10_Metas/24/12/20191024123100_00160.jpg,datasets_flow/dataset_cropped/10_Metas/24/12/20191024123100_00160.jpg,datasets_cloudmask/dataset_cropped/10_Metas/24/12/20191024123100_00160.png,689.8,956,64.7,19.4,962
10/24/2019 12:32,datasets/dataset_cropped/10_Metas/24/12/20191024123200_00160.jpg,datasets_flow/dataset_cropped/10_Metas/24/12/20191024123200_00160.jpg,datasets_cloudmask/dataset_cropped/10_Metas/24/12/20191024123200_00160.png,690.5,957,64.7,19.6,962
10/24/2019 12:33,datasets/dataset_cropped/10_Metas/24/12/20191024123300_00160.jpg,datasets_flow/dataset_cropped/10_Metas/24/12/20191024123300_00160.jpg,datasets_cloudmask/dataset_cropped/10_Metas/24/12/20191024123300_00160.png,691.9,957,65.2,19.5,962
10/24/2019 12:34,datasets/dataset_cropped/10_Metas/24/12/20191024123400_00160.jpg,datasets_flow/dataset_cropped/10_Metas/24/12/20191024123400_00160.jpg,datasets_cloudmask/dataset_cropped/10_Metas/24/12/20191024123400_00160.png,692.5,958,65.1,19.4,962
10/24/2019 12:35,datasets/dataset_cropped/10_Metas/24/12/20191024123500_00160.jpg,datasets_flow/dataset_cropped/10_Metas/24/12/20191024123500_00160.jpg,datasets_cloudmask/dataset_cropped/10_Metas/24/12/20191024123500_00160.png,692.1,958,64.7,19.6,962
10/24/2019 12:36,datasets/dataset_cropped/10_Metas/24/12/20191024123600_00160.jpg,datasets_flow/dataset_cropped/10_Metas/24/12/20191024123600_00160.jpg,datasets_cloudmask/dataset_cropped/10_Metas/24/12/20191024123600_00160.png,692.2,957,64.5,19.8,962
10/24/2019 12:37,datasets/dataset_cropped/10_Metas/24/12/20191024123700_00160.jpg,datasets_flow/dataset_cropped/10_Metas/24/12/20191024123700_00160.jpg,datasets_cloudmask/dataset_cropped/10_Metas/24/12/20191024123700_00160.png,692.9,958,64.7,19.8,961
10/24/2019 12:38,datasets/dataset_cropped/10_Metas/24/12/20191024123800_00160.jpg,datasets_flow/dataset_cropped/10_Metas/24/12/20191024123800_00160.jpg,datasets_cloudmask/dataset_cropped/10_Metas/24/12/20191024123800_00160.png,692.9,957,65,19.5,961
10/24/2019 12:39,datasets/dataset_cropped/10_Metas/24/12/20191024123900_00160.jpg,datasets_flow/dataset_cropped/10_Metas/24/12/20191024123900_00160.jpg,datasets_cloudmask/dataset_cropped/10_Metas/24/12/20191024123900_00160.png,692.6,957,65,19.4,962
10/24/2019 12:40,datasets/dataset_cropped/10_Metas/24/12/20191024124000_00160.jpg,datasets_flow/dataset_cropped/10_Metas/24/12/20191024124000_00160.jpg,datasets_cloudmask/dataset_cropped/10_Metas/24/12/20191024124000_00160.png,692.5,956,64.9,19.3,962
10/24/2019 12:41,datasets/dataset_cropped/10_Metas/24/12/20191024124100_00160.jpg,datasets_flow/dataset_cropped/10_Metas/24/12/20191024124100_00160.jpg,datasets_cloudmask/dataset_cropped/10_Metas/24/12/20191024124100_00160.png,693.3,957,65.2,19.1,961
10/24/2019 12:42,datasets/dataset_cropped/10_Metas/24/12/20191024124200_00160.jpg,datasets_flow/dataset_cropped/10_Metas/24/12/20191024124200_00160.jpg,datasets_cloudmask/dataset_cropped/10_Metas/24/12/20191024124200_00160.png,694.2,958,65.3,19.1,961
10/24/2019 12:43,datasets/dataset_cropped/10_Metas/24/12/20191024124300_00160.jpg,datasets_flow/dataset_cropped/10_Metas/24/12/20191024124300_00160.jpg,datasets_cloudmask/dataset_cropped/10_Metas/24/12/20191024124300_00160.png,694.1,958,65.5,19.2,961
10/24/2019 12:44,datasets/dataset_cropped/10_Metas/24/12/20191024124400_00160.jpg,datasets_flow/dataset_cropped/10_Metas/24/12/20191024124400_00160.jpg,datasets_cloudmask/dataset_cropped/10_Metas/24/12/20191024124400_00160.png,694.1,957,65.8,19.4,961
10/24/2019 12:45,datasets/dataset_cropped/10_Metas/24/12/20191024124500_00160.jpg,datasets_flow/dataset_cropped/10_Metas/24/12/20191024124500_00160.jpg,datasets_cloudmask/dataset_cropped/10_Metas/24/12/20191024124500_00160.png,695.2,957,66.2,19.6,961
10/24/2019 12:46,datasets/dataset_cropped/10_Metas/24/12/20191024124600_00160.jpg,datasets_flow/dataset_cropped/10_Metas/24/12/20191024124600_00160.jpg,datasets_cloudmask/dataset_cropped/10_Metas/24/12/20191024124600_00160.png,696.7,958,66.5,19.8,961
10/24/2019 12:47,datasets/dataset_cropped/10_Metas/24/12/20191024124700_00160.jpg,datasets_flow/dataset_cropped/10_Metas/24/12/20191024124700_00160.jpg,datasets_cloudmask/dataset_cropped/10_Metas/24/12/20191024124700_00160.png,696,958,65.7,20.1,962
10/24/2019 12:48,datasets/dataset_cropped/10_Metas/24/12/20191024124800_00160.jpg,datasets_flow/dataset_cropped/10_Metas/24/12/20191024124800_00160.jpg,datasets_cloudmask/dataset_cropped/10_Metas/24/12/20191024124800_00160.png,697,959,66,20,961
10/24/2019 12:49,datasets/dataset_cropped/10_Metas/24/12/20191024124900_00160.jpg,datasets_flow/dataset_cropped/10_Metas/24/12/20191024124900_00160.jpg,datasets_cloudmask/dataset_cropped/10_Metas/24/12/20191024124900_00160.png,698.7,958,68.4,19.9,961
10/24/2019 12:50,datasets/dataset_cropped/10_Metas/24/12/20191024125000_00160.jpg,datasets_flow/dataset_cropped/10_Metas/24/12/20191024125000_00160.jpg,datasets_cloudmask/dataset_cropped/10_Metas/24/12/20191024125000_00160.png,698.9,957,69.2,19.6,961
10/24/2019 12:51,datasets/dataset_cropped/10_Metas/24/12/20191024125100_00160.jpg,datasets_flow/dataset_cropped/10_Metas/24/12/20191024125100_00160.jpg,datasets_cloudmask/dataset_cropped/10_Metas/24/12/20191024125100_00160.png,696.6,957,67.9,19.5,961
10/24/2019 12:52,datasets/dataset_cropped/10_Metas/24/12/20191024125200_00160.jpg,datasets_flow/dataset_cropped/10_Metas/24/12/20191024125200_00160.jpg,datasets_cloudmask/dataset_cropped/10_Metas/24/12/20191024125200_00160.png,693.9,955,65.7,19.5,962
10/24/2019 12:53,datasets/dataset_cropped/10_Metas/24/12/20191024125300_00160.jpg,datasets_flow/dataset_cropped/10_Metas/24/12/20191024125300_00160.jpg,datasets_cloudmask/dataset_cropped/10_Metas/24/12/20191024125300_00160.png,693.8,955,65.5,19.4,961
10/24/2019 12:54,datasets/dataset_cropped/10_Metas/24/12/20191024125400_00160.jpg,datasets_flow/dataset_cropped/10_Metas/24/12/20191024125400_00160.jpg,datasets_cloudmask/dataset_cropped/10_Metas/24/12/20191024125400_00160.png,695.4,957,65.6,19.5,961
10/24/2019 12:55,datasets/dataset_cropped/10_Metas/24/12/20191024125500_00160.jpg,datasets_flow/dataset_cropped/10_Metas/24/12/20191024125500_00160.jpg,datasets_cloudmask/dataset_cropped/10_Metas/24/12/20191024125500_00160.png,695,957,65.5,19.6,961
10/24/2019 12:56,datasets/dataset_cropped/10_Metas/24/12/20191024125600_00160.jpg,datasets_flow/dataset_cropped/10_Metas/24/12/20191024125600_00160.jpg,datasets_cloudmask/dataset_cropped/10_Metas/24/12/20191024125600_00160.png,695,957,65.7,19.5,961
10/24/2019 12:57,datasets/dataset_cropped/10_Metas/24/12/20191024125700_00160.jpg,datasets_flow/dataset_cropped/10_Metas/24/12/20191024125700_00160.jpg,datasets_cloudmask/dataset_cropped/10_Metas/24/12/20191024125700_00160.png,693.7,956,65.7,19.4,961
10/24/2019 12:58,datasets/dataset_cropped/10_Metas/24/12/20191024125800_00160.jpg,datasets_flow/dataset_cropped/10_Metas/24/12/20191024125800_00160.jpg,datasets_cloudmask/dataset_cropped/10_Metas/24/12/20191024125800_00160.png,695.4,959,65.4,19.5,961
10/24/2019 12:59,datasets/dataset_cropped/10_Metas/24/12/20191024125900_00160.jpg,datasets_flow/dataset_cropped/10_Metas/24/12/20191024125900_00160.jpg,datasets_cloudmask/dataset_cropped/10_Metas/24/12/20191024125900_00160.png,695,959,65.3,19.7,961
10/24/2019 13:00,datasets/dataset_cropped/10_Metas/24/13/20191024130000_00160.jpg,datasets_flow/dataset_cropped/10_Metas/24/13/20191024130000_00160.jpg,datasets_cloudmask/dataset_cropped/10_Metas/24/13/20191024130000_00160.png,694.8,959,65.4,19.9,961
10/24/2019 13:01,datasets/dataset_cropped/10_Metas/24/13/20191024130100_00160.jpg,datasets_flow/dataset_cropped/10_Metas/24/13/20191024130100_00160.jpg,datasets_cloudmask/dataset_cropped/10_Metas/24/13/20191024130100_00160.png,695,959,65.6,19.8,961
10/24/2019 13:02,datasets/dataset_cropped/10_Metas/24/13/20191024130200_00160.jpg,datasets_flow/dataset_cropped/10_Metas/24/13/20191024130200_00160.jpg,datasets_cloudmask/dataset_cropped/10_Metas/24/13/20191024130200_00160.png,694,957,66,19.7,961
10/24/2019 13:03,datasets/dataset_cropped/10_Metas/24/13/20191024130300_00160.jpg,datasets_flow/dataset_cropped/10_Metas/24/13/20191024130300_00160.jpg,datasets_cloudmask/dataset_cropped/10_Metas/24/13/20191024130300_00160.png,693.5,957,65.8,19.8,961
10/24/2019 13:04,datasets/dataset_cropped/10_Metas/24/13/20191024130400_00160.jpg,datasets_flow/dataset_cropped/10_Metas/24/13/20191024130400_00160.jpg,datasets_cloudmask/dataset_cropped/10_Metas/24/13/20191024130400_00160.png,692.3,955,65.2,19.9,961
10/24/2019 13:05,datasets/dataset_cropped/10_Metas/24/13/20191024130500_00160.jpg,datasets_flow/dataset_cropped/10_Metas/24/13/20191024130500_00160.jpg,datasets_cloudmask/dataset_cropped/10_Metas/24/13/20191024130500_00160.png,690.9,952,65.2,19.9,961
10/24/2019 13:06,datasets/dataset_cropped/10_Metas/24/13/20191024130600_00160.jpg,datasets_flow/dataset_cropped/10_Metas/24/13/20191024130600_00160.jpg,datasets_cloudmask/dataset_cropped/10_Metas/24/13/20191024130600_00160.png,690.5,952,65,19.9,961
10/24/2019 13:07,datasets/dataset_cropped/10_Metas/24/13/20191024130700_00160.jpg,datasets_flow/dataset_cropped/10_Metas/24/13/20191024130700_00160.jpg,datasets_cloudmask/dataset_cropped/10_Metas/24/13/20191024130700_00160.png,691.2,953,64.8,19.8,961
10/24/2019 13:08,datasets/dataset_cropped/10_Metas/24/13/20191024130800_00160.jpg,datasets_flow/dataset_cropped/10_Metas/24/13/20191024130800_00160.jpg,datasets_cloudmask/dataset_cropped/10_Metas/24/13/20191024130800_00160.png,691.1,953,64.7,19.9,961
10/24/2019 13:09,datasets/dataset_cropped/10_Metas/24/13/20191024130900_00160.jpg,datasets_flow/dataset_cropped/10_Metas/24/13/20191024130900_00160.jpg,datasets_cloudmask/dataset_cropped/10_Metas/24/13/20191024130900_00160.png,691.9,955,64.8,20.1,961
10/24/2019 13:10,datasets/dataset_cropped/10_Metas/24/13/20191024131000_00160.jpg,datasets_flow/dataset_cropped/10_Metas/24/13/20191024131000_00160.jpg,datasets_cloudmask/dataset_cropped/10_Metas/24/13/20191024131000_00160.png,692.2,957,65.1,20.3,961
10/24/2019 13:11,datasets/dataset_cropped/10_Metas/24/13/20191024131100_00160.jpg,datasets_flow/dataset_cropped/10_Metas/24/13/20191024131100_00160.jpg,datasets_cloudmask/dataset_cropped/10_Metas/24/13/20191024131100_00160.png,691.8,957,64.8,20.1,961
10/24/2019 13:12,datasets/dataset_cropped/10_Metas/24/13/20191024131200_00160.jpg,datasets_flow/dataset_cropped/10_Metas/24/13/20191024131200_00160.jpg,datasets_cloudmask/dataset_cropped/10_Metas/24/13/20191024131200_00160.png,691,956,64.6,19.8,961
10/24/2019 13:13,datasets/dataset_cropped/10_Metas/24/13/20191024131300_00160.jpg,datasets_flow/dataset_cropped/10_Metas/24/13/20191024131300_00160.jpg,datasets_cloudmask/dataset_cropped/10_Metas/24/13/20191024131300_00160.png,688.8,953,64.8,19.9,961
10/24/2019 13:14,datasets/dataset_cropped/10_Metas/24/13/20191024131400_00160.jpg,datasets_flow/dataset_cropped/10_Metas/24/13/20191024131400_00160.jpg,datasets_cloudmask/dataset_cropped/10_Metas/24/13/20191024131400_00160.png,688.8,953,64.9,19.7,961
10/24/2019 13:15,datasets/dataset_cropped/10_Metas/24/13/20191024131500_00160.jpg,datasets_flow/dataset_cropped/10_Metas/24/13/20191024131500_00160.jpg,datasets_cloudmask/dataset_cropped/10_Metas/24/13/20191024131500_00160.png,688.8,954,65,19.9,961
10/24/2019 13:16,datasets/dataset_cropped/10_Metas/24/13/20191024131600_00160.jpg,datasets_flow/dataset_cropped/10_Metas/24/13/20191024131600_00160.jpg,datasets_cloudmask/dataset_cropped/10_Metas/24/13/20191024131600_00160.png,689.4,956,64.8,19.9,961
10/24/2019 13:17,datasets/dataset_cropped/10_Metas/24/13/20191024131700_00160.jpg,datasets_flow/dataset_cropped/10_Metas/24/13/20191024131700_00160.jpg,datasets_cloudmask/dataset_cropped/10_Metas/24/13/20191024131700_00160.png,690.3,957,64.7,19.9,961
10/24/2019 13:18,datasets/dataset_cropped/10_Metas/24/13/20191024131800_00160.jpg,datasets_flow/dataset_cropped/10_Metas/24/13/20191024131800_00160.jpg,datasets_cloudmask/dataset_cropped/10_Metas/24/13/20191024131800_00160.png,689.1,956,64.7,20,961
10/24/2019 13:19,datasets/dataset_cropped/10_Metas/24/13/20191024131900_00160.jpg,datasets_flow/dataset_cropped/10_Metas/24/13/20191024131900_00160.jpg,datasets_cloudmask/dataset_cropped/10_Metas/24/13/20191024131900_00160.png,688.4,956,64.8,20,961
10/24/2019 13:20,datasets/dataset_cropped/10_Metas/24/13/20191024132000_00160.jpg,datasets_flow/dataset_cropped/10_Metas/24/13/20191024132000_00160.jpg,datasets_cloudmask/dataset_cropped/10_Metas/24/13/20191024132000_00160.png,687.5,955,64.4,20.1,961
10/24/2019 13:21,datasets/dataset_cropped/10_Metas/24/13/20191024132100_00160.jpg,datasets_flow/dataset_cropped/10_Metas/24/13/20191024132100_00160.jpg,datasets_cloudmask/dataset_cropped/10_Metas/24/13/20191024132100_00160.png,686.7,955,64.2,20.1,961
10/24/2019 13:22,datasets/dataset_cropped/10_Metas/24/13/20191024132200_00160.jpg,datasets_flow/dataset_cropped/10_Metas/24/13/20191024132200_00160.jpg,datasets_cloudmask/dataset_cropped/10_Metas/24/13/20191024132200_00160.png,684,951,64.6,20.1,961
10/24/2019 13:23,datasets/dataset_cropped/10_Metas/24/13/20191024132300_00160.jpg,datasets_flow/dataset_cropped/10_Metas/24/13/20191024132300_00160.jpg,datasets_cloudmask/dataset_cropped/10_Metas/24/13/20191024132300_00160.png,684.6,952,64.7,20.1,961
10/24/2019 13:24,datasets/dataset_cropped/10_Metas/24/13/20191024132400_00160.jpg,datasets_flow/dataset_cropped/10_Metas/24/13/20191024132400_00160.jpg,datasets_cloudmask/dataset_cropped/10_Metas/24/13/20191024132400_00160.png,687.5,957,64.8,20.4,961
10/24/2019 13:25,datasets/dataset_cropped/10_Metas/24/13/20191024132500_00160.jpg,datasets_flow/dataset_cropped/10_Metas/24/13/20191024132500_00160.jpg,datasets_cloudmask/dataset_cropped/10_Metas/24/13/20191024132500_00160.png,683.5,951,65.3,20.3,961
10/24/2019 13:26,datasets/dataset_cropped/10_Metas/24/13/20191024132600_00160.jpg,datasets_flow/dataset_cropped/10_Metas/24/13/20191024132600_00160.jpg,datasets_cloudmask/dataset_cropped/10_Metas/24/13/20191024132600_00160.png,679.2,943,66.7,20.2,961
10/24/2019 13:27,datasets/dataset_cropped/10_Metas/24/13/20191024132700_00160.jpg,datasets_flow/dataset_cropped/10_Metas/24/13/20191024132700_00160.jpg,datasets_cloudmask/dataset_cropped/10_Metas/24/13/20191024132700_00160.png,678.6,939,68.7,20.2,961
10/24/2019 13:28,datasets/dataset_cropped/10_Metas/24/13/20191024132800_00160.jpg,datasets_flow/dataset_cropped/10_Metas/24/13/20191024132800_00160.jpg,datasets_cloudmask/dataset_cropped/10_Metas/24/13/20191024132800_00160.png,675.6,932,70,20.3,961
10/24/2019 13:29,datasets/dataset_cropped/10_Metas/24/13/20191024132900_00160.jpg,datasets_flow/dataset_cropped/10_Metas/24/13/20191024132900_00160.jpg,datasets_cloudmask/dataset_cropped/10_Metas/24/13/20191024132900_00160.png,675.3,931,70.4,20.2,961
10/24/2019 13:30,datasets/dataset_cropped/10_Metas/24/13/20191024133000_00160.jpg,datasets_flow/dataset_cropped/10_Metas/24/13/20191024133000_00160.jpg,datasets_cloudmask/dataset_cropped/10_Metas/24/13/20191024133000_00160.png,675.2,933,68.5,20.1,961
10/24/2019 13:31,datasets/dataset_cropped/10_Metas/24/13/20191024133100_00160.jpg,datasets_flow/dataset_cropped/10_Metas/24/13/20191024133100_00160.jpg,datasets_cloudmask/dataset_cropped/10_Metas/24/13/20191024133100_00160.png,678.1,934,70.4,20.1,961
10/24/2019 13:32,datasets/dataset_cropped/10_Metas/24/13/20191024133200_00160.jpg,datasets_flow/dataset_cropped/10_Metas/24/13/20191024133200_00160.jpg,datasets_cloudmask/dataset_cropped/10_Metas/24/13/20191024133200_00160.png,678,931,72.5,20.2,961
10/24/2019 13:33,datasets/dataset_cropped/10_Metas/24/13/20191024133300_00160.jpg,datasets_flow/dataset_cropped/10_Metas/24/13/20191024133300_00160.jpg,datasets_cloudmask/dataset_cropped/10_Metas/24/13/20191024133300_00160.png,674,930,69.8,20.2,961
10/24/2019 13:34,datasets/dataset_cropped/10_Metas/24/13/20191024133400_00160.jpg,datasets_flow/dataset_cropped/10_Metas/24/13/20191024133400_00160.jpg,datasets_cloudmask/dataset_cropped/10_Metas/24/13/20191024133400_00160.png,675,936,67.7,20.3,961
10/24/2019 13:35,datasets/dataset_cropped/10_Metas/24/13/20191024133500_00160.jpg,datasets_flow/dataset_cropped/10_Metas/24/13/20191024133500_00160.jpg,datasets_cloudmask/dataset_cropped/10_Metas/24/13/20191024133500_00160.png,679.4,943,68.6,20.3,961
10/24/2019 13:36,datasets/dataset_cropped/10_Metas/24/13/20191024133600_00160.jpg,datasets_flow/dataset_cropped/10_Metas/24/13/20191024133600_00160.jpg,datasets_cloudmask/dataset_cropped/10_Metas/24/13/20191024133600_00160.png,679.7,942,70.1,20.1,961
10/24/2019 13:37,datasets/dataset_cropped/10_Metas/24/13/20191024133700_00160.jpg,datasets_flow/dataset_cropped/10_Metas/24/13/20191024133700_00160.jpg,datasets_cloudmask/dataset_cropped/10_Metas/24/13/20191024133700_00160.png,683.2,942,74.6,19.9,961
10/24/2019 13:38,datasets/dataset_cropped/10_Metas/24/13/20191024133800_00160.jpg,datasets_flow/dataset_cropped/10_Metas/24/13/20191024133800_00160.jpg,datasets_cloudmask/dataset_cropped/10_Metas/24/13/20191024133800_00160.png,683.6,942,75.9,19.9,961
10/24/2019 13:39,datasets/dataset_cropped/10_Metas/24/13/20191024133900_00160.jpg,datasets_flow/dataset_cropped/10_Metas/24/13/20191024133900_00160.jpg,datasets_cloudmask/dataset_cropped/10_Metas/24/13/20191024133900_00160.png,680.1,943,72.7,19.9,961
10/24/2019 13:40,datasets/dataset_cropped/10_Metas/24/13/20191024134000_00160.jpg,datasets_flow/dataset_cropped/10_Metas/24/13/20191024134000_00160.jpg,datasets_cloudmask/dataset_cropped/10_Metas/24/13/20191024134000_00160.png,673.3,943,66.7,20,961
10/24/2019 13:41,datasets/dataset_cropped/10_Metas/24/13/20191024134100_00160.jpg,datasets_flow/dataset_cropped/10_Metas/24/13/20191024134100_00160.jpg,datasets_cloudmask/dataset_cropped/10_Metas/24/13/20191024134100_00160.png,673.2,945,66.1,20.4,961
10/24/2019 13:42,datasets/dataset_cropped/10_Metas/24/13/20191024134200_00160.jpg,datasets_flow/dataset_cropped/10_Metas/24/13/20191024134200_00160.jpg,datasets_cloudmask/dataset_cropped/10_Metas/24/13/20191024134200_00160.png,671.7,944,65.8,20.3,961
10/24/2019 13:43,datasets/dataset_cropped/10_Metas/24/13/20191024134300_00160.jpg,datasets_flow/dataset_cropped/10_Metas/24/13/20191024134300_00160.jpg,datasets_cloudmask/dataset_cropped/10_Metas/24/13/20191024134300_00160.png,670.6,944,65.6,20.1,961
10/24/2019 13:44,datasets/dataset_cropped/10_Metas/24/13/20191024134400_00160.jpg,datasets_flow/dataset_cropped/10_Metas/24/13/20191024134400_00160.jpg,datasets_cloudmask/dataset_cropped/10_Metas/24/13/20191024134400_00160.png,670.7,945,65.8,20,961
10/24/2019 13:45,datasets/dataset_cropped/10_Metas/24/13/20191024134500_00160.jpg,datasets_flow/dataset_cropped/10_Metas/24/13/20191024134500_00160.jpg,datasets_cloudmask/dataset_cropped/10_Metas/24/13/20191024134500_00160.png,669.4,945,65.7,20.2,961
10/24/2019 13:46,datasets/dataset_cropped/10_Metas/24/13/20191024134600_00160.jpg,datasets_flow/dataset_cropped/10_Metas/24/13/20191024134600_00160.jpg,datasets_cloudmask/dataset_cropped/10_Metas/24/13/20191024134600_00160.png,667.1,943,65.2,20,961
10/24/2019 13:47,datasets/dataset_cropped/10_Metas/24/13/20191024134700_00160.jpg,datasets_flow/dataset_cropped/10_Metas/24/13/20191024134700_00160.jpg,datasets_cloudmask/dataset_cropped/10_Metas/24/13/20191024134700_00160.png,665.1,941,65.2,20,961
10/24/2019 13:48,datasets/dataset_cropped/10_Metas/24/13/20191024134800_00160.jpg,datasets_flow/dataset_cropped/10_Metas/24/13/20191024134800_00160.jpg,datasets_cloudmask/dataset_cropped/10_Metas/24/13/20191024134800_00160.png,664.7,941,65.3,20.1,961
10/24/2019 13:49,datasets/dataset_cropped/10_Metas/24/13/20191024134900_00160.jpg,datasets_flow/dataset_cropped/10_Metas/24/13/20191024134900_00160.jpg,datasets_cloudmask/dataset_cropped/10_Metas/24/13/20191024134900_00160.png,664.2,943,64.9,20.1,961
10/24/2019 13:50,datasets/dataset_cropped/10_Metas/24/13/20191024135000_00160.jpg,datasets_flow/dataset_cropped/10_Metas/24/13/20191024135000_00160.jpg,datasets_cloudmask/dataset_cropped/10_Metas/24/13/20191024135000_00160.png,663.6,943,64.5,20.1,961
10/24/2019 13:51,datasets/dataset_cropped/10_Metas/24/13/20191024135100_00160.jpg,datasets_flow/dataset_cropped/10_Metas/24/13/20191024135100_00160.jpg,datasets_cloudmask/dataset_cropped/10_Metas/24/13/20191024135100_00160.png,662.5,943,64.5,20.1,961
10/24/2019 13:52,datasets/dataset_cropped/10_Metas/24/13/20191024135200_00160.jpg,datasets_flow/dataset_cropped/10_Metas/24/13/20191024135200_00160.jpg,datasets_cloudmask/dataset_cropped/10_Metas/24/13/20191024135200_00160.png,661.7,943,64.5,20.3,961
10/24/2019 13:53,datasets/dataset_cropped/10_Metas/24/13/20191024135300_00160.jpg,datasets_flow/dataset_cropped/10_Metas/24/13/20191024135300_00160.jpg,datasets_cloudmask/dataset_cropped/10_Metas/24/13/20191024135300_00160.png,659.7,941,64.4,20.3,961
10/24/2019 13:54,datasets/dataset_cropped/10_Metas/24/13/20191024135400_00160.jpg,datasets_flow/dataset_cropped/10_Metas/24/13/20191024135400_00160.jpg,datasets_cloudmask/dataset_cropped/10_Metas/24/13/20191024135400_00160.png,659.7,942,64.4,20.3,961
10/24/2019 13:55,datasets/dataset_cropped/10_Metas/24/13/20191024135500_00160.jpg,datasets_flow/dataset_cropped/10_Metas/24/13/20191024135500_00160.jpg,datasets_cloudmask/dataset_cropped/10_Metas/24/13/20191024135500_00160.png,658.8,943,64.3,20.2,961
10/24/2019 13:56,datasets/dataset_cropped/10_Metas/24/13/20191024135600_00160.jpg,datasets_flow/dataset_cropped/10_Metas/24/13/20191024135600_00160.jpg,datasets_cloudmask/dataset_cropped/10_Metas/24/13/20191024135600_00160.png,657.6,942,64.4,20.3,961
10/24/2019 13:57,datasets/dataset_cropped/10_Metas/24/13/20191024135700_00160.jpg,datasets_flow/dataset_cropped/10_Metas/24/13/20191024135700_00160.jpg,datasets_cloudmask/dataset_cropped/10_Metas/24/13/20191024135700_00160.png,655.5,941,64,20.2,961
10/24/2019 13:58,datasets/dataset_cropped/10_Metas/24/13/20191024135800_00160.jpg,datasets_flow/dataset_cropped/10_Metas/24/13/20191024135800_00160.jpg,datasets_cloudmask/dataset_cropped/10_Metas/24/13/20191024135800_00160.png,654.9,941,63.8,20.2,961
10/24/2019 13:59,datasets/dataset_cropped/10_Metas/24/13/20191024135900_00160.jpg,datasets_flow/dataset_cropped/10_Metas/24/13/20191024135900_00160.jpg,datasets_cloudmask/dataset_cropped/10_Metas/24/13/20191024135900_00160.png,654.3,942,63.8,20.2,961
10/24/2019 14:00,datasets/dataset_cropped/10_Metas/24/14/20191024140000_00160.jpg,datasets_flow/dataset_cropped/10_Metas/24/14/20191024140000_00160.jpg,datasets_cloudmask/dataset_cropped/10_Metas/24/14/20191024140000_00160.png,652.9,941,63.9,20.4,961
10/24/2019 14:01,datasets/dataset_cropped/10_Metas/24/14/20191024140100_00160.jpg,datasets_flow/dataset_cropped/10_Metas/24/14/20191024140100_00160.jpg,datasets_cloudmask/dataset_cropped/10_Metas/24/14/20191024140100_00160.png,651.9,941,63.7,20.5,961
10/24/2019 14:02,datasets/dataset_cropped/10_Metas/24/14/20191024140200_00160.jpg,datasets_flow/dataset_cropped/10_Metas/24/14/20191024140200_00160.jpg,datasets_cloudmask/dataset_cropped/10_Metas/24/14/20191024140200_00160.png,651.3,942,63.4,20.6,961
10/24/2019 14:03,datasets/dataset_cropped/10_Metas/24/14/20191024140300_00160.jpg,datasets_flow/dataset_cropped/10_Metas/24/14/20191024140300_00160.jpg,datasets_cloudmask/dataset_cropped/10_Metas/24/14/20191024140300_00160.png,649.4,941,63.4,20.6,961
10/24/2019 14:04,datasets/dataset_cropped/10_Metas/24/14/20191024140400_00160.jpg,datasets_flow/dataset_cropped/10_Metas/24/14/20191024140400_00160.jpg,datasets_cloudmask/dataset_cropped/10_Metas/24/14/20191024140400_00160.png,647.9,940,63.2,20.4,961
10/24/2019 14:05,datasets/dataset_cropped/10_Metas/24/14/20191024140500_00160.jpg,datasets_flow/dataset_cropped/10_Metas/24/14/20191024140500_00160.jpg,datasets_cloudmask/dataset_cropped/10_Metas/24/14/20191024140500_00160.png,647,941,63.1,20.6,961
10/24/2019 14:06,datasets/dataset_cropped/10_Metas/24/14/20191024140600_00160.jpg,datasets_flow/dataset_cropped/10_Metas/24/14/20191024140600_00160.jpg,datasets_cloudmask/dataset_cropped/10_Metas/24/14/20191024140600_00160.png,645.9,940,63.4,20.6,961
10/24/2019 14:07,datasets/dataset_cropped/10_Metas/24/14/20191024140700_00160.jpg,datasets_flow/dataset_cropped/10_Metas/24/14/20191024140700_00160.jpg,datasets_cloudmask/dataset_cropped/10_Metas/24/14/20191024140700_00160.png,644.5,940,63.5,20.7,961
10/24/2019 14:08,datasets/dataset_cropped/10_Metas/24/14/20191024140800_00160.jpg,datasets_flow/dataset_cropped/10_Metas/24/14/20191024140800_00160.jpg,datasets_cloudmask/dataset_cropped/10_Metas/24/14/20191024140800_00160.png,642.7,938,63.6,20.9,961
10/24/2019 14:09,datasets/dataset_cropped/10_Metas/24/14/20191024140900_00160.jpg,datasets_flow/dataset_cropped/10_Metas/24/14/20191024140900_00160.jpg,datasets_cloudmask/dataset_cropped/10_Metas/24/14/20191024140900_00160.png,640.6,936,63.5,20.7,961
10/24/2019 14:10,datasets/dataset_cropped/10_Metas/24/14/20191024141000_00160.jpg,datasets_flow/dataset_cropped/10_Metas/24/14/20191024141000_00160.jpg,datasets_cloudmask/dataset_cropped/10_Metas/24/14/20191024141000_00160.png,637.9,933,63.3,20.5,961
10/24/2019 14:11,datasets/dataset_cropped/10_Metas/24/14/20191024141100_00160.jpg,datasets_flow/dataset_cropped/10_Metas/24/14/20191024141100_00160.jpg,datasets_cloudmask/dataset_cropped/10_Metas/24/14/20191024141100_00160.png,636.6,932,63.3,20.4,961
10/24/2019 14:12,datasets/dataset_cropped/10_Metas/24/14/20191024141200_00160.jpg,datasets_flow/dataset_cropped/10_Metas/24/14/20191024141200_00160.jpg,datasets_cloudmask/dataset_cropped/10_Metas/24/14/20191024141200_00160.png,635.6,933,63.3,20.5,961
10/24/2019 14:13,datasets/dataset_cropped/10_Metas/24/14/20191024141300_00160.jpg,datasets_flow/dataset_cropped/10_Metas/24/14/20191024141300_00160.jpg,datasets_cloudmask/dataset_cropped/10_Metas/24/14/20191024141300_00160.png,634.3,932,63.2,20.5,961
10/24/2019 14:14,datasets/dataset_cropped/10_Metas/24/14/20191024141400_00160.jpg,datasets_flow/dataset_cropped/10_Metas/24/14/20191024141400_00160.jpg,datasets_cloudmask/dataset_cropped/10_Metas/24/14/20191024141400_00160.png,633.9,933,63.1,20.4,961
10/24/2019 14:15,datasets/dataset_cropped/10_Metas/24/14/20191024141500_00160.jpg,datasets_flow/dataset_cropped/10_Metas/24/14/20191024141500_00160.jpg,datasets_cloudmask/dataset_cropped/10_Metas/24/14/20191024141500_00160.png,631.9,932,63,20.4,961
10/24/2019 14:16,datasets/dataset_cropped/10_Metas/24/14/20191024141600_00160.jpg,datasets_flow/dataset_cropped/10_Metas/24/14/20191024141600_00160.jpg,datasets_cloudmask/dataset_cropped/10_Metas/24/14/20191024141600_00160.png,629.9,930,63.3,20.7,961
10/24/2019 14:17,datasets/dataset_cropped/10_Metas/24/14/20191024141700_00160.jpg,datasets_flow/dataset_cropped/10_Metas/24/14/20191024141700_00160.jpg,datasets_cloudmask/dataset_cropped/10_Metas/24/14/20191024141700_00160.png,630.6,933,63.4,20.7,961
10/24/2019 14:18,datasets/dataset_cropped/10_Metas/24/14/20191024141800_00160.jpg,datasets_flow/dataset_cropped/10_Metas/24/14/20191024141800_00160.jpg,datasets_cloudmask/dataset_cropped/10_Metas/24/14/20191024141800_00160.png,627.8,931,63.2,20.7,961
10/24/2019 14:19,datasets/dataset_cropped/10_Metas/24/14/20191024141900_00160.jpg,datasets_flow/dataset_cropped/10_Metas/24/14/20191024141900_00160.jpg,datasets_cloudmask/dataset_cropped/10_Metas/24/14/20191024141900_00160.png,625.1,928,63.3,20.7,961
10/24/2019 14:20,datasets/dataset_cropped/10_Metas/24/14/20191024142000_00160.jpg,datasets_flow/dataset_cropped/10_Metas/24/14/20191024142000_00160.jpg,datasets_cloudmask/dataset_cropped/10_Metas/24/14/20191024142000_00160.png,623.8,927,63.5,20.9,961
10/24/2019 14:21,datasets/dataset_cropped/10_Metas/24/14/20191024142100_00160.jpg,datasets_flow/dataset_cropped/10_Metas/24/14/20191024142100_00160.jpg,datasets_cloudmask/dataset_cropped/10_Metas/24/14/20191024142100_00160.png,622,926,63.5,21.1,961
10/24/2019 14:22,datasets/dataset_cropped/10_Metas/24/14/20191024142200_00160.jpg,datasets_flow/dataset_cropped/10_Metas/24/14/20191024142200_00160.jpg,datasets_cloudmask/dataset_cropped/10_Metas/24/14/20191024142200_00160.png,618.9,923,63.4,21,961
10/24/2019 14:23,datasets/dataset_cropped/10_Metas/24/14/20191024142300_00160.jpg,datasets_flow/dataset_cropped/10_Metas/24/14/20191024142300_00160.jpg,datasets_cloudmask/dataset_cropped/10_Metas/24/14/20191024142300_00160.png,618.1,923,63.6,20.9,961
10/24/2019 14:24,datasets/dataset_cropped/10_Metas/24/14/20191024142400_00160.jpg,datasets_flow/dataset_cropped/10_Metas/24/14/20191024142400_00160.jpg,datasets_cloudmask/dataset_cropped/10_Metas/24/14/20191024142400_00160.png,616,923,63.4,20.7,961
10/24/2019 14:25,datasets/dataset_cropped/10_Metas/24/14/20191024142500_00160.jpg,datasets_flow/dataset_cropped/10_Metas/24/14/20191024142500_00160.jpg,datasets_cloudmask/dataset_cropped/10_Metas/24/14/20191024142500_00160.png,615.4,924,63.2,20.6,961
10/24/2019 14:26,datasets/dataset_cropped/10_Metas/24/14/20191024142600_00160.jpg,datasets_flow/dataset_cropped/10_Metas/24/14/20191024142600_00160.jpg,datasets_cloudmask/dataset_cropped/10_Metas/24/14/20191024142600_00160.png,613.7,923,63.4,20.7,961
10/24/2019 14:27,datasets/dataset_cropped/10_Metas/24/14/20191024142700_00160.jpg,datasets_flow/dataset_cropped/10_Metas/24/14/20191024142700_00160.jpg,datasets_cloudmask/dataset_cropped/10_Metas/24/14/20191024142700_00160.png,611.7,922,63.2,20.8,961
10/24/2019 14:28,datasets/dataset_cropped/10_Metas/24/14/20191024142800_00160.jpg,datasets_flow/dataset_cropped/10_Metas/24/14/20191024142800_00160.jpg,datasets_cloudmask/dataset_cropped/10_Metas/24/14/20191024142800_00160.png,610.6,922,63,20.6,961
10/24/2019 14:29,datasets/dataset_cropped/10_Metas/24/14/20191024142900_00160.jpg,datasets_flow/dataset_cropped/10_Metas/24/14/20191024142900_00160.jpg,datasets_cloudmask/dataset_cropped/10_Metas/24/14/20191024142900_00160.png,609.8,923,62.8,20.4,961
10/24/2019 14:30,datasets/dataset_cropped/10_Metas/24/14/20191024143000_00160.jpg,datasets_flow/dataset_cropped/10_Metas/24/14/20191024143000_00160.jpg,datasets_cloudmask/dataset_cropped/10_Metas/24/14/20191024143000_00160.png,609.9,925,63.1,20.6,961
10/24/2019 14:31,datasets/dataset_cropped/10_Metas/24/14/20191024143100_00160.jpg,datasets_flow/dataset_cropped/10_Metas/24/14/20191024143100_00160.jpg,datasets_cloudmask/dataset_cropped/10_Metas/24/14/20191024143100_00160.png,608.4,924,63.4,20.6,961
10/24/2019 14:32,datasets/dataset_cropped/10_Metas/24/14/20191024143200_00160.jpg,datasets_flow/dataset_cropped/10_Metas/24/14/20191024143200_00160.jpg,datasets_cloudmask/dataset_cropped/10_Metas/24/14/20191024143200_00160.png,606.4,923,62.9,20.7,961
10/24/2019 14:33,datasets/dataset_cropped/10_Metas/24/14/20191024143300_00160.jpg,datasets_flow/dataset_cropped/10_Metas/24/14/20191024143300_00160.jpg,datasets_cloudmask/dataset_cropped/10_Metas/24/14/20191024143300_00160.png,604.5,922,62.5,20.8,961
10/24/2019 14:34,datasets/dataset_cropped/10_Metas/24/14/20191024143400_00160.jpg,datasets_flow/dataset_cropped/10_Metas/24/14/20191024143400_00160.jpg,datasets_cloudmask/dataset_cropped/10_Metas/24/14/20191024143400_00160.png,603.4,923,62.4,20.7,961
10/24/2019 14:35,datasets/dataset_cropped/10_Metas/24/14/20191024143500_00160.jpg,datasets_flow/dataset_cropped/10_Metas/24/14/20191024143500_00160.jpg,datasets_cloudmask/dataset_cropped/10_Metas/24/14/20191024143500_00160.png,600.6,920,62.5,20.8,961
10/24/2019 14:36,datasets/dataset_cropped/10_Metas/24/14/20191024143600_00160.jpg,datasets_flow/dataset_cropped/10_Metas/24/14/20191024143600_00160.jpg,datasets_cloudmask/dataset_cropped/10_Metas/24/14/20191024143600_00160.png,598.2,918,62.9,20.8,961
10/24/2019 14:37,datasets/dataset_cropped/10_Metas/24/14/20191024143700_00160.jpg,datasets_flow/dataset_cropped/10_Metas/24/14/20191024143700_00160.jpg,datasets_cloudmask/dataset_cropped/10_Metas/24/14/20191024143700_00160.png,595.5,916,63,20.7,961
10/24/2019 14:38,datasets/dataset_cropped/10_Metas/24/14/20191024143800_00160.jpg,datasets_flow/dataset_cropped/10_Metas/24/14/20191024143800_00160.jpg,datasets_cloudmask/dataset_cropped/10_Metas/24/14/20191024143800_00160.png,594.5,917,62.7,20.7,961
10/24/2019 14:39,datasets/dataset_cropped/10_Metas/24/14/20191024143900_00160.jpg,datasets_flow/dataset_cropped/10_Metas/24/14/20191024143900_00160.jpg,datasets_cloudmask/dataset_cropped/10_Metas/24/14/20191024143900_00160.png,593.8,919,62.6,20.3,961
10/24/2019 14:40,datasets/dataset_cropped/10_Metas/24/14/20191024144000_00160.jpg,datasets_flow/dataset_cropped/10_Metas/24/14/20191024144000_00160.jpg,datasets_cloudmask/dataset_cropped/10_Metas/24/14/20191024144000_00160.png,593.4,921,62.3,20.3,961
10/24/2019 14:41,datasets/dataset_cropped/10_Metas/24/14/20191024144100_00160.jpg,datasets_flow/dataset_cropped/10_Metas/24/14/20191024144100_00160.jpg,datasets_cloudmask/dataset_cropped/10_Metas/24/14/20191024144100_00160.png,590,917,62.3,20.4,961
10/24/2019 14:42,datasets/dataset_cropped/10_Metas/24/14/20191024144200_00160.jpg,datasets_flow/dataset_cropped/10_Metas/24/14/20191024144200_00160.jpg,datasets_cloudmask/dataset_cropped/10_Metas/24/14/20191024144200_00160.png,587.9,917,62.2,20.4,961
10/24/2019 14:43,datasets/dataset_cropped/10_Metas/24/14/20191024144300_00160.jpg,datasets_flow/dataset_cropped/10_Metas/24/14/20191024144300_00160.jpg,datasets_cloudmask/dataset_cropped/10_Metas/24/14/20191024144300_00160.png,586.6,917,62.5,20.3,961
10/24/2019 14:44,datasets/dataset_cropped/10_Metas/24/14/20191024144400_00160.jpg,datasets_flow/dataset_cropped/10_Metas/24/14/20191024144400_00160.jpg,datasets_cloudmask/dataset_cropped/10_Metas/24/14/20191024144400_00160.png,586.2,918,62.7,20.3,961
10/24/2019 14:45,datasets/dataset_cropped/10_Metas/24/14/20191024144500_00160.jpg,datasets_flow/dataset_cropped/10_Metas/24/14/20191024144500_00160.jpg,datasets_cloudmask/dataset_cropped/10_Metas/24/14/20191024144500_00160.png,584.7,919,62.5,20.3,961
10/24/2019 14:46,datasets/dataset_cropped/10_Metas/24/14/20191024144600_00160.jpg,datasets_flow/dataset_cropped/10_Metas/24/14/20191024144600_00160.jpg,datasets_cloudmask/dataset_cropped/10_Metas/24/14/20191024144600_00160.png,581.7,917,62,20.1,961
10/24/2019 14:47,datasets/dataset_cropped/10_Metas/24/14/20191024144700_00160.jpg,datasets_flow/dataset_cropped/10_Metas/24/14/20191024144700_00160.jpg,datasets_cloudmask/dataset_cropped/10_Metas/24/14/20191024144700_00160.png,579.4,916,61.7,20.1,961
10/24/2019 14:48,datasets/dataset_cropped/10_Metas/24/14/20191024144800_00160.jpg,datasets_flow/dataset_cropped/10_Metas/24/14/20191024144800_00160.jpg,datasets_cloudmask/dataset_cropped/10_Metas/24/14/20191024144800_00160.png,578,916,61.6,20.3,961
10/24/2019 14:49,datasets/dataset_cropped/10_Metas/24/14/20191024144900_00160.jpg,datasets_flow/dataset_cropped/10_Metas/24/14/20191024144900_00160.jpg,datasets_cloudmask/dataset_cropped/10_Metas/24/14/20191024144900_00160.png,575,913,61.5,20.4,961
10/24/2019 14:50,datasets/dataset_cropped/10_Metas/24/14/20191024145000_00160.jpg,datasets_flow/dataset_cropped/10_Metas/24/14/20191024145000_00160.jpg,datasets_cloudmask/dataset_cropped/10_Metas/24/14/20191024145000_00160.png,572.9,912,61.5,20.6,961
10/24/2019 14:51,datasets/dataset_cropped/10_Metas/24/14/20191024145100_00160.jpg,datasets_flow/dataset_cropped/10_Metas/24/14/20191024145100_00160.jpg,datasets_cloudmask/dataset_cropped/10_Metas/24/14/20191024145100_00160.png,571.9,913,61.4,20.8,961
10/24/2019 14:52,datasets/dataset_cropped/10_Metas/24/14/20191024145200_00160.jpg,datasets_flow/dataset_cropped/10_Metas/24/14/20191024145200_00160.jpg,datasets_cloudmask/dataset_cropped/10_Metas/24/14/20191024145200_00160.png,569.5,911,61.4,20.7,961
10/24/2019 14:53,datasets/dataset_cropped/10_Metas/24/14/20191024145300_00160.jpg,datasets_flow/dataset_cropped/10_Metas/24/14/20191024145300_00160.jpg,datasets_cloudmask/dataset_cropped/10_Metas/24/14/20191024145300_00160.png,568.4,912,61.4,20.5,961
10/24/2019 14:54,datasets/dataset_cropped/10_Metas/24/14/20191024145400_00160.jpg,datasets_flow/dataset_cropped/10_Metas/24/14/20191024145400_00160.jpg,datasets_cloudmask/dataset_cropped/10_Metas/24/14/20191024145400_00160.png,567.3,913,61.4,20.4,961
10/24/2019 14:55,datasets/dataset_cropped/10_Metas/24/14/20191024145500_00160.jpg,datasets_flow/dataset_cropped/10_Metas/24/14/20191024145500_00160.jpg,datasets_cloudmask/dataset_cropped/10_Metas/24/14/20191024145500_00160.png,563.6,909,61.3,20.6,961
10/24/2019 14:56,datasets/dataset_cropped/10_Metas/24/14/20191024145600_00160.jpg,datasets_flow/dataset_cropped/10_Metas/24/14/20191024145600_00160.jpg,datasets_cloudmask/dataset_cropped/10_Metas/24/14/20191024145600_00160.png,562.1,909,61.6,20.5,961
10/24/2019 14:57,datasets/dataset_cropped/10_Metas/24/14/20191024145700_00160.jpg,datasets_flow/dataset_cropped/10_Metas/24/14/20191024145700_00160.jpg,datasets_cloudmask/dataset_cropped/10_Metas/24/14/20191024145700_00160.png,559.1,907,61.4,20.6,961
10/24/2019 14:58,datasets/dataset_cropped/10_Metas/24/14/20191024145800_00160.jpg,datasets_flow/dataset_cropped/10_Metas/24/14/20191024145800_00160.jpg,datasets_cloudmask/dataset_cropped/10_Metas/24/14/20191024145800_00160.png,557.9,907,61.4,20.7,961
10/24/2019 14:59,datasets/dataset_cropped/10_Metas/24/14/20191024145900_00160.jpg,datasets_flow/dataset_cropped/10_Metas/24/14/20191024145900_00160.jpg,datasets_cloudmask/dataset_cropped/10_Metas/24/14/20191024145900_00160.png,556.9,909,61.2,20.6,961
10/24/2019 15:00,datasets/dataset_cropped/10_Metas/24/15/20191024150000_00160.jpg,datasets_flow/dataset_cropped/10_Metas/24/15/20191024150000_00160.jpg,datasets_cloudmask/dataset_cropped/10_Metas/24/15/20191024150000_00160.png,554.2,907,61.2,20.6,961
10/24/2019 15:01,datasets/dataset_cropped/10_Metas/24/15/20191024150100_00160.jpg,datasets_flow/dataset_cropped/10_Metas/24/15/20191024150100_00160.jpg,datasets_cloudmask/dataset_cropped/10_Metas/24/15/20191024150100_00160.png,552,906,61.1,20.5,961
10/24/2019 15:02,datasets/dataset_cropped/10_Metas/24/15/20191024150200_00160.jpg,datasets_flow/dataset_cropped/10_Metas/24/15/20191024150200_00160.jpg,datasets_cloudmask/dataset_cropped/10_Metas/24/15/20191024150200_00160.png,550.2,905,61.2,20.5,962
10/24/2019 15:03,datasets/dataset_cropped/10_Metas/24/15/20191024150300_00160.jpg,datasets_flow/dataset_cropped/10_Metas/24/15/20191024150300_00160.jpg,datasets_cloudmask/dataset_cropped/10_Metas/24/15/20191024150300_00160.png,547.8,904,61.3,20.5,961
10/24/2019 15:04,datasets/dataset_cropped/10_Metas/24/15/20191024150400_00160.jpg,datasets_flow/dataset_cropped/10_Metas/24/15/20191024150400_00160.jpg,datasets_cloudmask/dataset_cropped/10_Metas/24/15/20191024150400_00160.png,544.4,902,61.1,20.4,961
10/24/2019 15:05,datasets/dataset_cropped/10_Metas/24/15/20191024150500_00160.jpg,datasets_flow/dataset_cropped/10_Metas/24/15/20191024150500_00160.jpg,datasets_cloudmask/dataset_cropped/10_Metas/24/15/20191024150500_00160.png,542,900,61.1,20.3,961
10/24/2019 15:06,datasets/dataset_cropped/10_Metas/24/15/20191024150600_00160.jpg,datasets_flow/dataset_cropped/10_Metas/24/15/20191024150600_00160.jpg,datasets_cloudmask/dataset_cropped/10_Metas/24/15/20191024150600_00160.png,540.1,899,61.3,20.4,961
10/24/2019 15:07,datasets/dataset_cropped/10_Metas/24/15/20191024150700_00160.jpg,datasets_flow/dataset_cropped/10_Metas/24/15/20191024150700_00160.jpg,datasets_cloudmask/dataset_cropped/10_Metas/24/15/20191024150700_00160.png,538.9,900,61.1,20.7,961
10/24/2019 15:08,datasets/dataset_cropped/10_Metas/24/15/20191024150800_00160.jpg,datasets_flow/dataset_cropped/10_Metas/24/15/20191024150800_00160.jpg,datasets_cloudmask/dataset_cropped/10_Metas/24/15/20191024150800_00160.png,535.4,897,60.9,20.9,961
10/24/2019 15:09,datasets/dataset_cropped/10_Metas/24/15/20191024150900_00160.jpg,datasets_flow/dataset_cropped/10_Metas/24/15/20191024150900_00160.jpg,datasets_cloudmask/dataset_cropped/10_Metas/24/15/20191024150900_00160.png,533.1,896,60.9,20.9,961
10/24/2019 15:10,datasets/dataset_cropped/10_Metas/24/15/20191024151000_00160.jpg,datasets_flow/dataset_cropped/10_Metas/24/15/20191024151000_00160.jpg,datasets_cloudmask/dataset_cropped/10_Metas/24/15/20191024151000_00160.png,531.8,897,60.7,20.8,961
10/24/2019 15:11,datasets/dataset_cropped/10_Metas/24/15/20191024151100_00160.jpg,datasets_flow/dataset_cropped/10_Metas/24/15/20191024151100_00160.jpg,datasets_cloudmask/dataset_cropped/10_Metas/24/15/20191024151100_00160.png,529.3,895,60.8,20.6,962
10/24/2019 15:12,datasets/dataset_cropped/10_Metas/24/15/20191024151200_00160.jpg,datasets_flow/dataset_cropped/10_Metas/24/15/20191024151200_00160.jpg,datasets_cloudmask/dataset_cropped/10_Metas/24/15/20191024151200_00160.png,526,892,60.8,20.5,961
10/24/2019 15:13,datasets/dataset_cropped/10_Metas/24/15/20191024151300_00160.jpg,datasets_flow/dataset_cropped/10_Metas/24/15/20191024151300_00160.jpg,datasets_cloudmask/dataset_cropped/10_Metas/24/15/20191024151300_00160.png,523.5,891,60.7,20.6,961
10/24/2019 15:14,datasets/dataset_cropped/10_Metas/24/15/20191024151400_00160.jpg,datasets_flow/dataset_cropped/10_Metas/24/15/20191024151400_00160.jpg,datasets_cloudmask/dataset_cropped/10_Metas/24/15/20191024151400_00160.png,520.5,888,60.5,20.6,961
10/24/2019 15:15,datasets/dataset_cropped/10_Metas/24/15/20191024151500_00160.jpg,datasets_flow/dataset_cropped/10_Metas/24/15/20191024151500_00160.jpg,datasets_cloudmask/dataset_cropped/10_Metas/24/15/20191024151500_00160.png,517.9,887,60.7,20.5,961
10/24/2019 15:16,datasets/dataset_cropped/10_Metas/24/15/20191024151600_00160.jpg,datasets_flow/dataset_cropped/10_Metas/24/15/20191024151600_00160.jpg,datasets_cloudmask/dataset_cropped/10_Metas/24/15/20191024151600_00160.png,515.5,886,60.8,20.5,961
10/24/2019 15:17,datasets/dataset_cropped/10_Metas/24/15/20191024151700_00160.jpg,datasets_flow/dataset_cropped/10_Metas/24/15/20191024151700_00160.jpg,datasets_cloudmask/dataset_cropped/10_Metas/24/15/20191024151700_00160.png,513.8,886,60.8,20.5,961
10/24/2019 15:18,datasets/dataset_cropped/10_Metas/24/15/20191024151800_00160.jpg,datasets_flow/dataset_cropped/10_Metas/24/15/20191024151800_00160.jpg,datasets_cloudmask/dataset_cropped/10_Metas/24/15/20191024151800_00160.png,511.6,886,60.4,20.6,962
10/24/2019 15:19,datasets/dataset_cropped/10_Metas/24/15/20191024151900_00160.jpg,datasets_flow/dataset_cropped/10_Metas/24/15/20191024151900_00160.jpg,datasets_cloudmask/dataset_cropped/10_Metas/24/15/20191024151900_00160.png,509.6,885,60.4,20.7,961
10/24/2019 15:20,datasets/dataset_cropped/10_Metas/24/15/20191024152000_00160.jpg,datasets_flow/dataset_cropped/10_Metas/24/15/20191024152000_00160.jpg,datasets_cloudmask/dataset_cropped/10_Metas/24/15/20191024152000_00160.png,506.9,884,59.9,20.9,961
10/24/2019 15:21,datasets/dataset_cropped/10_Metas/24/15/20191024152100_00160.jpg,datasets_flow/dataset_cropped/10_Metas/24/15/20191024152100_00160.jpg,datasets_cloudmask/dataset_cropped/10_Metas/24/15/20191024152100_00160.png,504.5,883,59.9,20.6,962
10/24/2019 15:22,datasets/dataset_cropped/10_Metas/24/15/20191024152200_00160.jpg,datasets_flow/dataset_cropped/10_Metas/24/15/20191024152200_00160.jpg,datasets_cloudmask/dataset_cropped/10_Metas/24/15/20191024152200_00160.png,502.8,883,59.6,20.9,961
10/24/2019 15:23,datasets/dataset_cropped/10_Metas/24/15/20191024152300_00160.jpg,datasets_flow/dataset_cropped/10_Metas/24/15/20191024152300_00160.jpg,datasets_cloudmask/dataset_cropped/10_Metas/24/15/20191024152300_00160.png,500.9,883,59.5,20.8,961
10/24/2019 15:24,datasets/dataset_cropped/10_Metas/24/15/20191024152400_00160.jpg,datasets_flow/dataset_cropped/10_Metas/24/15/20191024152400_00160.jpg,datasets_cloudmask/dataset_cropped/10_Metas/24/15/20191024152400_00160.png,498.1,881,59.4,20.9,962
10/24/2019 15:25,datasets/dataset_cropped/10_Metas/24/15/20191024152500_00160.jpg,datasets_flow/dataset_cropped/10_Metas/24/15/20191024152500_00160.jpg,datasets_cloudmask/dataset_cropped/10_Metas/24/15/20191024152500_00160.png,495.4,879,59.4,21,961
10/24/2019 15:26,datasets/dataset_cropped/10_Metas/24/15/20191024152600_00160.jpg,datasets_flow/dataset_cropped/10_Metas/24/15/20191024152600_00160.jpg,datasets_cloudmask/dataset_cropped/10_Metas/24/15/20191024152600_00160.png,493.6,880,59.4,20.9,961
10/24/2019 15:27,datasets/dataset_cropped/10_Metas/24/15/20191024152700_00160.jpg,datasets_flow/dataset_cropped/10_Metas/24/15/20191024152700_00160.jpg,datasets_cloudmask/dataset_cropped/10_Metas/24/15/20191024152700_00160.png,491.3,880,59.1,20.9,961
10/24/2019 15:28,datasets/dataset_cropped/10_Metas/24/15/20191024152800_00160.jpg,datasets_flow/dataset_cropped/10_Metas/24/15/20191024152800_00160.jpg,datasets_cloudmask/dataset_cropped/10_Metas/24/15/20191024152800_00160.png,489.1,880,58.8,20.9,962
10/24/2019 15:29,datasets/dataset_cropped/10_Metas/24/15/20191024152900_00160.jpg,datasets_flow/dataset_cropped/10_Metas/24/15/20191024152900_00160.jpg,datasets_cloudmask/dataset_cropped/10_Metas/24/15/20191024152900_00160.png,486.2,878,58.7,21,962
10/24/2019 15:30,datasets/dataset_cropped/10_Metas/24/15/20191024153000_00160.jpg,datasets_flow/dataset_cropped/10_Metas/24/15/20191024153000_00160.jpg,datasets_cloudmask/dataset_cropped/10_Metas/24/15/20191024153000_00160.png,483.4,876,58.5,21,961
10/24/2019 15:31,datasets/dataset_cropped/10_Metas/24/15/20191024153100_00160.jpg,datasets_flow/dataset_cropped/10_Metas/24/15/20191024153100_00160.jpg,datasets_cloudmask/dataset_cropped/10_Metas/24/15/20191024153100_00160.png,480.6,874,58.6,20.9,962
10/24/2019 15:32,datasets/dataset_cropped/10_Metas/24/15/20191024153200_00160.jpg,datasets_flow/dataset_cropped/10_Metas/24/15/20191024153200_00160.jpg,datasets_cloudmask/dataset_cropped/10_Metas/24/15/20191024153200_00160.png,477.8,873,58.5,20.5,961
10/24/2019 15:33,datasets/dataset_cropped/10_Metas/24/15/20191024153300_00160.jpg,datasets_flow/dataset_cropped/10_Metas/24/15/20191024153300_00160.jpg,datasets_cloudmask/dataset_cropped/10_Metas/24/15/20191024153300_00160.png,475.5,872,58.3,20.3,962
10/24/2019 15:34,datasets/dataset_cropped/10_Metas/24/15/20191024153400_00160.jpg,datasets_flow/dataset_cropped/10_Metas/24/15/20191024153400_00160.jpg,datasets_cloudmask/dataset_cropped/10_Metas/24/15/20191024153400_00160.png,473.5,873,58.2,20.6,962
10/24/2019 15:35,datasets/dataset_cropped/10_Metas/24/15/20191024153500_00160.jpg,datasets_flow/dataset_cropped/10_Metas/24/15/20191024153500_00160.jpg,datasets_cloudmask/dataset_cropped/10_Metas/24/15/20191024153500_00160.png,471.3,873,57.9,20.7,962
10/24/2019 15:36,datasets/dataset_cropped/10_Metas/24/15/20191024153600_00160.jpg,datasets_flow/dataset_cropped/10_Metas/24/15/20191024153600_00160.jpg,datasets_cloudmask/dataset_cropped/10_Metas/24/15/20191024153600_00160.png,468.8,872,57.9,20.7,962
10/24/2019 15:37,datasets/dataset_cropped/10_Metas/24/15/20191024153700_00160.jpg,datasets_flow/dataset_cropped/10_Metas/24/15/20191024153700_00160.jpg,datasets_cloudmask/dataset_cropped/10_Metas/24/15/20191024153700_00160.png,465.9,871,57.6,20.6,962
10/24/2019 15:38,datasets/dataset_cropped/10_Metas/24/15/20191024153800_00160.jpg,datasets_flow/dataset_cropped/10_Metas/24/15/20191024153800_00160.jpg,datasets_cloudmask/dataset_cropped/10_Metas/24/15/20191024153800_00160.png,463.7,870,57.5,20.5,962
10/24/2019 15:39,datasets/dataset_cropped/10_Metas/24/15/20191024153900_00160.jpg,datasets_flow/dataset_cropped/10_Metas/24/15/20191024153900_00160.jpg,datasets_cloudmask/dataset_cropped/10_Metas/24/15/20191024153900_00160.png,461,869,57,20.4,962
10/24/2019 15:40,datasets/dataset_cropped/10_Metas/24/15/20191024154000_00160.jpg,datasets_flow/dataset_cropped/10_Metas/24/15/20191024154000_00160.jpg,datasets_cloudmask/dataset_cropped/10_Metas/24/15/20191024154000_00160.png,458.5,869,56.9,20.4,962
10/24/2019 15:41,datasets/dataset_cropped/10_Metas/24/15/20191024154100_00160.jpg,datasets_flow/dataset_cropped/10_Metas/24/15/20191024154100_00160.jpg,datasets_cloudmask/dataset_cropped/10_Metas/24/15/20191024154100_00160.png,455.7,867,56.5,20.5,962
10/24/2019 15:42,datasets/dataset_cropped/10_Metas/24/15/20191024154200_00160.jpg,datasets_flow/dataset_cropped/10_Metas/24/15/20191024154200_00160.jpg,datasets_cloudmask/dataset_cropped/10_Metas/24/15/20191024154200_00160.png,453.5,867,56.2,20.6,962
10/24/2019 15:43,datasets/dataset_cropped/10_Metas/24/15/20191024154300_00160.jpg,datasets_flow/dataset_cropped/10_Metas/24/15/20191024154300_00160.jpg,datasets_cloudmask/dataset_cropped/10_Metas/24/15/20191024154300_00160.png,451.1,866,56.2,20.7,962
10/24/2019 15:44,datasets/dataset_cropped/10_Metas/24/15/20191024154400_00160.jpg,datasets_flow/dataset_cropped/10_Metas/24/15/20191024154400_00160.jpg,datasets_cloudmask/dataset_cropped/10_Metas/24/15/20191024154400_00160.png,448.7,866,56.1,20.9,962
10/24/2019 15:45,datasets/dataset_cropped/10_Metas/24/15/20191024154500_00160.jpg,datasets_flow/dataset_cropped/10_Metas/24/15/20191024154500_00160.jpg,datasets_cloudmask/dataset_cropped/10_Metas/24/15/20191024154500_00160.png,445.4,863,55.9,21,962
10/24/2019 15:46,datasets/dataset_cropped/10_Metas/24/15/20191024154600_00160.jpg,datasets_flow/dataset_cropped/10_Metas/24/15/20191024154600_00160.jpg,datasets_cloudmask/dataset_cropped/10_Metas/24/15/20191024154600_00160.png,441.9,860,55.6,21,962
10/24/2019 15:47,datasets/dataset_cropped/10_Metas/24/15/20191024154700_00160.jpg,datasets_flow/dataset_cropped/10_Metas/24/15/20191024154700_00160.jpg,datasets_cloudmask/dataset_cropped/10_Metas/24/15/20191024154700_00160.png,439.6,860,55.4,20.7,962
10/24/2019 15:48,datasets/dataset_cropped/10_Metas/24/15/20191024154800_00160.jpg,datasets_flow/dataset_cropped/10_Metas/24/15/20191024154800_00160.jpg,datasets_cloudmask/dataset_cropped/10_Metas/24/15/20191024154800_00160.png,436.9,858,55.3,20.6,962
10/24/2019 15:49,datasets/dataset_cropped/10_Metas/24/15/20191024154900_00160.jpg,datasets_flow/dataset_cropped/10_Metas/24/15/20191024154900_00160.jpg,datasets_cloudmask/dataset_cropped/10_Metas/24/15/20191024154900_00160.png,432.9,854,55.2,20.5,962
10/24/2019 15:50,datasets/dataset_cropped/10_Metas/24/15/20191024155000_00160.jpg,datasets_flow/dataset_cropped/10_Metas/24/15/20191024155000_00160.jpg,datasets_cloudmask/dataset_cropped/10_Metas/24/15/20191024155000_00160.png,429.7,852,54.9,20.6,962
10/24/2019 15:51,datasets/dataset_cropped/10_Metas/24/15/20191024155100_00160.jpg,datasets_flow/dataset_cropped/10_Metas/24/15/20191024155100_00160.jpg,datasets_cloudmask/dataset_cropped/10_Metas/24/15/20191024155100_00160.png,429.1,856,54.8,20.6,962
10/24/2019 15:52,datasets/dataset_cropped/10_Metas/24/15/20191024155200_00160.jpg,datasets_flow/dataset_cropped/10_Metas/24/15/20191024155200_00160.jpg,datasets_cloudmask/dataset_cropped/10_Metas/24/15/20191024155200_00160.png,426.8,855,54.6,20.6,962
10/24/2019 15:53,datasets/dataset_cropped/10_Metas/24/15/20191024155300_00160.jpg,datasets_flow/dataset_cropped/10_Metas/24/15/20191024155300_00160.jpg,datasets_cloudmask/dataset_cropped/10_Metas/24/15/20191024155300_00160.png,424.2,855,54.5,20.3,962
10/24/2019 15:54,datasets/dataset_cropped/10_Metas/24/15/20191024155400_00160.jpg,datasets_flow/dataset_cropped/10_Metas/24/15/20191024155400_00160.jpg,datasets_cloudmask/dataset_cropped/10_Metas/24/15/20191024155400_00160.png,421.1,853,54.3,20.1,962
10/24/2019 15:55,datasets/dataset_cropped/10_Metas/24/15/20191024155500_00160.jpg,datasets_flow/dataset_cropped/10_Metas/24/15/20191024155500_00160.jpg,datasets_cloudmask/dataset_cropped/10_Metas/24/15/20191024155500_00160.png,418.4,852,54.2,20.1,962
10/24/2019 15:56,datasets/dataset_cropped/10_Metas/24/15/20191024155600_00160.jpg,datasets_flow/dataset_cropped/10_Metas/24/15/20191024155600_00160.jpg,datasets_cloudmask/dataset_cropped/10_Metas/24/15/20191024155600_00160.png,415,849,54.1,20.2,962
10/24/2019 15:57,datasets/dataset_cropped/10_Metas/24/15/20191024155700_00160.jpg,datasets_flow/dataset_cropped/10_Metas/24/15/20191024155700_00160.jpg,datasets_cloudmask/dataset_cropped/10_Metas/24/15/20191024155700_00160.png,411.5,846,53.9,20.3,962
10/24/2019 15:58,datasets/dataset_cropped/10_Metas/24/15/20191024155800_00160.jpg,datasets_flow/dataset_cropped/10_Metas/24/15/20191024155800_00160.jpg,datasets_cloudmask/dataset_cropped/10_Metas/24/15/20191024155800_00160.png,409.1,846,53.6,20.2,962
10/24/2019 15:59,datasets/dataset_cropped/10_Metas/24/15/20191024155900_00160.jpg,datasets_flow/dataset_cropped/10_Metas/24/15/20191024155900_00160.jpg,datasets_cloudmask/dataset_cropped/10_Metas/24/15/20191024155900_00160.png,406.1,844,53.3,20.1,962
10/24/2019 16:00,datasets/dataset_cropped/10_Metas/24/16/20191024160000_00160.jpg,datasets_flow/dataset_cropped/10_Metas/24/16/20191024160000_00160.jpg,datasets_cloudmask/dataset_cropped/10_Metas/24/16/20191024160000_00160.png,404.1,845,53.1,20.1,962
10/24/2019 16:01,datasets/dataset_cropped/10_Metas/24/16/20191024160100_00160.jpg,datasets_flow/dataset_cropped/10_Metas/24/16/20191024160100_00160.jpg,datasets_cloudmask/dataset_cropped/10_Metas/24/16/20191024160100_00160.png,401.3,843,53.1,20,962
10/24/2019 16:02,datasets/dataset_cropped/10_Metas/24/16/20191024160200_00160.jpg,datasets_flow/dataset_cropped/10_Metas/24/16/20191024160200_00160.jpg,datasets_cloudmask/dataset_cropped/10_Metas/24/16/20191024160200_00160.png,398.3,842,53.1,20.1,962
10/24/2019 16:03,datasets/dataset_cropped/10_Metas/24/16/20191024160300_00160.jpg,datasets_flow/dataset_cropped/10_Metas/24/16/20191024160300_00160.jpg,datasets_cloudmask/dataset_cropped/10_Metas/24/16/20191024160300_00160.png,395.3,841,52.7,20.1,962
10/24/2019 16:04,datasets/dataset_cropped/10_Metas/24/16/20191024160400_00160.jpg,datasets_flow/dataset_cropped/10_Metas/24/16/20191024160400_00160.jpg,datasets_cloudmask/dataset_cropped/10_Metas/24/16/20191024160400_00160.png,392.5,839,52.4,20.2,962
10/24/2019 16:05,datasets/dataset_cropped/10_Metas/24/16/20191024160500_00160.jpg,datasets_flow/dataset_cropped/10_Metas/24/16/20191024160500_00160.jpg,datasets_cloudmask/dataset_cropped/10_Metas/24/16/20191024160500_00160.png,389.3,837,52.1,20.2,962
10/24/2019 16:06,datasets/dataset_cropped/10_Metas/24/16/20191024160600_00160.jpg,datasets_flow/dataset_cropped/10_Metas/24/16/20191024160600_00160.jpg,datasets_cloudmask/dataset_cropped/10_Metas/24/16/20191024160600_00160.png,386.3,835,52,20.1,962
10/24/2019 16:07,datasets/dataset_cropped/10_Metas/24/16/20191024160700_00160.jpg,datasets_flow/dataset_cropped/10_Metas/24/16/20191024160700_00160.jpg,datasets_cloudmask/dataset_cropped/10_Metas/24/16/20191024160700_00160.png,384.7,837,51.9,20.1,962
10/24/2019 16:08,datasets/dataset_cropped/10_Metas/24/16/20191024160800_00160.jpg,datasets_flow/dataset_cropped/10_Metas/24/16/20191024160800_00160.jpg,datasets_cloudmask/dataset_cropped/10_Metas/24/16/20191024160800_00160.png,382.1,836,51.8,20.2,962
10/24/2019 16:09,datasets/dataset_cropped/10_Metas/24/16/20191024160900_00160.jpg,datasets_flow/dataset_cropped/10_Metas/24/16/20191024160900_00160.jpg,datasets_cloudmask/dataset_cropped/10_Metas/24/16/20191024160900_00160.png,378.6,833,51.6,20.3,962
10/24/2019 16:10,datasets/dataset_cropped/10_Metas/24/16/20191024161000_00160.jpg,datasets_flow/dataset_cropped/10_Metas/24/16/20191024161000_00160.jpg,datasets_cloudmask/dataset_cropped/10_Metas/24/16/20191024161000_00160.png,375.6,831,51.5,20.4,962
10/24/2019 16:11,datasets/dataset_cropped/10_Metas/24/16/20191024161100_00160.jpg,datasets_flow/dataset_cropped/10_Metas/24/16/20191024161100_00160.jpg,datasets_cloudmask/dataset_cropped/10_Metas/24/16/20191024161100_00160.png,372.7,829,51.5,20.3,962
10/24/2019 16:12,datasets/dataset_cropped/10_Metas/24/16/20191024161200_00160.jpg,datasets_flow/dataset_cropped/10_Metas/24/16/20191024161200_00160.jpg,datasets_cloudmask/dataset_cropped/10_Metas/24/16/20191024161200_00160.png,370.2,829,51.2,20.2,962
10/24/2019 16:13,datasets/dataset_cropped/10_Metas/24/16/20191024161300_00160.jpg,datasets_flow/dataset_cropped/10_Metas/24/16/20191024161300_00160.jpg,datasets_cloudmask/dataset_cropped/10_Metas/24/16/20191024161300_00160.png,367.2,827,50.9,20.2,962
10/24/2019 16:14,datasets/dataset_cropped/10_Metas/24/16/20191024161400_00160.jpg,datasets_flow/dataset_cropped/10_Metas/24/16/20191024161400_00160.jpg,datasets_cloudmask/dataset_cropped/10_Metas/24/16/20191024161400_00160.png,363.7,824,50.8,20.2,962
10/24/2019 16:15,datasets/dataset_cropped/10_Metas/24/16/20191024161500_00160.jpg,datasets_flow/dataset_cropped/10_Metas/24/16/20191024161500_00160.jpg,datasets_cloudmask/dataset_cropped/10_Metas/24/16/20191024161500_00160.png,360.4,822,50.7,19.9,962
10/24/2019 16:16,datasets/dataset_cropped/10_Metas/24/16/20191024161600_00160.jpg,datasets_flow/dataset_cropped/10_Metas/24/16/20191024161600_00160.jpg,datasets_cloudmask/dataset_cropped/10_Metas/24/16/20191024161600_00160.png,357.5,821,50.4,19.9,962
10/24/2019 16:17,datasets/dataset_cropped/10_Metas/24/16/20191024161700_00160.jpg,datasets_flow/dataset_cropped/10_Metas/24/16/20191024161700_00160.jpg,datasets_cloudmask/dataset_cropped/10_Metas/24/16/20191024161700_00160.png,354.2,818,50.2,19.9,962
10/24/2019 16:18,datasets/dataset_cropped/10_Metas/24/16/20191024161800_00160.jpg,datasets_flow/dataset_cropped/10_Metas/24/16/20191024161800_00160.jpg,datasets_cloudmask/dataset_cropped/10_Metas/24/16/20191024161800_00160.png,350.1,813,49.9,20.1,962
10/24/2019 16:19,datasets/dataset_cropped/10_Metas/24/16/20191024161900_00160.jpg,datasets_flow/dataset_cropped/10_Metas/24/16/20191024161900_00160.jpg,datasets_cloudmask/dataset_cropped/10_Metas/24/16/20191024161900_00160.png,347.6,812,49.7,20.3,962
10/24/2019 16:20,datasets/dataset_cropped/10_Metas/24/16/20191024162000_00160.jpg,datasets_flow/dataset_cropped/10_Metas/24/16/20191024162000_00160.jpg,datasets_cloudmask/dataset_cropped/10_Metas/24/16/20191024162000_00160.png,345,811,49.4,20.4,962
10/24/2019 16:21,datasets/dataset_cropped/10_Metas/24/16/20191024162100_00160.jpg,datasets_flow/dataset_cropped/10_Metas/24/16/20191024162100_00160.jpg,datasets_cloudmask/dataset_cropped/10_Metas/24/16/20191024162100_00160.png,342.6,811,49.2,20.1,962
10/24/2019 16:22,datasets/dataset_cropped/10_Metas/24/16/20191024162200_00160.jpg,datasets_flow/dataset_cropped/10_Metas/24/16/20191024162200_00160.jpg,datasets_cloudmask/dataset_cropped/10_Metas/24/16/20191024162200_00160.png,339.3,808,49.1,19.9,962
10/24/2019 16:23,datasets/dataset_cropped/10_Metas/24/16/20191024162300_00160.jpg,datasets_flow/dataset_cropped/10_Metas/24/16/20191024162300_00160.jpg,datasets_cloudmask/dataset_cropped/10_Metas/24/16/20191024162300_00160.png,336.3,806,49,19.7,962
10/24/2019 16:24,datasets/dataset_cropped/10_Metas/24/16/20191024162400_00160.jpg,datasets_flow/dataset_cropped/10_Metas/24/16/20191024162400_00160.jpg,datasets_cloudmask/dataset_cropped/10_Metas/24/16/20191024162400_00160.png,333.4,805,48.8,19.6,962
10/24/2019 16:25,datasets/dataset_cropped/10_Metas/24/16/20191024162500_00160.jpg,datasets_flow/dataset_cropped/10_Metas/24/16/20191024162500_00160.jpg,datasets_cloudmask/dataset_cropped/10_Metas/24/16/20191024162500_00160.png,330.7,803,48.5,19.5,962
10/24/2019 16:26,datasets/dataset_cropped/10_Metas/24/16/20191024162600_00160.jpg,datasets_flow/dataset_cropped/10_Metas/24/16/20191024162600_00160.jpg,datasets_cloudmask/dataset_cropped/10_Metas/24/16/20191024162600_00160.png,327.7,801,48.4,19.5,962
10/24/2019 16:27,datasets/dataset_cropped/10_Metas/24/16/20191024162700_00160.jpg,datasets_flow/dataset_cropped/10_Metas/24/16/20191024162700_00160.jpg,datasets_cloudmask/dataset_cropped/10_Metas/24/16/20191024162700_00160.png,325,801,48.2,19.6,962
10/24/2019 16:28,datasets/dataset_cropped/10_Metas/24/16/20191024162800_00160.jpg,datasets_flow/dataset_cropped/10_Metas/24/16/20191024162800_00160.jpg,datasets_cloudmask/dataset_cropped/10_Metas/24/16/20191024162800_00160.png,322.2,799.5,48.2,19.5,962
10/24/2019 16:29,datasets/dataset_cropped/10_Metas/24/16/20191024162900_00160.jpg,datasets_flow/dataset_cropped/10_Metas/24/16/20191024162900_00160.jpg,datasets_cloudmask/dataset_cropped/10_Metas/24/16/20191024162900_00160.png,318.9,796.7,48.1,19.5,962
10/24/2019 16:30,datasets/dataset_cropped/10_Metas/24/16/20191024163000_00160.jpg,datasets_flow/dataset_cropped/10_Metas/24/16/20191024163000_00160.jpg,datasets_cloudmask/dataset_cropped/10_Metas/24/16/20191024163000_00160.png,315.9,794.6,48,19.4,962
10/24/2019 16:31,datasets/dataset_cropped/10_Metas/24/16/20191024163100_00160.jpg,datasets_flow/dataset_cropped/10_Metas/24/16/20191024163100_00160.jpg,datasets_cloudmask/dataset_cropped/10_Metas/24/16/20191024163100_00160.png,312.4,791.2,47.9,19.6,962
10/24/2019 16:32,datasets/dataset_cropped/10_Metas/24/16/20191024163200_00160.jpg,datasets_flow/dataset_cropped/10_Metas/24/16/20191024163200_00160.jpg,datasets_cloudmask/dataset_cropped/10_Metas/24/16/20191024163200_00160.png,309.4,789,47.7,19.8,962
10/24/2019 16:33,datasets/dataset_cropped/10_Metas/24/16/20191024163300_00160.jpg,datasets_flow/dataset_cropped/10_Metas/24/16/20191024163300_00160.jpg,datasets_cloudmask/dataset_cropped/10_Metas/24/16/20191024163300_00160.png,306.2,787.1,47.4,19.9,962
10/24/2019 16:34,datasets/dataset_cropped/10_Metas/24/16/20191024163400_00160.jpg,datasets_flow/dataset_cropped/10_Metas/24/16/20191024163400_00160.jpg,datasets_cloudmask/dataset_cropped/10_Metas/24/16/20191024163400_00160.png,302.7,784,47.1,19.8,962
10/24/2019 16:35,datasets/dataset_cropped/10_Metas/24/16/20191024163500_00160.jpg,datasets_flow/dataset_cropped/10_Metas/24/16/20191024163500_00160.jpg,datasets_cloudmask/dataset_cropped/10_Metas/24/16/20191024163500_00160.png,299.6,781.3,46.9,19.7,962
10/24/2019 16:36,datasets/dataset_cropped/10_Metas/24/16/20191024163600_00160.jpg,datasets_flow/dataset_cropped/10_Metas/24/16/20191024163600_00160.jpg,datasets_cloudmask/dataset_cropped/10_Metas/24/16/20191024163600_00160.png,295.9,776.7,46.8,19.6,962
10/24/2019 16:37,datasets/dataset_cropped/10_Metas/24/16/20191024163700_00160.jpg,datasets_flow/dataset_cropped/10_Metas/24/16/20191024163700_00160.jpg,datasets_cloudmask/dataset_cropped/10_Metas/24/16/20191024163700_00160.png,293.1,775.1,46.6,19.4,962
10/24/2019 16:38,datasets/dataset_cropped/10_Metas/24/16/20191024163800_00160.jpg,datasets_flow/dataset_cropped/10_Metas/24/16/20191024163800_00160.jpg,datasets_cloudmask/dataset_cropped/10_Metas/24/16/20191024163800_00160.png,290.2,773.4,46.3,19.3,962
10/24/2019 16:39,datasets/dataset_cropped/10_Metas/24/16/20191024163900_00160.jpg,datasets_flow/dataset_cropped/10_Metas/24/16/20191024163900_00160.jpg,datasets_cloudmask/dataset_cropped/10_Metas/24/16/20191024163900_00160.png,287.1,770.9,46.1,19.2,962
10/24/2019 16:40,datasets/dataset_cropped/10_Metas/24/16/20191024164000_00160.jpg,datasets_flow/dataset_cropped/10_Metas/24/16/20191024164000_00160.jpg,datasets_cloudmask/dataset_cropped/10_Metas/24/16/20191024164000_00160.png,283.9,768.6,45.9,19.1,962
10/24/2019 16:41,datasets/dataset_cropped/10_Metas/24/16/20191024164100_00160.jpg,datasets_flow/dataset_cropped/10_Metas/24/16/20191024164100_00160.jpg,datasets_cloudmask/dataset_cropped/10_Metas/24/16/20191024164100_00160.png,280.7,765.6,45.8,19.3,962
10/24/2019 16:42,datasets/dataset_cropped/10_Metas/24/16/20191024164200_00160.jpg,datasets_flow/dataset_cropped/10_Metas/24/16/20191024164200_00160.jpg,datasets_cloudmask/dataset_cropped/10_Metas/24/16/20191024164200_00160.png,277.3,762.4,45.6,19.4,962
10/24/2019 16:43,datasets/dataset_cropped/10_Metas/24/16/20191024164300_00160.jpg,datasets_flow/dataset_cropped/10_Metas/24/16/20191024164300_00160.jpg,datasets_cloudmask/dataset_cropped/10_Metas/24/16/20191024164300_00160.png,273.9,759.3,45.4,19.3,962
10/24/2019 16:44,datasets/dataset_cropped/10_Metas/24/16/20191024164400_00160.jpg,datasets_flow/dataset_cropped/10_Metas/24/16/20191024164400_00160.jpg,datasets_cloudmask/dataset_cropped/10_Metas/24/16/20191024164400_00160.png,270.2,754.9,45.2,19.3,962
10/24/2019 16:45,datasets/dataset_cropped/10_Metas/24/16/20191024164500_00160.jpg,datasets_flow/dataset_cropped/10_Metas/24/16/20191024164500_00160.jpg,datasets_cloudmask/dataset_cropped/10_Metas/24/16/20191024164500_00160.png,267,752.1,45,19.3,962
10/24/2019 16:46,datasets/dataset_cropped/10_Metas/24/16/20191024164600_00160.jpg,datasets_flow/dataset_cropped/10_Metas/24/16/20191024164600_00160.jpg,datasets_cloudmask/dataset_cropped/10_Metas/24/16/20191024164600_00160.png,264.2,750.7,44.7,19.3,962
10/24/2019 16:47,datasets/dataset_cropped/10_Metas/24/16/20191024164700_00160.jpg,datasets_flow/dataset_cropped/10_Metas/24/16/20191024164700_00160.jpg,datasets_cloudmask/dataset_cropped/10_Metas/24/16/20191024164700_00160.png,261.2,748.9,44.5,19.3,962
10/24/2019 16:48,datasets/dataset_cropped/10_Metas/24/16/20191024164800_00160.jpg,datasets_flow/dataset_cropped/10_Metas/24/16/20191024164800_00160.jpg,datasets_cloudmask/dataset_cropped/10_Metas/24/16/20191024164800_00160.png,257.7,744.9,44.2,19.2,962
10/24/2019 16:49,datasets/dataset_cropped/10_Metas/24/16/20191024164900_00160.jpg,datasets_flow/dataset_cropped/10_Metas/24/16/20191024164900_00160.jpg,datasets_cloudmask/dataset_cropped/10_Metas/24/16/20191024164900_00160.png,254.3,741,44.2,19.1,962
10/24/2019 16:50,datasets/dataset_cropped/10_Metas/24/16/20191024165000_00160.jpg,datasets_flow/dataset_cropped/10_Metas/24/16/20191024165000_00160.jpg,datasets_cloudmask/dataset_cropped/10_Metas/24/16/20191024165000_00160.png,250.8,736.5,44,19.2,962
10/24/2019 16:51,datasets/dataset_cropped/10_Metas/24/16/20191024165100_00160.jpg,datasets_flow/dataset_cropped/10_Metas/24/16/20191024165100_00160.jpg,datasets_cloudmask/dataset_cropped/10_Metas/24/16/20191024165100_00160.png,246.7,730.9,43.7,19.1,962
10/24/2019 16:52,datasets/dataset_cropped/10_Metas/24/16/20191024165200_00160.jpg,datasets_flow/dataset_cropped/10_Metas/24/16/20191024165200_00160.jpg,datasets_cloudmask/dataset_cropped/10_Metas/24/16/20191024165200_00160.png,243.3,726.8,43.4,19.1,962
10/24/2019 16:53,datasets/dataset_cropped/10_Metas/24/16/20191024165300_00160.jpg,datasets_flow/dataset_cropped/10_Metas/24/16/20191024165300_00160.jpg,datasets_cloudmask/dataset_cropped/10_Metas/24/16/20191024165300_00160.png,240.3,724.6,43.1,19.1,962
10/24/2019 16:54,datasets/dataset_cropped/10_Metas/24/16/20191024165400_00160.jpg,datasets_flow/dataset_cropped/10_Metas/24/16/20191024165400_00160.jpg,datasets_cloudmask/dataset_cropped/10_Metas/24/16/20191024165400_00160.png,237.6,723.2,43,19.3,962
10/24/2019 16:55,datasets/dataset_cropped/10_Metas/24/16/20191024165500_00160.jpg,datasets_flow/dataset_cropped/10_Metas/24/16/20191024165500_00160.jpg,datasets_cloudmask/dataset_cropped/10_Metas/24/16/20191024165500_00160.png,234.7,721.3,42.8,19.3,962
10/24/2019 16:56,datasets/dataset_cropped/10_Metas/24/16/20191024165600_00160.jpg,datasets_flow/dataset_cropped/10_Metas/24/16/20191024165600_00160.jpg,datasets_cloudmask/dataset_cropped/10_Metas/24/16/20191024165600_00160.png,231.5,718.1,42.4,19.3,963
10/24/2019 16:57,datasets/dataset_cropped/10_Metas/24/16/20191024165700_00160.jpg,datasets_flow/dataset_cropped/10_Metas/24/16/20191024165700_00160.jpg,datasets_cloudmask/dataset_cropped/10_Metas/24/16/20191024165700_00160.png,227.7,712.9,42.2,19.2,962
10/24/2019 16:58,datasets/dataset_cropped/10_Metas/24/16/20191024165800_00160.jpg,datasets_flow/dataset_cropped/10_Metas/24/16/20191024165800_00160.jpg,datasets_cloudmask/dataset_cropped/10_Metas/24/16/20191024165800_00160.png,224.4,709.1,41.8,19.2,963
10/24/2019 16:59,datasets/dataset_cropped/10_Metas/24/16/20191024165900_00160.jpg,datasets_flow/dataset_cropped/10_Metas/24/16/20191024165900_00160.jpg,datasets_cloudmask/dataset_cropped/10_Metas/24/16/20191024165900_00160.png,221.2,705.9,41.5,19.2,962
10/24/2019 17:00,datasets/dataset_cropped/10_Metas/24/17/20191024170000_00160.jpg,datasets_flow/dataset_cropped/10_Metas/24/17/20191024170000_00160.jpg,datasets_cloudmask/dataset_cropped/10_Metas/24/17/20191024170000_00160.png,218.1,702.6,41.3,19.3,962
10/24/2019 17:01,datasets/dataset_cropped/10_Metas/24/17/20191024170100_00160.jpg,datasets_flow/dataset_cropped/10_Metas/24/17/20191024170100_00160.jpg,datasets_cloudmask/dataset_cropped/10_Metas/24/17/20191024170100_00160.png,214.7,698.7,41,19.3,962
10/24/2019 17:02,datasets/dataset_cropped/10_Metas/24/17/20191024170200_00160.jpg,datasets_flow/dataset_cropped/10_Metas/24/17/20191024170200_00160.jpg,datasets_cloudmask/dataset_cropped/10_Metas/24/17/20191024170200_00160.png,211.6,695.8,40.7,19.3,962
10/24/2019 17:03,datasets/dataset_cropped/10_Metas/24/17/20191024170300_00160.jpg,datasets_flow/dataset_cropped/10_Metas/24/17/20191024170300_00160.jpg,datasets_cloudmask/dataset_cropped/10_Metas/24/17/20191024170300_00160.png,208.6,693,40.4,19.3,962
10/24/2019 17:04,datasets/dataset_cropped/10_Metas/24/17/20191024170400_00160.jpg,datasets_flow/dataset_cropped/10_Metas/24/17/20191024170400_00160.jpg,datasets_cloudmask/dataset_cropped/10_Metas/24/17/20191024170400_00160.png,205.3,688.9,40.2,19.2,962
10/24/2019 17:05,datasets/dataset_cropped/10_Metas/24/17/20191024170500_00160.jpg,datasets_flow/dataset_cropped/10_Metas/24/17/20191024170500_00160.jpg,datasets_cloudmask/dataset_cropped/10_Metas/24/17/20191024170500_00160.png,201.8,684.6,39.8,19.2,962
10/24/2019 17:06,datasets/dataset_cropped/10_Metas/24/17/20191024170600_00160.jpg,datasets_flow/dataset_cropped/10_Metas/24/17/20191024170600_00160.jpg,datasets_cloudmask/dataset_cropped/10_Metas/24/17/20191024170600_00160.png,197.8,678,39.5,19.1,962
10/24/2019 17:07,datasets/dataset_cropped/10_Metas/24/17/20191024170700_00160.jpg,datasets_flow/dataset_cropped/10_Metas/24/17/20191024170700_00160.jpg,datasets_cloudmask/dataset_cropped/10_Metas/24/17/20191024170700_00160.png,194.8,674.7,39.1,19.1,963
10/24/2019 17:08,datasets/dataset_cropped/10_Metas/24/17/20191024170800_00160.jpg,datasets_flow/dataset_cropped/10_Metas/24/17/20191024170800_00160.jpg,datasets_cloudmask/dataset_cropped/10_Metas/24/17/20191024170800_00160.png,191.8,672.3,38.9,19.1,963
10/24/2019 17:09,datasets/dataset_cropped/10_Metas/24/17/20191024170900_00160.jpg,datasets_flow/dataset_cropped/10_Metas/24/17/20191024170900_00160.jpg,datasets_cloudmask/dataset_cropped/10_Metas/24/17/20191024170900_00160.png,188.7,668.7,38.6,19.2,962
10/24/2019 17:10,datasets/dataset_cropped/10_Metas/24/17/20191024171000_00160.jpg,datasets_flow/dataset_cropped/10_Metas/24/17/20191024171000_00160.jpg,datasets_cloudmask/dataset_cropped/10_Metas/24/17/20191024171000_00160.png,185.4,664.5,38.3,19.2,962
10/24/2019 17:11,datasets/dataset_cropped/10_Metas/24/17/20191024171100_00160.jpg,datasets_flow/dataset_cropped/10_Metas/24/17/20191024171100_00160.jpg,datasets_cloudmask/dataset_cropped/10_Metas/24/17/20191024171100_00160.png,182.2,660.9,37.9,19.3,963
10/24/2019 17:12,datasets/dataset_cropped/10_Metas/24/17/20191024171200_00160.jpg,datasets_flow/dataset_cropped/10_Metas/24/17/20191024171200_00160.jpg,datasets_cloudmask/dataset_cropped/10_Metas/24/17/20191024171200_00160.png,179.1,657.7,37.5,19.2,962
10/24/2019 17:13,datasets/dataset_cropped/10_Metas/24/17/20191024171300_00160.jpg,datasets_flow/dataset_cropped/10_Metas/24/17/20191024171300_00160.jpg,datasets_cloudmask/dataset_cropped/10_Metas/24/17/20191024171300_00160.png,175.5,652.4,37,19.2,962
10/24/2019 17:14,datasets/dataset_cropped/10_Metas/24/17/20191024171400_00160.jpg,datasets_flow/dataset_cropped/10_Metas/24/17/20191024171400_00160.jpg,datasets_cloudmask/dataset_cropped/10_Metas/24/17/20191024171400_00160.png,172.1,648.1,36.6,19.2,963
10/24/2019 17:15,datasets/dataset_cropped/10_Metas/24/17/20191024171500_00160.jpg,datasets_flow/dataset_cropped/10_Metas/24/17/20191024171500_00160.jpg,datasets_cloudmask/dataset_cropped/10_Metas/24/17/20191024171500_00160.png,169,644.1,36.2,19.2,962
10/24/2019 17:16,datasets/dataset_cropped/10_Metas/24/17/20191024171600_00160.jpg,datasets_flow/dataset_cropped/10_Metas/24/17/20191024171600_00160.jpg,datasets_cloudmask/dataset_cropped/10_Metas/24/17/20191024171600_00160.png,165.8,639.4,35.8,19.1,962
10/24/2019 17:17,datasets/dataset_cropped/10_Metas/24/17/20191024171700_00160.jpg,datasets_flow/dataset_cropped/10_Metas/24/17/20191024171700_00160.jpg,datasets_cloudmask/dataset_cropped/10_Metas/24/17/20191024171700_00160.png,162.5,634.8,35.5,19.1,962
10/24/2019 17:18,datasets/dataset_cropped/10_Metas/24/17/20191024171800_00160.jpg,datasets_flow/dataset_cropped/10_Metas/24/17/20191024171800_00160.jpg,datasets_cloudmask/dataset_cropped/10_Metas/24/17/20191024171800_00160.png,159.2,629.9,35.1,19,962
10/24/2019 17:19,datasets/dataset_cropped/10_Metas/24/17/20191024171900_00160.jpg,datasets_flow/dataset_cropped/10_Metas/24/17/20191024171900_00160.jpg,datasets_cloudmask/dataset_cropped/10_Metas/24/17/20191024171900_00160.png,156,625.7,34.8,19,962
10/24/2019 17:20,datasets/dataset_cropped/10_Metas/24/17/20191024172000_00160.jpg,datasets_flow/dataset_cropped/10_Metas/24/17/20191024172000_00160.jpg,datasets_cloudmask/dataset_cropped/10_Metas/24/17/20191024172000_00160.png,153,621.9,34.4,19.1,962
10/24/2019 17:21,datasets/dataset_cropped/10_Metas/24/17/20191024172100_00160.jpg,datasets_flow/dataset_cropped/10_Metas/24/17/20191024172100_00160.jpg,datasets_cloudmask/dataset_cropped/10_Metas/24/17/20191024172100_00160.png,149.8,617.2,34,19.2,962
10/24/2019 17:22,datasets/dataset_cropped/10_Metas/24/17/20191024172200_00160.jpg,datasets_flow/dataset_cropped/10_Metas/24/17/20191024172200_00160.jpg,datasets_cloudmask/dataset_cropped/10_Metas/24/17/20191024172200_00160.png,146.6,612,33.7,19.2,963
10/24/2019 17:23,datasets/dataset_cropped/10_Metas/24/17/20191024172300_00160.jpg,datasets_flow/dataset_cropped/10_Metas/24/17/20191024172300_00160.jpg,datasets_cloudmask/dataset_cropped/10_Metas/24/17/20191024172300_00160.png,143.1,605.8,33.2,19.2,963
10/24/2019 17:24,datasets/dataset_cropped/10_Metas/24/17/20191024172400_00160.jpg,datasets_flow/dataset_cropped/10_Metas/24/17/20191024172400_00160.jpg,datasets_cloudmask/dataset_cropped/10_Metas/24/17/20191024172400_00160.png,140,600.7,32.8,19.3,963
10/24/2019 17:25,datasets/dataset_cropped/10_Metas/24/17/20191024172500_00160.jpg,datasets_flow/dataset_cropped/10_Metas/24/17/20191024172500_00160.jpg,datasets_cloudmask/dataset_cropped/10_Metas/24/17/20191024172500_00160.png,136.9,596.1,32.5,19.2,962
10/24/2019 17:26,datasets/dataset_cropped/10_Metas/24/17/20191024172600_00160.jpg,datasets_flow/dataset_cropped/10_Metas/24/17/20191024172600_00160.jpg,datasets_cloudmask/dataset_cropped/10_Metas/24/17/20191024172600_00160.png,133.8,589.4,32.1,19.2,963
10/24/2019 17:27,datasets/dataset_cropped/10_Metas/24/17/20191024172700_00160.jpg,datasets_flow/dataset_cropped/10_Metas/24/17/20191024172700_00160.jpg,datasets_cloudmask/dataset_cropped/10_Metas/24/17/20191024172700_00160.png,130.7,585.5,31.8,19.3,963
10/24/2019 17:28,datasets/dataset_cropped/10_Metas/24/17/20191024172800_00160.jpg,datasets_flow/dataset_cropped/10_Metas/24/17/20191024172800_00160.jpg,datasets_cloudmask/dataset_cropped/10_Metas/24/17/20191024172800_00160.png,127.4,579.4,31.4,19.4,963
10/24/2019 17:29,datasets/dataset_cropped/10_Metas/24/17/20191024172900_00160.jpg,datasets_flow/dataset_cropped/10_Metas/24/17/20191024172900_00160.jpg,datasets_cloudmask/dataset_cropped/10_Metas/24/17/20191024172900_00160.png,124.3,574.4,31,19.6,963
10/24/2019 17:30,datasets/dataset_cropped/10_Metas/24/17/20191024173000_00160.jpg,datasets_flow/dataset_cropped/10_Metas/24/17/20191024173000_00160.jpg,datasets_cloudmask/dataset_cropped/10_Metas/24/17/20191024173000_00160.png,121.3,568.6,30.6,19.6,963
10/24/2019 17:31,datasets/dataset_cropped/10_Metas/24/17/20191024173100_00160.jpg,datasets_flow/dataset_cropped/10_Metas/24/17/20191024173100_00160.jpg,datasets_cloudmask/dataset_cropped/10_Metas/24/17/20191024173100_00160.png,118,561.2,30.2,19.7,963
10/24/2019 17:32,datasets/dataset_cropped/10_Metas/24/17/20191024173200_00160.jpg,datasets_flow/dataset_cropped/10_Metas/24/17/20191024173200_00160.jpg,datasets_cloudmask/dataset_cropped/10_Metas/24/17/20191024173200_00160.png,114.7,554.1,29.9,19.7,963
10/24/2019 17:33,datasets/dataset_cropped/10_Metas/24/17/20191024173300_00160.jpg,datasets_flow/dataset_cropped/10_Metas/24/17/20191024173300_00160.jpg,datasets_cloudmask/dataset_cropped/10_Metas/24/17/20191024173300_00160.png,111.7,548.9,29.4,19.7,963
10/24/2019 17:34,datasets/dataset_cropped/10_Metas/24/17/20191024173400_00160.jpg,datasets_flow/dataset_cropped/10_Metas/24/17/20191024173400_00160.jpg,datasets_cloudmask/dataset_cropped/10_Metas/24/17/20191024173400_00160.png,108.4,531.6,29,19.6,963
10/24/2019 17:35,datasets/dataset_cropped/10_Metas/24/17/20191024173500_00160.jpg,datasets_flow/dataset_cropped/10_Metas/24/17/20191024173500_00160.jpg,datasets_cloudmask/dataset_cropped/10_Metas/24/17/20191024173500_00160.png,105.3,534.1,28.6,19.6,963
10/24/2019 17:36,datasets/dataset_cropped/10_Metas/24/17/20191024173600_00160.jpg,datasets_flow/dataset_cropped/10_Metas/24/17/20191024173600_00160.jpg,datasets_cloudmask/dataset_cropped/10_Metas/24/17/20191024173600_00160.png,102.5,527.6,28.2,19.7,963
10/24/2019 17:37,datasets/dataset_cropped/10_Metas/24/17/20191024173700_00160.jpg,datasets_flow/dataset_cropped/10_Metas/24/17/20191024173700_00160.jpg,datasets_cloudmask/dataset_cropped/10_Metas/24/17/20191024173700_00160.png,99.5,521.5,27.8,19.8,963
10/24/2019 17:38,datasets/dataset_cropped/10_Metas/24/17/20191024173800_00160.jpg,datasets_flow/dataset_cropped/10_Metas/24/17/20191024173800_00160.jpg,datasets_cloudmask/dataset_cropped/10_Metas/24/17/20191024173800_00160.png,96.2,513.4,27.3,19.8,963
10/24/2019 17:39,datasets/dataset_cropped/10_Metas/24/17/20191024173900_00160.jpg,datasets_flow/dataset_cropped/10_Metas/24/17/20191024173900_00160.jpg,datasets_cloudmask/dataset_cropped/10_Metas/24/17/20191024173900_00160.png,93.3,506.5,27,19.7,963
10/24/2019 17:40,datasets/dataset_cropped/10_Metas/24/17/20191024174000_00160.jpg,datasets_flow/dataset_cropped/10_Metas/24/17/20191024174000_00160.jpg,datasets_cloudmask/dataset_cropped/10_Metas/24/17/20191024174000_00160.png,90.2,499.3,26.4,19.7,963
10/24/2019 17:41,datasets/dataset_cropped/10_Metas/24/17/20191024174100_00160.jpg,datasets_flow/dataset_cropped/10_Metas/24/17/20191024174100_00160.jpg,datasets_cloudmask/dataset_cropped/10_Metas/24/17/20191024174100_00160.png,87.1,491,25.9,19.5,963
10/24/2019 17:42,datasets/dataset_cropped/10_Metas/24/17/20191024174200_00160.jpg,datasets_flow/dataset_cropped/10_Metas/24/17/20191024174200_00160.jpg,datasets_cloudmask/dataset_cropped/10_Metas/24/17/20191024174200_00160.png,84.1,482.9,25.4,19.4,963
10/24/2019 17:43,datasets/dataset_cropped/10_Metas/24/17/20191024174300_00160.jpg,datasets_flow/dataset_cropped/10_Metas/24/17/20191024174300_00160.jpg,datasets_cloudmask/dataset_cropped/10_Metas/24/17/20191024174300_00160.png,81.1,473.9,24.8,19.1,963
10/24/2019 17:44,datasets/dataset_cropped/10_Metas/24/17/20191024174400_00160.jpg,datasets_flow/dataset_cropped/10_Metas/24/17/20191024174400_00160.jpg,datasets_cloudmask/dataset_cropped/10_Metas/24/17/20191024174400_00160.png,78,464.4,24.2,18.7,963
10/24/2019 17:45,datasets/dataset_cropped/10_Metas/24/17/20191024174500_00160.jpg,datasets_flow/dataset_cropped/10_Metas/24/17/20191024174500_00160.jpg,datasets_cloudmask/dataset_cropped/10_Metas/24/17/20191024174500_00160.png,75.4,457.5,23.7,18.4,963
10/24/2019 17:46,datasets/dataset_cropped/10_Metas/24/17/20191024174600_00160.jpg,datasets_flow/dataset_cropped/10_Metas/24/17/20191024174600_00160.jpg,datasets_cloudmask/dataset_cropped/10_Metas/24/17/20191024174600_00160.png,72.7,449.7,23.3,18.3,963
10/24/2019 17:47,datasets/dataset_cropped/10_Metas/24/17/20191024174700_00160.jpg,datasets_flow/dataset_cropped/10_Metas/24/17/20191024174700_00160.jpg,datasets_cloudmask/dataset_cropped/10_Metas/24/17/20191024174700_00160.png,70,441.8,22.9,18.3,963
10/24/2019 17:48,datasets/dataset_cropped/10_Metas/24/17/20191024174800_00160.jpg,datasets_flow/dataset_cropped/10_Metas/24/17/20191024174800_00160.jpg,datasets_cloudmask/dataset_cropped/10_Metas/24/17/20191024174800_00160.png,67.2,433.1,22.4,18.3,963
10/24/2019 17:49,datasets/dataset_cropped/10_Metas/24/17/20191024174900_00160.jpg,datasets_flow/dataset_cropped/10_Metas/24/17/20191024174900_00160.jpg,datasets_cloudmask/dataset_cropped/10_Metas/24/17/20191024174900_00160.png,64.4,423.8,21.9,18.3,963
10/24/2019 17:50,datasets/dataset_cropped/10_Metas/24/17/20191024175000_00160.jpg,datasets_flow/dataset_cropped/10_Metas/24/17/20191024175000_00160.jpg,datasets_cloudmask/dataset_cropped/10_Metas/24/17/20191024175000_00160.png,61.5,412.9,21.4,18.2,963
10/24/2019 17:51,datasets/dataset_cropped/10_Metas/24/17/20191024175100_00160.jpg,datasets_flow/dataset_cropped/10_Metas/24/17/20191024175100_00160.jpg,datasets_cloudmask/dataset_cropped/10_Metas/24/17/20191024175100_00160.png,58.8,403.7,20.9,18.2,963
10/24/2019 17:52,datasets/dataset_cropped/10_Metas/24/17/20191024175200_00160.jpg,datasets_flow/dataset_cropped/10_Metas/24/17/20191024175200_00160.jpg,datasets_cloudmask/dataset_cropped/10_Metas/24/17/20191024175200_00160.png,56.2,395,20.4,18.2,963
10/24/2019 17:53,datasets/dataset_cropped/10_Metas/24/17/20191024175300_00160.jpg,datasets_flow/dataset_cropped/10_Metas/24/17/20191024175300_00160.jpg,datasets_cloudmask/dataset_cropped/10_Metas/24/17/20191024175300_00160.png,53.7,387.7,19.8,18.1,963
10/24/2019 17:54,datasets/dataset_cropped/10_Metas/24/17/20191024175400_00160.jpg,datasets_flow/dataset_cropped/10_Metas/24/17/20191024175400_00160.jpg,datasets_cloudmask/dataset_cropped/10_Metas/24/17/20191024175400_00160.png,51.1,377.9,19.3,18.1,963
10/24/2019 17:55,datasets/dataset_cropped/10_Metas/24/17/20191024175500_00160.jpg,datasets_flow/dataset_cropped/10_Metas/24/17/20191024175500_00160.jpg,datasets_cloudmask/dataset_cropped/10_Metas/24/17/20191024175500_00160.png,48.6,368.1,18.7,18,963
10/24/2019 17:56,datasets/dataset_cropped/10_Metas/24/17/20191024175600_00160.jpg,datasets_flow/dataset_cropped/10_Metas/24/17/20191024175600_00160.jpg,datasets_cloudmask/dataset_cropped/10_Metas/24/17/20191024175600_00160.png,46,357.9,18.1,17.9,963
10/24/2019 17:57,datasets/dataset_cropped/10_Metas/24/17/20191024175700_00160.jpg,datasets_flow/dataset_cropped/10_Metas/24/17/20191024175700_00160.jpg,datasets_cloudmask/dataset_cropped/10_Metas/24/17/20191024175700_00160.png,43.4,348.4,17.5,17.8,963
10/24/2019 17:58,datasets/dataset_cropped/10_Metas/24/17/20191024175800_00160.jpg,datasets_flow/dataset_cropped/10_Metas/24/17/20191024175800_00160.jpg,datasets_cloudmask/dataset_cropped/10_Metas/24/17/20191024175800_00160.png,41.3,340,17,17.7,963
10/24/2019 17:59,datasets/dataset_cropped/10_Metas/24/17/20191024175900_00160.jpg,datasets_flow/dataset_cropped/10_Metas/24/17/20191024175900_00160.jpg,datasets_cloudmask/dataset_cropped/10_Metas/24/17/20191024175900_00160.png,38.9,329.7,16.4,17.6,963
10/24/2019 18:00,datasets/dataset_cropped/10_Metas/24/18/20191024180000_00160.jpg,datasets_flow/dataset_cropped/10_Metas/24/18/20191024180000_00160.jpg,datasets_cloudmask/dataset_cropped/10_Metas/24/18/20191024180000_00160.png,36.7,319.6,15.8,17.6,963
10/24/2019 18:01,datasets/dataset_cropped/10_Metas/24/18/20191024180100_00160.jpg,datasets_flow/dataset_cropped/10_Metas/24/18/20191024180100_00160.jpg,datasets_cloudmask/dataset_cropped/10_Metas/24/18/20191024180100_00160.png,34.4,308.5,15.2,17.6,963
10/24/2019 18:02,datasets/dataset_cropped/10_Metas/24/18/20191024180200_00160.jpg,datasets_flow/dataset_cropped/10_Metas/24/18/20191024180200_00160.jpg,datasets_cloudmask/dataset_cropped/10_Metas/24/18/20191024180200_00160.png,32.1,295.4,14.6,17.5,963
10/24/2019 18:03,datasets/dataset_cropped/10_Metas/24/18/20191024180300_00160.jpg,datasets_flow/dataset_cropped/10_Metas/24/18/20191024180300_00160.jpg,datasets_cloudmask/dataset_cropped/10_Metas/24/18/20191024180300_00160.png,29.8,283.1,14,17.4,963
10/24/2019 18:04,datasets/dataset_cropped/10_Metas/24/18/20191024180400_00160.jpg,datasets_flow/dataset_cropped/10_Metas/24/18/20191024180400_00160.jpg,datasets_cloudmask/dataset_cropped/10_Metas/24/18/20191024180400_00160.png,27.8,272.8,13.3,17.4,963
10/24/2019 18:05,datasets/dataset_cropped/10_Metas/24/18/20191024180500_00160.jpg,datasets_flow/dataset_cropped/10_Metas/24/18/20191024180500_00160.jpg,datasets_cloudmask/dataset_cropped/10_Metas/24/18/20191024180500_00160.png,25.8,261.3,12.7,17.3,963
10/24/2019 18:06,datasets/dataset_cropped/10_Metas/24/18/20191024180600_00160.jpg,datasets_flow/dataset_cropped/10_Metas/24/18/20191024180600_00160.jpg,datasets_cloudmask/dataset_cropped/10_Metas/24/18/20191024180600_00160.png,23.8,247.9,12.1,17.2,963
10/24/2019 18:07,datasets/dataset_cropped/10_Metas/24/18/20191024180700_00160.jpg,datasets_flow/dataset_cropped/10_Metas/24/18/20191024180700_00160.jpg,datasets_cloudmask/dataset_cropped/10_Metas/24/18/20191024180700_00160.png,21.9,236.7,11.5,17.1,963
10/24/2019 18:08,datasets/dataset_cropped/10_Metas/24/18/20191024180800_00160.jpg,datasets_flow/dataset_cropped/10_Metas/24/18/20191024180800_00160.jpg,datasets_cloudmask/dataset_cropped/10_Metas/24/18/20191024180800_00160.png,20.1,225.3,10.9,17.1,963
10/24/2019 18:09,datasets/dataset_cropped/10_Metas/24/18/20191024180900_00160.jpg,datasets_flow/dataset_cropped/10_Metas/24/18/20191024180900_00160.jpg,datasets_cloudmask/dataset_cropped/10_Metas/24/18/20191024180900_00160.png,18.4,213,10.3,17,963
10/24/2019 18:10,datasets/dataset_cropped/10_Metas/24/18/20191024181000_00160.jpg,datasets_flow/dataset_cropped/10_Metas/24/18/20191024181000_00160.jpg,datasets_cloudmask/dataset_cropped/10_Metas/24/18/20191024181000_00160.png,16.6,197.4,9.7,16.9,963
10/24/2019 18:11,datasets/dataset_cropped/10_Metas/24/18/20191024181100_00160.jpg,datasets_flow/dataset_cropped/10_Metas/24/18/20191024181100_00160.jpg,datasets_cloudmask/dataset_cropped/10_Metas/24/18/20191024181100_00160.png,14.9,182.2,9.1,16.9,964
10/24/2019 18:12,datasets/dataset_cropped/10_Metas/24/18/20191024181200_00160.jpg,datasets_flow/dataset_cropped/10_Metas/24/18/20191024181200_00160.jpg,datasets_cloudmask/dataset_cropped/10_Metas/24/18/20191024181200_00160.png,13.2,158,8.5,16.8,963
10/24/2019 18:13,datasets/dataset_cropped/10_Metas/24/18/20191024181300_00160.jpg,datasets_flow/dataset_cropped/10_Metas/24/18/20191024181300_00160.jpg,datasets_cloudmask/dataset_cropped/10_Metas/24/18/20191024181300_00160.png,10.6,92.3,7.9,16.8,963
10/24/2019 18:14,datasets/dataset_cropped/10_Metas/24/18/20191024181400_00160.jpg,datasets_flow/dataset_cropped/10_Metas/24/18/20191024181400_00160.jpg,datasets_cloudmask/dataset_cropped/10_Metas/24/18/20191024181400_00160.png,8.1,23.2,7.2,16.7,964
10/24/2019 18:15,datasets/dataset_cropped/10_Metas/24/18/20191024181500_00160.jpg,datasets_flow/dataset_cropped/10_Metas/24/18/20191024181500_00160.jpg,datasets_cloudmask/dataset_cropped/10_Metas/24/18/20191024181500_00160.png,6.9,0.1,6.6,16.6,964
10/24/2019 18:16,datasets/dataset_cropped/10_Metas/24/18/20191024181600_00160.jpg,datasets_flow/dataset_cropped/10_Metas/24/18/20191024181600_00160.jpg,datasets_cloudmask/dataset_cropped/10_Metas/24/18/20191024181600_00160.png,6.2,0,6,16.5,964
10/24/2019 18:17,datasets/dataset_cropped/10_Metas/24/18/20191024181700_00160.jpg,datasets_flow/dataset_cropped/10_Metas/24/18/20191024181700_00160.jpg,datasets_cloudmask/dataset_cropped/10_Metas/24/18/20191024181700_00160.png,5.6,0,5.3,16.4,964
10/24/2019 18:18,datasets/dataset_cropped/10_Metas/24/18/20191024181800_00160.jpg,datasets_flow/dataset_cropped/10_Metas/24/18/20191024181800_00160.jpg,datasets_cloudmask/dataset_cropped/10_Metas/24/18/20191024181800_00160.png,5,0,4.7,16.4,964
10/24/2019 18:19,datasets/dataset_cropped/10_Metas/24/18/20191024181900_00160.jpg,datasets_flow/dataset_cropped/10_Metas/24/18/20191024181900_00160.jpg,datasets_cloudmask/dataset_cropped/10_Metas/24/18/20191024181900_00160.png,4.4,0,4.2,16.3,964
10/25/2019 7:28,datasets/dataset_cropped/10_Metas/25/07/20191025072800_00160.jpg,datasets_flow/dataset_cropped/10_Metas/25/07/20191025072800_00160.jpg,datasets_cloudmask/dataset_cropped/10_Metas/25/07/20191025072800_00160.png,4.4,0,4.3,11.7,966
10/25/2019 7:29,datasets/dataset_cropped/10_Metas/25/07/20191025072900_00160.jpg,datasets_flow/dataset_cropped/10_Metas/25/07/20191025072900_00160.jpg,datasets_cloudmask/dataset_cropped/10_Metas/25/07/20191025072900_00160.png,4.8,0,4.7,11.6,966
10/25/2019 7:30,datasets/dataset_cropped/10_Metas/25/07/20191025073000_00160.jpg,datasets_flow/dataset_cropped/10_Metas/25/07/20191025073000_00160.jpg,datasets_cloudmask/dataset_cropped/10_Metas/25/07/20191025073000_00160.png,5.2,0,5.1,11.5,966
10/25/2019 7:31,datasets/dataset_cropped/10_Metas/25/07/20191025073100_00160.jpg,datasets_flow/dataset_cropped/10_Metas/25/07/20191025073100_00160.jpg,datasets_cloudmask/dataset_cropped/10_Metas/25/07/20191025073100_00160.png,5.8,0,5.6,11.3,966
10/25/2019 7:32,datasets/dataset_cropped/10_Metas/25/07/20191025073200_00160.jpg,datasets_flow/dataset_cropped/10_Metas/25/07/20191025073200_00160.jpg,datasets_cloudmask/dataset_cropped/10_Metas/25/07/20191025073200_00160.png,6.4,0,6.3,11.2,966
10/25/2019 7:33,datasets/dataset_cropped/10_Metas/25/07/20191025073300_00160.jpg,datasets_flow/dataset_cropped/10_Metas/25/07/20191025073300_00160.jpg,datasets_cloudmask/dataset_cropped/10_Metas/25/07/20191025073300_00160.png,7.6,27.5,6.9,11,966
10/25/2019 7:34,datasets/dataset_cropped/10_Metas/25/07/20191025073400_00160.jpg,datasets_flow/dataset_cropped/10_Metas/25/07/20191025073400_00160.jpg,datasets_cloudmask/dataset_cropped/10_Metas/25/07/20191025073400_00160.png,9.8,110.8,7.4,10.9,966
10/25/2019 7:35,datasets/dataset_cropped/10_Metas/25/07/20191025073500_00160.jpg,datasets_flow/dataset_cropped/10_Metas/25/07/20191025073500_00160.jpg,datasets_cloudmask/dataset_cropped/10_Metas/25/07/20191025073500_00160.png,11.8,170.6,8.1,10.7,966
10/25/2019 7:36,datasets/dataset_cropped/10_Metas/25/07/20191025073600_00160.jpg,datasets_flow/dataset_cropped/10_Metas/25/07/20191025073600_00160.jpg,datasets_cloudmask/dataset_cropped/10_Metas/25/07/20191025073600_00160.png,13.7,187.2,8.8,10.7,966
10/25/2019 7:37,datasets/dataset_cropped/10_Metas/25/07/20191025073700_00160.jpg,datasets_flow/dataset_cropped/10_Metas/25/07/20191025073700_00160.jpg,datasets_cloudmask/dataset_cropped/10_Metas/25/07/20191025073700_00160.png,15.3,200.8,9.7,10.7,966
10/25/2019 7:38,datasets/dataset_cropped/10_Metas/25/07/20191025073800_00160.jpg,datasets_flow/dataset_cropped/10_Metas/25/07/20191025073800_00160.jpg,datasets_cloudmask/dataset_cropped/10_Metas/25/07/20191025073800_00160.png,17,213.7,10.4,10.6,966
10/25/2019 7:39,datasets/dataset_cropped/10_Metas/25/07/20191025073900_00160.jpg,datasets_flow/dataset_cropped/10_Metas/25/07/20191025073900_00160.jpg,datasets_cloudmask/dataset_cropped/10_Metas/25/07/20191025073900_00160.png,18.8,227.4,11.1,10.6,966
10/25/2019 7:40,datasets/dataset_cropped/10_Metas/25/07/20191025074000_00160.jpg,datasets_flow/dataset_cropped/10_Metas/25/07/20191025074000_00160.jpg,datasets_cloudmask/dataset_cropped/10_Metas/25/07/20191025074000_00160.png,20.6,241.4,11.7,10.7,966
10/25/2019 7:41,datasets/dataset_cropped/10_Metas/25/07/20191025074100_00160.jpg,datasets_flow/dataset_cropped/10_Metas/25/07/20191025074100_00160.jpg,datasets_cloudmask/dataset_cropped/10_Metas/25/07/20191025074100_00160.png,22.6,254.4,12.5,10.8,966
10/25/2019 7:42,datasets/dataset_cropped/10_Metas/25/07/20191025074200_00160.jpg,datasets_flow/dataset_cropped/10_Metas/25/07/20191025074200_00160.jpg,datasets_cloudmask/dataset_cropped/10_Metas/25/07/20191025074200_00160.png,24.7,268.3,13.3,11,966
10/25/2019 7:43,datasets/dataset_cropped/10_Metas/25/07/20191025074300_00160.jpg,datasets_flow/dataset_cropped/10_Metas/25/07/20191025074300_00160.jpg,datasets_cloudmask/dataset_cropped/10_Metas/25/07/20191025074300_00160.png,26.8,281.4,14.1,11.1,966
10/25/2019 7:44,datasets/dataset_cropped/10_Metas/25/07/20191025074400_00160.jpg,datasets_flow/dataset_cropped/10_Metas/25/07/20191025074400_00160.jpg,datasets_cloudmask/dataset_cropped/10_Metas/25/07/20191025074400_00160.png,28.8,293.1,14.6,11.2,966
10/25/2019 7:45,datasets/dataset_cropped/10_Metas/25/07/20191025074500_00160.jpg,datasets_flow/dataset_cropped/10_Metas/25/07/20191025074500_00160.jpg,datasets_cloudmask/dataset_cropped/10_Metas/25/07/20191025074500_00160.png,30.5,303.4,14.7,11.2,966
10/25/2019 7:46,datasets/dataset_cropped/10_Metas/25/07/20191025074600_00160.jpg,datasets_flow/dataset_cropped/10_Metas/25/07/20191025074600_00160.jpg,datasets_cloudmask/dataset_cropped/10_Metas/25/07/20191025074600_00160.png,32.9,316.8,15.3,11.2,966
10/25/2019 7:47,datasets/dataset_cropped/10_Metas/25/07/20191025074700_00160.jpg,datasets_flow/dataset_cropped/10_Metas/25/07/20191025074700_00160.jpg,datasets_cloudmask/dataset_cropped/10_Metas/25/07/20191025074700_00160.png,35.3,328.5,16.1,11.2,966
10/25/2019 7:48,datasets/dataset_cropped/10_Metas/25/07/20191025074800_00160.jpg,datasets_flow/dataset_cropped/10_Metas/25/07/20191025074800_00160.jpg,datasets_cloudmask/dataset_cropped/10_Metas/25/07/20191025074800_00160.png,37.5,337.6,16.7,11.3,966
10/25/2019 7:49,datasets/dataset_cropped/10_Metas/25/07/20191025074900_00160.jpg,datasets_flow/dataset_cropped/10_Metas/25/07/20191025074900_00160.jpg,datasets_cloudmask/dataset_cropped/10_Metas/25/07/20191025074900_00160.png,39.8,347.4,17.4,11.4,966
10/25/2019 7:50,datasets/dataset_cropped/10_Metas/25/07/20191025075000_00160.jpg,datasets_flow/dataset_cropped/10_Metas/25/07/20191025075000_00160.jpg,datasets_cloudmask/dataset_cropped/10_Metas/25/07/20191025075000_00160.png,42.4,361,18.1,11.5,967
10/25/2019 7:51,datasets/dataset_cropped/10_Metas/25/07/20191025075100_00160.jpg,datasets_flow/dataset_cropped/10_Metas/25/07/20191025075100_00160.jpg,datasets_cloudmask/dataset_cropped/10_Metas/25/07/20191025075100_00160.png,45,372.8,18.7,11.6,967
10/25/2019 7:52,datasets/dataset_cropped/10_Metas/25/07/20191025075200_00160.jpg,datasets_flow/dataset_cropped/10_Metas/25/07/20191025075200_00160.jpg,datasets_cloudmask/dataset_cropped/10_Metas/25/07/20191025075200_00160.png,47.7,381.1,19.7,11.7,967
10/25/2019 7:53,datasets/dataset_cropped/10_Metas/25/07/20191025075300_00160.jpg,datasets_flow/dataset_cropped/10_Metas/25/07/20191025075300_00160.jpg,datasets_cloudmask/dataset_cropped/10_Metas/25/07/20191025075300_00160.png,50.4,390.1,20.5,11.8,966
10/25/2019 7:54,datasets/dataset_cropped/10_Metas/25/07/20191025075400_00160.jpg,datasets_flow/dataset_cropped/10_Metas/25/07/20191025075400_00160.jpg,datasets_cloudmask/dataset_cropped/10_Metas/25/07/20191025075400_00160.png,53.1,400.3,21.2,11.9,966
10/25/2019 7:55,datasets/dataset_cropped/10_Metas/25/07/20191025075500_00160.jpg,datasets_flow/dataset_cropped/10_Metas/25/07/20191025075500_00160.jpg,datasets_cloudmask/dataset_cropped/10_Metas/25/07/20191025075500_00160.png,55.4,410.6,21.5,12,967
10/25/2019 7:56,datasets/dataset_cropped/10_Metas/25/07/20191025075600_00160.jpg,datasets_flow/dataset_cropped/10_Metas/25/07/20191025075600_00160.jpg,datasets_cloudmask/dataset_cropped/10_Metas/25/07/20191025075600_00160.png,57.8,419.7,21.8,12.1,967
10/25/2019 7:57,datasets/dataset_cropped/10_Metas/25/07/20191025075700_00160.jpg,datasets_flow/dataset_cropped/10_Metas/25/07/20191025075700_00160.jpg,datasets_cloudmask/dataset_cropped/10_Metas/25/07/20191025075700_00160.png,60.2,428,22.1,12,967
10/25/2019 7:58,datasets/dataset_cropped/10_Metas/25/07/20191025075800_00160.jpg,datasets_flow/dataset_cropped/10_Metas/25/07/20191025075800_00160.jpg,datasets_cloudmask/dataset_cropped/10_Metas/25/07/20191025075800_00160.png,62.8,435.8,22.4,11.9,967
10/25/2019 7:59,datasets/dataset_cropped/10_Metas/25/07/20191025075900_00160.jpg,datasets_flow/dataset_cropped/10_Metas/25/07/20191025075900_00160.jpg,datasets_cloudmask/dataset_cropped/10_Metas/25/07/20191025075900_00160.png,65.8,444,23,11.8,967
10/25/2019 8:00,datasets/dataset_cropped/10_Metas/25/08/20191025080000_00160.jpg,datasets_flow/dataset_cropped/10_Metas/25/08/20191025080000_00160.jpg,datasets_cloudmask/dataset_cropped/10_Metas/25/08/20191025080000_00160.png,68.9,452.4,23.9,11.7,967
10/25/2019 8:01,datasets/dataset_cropped/10_Metas/25/08/20191025080100_00160.jpg,datasets_flow/dataset_cropped/10_Metas/25/08/20191025080100_00160.jpg,datasets_cloudmask/dataset_cropped/10_Metas/25/08/20191025080100_00160.png,71.9,460.8,24.5,11.7,967
10/25/2019 8:02,datasets/dataset_cropped/10_Metas/25/08/20191025080200_00160.jpg,datasets_flow/dataset_cropped/10_Metas/25/08/20191025080200_00160.jpg,datasets_cloudmask/dataset_cropped/10_Metas/25/08/20191025080200_00160.png,75.1,468.5,25.3,11.8,967
10/25/2019 8:03,datasets/dataset_cropped/10_Metas/25/08/20191025080300_00160.jpg,datasets_flow/dataset_cropped/10_Metas/25/08/20191025080300_00160.jpg,datasets_cloudmask/dataset_cropped/10_Metas/25/08/20191025080300_00160.png,78.2,477.6,26,11.9,967
10/25/2019 8:04,datasets/dataset_cropped/10_Metas/25/08/20191025080400_00160.jpg,datasets_flow/dataset_cropped/10_Metas/25/08/20191025080400_00160.jpg,datasets_cloudmask/dataset_cropped/10_Metas/25/08/20191025080400_00160.png,81.2,485.2,26.6,12,967
10/25/2019 8:05,datasets/dataset_cropped/10_Metas/25/08/20191025080500_00160.jpg,datasets_flow/dataset_cropped/10_Metas/25/08/20191025080500_00160.jpg,datasets_cloudmask/dataset_cropped/10_Metas/25/08/20191025080500_00160.png,84.4,493.6,27.4,12.2,967
10/25/2019 8:06,datasets/dataset_cropped/10_Metas/25/08/20191025080600_00160.jpg,datasets_flow/dataset_cropped/10_Metas/25/08/20191025080600_00160.jpg,datasets_cloudmask/dataset_cropped/10_Metas/25/08/20191025080600_00160.png,87.5,501.2,28.1,12.4,967
10/25/2019 8:07,datasets/dataset_cropped/10_Metas/25/08/20191025080700_00160.jpg,datasets_flow/dataset_cropped/10_Metas/25/08/20191025080700_00160.jpg,datasets_cloudmask/dataset_cropped/10_Metas/25/08/20191025080700_00160.png,90.5,508.7,28.7,12.4,967
10/25/2019 8:08,datasets/dataset_cropped/10_Metas/25/08/20191025080800_00160.jpg,datasets_flow/dataset_cropped/10_Metas/25/08/20191025080800_00160.jpg,datasets_cloudmask/dataset_cropped/10_Metas/25/08/20191025080800_00160.png,93.6,515.8,29.3,12.3,967
10/25/2019 8:09,datasets/dataset_cropped/10_Metas/25/08/20191025080900_00160.jpg,datasets_flow/dataset_cropped/10_Metas/25/08/20191025080900_00160.jpg,datasets_cloudmask/dataset_cropped/10_Metas/25/08/20191025080900_00160.png,96.9,524.5,29.9,12.4,967
10/25/2019 8:10,datasets/dataset_cropped/10_Metas/25/08/20191025081000_00160.jpg,datasets_flow/dataset_cropped/10_Metas/25/08/20191025081000_00160.jpg,datasets_cloudmask/dataset_cropped/10_Metas/25/08/20191025081000_00160.png,99.9,531.7,30.4,12.4,967
10/25/2019 8:11,datasets/dataset_cropped/10_Metas/25/08/20191025081100_00160.jpg,datasets_flow/dataset_cropped/10_Metas/25/08/20191025081100_00160.jpg,datasets_cloudmask/dataset_cropped/10_Metas/25/08/20191025081100_00160.png,103,538.7,30.9,12.4,967
10/25/2019 8:12,datasets/dataset_cropped/10_Metas/25/08/20191025081200_00160.jpg,datasets_flow/dataset_cropped/10_Metas/25/08/20191025081200_00160.jpg,datasets_cloudmask/dataset_cropped/10_Metas/25/08/20191025081200_00160.png,106.1,545.5,31.4,12.5,967
10/25/2019 8:13,datasets/dataset_cropped/10_Metas/25/08/20191025081300_00160.jpg,datasets_flow/dataset_cropped/10_Metas/25/08/20191025081300_00160.jpg,datasets_cloudmask/dataset_cropped/10_Metas/25/08/20191025081300_00160.png,109.3,551.8,32,12.7,967
10/25/2019 8:14,datasets/dataset_cropped/10_Metas/25/08/20191025081400_00160.jpg,datasets_flow/dataset_cropped/10_Metas/25/08/20191025081400_00160.jpg,datasets_cloudmask/dataset_cropped/10_Metas/25/08/20191025081400_00160.png,112.6,559,32.6,12.9,967
10/25/2019 8:15,datasets/dataset_cropped/10_Metas/25/08/20191025081500_00160.jpg,datasets_flow/dataset_cropped/10_Metas/25/08/20191025081500_00160.jpg,datasets_cloudmask/dataset_cropped/10_Metas/25/08/20191025081500_00160.png,115.8,565.7,33,13.1,967
10/25/2019 8:16,datasets/dataset_cropped/10_Metas/25/08/20191025081600_00160.jpg,datasets_flow/dataset_cropped/10_Metas/25/08/20191025081600_00160.jpg,datasets_cloudmask/dataset_cropped/10_Metas/25/08/20191025081600_00160.png,119,572,33.5,13.2,967
10/25/2019 8:17,datasets/dataset_cropped/10_Metas/25/08/20191025081700_00160.jpg,datasets_flow/dataset_cropped/10_Metas/25/08/20191025081700_00160.jpg,datasets_cloudmask/dataset_cropped/10_Metas/25/08/20191025081700_00160.png,122.4,579.3,34,13.3,967
10/25/2019 8:18,datasets/dataset_cropped/10_Metas/25/08/20191025081800_00160.jpg,datasets_flow/dataset_cropped/10_Metas/25/08/20191025081800_00160.jpg,datasets_cloudmask/dataset_cropped/10_Metas/25/08/20191025081800_00160.png,125.6,586.1,34.3,13.4,967
10/25/2019 8:19,datasets/dataset_cropped/10_Metas/25/08/20191025081900_00160.jpg,datasets_flow/dataset_cropped/10_Metas/25/08/20191025081900_00160.jpg,datasets_cloudmask/dataset_cropped/10_Metas/25/08/20191025081900_00160.png,128.6,591.5,34.6,13.5,967
10/25/2019 8:20,datasets/dataset_cropped/10_Metas/25/08/20191025082000_00160.jpg,datasets_flow/dataset_cropped/10_Metas/25/08/20191025082000_00160.jpg,datasets_cloudmask/dataset_cropped/10_Metas/25/08/20191025082000_00160.png,132,597.8,35,13.6,967
10/25/2019 8:21,datasets/dataset_cropped/10_Metas/25/08/20191025082100_00160.jpg,datasets_flow/dataset_cropped/10_Metas/25/08/20191025082100_00160.jpg,datasets_cloudmask/dataset_cropped/10_Metas/25/08/20191025082100_00160.png,135.1,603.2,35.2,13.8,967
10/25/2019 8:22,datasets/dataset_cropped/10_Metas/25/08/20191025082200_00160.jpg,datasets_flow/dataset_cropped/10_Metas/25/08/20191025082200_00160.jpg,datasets_cloudmask/dataset_cropped/10_Metas/25/08/20191025082200_00160.png,138,608.5,35.4,13.9,967
10/25/2019 8:23,datasets/dataset_cropped/10_Metas/25/08/20191025082300_00160.jpg,datasets_flow/dataset_cropped/10_Metas/25/08/20191025082300_00160.jpg,datasets_cloudmask/dataset_cropped/10_Metas/25/08/20191025082300_00160.png,140.9,613.9,35.7,14.1,967
10/25/2019 8:24,datasets/dataset_cropped/10_Metas/25/08/20191025082400_00160.jpg,datasets_flow/dataset_cropped/10_Metas/25/08/20191025082400_00160.jpg,datasets_cloudmask/dataset_cropped/10_Metas/25/08/20191025082400_00160.png,144.1,619.5,36,14.2,967
10/25/2019 8:25,datasets/dataset_cropped/10_Metas/25/08/20191025082500_00160.jpg,datasets_flow/dataset_cropped/10_Metas/25/08/20191025082500_00160.jpg,datasets_cloudmask/dataset_cropped/10_Metas/25/08/20191025082500_00160.png,147.4,624.5,36.4,14.4,967
10/25/2019 8:26,datasets/dataset_cropped/10_Metas/25/08/20191025082600_00160.jpg,datasets_flow/dataset_cropped/10_Metas/25/08/20191025082600_00160.jpg,datasets_cloudmask/dataset_cropped/10_Metas/25/08/20191025082600_00160.png,150.6,629.1,36.7,14.2,967
10/25/2019 8:27,datasets/dataset_cropped/10_Metas/25/08/20191025082700_00160.jpg,datasets_flow/dataset_cropped/10_Metas/25/08/20191025082700_00160.jpg,datasets_cloudmask/dataset_cropped/10_Metas/25/08/20191025082700_00160.png,153.7,633.6,37.1,13.9,967
10/25/2019 8:28,datasets/dataset_cropped/10_Metas/25/08/20191025082800_00160.jpg,datasets_flow/dataset_cropped/10_Metas/25/08/20191025082800_00160.jpg,datasets_cloudmask/dataset_cropped/10_Metas/25/08/20191025082800_00160.png,157,639,37.3,13.6,967
10/25/2019 8:29,datasets/dataset_cropped/10_Metas/25/08/20191025082900_00160.jpg,datasets_flow/dataset_cropped/10_Metas/25/08/20191025082900_00160.jpg,datasets_cloudmask/dataset_cropped/10_Metas/25/08/20191025082900_00160.png,160.1,643.3,37.6,13.7,967
10/25/2019 8:30,datasets/dataset_cropped/10_Metas/25/08/20191025083000_00160.jpg,datasets_flow/dataset_cropped/10_Metas/25/08/20191025083000_00160.jpg,datasets_cloudmask/dataset_cropped/10_Metas/25/08/20191025083000_00160.png,163.3,648.3,37.9,13.8,967
10/25/2019 8:31,datasets/dataset_cropped/10_Metas/25/08/20191025083100_00160.jpg,datasets_flow/dataset_cropped/10_Metas/25/08/20191025083100_00160.jpg,datasets_cloudmask/dataset_cropped/10_Metas/25/08/20191025083100_00160.png,166.5,653,38.2,13.6,967
10/25/2019 8:32,datasets/dataset_cropped/10_Metas/25/08/20191025083200_00160.jpg,datasets_flow/dataset_cropped/10_Metas/25/08/20191025083200_00160.jpg,datasets_cloudmask/dataset_cropped/10_Metas/25/08/20191025083200_00160.png,169.7,657.7,38.5,13.5,967
10/25/2019 8:33,datasets/dataset_cropped/10_Metas/25/08/20191025083300_00160.jpg,datasets_flow/dataset_cropped/10_Metas/25/08/20191025083300_00160.jpg,datasets_cloudmask/dataset_cropped/10_Metas/25/08/20191025083300_00160.png,172.9,662.4,38.7,13.5,967
10/25/2019 8:34,datasets/dataset_cropped/10_Metas/25/08/20191025083400_00160.jpg,datasets_flow/dataset_cropped/10_Metas/25/08/20191025083400_00160.jpg,datasets_cloudmask/dataset_cropped/10_Metas/25/08/20191025083400_00160.png,176.1,667,39,13.4,967
10/25/2019 8:35,datasets/dataset_cropped/10_Metas/25/08/20191025083500_00160.jpg,datasets_flow/dataset_cropped/10_Metas/25/08/20191025083500_00160.jpg,datasets_cloudmask/dataset_cropped/10_Metas/25/08/20191025083500_00160.png,179.3,671,39.4,13.3,967
10/25/2019 8:36,datasets/dataset_cropped/10_Metas/25/08/20191025083600_00160.jpg,datasets_flow/dataset_cropped/10_Metas/25/08/20191025083600_00160.jpg,datasets_cloudmask/dataset_cropped/10_Metas/25/08/20191025083600_00160.png,182.5,675,39.9,13.2,967
10/25/2019 8:37,datasets/dataset_cropped/10_Metas/25/08/20191025083700_00160.jpg,datasets_flow/dataset_cropped/10_Metas/25/08/20191025083700_00160.jpg,datasets_cloudmask/dataset_cropped/10_Metas/25/08/20191025083700_00160.png,185.8,679.6,40.2,13.2,967
10/25/2019 8:38,datasets/dataset_cropped/10_Metas/25/08/20191025083800_00160.jpg,datasets_flow/dataset_cropped/10_Metas/25/08/20191025083800_00160.jpg,datasets_cloudmask/dataset_cropped/10_Metas/25/08/20191025083800_00160.png,188.9,682.8,40.5,13.3,967
10/25/2019 8:39,datasets/dataset_cropped/10_Metas/25/08/20191025083900_00160.jpg,datasets_flow/dataset_cropped/10_Metas/25/08/20191025083900_00160.jpg,datasets_cloudmask/dataset_cropped/10_Metas/25/08/20191025083900_00160.png,191.9,685.7,40.8,13.3,967
10/25/2019 8:40,datasets/dataset_cropped/10_Metas/25/08/20191025084000_00160.jpg,datasets_flow/dataset_cropped/10_Metas/25/08/20191025084000_00160.jpg,datasets_cloudmask/dataset_cropped/10_Metas/25/08/20191025084000_00160.png,195.1,689.5,40.8,13.4,967
10/25/2019 8:41,datasets/dataset_cropped/10_Metas/25/08/20191025084100_00160.jpg,datasets_flow/dataset_cropped/10_Metas/25/08/20191025084100_00160.jpg,datasets_cloudmask/dataset_cropped/10_Metas/25/08/20191025084100_00160.png,198.9,695.6,41,13.5,967
10/25/2019 8:42,datasets/dataset_cropped/10_Metas/25/08/20191025084200_00160.jpg,datasets_flow/dataset_cropped/10_Metas/25/08/20191025084200_00160.jpg,datasets_cloudmask/dataset_cropped/10_Metas/25/08/20191025084200_00160.png,200.3,692.1,41.1,13.6,967
10/25/2019 8:43,datasets/dataset_cropped/10_Metas/25/08/20191025084300_00160.jpg,datasets_flow/dataset_cropped/10_Metas/25/08/20191025084300_00160.jpg,datasets_cloudmask/dataset_cropped/10_Metas/25/08/20191025084300_00160.png,193.4,652.8,41.2,13.6,967
10/25/2019 8:44,datasets/dataset_cropped/10_Metas/25/08/20191025084400_00160.jpg,datasets_flow/dataset_cropped/10_Metas/25/08/20191025084400_00160.jpg,datasets_cloudmask/dataset_cropped/10_Metas/25/08/20191025084400_00160.png,189.2,626.3,41.4,13.8,967
10/25/2019 8:45,datasets/dataset_cropped/10_Metas/25/08/20191025084500_00160.jpg,datasets_flow/dataset_cropped/10_Metas/25/08/20191025084500_00160.jpg,datasets_cloudmask/dataset_cropped/10_Metas/25/08/20191025084500_00160.png,189.1,617.5,41.7,13.9,967
10/25/2019 8:46,datasets/dataset_cropped/10_Metas/25/08/20191025084600_00160.jpg,datasets_flow/dataset_cropped/10_Metas/25/08/20191025084600_00160.jpg,datasets_cloudmask/dataset_cropped/10_Metas/25/08/20191025084600_00160.png,191.8,619.7,41.9,14.1,967
10/25/2019 8:47,datasets/dataset_cropped/10_Metas/25/08/20191025084700_00160.jpg,datasets_flow/dataset_cropped/10_Metas/25/08/20191025084700_00160.jpg,datasets_cloudmask/dataset_cropped/10_Metas/25/08/20191025084700_00160.png,191,608,42.2,14.4,967
10/25/2019 8:48,datasets/dataset_cropped/10_Metas/25/08/20191025084800_00160.jpg,datasets_flow/dataset_cropped/10_Metas/25/08/20191025084800_00160.jpg,datasets_cloudmask/dataset_cropped/10_Metas/25/08/20191025084800_00160.png,193.4,609.5,42.3,14.6,967
10/25/2019 8:49,datasets/dataset_cropped/10_Metas/25/08/20191025084900_00160.jpg,datasets_flow/dataset_cropped/10_Metas/25/08/20191025084900_00160.jpg,datasets_cloudmask/dataset_cropped/10_Metas/25/08/20191025084900_00160.png,189.3,585.4,42.4,14.7,967
10/25/2019 8:50,datasets/dataset_cropped/10_Metas/25/08/20191025085000_00160.jpg,datasets_flow/dataset_cropped/10_Metas/25/08/20191025085000_00160.jpg,datasets_cloudmask/dataset_cropped/10_Metas/25/08/20191025085000_00160.png,195,599.6,42.7,14.7,967
10/25/2019 8:51,datasets/dataset_cropped/10_Metas/25/08/20191025085100_00160.jpg,datasets_flow/dataset_cropped/10_Metas/25/08/20191025085100_00160.jpg,datasets_cloudmask/dataset_cropped/10_Metas/25/08/20191025085100_00160.png,215,668.9,43.3,15,967
10/25/2019 8:52,datasets/dataset_cropped/10_Metas/25/08/20191025085200_00160.jpg,datasets_flow/dataset_cropped/10_Metas/25/08/20191025085200_00160.jpg,datasets_cloudmask/dataset_cropped/10_Metas/25/08/20191025085200_00160.png,225.5,701.2,43.6,15.1,967
10/25/2019 8:53,datasets/dataset_cropped/10_Metas/25/08/20191025085300_00160.jpg,datasets_flow/dataset_cropped/10_Metas/25/08/20191025085300_00160.jpg,datasets_cloudmask/dataset_cropped/10_Metas/25/08/20191025085300_00160.png,226.8,694.4,43.9,15.2,967
10/25/2019 8:54,datasets/dataset_cropped/10_Metas/25/08/20191025085400_00160.jpg,datasets_flow/dataset_cropped/10_Metas/25/08/20191025085400_00160.jpg,datasets_cloudmask/dataset_cropped/10_Metas/25/08/20191025085400_00160.png,230.5,702.5,44.4,15.2,967
10/25/2019 8:55,datasets/dataset_cropped/10_Metas/25/08/20191025085500_00160.jpg,datasets_flow/dataset_cropped/10_Metas/25/08/20191025085500_00160.jpg,datasets_cloudmask/dataset_cropped/10_Metas/25/08/20191025085500_00160.png,242.7,740.6,44.6,15.2,967
10/25/2019 8:56,datasets/dataset_cropped/10_Metas/25/08/20191025085600_00160.jpg,datasets_flow/dataset_cropped/10_Metas/25/08/20191025085600_00160.jpg,datasets_cloudmask/dataset_cropped/10_Metas/25/08/20191025085600_00160.png,247.9,752,44.6,15.2,967
10/25/2019 8:57,datasets/dataset_cropped/10_Metas/25/08/20191025085700_00160.jpg,datasets_flow/dataset_cropped/10_Metas/25/08/20191025085700_00160.jpg,datasets_cloudmask/dataset_cropped/10_Metas/25/08/20191025085700_00160.png,250,751.6,44.6,15.4,967
10/25/2019 8:58,datasets/dataset_cropped/10_Metas/25/08/20191025085800_00160.jpg,datasets_flow/dataset_cropped/10_Metas/25/08/20191025085800_00160.jpg,datasets_cloudmask/dataset_cropped/10_Metas/25/08/20191025085800_00160.png,252.7,752.9,44.6,15.6,967
10/25/2019 8:59,datasets/dataset_cropped/10_Metas/25/08/20191025085900_00160.jpg,datasets_flow/dataset_cropped/10_Metas/25/08/20191025085900_00160.jpg,datasets_cloudmask/dataset_cropped/10_Metas/25/08/20191025085900_00160.png,255.5,754.9,44.7,15.7,967
10/25/2019 9:00,datasets/dataset_cropped/10_Metas/25/09/20191025090000_00160.jpg,datasets_flow/dataset_cropped/10_Metas/25/09/20191025090000_00160.jpg,datasets_cloudmask/dataset_cropped/10_Metas/25/09/20191025090000_00160.png,258.4,757.3,44.8,15.9,967
10/25/2019 9:01,datasets/dataset_cropped/10_Metas/25/09/20191025090100_00160.jpg,datasets_flow/dataset_cropped/10_Metas/25/09/20191025090100_00160.jpg,datasets_cloudmask/dataset_cropped/10_Metas/25/09/20191025090100_00160.png,261.1,758.8,44.8,15.9,967
10/25/2019 9:02,datasets/dataset_cropped/10_Metas/25/09/20191025090200_00160.jpg,datasets_flow/dataset_cropped/10_Metas/25/09/20191025090200_00160.jpg,datasets_cloudmask/dataset_cropped/10_Metas/25/09/20191025090200_00160.png,263.3,758.3,44.9,15.9,967
10/25/2019 9:03,datasets/dataset_cropped/10_Metas/25/09/20191025090300_00160.jpg,datasets_flow/dataset_cropped/10_Metas/25/09/20191025090300_00160.jpg,datasets_cloudmask/dataset_cropped/10_Metas/25/09/20191025090300_00160.png,266.4,761.3,45,16,967
10/25/2019 9:04,datasets/dataset_cropped/10_Metas/25/09/20191025090400_00160.jpg,datasets_flow/dataset_cropped/10_Metas/25/09/20191025090400_00160.jpg,datasets_cloudmask/dataset_cropped/10_Metas/25/09/20191025090400_00160.png,269.3,763.4,45.1,16,967
10/25/2019 9:05,datasets/dataset_cropped/10_Metas/25/09/20191025090500_00160.jpg,datasets_flow/dataset_cropped/10_Metas/25/09/20191025090500_00160.jpg,datasets_cloudmask/dataset_cropped/10_Metas/25/09/20191025090500_00160.png,271.6,763.2,45.3,16.1,967
10/25/2019 9:06,datasets/dataset_cropped/10_Metas/25/09/20191025090600_00160.jpg,datasets_flow/dataset_cropped/10_Metas/25/09/20191025090600_00160.jpg,datasets_cloudmask/dataset_cropped/10_Metas/25/09/20191025090600_00160.png,275.4,768.1,45.4,16,967
10/25/2019 9:07,datasets/dataset_cropped/10_Metas/25/09/20191025090700_00160.jpg,datasets_flow/dataset_cropped/10_Metas/25/09/20191025090700_00160.jpg,datasets_cloudmask/dataset_cropped/10_Metas/25/09/20191025090700_00160.png,278.5,770.9,45.7,15.9,967
10/25/2019 9:08,datasets/dataset_cropped/10_Metas/25/09/20191025090800_00160.jpg,datasets_flow/dataset_cropped/10_Metas/25/09/20191025090800_00160.jpg,datasets_cloudmask/dataset_cropped/10_Metas/25/09/20191025090800_00160.png,282,774.5,45.9,16,967
10/25/2019 9:09,datasets/dataset_cropped/10_Metas/25/09/20191025090900_00160.jpg,datasets_flow/dataset_cropped/10_Metas/25/09/20191025090900_00160.jpg,datasets_cloudmask/dataset_cropped/10_Metas/25/09/20191025090900_00160.png,285.6,779.1,46,16.2,967
10/25/2019 9:10,datasets/dataset_cropped/10_Metas/25/09/20191025091000_00160.jpg,datasets_flow/dataset_cropped/10_Metas/25/09/20191025091000_00160.jpg,datasets_cloudmask/dataset_cropped/10_Metas/25/09/20191025091000_00160.png,289.1,782.6,46.2,16.2,967
10/25/2019 9:11,datasets/dataset_cropped/10_Metas/25/09/20191025091100_00160.jpg,datasets_flow/dataset_cropped/10_Metas/25/09/20191025091100_00160.jpg,datasets_cloudmask/dataset_cropped/10_Metas/25/09/20191025091100_00160.png,292.6,786.2,46.5,16.5,967
10/25/2019 9:12,datasets/dataset_cropped/10_Metas/25/09/20191025091200_00160.jpg,datasets_flow/dataset_cropped/10_Metas/25/09/20191025091200_00160.jpg,datasets_cloudmask/dataset_cropped/10_Metas/25/09/20191025091200_00160.png,295.5,787.4,46.8,16.6,967
10/25/2019 9:13,datasets/dataset_cropped/10_Metas/25/09/20191025091300_00160.jpg,datasets_flow/dataset_cropped/10_Metas/25/09/20191025091300_00160.jpg,datasets_cloudmask/dataset_cropped/10_Metas/25/09/20191025091300_00160.png,295.2,778.6,47,16.7,967
10/25/2019 9:14,datasets/dataset_cropped/10_Metas/25/09/20191025091400_00160.jpg,datasets_flow/dataset_cropped/10_Metas/25/09/20191025091400_00160.jpg,datasets_cloudmask/dataset_cropped/10_Metas/25/09/20191025091400_00160.png,301.4,790.3,47.1,16.7,967
10/25/2019 9:15,datasets/dataset_cropped/10_Metas/25/09/20191025091500_00160.jpg,datasets_flow/dataset_cropped/10_Metas/25/09/20191025091500_00160.jpg,datasets_cloudmask/dataset_cropped/10_Metas/25/09/20191025091500_00160.png,305.4,795.4,47.4,16.8,967
10/25/2019 9:16,datasets/dataset_cropped/10_Metas/25/09/20191025091600_00160.jpg,datasets_flow/dataset_cropped/10_Metas/25/09/20191025091600_00160.jpg,datasets_cloudmask/dataset_cropped/10_Metas/25/09/20191025091600_00160.png,307.8,796.3,47.5,16.7,967
10/25/2019 9:17,datasets/dataset_cropped/10_Metas/25/09/20191025091700_00160.jpg,datasets_flow/dataset_cropped/10_Metas/25/09/20191025091700_00160.jpg,datasets_cloudmask/dataset_cropped/10_Metas/25/09/20191025091700_00160.png,310.6,798.3,47.4,16.7,967
10/25/2019 9:18,datasets/dataset_cropped/10_Metas/25/09/20191025091800_00160.jpg,datasets_flow/dataset_cropped/10_Metas/25/09/20191025091800_00160.jpg,datasets_cloudmask/dataset_cropped/10_Metas/25/09/20191025091800_00160.png,313.6,801,47.4,16.8,967
10/25/2019 9:19,datasets/dataset_cropped/10_Metas/25/09/20191025091900_00160.jpg,datasets_flow/dataset_cropped/10_Metas/25/09/20191025091900_00160.jpg,datasets_cloudmask/dataset_cropped/10_Metas/25/09/20191025091900_00160.png,317.5,805,47.6,16.9,967
10/25/2019 9:20,datasets/dataset_cropped/10_Metas/25/09/20191025092000_00160.jpg,datasets_flow/dataset_cropped/10_Metas/25/09/20191025092000_00160.jpg,datasets_cloudmask/dataset_cropped/10_Metas/25/09/20191025092000_00160.png,321.3,809,47.8,17.2,967
10/25/2019 9:21,datasets/dataset_cropped/10_Metas/25/09/20191025092100_00160.jpg,datasets_flow/dataset_cropped/10_Metas/25/09/20191025092100_00160.jpg,datasets_cloudmask/dataset_cropped/10_Metas/25/09/20191025092100_00160.png,324.6,812,47.8,17.4,967
10/25/2019 9:22,datasets/dataset_cropped/10_Metas/25/09/20191025092200_00160.jpg,datasets_flow/dataset_cropped/10_Metas/25/09/20191025092200_00160.jpg,datasets_cloudmask/dataset_cropped/10_Metas/25/09/20191025092200_00160.png,327.7,815,47.7,17.6,967
10/25/2019 9:23,datasets/dataset_cropped/10_Metas/25/09/20191025092300_00160.jpg,datasets_flow/dataset_cropped/10_Metas/25/09/20191025092300_00160.jpg,datasets_cloudmask/dataset_cropped/10_Metas/25/09/20191025092300_00160.png,330.8,816,48,17.8,967
10/25/2019 9:24,datasets/dataset_cropped/10_Metas/25/09/20191025092400_00160.jpg,datasets_flow/dataset_cropped/10_Metas/25/09/20191025092400_00160.jpg,datasets_cloudmask/dataset_cropped/10_Metas/25/09/20191025092400_00160.png,333.7,818,48.1,17.8,967
10/25/2019 9:25,datasets/dataset_cropped/10_Metas/25/09/20191025092500_00160.jpg,datasets_flow/dataset_cropped/10_Metas/25/09/20191025092500_00160.jpg,datasets_cloudmask/dataset_cropped/10_Metas/25/09/20191025092500_00160.png,337,821,48.3,17.8,967
10/25/2019 9:26,datasets/dataset_cropped/10_Metas/25/09/20191025092600_00160.jpg,datasets_flow/dataset_cropped/10_Metas/25/09/20191025092600_00160.jpg,datasets_cloudmask/dataset_cropped/10_Metas/25/09/20191025092600_00160.png,340,823,48.3,17.9,967
10/25/2019 9:27,datasets/dataset_cropped/10_Metas/25/09/20191025092700_00160.jpg,datasets_flow/dataset_cropped/10_Metas/25/09/20191025092700_00160.jpg,datasets_cloudmask/dataset_cropped/10_Metas/25/09/20191025092700_00160.png,343.1,825,48.4,17.9,967
10/25/2019 9:28,datasets/dataset_cropped/10_Metas/25/09/20191025092800_00160.jpg,datasets_flow/dataset_cropped/10_Metas/25/09/20191025092800_00160.jpg,datasets_cloudmask/dataset_cropped/10_Metas/25/09/20191025092800_00160.png,346.1,827,48.6,17.8,967
10/25/2019 9:29,datasets/dataset_cropped/10_Metas/25/09/20191025092900_00160.jpg,datasets_flow/dataset_cropped/10_Metas/25/09/20191025092900_00160.jpg,datasets_cloudmask/dataset_cropped/10_Metas/25/09/20191025092900_00160.png,349.2,829,48.7,18,967
10/25/2019 9:30,datasets/dataset_cropped/10_Metas/25/09/20191025093000_00160.jpg,datasets_flow/dataset_cropped/10_Metas/25/09/20191025093000_00160.jpg,datasets_cloudmask/dataset_cropped/10_Metas/25/09/20191025093000_00160.png,352.2,831,48.9,18,967
10/25/2019 9:31,datasets/dataset_cropped/10_Metas/25/09/20191025093100_00160.jpg,datasets_flow/dataset_cropped/10_Metas/25/09/20191025093100_00160.jpg,datasets_cloudmask/dataset_cropped/10_Metas/25/09/20191025093100_00160.png,355.3,833,49.2,17.9,967
10/25/2019 9:32,datasets/dataset_cropped/10_Metas/25/09/20191025093200_00160.jpg,datasets_flow/dataset_cropped/10_Metas/25/09/20191025093200_00160.jpg,datasets_cloudmask/dataset_cropped/10_Metas/25/09/20191025093200_00160.png,358.2,834,49.3,17.7,967
10/25/2019 9:33,datasets/dataset_cropped/10_Metas/25/09/20191025093300_00160.jpg,datasets_flow/dataset_cropped/10_Metas/25/09/20191025093300_00160.jpg,datasets_cloudmask/dataset_cropped/10_Metas/25/09/20191025093300_00160.png,360.9,836,49.2,17.7,967
10/25/2019 9:34,datasets/dataset_cropped/10_Metas/25/09/20191025093400_00160.jpg,datasets_flow/dataset_cropped/10_Metas/25/09/20191025093400_00160.jpg,datasets_cloudmask/dataset_cropped/10_Metas/25/09/20191025093400_00160.png,364,838,49.4,17.7,967
10/25/2019 9:35,datasets/dataset_cropped/10_Metas/25/09/20191025093500_00160.jpg,datasets_flow/dataset_cropped/10_Metas/25/09/20191025093500_00160.jpg,datasets_cloudmask/dataset_cropped/10_Metas/25/09/20191025093500_00160.png,366.7,839,49.4,17.8,967
10/25/2019 9:36,datasets/dataset_cropped/10_Metas/25/09/20191025093600_00160.jpg,datasets_flow/dataset_cropped/10_Metas/25/09/20191025093600_00160.jpg,datasets_cloudmask/dataset_cropped/10_Metas/25/09/20191025093600_00160.png,369.8,841,49.5,17.7,967
10/25/2019 9:37,datasets/dataset_cropped/10_Metas/25/09/20191025093700_00160.jpg,datasets_flow/dataset_cropped/10_Metas/25/09/20191025093700_00160.jpg,datasets_cloudmask/dataset_cropped/10_Metas/25/09/20191025093700_00160.png,372.4,842,49.7,17.6,967
10/25/2019 9:38,datasets/dataset_cropped/10_Metas/25/09/20191025093800_00160.jpg,datasets_flow/dataset_cropped/10_Metas/25/09/20191025093800_00160.jpg,datasets_cloudmask/dataset_cropped/10_Metas/25/09/20191025093800_00160.png,375.1,843,49.7,17.6,967
10/25/2019 9:39,datasets/dataset_cropped/10_Metas/25/09/20191025093900_00160.jpg,datasets_flow/dataset_cropped/10_Metas/25/09/20191025093900_00160.jpg,datasets_cloudmask/dataset_cropped/10_Metas/25/09/20191025093900_00160.png,378.6,846,49.9,17.6,967
10/25/2019 9:40,datasets/dataset_cropped/10_Metas/25/09/20191025094000_00160.jpg,datasets_flow/dataset_cropped/10_Metas/25/09/20191025094000_00160.jpg,datasets_cloudmask/dataset_cropped/10_Metas/25/09/20191025094000_00160.png,381.9,848,50.4,17.4,967
10/25/2019 9:41,datasets/dataset_cropped/10_Metas/25/09/20191025094100_00160.jpg,datasets_flow/dataset_cropped/10_Metas/25/09/20191025094100_00160.jpg,datasets_cloudmask/dataset_cropped/10_Metas/25/09/20191025094100_00160.png,385,850,50.5,17.2,967
10/25/2019 9:42,datasets/dataset_cropped/10_Metas/25/09/20191025094200_00160.jpg,datasets_flow/dataset_cropped/10_Metas/25/09/20191025094200_00160.jpg,datasets_cloudmask/dataset_cropped/10_Metas/25/09/20191025094200_00160.png,387.9,852,50.4,17.1,967
10/25/2019 9:43,datasets/dataset_cropped/10_Metas/25/09/20191025094300_00160.jpg,datasets_flow/dataset_cropped/10_Metas/25/09/20191025094300_00160.jpg,datasets_cloudmask/dataset_cropped/10_Metas/25/09/20191025094300_00160.png,390.7,853,50.3,17,967
10/25/2019 9:44,datasets/dataset_cropped/10_Metas/25/09/20191025094400_00160.jpg,datasets_flow/dataset_cropped/10_Metas/25/09/20191025094400_00160.jpg,datasets_cloudmask/dataset_cropped/10_Metas/25/09/20191025094400_00160.png,393.5,854,50.4,17,967
10/25/2019 9:45,datasets/dataset_cropped/10_Metas/25/09/20191025094500_00160.jpg,datasets_flow/dataset_cropped/10_Metas/25/09/20191025094500_00160.jpg,datasets_cloudmask/dataset_cropped/10_Metas/25/09/20191025094500_00160.png,396.5,856,50.7,17.1,967
10/25/2019 9:46,datasets/dataset_cropped/10_Metas/25/09/20191025094600_00160.jpg,datasets_flow/dataset_cropped/10_Metas/25/09/20191025094600_00160.jpg,datasets_cloudmask/dataset_cropped/10_Metas/25/09/20191025094600_00160.png,399.6,857,50.8,17.2,967
10/25/2019 9:47,datasets/dataset_cropped/10_Metas/25/09/20191025094700_00160.jpg,datasets_flow/dataset_cropped/10_Metas/25/09/20191025094700_00160.jpg,datasets_cloudmask/dataset_cropped/10_Metas/25/09/20191025094700_00160.png,402.2,859,50.9,17.4,967
10/25/2019 9:48,datasets/dataset_cropped/10_Metas/25/09/20191025094800_00160.jpg,datasets_flow/dataset_cropped/10_Metas/25/09/20191025094800_00160.jpg,datasets_cloudmask/dataset_cropped/10_Metas/25/09/20191025094800_00160.png,405.5,861,50.9,17.6,967
10/25/2019 9:49,datasets/dataset_cropped/10_Metas/25/09/20191025094900_00160.jpg,datasets_flow/dataset_cropped/10_Metas/25/09/20191025094900_00160.jpg,datasets_cloudmask/dataset_cropped/10_Metas/25/09/20191025094900_00160.png,408.3,863,51.2,17.6,967
10/25/2019 9:50,datasets/dataset_cropped/10_Metas/25/09/20191025095000_00160.jpg,datasets_flow/dataset_cropped/10_Metas/25/09/20191025095000_00160.jpg,datasets_cloudmask/dataset_cropped/10_Metas/25/09/20191025095000_00160.png,411.1,864,51.4,17.6,967
10/25/2019 9:51,datasets/dataset_cropped/10_Metas/25/09/20191025095100_00160.jpg,datasets_flow/dataset_cropped/10_Metas/25/09/20191025095100_00160.jpg,datasets_cloudmask/dataset_cropped/10_Metas/25/09/20191025095100_00160.png,413.9,865,51.6,17.6,967
10/25/2019 9:52,datasets/dataset_cropped/10_Metas/25/09/20191025095200_00160.jpg,datasets_flow/dataset_cropped/10_Metas/25/09/20191025095200_00160.jpg,datasets_cloudmask/dataset_cropped/10_Metas/25/09/20191025095200_00160.png,417.1,867,51.7,17.6,967
10/25/2019 9:53,datasets/dataset_cropped/10_Metas/25/09/20191025095300_00160.jpg,datasets_flow/dataset_cropped/10_Metas/25/09/20191025095300_00160.jpg,datasets_cloudmask/dataset_cropped/10_Metas/25/09/20191025095300_00160.png,420.6,870,51.8,17.6,967
10/25/2019 9:54,datasets/dataset_cropped/10_Metas/25/09/20191025095400_00160.jpg,datasets_flow/dataset_cropped/10_Metas/25/09/20191025095400_00160.jpg,datasets_cloudmask/dataset_cropped/10_Metas/25/09/20191025095400_00160.png,423.3,871,51.9,17.8,967
10/25/2019 9:55,datasets/dataset_cropped/10_Metas/25/09/20191025095500_00160.jpg,datasets_flow/dataset_cropped/10_Metas/25/09/20191025095500_00160.jpg,datasets_cloudmask/dataset_cropped/10_Metas/25/09/20191025095500_00160.png,426.4,872,52.2,17.8,967
10/25/2019 9:56,datasets/dataset_cropped/10_Metas/25/09/20191025095600_00160.jpg,datasets_flow/dataset_cropped/10_Metas/25/09/20191025095600_00160.jpg,datasets_cloudmask/dataset_cropped/10_Metas/25/09/20191025095600_00160.png,429.2,874,52.7,17.9,967
10/25/2019 9:57,datasets/dataset_cropped/10_Metas/25/09/20191025095700_00160.jpg,datasets_flow/dataset_cropped/10_Metas/25/09/20191025095700_00160.jpg,datasets_cloudmask/dataset_cropped/10_Metas/25/09/20191025095700_00160.png,432,876,52.6,18,967
10/25/2019 9:58,datasets/dataset_cropped/10_Metas/25/09/20191025095800_00160.jpg,datasets_flow/dataset_cropped/10_Metas/25/09/20191025095800_00160.jpg,datasets_cloudmask/dataset_cropped/10_Metas/25/09/20191025095800_00160.png,434.3,876,52.4,18.1,967
10/25/2019 9:59,datasets/dataset_cropped/10_Metas/25/09/20191025095900_00160.jpg,datasets_flow/dataset_cropped/10_Metas/25/09/20191025095900_00160.jpg,datasets_cloudmask/dataset_cropped/10_Metas/25/09/20191025095900_00160.png,436.9,877,52.3,18.2,967
10/25/2019 10:00,datasets/dataset_cropped/10_Metas/25/10/20191025100000_00160.jpg,datasets_flow/dataset_cropped/10_Metas/25/10/20191025100000_00160.jpg,datasets_cloudmask/dataset_cropped/10_Metas/25/10/20191025100000_00160.png,439.6,878,52.3,18.2,967
10/25/2019 10:01,datasets/dataset_cropped/10_Metas/25/10/20191025100100_00160.jpg,datasets_flow/dataset_cropped/10_Metas/25/10/20191025100100_00160.jpg,datasets_cloudmask/dataset_cropped/10_Metas/25/10/20191025100100_00160.png,442.9,879,52.5,18.2,967
10/25/2019 10:02,datasets/dataset_cropped/10_Metas/25/10/20191025100200_00160.jpg,datasets_flow/dataset_cropped/10_Metas/25/10/20191025100200_00160.jpg,datasets_cloudmask/dataset_cropped/10_Metas/25/10/20191025100200_00160.png,445,880,52.6,18.2,967
10/25/2019 10:03,datasets/dataset_cropped/10_Metas/25/10/20191025100300_00160.jpg,datasets_flow/dataset_cropped/10_Metas/25/10/20191025100300_00160.jpg,datasets_cloudmask/dataset_cropped/10_Metas/25/10/20191025100300_00160.png,447.1,880,52.6,18.2,967
10/25/2019 10:04,datasets/dataset_cropped/10_Metas/25/10/20191025100400_00160.jpg,datasets_flow/dataset_cropped/10_Metas/25/10/20191025100400_00160.jpg,datasets_cloudmask/dataset_cropped/10_Metas/25/10/20191025100400_00160.png,451,883,52.8,18.3,967
10/25/2019 10:05,datasets/dataset_cropped/10_Metas/25/10/20191025100500_00160.jpg,datasets_flow/dataset_cropped/10_Metas/25/10/20191025100500_00160.jpg,datasets_cloudmask/dataset_cropped/10_Metas/25/10/20191025100500_00160.png,453.7,884,52.8,18.4,967
10/25/2019 10:06,datasets/dataset_cropped/10_Metas/25/10/20191025100600_00160.jpg,datasets_flow/dataset_cropped/10_Metas/25/10/20191025100600_00160.jpg,datasets_cloudmask/dataset_cropped/10_Metas/25/10/20191025100600_00160.png,456.1,884,53.1,18.4,967
10/25/2019 10:07,datasets/dataset_cropped/10_Metas/25/10/20191025100700_00160.jpg,datasets_flow/dataset_cropped/10_Metas/25/10/20191025100700_00160.jpg,datasets_cloudmask/dataset_cropped/10_Metas/25/10/20191025100700_00160.png,457.2,882,53.3,18.5,967
10/25/2019 10:08,datasets/dataset_cropped/10_Metas/25/10/20191025100800_00160.jpg,datasets_flow/dataset_cropped/10_Metas/25/10/20191025100800_00160.jpg,datasets_cloudmask/dataset_cropped/10_Metas/25/10/20191025100800_00160.png,460,884,53.3,18.6,967
10/25/2019 10:09,datasets/dataset_cropped/10_Metas/25/10/20191025100900_00160.jpg,datasets_flow/dataset_cropped/10_Metas/25/10/20191025100900_00160.jpg,datasets_cloudmask/dataset_cropped/10_Metas/25/10/20191025100900_00160.png,464.4,890,53.6,18.7,967
10/25/2019 10:10,datasets/dataset_cropped/10_Metas/25/10/20191025101000_00160.jpg,datasets_flow/dataset_cropped/10_Metas/25/10/20191025101000_00160.jpg,datasets_cloudmask/dataset_cropped/10_Metas/25/10/20191025101000_00160.png,467.1,891,53.7,18.7,967
10/25/2019 10:11,datasets/dataset_cropped/10_Metas/25/10/20191025101100_00160.jpg,datasets_flow/dataset_cropped/10_Metas/25/10/20191025101100_00160.jpg,datasets_cloudmask/dataset_cropped/10_Metas/25/10/20191025101100_00160.png,469.9,893,54.2,18.7,967
10/25/2019 10:12,datasets/dataset_cropped/10_Metas/25/10/20191025101200_00160.jpg,datasets_flow/dataset_cropped/10_Metas/25/10/20191025101200_00160.jpg,datasets_cloudmask/dataset_cropped/10_Metas/25/10/20191025101200_00160.png,472.1,894,54.2,18.9,967
10/25/2019 10:13,datasets/dataset_cropped/10_Metas/25/10/20191025101300_00160.jpg,datasets_flow/dataset_cropped/10_Metas/25/10/20191025101300_00160.jpg,datasets_cloudmask/dataset_cropped/10_Metas/25/10/20191025101300_00160.png,474.3,895,53.8,19.2,967
10/25/2019 10:14,datasets/dataset_cropped/10_Metas/25/10/20191025101400_00160.jpg,datasets_flow/dataset_cropped/10_Metas/25/10/20191025101400_00160.jpg,datasets_cloudmask/dataset_cropped/10_Metas/25/10/20191025101400_00160.png,476.6,896,54.2,19.3,967
10/25/2019 10:15,datasets/dataset_cropped/10_Metas/25/10/20191025101500_00160.jpg,datasets_flow/dataset_cropped/10_Metas/25/10/20191025101500_00160.jpg,datasets_cloudmask/dataset_cropped/10_Metas/25/10/20191025101500_00160.png,479.6,897,54.5,19.3,967
10/25/2019 10:16,datasets/dataset_cropped/10_Metas/25/10/20191025101600_00160.jpg,datasets_flow/dataset_cropped/10_Metas/25/10/20191025101600_00160.jpg,datasets_cloudmask/dataset_cropped/10_Metas/25/10/20191025101600_00160.png,481.9,898,54.1,19.5,967
10/25/2019 10:17,datasets/dataset_cropped/10_Metas/25/10/20191025101700_00160.jpg,datasets_flow/dataset_cropped/10_Metas/25/10/20191025101700_00160.jpg,datasets_cloudmask/dataset_cropped/10_Metas/25/10/20191025101700_00160.png,484.5,899,54.1,19.9,967
10/25/2019 10:18,datasets/dataset_cropped/10_Metas/25/10/20191025101800_00160.jpg,datasets_flow/dataset_cropped/10_Metas/25/10/20191025101800_00160.jpg,datasets_cloudmask/dataset_cropped/10_Metas/25/10/20191025101800_00160.png,487.2,900,54.2,20.1,967
10/25/2019 10:19,datasets/dataset_cropped/10_Metas/25/10/20191025101900_00160.jpg,datasets_flow/dataset_cropped/10_Metas/25/10/20191025101900_00160.jpg,datasets_cloudmask/dataset_cropped/10_Metas/25/10/20191025101900_00160.png,489.5,902,54.2,20.3,967
10/25/2019 10:20,datasets/dataset_cropped/10_Metas/25/10/20191025102000_00160.jpg,datasets_flow/dataset_cropped/10_Metas/25/10/20191025102000_00160.jpg,datasets_cloudmask/dataset_cropped/10_Metas/25/10/20191025102000_00160.png,491.9,902,54.2,20.5,967
10/25/2019 10:21,datasets/dataset_cropped/10_Metas/25/10/20191025102100_00160.jpg,datasets_flow/dataset_cropped/10_Metas/25/10/20191025102100_00160.jpg,datasets_cloudmask/dataset_cropped/10_Metas/25/10/20191025102100_00160.png,494.2,903,54.2,20.7,967
10/25/2019 10:22,datasets/dataset_cropped/10_Metas/25/10/20191025102200_00160.jpg,datasets_flow/dataset_cropped/10_Metas/25/10/20191025102200_00160.jpg,datasets_cloudmask/dataset_cropped/10_Metas/25/10/20191025102200_00160.png,496.7,904,54.5,20.8,967
10/25/2019 10:23,datasets/dataset_cropped/10_Metas/25/10/20191025102300_00160.jpg,datasets_flow/dataset_cropped/10_Metas/25/10/20191025102300_00160.jpg,datasets_cloudmask/dataset_cropped/10_Metas/25/10/20191025102300_00160.png,499.3,905,54.9,20.8,967
10/25/2019 10:24,datasets/dataset_cropped/10_Metas/25/10/20191025102400_00160.jpg,datasets_flow/dataset_cropped/10_Metas/25/10/20191025102400_00160.jpg,datasets_cloudmask/dataset_cropped/10_Metas/25/10/20191025102400_00160.png,501.8,906,55,20.8,967
10/25/2019 10:25,datasets/dataset_cropped/10_Metas/25/10/20191025102500_00160.jpg,datasets_flow/dataset_cropped/10_Metas/25/10/20191025102500_00160.jpg,datasets_cloudmask/dataset_cropped/10_Metas/25/10/20191025102500_00160.png,504.2,907,54.8,20.7,967
10/25/2019 10:26,datasets/dataset_cropped/10_Metas/25/10/20191025102600_00160.jpg,datasets_flow/dataset_cropped/10_Metas/25/10/20191025102600_00160.jpg,datasets_cloudmask/dataset_cropped/10_Metas/25/10/20191025102600_00160.png,506.8,908,55,20.6,967
10/25/2019 10:27,datasets/dataset_cropped/10_Metas/25/10/20191025102700_00160.jpg,datasets_flow/dataset_cropped/10_Metas/25/10/20191025102700_00160.jpg,datasets_cloudmask/dataset_cropped/10_Metas/25/10/20191025102700_00160.png,509.4,908,55,20.6,967
10/25/2019 10:28,datasets/dataset_cropped/10_Metas/25/10/20191025102800_00160.jpg,datasets_flow/dataset_cropped/10_Metas/25/10/20191025102800_00160.jpg,datasets_cloudmask/dataset_cropped/10_Metas/25/10/20191025102800_00160.png,511.8,909,55.2,20.7,967
10/25/2019 10:29,datasets/dataset_cropped/10_Metas/25/10/20191025102900_00160.jpg,datasets_flow/dataset_cropped/10_Metas/25/10/20191025102900_00160.jpg,datasets_cloudmask/dataset_cropped/10_Metas/25/10/20191025102900_00160.png,514.3,910,55.3,20.6,967
10/25/2019 10:30,datasets/dataset_cropped/10_Metas/25/10/20191025103000_00160.jpg,datasets_flow/dataset_cropped/10_Metas/25/10/20191025103000_00160.jpg,datasets_cloudmask/dataset_cropped/10_Metas/25/10/20191025103000_00160.png,516.7,910,55.5,20.3,967
10/25/2019 10:31,datasets/dataset_cropped/10_Metas/25/10/20191025103100_00160.jpg,datasets_flow/dataset_cropped/10_Metas/25/10/20191025103100_00160.jpg,datasets_cloudmask/dataset_cropped/10_Metas/25/10/20191025103100_00160.png,518.9,911,55.5,20.2,967
10/25/2019 10:32,datasets/dataset_cropped/10_Metas/25/10/20191025103200_00160.jpg,datasets_flow/dataset_cropped/10_Metas/25/10/20191025103200_00160.jpg,datasets_cloudmask/dataset_cropped/10_Metas/25/10/20191025103200_00160.png,521.4,912,55.9,20.3,967
10/25/2019 10:33,datasets/dataset_cropped/10_Metas/25/10/20191025103300_00160.jpg,datasets_flow/dataset_cropped/10_Metas/25/10/20191025103300_00160.jpg,datasets_cloudmask/dataset_cropped/10_Metas/25/10/20191025103300_00160.png,523.6,913,56,20.4,967
10/25/2019 10:34,datasets/dataset_cropped/10_Metas/25/10/20191025103400_00160.jpg,datasets_flow/dataset_cropped/10_Metas/25/10/20191025103400_00160.jpg,datasets_cloudmask/dataset_cropped/10_Metas/25/10/20191025103400_00160.png,526.2,914,55.8,20.5,967
10/25/2019 10:35,datasets/dataset_cropped/10_Metas/25/10/20191025103500_00160.jpg,datasets_flow/dataset_cropped/10_Metas/25/10/20191025103500_00160.jpg,datasets_cloudmask/dataset_cropped/10_Metas/25/10/20191025103500_00160.png,528.3,915,55.7,20.6,967
10/25/2019 10:36,datasets/dataset_cropped/10_Metas/25/10/20191025103600_00160.jpg,datasets_flow/dataset_cropped/10_Metas/25/10/20191025103600_00160.jpg,datasets_cloudmask/dataset_cropped/10_Metas/25/10/20191025103600_00160.png,530.5,916,55.6,20.6,967
10/25/2019 10:37,datasets/dataset_cropped/10_Metas/25/10/20191025103700_00160.jpg,datasets_flow/dataset_cropped/10_Metas/25/10/20191025103700_00160.jpg,datasets_cloudmask/dataset_cropped/10_Metas/25/10/20191025103700_00160.png,532.7,916,55.6,20.6,967
10/25/2019 10:38,datasets/dataset_cropped/10_Metas/25/10/20191025103800_00160.jpg,datasets_flow/dataset_cropped/10_Metas/25/10/20191025103800_00160.jpg,datasets_cloudmask/dataset_cropped/10_Metas/25/10/20191025103800_00160.png,535,917,55.8,20.6,967
10/25/2019 10:39,datasets/dataset_cropped/10_Metas/25/10/20191025103900_00160.jpg,datasets_flow/dataset_cropped/10_Metas/25/10/20191025103900_00160.jpg,datasets_cloudmask/dataset_cropped/10_Metas/25/10/20191025103900_00160.png,537.4,919,56,20.8,967
10/25/2019 10:40,datasets/dataset_cropped/10_Metas/25/10/20191025104000_00160.jpg,datasets_flow/dataset_cropped/10_Metas/25/10/20191025104000_00160.jpg,datasets_cloudmask/dataset_cropped/10_Metas/25/10/20191025104000_00160.png,539.7,919,56,20.8,967
10/25/2019 10:41,datasets/dataset_cropped/10_Metas/25/10/20191025104100_00160.jpg,datasets_flow/dataset_cropped/10_Metas/25/10/20191025104100_00160.jpg,datasets_cloudmask/dataset_cropped/10_Metas/25/10/20191025104100_00160.png,541.9,920,56.1,20.9,967
10/25/2019 10:42,datasets/dataset_cropped/10_Metas/25/10/20191025104200_00160.jpg,datasets_flow/dataset_cropped/10_Metas/25/10/20191025104200_00160.jpg,datasets_cloudmask/dataset_cropped/10_Metas/25/10/20191025104200_00160.png,544,921,56.1,20.8,967
10/25/2019 10:43,datasets/dataset_cropped/10_Metas/25/10/20191025104300_00160.jpg,datasets_flow/dataset_cropped/10_Metas/25/10/20191025104300_00160.jpg,datasets_cloudmask/dataset_cropped/10_Metas/25/10/20191025104300_00160.png,546,922,55.9,20.7,967
10/25/2019 10:44,datasets/dataset_cropped/10_Metas/25/10/20191025104400_00160.jpg,datasets_flow/dataset_cropped/10_Metas/25/10/20191025104400_00160.jpg,datasets_cloudmask/dataset_cropped/10_Metas/25/10/20191025104400_00160.png,547.9,922,55.9,20.8,967
10/25/2019 10:45,datasets/dataset_cropped/10_Metas/25/10/20191025104500_00160.jpg,datasets_flow/dataset_cropped/10_Metas/25/10/20191025104500_00160.jpg,datasets_cloudmask/dataset_cropped/10_Metas/25/10/20191025104500_00160.png,550.3,923,56.1,20.9,967
10/25/2019 10:46,datasets/dataset_cropped/10_Metas/25/10/20191025104600_00160.jpg,datasets_flow/dataset_cropped/10_Metas/25/10/20191025104600_00160.jpg,datasets_cloudmask/dataset_cropped/10_Metas/25/10/20191025104600_00160.png,552.6,925,56.1,20.9,967
10/25/2019 10:47,datasets/dataset_cropped/10_Metas/25/10/20191025104700_00160.jpg,datasets_flow/dataset_cropped/10_Metas/25/10/20191025104700_00160.jpg,datasets_cloudmask/dataset_cropped/10_Metas/25/10/20191025104700_00160.png,555,926,56.7,20.9,967
10/25/2019 10:48,datasets/dataset_cropped/10_Metas/25/10/20191025104800_00160.jpg,datasets_flow/dataset_cropped/10_Metas/25/10/20191025104800_00160.jpg,datasets_cloudmask/dataset_cropped/10_Metas/25/10/20191025104800_00160.png,557.2,927,56.8,20.9,967
10/25/2019 10:49,datasets/dataset_cropped/10_Metas/25/10/20191025104900_00160.jpg,datasets_flow/dataset_cropped/10_Metas/25/10/20191025104900_00160.jpg,datasets_cloudmask/dataset_cropped/10_Metas/25/10/20191025104900_00160.png,559.1,928,56.6,20.6,967
10/25/2019 10:50,datasets/dataset_cropped/10_Metas/25/10/20191025105000_00160.jpg,datasets_flow/dataset_cropped/10_Metas/25/10/20191025105000_00160.jpg,datasets_cloudmask/dataset_cropped/10_Metas/25/10/20191025105000_00160.png,561.1,928,56.8,20.6,967
10/25/2019 10:51,datasets/dataset_cropped/10_Metas/25/10/20191025105100_00160.jpg,datasets_flow/dataset_cropped/10_Metas/25/10/20191025105100_00160.jpg,datasets_cloudmask/dataset_cropped/10_Metas/25/10/20191025105100_00160.png,562.9,930,56.6,20.8,967
10/25/2019 10:52,datasets/dataset_cropped/10_Metas/25/10/20191025105200_00160.jpg,datasets_flow/dataset_cropped/10_Metas/25/10/20191025105200_00160.jpg,datasets_cloudmask/dataset_cropped/10_Metas/25/10/20191025105200_00160.png,564.9,930,56.6,21,967
10/25/2019 10:53,datasets/dataset_cropped/10_Metas/25/10/20191025105300_00160.jpg,datasets_flow/dataset_cropped/10_Metas/25/10/20191025105300_00160.jpg,datasets_cloudmask/dataset_cropped/10_Metas/25/10/20191025105300_00160.png,567,931,56.8,21,967
10/25/2019 10:54,datasets/dataset_cropped/10_Metas/25/10/20191025105400_00160.jpg,datasets_flow/dataset_cropped/10_Metas/25/10/20191025105400_00160.jpg,datasets_cloudmask/dataset_cropped/10_Metas/25/10/20191025105400_00160.png,568.8,931,56.7,21,967
10/25/2019 10:55,datasets/dataset_cropped/10_Metas/25/10/20191025105500_00160.jpg,datasets_flow/dataset_cropped/10_Metas/25/10/20191025105500_00160.jpg,datasets_cloudmask/dataset_cropped/10_Metas/25/10/20191025105500_00160.png,570.8,931,56.9,20.9,967
10/25/2019 10:56,datasets/dataset_cropped/10_Metas/25/10/20191025105600_00160.jpg,datasets_flow/dataset_cropped/10_Metas/25/10/20191025105600_00160.jpg,datasets_cloudmask/dataset_cropped/10_Metas/25/10/20191025105600_00160.png,572.8,932,57.2,20.8,967
10/25/2019 10:57,datasets/dataset_cropped/10_Metas/25/10/20191025105700_00160.jpg,datasets_flow/dataset_cropped/10_Metas/25/10/20191025105700_00160.jpg,datasets_cloudmask/dataset_cropped/10_Metas/25/10/20191025105700_00160.png,574.7,932,57.5,20.9,967
10/25/2019 10:58,datasets/dataset_cropped/10_Metas/25/10/20191025105800_00160.jpg,datasets_flow/dataset_cropped/10_Metas/25/10/20191025105800_00160.jpg,datasets_cloudmask/dataset_cropped/10_Metas/25/10/20191025105800_00160.png,577,933,57.7,21.1,967
10/25/2019 10:59,datasets/dataset_cropped/10_Metas/25/10/20191025105900_00160.jpg,datasets_flow/dataset_cropped/10_Metas/25/10/20191025105900_00160.jpg,datasets_cloudmask/dataset_cropped/10_Metas/25/10/20191025105900_00160.png,579.1,933,57.6,21,967
10/25/2019 11:00,datasets/dataset_cropped/10_Metas/25/11/20191025110000_00160.jpg,datasets_flow/dataset_cropped/10_Metas/25/11/20191025110000_00160.jpg,datasets_cloudmask/dataset_cropped/10_Metas/25/11/20191025110000_00160.png,580.8,934,57.8,20.8,967
10/25/2019 11:01,datasets/dataset_cropped/10_Metas/25/11/20191025110100_00160.jpg,datasets_flow/dataset_cropped/10_Metas/25/11/20191025110100_00160.jpg,datasets_cloudmask/dataset_cropped/10_Metas/25/11/20191025110100_00160.png,582.5,935,57.9,20.9,967
10/25/2019 11:02,datasets/dataset_cropped/10_Metas/25/11/20191025110200_00160.jpg,datasets_flow/dataset_cropped/10_Metas/25/11/20191025110200_00160.jpg,datasets_cloudmask/dataset_cropped/10_Metas/25/11/20191025110200_00160.png,584.5,936,58,20.8,967
10/25/2019 11:03,datasets/dataset_cropped/10_Metas/25/11/20191025110300_00160.jpg,datasets_flow/dataset_cropped/10_Metas/25/11/20191025110300_00160.jpg,datasets_cloudmask/dataset_cropped/10_Metas/25/11/20191025110300_00160.png,586.3,937,57.8,20.7,967
10/25/2019 11:04,datasets/dataset_cropped/10_Metas/25/11/20191025110400_00160.jpg,datasets_flow/dataset_cropped/10_Metas/25/11/20191025110400_00160.jpg,datasets_cloudmask/dataset_cropped/10_Metas/25/11/20191025110400_00160.png,587.7,937,57.5,20.7,967
10/25/2019 11:05,datasets/dataset_cropped/10_Metas/25/11/20191025110500_00160.jpg,datasets_flow/dataset_cropped/10_Metas/25/11/20191025110500_00160.jpg,datasets_cloudmask/dataset_cropped/10_Metas/25/11/20191025110500_00160.png,589.6,937,57.8,20.7,967
10/25/2019 11:06,datasets/dataset_cropped/10_Metas/25/11/20191025110600_00160.jpg,datasets_flow/dataset_cropped/10_Metas/25/11/20191025110600_00160.jpg,datasets_cloudmask/dataset_cropped/10_Metas/25/11/20191025110600_00160.png,591.3,939,57.7,20.7,967
10/25/2019 11:07,datasets/dataset_cropped/10_Metas/25/11/20191025110700_00160.jpg,datasets_flow/dataset_cropped/10_Metas/25/11/20191025110700_00160.jpg,datasets_cloudmask/dataset_cropped/10_Metas/25/11/20191025110700_00160.png,593.4,940,57.8,20.7,967
10/25/2019 11:08,datasets/dataset_cropped/10_Metas/25/11/20191025110800_00160.jpg,datasets_flow/dataset_cropped/10_Metas/25/11/20191025110800_00160.jpg,datasets_cloudmask/dataset_cropped/10_Metas/25/11/20191025110800_00160.png,595.3,941,57.8,20.9,967
10/25/2019 11:09,datasets/dataset_cropped/10_Metas/25/11/20191025110900_00160.jpg,datasets_flow/dataset_cropped/10_Metas/25/11/20191025110900_00160.jpg,datasets_cloudmask/dataset_cropped/10_Metas/25/11/20191025110900_00160.png,596.6,941,57.5,21.2,967
10/25/2019 11:10,datasets/dataset_cropped/10_Metas/25/11/20191025111000_00160.jpg,datasets_flow/dataset_cropped/10_Metas/25/11/20191025111000_00160.jpg,datasets_cloudmask/dataset_cropped/10_Metas/25/11/20191025111000_00160.png,598.4,941,57.5,21.5,967
10/25/2019 11:11,datasets/dataset_cropped/10_Metas/25/11/20191025111100_00160.jpg,datasets_flow/dataset_cropped/10_Metas/25/11/20191025111100_00160.jpg,datasets_cloudmask/dataset_cropped/10_Metas/25/11/20191025111100_00160.png,600,940,57.6,21.7,967
10/25/2019 11:12,datasets/dataset_cropped/10_Metas/25/11/20191025111200_00160.jpg,datasets_flow/dataset_cropped/10_Metas/25/11/20191025111200_00160.jpg,datasets_cloudmask/dataset_cropped/10_Metas/25/11/20191025111200_00160.png,601.9,940,57.9,21.7,967
10/25/2019 11:13,datasets/dataset_cropped/10_Metas/25/11/20191025111300_00160.jpg,datasets_flow/dataset_cropped/10_Metas/25/11/20191025111300_00160.jpg,datasets_cloudmask/dataset_cropped/10_Metas/25/11/20191025111300_00160.png,603.6,940,58,21.4,967
10/25/2019 11:14,datasets/dataset_cropped/10_Metas/25/11/20191025111400_00160.jpg,datasets_flow/dataset_cropped/10_Metas/25/11/20191025111400_00160.jpg,datasets_cloudmask/dataset_cropped/10_Metas/25/11/20191025111400_00160.png,606.1,941,58.3,21.3,967
10/25/2019 11:15,datasets/dataset_cropped/10_Metas/25/11/20191025111500_00160.jpg,datasets_flow/dataset_cropped/10_Metas/25/11/20191025111500_00160.jpg,datasets_cloudmask/dataset_cropped/10_Metas/25/11/20191025111500_00160.png,608.1,943,58.2,21.2,967
10/25/2019 11:16,datasets/dataset_cropped/10_Metas/25/11/20191025111600_00160.jpg,datasets_flow/dataset_cropped/10_Metas/25/11/20191025111600_00160.jpg,datasets_cloudmask/dataset_cropped/10_Metas/25/11/20191025111600_00160.png,609.6,944,58,21.1,967
10/25/2019 11:17,datasets/dataset_cropped/10_Metas/25/11/20191025111700_00160.jpg,datasets_flow/dataset_cropped/10_Metas/25/11/20191025111700_00160.jpg,datasets_cloudmask/dataset_cropped/10_Metas/25/11/20191025111700_00160.png,610.4,943,58.3,21,967
10/25/2019 11:18,datasets/dataset_cropped/10_Metas/25/11/20191025111800_00160.jpg,datasets_flow/dataset_cropped/10_Metas/25/11/20191025111800_00160.jpg,datasets_cloudmask/dataset_cropped/10_Metas/25/11/20191025111800_00160.png,611.7,943,58.2,21.2,967
10/25/2019 11:19,datasets/dataset_cropped/10_Metas/25/11/20191025111900_00160.jpg,datasets_flow/dataset_cropped/10_Metas/25/11/20191025111900_00160.jpg,datasets_cloudmask/dataset_cropped/10_Metas/25/11/20191025111900_00160.png,613.2,943,58.2,21.3,967
10/25/2019 11:20,datasets/dataset_cropped/10_Metas/25/11/20191025112000_00160.jpg,datasets_flow/dataset_cropped/10_Metas/25/11/20191025112000_00160.jpg,datasets_cloudmask/dataset_cropped/10_Metas/25/11/20191025112000_00160.png,614.6,943,58.4,21.3,967
10/25/2019 11:21,datasets/dataset_cropped/10_Metas/25/11/20191025112100_00160.jpg,datasets_flow/dataset_cropped/10_Metas/25/11/20191025112100_00160.jpg,datasets_cloudmask/dataset_cropped/10_Metas/25/11/20191025112100_00160.png,616.3,944,58.3,21.2,967
10/25/2019 11:22,datasets/dataset_cropped/10_Metas/25/11/20191025112200_00160.jpg,datasets_flow/dataset_cropped/10_Metas/25/11/20191025112200_00160.jpg,datasets_cloudmask/dataset_cropped/10_Metas/25/11/20191025112200_00160.png,617.8,944,58.4,21.1,967
10/25/2019 11:23,datasets/dataset_cropped/10_Metas/25/11/20191025112300_00160.jpg,datasets_flow/dataset_cropped/10_Metas/25/11/20191025112300_00160.jpg,datasets_cloudmask/dataset_cropped/10_Metas/25/11/20191025112300_00160.png,619.6,945,58.7,21,967
10/25/2019 11:24,datasets/dataset_cropped/10_Metas/25/11/20191025112400_00160.jpg,datasets_flow/dataset_cropped/10_Metas/25/11/20191025112400_00160.jpg,datasets_cloudmask/dataset_cropped/10_Metas/25/11/20191025112400_00160.png,621.5,946,58.7,21,967
10/25/2019 11:25,datasets/dataset_cropped/10_Metas/25/11/20191025112500_00160.jpg,datasets_flow/dataset_cropped/10_Metas/25/11/20191025112500_00160.jpg,datasets_cloudmask/dataset_cropped/10_Metas/25/11/20191025112500_00160.png,622.9,946,58.7,21.2,967
10/25/2019 11:26,datasets/dataset_cropped/10_Metas/25/11/20191025112600_00160.jpg,datasets_flow/dataset_cropped/10_Metas/25/11/20191025112600_00160.jpg,datasets_cloudmask/dataset_cropped/10_Metas/25/11/20191025112600_00160.png,624.3,946,58.9,21.3,967
10/25/2019 11:27,datasets/dataset_cropped/10_Metas/25/11/20191025112700_00160.jpg,datasets_flow/dataset_cropped/10_Metas/25/11/20191025112700_00160.jpg,datasets_cloudmask/dataset_cropped/10_Metas/25/11/20191025112700_00160.png,625.8,946,59,21.4,967
10/25/2019 11:28,datasets/dataset_cropped/10_Metas/25/11/20191025112800_00160.jpg,datasets_flow/dataset_cropped/10_Metas/25/11/20191025112800_00160.jpg,datasets_cloudmask/dataset_cropped/10_Metas/25/11/20191025112800_00160.png,627.5,946,59.1,21.5,967
10/25/2019 11:29,datasets/dataset_cropped/10_Metas/25/11/20191025112900_00160.jpg,datasets_flow/dataset_cropped/10_Metas/25/11/20191025112900_00160.jpg,datasets_cloudmask/dataset_cropped/10_Metas/25/11/20191025112900_00160.png,629.1,947,59.1,21.4,967
10/25/2019 11:30,datasets/dataset_cropped/10_Metas/25/11/20191025113000_00160.jpg,datasets_flow/dataset_cropped/10_Metas/25/11/20191025113000_00160.jpg,datasets_cloudmask/dataset_cropped/10_Metas/25/11/20191025113000_00160.png,630.7,947,59.1,21.4,967
10/25/2019 11:31,datasets/dataset_cropped/10_Metas/25/11/20191025113100_00160.jpg,datasets_flow/dataset_cropped/10_Metas/25/11/20191025113100_00160.jpg,datasets_cloudmask/dataset_cropped/10_Metas/25/11/20191025113100_00160.png,632,947,59.1,21.3,967
10/25/2019 11:32,datasets/dataset_cropped/10_Metas/25/11/20191025113200_00160.jpg,datasets_flow/dataset_cropped/10_Metas/25/11/20191025113200_00160.jpg,datasets_cloudmask/dataset_cropped/10_Metas/25/11/20191025113200_00160.png,632.9,947,59.1,21.3,967
10/25/2019 11:33,datasets/dataset_cropped/10_Metas/25/11/20191025113300_00160.jpg,datasets_flow/dataset_cropped/10_Metas/25/11/20191025113300_00160.jpg,datasets_cloudmask/dataset_cropped/10_Metas/25/11/20191025113300_00160.png,634.3,947,59.2,21.3,967
10/25/2019 11:34,datasets/dataset_cropped/10_Metas/25/11/20191025113400_00160.jpg,datasets_flow/dataset_cropped/10_Metas/25/11/20191025113400_00160.jpg,datasets_cloudmask/dataset_cropped/10_Metas/25/11/20191025113400_00160.png,635.4,947,59.2,21,967
10/25/2019 11:35,datasets/dataset_cropped/10_Metas/25/11/20191025113500_00160.jpg,datasets_flow/dataset_cropped/10_Metas/25/11/20191025113500_00160.jpg,datasets_cloudmask/dataset_cropped/10_Metas/25/11/20191025113500_00160.png,637,947,59.2,20.9,967
10/25/2019 11:36,datasets/dataset_cropped/10_Metas/25/11/20191025113600_00160.jpg,datasets_flow/dataset_cropped/10_Metas/25/11/20191025113600_00160.jpg,datasets_cloudmask/dataset_cropped/10_Metas/25/11/20191025113600_00160.png,638.8,948,59.4,20.8,967
10/25/2019 11:37,datasets/dataset_cropped/10_Metas/25/11/20191025113700_00160.jpg,datasets_flow/dataset_cropped/10_Metas/25/11/20191025113700_00160.jpg,datasets_cloudmask/dataset_cropped/10_Metas/25/11/20191025113700_00160.png,640.6,949,59.4,20.8,967
10/25/2019 11:38,datasets/dataset_cropped/10_Metas/25/11/20191025113800_00160.jpg,datasets_flow/dataset_cropped/10_Metas/25/11/20191025113800_00160.jpg,datasets_cloudmask/dataset_cropped/10_Metas/25/11/20191025113800_00160.png,642.4,950,59.8,20.8,967
10/25/2019 11:39,datasets/dataset_cropped/10_Metas/25/11/20191025113900_00160.jpg,datasets_flow/dataset_cropped/10_Metas/25/11/20191025113900_00160.jpg,datasets_cloudmask/dataset_cropped/10_Metas/25/11/20191025113900_00160.png,643.2,950,59.6,20.6,967
10/25/2019 11:40,datasets/dataset_cropped/10_Metas/25/11/20191025114000_00160.jpg,datasets_flow/dataset_cropped/10_Metas/25/11/20191025114000_00160.jpg,datasets_cloudmask/dataset_cropped/10_Metas/25/11/20191025114000_00160.png,644.7,951,59.9,20.4,967
10/25/2019 11:41,datasets/dataset_cropped/10_Metas/25/11/20191025114100_00160.jpg,datasets_flow/dataset_cropped/10_Metas/25/11/20191025114100_00160.jpg,datasets_cloudmask/dataset_cropped/10_Metas/25/11/20191025114100_00160.png,646.2,952,59.9,20.5,967
10/25/2019 11:42,datasets/dataset_cropped/10_Metas/25/11/20191025114200_00160.jpg,datasets_flow/dataset_cropped/10_Metas/25/11/20191025114200_00160.jpg,datasets_cloudmask/dataset_cropped/10_Metas/25/11/20191025114200_00160.png,648,953,59.9,20.4,967
10/25/2019 11:43,datasets/dataset_cropped/10_Metas/25/11/20191025114300_00160.jpg,datasets_flow/dataset_cropped/10_Metas/25/11/20191025114300_00160.jpg,datasets_cloudmask/dataset_cropped/10_Metas/25/11/20191025114300_00160.png,649.1,953,59.7,20.6,967
10/25/2019 11:44,datasets/dataset_cropped/10_Metas/25/11/20191025114400_00160.jpg,datasets_flow/dataset_cropped/10_Metas/25/11/20191025114400_00160.jpg,datasets_cloudmask/dataset_cropped/10_Metas/25/11/20191025114400_00160.png,650.2,953,59.7,20.6,967
10/25/2019 11:45,datasets/dataset_cropped/10_Metas/25/11/20191025114500_00160.jpg,datasets_flow/dataset_cropped/10_Metas/25/11/20191025114500_00160.jpg,datasets_cloudmask/dataset_cropped/10_Metas/25/11/20191025114500_00160.png,651.5,954,59.5,20.7,967
10/25/2019 11:46,datasets/dataset_cropped/10_Metas/25/11/20191025114600_00160.jpg,datasets_flow/dataset_cropped/10_Metas/25/11/20191025114600_00160.jpg,datasets_cloudmask/dataset_cropped/10_Metas/25/11/20191025114600_00160.png,652.5,953,59.6,20.7,967
10/25/2019 11:47,datasets/dataset_cropped/10_Metas/25/11/20191025114700_00160.jpg,datasets_flow/dataset_cropped/10_Metas/25/11/20191025114700_00160.jpg,datasets_cloudmask/dataset_cropped/10_Metas/25/11/20191025114700_00160.png,653.7,954,59.8,20.6,967
10/25/2019 11:48,datasets/dataset_cropped/10_Metas/25/11/20191025114800_00160.jpg,datasets_flow/dataset_cropped/10_Metas/25/11/20191025114800_00160.jpg,datasets_cloudmask/dataset_cropped/10_Metas/25/11/20191025114800_00160.png,654.9,954,59.9,20.5,967
10/25/2019 11:49,datasets/dataset_cropped/10_Metas/25/11/20191025114900_00160.jpg,datasets_flow/dataset_cropped/10_Metas/25/11/20191025114900_00160.jpg,datasets_cloudmask/dataset_cropped/10_Metas/25/11/20191025114900_00160.png,656.5,955,60.1,20.5,967
10/25/2019 11:50,datasets/dataset_cropped/10_Metas/25/11/20191025115000_00160.jpg,datasets_flow/dataset_cropped/10_Metas/25/11/20191025115000_00160.jpg,datasets_cloudmask/dataset_cropped/10_Metas/25/11/20191025115000_00160.png,657.6,956,60,20.6,967
10/25/2019 11:51,datasets/dataset_cropped/10_Metas/25/11/20191025115100_00160.jpg,datasets_flow/dataset_cropped/10_Metas/25/11/20191025115100_00160.jpg,datasets_cloudmask/dataset_cropped/10_Metas/25/11/20191025115100_00160.png,658.7,956,60,20.4,967
10/25/2019 11:52,datasets/dataset_cropped/10_Metas/25/11/20191025115200_00160.jpg,datasets_flow/dataset_cropped/10_Metas/25/11/20191025115200_00160.jpg,datasets_cloudmask/dataset_cropped/10_Metas/25/11/20191025115200_00160.png,659.6,956,60,20.6,966
10/25/2019 11:53,datasets/dataset_cropped/10_Metas/25/11/20191025115300_00160.jpg,datasets_flow/dataset_cropped/10_Metas/25/11/20191025115300_00160.jpg,datasets_cloudmask/dataset_cropped/10_Metas/25/11/20191025115300_00160.png,660.6,957,60,20.5,966
10/25/2019 11:54,datasets/dataset_cropped/10_Metas/25/11/20191025115400_00160.jpg,datasets_flow/dataset_cropped/10_Metas/25/11/20191025115400_00160.jpg,datasets_cloudmask/dataset_cropped/10_Metas/25/11/20191025115400_00160.png,662,957,60.2,20.4,966
10/25/2019 11:55,datasets/dataset_cropped/10_Metas/25/11/20191025115500_00160.jpg,datasets_flow/dataset_cropped/10_Metas/25/11/20191025115500_00160.jpg,datasets_cloudmask/dataset_cropped/10_Metas/25/11/20191025115500_00160.png,663.3,958,60.2,20.5,966
10/25/2019 11:56,datasets/dataset_cropped/10_Metas/25/11/20191025115600_00160.jpg,datasets_flow/dataset_cropped/10_Metas/25/11/20191025115600_00160.jpg,datasets_cloudmask/dataset_cropped/10_Metas/25/11/20191025115600_00160.png,664.5,959,60.2,20.6,966
10/25/2019 11:57,datasets/dataset_cropped/10_Metas/25/11/20191025115700_00160.jpg,datasets_flow/dataset_cropped/10_Metas/25/11/20191025115700_00160.jpg,datasets_cloudmask/dataset_cropped/10_Metas/25/11/20191025115700_00160.png,665.7,959,60.5,20.7,967
10/25/2019 11:58,datasets/dataset_cropped/10_Metas/25/11/20191025115800_00160.jpg,datasets_flow/dataset_cropped/10_Metas/25/11/20191025115800_00160.jpg,datasets_cloudmask/dataset_cropped/10_Metas/25/11/20191025115800_00160.png,666.4,959,60.5,20.8,967
10/25/2019 11:59,datasets/dataset_cropped/10_Metas/25/11/20191025115900_00160.jpg,datasets_flow/dataset_cropped/10_Metas/25/11/20191025115900_00160.jpg,datasets_cloudmask/dataset_cropped/10_Metas/25/11/20191025115900_00160.png,667.4,959,60.6,20.8,967
10/25/2019 12:00,datasets/dataset_cropped/10_Metas/25/12/20191025120000_00160.jpg,datasets_flow/dataset_cropped/10_Metas/25/12/20191025120000_00160.jpg,datasets_cloudmask/dataset_cropped/10_Metas/25/12/20191025120000_00160.png,668.4,959,60.6,20.7,967
10/25/2019 12:01,datasets/dataset_cropped/10_Metas/25/12/20191025120100_00160.jpg,datasets_flow/dataset_cropped/10_Metas/25/12/20191025120100_00160.jpg,datasets_cloudmask/dataset_cropped/10_Metas/25/12/20191025120100_00160.png,669.2,959,60.9,20.9,967
10/25/2019 12:02,datasets/dataset_cropped/10_Metas/25/12/20191025120200_00160.jpg,datasets_flow/dataset_cropped/10_Metas/25/12/20191025120200_00160.jpg,datasets_cloudmask/dataset_cropped/10_Metas/25/12/20191025120200_00160.png,669.9,959,61.2,20.9,967
10/25/2019 12:03,datasets/dataset_cropped/10_Metas/25/12/20191025120300_00160.jpg,datasets_flow/dataset_cropped/10_Metas/25/12/20191025120300_00160.jpg,datasets_cloudmask/dataset_cropped/10_Metas/25/12/20191025120300_00160.png,670.9,960,61,21.1,966
10/25/2019 12:04,datasets/dataset_cropped/10_Metas/25/12/20191025120400_00160.jpg,datasets_flow/dataset_cropped/10_Metas/25/12/20191025120400_00160.jpg,datasets_cloudmask/dataset_cropped/10_Metas/25/12/20191025120400_00160.png,671.7,960,60.8,21.1,967
10/25/2019 12:05,datasets/dataset_cropped/10_Metas/25/12/20191025120500_00160.jpg,datasets_flow/dataset_cropped/10_Metas/25/12/20191025120500_00160.jpg,datasets_cloudmask/dataset_cropped/10_Metas/25/12/20191025120500_00160.png,672.8,960,61,21.3,966
10/25/2019 12:06,datasets/dataset_cropped/10_Metas/25/12/20191025120600_00160.jpg,datasets_flow/dataset_cropped/10_Metas/25/12/20191025120600_00160.jpg,datasets_cloudmask/dataset_cropped/10_Metas/25/12/20191025120600_00160.png,674.3,961,61.3,21.3,966
10/25/2019 12:07,datasets/dataset_cropped/10_Metas/25/12/20191025120700_00160.jpg,datasets_flow/dataset_cropped/10_Metas/25/12/20191025120700_00160.jpg,datasets_cloudmask/dataset_cropped/10_Metas/25/12/20191025120700_00160.png,674.7,960,61.2,21.2,967
10/25/2019 12:08,datasets/dataset_cropped/10_Metas/25/12/20191025120800_00160.jpg,datasets_flow/dataset_cropped/10_Metas/25/12/20191025120800_00160.jpg,datasets_cloudmask/dataset_cropped/10_Metas/25/12/20191025120800_00160.png,675.3,960,61.1,21.2,966
10/25/2019 12:09,datasets/dataset_cropped/10_Metas/25/12/20191025120900_00160.jpg,datasets_flow/dataset_cropped/10_Metas/25/12/20191025120900_00160.jpg,datasets_cloudmask/dataset_cropped/10_Metas/25/12/20191025120900_00160.png,676.4,961,61.1,21.4,966
10/25/2019 12:10,datasets/dataset_cropped/10_Metas/25/12/20191025121000_00160.jpg,datasets_flow/dataset_cropped/10_Metas/25/12/20191025121000_00160.jpg,datasets_cloudmask/dataset_cropped/10_Metas/25/12/20191025121000_00160.png,677.4,961,61,21.6,966
10/25/2019 12:11,datasets/dataset_cropped/10_Metas/25/12/20191025121100_00160.jpg,datasets_flow/dataset_cropped/10_Metas/25/12/20191025121100_00160.jpg,datasets_cloudmask/dataset_cropped/10_Metas/25/12/20191025121100_00160.png,678.5,961,61.1,21.5,966
10/25/2019 12:12,datasets/dataset_cropped/10_Metas/25/12/20191025121200_00160.jpg,datasets_flow/dataset_cropped/10_Metas/25/12/20191025121200_00160.jpg,datasets_cloudmask/dataset_cropped/10_Metas/25/12/20191025121200_00160.png,679,960,61.2,21.5,966
10/25/2019 12:13,datasets/dataset_cropped/10_Metas/25/12/20191025121300_00160.jpg,datasets_flow/dataset_cropped/10_Metas/25/12/20191025121300_00160.jpg,datasets_cloudmask/dataset_cropped/10_Metas/25/12/20191025121300_00160.png,679.5,960,61.2,21.2,966
10/25/2019 12:14,datasets/dataset_cropped/10_Metas/25/12/20191025121400_00160.jpg,datasets_flow/dataset_cropped/10_Metas/25/12/20191025121400_00160.jpg,datasets_cloudmask/dataset_cropped/10_Metas/25/12/20191025121400_00160.png,680.5,961,61.4,21,966
10/25/2019 12:15,datasets/dataset_cropped/10_Metas/25/12/20191025121500_00160.jpg,datasets_flow/dataset_cropped/10_Metas/25/12/20191025121500_00160.jpg,datasets_cloudmask/dataset_cropped/10_Metas/25/12/20191025121500_00160.png,681.4,962,61.4,20.9,966
10/25/2019 12:16,datasets/dataset_cropped/10_Metas/25/12/20191025121600_00160.jpg,datasets_flow/dataset_cropped/10_Metas/25/12/20191025121600_00160.jpg,datasets_cloudmask/dataset_cropped/10_Metas/25/12/20191025121600_00160.png,682,962,61.6,21.1,966
10/25/2019 12:17,datasets/dataset_cropped/10_Metas/25/12/20191025121700_00160.jpg,datasets_flow/dataset_cropped/10_Metas/25/12/20191025121700_00160.jpg,datasets_cloudmask/dataset_cropped/10_Metas/25/12/20191025121700_00160.png,682.5,962,61.4,21.4,966
10/25/2019 12:18,datasets/dataset_cropped/10_Metas/25/12/20191025121800_00160.jpg,datasets_flow/dataset_cropped/10_Metas/25/12/20191025121800_00160.jpg,datasets_cloudmask/dataset_cropped/10_Metas/25/12/20191025121800_00160.png,683.6,962,61.2,21.2,966
10/25/2019 12:19,datasets/dataset_cropped/10_Metas/25/12/20191025121900_00160.jpg,datasets_flow/dataset_cropped/10_Metas/25/12/20191025121900_00160.jpg,datasets_cloudmask/dataset_cropped/10_Metas/25/12/20191025121900_00160.png,684.3,962,61.5,21.1,966
10/25/2019 12:20,datasets/dataset_cropped/10_Metas/25/12/20191025122000_00160.jpg,datasets_flow/dataset_cropped/10_Metas/25/12/20191025122000_00160.jpg,datasets_cloudmask/dataset_cropped/10_Metas/25/12/20191025122000_00160.png,684.9,963,61.4,21.1,966
10/25/2019 12:21,datasets/dataset_cropped/10_Metas/25/12/20191025122100_00160.jpg,datasets_flow/dataset_cropped/10_Metas/25/12/20191025122100_00160.jpg,datasets_cloudmask/dataset_cropped/10_Metas/25/12/20191025122100_00160.png,685,962,61.3,21.3,966
10/25/2019 12:22,datasets/dataset_cropped/10_Metas/25/12/20191025122200_00160.jpg,datasets_flow/dataset_cropped/10_Metas/25/12/20191025122200_00160.jpg,datasets_cloudmask/dataset_cropped/10_Metas/25/12/20191025122200_00160.png,685.5,961,61.4,21.3,966
10/25/2019 12:23,datasets/dataset_cropped/10_Metas/25/12/20191025122300_00160.jpg,datasets_flow/dataset_cropped/10_Metas/25/12/20191025122300_00160.jpg,datasets_cloudmask/dataset_cropped/10_Metas/25/12/20191025122300_00160.png,686.4,962,61.5,21.2,966
10/25/2019 12:24,datasets/dataset_cropped/10_Metas/25/12/20191025122400_00160.jpg,datasets_flow/dataset_cropped/10_Metas/25/12/20191025122400_00160.jpg,datasets_cloudmask/dataset_cropped/10_Metas/25/12/20191025122400_00160.png,687.1,963,61.4,21.3,966
10/25/2019 12:25,datasets/dataset_cropped/10_Metas/25/12/20191025122500_00160.jpg,datasets_flow/dataset_cropped/10_Metas/25/12/20191025122500_00160.jpg,datasets_cloudmask/dataset_cropped/10_Metas/25/12/20191025122500_00160.png,687.9,963,61.7,21.5,966
10/25/2019 12:26,datasets/dataset_cropped/10_Metas/25/12/20191025122600_00160.jpg,datasets_flow/dataset_cropped/10_Metas/25/12/20191025122600_00160.jpg,datasets_cloudmask/dataset_cropped/10_Metas/25/12/20191025122600_00160.png,688.3,964,61.7,21.4,966
10/25/2019 12:27,datasets/dataset_cropped/10_Metas/25/12/20191025122700_00160.jpg,datasets_flow/dataset_cropped/10_Metas/25/12/20191025122700_00160.jpg,datasets_cloudmask/dataset_cropped/10_Metas/25/12/20191025122700_00160.png,689,964,61.6,21.4,966
10/25/2019 12:28,datasets/dataset_cropped/10_Metas/25/12/20191025122800_00160.jpg,datasets_flow/dataset_cropped/10_Metas/25/12/20191025122800_00160.jpg,datasets_cloudmask/dataset_cropped/10_Metas/25/12/20191025122800_00160.png,690.1,965,61.4,21.5,966
10/25/2019 12:29,datasets/dataset_cropped/10_Metas/25/12/20191025122900_00160.jpg,datasets_flow/dataset_cropped/10_Metas/25/12/20191025122900_00160.jpg,datasets_cloudmask/dataset_cropped/10_Metas/25/12/20191025122900_00160.png,690.8,965,61.5,21.5,966
10/25/2019 12:30,datasets/dataset_cropped/10_Metas/25/12/20191025123000_00160.jpg,datasets_flow/dataset_cropped/10_Metas/25/12/20191025123000_00160.jpg,datasets_cloudmask/dataset_cropped/10_Metas/25/12/20191025123000_00160.png,691.5,965,61.4,21.5,966
10/25/2019 12:31,datasets/dataset_cropped/10_Metas/25/12/20191025123100_00160.jpg,datasets_flow/dataset_cropped/10_Metas/25/12/20191025123100_00160.jpg,datasets_cloudmask/dataset_cropped/10_Metas/25/12/20191025123100_00160.png,692,965,61.5,21.6,966
10/25/2019 12:32,datasets/dataset_cropped/10_Metas/25/12/20191025123200_00160.jpg,datasets_flow/dataset_cropped/10_Metas/25/12/20191025123200_00160.jpg,datasets_cloudmask/dataset_cropped/10_Metas/25/12/20191025123200_00160.png,692.3,965,61.5,21.7,966
10/25/2019 12:33,datasets/dataset_cropped/10_Metas/25/12/20191025123300_00160.jpg,datasets_flow/dataset_cropped/10_Metas/25/12/20191025123300_00160.jpg,datasets_cloudmask/dataset_cropped/10_Metas/25/12/20191025123300_00160.png,692.2,964,61.7,21.9,966
10/25/2019 12:34,datasets/dataset_cropped/10_Metas/25/12/20191025123400_00160.jpg,datasets_flow/dataset_cropped/10_Metas/25/12/20191025123400_00160.jpg,datasets_cloudmask/dataset_cropped/10_Metas/25/12/20191025123400_00160.png,692.4,964,61.8,21.9,966
10/25/2019 12:35,datasets/dataset_cropped/10_Metas/25/12/20191025123500_00160.jpg,datasets_flow/dataset_cropped/10_Metas/25/12/20191025123500_00160.jpg,datasets_cloudmask/dataset_cropped/10_Metas/25/12/20191025123500_00160.png,692.2,964,61.6,21.8,966
10/25/2019 12:36,datasets/dataset_cropped/10_Metas/25/12/20191025123600_00160.jpg,datasets_flow/dataset_cropped/10_Metas/25/12/20191025123600_00160.jpg,datasets_cloudmask/dataset_cropped/10_Metas/25/12/20191025123600_00160.png,692.5,964,61.9,21.6,966
10/25/2019 12:37,datasets/dataset_cropped/10_Metas/25/12/20191025123700_00160.jpg,datasets_flow/dataset_cropped/10_Metas/25/12/20191025123700_00160.jpg,datasets_cloudmask/dataset_cropped/10_Metas/25/12/20191025123700_00160.png,693.2,965,62,21.6,966
10/25/2019 12:38,datasets/dataset_cropped/10_Metas/25/12/20191025123800_00160.jpg,datasets_flow/dataset_cropped/10_Metas/25/12/20191025123800_00160.jpg,datasets_cloudmask/dataset_cropped/10_Metas/25/12/20191025123800_00160.png,693.6,966,61.9,21.6,966
10/25/2019 12:39,datasets/dataset_cropped/10_Metas/25/12/20191025123900_00160.jpg,datasets_flow/dataset_cropped/10_Metas/25/12/20191025123900_00160.jpg,datasets_cloudmask/dataset_cropped/10_Metas/25/12/20191025123900_00160.png,693.7,966,61.6,21.7,966
10/25/2019 12:40,datasets/dataset_cropped/10_Metas/25/12/20191025124000_00160.jpg,datasets_flow/dataset_cropped/10_Metas/25/12/20191025124000_00160.jpg,datasets_cloudmask/dataset_cropped/10_Metas/25/12/20191025124000_00160.png,694,966,61.6,21.9,966
10/25/2019 12:41,datasets/dataset_cropped/10_Metas/25/12/20191025124100_00160.jpg,datasets_flow/dataset_cropped/10_Metas/25/12/20191025124100_00160.jpg,datasets_cloudmask/dataset_cropped/10_Metas/25/12/20191025124100_00160.png,694.1,966,61.7,22.1,966
10/25/2019 12:42,datasets/dataset_cropped/10_Metas/25/12/20191025124200_00160.jpg,datasets_flow/dataset_cropped/10_Metas/25/12/20191025124200_00160.jpg,datasets_cloudmask/dataset_cropped/10_Metas/25/12/20191025124200_00160.png,694.5,965,61.9,22.1,966
10/25/2019 12:43,datasets/dataset_cropped/10_Metas/25/12/20191025124300_00160.jpg,datasets_flow/dataset_cropped/10_Metas/25/12/20191025124300_00160.jpg,datasets_cloudmask/dataset_cropped/10_Metas/25/12/20191025124300_00160.png,694.7,966,61.8,22.1,966
10/25/2019 12:44,datasets/dataset_cropped/10_Metas/25/12/20191025124400_00160.jpg,datasets_flow/dataset_cropped/10_Metas/25/12/20191025124400_00160.jpg,datasets_cloudmask/dataset_cropped/10_Metas/25/12/20191025124400_00160.png,695.1,966,61.9,21.9,966
10/25/2019 12:45,datasets/dataset_cropped/10_Metas/25/12/20191025124500_00160.jpg,datasets_flow/dataset_cropped/10_Metas/25/12/20191025124500_00160.jpg,datasets_cloudmask/dataset_cropped/10_Metas/25/12/20191025124500_00160.png,695.1,965,61.7,21.9,966
10/25/2019 12:46,datasets/dataset_cropped/10_Metas/25/12/20191025124600_00160.jpg,datasets_flow/dataset_cropped/10_Metas/25/12/20191025124600_00160.jpg,datasets_cloudmask/dataset_cropped/10_Metas/25/12/20191025124600_00160.png,695.4,965,61.8,21.9,966
10/25/2019 12:47,datasets/dataset_cropped/10_Metas/25/12/20191025124700_00160.jpg,datasets_flow/dataset_cropped/10_Metas/25/12/20191025124700_00160.jpg,datasets_cloudmask/dataset_cropped/10_Metas/25/12/20191025124700_00160.png,695.5,965,61.8,21.9,966
10/25/2019 12:48,datasets/dataset_cropped/10_Metas/25/12/20191025124800_00160.jpg,datasets_flow/dataset_cropped/10_Metas/25/12/20191025124800_00160.jpg,datasets_cloudmask/dataset_cropped/10_Metas/25/12/20191025124800_00160.png,695.7,965,61.9,21.9,966
10/25/2019 12:49,datasets/dataset_cropped/10_Metas/25/12/20191025124900_00160.jpg,datasets_flow/dataset_cropped/10_Metas/25/12/20191025124900_00160.jpg,datasets_cloudmask/dataset_cropped/10_Metas/25/12/20191025124900_00160.png,695.1,964,61.8,21.9,966
10/25/2019 12:50,datasets/dataset_cropped/10_Metas/25/12/20191025125000_00160.jpg,datasets_flow/dataset_cropped/10_Metas/25/12/20191025125000_00160.jpg,datasets_cloudmask/dataset_cropped/10_Metas/25/12/20191025125000_00160.png,694.8,963,61.8,21.9,966
10/25/2019 12:51,datasets/dataset_cropped/10_Metas/25/12/20191025125100_00160.jpg,datasets_flow/dataset_cropped/10_Metas/25/12/20191025125100_00160.jpg,datasets_cloudmask/dataset_cropped/10_Metas/25/12/20191025125100_00160.png,694.5,962,61.8,21.9,966
10/25/2019 12:52,datasets/dataset_cropped/10_Metas/25/12/20191025125200_00160.jpg,datasets_flow/dataset_cropped/10_Metas/25/12/20191025125200_00160.jpg,datasets_cloudmask/dataset_cropped/10_Metas/25/12/20191025125200_00160.png,694.8,963,61.8,22,966
10/25/2019 12:53,datasets/dataset_cropped/10_Metas/25/12/20191025125300_00160.jpg,datasets_flow/dataset_cropped/10_Metas/25/12/20191025125300_00160.jpg,datasets_cloudmask/dataset_cropped/10_Metas/25/12/20191025125300_00160.png,695.3,964,62.1,21.9,966
10/25/2019 12:54,datasets/dataset_cropped/10_Metas/25/12/20191025125400_00160.jpg,datasets_flow/dataset_cropped/10_Metas/25/12/20191025125400_00160.jpg,datasets_cloudmask/dataset_cropped/10_Metas/25/12/20191025125400_00160.png,695.8,965,62.3,21.8,966
10/25/2019 12:55,datasets/dataset_cropped/10_Metas/25/12/20191025125500_00160.jpg,datasets_flow/dataset_cropped/10_Metas/25/12/20191025125500_00160.jpg,datasets_cloudmask/dataset_cropped/10_Metas/25/12/20191025125500_00160.png,695.5,965,62.1,21.8,966
10/25/2019 12:56,datasets/dataset_cropped/10_Metas/25/12/20191025125600_00160.jpg,datasets_flow/dataset_cropped/10_Metas/25/12/20191025125600_00160.jpg,datasets_cloudmask/dataset_cropped/10_Metas/25/12/20191025125600_00160.png,695.4,965,62.4,21.8,966
10/25/2019 12:57,datasets/dataset_cropped/10_Metas/25/12/20191025125700_00160.jpg,datasets_flow/dataset_cropped/10_Metas/25/12/20191025125700_00160.jpg,datasets_cloudmask/dataset_cropped/10_Metas/25/12/20191025125700_00160.png,694.4,964,62.3,22,966
10/25/2019 12:58,datasets/dataset_cropped/10_Metas/25/12/20191025125800_00160.jpg,datasets_flow/dataset_cropped/10_Metas/25/12/20191025125800_00160.jpg,datasets_cloudmask/dataset_cropped/10_Metas/25/12/20191025125800_00160.png,694.3,964,62.1,22,966
10/25/2019 12:59,datasets/dataset_cropped/10_Metas/25/12/20191025125900_00160.jpg,datasets_flow/dataset_cropped/10_Metas/25/12/20191025125900_00160.jpg,datasets_cloudmask/dataset_cropped/10_Metas/25/12/20191025125900_00160.png,693.8,963,62.2,21.9,966
10/25/2019 13:00,datasets/dataset_cropped/10_Metas/25/13/20191025130000_00160.jpg,datasets_flow/dataset_cropped/10_Metas/25/13/20191025130000_00160.jpg,datasets_cloudmask/dataset_cropped/10_Metas/25/13/20191025130000_00160.png,693.5,962,62.1,21.9,966
10/25/2019 13:01,datasets/dataset_cropped/10_Metas/25/13/20191025130100_00160.jpg,datasets_flow/dataset_cropped/10_Metas/25/13/20191025130100_00160.jpg,datasets_cloudmask/dataset_cropped/10_Metas/25/13/20191025130100_00160.png,693.2,962,62,22.1,966
10/25/2019 13:02,datasets/dataset_cropped/10_Metas/25/13/20191025130200_00160.jpg,datasets_flow/dataset_cropped/10_Metas/25/13/20191025130200_00160.jpg,datasets_cloudmask/dataset_cropped/10_Metas/25/13/20191025130200_00160.png,693.3,962,62,22.3,966
10/25/2019 13:03,datasets/dataset_cropped/10_Metas/25/13/20191025130300_00160.jpg,datasets_flow/dataset_cropped/10_Metas/25/13/20191025130300_00160.jpg,datasets_cloudmask/dataset_cropped/10_Metas/25/13/20191025130300_00160.png,693.4,963,62,22.4,966
10/25/2019 13:04,datasets/dataset_cropped/10_Metas/25/13/20191025130400_00160.jpg,datasets_flow/dataset_cropped/10_Metas/25/13/20191025130400_00160.jpg,datasets_cloudmask/dataset_cropped/10_Metas/25/13/20191025130400_00160.png,693.8,964,62.2,22.3,966
10/25/2019 13:05,datasets/dataset_cropped/10_Metas/25/13/20191025130500_00160.jpg,datasets_flow/dataset_cropped/10_Metas/25/13/20191025130500_00160.jpg,datasets_cloudmask/dataset_cropped/10_Metas/25/13/20191025130500_00160.png,694,965,62.3,22.2,966
10/25/2019 13:06,datasets/dataset_cropped/10_Metas/25/13/20191025130600_00160.jpg,datasets_flow/dataset_cropped/10_Metas/25/13/20191025130600_00160.jpg,datasets_cloudmask/dataset_cropped/10_Metas/25/13/20191025130600_00160.png,693.4,964,62.2,21.9,966
10/25/2019 13:07,datasets/dataset_cropped/10_Metas/25/13/20191025130700_00160.jpg,datasets_flow/dataset_cropped/10_Metas/25/13/20191025130700_00160.jpg,datasets_cloudmask/dataset_cropped/10_Metas/25/13/20191025130700_00160.png,693.2,964,62.1,21.9,966
10/25/2019 13:08,datasets/dataset_cropped/10_Metas/25/13/20191025130800_00160.jpg,datasets_flow/dataset_cropped/10_Metas/25/13/20191025130800_00160.jpg,datasets_cloudmask/dataset_cropped/10_Metas/25/13/20191025130800_00160.png,692.8,963,62.2,21.9,966
10/25/2019 13:09,datasets/dataset_cropped/10_Metas/25/13/20191025130900_00160.jpg,datasets_flow/dataset_cropped/10_Metas/25/13/20191025130900_00160.jpg,datasets_cloudmask/dataset_cropped/10_Metas/25/13/20191025130900_00160.png,692.6,964,62,21.8,966
10/25/2019 13:10,datasets/dataset_cropped/10_Metas/25/13/20191025131000_00160.jpg,datasets_flow/dataset_cropped/10_Metas/25/13/20191025131000_00160.jpg,datasets_cloudmask/dataset_cropped/10_Metas/25/13/20191025131000_00160.png,692,963,61.8,21.8,966
10/25/2019 13:11,datasets/dataset_cropped/10_Metas/25/13/20191025131100_00160.jpg,datasets_flow/dataset_cropped/10_Metas/25/13/20191025131100_00160.jpg,datasets_cloudmask/dataset_cropped/10_Metas/25/13/20191025131100_00160.png,692,963,61.7,21.9,966
10/25/2019 13:12,datasets/dataset_cropped/10_Metas/25/13/20191025131200_00160.jpg,datasets_flow/dataset_cropped/10_Metas/25/13/20191025131200_00160.jpg,datasets_cloudmask/dataset_cropped/10_Metas/25/13/20191025131200_00160.png,691.4,962,61.8,22.1,966
10/25/2019 13:13,datasets/dataset_cropped/10_Metas/25/13/20191025131300_00160.jpg,datasets_flow/dataset_cropped/10_Metas/25/13/20191025131300_00160.jpg,datasets_cloudmask/dataset_cropped/10_Metas/25/13/20191025131300_00160.png,690.9,961,61.9,22.1,966
10/25/2019 13:14,datasets/dataset_cropped/10_Metas/25/13/20191025131400_00160.jpg,datasets_flow/dataset_cropped/10_Metas/25/13/20191025131400_00160.jpg,datasets_cloudmask/dataset_cropped/10_Metas/25/13/20191025131400_00160.png,690.5,961,62,22,966
10/25/2019 13:15,datasets/dataset_cropped/10_Metas/25/13/20191025131500_00160.jpg,datasets_flow/dataset_cropped/10_Metas/25/13/20191025131500_00160.jpg,datasets_cloudmask/dataset_cropped/10_Metas/25/13/20191025131500_00160.png,690.2,960,62.1,22.2,966
10/25/2019 13:16,datasets/dataset_cropped/10_Metas/25/13/20191025131600_00160.jpg,datasets_flow/dataset_cropped/10_Metas/25/13/20191025131600_00160.jpg,datasets_cloudmask/dataset_cropped/10_Metas/25/13/20191025131600_00160.png,689.5,960,62.1,22.1,966
10/25/2019 13:17,datasets/dataset_cropped/10_Metas/25/13/20191025131700_00160.jpg,datasets_flow/dataset_cropped/10_Metas/25/13/20191025131700_00160.jpg,datasets_cloudmask/dataset_cropped/10_Metas/25/13/20191025131700_00160.png,689.2,961,62.1,22,966
10/25/2019 13:18,datasets/dataset_cropped/10_Metas/25/13/20191025131800_00160.jpg,datasets_flow/dataset_cropped/10_Metas/25/13/20191025131800_00160.jpg,datasets_cloudmask/dataset_cropped/10_Metas/25/13/20191025131800_00160.png,689.4,962,62.4,22.1,966
10/25/2019 13:19,datasets/dataset_cropped/10_Metas/25/13/20191025131900_00160.jpg,datasets_flow/dataset_cropped/10_Metas/25/13/20191025131900_00160.jpg,datasets_cloudmask/dataset_cropped/10_Metas/25/13/20191025131900_00160.png,689.2,962,62.2,21.9,966
10/25/2019 13:20,datasets/dataset_cropped/10_Metas/25/13/20191025132000_00160.jpg,datasets_flow/dataset_cropped/10_Metas/25/13/20191025132000_00160.jpg,datasets_cloudmask/dataset_cropped/10_Metas/25/13/20191025132000_00160.png,688.6,962,62.1,21.7,966
10/25/2019 13:21,datasets/dataset_cropped/10_Metas/25/13/20191025132100_00160.jpg,datasets_flow/dataset_cropped/10_Metas/25/13/20191025132100_00160.jpg,datasets_cloudmask/dataset_cropped/10_Metas/25/13/20191025132100_00160.png,688.6,962,61.9,21.9,965
10/25/2019 13:22,datasets/dataset_cropped/10_Metas/25/13/20191025132200_00160.jpg,datasets_flow/dataset_cropped/10_Metas/25/13/20191025132200_00160.jpg,datasets_cloudmask/dataset_cropped/10_Metas/25/13/20191025132200_00160.png,687.9,962,61.6,22,966
10/25/2019 13:23,datasets/dataset_cropped/10_Metas/25/13/20191025132300_00160.jpg,datasets_flow/dataset_cropped/10_Metas/25/13/20191025132300_00160.jpg,datasets_cloudmask/dataset_cropped/10_Metas/25/13/20191025132300_00160.png,687.1,961,61.8,21.9,965
10/25/2019 13:24,datasets/dataset_cropped/10_Metas/25/13/20191025132400_00160.jpg,datasets_flow/dataset_cropped/10_Metas/25/13/20191025132400_00160.jpg,datasets_cloudmask/dataset_cropped/10_Metas/25/13/20191025132400_00160.png,686.5,960,61.8,22.1,965
10/25/2019 13:25,datasets/dataset_cropped/10_Metas/25/13/20191025132500_00160.jpg,datasets_flow/dataset_cropped/10_Metas/25/13/20191025132500_00160.jpg,datasets_cloudmask/dataset_cropped/10_Metas/25/13/20191025132500_00160.png,686.5,961,62.2,22.2,965
10/25/2019 13:26,datasets/dataset_cropped/10_Metas/25/13/20191025132600_00160.jpg,datasets_flow/dataset_cropped/10_Metas/25/13/20191025132600_00160.jpg,datasets_cloudmask/dataset_cropped/10_Metas/25/13/20191025132600_00160.png,685.9,961,62.5,22.2,965
10/25/2019 13:27,datasets/dataset_cropped/10_Metas/25/13/20191025132700_00160.jpg,datasets_flow/dataset_cropped/10_Metas/25/13/20191025132700_00160.jpg,datasets_cloudmask/dataset_cropped/10_Metas/25/13/20191025132700_00160.png,684.7,961,62.2,22.2,965
10/25/2019 13:28,datasets/dataset_cropped/10_Metas/25/13/20191025132800_00160.jpg,datasets_flow/dataset_cropped/10_Metas/25/13/20191025132800_00160.jpg,datasets_cloudmask/dataset_cropped/10_Metas/25/13/20191025132800_00160.png,683.5,960,62,22.2,965
10/25/2019 13:29,datasets/dataset_cropped/10_Metas/25/13/20191025132900_00160.jpg,datasets_flow/dataset_cropped/10_Metas/25/13/20191025132900_00160.jpg,datasets_cloudmask/dataset_cropped/10_Metas/25/13/20191025132900_00160.png,682.5,959,61.9,22.3,965
10/25/2019 13:30,datasets/dataset_cropped/10_Metas/25/13/20191025133000_00160.jpg,datasets_flow/dataset_cropped/10_Metas/25/13/20191025133000_00160.jpg,datasets_cloudmask/dataset_cropped/10_Metas/25/13/20191025133000_00160.png,681.9,958,62.1,22.4,965
10/25/2019 13:31,datasets/dataset_cropped/10_Metas/25/13/20191025133100_00160.jpg,datasets_flow/dataset_cropped/10_Metas/25/13/20191025133100_00160.jpg,datasets_cloudmask/dataset_cropped/10_Metas/25/13/20191025133100_00160.png,681.7,959,62,22.4,965
10/25/2019 13:32,datasets/dataset_cropped/10_Metas/25/13/20191025133200_00160.jpg,datasets_flow/dataset_cropped/10_Metas/25/13/20191025133200_00160.jpg,datasets_cloudmask/dataset_cropped/10_Metas/25/13/20191025133200_00160.png,681.1,958,61.9,22.7,965
10/25/2019 13:33,datasets/dataset_cropped/10_Metas/25/13/20191025133300_00160.jpg,datasets_flow/dataset_cropped/10_Metas/25/13/20191025133300_00160.jpg,datasets_cloudmask/dataset_cropped/10_Metas/25/13/20191025133300_00160.png,680.9,958,61.9,22.6,965
10/25/2019 13:34,datasets/dataset_cropped/10_Metas/25/13/20191025133400_00160.jpg,datasets_flow/dataset_cropped/10_Metas/25/13/20191025133400_00160.jpg,datasets_cloudmask/dataset_cropped/10_Metas/25/13/20191025133400_00160.png,680.8,960,61.9,22.5,965
10/25/2019 13:35,datasets/dataset_cropped/10_Metas/25/13/20191025133500_00160.jpg,datasets_flow/dataset_cropped/10_Metas/25/13/20191025133500_00160.jpg,datasets_cloudmask/dataset_cropped/10_Metas/25/13/20191025133500_00160.png,680.3,960,62.3,22.4,965
10/25/2019 13:36,datasets/dataset_cropped/10_Metas/25/13/20191025133600_00160.jpg,datasets_flow/dataset_cropped/10_Metas/25/13/20191025133600_00160.jpg,datasets_cloudmask/dataset_cropped/10_Metas/25/13/20191025133600_00160.png,679.4,960,62.3,22.4,965
10/25/2019 13:37,datasets/dataset_cropped/10_Metas/25/13/20191025133700_00160.jpg,datasets_flow/dataset_cropped/10_Metas/25/13/20191025133700_00160.jpg,datasets_cloudmask/dataset_cropped/10_Metas/25/13/20191025133700_00160.png,678.8,961,62.3,22.6,965
10/25/2019 13:38,datasets/dataset_cropped/10_Metas/25/13/20191025133800_00160.jpg,datasets_flow/dataset_cropped/10_Metas/25/13/20191025133800_00160.jpg,datasets_cloudmask/dataset_cropped/10_Metas/25/13/20191025133800_00160.png,677.9,961,62.2,22.6,965
10/25/2019 13:39,datasets/dataset_cropped/10_Metas/25/13/20191025133900_00160.jpg,datasets_flow/dataset_cropped/10_Metas/25/13/20191025133900_00160.jpg,datasets_cloudmask/dataset_cropped/10_Metas/25/13/20191025133900_00160.png,676.8,961,62.2,22.5,965
10/25/2019 13:40,datasets/dataset_cropped/10_Metas/25/13/20191025134000_00160.jpg,datasets_flow/dataset_cropped/10_Metas/25/13/20191025134000_00160.jpg,datasets_cloudmask/dataset_cropped/10_Metas/25/13/20191025134000_00160.png,675.3,959,61.9,22.4,965
10/25/2019 13:41,datasets/dataset_cropped/10_Metas/25/13/20191025134100_00160.jpg,datasets_flow/dataset_cropped/10_Metas/25/13/20191025134100_00160.jpg,datasets_cloudmask/dataset_cropped/10_Metas/25/13/20191025134100_00160.png,674.3,958,61.8,22.4,965
10/25/2019 13:42,datasets/dataset_cropped/10_Metas/25/13/20191025134200_00160.jpg,datasets_flow/dataset_cropped/10_Metas/25/13/20191025134200_00160.jpg,datasets_cloudmask/dataset_cropped/10_Metas/25/13/20191025134200_00160.png,673.1,956,61.7,22.6,965
10/25/2019 13:43,datasets/dataset_cropped/10_Metas/25/13/20191025134300_00160.jpg,datasets_flow/dataset_cropped/10_Metas/25/13/20191025134300_00160.jpg,datasets_cloudmask/dataset_cropped/10_Metas/25/13/20191025134300_00160.png,672.2,955,61.6,22.6,965
10/25/2019 13:44,datasets/dataset_cropped/10_Metas/25/13/20191025134400_00160.jpg,datasets_flow/dataset_cropped/10_Metas/25/13/20191025134400_00160.jpg,datasets_cloudmask/dataset_cropped/10_Metas/25/13/20191025134400_00160.png,671.9,955,61.8,22.5,965
10/25/2019 13:45,datasets/dataset_cropped/10_Metas/25/13/20191025134500_00160.jpg,datasets_flow/dataset_cropped/10_Metas/25/13/20191025134500_00160.jpg,datasets_cloudmask/dataset_cropped/10_Metas/25/13/20191025134500_00160.png,671.2,956,61.5,22.4,965
10/25/2019 13:46,datasets/dataset_cropped/10_Metas/25/13/20191025134600_00160.jpg,datasets_flow/dataset_cropped/10_Metas/25/13/20191025134600_00160.jpg,datasets_cloudmask/dataset_cropped/10_Metas/25/13/20191025134600_00160.png,670.6,956,61.3,22.4,965
10/25/2019 13:47,datasets/dataset_cropped/10_Metas/25/13/20191025134700_00160.jpg,datasets_flow/dataset_cropped/10_Metas/25/13/20191025134700_00160.jpg,datasets_cloudmask/dataset_cropped/10_Metas/25/13/20191025134700_00160.png,670.2,956,61.4,22.4,965
10/25/2019 13:48,datasets/dataset_cropped/10_Metas/25/13/20191025134800_00160.jpg,datasets_flow/dataset_cropped/10_Metas/25/13/20191025134800_00160.jpg,datasets_cloudmask/dataset_cropped/10_Metas/25/13/20191025134800_00160.png,669.5,957,61.6,22.3,965
10/25/2019 13:49,datasets/dataset_cropped/10_Metas/25/13/20191025134900_00160.jpg,datasets_flow/dataset_cropped/10_Metas/25/13/20191025134900_00160.jpg,datasets_cloudmask/dataset_cropped/10_Metas/25/13/20191025134900_00160.png,668.4,957,61.3,22.5,965
10/25/2019 13:50,datasets/dataset_cropped/10_Metas/25/13/20191025135000_00160.jpg,datasets_flow/dataset_cropped/10_Metas/25/13/20191025135000_00160.jpg,datasets_cloudmask/dataset_cropped/10_Metas/25/13/20191025135000_00160.png,667.3,957,61.4,22.6,965
10/25/2019 13:51,datasets/dataset_cropped/10_Metas/25/13/20191025135100_00160.jpg,datasets_flow/dataset_cropped/10_Metas/25/13/20191025135100_00160.jpg,datasets_cloudmask/dataset_cropped/10_Metas/25/13/20191025135100_00160.png,665.4,955,61.3,22.5,965
10/25/2019 13:52,datasets/dataset_cropped/10_Metas/25/13/20191025135200_00160.jpg,datasets_flow/dataset_cropped/10_Metas/25/13/20191025135200_00160.jpg,datasets_cloudmask/dataset_cropped/10_Metas/25/13/20191025135200_00160.png,664.2,954,61.3,22.3,965
10/25/2019 13:53,datasets/dataset_cropped/10_Metas/25/13/20191025135300_00160.jpg,datasets_flow/dataset_cropped/10_Metas/25/13/20191025135300_00160.jpg,datasets_cloudmask/dataset_cropped/10_Metas/25/13/20191025135300_00160.png,662.8,953,61.4,22.4,965
10/25/2019 13:54,datasets/dataset_cropped/10_Metas/25/13/20191025135400_00160.jpg,datasets_flow/dataset_cropped/10_Metas/25/13/20191025135400_00160.jpg,datasets_cloudmask/dataset_cropped/10_Metas/25/13/20191025135400_00160.png,661.6,952,61.3,22.6,965
10/25/2019 13:55,datasets/dataset_cropped/10_Metas/25/13/20191025135500_00160.jpg,datasets_flow/dataset_cropped/10_Metas/25/13/20191025135500_00160.jpg,datasets_cloudmask/dataset_cropped/10_Metas/25/13/20191025135500_00160.png,660.4,952,61.5,22.6,965
10/25/2019 13:56,datasets/dataset_cropped/10_Metas/25/13/20191025135600_00160.jpg,datasets_flow/dataset_cropped/10_Metas/25/13/20191025135600_00160.jpg,datasets_cloudmask/dataset_cropped/10_Metas/25/13/20191025135600_00160.png,659.2,952,61.4,22.8,965
10/25/2019 13:57,datasets/dataset_cropped/10_Metas/25/13/20191025135700_00160.jpg,datasets_flow/dataset_cropped/10_Metas/25/13/20191025135700_00160.jpg,datasets_cloudmask/dataset_cropped/10_Metas/25/13/20191025135700_00160.png,658.4,952,61.2,22.9,965
10/25/2019 13:58,datasets/dataset_cropped/10_Metas/25/13/20191025135800_00160.jpg,datasets_flow/dataset_cropped/10_Metas/25/13/20191025135800_00160.jpg,datasets_cloudmask/dataset_cropped/10_Metas/25/13/20191025135800_00160.png,658,953,61.3,23,965
10/25/2019 13:59,datasets/dataset_cropped/10_Metas/25/13/20191025135900_00160.jpg,datasets_flow/dataset_cropped/10_Metas/25/13/20191025135900_00160.jpg,datasets_cloudmask/dataset_cropped/10_Metas/25/13/20191025135900_00160.png,657,953,61.1,22.9,965
10/25/2019 14:00,datasets/dataset_cropped/10_Metas/25/14/20191025140000_00160.jpg,datasets_flow/dataset_cropped/10_Metas/25/14/20191025140000_00160.jpg,datasets_cloudmask/dataset_cropped/10_Metas/25/14/20191025140000_00160.png,656.3,953,61,22.8,965
10/25/2019 14:01,datasets/dataset_cropped/10_Metas/25/14/20191025140100_00160.jpg,datasets_flow/dataset_cropped/10_Metas/25/14/20191025140100_00160.jpg,datasets_cloudmask/dataset_cropped/10_Metas/25/14/20191025140100_00160.png,655.4,953,61.1,22.9,965
10/25/2019 14:02,datasets/dataset_cropped/10_Metas/25/14/20191025140200_00160.jpg,datasets_flow/dataset_cropped/10_Metas/25/14/20191025140200_00160.jpg,datasets_cloudmask/dataset_cropped/10_Metas/25/14/20191025140200_00160.png,653.6,951,61,22.6,965
10/25/2019 14:03,datasets/dataset_cropped/10_Metas/25/14/20191025140300_00160.jpg,datasets_flow/dataset_cropped/10_Metas/25/14/20191025140300_00160.jpg,datasets_cloudmask/dataset_cropped/10_Metas/25/14/20191025140300_00160.png,652.1,950,60.9,22.7,965
10/25/2019 14:04,datasets/dataset_cropped/10_Metas/25/14/20191025140400_00160.jpg,datasets_flow/dataset_cropped/10_Metas/25/14/20191025140400_00160.jpg,datasets_cloudmask/dataset_cropped/10_Metas/25/14/20191025140400_00160.png,650.9,950,61,22.8,965
10/25/2019 14:05,datasets/dataset_cropped/10_Metas/25/14/20191025140500_00160.jpg,datasets_flow/dataset_cropped/10_Metas/25/14/20191025140500_00160.jpg,datasets_cloudmask/dataset_cropped/10_Metas/25/14/20191025140500_00160.png,649.7,949,61,22.6,965
10/25/2019 14:06,datasets/dataset_cropped/10_Metas/25/14/20191025140600_00160.jpg,datasets_flow/dataset_cropped/10_Metas/25/14/20191025140600_00160.jpg,datasets_cloudmask/dataset_cropped/10_Metas/25/14/20191025140600_00160.png,647.8,948,61.1,22.6,965
10/25/2019 14:07,datasets/dataset_cropped/10_Metas/25/14/20191025140700_00160.jpg,datasets_flow/dataset_cropped/10_Metas/25/14/20191025140700_00160.jpg,datasets_cloudmask/dataset_cropped/10_Metas/25/14/20191025140700_00160.png,646.4,947,61.1,22.7,965
10/25/2019 14:08,datasets/dataset_cropped/10_Metas/25/14/20191025140800_00160.jpg,datasets_flow/dataset_cropped/10_Metas/25/14/20191025140800_00160.jpg,datasets_cloudmask/dataset_cropped/10_Metas/25/14/20191025140800_00160.png,644.6,946,61.3,22.6,965
10/25/2019 14:09,datasets/dataset_cropped/10_Metas/25/14/20191025140900_00160.jpg,datasets_flow/dataset_cropped/10_Metas/25/14/20191025140900_00160.jpg,datasets_cloudmask/dataset_cropped/10_Metas/25/14/20191025140900_00160.png,642.8,945,61.4,22.5,965
10/25/2019 14:10,datasets/dataset_cropped/10_Metas/25/14/20191025141000_00160.jpg,datasets_flow/dataset_cropped/10_Metas/25/14/20191025141000_00160.jpg,datasets_cloudmask/dataset_cropped/10_Metas/25/14/20191025141000_00160.png,641.2,945,61.3,22.6,965
10/25/2019 14:11,datasets/dataset_cropped/10_Metas/25/14/20191025141100_00160.jpg,datasets_flow/dataset_cropped/10_Metas/25/14/20191025141100_00160.jpg,datasets_cloudmask/dataset_cropped/10_Metas/25/14/20191025141100_00160.png,640.2,945,61.3,22.8,965
10/25/2019 14:12,datasets/dataset_cropped/10_Metas/25/14/20191025141200_00160.jpg,datasets_flow/dataset_cropped/10_Metas/25/14/20191025141200_00160.jpg,datasets_cloudmask/dataset_cropped/10_Metas/25/14/20191025141200_00160.png,639.3,945,61.2,22.7,965
10/25/2019 14:13,datasets/dataset_cropped/10_Metas/25/14/20191025141300_00160.jpg,datasets_flow/dataset_cropped/10_Metas/25/14/20191025141300_00160.jpg,datasets_cloudmask/dataset_cropped/10_Metas/25/14/20191025141300_00160.png,637.9,945,60.8,22.6,965
10/25/2019 14:14,datasets/dataset_cropped/10_Metas/25/14/20191025141400_00160.jpg,datasets_flow/dataset_cropped/10_Metas/25/14/20191025141400_00160.jpg,datasets_cloudmask/dataset_cropped/10_Metas/25/14/20191025141400_00160.png,636.3,944,60.7,22.6,965
10/25/2019 14:15,datasets/dataset_cropped/10_Metas/25/14/20191025141500_00160.jpg,datasets_flow/dataset_cropped/10_Metas/25/14/20191025141500_00160.jpg,datasets_cloudmask/dataset_cropped/10_Metas/25/14/20191025141500_00160.png,635.4,944,60.6,22.6,965
10/25/2019 14:16,datasets/dataset_cropped/10_Metas/25/14/20191025141600_00160.jpg,datasets_flow/dataset_cropped/10_Metas/25/14/20191025141600_00160.jpg,datasets_cloudmask/dataset_cropped/10_Metas/25/14/20191025141600_00160.png,634.4,944,60.6,22.4,965
10/25/2019 14:17,datasets/dataset_cropped/10_Metas/25/14/20191025141700_00160.jpg,datasets_flow/dataset_cropped/10_Metas/25/14/20191025141700_00160.jpg,datasets_cloudmask/dataset_cropped/10_Metas/25/14/20191025141700_00160.png,633,944,60.7,22.4,965
10/25/2019 14:18,datasets/dataset_cropped/10_Metas/25/14/20191025141800_00160.jpg,datasets_flow/dataset_cropped/10_Metas/25/14/20191025141800_00160.jpg,datasets_cloudmask/dataset_cropped/10_Metas/25/14/20191025141800_00160.png,631.4,943,60.7,22.8,965
10/25/2019 14:19,datasets/dataset_cropped/10_Metas/25/14/20191025141900_00160.jpg,datasets_flow/dataset_cropped/10_Metas/25/14/20191025141900_00160.jpg,datasets_cloudmask/dataset_cropped/10_Metas/25/14/20191025141900_00160.png,629.3,941,60.6,23,965
10/25/2019 14:20,datasets/dataset_cropped/10_Metas/25/14/20191025142000_00160.jpg,datasets_flow/dataset_cropped/10_Metas/25/14/20191025142000_00160.jpg,datasets_cloudmask/dataset_cropped/10_Metas/25/14/20191025142000_00160.png,627.2,940,60.6,22.9,965
10/25/2019 14:21,datasets/dataset_cropped/10_Metas/25/14/20191025142100_00160.jpg,datasets_flow/dataset_cropped/10_Metas/25/14/20191025142100_00160.jpg,datasets_cloudmask/dataset_cropped/10_Metas/25/14/20191025142100_00160.png,625.6,939,60.7,22.8,965
10/25/2019 14:22,datasets/dataset_cropped/10_Metas/25/14/20191025142200_00160.jpg,datasets_flow/dataset_cropped/10_Metas/25/14/20191025142200_00160.jpg,datasets_cloudmask/dataset_cropped/10_Metas/25/14/20191025142200_00160.png,623.9,938,60.6,22.8,965
10/25/2019 14:23,datasets/dataset_cropped/10_Metas/25/14/20191025142300_00160.jpg,datasets_flow/dataset_cropped/10_Metas/25/14/20191025142300_00160.jpg,datasets_cloudmask/dataset_cropped/10_Metas/25/14/20191025142300_00160.png,622.3,937,60.8,22.7,965
10/25/2019 14:24,datasets/dataset_cropped/10_Metas/25/14/20191025142400_00160.jpg,datasets_flow/dataset_cropped/10_Metas/25/14/20191025142400_00160.jpg,datasets_cloudmask/dataset_cropped/10_Metas/25/14/20191025142400_00160.png,620.8,936,60.9,22.4,965
10/25/2019 14:25,datasets/dataset_cropped/10_Metas/25/14/20191025142500_00160.jpg,datasets_flow/dataset_cropped/10_Metas/25/14/20191025142500_00160.jpg,datasets_cloudmask/dataset_cropped/10_Metas/25/14/20191025142500_00160.png,619.7,937,61.1,22.4,965
10/25/2019 14:26,datasets/dataset_cropped/10_Metas/25/14/20191025142600_00160.jpg,datasets_flow/dataset_cropped/10_Metas/25/14/20191025142600_00160.jpg,datasets_cloudmask/dataset_cropped/10_Metas/25/14/20191025142600_00160.png,618.7,937,61.3,22.3,965
10/25/2019 14:27,datasets/dataset_cropped/10_Metas/25/14/20191025142700_00160.jpg,datasets_flow/dataset_cropped/10_Metas/25/14/20191025142700_00160.jpg,datasets_cloudmask/dataset_cropped/10_Metas/25/14/20191025142700_00160.png,614.4,932,61.3,22.2,965
10/25/2019 14:28,datasets/dataset_cropped/10_Metas/25/14/20191025142800_00160.jpg,datasets_flow/dataset_cropped/10_Metas/25/14/20191025142800_00160.jpg,datasets_cloudmask/dataset_cropped/10_Metas/25/14/20191025142800_00160.png,604.7,917,61.2,22.2,965
10/25/2019 14:29,datasets/dataset_cropped/10_Metas/25/14/20191025142900_00160.jpg,datasets_flow/dataset_cropped/10_Metas/25/14/20191025142900_00160.jpg,datasets_cloudmask/dataset_cropped/10_Metas/25/14/20191025142900_00160.png,592.8,899,61,22.3,965
10/25/2019 14:30,datasets/dataset_cropped/10_Metas/25/14/20191025143000_00160.jpg,datasets_flow/dataset_cropped/10_Metas/25/14/20191025143000_00160.jpg,datasets_cloudmask/dataset_cropped/10_Metas/25/14/20191025143000_00160.png,614.1,938,61.2,22.4,965
10/25/2019 14:31,datasets/dataset_cropped/10_Metas/25/14/20191025143100_00160.jpg,datasets_flow/dataset_cropped/10_Metas/25/14/20191025143100_00160.jpg,datasets_cloudmask/dataset_cropped/10_Metas/25/14/20191025143100_00160.png,611.7,937,61,22.3,965
10/25/2019 14:32,datasets/dataset_cropped/10_Metas/25/14/20191025143200_00160.jpg,datasets_flow/dataset_cropped/10_Metas/25/14/20191025143200_00160.jpg,datasets_cloudmask/dataset_cropped/10_Metas/25/14/20191025143200_00160.png,607.4,933,60.6,22.2,965
10/25/2019 14:33,datasets/dataset_cropped/10_Metas/25/14/20191025143300_00160.jpg,datasets_flow/dataset_cropped/10_Metas/25/14/20191025143300_00160.jpg,datasets_cloudmask/dataset_cropped/10_Metas/25/14/20191025143300_00160.png,605.6,932,60.6,22.2,965
10/25/2019 14:34,datasets/dataset_cropped/10_Metas/25/14/20191025143400_00160.jpg,datasets_flow/dataset_cropped/10_Metas/25/14/20191025143400_00160.jpg,datasets_cloudmask/dataset_cropped/10_Metas/25/14/20191025143400_00160.png,604.5,932,60.6,22.2,965
10/25/2019 14:35,datasets/dataset_cropped/10_Metas/25/14/20191025143500_00160.jpg,datasets_flow/dataset_cropped/10_Metas/25/14/20191025143500_00160.jpg,datasets_cloudmask/dataset_cropped/10_Metas/25/14/20191025143500_00160.png,602.5,931,60.3,22.2,965
10/25/2019 14:36,datasets/dataset_cropped/10_Metas/25/14/20191025143600_00160.jpg,datasets_flow/dataset_cropped/10_Metas/25/14/20191025143600_00160.jpg,datasets_cloudmask/dataset_cropped/10_Metas/25/14/20191025143600_00160.png,601,931,60.1,22.1,965
10/25/2019 14:37,datasets/dataset_cropped/10_Metas/25/14/20191025143700_00160.jpg,datasets_flow/dataset_cropped/10_Metas/25/14/20191025143700_00160.jpg,datasets_cloudmask/dataset_cropped/10_Metas/25/14/20191025143700_00160.png,599.5,931,60.2,22.2,965
10/25/2019 14:38,datasets/dataset_cropped/10_Metas/25/14/20191025143800_00160.jpg,datasets_flow/dataset_cropped/10_Metas/25/14/20191025143800_00160.jpg,datasets_cloudmask/dataset_cropped/10_Metas/25/14/20191025143800_00160.png,597.7,931,60,22.1,965
10/25/2019 14:39,datasets/dataset_cropped/10_Metas/25/14/20191025143900_00160.jpg,datasets_flow/dataset_cropped/10_Metas/25/14/20191025143900_00160.jpg,datasets_cloudmask/dataset_cropped/10_Metas/25/14/20191025143900_00160.png,596.2,931,59.7,22.4,965
10/25/2019 14:40,datasets/dataset_cropped/10_Metas/25/14/20191025144000_00160.jpg,datasets_flow/dataset_cropped/10_Metas/25/14/20191025144000_00160.jpg,datasets_cloudmask/dataset_cropped/10_Metas/25/14/20191025144000_00160.png,594.5,930,59.8,22.4,965
10/25/2019 14:41,datasets/dataset_cropped/10_Metas/25/14/20191025144100_00160.jpg,datasets_flow/dataset_cropped/10_Metas/25/14/20191025144100_00160.jpg,datasets_cloudmask/dataset_cropped/10_Metas/25/14/20191025144100_00160.png,592.8,930,59.7,22.4,965
10/25/2019 14:42,datasets/dataset_cropped/10_Metas/25/14/20191025144200_00160.jpg,datasets_flow/dataset_cropped/10_Metas/25/14/20191025144200_00160.jpg,datasets_cloudmask/dataset_cropped/10_Metas/25/14/20191025144200_00160.png,590.5,928,59.7,22.2,965
10/25/2019 14:43,datasets/dataset_cropped/10_Metas/25/14/20191025144300_00160.jpg,datasets_flow/dataset_cropped/10_Metas/25/14/20191025144300_00160.jpg,datasets_cloudmask/dataset_cropped/10_Metas/25/14/20191025144300_00160.png,587.9,926,59.6,22.1,965
10/25/2019 14:44,datasets/dataset_cropped/10_Metas/25/14/20191025144400_00160.jpg,datasets_flow/dataset_cropped/10_Metas/25/14/20191025144400_00160.jpg,datasets_cloudmask/dataset_cropped/10_Metas/25/14/20191025144400_00160.png,586,925,59.5,22.1,965
10/25/2019 14:45,datasets/dataset_cropped/10_Metas/25/14/20191025144500_00160.jpg,datasets_flow/dataset_cropped/10_Metas/25/14/20191025144500_00160.jpg,datasets_cloudmask/dataset_cropped/10_Metas/25/14/20191025144500_00160.png,584,924,59.4,22.1,965
10/25/2019 14:46,datasets/dataset_cropped/10_Metas/25/14/20191025144600_00160.jpg,datasets_flow/dataset_cropped/10_Metas/25/14/20191025144600_00160.jpg,datasets_cloudmask/dataset_cropped/10_Metas/25/14/20191025144600_00160.png,581.9,924,59.3,22.3,965
10/25/2019 14:47,datasets/dataset_cropped/10_Metas/25/14/20191025144700_00160.jpg,datasets_flow/dataset_cropped/10_Metas/25/14/20191025144700_00160.jpg,datasets_cloudmask/dataset_cropped/10_Metas/25/14/20191025144700_00160.png,580,923,59.2,22.4,965
10/25/2019 14:48,datasets/dataset_cropped/10_Metas/25/14/20191025144800_00160.jpg,datasets_flow/dataset_cropped/10_Metas/25/14/20191025144800_00160.jpg,datasets_cloudmask/dataset_cropped/10_Metas/25/14/20191025144800_00160.png,578.1,923,59.3,22.4,965
10/25/2019 14:49,datasets/dataset_cropped/10_Metas/25/14/20191025144900_00160.jpg,datasets_flow/dataset_cropped/10_Metas/25/14/20191025144900_00160.jpg,datasets_cloudmask/dataset_cropped/10_Metas/25/14/20191025144900_00160.png,576.4,922,59.4,22.5,965
10/25/2019 14:50,datasets/dataset_cropped/10_Metas/25/14/20191025145000_00160.jpg,datasets_flow/dataset_cropped/10_Metas/25/14/20191025145000_00160.jpg,datasets_cloudmask/dataset_cropped/10_Metas/25/14/20191025145000_00160.png,574.1,922,59.2,22.2,965
10/25/2019 14:51,datasets/dataset_cropped/10_Metas/25/14/20191025145100_00160.jpg,datasets_flow/dataset_cropped/10_Metas/25/14/20191025145100_00160.jpg,datasets_cloudmask/dataset_cropped/10_Metas/25/14/20191025145100_00160.png,572.1,921,59,22.3,965
10/25/2019 14:52,datasets/dataset_cropped/10_Metas/25/14/20191025145200_00160.jpg,datasets_flow/dataset_cropped/10_Metas/25/14/20191025145200_00160.jpg,datasets_cloudmask/dataset_cropped/10_Metas/25/14/20191025145200_00160.png,570.2,920,59,22.6,965
10/25/2019 14:53,datasets/dataset_cropped/10_Metas/25/14/20191025145300_00160.jpg,datasets_flow/dataset_cropped/10_Metas/25/14/20191025145300_00160.jpg,datasets_cloudmask/dataset_cropped/10_Metas/25/14/20191025145300_00160.png,567.8,919,58.8,22.4,965
10/25/2019 14:54,datasets/dataset_cropped/10_Metas/25/14/20191025145400_00160.jpg,datasets_flow/dataset_cropped/10_Metas/25/14/20191025145400_00160.jpg,datasets_cloudmask/dataset_cropped/10_Metas/25/14/20191025145400_00160.png,565.8,918,58.9,22.4,965
10/25/2019 14:55,datasets/dataset_cropped/10_Metas/25/14/20191025145500_00160.jpg,datasets_flow/dataset_cropped/10_Metas/25/14/20191025145500_00160.jpg,datasets_cloudmask/dataset_cropped/10_Metas/25/14/20191025145500_00160.png,564,918,58.8,22.8,965
10/25/2019 14:56,datasets/dataset_cropped/10_Metas/25/14/20191025145600_00160.jpg,datasets_flow/dataset_cropped/10_Metas/25/14/20191025145600_00160.jpg,datasets_cloudmask/dataset_cropped/10_Metas/25/14/20191025145600_00160.png,561.9,917,58.9,22.9,965
10/25/2019 14:57,datasets/dataset_cropped/10_Metas/25/14/20191025145700_00160.jpg,datasets_flow/dataset_cropped/10_Metas/25/14/20191025145700_00160.jpg,datasets_cloudmask/dataset_cropped/10_Metas/25/14/20191025145700_00160.png,559.6,916,58.7,23.1,965
10/25/2019 14:58,datasets/dataset_cropped/10_Metas/25/14/20191025145800_00160.jpg,datasets_flow/dataset_cropped/10_Metas/25/14/20191025145800_00160.jpg,datasets_cloudmask/dataset_cropped/10_Metas/25/14/20191025145800_00160.png,557,914,58.5,22.6,965
10/25/2019 14:59,datasets/dataset_cropped/10_Metas/25/14/20191025145900_00160.jpg,datasets_flow/dataset_cropped/10_Metas/25/14/20191025145900_00160.jpg,datasets_cloudmask/dataset_cropped/10_Metas/25/14/20191025145900_00160.png,554.9,913,58.4,22.3,965
10/25/2019 15:00,datasets/dataset_cropped/10_Metas/25/15/20191025150000_00160.jpg,datasets_flow/dataset_cropped/10_Metas/25/15/20191025150000_00160.jpg,datasets_cloudmask/dataset_cropped/10_Metas/25/15/20191025150000_00160.png,552.4,912,58.4,22.5,965
10/25/2019 15:01,datasets/dataset_cropped/10_Metas/25/15/20191025150100_00160.jpg,datasets_flow/dataset_cropped/10_Metas/25/15/20191025150100_00160.jpg,datasets_cloudmask/dataset_cropped/10_Metas/25/15/20191025150100_00160.png,550.2,911,58.3,22.6,965
10/25/2019 15:02,datasets/dataset_cropped/10_Metas/25/15/20191025150200_00160.jpg,datasets_flow/dataset_cropped/10_Metas/25/15/20191025150200_00160.jpg,datasets_cloudmask/dataset_cropped/10_Metas/25/15/20191025150200_00160.png,548.2,910,58.1,22.4,965
10/25/2019 15:03,datasets/dataset_cropped/10_Metas/25/15/20191025150300_00160.jpg,datasets_flow/dataset_cropped/10_Metas/25/15/20191025150300_00160.jpg,datasets_cloudmask/dataset_cropped/10_Metas/25/15/20191025150300_00160.png,546.4,910,58.3,22.4,965
10/25/2019 15:04,datasets/dataset_cropped/10_Metas/25/15/20191025150400_00160.jpg,datasets_flow/dataset_cropped/10_Metas/25/15/20191025150400_00160.jpg,datasets_cloudmask/dataset_cropped/10_Metas/25/15/20191025150400_00160.png,544.5,910,58.3,22.3,965
10/25/2019 15:05,datasets/dataset_cropped/10_Metas/25/15/20191025150500_00160.jpg,datasets_flow/dataset_cropped/10_Metas/25/15/20191025150500_00160.jpg,datasets_cloudmask/dataset_cropped/10_Metas/25/15/20191025150500_00160.png,542.2,909,58.3,22.2,965
10/25/2019 15:06,datasets/dataset_cropped/10_Metas/25/15/20191025150600_00160.jpg,datasets_flow/dataset_cropped/10_Metas/25/15/20191025150600_00160.jpg,datasets_cloudmask/dataset_cropped/10_Metas/25/15/20191025150600_00160.png,540,908,58.2,22.4,965
10/25/2019 15:07,datasets/dataset_cropped/10_Metas/25/15/20191025150700_00160.jpg,datasets_flow/dataset_cropped/10_Metas/25/15/20191025150700_00160.jpg,datasets_cloudmask/dataset_cropped/10_Metas/25/15/20191025150700_00160.png,537.3,906,58,22.6,965
10/25/2019 15:08,datasets/dataset_cropped/10_Metas/25/15/20191025150800_00160.jpg,datasets_flow/dataset_cropped/10_Metas/25/15/20191025150800_00160.jpg,datasets_cloudmask/dataset_cropped/10_Metas/25/15/20191025150800_00160.png,534.8,905,57.9,22.5,965
10/25/2019 15:09,datasets/dataset_cropped/10_Metas/25/15/20191025150900_00160.jpg,datasets_flow/dataset_cropped/10_Metas/25/15/20191025150900_00160.jpg,datasets_cloudmask/dataset_cropped/10_Metas/25/15/20191025150900_00160.png,532.1,903,57.6,22.4,965
10/25/2019 15:10,datasets/dataset_cropped/10_Metas/25/15/20191025151000_00160.jpg,datasets_flow/dataset_cropped/10_Metas/25/15/20191025151000_00160.jpg,datasets_cloudmask/dataset_cropped/10_Metas/25/15/20191025151000_00160.png,529.8,902,57.5,22.3,965
10/25/2019 15:11,datasets/dataset_cropped/10_Metas/25/15/20191025151100_00160.jpg,datasets_flow/dataset_cropped/10_Metas/25/15/20191025151100_00160.jpg,datasets_cloudmask/dataset_cropped/10_Metas/25/15/20191025151100_00160.png,528,902,57.6,22.3,965
10/25/2019 15:12,datasets/dataset_cropped/10_Metas/25/15/20191025151200_00160.jpg,datasets_flow/dataset_cropped/10_Metas/25/15/20191025151200_00160.jpg,datasets_cloudmask/dataset_cropped/10_Metas/25/15/20191025151200_00160.png,526.4,902,57.6,22.3,965
10/25/2019 15:13,datasets/dataset_cropped/10_Metas/25/15/20191025151300_00160.jpg,datasets_flow/dataset_cropped/10_Metas/25/15/20191025151300_00160.jpg,datasets_cloudmask/dataset_cropped/10_Metas/25/15/20191025151300_00160.png,524.7,902,57.7,22.3,965
10/25/2019 15:14,datasets/dataset_cropped/10_Metas/25/15/20191025151400_00160.jpg,datasets_flow/dataset_cropped/10_Metas/25/15/20191025151400_00160.jpg,datasets_cloudmask/dataset_cropped/10_Metas/25/15/20191025151400_00160.png,522.4,902,57.5,22.3,965
10/25/2019 15:15,datasets/dataset_cropped/10_Metas/25/15/20191025151500_00160.jpg,datasets_flow/dataset_cropped/10_Metas/25/15/20191025151500_00160.jpg,datasets_cloudmask/dataset_cropped/10_Metas/25/15/20191025151500_00160.png,520.2,901,57.3,22.4,965
10/25/2019 15:16,datasets/dataset_cropped/10_Metas/25/15/20191025151600_00160.jpg,datasets_flow/dataset_cropped/10_Metas/25/15/20191025151600_00160.jpg,datasets_cloudmask/dataset_cropped/10_Metas/25/15/20191025151600_00160.png,518.2,901,57.2,22.5,965
10/25/2019 15:17,datasets/dataset_cropped/10_Metas/25/15/20191025151700_00160.jpg,datasets_flow/dataset_cropped/10_Metas/25/15/20191025151700_00160.jpg,datasets_cloudmask/dataset_cropped/10_Metas/25/15/20191025151700_00160.png,515.9,900,57.2,22.7,965
10/25/2019 15:18,datasets/dataset_cropped/10_Metas/25/15/20191025151800_00160.jpg,datasets_flow/dataset_cropped/10_Metas/25/15/20191025151800_00160.jpg,datasets_cloudmask/dataset_cropped/10_Metas/25/15/20191025151800_00160.png,513.5,899,57.2,22.7,965
10/25/2019 15:19,datasets/dataset_cropped/10_Metas/25/15/20191025151900_00160.jpg,datasets_flow/dataset_cropped/10_Metas/25/15/20191025151900_00160.jpg,datasets_cloudmask/dataset_cropped/10_Metas/25/15/20191025151900_00160.png,510.8,897,57.1,22.5,965
10/25/2019 15:20,datasets/dataset_cropped/10_Metas/25/15/20191025152000_00160.jpg,datasets_flow/dataset_cropped/10_Metas/25/15/20191025152000_00160.jpg,datasets_cloudmask/dataset_cropped/10_Metas/25/15/20191025152000_00160.png,508.3,896,56.8,22.4,965
10/25/2019 15:21,datasets/dataset_cropped/10_Metas/25/15/20191025152100_00160.jpg,datasets_flow/dataset_cropped/10_Metas/25/15/20191025152100_00160.jpg,datasets_cloudmask/dataset_cropped/10_Metas/25/15/20191025152100_00160.png,505.9,895,56.8,22.3,965
10/25/2019 15:22,datasets/dataset_cropped/10_Metas/25/15/20191025152200_00160.jpg,datasets_flow/dataset_cropped/10_Metas/25/15/20191025152200_00160.jpg,datasets_cloudmask/dataset_cropped/10_Metas/25/15/20191025152200_00160.png,503.2,894,56.6,22.4,965
10/25/2019 15:23,datasets/dataset_cropped/10_Metas/25/15/20191025152300_00160.jpg,datasets_flow/dataset_cropped/10_Metas/25/15/20191025152300_00160.jpg,datasets_cloudmask/dataset_cropped/10_Metas/25/15/20191025152300_00160.png,500.2,891,56.4,22.2,965
10/25/2019 15:24,datasets/dataset_cropped/10_Metas/25/15/20191025152400_00160.jpg,datasets_flow/dataset_cropped/10_Metas/25/15/20191025152400_00160.jpg,datasets_cloudmask/dataset_cropped/10_Metas/25/15/20191025152400_00160.png,497.7,890,56.4,22.1,965
10/25/2019 15:25,datasets/dataset_cropped/10_Metas/25/15/20191025152500_00160.jpg,datasets_flow/dataset_cropped/10_Metas/25/15/20191025152500_00160.jpg,datasets_cloudmask/dataset_cropped/10_Metas/25/15/20191025152500_00160.png,495.2,889,56.4,22.3,965
10/25/2019 15:26,datasets/dataset_cropped/10_Metas/25/15/20191025152600_00160.jpg,datasets_flow/dataset_cropped/10_Metas/25/15/20191025152600_00160.jpg,datasets_cloudmask/dataset_cropped/10_Metas/25/15/20191025152600_00160.png,492.9,888,56.4,22.3,965
10/25/2019 15:27,datasets/dataset_cropped/10_Metas/25/15/20191025152700_00160.jpg,datasets_flow/dataset_cropped/10_Metas/25/15/20191025152700_00160.jpg,datasets_cloudmask/dataset_cropped/10_Metas/25/15/20191025152700_00160.png,490.3,887,56.2,22.3,965
10/25/2019 15:28,datasets/dataset_cropped/10_Metas/25/15/20191025152800_00160.jpg,datasets_flow/dataset_cropped/10_Metas/25/15/20191025152800_00160.jpg,datasets_cloudmask/dataset_cropped/10_Metas/25/15/20191025152800_00160.png,488,886,56.2,22.1,965
10/25/2019 15:29,datasets/dataset_cropped/10_Metas/25/15/20191025152900_00160.jpg,datasets_flow/dataset_cropped/10_Metas/25/15/20191025152900_00160.jpg,datasets_cloudmask/dataset_cropped/10_Metas/25/15/20191025152900_00160.png,485.6,886,56,22.1,965
10/25/2019 15:30,datasets/dataset_cropped/10_Metas/25/15/20191025153000_00160.jpg,datasets_flow/dataset_cropped/10_Metas/25/15/20191025153000_00160.jpg,datasets_cloudmask/dataset_cropped/10_Metas/25/15/20191025153000_00160.png,483.3,886,55.7,22,965
10/25/2019 15:31,datasets/dataset_cropped/10_Metas/25/15/20191025153100_00160.jpg,datasets_flow/dataset_cropped/10_Metas/25/15/20191025153100_00160.jpg,datasets_cloudmask/dataset_cropped/10_Metas/25/15/20191025153100_00160.png,481,885,55.8,22.3,965
10/25/2019 15:32,datasets/dataset_cropped/10_Metas/25/15/20191025153200_00160.jpg,datasets_flow/dataset_cropped/10_Metas/25/15/20191025153200_00160.jpg,datasets_cloudmask/dataset_cropped/10_Metas/25/15/20191025153200_00160.png,478.4,884,55.8,22.3,965
10/25/2019 15:33,datasets/dataset_cropped/10_Metas/25/15/20191025153300_00160.jpg,datasets_flow/dataset_cropped/10_Metas/25/15/20191025153300_00160.jpg,datasets_cloudmask/dataset_cropped/10_Metas/25/15/20191025153300_00160.png,475.7,882,55.8,22.2,965
10/25/2019 15:34,datasets/dataset_cropped/10_Metas/25/15/20191025153400_00160.jpg,datasets_flow/dataset_cropped/10_Metas/25/15/20191025153400_00160.jpg,datasets_cloudmask/dataset_cropped/10_Metas/25/15/20191025153400_00160.png,472.9,881,55.6,22.3,965
10/25/2019 15:35,datasets/dataset_cropped/10_Metas/25/15/20191025153500_00160.jpg,datasets_flow/dataset_cropped/10_Metas/25/15/20191025153500_00160.jpg,datasets_cloudmask/dataset_cropped/10_Metas/25/15/20191025153500_00160.png,470.1,879,55.5,22.3,965
10/25/2019 15:36,datasets/dataset_cropped/10_Metas/25/15/20191025153600_00160.jpg,datasets_flow/dataset_cropped/10_Metas/25/15/20191025153600_00160.jpg,datasets_cloudmask/dataset_cropped/10_Metas/25/15/20191025153600_00160.png,467.1,877,55.5,22.5,965
10/25/2019 15:37,datasets/dataset_cropped/10_Metas/25/15/20191025153700_00160.jpg,datasets_flow/dataset_cropped/10_Metas/25/15/20191025153700_00160.jpg,datasets_cloudmask/dataset_cropped/10_Metas/25/15/20191025153700_00160.png,464.2,875,55.3,22.6,965
10/25/2019 15:38,datasets/dataset_cropped/10_Metas/25/15/20191025153800_00160.jpg,datasets_flow/dataset_cropped/10_Metas/25/15/20191025153800_00160.jpg,datasets_cloudmask/dataset_cropped/10_Metas/25/15/20191025153800_00160.png,461.6,873,55.4,22.6,965
10/25/2019 15:39,datasets/dataset_cropped/10_Metas/25/15/20191025153900_00160.jpg,datasets_flow/dataset_cropped/10_Metas/25/15/20191025153900_00160.jpg,datasets_cloudmask/dataset_cropped/10_Metas/25/15/20191025153900_00160.png,458.7,872,55.3,22.5,965
10/25/2019 15:40,datasets/dataset_cropped/10_Metas/25/15/20191025154000_00160.jpg,datasets_flow/dataset_cropped/10_Metas/25/15/20191025154000_00160.jpg,datasets_cloudmask/dataset_cropped/10_Metas/25/15/20191025154000_00160.png,456,870,55,22.4,965
10/25/2019 15:41,datasets/dataset_cropped/10_Metas/25/15/20191025154100_00160.jpg,datasets_flow/dataset_cropped/10_Metas/25/15/20191025154100_00160.jpg,datasets_cloudmask/dataset_cropped/10_Metas/25/15/20191025154100_00160.png,453.5,869,54.8,22.2,965
10/25/2019 15:42,datasets/dataset_cropped/10_Metas/25/15/20191025154200_00160.jpg,datasets_flow/dataset_cropped/10_Metas/25/15/20191025154200_00160.jpg,datasets_cloudmask/dataset_cropped/10_Metas/25/15/20191025154200_00160.png,450.9,868,54.5,22.1,965
10/25/2019 15:43,datasets/dataset_cropped/10_Metas/25/15/20191025154300_00160.jpg,datasets_flow/dataset_cropped/10_Metas/25/15/20191025154300_00160.jpg,datasets_cloudmask/dataset_cropped/10_Metas/25/15/20191025154300_00160.png,448.3,866,54.5,21.9,965
10/25/2019 15:44,datasets/dataset_cropped/10_Metas/25/15/20191025154400_00160.jpg,datasets_flow/dataset_cropped/10_Metas/25/15/20191025154400_00160.jpg,datasets_cloudmask/dataset_cropped/10_Metas/25/15/20191025154400_00160.png,445.6,865,54.4,21.9,965
10/25/2019 15:45,datasets/dataset_cropped/10_Metas/25/15/20191025154500_00160.jpg,datasets_flow/dataset_cropped/10_Metas/25/15/20191025154500_00160.jpg,datasets_cloudmask/dataset_cropped/10_Metas/25/15/20191025154500_00160.png,442.8,864,54.4,21.8,965
10/25/2019 15:46,datasets/dataset_cropped/10_Metas/25/15/20191025154600_00160.jpg,datasets_flow/dataset_cropped/10_Metas/25/15/20191025154600_00160.jpg,datasets_cloudmask/dataset_cropped/10_Metas/25/15/20191025154600_00160.png,440.1,862,54.2,21.8,965
10/25/2019 15:47,datasets/dataset_cropped/10_Metas/25/15/20191025154700_00160.jpg,datasets_flow/dataset_cropped/10_Metas/25/15/20191025154700_00160.jpg,datasets_cloudmask/dataset_cropped/10_Metas/25/15/20191025154700_00160.png,437.2,860,54.3,21.8,965
10/25/2019 15:48,datasets/dataset_cropped/10_Metas/25/15/20191025154800_00160.jpg,datasets_flow/dataset_cropped/10_Metas/25/15/20191025154800_00160.jpg,datasets_cloudmask/dataset_cropped/10_Metas/25/15/20191025154800_00160.png,434.8,860,54.4,21.8,965
10/25/2019 15:49,datasets/dataset_cropped/10_Metas/25/15/20191025154900_00160.jpg,datasets_flow/dataset_cropped/10_Metas/25/15/20191025154900_00160.jpg,datasets_cloudmask/dataset_cropped/10_Metas/25/15/20191025154900_00160.png,432,859,54.2,22,965
10/25/2019 15:50,datasets/dataset_cropped/10_Metas/25/15/20191025155000_00160.jpg,datasets_flow/dataset_cropped/10_Metas/25/15/20191025155000_00160.jpg,datasets_cloudmask/dataset_cropped/10_Metas/25/15/20191025155000_00160.png,429.2,857,53.9,21.9,965
10/25/2019 15:51,datasets/dataset_cropped/10_Metas/25/15/20191025155100_00160.jpg,datasets_flow/dataset_cropped/10_Metas/25/15/20191025155100_00160.jpg,datasets_cloudmask/dataset_cropped/10_Metas/25/15/20191025155100_00160.png,426.4,856,53.8,22.1,965
10/25/2019 15:52,datasets/dataset_cropped/10_Metas/25/15/20191025155200_00160.jpg,datasets_flow/dataset_cropped/10_Metas/25/15/20191025155200_00160.jpg,datasets_cloudmask/dataset_cropped/10_Metas/25/15/20191025155200_00160.png,423.8,854,53.6,22.3,965
10/25/2019 15:53,datasets/dataset_cropped/10_Metas/25/15/20191025155300_00160.jpg,datasets_flow/dataset_cropped/10_Metas/25/15/20191025155300_00160.jpg,datasets_cloudmask/dataset_cropped/10_Metas/25/15/20191025155300_00160.png,421.1,853,53.5,22.3,965
10/25/2019 15:54,datasets/dataset_cropped/10_Metas/25/15/20191025155400_00160.jpg,datasets_flow/dataset_cropped/10_Metas/25/15/20191025155400_00160.jpg,datasets_cloudmask/dataset_cropped/10_Metas/25/15/20191025155400_00160.png,418.4,852,53.4,22.3,965
10/25/2019 15:55,datasets/dataset_cropped/10_Metas/25/15/20191025155500_00160.jpg,datasets_flow/dataset_cropped/10_Metas/25/15/20191025155500_00160.jpg,datasets_cloudmask/dataset_cropped/10_Metas/25/15/20191025155500_00160.png,415.8,851,53.4,22.2,965
10/25/2019 15:56,datasets/dataset_cropped/10_Metas/25/15/20191025155600_00160.jpg,datasets_flow/dataset_cropped/10_Metas/25/15/20191025155600_00160.jpg,datasets_cloudmask/dataset_cropped/10_Metas/25/15/20191025155600_00160.png,413,850,53.2,22.1,965
10/25/2019 15:57,datasets/dataset_cropped/10_Metas/25/15/20191025155700_00160.jpg,datasets_flow/dataset_cropped/10_Metas/25/15/20191025155700_00160.jpg,datasets_cloudmask/dataset_cropped/10_Metas/25/15/20191025155700_00160.png,410.5,849,53.1,22,965
10/25/2019 15:58,datasets/dataset_cropped/10_Metas/25/15/20191025155800_00160.jpg,datasets_flow/dataset_cropped/10_Metas/25/15/20191025155800_00160.jpg,datasets_cloudmask/dataset_cropped/10_Metas/25/15/20191025155800_00160.png,407.6,847,53,22.2,965
10/25/2019 15:59,datasets/dataset_cropped/10_Metas/25/15/20191025155900_00160.jpg,datasets_flow/dataset_cropped/10_Metas/25/15/20191025155900_00160.jpg,datasets_cloudmask/dataset_cropped/10_Metas/25/15/20191025155900_00160.png,404.8,846,52.9,22.4,964
10/25/2019 16:00,datasets/dataset_cropped/10_Metas/25/16/20191025160000_00160.jpg,datasets_flow/dataset_cropped/10_Metas/25/16/20191025160000_00160.jpg,datasets_cloudmask/dataset_cropped/10_Metas/25/16/20191025160000_00160.png,401.7,844,52.8,22.4,965
10/25/2019 16:01,datasets/dataset_cropped/10_Metas/25/16/20191025160100_00160.jpg,datasets_flow/dataset_cropped/10_Metas/25/16/20191025160100_00160.jpg,datasets_cloudmask/dataset_cropped/10_Metas/25/16/20191025160100_00160.png,398.7,842,52.8,22.2,965
10/25/2019 16:02,datasets/dataset_cropped/10_Metas/25/16/20191025160200_00160.jpg,datasets_flow/dataset_cropped/10_Metas/25/16/20191025160200_00160.jpg,datasets_cloudmask/dataset_cropped/10_Metas/25/16/20191025160200_00160.png,395.5,840,52.6,22.4,964
10/25/2019 16:03,datasets/dataset_cropped/10_Metas/25/16/20191025160300_00160.jpg,datasets_flow/dataset_cropped/10_Metas/25/16/20191025160300_00160.jpg,datasets_cloudmask/dataset_cropped/10_Metas/25/16/20191025160300_00160.png,392.4,838,52.2,22.4,965
10/25/2019 16:04,datasets/dataset_cropped/10_Metas/25/16/20191025160400_00160.jpg,datasets_flow/dataset_cropped/10_Metas/25/16/20191025160400_00160.jpg,datasets_cloudmask/dataset_cropped/10_Metas/25/16/20191025160400_00160.png,389.3,835,52,22.2,964
10/25/2019 16:05,datasets/dataset_cropped/10_Metas/25/16/20191025160500_00160.jpg,datasets_flow/dataset_cropped/10_Metas/25/16/20191025160500_00160.jpg,datasets_cloudmask/dataset_cropped/10_Metas/25/16/20191025160500_00160.png,386.4,834,51.9,22,965
10/25/2019 16:06,datasets/dataset_cropped/10_Metas/25/16/20191025160600_00160.jpg,datasets_flow/dataset_cropped/10_Metas/25/16/20191025160600_00160.jpg,datasets_cloudmask/dataset_cropped/10_Metas/25/16/20191025160600_00160.png,383.4,832,51.8,21.9,965
10/25/2019 16:07,datasets/dataset_cropped/10_Metas/25/16/20191025160700_00160.jpg,datasets_flow/dataset_cropped/10_Metas/25/16/20191025160700_00160.jpg,datasets_cloudmask/dataset_cropped/10_Metas/25/16/20191025160700_00160.png,380.2,829,51.6,21.9,964
10/25/2019 16:08,datasets/dataset_cropped/10_Metas/25/16/20191025160800_00160.jpg,datasets_flow/dataset_cropped/10_Metas/25/16/20191025160800_00160.jpg,datasets_cloudmask/dataset_cropped/10_Metas/25/16/20191025160800_00160.png,377.3,827,51.5,21.9,965
10/25/2019 16:09,datasets/dataset_cropped/10_Metas/25/16/20191025160900_00160.jpg,datasets_flow/dataset_cropped/10_Metas/25/16/20191025160900_00160.jpg,datasets_cloudmask/dataset_cropped/10_Metas/25/16/20191025160900_00160.png,374.2,825,51.6,22,964
10/25/2019 16:10,datasets/dataset_cropped/10_Metas/25/16/20191025161000_00160.jpg,datasets_flow/dataset_cropped/10_Metas/25/16/20191025161000_00160.jpg,datasets_cloudmask/dataset_cropped/10_Metas/25/16/20191025161000_00160.png,371.1,823,51.5,22,964
10/25/2019 16:11,datasets/dataset_cropped/10_Metas/25/16/20191025161100_00160.jpg,datasets_flow/dataset_cropped/10_Metas/25/16/20191025161100_00160.jpg,datasets_cloudmask/dataset_cropped/10_Metas/25/16/20191025161100_00160.png,368.3,822,51.3,22,964
10/25/2019 16:12,datasets/dataset_cropped/10_Metas/25/16/20191025161200_00160.jpg,datasets_flow/dataset_cropped/10_Metas/25/16/20191025161200_00160.jpg,datasets_cloudmask/dataset_cropped/10_Metas/25/16/20191025161200_00160.png,365.5,821,51.2,21.9,964
10/25/2019 16:13,datasets/dataset_cropped/10_Metas/25/16/20191025161300_00160.jpg,datasets_flow/dataset_cropped/10_Metas/25/16/20191025161300_00160.jpg,datasets_cloudmask/dataset_cropped/10_Metas/25/16/20191025161300_00160.png,362.4,819,50.8,21.9,964
10/25/2019 16:14,datasets/dataset_cropped/10_Metas/25/16/20191025161400_00160.jpg,datasets_flow/dataset_cropped/10_Metas/25/16/20191025161400_00160.jpg,datasets_cloudmask/dataset_cropped/10_Metas/25/16/20191025161400_00160.png,359.6,818,50.6,21.7,964
10/25/2019 16:15,datasets/dataset_cropped/10_Metas/25/16/20191025161500_00160.jpg,datasets_flow/dataset_cropped/10_Metas/25/16/20191025161500_00160.jpg,datasets_cloudmask/dataset_cropped/10_Metas/25/16/20191025161500_00160.png,356.5,816,50.3,21.6,965
10/25/2019 16:16,datasets/dataset_cropped/10_Metas/25/16/20191025161600_00160.jpg,datasets_flow/dataset_cropped/10_Metas/25/16/20191025161600_00160.jpg,datasets_cloudmask/dataset_cropped/10_Metas/25/16/20191025161600_00160.png,353.4,813,50.3,21.6,964
10/25/2019 16:17,datasets/dataset_cropped/10_Metas/25/16/20191025161700_00160.jpg,datasets_flow/dataset_cropped/10_Metas/25/16/20191025161700_00160.jpg,datasets_cloudmask/dataset_cropped/10_Metas/25/16/20191025161700_00160.png,350.5,812,50,21.8,965
10/25/2019 16:18,datasets/dataset_cropped/10_Metas/25/16/20191025161800_00160.jpg,datasets_flow/dataset_cropped/10_Metas/25/16/20191025161800_00160.jpg,datasets_cloudmask/dataset_cropped/10_Metas/25/16/20191025161800_00160.png,347.7,810,50,21.8,965
10/25/2019 16:19,datasets/dataset_cropped/10_Metas/25/16/20191025161900_00160.jpg,datasets_flow/dataset_cropped/10_Metas/25/16/20191025161900_00160.jpg,datasets_cloudmask/dataset_cropped/10_Metas/25/16/20191025161900_00160.png,344.8,808,49.9,22,964
10/25/2019 16:20,datasets/dataset_cropped/10_Metas/25/16/20191025162000_00160.jpg,datasets_flow/dataset_cropped/10_Metas/25/16/20191025162000_00160.jpg,datasets_cloudmask/dataset_cropped/10_Metas/25/16/20191025162000_00160.png,341.8,807,49.8,22,965
10/25/2019 16:21,datasets/dataset_cropped/10_Metas/25/16/20191025162100_00160.jpg,datasets_flow/dataset_cropped/10_Metas/25/16/20191025162100_00160.jpg,datasets_cloudmask/dataset_cropped/10_Metas/25/16/20191025162100_00160.png,338.8,805,49.5,22,964
10/25/2019 16:22,datasets/dataset_cropped/10_Metas/25/16/20191025162200_00160.jpg,datasets_flow/dataset_cropped/10_Metas/25/16/20191025162200_00160.jpg,datasets_cloudmask/dataset_cropped/10_Metas/25/16/20191025162200_00160.png,335.9,803,49.3,22,965
10/25/2019 16:23,datasets/dataset_cropped/10_Metas/25/16/20191025162300_00160.jpg,datasets_flow/dataset_cropped/10_Metas/25/16/20191025162300_00160.jpg,datasets_cloudmask/dataset_cropped/10_Metas/25/16/20191025162300_00160.png,332.8,801,49.3,21.9,965
10/25/2019 16:24,datasets/dataset_cropped/10_Metas/25/16/20191025162400_00160.jpg,datasets_flow/dataset_cropped/10_Metas/25/16/20191025162400_00160.jpg,datasets_cloudmask/dataset_cropped/10_Metas/25/16/20191025162400_00160.png,329.6,799.1,48.9,21.7,965
10/25/2019 16:25,datasets/dataset_cropped/10_Metas/25/16/20191025162500_00160.jpg,datasets_flow/dataset_cropped/10_Metas/25/16/20191025162500_00160.jpg,datasets_cloudmask/dataset_cropped/10_Metas/25/16/20191025162500_00160.png,326.6,797.1,48.7,21.8,964
10/25/2019 16:26,datasets/dataset_cropped/10_Metas/25/16/20191025162600_00160.jpg,datasets_flow/dataset_cropped/10_Metas/25/16/20191025162600_00160.jpg,datasets_cloudmask/dataset_cropped/10_Metas/25/16/20191025162600_00160.png,323.6,795.4,48.5,21.7,965
10/25/2019 16:27,datasets/dataset_cropped/10_Metas/25/16/20191025162700_00160.jpg,datasets_flow/dataset_cropped/10_Metas/25/16/20191025162700_00160.jpg,datasets_cloudmask/dataset_cropped/10_Metas/25/16/20191025162700_00160.png,320.7,793.5,48.4,21.5,964
10/25/2019 16:28,datasets/dataset_cropped/10_Metas/25/16/20191025162800_00160.jpg,datasets_flow/dataset_cropped/10_Metas/25/16/20191025162800_00160.jpg,datasets_cloudmask/dataset_cropped/10_Metas/25/16/20191025162800_00160.png,317.7,791.6,48.2,21.4,964
10/25/2019 16:29,datasets/dataset_cropped/10_Metas/25/16/20191025162900_00160.jpg,datasets_flow/dataset_cropped/10_Metas/25/16/20191025162900_00160.jpg,datasets_cloudmask/dataset_cropped/10_Metas/25/16/20191025162900_00160.png,314.8,789.9,48.1,21.5,964
10/25/2019 16:30,datasets/dataset_cropped/10_Metas/25/16/20191025163000_00160.jpg,datasets_flow/dataset_cropped/10_Metas/25/16/20191025163000_00160.jpg,datasets_cloudmask/dataset_cropped/10_Metas/25/16/20191025163000_00160.png,311.9,788.2,48.1,21.4,965
10/25/2019 16:31,datasets/dataset_cropped/10_Metas/25/16/20191025163100_00160.jpg,datasets_flow/dataset_cropped/10_Metas/25/16/20191025163100_00160.jpg,datasets_cloudmask/dataset_cropped/10_Metas/25/16/20191025163100_00160.png,308.5,785.6,47.8,21.5,965
10/25/2019 16:32,datasets/dataset_cropped/10_Metas/25/16/20191025163200_00160.jpg,datasets_flow/dataset_cropped/10_Metas/25/16/20191025163200_00160.jpg,datasets_cloudmask/dataset_cropped/10_Metas/25/16/20191025163200_00160.png,305.2,782.9,47.5,21.5,964
10/25/2019 16:33,datasets/dataset_cropped/10_Metas/25/16/20191025163300_00160.jpg,datasets_flow/dataset_cropped/10_Metas/25/16/20191025163300_00160.jpg,datasets_cloudmask/dataset_cropped/10_Metas/25/16/20191025163300_00160.png,302,780.2,47.3,21.5,964
10/25/2019 16:34,datasets/dataset_cropped/10_Metas/25/16/20191025163400_00160.jpg,datasets_flow/dataset_cropped/10_Metas/25/16/20191025163400_00160.jpg,datasets_cloudmask/dataset_cropped/10_Metas/25/16/20191025163400_00160.png,298.8,777.6,47.1,21.4,965
10/25/2019 16:35,datasets/dataset_cropped/10_Metas/25/16/20191025163500_00160.jpg,datasets_flow/dataset_cropped/10_Metas/25/16/20191025163500_00160.jpg,datasets_cloudmask/dataset_cropped/10_Metas/25/16/20191025163500_00160.png,295.6,775.1,47.1,21.4,964
10/25/2019 16:36,datasets/dataset_cropped/10_Metas/25/16/20191025163600_00160.jpg,datasets_flow/dataset_cropped/10_Metas/25/16/20191025163600_00160.jpg,datasets_cloudmask/dataset_cropped/10_Metas/25/16/20191025163600_00160.png,292.5,772.7,46.9,21.3,964
10/25/2019 16:37,datasets/dataset_cropped/10_Metas/25/16/20191025163700_00160.jpg,datasets_flow/dataset_cropped/10_Metas/25/16/20191025163700_00160.jpg,datasets_cloudmask/dataset_cropped/10_Metas/25/16/20191025163700_00160.png,289.5,771,46.7,21.2,965
10/25/2019 16:38,datasets/dataset_cropped/10_Metas/25/16/20191025163800_00160.jpg,datasets_flow/dataset_cropped/10_Metas/25/16/20191025163800_00160.jpg,datasets_cloudmask/dataset_cropped/10_Metas/25/16/20191025163800_00160.png,286.5,768.8,46.5,21.1,965
10/25/2019 16:39,datasets/dataset_cropped/10_Metas/25/16/20191025163900_00160.jpg,datasets_flow/dataset_cropped/10_Metas/25/16/20191025163900_00160.jpg,datasets_cloudmask/dataset_cropped/10_Metas/25/16/20191025163900_00160.png,283.4,766.5,46.3,21.1,964
10/25/2019 16:40,datasets/dataset_cropped/10_Metas/25/16/20191025164000_00160.jpg,datasets_flow/dataset_cropped/10_Metas/25/16/20191025164000_00160.jpg,datasets_cloudmask/dataset_cropped/10_Metas/25/16/20191025164000_00160.png,280.2,763.9,46.2,21.2,965
10/25/2019 16:41,datasets/dataset_cropped/10_Metas/25/16/20191025164100_00160.jpg,datasets_flow/dataset_cropped/10_Metas/25/16/20191025164100_00160.jpg,datasets_cloudmask/dataset_cropped/10_Metas/25/16/20191025164100_00160.png,277,761,45.9,21.2,965
10/25/2019 16:42,datasets/dataset_cropped/10_Metas/25/16/20191025164200_00160.jpg,datasets_flow/dataset_cropped/10_Metas/25/16/20191025164200_00160.jpg,datasets_cloudmask/dataset_cropped/10_Metas/25/16/20191025164200_00160.png,273.8,758.2,45.7,21.1,965
10/25/2019 16:43,datasets/dataset_cropped/10_Metas/25/16/20191025164300_00160.jpg,datasets_flow/dataset_cropped/10_Metas/25/16/20191025164300_00160.jpg,datasets_cloudmask/dataset_cropped/10_Metas/25/16/20191025164300_00160.png,270.3,754.5,45.5,21.1,964
10/25/2019 16:44,datasets/dataset_cropped/10_Metas/25/16/20191025164400_00160.jpg,datasets_flow/dataset_cropped/10_Metas/25/16/20191025164400_00160.jpg,datasets_cloudmask/dataset_cropped/10_Metas/25/16/20191025164400_00160.png,266.9,751.3,45.2,21.2,965
10/25/2019 16:45,datasets/dataset_cropped/10_Metas/25/16/20191025164500_00160.jpg,datasets_flow/dataset_cropped/10_Metas/25/16/20191025164500_00160.jpg,datasets_cloudmask/dataset_cropped/10_Metas/25/16/20191025164500_00160.png,263.7,748.6,44.9,21.2,965
10/25/2019 16:46,datasets/dataset_cropped/10_Metas/25/16/20191025164600_00160.jpg,datasets_flow/dataset_cropped/10_Metas/25/16/20191025164600_00160.jpg,datasets_cloudmask/dataset_cropped/10_Metas/25/16/20191025164600_00160.png,260.4,745.4,44.6,21.2,965
10/25/2019 16:47,datasets/dataset_cropped/10_Metas/25/16/20191025164700_00160.jpg,datasets_flow/dataset_cropped/10_Metas/25/16/20191025164700_00160.jpg,datasets_cloudmask/dataset_cropped/10_Metas/25/16/20191025164700_00160.png,257.4,742.7,44.4,21.4,965
10/25/2019 16:48,datasets/dataset_cropped/10_Metas/25/16/20191025164800_00160.jpg,datasets_flow/dataset_cropped/10_Metas/25/16/20191025164800_00160.jpg,datasets_cloudmask/dataset_cropped/10_Metas/25/16/20191025164800_00160.png,254.3,739.7,44.2,21.3,965
10/25/2019 16:49,datasets/dataset_cropped/10_Metas/25/16/20191025164900_00160.jpg,datasets_flow/dataset_cropped/10_Metas/25/16/20191025164900_00160.jpg,datasets_cloudmask/dataset_cropped/10_Metas/25/16/20191025164900_00160.png,251.1,736.7,44,21.3,965
10/25/2019 16:50,datasets/dataset_cropped/10_Metas/25/16/20191025165000_00160.jpg,datasets_flow/dataset_cropped/10_Metas/25/16/20191025165000_00160.jpg,datasets_cloudmask/dataset_cropped/10_Metas/25/16/20191025165000_00160.png,248.1,734.2,43.9,21.3,965
10/25/2019 16:51,datasets/dataset_cropped/10_Metas/25/16/20191025165100_00160.jpg,datasets_flow/dataset_cropped/10_Metas/25/16/20191025165100_00160.jpg,datasets_cloudmask/dataset_cropped/10_Metas/25/16/20191025165100_00160.png,245.1,731.9,43.7,21.2,965
10/25/2019 16:52,datasets/dataset_cropped/10_Metas/25/16/20191025165200_00160.jpg,datasets_flow/dataset_cropped/10_Metas/25/16/20191025165200_00160.jpg,datasets_cloudmask/dataset_cropped/10_Metas/25/16/20191025165200_00160.png,242.2,729.9,43.4,21.2,965
10/25/2019 16:53,datasets/dataset_cropped/10_Metas/25/16/20191025165300_00160.jpg,datasets_flow/dataset_cropped/10_Metas/25/16/20191025165300_00160.jpg,datasets_cloudmask/dataset_cropped/10_Metas/25/16/20191025165300_00160.png,238.6,725.5,43.1,21.2,965
10/25/2019 16:54,datasets/dataset_cropped/10_Metas/25/16/20191025165400_00160.jpg,datasets_flow/dataset_cropped/10_Metas/25/16/20191025165400_00160.jpg,datasets_cloudmask/dataset_cropped/10_Metas/25/16/20191025165400_00160.png,234.4,718.8,42.8,21.1,965
10/25/2019 16:55,datasets/dataset_cropped/10_Metas/25/16/20191025165500_00160.jpg,datasets_flow/dataset_cropped/10_Metas/25/16/20191025165500_00160.jpg,datasets_cloudmask/dataset_cropped/10_Metas/25/16/20191025165500_00160.png,232.2,719.6,42.5,20.9,965
10/25/2019 16:56,datasets/dataset_cropped/10_Metas/25/16/20191025165600_00160.jpg,datasets_flow/dataset_cropped/10_Metas/25/16/20191025165600_00160.jpg,datasets_cloudmask/dataset_cropped/10_Metas/25/16/20191025165600_00160.png,228.9,716.1,42.2,20.9,965
10/25/2019 16:57,datasets/dataset_cropped/10_Metas/25/16/20191025165700_00160.jpg,datasets_flow/dataset_cropped/10_Metas/25/16/20191025165700_00160.jpg,datasets_cloudmask/dataset_cropped/10_Metas/25/16/20191025165700_00160.png,225.9,712.9,42,20.9,965
10/25/2019 16:58,datasets/dataset_cropped/10_Metas/25/16/20191025165800_00160.jpg,datasets_flow/dataset_cropped/10_Metas/25/16/20191025165800_00160.jpg,datasets_cloudmask/dataset_cropped/10_Metas/25/16/20191025165800_00160.png,222.7,709.6,41.9,20.9,965
10/25/2019 16:59,datasets/dataset_cropped/10_Metas/25/16/20191025165900_00160.jpg,datasets_flow/dataset_cropped/10_Metas/25/16/20191025165900_00160.jpg,datasets_cloudmask/dataset_cropped/10_Metas/25/16/20191025165900_00160.png,219.4,706.1,41.6,20.9,965
10/25/2019 17:00,datasets/dataset_cropped/10_Metas/25/17/20191025170000_00160.jpg,datasets_flow/dataset_cropped/10_Metas/25/17/20191025170000_00160.jpg,datasets_cloudmask/dataset_cropped/10_Metas/25/17/20191025170000_00160.png,216.4,703,41.5,20.9,965
10/25/2019 17:01,datasets/dataset_cropped/10_Metas/25/17/20191025170100_00160.jpg,datasets_flow/dataset_cropped/10_Metas/25/17/20191025170100_00160.jpg,datasets_cloudmask/dataset_cropped/10_Metas/25/17/20191025170100_00160.png,213.2,699.3,41.2,20.8,965
10/25/2019 17:02,datasets/dataset_cropped/10_Metas/25/17/20191025170200_00160.jpg,datasets_flow/dataset_cropped/10_Metas/25/17/20191025170200_00160.jpg,datasets_cloudmask/dataset_cropped/10_Metas/25/17/20191025170200_00160.png,210,696.1,40.9,20.9,965
10/25/2019 17:03,datasets/dataset_cropped/10_Metas/25/17/20191025170300_00160.jpg,datasets_flow/dataset_cropped/10_Metas/25/17/20191025170300_00160.jpg,datasets_cloudmask/dataset_cropped/10_Metas/25/17/20191025170300_00160.png,206.7,692.7,40.5,20.9,965
10/25/2019 17:04,datasets/dataset_cropped/10_Metas/25/17/20191025170400_00160.jpg,datasets_flow/dataset_cropped/10_Metas/25/17/20191025170400_00160.jpg,datasets_cloudmask/dataset_cropped/10_Metas/25/17/20191025170400_00160.png,203.5,688.8,40.1,20.9,965
10/25/2019 17:05,datasets/dataset_cropped/10_Metas/25/17/20191025170500_00160.jpg,datasets_flow/dataset_cropped/10_Metas/25/17/20191025170500_00160.jpg,datasets_cloudmask/dataset_cropped/10_Metas/25/17/20191025170500_00160.png,200.1,684.5,39.8,20.8,965
10/25/2019 17:06,datasets/dataset_cropped/10_Metas/25/17/20191025170600_00160.jpg,datasets_flow/dataset_cropped/10_Metas/25/17/20191025170600_00160.jpg,datasets_cloudmask/dataset_cropped/10_Metas/25/17/20191025170600_00160.png,196.8,680.1,39.5,20.9,965
10/25/2019 17:07,datasets/dataset_cropped/10_Metas/25/17/20191025170700_00160.jpg,datasets_flow/dataset_cropped/10_Metas/25/17/20191025170700_00160.jpg,datasets_cloudmask/dataset_cropped/10_Metas/25/17/20191025170700_00160.png,193.6,676.2,39.2,20.9,965
10/25/2019 17:08,datasets/dataset_cropped/10_Metas/25/17/20191025170800_00160.jpg,datasets_flow/dataset_cropped/10_Metas/25/17/20191025170800_00160.jpg,datasets_cloudmask/dataset_cropped/10_Metas/25/17/20191025170800_00160.png,190.4,672.4,38.9,20.9,964
10/25/2019 17:09,datasets/dataset_cropped/10_Metas/25/17/20191025170900_00160.jpg,datasets_flow/dataset_cropped/10_Metas/25/17/20191025170900_00160.jpg,datasets_cloudmask/dataset_cropped/10_Metas/25/17/20191025170900_00160.png,187.4,668.8,38.7,20.7,965
10/25/2019 17:10,datasets/dataset_cropped/10_Metas/25/17/20191025171000_00160.jpg,datasets_flow/dataset_cropped/10_Metas/25/17/20191025171000_00160.jpg,datasets_cloudmask/dataset_cropped/10_Metas/25/17/20191025171000_00160.png,184.1,664.4,38.4,20.7,965
10/25/2019 17:11,datasets/dataset_cropped/10_Metas/25/17/20191025171100_00160.jpg,datasets_flow/dataset_cropped/10_Metas/25/17/20191025171100_00160.jpg,datasets_cloudmask/dataset_cropped/10_Metas/25/17/20191025171100_00160.png,180.7,659.6,38.1,20.8,965
10/25/2019 17:12,datasets/dataset_cropped/10_Metas/25/17/20191025171200_00160.jpg,datasets_flow/dataset_cropped/10_Metas/25/17/20191025171200_00160.jpg,datasets_cloudmask/dataset_cropped/10_Metas/25/17/20191025171200_00160.png,177.5,655.2,37.8,20.8,965
10/25/2019 17:13,datasets/dataset_cropped/10_Metas/25/17/20191025171300_00160.jpg,datasets_flow/dataset_cropped/10_Metas/25/17/20191025171300_00160.jpg,datasets_cloudmask/dataset_cropped/10_Metas/25/17/20191025171300_00160.png,174.3,651.1,37.6,20.6,965
10/25/2019 17:14,datasets/dataset_cropped/10_Metas/25/17/20191025171400_00160.jpg,datasets_flow/dataset_cropped/10_Metas/25/17/20191025171400_00160.jpg,datasets_cloudmask/dataset_cropped/10_Metas/25/17/20191025171400_00160.png,171.1,646.4,37.3,20.7,965
10/25/2019 17:15,datasets/dataset_cropped/10_Metas/25/17/20191025171500_00160.jpg,datasets_flow/dataset_cropped/10_Metas/25/17/20191025171500_00160.jpg,datasets_cloudmask/dataset_cropped/10_Metas/25/17/20191025171500_00160.png,167.9,641.9,37,20.7,965
10/25/2019 17:16,datasets/dataset_cropped/10_Metas/25/17/20191025171600_00160.jpg,datasets_flow/dataset_cropped/10_Metas/25/17/20191025171600_00160.jpg,datasets_cloudmask/dataset_cropped/10_Metas/25/17/20191025171600_00160.png,164.7,637.8,36.7,20.7,965
10/25/2019 17:17,datasets/dataset_cropped/10_Metas/25/17/20191025171700_00160.jpg,datasets_flow/dataset_cropped/10_Metas/25/17/20191025171700_00160.jpg,datasets_cloudmask/dataset_cropped/10_Metas/25/17/20191025171700_00160.png,161.3,632.7,36.3,20.6,965
10/25/2019 17:18,datasets/dataset_cropped/10_Metas/25/17/20191025171800_00160.jpg,datasets_flow/dataset_cropped/10_Metas/25/17/20191025171800_00160.jpg,datasets_cloudmask/dataset_cropped/10_Metas/25/17/20191025171800_00160.png,158.1,628,35.9,20.5,965
10/25/2019 17:19,datasets/dataset_cropped/10_Metas/25/17/20191025171900_00160.jpg,datasets_flow/dataset_cropped/10_Metas/25/17/20191025171900_00160.jpg,datasets_cloudmask/dataset_cropped/10_Metas/25/17/20191025171900_00160.png,154.8,622.8,35.5,20.6,965
10/25/2019 17:20,datasets/dataset_cropped/10_Metas/25/17/20191025172000_00160.jpg,datasets_flow/dataset_cropped/10_Metas/25/17/20191025172000_00160.jpg,datasets_cloudmask/dataset_cropped/10_Metas/25/17/20191025172000_00160.png,151.7,618.2,35.2,20.6,965
10/25/2019 17:21,datasets/dataset_cropped/10_Metas/25/17/20191025172100_00160.jpg,datasets_flow/dataset_cropped/10_Metas/25/17/20191025172100_00160.jpg,datasets_cloudmask/dataset_cropped/10_Metas/25/17/20191025172100_00160.png,148.4,612.8,34.8,20.6,965
10/25/2019 17:22,datasets/dataset_cropped/10_Metas/25/17/20191025172200_00160.jpg,datasets_flow/dataset_cropped/10_Metas/25/17/20191025172200_00160.jpg,datasets_cloudmask/dataset_cropped/10_Metas/25/17/20191025172200_00160.png,145.3,607.7,34.5,20.6,965
10/25/2019 17:23,datasets/dataset_cropped/10_Metas/25/17/20191025172300_00160.jpg,datasets_flow/dataset_cropped/10_Metas/25/17/20191025172300_00160.jpg,datasets_cloudmask/dataset_cropped/10_Metas/25/17/20191025172300_00160.png,142.1,602,34.1,20.6,965
10/25/2019 17:24,datasets/dataset_cropped/10_Metas/25/17/20191025172400_00160.jpg,datasets_flow/dataset_cropped/10_Metas/25/17/20191025172400_00160.jpg,datasets_cloudmask/dataset_cropped/10_Metas/25/17/20191025172400_00160.png,139,597.5,33.7,20.6,965
10/25/2019 17:25,datasets/dataset_cropped/10_Metas/25/17/20191025172500_00160.jpg,datasets_flow/dataset_cropped/10_Metas/25/17/20191025172500_00160.jpg,datasets_cloudmask/dataset_cropped/10_Metas/25/17/20191025172500_00160.png,135.8,591.9,33.4,20.5,965
10/25/2019 17:26,datasets/dataset_cropped/10_Metas/25/17/20191025172600_00160.jpg,datasets_flow/dataset_cropped/10_Metas/25/17/20191025172600_00160.jpg,datasets_cloudmask/dataset_cropped/10_Metas/25/17/20191025172600_00160.png,132.5,585.3,33,20.3,965
10/25/2019 17:27,datasets/dataset_cropped/10_Metas/25/17/20191025172700_00160.jpg,datasets_flow/dataset_cropped/10_Metas/25/17/20191025172700_00160.jpg,datasets_cloudmask/dataset_cropped/10_Metas/25/17/20191025172700_00160.png,129.2,578.7,32.7,20.3,965
10/25/2019 17:28,datasets/dataset_cropped/10_Metas/25/17/20191025172800_00160.jpg,datasets_flow/dataset_cropped/10_Metas/25/17/20191025172800_00160.jpg,datasets_cloudmask/dataset_cropped/10_Metas/25/17/20191025172800_00160.png,126.1,572.9,32.3,20.3,965
10/25/2019 17:29,datasets/dataset_cropped/10_Metas/25/17/20191025172900_00160.jpg,datasets_flow/dataset_cropped/10_Metas/25/17/20191025172900_00160.jpg,datasets_cloudmask/dataset_cropped/10_Metas/25/17/20191025172900_00160.png,123,567.5,31.9,20.3,965
10/25/2019 17:30,datasets/dataset_cropped/10_Metas/25/17/20191025173000_00160.jpg,datasets_flow/dataset_cropped/10_Metas/25/17/20191025173000_00160.jpg,datasets_cloudmask/dataset_cropped/10_Metas/25/17/20191025173000_00160.png,120,562.2,31.5,20.3,964
10/25/2019 17:31,datasets/dataset_cropped/10_Metas/25/17/20191025173100_00160.jpg,datasets_flow/dataset_cropped/10_Metas/25/17/20191025173100_00160.jpg,datasets_cloudmask/dataset_cropped/10_Metas/25/17/20191025173100_00160.png,116.9,556.6,31.1,20.3,965
10/25/2019 17:32,datasets/dataset_cropped/10_Metas/25/17/20191025173200_00160.jpg,datasets_flow/dataset_cropped/10_Metas/25/17/20191025173200_00160.jpg,datasets_cloudmask/dataset_cropped/10_Metas/25/17/20191025173200_00160.png,113.8,549.8,30.6,20.2,964
10/25/2019 17:33,datasets/dataset_cropped/10_Metas/25/17/20191025173300_00160.jpg,datasets_flow/dataset_cropped/10_Metas/25/17/20191025173300_00160.jpg,datasets_cloudmask/dataset_cropped/10_Metas/25/17/20191025173300_00160.png,110.8,540.9,30.3,20.1,965
10/25/2019 17:34,datasets/dataset_cropped/10_Metas/25/17/20191025173400_00160.jpg,datasets_flow/dataset_cropped/10_Metas/25/17/20191025173400_00160.jpg,datasets_cloudmask/dataset_cropped/10_Metas/25/17/20191025173400_00160.png,107.9,533.6,29.9,20.1,965
10/25/2019 17:35,datasets/dataset_cropped/10_Metas/25/17/20191025173500_00160.jpg,datasets_flow/dataset_cropped/10_Metas/25/17/20191025173500_00160.jpg,datasets_cloudmask/dataset_cropped/10_Metas/25/17/20191025173500_00160.png,104.8,531,29.5,20.1,965
10/25/2019 17:36,datasets/dataset_cropped/10_Metas/25/17/20191025173600_00160.jpg,datasets_flow/dataset_cropped/10_Metas/25/17/20191025173600_00160.jpg,datasets_cloudmask/dataset_cropped/10_Metas/25/17/20191025173600_00160.png,101.6,522.3,29.2,20,965
10/25/2019 17:37,datasets/dataset_cropped/10_Metas/25/17/20191025173700_00160.jpg,datasets_flow/dataset_cropped/10_Metas/25/17/20191025173700_00160.jpg,datasets_cloudmask/dataset_cropped/10_Metas/25/17/20191025173700_00160.png,98.4,515.2,28.7,19.9,965
10/25/2019 17:38,datasets/dataset_cropped/10_Metas/25/17/20191025173800_00160.jpg,datasets_flow/dataset_cropped/10_Metas/25/17/20191025173800_00160.jpg,datasets_cloudmask/dataset_cropped/10_Metas/25/17/20191025173800_00160.png,95.4,508.2,28.2,19.9,965
10/25/2019 17:39,datasets/dataset_cropped/10_Metas/25/17/20191025173900_00160.jpg,datasets_flow/dataset_cropped/10_Metas/25/17/20191025173900_00160.jpg,datasets_cloudmask/dataset_cropped/10_Metas/25/17/20191025173900_00160.png,92.5,501.7,27.8,19.8,965
10/25/2019 17:40,datasets/dataset_cropped/10_Metas/25/17/20191025174000_00160.jpg,datasets_flow/dataset_cropped/10_Metas/25/17/20191025174000_00160.jpg,datasets_cloudmask/dataset_cropped/10_Metas/25/17/20191025174000_00160.png,89.5,493.8,27.3,19.8,965
10/25/2019 17:41,datasets/dataset_cropped/10_Metas/25/17/20191025174100_00160.jpg,datasets_flow/dataset_cropped/10_Metas/25/17/20191025174100_00160.jpg,datasets_cloudmask/dataset_cropped/10_Metas/25/17/20191025174100_00160.png,86.6,485.7,26.9,19.7,965
10/25/2019 17:42,datasets/dataset_cropped/10_Metas/25/17/20191025174200_00160.jpg,datasets_flow/dataset_cropped/10_Metas/25/17/20191025174200_00160.jpg,datasets_cloudmask/dataset_cropped/10_Metas/25/17/20191025174200_00160.png,83.8,479,26.4,19.8,965
10/25/2019 17:43,datasets/dataset_cropped/10_Metas/25/17/20191025174300_00160.jpg,datasets_flow/dataset_cropped/10_Metas/25/17/20191025174300_00160.jpg,datasets_cloudmask/dataset_cropped/10_Metas/25/17/20191025174300_00160.png,81,471.7,25.9,19.7,965
10/25/2019 17:44,datasets/dataset_cropped/10_Metas/25/17/20191025174400_00160.jpg,datasets_flow/dataset_cropped/10_Metas/25/17/20191025174400_00160.jpg,datasets_cloudmask/dataset_cropped/10_Metas/25/17/20191025174400_00160.png,78.1,462.9,25.6,19.6,965
10/25/2019 17:45,datasets/dataset_cropped/10_Metas/25/17/20191025174500_00160.jpg,datasets_flow/dataset_cropped/10_Metas/25/17/20191025174500_00160.jpg,datasets_cloudmask/dataset_cropped/10_Metas/25/17/20191025174500_00160.png,75.2,454.2,25.1,19.5,965
10/25/2019 17:46,datasets/dataset_cropped/10_Metas/25/17/20191025174600_00160.jpg,datasets_flow/dataset_cropped/10_Metas/25/17/20191025174600_00160.jpg,datasets_cloudmask/dataset_cropped/10_Metas/25/17/20191025174600_00160.png,72.4,445.9,24.6,19.5,965
10/25/2019 17:47,datasets/dataset_cropped/10_Metas/25/17/20191025174700_00160.jpg,datasets_flow/dataset_cropped/10_Metas/25/17/20191025174700_00160.jpg,datasets_cloudmask/dataset_cropped/10_Metas/25/17/20191025174700_00160.png,69.6,436.8,24.2,19.5,965
10/25/2019 17:48,datasets/dataset_cropped/10_Metas/25/17/20191025174800_00160.jpg,datasets_flow/dataset_cropped/10_Metas/25/17/20191025174800_00160.jpg,datasets_cloudmask/dataset_cropped/10_Metas/25/17/20191025174800_00160.png,66.7,426.6,23.6,19.3,965
10/25/2019 17:49,datasets/dataset_cropped/10_Metas/25/17/20191025174900_00160.jpg,datasets_flow/dataset_cropped/10_Metas/25/17/20191025174900_00160.jpg,datasets_cloudmask/dataset_cropped/10_Metas/25/17/20191025174900_00160.png,63.7,415.8,23.1,19.3,965
10/25/2019 17:50,datasets/dataset_cropped/10_Metas/25/17/20191025175000_00160.jpg,datasets_flow/dataset_cropped/10_Metas/25/17/20191025175000_00160.jpg,datasets_cloudmask/dataset_cropped/10_Metas/25/17/20191025175000_00160.png,60.9,406.1,22.5,19.3,965
10/25/2019 17:51,datasets/dataset_cropped/10_Metas/25/17/20191025175100_00160.jpg,datasets_flow/dataset_cropped/10_Metas/25/17/20191025175100_00160.jpg,datasets_cloudmask/dataset_cropped/10_Metas/25/17/20191025175100_00160.png,58.2,397.2,21.9,19.3,965
10/25/2019 17:52,datasets/dataset_cropped/10_Metas/25/17/20191025175200_00160.jpg,datasets_flow/dataset_cropped/10_Metas/25/17/20191025175200_00160.jpg,datasets_cloudmask/dataset_cropped/10_Metas/25/17/20191025175200_00160.png,55.5,387.1,21.4,19.3,965
10/25/2019 17:53,datasets/dataset_cropped/10_Metas/25/17/20191025175300_00160.jpg,datasets_flow/dataset_cropped/10_Metas/25/17/20191025175300_00160.jpg,datasets_cloudmask/dataset_cropped/10_Metas/25/17/20191025175300_00160.png,52.8,377.7,20.7,19.2,965
10/25/2019 17:54,datasets/dataset_cropped/10_Metas/25/17/20191025175400_00160.jpg,datasets_flow/dataset_cropped/10_Metas/25/17/20191025175400_00160.jpg,datasets_cloudmask/dataset_cropped/10_Metas/25/17/20191025175400_00160.png,50.1,367.2,20.1,19.1,965
10/25/2019 17:55,datasets/dataset_cropped/10_Metas/25/17/20191025175500_00160.jpg,datasets_flow/dataset_cropped/10_Metas/25/17/20191025175500_00160.jpg,datasets_cloudmask/dataset_cropped/10_Metas/25/17/20191025175500_00160.png,47.4,355.7,19.4,19.1,965
10/25/2019 17:56,datasets/dataset_cropped/10_Metas/25/17/20191025175600_00160.jpg,datasets_flow/dataset_cropped/10_Metas/25/17/20191025175600_00160.jpg,datasets_cloudmask/dataset_cropped/10_Metas/25/17/20191025175600_00160.png,44.8,344.3,18.8,19,965
10/25/2019 17:57,datasets/dataset_cropped/10_Metas/25/17/20191025175700_00160.jpg,datasets_flow/dataset_cropped/10_Metas/25/17/20191025175700_00160.jpg,datasets_cloudmask/dataset_cropped/10_Metas/25/17/20191025175700_00160.png,42.3,333.9,18.1,18.9,965
10/25/2019 17:58,datasets/dataset_cropped/10_Metas/25/17/20191025175800_00160.jpg,datasets_flow/dataset_cropped/10_Metas/25/17/20191025175800_00160.jpg,datasets_cloudmask/dataset_cropped/10_Metas/25/17/20191025175800_00160.png,40,324,17.5,18.9,965
10/25/2019 17:59,datasets/dataset_cropped/10_Metas/25/17/20191025175900_00160.jpg,datasets_flow/dataset_cropped/10_Metas/25/17/20191025175900_00160.jpg,datasets_cloudmask/dataset_cropped/10_Metas/25/17/20191025175900_00160.png,37.7,314.1,16.9,18.8,965
10/25/2019 18:00,datasets/dataset_cropped/10_Metas/25/18/20191025180000_00160.jpg,datasets_flow/dataset_cropped/10_Metas/25/18/20191025180000_00160.jpg,datasets_cloudmask/dataset_cropped/10_Metas/25/18/20191025180000_00160.png,35.3,303,16.2,18.7,965
10/25/2019 18:01,datasets/dataset_cropped/10_Metas/25/18/20191025180100_00160.jpg,datasets_flow/dataset_cropped/10_Metas/25/18/20191025180100_00160.jpg,datasets_cloudmask/dataset_cropped/10_Metas/25/18/20191025180100_00160.png,33.1,291,15.6,18.7,965
10/25/2019 18:02,datasets/dataset_cropped/10_Metas/25/18/20191025180200_00160.jpg,datasets_flow/dataset_cropped/10_Metas/25/18/20191025180200_00160.jpg,datasets_cloudmask/dataset_cropped/10_Metas/25/18/20191025180200_00160.png,31,281.9,15,18.7,965
10/25/2019 18:03,datasets/dataset_cropped/10_Metas/25/18/20191025180300_00160.jpg,datasets_flow/dataset_cropped/10_Metas/25/18/20191025180300_00160.jpg,datasets_cloudmask/dataset_cropped/10_Metas/25/18/20191025180300_00160.png,28.9,272.5,14.3,18.6,965
10/25/2019 18:04,datasets/dataset_cropped/10_Metas/25/18/20191025180400_00160.jpg,datasets_flow/dataset_cropped/10_Metas/25/18/20191025180400_00160.jpg,datasets_cloudmask/dataset_cropped/10_Metas/25/18/20191025180400_00160.png,26.8,262.1,13.5,18.6,965
10/25/2019 18:05,datasets/dataset_cropped/10_Metas/25/18/20191025180500_00160.jpg,datasets_flow/dataset_cropped/10_Metas/25/18/20191025180500_00160.jpg,datasets_cloudmask/dataset_cropped/10_Metas/25/18/20191025180500_00160.png,24.7,250.6,12.8,18.6,965
10/25/2019 18:06,datasets/dataset_cropped/10_Metas/25/18/20191025180600_00160.jpg,datasets_flow/dataset_cropped/10_Metas/25/18/20191025180600_00160.jpg,datasets_cloudmask/dataset_cropped/10_Metas/25/18/20191025180600_00160.png,22.9,240.9,12.1,18.5,965
10/25/2019 18:07,datasets/dataset_cropped/10_Metas/25/18/20191025180700_00160.jpg,datasets_flow/dataset_cropped/10_Metas/25/18/20191025180700_00160.jpg,datasets_cloudmask/dataset_cropped/10_Metas/25/18/20191025180700_00160.png,21.1,232.7,11.4,18.4,965
10/25/2019 18:08,datasets/dataset_cropped/10_Metas/25/18/20191025180800_00160.jpg,datasets_flow/dataset_cropped/10_Metas/25/18/20191025180800_00160.jpg,datasets_cloudmask/dataset_cropped/10_Metas/25/18/20191025180800_00160.png,19.3,220.1,10.8,18.4,965
10/25/2019 18:09,datasets/dataset_cropped/10_Metas/25/18/20191025180900_00160.jpg,datasets_flow/dataset_cropped/10_Metas/25/18/20191025180900_00160.jpg,datasets_cloudmask/dataset_cropped/10_Metas/25/18/20191025180900_00160.png,17.5,206.7,10.2,18.4,965
10/25/2019 18:10,datasets/dataset_cropped/10_Metas/25/18/20191025181000_00160.jpg,datasets_flow/dataset_cropped/10_Metas/25/18/20191025181000_00160.jpg,datasets_cloudmask/dataset_cropped/10_Metas/25/18/20191025181000_00160.png,15.8,193.5,9.6,18.2,965
10/25/2019 18:11,datasets/dataset_cropped/10_Metas/25/18/20191025181100_00160.jpg,datasets_flow/dataset_cropped/10_Metas/25/18/20191025181100_00160.jpg,datasets_cloudmask/dataset_cropped/10_Metas/25/18/20191025181100_00160.png,14,171.5,8.9,18.1,965
10/25/2019 18:12,datasets/dataset_cropped/10_Metas/25/18/20191025181200_00160.jpg,datasets_flow/dataset_cropped/10_Metas/25/18/20191025181200_00160.jpg,datasets_cloudmask/dataset_cropped/10_Metas/25/18/20191025181200_00160.png,11,95.2,8.2,18.1,965
10/25/2019 18:13,datasets/dataset_cropped/10_Metas/25/18/20191025181300_00160.jpg,datasets_flow/dataset_cropped/10_Metas/25/18/20191025181300_00160.jpg,datasets_cloudmask/dataset_cropped/10_Metas/25/18/20191025181300_00160.png,8.1,14.8,7.5,18,965
10/25/2019 18:14,datasets/dataset_cropped/10_Metas/25/18/20191025181400_00160.jpg,datasets_flow/dataset_cropped/10_Metas/25/18/20191025181400_00160.jpg,datasets_cloudmask/dataset_cropped/10_Metas/25/18/20191025181400_00160.png,7.1,0,6.8,17.9,965
10/25/2019 18:15,datasets/dataset_cropped/10_Metas/25/18/20191025181500_00160.jpg,datasets_flow/dataset_cropped/10_Metas/25/18/20191025181500_00160.jpg,datasets_cloudmask/dataset_cropped/10_Metas/25/18/20191025181500_00160.png,6.4,0,6.1,17.8,965
10/25/2019 18:16,datasets/dataset_cropped/10_Metas/25/18/20191025181600_00160.jpg,datasets_flow/dataset_cropped/10_Metas/25/18/20191025181600_00160.jpg,datasets_cloudmask/dataset_cropped/10_Metas/25/18/20191025181600_00160.png,5.8,0,5.5,17.8,965
10/25/2019 18:17,datasets/dataset_cropped/10_Metas/25/18/20191025181700_00160.jpg,datasets_flow/dataset_cropped/10_Metas/25/18/20191025181700_00160.jpg,datasets_cloudmask/dataset_cropped/10_Metas/25/18/20191025181700_00160.png,5.1,0,4.8,17.7,965
10/25/2019 18:18,datasets/dataset_cropped/10_Metas/25/18/20191025181800_00160.jpg,datasets_flow/dataset_cropped/10_Metas/25/18/20191025181800_00160.jpg,datasets_cloudmask/dataset_cropped/10_Metas/25/18/20191025181800_00160.png,4.4,0,4.1,17.6,965
10/26/2019 7:29,datasets/dataset_cropped/10_Metas/26/07/20191026072900_00160.jpg,datasets_flow/dataset_cropped/10_Metas/26/07/20191026072900_00160.jpg,datasets_cloudmask/dataset_cropped/10_Metas/26/07/20191026072900_00160.png,4.4,0.2,4.5,13.2,964
10/26/2019 7:30,datasets/dataset_cropped/10_Metas/26/07/20191026073000_00160.jpg,datasets_flow/dataset_cropped/10_Metas/26/07/20191026073000_00160.jpg,datasets_cloudmask/dataset_cropped/10_Metas/26/07/20191026073000_00160.png,4.7,0.2,4.8,13.1,964
10/26/2019 7:31,datasets/dataset_cropped/10_Metas/26/07/20191026073100_00160.jpg,datasets_flow/dataset_cropped/10_Metas/26/07/20191026073100_00160.jpg,datasets_cloudmask/dataset_cropped/10_Metas/26/07/20191026073100_00160.png,5.1,0.1,5.2,13,964
10/26/2019 7:32,datasets/dataset_cropped/10_Metas/26/07/20191026073200_00160.jpg,datasets_flow/dataset_cropped/10_Metas/26/07/20191026073200_00160.jpg,datasets_cloudmask/dataset_cropped/10_Metas/26/07/20191026073200_00160.png,5.7,0.2,6,12.9,964
10/26/2019 7:33,datasets/dataset_cropped/10_Metas/26/07/20191026073300_00160.jpg,datasets_flow/dataset_cropped/10_Metas/26/07/20191026073300_00160.jpg,datasets_cloudmask/dataset_cropped/10_Metas/26/07/20191026073300_00160.png,6.3,3,6.6,12.8,964
10/26/2019 7:34,datasets/dataset_cropped/10_Metas/26/07/20191026073400_00160.jpg,datasets_flow/dataset_cropped/10_Metas/26/07/20191026073400_00160.jpg,datasets_cloudmask/dataset_cropped/10_Metas/26/07/20191026073400_00160.png,7.5,36,7.2,12.7,964
10/26/2019 7:35,datasets/dataset_cropped/10_Metas/26/07/20191026073500_00160.jpg,datasets_flow/dataset_cropped/10_Metas/26/07/20191026073500_00160.jpg,datasets_cloudmask/dataset_cropped/10_Metas/26/07/20191026073500_00160.png,9.2,86.7,7.8,12.7,964
10/26/2019 7:36,datasets/dataset_cropped/10_Metas/26/07/20191026073600_00160.jpg,datasets_flow/dataset_cropped/10_Metas/26/07/20191026073600_00160.jpg,datasets_cloudmask/dataset_cropped/10_Metas/26/07/20191026073600_00160.png,11.4,137.4,8.5,12.7,964
10/26/2019 7:37,datasets/dataset_cropped/10_Metas/26/07/20191026073700_00160.jpg,datasets_flow/dataset_cropped/10_Metas/26/07/20191026073700_00160.jpg,datasets_cloudmask/dataset_cropped/10_Metas/26/07/20191026073700_00160.png,13.4,173.9,9.2,12.7,964
10/26/2019 7:38,datasets/dataset_cropped/10_Metas/26/07/20191026073800_00160.jpg,datasets_flow/dataset_cropped/10_Metas/26/07/20191026073800_00160.jpg,datasets_cloudmask/dataset_cropped/10_Metas/26/07/20191026073800_00160.png,15,189.9,9.6,12.7,964
10/26/2019 7:39,datasets/dataset_cropped/10_Metas/26/07/20191026073900_00160.jpg,datasets_flow/dataset_cropped/10_Metas/26/07/20191026073900_00160.jpg,datasets_cloudmask/dataset_cropped/10_Metas/26/07/20191026073900_00160.png,16.7,206.1,10,12.7,964
10/26/2019 7:40,datasets/dataset_cropped/10_Metas/26/07/20191026074000_00160.jpg,datasets_flow/dataset_cropped/10_Metas/26/07/20191026074000_00160.jpg,datasets_cloudmask/dataset_cropped/10_Metas/26/07/20191026074000_00160.png,18.5,220.7,10.6,12.8,964
10/26/2019 7:41,datasets/dataset_cropped/10_Metas/26/07/20191026074100_00160.jpg,datasets_flow/dataset_cropped/10_Metas/26/07/20191026074100_00160.jpg,datasets_cloudmask/dataset_cropped/10_Metas/26/07/20191026074100_00160.png,20.3,234.3,11.4,12.9,964
10/26/2019 7:42,datasets/dataset_cropped/10_Metas/26/07/20191026074200_00160.jpg,datasets_flow/dataset_cropped/10_Metas/26/07/20191026074200_00160.jpg,datasets_cloudmask/dataset_cropped/10_Metas/26/07/20191026074200_00160.png,22.1,249.3,11.9,12.9,964
10/26/2019 7:43,datasets/dataset_cropped/10_Metas/26/07/20191026074300_00160.jpg,datasets_flow/dataset_cropped/10_Metas/26/07/20191026074300_00160.jpg,datasets_cloudmask/dataset_cropped/10_Metas/26/07/20191026074300_00160.png,24.1,262.4,12.4,12.9,964
10/26/2019 7:44,datasets/dataset_cropped/10_Metas/26/07/20191026074400_00160.jpg,datasets_flow/dataset_cropped/10_Metas/26/07/20191026074400_00160.jpg,datasets_cloudmask/dataset_cropped/10_Metas/26/07/20191026074400_00160.png,26.2,275.1,13.2,12.9,964
10/26/2019 7:45,datasets/dataset_cropped/10_Metas/26/07/20191026074500_00160.jpg,datasets_flow/dataset_cropped/10_Metas/26/07/20191026074500_00160.jpg,datasets_cloudmask/dataset_cropped/10_Metas/26/07/20191026074500_00160.png,28.4,288.5,13.9,12.9,964
10/26/2019 7:46,datasets/dataset_cropped/10_Metas/26/07/20191026074600_00160.jpg,datasets_flow/dataset_cropped/10_Metas/26/07/20191026074600_00160.jpg,datasets_cloudmask/dataset_cropped/10_Metas/26/07/20191026074600_00160.png,30.7,301.2,14.9,12.9,964
10/26/2019 7:47,datasets/dataset_cropped/10_Metas/26/07/20191026074700_00160.jpg,datasets_flow/dataset_cropped/10_Metas/26/07/20191026074700_00160.jpg,datasets_cloudmask/dataset_cropped/10_Metas/26/07/20191026074700_00160.png,32.8,311.6,15.6,12.9,964
10/26/2019 7:48,datasets/dataset_cropped/10_Metas/26/07/20191026074800_00160.jpg,datasets_flow/dataset_cropped/10_Metas/26/07/20191026074800_00160.jpg,datasets_cloudmask/dataset_cropped/10_Metas/26/07/20191026074800_00160.png,35.2,323.5,16,13,964
10/26/2019 7:49,datasets/dataset_cropped/10_Metas/26/07/20191026074900_00160.jpg,datasets_flow/dataset_cropped/10_Metas/26/07/20191026074900_00160.jpg,datasets_cloudmask/dataset_cropped/10_Metas/26/07/20191026074900_00160.png,37.8,335.9,16.9,13.2,964
10/26/2019 7:50,datasets/dataset_cropped/10_Metas/26/07/20191026075000_00160.jpg,datasets_flow/dataset_cropped/10_Metas/26/07/20191026075000_00160.jpg,datasets_cloudmask/dataset_cropped/10_Metas/26/07/20191026075000_00160.png,40.4,347,17.7,13.3,964
10/26/2019 7:51,datasets/dataset_cropped/10_Metas/26/07/20191026075100_00160.jpg,datasets_flow/dataset_cropped/10_Metas/26/07/20191026075100_00160.jpg,datasets_cloudmask/dataset_cropped/10_Metas/26/07/20191026075100_00160.png,42.8,357,18.4,13.5,964
10/26/2019 7:52,datasets/dataset_cropped/10_Metas/26/07/20191026075200_00160.jpg,datasets_flow/dataset_cropped/10_Metas/26/07/20191026075200_00160.jpg,datasets_cloudmask/dataset_cropped/10_Metas/26/07/20191026075200_00160.png,45.3,368.2,18.8,13.8,964
10/26/2019 7:53,datasets/dataset_cropped/10_Metas/26/07/20191026075300_00160.jpg,datasets_flow/dataset_cropped/10_Metas/26/07/20191026075300_00160.jpg,datasets_cloudmask/dataset_cropped/10_Metas/26/07/20191026075300_00160.png,47.6,378.4,19.3,13.9,964
10/26/2019 7:54,datasets/dataset_cropped/10_Metas/26/07/20191026075400_00160.jpg,datasets_flow/dataset_cropped/10_Metas/26/07/20191026075400_00160.jpg,datasets_cloudmask/dataset_cropped/10_Metas/26/07/20191026075400_00160.png,50.1,388.5,19.7,14,964
10/26/2019 7:55,datasets/dataset_cropped/10_Metas/26/07/20191026075500_00160.jpg,datasets_flow/dataset_cropped/10_Metas/26/07/20191026075500_00160.jpg,datasets_cloudmask/dataset_cropped/10_Metas/26/07/20191026075500_00160.png,52.6,399.2,20.2,14.1,964
10/26/2019 7:56,datasets/dataset_cropped/10_Metas/26/07/20191026075600_00160.jpg,datasets_flow/dataset_cropped/10_Metas/26/07/20191026075600_00160.jpg,datasets_cloudmask/dataset_cropped/10_Metas/26/07/20191026075600_00160.png,55.2,408.1,20.8,14.2,964
10/26/2019 7:57,datasets/dataset_cropped/10_Metas/26/07/20191026075700_00160.jpg,datasets_flow/dataset_cropped/10_Metas/26/07/20191026075700_00160.jpg,datasets_cloudmask/dataset_cropped/10_Metas/26/07/20191026075700_00160.png,57.9,416.8,21.4,14.4,965
10/26/2019 7:58,datasets/dataset_cropped/10_Metas/26/07/20191026075800_00160.jpg,datasets_flow/dataset_cropped/10_Metas/26/07/20191026075800_00160.jpg,datasets_cloudmask/dataset_cropped/10_Metas/26/07/20191026075800_00160.png,60.8,427,22,14.6,964
10/26/2019 7:59,datasets/dataset_cropped/10_Metas/26/07/20191026075900_00160.jpg,datasets_flow/dataset_cropped/10_Metas/26/07/20191026075900_00160.jpg,datasets_cloudmask/dataset_cropped/10_Metas/26/07/20191026075900_00160.png,63.5,436.4,22.5,14.6,964
10/26/2019 8:00,datasets/dataset_cropped/10_Metas/26/08/20191026080000_00160.jpg,datasets_flow/dataset_cropped/10_Metas/26/08/20191026080000_00160.jpg,datasets_cloudmask/dataset_cropped/10_Metas/26/08/20191026080000_00160.png,66.4,446.5,23.2,14.7,964
10/26/2019 8:01,datasets/dataset_cropped/10_Metas/26/08/20191026080100_00160.jpg,datasets_flow/dataset_cropped/10_Metas/26/08/20191026080100_00160.jpg,datasets_cloudmask/dataset_cropped/10_Metas/26/08/20191026080100_00160.png,69.3,454.3,23.9,14.7,964
10/26/2019 8:02,datasets/dataset_cropped/10_Metas/26/08/20191026080200_00160.jpg,datasets_flow/dataset_cropped/10_Metas/26/08/20191026080200_00160.jpg,datasets_cloudmask/dataset_cropped/10_Metas/26/08/20191026080200_00160.png,72.3,462.7,24.7,14.7,964
10/26/2019 8:03,datasets/dataset_cropped/10_Metas/26/08/20191026080300_00160.jpg,datasets_flow/dataset_cropped/10_Metas/26/08/20191026080300_00160.jpg,datasets_cloudmask/dataset_cropped/10_Metas/26/08/20191026080300_00160.png,75.1,470.9,25,14.7,965
10/26/2019 8:04,datasets/dataset_cropped/10_Metas/26/08/20191026080400_00160.jpg,datasets_flow/dataset_cropped/10_Metas/26/08/20191026080400_00160.jpg,datasets_cloudmask/dataset_cropped/10_Metas/26/08/20191026080400_00160.png,77.8,478.8,25.4,14.8,964
10/26/2019 8:05,datasets/dataset_cropped/10_Metas/26/08/20191026080500_00160.jpg,datasets_flow/dataset_cropped/10_Metas/26/08/20191026080500_00160.jpg,datasets_cloudmask/dataset_cropped/10_Metas/26/08/20191026080500_00160.png,80.8,486.5,26,14.9,964
10/26/2019 8:06,datasets/dataset_cropped/10_Metas/26/08/20191026080600_00160.jpg,datasets_flow/dataset_cropped/10_Metas/26/08/20191026080600_00160.jpg,datasets_cloudmask/dataset_cropped/10_Metas/26/08/20191026080600_00160.png,83.7,494.7,26.5,15,965
10/26/2019 8:07,datasets/dataset_cropped/10_Metas/26/08/20191026080700_00160.jpg,datasets_flow/dataset_cropped/10_Metas/26/08/20191026080700_00160.jpg,datasets_cloudmask/dataset_cropped/10_Metas/26/08/20191026080700_00160.png,86.6,502.5,26.9,15.2,964
10/26/2019 8:08,datasets/dataset_cropped/10_Metas/26/08/20191026080800_00160.jpg,datasets_flow/dataset_cropped/10_Metas/26/08/20191026080800_00160.jpg,datasets_cloudmask/dataset_cropped/10_Metas/26/08/20191026080800_00160.png,89.8,510.3,27.8,15.3,964
10/26/2019 8:09,datasets/dataset_cropped/10_Metas/26/08/20191026080900_00160.jpg,datasets_flow/dataset_cropped/10_Metas/26/08/20191026080900_00160.jpg,datasets_cloudmask/dataset_cropped/10_Metas/26/08/20191026080900_00160.png,92.9,518.1,28.2,15.4,964
10/26/2019 8:10,datasets/dataset_cropped/10_Metas/26/08/20191026081000_00160.jpg,datasets_flow/dataset_cropped/10_Metas/26/08/20191026081000_00160.jpg,datasets_cloudmask/dataset_cropped/10_Metas/26/08/20191026081000_00160.png,95.8,525.4,28.4,15.4,965
10/26/2019 8:11,datasets/dataset_cropped/10_Metas/26/08/20191026081100_00160.jpg,datasets_flow/dataset_cropped/10_Metas/26/08/20191026081100_00160.jpg,datasets_cloudmask/dataset_cropped/10_Metas/26/08/20191026081100_00160.png,98.9,533,28.9,15.4,965
10/26/2019 8:12,datasets/dataset_cropped/10_Metas/26/08/20191026081200_00160.jpg,datasets_flow/dataset_cropped/10_Metas/26/08/20191026081200_00160.jpg,datasets_cloudmask/dataset_cropped/10_Metas/26/08/20191026081200_00160.png,101.7,539.7,29.1,15.4,964
10/26/2019 8:13,datasets/dataset_cropped/10_Metas/26/08/20191026081300_00160.jpg,datasets_flow/dataset_cropped/10_Metas/26/08/20191026081300_00160.jpg,datasets_cloudmask/dataset_cropped/10_Metas/26/08/20191026081300_00160.png,104.4,546.3,29.2,15.5,965
10/26/2019 8:14,datasets/dataset_cropped/10_Metas/26/08/20191026081400_00160.jpg,datasets_flow/dataset_cropped/10_Metas/26/08/20191026081400_00160.jpg,datasets_cloudmask/dataset_cropped/10_Metas/26/08/20191026081400_00160.png,107.5,552.4,29.5,15.5,965
10/26/2019 8:15,datasets/dataset_cropped/10_Metas/26/08/20191026081500_00160.jpg,datasets_flow/dataset_cropped/10_Metas/26/08/20191026081500_00160.jpg,datasets_cloudmask/dataset_cropped/10_Metas/26/08/20191026081500_00160.png,110.9,559.3,30.2,15.5,965
10/26/2019 8:16,datasets/dataset_cropped/10_Metas/26/08/20191026081600_00160.jpg,datasets_flow/dataset_cropped/10_Metas/26/08/20191026081600_00160.jpg,datasets_cloudmask/dataset_cropped/10_Metas/26/08/20191026081600_00160.png,114.4,566.5,30.9,15.5,965
10/26/2019 8:17,datasets/dataset_cropped/10_Metas/26/08/20191026081700_00160.jpg,datasets_flow/dataset_cropped/10_Metas/26/08/20191026081700_00160.jpg,datasets_cloudmask/dataset_cropped/10_Metas/26/08/20191026081700_00160.png,117.5,572.5,31.2,15.4,965
10/26/2019 8:18,datasets/dataset_cropped/10_Metas/26/08/20191026081800_00160.jpg,datasets_flow/dataset_cropped/10_Metas/26/08/20191026081800_00160.jpg,datasets_cloudmask/dataset_cropped/10_Metas/26/08/20191026081800_00160.png,120.3,578.2,31.3,15.3,965
10/26/2019 8:19,datasets/dataset_cropped/10_Metas/26/08/20191026081900_00160.jpg,datasets_flow/dataset_cropped/10_Metas/26/08/20191026081900_00160.jpg,datasets_cloudmask/dataset_cropped/10_Metas/26/08/20191026081900_00160.png,123.6,584.3,31.8,15.2,965
10/26/2019 8:20,datasets/dataset_cropped/10_Metas/26/08/20191026082000_00160.jpg,datasets_flow/dataset_cropped/10_Metas/26/08/20191026082000_00160.jpg,datasets_cloudmask/dataset_cropped/10_Metas/26/08/20191026082000_00160.png,127,590.5,32.4,15.3,965
10/26/2019 8:21,datasets/dataset_cropped/10_Metas/26/08/20191026082100_00160.jpg,datasets_flow/dataset_cropped/10_Metas/26/08/20191026082100_00160.jpg,datasets_cloudmask/dataset_cropped/10_Metas/26/08/20191026082100_00160.png,130.5,596.2,33,15.4,965
10/26/2019 8:22,datasets/dataset_cropped/10_Metas/26/08/20191026082200_00160.jpg,datasets_flow/dataset_cropped/10_Metas/26/08/20191026082200_00160.jpg,datasets_cloudmask/dataset_cropped/10_Metas/26/08/20191026082200_00160.png,133.7,601.7,33.5,15.4,965
10/26/2019 8:23,datasets/dataset_cropped/10_Metas/26/08/20191026082300_00160.jpg,datasets_flow/dataset_cropped/10_Metas/26/08/20191026082300_00160.jpg,datasets_cloudmask/dataset_cropped/10_Metas/26/08/20191026082300_00160.png,136.7,607.4,33.7,15.4,965
10/26/2019 8:24,datasets/dataset_cropped/10_Metas/26/08/20191026082400_00160.jpg,datasets_flow/dataset_cropped/10_Metas/26/08/20191026082400_00160.jpg,datasets_cloudmask/dataset_cropped/10_Metas/26/08/20191026082400_00160.png,139.7,613.1,33.9,15.3,965
10/26/2019 8:25,datasets/dataset_cropped/10_Metas/26/08/20191026082500_00160.jpg,datasets_flow/dataset_cropped/10_Metas/26/08/20191026082500_00160.jpg,datasets_cloudmask/dataset_cropped/10_Metas/26/08/20191026082500_00160.png,142.8,618,34.2,15.3,965
10/26/2019 8:26,datasets/dataset_cropped/10_Metas/26/08/20191026082600_00160.jpg,datasets_flow/dataset_cropped/10_Metas/26/08/20191026082600_00160.jpg,datasets_cloudmask/dataset_cropped/10_Metas/26/08/20191026082600_00160.png,145.9,623.1,34.5,15.3,965
10/26/2019 8:27,datasets/dataset_cropped/10_Metas/26/08/20191026082700_00160.jpg,datasets_flow/dataset_cropped/10_Metas/26/08/20191026082700_00160.jpg,datasets_cloudmask/dataset_cropped/10_Metas/26/08/20191026082700_00160.png,149.3,628.7,34.8,15.2,965
10/26/2019 8:28,datasets/dataset_cropped/10_Metas/26/08/20191026082800_00160.jpg,datasets_flow/dataset_cropped/10_Metas/26/08/20191026082800_00160.jpg,datasets_cloudmask/dataset_cropped/10_Metas/26/08/20191026082800_00160.png,152.7,633.8,35.3,15.1,965
10/26/2019 8:29,datasets/dataset_cropped/10_Metas/26/08/20191026082900_00160.jpg,datasets_flow/dataset_cropped/10_Metas/26/08/20191026082900_00160.jpg,datasets_cloudmask/dataset_cropped/10_Metas/26/08/20191026082900_00160.png,156,639.5,35.6,15,965
10/26/2019 8:30,datasets/dataset_cropped/10_Metas/26/08/20191026083000_00160.jpg,datasets_flow/dataset_cropped/10_Metas/26/08/20191026083000_00160.jpg,datasets_cloudmask/dataset_cropped/10_Metas/26/08/20191026083000_00160.png,159.4,644.6,36.1,15,965
10/26/2019 8:31,datasets/dataset_cropped/10_Metas/26/08/20191026083100_00160.jpg,datasets_flow/dataset_cropped/10_Metas/26/08/20191026083100_00160.jpg,datasets_cloudmask/dataset_cropped/10_Metas/26/08/20191026083100_00160.png,162.7,649.9,36.5,15,965
10/26/2019 8:32,datasets/dataset_cropped/10_Metas/26/08/20191026083200_00160.jpg,datasets_flow/dataset_cropped/10_Metas/26/08/20191026083200_00160.jpg,datasets_cloudmask/dataset_cropped/10_Metas/26/08/20191026083200_00160.png,166,655,36.9,15.1,965
10/26/2019 8:33,datasets/dataset_cropped/10_Metas/26/08/20191026083300_00160.jpg,datasets_flow/dataset_cropped/10_Metas/26/08/20191026083300_00160.jpg,datasets_cloudmask/dataset_cropped/10_Metas/26/08/20191026083300_00160.png,169.3,659.2,37.4,15.2,965
10/26/2019 8:34,datasets/dataset_cropped/10_Metas/26/08/20191026083400_00160.jpg,datasets_flow/dataset_cropped/10_Metas/26/08/20191026083400_00160.jpg,datasets_cloudmask/dataset_cropped/10_Metas/26/08/20191026083400_00160.png,172.8,664.2,38,15.3,965
10/26/2019 8:35,datasets/dataset_cropped/10_Metas/26/08/20191026083500_00160.jpg,datasets_flow/dataset_cropped/10_Metas/26/08/20191026083500_00160.jpg,datasets_cloudmask/dataset_cropped/10_Metas/26/08/20191026083500_00160.png,176,668.8,38.3,15.5,965
10/26/2019 8:36,datasets/dataset_cropped/10_Metas/26/08/20191026083600_00160.jpg,datasets_flow/dataset_cropped/10_Metas/26/08/20191026083600_00160.jpg,datasets_cloudmask/dataset_cropped/10_Metas/26/08/20191026083600_00160.png,178.8,672.6,38.3,15.7,965
10/26/2019 8:37,datasets/dataset_cropped/10_Metas/26/08/20191026083700_00160.jpg,datasets_flow/dataset_cropped/10_Metas/26/08/20191026083700_00160.jpg,datasets_cloudmask/dataset_cropped/10_Metas/26/08/20191026083700_00160.png,181.7,676.8,38.2,15.9,965
10/26/2019 8:38,datasets/dataset_cropped/10_Metas/26/08/20191026083800_00160.jpg,datasets_flow/dataset_cropped/10_Metas/26/08/20191026083800_00160.jpg,datasets_cloudmask/dataset_cropped/10_Metas/26/08/20191026083800_00160.png,185.2,681.1,38.7,16.1,965
10/26/2019 8:39,datasets/dataset_cropped/10_Metas/26/08/20191026083900_00160.jpg,datasets_flow/dataset_cropped/10_Metas/26/08/20191026083900_00160.jpg,datasets_cloudmask/dataset_cropped/10_Metas/26/08/20191026083900_00160.png,188.4,685.7,38.9,16.3,965
10/26/2019 8:40,datasets/dataset_cropped/10_Metas/26/08/20191026084000_00160.jpg,datasets_flow/dataset_cropped/10_Metas/26/08/20191026084000_00160.jpg,datasets_cloudmask/dataset_cropped/10_Metas/26/08/20191026084000_00160.png,191.5,689.9,39,16.5,965
10/26/2019 8:41,datasets/dataset_cropped/10_Metas/26/08/20191026084100_00160.jpg,datasets_flow/dataset_cropped/10_Metas/26/08/20191026084100_00160.jpg,datasets_cloudmask/dataset_cropped/10_Metas/26/08/20191026084100_00160.png,194.9,694.3,39.3,16.7,965
10/26/2019 8:42,datasets/dataset_cropped/10_Metas/26/08/20191026084200_00160.jpg,datasets_flow/dataset_cropped/10_Metas/26/08/20191026084200_00160.jpg,datasets_cloudmask/dataset_cropped/10_Metas/26/08/20191026084200_00160.png,198.2,698.4,39.9,16.9,965
10/26/2019 8:43,datasets/dataset_cropped/10_Metas/26/08/20191026084300_00160.jpg,datasets_flow/dataset_cropped/10_Metas/26/08/20191026084300_00160.jpg,datasets_cloudmask/dataset_cropped/10_Metas/26/08/20191026084300_00160.png,201.6,702.8,40.2,17,965
10/26/2019 8:44,datasets/dataset_cropped/10_Metas/26/08/20191026084400_00160.jpg,datasets_flow/dataset_cropped/10_Metas/26/08/20191026084400_00160.jpg,datasets_cloudmask/dataset_cropped/10_Metas/26/08/20191026084400_00160.png,205.1,706.7,40.6,17.2,965
10/26/2019 8:45,datasets/dataset_cropped/10_Metas/26/08/20191026084500_00160.jpg,datasets_flow/dataset_cropped/10_Metas/26/08/20191026084500_00160.jpg,datasets_cloudmask/dataset_cropped/10_Metas/26/08/20191026084500_00160.png,208.6,710.3,41.1,17.4,965
10/26/2019 8:46,datasets/dataset_cropped/10_Metas/26/08/20191026084600_00160.jpg,datasets_flow/dataset_cropped/10_Metas/26/08/20191026084600_00160.jpg,datasets_cloudmask/dataset_cropped/10_Metas/26/08/20191026084600_00160.png,212,714.3,41.5,17.3,965
10/26/2019 8:47,datasets/dataset_cropped/10_Metas/26/08/20191026084700_00160.jpg,datasets_flow/dataset_cropped/10_Metas/26/08/20191026084700_00160.jpg,datasets_cloudmask/dataset_cropped/10_Metas/26/08/20191026084700_00160.png,215.1,718.1,41.7,17.3,965
10/26/2019 8:48,datasets/dataset_cropped/10_Metas/26/08/20191026084800_00160.jpg,datasets_flow/dataset_cropped/10_Metas/26/08/20191026084800_00160.jpg,datasets_cloudmask/dataset_cropped/10_Metas/26/08/20191026084800_00160.png,217.9,721.3,41.6,17.2,965
10/26/2019 8:49,datasets/dataset_cropped/10_Metas/26/08/20191026084900_00160.jpg,datasets_flow/dataset_cropped/10_Metas/26/08/20191026084900_00160.jpg,datasets_cloudmask/dataset_cropped/10_Metas/26/08/20191026084900_00160.png,221,724.5,41.7,17,965
10/26/2019 8:50,datasets/dataset_cropped/10_Metas/26/08/20191026085000_00160.jpg,datasets_flow/dataset_cropped/10_Metas/26/08/20191026085000_00160.jpg,datasets_cloudmask/dataset_cropped/10_Metas/26/08/20191026085000_00160.png,224.3,727.9,42.1,16.9,965
10/26/2019 8:51,datasets/dataset_cropped/10_Metas/26/08/20191026085100_00160.jpg,datasets_flow/dataset_cropped/10_Metas/26/08/20191026085100_00160.jpg,datasets_cloudmask/dataset_cropped/10_Metas/26/08/20191026085100_00160.png,227.5,731.4,42.4,16.9,965
10/26/2019 8:52,datasets/dataset_cropped/10_Metas/26/08/20191026085200_00160.jpg,datasets_flow/dataset_cropped/10_Metas/26/08/20191026085200_00160.jpg,datasets_cloudmask/dataset_cropped/10_Metas/26/08/20191026085200_00160.png,230.7,734.6,42.7,17,965
10/26/2019 8:53,datasets/dataset_cropped/10_Metas/26/08/20191026085300_00160.jpg,datasets_flow/dataset_cropped/10_Metas/26/08/20191026085300_00160.jpg,datasets_cloudmask/dataset_cropped/10_Metas/26/08/20191026085300_00160.png,233.9,737.6,42.8,17.1,965
10/26/2019 8:54,datasets/dataset_cropped/10_Metas/26/08/20191026085400_00160.jpg,datasets_flow/dataset_cropped/10_Metas/26/08/20191026085400_00160.jpg,datasets_cloudmask/dataset_cropped/10_Metas/26/08/20191026085400_00160.png,237.1,740.4,43.1,17.2,965
10/26/2019 8:55,datasets/dataset_cropped/10_Metas/26/08/20191026085500_00160.jpg,datasets_flow/dataset_cropped/10_Metas/26/08/20191026085500_00160.jpg,datasets_cloudmask/dataset_cropped/10_Metas/26/08/20191026085500_00160.png,240.4,743.7,43.3,17.2,965
10/26/2019 8:56,datasets/dataset_cropped/10_Metas/26/08/20191026085600_00160.jpg,datasets_flow/dataset_cropped/10_Metas/26/08/20191026085600_00160.jpg,datasets_cloudmask/dataset_cropped/10_Metas/26/08/20191026085600_00160.png,243.8,747.3,43.6,17.3,965
10/26/2019 8:57,datasets/dataset_cropped/10_Metas/26/08/20191026085700_00160.jpg,datasets_flow/dataset_cropped/10_Metas/26/08/20191026085700_00160.jpg,datasets_cloudmask/dataset_cropped/10_Metas/26/08/20191026085700_00160.png,247,750.6,43.8,17.4,965
10/26/2019 8:58,datasets/dataset_cropped/10_Metas/26/08/20191026085800_00160.jpg,datasets_flow/dataset_cropped/10_Metas/26/08/20191026085800_00160.jpg,datasets_cloudmask/dataset_cropped/10_Metas/26/08/20191026085800_00160.png,250.2,753.6,44,17.6,965
10/26/2019 8:59,datasets/dataset_cropped/10_Metas/26/08/20191026085900_00160.jpg,datasets_flow/dataset_cropped/10_Metas/26/08/20191026085900_00160.jpg,datasets_cloudmask/dataset_cropped/10_Metas/26/08/20191026085900_00160.png,253.4,756.6,44.2,17.7,965
10/26/2019 9:00,datasets/dataset_cropped/10_Metas/26/09/20191026090000_00160.jpg,datasets_flow/dataset_cropped/10_Metas/26/09/20191026090000_00160.jpg,datasets_cloudmask/dataset_cropped/10_Metas/26/09/20191026090000_00160.png,256.4,759.4,44.4,17.8,965
10/26/2019 9:01,datasets/dataset_cropped/10_Metas/26/09/20191026090100_00160.jpg,datasets_flow/dataset_cropped/10_Metas/26/09/20191026090100_00160.jpg,datasets_cloudmask/dataset_cropped/10_Metas/26/09/20191026090100_00160.png,259.5,762.2,44.4,17.8,965
10/26/2019 9:02,datasets/dataset_cropped/10_Metas/26/09/20191026090200_00160.jpg,datasets_flow/dataset_cropped/10_Metas/26/09/20191026090200_00160.jpg,datasets_cloudmask/dataset_cropped/10_Metas/26/09/20191026090200_00160.png,262.7,765,44.7,17.8,965
10/26/2019 9:03,datasets/dataset_cropped/10_Metas/26/09/20191026090300_00160.jpg,datasets_flow/dataset_cropped/10_Metas/26/09/20191026090300_00160.jpg,datasets_cloudmask/dataset_cropped/10_Metas/26/09/20191026090300_00160.png,265.9,767.8,44.9,17.9,965
10/26/2019 9:04,datasets/dataset_cropped/10_Metas/26/09/20191026090400_00160.jpg,datasets_flow/dataset_cropped/10_Metas/26/09/20191026090400_00160.jpg,datasets_cloudmask/dataset_cropped/10_Metas/26/09/20191026090400_00160.png,269,770,45,18.1,965
10/26/2019 9:05,datasets/dataset_cropped/10_Metas/26/09/20191026090500_00160.jpg,datasets_flow/dataset_cropped/10_Metas/26/09/20191026090500_00160.jpg,datasets_cloudmask/dataset_cropped/10_Metas/26/09/20191026090500_00160.png,272.2,772.5,45.2,18.2,965
10/26/2019 9:06,datasets/dataset_cropped/10_Metas/26/09/20191026090600_00160.jpg,datasets_flow/dataset_cropped/10_Metas/26/09/20191026090600_00160.jpg,datasets_cloudmask/dataset_cropped/10_Metas/26/09/20191026090600_00160.png,275.4,775.1,45.4,18.3,965
10/26/2019 9:07,datasets/dataset_cropped/10_Metas/26/09/20191026090700_00160.jpg,datasets_flow/dataset_cropped/10_Metas/26/09/20191026090700_00160.jpg,datasets_cloudmask/dataset_cropped/10_Metas/26/09/20191026090700_00160.png,278.7,777.8,45.7,18.3,965
10/26/2019 9:08,datasets/dataset_cropped/10_Metas/26/09/20191026090800_00160.jpg,datasets_flow/dataset_cropped/10_Metas/26/09/20191026090800_00160.jpg,datasets_cloudmask/dataset_cropped/10_Metas/26/09/20191026090800_00160.png,281.9,779.9,45.9,18.6,965
10/26/2019 9:09,datasets/dataset_cropped/10_Metas/26/09/20191026090900_00160.jpg,datasets_flow/dataset_cropped/10_Metas/26/09/20191026090900_00160.jpg,datasets_cloudmask/dataset_cropped/10_Metas/26/09/20191026090900_00160.png,284.8,781.9,46.1,18.9,965
10/26/2019 9:10,datasets/dataset_cropped/10_Metas/26/09/20191026091000_00160.jpg,datasets_flow/dataset_cropped/10_Metas/26/09/20191026091000_00160.jpg,datasets_cloudmask/dataset_cropped/10_Metas/26/09/20191026091000_00160.png,288.1,784.4,46.5,19.3,965
10/26/2019 9:11,datasets/dataset_cropped/10_Metas/26/09/20191026091100_00160.jpg,datasets_flow/dataset_cropped/10_Metas/26/09/20191026091100_00160.jpg,datasets_cloudmask/dataset_cropped/10_Metas/26/09/20191026091100_00160.png,291.4,786.5,46.8,19.4,965
10/26/2019 9:12,datasets/dataset_cropped/10_Metas/26/09/20191026091200_00160.jpg,datasets_flow/dataset_cropped/10_Metas/26/09/20191026091200_00160.jpg,datasets_cloudmask/dataset_cropped/10_Metas/26/09/20191026091200_00160.png,294.5,789,46.9,19.1,965
10/26/2019 9:13,datasets/dataset_cropped/10_Metas/26/09/20191026091300_00160.jpg,datasets_flow/dataset_cropped/10_Metas/26/09/20191026091300_00160.jpg,datasets_cloudmask/dataset_cropped/10_Metas/26/09/20191026091300_00160.png,297.7,791.4,47,18.9,965
10/26/2019 9:14,datasets/dataset_cropped/10_Metas/26/09/20191026091400_00160.jpg,datasets_flow/dataset_cropped/10_Metas/26/09/20191026091400_00160.jpg,datasets_cloudmask/dataset_cropped/10_Metas/26/09/20191026091400_00160.png,300.8,793.6,47.4,18.8,965
10/26/2019 9:15,datasets/dataset_cropped/10_Metas/26/09/20191026091500_00160.jpg,datasets_flow/dataset_cropped/10_Metas/26/09/20191026091500_00160.jpg,datasets_cloudmask/dataset_cropped/10_Metas/26/09/20191026091500_00160.png,303.8,795.4,47.6,18.3,965
10/26/2019 9:16,datasets/dataset_cropped/10_Metas/26/09/20191026091600_00160.jpg,datasets_flow/dataset_cropped/10_Metas/26/09/20191026091600_00160.jpg,datasets_cloudmask/dataset_cropped/10_Metas/26/09/20191026091600_00160.png,306.5,795.9,47.8,17.7,965
10/26/2019 9:17,datasets/dataset_cropped/10_Metas/26/09/20191026091700_00160.jpg,datasets_flow/dataset_cropped/10_Metas/26/09/20191026091700_00160.jpg,datasets_cloudmask/dataset_cropped/10_Metas/26/09/20191026091700_00160.png,309.7,798.9,47.7,17.3,965
10/26/2019 9:18,datasets/dataset_cropped/10_Metas/26/09/20191026091800_00160.jpg,datasets_flow/dataset_cropped/10_Metas/26/09/20191026091800_00160.jpg,datasets_cloudmask/dataset_cropped/10_Metas/26/09/20191026091800_00160.png,312.6,801,47.6,16.9,965
10/26/2019 9:19,datasets/dataset_cropped/10_Metas/26/09/20191026091900_00160.jpg,datasets_flow/dataset_cropped/10_Metas/26/09/20191026091900_00160.jpg,datasets_cloudmask/dataset_cropped/10_Metas/26/09/20191026091900_00160.png,315.8,803,47.6,16.8,965
10/26/2019 9:20,datasets/dataset_cropped/10_Metas/26/09/20191026092000_00160.jpg,datasets_flow/dataset_cropped/10_Metas/26/09/20191026092000_00160.jpg,datasets_cloudmask/dataset_cropped/10_Metas/26/09/20191026092000_00160.png,318.9,805,47.6,16.6,965
10/26/2019 9:21,datasets/dataset_cropped/10_Metas/26/09/20191026092100_00160.jpg,datasets_flow/dataset_cropped/10_Metas/26/09/20191026092100_00160.jpg,datasets_cloudmask/dataset_cropped/10_Metas/26/09/20191026092100_00160.png,322.2,807,47.9,16.6,965
10/26/2019 9:22,datasets/dataset_cropped/10_Metas/26/09/20191026092200_00160.jpg,datasets_flow/dataset_cropped/10_Metas/26/09/20191026092200_00160.jpg,datasets_cloudmask/dataset_cropped/10_Metas/26/09/20191026092200_00160.png,325.3,809,48.2,16.8,965
10/26/2019 9:23,datasets/dataset_cropped/10_Metas/26/09/20191026092300_00160.jpg,datasets_flow/dataset_cropped/10_Metas/26/09/20191026092300_00160.jpg,datasets_cloudmask/dataset_cropped/10_Metas/26/09/20191026092300_00160.png,328.6,812,48.6,16.8,965
10/26/2019 9:24,datasets/dataset_cropped/10_Metas/26/09/20191026092400_00160.jpg,datasets_flow/dataset_cropped/10_Metas/26/09/20191026092400_00160.jpg,datasets_cloudmask/dataset_cropped/10_Metas/26/09/20191026092400_00160.png,331.9,814,48.9,16.9,965
10/26/2019 9:25,datasets/dataset_cropped/10_Metas/26/09/20191026092500_00160.jpg,datasets_flow/dataset_cropped/10_Metas/26/09/20191026092500_00160.jpg,datasets_cloudmask/dataset_cropped/10_Metas/26/09/20191026092500_00160.png,335.3,818,49,17,965
10/26/2019 9:26,datasets/dataset_cropped/10_Metas/26/09/20191026092600_00160.jpg,datasets_flow/dataset_cropped/10_Metas/26/09/20191026092600_00160.jpg,datasets_cloudmask/dataset_cropped/10_Metas/26/09/20191026092600_00160.png,338.4,820,49.3,17,965
10/26/2019 9:27,datasets/dataset_cropped/10_Metas/26/09/20191026092700_00160.jpg,datasets_flow/dataset_cropped/10_Metas/26/09/20191026092700_00160.jpg,datasets_cloudmask/dataset_cropped/10_Metas/26/09/20191026092700_00160.png,341.5,822,49.5,17.1,965
10/26/2019 9:28,datasets/dataset_cropped/10_Metas/26/09/20191026092800_00160.jpg,datasets_flow/dataset_cropped/10_Metas/26/09/20191026092800_00160.jpg,datasets_cloudmask/dataset_cropped/10_Metas/26/09/20191026092800_00160.png,344.6,824,49.6,17.3,965
10/26/2019 9:29,datasets/dataset_cropped/10_Metas/26/09/20191026092900_00160.jpg,datasets_flow/dataset_cropped/10_Metas/26/09/20191026092900_00160.jpg,datasets_cloudmask/dataset_cropped/10_Metas/26/09/20191026092900_00160.png,347.7,827,49.9,17.3,965
10/26/2019 9:30,datasets/dataset_cropped/10_Metas/26/09/20191026093000_00160.jpg,datasets_flow/dataset_cropped/10_Metas/26/09/20191026093000_00160.jpg,datasets_cloudmask/dataset_cropped/10_Metas/26/09/20191026093000_00160.png,350.7,828,50,17.4,965
10/26/2019 9:31,datasets/dataset_cropped/10_Metas/26/09/20191026093100_00160.jpg,datasets_flow/dataset_cropped/10_Metas/26/09/20191026093100_00160.jpg,datasets_cloudmask/dataset_cropped/10_Metas/26/09/20191026093100_00160.png,353.9,831,50.3,17.6,965
10/26/2019 9:32,datasets/dataset_cropped/10_Metas/26/09/20191026093200_00160.jpg,datasets_flow/dataset_cropped/10_Metas/26/09/20191026093200_00160.jpg,datasets_cloudmask/dataset_cropped/10_Metas/26/09/20191026093200_00160.png,356.9,833,50.4,17.7,965
10/26/2019 9:33,datasets/dataset_cropped/10_Metas/26/09/20191026093300_00160.jpg,datasets_flow/dataset_cropped/10_Metas/26/09/20191026093300_00160.jpg,datasets_cloudmask/dataset_cropped/10_Metas/26/09/20191026093300_00160.png,360.1,835,50.6,17.9,965
10/26/2019 9:34,datasets/dataset_cropped/10_Metas/26/09/20191026093400_00160.jpg,datasets_flow/dataset_cropped/10_Metas/26/09/20191026093400_00160.jpg,datasets_cloudmask/dataset_cropped/10_Metas/26/09/20191026093400_00160.png,363.2,838,50.8,18.1,965
10/26/2019 9:35,datasets/dataset_cropped/10_Metas/26/09/20191026093500_00160.jpg,datasets_flow/dataset_cropped/10_Metas/26/09/20191026093500_00160.jpg,datasets_cloudmask/dataset_cropped/10_Metas/26/09/20191026093500_00160.png,366.3,840,51.1,18.2,965
10/26/2019 9:36,datasets/dataset_cropped/10_Metas/26/09/20191026093600_00160.jpg,datasets_flow/dataset_cropped/10_Metas/26/09/20191026093600_00160.jpg,datasets_cloudmask/dataset_cropped/10_Metas/26/09/20191026093600_00160.png,369.2,842,51.1,18.3,965
10/26/2019 9:37,datasets/dataset_cropped/10_Metas/26/09/20191026093700_00160.jpg,datasets_flow/dataset_cropped/10_Metas/26/09/20191026093700_00160.jpg,datasets_cloudmask/dataset_cropped/10_Metas/26/09/20191026093700_00160.png,372,843,51.1,18.4,965
10/26/2019 9:38,datasets/dataset_cropped/10_Metas/26/09/20191026093800_00160.jpg,datasets_flow/dataset_cropped/10_Metas/26/09/20191026093800_00160.jpg,datasets_cloudmask/dataset_cropped/10_Metas/26/09/20191026093800_00160.png,374.8,844,51.2,18.4,965
10/26/2019 9:39,datasets/dataset_cropped/10_Metas/26/09/20191026093900_00160.jpg,datasets_flow/dataset_cropped/10_Metas/26/09/20191026093900_00160.jpg,datasets_cloudmask/dataset_cropped/10_Metas/26/09/20191026093900_00160.png,377.7,846,51.4,18.6,965
10/26/2019 9:40,datasets/dataset_cropped/10_Metas/26/09/20191026094000_00160.jpg,datasets_flow/dataset_cropped/10_Metas/26/09/20191026094000_00160.jpg,datasets_cloudmask/dataset_cropped/10_Metas/26/09/20191026094000_00160.png,380.6,847,51.6,18.8,965
10/26/2019 9:41,datasets/dataset_cropped/10_Metas/26/09/20191026094100_00160.jpg,datasets_flow/dataset_cropped/10_Metas/26/09/20191026094100_00160.jpg,datasets_cloudmask/dataset_cropped/10_Metas/26/09/20191026094100_00160.png,383.5,849,51.6,18.8,965
10/26/2019 9:42,datasets/dataset_cropped/10_Metas/26/09/20191026094200_00160.jpg,datasets_flow/dataset_cropped/10_Metas/26/09/20191026094200_00160.jpg,datasets_cloudmask/dataset_cropped/10_Metas/26/09/20191026094200_00160.png,386.6,851,51.7,18.7,965
10/26/2019 9:43,datasets/dataset_cropped/10_Metas/26/09/20191026094300_00160.jpg,datasets_flow/dataset_cropped/10_Metas/26/09/20191026094300_00160.jpg,datasets_cloudmask/dataset_cropped/10_Metas/26/09/20191026094300_00160.png,389.7,853,51.8,18.8,965
10/26/2019 9:44,datasets/dataset_cropped/10_Metas/26/09/20191026094400_00160.jpg,datasets_flow/dataset_cropped/10_Metas/26/09/20191026094400_00160.jpg,datasets_cloudmask/dataset_cropped/10_Metas/26/09/20191026094400_00160.png,392.9,856,52,18.9,965
10/26/2019 9:45,datasets/dataset_cropped/10_Metas/26/09/20191026094500_00160.jpg,datasets_flow/dataset_cropped/10_Metas/26/09/20191026094500_00160.jpg,datasets_cloudmask/dataset_cropped/10_Metas/26/09/20191026094500_00160.png,396,858,52.1,18.9,965
10/26/2019 9:46,datasets/dataset_cropped/10_Metas/26/09/20191026094600_00160.jpg,datasets_flow/dataset_cropped/10_Metas/26/09/20191026094600_00160.jpg,datasets_cloudmask/dataset_cropped/10_Metas/26/09/20191026094600_00160.png,398.8,859,52.3,18.9,965
10/26/2019 9:47,datasets/dataset_cropped/10_Metas/26/09/20191026094700_00160.jpg,datasets_flow/dataset_cropped/10_Metas/26/09/20191026094700_00160.jpg,datasets_cloudmask/dataset_cropped/10_Metas/26/09/20191026094700_00160.png,401.7,861,52.4,19,965
10/26/2019 9:48,datasets/dataset_cropped/10_Metas/26/09/20191026094800_00160.jpg,datasets_flow/dataset_cropped/10_Metas/26/09/20191026094800_00160.jpg,datasets_cloudmask/dataset_cropped/10_Metas/26/09/20191026094800_00160.png,404.8,863,52.6,19.1,965
10/26/2019 9:49,datasets/dataset_cropped/10_Metas/26/09/20191026094900_00160.jpg,datasets_flow/dataset_cropped/10_Metas/26/09/20191026094900_00160.jpg,datasets_cloudmask/dataset_cropped/10_Metas/26/09/20191026094900_00160.png,407.5,864,52.7,19.1,965
10/26/2019 9:50,datasets/dataset_cropped/10_Metas/26/09/20191026095000_00160.jpg,datasets_flow/dataset_cropped/10_Metas/26/09/20191026095000_00160.jpg,datasets_cloudmask/dataset_cropped/10_Metas/26/09/20191026095000_00160.png,410.4,865,52.7,19.2,965
10/26/2019 9:51,datasets/dataset_cropped/10_Metas/26/09/20191026095100_00160.jpg,datasets_flow/dataset_cropped/10_Metas/26/09/20191026095100_00160.jpg,datasets_cloudmask/dataset_cropped/10_Metas/26/09/20191026095100_00160.png,413.3,867,52.9,19.3,965
10/26/2019 9:52,datasets/dataset_cropped/10_Metas/26/09/20191026095200_00160.jpg,datasets_flow/dataset_cropped/10_Metas/26/09/20191026095200_00160.jpg,datasets_cloudmask/dataset_cropped/10_Metas/26/09/20191026095200_00160.png,415.9,868,52.9,19.4,965
10/26/2019 9:53,datasets/dataset_cropped/10_Metas/26/09/20191026095300_00160.jpg,datasets_flow/dataset_cropped/10_Metas/26/09/20191026095300_00160.jpg,datasets_cloudmask/dataset_cropped/10_Metas/26/09/20191026095300_00160.png,418.9,870,53,19.5,965
10/26/2019 9:54,datasets/dataset_cropped/10_Metas/26/09/20191026095400_00160.jpg,datasets_flow/dataset_cropped/10_Metas/26/09/20191026095400_00160.jpg,datasets_cloudmask/dataset_cropped/10_Metas/26/09/20191026095400_00160.png,421.9,872,53.1,19.5,965
10/26/2019 9:55,datasets/dataset_cropped/10_Metas/26/09/20191026095500_00160.jpg,datasets_flow/dataset_cropped/10_Metas/26/09/20191026095500_00160.jpg,datasets_cloudmask/dataset_cropped/10_Metas/26/09/20191026095500_00160.png,424.6,873,53.1,19.6,965
10/26/2019 9:56,datasets/dataset_cropped/10_Metas/26/09/20191026095600_00160.jpg,datasets_flow/dataset_cropped/10_Metas/26/09/20191026095600_00160.jpg,datasets_cloudmask/dataset_cropped/10_Metas/26/09/20191026095600_00160.png,427.4,874,53.2,19.8,965
10/26/2019 9:57,datasets/dataset_cropped/10_Metas/26/09/20191026095700_00160.jpg,datasets_flow/dataset_cropped/10_Metas/26/09/20191026095700_00160.jpg,datasets_cloudmask/dataset_cropped/10_Metas/26/09/20191026095700_00160.png,430,875,53.3,19.9,965
10/26/2019 9:58,datasets/dataset_cropped/10_Metas/26/09/20191026095800_00160.jpg,datasets_flow/dataset_cropped/10_Metas/26/09/20191026095800_00160.jpg,datasets_cloudmask/dataset_cropped/10_Metas/26/09/20191026095800_00160.png,432.8,876,53.6,19.9,965
10/26/2019 9:59,datasets/dataset_cropped/10_Metas/26/09/20191026095900_00160.jpg,datasets_flow/dataset_cropped/10_Metas/26/09/20191026095900_00160.jpg,datasets_cloudmask/dataset_cropped/10_Metas/26/09/20191026095900_00160.png,435.5,877,53.9,19.8,965
10/26/2019 10:00,datasets/dataset_cropped/10_Metas/26/10/20191026100000_00160.jpg,datasets_flow/dataset_cropped/10_Metas/26/10/20191026100000_00160.jpg,datasets_cloudmask/dataset_cropped/10_Metas/26/10/20191026100000_00160.png,438.6,880,53.7,19.8,965
10/26/2019 10:01,datasets/dataset_cropped/10_Metas/26/10/20191026100100_00160.jpg,datasets_flow/dataset_cropped/10_Metas/26/10/20191026100100_00160.jpg,datasets_cloudmask/dataset_cropped/10_Metas/26/10/20191026100100_00160.png,441.5,881,53.6,19.9,965
10/26/2019 10:02,datasets/dataset_cropped/10_Metas/26/10/20191026100200_00160.jpg,datasets_flow/dataset_cropped/10_Metas/26/10/20191026100200_00160.jpg,datasets_cloudmask/dataset_cropped/10_Metas/26/10/20191026100200_00160.png,444,882,53.8,20.1,965
10/26/2019 10:03,datasets/dataset_cropped/10_Metas/26/10/20191026100300_00160.jpg,datasets_flow/dataset_cropped/10_Metas/26/10/20191026100300_00160.jpg,datasets_cloudmask/dataset_cropped/10_Metas/26/10/20191026100300_00160.png,446.7,883,54,20.2,965
10/26/2019 10:04,datasets/dataset_cropped/10_Metas/26/10/20191026100400_00160.jpg,datasets_flow/dataset_cropped/10_Metas/26/10/20191026100400_00160.jpg,datasets_cloudmask/dataset_cropped/10_Metas/26/10/20191026100400_00160.png,449.6,884,54.1,20.2,965
10/26/2019 10:05,datasets/dataset_cropped/10_Metas/26/10/20191026100500_00160.jpg,datasets_flow/dataset_cropped/10_Metas/26/10/20191026100500_00160.jpg,datasets_cloudmask/dataset_cropped/10_Metas/26/10/20191026100500_00160.png,452.6,886,54.2,20.2,965
10/26/2019 10:06,datasets/dataset_cropped/10_Metas/26/10/20191026100600_00160.jpg,datasets_flow/dataset_cropped/10_Metas/26/10/20191026100600_00160.jpg,datasets_cloudmask/dataset_cropped/10_Metas/26/10/20191026100600_00160.png,455.4,887,54.6,20.1,965
10/26/2019 10:07,datasets/dataset_cropped/10_Metas/26/10/20191026100700_00160.jpg,datasets_flow/dataset_cropped/10_Metas/26/10/20191026100700_00160.jpg,datasets_cloudmask/dataset_cropped/10_Metas/26/10/20191026100700_00160.png,458,889,54.6,20.1,965
10/26/2019 10:08,datasets/dataset_cropped/10_Metas/26/10/20191026100800_00160.jpg,datasets_flow/dataset_cropped/10_Metas/26/10/20191026100800_00160.jpg,datasets_cloudmask/dataset_cropped/10_Metas/26/10/20191026100800_00160.png,460.3,890,54.5,20.3,965
10/26/2019 10:09,datasets/dataset_cropped/10_Metas/26/10/20191026100900_00160.jpg,datasets_flow/dataset_cropped/10_Metas/26/10/20191026100900_00160.jpg,datasets_cloudmask/dataset_cropped/10_Metas/26/10/20191026100900_00160.png,462.9,891,54.5,20.3,965
10/26/2019 10:10,datasets/dataset_cropped/10_Metas/26/10/20191026101000_00160.jpg,datasets_flow/dataset_cropped/10_Metas/26/10/20191026101000_00160.jpg,datasets_cloudmask/dataset_cropped/10_Metas/26/10/20191026101000_00160.png,465.5,892,54.6,20.4,965
10/26/2019 10:11,datasets/dataset_cropped/10_Metas/26/10/20191026101100_00160.jpg,datasets_flow/dataset_cropped/10_Metas/26/10/20191026101100_00160.jpg,datasets_cloudmask/dataset_cropped/10_Metas/26/10/20191026101100_00160.png,468,894,54.8,20.4,965
10/26/2019 10:12,datasets/dataset_cropped/10_Metas/26/10/20191026101200_00160.jpg,datasets_flow/dataset_cropped/10_Metas/26/10/20191026101200_00160.jpg,datasets_cloudmask/dataset_cropped/10_Metas/26/10/20191026101200_00160.png,470.5,895,54.8,20.5,965
10/26/2019 10:13,datasets/dataset_cropped/10_Metas/26/10/20191026101300_00160.jpg,datasets_flow/dataset_cropped/10_Metas/26/10/20191026101300_00160.jpg,datasets_cloudmask/dataset_cropped/10_Metas/26/10/20191026101300_00160.png,473.1,896,54.9,20.6,965
10/26/2019 10:14,datasets/dataset_cropped/10_Metas/26/10/20191026101400_00160.jpg,datasets_flow/dataset_cropped/10_Metas/26/10/20191026101400_00160.jpg,datasets_cloudmask/dataset_cropped/10_Metas/26/10/20191026101400_00160.png,475.7,897,55.1,20.6,965
10/26/2019 10:15,datasets/dataset_cropped/10_Metas/26/10/20191026101500_00160.jpg,datasets_flow/dataset_cropped/10_Metas/26/10/20191026101500_00160.jpg,datasets_cloudmask/dataset_cropped/10_Metas/26/10/20191026101500_00160.png,478.4,898,55.3,20.7,965
10/26/2019 10:16,datasets/dataset_cropped/10_Metas/26/10/20191026101600_00160.jpg,datasets_flow/dataset_cropped/10_Metas/26/10/20191026101600_00160.jpg,datasets_cloudmask/dataset_cropped/10_Metas/26/10/20191026101600_00160.png,481,900,55.2,20.8,965
10/26/2019 10:17,datasets/dataset_cropped/10_Metas/26/10/20191026101700_00160.jpg,datasets_flow/dataset_cropped/10_Metas/26/10/20191026101700_00160.jpg,datasets_cloudmask/dataset_cropped/10_Metas/26/10/20191026101700_00160.png,483.6,901,55.2,20.9,965
10/26/2019 10:18,datasets/dataset_cropped/10_Metas/26/10/20191026101800_00160.jpg,datasets_flow/dataset_cropped/10_Metas/26/10/20191026101800_00160.jpg,datasets_cloudmask/dataset_cropped/10_Metas/26/10/20191026101800_00160.png,486.4,902,55.4,21,965
10/26/2019 10:19,datasets/dataset_cropped/10_Metas/26/10/20191026101900_00160.jpg,datasets_flow/dataset_cropped/10_Metas/26/10/20191026101900_00160.jpg,datasets_cloudmask/dataset_cropped/10_Metas/26/10/20191026101900_00160.png,489.1,904,55.6,21.1,965
10/26/2019 10:20,datasets/dataset_cropped/10_Metas/26/10/20191026102000_00160.jpg,datasets_flow/dataset_cropped/10_Metas/26/10/20191026102000_00160.jpg,datasets_cloudmask/dataset_cropped/10_Metas/26/10/20191026102000_00160.png,491.7,905,55.7,21.1,965
10/26/2019 10:21,datasets/dataset_cropped/10_Metas/26/10/20191026102100_00160.jpg,datasets_flow/dataset_cropped/10_Metas/26/10/20191026102100_00160.jpg,datasets_cloudmask/dataset_cropped/10_Metas/26/10/20191026102100_00160.png,494.2,906,55.7,21,965
10/26/2019 10:22,datasets/dataset_cropped/10_Metas/26/10/20191026102200_00160.jpg,datasets_flow/dataset_cropped/10_Metas/26/10/20191026102200_00160.jpg,datasets_cloudmask/dataset_cropped/10_Metas/26/10/20191026102200_00160.png,496.9,908,55.8,21.1,965
10/26/2019 10:23,datasets/dataset_cropped/10_Metas/26/10/20191026102300_00160.jpg,datasets_flow/dataset_cropped/10_Metas/26/10/20191026102300_00160.jpg,datasets_cloudmask/dataset_cropped/10_Metas/26/10/20191026102300_00160.png,499.5,909,55.9,21.1,965
10/26/2019 10:24,datasets/dataset_cropped/10_Metas/26/10/20191026102400_00160.jpg,datasets_flow/dataset_cropped/10_Metas/26/10/20191026102400_00160.jpg,datasets_cloudmask/dataset_cropped/10_Metas/26/10/20191026102400_00160.png,501.7,910,55.8,21.1,965
10/26/2019 10:25,datasets/dataset_cropped/10_Metas/26/10/20191026102500_00160.jpg,datasets_flow/dataset_cropped/10_Metas/26/10/20191026102500_00160.jpg,datasets_cloudmask/dataset_cropped/10_Metas/26/10/20191026102500_00160.png,504.1,911,56.1,21.2,965
10/26/2019 10:26,datasets/dataset_cropped/10_Metas/26/10/20191026102600_00160.jpg,datasets_flow/dataset_cropped/10_Metas/26/10/20191026102600_00160.jpg,datasets_cloudmask/dataset_cropped/10_Metas/26/10/20191026102600_00160.png,506.7,912,56.2,21.3,965
10/26/2019 10:27,datasets/dataset_cropped/10_Metas/26/10/20191026102700_00160.jpg,datasets_flow/dataset_cropped/10_Metas/26/10/20191026102700_00160.jpg,datasets_cloudmask/dataset_cropped/10_Metas/26/10/20191026102700_00160.png,508.5,912,56.1,21.3,965
10/26/2019 10:28,datasets/dataset_cropped/10_Metas/26/10/20191026102800_00160.jpg,datasets_flow/dataset_cropped/10_Metas/26/10/20191026102800_00160.jpg,datasets_cloudmask/dataset_cropped/10_Metas/26/10/20191026102800_00160.png,511.2,913,56.2,21.4,965
10/26/2019 10:29,datasets/dataset_cropped/10_Metas/26/10/20191026102900_00160.jpg,datasets_flow/dataset_cropped/10_Metas/26/10/20191026102900_00160.jpg,datasets_cloudmask/dataset_cropped/10_Metas/26/10/20191026102900_00160.png,513.8,915,56.4,21.5,965
10/26/2019 10:30,datasets/dataset_cropped/10_Metas/26/10/20191026103000_00160.jpg,datasets_flow/dataset_cropped/10_Metas/26/10/20191026103000_00160.jpg,datasets_cloudmask/dataset_cropped/10_Metas/26/10/20191026103000_00160.png,516.3,916,56.4,21.6,965
10/26/2019 10:31,datasets/dataset_cropped/10_Metas/26/10/20191026103100_00160.jpg,datasets_flow/dataset_cropped/10_Metas/26/10/20191026103100_00160.jpg,datasets_cloudmask/dataset_cropped/10_Metas/26/10/20191026103100_00160.png,518.7,917,56.4,21.6,965
10/26/2019 10:32,datasets/dataset_cropped/10_Metas/26/10/20191026103200_00160.jpg,datasets_flow/dataset_cropped/10_Metas/26/10/20191026103200_00160.jpg,datasets_cloudmask/dataset_cropped/10_Metas/26/10/20191026103200_00160.png,521,918,56.3,21.6,965
10/26/2019 10:33,datasets/dataset_cropped/10_Metas/26/10/20191026103300_00160.jpg,datasets_flow/dataset_cropped/10_Metas/26/10/20191026103300_00160.jpg,datasets_cloudmask/dataset_cropped/10_Metas/26/10/20191026103300_00160.png,523.2,918,56.4,21.6,965
10/26/2019 10:34,datasets/dataset_cropped/10_Metas/26/10/20191026103400_00160.jpg,datasets_flow/dataset_cropped/10_Metas/26/10/20191026103400_00160.jpg,datasets_cloudmask/dataset_cropped/10_Metas/26/10/20191026103400_00160.png,525.6,919,56.5,21.6,965
10/26/2019 10:35,datasets/dataset_cropped/10_Metas/26/10/20191026103500_00160.jpg,datasets_flow/dataset_cropped/10_Metas/26/10/20191026103500_00160.jpg,datasets_cloudmask/dataset_cropped/10_Metas/26/10/20191026103500_00160.png,527.7,920,56.5,21.7,965
10/26/2019 10:36,datasets/dataset_cropped/10_Metas/26/10/20191026103600_00160.jpg,datasets_flow/dataset_cropped/10_Metas/26/10/20191026103600_00160.jpg,datasets_cloudmask/dataset_cropped/10_Metas/26/10/20191026103600_00160.png,529.7,920,56.5,21.9,965
10/26/2019 10:37,datasets/dataset_cropped/10_Metas/26/10/20191026103700_00160.jpg,datasets_flow/dataset_cropped/10_Metas/26/10/20191026103700_00160.jpg,datasets_cloudmask/dataset_cropped/10_Metas/26/10/20191026103700_00160.png,531.9,920,56.6,21.9,965
10/26/2019 10:38,datasets/dataset_cropped/10_Metas/26/10/20191026103800_00160.jpg,datasets_flow/dataset_cropped/10_Metas/26/10/20191026103800_00160.jpg,datasets_cloudmask/dataset_cropped/10_Metas/26/10/20191026103800_00160.png,534.3,921,56.7,21.9,965
10/26/2019 10:39,datasets/dataset_cropped/10_Metas/26/10/20191026103900_00160.jpg,datasets_flow/dataset_cropped/10_Metas/26/10/20191026103900_00160.jpg,datasets_cloudmask/dataset_cropped/10_Metas/26/10/20191026103900_00160.png,536.9,923,56.9,22.1,965
10/26/2019 10:40,datasets/dataset_cropped/10_Metas/26/10/20191026104000_00160.jpg,datasets_flow/dataset_cropped/10_Metas/26/10/20191026104000_00160.jpg,datasets_cloudmask/dataset_cropped/10_Metas/26/10/20191026104000_00160.png,539.4,924,56.9,22.1,965
10/26/2019 10:41,datasets/dataset_cropped/10_Metas/26/10/20191026104100_00160.jpg,datasets_flow/dataset_cropped/10_Metas/26/10/20191026104100_00160.jpg,datasets_cloudmask/dataset_cropped/10_Metas/26/10/20191026104100_00160.png,541.7,926,57,22.3,965
10/26/2019 10:42,datasets/dataset_cropped/10_Metas/26/10/20191026104200_00160.jpg,datasets_flow/dataset_cropped/10_Metas/26/10/20191026104200_00160.jpg,datasets_cloudmask/dataset_cropped/10_Metas/26/10/20191026104200_00160.png,544,927,57,22.3,965
10/26/2019 10:43,datasets/dataset_cropped/10_Metas/26/10/20191026104300_00160.jpg,datasets_flow/dataset_cropped/10_Metas/26/10/20191026104300_00160.jpg,datasets_cloudmask/dataset_cropped/10_Metas/26/10/20191026104300_00160.png,546.6,928,57,22.3,965
10/26/2019 10:44,datasets/dataset_cropped/10_Metas/26/10/20191026104400_00160.jpg,datasets_flow/dataset_cropped/10_Metas/26/10/20191026104400_00160.jpg,datasets_cloudmask/dataset_cropped/10_Metas/26/10/20191026104400_00160.png,548.9,929,57.2,22.2,965
10/26/2019 10:45,datasets/dataset_cropped/10_Metas/26/10/20191026104500_00160.jpg,datasets_flow/dataset_cropped/10_Metas/26/10/20191026104500_00160.jpg,datasets_cloudmask/dataset_cropped/10_Metas/26/10/20191026104500_00160.png,550.9,930,57.1,22.1,965
10/26/2019 10:46,datasets/dataset_cropped/10_Metas/26/10/20191026104600_00160.jpg,datasets_flow/dataset_cropped/10_Metas/26/10/20191026104600_00160.jpg,datasets_cloudmask/dataset_cropped/10_Metas/26/10/20191026104600_00160.png,553.2,931,57.2,22.3,965
10/26/2019 10:47,datasets/dataset_cropped/10_Metas/26/10/20191026104700_00160.jpg,datasets_flow/dataset_cropped/10_Metas/26/10/20191026104700_00160.jpg,datasets_cloudmask/dataset_cropped/10_Metas/26/10/20191026104700_00160.png,555.3,931,57.3,22.5,965
10/26/2019 10:48,datasets/dataset_cropped/10_Metas/26/10/20191026104800_00160.jpg,datasets_flow/dataset_cropped/10_Metas/26/10/20191026104800_00160.jpg,datasets_cloudmask/dataset_cropped/10_Metas/26/10/20191026104800_00160.png,557.5,932,57.5,22.5,965
10/26/2019 10:49,datasets/dataset_cropped/10_Metas/26/10/20191026104900_00160.jpg,datasets_flow/dataset_cropped/10_Metas/26/10/20191026104900_00160.jpg,datasets_cloudmask/dataset_cropped/10_Metas/26/10/20191026104900_00160.png,559.5,932,57.5,22.3,965
10/26/2019 10:50,datasets/dataset_cropped/10_Metas/26/10/20191026105000_00160.jpg,datasets_flow/dataset_cropped/10_Metas/26/10/20191026105000_00160.jpg,datasets_cloudmask/dataset_cropped/10_Metas/26/10/20191026105000_00160.png,561.6,933,57.4,22.1,965
10/26/2019 10:51,datasets/dataset_cropped/10_Metas/26/10/20191026105100_00160.jpg,datasets_flow/dataset_cropped/10_Metas/26/10/20191026105100_00160.jpg,datasets_cloudmask/dataset_cropped/10_Metas/26/10/20191026105100_00160.png,563.4,934,57.3,22.1,965
10/26/2019 10:52,datasets/dataset_cropped/10_Metas/26/10/20191026105200_00160.jpg,datasets_flow/dataset_cropped/10_Metas/26/10/20191026105200_00160.jpg,datasets_cloudmask/dataset_cropped/10_Metas/26/10/20191026105200_00160.png,565.6,935,57.6,22.1,965
10/26/2019 10:53,datasets/dataset_cropped/10_Metas/26/10/20191026105300_00160.jpg,datasets_flow/dataset_cropped/10_Metas/26/10/20191026105300_00160.jpg,datasets_cloudmask/dataset_cropped/10_Metas/26/10/20191026105300_00160.png,567.4,936,58,22.2,965
10/26/2019 10:54,datasets/dataset_cropped/10_Metas/26/10/20191026105400_00160.jpg,datasets_flow/dataset_cropped/10_Metas/26/10/20191026105400_00160.jpg,datasets_cloudmask/dataset_cropped/10_Metas/26/10/20191026105400_00160.png,569.1,937,58,22.3,965
10/26/2019 10:55,datasets/dataset_cropped/10_Metas/26/10/20191026105500_00160.jpg,datasets_flow/dataset_cropped/10_Metas/26/10/20191026105500_00160.jpg,datasets_cloudmask/dataset_cropped/10_Metas/26/10/20191026105500_00160.png,570.7,937,57.8,22.5,965
10/26/2019 10:56,datasets/dataset_cropped/10_Metas/26/10/20191026105600_00160.jpg,datasets_flow/dataset_cropped/10_Metas/26/10/20191026105600_00160.jpg,datasets_cloudmask/dataset_cropped/10_Metas/26/10/20191026105600_00160.png,572.5,938,57.6,22.5,965
10/26/2019 10:57,datasets/dataset_cropped/10_Metas/26/10/20191026105700_00160.jpg,datasets_flow/dataset_cropped/10_Metas/26/10/20191026105700_00160.jpg,datasets_cloudmask/dataset_cropped/10_Metas/26/10/20191026105700_00160.png,574.5,938,57.7,22.6,965
10/26/2019 10:58,datasets/dataset_cropped/10_Metas/26/10/20191026105800_00160.jpg,datasets_flow/dataset_cropped/10_Metas/26/10/20191026105800_00160.jpg,datasets_cloudmask/dataset_cropped/10_Metas/26/10/20191026105800_00160.png,576.7,939,58.2,22.6,965
10/26/2019 10:59,datasets/dataset_cropped/10_Metas/26/10/20191026105900_00160.jpg,datasets_flow/dataset_cropped/10_Metas/26/10/20191026105900_00160.jpg,datasets_cloudmask/dataset_cropped/10_Metas/26/10/20191026105900_00160.png,578.4,939,58.1,22.7,965
10/26/2019 11:00,datasets/dataset_cropped/10_Metas/26/11/20191026110000_00160.jpg,datasets_flow/dataset_cropped/10_Metas/26/11/20191026110000_00160.jpg,datasets_cloudmask/dataset_cropped/10_Metas/26/11/20191026110000_00160.png,580.3,940,57.8,22.8,965
10/26/2019 11:01,datasets/dataset_cropped/10_Metas/26/11/20191026110100_00160.jpg,datasets_flow/dataset_cropped/10_Metas/26/11/20191026110100_00160.jpg,datasets_cloudmask/dataset_cropped/10_Metas/26/11/20191026110100_00160.png,582.4,940,58.1,23,965
10/26/2019 11:02,datasets/dataset_cropped/10_Metas/26/11/20191026110200_00160.jpg,datasets_flow/dataset_cropped/10_Metas/26/11/20191026110200_00160.jpg,datasets_cloudmask/dataset_cropped/10_Metas/26/11/20191026110200_00160.png,584,940,57.9,22.9,965
10/26/2019 11:03,datasets/dataset_cropped/10_Metas/26/11/20191026110300_00160.jpg,datasets_flow/dataset_cropped/10_Metas/26/11/20191026110300_00160.jpg,datasets_cloudmask/dataset_cropped/10_Metas/26/11/20191026110300_00160.png,586,940,58,22.8,965
10/26/2019 11:04,datasets/dataset_cropped/10_Metas/26/11/20191026110400_00160.jpg,datasets_flow/dataset_cropped/10_Metas/26/11/20191026110400_00160.jpg,datasets_cloudmask/dataset_cropped/10_Metas/26/11/20191026110400_00160.png,587.9,940,58.2,22.8,965
10/26/2019 11:05,datasets/dataset_cropped/10_Metas/26/11/20191026110500_00160.jpg,datasets_flow/dataset_cropped/10_Metas/26/11/20191026110500_00160.jpg,datasets_cloudmask/dataset_cropped/10_Metas/26/11/20191026110500_00160.png,589.4,940,58.2,22.6,965
10/26/2019 11:06,datasets/dataset_cropped/10_Metas/26/11/20191026110600_00160.jpg,datasets_flow/dataset_cropped/10_Metas/26/11/20191026110600_00160.jpg,datasets_cloudmask/dataset_cropped/10_Metas/26/11/20191026110600_00160.png,591,941,58.2,22.3,965
10/26/2019 11:07,datasets/dataset_cropped/10_Metas/26/11/20191026110700_00160.jpg,datasets_flow/dataset_cropped/10_Metas/26/11/20191026110700_00160.jpg,datasets_cloudmask/dataset_cropped/10_Metas/26/11/20191026110700_00160.png,592.3,941,58.2,22.2,965
10/26/2019 11:08,datasets/dataset_cropped/10_Metas/26/11/20191026110800_00160.jpg,datasets_flow/dataset_cropped/10_Metas/26/11/20191026110800_00160.jpg,datasets_cloudmask/dataset_cropped/10_Metas/26/11/20191026110800_00160.png,594.1,941,58.5,22.3,965
10/26/2019 11:09,datasets/dataset_cropped/10_Metas/26/11/20191026110900_00160.jpg,datasets_flow/dataset_cropped/10_Metas/26/11/20191026110900_00160.jpg,datasets_cloudmask/dataset_cropped/10_Metas/26/11/20191026110900_00160.png,596,942,58.9,22.5,965
10/26/2019 11:10,datasets/dataset_cropped/10_Metas/26/11/20191026111000_00160.jpg,datasets_flow/dataset_cropped/10_Metas/26/11/20191026111000_00160.jpg,datasets_cloudmask/dataset_cropped/10_Metas/26/11/20191026111000_00160.png,597.6,943,58.9,22.5,965
10/26/2019 11:11,datasets/dataset_cropped/10_Metas/26/11/20191026111100_00160.jpg,datasets_flow/dataset_cropped/10_Metas/26/11/20191026111100_00160.jpg,datasets_cloudmask/dataset_cropped/10_Metas/26/11/20191026111100_00160.png,599.2,944,59,22.5,965
10/26/2019 11:12,datasets/dataset_cropped/10_Metas/26/11/20191026111200_00160.jpg,datasets_flow/dataset_cropped/10_Metas/26/11/20191026111200_00160.jpg,datasets_cloudmask/dataset_cropped/10_Metas/26/11/20191026111200_00160.png,600.9,945,58.8,22.4,965
10/26/2019 11:13,datasets/dataset_cropped/10_Metas/26/11/20191026111300_00160.jpg,datasets_flow/dataset_cropped/10_Metas/26/11/20191026111300_00160.jpg,datasets_cloudmask/dataset_cropped/10_Metas/26/11/20191026111300_00160.png,602.6,945,58.7,22.2,965
10/26/2019 11:14,datasets/dataset_cropped/10_Metas/26/11/20191026111400_00160.jpg,datasets_flow/dataset_cropped/10_Metas/26/11/20191026111400_00160.jpg,datasets_cloudmask/dataset_cropped/10_Metas/26/11/20191026111400_00160.png,603.8,944,58.7,21.9,965
10/26/2019 11:15,datasets/dataset_cropped/10_Metas/26/11/20191026111500_00160.jpg,datasets_flow/dataset_cropped/10_Metas/26/11/20191026111500_00160.jpg,datasets_cloudmask/dataset_cropped/10_Metas/26/11/20191026111500_00160.png,605.8,944,58.8,21.8,965
10/26/2019 11:16,datasets/dataset_cropped/10_Metas/26/11/20191026111600_00160.jpg,datasets_flow/dataset_cropped/10_Metas/26/11/20191026111600_00160.jpg,datasets_cloudmask/dataset_cropped/10_Metas/26/11/20191026111600_00160.png,607.4,945,58.8,21.8,965
10/26/2019 11:17,datasets/dataset_cropped/10_Metas/26/11/20191026111700_00160.jpg,datasets_flow/dataset_cropped/10_Metas/26/11/20191026111700_00160.jpg,datasets_cloudmask/dataset_cropped/10_Metas/26/11/20191026111700_00160.png,609,945,58.8,21.6,965
10/26/2019 11:18,datasets/dataset_cropped/10_Metas/26/11/20191026111800_00160.jpg,datasets_flow/dataset_cropped/10_Metas/26/11/20191026111800_00160.jpg,datasets_cloudmask/dataset_cropped/10_Metas/26/11/20191026111800_00160.png,610.9,945,58.8,21.6,965
10/26/2019 11:19,datasets/dataset_cropped/10_Metas/26/11/20191026111900_00160.jpg,datasets_flow/dataset_cropped/10_Metas/26/11/20191026111900_00160.jpg,datasets_cloudmask/dataset_cropped/10_Metas/26/11/20191026111900_00160.png,612.4,945,59,21.8,965
10/26/2019 11:20,datasets/dataset_cropped/10_Metas/26/11/20191026112000_00160.jpg,datasets_flow/dataset_cropped/10_Metas/26/11/20191026112000_00160.jpg,datasets_cloudmask/dataset_cropped/10_Metas/26/11/20191026112000_00160.png,614.3,946,59.5,21.8,965
10/26/2019 11:21,datasets/dataset_cropped/10_Metas/26/11/20191026112100_00160.jpg,datasets_flow/dataset_cropped/10_Metas/26/11/20191026112100_00160.jpg,datasets_cloudmask/dataset_cropped/10_Metas/26/11/20191026112100_00160.png,615.9,947,59.5,21.8,965
10/26/2019 11:22,datasets/dataset_cropped/10_Metas/26/11/20191026112200_00160.jpg,datasets_flow/dataset_cropped/10_Metas/26/11/20191026112200_00160.jpg,datasets_cloudmask/dataset_cropped/10_Metas/26/11/20191026112200_00160.png,617.1,948,59.5,21.7,965
10/26/2019 11:23,datasets/dataset_cropped/10_Metas/26/11/20191026112300_00160.jpg,datasets_flow/dataset_cropped/10_Metas/26/11/20191026112300_00160.jpg,datasets_cloudmask/dataset_cropped/10_Metas/26/11/20191026112300_00160.png,618.7,948,59.5,21.7,965
10/26/2019 11:24,datasets/dataset_cropped/10_Metas/26/11/20191026112400_00160.jpg,datasets_flow/dataset_cropped/10_Metas/26/11/20191026112400_00160.jpg,datasets_cloudmask/dataset_cropped/10_Metas/26/11/20191026112400_00160.png,620.4,949,59.5,21.8,965
10/26/2019 11:25,datasets/dataset_cropped/10_Metas/26/11/20191026112500_00160.jpg,datasets_flow/dataset_cropped/10_Metas/26/11/20191026112500_00160.jpg,datasets_cloudmask/dataset_cropped/10_Metas/26/11/20191026112500_00160.png,622.1,949,59.4,22,965
10/26/2019 11:26,datasets/dataset_cropped/10_Metas/26/11/20191026112600_00160.jpg,datasets_flow/dataset_cropped/10_Metas/26/11/20191026112600_00160.jpg,datasets_cloudmask/dataset_cropped/10_Metas/26/11/20191026112600_00160.png,623.6,949,59.4,21.8,965
10/26/2019 11:27,datasets/dataset_cropped/10_Metas/26/11/20191026112700_00160.jpg,datasets_flow/dataset_cropped/10_Metas/26/11/20191026112700_00160.jpg,datasets_cloudmask/dataset_cropped/10_Metas/26/11/20191026112700_00160.png,625.1,950,59.4,21.6,965
10/26/2019 11:28,datasets/dataset_cropped/10_Metas/26/11/20191026112800_00160.jpg,datasets_flow/dataset_cropped/10_Metas/26/11/20191026112800_00160.jpg,datasets_cloudmask/dataset_cropped/10_Metas/26/11/20191026112800_00160.png,626.5,950,59.4,21.6,965
10/26/2019 11:29,datasets/dataset_cropped/10_Metas/26/11/20191026112900_00160.jpg,datasets_flow/dataset_cropped/10_Metas/26/11/20191026112900_00160.jpg,datasets_cloudmask/dataset_cropped/10_Metas/26/11/20191026112900_00160.png,628.1,950,59.5,21.8,965
10/26/2019 11:30,datasets/dataset_cropped/10_Metas/26/11/20191026113000_00160.jpg,datasets_flow/dataset_cropped/10_Metas/26/11/20191026113000_00160.jpg,datasets_cloudmask/dataset_cropped/10_Metas/26/11/20191026113000_00160.png,629.7,951,59.9,22,965
10/26/2019 11:31,datasets/dataset_cropped/10_Metas/26/11/20191026113100_00160.jpg,datasets_flow/dataset_cropped/10_Metas/26/11/20191026113100_00160.jpg,datasets_cloudmask/dataset_cropped/10_Metas/26/11/20191026113100_00160.png,631.1,952,59.8,22,965
10/26/2019 11:32,datasets/dataset_cropped/10_Metas/26/11/20191026113200_00160.jpg,datasets_flow/dataset_cropped/10_Metas/26/11/20191026113200_00160.jpg,datasets_cloudmask/dataset_cropped/10_Metas/26/11/20191026113200_00160.png,632.5,952,59.7,22,965
10/26/2019 11:33,datasets/dataset_cropped/10_Metas/26/11/20191026113300_00160.jpg,datasets_flow/dataset_cropped/10_Metas/26/11/20191026113300_00160.jpg,datasets_cloudmask/dataset_cropped/10_Metas/26/11/20191026113300_00160.png,633.9,953,59.8,22,965
10/26/2019 11:34,datasets/dataset_cropped/10_Metas/26/11/20191026113400_00160.jpg,datasets_flow/dataset_cropped/10_Metas/26/11/20191026113400_00160.jpg,datasets_cloudmask/dataset_cropped/10_Metas/26/11/20191026113400_00160.png,635.3,953,59.7,21.9,965
10/26/2019 11:35,datasets/dataset_cropped/10_Metas/26/11/20191026113500_00160.jpg,datasets_flow/dataset_cropped/10_Metas/26/11/20191026113500_00160.jpg,datasets_cloudmask/dataset_cropped/10_Metas/26/11/20191026113500_00160.png,636.8,954,59.8,21.9,965
10/26/2019 11:36,datasets/dataset_cropped/10_Metas/26/11/20191026113600_00160.jpg,datasets_flow/dataset_cropped/10_Metas/26/11/20191026113600_00160.jpg,datasets_cloudmask/dataset_cropped/10_Metas/26/11/20191026113600_00160.png,638.1,954,59.8,21.9,965
10/26/2019 11:37,datasets/dataset_cropped/10_Metas/26/11/20191026113700_00160.jpg,datasets_flow/dataset_cropped/10_Metas/26/11/20191026113700_00160.jpg,datasets_cloudmask/dataset_cropped/10_Metas/26/11/20191026113700_00160.png,639.7,954,60,22,965
10/26/2019 11:38,datasets/dataset_cropped/10_Metas/26/11/20191026113800_00160.jpg,datasets_flow/dataset_cropped/10_Metas/26/11/20191026113800_00160.jpg,datasets_cloudmask/dataset_cropped/10_Metas/26/11/20191026113800_00160.png,641.2,955,60.2,22.1,965
10/26/2019 11:39,datasets/dataset_cropped/10_Metas/26/11/20191026113900_00160.jpg,datasets_flow/dataset_cropped/10_Metas/26/11/20191026113900_00160.jpg,datasets_cloudmask/dataset_cropped/10_Metas/26/11/20191026113900_00160.png,642.4,955,60,21.9,965
10/26/2019 11:40,datasets/dataset_cropped/10_Metas/26/11/20191026114000_00160.jpg,datasets_flow/dataset_cropped/10_Metas/26/11/20191026114000_00160.jpg,datasets_cloudmask/dataset_cropped/10_Metas/26/11/20191026114000_00160.png,643.8,955,60.1,21.8,965
10/26/2019 11:41,datasets/dataset_cropped/10_Metas/26/11/20191026114100_00160.jpg,datasets_flow/dataset_cropped/10_Metas/26/11/20191026114100_00160.jpg,datasets_cloudmask/dataset_cropped/10_Metas/26/11/20191026114100_00160.png,644.9,955,60.1,21.9,965
10/26/2019 11:42,datasets/dataset_cropped/10_Metas/26/11/20191026114200_00160.jpg,datasets_flow/dataset_cropped/10_Metas/26/11/20191026114200_00160.jpg,datasets_cloudmask/dataset_cropped/10_Metas/26/11/20191026114200_00160.png,646,955,60,21.9,965
10/26/2019 11:43,datasets/dataset_cropped/10_Metas/26/11/20191026114300_00160.jpg,datasets_flow/dataset_cropped/10_Metas/26/11/20191026114300_00160.jpg,datasets_cloudmask/dataset_cropped/10_Metas/26/11/20191026114300_00160.png,647.2,956,60.1,21.8,965
10/26/2019 11:44,datasets/dataset_cropped/10_Metas/26/11/20191026114400_00160.jpg,datasets_flow/dataset_cropped/10_Metas/26/11/20191026114400_00160.jpg,datasets_cloudmask/dataset_cropped/10_Metas/26/11/20191026114400_00160.png,648.6,956,60.3,21.9,965
10/26/2019 11:45,datasets/dataset_cropped/10_Metas/26/11/20191026114500_00160.jpg,datasets_flow/dataset_cropped/10_Metas/26/11/20191026114500_00160.jpg,datasets_cloudmask/dataset_cropped/10_Metas/26/11/20191026114500_00160.png,649.7,957,60.4,22,965
10/26/2019 11:46,datasets/dataset_cropped/10_Metas/26/11/20191026114600_00160.jpg,datasets_flow/dataset_cropped/10_Metas/26/11/20191026114600_00160.jpg,datasets_cloudmask/dataset_cropped/10_Metas/26/11/20191026114600_00160.png,651.1,957,60.7,22,965
10/26/2019 11:47,datasets/dataset_cropped/10_Metas/26/11/20191026114700_00160.jpg,datasets_flow/dataset_cropped/10_Metas/26/11/20191026114700_00160.jpg,datasets_cloudmask/dataset_cropped/10_Metas/26/11/20191026114700_00160.png,652.1,958,60.6,21.9,965
10/26/2019 11:48,datasets/dataset_cropped/10_Metas/26/11/20191026114800_00160.jpg,datasets_flow/dataset_cropped/10_Metas/26/11/20191026114800_00160.jpg,datasets_cloudmask/dataset_cropped/10_Metas/26/11/20191026114800_00160.png,653.5,959,60.5,21.7,965
10/26/2019 11:49,datasets/dataset_cropped/10_Metas/26/11/20191026114900_00160.jpg,datasets_flow/dataset_cropped/10_Metas/26/11/20191026114900_00160.jpg,datasets_cloudmask/dataset_cropped/10_Metas/26/11/20191026114900_00160.png,654.7,960,60.4,21.8,965
10/26/2019 11:50,datasets/dataset_cropped/10_Metas/26/11/20191026115000_00160.jpg,datasets_flow/dataset_cropped/10_Metas/26/11/20191026115000_00160.jpg,datasets_cloudmask/dataset_cropped/10_Metas/26/11/20191026115000_00160.png,655.6,959,60.5,21.9,965
10/26/2019 11:51,datasets/dataset_cropped/10_Metas/26/11/20191026115100_00160.jpg,datasets_flow/dataset_cropped/10_Metas/26/11/20191026115100_00160.jpg,datasets_cloudmask/dataset_cropped/10_Metas/26/11/20191026115100_00160.png,656.7,959,60.2,22,965
10/26/2019 11:52,datasets/dataset_cropped/10_Metas/26/11/20191026115200_00160.jpg,datasets_flow/dataset_cropped/10_Metas/26/11/20191026115200_00160.jpg,datasets_cloudmask/dataset_cropped/10_Metas/26/11/20191026115200_00160.png,657.6,959,60.4,22,965
10/26/2019 11:53,datasets/dataset_cropped/10_Metas/26/11/20191026115300_00160.jpg,datasets_flow/dataset_cropped/10_Metas/26/11/20191026115300_00160.jpg,datasets_cloudmask/dataset_cropped/10_Metas/26/11/20191026115300_00160.png,658.9,959,60.6,22,965
10/26/2019 11:54,datasets/dataset_cropped/10_Metas/26/11/20191026115400_00160.jpg,datasets_flow/dataset_cropped/10_Metas/26/11/20191026115400_00160.jpg,datasets_cloudmask/dataset_cropped/10_Metas/26/11/20191026115400_00160.png,660,959,60.6,22,965
10/26/2019 11:55,datasets/dataset_cropped/10_Metas/26/11/20191026115500_00160.jpg,datasets_flow/dataset_cropped/10_Metas/26/11/20191026115500_00160.jpg,datasets_cloudmask/dataset_cropped/10_Metas/26/11/20191026115500_00160.png,661.1,960,60.9,22.1,965
10/26/2019 11:56,datasets/dataset_cropped/10_Metas/26/11/20191026115600_00160.jpg,datasets_flow/dataset_cropped/10_Metas/26/11/20191026115600_00160.jpg,datasets_cloudmask/dataset_cropped/10_Metas/26/11/20191026115600_00160.png,661.8,959,60.7,22.1,965
10/26/2019 11:57,datasets/dataset_cropped/10_Metas/26/11/20191026115700_00160.jpg,datasets_flow/dataset_cropped/10_Metas/26/11/20191026115700_00160.jpg,datasets_cloudmask/dataset_cropped/10_Metas/26/11/20191026115700_00160.png,662.9,960,60.8,22.2,965
10/26/2019 11:58,datasets/dataset_cropped/10_Metas/26/11/20191026115800_00160.jpg,datasets_flow/dataset_cropped/10_Metas/26/11/20191026115800_00160.jpg,datasets_cloudmask/dataset_cropped/10_Metas/26/11/20191026115800_00160.png,664.1,960,60.8,22.2,965
10/26/2019 11:59,datasets/dataset_cropped/10_Metas/26/11/20191026115900_00160.jpg,datasets_flow/dataset_cropped/10_Metas/26/11/20191026115900_00160.jpg,datasets_cloudmask/dataset_cropped/10_Metas/26/11/20191026115900_00160.png,665.3,960,60.9,22.2,965
10/26/2019 12:00,datasets/dataset_cropped/10_Metas/26/12/20191026120000_00160.jpg,datasets_flow/dataset_cropped/10_Metas/26/12/20191026120000_00160.jpg,datasets_cloudmask/dataset_cropped/10_Metas/26/12/20191026120000_00160.png,666.5,961,61,22.3,965
10/26/2019 12:01,datasets/dataset_cropped/10_Metas/26/12/20191026120100_00160.jpg,datasets_flow/dataset_cropped/10_Metas/26/12/20191026120100_00160.jpg,datasets_cloudmask/dataset_cropped/10_Metas/26/12/20191026120100_00160.png,667.5,961,61.2,22.3,965
10/26/2019 12:02,datasets/dataset_cropped/10_Metas/26/12/20191026120200_00160.jpg,datasets_flow/dataset_cropped/10_Metas/26/12/20191026120200_00160.jpg,datasets_cloudmask/dataset_cropped/10_Metas/26/12/20191026120200_00160.png,668.2,961,61.2,22.4,965
10/26/2019 12:03,datasets/dataset_cropped/10_Metas/26/12/20191026120300_00160.jpg,datasets_flow/dataset_cropped/10_Metas/26/12/20191026120300_00160.jpg,datasets_cloudmask/dataset_cropped/10_Metas/26/12/20191026120300_00160.png,669.3,962,61.4,22.5,965
10/26/2019 12:04,datasets/dataset_cropped/10_Metas/26/12/20191026120400_00160.jpg,datasets_flow/dataset_cropped/10_Metas/26/12/20191026120400_00160.jpg,datasets_cloudmask/dataset_cropped/10_Metas/26/12/20191026120400_00160.png,670.1,963,61.1,22.5,965
10/26/2019 12:05,datasets/dataset_cropped/10_Metas/26/12/20191026120500_00160.jpg,datasets_flow/dataset_cropped/10_Metas/26/12/20191026120500_00160.jpg,datasets_cloudmask/dataset_cropped/10_Metas/26/12/20191026120500_00160.png,670.9,963,61.1,22.3,965
10/26/2019 12:06,datasets/dataset_cropped/10_Metas/26/12/20191026120600_00160.jpg,datasets_flow/dataset_cropped/10_Metas/26/12/20191026120600_00160.jpg,datasets_cloudmask/dataset_cropped/10_Metas/26/12/20191026120600_00160.png,671.6,963,61.1,22.3,965
10/26/2019 12:07,datasets/dataset_cropped/10_Metas/26/12/20191026120700_00160.jpg,datasets_flow/dataset_cropped/10_Metas/26/12/20191026120700_00160.jpg,datasets_cloudmask/dataset_cropped/10_Metas/26/12/20191026120700_00160.png,672.3,963,61.2,22.3,965
10/26/2019 12:08,datasets/dataset_cropped/10_Metas/26/12/20191026120800_00160.jpg,datasets_flow/dataset_cropped/10_Metas/26/12/20191026120800_00160.jpg,datasets_cloudmask/dataset_cropped/10_Metas/26/12/20191026120800_00160.png,673.3,963,61.1,22.3,965
10/26/2019 12:09,datasets/dataset_cropped/10_Metas/26/12/20191026120900_00160.jpg,datasets_flow/dataset_cropped/10_Metas/26/12/20191026120900_00160.jpg,datasets_cloudmask/dataset_cropped/10_Metas/26/12/20191026120900_00160.png,674.1,963,61.3,22.4,965
10/26/2019 12:10,datasets/dataset_cropped/10_Metas/26/12/20191026121000_00160.jpg,datasets_flow/dataset_cropped/10_Metas/26/12/20191026121000_00160.jpg,datasets_cloudmask/dataset_cropped/10_Metas/26/12/20191026121000_00160.png,674.6,962,61.1,22.4,965
10/26/2019 12:11,datasets/dataset_cropped/10_Metas/26/12/20191026121100_00160.jpg,datasets_flow/dataset_cropped/10_Metas/26/12/20191026121100_00160.jpg,datasets_cloudmask/dataset_cropped/10_Metas/26/12/20191026121100_00160.png,675.2,963,61.3,22.5,965
10/26/2019 12:12,datasets/dataset_cropped/10_Metas/26/12/20191026121200_00160.jpg,datasets_flow/dataset_cropped/10_Metas/26/12/20191026121200_00160.jpg,datasets_cloudmask/dataset_cropped/10_Metas/26/12/20191026121200_00160.png,675.9,963,61.2,22.4,965
10/26/2019 12:13,datasets/dataset_cropped/10_Metas/26/12/20191026121300_00160.jpg,datasets_flow/dataset_cropped/10_Metas/26/12/20191026121300_00160.jpg,datasets_cloudmask/dataset_cropped/10_Metas/26/12/20191026121300_00160.png,676.7,962,61.3,22.5,965
10/26/2019 12:14,datasets/dataset_cropped/10_Metas/26/12/20191026121400_00160.jpg,datasets_flow/dataset_cropped/10_Metas/26/12/20191026121400_00160.jpg,datasets_cloudmask/dataset_cropped/10_Metas/26/12/20191026121400_00160.png,677.6,962,61.3,22.7,965
10/26/2019 12:15,datasets/dataset_cropped/10_Metas/26/12/20191026121500_00160.jpg,datasets_flow/dataset_cropped/10_Metas/26/12/20191026121500_00160.jpg,datasets_cloudmask/dataset_cropped/10_Metas/26/12/20191026121500_00160.png,678.5,962,61.5,22.7,965
10/26/2019 12:16,datasets/dataset_cropped/10_Metas/26/12/20191026121600_00160.jpg,datasets_flow/dataset_cropped/10_Metas/26/12/20191026121600_00160.jpg,datasets_cloudmask/dataset_cropped/10_Metas/26/12/20191026121600_00160.png,679.1,962,61.5,22.8,965
10/26/2019 12:17,datasets/dataset_cropped/10_Metas/26/12/20191026121700_00160.jpg,datasets_flow/dataset_cropped/10_Metas/26/12/20191026121700_00160.jpg,datasets_cloudmask/dataset_cropped/10_Metas/26/12/20191026121700_00160.png,680,962,61.8,22.7,965
10/26/2019 12:18,datasets/dataset_cropped/10_Metas/26/12/20191026121800_00160.jpg,datasets_flow/dataset_cropped/10_Metas/26/12/20191026121800_00160.jpg,datasets_cloudmask/dataset_cropped/10_Metas/26/12/20191026121800_00160.png,680.7,963,61.6,22.5,965
10/26/2019 12:19,datasets/dataset_cropped/10_Metas/26/12/20191026121900_00160.jpg,datasets_flow/dataset_cropped/10_Metas/26/12/20191026121900_00160.jpg,datasets_cloudmask/dataset_cropped/10_Metas/26/12/20191026121900_00160.png,681.3,963,61.4,22.5,965
10/26/2019 12:20,datasets/dataset_cropped/10_Metas/26/12/20191026122000_00160.jpg,datasets_flow/dataset_cropped/10_Metas/26/12/20191026122000_00160.jpg,datasets_cloudmask/dataset_cropped/10_Metas/26/12/20191026122000_00160.png,682,963,61.3,22.6,965
10/26/2019 12:21,datasets/dataset_cropped/10_Metas/26/12/20191026122100_00160.jpg,datasets_flow/dataset_cropped/10_Metas/26/12/20191026122100_00160.jpg,datasets_cloudmask/dataset_cropped/10_Metas/26/12/20191026122100_00160.png,682.8,963,61.3,22.7,965
10/26/2019 12:22,datasets/dataset_cropped/10_Metas/26/12/20191026122200_00160.jpg,datasets_flow/dataset_cropped/10_Metas/26/12/20191026122200_00160.jpg,datasets_cloudmask/dataset_cropped/10_Metas/26/12/20191026122200_00160.png,683.4,964,61.4,22.5,965
10/26/2019 12:23,datasets/dataset_cropped/10_Metas/26/12/20191026122300_00160.jpg,datasets_flow/dataset_cropped/10_Metas/26/12/20191026122300_00160.jpg,datasets_cloudmask/dataset_cropped/10_Metas/26/12/20191026122300_00160.png,683.8,964,61.5,22.4,965
10/26/2019 12:24,datasets/dataset_cropped/10_Metas/26/12/20191026122400_00160.jpg,datasets_flow/dataset_cropped/10_Metas/26/12/20191026122400_00160.jpg,datasets_cloudmask/dataset_cropped/10_Metas/26/12/20191026122400_00160.png,684.2,964,61.6,22.4,965
10/26/2019 12:25,datasets/dataset_cropped/10_Metas/26/12/20191026122500_00160.jpg,datasets_flow/dataset_cropped/10_Metas/26/12/20191026122500_00160.jpg,datasets_cloudmask/dataset_cropped/10_Metas/26/12/20191026122500_00160.png,684.6,964,61.6,22.2,965
10/26/2019 12:26,datasets/dataset_cropped/10_Metas/26/12/20191026122600_00160.jpg,datasets_flow/dataset_cropped/10_Metas/26/12/20191026122600_00160.jpg,datasets_cloudmask/dataset_cropped/10_Metas/26/12/20191026122600_00160.png,684.9,963,61.4,22.2,965
10/26/2019 12:27,datasets/dataset_cropped/10_Metas/26/12/20191026122700_00160.jpg,datasets_flow/dataset_cropped/10_Metas/26/12/20191026122700_00160.jpg,datasets_cloudmask/dataset_cropped/10_Metas/26/12/20191026122700_00160.png,685.3,963,61.5,22.1,965
10/26/2019 12:28,datasets/dataset_cropped/10_Metas/26/12/20191026122800_00160.jpg,datasets_flow/dataset_cropped/10_Metas/26/12/20191026122800_00160.jpg,datasets_cloudmask/dataset_cropped/10_Metas/26/12/20191026122800_00160.png,685.8,963,61.5,22.3,965
10/26/2019 12:29,datasets/dataset_cropped/10_Metas/26/12/20191026122900_00160.jpg,datasets_flow/dataset_cropped/10_Metas/26/12/20191026122900_00160.jpg,datasets_cloudmask/dataset_cropped/10_Metas/26/12/20191026122900_00160.png,686.5,964,61.6,22.4,965
10/26/2019 12:30,datasets/dataset_cropped/10_Metas/26/12/20191026123000_00160.jpg,datasets_flow/dataset_cropped/10_Metas/26/12/20191026123000_00160.jpg,datasets_cloudmask/dataset_cropped/10_Metas/26/12/20191026123000_00160.png,686.8,964,61.5,22.6,965
10/26/2019 12:31,datasets/dataset_cropped/10_Metas/26/12/20191026123100_00160.jpg,datasets_flow/dataset_cropped/10_Metas/26/12/20191026123100_00160.jpg,datasets_cloudmask/dataset_cropped/10_Metas/26/12/20191026123100_00160.png,687.2,964,61.6,22.5,964
10/26/2019 12:32,datasets/dataset_cropped/10_Metas/26/12/20191026123200_00160.jpg,datasets_flow/dataset_cropped/10_Metas/26/12/20191026123200_00160.jpg,datasets_cloudmask/dataset_cropped/10_Metas/26/12/20191026123200_00160.png,687.6,963,61.5,22.6,964
10/26/2019 12:33,datasets/dataset_cropped/10_Metas/26/12/20191026123300_00160.jpg,datasets_flow/dataset_cropped/10_Metas/26/12/20191026123300_00160.jpg,datasets_cloudmask/dataset_cropped/10_Metas/26/12/20191026123300_00160.png,687.9,963,61.5,22.7,965
10/26/2019 12:34,datasets/dataset_cropped/10_Metas/26/12/20191026123400_00160.jpg,datasets_flow/dataset_cropped/10_Metas/26/12/20191026123400_00160.jpg,datasets_cloudmask/dataset_cropped/10_Metas/26/12/20191026123400_00160.png,688.1,963,61.8,22.7,965
10/26/2019 12:35,datasets/dataset_cropped/10_Metas/26/12/20191026123500_00160.jpg,datasets_flow/dataset_cropped/10_Metas/26/12/20191026123500_00160.jpg,datasets_cloudmask/dataset_cropped/10_Metas/26/12/20191026123500_00160.png,688.2,963,61.7,22.9,965
10/26/2019 12:36,datasets/dataset_cropped/10_Metas/26/12/20191026123600_00160.jpg,datasets_flow/dataset_cropped/10_Metas/26/12/20191026123600_00160.jpg,datasets_cloudmask/dataset_cropped/10_Metas/26/12/20191026123600_00160.png,688.7,964,61.7,22.9,964
10/26/2019 12:37,datasets/dataset_cropped/10_Metas/26/12/20191026123700_00160.jpg,datasets_flow/dataset_cropped/10_Metas/26/12/20191026123700_00160.jpg,datasets_cloudmask/dataset_cropped/10_Metas/26/12/20191026123700_00160.png,689.2,964,61.9,22.8,964
10/26/2019 12:38,datasets/dataset_cropped/10_Metas/26/12/20191026123800_00160.jpg,datasets_flow/dataset_cropped/10_Metas/26/12/20191026123800_00160.jpg,datasets_cloudmask/dataset_cropped/10_Metas/26/12/20191026123800_00160.png,689.4,965,61.9,22.6,964
10/26/2019 12:39,datasets/dataset_cropped/10_Metas/26/12/20191026123900_00160.jpg,datasets_flow/dataset_cropped/10_Metas/26/12/20191026123900_00160.jpg,datasets_cloudmask/dataset_cropped/10_Metas/26/12/20191026123900_00160.png,689.4,965,62,22.7,964
10/26/2019 12:40,datasets/dataset_cropped/10_Metas/26/12/20191026124000_00160.jpg,datasets_flow/dataset_cropped/10_Metas/26/12/20191026124000_00160.jpg,datasets_cloudmask/dataset_cropped/10_Metas/26/12/20191026124000_00160.png,689.8,965,62,22.8,964
10/26/2019 12:41,datasets/dataset_cropped/10_Metas/26/12/20191026124100_00160.jpg,datasets_flow/dataset_cropped/10_Metas/26/12/20191026124100_00160.jpg,datasets_cloudmask/dataset_cropped/10_Metas/26/12/20191026124100_00160.png,689.5,965,62,22.7,964
10/26/2019 12:42,datasets/dataset_cropped/10_Metas/26/12/20191026124200_00160.jpg,datasets_flow/dataset_cropped/10_Metas/26/12/20191026124200_00160.jpg,datasets_cloudmask/dataset_cropped/10_Metas/26/12/20191026124200_00160.png,689.9,965,62,22.7,964
10/26/2019 12:43,datasets/dataset_cropped/10_Metas/26/12/20191026124300_00160.jpg,datasets_flow/dataset_cropped/10_Metas/26/12/20191026124300_00160.jpg,datasets_cloudmask/dataset_cropped/10_Metas/26/12/20191026124300_00160.png,689.8,964,61.9,22.8,964
10/26/2019 12:44,datasets/dataset_cropped/10_Metas/26/12/20191026124400_00160.jpg,datasets_flow/dataset_cropped/10_Metas/26/12/20191026124400_00160.jpg,datasets_cloudmask/dataset_cropped/10_Metas/26/12/20191026124400_00160.png,690,964,62,22.9,964
10/26/2019 12:45,datasets/dataset_cropped/10_Metas/26/12/20191026124500_00160.jpg,datasets_flow/dataset_cropped/10_Metas/26/12/20191026124500_00160.jpg,datasets_cloudmask/dataset_cropped/10_Metas/26/12/20191026124500_00160.png,690,965,61.7,22.9,964
10/26/2019 12:46,datasets/dataset_cropped/10_Metas/26/12/20191026124600_00160.jpg,datasets_flow/dataset_cropped/10_Metas/26/12/20191026124600_00160.jpg,datasets_cloudmask/dataset_cropped/10_Metas/26/12/20191026124600_00160.png,690.2,965,61.9,23.1,964
10/26/2019 12:47,datasets/dataset_cropped/10_Metas/26/12/20191026124700_00160.jpg,datasets_flow/dataset_cropped/10_Metas/26/12/20191026124700_00160.jpg,datasets_cloudmask/dataset_cropped/10_Metas/26/12/20191026124700_00160.png,690.8,965,61.9,23,964
10/26/2019 12:48,datasets/dataset_cropped/10_Metas/26/12/20191026124800_00160.jpg,datasets_flow/dataset_cropped/10_Metas/26/12/20191026124800_00160.jpg,datasets_cloudmask/dataset_cropped/10_Metas/26/12/20191026124800_00160.png,690.7,966,61.6,22.8,964
10/26/2019 12:49,datasets/dataset_cropped/10_Metas/26/12/20191026124900_00160.jpg,datasets_flow/dataset_cropped/10_Metas/26/12/20191026124900_00160.jpg,datasets_cloudmask/dataset_cropped/10_Metas/26/12/20191026124900_00160.png,690.8,965,61.6,22.9,964
10/26/2019 12:50,datasets/dataset_cropped/10_Metas/26/12/20191026125000_00160.jpg,datasets_flow/dataset_cropped/10_Metas/26/12/20191026125000_00160.jpg,datasets_cloudmask/dataset_cropped/10_Metas/26/12/20191026125000_00160.png,691,965,61.9,23,964
10/26/2019 12:51,datasets/dataset_cropped/10_Metas/26/12/20191026125100_00160.jpg,datasets_flow/dataset_cropped/10_Metas/26/12/20191026125100_00160.jpg,datasets_cloudmask/dataset_cropped/10_Metas/26/12/20191026125100_00160.png,691.2,966,62,23,964
10/26/2019 12:52,datasets/dataset_cropped/10_Metas/26/12/20191026125200_00160.jpg,datasets_flow/dataset_cropped/10_Metas/26/12/20191026125200_00160.jpg,datasets_cloudmask/dataset_cropped/10_Metas/26/12/20191026125200_00160.png,690.9,965,61.9,23.1,964
10/26/2019 12:53,datasets/dataset_cropped/10_Metas/26/12/20191026125300_00160.jpg,datasets_flow/dataset_cropped/10_Metas/26/12/20191026125300_00160.jpg,datasets_cloudmask/dataset_cropped/10_Metas/26/12/20191026125300_00160.png,690.7,965,61.9,23.1,964
10/26/2019 12:54,datasets/dataset_cropped/10_Metas/26/12/20191026125400_00160.jpg,datasets_flow/dataset_cropped/10_Metas/26/12/20191026125400_00160.jpg,datasets_cloudmask/dataset_cropped/10_Metas/26/12/20191026125400_00160.png,690.4,964,61.7,23.1,964
10/26/2019 12:55,datasets/dataset_cropped/10_Metas/26/12/20191026125500_00160.jpg,datasets_flow/dataset_cropped/10_Metas/26/12/20191026125500_00160.jpg,datasets_cloudmask/dataset_cropped/10_Metas/26/12/20191026125500_00160.png,690.5,964,61.8,23.2,964
10/26/2019 12:56,datasets/dataset_cropped/10_Metas/26/12/20191026125600_00160.jpg,datasets_flow/dataset_cropped/10_Metas/26/12/20191026125600_00160.jpg,datasets_cloudmask/dataset_cropped/10_Metas/26/12/20191026125600_00160.png,690.3,963,61.7,23.1,964
10/26/2019 12:57,datasets/dataset_cropped/10_Metas/26/12/20191026125700_00160.jpg,datasets_flow/dataset_cropped/10_Metas/26/12/20191026125700_00160.jpg,datasets_cloudmask/dataset_cropped/10_Metas/26/12/20191026125700_00160.png,690.4,963,61.9,23.1,964
10/26/2019 12:58,datasets/dataset_cropped/10_Metas/26/12/20191026125800_00160.jpg,datasets_flow/dataset_cropped/10_Metas/26/12/20191026125800_00160.jpg,datasets_cloudmask/dataset_cropped/10_Metas/26/12/20191026125800_00160.png,690.2,963,61.7,23.1,964
10/26/2019 12:59,datasets/dataset_cropped/10_Metas/26/12/20191026125900_00160.jpg,datasets_flow/dataset_cropped/10_Metas/26/12/20191026125900_00160.jpg,datasets_cloudmask/dataset_cropped/10_Metas/26/12/20191026125900_00160.png,689.9,962,61.8,23.3,964
10/26/2019 13:00,datasets/dataset_cropped/10_Metas/26/13/20191026130000_00160.jpg,datasets_flow/dataset_cropped/10_Metas/26/13/20191026130000_00160.jpg,datasets_cloudmask/dataset_cropped/10_Metas/26/13/20191026130000_00160.png,689.6,962,61.9,23.3,964
10/26/2019 13:01,datasets/dataset_cropped/10_Metas/26/13/20191026130100_00160.jpg,datasets_flow/dataset_cropped/10_Metas/26/13/20191026130100_00160.jpg,datasets_cloudmask/dataset_cropped/10_Metas/26/13/20191026130100_00160.png,689.4,961,62.2,23.2,964
10/26/2019 13:02,datasets/dataset_cropped/10_Metas/26/13/20191026130200_00160.jpg,datasets_flow/dataset_cropped/10_Metas/26/13/20191026130200_00160.jpg,datasets_cloudmask/dataset_cropped/10_Metas/26/13/20191026130200_00160.png,688.8,960,62.1,23.1,964
10/26/2019 13:03,datasets/dataset_cropped/10_Metas/26/13/20191026130300_00160.jpg,datasets_flow/dataset_cropped/10_Metas/26/13/20191026130300_00160.jpg,datasets_cloudmask/dataset_cropped/10_Metas/26/13/20191026130300_00160.png,689,961,62.2,23.1,964
10/26/2019 13:04,datasets/dataset_cropped/10_Metas/26/13/20191026130400_00160.jpg,datasets_flow/dataset_cropped/10_Metas/26/13/20191026130400_00160.jpg,datasets_cloudmask/dataset_cropped/10_Metas/26/13/20191026130400_00160.png,688.8,961,62,23.1,964
10/26/2019 13:05,datasets/dataset_cropped/10_Metas/26/13/20191026130500_00160.jpg,datasets_flow/dataset_cropped/10_Metas/26/13/20191026130500_00160.jpg,datasets_cloudmask/dataset_cropped/10_Metas/26/13/20191026130500_00160.png,688.4,961,62.1,23.2,964
10/26/2019 13:06,datasets/dataset_cropped/10_Metas/26/13/20191026130600_00160.jpg,datasets_flow/dataset_cropped/10_Metas/26/13/20191026130600_00160.jpg,datasets_cloudmask/dataset_cropped/10_Metas/26/13/20191026130600_00160.png,688.3,961,62,23.3,964
10/26/2019 13:07,datasets/dataset_cropped/10_Metas/26/13/20191026130700_00160.jpg,datasets_flow/dataset_cropped/10_Metas/26/13/20191026130700_00160.jpg,datasets_cloudmask/dataset_cropped/10_Metas/26/13/20191026130700_00160.png,688.4,962,62.2,23.4,964
10/26/2019 13:08,datasets/dataset_cropped/10_Metas/26/13/20191026130800_00160.jpg,datasets_flow/dataset_cropped/10_Metas/26/13/20191026130800_00160.jpg,datasets_cloudmask/dataset_cropped/10_Metas/26/13/20191026130800_00160.png,688.3,962,62.4,23.6,964
10/26/2019 13:09,datasets/dataset_cropped/10_Metas/26/13/20191026130900_00160.jpg,datasets_flow/dataset_cropped/10_Metas/26/13/20191026130900_00160.jpg,datasets_cloudmask/dataset_cropped/10_Metas/26/13/20191026130900_00160.png,687.7,961,62.3,23.6,964
10/26/2019 13:10,datasets/dataset_cropped/10_Metas/26/13/20191026131000_00160.jpg,datasets_flow/dataset_cropped/10_Metas/26/13/20191026131000_00160.jpg,datasets_cloudmask/dataset_cropped/10_Metas/26/13/20191026131000_00160.png,687,961,61.8,23.7,964
10/26/2019 13:11,datasets/dataset_cropped/10_Metas/26/13/20191026131100_00160.jpg,datasets_flow/dataset_cropped/10_Metas/26/13/20191026131100_00160.jpg,datasets_cloudmask/dataset_cropped/10_Metas/26/13/20191026131100_00160.png,686.8,960,62.2,23.8,964
10/26/2019 13:12,datasets/dataset_cropped/10_Metas/26/13/20191026131200_00160.jpg,datasets_flow/dataset_cropped/10_Metas/26/13/20191026131200_00160.jpg,datasets_cloudmask/dataset_cropped/10_Metas/26/13/20191026131200_00160.png,686.8,961,61.8,23.7,964
10/26/2019 13:13,datasets/dataset_cropped/10_Metas/26/13/20191026131300_00160.jpg,datasets_flow/dataset_cropped/10_Metas/26/13/20191026131300_00160.jpg,datasets_cloudmask/dataset_cropped/10_Metas/26/13/20191026131300_00160.png,686.6,961,62,23.5,964
10/26/2019 13:14,datasets/dataset_cropped/10_Metas/26/13/20191026131400_00160.jpg,datasets_flow/dataset_cropped/10_Metas/26/13/20191026131400_00160.jpg,datasets_cloudmask/dataset_cropped/10_Metas/26/13/20191026131400_00160.png,685.6,960,62.2,23.5,964
10/26/2019 13:15,datasets/dataset_cropped/10_Metas/26/13/20191026131500_00160.jpg,datasets_flow/dataset_cropped/10_Metas/26/13/20191026131500_00160.jpg,datasets_cloudmask/dataset_cropped/10_Metas/26/13/20191026131500_00160.png,685.2,960,62.3,23.4,964
10/26/2019 13:16,datasets/dataset_cropped/10_Metas/26/13/20191026131600_00160.jpg,datasets_flow/dataset_cropped/10_Metas/26/13/20191026131600_00160.jpg,datasets_cloudmask/dataset_cropped/10_Metas/26/13/20191026131600_00160.png,685,960,62,23.4,964
10/26/2019 13:17,datasets/dataset_cropped/10_Metas/26/13/20191026131700_00160.jpg,datasets_flow/dataset_cropped/10_Metas/26/13/20191026131700_00160.jpg,datasets_cloudmask/dataset_cropped/10_Metas/26/13/20191026131700_00160.png,684.6,960,61.9,23.5,964
10/26/2019 13:18,datasets/dataset_cropped/10_Metas/26/13/20191026131800_00160.jpg,datasets_flow/dataset_cropped/10_Metas/26/13/20191026131800_00160.jpg,datasets_cloudmask/dataset_cropped/10_Metas/26/13/20191026131800_00160.png,684.1,960,61.8,23.6,964
10/26/2019 13:19,datasets/dataset_cropped/10_Metas/26/13/20191026131900_00160.jpg,datasets_flow/dataset_cropped/10_Metas/26/13/20191026131900_00160.jpg,datasets_cloudmask/dataset_cropped/10_Metas/26/13/20191026131900_00160.png,683.9,960,61.9,23.6,964
10/26/2019 13:20,datasets/dataset_cropped/10_Metas/26/13/20191026132000_00160.jpg,datasets_flow/dataset_cropped/10_Metas/26/13/20191026132000_00160.jpg,datasets_cloudmask/dataset_cropped/10_Metas/26/13/20191026132000_00160.png,683.6,961,62,23.6,964
10/26/2019 13:21,datasets/dataset_cropped/10_Metas/26/13/20191026132100_00160.jpg,datasets_flow/dataset_cropped/10_Metas/26/13/20191026132100_00160.jpg,datasets_cloudmask/dataset_cropped/10_Metas/26/13/20191026132100_00160.png,683.1,962,61.9,23.7,964
10/26/2019 13:22,datasets/dataset_cropped/10_Metas/26/13/20191026132200_00160.jpg,datasets_flow/dataset_cropped/10_Metas/26/13/20191026132200_00160.jpg,datasets_cloudmask/dataset_cropped/10_Metas/26/13/20191026132200_00160.png,683.2,963,62,23.7,964
10/26/2019 13:23,datasets/dataset_cropped/10_Metas/26/13/20191026132300_00160.jpg,datasets_flow/dataset_cropped/10_Metas/26/13/20191026132300_00160.jpg,datasets_cloudmask/dataset_cropped/10_Metas/26/13/20191026132300_00160.png,682.6,962,61.9,23.9,964
10/26/2019 13:24,datasets/dataset_cropped/10_Metas/26/13/20191026132400_00160.jpg,datasets_flow/dataset_cropped/10_Metas/26/13/20191026132400_00160.jpg,datasets_cloudmask/dataset_cropped/10_Metas/26/13/20191026132400_00160.png,682.1,962,61.7,23.7,964
10/26/2019 13:25,datasets/dataset_cropped/10_Metas/26/13/20191026132500_00160.jpg,datasets_flow/dataset_cropped/10_Metas/26/13/20191026132500_00160.jpg,datasets_cloudmask/dataset_cropped/10_Metas/26/13/20191026132500_00160.png,681.2,961,61.5,23.9,964
10/26/2019 13:26,datasets/dataset_cropped/10_Metas/26/13/20191026132600_00160.jpg,datasets_flow/dataset_cropped/10_Metas/26/13/20191026132600_00160.jpg,datasets_cloudmask/dataset_cropped/10_Metas/26/13/20191026132600_00160.png,680.2,960,61.4,24.1,964
10/26/2019 13:27,datasets/dataset_cropped/10_Metas/26/13/20191026132700_00160.jpg,datasets_flow/dataset_cropped/10_Metas/26/13/20191026132700_00160.jpg,datasets_cloudmask/dataset_cropped/10_Metas/26/13/20191026132700_00160.png,679.6,959,61.5,24.1,964
10/26/2019 13:28,datasets/dataset_cropped/10_Metas/26/13/20191026132800_00160.jpg,datasets_flow/dataset_cropped/10_Metas/26/13/20191026132800_00160.jpg,datasets_cloudmask/dataset_cropped/10_Metas/26/13/20191026132800_00160.png,678.7,958,61.5,23.9,964
10/26/2019 13:29,datasets/dataset_cropped/10_Metas/26/13/20191026132900_00160.jpg,datasets_flow/dataset_cropped/10_Metas/26/13/20191026132900_00160.jpg,datasets_cloudmask/dataset_cropped/10_Metas/26/13/20191026132900_00160.png,677.9,957,61.5,23.7,964
10/26/2019 13:30,datasets/dataset_cropped/10_Metas/26/13/20191026133000_00160.jpg,datasets_flow/dataset_cropped/10_Metas/26/13/20191026133000_00160.jpg,datasets_cloudmask/dataset_cropped/10_Metas/26/13/20191026133000_00160.png,677.2,957,61.6,23.7,964
10/26/2019 13:31,datasets/dataset_cropped/10_Metas/26/13/20191026133100_00160.jpg,datasets_flow/dataset_cropped/10_Metas/26/13/20191026133100_00160.jpg,datasets_cloudmask/dataset_cropped/10_Metas/26/13/20191026133100_00160.png,676.4,956,61.6,23.8,964
10/26/2019 13:32,datasets/dataset_cropped/10_Metas/26/13/20191026133200_00160.jpg,datasets_flow/dataset_cropped/10_Metas/26/13/20191026133200_00160.jpg,datasets_cloudmask/dataset_cropped/10_Metas/26/13/20191026133200_00160.png,675.8,956,61.6,23.9,964
10/26/2019 13:33,datasets/dataset_cropped/10_Metas/26/13/20191026133300_00160.jpg,datasets_flow/dataset_cropped/10_Metas/26/13/20191026133300_00160.jpg,datasets_cloudmask/dataset_cropped/10_Metas/26/13/20191026133300_00160.png,675.2,956,61.6,24.1,964
10/26/2019 13:34,datasets/dataset_cropped/10_Metas/26/13/20191026133400_00160.jpg,datasets_flow/dataset_cropped/10_Metas/26/13/20191026133400_00160.jpg,datasets_cloudmask/dataset_cropped/10_Metas/26/13/20191026133400_00160.png,675.2,957,61.7,23.9,964
10/26/2019 13:35,datasets/dataset_cropped/10_Metas/26/13/20191026133500_00160.jpg,datasets_flow/dataset_cropped/10_Metas/26/13/20191026133500_00160.jpg,datasets_cloudmask/dataset_cropped/10_Metas/26/13/20191026133500_00160.png,674.2,956,61.5,24,964
10/26/2019 13:36,datasets/dataset_cropped/10_Metas/26/13/20191026133600_00160.jpg,datasets_flow/dataset_cropped/10_Metas/26/13/20191026133600_00160.jpg,datasets_cloudmask/dataset_cropped/10_Metas/26/13/20191026133600_00160.png,673.6,956,61.6,23.9,964
10/26/2019 13:37,datasets/dataset_cropped/10_Metas/26/13/20191026133700_00160.jpg,datasets_flow/dataset_cropped/10_Metas/26/13/20191026133700_00160.jpg,datasets_cloudmask/dataset_cropped/10_Metas/26/13/20191026133700_00160.png,672.5,955,61.6,23.9,964
10/26/2019 13:38,datasets/dataset_cropped/10_Metas/26/13/20191026133800_00160.jpg,datasets_flow/dataset_cropped/10_Metas/26/13/20191026133800_00160.jpg,datasets_cloudmask/dataset_cropped/10_Metas/26/13/20191026133800_00160.png,671.3,954,61.6,23.9,964
10/26/2019 13:39,datasets/dataset_cropped/10_Metas/26/13/20191026133900_00160.jpg,datasets_flow/dataset_cropped/10_Metas/26/13/20191026133900_00160.jpg,datasets_cloudmask/dataset_cropped/10_Metas/26/13/20191026133900_00160.png,670,953,61.5,23.9,964
10/26/2019 13:40,datasets/dataset_cropped/10_Metas/26/13/20191026134000_00160.jpg,datasets_flow/dataset_cropped/10_Metas/26/13/20191026134000_00160.jpg,datasets_cloudmask/dataset_cropped/10_Metas/26/13/20191026134000_00160.png,669,953,61.5,24,964
10/26/2019 13:41,datasets/dataset_cropped/10_Metas/26/13/20191026134100_00160.jpg,datasets_flow/dataset_cropped/10_Metas/26/13/20191026134100_00160.jpg,datasets_cloudmask/dataset_cropped/10_Metas/26/13/20191026134100_00160.png,668.2,952,61.8,24,964
10/26/2019 13:42,datasets/dataset_cropped/10_Metas/26/13/20191026134200_00160.jpg,datasets_flow/dataset_cropped/10_Metas/26/13/20191026134200_00160.jpg,datasets_cloudmask/dataset_cropped/10_Metas/26/13/20191026134200_00160.png,667.2,952,61.8,24,964
10/26/2019 13:43,datasets/dataset_cropped/10_Metas/26/13/20191026134300_00160.jpg,datasets_flow/dataset_cropped/10_Metas/26/13/20191026134300_00160.jpg,datasets_cloudmask/dataset_cropped/10_Metas/26/13/20191026134300_00160.png,666.4,952,61.8,24.1,964
10/26/2019 13:44,datasets/dataset_cropped/10_Metas/26/13/20191026134400_00160.jpg,datasets_flow/dataset_cropped/10_Metas/26/13/20191026134400_00160.jpg,datasets_cloudmask/dataset_cropped/10_Metas/26/13/20191026134400_00160.png,665.4,952,61.7,24.2,964
10/26/2019 13:45,datasets/dataset_cropped/10_Metas/26/13/20191026134500_00160.jpg,datasets_flow/dataset_cropped/10_Metas/26/13/20191026134500_00160.jpg,datasets_cloudmask/dataset_cropped/10_Metas/26/13/20191026134500_00160.png,664.2,951,61.6,24.3,964
10/26/2019 13:46,datasets/dataset_cropped/10_Metas/26/13/20191026134600_00160.jpg,datasets_flow/dataset_cropped/10_Metas/26/13/20191026134600_00160.jpg,datasets_cloudmask/dataset_cropped/10_Metas/26/13/20191026134600_00160.png,663.3,951,61.8,24.4,964
10/26/2019 13:47,datasets/dataset_cropped/10_Metas/26/13/20191026134700_00160.jpg,datasets_flow/dataset_cropped/10_Metas/26/13/20191026134700_00160.jpg,datasets_cloudmask/dataset_cropped/10_Metas/26/13/20191026134700_00160.png,662,950,61.5,24.4,964
10/26/2019 13:48,datasets/dataset_cropped/10_Metas/26/13/20191026134800_00160.jpg,datasets_flow/dataset_cropped/10_Metas/26/13/20191026134800_00160.jpg,datasets_cloudmask/dataset_cropped/10_Metas/26/13/20191026134800_00160.png,661.1,949,61.6,24.3,964
10/26/2019 13:49,datasets/dataset_cropped/10_Metas/26/13/20191026134900_00160.jpg,datasets_flow/dataset_cropped/10_Metas/26/13/20191026134900_00160.jpg,datasets_cloudmask/dataset_cropped/10_Metas/26/13/20191026134900_00160.png,660.2,949,62,24.2,964
10/26/2019 13:50,datasets/dataset_cropped/10_Metas/26/13/20191026135000_00160.jpg,datasets_flow/dataset_cropped/10_Metas/26/13/20191026135000_00160.jpg,datasets_cloudmask/dataset_cropped/10_Metas/26/13/20191026135000_00160.png,658.9,949,61.5,24.2,964
10/26/2019 13:51,datasets/dataset_cropped/10_Metas/26/13/20191026135100_00160.jpg,datasets_flow/dataset_cropped/10_Metas/26/13/20191026135100_00160.jpg,datasets_cloudmask/dataset_cropped/10_Metas/26/13/20191026135100_00160.png,657.6,948,61.2,24.3,964
10/26/2019 13:52,datasets/dataset_cropped/10_Metas/26/13/20191026135200_00160.jpg,datasets_flow/dataset_cropped/10_Metas/26/13/20191026135200_00160.jpg,datasets_cloudmask/dataset_cropped/10_Metas/26/13/20191026135200_00160.png,656.8,948,61.3,24.4,964
10/26/2019 13:53,datasets/dataset_cropped/10_Metas/26/13/20191026135300_00160.jpg,datasets_flow/dataset_cropped/10_Metas/26/13/20191026135300_00160.jpg,datasets_cloudmask/dataset_cropped/10_Metas/26/13/20191026135300_00160.png,655.7,947,61.3,24.3,964
10/26/2019 13:54,datasets/dataset_cropped/10_Metas/26/13/20191026135400_00160.jpg,datasets_flow/dataset_cropped/10_Metas/26/13/20191026135400_00160.jpg,datasets_cloudmask/dataset_cropped/10_Metas/26/13/20191026135400_00160.png,654.8,948,61.1,24.3,964
10/26/2019 13:55,datasets/dataset_cropped/10_Metas/26/13/20191026135500_00160.jpg,datasets_flow/dataset_cropped/10_Metas/26/13/20191026135500_00160.jpg,datasets_cloudmask/dataset_cropped/10_Metas/26/13/20191026135500_00160.png,653.9,947,61.1,24.4,964
10/26/2019 13:56,datasets/dataset_cropped/10_Metas/26/13/20191026135600_00160.jpg,datasets_flow/dataset_cropped/10_Metas/26/13/20191026135600_00160.jpg,datasets_cloudmask/dataset_cropped/10_Metas/26/13/20191026135600_00160.png,652.5,947,61.2,24.4,964
10/26/2019 13:57,datasets/dataset_cropped/10_Metas/26/13/20191026135700_00160.jpg,datasets_flow/dataset_cropped/10_Metas/26/13/20191026135700_00160.jpg,datasets_cloudmask/dataset_cropped/10_Metas/26/13/20191026135700_00160.png,651.2,946,61.4,24.4,964
10/26/2019 13:58,datasets/dataset_cropped/10_Metas/26/13/20191026135800_00160.jpg,datasets_flow/dataset_cropped/10_Metas/26/13/20191026135800_00160.jpg,datasets_cloudmask/dataset_cropped/10_Metas/26/13/20191026135800_00160.png,650.1,946,61.7,24.2,964
10/26/2019 13:59,datasets/dataset_cropped/10_Metas/26/13/20191026135900_00160.jpg,datasets_flow/dataset_cropped/10_Metas/26/13/20191026135900_00160.jpg,datasets_cloudmask/dataset_cropped/10_Metas/26/13/20191026135900_00160.png,648.8,946,61.9,24.1,964
10/26/2019 14:00,datasets/dataset_cropped/10_Metas/26/14/20191026140000_00160.jpg,datasets_flow/dataset_cropped/10_Metas/26/14/20191026140000_00160.jpg,datasets_cloudmask/dataset_cropped/10_Metas/26/14/20191026140000_00160.png,647.6,946,62,24.2,964
10/26/2019 14:01,datasets/dataset_cropped/10_Metas/26/14/20191026140100_00160.jpg,datasets_flow/dataset_cropped/10_Metas/26/14/20191026140100_00160.jpg,datasets_cloudmask/dataset_cropped/10_Metas/26/14/20191026140100_00160.png,646.4,945,61.8,24.2,964
10/26/2019 14:02,datasets/dataset_cropped/10_Metas/26/14/20191026140200_00160.jpg,datasets_flow/dataset_cropped/10_Metas/26/14/20191026140200_00160.jpg,datasets_cloudmask/dataset_cropped/10_Metas/26/14/20191026140200_00160.png,645.1,945,61.5,24,964
10/26/2019 14:03,datasets/dataset_cropped/10_Metas/26/14/20191026140300_00160.jpg,datasets_flow/dataset_cropped/10_Metas/26/14/20191026140300_00160.jpg,datasets_cloudmask/dataset_cropped/10_Metas/26/14/20191026140300_00160.png,643.9,944,61.2,23.9,964
10/26/2019 14:04,datasets/dataset_cropped/10_Metas/26/14/20191026140400_00160.jpg,datasets_flow/dataset_cropped/10_Metas/26/14/20191026140400_00160.jpg,datasets_cloudmask/dataset_cropped/10_Metas/26/14/20191026140400_00160.png,642.5,943,61.2,24,964
10/26/2019 14:05,datasets/dataset_cropped/10_Metas/26/14/20191026140500_00160.jpg,datasets_flow/dataset_cropped/10_Metas/26/14/20191026140500_00160.jpg,datasets_cloudmask/dataset_cropped/10_Metas/26/14/20191026140500_00160.png,641.1,942,61.2,24.1,964
10/26/2019 14:06,datasets/dataset_cropped/10_Metas/26/14/20191026140600_00160.jpg,datasets_flow/dataset_cropped/10_Metas/26/14/20191026140600_00160.jpg,datasets_cloudmask/dataset_cropped/10_Metas/26/14/20191026140600_00160.png,639.8,941,61.3,23.9,964
10/26/2019 14:07,datasets/dataset_cropped/10_Metas/26/14/20191026140700_00160.jpg,datasets_flow/dataset_cropped/10_Metas/26/14/20191026140700_00160.jpg,datasets_cloudmask/dataset_cropped/10_Metas/26/14/20191026140700_00160.png,638.5,940,61.2,23.9,964
10/26/2019 14:08,datasets/dataset_cropped/10_Metas/26/14/20191026140800_00160.jpg,datasets_flow/dataset_cropped/10_Metas/26/14/20191026140800_00160.jpg,datasets_cloudmask/dataset_cropped/10_Metas/26/14/20191026140800_00160.png,637.1,939,61.2,24,964
10/26/2019 14:09,datasets/dataset_cropped/10_Metas/26/14/20191026140900_00160.jpg,datasets_flow/dataset_cropped/10_Metas/26/14/20191026140900_00160.jpg,datasets_cloudmask/dataset_cropped/10_Metas/26/14/20191026140900_00160.png,636.2,940,61.1,24.2,964
10/26/2019 14:10,datasets/dataset_cropped/10_Metas/26/14/20191026141000_00160.jpg,datasets_flow/dataset_cropped/10_Metas/26/14/20191026141000_00160.jpg,datasets_cloudmask/dataset_cropped/10_Metas/26/14/20191026141000_00160.png,635.3,940,61,24.3,963
10/26/2019 14:11,datasets/dataset_cropped/10_Metas/26/14/20191026141100_00160.jpg,datasets_flow/dataset_cropped/10_Metas/26/14/20191026141100_00160.jpg,datasets_cloudmask/dataset_cropped/10_Metas/26/14/20191026141100_00160.png,633.7,939,61.1,24.1,964
10/26/2019 14:12,datasets/dataset_cropped/10_Metas/26/14/20191026141200_00160.jpg,datasets_flow/dataset_cropped/10_Metas/26/14/20191026141200_00160.jpg,datasets_cloudmask/dataset_cropped/10_Metas/26/14/20191026141200_00160.png,631.9,938,61.2,23.9,964
10/26/2019 14:13,datasets/dataset_cropped/10_Metas/26/14/20191026141300_00160.jpg,datasets_flow/dataset_cropped/10_Metas/26/14/20191026141300_00160.jpg,datasets_cloudmask/dataset_cropped/10_Metas/26/14/20191026141300_00160.png,630,937,61,23.8,964
10/26/2019 14:14,datasets/dataset_cropped/10_Metas/26/14/20191026141400_00160.jpg,datasets_flow/dataset_cropped/10_Metas/26/14/20191026141400_00160.jpg,datasets_cloudmask/dataset_cropped/10_Metas/26/14/20191026141400_00160.png,628.5,936,61.1,23.7,964
10/26/2019 14:15,datasets/dataset_cropped/10_Metas/26/14/20191026141500_00160.jpg,datasets_flow/dataset_cropped/10_Metas/26/14/20191026141500_00160.jpg,datasets_cloudmask/dataset_cropped/10_Metas/26/14/20191026141500_00160.png,627.2,936,61.4,23.9,964
10/26/2019 14:16,datasets/dataset_cropped/10_Metas/26/14/20191026141600_00160.jpg,datasets_flow/dataset_cropped/10_Metas/26/14/20191026141600_00160.jpg,datasets_cloudmask/dataset_cropped/10_Metas/26/14/20191026141600_00160.png,625.8,936,61.3,24,964
10/26/2019 14:17,datasets/dataset_cropped/10_Metas/26/14/20191026141700_00160.jpg,datasets_flow/dataset_cropped/10_Metas/26/14/20191026141700_00160.jpg,datasets_cloudmask/dataset_cropped/10_Metas/26/14/20191026141700_00160.png,624.3,936,61,24,964
10/26/2019 14:18,datasets/dataset_cropped/10_Metas/26/14/20191026141800_00160.jpg,datasets_flow/dataset_cropped/10_Metas/26/14/20191026141800_00160.jpg,datasets_cloudmask/dataset_cropped/10_Metas/26/14/20191026141800_00160.png,622.7,935,61,24.2,964
10/26/2019 14:19,datasets/dataset_cropped/10_Metas/26/14/20191026141900_00160.jpg,datasets_flow/dataset_cropped/10_Metas/26/14/20191026141900_00160.jpg,datasets_cloudmask/dataset_cropped/10_Metas/26/14/20191026141900_00160.png,621.7,935,60.9,24.1,964
10/26/2019 14:20,datasets/dataset_cropped/10_Metas/26/14/20191026142000_00160.jpg,datasets_flow/dataset_cropped/10_Metas/26/14/20191026142000_00160.jpg,datasets_cloudmask/dataset_cropped/10_Metas/26/14/20191026142000_00160.png,620.1,934,60.8,24.2,963
10/26/2019 14:21,datasets/dataset_cropped/10_Metas/26/14/20191026142100_00160.jpg,datasets_flow/dataset_cropped/10_Metas/26/14/20191026142100_00160.jpg,datasets_cloudmask/dataset_cropped/10_Metas/26/14/20191026142100_00160.png,618.7,934,61,24.3,963
10/26/2019 14:22,datasets/dataset_cropped/10_Metas/26/14/20191026142200_00160.jpg,datasets_flow/dataset_cropped/10_Metas/26/14/20191026142200_00160.jpg,datasets_cloudmask/dataset_cropped/10_Metas/26/14/20191026142200_00160.png,617.2,934,60.9,24.1,963
10/26/2019 14:23,datasets/dataset_cropped/10_Metas/26/14/20191026142300_00160.jpg,datasets_flow/dataset_cropped/10_Metas/26/14/20191026142300_00160.jpg,datasets_cloudmask/dataset_cropped/10_Metas/26/14/20191026142300_00160.png,615.6,933,60.8,24.1,963
10/26/2019 14:24,datasets/dataset_cropped/10_Metas/26/14/20191026142400_00160.jpg,datasets_flow/dataset_cropped/10_Metas/26/14/20191026142400_00160.jpg,datasets_cloudmask/dataset_cropped/10_Metas/26/14/20191026142400_00160.png,613.7,932,60.5,24,963
10/26/2019 14:25,datasets/dataset_cropped/10_Metas/26/14/20191026142500_00160.jpg,datasets_flow/dataset_cropped/10_Metas/26/14/20191026142500_00160.jpg,datasets_cloudmask/dataset_cropped/10_Metas/26/14/20191026142500_00160.png,611.8,931,60.4,24,963
10/26/2019 14:26,datasets/dataset_cropped/10_Metas/26/14/20191026142600_00160.jpg,datasets_flow/dataset_cropped/10_Metas/26/14/20191026142600_00160.jpg,datasets_cloudmask/dataset_cropped/10_Metas/26/14/20191026142600_00160.png,610.4,931,60.5,24.1,963
10/26/2019 14:27,datasets/dataset_cropped/10_Metas/26/14/20191026142700_00160.jpg,datasets_flow/dataset_cropped/10_Metas/26/14/20191026142700_00160.jpg,datasets_cloudmask/dataset_cropped/10_Metas/26/14/20191026142700_00160.png,609.3,931,60.5,24.1,963
10/26/2019 14:28,datasets/dataset_cropped/10_Metas/26/14/20191026142800_00160.jpg,datasets_flow/dataset_cropped/10_Metas/26/14/20191026142800_00160.jpg,datasets_cloudmask/dataset_cropped/10_Metas/26/14/20191026142800_00160.png,607.8,931,60.3,24,964
10/26/2019 14:29,datasets/dataset_cropped/10_Metas/26/14/20191026142900_00160.jpg,datasets_flow/dataset_cropped/10_Metas/26/14/20191026142900_00160.jpg,datasets_cloudmask/dataset_cropped/10_Metas/26/14/20191026142900_00160.png,606.1,930,60.2,23.9,963
10/26/2019 14:30,datasets/dataset_cropped/10_Metas/26/14/20191026143000_00160.jpg,datasets_flow/dataset_cropped/10_Metas/26/14/20191026143000_00160.jpg,datasets_cloudmask/dataset_cropped/10_Metas/26/14/20191026143000_00160.png,604.9,930,60.5,24,964
10/26/2019 14:31,datasets/dataset_cropped/10_Metas/26/14/20191026143100_00160.jpg,datasets_flow/dataset_cropped/10_Metas/26/14/20191026143100_00160.jpg,datasets_cloudmask/dataset_cropped/10_Metas/26/14/20191026143100_00160.png,603.3,930,60.5,24.1,963
10/26/2019 14:32,datasets/dataset_cropped/10_Metas/26/14/20191026143200_00160.jpg,datasets_flow/dataset_cropped/10_Metas/26/14/20191026143200_00160.jpg,datasets_cloudmask/dataset_cropped/10_Metas/26/14/20191026143200_00160.png,601.5,930,60.1,24,963
10/26/2019 14:33,datasets/dataset_cropped/10_Metas/26/14/20191026143300_00160.jpg,datasets_flow/dataset_cropped/10_Metas/26/14/20191026143300_00160.jpg,datasets_cloudmask/dataset_cropped/10_Metas/26/14/20191026143300_00160.png,599.7,929,59.9,24,964
10/26/2019 14:34,datasets/dataset_cropped/10_Metas/26/14/20191026143400_00160.jpg,datasets_flow/dataset_cropped/10_Metas/26/14/20191026143400_00160.jpg,datasets_cloudmask/dataset_cropped/10_Metas/26/14/20191026143400_00160.png,598,928,59.9,24,963
10/26/2019 14:35,datasets/dataset_cropped/10_Metas/26/14/20191026143500_00160.jpg,datasets_flow/dataset_cropped/10_Metas/26/14/20191026143500_00160.jpg,datasets_cloudmask/dataset_cropped/10_Metas/26/14/20191026143500_00160.png,595.9,927,60,24,963
10/26/2019 14:36,datasets/dataset_cropped/10_Metas/26/14/20191026143600_00160.jpg,datasets_flow/dataset_cropped/10_Metas/26/14/20191026143600_00160.jpg,datasets_cloudmask/dataset_cropped/10_Metas/26/14/20191026143600_00160.png,594,926,59.9,24.2,963
10/26/2019 14:37,datasets/dataset_cropped/10_Metas/26/14/20191026143700_00160.jpg,datasets_flow/dataset_cropped/10_Metas/26/14/20191026143700_00160.jpg,datasets_cloudmask/dataset_cropped/10_Metas/26/14/20191026143700_00160.png,592.2,926,59.9,24,963
10/26/2019 14:38,datasets/dataset_cropped/10_Metas/26/14/20191026143800_00160.jpg,datasets_flow/dataset_cropped/10_Metas/26/14/20191026143800_00160.jpg,datasets_cloudmask/dataset_cropped/10_Metas/26/14/20191026143800_00160.png,590.6,925,59.9,23.9,963
10/26/2019 14:39,datasets/dataset_cropped/10_Metas/26/14/20191026143900_00160.jpg,datasets_flow/dataset_cropped/10_Metas/26/14/20191026143900_00160.jpg,datasets_cloudmask/dataset_cropped/10_Metas/26/14/20191026143900_00160.png,589,926,59.8,24,963
10/26/2019 14:40,datasets/dataset_cropped/10_Metas/26/14/20191026144000_00160.jpg,datasets_flow/dataset_cropped/10_Metas/26/14/20191026144000_00160.jpg,datasets_cloudmask/dataset_cropped/10_Metas/26/14/20191026144000_00160.png,587.2,925,59.7,24.2,963
10/26/2019 14:41,datasets/dataset_cropped/10_Metas/26/14/20191026144100_00160.jpg,datasets_flow/dataset_cropped/10_Metas/26/14/20191026144100_00160.jpg,datasets_cloudmask/dataset_cropped/10_Metas/26/14/20191026144100_00160.png,585.4,925,59.7,24.1,963
10/26/2019 14:42,datasets/dataset_cropped/10_Metas/26/14/20191026144200_00160.jpg,datasets_flow/dataset_cropped/10_Metas/26/14/20191026144200_00160.jpg,datasets_cloudmask/dataset_cropped/10_Metas/26/14/20191026144200_00160.png,583.5,924,59.3,24.3,963
10/26/2019 14:43,datasets/dataset_cropped/10_Metas/26/14/20191026144300_00160.jpg,datasets_flow/dataset_cropped/10_Metas/26/14/20191026144300_00160.jpg,datasets_cloudmask/dataset_cropped/10_Metas/26/14/20191026144300_00160.png,581.6,923,59.1,24.4,963
10/26/2019 14:44,datasets/dataset_cropped/10_Metas/26/14/20191026144400_00160.jpg,datasets_flow/dataset_cropped/10_Metas/26/14/20191026144400_00160.jpg,datasets_cloudmask/dataset_cropped/10_Metas/26/14/20191026144400_00160.png,580,923,59.1,24.4,963
10/26/2019 14:45,datasets/dataset_cropped/10_Metas/26/14/20191026144500_00160.jpg,datasets_flow/dataset_cropped/10_Metas/26/14/20191026144500_00160.jpg,datasets_cloudmask/dataset_cropped/10_Metas/26/14/20191026144500_00160.png,578.2,922,59.1,24.3,963
10/26/2019 14:46,datasets/dataset_cropped/10_Metas/26/14/20191026144600_00160.jpg,datasets_flow/dataset_cropped/10_Metas/26/14/20191026144600_00160.jpg,datasets_cloudmask/dataset_cropped/10_Metas/26/14/20191026144600_00160.png,576.1,921,58.8,24.2,963
10/26/2019 14:47,datasets/dataset_cropped/10_Metas/26/14/20191026144700_00160.jpg,datasets_flow/dataset_cropped/10_Metas/26/14/20191026144700_00160.jpg,datasets_cloudmask/dataset_cropped/10_Metas/26/14/20191026144700_00160.png,574.2,920,58.7,24.3,963
10/26/2019 14:48,datasets/dataset_cropped/10_Metas/26/14/20191026144800_00160.jpg,datasets_flow/dataset_cropped/10_Metas/26/14/20191026144800_00160.jpg,datasets_cloudmask/dataset_cropped/10_Metas/26/14/20191026144800_00160.png,572.7,920,58.7,24.4,963
10/26/2019 14:49,datasets/dataset_cropped/10_Metas/26/14/20191026144900_00160.jpg,datasets_flow/dataset_cropped/10_Metas/26/14/20191026144900_00160.jpg,datasets_cloudmask/dataset_cropped/10_Metas/26/14/20191026144900_00160.png,571,919,58.7,24.4,963
10/26/2019 14:50,datasets/dataset_cropped/10_Metas/26/14/20191026145000_00160.jpg,datasets_flow/dataset_cropped/10_Metas/26/14/20191026145000_00160.jpg,datasets_cloudmask/dataset_cropped/10_Metas/26/14/20191026145000_00160.png,569.1,919,58.7,24.1,963
10/26/2019 14:51,datasets/dataset_cropped/10_Metas/26/14/20191026145100_00160.jpg,datasets_flow/dataset_cropped/10_Metas/26/14/20191026145100_00160.jpg,datasets_cloudmask/dataset_cropped/10_Metas/26/14/20191026145100_00160.png,567.4,919,58.6,23.9,963
10/26/2019 14:52,datasets/dataset_cropped/10_Metas/26/14/20191026145200_00160.jpg,datasets_flow/dataset_cropped/10_Metas/26/14/20191026145200_00160.jpg,datasets_cloudmask/dataset_cropped/10_Metas/26/14/20191026145200_00160.png,565.3,918,58.6,23.9,963
10/26/2019 14:53,datasets/dataset_cropped/10_Metas/26/14/20191026145300_00160.jpg,datasets_flow/dataset_cropped/10_Metas/26/14/20191026145300_00160.jpg,datasets_cloudmask/dataset_cropped/10_Metas/26/14/20191026145300_00160.png,563.3,918,58.6,24.2,963
10/26/2019 14:54,datasets/dataset_cropped/10_Metas/26/14/20191026145400_00160.jpg,datasets_flow/dataset_cropped/10_Metas/26/14/20191026145400_00160.jpg,datasets_cloudmask/dataset_cropped/10_Metas/26/14/20191026145400_00160.png,561.3,918,58.7,24.1,963
10/26/2019 14:55,datasets/dataset_cropped/10_Metas/26/14/20191026145500_00160.jpg,datasets_flow/dataset_cropped/10_Metas/26/14/20191026145500_00160.jpg,datasets_cloudmask/dataset_cropped/10_Metas/26/14/20191026145500_00160.png,559.3,918,58.4,24.1,963
10/26/2019 14:56,datasets/dataset_cropped/10_Metas/26/14/20191026145600_00160.jpg,datasets_flow/dataset_cropped/10_Metas/26/14/20191026145600_00160.jpg,datasets_cloudmask/dataset_cropped/10_Metas/26/14/20191026145600_00160.png,557,917,58.3,24.2,963
10/26/2019 14:57,datasets/dataset_cropped/10_Metas/26/14/20191026145700_00160.jpg,datasets_flow/dataset_cropped/10_Metas/26/14/20191026145700_00160.jpg,datasets_cloudmask/dataset_cropped/10_Metas/26/14/20191026145700_00160.png,554.9,916,58.3,24.1,963
10/26/2019 14:58,datasets/dataset_cropped/10_Metas/26/14/20191026145800_00160.jpg,datasets_flow/dataset_cropped/10_Metas/26/14/20191026145800_00160.jpg,datasets_cloudmask/dataset_cropped/10_Metas/26/14/20191026145800_00160.png,552.5,914,58.1,23.9,963
10/26/2019 14:59,datasets/dataset_cropped/10_Metas/26/14/20191026145900_00160.jpg,datasets_flow/dataset_cropped/10_Metas/26/14/20191026145900_00160.jpg,datasets_cloudmask/dataset_cropped/10_Metas/26/14/20191026145900_00160.png,550.2,913,58,23.8,963
10/26/2019 15:00,datasets/dataset_cropped/10_Metas/26/15/20191026150000_00160.jpg,datasets_flow/dataset_cropped/10_Metas/26/15/20191026150000_00160.jpg,datasets_cloudmask/dataset_cropped/10_Metas/26/15/20191026150000_00160.png,548.2,912,57.9,23.9,963
10/26/2019 15:01,datasets/dataset_cropped/10_Metas/26/15/20191026150100_00160.jpg,datasets_flow/dataset_cropped/10_Metas/26/15/20191026150100_00160.jpg,datasets_cloudmask/dataset_cropped/10_Metas/26/15/20191026150100_00160.png,545.9,911,57.8,24.3,963
10/26/2019 15:02,datasets/dataset_cropped/10_Metas/26/15/20191026150200_00160.jpg,datasets_flow/dataset_cropped/10_Metas/26/15/20191026150200_00160.jpg,datasets_cloudmask/dataset_cropped/10_Metas/26/15/20191026150200_00160.png,544,910,57.8,24.3,963
10/26/2019 15:03,datasets/dataset_cropped/10_Metas/26/15/20191026150300_00160.jpg,datasets_flow/dataset_cropped/10_Metas/26/15/20191026150300_00160.jpg,datasets_cloudmask/dataset_cropped/10_Metas/26/15/20191026150300_00160.png,542.1,909,57.8,24.1,963
10/26/2019 15:04,datasets/dataset_cropped/10_Metas/26/15/20191026150400_00160.jpg,datasets_flow/dataset_cropped/10_Metas/26/15/20191026150400_00160.jpg,datasets_cloudmask/dataset_cropped/10_Metas/26/15/20191026150400_00160.png,540.2,909,57.8,24.2,963
10/26/2019 15:05,datasets/dataset_cropped/10_Metas/26/15/20191026150500_00160.jpg,datasets_flow/dataset_cropped/10_Metas/26/15/20191026150500_00160.jpg,datasets_cloudmask/dataset_cropped/10_Metas/26/15/20191026150500_00160.png,538,908,57.7,24.4,963
10/26/2019 15:06,datasets/dataset_cropped/10_Metas/26/15/20191026150600_00160.jpg,datasets_flow/dataset_cropped/10_Metas/26/15/20191026150600_00160.jpg,datasets_cloudmask/dataset_cropped/10_Metas/26/15/20191026150600_00160.png,535.9,908,57.6,24.3,963
10/26/2019 15:07,datasets/dataset_cropped/10_Metas/26/15/20191026150700_00160.jpg,datasets_flow/dataset_cropped/10_Metas/26/15/20191026150700_00160.jpg,datasets_cloudmask/dataset_cropped/10_Metas/26/15/20191026150700_00160.png,533.6,907,57.4,24.3,963
10/26/2019 15:08,datasets/dataset_cropped/10_Metas/26/15/20191026150800_00160.jpg,datasets_flow/dataset_cropped/10_Metas/26/15/20191026150800_00160.jpg,datasets_cloudmask/dataset_cropped/10_Metas/26/15/20191026150800_00160.png,531.3,906,57.2,24.1,963
10/26/2019 15:09,datasets/dataset_cropped/10_Metas/26/15/20191026150900_00160.jpg,datasets_flow/dataset_cropped/10_Metas/26/15/20191026150900_00160.jpg,datasets_cloudmask/dataset_cropped/10_Metas/26/15/20191026150900_00160.png,529.2,905,57.2,24.1,963
10/26/2019 15:10,datasets/dataset_cropped/10_Metas/26/15/20191026151000_00160.jpg,datasets_flow/dataset_cropped/10_Metas/26/15/20191026151000_00160.jpg,datasets_cloudmask/dataset_cropped/10_Metas/26/15/20191026151000_00160.png,526.9,904,57,24.2,963
10/26/2019 15:11,datasets/dataset_cropped/10_Metas/26/15/20191026151100_00160.jpg,datasets_flow/dataset_cropped/10_Metas/26/15/20191026151100_00160.jpg,datasets_cloudmask/dataset_cropped/10_Metas/26/15/20191026151100_00160.png,524.1,903,56.8,24.2,963
10/26/2019 15:12,datasets/dataset_cropped/10_Metas/26/15/20191026151200_00160.jpg,datasets_flow/dataset_cropped/10_Metas/26/15/20191026151200_00160.jpg,datasets_cloudmask/dataset_cropped/10_Metas/26/15/20191026151200_00160.png,521.9,902,56.8,24.2,963
10/26/2019 15:13,datasets/dataset_cropped/10_Metas/26/15/20191026151300_00160.jpg,datasets_flow/dataset_cropped/10_Metas/26/15/20191026151300_00160.jpg,datasets_cloudmask/dataset_cropped/10_Metas/26/15/20191026151300_00160.png,519.5,901,56.8,24.2,963
10/26/2019 15:14,datasets/dataset_cropped/10_Metas/26/15/20191026151400_00160.jpg,datasets_flow/dataset_cropped/10_Metas/26/15/20191026151400_00160.jpg,datasets_cloudmask/dataset_cropped/10_Metas/26/15/20191026151400_00160.png,517.4,900,56.9,24.3,963
10/26/2019 15:15,datasets/dataset_cropped/10_Metas/26/15/20191026151500_00160.jpg,datasets_flow/dataset_cropped/10_Metas/26/15/20191026151500_00160.jpg,datasets_cloudmask/dataset_cropped/10_Metas/26/15/20191026151500_00160.png,514.9,899,56.7,24.4,963
10/26/2019 15:16,datasets/dataset_cropped/10_Metas/26/15/20191026151600_00160.jpg,datasets_flow/dataset_cropped/10_Metas/26/15/20191026151600_00160.jpg,datasets_cloudmask/dataset_cropped/10_Metas/26/15/20191026151600_00160.png,512.5,898,56.6,24.5,963
10/26/2019 15:17,datasets/dataset_cropped/10_Metas/26/15/20191026151700_00160.jpg,datasets_flow/dataset_cropped/10_Metas/26/15/20191026151700_00160.jpg,datasets_cloudmask/dataset_cropped/10_Metas/26/15/20191026151700_00160.png,509.9,896,56.4,24.8,963
10/26/2019 15:18,datasets/dataset_cropped/10_Metas/26/15/20191026151800_00160.jpg,datasets_flow/dataset_cropped/10_Metas/26/15/20191026151800_00160.jpg,datasets_cloudmask/dataset_cropped/10_Metas/26/15/20191026151800_00160.png,507.4,895,56.4,24.7,963
10/26/2019 15:19,datasets/dataset_cropped/10_Metas/26/15/20191026151900_00160.jpg,datasets_flow/dataset_cropped/10_Metas/26/15/20191026151900_00160.jpg,datasets_cloudmask/dataset_cropped/10_Metas/26/15/20191026151900_00160.png,504.6,893,56.3,24.3,963
10/26/2019 15:20,datasets/dataset_cropped/10_Metas/26/15/20191026152000_00160.jpg,datasets_flow/dataset_cropped/10_Metas/26/15/20191026152000_00160.jpg,datasets_cloudmask/dataset_cropped/10_Metas/26/15/20191026152000_00160.png,502,891,56.1,24.2,963
10/26/2019 15:21,datasets/dataset_cropped/10_Metas/26/15/20191026152100_00160.jpg,datasets_flow/dataset_cropped/10_Metas/26/15/20191026152100_00160.jpg,datasets_cloudmask/dataset_cropped/10_Metas/26/15/20191026152100_00160.png,499.3,890,56,24.2,963
10/26/2019 15:22,datasets/dataset_cropped/10_Metas/26/15/20191026152200_00160.jpg,datasets_flow/dataset_cropped/10_Metas/26/15/20191026152200_00160.jpg,datasets_cloudmask/dataset_cropped/10_Metas/26/15/20191026152200_00160.png,496.9,889,55.9,24.3,963
10/26/2019 15:23,datasets/dataset_cropped/10_Metas/26/15/20191026152300_00160.jpg,datasets_flow/dataset_cropped/10_Metas/26/15/20191026152300_00160.jpg,datasets_cloudmask/dataset_cropped/10_Metas/26/15/20191026152300_00160.png,494.5,888,55.8,24.2,963
10/26/2019 15:24,datasets/dataset_cropped/10_Metas/26/15/20191026152400_00160.jpg,datasets_flow/dataset_cropped/10_Metas/26/15/20191026152400_00160.jpg,datasets_cloudmask/dataset_cropped/10_Metas/26/15/20191026152400_00160.png,492.3,887,55.7,24.1,963
10/26/2019 15:25,datasets/dataset_cropped/10_Metas/26/15/20191026152500_00160.jpg,datasets_flow/dataset_cropped/10_Metas/26/15/20191026152500_00160.jpg,datasets_cloudmask/dataset_cropped/10_Metas/26/15/20191026152500_00160.png,489.9,886,55.8,24,963
10/26/2019 15:26,datasets/dataset_cropped/10_Metas/26/15/20191026152600_00160.jpg,datasets_flow/dataset_cropped/10_Metas/26/15/20191026152600_00160.jpg,datasets_cloudmask/dataset_cropped/10_Metas/26/15/20191026152600_00160.png,487.4,885,55.8,24,963
10/26/2019 15:27,datasets/dataset_cropped/10_Metas/26/15/20191026152700_00160.jpg,datasets_flow/dataset_cropped/10_Metas/26/15/20191026152700_00160.jpg,datasets_cloudmask/dataset_cropped/10_Metas/26/15/20191026152700_00160.png,485,884,55.9,23.9,963
10/26/2019 15:28,datasets/dataset_cropped/10_Metas/26/15/20191026152800_00160.jpg,datasets_flow/dataset_cropped/10_Metas/26/15/20191026152800_00160.jpg,datasets_cloudmask/dataset_cropped/10_Metas/26/15/20191026152800_00160.png,482.4,883,55.7,23.8,963
10/26/2019 15:29,datasets/dataset_cropped/10_Metas/26/15/20191026152900_00160.jpg,datasets_flow/dataset_cropped/10_Metas/26/15/20191026152900_00160.jpg,datasets_cloudmask/dataset_cropped/10_Metas/26/15/20191026152900_00160.png,480.2,883,55.6,23.7,963
10/26/2019 15:30,datasets/dataset_cropped/10_Metas/26/15/20191026153000_00160.jpg,datasets_flow/dataset_cropped/10_Metas/26/15/20191026153000_00160.jpg,datasets_cloudmask/dataset_cropped/10_Metas/26/15/20191026153000_00160.png,477.8,882,55.5,23.6,963
10/26/2019 15:31,datasets/dataset_cropped/10_Metas/26/15/20191026153100_00160.jpg,datasets_flow/dataset_cropped/10_Metas/26/15/20191026153100_00160.jpg,datasets_cloudmask/dataset_cropped/10_Metas/26/15/20191026153100_00160.png,475.4,881,55.4,23.8,963
10/26/2019 15:32,datasets/dataset_cropped/10_Metas/26/15/20191026153200_00160.jpg,datasets_flow/dataset_cropped/10_Metas/26/15/20191026153200_00160.jpg,datasets_cloudmask/dataset_cropped/10_Metas/26/15/20191026153200_00160.png,472.5,880,55.2,23.9,963
10/26/2019 15:33,datasets/dataset_cropped/10_Metas/26/15/20191026153300_00160.jpg,datasets_flow/dataset_cropped/10_Metas/26/15/20191026153300_00160.jpg,datasets_cloudmask/dataset_cropped/10_Metas/26/15/20191026153300_00160.png,469.8,878,55.1,23.9,963
10/26/2019 15:34,datasets/dataset_cropped/10_Metas/26/15/20191026153400_00160.jpg,datasets_flow/dataset_cropped/10_Metas/26/15/20191026153400_00160.jpg,datasets_cloudmask/dataset_cropped/10_Metas/26/15/20191026153400_00160.png,467.2,877,55,23.8,963
10/26/2019 15:35,datasets/dataset_cropped/10_Metas/26/15/20191026153500_00160.jpg,datasets_flow/dataset_cropped/10_Metas/26/15/20191026153500_00160.jpg,datasets_cloudmask/dataset_cropped/10_Metas/26/15/20191026153500_00160.png,464.5,876,55,23.9,963
10/26/2019 15:36,datasets/dataset_cropped/10_Metas/26/15/20191026153600_00160.jpg,datasets_flow/dataset_cropped/10_Metas/26/15/20191026153600_00160.jpg,datasets_cloudmask/dataset_cropped/10_Metas/26/15/20191026153600_00160.png,461.8,874,54.6,23.9,963
10/26/2019 15:37,datasets/dataset_cropped/10_Metas/26/15/20191026153700_00160.jpg,datasets_flow/dataset_cropped/10_Metas/26/15/20191026153700_00160.jpg,datasets_cloudmask/dataset_cropped/10_Metas/26/15/20191026153700_00160.png,459.4,873,54.5,24,963
10/26/2019 15:38,datasets/dataset_cropped/10_Metas/26/15/20191026153800_00160.jpg,datasets_flow/dataset_cropped/10_Metas/26/15/20191026153800_00160.jpg,datasets_cloudmask/dataset_cropped/10_Metas/26/15/20191026153800_00160.png,456.9,872,54.7,24.1,963
10/26/2019 15:39,datasets/dataset_cropped/10_Metas/26/15/20191026153900_00160.jpg,datasets_flow/dataset_cropped/10_Metas/26/15/20191026153900_00160.jpg,datasets_cloudmask/dataset_cropped/10_Metas/26/15/20191026153900_00160.png,454,870,54.5,24.3,963
10/26/2019 15:40,datasets/dataset_cropped/10_Metas/26/15/20191026154000_00160.jpg,datasets_flow/dataset_cropped/10_Metas/26/15/20191026154000_00160.jpg,datasets_cloudmask/dataset_cropped/10_Metas/26/15/20191026154000_00160.png,451.3,869,54.3,24.1,963
10/26/2019 15:41,datasets/dataset_cropped/10_Metas/26/15/20191026154100_00160.jpg,datasets_flow/dataset_cropped/10_Metas/26/15/20191026154100_00160.jpg,datasets_cloudmask/dataset_cropped/10_Metas/26/15/20191026154100_00160.png,448.8,868,54.1,24,963
10/26/2019 15:42,datasets/dataset_cropped/10_Metas/26/15/20191026154200_00160.jpg,datasets_flow/dataset_cropped/10_Metas/26/15/20191026154200_00160.jpg,datasets_cloudmask/dataset_cropped/10_Metas/26/15/20191026154200_00160.png,446.3,867,54.1,24.1,963
10/26/2019 15:43,datasets/dataset_cropped/10_Metas/26/15/20191026154300_00160.jpg,datasets_flow/dataset_cropped/10_Metas/26/15/20191026154300_00160.jpg,datasets_cloudmask/dataset_cropped/10_Metas/26/15/20191026154300_00160.png,443.8,867,54,23.9,963
10/26/2019 15:44,datasets/dataset_cropped/10_Metas/26/15/20191026154400_00160.jpg,datasets_flow/dataset_cropped/10_Metas/26/15/20191026154400_00160.jpg,datasets_cloudmask/dataset_cropped/10_Metas/26/15/20191026154400_00160.png,441.1,865,53.9,23.9,963
10/26/2019 15:45,datasets/dataset_cropped/10_Metas/26/15/20191026154500_00160.jpg,datasets_flow/dataset_cropped/10_Metas/26/15/20191026154500_00160.jpg,datasets_cloudmask/dataset_cropped/10_Metas/26/15/20191026154500_00160.png,438.2,864,53.5,23.8,963
10/26/2019 15:46,datasets/dataset_cropped/10_Metas/26/15/20191026154600_00160.jpg,datasets_flow/dataset_cropped/10_Metas/26/15/20191026154600_00160.jpg,datasets_cloudmask/dataset_cropped/10_Metas/26/15/20191026154600_00160.png,435.6,862,53.4,23.6,963
10/26/2019 15:47,datasets/dataset_cropped/10_Metas/26/15/20191026154700_00160.jpg,datasets_flow/dataset_cropped/10_Metas/26/15/20191026154700_00160.jpg,datasets_cloudmask/dataset_cropped/10_Metas/26/15/20191026154700_00160.png,433,861,53.4,23.7,963
10/26/2019 15:48,datasets/dataset_cropped/10_Metas/26/15/20191026154800_00160.jpg,datasets_flow/dataset_cropped/10_Metas/26/15/20191026154800_00160.jpg,datasets_cloudmask/dataset_cropped/10_Metas/26/15/20191026154800_00160.png,430.5,860,53.5,23.7,963
10/26/2019 15:49,datasets/dataset_cropped/10_Metas/26/15/20191026154900_00160.jpg,datasets_flow/dataset_cropped/10_Metas/26/15/20191026154900_00160.jpg,datasets_cloudmask/dataset_cropped/10_Metas/26/15/20191026154900_00160.png,427.8,859,53.2,23.7,963
10/26/2019 15:50,datasets/dataset_cropped/10_Metas/26/15/20191026155000_00160.jpg,datasets_flow/dataset_cropped/10_Metas/26/15/20191026155000_00160.jpg,datasets_cloudmask/dataset_cropped/10_Metas/26/15/20191026155000_00160.png,424.8,857,53,23.5,963
10/26/2019 15:51,datasets/dataset_cropped/10_Metas/26/15/20191026155100_00160.jpg,datasets_flow/dataset_cropped/10_Metas/26/15/20191026155100_00160.jpg,datasets_cloudmask/dataset_cropped/10_Metas/26/15/20191026155100_00160.png,422,856,52.8,23.4,963
10/26/2019 15:52,datasets/dataset_cropped/10_Metas/26/15/20191026155200_00160.jpg,datasets_flow/dataset_cropped/10_Metas/26/15/20191026155200_00160.jpg,datasets_cloudmask/dataset_cropped/10_Metas/26/15/20191026155200_00160.png,419.3,854,52.8,23.4,963
10/26/2019 15:53,datasets/dataset_cropped/10_Metas/26/15/20191026155300_00160.jpg,datasets_flow/dataset_cropped/10_Metas/26/15/20191026155300_00160.jpg,datasets_cloudmask/dataset_cropped/10_Metas/26/15/20191026155300_00160.png,416.5,853,52.7,23.4,963
10/26/2019 15:54,datasets/dataset_cropped/10_Metas/26/15/20191026155400_00160.jpg,datasets_flow/dataset_cropped/10_Metas/26/15/20191026155400_00160.jpg,datasets_cloudmask/dataset_cropped/10_Metas/26/15/20191026155400_00160.png,413.8,852,52.5,23.5,963
10/26/2019 15:55,datasets/dataset_cropped/10_Metas/26/15/20191026155500_00160.jpg,datasets_flow/dataset_cropped/10_Metas/26/15/20191026155500_00160.jpg,datasets_cloudmask/dataset_cropped/10_Metas/26/15/20191026155500_00160.png,411.1,851,52.1,23.4,963
10/26/2019 15:56,datasets/dataset_cropped/10_Metas/26/15/20191026155600_00160.jpg,datasets_flow/dataset_cropped/10_Metas/26/15/20191026155600_00160.jpg,datasets_cloudmask/dataset_cropped/10_Metas/26/15/20191026155600_00160.png,408.4,849,51.9,23.3,963
10/26/2019 15:57,datasets/dataset_cropped/10_Metas/26/15/20191026155700_00160.jpg,datasets_flow/dataset_cropped/10_Metas/26/15/20191026155700_00160.jpg,datasets_cloudmask/dataset_cropped/10_Metas/26/15/20191026155700_00160.png,405.7,848,51.7,23.4,963
10/26/2019 15:58,datasets/dataset_cropped/10_Metas/26/15/20191026155800_00160.jpg,datasets_flow/dataset_cropped/10_Metas/26/15/20191026155800_00160.jpg,datasets_cloudmask/dataset_cropped/10_Metas/26/15/20191026155800_00160.png,403,846,51.7,23.4,963
10/26/2019 15:59,datasets/dataset_cropped/10_Metas/26/15/20191026155900_00160.jpg,datasets_flow/dataset_cropped/10_Metas/26/15/20191026155900_00160.jpg,datasets_cloudmask/dataset_cropped/10_Metas/26/15/20191026155900_00160.png,400.1,845,51.7,23.3,963
10/26/2019 16:00,datasets/dataset_cropped/10_Metas/26/16/20191026160000_00160.jpg,datasets_flow/dataset_cropped/10_Metas/26/16/20191026160000_00160.jpg,datasets_cloudmask/dataset_cropped/10_Metas/26/16/20191026160000_00160.png,397.3,844,51.6,23.3,963
10/26/2019 16:01,datasets/dataset_cropped/10_Metas/26/16/20191026160100_00160.jpg,datasets_flow/dataset_cropped/10_Metas/26/16/20191026160100_00160.jpg,datasets_cloudmask/dataset_cropped/10_Metas/26/16/20191026160100_00160.png,394.2,842,51.4,23.2,963
10/26/2019 16:02,datasets/dataset_cropped/10_Metas/26/16/20191026160200_00160.jpg,datasets_flow/dataset_cropped/10_Metas/26/16/20191026160200_00160.jpg,datasets_cloudmask/dataset_cropped/10_Metas/26/16/20191026160200_00160.png,391.1,840,51.1,23.1,963
10/26/2019 16:03,datasets/dataset_cropped/10_Metas/26/16/20191026160300_00160.jpg,datasets_flow/dataset_cropped/10_Metas/26/16/20191026160300_00160.jpg,datasets_cloudmask/dataset_cropped/10_Metas/26/16/20191026160300_00160.png,388,838,51.1,23.2,963
10/26/2019 16:04,datasets/dataset_cropped/10_Metas/26/16/20191026160400_00160.jpg,datasets_flow/dataset_cropped/10_Metas/26/16/20191026160400_00160.jpg,datasets_cloudmask/dataset_cropped/10_Metas/26/16/20191026160400_00160.png,385,835,51,23.3,963
10/26/2019 16:05,datasets/dataset_cropped/10_Metas/26/16/20191026160500_00160.jpg,datasets_flow/dataset_cropped/10_Metas/26/16/20191026160500_00160.jpg,datasets_cloudmask/dataset_cropped/10_Metas/26/16/20191026160500_00160.png,381.9,833,51,23.4,963
10/26/2019 16:06,datasets/dataset_cropped/10_Metas/26/16/20191026160600_00160.jpg,datasets_flow/dataset_cropped/10_Metas/26/16/20191026160600_00160.jpg,datasets_cloudmask/dataset_cropped/10_Metas/26/16/20191026160600_00160.png,379,832,50.9,23.4,963
10/26/2019 16:07,datasets/dataset_cropped/10_Metas/26/16/20191026160700_00160.jpg,datasets_flow/dataset_cropped/10_Metas/26/16/20191026160700_00160.jpg,datasets_cloudmask/dataset_cropped/10_Metas/26/16/20191026160700_00160.png,375.8,829,50.7,23.4,963
10/26/2019 16:08,datasets/dataset_cropped/10_Metas/26/16/20191026160800_00160.jpg,datasets_flow/dataset_cropped/10_Metas/26/16/20191026160800_00160.jpg,datasets_cloudmask/dataset_cropped/10_Metas/26/16/20191026160800_00160.png,372.8,827,50.6,23.3,963
10/26/2019 16:09,datasets/dataset_cropped/10_Metas/26/16/20191026160900_00160.jpg,datasets_flow/dataset_cropped/10_Metas/26/16/20191026160900_00160.jpg,datasets_cloudmask/dataset_cropped/10_Metas/26/16/20191026160900_00160.png,369.8,826,50.5,23.2,963
10/26/2019 16:10,datasets/dataset_cropped/10_Metas/26/16/20191026161000_00160.jpg,datasets_flow/dataset_cropped/10_Metas/26/16/20191026161000_00160.jpg,datasets_cloudmask/dataset_cropped/10_Metas/26/16/20191026161000_00160.png,366.7,824,50.3,23.3,963
10/26/2019 16:11,datasets/dataset_cropped/10_Metas/26/16/20191026161100_00160.jpg,datasets_flow/dataset_cropped/10_Metas/26/16/20191026161100_00160.jpg,datasets_cloudmask/dataset_cropped/10_Metas/26/16/20191026161100_00160.png,363.8,822,50,23.4,963
10/26/2019 16:12,datasets/dataset_cropped/10_Metas/26/16/20191026161200_00160.jpg,datasets_flow/dataset_cropped/10_Metas/26/16/20191026161200_00160.jpg,datasets_cloudmask/dataset_cropped/10_Metas/26/16/20191026161200_00160.png,361.1,821,50,23.5,963
10/26/2019 16:13,datasets/dataset_cropped/10_Metas/26/16/20191026161300_00160.jpg,datasets_flow/dataset_cropped/10_Metas/26/16/20191026161300_00160.jpg,datasets_cloudmask/dataset_cropped/10_Metas/26/16/20191026161300_00160.png,358.2,819,49.8,23.4,963
10/26/2019 16:14,datasets/dataset_cropped/10_Metas/26/16/20191026161400_00160.jpg,datasets_flow/dataset_cropped/10_Metas/26/16/20191026161400_00160.jpg,datasets_cloudmask/dataset_cropped/10_Metas/26/16/20191026161400_00160.png,355,817,49.7,23.4,963
10/26/2019 16:15,datasets/dataset_cropped/10_Metas/26/16/20191026161500_00160.jpg,datasets_flow/dataset_cropped/10_Metas/26/16/20191026161500_00160.jpg,datasets_cloudmask/dataset_cropped/10_Metas/26/16/20191026161500_00160.png,352,815,49.7,23.5,963
10/26/2019 16:16,datasets/dataset_cropped/10_Metas/26/16/20191026161600_00160.jpg,datasets_flow/dataset_cropped/10_Metas/26/16/20191026161600_00160.jpg,datasets_cloudmask/dataset_cropped/10_Metas/26/16/20191026161600_00160.png,349,813,49.4,23.4,963
10/26/2019 16:17,datasets/dataset_cropped/10_Metas/26/16/20191026161700_00160.jpg,datasets_flow/dataset_cropped/10_Metas/26/16/20191026161700_00160.jpg,datasets_cloudmask/dataset_cropped/10_Metas/26/16/20191026161700_00160.png,346.1,812,49.2,23.4,963
10/26/2019 16:18,datasets/dataset_cropped/10_Metas/26/16/20191026161800_00160.jpg,datasets_flow/dataset_cropped/10_Metas/26/16/20191026161800_00160.jpg,datasets_cloudmask/dataset_cropped/10_Metas/26/16/20191026161800_00160.png,343.2,810,49.1,23.5,963
10/26/2019 16:19,datasets/dataset_cropped/10_Metas/26/16/20191026161900_00160.jpg,datasets_flow/dataset_cropped/10_Metas/26/16/20191026161900_00160.jpg,datasets_cloudmask/dataset_cropped/10_Metas/26/16/20191026161900_00160.png,339.9,807,48.8,23.6,963
10/26/2019 16:20,datasets/dataset_cropped/10_Metas/26/16/20191026162000_00160.jpg,datasets_flow/dataset_cropped/10_Metas/26/16/20191026162000_00160.jpg,datasets_cloudmask/dataset_cropped/10_Metas/26/16/20191026162000_00160.png,336.9,806,48.7,23.6,963
10/26/2019 16:21,datasets/dataset_cropped/10_Metas/26/16/20191026162100_00160.jpg,datasets_flow/dataset_cropped/10_Metas/26/16/20191026162100_00160.jpg,datasets_cloudmask/dataset_cropped/10_Metas/26/16/20191026162100_00160.png,333.8,804,48.4,23.5,963
10/26/2019 16:22,datasets/dataset_cropped/10_Metas/26/16/20191026162200_00160.jpg,datasets_flow/dataset_cropped/10_Metas/26/16/20191026162200_00160.jpg,datasets_cloudmask/dataset_cropped/10_Metas/26/16/20191026162200_00160.png,330.9,801,48.2,23.6,963
10/26/2019 16:23,datasets/dataset_cropped/10_Metas/26/16/20191026162300_00160.jpg,datasets_flow/dataset_cropped/10_Metas/26/16/20191026162300_00160.jpg,datasets_cloudmask/dataset_cropped/10_Metas/26/16/20191026162300_00160.png,327.9,799.5,48.1,23.7,963
10/26/2019 16:24,datasets/dataset_cropped/10_Metas/26/16/20191026162400_00160.jpg,datasets_flow/dataset_cropped/10_Metas/26/16/20191026162400_00160.jpg,datasets_cloudmask/dataset_cropped/10_Metas/26/16/20191026162400_00160.png,325,797.8,48,23.5,963
10/26/2019 16:25,datasets/dataset_cropped/10_Metas/26/16/20191026162500_00160.jpg,datasets_flow/dataset_cropped/10_Metas/26/16/20191026162500_00160.jpg,datasets_cloudmask/dataset_cropped/10_Metas/26/16/20191026162500_00160.png,321.8,795.4,47.8,23.6,963
10/26/2019 16:26,datasets/dataset_cropped/10_Metas/26/16/20191026162600_00160.jpg,datasets_flow/dataset_cropped/10_Metas/26/16/20191026162600_00160.jpg,datasets_cloudmask/dataset_cropped/10_Metas/26/16/20191026162600_00160.png,318.5,793.2,47.6,23.4,963
10/26/2019 16:27,datasets/dataset_cropped/10_Metas/26/16/20191026162700_00160.jpg,datasets_flow/dataset_cropped/10_Metas/26/16/20191026162700_00160.jpg,datasets_cloudmask/dataset_cropped/10_Metas/26/16/20191026162700_00160.png,315.4,791.1,47.4,23.3,963
10/26/2019 16:28,datasets/dataset_cropped/10_Metas/26/16/20191026162800_00160.jpg,datasets_flow/dataset_cropped/10_Metas/26/16/20191026162800_00160.jpg,datasets_cloudmask/dataset_cropped/10_Metas/26/16/20191026162800_00160.png,312.3,788.9,47.2,23.3,963
10/26/2019 16:29,datasets/dataset_cropped/10_Metas/26/16/20191026162900_00160.jpg,datasets_flow/dataset_cropped/10_Metas/26/16/20191026162900_00160.jpg,datasets_cloudmask/dataset_cropped/10_Metas/26/16/20191026162900_00160.png,309.3,786.9,47,23.3,963
10/26/2019 16:30,datasets/dataset_cropped/10_Metas/26/16/20191026163000_00160.jpg,datasets_flow/dataset_cropped/10_Metas/26/16/20191026163000_00160.jpg,datasets_cloudmask/dataset_cropped/10_Metas/26/16/20191026163000_00160.png,306.2,784.9,46.8,23.2,963
10/26/2019 16:31,datasets/dataset_cropped/10_Metas/26/16/20191026163100_00160.jpg,datasets_flow/dataset_cropped/10_Metas/26/16/20191026163100_00160.jpg,datasets_cloudmask/dataset_cropped/10_Metas/26/16/20191026163100_00160.png,303.2,783.3,46.5,23.2,963
10/26/2019 16:32,datasets/dataset_cropped/10_Metas/26/16/20191026163200_00160.jpg,datasets_flow/dataset_cropped/10_Metas/26/16/20191026163200_00160.jpg,datasets_cloudmask/dataset_cropped/10_Metas/26/16/20191026163200_00160.png,300.2,781.3,46.3,23.2,963
10/26/2019 16:33,datasets/dataset_cropped/10_Metas/26/16/20191026163300_00160.jpg,datasets_flow/dataset_cropped/10_Metas/26/16/20191026163300_00160.jpg,datasets_cloudmask/dataset_cropped/10_Metas/26/16/20191026163300_00160.png,296.9,778.3,46.2,23.2,963
10/26/2019 16:34,datasets/dataset_cropped/10_Metas/26/16/20191026163400_00160.jpg,datasets_flow/dataset_cropped/10_Metas/26/16/20191026163400_00160.jpg,datasets_cloudmask/dataset_cropped/10_Metas/26/16/20191026163400_00160.png,293.6,775.7,45.9,23.2,963
10/26/2019 16:35,datasets/dataset_cropped/10_Metas/26/16/20191026163500_00160.jpg,datasets_flow/dataset_cropped/10_Metas/26/16/20191026163500_00160.jpg,datasets_cloudmask/dataset_cropped/10_Metas/26/16/20191026163500_00160.png,290.3,772.6,45.7,23.2,963
10/26/2019 16:36,datasets/dataset_cropped/10_Metas/26/16/20191026163600_00160.jpg,datasets_flow/dataset_cropped/10_Metas/26/16/20191026163600_00160.jpg,datasets_cloudmask/dataset_cropped/10_Metas/26/16/20191026163600_00160.png,287.1,769.8,45.5,23.1,963
10/26/2019 16:37,datasets/dataset_cropped/10_Metas/26/16/20191026163700_00160.jpg,datasets_flow/dataset_cropped/10_Metas/26/16/20191026163700_00160.jpg,datasets_cloudmask/dataset_cropped/10_Metas/26/16/20191026163700_00160.png,283.7,766.9,45.3,23.1,963
10/26/2019 16:38,datasets/dataset_cropped/10_Metas/26/16/20191026163800_00160.jpg,datasets_flow/dataset_cropped/10_Metas/26/16/20191026163800_00160.jpg,datasets_cloudmask/dataset_cropped/10_Metas/26/16/20191026163800_00160.png,280.6,764.3,45.1,23.1,963
10/26/2019 16:39,datasets/dataset_cropped/10_Metas/26/16/20191026163900_00160.jpg,datasets_flow/dataset_cropped/10_Metas/26/16/20191026163900_00160.jpg,datasets_cloudmask/dataset_cropped/10_Metas/26/16/20191026163900_00160.png,277.4,761.4,44.9,23.1,963
10/26/2019 16:40,datasets/dataset_cropped/10_Metas/26/16/20191026164000_00160.jpg,datasets_flow/dataset_cropped/10_Metas/26/16/20191026164000_00160.jpg,datasets_cloudmask/dataset_cropped/10_Metas/26/16/20191026164000_00160.png,274.1,758.3,44.8,23.1,963
10/26/2019 16:41,datasets/dataset_cropped/10_Metas/26/16/20191026164100_00160.jpg,datasets_flow/dataset_cropped/10_Metas/26/16/20191026164100_00160.jpg,datasets_cloudmask/dataset_cropped/10_Metas/26/16/20191026164100_00160.png,271,755.3,44.8,23.1,963
10/26/2019 16:42,datasets/dataset_cropped/10_Metas/26/16/20191026164200_00160.jpg,datasets_flow/dataset_cropped/10_Metas/26/16/20191026164200_00160.jpg,datasets_cloudmask/dataset_cropped/10_Metas/26/16/20191026164200_00160.png,267.9,753.2,44.4,23,963
10/26/2019 16:43,datasets/dataset_cropped/10_Metas/26/16/20191026164300_00160.jpg,datasets_flow/dataset_cropped/10_Metas/26/16/20191026164300_00160.jpg,datasets_cloudmask/dataset_cropped/10_Metas/26/16/20191026164300_00160.png,264.7,750.4,44,23.1,963
10/26/2019 16:44,datasets/dataset_cropped/10_Metas/26/16/20191026164400_00160.jpg,datasets_flow/dataset_cropped/10_Metas/26/16/20191026164400_00160.jpg,datasets_cloudmask/dataset_cropped/10_Metas/26/16/20191026164400_00160.png,261.6,747.4,43.9,23.1,963
10/26/2019 16:45,datasets/dataset_cropped/10_Metas/26/16/20191026164500_00160.jpg,datasets_flow/dataset_cropped/10_Metas/26/16/20191026164500_00160.jpg,datasets_cloudmask/dataset_cropped/10_Metas/26/16/20191026164500_00160.png,258.6,745.2,43.6,23.1,963
10/26/2019 16:46,datasets/dataset_cropped/10_Metas/26/16/20191026164600_00160.jpg,datasets_flow/dataset_cropped/10_Metas/26/16/20191026164600_00160.jpg,datasets_cloudmask/dataset_cropped/10_Metas/26/16/20191026164600_00160.png,255.5,742.9,43.4,23.1,963
10/26/2019 16:47,datasets/dataset_cropped/10_Metas/26/16/20191026164700_00160.jpg,datasets_flow/dataset_cropped/10_Metas/26/16/20191026164700_00160.jpg,datasets_cloudmask/dataset_cropped/10_Metas/26/16/20191026164700_00160.png,252.2,739.5,43.1,23.1,963
10/26/2019 16:48,datasets/dataset_cropped/10_Metas/26/16/20191026164800_00160.jpg,datasets_flow/dataset_cropped/10_Metas/26/16/20191026164800_00160.jpg,datasets_cloudmask/dataset_cropped/10_Metas/26/16/20191026164800_00160.png,249.1,736.8,42.9,23.1,963
10/26/2019 16:49,datasets/dataset_cropped/10_Metas/26/16/20191026164900_00160.jpg,datasets_flow/dataset_cropped/10_Metas/26/16/20191026164900_00160.jpg,datasets_cloudmask/dataset_cropped/10_Metas/26/16/20191026164900_00160.png,245.9,734,42.6,23,963
10/26/2019 16:50,datasets/dataset_cropped/10_Metas/26/16/20191026165000_00160.jpg,datasets_flow/dataset_cropped/10_Metas/26/16/20191026165000_00160.jpg,datasets_cloudmask/dataset_cropped/10_Metas/26/16/20191026165000_00160.png,242.4,730.2,42.3,23,963
10/26/2019 16:51,datasets/dataset_cropped/10_Metas/26/16/20191026165100_00160.jpg,datasets_flow/dataset_cropped/10_Metas/26/16/20191026165100_00160.jpg,datasets_cloudmask/dataset_cropped/10_Metas/26/16/20191026165100_00160.png,239.3,727.4,42.2,23,963
10/26/2019 16:52,datasets/dataset_cropped/10_Metas/26/16/20191026165200_00160.jpg,datasets_flow/dataset_cropped/10_Metas/26/16/20191026165200_00160.jpg,datasets_cloudmask/dataset_cropped/10_Metas/26/16/20191026165200_00160.png,236,724.1,41.9,22.9,963
10/26/2019 16:53,datasets/dataset_cropped/10_Metas/26/16/20191026165300_00160.jpg,datasets_flow/dataset_cropped/10_Metas/26/16/20191026165300_00160.jpg,datasets_cloudmask/dataset_cropped/10_Metas/26/16/20191026165300_00160.png,232.9,721.1,41.5,22.9,963
10/26/2019 16:54,datasets/dataset_cropped/10_Metas/26/16/20191026165400_00160.jpg,datasets_flow/dataset_cropped/10_Metas/26/16/20191026165400_00160.jpg,datasets_cloudmask/dataset_cropped/10_Metas/26/16/20191026165400_00160.png,229.8,718.3,41.3,22.9,963
10/26/2019 16:55,datasets/dataset_cropped/10_Metas/26/16/20191026165500_00160.jpg,datasets_flow/dataset_cropped/10_Metas/26/16/20191026165500_00160.jpg,datasets_cloudmask/dataset_cropped/10_Metas/26/16/20191026165500_00160.png,226.5,715,40.9,22.9,963
10/26/2019 16:56,datasets/dataset_cropped/10_Metas/26/16/20191026165600_00160.jpg,datasets_flow/dataset_cropped/10_Metas/26/16/20191026165600_00160.jpg,datasets_cloudmask/dataset_cropped/10_Metas/26/16/20191026165600_00160.png,223.4,711.7,40.7,22.9,963
10/26/2019 16:57,datasets/dataset_cropped/10_Metas/26/16/20191026165700_00160.jpg,datasets_flow/dataset_cropped/10_Metas/26/16/20191026165700_00160.jpg,datasets_cloudmask/dataset_cropped/10_Metas/26/16/20191026165700_00160.png,220.4,708.9,40.5,22.9,963
10/26/2019 16:58,datasets/dataset_cropped/10_Metas/26/16/20191026165800_00160.jpg,datasets_flow/dataset_cropped/10_Metas/26/16/20191026165800_00160.jpg,datasets_cloudmask/dataset_cropped/10_Metas/26/16/20191026165800_00160.png,217.3,705.9,40.2,23,963
10/26/2019 16:59,datasets/dataset_cropped/10_Metas/26/16/20191026165900_00160.jpg,datasets_flow/dataset_cropped/10_Metas/26/16/20191026165900_00160.jpg,datasets_cloudmask/dataset_cropped/10_Metas/26/16/20191026165900_00160.png,214.1,702.2,39.8,23.1,963
10/26/2019 17:00,datasets/dataset_cropped/10_Metas/26/17/20191026170000_00160.jpg,datasets_flow/dataset_cropped/10_Metas/26/17/20191026170000_00160.jpg,datasets_cloudmask/dataset_cropped/10_Metas/26/17/20191026170000_00160.png,210.7,697.9,39.6,23,963
10/26/2019 17:01,datasets/dataset_cropped/10_Metas/26/17/20191026170100_00160.jpg,datasets_flow/dataset_cropped/10_Metas/26/17/20191026170100_00160.jpg,datasets_cloudmask/dataset_cropped/10_Metas/26/17/20191026170100_00160.png,207.5,694.3,39.3,22.9,963
10/26/2019 17:02,datasets/dataset_cropped/10_Metas/26/17/20191026170200_00160.jpg,datasets_flow/dataset_cropped/10_Metas/26/17/20191026170200_00160.jpg,datasets_cloudmask/dataset_cropped/10_Metas/26/17/20191026170200_00160.png,204.2,690.5,39,22.8,963
10/26/2019 17:03,datasets/dataset_cropped/10_Metas/26/17/20191026170300_00160.jpg,datasets_flow/dataset_cropped/10_Metas/26/17/20191026170300_00160.jpg,datasets_cloudmask/dataset_cropped/10_Metas/26/17/20191026170300_00160.png,200.9,686.2,38.7,22.8,963
10/26/2019 17:04,datasets/dataset_cropped/10_Metas/26/17/20191026170400_00160.jpg,datasets_flow/dataset_cropped/10_Metas/26/17/20191026170400_00160.jpg,datasets_cloudmask/dataset_cropped/10_Metas/26/17/20191026170400_00160.png,197.7,682.3,38.4,22.8,963
10/26/2019 17:05,datasets/dataset_cropped/10_Metas/26/17/20191026170500_00160.jpg,datasets_flow/dataset_cropped/10_Metas/26/17/20191026170500_00160.jpg,datasets_cloudmask/dataset_cropped/10_Metas/26/17/20191026170500_00160.png,194.5,672.3,38.1,22.7,963
10/26/2019 17:06,datasets/dataset_cropped/10_Metas/26/17/20191026170600_00160.jpg,datasets_flow/dataset_cropped/10_Metas/26/17/20191026170600_00160.jpg,datasets_cloudmask/dataset_cropped/10_Metas/26/17/20191026170600_00160.png,191.3,674.6,37.8,22.9,963
10/26/2019 17:07,datasets/dataset_cropped/10_Metas/26/17/20191026170700_00160.jpg,datasets_flow/dataset_cropped/10_Metas/26/17/20191026170700_00160.jpg,datasets_cloudmask/dataset_cropped/10_Metas/26/17/20191026170700_00160.png,188.1,670.4,37.6,23,963
10/26/2019 17:08,datasets/dataset_cropped/10_Metas/26/17/20191026170800_00160.jpg,datasets_flow/dataset_cropped/10_Metas/26/17/20191026170800_00160.jpg,datasets_cloudmask/dataset_cropped/10_Metas/26/17/20191026170800_00160.png,184.8,665.7,37.4,22.9,963
10/26/2019 17:09,datasets/dataset_cropped/10_Metas/26/17/20191026170900_00160.jpg,datasets_flow/dataset_cropped/10_Metas/26/17/20191026170900_00160.jpg,datasets_cloudmask/dataset_cropped/10_Metas/26/17/20191026170900_00160.png,181.4,660.9,37.1,22.7,963
10/26/2019 17:10,datasets/dataset_cropped/10_Metas/26/17/20191026171000_00160.jpg,datasets_flow/dataset_cropped/10_Metas/26/17/20191026171000_00160.jpg,datasets_cloudmask/dataset_cropped/10_Metas/26/17/20191026171000_00160.png,178.1,656.4,36.8,22.6,963
10/26/2019 17:11,datasets/dataset_cropped/10_Metas/26/17/20191026171100_00160.jpg,datasets_flow/dataset_cropped/10_Metas/26/17/20191026171100_00160.jpg,datasets_cloudmask/dataset_cropped/10_Metas/26/17/20191026171100_00160.png,174.7,651.7,36.4,22.6,963
10/26/2019 17:12,datasets/dataset_cropped/10_Metas/26/17/20191026171200_00160.jpg,datasets_flow/dataset_cropped/10_Metas/26/17/20191026171200_00160.jpg,datasets_cloudmask/dataset_cropped/10_Metas/26/17/20191026171200_00160.png,171.5,647.4,36,22.5,963
10/26/2019 17:13,datasets/dataset_cropped/10_Metas/26/17/20191026171300_00160.jpg,datasets_flow/dataset_cropped/10_Metas/26/17/20191026171300_00160.jpg,datasets_cloudmask/dataset_cropped/10_Metas/26/17/20191026171300_00160.png,168.3,643.1,35.7,22.5,963
10/26/2019 17:14,datasets/dataset_cropped/10_Metas/26/17/20191026171400_00160.jpg,datasets_flow/dataset_cropped/10_Metas/26/17/20191026171400_00160.jpg,datasets_cloudmask/dataset_cropped/10_Metas/26/17/20191026171400_00160.png,165.1,638.7,35.4,22.6,963
10/26/2019 17:15,datasets/dataset_cropped/10_Metas/26/17/20191026171500_00160.jpg,datasets_flow/dataset_cropped/10_Metas/26/17/20191026171500_00160.jpg,datasets_cloudmask/dataset_cropped/10_Metas/26/17/20191026171500_00160.png,161.8,633.7,35,22.5,963
10/26/2019 17:16,datasets/dataset_cropped/10_Metas/26/17/20191026171600_00160.jpg,datasets_flow/dataset_cropped/10_Metas/26/17/20191026171600_00160.jpg,datasets_cloudmask/dataset_cropped/10_Metas/26/17/20191026171600_00160.png,158.6,628.7,34.8,22.4,963
10/26/2019 17:17,datasets/dataset_cropped/10_Metas/26/17/20191026171700_00160.jpg,datasets_flow/dataset_cropped/10_Metas/26/17/20191026171700_00160.jpg,datasets_cloudmask/dataset_cropped/10_Metas/26/17/20191026171700_00160.png,155.5,624.4,34.5,22.4,963
10/26/2019 17:18,datasets/dataset_cropped/10_Metas/26/17/20191026171800_00160.jpg,datasets_flow/dataset_cropped/10_Metas/26/17/20191026171800_00160.jpg,datasets_cloudmask/dataset_cropped/10_Metas/26/17/20191026171800_00160.png,152.4,620.1,34.1,22.4,963
10/26/2019 17:19,datasets/dataset_cropped/10_Metas/26/17/20191026171900_00160.jpg,datasets_flow/dataset_cropped/10_Metas/26/17/20191026171900_00160.jpg,datasets_cloudmask/dataset_cropped/10_Metas/26/17/20191026171900_00160.png,149.3,615.9,33.8,22.3,963
10/26/2019 17:20,datasets/dataset_cropped/10_Metas/26/17/20191026172000_00160.jpg,datasets_flow/dataset_cropped/10_Metas/26/17/20191026172000_00160.jpg,datasets_cloudmask/dataset_cropped/10_Metas/26/17/20191026172000_00160.png,146.2,611,33.4,22.2,963
10/26/2019 17:21,datasets/dataset_cropped/10_Metas/26/17/20191026172100_00160.jpg,datasets_flow/dataset_cropped/10_Metas/26/17/20191026172100_00160.jpg,datasets_cloudmask/dataset_cropped/10_Metas/26/17/20191026172100_00160.png,142.9,605.4,33.1,22.1,963
10/26/2019 17:22,datasets/dataset_cropped/10_Metas/26/17/20191026172200_00160.jpg,datasets_flow/dataset_cropped/10_Metas/26/17/20191026172200_00160.jpg,datasets_cloudmask/dataset_cropped/10_Metas/26/17/20191026172200_00160.png,139.6,599.4,32.7,22.1,963
10/26/2019 17:23,datasets/dataset_cropped/10_Metas/26/17/20191026172300_00160.jpg,datasets_flow/dataset_cropped/10_Metas/26/17/20191026172300_00160.jpg,datasets_cloudmask/dataset_cropped/10_Metas/26/17/20191026172300_00160.png,136.4,593.4,32.4,22.1,963
10/26/2019 17:24,datasets/dataset_cropped/10_Metas/26/17/20191026172400_00160.jpg,datasets_flow/dataset_cropped/10_Metas/26/17/20191026172400_00160.jpg,datasets_cloudmask/dataset_cropped/10_Metas/26/17/20191026172400_00160.png,133.2,588,32,22.1,963
10/26/2019 17:25,datasets/dataset_cropped/10_Metas/26/17/20191026172500_00160.jpg,datasets_flow/dataset_cropped/10_Metas/26/17/20191026172500_00160.jpg,datasets_cloudmask/dataset_cropped/10_Metas/26/17/20191026172500_00160.png,130.1,582.3,31.6,22.1,963
10/26/2019 17:26,datasets/dataset_cropped/10_Metas/26/17/20191026172600_00160.jpg,datasets_flow/dataset_cropped/10_Metas/26/17/20191026172600_00160.jpg,datasets_cloudmask/dataset_cropped/10_Metas/26/17/20191026172600_00160.png,126.7,575.4,31.2,22.1,963
10/26/2019 17:27,datasets/dataset_cropped/10_Metas/26/17/20191026172700_00160.jpg,datasets_flow/dataset_cropped/10_Metas/26/17/20191026172700_00160.jpg,datasets_cloudmask/dataset_cropped/10_Metas/26/17/20191026172700_00160.png,123.6,569.7,30.8,22,963
10/26/2019 17:28,datasets/dataset_cropped/10_Metas/26/17/20191026172800_00160.jpg,datasets_flow/dataset_cropped/10_Metas/26/17/20191026172800_00160.jpg,datasets_cloudmask/dataset_cropped/10_Metas/26/17/20191026172800_00160.png,120.5,564,30.5,22,963
10/26/2019 17:29,datasets/dataset_cropped/10_Metas/26/17/20191026172900_00160.jpg,datasets_flow/dataset_cropped/10_Metas/26/17/20191026172900_00160.jpg,datasets_cloudmask/dataset_cropped/10_Metas/26/17/20191026172900_00160.png,117.3,557.3,30.1,21.9,963
10/26/2019 17:30,datasets/dataset_cropped/10_Metas/26/17/20191026173000_00160.jpg,datasets_flow/dataset_cropped/10_Metas/26/17/20191026173000_00160.jpg,datasets_cloudmask/dataset_cropped/10_Metas/26/17/20191026173000_00160.png,114.2,551.5,29.6,21.9,963
10/26/2019 17:31,datasets/dataset_cropped/10_Metas/26/17/20191026173100_00160.jpg,datasets_flow/dataset_cropped/10_Metas/26/17/20191026173100_00160.jpg,datasets_cloudmask/dataset_cropped/10_Metas/26/17/20191026173100_00160.png,111.2,545.6,29.1,21.9,963
10/26/2019 17:32,datasets/dataset_cropped/10_Metas/26/17/20191026173200_00160.jpg,datasets_flow/dataset_cropped/10_Metas/26/17/20191026173200_00160.jpg,datasets_cloudmask/dataset_cropped/10_Metas/26/17/20191026173200_00160.png,108.1,539.1,28.7,21.9,963
10/26/2019 17:33,datasets/dataset_cropped/10_Metas/26/17/20191026173300_00160.jpg,datasets_flow/dataset_cropped/10_Metas/26/17/20191026173300_00160.jpg,datasets_cloudmask/dataset_cropped/10_Metas/26/17/20191026173300_00160.png,104.9,531.6,28.3,21.8,963
10/26/2019 17:34,datasets/dataset_cropped/10_Metas/26/17/20191026173400_00160.jpg,datasets_flow/dataset_cropped/10_Metas/26/17/20191026173400_00160.jpg,datasets_cloudmask/dataset_cropped/10_Metas/26/17/20191026173400_00160.png,102,525.8,27.9,21.7,963
10/26/2019 17:35,datasets/dataset_cropped/10_Metas/26/17/20191026173500_00160.jpg,datasets_flow/dataset_cropped/10_Metas/26/17/20191026173500_00160.jpg,datasets_cloudmask/dataset_cropped/10_Metas/26/17/20191026173500_00160.png,99.1,519.8,27.4,21.7,963
10/26/2019 17:36,datasets/dataset_cropped/10_Metas/26/17/20191026173600_00160.jpg,datasets_flow/dataset_cropped/10_Metas/26/17/20191026173600_00160.jpg,datasets_cloudmask/dataset_cropped/10_Metas/26/17/20191026173600_00160.png,96.2,513.7,27,21.7,963
10/26/2019 17:37,datasets/dataset_cropped/10_Metas/26/17/20191026173700_00160.jpg,datasets_flow/dataset_cropped/10_Metas/26/17/20191026173700_00160.jpg,datasets_cloudmask/dataset_cropped/10_Metas/26/17/20191026173700_00160.png,93.3,507.1,26.6,21.7,963
10/26/2019 17:38,datasets/dataset_cropped/10_Metas/26/17/20191026173800_00160.jpg,datasets_flow/dataset_cropped/10_Metas/26/17/20191026173800_00160.jpg,datasets_cloudmask/dataset_cropped/10_Metas/26/17/20191026173800_00160.png,90.4,500.7,26.1,21.6,963
10/26/2019 17:39,datasets/dataset_cropped/10_Metas/26/17/20191026173900_00160.jpg,datasets_flow/dataset_cropped/10_Metas/26/17/20191026173900_00160.jpg,datasets_cloudmask/dataset_cropped/10_Metas/26/17/20191026173900_00160.png,87.5,494.2,25.7,21.6,963
10/26/2019 17:40,datasets/dataset_cropped/10_Metas/26/17/20191026174000_00160.jpg,datasets_flow/dataset_cropped/10_Metas/26/17/20191026174000_00160.jpg,datasets_cloudmask/dataset_cropped/10_Metas/26/17/20191026174000_00160.png,84.7,487.8,25.2,21.6,963
10/26/2019 17:41,datasets/dataset_cropped/10_Metas/26/17/20191026174100_00160.jpg,datasets_flow/dataset_cropped/10_Metas/26/17/20191026174100_00160.jpg,datasets_cloudmask/dataset_cropped/10_Metas/26/17/20191026174100_00160.png,81.8,480.1,24.7,21.5,963
10/26/2019 17:42,datasets/dataset_cropped/10_Metas/26/17/20191026174200_00160.jpg,datasets_flow/dataset_cropped/10_Metas/26/17/20191026174200_00160.jpg,datasets_cloudmask/dataset_cropped/10_Metas/26/17/20191026174200_00160.png,78.8,472,24.2,21.5,963
10/26/2019 17:43,datasets/dataset_cropped/10_Metas/26/17/20191026174300_00160.jpg,datasets_flow/dataset_cropped/10_Metas/26/17/20191026174300_00160.jpg,datasets_cloudmask/dataset_cropped/10_Metas/26/17/20191026174300_00160.png,75.8,463.3,23.7,21.5,963
10/26/2019 17:44,datasets/dataset_cropped/10_Metas/26/17/20191026174400_00160.jpg,datasets_flow/dataset_cropped/10_Metas/26/17/20191026174400_00160.jpg,datasets_cloudmask/dataset_cropped/10_Metas/26/17/20191026174400_00160.png,73,454.4,23.2,21.5,963
10/26/2019 17:45,datasets/dataset_cropped/10_Metas/26/17/20191026174500_00160.jpg,datasets_flow/dataset_cropped/10_Metas/26/17/20191026174500_00160.jpg,datasets_cloudmask/dataset_cropped/10_Metas/26/17/20191026174500_00160.png,70.1,445.5,22.7,21.4,963
10/26/2019 17:46,datasets/dataset_cropped/10_Metas/26/17/20191026174600_00160.jpg,datasets_flow/dataset_cropped/10_Metas/26/17/20191026174600_00160.jpg,datasets_cloudmask/dataset_cropped/10_Metas/26/17/20191026174600_00160.png,67.3,437.8,22.2,21.4,963
10/26/2019 17:47,datasets/dataset_cropped/10_Metas/26/17/20191026174700_00160.jpg,datasets_flow/dataset_cropped/10_Metas/26/17/20191026174700_00160.jpg,datasets_cloudmask/dataset_cropped/10_Metas/26/17/20191026174700_00160.png,64.6,429.1,21.7,21.3,963
10/26/2019 17:48,datasets/dataset_cropped/10_Metas/26/17/20191026174800_00160.jpg,datasets_flow/dataset_cropped/10_Metas/26/17/20191026174800_00160.jpg,datasets_cloudmask/dataset_cropped/10_Metas/26/17/20191026174800_00160.png,61.8,419.5,21.1,21.3,963
10/26/2019 17:49,datasets/dataset_cropped/10_Metas/26/17/20191026174900_00160.jpg,datasets_flow/dataset_cropped/10_Metas/26/17/20191026174900_00160.jpg,datasets_cloudmask/dataset_cropped/10_Metas/26/17/20191026174900_00160.png,58.9,409.4,20.6,21.2,963
10/26/2019 17:50,datasets/dataset_cropped/10_Metas/26/17/20191026175000_00160.jpg,datasets_flow/dataset_cropped/10_Metas/26/17/20191026175000_00160.jpg,datasets_cloudmask/dataset_cropped/10_Metas/26/17/20191026175000_00160.png,56.1,398.5,20.1,21.2,963
10/26/2019 17:51,datasets/dataset_cropped/10_Metas/26/17/20191026175100_00160.jpg,datasets_flow/dataset_cropped/10_Metas/26/17/20191026175100_00160.jpg,datasets_cloudmask/dataset_cropped/10_Metas/26/17/20191026175100_00160.png,53.5,389.6,19.5,21.1,963
10/26/2019 17:52,datasets/dataset_cropped/10_Metas/26/17/20191026175200_00160.jpg,datasets_flow/dataset_cropped/10_Metas/26/17/20191026175200_00160.jpg,datasets_cloudmask/dataset_cropped/10_Metas/26/17/20191026175200_00160.png,50.9,381,18.9,21.1,963
10/26/2019 17:53,datasets/dataset_cropped/10_Metas/26/17/20191026175300_00160.jpg,datasets_flow/dataset_cropped/10_Metas/26/17/20191026175300_00160.jpg,datasets_cloudmask/dataset_cropped/10_Metas/26/17/20191026175300_00160.png,48.4,371.4,18.4,21.1,963
10/26/2019 17:54,datasets/dataset_cropped/10_Metas/26/17/20191026175400_00160.jpg,datasets_flow/dataset_cropped/10_Metas/26/17/20191026175400_00160.jpg,datasets_cloudmask/dataset_cropped/10_Metas/26/17/20191026175400_00160.png,46,362.6,17.9,21.1,963
10/26/2019 17:55,datasets/dataset_cropped/10_Metas/26/17/20191026175500_00160.jpg,datasets_flow/dataset_cropped/10_Metas/26/17/20191026175500_00160.jpg,datasets_cloudmask/dataset_cropped/10_Metas/26/17/20191026175500_00160.png,43.5,352.7,17.3,21.1,963
10/26/2019 17:56,datasets/dataset_cropped/10_Metas/26/17/20191026175600_00160.jpg,datasets_flow/dataset_cropped/10_Metas/26/17/20191026175600_00160.jpg,datasets_cloudmask/dataset_cropped/10_Metas/26/17/20191026175600_00160.png,41.1,343.2,16.7,21.1,963
10/26/2019 17:57,datasets/dataset_cropped/10_Metas/26/17/20191026175700_00160.jpg,datasets_flow/dataset_cropped/10_Metas/26/17/20191026175700_00160.jpg,datasets_cloudmask/dataset_cropped/10_Metas/26/17/20191026175700_00160.png,38.7,332.9,16.1,21,963
10/26/2019 17:58,datasets/dataset_cropped/10_Metas/26/17/20191026175800_00160.jpg,datasets_flow/dataset_cropped/10_Metas/26/17/20191026175800_00160.jpg,datasets_cloudmask/dataset_cropped/10_Metas/26/17/20191026175800_00160.png,36.4,323,15.5,21,963
10/26/2019 17:59,datasets/dataset_cropped/10_Metas/26/17/20191026175900_00160.jpg,datasets_flow/dataset_cropped/10_Metas/26/17/20191026175900_00160.jpg,datasets_cloudmask/dataset_cropped/10_Metas/26/17/20191026175900_00160.png,34.1,311.1,14.9,21,963
10/26/2019 18:00,datasets/dataset_cropped/10_Metas/26/18/20191026180000_00160.jpg,datasets_flow/dataset_cropped/10_Metas/26/18/20191026180000_00160.jpg,datasets_cloudmask/dataset_cropped/10_Metas/26/18/20191026180000_00160.png,31.9,301.2,14.3,20.9,963
10/26/2019 18:01,datasets/dataset_cropped/10_Metas/26/18/20191026180100_00160.jpg,datasets_flow/dataset_cropped/10_Metas/26/18/20191026180100_00160.jpg,datasets_cloudmask/dataset_cropped/10_Metas/26/18/20191026180100_00160.png,29.7,288.7,13.6,20.9,963
10/26/2019 18:02,datasets/dataset_cropped/10_Metas/26/18/20191026180200_00160.jpg,datasets_flow/dataset_cropped/10_Metas/26/18/20191026180200_00160.jpg,datasets_cloudmask/dataset_cropped/10_Metas/26/18/20191026180200_00160.png,27.4,275.1,13,20.8,963
10/26/2019 18:03,datasets/dataset_cropped/10_Metas/26/18/20191026180300_00160.jpg,datasets_flow/dataset_cropped/10_Metas/26/18/20191026180300_00160.jpg,datasets_cloudmask/dataset_cropped/10_Metas/26/18/20191026180300_00160.png,25.2,260.4,12.4,20.7,963
10/26/2019 18:04,datasets/dataset_cropped/10_Metas/26/18/20191026180400_00160.jpg,datasets_flow/dataset_cropped/10_Metas/26/18/20191026180400_00160.jpg,datasets_cloudmask/dataset_cropped/10_Metas/26/18/20191026180400_00160.png,23.2,247.5,11.7,20.6,963
10/26/2019 18:05,datasets/dataset_cropped/10_Metas/26/18/20191026180500_00160.jpg,datasets_flow/dataset_cropped/10_Metas/26/18/20191026180500_00160.jpg,datasets_cloudmask/dataset_cropped/10_Metas/26/18/20191026180500_00160.png,21.2,234,11,20.6,963
10/26/2019 18:06,datasets/dataset_cropped/10_Metas/26/18/20191026180600_00160.jpg,datasets_flow/dataset_cropped/10_Metas/26/18/20191026180600_00160.jpg,datasets_cloudmask/dataset_cropped/10_Metas/26/18/20191026180600_00160.png,19.2,218.2,10.4,20.5,963
10/26/2019 18:07,datasets/dataset_cropped/10_Metas/26/18/20191026180700_00160.jpg,datasets_flow/dataset_cropped/10_Metas/26/18/20191026180700_00160.jpg,datasets_cloudmask/dataset_cropped/10_Metas/26/18/20191026180700_00160.png,17.4,202.3,9.8,20.4,963
10/26/2019 18:08,datasets/dataset_cropped/10_Metas/26/18/20191026180800_00160.jpg,datasets_flow/dataset_cropped/10_Metas/26/18/20191026180800_00160.jpg,datasets_cloudmask/dataset_cropped/10_Metas/26/18/20191026180800_00160.png,15.7,187.7,9.2,20.3,963
10/26/2019 18:09,datasets/dataset_cropped/10_Metas/26/18/20191026180900_00160.jpg,datasets_flow/dataset_cropped/10_Metas/26/18/20191026180900_00160.jpg,datasets_cloudmask/dataset_cropped/10_Metas/26/18/20191026180900_00160.png,14.1,174.4,8.6,20.3,963
10/26/2019 18:10,datasets/dataset_cropped/10_Metas/26/18/20191026181000_00160.jpg,datasets_flow/dataset_cropped/10_Metas/26/18/20191026181000_00160.jpg,datasets_cloudmask/dataset_cropped/10_Metas/26/18/20191026181000_00160.png,12.5,160.4,7.9,20.2,963
10/26/2019 18:11,datasets/dataset_cropped/10_Metas/26/18/20191026181100_00160.jpg,datasets_flow/dataset_cropped/10_Metas/26/18/20191026181100_00160.jpg,datasets_cloudmask/dataset_cropped/10_Metas/26/18/20191026181100_00160.png,10.2,107.2,7.3,20.1,963
10/26/2019 18:12,datasets/dataset_cropped/10_Metas/26/18/20191026181200_00160.jpg,datasets_flow/dataset_cropped/10_Metas/26/18/20191026181200_00160.jpg,datasets_cloudmask/dataset_cropped/10_Metas/26/18/20191026181200_00160.png,7.6,29.1,6.7,20,964
10/26/2019 18:13,datasets/dataset_cropped/10_Metas/26/18/20191026181300_00160.jpg,datasets_flow/dataset_cropped/10_Metas/26/18/20191026181300_00160.jpg,datasets_cloudmask/dataset_cropped/10_Metas/26/18/20191026181300_00160.png,6.3,0.1,6.1,19.9,963
10/26/2019 18:14,datasets/dataset_cropped/10_Metas/26/18/20191026181400_00160.jpg,datasets_flow/dataset_cropped/10_Metas/26/18/20191026181400_00160.jpg,datasets_cloudmask/dataset_cropped/10_Metas/26/18/20191026181400_00160.png,5.6,0,5.4,19.8,963
10/26/2019 18:15,datasets/dataset_cropped/10_Metas/26/18/20191026181500_00160.jpg,datasets_flow/dataset_cropped/10_Metas/26/18/20191026181500_00160.jpg,datasets_cloudmask/dataset_cropped/10_Metas/26/18/20191026181500_00160.png,5,0,4.8,19.7,964
10/26/2019 18:16,datasets/dataset_cropped/10_Metas/26/18/20191026181600_00160.jpg,datasets_flow/dataset_cropped/10_Metas/26/18/20191026181600_00160.jpg,datasets_cloudmask/dataset_cropped/10_Metas/26/18/20191026181600_00160.png,4.5,0,4.3,19.6,964
10/26/2019 18:17,datasets/dataset_cropped/10_Metas/26/18/20191026181700_00160.jpg,datasets_flow/dataset_cropped/10_Metas/26/18/20191026181700_00160.jpg,datasets_cloudmask/dataset_cropped/10_Metas/26/18/20191026181700_00160.png,3.9,0,3.7,19.4,964
10/27/2019 7:30,datasets/dataset_cropped/10_Metas/27/07/20191027073000_00160.jpg,datasets_flow/dataset_cropped/10_Metas/27/07/20191027073000_00160.jpg,datasets_cloudmask/dataset_cropped/10_Metas/27/07/20191027073000_00160.png,4.2,0,4.1,10.8,964
10/27/2019 7:31,datasets/dataset_cropped/10_Metas/27/07/20191027073100_00160.jpg,datasets_flow/dataset_cropped/10_Metas/27/07/20191027073100_00160.jpg,datasets_cloudmask/dataset_cropped/10_Metas/27/07/20191027073100_00160.png,4.8,0,4.4,10.7,964
10/27/2019 7:32,datasets/dataset_cropped/10_Metas/27/07/20191027073200_00160.jpg,datasets_flow/dataset_cropped/10_Metas/27/07/20191027073200_00160.jpg,datasets_cloudmask/dataset_cropped/10_Metas/27/07/20191027073200_00160.png,5.7,0,5.4,10.5,965
10/27/2019 7:33,datasets/dataset_cropped/10_Metas/27/07/20191027073300_00160.jpg,datasets_flow/dataset_cropped/10_Metas/27/07/20191027073300_00160.jpg,datasets_cloudmask/dataset_cropped/10_Metas/27/07/20191027073300_00160.png,6.4,0,6.2,10.4,965
10/27/2019 7:34,datasets/dataset_cropped/10_Metas/27/07/20191027073400_00160.jpg,datasets_flow/dataset_cropped/10_Metas/27/07/20191027073400_00160.jpg,datasets_cloudmask/dataset_cropped/10_Metas/27/07/20191027073400_00160.png,7.1,0,6.9,10.3,965
10/27/2019 7:35,datasets/dataset_cropped/10_Metas/27/07/20191027073500_00160.jpg,datasets_flow/dataset_cropped/10_Metas/27/07/20191027073500_00160.jpg,datasets_cloudmask/dataset_cropped/10_Metas/27/07/20191027073500_00160.png,7.9,2.5,7.7,10.3,965
10/27/2019 7:36,datasets/dataset_cropped/10_Metas/27/07/20191027073600_00160.jpg,datasets_flow/dataset_cropped/10_Metas/27/07/20191027073600_00160.jpg,datasets_cloudmask/dataset_cropped/10_Metas/27/07/20191027073600_00160.png,9.5,42.8,8.5,10.4,965
10/27/2019 7:37,datasets/dataset_cropped/10_Metas/27/07/20191027073700_00160.jpg,datasets_flow/dataset_cropped/10_Metas/27/07/20191027073700_00160.jpg,datasets_cloudmask/dataset_cropped/10_Metas/27/07/20191027073700_00160.png,12,118.2,9.3,10.6,965
10/27/2019 7:38,datasets/dataset_cropped/10_Metas/27/07/20191027073800_00160.jpg,datasets_flow/dataset_cropped/10_Metas/27/07/20191027073800_00160.jpg,datasets_cloudmask/dataset_cropped/10_Metas/27/07/20191027073800_00160.png,14.3,161.4,10.4,10.6,965
10/27/2019 7:39,datasets/dataset_cropped/10_Metas/27/07/20191027073900_00160.jpg,datasets_flow/dataset_cropped/10_Metas/27/07/20191027073900_00160.jpg,datasets_cloudmask/dataset_cropped/10_Metas/27/07/20191027073900_00160.png,16.1,175.4,11.4,10.6,965
10/27/2019 7:40,datasets/dataset_cropped/10_Metas/27/07/20191027074000_00160.jpg,datasets_flow/dataset_cropped/10_Metas/27/07/20191027074000_00160.jpg,datasets_cloudmask/dataset_cropped/10_Metas/27/07/20191027074000_00160.png,17.7,190.3,12.1,10.6,965
10/27/2019 7:41,datasets/dataset_cropped/10_Metas/27/07/20191027074100_00160.jpg,datasets_flow/dataset_cropped/10_Metas/27/07/20191027074100_00160.jpg,datasets_cloudmask/dataset_cropped/10_Metas/27/07/20191027074100_00160.png,19.3,205.6,12.5,10.7,965
10/27/2019 7:42,datasets/dataset_cropped/10_Metas/27/07/20191027074200_00160.jpg,datasets_flow/dataset_cropped/10_Metas/27/07/20191027074200_00160.jpg,datasets_cloudmask/dataset_cropped/10_Metas/27/07/20191027074200_00160.png,21.2,219.9,13.2,10.7,965
10/27/2019 7:43,datasets/dataset_cropped/10_Metas/27/07/20191027074300_00160.jpg,datasets_flow/dataset_cropped/10_Metas/27/07/20191027074300_00160.jpg,datasets_cloudmask/dataset_cropped/10_Metas/27/07/20191027074300_00160.png,23.2,234.8,14.1,10.8,965
10/27/2019 7:44,datasets/dataset_cropped/10_Metas/27/07/20191027074400_00160.jpg,datasets_flow/dataset_cropped/10_Metas/27/07/20191027074400_00160.jpg,datasets_cloudmask/dataset_cropped/10_Metas/27/07/20191027074400_00160.png,25.6,249.3,15.1,10.9,965
10/27/2019 7:45,datasets/dataset_cropped/10_Metas/27/07/20191027074500_00160.jpg,datasets_flow/dataset_cropped/10_Metas/27/07/20191027074500_00160.jpg,datasets_cloudmask/dataset_cropped/10_Metas/27/07/20191027074500_00160.png,27.8,262.4,16.1,10.9,965
10/27/2019 7:46,datasets/dataset_cropped/10_Metas/27/07/20191027074600_00160.jpg,datasets_flow/dataset_cropped/10_Metas/27/07/20191027074600_00160.jpg,datasets_cloudmask/dataset_cropped/10_Metas/27/07/20191027074600_00160.png,29.9,273.4,16.8,10.9,965
10/27/2019 7:47,datasets/dataset_cropped/10_Metas/27/07/20191027074700_00160.jpg,datasets_flow/dataset_cropped/10_Metas/27/07/20191027074700_00160.jpg,datasets_cloudmask/dataset_cropped/10_Metas/27/07/20191027074700_00160.png,32.2,285.6,17.7,11,965
10/27/2019 7:48,datasets/dataset_cropped/10_Metas/27/07/20191027074800_00160.jpg,datasets_flow/dataset_cropped/10_Metas/27/07/20191027074800_00160.jpg,datasets_cloudmask/dataset_cropped/10_Metas/27/07/20191027074800_00160.png,34.5,297.5,18.4,11.1,965
10/27/2019 7:49,datasets/dataset_cropped/10_Metas/27/07/20191027074900_00160.jpg,datasets_flow/dataset_cropped/10_Metas/27/07/20191027074900_00160.jpg,datasets_cloudmask/dataset_cropped/10_Metas/27/07/20191027074900_00160.png,36.8,308,19.2,11.2,965
10/27/2019 7:50,datasets/dataset_cropped/10_Metas/27/07/20191027075000_00160.jpg,datasets_flow/dataset_cropped/10_Metas/27/07/20191027075000_00160.jpg,datasets_cloudmask/dataset_cropped/10_Metas/27/07/20191027075000_00160.png,39.1,318.1,19.9,11.3,965
10/27/2019 7:51,datasets/dataset_cropped/10_Metas/27/07/20191027075100_00160.jpg,datasets_flow/dataset_cropped/10_Metas/27/07/20191027075100_00160.jpg,datasets_cloudmask/dataset_cropped/10_Metas/27/07/20191027075100_00160.png,41.4,328.8,20.6,11.4,965
10/27/2019 7:52,datasets/dataset_cropped/10_Metas/27/07/20191027075200_00160.jpg,datasets_flow/dataset_cropped/10_Metas/27/07/20191027075200_00160.jpg,datasets_cloudmask/dataset_cropped/10_Metas/27/07/20191027075200_00160.png,43.9,340,21.2,11.6,965
10/27/2019 7:53,datasets/dataset_cropped/10_Metas/27/07/20191027075300_00160.jpg,datasets_flow/dataset_cropped/10_Metas/27/07/20191027075300_00160.jpg,datasets_cloudmask/dataset_cropped/10_Metas/27/07/20191027075300_00160.png,46.4,352,21.9,11.7,965
10/27/2019 7:54,datasets/dataset_cropped/10_Metas/27/07/20191027075400_00160.jpg,datasets_flow/dataset_cropped/10_Metas/27/07/20191027075400_00160.jpg,datasets_cloudmask/dataset_cropped/10_Metas/27/07/20191027075400_00160.png,48.9,361.8,22.5,11.8,965
10/27/2019 7:55,datasets/dataset_cropped/10_Metas/27/07/20191027075500_00160.jpg,datasets_flow/dataset_cropped/10_Metas/27/07/20191027075500_00160.jpg,datasets_cloudmask/dataset_cropped/10_Metas/27/07/20191027075500_00160.png,51.4,371.6,23.1,11.9,965
10/27/2019 7:56,datasets/dataset_cropped/10_Metas/27/07/20191027075600_00160.jpg,datasets_flow/dataset_cropped/10_Metas/27/07/20191027075600_00160.jpg,datasets_cloudmask/dataset_cropped/10_Metas/27/07/20191027075600_00160.png,54.1,382.8,23.7,12,965
10/27/2019 7:57,datasets/dataset_cropped/10_Metas/27/07/20191027075700_00160.jpg,datasets_flow/dataset_cropped/10_Metas/27/07/20191027075700_00160.jpg,datasets_cloudmask/dataset_cropped/10_Metas/27/07/20191027075700_00160.png,56.8,394.4,24.3,12.1,965
10/27/2019 7:58,datasets/dataset_cropped/10_Metas/27/07/20191027075800_00160.jpg,datasets_flow/dataset_cropped/10_Metas/27/07/20191027075800_00160.jpg,datasets_cloudmask/dataset_cropped/10_Metas/27/07/20191027075800_00160.png,59.4,403.9,24.8,12.2,965
10/27/2019 7:59,datasets/dataset_cropped/10_Metas/27/07/20191027075900_00160.jpg,datasets_flow/dataset_cropped/10_Metas/27/07/20191027075900_00160.jpg,datasets_cloudmask/dataset_cropped/10_Metas/27/07/20191027075900_00160.png,62,412.7,25.3,12.3,965
10/27/2019 8:00,datasets/dataset_cropped/10_Metas/27/08/20191027080000_00160.jpg,datasets_flow/dataset_cropped/10_Metas/27/08/20191027080000_00160.jpg,datasets_cloudmask/dataset_cropped/10_Metas/27/08/20191027080000_00160.png,64.7,421.7,25.9,12.4,965
10/27/2019 8:01,datasets/dataset_cropped/10_Metas/27/08/20191027080100_00160.jpg,datasets_flow/dataset_cropped/10_Metas/27/08/20191027080100_00160.jpg,datasets_cloudmask/dataset_cropped/10_Metas/27/08/20191027080100_00160.png,67.3,430.4,26.3,12.6,965
10/27/2019 8:02,datasets/dataset_cropped/10_Metas/27/08/20191027080200_00160.jpg,datasets_flow/dataset_cropped/10_Metas/27/08/20191027080200_00160.jpg,datasets_cloudmask/dataset_cropped/10_Metas/27/08/20191027080200_00160.png,69.9,438,26.8,12.7,965
10/27/2019 8:03,datasets/dataset_cropped/10_Metas/27/08/20191027080300_00160.jpg,datasets_flow/dataset_cropped/10_Metas/27/08/20191027080300_00160.jpg,datasets_cloudmask/dataset_cropped/10_Metas/27/08/20191027080300_00160.png,72.6,446.1,27.3,12.8,965
10/27/2019 8:04,datasets/dataset_cropped/10_Metas/27/08/20191027080400_00160.jpg,datasets_flow/dataset_cropped/10_Metas/27/08/20191027080400_00160.jpg,datasets_cloudmask/dataset_cropped/10_Metas/27/08/20191027080400_00160.png,75.2,454.9,27.5,12.9,965
10/27/2019 8:05,datasets/dataset_cropped/10_Metas/27/08/20191027080500_00160.jpg,datasets_flow/dataset_cropped/10_Metas/27/08/20191027080500_00160.jpg,datasets_cloudmask/dataset_cropped/10_Metas/27/08/20191027080500_00160.png,78,463.8,27.9,13,965
10/27/2019 8:06,datasets/dataset_cropped/10_Metas/27/08/20191027080600_00160.jpg,datasets_flow/dataset_cropped/10_Metas/27/08/20191027080600_00160.jpg,datasets_cloudmask/dataset_cropped/10_Metas/27/08/20191027080600_00160.png,80.8,471.8,28.3,13.1,965
10/27/2019 8:07,datasets/dataset_cropped/10_Metas/27/08/20191027080700_00160.jpg,datasets_flow/dataset_cropped/10_Metas/27/08/20191027080700_00160.jpg,datasets_cloudmask/dataset_cropped/10_Metas/27/08/20191027080700_00160.png,83.8,480.7,28.7,13.2,965
10/27/2019 8:08,datasets/dataset_cropped/10_Metas/27/08/20191027080800_00160.jpg,datasets_flow/dataset_cropped/10_Metas/27/08/20191027080800_00160.jpg,datasets_cloudmask/dataset_cropped/10_Metas/27/08/20191027080800_00160.png,86.7,489,29.1,13.2,965
10/27/2019 8:09,datasets/dataset_cropped/10_Metas/27/08/20191027080900_00160.jpg,datasets_flow/dataset_cropped/10_Metas/27/08/20191027080900_00160.jpg,datasets_cloudmask/dataset_cropped/10_Metas/27/08/20191027080900_00160.png,89.5,495.5,29.6,13.3,965
10/27/2019 8:10,datasets/dataset_cropped/10_Metas/27/08/20191027081000_00160.jpg,datasets_flow/dataset_cropped/10_Metas/27/08/20191027081000_00160.jpg,datasets_cloudmask/dataset_cropped/10_Metas/27/08/20191027081000_00160.png,92.3,501.9,30.1,13.3,965
10/27/2019 8:11,datasets/dataset_cropped/10_Metas/27/08/20191027081100_00160.jpg,datasets_flow/dataset_cropped/10_Metas/27/08/20191027081100_00160.jpg,datasets_cloudmask/dataset_cropped/10_Metas/27/08/20191027081100_00160.png,95.3,509.3,30.6,13.3,965
10/27/2019 8:12,datasets/dataset_cropped/10_Metas/27/08/20191027081200_00160.jpg,datasets_flow/dataset_cropped/10_Metas/27/08/20191027081200_00160.jpg,datasets_cloudmask/dataset_cropped/10_Metas/27/08/20191027081200_00160.png,98.4,516.2,31.2,13.3,965
10/27/2019 8:13,datasets/dataset_cropped/10_Metas/27/08/20191027081300_00160.jpg,datasets_flow/dataset_cropped/10_Metas/27/08/20191027081300_00160.jpg,datasets_cloudmask/dataset_cropped/10_Metas/27/08/20191027081300_00160.png,101.4,523.5,31.9,13.3,965
10/27/2019 8:14,datasets/dataset_cropped/10_Metas/27/08/20191027081400_00160.jpg,datasets_flow/dataset_cropped/10_Metas/27/08/20191027081400_00160.jpg,datasets_cloudmask/dataset_cropped/10_Metas/27/08/20191027081400_00160.png,104.5,530.1,32.3,13.3,965
10/27/2019 8:15,datasets/dataset_cropped/10_Metas/27/08/20191027081500_00160.jpg,datasets_flow/dataset_cropped/10_Metas/27/08/20191027081500_00160.jpg,datasets_cloudmask/dataset_cropped/10_Metas/27/08/20191027081500_00160.png,107.5,537.1,32.8,13.4,965
10/27/2019 8:16,datasets/dataset_cropped/10_Metas/27/08/20191027081600_00160.jpg,datasets_flow/dataset_cropped/10_Metas/27/08/20191027081600_00160.jpg,datasets_cloudmask/dataset_cropped/10_Metas/27/08/20191027081600_00160.png,110.4,544,33.1,13.5,965
10/27/2019 8:17,datasets/dataset_cropped/10_Metas/27/08/20191027081700_00160.jpg,datasets_flow/dataset_cropped/10_Metas/27/08/20191027081700_00160.jpg,datasets_cloudmask/dataset_cropped/10_Metas/27/08/20191027081700_00160.png,113.5,550.9,33.4,13.5,965
10/27/2019 8:18,datasets/dataset_cropped/10_Metas/27/08/20191027081800_00160.jpg,datasets_flow/dataset_cropped/10_Metas/27/08/20191027081800_00160.jpg,datasets_cloudmask/dataset_cropped/10_Metas/27/08/20191027081800_00160.png,116.4,557,33.7,13.7,965
10/27/2019 8:19,datasets/dataset_cropped/10_Metas/27/08/20191027081900_00160.jpg,datasets_flow/dataset_cropped/10_Metas/27/08/20191027081900_00160.jpg,datasets_cloudmask/dataset_cropped/10_Metas/27/08/20191027081900_00160.png,119.3,562.1,34.1,13.8,965
10/27/2019 8:20,datasets/dataset_cropped/10_Metas/27/08/20191027082000_00160.jpg,datasets_flow/dataset_cropped/10_Metas/27/08/20191027082000_00160.jpg,datasets_cloudmask/dataset_cropped/10_Metas/27/08/20191027082000_00160.png,122.4,568.5,34.4,13.9,965
10/27/2019 8:21,datasets/dataset_cropped/10_Metas/27/08/20191027082100_00160.jpg,datasets_flow/dataset_cropped/10_Metas/27/08/20191027082100_00160.jpg,datasets_cloudmask/dataset_cropped/10_Metas/27/08/20191027082100_00160.png,125.4,573.7,34.8,14,965
10/27/2019 8:22,datasets/dataset_cropped/10_Metas/27/08/20191027082200_00160.jpg,datasets_flow/dataset_cropped/10_Metas/27/08/20191027082200_00160.jpg,datasets_cloudmask/dataset_cropped/10_Metas/27/08/20191027082200_00160.png,128.6,579,35.2,14.1,965
10/27/2019 8:23,datasets/dataset_cropped/10_Metas/27/08/20191027082300_00160.jpg,datasets_flow/dataset_cropped/10_Metas/27/08/20191027082300_00160.jpg,datasets_cloudmask/dataset_cropped/10_Metas/27/08/20191027082300_00160.png,131.8,584.3,35.5,14.2,965
10/27/2019 8:24,datasets/dataset_cropped/10_Metas/27/08/20191027082400_00160.jpg,datasets_flow/dataset_cropped/10_Metas/27/08/20191027082400_00160.jpg,datasets_cloudmask/dataset_cropped/10_Metas/27/08/20191027082400_00160.png,134.8,589.9,35.9,14.4,965
10/27/2019 8:25,datasets/dataset_cropped/10_Metas/27/08/20191027082500_00160.jpg,datasets_flow/dataset_cropped/10_Metas/27/08/20191027082500_00160.jpg,datasets_cloudmask/dataset_cropped/10_Metas/27/08/20191027082500_00160.png,137.4,592.8,36.3,14.4,965
10/27/2019 8:26,datasets/dataset_cropped/10_Metas/27/08/20191027082600_00160.jpg,datasets_flow/dataset_cropped/10_Metas/27/08/20191027082600_00160.jpg,datasets_cloudmask/dataset_cropped/10_Metas/27/08/20191027082600_00160.png,136.6,576.4,36.6,14.6,965
10/27/2019 8:27,datasets/dataset_cropped/10_Metas/27/08/20191027082700_00160.jpg,datasets_flow/dataset_cropped/10_Metas/27/08/20191027082700_00160.jpg,datasets_cloudmask/dataset_cropped/10_Metas/27/08/20191027082700_00160.png,141.7,593.2,37,14.7,965
10/27/2019 8:28,datasets/dataset_cropped/10_Metas/27/08/20191027082800_00160.jpg,datasets_flow/dataset_cropped/10_Metas/27/08/20191027082800_00160.jpg,datasets_cloudmask/dataset_cropped/10_Metas/27/08/20191027082800_00160.png,146.1,605,37.4,14.8,965
10/27/2019 8:29,datasets/dataset_cropped/10_Metas/27/08/20191027082900_00160.jpg,datasets_flow/dataset_cropped/10_Metas/27/08/20191027082900_00160.jpg,datasets_cloudmask/dataset_cropped/10_Metas/27/08/20191027082900_00160.png,148.8,607.3,37.8,14.8,965
10/27/2019 8:30,datasets/dataset_cropped/10_Metas/27/08/20191027083000_00160.jpg,datasets_flow/dataset_cropped/10_Metas/27/08/20191027083000_00160.jpg,datasets_cloudmask/dataset_cropped/10_Metas/27/08/20191027083000_00160.png,151.4,609.3,38.2,14.9,965
10/27/2019 8:31,datasets/dataset_cropped/10_Metas/27/08/20191027083100_00160.jpg,datasets_flow/dataset_cropped/10_Metas/27/08/20191027083100_00160.jpg,datasets_cloudmask/dataset_cropped/10_Metas/27/08/20191027083100_00160.png,147,574.6,38.6,15,965
10/27/2019 8:32,datasets/dataset_cropped/10_Metas/27/08/20191027083200_00160.jpg,datasets_flow/dataset_cropped/10_Metas/27/08/20191027083200_00160.jpg,datasets_cloudmask/dataset_cropped/10_Metas/27/08/20191027083200_00160.png,146.5,559.6,39,15.1,965
10/27/2019 8:33,datasets/dataset_cropped/10_Metas/27/08/20191027083300_00160.jpg,datasets_flow/dataset_cropped/10_Metas/27/08/20191027083300_00160.jpg,datasets_cloudmask/dataset_cropped/10_Metas/27/08/20191027083300_00160.png,160.2,618.9,39.6,15.1,965
10/27/2019 8:34,datasets/dataset_cropped/10_Metas/27/08/20191027083400_00160.jpg,datasets_flow/dataset_cropped/10_Metas/27/08/20191027083400_00160.jpg,datasets_cloudmask/dataset_cropped/10_Metas/27/08/20191027083400_00160.png,164.3,628.5,39.8,15.2,965
10/27/2019 8:35,datasets/dataset_cropped/10_Metas/27/08/20191027083500_00160.jpg,datasets_flow/dataset_cropped/10_Metas/27/08/20191027083500_00160.jpg,datasets_cloudmask/dataset_cropped/10_Metas/27/08/20191027083500_00160.png,167.3,632.6,40.1,15.4,965
10/27/2019 8:36,datasets/dataset_cropped/10_Metas/27/08/20191027083600_00160.jpg,datasets_flow/dataset_cropped/10_Metas/27/08/20191027083600_00160.jpg,datasets_cloudmask/dataset_cropped/10_Metas/27/08/20191027083600_00160.png,163.2,602.8,40.3,15.4,965
10/27/2019 8:37,datasets/dataset_cropped/10_Metas/27/08/20191027083700_00160.jpg,datasets_flow/dataset_cropped/10_Metas/27/08/20191027083700_00160.jpg,datasets_cloudmask/dataset_cropped/10_Metas/27/08/20191027083700_00160.png,163.1,591.2,40.7,15.5,965
10/27/2019 8:38,datasets/dataset_cropped/10_Metas/27/08/20191027083800_00160.jpg,datasets_flow/dataset_cropped/10_Metas/27/08/20191027083800_00160.jpg,datasets_cloudmask/dataset_cropped/10_Metas/27/08/20191027083800_00160.png,170.4,615,41.1,15.5,965
10/27/2019 8:39,datasets/dataset_cropped/10_Metas/27/08/20191027083900_00160.jpg,datasets_flow/dataset_cropped/10_Metas/27/08/20191027083900_00160.jpg,datasets_cloudmask/dataset_cropped/10_Metas/27/08/20191027083900_00160.png,178,640.2,41.5,15.5,965
10/27/2019 8:40,datasets/dataset_cropped/10_Metas/27/08/20191027084000_00160.jpg,datasets_flow/dataset_cropped/10_Metas/27/08/20191027084000_00160.jpg,datasets_cloudmask/dataset_cropped/10_Metas/27/08/20191027084000_00160.png,182.3,650.2,41.8,15.5,965
10/27/2019 8:41,datasets/dataset_cropped/10_Metas/27/08/20191027084100_00160.jpg,datasets_flow/dataset_cropped/10_Metas/27/08/20191027084100_00160.jpg,datasets_cloudmask/dataset_cropped/10_Metas/27/08/20191027084100_00160.png,184.9,651.8,42,15.4,965
10/27/2019 8:42,datasets/dataset_cropped/10_Metas/27/08/20191027084200_00160.jpg,datasets_flow/dataset_cropped/10_Metas/27/08/20191027084200_00160.jpg,datasets_cloudmask/dataset_cropped/10_Metas/27/08/20191027084200_00160.png,182,629.8,42.2,15.2,965
10/27/2019 8:43,datasets/dataset_cropped/10_Metas/27/08/20191027084300_00160.jpg,datasets_flow/dataset_cropped/10_Metas/27/08/20191027084300_00160.jpg,datasets_cloudmask/dataset_cropped/10_Metas/27/08/20191027084300_00160.png,179.4,609.2,42.2,15.3,965
10/27/2019 8:44,datasets/dataset_cropped/10_Metas/27/08/20191027084400_00160.jpg,datasets_flow/dataset_cropped/10_Metas/27/08/20191027084400_00160.jpg,datasets_cloudmask/dataset_cropped/10_Metas/27/08/20191027084400_00160.png,165.6,541.1,42.3,15.3,965
10/27/2019 8:45,datasets/dataset_cropped/10_Metas/27/08/20191027084500_00160.jpg,datasets_flow/dataset_cropped/10_Metas/27/08/20191027084500_00160.jpg,datasets_cloudmask/dataset_cropped/10_Metas/27/08/20191027084500_00160.png,182,602.2,42.7,15.4,965
10/27/2019 8:46,datasets/dataset_cropped/10_Metas/27/08/20191027084600_00160.jpg,datasets_flow/dataset_cropped/10_Metas/27/08/20191027084600_00160.jpg,datasets_cloudmask/dataset_cropped/10_Metas/27/08/20191027084600_00160.png,188.4,620.6,43,15.5,965
10/27/2019 8:47,datasets/dataset_cropped/10_Metas/27/08/20191027084700_00160.jpg,datasets_flow/dataset_cropped/10_Metas/27/08/20191027084700_00160.jpg,datasets_cloudmask/dataset_cropped/10_Metas/27/08/20191027084700_00160.png,188.7,613.1,43.2,15.6,965
10/27/2019 8:48,datasets/dataset_cropped/10_Metas/27/08/20191027084800_00160.jpg,datasets_flow/dataset_cropped/10_Metas/27/08/20191027084800_00160.jpg,datasets_cloudmask/dataset_cropped/10_Metas/27/08/20191027084800_00160.png,184.8,588.3,43.4,15.6,965
10/27/2019 8:49,datasets/dataset_cropped/10_Metas/27/08/20191027084900_00160.jpg,datasets_flow/dataset_cropped/10_Metas/27/08/20191027084900_00160.jpg,datasets_cloudmask/dataset_cropped/10_Metas/27/08/20191027084900_00160.png,185.8,583.8,43.8,15.7,965
10/27/2019 8:50,datasets/dataset_cropped/10_Metas/27/08/20191027085000_00160.jpg,datasets_flow/dataset_cropped/10_Metas/27/08/20191027085000_00160.jpg,datasets_cloudmask/dataset_cropped/10_Metas/27/08/20191027085000_00160.png,185.3,573.8,44.1,15.7,965
10/27/2019 8:51,datasets/dataset_cropped/10_Metas/27/08/20191027085100_00160.jpg,datasets_flow/dataset_cropped/10_Metas/27/08/20191027085100_00160.jpg,datasets_cloudmask/dataset_cropped/10_Metas/27/08/20191027085100_00160.png,192,591.2,44.8,15.7,965
10/27/2019 8:52,datasets/dataset_cropped/10_Metas/27/08/20191027085200_00160.jpg,datasets_flow/dataset_cropped/10_Metas/27/08/20191027085200_00160.jpg,datasets_cloudmask/dataset_cropped/10_Metas/27/08/20191027085200_00160.png,209.8,652.1,45.5,15.7,965
10/27/2019 8:53,datasets/dataset_cropped/10_Metas/27/08/20191027085300_00160.jpg,datasets_flow/dataset_cropped/10_Metas/27/08/20191027085300_00160.jpg,datasets_cloudmask/dataset_cropped/10_Metas/27/08/20191027085300_00160.png,212.6,654.1,46,15.8,965
10/27/2019 8:54,datasets/dataset_cropped/10_Metas/27/08/20191027085400_00160.jpg,datasets_flow/dataset_cropped/10_Metas/27/08/20191027085400_00160.jpg,datasets_cloudmask/dataset_cropped/10_Metas/27/08/20191027085400_00160.png,220.7,676.4,46.6,16,965
10/27/2019 8:55,datasets/dataset_cropped/10_Metas/27/08/20191027085500_00160.jpg,datasets_flow/dataset_cropped/10_Metas/27/08/20191027085500_00160.jpg,datasets_cloudmask/dataset_cropped/10_Metas/27/08/20191027085500_00160.png,225.8,687.6,46.7,16.2,965
10/27/2019 8:56,datasets/dataset_cropped/10_Metas/27/08/20191027085600_00160.jpg,datasets_flow/dataset_cropped/10_Metas/27/08/20191027085600_00160.jpg,datasets_cloudmask/dataset_cropped/10_Metas/27/08/20191027085600_00160.png,206.4,607.8,46.4,16.4,965
10/27/2019 8:57,datasets/dataset_cropped/10_Metas/27/08/20191027085700_00160.jpg,datasets_flow/dataset_cropped/10_Metas/27/08/20191027085700_00160.jpg,datasets_cloudmask/dataset_cropped/10_Metas/27/08/20191027085700_00160.png,230.2,688.2,46.9,16.6,965
10/27/2019 8:58,datasets/dataset_cropped/10_Metas/27/08/20191027085800_00160.jpg,datasets_flow/dataset_cropped/10_Metas/27/08/20191027085800_00160.jpg,datasets_cloudmask/dataset_cropped/10_Metas/27/08/20191027085800_00160.png,243.3,729.5,47,16.6,965
10/27/2019 8:59,datasets/dataset_cropped/10_Metas/27/08/20191027085900_00160.jpg,datasets_flow/dataset_cropped/10_Metas/27/08/20191027085900_00160.jpg,datasets_cloudmask/dataset_cropped/10_Metas/27/08/20191027085900_00160.png,217.9,630.1,46.8,16.6,965
10/27/2019 9:00,datasets/dataset_cropped/10_Metas/27/09/20191027090000_00160.jpg,datasets_flow/dataset_cropped/10_Metas/27/09/20191027090000_00160.jpg,datasets_cloudmask/dataset_cropped/10_Metas/27/09/20191027090000_00160.png,226.7,652.2,47.5,16.5,965
10/27/2019 9:01,datasets/dataset_cropped/10_Metas/27/09/20191027090100_00160.jpg,datasets_flow/dataset_cropped/10_Metas/27/09/20191027090100_00160.jpg,datasets_cloudmask/dataset_cropped/10_Metas/27/09/20191027090100_00160.png,251.8,734.1,48.1,16.3,965
10/27/2019 9:02,datasets/dataset_cropped/10_Metas/27/09/20191027090200_00160.jpg,datasets_flow/dataset_cropped/10_Metas/27/09/20191027090200_00160.jpg,datasets_cloudmask/dataset_cropped/10_Metas/27/09/20191027090200_00160.png,255.7,740,48.3,16,966
10/27/2019 9:03,datasets/dataset_cropped/10_Metas/27/09/20191027090300_00160.jpg,datasets_flow/dataset_cropped/10_Metas/27/09/20191027090300_00160.jpg,datasets_cloudmask/dataset_cropped/10_Metas/27/09/20191027090300_00160.png,258,740.5,48.3,15.8,965
10/27/2019 9:04,datasets/dataset_cropped/10_Metas/27/09/20191027090400_00160.jpg,datasets_flow/dataset_cropped/10_Metas/27/09/20191027090400_00160.jpg,datasets_cloudmask/dataset_cropped/10_Metas/27/09/20191027090400_00160.png,259.9,739.4,48.4,15.7,965
10/27/2019 9:05,datasets/dataset_cropped/10_Metas/27/09/20191027090500_00160.jpg,datasets_flow/dataset_cropped/10_Metas/27/09/20191027090500_00160.jpg,datasets_cloudmask/dataset_cropped/10_Metas/27/09/20191027090500_00160.png,263,742.9,48.2,15.6,965
10/27/2019 9:06,datasets/dataset_cropped/10_Metas/27/09/20191027090600_00160.jpg,datasets_flow/dataset_cropped/10_Metas/27/09/20191027090600_00160.jpg,datasets_cloudmask/dataset_cropped/10_Metas/27/09/20191027090600_00160.png,266.5,747.3,48.1,15.6,966
10/27/2019 9:07,datasets/dataset_cropped/10_Metas/27/09/20191027090700_00160.jpg,datasets_flow/dataset_cropped/10_Metas/27/09/20191027090700_00160.jpg,datasets_cloudmask/dataset_cropped/10_Metas/27/09/20191027090700_00160.png,269.7,750.4,48.1,15.6,965
10/27/2019 9:08,datasets/dataset_cropped/10_Metas/27/09/20191027090800_00160.jpg,datasets_flow/dataset_cropped/10_Metas/27/09/20191027090800_00160.jpg,datasets_cloudmask/dataset_cropped/10_Metas/27/09/20191027090800_00160.png,272.6,752.1,48.4,15.7,966
10/27/2019 9:09,datasets/dataset_cropped/10_Metas/27/09/20191027090900_00160.jpg,datasets_flow/dataset_cropped/10_Metas/27/09/20191027090900_00160.jpg,datasets_cloudmask/dataset_cropped/10_Metas/27/09/20191027090900_00160.png,275.9,755.1,48.7,15.7,966
10/27/2019 9:10,datasets/dataset_cropped/10_Metas/27/09/20191027091000_00160.jpg,datasets_flow/dataset_cropped/10_Metas/27/09/20191027091000_00160.jpg,datasets_cloudmask/dataset_cropped/10_Metas/27/09/20191027091000_00160.png,279,757.6,49,15.7,966
10/27/2019 9:11,datasets/dataset_cropped/10_Metas/27/09/20191027091100_00160.jpg,datasets_flow/dataset_cropped/10_Metas/27/09/20191027091100_00160.jpg,datasets_cloudmask/dataset_cropped/10_Metas/27/09/20191027091100_00160.png,282.1,760.5,49.2,15.8,966
10/27/2019 9:12,datasets/dataset_cropped/10_Metas/27/09/20191027091200_00160.jpg,datasets_flow/dataset_cropped/10_Metas/27/09/20191027091200_00160.jpg,datasets_cloudmask/dataset_cropped/10_Metas/27/09/20191027091200_00160.png,285.4,763.4,49.5,15.9,966
10/27/2019 9:13,datasets/dataset_cropped/10_Metas/27/09/20191027091300_00160.jpg,datasets_flow/dataset_cropped/10_Metas/27/09/20191027091300_00160.jpg,datasets_cloudmask/dataset_cropped/10_Metas/27/09/20191027091300_00160.png,288.7,766.4,49.8,16.1,966
10/27/2019 9:14,datasets/dataset_cropped/10_Metas/27/09/20191027091400_00160.jpg,datasets_flow/dataset_cropped/10_Metas/27/09/20191027091400_00160.jpg,datasets_cloudmask/dataset_cropped/10_Metas/27/09/20191027091400_00160.png,291.6,768.6,49.9,16.1,966
10/27/2019 9:15,datasets/dataset_cropped/10_Metas/27/09/20191027091500_00160.jpg,datasets_flow/dataset_cropped/10_Metas/27/09/20191027091500_00160.jpg,datasets_cloudmask/dataset_cropped/10_Metas/27/09/20191027091500_00160.png,294.4,769.8,50,16.3,966
10/27/2019 9:16,datasets/dataset_cropped/10_Metas/27/09/20191027091600_00160.jpg,datasets_flow/dataset_cropped/10_Metas/27/09/20191027091600_00160.jpg,datasets_cloudmask/dataset_cropped/10_Metas/27/09/20191027091600_00160.png,297.4,771.7,50.3,16.4,966
10/27/2019 9:17,datasets/dataset_cropped/10_Metas/27/09/20191027091700_00160.jpg,datasets_flow/dataset_cropped/10_Metas/27/09/20191027091700_00160.jpg,datasets_cloudmask/dataset_cropped/10_Metas/27/09/20191027091700_00160.png,300.6,774.3,50.7,16.4,966
10/27/2019 9:18,datasets/dataset_cropped/10_Metas/27/09/20191027091800_00160.jpg,datasets_flow/dataset_cropped/10_Metas/27/09/20191027091800_00160.jpg,datasets_cloudmask/dataset_cropped/10_Metas/27/09/20191027091800_00160.png,303.6,776.4,50.9,16.4,966
10/27/2019 9:19,datasets/dataset_cropped/10_Metas/27/09/20191027091900_00160.jpg,datasets_flow/dataset_cropped/10_Metas/27/09/20191027091900_00160.jpg,datasets_cloudmask/dataset_cropped/10_Metas/27/09/20191027091900_00160.png,306.6,778.2,51.2,16.3,966
10/27/2019 9:20,datasets/dataset_cropped/10_Metas/27/09/20191027092000_00160.jpg,datasets_flow/dataset_cropped/10_Metas/27/09/20191027092000_00160.jpg,datasets_cloudmask/dataset_cropped/10_Metas/27/09/20191027092000_00160.png,309.9,780.9,51.6,16.3,966
10/27/2019 9:21,datasets/dataset_cropped/10_Metas/27/09/20191027092100_00160.jpg,datasets_flow/dataset_cropped/10_Metas/27/09/20191027092100_00160.jpg,datasets_cloudmask/dataset_cropped/10_Metas/27/09/20191027092100_00160.png,313,781.3,51.7,16.3,966
10/27/2019 9:22,datasets/dataset_cropped/10_Metas/27/09/20191027092200_00160.jpg,datasets_flow/dataset_cropped/10_Metas/27/09/20191027092200_00160.jpg,datasets_cloudmask/dataset_cropped/10_Metas/27/09/20191027092200_00160.png,316.1,786,51.8,16.2,965
10/27/2019 9:23,datasets/dataset_cropped/10_Metas/27/09/20191027092300_00160.jpg,datasets_flow/dataset_cropped/10_Metas/27/09/20191027092300_00160.jpg,datasets_cloudmask/dataset_cropped/10_Metas/27/09/20191027092300_00160.png,319.4,789.1,51.9,16.2,966
10/27/2019 9:24,datasets/dataset_cropped/10_Metas/27/09/20191027092400_00160.jpg,datasets_flow/dataset_cropped/10_Metas/27/09/20191027092400_00160.jpg,datasets_cloudmask/dataset_cropped/10_Metas/27/09/20191027092400_00160.png,322.1,790.4,51.9,16.2,966
10/27/2019 9:25,datasets/dataset_cropped/10_Metas/27/09/20191027092500_00160.jpg,datasets_flow/dataset_cropped/10_Metas/27/09/20191027092500_00160.jpg,datasets_cloudmask/dataset_cropped/10_Metas/27/09/20191027092500_00160.png,324.3,790.6,51.9,16.2,965
10/27/2019 9:26,datasets/dataset_cropped/10_Metas/27/09/20191027092600_00160.jpg,datasets_flow/dataset_cropped/10_Metas/27/09/20191027092600_00160.jpg,datasets_cloudmask/dataset_cropped/10_Metas/27/09/20191027092600_00160.png,326.8,791.1,52,16.1,965
10/27/2019 9:27,datasets/dataset_cropped/10_Metas/27/09/20191027092700_00160.jpg,datasets_flow/dataset_cropped/10_Metas/27/09/20191027092700_00160.jpg,datasets_cloudmask/dataset_cropped/10_Metas/27/09/20191027092700_00160.png,329.8,792.9,52.3,16.1,966
10/27/2019 9:28,datasets/dataset_cropped/10_Metas/27/09/20191027092800_00160.jpg,datasets_flow/dataset_cropped/10_Metas/27/09/20191027092800_00160.jpg,datasets_cloudmask/dataset_cropped/10_Metas/27/09/20191027092800_00160.png,332.7,794.7,52.5,16.1,965
10/27/2019 9:29,datasets/dataset_cropped/10_Metas/27/09/20191027092900_00160.jpg,datasets_flow/dataset_cropped/10_Metas/27/09/20191027092900_00160.jpg,datasets_cloudmask/dataset_cropped/10_Metas/27/09/20191027092900_00160.png,334.9,794.7,52.7,16.1,966
10/27/2019 9:30,datasets/dataset_cropped/10_Metas/27/09/20191027093000_00160.jpg,datasets_flow/dataset_cropped/10_Metas/27/09/20191027093000_00160.jpg,datasets_cloudmask/dataset_cropped/10_Metas/27/09/20191027093000_00160.png,338.3,797.7,52.9,16.2,966
10/27/2019 9:31,datasets/dataset_cropped/10_Metas/27/09/20191027093100_00160.jpg,datasets_flow/dataset_cropped/10_Metas/27/09/20191027093100_00160.jpg,datasets_cloudmask/dataset_cropped/10_Metas/27/09/20191027093100_00160.png,341.9,801,53.2,16.3,966
10/27/2019 9:32,datasets/dataset_cropped/10_Metas/27/09/20191027093200_00160.jpg,datasets_flow/dataset_cropped/10_Metas/27/09/20191027093200_00160.jpg,datasets_cloudmask/dataset_cropped/10_Metas/27/09/20191027093200_00160.png,345.5,805,53.5,16.5,966
10/27/2019 9:33,datasets/dataset_cropped/10_Metas/27/09/20191027093300_00160.jpg,datasets_flow/dataset_cropped/10_Metas/27/09/20191027093300_00160.jpg,datasets_cloudmask/dataset_cropped/10_Metas/27/09/20191027093300_00160.png,349.1,808,54,16.6,966
10/27/2019 9:34,datasets/dataset_cropped/10_Metas/27/09/20191027093400_00160.jpg,datasets_flow/dataset_cropped/10_Metas/27/09/20191027093400_00160.jpg,datasets_cloudmask/dataset_cropped/10_Metas/27/09/20191027093400_00160.png,352.6,812,54,16.5,966
10/27/2019 9:35,datasets/dataset_cropped/10_Metas/27/09/20191027093500_00160.jpg,datasets_flow/dataset_cropped/10_Metas/27/09/20191027093500_00160.jpg,datasets_cloudmask/dataset_cropped/10_Metas/27/09/20191027093500_00160.png,355.5,814,54,16.7,966
10/27/2019 9:36,datasets/dataset_cropped/10_Metas/27/09/20191027093600_00160.jpg,datasets_flow/dataset_cropped/10_Metas/27/09/20191027093600_00160.jpg,datasets_cloudmask/dataset_cropped/10_Metas/27/09/20191027093600_00160.png,358.3,815,54,16.8,966
10/27/2019 9:37,datasets/dataset_cropped/10_Metas/27/09/20191027093700_00160.jpg,datasets_flow/dataset_cropped/10_Metas/27/09/20191027093700_00160.jpg,datasets_cloudmask/dataset_cropped/10_Metas/27/09/20191027093700_00160.png,361.4,818,54.1,16.8,966
10/27/2019 9:38,datasets/dataset_cropped/10_Metas/27/09/20191027093800_00160.jpg,datasets_flow/dataset_cropped/10_Metas/27/09/20191027093800_00160.jpg,datasets_cloudmask/dataset_cropped/10_Metas/27/09/20191027093800_00160.png,364.6,820,54.3,16.9,966
10/27/2019 9:39,datasets/dataset_cropped/10_Metas/27/09/20191027093900_00160.jpg,datasets_flow/dataset_cropped/10_Metas/27/09/20191027093900_00160.jpg,datasets_cloudmask/dataset_cropped/10_Metas/27/09/20191027093900_00160.png,367.9,823,54.6,16.8,966
10/27/2019 9:40,datasets/dataset_cropped/10_Metas/27/09/20191027094000_00160.jpg,datasets_flow/dataset_cropped/10_Metas/27/09/20191027094000_00160.jpg,datasets_cloudmask/dataset_cropped/10_Metas/27/09/20191027094000_00160.png,370.7,825,54.7,16.8,966
10/27/2019 9:41,datasets/dataset_cropped/10_Metas/27/09/20191027094100_00160.jpg,datasets_flow/dataset_cropped/10_Metas/27/09/20191027094100_00160.jpg,datasets_cloudmask/dataset_cropped/10_Metas/27/09/20191027094100_00160.png,373.6,826,55.1,16.9,966
10/27/2019 9:42,datasets/dataset_cropped/10_Metas/27/09/20191027094200_00160.jpg,datasets_flow/dataset_cropped/10_Metas/27/09/20191027094200_00160.jpg,datasets_cloudmask/dataset_cropped/10_Metas/27/09/20191027094200_00160.png,376.4,827,55.3,16.9,966
10/27/2019 9:43,datasets/dataset_cropped/10_Metas/27/09/20191027094300_00160.jpg,datasets_flow/dataset_cropped/10_Metas/27/09/20191027094300_00160.jpg,datasets_cloudmask/dataset_cropped/10_Metas/27/09/20191027094300_00160.png,379.3,829,55.4,17,966
10/27/2019 9:44,datasets/dataset_cropped/10_Metas/27/09/20191027094400_00160.jpg,datasets_flow/dataset_cropped/10_Metas/27/09/20191027094400_00160.jpg,datasets_cloudmask/dataset_cropped/10_Metas/27/09/20191027094400_00160.png,382.4,831,55.4,17.2,966
10/27/2019 9:45,datasets/dataset_cropped/10_Metas/27/09/20191027094500_00160.jpg,datasets_flow/dataset_cropped/10_Metas/27/09/20191027094500_00160.jpg,datasets_cloudmask/dataset_cropped/10_Metas/27/09/20191027094500_00160.png,385.4,830,55.8,17.2,966
10/27/2019 9:46,datasets/dataset_cropped/10_Metas/27/09/20191027094600_00160.jpg,datasets_flow/dataset_cropped/10_Metas/27/09/20191027094600_00160.jpg,datasets_cloudmask/dataset_cropped/10_Metas/27/09/20191027094600_00160.png,388.7,836,55.9,17.1,966
10/27/2019 9:47,datasets/dataset_cropped/10_Metas/27/09/20191027094700_00160.jpg,datasets_flow/dataset_cropped/10_Metas/27/09/20191027094700_00160.jpg,datasets_cloudmask/dataset_cropped/10_Metas/27/09/20191027094700_00160.png,391.8,837,56.1,17.1,966
10/27/2019 9:48,datasets/dataset_cropped/10_Metas/27/09/20191027094800_00160.jpg,datasets_flow/dataset_cropped/10_Metas/27/09/20191027094800_00160.jpg,datasets_cloudmask/dataset_cropped/10_Metas/27/09/20191027094800_00160.png,395,840,56.4,17.1,966
10/27/2019 9:49,datasets/dataset_cropped/10_Metas/27/09/20191027094900_00160.jpg,datasets_flow/dataset_cropped/10_Metas/27/09/20191027094900_00160.jpg,datasets_cloudmask/dataset_cropped/10_Metas/27/09/20191027094900_00160.png,396.1,837,56.5,17.2,966
10/27/2019 9:50,datasets/dataset_cropped/10_Metas/27/09/20191027095000_00160.jpg,datasets_flow/dataset_cropped/10_Metas/27/09/20191027095000_00160.jpg,datasets_cloudmask/dataset_cropped/10_Metas/27/09/20191027095000_00160.png,397.3,834,56.9,17.2,966
10/27/2019 9:51,datasets/dataset_cropped/10_Metas/27/09/20191027095100_00160.jpg,datasets_flow/dataset_cropped/10_Metas/27/09/20191027095100_00160.jpg,datasets_cloudmask/dataset_cropped/10_Metas/27/09/20191027095100_00160.png,404.3,845,57.3,17.2,966
10/27/2019 9:52,datasets/dataset_cropped/10_Metas/27/09/20191027095200_00160.jpg,datasets_flow/dataset_cropped/10_Metas/27/09/20191027095200_00160.jpg,datasets_cloudmask/dataset_cropped/10_Metas/27/09/20191027095200_00160.png,407.1,846,57.9,17.3,966
10/27/2019 9:53,datasets/dataset_cropped/10_Metas/27/09/20191027095300_00160.jpg,datasets_flow/dataset_cropped/10_Metas/27/09/20191027095300_00160.jpg,datasets_cloudmask/dataset_cropped/10_Metas/27/09/20191027095300_00160.png,410.4,849,58.1,17.3,966
10/27/2019 9:54,datasets/dataset_cropped/10_Metas/27/09/20191027095400_00160.jpg,datasets_flow/dataset_cropped/10_Metas/27/09/20191027095400_00160.jpg,datasets_cloudmask/dataset_cropped/10_Metas/27/09/20191027095400_00160.png,413.6,850,58.4,17.4,966
10/27/2019 9:55,datasets/dataset_cropped/10_Metas/27/09/20191027095500_00160.jpg,datasets_flow/dataset_cropped/10_Metas/27/09/20191027095500_00160.jpg,datasets_cloudmask/dataset_cropped/10_Metas/27/09/20191027095500_00160.png,413.2,844,58.8,17.5,965
10/27/2019 9:56,datasets/dataset_cropped/10_Metas/27/09/20191027095600_00160.jpg,datasets_flow/dataset_cropped/10_Metas/27/09/20191027095600_00160.jpg,datasets_cloudmask/dataset_cropped/10_Metas/27/09/20191027095600_00160.png,419.5,853,59.3,17.6,965
10/27/2019 9:57,datasets/dataset_cropped/10_Metas/27/09/20191027095700_00160.jpg,datasets_flow/dataset_cropped/10_Metas/27/09/20191027095700_00160.jpg,datasets_cloudmask/dataset_cropped/10_Metas/27/09/20191027095700_00160.png,422.8,854,60.1,17.7,965
10/27/2019 9:58,datasets/dataset_cropped/10_Metas/27/09/20191027095800_00160.jpg,datasets_flow/dataset_cropped/10_Metas/27/09/20191027095800_00160.jpg,datasets_cloudmask/dataset_cropped/10_Metas/27/09/20191027095800_00160.png,426.3,856,60.9,17.7,965
10/27/2019 9:59,datasets/dataset_cropped/10_Metas/27/09/20191027095900_00160.jpg,datasets_flow/dataset_cropped/10_Metas/27/09/20191027095900_00160.jpg,datasets_cloudmask/dataset_cropped/10_Metas/27/09/20191027095900_00160.png,429.9,858,61.6,17.8,965
10/27/2019 10:00,datasets/dataset_cropped/10_Metas/27/10/20191027100000_00160.jpg,datasets_flow/dataset_cropped/10_Metas/27/10/20191027100000_00160.jpg,datasets_cloudmask/dataset_cropped/10_Metas/27/10/20191027100000_00160.png,433.4,859,62.2,17.9,965
10/27/2019 10:01,datasets/dataset_cropped/10_Metas/27/10/20191027100100_00160.jpg,datasets_flow/dataset_cropped/10_Metas/27/10/20191027100100_00160.jpg,datasets_cloudmask/dataset_cropped/10_Metas/27/10/20191027100100_00160.png,437.1,861,63.1,17.9,965
10/27/2019 10:02,datasets/dataset_cropped/10_Metas/27/10/20191027100200_00160.jpg,datasets_flow/dataset_cropped/10_Metas/27/10/20191027100200_00160.jpg,datasets_cloudmask/dataset_cropped/10_Metas/27/10/20191027100200_00160.png,440.6,863,64.1,18.1,965
10/27/2019 10:03,datasets/dataset_cropped/10_Metas/27/10/20191027100300_00160.jpg,datasets_flow/dataset_cropped/10_Metas/27/10/20191027100300_00160.jpg,datasets_cloudmask/dataset_cropped/10_Metas/27/10/20191027100300_00160.png,444.2,864,64.9,18.2,965
10/27/2019 10:04,datasets/dataset_cropped/10_Metas/27/10/20191027100400_00160.jpg,datasets_flow/dataset_cropped/10_Metas/27/10/20191027100400_00160.jpg,datasets_cloudmask/dataset_cropped/10_Metas/27/10/20191027100400_00160.png,447.8,866,65.8,18.3,965
10/27/2019 10:05,datasets/dataset_cropped/10_Metas/27/10/20191027100500_00160.jpg,datasets_flow/dataset_cropped/10_Metas/27/10/20191027100500_00160.jpg,datasets_cloudmask/dataset_cropped/10_Metas/27/10/20191027100500_00160.png,450.8,867,66.5,18.3,965
10/27/2019 10:06,datasets/dataset_cropped/10_Metas/27/10/20191027100600_00160.jpg,datasets_flow/dataset_cropped/10_Metas/27/10/20191027100600_00160.jpg,datasets_cloudmask/dataset_cropped/10_Metas/27/10/20191027100600_00160.png,453.4,868,66.8,18.2,966
10/27/2019 10:07,datasets/dataset_cropped/10_Metas/27/10/20191027100700_00160.jpg,datasets_flow/dataset_cropped/10_Metas/27/10/20191027100700_00160.jpg,datasets_cloudmask/dataset_cropped/10_Metas/27/10/20191027100700_00160.png,456.6,870,67,18.1,965
10/27/2019 10:08,datasets/dataset_cropped/10_Metas/27/10/20191027100800_00160.jpg,datasets_flow/dataset_cropped/10_Metas/27/10/20191027100800_00160.jpg,datasets_cloudmask/dataset_cropped/10_Metas/27/10/20191027100800_00160.png,459.4,871,67.2,17.9,965
10/27/2019 10:09,datasets/dataset_cropped/10_Metas/27/10/20191027100900_00160.jpg,datasets_flow/dataset_cropped/10_Metas/27/10/20191027100900_00160.jpg,datasets_cloudmask/dataset_cropped/10_Metas/27/10/20191027100900_00160.png,462.6,872,67.7,17.9,966
10/27/2019 10:10,datasets/dataset_cropped/10_Metas/27/10/20191027101000_00160.jpg,datasets_flow/dataset_cropped/10_Metas/27/10/20191027101000_00160.jpg,datasets_cloudmask/dataset_cropped/10_Metas/27/10/20191027101000_00160.png,459.8,860,67.9,17.9,965
10/27/2019 10:11,datasets/dataset_cropped/10_Metas/27/10/20191027101100_00160.jpg,datasets_flow/dataset_cropped/10_Metas/27/10/20191027101100_00160.jpg,datasets_cloudmask/dataset_cropped/10_Metas/27/10/20191027101100_00160.png,441.6,816,68,18,965
10/27/2019 10:12,datasets/dataset_cropped/10_Metas/27/10/20191027101200_00160.jpg,datasets_flow/dataset_cropped/10_Metas/27/10/20191027101200_00160.jpg,datasets_cloudmask/dataset_cropped/10_Metas/27/10/20191027101200_00160.png,430.1,786.5,68.3,18,966
10/27/2019 10:13,datasets/dataset_cropped/10_Metas/27/10/20191027101300_00160.jpg,datasets_flow/dataset_cropped/10_Metas/27/10/20191027101300_00160.jpg,datasets_cloudmask/dataset_cropped/10_Metas/27/10/20191027101300_00160.png,439.2,803,68.2,18.1,965
10/27/2019 10:14,datasets/dataset_cropped/10_Metas/27/10/20191027101400_00160.jpg,datasets_flow/dataset_cropped/10_Metas/27/10/20191027101400_00160.jpg,datasets_cloudmask/dataset_cropped/10_Metas/27/10/20191027101400_00160.png,432.8,786.4,67.6,18.3,966
10/27/2019 10:15,datasets/dataset_cropped/10_Metas/27/10/20191027101500_00160.jpg,datasets_flow/dataset_cropped/10_Metas/27/10/20191027101500_00160.jpg,datasets_cloudmask/dataset_cropped/10_Metas/27/10/20191027101500_00160.png,425,767.4,67.2,18.4,966
10/27/2019 10:16,datasets/dataset_cropped/10_Metas/27/10/20191027101600_00160.jpg,datasets_flow/dataset_cropped/10_Metas/27/10/20191027101600_00160.jpg,datasets_cloudmask/dataset_cropped/10_Metas/27/10/20191027101600_00160.png,458.5,836,67.2,18.4,966
10/27/2019 10:17,datasets/dataset_cropped/10_Metas/27/10/20191027101700_00160.jpg,datasets_flow/dataset_cropped/10_Metas/27/10/20191027101700_00160.jpg,datasets_cloudmask/dataset_cropped/10_Metas/27/10/20191027101700_00160.png,473.4,865,66.8,18.4,966
10/27/2019 10:18,datasets/dataset_cropped/10_Metas/27/10/20191027101800_00160.jpg,datasets_flow/dataset_cropped/10_Metas/27/10/20191027101800_00160.jpg,datasets_cloudmask/dataset_cropped/10_Metas/27/10/20191027101800_00160.png,477.6,872,66.2,18.6,966
10/27/2019 10:19,datasets/dataset_cropped/10_Metas/27/10/20191027101900_00160.jpg,datasets_flow/dataset_cropped/10_Metas/27/10/20191027101900_00160.jpg,datasets_cloudmask/dataset_cropped/10_Metas/27/10/20191027101900_00160.png,481.6,877,66,18.6,966
10/27/2019 10:20,datasets/dataset_cropped/10_Metas/27/10/20191027102000_00160.jpg,datasets_flow/dataset_cropped/10_Metas/27/10/20191027102000_00160.jpg,datasets_cloudmask/dataset_cropped/10_Metas/27/10/20191027102000_00160.png,486.9,884,66.2,18.5,966
10/27/2019 10:21,datasets/dataset_cropped/10_Metas/27/10/20191027102100_00160.jpg,datasets_flow/dataset_cropped/10_Metas/27/10/20191027102100_00160.jpg,datasets_cloudmask/dataset_cropped/10_Metas/27/10/20191027102100_00160.png,489.4,885,66.5,18.5,966
10/27/2019 10:22,datasets/dataset_cropped/10_Metas/27/10/20191027102200_00160.jpg,datasets_flow/dataset_cropped/10_Metas/27/10/20191027102200_00160.jpg,datasets_cloudmask/dataset_cropped/10_Metas/27/10/20191027102200_00160.png,492.4,886,66.7,18.5,966
10/27/2019 10:23,datasets/dataset_cropped/10_Metas/27/10/20191027102300_00160.jpg,datasets_flow/dataset_cropped/10_Metas/27/10/20191027102300_00160.jpg,datasets_cloudmask/dataset_cropped/10_Metas/27/10/20191027102300_00160.png,495,887,67.2,18.5,966
10/27/2019 10:24,datasets/dataset_cropped/10_Metas/27/10/20191027102400_00160.jpg,datasets_flow/dataset_cropped/10_Metas/27/10/20191027102400_00160.jpg,datasets_cloudmask/dataset_cropped/10_Metas/27/10/20191027102400_00160.png,497.6,888,67.8,18.7,966
10/27/2019 10:25,datasets/dataset_cropped/10_Metas/27/10/20191027102500_00160.jpg,datasets_flow/dataset_cropped/10_Metas/27/10/20191027102500_00160.jpg,datasets_cloudmask/dataset_cropped/10_Metas/27/10/20191027102500_00160.png,500.5,889,68.2,18.8,966
10/27/2019 10:26,datasets/dataset_cropped/10_Metas/27/10/20191027102600_00160.jpg,datasets_flow/dataset_cropped/10_Metas/27/10/20191027102600_00160.jpg,datasets_cloudmask/dataset_cropped/10_Metas/27/10/20191027102600_00160.png,503.4,890,68.8,18.7,966
10/27/2019 10:27,datasets/dataset_cropped/10_Metas/27/10/20191027102700_00160.jpg,datasets_flow/dataset_cropped/10_Metas/27/10/20191027102700_00160.jpg,datasets_cloudmask/dataset_cropped/10_Metas/27/10/20191027102700_00160.png,506.1,891,69.1,18.7,966
10/27/2019 10:28,datasets/dataset_cropped/10_Metas/27/10/20191027102800_00160.jpg,datasets_flow/dataset_cropped/10_Metas/27/10/20191027102800_00160.jpg,datasets_cloudmask/dataset_cropped/10_Metas/27/10/20191027102800_00160.png,508.5,892,69.4,18.6,966
10/27/2019 10:29,datasets/dataset_cropped/10_Metas/27/10/20191027102900_00160.jpg,datasets_flow/dataset_cropped/10_Metas/27/10/20191027102900_00160.jpg,datasets_cloudmask/dataset_cropped/10_Metas/27/10/20191027102900_00160.png,493.9,858,69.2,18.8,966
10/27/2019 10:30,datasets/dataset_cropped/10_Metas/27/10/20191027103000_00160.jpg,datasets_flow/dataset_cropped/10_Metas/27/10/20191027103000_00160.jpg,datasets_cloudmask/dataset_cropped/10_Metas/27/10/20191027103000_00160.png,467.1,801,69.2,18.9,966
10/27/2019 10:31,datasets/dataset_cropped/10_Metas/27/10/20191027103100_00160.jpg,datasets_flow/dataset_cropped/10_Metas/27/10/20191027103100_00160.jpg,datasets_cloudmask/dataset_cropped/10_Metas/27/10/20191027103100_00160.png,507,876,69.8,18.8,966
10/27/2019 10:32,datasets/dataset_cropped/10_Metas/27/10/20191027103200_00160.jpg,datasets_flow/dataset_cropped/10_Metas/27/10/20191027103200_00160.jpg,datasets_cloudmask/dataset_cropped/10_Metas/27/10/20191027103200_00160.png,501.2,860,70.3,18.7,966
10/27/2019 10:33,datasets/dataset_cropped/10_Metas/27/10/20191027103300_00160.jpg,datasets_flow/dataset_cropped/10_Metas/27/10/20191027103300_00160.jpg,datasets_cloudmask/dataset_cropped/10_Metas/27/10/20191027103300_00160.png,510.4,875,70,18.8,966
10/27/2019 10:34,datasets/dataset_cropped/10_Metas/27/10/20191027103400_00160.jpg,datasets_flow/dataset_cropped/10_Metas/27/10/20191027103400_00160.jpg,datasets_cloudmask/dataset_cropped/10_Metas/27/10/20191027103400_00160.png,464.1,782.2,69.1,18.8,966
10/27/2019 10:35,datasets/dataset_cropped/10_Metas/27/10/20191027103500_00160.jpg,datasets_flow/dataset_cropped/10_Metas/27/10/20191027103500_00160.jpg,datasets_cloudmask/dataset_cropped/10_Metas/27/10/20191027103500_00160.png,510.3,870,69.2,18.7,966
10/27/2019 10:36,datasets/dataset_cropped/10_Metas/27/10/20191027103600_00160.jpg,datasets_flow/dataset_cropped/10_Metas/27/10/20191027103600_00160.jpg,datasets_cloudmask/dataset_cropped/10_Metas/27/10/20191027103600_00160.png,518.1,884,68.9,18.7,966
10/27/2019 10:37,datasets/dataset_cropped/10_Metas/27/10/20191027103700_00160.jpg,datasets_flow/dataset_cropped/10_Metas/27/10/20191027103700_00160.jpg,datasets_cloudmask/dataset_cropped/10_Metas/27/10/20191027103700_00160.png,526,898,68.1,18.6,966
10/27/2019 10:38,datasets/dataset_cropped/10_Metas/27/10/20191027103800_00160.jpg,datasets_flow/dataset_cropped/10_Metas/27/10/20191027103800_00160.jpg,datasets_cloudmask/dataset_cropped/10_Metas/27/10/20191027103800_00160.png,531.1,905,67.9,18.6,966
10/27/2019 10:39,datasets/dataset_cropped/10_Metas/27/10/20191027103900_00160.jpg,datasets_flow/dataset_cropped/10_Metas/27/10/20191027103900_00160.jpg,datasets_cloudmask/dataset_cropped/10_Metas/27/10/20191027103900_00160.png,533.5,906,68,18.7,966
10/27/2019 10:40,datasets/dataset_cropped/10_Metas/27/10/20191027104000_00160.jpg,datasets_flow/dataset_cropped/10_Metas/27/10/20191027104000_00160.jpg,datasets_cloudmask/dataset_cropped/10_Metas/27/10/20191027104000_00160.png,535.5,906,68.2,18.7,966
10/27/2019 10:41,datasets/dataset_cropped/10_Metas/27/10/20191027104100_00160.jpg,datasets_flow/dataset_cropped/10_Metas/27/10/20191027104100_00160.jpg,datasets_cloudmask/dataset_cropped/10_Metas/27/10/20191027104100_00160.png,536.9,905,68.4,18.7,966
10/27/2019 10:42,datasets/dataset_cropped/10_Metas/27/10/20191027104200_00160.jpg,datasets_flow/dataset_cropped/10_Metas/27/10/20191027104200_00160.jpg,datasets_cloudmask/dataset_cropped/10_Metas/27/10/20191027104200_00160.png,539.5,906,68.8,18.9,966
10/27/2019 10:43,datasets/dataset_cropped/10_Metas/27/10/20191027104300_00160.jpg,datasets_flow/dataset_cropped/10_Metas/27/10/20191027104300_00160.jpg,datasets_cloudmask/dataset_cropped/10_Metas/27/10/20191027104300_00160.png,542.3,907,69.3,18.9,966
10/27/2019 10:44,datasets/dataset_cropped/10_Metas/27/10/20191027104400_00160.jpg,datasets_flow/dataset_cropped/10_Metas/27/10/20191027104400_00160.jpg,datasets_cloudmask/dataset_cropped/10_Metas/27/10/20191027104400_00160.png,545.1,909,69.8,18.9,966
10/27/2019 10:45,datasets/dataset_cropped/10_Metas/27/10/20191027104500_00160.jpg,datasets_flow/dataset_cropped/10_Metas/27/10/20191027104500_00160.jpg,datasets_cloudmask/dataset_cropped/10_Metas/27/10/20191027104500_00160.png,547.7,910,70,19.1,966
10/27/2019 10:46,datasets/dataset_cropped/10_Metas/27/10/20191027104600_00160.jpg,datasets_flow/dataset_cropped/10_Metas/27/10/20191027104600_00160.jpg,datasets_cloudmask/dataset_cropped/10_Metas/27/10/20191027104600_00160.png,551.2,911,70.9,19.1,966
10/27/2019 10:47,datasets/dataset_cropped/10_Metas/27/10/20191027104700_00160.jpg,datasets_flow/dataset_cropped/10_Metas/27/10/20191027104700_00160.jpg,datasets_cloudmask/dataset_cropped/10_Metas/27/10/20191027104700_00160.png,551,906,71.4,19.2,966
10/27/2019 10:48,datasets/dataset_cropped/10_Metas/27/10/20191027104800_00160.jpg,datasets_flow/dataset_cropped/10_Metas/27/10/20191027104800_00160.jpg,datasets_cloudmask/dataset_cropped/10_Metas/27/10/20191027104800_00160.png,505.8,818,70.8,19.1,965
10/27/2019 10:49,datasets/dataset_cropped/10_Metas/27/10/20191027104900_00160.jpg,datasets_flow/dataset_cropped/10_Metas/27/10/20191027104900_00160.jpg,datasets_cloudmask/dataset_cropped/10_Metas/27/10/20191027104900_00160.png,528.6,857,71.7,19.2,966
10/27/2019 10:50,datasets/dataset_cropped/10_Metas/27/10/20191027105000_00160.jpg,datasets_flow/dataset_cropped/10_Metas/27/10/20191027105000_00160.jpg,datasets_cloudmask/dataset_cropped/10_Metas/27/10/20191027105000_00160.png,562.9,917,73,19,966
10/27/2019 10:51,datasets/dataset_cropped/10_Metas/27/10/20191027105100_00160.jpg,datasets_flow/dataset_cropped/10_Metas/27/10/20191027105100_00160.jpg,datasets_cloudmask/dataset_cropped/10_Metas/27/10/20191027105100_00160.png,561.6,912,72.3,18.9,966
10/27/2019 10:52,datasets/dataset_cropped/10_Metas/27/10/20191027105200_00160.jpg,datasets_flow/dataset_cropped/10_Metas/27/10/20191027105200_00160.jpg,datasets_cloudmask/dataset_cropped/10_Metas/27/10/20191027105200_00160.png,519.7,833,70.8,19,966
10/27/2019 10:53,datasets/dataset_cropped/10_Metas/27/10/20191027105300_00160.jpg,datasets_flow/dataset_cropped/10_Metas/27/10/20191027105300_00160.jpg,datasets_cloudmask/dataset_cropped/10_Metas/27/10/20191027105300_00160.png,514.5,822,71,19,966
10/27/2019 10:54,datasets/dataset_cropped/10_Metas/27/10/20191027105400_00160.jpg,datasets_flow/dataset_cropped/10_Metas/27/10/20191027105400_00160.jpg,datasets_cloudmask/dataset_cropped/10_Metas/27/10/20191027105400_00160.png,562.7,910,70.9,18.9,966
10/27/2019 10:55,datasets/dataset_cropped/10_Metas/27/10/20191027105500_00160.jpg,datasets_flow/dataset_cropped/10_Metas/27/10/20191027105500_00160.jpg,datasets_cloudmask/dataset_cropped/10_Metas/27/10/20191027105500_00160.png,557.9,901,69.1,18.9,966
10/27/2019 10:56,datasets/dataset_cropped/10_Metas/27/10/20191027105600_00160.jpg,datasets_flow/dataset_cropped/10_Metas/27/10/20191027105600_00160.jpg,datasets_cloudmask/dataset_cropped/10_Metas/27/10/20191027105600_00160.png,565.6,915,68,18.9,966
10/27/2019 10:57,datasets/dataset_cropped/10_Metas/27/10/20191027105700_00160.jpg,datasets_flow/dataset_cropped/10_Metas/27/10/20191027105700_00160.jpg,datasets_cloudmask/dataset_cropped/10_Metas/27/10/20191027105700_00160.png,567.8,917,67.7,19.2,966
10/27/2019 10:58,datasets/dataset_cropped/10_Metas/27/10/20191027105800_00160.jpg,datasets_flow/dataset_cropped/10_Metas/27/10/20191027105800_00160.jpg,datasets_cloudmask/dataset_cropped/10_Metas/27/10/20191027105800_00160.png,568.3,915,67.7,19.3,966
10/27/2019 10:59,datasets/dataset_cropped/10_Metas/27/10/20191027105900_00160.jpg,datasets_flow/dataset_cropped/10_Metas/27/10/20191027105900_00160.jpg,datasets_cloudmask/dataset_cropped/10_Metas/27/10/20191027105900_00160.png,564.7,906,67.5,19.5,966
10/27/2019 11:00,datasets/dataset_cropped/10_Metas/27/11/20191027110000_00160.jpg,datasets_flow/dataset_cropped/10_Metas/27/11/20191027110000_00160.jpg,datasets_cloudmask/dataset_cropped/10_Metas/27/11/20191027110000_00160.png,565.8,905,67.7,19.4,966
10/27/2019 11:01,datasets/dataset_cropped/10_Metas/27/11/20191027110100_00160.jpg,datasets_flow/dataset_cropped/10_Metas/27/11/20191027110100_00160.jpg,datasets_cloudmask/dataset_cropped/10_Metas/27/11/20191027110100_00160.png,573,915,67.7,19.4,966
10/27/2019 11:02,datasets/dataset_cropped/10_Metas/27/11/20191027110200_00160.jpg,datasets_flow/dataset_cropped/10_Metas/27/11/20191027110200_00160.jpg,datasets_cloudmask/dataset_cropped/10_Metas/27/11/20191027110200_00160.png,574.3,914,67.7,19.5,966
10/27/2019 11:03,datasets/dataset_cropped/10_Metas/27/11/20191027110300_00160.jpg,datasets_flow/dataset_cropped/10_Metas/27/11/20191027110300_00160.jpg,datasets_cloudmask/dataset_cropped/10_Metas/27/11/20191027110300_00160.png,562.5,891,67.4,19.6,966
10/27/2019 11:04,datasets/dataset_cropped/10_Metas/27/11/20191027110400_00160.jpg,datasets_flow/dataset_cropped/10_Metas/27/11/20191027110400_00160.jpg,datasets_cloudmask/dataset_cropped/10_Metas/27/11/20191027110400_00160.png,571.5,905,67.5,19.6,966
10/27/2019 11:05,datasets/dataset_cropped/10_Metas/27/11/20191027110500_00160.jpg,datasets_flow/dataset_cropped/10_Metas/27/11/20191027110500_00160.jpg,datasets_cloudmask/dataset_cropped/10_Metas/27/11/20191027110500_00160.png,569.1,899,67,19.7,966
10/27/2019 11:06,datasets/dataset_cropped/10_Metas/27/11/20191027110600_00160.jpg,datasets_flow/dataset_cropped/10_Metas/27/11/20191027110600_00160.jpg,datasets_cloudmask/dataset_cropped/10_Metas/27/11/20191027110600_00160.png,574.2,906,67,19.6,966
10/27/2019 11:07,datasets/dataset_cropped/10_Metas/27/11/20191027110700_00160.jpg,datasets_flow/dataset_cropped/10_Metas/27/11/20191027110700_00160.jpg,datasets_cloudmask/dataset_cropped/10_Metas/27/11/20191027110700_00160.png,579.1,913,66.9,19.5,966
10/27/2019 11:08,datasets/dataset_cropped/10_Metas/27/11/20191027110800_00160.jpg,datasets_flow/dataset_cropped/10_Metas/27/11/20191027110800_00160.jpg,datasets_cloudmask/dataset_cropped/10_Metas/27/11/20191027110800_00160.png,585.4,922,66.4,19.5,966
10/27/2019 11:09,datasets/dataset_cropped/10_Metas/27/11/20191027110900_00160.jpg,datasets_flow/dataset_cropped/10_Metas/27/11/20191027110900_00160.jpg,datasets_cloudmask/dataset_cropped/10_Metas/27/11/20191027110900_00160.png,585.7,921,65.8,19.4,966
10/27/2019 11:10,datasets/dataset_cropped/10_Metas/27/11/20191027111000_00160.jpg,datasets_flow/dataset_cropped/10_Metas/27/11/20191027111000_00160.jpg,datasets_cloudmask/dataset_cropped/10_Metas/27/11/20191027111000_00160.png,586.9,921,65.5,19.4,966
10/27/2019 11:11,datasets/dataset_cropped/10_Metas/27/11/20191027111100_00160.jpg,datasets_flow/dataset_cropped/10_Metas/27/11/20191027111100_00160.jpg,datasets_cloudmask/dataset_cropped/10_Metas/27/11/20191027111100_00160.png,586.9,919,65.4,19.4,966
10/27/2019 11:12,datasets/dataset_cropped/10_Metas/27/11/20191027111200_00160.jpg,datasets_flow/dataset_cropped/10_Metas/27/11/20191027111200_00160.jpg,datasets_cloudmask/dataset_cropped/10_Metas/27/11/20191027111200_00160.png,590.6,923,65.3,19.4,966
10/27/2019 11:13,datasets/dataset_cropped/10_Metas/27/11/20191027111300_00160.jpg,datasets_flow/dataset_cropped/10_Metas/27/11/20191027111300_00160.jpg,datasets_cloudmask/dataset_cropped/10_Metas/27/11/20191027111300_00160.png,589.6,919,65.2,19.5,966
10/27/2019 11:14,datasets/dataset_cropped/10_Metas/27/11/20191027111400_00160.jpg,datasets_flow/dataset_cropped/10_Metas/27/11/20191027111400_00160.jpg,datasets_cloudmask/dataset_cropped/10_Metas/27/11/20191027111400_00160.png,591.7,921,65.3,19.6,966
10/27/2019 11:15,datasets/dataset_cropped/10_Metas/27/11/20191027111500_00160.jpg,datasets_flow/dataset_cropped/10_Metas/27/11/20191027111500_00160.jpg,datasets_cloudmask/dataset_cropped/10_Metas/27/11/20191027111500_00160.png,592.6,920,65.2,19.8,966
10/27/2019 11:16,datasets/dataset_cropped/10_Metas/27/11/20191027111600_00160.jpg,datasets_flow/dataset_cropped/10_Metas/27/11/20191027111600_00160.jpg,datasets_cloudmask/dataset_cropped/10_Metas/27/11/20191027111600_00160.png,596.5,924,65.5,19.9,966
10/27/2019 11:17,datasets/dataset_cropped/10_Metas/27/11/20191027111700_00160.jpg,datasets_flow/dataset_cropped/10_Metas/27/11/20191027111700_00160.jpg,datasets_cloudmask/dataset_cropped/10_Metas/27/11/20191027111700_00160.png,601.4,930,66.1,19.9,966
10/27/2019 11:18,datasets/dataset_cropped/10_Metas/27/11/20191027111800_00160.jpg,datasets_flow/dataset_cropped/10_Metas/27/11/20191027111800_00160.jpg,datasets_cloudmask/dataset_cropped/10_Metas/27/11/20191027111800_00160.png,604.7,934,66,19.9,966
10/27/2019 11:19,datasets/dataset_cropped/10_Metas/27/11/20191027111900_00160.jpg,datasets_flow/dataset_cropped/10_Metas/27/11/20191027111900_00160.jpg,datasets_cloudmask/dataset_cropped/10_Metas/27/11/20191027111900_00160.png,607.2,935,66.2,19.8,966
10/27/2019 11:20,datasets/dataset_cropped/10_Metas/27/11/20191027112000_00160.jpg,datasets_flow/dataset_cropped/10_Metas/27/11/20191027112000_00160.jpg,datasets_cloudmask/dataset_cropped/10_Metas/27/11/20191027112000_00160.png,608.8,936,66.4,19.7,966
10/27/2019 11:21,datasets/dataset_cropped/10_Metas/27/11/20191027112100_00160.jpg,datasets_flow/dataset_cropped/10_Metas/27/11/20191027112100_00160.jpg,datasets_cloudmask/dataset_cropped/10_Metas/27/11/20191027112100_00160.png,603.5,924,66.6,19.8,966
10/27/2019 11:22,datasets/dataset_cropped/10_Metas/27/11/20191027112200_00160.jpg,datasets_flow/dataset_cropped/10_Metas/27/11/20191027112200_00160.jpg,datasets_cloudmask/dataset_cropped/10_Metas/27/11/20191027112200_00160.png,611.9,935,67.2,19.8,966
10/27/2019 11:23,datasets/dataset_cropped/10_Metas/27/11/20191027112300_00160.jpg,datasets_flow/dataset_cropped/10_Metas/27/11/20191027112300_00160.jpg,datasets_cloudmask/dataset_cropped/10_Metas/27/11/20191027112300_00160.png,613.7,934,68,19.7,966
10/27/2019 11:24,datasets/dataset_cropped/10_Metas/27/11/20191027112400_00160.jpg,datasets_flow/dataset_cropped/10_Metas/27/11/20191027112400_00160.jpg,datasets_cloudmask/dataset_cropped/10_Metas/27/11/20191027112400_00160.png,616.5,936,68.4,19.8,966
10/27/2019 11:25,datasets/dataset_cropped/10_Metas/27/11/20191027112500_00160.jpg,datasets_flow/dataset_cropped/10_Metas/27/11/20191027112500_00160.jpg,datasets_cloudmask/dataset_cropped/10_Metas/27/11/20191027112500_00160.png,619.2,937,69.2,19.9,966
10/27/2019 11:26,datasets/dataset_cropped/10_Metas/27/11/20191027112600_00160.jpg,datasets_flow/dataset_cropped/10_Metas/27/11/20191027112600_00160.jpg,datasets_cloudmask/dataset_cropped/10_Metas/27/11/20191027112600_00160.png,622.3,939,70,19.9,966
10/27/2019 11:27,datasets/dataset_cropped/10_Metas/27/11/20191027112700_00160.jpg,datasets_flow/dataset_cropped/10_Metas/27/11/20191027112700_00160.jpg,datasets_cloudmask/dataset_cropped/10_Metas/27/11/20191027112700_00160.png,625.1,941,70.9,19.8,966
10/27/2019 11:28,datasets/dataset_cropped/10_Metas/27/11/20191027112800_00160.jpg,datasets_flow/dataset_cropped/10_Metas/27/11/20191027112800_00160.jpg,datasets_cloudmask/dataset_cropped/10_Metas/27/11/20191027112800_00160.png,624.9,937,71.8,20,966
10/27/2019 11:29,datasets/dataset_cropped/10_Metas/27/11/20191027112900_00160.jpg,datasets_flow/dataset_cropped/10_Metas/27/11/20191027112900_00160.jpg,datasets_cloudmask/dataset_cropped/10_Metas/27/11/20191027112900_00160.png,624.1,931,73.1,19.9,966
10/27/2019 11:30,datasets/dataset_cropped/10_Metas/27/11/20191027113000_00160.jpg,datasets_flow/dataset_cropped/10_Metas/27/11/20191027113000_00160.jpg,datasets_cloudmask/dataset_cropped/10_Metas/27/11/20191027113000_00160.png,617.1,915,74.3,19.9,966
10/27/2019 11:31,datasets/dataset_cropped/10_Metas/27/11/20191027113100_00160.jpg,datasets_flow/dataset_cropped/10_Metas/27/11/20191027113100_00160.jpg,datasets_cloudmask/dataset_cropped/10_Metas/27/11/20191027113100_00160.png,620.1,915,76.1,19.9,966
10/27/2019 11:32,datasets/dataset_cropped/10_Metas/27/11/20191027113200_00160.jpg,datasets_flow/dataset_cropped/10_Metas/27/11/20191027113200_00160.jpg,datasets_cloudmask/dataset_cropped/10_Metas/27/11/20191027113200_00160.png,622.2,915,77,19.9,966
10/27/2019 11:33,datasets/dataset_cropped/10_Metas/27/11/20191027113300_00160.jpg,datasets_flow/dataset_cropped/10_Metas/27/11/20191027113300_00160.jpg,datasets_cloudmask/dataset_cropped/10_Metas/27/11/20191027113300_00160.png,616.6,903,77.3,20,966
10/27/2019 11:34,datasets/dataset_cropped/10_Metas/27/11/20191027113400_00160.jpg,datasets_flow/dataset_cropped/10_Metas/27/11/20191027113400_00160.jpg,datasets_cloudmask/dataset_cropped/10_Metas/27/11/20191027113400_00160.png,611.4,892,77.9,19.9,966
10/27/2019 11:35,datasets/dataset_cropped/10_Metas/27/11/20191027113500_00160.jpg,datasets_flow/dataset_cropped/10_Metas/27/11/20191027113500_00160.jpg,datasets_cloudmask/dataset_cropped/10_Metas/27/11/20191027113500_00160.png,610,887,78.3,19.8,966
10/27/2019 11:36,datasets/dataset_cropped/10_Metas/27/11/20191027113600_00160.jpg,datasets_flow/dataset_cropped/10_Metas/27/11/20191027113600_00160.jpg,datasets_cloudmask/dataset_cropped/10_Metas/27/11/20191027113600_00160.png,615,894,78.2,19.8,966
10/27/2019 11:37,datasets/dataset_cropped/10_Metas/27/11/20191027113700_00160.jpg,datasets_flow/dataset_cropped/10_Metas/27/11/20191027113700_00160.jpg,datasets_cloudmask/dataset_cropped/10_Metas/27/11/20191027113700_00160.png,625.3,909,78.6,19.9,966
10/27/2019 11:38,datasets/dataset_cropped/10_Metas/27/11/20191027113800_00160.jpg,datasets_flow/dataset_cropped/10_Metas/27/11/20191027113800_00160.jpg,datasets_cloudmask/dataset_cropped/10_Metas/27/11/20191027113800_00160.png,631.7,918,78.3,20,966
10/27/2019 11:39,datasets/dataset_cropped/10_Metas/27/11/20191027113900_00160.jpg,datasets_flow/dataset_cropped/10_Metas/27/11/20191027113900_00160.jpg,datasets_cloudmask/dataset_cropped/10_Metas/27/11/20191027113900_00160.png,636.9,926,78.2,20.2,966
10/27/2019 11:40,datasets/dataset_cropped/10_Metas/27/11/20191027114000_00160.jpg,datasets_flow/dataset_cropped/10_Metas/27/11/20191027114000_00160.jpg,datasets_cloudmask/dataset_cropped/10_Metas/27/11/20191027114000_00160.png,639.3,928,78.1,20.1,966
10/27/2019 11:41,datasets/dataset_cropped/10_Metas/27/11/20191027114100_00160.jpg,datasets_flow/dataset_cropped/10_Metas/27/11/20191027114100_00160.jpg,datasets_cloudmask/dataset_cropped/10_Metas/27/11/20191027114100_00160.png,632.7,915,78.2,20,965
10/27/2019 11:42,datasets/dataset_cropped/10_Metas/27/11/20191027114200_00160.jpg,datasets_flow/dataset_cropped/10_Metas/27/11/20191027114200_00160.jpg,datasets_cloudmask/dataset_cropped/10_Metas/27/11/20191027114200_00160.png,632.8,913,78.6,20,965
10/27/2019 11:43,datasets/dataset_cropped/10_Metas/27/11/20191027114300_00160.jpg,datasets_flow/dataset_cropped/10_Metas/27/11/20191027114300_00160.jpg,datasets_cloudmask/dataset_cropped/10_Metas/27/11/20191027114300_00160.png,635,914,79,20.1,965
10/27/2019 11:44,datasets/dataset_cropped/10_Metas/27/11/20191027114400_00160.jpg,datasets_flow/dataset_cropped/10_Metas/27/11/20191027114400_00160.jpg,datasets_cloudmask/dataset_cropped/10_Metas/27/11/20191027114400_00160.png,631.7,907,79.1,20.3,965
10/27/2019 11:45,datasets/dataset_cropped/10_Metas/27/11/20191027114500_00160.jpg,datasets_flow/dataset_cropped/10_Metas/27/11/20191027114500_00160.jpg,datasets_cloudmask/dataset_cropped/10_Metas/27/11/20191027114500_00160.png,630.1,902,79.5,20.5,965
10/27/2019 11:46,datasets/dataset_cropped/10_Metas/27/11/20191027114600_00160.jpg,datasets_flow/dataset_cropped/10_Metas/27/11/20191027114600_00160.jpg,datasets_cloudmask/dataset_cropped/10_Metas/27/11/20191027114600_00160.png,630.7,901,80,20.5,965
10/27/2019 11:47,datasets/dataset_cropped/10_Metas/27/11/20191027114700_00160.jpg,datasets_flow/dataset_cropped/10_Metas/27/11/20191027114700_00160.jpg,datasets_cloudmask/dataset_cropped/10_Metas/27/11/20191027114700_00160.png,641,915,80.4,20.3,965
10/27/2019 11:48,datasets/dataset_cropped/10_Metas/27/11/20191027114800_00160.jpg,datasets_flow/dataset_cropped/10_Metas/27/11/20191027114800_00160.jpg,datasets_cloudmask/dataset_cropped/10_Metas/27/11/20191027114800_00160.png,636,905,81.1,20.2,965
10/27/2019 11:49,datasets/dataset_cropped/10_Metas/27/11/20191027114900_00160.jpg,datasets_flow/dataset_cropped/10_Metas/27/11/20191027114900_00160.jpg,datasets_cloudmask/dataset_cropped/10_Metas/27/11/20191027114900_00160.png,637.1,906,81.2,20.3,965
10/27/2019 11:50,datasets/dataset_cropped/10_Metas/27/11/20191027115000_00160.jpg,datasets_flow/dataset_cropped/10_Metas/27/11/20191027115000_00160.jpg,datasets_cloudmask/dataset_cropped/10_Metas/27/11/20191027115000_00160.png,634.7,901,81.4,20.2,965
10/27/2019 11:51,datasets/dataset_cropped/10_Metas/27/11/20191027115100_00160.jpg,datasets_flow/dataset_cropped/10_Metas/27/11/20191027115100_00160.jpg,datasets_cloudmask/dataset_cropped/10_Metas/27/11/20191027115100_00160.png,633.4,897,81.5,20.1,965
10/27/2019 11:52,datasets/dataset_cropped/10_Metas/27/11/20191027115200_00160.jpg,datasets_flow/dataset_cropped/10_Metas/27/11/20191027115200_00160.jpg,datasets_cloudmask/dataset_cropped/10_Metas/27/11/20191027115200_00160.png,634.4,897,81.7,20.4,965
10/27/2019 11:53,datasets/dataset_cropped/10_Metas/27/11/20191027115300_00160.jpg,datasets_flow/dataset_cropped/10_Metas/27/11/20191027115300_00160.jpg,datasets_cloudmask/dataset_cropped/10_Metas/27/11/20191027115300_00160.png,641.5,906,82.3,20.4,965
10/27/2019 11:54,datasets/dataset_cropped/10_Metas/27/11/20191027115400_00160.jpg,datasets_flow/dataset_cropped/10_Metas/27/11/20191027115400_00160.jpg,datasets_cloudmask/dataset_cropped/10_Metas/27/11/20191027115400_00160.png,638.1,899,82.4,20.6,965
10/27/2019 11:55,datasets/dataset_cropped/10_Metas/27/11/20191027115500_00160.jpg,datasets_flow/dataset_cropped/10_Metas/27/11/20191027115500_00160.jpg,datasets_cloudmask/dataset_cropped/10_Metas/27/11/20191027115500_00160.png,610,852,82.1,20.6,965
10/27/2019 11:56,datasets/dataset_cropped/10_Metas/27/11/20191027115600_00160.jpg,datasets_flow/dataset_cropped/10_Metas/27/11/20191027115600_00160.jpg,datasets_cloudmask/dataset_cropped/10_Metas/27/11/20191027115600_00160.png,617.4,862,82.4,20.4,965
10/27/2019 11:57,datasets/dataset_cropped/10_Metas/27/11/20191027115700_00160.jpg,datasets_flow/dataset_cropped/10_Metas/27/11/20191027115700_00160.jpg,datasets_cloudmask/dataset_cropped/10_Metas/27/11/20191027115700_00160.png,610.8,850,82.7,20.2,965
10/27/2019 11:58,datasets/dataset_cropped/10_Metas/27/11/20191027115800_00160.jpg,datasets_flow/dataset_cropped/10_Metas/27/11/20191027115800_00160.jpg,datasets_cloudmask/dataset_cropped/10_Metas/27/11/20191027115800_00160.png,626.4,874,82.9,20.2,965
10/27/2019 11:59,datasets/dataset_cropped/10_Metas/27/11/20191027115900_00160.jpg,datasets_flow/dataset_cropped/10_Metas/27/11/20191027115900_00160.jpg,datasets_cloudmask/dataset_cropped/10_Metas/27/11/20191027115900_00160.png,646.8,905,83.1,20.3,965
10/27/2019 12:00,datasets/dataset_cropped/10_Metas/27/12/20191027120000_00160.jpg,datasets_flow/dataset_cropped/10_Metas/27/12/20191027120000_00160.jpg,datasets_cloudmask/dataset_cropped/10_Metas/27/12/20191027120000_00160.png,650.1,908,83.3,20.5,965
10/27/2019 12:01,datasets/dataset_cropped/10_Metas/27/12/20191027120100_00160.jpg,datasets_flow/dataset_cropped/10_Metas/27/12/20191027120100_00160.jpg,datasets_cloudmask/dataset_cropped/10_Metas/27/12/20191027120100_00160.png,654.9,914,84.1,20.6,965
10/27/2019 12:02,datasets/dataset_cropped/10_Metas/27/12/20191027120200_00160.jpg,datasets_flow/dataset_cropped/10_Metas/27/12/20191027120200_00160.jpg,datasets_cloudmask/dataset_cropped/10_Metas/27/12/20191027120200_00160.png,652.7,910,84.3,20.7,965
10/27/2019 12:03,datasets/dataset_cropped/10_Metas/27/12/20191027120300_00160.jpg,datasets_flow/dataset_cropped/10_Metas/27/12/20191027120300_00160.jpg,datasets_cloudmask/dataset_cropped/10_Metas/27/12/20191027120300_00160.png,653.4,910,84.3,20.7,965
10/27/2019 12:04,datasets/dataset_cropped/10_Metas/27/12/20191027120400_00160.jpg,datasets_flow/dataset_cropped/10_Metas/27/12/20191027120400_00160.jpg,datasets_cloudmask/dataset_cropped/10_Metas/27/12/20191027120400_00160.png,647,899,84.1,20.8,965
10/27/2019 12:05,datasets/dataset_cropped/10_Metas/27/12/20191027120500_00160.jpg,datasets_flow/dataset_cropped/10_Metas/27/12/20191027120500_00160.jpg,datasets_cloudmask/dataset_cropped/10_Metas/27/12/20191027120500_00160.png,643.7,893,84.1,20.9,965
10/27/2019 12:06,datasets/dataset_cropped/10_Metas/27/12/20191027120600_00160.jpg,datasets_flow/dataset_cropped/10_Metas/27/12/20191027120600_00160.jpg,datasets_cloudmask/dataset_cropped/10_Metas/27/12/20191027120600_00160.png,640.1,886,83.9,20.9,965
10/27/2019 12:07,datasets/dataset_cropped/10_Metas/27/12/20191027120700_00160.jpg,datasets_flow/dataset_cropped/10_Metas/27/12/20191027120700_00160.jpg,datasets_cloudmask/dataset_cropped/10_Metas/27/12/20191027120700_00160.png,653.8,908,83.7,20.8,965
10/27/2019 12:08,datasets/dataset_cropped/10_Metas/27/12/20191027120800_00160.jpg,datasets_flow/dataset_cropped/10_Metas/27/12/20191027120800_00160.jpg,datasets_cloudmask/dataset_cropped/10_Metas/27/12/20191027120800_00160.png,649.8,901,83.5,20.6,965
10/27/2019 12:09,datasets/dataset_cropped/10_Metas/27/12/20191027120900_00160.jpg,datasets_flow/dataset_cropped/10_Metas/27/12/20191027120900_00160.jpg,datasets_cloudmask/dataset_cropped/10_Metas/27/12/20191027120900_00160.png,644.2,892,82.9,20.6,965
10/27/2019 12:10,datasets/dataset_cropped/10_Metas/27/12/20191027121000_00160.jpg,datasets_flow/dataset_cropped/10_Metas/27/12/20191027121000_00160.jpg,datasets_cloudmask/dataset_cropped/10_Metas/27/12/20191027121000_00160.png,633.9,876,82,20.7,965
10/27/2019 12:11,datasets/dataset_cropped/10_Metas/27/12/20191027121100_00160.jpg,datasets_flow/dataset_cropped/10_Metas/27/12/20191027121100_00160.jpg,datasets_cloudmask/dataset_cropped/10_Metas/27/12/20191027121100_00160.png,625.6,863,80.9,20.7,965
10/27/2019 12:12,datasets/dataset_cropped/10_Metas/27/12/20191027121200_00160.jpg,datasets_flow/dataset_cropped/10_Metas/27/12/20191027121200_00160.jpg,datasets_cloudmask/dataset_cropped/10_Metas/27/12/20191027121200_00160.png,635.2,879,79.9,20.7,965
10/27/2019 12:13,datasets/dataset_cropped/10_Metas/27/12/20191027121300_00160.jpg,datasets_flow/dataset_cropped/10_Metas/27/12/20191027121300_00160.jpg,datasets_cloudmask/dataset_cropped/10_Metas/27/12/20191027121300_00160.png,644.4,894,79,20.7,965
10/27/2019 12:14,datasets/dataset_cropped/10_Metas/27/12/20191027121400_00160.jpg,datasets_flow/dataset_cropped/10_Metas/27/12/20191027121400_00160.jpg,datasets_cloudmask/dataset_cropped/10_Metas/27/12/20191027121400_00160.png,652.9,908,77.7,20.8,965
10/27/2019 12:15,datasets/dataset_cropped/10_Metas/27/12/20191027121500_00160.jpg,datasets_flow/dataset_cropped/10_Metas/27/12/20191027121500_00160.jpg,datasets_cloudmask/dataset_cropped/10_Metas/27/12/20191027121500_00160.png,656,914,76.7,20.9,965
10/27/2019 12:16,datasets/dataset_cropped/10_Metas/27/12/20191027121600_00160.jpg,datasets_flow/dataset_cropped/10_Metas/27/12/20191027121600_00160.jpg,datasets_cloudmask/dataset_cropped/10_Metas/27/12/20191027121600_00160.png,662.7,926,75.6,20.9,965
10/27/2019 12:17,datasets/dataset_cropped/10_Metas/27/12/20191027121700_00160.jpg,datasets_flow/dataset_cropped/10_Metas/27/12/20191027121700_00160.jpg,datasets_cloudmask/dataset_cropped/10_Metas/27/12/20191027121700_00160.png,663.4,929,74.4,20.9,965
10/27/2019 12:18,datasets/dataset_cropped/10_Metas/27/12/20191027121800_00160.jpg,datasets_flow/dataset_cropped/10_Metas/27/12/20191027121800_00160.jpg,datasets_cloudmask/dataset_cropped/10_Metas/27/12/20191027121800_00160.png,671.6,942,73.4,20.9,965
10/27/2019 12:19,datasets/dataset_cropped/10_Metas/27/12/20191027121900_00160.jpg,datasets_flow/dataset_cropped/10_Metas/27/12/20191027121900_00160.jpg,datasets_cloudmask/dataset_cropped/10_Metas/27/12/20191027121900_00160.png,671.1,942,72.4,20.9,965
10/27/2019 12:20,datasets/dataset_cropped/10_Metas/27/12/20191027122000_00160.jpg,datasets_flow/dataset_cropped/10_Metas/27/12/20191027122000_00160.jpg,datasets_cloudmask/dataset_cropped/10_Metas/27/12/20191027122000_00160.png,669.7,941,71.4,21,965
10/27/2019 12:21,datasets/dataset_cropped/10_Metas/27/12/20191027122100_00160.jpg,datasets_flow/dataset_cropped/10_Metas/27/12/20191027122100_00160.jpg,datasets_cloudmask/dataset_cropped/10_Metas/27/12/20191027122100_00160.png,661.9,930,70.9,21.1,965
10/27/2019 12:22,datasets/dataset_cropped/10_Metas/27/12/20191027122200_00160.jpg,datasets_flow/dataset_cropped/10_Metas/27/12/20191027122200_00160.jpg,datasets_cloudmask/dataset_cropped/10_Metas/27/12/20191027122200_00160.png,674,949,70.1,21.1,965
10/27/2019 12:23,datasets/dataset_cropped/10_Metas/27/12/20191027122300_00160.jpg,datasets_flow/dataset_cropped/10_Metas/27/12/20191027122300_00160.jpg,datasets_cloudmask/dataset_cropped/10_Metas/27/12/20191027122300_00160.png,675.2,952,69.4,21.1,965
10/27/2019 12:24,datasets/dataset_cropped/10_Metas/27/12/20191027122400_00160.jpg,datasets_flow/dataset_cropped/10_Metas/27/12/20191027122400_00160.jpg,datasets_cloudmask/dataset_cropped/10_Metas/27/12/20191027122400_00160.png,675.8,953,68.8,21.2,965
10/27/2019 12:25,datasets/dataset_cropped/10_Metas/27/12/20191027122500_00160.jpg,datasets_flow/dataset_cropped/10_Metas/27/12/20191027122500_00160.jpg,datasets_cloudmask/dataset_cropped/10_Metas/27/12/20191027122500_00160.png,675.6,953,68.1,21.3,965
10/27/2019 12:26,datasets/dataset_cropped/10_Metas/27/12/20191027122600_00160.jpg,datasets_flow/dataset_cropped/10_Metas/27/12/20191027122600_00160.jpg,datasets_cloudmask/dataset_cropped/10_Metas/27/12/20191027122600_00160.png,674.4,950,67.7,21.4,965
10/27/2019 12:27,datasets/dataset_cropped/10_Metas/27/12/20191027122700_00160.jpg,datasets_flow/dataset_cropped/10_Metas/27/12/20191027122700_00160.jpg,datasets_cloudmask/dataset_cropped/10_Metas/27/12/20191027122700_00160.png,675.2,951,67.6,21.3,965
10/27/2019 12:28,datasets/dataset_cropped/10_Metas/27/12/20191027122800_00160.jpg,datasets_flow/dataset_cropped/10_Metas/27/12/20191027122800_00160.jpg,datasets_cloudmask/dataset_cropped/10_Metas/27/12/20191027122800_00160.png,674.8,950,67.2,21.2,965
10/27/2019 12:29,datasets/dataset_cropped/10_Metas/27/12/20191027122900_00160.jpg,datasets_flow/dataset_cropped/10_Metas/27/12/20191027122900_00160.jpg,datasets_cloudmask/dataset_cropped/10_Metas/27/12/20191027122900_00160.png,674.1,948,67.2,21.1,965
10/27/2019 12:30,datasets/dataset_cropped/10_Metas/27/12/20191027123000_00160.jpg,datasets_flow/dataset_cropped/10_Metas/27/12/20191027123000_00160.jpg,datasets_cloudmask/dataset_cropped/10_Metas/27/12/20191027123000_00160.png,675.5,950,67.4,21.2,965
10/27/2019 12:31,datasets/dataset_cropped/10_Metas/27/12/20191027123100_00160.jpg,datasets_flow/dataset_cropped/10_Metas/27/12/20191027123100_00160.jpg,datasets_cloudmask/dataset_cropped/10_Metas/27/12/20191027123100_00160.png,673.2,947,67,21.3,965
10/27/2019 12:32,datasets/dataset_cropped/10_Metas/27/12/20191027123200_00160.jpg,datasets_flow/dataset_cropped/10_Metas/27/12/20191027123200_00160.jpg,datasets_cloudmask/dataset_cropped/10_Metas/27/12/20191027123200_00160.png,665.2,934,66.7,21.4,965
10/27/2019 12:33,datasets/dataset_cropped/10_Metas/27/12/20191027123300_00160.jpg,datasets_flow/dataset_cropped/10_Metas/27/12/20191027123300_00160.jpg,datasets_cloudmask/dataset_cropped/10_Metas/27/12/20191027123300_00160.png,670.9,943,66.5,21.3,965
10/27/2019 12:34,datasets/dataset_cropped/10_Metas/27/12/20191027123400_00160.jpg,datasets_flow/dataset_cropped/10_Metas/27/12/20191027123400_00160.jpg,datasets_cloudmask/dataset_cropped/10_Metas/27/12/20191027123400_00160.png,675.5,950,66.1,21.1,965
10/27/2019 12:35,datasets/dataset_cropped/10_Metas/27/12/20191027123500_00160.jpg,datasets_flow/dataset_cropped/10_Metas/27/12/20191027123500_00160.jpg,datasets_cloudmask/dataset_cropped/10_Metas/27/12/20191027123500_00160.png,675.6,951,65.8,21.1,965
10/27/2019 12:36,datasets/dataset_cropped/10_Metas/27/12/20191027123600_00160.jpg,datasets_flow/dataset_cropped/10_Metas/27/12/20191027123600_00160.jpg,datasets_cloudmask/dataset_cropped/10_Metas/27/12/20191027123600_00160.png,675.7,951,65.4,21,965
10/27/2019 12:37,datasets/dataset_cropped/10_Metas/27/12/20191027123700_00160.jpg,datasets_flow/dataset_cropped/10_Metas/27/12/20191027123700_00160.jpg,datasets_cloudmask/dataset_cropped/10_Metas/27/12/20191027123700_00160.png,675.7,950,65.1,21.1,965
10/27/2019 12:38,datasets/dataset_cropped/10_Metas/27/12/20191027123800_00160.jpg,datasets_flow/dataset_cropped/10_Metas/27/12/20191027123800_00160.jpg,datasets_cloudmask/dataset_cropped/10_Metas/27/12/20191027123800_00160.png,676.1,950,65,21.1,965
10/27/2019 12:39,datasets/dataset_cropped/10_Metas/27/12/20191027123900_00160.jpg,datasets_flow/dataset_cropped/10_Metas/27/12/20191027123900_00160.jpg,datasets_cloudmask/dataset_cropped/10_Metas/27/12/20191027123900_00160.png,676.2,950,64.9,21.2,965
10/27/2019 12:40,datasets/dataset_cropped/10_Metas/27/12/20191027124000_00160.jpg,datasets_flow/dataset_cropped/10_Metas/27/12/20191027124000_00160.jpg,datasets_cloudmask/dataset_cropped/10_Metas/27/12/20191027124000_00160.png,676.7,951,65,21.1,965
10/27/2019 12:41,datasets/dataset_cropped/10_Metas/27/12/20191027124100_00160.jpg,datasets_flow/dataset_cropped/10_Metas/27/12/20191027124100_00160.jpg,datasets_cloudmask/dataset_cropped/10_Metas/27/12/20191027124100_00160.png,677.2,952,65,21.1,965
10/27/2019 12:42,datasets/dataset_cropped/10_Metas/27/12/20191027124200_00160.jpg,datasets_flow/dataset_cropped/10_Metas/27/12/20191027124200_00160.jpg,datasets_cloudmask/dataset_cropped/10_Metas/27/12/20191027124200_00160.png,677.6,953,65.1,21.1,965
10/27/2019 12:43,datasets/dataset_cropped/10_Metas/27/12/20191027124300_00160.jpg,datasets_flow/dataset_cropped/10_Metas/27/12/20191027124300_00160.jpg,datasets_cloudmask/dataset_cropped/10_Metas/27/12/20191027124300_00160.png,677.6,952,64.8,21.3,965
10/27/2019 12:44,datasets/dataset_cropped/10_Metas/27/12/20191027124400_00160.jpg,datasets_flow/dataset_cropped/10_Metas/27/12/20191027124400_00160.jpg,datasets_cloudmask/dataset_cropped/10_Metas/27/12/20191027124400_00160.png,677.2,952,64.8,21.4,965
10/27/2019 12:45,datasets/dataset_cropped/10_Metas/27/12/20191027124500_00160.jpg,datasets_flow/dataset_cropped/10_Metas/27/12/20191027124500_00160.jpg,datasets_cloudmask/dataset_cropped/10_Metas/27/12/20191027124500_00160.png,676.6,951,64.8,21.3,965
10/27/2019 12:46,datasets/dataset_cropped/10_Metas/27/12/20191027124600_00160.jpg,datasets_flow/dataset_cropped/10_Metas/27/12/20191027124600_00160.jpg,datasets_cloudmask/dataset_cropped/10_Metas/27/12/20191027124600_00160.png,676.8,951,65.2,21.3,965
10/27/2019 12:47,datasets/dataset_cropped/10_Metas/27/12/20191027124700_00160.jpg,datasets_flow/dataset_cropped/10_Metas/27/12/20191027124700_00160.jpg,datasets_cloudmask/dataset_cropped/10_Metas/27/12/20191027124700_00160.png,676.8,951,64.9,21.3,965
10/27/2019 12:48,datasets/dataset_cropped/10_Metas/27/12/20191027124800_00160.jpg,datasets_flow/dataset_cropped/10_Metas/27/12/20191027124800_00160.jpg,datasets_cloudmask/dataset_cropped/10_Metas/27/12/20191027124800_00160.png,676.8,952,64.7,21.2,965
10/27/2019 12:49,datasets/dataset_cropped/10_Metas/27/12/20191027124900_00160.jpg,datasets_flow/dataset_cropped/10_Metas/27/12/20191027124900_00160.jpg,datasets_cloudmask/dataset_cropped/10_Metas/27/12/20191027124900_00160.png,677.1,953,64.7,21.2,965
10/27/2019 12:50,datasets/dataset_cropped/10_Metas/27/12/20191027125000_00160.jpg,datasets_flow/dataset_cropped/10_Metas/27/12/20191027125000_00160.jpg,datasets_cloudmask/dataset_cropped/10_Metas/27/12/20191027125000_00160.png,677.5,953,64.9,21.3,965
10/27/2019 12:51,datasets/dataset_cropped/10_Metas/27/12/20191027125100_00160.jpg,datasets_flow/dataset_cropped/10_Metas/27/12/20191027125100_00160.jpg,datasets_cloudmask/dataset_cropped/10_Metas/27/12/20191027125100_00160.png,677.6,953,64.7,21.4,965
10/27/2019 12:52,datasets/dataset_cropped/10_Metas/27/12/20191027125200_00160.jpg,datasets_flow/dataset_cropped/10_Metas/27/12/20191027125200_00160.jpg,datasets_cloudmask/dataset_cropped/10_Metas/27/12/20191027125200_00160.png,677.8,953,64.7,21.6,965
10/27/2019 12:53,datasets/dataset_cropped/10_Metas/27/12/20191027125300_00160.jpg,datasets_flow/dataset_cropped/10_Metas/27/12/20191027125300_00160.jpg,datasets_cloudmask/dataset_cropped/10_Metas/27/12/20191027125300_00160.png,677.5,952,64.7,21.8,965
10/27/2019 12:54,datasets/dataset_cropped/10_Metas/27/12/20191027125400_00160.jpg,datasets_flow/dataset_cropped/10_Metas/27/12/20191027125400_00160.jpg,datasets_cloudmask/dataset_cropped/10_Metas/27/12/20191027125400_00160.png,677.4,952,64.5,21.8,965
10/27/2019 12:55,datasets/dataset_cropped/10_Metas/27/12/20191027125500_00160.jpg,datasets_flow/dataset_cropped/10_Metas/27/12/20191027125500_00160.jpg,datasets_cloudmask/dataset_cropped/10_Metas/27/12/20191027125500_00160.png,677.1,951,64.7,22,965
10/27/2019 12:56,datasets/dataset_cropped/10_Metas/27/12/20191027125600_00160.jpg,datasets_flow/dataset_cropped/10_Metas/27/12/20191027125600_00160.jpg,datasets_cloudmask/dataset_cropped/10_Metas/27/12/20191027125600_00160.png,676.7,951,64.7,22.1,965
10/27/2019 12:57,datasets/dataset_cropped/10_Metas/27/12/20191027125700_00160.jpg,datasets_flow/dataset_cropped/10_Metas/27/12/20191027125700_00160.jpg,datasets_cloudmask/dataset_cropped/10_Metas/27/12/20191027125700_00160.png,676.3,950,64.7,22.1,965
10/27/2019 12:58,datasets/dataset_cropped/10_Metas/27/12/20191027125800_00160.jpg,datasets_flow/dataset_cropped/10_Metas/27/12/20191027125800_00160.jpg,datasets_cloudmask/dataset_cropped/10_Metas/27/12/20191027125800_00160.png,675.4,949,65,22.1,965
10/27/2019 12:59,datasets/dataset_cropped/10_Metas/27/12/20191027125900_00160.jpg,datasets_flow/dataset_cropped/10_Metas/27/12/20191027125900_00160.jpg,datasets_cloudmask/dataset_cropped/10_Metas/27/12/20191027125900_00160.png,674.7,948,65,21.9,965
10/27/2019 13:00,datasets/dataset_cropped/10_Metas/27/13/20191027130000_00160.jpg,datasets_flow/dataset_cropped/10_Metas/27/13/20191027130000_00160.jpg,datasets_cloudmask/dataset_cropped/10_Metas/27/13/20191027130000_00160.png,674.3,948,65.1,21.8,965
10/27/2019 13:01,datasets/dataset_cropped/10_Metas/27/13/20191027130100_00160.jpg,datasets_flow/dataset_cropped/10_Metas/27/13/20191027130100_00160.jpg,datasets_cloudmask/dataset_cropped/10_Metas/27/13/20191027130100_00160.png,673.8,946,65.2,21.9,965
10/27/2019 13:02,datasets/dataset_cropped/10_Metas/27/13/20191027130200_00160.jpg,datasets_flow/dataset_cropped/10_Metas/27/13/20191027130200_00160.jpg,datasets_cloudmask/dataset_cropped/10_Metas/27/13/20191027130200_00160.png,674,946,65.5,22.1,965
10/27/2019 13:03,datasets/dataset_cropped/10_Metas/27/13/20191027130300_00160.jpg,datasets_flow/dataset_cropped/10_Metas/27/13/20191027130300_00160.jpg,datasets_cloudmask/dataset_cropped/10_Metas/27/13/20191027130300_00160.png,674.5,947,65.8,22.2,965
10/27/2019 13:04,datasets/dataset_cropped/10_Metas/27/13/20191027130400_00160.jpg,datasets_flow/dataset_cropped/10_Metas/27/13/20191027130400_00160.jpg,datasets_cloudmask/dataset_cropped/10_Metas/27/13/20191027130400_00160.png,674.1,946,65.9,21.8,965
10/27/2019 13:05,datasets/dataset_cropped/10_Metas/27/13/20191027130500_00160.jpg,datasets_flow/dataset_cropped/10_Metas/27/13/20191027130500_00160.jpg,datasets_cloudmask/dataset_cropped/10_Metas/27/13/20191027130500_00160.png,674.2,946,66,21.7,965
10/27/2019 13:06,datasets/dataset_cropped/10_Metas/27/13/20191027130600_00160.jpg,datasets_flow/dataset_cropped/10_Metas/27/13/20191027130600_00160.jpg,datasets_cloudmask/dataset_cropped/10_Metas/27/13/20191027130600_00160.png,674.1,947,66,21.7,965
10/27/2019 13:07,datasets/dataset_cropped/10_Metas/27/13/20191027130700_00160.jpg,datasets_flow/dataset_cropped/10_Metas/27/13/20191027130700_00160.jpg,datasets_cloudmask/dataset_cropped/10_Metas/27/13/20191027130700_00160.png,673.4,945,66.3,21.5,965
10/27/2019 13:08,datasets/dataset_cropped/10_Metas/27/13/20191027130800_00160.jpg,datasets_flow/dataset_cropped/10_Metas/27/13/20191027130800_00160.jpg,datasets_cloudmask/dataset_cropped/10_Metas/27/13/20191027130800_00160.png,672.7,944,66.2,21.4,965
10/27/2019 13:09,datasets/dataset_cropped/10_Metas/27/13/20191027130900_00160.jpg,datasets_flow/dataset_cropped/10_Metas/27/13/20191027130900_00160.jpg,datasets_cloudmask/dataset_cropped/10_Metas/27/13/20191027130900_00160.png,672.2,943,66.5,21.6,964
10/27/2019 13:10,datasets/dataset_cropped/10_Metas/27/13/20191027131000_00160.jpg,datasets_flow/dataset_cropped/10_Metas/27/13/20191027131000_00160.jpg,datasets_cloudmask/dataset_cropped/10_Metas/27/13/20191027131000_00160.png,670.9,940,66.6,21.8,964
10/27/2019 13:11,datasets/dataset_cropped/10_Metas/27/13/20191027131100_00160.jpg,datasets_flow/dataset_cropped/10_Metas/27/13/20191027131100_00160.jpg,datasets_cloudmask/dataset_cropped/10_Metas/27/13/20191027131100_00160.png,670.8,940,67.1,22,964
10/27/2019 13:12,datasets/dataset_cropped/10_Metas/27/13/20191027131200_00160.jpg,datasets_flow/dataset_cropped/10_Metas/27/13/20191027131200_00160.jpg,datasets_cloudmask/dataset_cropped/10_Metas/27/13/20191027131200_00160.png,670.6,940,67.3,22,965
10/27/2019 13:13,datasets/dataset_cropped/10_Metas/27/13/20191027131300_00160.jpg,datasets_flow/dataset_cropped/10_Metas/27/13/20191027131300_00160.jpg,datasets_cloudmask/dataset_cropped/10_Metas/27/13/20191027131300_00160.png,669.9,939,67.5,22.1,964
10/27/2019 13:14,datasets/dataset_cropped/10_Metas/27/13/20191027131400_00160.jpg,datasets_flow/dataset_cropped/10_Metas/27/13/20191027131400_00160.jpg,datasets_cloudmask/dataset_cropped/10_Metas/27/13/20191027131400_00160.png,669.9,939,67.4,21.9,964
10/27/2019 13:15,datasets/dataset_cropped/10_Metas/27/13/20191027131500_00160.jpg,datasets_flow/dataset_cropped/10_Metas/27/13/20191027131500_00160.jpg,datasets_cloudmask/dataset_cropped/10_Metas/27/13/20191027131500_00160.png,669.4,939,67.4,22,964
10/27/2019 13:16,datasets/dataset_cropped/10_Metas/27/13/20191027131600_00160.jpg,datasets_flow/dataset_cropped/10_Metas/27/13/20191027131600_00160.jpg,datasets_cloudmask/dataset_cropped/10_Metas/27/13/20191027131600_00160.png,669.5,939,67.6,22,964
10/27/2019 13:17,datasets/dataset_cropped/10_Metas/27/13/20191027131700_00160.jpg,datasets_flow/dataset_cropped/10_Metas/27/13/20191027131700_00160.jpg,datasets_cloudmask/dataset_cropped/10_Metas/27/13/20191027131700_00160.png,669.6,939,68,21.9,964
10/27/2019 13:18,datasets/dataset_cropped/10_Metas/27/13/20191027131800_00160.jpg,datasets_flow/dataset_cropped/10_Metas/27/13/20191027131800_00160.jpg,datasets_cloudmask/dataset_cropped/10_Metas/27/13/20191027131800_00160.png,665.2,932,68.3,22.1,964
10/27/2019 13:19,datasets/dataset_cropped/10_Metas/27/13/20191027131900_00160.jpg,datasets_flow/dataset_cropped/10_Metas/27/13/20191027131900_00160.jpg,datasets_cloudmask/dataset_cropped/10_Metas/27/13/20191027131900_00160.png,648.7,908,68.4,22.1,964
10/27/2019 13:20,datasets/dataset_cropped/10_Metas/27/13/20191027132000_00160.jpg,datasets_flow/dataset_cropped/10_Metas/27/13/20191027132000_00160.jpg,datasets_cloudmask/dataset_cropped/10_Metas/27/13/20191027132000_00160.png,664,932,69.4,22,964
10/27/2019 13:21,datasets/dataset_cropped/10_Metas/27/13/20191027132100_00160.jpg,datasets_flow/dataset_cropped/10_Metas/27/13/20191027132100_00160.jpg,datasets_cloudmask/dataset_cropped/10_Metas/27/13/20191027132100_00160.png,667.1,938,69.1,21.8,964
10/27/2019 13:22,datasets/dataset_cropped/10_Metas/27/13/20191027132200_00160.jpg,datasets_flow/dataset_cropped/10_Metas/27/13/20191027132200_00160.jpg,datasets_cloudmask/dataset_cropped/10_Metas/27/13/20191027132200_00160.png,665.4,936,68.8,21.8,964
10/27/2019 13:23,datasets/dataset_cropped/10_Metas/27/13/20191027132300_00160.jpg,datasets_flow/dataset_cropped/10_Metas/27/13/20191027132300_00160.jpg,datasets_cloudmask/dataset_cropped/10_Metas/27/13/20191027132300_00160.png,665.2,936,68.6,21.9,964
10/27/2019 13:24,datasets/dataset_cropped/10_Metas/27/13/20191027132400_00160.jpg,datasets_flow/dataset_cropped/10_Metas/27/13/20191027132400_00160.jpg,datasets_cloudmask/dataset_cropped/10_Metas/27/13/20191027132400_00160.png,664.6,936,68.2,21.8,964
10/27/2019 13:25,datasets/dataset_cropped/10_Metas/27/13/20191027132500_00160.jpg,datasets_flow/dataset_cropped/10_Metas/27/13/20191027132500_00160.jpg,datasets_cloudmask/dataset_cropped/10_Metas/27/13/20191027132500_00160.png,663.3,934,68.1,21.7,964
10/27/2019 13:26,datasets/dataset_cropped/10_Metas/27/13/20191027132600_00160.jpg,datasets_flow/dataset_cropped/10_Metas/27/13/20191027132600_00160.jpg,datasets_cloudmask/dataset_cropped/10_Metas/27/13/20191027132600_00160.png,660.4,930,67.7,21.9,964
10/27/2019 13:27,datasets/dataset_cropped/10_Metas/27/13/20191027132700_00160.jpg,datasets_flow/dataset_cropped/10_Metas/27/13/20191027132700_00160.jpg,datasets_cloudmask/dataset_cropped/10_Metas/27/13/20191027132700_00160.png,660.3,930,67.6,22.2,964
10/27/2019 13:28,datasets/dataset_cropped/10_Metas/27/13/20191027132800_00160.jpg,datasets_flow/dataset_cropped/10_Metas/27/13/20191027132800_00160.jpg,datasets_cloudmask/dataset_cropped/10_Metas/27/13/20191027132800_00160.png,661.2,932,67.5,22.3,964
10/27/2019 13:29,datasets/dataset_cropped/10_Metas/27/13/20191027132900_00160.jpg,datasets_flow/dataset_cropped/10_Metas/27/13/20191027132900_00160.jpg,datasets_cloudmask/dataset_cropped/10_Metas/27/13/20191027132900_00160.png,660.5,931,67.5,22.2,964
10/27/2019 13:30,datasets/dataset_cropped/10_Metas/27/13/20191027133000_00160.jpg,datasets_flow/dataset_cropped/10_Metas/27/13/20191027133000_00160.jpg,datasets_cloudmask/dataset_cropped/10_Metas/27/13/20191027133000_00160.png,659.4,930,67.6,22.1,964
10/27/2019 13:31,datasets/dataset_cropped/10_Metas/27/13/20191027133100_00160.jpg,datasets_flow/dataset_cropped/10_Metas/27/13/20191027133100_00160.jpg,datasets_cloudmask/dataset_cropped/10_Metas/27/13/20191027133100_00160.png,657.7,929,67.7,22.2,964
10/27/2019 13:32,datasets/dataset_cropped/10_Metas/27/13/20191027133200_00160.jpg,datasets_flow/dataset_cropped/10_Metas/27/13/20191027133200_00160.jpg,datasets_cloudmask/dataset_cropped/10_Metas/27/13/20191027133200_00160.png,657.2,929,67.8,22.3,964
10/27/2019 13:33,datasets/dataset_cropped/10_Metas/27/13/20191027133300_00160.jpg,datasets_flow/dataset_cropped/10_Metas/27/13/20191027133300_00160.jpg,datasets_cloudmask/dataset_cropped/10_Metas/27/13/20191027133300_00160.png,657.1,929,68.2,22.4,964
10/27/2019 13:34,datasets/dataset_cropped/10_Metas/27/13/20191027133400_00160.jpg,datasets_flow/dataset_cropped/10_Metas/27/13/20191027133400_00160.jpg,datasets_cloudmask/dataset_cropped/10_Metas/27/13/20191027133400_00160.png,656.3,929,68.5,22.4,964
10/27/2019 13:35,datasets/dataset_cropped/10_Metas/27/13/20191027133500_00160.jpg,datasets_flow/dataset_cropped/10_Metas/27/13/20191027133500_00160.jpg,datasets_cloudmask/dataset_cropped/10_Metas/27/13/20191027133500_00160.png,656.1,929,68.8,22.3,964
10/27/2019 13:36,datasets/dataset_cropped/10_Metas/27/13/20191027133600_00160.jpg,datasets_flow/dataset_cropped/10_Metas/27/13/20191027133600_00160.jpg,datasets_cloudmask/dataset_cropped/10_Metas/27/13/20191027133600_00160.png,654.9,929,68.8,22.2,964
10/27/2019 13:37,datasets/dataset_cropped/10_Metas/27/13/20191027133700_00160.jpg,datasets_flow/dataset_cropped/10_Metas/27/13/20191027133700_00160.jpg,datasets_cloudmask/dataset_cropped/10_Metas/27/13/20191027133700_00160.png,653.6,929,68.9,22.2,964
10/27/2019 13:38,datasets/dataset_cropped/10_Metas/27/13/20191027133800_00160.jpg,datasets_flow/dataset_cropped/10_Metas/27/13/20191027133800_00160.jpg,datasets_cloudmask/dataset_cropped/10_Metas/27/13/20191027133800_00160.png,653.1,929,69.1,22.1,964
10/27/2019 13:39,datasets/dataset_cropped/10_Metas/27/13/20191027133900_00160.jpg,datasets_flow/dataset_cropped/10_Metas/27/13/20191027133900_00160.jpg,datasets_cloudmask/dataset_cropped/10_Metas/27/13/20191027133900_00160.png,652.4,928,69.5,22,964
10/27/2019 13:40,datasets/dataset_cropped/10_Metas/27/13/20191027134000_00160.jpg,datasets_flow/dataset_cropped/10_Metas/27/13/20191027134000_00160.jpg,datasets_cloudmask/dataset_cropped/10_Metas/27/13/20191027134000_00160.png,651.6,928,69.5,22.1,964
10/27/2019 13:41,datasets/dataset_cropped/10_Metas/27/13/20191027134100_00160.jpg,datasets_flow/dataset_cropped/10_Metas/27/13/20191027134100_00160.jpg,datasets_cloudmask/dataset_cropped/10_Metas/27/13/20191027134100_00160.png,651.6,928,69.5,22,964
10/27/2019 13:42,datasets/dataset_cropped/10_Metas/27/13/20191027134200_00160.jpg,datasets_flow/dataset_cropped/10_Metas/27/13/20191027134200_00160.jpg,datasets_cloudmask/dataset_cropped/10_Metas/27/13/20191027134200_00160.png,650.9,927,69.7,21.9,964
10/27/2019 13:43,datasets/dataset_cropped/10_Metas/27/13/20191027134300_00160.jpg,datasets_flow/dataset_cropped/10_Metas/27/13/20191027134300_00160.jpg,datasets_cloudmask/dataset_cropped/10_Metas/27/13/20191027134300_00160.png,650.6,927,69.9,22.1,964
10/27/2019 13:44,datasets/dataset_cropped/10_Metas/27/13/20191027134400_00160.jpg,datasets_flow/dataset_cropped/10_Metas/27/13/20191027134400_00160.jpg,datasets_cloudmask/dataset_cropped/10_Metas/27/13/20191027134400_00160.png,649.2,925,70.2,22.1,964
10/27/2019 13:45,datasets/dataset_cropped/10_Metas/27/13/20191027134500_00160.jpg,datasets_flow/dataset_cropped/10_Metas/27/13/20191027134500_00160.jpg,datasets_cloudmask/dataset_cropped/10_Metas/27/13/20191027134500_00160.png,647.5,922,70.7,22.1,964
10/27/2019 13:46,datasets/dataset_cropped/10_Metas/27/13/20191027134600_00160.jpg,datasets_flow/dataset_cropped/10_Metas/27/13/20191027134600_00160.jpg,datasets_cloudmask/dataset_cropped/10_Metas/27/13/20191027134600_00160.png,646.7,921,70.9,22.2,964
10/27/2019 13:47,datasets/dataset_cropped/10_Metas/27/13/20191027134700_00160.jpg,datasets_flow/dataset_cropped/10_Metas/27/13/20191027134700_00160.jpg,datasets_cloudmask/dataset_cropped/10_Metas/27/13/20191027134700_00160.png,646.5,921,71.5,22.2,964
10/27/2019 13:48,datasets/dataset_cropped/10_Metas/27/13/20191027134800_00160.jpg,datasets_flow/dataset_cropped/10_Metas/27/13/20191027134800_00160.jpg,datasets_cloudmask/dataset_cropped/10_Metas/27/13/20191027134800_00160.png,645.8,920,72.3,22.2,964
10/27/2019 13:49,datasets/dataset_cropped/10_Metas/27/13/20191027134900_00160.jpg,datasets_flow/dataset_cropped/10_Metas/27/13/20191027134900_00160.jpg,datasets_cloudmask/dataset_cropped/10_Metas/27/13/20191027134900_00160.png,645.1,919,72.8,22.2,964
10/27/2019 13:50,datasets/dataset_cropped/10_Metas/27/13/20191027135000_00160.jpg,datasets_flow/dataset_cropped/10_Metas/27/13/20191027135000_00160.jpg,datasets_cloudmask/dataset_cropped/10_Metas/27/13/20191027135000_00160.png,644.9,918,73.6,22.4,964
10/27/2019 13:51,datasets/dataset_cropped/10_Metas/27/13/20191027135100_00160.jpg,datasets_flow/dataset_cropped/10_Metas/27/13/20191027135100_00160.jpg,datasets_cloudmask/dataset_cropped/10_Metas/27/13/20191027135100_00160.png,645.3,919,74.5,22.5,964
10/27/2019 13:52,datasets/dataset_cropped/10_Metas/27/13/20191027135200_00160.jpg,datasets_flow/dataset_cropped/10_Metas/27/13/20191027135200_00160.jpg,datasets_cloudmask/dataset_cropped/10_Metas/27/13/20191027135200_00160.png,645.8,920,75.6,22.4,964
10/27/2019 13:53,datasets/dataset_cropped/10_Metas/27/13/20191027135300_00160.jpg,datasets_flow/dataset_cropped/10_Metas/27/13/20191027135300_00160.jpg,datasets_cloudmask/dataset_cropped/10_Metas/27/13/20191027135300_00160.png,646.3,920,76.9,22.4,964
10/27/2019 13:54,datasets/dataset_cropped/10_Metas/27/13/20191027135400_00160.jpg,datasets_flow/dataset_cropped/10_Metas/27/13/20191027135400_00160.jpg,datasets_cloudmask/dataset_cropped/10_Metas/27/13/20191027135400_00160.png,646.2,919,78.6,22.5,964
10/27/2019 13:55,datasets/dataset_cropped/10_Metas/27/13/20191027135500_00160.jpg,datasets_flow/dataset_cropped/10_Metas/27/13/20191027135500_00160.jpg,datasets_cloudmask/dataset_cropped/10_Metas/27/13/20191027135500_00160.png,646,918,80.1,22.4,964
10/27/2019 13:56,datasets/dataset_cropped/10_Metas/27/13/20191027135600_00160.jpg,datasets_flow/dataset_cropped/10_Metas/27/13/20191027135600_00160.jpg,datasets_cloudmask/dataset_cropped/10_Metas/27/13/20191027135600_00160.png,646.3,918,80.9,22.2,964
10/27/2019 13:57,datasets/dataset_cropped/10_Metas/27/13/20191027135700_00160.jpg,datasets_flow/dataset_cropped/10_Metas/27/13/20191027135700_00160.jpg,datasets_cloudmask/dataset_cropped/10_Metas/27/13/20191027135700_00160.png,645.5,915,82.7,22.2,964
10/27/2019 13:58,datasets/dataset_cropped/10_Metas/27/13/20191027135800_00160.jpg,datasets_flow/dataset_cropped/10_Metas/27/13/20191027135800_00160.jpg,datasets_cloudmask/dataset_cropped/10_Metas/27/13/20191027135800_00160.png,637.8,899,85.3,22.3,964
10/27/2019 13:59,datasets/dataset_cropped/10_Metas/27/13/20191027135900_00160.jpg,datasets_flow/dataset_cropped/10_Metas/27/13/20191027135900_00160.jpg,datasets_cloudmask/dataset_cropped/10_Metas/27/13/20191027135900_00160.png,600.9,836,88,22.6,964
10/27/2019 14:00,datasets/dataset_cropped/10_Metas/27/14/20191027140000_00160.jpg,datasets_flow/dataset_cropped/10_Metas/27/14/20191027140000_00160.jpg,datasets_cloudmask/dataset_cropped/10_Metas/27/14/20191027140000_00160.png,533,721.9,89.9,22.9,964
10/27/2019 14:01,datasets/dataset_cropped/10_Metas/27/14/20191027140100_00160.jpg,datasets_flow/dataset_cropped/10_Metas/27/14/20191027140100_00160.jpg,datasets_cloudmask/dataset_cropped/10_Metas/27/14/20191027140100_00160.png,464.7,608.6,91,22.9,964
10/27/2019 14:02,datasets/dataset_cropped/10_Metas/27/14/20191027140200_00160.jpg,datasets_flow/dataset_cropped/10_Metas/27/14/20191027140200_00160.jpg,datasets_cloudmask/dataset_cropped/10_Metas/27/14/20191027140200_00160.png,416,529.4,91,22.8,964
10/27/2019 14:03,datasets/dataset_cropped/10_Metas/27/14/20191027140300_00160.jpg,datasets_flow/dataset_cropped/10_Metas/27/14/20191027140300_00160.jpg,datasets_cloudmask/dataset_cropped/10_Metas/27/14/20191027140300_00160.png,384.6,479.9,90.2,22.7,964
10/27/2019 14:04,datasets/dataset_cropped/10_Metas/27/14/20191027140400_00160.jpg,datasets_flow/dataset_cropped/10_Metas/27/14/20191027140400_00160.jpg,datasets_cloudmask/dataset_cropped/10_Metas/27/14/20191027140400_00160.png,626.8,875,93.7,22.8,964
10/27/2019 14:05,datasets/dataset_cropped/10_Metas/27/14/20191027140500_00160.jpg,datasets_flow/dataset_cropped/10_Metas/27/14/20191027140500_00160.jpg,datasets_cloudmask/dataset_cropped/10_Metas/27/14/20191027140500_00160.png,634.2,890,92.4,22.6,964
10/27/2019 14:06,datasets/dataset_cropped/10_Metas/27/14/20191027140600_00160.jpg,datasets_flow/dataset_cropped/10_Metas/27/14/20191027140600_00160.jpg,datasets_cloudmask/dataset_cropped/10_Metas/27/14/20191027140600_00160.png,611.1,853,92.3,22.6,964
10/27/2019 14:07,datasets/dataset_cropped/10_Metas/27/14/20191027140700_00160.jpg,datasets_flow/dataset_cropped/10_Metas/27/14/20191027140700_00160.jpg,datasets_cloudmask/dataset_cropped/10_Metas/27/14/20191027140700_00160.png,609.9,851,93.7,22.6,964
10/27/2019 14:08,datasets/dataset_cropped/10_Metas/27/14/20191027140800_00160.jpg,datasets_flow/dataset_cropped/10_Metas/27/14/20191027140800_00160.jpg,datasets_cloudmask/dataset_cropped/10_Metas/27/14/20191027140800_00160.png,548.7,750.2,93.9,22.7,964
10/27/2019 14:09,datasets/dataset_cropped/10_Metas/27/14/20191027140900_00160.jpg,datasets_flow/dataset_cropped/10_Metas/27/14/20191027140900_00160.jpg,datasets_cloudmask/dataset_cropped/10_Metas/27/14/20191027140900_00160.png,497.5,667,94.2,22.7,964
10/27/2019 14:10,datasets/dataset_cropped/10_Metas/27/14/20191027141000_00160.jpg,datasets_flow/dataset_cropped/10_Metas/27/14/20191027141000_00160.jpg,datasets_cloudmask/dataset_cropped/10_Metas/27/14/20191027141000_00160.png,401.9,513.1,92.4,22.6,964
10/27/2019 14:11,datasets/dataset_cropped/10_Metas/27/14/20191027141100_00160.jpg,datasets_flow/dataset_cropped/10_Metas/27/14/20191027141100_00160.jpg,datasets_cloudmask/dataset_cropped/10_Metas/27/14/20191027141100_00160.png,430,562.7,91.2,22.7,964
10/27/2019 14:12,datasets/dataset_cropped/10_Metas/27/14/20191027141200_00160.jpg,datasets_flow/dataset_cropped/10_Metas/27/14/20191027141200_00160.jpg,datasets_cloudmask/dataset_cropped/10_Metas/27/14/20191027141200_00160.png,489.3,664.5,90.4,22.6,964
10/27/2019 14:13,datasets/dataset_cropped/10_Metas/27/14/20191027141300_00160.jpg,datasets_flow/dataset_cropped/10_Metas/27/14/20191027141300_00160.jpg,datasets_cloudmask/dataset_cropped/10_Metas/27/14/20191027141300_00160.png,577.5,815,89.3,22.3,964
10/27/2019 14:14,datasets/dataset_cropped/10_Metas/27/14/20191027141400_00160.jpg,datasets_flow/dataset_cropped/10_Metas/27/14/20191027141400_00160.jpg,datasets_cloudmask/dataset_cropped/10_Metas/27/14/20191027141400_00160.png,598.9,856,87.1,22.3,964
10/27/2019 14:15,datasets/dataset_cropped/10_Metas/27/14/20191027141500_00160.jpg,datasets_flow/dataset_cropped/10_Metas/27/14/20191027141500_00160.jpg,datasets_cloudmask/dataset_cropped/10_Metas/27/14/20191027141500_00160.png,603.1,869,84.4,22.5,964
10/27/2019 14:16,datasets/dataset_cropped/10_Metas/27/14/20191027141600_00160.jpg,datasets_flow/dataset_cropped/10_Metas/27/14/20191027141600_00160.jpg,datasets_cloudmask/dataset_cropped/10_Metas/27/14/20191027141600_00160.png,617.6,898,82.6,22.6,964
10/27/2019 14:17,datasets/dataset_cropped/10_Metas/27/14/20191027141700_00160.jpg,datasets_flow/dataset_cropped/10_Metas/27/14/20191027141700_00160.jpg,datasets_cloudmask/dataset_cropped/10_Metas/27/14/20191027141700_00160.png,617.7,903,81.1,22.9,964
10/27/2019 14:18,datasets/dataset_cropped/10_Metas/27/14/20191027141800_00160.jpg,datasets_flow/dataset_cropped/10_Metas/27/14/20191027141800_00160.jpg,datasets_cloudmask/dataset_cropped/10_Metas/27/14/20191027141800_00160.png,616.3,904,80.2,23,964
10/27/2019 14:19,datasets/dataset_cropped/10_Metas/27/14/20191027141900_00160.jpg,datasets_flow/dataset_cropped/10_Metas/27/14/20191027141900_00160.jpg,datasets_cloudmask/dataset_cropped/10_Metas/27/14/20191027141900_00160.png,612.7,902,79.2,23.1,964
10/27/2019 14:20,datasets/dataset_cropped/10_Metas/27/14/20191027142000_00160.jpg,datasets_flow/dataset_cropped/10_Metas/27/14/20191027142000_00160.jpg,datasets_cloudmask/dataset_cropped/10_Metas/27/14/20191027142000_00160.png,609.9,901,78.1,23.3,963
10/27/2019 14:21,datasets/dataset_cropped/10_Metas/27/14/20191027142100_00160.jpg,datasets_flow/dataset_cropped/10_Metas/27/14/20191027142100_00160.jpg,datasets_cloudmask/dataset_cropped/10_Metas/27/14/20191027142100_00160.png,607.7,900,77.4,23.4,964
10/27/2019 14:22,datasets/dataset_cropped/10_Metas/27/14/20191027142200_00160.jpg,datasets_flow/dataset_cropped/10_Metas/27/14/20191027142200_00160.jpg,datasets_cloudmask/dataset_cropped/10_Metas/27/14/20191027142200_00160.png,606.7,901,77,23.5,964
10/27/2019 14:23,datasets/dataset_cropped/10_Metas/27/14/20191027142300_00160.jpg,datasets_flow/dataset_cropped/10_Metas/27/14/20191027142300_00160.jpg,datasets_cloudmask/dataset_cropped/10_Metas/27/14/20191027142300_00160.png,605.1,900,76.9,23.4,963
10/27/2019 14:24,datasets/dataset_cropped/10_Metas/27/14/20191027142400_00160.jpg,datasets_flow/dataset_cropped/10_Metas/27/14/20191027142400_00160.jpg,datasets_cloudmask/dataset_cropped/10_Metas/27/14/20191027142400_00160.png,603.3,899,76.9,23.4,963
10/27/2019 14:25,datasets/dataset_cropped/10_Metas/27/14/20191027142500_00160.jpg,datasets_flow/dataset_cropped/10_Metas/27/14/20191027142500_00160.jpg,datasets_cloudmask/dataset_cropped/10_Metas/27/14/20191027142500_00160.png,601.3,898,76.6,22.8,964
10/27/2019 14:26,datasets/dataset_cropped/10_Metas/27/14/20191027142600_00160.jpg,datasets_flow/dataset_cropped/10_Metas/27/14/20191027142600_00160.jpg,datasets_cloudmask/dataset_cropped/10_Metas/27/14/20191027142600_00160.png,600.2,897,76.6,22.6,963
10/27/2019 14:27,datasets/dataset_cropped/10_Metas/27/14/20191027142700_00160.jpg,datasets_flow/dataset_cropped/10_Metas/27/14/20191027142700_00160.jpg,datasets_cloudmask/dataset_cropped/10_Metas/27/14/20191027142700_00160.png,598.4,896,76.6,22.7,964
10/27/2019 14:28,datasets/dataset_cropped/10_Metas/27/14/20191027142800_00160.jpg,datasets_flow/dataset_cropped/10_Metas/27/14/20191027142800_00160.jpg,datasets_cloudmask/dataset_cropped/10_Metas/27/14/20191027142800_00160.png,597.2,895,77.1,22.6,964
10/27/2019 14:29,datasets/dataset_cropped/10_Metas/27/14/20191027142900_00160.jpg,datasets_flow/dataset_cropped/10_Metas/27/14/20191027142900_00160.jpg,datasets_cloudmask/dataset_cropped/10_Metas/27/14/20191027142900_00160.png,596.2,895,77.5,22.8,964
10/27/2019 14:30,datasets/dataset_cropped/10_Metas/27/14/20191027143000_00160.jpg,datasets_flow/dataset_cropped/10_Metas/27/14/20191027143000_00160.jpg,datasets_cloudmask/dataset_cropped/10_Metas/27/14/20191027143000_00160.png,594.6,894,77.7,22.7,964
10/27/2019 14:31,datasets/dataset_cropped/10_Metas/27/14/20191027143100_00160.jpg,datasets_flow/dataset_cropped/10_Metas/27/14/20191027143100_00160.jpg,datasets_cloudmask/dataset_cropped/10_Metas/27/14/20191027143100_00160.png,593.4,893,78.2,22.6,964
10/27/2019 14:32,datasets/dataset_cropped/10_Metas/27/14/20191027143200_00160.jpg,datasets_flow/dataset_cropped/10_Metas/27/14/20191027143200_00160.jpg,datasets_cloudmask/dataset_cropped/10_Metas/27/14/20191027143200_00160.png,592.1,893,78.5,22.6,964
10/27/2019 14:33,datasets/dataset_cropped/10_Metas/27/14/20191027143300_00160.jpg,datasets_flow/dataset_cropped/10_Metas/27/14/20191027143300_00160.jpg,datasets_cloudmask/dataset_cropped/10_Metas/27/14/20191027143300_00160.png,590.3,892,79,22.5,964
10/27/2019 14:34,datasets/dataset_cropped/10_Metas/27/14/20191027143400_00160.jpg,datasets_flow/dataset_cropped/10_Metas/27/14/20191027143400_00160.jpg,datasets_cloudmask/dataset_cropped/10_Metas/27/14/20191027143400_00160.png,588.2,890,79.5,22.4,964
10/27/2019 14:35,datasets/dataset_cropped/10_Metas/27/14/20191027143500_00160.jpg,datasets_flow/dataset_cropped/10_Metas/27/14/20191027143500_00160.jpg,datasets_cloudmask/dataset_cropped/10_Metas/27/14/20191027143500_00160.png,587.2,889,80.2,22.3,964
10/27/2019 14:36,datasets/dataset_cropped/10_Metas/27/14/20191027143600_00160.jpg,datasets_flow/dataset_cropped/10_Metas/27/14/20191027143600_00160.jpg,datasets_cloudmask/dataset_cropped/10_Metas/27/14/20191027143600_00160.png,586.4,889,80.9,22.5,964
10/27/2019 14:37,datasets/dataset_cropped/10_Metas/27/14/20191027143700_00160.jpg,datasets_flow/dataset_cropped/10_Metas/27/14/20191027143700_00160.jpg,datasets_cloudmask/dataset_cropped/10_Metas/27/14/20191027143700_00160.png,585.5,888,81.4,22.7,964
10/27/2019 14:38,datasets/dataset_cropped/10_Metas/27/14/20191027143800_00160.jpg,datasets_flow/dataset_cropped/10_Metas/27/14/20191027143800_00160.jpg,datasets_cloudmask/dataset_cropped/10_Metas/27/14/20191027143800_00160.png,585,888,82.1,22.6,964
10/27/2019 14:39,datasets/dataset_cropped/10_Metas/27/14/20191027143900_00160.jpg,datasets_flow/dataset_cropped/10_Metas/27/14/20191027143900_00160.jpg,datasets_cloudmask/dataset_cropped/10_Metas/27/14/20191027143900_00160.png,584.4,887,83.1,22.6,964
10/27/2019 14:40,datasets/dataset_cropped/10_Metas/27/14/20191027144000_00160.jpg,datasets_flow/dataset_cropped/10_Metas/27/14/20191027144000_00160.jpg,datasets_cloudmask/dataset_cropped/10_Metas/27/14/20191027144000_00160.png,583.1,885,84.5,22.9,963
10/27/2019 14:41,datasets/dataset_cropped/10_Metas/27/14/20191027144100_00160.jpg,datasets_flow/dataset_cropped/10_Metas/27/14/20191027144100_00160.jpg,datasets_cloudmask/dataset_cropped/10_Metas/27/14/20191027144100_00160.png,583.1,884,86.1,23,964
10/27/2019 14:42,datasets/dataset_cropped/10_Metas/27/14/20191027144200_00160.jpg,datasets_flow/dataset_cropped/10_Metas/27/14/20191027144200_00160.jpg,datasets_cloudmask/dataset_cropped/10_Metas/27/14/20191027144200_00160.png,582.9,882,88.1,22.9,964
10/27/2019 14:43,datasets/dataset_cropped/10_Metas/27/14/20191027144300_00160.jpg,datasets_flow/dataset_cropped/10_Metas/27/14/20191027144300_00160.jpg,datasets_cloudmask/dataset_cropped/10_Metas/27/14/20191027144300_00160.png,582.8,880,90.1,22.9,963
10/27/2019 14:44,datasets/dataset_cropped/10_Metas/27/14/20191027144400_00160.jpg,datasets_flow/dataset_cropped/10_Metas/27/14/20191027144400_00160.jpg,datasets_cloudmask/dataset_cropped/10_Metas/27/14/20191027144400_00160.png,582.3,877,92.1,22.7,963
10/27/2019 14:45,datasets/dataset_cropped/10_Metas/27/14/20191027144500_00160.jpg,datasets_flow/dataset_cropped/10_Metas/27/14/20191027144500_00160.jpg,datasets_cloudmask/dataset_cropped/10_Metas/27/14/20191027144500_00160.png,580.8,875,93.4,22.7,963
10/27/2019 14:46,datasets/dataset_cropped/10_Metas/27/14/20191027144600_00160.jpg,datasets_flow/dataset_cropped/10_Metas/27/14/20191027144600_00160.jpg,datasets_cloudmask/dataset_cropped/10_Metas/27/14/20191027144600_00160.png,571.3,857,95.5,22.7,964
10/27/2019 14:47,datasets/dataset_cropped/10_Metas/27/14/20191027144700_00160.jpg,datasets_flow/dataset_cropped/10_Metas/27/14/20191027144700_00160.jpg,datasets_cloudmask/dataset_cropped/10_Metas/27/14/20191027144700_00160.png,574.5,862,97.3,22.6,963
10/27/2019 14:48,datasets/dataset_cropped/10_Metas/27/14/20191027144800_00160.jpg,datasets_flow/dataset_cropped/10_Metas/27/14/20191027144800_00160.jpg,datasets_cloudmask/dataset_cropped/10_Metas/27/14/20191027144800_00160.png,579.1,867,100.4,22.5,963
10/27/2019 14:49,datasets/dataset_cropped/10_Metas/27/14/20191027144900_00160.jpg,datasets_flow/dataset_cropped/10_Metas/27/14/20191027144900_00160.jpg,datasets_cloudmask/dataset_cropped/10_Metas/27/14/20191027144900_00160.png,581,867,103.7,22.5,963
10/27/2019 14:50,datasets/dataset_cropped/10_Metas/27/14/20191027145000_00160.jpg,datasets_flow/dataset_cropped/10_Metas/27/14/20191027145000_00160.jpg,datasets_cloudmask/dataset_cropped/10_Metas/27/14/20191027145000_00160.png,559.2,823,107.3,22.6,963
10/27/2019 14:51,datasets/dataset_cropped/10_Metas/27/14/20191027145100_00160.jpg,datasets_flow/dataset_cropped/10_Metas/27/14/20191027145100_00160.jpg,datasets_cloudmask/dataset_cropped/10_Metas/27/14/20191027145100_00160.png,498.4,706.9,111,22.6,964
10/27/2019 14:52,datasets/dataset_cropped/10_Metas/27/14/20191027145200_00160.jpg,datasets_flow/dataset_cropped/10_Metas/27/14/20191027145200_00160.jpg,datasets_cloudmask/dataset_cropped/10_Metas/27/14/20191027145200_00160.png,531.2,757.5,117.6,22.5,963
10/27/2019 14:53,datasets/dataset_cropped/10_Metas/27/14/20191027145300_00160.jpg,datasets_flow/dataset_cropped/10_Metas/27/14/20191027145300_00160.jpg,datasets_cloudmask/dataset_cropped/10_Metas/27/14/20191027145300_00160.png,569.8,819,124.4,22.3,963
10/27/2019 14:54,datasets/dataset_cropped/10_Metas/27/14/20191027145400_00160.jpg,datasets_flow/dataset_cropped/10_Metas/27/14/20191027145400_00160.jpg,datasets_cloudmask/dataset_cropped/10_Metas/27/14/20191027145400_00160.png,561.5,793.7,131.3,22.1,964
10/27/2019 14:55,datasets/dataset_cropped/10_Metas/27/14/20191027145500_00160.jpg,datasets_flow/dataset_cropped/10_Metas/27/14/20191027145500_00160.jpg,datasets_cloudmask/dataset_cropped/10_Metas/27/14/20191027145500_00160.png,570.5,798.3,139.2,22.4,963
10/27/2019 14:56,datasets/dataset_cropped/10_Metas/27/14/20191027145600_00160.jpg,datasets_flow/dataset_cropped/10_Metas/27/14/20191027145600_00160.jpg,datasets_cloudmask/dataset_cropped/10_Metas/27/14/20191027145600_00160.png,552.5,752.1,147.2,22.3,963
10/27/2019 14:57,datasets/dataset_cropped/10_Metas/27/14/20191027145700_00160.jpg,datasets_flow/dataset_cropped/10_Metas/27/14/20191027145700_00160.jpg,datasets_cloudmask/dataset_cropped/10_Metas/27/14/20191027145700_00160.png,483.7,613.2,153.8,22.1,963
10/27/2019 14:58,datasets/dataset_cropped/10_Metas/27/14/20191027145800_00160.jpg,datasets_flow/dataset_cropped/10_Metas/27/14/20191027145800_00160.jpg,datasets_cloudmask/dataset_cropped/10_Metas/27/14/20191027145800_00160.png,414.4,475.3,158.6,22.2,963
10/27/2019 14:59,datasets/dataset_cropped/10_Metas/27/14/20191027145900_00160.jpg,datasets_flow/dataset_cropped/10_Metas/27/14/20191027145900_00160.jpg,datasets_cloudmask/dataset_cropped/10_Metas/27/14/20191027145900_00160.png,329.5,309.2,162.8,22.3,963
10/27/2019 15:00,datasets/dataset_cropped/10_Metas/27/15/20191027150000_00160.jpg,datasets_flow/dataset_cropped/10_Metas/27/15/20191027150000_00160.jpg,datasets_cloudmask/dataset_cropped/10_Metas/27/15/20191027150000_00160.png,279.5,206.3,167.7,22,963
10/27/2019 15:01,datasets/dataset_cropped/10_Metas/27/15/20191027150100_00160.jpg,datasets_flow/dataset_cropped/10_Metas/27/15/20191027150100_00160.jpg,datasets_cloudmask/dataset_cropped/10_Metas/27/15/20191027150100_00160.png,276.4,190.9,172.7,21.9,963
10/27/2019 15:02,datasets/dataset_cropped/10_Metas/27/15/20191027150200_00160.jpg,datasets_flow/dataset_cropped/10_Metas/27/15/20191027150200_00160.jpg,datasets_cloudmask/dataset_cropped/10_Metas/27/15/20191027150200_00160.png,300.9,226.1,178.9,21.7,963
10/27/2019 15:03,datasets/dataset_cropped/10_Metas/27/15/20191027150300_00160.jpg,datasets_flow/dataset_cropped/10_Metas/27/15/20191027150300_00160.jpg,datasets_cloudmask/dataset_cropped/10_Metas/27/15/20191027150300_00160.png,268.3,152.2,185.8,21.5,963
10/27/2019 15:04,datasets/dataset_cropped/10_Metas/27/15/20191027150400_00160.jpg,datasets_flow/dataset_cropped/10_Metas/27/15/20191027150400_00160.jpg,datasets_cloudmask/dataset_cropped/10_Metas/27/15/20191027150400_00160.png,265.9,134,192.9,21.6,963
10/27/2019 15:05,datasets/dataset_cropped/10_Metas/27/15/20191027150500_00160.jpg,datasets_flow/dataset_cropped/10_Metas/27/15/20191027150500_00160.jpg,datasets_cloudmask/dataset_cropped/10_Metas/27/15/20191027150500_00160.png,245.1,84,198.6,21.5,964
10/27/2019 15:06,datasets/dataset_cropped/10_Metas/27/15/20191027150600_00160.jpg,datasets_flow/dataset_cropped/10_Metas/27/15/20191027150600_00160.jpg,datasets_cloudmask/dataset_cropped/10_Metas/27/15/20191027150600_00160.png,245.7,77.9,202.3,21.5,963
10/27/2019 15:07,datasets/dataset_cropped/10_Metas/27/15/20191027150700_00160.jpg,datasets_flow/dataset_cropped/10_Metas/27/15/20191027150700_00160.jpg,datasets_cloudmask/dataset_cropped/10_Metas/27/15/20191027150700_00160.png,290.5,155.7,207.3,21.4,963
10/27/2019 15:08,datasets/dataset_cropped/10_Metas/27/15/20191027150800_00160.jpg,datasets_flow/dataset_cropped/10_Metas/27/15/20191027150800_00160.jpg,datasets_cloudmask/dataset_cropped/10_Metas/27/15/20191027150800_00160.png,252.3,77.1,210.3,21.2,963
10/27/2019 15:09,datasets/dataset_cropped/10_Metas/27/15/20191027150900_00160.jpg,datasets_flow/dataset_cropped/10_Metas/27/15/20191027150900_00160.jpg,datasets_cloudmask/dataset_cropped/10_Metas/27/15/20191027150900_00160.png,251.1,68.8,213.7,21.2,963
10/27/2019 15:10,datasets/dataset_cropped/10_Metas/27/15/20191027151000_00160.jpg,datasets_flow/dataset_cropped/10_Metas/27/15/20191027151000_00160.jpg,datasets_cloudmask/dataset_cropped/10_Metas/27/15/20191027151000_00160.png,274,108.9,216.4,21.2,963
10/27/2019 15:11,datasets/dataset_cropped/10_Metas/27/15/20191027151100_00160.jpg,datasets_flow/dataset_cropped/10_Metas/27/15/20191027151100_00160.jpg,datasets_cloudmask/dataset_cropped/10_Metas/27/15/20191027151100_00160.png,256.8,72.6,218.3,21.2,963
10/27/2019 15:12,datasets/dataset_cropped/10_Metas/27/15/20191027151200_00160.jpg,datasets_flow/dataset_cropped/10_Metas/27/15/20191027151200_00160.jpg,datasets_cloudmask/dataset_cropped/10_Metas/27/15/20191027151200_00160.png,267.4,90.9,219.6,21,963
10/27/2019 15:13,datasets/dataset_cropped/10_Metas/27/15/20191027151300_00160.jpg,datasets_flow/dataset_cropped/10_Metas/27/15/20191027151300_00160.jpg,datasets_cloudmask/dataset_cropped/10_Metas/27/15/20191027151300_00160.png,243.9,46.2,219.4,20.9,963
10/27/2019 15:14,datasets/dataset_cropped/10_Metas/27/15/20191027151400_00160.jpg,datasets_flow/dataset_cropped/10_Metas/27/15/20191027151400_00160.jpg,datasets_cloudmask/dataset_cropped/10_Metas/27/15/20191027151400_00160.png,256.9,68.9,220.7,21,964
10/27/2019 15:15,datasets/dataset_cropped/10_Metas/27/15/20191027151500_00160.jpg,datasets_flow/dataset_cropped/10_Metas/27/15/20191027151500_00160.jpg,datasets_cloudmask/dataset_cropped/10_Metas/27/15/20191027151500_00160.png,294.8,135.6,225,20.9,963
10/27/2019 15:16,datasets/dataset_cropped/10_Metas/27/15/20191027151600_00160.jpg,datasets_flow/dataset_cropped/10_Metas/27/15/20191027151600_00160.jpg,datasets_cloudmask/dataset_cropped/10_Metas/27/15/20191027151600_00160.png,383.2,301.1,230.9,20.8,964
10/27/2019 15:17,datasets/dataset_cropped/10_Metas/27/15/20191027151700_00160.jpg,datasets_flow/dataset_cropped/10_Metas/27/15/20191027151700_00160.jpg,datasets_cloudmask/dataset_cropped/10_Metas/27/15/20191027151700_00160.png,419,366.5,235,20.8,963
10/27/2019 15:18,datasets/dataset_cropped/10_Metas/27/15/20191027151800_00160.jpg,datasets_flow/dataset_cropped/10_Metas/27/15/20191027151800_00160.jpg,datasets_cloudmask/dataset_cropped/10_Metas/27/15/20191027151800_00160.png,448.9,426.8,236.1,20.8,963
10/27/2019 15:19,datasets/dataset_cropped/10_Metas/27/15/20191027151900_00160.jpg,datasets_flow/dataset_cropped/10_Metas/27/15/20191027151900_00160.jpg,datasets_cloudmask/dataset_cropped/10_Metas/27/15/20191027151900_00160.png,427,389,234.1,20.9,963
10/27/2019 15:20,datasets/dataset_cropped/10_Metas/27/15/20191027152000_00160.jpg,datasets_flow/dataset_cropped/10_Metas/27/15/20191027152000_00160.jpg,datasets_cloudmask/dataset_cropped/10_Metas/27/15/20191027152000_00160.png,413.9,373.2,229.6,20.9,963
10/27/2019 15:21,datasets/dataset_cropped/10_Metas/27/15/20191027152100_00160.jpg,datasets_flow/dataset_cropped/10_Metas/27/15/20191027152100_00160.jpg,datasets_cloudmask/dataset_cropped/10_Metas/27/15/20191027152100_00160.png,460.8,478.3,225.9,21.1,963
10/27/2019 15:22,datasets/dataset_cropped/10_Metas/27/15/20191027152200_00160.jpg,datasets_flow/dataset_cropped/10_Metas/27/15/20191027152200_00160.jpg,datasets_cloudmask/dataset_cropped/10_Metas/27/15/20191027152200_00160.png,544.1,658.8,222.8,21.2,963
10/27/2019 15:23,datasets/dataset_cropped/10_Metas/27/15/20191027152300_00160.jpg,datasets_flow/dataset_cropped/10_Metas/27/15/20191027152300_00160.jpg,datasets_cloudmask/dataset_cropped/10_Metas/27/15/20191027152300_00160.png,567.3,723.5,216.2,21.2,963
10/27/2019 15:24,datasets/dataset_cropped/10_Metas/27/15/20191027152400_00160.jpg,datasets_flow/dataset_cropped/10_Metas/27/15/20191027152400_00160.jpg,datasets_cloudmask/dataset_cropped/10_Metas/27/15/20191027152400_00160.png,564.1,736.4,208.2,21.2,964
10/27/2019 15:25,datasets/dataset_cropped/10_Metas/27/15/20191027152500_00160.jpg,datasets_flow/dataset_cropped/10_Metas/27/15/20191027152500_00160.jpg,datasets_cloudmask/dataset_cropped/10_Metas/27/15/20191027152500_00160.png,472.5,570.5,198.1,21.2,963
10/27/2019 15:26,datasets/dataset_cropped/10_Metas/27/15/20191027152600_00160.jpg,datasets_flow/dataset_cropped/10_Metas/27/15/20191027152600_00160.jpg,datasets_cloudmask/dataset_cropped/10_Metas/27/15/20191027152600_00160.png,416,475.9,188,21.4,963
10/27/2019 15:27,datasets/dataset_cropped/10_Metas/27/15/20191027152700_00160.jpg,datasets_flow/dataset_cropped/10_Metas/27/15/20191027152700_00160.jpg,datasets_cloudmask/dataset_cropped/10_Metas/27/15/20191027152700_00160.png,364.3,389.5,178.2,21.7,963
10/27/2019 15:28,datasets/dataset_cropped/10_Metas/27/15/20191027152800_00160.jpg,datasets_flow/dataset_cropped/10_Metas/27/15/20191027152800_00160.jpg,datasets_cloudmask/dataset_cropped/10_Metas/27/15/20191027152800_00160.png,433.7,550.5,171.7,21.4,963
10/27/2019 15:29,datasets/dataset_cropped/10_Metas/27/15/20191027152900_00160.jpg,datasets_flow/dataset_cropped/10_Metas/27/15/20191027152900_00160.jpg,datasets_cloudmask/dataset_cropped/10_Metas/27/15/20191027152900_00160.png,471.8,644.9,166.2,21.2,963
10/27/2019 15:30,datasets/dataset_cropped/10_Metas/27/15/20191027153000_00160.jpg,datasets_flow/dataset_cropped/10_Metas/27/15/20191027153000_00160.jpg,datasets_cloudmask/dataset_cropped/10_Metas/27/15/20191027153000_00160.png,502.3,726.4,160,21.2,963
10/27/2019 15:31,datasets/dataset_cropped/10_Metas/27/15/20191027153100_00160.jpg,datasets_flow/dataset_cropped/10_Metas/27/15/20191027153100_00160.jpg,datasets_cloudmask/dataset_cropped/10_Metas/27/15/20191027153100_00160.png,507.5,757.1,152.5,21.3,963
10/27/2019 15:32,datasets/dataset_cropped/10_Metas/27/15/20191027153200_00160.jpg,datasets_flow/dataset_cropped/10_Metas/27/15/20191027153200_00160.jpg,datasets_cloudmask/dataset_cropped/10_Metas/27/15/20191027153200_00160.png,512,786.7,144.9,21.4,963
10/27/2019 15:33,datasets/dataset_cropped/10_Metas/27/15/20191027153300_00160.jpg,datasets_flow/dataset_cropped/10_Metas/27/15/20191027153300_00160.jpg,datasets_cloudmask/dataset_cropped/10_Metas/27/15/20191027153300_00160.png,503,787.6,137.2,21.5,963
10/27/2019 15:34,datasets/dataset_cropped/10_Metas/27/15/20191027153400_00160.jpg,datasets_flow/dataset_cropped/10_Metas/27/15/20191027153400_00160.jpg,datasets_cloudmask/dataset_cropped/10_Metas/27/15/20191027153400_00160.png,467.9,732.8,128.7,21.5,963
10/27/2019 15:35,datasets/dataset_cropped/10_Metas/27/15/20191027153500_00160.jpg,datasets_flow/dataset_cropped/10_Metas/27/15/20191027153500_00160.jpg,datasets_cloudmask/dataset_cropped/10_Metas/27/15/20191027153500_00160.png,487.2,790,123.5,21.6,963
10/27/2019 15:36,datasets/dataset_cropped/10_Metas/27/15/20191027153600_00160.jpg,datasets_flow/dataset_cropped/10_Metas/27/15/20191027153600_00160.jpg,datasets_cloudmask/dataset_cropped/10_Metas/27/15/20191027153600_00160.png,490.8,814,118.4,21.6,963
10/27/2019 15:37,datasets/dataset_cropped/10_Metas/27/15/20191027153700_00160.jpg,datasets_flow/dataset_cropped/10_Metas/27/15/20191027153700_00160.jpg,datasets_cloudmask/dataset_cropped/10_Metas/27/15/20191027153700_00160.png,481.9,810,112.7,21.5,963
10/27/2019 15:38,datasets/dataset_cropped/10_Metas/27/15/20191027153800_00160.jpg,datasets_flow/dataset_cropped/10_Metas/27/15/20191027153800_00160.jpg,datasets_cloudmask/dataset_cropped/10_Metas/27/15/20191027153800_00160.png,473.9,807,107.8,21.6,963
10/27/2019 15:39,datasets/dataset_cropped/10_Metas/27/15/20191027153900_00160.jpg,datasets_flow/dataset_cropped/10_Metas/27/15/20191027153900_00160.jpg,datasets_cloudmask/dataset_cropped/10_Metas/27/15/20191027153900_00160.png,467.3,807,103.5,21.6,963
10/27/2019 15:40,datasets/dataset_cropped/10_Metas/27/15/20191027154000_00160.jpg,datasets_flow/dataset_cropped/10_Metas/27/15/20191027154000_00160.jpg,datasets_cloudmask/dataset_cropped/10_Metas/27/15/20191027154000_00160.png,461.2,805,99.8,21.5,963
10/27/2019 15:41,datasets/dataset_cropped/10_Metas/27/15/20191027154100_00160.jpg,datasets_flow/dataset_cropped/10_Metas/27/15/20191027154100_00160.jpg,datasets_cloudmask/dataset_cropped/10_Metas/27/15/20191027154100_00160.png,455.2,803,96.7,21.4,963
10/27/2019 15:42,datasets/dataset_cropped/10_Metas/27/15/20191027154200_00160.jpg,datasets_flow/dataset_cropped/10_Metas/27/15/20191027154200_00160.jpg,datasets_cloudmask/dataset_cropped/10_Metas/27/15/20191027154200_00160.png,449.9,800,94.3,21.7,963
10/27/2019 15:43,datasets/dataset_cropped/10_Metas/27/15/20191027154300_00160.jpg,datasets_flow/dataset_cropped/10_Metas/27/15/20191027154300_00160.jpg,datasets_cloudmask/dataset_cropped/10_Metas/27/15/20191027154300_00160.png,445.7,798.9,92.4,21.9,963
10/27/2019 15:44,datasets/dataset_cropped/10_Metas/27/15/20191027154400_00160.jpg,datasets_flow/dataset_cropped/10_Metas/27/15/20191027154400_00160.jpg,datasets_cloudmask/dataset_cropped/10_Metas/27/15/20191027154400_00160.png,441.7,797.4,91,21.9,963
10/27/2019 15:45,datasets/dataset_cropped/10_Metas/27/15/20191027154500_00160.jpg,datasets_flow/dataset_cropped/10_Metas/27/15/20191027154500_00160.jpg,datasets_cloudmask/dataset_cropped/10_Metas/27/15/20191027154500_00160.png,438.5,797.3,89.8,22,963
10/27/2019 15:46,datasets/dataset_cropped/10_Metas/27/15/20191027154600_00160.jpg,datasets_flow/dataset_cropped/10_Metas/27/15/20191027154600_00160.jpg,datasets_cloudmask/dataset_cropped/10_Metas/27/15/20191027154600_00160.png,435.2,795.9,88.8,21.7,963
10/27/2019 15:47,datasets/dataset_cropped/10_Metas/27/15/20191027154700_00160.jpg,datasets_flow/dataset_cropped/10_Metas/27/15/20191027154700_00160.jpg,datasets_cloudmask/dataset_cropped/10_Metas/27/15/20191027154700_00160.png,432.1,794.5,87.9,21.7,963
10/27/2019 15:48,datasets/dataset_cropped/10_Metas/27/15/20191027154800_00160.jpg,datasets_flow/dataset_cropped/10_Metas/27/15/20191027154800_00160.jpg,datasets_cloudmask/dataset_cropped/10_Metas/27/15/20191027154800_00160.png,429.5,793.6,87.5,21.6,963
10/27/2019 15:49,datasets/dataset_cropped/10_Metas/27/15/20191027154900_00160.jpg,datasets_flow/dataset_cropped/10_Metas/27/15/20191027154900_00160.jpg,datasets_cloudmask/dataset_cropped/10_Metas/27/15/20191027154900_00160.png,427,792.9,87.2,21.6,963
10/27/2019 15:50,datasets/dataset_cropped/10_Metas/27/15/20191027155000_00160.jpg,datasets_flow/dataset_cropped/10_Metas/27/15/20191027155000_00160.jpg,datasets_cloudmask/dataset_cropped/10_Metas/27/15/20191027155000_00160.png,424.9,792.5,87.3,21.6,963
10/27/2019 15:51,datasets/dataset_cropped/10_Metas/27/15/20191027155100_00160.jpg,datasets_flow/dataset_cropped/10_Metas/27/15/20191027155100_00160.jpg,datasets_cloudmask/dataset_cropped/10_Metas/27/15/20191027155100_00160.png,422.3,790.4,87.4,21.6,963
10/27/2019 15:52,datasets/dataset_cropped/10_Metas/27/15/20191027155200_00160.jpg,datasets_flow/dataset_cropped/10_Metas/27/15/20191027155200_00160.jpg,datasets_cloudmask/dataset_cropped/10_Metas/27/15/20191027155200_00160.png,420.4,788.8,88,21.8,963
10/27/2019 15:53,datasets/dataset_cropped/10_Metas/27/15/20191027155300_00160.jpg,datasets_flow/dataset_cropped/10_Metas/27/15/20191027155300_00160.jpg,datasets_cloudmask/dataset_cropped/10_Metas/27/15/20191027155300_00160.png,418.8,788.1,88.5,21.7,963
10/27/2019 15:54,datasets/dataset_cropped/10_Metas/27/15/20191027155400_00160.jpg,datasets_flow/dataset_cropped/10_Metas/27/15/20191027155400_00160.jpg,datasets_cloudmask/dataset_cropped/10_Metas/27/15/20191027155400_00160.png,417.3,786.9,89.6,21.7,963
10/27/2019 15:55,datasets/dataset_cropped/10_Metas/27/15/20191027155500_00160.jpg,datasets_flow/dataset_cropped/10_Metas/27/15/20191027155500_00160.jpg,datasets_cloudmask/dataset_cropped/10_Metas/27/15/20191027155500_00160.png,414.1,781.7,90.3,21.9,963
10/27/2019 15:56,datasets/dataset_cropped/10_Metas/27/15/20191027155600_00160.jpg,datasets_flow/dataset_cropped/10_Metas/27/15/20191027155600_00160.jpg,datasets_cloudmask/dataset_cropped/10_Metas/27/15/20191027155600_00160.png,411.6,776.9,91.6,22.1,963
10/27/2019 15:57,datasets/dataset_cropped/10_Metas/27/15/20191027155700_00160.jpg,datasets_flow/dataset_cropped/10_Metas/27/15/20191027155700_00160.jpg,datasets_cloudmask/dataset_cropped/10_Metas/27/15/20191027155700_00160.png,410,774,93,22,963
10/27/2019 15:58,datasets/dataset_cropped/10_Metas/27/15/20191027155800_00160.jpg,datasets_flow/dataset_cropped/10_Metas/27/15/20191027155800_00160.jpg,datasets_cloudmask/dataset_cropped/10_Metas/27/15/20191027155800_00160.png,409,772.5,94.4,21.9,963
10/27/2019 15:59,datasets/dataset_cropped/10_Metas/27/15/20191027155900_00160.jpg,datasets_flow/dataset_cropped/10_Metas/27/15/20191027155900_00160.jpg,datasets_cloudmask/dataset_cropped/10_Metas/27/15/20191027155900_00160.png,408,771,96,22,963
10/27/2019 16:00,datasets/dataset_cropped/10_Metas/27/16/20191027160000_00160.jpg,datasets_flow/dataset_cropped/10_Metas/27/16/20191027160000_00160.jpg,datasets_cloudmask/dataset_cropped/10_Metas/27/16/20191027160000_00160.png,406,768.1,97.2,22.1,963
10/27/2019 16:01,datasets/dataset_cropped/10_Metas/27/16/20191027160100_00160.jpg,datasets_flow/dataset_cropped/10_Metas/27/16/20191027160100_00160.jpg,datasets_cloudmask/dataset_cropped/10_Metas/27/16/20191027160100_00160.png,403.7,765.3,97.9,22.1,963
10/27/2019 16:02,datasets/dataset_cropped/10_Metas/27/16/20191027160200_00160.jpg,datasets_flow/dataset_cropped/10_Metas/27/16/20191027160200_00160.jpg,datasets_cloudmask/dataset_cropped/10_Metas/27/16/20191027160200_00160.png,402.2,764.3,98.7,22.2,963
10/27/2019 16:03,datasets/dataset_cropped/10_Metas/27/16/20191027160300_00160.jpg,datasets_flow/dataset_cropped/10_Metas/27/16/20191027160300_00160.jpg,datasets_cloudmask/dataset_cropped/10_Metas/27/16/20191027160300_00160.png,400.6,763,99.5,22.2,963
10/27/2019 16:04,datasets/dataset_cropped/10_Metas/27/16/20191027160400_00160.jpg,datasets_flow/dataset_cropped/10_Metas/27/16/20191027160400_00160.jpg,datasets_cloudmask/dataset_cropped/10_Metas/27/16/20191027160400_00160.png,398.9,761.7,100.4,22,963
10/27/2019 16:05,datasets/dataset_cropped/10_Metas/27/16/20191027160500_00160.jpg,datasets_flow/dataset_cropped/10_Metas/27/16/20191027160500_00160.jpg,datasets_cloudmask/dataset_cropped/10_Metas/27/16/20191027160500_00160.png,396.4,758.3,101.3,21.8,963
10/27/2019 16:06,datasets/dataset_cropped/10_Metas/27/16/20191027160600_00160.jpg,datasets_flow/dataset_cropped/10_Metas/27/16/20191027160600_00160.jpg,datasets_cloudmask/dataset_cropped/10_Metas/27/16/20191027160600_00160.png,392.8,751.8,102.1,21.8,963
10/27/2019 16:07,datasets/dataset_cropped/10_Metas/27/16/20191027160700_00160.jpg,datasets_flow/dataset_cropped/10_Metas/27/16/20191027160700_00160.jpg,datasets_cloudmask/dataset_cropped/10_Metas/27/16/20191027160700_00160.png,387.4,739.8,103.1,21.7,963
10/27/2019 16:08,datasets/dataset_cropped/10_Metas/27/16/20191027160800_00160.jpg,datasets_flow/dataset_cropped/10_Metas/27/16/20191027160800_00160.jpg,datasets_cloudmask/dataset_cropped/10_Metas/27/16/20191027160800_00160.png,385.5,737.1,103.9,21.8,963
10/27/2019 16:09,datasets/dataset_cropped/10_Metas/27/16/20191027160900_00160.jpg,datasets_flow/dataset_cropped/10_Metas/27/16/20191027160900_00160.jpg,datasets_cloudmask/dataset_cropped/10_Metas/27/16/20191027160900_00160.png,373.8,710.9,103.3,22,963
10/27/2019 16:10,datasets/dataset_cropped/10_Metas/27/16/20191027161000_00160.jpg,datasets_flow/dataset_cropped/10_Metas/27/16/20191027161000_00160.jpg,datasets_cloudmask/dataset_cropped/10_Metas/27/16/20191027161000_00160.png,352.7,662.5,102.2,22,963
10/27/2019 16:11,datasets/dataset_cropped/10_Metas/27/16/20191027161100_00160.jpg,datasets_flow/dataset_cropped/10_Metas/27/16/20191027161100_00160.jpg,datasets_cloudmask/dataset_cropped/10_Metas/27/16/20191027161100_00160.png,330.9,611.5,100.9,22.1,963
10/27/2019 16:12,datasets/dataset_cropped/10_Metas/27/16/20191027161200_00160.jpg,datasets_flow/dataset_cropped/10_Metas/27/16/20191027161200_00160.jpg,datasets_cloudmask/dataset_cropped/10_Metas/27/16/20191027161200_00160.png,278.1,477.2,99.4,22,963
10/27/2019 16:13,datasets/dataset_cropped/10_Metas/27/16/20191027161300_00160.jpg,datasets_flow/dataset_cropped/10_Metas/27/16/20191027161300_00160.jpg,datasets_cloudmask/dataset_cropped/10_Metas/27/16/20191027161300_00160.png,213.8,310,98,21.9,963
10/27/2019 16:14,datasets/dataset_cropped/10_Metas/27/16/20191027161400_00160.jpg,datasets_flow/dataset_cropped/10_Metas/27/16/20191027161400_00160.jpg,datasets_cloudmask/dataset_cropped/10_Metas/27/16/20191027161400_00160.png,205,292.4,96.5,21.7,963
10/27/2019 16:15,datasets/dataset_cropped/10_Metas/27/16/20191027161500_00160.jpg,datasets_flow/dataset_cropped/10_Metas/27/16/20191027161500_00160.jpg,datasets_cloudmask/dataset_cropped/10_Metas/27/16/20191027161500_00160.png,157.9,169.6,94.8,21.5,963
10/27/2019 16:16,datasets/dataset_cropped/10_Metas/27/16/20191027161600_00160.jpg,datasets_flow/dataset_cropped/10_Metas/27/16/20191027161600_00160.jpg,datasets_cloudmask/dataset_cropped/10_Metas/27/16/20191027161600_00160.png,169.6,202.1,95.2,21.5,963
10/27/2019 16:17,datasets/dataset_cropped/10_Metas/27/16/20191027161700_00160.jpg,datasets_flow/dataset_cropped/10_Metas/27/16/20191027161700_00160.jpg,datasets_cloudmask/dataset_cropped/10_Metas/27/16/20191027161700_00160.png,179.6,232.5,95,21.5,963
10/27/2019 16:18,datasets/dataset_cropped/10_Metas/27/16/20191027161800_00160.jpg,datasets_flow/dataset_cropped/10_Metas/27/16/20191027161800_00160.jpg,datasets_cloudmask/dataset_cropped/10_Metas/27/16/20191027161800_00160.png,174.5,223.7,93.9,21.4,963
10/27/2019 16:19,datasets/dataset_cropped/10_Metas/27/16/20191027161900_00160.jpg,datasets_flow/dataset_cropped/10_Metas/27/16/20191027161900_00160.jpg,datasets_cloudmask/dataset_cropped/10_Metas/27/16/20191027161900_00160.png,135.8,122.2,91.7,21.2,963
10/27/2019 16:20,datasets/dataset_cropped/10_Metas/27/16/20191027162000_00160.jpg,datasets_flow/dataset_cropped/10_Metas/27/16/20191027162000_00160.jpg,datasets_cloudmask/dataset_cropped/10_Metas/27/16/20191027162000_00160.png,108.7,51.3,89.8,21.1,963
10/27/2019 16:21,datasets/dataset_cropped/10_Metas/27/16/20191027162100_00160.jpg,datasets_flow/dataset_cropped/10_Metas/27/16/20191027162100_00160.jpg,datasets_cloudmask/dataset_cropped/10_Metas/27/16/20191027162100_00160.png,100.2,31.1,88.4,21.1,963
10/27/2019 16:22,datasets/dataset_cropped/10_Metas/27/16/20191027162200_00160.jpg,datasets_flow/dataset_cropped/10_Metas/27/16/20191027162200_00160.jpg,datasets_cloudmask/dataset_cropped/10_Metas/27/16/20191027162200_00160.png,93.9,17.1,87.2,20.9,963
10/27/2019 16:23,datasets/dataset_cropped/10_Metas/27/16/20191027162300_00160.jpg,datasets_flow/dataset_cropped/10_Metas/27/16/20191027162300_00160.jpg,datasets_cloudmask/dataset_cropped/10_Metas/27/16/20191027162300_00160.png,89.6,7.5,86.3,20.8,963
10/27/2019 16:24,datasets/dataset_cropped/10_Metas/27/16/20191027162400_00160.jpg,datasets_flow/dataset_cropped/10_Metas/27/16/20191027162400_00160.jpg,datasets_cloudmask/dataset_cropped/10_Metas/27/16/20191027162400_00160.png,88.1,4.6,85.8,20.7,963
10/27/2019 16:25,datasets/dataset_cropped/10_Metas/27/16/20191027162500_00160.jpg,datasets_flow/dataset_cropped/10_Metas/27/16/20191027162500_00160.jpg,datasets_cloudmask/dataset_cropped/10_Metas/27/16/20191027162500_00160.png,91,12.8,85.9,20.7,963
10/27/2019 16:26,datasets/dataset_cropped/10_Metas/27/16/20191027162600_00160.jpg,datasets_flow/dataset_cropped/10_Metas/27/16/20191027162600_00160.jpg,datasets_cloudmask/dataset_cropped/10_Metas/27/16/20191027162600_00160.png,104.3,49,86.9,20.6,963
10/27/2019 16:27,datasets/dataset_cropped/10_Metas/27/16/20191027162700_00160.jpg,datasets_flow/dataset_cropped/10_Metas/27/16/20191027162700_00160.jpg,datasets_cloudmask/dataset_cropped/10_Metas/27/16/20191027162700_00160.png,121.6,96.7,88.2,20.4,963
10/27/2019 16:28,datasets/dataset_cropped/10_Metas/27/16/20191027162800_00160.jpg,datasets_flow/dataset_cropped/10_Metas/27/16/20191027162800_00160.jpg,datasets_cloudmask/dataset_cropped/10_Metas/27/16/20191027162800_00160.png,134.1,133.8,88.7,20.4,963
10/27/2019 16:29,datasets/dataset_cropped/10_Metas/27/16/20191027162900_00160.jpg,datasets_flow/dataset_cropped/10_Metas/27/16/20191027162900_00160.jpg,datasets_cloudmask/dataset_cropped/10_Metas/27/16/20191027162900_00160.png,113.9,78.3,87.2,20.4,963
10/27/2019 16:30,datasets/dataset_cropped/10_Metas/27/16/20191027163000_00160.jpg,datasets_flow/dataset_cropped/10_Metas/27/16/20191027163000_00160.jpg,datasets_cloudmask/dataset_cropped/10_Metas/27/16/20191027163000_00160.png,123.4,110.7,86.5,20.3,963
10/27/2019 16:31,datasets/dataset_cropped/10_Metas/27/16/20191027163100_00160.jpg,datasets_flow/dataset_cropped/10_Metas/27/16/20191027163100_00160.jpg,datasets_cloudmask/dataset_cropped/10_Metas/27/16/20191027163100_00160.png,139.3,160.8,86.5,20.1,963
10/27/2019 16:32,datasets/dataset_cropped/10_Metas/27/16/20191027163200_00160.jpg,datasets_flow/dataset_cropped/10_Metas/27/16/20191027163200_00160.jpg,datasets_cloudmask/dataset_cropped/10_Metas/27/16/20191027163200_00160.png,138.6,161.9,85.8,20.1,963
10/27/2019 16:33,datasets/dataset_cropped/10_Metas/27/16/20191027163300_00160.jpg,datasets_flow/dataset_cropped/10_Metas/27/16/20191027163300_00160.jpg,datasets_cloudmask/dataset_cropped/10_Metas/27/16/20191027163300_00160.png,150.7,200.3,86.2,20.2,963
10/27/2019 16:34,datasets/dataset_cropped/10_Metas/27/16/20191027163400_00160.jpg,datasets_flow/dataset_cropped/10_Metas/27/16/20191027163400_00160.jpg,datasets_cloudmask/dataset_cropped/10_Metas/27/16/20191027163400_00160.png,143.7,183.4,85.2,20.2,963
10/27/2019 16:35,datasets/dataset_cropped/10_Metas/27/16/20191027163500_00160.jpg,datasets_flow/dataset_cropped/10_Metas/27/16/20191027163500_00160.jpg,datasets_cloudmask/dataset_cropped/10_Metas/27/16/20191027163500_00160.png,221.3,433.5,85.9,20.2,963
10/27/2019 16:36,datasets/dataset_cropped/10_Metas/27/16/20191027163600_00160.jpg,datasets_flow/dataset_cropped/10_Metas/27/16/20191027163600_00160.jpg,datasets_cloudmask/dataset_cropped/10_Metas/27/16/20191027163600_00160.png,207.8,398.1,84.8,20.1,963
10/27/2019 16:37,datasets/dataset_cropped/10_Metas/27/16/20191027163700_00160.jpg,datasets_flow/dataset_cropped/10_Metas/27/16/20191027163700_00160.jpg,datasets_cloudmask/dataset_cropped/10_Metas/27/16/20191027163700_00160.png,145.6,208.9,81.6,20.3,963
10/27/2019 16:38,datasets/dataset_cropped/10_Metas/27/16/20191027163800_00160.jpg,datasets_flow/dataset_cropped/10_Metas/27/16/20191027163800_00160.jpg,datasets_cloudmask/dataset_cropped/10_Metas/27/16/20191027163800_00160.png,155.4,249.1,79.8,20.3,963
10/27/2019 16:39,datasets/dataset_cropped/10_Metas/27/16/20191027163900_00160.jpg,datasets_flow/dataset_cropped/10_Metas/27/16/20191027163900_00160.jpg,datasets_cloudmask/dataset_cropped/10_Metas/27/16/20191027163900_00160.png,242.1,532.8,82.6,20.2,963
10/27/2019 16:40,datasets/dataset_cropped/10_Metas/27/16/20191027164000_00160.jpg,datasets_flow/dataset_cropped/10_Metas/27/16/20191027164000_00160.jpg,datasets_cloudmask/dataset_cropped/10_Metas/27/16/20191027164000_00160.png,280.1,653.7,86.5,20.3,963
10/27/2019 16:41,datasets/dataset_cropped/10_Metas/27/16/20191027164100_00160.jpg,datasets_flow/dataset_cropped/10_Metas/27/16/20191027164100_00160.jpg,datasets_cloudmask/dataset_cropped/10_Metas/27/16/20191027164100_00160.png,274.9,643.4,86.2,20.3,963
10/27/2019 16:42,datasets/dataset_cropped/10_Metas/27/16/20191027164200_00160.jpg,datasets_flow/dataset_cropped/10_Metas/27/16/20191027164200_00160.jpg,datasets_cloudmask/dataset_cropped/10_Metas/27/16/20191027164200_00160.png,175.6,326,80.8,20.5,963
10/27/2019 16:43,datasets/dataset_cropped/10_Metas/27/16/20191027164300_00160.jpg,datasets_flow/dataset_cropped/10_Metas/27/16/20191027164300_00160.jpg,datasets_cloudmask/dataset_cropped/10_Metas/27/16/20191027164300_00160.png,86.7,46,73.2,20.5,963
10/27/2019 16:44,datasets/dataset_cropped/10_Metas/27/16/20191027164400_00160.jpg,datasets_flow/dataset_cropped/10_Metas/27/16/20191027164400_00160.jpg,datasets_cloudmask/dataset_cropped/10_Metas/27/16/20191027164400_00160.png,95.8,89.6,69.7,20.3,963
10/27/2019 16:45,datasets/dataset_cropped/10_Metas/27/16/20191027164500_00160.jpg,datasets_flow/dataset_cropped/10_Metas/27/16/20191027164500_00160.jpg,datasets_cloudmask/dataset_cropped/10_Metas/27/16/20191027164500_00160.png,166.6,333.3,71.9,20.1,963
10/27/2019 16:46,datasets/dataset_cropped/10_Metas/27/16/20191027164600_00160.jpg,datasets_flow/dataset_cropped/10_Metas/27/16/20191027164600_00160.jpg,datasets_cloudmask/dataset_cropped/10_Metas/27/16/20191027164600_00160.png,162.6,321.9,72,20,963
10/27/2019 16:47,datasets/dataset_cropped/10_Metas/27/16/20191027164700_00160.jpg,datasets_flow/dataset_cropped/10_Metas/27/16/20191027164700_00160.jpg,datasets_cloudmask/dataset_cropped/10_Metas/27/16/20191027164700_00160.png,149.3,286.9,69.2,20,963
10/27/2019 16:48,datasets/dataset_cropped/10_Metas/27/16/20191027164800_00160.jpg,datasets_flow/dataset_cropped/10_Metas/27/16/20191027164800_00160.jpg,datasets_cloudmask/dataset_cropped/10_Metas/27/16/20191027164800_00160.png,135.8,252.2,66.2,20,963
10/27/2019 16:49,datasets/dataset_cropped/10_Metas/27/16/20191027164900_00160.jpg,datasets_flow/dataset_cropped/10_Metas/27/16/20191027164900_00160.jpg,datasets_cloudmask/dataset_cropped/10_Metas/27/16/20191027164900_00160.png,115.2,189.3,63.4,19.9,963
10/27/2019 16:50,datasets/dataset_cropped/10_Metas/27/16/20191027165000_00160.jpg,datasets_flow/dataset_cropped/10_Metas/27/16/20191027165000_00160.jpg,datasets_cloudmask/dataset_cropped/10_Metas/27/16/20191027165000_00160.png,70.4,35.4,60.5,19.7,963
10/27/2019 16:51,datasets/dataset_cropped/10_Metas/27/16/20191027165100_00160.jpg,datasets_flow/dataset_cropped/10_Metas/27/16/20191027165100_00160.jpg,datasets_cloudmask/dataset_cropped/10_Metas/27/16/20191027165100_00160.png,61.8,7.9,59.2,19.6,963
10/27/2019 16:52,datasets/dataset_cropped/10_Metas/27/16/20191027165200_00160.jpg,datasets_flow/dataset_cropped/10_Metas/27/16/20191027165200_00160.jpg,datasets_cloudmask/dataset_cropped/10_Metas/27/16/20191027165200_00160.png,67.3,27.6,59.6,19.5,963
10/27/2019 16:53,datasets/dataset_cropped/10_Metas/27/16/20191027165300_00160.jpg,datasets_flow/dataset_cropped/10_Metas/27/16/20191027165300_00160.jpg,datasets_cloudmask/dataset_cropped/10_Metas/27/16/20191027165300_00160.png,91.4,109,62.4,19.4,963
10/27/2019 16:54,datasets/dataset_cropped/10_Metas/27/16/20191027165400_00160.jpg,datasets_flow/dataset_cropped/10_Metas/27/16/20191027165400_00160.jpg,datasets_cloudmask/dataset_cropped/10_Metas/27/16/20191027165400_00160.png,129.2,248.5,65,19.3,963
10/27/2019 16:55,datasets/dataset_cropped/10_Metas/27/16/20191027165500_00160.jpg,datasets_flow/dataset_cropped/10_Metas/27/16/20191027165500_00160.jpg,datasets_cloudmask/dataset_cropped/10_Metas/27/16/20191027165500_00160.png,138.1,290.4,64.2,19.3,963
10/27/2019 16:56,datasets/dataset_cropped/10_Metas/27/16/20191027165600_00160.jpg,datasets_flow/dataset_cropped/10_Metas/27/16/20191027165600_00160.jpg,datasets_cloudmask/dataset_cropped/10_Metas/27/16/20191027165600_00160.png,77.4,68.5,60,19.4,963
10/27/2019 16:57,datasets/dataset_cropped/10_Metas/27/16/20191027165700_00160.jpg,datasets_flow/dataset_cropped/10_Metas/27/16/20191027165700_00160.jpg,datasets_cloudmask/dataset_cropped/10_Metas/27/16/20191027165700_00160.png,61.9,14.3,58.1,19.4,963
10/27/2019 16:58,datasets/dataset_cropped/10_Metas/27/16/20191027165800_00160.jpg,datasets_flow/dataset_cropped/10_Metas/27/16/20191027165800_00160.jpg,datasets_cloudmask/dataset_cropped/10_Metas/27/16/20191027165800_00160.png,64.3,27.1,57.5,19.3,963
10/27/2019 16:59,datasets/dataset_cropped/10_Metas/27/16/20191027165900_00160.jpg,datasets_flow/dataset_cropped/10_Metas/27/16/20191027165900_00160.jpg,datasets_cloudmask/dataset_cropped/10_Metas/27/16/20191027165900_00160.png,81.7,98.3,57.7,19.2,963
10/27/2019 17:00,datasets/dataset_cropped/10_Metas/27/17/20191027170000_00160.jpg,datasets_flow/dataset_cropped/10_Metas/27/17/20191027170000_00160.jpg,datasets_cloudmask/dataset_cropped/10_Metas/27/17/20191027170000_00160.png,90.2,134.1,57.9,19.2,963
10/27/2019 17:01,datasets/dataset_cropped/10_Metas/27/17/20191027170100_00160.jpg,datasets_flow/dataset_cropped/10_Metas/27/17/20191027170100_00160.jpg,datasets_cloudmask/dataset_cropped/10_Metas/27/17/20191027170100_00160.png,95.7,156.6,58.4,19.1,963
10/27/2019 17:02,datasets/dataset_cropped/10_Metas/27/17/20191027170200_00160.jpg,datasets_flow/dataset_cropped/10_Metas/27/17/20191027170200_00160.jpg,datasets_cloudmask/dataset_cropped/10_Metas/27/17/20191027170200_00160.png,73.6,68.3,57.2,19.1,963
10/27/2019 17:03,datasets/dataset_cropped/10_Metas/27/17/20191027170300_00160.jpg,datasets_flow/dataset_cropped/10_Metas/27/17/20191027170300_00160.jpg,datasets_cloudmask/dataset_cropped/10_Metas/27/17/20191027170300_00160.png,76.5,83,56.9,19.1,963
10/27/2019 17:04,datasets/dataset_cropped/10_Metas/27/17/20191027170400_00160.jpg,datasets_flow/dataset_cropped/10_Metas/27/17/20191027170400_00160.jpg,datasets_cloudmask/dataset_cropped/10_Metas/27/17/20191027170400_00160.png,94.4,156.8,58.4,19.1,963
10/27/2019 17:05,datasets/dataset_cropped/10_Metas/27/17/20191027170500_00160.jpg,datasets_flow/dataset_cropped/10_Metas/27/17/20191027170500_00160.jpg,datasets_cloudmask/dataset_cropped/10_Metas/27/17/20191027170500_00160.png,100.5,187.2,58.3,19,963
10/27/2019 17:06,datasets/dataset_cropped/10_Metas/27/17/20191027170600_00160.jpg,datasets_flow/dataset_cropped/10_Metas/27/17/20191027170600_00160.jpg,datasets_cloudmask/dataset_cropped/10_Metas/27/17/20191027170600_00160.png,122.6,292.1,57.8,19,963
10/27/2019 17:07,datasets/dataset_cropped/10_Metas/27/17/20191027170700_00160.jpg,datasets_flow/dataset_cropped/10_Metas/27/17/20191027170700_00160.jpg,datasets_cloudmask/dataset_cropped/10_Metas/27/17/20191027170700_00160.png,117.7,273.5,57.9,19.1,963
10/27/2019 17:08,datasets/dataset_cropped/10_Metas/27/17/20191027170800_00160.jpg,datasets_flow/dataset_cropped/10_Metas/27/17/20191027170800_00160.jpg,datasets_cloudmask/dataset_cropped/10_Metas/27/17/20191027170800_00160.png,98.2,191.8,56.8,19.2,963
10/27/2019 17:09,datasets/dataset_cropped/10_Metas/27/17/20191027170900_00160.jpg,datasets_flow/dataset_cropped/10_Metas/27/17/20191027170900_00160.jpg,datasets_cloudmask/dataset_cropped/10_Metas/27/17/20191027170900_00160.png,120.3,295.1,57.7,19.2,963
10/27/2019 17:10,datasets/dataset_cropped/10_Metas/27/17/20191027171000_00160.jpg,datasets_flow/dataset_cropped/10_Metas/27/17/20191027171000_00160.jpg,datasets_cloudmask/dataset_cropped/10_Metas/27/17/20191027171000_00160.png,163.9,492.4,61.3,19.2,963
10/27/2019 17:11,datasets/dataset_cropped/10_Metas/27/17/20191027171100_00160.jpg,datasets_flow/dataset_cropped/10_Metas/27/17/20191027171100_00160.jpg,datasets_cloudmask/dataset_cropped/10_Metas/27/17/20191027171100_00160.png,174.4,539.9,63.7,19.3,963
10/27/2019 17:12,datasets/dataset_cropped/10_Metas/27/17/20191027171200_00160.jpg,datasets_flow/dataset_cropped/10_Metas/27/17/20191027171200_00160.jpg,datasets_cloudmask/dataset_cropped/10_Metas/27/17/20191027171200_00160.png,172.5,535.5,64.4,19.4,963
10/27/2019 17:13,datasets/dataset_cropped/10_Metas/27/17/20191027171300_00160.jpg,datasets_flow/dataset_cropped/10_Metas/27/17/20191027171300_00160.jpg,datasets_cloudmask/dataset_cropped/10_Metas/27/17/20191027171300_00160.png,170,532.5,64.2,19.4,963
10/27/2019 17:14,datasets/dataset_cropped/10_Metas/27/17/20191027171400_00160.jpg,datasets_flow/dataset_cropped/10_Metas/27/17/20191027171400_00160.jpg,datasets_cloudmask/dataset_cropped/10_Metas/27/17/20191027171400_00160.png,167.3,529.7,63.8,19.4,963
10/27/2019 17:15,datasets/dataset_cropped/10_Metas/27/17/20191027171500_00160.jpg,datasets_flow/dataset_cropped/10_Metas/27/17/20191027171500_00160.jpg,datasets_cloudmask/dataset_cropped/10_Metas/27/17/20191027171500_00160.png,164.3,526.4,62.9,19.5,963
10/27/2019 17:16,datasets/dataset_cropped/10_Metas/27/17/20191027171600_00160.jpg,datasets_flow/dataset_cropped/10_Metas/27/17/20191027171600_00160.jpg,datasets_cloudmask/dataset_cropped/10_Metas/27/17/20191027171600_00160.png,161,524,61.7,19.6,963
10/27/2019 17:17,datasets/dataset_cropped/10_Metas/27/17/20191027171700_00160.jpg,datasets_flow/dataset_cropped/10_Metas/27/17/20191027171700_00160.jpg,datasets_cloudmask/dataset_cropped/10_Metas/27/17/20191027171700_00160.png,157,518.5,60.2,19.6,963
10/27/2019 17:18,datasets/dataset_cropped/10_Metas/27/17/20191027171800_00160.jpg,datasets_flow/dataset_cropped/10_Metas/27/17/20191027171800_00160.jpg,datasets_cloudmask/dataset_cropped/10_Metas/27/17/20191027171800_00160.png,152.7,512.2,58.6,19.4,963
10/27/2019 17:19,datasets/dataset_cropped/10_Metas/27/17/20191027171900_00160.jpg,datasets_flow/dataset_cropped/10_Metas/27/17/20191027171900_00160.jpg,datasets_cloudmask/dataset_cropped/10_Metas/27/17/20191027171900_00160.png,148.1,505.3,56.9,19.5,963
10/27/2019 17:20,datasets/dataset_cropped/10_Metas/27/17/20191027172000_00160.jpg,datasets_flow/dataset_cropped/10_Metas/27/17/20191027172000_00160.jpg,datasets_cloudmask/dataset_cropped/10_Metas/27/17/20191027172000_00160.png,143.7,498.9,55.1,19.5,963
10/27/2019 17:21,datasets/dataset_cropped/10_Metas/27/17/20191027172100_00160.jpg,datasets_flow/dataset_cropped/10_Metas/27/17/20191027172100_00160.jpg,datasets_cloudmask/dataset_cropped/10_Metas/27/17/20191027172100_00160.png,139.1,489,53.7,19.5,963
10/27/2019 17:22,datasets/dataset_cropped/10_Metas/27/17/20191027172200_00160.jpg,datasets_flow/dataset_cropped/10_Metas/27/17/20191027172200_00160.jpg,datasets_cloudmask/dataset_cropped/10_Metas/27/17/20191027172200_00160.png,135.7,484.7,52.6,19.4,963
10/27/2019 17:23,datasets/dataset_cropped/10_Metas/27/17/20191027172300_00160.jpg,datasets_flow/dataset_cropped/10_Metas/27/17/20191027172300_00160.jpg,datasets_cloudmask/dataset_cropped/10_Metas/27/17/20191027172300_00160.png,132.1,478.1,51.5,19.4,963
10/27/2019 17:24,datasets/dataset_cropped/10_Metas/27/17/20191027172400_00160.jpg,datasets_flow/dataset_cropped/10_Metas/27/17/20191027172400_00160.jpg,datasets_cloudmask/dataset_cropped/10_Metas/27/17/20191027172400_00160.png,128.9,473.3,50.6,19.3,963
10/27/2019 17:25,datasets/dataset_cropped/10_Metas/27/17/20191027172500_00160.jpg,datasets_flow/dataset_cropped/10_Metas/27/17/20191027172500_00160.jpg,datasets_cloudmask/dataset_cropped/10_Metas/27/17/20191027172500_00160.png,126.2,470.3,49.8,19.2,963
10/27/2019 17:26,datasets/dataset_cropped/10_Metas/27/17/20191027172600_00160.jpg,datasets_flow/dataset_cropped/10_Metas/27/17/20191027172600_00160.jpg,datasets_cloudmask/dataset_cropped/10_Metas/27/17/20191027172600_00160.png,123.5,465.6,49.4,19.2,963
10/27/2019 17:27,datasets/dataset_cropped/10_Metas/27/17/20191027172700_00160.jpg,datasets_flow/dataset_cropped/10_Metas/27/17/20191027172700_00160.jpg,datasets_cloudmask/dataset_cropped/10_Metas/27/17/20191027172700_00160.png,120.8,461,48.8,19.2,963
10/27/2019 17:28,datasets/dataset_cropped/10_Metas/27/17/20191027172800_00160.jpg,datasets_flow/dataset_cropped/10_Metas/27/17/20191027172800_00160.jpg,datasets_cloudmask/dataset_cropped/10_Metas/27/17/20191027172800_00160.png,118.4,456.3,48.4,19.2,963
10/27/2019 17:29,datasets/dataset_cropped/10_Metas/27/17/20191027172900_00160.jpg,datasets_flow/dataset_cropped/10_Metas/27/17/20191027172900_00160.jpg,datasets_cloudmask/dataset_cropped/10_Metas/27/17/20191027172900_00160.png,115.8,452.5,47.9,19.4,963
10/27/2019 17:30,datasets/dataset_cropped/10_Metas/27/17/20191027173000_00160.jpg,datasets_flow/dataset_cropped/10_Metas/27/17/20191027173000_00160.jpg,datasets_cloudmask/dataset_cropped/10_Metas/27/17/20191027173000_00160.png,113.2,447.9,47.4,19.4,963
10/27/2019 17:31,datasets/dataset_cropped/10_Metas/27/17/20191027173100_00160.jpg,datasets_flow/dataset_cropped/10_Metas/27/17/20191027173100_00160.jpg,datasets_cloudmask/dataset_cropped/10_Metas/27/17/20191027173100_00160.png,109.7,439.4,46.5,19.3,963
10/27/2019 17:32,datasets/dataset_cropped/10_Metas/27/17/20191027173200_00160.jpg,datasets_flow/dataset_cropped/10_Metas/27/17/20191027173200_00160.jpg,datasets_cloudmask/dataset_cropped/10_Metas/27/17/20191027173200_00160.png,106,430.4,45.4,19.1,963
10/27/2019 17:33,datasets/dataset_cropped/10_Metas/27/17/20191027173300_00160.jpg,datasets_flow/dataset_cropped/10_Metas/27/17/20191027173300_00160.jpg,datasets_cloudmask/dataset_cropped/10_Metas/27/17/20191027173300_00160.png,102.7,425.7,44.1,19,963
10/27/2019 17:34,datasets/dataset_cropped/10_Metas/27/17/20191027173400_00160.jpg,datasets_flow/dataset_cropped/10_Metas/27/17/20191027173400_00160.jpg,datasets_cloudmask/dataset_cropped/10_Metas/27/17/20191027173400_00160.png,99.5,421.3,42.8,19,963
10/27/2019 17:35,datasets/dataset_cropped/10_Metas/27/17/20191027173500_00160.jpg,datasets_flow/dataset_cropped/10_Metas/27/17/20191027173500_00160.jpg,datasets_cloudmask/dataset_cropped/10_Metas/27/17/20191027173500_00160.png,96,415.3,41.4,19,963
10/27/2019 17:36,datasets/dataset_cropped/10_Metas/27/17/20191027173600_00160.jpg,datasets_flow/dataset_cropped/10_Metas/27/17/20191027173600_00160.jpg,datasets_cloudmask/dataset_cropped/10_Metas/27/17/20191027173600_00160.png,92.6,408.2,40.2,19,963
10/27/2019 17:37,datasets/dataset_cropped/10_Metas/27/17/20191027173700_00160.jpg,datasets_flow/dataset_cropped/10_Metas/27/17/20191027173700_00160.jpg,datasets_cloudmask/dataset_cropped/10_Metas/27/17/20191027173700_00160.png,89.4,402.1,39.1,18.9,963
10/27/2019 17:38,datasets/dataset_cropped/10_Metas/27/17/20191027173800_00160.jpg,datasets_flow/dataset_cropped/10_Metas/27/17/20191027173800_00160.jpg,datasets_cloudmask/dataset_cropped/10_Metas/27/17/20191027173800_00160.png,86.6,397.3,38.1,18.9,964
10/27/2019 17:39,datasets/dataset_cropped/10_Metas/27/17/20191027173900_00160.jpg,datasets_flow/dataset_cropped/10_Metas/27/17/20191027173900_00160.jpg,datasets_cloudmask/dataset_cropped/10_Metas/27/17/20191027173900_00160.png,83.6,391.3,37.1,18.9,963
10/27/2019 17:40,datasets/dataset_cropped/10_Metas/27/17/20191027174000_00160.jpg,datasets_flow/dataset_cropped/10_Metas/27/17/20191027174000_00160.jpg,datasets_cloudmask/dataset_cropped/10_Metas/27/17/20191027174000_00160.png,80.5,383.8,36.1,18.9,963
10/27/2019 17:41,datasets/dataset_cropped/10_Metas/27/17/20191027174100_00160.jpg,datasets_flow/dataset_cropped/10_Metas/27/17/20191027174100_00160.jpg,datasets_cloudmask/dataset_cropped/10_Metas/27/17/20191027174100_00160.png,77.6,376.6,35.2,18.8,964
10/27/2019 17:42,datasets/dataset_cropped/10_Metas/27/17/20191027174200_00160.jpg,datasets_flow/dataset_cropped/10_Metas/27/17/20191027174200_00160.jpg,datasets_cloudmask/dataset_cropped/10_Metas/27/17/20191027174200_00160.png,75,370,34.4,18.8,964
10/27/2019 17:43,datasets/dataset_cropped/10_Metas/27/17/20191027174300_00160.jpg,datasets_flow/dataset_cropped/10_Metas/27/17/20191027174300_00160.jpg,datasets_cloudmask/dataset_cropped/10_Metas/27/17/20191027174300_00160.png,72.1,362.1,33.6,18.8,963
10/27/2019 17:44,datasets/dataset_cropped/10_Metas/27/17/20191027174400_00160.jpg,datasets_flow/dataset_cropped/10_Metas/27/17/20191027174400_00160.jpg,datasets_cloudmask/dataset_cropped/10_Metas/27/17/20191027174400_00160.png,69.2,352.6,32.8,18.8,964
10/27/2019 17:45,datasets/dataset_cropped/10_Metas/27/17/20191027174500_00160.jpg,datasets_flow/dataset_cropped/10_Metas/27/17/20191027174500_00160.jpg,datasets_cloudmask/dataset_cropped/10_Metas/27/17/20191027174500_00160.png,66.4,345.2,31.9,18.7,963
10/27/2019 17:46,datasets/dataset_cropped/10_Metas/27/17/20191027174600_00160.jpg,datasets_flow/dataset_cropped/10_Metas/27/17/20191027174600_00160.jpg,datasets_cloudmask/dataset_cropped/10_Metas/27/17/20191027174600_00160.png,64,339.1,31.1,18.7,963
10/27/2019 17:47,datasets/dataset_cropped/10_Metas/27/17/20191027174700_00160.jpg,datasets_flow/dataset_cropped/10_Metas/27/17/20191027174700_00160.jpg,datasets_cloudmask/dataset_cropped/10_Metas/27/17/20191027174700_00160.png,61.5,329.5,30.6,18.8,964
10/27/2019 17:48,datasets/dataset_cropped/10_Metas/27/17/20191027174800_00160.jpg,datasets_flow/dataset_cropped/10_Metas/27/17/20191027174800_00160.jpg,datasets_cloudmask/dataset_cropped/10_Metas/27/17/20191027174800_00160.png,59.1,318.6,30.2,18.7,964
10/27/2019 17:49,datasets/dataset_cropped/10_Metas/27/17/20191027174900_00160.jpg,datasets_flow/dataset_cropped/10_Metas/27/17/20191027174900_00160.jpg,datasets_cloudmask/dataset_cropped/10_Metas/27/17/20191027174900_00160.png,56.6,308.3,29.7,18.7,963
10/27/2019 17:50,datasets/dataset_cropped/10_Metas/27/17/20191027175000_00160.jpg,datasets_flow/dataset_cropped/10_Metas/27/17/20191027175000_00160.jpg,datasets_cloudmask/dataset_cropped/10_Metas/27/17/20191027175000_00160.png,54.3,298.3,29.2,18.6,963
10/27/2019 17:51,datasets/dataset_cropped/10_Metas/27/17/20191027175100_00160.jpg,datasets_flow/dataset_cropped/10_Metas/27/17/20191027175100_00160.jpg,datasets_cloudmask/dataset_cropped/10_Metas/27/17/20191027175100_00160.png,52,288.4,28.7,18.6,963
10/27/2019 17:52,datasets/dataset_cropped/10_Metas/27/17/20191027175200_00160.jpg,datasets_flow/dataset_cropped/10_Metas/27/17/20191027175200_00160.jpg,datasets_cloudmask/dataset_cropped/10_Metas/27/17/20191027175200_00160.png,49.4,270.9,28.3,18.6,964
10/27/2019 17:53,datasets/dataset_cropped/10_Metas/27/17/20191027175300_00160.jpg,datasets_flow/dataset_cropped/10_Metas/27/17/20191027175300_00160.jpg,datasets_cloudmask/dataset_cropped/10_Metas/27/17/20191027175300_00160.png,40.8,184.7,26.9,18.5,963
10/27/2019 17:54,datasets/dataset_cropped/10_Metas/27/17/20191027175400_00160.jpg,datasets_flow/dataset_cropped/10_Metas/27/17/20191027175400_00160.jpg,datasets_cloudmask/dataset_cropped/10_Metas/27/17/20191027175400_00160.png,35.2,146.8,24.6,18.4,963
10/27/2019 17:55,datasets/dataset_cropped/10_Metas/27/17/20191027175500_00160.jpg,datasets_flow/dataset_cropped/10_Metas/27/17/20191027175500_00160.jpg,datasets_cloudmask/dataset_cropped/10_Metas/27/17/20191027175500_00160.png,29,83.8,23,18.4,963
10/27/2019 17:56,datasets/dataset_cropped/10_Metas/27/17/20191027175600_00160.jpg,datasets_flow/dataset_cropped/10_Metas/27/17/20191027175600_00160.jpg,datasets_cloudmask/dataset_cropped/10_Metas/27/17/20191027175600_00160.png,28.3,73.3,23.2,18.3,964
10/27/2019 17:57,datasets/dataset_cropped/10_Metas/27/17/20191027175700_00160.jpg,datasets_flow/dataset_cropped/10_Metas/27/17/20191027175700_00160.jpg,datasets_cloudmask/dataset_cropped/10_Metas/27/17/20191027175700_00160.png,26.8,56,23,18.2,964
10/27/2019 17:58,datasets/dataset_cropped/10_Metas/27/17/20191027175800_00160.jpg,datasets_flow/dataset_cropped/10_Metas/27/17/20191027175800_00160.jpg,datasets_cloudmask/dataset_cropped/10_Metas/27/17/20191027175800_00160.png,24.1,35,21.8,18.2,964
10/27/2019 17:59,datasets/dataset_cropped/10_Metas/27/17/20191027175900_00160.jpg,datasets_flow/dataset_cropped/10_Metas/27/17/20191027175900_00160.jpg,datasets_cloudmask/dataset_cropped/10_Metas/27/17/20191027175900_00160.png,21.2,18.3,19.9,18.1,964
10/27/2019 18:00,datasets/dataset_cropped/10_Metas/27/18/20191027180000_00160.jpg,datasets_flow/dataset_cropped/10_Metas/27/18/20191027180000_00160.jpg,datasets_cloudmask/dataset_cropped/10_Metas/27/18/20191027180000_00160.png,20,22.9,18.6,18,964
10/27/2019 18:01,datasets/dataset_cropped/10_Metas/27/18/20191027180100_00160.jpg,datasets_flow/dataset_cropped/10_Metas/27/18/20191027180100_00160.jpg,datasets_cloudmask/dataset_cropped/10_Metas/27/18/20191027180100_00160.png,19.7,33.6,17.9,17.9,964
10/27/2019 18:02,datasets/dataset_cropped/10_Metas/27/18/20191027180200_00160.jpg,datasets_flow/dataset_cropped/10_Metas/27/18/20191027180200_00160.jpg,datasets_cloudmask/dataset_cropped/10_Metas/27/18/20191027180200_00160.png,20.2,54.1,17.5,17.8,964
10/27/2019 18:03,datasets/dataset_cropped/10_Metas/27/18/20191027180300_00160.jpg,datasets_flow/dataset_cropped/10_Metas/27/18/20191027180300_00160.jpg,datasets_cloudmask/dataset_cropped/10_Metas/27/18/20191027180300_00160.png,19.9,56.5,17.2,17.8,964
10/27/2019 18:04,datasets/dataset_cropped/10_Metas/27/18/20191027180400_00160.jpg,datasets_flow/dataset_cropped/10_Metas/27/18/20191027180400_00160.jpg,datasets_cloudmask/dataset_cropped/10_Metas/27/18/20191027180400_00160.png,20.2,77.5,17,17.8,964
10/27/2019 18:05,datasets/dataset_cropped/10_Metas/27/18/20191027180500_00160.jpg,datasets_flow/dataset_cropped/10_Metas/27/18/20191027180500_00160.jpg,datasets_cloudmask/dataset_cropped/10_Metas/27/18/20191027180500_00160.png,21.5,106.9,17.3,17.9,964
10/27/2019 18:06,datasets/dataset_cropped/10_Metas/27/18/20191027180600_00160.jpg,datasets_flow/dataset_cropped/10_Metas/27/18/20191027180600_00160.jpg,datasets_cloudmask/dataset_cropped/10_Metas/27/18/20191027180600_00160.png,20.7,91.3,17.4,17.8,964
10/27/2019 18:07,datasets/dataset_cropped/10_Metas/27/18/20191027180700_00160.jpg,datasets_flow/dataset_cropped/10_Metas/27/18/20191027180700_00160.jpg,datasets_cloudmask/dataset_cropped/10_Metas/27/18/20191027180700_00160.png,19.1,74.4,16.7,17.8,964
10/27/2019 18:08,datasets/dataset_cropped/10_Metas/27/18/20191027180800_00160.jpg,datasets_flow/dataset_cropped/10_Metas/27/18/20191027180800_00160.jpg,datasets_cloudmask/dataset_cropped/10_Metas/27/18/20191027180800_00160.png,17.6,61,15.7,17.8,964
10/27/2019 18:09,datasets/dataset_cropped/10_Metas/27/18/20191027180900_00160.jpg,datasets_flow/dataset_cropped/10_Metas/27/18/20191027180900_00160.jpg,datasets_cloudmask/dataset_cropped/10_Metas/27/18/20191027180900_00160.png,15.8,41,14.6,17.8,964
10/27/2019 18:10,datasets/dataset_cropped/10_Metas/27/18/20191027181000_00160.jpg,datasets_flow/dataset_cropped/10_Metas/27/18/20191027181000_00160.jpg,datasets_cloudmask/dataset_cropped/10_Metas/27/18/20191027181000_00160.png,13.6,15.7,13.1,17.7,964
10/27/2019 18:11,datasets/dataset_cropped/10_Metas/27/18/20191027181100_00160.jpg,datasets_flow/dataset_cropped/10_Metas/27/18/20191027181100_00160.jpg,datasets_cloudmask/dataset_cropped/10_Metas/27/18/20191027181100_00160.png,11.8,3.4,11.6,17.7,964
10/27/2019 18:12,datasets/dataset_cropped/10_Metas/27/18/20191027181200_00160.jpg,datasets_flow/dataset_cropped/10_Metas/27/18/20191027181200_00160.jpg,datasets_cloudmask/dataset_cropped/10_Metas/27/18/20191027181200_00160.png,10.8,0.6,10.6,17.6,964
10/27/2019 18:13,datasets/dataset_cropped/10_Metas/27/18/20191027181300_00160.jpg,datasets_flow/dataset_cropped/10_Metas/27/18/20191027181300_00160.jpg,datasets_cloudmask/dataset_cropped/10_Metas/27/18/20191027181300_00160.png,9.5,0,9.4,17.6,964
10/27/2019 18:14,datasets/dataset_cropped/10_Metas/27/18/20191027181400_00160.jpg,datasets_flow/dataset_cropped/10_Metas/27/18/20191027181400_00160.jpg,datasets_cloudmask/dataset_cropped/10_Metas/27/18/20191027181400_00160.png,7.9,0,7.7,17.5,964
10/27/2019 18:15,datasets/dataset_cropped/10_Metas/27/18/20191027181500_00160.jpg,datasets_flow/dataset_cropped/10_Metas/27/18/20191027181500_00160.jpg,datasets_cloudmask/dataset_cropped/10_Metas/27/18/20191027181500_00160.png,6.1,0,6,17.5,964
10/27/2019 18:16,datasets/dataset_cropped/10_Metas/27/18/20191027181600_00160.jpg,datasets_flow/dataset_cropped/10_Metas/27/18/20191027181600_00160.jpg,datasets_cloudmask/dataset_cropped/10_Metas/27/18/20191027181600_00160.png,4.4,0,4.2,17.5,964
10/28/2019 7:31,datasets/dataset_cropped/10_Metas/28/07/20191028073100_00160.jpg,datasets_flow/dataset_cropped/10_Metas/28/07/20191028073100_00160.jpg,datasets_cloudmask/dataset_cropped/10_Metas/28/07/20191028073100_00160.png,7.7,0,7.8,11.8,963
10/28/2019 7:32,datasets/dataset_cropped/10_Metas/28/07/20191028073200_00160.jpg,datasets_flow/dataset_cropped/10_Metas/28/07/20191028073200_00160.jpg,datasets_cloudmask/dataset_cropped/10_Metas/28/07/20191028073200_00160.png,8.8,0,8.8,11.9,963
10/28/2019 7:33,datasets/dataset_cropped/10_Metas/28/07/20191028073300_00160.jpg,datasets_flow/dataset_cropped/10_Metas/28/07/20191028073300_00160.jpg,datasets_cloudmask/dataset_cropped/10_Metas/28/07/20191028073300_00160.png,10.3,0,10.3,11.9,963
10/28/2019 7:34,datasets/dataset_cropped/10_Metas/28/07/20191028073400_00160.jpg,datasets_flow/dataset_cropped/10_Metas/28/07/20191028073400_00160.jpg,datasets_cloudmask/dataset_cropped/10_Metas/28/07/20191028073400_00160.png,11.9,0,11.9,11.9,963
10/28/2019 7:35,datasets/dataset_cropped/10_Metas/28/07/20191028073500_00160.jpg,datasets_flow/dataset_cropped/10_Metas/28/07/20191028073500_00160.jpg,datasets_cloudmask/dataset_cropped/10_Metas/28/07/20191028073500_00160.png,13.5,0.2,13.5,12,963
10/28/2019 7:36,datasets/dataset_cropped/10_Metas/28/07/20191028073600_00160.jpg,datasets_flow/dataset_cropped/10_Metas/28/07/20191028073600_00160.jpg,datasets_cloudmask/dataset_cropped/10_Metas/28/07/20191028073600_00160.png,15,3.2,14.9,12.1,963
10/28/2019 7:37,datasets/dataset_cropped/10_Metas/28/07/20191028073700_00160.jpg,datasets_flow/dataset_cropped/10_Metas/28/07/20191028073700_00160.jpg,datasets_cloudmask/dataset_cropped/10_Metas/28/07/20191028073700_00160.png,16.7,12.6,16.1,12.1,963
10/28/2019 7:38,datasets/dataset_cropped/10_Metas/28/07/20191028073800_00160.jpg,datasets_flow/dataset_cropped/10_Metas/28/07/20191028073800_00160.jpg,datasets_cloudmask/dataset_cropped/10_Metas/28/07/20191028073800_00160.png,18.1,18.2,17.2,12.1,963
10/28/2019 7:39,datasets/dataset_cropped/10_Metas/28/07/20191028073900_00160.jpg,datasets_flow/dataset_cropped/10_Metas/28/07/20191028073900_00160.jpg,datasets_cloudmask/dataset_cropped/10_Metas/28/07/20191028073900_00160.png,19.2,20.6,18,12.2,963
10/28/2019 7:40,datasets/dataset_cropped/10_Metas/28/07/20191028074000_00160.jpg,datasets_flow/dataset_cropped/10_Metas/28/07/20191028074000_00160.jpg,datasets_cloudmask/dataset_cropped/10_Metas/28/07/20191028074000_00160.png,20.2,22.4,18.6,12.2,963
10/28/2019 7:41,datasets/dataset_cropped/10_Metas/28/07/20191028074100_00160.jpg,datasets_flow/dataset_cropped/10_Metas/28/07/20191028074100_00160.jpg,datasets_cloudmask/dataset_cropped/10_Metas/28/07/20191028074100_00160.png,21.4,23.6,19.6,12.3,963
10/28/2019 7:42,datasets/dataset_cropped/10_Metas/28/07/20191028074200_00160.jpg,datasets_flow/dataset_cropped/10_Metas/28/07/20191028074200_00160.jpg,datasets_cloudmask/dataset_cropped/10_Metas/28/07/20191028074200_00160.png,23.1,26.2,20.8,12.3,963
10/28/2019 7:43,datasets/dataset_cropped/10_Metas/28/07/20191028074300_00160.jpg,datasets_flow/dataset_cropped/10_Metas/28/07/20191028074300_00160.jpg,datasets_cloudmask/dataset_cropped/10_Metas/28/07/20191028074300_00160.png,24.9,27.1,22.4,12.4,963
10/28/2019 7:44,datasets/dataset_cropped/10_Metas/28/07/20191028074400_00160.jpg,datasets_flow/dataset_cropped/10_Metas/28/07/20191028074400_00160.jpg,datasets_cloudmask/dataset_cropped/10_Metas/28/07/20191028074400_00160.png,27.5,32.2,24.3,12.4,963
10/28/2019 7:45,datasets/dataset_cropped/10_Metas/28/07/20191028074500_00160.jpg,datasets_flow/dataset_cropped/10_Metas/28/07/20191028074500_00160.jpg,datasets_cloudmask/dataset_cropped/10_Metas/28/07/20191028074500_00160.png,30.4,39.7,26.1,12.4,963
10/28/2019 7:46,datasets/dataset_cropped/10_Metas/28/07/20191028074600_00160.jpg,datasets_flow/dataset_cropped/10_Metas/28/07/20191028074600_00160.jpg,datasets_cloudmask/dataset_cropped/10_Metas/28/07/20191028074600_00160.png,33.1,44.6,27.9,12.5,963
10/28/2019 7:47,datasets/dataset_cropped/10_Metas/28/07/20191028074700_00160.jpg,datasets_flow/dataset_cropped/10_Metas/28/07/20191028074700_00160.jpg,datasets_cloudmask/dataset_cropped/10_Metas/28/07/20191028074700_00160.png,35.5,48.3,29.5,12.5,963
10/28/2019 7:48,datasets/dataset_cropped/10_Metas/28/07/20191028074800_00160.jpg,datasets_flow/dataset_cropped/10_Metas/28/07/20191028074800_00160.jpg,datasets_cloudmask/dataset_cropped/10_Metas/28/07/20191028074800_00160.png,36.6,43.8,31,12.5,963
10/28/2019 7:49,datasets/dataset_cropped/10_Metas/28/07/20191028074900_00160.jpg,datasets_flow/dataset_cropped/10_Metas/28/07/20191028074900_00160.jpg,datasets_cloudmask/dataset_cropped/10_Metas/28/07/20191028074900_00160.png,39.1,45.4,32.8,12.6,963
10/28/2019 7:50,datasets/dataset_cropped/10_Metas/28/07/20191028075000_00160.jpg,datasets_flow/dataset_cropped/10_Metas/28/07/20191028075000_00160.jpg,datasets_cloudmask/dataset_cropped/10_Metas/28/07/20191028075000_00160.png,43.2,57.2,34.8,12.7,963
10/28/2019 7:51,datasets/dataset_cropped/10_Metas/28/07/20191028075100_00160.jpg,datasets_flow/dataset_cropped/10_Metas/28/07/20191028075100_00160.jpg,datasets_cloudmask/dataset_cropped/10_Metas/28/07/20191028075100_00160.png,46.2,63.5,36.3,12.8,963
10/28/2019 7:52,datasets/dataset_cropped/10_Metas/28/07/20191028075200_00160.jpg,datasets_flow/dataset_cropped/10_Metas/28/07/20191028075200_00160.jpg,datasets_cloudmask/dataset_cropped/10_Metas/28/07/20191028075200_00160.png,48.9,67.8,37.7,12.9,963
10/28/2019 7:53,datasets/dataset_cropped/10_Metas/28/07/20191028075300_00160.jpg,datasets_flow/dataset_cropped/10_Metas/28/07/20191028075300_00160.jpg,datasets_cloudmask/dataset_cropped/10_Metas/28/07/20191028075300_00160.png,51.4,73,38.9,12.9,963
10/28/2019 7:54,datasets/dataset_cropped/10_Metas/28/07/20191028075400_00160.jpg,datasets_flow/dataset_cropped/10_Metas/28/07/20191028075400_00160.jpg,datasets_cloudmask/dataset_cropped/10_Metas/28/07/20191028075400_00160.png,50.1,61.6,39.2,12.9,963
10/28/2019 7:55,datasets/dataset_cropped/10_Metas/28/07/20191028075500_00160.jpg,datasets_flow/dataset_cropped/10_Metas/28/07/20191028075500_00160.jpg,datasets_cloudmask/dataset_cropped/10_Metas/28/07/20191028075500_00160.png,47.4,39.5,40.2,12.9,963
10/28/2019 7:56,datasets/dataset_cropped/10_Metas/28/07/20191028075600_00160.jpg,datasets_flow/dataset_cropped/10_Metas/28/07/20191028075600_00160.jpg,datasets_cloudmask/dataset_cropped/10_Metas/28/07/20191028075600_00160.png,53.1,54.3,42.4,12.9,963
10/28/2019 7:57,datasets/dataset_cropped/10_Metas/28/07/20191028075700_00160.jpg,datasets_flow/dataset_cropped/10_Metas/28/07/20191028075700_00160.jpg,datasets_cloudmask/dataset_cropped/10_Metas/28/07/20191028075700_00160.png,54.6,59.7,42.4,12.9,963
10/28/2019 7:58,datasets/dataset_cropped/10_Metas/28/07/20191028075800_00160.jpg,datasets_flow/dataset_cropped/10_Metas/28/07/20191028075800_00160.jpg,datasets_cloudmask/dataset_cropped/10_Metas/28/07/20191028075800_00160.png,56.2,65.2,42.3,12.8,963
10/28/2019 7:59,datasets/dataset_cropped/10_Metas/28/07/20191028075900_00160.jpg,datasets_flow/dataset_cropped/10_Metas/28/07/20191028075900_00160.jpg,datasets_cloudmask/dataset_cropped/10_Metas/28/07/20191028075900_00160.png,57.7,70.6,42.3,12.8,963
10/28/2019 8:00,datasets/dataset_cropped/10_Metas/28/08/20191028080000_00160.jpg,datasets_flow/dataset_cropped/10_Metas/28/08/20191028080000_00160.jpg,datasets_cloudmask/dataset_cropped/10_Metas/28/08/20191028080000_00160.png,59.2,76,42.3,12.8,963
10/28/2019 8:01,datasets/dataset_cropped/10_Metas/28/08/20191028080100_00160.jpg,datasets_flow/dataset_cropped/10_Metas/28/08/20191028080100_00160.jpg,datasets_cloudmask/dataset_cropped/10_Metas/28/08/20191028080100_00160.png,48.6,36.4,40.5,12.9,963
10/28/2019 8:02,datasets/dataset_cropped/10_Metas/28/08/20191028080200_00160.jpg,datasets_flow/dataset_cropped/10_Metas/28/08/20191028080200_00160.jpg,datasets_cloudmask/dataset_cropped/10_Metas/28/08/20191028080200_00160.png,41.8,7.4,40.4,12.9,963
10/28/2019 8:03,datasets/dataset_cropped/10_Metas/28/08/20191028080300_00160.jpg,datasets_flow/dataset_cropped/10_Metas/28/08/20191028080300_00160.jpg,datasets_cloudmask/dataset_cropped/10_Metas/28/08/20191028080300_00160.png,42.3,5.8,41.3,12.9,963
10/28/2019 8:04,datasets/dataset_cropped/10_Metas/28/08/20191028080400_00160.jpg,datasets_flow/dataset_cropped/10_Metas/28/08/20191028080400_00160.jpg,datasets_cloudmask/dataset_cropped/10_Metas/28/08/20191028080400_00160.png,43.7,6.7,42.4,12.9,963
10/28/2019 8:05,datasets/dataset_cropped/10_Metas/28/08/20191028080500_00160.jpg,datasets_flow/dataset_cropped/10_Metas/28/08/20191028080500_00160.jpg,datasets_cloudmask/dataset_cropped/10_Metas/28/08/20191028080500_00160.png,46.2,9.9,44,12.8,963
10/28/2019 8:06,datasets/dataset_cropped/10_Metas/28/08/20191028080600_00160.jpg,datasets_flow/dataset_cropped/10_Metas/28/08/20191028080600_00160.jpg,datasets_cloudmask/dataset_cropped/10_Metas/28/08/20191028080600_00160.png,52.5,23.1,46.5,12.8,963
10/28/2019 8:07,datasets/dataset_cropped/10_Metas/28/08/20191028080700_00160.jpg,datasets_flow/dataset_cropped/10_Metas/28/08/20191028080700_00160.jpg,datasets_cloudmask/dataset_cropped/10_Metas/28/08/20191028080700_00160.png,62.2,48.5,49.1,12.8,963
10/28/2019 8:08,datasets/dataset_cropped/10_Metas/28/08/20191028080800_00160.jpg,datasets_flow/dataset_cropped/10_Metas/28/08/20191028080800_00160.jpg,datasets_cloudmask/dataset_cropped/10_Metas/28/08/20191028080800_00160.png,64.7,52.2,50.5,12.9,963
10/28/2019 8:09,datasets/dataset_cropped/10_Metas/28/08/20191028080900_00160.jpg,datasets_flow/dataset_cropped/10_Metas/28/08/20191028080900_00160.jpg,datasets_cloudmask/dataset_cropped/10_Metas/28/08/20191028080900_00160.png,61,32.8,52,12.9,963
10/28/2019 8:10,datasets/dataset_cropped/10_Metas/28/08/20191028081000_00160.jpg,datasets_flow/dataset_cropped/10_Metas/28/08/20191028081000_00160.jpg,datasets_cloudmask/dataset_cropped/10_Metas/28/08/20191028081000_00160.png,67.1,43.5,54.7,12.9,963
10/28/2019 8:11,datasets/dataset_cropped/10_Metas/28/08/20191028081100_00160.jpg,datasets_flow/dataset_cropped/10_Metas/28/08/20191028081100_00160.jpg,datasets_cloudmask/dataset_cropped/10_Metas/28/08/20191028081100_00160.png,74,55.5,57.7,12.9,963
10/28/2019 8:12,datasets/dataset_cropped/10_Metas/28/08/20191028081200_00160.jpg,datasets_flow/dataset_cropped/10_Metas/28/08/20191028081200_00160.jpg,datasets_cloudmask/dataset_cropped/10_Metas/28/08/20191028081200_00160.png,71.7,42.4,59.2,13,963
10/28/2019 8:13,datasets/dataset_cropped/10_Metas/28/08/20191028081300_00160.jpg,datasets_flow/dataset_cropped/10_Metas/28/08/20191028081300_00160.jpg,datasets_cloudmask/dataset_cropped/10_Metas/28/08/20191028081300_00160.png,69.4,29.4,60.8,13,963
10/28/2019 8:14,datasets/dataset_cropped/10_Metas/28/08/20191028081400_00160.jpg,datasets_flow/dataset_cropped/10_Metas/28/08/20191028081400_00160.jpg,datasets_cloudmask/dataset_cropped/10_Metas/28/08/20191028081400_00160.png,66.4,14,62.6,13.1,963
10/28/2019 8:15,datasets/dataset_cropped/10_Metas/28/08/20191028081500_00160.jpg,datasets_flow/dataset_cropped/10_Metas/28/08/20191028081500_00160.jpg,datasets_cloudmask/dataset_cropped/10_Metas/28/08/20191028081500_00160.png,68.2,10,65.6,13.2,963
10/28/2019 8:16,datasets/dataset_cropped/10_Metas/28/08/20191028081600_00160.jpg,datasets_flow/dataset_cropped/10_Metas/28/08/20191028081600_00160.jpg,datasets_cloudmask/dataset_cropped/10_Metas/28/08/20191028081600_00160.png,76.2,22,69.7,13.2,963
10/28/2019 8:17,datasets/dataset_cropped/10_Metas/28/08/20191028081700_00160.jpg,datasets_flow/dataset_cropped/10_Metas/28/08/20191028081700_00160.jpg,datasets_cloudmask/dataset_cropped/10_Metas/28/08/20191028081700_00160.png,83.2,29.3,74.1,13.2,963
10/28/2019 8:18,datasets/dataset_cropped/10_Metas/28/08/20191028081800_00160.jpg,datasets_flow/dataset_cropped/10_Metas/28/08/20191028081800_00160.jpg,datasets_cloudmask/dataset_cropped/10_Metas/28/08/20191028081800_00160.png,87.5,36.5,76.3,13.3,963
10/28/2019 8:19,datasets/dataset_cropped/10_Metas/28/08/20191028081900_00160.jpg,datasets_flow/dataset_cropped/10_Metas/28/08/20191028081900_00160.jpg,datasets_cloudmask/dataset_cropped/10_Metas/28/08/20191028081900_00160.png,91.7,43.8,78.6,13.3,963
10/28/2019 8:20,datasets/dataset_cropped/10_Metas/28/08/20191028082000_00160.jpg,datasets_flow/dataset_cropped/10_Metas/28/08/20191028082000_00160.jpg,datasets_cloudmask/dataset_cropped/10_Metas/28/08/20191028082000_00160.png,96,51,80.8,13.4,963
10/28/2019 8:21,datasets/dataset_cropped/10_Metas/28/08/20191028082100_00160.jpg,datasets_flow/dataset_cropped/10_Metas/28/08/20191028082100_00160.jpg,datasets_cloudmask/dataset_cropped/10_Metas/28/08/20191028082100_00160.png,100.2,58.2,83,13.5,963
10/28/2019 8:22,datasets/dataset_cropped/10_Metas/28/08/20191028082200_00160.jpg,datasets_flow/dataset_cropped/10_Metas/28/08/20191028082200_00160.jpg,datasets_cloudmask/dataset_cropped/10_Metas/28/08/20191028082200_00160.png,104.5,65.5,85.2,13.6,963
10/28/2019 8:23,datasets/dataset_cropped/10_Metas/28/08/20191028082300_00160.jpg,datasets_flow/dataset_cropped/10_Metas/28/08/20191028082300_00160.jpg,datasets_cloudmask/dataset_cropped/10_Metas/28/08/20191028082300_00160.png,108.7,72.7,87.5,13.6,963
10/28/2019 8:24,datasets/dataset_cropped/10_Metas/28/08/20191028082400_00160.jpg,datasets_flow/dataset_cropped/10_Metas/28/08/20191028082400_00160.jpg,datasets_cloudmask/dataset_cropped/10_Metas/28/08/20191028082400_00160.png,113,80,89.7,13.7,963
10/28/2019 8:25,datasets/dataset_cropped/10_Metas/28/08/20191028082500_00160.jpg,datasets_flow/dataset_cropped/10_Metas/28/08/20191028082500_00160.jpg,datasets_cloudmask/dataset_cropped/10_Metas/28/08/20191028082500_00160.png,117.2,87.2,91.9,13.8,963
10/28/2019 8:26,datasets/dataset_cropped/10_Metas/28/08/20191028082600_00160.jpg,datasets_flow/dataset_cropped/10_Metas/28/08/20191028082600_00160.jpg,datasets_cloudmask/dataset_cropped/10_Metas/28/08/20191028082600_00160.png,121.5,94.4,94.1,13.9,963
10/28/2019 8:27,datasets/dataset_cropped/10_Metas/28/08/20191028082700_00160.jpg,datasets_flow/dataset_cropped/10_Metas/28/08/20191028082700_00160.jpg,datasets_cloudmask/dataset_cropped/10_Metas/28/08/20191028082700_00160.png,125.7,101.7,96.4,13.9,963
10/28/2019 8:28,datasets/dataset_cropped/10_Metas/28/08/20191028082800_00160.jpg,datasets_flow/dataset_cropped/10_Metas/28/08/20191028082800_00160.jpg,datasets_cloudmask/dataset_cropped/10_Metas/28/08/20191028082800_00160.png,130,108.9,98.6,14,963
10/28/2019 8:29,datasets/dataset_cropped/10_Metas/28/08/20191028082900_00160.jpg,datasets_flow/dataset_cropped/10_Metas/28/08/20191028082900_00160.jpg,datasets_cloudmask/dataset_cropped/10_Metas/28/08/20191028082900_00160.png,130,104.9,100.6,14,963
10/28/2019 8:30,datasets/dataset_cropped/10_Metas/28/08/20191028083000_00160.jpg,datasets_flow/dataset_cropped/10_Metas/28/08/20191028083000_00160.jpg,datasets_cloudmask/dataset_cropped/10_Metas/28/08/20191028083000_00160.png,155.9,183.8,104.5,14,963
10/28/2019 8:31,datasets/dataset_cropped/10_Metas/28/08/20191028083100_00160.jpg,datasets_flow/dataset_cropped/10_Metas/28/08/20191028083100_00160.jpg,datasets_cloudmask/dataset_cropped/10_Metas/28/08/20191028083100_00160.png,151.8,169.5,105.6,14,963
10/28/2019 8:32,datasets/dataset_cropped/10_Metas/28/08/20191028083200_00160.jpg,datasets_flow/dataset_cropped/10_Metas/28/08/20191028083200_00160.jpg,datasets_cloudmask/dataset_cropped/10_Metas/28/08/20191028083200_00160.png,157.8,183.5,108.4,14.1,963
10/28/2019 8:33,datasets/dataset_cropped/10_Metas/28/08/20191028083300_00160.jpg,datasets_flow/dataset_cropped/10_Metas/28/08/20191028083300_00160.jpg,datasets_cloudmask/dataset_cropped/10_Metas/28/08/20191028083300_00160.png,172.9,221.9,113,14.2,963
10/28/2019 8:34,datasets/dataset_cropped/10_Metas/28/08/20191028083400_00160.jpg,datasets_flow/dataset_cropped/10_Metas/28/08/20191028083400_00160.jpg,datasets_cloudmask/dataset_cropped/10_Metas/28/08/20191028083400_00160.png,189.5,271.9,116.8,14.3,963
10/28/2019 8:35,datasets/dataset_cropped/10_Metas/28/08/20191028083500_00160.jpg,datasets_flow/dataset_cropped/10_Metas/28/08/20191028083500_00160.jpg,datasets_cloudmask/dataset_cropped/10_Metas/28/08/20191028083500_00160.png,209,333.4,121.7,14.3,963
10/28/2019 8:36,datasets/dataset_cropped/10_Metas/28/08/20191028083600_00160.jpg,datasets_flow/dataset_cropped/10_Metas/28/08/20191028083600_00160.jpg,datasets_cloudmask/dataset_cropped/10_Metas/28/08/20191028083600_00160.png,216.4,357.9,123.8,14.5,963
10/28/2019 8:37,datasets/dataset_cropped/10_Metas/28/08/20191028083700_00160.jpg,datasets_flow/dataset_cropped/10_Metas/28/08/20191028083700_00160.jpg,datasets_cloudmask/dataset_cropped/10_Metas/28/08/20191028083700_00160.png,190.5,263.9,124.3,14.5,963
10/28/2019 8:38,datasets/dataset_cropped/10_Metas/28/08/20191028083800_00160.jpg,datasets_flow/dataset_cropped/10_Metas/28/08/20191028083800_00160.jpg,datasets_cloudmask/dataset_cropped/10_Metas/28/08/20191028083800_00160.png,232,411.4,130,14.6,963
10/28/2019 8:39,datasets/dataset_cropped/10_Metas/28/08/20191028083900_00160.jpg,datasets_flow/dataset_cropped/10_Metas/28/08/20191028083900_00160.jpg,datasets_cloudmask/dataset_cropped/10_Metas/28/08/20191028083900_00160.png,238.1,440.9,132.7,14.7,963
10/28/2019 8:40,datasets/dataset_cropped/10_Metas/28/08/20191028084000_00160.jpg,datasets_flow/dataset_cropped/10_Metas/28/08/20191028084000_00160.jpg,datasets_cloudmask/dataset_cropped/10_Metas/28/08/20191028084000_00160.png,244.2,466.4,134.7,14.8,963
10/28/2019 8:41,datasets/dataset_cropped/10_Metas/28/08/20191028084100_00160.jpg,datasets_flow/dataset_cropped/10_Metas/28/08/20191028084100_00160.jpg,datasets_cloudmask/dataset_cropped/10_Metas/28/08/20191028084100_00160.png,248.3,488,136.3,15.1,963
10/28/2019 8:42,datasets/dataset_cropped/10_Metas/28/08/20191028084200_00160.jpg,datasets_flow/dataset_cropped/10_Metas/28/08/20191028084200_00160.jpg,datasets_cloudmask/dataset_cropped/10_Metas/28/08/20191028084200_00160.png,254.7,515,137.5,15.2,963
10/28/2019 8:43,datasets/dataset_cropped/10_Metas/28/08/20191028084300_00160.jpg,datasets_flow/dataset_cropped/10_Metas/28/08/20191028084300_00160.jpg,datasets_cloudmask/dataset_cropped/10_Metas/28/08/20191028084300_00160.png,258.8,532.6,138.4,15.4,963
10/28/2019 8:44,datasets/dataset_cropped/10_Metas/28/08/20191028084400_00160.jpg,datasets_flow/dataset_cropped/10_Metas/28/08/20191028084400_00160.jpg,datasets_cloudmask/dataset_cropped/10_Metas/28/08/20191028084400_00160.png,236.4,440.6,137.1,15.6,963
10/28/2019 8:45,datasets/dataset_cropped/10_Metas/28/08/20191028084500_00160.jpg,datasets_flow/dataset_cropped/10_Metas/28/08/20191028084500_00160.jpg,datasets_cloudmask/dataset_cropped/10_Metas/28/08/20191028084500_00160.png,179.2,197.8,135.1,15.7,963
10/28/2019 8:46,datasets/dataset_cropped/10_Metas/28/08/20191028084600_00160.jpg,datasets_flow/dataset_cropped/10_Metas/28/08/20191028084600_00160.jpg,datasets_cloudmask/dataset_cropped/10_Metas/28/08/20191028084600_00160.png,191.7,238.9,137.7,15.7,963
10/28/2019 8:47,datasets/dataset_cropped/10_Metas/28/08/20191028084700_00160.jpg,datasets_flow/dataset_cropped/10_Metas/28/08/20191028084700_00160.jpg,datasets_cloudmask/dataset_cropped/10_Metas/28/08/20191028084700_00160.png,179.7,171,140.4,15.9,963
10/28/2019 8:48,datasets/dataset_cropped/10_Metas/28/08/20191028084800_00160.jpg,datasets_flow/dataset_cropped/10_Metas/28/08/20191028084800_00160.jpg,datasets_cloudmask/dataset_cropped/10_Metas/28/08/20191028084800_00160.png,174.6,138.4,142.3,16.2,963
10/28/2019 8:49,datasets/dataset_cropped/10_Metas/28/08/20191028084900_00160.jpg,datasets_flow/dataset_cropped/10_Metas/28/08/20191028084900_00160.jpg,datasets_cloudmask/dataset_cropped/10_Metas/28/08/20191028084900_00160.png,191.4,203.1,143.1,16.3,963
10/28/2019 8:50,datasets/dataset_cropped/10_Metas/28/08/20191028085000_00160.jpg,datasets_flow/dataset_cropped/10_Metas/28/08/20191028085000_00160.jpg,datasets_cloudmask/dataset_cropped/10_Metas/28/08/20191028085000_00160.png,162.3,84.8,142.5,16.3,963
10/28/2019 8:51,datasets/dataset_cropped/10_Metas/28/08/20191028085100_00160.jpg,datasets_flow/dataset_cropped/10_Metas/28/08/20191028085100_00160.jpg,datasets_cloudmask/dataset_cropped/10_Metas/28/08/20191028085100_00160.png,157.8,59.6,143.9,16.3,963
10/28/2019 8:52,datasets/dataset_cropped/10_Metas/28/08/20191028085200_00160.jpg,datasets_flow/dataset_cropped/10_Metas/28/08/20191028085200_00160.jpg,datasets_cloudmask/dataset_cropped/10_Metas/28/08/20191028085200_00160.png,174.2,110.2,147.5,16.3,963
10/28/2019 8:53,datasets/dataset_cropped/10_Metas/28/08/20191028085300_00160.jpg,datasets_flow/dataset_cropped/10_Metas/28/08/20191028085300_00160.jpg,datasets_cloudmask/dataset_cropped/10_Metas/28/08/20191028085300_00160.png,269.1,459,153.5,16.2,963
10/28/2019 8:54,datasets/dataset_cropped/10_Metas/28/08/20191028085400_00160.jpg,datasets_flow/dataset_cropped/10_Metas/28/08/20191028085400_00160.jpg,datasets_cloudmask/dataset_cropped/10_Metas/28/08/20191028085400_00160.png,289.1,527,155.4,16.2,963
10/28/2019 8:55,datasets/dataset_cropped/10_Metas/28/08/20191028085500_00160.jpg,datasets_flow/dataset_cropped/10_Metas/28/08/20191028085500_00160.jpg,datasets_cloudmask/dataset_cropped/10_Metas/28/08/20191028085500_00160.png,271.8,458.9,154.3,16.2,963
10/28/2019 8:56,datasets/dataset_cropped/10_Metas/28/08/20191028085600_00160.jpg,datasets_flow/dataset_cropped/10_Metas/28/08/20191028085600_00160.jpg,datasets_cloudmask/dataset_cropped/10_Metas/28/08/20191028085600_00160.png,169.4,81.5,149.3,16.5,963
10/28/2019 8:57,datasets/dataset_cropped/10_Metas/28/08/20191028085700_00160.jpg,datasets_flow/dataset_cropped/10_Metas/28/08/20191028085700_00160.jpg,datasets_cloudmask/dataset_cropped/10_Metas/28/08/20191028085700_00160.png,159.7,44.9,149,16.6,963
10/28/2019 8:58,datasets/dataset_cropped/10_Metas/28/08/20191028085800_00160.jpg,datasets_flow/dataset_cropped/10_Metas/28/08/20191028085800_00160.jpg,datasets_cloudmask/dataset_cropped/10_Metas/28/08/20191028085800_00160.png,193,161.7,151.1,16.4,963
10/28/2019 8:59,datasets/dataset_cropped/10_Metas/28/08/20191028085900_00160.jpg,datasets_flow/dataset_cropped/10_Metas/28/08/20191028085900_00160.jpg,datasets_cloudmask/dataset_cropped/10_Metas/28/08/20191028085900_00160.png,175.1,99,149.9,16.3,963
10/28/2019 9:00,datasets/dataset_cropped/10_Metas/28/09/20191028090000_00160.jpg,datasets_flow/dataset_cropped/10_Metas/28/09/20191028090000_00160.jpg,datasets_cloudmask/dataset_cropped/10_Metas/28/09/20191028090000_00160.png,152.4,15.1,149.5,16.2,963
10/28/2019 9:01,datasets/dataset_cropped/10_Metas/28/09/20191028090100_00160.jpg,datasets_flow/dataset_cropped/10_Metas/28/09/20191028090100_00160.jpg,datasets_cloudmask/dataset_cropped/10_Metas/28/09/20191028090100_00160.png,151.7,9.5,150.5,16.2,963
10/28/2019 9:02,datasets/dataset_cropped/10_Metas/28/09/20191028090200_00160.jpg,datasets_flow/dataset_cropped/10_Metas/28/09/20191028090200_00160.jpg,datasets_cloudmask/dataset_cropped/10_Metas/28/09/20191028090200_00160.png,152.5,6.3,151.9,16,963
10/28/2019 9:03,datasets/dataset_cropped/10_Metas/28/09/20191028090300_00160.jpg,datasets_flow/dataset_cropped/10_Metas/28/09/20191028090300_00160.jpg,datasets_cloudmask/dataset_cropped/10_Metas/28/09/20191028090300_00160.png,154.1,4.2,154,15.9,963
10/28/2019 9:04,datasets/dataset_cropped/10_Metas/28/09/20191028090400_00160.jpg,datasets_flow/dataset_cropped/10_Metas/28/09/20191028090400_00160.jpg,datasets_cloudmask/dataset_cropped/10_Metas/28/09/20191028090400_00160.png,156.5,2.7,156.8,15.8,963
10/28/2019 9:05,datasets/dataset_cropped/10_Metas/28/09/20191028090500_00160.jpg,datasets_flow/dataset_cropped/10_Metas/28/09/20191028090500_00160.jpg,datasets_cloudmask/dataset_cropped/10_Metas/28/09/20191028090500_00160.png,159.4,1.7,159.9,15.9,963
10/28/2019 9:06,datasets/dataset_cropped/10_Metas/28/09/20191028090600_00160.jpg,datasets_flow/dataset_cropped/10_Metas/28/09/20191028090600_00160.jpg,datasets_cloudmask/dataset_cropped/10_Metas/28/09/20191028090600_00160.png,162.6,1.2,163.2,16,963
10/28/2019 9:07,datasets/dataset_cropped/10_Metas/28/09/20191028090700_00160.jpg,datasets_flow/dataset_cropped/10_Metas/28/09/20191028090700_00160.jpg,datasets_cloudmask/dataset_cropped/10_Metas/28/09/20191028090700_00160.png,165.6,0.8,166.2,15.8,963
10/28/2019 9:08,datasets/dataset_cropped/10_Metas/28/09/20191028090800_00160.jpg,datasets_flow/dataset_cropped/10_Metas/28/09/20191028090800_00160.jpg,datasets_cloudmask/dataset_cropped/10_Metas/28/09/20191028090800_00160.png,168.4,0.7,169.1,15.7,963
10/28/2019 9:09,datasets/dataset_cropped/10_Metas/28/09/20191028090900_00160.jpg,datasets_flow/dataset_cropped/10_Metas/28/09/20191028090900_00160.jpg,datasets_cloudmask/dataset_cropped/10_Metas/28/09/20191028090900_00160.png,171.1,0.6,171.8,15.5,963
10/28/2019 9:10,datasets/dataset_cropped/10_Metas/28/09/20191028091000_00160.jpg,datasets_flow/dataset_cropped/10_Metas/28/09/20191028091000_00160.jpg,datasets_cloudmask/dataset_cropped/10_Metas/28/09/20191028091000_00160.png,173.4,0.6,174.2,15.5,963
10/28/2019 9:11,datasets/dataset_cropped/10_Metas/28/09/20191028091100_00160.jpg,datasets_flow/dataset_cropped/10_Metas/28/09/20191028091100_00160.jpg,datasets_cloudmask/dataset_cropped/10_Metas/28/09/20191028091100_00160.png,174.8,0.7,175.8,15.5,963
10/28/2019 9:12,datasets/dataset_cropped/10_Metas/28/09/20191028091200_00160.jpg,datasets_flow/dataset_cropped/10_Metas/28/09/20191028091200_00160.jpg,datasets_cloudmask/dataset_cropped/10_Metas/28/09/20191028091200_00160.png,175,0.8,175.9,15.4,963
10/28/2019 9:13,datasets/dataset_cropped/10_Metas/28/09/20191028091300_00160.jpg,datasets_flow/dataset_cropped/10_Metas/28/09/20191028091300_00160.jpg,datasets_cloudmask/dataset_cropped/10_Metas/28/09/20191028091300_00160.png,174.4,0.9,175.2,15.4,963
10/28/2019 9:14,datasets/dataset_cropped/10_Metas/28/09/20191028091400_00160.jpg,datasets_flow/dataset_cropped/10_Metas/28/09/20191028091400_00160.jpg,datasets_cloudmask/dataset_cropped/10_Metas/28/09/20191028091400_00160.png,173.2,1.1,174,15.4,963
10/28/2019 9:15,datasets/dataset_cropped/10_Metas/28/09/20191028091500_00160.jpg,datasets_flow/dataset_cropped/10_Metas/28/09/20191028091500_00160.jpg,datasets_cloudmask/dataset_cropped/10_Metas/28/09/20191028091500_00160.png,171.5,1.6,172,15.4,963
10/28/2019 9:16,datasets/dataset_cropped/10_Metas/28/09/20191028091600_00160.jpg,datasets_flow/dataset_cropped/10_Metas/28/09/20191028091600_00160.jpg,datasets_cloudmask/dataset_cropped/10_Metas/28/09/20191028091600_00160.png,168.8,2.2,169.2,15.4,963
10/28/2019 9:17,datasets/dataset_cropped/10_Metas/28/09/20191028091700_00160.jpg,datasets_flow/dataset_cropped/10_Metas/28/09/20191028091700_00160.jpg,datasets_cloudmask/dataset_cropped/10_Metas/28/09/20191028091700_00160.png,165.3,2.7,165.5,15.5,963
10/28/2019 9:18,datasets/dataset_cropped/10_Metas/28/09/20191028091800_00160.jpg,datasets_flow/dataset_cropped/10_Metas/28/09/20191028091800_00160.jpg,datasets_cloudmask/dataset_cropped/10_Metas/28/09/20191028091800_00160.png,161.4,4.7,160.7,15.5,963
10/28/2019 9:19,datasets/dataset_cropped/10_Metas/28/09/20191028091900_00160.jpg,datasets_flow/dataset_cropped/10_Metas/28/09/20191028091900_00160.jpg,datasets_cloudmask/dataset_cropped/10_Metas/28/09/20191028091900_00160.png,157.4,7,155.8,15.5,963
10/28/2019 9:20,datasets/dataset_cropped/10_Metas/28/09/20191028092000_00160.jpg,datasets_flow/dataset_cropped/10_Metas/28/09/20191028092000_00160.jpg,datasets_cloudmask/dataset_cropped/10_Metas/28/09/20191028092000_00160.png,153.6,9.6,151.1,15.5,963
10/28/2019 9:21,datasets/dataset_cropped/10_Metas/28/09/20191028092100_00160.jpg,datasets_flow/dataset_cropped/10_Metas/28/09/20191028092100_00160.jpg,datasets_cloudmask/dataset_cropped/10_Metas/28/09/20191028092100_00160.png,150.6,14.8,146.4,15.6,963
10/28/2019 9:22,datasets/dataset_cropped/10_Metas/28/09/20191028092200_00160.jpg,datasets_flow/dataset_cropped/10_Metas/28/09/20191028092200_00160.jpg,datasets_cloudmask/dataset_cropped/10_Metas/28/09/20191028092200_00160.png,147.2,19,141.4,15.6,963
10/28/2019 9:23,datasets/dataset_cropped/10_Metas/28/09/20191028092300_00160.jpg,datasets_flow/dataset_cropped/10_Metas/28/09/20191028092300_00160.jpg,datasets_cloudmask/dataset_cropped/10_Metas/28/09/20191028092300_00160.png,144.7,24.9,136.7,15.5,963
10/28/2019 9:24,datasets/dataset_cropped/10_Metas/28/09/20191028092400_00160.jpg,datasets_flow/dataset_cropped/10_Metas/28/09/20191028092400_00160.jpg,datasets_cloudmask/dataset_cropped/10_Metas/28/09/20191028092400_00160.png,142.9,32.4,132.3,15.5,963
10/28/2019 9:25,datasets/dataset_cropped/10_Metas/28/09/20191028092500_00160.jpg,datasets_flow/dataset_cropped/10_Metas/28/09/20191028092500_00160.jpg,datasets_cloudmask/dataset_cropped/10_Metas/28/09/20191028092500_00160.png,136.5,25.7,128.2,15.5,963
10/28/2019 9:26,datasets/dataset_cropped/10_Metas/28/09/20191028092600_00160.jpg,datasets_flow/dataset_cropped/10_Metas/28/09/20191028092600_00160.jpg,datasets_cloudmask/dataset_cropped/10_Metas/28/09/20191028092600_00160.png,130.8,19.3,124.8,15.5,963
10/28/2019 9:27,datasets/dataset_cropped/10_Metas/28/09/20191028092700_00160.jpg,datasets_flow/dataset_cropped/10_Metas/28/09/20191028092700_00160.jpg,datasets_cloudmask/dataset_cropped/10_Metas/28/09/20191028092700_00160.png,129.2,23.2,121.6,15.6,963
10/28/2019 9:28,datasets/dataset_cropped/10_Metas/28/09/20191028092800_00160.jpg,datasets_flow/dataset_cropped/10_Metas/28/09/20191028092800_00160.jpg,datasets_cloudmask/dataset_cropped/10_Metas/28/09/20191028092800_00160.png,123.8,15.4,118.7,15.6,963
10/28/2019 9:29,datasets/dataset_cropped/10_Metas/28/09/20191028092900_00160.jpg,datasets_flow/dataset_cropped/10_Metas/28/09/20191028092900_00160.jpg,datasets_cloudmask/dataset_cropped/10_Metas/28/09/20191028092900_00160.png,118,4.8,116.5,15.6,963
10/28/2019 9:30,datasets/dataset_cropped/10_Metas/28/09/20191028093000_00160.jpg,datasets_flow/dataset_cropped/10_Metas/28/09/20191028093000_00160.jpg,datasets_cloudmask/dataset_cropped/10_Metas/28/09/20191028093000_00160.png,115.4,1.8,115.1,15.6,963
10/28/2019 9:31,datasets/dataset_cropped/10_Metas/28/09/20191028093100_00160.jpg,datasets_flow/dataset_cropped/10_Metas/28/09/20191028093100_00160.jpg,datasets_cloudmask/dataset_cropped/10_Metas/28/09/20191028093100_00160.png,114.3,1.3,114.2,15.6,963
10/28/2019 9:32,datasets/dataset_cropped/10_Metas/28/09/20191028093200_00160.jpg,datasets_flow/dataset_cropped/10_Metas/28/09/20191028093200_00160.jpg,datasets_cloudmask/dataset_cropped/10_Metas/28/09/20191028093200_00160.png,113.8,0.8,113.8,15.5,963
10/28/2019 9:33,datasets/dataset_cropped/10_Metas/28/09/20191028093300_00160.jpg,datasets_flow/dataset_cropped/10_Metas/28/09/20191028093300_00160.jpg,datasets_cloudmask/dataset_cropped/10_Metas/28/09/20191028093300_00160.png,113.4,0.5,113.5,15.5,963
10/28/2019 9:34,datasets/dataset_cropped/10_Metas/28/09/20191028093400_00160.jpg,datasets_flow/dataset_cropped/10_Metas/28/09/20191028093400_00160.jpg,datasets_cloudmask/dataset_cropped/10_Metas/28/09/20191028093400_00160.png,113.4,0.2,113.7,15.5,963
10/28/2019 9:35,datasets/dataset_cropped/10_Metas/28/09/20191028093500_00160.jpg,datasets_flow/dataset_cropped/10_Metas/28/09/20191028093500_00160.jpg,datasets_cloudmask/dataset_cropped/10_Metas/28/09/20191028093500_00160.png,113.5,0.2,113.8,15.6,963
10/28/2019 9:36,datasets/dataset_cropped/10_Metas/28/09/20191028093600_00160.jpg,datasets_flow/dataset_cropped/10_Metas/28/09/20191028093600_00160.jpg,datasets_cloudmask/dataset_cropped/10_Metas/28/09/20191028093600_00160.png,113.6,0.3,114,15.5,963
10/28/2019 9:37,datasets/dataset_cropped/10_Metas/28/09/20191028093700_00160.jpg,datasets_flow/dataset_cropped/10_Metas/28/09/20191028093700_00160.jpg,datasets_cloudmask/dataset_cropped/10_Metas/28/09/20191028093700_00160.png,114,0.4,114.3,15.4,963
10/28/2019 9:38,datasets/dataset_cropped/10_Metas/28/09/20191028093800_00160.jpg,datasets_flow/dataset_cropped/10_Metas/28/09/20191028093800_00160.jpg,datasets_cloudmask/dataset_cropped/10_Metas/28/09/20191028093800_00160.png,114.3,0.4,114.6,15.4,963
10/28/2019 9:39,datasets/dataset_cropped/10_Metas/28/09/20191028093900_00160.jpg,datasets_flow/dataset_cropped/10_Metas/28/09/20191028093900_00160.jpg,datasets_cloudmask/dataset_cropped/10_Metas/28/09/20191028093900_00160.png,114.8,0.4,115.1,15.4,963
10/28/2019 9:40,datasets/dataset_cropped/10_Metas/28/09/20191028094000_00160.jpg,datasets_flow/dataset_cropped/10_Metas/28/09/20191028094000_00160.jpg,datasets_cloudmask/dataset_cropped/10_Metas/28/09/20191028094000_00160.png,115.1,0.4,115.4,15.4,963
10/28/2019 9:41,datasets/dataset_cropped/10_Metas/28/09/20191028094100_00160.jpg,datasets_flow/dataset_cropped/10_Metas/28/09/20191028094100_00160.jpg,datasets_cloudmask/dataset_cropped/10_Metas/28/09/20191028094100_00160.png,115.4,0.4,115.7,15.4,963
10/28/2019 9:42,datasets/dataset_cropped/10_Metas/28/09/20191028094200_00160.jpg,datasets_flow/dataset_cropped/10_Metas/28/09/20191028094200_00160.jpg,datasets_cloudmask/dataset_cropped/10_Metas/28/09/20191028094200_00160.png,115.5,0.4,115.8,15.4,963
10/28/2019 9:43,datasets/dataset_cropped/10_Metas/28/09/20191028094300_00160.jpg,datasets_flow/dataset_cropped/10_Metas/28/09/20191028094300_00160.jpg,datasets_cloudmask/dataset_cropped/10_Metas/28/09/20191028094300_00160.png,115.7,0.4,116,15.5,963
10/28/2019 9:44,datasets/dataset_cropped/10_Metas/28/09/20191028094400_00160.jpg,datasets_flow/dataset_cropped/10_Metas/28/09/20191028094400_00160.jpg,datasets_cloudmask/dataset_cropped/10_Metas/28/09/20191028094400_00160.png,115.7,0.4,116,15.6,963
10/28/2019 9:45,datasets/dataset_cropped/10_Metas/28/09/20191028094500_00160.jpg,datasets_flow/dataset_cropped/10_Metas/28/09/20191028094500_00160.jpg,datasets_cloudmask/dataset_cropped/10_Metas/28/09/20191028094500_00160.png,115.7,0.4,116,15.5,963
10/28/2019 9:46,datasets/dataset_cropped/10_Metas/28/09/20191028094600_00160.jpg,datasets_flow/dataset_cropped/10_Metas/28/09/20191028094600_00160.jpg,datasets_cloudmask/dataset_cropped/10_Metas/28/09/20191028094600_00160.png,115.8,0.4,116,15.5,963
10/28/2019 9:47,datasets/dataset_cropped/10_Metas/28/09/20191028094700_00160.jpg,datasets_flow/dataset_cropped/10_Metas/28/09/20191028094700_00160.jpg,datasets_cloudmask/dataset_cropped/10_Metas/28/09/20191028094700_00160.png,115.7,0.6,115.9,15.5,963
10/28/2019 9:48,datasets/dataset_cropped/10_Metas/28/09/20191028094800_00160.jpg,datasets_flow/dataset_cropped/10_Metas/28/09/20191028094800_00160.jpg,datasets_cloudmask/dataset_cropped/10_Metas/28/09/20191028094800_00160.png,115.8,0.8,115.9,15.5,963
10/28/2019 9:49,datasets/dataset_cropped/10_Metas/28/09/20191028094900_00160.jpg,datasets_flow/dataset_cropped/10_Metas/28/09/20191028094900_00160.jpg,datasets_cloudmask/dataset_cropped/10_Metas/28/09/20191028094900_00160.png,115.9,0.9,115.9,15.5,963
10/28/2019 9:50,datasets/dataset_cropped/10_Metas/28/09/20191028095000_00160.jpg,datasets_flow/dataset_cropped/10_Metas/28/09/20191028095000_00160.jpg,datasets_cloudmask/dataset_cropped/10_Metas/28/09/20191028095000_00160.png,116.1,1.2,116,15.5,963
10/28/2019 9:51,datasets/dataset_cropped/10_Metas/28/09/20191028095100_00160.jpg,datasets_flow/dataset_cropped/10_Metas/28/09/20191028095100_00160.jpg,datasets_cloudmask/dataset_cropped/10_Metas/28/09/20191028095100_00160.png,116.4,1.8,116.1,15.5,963
10/28/2019 9:52,datasets/dataset_cropped/10_Metas/28/09/20191028095200_00160.jpg,datasets_flow/dataset_cropped/10_Metas/28/09/20191028095200_00160.jpg,datasets_cloudmask/dataset_cropped/10_Metas/28/09/20191028095200_00160.png,117,2.8,116.2,15.5,963
10/28/2019 9:53,datasets/dataset_cropped/10_Metas/28/09/20191028095300_00160.jpg,datasets_flow/dataset_cropped/10_Metas/28/09/20191028095300_00160.jpg,datasets_cloudmask/dataset_cropped/10_Metas/28/09/20191028095300_00160.png,118.1,5.2,116.3,15.6,963
10/28/2019 9:54,datasets/dataset_cropped/10_Metas/28/09/20191028095400_00160.jpg,datasets_flow/dataset_cropped/10_Metas/28/09/20191028095400_00160.jpg,datasets_cloudmask/dataset_cropped/10_Metas/28/09/20191028095400_00160.png,120.3,9.9,116.5,15.6,963
10/28/2019 9:55,datasets/dataset_cropped/10_Metas/28/09/20191028095500_00160.jpg,datasets_flow/dataset_cropped/10_Metas/28/09/20191028095500_00160.jpg,datasets_cloudmask/dataset_cropped/10_Metas/28/09/20191028095500_00160.png,120.5,10.2,116.7,15.6,963
10/28/2019 9:56,datasets/dataset_cropped/10_Metas/28/09/20191028095600_00160.jpg,datasets_flow/dataset_cropped/10_Metas/28/09/20191028095600_00160.jpg,datasets_cloudmask/dataset_cropped/10_Metas/28/09/20191028095600_00160.png,118.9,5.4,117,15.5,963
10/28/2019 9:57,datasets/dataset_cropped/10_Metas/28/09/20191028095700_00160.jpg,datasets_flow/dataset_cropped/10_Metas/28/09/20191028095700_00160.jpg,datasets_cloudmask/dataset_cropped/10_Metas/28/09/20191028095700_00160.png,120.8,8.8,117.5,15.5,963
10/28/2019 9:58,datasets/dataset_cropped/10_Metas/28/09/20191028095800_00160.jpg,datasets_flow/dataset_cropped/10_Metas/28/09/20191028095800_00160.jpg,datasets_cloudmask/dataset_cropped/10_Metas/28/09/20191028095800_00160.png,122.1,10,118.2,15.6,963
10/28/2019 9:59,datasets/dataset_cropped/10_Metas/28/09/20191028095900_00160.jpg,datasets_flow/dataset_cropped/10_Metas/28/09/20191028095900_00160.jpg,datasets_cloudmask/dataset_cropped/10_Metas/28/09/20191028095900_00160.png,120.2,3.5,119.1,15.5,963
10/28/2019 10:00,datasets/dataset_cropped/10_Metas/28/10/20191028100000_00160.jpg,datasets_flow/dataset_cropped/10_Metas/28/10/20191028100000_00160.jpg,datasets_cloudmask/dataset_cropped/10_Metas/28/10/20191028100000_00160.png,120.5,1.5,120.3,15.5,963
10/28/2019 10:01,datasets/dataset_cropped/10_Metas/28/10/20191028100100_00160.jpg,datasets_flow/dataset_cropped/10_Metas/28/10/20191028100100_00160.jpg,datasets_cloudmask/dataset_cropped/10_Metas/28/10/20191028100100_00160.png,122.1,1.2,121.9,15.5,963
10/28/2019 10:02,datasets/dataset_cropped/10_Metas/28/10/20191028100200_00160.jpg,datasets_flow/dataset_cropped/10_Metas/28/10/20191028100200_00160.jpg,datasets_cloudmask/dataset_cropped/10_Metas/28/10/20191028100200_00160.png,123.8,0.7,123.8,15.5,963
10/28/2019 10:03,datasets/dataset_cropped/10_Metas/28/10/20191028100300_00160.jpg,datasets_flow/dataset_cropped/10_Metas/28/10/20191028100300_00160.jpg,datasets_cloudmask/dataset_cropped/10_Metas/28/10/20191028100300_00160.png,125.7,0.3,126,15.4,963
10/28/2019 10:04,datasets/dataset_cropped/10_Metas/28/10/20191028100400_00160.jpg,datasets_flow/dataset_cropped/10_Metas/28/10/20191028100400_00160.jpg,datasets_cloudmask/dataset_cropped/10_Metas/28/10/20191028100400_00160.png,128,0.1,128.3,15.4,963
10/28/2019 10:05,datasets/dataset_cropped/10_Metas/28/10/20191028100500_00160.jpg,datasets_flow/dataset_cropped/10_Metas/28/10/20191028100500_00160.jpg,datasets_cloudmask/dataset_cropped/10_Metas/28/10/20191028100500_00160.png,130.7,0,131,15.4,963
10/28/2019 10:06,datasets/dataset_cropped/10_Metas/28/10/20191028100600_00160.jpg,datasets_flow/dataset_cropped/10_Metas/28/10/20191028100600_00160.jpg,datasets_cloudmask/dataset_cropped/10_Metas/28/10/20191028100600_00160.png,133.7,0,134,15.4,963
10/28/2019 10:07,datasets/dataset_cropped/10_Metas/28/10/20191028100700_00160.jpg,datasets_flow/dataset_cropped/10_Metas/28/10/20191028100700_00160.jpg,datasets_cloudmask/dataset_cropped/10_Metas/28/10/20191028100700_00160.png,137.2,0,137.5,15.5,963
10/28/2019 10:08,datasets/dataset_cropped/10_Metas/28/10/20191028100800_00160.jpg,datasets_flow/dataset_cropped/10_Metas/28/10/20191028100800_00160.jpg,datasets_cloudmask/dataset_cropped/10_Metas/28/10/20191028100800_00160.png,140.9,0,141.2,15.6,963
10/28/2019 10:09,datasets/dataset_cropped/10_Metas/28/10/20191028100900_00160.jpg,datasets_flow/dataset_cropped/10_Metas/28/10/20191028100900_00160.jpg,datasets_cloudmask/dataset_cropped/10_Metas/28/10/20191028100900_00160.png,144.9,0,145.2,15.5,963
10/28/2019 10:10,datasets/dataset_cropped/10_Metas/28/10/20191028101000_00160.jpg,datasets_flow/dataset_cropped/10_Metas/28/10/20191028101000_00160.jpg,datasets_cloudmask/dataset_cropped/10_Metas/28/10/20191028101000_00160.png,149.2,0,149.5,15.5,963
10/28/2019 10:11,datasets/dataset_cropped/10_Metas/28/10/20191028101100_00160.jpg,datasets_flow/dataset_cropped/10_Metas/28/10/20191028101100_00160.jpg,datasets_cloudmask/dataset_cropped/10_Metas/28/10/20191028101100_00160.png,153.8,0.2,154.2,15.5,963
10/28/2019 10:12,datasets/dataset_cropped/10_Metas/28/10/20191028101200_00160.jpg,datasets_flow/dataset_cropped/10_Metas/28/10/20191028101200_00160.jpg,datasets_cloudmask/dataset_cropped/10_Metas/28/10/20191028101200_00160.png,158.5,0.4,158.9,15.6,963
10/28/2019 10:13,datasets/dataset_cropped/10_Metas/28/10/20191028101300_00160.jpg,datasets_flow/dataset_cropped/10_Metas/28/10/20191028101300_00160.jpg,datasets_cloudmask/dataset_cropped/10_Metas/28/10/20191028101300_00160.png,163.7,0.6,164.1,15.6,963
10/28/2019 10:14,datasets/dataset_cropped/10_Metas/28/10/20191028101400_00160.jpg,datasets_flow/dataset_cropped/10_Metas/28/10/20191028101400_00160.jpg,datasets_cloudmask/dataset_cropped/10_Metas/28/10/20191028101400_00160.png,169.1,0.7,169.5,15.7,963
10/28/2019 10:15,datasets/dataset_cropped/10_Metas/28/10/20191028101500_00160.jpg,datasets_flow/dataset_cropped/10_Metas/28/10/20191028101500_00160.jpg,datasets_cloudmask/dataset_cropped/10_Metas/28/10/20191028101500_00160.png,174.7,0.9,175.1,15.7,963
10/28/2019 10:16,datasets/dataset_cropped/10_Metas/28/10/20191028101600_00160.jpg,datasets_flow/dataset_cropped/10_Metas/28/10/20191028101600_00160.jpg,datasets_cloudmask/dataset_cropped/10_Metas/28/10/20191028101600_00160.png,180.3,1,180.9,15.7,963
10/28/2019 10:17,datasets/dataset_cropped/10_Metas/28/10/20191028101700_00160.jpg,datasets_flow/dataset_cropped/10_Metas/28/10/20191028101700_00160.jpg,datasets_cloudmask/dataset_cropped/10_Metas/28/10/20191028101700_00160.png,186,1.1,186.5,15.6,963
10/28/2019 10:18,datasets/dataset_cropped/10_Metas/28/10/20191028101800_00160.jpg,datasets_flow/dataset_cropped/10_Metas/28/10/20191028101800_00160.jpg,datasets_cloudmask/dataset_cropped/10_Metas/28/10/20191028101800_00160.png,191.5,1.2,192,15.6,963
10/28/2019 10:19,datasets/dataset_cropped/10_Metas/28/10/20191028101900_00160.jpg,datasets_flow/dataset_cropped/10_Metas/28/10/20191028101900_00160.jpg,datasets_cloudmask/dataset_cropped/10_Metas/28/10/20191028101900_00160.png,196.7,1.4,197.2,15.7,964
10/28/2019 10:20,datasets/dataset_cropped/10_Metas/28/10/20191028102000_00160.jpg,datasets_flow/dataset_cropped/10_Metas/28/10/20191028102000_00160.jpg,datasets_cloudmask/dataset_cropped/10_Metas/28/10/20191028102000_00160.png,201.4,1.5,201.9,15.7,963
10/28/2019 10:21,datasets/dataset_cropped/10_Metas/28/10/20191028102100_00160.jpg,datasets_flow/dataset_cropped/10_Metas/28/10/20191028102100_00160.jpg,datasets_cloudmask/dataset_cropped/10_Metas/28/10/20191028102100_00160.png,205.4,1.5,206,15.7,963
10/28/2019 10:22,datasets/dataset_cropped/10_Metas/28/10/20191028102200_00160.jpg,datasets_flow/dataset_cropped/10_Metas/28/10/20191028102200_00160.jpg,datasets_cloudmask/dataset_cropped/10_Metas/28/10/20191028102200_00160.png,208.8,1.6,209.3,15.8,964
10/28/2019 10:23,datasets/dataset_cropped/10_Metas/28/10/20191028102300_00160.jpg,datasets_flow/dataset_cropped/10_Metas/28/10/20191028102300_00160.jpg,datasets_cloudmask/dataset_cropped/10_Metas/28/10/20191028102300_00160.png,211.3,2,211.6,15.9,963
10/28/2019 10:24,datasets/dataset_cropped/10_Metas/28/10/20191028102400_00160.jpg,datasets_flow/dataset_cropped/10_Metas/28/10/20191028102400_00160.jpg,datasets_cloudmask/dataset_cropped/10_Metas/28/10/20191028102400_00160.png,212.9,2.3,212.9,15.9,963
10/28/2019 10:25,datasets/dataset_cropped/10_Metas/28/10/20191028102500_00160.jpg,datasets_flow/dataset_cropped/10_Metas/28/10/20191028102500_00160.jpg,datasets_cloudmask/dataset_cropped/10_Metas/28/10/20191028102500_00160.png,213.4,1.7,213.7,15.9,963
10/28/2019 10:26,datasets/dataset_cropped/10_Metas/28/10/20191028102600_00160.jpg,datasets_flow/dataset_cropped/10_Metas/28/10/20191028102600_00160.jpg,datasets_cloudmask/dataset_cropped/10_Metas/28/10/20191028102600_00160.png,213.6,1.6,213.9,15.8,963
10/28/2019 10:27,datasets/dataset_cropped/10_Metas/28/10/20191028102700_00160.jpg,datasets_flow/dataset_cropped/10_Metas/28/10/20191028102700_00160.jpg,datasets_cloudmask/dataset_cropped/10_Metas/28/10/20191028102700_00160.png,213.6,1.6,213.9,15.8,963
10/28/2019 10:28,datasets/dataset_cropped/10_Metas/28/10/20191028102800_00160.jpg,datasets_flow/dataset_cropped/10_Metas/28/10/20191028102800_00160.jpg,datasets_cloudmask/dataset_cropped/10_Metas/28/10/20191028102800_00160.png,213.5,1.8,213.7,15.8,963
10/28/2019 10:29,datasets/dataset_cropped/10_Metas/28/10/20191028102900_00160.jpg,datasets_flow/dataset_cropped/10_Metas/28/10/20191028102900_00160.jpg,datasets_cloudmask/dataset_cropped/10_Metas/28/10/20191028102900_00160.png,213,1.4,213.2,15.9,963
10/28/2019 10:30,datasets/dataset_cropped/10_Metas/28/10/20191028103000_00160.jpg,datasets_flow/dataset_cropped/10_Metas/28/10/20191028103000_00160.jpg,datasets_cloudmask/dataset_cropped/10_Metas/28/10/20191028103000_00160.png,212.9,1.5,213,15.9,963
10/28/2019 10:31,datasets/dataset_cropped/10_Metas/28/10/20191028103100_00160.jpg,datasets_flow/dataset_cropped/10_Metas/28/10/20191028103100_00160.jpg,datasets_cloudmask/dataset_cropped/10_Metas/28/10/20191028103100_00160.png,212.8,1.2,212.9,15.9,963
10/28/2019 10:32,datasets/dataset_cropped/10_Metas/28/10/20191028103200_00160.jpg,datasets_flow/dataset_cropped/10_Metas/28/10/20191028103200_00160.jpg,datasets_cloudmask/dataset_cropped/10_Metas/28/10/20191028103200_00160.png,213,1.1,213.1,15.9,963
10/28/2019 10:33,datasets/dataset_cropped/10_Metas/28/10/20191028103300_00160.jpg,datasets_flow/dataset_cropped/10_Metas/28/10/20191028103300_00160.jpg,datasets_cloudmask/dataset_cropped/10_Metas/28/10/20191028103300_00160.png,213.9,1.1,213.9,15.9,963
10/28/2019 10:34,datasets/dataset_cropped/10_Metas/28/10/20191028103400_00160.jpg,datasets_flow/dataset_cropped/10_Metas/28/10/20191028103400_00160.jpg,datasets_cloudmask/dataset_cropped/10_Metas/28/10/20191028103400_00160.png,215.6,2.3,215,15.8,963
10/28/2019 10:35,datasets/dataset_cropped/10_Metas/28/10/20191028103500_00160.jpg,datasets_flow/dataset_cropped/10_Metas/28/10/20191028103500_00160.jpg,datasets_cloudmask/dataset_cropped/10_Metas/28/10/20191028103500_00160.png,216.5,2,216.2,15.8,963
10/28/2019 10:36,datasets/dataset_cropped/10_Metas/28/10/20191028103600_00160.jpg,datasets_flow/dataset_cropped/10_Metas/28/10/20191028103600_00160.jpg,datasets_cloudmask/dataset_cropped/10_Metas/28/10/20191028103600_00160.png,217.2,1.3,217.1,15.8,963
10/28/2019 10:37,datasets/dataset_cropped/10_Metas/28/10/20191028103700_00160.jpg,datasets_flow/dataset_cropped/10_Metas/28/10/20191028103700_00160.jpg,datasets_cloudmask/dataset_cropped/10_Metas/28/10/20191028103700_00160.png,218,1.6,217.7,15.9,963
10/28/2019 10:38,datasets/dataset_cropped/10_Metas/28/10/20191028103800_00160.jpg,datasets_flow/dataset_cropped/10_Metas/28/10/20191028103800_00160.jpg,datasets_cloudmask/dataset_cropped/10_Metas/28/10/20191028103800_00160.png,219.7,3.7,218.2,16,963
10/28/2019 10:39,datasets/dataset_cropped/10_Metas/28/10/20191028103900_00160.jpg,datasets_flow/dataset_cropped/10_Metas/28/10/20191028103900_00160.jpg,datasets_cloudmask/dataset_cropped/10_Metas/28/10/20191028103900_00160.png,219.6,2.9,218.6,15.9,963
10/28/2019 10:40,datasets/dataset_cropped/10_Metas/28/10/20191028104000_00160.jpg,datasets_flow/dataset_cropped/10_Metas/28/10/20191028104000_00160.jpg,datasets_cloudmask/dataset_cropped/10_Metas/28/10/20191028104000_00160.png,220,3,219,16,963
10/28/2019 10:41,datasets/dataset_cropped/10_Metas/28/10/20191028104100_00160.jpg,datasets_flow/dataset_cropped/10_Metas/28/10/20191028104100_00160.jpg,datasets_cloudmask/dataset_cropped/10_Metas/28/10/20191028104100_00160.png,221.2,4.8,219.2,15.9,963
10/28/2019 10:42,datasets/dataset_cropped/10_Metas/28/10/20191028104200_00160.jpg,datasets_flow/dataset_cropped/10_Metas/28/10/20191028104200_00160.jpg,datasets_cloudmask/dataset_cropped/10_Metas/28/10/20191028104200_00160.png,221.5,5.2,219.4,16,963
10/28/2019 10:43,datasets/dataset_cropped/10_Metas/28/10/20191028104300_00160.jpg,datasets_flow/dataset_cropped/10_Metas/28/10/20191028104300_00160.jpg,datasets_cloudmask/dataset_cropped/10_Metas/28/10/20191028104300_00160.png,221.9,6.3,219.2,16.1,963
10/28/2019 10:44,datasets/dataset_cropped/10_Metas/28/10/20191028104400_00149.jpg,datasets_flow/dataset_cropped/10_Metas/28/10/20191028104400_00149.jpg,datasets_cloudmask/dataset_cropped/10_Metas/28/10/20191028104400_00149.png,222.1,7.7,218.6,16,963
10/28/2019 10:45,datasets/dataset_cropped/10_Metas/28/10/20191028104500_00160.jpg,datasets_flow/dataset_cropped/10_Metas/28/10/20191028104500_00160.jpg,datasets_cloudmask/dataset_cropped/10_Metas/28/10/20191028104500_00160.png,221.4,7.9,217.8,15.9,963
10/28/2019 10:46,datasets/dataset_cropped/10_Metas/28/10/20191028104600_00160.jpg,datasets_flow/dataset_cropped/10_Metas/28/10/20191028104600_00160.jpg,datasets_cloudmask/dataset_cropped/10_Metas/28/10/20191028104600_00160.png,219.1,5.5,216.9,16,963
10/28/2019 10:47,datasets/dataset_cropped/10_Metas/28/10/20191028104700_00160.jpg,datasets_flow/dataset_cropped/10_Metas/28/10/20191028104700_00160.jpg,datasets_cloudmask/dataset_cropped/10_Metas/28/10/20191028104700_00160.png,218,5,216,16.1,963
10/28/2019 10:48,datasets/dataset_cropped/10_Metas/28/10/20191028104800_00160.jpg,datasets_flow/dataset_cropped/10_Metas/28/10/20191028104800_00160.jpg,datasets_cloudmask/dataset_cropped/10_Metas/28/10/20191028104800_00160.png,216.9,4.4,215,16.1,963
10/28/2019 10:49,datasets/dataset_cropped/10_Metas/28/10/20191028104900_00160.jpg,datasets_flow/dataset_cropped/10_Metas/28/10/20191028104900_00160.jpg,datasets_cloudmask/dataset_cropped/10_Metas/28/10/20191028104900_00160.png,215.6,3.2,214.2,16.1,963
10/28/2019 10:50,datasets/dataset_cropped/10_Metas/28/10/20191028105000_00160.jpg,datasets_flow/dataset_cropped/10_Metas/28/10/20191028105000_00160.jpg,datasets_cloudmask/dataset_cropped/10_Metas/28/10/20191028105000_00160.png,214.6,2.6,213.5,16.1,963
10/28/2019 10:51,datasets/dataset_cropped/10_Metas/28/10/20191028105100_00160.jpg,datasets_flow/dataset_cropped/10_Metas/28/10/20191028105100_00160.jpg,datasets_cloudmask/dataset_cropped/10_Metas/28/10/20191028105100_00160.png,213.7,2.1,212.8,16,963
10/28/2019 10:52,datasets/dataset_cropped/10_Metas/28/10/20191028105200_00160.jpg,datasets_flow/dataset_cropped/10_Metas/28/10/20191028105200_00160.jpg,datasets_cloudmask/dataset_cropped/10_Metas/28/10/20191028105200_00160.png,213,1.8,212.2,16.1,963
10/28/2019 10:53,datasets/dataset_cropped/10_Metas/28/10/20191028105300_00160.jpg,datasets_flow/dataset_cropped/10_Metas/28/10/20191028105300_00160.jpg,datasets_cloudmask/dataset_cropped/10_Metas/28/10/20191028105300_00160.png,212.6,2,211.7,16.2,963
10/28/2019 10:54,datasets/dataset_cropped/10_Metas/28/10/20191028105400_00160.jpg,datasets_flow/dataset_cropped/10_Metas/28/10/20191028105400_00160.jpg,datasets_cloudmask/dataset_cropped/10_Metas/28/10/20191028105400_00160.png,212.7,2.6,211.5,16.2,963
10/28/2019 10:55,datasets/dataset_cropped/10_Metas/28/10/20191028105500_00160.jpg,datasets_flow/dataset_cropped/10_Metas/28/10/20191028105500_00160.jpg,datasets_cloudmask/dataset_cropped/10_Metas/28/10/20191028105500_00160.png,212.7,3.2,211.2,16.2,963
10/28/2019 10:56,datasets/dataset_cropped/10_Metas/28/10/20191028105600_00160.jpg,datasets_flow/dataset_cropped/10_Metas/28/10/20191028105600_00160.jpg,datasets_cloudmask/dataset_cropped/10_Metas/28/10/20191028105600_00160.png,213.2,4.2,211.3,16.2,963
10/28/2019 10:57,datasets/dataset_cropped/10_Metas/28/10/20191028105700_00160.jpg,datasets_flow/dataset_cropped/10_Metas/28/10/20191028105700_00160.jpg,datasets_cloudmask/dataset_cropped/10_Metas/28/10/20191028105700_00160.png,214.1,5.8,211.3,16.2,963
10/28/2019 10:58,datasets/dataset_cropped/10_Metas/28/10/20191028105800_00160.jpg,datasets_flow/dataset_cropped/10_Metas/28/10/20191028105800_00160.jpg,datasets_cloudmask/dataset_cropped/10_Metas/28/10/20191028105800_00160.png,214.3,6.5,211.1,16.2,963
10/28/2019 10:59,datasets/dataset_cropped/10_Metas/28/10/20191028105900_00160.jpg,datasets_flow/dataset_cropped/10_Metas/28/10/20191028105900_00160.jpg,datasets_cloudmask/dataset_cropped/10_Metas/28/10/20191028105900_00160.png,214.5,6.9,211,16.3,963
10/28/2019 11:00,datasets/dataset_cropped/10_Metas/28/11/20191028110000_00160.jpg,datasets_flow/dataset_cropped/10_Metas/28/11/20191028110000_00160.jpg,datasets_cloudmask/dataset_cropped/10_Metas/28/11/20191028110000_00160.png,213.8,6.1,210.7,16.3,963
10/28/2019 11:01,datasets/dataset_cropped/10_Metas/28/11/20191028110100_00160.jpg,datasets_flow/dataset_cropped/10_Metas/28/11/20191028110100_00160.jpg,datasets_cloudmask/dataset_cropped/10_Metas/28/11/20191028110100_00160.png,213.1,5.2,210.6,16.3,963
10/28/2019 11:02,datasets/dataset_cropped/10_Metas/28/11/20191028110200_00160.jpg,datasets_flow/dataset_cropped/10_Metas/28/11/20191028110200_00160.jpg,datasets_cloudmask/dataset_cropped/10_Metas/28/11/20191028110200_00160.png,212.3,4.4,210.3,16.2,963
10/28/2019 11:03,datasets/dataset_cropped/10_Metas/28/11/20191028110300_00160.jpg,datasets_flow/dataset_cropped/10_Metas/28/11/20191028110300_00160.jpg,datasets_cloudmask/dataset_cropped/10_Metas/28/11/20191028110300_00160.png,211.7,3.9,210,16.3,963
10/28/2019 11:04,datasets/dataset_cropped/10_Metas/28/11/20191028110400_00160.jpg,datasets_flow/dataset_cropped/10_Metas/28/11/20191028110400_00160.jpg,datasets_cloudmask/dataset_cropped/10_Metas/28/11/20191028110400_00160.png,211.1,3.2,209.8,16.4,963
10/28/2019 11:05,datasets/dataset_cropped/10_Metas/28/11/20191028110500_00160.jpg,datasets_flow/dataset_cropped/10_Metas/28/11/20191028110500_00160.jpg,datasets_cloudmask/dataset_cropped/10_Metas/28/11/20191028110500_00160.png,210.1,1.9,209.6,16.5,963
10/28/2019 11:06,datasets/dataset_cropped/10_Metas/28/11/20191028110600_00160.jpg,datasets_flow/dataset_cropped/10_Metas/28/11/20191028110600_00160.jpg,datasets_cloudmask/dataset_cropped/10_Metas/28/11/20191028110600_00160.png,209.8,1.3,209.6,16.5,963
10/28/2019 11:07,datasets/dataset_cropped/10_Metas/28/11/20191028110700_00160.jpg,datasets_flow/dataset_cropped/10_Metas/28/11/20191028110700_00160.jpg,datasets_cloudmask/dataset_cropped/10_Metas/28/11/20191028110700_00160.png,210,1.6,209.6,16.4,963
10/28/2019 11:08,datasets/dataset_cropped/10_Metas/28/11/20191028110800_00160.jpg,datasets_flow/dataset_cropped/10_Metas/28/11/20191028110800_00160.jpg,datasets_cloudmask/dataset_cropped/10_Metas/28/11/20191028110800_00160.png,210.2,2.1,209.5,16.5,963
10/28/2019 11:09,datasets/dataset_cropped/10_Metas/28/11/20191028110900_00160.jpg,datasets_flow/dataset_cropped/10_Metas/28/11/20191028110900_00160.jpg,datasets_cloudmask/dataset_cropped/10_Metas/28/11/20191028110900_00160.png,209.9,1.9,209.2,16.6,963
10/28/2019 11:10,datasets/dataset_cropped/10_Metas/28/11/20191028111000_00160.jpg,datasets_flow/dataset_cropped/10_Metas/28/11/20191028111000_00160.jpg,datasets_cloudmask/dataset_cropped/10_Metas/28/11/20191028111000_00160.png,209.7,1.9,209,16.6,964
10/28/2019 11:11,datasets/dataset_cropped/10_Metas/28/11/20191028111100_00160.jpg,datasets_flow/dataset_cropped/10_Metas/28/11/20191028111100_00160.jpg,datasets_cloudmask/dataset_cropped/10_Metas/28/11/20191028111100_00160.png,209.1,1.7,208.5,16.7,963
10/28/2019 11:12,datasets/dataset_cropped/10_Metas/28/11/20191028111200_00160.jpg,datasets_flow/dataset_cropped/10_Metas/28/11/20191028111200_00160.jpg,datasets_cloudmask/dataset_cropped/10_Metas/28/11/20191028111200_00160.png,208.5,1.6,208.2,16.7,963
10/28/2019 11:13,datasets/dataset_cropped/10_Metas/28/11/20191028111300_00160.jpg,datasets_flow/dataset_cropped/10_Metas/28/11/20191028111300_00160.jpg,datasets_cloudmask/dataset_cropped/10_Metas/28/11/20191028111300_00160.png,208.1,1.4,207.8,16.7,963
10/28/2019 11:14,datasets/dataset_cropped/10_Metas/28/11/20191028111400_00160.jpg,datasets_flow/dataset_cropped/10_Metas/28/11/20191028111400_00160.jpg,datasets_cloudmask/dataset_cropped/10_Metas/28/11/20191028111400_00160.png,207.7,1.1,207.6,16.7,963
10/28/2019 11:15,datasets/dataset_cropped/10_Metas/28/11/20191028111500_00160.jpg,datasets_flow/dataset_cropped/10_Metas/28/11/20191028111500_00160.jpg,datasets_cloudmask/dataset_cropped/10_Metas/28/11/20191028111500_00160.png,207.5,0.9,207.5,16.6,963
10/28/2019 11:16,datasets/dataset_cropped/10_Metas/28/11/20191028111600_00160.jpg,datasets_flow/dataset_cropped/10_Metas/28/11/20191028111600_00160.jpg,datasets_cloudmask/dataset_cropped/10_Metas/28/11/20191028111600_00160.png,208,0.8,207.9,16.7,963
10/28/2019 11:17,datasets/dataset_cropped/10_Metas/28/11/20191028111700_00160.jpg,datasets_flow/dataset_cropped/10_Metas/28/11/20191028111700_00160.jpg,datasets_cloudmask/dataset_cropped/10_Metas/28/11/20191028111700_00160.png,208.6,0.7,208.6,16.8,963
10/28/2019 11:18,datasets/dataset_cropped/10_Metas/28/11/20191028111800_00160.jpg,datasets_flow/dataset_cropped/10_Metas/28/11/20191028111800_00160.jpg,datasets_cloudmask/dataset_cropped/10_Metas/28/11/20191028111800_00160.png,209.9,0.6,209.9,16.9,963
10/28/2019 11:19,datasets/dataset_cropped/10_Metas/28/11/20191028111900_00160.jpg,datasets_flow/dataset_cropped/10_Metas/28/11/20191028111900_00160.jpg,datasets_cloudmask/dataset_cropped/10_Metas/28/11/20191028111900_00160.png,211.8,0.6,211.9,17,963
10/28/2019 11:20,datasets/dataset_cropped/10_Metas/28/11/20191028112000_00160.jpg,datasets_flow/dataset_cropped/10_Metas/28/11/20191028112000_00160.jpg,datasets_cloudmask/dataset_cropped/10_Metas/28/11/20191028112000_00160.png,214.5,0.5,214.6,17,963
10/28/2019 11:21,datasets/dataset_cropped/10_Metas/28/11/20191028112100_00160.jpg,datasets_flow/dataset_cropped/10_Metas/28/11/20191028112100_00160.jpg,datasets_cloudmask/dataset_cropped/10_Metas/28/11/20191028112100_00160.png,218,0.3,218.2,16.9,963
10/28/2019 11:22,datasets/dataset_cropped/10_Metas/28/11/20191028112200_00160.jpg,datasets_flow/dataset_cropped/10_Metas/28/11/20191028112200_00160.jpg,datasets_cloudmask/dataset_cropped/10_Metas/28/11/20191028112200_00160.png,222.2,0.2,222.3,16.9,963
10/28/2019 11:23,datasets/dataset_cropped/10_Metas/28/11/20191028112301_00160.jpg,datasets_flow/dataset_cropped/10_Metas/28/11/20191028112301_00160.jpg,datasets_cloudmask/dataset_cropped/10_Metas/28/11/20191028112301_00160.png,226.7,0.3,226.7,16.8,963
10/28/2019 11:24,datasets/dataset_cropped/10_Metas/28/11/20191028112400_00160.jpg,datasets_flow/dataset_cropped/10_Metas/28/11/20191028112400_00160.jpg,datasets_cloudmask/dataset_cropped/10_Metas/28/11/20191028112400_00160.png,231.3,0.3,231.3,16.8,963
10/28/2019 11:25,datasets/dataset_cropped/10_Metas/28/11/20191028112500_00160.jpg,datasets_flow/dataset_cropped/10_Metas/28/11/20191028112500_00160.jpg,datasets_cloudmask/dataset_cropped/10_Metas/28/11/20191028112500_00160.png,236.1,0.3,236,16.8,963
10/28/2019 11:26,datasets/dataset_cropped/10_Metas/28/11/20191028112600_00160.jpg,datasets_flow/dataset_cropped/10_Metas/28/11/20191028112600_00160.jpg,datasets_cloudmask/dataset_cropped/10_Metas/28/11/20191028112600_00160.png,240.8,0.4,240.7,16.8,963
10/28/2019 11:27,datasets/dataset_cropped/10_Metas/28/11/20191028112700_00160.jpg,datasets_flow/dataset_cropped/10_Metas/28/11/20191028112700_00160.jpg,datasets_cloudmask/dataset_cropped/10_Metas/28/11/20191028112700_00160.png,245.7,0.7,245.4,16.9,963
10/28/2019 11:28,datasets/dataset_cropped/10_Metas/28/11/20191028112800_00160.jpg,datasets_flow/dataset_cropped/10_Metas/28/11/20191028112800_00160.jpg,datasets_cloudmask/dataset_cropped/10_Metas/28/11/20191028112800_00160.png,250.4,1.1,249.9,16.8,963
10/28/2019 11:29,datasets/dataset_cropped/10_Metas/28/11/20191028112900_00160.jpg,datasets_flow/dataset_cropped/10_Metas/28/11/20191028112900_00160.jpg,datasets_cloudmask/dataset_cropped/10_Metas/28/11/20191028112900_00160.png,254.7,1.3,254,16.8,963
10/28/2019 11:30,datasets/dataset_cropped/10_Metas/28/11/20191028113000_00160.jpg,datasets_flow/dataset_cropped/10_Metas/28/11/20191028113000_00160.jpg,datasets_cloudmask/dataset_cropped/10_Metas/28/11/20191028113000_00160.png,259.1,1.8,258,16.7,963
10/28/2019 11:31,datasets/dataset_cropped/10_Metas/28/11/20191028113100_00160.jpg,datasets_flow/dataset_cropped/10_Metas/28/11/20191028113100_00160.jpg,datasets_cloudmask/dataset_cropped/10_Metas/28/11/20191028113100_00160.png,263.9,3.2,261.8,16.6,963
10/28/2019 11:32,datasets/dataset_cropped/10_Metas/28/11/20191028113200_00160.jpg,datasets_flow/dataset_cropped/10_Metas/28/11/20191028113200_00160.jpg,datasets_cloudmask/dataset_cropped/10_Metas/28/11/20191028113200_00160.png,268.7,5.3,265.2,16.7,963
10/28/2019 11:33,datasets/dataset_cropped/10_Metas/28/11/20191028113300_00160.jpg,datasets_flow/dataset_cropped/10_Metas/28/11/20191028113300_00160.jpg,datasets_cloudmask/dataset_cropped/10_Metas/28/11/20191028113300_00160.png,273.4,7.8,268.4,16.8,963
10/28/2019 11:34,datasets/dataset_cropped/10_Metas/28/11/20191028113400_00160.jpg,datasets_flow/dataset_cropped/10_Metas/28/11/20191028113400_00160.jpg,datasets_cloudmask/dataset_cropped/10_Metas/28/11/20191028113400_00160.png,277.8,10.6,271.3,16.8,963
10/28/2019 11:35,datasets/dataset_cropped/10_Metas/28/11/20191028113500_00160.jpg,datasets_flow/dataset_cropped/10_Metas/28/11/20191028113500_00160.jpg,datasets_cloudmask/dataset_cropped/10_Metas/28/11/20191028113500_00160.png,281.3,12.3,273.6,16.8,963
10/28/2019 11:36,datasets/dataset_cropped/10_Metas/28/11/20191028113600_00160.jpg,datasets_flow/dataset_cropped/10_Metas/28/11/20191028113600_00160.jpg,datasets_cloudmask/dataset_cropped/10_Metas/28/11/20191028113600_00160.png,284.2,13.9,275.6,16.8,963
10/28/2019 11:37,datasets/dataset_cropped/10_Metas/28/11/20191028113700_00160.jpg,datasets_flow/dataset_cropped/10_Metas/28/11/20191028113700_00160.jpg,datasets_cloudmask/dataset_cropped/10_Metas/28/11/20191028113700_00160.png,286.5,15.3,277.2,16.9,963
10/28/2019 11:38,datasets/dataset_cropped/10_Metas/28/11/20191028113800_00160.jpg,datasets_flow/dataset_cropped/10_Metas/28/11/20191028113800_00160.jpg,datasets_cloudmask/dataset_cropped/10_Metas/28/11/20191028113800_00160.png,288.4,16.4,278.6,16.9,963
10/28/2019 11:39,datasets/dataset_cropped/10_Metas/28/11/20191028113900_00160.jpg,datasets_flow/dataset_cropped/10_Metas/28/11/20191028113900_00160.jpg,datasets_cloudmask/dataset_cropped/10_Metas/28/11/20191028113900_00160.png,289.2,16.5,279.4,16.9,963
10/28/2019 11:40,datasets/dataset_cropped/10_Metas/28/11/20191028114000_00160.jpg,datasets_flow/dataset_cropped/10_Metas/28/11/20191028114000_00160.jpg,datasets_cloudmask/dataset_cropped/10_Metas/28/11/20191028114000_00160.png,290.1,16.9,280,16.9,963
10/28/2019 11:41,datasets/dataset_cropped/10_Metas/28/11/20191028114100_00160.jpg,datasets_flow/dataset_cropped/10_Metas/28/11/20191028114100_00160.jpg,datasets_cloudmask/dataset_cropped/10_Metas/28/11/20191028114100_00160.png,289.6,15.8,280.2,16.9,963
10/28/2019 11:42,datasets/dataset_cropped/10_Metas/28/11/20191028114200_00160.jpg,datasets_flow/dataset_cropped/10_Metas/28/11/20191028114200_00160.jpg,datasets_cloudmask/dataset_cropped/10_Metas/28/11/20191028114200_00160.png,288.6,14.5,280.1,17,963
10/28/2019 11:43,datasets/dataset_cropped/10_Metas/28/11/20191028114300_00160.jpg,datasets_flow/dataset_cropped/10_Metas/28/11/20191028114300_00160.jpg,datasets_cloudmask/dataset_cropped/10_Metas/28/11/20191028114300_00160.png,287.4,13.2,279.6,17.1,963
10/28/2019 11:44,datasets/dataset_cropped/10_Metas/28/11/20191028114400_00160.jpg,datasets_flow/dataset_cropped/10_Metas/28/11/20191028114400_00160.jpg,datasets_cloudmask/dataset_cropped/10_Metas/28/11/20191028114400_00160.png,285.3,10.8,279,17.1,963
10/28/2019 11:45,datasets/dataset_cropped/10_Metas/28/11/20191028114500_00160.jpg,datasets_flow/dataset_cropped/10_Metas/28/11/20191028114500_00160.jpg,datasets_cloudmask/dataset_cropped/10_Metas/28/11/20191028114500_00160.png,283.2,8.5,278.4,17,963
10/28/2019 11:46,datasets/dataset_cropped/10_Metas/28/11/20191028114600_00160.jpg,datasets_flow/dataset_cropped/10_Metas/28/11/20191028114600_00160.jpg,datasets_cloudmask/dataset_cropped/10_Metas/28/11/20191028114600_00160.png,281.9,7.2,278,16.9,963
10/28/2019 11:47,datasets/dataset_cropped/10_Metas/28/11/20191028114700_00160.jpg,datasets_flow/dataset_cropped/10_Metas/28/11/20191028114700_00160.jpg,datasets_cloudmask/dataset_cropped/10_Metas/28/11/20191028114700_00160.png,280.6,5.6,277.4,16.9,963
10/28/2019 11:48,datasets/dataset_cropped/10_Metas/28/11/20191028114800_00160.jpg,datasets_flow/dataset_cropped/10_Metas/28/11/20191028114800_00160.jpg,datasets_cloudmask/dataset_cropped/10_Metas/28/11/20191028114800_00160.png,280.1,5.2,277.1,17,963
10/28/2019 11:49,datasets/dataset_cropped/10_Metas/28/11/20191028114900_00160.jpg,datasets_flow/dataset_cropped/10_Metas/28/11/20191028114900_00160.jpg,datasets_cloudmask/dataset_cropped/10_Metas/28/11/20191028114900_00160.png,279.3,3.8,277.2,17.1,963
10/28/2019 11:50,datasets/dataset_cropped/10_Metas/28/11/20191028115000_00160.jpg,datasets_flow/dataset_cropped/10_Metas/28/11/20191028115000_00160.jpg,datasets_cloudmask/dataset_cropped/10_Metas/28/11/20191028115000_00160.png,279.7,3.6,277.4,17.1,963
10/28/2019 11:51,datasets/dataset_cropped/10_Metas/28/11/20191028115100_00160.jpg,datasets_flow/dataset_cropped/10_Metas/28/11/20191028115100_00160.jpg,datasets_cloudmask/dataset_cropped/10_Metas/28/11/20191028115100_00160.png,279.7,2.4,278,17.1,963
10/28/2019 11:52,datasets/dataset_cropped/10_Metas/28/11/20191028115200_00160.jpg,datasets_flow/dataset_cropped/10_Metas/28/11/20191028115200_00160.jpg,datasets_cloudmask/dataset_cropped/10_Metas/28/11/20191028115200_00160.png,280.7,2.6,278.8,17.1,963
10/28/2019 11:53,datasets/dataset_cropped/10_Metas/28/11/20191028115300_00160.jpg,datasets_flow/dataset_cropped/10_Metas/28/11/20191028115300_00160.jpg,datasets_cloudmask/dataset_cropped/10_Metas/28/11/20191028115300_00160.png,282.2,3.5,279.8,17.2,963
10/28/2019 11:54,datasets/dataset_cropped/10_Metas/28/11/20191028115400_00160.jpg,datasets_flow/dataset_cropped/10_Metas/28/11/20191028115400_00160.jpg,datasets_cloudmask/dataset_cropped/10_Metas/28/11/20191028115400_00160.png,284.1,4.9,280.9,17.1,963
10/28/2019 11:55,datasets/dataset_cropped/10_Metas/28/11/20191028115500_00160.jpg,datasets_flow/dataset_cropped/10_Metas/28/11/20191028115500_00160.jpg,datasets_cloudmask/dataset_cropped/10_Metas/28/11/20191028115500_00160.png,285.9,6,282.1,17.1,963
10/28/2019 11:56,datasets/dataset_cropped/10_Metas/28/11/20191028115600_00160.jpg,datasets_flow/dataset_cropped/10_Metas/28/11/20191028115600_00160.jpg,datasets_cloudmask/dataset_cropped/10_Metas/28/11/20191028115600_00160.png,287.4,6.2,283.4,17.1,963
10/28/2019 11:57,datasets/dataset_cropped/10_Metas/28/11/20191028115700_00160.jpg,datasets_flow/dataset_cropped/10_Metas/28/11/20191028115700_00160.jpg,datasets_cloudmask/dataset_cropped/10_Metas/28/11/20191028115700_00160.png,288.7,6,284.9,17.1,963
10/28/2019 11:58,datasets/dataset_cropped/10_Metas/28/11/20191028115807_00160.jpg,datasets_flow/dataset_cropped/10_Metas/28/11/20191028115807_00160.jpg,datasets_cloudmask/dataset_cropped/10_Metas/28/11/20191028115807_00160.png,290.8,6.8,286.6,17.1,963
10/28/2019 11:59,datasets/dataset_cropped/10_Metas/28/11/20191028115900_00160.jpg,datasets_flow/dataset_cropped/10_Metas/28/11/20191028115900_00160.jpg,datasets_cloudmask/dataset_cropped/10_Metas/28/11/20191028115900_00160.png,292.6,7.4,288.1,17.3,963
10/28/2019 12:00,datasets/dataset_cropped/10_Metas/28/12/20191028120000_00160.jpg,datasets_flow/dataset_cropped/10_Metas/28/12/20191028120000_00160.jpg,datasets_cloudmask/dataset_cropped/10_Metas/28/12/20191028120000_00160.png,294.4,8.1,289.5,17.3,963
10/28/2019 12:01,datasets/dataset_cropped/10_Metas/28/12/20191028120100_00160.jpg,datasets_flow/dataset_cropped/10_Metas/28/12/20191028120100_00160.jpg,datasets_cloudmask/dataset_cropped/10_Metas/28/12/20191028120100_00160.png,296.5,9.4,290.8,17.3,963
10/28/2019 12:02,datasets/dataset_cropped/10_Metas/28/12/20191028120200_00160.jpg,datasets_flow/dataset_cropped/10_Metas/28/12/20191028120200_00160.jpg,datasets_cloudmask/dataset_cropped/10_Metas/28/12/20191028120200_00160.png,299,11.1,292.2,17.2,963
10/28/2019 12:03,datasets/dataset_cropped/10_Metas/28/12/20191028120302_00160.jpg,datasets_flow/dataset_cropped/10_Metas/28/12/20191028120302_00160.jpg,datasets_cloudmask/dataset_cropped/10_Metas/28/12/20191028120302_00160.png,302,13.7,293.5,17.3,963
10/28/2019 12:04,datasets/dataset_cropped/10_Metas/28/12/20191028120400_00160.jpg,datasets_flow/dataset_cropped/10_Metas/28/12/20191028120400_00160.jpg,datasets_cloudmask/dataset_cropped/10_Metas/28/12/20191028120400_00160.png,304.1,15.5,294.5,17.4,963
10/28/2019 12:05,datasets/dataset_cropped/10_Metas/28/12/20191028120500_00160.jpg,datasets_flow/dataset_cropped/10_Metas/28/12/20191028120500_00160.jpg,datasets_cloudmask/dataset_cropped/10_Metas/28/12/20191028120500_00160.png,305.7,17.1,295.1,17.3,963
10/28/2019 12:06,datasets/dataset_cropped/10_Metas/28/12/20191028120600_00160.jpg,datasets_flow/dataset_cropped/10_Metas/28/12/20191028120600_00160.jpg,datasets_cloudmask/dataset_cropped/10_Metas/28/12/20191028120600_00160.png,305.7,17.2,295.1,17.2,963
10/28/2019 12:07,datasets/dataset_cropped/10_Metas/28/12/20191028120700_00160.jpg,datasets_flow/dataset_cropped/10_Metas/28/12/20191028120700_00160.jpg,datasets_cloudmask/dataset_cropped/10_Metas/28/12/20191028120700_00160.png,304.6,16,294.6,17.2,963
10/28/2019 12:08,datasets/dataset_cropped/10_Metas/28/12/20191028120800_00160.jpg,datasets_flow/dataset_cropped/10_Metas/28/12/20191028120800_00160.jpg,datasets_cloudmask/dataset_cropped/10_Metas/28/12/20191028120800_00160.png,301.5,12.3,293.8,17.4,963
10/28/2019 12:09,datasets/dataset_cropped/10_Metas/28/12/20191028120900_00160.jpg,datasets_flow/dataset_cropped/10_Metas/28/12/20191028120900_00160.jpg,datasets_cloudmask/dataset_cropped/10_Metas/28/12/20191028120900_00160.png,299.2,9.6,293.2,17.4,963
10/28/2019 12:10,datasets/dataset_cropped/10_Metas/28/12/20191028121000_00160.jpg,datasets_flow/dataset_cropped/10_Metas/28/12/20191028121000_00160.jpg,datasets_cloudmask/dataset_cropped/10_Metas/28/12/20191028121000_00160.png,298.6,8.3,293.2,17.4,963
10/28/2019 12:11,datasets/dataset_cropped/10_Metas/28/12/20191028121100_00160.jpg,datasets_flow/dataset_cropped/10_Metas/28/12/20191028121100_00160.jpg,datasets_cloudmask/dataset_cropped/10_Metas/28/12/20191028121100_00160.png,301.2,10.9,294.2,17.3,963
10/28/2019 12:12,datasets/dataset_cropped/10_Metas/28/12/20191028121200_00160.jpg,datasets_flow/dataset_cropped/10_Metas/28/12/20191028121200_00160.jpg,datasets_cloudmask/dataset_cropped/10_Metas/28/12/20191028121200_00160.png,303.6,12.9,295.5,17.3,963
10/28/2019 12:13,datasets/dataset_cropped/10_Metas/28/12/20191028121300_00160.jpg,datasets_flow/dataset_cropped/10_Metas/28/12/20191028121300_00160.jpg,datasets_cloudmask/dataset_cropped/10_Metas/28/12/20191028121300_00160.png,305.5,13.1,297.2,17.4,963
10/28/2019 12:14,datasets/dataset_cropped/10_Metas/28/12/20191028121400_00160.jpg,datasets_flow/dataset_cropped/10_Metas/28/12/20191028121400_00160.jpg,datasets_cloudmask/dataset_cropped/10_Metas/28/12/20191028121400_00160.png,309.4,16.2,299.2,17.4,963
10/28/2019 12:15,datasets/dataset_cropped/10_Metas/28/12/20191028121500_00160.jpg,datasets_flow/dataset_cropped/10_Metas/28/12/20191028121500_00160.jpg,datasets_cloudmask/dataset_cropped/10_Metas/28/12/20191028121500_00160.png,312.7,18.8,300.9,17.5,963
10/28/2019 12:16,datasets/dataset_cropped/10_Metas/28/12/20191028121600_00160.jpg,datasets_flow/dataset_cropped/10_Metas/28/12/20191028121600_00160.jpg,datasets_cloudmask/dataset_cropped/10_Metas/28/12/20191028121600_00160.png,315.9,21.6,302.3,17.5,963
10/28/2019 12:17,datasets/dataset_cropped/10_Metas/28/12/20191028121700_00160.jpg,datasets_flow/dataset_cropped/10_Metas/28/12/20191028121700_00160.jpg,datasets_cloudmask/dataset_cropped/10_Metas/28/12/20191028121700_00160.png,318.1,23.2,303.4,17.5,963
10/28/2019 12:18,datasets/dataset_cropped/10_Metas/28/12/20191028121800_00160.jpg,datasets_flow/dataset_cropped/10_Metas/28/12/20191028121800_00160.jpg,datasets_cloudmask/dataset_cropped/10_Metas/28/12/20191028121800_00160.png,320.4,26,303.7,17.4,963
10/28/2019 12:19,datasets/dataset_cropped/10_Metas/28/12/20191028121900_00160.jpg,datasets_flow/dataset_cropped/10_Metas/28/12/20191028121900_00160.jpg,datasets_cloudmask/dataset_cropped/10_Metas/28/12/20191028121900_00160.png,323,30.7,303.3,17.5,963
10/28/2019 12:20,datasets/dataset_cropped/10_Metas/28/12/20191028122000_00160.jpg,datasets_flow/dataset_cropped/10_Metas/28/12/20191028122000_00160.jpg,datasets_cloudmask/dataset_cropped/10_Metas/28/12/20191028122000_00160.png,321.2,30.4,301.8,17.5,963
10/28/2019 12:21,datasets/dataset_cropped/10_Metas/28/12/20191028122100_00160.jpg,datasets_flow/dataset_cropped/10_Metas/28/12/20191028122100_00160.jpg,datasets_cloudmask/dataset_cropped/10_Metas/28/12/20191028122100_00160.png,318.6,30.2,299.3,17.6,963
10/28/2019 12:22,datasets/dataset_cropped/10_Metas/28/12/20191028122200_00160.jpg,datasets_flow/dataset_cropped/10_Metas/28/12/20191028122200_00160.jpg,datasets_cloudmask/dataset_cropped/10_Metas/28/12/20191028122200_00160.png,310.7,22.7,296.3,17.5,963
10/28/2019 12:23,datasets/dataset_cropped/10_Metas/28/12/20191028122300_00160.jpg,datasets_flow/dataset_cropped/10_Metas/28/12/20191028122300_00160.jpg,datasets_cloudmask/dataset_cropped/10_Metas/28/12/20191028122300_00160.png,302.9,15.4,293.2,17.5,963
10/28/2019 12:24,datasets/dataset_cropped/10_Metas/28/12/20191028122400_00160.jpg,datasets_flow/dataset_cropped/10_Metas/28/12/20191028122400_00160.jpg,datasets_cloudmask/dataset_cropped/10_Metas/28/12/20191028122400_00160.png,300,15.3,290.7,17.5,963
10/28/2019 12:25,datasets/dataset_cropped/10_Metas/28/12/20191028122500_00160.jpg,datasets_flow/dataset_cropped/10_Metas/28/12/20191028122500_00160.jpg,datasets_cloudmask/dataset_cropped/10_Metas/28/12/20191028122500_00160.png,297,13.4,288.8,17.4,963
10/28/2019 12:26,datasets/dataset_cropped/10_Metas/28/12/20191028122600_00160.jpg,datasets_flow/dataset_cropped/10_Metas/28/12/20191028122600_00160.jpg,datasets_cloudmask/dataset_cropped/10_Metas/28/12/20191028122600_00160.png,295.9,13.4,287.5,17.5,963
10/28/2019 12:27,datasets/dataset_cropped/10_Metas/28/12/20191028122700_00160.jpg,datasets_flow/dataset_cropped/10_Metas/28/12/20191028122700_00160.jpg,datasets_cloudmask/dataset_cropped/10_Metas/28/12/20191028122700_00160.png,292.3,9.3,286.5,17.6,963
10/28/2019 12:28,datasets/dataset_cropped/10_Metas/28/12/20191028122800_00160.jpg,datasets_flow/dataset_cropped/10_Metas/28/12/20191028122800_00160.jpg,datasets_cloudmask/dataset_cropped/10_Metas/28/12/20191028122800_00160.png,289.5,6.1,285.7,17.6,963
10/28/2019 12:29,datasets/dataset_cropped/10_Metas/28/12/20191028122900_00160.jpg,datasets_flow/dataset_cropped/10_Metas/28/12/20191028122900_00160.jpg,datasets_cloudmask/dataset_cropped/10_Metas/28/12/20191028122900_00160.png,286.1,1.5,285.4,17.7,963
10/28/2019 12:30,datasets/dataset_cropped/10_Metas/28/12/20191028123000_00160.jpg,datasets_flow/dataset_cropped/10_Metas/28/12/20191028123000_00160.jpg,datasets_cloudmask/dataset_cropped/10_Metas/28/12/20191028123000_00160.png,285.9,0.7,285.6,17.8,963
10/28/2019 12:31,datasets/dataset_cropped/10_Metas/28/12/20191028123100_00160.jpg,datasets_flow/dataset_cropped/10_Metas/28/12/20191028123100_00160.jpg,datasets_cloudmask/dataset_cropped/10_Metas/28/12/20191028123100_00160.png,286.9,0.4,286.8,17.8,963
10/28/2019 12:32,datasets/dataset_cropped/10_Metas/28/12/20191028123200_00160.jpg,datasets_flow/dataset_cropped/10_Metas/28/12/20191028123200_00160.jpg,datasets_cloudmask/dataset_cropped/10_Metas/28/12/20191028123200_00160.png,288.8,0.3,288.7,17.8,963
10/28/2019 12:33,datasets/dataset_cropped/10_Metas/28/12/20191028123300_00160.jpg,datasets_flow/dataset_cropped/10_Metas/28/12/20191028123300_00160.jpg,datasets_cloudmask/dataset_cropped/10_Metas/28/12/20191028123300_00160.png,291.8,0.5,291.5,17.7,963
10/28/2019 12:34,datasets/dataset_cropped/10_Metas/28/12/20191028123400_00160.jpg,datasets_flow/dataset_cropped/10_Metas/28/12/20191028123400_00160.jpg,datasets_cloudmask/dataset_cropped/10_Metas/28/12/20191028123400_00160.png,296.8,1.9,295.2,17.7,963
10/28/2019 12:35,datasets/dataset_cropped/10_Metas/28/12/20191028123500_00160.jpg,datasets_flow/dataset_cropped/10_Metas/28/12/20191028123500_00160.jpg,datasets_cloudmask/dataset_cropped/10_Metas/28/12/20191028123500_00160.png,304.6,6.3,299.9,17.7,963
10/28/2019 12:36,datasets/dataset_cropped/10_Metas/28/12/20191028123600_00160.jpg,datasets_flow/dataset_cropped/10_Metas/28/12/20191028123600_00160.jpg,datasets_cloudmask/dataset_cropped/10_Metas/28/12/20191028123600_00160.png,314.2,13.6,304.9,17.7,963
10/28/2019 12:37,datasets/dataset_cropped/10_Metas/28/12/20191028123700_00160.jpg,datasets_flow/dataset_cropped/10_Metas/28/12/20191028123700_00160.jpg,datasets_cloudmask/dataset_cropped/10_Metas/28/12/20191028123700_00160.png,321.9,19.3,308.7,17.7,963
10/28/2019 12:38,datasets/dataset_cropped/10_Metas/28/12/20191028123800_00160.jpg,datasets_flow/dataset_cropped/10_Metas/28/12/20191028123800_00160.jpg,datasets_cloudmask/dataset_cropped/10_Metas/28/12/20191028123800_00160.png,323.1,16.7,311.7,17.7,963
10/28/2019 12:39,datasets/dataset_cropped/10_Metas/28/12/20191028123900_00160.jpg,datasets_flow/dataset_cropped/10_Metas/28/12/20191028123900_00160.jpg,datasets_cloudmask/dataset_cropped/10_Metas/28/12/20191028123900_00160.png,326.8,18.8,313.8,17.8,963
10/28/2019 12:40,datasets/dataset_cropped/10_Metas/28/12/20191028124000_00160.jpg,datasets_flow/dataset_cropped/10_Metas/28/12/20191028124000_00160.jpg,datasets_cloudmask/dataset_cropped/10_Metas/28/12/20191028124000_00160.png,331.3,23.8,315,17.9,963
10/28/2019 12:41,datasets/dataset_cropped/10_Metas/28/12/20191028124100_00160.jpg,datasets_flow/dataset_cropped/10_Metas/28/12/20191028124100_00160.jpg,datasets_cloudmask/dataset_cropped/10_Metas/28/12/20191028124100_00160.png,327.9,17.9,315.4,18,963
10/28/2019 12:42,datasets/dataset_cropped/10_Metas/28/12/20191028124200_00160.jpg,datasets_flow/dataset_cropped/10_Metas/28/12/20191028124200_00160.jpg,datasets_cloudmask/dataset_cropped/10_Metas/28/12/20191028124200_00160.png,327,16.6,315.4,18.1,963
10/28/2019 12:43,datasets/dataset_cropped/10_Metas/28/12/20191028124300_00160.jpg,datasets_flow/dataset_cropped/10_Metas/28/12/20191028124300_00160.jpg,datasets_cloudmask/dataset_cropped/10_Metas/28/12/20191028124300_00160.png,328,18.8,314.9,17.9,963
10/28/2019 12:44,datasets/dataset_cropped/10_Metas/28/12/20191028124400_00160.jpg,datasets_flow/dataset_cropped/10_Metas/28/12/20191028124400_00160.jpg,datasets_cloudmask/dataset_cropped/10_Metas/28/12/20191028124400_00160.png,323.9,13,314.7,17.7,963
10/28/2019 12:45,datasets/dataset_cropped/10_Metas/28/12/20191028124500_00160.jpg,datasets_flow/dataset_cropped/10_Metas/28/12/20191028124500_00160.jpg,datasets_cloudmask/dataset_cropped/10_Metas/28/12/20191028124500_00160.png,321.7,9.4,314.7,17.7,963
10/28/2019 12:46,datasets/dataset_cropped/10_Metas/28/12/20191028124600_00160.jpg,datasets_flow/dataset_cropped/10_Metas/28/12/20191028124600_00160.jpg,datasets_cloudmask/dataset_cropped/10_Metas/28/12/20191028124600_00160.png,323.2,9.8,315.9,17.8,963
10/28/2019 12:47,datasets/dataset_cropped/10_Metas/28/12/20191028124700_00160.jpg,datasets_flow/dataset_cropped/10_Metas/28/12/20191028124700_00160.jpg,datasets_cloudmask/dataset_cropped/10_Metas/28/12/20191028124700_00160.png,326.1,11.6,317.7,17.9,963
10/28/2019 12:48,datasets/dataset_cropped/10_Metas/28/12/20191028124800_00160.jpg,datasets_flow/dataset_cropped/10_Metas/28/12/20191028124800_00160.jpg,datasets_cloudmask/dataset_cropped/10_Metas/28/12/20191028124800_00160.png,332.3,18.2,319.5,17.9,962
10/28/2019 12:49,datasets/dataset_cropped/10_Metas/28/12/20191028124900_00160.jpg,datasets_flow/dataset_cropped/10_Metas/28/12/20191028124900_00160.jpg,datasets_cloudmask/dataset_cropped/10_Metas/28/12/20191028124900_00160.png,340.2,27.7,321.2,18,963
10/28/2019 12:50,datasets/dataset_cropped/10_Metas/28/12/20191028125000_00160.jpg,datasets_flow/dataset_cropped/10_Metas/28/12/20191028125000_00160.jpg,datasets_cloudmask/dataset_cropped/10_Metas/28/12/20191028125000_00160.png,336.5,18.6,323.2,18.1,962
10/28/2019 12:51,datasets/dataset_cropped/10_Metas/28/12/20191028125100_00160.jpg,datasets_flow/dataset_cropped/10_Metas/28/12/20191028125100_00160.jpg,datasets_cloudmask/dataset_cropped/10_Metas/28/12/20191028125100_00160.png,347,30.4,326,18.2,962
10/28/2019 12:52,datasets/dataset_cropped/10_Metas/28/12/20191028125200_00160.jpg,datasets_flow/dataset_cropped/10_Metas/28/12/20191028125200_00160.jpg,datasets_cloudmask/dataset_cropped/10_Metas/28/12/20191028125200_00160.png,355.2,39.7,328.3,18.2,962
10/28/2019 12:53,datasets/dataset_cropped/10_Metas/28/12/20191028125300_00160.jpg,datasets_flow/dataset_cropped/10_Metas/28/12/20191028125300_00160.jpg,datasets_cloudmask/dataset_cropped/10_Metas/28/12/20191028125300_00160.png,350.6,32.3,328.7,18,962
10/28/2019 12:54,datasets/dataset_cropped/10_Metas/28/12/20191028125400_00160.jpg,datasets_flow/dataset_cropped/10_Metas/28/12/20191028125400_00160.jpg,datasets_cloudmask/dataset_cropped/10_Metas/28/12/20191028125400_00160.png,339.9,16.1,328.7,17.9,962
10/28/2019 12:55,datasets/dataset_cropped/10_Metas/28/12/20191028125500_00160.jpg,datasets_flow/dataset_cropped/10_Metas/28/12/20191028125500_00160.jpg,datasets_cloudmask/dataset_cropped/10_Metas/28/12/20191028125500_00160.png,354.2,37.4,329,17.9,963
10/28/2019 12:56,datasets/dataset_cropped/10_Metas/28/12/20191028125600_00160.jpg,datasets_flow/dataset_cropped/10_Metas/28/12/20191028125600_00160.jpg,datasets_cloudmask/dataset_cropped/10_Metas/28/12/20191028125600_00160.png,359,44.5,329.5,18.1,962
10/28/2019 12:57,datasets/dataset_cropped/10_Metas/28/12/20191028125700_00160.jpg,datasets_flow/dataset_cropped/10_Metas/28/12/20191028125700_00160.jpg,datasets_cloudmask/dataset_cropped/10_Metas/28/12/20191028125700_00160.png,357.4,42.1,329.3,18.1,962
10/28/2019 12:58,datasets/dataset_cropped/10_Metas/28/12/20191028125800_00160.jpg,datasets_flow/dataset_cropped/10_Metas/28/12/20191028125800_00160.jpg,datasets_cloudmask/dataset_cropped/10_Metas/28/12/20191028125800_00160.png,362.9,50.9,329,18.2,963
10/28/2019 12:59,datasets/dataset_cropped/10_Metas/28/12/20191028125900_00160.jpg,datasets_flow/dataset_cropped/10_Metas/28/12/20191028125900_00160.jpg,datasets_cloudmask/dataset_cropped/10_Metas/28/12/20191028125900_00160.png,362.1,50.6,328.4,18.2,962
10/28/2019 13:00,datasets/dataset_cropped/10_Metas/28/13/20191028130000_00160.jpg,datasets_flow/dataset_cropped/10_Metas/28/13/20191028130000_00160.jpg,datasets_cloudmask/dataset_cropped/10_Metas/28/13/20191028130000_00160.png,345.1,26.4,327.3,18.3,962
10/28/2019 13:01,datasets/dataset_cropped/10_Metas/28/13/20191028130100_00160.jpg,datasets_flow/dataset_cropped/10_Metas/28/13/20191028130100_00160.jpg,datasets_cloudmask/dataset_cropped/10_Metas/28/13/20191028130100_00160.png,347,31.8,325.9,18.2,963
10/28/2019 13:02,datasets/dataset_cropped/10_Metas/28/13/20191028130200_00160.jpg,datasets_flow/dataset_cropped/10_Metas/28/13/20191028130200_00160.jpg,datasets_cloudmask/dataset_cropped/10_Metas/28/13/20191028130200_00160.png,354.4,44.4,324.9,18.3,962
10/28/2019 13:03,datasets/dataset_cropped/10_Metas/28/13/20191028130300_00160.jpg,datasets_flow/dataset_cropped/10_Metas/28/13/20191028130300_00160.jpg,datasets_cloudmask/dataset_cropped/10_Metas/28/13/20191028130300_00160.png,348.7,37.1,323.9,18.4,962
10/28/2019 13:04,datasets/dataset_cropped/10_Metas/28/13/20191028130400_00160.jpg,datasets_flow/dataset_cropped/10_Metas/28/13/20191028130400_00160.jpg,datasets_cloudmask/dataset_cropped/10_Metas/28/13/20191028130400_00160.png,356.9,51.1,322.7,18.2,962
10/28/2019 13:05,datasets/dataset_cropped/10_Metas/28/13/20191028130500_00160.jpg,datasets_flow/dataset_cropped/10_Metas/28/13/20191028130500_00160.jpg,datasets_cloudmask/dataset_cropped/10_Metas/28/13/20191028130500_00160.png,354.7,50.2,321.1,18.1,962
10/28/2019 13:06,datasets/dataset_cropped/10_Metas/28/13/20191028130600_00160.jpg,datasets_flow/dataset_cropped/10_Metas/28/13/20191028130600_00160.jpg,datasets_cloudmask/dataset_cropped/10_Metas/28/13/20191028130600_00160.png,333.8,21.7,318.7,18.1,962
10/28/2019 13:07,datasets/dataset_cropped/10_Metas/28/13/20191028130700_00160.jpg,datasets_flow/dataset_cropped/10_Metas/28/13/20191028130700_00160.jpg,datasets_cloudmask/dataset_cropped/10_Metas/28/13/20191028130700_00160.png,323.7,8.7,317,18,962
10/28/2019 13:08,datasets/dataset_cropped/10_Metas/28/13/20191028130800_00160.jpg,datasets_flow/dataset_cropped/10_Metas/28/13/20191028130800_00160.jpg,datasets_cloudmask/dataset_cropped/10_Metas/28/13/20191028130800_00160.png,325.3,12.8,316.1,18,962
10/28/2019 13:09,datasets/dataset_cropped/10_Metas/28/13/20191028130900_00160.jpg,datasets_flow/dataset_cropped/10_Metas/28/13/20191028130900_00160.jpg,datasets_cloudmask/dataset_cropped/10_Metas/28/13/20191028130900_00160.png,323.9,11.2,315.8,17.9,962
10/28/2019 13:10,datasets/dataset_cropped/10_Metas/28/13/20191028131000_00160.jpg,datasets_flow/dataset_cropped/10_Metas/28/13/20191028131000_00160.jpg,datasets_cloudmask/dataset_cropped/10_Metas/28/13/20191028131000_00160.png,332.8,24.6,316,17.8,962
10/28/2019 13:11,datasets/dataset_cropped/10_Metas/28/13/20191028131100_00160.jpg,datasets_flow/dataset_cropped/10_Metas/28/13/20191028131100_00160.jpg,datasets_cloudmask/dataset_cropped/10_Metas/28/13/20191028131100_00160.png,340.7,36.3,316.1,17.8,962
10/28/2019 13:12,datasets/dataset_cropped/10_Metas/28/13/20191028131200_00160.jpg,datasets_flow/dataset_cropped/10_Metas/28/13/20191028131200_00160.jpg,datasets_cloudmask/dataset_cropped/10_Metas/28/13/20191028131200_00160.png,332.5,24.5,315.5,17.8,962
10/28/2019 13:13,datasets/dataset_cropped/10_Metas/28/13/20191028131300_00160.jpg,datasets_flow/dataset_cropped/10_Metas/28/13/20191028131300_00160.jpg,datasets_cloudmask/dataset_cropped/10_Metas/28/13/20191028131300_00160.png,323.9,13.1,314.2,17.8,962
10/28/2019 13:14,datasets/dataset_cropped/10_Metas/28/13/20191028131400_00160.jpg,datasets_flow/dataset_cropped/10_Metas/28/13/20191028131400_00160.jpg,datasets_cloudmask/dataset_cropped/10_Metas/28/13/20191028131400_00160.png,322.5,12.4,313.3,17.9,962
10/28/2019 13:15,datasets/dataset_cropped/10_Metas/28/13/20191028131500_00160.jpg,datasets_flow/dataset_cropped/10_Metas/28/13/20191028131500_00160.jpg,datasets_cloudmask/dataset_cropped/10_Metas/28/13/20191028131500_00160.png,321.7,12.9,312.2,17.9,962
10/28/2019 13:16,datasets/dataset_cropped/10_Metas/28/13/20191028131600_00160.jpg,datasets_flow/dataset_cropped/10_Metas/28/13/20191028131600_00160.jpg,datasets_cloudmask/dataset_cropped/10_Metas/28/13/20191028131600_00160.png,319,10.1,311.5,17.8,962
10/28/2019 13:17,datasets/dataset_cropped/10_Metas/28/13/20191028131700_00160.jpg,datasets_flow/dataset_cropped/10_Metas/28/13/20191028131700_00160.jpg,datasets_cloudmask/dataset_cropped/10_Metas/28/13/20191028131700_00160.png,319.1,11.3,310.9,17.8,962
10/28/2019 13:18,datasets/dataset_cropped/10_Metas/28/13/20191028131800_00160.jpg,datasets_flow/dataset_cropped/10_Metas/28/13/20191028131800_00160.jpg,datasets_cloudmask/dataset_cropped/10_Metas/28/13/20191028131800_00160.png,319.4,12.2,310.8,17.8,962
10/28/2019 13:19,datasets/dataset_cropped/10_Metas/28/13/20191028131900_00160.jpg,datasets_flow/dataset_cropped/10_Metas/28/13/20191028131900_00160.jpg,datasets_cloudmask/dataset_cropped/10_Metas/28/13/20191028131900_00160.png,328.2,26.6,310.4,17.7,962
10/28/2019 13:20,datasets/dataset_cropped/10_Metas/28/13/20191028132000_00160.jpg,datasets_flow/dataset_cropped/10_Metas/28/13/20191028132000_00160.jpg,datasets_cloudmask/dataset_cropped/10_Metas/28/13/20191028132000_00160.png,337.4,42,309.8,17.8,962
10/28/2019 13:21,datasets/dataset_cropped/10_Metas/28/13/20191028132100_00160.jpg,datasets_flow/dataset_cropped/10_Metas/28/13/20191028132100_00160.jpg,datasets_cloudmask/dataset_cropped/10_Metas/28/13/20191028132100_00160.png,326.4,26.8,308.5,17.8,962
10/28/2019 13:22,datasets/dataset_cropped/10_Metas/28/13/20191028132200_00160.jpg,datasets_flow/dataset_cropped/10_Metas/28/13/20191028132200_00160.jpg,datasets_cloudmask/dataset_cropped/10_Metas/28/13/20191028132200_00160.png,324.5,28.2,306,17.8,962
10/28/2019 13:23,datasets/dataset_cropped/10_Metas/28/13/20191028132300_00160.jpg,datasets_flow/dataset_cropped/10_Metas/28/13/20191028132300_00160.jpg,datasets_cloudmask/dataset_cropped/10_Metas/28/13/20191028132300_00160.png,310.3,11.4,302.5,17.7,962
10/28/2019 13:24,datasets/dataset_cropped/10_Metas/28/13/20191028132400_00160.jpg,datasets_flow/dataset_cropped/10_Metas/28/13/20191028132400_00160.jpg,datasets_cloudmask/dataset_cropped/10_Metas/28/13/20191028132400_00160.png,304.6,7.7,299,17.8,962
10/28/2019 13:25,datasets/dataset_cropped/10_Metas/28/13/20191028132500_00160.jpg,datasets_flow/dataset_cropped/10_Metas/28/13/20191028132500_00160.jpg,datasets_cloudmask/dataset_cropped/10_Metas/28/13/20191028132500_00160.png,299.9,4.8,296.2,17.9,962
10/28/2019 13:26,datasets/dataset_cropped/10_Metas/28/13/20191028132600_00160.jpg,datasets_flow/dataset_cropped/10_Metas/28/13/20191028132600_00160.jpg,datasets_cloudmask/dataset_cropped/10_Metas/28/13/20191028132600_00160.png,295.6,1.7,293.9,18,962
10/28/2019 13:27,datasets/dataset_cropped/10_Metas/28/13/20191028132700_00160.jpg,datasets_flow/dataset_cropped/10_Metas/28/13/20191028132700_00160.jpg,datasets_cloudmask/dataset_cropped/10_Metas/28/13/20191028132700_00160.png,292.6,0.4,291.7,17.9,962
10/28/2019 13:28,datasets/dataset_cropped/10_Metas/28/13/20191028132800_00160.jpg,datasets_flow/dataset_cropped/10_Metas/28/13/20191028132800_00160.jpg,datasets_cloudmask/dataset_cropped/10_Metas/28/13/20191028132800_00160.png,290.3,0.4,289.7,17.8,962
10/28/2019 13:29,datasets/dataset_cropped/10_Metas/28/13/20191028132900_00160.jpg,datasets_flow/dataset_cropped/10_Metas/28/13/20191028132900_00160.jpg,datasets_cloudmask/dataset_cropped/10_Metas/28/13/20191028132900_00160.png,289.2,0.8,288.4,17.9,962
10/28/2019 13:30,datasets/dataset_cropped/10_Metas/28/13/20191028133000_00160.jpg,datasets_flow/dataset_cropped/10_Metas/28/13/20191028133000_00160.jpg,datasets_cloudmask/dataset_cropped/10_Metas/28/13/20191028133000_00160.png,291.7,4,288.9,17.8,962
10/28/2019 13:31,datasets/dataset_cropped/10_Metas/28/13/20191028133100_00160.jpg,datasets_flow/dataset_cropped/10_Metas/28/13/20191028133100_00160.jpg,datasets_cloudmask/dataset_cropped/10_Metas/28/13/20191028133100_00160.png,323.8,50,291.8,17.8,962
10/28/2019 13:32,datasets/dataset_cropped/10_Metas/28/13/20191028133200_00160.jpg,datasets_flow/dataset_cropped/10_Metas/28/13/20191028133200_00160.jpg,datasets_cloudmask/dataset_cropped/10_Metas/28/13/20191028133200_00160.png,363.6,106.1,295.4,17.8,962
10/28/2019 13:33,datasets/dataset_cropped/10_Metas/28/13/20191028133300_00160.jpg,datasets_flow/dataset_cropped/10_Metas/28/13/20191028133300_00160.jpg,datasets_cloudmask/dataset_cropped/10_Metas/28/13/20191028133300_00160.png,308.7,19.6,295.8,17.9,962
10/28/2019 13:34,datasets/dataset_cropped/10_Metas/28/13/20191028133400_00160.jpg,datasets_flow/dataset_cropped/10_Metas/28/13/20191028133400_00160.jpg,datasets_cloudmask/dataset_cropped/10_Metas/28/13/20191028133400_00160.png,297.4,4.8,294.1,17.9,962
10/28/2019 13:35,datasets/dataset_cropped/10_Metas/28/13/20191028133500_00160.jpg,datasets_flow/dataset_cropped/10_Metas/28/13/20191028133500_00160.jpg,datasets_cloudmask/dataset_cropped/10_Metas/28/13/20191028133500_00160.png,294.5,2.1,293,17.9,962
10/28/2019 13:36,datasets/dataset_cropped/10_Metas/28/13/20191028133600_00160.jpg,datasets_flow/dataset_cropped/10_Metas/28/13/20191028133600_00160.jpg,datasets_cloudmask/dataset_cropped/10_Metas/28/13/20191028133600_00160.png,293.9,1.7,292.5,17.9,962
10/28/2019 13:37,datasets/dataset_cropped/10_Metas/28/13/20191028133700_00160.jpg,datasets_flow/dataset_cropped/10_Metas/28/13/20191028133700_00160.jpg,datasets_cloudmask/dataset_cropped/10_Metas/28/13/20191028133700_00160.png,304.7,15.4,294.4,18,962
10/28/2019 13:38,datasets/dataset_cropped/10_Metas/28/13/20191028133800_00160.jpg,datasets_flow/dataset_cropped/10_Metas/28/13/20191028133800_00160.jpg,datasets_cloudmask/dataset_cropped/10_Metas/28/13/20191028133800_00160.png,362.8,98.9,299.6,18,962
10/28/2019 13:39,datasets/dataset_cropped/10_Metas/28/13/20191028133900_00160.jpg,datasets_flow/dataset_cropped/10_Metas/28/13/20191028133900_00160.jpg,datasets_cloudmask/dataset_cropped/10_Metas/28/13/20191028133900_00160.png,384.9,128.4,302.8,18,962
10/28/2019 13:40,datasets/dataset_cropped/10_Metas/28/13/20191028134000_00160.jpg,datasets_flow/dataset_cropped/10_Metas/28/13/20191028134000_00160.jpg,datasets_cloudmask/dataset_cropped/10_Metas/28/13/20191028134000_00160.png,354.2,84.9,300.1,18.3,962
10/28/2019 13:41,datasets/dataset_cropped/10_Metas/28/13/20191028134100_00160.jpg,datasets_flow/dataset_cropped/10_Metas/28/13/20191028134100_00160.jpg,datasets_cloudmask/dataset_cropped/10_Metas/28/13/20191028134100_00160.png,311.7,25.4,295.3,18.4,962
10/28/2019 13:42,datasets/dataset_cropped/10_Metas/28/13/20191028134200_00160.jpg,datasets_flow/dataset_cropped/10_Metas/28/13/20191028134200_00160.jpg,datasets_cloudmask/dataset_cropped/10_Metas/28/13/20191028134200_00160.png,295.1,5.5,291.5,18.3,962
10/28/2019 13:43,datasets/dataset_cropped/10_Metas/28/13/20191028134300_00160.jpg,datasets_flow/dataset_cropped/10_Metas/28/13/20191028134300_00160.jpg,datasets_cloudmask/dataset_cropped/10_Metas/28/13/20191028134300_00160.png,297.3,11.5,290,18.4,962
10/28/2019 13:44,datasets/dataset_cropped/10_Metas/28/13/20191028134400_00160.jpg,datasets_flow/dataset_cropped/10_Metas/28/13/20191028134400_00160.jpg,datasets_cloudmask/dataset_cropped/10_Metas/28/13/20191028134400_00160.png,324.1,51.8,291.1,18.4,962
10/28/2019 13:45,datasets/dataset_cropped/10_Metas/28/13/20191028134500_00160.jpg,datasets_flow/dataset_cropped/10_Metas/28/13/20191028134500_00160.jpg,datasets_cloudmask/dataset_cropped/10_Metas/28/13/20191028134500_00160.png,346.2,83.2,292.9,18.3,962
10/28/2019 13:46,datasets/dataset_cropped/10_Metas/28/13/20191028134600_00160.jpg,datasets_flow/dataset_cropped/10_Metas/28/13/20191028134600_00160.jpg,datasets_cloudmask/dataset_cropped/10_Metas/28/13/20191028134600_00160.png,303.9,16.8,292.4,18.2,962
10/28/2019 13:47,datasets/dataset_cropped/10_Metas/28/13/20191028134700_00160.jpg,datasets_flow/dataset_cropped/10_Metas/28/13/20191028134700_00160.jpg,datasets_cloudmask/dataset_cropped/10_Metas/28/13/20191028134700_00160.png,298.9,10.2,291.7,18.1,962
10/28/2019 13:48,datasets/dataset_cropped/10_Metas/28/13/20191028134800_00160.jpg,datasets_flow/dataset_cropped/10_Metas/28/13/20191028134800_00160.jpg,datasets_cloudmask/dataset_cropped/10_Metas/28/13/20191028134800_00160.png,314.4,34.2,292.2,18.2,962
10/28/2019 13:49,datasets/dataset_cropped/10_Metas/28/13/20191028134900_00160.jpg,datasets_flow/dataset_cropped/10_Metas/28/13/20191028134900_00160.jpg,datasets_cloudmask/dataset_cropped/10_Metas/28/13/20191028134900_00160.png,320.6,43.2,292.9,18.3,962
10/28/2019 13:50,datasets/dataset_cropped/10_Metas/28/13/20191028135000_00160.jpg,datasets_flow/dataset_cropped/10_Metas/28/13/20191028135000_00160.jpg,datasets_cloudmask/dataset_cropped/10_Metas/28/13/20191028135000_00160.png,317.7,37.2,293.7,18.4,962
10/28/2019 13:51,datasets/dataset_cropped/10_Metas/28/13/20191028135100_00160.jpg,datasets_flow/dataset_cropped/10_Metas/28/13/20191028135100_00160.jpg,datasets_cloudmask/dataset_cropped/10_Metas/28/13/20191028135100_00160.png,335.1,61.8,295.9,18.3,962
10/28/2019 13:52,datasets/dataset_cropped/10_Metas/28/13/20191028135200_00160.jpg,datasets_flow/dataset_cropped/10_Metas/28/13/20191028135200_00160.jpg,datasets_cloudmask/dataset_cropped/10_Metas/28/13/20191028135200_00160.png,373.8,117.4,299.9,18.3,962
10/28/2019 13:53,datasets/dataset_cropped/10_Metas/28/13/20191028135300_00160.jpg,datasets_flow/dataset_cropped/10_Metas/28/13/20191028135300_00160.jpg,datasets_cloudmask/dataset_cropped/10_Metas/28/13/20191028135300_00160.png,392.9,144.7,302.3,18.4,962
10/28/2019 13:54,datasets/dataset_cropped/10_Metas/28/13/20191028135400_00160.jpg,datasets_flow/dataset_cropped/10_Metas/28/13/20191028135400_00160.jpg,datasets_cloudmask/dataset_cropped/10_Metas/28/13/20191028135400_00160.png,369.6,110.6,300.4,18.4,962
10/28/2019 13:55,datasets/dataset_cropped/10_Metas/28/13/20191028135500_00160.jpg,datasets_flow/dataset_cropped/10_Metas/28/13/20191028135500_00160.jpg,datasets_cloudmask/dataset_cropped/10_Metas/28/13/20191028135500_00160.png,331.6,55.2,297.1,18.3,962
10/28/2019 13:56,datasets/dataset_cropped/10_Metas/28/13/20191028135600_00160.jpg,datasets_flow/dataset_cropped/10_Metas/28/13/20191028135600_00160.jpg,datasets_cloudmask/dataset_cropped/10_Metas/28/13/20191028135600_00160.png,323.5,45.1,295.2,18.5,962
10/28/2019 13:57,datasets/dataset_cropped/10_Metas/28/13/20191028135700_00160.jpg,datasets_flow/dataset_cropped/10_Metas/28/13/20191028135700_00160.jpg,datasets_cloudmask/dataset_cropped/10_Metas/28/13/20191028135700_00160.png,347.8,84.1,295.2,18.4,962
10/28/2019 13:58,datasets/dataset_cropped/10_Metas/28/13/20191028135800_00160.jpg,datasets_flow/dataset_cropped/10_Metas/28/13/20191028135800_00160.jpg,datasets_cloudmask/dataset_cropped/10_Metas/28/13/20191028135800_00160.png,393.9,155.3,297.2,18.4,962
10/28/2019 13:59,datasets/dataset_cropped/10_Metas/28/13/20191028135900_00160.jpg,datasets_flow/dataset_cropped/10_Metas/28/13/20191028135900_00160.jpg,datasets_cloudmask/dataset_cropped/10_Metas/28/13/20191028135900_00160.png,457,254.7,300,18.4,962
10/28/2019 14:00,datasets/dataset_cropped/10_Metas/28/14/20191028140000_00160.jpg,datasets_flow/dataset_cropped/10_Metas/28/14/20191028140000_00160.jpg,datasets_cloudmask/dataset_cropped/10_Metas/28/14/20191028140000_00160.png,590,469,303.3,18.4,962
10/28/2019 14:01,datasets/dataset_cropped/10_Metas/28/14/20191028140100_00160.jpg,datasets_flow/dataset_cropped/10_Metas/28/14/20191028140100_00160.jpg,datasets_cloudmask/dataset_cropped/10_Metas/28/14/20191028140100_00160.png,608.2,503.1,301.7,18.5,962
10/28/2019 14:02,datasets/dataset_cropped/10_Metas/28/14/20191028140200_00160.jpg,datasets_flow/dataset_cropped/10_Metas/28/14/20191028140200_00160.jpg,datasets_cloudmask/dataset_cropped/10_Metas/28/14/20191028140200_00160.png,649.1,576.7,298.7,18.6,962
10/28/2019 14:03,datasets/dataset_cropped/10_Metas/28/14/20191028140300_00160.jpg,datasets_flow/dataset_cropped/10_Metas/28/14/20191028140300_00160.jpg,datasets_cloudmask/dataset_cropped/10_Metas/28/14/20191028140300_00160.png,602.7,513.9,291.2,18.8,962
10/28/2019 14:04,datasets/dataset_cropped/10_Metas/28/14/20191028140400_00160.jpg,datasets_flow/dataset_cropped/10_Metas/28/14/20191028140400_00160.jpg,datasets_cloudmask/dataset_cropped/10_Metas/28/14/20191028140400_00160.png,693.3,671.5,287.2,18.8,962
10/28/2019 14:05,datasets/dataset_cropped/10_Metas/28/14/20191028140500_00160.jpg,datasets_flow/dataset_cropped/10_Metas/28/14/20191028140500_00160.jpg,datasets_cloudmask/dataset_cropped/10_Metas/28/14/20191028140500_00160.png,736.3,754.9,280.6,18.8,962
10/28/2019 14:06,datasets/dataset_cropped/10_Metas/28/14/20191028140600_00160.jpg,datasets_flow/dataset_cropped/10_Metas/28/14/20191028140600_00160.jpg,datasets_cloudmask/dataset_cropped/10_Metas/28/14/20191028140600_00160.png,762,813,272.6,18.8,962
10/28/2019 14:07,datasets/dataset_cropped/10_Metas/28/14/20191028140700_00160.jpg,datasets_flow/dataset_cropped/10_Metas/28/14/20191028140700_00160.jpg,datasets_cloudmask/dataset_cropped/10_Metas/28/14/20191028140700_00160.png,738.1,789.7,263.7,18.9,962
10/28/2019 14:08,datasets/dataset_cropped/10_Metas/28/14/20191028140800_00160.jpg,datasets_flow/dataset_cropped/10_Metas/28/14/20191028140800_00160.jpg,datasets_cloudmask/dataset_cropped/10_Metas/28/14/20191028140800_00160.png,697,739.5,254,19.1,962
10/28/2019 14:09,datasets/dataset_cropped/10_Metas/28/14/20191028140900_00160.jpg,datasets_flow/dataset_cropped/10_Metas/28/14/20191028140900_00160.jpg,datasets_cloudmask/dataset_cropped/10_Metas/28/14/20191028140900_00160.png,632.6,651.1,243.2,19.2,962
10/28/2019 14:10,datasets/dataset_cropped/10_Metas/28/14/20191028141000_00160.jpg,datasets_flow/dataset_cropped/10_Metas/28/14/20191028141000_00160.jpg,datasets_cloudmask/dataset_cropped/10_Metas/28/14/20191028141000_00160.png,537.5,512.7,231.1,19.3,962
10/28/2019 14:11,datasets/dataset_cropped/10_Metas/28/14/20191028141100_00160.jpg,datasets_flow/dataset_cropped/10_Metas/28/14/20191028141100_00160.jpg,datasets_cloudmask/dataset_cropped/10_Metas/28/14/20191028141100_00160.png,570.4,583.2,221.6,19.4,962
10/28/2019 14:12,datasets/dataset_cropped/10_Metas/28/14/20191028141200_00160.jpg,datasets_flow/dataset_cropped/10_Metas/28/14/20191028141200_00160.jpg,datasets_cloudmask/dataset_cropped/10_Metas/28/14/20191028141200_00160.png,631.9,701.8,213.5,19.3,962
10/28/2019 14:13,datasets/dataset_cropped/10_Metas/28/14/20191028141300_00160.jpg,datasets_flow/dataset_cropped/10_Metas/28/14/20191028141300_00160.jpg,datasets_cloudmask/dataset_cropped/10_Metas/28/14/20191028141300_00160.png,693.5,823,204.1,19.3,962
10/28/2019 14:14,datasets/dataset_cropped/10_Metas/28/14/20191028141400_00160.jpg,datasets_flow/dataset_cropped/10_Metas/28/14/20191028141400_00160.jpg,datasets_cloudmask/dataset_cropped/10_Metas/28/14/20191028141400_00160.png,704,861,193.2,19.4,962
10/28/2019 14:15,datasets/dataset_cropped/10_Metas/28/14/20191028141500_00160.jpg,datasets_flow/dataset_cropped/10_Metas/28/14/20191028141500_00160.jpg,datasets_cloudmask/dataset_cropped/10_Metas/28/14/20191028141500_00160.png,688.4,854,182.4,19.5,962
10/28/2019 14:16,datasets/dataset_cropped/10_Metas/28/14/20191028141600_00160.jpg,datasets_flow/dataset_cropped/10_Metas/28/14/20191028141600_00160.jpg,datasets_cloudmask/dataset_cropped/10_Metas/28/14/20191028141600_00160.png,682.3,861,173.3,19.7,962
10/28/2019 14:17,datasets/dataset_cropped/10_Metas/28/14/20191028141700_00160.jpg,datasets_flow/dataset_cropped/10_Metas/28/14/20191028141700_00160.jpg,datasets_cloudmask/dataset_cropped/10_Metas/28/14/20191028141700_00160.png,671.2,859,164.6,19.7,962
10/28/2019 14:18,datasets/dataset_cropped/10_Metas/28/14/20191028141800_00160.jpg,datasets_flow/dataset_cropped/10_Metas/28/14/20191028141800_00160.jpg,datasets_cloudmask/dataset_cropped/10_Metas/28/14/20191028141800_00160.png,661.7,858,156.6,19.8,962
10/28/2019 14:19,datasets/dataset_cropped/10_Metas/28/14/20191028141900_00160.jpg,datasets_flow/dataset_cropped/10_Metas/28/14/20191028141900_00160.jpg,datasets_cloudmask/dataset_cropped/10_Metas/28/14/20191028141900_00160.png,653.6,858,149.5,19.7,962
10/28/2019 14:20,datasets/dataset_cropped/10_Metas/28/14/20191028142000_00160.jpg,datasets_flow/dataset_cropped/10_Metas/28/14/20191028142000_00160.jpg,datasets_cloudmask/dataset_cropped/10_Metas/28/14/20191028142000_00160.png,646.5,858,143.2,19.6,962
10/28/2019 14:21,datasets/dataset_cropped/10_Metas/28/14/20191028142100_00160.jpg,datasets_flow/dataset_cropped/10_Metas/28/14/20191028142100_00160.jpg,datasets_cloudmask/dataset_cropped/10_Metas/28/14/20191028142100_00160.png,638.9,856,137.5,19.6,962
10/28/2019 14:22,datasets/dataset_cropped/10_Metas/28/14/20191028142200_00160.jpg,datasets_flow/dataset_cropped/10_Metas/28/14/20191028142200_00160.jpg,datasets_cloudmask/dataset_cropped/10_Metas/28/14/20191028142200_00160.png,634.1,858,132.8,19.9,961
10/28/2019 14:23,datasets/dataset_cropped/10_Metas/28/14/20191028142300_00160.jpg,datasets_flow/dataset_cropped/10_Metas/28/14/20191028142300_00160.jpg,datasets_cloudmask/dataset_cropped/10_Metas/28/14/20191028142300_00160.png,629,859,128.5,19.9,961
10/28/2019 14:24,datasets/dataset_cropped/10_Metas/28/14/20191028142400_00160.jpg,datasets_flow/dataset_cropped/10_Metas/28/14/20191028142400_00160.jpg,datasets_cloudmask/dataset_cropped/10_Metas/28/14/20191028142400_00160.png,624.2,860,124.3,20.1,961
10/28/2019 14:25,datasets/dataset_cropped/10_Metas/28/14/20191028142500_00160.jpg,datasets_flow/dataset_cropped/10_Metas/28/14/20191028142500_00160.jpg,datasets_cloudmask/dataset_cropped/10_Metas/28/14/20191028142500_00160.png,619.3,860,120.4,20.2,962
10/28/2019 14:26,datasets/dataset_cropped/10_Metas/28/14/20191028142600_00160.jpg,datasets_flow/dataset_cropped/10_Metas/28/14/20191028142600_00160.jpg,datasets_cloudmask/dataset_cropped/10_Metas/28/14/20191028142600_00160.png,614.9,859,117.2,20,962
10/28/2019 14:27,datasets/dataset_cropped/10_Metas/28/14/20191028142700_00160.jpg,datasets_flow/dataset_cropped/10_Metas/28/14/20191028142700_00160.jpg,datasets_cloudmask/dataset_cropped/10_Metas/28/14/20191028142700_00160.png,610.7,859,114.5,19.9,961
10/28/2019 14:28,datasets/dataset_cropped/10_Metas/28/14/20191028142800_00160.jpg,datasets_flow/dataset_cropped/10_Metas/28/14/20191028142800_00160.jpg,datasets_cloudmask/dataset_cropped/10_Metas/28/14/20191028142800_00160.png,605.9,856,111.9,19.7,962
10/28/2019 14:29,datasets/dataset_cropped/10_Metas/28/14/20191028142900_00160.jpg,datasets_flow/dataset_cropped/10_Metas/28/14/20191028142900_00160.jpg,datasets_cloudmask/dataset_cropped/10_Metas/28/14/20191028142900_00160.png,601.8,856,109.4,19.7,961
10/28/2019 14:30,datasets/dataset_cropped/10_Metas/28/14/20191028143000_00160.jpg,datasets_flow/dataset_cropped/10_Metas/28/14/20191028143000_00160.jpg,datasets_cloudmask/dataset_cropped/10_Metas/28/14/20191028143000_00160.png,598,855,107.3,19.9,961
10/28/2019 14:31,datasets/dataset_cropped/10_Metas/28/14/20191028143100_00160.jpg,datasets_flow/dataset_cropped/10_Metas/28/14/20191028143100_00160.jpg,datasets_cloudmask/dataset_cropped/10_Metas/28/14/20191028143100_00160.png,596.2,857,105.5,19.9,961
10/28/2019 14:32,datasets/dataset_cropped/10_Metas/28/14/20191028143200_00160.jpg,datasets_flow/dataset_cropped/10_Metas/28/14/20191028143200_00160.jpg,datasets_cloudmask/dataset_cropped/10_Metas/28/14/20191028143200_00160.png,594.1,858,103.9,19.8,961
10/28/2019 14:33,datasets/dataset_cropped/10_Metas/28/14/20191028143300_00160.jpg,datasets_flow/dataset_cropped/10_Metas/28/14/20191028143300_00160.jpg,datasets_cloudmask/dataset_cropped/10_Metas/28/14/20191028143300_00160.png,590,856,102.7,19.8,961
10/28/2019 14:34,datasets/dataset_cropped/10_Metas/28/14/20191028143400_00160.jpg,datasets_flow/dataset_cropped/10_Metas/28/14/20191028143400_00160.jpg,datasets_cloudmask/dataset_cropped/10_Metas/28/14/20191028143400_00160.png,587.1,856,101.3,19.8,961
10/28/2019 14:35,datasets/dataset_cropped/10_Metas/28/14/20191028143500_00160.jpg,datasets_flow/dataset_cropped/10_Metas/28/14/20191028143500_00160.jpg,datasets_cloudmask/dataset_cropped/10_Metas/28/14/20191028143500_00160.png,583.5,854,100.2,19.8,961
10/28/2019 14:36,datasets/dataset_cropped/10_Metas/28/14/20191028143600_00160.jpg,datasets_flow/dataset_cropped/10_Metas/28/14/20191028143600_00160.jpg,datasets_cloudmask/dataset_cropped/10_Metas/28/14/20191028143600_00160.png,579.5,851,98.9,19.8,961
10/28/2019 14:37,datasets/dataset_cropped/10_Metas/28/14/20191028143700_00160.jpg,datasets_flow/dataset_cropped/10_Metas/28/14/20191028143700_00160.jpg,datasets_cloudmask/dataset_cropped/10_Metas/28/14/20191028143700_00160.png,575.5,847,97.8,19.7,961
10/28/2019 14:38,datasets/dataset_cropped/10_Metas/28/14/20191028143800_00160.jpg,datasets_flow/dataset_cropped/10_Metas/28/14/20191028143800_00160.jpg,datasets_cloudmask/dataset_cropped/10_Metas/28/14/20191028143800_00160.png,574.2,849,97,19.9,961
10/28/2019 14:39,datasets/dataset_cropped/10_Metas/28/14/20191028143900_00160.jpg,datasets_flow/dataset_cropped/10_Metas/28/14/20191028143900_00160.jpg,datasets_cloudmask/dataset_cropped/10_Metas/28/14/20191028143900_00160.png,572.4,850,95.7,20,961
10/28/2019 14:40,datasets/dataset_cropped/10_Metas/28/14/20191028144000_00160.jpg,datasets_flow/dataset_cropped/10_Metas/28/14/20191028144000_00160.jpg,datasets_cloudmask/dataset_cropped/10_Metas/28/14/20191028144000_00160.png,569.8,849,94.8,20.1,961
10/28/2019 14:41,datasets/dataset_cropped/10_Metas/28/14/20191028144100_00160.jpg,datasets_flow/dataset_cropped/10_Metas/28/14/20191028144100_00160.jpg,datasets_cloudmask/dataset_cropped/10_Metas/28/14/20191028144100_00160.png,566.4,847,94.2,20.2,961
10/28/2019 14:42,datasets/dataset_cropped/10_Metas/28/14/20191028144200_00160.jpg,datasets_flow/dataset_cropped/10_Metas/28/14/20191028144200_00160.jpg,datasets_cloudmask/dataset_cropped/10_Metas/28/14/20191028144200_00160.png,562.6,843,94.1,20.2,961
10/28/2019 14:43,datasets/dataset_cropped/10_Metas/28/14/20191028144300_00160.jpg,datasets_flow/dataset_cropped/10_Metas/28/14/20191028144300_00160.jpg,datasets_cloudmask/dataset_cropped/10_Metas/28/14/20191028144300_00160.png,559.8,841,93.6,20.1,961
10/28/2019 14:44,datasets/dataset_cropped/10_Metas/28/14/20191028144400_00160.jpg,datasets_flow/dataset_cropped/10_Metas/28/14/20191028144400_00160.jpg,datasets_cloudmask/dataset_cropped/10_Metas/28/14/20191028144400_00160.png,557.7,840,92.8,20.2,961
10/28/2019 14:45,datasets/dataset_cropped/10_Metas/28/14/20191028144500_00160.jpg,datasets_flow/dataset_cropped/10_Metas/28/14/20191028144500_00160.jpg,datasets_cloudmask/dataset_cropped/10_Metas/28/14/20191028144500_00160.png,555.9,841,92.1,20.2,961
10/28/2019 14:46,datasets/dataset_cropped/10_Metas/28/14/20191028144600_00160.jpg,datasets_flow/dataset_cropped/10_Metas/28/14/20191028144600_00160.jpg,datasets_cloudmask/dataset_cropped/10_Metas/28/14/20191028144600_00160.png,553.5,841,91.5,20.2,961
10/28/2019 14:47,datasets/dataset_cropped/10_Metas/28/14/20191028144700_00160.jpg,datasets_flow/dataset_cropped/10_Metas/28/14/20191028144700_00160.jpg,datasets_cloudmask/dataset_cropped/10_Metas/28/14/20191028144700_00160.png,550.6,840,90.6,20.2,961
10/28/2019 14:48,datasets/dataset_cropped/10_Metas/28/14/20191028144800_00160.jpg,datasets_flow/dataset_cropped/10_Metas/28/14/20191028144800_00160.jpg,datasets_cloudmask/dataset_cropped/10_Metas/28/14/20191028144800_00160.png,548.8,840,90,20.1,961
10/28/2019 14:49,datasets/dataset_cropped/10_Metas/28/14/20191028144900_00160.jpg,datasets_flow/dataset_cropped/10_Metas/28/14/20191028144900_00160.jpg,datasets_cloudmask/dataset_cropped/10_Metas/28/14/20191028144900_00160.png,546.8,840,89.1,20,961
10/28/2019 14:50,datasets/dataset_cropped/10_Metas/28/14/20191028145000_00160.jpg,datasets_flow/dataset_cropped/10_Metas/28/14/20191028145000_00160.jpg,datasets_cloudmask/dataset_cropped/10_Metas/28/14/20191028145000_00160.png,545.3,841,88.4,20.1,961
10/28/2019 14:51,datasets/dataset_cropped/10_Metas/28/14/20191028145100_00160.jpg,datasets_flow/dataset_cropped/10_Metas/28/14/20191028145100_00160.jpg,datasets_cloudmask/dataset_cropped/10_Metas/28/14/20191028145100_00160.png,543.2,841,88,20.1,961
10/28/2019 14:52,datasets/dataset_cropped/10_Metas/28/14/20191028145200_00160.jpg,datasets_flow/dataset_cropped/10_Metas/28/14/20191028145200_00160.jpg,datasets_cloudmask/dataset_cropped/10_Metas/28/14/20191028145200_00160.png,540.5,840,87.7,20.2,961
10/28/2019 14:53,datasets/dataset_cropped/10_Metas/28/14/20191028145300_00160.jpg,datasets_flow/dataset_cropped/10_Metas/28/14/20191028145300_00160.jpg,datasets_cloudmask/dataset_cropped/10_Metas/28/14/20191028145300_00160.png,537.9,839,86.7,20.2,961
10/28/2019 14:54,datasets/dataset_cropped/10_Metas/28/14/20191028145400_00160.jpg,datasets_flow/dataset_cropped/10_Metas/28/14/20191028145400_00160.jpg,datasets_cloudmask/dataset_cropped/10_Metas/28/14/20191028145400_00160.png,535.7,839,86.2,20.1,961
10/28/2019 14:55,datasets/dataset_cropped/10_Metas/28/14/20191028145500_00160.jpg,datasets_flow/dataset_cropped/10_Metas/28/14/20191028145500_00160.jpg,datasets_cloudmask/dataset_cropped/10_Metas/28/14/20191028145500_00160.png,533.2,837,86.1,20.2,961
10/28/2019 14:56,datasets/dataset_cropped/10_Metas/28/14/20191028145600_00160.jpg,datasets_flow/dataset_cropped/10_Metas/28/14/20191028145600_00160.jpg,datasets_cloudmask/dataset_cropped/10_Metas/28/14/20191028145600_00160.png,531.3,838,85.3,20.3,961
10/28/2019 14:57,datasets/dataset_cropped/10_Metas/28/14/20191028145700_00160.jpg,datasets_flow/dataset_cropped/10_Metas/28/14/20191028145700_00160.jpg,datasets_cloudmask/dataset_cropped/10_Metas/28/14/20191028145700_00160.png,529.1,837,84.6,20.3,961
10/28/2019 14:58,datasets/dataset_cropped/10_Metas/28/14/20191028145800_00160.jpg,datasets_flow/dataset_cropped/10_Metas/28/14/20191028145800_00160.jpg,datasets_cloudmask/dataset_cropped/10_Metas/28/14/20191028145800_00160.png,526.5,835,84.1,20.3,961
10/28/2019 14:59,datasets/dataset_cropped/10_Metas/28/14/20191028145900_00160.jpg,datasets_flow/dataset_cropped/10_Metas/28/14/20191028145900_00160.jpg,datasets_cloudmask/dataset_cropped/10_Metas/28/14/20191028145900_00160.png,523.9,833,83.9,20.4,961
10/28/2019 15:00,datasets/dataset_cropped/10_Metas/28/15/20191028150000_00160.jpg,datasets_flow/dataset_cropped/10_Metas/28/15/20191028150000_00160.jpg,datasets_cloudmask/dataset_cropped/10_Metas/28/15/20191028150000_00160.png,521.6,831,83.9,20.5,961
10/28/2019 15:01,datasets/dataset_cropped/10_Metas/28/15/20191028150100_00160.jpg,datasets_flow/dataset_cropped/10_Metas/28/15/20191028150100_00160.jpg,datasets_cloudmask/dataset_cropped/10_Metas/28/15/20191028150100_00160.png,520.2,831,83.9,20.4,961
10/28/2019 15:02,datasets/dataset_cropped/10_Metas/28/15/20191028150200_00160.jpg,datasets_flow/dataset_cropped/10_Metas/28/15/20191028150200_00160.jpg,datasets_cloudmask/dataset_cropped/10_Metas/28/15/20191028150200_00160.png,518,831,83.3,20.4,961
10/28/2019 15:03,datasets/dataset_cropped/10_Metas/28/15/20191028150300_00160.jpg,datasets_flow/dataset_cropped/10_Metas/28/15/20191028150300_00160.jpg,datasets_cloudmask/dataset_cropped/10_Metas/28/15/20191028150300_00160.png,515.6,831,82.7,20.4,961
10/28/2019 15:04,datasets/dataset_cropped/10_Metas/28/15/20191028150400_00160.jpg,datasets_flow/dataset_cropped/10_Metas/28/15/20191028150400_00160.jpg,datasets_cloudmask/dataset_cropped/10_Metas/28/15/20191028150400_00160.png,513.3,830,82.2,20.5,961
10/28/2019 15:05,datasets/dataset_cropped/10_Metas/28/15/20191028150500_00160.jpg,datasets_flow/dataset_cropped/10_Metas/28/15/20191028150500_00160.jpg,datasets_cloudmask/dataset_cropped/10_Metas/28/15/20191028150500_00160.png,511.1,830,81.7,20.4,961
10/28/2019 15:06,datasets/dataset_cropped/10_Metas/28/15/20191028150600_00160.jpg,datasets_flow/dataset_cropped/10_Metas/28/15/20191028150600_00160.jpg,datasets_cloudmask/dataset_cropped/10_Metas/28/15/20191028150600_00160.png,508.4,829,81.1,20.4,961
10/28/2019 15:07,datasets/dataset_cropped/10_Metas/28/15/20191028150700_00160.jpg,datasets_flow/dataset_cropped/10_Metas/28/15/20191028150700_00160.jpg,datasets_cloudmask/dataset_cropped/10_Metas/28/15/20191028150700_00160.png,506.4,828,80.8,20.4,961
10/28/2019 15:08,datasets/dataset_cropped/10_Metas/28/15/20191028150800_00160.jpg,datasets_flow/dataset_cropped/10_Metas/28/15/20191028150800_00160.jpg,datasets_cloudmask/dataset_cropped/10_Metas/28/15/20191028150800_00160.png,503.9,827,80.7,20.4,961
10/28/2019 15:09,datasets/dataset_cropped/10_Metas/28/15/20191028150900_00160.jpg,datasets_flow/dataset_cropped/10_Metas/28/15/20191028150900_00160.jpg,datasets_cloudmask/dataset_cropped/10_Metas/28/15/20191028150900_00160.png,500.9,824,80.5,20.5,961
10/28/2019 15:10,datasets/dataset_cropped/10_Metas/28/15/20191028151000_00160.jpg,datasets_flow/dataset_cropped/10_Metas/28/15/20191028151000_00160.jpg,datasets_cloudmask/dataset_cropped/10_Metas/28/15/20191028151000_00160.png,498.2,822,80.4,20.6,961
10/28/2019 15:11,datasets/dataset_cropped/10_Metas/28/15/20191028151100_00160.jpg,datasets_flow/dataset_cropped/10_Metas/28/15/20191028151100_00160.jpg,datasets_cloudmask/dataset_cropped/10_Metas/28/15/20191028151100_00160.png,496,821,80.5,20.6,961
10/28/2019 15:12,datasets/dataset_cropped/10_Metas/28/15/20191028151200_00160.jpg,datasets_flow/dataset_cropped/10_Metas/28/15/20191028151200_00160.jpg,datasets_cloudmask/dataset_cropped/10_Metas/28/15/20191028151200_00160.png,493.8,820,80.6,20.7,961
10/28/2019 15:13,datasets/dataset_cropped/10_Metas/28/15/20191028151300_00160.jpg,datasets_flow/dataset_cropped/10_Metas/28/15/20191028151300_00160.jpg,datasets_cloudmask/dataset_cropped/10_Metas/28/15/20191028151300_00160.png,491.5,819,80.6,20.8,961
10/28/2019 15:14,datasets/dataset_cropped/10_Metas/28/15/20191028151400_00160.jpg,datasets_flow/dataset_cropped/10_Metas/28/15/20191028151400_00160.jpg,datasets_cloudmask/dataset_cropped/10_Metas/28/15/20191028151400_00160.png,489.1,818,80.1,20.8,961
10/28/2019 15:15,datasets/dataset_cropped/10_Metas/28/15/20191028151500_00160.jpg,datasets_flow/dataset_cropped/10_Metas/28/15/20191028151500_00160.jpg,datasets_cloudmask/dataset_cropped/10_Metas/28/15/20191028151500_00160.png,486.7,817,79.5,20.7,961
10/28/2019 15:16,datasets/dataset_cropped/10_Metas/28/15/20191028151600_00160.jpg,datasets_flow/dataset_cropped/10_Metas/28/15/20191028151600_00160.jpg,datasets_cloudmask/dataset_cropped/10_Metas/28/15/20191028151600_00160.png,484.2,815,79.2,20.6,961
10/28/2019 15:17,datasets/dataset_cropped/10_Metas/28/15/20191028151700_00160.jpg,datasets_flow/dataset_cropped/10_Metas/28/15/20191028151700_00160.jpg,datasets_cloudmask/dataset_cropped/10_Metas/28/15/20191028151700_00160.png,481.9,814,79,20.6,961
10/28/2019 15:18,datasets/dataset_cropped/10_Metas/28/15/20191028151800_00160.jpg,datasets_flow/dataset_cropped/10_Metas/28/15/20191028151800_00160.jpg,datasets_cloudmask/dataset_cropped/10_Metas/28/15/20191028151800_00160.png,479.6,813,78.9,20.6,961
10/28/2019 15:19,datasets/dataset_cropped/10_Metas/28/15/20191028151900_00160.jpg,datasets_flow/dataset_cropped/10_Metas/28/15/20191028151900_00160.jpg,datasets_cloudmask/dataset_cropped/10_Metas/28/15/20191028151900_00160.png,478,813,78.9,20.7,961
10/28/2019 15:20,datasets/dataset_cropped/10_Metas/28/15/20191028152000_00160.jpg,datasets_flow/dataset_cropped/10_Metas/28/15/20191028152000_00160.jpg,datasets_cloudmask/dataset_cropped/10_Metas/28/15/20191028152000_00160.png,476,813,78.5,20.7,961
10/28/2019 15:21,datasets/dataset_cropped/10_Metas/28/15/20191028152100_00160.jpg,datasets_flow/dataset_cropped/10_Metas/28/15/20191028152100_00160.jpg,datasets_cloudmask/dataset_cropped/10_Metas/28/15/20191028152100_00160.png,473.6,813,78.1,20.7,961
10/28/2019 15:22,datasets/dataset_cropped/10_Metas/28/15/20191028152200_00160.jpg,datasets_flow/dataset_cropped/10_Metas/28/15/20191028152200_00160.jpg,datasets_cloudmask/dataset_cropped/10_Metas/28/15/20191028152200_00160.png,470.7,811,77.7,20.7,961
10/28/2019 15:23,datasets/dataset_cropped/10_Metas/28/15/20191028152300_00160.jpg,datasets_flow/dataset_cropped/10_Metas/28/15/20191028152300_00160.jpg,datasets_cloudmask/dataset_cropped/10_Metas/28/15/20191028152300_00160.png,468.4,811,77.2,20.8,961
10/28/2019 15:24,datasets/dataset_cropped/10_Metas/28/15/20191028152400_00160.jpg,datasets_flow/dataset_cropped/10_Metas/28/15/20191028152400_00160.jpg,datasets_cloudmask/dataset_cropped/10_Metas/28/15/20191028152400_00160.png,465.6,809,77,20.7,961
10/28/2019 15:25,datasets/dataset_cropped/10_Metas/28/15/20191028152500_00160.jpg,datasets_flow/dataset_cropped/10_Metas/28/15/20191028152500_00160.jpg,datasets_cloudmask/dataset_cropped/10_Metas/28/15/20191028152500_00160.png,463,807,76.6,20.6,961
10/28/2019 15:26,datasets/dataset_cropped/10_Metas/28/15/20191028152600_00160.jpg,datasets_flow/dataset_cropped/10_Metas/28/15/20191028152600_00160.jpg,datasets_cloudmask/dataset_cropped/10_Metas/28/15/20191028152600_00160.png,461.4,807,76.7,20.8,961
10/28/2019 15:27,datasets/dataset_cropped/10_Metas/28/15/20191028152700_00160.jpg,datasets_flow/dataset_cropped/10_Metas/28/15/20191028152700_00160.jpg,datasets_cloudmask/dataset_cropped/10_Metas/28/15/20191028152700_00160.png,459.4,808,76.5,20.8,961
10/28/2019 15:28,datasets/dataset_cropped/10_Metas/28/15/20191028152800_00160.jpg,datasets_flow/dataset_cropped/10_Metas/28/15/20191028152800_00160.jpg,datasets_cloudmask/dataset_cropped/10_Metas/28/15/20191028152800_00160.png,456.5,806,76,20.9,961
10/28/2019 15:29,datasets/dataset_cropped/10_Metas/28/15/20191028152900_00160.jpg,datasets_flow/dataset_cropped/10_Metas/28/15/20191028152900_00160.jpg,datasets_cloudmask/dataset_cropped/10_Metas/28/15/20191028152900_00160.png,454.2,805,75.8,21,961
10/28/2019 15:30,datasets/dataset_cropped/10_Metas/28/15/20191028153000_00160.jpg,datasets_flow/dataset_cropped/10_Metas/28/15/20191028153000_00160.jpg,datasets_cloudmask/dataset_cropped/10_Metas/28/15/20191028153000_00160.png,451.6,804,75.6,21,961
10/28/2019 15:31,datasets/dataset_cropped/10_Metas/28/15/20191028153100_00160.jpg,datasets_flow/dataset_cropped/10_Metas/28/15/20191028153100_00160.jpg,datasets_cloudmask/dataset_cropped/10_Metas/28/15/20191028153100_00160.png,449.3,803,75.4,21,961
10/28/2019 15:32,datasets/dataset_cropped/10_Metas/28/15/20191028153200_00160.jpg,datasets_flow/dataset_cropped/10_Metas/28/15/20191028153200_00160.jpg,datasets_cloudmask/dataset_cropped/10_Metas/28/15/20191028153200_00160.png,447,803,75.1,20.9,961
10/28/2019 15:33,datasets/dataset_cropped/10_Metas/28/15/20191028153300_00160.jpg,datasets_flow/dataset_cropped/10_Metas/28/15/20191028153300_00160.jpg,datasets_cloudmask/dataset_cropped/10_Metas/28/15/20191028153300_00160.png,444.6,802,75,20.9,961
10/28/2019 15:34,datasets/dataset_cropped/10_Metas/28/15/20191028153400_00160.jpg,datasets_flow/dataset_cropped/10_Metas/28/15/20191028153400_00160.jpg,datasets_cloudmask/dataset_cropped/10_Metas/28/15/20191028153400_00160.png,441.9,801,74.5,21.1,961
10/28/2019 15:35,datasets/dataset_cropped/10_Metas/28/15/20191028153500_00160.jpg,datasets_flow/dataset_cropped/10_Metas/28/15/20191028153500_00160.jpg,datasets_cloudmask/dataset_cropped/10_Metas/28/15/20191028153500_00160.png,439.2,798.8,74.2,21.2,961
10/28/2019 15:36,datasets/dataset_cropped/10_Metas/28/15/20191028153600_00160.jpg,datasets_flow/dataset_cropped/10_Metas/28/15/20191028153600_00160.jpg,datasets_cloudmask/dataset_cropped/10_Metas/28/15/20191028153600_00160.png,436.7,797.5,74.3,21.2,961
10/28/2019 15:37,datasets/dataset_cropped/10_Metas/28/15/20191028153700_00160.jpg,datasets_flow/dataset_cropped/10_Metas/28/15/20191028153700_00160.jpg,datasets_cloudmask/dataset_cropped/10_Metas/28/15/20191028153700_00160.png,433.7,795.2,74.2,21.1,961
10/28/2019 15:38,datasets/dataset_cropped/10_Metas/28/15/20191028153800_00160.jpg,datasets_flow/dataset_cropped/10_Metas/28/15/20191028153800_00160.jpg,datasets_cloudmask/dataset_cropped/10_Metas/28/15/20191028153800_00160.png,430.6,792.9,73.8,21,961
10/28/2019 15:39,datasets/dataset_cropped/10_Metas/28/15/20191028153900_00160.jpg,datasets_flow/dataset_cropped/10_Metas/28/15/20191028153900_00160.jpg,datasets_cloudmask/dataset_cropped/10_Metas/28/15/20191028153900_00160.png,428,791,73.6,21.1,961
10/28/2019 15:40,datasets/dataset_cropped/10_Metas/28/15/20191028154000_00160.jpg,datasets_flow/dataset_cropped/10_Metas/28/15/20191028154000_00160.jpg,datasets_cloudmask/dataset_cropped/10_Metas/28/15/20191028154000_00160.png,425.7,789.9,73.7,21.3,961
10/28/2019 15:41,datasets/dataset_cropped/10_Metas/28/15/20191028154100_00160.jpg,datasets_flow/dataset_cropped/10_Metas/28/15/20191028154100_00160.jpg,datasets_cloudmask/dataset_cropped/10_Metas/28/15/20191028154100_00160.png,423.2,788.6,73.6,21.5,961
10/28/2019 15:42,datasets/dataset_cropped/10_Metas/28/15/20191028154200_00160.jpg,datasets_flow/dataset_cropped/10_Metas/28/15/20191028154200_00160.jpg,datasets_cloudmask/dataset_cropped/10_Metas/28/15/20191028154200_00160.png,420.7,787.8,73.4,21.6,961
10/28/2019 15:43,datasets/dataset_cropped/10_Metas/28/15/20191028154300_00160.jpg,datasets_flow/dataset_cropped/10_Metas/28/15/20191028154300_00160.jpg,datasets_cloudmask/dataset_cropped/10_Metas/28/15/20191028154300_00160.png,418,786.5,73.2,21.6,961
10/28/2019 15:44,datasets/dataset_cropped/10_Metas/28/15/20191028154400_00160.jpg,datasets_flow/dataset_cropped/10_Metas/28/15/20191028154400_00160.jpg,datasets_cloudmask/dataset_cropped/10_Metas/28/15/20191028154400_00160.png,415.4,785.2,72.9,21.6,961
10/28/2019 15:45,datasets/dataset_cropped/10_Metas/28/15/20191028154500_00160.jpg,datasets_flow/dataset_cropped/10_Metas/28/15/20191028154500_00160.jpg,datasets_cloudmask/dataset_cropped/10_Metas/28/15/20191028154500_00160.png,412.7,783.9,72.7,21.6,961
10/28/2019 15:46,datasets/dataset_cropped/10_Metas/28/15/20191028154600_00160.jpg,datasets_flow/dataset_cropped/10_Metas/28/15/20191028154600_00160.jpg,datasets_cloudmask/dataset_cropped/10_Metas/28/15/20191028154600_00160.png,409.7,781.1,72.5,21.5,961
10/28/2019 15:47,datasets/dataset_cropped/10_Metas/28/15/20191028154700_00160.jpg,datasets_flow/dataset_cropped/10_Metas/28/15/20191028154700_00160.jpg,datasets_cloudmask/dataset_cropped/10_Metas/28/15/20191028154700_00160.png,406.6,778.1,72.5,21.8,961
10/28/2019 15:48,datasets/dataset_cropped/10_Metas/28/15/20191028154800_00160.jpg,datasets_flow/dataset_cropped/10_Metas/28/15/20191028154800_00160.jpg,datasets_cloudmask/dataset_cropped/10_Metas/28/15/20191028154800_00160.png,404.1,776.5,72.3,21.9,961
10/28/2019 15:49,datasets/dataset_cropped/10_Metas/28/15/20191028154900_00160.jpg,datasets_flow/dataset_cropped/10_Metas/28/15/20191028154900_00160.jpg,datasets_cloudmask/dataset_cropped/10_Metas/28/15/20191028154900_00160.png,401.3,774.6,72,22,961
10/28/2019 15:50,datasets/dataset_cropped/10_Metas/28/15/20191028155000_00160.jpg,datasets_flow/dataset_cropped/10_Metas/28/15/20191028155000_00160.jpg,datasets_cloudmask/dataset_cropped/10_Metas/28/15/20191028155000_00160.png,398.2,771.8,71.8,21.9,961
10/28/2019 15:51,datasets/dataset_cropped/10_Metas/28/15/20191028155100_00160.jpg,datasets_flow/dataset_cropped/10_Metas/28/15/20191028155100_00160.jpg,datasets_cloudmask/dataset_cropped/10_Metas/28/15/20191028155100_00160.png,395.4,769.8,71.6,21.6,961
10/28/2019 15:52,datasets/dataset_cropped/10_Metas/28/15/20191028155200_00160.jpg,datasets_flow/dataset_cropped/10_Metas/28/15/20191028155200_00160.jpg,datasets_cloudmask/dataset_cropped/10_Metas/28/15/20191028155200_00160.png,392.7,767.9,71.3,21.4,961
10/28/2019 15:53,datasets/dataset_cropped/10_Metas/28/15/20191028155300_00160.jpg,datasets_flow/dataset_cropped/10_Metas/28/15/20191028155300_00160.jpg,datasets_cloudmask/dataset_cropped/10_Metas/28/15/20191028155300_00160.png,390.5,767.3,71.3,21.4,961
10/28/2019 15:54,datasets/dataset_cropped/10_Metas/28/15/20191028155400_00160.jpg,datasets_flow/dataset_cropped/10_Metas/28/15/20191028155400_00160.jpg,datasets_cloudmask/dataset_cropped/10_Metas/28/15/20191028155400_00160.png,387.5,765.5,71,21.4,961
10/28/2019 15:55,datasets/dataset_cropped/10_Metas/28/15/20191028155500_00160.jpg,datasets_flow/dataset_cropped/10_Metas/28/15/20191028155500_00160.jpg,datasets_cloudmask/dataset_cropped/10_Metas/28/15/20191028155500_00160.png,385,764.4,71,21.2,961
10/28/2019 15:56,datasets/dataset_cropped/10_Metas/28/15/20191028155600_00160.jpg,datasets_flow/dataset_cropped/10_Metas/28/15/20191028155600_00160.jpg,datasets_cloudmask/dataset_cropped/10_Metas/28/15/20191028155600_00160.png,382.3,762.9,70.7,21.2,961
10/28/2019 15:57,datasets/dataset_cropped/10_Metas/28/15/20191028155700_00160.jpg,datasets_flow/dataset_cropped/10_Metas/28/15/20191028155700_00160.jpg,datasets_cloudmask/dataset_cropped/10_Metas/28/15/20191028155700_00160.png,378.8,759.1,70.5,21.1,961
10/28/2019 15:58,datasets/dataset_cropped/10_Metas/28/15/20191028155800_00160.jpg,datasets_flow/dataset_cropped/10_Metas/28/15/20191028155800_00160.jpg,datasets_cloudmask/dataset_cropped/10_Metas/28/15/20191028155800_00160.png,375.2,754.8,70.4,21.2,961
10/28/2019 15:59,datasets/dataset_cropped/10_Metas/28/15/20191028155900_00160.jpg,datasets_flow/dataset_cropped/10_Metas/28/15/20191028155900_00160.jpg,datasets_cloudmask/dataset_cropped/10_Metas/28/15/20191028155900_00160.png,372.8,754,70.3,21.3,961
10/28/2019 16:00,datasets/dataset_cropped/10_Metas/28/16/20191028160000_00160.jpg,datasets_flow/dataset_cropped/10_Metas/28/16/20191028160000_00160.jpg,datasets_cloudmask/dataset_cropped/10_Metas/28/16/20191028160000_00160.png,370.8,753.9,70,21.5,961
10/28/2019 16:01,datasets/dataset_cropped/10_Metas/28/16/20191028160100_00160.jpg,datasets_flow/dataset_cropped/10_Metas/28/16/20191028160100_00160.jpg,datasets_cloudmask/dataset_cropped/10_Metas/28/16/20191028160100_00160.png,367.8,751.7,69.8,21.4,961
10/28/2019 16:02,datasets/dataset_cropped/10_Metas/28/16/20191028160200_00160.jpg,datasets_flow/dataset_cropped/10_Metas/28/16/20191028160200_00160.jpg,datasets_cloudmask/dataset_cropped/10_Metas/28/16/20191028160200_00160.png,365.3,750.8,69.5,21.4,961
10/28/2019 16:03,datasets/dataset_cropped/10_Metas/28/16/20191028160300_00160.jpg,datasets_flow/dataset_cropped/10_Metas/28/16/20191028160300_00160.jpg,datasets_cloudmask/dataset_cropped/10_Metas/28/16/20191028160300_00160.png,362.8,749.9,69.5,21.5,961
10/28/2019 16:04,datasets/dataset_cropped/10_Metas/28/16/20191028160400_00160.jpg,datasets_flow/dataset_cropped/10_Metas/28/16/20191028160400_00160.jpg,datasets_cloudmask/dataset_cropped/10_Metas/28/16/20191028160400_00160.png,360.5,749.7,69.3,21.6,961
10/28/2019 16:05,datasets/dataset_cropped/10_Metas/28/16/20191028160500_00160.jpg,datasets_flow/dataset_cropped/10_Metas/28/16/20191028160500_00160.jpg,datasets_cloudmask/dataset_cropped/10_Metas/28/16/20191028160500_00160.png,357.4,747.4,69,21.5,961
10/28/2019 16:06,datasets/dataset_cropped/10_Metas/28/16/20191028160600_00160.jpg,datasets_flow/dataset_cropped/10_Metas/28/16/20191028160600_00160.jpg,datasets_cloudmask/dataset_cropped/10_Metas/28/16/20191028160600_00160.png,353.8,743.5,68.5,21.4,961
10/28/2019 16:07,datasets/dataset_cropped/10_Metas/28/16/20191028160700_00160.jpg,datasets_flow/dataset_cropped/10_Metas/28/16/20191028160700_00160.jpg,datasets_cloudmask/dataset_cropped/10_Metas/28/16/20191028160700_00160.png,350.1,738.6,68.3,21.4,961
10/28/2019 16:08,datasets/dataset_cropped/10_Metas/28/16/20191028160800_00160.jpg,datasets_flow/dataset_cropped/10_Metas/28/16/20191028160800_00160.jpg,datasets_cloudmask/dataset_cropped/10_Metas/28/16/20191028160800_00160.png,346.8,734.9,68.3,21.3,961
10/28/2019 16:09,datasets/dataset_cropped/10_Metas/28/16/20191028160900_00160.jpg,datasets_flow/dataset_cropped/10_Metas/28/16/20191028160900_00160.jpg,datasets_cloudmask/dataset_cropped/10_Metas/28/16/20191028160900_00160.png,344.2,733.4,68.1,21.4,961
10/28/2019 16:10,datasets/dataset_cropped/10_Metas/28/16/20191028161000_00160.jpg,datasets_flow/dataset_cropped/10_Metas/28/16/20191028161000_00160.jpg,datasets_cloudmask/dataset_cropped/10_Metas/28/16/20191028161000_00160.png,342,732.5,68.1,21.6,961
10/28/2019 16:11,datasets/dataset_cropped/10_Metas/28/16/20191028161100_00160.jpg,datasets_flow/dataset_cropped/10_Metas/28/16/20191028161100_00160.jpg,datasets_cloudmask/dataset_cropped/10_Metas/28/16/20191028161100_00160.png,339.1,730.3,67.9,21.6,961
10/28/2019 16:12,datasets/dataset_cropped/10_Metas/28/16/20191028161200_00160.jpg,datasets_flow/dataset_cropped/10_Metas/28/16/20191028161200_00160.jpg,datasets_cloudmask/dataset_cropped/10_Metas/28/16/20191028161200_00160.png,335.6,726.4,67.8,21.5,961
10/28/2019 16:13,datasets/dataset_cropped/10_Metas/28/16/20191028161300_00160.jpg,datasets_flow/dataset_cropped/10_Metas/28/16/20191028161300_00160.jpg,datasets_cloudmask/dataset_cropped/10_Metas/28/16/20191028161300_00160.png,332.1,722.5,67.7,21.4,961
10/28/2019 16:14,datasets/dataset_cropped/10_Metas/28/16/20191028161400_00160.jpg,datasets_flow/dataset_cropped/10_Metas/28/16/20191028161400_00160.jpg,datasets_cloudmask/dataset_cropped/10_Metas/28/16/20191028161400_00160.png,327.6,715.5,67.6,21.3,961
10/28/2019 16:15,datasets/dataset_cropped/10_Metas/28/16/20191028161500_00160.jpg,datasets_flow/dataset_cropped/10_Metas/28/16/20191028161500_00160.jpg,datasets_cloudmask/dataset_cropped/10_Metas/28/16/20191028161500_00160.png,322.1,705.9,67.2,21.2,961
10/28/2019 16:16,datasets/dataset_cropped/10_Metas/28/16/20191028161600_00160.jpg,datasets_flow/dataset_cropped/10_Metas/28/16/20191028161600_00160.jpg,datasets_cloudmask/dataset_cropped/10_Metas/28/16/20191028161600_00160.png,319.7,704.7,67,21.1,961
10/28/2019 16:17,datasets/dataset_cropped/10_Metas/28/16/20191028161700_00160.jpg,datasets_flow/dataset_cropped/10_Metas/28/16/20191028161700_00160.jpg,datasets_cloudmask/dataset_cropped/10_Metas/28/16/20191028161700_00160.png,317.7,704.3,67.1,21.2,961
10/28/2019 16:18,datasets/dataset_cropped/10_Metas/28/16/20191028161800_00160.jpg,datasets_flow/dataset_cropped/10_Metas/28/16/20191028161800_00160.jpg,datasets_cloudmask/dataset_cropped/10_Metas/28/16/20191028161800_00160.png,316.2,706.2,66.7,21.1,961
10/28/2019 16:19,datasets/dataset_cropped/10_Metas/28/16/20191028161900_00160.jpg,datasets_flow/dataset_cropped/10_Metas/28/16/20191028161900_00160.jpg,datasets_cloudmask/dataset_cropped/10_Metas/28/16/20191028161900_00160.png,313.7,705.1,66.5,21.2,961
10/28/2019 16:20,datasets/dataset_cropped/10_Metas/28/16/20191028162000_00160.jpg,datasets_flow/dataset_cropped/10_Metas/28/16/20191028162000_00160.jpg,datasets_cloudmask/dataset_cropped/10_Metas/28/16/20191028162000_00160.png,310.4,701.9,66.2,21.2,961
10/28/2019 16:21,datasets/dataset_cropped/10_Metas/28/16/20191028162100_00160.jpg,datasets_flow/dataset_cropped/10_Metas/28/16/20191028162100_00160.jpg,datasets_cloudmask/dataset_cropped/10_Metas/28/16/20191028162100_00160.png,307,697.5,66.2,21.2,961
10/28/2019 16:22,datasets/dataset_cropped/10_Metas/28/16/20191028162200_00160.jpg,datasets_flow/dataset_cropped/10_Metas/28/16/20191028162200_00160.jpg,datasets_cloudmask/dataset_cropped/10_Metas/28/16/20191028162200_00160.png,304.1,694.6,66.2,21.1,961
10/28/2019 16:23,datasets/dataset_cropped/10_Metas/28/16/20191028162300_00160.jpg,datasets_flow/dataset_cropped/10_Metas/28/16/20191028162300_00160.jpg,datasets_cloudmask/dataset_cropped/10_Metas/28/16/20191028162300_00160.png,301.3,692.8,65.9,21.1,961
10/28/2019 16:24,datasets/dataset_cropped/10_Metas/28/16/20191028162400_00160.jpg,datasets_flow/dataset_cropped/10_Metas/28/16/20191028162400_00160.jpg,datasets_cloudmask/dataset_cropped/10_Metas/28/16/20191028162400_00160.png,298.6,691,65.6,21.2,961
10/28/2019 16:25,datasets/dataset_cropped/10_Metas/28/16/20191028162500_00160.jpg,datasets_flow/dataset_cropped/10_Metas/28/16/20191028162500_00160.jpg,datasets_cloudmask/dataset_cropped/10_Metas/28/16/20191028162500_00160.png,295.4,688.1,65.2,21,961
10/28/2019 16:26,datasets/dataset_cropped/10_Metas/28/16/20191028162600_00160.jpg,datasets_flow/dataset_cropped/10_Metas/28/16/20191028162600_00160.jpg,datasets_cloudmask/dataset_cropped/10_Metas/28/16/20191028162600_00160.png,291.6,683,65,21.1,961
10/28/2019 16:27,datasets/dataset_cropped/10_Metas/28/16/20191028162700_00160.jpg,datasets_flow/dataset_cropped/10_Metas/28/16/20191028162700_00160.jpg,datasets_cloudmask/dataset_cropped/10_Metas/28/16/20191028162700_00160.png,288.2,679.3,64.9,21.1,961
10/28/2019 16:28,datasets/dataset_cropped/10_Metas/28/16/20191028162800_00160.jpg,datasets_flow/dataset_cropped/10_Metas/28/16/20191028162800_00160.jpg,datasets_cloudmask/dataset_cropped/10_Metas/28/16/20191028162800_00160.png,284.7,674.7,64.7,21.2,961
10/28/2019 16:29,datasets/dataset_cropped/10_Metas/28/16/20191028162900_00160.jpg,datasets_flow/dataset_cropped/10_Metas/28/16/20191028162900_00160.jpg,datasets_cloudmask/dataset_cropped/10_Metas/28/16/20191028162900_00160.png,282,672.8,64.4,21.1,961
10/28/2019 16:30,datasets/dataset_cropped/10_Metas/28/16/20191028163000_00160.jpg,datasets_flow/dataset_cropped/10_Metas/28/16/20191028163000_00160.jpg,datasets_cloudmask/dataset_cropped/10_Metas/28/16/20191028163000_00160.png,279.1,670.6,64.2,21,961
10/28/2019 16:31,datasets/dataset_cropped/10_Metas/28/16/20191028163100_00160.jpg,datasets_flow/dataset_cropped/10_Metas/28/16/20191028163100_00160.jpg,datasets_cloudmask/dataset_cropped/10_Metas/28/16/20191028163100_00160.png,276.2,667.7,64,20.9,961
10/28/2019 16:32,datasets/dataset_cropped/10_Metas/28/16/20191028163200_00160.jpg,datasets_flow/dataset_cropped/10_Metas/28/16/20191028163200_00160.jpg,datasets_cloudmask/dataset_cropped/10_Metas/28/16/20191028163200_00160.png,272.8,664.1,63.5,20.9,961
10/28/2019 16:33,datasets/dataset_cropped/10_Metas/28/16/20191028163300_00160.jpg,datasets_flow/dataset_cropped/10_Metas/28/16/20191028163300_00160.jpg,datasets_cloudmask/dataset_cropped/10_Metas/28/16/20191028163300_00160.png,269.8,661,63.3,20.7,961
10/28/2019 16:34,datasets/dataset_cropped/10_Metas/28/16/20191028163400_00160.jpg,datasets_flow/dataset_cropped/10_Metas/28/16/20191028163400_00160.jpg,datasets_cloudmask/dataset_cropped/10_Metas/28/16/20191028163400_00160.png,266.8,658,62.9,20.7,961
10/28/2019 16:35,datasets/dataset_cropped/10_Metas/28/16/20191028163500_00160.jpg,datasets_flow/dataset_cropped/10_Metas/28/16/20191028163500_00160.jpg,datasets_cloudmask/dataset_cropped/10_Metas/28/16/20191028163500_00160.png,263.3,653.5,62.6,20.8,961
10/28/2019 16:36,datasets/dataset_cropped/10_Metas/28/16/20191028163600_00160.jpg,datasets_flow/dataset_cropped/10_Metas/28/16/20191028163600_00160.jpg,datasets_cloudmask/dataset_cropped/10_Metas/28/16/20191028163600_00160.png,260.5,650.7,62.5,20.8,961
10/28/2019 16:37,datasets/dataset_cropped/10_Metas/28/16/20191028163700_00160.jpg,datasets_flow/dataset_cropped/10_Metas/28/16/20191028163700_00160.jpg,datasets_cloudmask/dataset_cropped/10_Metas/28/16/20191028163700_00160.png,257.5,647.5,62.3,20.8,961
10/28/2019 16:38,datasets/dataset_cropped/10_Metas/28/16/20191028163800_00160.jpg,datasets_flow/dataset_cropped/10_Metas/28/16/20191028163800_00160.jpg,datasets_cloudmask/dataset_cropped/10_Metas/28/16/20191028163800_00160.png,254.4,644.6,61.9,20.8,961
10/28/2019 16:39,datasets/dataset_cropped/10_Metas/28/16/20191028163900_00160.jpg,datasets_flow/dataset_cropped/10_Metas/28/16/20191028163900_00160.jpg,datasets_cloudmask/dataset_cropped/10_Metas/28/16/20191028163900_00160.png,251.6,642.6,61.4,21,961
10/28/2019 16:40,datasets/dataset_cropped/10_Metas/28/16/20191028164000_00160.jpg,datasets_flow/dataset_cropped/10_Metas/28/16/20191028164000_00160.jpg,datasets_cloudmask/dataset_cropped/10_Metas/28/16/20191028164000_00160.png,248.7,640.3,61.1,21.2,961
10/28/2019 16:41,datasets/dataset_cropped/10_Metas/28/16/20191028164100_00160.jpg,datasets_flow/dataset_cropped/10_Metas/28/16/20191028164100_00160.jpg,datasets_cloudmask/dataset_cropped/10_Metas/28/16/20191028164100_00160.png,245.8,637.5,60.9,21.2,961
10/28/2019 16:42,datasets/dataset_cropped/10_Metas/28/16/20191028164200_00160.jpg,datasets_flow/dataset_cropped/10_Metas/28/16/20191028164200_00160.jpg,datasets_cloudmask/dataset_cropped/10_Metas/28/16/20191028164200_00160.png,242.7,635,60.3,21.2,961
10/28/2019 16:43,datasets/dataset_cropped/10_Metas/28/16/20191028164300_00160.jpg,datasets_flow/dataset_cropped/10_Metas/28/16/20191028164300_00160.jpg,datasets_cloudmask/dataset_cropped/10_Metas/28/16/20191028164300_00160.png,239.4,631,59.9,21.2,961
10/28/2019 16:44,datasets/dataset_cropped/10_Metas/28/16/20191028164400_00160.jpg,datasets_flow/dataset_cropped/10_Metas/28/16/20191028164400_00160.jpg,datasets_cloudmask/dataset_cropped/10_Metas/28/16/20191028164400_00160.png,236.1,627.3,59.5,21,961
10/28/2019 16:45,datasets/dataset_cropped/10_Metas/28/16/20191028164500_00160.jpg,datasets_flow/dataset_cropped/10_Metas/28/16/20191028164500_00160.jpg,datasets_cloudmask/dataset_cropped/10_Metas/28/16/20191028164500_00160.png,232.4,621.8,59.1,20.9,961
10/28/2019 16:46,datasets/dataset_cropped/10_Metas/28/16/20191028164600_00160.jpg,datasets_flow/dataset_cropped/10_Metas/28/16/20191028164600_00160.jpg,datasets_cloudmask/dataset_cropped/10_Metas/28/16/20191028164600_00160.png,229.4,618.5,58.9,21,961
10/28/2019 16:47,datasets/dataset_cropped/10_Metas/28/16/20191028164700_00160.jpg,datasets_flow/dataset_cropped/10_Metas/28/16/20191028164700_00160.jpg,datasets_cloudmask/dataset_cropped/10_Metas/28/16/20191028164700_00160.png,226.9,617.6,58.4,20.8,961
10/28/2019 16:48,datasets/dataset_cropped/10_Metas/28/16/20191028164800_00160.jpg,datasets_flow/dataset_cropped/10_Metas/28/16/20191028164800_00160.jpg,datasets_cloudmask/dataset_cropped/10_Metas/28/16/20191028164800_00160.png,224.2,615.4,58,20.7,961
10/28/2019 16:49,datasets/dataset_cropped/10_Metas/28/16/20191028164900_00160.jpg,datasets_flow/dataset_cropped/10_Metas/28/16/20191028164900_00160.jpg,datasets_cloudmask/dataset_cropped/10_Metas/28/16/20191028164900_00160.png,220.9,610.8,57.5,20.7,961
10/28/2019 16:50,datasets/dataset_cropped/10_Metas/28/16/20191028165000_00160.jpg,datasets_flow/dataset_cropped/10_Metas/28/16/20191028165000_00160.jpg,datasets_cloudmask/dataset_cropped/10_Metas/28/16/20191028165000_00160.png,218,607.7,57.3,20.8,961
10/28/2019 16:51,datasets/dataset_cropped/10_Metas/28/16/20191028165100_00160.jpg,datasets_flow/dataset_cropped/10_Metas/28/16/20191028165100_00160.jpg,datasets_cloudmask/dataset_cropped/10_Metas/28/16/20191028165100_00160.png,214.6,603.4,56.9,20.6,961
10/28/2019 16:52,datasets/dataset_cropped/10_Metas/28/16/20191028165200_00160.jpg,datasets_flow/dataset_cropped/10_Metas/28/16/20191028165200_00160.jpg,datasets_cloudmask/dataset_cropped/10_Metas/28/16/20191028165200_00160.png,212.3,603.1,56.5,20.5,961
10/28/2019 16:53,datasets/dataset_cropped/10_Metas/28/16/20191028165300_00160.jpg,datasets_flow/dataset_cropped/10_Metas/28/16/20191028165300_00160.jpg,datasets_cloudmask/dataset_cropped/10_Metas/28/16/20191028165300_00160.png,209.6,600.5,56.1,20.5,961
10/28/2019 16:54,datasets/dataset_cropped/10_Metas/28/16/20191028165400_00160.jpg,datasets_flow/dataset_cropped/10_Metas/28/16/20191028165400_00160.jpg,datasets_cloudmask/dataset_cropped/10_Metas/28/16/20191028165400_00160.png,205.6,593.6,55.7,20.5,961
10/28/2019 16:55,datasets/dataset_cropped/10_Metas/28/16/20191028165500_00160.jpg,datasets_flow/dataset_cropped/10_Metas/28/16/20191028165500_00160.jpg,datasets_cloudmask/dataset_cropped/10_Metas/28/16/20191028165500_00160.png,202.6,589.8,55.3,20.5,961
10/28/2019 16:56,datasets/dataset_cropped/10_Metas/28/16/20191028165600_00160.jpg,datasets_flow/dataset_cropped/10_Metas/28/16/20191028165600_00160.jpg,datasets_cloudmask/dataset_cropped/10_Metas/28/16/20191028165600_00160.png,199.6,586.2,54.9,20.5,961
10/28/2019 16:57,datasets/dataset_cropped/10_Metas/28/16/20191028165700_00160.jpg,datasets_flow/dataset_cropped/10_Metas/28/16/20191028165700_00160.jpg,datasets_cloudmask/dataset_cropped/10_Metas/28/16/20191028165700_00160.png,196.7,582.4,54.6,20.5,961
10/28/2019 16:58,datasets/dataset_cropped/10_Metas/28/16/20191028165800_00160.jpg,datasets_flow/dataset_cropped/10_Metas/28/16/20191028165800_00160.jpg,datasets_cloudmask/dataset_cropped/10_Metas/28/16/20191028165800_00160.png,193.7,578.3,54.3,20.4,961
10/28/2019 16:59,datasets/dataset_cropped/10_Metas/28/16/20191028165900_00160.jpg,datasets_flow/dataset_cropped/10_Metas/28/16/20191028165900_00160.jpg,datasets_cloudmask/dataset_cropped/10_Metas/28/16/20191028165900_00160.png,190.9,575.3,53.9,20.4,961
10/28/2019 17:00,datasets/dataset_cropped/10_Metas/28/17/20191028170000_00160.jpg,datasets_flow/dataset_cropped/10_Metas/28/17/20191028170000_00160.jpg,datasets_cloudmask/dataset_cropped/10_Metas/28/17/20191028170000_00160.png,187.8,571.5,53.4,20.3,961
10/28/2019 17:01,datasets/dataset_cropped/10_Metas/28/17/20191028170100_00160.jpg,datasets_flow/dataset_cropped/10_Metas/28/17/20191028170100_00160.jpg,datasets_cloudmask/dataset_cropped/10_Metas/28/17/20191028170100_00160.png,184.1,565,52.9,20.2,961
10/28/2019 17:02,datasets/dataset_cropped/10_Metas/28/17/20191028170200_00160.jpg,datasets_flow/dataset_cropped/10_Metas/28/17/20191028170200_00160.jpg,datasets_cloudmask/dataset_cropped/10_Metas/28/17/20191028170200_00160.png,181.3,562.4,52.3,20.1,961
10/28/2019 17:03,datasets/dataset_cropped/10_Metas/28/17/20191028170300_00160.jpg,datasets_flow/dataset_cropped/10_Metas/28/17/20191028170300_00160.jpg,datasets_cloudmask/dataset_cropped/10_Metas/28/17/20191028170300_00160.png,178.3,558.1,51.9,20.1,961
10/28/2019 17:04,datasets/dataset_cropped/10_Metas/28/17/20191028170400_00160.jpg,datasets_flow/dataset_cropped/10_Metas/28/17/20191028170400_00160.jpg,datasets_cloudmask/dataset_cropped/10_Metas/28/17/20191028170400_00160.png,175,552.3,51.6,20,961
10/28/2019 17:05,datasets/dataset_cropped/10_Metas/28/17/20191028170500_00160.jpg,datasets_flow/dataset_cropped/10_Metas/28/17/20191028170500_00160.jpg,datasets_cloudmask/dataset_cropped/10_Metas/28/17/20191028170500_00160.png,171.9,547.6,51.2,19.9,961
10/28/2019 17:06,datasets/dataset_cropped/10_Metas/28/17/20191028170600_00160.jpg,datasets_flow/dataset_cropped/10_Metas/28/17/20191028170600_00160.jpg,datasets_cloudmask/dataset_cropped/10_Metas/28/17/20191028170600_00160.png,168,540.4,50.6,19.9,961
10/28/2019 17:07,datasets/dataset_cropped/10_Metas/28/17/20191028170700_00160.jpg,datasets_flow/dataset_cropped/10_Metas/28/17/20191028170700_00160.jpg,datasets_cloudmask/dataset_cropped/10_Metas/28/17/20191028170700_00160.png,154.8,489.8,49.8,20,961
10/28/2019 17:08,datasets/dataset_cropped/10_Metas/28/17/20191028170800_00160.jpg,datasets_flow/dataset_cropped/10_Metas/28/17/20191028170800_00160.jpg,datasets_cloudmask/dataset_cropped/10_Metas/28/17/20191028170800_00160.png,145,453.9,49.1,20,961
10/28/2019 17:09,datasets/dataset_cropped/10_Metas/28/17/20191028170900_00160.jpg,datasets_flow/dataset_cropped/10_Metas/28/17/20191028170900_00160.jpg,datasets_cloudmask/dataset_cropped/10_Metas/28/17/20191028170900_00160.png,149.2,482.6,48.6,19.9,961
10/28/2019 17:10,datasets/dataset_cropped/10_Metas/28/17/20191028171000_00160.jpg,datasets_flow/dataset_cropped/10_Metas/28/17/20191028171000_00160.jpg,datasets_cloudmask/dataset_cropped/10_Metas/28/17/20191028171000_00160.png,150.6,498.5,48.1,19.8,961
10/28/2019 17:11,datasets/dataset_cropped/10_Metas/28/17/20191028171100_00160.jpg,datasets_flow/dataset_cropped/10_Metas/28/17/20191028171100_00160.jpg,datasets_cloudmask/dataset_cropped/10_Metas/28/17/20191028171100_00160.png,148,494.8,47.8,19.8,961
10/28/2019 17:12,datasets/dataset_cropped/10_Metas/28/17/20191028171200_00160.jpg,datasets_flow/dataset_cropped/10_Metas/28/17/20191028171200_00160.jpg,datasets_cloudmask/dataset_cropped/10_Metas/28/17/20191028171200_00160.png,141.7,473.7,47.2,19.8,961
10/28/2019 17:13,datasets/dataset_cropped/10_Metas/28/17/20191028171300_00160.jpg,datasets_flow/dataset_cropped/10_Metas/28/17/20191028171300_00160.jpg,datasets_cloudmask/dataset_cropped/10_Metas/28/17/20191028171300_00160.png,139.5,471,47,19.9,961
10/28/2019 17:14,datasets/dataset_cropped/10_Metas/28/17/20191028171400_00160.jpg,datasets_flow/dataset_cropped/10_Metas/28/17/20191028171400_00160.jpg,datasets_cloudmask/dataset_cropped/10_Metas/28/17/20191028171400_00160.png,137.6,470.1,46.6,19.8,961
10/28/2019 17:15,datasets/dataset_cropped/10_Metas/28/17/20191028171500_00160.jpg,datasets_flow/dataset_cropped/10_Metas/28/17/20191028171500_00160.jpg,datasets_cloudmask/dataset_cropped/10_Metas/28/17/20191028171500_00160.png,130.9,445.7,46.1,19.8,961
10/28/2019 17:16,datasets/dataset_cropped/10_Metas/28/17/20191028171600_00160.jpg,datasets_flow/dataset_cropped/10_Metas/28/17/20191028171600_00160.jpg,datasets_cloudmask/dataset_cropped/10_Metas/28/17/20191028171600_00160.png,134.6,475.8,45.7,19.8,961
10/28/2019 17:17,datasets/dataset_cropped/10_Metas/28/17/20191028171700_00160.jpg,datasets_flow/dataset_cropped/10_Metas/28/17/20191028171700_00160.jpg,datasets_cloudmask/dataset_cropped/10_Metas/28/17/20191028171700_00160.png,136,492.7,45.5,19.8,961
10/28/2019 17:18,datasets/dataset_cropped/10_Metas/28/17/20191028171800_00160.jpg,datasets_flow/dataset_cropped/10_Metas/28/17/20191028171800_00160.jpg,datasets_cloudmask/dataset_cropped/10_Metas/28/17/20191028171800_00160.png,132.6,484.4,45.1,19.7,961
10/28/2019 17:19,datasets/dataset_cropped/10_Metas/28/17/20191028171900_00160.jpg,datasets_flow/dataset_cropped/10_Metas/28/17/20191028171900_00160.jpg,datasets_cloudmask/dataset_cropped/10_Metas/28/17/20191028171900_00160.png,129.6,478,44.8,19.7,961
10/28/2019 17:20,datasets/dataset_cropped/10_Metas/28/17/20191028172000_00160.jpg,datasets_flow/dataset_cropped/10_Metas/28/17/20191028172000_00160.jpg,datasets_cloudmask/dataset_cropped/10_Metas/28/17/20191028172000_00160.png,126.8,473.2,44.2,19.6,961
10/28/2019 17:21,datasets/dataset_cropped/10_Metas/28/17/20191028172100_00160.jpg,datasets_flow/dataset_cropped/10_Metas/28/17/20191028172100_00160.jpg,datasets_cloudmask/dataset_cropped/10_Metas/28/17/20191028172100_00160.png,123.8,467.6,43.7,19.7,961
10/28/2019 17:22,datasets/dataset_cropped/10_Metas/28/17/20191028172200_00160.jpg,datasets_flow/dataset_cropped/10_Metas/28/17/20191028172200_00160.jpg,datasets_cloudmask/dataset_cropped/10_Metas/28/17/20191028172200_00160.png,120.7,461.3,43.1,19.7,961
10/28/2019 17:23,datasets/dataset_cropped/10_Metas/28/17/20191028172300_00160.jpg,datasets_flow/dataset_cropped/10_Metas/28/17/20191028172300_00160.jpg,datasets_cloudmask/dataset_cropped/10_Metas/28/17/20191028172300_00160.png,117.4,452.8,42.5,19.6,961
10/28/2019 17:24,datasets/dataset_cropped/10_Metas/28/17/20191028172400_00160.jpg,datasets_flow/dataset_cropped/10_Metas/28/17/20191028172400_00160.jpg,datasets_cloudmask/dataset_cropped/10_Metas/28/17/20191028172400_00160.png,114.2,445.4,41.9,19.5,961
10/28/2019 17:25,datasets/dataset_cropped/10_Metas/28/17/20191028172500_00160.jpg,datasets_flow/dataset_cropped/10_Metas/28/17/20191028172500_00160.jpg,datasets_cloudmask/dataset_cropped/10_Metas/28/17/20191028172500_00160.png,111.3,439.2,41.3,19.5,961
10/28/2019 17:26,datasets/dataset_cropped/10_Metas/28/17/20191028172600_00160.jpg,datasets_flow/dataset_cropped/10_Metas/28/17/20191028172600_00160.jpg,datasets_cloudmask/dataset_cropped/10_Metas/28/17/20191028172600_00160.png,108.5,433.5,40.7,19.5,961
10/28/2019 17:27,datasets/dataset_cropped/10_Metas/28/17/20191028172700_00160.jpg,datasets_flow/dataset_cropped/10_Metas/28/17/20191028172700_00160.jpg,datasets_cloudmask/dataset_cropped/10_Metas/28/17/20191028172700_00160.png,105.5,426,40.2,19.5,961
10/28/2019 17:28,datasets/dataset_cropped/10_Metas/28/17/20191028172800_00160.jpg,datasets_flow/dataset_cropped/10_Metas/28/17/20191028172800_00160.jpg,datasets_cloudmask/dataset_cropped/10_Metas/28/17/20191028172800_00160.png,102.1,416.1,39.7,19.4,961
10/28/2019 17:29,datasets/dataset_cropped/10_Metas/28/17/20191028172900_00160.jpg,datasets_flow/dataset_cropped/10_Metas/28/17/20191028172900_00160.jpg,datasets_cloudmask/dataset_cropped/10_Metas/28/17/20191028172900_00160.png,99.5,411,39.1,19.3,961
10/28/2019 17:30,datasets/dataset_cropped/10_Metas/28/17/20191028173000_00160.jpg,datasets_flow/dataset_cropped/10_Metas/28/17/20191028173000_00160.jpg,datasets_cloudmask/dataset_cropped/10_Metas/28/17/20191028173000_00160.png,96.7,404.9,38.5,19.3,961
10/28/2019 17:31,datasets/dataset_cropped/10_Metas/28/17/20191028173100_00160.jpg,datasets_flow/dataset_cropped/10_Metas/28/17/20191028173100_00160.jpg,datasets_cloudmask/dataset_cropped/10_Metas/28/17/20191028173100_00160.png,94.1,398.9,37.9,19.3,961
10/28/2019 17:32,datasets/dataset_cropped/10_Metas/28/17/20191028173200_00160.jpg,datasets_flow/dataset_cropped/10_Metas/28/17/20191028173200_00160.jpg,datasets_cloudmask/dataset_cropped/10_Metas/28/17/20191028173200_00160.png,91.1,391.2,37.3,19.3,961
10/28/2019 17:33,datasets/dataset_cropped/10_Metas/28/17/20191028173300_00160.jpg,datasets_flow/dataset_cropped/10_Metas/28/17/20191028173300_00160.jpg,datasets_cloudmask/dataset_cropped/10_Metas/28/17/20191028173300_00160.png,88,382.6,36.6,19.4,961
10/28/2019 17:34,datasets/dataset_cropped/10_Metas/28/17/20191028173400_00160.jpg,datasets_flow/dataset_cropped/10_Metas/28/17/20191028173400_00160.jpg,datasets_cloudmask/dataset_cropped/10_Metas/28/17/20191028173400_00160.png,85.2,375.6,35.9,19.4,961
10/28/2019 17:35,datasets/dataset_cropped/10_Metas/28/17/20191028173500_00160.jpg,datasets_flow/dataset_cropped/10_Metas/28/17/20191028173500_00160.jpg,datasets_cloudmask/dataset_cropped/10_Metas/28/17/20191028173500_00160.png,82.4,369,35.2,19.4,961
10/28/2019 17:36,datasets/dataset_cropped/10_Metas/28/17/20191028173600_00160.jpg,datasets_flow/dataset_cropped/10_Metas/28/17/20191028173600_00160.jpg,datasets_cloudmask/dataset_cropped/10_Metas/28/17/20191028173600_00160.png,79.4,359.8,34.4,19.3,961
10/28/2019 17:37,datasets/dataset_cropped/10_Metas/28/17/20191028173700_00160.jpg,datasets_flow/dataset_cropped/10_Metas/28/17/20191028173700_00160.jpg,datasets_cloudmask/dataset_cropped/10_Metas/28/17/20191028173700_00160.png,76.3,350.6,33.6,19.3,961
10/28/2019 17:38,datasets/dataset_cropped/10_Metas/28/17/20191028173800_00160.jpg,datasets_flow/dataset_cropped/10_Metas/28/17/20191028173800_00160.jpg,datasets_cloudmask/dataset_cropped/10_Metas/28/17/20191028173800_00160.png,73.8,344.8,32.9,19.3,961
10/28/2019 17:39,datasets/dataset_cropped/10_Metas/28/17/20191028173900_00160.jpg,datasets_flow/dataset_cropped/10_Metas/28/17/20191028173900_00160.jpg,datasets_cloudmask/dataset_cropped/10_Metas/28/17/20191028173900_00160.png,70.7,333.5,32.1,19.2,961
10/28/2019 17:40,datasets/dataset_cropped/10_Metas/28/17/20191028174000_00160.jpg,datasets_flow/dataset_cropped/10_Metas/28/17/20191028174000_00160.jpg,datasets_cloudmask/dataset_cropped/10_Metas/28/17/20191028174000_00160.png,66.1,311.4,31.1,19.1,961
10/28/2019 17:41,datasets/dataset_cropped/10_Metas/28/17/20191028174100_00160.jpg,datasets_flow/dataset_cropped/10_Metas/28/17/20191028174100_00160.jpg,datasets_cloudmask/dataset_cropped/10_Metas/28/17/20191028174100_00160.png,60,275.4,29.9,19.1,961
10/28/2019 17:42,datasets/dataset_cropped/10_Metas/28/17/20191028174200_00160.jpg,datasets_flow/dataset_cropped/10_Metas/28/17/20191028174200_00160.jpg,datasets_cloudmask/dataset_cropped/10_Metas/28/17/20191028174200_00160.png,58.4,278.4,28.9,18.9,961
10/28/2019 17:43,datasets/dataset_cropped/10_Metas/28/17/20191028174300_00160.jpg,datasets_flow/dataset_cropped/10_Metas/28/17/20191028174300_00160.jpg,datasets_cloudmask/dataset_cropped/10_Metas/28/17/20191028174300_00160.png,55.6,267.7,28,18.9,961
10/28/2019 17:44,datasets/dataset_cropped/10_Metas/28/17/20191028174400_00160.jpg,datasets_flow/dataset_cropped/10_Metas/28/17/20191028174400_00160.jpg,datasets_cloudmask/dataset_cropped/10_Metas/28/17/20191028174400_00160.png,54.4,272.4,27.3,18.8,961
10/28/2019 17:45,datasets/dataset_cropped/10_Metas/28/17/20191028174500_00160.jpg,datasets_flow/dataset_cropped/10_Metas/28/17/20191028174500_00160.jpg,datasets_cloudmask/dataset_cropped/10_Metas/28/17/20191028174500_00160.png,52.4,266.7,26.5,18.8,961
10/28/2019 17:46,datasets/dataset_cropped/10_Metas/28/17/20191028174600_00160.jpg,datasets_flow/dataset_cropped/10_Metas/28/17/20191028174600_00160.jpg,datasets_cloudmask/dataset_cropped/10_Metas/28/17/20191028174600_00160.png,45.9,218.3,25.3,18.7,961
10/28/2019 17:47,datasets/dataset_cropped/10_Metas/28/17/20191028174700_00160.jpg,datasets_flow/dataset_cropped/10_Metas/28/17/20191028174700_00160.jpg,datasets_cloudmask/dataset_cropped/10_Metas/28/17/20191028174700_00160.png,36.1,136.8,23.5,18.6,961
10/28/2019 17:48,datasets/dataset_cropped/10_Metas/28/17/20191028174800_00160.jpg,datasets_flow/dataset_cropped/10_Metas/28/17/20191028174800_00160.jpg,datasets_cloudmask/dataset_cropped/10_Metas/28/17/20191028174800_00160.png,30.8,100.3,21.7,18.6,961
10/28/2019 17:49,datasets/dataset_cropped/10_Metas/28/17/20191028174900_00160.jpg,datasets_flow/dataset_cropped/10_Metas/28/17/20191028174900_00160.jpg,datasets_cloudmask/dataset_cropped/10_Metas/28/17/20191028174900_00160.png,25.7,64,19.9,18.5,961
10/28/2019 17:50,datasets/dataset_cropped/10_Metas/28/17/20191028175000_00160.jpg,datasets_flow/dataset_cropped/10_Metas/28/17/20191028175000_00160.jpg,datasets_cloudmask/dataset_cropped/10_Metas/28/17/20191028175000_00160.png,21.7,39.9,18.1,18.4,961
10/28/2019 17:51,datasets/dataset_cropped/10_Metas/28/17/20191028175100_00160.jpg,datasets_flow/dataset_cropped/10_Metas/28/17/20191028175100_00160.jpg,datasets_cloudmask/dataset_cropped/10_Metas/28/17/20191028175100_00160.png,18.5,19.7,16.6,18.3,961
10/28/2019 17:52,datasets/dataset_cropped/10_Metas/28/17/20191028175200_00160.jpg,datasets_flow/dataset_cropped/10_Metas/28/17/20191028175200_00160.jpg,datasets_cloudmask/dataset_cropped/10_Metas/28/17/20191028175200_00160.png,16.5,9.8,15.3,18.2,961
10/28/2019 17:53,datasets/dataset_cropped/10_Metas/28/17/20191028175300_00160.jpg,datasets_flow/dataset_cropped/10_Metas/28/17/20191028175300_00160.jpg,datasets_cloudmask/dataset_cropped/10_Metas/28/17/20191028175300_00160.png,15,5.2,14.2,18.2,961
10/28/2019 17:54,datasets/dataset_cropped/10_Metas/28/17/20191028175400_00160.jpg,datasets_flow/dataset_cropped/10_Metas/28/17/20191028175400_00160.jpg,datasets_cloudmask/dataset_cropped/10_Metas/28/17/20191028175400_00160.png,13.7,2.5,13.2,18.1,961
10/28/2019 17:55,datasets/dataset_cropped/10_Metas/28/17/20191028175500_00160.jpg,datasets_flow/dataset_cropped/10_Metas/28/17/20191028175500_00160.jpg,datasets_cloudmask/dataset_cropped/10_Metas/28/17/20191028175500_00160.png,12.7,1,12.3,18,961
10/28/2019 17:56,datasets/dataset_cropped/10_Metas/28/17/20191028175600_00160.jpg,datasets_flow/dataset_cropped/10_Metas/28/17/20191028175600_00160.jpg,datasets_cloudmask/dataset_cropped/10_Metas/28/17/20191028175600_00160.png,11.9,0.2,11.6,18,961
10/28/2019 17:57,datasets/dataset_cropped/10_Metas/28/17/20191028175700_00160.jpg,datasets_flow/dataset_cropped/10_Metas/28/17/20191028175700_00160.jpg,datasets_cloudmask/dataset_cropped/10_Metas/28/17/20191028175700_00160.png,11.1,0,10.8,17.9,961
10/28/2019 17:58,datasets/dataset_cropped/10_Metas/28/17/20191028175800_00160.jpg,datasets_flow/dataset_cropped/10_Metas/28/17/20191028175800_00160.jpg,datasets_cloudmask/dataset_cropped/10_Metas/28/17/20191028175800_00160.png,10.4,0,10.2,17.9,961
10/28/2019 17:59,datasets/dataset_cropped/10_Metas/28/17/20191028175900_00160.jpg,datasets_flow/dataset_cropped/10_Metas/28/17/20191028175900_00160.jpg,datasets_cloudmask/dataset_cropped/10_Metas/28/17/20191028175900_00160.png,9.8,0,9.6,17.8,961
10/28/2019 18:00,datasets/dataset_cropped/10_Metas/28/18/20191028180000_00160.jpg,datasets_flow/dataset_cropped/10_Metas/28/18/20191028180000_00160.jpg,datasets_cloudmask/dataset_cropped/10_Metas/28/18/20191028180000_00160.png,9.2,0,9,17.8,961
10/28/2019 18:01,datasets/dataset_cropped/10_Metas/28/18/20191028180100_00160.jpg,datasets_flow/dataset_cropped/10_Metas/28/18/20191028180100_00160.jpg,datasets_cloudmask/dataset_cropped/10_Metas/28/18/20191028180100_00160.png,8.6,0,8.4,17.8,961
10/28/2019 18:02,datasets/dataset_cropped/10_Metas/28/18/20191028180200_00160.jpg,datasets_flow/dataset_cropped/10_Metas/28/18/20191028180200_00160.jpg,datasets_cloudmask/dataset_cropped/10_Metas/28/18/20191028180200_00160.png,8.1,0,7.8,17.7,961
10/28/2019 18:03,datasets/dataset_cropped/10_Metas/28/18/20191028180300_00160.jpg,datasets_flow/dataset_cropped/10_Metas/28/18/20191028180300_00160.jpg,datasets_cloudmask/dataset_cropped/10_Metas/28/18/20191028180300_00160.png,7.6,0,7.3,17.7,961
10/28/2019 18:04,datasets/dataset_cropped/10_Metas/28/18/20191028180400_00160.jpg,datasets_flow/dataset_cropped/10_Metas/28/18/20191028180400_00160.jpg,datasets_cloudmask/dataset_cropped/10_Metas/28/18/20191028180400_00160.png,7,0.3,6.8,17.6,961
10/28/2019 18:05,datasets/dataset_cropped/10_Metas/28/18/20191028180500_00160.jpg,datasets_flow/dataset_cropped/10_Metas/28/18/20191028180500_00160.jpg,datasets_cloudmask/dataset_cropped/10_Metas/28/18/20191028180500_00160.png,6.6,1.5,6.3,17.6,961
10/28/2019 18:06,datasets/dataset_cropped/10_Metas/28/18/20191028180600_00160.jpg,datasets_flow/dataset_cropped/10_Metas/28/18/20191028180600_00160.jpg,datasets_cloudmask/dataset_cropped/10_Metas/28/18/20191028180600_00160.png,6.3,7.7,5.9,17.6,961
10/28/2019 18:07,datasets/dataset_cropped/10_Metas/28/18/20191028180700_00160.jpg,datasets_flow/dataset_cropped/10_Metas/28/18/20191028180700_00160.jpg,datasets_cloudmask/dataset_cropped/10_Metas/28/18/20191028180700_00160.png,6.6,27.3,5.7,17.6,961
10/28/2019 18:08,datasets/dataset_cropped/10_Metas/28/18/20191028180800_00160.jpg,datasets_flow/dataset_cropped/10_Metas/28/18/20191028180800_00160.jpg,datasets_cloudmask/dataset_cropped/10_Metas/28/18/20191028180800_00160.png,6.8,33.3,5.7,17.5,961
10/28/2019 18:09,datasets/dataset_cropped/10_Metas/28/18/20191028180900_00160.jpg,datasets_flow/dataset_cropped/10_Metas/28/18/20191028180900_00160.jpg,datasets_cloudmask/dataset_cropped/10_Metas/28/18/20191028180900_00160.png,6.1,16.8,5.4,17.5,961
10/28/2019 18:10,datasets/dataset_cropped/10_Metas/28/18/20191028181000_00160.jpg,datasets_flow/dataset_cropped/10_Metas/28/18/20191028181000_00160.jpg,datasets_cloudmask/dataset_cropped/10_Metas/28/18/20191028181000_00160.png,5.1,3.8,4.7,17.4,961
10/28/2019 18:11,datasets/dataset_cropped/10_Metas/28/18/20191028181100_00160.jpg,datasets_flow/dataset_cropped/10_Metas/28/18/20191028181100_00160.jpg,datasets_cloudmask/dataset_cropped/10_Metas/28/18/20191028181100_00160.png,4.2,0.3,3.9,17.4,961
10/28/2019 18:12,datasets/dataset_cropped/10_Metas/28/18/20191028181200_00160.jpg,datasets_flow/dataset_cropped/10_Metas/28/18/20191028181200_00160.jpg,datasets_cloudmask/dataset_cropped/10_Metas/28/18/20191028181200_00160.png,3.5,0,3.2,17.3,961
10/28/2019 18:13,datasets/dataset_cropped/10_Metas/28/18/20191028181300_00160.jpg,datasets_flow/dataset_cropped/10_Metas/28/18/20191028181300_00160.jpg,datasets_cloudmask/dataset_cropped/10_Metas/28/18/20191028181300_00160.png,3,0,2.7,17.2,961
10/28/2019 18:14,datasets/dataset_cropped/10_Metas/28/18/20191028181400_00160.jpg,datasets_flow/dataset_cropped/10_Metas/28/18/20191028181400_00160.jpg,datasets_cloudmask/dataset_cropped/10_Metas/28/18/20191028181400_00160.png,2.6,0,2.3,17.2,961
10/28/2019 18:15,datasets/dataset_cropped/10_Metas/28/18/20191028181500_00160.jpg,datasets_flow/dataset_cropped/10_Metas/28/18/20191028181500_00160.jpg,datasets_cloudmask/dataset_cropped/10_Metas/28/18/20191028181500_00160.png,2.2,0,1.9,17.1,961
10/29/2019 7:32,datasets/dataset_cropped/10_Metas/29/07/20191029073200_00160.jpg,datasets_flow/dataset_cropped/10_Metas/29/07/20191029073200_00160.jpg,datasets_cloudmask/dataset_cropped/10_Metas/29/07/20191029073200_00160.png,4,0,3.8,11.9,960
10/29/2019 7:33,datasets/dataset_cropped/10_Metas/29/07/20191029073300_00160.jpg,datasets_flow/dataset_cropped/10_Metas/29/07/20191029073300_00160.jpg,datasets_cloudmask/dataset_cropped/10_Metas/29/07/20191029073300_00160.png,4.7,0,4.7,11.9,960
10/29/2019 7:34,datasets/dataset_cropped/10_Metas/29/07/20191029073400_00160.jpg,datasets_flow/dataset_cropped/10_Metas/29/07/20191029073400_00160.jpg,datasets_cloudmask/dataset_cropped/10_Metas/29/07/20191029073400_00160.png,5.4,0.3,5.4,11.9,960
10/29/2019 7:35,datasets/dataset_cropped/10_Metas/29/07/20191029073500_00160.jpg,datasets_flow/dataset_cropped/10_Metas/29/07/20191029073500_00160.jpg,datasets_cloudmask/dataset_cropped/10_Metas/29/07/20191029073500_00160.png,5.9,0.3,5.7,11.9,960
10/29/2019 7:36,datasets/dataset_cropped/10_Metas/29/07/20191029073600_00160.jpg,datasets_flow/dataset_cropped/10_Metas/29/07/20191029073600_00160.jpg,datasets_cloudmask/dataset_cropped/10_Metas/29/07/20191029073600_00160.png,6.5,1.4,6.2,12,960
10/29/2019 7:37,datasets/dataset_cropped/10_Metas/29/07/20191029073700_00160.jpg,datasets_flow/dataset_cropped/10_Metas/29/07/20191029073700_00160.jpg,datasets_cloudmask/dataset_cropped/10_Metas/29/07/20191029073700_00160.png,7.6,16.7,7.1,12.1,960
10/29/2019 7:38,datasets/dataset_cropped/10_Metas/29/07/20191029073800_00160.jpg,datasets_flow/dataset_cropped/10_Metas/29/07/20191029073800_00160.jpg,datasets_cloudmask/dataset_cropped/10_Metas/29/07/20191029073800_00160.png,9.1,42.1,8.1,12.1,960
10/29/2019 7:39,datasets/dataset_cropped/10_Metas/29/07/20191029073900_00160.jpg,datasets_flow/dataset_cropped/10_Metas/29/07/20191029073900_00160.jpg,datasets_cloudmask/dataset_cropped/10_Metas/29/07/20191029073900_00160.png,10.2,59.6,8.7,12.3,960
10/29/2019 7:40,datasets/dataset_cropped/10_Metas/29/07/20191029074000_00160.jpg,datasets_flow/dataset_cropped/10_Metas/29/07/20191029074000_00160.jpg,datasets_cloudmask/dataset_cropped/10_Metas/29/07/20191029074000_00160.png,11.3,70.3,9.4,12.4,960
10/29/2019 7:41,datasets/dataset_cropped/10_Metas/29/07/20191029074100_00160.jpg,datasets_flow/dataset_cropped/10_Metas/29/07/20191029074100_00160.jpg,datasets_cloudmask/dataset_cropped/10_Metas/29/07/20191029074100_00160.png,12.6,81.3,10.2,12.6,960
10/29/2019 7:42,datasets/dataset_cropped/10_Metas/29/07/20191029074200_00160.jpg,datasets_flow/dataset_cropped/10_Metas/29/07/20191029074200_00160.jpg,datasets_cloudmask/dataset_cropped/10_Metas/29/07/20191029074200_00160.png,14.1,93.6,11.1,12.6,960
10/29/2019 7:43,datasets/dataset_cropped/10_Metas/29/07/20191029074300_00160.jpg,datasets_flow/dataset_cropped/10_Metas/29/07/20191029074300_00160.jpg,datasets_cloudmask/dataset_cropped/10_Metas/29/07/20191029074300_00160.png,15.5,106.7,11.8,12.6,960
10/29/2019 7:44,datasets/dataset_cropped/10_Metas/29/07/20191029074400_00160.jpg,datasets_flow/dataset_cropped/10_Metas/29/07/20191029074400_00160.jpg,datasets_cloudmask/dataset_cropped/10_Metas/29/07/20191029074400_00160.png,17.1,120.7,12.6,12.6,960
10/29/2019 7:45,datasets/dataset_cropped/10_Metas/29/07/20191029074500_00160.jpg,datasets_flow/dataset_cropped/10_Metas/29/07/20191029074500_00160.jpg,datasets_cloudmask/dataset_cropped/10_Metas/29/07/20191029074500_00160.png,18.7,135,13.2,12.7,960
10/29/2019 7:46,datasets/dataset_cropped/10_Metas/29/07/20191029074600_00160.jpg,datasets_flow/dataset_cropped/10_Metas/29/07/20191029074600_00160.jpg,datasets_cloudmask/dataset_cropped/10_Metas/29/07/20191029074600_00160.png,20.4,149.4,13.9,12.7,960
10/29/2019 7:47,datasets/dataset_cropped/10_Metas/29/07/20191029074700_00160.jpg,datasets_flow/dataset_cropped/10_Metas/29/07/20191029074700_00160.jpg,datasets_cloudmask/dataset_cropped/10_Metas/29/07/20191029074700_00160.png,22.2,163.4,14.6,12.8,960
10/29/2019 7:48,datasets/dataset_cropped/10_Metas/29/07/20191029074800_00160.jpg,datasets_flow/dataset_cropped/10_Metas/29/07/20191029074800_00160.jpg,datasets_cloudmask/dataset_cropped/10_Metas/29/07/20191029074800_00160.png,24.1,177.5,15.3,12.9,960
10/29/2019 7:49,datasets/dataset_cropped/10_Metas/29/07/20191029074900_00160.jpg,datasets_flow/dataset_cropped/10_Metas/29/07/20191029074900_00160.jpg,datasets_cloudmask/dataset_cropped/10_Metas/29/07/20191029074900_00160.png,26,191,16,12.8,960
10/29/2019 7:50,datasets/dataset_cropped/10_Metas/29/07/20191029075000_00160.jpg,datasets_flow/dataset_cropped/10_Metas/29/07/20191029075000_00160.jpg,datasets_cloudmask/dataset_cropped/10_Metas/29/07/20191029075000_00160.png,28,204.4,16.7,12.9,960
10/29/2019 7:51,datasets/dataset_cropped/10_Metas/29/07/20191029075100_00160.jpg,datasets_flow/dataset_cropped/10_Metas/29/07/20191029075100_00160.jpg,datasets_cloudmask/dataset_cropped/10_Metas/29/07/20191029075100_00160.png,29.8,218,17.1,12.9,960
10/29/2019 7:52,datasets/dataset_cropped/10_Metas/29/07/20191029075200_00160.jpg,datasets_flow/dataset_cropped/10_Metas/29/07/20191029075200_00160.jpg,datasets_cloudmask/dataset_cropped/10_Metas/29/07/20191029075200_00160.png,30,207.4,17.4,12.9,960
10/29/2019 7:53,datasets/dataset_cropped/10_Metas/29/07/20191029075300_00160.jpg,datasets_flow/dataset_cropped/10_Metas/29/07/20191029075300_00160.jpg,datasets_cloudmask/dataset_cropped/10_Metas/29/07/20191029075300_00160.png,25.6,125.2,17.8,13,960
10/29/2019 7:54,datasets/dataset_cropped/10_Metas/29/07/20191029075400_00160.jpg,datasets_flow/dataset_cropped/10_Metas/29/07/20191029075400_00160.jpg,datasets_cloudmask/dataset_cropped/10_Metas/29/07/20191029075400_00160.png,23.4,73.1,18.6,13,960
10/29/2019 7:55,datasets/dataset_cropped/10_Metas/29/07/20191029075500_00160.jpg,datasets_flow/dataset_cropped/10_Metas/29/07/20191029075500_00160.jpg,datasets_cloudmask/dataset_cropped/10_Metas/29/07/20191029075500_00160.png,29.1,131.7,19.8,13,960
10/29/2019 7:56,datasets/dataset_cropped/10_Metas/29/07/20191029075600_00160.jpg,datasets_flow/dataset_cropped/10_Metas/29/07/20191029075600_00160.jpg,datasets_cloudmask/dataset_cropped/10_Metas/29/07/20191029075600_00160.png,34.4,186.6,20.8,13,960
10/29/2019 7:57,datasets/dataset_cropped/10_Metas/29/07/20191029075700_00160.jpg,datasets_flow/dataset_cropped/10_Metas/29/07/20191029075700_00160.jpg,datasets_cloudmask/dataset_cropped/10_Metas/29/07/20191029075700_00160.png,40,237.9,21.8,13,961
10/29/2019 7:58,datasets/dataset_cropped/10_Metas/29/07/20191029075800_00160.jpg,datasets_flow/dataset_cropped/10_Metas/29/07/20191029075800_00160.jpg,datasets_cloudmask/dataset_cropped/10_Metas/29/07/20191029075800_00160.png,45.8,290.8,22.6,13.1,960
10/29/2019 7:59,datasets/dataset_cropped/10_Metas/29/07/20191029075900_00160.jpg,datasets_flow/dataset_cropped/10_Metas/29/07/20191029075900_00160.jpg,datasets_cloudmask/dataset_cropped/10_Metas/29/07/20191029075900_00160.png,49.7,318.3,23.4,13.2,961
10/29/2019 8:00,datasets/dataset_cropped/10_Metas/29/08/20191029080000_00160.jpg,datasets_flow/dataset_cropped/10_Metas/29/08/20191029080000_00160.jpg,datasets_cloudmask/dataset_cropped/10_Metas/29/08/20191029080000_00160.png,52.5,330.4,24.2,13.5,960
10/29/2019 8:01,datasets/dataset_cropped/10_Metas/29/08/20191029080100_00160.jpg,datasets_flow/dataset_cropped/10_Metas/29/08/20191029080100_00160.jpg,datasets_cloudmask/dataset_cropped/10_Metas/29/08/20191029080100_00160.png,54.9,337.2,25.1,13.8,961
10/29/2019 8:02,datasets/dataset_cropped/10_Metas/29/08/20191029080200_00160.jpg,datasets_flow/dataset_cropped/10_Metas/29/08/20191029080200_00160.jpg,datasets_cloudmask/dataset_cropped/10_Metas/29/08/20191029080200_00160.png,57.2,344.4,25.9,14,960
10/29/2019 8:03,datasets/dataset_cropped/10_Metas/29/08/20191029080300_00160.jpg,datasets_flow/dataset_cropped/10_Metas/29/08/20191029080300_00160.jpg,datasets_cloudmask/dataset_cropped/10_Metas/29/08/20191029080300_00160.png,59.2,348.2,26.6,14.1,960
10/29/2019 8:04,datasets/dataset_cropped/10_Metas/29/08/20191029080400_00160.jpg,datasets_flow/dataset_cropped/10_Metas/29/08/20191029080400_00160.jpg,datasets_cloudmask/dataset_cropped/10_Metas/29/08/20191029080400_00160.png,61.4,353.5,27.3,14.2,961
10/29/2019 8:05,datasets/dataset_cropped/10_Metas/29/08/20191029080500_00160.jpg,datasets_flow/dataset_cropped/10_Metas/29/08/20191029080500_00160.jpg,datasets_cloudmask/dataset_cropped/10_Metas/29/08/20191029080500_00160.png,63.3,355.1,28,14.3,960
10/29/2019 8:06,datasets/dataset_cropped/10_Metas/29/08/20191029080600_00160.jpg,datasets_flow/dataset_cropped/10_Metas/29/08/20191029080600_00160.jpg,datasets_cloudmask/dataset_cropped/10_Metas/29/08/20191029080600_00160.png,67.8,380.2,28.5,14.4,960
10/29/2019 8:07,datasets/dataset_cropped/10_Metas/29/08/20191029080700_00160.jpg,datasets_flow/dataset_cropped/10_Metas/29/08/20191029080700_00160.jpg,datasets_cloudmask/dataset_cropped/10_Metas/29/08/20191029080700_00160.png,71,393.5,29.1,14.5,960
10/29/2019 8:08,datasets/dataset_cropped/10_Metas/29/08/20191029080800_00160.jpg,datasets_flow/dataset_cropped/10_Metas/29/08/20191029080800_00160.jpg,datasets_cloudmask/dataset_cropped/10_Metas/29/08/20191029080800_00160.png,73.8,402.4,29.6,14.6,961
10/29/2019 8:09,datasets/dataset_cropped/10_Metas/29/08/20191029080900_00160.jpg,datasets_flow/dataset_cropped/10_Metas/29/08/20191029080900_00160.jpg,datasets_cloudmask/dataset_cropped/10_Metas/29/08/20191029080900_00160.png,76.6,411.4,30.2,14.7,961
10/29/2019 8:10,datasets/dataset_cropped/10_Metas/29/08/20191029081000_00160.jpg,datasets_flow/dataset_cropped/10_Metas/29/08/20191029081000_00160.jpg,datasets_cloudmask/dataset_cropped/10_Metas/29/08/20191029081000_00160.png,79.3,418.9,30.7,14.8,961
10/29/2019 8:11,datasets/dataset_cropped/10_Metas/29/08/20191029081100_00160.jpg,datasets_flow/dataset_cropped/10_Metas/29/08/20191029081100_00160.jpg,datasets_cloudmask/dataset_cropped/10_Metas/29/08/20191029081100_00160.png,82.1,426.8,31.4,14.8,961
10/29/2019 8:12,datasets/dataset_cropped/10_Metas/29/08/20191029081200_00160.jpg,datasets_flow/dataset_cropped/10_Metas/29/08/20191029081200_00160.jpg,datasets_cloudmask/dataset_cropped/10_Metas/29/08/20191029081200_00160.png,85.2,436.4,31.8,14.9,961
10/29/2019 8:13,datasets/dataset_cropped/10_Metas/29/08/20191029081300_00160.jpg,datasets_flow/dataset_cropped/10_Metas/29/08/20191029081300_00160.jpg,datasets_cloudmask/dataset_cropped/10_Metas/29/08/20191029081300_00160.png,88,444,32.2,14.9,961
10/29/2019 8:14,datasets/dataset_cropped/10_Metas/29/08/20191029081400_00160.jpg,datasets_flow/dataset_cropped/10_Metas/29/08/20191029081400_00160.jpg,datasets_cloudmask/dataset_cropped/10_Metas/29/08/20191029081400_00160.png,90.6,450,32.6,14.9,961
10/29/2019 8:15,datasets/dataset_cropped/10_Metas/29/08/20191029081500_00160.jpg,datasets_flow/dataset_cropped/10_Metas/29/08/20191029081500_00160.jpg,datasets_cloudmask/dataset_cropped/10_Metas/29/08/20191029081500_00160.png,93.1,456.3,32.9,15,961
10/29/2019 8:16,datasets/dataset_cropped/10_Metas/29/08/20191029081600_00160.jpg,datasets_flow/dataset_cropped/10_Metas/29/08/20191029081600_00160.jpg,datasets_cloudmask/dataset_cropped/10_Metas/29/08/20191029081600_00160.png,96.4,465.8,33.4,14.9,961
10/29/2019 8:17,datasets/dataset_cropped/10_Metas/29/08/20191029081700_00160.jpg,datasets_flow/dataset_cropped/10_Metas/29/08/20191029081700_00160.jpg,datasets_cloudmask/dataset_cropped/10_Metas/29/08/20191029081700_00160.png,99.4,473.4,33.8,14.9,961
10/29/2019 8:18,datasets/dataset_cropped/10_Metas/29/08/20191029081800_00160.jpg,datasets_flow/dataset_cropped/10_Metas/29/08/20191029081800_00160.jpg,datasets_cloudmask/dataset_cropped/10_Metas/29/08/20191029081800_00160.png,102.1,479.1,34.2,15,961
10/29/2019 8:19,datasets/dataset_cropped/10_Metas/29/08/20191029081900_00160.jpg,datasets_flow/dataset_cropped/10_Metas/29/08/20191029081900_00160.jpg,datasets_cloudmask/dataset_cropped/10_Metas/29/08/20191029081900_00160.png,104.9,484.9,34.7,15.1,961
10/29/2019 8:20,datasets/dataset_cropped/10_Metas/29/08/20191029082000_00160.jpg,datasets_flow/dataset_cropped/10_Metas/29/08/20191029082000_00160.jpg,datasets_cloudmask/dataset_cropped/10_Metas/29/08/20191029082000_00160.png,108.3,494.1,35.2,15.2,961
10/29/2019 8:21,datasets/dataset_cropped/10_Metas/29/08/20191029082100_00160.jpg,datasets_flow/dataset_cropped/10_Metas/29/08/20191029082100_00160.jpg,datasets_cloudmask/dataset_cropped/10_Metas/29/08/20191029082100_00160.png,111.6,501.9,35.7,15.3,961
10/29/2019 8:22,datasets/dataset_cropped/10_Metas/29/08/20191029082200_00160.jpg,datasets_flow/dataset_cropped/10_Metas/29/08/20191029082200_00160.jpg,datasets_cloudmask/dataset_cropped/10_Metas/29/08/20191029082200_00160.png,114.5,507.5,36.2,15.4,961
10/29/2019 8:23,datasets/dataset_cropped/10_Metas/29/08/20191029082300_00160.jpg,datasets_flow/dataset_cropped/10_Metas/29/08/20191029082300_00160.jpg,datasets_cloudmask/dataset_cropped/10_Metas/29/08/20191029082300_00160.png,117.9,515.7,36.8,15.5,961
10/29/2019 8:24,datasets/dataset_cropped/10_Metas/29/08/20191029082400_00160.jpg,datasets_flow/dataset_cropped/10_Metas/29/08/20191029082400_00160.jpg,datasets_cloudmask/dataset_cropped/10_Metas/29/08/20191029082400_00160.png,121,522.6,37.2,15.6,961
10/29/2019 8:25,datasets/dataset_cropped/10_Metas/29/08/20191029082500_00160.jpg,datasets_flow/dataset_cropped/10_Metas/29/08/20191029082500_00160.jpg,datasets_cloudmask/dataset_cropped/10_Metas/29/08/20191029082500_00160.png,124.2,528.7,37.6,15.7,961
10/29/2019 8:26,datasets/dataset_cropped/10_Metas/29/08/20191029082600_00160.jpg,datasets_flow/dataset_cropped/10_Metas/29/08/20191029082600_00160.jpg,datasets_cloudmask/dataset_cropped/10_Metas/29/08/20191029082600_00160.png,127.5,536.5,38,15.8,961
10/29/2019 8:27,datasets/dataset_cropped/10_Metas/29/08/20191029082700_00160.jpg,datasets_flow/dataset_cropped/10_Metas/29/08/20191029082700_00160.jpg,datasets_cloudmask/dataset_cropped/10_Metas/29/08/20191029082700_00160.png,130.5,542.7,38.4,15.7,961
10/29/2019 8:28,datasets/dataset_cropped/10_Metas/29/08/20191029082800_00160.jpg,datasets_flow/dataset_cropped/10_Metas/29/08/20191029082800_00160.jpg,datasets_cloudmask/dataset_cropped/10_Metas/29/08/20191029082800_00160.png,133.5,548.2,38.8,15.7,961
10/29/2019 8:29,datasets/dataset_cropped/10_Metas/29/08/20191029082900_00160.jpg,datasets_flow/dataset_cropped/10_Metas/29/08/20191029082900_00160.jpg,datasets_cloudmask/dataset_cropped/10_Metas/29/08/20191029082900_00160.png,136.6,553.8,39.3,15.8,961
10/29/2019 8:30,datasets/dataset_cropped/10_Metas/29/08/20191029083000_00160.jpg,datasets_flow/dataset_cropped/10_Metas/29/08/20191029083000_00160.jpg,datasets_cloudmask/dataset_cropped/10_Metas/29/08/20191029083000_00160.png,139.6,559.1,39.7,15.9,961
10/29/2019 8:31,datasets/dataset_cropped/10_Metas/29/08/20191029083100_00160.jpg,datasets_flow/dataset_cropped/10_Metas/29/08/20191029083100_00160.jpg,datasets_cloudmask/dataset_cropped/10_Metas/29/08/20191029083100_00160.png,143.2,566.8,40.1,16,961
10/29/2019 8:32,datasets/dataset_cropped/10_Metas/29/08/20191029083200_00160.jpg,datasets_flow/dataset_cropped/10_Metas/29/08/20191029083200_00160.jpg,datasets_cloudmask/dataset_cropped/10_Metas/29/08/20191029083200_00160.png,146.1,571,40.5,16.1,961
10/29/2019 8:33,datasets/dataset_cropped/10_Metas/29/08/20191029083300_00160.jpg,datasets_flow/dataset_cropped/10_Metas/29/08/20191029083300_00160.jpg,datasets_cloudmask/dataset_cropped/10_Metas/29/08/20191029083300_00160.png,149.1,575.7,40.9,16.2,961
10/29/2019 8:34,datasets/dataset_cropped/10_Metas/29/08/20191029083400_00160.jpg,datasets_flow/dataset_cropped/10_Metas/29/08/20191029083400_00160.jpg,datasets_cloudmask/dataset_cropped/10_Metas/29/08/20191029083400_00160.png,152.4,581.7,41.3,16.2,961
10/29/2019 8:35,datasets/dataset_cropped/10_Metas/29/08/20191029083500_00160.jpg,datasets_flow/dataset_cropped/10_Metas/29/08/20191029083500_00160.jpg,datasets_cloudmask/dataset_cropped/10_Metas/29/08/20191029083500_00160.png,155.6,587.4,41.7,16.3,961
10/29/2019 8:36,datasets/dataset_cropped/10_Metas/29/08/20191029083600_00160.jpg,datasets_flow/dataset_cropped/10_Metas/29/08/20191029083600_00160.jpg,datasets_cloudmask/dataset_cropped/10_Metas/29/08/20191029083600_00160.png,158.5,591.2,42.1,16.4,961
10/29/2019 8:37,datasets/dataset_cropped/10_Metas/29/08/20191029083700_00160.jpg,datasets_flow/dataset_cropped/10_Metas/29/08/20191029083700_00160.jpg,datasets_cloudmask/dataset_cropped/10_Metas/29/08/20191029083700_00160.png,161.6,596.1,42.5,16.5,961
10/29/2019 8:38,datasets/dataset_cropped/10_Metas/29/08/20191029083800_00160.jpg,datasets_flow/dataset_cropped/10_Metas/29/08/20191029083800_00160.jpg,datasets_cloudmask/dataset_cropped/10_Metas/29/08/20191029083800_00160.png,165.2,602.7,42.9,16.6,961
10/29/2019 8:39,datasets/dataset_cropped/10_Metas/29/08/20191029083900_00160.jpg,datasets_flow/dataset_cropped/10_Metas/29/08/20191029083900_00160.jpg,datasets_cloudmask/dataset_cropped/10_Metas/29/08/20191029083900_00160.png,168.3,607,43.3,16.7,961
10/29/2019 8:40,datasets/dataset_cropped/10_Metas/29/08/20191029084000_00160.jpg,datasets_flow/dataset_cropped/10_Metas/29/08/20191029084000_00160.jpg,datasets_cloudmask/dataset_cropped/10_Metas/29/08/20191029084000_00160.png,171,609.7,43.6,16.8,961
10/29/2019 8:41,datasets/dataset_cropped/10_Metas/29/08/20191029084100_00160.jpg,datasets_flow/dataset_cropped/10_Metas/29/08/20191029084100_00160.jpg,datasets_cloudmask/dataset_cropped/10_Metas/29/08/20191029084100_00160.png,173.9,613.5,44,16.9,961
10/29/2019 8:42,datasets/dataset_cropped/10_Metas/29/08/20191029084200_00160.jpg,datasets_flow/dataset_cropped/10_Metas/29/08/20191029084200_00160.jpg,datasets_cloudmask/dataset_cropped/10_Metas/29/08/20191029084200_00160.png,177.4,619.8,44.3,16.9,961
10/29/2019 8:43,datasets/dataset_cropped/10_Metas/29/08/20191029084300_00160.jpg,datasets_flow/dataset_cropped/10_Metas/29/08/20191029084300_00160.jpg,datasets_cloudmask/dataset_cropped/10_Metas/29/08/20191029084300_00160.png,180.6,624.6,44.7,17.1,961
10/29/2019 8:44,datasets/dataset_cropped/10_Metas/29/08/20191029084400_00160.jpg,datasets_flow/dataset_cropped/10_Metas/29/08/20191029084400_00160.jpg,datasets_cloudmask/dataset_cropped/10_Metas/29/08/20191029084400_00160.png,183.1,626.3,45.1,17.1,961
10/29/2019 8:45,datasets/dataset_cropped/10_Metas/29/08/20191029084500_00160.jpg,datasets_flow/dataset_cropped/10_Metas/29/08/20191029084500_00160.jpg,datasets_cloudmask/dataset_cropped/10_Metas/29/08/20191029084500_00160.png,186.5,631.7,45.4,17.2,961
10/29/2019 8:46,datasets/dataset_cropped/10_Metas/29/08/20191029084600_00160.jpg,datasets_flow/dataset_cropped/10_Metas/29/08/20191029084600_00160.jpg,datasets_cloudmask/dataset_cropped/10_Metas/29/08/20191029084600_00160.png,190.1,638,45.7,17.2,961
10/29/2019 8:47,datasets/dataset_cropped/10_Metas/29/08/20191029084700_00160.jpg,datasets_flow/dataset_cropped/10_Metas/29/08/20191029084700_00160.jpg,datasets_cloudmask/dataset_cropped/10_Metas/29/08/20191029084700_00160.png,192.9,640.9,46,17.2,961
10/29/2019 8:48,datasets/dataset_cropped/10_Metas/29/08/20191029084800_00160.jpg,datasets_flow/dataset_cropped/10_Metas/29/08/20191029084800_00160.jpg,datasets_cloudmask/dataset_cropped/10_Metas/29/08/20191029084800_00160.png,196.1,645.5,46.3,17.2,961
10/29/2019 8:49,datasets/dataset_cropped/10_Metas/29/08/20191029084900_00160.jpg,datasets_flow/dataset_cropped/10_Metas/29/08/20191029084900_00160.jpg,datasets_cloudmask/dataset_cropped/10_Metas/29/08/20191029084900_00160.png,199.3,649.7,46.5,17.3,961
10/29/2019 8:50,datasets/dataset_cropped/10_Metas/29/08/20191029085000_00160.jpg,datasets_flow/dataset_cropped/10_Metas/29/08/20191029085000_00160.jpg,datasets_cloudmask/dataset_cropped/10_Metas/29/08/20191029085000_00160.png,202.7,654.8,46.8,17.4,961
10/29/2019 8:51,datasets/dataset_cropped/10_Metas/29/08/20191029085100_00160.jpg,datasets_flow/dataset_cropped/10_Metas/29/08/20191029085100_00160.jpg,datasets_cloudmask/dataset_cropped/10_Metas/29/08/20191029085100_00160.png,205.6,657.6,47.1,17.5,961
10/29/2019 8:52,datasets/dataset_cropped/10_Metas/29/08/20191029085200_00160.jpg,datasets_flow/dataset_cropped/10_Metas/29/08/20191029085200_00160.jpg,datasets_cloudmask/dataset_cropped/10_Metas/29/08/20191029085200_00160.png,208.9,662.1,47.4,17.2,961
10/29/2019 8:53,datasets/dataset_cropped/10_Metas/29/08/20191029085300_00160.jpg,datasets_flow/dataset_cropped/10_Metas/29/08/20191029085300_00160.jpg,datasets_cloudmask/dataset_cropped/10_Metas/29/08/20191029085300_00160.png,212.2,667.4,47.5,17,961
10/29/2019 8:54,datasets/dataset_cropped/10_Metas/29/08/20191029085400_00160.jpg,datasets_flow/dataset_cropped/10_Metas/29/08/20191029085400_00160.jpg,datasets_cloudmask/dataset_cropped/10_Metas/29/08/20191029085400_00160.png,215,670.3,47.5,17.1,961
10/29/2019 8:55,datasets/dataset_cropped/10_Metas/29/08/20191029085500_00160.jpg,datasets_flow/dataset_cropped/10_Metas/29/08/20191029085500_00160.jpg,datasets_cloudmask/dataset_cropped/10_Metas/29/08/20191029085500_00160.png,218,673,47.8,17.1,961
10/29/2019 8:56,datasets/dataset_cropped/10_Metas/29/08/20191029085600_00160.jpg,datasets_flow/dataset_cropped/10_Metas/29/08/20191029085600_00160.jpg,datasets_cloudmask/dataset_cropped/10_Metas/29/08/20191029085600_00160.png,221.4,677.2,48.1,17.2,961
10/29/2019 8:57,datasets/dataset_cropped/10_Metas/29/08/20191029085700_00160.jpg,datasets_flow/dataset_cropped/10_Metas/29/08/20191029085700_00160.jpg,datasets_cloudmask/dataset_cropped/10_Metas/29/08/20191029085700_00160.png,224.7,680.8,48.6,17.3,961
10/29/2019 8:58,datasets/dataset_cropped/10_Metas/29/08/20191029085800_00160.jpg,datasets_flow/dataset_cropped/10_Metas/29/08/20191029085800_00160.jpg,datasets_cloudmask/dataset_cropped/10_Metas/29/08/20191029085800_00160.png,227.7,683.3,49,17.5,961
10/29/2019 8:59,datasets/dataset_cropped/10_Metas/29/08/20191029085900_00160.jpg,datasets_flow/dataset_cropped/10_Metas/29/08/20191029085900_00160.jpg,datasets_cloudmask/dataset_cropped/10_Metas/29/08/20191029085900_00160.png,230.8,687.7,49.1,17.6,961
10/29/2019 9:00,datasets/dataset_cropped/10_Metas/29/09/20191029090000_00160.jpg,datasets_flow/dataset_cropped/10_Metas/29/09/20191029090000_00160.jpg,datasets_cloudmask/dataset_cropped/10_Metas/29/09/20191029090000_00160.png,233.7,690.9,49.2,17.8,961
10/29/2019 9:01,datasets/dataset_cropped/10_Metas/29/09/20191029090100_00160.jpg,datasets_flow/dataset_cropped/10_Metas/29/09/20191029090100_00160.jpg,datasets_cloudmask/dataset_cropped/10_Metas/29/09/20191029090100_00160.png,236.6,693.3,49.3,17.9,961
10/29/2019 9:02,datasets/dataset_cropped/10_Metas/29/09/20191029090200_00160.jpg,datasets_flow/dataset_cropped/10_Metas/29/09/20191029090200_00160.jpg,datasets_cloudmask/dataset_cropped/10_Metas/29/09/20191029090200_00160.png,239.7,696.2,49.5,17.7,961
10/29/2019 9:03,datasets/dataset_cropped/10_Metas/29/09/20191029090300_00160.jpg,datasets_flow/dataset_cropped/10_Metas/29/09/20191029090300_00160.jpg,datasets_cloudmask/dataset_cropped/10_Metas/29/09/20191029090300_00160.png,243.1,699.7,49.9,17.4,961
10/29/2019 9:04,datasets/dataset_cropped/10_Metas/29/09/20191029090400_00160.jpg,datasets_flow/dataset_cropped/10_Metas/29/09/20191029090400_00160.jpg,datasets_cloudmask/dataset_cropped/10_Metas/29/09/20191029090400_00160.png,246.4,702.5,50.4,17.1,961
10/29/2019 9:05,datasets/dataset_cropped/10_Metas/29/09/20191029090500_00160.jpg,datasets_flow/dataset_cropped/10_Metas/29/09/20191029090500_00160.jpg,datasets_cloudmask/dataset_cropped/10_Metas/29/09/20191029090500_00160.png,249.5,705.1,50.7,17.1,961
10/29/2019 9:06,datasets/dataset_cropped/10_Metas/29/09/20191029090600_00160.jpg,datasets_flow/dataset_cropped/10_Metas/29/09/20191029090600_00160.jpg,datasets_cloudmask/dataset_cropped/10_Metas/29/09/20191029090600_00160.png,252.6,707.9,51,17.1,961
10/29/2019 9:07,datasets/dataset_cropped/10_Metas/29/09/20191029090700_00160.jpg,datasets_flow/dataset_cropped/10_Metas/29/09/20191029090700_00160.jpg,datasets_cloudmask/dataset_cropped/10_Metas/29/09/20191029090700_00160.png,255.8,711.5,51.6,17,961
10/29/2019 9:08,datasets/dataset_cropped/10_Metas/29/09/20191029090800_00160.jpg,datasets_flow/dataset_cropped/10_Metas/29/09/20191029090800_00160.jpg,datasets_cloudmask/dataset_cropped/10_Metas/29/09/20191029090800_00160.png,259,715.4,51.6,16.9,961
10/29/2019 9:09,datasets/dataset_cropped/10_Metas/29/09/20191029090900_00160.jpg,datasets_flow/dataset_cropped/10_Metas/29/09/20191029090900_00160.jpg,datasets_cloudmask/dataset_cropped/10_Metas/29/09/20191029090900_00160.png,262.1,719.1,51.5,16.8,961
10/29/2019 9:10,datasets/dataset_cropped/10_Metas/29/09/20191029091000_00160.jpg,datasets_flow/dataset_cropped/10_Metas/29/09/20191029091000_00160.jpg,datasets_cloudmask/dataset_cropped/10_Metas/29/09/20191029091000_00160.png,265.1,721.8,51.5,16.7,961
10/29/2019 9:11,datasets/dataset_cropped/10_Metas/29/09/20191029091100_00160.jpg,datasets_flow/dataset_cropped/10_Metas/29/09/20191029091100_00160.jpg,datasets_cloudmask/dataset_cropped/10_Metas/29/09/20191029091100_00160.png,268.4,724.8,52,16.6,961
10/29/2019 9:12,datasets/dataset_cropped/10_Metas/29/09/20191029091200_00160.jpg,datasets_flow/dataset_cropped/10_Metas/29/09/20191029091200_00160.jpg,datasets_cloudmask/dataset_cropped/10_Metas/29/09/20191029091200_00160.png,271.7,728.2,52.3,16.7,961
10/29/2019 9:13,datasets/dataset_cropped/10_Metas/29/09/20191029091300_00160.jpg,datasets_flow/dataset_cropped/10_Metas/29/09/20191029091300_00160.jpg,datasets_cloudmask/dataset_cropped/10_Metas/29/09/20191029091300_00160.png,274.5,730.6,52.2,16.7,961
10/29/2019 9:14,datasets/dataset_cropped/10_Metas/29/09/20191029091400_00160.jpg,datasets_flow/dataset_cropped/10_Metas/29/09/20191029091400_00160.jpg,datasets_cloudmask/dataset_cropped/10_Metas/29/09/20191029091400_00160.png,277.7,733.5,52.4,16.7,961
10/29/2019 9:15,datasets/dataset_cropped/10_Metas/29/09/20191029091500_00160.jpg,datasets_flow/dataset_cropped/10_Metas/29/09/20191029091500_00160.jpg,datasets_cloudmask/dataset_cropped/10_Metas/29/09/20191029091500_00160.png,280.7,735.5,52.6,16.8,961
10/29/2019 9:16,datasets/dataset_cropped/10_Metas/29/09/20191029091600_00160.jpg,datasets_flow/dataset_cropped/10_Metas/29/09/20191029091600_00160.jpg,datasets_cloudmask/dataset_cropped/10_Metas/29/09/20191029091600_00160.png,284,739,53,16.9,961
10/29/2019 9:17,datasets/dataset_cropped/10_Metas/29/09/20191029091700_00160.jpg,datasets_flow/dataset_cropped/10_Metas/29/09/20191029091700_00160.jpg,datasets_cloudmask/dataset_cropped/10_Metas/29/09/20191029091700_00160.png,287.5,742.8,53.3,17.2,961
10/29/2019 9:18,datasets/dataset_cropped/10_Metas/29/09/20191029091800_00160.jpg,datasets_flow/dataset_cropped/10_Metas/29/09/20191029091800_00160.jpg,datasets_cloudmask/dataset_cropped/10_Metas/29/09/20191029091800_00160.png,290.5,745.3,53.5,17.3,961
10/29/2019 9:19,datasets/dataset_cropped/10_Metas/29/09/20191029091900_00160.jpg,datasets_flow/dataset_cropped/10_Metas/29/09/20191029091900_00160.jpg,datasets_cloudmask/dataset_cropped/10_Metas/29/09/20191029091900_00160.png,293.5,747.8,53.7,17.3,961
10/29/2019 9:20,datasets/dataset_cropped/10_Metas/29/09/20191029092000_00160.jpg,datasets_flow/dataset_cropped/10_Metas/29/09/20191029092000_00160.jpg,datasets_cloudmask/dataset_cropped/10_Metas/29/09/20191029092000_00160.png,297.1,751.9,54,17.5,961
10/29/2019 9:21,datasets/dataset_cropped/10_Metas/29/09/20191029092100_00160.jpg,datasets_flow/dataset_cropped/10_Metas/29/09/20191029092100_00160.jpg,datasets_cloudmask/dataset_cropped/10_Metas/29/09/20191029092100_00160.png,299.7,753.4,54.1,17.6,961
10/29/2019 9:22,datasets/dataset_cropped/10_Metas/29/09/20191029092200_00160.jpg,datasets_flow/dataset_cropped/10_Metas/29/09/20191029092200_00160.jpg,datasets_cloudmask/dataset_cropped/10_Metas/29/09/20191029092200_00160.png,303,756.3,54.4,17.6,961
10/29/2019 9:23,datasets/dataset_cropped/10_Metas/29/09/20191029092300_00160.jpg,datasets_flow/dataset_cropped/10_Metas/29/09/20191029092300_00160.jpg,datasets_cloudmask/dataset_cropped/10_Metas/29/09/20191029092300_00160.png,306.1,758.9,54.5,17.5,961
10/29/2019 9:24,datasets/dataset_cropped/10_Metas/29/09/20191029092400_00160.jpg,datasets_flow/dataset_cropped/10_Metas/29/09/20191029092400_00160.jpg,datasets_cloudmask/dataset_cropped/10_Metas/29/09/20191029092400_00160.png,309.1,761.7,54.7,17.6,961
10/29/2019 9:25,datasets/dataset_cropped/10_Metas/29/09/20191029092500_00160.jpg,datasets_flow/dataset_cropped/10_Metas/29/09/20191029092500_00160.jpg,datasets_cloudmask/dataset_cropped/10_Metas/29/09/20191029092500_00160.png,312.4,764.5,55.1,17.6,961
10/29/2019 9:26,datasets/dataset_cropped/10_Metas/29/09/20191029092600_00160.jpg,datasets_flow/dataset_cropped/10_Metas/29/09/20191029092600_00160.jpg,datasets_cloudmask/dataset_cropped/10_Metas/29/09/20191029092600_00160.png,315.4,766.8,55.2,17.8,961
10/29/2019 9:27,datasets/dataset_cropped/10_Metas/29/09/20191029092700_00160.jpg,datasets_flow/dataset_cropped/10_Metas/29/09/20191029092700_00160.jpg,datasets_cloudmask/dataset_cropped/10_Metas/29/09/20191029092700_00160.png,318.3,769,55.5,17.9,961
10/29/2019 9:28,datasets/dataset_cropped/10_Metas/29/09/20191029092800_00160.jpg,datasets_flow/dataset_cropped/10_Metas/29/09/20191029092800_00160.jpg,datasets_cloudmask/dataset_cropped/10_Metas/29/09/20191029092800_00160.png,321.1,771,55.6,18,961
10/29/2019 9:29,datasets/dataset_cropped/10_Metas/29/09/20191029092900_00160.jpg,datasets_flow/dataset_cropped/10_Metas/29/09/20191029092900_00160.jpg,datasets_cloudmask/dataset_cropped/10_Metas/29/09/20191029092900_00160.png,324.4,774.2,55.7,18.1,961
10/29/2019 9:30,datasets/dataset_cropped/10_Metas/29/09/20191029093000_00160.jpg,datasets_flow/dataset_cropped/10_Metas/29/09/20191029093000_00160.jpg,datasets_cloudmask/dataset_cropped/10_Metas/29/09/20191029093000_00160.png,327.7,777.1,56,18.2,961
10/29/2019 9:31,datasets/dataset_cropped/10_Metas/29/09/20191029093100_00160.jpg,datasets_flow/dataset_cropped/10_Metas/29/09/20191029093100_00160.jpg,datasets_cloudmask/dataset_cropped/10_Metas/29/09/20191029093100_00160.png,330.5,778.6,56.4,18.2,961
10/29/2019 9:32,datasets/dataset_cropped/10_Metas/29/09/20191029093200_00160.jpg,datasets_flow/dataset_cropped/10_Metas/29/09/20191029093200_00160.jpg,datasets_cloudmask/dataset_cropped/10_Metas/29/09/20191029093200_00160.png,333,779.9,56.5,18.2,961
10/29/2019 9:33,datasets/dataset_cropped/10_Metas/29/09/20191029093300_00160.jpg,datasets_flow/dataset_cropped/10_Metas/29/09/20191029093300_00160.jpg,datasets_cloudmask/dataset_cropped/10_Metas/29/09/20191029093300_00160.png,336.1,782.5,56.5,18.2,961
10/29/2019 9:34,datasets/dataset_cropped/10_Metas/29/09/20191029093400_00160.jpg,datasets_flow/dataset_cropped/10_Metas/29/09/20191029093400_00160.jpg,datasets_cloudmask/dataset_cropped/10_Metas/29/09/20191029093400_00160.png,339.1,784.5,56.7,18.3,961
10/29/2019 9:35,datasets/dataset_cropped/10_Metas/29/09/20191029093500_00160.jpg,datasets_flow/dataset_cropped/10_Metas/29/09/20191029093500_00160.jpg,datasets_cloudmask/dataset_cropped/10_Metas/29/09/20191029093500_00160.png,341.9,786.3,56.9,18.2,961
10/29/2019 9:36,datasets/dataset_cropped/10_Metas/29/09/20191029093600_00160.jpg,datasets_flow/dataset_cropped/10_Metas/29/09/20191029093600_00160.jpg,datasets_cloudmask/dataset_cropped/10_Metas/29/09/20191029093600_00160.png,344.8,787.8,57.2,18.2,961
10/29/2019 9:37,datasets/dataset_cropped/10_Metas/29/09/20191029093700_00160.jpg,datasets_flow/dataset_cropped/10_Metas/29/09/20191029093700_00160.jpg,datasets_cloudmask/dataset_cropped/10_Metas/29/09/20191029093700_00160.png,348.2,790.7,57.4,18.4,961
10/29/2019 9:38,datasets/dataset_cropped/10_Metas/29/09/20191029093800_00160.jpg,datasets_flow/dataset_cropped/10_Metas/29/09/20191029093800_00160.jpg,datasets_cloudmask/dataset_cropped/10_Metas/29/09/20191029093800_00160.png,350.8,792.3,57.5,18.6,961
10/29/2019 9:39,datasets/dataset_cropped/10_Metas/29/09/20191029093900_00160.jpg,datasets_flow/dataset_cropped/10_Metas/29/09/20191029093900_00160.jpg,datasets_cloudmask/dataset_cropped/10_Metas/29/09/20191029093900_00160.png,353.7,794.1,57.8,18.8,961
10/29/2019 9:40,datasets/dataset_cropped/10_Metas/29/09/20191029094000_00160.jpg,datasets_flow/dataset_cropped/10_Metas/29/09/20191029094000_00160.jpg,datasets_cloudmask/dataset_cropped/10_Metas/29/09/20191029094000_00160.png,356.5,795.9,57.9,18.9,961
10/29/2019 9:41,datasets/dataset_cropped/10_Metas/29/09/20191029094100_00160.jpg,datasets_flow/dataset_cropped/10_Metas/29/09/20191029094100_00160.jpg,datasets_cloudmask/dataset_cropped/10_Metas/29/09/20191029094100_00160.png,359.2,797.2,58.1,18.9,961
10/29/2019 9:42,datasets/dataset_cropped/10_Metas/29/09/20191029094200_00160.jpg,datasets_flow/dataset_cropped/10_Metas/29/09/20191029094200_00160.jpg,datasets_cloudmask/dataset_cropped/10_Metas/29/09/20191029094200_00160.png,362.2,799.6,58.2,18.8,961
10/29/2019 9:43,datasets/dataset_cropped/10_Metas/29/09/20191029094300_00160.jpg,datasets_flow/dataset_cropped/10_Metas/29/09/20191029094300_00160.jpg,datasets_cloudmask/dataset_cropped/10_Metas/29/09/20191029094300_00160.png,365.1,802,58.2,18.9,961
10/29/2019 9:44,datasets/dataset_cropped/10_Metas/29/09/20191029094400_00160.jpg,datasets_flow/dataset_cropped/10_Metas/29/09/20191029094400_00160.jpg,datasets_cloudmask/dataset_cropped/10_Metas/29/09/20191029094400_00160.png,368,803,58.3,19,961
10/29/2019 9:45,datasets/dataset_cropped/10_Metas/29/09/20191029094500_00160.jpg,datasets_flow/dataset_cropped/10_Metas/29/09/20191029094500_00160.jpg,datasets_cloudmask/dataset_cropped/10_Metas/29/09/20191029094500_00160.png,371.1,806,58.7,19.1,962
10/29/2019 9:46,datasets/dataset_cropped/10_Metas/29/09/20191029094600_00160.jpg,datasets_flow/dataset_cropped/10_Metas/29/09/20191029094600_00160.jpg,datasets_cloudmask/dataset_cropped/10_Metas/29/09/20191029094600_00160.png,374.1,807,58.9,19.2,961
10/29/2019 9:47,datasets/dataset_cropped/10_Metas/29/09/20191029094700_00160.jpg,datasets_flow/dataset_cropped/10_Metas/29/09/20191029094700_00160.jpg,datasets_cloudmask/dataset_cropped/10_Metas/29/09/20191029094700_00160.png,376.7,809,59,19.3,961
10/29/2019 9:48,datasets/dataset_cropped/10_Metas/29/09/20191029094800_00160.jpg,datasets_flow/dataset_cropped/10_Metas/29/09/20191029094800_00160.jpg,datasets_cloudmask/dataset_cropped/10_Metas/29/09/20191029094800_00160.png,379.7,811,59.3,19.5,962
10/29/2019 9:49,datasets/dataset_cropped/10_Metas/29/09/20191029094900_00160.jpg,datasets_flow/dataset_cropped/10_Metas/29/09/20191029094900_00160.jpg,datasets_cloudmask/dataset_cropped/10_Metas/29/09/20191029094900_00160.png,382.7,813,59.7,19.6,961
10/29/2019 9:50,datasets/dataset_cropped/10_Metas/29/09/20191029095000_00160.jpg,datasets_flow/dataset_cropped/10_Metas/29/09/20191029095000_00160.jpg,datasets_cloudmask/dataset_cropped/10_Metas/29/09/20191029095000_00160.png,385.2,814,59.8,19.7,962
10/29/2019 9:51,datasets/dataset_cropped/10_Metas/29/09/20191029095100_00160.jpg,datasets_flow/dataset_cropped/10_Metas/29/09/20191029095100_00160.jpg,datasets_cloudmask/dataset_cropped/10_Metas/29/09/20191029095100_00160.png,387.9,815,60.1,19.9,962
10/29/2019 9:52,datasets/dataset_cropped/10_Metas/29/09/20191029095200_00160.jpg,datasets_flow/dataset_cropped/10_Metas/29/09/20191029095200_00160.jpg,datasets_cloudmask/dataset_cropped/10_Metas/29/09/20191029095200_00160.png,390.4,817,60.2,20.1,962
10/29/2019 9:53,datasets/dataset_cropped/10_Metas/29/09/20191029095300_00160.jpg,datasets_flow/dataset_cropped/10_Metas/29/09/20191029095300_00160.jpg,datasets_cloudmask/dataset_cropped/10_Metas/29/09/20191029095300_00160.png,392.7,817,60.7,20.1,962
10/29/2019 9:54,datasets/dataset_cropped/10_Metas/29/09/20191029095400_00160.jpg,datasets_flow/dataset_cropped/10_Metas/29/09/20191029095400_00160.jpg,datasets_cloudmask/dataset_cropped/10_Metas/29/09/20191029095400_00160.png,395.5,819,60.8,19.9,962
10/29/2019 9:55,datasets/dataset_cropped/10_Metas/29/09/20191029095500_00160.jpg,datasets_flow/dataset_cropped/10_Metas/29/09/20191029095500_00160.jpg,datasets_cloudmask/dataset_cropped/10_Metas/29/09/20191029095500_00160.png,398.4,821,60.9,19.8,962
10/29/2019 9:56,datasets/dataset_cropped/10_Metas/29/09/20191029095600_00160.jpg,datasets_flow/dataset_cropped/10_Metas/29/09/20191029095600_00160.jpg,datasets_cloudmask/dataset_cropped/10_Metas/29/09/20191029095600_00160.png,401,822,61,19.9,962
10/29/2019 9:57,datasets/dataset_cropped/10_Metas/29/09/20191029095700_00160.jpg,datasets_flow/dataset_cropped/10_Metas/29/09/20191029095700_00160.jpg,datasets_cloudmask/dataset_cropped/10_Metas/29/09/20191029095700_00160.png,403.5,823,60.9,19.9,962
10/29/2019 9:58,datasets/dataset_cropped/10_Metas/29/09/20191029095800_00160.jpg,datasets_flow/dataset_cropped/10_Metas/29/09/20191029095800_00160.jpg,datasets_cloudmask/dataset_cropped/10_Metas/29/09/20191029095800_00160.png,406.4,824,61.1,19.9,962
10/29/2019 9:59,datasets/dataset_cropped/10_Metas/29/09/20191029095900_00160.jpg,datasets_flow/dataset_cropped/10_Metas/29/09/20191029095900_00160.jpg,datasets_cloudmask/dataset_cropped/10_Metas/29/09/20191029095900_00160.png,409.4,826,61.3,20,962
10/29/2019 10:00,datasets/dataset_cropped/10_Metas/29/10/20191029100000_00160.jpg,datasets_flow/dataset_cropped/10_Metas/29/10/20191029100000_00160.jpg,datasets_cloudmask/dataset_cropped/10_Metas/29/10/20191029100000_00160.png,411.5,826,61.2,19.9,962
10/29/2019 10:01,datasets/dataset_cropped/10_Metas/29/10/20191029100100_00160.jpg,datasets_flow/dataset_cropped/10_Metas/29/10/20191029100100_00160.jpg,datasets_cloudmask/dataset_cropped/10_Metas/29/10/20191029100100_00160.png,414.1,827,61.4,19.8,962
10/29/2019 10:02,datasets/dataset_cropped/10_Metas/29/10/20191029100200_00160.jpg,datasets_flow/dataset_cropped/10_Metas/29/10/20191029100200_00160.jpg,datasets_cloudmask/dataset_cropped/10_Metas/29/10/20191029100200_00160.png,417,829,61.5,19.8,962
10/29/2019 10:03,datasets/dataset_cropped/10_Metas/29/10/20191029100300_00160.jpg,datasets_flow/dataset_cropped/10_Metas/29/10/20191029100300_00160.jpg,datasets_cloudmask/dataset_cropped/10_Metas/29/10/20191029100300_00160.png,419.9,830,61.5,19.6,962
10/29/2019 10:04,datasets/dataset_cropped/10_Metas/29/10/20191029100400_00160.jpg,datasets_flow/dataset_cropped/10_Metas/29/10/20191029100400_00160.jpg,datasets_cloudmask/dataset_cropped/10_Metas/29/10/20191029100400_00160.png,422.5,831,61.6,19.5,962
10/29/2019 10:05,datasets/dataset_cropped/10_Metas/29/10/20191029100500_00160.jpg,datasets_flow/dataset_cropped/10_Metas/29/10/20191029100500_00160.jpg,datasets_cloudmask/dataset_cropped/10_Metas/29/10/20191029100500_00160.png,425,832,61.9,19.6,962
10/29/2019 10:06,datasets/dataset_cropped/10_Metas/29/10/20191029100600_00160.jpg,datasets_flow/dataset_cropped/10_Metas/29/10/20191029100600_00160.jpg,datasets_cloudmask/dataset_cropped/10_Metas/29/10/20191029100600_00160.png,427.9,834,62.3,19.6,962
10/29/2019 10:07,datasets/dataset_cropped/10_Metas/29/10/20191029100700_00160.jpg,datasets_flow/dataset_cropped/10_Metas/29/10/20191029100700_00160.jpg,datasets_cloudmask/dataset_cropped/10_Metas/29/10/20191029100700_00160.png,430.4,835,62.3,19.7,962
10/29/2019 10:08,datasets/dataset_cropped/10_Metas/29/10/20191029100800_00160.jpg,datasets_flow/dataset_cropped/10_Metas/29/10/20191029100800_00160.jpg,datasets_cloudmask/dataset_cropped/10_Metas/29/10/20191029100800_00160.png,432.7,836,62.5,19.8,962
10/29/2019 10:09,datasets/dataset_cropped/10_Metas/29/10/20191029100900_00160.jpg,datasets_flow/dataset_cropped/10_Metas/29/10/20191029100900_00160.jpg,datasets_cloudmask/dataset_cropped/10_Metas/29/10/20191029100900_00160.png,435.1,837,62.6,19.7,962
10/29/2019 10:10,datasets/dataset_cropped/10_Metas/29/10/20191029101000_00160.jpg,datasets_flow/dataset_cropped/10_Metas/29/10/20191029101000_00160.jpg,datasets_cloudmask/dataset_cropped/10_Metas/29/10/20191029101000_00160.png,437.5,838,62.7,19.6,962
10/29/2019 10:11,datasets/dataset_cropped/10_Metas/29/10/20191029101100_00160.jpg,datasets_flow/dataset_cropped/10_Metas/29/10/20191029101100_00160.jpg,datasets_cloudmask/dataset_cropped/10_Metas/29/10/20191029101100_00160.png,440.4,840,63,19.7,962
10/29/2019 10:12,datasets/dataset_cropped/10_Metas/29/10/20191029101200_00160.jpg,datasets_flow/dataset_cropped/10_Metas/29/10/20191029101200_00160.jpg,datasets_cloudmask/dataset_cropped/10_Metas/29/10/20191029101200_00160.png,443.1,841,63.4,19.9,962
10/29/2019 10:13,datasets/dataset_cropped/10_Metas/29/10/20191029101300_00160.jpg,datasets_flow/dataset_cropped/10_Metas/29/10/20191029101300_00160.jpg,datasets_cloudmask/dataset_cropped/10_Metas/29/10/20191029101300_00160.png,445.5,842,63.4,19.9,962
10/29/2019 10:14,datasets/dataset_cropped/10_Metas/29/10/20191029101400_00160.jpg,datasets_flow/dataset_cropped/10_Metas/29/10/20191029101400_00160.jpg,datasets_cloudmask/dataset_cropped/10_Metas/29/10/20191029101400_00160.png,447.5,843,63.5,19.8,962
10/29/2019 10:15,datasets/dataset_cropped/10_Metas/29/10/20191029101500_00160.jpg,datasets_flow/dataset_cropped/10_Metas/29/10/20191029101500_00160.jpg,datasets_cloudmask/dataset_cropped/10_Metas/29/10/20191029101500_00160.png,450.1,844,63.7,19.9,962
10/29/2019 10:16,datasets/dataset_cropped/10_Metas/29/10/20191029101600_00160.jpg,datasets_flow/dataset_cropped/10_Metas/29/10/20191029101600_00160.jpg,datasets_cloudmask/dataset_cropped/10_Metas/29/10/20191029101600_00160.png,452.2,844,63.7,20.1,962
10/29/2019 10:17,datasets/dataset_cropped/10_Metas/29/10/20191029101700_00160.jpg,datasets_flow/dataset_cropped/10_Metas/29/10/20191029101700_00160.jpg,datasets_cloudmask/dataset_cropped/10_Metas/29/10/20191029101700_00160.png,454.5,846,63.9,20,962
10/29/2019 10:18,datasets/dataset_cropped/10_Metas/29/10/20191029101800_00160.jpg,datasets_flow/dataset_cropped/10_Metas/29/10/20191029101800_00160.jpg,datasets_cloudmask/dataset_cropped/10_Metas/29/10/20191029101800_00160.png,457.6,848,64.2,19.8,962
10/29/2019 10:19,datasets/dataset_cropped/10_Metas/29/10/20191029101900_00160.jpg,datasets_flow/dataset_cropped/10_Metas/29/10/20191029101900_00160.jpg,datasets_cloudmask/dataset_cropped/10_Metas/29/10/20191029101900_00160.png,460.5,850,64.2,19.8,962
10/29/2019 10:20,datasets/dataset_cropped/10_Metas/29/10/20191029102000_00160.jpg,datasets_flow/dataset_cropped/10_Metas/29/10/20191029102000_00160.jpg,datasets_cloudmask/dataset_cropped/10_Metas/29/10/20191029102000_00160.png,463.2,852,64.3,20,962
10/29/2019 10:21,datasets/dataset_cropped/10_Metas/29/10/20191029102100_00160.jpg,datasets_flow/dataset_cropped/10_Metas/29/10/20191029102100_00160.jpg,datasets_cloudmask/dataset_cropped/10_Metas/29/10/20191029102100_00160.png,465.9,853,64.4,20.2,962
10/29/2019 10:22,datasets/dataset_cropped/10_Metas/29/10/20191029102200_00160.jpg,datasets_flow/dataset_cropped/10_Metas/29/10/20191029102200_00160.jpg,datasets_cloudmask/dataset_cropped/10_Metas/29/10/20191029102200_00160.png,468.3,854,64.3,20.3,962
10/29/2019 10:23,datasets/dataset_cropped/10_Metas/29/10/20191029102300_00160.jpg,datasets_flow/dataset_cropped/10_Metas/29/10/20191029102300_00160.jpg,datasets_cloudmask/dataset_cropped/10_Metas/29/10/20191029102300_00160.png,470.6,855,64.4,20.4,962
10/29/2019 10:24,datasets/dataset_cropped/10_Metas/29/10/20191029102400_00160.jpg,datasets_flow/dataset_cropped/10_Metas/29/10/20191029102400_00160.jpg,datasets_cloudmask/dataset_cropped/10_Metas/29/10/20191029102400_00160.png,473.1,856,64.7,20.3,962
10/29/2019 10:25,datasets/dataset_cropped/10_Metas/29/10/20191029102500_00160.jpg,datasets_flow/dataset_cropped/10_Metas/29/10/20191029102500_00160.jpg,datasets_cloudmask/dataset_cropped/10_Metas/29/10/20191029102500_00160.png,475.2,856,65,20.1,962
10/29/2019 10:26,datasets/dataset_cropped/10_Metas/29/10/20191029102600_00160.jpg,datasets_flow/dataset_cropped/10_Metas/29/10/20191029102600_00160.jpg,datasets_cloudmask/dataset_cropped/10_Metas/29/10/20191029102600_00160.png,477.1,857,65,20.1,962
10/29/2019 10:27,datasets/dataset_cropped/10_Metas/29/10/20191029102700_00160.jpg,datasets_flow/dataset_cropped/10_Metas/29/10/20191029102700_00160.jpg,datasets_cloudmask/dataset_cropped/10_Metas/29/10/20191029102700_00160.png,479.8,859,65.3,20,962
10/29/2019 10:28,datasets/dataset_cropped/10_Metas/29/10/20191029102800_00160.jpg,datasets_flow/dataset_cropped/10_Metas/29/10/20191029102800_00160.jpg,datasets_cloudmask/dataset_cropped/10_Metas/29/10/20191029102800_00160.png,482.1,860,65.7,20,962
10/29/2019 10:29,datasets/dataset_cropped/10_Metas/29/10/20191029102900_00160.jpg,datasets_flow/dataset_cropped/10_Metas/29/10/20191029102900_00160.jpg,datasets_cloudmask/dataset_cropped/10_Metas/29/10/20191029102900_00160.png,484.2,861,65.5,20,962
10/29/2019 10:30,datasets/dataset_cropped/10_Metas/29/10/20191029103000_00160.jpg,datasets_flow/dataset_cropped/10_Metas/29/10/20191029103000_00160.jpg,datasets_cloudmask/dataset_cropped/10_Metas/29/10/20191029103000_00160.png,486.3,861,65.6,20.1,962
10/29/2019 10:31,datasets/dataset_cropped/10_Metas/29/10/20191029103100_00160.jpg,datasets_flow/dataset_cropped/10_Metas/29/10/20191029103100_00160.jpg,datasets_cloudmask/dataset_cropped/10_Metas/29/10/20191029103100_00160.png,488.6,862,65.5,20.2,962
10/29/2019 10:32,datasets/dataset_cropped/10_Metas/29/10/20191029103200_00160.jpg,datasets_flow/dataset_cropped/10_Metas/29/10/20191029103200_00160.jpg,datasets_cloudmask/dataset_cropped/10_Metas/29/10/20191029103200_00160.png,491.1,864,65.6,20.3,962
10/29/2019 10:33,datasets/dataset_cropped/10_Metas/29/10/20191029103300_00160.jpg,datasets_flow/dataset_cropped/10_Metas/29/10/20191029103300_00160.jpg,datasets_cloudmask/dataset_cropped/10_Metas/29/10/20191029103300_00160.png,493.5,865,65.8,20.2,962
10/29/2019 10:34,datasets/dataset_cropped/10_Metas/29/10/20191029103400_00160.jpg,datasets_flow/dataset_cropped/10_Metas/29/10/20191029103400_00160.jpg,datasets_cloudmask/dataset_cropped/10_Metas/29/10/20191029103400_00160.png,495.6,867,66,20.2,962
10/29/2019 10:35,datasets/dataset_cropped/10_Metas/29/10/20191029103500_00160.jpg,datasets_flow/dataset_cropped/10_Metas/29/10/20191029103500_00160.jpg,datasets_cloudmask/dataset_cropped/10_Metas/29/10/20191029103500_00160.png,498.2,868,66.3,20.2,962
10/29/2019 10:36,datasets/dataset_cropped/10_Metas/29/10/20191029103600_00160.jpg,datasets_flow/dataset_cropped/10_Metas/29/10/20191029103600_00160.jpg,datasets_cloudmask/dataset_cropped/10_Metas/29/10/20191029103600_00160.png,500.7,869,66.8,20.1,962
10/29/2019 10:37,datasets/dataset_cropped/10_Metas/29/10/20191029103700_00160.jpg,datasets_flow/dataset_cropped/10_Metas/29/10/20191029103700_00160.jpg,datasets_cloudmask/dataset_cropped/10_Metas/29/10/20191029103700_00160.png,502.8,870,66.5,20,962
10/29/2019 10:38,datasets/dataset_cropped/10_Metas/29/10/20191029103800_00160.jpg,datasets_flow/dataset_cropped/10_Metas/29/10/20191029103800_00160.jpg,datasets_cloudmask/dataset_cropped/10_Metas/29/10/20191029103800_00160.png,504.6,870,66.2,20.1,962
10/29/2019 10:39,datasets/dataset_cropped/10_Metas/29/10/20191029103900_00160.jpg,datasets_flow/dataset_cropped/10_Metas/29/10/20191029103900_00160.jpg,datasets_cloudmask/dataset_cropped/10_Metas/29/10/20191029103900_00160.png,506.8,871,66.2,20.2,962
10/29/2019 10:40,datasets/dataset_cropped/10_Metas/29/10/20191029104000_00160.jpg,datasets_flow/dataset_cropped/10_Metas/29/10/20191029104000_00160.jpg,datasets_cloudmask/dataset_cropped/10_Metas/29/10/20191029104000_00160.png,509.3,872,66.5,20.4,962
10/29/2019 10:41,datasets/dataset_cropped/10_Metas/29/10/20191029104100_00160.jpg,datasets_flow/dataset_cropped/10_Metas/29/10/20191029104100_00160.jpg,datasets_cloudmask/dataset_cropped/10_Metas/29/10/20191029104100_00160.png,512,874,67.1,20.4,962
10/29/2019 10:42,datasets/dataset_cropped/10_Metas/29/10/20191029104200_00160.jpg,datasets_flow/dataset_cropped/10_Metas/29/10/20191029104200_00160.jpg,datasets_cloudmask/dataset_cropped/10_Metas/29/10/20191029104200_00160.png,514.1,875,67.2,20.4,962
10/29/2019 10:43,datasets/dataset_cropped/10_Metas/29/10/20191029104300_00160.jpg,datasets_flow/dataset_cropped/10_Metas/29/10/20191029104300_00160.jpg,datasets_cloudmask/dataset_cropped/10_Metas/29/10/20191029104300_00160.png,515.8,875,67,20.4,962
10/29/2019 10:44,datasets/dataset_cropped/10_Metas/29/10/20191029104400_00160.jpg,datasets_flow/dataset_cropped/10_Metas/29/10/20191029104400_00160.jpg,datasets_cloudmask/dataset_cropped/10_Metas/29/10/20191029104400_00160.png,517.7,875,67,20.6,962
10/29/2019 10:45,datasets/dataset_cropped/10_Metas/29/10/20191029104500_00160.jpg,datasets_flow/dataset_cropped/10_Metas/29/10/20191029104500_00160.jpg,datasets_cloudmask/dataset_cropped/10_Metas/29/10/20191029104500_00160.png,520.2,876,67.1,20.7,962
10/29/2019 10:46,datasets/dataset_cropped/10_Metas/29/10/20191029104600_00160.jpg,datasets_flow/dataset_cropped/10_Metas/29/10/20191029104600_00160.jpg,datasets_cloudmask/dataset_cropped/10_Metas/29/10/20191029104600_00160.png,522.2,877,67.2,20.8,962
10/29/2019 10:47,datasets/dataset_cropped/10_Metas/29/10/20191029104700_00160.jpg,datasets_flow/dataset_cropped/10_Metas/29/10/20191029104700_00160.jpg,datasets_cloudmask/dataset_cropped/10_Metas/29/10/20191029104700_00160.png,524.5,879,67.6,20.9,962
10/29/2019 10:48,datasets/dataset_cropped/10_Metas/29/10/20191029104800_00160.jpg,datasets_flow/dataset_cropped/10_Metas/29/10/20191029104800_00160.jpg,datasets_cloudmask/dataset_cropped/10_Metas/29/10/20191029104800_00160.png,526.6,879,67.9,20.9,962
10/29/2019 10:49,datasets/dataset_cropped/10_Metas/29/10/20191029104900_00160.jpg,datasets_flow/dataset_cropped/10_Metas/29/10/20191029104900_00160.jpg,datasets_cloudmask/dataset_cropped/10_Metas/29/10/20191029104900_00160.png,528.8,880,68.5,21,962
10/29/2019 10:50,datasets/dataset_cropped/10_Metas/29/10/20191029105000_00160.jpg,datasets_flow/dataset_cropped/10_Metas/29/10/20191029105000_00160.jpg,datasets_cloudmask/dataset_cropped/10_Metas/29/10/20191029105000_00160.png,530.6,881,68.3,21,962
10/29/2019 10:51,datasets/dataset_cropped/10_Metas/29/10/20191029105100_00160.jpg,datasets_flow/dataset_cropped/10_Metas/29/10/20191029105100_00160.jpg,datasets_cloudmask/dataset_cropped/10_Metas/29/10/20191029105100_00160.png,533,883,68.1,20.8,962
10/29/2019 10:52,datasets/dataset_cropped/10_Metas/29/10/20191029105200_00160.jpg,datasets_flow/dataset_cropped/10_Metas/29/10/20191029105200_00160.jpg,datasets_cloudmask/dataset_cropped/10_Metas/29/10/20191029105200_00160.png,535,883,68.1,20.7,962
10/29/2019 10:53,datasets/dataset_cropped/10_Metas/29/10/20191029105300_00160.jpg,datasets_flow/dataset_cropped/10_Metas/29/10/20191029105300_00160.jpg,datasets_cloudmask/dataset_cropped/10_Metas/29/10/20191029105300_00160.png,537.2,884,68.2,20.7,962
10/29/2019 10:54,datasets/dataset_cropped/10_Metas/29/10/20191029105400_00160.jpg,datasets_flow/dataset_cropped/10_Metas/29/10/20191029105400_00160.jpg,datasets_cloudmask/dataset_cropped/10_Metas/29/10/20191029105400_00160.png,538.9,883,68.2,20.8,962
10/29/2019 10:55,datasets/dataset_cropped/10_Metas/29/10/20191029105500_00160.jpg,datasets_flow/dataset_cropped/10_Metas/29/10/20191029105500_00160.jpg,datasets_cloudmask/dataset_cropped/10_Metas/29/10/20191029105500_00160.png,541.3,884,68.5,20.9,962
10/29/2019 10:56,datasets/dataset_cropped/10_Metas/29/10/20191029105600_00160.jpg,datasets_flow/dataset_cropped/10_Metas/29/10/20191029105600_00160.jpg,datasets_cloudmask/dataset_cropped/10_Metas/29/10/20191029105600_00160.png,543.4,885,68.6,20.8,962
10/29/2019 10:57,datasets/dataset_cropped/10_Metas/29/10/20191029105700_00160.jpg,datasets_flow/dataset_cropped/10_Metas/29/10/20191029105700_00160.jpg,datasets_cloudmask/dataset_cropped/10_Metas/29/10/20191029105700_00160.png,545.2,886,68.6,20.7,962
10/29/2019 10:58,datasets/dataset_cropped/10_Metas/29/10/20191029105800_00160.jpg,datasets_flow/dataset_cropped/10_Metas/29/10/20191029105800_00160.jpg,datasets_cloudmask/dataset_cropped/10_Metas/29/10/20191029105800_00160.png,547.3,888,68.7,20.8,962
10/29/2019 10:59,datasets/dataset_cropped/10_Metas/29/10/20191029105900_00160.jpg,datasets_flow/dataset_cropped/10_Metas/29/10/20191029105900_00160.jpg,datasets_cloudmask/dataset_cropped/10_Metas/29/10/20191029105900_00160.png,549.2,888,69,20.9,962
10/29/2019 11:00,datasets/dataset_cropped/10_Metas/29/11/20191029110000_00160.jpg,datasets_flow/dataset_cropped/10_Metas/29/11/20191029110000_00160.jpg,datasets_cloudmask/dataset_cropped/10_Metas/29/11/20191029110000_00160.png,551.3,889,69.2,20.7,962
10/29/2019 11:01,datasets/dataset_cropped/10_Metas/29/11/20191029110100_00160.jpg,datasets_flow/dataset_cropped/10_Metas/29/11/20191029110100_00160.jpg,datasets_cloudmask/dataset_cropped/10_Metas/29/11/20191029110100_00160.png,553.3,889,69.4,20.7,962
10/29/2019 11:02,datasets/dataset_cropped/10_Metas/29/11/20191029110200_00160.jpg,datasets_flow/dataset_cropped/10_Metas/29/11/20191029110200_00160.jpg,datasets_cloudmask/dataset_cropped/10_Metas/29/11/20191029110200_00160.png,554.9,890,69.5,20.6,962
10/29/2019 11:03,datasets/dataset_cropped/10_Metas/29/11/20191029110300_00160.jpg,datasets_flow/dataset_cropped/10_Metas/29/11/20191029110300_00160.jpg,datasets_cloudmask/dataset_cropped/10_Metas/29/11/20191029110300_00160.png,557.2,891,69.6,20.6,962
10/29/2019 11:04,datasets/dataset_cropped/10_Metas/29/11/20191029110400_00160.jpg,datasets_flow/dataset_cropped/10_Metas/29/11/20191029110400_00160.jpg,datasets_cloudmask/dataset_cropped/10_Metas/29/11/20191029110400_00160.png,558.9,892,69.6,20.5,962
10/29/2019 11:05,datasets/dataset_cropped/10_Metas/29/11/20191029110500_00160.jpg,datasets_flow/dataset_cropped/10_Metas/29/11/20191029110500_00160.jpg,datasets_cloudmask/dataset_cropped/10_Metas/29/11/20191029110500_00160.png,560.8,892,69.7,20.4,962
10/29/2019 11:06,datasets/dataset_cropped/10_Metas/29/11/20191029110600_00160.jpg,datasets_flow/dataset_cropped/10_Metas/29/11/20191029110600_00160.jpg,datasets_cloudmask/dataset_cropped/10_Metas/29/11/20191029110600_00160.png,562.6,893,69.7,20.6,962
10/29/2019 11:07,datasets/dataset_cropped/10_Metas/29/11/20191029110700_00160.jpg,datasets_flow/dataset_cropped/10_Metas/29/11/20191029110700_00160.jpg,datasets_cloudmask/dataset_cropped/10_Metas/29/11/20191029110700_00160.png,564,892,70,20.5,962
10/29/2019 11:08,datasets/dataset_cropped/10_Metas/29/11/20191029110800_00160.jpg,datasets_flow/dataset_cropped/10_Metas/29/11/20191029110800_00160.jpg,datasets_cloudmask/dataset_cropped/10_Metas/29/11/20191029110800_00160.png,565.4,892,70,20.5,962
10/29/2019 11:09,datasets/dataset_cropped/10_Metas/29/11/20191029110900_00160.jpg,datasets_flow/dataset_cropped/10_Metas/29/11/20191029110900_00160.jpg,datasets_cloudmask/dataset_cropped/10_Metas/29/11/20191029110900_00160.png,567.7,894,70,20.5,962
10/29/2019 11:10,datasets/dataset_cropped/10_Metas/29/11/20191029111000_00160.jpg,datasets_flow/dataset_cropped/10_Metas/29/11/20191029111000_00160.jpg,datasets_cloudmask/dataset_cropped/10_Metas/29/11/20191029111000_00160.png,569.7,895,69.9,20.6,962
10/29/2019 11:11,datasets/dataset_cropped/10_Metas/29/11/20191029111100_00160.jpg,datasets_flow/dataset_cropped/10_Metas/29/11/20191029111100_00160.jpg,datasets_cloudmask/dataset_cropped/10_Metas/29/11/20191029111100_00160.png,571.6,896,69.8,20.7,962
10/29/2019 11:12,datasets/dataset_cropped/10_Metas/29/11/20191029111200_00160.jpg,datasets_flow/dataset_cropped/10_Metas/29/11/20191029111200_00160.jpg,datasets_cloudmask/dataset_cropped/10_Metas/29/11/20191029111200_00160.png,573.9,897,69.9,20.9,962
10/29/2019 11:13,datasets/dataset_cropped/10_Metas/29/11/20191029111300_00160.jpg,datasets_flow/dataset_cropped/10_Metas/29/11/20191029111300_00160.jpg,datasets_cloudmask/dataset_cropped/10_Metas/29/11/20191029111300_00160.png,575.9,898,70,20.8,962
10/29/2019 11:14,datasets/dataset_cropped/10_Metas/29/11/20191029111400_00160.jpg,datasets_flow/dataset_cropped/10_Metas/29/11/20191029111400_00160.jpg,datasets_cloudmask/dataset_cropped/10_Metas/29/11/20191029111400_00160.png,577.5,899,70,20.8,962
10/29/2019 11:15,datasets/dataset_cropped/10_Metas/29/11/20191029111500_00160.jpg,datasets_flow/dataset_cropped/10_Metas/29/11/20191029111500_00160.jpg,datasets_cloudmask/dataset_cropped/10_Metas/29/11/20191029111500_00160.png,579.1,899,70.2,20.9,962
10/29/2019 11:16,datasets/dataset_cropped/10_Metas/29/11/20191029111600_00160.jpg,datasets_flow/dataset_cropped/10_Metas/29/11/20191029111600_00160.jpg,datasets_cloudmask/dataset_cropped/10_Metas/29/11/20191029111600_00160.png,580.8,899,70.4,21,962
10/29/2019 11:17,datasets/dataset_cropped/10_Metas/29/11/20191029111700_00160.jpg,datasets_flow/dataset_cropped/10_Metas/29/11/20191029111700_00160.jpg,datasets_cloudmask/dataset_cropped/10_Metas/29/11/20191029111700_00160.png,582.7,901,70.5,20.9,962
10/29/2019 11:18,datasets/dataset_cropped/10_Metas/29/11/20191029111800_00160.jpg,datasets_flow/dataset_cropped/10_Metas/29/11/20191029111800_00160.jpg,datasets_cloudmask/dataset_cropped/10_Metas/29/11/20191029111800_00160.png,584.9,902,70.5,20.8,962
10/29/2019 11:19,datasets/dataset_cropped/10_Metas/29/11/20191029111900_00160.jpg,datasets_flow/dataset_cropped/10_Metas/29/11/20191029111900_00160.jpg,datasets_cloudmask/dataset_cropped/10_Metas/29/11/20191029111900_00160.png,586.6,903,70.5,20.8,962
10/29/2019 11:20,datasets/dataset_cropped/10_Metas/29/11/20191029112000_00160.jpg,datasets_flow/dataset_cropped/10_Metas/29/11/20191029112000_00160.jpg,datasets_cloudmask/dataset_cropped/10_Metas/29/11/20191029112000_00160.png,588.1,903,70.6,20.8,962
10/29/2019 11:21,datasets/dataset_cropped/10_Metas/29/11/20191029112100_00160.jpg,datasets_flow/dataset_cropped/10_Metas/29/11/20191029112100_00160.jpg,datasets_cloudmask/dataset_cropped/10_Metas/29/11/20191029112100_00160.png,589.4,903,70.5,20.9,962
10/29/2019 11:22,datasets/dataset_cropped/10_Metas/29/11/20191029112200_00160.jpg,datasets_flow/dataset_cropped/10_Metas/29/11/20191029112200_00160.jpg,datasets_cloudmask/dataset_cropped/10_Metas/29/11/20191029112200_00160.png,591,904,70.6,20.8,962
10/29/2019 11:23,datasets/dataset_cropped/10_Metas/29/11/20191029112300_00160.jpg,datasets_flow/dataset_cropped/10_Metas/29/11/20191029112300_00160.jpg,datasets_cloudmask/dataset_cropped/10_Metas/29/11/20191029112300_00160.png,592.5,904,70.8,20.9,962
10/29/2019 11:24,datasets/dataset_cropped/10_Metas/29/11/20191029112400_00160.jpg,datasets_flow/dataset_cropped/10_Metas/29/11/20191029112400_00160.jpg,datasets_cloudmask/dataset_cropped/10_Metas/29/11/20191029112400_00160.png,593.6,904,70.9,20.9,962
10/29/2019 11:25,datasets/dataset_cropped/10_Metas/29/11/20191029112500_00160.jpg,datasets_flow/dataset_cropped/10_Metas/29/11/20191029112500_00160.jpg,datasets_cloudmask/dataset_cropped/10_Metas/29/11/20191029112500_00160.png,595.3,905,70.8,21.1,962
10/29/2019 11:26,datasets/dataset_cropped/10_Metas/29/11/20191029112600_00160.jpg,datasets_flow/dataset_cropped/10_Metas/29/11/20191029112600_00160.jpg,datasets_cloudmask/dataset_cropped/10_Metas/29/11/20191029112600_00160.png,596.8,905,71.2,21.1,962
10/29/2019 11:27,datasets/dataset_cropped/10_Metas/29/11/20191029112700_00160.jpg,datasets_flow/dataset_cropped/10_Metas/29/11/20191029112700_00160.jpg,datasets_cloudmask/dataset_cropped/10_Metas/29/11/20191029112700_00160.png,598.2,906,71.1,21.2,962
10/29/2019 11:28,datasets/dataset_cropped/10_Metas/29/11/20191029112800_00160.jpg,datasets_flow/dataset_cropped/10_Metas/29/11/20191029112800_00160.jpg,datasets_cloudmask/dataset_cropped/10_Metas/29/11/20191029112800_00160.png,600.1,907,71.1,21.2,962
10/29/2019 11:29,datasets/dataset_cropped/10_Metas/29/11/20191029112900_00160.jpg,datasets_flow/dataset_cropped/10_Metas/29/11/20191029112900_00160.jpg,datasets_cloudmask/dataset_cropped/10_Metas/29/11/20191029112900_00160.png,601.8,908,71.3,21,962
10/29/2019 11:30,datasets/dataset_cropped/10_Metas/29/11/20191029113000_00160.jpg,datasets_flow/dataset_cropped/10_Metas/29/11/20191029113000_00160.jpg,datasets_cloudmask/dataset_cropped/10_Metas/29/11/20191029113000_00160.png,603.5,909,71.2,21,962
10/29/2019 11:31,datasets/dataset_cropped/10_Metas/29/11/20191029113100_00160.jpg,datasets_flow/dataset_cropped/10_Metas/29/11/20191029113100_00160.jpg,datasets_cloudmask/dataset_cropped/10_Metas/29/11/20191029113100_00160.png,604.5,908,71.4,21,962
10/29/2019 11:32,datasets/dataset_cropped/10_Metas/29/11/20191029113200_00160.jpg,datasets_flow/dataset_cropped/10_Metas/29/11/20191029113200_00160.jpg,datasets_cloudmask/dataset_cropped/10_Metas/29/11/20191029113200_00160.png,605.3,908,71.4,21,962
10/29/2019 11:33,datasets/dataset_cropped/10_Metas/29/11/20191029113300_00160.jpg,datasets_flow/dataset_cropped/10_Metas/29/11/20191029113300_00160.jpg,datasets_cloudmask/dataset_cropped/10_Metas/29/11/20191029113300_00160.png,607.2,909,71.5,21,962
10/29/2019 11:34,datasets/dataset_cropped/10_Metas/29/11/20191029113400_00160.jpg,datasets_flow/dataset_cropped/10_Metas/29/11/20191029113400_00160.jpg,datasets_cloudmask/dataset_cropped/10_Metas/29/11/20191029113400_00160.png,608.7,910,71.5,21.1,962
10/29/2019 11:35,datasets/dataset_cropped/10_Metas/29/11/20191029113500_00160.jpg,datasets_flow/dataset_cropped/10_Metas/29/11/20191029113500_00160.jpg,datasets_cloudmask/dataset_cropped/10_Metas/29/11/20191029113500_00160.png,610.5,911,71.6,21.2,962
10/29/2019 11:36,datasets/dataset_cropped/10_Metas/29/11/20191029113600_00160.jpg,datasets_flow/dataset_cropped/10_Metas/29/11/20191029113600_00160.jpg,datasets_cloudmask/dataset_cropped/10_Metas/29/11/20191029113600_00160.png,611.7,911,71.8,21.3,962
10/29/2019 11:37,datasets/dataset_cropped/10_Metas/29/11/20191029113700_00160.jpg,datasets_flow/dataset_cropped/10_Metas/29/11/20191029113700_00160.jpg,datasets_cloudmask/dataset_cropped/10_Metas/29/11/20191029113700_00160.png,612.9,912,71.8,21.2,962
10/29/2019 11:38,datasets/dataset_cropped/10_Metas/29/11/20191029113800_00160.jpg,datasets_flow/dataset_cropped/10_Metas/29/11/20191029113800_00160.jpg,datasets_cloudmask/dataset_cropped/10_Metas/29/11/20191029113800_00160.png,614.6,912,71.9,21.1,962
10/29/2019 11:39,datasets/dataset_cropped/10_Metas/29/11/20191029113900_00160.jpg,datasets_flow/dataset_cropped/10_Metas/29/11/20191029113900_00160.jpg,datasets_cloudmask/dataset_cropped/10_Metas/29/11/20191029113900_00160.png,615.7,913,71.9,21.1,962
10/29/2019 11:40,datasets/dataset_cropped/10_Metas/29/11/20191029114000_00160.jpg,datasets_flow/dataset_cropped/10_Metas/29/11/20191029114000_00160.jpg,datasets_cloudmask/dataset_cropped/10_Metas/29/11/20191029114000_00160.png,617.2,914,71.9,21.2,962
10/29/2019 11:41,datasets/dataset_cropped/10_Metas/29/11/20191029114100_00160.jpg,datasets_flow/dataset_cropped/10_Metas/29/11/20191029114100_00160.jpg,datasets_cloudmask/dataset_cropped/10_Metas/29/11/20191029114100_00160.png,618.6,914,71.8,21.2,962
10/29/2019 11:42,datasets/dataset_cropped/10_Metas/29/11/20191029114200_00160.jpg,datasets_flow/dataset_cropped/10_Metas/29/11/20191029114200_00160.jpg,datasets_cloudmask/dataset_cropped/10_Metas/29/11/20191029114200_00160.png,620,914,71.7,21.3,962
10/29/2019 11:43,datasets/dataset_cropped/10_Metas/29/11/20191029114300_00160.jpg,datasets_flow/dataset_cropped/10_Metas/29/11/20191029114300_00160.jpg,datasets_cloudmask/dataset_cropped/10_Metas/29/11/20191029114300_00160.png,621,914,71.8,21.4,962
10/29/2019 11:44,datasets/dataset_cropped/10_Metas/29/11/20191029114400_00160.jpg,datasets_flow/dataset_cropped/10_Metas/29/11/20191029114400_00160.jpg,datasets_cloudmask/dataset_cropped/10_Metas/29/11/20191029114400_00160.png,621.8,914,72,21.4,962
10/29/2019 11:45,datasets/dataset_cropped/10_Metas/29/11/20191029114500_00160.jpg,datasets_flow/dataset_cropped/10_Metas/29/11/20191029114500_00160.jpg,datasets_cloudmask/dataset_cropped/10_Metas/29/11/20191029114500_00160.png,623.1,915,71.9,21.5,962
10/29/2019 11:46,datasets/dataset_cropped/10_Metas/29/11/20191029114600_00160.jpg,datasets_flow/dataset_cropped/10_Metas/29/11/20191029114600_00160.jpg,datasets_cloudmask/dataset_cropped/10_Metas/29/11/20191029114600_00160.png,624.7,916,72.2,21.5,962
10/29/2019 11:47,datasets/dataset_cropped/10_Metas/29/11/20191029114700_00160.jpg,datasets_flow/dataset_cropped/10_Metas/29/11/20191029114700_00160.jpg,datasets_cloudmask/dataset_cropped/10_Metas/29/11/20191029114700_00160.png,625.9,917,72.1,21.6,962
10/29/2019 11:48,datasets/dataset_cropped/10_Metas/29/11/20191029114800_00160.jpg,datasets_flow/dataset_cropped/10_Metas/29/11/20191029114800_00160.jpg,datasets_cloudmask/dataset_cropped/10_Metas/29/11/20191029114800_00160.png,627.5,918,72,21.8,962
10/29/2019 11:49,datasets/dataset_cropped/10_Metas/29/11/20191029114900_00160.jpg,datasets_flow/dataset_cropped/10_Metas/29/11/20191029114900_00160.jpg,datasets_cloudmask/dataset_cropped/10_Metas/29/11/20191029114900_00160.png,628.2,917,72.2,21.8,962
10/29/2019 11:50,datasets/dataset_cropped/10_Metas/29/11/20191029115000_00160.jpg,datasets_flow/dataset_cropped/10_Metas/29/11/20191029115000_00160.jpg,datasets_cloudmask/dataset_cropped/10_Metas/29/11/20191029115000_00160.png,629.8,919,72.3,21.6,962
10/29/2019 11:51,datasets/dataset_cropped/10_Metas/29/11/20191029115100_00160.jpg,datasets_flow/dataset_cropped/10_Metas/29/11/20191029115100_00160.jpg,datasets_cloudmask/dataset_cropped/10_Metas/29/11/20191029115100_00160.png,630.4,918,72.3,21.5,962
10/29/2019 11:52,datasets/dataset_cropped/10_Metas/29/11/20191029115200_00160.jpg,datasets_flow/dataset_cropped/10_Metas/29/11/20191029115200_00160.jpg,datasets_cloudmask/dataset_cropped/10_Metas/29/11/20191029115200_00160.png,631.4,919,72.4,21.5,962
10/29/2019 11:53,datasets/dataset_cropped/10_Metas/29/11/20191029115300_00160.jpg,datasets_flow/dataset_cropped/10_Metas/29/11/20191029115300_00160.jpg,datasets_cloudmask/dataset_cropped/10_Metas/29/11/20191029115300_00160.png,632.5,919,72.6,21.5,962
10/29/2019 11:54,datasets/dataset_cropped/10_Metas/29/11/20191029115400_00160.jpg,datasets_flow/dataset_cropped/10_Metas/29/11/20191029115400_00160.jpg,datasets_cloudmask/dataset_cropped/10_Metas/29/11/20191029115400_00160.png,633.7,920,72.7,21.4,962
10/29/2019 11:55,datasets/dataset_cropped/10_Metas/29/11/20191029115500_00160.jpg,datasets_flow/dataset_cropped/10_Metas/29/11/20191029115500_00160.jpg,datasets_cloudmask/dataset_cropped/10_Metas/29/11/20191029115500_00160.png,633.9,919,72.5,21.5,962
10/29/2019 11:56,datasets/dataset_cropped/10_Metas/29/11/20191029115600_00160.jpg,datasets_flow/dataset_cropped/10_Metas/29/11/20191029115600_00160.jpg,datasets_cloudmask/dataset_cropped/10_Metas/29/11/20191029115600_00160.png,635,919,72.7,21.6,962
10/29/2019 11:57,datasets/dataset_cropped/10_Metas/29/11/20191029115700_00160.jpg,datasets_flow/dataset_cropped/10_Metas/29/11/20191029115700_00160.jpg,datasets_cloudmask/dataset_cropped/10_Metas/29/11/20191029115700_00160.png,636.2,920,72.8,21.6,962
10/29/2019 11:58,datasets/dataset_cropped/10_Metas/29/11/20191029115800_00160.jpg,datasets_flow/dataset_cropped/10_Metas/29/11/20191029115800_00160.jpg,datasets_cloudmask/dataset_cropped/10_Metas/29/11/20191029115800_00160.png,636.9,920,72.8,21.7,962
10/29/2019 11:59,datasets/dataset_cropped/10_Metas/29/11/20191029115900_00160.jpg,datasets_flow/dataset_cropped/10_Metas/29/11/20191029115900_00160.jpg,datasets_cloudmask/dataset_cropped/10_Metas/29/11/20191029115900_00160.png,637.9,920,72.7,21.7,962
10/29/2019 12:00,datasets/dataset_cropped/10_Metas/29/12/20191029120000_00160.jpg,datasets_flow/dataset_cropped/10_Metas/29/12/20191029120000_00160.jpg,datasets_cloudmask/dataset_cropped/10_Metas/29/12/20191029120000_00160.png,638.7,921,72.5,21.9,962
10/29/2019 12:01,datasets/dataset_cropped/10_Metas/29/12/20191029120100_00160.jpg,datasets_flow/dataset_cropped/10_Metas/29/12/20191029120100_00160.jpg,datasets_cloudmask/dataset_cropped/10_Metas/29/12/20191029120100_00160.png,639.7,921,72.8,22.1,962
10/29/2019 12:02,datasets/dataset_cropped/10_Metas/29/12/20191029120200_00160.jpg,datasets_flow/dataset_cropped/10_Metas/29/12/20191029120200_00160.jpg,datasets_cloudmask/dataset_cropped/10_Metas/29/12/20191029120200_00160.png,640.7,921,72.8,22,962
10/29/2019 12:03,datasets/dataset_cropped/10_Metas/29/12/20191029120300_00160.jpg,datasets_flow/dataset_cropped/10_Metas/29/12/20191029120300_00160.jpg,datasets_cloudmask/dataset_cropped/10_Metas/29/12/20191029120300_00160.png,642,922,72.9,22.1,962
10/29/2019 12:04,datasets/dataset_cropped/10_Metas/29/12/20191029120400_00160.jpg,datasets_flow/dataset_cropped/10_Metas/29/12/20191029120400_00160.jpg,datasets_cloudmask/dataset_cropped/10_Metas/29/12/20191029120400_00160.png,642.7,922,72.9,22.1,962
10/29/2019 12:05,datasets/dataset_cropped/10_Metas/29/12/20191029120500_00160.jpg,datasets_flow/dataset_cropped/10_Metas/29/12/20191029120500_00160.jpg,datasets_cloudmask/dataset_cropped/10_Metas/29/12/20191029120500_00160.png,643.6,923,72.8,22,962
10/29/2019 12:06,datasets/dataset_cropped/10_Metas/29/12/20191029120600_00160.jpg,datasets_flow/dataset_cropped/10_Metas/29/12/20191029120600_00160.jpg,datasets_cloudmask/dataset_cropped/10_Metas/29/12/20191029120600_00160.png,644.9,924,72.8,21.9,962
10/29/2019 12:07,datasets/dataset_cropped/10_Metas/29/12/20191029120700_00160.jpg,datasets_flow/dataset_cropped/10_Metas/29/12/20191029120700_00160.jpg,datasets_cloudmask/dataset_cropped/10_Metas/29/12/20191029120700_00160.png,645.5,923,73.2,22,962
10/29/2019 12:08,datasets/dataset_cropped/10_Metas/29/12/20191029120800_00160.jpg,datasets_flow/dataset_cropped/10_Metas/29/12/20191029120800_00160.jpg,datasets_cloudmask/dataset_cropped/10_Metas/29/12/20191029120800_00160.png,646.4,924,72.9,22,962
10/29/2019 12:09,datasets/dataset_cropped/10_Metas/29/12/20191029120900_00160.jpg,datasets_flow/dataset_cropped/10_Metas/29/12/20191029120900_00160.jpg,datasets_cloudmask/dataset_cropped/10_Metas/29/12/20191029120900_00160.png,647.2,924,73.1,22.2,962
10/29/2019 12:10,datasets/dataset_cropped/10_Metas/29/12/20191029121000_00160.jpg,datasets_flow/dataset_cropped/10_Metas/29/12/20191029121000_00160.jpg,datasets_cloudmask/dataset_cropped/10_Metas/29/12/20191029121000_00160.png,647.8,923,73.4,22.4,962
10/29/2019 12:11,datasets/dataset_cropped/10_Metas/29/12/20191029121100_00160.jpg,datasets_flow/dataset_cropped/10_Metas/29/12/20191029121100_00160.jpg,datasets_cloudmask/dataset_cropped/10_Metas/29/12/20191029121100_00160.png,648.3,923,73.2,22.5,962
10/29/2019 12:12,datasets/dataset_cropped/10_Metas/29/12/20191029121200_00160.jpg,datasets_flow/dataset_cropped/10_Metas/29/12/20191029121200_00160.jpg,datasets_cloudmask/dataset_cropped/10_Metas/29/12/20191029121200_00160.png,649.5,924,73.3,22.6,962
10/29/2019 12:13,datasets/dataset_cropped/10_Metas/29/12/20191029121300_00160.jpg,datasets_flow/dataset_cropped/10_Metas/29/12/20191029121300_00160.jpg,datasets_cloudmask/dataset_cropped/10_Metas/29/12/20191029121300_00160.png,650.1,924,73.4,22.7,962
10/29/2019 12:14,datasets/dataset_cropped/10_Metas/29/12/20191029121400_00160.jpg,datasets_flow/dataset_cropped/10_Metas/29/12/20191029121400_00160.jpg,datasets_cloudmask/dataset_cropped/10_Metas/29/12/20191029121400_00160.png,650.5,924,73.5,22.7,962
10/29/2019 12:15,datasets/dataset_cropped/10_Metas/29/12/20191029121500_00160.jpg,datasets_flow/dataset_cropped/10_Metas/29/12/20191029121500_00160.jpg,datasets_cloudmask/dataset_cropped/10_Metas/29/12/20191029121500_00160.png,651.5,925,73.3,22.7,962
10/29/2019 12:16,datasets/dataset_cropped/10_Metas/29/12/20191029121600_00160.jpg,datasets_flow/dataset_cropped/10_Metas/29/12/20191029121600_00160.jpg,datasets_cloudmask/dataset_cropped/10_Metas/29/12/20191029121600_00160.png,652.5,926,73.1,22.5,962
10/29/2019 12:17,datasets/dataset_cropped/10_Metas/29/12/20191029121700_00160.jpg,datasets_flow/dataset_cropped/10_Metas/29/12/20191029121700_00160.jpg,datasets_cloudmask/dataset_cropped/10_Metas/29/12/20191029121700_00160.png,653.3,926,73.1,22.4,962
10/29/2019 12:18,datasets/dataset_cropped/10_Metas/29/12/20191029121800_00160.jpg,datasets_flow/dataset_cropped/10_Metas/29/12/20191029121800_00160.jpg,datasets_cloudmask/dataset_cropped/10_Metas/29/12/20191029121800_00160.png,654,926,73.2,22.4,962
10/29/2019 12:19,datasets/dataset_cropped/10_Metas/29/12/20191029121900_00160.jpg,datasets_flow/dataset_cropped/10_Metas/29/12/20191029121900_00160.jpg,datasets_cloudmask/dataset_cropped/10_Metas/29/12/20191029121900_00160.png,653.9,926,73.3,22.7,962
10/29/2019 12:20,datasets/dataset_cropped/10_Metas/29/12/20191029122000_00160.jpg,datasets_flow/dataset_cropped/10_Metas/29/12/20191029122000_00160.jpg,datasets_cloudmask/dataset_cropped/10_Metas/29/12/20191029122000_00160.png,654.4,926,73.7,22.9,962
10/29/2019 12:21,datasets/dataset_cropped/10_Metas/29/12/20191029122100_00160.jpg,datasets_flow/dataset_cropped/10_Metas/29/12/20191029122100_00160.jpg,datasets_cloudmask/dataset_cropped/10_Metas/29/12/20191029122100_00160.png,654.6,925,73.6,22.7,962
10/29/2019 12:22,datasets/dataset_cropped/10_Metas/29/12/20191029122200_00160.jpg,datasets_flow/dataset_cropped/10_Metas/29/12/20191029122200_00160.jpg,datasets_cloudmask/dataset_cropped/10_Metas/29/12/20191029122200_00160.png,655.6,926,73.7,22.4,962
10/29/2019 12:23,datasets/dataset_cropped/10_Metas/29/12/20191029122300_00160.jpg,datasets_flow/dataset_cropped/10_Metas/29/12/20191029122300_00160.jpg,datasets_cloudmask/dataset_cropped/10_Metas/29/12/20191029122300_00160.png,655.8,925,73.6,22.3,962
10/29/2019 12:24,datasets/dataset_cropped/10_Metas/29/12/20191029122400_00160.jpg,datasets_flow/dataset_cropped/10_Metas/29/12/20191029122400_00160.jpg,datasets_cloudmask/dataset_cropped/10_Metas/29/12/20191029122400_00160.png,656.2,925,73.6,22.5,962
10/29/2019 12:25,datasets/dataset_cropped/10_Metas/29/12/20191029122500_00160.jpg,datasets_flow/dataset_cropped/10_Metas/29/12/20191029122500_00160.jpg,datasets_cloudmask/dataset_cropped/10_Metas/29/12/20191029122500_00160.png,657.1,925,73.7,22.8,962
10/29/2019 12:26,datasets/dataset_cropped/10_Metas/29/12/20191029122600_00160.jpg,datasets_flow/dataset_cropped/10_Metas/29/12/20191029122600_00160.jpg,datasets_cloudmask/dataset_cropped/10_Metas/29/12/20191029122600_00160.png,657.2,925,73.9,22.9,961
10/29/2019 12:27,datasets/dataset_cropped/10_Metas/29/12/20191029122700_00160.jpg,datasets_flow/dataset_cropped/10_Metas/29/12/20191029122700_00160.jpg,datasets_cloudmask/dataset_cropped/10_Metas/29/12/20191029122700_00160.png,658.3,926,74.2,22.9,961
10/29/2019 12:28,datasets/dataset_cropped/10_Metas/29/12/20191029122800_00160.jpg,datasets_flow/dataset_cropped/10_Metas/29/12/20191029122800_00160.jpg,datasets_cloudmask/dataset_cropped/10_Metas/29/12/20191029122800_00160.png,659.5,928,74.4,22.8,961
10/29/2019 12:29,datasets/dataset_cropped/10_Metas/29/12/20191029122900_00160.jpg,datasets_flow/dataset_cropped/10_Metas/29/12/20191029122900_00160.jpg,datasets_cloudmask/dataset_cropped/10_Metas/29/12/20191029122900_00160.png,660.1,929,74.2,22.8,961
10/29/2019 12:30,datasets/dataset_cropped/10_Metas/29/12/20191029123000_00160.jpg,datasets_flow/dataset_cropped/10_Metas/29/12/20191029123000_00160.jpg,datasets_cloudmask/dataset_cropped/10_Metas/29/12/20191029123000_00160.png,660.1,929,74.4,22.6,961
10/29/2019 12:31,datasets/dataset_cropped/10_Metas/29/12/20191029123100_00160.jpg,datasets_flow/dataset_cropped/10_Metas/29/12/20191029123100_00160.jpg,datasets_cloudmask/dataset_cropped/10_Metas/29/12/20191029123100_00160.png,660.9,929,74.5,22.6,961
10/29/2019 12:32,datasets/dataset_cropped/10_Metas/29/12/20191029123200_00160.jpg,datasets_flow/dataset_cropped/10_Metas/29/12/20191029123200_00160.jpg,datasets_cloudmask/dataset_cropped/10_Metas/29/12/20191029123200_00160.png,661.6,929,74.3,22.7,961
10/29/2019 12:33,datasets/dataset_cropped/10_Metas/29/12/20191029123300_00160.jpg,datasets_flow/dataset_cropped/10_Metas/29/12/20191029123300_00160.jpg,datasets_cloudmask/dataset_cropped/10_Metas/29/12/20191029123300_00160.png,663.2,931,74.2,22.9,961
10/29/2019 12:34,datasets/dataset_cropped/10_Metas/29/12/20191029123400_00160.jpg,datasets_flow/dataset_cropped/10_Metas/29/12/20191029123400_00160.jpg,datasets_cloudmask/dataset_cropped/10_Metas/29/12/20191029123400_00160.png,664.3,932,73.8,22.9,961
10/29/2019 12:35,datasets/dataset_cropped/10_Metas/29/12/20191029123500_00160.jpg,datasets_flow/dataset_cropped/10_Metas/29/12/20191029123500_00160.jpg,datasets_cloudmask/dataset_cropped/10_Metas/29/12/20191029123500_00160.png,663.8,931,73.5,22.9,961
10/29/2019 12:36,datasets/dataset_cropped/10_Metas/29/12/20191029123600_00160.jpg,datasets_flow/dataset_cropped/10_Metas/29/12/20191029123600_00160.jpg,datasets_cloudmask/dataset_cropped/10_Metas/29/12/20191029123600_00160.png,664.1,931,73.7,22.9,961
10/29/2019 12:37,datasets/dataset_cropped/10_Metas/29/12/20191029123700_00160.jpg,datasets_flow/dataset_cropped/10_Metas/29/12/20191029123700_00160.jpg,datasets_cloudmask/dataset_cropped/10_Metas/29/12/20191029123700_00160.png,664.2,930,74,22.9,961
10/29/2019 12:38,datasets/dataset_cropped/10_Metas/29/12/20191029123800_00160.jpg,datasets_flow/dataset_cropped/10_Metas/29/12/20191029123800_00160.jpg,datasets_cloudmask/dataset_cropped/10_Metas/29/12/20191029123800_00160.png,664.3,930,74.3,23,961
10/29/2019 12:39,datasets/dataset_cropped/10_Metas/29/12/20191029123900_00160.jpg,datasets_flow/dataset_cropped/10_Metas/29/12/20191029123900_00160.jpg,datasets_cloudmask/dataset_cropped/10_Metas/29/12/20191029123900_00160.png,664.5,930,74.7,23.1,961
10/29/2019 12:40,datasets/dataset_cropped/10_Metas/29/12/20191029124000_00160.jpg,datasets_flow/dataset_cropped/10_Metas/29/12/20191029124000_00160.jpg,datasets_cloudmask/dataset_cropped/10_Metas/29/12/20191029124000_00160.png,664.9,931,75,23,961
10/29/2019 12:41,datasets/dataset_cropped/10_Metas/29/12/20191029124100_00160.jpg,datasets_flow/dataset_cropped/10_Metas/29/12/20191029124100_00160.jpg,datasets_cloudmask/dataset_cropped/10_Metas/29/12/20191029124100_00160.png,664.8,931,74.7,23.1,961
10/29/2019 12:42,datasets/dataset_cropped/10_Metas/29/12/20191029124200_00160.jpg,datasets_flow/dataset_cropped/10_Metas/29/12/20191029124200_00160.jpg,datasets_cloudmask/dataset_cropped/10_Metas/29/12/20191029124200_00160.png,664.9,930,74.3,23.1,961
10/29/2019 12:43,datasets/dataset_cropped/10_Metas/29/12/20191029124300_00160.jpg,datasets_flow/dataset_cropped/10_Metas/29/12/20191029124300_00160.jpg,datasets_cloudmask/dataset_cropped/10_Metas/29/12/20191029124300_00160.png,664.9,929,74.1,23,961
10/29/2019 12:44,datasets/dataset_cropped/10_Metas/29/12/20191029124400_00160.jpg,datasets_flow/dataset_cropped/10_Metas/29/12/20191029124400_00160.jpg,datasets_cloudmask/dataset_cropped/10_Metas/29/12/20191029124400_00160.png,663.8,927,74.4,23.1,961
10/29/2019 12:45,datasets/dataset_cropped/10_Metas/29/12/20191029124500_00160.jpg,datasets_flow/dataset_cropped/10_Metas/29/12/20191029124500_00160.jpg,datasets_cloudmask/dataset_cropped/10_Metas/29/12/20191029124500_00160.png,662.8,925,74.6,23.1,961
10/29/2019 12:46,datasets/dataset_cropped/10_Metas/29/12/20191029124600_00160.jpg,datasets_flow/dataset_cropped/10_Metas/29/12/20191029124600_00160.jpg,datasets_cloudmask/dataset_cropped/10_Metas/29/12/20191029124600_00160.png,663.5,926,74.7,23.2,961
10/29/2019 12:47,datasets/dataset_cropped/10_Metas/29/12/20191029124700_00160.jpg,datasets_flow/dataset_cropped/10_Metas/29/12/20191029124700_00160.jpg,datasets_cloudmask/dataset_cropped/10_Metas/29/12/20191029124700_00160.png,664.6,927,75.2,23.2,961
10/29/2019 12:48,datasets/dataset_cropped/10_Metas/29/12/20191029124800_00160.jpg,datasets_flow/dataset_cropped/10_Metas/29/12/20191029124800_00160.jpg,datasets_cloudmask/dataset_cropped/10_Metas/29/12/20191029124800_00160.png,665.7,929,75.5,23.2,961
10/29/2019 12:49,datasets/dataset_cropped/10_Metas/29/12/20191029124900_00160.jpg,datasets_flow/dataset_cropped/10_Metas/29/12/20191029124900_00160.jpg,datasets_cloudmask/dataset_cropped/10_Metas/29/12/20191029124900_00160.png,666.1,930,75.5,23.2,961
10/29/2019 12:50,datasets/dataset_cropped/10_Metas/29/12/20191029125000_00160.jpg,datasets_flow/dataset_cropped/10_Metas/29/12/20191029125000_00160.jpg,datasets_cloudmask/dataset_cropped/10_Metas/29/12/20191029125000_00160.png,665.7,929,75.6,23.4,961
10/29/2019 12:51,datasets/dataset_cropped/10_Metas/29/12/20191029125100_00160.jpg,datasets_flow/dataset_cropped/10_Metas/29/12/20191029125100_00160.jpg,datasets_cloudmask/dataset_cropped/10_Metas/29/12/20191029125100_00160.png,665.5,929,75.7,23.4,961
10/29/2019 12:52,datasets/dataset_cropped/10_Metas/29/12/20191029125200_00160.jpg,datasets_flow/dataset_cropped/10_Metas/29/12/20191029125200_00160.jpg,datasets_cloudmask/dataset_cropped/10_Metas/29/12/20191029125200_00160.png,665.5,929,75.7,23.2,961
10/29/2019 12:53,datasets/dataset_cropped/10_Metas/29/12/20191029125300_00160.jpg,datasets_flow/dataset_cropped/10_Metas/29/12/20191029125300_00160.jpg,datasets_cloudmask/dataset_cropped/10_Metas/29/12/20191029125300_00160.png,666.6,931,75.5,23.1,961
10/29/2019 12:54,datasets/dataset_cropped/10_Metas/29/12/20191029125400_00160.jpg,datasets_flow/dataset_cropped/10_Metas/29/12/20191029125400_00160.jpg,datasets_cloudmask/dataset_cropped/10_Metas/29/12/20191029125400_00160.png,665.2,928,75.4,23.3,961
10/29/2019 12:55,datasets/dataset_cropped/10_Metas/29/12/20191029125500_00160.jpg,datasets_flow/dataset_cropped/10_Metas/29/12/20191029125500_00160.jpg,datasets_cloudmask/dataset_cropped/10_Metas/29/12/20191029125500_00160.png,661.7,921,75.8,23.4,961
10/29/2019 12:56,datasets/dataset_cropped/10_Metas/29/12/20191029125600_00160.jpg,datasets_flow/dataset_cropped/10_Metas/29/12/20191029125600_00160.jpg,datasets_cloudmask/dataset_cropped/10_Metas/29/12/20191029125600_00160.png,661.8,922,76,23.2,961
10/29/2019 12:57,datasets/dataset_cropped/10_Metas/29/12/20191029125700_00160.jpg,datasets_flow/dataset_cropped/10_Metas/29/12/20191029125700_00160.jpg,datasets_cloudmask/dataset_cropped/10_Metas/29/12/20191029125700_00160.png,663.2,924,75.9,23.1,961
10/29/2019 12:58,datasets/dataset_cropped/10_Metas/29/12/20191029125800_00160.jpg,datasets_flow/dataset_cropped/10_Metas/29/12/20191029125800_00160.jpg,datasets_cloudmask/dataset_cropped/10_Metas/29/12/20191029125800_00160.png,664.9,927,75.7,23.1,961
10/29/2019 12:59,datasets/dataset_cropped/10_Metas/29/12/20191029125900_00160.jpg,datasets_flow/dataset_cropped/10_Metas/29/12/20191029125900_00160.jpg,datasets_cloudmask/dataset_cropped/10_Metas/29/12/20191029125900_00160.png,666.1,929,75.5,23.2,961
10/29/2019 13:00,datasets/dataset_cropped/10_Metas/29/13/20191029130000_00160.jpg,datasets_flow/dataset_cropped/10_Metas/29/13/20191029130000_00160.jpg,datasets_cloudmask/dataset_cropped/10_Metas/29/13/20191029130000_00160.png,665.8,929,75.6,23.2,961
10/29/2019 13:01,datasets/dataset_cropped/10_Metas/29/13/20191029130100_00160.jpg,datasets_flow/dataset_cropped/10_Metas/29/13/20191029130100_00160.jpg,datasets_cloudmask/dataset_cropped/10_Metas/29/13/20191029130100_00160.png,665.6,928,75.7,23.3,961
10/29/2019 13:02,datasets/dataset_cropped/10_Metas/29/13/20191029130200_00160.jpg,datasets_flow/dataset_cropped/10_Metas/29/13/20191029130200_00160.jpg,datasets_cloudmask/dataset_cropped/10_Metas/29/13/20191029130200_00160.png,666.3,930,75.7,23.3,961
10/29/2019 13:03,datasets/dataset_cropped/10_Metas/29/13/20191029130300_00160.jpg,datasets_flow/dataset_cropped/10_Metas/29/13/20191029130300_00160.jpg,datasets_cloudmask/dataset_cropped/10_Metas/29/13/20191029130300_00160.png,665.2,928,75.6,23.4,961
10/29/2019 13:04,datasets/dataset_cropped/10_Metas/29/13/20191029130400_00160.jpg,datasets_flow/dataset_cropped/10_Metas/29/13/20191029130400_00160.jpg,datasets_cloudmask/dataset_cropped/10_Metas/29/13/20191029130400_00160.png,664.7,927,75.8,23.5,961
10/29/2019 13:05,datasets/dataset_cropped/10_Metas/29/13/20191029130500_00160.jpg,datasets_flow/dataset_cropped/10_Metas/29/13/20191029130500_00160.jpg,datasets_cloudmask/dataset_cropped/10_Metas/29/13/20191029130500_00160.png,664.1,926,75.8,23.4,961
10/29/2019 13:06,datasets/dataset_cropped/10_Metas/29/13/20191029130600_00160.jpg,datasets_flow/dataset_cropped/10_Metas/29/13/20191029130600_00160.jpg,datasets_cloudmask/dataset_cropped/10_Metas/29/13/20191029130600_00160.png,663.1,925,75.6,23.4,961
10/29/2019 13:07,datasets/dataset_cropped/10_Metas/29/13/20191029130700_00160.jpg,datasets_flow/dataset_cropped/10_Metas/29/13/20191029130700_00160.jpg,datasets_cloudmask/dataset_cropped/10_Metas/29/13/20191029130700_00160.png,663,925,75.7,23.6,961
10/29/2019 13:08,datasets/dataset_cropped/10_Metas/29/13/20191029130800_00160.jpg,datasets_flow/dataset_cropped/10_Metas/29/13/20191029130800_00160.jpg,datasets_cloudmask/dataset_cropped/10_Metas/29/13/20191029130800_00160.png,662.1,924,75.8,23.5,961
10/29/2019 13:09,datasets/dataset_cropped/10_Metas/29/13/20191029130900_00160.jpg,datasets_flow/dataset_cropped/10_Metas/29/13/20191029130900_00160.jpg,datasets_cloudmask/dataset_cropped/10_Metas/29/13/20191029130900_00160.png,663.2,925,76.1,23.4,961
10/29/2019 13:10,datasets/dataset_cropped/10_Metas/29/13/20191029131000_00160.jpg,datasets_flow/dataset_cropped/10_Metas/29/13/20191029131000_00160.jpg,datasets_cloudmask/dataset_cropped/10_Metas/29/13/20191029131000_00160.png,662.3,924,76.4,23.5,961
10/29/2019 13:11,datasets/dataset_cropped/10_Metas/29/13/20191029131100_00160.jpg,datasets_flow/dataset_cropped/10_Metas/29/13/20191029131100_00160.jpg,datasets_cloudmask/dataset_cropped/10_Metas/29/13/20191029131100_00160.png,661.6,923,76.5,23.6,961
10/29/2019 13:12,datasets/dataset_cropped/10_Metas/29/13/20191029131200_00160.jpg,datasets_flow/dataset_cropped/10_Metas/29/13/20191029131200_00160.jpg,datasets_cloudmask/dataset_cropped/10_Metas/29/13/20191029131200_00160.png,662.9,926,76.3,23.5,961
10/29/2019 13:13,datasets/dataset_cropped/10_Metas/29/13/20191029131300_00160.jpg,datasets_flow/dataset_cropped/10_Metas/29/13/20191029131300_00160.jpg,datasets_cloudmask/dataset_cropped/10_Metas/29/13/20191029131300_00160.png,663.6,927,76.4,23.3,961
10/29/2019 13:14,datasets/dataset_cropped/10_Metas/29/13/20191029131400_00160.jpg,datasets_flow/dataset_cropped/10_Metas/29/13/20191029131400_00160.jpg,datasets_cloudmask/dataset_cropped/10_Metas/29/13/20191029131400_00160.png,664,928,76.4,23.2,961
10/29/2019 13:15,datasets/dataset_cropped/10_Metas/29/13/20191029131500_00160.jpg,datasets_flow/dataset_cropped/10_Metas/29/13/20191029131500_00160.jpg,datasets_cloudmask/dataset_cropped/10_Metas/29/13/20191029131500_00160.png,663.5,927,76.5,23.1,961
10/29/2019 13:16,datasets/dataset_cropped/10_Metas/29/13/20191029131600_00160.jpg,datasets_flow/dataset_cropped/10_Metas/29/13/20191029131600_00160.jpg,datasets_cloudmask/dataset_cropped/10_Metas/29/13/20191029131600_00160.png,662,925,76.8,23.1,961
10/29/2019 13:17,datasets/dataset_cropped/10_Metas/29/13/20191029131700_00160.jpg,datasets_flow/dataset_cropped/10_Metas/29/13/20191029131700_00160.jpg,datasets_cloudmask/dataset_cropped/10_Metas/29/13/20191029131700_00160.png,659.2,920,77.7,23.3,961
10/29/2019 13:18,datasets/dataset_cropped/10_Metas/29/13/20191029131800_00160.jpg,datasets_flow/dataset_cropped/10_Metas/29/13/20191029131800_00160.jpg,datasets_cloudmask/dataset_cropped/10_Metas/29/13/20191029131800_00160.png,660.1,922,78,23.4,961
10/29/2019 13:19,datasets/dataset_cropped/10_Metas/29/13/20191029131900_00160.jpg,datasets_flow/dataset_cropped/10_Metas/29/13/20191029131900_00160.jpg,datasets_cloudmask/dataset_cropped/10_Metas/29/13/20191029131900_00160.png,659.7,922,78.2,23.5,961
10/29/2019 13:20,datasets/dataset_cropped/10_Metas/29/13/20191029132000_00160.jpg,datasets_flow/dataset_cropped/10_Metas/29/13/20191029132000_00160.jpg,datasets_cloudmask/dataset_cropped/10_Metas/29/13/20191029132000_00160.png,659.4,922,78.6,23.5,961
10/29/2019 13:21,datasets/dataset_cropped/10_Metas/29/13/20191029132100_00160.jpg,datasets_flow/dataset_cropped/10_Metas/29/13/20191029132100_00160.jpg,datasets_cloudmask/dataset_cropped/10_Metas/29/13/20191029132100_00160.png,656.6,918,79,23.7,961
10/29/2019 13:22,datasets/dataset_cropped/10_Metas/29/13/20191029132200_00160.jpg,datasets_flow/dataset_cropped/10_Metas/29/13/20191029132200_00160.jpg,datasets_cloudmask/dataset_cropped/10_Metas/29/13/20191029132200_00160.png,657.4,921,78.7,23.7,961
10/29/2019 13:23,datasets/dataset_cropped/10_Metas/29/13/20191029132300_00160.jpg,datasets_flow/dataset_cropped/10_Metas/29/13/20191029132300_00160.jpg,datasets_cloudmask/dataset_cropped/10_Metas/29/13/20191029132300_00160.png,656.3,918,78.9,23.7,961
10/29/2019 13:24,datasets/dataset_cropped/10_Metas/29/13/20191029132400_00160.jpg,datasets_flow/dataset_cropped/10_Metas/29/13/20191029132400_00160.jpg,datasets_cloudmask/dataset_cropped/10_Metas/29/13/20191029132400_00160.png,651.3,911,78.7,23.8,961
10/29/2019 13:25,datasets/dataset_cropped/10_Metas/29/13/20191029132500_00160.jpg,datasets_flow/dataset_cropped/10_Metas/29/13/20191029132500_00160.jpg,datasets_cloudmask/dataset_cropped/10_Metas/29/13/20191029132500_00160.png,650.3,909,78.5,23.6,961
10/29/2019 13:26,datasets/dataset_cropped/10_Metas/29/13/20191029132600_00160.jpg,datasets_flow/dataset_cropped/10_Metas/29/13/20191029132600_00160.jpg,datasets_cloudmask/dataset_cropped/10_Metas/29/13/20191029132600_00160.png,650.8,910,78.8,23.5,961
10/29/2019 13:27,datasets/dataset_cropped/10_Metas/29/13/20191029132700_00160.jpg,datasets_flow/dataset_cropped/10_Metas/29/13/20191029132700_00160.jpg,datasets_cloudmask/dataset_cropped/10_Metas/29/13/20191029132700_00160.png,648.6,907,79,23.6,961
10/29/2019 13:28,datasets/dataset_cropped/10_Metas/29/13/20191029132800_00160.jpg,datasets_flow/dataset_cropped/10_Metas/29/13/20191029132800_00160.jpg,datasets_cloudmask/dataset_cropped/10_Metas/29/13/20191029132800_00160.png,647.2,906,79.1,23.6,961
10/29/2019 13:29,datasets/dataset_cropped/10_Metas/29/13/20191029132900_00160.jpg,datasets_flow/dataset_cropped/10_Metas/29/13/20191029132900_00160.jpg,datasets_cloudmask/dataset_cropped/10_Metas/29/13/20191029132900_00160.png,647.8,908,78.5,23.7,961
10/29/2019 13:30,datasets/dataset_cropped/10_Metas/29/13/20191029133000_00160.jpg,datasets_flow/dataset_cropped/10_Metas/29/13/20191029133000_00160.jpg,datasets_cloudmask/dataset_cropped/10_Metas/29/13/20191029133000_00160.png,651.2,914,78.6,23.8,961
10/29/2019 13:31,datasets/dataset_cropped/10_Metas/29/13/20191029133100_00160.jpg,datasets_flow/dataset_cropped/10_Metas/29/13/20191029133100_00160.jpg,datasets_cloudmask/dataset_cropped/10_Metas/29/13/20191029133100_00160.png,649,911,78.8,23.7,961
10/29/2019 13:32,datasets/dataset_cropped/10_Metas/29/13/20191029133200_00160.jpg,datasets_flow/dataset_cropped/10_Metas/29/13/20191029133200_00160.jpg,datasets_cloudmask/dataset_cropped/10_Metas/29/13/20191029133200_00160.png,646.6,908,78.8,23.6,961
10/29/2019 13:33,datasets/dataset_cropped/10_Metas/29/13/20191029133300_00160.jpg,datasets_flow/dataset_cropped/10_Metas/29/13/20191029133300_00160.jpg,datasets_cloudmask/dataset_cropped/10_Metas/29/13/20191029133300_00160.png,643.1,903,78.7,23.6,961
10/29/2019 13:34,datasets/dataset_cropped/10_Metas/29/13/20191029133400_00160.jpg,datasets_flow/dataset_cropped/10_Metas/29/13/20191029133400_00160.jpg,datasets_cloudmask/dataset_cropped/10_Metas/29/13/20191029133400_00160.png,643.8,905,79,23.5,961
10/29/2019 13:35,datasets/dataset_cropped/10_Metas/29/13/20191029133500_00160.jpg,datasets_flow/dataset_cropped/10_Metas/29/13/20191029133500_00160.jpg,datasets_cloudmask/dataset_cropped/10_Metas/29/13/20191029133500_00160.png,644.8,907,78.8,23.6,961
10/29/2019 13:36,datasets/dataset_cropped/10_Metas/29/13/20191029133600_00160.jpg,datasets_flow/dataset_cropped/10_Metas/29/13/20191029133600_00160.jpg,datasets_cloudmask/dataset_cropped/10_Metas/29/13/20191029133600_00160.png,646,911,78.7,23.7,961
10/29/2019 13:37,datasets/dataset_cropped/10_Metas/29/13/20191029133700_00160.jpg,datasets_flow/dataset_cropped/10_Metas/29/13/20191029133700_00160.jpg,datasets_cloudmask/dataset_cropped/10_Metas/29/13/20191029133700_00160.png,644.7,910,78.6,23.6,961
10/29/2019 13:38,datasets/dataset_cropped/10_Metas/29/13/20191029133800_00160.jpg,datasets_flow/dataset_cropped/10_Metas/29/13/20191029133800_00160.jpg,datasets_cloudmask/dataset_cropped/10_Metas/29/13/20191029133800_00160.png,644.9,912,78.3,23.4,961
10/29/2019 13:39,datasets/dataset_cropped/10_Metas/29/13/20191029133900_00160.jpg,datasets_flow/dataset_cropped/10_Metas/29/13/20191029133900_00160.jpg,datasets_cloudmask/dataset_cropped/10_Metas/29/13/20191029133900_00160.png,645.5,914,78.2,23.5,961
10/29/2019 13:40,datasets/dataset_cropped/10_Metas/29/13/20191029134000_00160.jpg,datasets_flow/dataset_cropped/10_Metas/29/13/20191029134000_00160.jpg,datasets_cloudmask/dataset_cropped/10_Metas/29/13/20191029134000_00160.png,643.5,912,77.7,23.5,961
10/29/2019 13:41,datasets/dataset_cropped/10_Metas/29/13/20191029134100_00160.jpg,datasets_flow/dataset_cropped/10_Metas/29/13/20191029134100_00160.jpg,datasets_cloudmask/dataset_cropped/10_Metas/29/13/20191029134100_00160.png,641.6,910,77.7,23.6,961
10/29/2019 13:42,datasets/dataset_cropped/10_Metas/29/13/20191029134200_00160.jpg,datasets_flow/dataset_cropped/10_Metas/29/13/20191029134200_00160.jpg,datasets_cloudmask/dataset_cropped/10_Metas/29/13/20191029134200_00160.png,639.5,908,77.5,23.6,961
10/29/2019 13:43,datasets/dataset_cropped/10_Metas/29/13/20191029134300_00160.jpg,datasets_flow/dataset_cropped/10_Metas/29/13/20191029134300_00160.jpg,datasets_cloudmask/dataset_cropped/10_Metas/29/13/20191029134300_00160.png,639.4,910,77.2,23.5,961
10/29/2019 13:44,datasets/dataset_cropped/10_Metas/29/13/20191029134400_00160.jpg,datasets_flow/dataset_cropped/10_Metas/29/13/20191029134400_00160.jpg,datasets_cloudmask/dataset_cropped/10_Metas/29/13/20191029134400_00160.png,641.1,914,77.2,23.4,961
10/29/2019 13:45,datasets/dataset_cropped/10_Metas/29/13/20191029134500_00160.jpg,datasets_flow/dataset_cropped/10_Metas/29/13/20191029134500_00160.jpg,datasets_cloudmask/dataset_cropped/10_Metas/29/13/20191029134500_00160.png,641.8,916,77,23.3,961
10/29/2019 13:46,datasets/dataset_cropped/10_Metas/29/13/20191029134600_00160.jpg,datasets_flow/dataset_cropped/10_Metas/29/13/20191029134600_00160.jpg,datasets_cloudmask/dataset_cropped/10_Metas/29/13/20191029134600_00160.png,641.9,918,76.7,23.1,961
10/29/2019 13:47,datasets/dataset_cropped/10_Metas/29/13/20191029134700_00160.jpg,datasets_flow/dataset_cropped/10_Metas/29/13/20191029134700_00160.jpg,datasets_cloudmask/dataset_cropped/10_Metas/29/13/20191029134700_00160.png,641.6,919,76.5,23,961
10/29/2019 13:48,datasets/dataset_cropped/10_Metas/29/13/20191029134800_00160.jpg,datasets_flow/dataset_cropped/10_Metas/29/13/20191029134800_00160.jpg,datasets_cloudmask/dataset_cropped/10_Metas/29/13/20191029134800_00160.png,640.2,918,76.5,23.2,961
10/29/2019 13:49,datasets/dataset_cropped/10_Metas/29/13/20191029134900_00160.jpg,datasets_flow/dataset_cropped/10_Metas/29/13/20191029134900_00160.jpg,datasets_cloudmask/dataset_cropped/10_Metas/29/13/20191029134900_00160.png,638.7,916,76.4,23.2,961
10/29/2019 13:50,datasets/dataset_cropped/10_Metas/29/13/20191029135000_00160.jpg,datasets_flow/dataset_cropped/10_Metas/29/13/20191029135000_00160.jpg,datasets_cloudmask/dataset_cropped/10_Metas/29/13/20191029135000_00160.png,637.3,915,76.6,23.2,961
10/29/2019 13:51,datasets/dataset_cropped/10_Metas/29/13/20191029135100_00160.jpg,datasets_flow/dataset_cropped/10_Metas/29/13/20191029135100_00160.jpg,datasets_cloudmask/dataset_cropped/10_Metas/29/13/20191029135100_00160.png,633.6,910,77.2,23.1,961
10/29/2019 13:52,datasets/dataset_cropped/10_Metas/29/13/20191029135200_00160.jpg,datasets_flow/dataset_cropped/10_Metas/29/13/20191029135200_00160.jpg,datasets_cloudmask/dataset_cropped/10_Metas/29/13/20191029135200_00160.png,631.1,907,77,23.3,961
10/29/2019 13:53,datasets/dataset_cropped/10_Metas/29/13/20191029135300_00160.jpg,datasets_flow/dataset_cropped/10_Metas/29/13/20191029135300_00160.jpg,datasets_cloudmask/dataset_cropped/10_Metas/29/13/20191029135300_00160.png,629.8,906,76.9,23.4,961
10/29/2019 13:54,datasets/dataset_cropped/10_Metas/29/13/20191029135400_00160.jpg,datasets_flow/dataset_cropped/10_Metas/29/13/20191029135400_00160.jpg,datasets_cloudmask/dataset_cropped/10_Metas/29/13/20191029135400_00160.png,629.6,907,76.9,23.3,961
10/29/2019 13:55,datasets/dataset_cropped/10_Metas/29/13/20191029135500_00160.jpg,datasets_flow/dataset_cropped/10_Metas/29/13/20191029135500_00160.jpg,datasets_cloudmask/dataset_cropped/10_Metas/29/13/20191029135500_00160.png,630.8,910,76.8,23.3,961
10/29/2019 13:56,datasets/dataset_cropped/10_Metas/29/13/20191029135600_00160.jpg,datasets_flow/dataset_cropped/10_Metas/29/13/20191029135600_00160.jpg,datasets_cloudmask/dataset_cropped/10_Metas/29/13/20191029135600_00160.png,630.1,910,76.9,23.4,961
10/29/2019 13:57,datasets/dataset_cropped/10_Metas/29/13/20191029135700_00160.jpg,datasets_flow/dataset_cropped/10_Metas/29/13/20191029135700_00160.jpg,datasets_cloudmask/dataset_cropped/10_Metas/29/13/20191029135700_00160.png,629.5,911,77.1,23.2,961
10/29/2019 13:58,datasets/dataset_cropped/10_Metas/29/13/20191029135800_00160.jpg,datasets_flow/dataset_cropped/10_Metas/29/13/20191029135800_00160.jpg,datasets_cloudmask/dataset_cropped/10_Metas/29/13/20191029135800_00160.png,626.9,908,77.1,23.2,961
10/29/2019 13:59,datasets/dataset_cropped/10_Metas/29/13/20191029135900_00160.jpg,datasets_flow/dataset_cropped/10_Metas/29/13/20191029135900_00160.jpg,datasets_cloudmask/dataset_cropped/10_Metas/29/13/20191029135900_00160.png,624.2,905,76.9,23,961
10/29/2019 14:00,datasets/dataset_cropped/10_Metas/29/14/20191029140000_00160.jpg,datasets_flow/dataset_cropped/10_Metas/29/14/20191029140000_00160.jpg,datasets_cloudmask/dataset_cropped/10_Metas/29/14/20191029140000_00160.png,621.5,902,76.9,23,961
10/29/2019 14:01,datasets/dataset_cropped/10_Metas/29/14/20191029140100_00160.jpg,datasets_flow/dataset_cropped/10_Metas/29/14/20191029140100_00160.jpg,datasets_cloudmask/dataset_cropped/10_Metas/29/14/20191029140100_00160.png,621,903,76.8,23.2,961
10/29/2019 14:02,datasets/dataset_cropped/10_Metas/29/14/20191029140200_00160.jpg,datasets_flow/dataset_cropped/10_Metas/29/14/20191029140200_00160.jpg,datasets_cloudmask/dataset_cropped/10_Metas/29/14/20191029140200_00160.png,621.7,906,76.8,23.3,961
10/29/2019 14:03,datasets/dataset_cropped/10_Metas/29/14/20191029140300_00160.jpg,datasets_flow/dataset_cropped/10_Metas/29/14/20191029140300_00160.jpg,datasets_cloudmask/dataset_cropped/10_Metas/29/14/20191029140300_00160.png,621.5,906,77.1,23.4,961
10/29/2019 14:04,datasets/dataset_cropped/10_Metas/29/14/20191029140400_00160.jpg,datasets_flow/dataset_cropped/10_Metas/29/14/20191029140400_00160.jpg,datasets_cloudmask/dataset_cropped/10_Metas/29/14/20191029140400_00160.png,620.6,906,77.4,23.4,961
10/29/2019 14:05,datasets/dataset_cropped/10_Metas/29/14/20191029140500_00160.jpg,datasets_flow/dataset_cropped/10_Metas/29/14/20191029140500_00160.jpg,datasets_cloudmask/dataset_cropped/10_Metas/29/14/20191029140500_00160.png,618.7,904,77.3,23.4,961
10/29/2019 14:06,datasets/dataset_cropped/10_Metas/29/14/20191029140600_00160.jpg,datasets_flow/dataset_cropped/10_Metas/29/14/20191029140600_00160.jpg,datasets_cloudmask/dataset_cropped/10_Metas/29/14/20191029140600_00160.png,619.6,907,77.5,23.3,961
10/29/2019 14:07,datasets/dataset_cropped/10_Metas/29/14/20191029140700_00160.jpg,datasets_flow/dataset_cropped/10_Metas/29/14/20191029140700_00160.jpg,datasets_cloudmask/dataset_cropped/10_Metas/29/14/20191029140700_00160.png,618.7,908,77.3,23.2,961
10/29/2019 14:08,datasets/dataset_cropped/10_Metas/29/14/20191029140800_00160.jpg,datasets_flow/dataset_cropped/10_Metas/29/14/20191029140800_00160.jpg,datasets_cloudmask/dataset_cropped/10_Metas/29/14/20191029140800_00160.png,616.1,905,77.2,23.4,960
10/29/2019 14:09,datasets/dataset_cropped/10_Metas/29/14/20191029140900_00160.jpg,datasets_flow/dataset_cropped/10_Metas/29/14/20191029140900_00160.jpg,datasets_cloudmask/dataset_cropped/10_Metas/29/14/20191029140900_00160.png,615.2,906,77.1,23.3,961
10/29/2019 14:10,datasets/dataset_cropped/10_Metas/29/14/20191029141000_00160.jpg,datasets_flow/dataset_cropped/10_Metas/29/14/20191029141000_00160.jpg,datasets_cloudmask/dataset_cropped/10_Metas/29/14/20191029141000_00160.png,614.7,907,76.8,23.3,960
10/29/2019 14:11,datasets/dataset_cropped/10_Metas/29/14/20191029141100_00160.jpg,datasets_flow/dataset_cropped/10_Metas/29/14/20191029141100_00160.jpg,datasets_cloudmask/dataset_cropped/10_Metas/29/14/20191029141100_00160.png,613.9,908,76.7,23.4,961
10/29/2019 14:12,datasets/dataset_cropped/10_Metas/29/14/20191029141200_00160.jpg,datasets_flow/dataset_cropped/10_Metas/29/14/20191029141200_00160.jpg,datasets_cloudmask/dataset_cropped/10_Metas/29/14/20191029141200_00160.png,612.2,907,76.5,23.3,960
10/29/2019 14:13,datasets/dataset_cropped/10_Metas/29/14/20191029141300_00160.jpg,datasets_flow/dataset_cropped/10_Metas/29/14/20191029141300_00160.jpg,datasets_cloudmask/dataset_cropped/10_Metas/29/14/20191029141300_00160.png,611,906,76.3,23.1,960
10/29/2019 14:14,datasets/dataset_cropped/10_Metas/29/14/20191029141400_00160.jpg,datasets_flow/dataset_cropped/10_Metas/29/14/20191029141400_00160.jpg,datasets_cloudmask/dataset_cropped/10_Metas/29/14/20191029141400_00160.png,609.2,905,76.3,23,960
10/29/2019 14:15,datasets/dataset_cropped/10_Metas/29/14/20191029141500_00160.jpg,datasets_flow/dataset_cropped/10_Metas/29/14/20191029141500_00160.jpg,datasets_cloudmask/dataset_cropped/10_Metas/29/14/20191029141500_00160.png,607.3,904,76.4,23.1,961
10/29/2019 14:16,datasets/dataset_cropped/10_Metas/29/14/20191029141600_00160.jpg,datasets_flow/dataset_cropped/10_Metas/29/14/20191029141600_00160.jpg,datasets_cloudmask/dataset_cropped/10_Metas/29/14/20191029141600_00160.png,605.5,902,76.5,23.2,960
10/29/2019 14:17,datasets/dataset_cropped/10_Metas/29/14/20191029141700_00160.jpg,datasets_flow/dataset_cropped/10_Metas/29/14/20191029141700_00160.jpg,datasets_cloudmask/dataset_cropped/10_Metas/29/14/20191029141700_00160.png,603.8,901,76.7,23.4,960
10/29/2019 14:18,datasets/dataset_cropped/10_Metas/29/14/20191029141800_00160.jpg,datasets_flow/dataset_cropped/10_Metas/29/14/20191029141800_00160.jpg,datasets_cloudmask/dataset_cropped/10_Metas/29/14/20191029141800_00160.png,602.6,900,76.7,23.3,960
10/29/2019 14:19,datasets/dataset_cropped/10_Metas/29/14/20191029141900_00160.jpg,datasets_flow/dataset_cropped/10_Metas/29/14/20191029141900_00160.jpg,datasets_cloudmask/dataset_cropped/10_Metas/29/14/20191029141900_00160.png,600,898,76.5,23.2,960
10/29/2019 14:20,datasets/dataset_cropped/10_Metas/29/14/20191029142000_00160.jpg,datasets_flow/dataset_cropped/10_Metas/29/14/20191029142000_00160.jpg,datasets_cloudmask/dataset_cropped/10_Metas/29/14/20191029142000_00160.png,597.3,894,76.8,23.2,961
10/29/2019 14:21,datasets/dataset_cropped/10_Metas/29/14/20191029142100_00160.jpg,datasets_flow/dataset_cropped/10_Metas/29/14/20191029142100_00160.jpg,datasets_cloudmask/dataset_cropped/10_Metas/29/14/20191029142100_00160.png,594.9,892,77,23.1,961
10/29/2019 14:22,datasets/dataset_cropped/10_Metas/29/14/20191029142200_00160.jpg,datasets_flow/dataset_cropped/10_Metas/29/14/20191029142200_00160.jpg,datasets_cloudmask/dataset_cropped/10_Metas/29/14/20191029142200_00160.png,593.1,891,77,23.1,960
10/29/2019 14:23,datasets/dataset_cropped/10_Metas/29/14/20191029142300_00160.jpg,datasets_flow/dataset_cropped/10_Metas/29/14/20191029142300_00160.jpg,datasets_cloudmask/dataset_cropped/10_Metas/29/14/20191029142300_00160.png,591.4,891,77,23.1,960
10/29/2019 14:24,datasets/dataset_cropped/10_Metas/29/14/20191029142400_00160.jpg,datasets_flow/dataset_cropped/10_Metas/29/14/20191029142400_00160.jpg,datasets_cloudmask/dataset_cropped/10_Metas/29/14/20191029142400_00160.png,591.4,893,76.8,23.4,960
10/29/2019 14:25,datasets/dataset_cropped/10_Metas/29/14/20191029142500_00160.jpg,datasets_flow/dataset_cropped/10_Metas/29/14/20191029142500_00160.jpg,datasets_cloudmask/dataset_cropped/10_Metas/29/14/20191029142500_00160.png,592.2,897,76.8,23.5,960
10/29/2019 14:26,datasets/dataset_cropped/10_Metas/29/14/20191029142600_00160.jpg,datasets_flow/dataset_cropped/10_Metas/29/14/20191029142600_00160.jpg,datasets_cloudmask/dataset_cropped/10_Metas/29/14/20191029142600_00160.png,591.6,898,76.4,23.4,960
10/29/2019 14:27,datasets/dataset_cropped/10_Metas/29/14/20191029142700_00160.jpg,datasets_flow/dataset_cropped/10_Metas/29/14/20191029142700_00160.jpg,datasets_cloudmask/dataset_cropped/10_Metas/29/14/20191029142700_00160.png,589.8,897,76.5,23.4,960
10/29/2019 14:28,datasets/dataset_cropped/10_Metas/29/14/20191029142800_00160.jpg,datasets_flow/dataset_cropped/10_Metas/29/14/20191029142800_00160.jpg,datasets_cloudmask/dataset_cropped/10_Metas/29/14/20191029142800_00160.png,586.6,893,76.8,23.2,961
10/29/2019 14:29,datasets/dataset_cropped/10_Metas/29/14/20191029142900_00160.jpg,datasets_flow/dataset_cropped/10_Metas/29/14/20191029142900_00160.jpg,datasets_cloudmask/dataset_cropped/10_Metas/29/14/20191029142900_00160.png,583.5,890,76.9,23.3,960
10/29/2019 14:30,datasets/dataset_cropped/10_Metas/29/14/20191029143000_00160.jpg,datasets_flow/dataset_cropped/10_Metas/29/14/20191029143000_00160.jpg,datasets_cloudmask/dataset_cropped/10_Metas/29/14/20191029143000_00160.png,580.6,886,77.2,23.5,960
10/29/2019 14:31,datasets/dataset_cropped/10_Metas/29/14/20191029143100_00160.jpg,datasets_flow/dataset_cropped/10_Metas/29/14/20191029143100_00160.jpg,datasets_cloudmask/dataset_cropped/10_Metas/29/14/20191029143100_00160.png,577.8,884,77,23.5,961
10/29/2019 14:32,datasets/dataset_cropped/10_Metas/29/14/20191029143200_00160.jpg,datasets_flow/dataset_cropped/10_Metas/29/14/20191029143200_00160.jpg,datasets_cloudmask/dataset_cropped/10_Metas/29/14/20191029143200_00160.png,575.8,883,76.9,23.5,960
10/29/2019 14:33,datasets/dataset_cropped/10_Metas/29/14/20191029143300_00160.jpg,datasets_flow/dataset_cropped/10_Metas/29/14/20191029143300_00160.jpg,datasets_cloudmask/dataset_cropped/10_Metas/29/14/20191029143300_00160.png,573.9,881,76.9,23.4,960
10/29/2019 14:34,datasets/dataset_cropped/10_Metas/29/14/20191029143400_00160.jpg,datasets_flow/dataset_cropped/10_Metas/29/14/20191029143400_00160.jpg,datasets_cloudmask/dataset_cropped/10_Metas/29/14/20191029143400_00160.png,572.6,881,76.8,23.4,961
10/29/2019 14:35,datasets/dataset_cropped/10_Metas/29/14/20191029143500_00160.jpg,datasets_flow/dataset_cropped/10_Metas/29/14/20191029143500_00160.jpg,datasets_cloudmask/dataset_cropped/10_Metas/29/14/20191029143500_00160.png,571.8,882,77,23.4,960
10/29/2019 14:36,datasets/dataset_cropped/10_Metas/29/14/20191029143600_00160.jpg,datasets_flow/dataset_cropped/10_Metas/29/14/20191029143600_00160.jpg,datasets_cloudmask/dataset_cropped/10_Metas/29/14/20191029143600_00160.png,570.5,881,76.9,23.5,960
10/29/2019 14:37,datasets/dataset_cropped/10_Metas/29/14/20191029143700_00160.jpg,datasets_flow/dataset_cropped/10_Metas/29/14/20191029143700_00160.jpg,datasets_cloudmask/dataset_cropped/10_Metas/29/14/20191029143700_00160.png,569.2,881,76.8,23.5,960
10/29/2019 14:38,datasets/dataset_cropped/10_Metas/29/14/20191029143800_00160.jpg,datasets_flow/dataset_cropped/10_Metas/29/14/20191029143800_00160.jpg,datasets_cloudmask/dataset_cropped/10_Metas/29/14/20191029143800_00160.png,567.8,881,77.1,23.5,960
10/29/2019 14:39,datasets/dataset_cropped/10_Metas/29/14/20191029143900_00160.jpg,datasets_flow/dataset_cropped/10_Metas/29/14/20191029143900_00160.jpg,datasets_cloudmask/dataset_cropped/10_Metas/29/14/20191029143900_00160.png,565.7,880,76.9,23.4,960
10/29/2019 14:40,datasets/dataset_cropped/10_Metas/29/14/20191029144000_00160.jpg,datasets_flow/dataset_cropped/10_Metas/29/14/20191029144000_00160.jpg,datasets_cloudmask/dataset_cropped/10_Metas/29/14/20191029144000_00160.png,562.9,877,76.9,23.2,960
10/29/2019 14:41,datasets/dataset_cropped/10_Metas/29/14/20191029144100_00160.jpg,datasets_flow/dataset_cropped/10_Metas/29/14/20191029144100_00160.jpg,datasets_cloudmask/dataset_cropped/10_Metas/29/14/20191029144100_00160.png,560.7,875,77,23.2,960
10/29/2019 14:42,datasets/dataset_cropped/10_Metas/29/14/20191029144200_00160.jpg,datasets_flow/dataset_cropped/10_Metas/29/14/20191029144200_00160.jpg,datasets_cloudmask/dataset_cropped/10_Metas/29/14/20191029144200_00160.png,559.4,875,77,23.3,960
10/29/2019 14:43,datasets/dataset_cropped/10_Metas/29/14/20191029144300_00160.jpg,datasets_flow/dataset_cropped/10_Metas/29/14/20191029144300_00160.jpg,datasets_cloudmask/dataset_cropped/10_Metas/29/14/20191029144300_00160.png,558.1,875,77,23.2,960
10/29/2019 14:44,datasets/dataset_cropped/10_Metas/29/14/20191029144400_00160.jpg,datasets_flow/dataset_cropped/10_Metas/29/14/20191029144400_00160.jpg,datasets_cloudmask/dataset_cropped/10_Metas/29/14/20191029144400_00160.png,556.6,875,76.9,23.2,960
10/29/2019 14:45,datasets/dataset_cropped/10_Metas/29/14/20191029144500_00160.jpg,datasets_flow/dataset_cropped/10_Metas/29/14/20191029144500_00160.jpg,datasets_cloudmask/dataset_cropped/10_Metas/29/14/20191029144500_00160.png,554.9,875,77,23.4,960
10/29/2019 14:46,datasets/dataset_cropped/10_Metas/29/14/20191029144600_00160.jpg,datasets_flow/dataset_cropped/10_Metas/29/14/20191029144600_00160.jpg,datasets_cloudmask/dataset_cropped/10_Metas/29/14/20191029144600_00160.png,553,873,77.2,23.3,960
10/29/2019 14:47,datasets/dataset_cropped/10_Metas/29/14/20191029144700_00160.jpg,datasets_flow/dataset_cropped/10_Metas/29/14/20191029144700_00160.jpg,datasets_cloudmask/dataset_cropped/10_Metas/29/14/20191029144700_00160.png,551,872,77.2,23.3,960
10/29/2019 14:48,datasets/dataset_cropped/10_Metas/29/14/20191029144800_00160.jpg,datasets_flow/dataset_cropped/10_Metas/29/14/20191029144800_00160.jpg,datasets_cloudmask/dataset_cropped/10_Metas/29/14/20191029144800_00160.png,548.5,870,77.3,23.6,960
10/29/2019 14:49,datasets/dataset_cropped/10_Metas/29/14/20191029144900_00160.jpg,datasets_flow/dataset_cropped/10_Metas/29/14/20191029144900_00160.jpg,datasets_cloudmask/dataset_cropped/10_Metas/29/14/20191029144900_00160.png,546.8,869,77.7,23.6,961
10/29/2019 14:50,datasets/dataset_cropped/10_Metas/29/14/20191029145000_00160.jpg,datasets_flow/dataset_cropped/10_Metas/29/14/20191029145000_00160.jpg,datasets_cloudmask/dataset_cropped/10_Metas/29/14/20191029145000_00160.png,543.3,865,77.7,23.7,960
10/29/2019 14:51,datasets/dataset_cropped/10_Metas/29/14/20191029145100_00160.jpg,datasets_flow/dataset_cropped/10_Metas/29/14/20191029145100_00160.jpg,datasets_cloudmask/dataset_cropped/10_Metas/29/14/20191029145100_00160.png,539.9,861,77.9,23.6,961
10/29/2019 14:52,datasets/dataset_cropped/10_Metas/29/14/20191029145200_00160.jpg,datasets_flow/dataset_cropped/10_Metas/29/14/20191029145200_00160.jpg,datasets_cloudmask/dataset_cropped/10_Metas/29/14/20191029145200_00160.png,538.5,861,78,23.4,960
10/29/2019 14:53,datasets/dataset_cropped/10_Metas/29/14/20191029145300_00160.jpg,datasets_flow/dataset_cropped/10_Metas/29/14/20191029145300_00160.jpg,datasets_cloudmask/dataset_cropped/10_Metas/29/14/20191029145300_00160.png,536,859,78,23.3,960
10/29/2019 14:54,datasets/dataset_cropped/10_Metas/29/14/20191029145400_00160.jpg,datasets_flow/dataset_cropped/10_Metas/29/14/20191029145400_00160.jpg,datasets_cloudmask/dataset_cropped/10_Metas/29/14/20191029145400_00160.png,532.7,855,78.2,23.5,961
10/29/2019 14:55,datasets/dataset_cropped/10_Metas/29/14/20191029145500_00160.jpg,datasets_flow/dataset_cropped/10_Metas/29/14/20191029145500_00160.jpg,datasets_cloudmask/dataset_cropped/10_Metas/29/14/20191029145500_00160.png,530.6,854,78.2,23.5,960
10/29/2019 14:56,datasets/dataset_cropped/10_Metas/29/14/20191029145600_00160.jpg,datasets_flow/dataset_cropped/10_Metas/29/14/20191029145600_00160.jpg,datasets_cloudmask/dataset_cropped/10_Metas/29/14/20191029145600_00160.png,528.7,853,78.1,23.4,960
10/29/2019 14:57,datasets/dataset_cropped/10_Metas/29/14/20191029145700_00160.jpg,datasets_flow/dataset_cropped/10_Metas/29/14/20191029145700_00160.jpg,datasets_cloudmask/dataset_cropped/10_Metas/29/14/20191029145700_00160.png,526.6,851,78.2,23.4,960
10/29/2019 14:58,datasets/dataset_cropped/10_Metas/29/14/20191029145800_00160.jpg,datasets_flow/dataset_cropped/10_Metas/29/14/20191029145800_00160.jpg,datasets_cloudmask/dataset_cropped/10_Metas/29/14/20191029145800_00160.png,525,852,78.2,23.6,960
10/29/2019 14:59,datasets/dataset_cropped/10_Metas/29/14/20191029145900_00160.jpg,datasets_flow/dataset_cropped/10_Metas/29/14/20191029145900_00160.jpg,datasets_cloudmask/dataset_cropped/10_Metas/29/14/20191029145900_00160.png,523.7,852,78.4,23.5,960
10/29/2019 15:00,datasets/dataset_cropped/10_Metas/29/15/20191029150000_00160.jpg,datasets_flow/dataset_cropped/10_Metas/29/15/20191029150000_00160.jpg,datasets_cloudmask/dataset_cropped/10_Metas/29/15/20191029150000_00160.png,520.8,849,78.3,23.3,960
10/29/2019 15:01,datasets/dataset_cropped/10_Metas/29/15/20191029150100_00160.jpg,datasets_flow/dataset_cropped/10_Metas/29/15/20191029150100_00160.jpg,datasets_cloudmask/dataset_cropped/10_Metas/29/15/20191029150100_00160.png,517.5,845,78.2,23.3,961
10/29/2019 15:02,datasets/dataset_cropped/10_Metas/29/15/20191029150200_00160.jpg,datasets_flow/dataset_cropped/10_Metas/29/15/20191029150200_00160.jpg,datasets_cloudmask/dataset_cropped/10_Metas/29/15/20191029150200_00160.png,515.8,845,78.3,23.3,960
10/29/2019 15:03,datasets/dataset_cropped/10_Metas/29/15/20191029150300_00160.jpg,datasets_flow/dataset_cropped/10_Metas/29/15/20191029150300_00160.jpg,datasets_cloudmask/dataset_cropped/10_Metas/29/15/20191029150300_00160.png,514.4,845,78.4,23.4,960
10/29/2019 15:04,datasets/dataset_cropped/10_Metas/29/15/20191029150400_00160.jpg,datasets_flow/dataset_cropped/10_Metas/29/15/20191029150400_00160.jpg,datasets_cloudmask/dataset_cropped/10_Metas/29/15/20191029150400_00160.png,511.2,841,78.5,23.4,960
10/29/2019 15:05,datasets/dataset_cropped/10_Metas/29/15/20191029150500_00160.jpg,datasets_flow/dataset_cropped/10_Metas/29/15/20191029150500_00160.jpg,datasets_cloudmask/dataset_cropped/10_Metas/29/15/20191029150500_00160.png,508.7,839,79,23.6,960
10/29/2019 15:06,datasets/dataset_cropped/10_Metas/29/15/20191029150600_00160.jpg,datasets_flow/dataset_cropped/10_Metas/29/15/20191029150600_00160.jpg,datasets_cloudmask/dataset_cropped/10_Metas/29/15/20191029150600_00160.png,505.9,836,79.2,23.8,960
10/29/2019 15:07,datasets/dataset_cropped/10_Metas/29/15/20191029150700_00160.jpg,datasets_flow/dataset_cropped/10_Metas/29/15/20191029150700_00160.jpg,datasets_cloudmask/dataset_cropped/10_Metas/29/15/20191029150700_00160.png,503,834,79.2,23.7,960
10/29/2019 15:08,datasets/dataset_cropped/10_Metas/29/15/20191029150800_00160.jpg,datasets_flow/dataset_cropped/10_Metas/29/15/20191029150800_00160.jpg,datasets_cloudmask/dataset_cropped/10_Metas/29/15/20191029150800_00160.png,500.5,832,79.2,23.8,961
10/29/2019 15:09,datasets/dataset_cropped/10_Metas/29/15/20191029150900_00160.jpg,datasets_flow/dataset_cropped/10_Metas/29/15/20191029150900_00160.jpg,datasets_cloudmask/dataset_cropped/10_Metas/29/15/20191029150900_00160.png,497.5,829,79.2,23.9,960
10/29/2019 15:10,datasets/dataset_cropped/10_Metas/29/15/20191029151000_00160.jpg,datasets_flow/dataset_cropped/10_Metas/29/15/20191029151000_00160.jpg,datasets_cloudmask/dataset_cropped/10_Metas/29/15/20191029151000_00160.png,494.9,827,79.4,23.8,960
10/29/2019 15:11,datasets/dataset_cropped/10_Metas/29/15/20191029151100_00160.jpg,datasets_flow/dataset_cropped/10_Metas/29/15/20191029151100_00160.jpg,datasets_cloudmask/dataset_cropped/10_Metas/29/15/20191029151100_00160.png,492.3,825,79.5,23.5,960
10/29/2019 15:12,datasets/dataset_cropped/10_Metas/29/15/20191029151200_00160.jpg,datasets_flow/dataset_cropped/10_Metas/29/15/20191029151200_00160.jpg,datasets_cloudmask/dataset_cropped/10_Metas/29/15/20191029151200_00160.png,489.2,822,79.7,23.4,960
10/29/2019 15:13,datasets/dataset_cropped/10_Metas/29/15/20191029151300_00160.jpg,datasets_flow/dataset_cropped/10_Metas/29/15/20191029151300_00160.jpg,datasets_cloudmask/dataset_cropped/10_Metas/29/15/20191029151300_00160.png,485.8,818,79.8,23.5,960
10/29/2019 15:14,datasets/dataset_cropped/10_Metas/29/15/20191029151400_00160.jpg,datasets_flow/dataset_cropped/10_Metas/29/15/20191029151400_00160.jpg,datasets_cloudmask/dataset_cropped/10_Metas/29/15/20191029151400_00160.png,482.5,815,79.6,23.7,961
10/29/2019 15:15,datasets/dataset_cropped/10_Metas/29/15/20191029151500_00160.jpg,datasets_flow/dataset_cropped/10_Metas/29/15/20191029151500_00160.jpg,datasets_cloudmask/dataset_cropped/10_Metas/29/15/20191029151500_00160.png,479.9,812,79.6,23.7,960
10/29/2019 15:16,datasets/dataset_cropped/10_Metas/29/15/20191029151600_00160.jpg,datasets_flow/dataset_cropped/10_Metas/29/15/20191029151600_00160.jpg,datasets_cloudmask/dataset_cropped/10_Metas/29/15/20191029151600_00160.png,478.1,811,79.9,23.9,960
10/29/2019 15:17,datasets/dataset_cropped/10_Metas/29/15/20191029151700_00160.jpg,datasets_flow/dataset_cropped/10_Metas/29/15/20191029151700_00160.jpg,datasets_cloudmask/dataset_cropped/10_Metas/29/15/20191029151700_00160.png,475.9,809,80.1,24,960
10/29/2019 15:18,datasets/dataset_cropped/10_Metas/29/15/20191029151800_00160.jpg,datasets_flow/dataset_cropped/10_Metas/29/15/20191029151800_00160.jpg,datasets_cloudmask/dataset_cropped/10_Metas/29/15/20191029151800_00160.png,472.8,805,80.2,23.8,960
10/29/2019 15:19,datasets/dataset_cropped/10_Metas/29/15/20191029151900_00160.jpg,datasets_flow/dataset_cropped/10_Metas/29/15/20191029151900_00160.jpg,datasets_cloudmask/dataset_cropped/10_Metas/29/15/20191029151900_00160.png,471.5,806,80.3,23.8,960
10/29/2019 15:20,datasets/dataset_cropped/10_Metas/29/15/20191029152000_00160.jpg,datasets_flow/dataset_cropped/10_Metas/29/15/20191029152000_00160.jpg,datasets_cloudmask/dataset_cropped/10_Metas/29/15/20191029152000_00160.png,469.9,805,80.5,23.8,960
10/29/2019 15:21,datasets/dataset_cropped/10_Metas/29/15/20191029152100_00160.jpg,datasets_flow/dataset_cropped/10_Metas/29/15/20191029152100_00160.jpg,datasets_cloudmask/dataset_cropped/10_Metas/29/15/20191029152100_00160.png,467,803,80.4,23.7,961
10/29/2019 15:22,datasets/dataset_cropped/10_Metas/29/15/20191029152200_00160.jpg,datasets_flow/dataset_cropped/10_Metas/29/15/20191029152200_00160.jpg,datasets_cloudmask/dataset_cropped/10_Metas/29/15/20191029152200_00160.png,463.5,798.6,80.3,23.5,960
10/29/2019 15:23,datasets/dataset_cropped/10_Metas/29/15/20191029152300_00160.jpg,datasets_flow/dataset_cropped/10_Metas/29/15/20191029152300_00160.jpg,datasets_cloudmask/dataset_cropped/10_Metas/29/15/20191029152300_00160.png,460.1,794.6,80.4,23.4,960
10/29/2019 15:24,datasets/dataset_cropped/10_Metas/29/15/20191029152400_00160.jpg,datasets_flow/dataset_cropped/10_Metas/29/15/20191029152400_00160.jpg,datasets_cloudmask/dataset_cropped/10_Metas/29/15/20191029152400_00160.png,458.1,793.8,80.5,23.3,960
10/29/2019 15:25,datasets/dataset_cropped/10_Metas/29/15/20191029152500_00160.jpg,datasets_flow/dataset_cropped/10_Metas/29/15/20191029152500_00160.jpg,datasets_cloudmask/dataset_cropped/10_Metas/29/15/20191029152500_00160.png,455.8,793,80.2,23.4,960
10/29/2019 15:26,datasets/dataset_cropped/10_Metas/29/15/20191029152600_00160.jpg,datasets_flow/dataset_cropped/10_Metas/29/15/20191029152600_00160.jpg,datasets_cloudmask/dataset_cropped/10_Metas/29/15/20191029152600_00160.png,455.1,794.9,80.2,23.4,960
10/29/2019 15:27,datasets/dataset_cropped/10_Metas/29/15/20191029152700_00160.jpg,datasets_flow/dataset_cropped/10_Metas/29/15/20191029152700_00160.jpg,datasets_cloudmask/dataset_cropped/10_Metas/29/15/20191029152700_00160.png,452.1,791.7,80.3,23.6,960
10/29/2019 15:28,datasets/dataset_cropped/10_Metas/29/15/20191029152800_00160.jpg,datasets_flow/dataset_cropped/10_Metas/29/15/20191029152800_00160.jpg,datasets_cloudmask/dataset_cropped/10_Metas/29/15/20191029152800_00160.png,449.5,789.1,80.6,23.7,960
10/29/2019 15:29,datasets/dataset_cropped/10_Metas/29/15/20191029152900_00160.jpg,datasets_flow/dataset_cropped/10_Metas/29/15/20191029152900_00160.jpg,datasets_cloudmask/dataset_cropped/10_Metas/29/15/20191029152900_00160.png,447.4,788.5,80.4,23.7,960
10/29/2019 15:30,datasets/dataset_cropped/10_Metas/29/15/20191029153000_00160.jpg,datasets_flow/dataset_cropped/10_Metas/29/15/20191029153000_00160.jpg,datasets_cloudmask/dataset_cropped/10_Metas/29/15/20191029153000_00160.png,445.2,787.2,80.5,23.8,960
10/29/2019 15:31,datasets/dataset_cropped/10_Metas/29/15/20191029153100_00160.jpg,datasets_flow/dataset_cropped/10_Metas/29/15/20191029153100_00160.jpg,datasets_cloudmask/dataset_cropped/10_Metas/29/15/20191029153100_00160.png,441.2,781.9,80.7,23.7,961
10/29/2019 15:32,datasets/dataset_cropped/10_Metas/29/15/20191029153200_00160.jpg,datasets_flow/dataset_cropped/10_Metas/29/15/20191029153200_00160.jpg,datasets_cloudmask/dataset_cropped/10_Metas/29/15/20191029153200_00160.png,440.3,783.2,80.9,23.7,960
10/29/2019 15:33,datasets/dataset_cropped/10_Metas/29/15/20191029153300_00160.jpg,datasets_flow/dataset_cropped/10_Metas/29/15/20191029153300_00160.jpg,datasets_cloudmask/dataset_cropped/10_Metas/29/15/20191029153300_00160.png,439.5,785.6,80.9,23.6,960
10/29/2019 15:34,datasets/dataset_cropped/10_Metas/29/15/20191029153400_00160.jpg,datasets_flow/dataset_cropped/10_Metas/29/15/20191029153400_00160.jpg,datasets_cloudmask/dataset_cropped/10_Metas/29/15/20191029153400_00160.png,435.7,780.6,81,23.6,960
10/29/2019 15:35,datasets/dataset_cropped/10_Metas/29/15/20191029153500_00160.jpg,datasets_flow/dataset_cropped/10_Metas/29/15/20191029153500_00160.jpg,datasets_cloudmask/dataset_cropped/10_Metas/29/15/20191029153500_00160.png,432.5,778,81,23.6,960
10/29/2019 15:36,datasets/dataset_cropped/10_Metas/29/15/20191029153600_00160.jpg,datasets_flow/dataset_cropped/10_Metas/29/15/20191029153600_00160.jpg,datasets_cloudmask/dataset_cropped/10_Metas/29/15/20191029153600_00160.png,429.5,775.5,81.1,23.6,960
10/29/2019 15:37,datasets/dataset_cropped/10_Metas/29/15/20191029153700_00160.jpg,datasets_flow/dataset_cropped/10_Metas/29/15/20191029153700_00160.jpg,datasets_cloudmask/dataset_cropped/10_Metas/29/15/20191029153700_00160.png,426.9,773.9,80.9,23.6,960
10/29/2019 15:38,datasets/dataset_cropped/10_Metas/29/15/20191029153800_00160.jpg,datasets_flow/dataset_cropped/10_Metas/29/15/20191029153800_00160.jpg,datasets_cloudmask/dataset_cropped/10_Metas/29/15/20191029153800_00160.png,424,771.4,80.6,23.6,960
10/29/2019 15:39,datasets/dataset_cropped/10_Metas/29/15/20191029153900_00160.jpg,datasets_flow/dataset_cropped/10_Metas/29/15/20191029153900_00160.jpg,datasets_cloudmask/dataset_cropped/10_Metas/29/15/20191029153900_00160.png,421.1,768.3,80.8,23.6,960
10/29/2019 15:40,datasets/dataset_cropped/10_Metas/29/15/20191029154000_00160.jpg,datasets_flow/dataset_cropped/10_Metas/29/15/20191029154000_00160.jpg,datasets_cloudmask/dataset_cropped/10_Metas/29/15/20191029154000_00160.png,417.6,764.2,80.9,23.7,960
10/29/2019 15:41,datasets/dataset_cropped/10_Metas/29/15/20191029154100_00160.jpg,datasets_flow/dataset_cropped/10_Metas/29/15/20191029154100_00160.jpg,datasets_cloudmask/dataset_cropped/10_Metas/29/15/20191029154100_00160.png,414.7,761.7,80.9,23.6,960
10/29/2019 15:42,datasets/dataset_cropped/10_Metas/29/15/20191029154200_00160.jpg,datasets_flow/dataset_cropped/10_Metas/29/15/20191029154200_00160.jpg,datasets_cloudmask/dataset_cropped/10_Metas/29/15/20191029154200_00160.png,412.4,760.7,80.6,23.6,960
10/29/2019 15:43,datasets/dataset_cropped/10_Metas/29/15/20191029154300_00160.jpg,datasets_flow/dataset_cropped/10_Metas/29/15/20191029154300_00160.jpg,datasets_cloudmask/dataset_cropped/10_Metas/29/15/20191029154300_00160.png,409.3,757.7,80.6,23.5,960
10/29/2019 15:44,datasets/dataset_cropped/10_Metas/29/15/20191029154400_00160.jpg,datasets_flow/dataset_cropped/10_Metas/29/15/20191029154400_00160.jpg,datasets_cloudmask/dataset_cropped/10_Metas/29/15/20191029154400_00160.png,406.3,755.2,80.5,23.5,960
10/29/2019 15:45,datasets/dataset_cropped/10_Metas/29/15/20191029154500_00160.jpg,datasets_flow/dataset_cropped/10_Metas/29/15/20191029154500_00160.jpg,datasets_cloudmask/dataset_cropped/10_Metas/29/15/20191029154500_00160.png,404,754.1,80.2,23.4,960
10/29/2019 15:46,datasets/dataset_cropped/10_Metas/29/15/20191029154600_00160.jpg,datasets_flow/dataset_cropped/10_Metas/29/15/20191029154600_00160.jpg,datasets_cloudmask/dataset_cropped/10_Metas/29/15/20191029154600_00160.png,401.8,752.9,80.2,23.6,960
10/29/2019 15:47,datasets/dataset_cropped/10_Metas/29/15/20191029154700_00160.jpg,datasets_flow/dataset_cropped/10_Metas/29/15/20191029154700_00160.jpg,datasets_cloudmask/dataset_cropped/10_Metas/29/15/20191029154700_00160.png,398.9,750.3,80,23.6,960
10/29/2019 15:48,datasets/dataset_cropped/10_Metas/29/15/20191029154800_00160.jpg,datasets_flow/dataset_cropped/10_Metas/29/15/20191029154800_00160.jpg,datasets_cloudmask/dataset_cropped/10_Metas/29/15/20191029154800_00160.png,396.4,748.2,80.2,23.4,960
10/29/2019 15:49,datasets/dataset_cropped/10_Metas/29/15/20191029154900_00160.jpg,datasets_flow/dataset_cropped/10_Metas/29/15/20191029154900_00160.jpg,datasets_cloudmask/dataset_cropped/10_Metas/29/15/20191029154900_00160.png,393.4,744.9,80.4,23.4,961
10/29/2019 15:50,datasets/dataset_cropped/10_Metas/29/15/20191029155000_00160.jpg,datasets_flow/dataset_cropped/10_Metas/29/15/20191029155000_00160.jpg,datasets_cloudmask/dataset_cropped/10_Metas/29/15/20191029155000_00160.png,390,740.9,80.3,23.4,961
10/29/2019 15:51,datasets/dataset_cropped/10_Metas/29/15/20191029155100_00160.jpg,datasets_flow/dataset_cropped/10_Metas/29/15/20191029155100_00160.jpg,datasets_cloudmask/dataset_cropped/10_Metas/29/15/20191029155100_00160.png,386.8,737.4,80.3,23.4,960
10/29/2019 15:52,datasets/dataset_cropped/10_Metas/29/15/20191029155200_00160.jpg,datasets_flow/dataset_cropped/10_Metas/29/15/20191029155200_00160.jpg,datasets_cloudmask/dataset_cropped/10_Metas/29/15/20191029155200_00160.png,383.6,733.7,80.3,23.4,961
10/29/2019 15:53,datasets/dataset_cropped/10_Metas/29/15/20191029155300_00160.jpg,datasets_flow/dataset_cropped/10_Metas/29/15/20191029155300_00160.jpg,datasets_cloudmask/dataset_cropped/10_Metas/29/15/20191029155300_00160.png,380.3,730,80.3,23.5,961
10/29/2019 15:54,datasets/dataset_cropped/10_Metas/29/15/20191029155400_00160.jpg,datasets_flow/dataset_cropped/10_Metas/29/15/20191029155400_00160.jpg,datasets_cloudmask/dataset_cropped/10_Metas/29/15/20191029155400_00160.png,377.4,727,80.4,23.5,960
10/29/2019 15:55,datasets/dataset_cropped/10_Metas/29/15/20191029155500_00160.jpg,datasets_flow/dataset_cropped/10_Metas/29/15/20191029155500_00160.jpg,datasets_cloudmask/dataset_cropped/10_Metas/29/15/20191029155500_00160.png,374.4,724,80.3,23.4,961
10/29/2019 15:56,datasets/dataset_cropped/10_Metas/29/15/20191029155600_00160.jpg,datasets_flow/dataset_cropped/10_Metas/29/15/20191029155600_00160.jpg,datasets_cloudmask/dataset_cropped/10_Metas/29/15/20191029155600_00160.png,370.8,719.9,80,23.3,961
10/29/2019 15:57,datasets/dataset_cropped/10_Metas/29/15/20191029155700_00160.jpg,datasets_flow/dataset_cropped/10_Metas/29/15/20191029155700_00160.jpg,datasets_cloudmask/dataset_cropped/10_Metas/29/15/20191029155700_00160.png,368.4,718.3,80,23.4,961
10/29/2019 15:58,datasets/dataset_cropped/10_Metas/29/15/20191029155800_00160.jpg,datasets_flow/dataset_cropped/10_Metas/29/15/20191029155800_00160.jpg,datasets_cloudmask/dataset_cropped/10_Metas/29/15/20191029155800_00160.png,366,717.1,79.8,23.6,961
10/29/2019 15:59,datasets/dataset_cropped/10_Metas/29/15/20191029155900_00160.jpg,datasets_flow/dataset_cropped/10_Metas/29/15/20191029155900_00160.jpg,datasets_cloudmask/dataset_cropped/10_Metas/29/15/20191029155900_00160.png,363.1,714.8,79.7,23.8,960
10/29/2019 16:00,datasets/dataset_cropped/10_Metas/29/16/20191029160000_00160.jpg,datasets_flow/dataset_cropped/10_Metas/29/16/20191029160000_00160.jpg,datasets_cloudmask/dataset_cropped/10_Metas/29/16/20191029160000_00160.png,360,711.5,79.7,23.8,961
10/29/2019 16:01,datasets/dataset_cropped/10_Metas/29/16/20191029160100_00160.jpg,datasets_flow/dataset_cropped/10_Metas/29/16/20191029160100_00160.jpg,datasets_cloudmask/dataset_cropped/10_Metas/29/16/20191029160100_00160.png,357.2,709.2,79.7,23.7,960
10/29/2019 16:02,datasets/dataset_cropped/10_Metas/29/16/20191029160200_00160.jpg,datasets_flow/dataset_cropped/10_Metas/29/16/20191029160200_00160.jpg,datasets_cloudmask/dataset_cropped/10_Metas/29/16/20191029160200_00160.png,354.3,707.1,79.3,23.6,960
10/29/2019 16:03,datasets/dataset_cropped/10_Metas/29/16/20191029160300_00160.jpg,datasets_flow/dataset_cropped/10_Metas/29/16/20191029160300_00160.jpg,datasets_cloudmask/dataset_cropped/10_Metas/29/16/20191029160300_00160.png,350.9,703.6,79,23.5,960
10/29/2019 16:04,datasets/dataset_cropped/10_Metas/29/16/20191029160400_00160.jpg,datasets_flow/dataset_cropped/10_Metas/29/16/20191029160400_00160.jpg,datasets_cloudmask/dataset_cropped/10_Metas/29/16/20191029160400_00160.png,347.7,700.1,78.8,23.4,960
10/29/2019 16:05,datasets/dataset_cropped/10_Metas/29/16/20191029160500_00160.jpg,datasets_flow/dataset_cropped/10_Metas/29/16/20191029160500_00160.jpg,datasets_cloudmask/dataset_cropped/10_Metas/29/16/20191029160500_00160.png,344.9,697.6,78.8,23.5,960
10/29/2019 16:06,datasets/dataset_cropped/10_Metas/29/16/20191029160600_00160.jpg,datasets_flow/dataset_cropped/10_Metas/29/16/20191029160600_00160.jpg,datasets_cloudmask/dataset_cropped/10_Metas/29/16/20191029160600_00160.png,342.9,697.2,78.8,23.7,960
10/29/2019 16:07,datasets/dataset_cropped/10_Metas/29/16/20191029160700_00160.jpg,datasets_flow/dataset_cropped/10_Metas/29/16/20191029160700_00160.jpg,datasets_cloudmask/dataset_cropped/10_Metas/29/16/20191029160700_00160.png,340,694.1,78.9,23.7,961
10/29/2019 16:08,datasets/dataset_cropped/10_Metas/29/16/20191029160800_00160.jpg,datasets_flow/dataset_cropped/10_Metas/29/16/20191029160800_00160.jpg,datasets_cloudmask/dataset_cropped/10_Metas/29/16/20191029160800_00160.png,336.2,689.2,78.8,23.7,961
10/29/2019 16:09,datasets/dataset_cropped/10_Metas/29/16/20191029160900_00160.jpg,datasets_flow/dataset_cropped/10_Metas/29/16/20191029160900_00160.jpg,datasets_cloudmask/dataset_cropped/10_Metas/29/16/20191029160900_00160.png,333.9,687.5,78.8,23.7,961
10/29/2019 16:10,datasets/dataset_cropped/10_Metas/29/16/20191029161000_00160.jpg,datasets_flow/dataset_cropped/10_Metas/29/16/20191029161000_00160.jpg,datasets_cloudmask/dataset_cropped/10_Metas/29/16/20191029161000_00160.png,331.2,685.2,78.8,23.7,961
10/29/2019 16:11,datasets/dataset_cropped/10_Metas/29/16/20191029161100_00160.jpg,datasets_flow/dataset_cropped/10_Metas/29/16/20191029161100_00160.jpg,datasets_cloudmask/dataset_cropped/10_Metas/29/16/20191029161100_00160.png,328,681.2,78.8,23.6,961
10/29/2019 16:12,datasets/dataset_cropped/10_Metas/29/16/20191029161200_00160.jpg,datasets_flow/dataset_cropped/10_Metas/29/16/20191029161200_00160.jpg,datasets_cloudmask/dataset_cropped/10_Metas/29/16/20191029161200_00160.png,324.7,677.1,78.6,23.7,961
10/29/2019 16:13,datasets/dataset_cropped/10_Metas/29/16/20191029161300_00160.jpg,datasets_flow/dataset_cropped/10_Metas/29/16/20191029161300_00160.jpg,datasets_cloudmask/dataset_cropped/10_Metas/29/16/20191029161300_00160.png,321.2,672.8,78.4,23.7,961
10/29/2019 16:14,datasets/dataset_cropped/10_Metas/29/16/20191029161400_00160.jpg,datasets_flow/dataset_cropped/10_Metas/29/16/20191029161400_00160.jpg,datasets_cloudmask/dataset_cropped/10_Metas/29/16/20191029161400_00160.png,318.3,669.6,78.3,23.6,961
10/29/2019 16:15,datasets/dataset_cropped/10_Metas/29/16/20191029161500_00160.jpg,datasets_flow/dataset_cropped/10_Metas/29/16/20191029161500_00160.jpg,datasets_cloudmask/dataset_cropped/10_Metas/29/16/20191029161500_00160.png,315.4,666.9,78,23.5,961
10/29/2019 16:16,datasets/dataset_cropped/10_Metas/29/16/20191029161600_00160.jpg,datasets_flow/dataset_cropped/10_Metas/29/16/20191029161600_00160.jpg,datasets_cloudmask/dataset_cropped/10_Metas/29/16/20191029161600_00160.png,312.8,664.7,78,23.5,961
10/29/2019 16:17,datasets/dataset_cropped/10_Metas/29/16/20191029161700_00160.jpg,datasets_flow/dataset_cropped/10_Metas/29/16/20191029161700_00160.jpg,datasets_cloudmask/dataset_cropped/10_Metas/29/16/20191029161700_00160.png,310.2,662.4,78,23.5,961
10/29/2019 16:18,datasets/dataset_cropped/10_Metas/29/16/20191029161800_00160.jpg,datasets_flow/dataset_cropped/10_Metas/29/16/20191029161800_00160.jpg,datasets_cloudmask/dataset_cropped/10_Metas/29/16/20191029161800_00160.png,307.6,660.1,77.9,23.5,961
10/29/2019 16:19,datasets/dataset_cropped/10_Metas/29/16/20191029161900_00160.jpg,datasets_flow/dataset_cropped/10_Metas/29/16/20191029161900_00160.jpg,datasets_cloudmask/dataset_cropped/10_Metas/29/16/20191029161900_00160.png,304.7,656.9,77.9,23.5,961
10/29/2019 16:20,datasets/dataset_cropped/10_Metas/29/16/20191029162000_00160.jpg,datasets_flow/dataset_cropped/10_Metas/29/16/20191029162000_00160.jpg,datasets_cloudmask/dataset_cropped/10_Metas/29/16/20191029162000_00160.png,301.4,651.9,78,23.5,961
10/29/2019 16:21,datasets/dataset_cropped/10_Metas/29/16/20191029162100_00160.jpg,datasets_flow/dataset_cropped/10_Metas/29/16/20191029162100_00160.jpg,datasets_cloudmask/dataset_cropped/10_Metas/29/16/20191029162100_00160.png,297.7,646.1,78,23.6,961
10/29/2019 16:22,datasets/dataset_cropped/10_Metas/29/16/20191029162200_00160.jpg,datasets_flow/dataset_cropped/10_Metas/29/16/20191029162200_00160.jpg,datasets_cloudmask/dataset_cropped/10_Metas/29/16/20191029162200_00160.png,293.8,639,78.2,23.7,961
10/29/2019 16:23,datasets/dataset_cropped/10_Metas/29/16/20191029162300_00160.jpg,datasets_flow/dataset_cropped/10_Metas/29/16/20191029162300_00160.jpg,datasets_cloudmask/dataset_cropped/10_Metas/29/16/20191029162300_00160.png,290,632.4,78.4,23.8,961
10/29/2019 16:24,datasets/dataset_cropped/10_Metas/29/16/20191029162400_00160.jpg,datasets_flow/dataset_cropped/10_Metas/29/16/20191029162400_00160.jpg,datasets_cloudmask/dataset_cropped/10_Metas/29/16/20191029162400_00160.png,287.9,630.9,78.6,23.7,961
10/29/2019 16:25,datasets/dataset_cropped/10_Metas/29/16/20191029162500_00160.jpg,datasets_flow/dataset_cropped/10_Metas/29/16/20191029162500_00160.jpg,datasets_cloudmask/dataset_cropped/10_Metas/29/16/20191029162500_00160.png,284,624.1,78.6,23.7,961
10/29/2019 16:26,datasets/dataset_cropped/10_Metas/29/16/20191029162600_00160.jpg,datasets_flow/dataset_cropped/10_Metas/29/16/20191029162600_00160.jpg,datasets_cloudmask/dataset_cropped/10_Metas/29/16/20191029162600_00160.png,279.7,616.6,78.5,23.6,961
10/29/2019 16:27,datasets/dataset_cropped/10_Metas/29/16/20191029162700_00160.jpg,datasets_flow/dataset_cropped/10_Metas/29/16/20191029162700_00160.jpg,datasets_cloudmask/dataset_cropped/10_Metas/29/16/20191029162700_00160.png,276.3,610.9,78.4,23.6,961
10/29/2019 16:28,datasets/dataset_cropped/10_Metas/29/16/20191029162800_00160.jpg,datasets_flow/dataset_cropped/10_Metas/29/16/20191029162800_00160.jpg,datasets_cloudmask/dataset_cropped/10_Metas/29/16/20191029162800_00160.png,272,602.8,78.3,23.6,961
10/29/2019 16:29,datasets/dataset_cropped/10_Metas/29/16/20191029162900_00160.jpg,datasets_flow/dataset_cropped/10_Metas/29/16/20191029162900_00160.jpg,datasets_cloudmask/dataset_cropped/10_Metas/29/16/20191029162900_00160.png,268.2,595.5,78.5,23.7,961
10/29/2019 16:30,datasets/dataset_cropped/10_Metas/29/16/20191029163000_00160.jpg,datasets_flow/dataset_cropped/10_Metas/29/16/20191029163000_00160.jpg,datasets_cloudmask/dataset_cropped/10_Metas/29/16/20191029163000_00160.png,263.9,587.3,78.7,23.6,961
10/29/2019 16:31,datasets/dataset_cropped/10_Metas/29/16/20191029163100_00160.jpg,datasets_flow/dataset_cropped/10_Metas/29/16/20191029163100_00160.jpg,datasets_cloudmask/dataset_cropped/10_Metas/29/16/20191029163100_00160.png,261.4,583.6,78.9,23.7,961
10/29/2019 16:32,datasets/dataset_cropped/10_Metas/29/16/20191029163200_00160.jpg,datasets_flow/dataset_cropped/10_Metas/29/16/20191029163200_00160.jpg,datasets_cloudmask/dataset_cropped/10_Metas/29/16/20191029163200_00160.png,258.2,576.6,79.3,23.7,961
10/29/2019 16:33,datasets/dataset_cropped/10_Metas/29/16/20191029163300_00160.jpg,datasets_flow/dataset_cropped/10_Metas/29/16/20191029163300_00160.jpg,datasets_cloudmask/dataset_cropped/10_Metas/29/16/20191029163300_00160.png,257.2,573.1,80.9,23.7,961
10/29/2019 16:34,datasets/dataset_cropped/10_Metas/29/16/20191029163400_00160.jpg,datasets_flow/dataset_cropped/10_Metas/29/16/20191029163400_00160.jpg,datasets_cloudmask/dataset_cropped/10_Metas/29/16/20191029163400_00160.png,256.5,568.5,82.9,23.6,961
10/29/2019 16:35,datasets/dataset_cropped/10_Metas/29/16/20191029163500_00160.jpg,datasets_flow/dataset_cropped/10_Metas/29/16/20191029163500_00160.jpg,datasets_cloudmask/dataset_cropped/10_Metas/29/16/20191029163500_00160.png,253.6,559.7,84.2,23.4,961
10/29/2019 16:36,datasets/dataset_cropped/10_Metas/29/16/20191029163600_00160.jpg,datasets_flow/dataset_cropped/10_Metas/29/16/20191029163600_00160.jpg,datasets_cloudmask/dataset_cropped/10_Metas/29/16/20191029163600_00160.png,245.9,537.9,84.7,23.4,961
10/29/2019 16:37,datasets/dataset_cropped/10_Metas/29/16/20191029163700_00160.jpg,datasets_flow/dataset_cropped/10_Metas/29/16/20191029163700_00160.jpg,datasets_cloudmask/dataset_cropped/10_Metas/29/16/20191029163700_00160.png,241.7,529.2,84.6,23.3,961
10/29/2019 16:38,datasets/dataset_cropped/10_Metas/29/16/20191029163800_00160.jpg,datasets_flow/dataset_cropped/10_Metas/29/16/20191029163800_00160.jpg,datasets_cloudmask/dataset_cropped/10_Metas/29/16/20191029163800_00160.png,237.3,523.1,83.5,23.3,961
10/29/2019 16:39,datasets/dataset_cropped/10_Metas/29/16/20191029163900_00160.jpg,datasets_flow/dataset_cropped/10_Metas/29/16/20191029163900_00160.jpg,datasets_cloudmask/dataset_cropped/10_Metas/29/16/20191029163900_00160.png,233.7,522.3,81.7,23.3,961
10/29/2019 16:40,datasets/dataset_cropped/10_Metas/29/16/20191029164000_00160.jpg,datasets_flow/dataset_cropped/10_Metas/29/16/20191029164000_00160.jpg,datasets_cloudmask/dataset_cropped/10_Metas/29/16/20191029164000_00160.png,205.9,438.7,79.7,23.3,961
10/29/2019 16:41,datasets/dataset_cropped/10_Metas/29/16/20191029164100_00160.jpg,datasets_flow/dataset_cropped/10_Metas/29/16/20191029164100_00160.jpg,datasets_cloudmask/dataset_cropped/10_Metas/29/16/20191029164100_00160.png,216.4,484.2,78.2,23,961
10/29/2019 16:42,datasets/dataset_cropped/10_Metas/29/16/20191029164200_00160.jpg,datasets_flow/dataset_cropped/10_Metas/29/16/20191029164200_00160.jpg,datasets_cloudmask/dataset_cropped/10_Metas/29/16/20191029164200_00160.png,223.2,517.7,77,22.9,961
10/29/2019 16:43,datasets/dataset_cropped/10_Metas/29/16/20191029164300_00160.jpg,datasets_flow/dataset_cropped/10_Metas/29/16/20191029164300_00160.jpg,datasets_cloudmask/dataset_cropped/10_Metas/29/16/20191029164300_00160.png,220.5,517.6,75.7,22.8,961
10/29/2019 16:44,datasets/dataset_cropped/10_Metas/29/16/20191029164400_00160.jpg,datasets_flow/dataset_cropped/10_Metas/29/16/20191029164400_00160.jpg,datasets_cloudmask/dataset_cropped/10_Metas/29/16/20191029164400_00160.png,215.7,509.8,74.4,22.5,961
10/29/2019 16:45,datasets/dataset_cropped/10_Metas/29/16/20191029164500_00160.jpg,datasets_flow/dataset_cropped/10_Metas/29/16/20191029164500_00160.jpg,datasets_cloudmask/dataset_cropped/10_Metas/29/16/20191029164500_00160.png,213.8,511.3,73.4,22.3,961
10/29/2019 16:46,datasets/dataset_cropped/10_Metas/29/16/20191029164600_00160.jpg,datasets_flow/dataset_cropped/10_Metas/29/16/20191029164600_00160.jpg,datasets_cloudmask/dataset_cropped/10_Metas/29/16/20191029164600_00160.png,213,516.2,72.7,22.3,961
10/29/2019 16:47,datasets/dataset_cropped/10_Metas/29/16/20191029164700_00160.jpg,datasets_flow/dataset_cropped/10_Metas/29/16/20191029164700_00160.jpg,datasets_cloudmask/dataset_cropped/10_Metas/29/16/20191029164700_00160.png,212.3,520.9,72.4,22.2,961
10/29/2019 16:48,datasets/dataset_cropped/10_Metas/29/16/20191029164800_00160.jpg,datasets_flow/dataset_cropped/10_Metas/29/16/20191029164800_00160.jpg,datasets_cloudmask/dataset_cropped/10_Metas/29/16/20191029164800_00160.png,211.1,523.6,72,22.2,961
10/29/2019 16:49,datasets/dataset_cropped/10_Metas/29/16/20191029164900_00160.jpg,datasets_flow/dataset_cropped/10_Metas/29/16/20191029164900_00160.jpg,datasets_cloudmask/dataset_cropped/10_Metas/29/16/20191029164900_00160.png,209.6,526.1,71.3,22.3,961
10/29/2019 16:50,datasets/dataset_cropped/10_Metas/29/16/20191029165000_00160.jpg,datasets_flow/dataset_cropped/10_Metas/29/16/20191029165000_00160.jpg,datasets_cloudmask/dataset_cropped/10_Metas/29/16/20191029165000_00160.png,205.5,519,70.5,22.3,961
10/29/2019 16:51,datasets/dataset_cropped/10_Metas/29/16/20191029165100_00160.jpg,datasets_flow/dataset_cropped/10_Metas/29/16/20191029165100_00160.jpg,datasets_cloudmask/dataset_cropped/10_Metas/29/16/20191029165100_00160.png,201.8,513.4,69.8,22.2,961
10/29/2019 16:52,datasets/dataset_cropped/10_Metas/29/16/20191029165200_00160.jpg,datasets_flow/dataset_cropped/10_Metas/29/16/20191029165200_00160.jpg,datasets_cloudmask/dataset_cropped/10_Metas/29/16/20191029165200_00160.png,198.7,509.6,69.2,22.4,961
10/29/2019 16:53,datasets/dataset_cropped/10_Metas/29/16/20191029165300_00160.jpg,datasets_flow/dataset_cropped/10_Metas/29/16/20191029165300_00160.jpg,datasets_cloudmask/dataset_cropped/10_Metas/29/16/20191029165300_00160.png,193.6,498.2,68.6,22.4,961
10/29/2019 16:54,datasets/dataset_cropped/10_Metas/29/16/20191029165400_00160.jpg,datasets_flow/dataset_cropped/10_Metas/29/16/20191029165400_00160.jpg,datasets_cloudmask/dataset_cropped/10_Metas/29/16/20191029165400_00160.png,188.2,485.6,67.9,22.3,961
10/29/2019 16:55,datasets/dataset_cropped/10_Metas/29/16/20191029165500_00160.jpg,datasets_flow/dataset_cropped/10_Metas/29/16/20191029165500_00160.jpg,datasets_cloudmask/dataset_cropped/10_Metas/29/16/20191029165500_00160.png,188.3,494.5,67,22.2,961
10/29/2019 16:56,datasets/dataset_cropped/10_Metas/29/16/20191029165600_00160.jpg,datasets_flow/dataset_cropped/10_Metas/29/16/20191029165600_00160.jpg,datasets_cloudmask/dataset_cropped/10_Metas/29/16/20191029165600_00160.png,185.7,492.8,66.1,22.2,961
10/29/2019 16:57,datasets/dataset_cropped/10_Metas/29/16/20191029165700_00160.jpg,datasets_flow/dataset_cropped/10_Metas/29/16/20191029165700_00160.jpg,datasets_cloudmask/dataset_cropped/10_Metas/29/16/20191029165700_00160.png,184,494.1,65.5,22.1,961
10/29/2019 16:58,datasets/dataset_cropped/10_Metas/29/16/20191029165800_00160.jpg,datasets_flow/dataset_cropped/10_Metas/29/16/20191029165800_00160.jpg,datasets_cloudmask/dataset_cropped/10_Metas/29/16/20191029165800_00160.png,182.1,494.7,64.9,22.1,961
10/29/2019 16:59,datasets/dataset_cropped/10_Metas/29/16/20191029165900_00160.jpg,datasets_flow/dataset_cropped/10_Metas/29/16/20191029165900_00160.jpg,datasets_cloudmask/dataset_cropped/10_Metas/29/16/20191029165900_00160.png,179.5,491.5,64.5,22.1,961
10/29/2019 17:00,datasets/dataset_cropped/10_Metas/29/17/20191029170000_00160.jpg,datasets_flow/dataset_cropped/10_Metas/29/17/20191029170000_00160.jpg,datasets_cloudmask/dataset_cropped/10_Metas/29/17/20191029170000_00160.png,176.6,487.2,64.1,22,961
10/29/2019 17:01,datasets/dataset_cropped/10_Metas/29/17/20191029170100_00160.jpg,datasets_flow/dataset_cropped/10_Metas/29/17/20191029170100_00160.jpg,datasets_cloudmask/dataset_cropped/10_Metas/29/17/20191029170100_00160.png,172.1,475.9,63.8,22,961
10/29/2019 17:02,datasets/dataset_cropped/10_Metas/29/17/20191029170200_00160.jpg,datasets_flow/dataset_cropped/10_Metas/29/17/20191029170200_00160.jpg,datasets_cloudmask/dataset_cropped/10_Metas/29/17/20191029170200_00160.png,167.6,464.7,63.2,22.1,961
10/29/2019 17:03,datasets/dataset_cropped/10_Metas/29/17/20191029170300_00160.jpg,datasets_flow/dataset_cropped/10_Metas/29/17/20191029170300_00160.jpg,datasets_cloudmask/dataset_cropped/10_Metas/29/17/20191029170300_00160.png,164.4,458.9,62.6,22.1,961
10/29/2019 17:04,datasets/dataset_cropped/10_Metas/29/17/20191029170400_00160.jpg,datasets_flow/dataset_cropped/10_Metas/29/17/20191029170400_00160.jpg,datasets_cloudmask/dataset_cropped/10_Metas/29/17/20191029170400_00160.png,160.7,450.5,62,21.9,961
10/29/2019 17:05,datasets/dataset_cropped/10_Metas/29/17/20191029170500_00160.jpg,datasets_flow/dataset_cropped/10_Metas/29/17/20191029170500_00160.jpg,datasets_cloudmask/dataset_cropped/10_Metas/29/17/20191029170500_00160.png,160.6,458.8,61.7,21.9,961
10/29/2019 17:06,datasets/dataset_cropped/10_Metas/29/17/20191029170600_00160.jpg,datasets_flow/dataset_cropped/10_Metas/29/17/20191029170600_00160.jpg,datasets_cloudmask/dataset_cropped/10_Metas/29/17/20191029170600_00160.png,159.8,464.1,61,21.8,961
10/29/2019 17:07,datasets/dataset_cropped/10_Metas/29/17/20191029170700_00160.jpg,datasets_flow/dataset_cropped/10_Metas/29/17/20191029170700_00160.jpg,datasets_cloudmask/dataset_cropped/10_Metas/29/17/20191029170700_00160.png,157.7,464.3,60.3,21.7,961
10/29/2019 17:08,datasets/dataset_cropped/10_Metas/29/17/20191029170800_00160.jpg,datasets_flow/dataset_cropped/10_Metas/29/17/20191029170800_00160.jpg,datasets_cloudmask/dataset_cropped/10_Metas/29/17/20191029170800_00160.png,155,461.4,59.6,21.6,961
10/29/2019 17:09,datasets/dataset_cropped/10_Metas/29/17/20191029170900_00160.jpg,datasets_flow/dataset_cropped/10_Metas/29/17/20191029170900_00160.jpg,datasets_cloudmask/dataset_cropped/10_Metas/29/17/20191029170900_00160.png,150.5,450.8,58.7,21.6,961
10/29/2019 17:10,datasets/dataset_cropped/10_Metas/29/17/20191029171000_00160.jpg,datasets_flow/dataset_cropped/10_Metas/29/17/20191029171000_00160.jpg,datasets_cloudmask/dataset_cropped/10_Metas/29/17/20191029171000_00160.png,145.6,437.8,57.8,21.6,961
10/29/2019 17:11,datasets/dataset_cropped/10_Metas/29/17/20191029171100_00160.jpg,datasets_flow/dataset_cropped/10_Metas/29/17/20191029171100_00160.jpg,datasets_cloudmask/dataset_cropped/10_Metas/29/17/20191029171100_00160.png,142.3,432,57,21.7,961
10/29/2019 17:12,datasets/dataset_cropped/10_Metas/29/17/20191029171200_00160.jpg,datasets_flow/dataset_cropped/10_Metas/29/17/20191029171200_00160.jpg,datasets_cloudmask/dataset_cropped/10_Metas/29/17/20191029171200_00160.png,139,425,56.3,21.7,961
10/29/2019 17:13,datasets/dataset_cropped/10_Metas/29/17/20191029171300_00160.jpg,datasets_flow/dataset_cropped/10_Metas/29/17/20191029171300_00160.jpg,datasets_cloudmask/dataset_cropped/10_Metas/29/17/20191029171300_00160.png,136.8,423.1,55.7,21.6,961
10/29/2019 17:14,datasets/dataset_cropped/10_Metas/29/17/20191029171400_00160.jpg,datasets_flow/dataset_cropped/10_Metas/29/17/20191029171400_00160.jpg,datasets_cloudmask/dataset_cropped/10_Metas/29/17/20191029171400_00160.png,135.1,424.4,55.1,21.5,961
10/29/2019 17:15,datasets/dataset_cropped/10_Metas/29/17/20191029171500_00160.jpg,datasets_flow/dataset_cropped/10_Metas/29/17/20191029171500_00160.jpg,datasets_cloudmask/dataset_cropped/10_Metas/29/17/20191029171500_00160.png,132.4,420,54.4,21.4,961
10/29/2019 17:16,datasets/dataset_cropped/10_Metas/29/17/20191029171600_00160.jpg,datasets_flow/dataset_cropped/10_Metas/29/17/20191029171600_00160.jpg,datasets_cloudmask/dataset_cropped/10_Metas/29/17/20191029171600_00160.png,129.6,414.8,53.9,21.4,961
10/29/2019 17:17,datasets/dataset_cropped/10_Metas/29/17/20191029171700_00160.jpg,datasets_flow/dataset_cropped/10_Metas/29/17/20191029171700_00160.jpg,datasets_cloudmask/dataset_cropped/10_Metas/29/17/20191029171700_00160.png,127.6,414.5,53.2,21.3,961
10/29/2019 17:18,datasets/dataset_cropped/10_Metas/29/17/20191029171800_00160.jpg,datasets_flow/dataset_cropped/10_Metas/29/17/20191029171800_00160.jpg,datasets_cloudmask/dataset_cropped/10_Metas/29/17/20191029171800_00160.png,125.2,411,52.6,21.3,961
10/29/2019 17:19,datasets/dataset_cropped/10_Metas/29/17/20191029171900_00160.jpg,datasets_flow/dataset_cropped/10_Metas/29/17/20191029171900_00160.jpg,datasets_cloudmask/dataset_cropped/10_Metas/29/17/20191029171900_00160.png,122.4,405.7,52,21.2,961
10/29/2019 17:20,datasets/dataset_cropped/10_Metas/29/17/20191029172000_00160.jpg,datasets_flow/dataset_cropped/10_Metas/29/17/20191029172000_00160.jpg,datasets_cloudmask/dataset_cropped/10_Metas/29/17/20191029172000_00160.png,119.6,399.4,51.4,21.2,961
10/29/2019 17:21,datasets/dataset_cropped/10_Metas/29/17/20191029172100_00160.jpg,datasets_flow/dataset_cropped/10_Metas/29/17/20191029172100_00160.jpg,datasets_cloudmask/dataset_cropped/10_Metas/29/17/20191029172100_00160.png,116,389.5,50.7,21.2,961
10/29/2019 17:22,datasets/dataset_cropped/10_Metas/29/17/20191029172200_00160.jpg,datasets_flow/dataset_cropped/10_Metas/29/17/20191029172200_00160.jpg,datasets_cloudmask/dataset_cropped/10_Metas/29/17/20191029172200_00160.png,113.3,384.4,50.1,21.2,961
10/29/2019 17:23,datasets/dataset_cropped/10_Metas/29/17/20191029172300_00160.jpg,datasets_flow/dataset_cropped/10_Metas/29/17/20191029172300_00160.jpg,datasets_cloudmask/dataset_cropped/10_Metas/29/17/20191029172300_00160.png,111.1,381.4,49.6,21,961
10/29/2019 17:24,datasets/dataset_cropped/10_Metas/29/17/20191029172400_00160.jpg,datasets_flow/dataset_cropped/10_Metas/29/17/20191029172400_00160.jpg,datasets_cloudmask/dataset_cropped/10_Metas/29/17/20191029172400_00160.png,109.1,380.5,49,21,961
10/29/2019 17:25,datasets/dataset_cropped/10_Metas/29/17/20191029172500_00160.jpg,datasets_flow/dataset_cropped/10_Metas/29/17/20191029172500_00160.jpg,datasets_cloudmask/dataset_cropped/10_Metas/29/17/20191029172500_00160.png,107,377.5,48.5,21,961
10/29/2019 17:26,datasets/dataset_cropped/10_Metas/29/17/20191029172600_00160.jpg,datasets_flow/dataset_cropped/10_Metas/29/17/20191029172600_00160.jpg,datasets_cloudmask/dataset_cropped/10_Metas/29/17/20191029172600_00160.png,104.7,373.6,48,21,961
10/29/2019 17:27,datasets/dataset_cropped/10_Metas/29/17/20191029172700_00160.jpg,datasets_flow/dataset_cropped/10_Metas/29/17/20191029172700_00160.jpg,datasets_cloudmask/dataset_cropped/10_Metas/29/17/20191029172700_00160.png,102.2,368,47.4,20.9,961
10/29/2019 17:28,datasets/dataset_cropped/10_Metas/29/17/20191029172800_00160.jpg,datasets_flow/dataset_cropped/10_Metas/29/17/20191029172800_00160.jpg,datasets_cloudmask/dataset_cropped/10_Metas/29/17/20191029172800_00160.png,99.5,362.3,46.7,20.9,961
10/29/2019 17:29,datasets/dataset_cropped/10_Metas/29/17/20191029172900_00160.jpg,datasets_flow/dataset_cropped/10_Metas/29/17/20191029172900_00160.jpg,datasets_cloudmask/dataset_cropped/10_Metas/29/17/20191029172900_00160.png,96.8,356.3,45.9,20.8,961
10/29/2019 17:30,datasets/dataset_cropped/10_Metas/29/17/20191029173000_00160.jpg,datasets_flow/dataset_cropped/10_Metas/29/17/20191029173000_00160.jpg,datasets_cloudmask/dataset_cropped/10_Metas/29/17/20191029173000_00160.png,94,350.4,45,20.7,961
10/29/2019 17:31,datasets/dataset_cropped/10_Metas/29/17/20191029173100_00160.jpg,datasets_flow/dataset_cropped/10_Metas/29/17/20191029173100_00160.jpg,datasets_cloudmask/dataset_cropped/10_Metas/29/17/20191029173100_00160.png,91.3,344.4,44.2,20.6,961
10/29/2019 17:32,datasets/dataset_cropped/10_Metas/29/17/20191029173200_00160.jpg,datasets_flow/dataset_cropped/10_Metas/29/17/20191029173200_00160.jpg,datasets_cloudmask/dataset_cropped/10_Metas/29/17/20191029173200_00160.png,88.4,336.5,43.4,20.6,961
10/29/2019 17:33,datasets/dataset_cropped/10_Metas/29/17/20191029173300_00160.jpg,datasets_flow/dataset_cropped/10_Metas/29/17/20191029173300_00160.jpg,datasets_cloudmask/dataset_cropped/10_Metas/29/17/20191029173300_00160.png,85.7,330.4,42.6,20.6,961
10/29/2019 17:34,datasets/dataset_cropped/10_Metas/29/17/20191029173400_00160.jpg,datasets_flow/dataset_cropped/10_Metas/29/17/20191029173400_00160.jpg,datasets_cloudmask/dataset_cropped/10_Metas/29/17/20191029173400_00160.png,83.3,324.9,41.9,20.6,961
10/29/2019 17:35,datasets/dataset_cropped/10_Metas/29/17/20191029173500_00160.jpg,datasets_flow/dataset_cropped/10_Metas/29/17/20191029173500_00160.jpg,datasets_cloudmask/dataset_cropped/10_Metas/29/17/20191029173500_00160.png,80.8,318.7,41.3,20.5,961
10/29/2019 17:36,datasets/dataset_cropped/10_Metas/29/17/20191029173600_00160.jpg,datasets_flow/dataset_cropped/10_Metas/29/17/20191029173600_00160.jpg,datasets_cloudmask/dataset_cropped/10_Metas/29/17/20191029173600_00160.png,78,311.3,40.4,20.5,961
10/29/2019 17:37,datasets/dataset_cropped/10_Metas/29/17/20191029173700_00160.jpg,datasets_flow/dataset_cropped/10_Metas/29/17/20191029173700_00160.jpg,datasets_cloudmask/dataset_cropped/10_Metas/29/17/20191029173700_00160.png,75.2,302.9,39.5,20.5,961
10/29/2019 17:38,datasets/dataset_cropped/10_Metas/29/17/20191029173800_00160.jpg,datasets_flow/dataset_cropped/10_Metas/29/17/20191029173800_00160.jpg,datasets_cloudmask/dataset_cropped/10_Metas/29/17/20191029173800_00160.png,72.3,294.9,38.5,20.4,961
10/29/2019 17:39,datasets/dataset_cropped/10_Metas/29/17/20191029173900_00160.jpg,datasets_flow/dataset_cropped/10_Metas/29/17/20191029173900_00160.jpg,datasets_cloudmask/dataset_cropped/10_Metas/29/17/20191029173900_00160.png,69.3,285.5,37.5,20.4,961
10/29/2019 17:40,datasets/dataset_cropped/10_Metas/29/17/20191029174000_00160.jpg,datasets_flow/dataset_cropped/10_Metas/29/17/20191029174000_00160.jpg,datasets_cloudmask/dataset_cropped/10_Metas/29/17/20191029174000_00160.png,66.5,277.2,36.5,20.4,961
10/29/2019 17:41,datasets/dataset_cropped/10_Metas/29/17/20191029174100_00160.jpg,datasets_flow/dataset_cropped/10_Metas/29/17/20191029174100_00160.jpg,datasets_cloudmask/dataset_cropped/10_Metas/29/17/20191029174100_00160.png,63.8,268.4,35.5,20.4,961
10/29/2019 17:42,datasets/dataset_cropped/10_Metas/29/17/20191029174200_00160.jpg,datasets_flow/dataset_cropped/10_Metas/29/17/20191029174200_00160.jpg,datasets_cloudmask/dataset_cropped/10_Metas/29/17/20191029174200_00160.png,61.2,260.4,34.6,20.3,961
10/29/2019 17:43,datasets/dataset_cropped/10_Metas/29/17/20191029174300_00160.jpg,datasets_flow/dataset_cropped/10_Metas/29/17/20191029174300_00160.jpg,datasets_cloudmask/dataset_cropped/10_Metas/29/17/20191029174300_00160.png,58.7,252.7,33.6,20.2,961
10/29/2019 17:44,datasets/dataset_cropped/10_Metas/29/17/20191029174400_00160.jpg,datasets_flow/dataset_cropped/10_Metas/29/17/20191029174400_00160.jpg,datasets_cloudmask/dataset_cropped/10_Metas/29/17/20191029174400_00160.png,56.2,245.6,32.7,20.2,961
10/29/2019 17:45,datasets/dataset_cropped/10_Metas/29/17/20191029174500_00160.jpg,datasets_flow/dataset_cropped/10_Metas/29/17/20191029174500_00160.jpg,datasets_cloudmask/dataset_cropped/10_Metas/29/17/20191029174500_00160.png,53.6,237.8,31.6,20.2,961
10/29/2019 17:46,datasets/dataset_cropped/10_Metas/29/17/20191029174600_00160.jpg,datasets_flow/dataset_cropped/10_Metas/29/17/20191029174600_00160.jpg,datasets_cloudmask/dataset_cropped/10_Metas/29/17/20191029174600_00160.png,51,228.7,30.5,20.1,961
10/29/2019 17:47,datasets/dataset_cropped/10_Metas/29/17/20191029174700_00160.jpg,datasets_flow/dataset_cropped/10_Metas/29/17/20191029174700_00160.jpg,datasets_cloudmask/dataset_cropped/10_Metas/29/17/20191029174700_00160.png,48.3,218.4,29.5,20,961
10/29/2019 17:48,datasets/dataset_cropped/10_Metas/29/17/20191029174800_00160.jpg,datasets_flow/dataset_cropped/10_Metas/29/17/20191029174800_00160.jpg,datasets_cloudmask/dataset_cropped/10_Metas/29/17/20191029174800_00160.png,45.7,206.7,28.5,20,961
10/29/2019 17:49,datasets/dataset_cropped/10_Metas/29/17/20191029174900_00160.jpg,datasets_flow/dataset_cropped/10_Metas/29/17/20191029174900_00160.jpg,datasets_cloudmask/dataset_cropped/10_Metas/29/17/20191029174900_00160.png,43.3,195.3,27.6,20,961
10/29/2019 17:50,datasets/dataset_cropped/10_Metas/29/17/20191029175000_00160.jpg,datasets_flow/dataset_cropped/10_Metas/29/17/20191029175000_00160.jpg,datasets_cloudmask/dataset_cropped/10_Metas/29/17/20191029175000_00160.png,40.6,179.8,26.7,19.9,961
10/29/2019 17:51,datasets/dataset_cropped/10_Metas/29/17/20191029175100_00160.jpg,datasets_flow/dataset_cropped/10_Metas/29/17/20191029175100_00160.jpg,datasets_cloudmask/dataset_cropped/10_Metas/29/17/20191029175100_00160.png,38,165.9,25.7,19.9,961
10/29/2019 17:52,datasets/dataset_cropped/10_Metas/29/17/20191029175200_00160.jpg,datasets_flow/dataset_cropped/10_Metas/29/17/20191029175200_00160.jpg,datasets_cloudmask/dataset_cropped/10_Metas/29/17/20191029175200_00160.png,35.2,149.3,24.6,19.8,961
10/29/2019 17:53,datasets/dataset_cropped/10_Metas/29/17/20191029175300_00160.jpg,datasets_flow/dataset_cropped/10_Metas/29/17/20191029175300_00160.jpg,datasets_cloudmask/dataset_cropped/10_Metas/29/17/20191029175300_00160.png,32.5,132.8,23.4,19.8,961
10/29/2019 17:54,datasets/dataset_cropped/10_Metas/29/17/20191029175400_00160.jpg,datasets_flow/dataset_cropped/10_Metas/29/17/20191029175400_00160.jpg,datasets_cloudmask/dataset_cropped/10_Metas/29/17/20191029175400_00160.png,30.2,118,22.4,19.7,961
10/29/2019 17:55,datasets/dataset_cropped/10_Metas/29/17/20191029175500_00160.jpg,datasets_flow/dataset_cropped/10_Metas/29/17/20191029175500_00160.jpg,datasets_cloudmask/dataset_cropped/10_Metas/29/17/20191029175500_00160.png,27.9,101.1,21.5,19.6,961
10/29/2019 17:56,datasets/dataset_cropped/10_Metas/29/17/20191029175600_00160.jpg,datasets_flow/dataset_cropped/10_Metas/29/17/20191029175600_00160.jpg,datasets_cloudmask/dataset_cropped/10_Metas/29/17/20191029175600_00160.png,26.3,93.5,20.6,19.5,961
10/29/2019 17:57,datasets/dataset_cropped/10_Metas/29/17/20191029175700_00160.jpg,datasets_flow/dataset_cropped/10_Metas/29/17/20191029175700_00160.jpg,datasets_cloudmask/dataset_cropped/10_Metas/29/17/20191029175700_00160.png,24.9,88.6,19.7,19.4,961
10/29/2019 17:58,datasets/dataset_cropped/10_Metas/29/17/20191029175800_00160.jpg,datasets_flow/dataset_cropped/10_Metas/29/17/20191029175800_00160.jpg,datasets_cloudmask/dataset_cropped/10_Metas/29/17/20191029175800_00160.png,23.2,76.5,18.9,19.3,961
10/29/2019 17:59,datasets/dataset_cropped/10_Metas/29/17/20191029175900_00160.jpg,datasets_flow/dataset_cropped/10_Metas/29/17/20191029175900_00160.jpg,datasets_cloudmask/dataset_cropped/10_Metas/29/17/20191029175900_00160.png,21.5,65.4,17.9,19.3,961
10/29/2019 18:00,datasets/dataset_cropped/10_Metas/29/18/20191029180000_00160.jpg,datasets_flow/dataset_cropped/10_Metas/29/18/20191029180000_00160.jpg,datasets_cloudmask/dataset_cropped/10_Metas/29/18/20191029180000_00160.png,19.9,62,16.7,19.2,961
10/29/2019 18:01,datasets/dataset_cropped/10_Metas/29/18/20191029180100_00160.jpg,datasets_flow/dataset_cropped/10_Metas/29/18/20191029180100_00160.jpg,datasets_cloudmask/dataset_cropped/10_Metas/29/18/20191029180100_00160.png,18.5,62.2,15.5,19.1,961
10/29/2019 18:02,datasets/dataset_cropped/10_Metas/29/18/20191029180200_00160.jpg,datasets_flow/dataset_cropped/10_Metas/29/18/20191029180200_00160.jpg,datasets_cloudmask/dataset_cropped/10_Metas/29/18/20191029180200_00160.png,17,60,14.2,19,961
10/29/2019 18:03,datasets/dataset_cropped/10_Metas/29/18/20191029180300_00160.jpg,datasets_flow/dataset_cropped/10_Metas/29/18/20191029180300_00160.jpg,datasets_cloudmask/dataset_cropped/10_Metas/29/18/20191029180300_00160.png,15.5,54.8,13.1,18.9,961
10/29/2019 18:04,datasets/dataset_cropped/10_Metas/29/18/20191029180400_00160.jpg,datasets_flow/dataset_cropped/10_Metas/29/18/20191029180400_00160.jpg,datasets_cloudmask/dataset_cropped/10_Metas/29/18/20191029180400_00160.png,14.1,47.5,12.1,18.8,961
10/29/2019 18:05,datasets/dataset_cropped/10_Metas/29/18/20191029180500_00160.jpg,datasets_flow/dataset_cropped/10_Metas/29/18/20191029180500_00160.jpg,datasets_cloudmask/dataset_cropped/10_Metas/29/18/20191029180500_00160.png,12.8,43,11.1,18.7,961
10/29/2019 18:06,datasets/dataset_cropped/10_Metas/29/18/20191029180600_00160.jpg,datasets_flow/dataset_cropped/10_Metas/29/18/20191029180600_00160.jpg,datasets_cloudmask/dataset_cropped/10_Metas/29/18/20191029180600_00160.png,11.7,37.9,10.2,18.6,961
10/29/2019 18:07,datasets/dataset_cropped/10_Metas/29/18/20191029180700_00160.jpg,datasets_flow/dataset_cropped/10_Metas/29/18/20191029180700_00160.jpg,datasets_cloudmask/dataset_cropped/10_Metas/29/18/20191029180700_00160.png,10.6,28.3,9.5,18.5,961
10/29/2019 18:08,datasets/dataset_cropped/10_Metas/29/18/20191029180800_00160.jpg,datasets_flow/dataset_cropped/10_Metas/29/18/20191029180800_00160.jpg,datasets_cloudmask/dataset_cropped/10_Metas/29/18/20191029180800_00160.png,9.5,13.5,8.8,18.5,961
10/29/2019 18:09,datasets/dataset_cropped/10_Metas/29/18/20191029180900_00160.jpg,datasets_flow/dataset_cropped/10_Metas/29/18/20191029180900_00160.jpg,datasets_cloudmask/dataset_cropped/10_Metas/29/18/20191029180900_00160.png,8.1,1.7,7.7,18.4,961
10/29/2019 18:10,datasets/dataset_cropped/10_Metas/29/18/20191029181000_00160.jpg,datasets_flow/dataset_cropped/10_Metas/29/18/20191029181000_00160.jpg,datasets_cloudmask/dataset_cropped/10_Metas/29/18/20191029181000_00160.png,6.9,0,6.6,18.3,961
10/29/2019 18:11,datasets/dataset_cropped/10_Metas/29/18/20191029181100_00160.jpg,datasets_flow/dataset_cropped/10_Metas/29/18/20191029181100_00160.jpg,datasets_cloudmask/dataset_cropped/10_Metas/29/18/20191029181100_00160.png,5.9,0,5.6,18.3,961
10/29/2019 18:12,datasets/dataset_cropped/10_Metas/29/18/20191029181200_00160.jpg,datasets_flow/dataset_cropped/10_Metas/29/18/20191029181200_00160.jpg,datasets_cloudmask/dataset_cropped/10_Metas/29/18/20191029181200_00160.png,5.1,0,4.7,18.2,961
10/29/2019 18:13,datasets/dataset_cropped/10_Metas/29/18/20191029181300_00160.jpg,datasets_flow/dataset_cropped/10_Metas/29/18/20191029181300_00160.jpg,datasets_cloudmask/dataset_cropped/10_Metas/29/18/20191029181300_00160.png,4.2,0,3.9,18.1,961
10/29/2019 18:14,datasets/dataset_cropped/10_Metas/29/18/20191029181400_00160.jpg,datasets_flow/dataset_cropped/10_Metas/29/18/20191029181400_00160.jpg,datasets_cloudmask/dataset_cropped/10_Metas/29/18/20191029181400_00160.png,3.4,0,3.1,18.1,962
10/30/2019 7:33,datasets/dataset_cropped/10_Metas/30/07/20191030073300_00160.jpg,datasets_flow/dataset_cropped/10_Metas/30/07/20191030073300_00160.jpg,datasets_cloudmask/dataset_cropped/10_Metas/30/07/20191030073300_00160.png,3.1,0,3,13.8,964
10/30/2019 7:34,datasets/dataset_cropped/10_Metas/30/07/20191030073400_00160.jpg,datasets_flow/dataset_cropped/10_Metas/30/07/20191030073400_00160.jpg,datasets_cloudmask/dataset_cropped/10_Metas/30/07/20191030073400_00160.png,3.6,0.1,3.5,13.8,964
10/30/2019 7:35,datasets/dataset_cropped/10_Metas/30/07/20191030073500_00160.jpg,datasets_flow/dataset_cropped/10_Metas/30/07/20191030073500_00160.jpg,datasets_cloudmask/dataset_cropped/10_Metas/30/07/20191030073500_00160.png,4.1,0.3,4,13.9,965
10/30/2019 7:36,datasets/dataset_cropped/10_Metas/30/07/20191030073600_00160.jpg,datasets_flow/dataset_cropped/10_Metas/30/07/20191030073600_00160.jpg,datasets_cloudmask/dataset_cropped/10_Metas/30/07/20191030073600_00160.png,4.6,1.8,4.5,14,964
10/30/2019 7:37,datasets/dataset_cropped/10_Metas/30/07/20191030073700_00160.jpg,datasets_flow/dataset_cropped/10_Metas/30/07/20191030073700_00160.jpg,datasets_cloudmask/dataset_cropped/10_Metas/30/07/20191030073700_00160.png,5.4,7.1,5.2,14,964
10/30/2019 7:38,datasets/dataset_cropped/10_Metas/30/07/20191030073800_00160.jpg,datasets_flow/dataset_cropped/10_Metas/30/07/20191030073800_00160.jpg,datasets_cloudmask/dataset_cropped/10_Metas/30/07/20191030073800_00160.png,6.1,12.6,5.9,13.9,964
10/30/2019 7:39,datasets/dataset_cropped/10_Metas/30/07/20191030073900_00160.jpg,datasets_flow/dataset_cropped/10_Metas/30/07/20191030073900_00160.jpg,datasets_cloudmask/dataset_cropped/10_Metas/30/07/20191030073900_00160.png,6.9,16.8,6.5,13.9,964
10/30/2019 7:40,datasets/dataset_cropped/10_Metas/30/07/20191030074000_00160.jpg,datasets_flow/dataset_cropped/10_Metas/30/07/20191030074000_00160.jpg,datasets_cloudmask/dataset_cropped/10_Metas/30/07/20191030074000_00160.png,7.5,19,7,13.9,964
10/30/2019 7:41,datasets/dataset_cropped/10_Metas/30/07/20191030074100_00160.jpg,datasets_flow/dataset_cropped/10_Metas/30/07/20191030074100_00160.jpg,datasets_cloudmask/dataset_cropped/10_Metas/30/07/20191030074100_00160.png,8.1,22.8,7.5,14.1,964
10/30/2019 7:42,datasets/dataset_cropped/10_Metas/30/07/20191030074200_00160.jpg,datasets_flow/dataset_cropped/10_Metas/30/07/20191030074200_00160.jpg,datasets_cloudmask/dataset_cropped/10_Metas/30/07/20191030074200_00160.png,8.5,25,7.9,14.2,965
10/30/2019 7:43,datasets/dataset_cropped/10_Metas/30/07/20191030074300_00160.jpg,datasets_flow/dataset_cropped/10_Metas/30/07/20191030074300_00160.jpg,datasets_cloudmask/dataset_cropped/10_Metas/30/07/20191030074300_00160.png,8.8,18,8.3,14.4,964
10/30/2019 7:44,datasets/dataset_cropped/10_Metas/30/07/20191030074400_00160.jpg,datasets_flow/dataset_cropped/10_Metas/30/07/20191030074400_00160.jpg,datasets_cloudmask/dataset_cropped/10_Metas/30/07/20191030074400_00160.png,9.2,10.2,9,14.5,964
10/30/2019 7:45,datasets/dataset_cropped/10_Metas/30/07/20191030074500_00160.jpg,datasets_flow/dataset_cropped/10_Metas/30/07/20191030074500_00160.jpg,datasets_cloudmask/dataset_cropped/10_Metas/30/07/20191030074500_00160.png,10,6.5,9.9,14.6,964
10/30/2019 7:46,datasets/dataset_cropped/10_Metas/30/07/20191030074600_00160.jpg,datasets_flow/dataset_cropped/10_Metas/30/07/20191030074600_00160.jpg,datasets_cloudmask/dataset_cropped/10_Metas/30/07/20191030074600_00160.png,10.9,6,10.8,14.6,964
10/30/2019 7:47,datasets/dataset_cropped/10_Metas/30/07/20191030074700_00160.jpg,datasets_flow/dataset_cropped/10_Metas/30/07/20191030074700_00160.jpg,datasets_cloudmask/dataset_cropped/10_Metas/30/07/20191030074700_00160.png,12.3,7.2,12.1,14.6,965
10/30/2019 7:48,datasets/dataset_cropped/10_Metas/30/07/20191030074800_00160.jpg,datasets_flow/dataset_cropped/10_Metas/30/07/20191030074800_00160.jpg,datasets_cloudmask/dataset_cropped/10_Metas/30/07/20191030074800_00160.png,14.3,10,14,14.6,964
10/30/2019 7:49,datasets/dataset_cropped/10_Metas/30/07/20191030074900_00160.jpg,datasets_flow/dataset_cropped/10_Metas/30/07/20191030074900_00160.jpg,datasets_cloudmask/dataset_cropped/10_Metas/30/07/20191030074900_00160.png,16.2,14.9,15.5,14.6,965
10/30/2019 7:50,datasets/dataset_cropped/10_Metas/30/07/20191030075000_00160.jpg,datasets_flow/dataset_cropped/10_Metas/30/07/20191030075000_00160.jpg,datasets_cloudmask/dataset_cropped/10_Metas/30/07/20191030075000_00160.png,17.9,24.3,16.5,14.6,965
10/30/2019 7:51,datasets/dataset_cropped/10_Metas/30/07/20191030075100_00160.jpg,datasets_flow/dataset_cropped/10_Metas/30/07/20191030075100_00160.jpg,datasets_cloudmask/dataset_cropped/10_Metas/30/07/20191030075100_00160.png,20.5,46.1,17.9,14.6,965
10/30/2019 7:52,datasets/dataset_cropped/10_Metas/30/07/20191030075200_00160.jpg,datasets_flow/dataset_cropped/10_Metas/30/07/20191030075200_00160.jpg,datasets_cloudmask/dataset_cropped/10_Metas/30/07/20191030075200_00160.png,23.9,74.3,19.5,14.6,965
10/30/2019 7:53,datasets/dataset_cropped/10_Metas/30/07/20191030075300_00160.jpg,datasets_flow/dataset_cropped/10_Metas/30/07/20191030075300_00160.jpg,datasets_cloudmask/dataset_cropped/10_Metas/30/07/20191030075300_00160.png,25.9,86.2,20.6,14.8,965
10/30/2019 7:54,datasets/dataset_cropped/10_Metas/30/07/20191030075400_00160.jpg,datasets_flow/dataset_cropped/10_Metas/30/07/20191030075400_00160.jpg,datasets_cloudmask/dataset_cropped/10_Metas/30/07/20191030075400_00160.png,26.1,74.9,21.3,14.8,965
10/30/2019 7:55,datasets/dataset_cropped/10_Metas/30/07/20191030075500_00160.jpg,datasets_flow/dataset_cropped/10_Metas/30/07/20191030075500_00160.jpg,datasets_cloudmask/dataset_cropped/10_Metas/30/07/20191030075500_00160.png,27.1,77.7,21.9,14.9,965
10/30/2019 7:56,datasets/dataset_cropped/10_Metas/30/07/20191030075600_00160.jpg,datasets_flow/dataset_cropped/10_Metas/30/07/20191030075600_00160.jpg,datasets_cloudmask/dataset_cropped/10_Metas/30/07/20191030075600_00160.png,26.9,64,22.5,14.9,965
10/30/2019 7:57,datasets/dataset_cropped/10_Metas/30/07/20191030075700_00160.jpg,datasets_flow/dataset_cropped/10_Metas/30/07/20191030075700_00160.jpg,datasets_cloudmask/dataset_cropped/10_Metas/30/07/20191030075700_00160.png,26.6,45.6,23.5,15,965
10/30/2019 7:58,datasets/dataset_cropped/10_Metas/30/07/20191030075800_00160.jpg,datasets_flow/dataset_cropped/10_Metas/30/07/20191030075800_00160.jpg,datasets_cloudmask/dataset_cropped/10_Metas/30/07/20191030075800_00160.png,26.6,30.4,24.6,15,965
10/30/2019 7:59,datasets/dataset_cropped/10_Metas/30/07/20191030075900_00160.jpg,datasets_flow/dataset_cropped/10_Metas/30/07/20191030075900_00160.jpg,datasets_cloudmask/dataset_cropped/10_Metas/30/07/20191030075900_00160.png,27.1,19.7,25.9,15,965
10/30/2019 8:00,datasets/dataset_cropped/10_Metas/30/08/20191030080000_00160.jpg,datasets_flow/dataset_cropped/10_Metas/30/08/20191030080000_00160.jpg,datasets_cloudmask/dataset_cropped/10_Metas/30/08/20191030080000_00160.png,28.8,21.6,27.3,15.1,965
10/30/2019 8:01,datasets/dataset_cropped/10_Metas/30/08/20191030080100_00160.jpg,datasets_flow/dataset_cropped/10_Metas/30/08/20191030080100_00160.jpg,datasets_cloudmask/dataset_cropped/10_Metas/30/08/20191030080100_00160.png,31.1,30.4,28.8,15.3,965
10/30/2019 8:02,datasets/dataset_cropped/10_Metas/30/08/20191030080200_00160.jpg,datasets_flow/dataset_cropped/10_Metas/30/08/20191030080200_00160.jpg,datasets_cloudmask/dataset_cropped/10_Metas/30/08/20191030080200_00160.png,33.7,40,30.4,15.3,965
10/30/2019 8:03,datasets/dataset_cropped/10_Metas/30/08/20191030080300_00160.jpg,datasets_flow/dataset_cropped/10_Metas/30/08/20191030080300_00160.jpg,datasets_cloudmask/dataset_cropped/10_Metas/30/08/20191030080300_00160.png,37.1,60,31.9,15.2,965
10/30/2019 8:04,datasets/dataset_cropped/10_Metas/30/08/20191030080400_00160.jpg,datasets_flow/dataset_cropped/10_Metas/30/08/20191030080400_00160.jpg,datasets_cloudmask/dataset_cropped/10_Metas/30/08/20191030080400_00160.png,43.2,106.2,33.5,15.2,965
10/30/2019 8:05,datasets/dataset_cropped/10_Metas/30/08/20191030080500_00160.jpg,datasets_flow/dataset_cropped/10_Metas/30/08/20191030080500_00160.jpg,datasets_cloudmask/dataset_cropped/10_Metas/30/08/20191030080500_00160.png,45.5,108,35.4,15.3,965
10/30/2019 8:06,datasets/dataset_cropped/10_Metas/30/08/20191030080600_00160.jpg,datasets_flow/dataset_cropped/10_Metas/30/08/20191030080600_00160.jpg,datasets_cloudmask/dataset_cropped/10_Metas/30/08/20191030080600_00160.png,44.4,71.6,37.6,15.4,965
10/30/2019 8:07,datasets/dataset_cropped/10_Metas/30/08/20191030080700_00160.jpg,datasets_flow/dataset_cropped/10_Metas/30/08/20191030080700_00160.jpg,datasets_cloudmask/dataset_cropped/10_Metas/30/08/20191030080700_00160.png,43.5,40.2,39.7,15.3,965
10/30/2019 8:08,datasets/dataset_cropped/10_Metas/30/08/20191030080800_00160.jpg,datasets_flow/dataset_cropped/10_Metas/30/08/20191030080800_00160.jpg,datasets_cloudmask/dataset_cropped/10_Metas/30/08/20191030080800_00160.png,43.8,23.8,41.6,15.3,965
10/30/2019 8:09,datasets/dataset_cropped/10_Metas/30/08/20191030080900_00160.jpg,datasets_flow/dataset_cropped/10_Metas/30/08/20191030080900_00160.jpg,datasets_cloudmask/dataset_cropped/10_Metas/30/08/20191030080900_00160.png,48.5,47.7,43.4,15.3,965
10/30/2019 8:10,datasets/dataset_cropped/10_Metas/30/08/20191030081000_00160.jpg,datasets_flow/dataset_cropped/10_Metas/30/08/20191030081000_00160.jpg,datasets_cloudmask/dataset_cropped/10_Metas/30/08/20191030081000_00160.png,58.4,117.2,45.2,15.3,965
10/30/2019 8:11,datasets/dataset_cropped/10_Metas/30/08/20191030081100_00160.jpg,datasets_flow/dataset_cropped/10_Metas/30/08/20191030081100_00160.jpg,datasets_cloudmask/dataset_cropped/10_Metas/30/08/20191030081100_00160.png,67.6,174.9,47.3,15.3,965
10/30/2019 8:12,datasets/dataset_cropped/10_Metas/30/08/20191030081200_00160.jpg,datasets_flow/dataset_cropped/10_Metas/30/08/20191030081200_00160.jpg,datasets_cloudmask/dataset_cropped/10_Metas/30/08/20191030081200_00160.png,76.7,228.1,49.5,15.3,965
10/30/2019 8:13,datasets/dataset_cropped/10_Metas/30/08/20191030081300_00160.jpg,datasets_flow/dataset_cropped/10_Metas/30/08/20191030081300_00160.jpg,datasets_cloudmask/dataset_cropped/10_Metas/30/08/20191030081300_00160.png,76.2,200.8,51.7,15.3,965
10/30/2019 8:14,datasets/dataset_cropped/10_Metas/30/08/20191030081400_00160.jpg,datasets_flow/dataset_cropped/10_Metas/30/08/20191030081400_00160.jpg,datasets_cloudmask/dataset_cropped/10_Metas/30/08/20191030081400_00160.png,79.4,201.2,54.2,15.3,965
10/30/2019 8:15,datasets/dataset_cropped/10_Metas/30/08/20191030081500_00160.jpg,datasets_flow/dataset_cropped/10_Metas/30/08/20191030081500_00160.jpg,datasets_cloudmask/dataset_cropped/10_Metas/30/08/20191030081500_00160.png,78.4,171.7,56.5,15.5,965
10/30/2019 8:16,datasets/dataset_cropped/10_Metas/30/08/20191030081600_00160.jpg,datasets_flow/dataset_cropped/10_Metas/30/08/20191030081600_00160.jpg,datasets_cloudmask/dataset_cropped/10_Metas/30/08/20191030081600_00160.png,78.4,149.1,59.2,15.6,965
10/30/2019 8:17,datasets/dataset_cropped/10_Metas/30/08/20191030081700_00160.jpg,datasets_flow/dataset_cropped/10_Metas/30/08/20191030081700_00160.jpg,datasets_cloudmask/dataset_cropped/10_Metas/30/08/20191030081700_00160.png,72.9,84.5,62.2,15.7,965
10/30/2019 8:18,datasets/dataset_cropped/10_Metas/30/08/20191030081800_00160.jpg,datasets_flow/dataset_cropped/10_Metas/30/08/20191030081800_00160.jpg,datasets_cloudmask/dataset_cropped/10_Metas/30/08/20191030081800_00160.png,68.1,21,65.7,15.9,965
10/30/2019 8:19,datasets/dataset_cropped/10_Metas/30/08/20191030081900_00160.jpg,datasets_flow/dataset_cropped/10_Metas/30/08/20191030081900_00160.jpg,datasets_cloudmask/dataset_cropped/10_Metas/30/08/20191030081900_00160.png,72.7,22.6,69.9,15.9,965
10/30/2019 8:20,datasets/dataset_cropped/10_Metas/30/08/20191030082000_00160.jpg,datasets_flow/dataset_cropped/10_Metas/30/08/20191030082000_00160.jpg,datasets_cloudmask/dataset_cropped/10_Metas/30/08/20191030082000_00160.png,74.8,9.5,73.8,16,965
10/30/2019 8:21,datasets/dataset_cropped/10_Metas/30/08/20191030082100_00160.jpg,datasets_flow/dataset_cropped/10_Metas/30/08/20191030082100_00160.jpg,datasets_cloudmask/dataset_cropped/10_Metas/30/08/20191030082100_00160.png,77,3.3,77,15.8,965
10/30/2019 8:22,datasets/dataset_cropped/10_Metas/30/08/20191030082200_00160.jpg,datasets_flow/dataset_cropped/10_Metas/30/08/20191030082200_00160.jpg,datasets_cloudmask/dataset_cropped/10_Metas/30/08/20191030082200_00160.png,78.8,2.3,78.8,15.5,965
10/30/2019 8:23,datasets/dataset_cropped/10_Metas/30/08/20191030082300_00160.jpg,datasets_flow/dataset_cropped/10_Metas/30/08/20191030082300_00160.jpg,datasets_cloudmask/dataset_cropped/10_Metas/30/08/20191030082300_00160.png,79.5,1.5,79.5,15,965
10/30/2019 8:24,datasets/dataset_cropped/10_Metas/30/08/20191030082400_00160.jpg,datasets_flow/dataset_cropped/10_Metas/30/08/20191030082400_00160.jpg,datasets_cloudmask/dataset_cropped/10_Metas/30/08/20191030082400_00160.png,79.5,1,79.6,14.5,965
10/30/2019 8:25,datasets/dataset_cropped/10_Metas/30/08/20191030082500_00160.jpg,datasets_flow/dataset_cropped/10_Metas/30/08/20191030082500_00160.jpg,datasets_cloudmask/dataset_cropped/10_Metas/30/08/20191030082500_00160.png,78.8,1.1,78.7,14.2,965
10/30/2019 8:26,datasets/dataset_cropped/10_Metas/30/08/20191030082600_00160.jpg,datasets_flow/dataset_cropped/10_Metas/30/08/20191030082600_00160.jpg,datasets_cloudmask/dataset_cropped/10_Metas/30/08/20191030082600_00160.png,77.6,1.8,77.3,14.1,965
10/30/2019 8:27,datasets/dataset_cropped/10_Metas/30/08/20191030082700_00160.jpg,datasets_flow/dataset_cropped/10_Metas/30/08/20191030082700_00160.jpg,datasets_cloudmask/dataset_cropped/10_Metas/30/08/20191030082700_00160.png,76.4,4.7,75.6,13.9,965
10/30/2019 8:28,datasets/dataset_cropped/10_Metas/30/08/20191030082800_00160.jpg,datasets_flow/dataset_cropped/10_Metas/30/08/20191030082800_00160.jpg,datasets_cloudmask/dataset_cropped/10_Metas/30/08/20191030082800_00160.png,75.3,5.8,74.3,13.8,965
10/30/2019 8:29,datasets/dataset_cropped/10_Metas/30/08/20191030082900_00160.jpg,datasets_flow/dataset_cropped/10_Metas/30/08/20191030082900_00160.jpg,datasets_cloudmask/dataset_cropped/10_Metas/30/08/20191030082900_00160.png,75.8,10.1,74,13.7,965
10/30/2019 8:30,datasets/dataset_cropped/10_Metas/30/08/20191030083000_00160.jpg,datasets_flow/dataset_cropped/10_Metas/30/08/20191030083000_00160.jpg,datasets_cloudmask/dataset_cropped/10_Metas/30/08/20191030083000_00160.png,75.9,11.4,74.1,13.7,965
10/30/2019 8:31,datasets/dataset_cropped/10_Metas/30/08/20191030083100_00160.jpg,datasets_flow/dataset_cropped/10_Metas/30/08/20191030083100_00160.jpg,datasets_cloudmask/dataset_cropped/10_Metas/30/08/20191030083100_00160.png,83.4,53.7,74,13.8,965
10/30/2019 8:32,datasets/dataset_cropped/10_Metas/30/08/20191030083200_00160.jpg,datasets_flow/dataset_cropped/10_Metas/30/08/20191030083200_00160.jpg,datasets_cloudmask/dataset_cropped/10_Metas/30/08/20191030083200_00160.png,129.2,301.1,74.4,14,965
10/30/2019 8:33,datasets/dataset_cropped/10_Metas/30/08/20191030083300_00160.jpg,datasets_flow/dataset_cropped/10_Metas/30/08/20191030083300_00160.jpg,datasets_cloudmask/dataset_cropped/10_Metas/30/08/20191030083300_00160.png,137.2,344.3,74,14.2,965
10/30/2019 8:34,datasets/dataset_cropped/10_Metas/30/08/20191030083400_00160.jpg,datasets_flow/dataset_cropped/10_Metas/30/08/20191030083400_00160.jpg,datasets_cloudmask/dataset_cropped/10_Metas/30/08/20191030083400_00160.png,139.9,356.2,73.5,14.4,965
10/30/2019 8:35,datasets/dataset_cropped/10_Metas/30/08/20191030083500_00160.jpg,datasets_flow/dataset_cropped/10_Metas/30/08/20191030083500_00160.jpg,datasets_cloudmask/dataset_cropped/10_Metas/30/08/20191030083500_00160.png,148.5,402.6,72.4,14.7,965
10/30/2019 8:36,datasets/dataset_cropped/10_Metas/30/08/20191030083600_00160.jpg,datasets_flow/dataset_cropped/10_Metas/30/08/20191030083600_00160.jpg,datasets_cloudmask/dataset_cropped/10_Metas/30/08/20191030083600_00160.png,147.6,401.4,70.7,15.3,965
10/30/2019 8:37,datasets/dataset_cropped/10_Metas/30/08/20191030083700_00160.jpg,datasets_flow/dataset_cropped/10_Metas/30/08/20191030083700_00160.jpg,datasets_cloudmask/dataset_cropped/10_Metas/30/08/20191030083700_00160.png,146.1,397.3,68.8,15.7,965
10/30/2019 8:38,datasets/dataset_cropped/10_Metas/30/08/20191030083800_00160.jpg,datasets_flow/dataset_cropped/10_Metas/30/08/20191030083800_00160.jpg,datasets_cloudmask/dataset_cropped/10_Metas/30/08/20191030083800_00160.png,139,363.2,67.4,16,965
10/30/2019 8:39,datasets/dataset_cropped/10_Metas/30/08/20191030083900_00160.jpg,datasets_flow/dataset_cropped/10_Metas/30/08/20191030083900_00160.jpg,datasets_cloudmask/dataset_cropped/10_Metas/30/08/20191030083900_00160.png,130,319.9,66,16.2,965
10/30/2019 8:40,datasets/dataset_cropped/10_Metas/30/08/20191030084000_00160.jpg,datasets_flow/dataset_cropped/10_Metas/30/08/20191030084000_00160.jpg,datasets_cloudmask/dataset_cropped/10_Metas/30/08/20191030084000_00160.png,135.7,347.4,64.6,16.3,965
10/30/2019 8:41,datasets/dataset_cropped/10_Metas/30/08/20191030084100_00160.jpg,datasets_flow/dataset_cropped/10_Metas/30/08/20191030084100_00160.jpg,datasets_cloudmask/dataset_cropped/10_Metas/30/08/20191030084100_00160.png,122.7,281.5,64.5,16.3,965
10/30/2019 8:42,datasets/dataset_cropped/10_Metas/30/08/20191030084200_00160.jpg,datasets_flow/dataset_cropped/10_Metas/30/08/20191030084200_00160.jpg,datasets_cloudmask/dataset_cropped/10_Metas/30/08/20191030084200_00160.png,135.4,329.1,66.3,16.4,965
10/30/2019 8:43,datasets/dataset_cropped/10_Metas/30/08/20191030084300_00160.jpg,datasets_flow/dataset_cropped/10_Metas/30/08/20191030084300_00160.jpg,datasets_cloudmask/dataset_cropped/10_Metas/30/08/20191030084300_00160.png,164.1,450.7,68.1,16.4,965
10/30/2019 8:44,datasets/dataset_cropped/10_Metas/30/08/20191030084400_00160.jpg,datasets_flow/dataset_cropped/10_Metas/30/08/20191030084400_00160.jpg,datasets_cloudmask/dataset_cropped/10_Metas/30/08/20191030084400_00160.png,170,469.2,68.6,16.6,965
10/30/2019 8:45,datasets/dataset_cropped/10_Metas/30/08/20191030084500_00160.jpg,datasets_flow/dataset_cropped/10_Metas/30/08/20191030084500_00160.jpg,datasets_cloudmask/dataset_cropped/10_Metas/30/08/20191030084500_00160.png,169.1,456.8,69.2,16.7,965
10/30/2019 8:46,datasets/dataset_cropped/10_Metas/30/08/20191030084600_00160.jpg,datasets_flow/dataset_cropped/10_Metas/30/08/20191030084600_00160.jpg,datasets_cloudmask/dataset_cropped/10_Metas/30/08/20191030084600_00160.png,174.4,471.1,69.9,16.7,965
10/30/2019 8:47,datasets/dataset_cropped/10_Metas/30/08/20191030084700_00160.jpg,datasets_flow/dataset_cropped/10_Metas/30/08/20191030084700_00160.jpg,datasets_cloudmask/dataset_cropped/10_Metas/30/08/20191030084700_00160.png,179.3,482,70.8,16.9,965
10/30/2019 8:48,datasets/dataset_cropped/10_Metas/30/08/20191030084800_00160.jpg,datasets_flow/dataset_cropped/10_Metas/30/08/20191030084800_00160.jpg,datasets_cloudmask/dataset_cropped/10_Metas/30/08/20191030084800_00160.png,184.4,492.6,72.1,17,965
10/30/2019 8:49,datasets/dataset_cropped/10_Metas/30/08/20191030084900_00160.jpg,datasets_flow/dataset_cropped/10_Metas/30/08/20191030084900_00160.jpg,datasets_cloudmask/dataset_cropped/10_Metas/30/08/20191030084900_00160.png,188.5,496.3,73.8,17.1,965
10/30/2019 8:50,datasets/dataset_cropped/10_Metas/30/08/20191030085000_00160.jpg,datasets_flow/dataset_cropped/10_Metas/30/08/20191030085000_00160.jpg,datasets_cloudmask/dataset_cropped/10_Metas/30/08/20191030085000_00160.png,190.8,491.8,75.8,17.2,965
10/30/2019 8:51,datasets/dataset_cropped/10_Metas/30/08/20191030085100_00160.jpg,datasets_flow/dataset_cropped/10_Metas/30/08/20191030085100_00160.jpg,datasets_cloudmask/dataset_cropped/10_Metas/30/08/20191030085100_00160.png,194.5,490.2,78.3,17.3,965
10/30/2019 8:52,datasets/dataset_cropped/10_Metas/30/08/20191030085200_00160.jpg,datasets_flow/dataset_cropped/10_Metas/30/08/20191030085200_00160.jpg,datasets_cloudmask/dataset_cropped/10_Metas/30/08/20191030085200_00160.png,201,495.4,82,17.4,965
10/30/2019 8:53,datasets/dataset_cropped/10_Metas/30/08/20191030085300_00160.jpg,datasets_flow/dataset_cropped/10_Metas/30/08/20191030085300_00160.jpg,datasets_cloudmask/dataset_cropped/10_Metas/30/08/20191030085300_00160.png,209.6,505.2,87,17.6,965
10/30/2019 8:54,datasets/dataset_cropped/10_Metas/30/08/20191030085400_00160.jpg,datasets_flow/dataset_cropped/10_Metas/30/08/20191030085400_00160.jpg,datasets_cloudmask/dataset_cropped/10_Metas/30/08/20191030085400_00160.png,219.8,514.6,93.5,17.9,965
10/30/2019 8:55,datasets/dataset_cropped/10_Metas/30/08/20191030085500_00160.jpg,datasets_flow/dataset_cropped/10_Metas/30/08/20191030085500_00160.jpg,datasets_cloudmask/dataset_cropped/10_Metas/30/08/20191030085500_00160.png,231,524.1,100.9,17.9,965
10/30/2019 8:56,datasets/dataset_cropped/10_Metas/30/08/20191030085600_00160.jpg,datasets_flow/dataset_cropped/10_Metas/30/08/20191030085600_00160.jpg,datasets_cloudmask/dataset_cropped/10_Metas/30/08/20191030085600_00160.png,241.9,533,108.2,18.2,965
10/30/2019 8:57,datasets/dataset_cropped/10_Metas/30/08/20191030085700_00160.jpg,datasets_flow/dataset_cropped/10_Metas/30/08/20191030085700_00160.jpg,datasets_cloudmask/dataset_cropped/10_Metas/30/08/20191030085700_00160.png,251.1,537.5,114.7,18.2,965
10/30/2019 8:58,datasets/dataset_cropped/10_Metas/30/08/20191030085800_00160.jpg,datasets_flow/dataset_cropped/10_Metas/30/08/20191030085800_00160.jpg,datasets_cloudmask/dataset_cropped/10_Metas/30/08/20191030085800_00160.png,258.8,539.1,120.3,18.3,965
10/30/2019 8:59,datasets/dataset_cropped/10_Metas/30/08/20191030085900_00160.jpg,datasets_flow/dataset_cropped/10_Metas/30/08/20191030085900_00160.jpg,datasets_cloudmask/dataset_cropped/10_Metas/30/08/20191030085900_00160.png,265.4,539.1,125.6,18.3,965
10/30/2019 9:00,datasets/dataset_cropped/10_Metas/30/09/20191030090000_00160.jpg,datasets_flow/dataset_cropped/10_Metas/30/09/20191030090000_00160.jpg,datasets_cloudmask/dataset_cropped/10_Metas/30/09/20191030090000_00160.png,271.8,539.5,130.4,18.2,965
10/30/2019 9:01,datasets/dataset_cropped/10_Metas/30/09/20191030090100_00160.jpg,datasets_flow/dataset_cropped/10_Metas/30/09/20191030090100_00160.jpg,datasets_cloudmask/dataset_cropped/10_Metas/30/09/20191030090100_00160.png,278.3,541.9,134.8,18.1,965
10/30/2019 9:02,datasets/dataset_cropped/10_Metas/30/09/20191030090200_00160.jpg,datasets_flow/dataset_cropped/10_Metas/30/09/20191030090200_00160.jpg,datasets_cloudmask/dataset_cropped/10_Metas/30/09/20191030090200_00160.png,284.2,544.9,138.4,18,965
10/30/2019 9:03,datasets/dataset_cropped/10_Metas/30/09/20191030090300_00160.jpg,datasets_flow/dataset_cropped/10_Metas/30/09/20191030090300_00160.jpg,datasets_cloudmask/dataset_cropped/10_Metas/30/09/20191030090300_00160.png,289,547.1,141.1,18,965
10/30/2019 9:04,datasets/dataset_cropped/10_Metas/30/09/20191030090400_00160.jpg,datasets_flow/dataset_cropped/10_Metas/30/09/20191030090400_00160.jpg,datasets_cloudmask/dataset_cropped/10_Metas/30/09/20191030090400_00160.png,293.6,550.1,143.4,18.1,965
10/30/2019 9:05,datasets/dataset_cropped/10_Metas/30/09/20191030090500_00160.jpg,datasets_flow/dataset_cropped/10_Metas/30/09/20191030090500_00160.jpg,datasets_cloudmask/dataset_cropped/10_Metas/30/09/20191030090500_00160.png,298.2,554.1,145.5,18.2,965
10/30/2019 9:06,datasets/dataset_cropped/10_Metas/30/09/20191030090600_00160.jpg,datasets_flow/dataset_cropped/10_Metas/30/09/20191030090600_00160.jpg,datasets_cloudmask/dataset_cropped/10_Metas/30/09/20191030090600_00160.png,302.9,558.3,147.5,18.6,965
10/30/2019 9:07,datasets/dataset_cropped/10_Metas/30/09/20191030090700_00160.jpg,datasets_flow/dataset_cropped/10_Metas/30/09/20191030090700_00160.jpg,datasets_cloudmask/dataset_cropped/10_Metas/30/09/20191030090700_00160.png,306.5,560.7,149,18.9,965
10/30/2019 9:08,datasets/dataset_cropped/10_Metas/30/09/20191030090800_00160.jpg,datasets_flow/dataset_cropped/10_Metas/30/09/20191030090800_00160.jpg,datasets_cloudmask/dataset_cropped/10_Metas/30/09/20191030090800_00160.png,307.1,557.2,149,19.2,965
10/30/2019 9:09,datasets/dataset_cropped/10_Metas/30/09/20191030090900_00160.jpg,datasets_flow/dataset_cropped/10_Metas/30/09/20191030090900_00160.jpg,datasets_cloudmask/dataset_cropped/10_Metas/30/09/20191030090900_00160.png,310.1,569.9,146.5,19.4,965
10/30/2019 9:10,datasets/dataset_cropped/10_Metas/30/09/20191030091000_00160.jpg,datasets_flow/dataset_cropped/10_Metas/30/09/20191030091000_00160.jpg,datasets_cloudmask/dataset_cropped/10_Metas/30/09/20191030091000_00160.png,301.4,548.1,142.3,19.4,965
10/30/2019 9:11,datasets/dataset_cropped/10_Metas/30/09/20191030091100_00160.jpg,datasets_flow/dataset_cropped/10_Metas/30/09/20191030091100_00160.jpg,datasets_cloudmask/dataset_cropped/10_Metas/30/09/20191030091100_00160.png,229.1,316.1,136.8,19.2,965
10/30/2019 9:12,datasets/dataset_cropped/10_Metas/30/09/20191030091200_00160.jpg,datasets_flow/dataset_cropped/10_Metas/30/09/20191030091200_00160.jpg,datasets_cloudmask/dataset_cropped/10_Metas/30/09/20191030091200_00160.png,183.4,174.7,132.3,19.3,965
10/30/2019 9:13,datasets/dataset_cropped/10_Metas/30/09/20191030091300_00160.jpg,datasets_flow/dataset_cropped/10_Metas/30/09/20191030091300_00160.jpg,datasets_cloudmask/dataset_cropped/10_Metas/30/09/20191030091300_00160.png,171,146.4,127.9,19.3,966
10/30/2019 9:14,datasets/dataset_cropped/10_Metas/30/09/20191030091400_00160.jpg,datasets_flow/dataset_cropped/10_Metas/30/09/20191030091400_00160.jpg,datasets_cloudmask/dataset_cropped/10_Metas/30/09/20191030091400_00160.png,182,199.3,122.2,19.2,965
10/30/2019 9:15,datasets/dataset_cropped/10_Metas/30/09/20191030091500_00160.jpg,datasets_flow/dataset_cropped/10_Metas/30/09/20191030091500_00160.jpg,datasets_cloudmask/dataset_cropped/10_Metas/30/09/20191030091500_00160.png,172.7,191.4,115.2,19.1,965
10/30/2019 9:16,datasets/dataset_cropped/10_Metas/30/09/20191030091600_00160.jpg,datasets_flow/dataset_cropped/10_Metas/30/09/20191030091600_00160.jpg,datasets_cloudmask/dataset_cropped/10_Metas/30/09/20191030091600_00160.png,129.3,68.8,109,19,966
10/30/2019 9:17,datasets/dataset_cropped/10_Metas/30/09/20191030091700_00160.jpg,datasets_flow/dataset_cropped/10_Metas/30/09/20191030091700_00160.jpg,datasets_cloudmask/dataset_cropped/10_Metas/30/09/20191030091700_00160.png,125.9,71.9,104.3,18.9,965
10/30/2019 9:18,datasets/dataset_cropped/10_Metas/30/09/20191030091800_00160.jpg,datasets_flow/dataset_cropped/10_Metas/30/09/20191030091800_00160.jpg,datasets_cloudmask/dataset_cropped/10_Metas/30/09/20191030091800_00160.png,108.8,29.1,100.2,18.8,965
10/30/2019 9:19,datasets/dataset_cropped/10_Metas/30/09/20191030091900_00160.jpg,datasets_flow/dataset_cropped/10_Metas/30/09/20191030091900_00160.jpg,datasets_cloudmask/dataset_cropped/10_Metas/30/09/20191030091900_00160.png,105.2,27.2,96.9,18.7,965
10/30/2019 9:20,datasets/dataset_cropped/10_Metas/30/09/20191030092000_00160.jpg,datasets_flow/dataset_cropped/10_Metas/30/09/20191030092000_00160.jpg,datasets_cloudmask/dataset_cropped/10_Metas/30/09/20191030092000_00160.png,102.6,24.4,95.1,18.6,965
10/30/2019 9:21,datasets/dataset_cropped/10_Metas/30/09/20191030092100_00160.jpg,datasets_flow/dataset_cropped/10_Metas/30/09/20191030092100_00160.jpg,datasets_cloudmask/dataset_cropped/10_Metas/30/09/20191030092100_00160.png,104.7,27.9,95.8,18.7,965
10/30/2019 9:22,datasets/dataset_cropped/10_Metas/30/09/20191030092200_00160.jpg,datasets_flow/dataset_cropped/10_Metas/30/09/20191030092200_00160.jpg,datasets_cloudmask/dataset_cropped/10_Metas/30/09/20191030092200_00160.png,114.7,52.5,97.2,18.7,966
10/30/2019 9:23,datasets/dataset_cropped/10_Metas/30/09/20191030092300_00160.jpg,datasets_flow/dataset_cropped/10_Metas/30/09/20191030092300_00160.jpg,datasets_cloudmask/dataset_cropped/10_Metas/30/09/20191030092300_00160.png,119.1,60.4,98.8,18.7,966
10/30/2019 9:24,datasets/dataset_cropped/10_Metas/30/09/20191030092400_00160.jpg,datasets_flow/dataset_cropped/10_Metas/30/09/20191030092400_00160.jpg,datasets_cloudmask/dataset_cropped/10_Metas/30/09/20191030092400_00160.png,119.2,54.3,100.8,18.7,966
10/30/2019 9:25,datasets/dataset_cropped/10_Metas/30/09/20191030092500_00160.jpg,datasets_flow/dataset_cropped/10_Metas/30/09/20191030092500_00160.jpg,datasets_cloudmask/dataset_cropped/10_Metas/30/09/20191030092500_00160.png,127.8,68.2,104.5,18.6,966
10/30/2019 9:26,datasets/dataset_cropped/10_Metas/30/09/20191030092600_00160.jpg,datasets_flow/dataset_cropped/10_Metas/30/09/20191030092600_00160.jpg,datasets_cloudmask/dataset_cropped/10_Metas/30/09/20191030092600_00160.png,145.7,109,108.4,18.6,966
10/30/2019 9:27,datasets/dataset_cropped/10_Metas/30/09/20191030092700_00160.jpg,datasets_flow/dataset_cropped/10_Metas/30/09/20191030092700_00160.jpg,datasets_cloudmask/dataset_cropped/10_Metas/30/09/20191030092700_00160.png,180.2,198.7,112.6,18.6,966
10/30/2019 9:28,datasets/dataset_cropped/10_Metas/30/09/20191030092800_00160.jpg,datasets_flow/dataset_cropped/10_Metas/30/09/20191030092800_00160.jpg,datasets_cloudmask/dataset_cropped/10_Metas/30/09/20191030092800_00160.png,214.6,286.8,117.1,18.6,966
10/30/2019 9:29,datasets/dataset_cropped/10_Metas/30/09/20191030092900_00160.jpg,datasets_flow/dataset_cropped/10_Metas/30/09/20191030092900_00160.jpg,datasets_cloudmask/dataset_cropped/10_Metas/30/09/20191030092900_00160.png,294.5,505,121.2,18.7,966
10/30/2019 9:30,datasets/dataset_cropped/10_Metas/30/09/20191030093000_00160.jpg,datasets_flow/dataset_cropped/10_Metas/30/09/20191030093000_00160.jpg,datasets_cloudmask/dataset_cropped/10_Metas/30/09/20191030093000_00160.png,341.4,629.1,124.4,18.7,966
10/30/2019 9:31,datasets/dataset_cropped/10_Metas/30/09/20191030093100_00160.jpg,datasets_flow/dataset_cropped/10_Metas/30/09/20191030093100_00160.jpg,datasets_cloudmask/dataset_cropped/10_Metas/30/09/20191030093100_00160.png,345.8,631.3,126.7,18.8,966
10/30/2019 9:32,datasets/dataset_cropped/10_Metas/30/09/20191030093200_00160.jpg,datasets_flow/dataset_cropped/10_Metas/30/09/20191030093200_00160.jpg,datasets_cloudmask/dataset_cropped/10_Metas/30/09/20191030093200_00160.png,348.4,629,128.4,19.1,966
10/30/2019 9:33,datasets/dataset_cropped/10_Metas/30/09/20191030093300_00160.jpg,datasets_flow/dataset_cropped/10_Metas/30/09/20191030093300_00160.jpg,datasets_cloudmask/dataset_cropped/10_Metas/30/09/20191030093300_00160.png,351.2,626.2,130.8,19.3,966
10/30/2019 9:34,datasets/dataset_cropped/10_Metas/30/09/20191030093400_00160.jpg,datasets_flow/dataset_cropped/10_Metas/30/09/20191030093400_00160.jpg,datasets_cloudmask/dataset_cropped/10_Metas/30/09/20191030093400_00160.png,356.1,627.5,133.7,19.5,966
10/30/2019 9:35,datasets/dataset_cropped/10_Metas/30/09/20191030093500_00160.jpg,datasets_flow/dataset_cropped/10_Metas/30/09/20191030093500_00160.jpg,datasets_cloudmask/dataset_cropped/10_Metas/30/09/20191030093500_00160.png,365.1,638.1,137.5,19.8,966
10/30/2019 9:36,datasets/dataset_cropped/10_Metas/30/09/20191030093600_00160.jpg,datasets_flow/dataset_cropped/10_Metas/30/09/20191030093600_00160.jpg,datasets_cloudmask/dataset_cropped/10_Metas/30/09/20191030093600_00160.png,372.8,643.7,141.7,19.9,966
10/30/2019 9:37,datasets/dataset_cropped/10_Metas/30/09/20191030093700_00160.jpg,datasets_flow/dataset_cropped/10_Metas/30/09/20191030093700_00160.jpg,datasets_cloudmask/dataset_cropped/10_Metas/30/09/20191030093700_00160.png,384.4,657.6,146.6,20,966
10/30/2019 9:38,datasets/dataset_cropped/10_Metas/30/09/20191030093800_00160.jpg,datasets_flow/dataset_cropped/10_Metas/30/09/20191030093800_00160.jpg,datasets_cloudmask/dataset_cropped/10_Metas/30/09/20191030093800_00160.png,394.6,665.7,152.2,20.2,966
10/30/2019 9:39,datasets/dataset_cropped/10_Metas/30/09/20191030093900_00160.jpg,datasets_flow/dataset_cropped/10_Metas/30/09/20191030093900_00160.jpg,datasets_cloudmask/dataset_cropped/10_Metas/30/09/20191030093900_00160.png,404.6,670.3,158.7,20.4,966
10/30/2019 9:40,datasets/dataset_cropped/10_Metas/30/09/20191030094000_00160.jpg,datasets_flow/dataset_cropped/10_Metas/30/09/20191030094000_00160.jpg,datasets_cloudmask/dataset_cropped/10_Metas/30/09/20191030094000_00160.png,414.7,673.5,166,20.6,966
10/30/2019 9:41,datasets/dataset_cropped/10_Metas/30/09/20191030094100_00160.jpg,datasets_flow/dataset_cropped/10_Metas/30/09/20191030094100_00160.jpg,datasets_cloudmask/dataset_cropped/10_Metas/30/09/20191030094100_00160.png,425.9,678.3,173.6,20.6,966
10/30/2019 9:42,datasets/dataset_cropped/10_Metas/30/09/20191030094200_00160.jpg,datasets_flow/dataset_cropped/10_Metas/30/09/20191030094200_00160.jpg,datasets_cloudmask/dataset_cropped/10_Metas/30/09/20191030094200_00160.png,438.4,684.9,182,20.6,966
10/30/2019 9:43,datasets/dataset_cropped/10_Metas/30/09/20191030094300_00160.jpg,datasets_flow/dataset_cropped/10_Metas/30/09/20191030094300_00160.jpg,datasets_cloudmask/dataset_cropped/10_Metas/30/09/20191030094300_00160.png,431.9,643.2,189.2,20.8,966
10/30/2019 9:44,datasets/dataset_cropped/10_Metas/30/09/20191030094400_00160.jpg,datasets_flow/dataset_cropped/10_Metas/30/09/20191030094400_00160.jpg,datasets_cloudmask/dataset_cropped/10_Metas/30/09/20191030094400_00160.png,442.4,649.9,195.5,20.8,966
10/30/2019 9:45,datasets/dataset_cropped/10_Metas/30/09/20191030094500_00160.jpg,datasets_flow/dataset_cropped/10_Metas/30/09/20191030094500_00160.jpg,datasets_cloudmask/dataset_cropped/10_Metas/30/09/20191030094500_00160.png,436.4,615,201.3,21,966
10/30/2019 9:46,datasets/dataset_cropped/10_Metas/30/09/20191030094600_00160.jpg,datasets_flow/dataset_cropped/10_Metas/30/09/20191030094600_00160.jpg,datasets_cloudmask/dataset_cropped/10_Metas/30/09/20191030094600_00160.png,470.8,684.5,207.6,21.2,966
10/30/2019 9:47,datasets/dataset_cropped/10_Metas/30/09/20191030094700_00160.jpg,datasets_flow/dataset_cropped/10_Metas/30/09/20191030094700_00160.jpg,datasets_cloudmask/dataset_cropped/10_Metas/30/09/20191030094700_00160.png,470.3,668.2,211.8,21.2,966
10/30/2019 9:48,datasets/dataset_cropped/10_Metas/30/09/20191030094800_00160.jpg,datasets_flow/dataset_cropped/10_Metas/30/09/20191030094800_00160.jpg,datasets_cloudmask/dataset_cropped/10_Metas/30/09/20191030094800_00160.png,483.1,689.3,214,21.4,966
10/30/2019 9:49,datasets/dataset_cropped/10_Metas/30/09/20191030094900_00160.jpg,datasets_flow/dataset_cropped/10_Metas/30/09/20191030094900_00160.jpg,datasets_cloudmask/dataset_cropped/10_Metas/30/09/20191030094900_00160.png,465.9,641.4,213.7,21.5,966
10/30/2019 9:50,datasets/dataset_cropped/10_Metas/30/09/20191030095000_00160.jpg,datasets_flow/dataset_cropped/10_Metas/30/09/20191030095000_00160.jpg,datasets_cloudmask/dataset_cropped/10_Metas/30/09/20191030095000_00160.png,367.5,391.3,213,21.7,966
10/30/2019 9:51,datasets/dataset_cropped/10_Metas/30/09/20191030095100_00160.jpg,datasets_flow/dataset_cropped/10_Metas/30/09/20191030095100_00160.jpg,datasets_cloudmask/dataset_cropped/10_Metas/30/09/20191030095100_00160.png,336.2,308.8,213.5,21.8,966
10/30/2019 9:52,datasets/dataset_cropped/10_Metas/30/09/20191030095200_00160.jpg,datasets_flow/dataset_cropped/10_Metas/30/09/20191030095200_00160.jpg,datasets_cloudmask/dataset_cropped/10_Metas/30/09/20191030095200_00160.png,285.1,181.8,212.5,21.9,966
10/30/2019 9:53,datasets/dataset_cropped/10_Metas/30/09/20191030095300_00160.jpg,datasets_flow/dataset_cropped/10_Metas/30/09/20191030095300_00160.jpg,datasets_cloudmask/dataset_cropped/10_Metas/30/09/20191030095300_00160.png,279.3,170.3,210.2,21.7,966
10/30/2019 9:54,datasets/dataset_cropped/10_Metas/30/09/20191030095400_00160.jpg,datasets_flow/dataset_cropped/10_Metas/30/09/20191030095400_00160.jpg,datasets_cloudmask/dataset_cropped/10_Metas/30/09/20191030095400_00160.png,308.1,249.1,206.3,21.7,966
10/30/2019 9:55,datasets/dataset_cropped/10_Metas/30/09/20191030095500_00160.jpg,datasets_flow/dataset_cropped/10_Metas/30/09/20191030095500_00160.jpg,datasets_cloudmask/dataset_cropped/10_Metas/30/09/20191030095500_00160.png,292.4,217.7,203.8,21.9,966
10/30/2019 9:56,datasets/dataset_cropped/10_Metas/30/09/20191030095600_00160.jpg,datasets_flow/dataset_cropped/10_Metas/30/09/20191030095600_00160.jpg,datasets_cloudmask/dataset_cropped/10_Metas/30/09/20191030095600_00160.png,361.9,383.3,204,21.8,966
10/30/2019 9:57,datasets/dataset_cropped/10_Metas/30/09/20191030095700_00160.jpg,datasets_flow/dataset_cropped/10_Metas/30/09/20191030095700_00160.jpg,datasets_cloudmask/dataset_cropped/10_Metas/30/09/20191030095700_00160.png,384.7,441.2,201.4,21.9,966
10/30/2019 9:58,datasets/dataset_cropped/10_Metas/30/09/20191030095800_00160.jpg,datasets_flow/dataset_cropped/10_Metas/30/09/20191030095800_00160.jpg,datasets_cloudmask/dataset_cropped/10_Metas/30/09/20191030095800_00160.png,379.9,434.3,197.7,21.9,966
10/30/2019 9:59,datasets/dataset_cropped/10_Metas/30/09/20191030095900_00160.jpg,datasets_flow/dataset_cropped/10_Metas/30/09/20191030095900_00160.jpg,datasets_cloudmask/dataset_cropped/10_Metas/30/09/20191030095900_00160.png,319.6,299.8,193.1,21.8,966
10/30/2019 10:00,datasets/dataset_cropped/10_Metas/30/10/20191030100000_00160.jpg,datasets_flow/dataset_cropped/10_Metas/30/10/20191030100000_00160.jpg,datasets_cloudmask/dataset_cropped/10_Metas/30/10/20191030100000_00160.png,290.4,238.6,189.4,21.6,966
10/30/2019 10:01,datasets/dataset_cropped/10_Metas/30/10/20191030100100_00160.jpg,datasets_flow/dataset_cropped/10_Metas/30/10/20191030100100_00160.jpg,datasets_cloudmask/dataset_cropped/10_Metas/30/10/20191030100100_00160.png,281.6,222.3,186.8,21.4,966
10/30/2019 10:02,datasets/dataset_cropped/10_Metas/30/10/20191030100200_00160.jpg,datasets_flow/dataset_cropped/10_Metas/30/10/20191030100200_00160.jpg,datasets_cloudmask/dataset_cropped/10_Metas/30/10/20191030100200_00160.png,274.4,207,185.4,21.3,966
10/30/2019 10:03,datasets/dataset_cropped/10_Metas/30/10/20191030100300_00160.jpg,datasets_flow/dataset_cropped/10_Metas/30/10/20191030100300_00160.jpg,datasets_cloudmask/dataset_cropped/10_Metas/30/10/20191030100300_00160.png,250.1,149.4,185.1,21.2,966
10/30/2019 10:04,datasets/dataset_cropped/10_Metas/30/10/20191030100400_00160.jpg,datasets_flow/dataset_cropped/10_Metas/30/10/20191030100400_00160.jpg,datasets_cloudmask/dataset_cropped/10_Metas/30/10/20191030100400_00160.png,311.4,286.1,186.9,21,966
10/30/2019 10:05,datasets/dataset_cropped/10_Metas/30/10/20191030100500_00160.jpg,datasets_flow/dataset_cropped/10_Metas/30/10/20191030100500_00160.jpg,datasets_cloudmask/dataset_cropped/10_Metas/30/10/20191030100500_00160.png,396.3,470.8,192.1,20.9,966
10/30/2019 10:06,datasets/dataset_cropped/10_Metas/30/10/20191030100600_00160.jpg,datasets_flow/dataset_cropped/10_Metas/30/10/20191030100600_00160.jpg,datasets_cloudmask/dataset_cropped/10_Metas/30/10/20191030100600_00160.png,473.8,633.8,198.6,20.9,966
10/30/2019 10:07,datasets/dataset_cropped/10_Metas/30/10/20191030100700_00160.jpg,datasets_flow/dataset_cropped/10_Metas/30/10/20191030100700_00160.jpg,datasets_cloudmask/dataset_cropped/10_Metas/30/10/20191030100700_00160.png,480.2,635.3,203.2,21.1,966
10/30/2019 10:08,datasets/dataset_cropped/10_Metas/30/10/20191030100800_00160.jpg,datasets_flow/dataset_cropped/10_Metas/30/10/20191030100800_00160.jpg,datasets_cloudmask/dataset_cropped/10_Metas/30/10/20191030100800_00160.png,505.6,680.9,207.7,21.1,966
10/30/2019 10:09,datasets/dataset_cropped/10_Metas/30/10/20191030100900_00160.jpg,datasets_flow/dataset_cropped/10_Metas/30/10/20191030100900_00160.jpg,datasets_cloudmask/dataset_cropped/10_Metas/30/10/20191030100900_00160.png,517,699.1,210.3,21.1,966
10/30/2019 10:10,datasets/dataset_cropped/10_Metas/30/10/20191030101000_00160.jpg,datasets_flow/dataset_cropped/10_Metas/30/10/20191030101000_00160.jpg,datasets_cloudmask/dataset_cropped/10_Metas/30/10/20191030101000_00160.png,537,738.7,210.7,21.4,966
10/30/2019 10:11,datasets/dataset_cropped/10_Metas/30/10/20191030101100_00160.jpg,datasets_flow/dataset_cropped/10_Metas/30/10/20191030101100_00160.jpg,datasets_cloudmask/dataset_cropped/10_Metas/30/10/20191030101100_00160.png,533.5,726.5,210.8,21.8,966
10/30/2019 10:12,datasets/dataset_cropped/10_Metas/30/10/20191030101200_00160.jpg,datasets_flow/dataset_cropped/10_Metas/30/10/20191030101200_00160.jpg,datasets_cloudmask/dataset_cropped/10_Metas/30/10/20191030101200_00160.png,460.9,554.2,213.1,22,966
10/30/2019 10:13,datasets/dataset_cropped/10_Metas/30/10/20191030101300_00160.jpg,datasets_flow/dataset_cropped/10_Metas/30/10/20191030101300_00160.jpg,datasets_cloudmask/dataset_cropped/10_Metas/30/10/20191030101300_00160.png,496.3,618.6,218.5,22.1,966
10/30/2019 10:14,datasets/dataset_cropped/10_Metas/30/10/20191030101400_00160.jpg,datasets_flow/dataset_cropped/10_Metas/30/10/20191030101400_00160.jpg,datasets_cloudmask/dataset_cropped/10_Metas/30/10/20191030101400_00160.png,480.5,574.5,221.3,22.2,966
10/30/2019 10:15,datasets/dataset_cropped/10_Metas/30/10/20191030101500_00160.jpg,datasets_flow/dataset_cropped/10_Metas/30/10/20191030101500_00160.jpg,datasets_cloudmask/dataset_cropped/10_Metas/30/10/20191030101500_00160.png,408.7,412.7,221.8,22.2,966
10/30/2019 10:16,datasets/dataset_cropped/10_Metas/30/10/20191030101600_00160.jpg,datasets_flow/dataset_cropped/10_Metas/30/10/20191030101600_00160.jpg,datasets_cloudmask/dataset_cropped/10_Metas/30/10/20191030101600_00160.png,478,554.9,225.4,22.1,966
10/30/2019 10:17,datasets/dataset_cropped/10_Metas/30/10/20191030101700_00160.jpg,datasets_flow/dataset_cropped/10_Metas/30/10/20191030101700_00160.jpg,datasets_cloudmask/dataset_cropped/10_Metas/30/10/20191030101700_00160.png,455.2,504.4,225,22.1,966
10/30/2019 10:18,datasets/dataset_cropped/10_Metas/30/10/20191030101800_00160.jpg,datasets_flow/dataset_cropped/10_Metas/30/10/20191030101800_00160.jpg,datasets_cloudmask/dataset_cropped/10_Metas/30/10/20191030101800_00160.png,403.8,389,225.9,22.2,966
10/30/2019 10:19,datasets/dataset_cropped/10_Metas/30/10/20191030101900_00160.jpg,datasets_flow/dataset_cropped/10_Metas/30/10/20191030101900_00160.jpg,datasets_cloudmask/dataset_cropped/10_Metas/30/10/20191030101900_00160.png,504.3,602.4,225.7,22.4,966
10/30/2019 10:20,datasets/dataset_cropped/10_Metas/30/10/20191030102000_00160.jpg,datasets_flow/dataset_cropped/10_Metas/30/10/20191030102000_00160.jpg,datasets_cloudmask/dataset_cropped/10_Metas/30/10/20191030102000_00160.png,278.8,121.7,222.9,22.6,966
10/30/2019 10:21,datasets/dataset_cropped/10_Metas/30/10/20191030102100_00160.jpg,datasets_flow/dataset_cropped/10_Metas/30/10/20191030102100_00160.jpg,datasets_cloudmask/dataset_cropped/10_Metas/30/10/20191030102100_00160.png,262.6,79.3,225.9,22.5,966
10/30/2019 10:22,datasets/dataset_cropped/10_Metas/30/10/20191030102200_00160.jpg,datasets_flow/dataset_cropped/10_Metas/30/10/20191030102200_00160.jpg,datasets_cloudmask/dataset_cropped/10_Metas/30/10/20191030102200_00160.png,394.9,352,229.1,22.2,966
10/30/2019 10:23,datasets/dataset_cropped/10_Metas/30/10/20191030102300_00160.jpg,datasets_flow/dataset_cropped/10_Metas/30/10/20191030102300_00160.jpg,datasets_cloudmask/dataset_cropped/10_Metas/30/10/20191030102300_00160.png,572.1,729.9,227.4,22,966
10/30/2019 10:24,datasets/dataset_cropped/10_Metas/30/10/20191030102400_00160.jpg,datasets_flow/dataset_cropped/10_Metas/30/10/20191030102400_00160.jpg,datasets_cloudmask/dataset_cropped/10_Metas/30/10/20191030102400_00160.png,401.1,390.3,216.8,21.9,966
10/30/2019 10:25,datasets/dataset_cropped/10_Metas/30/10/20191030102500_00160.jpg,datasets_flow/dataset_cropped/10_Metas/30/10/20191030102500_00160.jpg,datasets_cloudmask/dataset_cropped/10_Metas/30/10/20191030102500_00160.png,274.6,145,206.1,21.9,966
10/30/2019 10:26,datasets/dataset_cropped/10_Metas/30/10/20191030102600_00160.jpg,datasets_flow/dataset_cropped/10_Metas/30/10/20191030102600_00160.jpg,datasets_cloudmask/dataset_cropped/10_Metas/30/10/20191030102600_00160.png,248.8,104.9,198.1,21.9,966
10/30/2019 10:27,datasets/dataset_cropped/10_Metas/30/10/20191030102700_00160.jpg,datasets_flow/dataset_cropped/10_Metas/30/10/20191030102700_00160.jpg,datasets_cloudmask/dataset_cropped/10_Metas/30/10/20191030102700_00160.png,293.8,204,193.9,21.7,966
10/30/2019 10:28,datasets/dataset_cropped/10_Metas/30/10/20191030102800_00160.jpg,datasets_flow/dataset_cropped/10_Metas/30/10/20191030102800_00160.jpg,datasets_cloudmask/dataset_cropped/10_Metas/30/10/20191030102800_00160.png,273.4,160.3,191.9,21.5,966
10/30/2019 10:29,datasets/dataset_cropped/10_Metas/30/10/20191030102900_00160.jpg,datasets_flow/dataset_cropped/10_Metas/30/10/20191030102900_00160.jpg,datasets_cloudmask/dataset_cropped/10_Metas/30/10/20191030102900_00160.png,331,280,193.5,21.4,966
10/30/2019 10:30,datasets/dataset_cropped/10_Metas/30/10/20191030103000_00160.jpg,datasets_flow/dataset_cropped/10_Metas/30/10/20191030103000_00160.jpg,datasets_cloudmask/dataset_cropped/10_Metas/30/10/20191030103000_00160.png,400.2,419.8,194.8,21.5,966
10/30/2019 10:31,datasets/dataset_cropped/10_Metas/30/10/20191030103100_00160.jpg,datasets_flow/dataset_cropped/10_Metas/30/10/20191030103100_00160.jpg,datasets_cloudmask/dataset_cropped/10_Metas/30/10/20191030103100_00160.png,509,642,195.2,21.6,966
10/30/2019 10:32,datasets/dataset_cropped/10_Metas/30/10/20191030103200_00160.jpg,datasets_flow/dataset_cropped/10_Metas/30/10/20191030103200_00160.jpg,datasets_cloudmask/dataset_cropped/10_Metas/30/10/20191030103200_00160.png,544.9,716.7,194.5,21.8,966
10/30/2019 10:33,datasets/dataset_cropped/10_Metas/30/10/20191030103300_00160.jpg,datasets_flow/dataset_cropped/10_Metas/30/10/20191030103300_00160.jpg,datasets_cloudmask/dataset_cropped/10_Metas/30/10/20191030103300_00160.png,565.8,760.1,192.7,22.1,966
10/30/2019 10:34,datasets/dataset_cropped/10_Metas/30/10/20191030103400_00160.jpg,datasets_flow/dataset_cropped/10_Metas/30/10/20191030103400_00160.jpg,datasets_cloudmask/dataset_cropped/10_Metas/30/10/20191030103400_00160.png,563.6,755.1,191.8,22.3,966
10/30/2019 10:35,datasets/dataset_cropped/10_Metas/30/10/20191030103500_00160.jpg,datasets_flow/dataset_cropped/10_Metas/30/10/20191030103500_00160.jpg,datasets_cloudmask/dataset_cropped/10_Metas/30/10/20191030103500_00160.png,568.6,757.3,194.5,22.4,966
10/30/2019 10:36,datasets/dataset_cropped/10_Metas/30/10/20191030103600_00160.jpg,datasets_flow/dataset_cropped/10_Metas/30/10/20191030103600_00160.jpg,datasets_cloudmask/dataset_cropped/10_Metas/30/10/20191030103600_00160.png,582.2,771.7,199.9,22.3,966
10/30/2019 10:37,datasets/dataset_cropped/10_Metas/30/10/20191030103700_00160.jpg,datasets_flow/dataset_cropped/10_Metas/30/10/20191030103700_00160.jpg,datasets_cloudmask/dataset_cropped/10_Metas/30/10/20191030103700_00160.png,590.2,773.6,205.7,22.2,966
10/30/2019 10:38,datasets/dataset_cropped/10_Metas/30/10/20191030103800_00160.jpg,datasets_flow/dataset_cropped/10_Metas/30/10/20191030103800_00160.jpg,datasets_cloudmask/dataset_cropped/10_Metas/30/10/20191030103800_00160.png,598.1,772.7,212.6,22.4,966
10/30/2019 10:39,datasets/dataset_cropped/10_Metas/30/10/20191030103900_00160.jpg,datasets_flow/dataset_cropped/10_Metas/30/10/20191030103900_00160.jpg,datasets_cloudmask/dataset_cropped/10_Metas/30/10/20191030103900_00160.png,610.2,777.2,221.1,22.5,966
10/30/2019 10:40,datasets/dataset_cropped/10_Metas/30/10/20191030104000_00160.jpg,datasets_flow/dataset_cropped/10_Metas/30/10/20191030104000_00160.jpg,datasets_cloudmask/dataset_cropped/10_Metas/30/10/20191030104000_00160.png,622.4,781.3,230.4,22.4,966
10/30/2019 10:41,datasets/dataset_cropped/10_Metas/30/10/20191030104100_00160.jpg,datasets_flow/dataset_cropped/10_Metas/30/10/20191030104100_00160.jpg,datasets_cloudmask/dataset_cropped/10_Metas/30/10/20191030104100_00160.png,634.2,783.1,239.6,22.5,966
10/30/2019 10:42,datasets/dataset_cropped/10_Metas/30/10/20191030104200_00160.jpg,datasets_flow/dataset_cropped/10_Metas/30/10/20191030104200_00160.jpg,datasets_cloudmask/dataset_cropped/10_Metas/30/10/20191030104200_00160.png,630.8,754.5,248.8,22.6,966
10/30/2019 10:43,datasets/dataset_cropped/10_Metas/30/10/20191030104300_00160.jpg,datasets_flow/dataset_cropped/10_Metas/30/10/20191030104300_00160.jpg,datasets_cloudmask/dataset_cropped/10_Metas/30/10/20191030104300_00160.png,632.8,740.8,255.5,22.6,966
10/30/2019 10:44,datasets/dataset_cropped/10_Metas/30/10/20191030104400_00160.jpg,datasets_flow/dataset_cropped/10_Metas/30/10/20191030104400_00160.jpg,datasets_cloudmask/dataset_cropped/10_Metas/30/10/20191030104400_00160.png,534.8,535.9,261.3,22.4,966
10/30/2019 10:45,datasets/dataset_cropped/10_Metas/30/10/20191030104500_00160.jpg,datasets_flow/dataset_cropped/10_Metas/30/10/20191030104500_00160.jpg,datasets_cloudmask/dataset_cropped/10_Metas/30/10/20191030104500_00160.png,591.9,636.3,265.1,22.4,966
10/30/2019 10:46,datasets/dataset_cropped/10_Metas/30/10/20191030104600_00160.jpg,datasets_flow/dataset_cropped/10_Metas/30/10/20191030104600_00160.jpg,datasets_cloudmask/dataset_cropped/10_Metas/30/10/20191030104600_00160.png,431.6,323.5,264.2,22.5,966
10/30/2019 10:47,datasets/dataset_cropped/10_Metas/30/10/20191030104700_00160.jpg,datasets_flow/dataset_cropped/10_Metas/30/10/20191030104700_00160.jpg,datasets_cloudmask/dataset_cropped/10_Metas/30/10/20191030104700_00160.png,511.5,468,268.6,22.8,966
10/30/2019 10:48,datasets/dataset_cropped/10_Metas/30/10/20191030104800_00160.jpg,datasets_flow/dataset_cropped/10_Metas/30/10/20191030104800_00160.jpg,datasets_cloudmask/dataset_cropped/10_Metas/30/10/20191030104800_00160.png,598.3,630.8,269.6,22.9,966
10/30/2019 10:49,datasets/dataset_cropped/10_Metas/30/10/20191030104900_00160.jpg,datasets_flow/dataset_cropped/10_Metas/30/10/20191030104900_00160.jpg,datasets_cloudmask/dataset_cropped/10_Metas/30/10/20191030104900_00160.png,456.9,360.5,267.4,23.1,966
10/30/2019 10:50,datasets/dataset_cropped/10_Metas/30/10/20191030105000_00160.jpg,datasets_flow/dataset_cropped/10_Metas/30/10/20191030105000_00160.jpg,datasets_cloudmask/dataset_cropped/10_Metas/30/10/20191030105000_00160.png,493.7,421.3,271.7,22.9,966
10/30/2019 10:51,datasets/dataset_cropped/10_Metas/30/10/20191030105100_00160.jpg,datasets_flow/dataset_cropped/10_Metas/30/10/20191030105100_00160.jpg,datasets_cloudmask/dataset_cropped/10_Metas/30/10/20191030105100_00160.png,486.3,396.8,276,22.8,966
10/30/2019 10:52,datasets/dataset_cropped/10_Metas/30/10/20191030105200_00160.jpg,datasets_flow/dataset_cropped/10_Metas/30/10/20191030105200_00160.jpg,datasets_cloudmask/dataset_cropped/10_Metas/30/10/20191030105200_00160.png,519.4,450.2,280.2,23,966
10/30/2019 10:53,datasets/dataset_cropped/10_Metas/30/10/20191030105300_00160.jpg,datasets_flow/dataset_cropped/10_Metas/30/10/20191030105300_00160.jpg,datasets_cloudmask/dataset_cropped/10_Metas/30/10/20191030105300_00160.png,507.6,420,283.7,23.1,966
10/30/2019 10:54,datasets/dataset_cropped/10_Metas/30/10/20191030105400_00160.jpg,datasets_flow/dataset_cropped/10_Metas/30/10/20191030105400_00160.jpg,datasets_cloudmask/dataset_cropped/10_Metas/30/10/20191030105400_00160.png,426.6,262.8,285.4,22.9,966
10/30/2019 10:55,datasets/dataset_cropped/10_Metas/30/10/20191030105500_00160.jpg,datasets_flow/dataset_cropped/10_Metas/30/10/20191030105500_00160.jpg,datasets_cloudmask/dataset_cropped/10_Metas/30/10/20191030105500_00160.png,413.4,228.6,290,22.9,966
10/30/2019 10:56,datasets/dataset_cropped/10_Metas/30/10/20191030105600_00160.jpg,datasets_flow/dataset_cropped/10_Metas/30/10/20191030105600_00160.jpg,datasets_cloudmask/dataset_cropped/10_Metas/30/10/20191030105600_00160.png,396.5,183.5,296.7,22.7,966
10/30/2019 10:57,datasets/dataset_cropped/10_Metas/30/10/20191030105700_00160.jpg,datasets_flow/dataset_cropped/10_Metas/30/10/20191030105700_00160.jpg,datasets_cloudmask/dataset_cropped/10_Metas/30/10/20191030105700_00160.png,429.2,226.3,305.8,22.7,966
10/30/2019 10:58,datasets/dataset_cropped/10_Metas/30/10/20191030105800_00160.jpg,datasets_flow/dataset_cropped/10_Metas/30/10/20191030105800_00160.jpg,datasets_cloudmask/dataset_cropped/10_Metas/30/10/20191030105800_00160.png,461.3,266,316.2,22.9,966
10/30/2019 10:59,datasets/dataset_cropped/10_Metas/30/10/20191030105900_00160.jpg,datasets_flow/dataset_cropped/10_Metas/30/10/20191030105900_00160.jpg,datasets_cloudmask/dataset_cropped/10_Metas/30/10/20191030105900_00160.png,454.7,234.9,326,23,966
10/30/2019 11:00,datasets/dataset_cropped/10_Metas/30/11/20191030110000_00160.jpg,datasets_flow/dataset_cropped/10_Metas/30/11/20191030110000_00160.jpg,datasets_cloudmask/dataset_cropped/10_Metas/30/11/20191030110000_00160.png,491.6,284.2,335.7,23,966
10/30/2019 11:01,datasets/dataset_cropped/10_Metas/30/11/20191030110100_00160.jpg,datasets_flow/dataset_cropped/10_Metas/30/11/20191030110100_00160.jpg,datasets_cloudmask/dataset_cropped/10_Metas/30/11/20191030110100_00160.png,459.4,208.4,344.1,23,966
10/30/2019 11:02,datasets/dataset_cropped/10_Metas/30/11/20191030110200_00160.jpg,datasets_flow/dataset_cropped/10_Metas/30/11/20191030110200_00160.jpg,datasets_cloudmask/dataset_cropped/10_Metas/30/11/20191030110200_00160.png,482.4,234.3,352.6,23,966
10/30/2019 11:03,datasets/dataset_cropped/10_Metas/30/11/20191030110300_00160.jpg,datasets_flow/dataset_cropped/10_Metas/30/11/20191030110300_00160.jpg,datasets_cloudmask/dataset_cropped/10_Metas/30/11/20191030110300_00160.png,594.6,424.2,360.9,23.1,966
10/30/2019 11:04,datasets/dataset_cropped/10_Metas/30/11/20191030110400_00160.jpg,datasets_flow/dataset_cropped/10_Metas/30/11/20191030110400_00160.jpg,datasets_cloudmask/dataset_cropped/10_Metas/30/11/20191030110400_00160.png,534.8,305,365.7,23.2,966
10/30/2019 11:05,datasets/dataset_cropped/10_Metas/30/11/20191030110500_00160.jpg,datasets_flow/dataset_cropped/10_Metas/30/11/20191030110500_00160.jpg,datasets_cloudmask/dataset_cropped/10_Metas/30/11/20191030110500_00160.png,479.4,196.7,369,23.5,966
10/30/2019 11:06,datasets/dataset_cropped/10_Metas/30/11/20191030110600_00160.jpg,datasets_flow/dataset_cropped/10_Metas/30/11/20191030110600_00160.jpg,datasets_cloudmask/dataset_cropped/10_Metas/30/11/20191030110600_00160.png,591,388.6,374.3,23.6,966
10/30/2019 11:07,datasets/dataset_cropped/10_Metas/30/11/20191030110700_00160.jpg,datasets_flow/dataset_cropped/10_Metas/30/11/20191030110700_00160.jpg,datasets_cloudmask/dataset_cropped/10_Metas/30/11/20191030110700_00160.png,580.8,363.6,377.6,23.4,966
10/30/2019 11:08,datasets/dataset_cropped/10_Metas/30/11/20191030110800_00160.jpg,datasets_flow/dataset_cropped/10_Metas/30/11/20191030110800_00160.jpg,datasets_cloudmask/dataset_cropped/10_Metas/30/11/20191030110800_00160.png,528.1,264.4,379.7,23.2,966
10/30/2019 11:09,datasets/dataset_cropped/10_Metas/30/11/20191030110900_00160.jpg,datasets_flow/dataset_cropped/10_Metas/30/11/20191030110900_00160.jpg,datasets_cloudmask/dataset_cropped/10_Metas/30/11/20191030110900_00160.png,479.2,174.9,381,23.1,966
10/30/2019 11:10,datasets/dataset_cropped/10_Metas/30/11/20191030111000_00160.jpg,datasets_flow/dataset_cropped/10_Metas/30/11/20191030111000_00160.jpg,datasets_cloudmask/dataset_cropped/10_Metas/30/11/20191030111000_00160.png,463.2,141.9,382.9,23,966
10/30/2019 11:11,datasets/dataset_cropped/10_Metas/30/11/20191030111100_00160.jpg,datasets_flow/dataset_cropped/10_Metas/30/11/20191030111100_00160.jpg,datasets_cloudmask/dataset_cropped/10_Metas/30/11/20191030111100_00160.png,515.1,231.7,384.2,22.9,966
10/30/2019 11:12,datasets/dataset_cropped/10_Metas/30/11/20191030111200_00160.jpg,datasets_flow/dataset_cropped/10_Metas/30/11/20191030111200_00160.jpg,datasets_cloudmask/dataset_cropped/10_Metas/30/11/20191030111200_00160.png,491.6,191.3,383.4,22.8,966
10/30/2019 11:13,datasets/dataset_cropped/10_Metas/30/11/20191030111300_00160.jpg,datasets_flow/dataset_cropped/10_Metas/30/11/20191030111300_00160.jpg,datasets_cloudmask/dataset_cropped/10_Metas/30/11/20191030111300_00160.png,420.2,63.3,383.3,22.8,966
10/30/2019 11:14,datasets/dataset_cropped/10_Metas/30/11/20191030111400_00160.jpg,datasets_flow/dataset_cropped/10_Metas/30/11/20191030111400_00160.jpg,datasets_cloudmask/dataset_cropped/10_Metas/30/11/20191030111400_00160.png,442.7,97.8,385.4,22.6,966
10/30/2019 11:15,datasets/dataset_cropped/10_Metas/30/11/20191030111500_00160.jpg,datasets_flow/dataset_cropped/10_Metas/30/11/20191030111500_00160.jpg,datasets_cloudmask/dataset_cropped/10_Metas/30/11/20191030111500_00160.png,486,166.8,389.5,22.5,966
10/30/2019 11:16,datasets/dataset_cropped/10_Metas/30/11/20191030111600_00160.jpg,datasets_flow/dataset_cropped/10_Metas/30/11/20191030111600_00160.jpg,datasets_cloudmask/dataset_cropped/10_Metas/30/11/20191030111600_00160.png,463,117.6,394.8,22.4,966
10/30/2019 11:17,datasets/dataset_cropped/10_Metas/30/11/20191030111700_00160.jpg,datasets_flow/dataset_cropped/10_Metas/30/11/20191030111700_00160.jpg,datasets_cloudmask/dataset_cropped/10_Metas/30/11/20191030111700_00160.png,525.7,223.5,397.7,22.5,966
10/30/2019 11:18,datasets/dataset_cropped/10_Metas/30/11/20191030111800_00160.jpg,datasets_flow/dataset_cropped/10_Metas/30/11/20191030111800_00160.jpg,datasets_cloudmask/dataset_cropped/10_Metas/30/11/20191030111800_00160.png,449.7,91.6,396.4,22.6,966
10/30/2019 11:19,datasets/dataset_cropped/10_Metas/30/11/20191030111900_00160.jpg,datasets_flow/dataset_cropped/10_Metas/30/11/20191030111900_00160.jpg,datasets_cloudmask/dataset_cropped/10_Metas/30/11/20191030111900_00160.png,451.8,100,392.6,22.7,966
10/30/2019 11:20,datasets/dataset_cropped/10_Metas/30/11/20191030112000_00160.jpg,datasets_flow/dataset_cropped/10_Metas/30/11/20191030112000_00160.jpg,datasets_cloudmask/dataset_cropped/10_Metas/30/11/20191030112000_00160.png,462.7,128.9,387.6,22.8,966
10/30/2019 11:21,datasets/dataset_cropped/10_Metas/30/11/20191030112100_00160.jpg,datasets_flow/dataset_cropped/10_Metas/30/11/20191030112100_00160.jpg,datasets_cloudmask/dataset_cropped/10_Metas/30/11/20191030112100_00160.png,430.5,81.4,382.3,23,966
10/30/2019 11:22,datasets/dataset_cropped/10_Metas/30/11/20191030112200_00160.jpg,datasets_flow/dataset_cropped/10_Metas/30/11/20191030112200_00160.jpg,datasets_cloudmask/dataset_cropped/10_Metas/30/11/20191030112200_00160.png,419.8,71.6,376.7,23.1,966
10/30/2019 11:23,datasets/dataset_cropped/10_Metas/30/11/20191030112300_00160.jpg,datasets_flow/dataset_cropped/10_Metas/30/11/20191030112300_00160.jpg,datasets_cloudmask/dataset_cropped/10_Metas/30/11/20191030112300_00160.png,419.1,82.5,370,23,966
10/30/2019 11:24,datasets/dataset_cropped/10_Metas/30/11/20191030112400_00160.jpg,datasets_flow/dataset_cropped/10_Metas/30/11/20191030112400_00160.jpg,datasets_cloudmask/dataset_cropped/10_Metas/30/11/20191030112400_00160.png,403.2,67.8,362.4,23.1,966
10/30/2019 11:25,datasets/dataset_cropped/10_Metas/30/11/20191030112500_00160.jpg,datasets_flow/dataset_cropped/10_Metas/30/11/20191030112500_00160.jpg,datasets_cloudmask/dataset_cropped/10_Metas/30/11/20191030112500_00160.png,391.2,62.1,354.3,23.1,966
10/30/2019 11:26,datasets/dataset_cropped/10_Metas/30/11/20191030112600_00160.jpg,datasets_flow/dataset_cropped/10_Metas/30/11/20191030112600_00160.jpg,datasets_cloudmask/dataset_cropped/10_Metas/30/11/20191030112600_00160.png,367.9,33.5,346.7,23.1,966
10/30/2019 11:27,datasets/dataset_cropped/10_Metas/30/11/20191030112700_00160.jpg,datasets_flow/dataset_cropped/10_Metas/30/11/20191030112700_00160.jpg,datasets_cloudmask/dataset_cropped/10_Metas/30/11/20191030112700_00160.png,373,55.9,339.5,23,966
10/30/2019 11:28,datasets/dataset_cropped/10_Metas/30/11/20191030112800_00160.jpg,datasets_flow/dataset_cropped/10_Metas/30/11/20191030112800_00160.jpg,datasets_cloudmask/dataset_cropped/10_Metas/30/11/20191030112800_00160.png,343,14.7,333.4,22.9,966
10/30/2019 11:29,datasets/dataset_cropped/10_Metas/30/11/20191030112900_00160.jpg,datasets_flow/dataset_cropped/10_Metas/30/11/20191030112900_00160.jpg,datasets_cloudmask/dataset_cropped/10_Metas/30/11/20191030112900_00160.png,351.6,38.1,328.1,22.7,966
10/30/2019 11:30,datasets/dataset_cropped/10_Metas/30/11/20191030113000_00160.jpg,datasets_flow/dataset_cropped/10_Metas/30/11/20191030113000_00160.jpg,datasets_cloudmask/dataset_cropped/10_Metas/30/11/20191030113000_00160.png,366.3,68.2,324.4,22.8,966
10/30/2019 11:31,datasets/dataset_cropped/10_Metas/30/11/20191030113100_00160.jpg,datasets_flow/dataset_cropped/10_Metas/30/11/20191030113100_00160.jpg,datasets_cloudmask/dataset_cropped/10_Metas/30/11/20191030113100_00160.png,348.3,42.4,321.5,22.8,966
10/30/2019 11:32,datasets/dataset_cropped/10_Metas/30/11/20191030113200_00160.jpg,datasets_flow/dataset_cropped/10_Metas/30/11/20191030113200_00160.jpg,datasets_cloudmask/dataset_cropped/10_Metas/30/11/20191030113200_00160.png,343.2,34.8,320.3,22.8,966
10/30/2019 11:33,datasets/dataset_cropped/10_Metas/30/11/20191030113300_00160.jpg,datasets_flow/dataset_cropped/10_Metas/30/11/20191030113300_00160.jpg,datasets_cloudmask/dataset_cropped/10_Metas/30/11/20191030113300_00160.png,371,82.5,318.8,22.7,966
10/30/2019 11:34,datasets/dataset_cropped/10_Metas/30/11/20191030113400_00160.jpg,datasets_flow/dataset_cropped/10_Metas/30/11/20191030113400_00160.jpg,datasets_cloudmask/dataset_cropped/10_Metas/30/11/20191030113400_00160.png,435.3,195.5,316.3,22.6,966
10/30/2019 11:35,datasets/dataset_cropped/10_Metas/30/11/20191030113500_00160.jpg,datasets_flow/dataset_cropped/10_Metas/30/11/20191030113500_00160.jpg,datasets_cloudmask/dataset_cropped/10_Metas/30/11/20191030113500_00160.png,405.4,160.4,308.5,22.6,966
10/30/2019 11:36,datasets/dataset_cropped/10_Metas/30/11/20191030113600_00160.jpg,datasets_flow/dataset_cropped/10_Metas/30/11/20191030113600_00160.jpg,datasets_cloudmask/dataset_cropped/10_Metas/30/11/20191030113600_00160.png,354.7,94,296.7,22.7,966
10/30/2019 11:37,datasets/dataset_cropped/10_Metas/30/11/20191030113700_00160.jpg,datasets_flow/dataset_cropped/10_Metas/30/11/20191030113700_00160.jpg,datasets_cloudmask/dataset_cropped/10_Metas/30/11/20191030113700_00160.png,346,96.8,285.9,22.6,966
10/30/2019 11:38,datasets/dataset_cropped/10_Metas/30/11/20191030113800_00160.jpg,datasets_flow/dataset_cropped/10_Metas/30/11/20191030113800_00160.jpg,datasets_cloudmask/dataset_cropped/10_Metas/30/11/20191030113800_00160.png,370.6,148,279.2,22.6,966
10/30/2019 11:39,datasets/dataset_cropped/10_Metas/30/11/20191030113900_00160.jpg,datasets_flow/dataset_cropped/10_Metas/30/11/20191030113900_00160.jpg,datasets_cloudmask/dataset_cropped/10_Metas/30/11/20191030113900_00160.png,388.5,184.8,274.6,22.8,966
10/30/2019 11:40,datasets/dataset_cropped/10_Metas/30/11/20191030114000_00160.jpg,datasets_flow/dataset_cropped/10_Metas/30/11/20191030114000_00160.jpg,datasets_cloudmask/dataset_cropped/10_Metas/30/11/20191030114000_00160.png,394.4,201.9,269.6,22.7,966
10/30/2019 11:41,datasets/dataset_cropped/10_Metas/30/11/20191030114100_00160.jpg,datasets_flow/dataset_cropped/10_Metas/30/11/20191030114100_00160.jpg,datasets_cloudmask/dataset_cropped/10_Metas/30/11/20191030114100_00160.png,537.7,452,263.7,22.7,966
10/30/2019 11:42,datasets/dataset_cropped/10_Metas/30/11/20191030114200_00160.jpg,datasets_flow/dataset_cropped/10_Metas/30/11/20191030114200_00160.jpg,datasets_cloudmask/dataset_cropped/10_Metas/30/11/20191030114200_00160.png,542.2,478.9,253.1,22.7,966
10/30/2019 11:43,datasets/dataset_cropped/10_Metas/30/11/20191030114300_00160.jpg,datasets_flow/dataset_cropped/10_Metas/30/11/20191030114300_00160.jpg,datasets_cloudmask/dataset_cropped/10_Metas/30/11/20191030114300_00160.png,674.4,723.3,240.8,22.9,966
10/30/2019 11:44,datasets/dataset_cropped/10_Metas/30/11/20191030114400_00160.jpg,datasets_flow/dataset_cropped/10_Metas/30/11/20191030114400_00160.jpg,datasets_cloudmask/dataset_cropped/10_Metas/30/11/20191030114400_00160.png,708.2,809,224.3,23,966
10/30/2019 11:45,datasets/dataset_cropped/10_Metas/30/11/20191030114500_00160.jpg,datasets_flow/dataset_cropped/10_Metas/30/11/20191030114500_00160.jpg,datasets_cloudmask/dataset_cropped/10_Metas/30/11/20191030114500_00160.png,712.3,841,209.4,23.2,966
10/30/2019 11:46,datasets/dataset_cropped/10_Metas/30/11/20191030114600_00160.jpg,datasets_flow/dataset_cropped/10_Metas/30/11/20191030114600_00160.jpg,datasets_cloudmask/dataset_cropped/10_Metas/30/11/20191030114600_00160.png,700.7,842,196.8,23.5,966
10/30/2019 11:47,datasets/dataset_cropped/10_Metas/30/11/20191030114700_00160.jpg,datasets_flow/dataset_cropped/10_Metas/30/11/20191030114700_00160.jpg,datasets_cloudmask/dataset_cropped/10_Metas/30/11/20191030114700_00160.png,690.9,842,186.1,23.5,966
10/30/2019 11:48,datasets/dataset_cropped/10_Metas/30/11/20191030114800_00160.jpg,datasets_flow/dataset_cropped/10_Metas/30/11/20191030114800_00160.jpg,datasets_cloudmask/dataset_cropped/10_Metas/30/11/20191030114800_00160.png,678.6,836,176.8,23.6,966
10/30/2019 11:49,datasets/dataset_cropped/10_Metas/30/11/20191030114900_00160.jpg,datasets_flow/dataset_cropped/10_Metas/30/11/20191030114900_00160.jpg,datasets_cloudmask/dataset_cropped/10_Metas/30/11/20191030114900_00160.png,652.4,808,167,23.6,966
10/30/2019 11:50,datasets/dataset_cropped/10_Metas/30/11/20191030115000_00160.jpg,datasets_flow/dataset_cropped/10_Metas/30/11/20191030115000_00160.jpg,datasets_cloudmask/dataset_cropped/10_Metas/30/11/20191030115000_00160.png,660.5,834,158.3,23.9,966
10/30/2019 11:51,datasets/dataset_cropped/10_Metas/30/11/20191030115100_00160.jpg,datasets_flow/dataset_cropped/10_Metas/30/11/20191030115100_00160.jpg,datasets_cloudmask/dataset_cropped/10_Metas/30/11/20191030115100_00160.png,656.9,842,148.7,24,966
10/30/2019 11:52,datasets/dataset_cropped/10_Metas/30/11/20191030115200_00160.jpg,datasets_flow/dataset_cropped/10_Metas/30/11/20191030115200_00160.jpg,datasets_cloudmask/dataset_cropped/10_Metas/30/11/20191030115200_00160.png,649.1,841,140.5,23.8,966
10/30/2019 11:53,datasets/dataset_cropped/10_Metas/30/11/20191030115300_00160.jpg,datasets_flow/dataset_cropped/10_Metas/30/11/20191030115300_00160.jpg,datasets_cloudmask/dataset_cropped/10_Metas/30/11/20191030115300_00160.png,644.1,842,133.9,23.8,966
10/30/2019 11:54,datasets/dataset_cropped/10_Metas/30/11/20191030115400_00160.jpg,datasets_flow/dataset_cropped/10_Metas/30/11/20191030115400_00160.jpg,datasets_cloudmask/dataset_cropped/10_Metas/30/11/20191030115400_00160.png,640.7,844,128.8,23.6,966
10/30/2019 11:55,datasets/dataset_cropped/10_Metas/30/11/20191030115500_00160.jpg,datasets_flow/dataset_cropped/10_Metas/30/11/20191030115500_00160.jpg,datasets_cloudmask/dataset_cropped/10_Metas/30/11/20191030115500_00160.png,638.9,847,124.6,23.6,965
10/30/2019 11:56,datasets/dataset_cropped/10_Metas/30/11/20191030115600_00160.jpg,datasets_flow/dataset_cropped/10_Metas/30/11/20191030115600_00160.jpg,datasets_cloudmask/dataset_cropped/10_Metas/30/11/20191030115600_00160.png,638.4,852,120.5,23.6,965
10/30/2019 11:57,datasets/dataset_cropped/10_Metas/30/11/20191030115700_00160.jpg,datasets_flow/dataset_cropped/10_Metas/30/11/20191030115700_00160.jpg,datasets_cloudmask/dataset_cropped/10_Metas/30/11/20191030115700_00160.png,636.6,854,117.1,23.8,965
10/30/2019 11:58,datasets/dataset_cropped/10_Metas/30/11/20191030115800_00160.jpg,datasets_flow/dataset_cropped/10_Metas/30/11/20191030115800_00160.jpg,datasets_cloudmask/dataset_cropped/10_Metas/30/11/20191030115800_00160.png,636.2,856,115,24,965
10/30/2019 11:59,datasets/dataset_cropped/10_Metas/30/11/20191030115900_00160.jpg,datasets_flow/dataset_cropped/10_Metas/30/11/20191030115900_00160.jpg,datasets_cloudmask/dataset_cropped/10_Metas/30/11/20191030115900_00160.png,637.5,856,114.6,24.1,966
10/30/2019 12:00,datasets/dataset_cropped/10_Metas/30/12/20191030120000_00160.jpg,datasets_flow/dataset_cropped/10_Metas/30/12/20191030120000_00160.jpg,datasets_cloudmask/dataset_cropped/10_Metas/30/12/20191030120000_00160.png,641.8,859,115.7,23.8,965
10/30/2019 12:01,datasets/dataset_cropped/10_Metas/30/12/20191030120100_00160.jpg,datasets_flow/dataset_cropped/10_Metas/30/12/20191030120100_00160.jpg,datasets_cloudmask/dataset_cropped/10_Metas/30/12/20191030120100_00160.png,644,862,115.2,23.8,966
10/30/2019 12:02,datasets/dataset_cropped/10_Metas/30/12/20191030120200_00160.jpg,datasets_flow/dataset_cropped/10_Metas/30/12/20191030120200_00160.jpg,datasets_cloudmask/dataset_cropped/10_Metas/30/12/20191030120200_00160.png,643.8,864,113.2,23.6,965
10/30/2019 12:03,datasets/dataset_cropped/10_Metas/30/12/20191030120300_00160.jpg,datasets_flow/dataset_cropped/10_Metas/30/12/20191030120300_00160.jpg,datasets_cloudmask/dataset_cropped/10_Metas/30/12/20191030120300_00160.png,642,864,110.6,23.7,965
10/30/2019 12:04,datasets/dataset_cropped/10_Metas/30/12/20191030120400_00160.jpg,datasets_flow/dataset_cropped/10_Metas/30/12/20191030120400_00160.jpg,datasets_cloudmask/dataset_cropped/10_Metas/30/12/20191030120400_00160.png,639.7,863,108.2,23.6,965
10/30/2019 12:05,datasets/dataset_cropped/10_Metas/30/12/20191030120500_00160.jpg,datasets_flow/dataset_cropped/10_Metas/30/12/20191030120500_00160.jpg,datasets_cloudmask/dataset_cropped/10_Metas/30/12/20191030120500_00160.png,638.6,863,106.4,23.5,965
10/30/2019 12:06,datasets/dataset_cropped/10_Metas/30/12/20191030120600_00160.jpg,datasets_flow/dataset_cropped/10_Metas/30/12/20191030120600_00160.jpg,datasets_cloudmask/dataset_cropped/10_Metas/30/12/20191030120600_00160.png,637.4,863,104.9,23.7,966
10/30/2019 12:07,datasets/dataset_cropped/10_Metas/30/12/20191030120700_00160.jpg,datasets_flow/dataset_cropped/10_Metas/30/12/20191030120700_00160.jpg,datasets_cloudmask/dataset_cropped/10_Metas/30/12/20191030120700_00160.png,638.1,864,104,23.7,965
10/30/2019 12:08,datasets/dataset_cropped/10_Metas/30/12/20191030120800_00160.jpg,datasets_flow/dataset_cropped/10_Metas/30/12/20191030120800_00160.jpg,datasets_cloudmask/dataset_cropped/10_Metas/30/12/20191030120800_00160.png,639.1,866,103.3,23.6,965
10/30/2019 12:09,datasets/dataset_cropped/10_Metas/30/12/20191030120900_00160.jpg,datasets_flow/dataset_cropped/10_Metas/30/12/20191030120900_00160.jpg,datasets_cloudmask/dataset_cropped/10_Metas/30/12/20191030120900_00160.png,639.4,867,102.7,23.8,965
10/30/2019 12:10,datasets/dataset_cropped/10_Metas/30/12/20191030121000_00160.jpg,datasets_flow/dataset_cropped/10_Metas/30/12/20191030121000_00160.jpg,datasets_cloudmask/dataset_cropped/10_Metas/30/12/20191030121000_00160.png,639.6,867,102.4,23.9,965
10/30/2019 12:11,datasets/dataset_cropped/10_Metas/30/12/20191030121100_00160.jpg,datasets_flow/dataset_cropped/10_Metas/30/12/20191030121100_00160.jpg,datasets_cloudmask/dataset_cropped/10_Metas/30/12/20191030121100_00160.png,640.4,868,101.8,23.9,965
10/30/2019 12:12,datasets/dataset_cropped/10_Metas/30/12/20191030121200_00160.jpg,datasets_flow/dataset_cropped/10_Metas/30/12/20191030121200_00160.jpg,datasets_cloudmask/dataset_cropped/10_Metas/30/12/20191030121200_00160.png,642.3,872,101.3,23.7,965
10/30/2019 12:13,datasets/dataset_cropped/10_Metas/30/12/20191030121300_00160.jpg,datasets_flow/dataset_cropped/10_Metas/30/12/20191030121300_00160.jpg,datasets_cloudmask/dataset_cropped/10_Metas/30/12/20191030121300_00160.png,642,871,100.6,23.7,965
10/30/2019 12:14,datasets/dataset_cropped/10_Metas/30/12/20191030121400_00160.jpg,datasets_flow/dataset_cropped/10_Metas/30/12/20191030121400_00160.jpg,datasets_cloudmask/dataset_cropped/10_Metas/30/12/20191030121400_00160.png,642.9,873,99.9,23.8,965
10/30/2019 12:15,datasets/dataset_cropped/10_Metas/30/12/20191030121500_00160.jpg,datasets_flow/dataset_cropped/10_Metas/30/12/20191030121500_00160.jpg,datasets_cloudmask/dataset_cropped/10_Metas/30/12/20191030121500_00160.png,642.8,873,99.3,23.7,965
10/30/2019 12:16,datasets/dataset_cropped/10_Metas/30/12/20191030121600_00160.jpg,datasets_flow/dataset_cropped/10_Metas/30/12/20191030121600_00160.jpg,datasets_cloudmask/dataset_cropped/10_Metas/30/12/20191030121600_00160.png,642.9,873,98.6,23.6,965
10/30/2019 12:17,datasets/dataset_cropped/10_Metas/30/12/20191030121700_00160.jpg,datasets_flow/dataset_cropped/10_Metas/30/12/20191030121700_00160.jpg,datasets_cloudmask/dataset_cropped/10_Metas/30/12/20191030121700_00160.png,643.3,873,98.1,23.5,965
10/30/2019 12:18,datasets/dataset_cropped/10_Metas/30/12/20191030121800_00160.jpg,datasets_flow/dataset_cropped/10_Metas/30/12/20191030121800_00160.jpg,datasets_cloudmask/dataset_cropped/10_Metas/30/12/20191030121800_00160.png,643.8,874,97.7,23.6,965
10/30/2019 12:19,datasets/dataset_cropped/10_Metas/30/12/20191030121900_00160.jpg,datasets_flow/dataset_cropped/10_Metas/30/12/20191030121900_00160.jpg,datasets_cloudmask/dataset_cropped/10_Metas/30/12/20191030121900_00160.png,644.6,876,97.4,23.8,965
10/30/2019 12:20,datasets/dataset_cropped/10_Metas/30/12/20191030122000_00160.jpg,datasets_flow/dataset_cropped/10_Metas/30/12/20191030122000_00160.jpg,datasets_cloudmask/dataset_cropped/10_Metas/30/12/20191030122000_00160.png,644.9,876,97.1,24,965
10/30/2019 12:21,datasets/dataset_cropped/10_Metas/30/12/20191030122100_00160.jpg,datasets_flow/dataset_cropped/10_Metas/30/12/20191030122100_00160.jpg,datasets_cloudmask/dataset_cropped/10_Metas/30/12/20191030122100_00160.png,644.4,875,97.2,23.9,965
10/30/2019 12:22,datasets/dataset_cropped/10_Metas/30/12/20191030122200_00160.jpg,datasets_flow/dataset_cropped/10_Metas/30/12/20191030122200_00160.jpg,datasets_cloudmask/dataset_cropped/10_Metas/30/12/20191030122200_00160.png,645,875,97.7,23.8,965
10/30/2019 12:23,datasets/dataset_cropped/10_Metas/30/12/20191030122300_00160.jpg,datasets_flow/dataset_cropped/10_Metas/30/12/20191030122300_00160.jpg,datasets_cloudmask/dataset_cropped/10_Metas/30/12/20191030122300_00160.png,645.8,876,98.1,24,965
10/30/2019 12:24,datasets/dataset_cropped/10_Metas/30/12/20191030122400_00160.jpg,datasets_flow/dataset_cropped/10_Metas/30/12/20191030122400_00160.jpg,datasets_cloudmask/dataset_cropped/10_Metas/30/12/20191030122400_00160.png,646,877,97.9,24.1,965
10/30/2019 12:25,datasets/dataset_cropped/10_Metas/30/12/20191030122500_00160.jpg,datasets_flow/dataset_cropped/10_Metas/30/12/20191030122500_00160.jpg,datasets_cloudmask/dataset_cropped/10_Metas/30/12/20191030122500_00160.png,646.7,876,98,24.1,965
10/30/2019 12:26,datasets/dataset_cropped/10_Metas/30/12/20191030122600_00160.jpg,datasets_flow/dataset_cropped/10_Metas/30/12/20191030122600_00160.jpg,datasets_cloudmask/dataset_cropped/10_Metas/30/12/20191030122600_00160.png,646.5,874,98.4,24.1,965
10/30/2019 12:27,datasets/dataset_cropped/10_Metas/30/12/20191030122700_00160.jpg,datasets_flow/dataset_cropped/10_Metas/30/12/20191030122700_00160.jpg,datasets_cloudmask/dataset_cropped/10_Metas/30/12/20191030122700_00160.png,647.5,873,99.3,24.1,965
10/30/2019 12:28,datasets/dataset_cropped/10_Metas/30/12/20191030122800_00160.jpg,datasets_flow/dataset_cropped/10_Metas/30/12/20191030122800_00160.jpg,datasets_cloudmask/dataset_cropped/10_Metas/30/12/20191030122800_00160.png,647.3,871,100.7,24,965
10/30/2019 12:29,datasets/dataset_cropped/10_Metas/30/12/20191030122900_00160.jpg,datasets_flow/dataset_cropped/10_Metas/30/12/20191030122900_00160.jpg,datasets_cloudmask/dataset_cropped/10_Metas/30/12/20191030122900_00160.png,647.9,872,101.2,24.1,965
10/30/2019 12:30,datasets/dataset_cropped/10_Metas/30/12/20191030123000_00160.jpg,datasets_flow/dataset_cropped/10_Metas/30/12/20191030123000_00160.jpg,datasets_cloudmask/dataset_cropped/10_Metas/30/12/20191030123000_00160.png,647.5,870,101.8,24.4,965
10/30/2019 12:31,datasets/dataset_cropped/10_Metas/30/12/20191030123100_00160.jpg,datasets_flow/dataset_cropped/10_Metas/30/12/20191030123100_00160.jpg,datasets_cloudmask/dataset_cropped/10_Metas/30/12/20191030123100_00160.png,646,866,102.4,24.3,965
10/30/2019 12:32,datasets/dataset_cropped/10_Metas/30/12/20191030123200_00160.jpg,datasets_flow/dataset_cropped/10_Metas/30/12/20191030123200_00160.jpg,datasets_cloudmask/dataset_cropped/10_Metas/30/12/20191030123200_00160.png,646.6,865,103.1,24,965
10/30/2019 12:33,datasets/dataset_cropped/10_Metas/30/12/20191030123300_00160.jpg,datasets_flow/dataset_cropped/10_Metas/30/12/20191030123300_00160.jpg,datasets_cloudmask/dataset_cropped/10_Metas/30/12/20191030123300_00160.png,648.7,866,103.4,23.8,965
10/30/2019 12:34,datasets/dataset_cropped/10_Metas/30/12/20191030123400_00160.jpg,datasets_flow/dataset_cropped/10_Metas/30/12/20191030123400_00160.jpg,datasets_cloudmask/dataset_cropped/10_Metas/30/12/20191030123400_00160.png,649.5,866,103.7,23.5,965
10/30/2019 12:35,datasets/dataset_cropped/10_Metas/30/12/20191030123500_00160.jpg,datasets_flow/dataset_cropped/10_Metas/30/12/20191030123500_00160.jpg,datasets_cloudmask/dataset_cropped/10_Metas/30/12/20191030123500_00160.png,651.8,867,104.5,23.5,965
10/30/2019 12:36,datasets/dataset_cropped/10_Metas/30/12/20191030123600_00160.jpg,datasets_flow/dataset_cropped/10_Metas/30/12/20191030123600_00160.jpg,datasets_cloudmask/dataset_cropped/10_Metas/30/12/20191030123600_00160.png,651.9,866,105.4,23.6,965
10/30/2019 12:37,datasets/dataset_cropped/10_Metas/30/12/20191030123700_00160.jpg,datasets_flow/dataset_cropped/10_Metas/30/12/20191030123700_00160.jpg,datasets_cloudmask/dataset_cropped/10_Metas/30/12/20191030123700_00160.png,650.6,863,106.1,23.8,965
10/30/2019 12:38,datasets/dataset_cropped/10_Metas/30/12/20191030123800_00160.jpg,datasets_flow/dataset_cropped/10_Metas/30/12/20191030123800_00160.jpg,datasets_cloudmask/dataset_cropped/10_Metas/30/12/20191030123800_00160.png,651.4,864,106.8,23.7,965
10/30/2019 12:39,datasets/dataset_cropped/10_Metas/30/12/20191030123900_00160.jpg,datasets_flow/dataset_cropped/10_Metas/30/12/20191030123900_00160.jpg,datasets_cloudmask/dataset_cropped/10_Metas/30/12/20191030123900_00160.png,644.6,853,106.8,23.7,965
10/30/2019 12:40,datasets/dataset_cropped/10_Metas/30/12/20191030124000_00160.jpg,datasets_flow/dataset_cropped/10_Metas/30/12/20191030124000_00160.jpg,datasets_cloudmask/dataset_cropped/10_Metas/30/12/20191030124000_00160.png,643.2,849,107.1,23.9,965
10/30/2019 12:41,datasets/dataset_cropped/10_Metas/30/12/20191030124100_00160.jpg,datasets_flow/dataset_cropped/10_Metas/30/12/20191030124100_00160.jpg,datasets_cloudmask/dataset_cropped/10_Metas/30/12/20191030124100_00160.png,648.6,857,107.3,24.1,965
10/30/2019 12:42,datasets/dataset_cropped/10_Metas/30/12/20191030124200_00160.jpg,datasets_flow/dataset_cropped/10_Metas/30/12/20191030124200_00160.jpg,datasets_cloudmask/dataset_cropped/10_Metas/30/12/20191030124200_00160.png,651,859,107.7,24.1,965
10/30/2019 12:43,datasets/dataset_cropped/10_Metas/30/12/20191030124300_00160.jpg,datasets_flow/dataset_cropped/10_Metas/30/12/20191030124300_00160.jpg,datasets_cloudmask/dataset_cropped/10_Metas/30/12/20191030124300_00160.png,654.2,862,109,23.9,965
10/30/2019 12:44,datasets/dataset_cropped/10_Metas/30/12/20191030124400_00160.jpg,datasets_flow/dataset_cropped/10_Metas/30/12/20191030124400_00160.jpg,datasets_cloudmask/dataset_cropped/10_Metas/30/12/20191030124400_00160.png,658.4,864,111.3,23.8,965
10/30/2019 12:45,datasets/dataset_cropped/10_Metas/30/12/20191030124500_00160.jpg,datasets_flow/dataset_cropped/10_Metas/30/12/20191030124500_00160.jpg,datasets_cloudmask/dataset_cropped/10_Metas/30/12/20191030124500_00160.png,657.7,857,114.6,23.8,965
10/30/2019 12:46,datasets/dataset_cropped/10_Metas/30/12/20191030124600_00160.jpg,datasets_flow/dataset_cropped/10_Metas/30/12/20191030124600_00160.jpg,datasets_cloudmask/dataset_cropped/10_Metas/30/12/20191030124600_00160.png,657.4,851,118,23.7,965
10/30/2019 12:47,datasets/dataset_cropped/10_Metas/30/12/20191030124700_00160.jpg,datasets_flow/dataset_cropped/10_Metas/30/12/20191030124700_00160.jpg,datasets_cloudmask/dataset_cropped/10_Metas/30/12/20191030124700_00160.png,665.1,855,123,23.7,965
10/30/2019 12:48,datasets/dataset_cropped/10_Metas/30/12/20191030124800_00160.jpg,datasets_flow/dataset_cropped/10_Metas/30/12/20191030124800_00160.jpg,datasets_cloudmask/dataset_cropped/10_Metas/30/12/20191030124800_00160.png,657.8,838,126.1,23.8,965
10/30/2019 12:49,datasets/dataset_cropped/10_Metas/30/12/20191030124900_00160.jpg,datasets_flow/dataset_cropped/10_Metas/30/12/20191030124900_00160.jpg,datasets_cloudmask/dataset_cropped/10_Metas/30/12/20191030124900_00160.png,635,809,121.4,23.9,965
10/30/2019 12:50,datasets/dataset_cropped/10_Metas/30/12/20191030125000_00160.jpg,datasets_flow/dataset_cropped/10_Metas/30/12/20191030125000_00160.jpg,datasets_cloudmask/dataset_cropped/10_Metas/30/12/20191030125000_00160.png,653.8,848,116.2,23.8,965
10/30/2019 12:51,datasets/dataset_cropped/10_Metas/30/12/20191030125100_00160.jpg,datasets_flow/dataset_cropped/10_Metas/30/12/20191030125100_00160.jpg,datasets_cloudmask/dataset_cropped/10_Metas/30/12/20191030125100_00160.png,653.6,852,113.3,23.8,965
10/30/2019 12:52,datasets/dataset_cropped/10_Metas/30/12/20191030125200_00160.jpg,datasets_flow/dataset_cropped/10_Metas/30/12/20191030125200_00160.jpg,datasets_cloudmask/dataset_cropped/10_Metas/30/12/20191030125200_00160.png,657.5,860,111.8,23.9,965
10/30/2019 12:53,datasets/dataset_cropped/10_Metas/30/12/20191030125300_00160.jpg,datasets_flow/dataset_cropped/10_Metas/30/12/20191030125300_00160.jpg,datasets_cloudmask/dataset_cropped/10_Metas/30/12/20191030125300_00160.png,662.7,868,111.8,24.1,965
10/30/2019 12:54,datasets/dataset_cropped/10_Metas/30/12/20191030125400_00160.jpg,datasets_flow/dataset_cropped/10_Metas/30/12/20191030125400_00160.jpg,datasets_cloudmask/dataset_cropped/10_Metas/30/12/20191030125400_00160.png,664.9,870,113,24.2,965
10/30/2019 12:55,datasets/dataset_cropped/10_Metas/30/12/20191030125500_00160.jpg,datasets_flow/dataset_cropped/10_Metas/30/12/20191030125500_00160.jpg,datasets_cloudmask/dataset_cropped/10_Metas/30/12/20191030125500_00160.png,662.7,867,113.2,24.3,965
10/30/2019 12:56,datasets/dataset_cropped/10_Metas/30/12/20191030125600_00160.jpg,datasets_flow/dataset_cropped/10_Metas/30/12/20191030125600_00160.jpg,datasets_cloudmask/dataset_cropped/10_Metas/30/12/20191030125600_00160.png,659.8,864,112.4,24.6,965
10/30/2019 12:57,datasets/dataset_cropped/10_Metas/30/12/20191030125700_00160.jpg,datasets_flow/dataset_cropped/10_Metas/30/12/20191030125700_00160.jpg,datasets_cloudmask/dataset_cropped/10_Metas/30/12/20191030125700_00160.png,656.2,860,111.4,24.5,965
10/30/2019 12:58,datasets/dataset_cropped/10_Metas/30/12/20191030125800_00160.jpg,datasets_flow/dataset_cropped/10_Metas/30/12/20191030125800_00160.jpg,datasets_cloudmask/dataset_cropped/10_Metas/30/12/20191030125800_00160.png,653.8,858,110.2,24.5,965
10/30/2019 12:59,datasets/dataset_cropped/10_Metas/30/12/20191030125900_00160.jpg,datasets_flow/dataset_cropped/10_Metas/30/12/20191030125900_00160.jpg,datasets_cloudmask/dataset_cropped/10_Metas/30/12/20191030125900_00160.png,651.3,856,109,24.4,965
10/30/2019 13:00,datasets/dataset_cropped/10_Metas/30/13/20191030130000_00160.jpg,datasets_flow/dataset_cropped/10_Metas/30/13/20191030130000_00160.jpg,datasets_cloudmask/dataset_cropped/10_Metas/30/13/20191030130000_00160.png,649.4,854,108.4,24.2,965
10/30/2019 13:01,datasets/dataset_cropped/10_Metas/30/13/20191030130100_00160.jpg,datasets_flow/dataset_cropped/10_Metas/30/13/20191030130100_00160.jpg,datasets_cloudmask/dataset_cropped/10_Metas/30/13/20191030130100_00160.png,651.2,857,108.3,24.3,965
10/30/2019 13:02,datasets/dataset_cropped/10_Metas/30/13/20191030130200_00160.jpg,datasets_flow/dataset_cropped/10_Metas/30/13/20191030130200_00160.jpg,datasets_cloudmask/dataset_cropped/10_Metas/30/13/20191030130200_00160.png,653.6,861,108.4,24.3,965
10/30/2019 13:03,datasets/dataset_cropped/10_Metas/30/13/20191030130300_00160.jpg,datasets_flow/dataset_cropped/10_Metas/30/13/20191030130300_00160.jpg,datasets_cloudmask/dataset_cropped/10_Metas/30/13/20191030130300_00160.png,655.7,865,108.6,24.4,965
10/30/2019 13:04,datasets/dataset_cropped/10_Metas/30/13/20191030130400_00160.jpg,datasets_flow/dataset_cropped/10_Metas/30/13/20191030130400_00160.jpg,datasets_cloudmask/dataset_cropped/10_Metas/30/13/20191030130400_00160.png,655.4,865,108.9,24.4,965
10/30/2019 13:05,datasets/dataset_cropped/10_Metas/30/13/20191030130500_00160.jpg,datasets_flow/dataset_cropped/10_Metas/30/13/20191030130500_00160.jpg,datasets_cloudmask/dataset_cropped/10_Metas/30/13/20191030130500_00160.png,654,862,109.2,24.5,965
10/30/2019 13:06,datasets/dataset_cropped/10_Metas/30/13/20191030130600_00160.jpg,datasets_flow/dataset_cropped/10_Metas/30/13/20191030130600_00160.jpg,datasets_cloudmask/dataset_cropped/10_Metas/30/13/20191030130600_00160.png,653.1,859,109.8,24.6,965
10/30/2019 13:07,datasets/dataset_cropped/10_Metas/30/13/20191030130700_00160.jpg,datasets_flow/dataset_cropped/10_Metas/30/13/20191030130700_00160.jpg,datasets_cloudmask/dataset_cropped/10_Metas/30/13/20191030130700_00160.png,654.6,861,110.6,24.5,965
10/30/2019 13:08,datasets/dataset_cropped/10_Metas/30/13/20191030130800_00160.jpg,datasets_flow/dataset_cropped/10_Metas/30/13/20191030130800_00160.jpg,datasets_cloudmask/dataset_cropped/10_Metas/30/13/20191030130800_00160.png,653,858,111.1,24.5,965
10/30/2019 13:09,datasets/dataset_cropped/10_Metas/30/13/20191030130900_00160.jpg,datasets_flow/dataset_cropped/10_Metas/30/13/20191030130900_00160.jpg,datasets_cloudmask/dataset_cropped/10_Metas/30/13/20191030130900_00160.png,653.3,858,111.7,24.4,965
10/30/2019 13:10,datasets/dataset_cropped/10_Metas/30/13/20191030131000_00160.jpg,datasets_flow/dataset_cropped/10_Metas/30/13/20191030131000_00160.jpg,datasets_cloudmask/dataset_cropped/10_Metas/30/13/20191030131000_00160.png,652.7,857,112.2,24.6,965
10/30/2019 13:11,datasets/dataset_cropped/10_Metas/30/13/20191030131100_00160.jpg,datasets_flow/dataset_cropped/10_Metas/30/13/20191030131100_00160.jpg,datasets_cloudmask/dataset_cropped/10_Metas/30/13/20191030131100_00160.png,652,854,113,24.5,965
10/30/2019 13:12,datasets/dataset_cropped/10_Metas/30/13/20191030131200_00160.jpg,datasets_flow/dataset_cropped/10_Metas/30/13/20191030131200_00160.jpg,datasets_cloudmask/dataset_cropped/10_Metas/30/13/20191030131200_00160.png,652,853,113.9,24.5,965
10/30/2019 13:13,datasets/dataset_cropped/10_Metas/30/13/20191030131300_00160.jpg,datasets_flow/dataset_cropped/10_Metas/30/13/20191030131300_00160.jpg,datasets_cloudmask/dataset_cropped/10_Metas/30/13/20191030131300_00160.png,651.7,851,114.9,24.4,965
10/30/2019 13:14,datasets/dataset_cropped/10_Metas/30/13/20191030131400_00160.jpg,datasets_flow/dataset_cropped/10_Metas/30/13/20191030131400_00160.jpg,datasets_cloudmask/dataset_cropped/10_Metas/30/13/20191030131400_00160.png,645.2,840,116,24.5,965
10/30/2019 13:15,datasets/dataset_cropped/10_Metas/30/13/20191030131500_00160.jpg,datasets_flow/dataset_cropped/10_Metas/30/13/20191030131500_00160.jpg,datasets_cloudmask/dataset_cropped/10_Metas/30/13/20191030131500_00160.png,642,833,117,24.6,965
10/30/2019 13:16,datasets/dataset_cropped/10_Metas/30/13/20191030131600_00160.jpg,datasets_flow/dataset_cropped/10_Metas/30/13/20191030131600_00160.jpg,datasets_cloudmask/dataset_cropped/10_Metas/30/13/20191030131600_00160.png,642.9,833,118.1,24.7,965
10/30/2019 13:17,datasets/dataset_cropped/10_Metas/30/13/20191030131700_00160.jpg,datasets_flow/dataset_cropped/10_Metas/30/13/20191030131700_00160.jpg,datasets_cloudmask/dataset_cropped/10_Metas/30/13/20191030131700_00160.png,646.5,838,119,24.7,964
10/30/2019 13:18,datasets/dataset_cropped/10_Metas/30/13/20191030131800_00160.jpg,datasets_flow/dataset_cropped/10_Metas/30/13/20191030131800_00160.jpg,datasets_cloudmask/dataset_cropped/10_Metas/30/13/20191030131800_00160.png,651.5,845,120.7,24.4,965
10/30/2019 13:19,datasets/dataset_cropped/10_Metas/30/13/20191030131900_00160.jpg,datasets_flow/dataset_cropped/10_Metas/30/13/20191030131900_00160.jpg,datasets_cloudmask/dataset_cropped/10_Metas/30/13/20191030131900_00160.png,654.5,846,123.6,24.5,965
10/30/2019 13:20,datasets/dataset_cropped/10_Metas/30/13/20191030132000_00160.jpg,datasets_flow/dataset_cropped/10_Metas/30/13/20191030132000_00160.jpg,datasets_cloudmask/dataset_cropped/10_Metas/30/13/20191030132000_00160.png,655.7,842,127.2,24.6,965
10/30/2019 13:21,datasets/dataset_cropped/10_Metas/30/13/20191030132100_00160.jpg,datasets_flow/dataset_cropped/10_Metas/30/13/20191030132100_00160.jpg,datasets_cloudmask/dataset_cropped/10_Metas/30/13/20191030132100_00160.png,657.8,836,133.3,24.7,965
10/30/2019 13:22,datasets/dataset_cropped/10_Metas/30/13/20191030132200_00160.jpg,datasets_flow/dataset_cropped/10_Metas/30/13/20191030132200_00160.jpg,datasets_cloudmask/dataset_cropped/10_Metas/30/13/20191030132200_00160.png,657.1,825,139.5,24.9,964
10/30/2019 13:23,datasets/dataset_cropped/10_Metas/30/13/20191030132300_00160.jpg,datasets_flow/dataset_cropped/10_Metas/30/13/20191030132300_00160.jpg,datasets_cloudmask/dataset_cropped/10_Metas/30/13/20191030132300_00160.png,660.2,828,141.2,25.2,964
10/30/2019 13:24,datasets/dataset_cropped/10_Metas/30/13/20191030132400_00160.jpg,datasets_flow/dataset_cropped/10_Metas/30/13/20191030132400_00160.jpg,datasets_cloudmask/dataset_cropped/10_Metas/30/13/20191030132400_00160.png,666.5,839,141.7,25.2,964
10/30/2019 13:25,datasets/dataset_cropped/10_Metas/30/13/20191030132500_00160.jpg,datasets_flow/dataset_cropped/10_Metas/30/13/20191030132500_00160.jpg,datasets_cloudmask/dataset_cropped/10_Metas/30/13/20191030132500_00160.png,673.6,842,147.5,24.9,964
10/30/2019 13:26,datasets/dataset_cropped/10_Metas/30/13/20191030132600_00160.jpg,datasets_flow/dataset_cropped/10_Metas/30/13/20191030132600_00160.jpg,datasets_cloudmask/dataset_cropped/10_Metas/30/13/20191030132600_00160.png,676.9,837,153.2,24.8,964
10/30/2019 13:27,datasets/dataset_cropped/10_Metas/30/13/20191030132700_00160.jpg,datasets_flow/dataset_cropped/10_Metas/30/13/20191030132700_00160.jpg,datasets_cloudmask/dataset_cropped/10_Metas/30/13/20191030132700_00160.png,675.3,830,155.9,24.8,964
10/30/2019 13:28,datasets/dataset_cropped/10_Metas/30/13/20191030132800_00160.jpg,datasets_flow/dataset_cropped/10_Metas/30/13/20191030132800_00160.jpg,datasets_cloudmask/dataset_cropped/10_Metas/30/13/20191030132800_00160.png,674,827,157.7,24.9,965
10/30/2019 13:29,datasets/dataset_cropped/10_Metas/30/13/20191030132900_00160.jpg,datasets_flow/dataset_cropped/10_Metas/30/13/20191030132900_00160.jpg,datasets_cloudmask/dataset_cropped/10_Metas/30/13/20191030132900_00160.png,674.4,822,162.1,25,965
10/30/2019 13:30,datasets/dataset_cropped/10_Metas/30/13/20191030133000_00160.jpg,datasets_flow/dataset_cropped/10_Metas/30/13/20191030133000_00160.jpg,datasets_cloudmask/dataset_cropped/10_Metas/30/13/20191030133000_00160.png,659.5,790.1,166.9,24.8,965
10/30/2019 13:31,datasets/dataset_cropped/10_Metas/30/13/20191030133100_00160.jpg,datasets_flow/dataset_cropped/10_Metas/30/13/20191030133100_00160.jpg,datasets_cloudmask/dataset_cropped/10_Metas/30/13/20191030133100_00160.png,680.3,817,171.4,24.8,964
10/30/2019 13:32,datasets/dataset_cropped/10_Metas/30/13/20191030133200_00160.jpg,datasets_flow/dataset_cropped/10_Metas/30/13/20191030133200_00160.jpg,datasets_cloudmask/dataset_cropped/10_Metas/30/13/20191030133200_00160.png,683.1,819,172.9,24.8,964
10/30/2019 13:33,datasets/dataset_cropped/10_Metas/30/13/20191030133300_00160.jpg,datasets_flow/dataset_cropped/10_Metas/30/13/20191030133300_00160.jpg,datasets_cloudmask/dataset_cropped/10_Metas/30/13/20191030133300_00160.png,652.3,773.1,170.3,24.7,964
10/30/2019 13:34,datasets/dataset_cropped/10_Metas/30/13/20191030133400_00160.jpg,datasets_flow/dataset_cropped/10_Metas/30/13/20191030133400_00160.jpg,datasets_cloudmask/dataset_cropped/10_Metas/30/13/20191030133400_00160.png,444.9,445.9,165.9,24.8,964
10/30/2019 13:35,datasets/dataset_cropped/10_Metas/30/13/20191030133500_00160.jpg,datasets_flow/dataset_cropped/10_Metas/30/13/20191030133500_00160.jpg,datasets_cloudmask/dataset_cropped/10_Metas/30/13/20191030133500_00160.png,535.4,580.7,173,24.8,964
10/30/2019 13:36,datasets/dataset_cropped/10_Metas/30/13/20191030133600_00160.jpg,datasets_flow/dataset_cropped/10_Metas/30/13/20191030133600_00160.jpg,datasets_cloudmask/dataset_cropped/10_Metas/30/13/20191030133600_00160.png,511,541.2,173.2,24.8,964
10/30/2019 13:37,datasets/dataset_cropped/10_Metas/30/13/20191030133700_00160.jpg,datasets_flow/dataset_cropped/10_Metas/30/13/20191030133700_00160.jpg,datasets_cloudmask/dataset_cropped/10_Metas/30/13/20191030133700_00160.png,452.4,445.4,174.1,24.8,964
10/30/2019 13:38,datasets/dataset_cropped/10_Metas/30/13/20191030133800_00160.jpg,datasets_flow/dataset_cropped/10_Metas/30/13/20191030133800_00160.jpg,datasets_cloudmask/dataset_cropped/10_Metas/30/13/20191030133800_00160.png,502,519.5,178.2,24.5,964
10/30/2019 13:39,datasets/dataset_cropped/10_Metas/30/13/20191030133900_00160.jpg,datasets_flow/dataset_cropped/10_Metas/30/13/20191030133900_00160.jpg,datasets_cloudmask/dataset_cropped/10_Metas/30/13/20191030133900_00160.png,532.3,565.1,180.4,24.4,964
10/30/2019 13:40,datasets/dataset_cropped/10_Metas/30/13/20191030134000_00160.jpg,datasets_flow/dataset_cropped/10_Metas/30/13/20191030134000_00160.jpg,datasets_cloudmask/dataset_cropped/10_Metas/30/13/20191030134000_00160.png,558.7,605.1,182.6,24.5,964
10/30/2019 13:41,datasets/dataset_cropped/10_Metas/30/13/20191030134100_00160.jpg,datasets_flow/dataset_cropped/10_Metas/30/13/20191030134100_00160.jpg,datasets_cloudmask/dataset_cropped/10_Metas/30/13/20191030134100_00160.png,608.1,682.7,184.9,24.3,964
10/30/2019 13:42,datasets/dataset_cropped/10_Metas/30/13/20191030134200_00160.jpg,datasets_flow/dataset_cropped/10_Metas/30/13/20191030134200_00160.jpg,datasets_cloudmask/dataset_cropped/10_Metas/30/13/20191030134200_00160.png,615.4,690.1,188.3,24.2,964
10/30/2019 13:43,datasets/dataset_cropped/10_Metas/30/13/20191030134300_00160.jpg,datasets_flow/dataset_cropped/10_Metas/30/13/20191030134300_00160.jpg,datasets_cloudmask/dataset_cropped/10_Metas/30/13/20191030134300_00160.png,664.4,762.2,194.3,24.2,964
10/30/2019 13:44,datasets/dataset_cropped/10_Metas/30/13/20191030134400_00160.jpg,datasets_flow/dataset_cropped/10_Metas/30/13/20191030134400_00160.jpg,datasets_cloudmask/dataset_cropped/10_Metas/30/13/20191030134400_00160.png,680.1,778.5,201.1,24.3,964
10/30/2019 13:45,datasets/dataset_cropped/10_Metas/30/13/20191030134500_00160.jpg,datasets_flow/dataset_cropped/10_Metas/30/13/20191030134500_00160.jpg,datasets_cloudmask/dataset_cropped/10_Metas/30/13/20191030134500_00160.png,569.5,589.7,210,24.5,964
10/30/2019 13:46,datasets/dataset_cropped/10_Metas/30/13/20191030134600_00160.jpg,datasets_flow/dataset_cropped/10_Metas/30/13/20191030134600_00160.jpg,datasets_cloudmask/dataset_cropped/10_Metas/30/13/20191030134600_00160.png,222.1,15,213.1,24.6,964
10/30/2019 13:47,datasets/dataset_cropped/10_Metas/30/13/20191030134700_00160.jpg,datasets_flow/dataset_cropped/10_Metas/30/13/20191030134700_00160.jpg,datasets_cloudmask/dataset_cropped/10_Metas/30/13/20191030134700_00160.png,319,180.5,205.8,24.6,964
10/30/2019 13:48,datasets/dataset_cropped/10_Metas/30/13/20191030134800_00160.jpg,datasets_flow/dataset_cropped/10_Metas/30/13/20191030134800_00160.jpg,datasets_cloudmask/dataset_cropped/10_Metas/30/13/20191030134800_00160.png,351.2,240.5,202.2,24.5,964
10/30/2019 13:49,datasets/dataset_cropped/10_Metas/30/13/20191030134900_00160.jpg,datasets_flow/dataset_cropped/10_Metas/30/13/20191030134900_00160.jpg,datasets_cloudmask/dataset_cropped/10_Metas/30/13/20191030134900_00160.png,416.8,328.6,213.6,24.5,964
10/30/2019 13:50,datasets/dataset_cropped/10_Metas/30/13/20191030135000_00160.jpg,datasets_flow/dataset_cropped/10_Metas/30/13/20191030135000_00160.jpg,datasets_cloudmask/dataset_cropped/10_Metas/30/13/20191030135000_00160.png,548,519.8,228.5,24.4,964
10/30/2019 13:51,datasets/dataset_cropped/10_Metas/30/13/20191030135100_00160.jpg,datasets_flow/dataset_cropped/10_Metas/30/13/20191030135100_00160.jpg,datasets_cloudmask/dataset_cropped/10_Metas/30/13/20191030135100_00160.png,551,531,225.7,24.5,964
10/30/2019 13:52,datasets/dataset_cropped/10_Metas/30/13/20191030135200_00160.jpg,datasets_flow/dataset_cropped/10_Metas/30/13/20191030135200_00160.jpg,datasets_cloudmask/dataset_cropped/10_Metas/30/13/20191030135200_00160.png,523.3,492.5,221.8,24.5,964
10/30/2019 13:53,datasets/dataset_cropped/10_Metas/30/13/20191030135300_00160.jpg,datasets_flow/dataset_cropped/10_Metas/30/13/20191030135300_00160.jpg,datasets_cloudmask/dataset_cropped/10_Metas/30/13/20191030135300_00160.png,594,600.7,228.1,24.5,964
10/30/2019 13:54,datasets/dataset_cropped/10_Metas/30/13/20191030135400_00160.jpg,datasets_flow/dataset_cropped/10_Metas/30/13/20191030135400_00160.jpg,datasets_cloudmask/dataset_cropped/10_Metas/30/13/20191030135400_00160.png,603.3,608.6,233.7,24.5,964
10/30/2019 13:55,datasets/dataset_cropped/10_Metas/30/13/20191030135500_00160.jpg,datasets_flow/dataset_cropped/10_Metas/30/13/20191030135500_00160.jpg,datasets_cloudmask/dataset_cropped/10_Metas/30/13/20191030135500_00160.png,599.1,595.2,237.8,24.7,964
10/30/2019 13:56,datasets/dataset_cropped/10_Metas/30/13/20191030135600_00160.jpg,datasets_flow/dataset_cropped/10_Metas/30/13/20191030135600_00160.jpg,datasets_cloudmask/dataset_cropped/10_Metas/30/13/20191030135600_00160.png,515.3,457.8,237.5,24.9,964
10/30/2019 13:57,datasets/dataset_cropped/10_Metas/30/13/20191030135700_00160.jpg,datasets_flow/dataset_cropped/10_Metas/30/13/20191030135700_00160.jpg,datasets_cloudmask/dataset_cropped/10_Metas/30/13/20191030135700_00160.png,525.5,469.3,241.6,25,964
10/30/2019 13:58,datasets/dataset_cropped/10_Metas/30/13/20191030135800_00160.jpg,datasets_flow/dataset_cropped/10_Metas/30/13/20191030135800_00160.jpg,datasets_cloudmask/dataset_cropped/10_Metas/30/13/20191030135800_00160.png,564.2,525,247.9,25,964
10/30/2019 13:59,datasets/dataset_cropped/10_Metas/30/13/20191030135900_00160.jpg,datasets_flow/dataset_cropped/10_Metas/30/13/20191030135900_00160.jpg,datasets_cloudmask/dataset_cropped/10_Metas/30/13/20191030135900_00160.png,511.1,439.3,246.7,24.8,964
10/30/2019 14:00,datasets/dataset_cropped/10_Metas/30/14/20191030140000_00160.jpg,datasets_flow/dataset_cropped/10_Metas/30/14/20191030140000_00160.jpg,datasets_cloudmask/dataset_cropped/10_Metas/30/14/20191030140000_00160.png,493.7,410.1,246.5,24.5,964
10/30/2019 14:01,datasets/dataset_cropped/10_Metas/30/14/20191030140100_00160.jpg,datasets_flow/dataset_cropped/10_Metas/30/14/20191030140100_00160.jpg,datasets_cloudmask/dataset_cropped/10_Metas/30/14/20191030140100_00160.png,455.9,347.3,246.2,24.2,964
10/30/2019 14:02,datasets/dataset_cropped/10_Metas/30/14/20191030140200_00160.jpg,datasets_flow/dataset_cropped/10_Metas/30/14/20191030140200_00160.jpg,datasets_cloudmask/dataset_cropped/10_Metas/30/14/20191030140200_00160.png,440.8,316.8,249.2,24.1,964
10/30/2019 14:03,datasets/dataset_cropped/10_Metas/30/14/20191030140300_00160.jpg,datasets_flow/dataset_cropped/10_Metas/30/14/20191030140300_00160.jpg,datasets_cloudmask/dataset_cropped/10_Metas/30/14/20191030140300_00160.png,393.8,233.9,251.9,24.1,964
10/30/2019 14:04,datasets/dataset_cropped/10_Metas/30/14/20191030140400_00160.jpg,datasets_flow/dataset_cropped/10_Metas/30/14/20191030140400_00160.jpg,datasets_cloudmask/dataset_cropped/10_Metas/30/14/20191030140400_00160.png,385.6,217.6,253.9,24.1,964
10/30/2019 14:05,datasets/dataset_cropped/10_Metas/30/14/20191030140500_00160.jpg,datasets_flow/dataset_cropped/10_Metas/30/14/20191030140500_00160.jpg,datasets_cloudmask/dataset_cropped/10_Metas/30/14/20191030140500_00160.png,426.1,283.3,255.5,24.1,964
10/30/2019 14:06,datasets/dataset_cropped/10_Metas/30/14/20191030140600_00160.jpg,datasets_flow/dataset_cropped/10_Metas/30/14/20191030140600_00160.jpg,datasets_cloudmask/dataset_cropped/10_Metas/30/14/20191030140600_00160.png,393.4,230.1,255,24,964
10/30/2019 14:07,datasets/dataset_cropped/10_Metas/30/14/20191030140700_00160.jpg,datasets_flow/dataset_cropped/10_Metas/30/14/20191030140700_00160.jpg,datasets_cloudmask/dataset_cropped/10_Metas/30/14/20191030140700_00160.png,379.2,204.3,256.3,24.1,964
10/30/2019 14:08,datasets/dataset_cropped/10_Metas/30/14/20191030140800_00160.jpg,datasets_flow/dataset_cropped/10_Metas/30/14/20191030140800_00160.jpg,datasets_cloudmask/dataset_cropped/10_Metas/30/14/20191030140800_00160.png,442.4,303.7,260.7,24.3,964
10/30/2019 14:09,datasets/dataset_cropped/10_Metas/30/14/20191030140900_00160.jpg,datasets_flow/dataset_cropped/10_Metas/30/14/20191030140900_00160.jpg,datasets_cloudmask/dataset_cropped/10_Metas/30/14/20191030140900_00160.png,487.1,373.9,264.1,24.4,964
10/30/2019 14:10,datasets/dataset_cropped/10_Metas/30/14/20191030141000_00160.jpg,datasets_flow/dataset_cropped/10_Metas/30/14/20191030141000_00160.jpg,datasets_cloudmask/dataset_cropped/10_Metas/30/14/20191030141000_00160.png,499.8,396.9,263.8,24.3,964
10/30/2019 14:11,datasets/dataset_cropped/10_Metas/30/14/20191030141100_00160.jpg,datasets_flow/dataset_cropped/10_Metas/30/14/20191030141100_00160.jpg,datasets_cloudmask/dataset_cropped/10_Metas/30/14/20191030141100_00160.png,536.9,463.5,262.3,24.4,964
10/30/2019 14:12,datasets/dataset_cropped/10_Metas/30/14/20191030141200_00160.jpg,datasets_flow/dataset_cropped/10_Metas/30/14/20191030141200_00160.jpg,datasets_cloudmask/dataset_cropped/10_Metas/30/14/20191030141200_00160.png,547.5,487.7,259.1,24.6,964
10/30/2019 14:13,datasets/dataset_cropped/10_Metas/30/14/20191030141300_00160.jpg,datasets_flow/dataset_cropped/10_Metas/30/14/20191030141300_00160.jpg,datasets_cloudmask/dataset_cropped/10_Metas/30/14/20191030141300_00160.png,522.5,452.5,255.3,24.6,964
10/30/2019 14:14,datasets/dataset_cropped/10_Metas/30/14/20191030141400_00160.jpg,datasets_flow/dataset_cropped/10_Metas/30/14/20191030141400_00160.jpg,datasets_cloudmask/dataset_cropped/10_Metas/30/14/20191030141400_00160.png,541.3,489.2,253.2,24.6,964
10/30/2019 14:15,datasets/dataset_cropped/10_Metas/30/14/20191030141500_00160.jpg,datasets_flow/dataset_cropped/10_Metas/30/14/20191030141500_00160.jpg,datasets_cloudmask/dataset_cropped/10_Metas/30/14/20191030141500_00160.png,534.1,484.7,249.3,24.4,964
10/30/2019 14:16,datasets/dataset_cropped/10_Metas/30/14/20191030141600_00160.jpg,datasets_flow/dataset_cropped/10_Metas/30/14/20191030141600_00160.jpg,datasets_cloudmask/dataset_cropped/10_Metas/30/14/20191030141600_00160.png,547,517.3,243.8,24.3,964
10/30/2019 14:17,datasets/dataset_cropped/10_Metas/30/14/20191030141700_00160.jpg,datasets_flow/dataset_cropped/10_Metas/30/14/20191030141700_00160.jpg,datasets_cloudmask/dataset_cropped/10_Metas/30/14/20191030141700_00160.png,552.1,536.6,238.3,24.4,964
10/30/2019 14:18,datasets/dataset_cropped/10_Metas/30/14/20191030141800_00160.jpg,datasets_flow/dataset_cropped/10_Metas/30/14/20191030141800_00160.jpg,datasets_cloudmask/dataset_cropped/10_Metas/30/14/20191030141800_00160.png,545.6,538.4,231.5,24.6,964
10/30/2019 14:19,datasets/dataset_cropped/10_Metas/30/14/20191030141900_00160.jpg,datasets_flow/dataset_cropped/10_Metas/30/14/20191030141900_00160.jpg,datasets_cloudmask/dataset_cropped/10_Metas/30/14/20191030141900_00160.png,518.9,507.5,223.5,24.6,964
10/30/2019 14:20,datasets/dataset_cropped/10_Metas/30/14/20191030142000_00160.jpg,datasets_flow/dataset_cropped/10_Metas/30/14/20191030142000_00160.jpg,datasets_cloudmask/dataset_cropped/10_Metas/30/14/20191030142000_00160.png,483.1,461.9,214.7,24.7,964
10/30/2019 14:21,datasets/dataset_cropped/10_Metas/30/14/20191030142100_00160.jpg,datasets_flow/dataset_cropped/10_Metas/30/14/20191030142100_00160.jpg,datasets_cloudmask/dataset_cropped/10_Metas/30/14/20191030142100_00160.png,555.8,597.5,209.5,24.6,964
10/30/2019 14:22,datasets/dataset_cropped/10_Metas/30/14/20191030142200_00160.jpg,datasets_flow/dataset_cropped/10_Metas/30/14/20191030142200_00160.jpg,datasets_cloudmask/dataset_cropped/10_Metas/30/14/20191030142200_00160.png,666.6,797.4,206.7,24.6,964
10/30/2019 14:23,datasets/dataset_cropped/10_Metas/30/14/20191030142300_00160.jpg,datasets_flow/dataset_cropped/10_Metas/30/14/20191030142300_00160.jpg,datasets_cloudmask/dataset_cropped/10_Metas/30/14/20191030142300_00160.png,663,808,198.7,24.5,964
10/30/2019 14:24,datasets/dataset_cropped/10_Metas/30/14/20191030142400_00160.jpg,datasets_flow/dataset_cropped/10_Metas/30/14/20191030142400_00160.jpg,datasets_cloudmask/dataset_cropped/10_Metas/30/14/20191030142400_00160.png,655.9,813,189.8,24.6,964
10/30/2019 14:25,datasets/dataset_cropped/10_Metas/30/14/20191030142500_00160.jpg,datasets_flow/dataset_cropped/10_Metas/30/14/20191030142500_00160.jpg,datasets_cloudmask/dataset_cropped/10_Metas/30/14/20191030142500_00160.png,647.5,816,180.9,24.9,964
10/30/2019 14:26,datasets/dataset_cropped/10_Metas/30/14/20191030142600_00160.jpg,datasets_flow/dataset_cropped/10_Metas/30/14/20191030142600_00160.jpg,datasets_cloudmask/dataset_cropped/10_Metas/30/14/20191030142600_00160.png,637.8,816,172.5,24.9,964
10/30/2019 14:27,datasets/dataset_cropped/10_Metas/30/14/20191030142700_00160.jpg,datasets_flow/dataset_cropped/10_Metas/30/14/20191030142700_00160.jpg,datasets_cloudmask/dataset_cropped/10_Metas/30/14/20191030142700_00160.png,631.1,819,165.3,24.8,964
10/30/2019 14:28,datasets/dataset_cropped/10_Metas/30/14/20191030142800_00160.jpg,datasets_flow/dataset_cropped/10_Metas/30/14/20191030142800_00160.jpg,datasets_cloudmask/dataset_cropped/10_Metas/30/14/20191030142800_00160.png,622.1,817,158.5,24.8,964
10/30/2019 14:29,datasets/dataset_cropped/10_Metas/30/14/20191030142900_00160.jpg,datasets_flow/dataset_cropped/10_Metas/30/14/20191030142900_00160.jpg,datasets_cloudmask/dataset_cropped/10_Metas/30/14/20191030142900_00160.png,615.5,818,152.4,24.7,964
10/30/2019 14:30,datasets/dataset_cropped/10_Metas/30/14/20191030143000_00160.jpg,datasets_flow/dataset_cropped/10_Metas/30/14/20191030143000_00160.jpg,datasets_cloudmask/dataset_cropped/10_Metas/30/14/20191030143000_00160.png,608.3,816,147.2,24.5,964
10/30/2019 14:31,datasets/dataset_cropped/10_Metas/30/14/20191030143100_00160.jpg,datasets_flow/dataset_cropped/10_Metas/30/14/20191030143100_00160.jpg,datasets_cloudmask/dataset_cropped/10_Metas/30/14/20191030143100_00160.png,602.8,815,143.1,24.5,964
10/30/2019 14:32,datasets/dataset_cropped/10_Metas/30/14/20191030143200_00160.jpg,datasets_flow/dataset_cropped/10_Metas/30/14/20191030143200_00160.jpg,datasets_cloudmask/dataset_cropped/10_Metas/30/14/20191030143200_00160.png,597.5,812,140.1,24.8,964
10/30/2019 14:33,datasets/dataset_cropped/10_Metas/30/14/20191030143300_00160.jpg,datasets_flow/dataset_cropped/10_Metas/30/14/20191030143300_00160.jpg,datasets_cloudmask/dataset_cropped/10_Metas/30/14/20191030143300_00160.png,591.1,807,137.7,24.7,964
10/30/2019 14:34,datasets/dataset_cropped/10_Metas/30/14/20191030143400_00160.jpg,datasets_flow/dataset_cropped/10_Metas/30/14/20191030143400_00160.jpg,datasets_cloudmask/dataset_cropped/10_Metas/30/14/20191030143400_00160.png,588.1,807,135.9,24.8,964
10/30/2019 14:35,datasets/dataset_cropped/10_Metas/30/14/20191030143500_00160.jpg,datasets_flow/dataset_cropped/10_Metas/30/14/20191030143500_00160.jpg,datasets_cloudmask/dataset_cropped/10_Metas/30/14/20191030143500_00160.png,583.7,804,134.3,24.9,964
10/30/2019 14:36,datasets/dataset_cropped/10_Metas/30/14/20191030143600_00160.jpg,datasets_flow/dataset_cropped/10_Metas/30/14/20191030143600_00160.jpg,datasets_cloudmask/dataset_cropped/10_Metas/30/14/20191030143600_00160.png,581,803,133.6,25.1,964
10/30/2019 14:37,datasets/dataset_cropped/10_Metas/30/14/20191030143700_00160.jpg,datasets_flow/dataset_cropped/10_Metas/30/14/20191030143700_00160.jpg,datasets_cloudmask/dataset_cropped/10_Metas/30/14/20191030143700_00160.png,579.3,803,133.4,25.1,964
10/30/2019 14:38,datasets/dataset_cropped/10_Metas/30/14/20191030143800_00160.jpg,datasets_flow/dataset_cropped/10_Metas/30/14/20191030143800_00160.jpg,datasets_cloudmask/dataset_cropped/10_Metas/30/14/20191030143800_00160.png,578,802,133.1,25.2,964
10/30/2019 14:39,datasets/dataset_cropped/10_Metas/30/14/20191030143900_00160.jpg,datasets_flow/dataset_cropped/10_Metas/30/14/20191030143900_00160.jpg,datasets_cloudmask/dataset_cropped/10_Metas/30/14/20191030143900_00160.png,576.5,803,131.9,25.1,964
10/30/2019 14:40,datasets/dataset_cropped/10_Metas/30/14/20191030144000_00160.jpg,datasets_flow/dataset_cropped/10_Metas/30/14/20191030144000_00160.jpg,datasets_cloudmask/dataset_cropped/10_Metas/30/14/20191030144000_00160.png,573.3,801,130.7,25,964
10/30/2019 14:41,datasets/dataset_cropped/10_Metas/30/14/20191030144100_00160.jpg,datasets_flow/dataset_cropped/10_Metas/30/14/20191030144100_00160.jpg,datasets_cloudmask/dataset_cropped/10_Metas/30/14/20191030144100_00160.png,571.1,801,129.8,24.9,964
10/30/2019 14:42,datasets/dataset_cropped/10_Metas/30/14/20191030144200_00160.jpg,datasets_flow/dataset_cropped/10_Metas/30/14/20191030144200_00160.jpg,datasets_cloudmask/dataset_cropped/10_Metas/30/14/20191030144200_00160.png,569.5,802,129.2,25,964
10/30/2019 14:43,datasets/dataset_cropped/10_Metas/30/14/20191030144300_00160.jpg,datasets_flow/dataset_cropped/10_Metas/30/14/20191030144300_00160.jpg,datasets_cloudmask/dataset_cropped/10_Metas/30/14/20191030144300_00160.png,568.4,803,129.1,24.9,964
10/30/2019 14:44,datasets/dataset_cropped/10_Metas/30/14/20191030144400_00160.jpg,datasets_flow/dataset_cropped/10_Metas/30/14/20191030144400_00160.jpg,datasets_cloudmask/dataset_cropped/10_Metas/30/14/20191030144400_00160.png,566.1,802,129,24.7,964
10/30/2019 14:45,datasets/dataset_cropped/10_Metas/30/14/20191030144500_00160.jpg,datasets_flow/dataset_cropped/10_Metas/30/14/20191030144500_00160.jpg,datasets_cloudmask/dataset_cropped/10_Metas/30/14/20191030144500_00160.png,553.4,780.4,128.7,24.9,964
10/30/2019 14:46,datasets/dataset_cropped/10_Metas/30/14/20191030144600_00160.jpg,datasets_flow/dataset_cropped/10_Metas/30/14/20191030144600_00160.jpg,datasets_cloudmask/dataset_cropped/10_Metas/30/14/20191030144600_00160.png,526,731.9,128.2,24.9,964
10/30/2019 14:47,datasets/dataset_cropped/10_Metas/30/14/20191030144700_00160.jpg,datasets_flow/dataset_cropped/10_Metas/30/14/20191030144700_00160.jpg,datasets_cloudmask/dataset_cropped/10_Metas/30/14/20191030144700_00160.png,524.6,730.6,128.7,24.8,964
10/30/2019 14:48,datasets/dataset_cropped/10_Metas/30/14/20191030144800_00160.jpg,datasets_flow/dataset_cropped/10_Metas/30/14/20191030144800_00160.jpg,datasets_cloudmask/dataset_cropped/10_Metas/30/14/20191030144800_00160.png,537.7,756.3,128.9,24.7,964
10/30/2019 14:49,datasets/dataset_cropped/10_Metas/30/14/20191030144900_00160.jpg,datasets_flow/dataset_cropped/10_Metas/30/14/20191030144900_00160.jpg,datasets_cloudmask/dataset_cropped/10_Metas/30/14/20191030144900_00160.png,547.3,774.4,129.6,24.7,964
10/30/2019 14:50,datasets/dataset_cropped/10_Metas/30/14/20191030145000_00160.jpg,datasets_flow/dataset_cropped/10_Metas/30/14/20191030145000_00160.jpg,datasets_cloudmask/dataset_cropped/10_Metas/30/14/20191030145000_00160.png,537.3,757.2,130,24.7,964
10/30/2019 14:51,datasets/dataset_cropped/10_Metas/30/14/20191030145100_00160.jpg,datasets_flow/dataset_cropped/10_Metas/30/14/20191030145100_00160.jpg,datasets_cloudmask/dataset_cropped/10_Metas/30/14/20191030145100_00160.png,553.1,788.6,130.9,24.7,964
10/30/2019 14:52,datasets/dataset_cropped/10_Metas/30/14/20191030145200_00160.jpg,datasets_flow/dataset_cropped/10_Metas/30/14/20191030145200_00160.jpg,datasets_cloudmask/dataset_cropped/10_Metas/30/14/20191030145200_00160.png,552.7,790.3,130.9,24.7,964
10/30/2019 14:53,datasets/dataset_cropped/10_Metas/30/14/20191030145300_00160.jpg,datasets_flow/dataset_cropped/10_Metas/30/14/20191030145300_00160.jpg,datasets_cloudmask/dataset_cropped/10_Metas/30/14/20191030145300_00160.png,549.5,785,131.9,24.7,964
10/30/2019 14:54,datasets/dataset_cropped/10_Metas/30/14/20191030145400_00160.jpg,datasets_flow/dataset_cropped/10_Metas/30/14/20191030145400_00160.jpg,datasets_cloudmask/dataset_cropped/10_Metas/30/14/20191030145400_00160.png,543.6,773,133.8,24.6,964
10/30/2019 14:55,datasets/dataset_cropped/10_Metas/30/14/20191030145500_00160.jpg,datasets_flow/dataset_cropped/10_Metas/30/14/20191030145500_00160.jpg,datasets_cloudmask/dataset_cropped/10_Metas/30/14/20191030145500_00160.png,534.2,753.5,135.9,24.4,964
10/30/2019 14:56,datasets/dataset_cropped/10_Metas/30/14/20191030145600_00160.jpg,datasets_flow/dataset_cropped/10_Metas/30/14/20191030145600_00160.jpg,datasets_cloudmask/dataset_cropped/10_Metas/30/14/20191030145600_00160.png,533.8,752.3,137.6,24.3,964
10/30/2019 14:57,datasets/dataset_cropped/10_Metas/30/14/20191030145700_00160.jpg,datasets_flow/dataset_cropped/10_Metas/30/14/20191030145700_00160.jpg,datasets_cloudmask/dataset_cropped/10_Metas/30/14/20191030145700_00160.png,480.9,654.5,136.8,24.4,964
10/30/2019 14:58,datasets/dataset_cropped/10_Metas/30/14/20191030145800_00160.jpg,datasets_flow/dataset_cropped/10_Metas/30/14/20191030145800_00160.jpg,datasets_cloudmask/dataset_cropped/10_Metas/30/14/20191030145800_00160.png,457.7,613,136.1,24.6,964
10/30/2019 14:59,datasets/dataset_cropped/10_Metas/30/14/20191030145900_00160.jpg,datasets_flow/dataset_cropped/10_Metas/30/14/20191030145900_00160.jpg,datasets_cloudmask/dataset_cropped/10_Metas/30/14/20191030145900_00160.png,434.6,570.3,136,24.5,964
10/30/2019 15:00,datasets/dataset_cropped/10_Metas/30/15/20191030150000_00160.jpg,datasets_flow/dataset_cropped/10_Metas/30/15/20191030150000_00160.jpg,datasets_cloudmask/dataset_cropped/10_Metas/30/15/20191030150000_00160.png,418.7,540.7,136.5,24.6,964
10/30/2019 15:01,datasets/dataset_cropped/10_Metas/30/15/20191030150100_00160.jpg,datasets_flow/dataset_cropped/10_Metas/30/15/20191030150100_00160.jpg,datasets_cloudmask/dataset_cropped/10_Metas/30/15/20191030150100_00160.png,407.9,520.1,137.2,24.4,964
10/30/2019 15:02,datasets/dataset_cropped/10_Metas/30/15/20191030150200_00160.jpg,datasets_flow/dataset_cropped/10_Metas/30/15/20191030150200_00160.jpg,datasets_cloudmask/dataset_cropped/10_Metas/30/15/20191030150200_00160.png,392.9,491.6,137.8,24.4,964
10/30/2019 15:03,datasets/dataset_cropped/10_Metas/30/15/20191030150300_00160.jpg,datasets_flow/dataset_cropped/10_Metas/30/15/20191030150300_00160.jpg,datasets_cloudmask/dataset_cropped/10_Metas/30/15/20191030150300_00160.png,352.6,414.9,137.5,24.3,964
10/30/2019 15:04,datasets/dataset_cropped/10_Metas/30/15/20191030150400_00160.jpg,datasets_flow/dataset_cropped/10_Metas/30/15/20191030150400_00160.jpg,datasets_cloudmask/dataset_cropped/10_Metas/30/15/20191030150400_00160.png,345.4,402,137.3,24.2,964
10/30/2019 15:05,datasets/dataset_cropped/10_Metas/30/15/20191030150500_00160.jpg,datasets_flow/dataset_cropped/10_Metas/30/15/20191030150500_00160.jpg,datasets_cloudmask/dataset_cropped/10_Metas/30/15/20191030150500_00160.png,337.3,386.6,137.7,24.1,964
10/30/2019 15:06,datasets/dataset_cropped/10_Metas/30/15/20191030150600_00160.jpg,datasets_flow/dataset_cropped/10_Metas/30/15/20191030150600_00160.jpg,datasets_cloudmask/dataset_cropped/10_Metas/30/15/20191030150600_00160.png,337.9,383,141.1,24.1,964
10/30/2019 15:07,datasets/dataset_cropped/10_Metas/30/15/20191030150700_00160.jpg,datasets_flow/dataset_cropped/10_Metas/30/15/20191030150700_00160.jpg,datasets_cloudmask/dataset_cropped/10_Metas/30/15/20191030150700_00160.png,367.2,432.9,146.4,24,964
10/30/2019 15:08,datasets/dataset_cropped/10_Metas/30/15/20191030150800_00160.jpg,datasets_flow/dataset_cropped/10_Metas/30/15/20191030150800_00160.jpg,datasets_cloudmask/dataset_cropped/10_Metas/30/15/20191030150800_00160.png,348.6,389.8,150.4,23.9,964
10/30/2019 15:09,datasets/dataset_cropped/10_Metas/30/15/20191030150900_00160.jpg,datasets_flow/dataset_cropped/10_Metas/30/15/20191030150900_00160.jpg,datasets_cloudmask/dataset_cropped/10_Metas/30/15/20191030150900_00160.png,338,364,153.7,24,964
10/30/2019 15:10,datasets/dataset_cropped/10_Metas/30/15/20191030151000_00160.jpg,datasets_flow/dataset_cropped/10_Metas/30/15/20191030151000_00160.jpg,datasets_cloudmask/dataset_cropped/10_Metas/30/15/20191030151000_00160.png,320.4,317.6,159.9,24,964
10/30/2019 15:11,datasets/dataset_cropped/10_Metas/30/15/20191030151100_00160.jpg,datasets_flow/dataset_cropped/10_Metas/30/15/20191030151100_00160.jpg,datasets_cloudmask/dataset_cropped/10_Metas/30/15/20191030151100_00160.png,357.6,372.5,170.2,24,964
10/30/2019 15:12,datasets/dataset_cropped/10_Metas/30/15/20191030151200_00160.jpg,datasets_flow/dataset_cropped/10_Metas/30/15/20191030151200_00160.jpg,datasets_cloudmask/dataset_cropped/10_Metas/30/15/20191030151200_00160.png,394.8,432.4,178.7,24.2,964
10/30/2019 15:13,datasets/dataset_cropped/10_Metas/30/15/20191030151300_00160.jpg,datasets_flow/dataset_cropped/10_Metas/30/15/20191030151300_00160.jpg,datasets_cloudmask/dataset_cropped/10_Metas/30/15/20191030151300_00160.png,446.6,526.8,184.9,24.2,964
10/30/2019 15:14,datasets/dataset_cropped/10_Metas/30/15/20191030151400_00160.jpg,datasets_flow/dataset_cropped/10_Metas/30/15/20191030151400_00160.jpg,datasets_cloudmask/dataset_cropped/10_Metas/30/15/20191030151400_00160.png,416.4,476.5,180.6,24.3,964
10/30/2019 15:15,datasets/dataset_cropped/10_Metas/30/15/20191030151500_00160.jpg,datasets_flow/dataset_cropped/10_Metas/30/15/20191030151500_00160.jpg,datasets_cloudmask/dataset_cropped/10_Metas/30/15/20191030151500_00160.png,338.1,331.6,174.1,24.2,964
10/30/2019 15:16,datasets/dataset_cropped/10_Metas/30/15/20191030151600_00160.jpg,datasets_flow/dataset_cropped/10_Metas/30/15/20191030151600_00160.jpg,datasets_cloudmask/dataset_cropped/10_Metas/30/15/20191030151600_00160.png,297.1,237.9,179.5,24.3,964
10/30/2019 15:17,datasets/dataset_cropped/10_Metas/30/15/20191030151700_00160.jpg,datasets_flow/dataset_cropped/10_Metas/30/15/20191030151700_00160.jpg,datasets_cloudmask/dataset_cropped/10_Metas/30/15/20191030151700_00160.png,374.6,360.3,197.8,24.4,964
10/30/2019 15:18,datasets/dataset_cropped/10_Metas/30/15/20191030151800_00160.jpg,datasets_flow/dataset_cropped/10_Metas/30/15/20191030151800_00160.jpg,datasets_cloudmask/dataset_cropped/10_Metas/30/15/20191030151800_00160.png,370.3,332.1,208.1,24.3,964
10/30/2019 15:19,datasets/dataset_cropped/10_Metas/30/15/20191030151900_00160.jpg,datasets_flow/dataset_cropped/10_Metas/30/15/20191030151900_00160.jpg,datasets_cloudmask/dataset_cropped/10_Metas/30/15/20191030151900_00160.png,243.3,79.1,203.8,24.1,964
10/30/2019 15:20,datasets/dataset_cropped/10_Metas/30/15/20191030152000_00160.jpg,datasets_flow/dataset_cropped/10_Metas/30/15/20191030152000_00160.jpg,datasets_cloudmask/dataset_cropped/10_Metas/30/15/20191030152000_00160.png,300.9,216.3,195,23.8,964
10/30/2019 15:21,datasets/dataset_cropped/10_Metas/30/15/20191030152100_00160.jpg,datasets_flow/dataset_cropped/10_Metas/30/15/20191030152100_00160.jpg,datasets_cloudmask/dataset_cropped/10_Metas/30/15/20191030152100_00160.png,424.1,498.6,184,23.6,964
10/30/2019 15:22,datasets/dataset_cropped/10_Metas/30/15/20191030152200_00160.jpg,datasets_flow/dataset_cropped/10_Metas/30/15/20191030152200_00160.jpg,datasets_cloudmask/dataset_cropped/10_Metas/30/15/20191030152200_00160.png,439.7,543.4,179.8,23.5,964
10/30/2019 15:23,datasets/dataset_cropped/10_Metas/30/15/20191030152300_00160.jpg,datasets_flow/dataset_cropped/10_Metas/30/15/20191030152300_00160.jpg,datasets_cloudmask/dataset_cropped/10_Metas/30/15/20191030152300_00160.png,398.7,470,175.5,23.5,964
10/30/2019 15:24,datasets/dataset_cropped/10_Metas/30/15/20191030152400_00160.jpg,datasets_flow/dataset_cropped/10_Metas/30/15/20191030152400_00160.jpg,datasets_cloudmask/dataset_cropped/10_Metas/30/15/20191030152400_00160.png,321.7,309.8,174.6,23.5,964
10/30/2019 15:25,datasets/dataset_cropped/10_Metas/30/15/20191030152500_00160.jpg,datasets_flow/dataset_cropped/10_Metas/30/15/20191030152500_00160.jpg,datasets_cloudmask/dataset_cropped/10_Metas/30/15/20191030152500_00160.png,266.2,186.2,177,23.5,964
10/30/2019 15:26,datasets/dataset_cropped/10_Metas/30/15/20191030152600_00160.jpg,datasets_flow/dataset_cropped/10_Metas/30/15/20191030152600_00160.jpg,datasets_cloudmask/dataset_cropped/10_Metas/30/15/20191030152600_00160.png,208.2,58.2,178.8,23.5,964
10/30/2019 15:27,datasets/dataset_cropped/10_Metas/30/15/20191030152700_00160.jpg,datasets_flow/dataset_cropped/10_Metas/30/15/20191030152700_00160.jpg,datasets_cloudmask/dataset_cropped/10_Metas/30/15/20191030152700_00160.png,188.5,13.7,181,23.5,964
10/30/2019 15:28,datasets/dataset_cropped/10_Metas/30/15/20191030152800_00160.jpg,datasets_flow/dataset_cropped/10_Metas/30/15/20191030152800_00160.jpg,datasets_cloudmask/dataset_cropped/10_Metas/30/15/20191030152800_00160.png,179.8,3.6,176.8,23.5,964
10/30/2019 15:29,datasets/dataset_cropped/10_Metas/30/15/20191030152900_00160.jpg,datasets_flow/dataset_cropped/10_Metas/30/15/20191030152900_00160.jpg,datasets_cloudmask/dataset_cropped/10_Metas/30/15/20191030152900_00160.png,175.3,3.9,171.7,23.4,964
10/30/2019 15:30,datasets/dataset_cropped/10_Metas/30/15/20191030153000_00160.jpg,datasets_flow/dataset_cropped/10_Metas/30/15/20191030153000_00160.jpg,datasets_cloudmask/dataset_cropped/10_Metas/30/15/20191030153000_00160.png,172.1,0.5,170.4,23.4,964
10/30/2019 15:31,datasets/dataset_cropped/10_Metas/30/15/20191030153100_00160.jpg,datasets_flow/dataset_cropped/10_Metas/30/15/20191030153100_00160.jpg,datasets_cloudmask/dataset_cropped/10_Metas/30/15/20191030153100_00160.png,177.3,2.1,174.6,23.4,964
10/30/2019 15:32,datasets/dataset_cropped/10_Metas/30/15/20191030153200_00160.jpg,datasets_flow/dataset_cropped/10_Metas/30/15/20191030153200_00160.jpg,datasets_cloudmask/dataset_cropped/10_Metas/30/15/20191030153200_00160.png,202.9,48,178.9,23.3,964
10/30/2019 15:33,datasets/dataset_cropped/10_Metas/30/15/20191030153300_00160.jpg,datasets_flow/dataset_cropped/10_Metas/30/15/20191030153300_00160.jpg,datasets_cloudmask/dataset_cropped/10_Metas/30/15/20191030153300_00160.png,191.1,18.6,181,23.2,964
10/30/2019 15:34,datasets/dataset_cropped/10_Metas/30/15/20191030153400_00160.jpg,datasets_flow/dataset_cropped/10_Metas/30/15/20191030153400_00160.jpg,datasets_cloudmask/dataset_cropped/10_Metas/30/15/20191030153400_00160.png,183.1,11.4,175.8,23.2,964
10/30/2019 15:35,datasets/dataset_cropped/10_Metas/30/15/20191030153500_00160.jpg,datasets_flow/dataset_cropped/10_Metas/30/15/20191030153500_00160.jpg,datasets_cloudmask/dataset_cropped/10_Metas/30/15/20191030153500_00160.png,170.1,0.5,168.7,23.2,964
10/30/2019 15:36,datasets/dataset_cropped/10_Metas/30/15/20191030153600_00160.jpg,datasets_flow/dataset_cropped/10_Metas/30/15/20191030153600_00160.jpg,datasets_cloudmask/dataset_cropped/10_Metas/30/15/20191030153600_00160.png,168.8,5.5,164.6,23.2,964
10/30/2019 15:37,datasets/dataset_cropped/10_Metas/30/15/20191030153700_00160.jpg,datasets_flow/dataset_cropped/10_Metas/30/15/20191030153700_00160.jpg,datasets_cloudmask/dataset_cropped/10_Metas/30/15/20191030153700_00160.png,181.1,26,167.4,23.2,964
10/30/2019 15:38,datasets/dataset_cropped/10_Metas/30/15/20191030153800_00160.jpg,datasets_flow/dataset_cropped/10_Metas/30/15/20191030153800_00160.jpg,datasets_cloudmask/dataset_cropped/10_Metas/30/15/20191030153800_00160.png,220.9,99.5,174.5,23.1,964
10/30/2019 15:39,datasets/dataset_cropped/10_Metas/30/15/20191030153900_00160.jpg,datasets_flow/dataset_cropped/10_Metas/30/15/20191030153900_00160.jpg,datasets_cloudmask/dataset_cropped/10_Metas/30/15/20191030153900_00160.png,181.9,9,176.8,23.1,964
10/30/2019 15:40,datasets/dataset_cropped/10_Metas/30/15/20191030154000_00160.jpg,datasets_flow/dataset_cropped/10_Metas/30/15/20191030154000_00160.jpg,datasets_cloudmask/dataset_cropped/10_Metas/30/15/20191030154000_00160.png,223.1,107.4,174,23.2,964
10/30/2019 15:41,datasets/dataset_cropped/10_Metas/30/15/20191030154100_00160.jpg,datasets_flow/dataset_cropped/10_Metas/30/15/20191030154100_00160.jpg,datasets_cloudmask/dataset_cropped/10_Metas/30/15/20191030154100_00160.png,279.3,230.8,176.3,23.4,964
10/30/2019 15:42,datasets/dataset_cropped/10_Metas/30/15/20191030154200_00160.jpg,datasets_flow/dataset_cropped/10_Metas/30/15/20191030154200_00160.jpg,datasets_cloudmask/dataset_cropped/10_Metas/30/15/20191030154200_00160.png,398,505.3,179.4,23.4,964
10/30/2019 15:43,datasets/dataset_cropped/10_Metas/30/15/20191030154300_00160.jpg,datasets_flow/dataset_cropped/10_Metas/30/15/20191030154300_00160.jpg,datasets_cloudmask/dataset_cropped/10_Metas/30/15/20191030154300_00160.png,343,387.9,175.1,23.5,964
10/30/2019 15:44,datasets/dataset_cropped/10_Metas/30/15/20191030154400_00160.jpg,datasets_flow/dataset_cropped/10_Metas/30/15/20191030154400_00160.jpg,datasets_cloudmask/dataset_cropped/10_Metas/30/15/20191030154400_00160.png,229.2,136.2,170.6,23.6,964
10/30/2019 15:45,datasets/dataset_cropped/10_Metas/30/15/20191030154500_00160.jpg,datasets_flow/dataset_cropped/10_Metas/30/15/20191030154500_00160.jpg,datasets_cloudmask/dataset_cropped/10_Metas/30/15/20191030154500_00160.png,386.7,516.9,165.9,23.8,964
10/30/2019 15:46,datasets/dataset_cropped/10_Metas/30/15/20191030154600_00160.jpg,datasets_flow/dataset_cropped/10_Metas/30/15/20191030154600_00160.jpg,datasets_cloudmask/dataset_cropped/10_Metas/30/15/20191030154600_00160.png,203.4,116.7,154,23.5,964
10/30/2019 15:47,datasets/dataset_cropped/10_Metas/30/15/20191030154700_00160.jpg,datasets_flow/dataset_cropped/10_Metas/30/15/20191030154700_00160.jpg,datasets_cloudmask/dataset_cropped/10_Metas/30/15/20191030154700_00160.png,171.4,57.3,146.5,23.3,964
10/30/2019 15:48,datasets/dataset_cropped/10_Metas/30/15/20191030154800_00160.jpg,datasets_flow/dataset_cropped/10_Metas/30/15/20191030154800_00160.jpg,datasets_cloudmask/dataset_cropped/10_Metas/30/15/20191030154800_00160.png,164.7,51.8,142,23.2,964
10/30/2019 15:49,datasets/dataset_cropped/10_Metas/30/15/20191030154900_00160.jpg,datasets_flow/dataset_cropped/10_Metas/30/15/20191030154900_00160.jpg,datasets_cloudmask/dataset_cropped/10_Metas/30/15/20191030154900_00160.png,321,436.1,138,23.1,964
10/30/2019 15:50,datasets/dataset_cropped/10_Metas/30/15/20191030155000_00160.jpg,datasets_flow/dataset_cropped/10_Metas/30/15/20191030155000_00160.jpg,datasets_cloudmask/dataset_cropped/10_Metas/30/15/20191030155000_00160.png,169,88.4,131.9,23.2,964
10/30/2019 15:51,datasets/dataset_cropped/10_Metas/30/15/20191030155100_00160.jpg,datasets_flow/dataset_cropped/10_Metas/30/15/20191030155100_00160.jpg,datasets_cloudmask/dataset_cropped/10_Metas/30/15/20191030155100_00160.png,146.8,37.5,130.5,23.3,964
10/30/2019 15:52,datasets/dataset_cropped/10_Metas/30/15/20191030155200_00160.jpg,datasets_flow/dataset_cropped/10_Metas/30/15/20191030155200_00160.jpg,datasets_cloudmask/dataset_cropped/10_Metas/30/15/20191030155200_00160.png,204.8,180.7,129.9,23.4,964
10/30/2019 15:53,datasets/dataset_cropped/10_Metas/30/15/20191030155300_00160.jpg,datasets_flow/dataset_cropped/10_Metas/30/15/20191030155300_00160.jpg,datasets_cloudmask/dataset_cropped/10_Metas/30/15/20191030155300_00160.png,342.7,521.3,129.8,23.4,964
10/30/2019 15:54,datasets/dataset_cropped/10_Metas/30/15/20191030155400_00160.jpg,datasets_flow/dataset_cropped/10_Metas/30/15/20191030155400_00160.jpg,datasets_cloudmask/dataset_cropped/10_Metas/30/15/20191030155400_00160.png,385.3,638.4,126.9,23.5,964
10/30/2019 15:55,datasets/dataset_cropped/10_Metas/30/15/20191030155500_00160.jpg,datasets_flow/dataset_cropped/10_Metas/30/15/20191030155500_00160.jpg,datasets_cloudmask/dataset_cropped/10_Metas/30/15/20191030155500_00160.png,382.6,640.4,125,23.6,964
10/30/2019 15:56,datasets/dataset_cropped/10_Metas/30/15/20191030155600_00160.jpg,datasets_flow/dataset_cropped/10_Metas/30/15/20191030155600_00160.jpg,datasets_cloudmask/dataset_cropped/10_Metas/30/15/20191030155600_00160.png,367.8,609.5,124.1,23.7,964
10/30/2019 15:57,datasets/dataset_cropped/10_Metas/30/15/20191030155700_00160.jpg,datasets_flow/dataset_cropped/10_Metas/30/15/20191030155700_00160.jpg,datasets_cloudmask/dataset_cropped/10_Metas/30/15/20191030155700_00160.png,360.3,591.9,125.4,23.8,964
10/30/2019 15:58,datasets/dataset_cropped/10_Metas/30/15/20191030155800_00160.jpg,datasets_flow/dataset_cropped/10_Metas/30/15/20191030155800_00160.jpg,datasets_cloudmask/dataset_cropped/10_Metas/30/15/20191030155800_00160.png,254.8,342.2,120.1,23.9,964
10/30/2019 15:59,datasets/dataset_cropped/10_Metas/30/15/20191030155900_00160.jpg,datasets_flow/dataset_cropped/10_Metas/30/15/20191030155900_00160.jpg,datasets_cloudmask/dataset_cropped/10_Metas/30/15/20191030155900_00160.png,122.4,32.8,109.1,23.8,964
10/30/2019 16:00,datasets/dataset_cropped/10_Metas/30/16/20191030160000_00160.jpg,datasets_flow/dataset_cropped/10_Metas/30/16/20191030160000_00160.jpg,datasets_cloudmask/dataset_cropped/10_Metas/30/16/20191030160000_00160.png,104.9,9.1,101,23.8,964
10/30/2019 16:01,datasets/dataset_cropped/10_Metas/30/16/20191030160100_00160.jpg,datasets_flow/dataset_cropped/10_Metas/30/16/20191030160100_00160.jpg,datasets_cloudmask/dataset_cropped/10_Metas/30/16/20191030160100_00160.png,101.4,2.6,100,23.6,964
10/30/2019 16:02,datasets/dataset_cropped/10_Metas/30/16/20191030160200_00160.jpg,datasets_flow/dataset_cropped/10_Metas/30/16/20191030160200_00160.jpg,datasets_cloudmask/dataset_cropped/10_Metas/30/16/20191030160200_00160.png,103.3,2.4,101.9,23.4,964
10/30/2019 16:03,datasets/dataset_cropped/10_Metas/30/16/20191030160300_00160.jpg,datasets_flow/dataset_cropped/10_Metas/30/16/20191030160300_00160.jpg,datasets_cloudmask/dataset_cropped/10_Metas/30/16/20191030160300_00160.png,105.4,4.7,103,23.2,964
10/30/2019 16:04,datasets/dataset_cropped/10_Metas/30/16/20191030160400_00160.jpg,datasets_flow/dataset_cropped/10_Metas/30/16/20191030160400_00160.jpg,datasets_cloudmask/dataset_cropped/10_Metas/30/16/20191030160400_00160.png,95.9,1.1,94.9,23,964
10/30/2019 16:05,datasets/dataset_cropped/10_Metas/30/16/20191030160500_00160.jpg,datasets_flow/dataset_cropped/10_Metas/30/16/20191030160500_00160.jpg,datasets_cloudmask/dataset_cropped/10_Metas/30/16/20191030160500_00160.png,81.4,0,81.2,22.9,964
10/30/2019 16:06,datasets/dataset_cropped/10_Metas/30/16/20191030160600_00160.jpg,datasets_flow/dataset_cropped/10_Metas/30/16/20191030160600_00160.jpg,datasets_cloudmask/dataset_cropped/10_Metas/30/16/20191030160600_00160.png,74,0,73.9,22.7,964
10/30/2019 16:07,datasets/dataset_cropped/10_Metas/30/16/20191030160700_00160.jpg,datasets_flow/dataset_cropped/10_Metas/30/16/20191030160700_00160.jpg,datasets_cloudmask/dataset_cropped/10_Metas/30/16/20191030160700_00160.png,74.7,0,74.4,22.6,964
10/30/2019 16:08,datasets/dataset_cropped/10_Metas/30/16/20191030160800_00160.jpg,datasets_flow/dataset_cropped/10_Metas/30/16/20191030160800_00160.jpg,datasets_cloudmask/dataset_cropped/10_Metas/30/16/20191030160800_00160.png,73.5,0,73.3,22.5,964
10/30/2019 16:09,datasets/dataset_cropped/10_Metas/30/16/20191030160900_00160.jpg,datasets_flow/dataset_cropped/10_Metas/30/16/20191030160900_00160.jpg,datasets_cloudmask/dataset_cropped/10_Metas/30/16/20191030160900_00160.png,71.6,2,70.2,22.4,964
10/30/2019 16:10,datasets/dataset_cropped/10_Metas/30/16/20191030161000_00160.jpg,datasets_flow/dataset_cropped/10_Metas/30/16/20191030161000_00160.jpg,datasets_cloudmask/dataset_cropped/10_Metas/30/16/20191030161000_00160.png,71.5,2.3,70,22.4,964
10/30/2019 16:11,datasets/dataset_cropped/10_Metas/30/16/20191030161100_00160.jpg,datasets_flow/dataset_cropped/10_Metas/30/16/20191030161100_00160.jpg,datasets_cloudmask/dataset_cropped/10_Metas/30/16/20191030161100_00160.png,73.9,0.4,73.1,22.3,964
10/30/2019 16:12,datasets/dataset_cropped/10_Metas/30/16/20191030161200_00160.jpg,datasets_flow/dataset_cropped/10_Metas/30/16/20191030161200_00160.jpg,datasets_cloudmask/dataset_cropped/10_Metas/30/16/20191030161200_00160.png,77.6,1.3,76.3,22.2,964
10/30/2019 16:13,datasets/dataset_cropped/10_Metas/30/16/20191030161300_00160.jpg,datasets_flow/dataset_cropped/10_Metas/30/16/20191030161300_00160.jpg,datasets_cloudmask/dataset_cropped/10_Metas/30/16/20191030161300_00160.png,87.1,18.9,79.4,22.2,964
10/30/2019 16:14,datasets/dataset_cropped/10_Metas/30/16/20191030161400_00160.jpg,datasets_flow/dataset_cropped/10_Metas/30/16/20191030161400_00160.jpg,datasets_cloudmask/dataset_cropped/10_Metas/30/16/20191030161400_00160.png,93.3,19.9,85.3,22.1,964
10/30/2019 16:15,datasets/dataset_cropped/10_Metas/30/16/20191030161500_00160.jpg,datasets_flow/dataset_cropped/10_Metas/30/16/20191030161500_00160.jpg,datasets_cloudmask/dataset_cropped/10_Metas/30/16/20191030161500_00160.png,126.4,105,88.2,22.1,964
10/30/2019 16:16,datasets/dataset_cropped/10_Metas/30/16/20191030161600_00160.jpg,datasets_flow/dataset_cropped/10_Metas/30/16/20191030161600_00160.jpg,datasets_cloudmask/dataset_cropped/10_Metas/30/16/20191030161600_00160.png,98.7,50.8,80,22.1,964
10/30/2019 16:17,datasets/dataset_cropped/10_Metas/30/16/20191030161700_00160.jpg,datasets_flow/dataset_cropped/10_Metas/30/16/20191030161700_00160.jpg,datasets_cloudmask/dataset_cropped/10_Metas/30/16/20191030161700_00160.png,76.2,10.3,71.8,22.1,964
10/30/2019 16:18,datasets/dataset_cropped/10_Metas/30/16/20191030161800_00160.jpg,datasets_flow/dataset_cropped/10_Metas/30/16/20191030161800_00160.jpg,datasets_cloudmask/dataset_cropped/10_Metas/30/16/20191030161800_00160.png,80.3,22.9,71.6,22.1,964
10/30/2019 16:19,datasets/dataset_cropped/10_Metas/30/16/20191030161900_00160.jpg,datasets_flow/dataset_cropped/10_Metas/30/16/20191030161900_00160.jpg,datasets_cloudmask/dataset_cropped/10_Metas/30/16/20191030161900_00160.png,87.9,43.2,72.4,22.1,964
10/30/2019 16:20,datasets/dataset_cropped/10_Metas/30/16/20191030162000_00160.jpg,datasets_flow/dataset_cropped/10_Metas/30/16/20191030162000_00160.jpg,datasets_cloudmask/dataset_cropped/10_Metas/30/16/20191030162000_00160.png,79.4,27.9,69.2,22.1,964
10/30/2019 16:21,datasets/dataset_cropped/10_Metas/30/16/20191030162100_00160.jpg,datasets_flow/dataset_cropped/10_Metas/30/16/20191030162100_00160.jpg,datasets_cloudmask/dataset_cropped/10_Metas/30/16/20191030162100_00160.png,73,19.3,65.9,22,964
10/30/2019 16:22,datasets/dataset_cropped/10_Metas/30/16/20191030162200_00160.jpg,datasets_flow/dataset_cropped/10_Metas/30/16/20191030162200_00160.jpg,datasets_cloudmask/dataset_cropped/10_Metas/30/16/20191030162200_00160.png,88.3,61.6,66.9,21.9,964
10/30/2019 16:23,datasets/dataset_cropped/10_Metas/30/16/20191030162300_00160.jpg,datasets_flow/dataset_cropped/10_Metas/30/16/20191030162300_00160.jpg,datasets_cloudmask/dataset_cropped/10_Metas/30/16/20191030162300_00160.png,85.8,50.9,68.3,21.8,964
10/30/2019 16:24,datasets/dataset_cropped/10_Metas/30/16/20191030162400_00160.jpg,datasets_flow/dataset_cropped/10_Metas/30/16/20191030162400_00160.jpg,datasets_cloudmask/dataset_cropped/10_Metas/30/16/20191030162400_00160.png,77.8,31.8,66.5,21.8,964
10/30/2019 16:25,datasets/dataset_cropped/10_Metas/30/16/20191030162500_00160.jpg,datasets_flow/dataset_cropped/10_Metas/30/16/20191030162500_00160.jpg,datasets_cloudmask/dataset_cropped/10_Metas/30/16/20191030162500_00160.png,80.5,45.5,64.8,21.8,964
10/30/2019 16:26,datasets/dataset_cropped/10_Metas/30/16/20191030162600_00160.jpg,datasets_flow/dataset_cropped/10_Metas/30/16/20191030162600_00160.jpg,datasets_cloudmask/dataset_cropped/10_Metas/30/16/20191030162600_00160.png,80.7,41.9,66.5,21.7,964
10/30/2019 16:27,datasets/dataset_cropped/10_Metas/30/16/20191030162700_00160.jpg,datasets_flow/dataset_cropped/10_Metas/30/16/20191030162700_00160.jpg,datasets_cloudmask/dataset_cropped/10_Metas/30/16/20191030162700_00160.png,115.4,147.7,67.1,21.7,964
10/30/2019 16:28,datasets/dataset_cropped/10_Metas/30/16/20191030162800_00160.jpg,datasets_flow/dataset_cropped/10_Metas/30/16/20191030162800_00160.jpg,datasets_cloudmask/dataset_cropped/10_Metas/30/16/20191030162800_00160.png,121.1,169.4,66.6,21.7,964
10/30/2019 16:29,datasets/dataset_cropped/10_Metas/30/16/20191030162900_00160.jpg,datasets_flow/dataset_cropped/10_Metas/30/16/20191030162900_00160.jpg,datasets_cloudmask/dataset_cropped/10_Metas/30/16/20191030162900_00160.png,79.5,50.8,62.7,21.6,964
10/30/2019 16:30,datasets/dataset_cropped/10_Metas/30/16/20191030163000_00160.jpg,datasets_flow/dataset_cropped/10_Metas/30/16/20191030163000_00160.jpg,datasets_cloudmask/dataset_cropped/10_Metas/30/16/20191030163000_00160.png,80.7,59.8,61.3,21.6,964
10/30/2019 16:31,datasets/dataset_cropped/10_Metas/30/16/20191030163100_00160.jpg,datasets_flow/dataset_cropped/10_Metas/30/16/20191030163100_00160.jpg,datasets_cloudmask/dataset_cropped/10_Metas/30/16/20191030163100_00160.png,136.3,231.7,63.8,21.7,964
10/30/2019 16:32,datasets/dataset_cropped/10_Metas/30/16/20191030163200_00160.jpg,datasets_flow/dataset_cropped/10_Metas/30/16/20191030163200_00160.jpg,datasets_cloudmask/dataset_cropped/10_Metas/30/16/20191030163200_00160.png,121.9,183.3,64.8,21.6,964
10/30/2019 16:33,datasets/dataset_cropped/10_Metas/30/16/20191030163300_00160.jpg,datasets_flow/dataset_cropped/10_Metas/30/16/20191030163300_00160.jpg,datasets_cloudmask/dataset_cropped/10_Metas/30/16/20191030163300_00160.png,98.5,107.7,65,21.7,964
10/30/2019 16:34,datasets/dataset_cropped/10_Metas/30/16/20191030163400_00160.jpg,datasets_flow/dataset_cropped/10_Metas/30/16/20191030163400_00160.jpg,datasets_cloudmask/dataset_cropped/10_Metas/30/16/20191030163400_00160.png,67.5,7.2,64.7,21.8,964
10/30/2019 16:35,datasets/dataset_cropped/10_Metas/30/16/20191030163500_00160.jpg,datasets_flow/dataset_cropped/10_Metas/30/16/20191030163500_00160.jpg,datasets_cloudmask/dataset_cropped/10_Metas/30/16/20191030163500_00160.png,65.8,1.2,65.1,21.8,964
10/30/2019 16:36,datasets/dataset_cropped/10_Metas/30/16/20191030163600_00160.jpg,datasets_flow/dataset_cropped/10_Metas/30/16/20191030163600_00160.jpg,datasets_cloudmask/dataset_cropped/10_Metas/30/16/20191030163600_00160.png,67.6,1.6,66.8,21.7,964
10/30/2019 16:37,datasets/dataset_cropped/10_Metas/30/16/20191030163700_00160.jpg,datasets_flow/dataset_cropped/10_Metas/30/16/20191030163700_00160.jpg,datasets_cloudmask/dataset_cropped/10_Metas/30/16/20191030163700_00160.png,69.1,3.6,67.6,21.5,964
10/30/2019 16:38,datasets/dataset_cropped/10_Metas/30/16/20191030163800_00160.jpg,datasets_flow/dataset_cropped/10_Metas/30/16/20191030163800_00160.jpg,datasets_cloudmask/dataset_cropped/10_Metas/30/16/20191030163800_00160.png,69.9,5.7,67.8,21.4,964
10/30/2019 16:39,datasets/dataset_cropped/10_Metas/30/16/20191030163900_00160.jpg,datasets_flow/dataset_cropped/10_Metas/30/16/20191030163900_00160.jpg,datasets_cloudmask/dataset_cropped/10_Metas/30/16/20191030163900_00160.png,82.2,50.6,67,21.3,964
10/30/2019 16:40,datasets/dataset_cropped/10_Metas/30/16/20191030164000_00160.jpg,datasets_flow/dataset_cropped/10_Metas/30/16/20191030164000_00160.jpg,datasets_cloudmask/dataset_cropped/10_Metas/30/16/20191030164000_00160.png,67.2,7.3,64.5,21.2,964
10/30/2019 16:41,datasets/dataset_cropped/10_Metas/30/16/20191030164100_00160.jpg,datasets_flow/dataset_cropped/10_Metas/30/16/20191030164100_00160.jpg,datasets_cloudmask/dataset_cropped/10_Metas/30/16/20191030164100_00160.png,63.1,1.2,62.6,21.3,964
10/30/2019 16:42,datasets/dataset_cropped/10_Metas/30/16/20191030164200_00160.jpg,datasets_flow/dataset_cropped/10_Metas/30/16/20191030164200_00160.jpg,datasets_cloudmask/dataset_cropped/10_Metas/30/16/20191030164200_00160.png,64.8,8.3,62.2,21.2,964
10/30/2019 16:43,datasets/dataset_cropped/10_Metas/30/16/20191030164300_00160.jpg,datasets_flow/dataset_cropped/10_Metas/30/16/20191030164300_00160.jpg,datasets_cloudmask/dataset_cropped/10_Metas/30/16/20191030164300_00160.png,73.4,41.3,61.6,21.2,964
10/30/2019 16:44,datasets/dataset_cropped/10_Metas/30/16/20191030164400_00160.jpg,datasets_flow/dataset_cropped/10_Metas/30/16/20191030164400_00160.jpg,datasets_cloudmask/dataset_cropped/10_Metas/30/16/20191030164400_00160.png,66,22,59.6,21.2,964
10/30/2019 16:45,datasets/dataset_cropped/10_Metas/30/16/20191030164500_00160.jpg,datasets_flow/dataset_cropped/10_Metas/30/16/20191030164500_00160.jpg,datasets_cloudmask/dataset_cropped/10_Metas/30/16/20191030164500_00160.png,70.8,43.1,58.6,21.2,964
10/30/2019 16:46,datasets/dataset_cropped/10_Metas/30/16/20191030164600_00160.jpg,datasets_flow/dataset_cropped/10_Metas/30/16/20191030164600_00160.jpg,datasets_cloudmask/dataset_cropped/10_Metas/30/16/20191030164600_00160.png,74.9,61.2,57.9,21.1,964
10/30/2019 16:47,datasets/dataset_cropped/10_Metas/30/16/20191030164700_00160.jpg,datasets_flow/dataset_cropped/10_Metas/30/16/20191030164700_00160.jpg,datasets_cloudmask/dataset_cropped/10_Metas/30/16/20191030164700_00160.png,68.6,44.6,56.4,21.1,964
10/30/2019 16:48,datasets/dataset_cropped/10_Metas/30/16/20191030164800_00160.jpg,datasets_flow/dataset_cropped/10_Metas/30/16/20191030164800_00160.jpg,datasets_cloudmask/dataset_cropped/10_Metas/30/16/20191030164800_00160.png,71.2,61.1,54.9,21.1,964
10/30/2019 16:49,datasets/dataset_cropped/10_Metas/30/16/20191030164900_00160.jpg,datasets_flow/dataset_cropped/10_Metas/30/16/20191030164900_00160.jpg,datasets_cloudmask/dataset_cropped/10_Metas/30/16/20191030164900_00160.png,63.4,32.9,54.5,21.1,964
10/30/2019 16:50,datasets/dataset_cropped/10_Metas/30/16/20191030165000_00160.jpg,datasets_flow/dataset_cropped/10_Metas/30/16/20191030165000_00160.jpg,datasets_cloudmask/dataset_cropped/10_Metas/30/16/20191030165000_00160.png,59.9,20.4,54.4,21.1,964
10/30/2019 16:51,datasets/dataset_cropped/10_Metas/30/16/20191030165100_00160.jpg,datasets_flow/dataset_cropped/10_Metas/30/16/20191030165100_00160.jpg,datasets_cloudmask/dataset_cropped/10_Metas/30/16/20191030165100_00160.png,60.1,17.9,55.3,21.1,964
10/30/2019 16:52,datasets/dataset_cropped/10_Metas/30/16/20191030165200_00160.jpg,datasets_flow/dataset_cropped/10_Metas/30/16/20191030165200_00160.jpg,datasets_cloudmask/dataset_cropped/10_Metas/30/16/20191030165200_00160.png,64.1,28.9,56.6,21.1,964
10/30/2019 16:53,datasets/dataset_cropped/10_Metas/30/16/20191030165300_00160.jpg,datasets_flow/dataset_cropped/10_Metas/30/16/20191030165300_00160.jpg,datasets_cloudmask/dataset_cropped/10_Metas/30/16/20191030165300_00160.png,62.5,19.3,57.6,21.1,964
10/30/2019 16:54,datasets/dataset_cropped/10_Metas/30/16/20191030165400_00160.jpg,datasets_flow/dataset_cropped/10_Metas/30/16/20191030165400_00160.jpg,datasets_cloudmask/dataset_cropped/10_Metas/30/16/20191030165400_00160.png,74.7,65.2,58.7,21,964
10/30/2019 16:55,datasets/dataset_cropped/10_Metas/30/16/20191030165500_00160.jpg,datasets_flow/dataset_cropped/10_Metas/30/16/20191030165500_00160.jpg,datasets_cloudmask/dataset_cropped/10_Metas/30/16/20191030165500_00160.png,78.8,76.4,60.2,21,964
10/30/2019 16:56,datasets/dataset_cropped/10_Metas/30/16/20191030165600_00160.jpg,datasets_flow/dataset_cropped/10_Metas/30/16/20191030165600_00160.jpg,datasets_cloudmask/dataset_cropped/10_Metas/30/16/20191030165600_00160.png,72.6,45.2,61.7,21,964
10/30/2019 16:57,datasets/dataset_cropped/10_Metas/30/16/20191030165700_00160.jpg,datasets_flow/dataset_cropped/10_Metas/30/16/20191030165700_00160.jpg,datasets_cloudmask/dataset_cropped/10_Metas/30/16/20191030165700_00160.png,80.1,71,63.2,21,964
10/30/2019 16:58,datasets/dataset_cropped/10_Metas/30/16/20191030165800_00160.jpg,datasets_flow/dataset_cropped/10_Metas/30/16/20191030165800_00160.jpg,datasets_cloudmask/dataset_cropped/10_Metas/30/16/20191030165800_00160.png,92.4,119.6,64.3,21,964
10/30/2019 16:59,datasets/dataset_cropped/10_Metas/30/16/20191030165900_00160.jpg,datasets_flow/dataset_cropped/10_Metas/30/16/20191030165900_00160.jpg,datasets_cloudmask/dataset_cropped/10_Metas/30/16/20191030165900_00160.png,100,149.2,65.5,21.1,964
10/30/2019 17:00,datasets/dataset_cropped/10_Metas/30/17/20191030170000_00160.jpg,datasets_flow/dataset_cropped/10_Metas/30/17/20191030170000_00160.jpg,datasets_cloudmask/dataset_cropped/10_Metas/30/17/20191030170000_00160.png,108.9,183.1,67.2,21.1,964
10/30/2019 17:01,datasets/dataset_cropped/10_Metas/30/17/20191030170100_00160.jpg,datasets_flow/dataset_cropped/10_Metas/30/17/20191030170100_00160.jpg,datasets_cloudmask/dataset_cropped/10_Metas/30/17/20191030170100_00160.png,133.3,281.7,70,21.1,964
10/30/2019 17:02,datasets/dataset_cropped/10_Metas/30/17/20191030170200_00160.jpg,datasets_flow/dataset_cropped/10_Metas/30/17/20191030170200_00160.jpg,datasets_cloudmask/dataset_cropped/10_Metas/30/17/20191030170200_00160.png,136.7,285.9,73.3,21.2,964
10/30/2019 17:03,datasets/dataset_cropped/10_Metas/30/17/20191030170300_00160.jpg,datasets_flow/dataset_cropped/10_Metas/30/17/20191030170300_00160.jpg,datasets_cloudmask/dataset_cropped/10_Metas/30/17/20191030170300_00160.png,143,305.3,76.3,21.3,964
10/30/2019 17:04,datasets/dataset_cropped/10_Metas/30/17/20191030170400_00160.jpg,datasets_flow/dataset_cropped/10_Metas/30/17/20191030170400_00160.jpg,datasets_cloudmask/dataset_cropped/10_Metas/30/17/20191030170400_00160.png,150.7,336.2,78.3,21.4,964
10/30/2019 17:05,datasets/dataset_cropped/10_Metas/30/17/20191030170500_00160.jpg,datasets_flow/dataset_cropped/10_Metas/30/17/20191030170500_00160.jpg,datasets_cloudmask/dataset_cropped/10_Metas/30/17/20191030170500_00160.png,170.1,426.6,79.7,21.5,964
10/30/2019 17:06,datasets/dataset_cropped/10_Metas/30/17/20191030170600_00160.jpg,datasets_flow/dataset_cropped/10_Metas/30/17/20191030170600_00160.jpg,datasets_cloudmask/dataset_cropped/10_Metas/30/17/20191030170600_00160.png,185.5,501.7,80.7,21.6,964
10/30/2019 17:07,datasets/dataset_cropped/10_Metas/30/17/20191030170700_00160.jpg,datasets_flow/dataset_cropped/10_Metas/30/17/20191030170700_00160.jpg,datasets_cloudmask/dataset_cropped/10_Metas/30/17/20191030170700_00160.png,181.1,484.5,81.4,21.6,964
10/30/2019 17:08,datasets/dataset_cropped/10_Metas/30/17/20191030170800_00160.jpg,datasets_flow/dataset_cropped/10_Metas/30/17/20191030170800_00160.jpg,datasets_cloudmask/dataset_cropped/10_Metas/30/17/20191030170800_00160.png,185.3,506.7,82.5,21.6,964
10/30/2019 17:09,datasets/dataset_cropped/10_Metas/30/17/20191030170900_00160.jpg,datasets_flow/dataset_cropped/10_Metas/30/17/20191030170900_00160.jpg,datasets_cloudmask/dataset_cropped/10_Metas/30/17/20191030170900_00160.png,183.4,502.1,83.1,21.7,964
10/30/2019 17:10,datasets/dataset_cropped/10_Metas/30/17/20191030171000_00160.jpg,datasets_flow/dataset_cropped/10_Metas/30/17/20191030171000_00160.jpg,datasets_cloudmask/dataset_cropped/10_Metas/30/17/20191030171000_00160.png,181.7,499.5,83.5,21.8,964
10/30/2019 17:11,datasets/dataset_cropped/10_Metas/30/17/20191030171100_00160.jpg,datasets_flow/dataset_cropped/10_Metas/30/17/20191030171100_00160.jpg,datasets_cloudmask/dataset_cropped/10_Metas/30/17/20191030171100_00160.png,179.2,492.9,83.9,21.9,964
10/30/2019 17:12,datasets/dataset_cropped/10_Metas/30/17/20191030171200_00160.jpg,datasets_flow/dataset_cropped/10_Metas/30/17/20191030171200_00160.jpg,datasets_cloudmask/dataset_cropped/10_Metas/30/17/20191030171200_00160.png,177.2,488.8,84.2,21.9,964
10/30/2019 17:13,datasets/dataset_cropped/10_Metas/30/17/20191030171300_00160.jpg,datasets_flow/dataset_cropped/10_Metas/30/17/20191030171300_00160.jpg,datasets_cloudmask/dataset_cropped/10_Metas/30/17/20191030171300_00160.png,175.7,488,84.3,21.9,964
10/30/2019 17:14,datasets/dataset_cropped/10_Metas/30/17/20191030171400_00160.jpg,datasets_flow/dataset_cropped/10_Metas/30/17/20191030171400_00160.jpg,datasets_cloudmask/dataset_cropped/10_Metas/30/17/20191030171400_00160.png,173.2,482.5,84.3,21.9,964
10/30/2019 17:15,datasets/dataset_cropped/10_Metas/30/17/20191030171500_00160.jpg,datasets_flow/dataset_cropped/10_Metas/30/17/20191030171500_00160.jpg,datasets_cloudmask/dataset_cropped/10_Metas/30/17/20191030171500_00160.png,170.3,476.3,84,22,964
10/30/2019 17:16,datasets/dataset_cropped/10_Metas/30/17/20191030171600_00160.jpg,datasets_flow/dataset_cropped/10_Metas/30/17/20191030171600_00160.jpg,datasets_cloudmask/dataset_cropped/10_Metas/30/17/20191030171600_00160.png,167.6,471.1,83.6,22,964
10/30/2019 17:17,datasets/dataset_cropped/10_Metas/30/17/20191030171700_00160.jpg,datasets_flow/dataset_cropped/10_Metas/30/17/20191030171700_00160.jpg,datasets_cloudmask/dataset_cropped/10_Metas/30/17/20191030171700_00160.png,165.2,469.3,82.8,22,964
10/30/2019 17:18,datasets/dataset_cropped/10_Metas/30/17/20191030171800_00160.jpg,datasets_flow/dataset_cropped/10_Metas/30/17/20191030171800_00160.jpg,datasets_cloudmask/dataset_cropped/10_Metas/30/17/20191030171800_00160.png,161.9,464.7,81.8,22,964
10/30/2019 17:19,datasets/dataset_cropped/10_Metas/30/17/20191030171900_00160.jpg,datasets_flow/dataset_cropped/10_Metas/30/17/20191030171900_00160.jpg,datasets_cloudmask/dataset_cropped/10_Metas/30/17/20191030171900_00160.png,157.9,457,80.5,22,964
10/30/2019 17:20,datasets/dataset_cropped/10_Metas/30/17/20191030172000_00160.jpg,datasets_flow/dataset_cropped/10_Metas/30/17/20191030172000_00160.jpg,datasets_cloudmask/dataset_cropped/10_Metas/30/17/20191030172000_00160.png,153.9,449.8,79.1,21.9,964
10/30/2019 17:21,datasets/dataset_cropped/10_Metas/30/17/20191030172100_00160.jpg,datasets_flow/dataset_cropped/10_Metas/30/17/20191030172100_00160.jpg,datasets_cloudmask/dataset_cropped/10_Metas/30/17/20191030172100_00160.png,149.4,440.6,77.4,21.9,964
10/30/2019 17:22,datasets/dataset_cropped/10_Metas/30/17/20191030172200_00160.jpg,datasets_flow/dataset_cropped/10_Metas/30/17/20191030172200_00160.jpg,datasets_cloudmask/dataset_cropped/10_Metas/30/17/20191030172200_00160.png,145.1,432.3,75.8,21.9,964
10/30/2019 17:23,datasets/dataset_cropped/10_Metas/30/17/20191030172300_00160.jpg,datasets_flow/dataset_cropped/10_Metas/30/17/20191030172300_00160.jpg,datasets_cloudmask/dataset_cropped/10_Metas/30/17/20191030172300_00160.png,139.8,418.3,74,21.9,964
10/30/2019 17:24,datasets/dataset_cropped/10_Metas/30/17/20191030172400_00160.jpg,datasets_flow/dataset_cropped/10_Metas/30/17/20191030172400_00160.jpg,datasets_cloudmask/dataset_cropped/10_Metas/30/17/20191030172400_00160.png,137,418.1,72.5,21.9,964
10/30/2019 17:25,datasets/dataset_cropped/10_Metas/30/17/20191030172500_00160.jpg,datasets_flow/dataset_cropped/10_Metas/30/17/20191030172500_00160.jpg,datasets_cloudmask/dataset_cropped/10_Metas/30/17/20191030172500_00160.png,133.3,412.2,71,21.8,964
10/30/2019 17:26,datasets/dataset_cropped/10_Metas/30/17/20191030172600_00160.jpg,datasets_flow/dataset_cropped/10_Metas/30/17/20191030172600_00160.jpg,datasets_cloudmask/dataset_cropped/10_Metas/30/17/20191030172600_00160.png,113,297.5,69,21.8,964
10/30/2019 17:27,datasets/dataset_cropped/10_Metas/30/17/20191030172700_00160.jpg,datasets_flow/dataset_cropped/10_Metas/30/17/20191030172700_00160.jpg,datasets_cloudmask/dataset_cropped/10_Metas/30/17/20191030172700_00160.png,115.8,332.7,67.6,21.8,964
10/30/2019 17:28,datasets/dataset_cropped/10_Metas/30/17/20191030172800_00160.jpg,datasets_flow/dataset_cropped/10_Metas/30/17/20191030172800_00160.jpg,datasets_cloudmask/dataset_cropped/10_Metas/30/17/20191030172800_00160.png,121.4,385.6,66.7,21.7,964
10/30/2019 17:29,datasets/dataset_cropped/10_Metas/30/17/20191030172900_00160.jpg,datasets_flow/dataset_cropped/10_Metas/30/17/20191030172900_00160.jpg,datasets_cloudmask/dataset_cropped/10_Metas/30/17/20191030172900_00160.png,119.9,390.7,65.7,21.7,964
10/30/2019 17:30,datasets/dataset_cropped/10_Metas/30/17/20191030173000_00160.jpg,datasets_flow/dataset_cropped/10_Metas/30/17/20191030173000_00160.jpg,datasets_cloudmask/dataset_cropped/10_Metas/30/17/20191030173000_00160.png,116.8,385.1,64.6,21.8,964
10/30/2019 17:31,datasets/dataset_cropped/10_Metas/30/17/20191030173100_00160.jpg,datasets_flow/dataset_cropped/10_Metas/30/17/20191030173100_00160.jpg,datasets_cloudmask/dataset_cropped/10_Metas/30/17/20191030173100_00160.png,113.2,374.8,63.5,21.7,964
10/30/2019 17:32,datasets/dataset_cropped/10_Metas/30/17/20191030173200_00160.jpg,datasets_flow/dataset_cropped/10_Metas/30/17/20191030173200_00160.jpg,datasets_cloudmask/dataset_cropped/10_Metas/30/17/20191030173200_00160.png,110,367.6,62.4,21.7,964
10/30/2019 17:33,datasets/dataset_cropped/10_Metas/30/17/20191030173300_00160.jpg,datasets_flow/dataset_cropped/10_Metas/30/17/20191030173300_00160.jpg,datasets_cloudmask/dataset_cropped/10_Metas/30/17/20191030173300_00160.png,106.1,354.8,61.3,21.7,965
10/30/2019 17:34,datasets/dataset_cropped/10_Metas/30/17/20191030173400_00160.jpg,datasets_flow/dataset_cropped/10_Metas/30/17/20191030173400_00160.jpg,datasets_cloudmask/dataset_cropped/10_Metas/30/17/20191030173400_00160.png,97.1,304.9,59.5,21.7,965
10/30/2019 17:35,datasets/dataset_cropped/10_Metas/30/17/20191030173500_00160.jpg,datasets_flow/dataset_cropped/10_Metas/30/17/20191030173500_00160.jpg,datasets_cloudmask/dataset_cropped/10_Metas/30/17/20191030173500_00160.png,88.5,258.9,57.5,21.6,965
10/30/2019 17:36,datasets/dataset_cropped/10_Metas/30/17/20191030173600_00160.jpg,datasets_flow/dataset_cropped/10_Metas/30/17/20191030173600_00160.jpg,datasets_cloudmask/dataset_cropped/10_Metas/30/17/20191030173600_00160.png,81.9,228.1,55,21.7,965
10/30/2019 17:37,datasets/dataset_cropped/10_Metas/30/17/20191030173700_00160.jpg,datasets_flow/dataset_cropped/10_Metas/30/17/20191030173700_00160.jpg,datasets_cloudmask/dataset_cropped/10_Metas/30/17/20191030173700_00160.png,83.3,261.8,53.4,21.6,964
10/30/2019 17:38,datasets/dataset_cropped/10_Metas/30/17/20191030173800_00160.jpg,datasets_flow/dataset_cropped/10_Metas/30/17/20191030173800_00160.jpg,datasets_cloudmask/dataset_cropped/10_Metas/30/17/20191030173800_00160.png,79.5,247.3,51.9,21.6,964
10/30/2019 17:39,datasets/dataset_cropped/10_Metas/30/17/20191030173900_00160.jpg,datasets_flow/dataset_cropped/10_Metas/30/17/20191030173900_00160.jpg,datasets_cloudmask/dataset_cropped/10_Metas/30/17/20191030173900_00160.png,78,254.4,50.5,21.5,965
10/30/2019 17:40,datasets/dataset_cropped/10_Metas/30/17/20191030174000_00160.jpg,datasets_flow/dataset_cropped/10_Metas/30/17/20191030174000_00160.jpg,datasets_cloudmask/dataset_cropped/10_Metas/30/17/20191030174000_00160.png,81.3,302.8,49.4,21.5,964
10/30/2019 17:41,datasets/dataset_cropped/10_Metas/30/17/20191030174100_00160.jpg,datasets_flow/dataset_cropped/10_Metas/30/17/20191030174100_00160.jpg,datasets_cloudmask/dataset_cropped/10_Metas/30/17/20191030174100_00160.png,77.8,295,47.8,21.4,965
10/30/2019 17:42,datasets/dataset_cropped/10_Metas/30/17/20191030174200_00160.jpg,datasets_flow/dataset_cropped/10_Metas/30/17/20191030174200_00160.jpg,datasets_cloudmask/dataset_cropped/10_Metas/30/17/20191030174200_00160.png,73.8,281.4,46,21.4,965
10/30/2019 17:43,datasets/dataset_cropped/10_Metas/30/17/20191030174300_00160.jpg,datasets_flow/dataset_cropped/10_Metas/30/17/20191030174300_00160.jpg,datasets_cloudmask/dataset_cropped/10_Metas/30/17/20191030174300_00160.png,71.2,279.9,44.5,21.4,964
10/30/2019 17:44,datasets/dataset_cropped/10_Metas/30/17/20191030174400_00160.jpg,datasets_flow/dataset_cropped/10_Metas/30/17/20191030174400_00160.jpg,datasets_cloudmask/dataset_cropped/10_Metas/30/17/20191030174400_00160.png,69.2,284.7,42.9,21.3,965
10/30/2019 17:45,datasets/dataset_cropped/10_Metas/30/17/20191030174500_00160.jpg,datasets_flow/dataset_cropped/10_Metas/30/17/20191030174500_00160.jpg,datasets_cloudmask/dataset_cropped/10_Metas/30/17/20191030174500_00160.png,63.5,249.5,41.1,21.4,965
10/30/2019 17:46,datasets/dataset_cropped/10_Metas/30/17/20191030174600_00160.jpg,datasets_flow/dataset_cropped/10_Metas/30/17/20191030174600_00160.jpg,datasets_cloudmask/dataset_cropped/10_Metas/30/17/20191030174600_00160.png,52.4,155.8,38.8,21.4,965
10/30/2019 17:47,datasets/dataset_cropped/10_Metas/30/17/20191030174700_00160.jpg,datasets_flow/dataset_cropped/10_Metas/30/17/20191030174700_00160.jpg,datasets_cloudmask/dataset_cropped/10_Metas/30/17/20191030174700_00160.png,50.6,172.1,36.3,21.3,965
10/30/2019 17:48,datasets/dataset_cropped/10_Metas/30/17/20191030174800_00160.jpg,datasets_flow/dataset_cropped/10_Metas/30/17/20191030174800_00160.jpg,datasets_cloudmask/dataset_cropped/10_Metas/30/17/20191030174800_00160.png,50.6,200.6,34.5,21.2,965
10/30/2019 17:49,datasets/dataset_cropped/10_Metas/30/17/20191030174900_00160.jpg,datasets_flow/dataset_cropped/10_Metas/30/17/20191030174900_00160.jpg,datasets_cloudmask/dataset_cropped/10_Metas/30/17/20191030174900_00160.png,44.8,158.8,32.5,21.2,965
10/30/2019 17:50,datasets/dataset_cropped/10_Metas/30/17/20191030175000_00160.jpg,datasets_flow/dataset_cropped/10_Metas/30/17/20191030175000_00160.jpg,datasets_cloudmask/dataset_cropped/10_Metas/30/17/20191030175000_00160.png,41.4,143.7,30.6,21.2,965
10/30/2019 17:51,datasets/dataset_cropped/10_Metas/30/17/20191030175100_00160.jpg,datasets_flow/dataset_cropped/10_Metas/30/17/20191030175100_00160.jpg,datasets_cloudmask/dataset_cropped/10_Metas/30/17/20191030175100_00160.png,39.2,147.7,28.6,21.1,965
10/30/2019 17:52,datasets/dataset_cropped/10_Metas/30/17/20191030175200_00160.jpg,datasets_flow/dataset_cropped/10_Metas/30/17/20191030175200_00160.jpg,datasets_cloudmask/dataset_cropped/10_Metas/30/17/20191030175200_00160.png,34,109.6,26.3,21.1,965
10/30/2019 17:53,datasets/dataset_cropped/10_Metas/30/17/20191030175300_00160.jpg,datasets_flow/dataset_cropped/10_Metas/30/17/20191030175300_00160.jpg,datasets_cloudmask/dataset_cropped/10_Metas/30/17/20191030175300_00160.png,28,60.5,23.8,21.1,965
10/30/2019 17:54,datasets/dataset_cropped/10_Metas/30/17/20191030175400_00160.jpg,datasets_flow/dataset_cropped/10_Metas/30/17/20191030175400_00160.jpg,datasets_cloudmask/dataset_cropped/10_Metas/30/17/20191030175400_00160.png,24,37.3,21.4,20.9,965
10/30/2019 17:55,datasets/dataset_cropped/10_Metas/30/17/20191030175500_00160.jpg,datasets_flow/dataset_cropped/10_Metas/30/17/20191030175500_00160.jpg,datasets_cloudmask/dataset_cropped/10_Metas/30/17/20191030175500_00160.png,22.3,43.8,19.5,20.8,965
10/30/2019 17:56,datasets/dataset_cropped/10_Metas/30/17/20191030175600_00160.jpg,datasets_flow/dataset_cropped/10_Metas/30/17/20191030175600_00160.jpg,datasets_cloudmask/dataset_cropped/10_Metas/30/17/20191030175600_00160.png,21.1,51.1,18,20.7,965
10/30/2019 17:57,datasets/dataset_cropped/10_Metas/30/17/20191030175700_00160.jpg,datasets_flow/dataset_cropped/10_Metas/30/17/20191030175700_00160.jpg,datasets_cloudmask/dataset_cropped/10_Metas/30/17/20191030175700_00160.png,19.1,39.6,16.6,20.7,965
10/30/2019 17:58,datasets/dataset_cropped/10_Metas/30/17/20191030175800_00160.jpg,datasets_flow/dataset_cropped/10_Metas/30/17/20191030175800_00160.jpg,datasets_cloudmask/dataset_cropped/10_Metas/30/17/20191030175800_00160.png,16.8,23.8,15.2,20.7,965
10/30/2019 17:59,datasets/dataset_cropped/10_Metas/30/17/20191030175900_00160.jpg,datasets_flow/dataset_cropped/10_Metas/30/17/20191030175900_00160.jpg,datasets_cloudmask/dataset_cropped/10_Metas/30/17/20191030175900_00160.png,14.9,14.6,13.8,20.6,965
10/30/2019 18:00,datasets/dataset_cropped/10_Metas/30/18/20191030180000_00160.jpg,datasets_flow/dataset_cropped/10_Metas/30/18/20191030180000_00160.jpg,datasets_cloudmask/dataset_cropped/10_Metas/30/18/20191030180000_00160.png,13.2,9.9,12.4,20.5,965
10/30/2019 18:01,datasets/dataset_cropped/10_Metas/30/18/20191030180100_00160.jpg,datasets_flow/dataset_cropped/10_Metas/30/18/20191030180100_00160.jpg,datasets_cloudmask/dataset_cropped/10_Metas/30/18/20191030180100_00160.png,11.8,8,11.1,20.4,965
10/30/2019 18:02,datasets/dataset_cropped/10_Metas/30/18/20191030180200_00160.jpg,datasets_flow/dataset_cropped/10_Metas/30/18/20191030180200_00160.jpg,datasets_cloudmask/dataset_cropped/10_Metas/30/18/20191030180200_00160.png,10.4,5.7,9.8,20.3,965
10/30/2019 18:03,datasets/dataset_cropped/10_Metas/30/18/20191030180300_00160.jpg,datasets_flow/dataset_cropped/10_Metas/30/18/20191030180300_00160.jpg,datasets_cloudmask/dataset_cropped/10_Metas/30/18/20191030180300_00160.png,9.4,5.7,8.8,20.2,965
10/30/2019 18:04,datasets/dataset_cropped/10_Metas/30/18/20191030180400_00160.jpg,datasets_flow/dataset_cropped/10_Metas/30/18/20191030180400_00160.jpg,datasets_cloudmask/dataset_cropped/10_Metas/30/18/20191030180400_00160.png,8.3,4,7.8,20.2,965
10/30/2019 18:05,datasets/dataset_cropped/10_Metas/30/18/20191030180500_00160.jpg,datasets_flow/dataset_cropped/10_Metas/30/18/20191030180500_00160.jpg,datasets_cloudmask/dataset_cropped/10_Metas/30/18/20191030180500_00160.png,7.3,3,6.8,20.1,965
10/30/2019 18:06,datasets/dataset_cropped/10_Metas/30/18/20191030180600_00160.jpg,datasets_flow/dataset_cropped/10_Metas/30/18/20191030180600_00160.jpg,datasets_cloudmask/dataset_cropped/10_Metas/30/18/20191030180600_00160.png,6.4,1.7,6,20.2,965
10/30/2019 18:07,datasets/dataset_cropped/10_Metas/30/18/20191030180700_00160.jpg,datasets_flow/dataset_cropped/10_Metas/30/18/20191030180700_00160.jpg,datasets_cloudmask/dataset_cropped/10_Metas/30/18/20191030180700_00160.png,5.4,0.4,5.1,20.2,965
10/30/2019 18:08,datasets/dataset_cropped/10_Metas/30/18/20191030180800_00160.jpg,datasets_flow/dataset_cropped/10_Metas/30/18/20191030180800_00160.jpg,datasets_cloudmask/dataset_cropped/10_Metas/30/18/20191030180800_00160.png,4.5,0,4.2,20.2,965
10/30/2019 18:09,datasets/dataset_cropped/10_Metas/30/18/20191030180900_00160.jpg,datasets_flow/dataset_cropped/10_Metas/30/18/20191030180900_00160.jpg,datasets_cloudmask/dataset_cropped/10_Metas/30/18/20191030180900_00160.png,3.8,0,3.5,20.2,965
10/30/2019 18:10,datasets/dataset_cropped/10_Metas/30/18/20191030181000_00160.jpg,datasets_flow/dataset_cropped/10_Metas/30/18/20191030181000_00160.jpg,datasets_cloudmask/dataset_cropped/10_Metas/30/18/20191030181000_00160.png,3.1,0,2.8,20,965
10/30/2019 18:11,datasets/dataset_cropped/10_Metas/30/18/20191030181100_00160.jpg,datasets_flow/dataset_cropped/10_Metas/30/18/20191030181100_00160.jpg,datasets_cloudmask/dataset_cropped/10_Metas/30/18/20191030181100_00160.png,2.6,0,2.3,19.9,965
10/30/2019 18:12,datasets/dataset_cropped/10_Metas/30/18/20191030181200_00160.jpg,datasets_flow/dataset_cropped/10_Metas/30/18/20191030181200_00160.jpg,datasets_cloudmask/dataset_cropped/10_Metas/30/18/20191030181200_00160.png,2.1,0,1.9,19.8,965
10/31/2019 7:34,datasets/dataset_cropped/10_Metas/31/07/20191031073400_00160.jpg,datasets_flow/dataset_cropped/10_Metas/31/07/20191031073400_00160.jpg,datasets_cloudmask/dataset_cropped/10_Metas/31/07/20191031073400_00160.png,3.3,1,3.5,16.1,966
10/31/2019 7:35,datasets/dataset_cropped/10_Metas/31/07/20191031073500_00160.jpg,datasets_flow/dataset_cropped/10_Metas/31/07/20191031073500_00160.jpg,datasets_cloudmask/dataset_cropped/10_Metas/31/07/20191031073500_00160.png,3.7,1.5,3.7,16,966
10/31/2019 7:36,datasets/dataset_cropped/10_Metas/31/07/20191031073600_00160.jpg,datasets_flow/dataset_cropped/10_Metas/31/07/20191031073600_00160.jpg,datasets_cloudmask/dataset_cropped/10_Metas/31/07/20191031073600_00160.png,3.9,2.4,3.7,16,966
10/31/2019 7:37,datasets/dataset_cropped/10_Metas/31/07/20191031073700_00160.jpg,datasets_flow/dataset_cropped/10_Metas/31/07/20191031073700_00160.jpg,datasets_cloudmask/dataset_cropped/10_Metas/31/07/20191031073700_00160.png,4.5,10,4.2,15.9,966
10/31/2019 7:38,datasets/dataset_cropped/10_Metas/31/07/20191031073800_00160.jpg,datasets_flow/dataset_cropped/10_Metas/31/07/20191031073800_00160.jpg,datasets_cloudmask/dataset_cropped/10_Metas/31/07/20191031073800_00160.png,5.6,17.1,5.3,16,966
10/31/2019 7:39,datasets/dataset_cropped/10_Metas/31/07/20191031073900_00160.jpg,datasets_flow/dataset_cropped/10_Metas/31/07/20191031073900_00160.jpg,datasets_cloudmask/dataset_cropped/10_Metas/31/07/20191031073900_00160.png,6.4,14.6,6.1,16,966
10/31/2019 7:40,datasets/dataset_cropped/10_Metas/31/07/20191031074000_00160.jpg,datasets_flow/dataset_cropped/10_Metas/31/07/20191031074000_00160.jpg,datasets_cloudmask/dataset_cropped/10_Metas/31/07/20191031074000_00160.png,7.2,10.5,6.7,15.9,966
10/31/2019 7:41,datasets/dataset_cropped/10_Metas/31/07/20191031074100_00160.jpg,datasets_flow/dataset_cropped/10_Metas/31/07/20191031074100_00160.jpg,datasets_cloudmask/dataset_cropped/10_Metas/31/07/20191031074100_00160.png,8,14.4,7.4,15.9,966
10/31/2019 7:42,datasets/dataset_cropped/10_Metas/31/07/20191031074200_00160.jpg,datasets_flow/dataset_cropped/10_Metas/31/07/20191031074200_00160.jpg,datasets_cloudmask/dataset_cropped/10_Metas/31/07/20191031074200_00160.png,9,27.8,8.2,15.8,966
10/31/2019 7:43,datasets/dataset_cropped/10_Metas/31/07/20191031074300_00160.jpg,datasets_flow/dataset_cropped/10_Metas/31/07/20191031074300_00160.jpg,datasets_cloudmask/dataset_cropped/10_Metas/31/07/20191031074300_00160.png,10.2,42.7,8.9,15.8,966
10/31/2019 7:44,datasets/dataset_cropped/10_Metas/31/07/20191031074400_00160.jpg,datasets_flow/dataset_cropped/10_Metas/31/07/20191031074400_00160.jpg,datasets_cloudmask/dataset_cropped/10_Metas/31/07/20191031074400_00160.png,11.2,49.8,9.6,15.8,966
10/31/2019 7:45,datasets/dataset_cropped/10_Metas/31/07/20191031074500_00160.jpg,datasets_flow/dataset_cropped/10_Metas/31/07/20191031074500_00160.jpg,datasets_cloudmask/dataset_cropped/10_Metas/31/07/20191031074500_00160.png,11.9,45.2,10.4,15.7,966
10/31/2019 7:46,datasets/dataset_cropped/10_Metas/31/07/20191031074600_00160.jpg,datasets_flow/dataset_cropped/10_Metas/31/07/20191031074600_00160.jpg,datasets_cloudmask/dataset_cropped/10_Metas/31/07/20191031074600_00160.png,12.5,32.5,11.4,15.7,966
10/31/2019 7:47,datasets/dataset_cropped/10_Metas/31/07/20191031074700_00160.jpg,datasets_flow/dataset_cropped/10_Metas/31/07/20191031074700_00160.jpg,datasets_cloudmask/dataset_cropped/10_Metas/31/07/20191031074700_00160.png,13.2,23.2,12.3,15.7,966
10/31/2019 7:48,datasets/dataset_cropped/10_Metas/31/07/20191031074800_00160.jpg,datasets_flow/dataset_cropped/10_Metas/31/07/20191031074800_00160.jpg,datasets_cloudmask/dataset_cropped/10_Metas/31/07/20191031074800_00160.png,15,27.1,13.8,15.7,966
10/31/2019 7:49,datasets/dataset_cropped/10_Metas/31/07/20191031074900_00160.jpg,datasets_flow/dataset_cropped/10_Metas/31/07/20191031074900_00160.jpg,datasets_cloudmask/dataset_cropped/10_Metas/31/07/20191031074900_00160.png,17.7,55.4,15.2,15.8,966
10/31/2019 7:50,datasets/dataset_cropped/10_Metas/31/07/20191031075000_00160.jpg,datasets_flow/dataset_cropped/10_Metas/31/07/20191031075000_00160.jpg,datasets_cloudmask/dataset_cropped/10_Metas/31/07/20191031075000_00160.png,19.8,78.1,16,15.8,966
10/31/2019 7:51,datasets/dataset_cropped/10_Metas/31/07/20191031075100_00160.jpg,datasets_flow/dataset_cropped/10_Metas/31/07/20191031075100_00160.jpg,datasets_cloudmask/dataset_cropped/10_Metas/31/07/20191031075100_00160.png,21.9,96.3,16.9,15.8,966
10/31/2019 7:52,datasets/dataset_cropped/10_Metas/31/07/20191031075200_00160.jpg,datasets_flow/dataset_cropped/10_Metas/31/07/20191031075200_00160.jpg,datasets_cloudmask/dataset_cropped/10_Metas/31/07/20191031075200_00160.png,24.8,124.6,17.9,15.9,966
10/31/2019 7:53,datasets/dataset_cropped/10_Metas/31/07/20191031075300_00160.jpg,datasets_flow/dataset_cropped/10_Metas/31/07/20191031075300_00160.jpg,datasets_cloudmask/dataset_cropped/10_Metas/31/07/20191031075300_00160.png,27,133.8,19.2,15.9,966
10/31/2019 7:54,datasets/dataset_cropped/10_Metas/31/07/20191031075400_00160.jpg,datasets_flow/dataset_cropped/10_Metas/31/07/20191031075400_00160.jpg,datasets_cloudmask/dataset_cropped/10_Metas/31/07/20191031075400_00160.png,31.8,176.8,21,15.7,966
10/31/2019 7:55,datasets/dataset_cropped/10_Metas/31/07/20191031075500_00160.jpg,datasets_flow/dataset_cropped/10_Metas/31/07/20191031075500_00160.jpg,datasets_cloudmask/dataset_cropped/10_Metas/31/07/20191031075500_00160.png,36,218.3,22.4,15.6,966
10/31/2019 7:56,datasets/dataset_cropped/10_Metas/31/07/20191031075600_00160.jpg,datasets_flow/dataset_cropped/10_Metas/31/07/20191031075600_00160.jpg,datasets_cloudmask/dataset_cropped/10_Metas/31/07/20191031075600_00160.png,36.3,204.4,22.9,15.6,966
10/31/2019 7:57,datasets/dataset_cropped/10_Metas/31/07/20191031075700_00160.jpg,datasets_flow/dataset_cropped/10_Metas/31/07/20191031075700_00160.jpg,datasets_cloudmask/dataset_cropped/10_Metas/31/07/20191031075700_00160.png,37.4,201.9,23.5,15.5,966
10/31/2019 7:58,datasets/dataset_cropped/10_Metas/31/07/20191031075800_00160.jpg,datasets_flow/dataset_cropped/10_Metas/31/07/20191031075800_00160.jpg,datasets_cloudmask/dataset_cropped/10_Metas/31/07/20191031075800_00160.png,40,217.1,24.4,15.4,966
10/31/2019 7:59,datasets/dataset_cropped/10_Metas/31/07/20191031075900_00160.jpg,datasets_flow/dataset_cropped/10_Metas/31/07/20191031075900_00160.jpg,datasets_cloudmask/dataset_cropped/10_Metas/31/07/20191031075900_00160.png,42.2,225.4,25.3,15.6,966
10/31/2019 8:00,datasets/dataset_cropped/10_Metas/31/08/20191031080000_00160.jpg,datasets_flow/dataset_cropped/10_Metas/31/08/20191031080000_00160.jpg,datasets_cloudmask/dataset_cropped/10_Metas/31/08/20191031080000_00160.png,45.7,249.4,26.3,15.7,966
10/31/2019 8:01,datasets/dataset_cropped/10_Metas/31/08/20191031080100_00160.jpg,datasets_flow/dataset_cropped/10_Metas/31/08/20191031080100_00160.jpg,datasets_cloudmask/dataset_cropped/10_Metas/31/08/20191031080100_00160.png,50.6,286.4,27.5,15.9,966
10/31/2019 8:02,datasets/dataset_cropped/10_Metas/31/08/20191031080200_00160.jpg,datasets_flow/dataset_cropped/10_Metas/31/08/20191031080200_00160.jpg,datasets_cloudmask/dataset_cropped/10_Metas/31/08/20191031080200_00160.png,54,306.8,28.1,16.1,966
10/31/2019 8:03,datasets/dataset_cropped/10_Metas/31/08/20191031080300_00160.jpg,datasets_flow/dataset_cropped/10_Metas/31/08/20191031080300_00160.jpg,datasets_cloudmask/dataset_cropped/10_Metas/31/08/20191031080300_00160.png,57,322.9,28.6,16.3,966
10/31/2019 8:04,datasets/dataset_cropped/10_Metas/31/08/20191031080400_00160.jpg,datasets_flow/dataset_cropped/10_Metas/31/08/20191031080400_00160.jpg,datasets_cloudmask/dataset_cropped/10_Metas/31/08/20191031080400_00160.png,59.5,329.4,29.6,16.4,966
10/31/2019 8:05,datasets/dataset_cropped/10_Metas/31/08/20191031080500_00160.jpg,datasets_flow/dataset_cropped/10_Metas/31/08/20191031080500_00160.jpg,datasets_cloudmask/dataset_cropped/10_Metas/31/08/20191031080500_00160.png,62.5,335.4,31,16.6,966
10/31/2019 8:06,datasets/dataset_cropped/10_Metas/31/08/20191031080600_00160.jpg,datasets_flow/dataset_cropped/10_Metas/31/08/20191031080600_00160.jpg,datasets_cloudmask/dataset_cropped/10_Metas/31/08/20191031080600_00160.png,61.2,303.3,32,16.8,966
10/31/2019 8:07,datasets/dataset_cropped/10_Metas/31/08/20191031080700_00160.jpg,datasets_flow/dataset_cropped/10_Metas/31/08/20191031080700_00160.jpg,datasets_cloudmask/dataset_cropped/10_Metas/31/08/20191031080700_00160.png,59.1,262.3,33.2,17,966
10/31/2019 8:08,datasets/dataset_cropped/10_Metas/31/08/20191031080800_00160.jpg,datasets_flow/dataset_cropped/10_Metas/31/08/20191031080800_00160.jpg,datasets_cloudmask/dataset_cropped/10_Metas/31/08/20191031080800_00160.png,68.1,328.1,34.3,17.4,966
10/31/2019 8:09,datasets/dataset_cropped/10_Metas/31/08/20191031080900_00160.jpg,datasets_flow/dataset_cropped/10_Metas/31/08/20191031080900_00160.jpg,datasets_cloudmask/dataset_cropped/10_Metas/31/08/20191031080900_00160.png,76.1,386.6,35.2,17.8,966
10/31/2019 8:10,datasets/dataset_cropped/10_Metas/31/08/20191031081000_00160.jpg,datasets_flow/dataset_cropped/10_Metas/31/08/20191031081000_00160.jpg,datasets_cloudmask/dataset_cropped/10_Metas/31/08/20191031081000_00160.png,77.7,382.1,35.9,18.4,966
10/31/2019 8:11,datasets/dataset_cropped/10_Metas/31/08/20191031081100_00160.jpg,datasets_flow/dataset_cropped/10_Metas/31/08/20191031081100_00160.jpg,datasets_cloudmask/dataset_cropped/10_Metas/31/08/20191031081100_00160.png,81.3,397.3,36.5,18.6,966
10/31/2019 8:12,datasets/dataset_cropped/10_Metas/31/08/20191031081200_00160.jpg,datasets_flow/dataset_cropped/10_Metas/31/08/20191031081200_00160.jpg,datasets_cloudmask/dataset_cropped/10_Metas/31/08/20191031081200_00160.png,84.9,413.1,37,18.7,966
10/31/2019 8:13,datasets/dataset_cropped/10_Metas/31/08/20191031081300_00160.jpg,datasets_flow/dataset_cropped/10_Metas/31/08/20191031081300_00160.jpg,datasets_cloudmask/dataset_cropped/10_Metas/31/08/20191031081300_00160.png,87.3,416.8,37.5,18.6,966
10/31/2019 8:14,datasets/dataset_cropped/10_Metas/31/08/20191031081400_00160.jpg,datasets_flow/dataset_cropped/10_Metas/31/08/20191031081400_00160.jpg,datasets_cloudmask/dataset_cropped/10_Metas/31/08/20191031081400_00160.png,89.5,417.5,38.3,18.6,966
10/31/2019 8:15,datasets/dataset_cropped/10_Metas/31/08/20191031081500_00160.jpg,datasets_flow/dataset_cropped/10_Metas/31/08/20191031081500_00160.jpg,datasets_cloudmask/dataset_cropped/10_Metas/31/08/20191031081500_00160.png,93,428.1,39.1,18.8,966
10/31/2019 8:16,datasets/dataset_cropped/10_Metas/31/08/20191031081600_00160.jpg,datasets_flow/dataset_cropped/10_Metas/31/08/20191031081600_00160.jpg,datasets_cloudmask/dataset_cropped/10_Metas/31/08/20191031081600_00160.png,92.5,408.7,39.9,18.8,966
10/31/2019 8:17,datasets/dataset_cropped/10_Metas/31/08/20191031081700_00160.jpg,datasets_flow/dataset_cropped/10_Metas/31/08/20191031081700_00160.jpg,datasets_cloudmask/dataset_cropped/10_Metas/31/08/20191031081700_00160.png,96.7,422.4,40.9,18.5,966
10/31/2019 8:18,datasets/dataset_cropped/10_Metas/31/08/20191031081800_00160.jpg,datasets_flow/dataset_cropped/10_Metas/31/08/20191031081800_00160.jpg,datasets_cloudmask/dataset_cropped/10_Metas/31/08/20191031081800_00160.png,101.7,443.3,41.8,18,966
10/31/2019 8:19,datasets/dataset_cropped/10_Metas/31/08/20191031081900_00160.jpg,datasets_flow/dataset_cropped/10_Metas/31/08/20191031081900_00160.jpg,datasets_cloudmask/dataset_cropped/10_Metas/31/08/20191031081900_00160.png,104.1,445.5,42.6,17.6,966
10/31/2019 8:20,datasets/dataset_cropped/10_Metas/31/08/20191031082000_00160.jpg,datasets_flow/dataset_cropped/10_Metas/31/08/20191031082000_00160.jpg,datasets_cloudmask/dataset_cropped/10_Metas/31/08/20191031082000_00160.png,108.6,459.7,43.8,17.6,966
10/31/2019 8:21,datasets/dataset_cropped/10_Metas/31/08/20191031082100_00160.jpg,datasets_flow/dataset_cropped/10_Metas/31/08/20191031082100_00160.jpg,datasets_cloudmask/dataset_cropped/10_Metas/31/08/20191031082100_00160.png,113.2,481.6,43.6,17.6,966
10/31/2019 8:22,datasets/dataset_cropped/10_Metas/31/08/20191031082200_00160.jpg,datasets_flow/dataset_cropped/10_Metas/31/08/20191031082200_00160.jpg,datasets_cloudmask/dataset_cropped/10_Metas/31/08/20191031082200_00160.png,117.1,496.3,43.8,17.5,966
10/31/2019 8:23,datasets/dataset_cropped/10_Metas/31/08/20191031082300_00160.jpg,datasets_flow/dataset_cropped/10_Metas/31/08/20191031082300_00160.jpg,datasets_cloudmask/dataset_cropped/10_Metas/31/08/20191031082300_00160.png,119.5,498.8,44.1,17.4,966
10/31/2019 8:24,datasets/dataset_cropped/10_Metas/31/08/20191031082400_00160.jpg,datasets_flow/dataset_cropped/10_Metas/31/08/20191031082400_00160.jpg,datasets_cloudmask/dataset_cropped/10_Metas/31/08/20191031082400_00160.png,120.7,494,44.4,17.4,966
10/31/2019 8:25,datasets/dataset_cropped/10_Metas/31/08/20191031082500_00160.jpg,datasets_flow/dataset_cropped/10_Metas/31/08/20191031082500_00160.jpg,datasets_cloudmask/dataset_cropped/10_Metas/31/08/20191031082500_00160.png,120.9,483.8,44.7,17.4,966
10/31/2019 8:26,datasets/dataset_cropped/10_Metas/31/08/20191031082600_00160.jpg,datasets_flow/dataset_cropped/10_Metas/31/08/20191031082600_00160.jpg,datasets_cloudmask/dataset_cropped/10_Metas/31/08/20191031082600_00160.png,123.8,490.1,45,17.5,966
10/31/2019 8:27,datasets/dataset_cropped/10_Metas/31/08/20191031082700_00160.jpg,datasets_flow/dataset_cropped/10_Metas/31/08/20191031082700_00160.jpg,datasets_cloudmask/dataset_cropped/10_Metas/31/08/20191031082700_00160.png,127.5,501.4,45.2,17.7,966
10/31/2019 8:28,datasets/dataset_cropped/10_Metas/31/08/20191031082800_00160.jpg,datasets_flow/dataset_cropped/10_Metas/31/08/20191031082800_00160.jpg,datasets_cloudmask/dataset_cropped/10_Metas/31/08/20191031082800_00160.png,129.4,503.1,45.4,17.9,966
10/31/2019 8:29,datasets/dataset_cropped/10_Metas/31/08/20191031082900_00160.jpg,datasets_flow/dataset_cropped/10_Metas/31/08/20191031082900_00160.jpg,datasets_cloudmask/dataset_cropped/10_Metas/31/08/20191031082900_00160.png,132.6,511.3,45.8,18.1,966
10/31/2019 8:30,datasets/dataset_cropped/10_Metas/31/08/20191031083000_00160.jpg,datasets_flow/dataset_cropped/10_Metas/31/08/20191031083000_00160.jpg,datasets_cloudmask/dataset_cropped/10_Metas/31/08/20191031083000_00160.png,137.2,527.2,46.5,18.2,966
10/31/2019 8:31,datasets/dataset_cropped/10_Metas/31/08/20191031083100_00160.jpg,datasets_flow/dataset_cropped/10_Metas/31/08/20191031083100_00160.jpg,datasets_cloudmask/dataset_cropped/10_Metas/31/08/20191031083100_00160.png,141.1,540,46.9,18.3,966
10/31/2019 8:32,datasets/dataset_cropped/10_Metas/31/08/20191031083200_00160.jpg,datasets_flow/dataset_cropped/10_Metas/31/08/20191031083200_00160.jpg,datasets_cloudmask/dataset_cropped/10_Metas/31/08/20191031083200_00160.png,143.2,543.2,46.9,18.4,966
10/31/2019 8:33,datasets/dataset_cropped/10_Metas/31/08/20191031083300_00160.jpg,datasets_flow/dataset_cropped/10_Metas/31/08/20191031083300_00160.jpg,datasets_cloudmask/dataset_cropped/10_Metas/31/08/20191031083300_00160.png,143.1,534.4,46.7,18.7,966
10/31/2019 8:34,datasets/dataset_cropped/10_Metas/31/08/20191031083400_00160.jpg,datasets_flow/dataset_cropped/10_Metas/31/08/20191031083400_00160.jpg,datasets_cloudmask/dataset_cropped/10_Metas/31/08/20191031083400_00160.png,144.9,535.8,46.8,18.9,966
10/31/2019 8:35,datasets/dataset_cropped/10_Metas/31/08/20191031083500_00160.jpg,datasets_flow/dataset_cropped/10_Metas/31/08/20191031083500_00160.jpg,datasets_cloudmask/dataset_cropped/10_Metas/31/08/20191031083500_00160.png,146.9,536.9,46.9,19,966
10/31/2019 8:36,datasets/dataset_cropped/10_Metas/31/08/20191031083600_00160.jpg,datasets_flow/dataset_cropped/10_Metas/31/08/20191031083600_00160.jpg,datasets_cloudmask/dataset_cropped/10_Metas/31/08/20191031083600_00160.png,151.4,551.3,47,19.1,966
10/31/2019 8:37,datasets/dataset_cropped/10_Metas/31/08/20191031083700_00160.jpg,datasets_flow/dataset_cropped/10_Metas/31/08/20191031083700_00160.jpg,datasets_cloudmask/dataset_cropped/10_Metas/31/08/20191031083700_00160.png,152,545.6,46.8,19.1,966
10/31/2019 8:38,datasets/dataset_cropped/10_Metas/31/08/20191031083800_00160.jpg,datasets_flow/dataset_cropped/10_Metas/31/08/20191031083800_00160.jpg,datasets_cloudmask/dataset_cropped/10_Metas/31/08/20191031083800_00160.png,142.1,488.5,46.4,19.2,966
10/31/2019 8:39,datasets/dataset_cropped/10_Metas/31/08/20191031083900_00160.jpg,datasets_flow/dataset_cropped/10_Metas/31/08/20191031083900_00160.jpg,datasets_cloudmask/dataset_cropped/10_Metas/31/08/20191031083900_00160.png,135,447.8,46,19.4,966
10/31/2019 8:40,datasets/dataset_cropped/10_Metas/31/08/20191031084000_00160.jpg,datasets_flow/dataset_cropped/10_Metas/31/08/20191031084000_00160.jpg,datasets_cloudmask/dataset_cropped/10_Metas/31/08/20191031084000_00160.png,136.5,447.7,46.1,19.5,966
10/31/2019 8:41,datasets/dataset_cropped/10_Metas/31/08/20191031084100_00160.jpg,datasets_flow/dataset_cropped/10_Metas/31/08/20191031084100_00160.jpg,datasets_cloudmask/dataset_cropped/10_Metas/31/08/20191031084100_00160.png,152,513.6,46.6,19.5,966
10/31/2019 8:42,datasets/dataset_cropped/10_Metas/31/08/20191031084200_00160.jpg,datasets_flow/dataset_cropped/10_Metas/31/08/20191031084200_00160.jpg,datasets_cloudmask/dataset_cropped/10_Metas/31/08/20191031084200_00160.png,160.1,543.4,46.9,19.6,966
10/31/2019 8:43,datasets/dataset_cropped/10_Metas/31/08/20191031084300_00160.jpg,datasets_flow/dataset_cropped/10_Metas/31/08/20191031084300_00160.jpg,datasets_cloudmask/dataset_cropped/10_Metas/31/08/20191031084300_00160.png,159.7,532.5,47.1,19.8,966
10/31/2019 8:44,datasets/dataset_cropped/10_Metas/31/08/20191031084400_00160.jpg,datasets_flow/dataset_cropped/10_Metas/31/08/20191031084400_00160.jpg,datasets_cloudmask/dataset_cropped/10_Metas/31/08/20191031084400_00160.png,161,531,47.1,19.9,966
10/31/2019 8:45,datasets/dataset_cropped/10_Metas/31/08/20191031084500_00160.jpg,datasets_flow/dataset_cropped/10_Metas/31/08/20191031084500_00160.jpg,datasets_cloudmask/dataset_cropped/10_Metas/31/08/20191031084500_00160.png,163.7,535.5,47.3,20.1,966
10/31/2019 8:46,datasets/dataset_cropped/10_Metas/31/08/20191031084600_00160.jpg,datasets_flow/dataset_cropped/10_Metas/31/08/20191031084600_00160.jpg,datasets_cloudmask/dataset_cropped/10_Metas/31/08/20191031084600_00160.png,167,543.1,47.5,20.4,966
10/31/2019 8:47,datasets/dataset_cropped/10_Metas/31/08/20191031084700_00160.jpg,datasets_flow/dataset_cropped/10_Metas/31/08/20191031084700_00160.jpg,datasets_cloudmask/dataset_cropped/10_Metas/31/08/20191031084700_00160.png,170.8,551.1,48.1,20.6,966
10/31/2019 8:48,datasets/dataset_cropped/10_Metas/31/08/20191031084800_00160.jpg,datasets_flow/dataset_cropped/10_Metas/31/08/20191031084800_00160.jpg,datasets_cloudmask/dataset_cropped/10_Metas/31/08/20191031084800_00160.png,179.1,579.6,48.3,20.7,966
10/31/2019 8:49,datasets/dataset_cropped/10_Metas/31/08/20191031084900_00160.jpg,datasets_flow/dataset_cropped/10_Metas/31/08/20191031084900_00160.jpg,datasets_cloudmask/dataset_cropped/10_Metas/31/08/20191031084900_00160.png,186.3,603,48.4,20.8,966
10/31/2019 8:50,datasets/dataset_cropped/10_Metas/31/08/20191031085000_00160.jpg,datasets_flow/dataset_cropped/10_Metas/31/08/20191031085000_00160.jpg,datasets_cloudmask/dataset_cropped/10_Metas/31/08/20191031085000_00160.png,179.1,564.7,48.2,20.7,966
10/31/2019 8:51,datasets/dataset_cropped/10_Metas/31/08/20191031085100_00160.jpg,datasets_flow/dataset_cropped/10_Metas/31/08/20191031085100_00160.jpg,datasets_cloudmask/dataset_cropped/10_Metas/31/08/20191031085100_00160.png,179.6,558.3,48.8,20.6,966
10/31/2019 8:52,datasets/dataset_cropped/10_Metas/31/08/20191031085200_00160.jpg,datasets_flow/dataset_cropped/10_Metas/31/08/20191031085200_00160.jpg,datasets_cloudmask/dataset_cropped/10_Metas/31/08/20191031085200_00160.png,188.2,585.8,49.2,20.3,966
10/31/2019 8:53,datasets/dataset_cropped/10_Metas/31/08/20191031085300_00160.jpg,datasets_flow/dataset_cropped/10_Metas/31/08/20191031085300_00160.jpg,datasets_cloudmask/dataset_cropped/10_Metas/31/08/20191031085300_00160.png,201.6,633.4,49.5,19.9,966
10/31/2019 8:54,datasets/dataset_cropped/10_Metas/31/08/20191031085400_00160.jpg,datasets_flow/dataset_cropped/10_Metas/31/08/20191031085400_00160.jpg,datasets_cloudmask/dataset_cropped/10_Metas/31/08/20191031085400_00160.png,203.9,634.7,49.5,19.9,966
10/31/2019 8:55,datasets/dataset_cropped/10_Metas/31/08/20191031085500_00160.jpg,datasets_flow/dataset_cropped/10_Metas/31/08/20191031085500_00160.jpg,datasets_cloudmask/dataset_cropped/10_Metas/31/08/20191031085500_00160.png,207.3,640.3,49.6,20,966
10/31/2019 8:56,datasets/dataset_cropped/10_Metas/31/08/20191031085600_00160.jpg,datasets_flow/dataset_cropped/10_Metas/31/08/20191031085600_00160.jpg,datasets_cloudmask/dataset_cropped/10_Metas/31/08/20191031085600_00160.png,210.5,644.4,49.9,20.1,966
10/31/2019 8:57,datasets/dataset_cropped/10_Metas/31/08/20191031085700_00160.jpg,datasets_flow/dataset_cropped/10_Metas/31/08/20191031085700_00160.jpg,datasets_cloudmask/dataset_cropped/10_Metas/31/08/20191031085700_00160.png,212.8,645.5,50.2,20.2,966
10/31/2019 8:58,datasets/dataset_cropped/10_Metas/31/08/20191031085800_00160.jpg,datasets_flow/dataset_cropped/10_Metas/31/08/20191031085800_00160.jpg,datasets_cloudmask/dataset_cropped/10_Metas/31/08/20191031085800_00160.png,219,660.3,50.6,20.3,966
10/31/2019 8:59,datasets/dataset_cropped/10_Metas/31/08/20191031085900_00160.jpg,datasets_flow/dataset_cropped/10_Metas/31/08/20191031085900_00160.jpg,datasets_cloudmask/dataset_cropped/10_Metas/31/08/20191031085900_00160.png,218.9,651.3,51.1,20.4,966
10/31/2019 9:00,datasets/dataset_cropped/10_Metas/31/09/20191031090000_00160.jpg,datasets_flow/dataset_cropped/10_Metas/31/09/20191031090000_00160.jpg,datasets_cloudmask/dataset_cropped/10_Metas/31/09/20191031090000_00160.png,220.9,650.9,51.4,20.6,966
10/31/2019 9:01,datasets/dataset_cropped/10_Metas/31/09/20191031090100_00160.jpg,datasets_flow/dataset_cropped/10_Metas/31/09/20191031090100_00160.jpg,datasets_cloudmask/dataset_cropped/10_Metas/31/09/20191031090100_00160.png,215.9,624.6,51.3,20.7,966
10/31/2019 9:02,datasets/dataset_cropped/10_Metas/31/09/20191031090200_00160.jpg,datasets_flow/dataset_cropped/10_Metas/31/09/20191031090200_00160.jpg,datasets_cloudmask/dataset_cropped/10_Metas/31/09/20191031090200_00160.png,213.5,608.2,51.5,21,966
10/31/2019 9:03,datasets/dataset_cropped/10_Metas/31/09/20191031090300_00160.jpg,datasets_flow/dataset_cropped/10_Metas/31/09/20191031090300_00160.jpg,datasets_cloudmask/dataset_cropped/10_Metas/31/09/20191031090300_00160.png,221.9,631.3,52,21.1,966
10/31/2019 9:04,datasets/dataset_cropped/10_Metas/31/09/20191031090400_00160.jpg,datasets_flow/dataset_cropped/10_Metas/31/09/20191031090400_00160.jpg,datasets_cloudmask/dataset_cropped/10_Metas/31/09/20191031090400_00160.png,221.8,623.7,52.1,21.3,966
10/31/2019 9:05,datasets/dataset_cropped/10_Metas/31/09/20191031090500_00160.jpg,datasets_flow/dataset_cropped/10_Metas/31/09/20191031090500_00160.jpg,datasets_cloudmask/dataset_cropped/10_Metas/31/09/20191031090500_00160.png,224.4,625.4,52.6,21.3,966
10/31/2019 9:06,datasets/dataset_cropped/10_Metas/31/09/20191031090600_00160.jpg,datasets_flow/dataset_cropped/10_Metas/31/09/20191031090600_00160.jpg,datasets_cloudmask/dataset_cropped/10_Metas/31/09/20191031090600_00160.png,231,641.1,53.1,21.2,966
10/31/2019 9:07,datasets/dataset_cropped/10_Metas/31/09/20191031090700_00160.jpg,datasets_flow/dataset_cropped/10_Metas/31/09/20191031090700_00160.jpg,datasets_cloudmask/dataset_cropped/10_Metas/31/09/20191031090700_00160.png,229.9,629.7,53.4,21.4,966
10/31/2019 9:08,datasets/dataset_cropped/10_Metas/31/09/20191031090800_00160.jpg,datasets_flow/dataset_cropped/10_Metas/31/09/20191031090800_00160.jpg,datasets_cloudmask/dataset_cropped/10_Metas/31/09/20191031090800_00160.png,230.3,624.6,53.6,21.6,966
10/31/2019 9:09,datasets/dataset_cropped/10_Metas/31/09/20191031090900_00160.jpg,datasets_flow/dataset_cropped/10_Metas/31/09/20191031090900_00160.jpg,datasets_cloudmask/dataset_cropped/10_Metas/31/09/20191031090900_00160.png,233.4,629.5,53.5,21.7,966
10/31/2019 9:10,datasets/dataset_cropped/10_Metas/31/09/20191031091000_00160.jpg,datasets_flow/dataset_cropped/10_Metas/31/09/20191031091000_00160.jpg,datasets_cloudmask/dataset_cropped/10_Metas/31/09/20191031091000_00160.png,238.3,639.7,53.5,21.8,966
10/31/2019 9:11,datasets/dataset_cropped/10_Metas/31/09/20191031091100_00160.jpg,datasets_flow/dataset_cropped/10_Metas/31/09/20191031091100_00160.jpg,datasets_cloudmask/dataset_cropped/10_Metas/31/09/20191031091100_00160.png,245.5,657.6,53.8,21.9,966
10/31/2019 9:12,datasets/dataset_cropped/10_Metas/31/09/20191031091200_00160.jpg,datasets_flow/dataset_cropped/10_Metas/31/09/20191031091200_00160.jpg,datasets_cloudmask/dataset_cropped/10_Metas/31/09/20191031091200_00160.png,242.2,639.5,54,21.8,966
10/31/2019 9:13,datasets/dataset_cropped/10_Metas/31/09/20191031091300_00160.jpg,datasets_flow/dataset_cropped/10_Metas/31/09/20191031091300_00160.jpg,datasets_cloudmask/dataset_cropped/10_Metas/31/09/20191031091300_00160.png,253.3,669.2,54.4,21.6,966
10/31/2019 9:14,datasets/dataset_cropped/10_Metas/31/09/20191031091400_00160.jpg,datasets_flow/dataset_cropped/10_Metas/31/09/20191031091400_00160.jpg,datasets_cloudmask/dataset_cropped/10_Metas/31/09/20191031091400_00160.png,249.7,650.5,54.6,21.6,966
10/31/2019 9:15,datasets/dataset_cropped/10_Metas/31/09/20191031091500_00160.jpg,datasets_flow/dataset_cropped/10_Metas/31/09/20191031091500_00160.jpg,datasets_cloudmask/dataset_cropped/10_Metas/31/09/20191031091500_00160.png,259.6,675.5,55.2,21.8,966
10/31/2019 9:16,datasets/dataset_cropped/10_Metas/31/09/20191031091600_00160.jpg,datasets_flow/dataset_cropped/10_Metas/31/09/20191031091600_00160.jpg,datasets_cloudmask/dataset_cropped/10_Metas/31/09/20191031091600_00160.png,263,679.4,55.6,22.1,966
10/31/2019 9:17,datasets/dataset_cropped/10_Metas/31/09/20191031091700_00160.jpg,datasets_flow/dataset_cropped/10_Metas/31/09/20191031091700_00160.jpg,datasets_cloudmask/dataset_cropped/10_Metas/31/09/20191031091700_00160.png,256.2,651.4,55.5,22.3,966
10/31/2019 9:18,datasets/dataset_cropped/10_Metas/31/09/20191031091800_00160.jpg,datasets_flow/dataset_cropped/10_Metas/31/09/20191031091800_00160.jpg,datasets_cloudmask/dataset_cropped/10_Metas/31/09/20191031091800_00160.png,258.2,651.6,55.7,22.3,966
10/31/2019 9:19,datasets/dataset_cropped/10_Metas/31/09/20191031091900_00160.jpg,datasets_flow/dataset_cropped/10_Metas/31/09/20191031091900_00160.jpg,datasets_cloudmask/dataset_cropped/10_Metas/31/09/20191031091900_00160.png,256.6,639.7,55.9,22.4,966
10/31/2019 9:20,datasets/dataset_cropped/10_Metas/31/09/20191031092000_00160.jpg,datasets_flow/dataset_cropped/10_Metas/31/09/20191031092000_00160.jpg,datasets_cloudmask/dataset_cropped/10_Metas/31/09/20191031092000_00160.png,259.4,642.3,56.4,22.5,966
10/31/2019 9:21,datasets/dataset_cropped/10_Metas/31/09/20191031092100_00160.jpg,datasets_flow/dataset_cropped/10_Metas/31/09/20191031092100_00160.jpg,datasets_cloudmask/dataset_cropped/10_Metas/31/09/20191031092100_00160.png,269,665.6,57,22.8,966
10/31/2019 9:22,datasets/dataset_cropped/10_Metas/31/09/20191031092200_00160.jpg,datasets_flow/dataset_cropped/10_Metas/31/09/20191031092200_00160.jpg,datasets_cloudmask/dataset_cropped/10_Metas/31/09/20191031092200_00160.png,277.1,684.5,57.5,23,966
10/31/2019 9:23,datasets/dataset_cropped/10_Metas/31/09/20191031092300_00160.jpg,datasets_flow/dataset_cropped/10_Metas/31/09/20191031092300_00160.jpg,datasets_cloudmask/dataset_cropped/10_Metas/31/09/20191031092300_00160.png,287.7,709.6,58,23.1,966
10/31/2019 9:24,datasets/dataset_cropped/10_Metas/31/09/20191031092400_00160.jpg,datasets_flow/dataset_cropped/10_Metas/31/09/20191031092400_00160.jpg,datasets_cloudmask/dataset_cropped/10_Metas/31/09/20191031092400_00160.png,290.1,709.7,58.5,23.1,966
10/31/2019 9:25,datasets/dataset_cropped/10_Metas/31/09/20191031092500_00160.jpg,datasets_flow/dataset_cropped/10_Metas/31/09/20191031092500_00160.jpg,datasets_cloudmask/dataset_cropped/10_Metas/31/09/20191031092500_00160.png,282.8,680.8,58.7,23.2,966
10/31/2019 9:26,datasets/dataset_cropped/10_Metas/31/09/20191031092600_00160.jpg,datasets_flow/dataset_cropped/10_Metas/31/09/20191031092600_00160.jpg,datasets_cloudmask/dataset_cropped/10_Metas/31/09/20191031092600_00160.png,274.4,649.2,59,23.4,966
10/31/2019 9:27,datasets/dataset_cropped/10_Metas/31/09/20191031092700_00160.jpg,datasets_flow/dataset_cropped/10_Metas/31/09/20191031092700_00160.jpg,datasets_cloudmask/dataset_cropped/10_Metas/31/09/20191031092700_00160.png,280.1,658.6,59.9,23.4,966
10/31/2019 9:28,datasets/dataset_cropped/10_Metas/31/09/20191031092800_00160.jpg,datasets_flow/dataset_cropped/10_Metas/31/09/20191031092800_00160.jpg,datasets_cloudmask/dataset_cropped/10_Metas/31/09/20191031092800_00160.png,288.9,676.6,60.9,23.7,966
10/31/2019 9:29,datasets/dataset_cropped/10_Metas/31/09/20191031092900_00160.jpg,datasets_flow/dataset_cropped/10_Metas/31/09/20191031092900_00160.jpg,datasets_cloudmask/dataset_cropped/10_Metas/31/09/20191031092900_00160.png,280.6,643.9,62,23.7,966
10/31/2019 9:30,datasets/dataset_cropped/10_Metas/31/09/20191031093000_00160.jpg,datasets_flow/dataset_cropped/10_Metas/31/09/20191031093000_00160.jpg,datasets_cloudmask/dataset_cropped/10_Metas/31/09/20191031093000_00160.png,281.2,638.1,62.6,23.4,966
10/31/2019 9:31,datasets/dataset_cropped/10_Metas/31/09/20191031093100_00160.jpg,datasets_flow/dataset_cropped/10_Metas/31/09/20191031093100_00160.jpg,datasets_cloudmask/dataset_cropped/10_Metas/31/09/20191031093100_00160.png,283.2,636.9,63.1,23.3,966
10/31/2019 9:32,datasets/dataset_cropped/10_Metas/31/09/20191031093200_00160.jpg,datasets_flow/dataset_cropped/10_Metas/31/09/20191031093200_00160.jpg,datasets_cloudmask/dataset_cropped/10_Metas/31/09/20191031093200_00160.png,287.5,642,63.6,23.2,966
10/31/2019 9:33,datasets/dataset_cropped/10_Metas/31/09/20191031093300_00160.jpg,datasets_flow/dataset_cropped/10_Metas/31/09/20191031093300_00160.jpg,datasets_cloudmask/dataset_cropped/10_Metas/31/09/20191031093300_00160.png,296.3,660,64.3,23,966
10/31/2019 9:34,datasets/dataset_cropped/10_Metas/31/09/20191031093400_00160.jpg,datasets_flow/dataset_cropped/10_Metas/31/09/20191031093400_00160.jpg,datasets_cloudmask/dataset_cropped/10_Metas/31/09/20191031093400_00160.png,302.8,672.1,64.7,22.6,966
10/31/2019 9:35,datasets/dataset_cropped/10_Metas/31/09/20191031093500_00160.jpg,datasets_flow/dataset_cropped/10_Metas/31/09/20191031093500_00160.jpg,datasets_cloudmask/dataset_cropped/10_Metas/31/09/20191031093500_00160.png,300,660.5,64.4,22.1,966
10/31/2019 9:36,datasets/dataset_cropped/10_Metas/31/09/20191031093600_00160.jpg,datasets_flow/dataset_cropped/10_Metas/31/09/20191031093600_00160.jpg,datasets_cloudmask/dataset_cropped/10_Metas/31/09/20191031093600_00160.png,311.6,689.2,64.1,21.7,966
10/31/2019 9:37,datasets/dataset_cropped/10_Metas/31/09/20191031093700_00160.jpg,datasets_flow/dataset_cropped/10_Metas/31/09/20191031093700_00160.jpg,datasets_cloudmask/dataset_cropped/10_Metas/31/09/20191031093700_00160.png,318.2,702.2,64,21.6,966
10/31/2019 9:38,datasets/dataset_cropped/10_Metas/31/09/20191031093800_00160.jpg,datasets_flow/dataset_cropped/10_Metas/31/09/20191031093800_00160.jpg,datasets_cloudmask/dataset_cropped/10_Metas/31/09/20191031093800_00160.png,315.1,689.1,63.7,21.7,966
10/31/2019 9:39,datasets/dataset_cropped/10_Metas/31/09/20191031093900_00160.jpg,datasets_flow/dataset_cropped/10_Metas/31/09/20191031093900_00160.jpg,datasets_cloudmask/dataset_cropped/10_Metas/31/09/20191031093900_00160.png,316.4,687.7,63.8,21.8,966
10/31/2019 9:40,datasets/dataset_cropped/10_Metas/31/09/20191031094000_00160.jpg,datasets_flow/dataset_cropped/10_Metas/31/09/20191031094000_00160.jpg,datasets_cloudmask/dataset_cropped/10_Metas/31/09/20191031094000_00160.png,320.7,695.4,63.8,21.9,966
10/31/2019 9:41,datasets/dataset_cropped/10_Metas/31/09/20191031094100_00160.jpg,datasets_flow/dataset_cropped/10_Metas/31/09/20191031094100_00160.jpg,datasets_cloudmask/dataset_cropped/10_Metas/31/09/20191031094100_00160.png,326.1,706.8,63.5,21.9,966
10/31/2019 9:42,datasets/dataset_cropped/10_Metas/31/09/20191031094200_00160.jpg,datasets_flow/dataset_cropped/10_Metas/31/09/20191031094200_00160.jpg,datasets_cloudmask/dataset_cropped/10_Metas/31/09/20191031094200_00160.png,340.3,741.3,63.2,21.9,966
10/31/2019 9:43,datasets/dataset_cropped/10_Metas/31/09/20191031094300_00160.jpg,datasets_flow/dataset_cropped/10_Metas/31/09/20191031094300_00160.jpg,datasets_cloudmask/dataset_cropped/10_Metas/31/09/20191031094300_00160.png,352.5,769.5,63.3,22,967
10/31/2019 9:44,datasets/dataset_cropped/10_Metas/31/09/20191031094400_00160.jpg,datasets_flow/dataset_cropped/10_Metas/31/09/20191031094400_00160.jpg,datasets_cloudmask/dataset_cropped/10_Metas/31/09/20191031094400_00160.png,358.9,781.3,63.1,22.2,967
10/31/2019 9:45,datasets/dataset_cropped/10_Metas/31/09/20191031094500_00160.jpg,datasets_flow/dataset_cropped/10_Metas/31/09/20191031094500_00160.jpg,datasets_cloudmask/dataset_cropped/10_Metas/31/09/20191031094500_00160.png,361.8,784.8,62.5,22.5,966
10/31/2019 9:46,datasets/dataset_cropped/10_Metas/31/09/20191031094600_00160.jpg,datasets_flow/dataset_cropped/10_Metas/31/09/20191031094600_00160.jpg,datasets_cloudmask/dataset_cropped/10_Metas/31/09/20191031094600_00160.png,363.8,786.2,62.1,22.6,967
10/31/2019 9:47,datasets/dataset_cropped/10_Metas/31/09/20191031094700_00160.jpg,datasets_flow/dataset_cropped/10_Metas/31/09/20191031094700_00160.jpg,datasets_cloudmask/dataset_cropped/10_Metas/31/09/20191031094700_00160.png,366.1,788.3,61.8,22.8,967
10/31/2019 9:48,datasets/dataset_cropped/10_Metas/31/09/20191031094800_00160.jpg,datasets_flow/dataset_cropped/10_Metas/31/09/20191031094800_00160.jpg,datasets_cloudmask/dataset_cropped/10_Metas/31/09/20191031094800_00160.png,366.5,785.9,61.3,22.9,967
10/31/2019 9:49,datasets/dataset_cropped/10_Metas/31/09/20191031094900_00160.jpg,datasets_flow/dataset_cropped/10_Metas/31/09/20191031094900_00160.jpg,datasets_cloudmask/dataset_cropped/10_Metas/31/09/20191031094900_00160.png,369,788.2,61.2,22.9,967
10/31/2019 9:50,datasets/dataset_cropped/10_Metas/31/09/20191031095000_00160.jpg,datasets_flow/dataset_cropped/10_Metas/31/09/20191031095000_00160.jpg,datasets_cloudmask/dataset_cropped/10_Metas/31/09/20191031095000_00160.png,373.3,794.6,61.1,22.8,967
10/31/2019 9:51,datasets/dataset_cropped/10_Metas/31/09/20191031095100_00160.jpg,datasets_flow/dataset_cropped/10_Metas/31/09/20191031095100_00160.jpg,datasets_cloudmask/dataset_cropped/10_Metas/31/09/20191031095100_00160.png,375.6,795.7,61,22.8,967
10/31/2019 9:52,datasets/dataset_cropped/10_Metas/31/09/20191031095200_00160.jpg,datasets_flow/dataset_cropped/10_Metas/31/09/20191031095200_00160.jpg,datasets_cloudmask/dataset_cropped/10_Metas/31/09/20191031095200_00160.png,378.4,797.4,61.1,22.8,967
10/31/2019 9:53,datasets/dataset_cropped/10_Metas/31/09/20191031095300_00160.jpg,datasets_flow/dataset_cropped/10_Metas/31/09/20191031095300_00160.jpg,datasets_cloudmask/dataset_cropped/10_Metas/31/09/20191031095300_00160.png,381.3,799.3,61.3,22.7,967
10/31/2019 9:54,datasets/dataset_cropped/10_Metas/31/09/20191031095400_00160.jpg,datasets_flow/dataset_cropped/10_Metas/31/09/20191031095400_00160.jpg,datasets_cloudmask/dataset_cropped/10_Metas/31/09/20191031095400_00160.png,384,801,61.7,22.7,967
10/31/2019 9:55,datasets/dataset_cropped/10_Metas/31/09/20191031095500_00160.jpg,datasets_flow/dataset_cropped/10_Metas/31/09/20191031095500_00160.jpg,datasets_cloudmask/dataset_cropped/10_Metas/31/09/20191031095500_00160.png,387,802,61.9,22.8,967
10/31/2019 9:56,datasets/dataset_cropped/10_Metas/31/09/20191031095600_00160.jpg,datasets_flow/dataset_cropped/10_Metas/31/09/20191031095600_00160.jpg,datasets_cloudmask/dataset_cropped/10_Metas/31/09/20191031095600_00160.png,389.4,802,62.2,23.1,967
10/31/2019 9:57,datasets/dataset_cropped/10_Metas/31/09/20191031095700_00160.jpg,datasets_flow/dataset_cropped/10_Metas/31/09/20191031095700_00160.jpg,datasets_cloudmask/dataset_cropped/10_Metas/31/09/20191031095700_00160.png,392,802,63,23.4,967
10/31/2019 9:58,datasets/dataset_cropped/10_Metas/31/09/20191031095800_00160.jpg,datasets_flow/dataset_cropped/10_Metas/31/09/20191031095800_00160.jpg,datasets_cloudmask/dataset_cropped/10_Metas/31/09/20191031095800_00160.png,394.7,802,63.7,23.5,967
10/31/2019 9:59,datasets/dataset_cropped/10_Metas/31/09/20191031095900_00160.jpg,datasets_flow/dataset_cropped/10_Metas/31/09/20191031095900_00160.jpg,datasets_cloudmask/dataset_cropped/10_Metas/31/09/20191031095900_00160.png,398.3,805,64.2,23.2,966
10/31/2019 10:00,datasets/dataset_cropped/10_Metas/31/10/20191031100000_00160.jpg,datasets_flow/dataset_cropped/10_Metas/31/10/20191031100000_00160.jpg,datasets_cloudmask/dataset_cropped/10_Metas/31/10/20191031100000_00160.png,401.2,808,64.3,23.1,966
10/31/2019 10:01,datasets/dataset_cropped/10_Metas/31/10/20191031100100_00160.jpg,datasets_flow/dataset_cropped/10_Metas/31/10/20191031100100_00160.jpg,datasets_cloudmask/dataset_cropped/10_Metas/31/10/20191031100100_00160.png,404.7,810,65,23.2,966
10/31/2019 10:02,datasets/dataset_cropped/10_Metas/31/10/20191031100200_00160.jpg,datasets_flow/dataset_cropped/10_Metas/31/10/20191031100200_00160.jpg,datasets_cloudmask/dataset_cropped/10_Metas/31/10/20191031100200_00160.png,408.1,811,66,23.4,966
10/31/2019 10:03,datasets/dataset_cropped/10_Metas/31/10/20191031100300_00160.jpg,datasets_flow/dataset_cropped/10_Metas/31/10/20191031100300_00160.jpg,datasets_cloudmask/dataset_cropped/10_Metas/31/10/20191031100300_00160.png,410.3,810,67,23.5,966
10/31/2019 10:04,datasets/dataset_cropped/10_Metas/31/10/20191031100400_00160.jpg,datasets_flow/dataset_cropped/10_Metas/31/10/20191031100400_00160.jpg,datasets_cloudmask/dataset_cropped/10_Metas/31/10/20191031100400_00160.png,415.6,817,67.6,23.8,967
10/31/2019 10:05,datasets/dataset_cropped/10_Metas/31/10/20191031100500_00160.jpg,datasets_flow/dataset_cropped/10_Metas/31/10/20191031100500_00160.jpg,datasets_cloudmask/dataset_cropped/10_Metas/31/10/20191031100500_00160.png,417.7,817,67.8,23.9,966
10/31/2019 10:06,datasets/dataset_cropped/10_Metas/31/10/20191031100600_00160.jpg,datasets_flow/dataset_cropped/10_Metas/31/10/20191031100600_00160.jpg,datasets_cloudmask/dataset_cropped/10_Metas/31/10/20191031100600_00160.png,421.3,821,68,23.9,966
10/31/2019 10:07,datasets/dataset_cropped/10_Metas/31/10/20191031100700_00160.jpg,datasets_flow/dataset_cropped/10_Metas/31/10/20191031100700_00160.jpg,datasets_cloudmask/dataset_cropped/10_Metas/31/10/20191031100700_00160.png,424.2,824,68.2,23.7,967
10/31/2019 10:08,datasets/dataset_cropped/10_Metas/31/10/20191031100800_00160.jpg,datasets_flow/dataset_cropped/10_Metas/31/10/20191031100800_00160.jpg,datasets_cloudmask/dataset_cropped/10_Metas/31/10/20191031100800_00160.png,426.2,824,68.3,23.7,966
10/31/2019 10:09,datasets/dataset_cropped/10_Metas/31/10/20191031100900_00160.jpg,datasets_flow/dataset_cropped/10_Metas/31/10/20191031100900_00160.jpg,datasets_cloudmask/dataset_cropped/10_Metas/31/10/20191031100900_00160.png,429.2,827,68.2,23.7,966
10/31/2019 10:10,datasets/dataset_cropped/10_Metas/31/10/20191031101000_00160.jpg,datasets_flow/dataset_cropped/10_Metas/31/10/20191031101000_00160.jpg,datasets_cloudmask/dataset_cropped/10_Metas/31/10/20191031101000_00160.png,431.3,829,68.1,23.6,966
10/31/2019 10:11,datasets/dataset_cropped/10_Metas/31/10/20191031101100_00160.jpg,datasets_flow/dataset_cropped/10_Metas/31/10/20191031101100_00160.jpg,datasets_cloudmask/dataset_cropped/10_Metas/31/10/20191031101100_00160.png,431.9,827,67.5,23.8,966
10/31/2019 10:12,datasets/dataset_cropped/10_Metas/31/10/20191031101200_00160.jpg,datasets_flow/dataset_cropped/10_Metas/31/10/20191031101200_00160.jpg,datasets_cloudmask/dataset_cropped/10_Metas/31/10/20191031101200_00160.png,434,828,67.2,24,967
10/31/2019 10:13,datasets/dataset_cropped/10_Metas/31/10/20191031101300_00160.jpg,datasets_flow/dataset_cropped/10_Metas/31/10/20191031101300_00160.jpg,datasets_cloudmask/dataset_cropped/10_Metas/31/10/20191031101300_00160.png,436.2,829,67.3,24,966
10/31/2019 10:14,datasets/dataset_cropped/10_Metas/31/10/20191031101400_00160.jpg,datasets_flow/dataset_cropped/10_Metas/31/10/20191031101400_00160.jpg,datasets_cloudmask/dataset_cropped/10_Metas/31/10/20191031101400_00160.png,438.3,829,67.7,23.9,966
10/31/2019 10:15,datasets/dataset_cropped/10_Metas/31/10/20191031101500_00160.jpg,datasets_flow/dataset_cropped/10_Metas/31/10/20191031101500_00160.jpg,datasets_cloudmask/dataset_cropped/10_Metas/31/10/20191031101500_00160.png,439.9,827,68.2,23.9,966
10/31/2019 10:16,datasets/dataset_cropped/10_Metas/31/10/20191031101600_00160.jpg,datasets_flow/dataset_cropped/10_Metas/31/10/20191031101600_00160.jpg,datasets_cloudmask/dataset_cropped/10_Metas/31/10/20191031101600_00160.png,442.1,827,68.7,23.9,966
10/31/2019 10:17,datasets/dataset_cropped/10_Metas/31/10/20191031101700_00160.jpg,datasets_flow/dataset_cropped/10_Metas/31/10/20191031101700_00160.jpg,datasets_cloudmask/dataset_cropped/10_Metas/31/10/20191031101700_00160.png,444.4,827,69,24,966
10/31/2019 10:18,datasets/dataset_cropped/10_Metas/31/10/20191031101800_00160.jpg,datasets_flow/dataset_cropped/10_Metas/31/10/20191031101800_00160.jpg,datasets_cloudmask/dataset_cropped/10_Metas/31/10/20191031101800_00160.png,448.2,830,69.4,24.1,967
10/31/2019 10:19,datasets/dataset_cropped/10_Metas/31/10/20191031101900_00160.jpg,datasets_flow/dataset_cropped/10_Metas/31/10/20191031101900_00160.jpg,datasets_cloudmask/dataset_cropped/10_Metas/31/10/20191031101900_00160.png,451.6,833,69.9,24,966
10/31/2019 10:20,datasets/dataset_cropped/10_Metas/31/10/20191031102000_00160.jpg,datasets_flow/dataset_cropped/10_Metas/31/10/20191031102000_00160.jpg,datasets_cloudmask/dataset_cropped/10_Metas/31/10/20191031102000_00160.png,453.8,832,70.6,24,966
10/31/2019 10:21,datasets/dataset_cropped/10_Metas/31/10/20191031102100_00160.jpg,datasets_flow/dataset_cropped/10_Metas/31/10/20191031102100_00160.jpg,datasets_cloudmask/dataset_cropped/10_Metas/31/10/20191031102100_00160.png,455.8,832,71.2,24,966
10/31/2019 10:22,datasets/dataset_cropped/10_Metas/31/10/20191031102200_00160.jpg,datasets_flow/dataset_cropped/10_Metas/31/10/20191031102200_00160.jpg,datasets_cloudmask/dataset_cropped/10_Metas/31/10/20191031102200_00160.png,457,830,71.8,24.1,966
10/31/2019 10:23,datasets/dataset_cropped/10_Metas/31/10/20191031102300_00160.jpg,datasets_flow/dataset_cropped/10_Metas/31/10/20191031102300_00160.jpg,datasets_cloudmask/dataset_cropped/10_Metas/31/10/20191031102300_00160.png,456.9,824,72.4,24.1,966
10/31/2019 10:24,datasets/dataset_cropped/10_Metas/31/10/20191031102400_00160.jpg,datasets_flow/dataset_cropped/10_Metas/31/10/20191031102400_00160.jpg,datasets_cloudmask/dataset_cropped/10_Metas/31/10/20191031102400_00160.png,463,833,72.8,24.2,967
10/31/2019 10:25,datasets/dataset_cropped/10_Metas/31/10/20191031102500_00160.jpg,datasets_flow/dataset_cropped/10_Metas/31/10/20191031102500_00160.jpg,datasets_cloudmask/dataset_cropped/10_Metas/31/10/20191031102500_00160.png,464.5,832,72.8,24.3,966
10/31/2019 10:26,datasets/dataset_cropped/10_Metas/31/10/20191031102600_00160.jpg,datasets_flow/dataset_cropped/10_Metas/31/10/20191031102600_00160.jpg,datasets_cloudmask/dataset_cropped/10_Metas/31/10/20191031102600_00160.png,467.2,834,73,24.5,966
10/31/2019 10:27,datasets/dataset_cropped/10_Metas/31/10/20191031102700_00160.jpg,datasets_flow/dataset_cropped/10_Metas/31/10/20191031102700_00160.jpg,datasets_cloudmask/dataset_cropped/10_Metas/31/10/20191031102700_00160.png,471.1,837,73.4,24.8,966
10/31/2019 10:28,datasets/dataset_cropped/10_Metas/31/10/20191031102800_00160.jpg,datasets_flow/dataset_cropped/10_Metas/31/10/20191031102800_00160.jpg,datasets_cloudmask/dataset_cropped/10_Metas/31/10/20191031102800_00160.png,473.7,838,74.1,24.8,966
10/31/2019 10:29,datasets/dataset_cropped/10_Metas/31/10/20191031102900_00160.jpg,datasets_flow/dataset_cropped/10_Metas/31/10/20191031102900_00160.jpg,datasets_cloudmask/dataset_cropped/10_Metas/31/10/20191031102900_00160.png,477.7,841,74.9,24.4,966
10/31/2019 10:30,datasets/dataset_cropped/10_Metas/31/10/20191031103000_00160.jpg,datasets_flow/dataset_cropped/10_Metas/31/10/20191031103000_00160.jpg,datasets_cloudmask/dataset_cropped/10_Metas/31/10/20191031103000_00160.png,479.3,839,75.6,24.3,966
10/31/2019 10:31,datasets/dataset_cropped/10_Metas/31/10/20191031103100_00160.jpg,datasets_flow/dataset_cropped/10_Metas/31/10/20191031103100_00160.jpg,datasets_cloudmask/dataset_cropped/10_Metas/31/10/20191031103100_00160.png,480.1,836,76.2,24.3,966
10/31/2019 10:32,datasets/dataset_cropped/10_Metas/31/10/20191031103200_00160.jpg,datasets_flow/dataset_cropped/10_Metas/31/10/20191031103200_00160.jpg,datasets_cloudmask/dataset_cropped/10_Metas/31/10/20191031103200_00160.png,477.9,825,77.3,24.5,966
10/31/2019 10:33,datasets/dataset_cropped/10_Metas/31/10/20191031103300_00160.jpg,datasets_flow/dataset_cropped/10_Metas/31/10/20191031103300_00160.jpg,datasets_cloudmask/dataset_cropped/10_Metas/31/10/20191031103300_00160.png,476,814,78.7,24.6,966
10/31/2019 10:34,datasets/dataset_cropped/10_Metas/31/10/20191031103400_00160.jpg,datasets_flow/dataset_cropped/10_Metas/31/10/20191031103400_00160.jpg,datasets_cloudmask/dataset_cropped/10_Metas/31/10/20191031103400_00160.png,463.8,783.3,79.9,24.8,966
10/31/2019 10:35,datasets/dataset_cropped/10_Metas/31/10/20191031103500_00160.jpg,datasets_flow/dataset_cropped/10_Metas/31/10/20191031103500_00160.jpg,datasets_cloudmask/dataset_cropped/10_Metas/31/10/20191031103500_00160.png,451.5,753.8,80,24.7,966
10/31/2019 10:36,datasets/dataset_cropped/10_Metas/31/10/20191031103600_00160.jpg,datasets_flow/dataset_cropped/10_Metas/31/10/20191031103600_00160.jpg,datasets_cloudmask/dataset_cropped/10_Metas/31/10/20191031103600_00160.png,438.8,727.7,78.9,24.9,966
10/31/2019 10:37,datasets/dataset_cropped/10_Metas/31/10/20191031103700_00160.jpg,datasets_flow/dataset_cropped/10_Metas/31/10/20191031103700_00160.jpg,datasets_cloudmask/dataset_cropped/10_Metas/31/10/20191031103700_00160.png,490.9,833,77.9,25,966
10/31/2019 10:38,datasets/dataset_cropped/10_Metas/31/10/20191031103800_00160.jpg,datasets_flow/dataset_cropped/10_Metas/31/10/20191031103800_00160.jpg,datasets_cloudmask/dataset_cropped/10_Metas/31/10/20191031103800_00160.png,494.2,841,75.7,24.8,966
10/31/2019 10:39,datasets/dataset_cropped/10_Metas/31/10/20191031103900_00160.jpg,datasets_flow/dataset_cropped/10_Metas/31/10/20191031103900_00160.jpg,datasets_cloudmask/dataset_cropped/10_Metas/31/10/20191031103900_00160.png,494.1,841,74.2,24.7,966
10/31/2019 10:40,datasets/dataset_cropped/10_Metas/31/10/20191031104000_00160.jpg,datasets_flow/dataset_cropped/10_Metas/31/10/20191031104000_00160.jpg,datasets_cloudmask/dataset_cropped/10_Metas/31/10/20191031104000_00160.png,502.1,856,73.4,24.8,966
10/31/2019 10:41,datasets/dataset_cropped/10_Metas/31/10/20191031104100_00160.jpg,datasets_flow/dataset_cropped/10_Metas/31/10/20191031104100_00160.jpg,datasets_cloudmask/dataset_cropped/10_Metas/31/10/20191031104100_00160.png,502.9,855,72.8,24.9,966
10/31/2019 10:42,datasets/dataset_cropped/10_Metas/31/10/20191031104200_00160.jpg,datasets_flow/dataset_cropped/10_Metas/31/10/20191031104200_00160.jpg,datasets_cloudmask/dataset_cropped/10_Metas/31/10/20191031104200_00160.png,504.5,856,72.3,25.1,966
10/31/2019 10:43,datasets/dataset_cropped/10_Metas/31/10/20191031104300_00160.jpg,datasets_flow/dataset_cropped/10_Metas/31/10/20191031104300_00160.jpg,datasets_cloudmask/dataset_cropped/10_Metas/31/10/20191031104300_00160.png,505,854,72.2,25,966
10/31/2019 10:44,datasets/dataset_cropped/10_Metas/31/10/20191031104400_00160.jpg,datasets_flow/dataset_cropped/10_Metas/31/10/20191031104400_00160.jpg,datasets_cloudmask/dataset_cropped/10_Metas/31/10/20191031104400_00160.png,504.1,848,72.6,25.1,966
10/31/2019 10:45,datasets/dataset_cropped/10_Metas/31/10/20191031104500_00160.jpg,datasets_flow/dataset_cropped/10_Metas/31/10/20191031104500_00160.jpg,datasets_cloudmask/dataset_cropped/10_Metas/31/10/20191031104500_00160.png,504.1,845,73.1,24.9,966
10/31/2019 10:46,datasets/dataset_cropped/10_Metas/31/10/20191031104600_00160.jpg,datasets_flow/dataset_cropped/10_Metas/31/10/20191031104600_00160.jpg,datasets_cloudmask/dataset_cropped/10_Metas/31/10/20191031104600_00160.png,498.7,831,73.3,24.9,966
10/31/2019 10:47,datasets/dataset_cropped/10_Metas/31/10/20191031104700_00160.jpg,datasets_flow/dataset_cropped/10_Metas/31/10/20191031104700_00160.jpg,datasets_cloudmask/dataset_cropped/10_Metas/31/10/20191031104700_00160.png,508,845,73.9,25.1,966
10/31/2019 10:48,datasets/dataset_cropped/10_Metas/31/10/20191031104800_00160.jpg,datasets_flow/dataset_cropped/10_Metas/31/10/20191031104800_00160.jpg,datasets_cloudmask/dataset_cropped/10_Metas/31/10/20191031104800_00160.png,514.8,853,75.2,25.1,966
10/31/2019 10:49,datasets/dataset_cropped/10_Metas/31/10/20191031104900_00160.jpg,datasets_flow/dataset_cropped/10_Metas/31/10/20191031104900_00160.jpg,datasets_cloudmask/dataset_cropped/10_Metas/31/10/20191031104900_00160.png,517.3,851,77.2,25.1,966
10/31/2019 10:50,datasets/dataset_cropped/10_Metas/31/10/20191031105000_00160.jpg,datasets_flow/dataset_cropped/10_Metas/31/10/20191031105000_00160.jpg,datasets_cloudmask/dataset_cropped/10_Metas/31/10/20191031105000_00160.png,510.4,832,78.8,25.1,966
10/31/2019 10:51,datasets/dataset_cropped/10_Metas/31/10/20191031105100_00160.jpg,datasets_flow/dataset_cropped/10_Metas/31/10/20191031105100_00160.jpg,datasets_cloudmask/dataset_cropped/10_Metas/31/10/20191031105100_00160.png,516.3,838,80.4,25.1,966
10/31/2019 10:52,datasets/dataset_cropped/10_Metas/31/10/20191031105200_00160.jpg,datasets_flow/dataset_cropped/10_Metas/31/10/20191031105200_00160.jpg,datasets_cloudmask/dataset_cropped/10_Metas/31/10/20191031105200_00160.png,526,851,81.4,25.1,966
10/31/2019 10:53,datasets/dataset_cropped/10_Metas/31/10/20191031105300_00160.jpg,datasets_flow/dataset_cropped/10_Metas/31/10/20191031105300_00160.jpg,datasets_cloudmask/dataset_cropped/10_Metas/31/10/20191031105300_00160.png,531.3,857,82.3,25.2,966
10/31/2019 10:54,datasets/dataset_cropped/10_Metas/31/10/20191031105400_00160.jpg,datasets_flow/dataset_cropped/10_Metas/31/10/20191031105400_00160.jpg,datasets_cloudmask/dataset_cropped/10_Metas/31/10/20191031105400_00160.png,532.5,855,83.2,25.1,966
10/31/2019 10:55,datasets/dataset_cropped/10_Metas/31/10/20191031105500_00160.jpg,datasets_flow/dataset_cropped/10_Metas/31/10/20191031105500_00160.jpg,datasets_cloudmask/dataset_cropped/10_Metas/31/10/20191031105500_00160.png,535.4,857,83.8,25.1,966
10/31/2019 10:56,datasets/dataset_cropped/10_Metas/31/10/20191031105600_00160.jpg,datasets_flow/dataset_cropped/10_Metas/31/10/20191031105600_00160.jpg,datasets_cloudmask/dataset_cropped/10_Metas/31/10/20191031105600_00160.png,538.5,859,84,25.2,966
10/31/2019 10:57,datasets/dataset_cropped/10_Metas/31/10/20191031105700_00160.jpg,datasets_flow/dataset_cropped/10_Metas/31/10/20191031105700_00160.jpg,datasets_cloudmask/dataset_cropped/10_Metas/31/10/20191031105700_00160.png,537.8,854,84.6,25.1,966
10/31/2019 10:58,datasets/dataset_cropped/10_Metas/31/10/20191031105800_00160.jpg,datasets_flow/dataset_cropped/10_Metas/31/10/20191031105800_00160.jpg,datasets_cloudmask/dataset_cropped/10_Metas/31/10/20191031105800_00160.png,532.7,838,86,25.1,966
10/31/2019 10:59,datasets/dataset_cropped/10_Metas/31/10/20191031105900_00160.jpg,datasets_flow/dataset_cropped/10_Metas/31/10/20191031105900_00160.jpg,datasets_cloudmask/dataset_cropped/10_Metas/31/10/20191031105900_00160.png,540.6,848,87.7,25.2,966
10/31/2019 11:00,datasets/dataset_cropped/10_Metas/31/11/20191031110000_00160.jpg,datasets_flow/dataset_cropped/10_Metas/31/11/20191031110000_00160.jpg,datasets_cloudmask/dataset_cropped/10_Metas/31/11/20191031110000_00160.png,547.2,854,89.6,25.3,966
10/31/2019 11:01,datasets/dataset_cropped/10_Metas/31/11/20191031110100_00160.jpg,datasets_flow/dataset_cropped/10_Metas/31/11/20191031110100_00160.jpg,datasets_cloudmask/dataset_cropped/10_Metas/31/11/20191031110100_00160.png,552.3,856,92,25.3,966
10/31/2019 11:02,datasets/dataset_cropped/10_Metas/31/11/20191031110200_00160.jpg,datasets_flow/dataset_cropped/10_Metas/31/11/20191031110200_00160.jpg,datasets_cloudmask/dataset_cropped/10_Metas/31/11/20191031110200_00160.png,559.8,863,94.8,25.3,966
10/31/2019 11:03,datasets/dataset_cropped/10_Metas/31/11/20191031110300_00160.jpg,datasets_flow/dataset_cropped/10_Metas/31/11/20191031110300_00160.jpg,datasets_cloudmask/dataset_cropped/10_Metas/31/11/20191031110300_00160.png,561.7,859,97.5,25.4,966
10/31/2019 11:04,datasets/dataset_cropped/10_Metas/31/11/20191031110400_00160.jpg,datasets_flow/dataset_cropped/10_Metas/31/11/20191031110400_00160.jpg,datasets_cloudmask/dataset_cropped/10_Metas/31/11/20191031110400_00160.png,552.6,836,99.4,25.3,966
10/31/2019 11:05,datasets/dataset_cropped/10_Metas/31/11/20191031110500_00160.jpg,datasets_flow/dataset_cropped/10_Metas/31/11/20191031110500_00160.jpg,datasets_cloudmask/dataset_cropped/10_Metas/31/11/20191031110500_00160.png,564.2,851,101,25.2,966
10/31/2019 11:06,datasets/dataset_cropped/10_Metas/31/11/20191031110600_00160.jpg,datasets_flow/dataset_cropped/10_Metas/31/11/20191031110600_00160.jpg,datasets_cloudmask/dataset_cropped/10_Metas/31/11/20191031110600_00160.png,482.6,699,101,25.4,966
10/31/2019 11:07,datasets/dataset_cropped/10_Metas/31/11/20191031110700_00160.jpg,datasets_flow/dataset_cropped/10_Metas/31/11/20191031110700_00160.jpg,datasets_cloudmask/dataset_cropped/10_Metas/31/11/20191031110700_00160.png,546.5,810,103.2,25.4,966
10/31/2019 11:08,datasets/dataset_cropped/10_Metas/31/11/20191031110800_00160.jpg,datasets_flow/dataset_cropped/10_Metas/31/11/20191031110800_00160.jpg,datasets_cloudmask/dataset_cropped/10_Metas/31/11/20191031110800_00160.png,528.8,774,103.7,25.4,966
10/31/2019 11:09,datasets/dataset_cropped/10_Metas/31/11/20191031110900_00160.jpg,datasets_flow/dataset_cropped/10_Metas/31/11/20191031110900_00160.jpg,datasets_cloudmask/dataset_cropped/10_Metas/31/11/20191031110900_00160.png,537.1,785.2,104.5,25.5,966
10/31/2019 11:10,datasets/dataset_cropped/10_Metas/31/11/20191031111000_00160.jpg,datasets_flow/dataset_cropped/10_Metas/31/11/20191031111000_00160.jpg,datasets_cloudmask/dataset_cropped/10_Metas/31/11/20191031111000_00160.png,529,767.7,104.9,25.4,966
10/31/2019 11:11,datasets/dataset_cropped/10_Metas/31/11/20191031111100_00160.jpg,datasets_flow/dataset_cropped/10_Metas/31/11/20191031111100_00160.jpg,datasets_cloudmask/dataset_cropped/10_Metas/31/11/20191031111100_00160.png,450.3,625.2,103.8,25.5,966
10/31/2019 11:12,datasets/dataset_cropped/10_Metas/31/11/20191031111200_00160.jpg,datasets_flow/dataset_cropped/10_Metas/31/11/20191031111200_00160.jpg,datasets_cloudmask/dataset_cropped/10_Metas/31/11/20191031111200_00160.png,399.8,533.9,102.5,25.5,966
10/31/2019 11:13,datasets/dataset_cropped/10_Metas/31/11/20191031111300_00160.jpg,datasets_flow/dataset_cropped/10_Metas/31/11/20191031111300_00160.jpg,datasets_cloudmask/dataset_cropped/10_Metas/31/11/20191031111300_00160.png,352.9,450.4,101.1,25.5,966
10/31/2019 11:14,datasets/dataset_cropped/10_Metas/31/11/20191031111400_00160.jpg,datasets_flow/dataset_cropped/10_Metas/31/11/20191031111400_00160.jpg,datasets_cloudmask/dataset_cropped/10_Metas/31/11/20191031111400_00160.png,473.5,664.7,101.8,25.4,966
10/31/2019 11:15,datasets/dataset_cropped/10_Metas/31/11/20191031111500_00160.jpg,datasets_flow/dataset_cropped/10_Metas/31/11/20191031111500_00160.jpg,datasets_cloudmask/dataset_cropped/10_Metas/31/11/20191031111500_00160.png,484.7,685,100.6,25.4,966
10/31/2019 11:16,datasets/dataset_cropped/10_Metas/31/11/20191031111600_00160.jpg,datasets_flow/dataset_cropped/10_Metas/31/11/20191031111600_00160.jpg,datasets_cloudmask/dataset_cropped/10_Metas/31/11/20191031111600_00160.png,508.3,728,99.6,25.3,966
10/31/2019 11:17,datasets/dataset_cropped/10_Metas/31/11/20191031111700_00160.jpg,datasets_flow/dataset_cropped/10_Metas/31/11/20191031111700_00160.jpg,datasets_cloudmask/dataset_cropped/10_Metas/31/11/20191031111700_00160.png,555.8,814,98.8,25.1,966
10/31/2019 11:18,datasets/dataset_cropped/10_Metas/31/11/20191031111800_00160.jpg,datasets_flow/dataset_cropped/10_Metas/31/11/20191031111800_00160.jpg,datasets_cloudmask/dataset_cropped/10_Metas/31/11/20191031111800_00160.png,570.9,842,97,25.1,966
10/31/2019 11:19,datasets/dataset_cropped/10_Metas/31/11/20191031111900_00160.jpg,datasets_flow/dataset_cropped/10_Metas/31/11/20191031111900_00160.jpg,datasets_cloudmask/dataset_cropped/10_Metas/31/11/20191031111900_00160.png,544,794.4,95.6,25.2,966
10/31/2019 11:20,datasets/dataset_cropped/10_Metas/31/11/20191031112000_00160.jpg,datasets_flow/dataset_cropped/10_Metas/31/11/20191031112000_00160.jpg,datasets_cloudmask/dataset_cropped/10_Metas/31/11/20191031112000_00160.png,578.1,853,95.8,25.3,966
10/31/2019 11:21,datasets/dataset_cropped/10_Metas/31/11/20191031112100_00160.jpg,datasets_flow/dataset_cropped/10_Metas/31/11/20191031112100_00160.jpg,datasets_cloudmask/dataset_cropped/10_Metas/31/11/20191031112100_00160.png,584.9,862,96.6,25.4,966
10/31/2019 11:22,datasets/dataset_cropped/10_Metas/31/11/20191031112200_00160.jpg,datasets_flow/dataset_cropped/10_Metas/31/11/20191031112200_00160.jpg,datasets_cloudmask/dataset_cropped/10_Metas/31/11/20191031112200_00160.png,590.7,869,97.8,25.6,966
10/31/2019 11:23,datasets/dataset_cropped/10_Metas/31/11/20191031112300_00160.jpg,datasets_flow/dataset_cropped/10_Metas/31/11/20191031112300_00160.jpg,datasets_cloudmask/dataset_cropped/10_Metas/31/11/20191031112300_00160.png,592.8,868,99.2,25.6,966
10/31/2019 11:24,datasets/dataset_cropped/10_Metas/31/11/20191031112400_00160.jpg,datasets_flow/dataset_cropped/10_Metas/31/11/20191031112400_00160.jpg,datasets_cloudmask/dataset_cropped/10_Metas/31/11/20191031112400_00160.png,584.9,849,100.9,25.8,966
10/31/2019 11:25,datasets/dataset_cropped/10_Metas/31/11/20191031112500_00160.jpg,datasets_flow/dataset_cropped/10_Metas/31/11/20191031112500_00160.jpg,datasets_cloudmask/dataset_cropped/10_Metas/31/11/20191031112500_00160.png,558.5,798.2,102,26.1,966
10/31/2019 11:26,datasets/dataset_cropped/10_Metas/31/11/20191031112600_00160.jpg,datasets_flow/dataset_cropped/10_Metas/31/11/20191031112600_00160.jpg,datasets_cloudmask/dataset_cropped/10_Metas/31/11/20191031112600_00160.png,573,820,102.7,26.3,966
10/31/2019 11:27,datasets/dataset_cropped/10_Metas/31/11/20191031112700_00160.jpg,datasets_flow/dataset_cropped/10_Metas/31/11/20191031112700_00160.jpg,datasets_cloudmask/dataset_cropped/10_Metas/31/11/20191031112700_00160.png,597.6,861,102.4,26.3,966
10/31/2019 11:28,datasets/dataset_cropped/10_Metas/31/11/20191031112800_00160.jpg,datasets_flow/dataset_cropped/10_Metas/31/11/20191031112800_00160.jpg,datasets_cloudmask/dataset_cropped/10_Metas/31/11/20191031112800_00160.png,534.1,751.9,100.9,26.2,966
10/31/2019 11:29,datasets/dataset_cropped/10_Metas/31/11/20191031112900_00160.jpg,datasets_flow/dataset_cropped/10_Metas/31/11/20191031112900_00160.jpg,datasets_cloudmask/dataset_cropped/10_Metas/31/11/20191031112900_00160.png,600.4,866,100.5,25.9,966
10/31/2019 11:30,datasets/dataset_cropped/10_Metas/31/11/20191031113000_00160.jpg,datasets_flow/dataset_cropped/10_Metas/31/11/20191031113000_00160.jpg,datasets_cloudmask/dataset_cropped/10_Metas/31/11/20191031113000_00160.png,598.6,864,98.9,25.5,966
10/31/2019 11:31,datasets/dataset_cropped/10_Metas/31/11/20191031113100_00160.jpg,datasets_flow/dataset_cropped/10_Metas/31/11/20191031113100_00160.jpg,datasets_cloudmask/dataset_cropped/10_Metas/31/11/20191031113100_00160.png,586.9,845,96.5,25.7,966
10/31/2019 11:32,datasets/dataset_cropped/10_Metas/31/11/20191031113200_00160.jpg,datasets_flow/dataset_cropped/10_Metas/31/11/20191031113200_00160.jpg,datasets_cloudmask/dataset_cropped/10_Metas/31/11/20191031113200_00160.png,588.6,849,94.6,26,966
10/31/2019 11:33,datasets/dataset_cropped/10_Metas/31/11/20191031113300_00160.jpg,datasets_flow/dataset_cropped/10_Metas/31/11/20191031113300_00160.jpg,datasets_cloudmask/dataset_cropped/10_Metas/31/11/20191031113300_00160.png,602.3,875,92.3,26,966
10/31/2019 11:36,datasets/dataset_cropped/10_Metas/31/11/20191031113600_00160.jpg,datasets_flow/dataset_cropped/10_Metas/31/11/20191031113600_00160.jpg,datasets_cloudmask/dataset_cropped/10_Metas/31/11/20191031113600_00160.png,610.3,879,94.9,25.9,966
10/31/2019 11:37,datasets/dataset_cropped/10_Metas/31/11/20191031113700_00160.jpg,datasets_flow/dataset_cropped/10_Metas/31/11/20191031113700_00160.jpg,datasets_cloudmask/dataset_cropped/10_Metas/31/11/20191031113700_00160.png,624.5,897,98.3,25.7,966
10/31/2019 11:38,datasets/dataset_cropped/10_Metas/31/11/20191031113800_00160.jpg,datasets_flow/dataset_cropped/10_Metas/31/11/20191031113800_00160.jpg,datasets_cloudmask/dataset_cropped/10_Metas/31/11/20191031113800_00160.png,628.7,897,101.2,25.8,966
10/31/2019 11:39,datasets/dataset_cropped/10_Metas/31/11/20191031113900_00160.jpg,datasets_flow/dataset_cropped/10_Metas/31/11/20191031113900_00160.jpg,datasets_cloudmask/dataset_cropped/10_Metas/31/11/20191031113900_00160.png,627.1,888,104.2,25.9,966
10/31/2019 11:40,datasets/dataset_cropped/10_Metas/31/11/20191031114000_00160.jpg,datasets_flow/dataset_cropped/10_Metas/31/11/20191031114000_00160.jpg,datasets_cloudmask/dataset_cropped/10_Metas/31/11/20191031114000_00160.png,634,890,109.1,25.8,966
10/31/2019 11:41,datasets/dataset_cropped/10_Metas/31/11/20191031114100_00160.jpg,datasets_flow/dataset_cropped/10_Metas/31/11/20191031114100_00160.jpg,datasets_cloudmask/dataset_cropped/10_Metas/31/11/20191031114100_00160.png,631.2,876,113.7,25.8,966
10/31/2019 11:42,datasets/dataset_cropped/10_Metas/31/11/20191031114200_00160.jpg,datasets_flow/dataset_cropped/10_Metas/31/11/20191031114200_00160.jpg,datasets_cloudmask/dataset_cropped/10_Metas/31/11/20191031114200_00160.png,610.1,836,114.8,25.9,966
10/31/2019 11:43,datasets/dataset_cropped/10_Metas/31/11/20191031114300_00160.jpg,datasets_flow/dataset_cropped/10_Metas/31/11/20191031114300_00160.jpg,datasets_cloudmask/dataset_cropped/10_Metas/31/11/20191031114300_00160.png,575.3,783,110.6,26,966
10/31/2019 11:44,datasets/dataset_cropped/10_Metas/31/11/20191031114400_00160.jpg,datasets_flow/dataset_cropped/10_Metas/31/11/20191031114400_00160.jpg,datasets_cloudmask/dataset_cropped/10_Metas/31/11/20191031114400_00160.png,612.3,856,103.7,25.9,966
10/31/2019 11:45,datasets/dataset_cropped/10_Metas/31/11/20191031114500_00160.jpg,datasets_flow/dataset_cropped/10_Metas/31/11/20191031114500_00160.jpg,datasets_cloudmask/dataset_cropped/10_Metas/31/11/20191031114500_00160.png,615.8,866,100.4,25.9,966
10/31/2019 11:46,datasets/dataset_cropped/10_Metas/31/11/20191031114600_00160.jpg,datasets_flow/dataset_cropped/10_Metas/31/11/20191031114600_00160.jpg,datasets_cloudmask/dataset_cropped/10_Metas/31/11/20191031114600_00160.png,617.1,867,100,25.9,966
10/31/2019 11:47,datasets/dataset_cropped/10_Metas/31/11/20191031114700_00160.jpg,datasets_flow/dataset_cropped/10_Metas/31/11/20191031114700_00160.jpg,datasets_cloudmask/dataset_cropped/10_Metas/31/11/20191031114700_00160.png,604.4,844,100.5,26,966
10/31/2019 11:48,datasets/dataset_cropped/10_Metas/31/11/20191031114800_00160.jpg,datasets_flow/dataset_cropped/10_Metas/31/11/20191031114800_00160.jpg,datasets_cloudmask/dataset_cropped/10_Metas/31/11/20191031114800_00160.png,614.2,858,101.3,26.1,966
10/31/2019 11:49,datasets/dataset_cropped/10_Metas/31/11/20191031114900_00160.jpg,datasets_flow/dataset_cropped/10_Metas/31/11/20191031114900_00160.jpg,datasets_cloudmask/dataset_cropped/10_Metas/31/11/20191031114900_00160.png,615.8,859,101.6,26.1,966
10/31/2019 11:50,datasets/dataset_cropped/10_Metas/31/11/20191031115000_00160.jpg,datasets_flow/dataset_cropped/10_Metas/31/11/20191031115000_00160.jpg,datasets_cloudmask/dataset_cropped/10_Metas/31/11/20191031115000_00160.png,613.5,852,102.1,26.1,966
10/31/2019 11:51,datasets/dataset_cropped/10_Metas/31/11/20191031115100_00160.jpg,datasets_flow/dataset_cropped/10_Metas/31/11/20191031115100_00160.jpg,datasets_cloudmask/dataset_cropped/10_Metas/31/11/20191031115100_00160.png,586.1,804,102.5,26.2,966
10/31/2019 11:52,datasets/dataset_cropped/10_Metas/31/11/20191031115200_00160.jpg,datasets_flow/dataset_cropped/10_Metas/31/11/20191031115200_00160.jpg,datasets_cloudmask/dataset_cropped/10_Metas/31/11/20191031115200_00160.png,592.6,814,102.6,26.2,966
10/31/2019 11:53,datasets/dataset_cropped/10_Metas/31/11/20191031115300_00160.jpg,datasets_flow/dataset_cropped/10_Metas/31/11/20191031115300_00160.jpg,datasets_cloudmask/dataset_cropped/10_Metas/31/11/20191031115300_00160.png,615.6,850,103,26.1,966
10/31/2019 11:54,datasets/dataset_cropped/10_Metas/31/11/20191031115400_00160.jpg,datasets_flow/dataset_cropped/10_Metas/31/11/20191031115400_00160.jpg,datasets_cloudmask/dataset_cropped/10_Metas/31/11/20191031115400_00160.png,618.2,852,103.4,26.1,966
10/31/2019 11:55,datasets/dataset_cropped/10_Metas/31/11/20191031115500_00160.jpg,datasets_flow/dataset_cropped/10_Metas/31/11/20191031115500_00160.jpg,datasets_cloudmask/dataset_cropped/10_Metas/31/11/20191031115500_00160.png,608.8,833,105,26.2,966
10/31/2019 11:56,datasets/dataset_cropped/10_Metas/31/11/20191031115600_00160.jpg,datasets_flow/dataset_cropped/10_Metas/31/11/20191031115600_00160.jpg,datasets_cloudmask/dataset_cropped/10_Metas/31/11/20191031115600_00160.png,578.8,779.3,106.7,26,966
10/31/2019 11:57,datasets/dataset_cropped/10_Metas/31/11/20191031115700_00160.jpg,datasets_flow/dataset_cropped/10_Metas/31/11/20191031115700_00160.jpg,datasets_cloudmask/dataset_cropped/10_Metas/31/11/20191031115700_00160.png,626.7,853,109.7,26,966
10/31/2019 11:58,datasets/dataset_cropped/10_Metas/31/11/20191031115800_00160.jpg,datasets_flow/dataset_cropped/10_Metas/31/11/20191031115800_00160.jpg,datasets_cloudmask/dataset_cropped/10_Metas/31/11/20191031115800_00160.png,605.9,813,111.8,26.1,966
10/31/2019 11:59,datasets/dataset_cropped/10_Metas/31/11/20191031115900_00160.jpg,datasets_flow/dataset_cropped/10_Metas/31/11/20191031115900_00160.jpg,datasets_cloudmask/dataset_cropped/10_Metas/31/11/20191031115900_00160.png,621.2,833,114.5,26.3,966
10/31/2019 12:00,datasets/dataset_cropped/10_Metas/31/12/20191031120000_00160.jpg,datasets_flow/dataset_cropped/10_Metas/31/12/20191031120000_00160.jpg,datasets_cloudmask/dataset_cropped/10_Metas/31/12/20191031120000_00160.png,616,819,116.5,26.3,966
10/31/2019 12:01,datasets/dataset_cropped/10_Metas/31/12/20191031120100_00160.jpg,datasets_flow/dataset_cropped/10_Metas/31/12/20191031120100_00160.jpg,datasets_cloudmask/dataset_cropped/10_Metas/31/12/20191031120100_00160.png,614.5,812,118.7,26.3,966
10/31/2019 12:02,datasets/dataset_cropped/10_Metas/31/12/20191031120200_00160.jpg,datasets_flow/dataset_cropped/10_Metas/31/12/20191031120200_00160.jpg,datasets_cloudmask/dataset_cropped/10_Metas/31/12/20191031120200_00160.png,599.2,782.1,120.8,26.1,966
10/31/2019 12:03,datasets/dataset_cropped/10_Metas/31/12/20191031120300_00160.jpg,datasets_flow/dataset_cropped/10_Metas/31/12/20191031120300_00160.jpg,datasets_cloudmask/dataset_cropped/10_Metas/31/12/20191031120300_00160.png,619.4,809,124.2,26.1,966
10/31/2019 12:04,datasets/dataset_cropped/10_Metas/31/12/20191031120400_00160.jpg,datasets_flow/dataset_cropped/10_Metas/31/12/20191031120400_00160.jpg,datasets_cloudmask/dataset_cropped/10_Metas/31/12/20191031120400_00160.png,629.4,818,128.5,26.3,966
10/31/2019 12:05,datasets/dataset_cropped/10_Metas/31/12/20191031120500_00160.jpg,datasets_flow/dataset_cropped/10_Metas/31/12/20191031120500_00160.jpg,datasets_cloudmask/dataset_cropped/10_Metas/31/12/20191031120500_00160.png,640.1,826,133.7,26.4,966
10/31/2019 12:06,datasets/dataset_cropped/10_Metas/31/12/20191031120600_00160.jpg,datasets_flow/dataset_cropped/10_Metas/31/12/20191031120600_00160.jpg,datasets_cloudmask/dataset_cropped/10_Metas/31/12/20191031120600_00160.png,620.2,783,139.1,26.5,966
10/31/2019 12:07,datasets/dataset_cropped/10_Metas/31/12/20191031120700_00160.jpg,datasets_flow/dataset_cropped/10_Metas/31/12/20191031120700_00160.jpg,datasets_cloudmask/dataset_cropped/10_Metas/31/12/20191031120700_00160.png,587.5,721.7,143.5,26.5,966
10/31/2019 12:08,datasets/dataset_cropped/10_Metas/31/12/20191031120800_00160.jpg,datasets_flow/dataset_cropped/10_Metas/31/12/20191031120800_00160.jpg,datasets_cloudmask/dataset_cropped/10_Metas/31/12/20191031120800_00160.png,580.7,702,148,26.2,966
10/31/2019 12:09,datasets/dataset_cropped/10_Metas/31/12/20191031120900_00160.jpg,datasets_flow/dataset_cropped/10_Metas/31/12/20191031120900_00160.jpg,datasets_cloudmask/dataset_cropped/10_Metas/31/12/20191031120900_00160.png,586.5,702.9,153.1,26.4,966
10/31/2019 12:10,datasets/dataset_cropped/10_Metas/31/12/20191031121000_00160.jpg,datasets_flow/dataset_cropped/10_Metas/31/12/20191031121000_00160.jpg,datasets_cloudmask/dataset_cropped/10_Metas/31/12/20191031121000_00160.png,580.1,686.7,156,26.6,966
10/31/2019 12:11,datasets/dataset_cropped/10_Metas/31/12/20191031121100_00160.jpg,datasets_flow/dataset_cropped/10_Metas/31/12/20191031121100_00160.jpg,datasets_cloudmask/dataset_cropped/10_Metas/31/12/20191031121100_00160.png,559.7,652.6,155.5,26.6,966
10/31/2019 12:12,datasets/dataset_cropped/10_Metas/31/12/20191031121200_00160.jpg,datasets_flow/dataset_cropped/10_Metas/31/12/20191031121200_00160.jpg,datasets_cloudmask/dataset_cropped/10_Metas/31/12/20191031121200_00160.png,524.3,597.4,153.4,26.5,966
10/31/2019 12:13,datasets/dataset_cropped/10_Metas/31/12/20191031121300_00160.jpg,datasets_flow/dataset_cropped/10_Metas/31/12/20191031121300_00160.jpg,datasets_cloudmask/dataset_cropped/10_Metas/31/12/20191031121300_00160.png,522.8,596.1,152,26.5,966
10/31/2019 12:14,datasets/dataset_cropped/10_Metas/31/12/20191031121400_00160.jpg,datasets_flow/dataset_cropped/10_Metas/31/12/20191031121400_00160.jpg,datasets_cloudmask/dataset_cropped/10_Metas/31/12/20191031121400_00160.png,508.2,575.2,149.8,26.4,966
10/31/2019 12:15,datasets/dataset_cropped/10_Metas/31/12/20191031121500_00160.jpg,datasets_flow/dataset_cropped/10_Metas/31/12/20191031121500_00160.jpg,datasets_cloudmask/dataset_cropped/10_Metas/31/12/20191031121500_00160.png,453.7,493.4,145.3,26.1,966
10/31/2019 12:16,datasets/dataset_cropped/10_Metas/31/12/20191031121600_00160.jpg,datasets_flow/dataset_cropped/10_Metas/31/12/20191031121600_00160.jpg,datasets_cloudmask/dataset_cropped/10_Metas/31/12/20191031121600_00160.png,547,652.7,140.8,25.9,966
10/31/2019 12:17,datasets/dataset_cropped/10_Metas/31/12/20191031121700_00160.jpg,datasets_flow/dataset_cropped/10_Metas/31/12/20191031121700_00160.jpg,datasets_cloudmask/dataset_cropped/10_Metas/31/12/20191031121700_00160.png,629.3,794.4,135.9,26,966
10/31/2019 12:18,datasets/dataset_cropped/10_Metas/31/12/20191031121800_00160.jpg,datasets_flow/dataset_cropped/10_Metas/31/12/20191031121800_00160.jpg,datasets_cloudmask/dataset_cropped/10_Metas/31/12/20191031121800_00160.png,662.3,853,132.5,26.1,966
10/31/2019 12:19,datasets/dataset_cropped/10_Metas/31/12/20191031121900_00160.jpg,datasets_flow/dataset_cropped/10_Metas/31/12/20191031121900_00160.jpg,datasets_cloudmask/dataset_cropped/10_Metas/31/12/20191031121900_00160.png,670.6,870,130.4,26.3,966
10/31/2019 12:20,datasets/dataset_cropped/10_Metas/31/12/20191031122000_00160.jpg,datasets_flow/dataset_cropped/10_Metas/31/12/20191031122000_00160.jpg,datasets_cloudmask/dataset_cropped/10_Metas/31/12/20191031122000_00160.png,659,851,129.7,26.5,966
10/31/2019 12:21,datasets/dataset_cropped/10_Metas/31/12/20191031122100_00160.jpg,datasets_flow/dataset_cropped/10_Metas/31/12/20191031122100_00160.jpg,datasets_cloudmask/dataset_cropped/10_Metas/31/12/20191031122100_00160.png,621.7,789.1,130.1,26.5,966
10/31/2019 12:22,datasets/dataset_cropped/10_Metas/31/12/20191031122200_00160.jpg,datasets_flow/dataset_cropped/10_Metas/31/12/20191031122200_00160.jpg,datasets_cloudmask/dataset_cropped/10_Metas/31/12/20191031122200_00160.png,645.6,825,131.4,26.5,966
10/31/2019 12:23,datasets/dataset_cropped/10_Metas/31/12/20191031122300_00160.jpg,datasets_flow/dataset_cropped/10_Metas/31/12/20191031122300_00160.jpg,datasets_cloudmask/dataset_cropped/10_Metas/31/12/20191031122300_00160.png,614.9,773.4,132.3,26.5,966
10/31/2019 12:24,datasets/dataset_cropped/10_Metas/31/12/20191031122400_00160.jpg,datasets_flow/dataset_cropped/10_Metas/31/12/20191031122400_00160.jpg,datasets_cloudmask/dataset_cropped/10_Metas/31/12/20191031122400_00160.png,577.3,709.4,133.6,26.8,966
10/31/2019 12:25,datasets/dataset_cropped/10_Metas/31/12/20191031122500_00160.jpg,datasets_flow/dataset_cropped/10_Metas/31/12/20191031122500_00160.jpg,datasets_cloudmask/dataset_cropped/10_Metas/31/12/20191031122500_00160.png,516.6,609.5,134.1,26.9,966
10/31/2019 12:26,datasets/dataset_cropped/10_Metas/31/12/20191031122600_00160.jpg,datasets_flow/dataset_cropped/10_Metas/31/12/20191031122600_00160.jpg,datasets_cloudmask/dataset_cropped/10_Metas/31/12/20191031122600_00160.png,546.6,655.7,135,26.9,966
10/31/2019 12:27,datasets/dataset_cropped/10_Metas/31/12/20191031122700_00160.jpg,datasets_flow/dataset_cropped/10_Metas/31/12/20191031122700_00160.jpg,datasets_cloudmask/dataset_cropped/10_Metas/31/12/20191031122700_00160.png,551.2,663.6,134.3,26.8,965
10/31/2019 12:28,datasets/dataset_cropped/10_Metas/31/12/20191031122800_00160.jpg,datasets_flow/dataset_cropped/10_Metas/31/12/20191031122800_00160.jpg,datasets_cloudmask/dataset_cropped/10_Metas/31/12/20191031122800_00160.png,612.5,767.7,131.3,26.6,966
10/31/2019 12:29,datasets/dataset_cropped/10_Metas/31/12/20191031122900_00160.jpg,datasets_flow/dataset_cropped/10_Metas/31/12/20191031122900_00160.jpg,datasets_cloudmask/dataset_cropped/10_Metas/31/12/20191031122900_00160.png,648.5,829,129.2,26.3,966
10/31/2019 12:30,datasets/dataset_cropped/10_Metas/31/12/20191031123000_00160.jpg,datasets_flow/dataset_cropped/10_Metas/31/12/20191031123000_00160.jpg,datasets_cloudmask/dataset_cropped/10_Metas/31/12/20191031123000_00160.png,638,809,130.5,26.3,966
10/31/2019 12:31,datasets/dataset_cropped/10_Metas/31/12/20191031123100_00160.jpg,datasets_flow/dataset_cropped/10_Metas/31/12/20191031123100_00160.jpg,datasets_cloudmask/dataset_cropped/10_Metas/31/12/20191031123100_00160.png,664.5,850,131.8,26.4,966
10/31/2019 12:32,datasets/dataset_cropped/10_Metas/31/12/20191031123200_00160.jpg,datasets_flow/dataset_cropped/10_Metas/31/12/20191031123200_00160.jpg,datasets_cloudmask/dataset_cropped/10_Metas/31/12/20191031123200_00160.png,660.7,844,131.5,26.5,966
10/31/2019 12:33,datasets/dataset_cropped/10_Metas/31/12/20191031123300_00160.jpg,datasets_flow/dataset_cropped/10_Metas/31/12/20191031123300_00160.jpg,datasets_cloudmask/dataset_cropped/10_Metas/31/12/20191031123300_00160.png,635.8,801,133,26.4,966
10/31/2019 12:34,datasets/dataset_cropped/10_Metas/31/12/20191031123400_00160.jpg,datasets_flow/dataset_cropped/10_Metas/31/12/20191031123400_00160.jpg,datasets_cloudmask/dataset_cropped/10_Metas/31/12/20191031123400_00160.png,648.1,816,135.4,26.2,965
10/31/2019 12:35,datasets/dataset_cropped/10_Metas/31/12/20191031123500_00160.jpg,datasets_flow/dataset_cropped/10_Metas/31/12/20191031123500_00160.jpg,datasets_cloudmask/dataset_cropped/10_Metas/31/12/20191031123500_00160.png,655.6,825,137.4,26.1,966
10/31/2019 12:36,datasets/dataset_cropped/10_Metas/31/12/20191031123600_00160.jpg,datasets_flow/dataset_cropped/10_Metas/31/12/20191031123600_00160.jpg,datasets_cloudmask/dataset_cropped/10_Metas/31/12/20191031123600_00160.png,654.9,821,139.4,26.2,965
10/31/2019 12:37,datasets/dataset_cropped/10_Metas/31/12/20191031123700_00160.jpg,datasets_flow/dataset_cropped/10_Metas/31/12/20191031123700_00160.jpg,datasets_cloudmask/dataset_cropped/10_Metas/31/12/20191031123700_00160.png,653.1,807,146,26.5,965
10/31/2019 12:38,datasets/dataset_cropped/10_Metas/31/12/20191031123800_00160.jpg,datasets_flow/dataset_cropped/10_Metas/31/12/20191031123800_00160.jpg,datasets_cloudmask/dataset_cropped/10_Metas/31/12/20191031123800_00160.png,644.5,784.1,151.2,26.5,966
10/31/2019 12:39,datasets/dataset_cropped/10_Metas/31/12/20191031123900_00160.jpg,datasets_flow/dataset_cropped/10_Metas/31/12/20191031123900_00160.jpg,datasets_cloudmask/dataset_cropped/10_Metas/31/12/20191031123900_00160.png,631.1,760.8,151.9,26.3,965
10/31/2019 12:40,datasets/dataset_cropped/10_Metas/31/12/20191031124000_00160.jpg,datasets_flow/dataset_cropped/10_Metas/31/12/20191031124000_00160.jpg,datasets_cloudmask/dataset_cropped/10_Metas/31/12/20191031124000_00160.png,634.9,763.9,153.5,26.1,965
10/31/2019 12:41,datasets/dataset_cropped/10_Metas/31/12/20191031124100_00160.jpg,datasets_flow/dataset_cropped/10_Metas/31/12/20191031124100_00160.jpg,datasets_cloudmask/dataset_cropped/10_Metas/31/12/20191031124100_00160.png,603.7,709.9,155.7,25.9,965
10/31/2019 12:42,datasets/dataset_cropped/10_Metas/31/12/20191031124200_00160.jpg,datasets_flow/dataset_cropped/10_Metas/31/12/20191031124200_00160.jpg,datasets_cloudmask/dataset_cropped/10_Metas/31/12/20191031124200_00160.png,562.4,634.5,161,25.8,965
10/31/2019 12:43,datasets/dataset_cropped/10_Metas/31/12/20191031124300_00160.jpg,datasets_flow/dataset_cropped/10_Metas/31/12/20191031124300_00160.jpg,datasets_cloudmask/dataset_cropped/10_Metas/31/12/20191031124300_00160.png,647.1,764,164.3,25.9,965
10/31/2019 12:44,datasets/dataset_cropped/10_Metas/31/12/20191031124400_00160.jpg,datasets_flow/dataset_cropped/10_Metas/31/12/20191031124400_00160.jpg,datasets_cloudmask/dataset_cropped/10_Metas/31/12/20191031124400_00160.png,625.4,728.9,164.8,25.8,965
10/31/2019 12:45,datasets/dataset_cropped/10_Metas/31/12/20191031124500_00160.jpg,datasets_flow/dataset_cropped/10_Metas/31/12/20191031124500_00160.jpg,datasets_cloudmask/dataset_cropped/10_Metas/31/12/20191031124500_00160.png,534.7,579.1,167,25.9,965
10/31/2019 12:46,datasets/dataset_cropped/10_Metas/31/12/20191031124600_00160.jpg,datasets_flow/dataset_cropped/10_Metas/31/12/20191031124600_00160.jpg,datasets_cloudmask/dataset_cropped/10_Metas/31/12/20191031124600_00160.png,541.6,585.7,169.2,26,965
10/31/2019 12:47,datasets/dataset_cropped/10_Metas/31/12/20191031124700_00160.jpg,datasets_flow/dataset_cropped/10_Metas/31/12/20191031124700_00160.jpg,datasets_cloudmask/dataset_cropped/10_Metas/31/12/20191031124700_00160.png,582.3,658.4,164.5,25.9,965
10/31/2019 12:48,datasets/dataset_cropped/10_Metas/31/12/20191031124800_00160.jpg,datasets_flow/dataset_cropped/10_Metas/31/12/20191031124800_00160.jpg,datasets_cloudmask/dataset_cropped/10_Metas/31/12/20191031124800_00160.png,544.5,612.1,155.9,25.9,965
10/31/2019 12:49,datasets/dataset_cropped/10_Metas/31/12/20191031124900_00160.jpg,datasets_flow/dataset_cropped/10_Metas/31/12/20191031124900_00160.jpg,datasets_cloudmask/dataset_cropped/10_Metas/31/12/20191031124900_00160.png,614.1,733.5,149.8,25.9,965
10/31/2019 12:50,datasets/dataset_cropped/10_Metas/31/12/20191031125000_00160.jpg,datasets_flow/dataset_cropped/10_Metas/31/12/20191031125000_00160.jpg,datasets_cloudmask/dataset_cropped/10_Metas/31/12/20191031125000_00160.png,656.9,811,144.7,25.9,965
10/31/2019 12:51,datasets/dataset_cropped/10_Metas/31/12/20191031125100_00160.jpg,datasets_flow/dataset_cropped/10_Metas/31/12/20191031125100_00160.jpg,datasets_cloudmask/dataset_cropped/10_Metas/31/12/20191031125100_00160.png,688.4,872,138.8,25.9,965
10/31/2019 12:52,datasets/dataset_cropped/10_Metas/31/12/20191031125200_00160.jpg,datasets_flow/dataset_cropped/10_Metas/31/12/20191031125200_00160.jpg,datasets_cloudmask/dataset_cropped/10_Metas/31/12/20191031125200_00160.png,688.2,880,134.2,26.1,965
10/31/2019 12:53,datasets/dataset_cropped/10_Metas/31/12/20191031125300_00160.jpg,datasets_flow/dataset_cropped/10_Metas/31/12/20191031125300_00160.jpg,datasets_cloudmask/dataset_cropped/10_Metas/31/12/20191031125300_00160.png,673.6,858,133.4,26.3,965
10/31/2019 12:54,datasets/dataset_cropped/10_Metas/31/12/20191031125400_00160.jpg,datasets_flow/dataset_cropped/10_Metas/31/12/20191031125400_00160.jpg,datasets_cloudmask/dataset_cropped/10_Metas/31/12/20191031125400_00160.png,679.6,865,134.8,26.6,965
10/31/2019 12:55,datasets/dataset_cropped/10_Metas/31/12/20191031125500_00160.jpg,datasets_flow/dataset_cropped/10_Metas/31/12/20191031125500_00160.jpg,datasets_cloudmask/dataset_cropped/10_Metas/31/12/20191031125500_00160.png,685.5,874,135.3,26.9,965
10/31/2019 12:56,datasets/dataset_cropped/10_Metas/31/12/20191031125600_00160.jpg,datasets_flow/dataset_cropped/10_Metas/31/12/20191031125600_00160.jpg,datasets_cloudmask/dataset_cropped/10_Metas/31/12/20191031125600_00160.png,684.4,874,134.6,26.9,965
10/31/2019 12:57,datasets/dataset_cropped/10_Metas/31/12/20191031125700_00160.jpg,datasets_flow/dataset_cropped/10_Metas/31/12/20191031125700_00160.jpg,datasets_cloudmask/dataset_cropped/10_Metas/31/12/20191031125700_00160.png,660.6,836,133.9,27,965
10/31/2019 12:58,datasets/dataset_cropped/10_Metas/31/12/20191031125800_00160.jpg,datasets_flow/dataset_cropped/10_Metas/31/12/20191031125800_00160.jpg,datasets_cloudmask/dataset_cropped/10_Metas/31/12/20191031125800_00160.png,643.3,808,134.4,27,965
10/31/2019 12:59,datasets/dataset_cropped/10_Metas/31/12/20191031125900_00160.jpg,datasets_flow/dataset_cropped/10_Metas/31/12/20191031125900_00160.jpg,datasets_cloudmask/dataset_cropped/10_Metas/31/12/20191031125900_00160.png,659.6,831,136.5,27.1,965
10/31/2019 13:00,datasets/dataset_cropped/10_Metas/31/13/20191031130000_00160.jpg,datasets_flow/dataset_cropped/10_Metas/31/13/20191031130000_00160.jpg,datasets_cloudmask/dataset_cropped/10_Metas/31/13/20191031130000_00160.png,648.9,811,138.4,27,965
10/31/2019 13:01,datasets/dataset_cropped/10_Metas/31/13/20191031130100_00160.jpg,datasets_flow/dataset_cropped/10_Metas/31/13/20191031130100_00160.jpg,datasets_cloudmask/dataset_cropped/10_Metas/31/13/20191031130100_00160.png,669.3,841,139.9,26.9,965
10/31/2019 13:02,datasets/dataset_cropped/10_Metas/31/13/20191031130200_00160.jpg,datasets_flow/dataset_cropped/10_Metas/31/13/20191031130200_00160.jpg,datasets_cloudmask/dataset_cropped/10_Metas/31/13/20191031130200_00160.png,625.7,771,139.9,26.9,965
10/31/2019 13:03,datasets/dataset_cropped/10_Metas/31/13/20191031130300_00160.jpg,datasets_flow/dataset_cropped/10_Metas/31/13/20191031130300_00160.jpg,datasets_cloudmask/dataset_cropped/10_Metas/31/13/20191031130300_00160.png,622.1,763.5,140.9,27,965
10/31/2019 13:04,datasets/dataset_cropped/10_Metas/31/13/20191031130400_00160.jpg,datasets_flow/dataset_cropped/10_Metas/31/13/20191031130400_00160.jpg,datasets_cloudmask/dataset_cropped/10_Metas/31/13/20191031130400_00160.png,656.5,818,140.9,26.9,965
10/31/2019 13:05,datasets/dataset_cropped/10_Metas/31/13/20191031130500_00160.jpg,datasets_flow/dataset_cropped/10_Metas/31/13/20191031130500_00160.jpg,datasets_cloudmask/dataset_cropped/10_Metas/31/13/20191031130500_00160.png,630.1,777.4,139.9,26.4,965
10/31/2019 13:06,datasets/dataset_cropped/10_Metas/31/13/20191031130600_00160.jpg,datasets_flow/dataset_cropped/10_Metas/31/13/20191031130600_00160.jpg,datasets_cloudmask/dataset_cropped/10_Metas/31/13/20191031130600_00160.png,634.6,786,139.1,26.1,965
10/31/2019 13:07,datasets/dataset_cropped/10_Metas/31/13/20191031130700_00160.jpg,datasets_flow/dataset_cropped/10_Metas/31/13/20191031130700_00160.jpg,datasets_cloudmask/dataset_cropped/10_Metas/31/13/20191031130700_00160.png,639.1,793.8,138.8,26.3,965
10/31/2019 13:08,datasets/dataset_cropped/10_Metas/31/13/20191031130800_00160.jpg,datasets_flow/dataset_cropped/10_Metas/31/13/20191031130800_00160.jpg,datasets_cloudmask/dataset_cropped/10_Metas/31/13/20191031130800_00160.png,644.6,802,139.2,26.3,965
10/31/2019 13:09,datasets/dataset_cropped/10_Metas/31/13/20191031130900_00160.jpg,datasets_flow/dataset_cropped/10_Metas/31/13/20191031130900_00160.jpg,datasets_cloudmask/dataset_cropped/10_Metas/31/13/20191031130900_00160.png,649.1,802,143.5,26.4,965
10/31/2019 13:10,datasets/dataset_cropped/10_Metas/31/13/20191031131000_00160.jpg,datasets_flow/dataset_cropped/10_Metas/31/13/20191031131000_00160.jpg,datasets_cloudmask/dataset_cropped/10_Metas/31/13/20191031131000_00160.png,620,747.3,148.5,26.4,965
10/31/2019 13:11,datasets/dataset_cropped/10_Metas/31/13/20191031131100_00160.jpg,datasets_flow/dataset_cropped/10_Metas/31/13/20191031131100_00160.jpg,datasets_cloudmask/dataset_cropped/10_Metas/31/13/20191031131100_00160.png,614.7,740,148,26.4,965
10/31/2019 13:12,datasets/dataset_cropped/10_Metas/31/13/20191031131200_00160.jpg,datasets_flow/dataset_cropped/10_Metas/31/13/20191031131200_00160.jpg,datasets_cloudmask/dataset_cropped/10_Metas/31/13/20191031131200_00160.png,648.8,796.5,147.4,26.5,965
10/31/2019 13:13,datasets/dataset_cropped/10_Metas/31/13/20191031131300_00160.jpg,datasets_flow/dataset_cropped/10_Metas/31/13/20191031131300_00160.jpg,datasets_cloudmask/dataset_cropped/10_Metas/31/13/20191031131300_00160.png,666.3,819,151.3,26.4,965
10/31/2019 13:14,datasets/dataset_cropped/10_Metas/31/13/20191031131400_00160.jpg,datasets_flow/dataset_cropped/10_Metas/31/13/20191031131400_00160.jpg,datasets_cloudmask/dataset_cropped/10_Metas/31/13/20191031131400_00160.png,624.9,746,155.1,26.3,965
10/31/2019 13:15,datasets/dataset_cropped/10_Metas/31/13/20191031131500_00160.jpg,datasets_flow/dataset_cropped/10_Metas/31/13/20191031131500_00160.jpg,datasets_cloudmask/dataset_cropped/10_Metas/31/13/20191031131500_00160.png,588,674.7,163.2,26.4,965
10/31/2019 13:16,datasets/dataset_cropped/10_Metas/31/13/20191031131600_00160.jpg,datasets_flow/dataset_cropped/10_Metas/31/13/20191031131600_00160.jpg,datasets_cloudmask/dataset_cropped/10_Metas/31/13/20191031131600_00160.png,623.4,730.1,165.1,26.4,965
10/31/2019 13:17,datasets/dataset_cropped/10_Metas/31/13/20191031131700_00160.jpg,datasets_flow/dataset_cropped/10_Metas/31/13/20191031131700_00160.jpg,datasets_cloudmask/dataset_cropped/10_Metas/31/13/20191031131700_00160.png,690.3,843,162.4,26.4,965
10/31/2019 13:18,datasets/dataset_cropped/10_Metas/31/13/20191031131800_00160.jpg,datasets_flow/dataset_cropped/10_Metas/31/13/20191031131800_00160.jpg,datasets_cloudmask/dataset_cropped/10_Metas/31/13/20191031131800_00160.png,655.9,793.8,158.5,26.1,965
10/31/2019 13:19,datasets/dataset_cropped/10_Metas/31/13/20191031131900_00160.jpg,datasets_flow/dataset_cropped/10_Metas/31/13/20191031131900_00160.jpg,datasets_cloudmask/dataset_cropped/10_Metas/31/13/20191031131900_00160.png,604.4,711.3,158.5,26,965
10/31/2019 13:20,datasets/dataset_cropped/10_Metas/31/13/20191031132000_00160.jpg,datasets_flow/dataset_cropped/10_Metas/31/13/20191031132000_00160.jpg,datasets_cloudmask/dataset_cropped/10_Metas/31/13/20191031132000_00160.png,612.5,718.7,162.5,26.2,965
10/31/2019 13:21,datasets/dataset_cropped/10_Metas/31/13/20191031132100_00160.jpg,datasets_flow/dataset_cropped/10_Metas/31/13/20191031132100_00160.jpg,datasets_cloudmask/dataset_cropped/10_Metas/31/13/20191031132100_00160.png,647,787.6,155.1,26.5,965
10/31/2019 13:22,datasets/dataset_cropped/10_Metas/31/13/20191031132200_00160.jpg,datasets_flow/dataset_cropped/10_Metas/31/13/20191031132200_00160.jpg,datasets_cloudmask/dataset_cropped/10_Metas/31/13/20191031132200_00160.png,622.6,774.3,139.6,26.8,965
10/31/2019 13:23,datasets/dataset_cropped/10_Metas/31/13/20191031132300_00160.jpg,datasets_flow/dataset_cropped/10_Metas/31/13/20191031132300_00160.jpg,datasets_cloudmask/dataset_cropped/10_Metas/31/13/20191031132300_00160.png,523.2,621.9,135,26.6,965
10/31/2019 13:24,datasets/dataset_cropped/10_Metas/31/13/20191031132400_00160.jpg,datasets_flow/dataset_cropped/10_Metas/31/13/20191031132400_00160.jpg,datasets_cloudmask/dataset_cropped/10_Metas/31/13/20191031132400_00160.png,553.4,671.2,135,26.4,965
10/31/2019 13:25,datasets/dataset_cropped/10_Metas/31/13/20191031132500_00160.jpg,datasets_flow/dataset_cropped/10_Metas/31/13/20191031132500_00160.jpg,datasets_cloudmask/dataset_cropped/10_Metas/31/13/20191031132500_00160.png,583.5,720.2,134.9,26.4,965
10/31/2019 13:26,datasets/dataset_cropped/10_Metas/31/13/20191031132600_00160.jpg,datasets_flow/dataset_cropped/10_Metas/31/13/20191031132600_00160.jpg,datasets_cloudmask/dataset_cropped/10_Metas/31/13/20191031132600_00160.png,632.6,799.4,135.2,26.4,965
10/31/2019 13:27,datasets/dataset_cropped/10_Metas/31/13/20191031132700_00160.jpg,datasets_flow/dataset_cropped/10_Metas/31/13/20191031132700_00160.jpg,datasets_cloudmask/dataset_cropped/10_Metas/31/13/20191031132700_00160.png,651.1,828,136.4,26.3,965
10/31/2019 13:28,datasets/dataset_cropped/10_Metas/31/13/20191031132800_00160.jpg,datasets_flow/dataset_cropped/10_Metas/31/13/20191031132800_00160.jpg,datasets_cloudmask/dataset_cropped/10_Metas/31/13/20191031132800_00160.png,662.8,843,139.1,26.2,965
10/31/2019 13:29,datasets/dataset_cropped/10_Metas/31/13/20191031132900_00160.jpg,datasets_flow/dataset_cropped/10_Metas/31/13/20191031132900_00160.jpg,datasets_cloudmask/dataset_cropped/10_Metas/31/13/20191031132900_00160.png,655.7,824,143.5,26.3,965
10/31/2019 13:30,datasets/dataset_cropped/10_Metas/31/13/20191031133000_00160.jpg,datasets_flow/dataset_cropped/10_Metas/31/13/20191031133000_00160.jpg,datasets_cloudmask/dataset_cropped/10_Metas/31/13/20191031133000_00160.png,573.2,683.9,148.2,26.4,965
10/31/2019 13:31,datasets/dataset_cropped/10_Metas/31/13/20191031133100_00160.jpg,datasets_flow/dataset_cropped/10_Metas/31/13/20191031133100_00160.jpg,datasets_cloudmask/dataset_cropped/10_Metas/31/13/20191031133100_00160.png,627.8,764.1,153.7,26.7,965
10/31/2019 13:32,datasets/dataset_cropped/10_Metas/31/13/20191031133200_00160.jpg,datasets_flow/dataset_cropped/10_Metas/31/13/20191031133200_00160.jpg,datasets_cloudmask/dataset_cropped/10_Metas/31/13/20191031133200_00160.png,566.1,660.9,155.8,26.8,965
10/31/2019 13:33,datasets/dataset_cropped/10_Metas/31/13/20191031133300_00160.jpg,datasets_flow/dataset_cropped/10_Metas/31/13/20191031133300_00160.jpg,datasets_cloudmask/dataset_cropped/10_Metas/31/13/20191031133300_00160.png,656.3,804,158.8,26.9,965
10/31/2019 13:34,datasets/dataset_cropped/10_Metas/31/13/20191031133400_00160.jpg,datasets_flow/dataset_cropped/10_Metas/31/13/20191031133400_00160.jpg,datasets_cloudmask/dataset_cropped/10_Metas/31/13/20191031133400_00160.png,620.9,743.1,161,26.9,965
10/31/2019 13:35,datasets/dataset_cropped/10_Metas/31/13/20191031133500_00160.jpg,datasets_flow/dataset_cropped/10_Metas/31/13/20191031133500_00160.jpg,datasets_cloudmask/dataset_cropped/10_Metas/31/13/20191031133500_00160.png,602.3,705.1,165.9,27.1,965
10/31/2019 13:36,datasets/dataset_cropped/10_Metas/31/13/20191031133600_00160.jpg,datasets_flow/dataset_cropped/10_Metas/31/13/20191031133600_00160.jpg,datasets_cloudmask/dataset_cropped/10_Metas/31/13/20191031133600_00160.png,429.5,425.6,165.1,27.1,965
10/31/2019 13:37,datasets/dataset_cropped/10_Metas/31/13/20191031133700_00160.jpg,datasets_flow/dataset_cropped/10_Metas/31/13/20191031133700_00160.jpg,datasets_cloudmask/dataset_cropped/10_Metas/31/13/20191031133700_00160.png,526.2,580.2,167.3,26.8,965
10/31/2019 13:38,datasets/dataset_cropped/10_Metas/31/13/20191031133800_00160.jpg,datasets_flow/dataset_cropped/10_Metas/31/13/20191031133800_00160.jpg,datasets_cloudmask/dataset_cropped/10_Metas/31/13/20191031133800_00160.png,487.1,514.7,169,26.6,965
10/31/2019 13:39,datasets/dataset_cropped/10_Metas/31/13/20191031133900_00160.jpg,datasets_flow/dataset_cropped/10_Metas/31/13/20191031133900_00160.jpg,datasets_cloudmask/dataset_cropped/10_Metas/31/13/20191031133900_00160.png,309.9,230.5,166.7,26.4,965
10/31/2019 13:40,datasets/dataset_cropped/10_Metas/31/13/20191031134000_00160.jpg,datasets_flow/dataset_cropped/10_Metas/31/13/20191031134000_00160.jpg,datasets_cloudmask/dataset_cropped/10_Metas/31/13/20191031134000_00160.png,248.9,126,169.7,26.4,965
10/31/2019 13:41,datasets/dataset_cropped/10_Metas/31/13/20191031134100_00160.jpg,datasets_flow/dataset_cropped/10_Metas/31/13/20191031134100_00160.jpg,datasets_cloudmask/dataset_cropped/10_Metas/31/13/20191031134100_00160.png,390,351.8,171.6,26.5,965
10/31/2019 13:42,datasets/dataset_cropped/10_Metas/31/13/20191031134200_00160.jpg,datasets_flow/dataset_cropped/10_Metas/31/13/20191031134200_00160.jpg,datasets_cloudmask/dataset_cropped/10_Metas/31/13/20191031134200_00160.png,653.7,786.4,171.3,26.6,965
10/31/2019 13:43,datasets/dataset_cropped/10_Metas/31/13/20191031134300_00160.jpg,datasets_flow/dataset_cropped/10_Metas/31/13/20191031134300_00160.jpg,datasets_cloudmask/dataset_cropped/10_Metas/31/13/20191031134300_00160.png,674.7,830,166.6,26.6,965
10/31/2019 13:44,datasets/dataset_cropped/10_Metas/31/13/20191031134400_00160.jpg,datasets_flow/dataset_cropped/10_Metas/31/13/20191031134400_00160.jpg,datasets_cloudmask/dataset_cropped/10_Metas/31/13/20191031134400_00160.png,684.4,842,169.6,26.6,965
10/31/2019 13:45,datasets/dataset_cropped/10_Metas/31/13/20191031134500_00160.jpg,datasets_flow/dataset_cropped/10_Metas/31/13/20191031134500_00160.jpg,datasets_cloudmask/dataset_cropped/10_Metas/31/13/20191031134500_00160.png,696.3,853,176,26.9,965
10/31/2019 13:46,datasets/dataset_cropped/10_Metas/31/13/20191031134600_00160.jpg,datasets_flow/dataset_cropped/10_Metas/31/13/20191031134600_00160.jpg,datasets_cloudmask/dataset_cropped/10_Metas/31/13/20191031134600_00160.png,702.8,858,180.8,26.9,965
10/31/2019 13:47,datasets/dataset_cropped/10_Metas/31/13/20191031134700_00160.jpg,datasets_flow/dataset_cropped/10_Metas/31/13/20191031134700_00160.jpg,datasets_cloudmask/dataset_cropped/10_Metas/31/13/20191031134700_00160.png,705.6,856,184.9,26.9,965
10/31/2019 13:48,datasets/dataset_cropped/10_Metas/31/13/20191031134800_00160.jpg,datasets_flow/dataset_cropped/10_Metas/31/13/20191031134800_00160.jpg,datasets_cloudmask/dataset_cropped/10_Metas/31/13/20191031134800_00160.png,696.7,852,179.3,27,965
10/31/2019 13:49,datasets/dataset_cropped/10_Metas/31/13/20191031134900_00160.jpg,datasets_flow/dataset_cropped/10_Metas/31/13/20191031134900_00160.jpg,datasets_cloudmask/dataset_cropped/10_Metas/31/13/20191031134900_00160.png,678.4,843,166.9,27.2,965
10/31/2019 13:50,datasets/dataset_cropped/10_Metas/31/13/20191031135000_00160.jpg,datasets_flow/dataset_cropped/10_Metas/31/13/20191031135000_00160.jpg,datasets_cloudmask/dataset_cropped/10_Metas/31/13/20191031135000_00160.png,660.9,829,158.5,27.3,965
10/31/2019 13:51,datasets/dataset_cropped/10_Metas/31/13/20191031135100_00160.jpg,datasets_flow/dataset_cropped/10_Metas/31/13/20191031135100_00160.jpg,datasets_cloudmask/dataset_cropped/10_Metas/31/13/20191031135100_00160.png,676.5,853,159.7,27.1,965
10/31/2019 13:52,datasets/dataset_cropped/10_Metas/31/13/20191031135200_00160.jpg,datasets_flow/dataset_cropped/10_Metas/31/13/20191031135200_00160.jpg,datasets_cloudmask/dataset_cropped/10_Metas/31/13/20191031135200_00160.png,675.3,848,161.7,27.2,964
10/31/2019 13:53,datasets/dataset_cropped/10_Metas/31/13/20191031135300_00160.jpg,datasets_flow/dataset_cropped/10_Metas/31/13/20191031135300_00160.jpg,datasets_cloudmask/dataset_cropped/10_Metas/31/13/20191031135300_00160.png,671.8,842,162.7,27,965
10/31/2019 13:54,datasets/dataset_cropped/10_Metas/31/13/20191031135400_00160.jpg,datasets_flow/dataset_cropped/10_Metas/31/13/20191031135400_00160.jpg,datasets_cloudmask/dataset_cropped/10_Metas/31/13/20191031135400_00160.png,674.2,840,166.8,27.2,965
10/31/2019 13:55,datasets/dataset_cropped/10_Metas/31/13/20191031135500_00160.jpg,datasets_flow/dataset_cropped/10_Metas/31/13/20191031135500_00160.jpg,datasets_cloudmask/dataset_cropped/10_Metas/31/13/20191031135500_00160.png,655.5,814,163.8,27.3,964
10/31/2019 13:56,datasets/dataset_cropped/10_Metas/31/13/20191031135600_00160.jpg,datasets_flow/dataset_cropped/10_Metas/31/13/20191031135600_00160.jpg,datasets_cloudmask/dataset_cropped/10_Metas/31/13/20191031135600_00160.png,654.6,822,159.4,27,965
10/31/2019 13:57,datasets/dataset_cropped/10_Metas/31/13/20191031135700_00160.jpg,datasets_flow/dataset_cropped/10_Metas/31/13/20191031135700_00160.jpg,datasets_cloudmask/dataset_cropped/10_Metas/31/13/20191031135700_00160.png,661.6,830,162.6,26.8,965
10/31/2019 13:58,datasets/dataset_cropped/10_Metas/31/13/20191031135800_00160.jpg,datasets_flow/dataset_cropped/10_Metas/31/13/20191031135800_00160.jpg,datasets_cloudmask/dataset_cropped/10_Metas/31/13/20191031135800_00160.png,654.5,817,164.6,26.8,964
10/31/2019 13:59,datasets/dataset_cropped/10_Metas/31/13/20191031135900_00160.jpg,datasets_flow/dataset_cropped/10_Metas/31/13/20191031135900_00160.jpg,datasets_cloudmask/dataset_cropped/10_Metas/31/13/20191031135900_00160.png,656.1,823,163.4,27,964
10/31/2019 14:00,datasets/dataset_cropped/10_Metas/31/14/20191031140000_00160.jpg,datasets_flow/dataset_cropped/10_Metas/31/14/20191031140000_00160.jpg,datasets_cloudmask/dataset_cropped/10_Metas/31/14/20191031140000_00160.png,644.5,805,163,27.3,964
10/31/2019 14:01,datasets/dataset_cropped/10_Metas/31/14/20191031140100_00160.jpg,datasets_flow/dataset_cropped/10_Metas/31/14/20191031140100_00160.jpg,datasets_cloudmask/dataset_cropped/10_Metas/31/14/20191031140100_00160.png,645.3,807,164.1,27.1,964
10/31/2019 14:02,datasets/dataset_cropped/10_Metas/31/14/20191031140200_00160.jpg,datasets_flow/dataset_cropped/10_Metas/31/14/20191031140200_00160.jpg,datasets_cloudmask/dataset_cropped/10_Metas/31/14/20191031140200_00160.png,649.4,820,161.3,27.2,964
10/31/2019 14:03,datasets/dataset_cropped/10_Metas/31/14/20191031140300_00160.jpg,datasets_flow/dataset_cropped/10_Metas/31/14/20191031140300_00160.jpg,datasets_cloudmask/dataset_cropped/10_Metas/31/14/20191031140300_00160.png,641.5,819,155,27.2,964
10/31/2019 14:04,datasets/dataset_cropped/10_Metas/31/14/20191031140400_00160.jpg,datasets_flow/dataset_cropped/10_Metas/31/14/20191031140400_00160.jpg,datasets_cloudmask/dataset_cropped/10_Metas/31/14/20191031140400_00160.png,602,763.9,148.5,27.2,964
10/31/2019 14:05,datasets/dataset_cropped/10_Metas/31/14/20191031140500_00160.jpg,datasets_flow/dataset_cropped/10_Metas/31/14/20191031140500_00160.jpg,datasets_cloudmask/dataset_cropped/10_Metas/31/14/20191031140500_00160.png,544.7,670.6,146.9,27.4,964
10/31/2019 14:06,datasets/dataset_cropped/10_Metas/31/14/20191031140600_00160.jpg,datasets_flow/dataset_cropped/10_Metas/31/14/20191031140600_00160.jpg,datasets_cloudmask/dataset_cropped/10_Metas/31/14/20191031140600_00160.png,624.5,804,148.8,27.4,964
10/31/2019 14:07,datasets/dataset_cropped/10_Metas/31/14/20191031140700_00160.jpg,datasets_flow/dataset_cropped/10_Metas/31/14/20191031140700_00160.jpg,datasets_cloudmask/dataset_cropped/10_Metas/31/14/20191031140700_00160.png,634.7,826,146.8,27,964
10/31/2019 14:08,datasets/dataset_cropped/10_Metas/31/14/20191031140800_00160.jpg,datasets_flow/dataset_cropped/10_Metas/31/14/20191031140800_00160.jpg,datasets_cloudmask/dataset_cropped/10_Metas/31/14/20191031140800_00160.png,624.1,812,144.9,26.7,964
10/31/2019 14:09,datasets/dataset_cropped/10_Metas/31/14/20191031140900_00160.jpg,datasets_flow/dataset_cropped/10_Metas/31/14/20191031140900_00160.jpg,datasets_cloudmask/dataset_cropped/10_Metas/31/14/20191031140900_00160.png,639.7,837,147.1,26.6,964
10/31/2019 14:10,datasets/dataset_cropped/10_Metas/31/14/20191031141000_00160.jpg,datasets_flow/dataset_cropped/10_Metas/31/14/20191031141000_00160.jpg,datasets_cloudmask/dataset_cropped/10_Metas/31/14/20191031141000_00160.png,655.8,861,150.3,26.7,964
10/31/2019 14:11,datasets/dataset_cropped/10_Metas/31/14/20191031141100_00160.jpg,datasets_flow/dataset_cropped/10_Metas/31/14/20191031141100_00160.jpg,datasets_cloudmask/dataset_cropped/10_Metas/31/14/20191031141100_00160.png,658.9,864,152.9,26.9,964
10/31/2019 14:12,datasets/dataset_cropped/10_Metas/31/14/20191031141200_00160.jpg,datasets_flow/dataset_cropped/10_Metas/31/14/20191031141200_00160.jpg,datasets_cloudmask/dataset_cropped/10_Metas/31/14/20191031141200_00160.png,650.5,856,150.3,27.1,964
10/31/2019 14:13,datasets/dataset_cropped/10_Metas/31/14/20191031141300_00160.jpg,datasets_flow/dataset_cropped/10_Metas/31/14/20191031141300_00160.jpg,datasets_cloudmask/dataset_cropped/10_Metas/31/14/20191031141300_00160.png,642.9,846,149.2,27.3,964
10/31/2019 14:14,datasets/dataset_cropped/10_Metas/31/14/20191031141400_00160.jpg,datasets_flow/dataset_cropped/10_Metas/31/14/20191031141400_00160.jpg,datasets_cloudmask/dataset_cropped/10_Metas/31/14/20191031141400_00160.png,630.8,823,152,27.6,964
10/31/2019 14:15,datasets/dataset_cropped/10_Metas/31/14/20191031141500_00160.jpg,datasets_flow/dataset_cropped/10_Metas/31/14/20191031141500_00160.jpg,datasets_cloudmask/dataset_cropped/10_Metas/31/14/20191031141500_00160.png,655.6,854,160,27.9,964
10/31/2019 14:16,datasets/dataset_cropped/10_Metas/31/14/20191031141600_00160.jpg,datasets_flow/dataset_cropped/10_Metas/31/14/20191031141600_00160.jpg,datasets_cloudmask/dataset_cropped/10_Metas/31/14/20191031141600_00160.png,660.9,862,161.3,28.1,964
10/31/2019 14:17,datasets/dataset_cropped/10_Metas/31/14/20191031141700_00160.jpg,datasets_flow/dataset_cropped/10_Metas/31/14/20191031141700_00160.jpg,datasets_cloudmask/dataset_cropped/10_Metas/31/14/20191031141700_00160.png,662.9,864,163.3,28.1,964
10/31/2019 14:18,datasets/dataset_cropped/10_Metas/31/14/20191031141800_00160.jpg,datasets_flow/dataset_cropped/10_Metas/31/14/20191031141800_00160.jpg,datasets_cloudmask/dataset_cropped/10_Metas/31/14/20191031141800_00160.png,665.2,865,166.5,27.8,964
10/31/2019 14:19,datasets/dataset_cropped/10_Metas/31/14/20191031141900_00160.jpg,datasets_flow/dataset_cropped/10_Metas/31/14/20191031141900_00160.jpg,datasets_cloudmask/dataset_cropped/10_Metas/31/14/20191031141900_00160.png,662,858,168.1,27.7,964
10/31/2019 14:20,datasets/dataset_cropped/10_Metas/31/14/20191031142000_00160.jpg,datasets_flow/dataset_cropped/10_Metas/31/14/20191031142000_00160.jpg,datasets_cloudmask/dataset_cropped/10_Metas/31/14/20191031142000_00160.png,650.1,839,167.7,27.9,964
10/31/2019 14:21,datasets/dataset_cropped/10_Metas/31/14/20191031142100_00160.jpg,datasets_flow/dataset_cropped/10_Metas/31/14/20191031142100_00160.jpg,datasets_cloudmask/dataset_cropped/10_Metas/31/14/20191031142100_00160.png,640.5,824,168,28,964
10/31/2019 14:22,datasets/dataset_cropped/10_Metas/31/14/20191031142200_00160.jpg,datasets_flow/dataset_cropped/10_Metas/31/14/20191031142200_00160.jpg,datasets_cloudmask/dataset_cropped/10_Metas/31/14/20191031142200_00160.png,628.6,802,168.8,27.9,964
10/31/2019 14:23,datasets/dataset_cropped/10_Metas/31/14/20191031142300_00160.jpg,datasets_flow/dataset_cropped/10_Metas/31/14/20191031142300_00160.jpg,datasets_cloudmask/dataset_cropped/10_Metas/31/14/20191031142300_00160.png,633.2,807,171.8,28.1,964
10/31/2019 14:24,datasets/dataset_cropped/10_Metas/31/14/20191031142400_00160.jpg,datasets_flow/dataset_cropped/10_Metas/31/14/20191031142400_00160.jpg,datasets_cloudmask/dataset_cropped/10_Metas/31/14/20191031142400_00160.png,636.8,802,179,28,964
10/31/2019 14:25,datasets/dataset_cropped/10_Metas/31/14/20191031142500_00160.jpg,datasets_flow/dataset_cropped/10_Metas/31/14/20191031142500_00160.jpg,datasets_cloudmask/dataset_cropped/10_Metas/31/14/20191031142500_00160.png,641.5,800,185.2,27.9,964
10/31/2019 14:26,datasets/dataset_cropped/10_Metas/31/14/20191031142600_00160.jpg,datasets_flow/dataset_cropped/10_Metas/31/14/20191031142600_00160.jpg,datasets_cloudmask/dataset_cropped/10_Metas/31/14/20191031142600_00160.png,648.6,802,192.1,27.9,964
10/31/2019 14:27,datasets/dataset_cropped/10_Metas/31/14/20191031142700_00160.jpg,datasets_flow/dataset_cropped/10_Metas/31/14/20191031142700_00160.jpg,datasets_cloudmask/dataset_cropped/10_Metas/31/14/20191031142700_00160.png,649.7,790.6,200.6,27.7,964
10/31/2019 14:28,datasets/dataset_cropped/10_Metas/31/14/20191031142800_00160.jpg,datasets_flow/dataset_cropped/10_Metas/31/14/20191031142800_00160.jpg,datasets_cloudmask/dataset_cropped/10_Metas/31/14/20191031142800_00160.png,659.5,793.6,210.1,27.7,964
10/31/2019 14:29,datasets/dataset_cropped/10_Metas/31/14/20191031142900_00160.jpg,datasets_flow/dataset_cropped/10_Metas/31/14/20191031142900_00160.jpg,datasets_cloudmask/dataset_cropped/10_Metas/31/14/20191031142900_00160.png,671.5,805,216.5,27.8,964
10/31/2019 14:30,datasets/dataset_cropped/10_Metas/31/14/20191031143000_00160.jpg,datasets_flow/dataset_cropped/10_Metas/31/14/20191031143000_00160.jpg,datasets_cloudmask/dataset_cropped/10_Metas/31/14/20191031143000_00160.png,666.3,787.9,221.8,27.8,964
10/31/2019 14:31,datasets/dataset_cropped/10_Metas/31/14/20191031143100_00160.jpg,datasets_flow/dataset_cropped/10_Metas/31/14/20191031143100_00160.jpg,datasets_cloudmask/dataset_cropped/10_Metas/31/14/20191031143100_00160.png,668,780.4,228.5,27.9,964
10/31/2019 14:32,datasets/dataset_cropped/10_Metas/31/14/20191031143200_00160.jpg,datasets_flow/dataset_cropped/10_Metas/31/14/20191031143200_00160.jpg,datasets_cloudmask/dataset_cropped/10_Metas/31/14/20191031143200_00160.png,655.9,736.9,241.5,28,964
10/31/2019 14:33,datasets/dataset_cropped/10_Metas/31/14/20191031143300_00160.jpg,datasets_flow/dataset_cropped/10_Metas/31/14/20191031143300_00160.jpg,datasets_cloudmask/dataset_cropped/10_Metas/31/14/20191031143300_00160.png,699.9,795.2,254.8,27.8,964
10/31/2019 14:34,datasets/dataset_cropped/10_Metas/31/14/20191031143400_00160.jpg,datasets_flow/dataset_cropped/10_Metas/31/14/20191031143400_00160.jpg,datasets_cloudmask/dataset_cropped/10_Metas/31/14/20191031143400_00160.png,687,747.9,268.9,28.1,964
10/31/2019 14:35,datasets/dataset_cropped/10_Metas/31/14/20191031143500_00160.jpg,datasets_flow/dataset_cropped/10_Metas/31/14/20191031143500_00160.jpg,datasets_cloudmask/dataset_cropped/10_Metas/31/14/20191031143500_00160.png,715.6,768.9,286.5,28.4,964
10/31/2019 14:36,datasets/dataset_cropped/10_Metas/31/14/20191031143600_00160.jpg,datasets_flow/dataset_cropped/10_Metas/31/14/20191031143600_00160.jpg,datasets_cloudmask/dataset_cropped/10_Metas/31/14/20191031143600_00160.png,668.4,663.6,299,28.1,964
10/31/2019 14:37,datasets/dataset_cropped/10_Metas/31/14/20191031143700_00160.jpg,datasets_flow/dataset_cropped/10_Metas/31/14/20191031143700_00160.jpg,datasets_cloudmask/dataset_cropped/10_Metas/31/14/20191031143700_00160.png,750.1,791.4,312.7,27.9,964
10/31/2019 14:38,datasets/dataset_cropped/10_Metas/31/14/20191031143800_00160.jpg,datasets_flow/dataset_cropped/10_Metas/31/14/20191031143800_00160.jpg,datasets_cloudmask/dataset_cropped/10_Metas/31/14/20191031143800_00160.png,782.1,826,327.9,27.8,964
10/31/2019 14:39,datasets/dataset_cropped/10_Metas/31/14/20191031143900_00160.jpg,datasets_flow/dataset_cropped/10_Metas/31/14/20191031143900_00160.jpg,datasets_cloudmask/dataset_cropped/10_Metas/31/14/20191031143900_00160.png,784.7,809,341.1,27.7,964
10/31/2019 14:40,datasets/dataset_cropped/10_Metas/31/14/20191031144000_00160.jpg,datasets_flow/dataset_cropped/10_Metas/31/14/20191031144000_00160.jpg,datasets_cloudmask/dataset_cropped/10_Metas/31/14/20191031144000_00160.png,738.2,704.4,353,27.8,964
10/31/2019 14:41,datasets/dataset_cropped/10_Metas/31/14/20191031144100_00160.jpg,datasets_flow/dataset_cropped/10_Metas/31/14/20191031144100_00160.jpg,datasets_cloudmask/dataset_cropped/10_Metas/31/14/20191031144100_00160.png,639,518.9,355.6,27.9,964
10/31/2019 14:42,datasets/dataset_cropped/10_Metas/31/14/20191031144200_00160.jpg,datasets_flow/dataset_cropped/10_Metas/31/14/20191031144200_00160.jpg,datasets_cloudmask/dataset_cropped/10_Metas/31/14/20191031144200_00160.png,732.9,705.5,348.2,28,964
10/31/2019 14:43,datasets/dataset_cropped/10_Metas/31/14/20191031144300_00160.jpg,datasets_flow/dataset_cropped/10_Metas/31/14/20191031144300_00160.jpg,datasets_cloudmask/dataset_cropped/10_Metas/31/14/20191031144300_00160.png,753.9,759.3,341,28,964
10/31/2019 14:44,datasets/dataset_cropped/10_Metas/31/14/20191031144400_00160.jpg,datasets_flow/dataset_cropped/10_Metas/31/14/20191031144400_00160.jpg,datasets_cloudmask/dataset_cropped/10_Metas/31/14/20191031144400_00160.png,712.5,698,335,27.9,964
10/31/2019 14:45,datasets/dataset_cropped/10_Metas/31/14/20191031144500_00160.jpg,datasets_flow/dataset_cropped/10_Metas/31/14/20191031144500_00160.jpg,datasets_cloudmask/dataset_cropped/10_Metas/31/14/20191031144500_00160.png,765.4,814,326.2,27.8,964
10/31/2019 14:46,datasets/dataset_cropped/10_Metas/31/14/20191031144600_00160.jpg,datasets_flow/dataset_cropped/10_Metas/31/14/20191031144600_00160.jpg,datasets_cloudmask/dataset_cropped/10_Metas/31/14/20191031144600_00160.png,738.8,779.8,318.8,27.7,964
10/31/2019 14:47,datasets/dataset_cropped/10_Metas/31/14/20191031144700_00160.jpg,datasets_flow/dataset_cropped/10_Metas/31/14/20191031144700_00160.jpg,datasets_cloudmask/dataset_cropped/10_Metas/31/14/20191031144700_00160.png,618,567.7,311,27.7,964
10/31/2019 14:48,datasets/dataset_cropped/10_Metas/31/14/20191031144800_00160.jpg,datasets_flow/dataset_cropped/10_Metas/31/14/20191031144800_00160.jpg,datasets_cloudmask/dataset_cropped/10_Metas/31/14/20191031144800_00160.png,589.7,535.1,300.7,28,964
10/31/2019 14:49,datasets/dataset_cropped/10_Metas/31/14/20191031144900_00160.jpg,datasets_flow/dataset_cropped/10_Metas/31/14/20191031144900_00160.jpg,datasets_cloudmask/dataset_cropped/10_Metas/31/14/20191031144900_00160.png,673.1,704.2,295.4,28.2,964
10/31/2019 14:50,datasets/dataset_cropped/10_Metas/31/14/20191031145000_00160.jpg,datasets_flow/dataset_cropped/10_Metas/31/14/20191031145000_00160.jpg,datasets_cloudmask/dataset_cropped/10_Metas/31/14/20191031145000_00160.png,584.6,534.3,297.6,28.1,964
10/31/2019 14:51,datasets/dataset_cropped/10_Metas/31/14/20191031145100_00160.jpg,datasets_flow/dataset_cropped/10_Metas/31/14/20191031145100_00160.jpg,datasets_cloudmask/dataset_cropped/10_Metas/31/14/20191031145100_00160.png,620.2,600.6,299.4,28.1,964
10/31/2019 14:52,datasets/dataset_cropped/10_Metas/31/14/20191031145200_00160.jpg,datasets_flow/dataset_cropped/10_Metas/31/14/20191031145200_00160.jpg,datasets_cloudmask/dataset_cropped/10_Metas/31/14/20191031145200_00160.png,673.9,709.4,297.3,27.8,964
10/31/2019 14:53,datasets/dataset_cropped/10_Metas/31/14/20191031145300_00160.jpg,datasets_flow/dataset_cropped/10_Metas/31/14/20191031145300_00160.jpg,datasets_cloudmask/dataset_cropped/10_Metas/31/14/20191031145300_00160.png,543.8,464.3,296.1,27.5,964
10/31/2019 14:54,datasets/dataset_cropped/10_Metas/31/14/20191031145400_00160.jpg,datasets_flow/dataset_cropped/10_Metas/31/14/20191031145400_00160.jpg,datasets_cloudmask/dataset_cropped/10_Metas/31/14/20191031145400_00160.png,397.4,191.5,294,27.4,964
10/31/2019 14:55,datasets/dataset_cropped/10_Metas/31/14/20191031145500_00160.jpg,datasets_flow/dataset_cropped/10_Metas/31/14/20191031145500_00160.jpg,datasets_cloudmask/dataset_cropped/10_Metas/31/14/20191031145500_00160.png,321.5,72.5,281.9,27.3,964
10/31/2019 14:56,datasets/dataset_cropped/10_Metas/31/14/20191031145600_00160.jpg,datasets_flow/dataset_cropped/10_Metas/31/14/20191031145600_00160.jpg,datasets_cloudmask/dataset_cropped/10_Metas/31/14/20191031145600_00160.png,311.2,71.6,272.5,27.2,964
10/31/2019 14:57,datasets/dataset_cropped/10_Metas/31/14/20191031145700_00160.jpg,datasets_flow/dataset_cropped/10_Metas/31/14/20191031145700_00160.jpg,datasets_cloudmask/dataset_cropped/10_Metas/31/14/20191031145700_00160.png,366.7,171.3,274.2,27,964
10/31/2019 14:58,datasets/dataset_cropped/10_Metas/31/14/20191031145800_00160.jpg,datasets_flow/dataset_cropped/10_Metas/31/14/20191031145800_00160.jpg,datasets_cloudmask/dataset_cropped/10_Metas/31/14/20191031145800_00160.png,409.1,235.7,283.1,26.8,964
10/31/2019 14:59,datasets/dataset_cropped/10_Metas/31/14/20191031145900_00160.jpg,datasets_flow/dataset_cropped/10_Metas/31/14/20191031145900_00160.jpg,datasets_cloudmask/dataset_cropped/10_Metas/31/14/20191031145900_00160.png,458.5,337.3,280,26.7,964
10/31/2019 15:00,datasets/dataset_cropped/10_Metas/31/15/20191031150000_00160.jpg,datasets_flow/dataset_cropped/10_Metas/31/15/20191031150000_00160.jpg,datasets_cloudmask/dataset_cropped/10_Metas/31/15/20191031150000_00160.png,671.2,749.1,282.7,26.7,964
10/31/2019 15:01,datasets/dataset_cropped/10_Metas/31/15/20191031150100_00160.jpg,datasets_flow/dataset_cropped/10_Metas/31/15/20191031150100_00160.jpg,datasets_cloudmask/dataset_cropped/10_Metas/31/15/20191031150100_00160.png,543.1,520.6,274.3,26.7,964
10/31/2019 15:02,datasets/dataset_cropped/10_Metas/31/15/20191031150200_00160.jpg,datasets_flow/dataset_cropped/10_Metas/31/15/20191031150200_00160.jpg,datasets_cloudmask/dataset_cropped/10_Metas/31/15/20191031150200_00160.png,483.5,430.4,263.3,26.8,964
10/31/2019 15:03,datasets/dataset_cropped/10_Metas/31/15/20191031150300_00160.jpg,datasets_flow/dataset_cropped/10_Metas/31/15/20191031150300_00160.jpg,datasets_cloudmask/dataset_cropped/10_Metas/31/15/20191031150300_00160.png,511.9,497.9,256.9,27,965
10/31/2019 15:04,datasets/dataset_cropped/10_Metas/31/15/20191031150400_00160.jpg,datasets_flow/dataset_cropped/10_Metas/31/15/20191031150400_00160.jpg,datasets_cloudmask/dataset_cropped/10_Metas/31/15/20191031150400_00160.png,260,25.7,244.6,26.9,964
10/31/2019 15:05,datasets/dataset_cropped/10_Metas/31/15/20191031150500_00160.jpg,datasets_flow/dataset_cropped/10_Metas/31/15/20191031150500_00160.jpg,datasets_cloudmask/dataset_cropped/10_Metas/31/15/20191031150500_00160.png,304,107.5,246.3,26.8,965
10/31/2019 15:06,datasets/dataset_cropped/10_Metas/31/15/20191031150600_00160.jpg,datasets_flow/dataset_cropped/10_Metas/31/15/20191031150600_00160.jpg,datasets_cloudmask/dataset_cropped/10_Metas/31/15/20191031150600_00160.png,294.1,90.3,246.1,26.7,964
10/31/2019 15:07,datasets/dataset_cropped/10_Metas/31/15/20191031150700_00160.jpg,datasets_flow/dataset_cropped/10_Metas/31/15/20191031150700_00160.jpg,datasets_cloudmask/dataset_cropped/10_Metas/31/15/20191031150700_00160.png,253.9,33.6,235,26.6,965
10/31/2019 15:08,datasets/dataset_cropped/10_Metas/31/15/20191031150800_00160.jpg,datasets_flow/dataset_cropped/10_Metas/31/15/20191031150800_00160.jpg,datasets_cloudmask/dataset_cropped/10_Metas/31/15/20191031150800_00160.png,222.4,2.7,219.8,26.8,964
10/31/2019 15:09,datasets/dataset_cropped/10_Metas/31/15/20191031150900_00160.jpg,datasets_flow/dataset_cropped/10_Metas/31/15/20191031150900_00160.jpg,datasets_cloudmask/dataset_cropped/10_Metas/31/15/20191031150900_00160.png,218.3,2.7,215.5,26.9,964
10/31/2019 15:10,datasets/dataset_cropped/10_Metas/31/15/20191031151000_00160.jpg,datasets_flow/dataset_cropped/10_Metas/31/15/20191031151000_00160.jpg,datasets_cloudmask/dataset_cropped/10_Metas/31/15/20191031151000_00160.png,219.1,19.3,207,26.6,965
10/31/2019 15:11,datasets/dataset_cropped/10_Metas/31/15/20191031151100_00160.jpg,datasets_flow/dataset_cropped/10_Metas/31/15/20191031151100_00160.jpg,datasets_cloudmask/dataset_cropped/10_Metas/31/15/20191031151100_00160.png,204,3.7,201,26.5,964
10/31/2019 15:12,datasets/dataset_cropped/10_Metas/31/15/20191031151200_00160.jpg,datasets_flow/dataset_cropped/10_Metas/31/15/20191031151200_00160.jpg,datasets_cloudmask/dataset_cropped/10_Metas/31/15/20191031151200_00160.png,202.9,0.2,202.1,26.6,964
10/31/2019 15:13,datasets/dataset_cropped/10_Metas/31/15/20191031151300_00160.jpg,datasets_flow/dataset_cropped/10_Metas/31/15/20191031151300_00160.jpg,datasets_cloudmask/dataset_cropped/10_Metas/31/15/20191031151300_00160.png,204.9,4.4,201.4,26.5,964
10/31/2019 15:14,datasets/dataset_cropped/10_Metas/31/15/20191031151400_00160.jpg,datasets_flow/dataset_cropped/10_Metas/31/15/20191031151400_00160.jpg,datasets_cloudmask/dataset_cropped/10_Metas/31/15/20191031151400_00160.png,220.3,35,201.5,26.6,964
10/31/2019 15:15,datasets/dataset_cropped/10_Metas/31/15/20191031151500_00160.jpg,datasets_flow/dataset_cropped/10_Metas/31/15/20191031151500_00160.jpg,datasets_cloudmask/dataset_cropped/10_Metas/31/15/20191031151500_00160.png,208,3.7,206,26.5,964
10/31/2019 15:16,datasets/dataset_cropped/10_Metas/31/15/20191031151600_00160.jpg,datasets_flow/dataset_cropped/10_Metas/31/15/20191031151600_00160.jpg,datasets_cloudmask/dataset_cropped/10_Metas/31/15/20191031151600_00160.png,211.5,0,211.2,26.4,964
10/31/2019 15:17,datasets/dataset_cropped/10_Metas/31/15/20191031151700_00160.jpg,datasets_flow/dataset_cropped/10_Metas/31/15/20191031151700_00160.jpg,datasets_cloudmask/dataset_cropped/10_Metas/31/15/20191031151700_00160.png,218.1,0,217.8,26.4,964
10/31/2019 15:18,datasets/dataset_cropped/10_Metas/31/15/20191031151800_00160.jpg,datasets_flow/dataset_cropped/10_Metas/31/15/20191031151800_00160.jpg,datasets_cloudmask/dataset_cropped/10_Metas/31/15/20191031151800_00160.png,221.7,0,221.5,26.5,964
10/31/2019 15:19,datasets/dataset_cropped/10_Metas/31/15/20191031151900_00160.jpg,datasets_flow/dataset_cropped/10_Metas/31/15/20191031151900_00160.jpg,datasets_cloudmask/dataset_cropped/10_Metas/31/15/20191031151900_00160.png,220.3,0,220,26.4,964
10/31/2019 15:20,datasets/dataset_cropped/10_Metas/31/15/20191031152000_00160.jpg,datasets_flow/dataset_cropped/10_Metas/31/15/20191031152000_00160.jpg,datasets_cloudmask/dataset_cropped/10_Metas/31/15/20191031152000_00160.png,219.1,0,218.9,26.4,964
10/31/2019 15:21,datasets/dataset_cropped/10_Metas/31/15/20191031152100_00160.jpg,datasets_flow/dataset_cropped/10_Metas/31/15/20191031152100_00160.jpg,datasets_cloudmask/dataset_cropped/10_Metas/31/15/20191031152100_00160.png,218.3,0,218,26.4,964
10/31/2019 15:22,datasets/dataset_cropped/10_Metas/31/15/20191031152200_00160.jpg,datasets_flow/dataset_cropped/10_Metas/31/15/20191031152200_00160.jpg,datasets_cloudmask/dataset_cropped/10_Metas/31/15/20191031152200_00160.png,220,0,219.8,26.3,964
10/31/2019 15:23,datasets/dataset_cropped/10_Metas/31/15/20191031152300_00160.jpg,datasets_flow/dataset_cropped/10_Metas/31/15/20191031152300_00160.jpg,datasets_cloudmask/dataset_cropped/10_Metas/31/15/20191031152300_00160.png,222.1,0,221.7,26.3,964
10/31/2019 15:24,datasets/dataset_cropped/10_Metas/31/15/20191031152400_00160.jpg,datasets_flow/dataset_cropped/10_Metas/31/15/20191031152400_00160.jpg,datasets_cloudmask/dataset_cropped/10_Metas/31/15/20191031152400_00160.png,222.1,1.5,220.7,26.3,964
10/31/2019 15:25,datasets/dataset_cropped/10_Metas/31/15/20191031152500_00160.jpg,datasets_flow/dataset_cropped/10_Metas/31/15/20191031152500_00160.jpg,datasets_cloudmask/dataset_cropped/10_Metas/31/15/20191031152500_00160.png,223.3,24.4,211.1,26.4,964
10/31/2019 15:26,datasets/dataset_cropped/10_Metas/31/15/20191031152600_00160.jpg,datasets_flow/dataset_cropped/10_Metas/31/15/20191031152600_00160.jpg,datasets_cloudmask/dataset_cropped/10_Metas/31/15/20191031152600_00160.png,206.3,5,204,26.4,965
10/31/2019 15:27,datasets/dataset_cropped/10_Metas/31/15/20191031152700_00160.jpg,datasets_flow/dataset_cropped/10_Metas/31/15/20191031152700_00160.jpg,datasets_cloudmask/dataset_cropped/10_Metas/31/15/20191031152700_00160.png,196.1,0.6,195.9,26.4,964
10/31/2019 15:28,datasets/dataset_cropped/10_Metas/31/15/20191031152800_00160.jpg,datasets_flow/dataset_cropped/10_Metas/31/15/20191031152800_00160.jpg,datasets_cloudmask/dataset_cropped/10_Metas/31/15/20191031152800_00160.png,193.2,0.2,193.2,26.3,964
10/31/2019 15:29,datasets/dataset_cropped/10_Metas/31/15/20191031152900_00160.jpg,datasets_flow/dataset_cropped/10_Metas/31/15/20191031152900_00160.jpg,datasets_cloudmask/dataset_cropped/10_Metas/31/15/20191031152900_00160.png,191.6,0.1,191.4,26.2,964
10/31/2019 15:30,datasets/dataset_cropped/10_Metas/31/15/20191031153000_00160.jpg,datasets_flow/dataset_cropped/10_Metas/31/15/20191031153000_00160.jpg,datasets_cloudmask/dataset_cropped/10_Metas/31/15/20191031153000_00160.png,190.8,0,190.6,26.3,964
10/31/2019 15:31,datasets/dataset_cropped/10_Metas/31/15/20191031153100_00160.jpg,datasets_flow/dataset_cropped/10_Metas/31/15/20191031153100_00160.jpg,datasets_cloudmask/dataset_cropped/10_Metas/31/15/20191031153100_00160.png,186.2,0.2,185.6,26.2,964
10/31/2019 15:32,datasets/dataset_cropped/10_Metas/31/15/20191031153200_00160.jpg,datasets_flow/dataset_cropped/10_Metas/31/15/20191031153200_00160.jpg,datasets_cloudmask/dataset_cropped/10_Metas/31/15/20191031153200_00160.png,180.9,0.3,180.4,26.2,965
10/31/2019 15:33,datasets/dataset_cropped/10_Metas/31/15/20191031153300_00160.jpg,datasets_flow/dataset_cropped/10_Metas/31/15/20191031153300_00160.jpg,datasets_cloudmask/dataset_cropped/10_Metas/31/15/20191031153300_00160.png,180.8,0,180.4,26.3,964
10/31/2019 15:34,datasets/dataset_cropped/10_Metas/31/15/20191031153400_00160.jpg,datasets_flow/dataset_cropped/10_Metas/31/15/20191031153400_00160.jpg,datasets_cloudmask/dataset_cropped/10_Metas/31/15/20191031153400_00160.png,181.7,0,181.4,26.2,965
10/31/2019 15:35,datasets/dataset_cropped/10_Metas/31/15/20191031153500_00160.jpg,datasets_flow/dataset_cropped/10_Metas/31/15/20191031153500_00160.jpg,datasets_cloudmask/dataset_cropped/10_Metas/31/15/20191031153500_00160.png,182.1,0,181.8,26.1,964
10/31/2019 15:36,datasets/dataset_cropped/10_Metas/31/15/20191031153600_00160.jpg,datasets_flow/dataset_cropped/10_Metas/31/15/20191031153600_00160.jpg,datasets_cloudmask/dataset_cropped/10_Metas/31/15/20191031153600_00160.png,181.2,0,181,26.1,965
10/31/2019 15:37,datasets/dataset_cropped/10_Metas/31/15/20191031153700_00160.jpg,datasets_flow/dataset_cropped/10_Metas/31/15/20191031153700_00160.jpg,datasets_cloudmask/dataset_cropped/10_Metas/31/15/20191031153700_00160.png,179.4,0,179.1,26.2,965
10/31/2019 15:38,datasets/dataset_cropped/10_Metas/31/15/20191031153800_00160.jpg,datasets_flow/dataset_cropped/10_Metas/31/15/20191031153800_00160.jpg,datasets_cloudmask/dataset_cropped/10_Metas/31/15/20191031153800_00160.png,177.1,0,176.8,26.1,964
10/31/2019 15:39,datasets/dataset_cropped/10_Metas/31/15/20191031153900_00160.jpg,datasets_flow/dataset_cropped/10_Metas/31/15/20191031153900_00160.jpg,datasets_cloudmask/dataset_cropped/10_Metas/31/15/20191031153900_00160.png,175.4,0,175.1,26.1,964
10/31/2019 15:40,datasets/dataset_cropped/10_Metas/31/15/20191031154000_00160.jpg,datasets_flow/dataset_cropped/10_Metas/31/15/20191031154000_00160.jpg,datasets_cloudmask/dataset_cropped/10_Metas/31/15/20191031154000_00160.png,176.8,0,176.5,26,964
10/31/2019 15:41,datasets/dataset_cropped/10_Metas/31/15/20191031154100_00160.jpg,datasets_flow/dataset_cropped/10_Metas/31/15/20191031154100_00160.jpg,datasets_cloudmask/dataset_cropped/10_Metas/31/15/20191031154100_00160.png,181.9,0,181.6,25.9,964
10/31/2019 15:42,datasets/dataset_cropped/10_Metas/31/15/20191031154200_00160.jpg,datasets_flow/dataset_cropped/10_Metas/31/15/20191031154200_00160.jpg,datasets_cloudmask/dataset_cropped/10_Metas/31/15/20191031154200_00160.png,187.5,0,187.2,25.8,965
10/31/2019 15:43,datasets/dataset_cropped/10_Metas/31/15/20191031154300_00160.jpg,datasets_flow/dataset_cropped/10_Metas/31/15/20191031154300_00160.jpg,datasets_cloudmask/dataset_cropped/10_Metas/31/15/20191031154300_00160.png,192.1,0,191.7,25.9,965
10/31/2019 15:44,datasets/dataset_cropped/10_Metas/31/15/20191031154400_00160.jpg,datasets_flow/dataset_cropped/10_Metas/31/15/20191031154400_00160.jpg,datasets_cloudmask/dataset_cropped/10_Metas/31/15/20191031154400_00160.png,195.8,0,195.4,25.8,964
10/31/2019 15:45,datasets/dataset_cropped/10_Metas/31/15/20191031154500_00160.jpg,datasets_flow/dataset_cropped/10_Metas/31/15/20191031154500_00160.jpg,datasets_cloudmask/dataset_cropped/10_Metas/31/15/20191031154500_00160.png,198.3,0,197.8,25.8,964
10/31/2019 15:46,datasets/dataset_cropped/10_Metas/31/15/20191031154600_00160.jpg,datasets_flow/dataset_cropped/10_Metas/31/15/20191031154600_00160.jpg,datasets_cloudmask/dataset_cropped/10_Metas/31/15/20191031154600_00160.png,198.3,0,197.8,25.9,965
10/31/2019 15:47,datasets/dataset_cropped/10_Metas/31/15/20191031154700_00160.jpg,datasets_flow/dataset_cropped/10_Metas/31/15/20191031154700_00160.jpg,datasets_cloudmask/dataset_cropped/10_Metas/31/15/20191031154700_00160.png,200,0,199.4,25.9,964
10/31/2019 15:48,datasets/dataset_cropped/10_Metas/31/15/20191031154800_00160.jpg,datasets_flow/dataset_cropped/10_Metas/31/15/20191031154800_00160.jpg,datasets_cloudmask/dataset_cropped/10_Metas/31/15/20191031154800_00160.png,202.3,0,201.8,25.9,964
10/31/2019 15:49,datasets/dataset_cropped/10_Metas/31/15/20191031154900_00160.jpg,datasets_flow/dataset_cropped/10_Metas/31/15/20191031154900_00160.jpg,datasets_cloudmask/dataset_cropped/10_Metas/31/15/20191031154900_00160.png,199.7,0.1,199.3,25.8,964
10/31/2019 15:50,datasets/dataset_cropped/10_Metas/31/15/20191031155000_00160.jpg,datasets_flow/dataset_cropped/10_Metas/31/15/20191031155000_00160.jpg,datasets_cloudmask/dataset_cropped/10_Metas/31/15/20191031155000_00160.png,196.9,0.2,196.4,25.7,965
10/31/2019 15:51,datasets/dataset_cropped/10_Metas/31/15/20191031155100_00160.jpg,datasets_flow/dataset_cropped/10_Metas/31/15/20191031155100_00160.jpg,datasets_cloudmask/dataset_cropped/10_Metas/31/15/20191031155100_00160.png,202.2,1,201.2,25.8,964
10/31/2019 15:52,datasets/dataset_cropped/10_Metas/31/15/20191031155200_00160.jpg,datasets_flow/dataset_cropped/10_Metas/31/15/20191031155200_00160.jpg,datasets_cloudmask/dataset_cropped/10_Metas/31/15/20191031155200_00160.png,205.3,11.5,200.2,25.6,964
10/31/2019 15:53,datasets/dataset_cropped/10_Metas/31/15/20191031155300_00160.jpg,datasets_flow/dataset_cropped/10_Metas/31/15/20191031155300_00160.jpg,datasets_cloudmask/dataset_cropped/10_Metas/31/15/20191031155300_00160.png,192.7,16.3,186.2,25.6,965
10/31/2019 15:54,datasets/dataset_cropped/10_Metas/31/15/20191031155400_00160.jpg,datasets_flow/dataset_cropped/10_Metas/31/15/20191031155400_00160.jpg,datasets_cloudmask/dataset_cropped/10_Metas/31/15/20191031155400_00160.png,172.4,5,170.2,25.6,964
10/31/2019 15:55,datasets/dataset_cropped/10_Metas/31/15/20191031155500_00160.jpg,datasets_flow/dataset_cropped/10_Metas/31/15/20191031155500_00160.jpg,datasets_cloudmask/dataset_cropped/10_Metas/31/15/20191031155500_00160.png,161.9,0.9,161.1,25.6,964
10/31/2019 15:56,datasets/dataset_cropped/10_Metas/31/15/20191031155600_00160.jpg,datasets_flow/dataset_cropped/10_Metas/31/15/20191031155600_00160.jpg,datasets_cloudmask/dataset_cropped/10_Metas/31/15/20191031155600_00160.png,160.2,3,158.5,25.6,965
10/31/2019 15:57,datasets/dataset_cropped/10_Metas/31/15/20191031155700_00160.jpg,datasets_flow/dataset_cropped/10_Metas/31/15/20191031155700_00160.jpg,datasets_cloudmask/dataset_cropped/10_Metas/31/15/20191031155700_00160.png,163.2,17.4,156.1,25.6,964
10/31/2019 15:58,datasets/dataset_cropped/10_Metas/31/15/20191031155800_00160.jpg,datasets_flow/dataset_cropped/10_Metas/31/15/20191031155800_00160.jpg,datasets_cloudmask/dataset_cropped/10_Metas/31/15/20191031155800_00160.png,154.8,3.4,152.8,25.6,964
10/31/2019 15:59,datasets/dataset_cropped/10_Metas/31/15/20191031155900_00160.jpg,datasets_flow/dataset_cropped/10_Metas/31/15/20191031155900_00160.jpg,datasets_cloudmask/dataset_cropped/10_Metas/31/15/20191031155900_00160.png,174.1,44.9,154.7,25.6,964
10/31/2019 16:00,datasets/dataset_cropped/10_Metas/31/16/20191031160000_00160.jpg,datasets_flow/dataset_cropped/10_Metas/31/16/20191031160000_00160.jpg,datasets_cloudmask/dataset_cropped/10_Metas/31/16/20191031160000_00160.png,196.8,86.5,162.2,25.6,964
10/31/2019 16:01,datasets/dataset_cropped/10_Metas/31/16/20191031160100_00160.jpg,datasets_flow/dataset_cropped/10_Metas/31/16/20191031160100_00160.jpg,datasets_cloudmask/dataset_cropped/10_Metas/31/16/20191031160100_00160.png,228.1,141,172.8,25.6,964
10/31/2019 16:02,datasets/dataset_cropped/10_Metas/31/16/20191031160200_00160.jpg,datasets_flow/dataset_cropped/10_Metas/31/16/20191031160200_00160.jpg,datasets_cloudmask/dataset_cropped/10_Metas/31/16/20191031160200_00160.png,389,547.3,178.3,25.7,964
10/31/2019 16:03,datasets/dataset_cropped/10_Metas/31/16/20191031160300_00160.jpg,datasets_flow/dataset_cropped/10_Metas/31/16/20191031160300_00160.jpg,datasets_cloudmask/dataset_cropped/10_Metas/31/16/20191031160300_00160.png,430,677.4,172,25.7,965
10/31/2019 16:04,datasets/dataset_cropped/10_Metas/31/16/20191031160400_00160.jpg,datasets_flow/dataset_cropped/10_Metas/31/16/20191031160400_00160.jpg,datasets_cloudmask/dataset_cropped/10_Metas/31/16/20191031160400_00160.png,448.9,743.8,169.1,25.7,964
10/31/2019 16:05,datasets/dataset_cropped/10_Metas/31/16/20191031160500_00160.jpg,datasets_flow/dataset_cropped/10_Metas/31/16/20191031160500_00160.jpg,datasets_cloudmask/dataset_cropped/10_Metas/31/16/20191031160500_00160.png,451.9,770.4,164.7,25.8,964
10/31/2019 16:06,datasets/dataset_cropped/10_Metas/31/16/20191031160600_00160.jpg,datasets_flow/dataset_cropped/10_Metas/31/16/20191031160600_00160.jpg,datasets_cloudmask/dataset_cropped/10_Metas/31/16/20191031160600_00160.png,445.9,777.4,158.5,25.9,964
10/31/2019 16:07,datasets/dataset_cropped/10_Metas/31/16/20191031160700_00160.jpg,datasets_flow/dataset_cropped/10_Metas/31/16/20191031160700_00160.jpg,datasets_cloudmask/dataset_cropped/10_Metas/31/16/20191031160700_00160.png,440.4,777.3,154.9,26.3,964
10/31/2019 16:08,datasets/dataset_cropped/10_Metas/31/16/20191031160800_00160.jpg,datasets_flow/dataset_cropped/10_Metas/31/16/20191031160800_00160.jpg,datasets_cloudmask/dataset_cropped/10_Metas/31/16/20191031160800_00160.png,421.8,731.5,154.9,26.7,964
10/31/2019 16:09,datasets/dataset_cropped/10_Metas/31/16/20191031160900_00160.jpg,datasets_flow/dataset_cropped/10_Metas/31/16/20191031160900_00160.jpg,datasets_cloudmask/dataset_cropped/10_Metas/31/16/20191031160900_00160.png,424.5,743.8,155.1,26.9,964
10/31/2019 16:10,datasets/dataset_cropped/10_Metas/31/16/20191031161000_00160.jpg,datasets_flow/dataset_cropped/10_Metas/31/16/20191031161000_00160.jpg,datasets_cloudmask/dataset_cropped/10_Metas/31/16/20191031161000_00160.png,428.5,769.9,151.3,27.1,964
10/31/2019 16:11,datasets/dataset_cropped/10_Metas/31/16/20191031161100_00160.jpg,datasets_flow/dataset_cropped/10_Metas/31/16/20191031161100_00160.jpg,datasets_cloudmask/dataset_cropped/10_Metas/31/16/20191031161100_00160.png,426.2,766.4,152,27.2,964
10/31/2019 16:12,datasets/dataset_cropped/10_Metas/31/16/20191031161200_00160.jpg,datasets_flow/dataset_cropped/10_Metas/31/16/20191031161200_00160.jpg,datasets_cloudmask/dataset_cropped/10_Metas/31/16/20191031161200_00160.png,425.9,763.7,154.4,27.1,964
10/31/2019 16:13,datasets/dataset_cropped/10_Metas/31/16/20191031161300_00160.jpg,datasets_flow/dataset_cropped/10_Metas/31/16/20191031161300_00160.jpg,datasets_cloudmask/dataset_cropped/10_Metas/31/16/20191031161300_00160.png,413.6,740.6,152.1,27.4,964
10/31/2019 16:14,datasets/dataset_cropped/10_Metas/31/16/20191031161400_00160.jpg,datasets_flow/dataset_cropped/10_Metas/31/16/20191031161400_00160.jpg,datasets_cloudmask/dataset_cropped/10_Metas/31/16/20191031161400_00160.png,401.5,715.6,150.6,27.5,964
10/31/2019 16:15,datasets/dataset_cropped/10_Metas/31/16/20191031161500_00160.jpg,datasets_flow/dataset_cropped/10_Metas/31/16/20191031161500_00160.jpg,datasets_cloudmask/dataset_cropped/10_Metas/31/16/20191031161500_00160.png,390.4,687,151.3,27.3,964
10/31/2019 16:16,datasets/dataset_cropped/10_Metas/31/16/20191031161600_00160.jpg,datasets_flow/dataset_cropped/10_Metas/31/16/20191031161600_00160.jpg,datasets_cloudmask/dataset_cropped/10_Metas/31/16/20191031161600_00160.png,382.3,662.9,152.6,27.5,964
10/31/2019 16:17,datasets/dataset_cropped/10_Metas/31/16/20191031161700_00160.jpg,datasets_flow/dataset_cropped/10_Metas/31/16/20191031161700_00160.jpg,datasets_cloudmask/dataset_cropped/10_Metas/31/16/20191031161700_00160.png,368.2,623.6,153.4,27.6,964
10/31/2019 16:18,datasets/dataset_cropped/10_Metas/31/16/20191031161800_00160.jpg,datasets_flow/dataset_cropped/10_Metas/31/16/20191031161800_00160.jpg,datasets_cloudmask/dataset_cropped/10_Metas/31/16/20191031161800_00160.png,276.8,370.6,150.3,27.5,964
10/31/2019 16:19,datasets/dataset_cropped/10_Metas/31/16/20191031161900_00160.jpg,datasets_flow/dataset_cropped/10_Metas/31/16/20191031161900_00160.jpg,datasets_cloudmask/dataset_cropped/10_Metas/31/16/20191031161900_00160.png,168,66,145.8,27.2,964
10/31/2019 16:20,datasets/dataset_cropped/10_Metas/31/16/20191031162000_00160.jpg,datasets_flow/dataset_cropped/10_Metas/31/16/20191031162000_00160.jpg,datasets_cloudmask/dataset_cropped/10_Metas/31/16/20191031162000_00160.png,181,114.2,141.3,27.1,964
10/31/2019 16:21,datasets/dataset_cropped/10_Metas/31/16/20191031162100_00160.jpg,datasets_flow/dataset_cropped/10_Metas/31/16/20191031162100_00160.jpg,datasets_cloudmask/dataset_cropped/10_Metas/31/16/20191031162100_00160.png,226.3,258.4,139,26.8,964
10/31/2019 16:22,datasets/dataset_cropped/10_Metas/31/16/20191031162200_00160.jpg,datasets_flow/dataset_cropped/10_Metas/31/16/20191031162200_00160.jpg,datasets_cloudmask/dataset_cropped/10_Metas/31/16/20191031162200_00160.png,148.4,33.2,137.3,26.6,964
10/31/2019 16:23,datasets/dataset_cropped/10_Metas/31/16/20191031162300_00160.jpg,datasets_flow/dataset_cropped/10_Metas/31/16/20191031162300_00160.jpg,datasets_cloudmask/dataset_cropped/10_Metas/31/16/20191031162300_00160.png,141.7,19.9,135.3,26.6,964
10/31/2019 16:24,datasets/dataset_cropped/10_Metas/31/16/20191031162400_00160.jpg,datasets_flow/dataset_cropped/10_Metas/31/16/20191031162400_00160.jpg,datasets_cloudmask/dataset_cropped/10_Metas/31/16/20191031162400_00160.png,141.9,24.9,133.4,26.7,964
10/31/2019 16:25,datasets/dataset_cropped/10_Metas/31/16/20191031162500_00160.jpg,datasets_flow/dataset_cropped/10_Metas/31/16/20191031162500_00160.jpg,datasets_cloudmask/dataset_cropped/10_Metas/31/16/20191031162500_00160.png,134.9,8.4,131.3,26.6,964
10/31/2019 16:26,datasets/dataset_cropped/10_Metas/31/16/20191031162600_00160.jpg,datasets_flow/dataset_cropped/10_Metas/31/16/20191031162600_00160.jpg,datasets_cloudmask/dataset_cropped/10_Metas/31/16/20191031162600_00160.png,129,4.8,126.7,26.5,964
10/31/2019 16:27,datasets/dataset_cropped/10_Metas/31/16/20191031162700_00160.jpg,datasets_flow/dataset_cropped/10_Metas/31/16/20191031162700_00160.jpg,datasets_cloudmask/dataset_cropped/10_Metas/31/16/20191031162700_00160.png,126.6,0.6,125.9,26.4,964
10/31/2019 16:28,datasets/dataset_cropped/10_Metas/31/16/20191031162800_00160.jpg,datasets_flow/dataset_cropped/10_Metas/31/16/20191031162800_00160.jpg,datasets_cloudmask/dataset_cropped/10_Metas/31/16/20191031162800_00160.png,129.2,1.2,128.4,26.3,964
10/31/2019 16:29,datasets/dataset_cropped/10_Metas/31/16/20191031162900_00160.jpg,datasets_flow/dataset_cropped/10_Metas/31/16/20191031162900_00160.jpg,datasets_cloudmask/dataset_cropped/10_Metas/31/16/20191031162900_00160.png,134.7,8.8,131.6,26.3,964
10/31/2019 16:30,datasets/dataset_cropped/10_Metas/31/16/20191031163000_00160.jpg,datasets_flow/dataset_cropped/10_Metas/31/16/20191031163000_00160.jpg,datasets_cloudmask/dataset_cropped/10_Metas/31/16/20191031163000_00160.png,132,4.7,130.5,26.2,964
10/31/2019 16:31,datasets/dataset_cropped/10_Metas/31/16/20191031163100_00160.jpg,datasets_flow/dataset_cropped/10_Metas/31/16/20191031163100_00160.jpg,datasets_cloudmask/dataset_cropped/10_Metas/31/16/20191031163100_00160.png,125.6,0.5,125.6,26.2,964
10/31/2019 16:32,datasets/dataset_cropped/10_Metas/31/16/20191031163200_00160.jpg,datasets_flow/dataset_cropped/10_Metas/31/16/20191031163200_00160.jpg,datasets_cloudmask/dataset_cropped/10_Metas/31/16/20191031163200_00160.png,123.5,0,123.7,26.2,964
10/31/2019 16:33,datasets/dataset_cropped/10_Metas/31/16/20191031163300_00160.jpg,datasets_flow/dataset_cropped/10_Metas/31/16/20191031163300_00160.jpg,datasets_cloudmask/dataset_cropped/10_Metas/31/16/20191031163300_00160.png,148,71.5,126,26.2,964
10/31/2019 16:34,datasets/dataset_cropped/10_Metas/31/16/20191031163400_00160.jpg,datasets_flow/dataset_cropped/10_Metas/31/16/20191031163400_00160.jpg,datasets_cloudmask/dataset_cropped/10_Metas/31/16/20191031163400_00160.png,154.6,73.3,132,26.1,964
10/31/2019 16:35,datasets/dataset_cropped/10_Metas/31/16/20191031163500_00160.jpg,datasets_flow/dataset_cropped/10_Metas/31/16/20191031163500_00160.jpg,datasets_cloudmask/dataset_cropped/10_Metas/31/16/20191031163500_00160.png,148.3,52.5,132.4,26.1,964
10/31/2019 16:36,datasets/dataset_cropped/10_Metas/31/16/20191031163600_00160.jpg,datasets_flow/dataset_cropped/10_Metas/31/16/20191031163600_00160.jpg,datasets_cloudmask/dataset_cropped/10_Metas/31/16/20191031163600_00160.png,148.6,63.9,129.9,26.2,964
10/31/2019 16:37,datasets/dataset_cropped/10_Metas/31/16/20191031163700_00160.jpg,datasets_flow/dataset_cropped/10_Metas/31/16/20191031163700_00160.jpg,datasets_cloudmask/dataset_cropped/10_Metas/31/16/20191031163700_00160.png,143.9,44.6,130.7,26.3,964
10/31/2019 16:38,datasets/dataset_cropped/10_Metas/31/16/20191031163800_00160.jpg,datasets_flow/dataset_cropped/10_Metas/31/16/20191031163800_00160.jpg,datasets_cloudmask/dataset_cropped/10_Metas/31/16/20191031163800_00160.png,146,38.4,134.4,26.3,965
10/31/2019 16:39,datasets/dataset_cropped/10_Metas/31/16/20191031163900_00160.jpg,datasets_flow/dataset_cropped/10_Metas/31/16/20191031163900_00160.jpg,datasets_cloudmask/dataset_cropped/10_Metas/31/16/20191031163900_00160.png,150,40.4,137.9,26.3,965
10/31/2019 16:40,datasets/dataset_cropped/10_Metas/31/16/20191031164000_00160.jpg,datasets_flow/dataset_cropped/10_Metas/31/16/20191031164000_00160.jpg,datasets_cloudmask/dataset_cropped/10_Metas/31/16/20191031164000_00160.png,175.6,122.3,140.9,26.3,964
10/31/2019 16:41,datasets/dataset_cropped/10_Metas/31/16/20191031164100_00160.jpg,datasets_flow/dataset_cropped/10_Metas/31/16/20191031164100_00160.jpg,datasets_cloudmask/dataset_cropped/10_Metas/31/16/20191031164100_00160.png,150.2,41.3,138.7,26.2,964
10/31/2019 16:42,datasets/dataset_cropped/10_Metas/31/16/20191031164200_00160.jpg,datasets_flow/dataset_cropped/10_Metas/31/16/20191031164200_00160.jpg,datasets_cloudmask/dataset_cropped/10_Metas/31/16/20191031164200_00160.png,136.9,11.9,133.6,26.3,964
10/31/2019 16:43,datasets/dataset_cropped/10_Metas/31/16/20191031164300_00160.jpg,datasets_flow/dataset_cropped/10_Metas/31/16/20191031164300_00160.jpg,datasets_cloudmask/dataset_cropped/10_Metas/31/16/20191031164300_00160.png,140.4,31.8,131.3,26.4,964
10/31/2019 16:44,datasets/dataset_cropped/10_Metas/31/16/20191031164400_00160.jpg,datasets_flow/dataset_cropped/10_Metas/31/16/20191031164400_00160.jpg,datasets_cloudmask/dataset_cropped/10_Metas/31/16/20191031164400_00160.png,206.7,280,130.3,26.3,964
10/31/2019 16:45,datasets/dataset_cropped/10_Metas/31/16/20191031164500_00160.jpg,datasets_flow/dataset_cropped/10_Metas/31/16/20191031164500_00160.jpg,datasets_cloudmask/dataset_cropped/10_Metas/31/16/20191031164500_00160.png,183.4,192,131.8,26.4,965
10/31/2019 16:46,datasets/dataset_cropped/10_Metas/31/16/20191031164600_00160.jpg,datasets_flow/dataset_cropped/10_Metas/31/16/20191031164600_00160.jpg,datasets_cloudmask/dataset_cropped/10_Metas/31/16/20191031164600_00160.png,147,59.3,131.1,26.5,964
10/31/2019 16:47,datasets/dataset_cropped/10_Metas/31/16/20191031164700_00160.jpg,datasets_flow/dataset_cropped/10_Metas/31/16/20191031164700_00160.jpg,datasets_cloudmask/dataset_cropped/10_Metas/31/16/20191031164700_00160.png,144.6,51.7,130.7,26.6,965
10/31/2019 16:48,datasets/dataset_cropped/10_Metas/31/16/20191031164800_00160.jpg,datasets_flow/dataset_cropped/10_Metas/31/16/20191031164800_00160.jpg,datasets_cloudmask/dataset_cropped/10_Metas/31/16/20191031164800_00160.png,201.2,269.4,130.6,26.6,965
10/31/2019 16:49,datasets/dataset_cropped/10_Metas/31/16/20191031164900_00160.jpg,datasets_flow/dataset_cropped/10_Metas/31/16/20191031164900_00160.jpg,datasets_cloudmask/dataset_cropped/10_Metas/31/16/20191031164900_00160.png,194,241,131.7,26.4,964
10/31/2019 16:50,datasets/dataset_cropped/10_Metas/31/16/20191031165000_00160.jpg,datasets_flow/dataset_cropped/10_Metas/31/16/20191031165000_00160.jpg,datasets_cloudmask/dataset_cropped/10_Metas/31/16/20191031165000_00160.png,136.1,27.2,128.8,26.1,965
10/31/2019 16:51,datasets/dataset_cropped/10_Metas/31/16/20191031165100_00160.jpg,datasets_flow/dataset_cropped/10_Metas/31/16/20191031165100_00160.jpg,datasets_cloudmask/dataset_cropped/10_Metas/31/16/20191031165100_00160.png,144.2,68.8,126.3,26,964
10/31/2019 16:52,datasets/dataset_cropped/10_Metas/31/16/20191031165200_00160.jpg,datasets_flow/dataset_cropped/10_Metas/31/16/20191031165200_00160.jpg,datasets_cloudmask/dataset_cropped/10_Metas/31/16/20191031165200_00160.png,196,289.1,123.8,25.8,964
10/31/2019 16:53,datasets/dataset_cropped/10_Metas/31/16/20191031165300_00160.jpg,datasets_flow/dataset_cropped/10_Metas/31/16/20191031165300_00160.jpg,datasets_cloudmask/dataset_cropped/10_Metas/31/16/20191031165300_00160.png,200.1,323.1,120.7,25.6,964
10/31/2019 16:54,datasets/dataset_cropped/10_Metas/31/16/20191031165400_00160.jpg,datasets_flow/dataset_cropped/10_Metas/31/16/20191031165400_00160.jpg,datasets_cloudmask/dataset_cropped/10_Metas/31/16/20191031165400_00160.png,212.6,395.5,116.6,25.5,964
10/31/2019 16:55,datasets/dataset_cropped/10_Metas/31/16/20191031165500_00160.jpg,datasets_flow/dataset_cropped/10_Metas/31/16/20191031165500_00160.jpg,datasets_cloudmask/dataset_cropped/10_Metas/31/16/20191031165500_00160.png,219.7,439.1,114.4,25.5,965
10/31/2019 16:56,datasets/dataset_cropped/10_Metas/31/16/20191031165600_00160.jpg,datasets_flow/dataset_cropped/10_Metas/31/16/20191031165600_00160.jpg,datasets_cloudmask/dataset_cropped/10_Metas/31/16/20191031165600_00160.png,204.6,388.1,112.8,25.6,964
10/31/2019 16:57,datasets/dataset_cropped/10_Metas/31/16/20191031165700_00160.jpg,datasets_flow/dataset_cropped/10_Metas/31/16/20191031165700_00160.jpg,datasets_cloudmask/dataset_cropped/10_Metas/31/16/20191031165700_00160.png,165.1,232.2,110.1,25.5,965
10/31/2019 16:58,datasets/dataset_cropped/10_Metas/31/16/20191031165800_00160.jpg,datasets_flow/dataset_cropped/10_Metas/31/16/20191031165800_00160.jpg,datasets_cloudmask/dataset_cropped/10_Metas/31/16/20191031165800_00160.png,207.3,429.6,107.5,25.4,964
10/31/2019 16:59,datasets/dataset_cropped/10_Metas/31/16/20191031165900_00160.jpg,datasets_flow/dataset_cropped/10_Metas/31/16/20191031165900_00160.jpg,datasets_cloudmask/dataset_cropped/10_Metas/31/16/20191031165900_00160.png,171.7,298.2,103.3,25.2,965
10/31/2019 17:00,datasets/dataset_cropped/10_Metas/31/17/20191031170000_00160.jpg,datasets_flow/dataset_cropped/10_Metas/31/17/20191031170000_00160.jpg,datasets_cloudmask/dataset_cropped/10_Metas/31/17/20191031170000_00160.png,190.4,397,101.1,25.1,964
10/31/2019 17:01,datasets/dataset_cropped/10_Metas/31/17/20191031170100_00160.jpg,datasets_flow/dataset_cropped/10_Metas/31/17/20191031170100_00160.jpg,datasets_cloudmask/dataset_cropped/10_Metas/31/17/20191031170100_00160.png,177.9,365.6,96.8,25.3,965
10/31/2019 17:02,datasets/dataset_cropped/10_Metas/31/17/20191031170200_00160.jpg,datasets_flow/dataset_cropped/10_Metas/31/17/20191031170200_00160.jpg,datasets_cloudmask/dataset_cropped/10_Metas/31/17/20191031170200_00160.png,168.4,343.9,92.8,25.4,964
10/31/2019 17:03,datasets/dataset_cropped/10_Metas/31/17/20191031170300_00160.jpg,datasets_flow/dataset_cropped/10_Metas/31/17/20191031170300_00160.jpg,datasets_cloudmask/dataset_cropped/10_Metas/31/17/20191031170300_00160.png,179.5,417.5,89.5,25.4,964
10/31/2019 17:04,datasets/dataset_cropped/10_Metas/31/17/20191031170400_00160.jpg,datasets_flow/dataset_cropped/10_Metas/31/17/20191031170400_00160.jpg,datasets_cloudmask/dataset_cropped/10_Metas/31/17/20191031170400_00160.png,168.8,386.5,86.6,25.4,965
10/31/2019 17:05,datasets/dataset_cropped/10_Metas/31/17/20191031170500_00160.jpg,datasets_flow/dataset_cropped/10_Metas/31/17/20191031170500_00160.jpg,datasets_cloudmask/dataset_cropped/10_Metas/31/17/20191031170500_00160.png,158,354.4,83.6,25.4,964
10/31/2019 17:06,datasets/dataset_cropped/10_Metas/31/17/20191031170600_00160.jpg,datasets_flow/dataset_cropped/10_Metas/31/17/20191031170600_00160.jpg,datasets_cloudmask/dataset_cropped/10_Metas/31/17/20191031170600_00160.png,153.7,357.8,79.6,25.4,964
10/31/2019 17:07,datasets/dataset_cropped/10_Metas/31/17/20191031170700_00160.jpg,datasets_flow/dataset_cropped/10_Metas/31/17/20191031170700_00160.jpg,datasets_cloudmask/dataset_cropped/10_Metas/31/17/20191031170700_00160.png,146.3,336.4,77.8,25.5,964
10/31/2019 17:08,datasets/dataset_cropped/10_Metas/31/17/20191031170800_00160.jpg,datasets_flow/dataset_cropped/10_Metas/31/17/20191031170800_00160.jpg,datasets_cloudmask/dataset_cropped/10_Metas/31/17/20191031170800_00160.png,121.8,220.2,77.3,25.5,964
10/31/2019 17:09,datasets/dataset_cropped/10_Metas/31/17/20191031170900_00160.jpg,datasets_flow/dataset_cropped/10_Metas/31/17/20191031170900_00160.jpg,datasets_cloudmask/dataset_cropped/10_Metas/31/17/20191031170900_00160.png,102.9,138,75.3,25.4,964
10/31/2019 17:10,datasets/dataset_cropped/10_Metas/31/17/20191031171000_00160.jpg,datasets_flow/dataset_cropped/10_Metas/31/17/20191031171000_00160.jpg,datasets_cloudmask/dataset_cropped/10_Metas/31/17/20191031171000_00160.png,92.2,87.2,74.9,25.3,964
10/31/2019 17:11,datasets/dataset_cropped/10_Metas/31/17/20191031171100_00160.jpg,datasets_flow/dataset_cropped/10_Metas/31/17/20191031171100_00160.jpg,datasets_cloudmask/dataset_cropped/10_Metas/31/17/20191031171100_00160.png,99.4,124.2,75.3,25.3,964
10/31/2019 17:12,datasets/dataset_cropped/10_Metas/31/17/20191031171200_00160.jpg,datasets_flow/dataset_cropped/10_Metas/31/17/20191031171200_00160.jpg,datasets_cloudmask/dataset_cropped/10_Metas/31/17/20191031171200_00160.png,94.1,104.1,74.1,25.2,964
10/31/2019 17:13,datasets/dataset_cropped/10_Metas/31/17/20191031171300_00160.jpg,datasets_flow/dataset_cropped/10_Metas/31/17/20191031171300_00160.jpg,datasets_cloudmask/dataset_cropped/10_Metas/31/17/20191031171300_00160.png,94.2,121.5,71.3,25.2,964
10/31/2019 17:14,datasets/dataset_cropped/10_Metas/31/17/20191031171400_00160.jpg,datasets_flow/dataset_cropped/10_Metas/31/17/20191031171400_00160.jpg,datasets_cloudmask/dataset_cropped/10_Metas/31/17/20191031171400_00160.png,108.1,208.5,69.7,25.1,964
10/31/2019 17:15,datasets/dataset_cropped/10_Metas/31/17/20191031171500_00160.jpg,datasets_flow/dataset_cropped/10_Metas/31/17/20191031171500_00160.jpg,datasets_cloudmask/dataset_cropped/10_Metas/31/17/20191031171500_00160.png,93.7,134.2,69,25.1,964
10/31/2019 17:16,datasets/dataset_cropped/10_Metas/31/17/20191031171600_00160.jpg,datasets_flow/dataset_cropped/10_Metas/31/17/20191031171600_00160.jpg,datasets_cloudmask/dataset_cropped/10_Metas/31/17/20191031171600_00160.png,82,82.1,67,25.1,964
10/31/2019 17:17,datasets/dataset_cropped/10_Metas/31/17/20191031171700_00160.jpg,datasets_flow/dataset_cropped/10_Metas/31/17/20191031171700_00160.jpg,datasets_cloudmask/dataset_cropped/10_Metas/31/17/20191031171700_00160.png,68.4,19.3,64.5,25,965
10/31/2019 17:18,datasets/dataset_cropped/10_Metas/31/17/20191031171800_00160.jpg,datasets_flow/dataset_cropped/10_Metas/31/17/20191031171800_00160.jpg,datasets_cloudmask/dataset_cropped/10_Metas/31/17/20191031171800_00160.png,64.8,11.2,62.5,25,964
10/31/2019 17:19,datasets/dataset_cropped/10_Metas/31/17/20191031171900_00160.jpg,datasets_flow/dataset_cropped/10_Metas/31/17/20191031171900_00160.jpg,datasets_cloudmask/dataset_cropped/10_Metas/31/17/20191031171900_00160.png,65.3,18.9,61.7,24.9,964
10/31/2019 17:20,datasets/dataset_cropped/10_Metas/31/17/20191031172000_00160.jpg,datasets_flow/dataset_cropped/10_Metas/31/17/20191031172000_00160.jpg,datasets_cloudmask/dataset_cropped/10_Metas/31/17/20191031172000_00160.png,69.6,42,62.3,24.8,965
10/31/2019 17:21,datasets/dataset_cropped/10_Metas/31/17/20191031172100_00160.jpg,datasets_flow/dataset_cropped/10_Metas/31/17/20191031172100_00160.jpg,datasets_cloudmask/dataset_cropped/10_Metas/31/17/20191031172100_00160.png,66.1,22,62.2,24.8,964
10/31/2019 17:22,datasets/dataset_cropped/10_Metas/31/17/20191031172200_00160.jpg,datasets_flow/dataset_cropped/10_Metas/31/17/20191031172200_00160.jpg,datasets_cloudmask/dataset_cropped/10_Metas/31/17/20191031172200_00160.png,63.9,9.9,62,24.7,965
10/31/2019 17:23,datasets/dataset_cropped/10_Metas/31/17/20191031172300_00160.jpg,datasets_flow/dataset_cropped/10_Metas/31/17/20191031172300_00160.jpg,datasets_cloudmask/dataset_cropped/10_Metas/31/17/20191031172300_00160.png,63.5,7,62.1,24.7,965
10/31/2019 17:24,datasets/dataset_cropped/10_Metas/31/17/20191031172400_00160.jpg,datasets_flow/dataset_cropped/10_Metas/31/17/20191031172400_00160.jpg,datasets_cloudmask/dataset_cropped/10_Metas/31/17/20191031172400_00160.png,61.9,5.2,60.9,24.7,965
10/31/2019 17:25,datasets/dataset_cropped/10_Metas/31/17/20191031172500_00160.jpg,datasets_flow/dataset_cropped/10_Metas/31/17/20191031172500_00160.jpg,datasets_cloudmask/dataset_cropped/10_Metas/31/17/20191031172500_00160.png,59,3.9,58.2,24.6,965
10/31/2019 17:26,datasets/dataset_cropped/10_Metas/31/17/20191031172600_00160.jpg,datasets_flow/dataset_cropped/10_Metas/31/17/20191031172600_00160.jpg,datasets_cloudmask/dataset_cropped/10_Metas/31/17/20191031172600_00160.png,56.2,3,55.7,24.6,965
10/31/2019 17:27,datasets/dataset_cropped/10_Metas/31/17/20191031172700_00160.jpg,datasets_flow/dataset_cropped/10_Metas/31/17/20191031172700_00160.jpg,datasets_cloudmask/dataset_cropped/10_Metas/31/17/20191031172700_00160.png,54.7,1.6,54.4,24.6,965
10/31/2019 17:28,datasets/dataset_cropped/10_Metas/31/17/20191031172800_00160.jpg,datasets_flow/dataset_cropped/10_Metas/31/17/20191031172800_00160.jpg,datasets_cloudmask/dataset_cropped/10_Metas/31/17/20191031172800_00160.png,52.8,0.3,52.8,24.6,965
10/31/2019 17:29,datasets/dataset_cropped/10_Metas/31/17/20191031172900_00160.jpg,datasets_flow/dataset_cropped/10_Metas/31/17/20191031172900_00160.jpg,datasets_cloudmask/dataset_cropped/10_Metas/31/17/20191031172900_00160.png,50,0,50,24.6,965
10/31/2019 17:30,datasets/dataset_cropped/10_Metas/31/17/20191031173000_00160.jpg,datasets_flow/dataset_cropped/10_Metas/31/17/20191031173000_00160.jpg,datasets_cloudmask/dataset_cropped/10_Metas/31/17/20191031173000_00160.png,47.8,0,47.8,24.5,965
10/31/2019 17:31,datasets/dataset_cropped/10_Metas/31/17/20191031173100_00160.jpg,datasets_flow/dataset_cropped/10_Metas/31/17/20191031173100_00160.jpg,datasets_cloudmask/dataset_cropped/10_Metas/31/17/20191031173100_00160.png,46.4,0,46.5,24.5,965
10/31/2019 17:32,datasets/dataset_cropped/10_Metas/31/17/20191031173200_00160.jpg,datasets_flow/dataset_cropped/10_Metas/31/17/20191031173200_00160.jpg,datasets_cloudmask/dataset_cropped/10_Metas/31/17/20191031173200_00160.png,45.1,0,45.2,24.4,965
10/31/2019 17:33,datasets/dataset_cropped/10_Metas/31/17/20191031173300_00160.jpg,datasets_flow/dataset_cropped/10_Metas/31/17/20191031173300_00160.jpg,datasets_cloudmask/dataset_cropped/10_Metas/31/17/20191031173300_00160.png,44.3,0,44.3,24.4,965
10/31/2019 17:34,datasets/dataset_cropped/10_Metas/31/17/20191031173400_00160.jpg,datasets_flow/dataset_cropped/10_Metas/31/17/20191031173400_00160.jpg,datasets_cloudmask/dataset_cropped/10_Metas/31/17/20191031173400_00160.png,43.2,0,43.3,24.4,965
10/31/2019 17:35,datasets/dataset_cropped/10_Metas/31/17/20191031173500_00160.jpg,datasets_flow/dataset_cropped/10_Metas/31/17/20191031173500_00160.jpg,datasets_cloudmask/dataset_cropped/10_Metas/31/17/20191031173500_00160.png,42.1,0,42.2,24.4,965
10/31/2019 17:36,datasets/dataset_cropped/10_Metas/31/17/20191031173600_00160.jpg,datasets_flow/dataset_cropped/10_Metas/31/17/20191031173600_00160.jpg,datasets_cloudmask/dataset_cropped/10_Metas/31/17/20191031173600_00160.png,41,0,41.1,24.4,965
10/31/2019 17:37,datasets/dataset_cropped/10_Metas/31/17/20191031173700_00160.jpg,datasets_flow/dataset_cropped/10_Metas/31/17/20191031173700_00160.jpg,datasets_cloudmask/dataset_cropped/10_Metas/31/17/20191031173700_00160.png,40.2,0,40.2,24.3,965
10/31/2019 17:38,datasets/dataset_cropped/10_Metas/31/17/20191031173800_00160.jpg,datasets_flow/dataset_cropped/10_Metas/31/17/20191031173800_00160.jpg,datasets_cloudmask/dataset_cropped/10_Metas/31/17/20191031173800_00160.png,39.4,0,39.4,24.3,965
10/31/2019 17:39,datasets/dataset_cropped/10_Metas/31/17/20191031173900_00160.jpg,datasets_flow/dataset_cropped/10_Metas/31/17/20191031173900_00160.jpg,datasets_cloudmask/dataset_cropped/10_Metas/31/17/20191031173900_00160.png,38.6,0.6,38.5,24.3,965
10/31/2019 17:40,datasets/dataset_cropped/10_Metas/31/17/20191031174000_00160.jpg,datasets_flow/dataset_cropped/10_Metas/31/17/20191031174000_00160.jpg,datasets_cloudmask/dataset_cropped/10_Metas/31/17/20191031174000_00160.png,38,1.8,37.8,24.3,965
10/31/2019 17:41,datasets/dataset_cropped/10_Metas/31/17/20191031174100_00160.jpg,datasets_flow/dataset_cropped/10_Metas/31/17/20191031174100_00160.jpg,datasets_cloudmask/dataset_cropped/10_Metas/31/17/20191031174100_00160.png,36.9,3.2,36.6,24.2,965
10/31/2019 17:42,datasets/dataset_cropped/10_Metas/31/17/20191031174200_00160.jpg,datasets_flow/dataset_cropped/10_Metas/31/17/20191031174200_00160.jpg,datasets_cloudmask/dataset_cropped/10_Metas/31/17/20191031174200_00160.png,36,4.2,35.5,24.2,965
10/31/2019 17:43,datasets/dataset_cropped/10_Metas/31/17/20191031174300_00160.jpg,datasets_flow/dataset_cropped/10_Metas/31/17/20191031174300_00160.jpg,datasets_cloudmask/dataset_cropped/10_Metas/31/17/20191031174300_00160.png,35.1,5.4,34.7,24.1,965
10/31/2019 17:44,datasets/dataset_cropped/10_Metas/31/17/20191031174400_00160.jpg,datasets_flow/dataset_cropped/10_Metas/31/17/20191031174400_00160.jpg,datasets_cloudmask/dataset_cropped/10_Metas/31/17/20191031174400_00160.png,33.8,4.8,33.4,24.1,965
10/31/2019 17:45,datasets/dataset_cropped/10_Metas/31/17/20191031174500_00160.jpg,datasets_flow/dataset_cropped/10_Metas/31/17/20191031174500_00160.jpg,datasets_cloudmask/dataset_cropped/10_Metas/31/17/20191031174500_00160.png,32.4,4.5,32.1,24.1,965
10/31/2019 17:46,datasets/dataset_cropped/10_Metas/31/17/20191031174600_00160.jpg,datasets_flow/dataset_cropped/10_Metas/31/17/20191031174600_00160.jpg,datasets_cloudmask/dataset_cropped/10_Metas/31/17/20191031174600_00160.png,31.5,5.5,31.2,24,965
10/31/2019 17:47,datasets/dataset_cropped/10_Metas/31/17/20191031174700_00160.jpg,datasets_flow/dataset_cropped/10_Metas/31/17/20191031174700_00160.jpg,datasets_cloudmask/dataset_cropped/10_Metas/31/17/20191031174700_00160.png,31,8.8,30.5,24,965
10/31/2019 17:48,datasets/dataset_cropped/10_Metas/31/17/20191031174800_00160.jpg,datasets_flow/dataset_cropped/10_Metas/31/17/20191031174800_00160.jpg,datasets_cloudmask/dataset_cropped/10_Metas/31/17/20191031174800_00160.png,30.1,11.6,29.4,24.1,965
10/31/2019 17:49,datasets/dataset_cropped/10_Metas/31/17/20191031174900_00160.jpg,datasets_flow/dataset_cropped/10_Metas/31/17/20191031174900_00160.jpg,datasets_cloudmask/dataset_cropped/10_Metas/31/17/20191031174900_00160.png,29,12.6,28.1,24.1,965
10/31/2019 17:50,datasets/dataset_cropped/10_Metas/31/17/20191031175000_00160.jpg,datasets_flow/dataset_cropped/10_Metas/31/17/20191031175000_00160.jpg,datasets_cloudmask/dataset_cropped/10_Metas/31/17/20191031175000_00160.png,28,15.6,26.9,24.2,965
10/31/2019 17:51,datasets/dataset_cropped/10_Metas/31/17/20191031175100_00160.jpg,datasets_flow/dataset_cropped/10_Metas/31/17/20191031175100_00160.jpg,datasets_cloudmask/dataset_cropped/10_Metas/31/17/20191031175100_00160.png,27.6,22.1,26.1,24.2,965
10/31/2019 17:52,datasets/dataset_cropped/10_Metas/31/17/20191031175200_00160.jpg,datasets_flow/dataset_cropped/10_Metas/31/17/20191031175200_00160.jpg,datasets_cloudmask/dataset_cropped/10_Metas/31/17/20191031175200_00160.png,27.2,28.4,25.3,24.2,965
10/31/2019 17:53,datasets/dataset_cropped/10_Metas/31/17/20191031175300_00160.jpg,datasets_flow/dataset_cropped/10_Metas/31/17/20191031175300_00160.jpg,datasets_cloudmask/dataset_cropped/10_Metas/31/17/20191031175300_00160.png,26.9,37.7,24.5,24.2,965
10/31/2019 17:54,datasets/dataset_cropped/10_Metas/31/17/20191031175400_00160.jpg,datasets_flow/dataset_cropped/10_Metas/31/17/20191031175400_00160.jpg,datasets_cloudmask/dataset_cropped/10_Metas/31/17/20191031175400_00160.png,27.4,61.8,23.9,24.2,965
10/31/2019 17:55,datasets/dataset_cropped/10_Metas/31/17/20191031175500_00160.jpg,datasets_flow/dataset_cropped/10_Metas/31/17/20191031175500_00160.jpg,datasets_cloudmask/dataset_cropped/10_Metas/31/17/20191031175500_00160.png,28.5,97.5,23.2,24.1,965
10/31/2019 17:56,datasets/dataset_cropped/10_Metas/31/17/20191031175600_00160.jpg,datasets_flow/dataset_cropped/10_Metas/31/17/20191031175600_00160.jpg,datasets_cloudmask/dataset_cropped/10_Metas/31/17/20191031175600_00160.png,29,125.2,22.6,24.1,965
10/31/2019 17:57,datasets/dataset_cropped/10_Metas/31/17/20191031175700_00160.jpg,datasets_flow/dataset_cropped/10_Metas/31/17/20191031175700_00160.jpg,datasets_cloudmask/dataset_cropped/10_Metas/31/17/20191031175700_00160.png,28.9,145.9,21.8,24.2,965
10/31/2019 17:58,datasets/dataset_cropped/10_Metas/31/17/20191031175800_00160.jpg,datasets_flow/dataset_cropped/10_Metas/31/17/20191031175800_00160.jpg,datasets_cloudmask/dataset_cropped/10_Metas/31/17/20191031175800_00160.png,26.5,126.9,20.7,24.1,965
10/31/2019 17:59,datasets/dataset_cropped/10_Metas/31/17/20191031175900_00160.jpg,datasets_flow/dataset_cropped/10_Metas/31/17/20191031175900_00160.jpg,datasets_cloudmask/dataset_cropped/10_Metas/31/17/20191031175900_00160.png,22.1,58.6,19.5,24.2,965
10/31/2019 18:00,datasets/dataset_cropped/10_Metas/31/18/20191031180000_00160.jpg,datasets_flow/dataset_cropped/10_Metas/31/18/20191031180000_00160.jpg,datasets_cloudmask/dataset_cropped/10_Metas/31/18/20191031180000_00160.png,18.7,9.9,18.4,24.3,965
10/31/2019 18:01,datasets/dataset_cropped/10_Metas/31/18/20191031180100_00160.jpg,datasets_flow/dataset_cropped/10_Metas/31/18/20191031180100_00160.jpg,datasets_cloudmask/dataset_cropped/10_Metas/31/18/20191031180100_00160.png,17.4,5.8,17.2,24.3,965
10/31/2019 18:02,datasets/dataset_cropped/10_Metas/31/18/20191031180200_00160.jpg,datasets_flow/dataset_cropped/10_Metas/31/18/20191031180200_00160.jpg,datasets_cloudmask/dataset_cropped/10_Metas/31/18/20191031180200_00160.png,16.3,4.2,16.2,24.3,965
10/31/2019 18:03,datasets/dataset_cropped/10_Metas/31/18/20191031180300_00160.jpg,datasets_flow/dataset_cropped/10_Metas/31/18/20191031180300_00160.jpg,datasets_cloudmask/dataset_cropped/10_Metas/31/18/20191031180300_00160.png,15,2.9,14.9,24.3,965
10/31/2019 18:04,datasets/dataset_cropped/10_Metas/31/18/20191031180400_00160.jpg,datasets_flow/dataset_cropped/10_Metas/31/18/20191031180400_00160.jpg,datasets_cloudmask/dataset_cropped/10_Metas/31/18/20191031180400_00160.png,13.5,2.1,13.4,24.3,965
10/31/2019 18:05,datasets/dataset_cropped/10_Metas/31/18/20191031180500_00160.jpg,datasets_flow/dataset_cropped/10_Metas/31/18/20191031180500_00160.jpg,datasets_cloudmask/dataset_cropped/10_Metas/31/18/20191031180500_00160.png,12,1.6,12,24.3,965
10/31/2019 18:06,datasets/dataset_cropped/10_Metas/31/18/20191031180600_00160.jpg,datasets_flow/dataset_cropped/10_Metas/31/18/20191031180600_00160.jpg,datasets_cloudmask/dataset_cropped/10_Metas/31/18/20191031180600_00160.png,10.7,1.3,10.7,24.3,965
10/31/2019 18:07,datasets/dataset_cropped/10_Metas/31/18/20191031180700_00160.jpg,datasets_flow/dataset_cropped/10_Metas/31/18/20191031180700_00160.jpg,datasets_cloudmask/dataset_cropped/10_Metas/31/18/20191031180700_00160.png,9.4,1,9.4,24.3,965
10/31/2019 18:08,datasets/dataset_cropped/10_Metas/31/18/20191031180800_00160.jpg,datasets_flow/dataset_cropped/10_Metas/31/18/20191031180800_00160.jpg,datasets_cloudmask/dataset_cropped/10_Metas/31/18/20191031180800_00160.png,8.1,0.7,8.2,24.5,965
10/31/2019 18:09,datasets/dataset_cropped/10_Metas/31/18/20191031180900_00160.jpg,datasets_flow/dataset_cropped/10_Metas/31/18/20191031180900_00160.jpg,datasets_cloudmask/dataset_cropped/10_Metas/31/18/20191031180900_00160.png,6.4,0.5,6.5,24.6,965
10/31/2019 18:10,datasets/dataset_cropped/10_Metas/31/18/20191031181000_00160.jpg,datasets_flow/dataset_cropped/10_Metas/31/18/20191031181000_00160.jpg,datasets_cloudmask/dataset_cropped/10_Metas/31/18/20191031181000_00160.png,4.7,0.3,4.8,24.6,965
10/31/2019 18:11,datasets/dataset_cropped/10_Metas/31/18/20191031181100_00160.jpg,datasets_flow/dataset_cropped/10_Metas/31/18/20191031181100_00160.jpg,datasets_cloudmask/dataset_cropped/10_Metas/31/18/20191031181100_00160.png,3.4,0.2,3.4,24.6,965
